week,meanRt,lowerRt,upperRt,totalIterations,runTime,reportedWeeklyI,weeklyI,trueR
1,NaN,NaN,NaN,NaN,NaN,NaN,NaN,NaN
2,NaN,NaN,NaN,NaN,NaN,NaN,NaN,NaN
3,NaN,NaN,NaN,NaN,NaN,NaN,NaN,NaN
4,NaN,NaN,NaN,NaN,NaN,NaN,NaN,NaN
5,NaN,NaN,NaN,NaN,NaN,NaN,NaN,NaN
6,NaN,NaN,NaN,NaN,NaN,NaN,NaN,NaN
7,NaN,NaN,NaN,NaN,NaN,NaN,NaN,NaN
8,NaN,NaN,NaN,NaN,NaN,NaN,NaN,NaN
9,NaN,NaN,NaN,NaN,NaN,NaN,NaN,NaN
10,NaN,NaN,NaN,NaN,NaN,NaN,NaN,NaN
11,NaN,NaN,NaN,NaN,NaN,NaN,NaN,NaN
1,NaN,NaN,NaN,NaN,NaN,NaN,NaN,NaN
2,NaN,NaN,NaN,NaN,NaN,NaN,NaN,NaN
3,NaN,NaN,NaN,NaN,NaN,NaN,NaN,NaN
4,NaN,NaN,NaN,NaN,NaN,NaN,NaN,NaN
5,NaN,NaN,NaN,NaN,NaN,NaN,NaN,NaN
6,NaN,NaN,NaN,NaN,NaN,NaN,NaN,NaN
7,NaN,NaN,NaN,NaN,NaN,NaN,NaN,NaN
8,NaN,NaN,NaN,NaN,NaN,NaN,NaN,NaN
9,NaN,NaN,NaN,NaN,NaN,NaN,NaN,NaN
10,NaN,NaN,NaN,NaN,NaN,NaN,NaN,NaN
11,NaN,NaN,NaN,NaN,NaN,NaN,NaN,NaN
1,NaN,NaN,NaN,NaN,NaN,NaN,NaN,NaN
2,NaN,NaN,NaN,NaN,NaN,NaN,NaN,NaN
3,NaN,NaN,NaN,NaN,NaN,NaN,NaN,NaN
4,NaN,NaN,NaN,NaN,NaN,NaN,NaN,NaN
5,NaN,NaN,NaN,NaN,NaN,NaN,NaN,NaN
6,NaN,NaN,NaN,NaN,NaN,NaN,NaN,NaN
7,NaN,NaN,NaN,NaN,NaN,NaN,NaN,NaN
8,NaN,NaN,NaN,NaN,NaN,NaN,NaN,NaN
9,NaN,NaN,NaN,NaN,NaN,NaN,NaN,NaN
10,NaN,NaN,NaN,NaN,NaN,NaN,NaN,NaN
11,NaN,NaN,NaN,NaN,NaN,NaN,NaN,NaN
1,NaN,NaN,NaN,NaN,NaN,NaN,NaN,NaN
2,NaN,NaN,NaN,NaN,NaN,NaN,NaN,NaN
3,NaN,NaN,NaN,NaN,NaN,NaN,NaN,NaN
4,NaN,NaN,NaN,NaN,NaN,NaN,NaN,NaN
5,NaN,NaN,NaN,NaN,NaN,NaN,NaN,NaN
6,NaN,NaN,NaN,NaN,NaN,NaN,NaN,NaN
7,NaN,NaN,NaN,NaN,NaN,NaN,NaN,NaN
8,NaN,NaN,NaN,NaN,NaN,NaN,NaN,NaN
9,NaN,NaN,NaN,NaN,NaN,NaN,NaN,NaN
10,NaN,NaN,NaN,NaN,NaN,NaN,NaN,NaN
11,NaN,NaN,NaN,NaN,NaN,NaN,NaN,NaN
1,NaN,NaN,NaN,NaN,NaN,NaN,NaN,NaN
2,NaN,NaN,NaN,NaN,NaN,NaN,NaN,NaN
3,NaN,NaN,NaN,NaN,NaN,NaN,NaN,NaN
4,NaN,NaN,NaN,NaN,NaN,NaN,NaN,NaN
5,NaN,NaN,NaN,NaN,NaN,NaN,NaN,NaN
6,NaN,NaN,NaN,NaN,NaN,NaN,NaN,NaN
7,NaN,NaN,NaN,NaN,NaN,NaN,NaN,NaN
8,NaN,NaN,NaN,NaN,NaN,NaN,NaN,NaN
9,NaN,NaN,NaN,NaN,NaN,NaN,NaN,NaN
10,NaN,NaN,NaN,NaN,NaN,NaN,NaN,NaN
11,NaN,NaN,NaN,NaN,NaN,NaN,NaN,NaN
1,NaN,NaN,NaN,NaN,NaN,NaN,NaN,NaN
2,NaN,NaN,NaN,NaN,NaN,NaN,NaN,NaN
3,NaN,NaN,NaN,NaN,NaN,NaN,NaN,NaN
4,NaN,NaN,NaN,NaN,NaN,NaN,NaN,NaN
5,NaN,NaN,NaN,NaN,NaN,NaN,NaN,NaN
6,NaN,NaN,NaN,NaN,NaN,NaN,NaN,NaN
7,NaN,NaN,NaN,NaN,NaN,NaN,NaN,NaN
8,NaN,NaN,NaN,NaN,NaN,NaN,NaN,NaN
9,NaN,NaN,NaN,NaN,NaN,NaN,NaN,NaN
10,NaN,NaN,NaN,NaN,NaN,NaN,NaN,NaN
11,NaN,NaN,NaN,NaN,NaN,NaN,NaN,NaN
1,NaN,NaN,NaN,NaN,NaN,NaN,NaN,NaN
2,NaN,NaN,NaN,NaN,NaN,NaN,NaN,NaN
3,NaN,NaN,NaN,NaN,NaN,NaN,NaN,NaN
4,NaN,NaN,NaN,NaN,NaN,NaN,NaN,NaN
5,NaN,NaN,NaN,NaN,NaN,NaN,NaN,NaN
6,NaN,NaN,NaN,NaN,NaN,NaN,NaN,NaN
7,NaN,NaN,NaN,NaN,NaN,NaN,NaN,NaN
8,NaN,NaN,NaN,NaN,NaN,NaN,NaN,NaN
9,NaN,NaN,NaN,NaN,NaN,NaN,NaN,NaN
10,NaN,NaN,NaN,NaN,NaN,NaN,NaN,NaN
11,NaN,NaN,NaN,NaN,NaN,NaN,NaN,NaN
1,NaN,NaN,NaN,NaN,NaN,NaN,NaN,NaN
2,NaN,NaN,NaN,NaN,NaN,NaN,NaN,NaN
3,NaN,NaN,NaN,NaN,NaN,NaN,NaN,NaN
4,NaN,NaN,NaN,NaN,NaN,NaN,NaN,NaN
5,NaN,NaN,NaN,NaN,NaN,NaN,NaN,NaN
6,NaN,NaN,NaN,NaN,NaN,NaN,NaN,NaN
7,NaN,NaN,NaN,NaN,NaN,NaN,NaN,NaN
8,NaN,NaN,NaN,NaN,NaN,NaN,NaN,NaN
9,NaN,NaN,NaN,NaN,NaN,NaN,NaN,NaN
10,NaN,NaN,NaN,NaN,NaN,NaN,NaN,NaN
11,NaN,NaN,NaN,NaN,NaN,NaN,NaN,NaN
1,NaN,NaN,NaN,NaN,NaN,NaN,NaN,NaN
2,NaN,NaN,NaN,NaN,NaN,NaN,NaN,NaN
3,NaN,NaN,NaN,NaN,NaN,NaN,NaN,NaN
4,NaN,NaN,NaN,NaN,NaN,NaN,NaN,NaN
5,NaN,NaN,NaN,NaN,NaN,NaN,NaN,NaN
6,NaN,NaN,NaN,NaN,NaN,NaN,NaN,NaN
7,NaN,NaN,NaN,NaN,NaN,NaN,NaN,NaN
8,NaN,NaN,NaN,NaN,NaN,NaN,NaN,NaN
9,NaN,NaN,NaN,NaN,NaN,NaN,NaN,NaN
10,NaN,NaN,NaN,NaN,NaN,NaN,NaN,NaN
11,NaN,NaN,NaN,NaN,NaN,NaN,NaN,NaN
1,NaN,NaN,NaN,NaN,NaN,NaN,NaN,NaN
2,NaN,NaN,NaN,NaN,NaN,NaN,NaN,NaN
3,NaN,NaN,NaN,NaN,NaN,NaN,NaN,NaN
4,NaN,NaN,NaN,NaN,NaN,NaN,NaN,NaN
5,NaN,NaN,NaN,NaN,NaN,NaN,NaN,NaN
6,NaN,NaN,NaN,NaN,NaN,NaN,NaN,NaN
7,NaN,NaN,NaN,NaN,NaN,NaN,NaN,NaN
8,NaN,NaN,NaN,NaN,NaN,NaN,NaN,NaN
9,NaN,NaN,NaN,NaN,NaN,NaN,NaN,NaN
10,NaN,NaN,NaN,NaN,NaN,NaN,NaN,NaN
11,NaN,NaN,NaN,NaN,NaN,NaN,NaN,NaN
1,NaN,NaN,NaN,NaN,NaN,NaN,NaN,NaN
2,NaN,NaN,NaN,NaN,NaN,NaN,NaN,NaN
3,NaN,NaN,NaN,NaN,NaN,NaN,NaN,NaN
4,NaN,NaN,NaN,NaN,NaN,NaN,NaN,NaN
5,NaN,NaN,NaN,NaN,NaN,NaN,NaN,NaN
6,NaN,NaN,NaN,NaN,NaN,NaN,NaN,NaN
7,NaN,NaN,NaN,NaN,NaN,NaN,NaN,NaN
8,NaN,NaN,NaN,NaN,NaN,NaN,NaN,NaN
9,NaN,NaN,NaN,NaN,NaN,NaN,NaN,NaN
10,NaN,NaN,NaN,NaN,NaN,NaN,NaN,NaN
11,NaN,NaN,NaN,NaN,NaN,NaN,NaN,NaN
1,NaN,NaN,NaN,NaN,NaN,NaN,NaN,NaN
2,NaN,NaN,NaN,NaN,NaN,NaN,NaN,NaN
3,NaN,NaN,NaN,NaN,NaN,NaN,NaN,NaN
4,NaN,NaN,NaN,NaN,NaN,NaN,NaN,NaN
5,NaN,NaN,NaN,NaN,NaN,NaN,NaN,NaN
6,NaN,NaN,NaN,NaN,NaN,NaN,NaN,NaN
7,NaN,NaN,NaN,NaN,NaN,NaN,NaN,NaN
8,NaN,NaN,NaN,NaN,NaN,NaN,NaN,NaN
9,NaN,NaN,NaN,NaN,NaN,NaN,NaN,NaN
10,NaN,NaN,NaN,NaN,NaN,NaN,NaN,NaN
11,NaN,NaN,NaN,NaN,NaN,NaN,NaN,NaN
1,NaN,NaN,NaN,NaN,NaN,NaN,NaN,NaN
2,NaN,NaN,NaN,NaN,NaN,NaN,NaN,NaN
3,NaN,NaN,NaN,NaN,NaN,NaN,NaN,NaN
4,NaN,NaN,NaN,NaN,NaN,NaN,NaN,NaN
5,NaN,NaN,NaN,NaN,NaN,NaN,NaN,NaN
6,NaN,NaN,NaN,NaN,NaN,NaN,NaN,NaN
7,NaN,NaN,NaN,NaN,NaN,NaN,NaN,NaN
8,NaN,NaN,NaN,NaN,NaN,NaN,NaN,NaN
9,NaN,NaN,NaN,NaN,NaN,NaN,NaN,NaN
10,NaN,NaN,NaN,NaN,NaN,NaN,NaN,NaN
11,NaN,NaN,NaN,NaN,NaN,NaN,NaN,NaN
1,NaN,NaN,NaN,NaN,NaN,NaN,NaN,NaN
2,NaN,NaN,NaN,NaN,NaN,NaN,NaN,NaN
3,NaN,NaN,NaN,NaN,NaN,NaN,NaN,NaN
4,NaN,NaN,NaN,NaN,NaN,NaN,NaN,NaN
5,NaN,NaN,NaN,NaN,NaN,NaN,NaN,NaN
6,NaN,NaN,NaN,NaN,NaN,NaN,NaN,NaN
7,NaN,NaN,NaN,NaN,NaN,NaN,NaN,NaN
8,NaN,NaN,NaN,NaN,NaN,NaN,NaN,NaN
9,NaN,NaN,NaN,NaN,NaN,NaN,NaN,NaN
10,NaN,NaN,NaN,NaN,NaN,NaN,NaN,NaN
11,NaN,NaN,NaN,NaN,NaN,NaN,NaN,NaN
1,NaN,NaN,NaN,NaN,NaN,NaN,NaN,NaN
2,NaN,NaN,NaN,NaN,NaN,NaN,NaN,NaN
3,NaN,NaN,NaN,NaN,NaN,NaN,NaN,NaN
4,NaN,NaN,NaN,NaN,NaN,NaN,NaN,NaN
5,NaN,NaN,NaN,NaN,NaN,NaN,NaN,NaN
6,NaN,NaN,NaN,NaN,NaN,NaN,NaN,NaN
7,NaN,NaN,NaN,NaN,NaN,NaN,NaN,NaN
8,NaN,NaN,NaN,NaN,NaN,NaN,NaN,NaN
9,NaN,NaN,NaN,NaN,NaN,NaN,NaN,NaN
10,NaN,NaN,NaN,NaN,NaN,NaN,NaN,NaN
11,NaN,NaN,NaN,NaN,NaN,NaN,NaN,NaN
1,NaN,NaN,NaN,NaN,NaN,NaN,NaN,NaN
2,NaN,NaN,NaN,NaN,NaN,NaN,NaN,NaN
3,NaN,NaN,NaN,NaN,NaN,NaN,NaN,NaN
4,NaN,NaN,NaN,NaN,NaN,NaN,NaN,NaN
5,NaN,NaN,NaN,NaN,NaN,NaN,NaN,NaN
6,NaN,NaN,NaN,NaN,NaN,NaN,NaN,NaN
7,NaN,NaN,NaN,NaN,NaN,NaN,NaN,NaN
8,NaN,NaN,NaN,NaN,NaN,NaN,NaN,NaN
9,NaN,NaN,NaN,NaN,NaN,NaN,NaN,NaN
10,NaN,NaN,NaN,NaN,NaN,NaN,NaN,NaN
11,NaN,NaN,NaN,NaN,NaN,NaN,NaN,NaN
1,NaN,NaN,NaN,NaN,NaN,NaN,NaN,NaN
2,NaN,NaN,NaN,NaN,NaN,NaN,NaN,NaN
3,NaN,NaN,NaN,NaN,NaN,NaN,NaN,NaN
4,NaN,NaN,NaN,NaN,NaN,NaN,NaN,NaN
5,NaN,NaN,NaN,NaN,NaN,NaN,NaN,NaN
6,NaN,NaN,NaN,NaN,NaN,NaN,NaN,NaN
7,NaN,NaN,NaN,NaN,NaN,NaN,NaN,NaN
8,NaN,NaN,NaN,NaN,NaN,NaN,NaN,NaN
9,NaN,NaN,NaN,NaN,NaN,NaN,NaN,NaN
10,NaN,NaN,NaN,NaN,NaN,NaN,NaN,NaN
11,NaN,NaN,NaN,NaN,NaN,NaN,NaN,NaN
1,NaN,NaN,NaN,NaN,NaN,NaN,NaN,NaN
2,NaN,NaN,NaN,NaN,NaN,NaN,NaN,NaN
3,NaN,NaN,NaN,NaN,NaN,NaN,NaN,NaN
4,NaN,NaN,NaN,NaN,NaN,NaN,NaN,NaN
5,NaN,NaN,NaN,NaN,NaN,NaN,NaN,NaN
6,NaN,NaN,NaN,NaN,NaN,NaN,NaN,NaN
7,NaN,NaN,NaN,NaN,NaN,NaN,NaN,NaN
8,NaN,NaN,NaN,NaN,NaN,NaN,NaN,NaN
9,NaN,NaN,NaN,NaN,NaN,NaN,NaN,NaN
10,NaN,NaN,NaN,NaN,NaN,NaN,NaN,NaN
11,NaN,NaN,NaN,NaN,NaN,NaN,NaN,NaN
1,NaN,NaN,NaN,NaN,NaN,NaN,NaN,NaN
2,NaN,NaN,NaN,NaN,NaN,NaN,NaN,NaN
3,NaN,NaN,NaN,NaN,NaN,NaN,NaN,NaN
4,NaN,NaN,NaN,NaN,NaN,NaN,NaN,NaN
5,NaN,NaN,NaN,NaN,NaN,NaN,NaN,NaN
6,NaN,NaN,NaN,NaN,NaN,NaN,NaN,NaN
7,NaN,NaN,NaN,NaN,NaN,NaN,NaN,NaN
8,NaN,NaN,NaN,NaN,NaN,NaN,NaN,NaN
9,NaN,NaN,NaN,NaN,NaN,NaN,NaN,NaN
10,NaN,NaN,NaN,NaN,NaN,NaN,NaN,NaN
11,NaN,NaN,NaN,NaN,NaN,NaN,NaN,NaN
1,NaN,NaN,NaN,NaN,NaN,NaN,NaN,NaN
2,NaN,NaN,NaN,NaN,NaN,NaN,NaN,NaN
3,NaN,NaN,NaN,NaN,NaN,NaN,NaN,NaN
4,NaN,NaN,NaN,NaN,NaN,NaN,NaN,NaN
5,NaN,NaN,NaN,NaN,NaN,NaN,NaN,NaN
6,NaN,NaN,NaN,NaN,NaN,NaN,NaN,NaN
7,NaN,NaN,NaN,NaN,NaN,NaN,NaN,NaN
8,NaN,NaN,NaN,NaN,NaN,NaN,NaN,NaN
9,NaN,NaN,NaN,NaN,NaN,NaN,NaN,NaN
10,NaN,NaN,NaN,NaN,NaN,NaN,NaN,NaN
11,NaN,NaN,NaN,NaN,NaN,NaN,NaN,NaN
1,NaN,NaN,NaN,NaN,NaN,NaN,NaN,NaN
2,NaN,NaN,NaN,NaN,NaN,NaN,NaN,NaN
3,NaN,NaN,NaN,NaN,NaN,NaN,NaN,NaN
4,NaN,NaN,NaN,NaN,NaN,NaN,NaN,NaN
5,NaN,NaN,NaN,NaN,NaN,NaN,NaN,NaN
6,NaN,NaN,NaN,NaN,NaN,NaN,NaN,NaN
7,NaN,NaN,NaN,NaN,NaN,NaN,NaN,NaN
8,NaN,NaN,NaN,NaN,NaN,NaN,NaN,NaN
9,NaN,NaN,NaN,NaN,NaN,NaN,NaN,NaN
10,NaN,NaN,NaN,NaN,NaN,NaN,NaN,NaN
11,NaN,NaN,NaN,NaN,NaN,NaN,NaN,NaN
1,NaN,NaN,NaN,NaN,NaN,NaN,NaN,NaN
2,NaN,NaN,NaN,NaN,NaN,NaN,NaN,NaN
3,NaN,NaN,NaN,NaN,NaN,NaN,NaN,NaN
4,NaN,NaN,NaN,NaN,NaN,NaN,NaN,NaN
5,NaN,NaN,NaN,NaN,NaN,NaN,NaN,NaN
6,NaN,NaN,NaN,NaN,NaN,NaN,NaN,NaN
7,NaN,NaN,NaN,NaN,NaN,NaN,NaN,NaN
8,NaN,NaN,NaN,NaN,NaN,NaN,NaN,NaN
9,NaN,NaN,NaN,NaN,NaN,NaN,NaN,NaN
10,NaN,NaN,NaN,NaN,NaN,NaN,NaN,NaN
11,NaN,NaN,NaN,NaN,NaN,NaN,NaN,NaN
1,NaN,NaN,NaN,NaN,NaN,NaN,NaN,NaN
2,NaN,NaN,NaN,NaN,NaN,NaN,NaN,NaN
3,NaN,NaN,NaN,NaN,NaN,NaN,NaN,NaN
4,NaN,NaN,NaN,NaN,NaN,NaN,NaN,NaN
5,NaN,NaN,NaN,NaN,NaN,NaN,NaN,NaN
6,NaN,NaN,NaN,NaN,NaN,NaN,NaN,NaN
7,NaN,NaN,NaN,NaN,NaN,NaN,NaN,NaN
8,NaN,NaN,NaN,NaN,NaN,NaN,NaN,NaN
9,NaN,NaN,NaN,NaN,NaN,NaN,NaN,NaN
10,NaN,NaN,NaN,NaN,NaN,NaN,NaN,NaN
11,NaN,NaN,NaN,NaN,NaN,NaN,NaN,NaN
1,NaN,NaN,NaN,NaN,NaN,NaN,NaN,NaN
2,NaN,NaN,NaN,NaN,NaN,NaN,NaN,NaN
3,NaN,NaN,NaN,NaN,NaN,NaN,NaN,NaN
4,NaN,NaN,NaN,NaN,NaN,NaN,NaN,NaN
5,NaN,NaN,NaN,NaN,NaN,NaN,NaN,NaN
6,NaN,NaN,NaN,NaN,NaN,NaN,NaN,NaN
7,NaN,NaN,NaN,NaN,NaN,NaN,NaN,NaN
8,NaN,NaN,NaN,NaN,NaN,NaN,NaN,NaN
9,NaN,NaN,NaN,NaN,NaN,NaN,NaN,NaN
10,NaN,NaN,NaN,NaN,NaN,NaN,NaN,NaN
11,NaN,NaN,NaN,NaN,NaN,NaN,NaN,NaN
1,NaN,NaN,NaN,NaN,NaN,NaN,NaN,NaN
2,NaN,NaN,NaN,NaN,NaN,NaN,NaN,NaN
3,NaN,NaN,NaN,NaN,NaN,NaN,NaN,NaN
4,NaN,NaN,NaN,NaN,NaN,NaN,NaN,NaN
5,NaN,NaN,NaN,NaN,NaN,NaN,NaN,NaN
6,NaN,NaN,NaN,NaN,NaN,NaN,NaN,NaN
7,NaN,NaN,NaN,NaN,NaN,NaN,NaN,NaN
8,NaN,NaN,NaN,NaN,NaN,NaN,NaN,NaN
9,NaN,NaN,NaN,NaN,NaN,NaN,NaN,NaN
10,NaN,NaN,NaN,NaN,NaN,NaN,NaN,NaN
11,NaN,NaN,NaN,NaN,NaN,NaN,NaN,NaN
1,NaN,NaN,NaN,NaN,NaN,NaN,NaN,NaN
2,NaN,NaN,NaN,NaN,NaN,NaN,NaN,NaN
3,NaN,NaN,NaN,NaN,NaN,NaN,NaN,NaN
4,NaN,NaN,NaN,NaN,NaN,NaN,NaN,NaN
5,NaN,NaN,NaN,NaN,NaN,NaN,NaN,NaN
6,NaN,NaN,NaN,NaN,NaN,NaN,NaN,NaN
7,NaN,NaN,NaN,NaN,NaN,NaN,NaN,NaN
8,NaN,NaN,NaN,NaN,NaN,NaN,NaN,NaN
9,NaN,NaN,NaN,NaN,NaN,NaN,NaN,NaN
10,NaN,NaN,NaN,NaN,NaN,NaN,NaN,NaN
11,NaN,NaN,NaN,NaN,NaN,NaN,NaN,NaN
1,NaN,NaN,NaN,NaN,NaN,NaN,NaN,NaN
2,NaN,NaN,NaN,NaN,NaN,NaN,NaN,NaN
3,NaN,NaN,NaN,NaN,NaN,NaN,NaN,NaN
4,NaN,NaN,NaN,NaN,NaN,NaN,NaN,NaN
5,NaN,NaN,NaN,NaN,NaN,NaN,NaN,NaN
6,NaN,NaN,NaN,NaN,NaN,NaN,NaN,NaN
7,NaN,NaN,NaN,NaN,NaN,NaN,NaN,NaN
8,NaN,NaN,NaN,NaN,NaN,NaN,NaN,NaN
9,NaN,NaN,NaN,NaN,NaN,NaN,NaN,NaN
10,NaN,NaN,NaN,NaN,NaN,NaN,NaN,NaN
11,NaN,NaN,NaN,NaN,NaN,NaN,NaN,NaN
1,NaN,NaN,NaN,NaN,NaN,NaN,NaN,NaN
2,NaN,NaN,NaN,NaN,NaN,NaN,NaN,NaN
3,NaN,NaN,NaN,NaN,NaN,NaN,NaN,NaN
4,NaN,NaN,NaN,NaN,NaN,NaN,NaN,NaN
5,NaN,NaN,NaN,NaN,NaN,NaN,NaN,NaN
6,NaN,NaN,NaN,NaN,NaN,NaN,NaN,NaN
7,NaN,NaN,NaN,NaN,NaN,NaN,NaN,NaN
8,NaN,NaN,NaN,NaN,NaN,NaN,NaN,NaN
9,NaN,NaN,NaN,NaN,NaN,NaN,NaN,NaN
10,NaN,NaN,NaN,NaN,NaN,NaN,NaN,NaN
11,NaN,NaN,NaN,NaN,NaN,NaN,NaN,NaN
1,NaN,NaN,NaN,NaN,NaN,NaN,NaN,NaN
2,NaN,NaN,NaN,NaN,NaN,NaN,NaN,NaN
3,NaN,NaN,NaN,NaN,NaN,NaN,NaN,NaN
4,NaN,NaN,NaN,NaN,NaN,NaN,NaN,NaN
5,NaN,NaN,NaN,NaN,NaN,NaN,NaN,NaN
6,NaN,NaN,NaN,NaN,NaN,NaN,NaN,NaN
7,NaN,NaN,NaN,NaN,NaN,NaN,NaN,NaN
8,NaN,NaN,NaN,NaN,NaN,NaN,NaN,NaN
9,NaN,NaN,NaN,NaN,NaN,NaN,NaN,NaN
10,NaN,NaN,NaN,NaN,NaN,NaN,NaN,NaN
11,NaN,NaN,NaN,NaN,NaN,NaN,NaN,NaN
1,NaN,NaN,NaN,NaN,NaN,NaN,NaN,NaN
2,NaN,NaN,NaN,NaN,NaN,NaN,NaN,NaN
3,NaN,NaN,NaN,NaN,NaN,NaN,NaN,NaN
4,NaN,NaN,NaN,NaN,NaN,NaN,NaN,NaN
5,NaN,NaN,NaN,NaN,NaN,NaN,NaN,NaN
6,NaN,NaN,NaN,NaN,NaN,NaN,NaN,NaN
7,NaN,NaN,NaN,NaN,NaN,NaN,NaN,NaN
8,NaN,NaN,NaN,NaN,NaN,NaN,NaN,NaN
9,NaN,NaN,NaN,NaN,NaN,NaN,NaN,NaN
10,NaN,NaN,NaN,NaN,NaN,NaN,NaN,NaN
11,NaN,NaN,NaN,NaN,NaN,NaN,NaN,NaN
1,NaN,NaN,NaN,NaN,NaN,NaN,NaN,NaN
2,NaN,NaN,NaN,NaN,NaN,NaN,NaN,NaN
3,NaN,NaN,NaN,NaN,NaN,NaN,NaN,NaN
4,NaN,NaN,NaN,NaN,NaN,NaN,NaN,NaN
5,NaN,NaN,NaN,NaN,NaN,NaN,NaN,NaN
6,NaN,NaN,NaN,NaN,NaN,NaN,NaN,NaN
7,NaN,NaN,NaN,NaN,NaN,NaN,NaN,NaN
8,NaN,NaN,NaN,NaN,NaN,NaN,NaN,NaN
9,NaN,NaN,NaN,NaN,NaN,NaN,NaN,NaN
10,NaN,NaN,NaN,NaN,NaN,NaN,NaN,NaN
11,NaN,NaN,NaN,NaN,NaN,NaN,NaN,NaN
1,NaN,NaN,NaN,NaN,NaN,NaN,NaN,NaN
2,NaN,NaN,NaN,NaN,NaN,NaN,NaN,NaN
3,NaN,NaN,NaN,NaN,NaN,NaN,NaN,NaN
4,NaN,NaN,NaN,NaN,NaN,NaN,NaN,NaN
5,NaN,NaN,NaN,NaN,NaN,NaN,NaN,NaN
6,NaN,NaN,NaN,NaN,NaN,NaN,NaN,NaN
7,NaN,NaN,NaN,NaN,NaN,NaN,NaN,NaN
8,NaN,NaN,NaN,NaN,NaN,NaN,NaN,NaN
9,NaN,NaN,NaN,NaN,NaN,NaN,NaN,NaN
10,NaN,NaN,NaN,NaN,NaN,NaN,NaN,NaN
11,NaN,NaN,NaN,NaN,NaN,NaN,NaN,NaN
1,NaN,NaN,NaN,NaN,NaN,NaN,NaN,NaN
2,NaN,NaN,NaN,NaN,NaN,NaN,NaN,NaN
3,NaN,NaN,NaN,NaN,NaN,NaN,NaN,NaN
4,NaN,NaN,NaN,NaN,NaN,NaN,NaN,NaN
5,NaN,NaN,NaN,NaN,NaN,NaN,NaN,NaN
6,NaN,NaN,NaN,NaN,NaN,NaN,NaN,NaN
7,NaN,NaN,NaN,NaN,NaN,NaN,NaN,NaN
8,NaN,NaN,NaN,NaN,NaN,NaN,NaN,NaN
9,NaN,NaN,NaN,NaN,NaN,NaN,NaN,NaN
10,NaN,NaN,NaN,NaN,NaN,NaN,NaN,NaN
11,NaN,NaN,NaN,NaN,NaN,NaN,NaN,NaN
1,NaN,NaN,NaN,NaN,NaN,NaN,NaN,NaN
2,NaN,NaN,NaN,NaN,NaN,NaN,NaN,NaN
3,NaN,NaN,NaN,NaN,NaN,NaN,NaN,NaN
4,NaN,NaN,NaN,NaN,NaN,NaN,NaN,NaN
5,NaN,NaN,NaN,NaN,NaN,NaN,NaN,NaN
6,NaN,NaN,NaN,NaN,NaN,NaN,NaN,NaN
7,NaN,NaN,NaN,NaN,NaN,NaN,NaN,NaN
8,NaN,NaN,NaN,NaN,NaN,NaN,NaN,NaN
9,NaN,NaN,NaN,NaN,NaN,NaN,NaN,NaN
10,NaN,NaN,NaN,NaN,NaN,NaN,NaN,NaN
11,NaN,NaN,NaN,NaN,NaN,NaN,NaN,NaN
1,NaN,NaN,NaN,NaN,NaN,NaN,NaN,NaN
2,NaN,NaN,NaN,NaN,NaN,NaN,NaN,NaN
3,NaN,NaN,NaN,NaN,NaN,NaN,NaN,NaN
4,NaN,NaN,NaN,NaN,NaN,NaN,NaN,NaN
5,NaN,NaN,NaN,NaN,NaN,NaN,NaN,NaN
6,NaN,NaN,NaN,NaN,NaN,NaN,NaN,NaN
7,NaN,NaN,NaN,NaN,NaN,NaN,NaN,NaN
8,NaN,NaN,NaN,NaN,NaN,NaN,NaN,NaN
9,NaN,NaN,NaN,NaN,NaN,NaN,NaN,NaN
10,NaN,NaN,NaN,NaN,NaN,NaN,NaN,NaN
11,NaN,NaN,NaN,NaN,NaN,NaN,NaN,NaN
1,NaN,NaN,NaN,NaN,NaN,NaN,NaN,NaN
2,NaN,NaN,NaN,NaN,NaN,NaN,NaN,NaN
3,NaN,NaN,NaN,NaN,NaN,NaN,NaN,NaN
4,NaN,NaN,NaN,NaN,NaN,NaN,NaN,NaN
5,NaN,NaN,NaN,NaN,NaN,NaN,NaN,NaN
6,NaN,NaN,NaN,NaN,NaN,NaN,NaN,NaN
7,NaN,NaN,NaN,NaN,NaN,NaN,NaN,NaN
8,NaN,NaN,NaN,NaN,NaN,NaN,NaN,NaN
9,NaN,NaN,NaN,NaN,NaN,NaN,NaN,NaN
10,NaN,NaN,NaN,NaN,NaN,NaN,NaN,NaN
11,NaN,NaN,NaN,NaN,NaN,NaN,NaN,NaN
1,NaN,NaN,NaN,NaN,NaN,NaN,NaN,NaN
2,NaN,NaN,NaN,NaN,NaN,NaN,NaN,NaN
3,NaN,NaN,NaN,NaN,NaN,NaN,NaN,NaN
4,NaN,NaN,NaN,NaN,NaN,NaN,NaN,NaN
5,NaN,NaN,NaN,NaN,NaN,NaN,NaN,NaN
6,NaN,NaN,NaN,NaN,NaN,NaN,NaN,NaN
7,NaN,NaN,NaN,NaN,NaN,NaN,NaN,NaN
8,NaN,NaN,NaN,NaN,NaN,NaN,NaN,NaN
9,NaN,NaN,NaN,NaN,NaN,NaN,NaN,NaN
10,NaN,NaN,NaN,NaN,NaN,NaN,NaN,NaN
11,NaN,NaN,NaN,NaN,NaN,NaN,NaN,NaN
1,NaN,NaN,NaN,NaN,NaN,NaN,NaN,NaN
2,NaN,NaN,NaN,NaN,NaN,NaN,NaN,NaN
3,NaN,NaN,NaN,NaN,NaN,NaN,NaN,NaN
4,NaN,NaN,NaN,NaN,NaN,NaN,NaN,NaN
5,NaN,NaN,NaN,NaN,NaN,NaN,NaN,NaN
6,NaN,NaN,NaN,NaN,NaN,NaN,NaN,NaN
7,NaN,NaN,NaN,NaN,NaN,NaN,NaN,NaN
8,NaN,NaN,NaN,NaN,NaN,NaN,NaN,NaN
9,NaN,NaN,NaN,NaN,NaN,NaN,NaN,NaN
10,NaN,NaN,NaN,NaN,NaN,NaN,NaN,NaN
11,NaN,NaN,NaN,NaN,NaN,NaN,NaN,NaN
1,NaN,NaN,NaN,NaN,NaN,NaN,NaN,NaN
2,NaN,NaN,NaN,NaN,NaN,NaN,NaN,NaN
3,NaN,NaN,NaN,NaN,NaN,NaN,NaN,NaN
4,NaN,NaN,NaN,NaN,NaN,NaN,NaN,NaN
5,NaN,NaN,NaN,NaN,NaN,NaN,NaN,NaN
6,NaN,NaN,NaN,NaN,NaN,NaN,NaN,NaN
7,NaN,NaN,NaN,NaN,NaN,NaN,NaN,NaN
8,NaN,NaN,NaN,NaN,NaN,NaN,NaN,NaN
9,NaN,NaN,NaN,NaN,NaN,NaN,NaN,NaN
10,NaN,NaN,NaN,NaN,NaN,NaN,NaN,NaN
11,NaN,NaN,NaN,NaN,NaN,NaN,NaN,NaN
1,NaN,NaN,NaN,NaN,NaN,NaN,NaN,NaN
2,NaN,NaN,NaN,NaN,NaN,NaN,NaN,NaN
3,NaN,NaN,NaN,NaN,NaN,NaN,NaN,NaN
4,NaN,NaN,NaN,NaN,NaN,NaN,NaN,NaN
5,NaN,NaN,NaN,NaN,NaN,NaN,NaN,NaN
6,NaN,NaN,NaN,NaN,NaN,NaN,NaN,NaN
7,NaN,NaN,NaN,NaN,NaN,NaN,NaN,NaN
8,NaN,NaN,NaN,NaN,NaN,NaN,NaN,NaN
9,NaN,NaN,NaN,NaN,NaN,NaN,NaN,NaN
10,NaN,NaN,NaN,NaN,NaN,NaN,NaN,NaN
11,NaN,NaN,NaN,NaN,NaN,NaN,NaN,NaN
1,NaN,NaN,NaN,NaN,NaN,NaN,NaN,NaN
2,NaN,NaN,NaN,NaN,NaN,NaN,NaN,NaN
3,NaN,NaN,NaN,NaN,NaN,NaN,NaN,NaN
4,NaN,NaN,NaN,NaN,NaN,NaN,NaN,NaN
5,NaN,NaN,NaN,NaN,NaN,NaN,NaN,NaN
6,NaN,NaN,NaN,NaN,NaN,NaN,NaN,NaN
7,NaN,NaN,NaN,NaN,NaN,NaN,NaN,NaN
8,NaN,NaN,NaN,NaN,NaN,NaN,NaN,NaN
9,NaN,NaN,NaN,NaN,NaN,NaN,NaN,NaN
10,NaN,NaN,NaN,NaN,NaN,NaN,NaN,NaN
11,NaN,NaN,NaN,NaN,NaN,NaN,NaN,NaN
1,NaN,NaN,NaN,NaN,NaN,NaN,NaN,NaN
2,NaN,NaN,NaN,NaN,NaN,NaN,NaN,NaN
3,NaN,NaN,NaN,NaN,NaN,NaN,NaN,NaN
4,NaN,NaN,NaN,NaN,NaN,NaN,NaN,NaN
5,NaN,NaN,NaN,NaN,NaN,NaN,NaN,NaN
6,NaN,NaN,NaN,NaN,NaN,NaN,NaN,NaN
7,NaN,NaN,NaN,NaN,NaN,NaN,NaN,NaN
8,NaN,NaN,NaN,NaN,NaN,NaN,NaN,NaN
9,NaN,NaN,NaN,NaN,NaN,NaN,NaN,NaN
10,NaN,NaN,NaN,NaN,NaN,NaN,NaN,NaN
11,NaN,NaN,NaN,NaN,NaN,NaN,NaN,NaN
1,NaN,NaN,NaN,NaN,NaN,NaN,NaN,NaN
2,NaN,NaN,NaN,NaN,NaN,NaN,NaN,NaN
3,NaN,NaN,NaN,NaN,NaN,NaN,NaN,NaN
4,NaN,NaN,NaN,NaN,NaN,NaN,NaN,NaN
5,NaN,NaN,NaN,NaN,NaN,NaN,NaN,NaN
6,NaN,NaN,NaN,NaN,NaN,NaN,NaN,NaN
7,NaN,NaN,NaN,NaN,NaN,NaN,NaN,NaN
8,NaN,NaN,NaN,NaN,NaN,NaN,NaN,NaN
9,NaN,NaN,NaN,NaN,NaN,NaN,NaN,NaN
10,NaN,NaN,NaN,NaN,NaN,NaN,NaN,NaN
11,NaN,NaN,NaN,NaN,NaN,NaN,NaN,NaN
1,NaN,NaN,NaN,NaN,NaN,NaN,NaN,NaN
2,NaN,NaN,NaN,NaN,NaN,NaN,NaN,NaN
3,NaN,NaN,NaN,NaN,NaN,NaN,NaN,NaN
4,NaN,NaN,NaN,NaN,NaN,NaN,NaN,NaN
5,NaN,NaN,NaN,NaN,NaN,NaN,NaN,NaN
6,NaN,NaN,NaN,NaN,NaN,NaN,NaN,NaN
7,NaN,NaN,NaN,NaN,NaN,NaN,NaN,NaN
8,NaN,NaN,NaN,NaN,NaN,NaN,NaN,NaN
9,NaN,NaN,NaN,NaN,NaN,NaN,NaN,NaN
10,NaN,NaN,NaN,NaN,NaN,NaN,NaN,NaN
11,NaN,NaN,NaN,NaN,NaN,NaN,NaN,NaN
1,NaN,NaN,NaN,NaN,NaN,NaN,NaN,NaN
2,NaN,NaN,NaN,NaN,NaN,NaN,NaN,NaN
3,NaN,NaN,NaN,NaN,NaN,NaN,NaN,NaN
4,NaN,NaN,NaN,NaN,NaN,NaN,NaN,NaN
5,NaN,NaN,NaN,NaN,NaN,NaN,NaN,NaN
6,NaN,NaN,NaN,NaN,NaN,NaN,NaN,NaN
7,NaN,NaN,NaN,NaN,NaN,NaN,NaN,NaN
8,NaN,NaN,NaN,NaN,NaN,NaN,NaN,NaN
9,NaN,NaN,NaN,NaN,NaN,NaN,NaN,NaN
10,NaN,NaN,NaN,NaN,NaN,NaN,NaN,NaN
11,NaN,NaN,NaN,NaN,NaN,NaN,NaN,NaN
1,NaN,NaN,NaN,NaN,NaN,NaN,NaN,NaN
2,NaN,NaN,NaN,NaN,NaN,NaN,NaN,NaN
3,NaN,NaN,NaN,NaN,NaN,NaN,NaN,NaN
4,NaN,NaN,NaN,NaN,NaN,NaN,NaN,NaN
5,NaN,NaN,NaN,NaN,NaN,NaN,NaN,NaN
6,NaN,NaN,NaN,NaN,NaN,NaN,NaN,NaN
7,NaN,NaN,NaN,NaN,NaN,NaN,NaN,NaN
8,NaN,NaN,NaN,NaN,NaN,NaN,NaN,NaN
9,NaN,NaN,NaN,NaN,NaN,NaN,NaN,NaN
10,NaN,NaN,NaN,NaN,NaN,NaN,NaN,NaN
11,NaN,NaN,NaN,NaN,NaN,NaN,NaN,NaN
1,NaN,NaN,NaN,NaN,NaN,NaN,NaN,NaN
2,NaN,NaN,NaN,NaN,NaN,NaN,NaN,NaN
3,NaN,NaN,NaN,NaN,NaN,NaN,NaN,NaN
4,NaN,NaN,NaN,NaN,NaN,NaN,NaN,NaN
5,NaN,NaN,NaN,NaN,NaN,NaN,NaN,NaN
6,NaN,NaN,NaN,NaN,NaN,NaN,NaN,NaN
7,NaN,NaN,NaN,NaN,NaN,NaN,NaN,NaN
8,NaN,NaN,NaN,NaN,NaN,NaN,NaN,NaN
9,NaN,NaN,NaN,NaN,NaN,NaN,NaN,NaN
10,NaN,NaN,NaN,NaN,NaN,NaN,NaN,NaN
11,NaN,NaN,NaN,NaN,NaN,NaN,NaN,NaN
1,NaN,NaN,NaN,NaN,NaN,NaN,NaN,NaN
2,NaN,NaN,NaN,NaN,NaN,NaN,NaN,NaN
3,NaN,NaN,NaN,NaN,NaN,NaN,NaN,NaN
4,NaN,NaN,NaN,NaN,NaN,NaN,NaN,NaN
5,NaN,NaN,NaN,NaN,NaN,NaN,NaN,NaN
6,NaN,NaN,NaN,NaN,NaN,NaN,NaN,NaN
7,NaN,NaN,NaN,NaN,NaN,NaN,NaN,NaN
8,NaN,NaN,NaN,NaN,NaN,NaN,NaN,NaN
9,NaN,NaN,NaN,NaN,NaN,NaN,NaN,NaN
10,NaN,NaN,NaN,NaN,NaN,NaN,NaN,NaN
11,NaN,NaN,NaN,NaN,NaN,NaN,NaN,NaN
1,NaN,NaN,NaN,NaN,NaN,NaN,NaN,NaN
2,NaN,NaN,NaN,NaN,NaN,NaN,NaN,NaN
3,NaN,NaN,NaN,NaN,NaN,NaN,NaN,NaN
4,NaN,NaN,NaN,NaN,NaN,NaN,NaN,NaN
5,NaN,NaN,NaN,NaN,NaN,NaN,NaN,NaN
6,NaN,NaN,NaN,NaN,NaN,NaN,NaN,NaN
7,NaN,NaN,NaN,NaN,NaN,NaN,NaN,NaN
8,NaN,NaN,NaN,NaN,NaN,NaN,NaN,NaN
9,NaN,NaN,NaN,NaN,NaN,NaN,NaN,NaN
10,NaN,NaN,NaN,NaN,NaN,NaN,NaN,NaN
11,NaN,NaN,NaN,NaN,NaN,NaN,NaN,NaN
1,NaN,NaN,NaN,NaN,NaN,NaN,NaN,NaN
2,NaN,NaN,NaN,NaN,NaN,NaN,NaN,NaN
3,NaN,NaN,NaN,NaN,NaN,NaN,NaN,NaN
4,NaN,NaN,NaN,NaN,NaN,NaN,NaN,NaN
5,NaN,NaN,NaN,NaN,NaN,NaN,NaN,NaN
6,NaN,NaN,NaN,NaN,NaN,NaN,NaN,NaN
7,NaN,NaN,NaN,NaN,NaN,NaN,NaN,NaN
8,NaN,NaN,NaN,NaN,NaN,NaN,NaN,NaN
9,NaN,NaN,NaN,NaN,NaN,NaN,NaN,NaN
10,NaN,NaN,NaN,NaN,NaN,NaN,NaN,NaN
11,NaN,NaN,NaN,NaN,NaN,NaN,NaN,NaN
1,NaN,NaN,NaN,NaN,NaN,NaN,NaN,NaN
2,NaN,NaN,NaN,NaN,NaN,NaN,NaN,NaN
3,NaN,NaN,NaN,NaN,NaN,NaN,NaN,NaN
4,NaN,NaN,NaN,NaN,NaN,NaN,NaN,NaN
5,NaN,NaN,NaN,NaN,NaN,NaN,NaN,NaN
6,NaN,NaN,NaN,NaN,NaN,NaN,NaN,NaN
7,NaN,NaN,NaN,NaN,NaN,NaN,NaN,NaN
8,NaN,NaN,NaN,NaN,NaN,NaN,NaN,NaN
9,NaN,NaN,NaN,NaN,NaN,NaN,NaN,NaN
10,NaN,NaN,NaN,NaN,NaN,NaN,NaN,NaN
11,NaN,NaN,NaN,NaN,NaN,NaN,NaN,NaN
1,NaN,NaN,NaN,NaN,NaN,NaN,NaN,NaN
2,NaN,NaN,NaN,NaN,NaN,NaN,NaN,NaN
3,NaN,NaN,NaN,NaN,NaN,NaN,NaN,NaN
4,NaN,NaN,NaN,NaN,NaN,NaN,NaN,NaN
5,NaN,NaN,NaN,NaN,NaN,NaN,NaN,NaN
6,NaN,NaN,NaN,NaN,NaN,NaN,NaN,NaN
7,NaN,NaN,NaN,NaN,NaN,NaN,NaN,NaN
8,NaN,NaN,NaN,NaN,NaN,NaN,NaN,NaN
9,NaN,NaN,NaN,NaN,NaN,NaN,NaN,NaN
10,NaN,NaN,NaN,NaN,NaN,NaN,NaN,NaN
11,NaN,NaN,NaN,NaN,NaN,NaN,NaN,NaN
1,NaN,NaN,NaN,NaN,NaN,NaN,NaN,NaN
2,NaN,NaN,NaN,NaN,NaN,NaN,NaN,NaN
3,NaN,NaN,NaN,NaN,NaN,NaN,NaN,NaN
4,NaN,NaN,NaN,NaN,NaN,NaN,NaN,NaN
5,NaN,NaN,NaN,NaN,NaN,NaN,NaN,NaN
6,NaN,NaN,NaN,NaN,NaN,NaN,NaN,NaN
7,NaN,NaN,NaN,NaN,NaN,NaN,NaN,NaN
8,NaN,NaN,NaN,NaN,NaN,NaN,NaN,NaN
9,NaN,NaN,NaN,NaN,NaN,NaN,NaN,NaN
10,NaN,NaN,NaN,NaN,NaN,NaN,NaN,NaN
11,NaN,NaN,NaN,NaN,NaN,NaN,NaN,NaN
1,NaN,NaN,NaN,NaN,NaN,NaN,NaN,NaN
2,NaN,NaN,NaN,NaN,NaN,NaN,NaN,NaN
3,NaN,NaN,NaN,NaN,NaN,NaN,NaN,NaN
4,NaN,NaN,NaN,NaN,NaN,NaN,NaN,NaN
5,NaN,NaN,NaN,NaN,NaN,NaN,NaN,NaN
6,NaN,NaN,NaN,NaN,NaN,NaN,NaN,NaN
7,NaN,NaN,NaN,NaN,NaN,NaN,NaN,NaN
8,NaN,NaN,NaN,NaN,NaN,NaN,NaN,NaN
9,NaN,NaN,NaN,NaN,NaN,NaN,NaN,NaN
10,NaN,NaN,NaN,NaN,NaN,NaN,NaN,NaN
11,NaN,NaN,NaN,NaN,NaN,NaN,NaN,NaN
1,NaN,NaN,NaN,NaN,NaN,NaN,NaN,NaN
2,NaN,NaN,NaN,NaN,NaN,NaN,NaN,NaN
3,NaN,NaN,NaN,NaN,NaN,NaN,NaN,NaN
4,NaN,NaN,NaN,NaN,NaN,NaN,NaN,NaN
5,NaN,NaN,NaN,NaN,NaN,NaN,NaN,NaN
6,NaN,NaN,NaN,NaN,NaN,NaN,NaN,NaN
7,NaN,NaN,NaN,NaN,NaN,NaN,NaN,NaN
8,NaN,NaN,NaN,NaN,NaN,NaN,NaN,NaN
9,NaN,NaN,NaN,NaN,NaN,NaN,NaN,NaN
10,NaN,NaN,NaN,NaN,NaN,NaN,NaN,NaN
11,NaN,NaN,NaN,NaN,NaN,NaN,NaN,NaN
1,NaN,NaN,NaN,NaN,NaN,NaN,NaN,NaN
2,NaN,NaN,NaN,NaN,NaN,NaN,NaN,NaN
3,NaN,NaN,NaN,NaN,NaN,NaN,NaN,NaN
4,NaN,NaN,NaN,NaN,NaN,NaN,NaN,NaN
5,NaN,NaN,NaN,NaN,NaN,NaN,NaN,NaN
6,NaN,NaN,NaN,NaN,NaN,NaN,NaN,NaN
7,NaN,NaN,NaN,NaN,NaN,NaN,NaN,NaN
8,NaN,NaN,NaN,NaN,NaN,NaN,NaN,NaN
9,NaN,NaN,NaN,NaN,NaN,NaN,NaN,NaN
10,NaN,NaN,NaN,NaN,NaN,NaN,NaN,NaN
11,NaN,NaN,NaN,NaN,NaN,NaN,NaN,NaN
1,NaN,NaN,NaN,NaN,NaN,NaN,NaN,NaN
2,NaN,NaN,NaN,NaN,NaN,NaN,NaN,NaN
3,NaN,NaN,NaN,NaN,NaN,NaN,NaN,NaN
4,NaN,NaN,NaN,NaN,NaN,NaN,NaN,NaN
5,NaN,NaN,NaN,NaN,NaN,NaN,NaN,NaN
6,NaN,NaN,NaN,NaN,NaN,NaN,NaN,NaN
7,NaN,NaN,NaN,NaN,NaN,NaN,NaN,NaN
8,NaN,NaN,NaN,NaN,NaN,NaN,NaN,NaN
9,NaN,NaN,NaN,NaN,NaN,NaN,NaN,NaN
10,NaN,NaN,NaN,NaN,NaN,NaN,NaN,NaN
11,NaN,NaN,NaN,NaN,NaN,NaN,NaN,NaN
1,NaN,NaN,NaN,NaN,NaN,NaN,NaN,NaN
2,NaN,NaN,NaN,NaN,NaN,NaN,NaN,NaN
3,NaN,NaN,NaN,NaN,NaN,NaN,NaN,NaN
4,NaN,NaN,NaN,NaN,NaN,NaN,NaN,NaN
5,NaN,NaN,NaN,NaN,NaN,NaN,NaN,NaN
6,NaN,NaN,NaN,NaN,NaN,NaN,NaN,NaN
7,NaN,NaN,NaN,NaN,NaN,NaN,NaN,NaN
8,NaN,NaN,NaN,NaN,NaN,NaN,NaN,NaN
9,NaN,NaN,NaN,NaN,NaN,NaN,NaN,NaN
10,NaN,NaN,NaN,NaN,NaN,NaN,NaN,NaN
11,NaN,NaN,NaN,NaN,NaN,NaN,NaN,NaN
1,NaN,NaN,NaN,NaN,NaN,NaN,NaN,NaN
2,NaN,NaN,NaN,NaN,NaN,NaN,NaN,NaN
3,NaN,NaN,NaN,NaN,NaN,NaN,NaN,NaN
4,NaN,NaN,NaN,NaN,NaN,NaN,NaN,NaN
5,NaN,NaN,NaN,NaN,NaN,NaN,NaN,NaN
6,NaN,NaN,NaN,NaN,NaN,NaN,NaN,NaN
7,NaN,NaN,NaN,NaN,NaN,NaN,NaN,NaN
8,NaN,NaN,NaN,NaN,NaN,NaN,NaN,NaN
9,NaN,NaN,NaN,NaN,NaN,NaN,NaN,NaN
10,NaN,NaN,NaN,NaN,NaN,NaN,NaN,NaN
11,NaN,NaN,NaN,NaN,NaN,NaN,NaN,NaN
1,NaN,NaN,NaN,NaN,NaN,NaN,NaN,NaN
2,NaN,NaN,NaN,NaN,NaN,NaN,NaN,NaN
3,NaN,NaN,NaN,NaN,NaN,NaN,NaN,NaN
4,NaN,NaN,NaN,NaN,NaN,NaN,NaN,NaN
5,NaN,NaN,NaN,NaN,NaN,NaN,NaN,NaN
6,NaN,NaN,NaN,NaN,NaN,NaN,NaN,NaN
7,NaN,NaN,NaN,NaN,NaN,NaN,NaN,NaN
8,NaN,NaN,NaN,NaN,NaN,NaN,NaN,NaN
9,NaN,NaN,NaN,NaN,NaN,NaN,NaN,NaN
10,NaN,NaN,NaN,NaN,NaN,NaN,NaN,NaN
11,NaN,NaN,NaN,NaN,NaN,NaN,NaN,NaN
1,NaN,NaN,NaN,NaN,NaN,NaN,NaN,NaN
2,NaN,NaN,NaN,NaN,NaN,NaN,NaN,NaN
3,NaN,NaN,NaN,NaN,NaN,NaN,NaN,NaN
4,NaN,NaN,NaN,NaN,NaN,NaN,NaN,NaN
5,NaN,NaN,NaN,NaN,NaN,NaN,NaN,NaN
6,NaN,NaN,NaN,NaN,NaN,NaN,NaN,NaN
7,NaN,NaN,NaN,NaN,NaN,NaN,NaN,NaN
8,NaN,NaN,NaN,NaN,NaN,NaN,NaN,NaN
9,NaN,NaN,NaN,NaN,NaN,NaN,NaN,NaN
10,NaN,NaN,NaN,NaN,NaN,NaN,NaN,NaN
11,NaN,NaN,NaN,NaN,NaN,NaN,NaN,NaN
1,NaN,NaN,NaN,NaN,NaN,NaN,NaN,NaN
2,NaN,NaN,NaN,NaN,NaN,NaN,NaN,NaN
3,NaN,NaN,NaN,NaN,NaN,NaN,NaN,NaN
4,NaN,NaN,NaN,NaN,NaN,NaN,NaN,NaN
5,NaN,NaN,NaN,NaN,NaN,NaN,NaN,NaN
6,NaN,NaN,NaN,NaN,NaN,NaN,NaN,NaN
7,NaN,NaN,NaN,NaN,NaN,NaN,NaN,NaN
8,NaN,NaN,NaN,NaN,NaN,NaN,NaN,NaN
9,NaN,NaN,NaN,NaN,NaN,NaN,NaN,NaN
10,NaN,NaN,NaN,NaN,NaN,NaN,NaN,NaN
11,NaN,NaN,NaN,NaN,NaN,NaN,NaN,NaN
1,NaN,NaN,NaN,NaN,NaN,NaN,NaN,NaN
2,NaN,NaN,NaN,NaN,NaN,NaN,NaN,NaN
3,NaN,NaN,NaN,NaN,NaN,NaN,NaN,NaN
4,NaN,NaN,NaN,NaN,NaN,NaN,NaN,NaN
5,NaN,NaN,NaN,NaN,NaN,NaN,NaN,NaN
6,NaN,NaN,NaN,NaN,NaN,NaN,NaN,NaN
7,NaN,NaN,NaN,NaN,NaN,NaN,NaN,NaN
8,NaN,NaN,NaN,NaN,NaN,NaN,NaN,NaN
9,NaN,NaN,NaN,NaN,NaN,NaN,NaN,NaN
10,NaN,NaN,NaN,NaN,NaN,NaN,NaN,NaN
11,NaN,NaN,NaN,NaN,NaN,NaN,NaN,NaN
1,NaN,NaN,NaN,NaN,NaN,NaN,NaN,NaN
2,NaN,NaN,NaN,NaN,NaN,NaN,NaN,NaN
3,NaN,NaN,NaN,NaN,NaN,NaN,NaN,NaN
4,NaN,NaN,NaN,NaN,NaN,NaN,NaN,NaN
5,NaN,NaN,NaN,NaN,NaN,NaN,NaN,NaN
6,NaN,NaN,NaN,NaN,NaN,NaN,NaN,NaN
7,NaN,NaN,NaN,NaN,NaN,NaN,NaN,NaN
8,NaN,NaN,NaN,NaN,NaN,NaN,NaN,NaN
9,NaN,NaN,NaN,NaN,NaN,NaN,NaN,NaN
10,NaN,NaN,NaN,NaN,NaN,NaN,NaN,NaN
11,NaN,NaN,NaN,NaN,NaN,NaN,NaN,NaN
1,NaN,NaN,NaN,NaN,NaN,NaN,NaN,NaN
2,NaN,NaN,NaN,NaN,NaN,NaN,NaN,NaN
3,NaN,NaN,NaN,NaN,NaN,NaN,NaN,NaN
4,NaN,NaN,NaN,NaN,NaN,NaN,NaN,NaN
5,NaN,NaN,NaN,NaN,NaN,NaN,NaN,NaN
6,NaN,NaN,NaN,NaN,NaN,NaN,NaN,NaN
7,NaN,NaN,NaN,NaN,NaN,NaN,NaN,NaN
8,NaN,NaN,NaN,NaN,NaN,NaN,NaN,NaN
9,NaN,NaN,NaN,NaN,NaN,NaN,NaN,NaN
10,NaN,NaN,NaN,NaN,NaN,NaN,NaN,NaN
11,NaN,NaN,NaN,NaN,NaN,NaN,NaN,NaN
1,NaN,NaN,NaN,NaN,NaN,NaN,NaN,NaN
2,NaN,NaN,NaN,NaN,NaN,NaN,NaN,NaN
3,NaN,NaN,NaN,NaN,NaN,NaN,NaN,NaN
4,NaN,NaN,NaN,NaN,NaN,NaN,NaN,NaN
5,NaN,NaN,NaN,NaN,NaN,NaN,NaN,NaN
6,NaN,NaN,NaN,NaN,NaN,NaN,NaN,NaN
7,NaN,NaN,NaN,NaN,NaN,NaN,NaN,NaN
8,NaN,NaN,NaN,NaN,NaN,NaN,NaN,NaN
9,NaN,NaN,NaN,NaN,NaN,NaN,NaN,NaN
10,NaN,NaN,NaN,NaN,NaN,NaN,NaN,NaN
11,NaN,NaN,NaN,NaN,NaN,NaN,NaN,NaN
1,NaN,NaN,NaN,NaN,NaN,NaN,NaN,NaN
2,NaN,NaN,NaN,NaN,NaN,NaN,NaN,NaN
3,NaN,NaN,NaN,NaN,NaN,NaN,NaN,NaN
4,NaN,NaN,NaN,NaN,NaN,NaN,NaN,NaN
5,NaN,NaN,NaN,NaN,NaN,NaN,NaN,NaN
6,NaN,NaN,NaN,NaN,NaN,NaN,NaN,NaN
7,NaN,NaN,NaN,NaN,NaN,NaN,NaN,NaN
8,NaN,NaN,NaN,NaN,NaN,NaN,NaN,NaN
9,NaN,NaN,NaN,NaN,NaN,NaN,NaN,NaN
10,NaN,NaN,NaN,NaN,NaN,NaN,NaN,NaN
11,NaN,NaN,NaN,NaN,NaN,NaN,NaN,NaN
1,NaN,NaN,NaN,NaN,NaN,NaN,NaN,NaN
2,NaN,NaN,NaN,NaN,NaN,NaN,NaN,NaN
3,NaN,NaN,NaN,NaN,NaN,NaN,NaN,NaN
4,NaN,NaN,NaN,NaN,NaN,NaN,NaN,NaN
5,NaN,NaN,NaN,NaN,NaN,NaN,NaN,NaN
6,NaN,NaN,NaN,NaN,NaN,NaN,NaN,NaN
7,NaN,NaN,NaN,NaN,NaN,NaN,NaN,NaN
8,NaN,NaN,NaN,NaN,NaN,NaN,NaN,NaN
9,NaN,NaN,NaN,NaN,NaN,NaN,NaN,NaN
10,NaN,NaN,NaN,NaN,NaN,NaN,NaN,NaN
11,NaN,NaN,NaN,NaN,NaN,NaN,NaN,NaN
1,NaN,NaN,NaN,NaN,NaN,NaN,NaN,NaN
2,NaN,NaN,NaN,NaN,NaN,NaN,NaN,NaN
3,NaN,NaN,NaN,NaN,NaN,NaN,NaN,NaN
4,NaN,NaN,NaN,NaN,NaN,NaN,NaN,NaN
5,NaN,NaN,NaN,NaN,NaN,NaN,NaN,NaN
6,NaN,NaN,NaN,NaN,NaN,NaN,NaN,NaN
7,NaN,NaN,NaN,NaN,NaN,NaN,NaN,NaN
8,NaN,NaN,NaN,NaN,NaN,NaN,NaN,NaN
9,NaN,NaN,NaN,NaN,NaN,NaN,NaN,NaN
10,NaN,NaN,NaN,NaN,NaN,NaN,NaN,NaN
11,NaN,NaN,NaN,NaN,NaN,NaN,NaN,NaN
1,NaN,NaN,NaN,NaN,NaN,NaN,NaN,NaN
2,NaN,NaN,NaN,NaN,NaN,NaN,NaN,NaN
3,NaN,NaN,NaN,NaN,NaN,NaN,NaN,NaN
4,NaN,NaN,NaN,NaN,NaN,NaN,NaN,NaN
5,NaN,NaN,NaN,NaN,NaN,NaN,NaN,NaN
6,NaN,NaN,NaN,NaN,NaN,NaN,NaN,NaN
7,NaN,NaN,NaN,NaN,NaN,NaN,NaN,NaN
8,NaN,NaN,NaN,NaN,NaN,NaN,NaN,NaN
9,NaN,NaN,NaN,NaN,NaN,NaN,NaN,NaN
10,NaN,NaN,NaN,NaN,NaN,NaN,NaN,NaN
11,NaN,NaN,NaN,NaN,NaN,NaN,NaN,NaN
1,NaN,NaN,NaN,NaN,NaN,NaN,NaN,NaN
2,NaN,NaN,NaN,NaN,NaN,NaN,NaN,NaN
3,NaN,NaN,NaN,NaN,NaN,NaN,NaN,NaN
4,NaN,NaN,NaN,NaN,NaN,NaN,NaN,NaN
5,NaN,NaN,NaN,NaN,NaN,NaN,NaN,NaN
6,NaN,NaN,NaN,NaN,NaN,NaN,NaN,NaN
7,NaN,NaN,NaN,NaN,NaN,NaN,NaN,NaN
8,NaN,NaN,NaN,NaN,NaN,NaN,NaN,NaN
9,NaN,NaN,NaN,NaN,NaN,NaN,NaN,NaN
10,NaN,NaN,NaN,NaN,NaN,NaN,NaN,NaN
11,NaN,NaN,NaN,NaN,NaN,NaN,NaN,NaN
1,NaN,NaN,NaN,NaN,NaN,NaN,NaN,NaN
2,NaN,NaN,NaN,NaN,NaN,NaN,NaN,NaN
3,NaN,NaN,NaN,NaN,NaN,NaN,NaN,NaN
4,NaN,NaN,NaN,NaN,NaN,NaN,NaN,NaN
5,NaN,NaN,NaN,NaN,NaN,NaN,NaN,NaN
6,NaN,NaN,NaN,NaN,NaN,NaN,NaN,NaN
7,NaN,NaN,NaN,NaN,NaN,NaN,NaN,NaN
8,NaN,NaN,NaN,NaN,NaN,NaN,NaN,NaN
9,NaN,NaN,NaN,NaN,NaN,NaN,NaN,NaN
10,NaN,NaN,NaN,NaN,NaN,NaN,NaN,NaN
11,NaN,NaN,NaN,NaN,NaN,NaN,NaN,NaN
1,NaN,NaN,NaN,NaN,NaN,NaN,NaN,NaN
2,NaN,NaN,NaN,NaN,NaN,NaN,NaN,NaN
3,NaN,NaN,NaN,NaN,NaN,NaN,NaN,NaN
4,NaN,NaN,NaN,NaN,NaN,NaN,NaN,NaN
5,NaN,NaN,NaN,NaN,NaN,NaN,NaN,NaN
6,NaN,NaN,NaN,NaN,NaN,NaN,NaN,NaN
7,NaN,NaN,NaN,NaN,NaN,NaN,NaN,NaN
8,NaN,NaN,NaN,NaN,NaN,NaN,NaN,NaN
9,NaN,NaN,NaN,NaN,NaN,NaN,NaN,NaN
10,NaN,NaN,NaN,NaN,NaN,NaN,NaN,NaN
11,NaN,NaN,NaN,NaN,NaN,NaN,NaN,NaN
1,NaN,NaN,NaN,NaN,NaN,NaN,NaN,NaN
2,NaN,NaN,NaN,NaN,NaN,NaN,NaN,NaN
3,NaN,NaN,NaN,NaN,NaN,NaN,NaN,NaN
4,NaN,NaN,NaN,NaN,NaN,NaN,NaN,NaN
5,NaN,NaN,NaN,NaN,NaN,NaN,NaN,NaN
6,NaN,NaN,NaN,NaN,NaN,NaN,NaN,NaN
7,NaN,NaN,NaN,NaN,NaN,NaN,NaN,NaN
8,NaN,NaN,NaN,NaN,NaN,NaN,NaN,NaN
9,NaN,NaN,NaN,NaN,NaN,NaN,NaN,NaN
10,NaN,NaN,NaN,NaN,NaN,NaN,NaN,NaN
11,NaN,NaN,NaN,NaN,NaN,NaN,NaN,NaN
1,NaN,NaN,NaN,NaN,NaN,NaN,NaN,NaN
2,NaN,NaN,NaN,NaN,NaN,NaN,NaN,NaN
3,NaN,NaN,NaN,NaN,NaN,NaN,NaN,NaN
4,NaN,NaN,NaN,NaN,NaN,NaN,NaN,NaN
5,NaN,NaN,NaN,NaN,NaN,NaN,NaN,NaN
6,NaN,NaN,NaN,NaN,NaN,NaN,NaN,NaN
7,NaN,NaN,NaN,NaN,NaN,NaN,NaN,NaN
8,NaN,NaN,NaN,NaN,NaN,NaN,NaN,NaN
9,NaN,NaN,NaN,NaN,NaN,NaN,NaN,NaN
10,NaN,NaN,NaN,NaN,NaN,NaN,NaN,NaN
11,NaN,NaN,NaN,NaN,NaN,NaN,NaN,NaN
1,NaN,NaN,NaN,NaN,NaN,NaN,NaN,NaN
2,NaN,NaN,NaN,NaN,NaN,NaN,NaN,NaN
3,NaN,NaN,NaN,NaN,NaN,NaN,NaN,NaN
4,NaN,NaN,NaN,NaN,NaN,NaN,NaN,NaN
5,NaN,NaN,NaN,NaN,NaN,NaN,NaN,NaN
6,NaN,NaN,NaN,NaN,NaN,NaN,NaN,NaN
7,NaN,NaN,NaN,NaN,NaN,NaN,NaN,NaN
8,NaN,NaN,NaN,NaN,NaN,NaN,NaN,NaN
9,NaN,NaN,NaN,NaN,NaN,NaN,NaN,NaN
10,NaN,NaN,NaN,NaN,NaN,NaN,NaN,NaN
11,NaN,NaN,NaN,NaN,NaN,NaN,NaN,NaN
1,NaN,NaN,NaN,NaN,NaN,NaN,NaN,NaN
2,NaN,NaN,NaN,NaN,NaN,NaN,NaN,NaN
3,NaN,NaN,NaN,NaN,NaN,NaN,NaN,NaN
4,NaN,NaN,NaN,NaN,NaN,NaN,NaN,NaN
5,NaN,NaN,NaN,NaN,NaN,NaN,NaN,NaN
6,NaN,NaN,NaN,NaN,NaN,NaN,NaN,NaN
7,NaN,NaN,NaN,NaN,NaN,NaN,NaN,NaN
8,NaN,NaN,NaN,NaN,NaN,NaN,NaN,NaN
9,NaN,NaN,NaN,NaN,NaN,NaN,NaN,NaN
10,NaN,NaN,NaN,NaN,NaN,NaN,NaN,NaN
11,NaN,NaN,NaN,NaN,NaN,NaN,NaN,NaN
1,NaN,NaN,NaN,NaN,NaN,NaN,NaN,NaN
2,NaN,NaN,NaN,NaN,NaN,NaN,NaN,NaN
3,NaN,NaN,NaN,NaN,NaN,NaN,NaN,NaN
4,NaN,NaN,NaN,NaN,NaN,NaN,NaN,NaN
5,NaN,NaN,NaN,NaN,NaN,NaN,NaN,NaN
6,NaN,NaN,NaN,NaN,NaN,NaN,NaN,NaN
7,NaN,NaN,NaN,NaN,NaN,NaN,NaN,NaN
8,NaN,NaN,NaN,NaN,NaN,NaN,NaN,NaN
9,NaN,NaN,NaN,NaN,NaN,NaN,NaN,NaN
10,NaN,NaN,NaN,NaN,NaN,NaN,NaN,NaN
11,NaN,NaN,NaN,NaN,NaN,NaN,NaN,NaN
1,NaN,NaN,NaN,NaN,NaN,NaN,NaN,NaN
2,NaN,NaN,NaN,NaN,NaN,NaN,NaN,NaN
3,NaN,NaN,NaN,NaN,NaN,NaN,NaN,NaN
4,NaN,NaN,NaN,NaN,NaN,NaN,NaN,NaN
5,NaN,NaN,NaN,NaN,NaN,NaN,NaN,NaN
6,NaN,NaN,NaN,NaN,NaN,NaN,NaN,NaN
7,NaN,NaN,NaN,NaN,NaN,NaN,NaN,NaN
8,NaN,NaN,NaN,NaN,NaN,NaN,NaN,NaN
9,NaN,NaN,NaN,NaN,NaN,NaN,NaN,NaN
10,NaN,NaN,NaN,NaN,NaN,NaN,NaN,NaN
11,NaN,NaN,NaN,NaN,NaN,NaN,NaN,NaN
1,NaN,NaN,NaN,NaN,NaN,NaN,NaN,NaN
2,NaN,NaN,NaN,NaN,NaN,NaN,NaN,NaN
3,NaN,NaN,NaN,NaN,NaN,NaN,NaN,NaN
4,NaN,NaN,NaN,NaN,NaN,NaN,NaN,NaN
5,NaN,NaN,NaN,NaN,NaN,NaN,NaN,NaN
6,NaN,NaN,NaN,NaN,NaN,NaN,NaN,NaN
7,NaN,NaN,NaN,NaN,NaN,NaN,NaN,NaN
8,NaN,NaN,NaN,NaN,NaN,NaN,NaN,NaN
9,NaN,NaN,NaN,NaN,NaN,NaN,NaN,NaN
10,NaN,NaN,NaN,NaN,NaN,NaN,NaN,NaN
11,NaN,NaN,NaN,NaN,NaN,NaN,NaN,NaN
1,NaN,NaN,NaN,NaN,NaN,NaN,NaN,NaN
2,NaN,NaN,NaN,NaN,NaN,NaN,NaN,NaN
3,NaN,NaN,NaN,NaN,NaN,NaN,NaN,NaN
4,NaN,NaN,NaN,NaN,NaN,NaN,NaN,NaN
5,NaN,NaN,NaN,NaN,NaN,NaN,NaN,NaN
6,NaN,NaN,NaN,NaN,NaN,NaN,NaN,NaN
7,NaN,NaN,NaN,NaN,NaN,NaN,NaN,NaN
8,NaN,NaN,NaN,NaN,NaN,NaN,NaN,NaN
9,NaN,NaN,NaN,NaN,NaN,NaN,NaN,NaN
10,NaN,NaN,NaN,NaN,NaN,NaN,NaN,NaN
11,NaN,NaN,NaN,NaN,NaN,NaN,NaN,NaN
1,NaN,NaN,NaN,NaN,NaN,NaN,NaN,NaN
2,NaN,NaN,NaN,NaN,NaN,NaN,NaN,NaN
3,NaN,NaN,NaN,NaN,NaN,NaN,NaN,NaN
4,NaN,NaN,NaN,NaN,NaN,NaN,NaN,NaN
5,NaN,NaN,NaN,NaN,NaN,NaN,NaN,NaN
6,NaN,NaN,NaN,NaN,NaN,NaN,NaN,NaN
7,NaN,NaN,NaN,NaN,NaN,NaN,NaN,NaN
8,NaN,NaN,NaN,NaN,NaN,NaN,NaN,NaN
9,NaN,NaN,NaN,NaN,NaN,NaN,NaN,NaN
10,NaN,NaN,NaN,NaN,NaN,NaN,NaN,NaN
11,NaN,NaN,NaN,NaN,NaN,NaN,NaN,NaN
1,NaN,NaN,NaN,NaN,NaN,NaN,NaN,NaN
2,NaN,NaN,NaN,NaN,NaN,NaN,NaN,NaN
3,NaN,NaN,NaN,NaN,NaN,NaN,NaN,NaN
4,NaN,NaN,NaN,NaN,NaN,NaN,NaN,NaN
5,NaN,NaN,NaN,NaN,NaN,NaN,NaN,NaN
6,NaN,NaN,NaN,NaN,NaN,NaN,NaN,NaN
7,NaN,NaN,NaN,NaN,NaN,NaN,NaN,NaN
8,NaN,NaN,NaN,NaN,NaN,NaN,NaN,NaN
9,NaN,NaN,NaN,NaN,NaN,NaN,NaN,NaN
10,NaN,NaN,NaN,NaN,NaN,NaN,NaN,NaN
11,NaN,NaN,NaN,NaN,NaN,NaN,NaN,NaN
1,NaN,NaN,NaN,NaN,NaN,NaN,NaN,NaN
2,NaN,NaN,NaN,NaN,NaN,NaN,NaN,NaN
3,NaN,NaN,NaN,NaN,NaN,NaN,NaN,NaN
4,NaN,NaN,NaN,NaN,NaN,NaN,NaN,NaN
5,NaN,NaN,NaN,NaN,NaN,NaN,NaN,NaN
6,NaN,NaN,NaN,NaN,NaN,NaN,NaN,NaN
7,NaN,NaN,NaN,NaN,NaN,NaN,NaN,NaN
8,NaN,NaN,NaN,NaN,NaN,NaN,NaN,NaN
9,NaN,NaN,NaN,NaN,NaN,NaN,NaN,NaN
10,NaN,NaN,NaN,NaN,NaN,NaN,NaN,NaN
11,NaN,NaN,NaN,NaN,NaN,NaN,NaN,NaN
1,NaN,NaN,NaN,NaN,NaN,NaN,NaN,NaN
2,NaN,NaN,NaN,NaN,NaN,NaN,NaN,NaN
3,NaN,NaN,NaN,NaN,NaN,NaN,NaN,NaN
4,NaN,NaN,NaN,NaN,NaN,NaN,NaN,NaN
5,NaN,NaN,NaN,NaN,NaN,NaN,NaN,NaN
6,NaN,NaN,NaN,NaN,NaN,NaN,NaN,NaN
7,NaN,NaN,NaN,NaN,NaN,NaN,NaN,NaN
8,NaN,NaN,NaN,NaN,NaN,NaN,NaN,NaN
9,NaN,NaN,NaN,NaN,NaN,NaN,NaN,NaN
10,NaN,NaN,NaN,NaN,NaN,NaN,NaN,NaN
11,NaN,NaN,NaN,NaN,NaN,NaN,NaN,NaN
1,NaN,NaN,NaN,NaN,NaN,NaN,NaN,NaN
2,NaN,NaN,NaN,NaN,NaN,NaN,NaN,NaN
3,NaN,NaN,NaN,NaN,NaN,NaN,NaN,NaN
4,NaN,NaN,NaN,NaN,NaN,NaN,NaN,NaN
5,NaN,NaN,NaN,NaN,NaN,NaN,NaN,NaN
6,NaN,NaN,NaN,NaN,NaN,NaN,NaN,NaN
7,NaN,NaN,NaN,NaN,NaN,NaN,NaN,NaN
8,NaN,NaN,NaN,NaN,NaN,NaN,NaN,NaN
9,NaN,NaN,NaN,NaN,NaN,NaN,NaN,NaN
10,NaN,NaN,NaN,NaN,NaN,NaN,NaN,NaN
11,NaN,NaN,NaN,NaN,NaN,NaN,NaN,NaN
1,NaN,NaN,NaN,NaN,NaN,NaN,NaN,NaN
2,NaN,NaN,NaN,NaN,NaN,NaN,NaN,NaN
3,NaN,NaN,NaN,NaN,NaN,NaN,NaN,NaN
4,NaN,NaN,NaN,NaN,NaN,NaN,NaN,NaN
5,NaN,NaN,NaN,NaN,NaN,NaN,NaN,NaN
6,NaN,NaN,NaN,NaN,NaN,NaN,NaN,NaN
7,NaN,NaN,NaN,NaN,NaN,NaN,NaN,NaN
8,NaN,NaN,NaN,NaN,NaN,NaN,NaN,NaN
9,NaN,NaN,NaN,NaN,NaN,NaN,NaN,NaN
10,NaN,NaN,NaN,NaN,NaN,NaN,NaN,NaN
11,NaN,NaN,NaN,NaN,NaN,NaN,NaN,NaN
1,NaN,NaN,NaN,NaN,NaN,NaN,NaN,NaN
2,NaN,NaN,NaN,NaN,NaN,NaN,NaN,NaN
3,NaN,NaN,NaN,NaN,NaN,NaN,NaN,NaN
4,NaN,NaN,NaN,NaN,NaN,NaN,NaN,NaN
5,NaN,NaN,NaN,NaN,NaN,NaN,NaN,NaN
6,NaN,NaN,NaN,NaN,NaN,NaN,NaN,NaN
7,NaN,NaN,NaN,NaN,NaN,NaN,NaN,NaN
8,NaN,NaN,NaN,NaN,NaN,NaN,NaN,NaN
9,NaN,NaN,NaN,NaN,NaN,NaN,NaN,NaN
10,NaN,NaN,NaN,NaN,NaN,NaN,NaN,NaN
11,NaN,NaN,NaN,NaN,NaN,NaN,NaN,NaN
1,NaN,NaN,NaN,NaN,NaN,NaN,NaN,NaN
2,NaN,NaN,NaN,NaN,NaN,NaN,NaN,NaN
3,NaN,NaN,NaN,NaN,NaN,NaN,NaN,NaN
4,NaN,NaN,NaN,NaN,NaN,NaN,NaN,NaN
5,NaN,NaN,NaN,NaN,NaN,NaN,NaN,NaN
6,NaN,NaN,NaN,NaN,NaN,NaN,NaN,NaN
7,NaN,NaN,NaN,NaN,NaN,NaN,NaN,NaN
8,NaN,NaN,NaN,NaN,NaN,NaN,NaN,NaN
9,NaN,NaN,NaN,NaN,NaN,NaN,NaN,NaN
10,NaN,NaN,NaN,NaN,NaN,NaN,NaN,NaN
11,NaN,NaN,NaN,NaN,NaN,NaN,NaN,NaN
1,NaN,NaN,NaN,NaN,NaN,NaN,NaN,NaN
2,NaN,NaN,NaN,NaN,NaN,NaN,NaN,NaN
3,NaN,NaN,NaN,NaN,NaN,NaN,NaN,NaN
4,NaN,NaN,NaN,NaN,NaN,NaN,NaN,NaN
5,NaN,NaN,NaN,NaN,NaN,NaN,NaN,NaN
6,NaN,NaN,NaN,NaN,NaN,NaN,NaN,NaN
7,NaN,NaN,NaN,NaN,NaN,NaN,NaN,NaN
8,NaN,NaN,NaN,NaN,NaN,NaN,NaN,NaN
9,NaN,NaN,NaN,NaN,NaN,NaN,NaN,NaN
10,NaN,NaN,NaN,NaN,NaN,NaN,NaN,NaN
11,NaN,NaN,NaN,NaN,NaN,NaN,NaN,NaN
1,NaN,NaN,NaN,NaN,NaN,NaN,NaN,NaN
2,NaN,NaN,NaN,NaN,NaN,NaN,NaN,NaN
3,NaN,NaN,NaN,NaN,NaN,NaN,NaN,NaN
4,NaN,NaN,NaN,NaN,NaN,NaN,NaN,NaN
5,NaN,NaN,NaN,NaN,NaN,NaN,NaN,NaN
6,NaN,NaN,NaN,NaN,NaN,NaN,NaN,NaN
7,NaN,NaN,NaN,NaN,NaN,NaN,NaN,NaN
8,NaN,NaN,NaN,NaN,NaN,NaN,NaN,NaN
9,NaN,NaN,NaN,NaN,NaN,NaN,NaN,NaN
10,NaN,NaN,NaN,NaN,NaN,NaN,NaN,NaN
11,NaN,NaN,NaN,NaN,NaN,NaN,NaN,NaN
1,NaN,NaN,NaN,NaN,NaN,NaN,NaN,NaN
2,NaN,NaN,NaN,NaN,NaN,NaN,NaN,NaN
3,NaN,NaN,NaN,NaN,NaN,NaN,NaN,NaN
4,NaN,NaN,NaN,NaN,NaN,NaN,NaN,NaN
5,NaN,NaN,NaN,NaN,NaN,NaN,NaN,NaN
6,NaN,NaN,NaN,NaN,NaN,NaN,NaN,NaN
7,NaN,NaN,NaN,NaN,NaN,NaN,NaN,NaN
8,NaN,NaN,NaN,NaN,NaN,NaN,NaN,NaN
9,NaN,NaN,NaN,NaN,NaN,NaN,NaN,NaN
10,NaN,NaN,NaN,NaN,NaN,NaN,NaN,NaN
11,NaN,NaN,NaN,NaN,NaN,NaN,NaN,NaN
1,NaN,NaN,NaN,NaN,NaN,NaN,NaN,NaN
2,NaN,NaN,NaN,NaN,NaN,NaN,NaN,NaN
3,NaN,NaN,NaN,NaN,NaN,NaN,NaN,NaN
4,NaN,NaN,NaN,NaN,NaN,NaN,NaN,NaN
5,NaN,NaN,NaN,NaN,NaN,NaN,NaN,NaN
6,NaN,NaN,NaN,NaN,NaN,NaN,NaN,NaN
7,NaN,NaN,NaN,NaN,NaN,NaN,NaN,NaN
8,NaN,NaN,NaN,NaN,NaN,NaN,NaN,NaN
9,NaN,NaN,NaN,NaN,NaN,NaN,NaN,NaN
10,NaN,NaN,NaN,NaN,NaN,NaN,NaN,NaN
11,NaN,NaN,NaN,NaN,NaN,NaN,NaN,NaN
1,NaN,NaN,NaN,NaN,NaN,NaN,NaN,NaN
2,NaN,NaN,NaN,NaN,NaN,NaN,NaN,NaN
3,NaN,NaN,NaN,NaN,NaN,NaN,NaN,NaN
4,NaN,NaN,NaN,NaN,NaN,NaN,NaN,NaN
5,NaN,NaN,NaN,NaN,NaN,NaN,NaN,NaN
6,NaN,NaN,NaN,NaN,NaN,NaN,NaN,NaN
7,NaN,NaN,NaN,NaN,NaN,NaN,NaN,NaN
8,NaN,NaN,NaN,NaN,NaN,NaN,NaN,NaN
9,NaN,NaN,NaN,NaN,NaN,NaN,NaN,NaN
10,NaN,NaN,NaN,NaN,NaN,NaN,NaN,NaN
11,NaN,NaN,NaN,NaN,NaN,NaN,NaN,NaN
1,NaN,NaN,NaN,NaN,NaN,NaN,NaN,NaN
2,NaN,NaN,NaN,NaN,NaN,NaN,NaN,NaN
3,NaN,NaN,NaN,NaN,NaN,NaN,NaN,NaN
4,NaN,NaN,NaN,NaN,NaN,NaN,NaN,NaN
5,NaN,NaN,NaN,NaN,NaN,NaN,NaN,NaN
6,NaN,NaN,NaN,NaN,NaN,NaN,NaN,NaN
7,NaN,NaN,NaN,NaN,NaN,NaN,NaN,NaN
8,NaN,NaN,NaN,NaN,NaN,NaN,NaN,NaN
9,NaN,NaN,NaN,NaN,NaN,NaN,NaN,NaN
10,NaN,NaN,NaN,NaN,NaN,NaN,NaN,NaN
11,NaN,NaN,NaN,NaN,NaN,NaN,NaN,NaN
1,NaN,NaN,NaN,NaN,NaN,NaN,NaN,NaN
2,NaN,NaN,NaN,NaN,NaN,NaN,NaN,NaN
3,NaN,NaN,NaN,NaN,NaN,NaN,NaN,NaN
4,NaN,NaN,NaN,NaN,NaN,NaN,NaN,NaN
5,NaN,NaN,NaN,NaN,NaN,NaN,NaN,NaN
6,NaN,NaN,NaN,NaN,NaN,NaN,NaN,NaN
7,NaN,NaN,NaN,NaN,NaN,NaN,NaN,NaN
8,NaN,NaN,NaN,NaN,NaN,NaN,NaN,NaN
9,NaN,NaN,NaN,NaN,NaN,NaN,NaN,NaN
10,NaN,NaN,NaN,NaN,NaN,NaN,NaN,NaN
11,NaN,NaN,NaN,NaN,NaN,NaN,NaN,NaN
1,NaN,NaN,NaN,NaN,NaN,NaN,NaN,NaN
2,NaN,NaN,NaN,NaN,NaN,NaN,NaN,NaN
3,NaN,NaN,NaN,NaN,NaN,NaN,NaN,NaN
4,NaN,NaN,NaN,NaN,NaN,NaN,NaN,NaN
5,NaN,NaN,NaN,NaN,NaN,NaN,NaN,NaN
6,NaN,NaN,NaN,NaN,NaN,NaN,NaN,NaN
7,NaN,NaN,NaN,NaN,NaN,NaN,NaN,NaN
8,NaN,NaN,NaN,NaN,NaN,NaN,NaN,NaN
9,NaN,NaN,NaN,NaN,NaN,NaN,NaN,NaN
10,NaN,NaN,NaN,NaN,NaN,NaN,NaN,NaN
11,NaN,NaN,NaN,NaN,NaN,NaN,NaN,NaN
1,NaN,NaN,NaN,NaN,NaN,NaN,NaN,NaN
2,NaN,NaN,NaN,NaN,NaN,NaN,NaN,NaN
3,NaN,NaN,NaN,NaN,NaN,NaN,NaN,NaN
4,NaN,NaN,NaN,NaN,NaN,NaN,NaN,NaN
5,NaN,NaN,NaN,NaN,NaN,NaN,NaN,NaN
6,NaN,NaN,NaN,NaN,NaN,NaN,NaN,NaN
7,NaN,NaN,NaN,NaN,NaN,NaN,NaN,NaN
8,NaN,NaN,NaN,NaN,NaN,NaN,NaN,NaN
9,NaN,NaN,NaN,NaN,NaN,NaN,NaN,NaN
10,NaN,NaN,NaN,NaN,NaN,NaN,NaN,NaN
11,NaN,NaN,NaN,NaN,NaN,NaN,NaN,NaN
1,NaN,NaN,NaN,NaN,NaN,NaN,NaN,NaN
2,NaN,NaN,NaN,NaN,NaN,NaN,NaN,NaN
3,NaN,NaN,NaN,NaN,NaN,NaN,NaN,NaN
4,NaN,NaN,NaN,NaN,NaN,NaN,NaN,NaN
5,NaN,NaN,NaN,NaN,NaN,NaN,NaN,NaN
6,NaN,NaN,NaN,NaN,NaN,NaN,NaN,NaN
7,NaN,NaN,NaN,NaN,NaN,NaN,NaN,NaN
8,NaN,NaN,NaN,NaN,NaN,NaN,NaN,NaN
9,NaN,NaN,NaN,NaN,NaN,NaN,NaN,NaN
10,NaN,NaN,NaN,NaN,NaN,NaN,NaN,NaN
11,NaN,NaN,NaN,NaN,NaN,NaN,NaN,NaN
1,NaN,NaN,NaN,NaN,NaN,NaN,NaN,NaN
2,NaN,NaN,NaN,NaN,NaN,NaN,NaN,NaN
3,NaN,NaN,NaN,NaN,NaN,NaN,NaN,NaN
4,NaN,NaN,NaN,NaN,NaN,NaN,NaN,NaN
5,NaN,NaN,NaN,NaN,NaN,NaN,NaN,NaN
6,NaN,NaN,NaN,NaN,NaN,NaN,NaN,NaN
7,NaN,NaN,NaN,NaN,NaN,NaN,NaN,NaN
8,NaN,NaN,NaN,NaN,NaN,NaN,NaN,NaN
9,NaN,NaN,NaN,NaN,NaN,NaN,NaN,NaN
10,NaN,NaN,NaN,NaN,NaN,NaN,NaN,NaN
11,NaN,NaN,NaN,NaN,NaN,NaN,NaN,NaN
1,NaN,NaN,NaN,NaN,NaN,NaN,NaN,NaN
2,NaN,NaN,NaN,NaN,NaN,NaN,NaN,NaN
3,NaN,NaN,NaN,NaN,NaN,NaN,NaN,NaN
4,NaN,NaN,NaN,NaN,NaN,NaN,NaN,NaN
5,NaN,NaN,NaN,NaN,NaN,NaN,NaN,NaN
6,NaN,NaN,NaN,NaN,NaN,NaN,NaN,NaN
7,NaN,NaN,NaN,NaN,NaN,NaN,NaN,NaN
8,NaN,NaN,NaN,NaN,NaN,NaN,NaN,NaN
9,NaN,NaN,NaN,NaN,NaN,NaN,NaN,NaN
10,NaN,NaN,NaN,NaN,NaN,NaN,NaN,NaN
11,NaN,NaN,NaN,NaN,NaN,NaN,NaN,NaN
1,NaN,NaN,NaN,NaN,NaN,NaN,NaN,NaN
2,NaN,NaN,NaN,NaN,NaN,NaN,NaN,NaN
3,NaN,NaN,NaN,NaN,NaN,NaN,NaN,NaN
4,NaN,NaN,NaN,NaN,NaN,NaN,NaN,NaN
5,NaN,NaN,NaN,NaN,NaN,NaN,NaN,NaN
6,NaN,NaN,NaN,NaN,NaN,NaN,NaN,NaN
7,NaN,NaN,NaN,NaN,NaN,NaN,NaN,NaN
8,NaN,NaN,NaN,NaN,NaN,NaN,NaN,NaN
9,NaN,NaN,NaN,NaN,NaN,NaN,NaN,NaN
10,NaN,NaN,NaN,NaN,NaN,NaN,NaN,NaN
11,NaN,NaN,NaN,NaN,NaN,NaN,NaN,NaN
1,NaN,NaN,NaN,NaN,NaN,NaN,NaN,NaN
2,NaN,NaN,NaN,NaN,NaN,NaN,NaN,NaN
3,NaN,NaN,NaN,NaN,NaN,NaN,NaN,NaN
4,NaN,NaN,NaN,NaN,NaN,NaN,NaN,NaN
5,NaN,NaN,NaN,NaN,NaN,NaN,NaN,NaN
6,NaN,NaN,NaN,NaN,NaN,NaN,NaN,NaN
7,NaN,NaN,NaN,NaN,NaN,NaN,NaN,NaN
8,NaN,NaN,NaN,NaN,NaN,NaN,NaN,NaN
9,NaN,NaN,NaN,NaN,NaN,NaN,NaN,NaN
10,NaN,NaN,NaN,NaN,NaN,NaN,NaN,NaN
11,NaN,NaN,NaN,NaN,NaN,NaN,NaN,NaN
1,NaN,NaN,NaN,NaN,NaN,NaN,NaN,NaN
2,NaN,NaN,NaN,NaN,NaN,NaN,NaN,NaN
3,NaN,NaN,NaN,NaN,NaN,NaN,NaN,NaN
4,NaN,NaN,NaN,NaN,NaN,NaN,NaN,NaN
5,NaN,NaN,NaN,NaN,NaN,NaN,NaN,NaN
6,NaN,NaN,NaN,NaN,NaN,NaN,NaN,NaN
7,NaN,NaN,NaN,NaN,NaN,NaN,NaN,NaN
8,NaN,NaN,NaN,NaN,NaN,NaN,NaN,NaN
9,NaN,NaN,NaN,NaN,NaN,NaN,NaN,NaN
10,NaN,NaN,NaN,NaN,NaN,NaN,NaN,NaN
11,NaN,NaN,NaN,NaN,NaN,NaN,NaN,NaN
1,NaN,NaN,NaN,NaN,NaN,NaN,NaN,NaN
2,NaN,NaN,NaN,NaN,NaN,NaN,NaN,NaN
3,NaN,NaN,NaN,NaN,NaN,NaN,NaN,NaN
4,NaN,NaN,NaN,NaN,NaN,NaN,NaN,NaN
5,NaN,NaN,NaN,NaN,NaN,NaN,NaN,NaN
6,NaN,NaN,NaN,NaN,NaN,NaN,NaN,NaN
7,NaN,NaN,NaN,NaN,NaN,NaN,NaN,NaN
8,NaN,NaN,NaN,NaN,NaN,NaN,NaN,NaN
9,NaN,NaN,NaN,NaN,NaN,NaN,NaN,NaN
10,NaN,NaN,NaN,NaN,NaN,NaN,NaN,NaN
11,NaN,NaN,NaN,NaN,NaN,NaN,NaN,NaN
1,NaN,NaN,NaN,NaN,NaN,NaN,NaN,NaN
2,NaN,NaN,NaN,NaN,NaN,NaN,NaN,NaN
3,NaN,NaN,NaN,NaN,NaN,NaN,NaN,NaN
4,NaN,NaN,NaN,NaN,NaN,NaN,NaN,NaN
5,NaN,NaN,NaN,NaN,NaN,NaN,NaN,NaN
6,NaN,NaN,NaN,NaN,NaN,NaN,NaN,NaN
7,NaN,NaN,NaN,NaN,NaN,NaN,NaN,NaN
8,NaN,NaN,NaN,NaN,NaN,NaN,NaN,NaN
9,NaN,NaN,NaN,NaN,NaN,NaN,NaN,NaN
10,NaN,NaN,NaN,NaN,NaN,NaN,NaN,NaN
11,NaN,NaN,NaN,NaN,NaN,NaN,NaN,NaN
1,NaN,NaN,NaN,NaN,NaN,NaN,NaN,NaN
2,NaN,NaN,NaN,NaN,NaN,NaN,NaN,NaN
3,NaN,NaN,NaN,NaN,NaN,NaN,NaN,NaN
4,NaN,NaN,NaN,NaN,NaN,NaN,NaN,NaN
5,NaN,NaN,NaN,NaN,NaN,NaN,NaN,NaN
6,NaN,NaN,NaN,NaN,NaN,NaN,NaN,NaN
7,NaN,NaN,NaN,NaN,NaN,NaN,NaN,NaN
8,NaN,NaN,NaN,NaN,NaN,NaN,NaN,NaN
9,NaN,NaN,NaN,NaN,NaN,NaN,NaN,NaN
10,NaN,NaN,NaN,NaN,NaN,NaN,NaN,NaN
11,NaN,NaN,NaN,NaN,NaN,NaN,NaN,NaN
1,NaN,NaN,NaN,NaN,NaN,NaN,NaN,NaN
2,NaN,NaN,NaN,NaN,NaN,NaN,NaN,NaN
3,NaN,NaN,NaN,NaN,NaN,NaN,NaN,NaN
4,NaN,NaN,NaN,NaN,NaN,NaN,NaN,NaN
5,NaN,NaN,NaN,NaN,NaN,NaN,NaN,NaN
6,NaN,NaN,NaN,NaN,NaN,NaN,NaN,NaN
7,NaN,NaN,NaN,NaN,NaN,NaN,NaN,NaN
8,NaN,NaN,NaN,NaN,NaN,NaN,NaN,NaN
9,NaN,NaN,NaN,NaN,NaN,NaN,NaN,NaN
10,NaN,NaN,NaN,NaN,NaN,NaN,NaN,NaN
11,NaN,NaN,NaN,NaN,NaN,NaN,NaN,NaN
1,NaN,NaN,NaN,NaN,NaN,NaN,NaN,NaN
2,NaN,NaN,NaN,NaN,NaN,NaN,NaN,NaN
3,NaN,NaN,NaN,NaN,NaN,NaN,NaN,NaN
4,NaN,NaN,NaN,NaN,NaN,NaN,NaN,NaN
5,NaN,NaN,NaN,NaN,NaN,NaN,NaN,NaN
6,NaN,NaN,NaN,NaN,NaN,NaN,NaN,NaN
7,NaN,NaN,NaN,NaN,NaN,NaN,NaN,NaN
8,NaN,NaN,NaN,NaN,NaN,NaN,NaN,NaN
9,NaN,NaN,NaN,NaN,NaN,NaN,NaN,NaN
10,NaN,NaN,NaN,NaN,NaN,NaN,NaN,NaN
11,NaN,NaN,NaN,NaN,NaN,NaN,NaN,NaN
1,NaN,NaN,NaN,NaN,NaN,NaN,NaN,NaN
2,NaN,NaN,NaN,NaN,NaN,NaN,NaN,NaN
3,NaN,NaN,NaN,NaN,NaN,NaN,NaN,NaN
4,NaN,NaN,NaN,NaN,NaN,NaN,NaN,NaN
5,NaN,NaN,NaN,NaN,NaN,NaN,NaN,NaN
6,NaN,NaN,NaN,NaN,NaN,NaN,NaN,NaN
7,NaN,NaN,NaN,NaN,NaN,NaN,NaN,NaN
8,NaN,NaN,NaN,NaN,NaN,NaN,NaN,NaN
9,NaN,NaN,NaN,NaN,NaN,NaN,NaN,NaN
10,NaN,NaN,NaN,NaN,NaN,NaN,NaN,NaN
11,NaN,NaN,NaN,NaN,NaN,NaN,NaN,NaN
1,NaN,NaN,NaN,NaN,NaN,NaN,NaN,NaN
2,NaN,NaN,NaN,NaN,NaN,NaN,NaN,NaN
3,NaN,NaN,NaN,NaN,NaN,NaN,NaN,NaN
4,NaN,NaN,NaN,NaN,NaN,NaN,NaN,NaN
5,NaN,NaN,NaN,NaN,NaN,NaN,NaN,NaN
6,NaN,NaN,NaN,NaN,NaN,NaN,NaN,NaN
7,NaN,NaN,NaN,NaN,NaN,NaN,NaN,NaN
8,NaN,NaN,NaN,NaN,NaN,NaN,NaN,NaN
9,NaN,NaN,NaN,NaN,NaN,NaN,NaN,NaN
10,NaN,NaN,NaN,NaN,NaN,NaN,NaN,NaN
11,NaN,NaN,NaN,NaN,NaN,NaN,NaN,NaN
1,NaN,NaN,NaN,NaN,NaN,NaN,NaN,NaN
2,NaN,NaN,NaN,NaN,NaN,NaN,NaN,NaN
3,NaN,NaN,NaN,NaN,NaN,NaN,NaN,NaN
4,NaN,NaN,NaN,NaN,NaN,NaN,NaN,NaN
5,NaN,NaN,NaN,NaN,NaN,NaN,NaN,NaN
6,NaN,NaN,NaN,NaN,NaN,NaN,NaN,NaN
7,NaN,NaN,NaN,NaN,NaN,NaN,NaN,NaN
8,NaN,NaN,NaN,NaN,NaN,NaN,NaN,NaN
9,NaN,NaN,NaN,NaN,NaN,NaN,NaN,NaN
10,NaN,NaN,NaN,NaN,NaN,NaN,NaN,NaN
11,NaN,NaN,NaN,NaN,NaN,NaN,NaN,NaN
1,NaN,NaN,NaN,NaN,NaN,NaN,NaN,NaN
2,NaN,NaN,NaN,NaN,NaN,NaN,NaN,NaN
3,NaN,NaN,NaN,NaN,NaN,NaN,NaN,NaN
4,NaN,NaN,NaN,NaN,NaN,NaN,NaN,NaN
5,NaN,NaN,NaN,NaN,NaN,NaN,NaN,NaN
6,NaN,NaN,NaN,NaN,NaN,NaN,NaN,NaN
7,NaN,NaN,NaN,NaN,NaN,NaN,NaN,NaN
8,NaN,NaN,NaN,NaN,NaN,NaN,NaN,NaN
9,NaN,NaN,NaN,NaN,NaN,NaN,NaN,NaN
10,NaN,NaN,NaN,NaN,NaN,NaN,NaN,NaN
11,NaN,NaN,NaN,NaN,NaN,NaN,NaN,NaN
1,NaN,NaN,NaN,NaN,NaN,NaN,NaN,NaN
2,NaN,NaN,NaN,NaN,NaN,NaN,NaN,NaN
3,NaN,NaN,NaN,NaN,NaN,NaN,NaN,NaN
4,NaN,NaN,NaN,NaN,NaN,NaN,NaN,NaN
5,NaN,NaN,NaN,NaN,NaN,NaN,NaN,NaN
6,NaN,NaN,NaN,NaN,NaN,NaN,NaN,NaN
7,NaN,NaN,NaN,NaN,NaN,NaN,NaN,NaN
8,NaN,NaN,NaN,NaN,NaN,NaN,NaN,NaN
9,NaN,NaN,NaN,NaN,NaN,NaN,NaN,NaN
10,NaN,NaN,NaN,NaN,NaN,NaN,NaN,NaN
11,NaN,NaN,NaN,NaN,NaN,NaN,NaN,NaN
1,NaN,NaN,NaN,NaN,NaN,NaN,NaN,NaN
2,NaN,NaN,NaN,NaN,NaN,NaN,NaN,NaN
3,NaN,NaN,NaN,NaN,NaN,NaN,NaN,NaN
4,NaN,NaN,NaN,NaN,NaN,NaN,NaN,NaN
5,NaN,NaN,NaN,NaN,NaN,NaN,NaN,NaN
6,NaN,NaN,NaN,NaN,NaN,NaN,NaN,NaN
7,NaN,NaN,NaN,NaN,NaN,NaN,NaN,NaN
8,NaN,NaN,NaN,NaN,NaN,NaN,NaN,NaN
9,NaN,NaN,NaN,NaN,NaN,NaN,NaN,NaN
10,NaN,NaN,NaN,NaN,NaN,NaN,NaN,NaN
11,NaN,NaN,NaN,NaN,NaN,NaN,NaN,NaN
1,NaN,NaN,NaN,NaN,NaN,NaN,NaN,NaN
2,NaN,NaN,NaN,NaN,NaN,NaN,NaN,NaN
3,NaN,NaN,NaN,NaN,NaN,NaN,NaN,NaN
4,NaN,NaN,NaN,NaN,NaN,NaN,NaN,NaN
5,NaN,NaN,NaN,NaN,NaN,NaN,NaN,NaN
6,NaN,NaN,NaN,NaN,NaN,NaN,NaN,NaN
7,NaN,NaN,NaN,NaN,NaN,NaN,NaN,NaN
8,NaN,NaN,NaN,NaN,NaN,NaN,NaN,NaN
9,NaN,NaN,NaN,NaN,NaN,NaN,NaN,NaN
10,NaN,NaN,NaN,NaN,NaN,NaN,NaN,NaN
11,NaN,NaN,NaN,NaN,NaN,NaN,NaN,NaN
1,NaN,NaN,NaN,NaN,NaN,NaN,NaN,NaN
2,NaN,NaN,NaN,NaN,NaN,NaN,NaN,NaN
3,NaN,NaN,NaN,NaN,NaN,NaN,NaN,NaN
4,NaN,NaN,NaN,NaN,NaN,NaN,NaN,NaN
5,NaN,NaN,NaN,NaN,NaN,NaN,NaN,NaN
6,NaN,NaN,NaN,NaN,NaN,NaN,NaN,NaN
7,NaN,NaN,NaN,NaN,NaN,NaN,NaN,NaN
8,NaN,NaN,NaN,NaN,NaN,NaN,NaN,NaN
9,NaN,NaN,NaN,NaN,NaN,NaN,NaN,NaN
10,NaN,NaN,NaN,NaN,NaN,NaN,NaN,NaN
11,NaN,NaN,NaN,NaN,NaN,NaN,NaN,NaN
1,NaN,NaN,NaN,NaN,NaN,NaN,NaN,NaN
2,NaN,NaN,NaN,NaN,NaN,NaN,NaN,NaN
3,NaN,NaN,NaN,NaN,NaN,NaN,NaN,NaN
4,NaN,NaN,NaN,NaN,NaN,NaN,NaN,NaN
5,NaN,NaN,NaN,NaN,NaN,NaN,NaN,NaN
6,NaN,NaN,NaN,NaN,NaN,NaN,NaN,NaN
7,NaN,NaN,NaN,NaN,NaN,NaN,NaN,NaN
8,NaN,NaN,NaN,NaN,NaN,NaN,NaN,NaN
9,NaN,NaN,NaN,NaN,NaN,NaN,NaN,NaN
10,NaN,NaN,NaN,NaN,NaN,NaN,NaN,NaN
11,NaN,NaN,NaN,NaN,NaN,NaN,NaN,NaN
1,NaN,NaN,NaN,NaN,NaN,NaN,NaN,NaN
2,NaN,NaN,NaN,NaN,NaN,NaN,NaN,NaN
3,NaN,NaN,NaN,NaN,NaN,NaN,NaN,NaN
4,NaN,NaN,NaN,NaN,NaN,NaN,NaN,NaN
5,NaN,NaN,NaN,NaN,NaN,NaN,NaN,NaN
6,NaN,NaN,NaN,NaN,NaN,NaN,NaN,NaN
7,NaN,NaN,NaN,NaN,NaN,NaN,NaN,NaN
8,NaN,NaN,NaN,NaN,NaN,NaN,NaN,NaN
9,NaN,NaN,NaN,NaN,NaN,NaN,NaN,NaN
10,NaN,NaN,NaN,NaN,NaN,NaN,NaN,NaN
11,NaN,NaN,NaN,NaN,NaN,NaN,NaN,NaN
1,NaN,NaN,NaN,NaN,NaN,NaN,NaN,NaN
2,NaN,NaN,NaN,NaN,NaN,NaN,NaN,NaN
3,NaN,NaN,NaN,NaN,NaN,NaN,NaN,NaN
4,NaN,NaN,NaN,NaN,NaN,NaN,NaN,NaN
5,NaN,NaN,NaN,NaN,NaN,NaN,NaN,NaN
6,NaN,NaN,NaN,NaN,NaN,NaN,NaN,NaN
7,NaN,NaN,NaN,NaN,NaN,NaN,NaN,NaN
8,NaN,NaN,NaN,NaN,NaN,NaN,NaN,NaN
9,NaN,NaN,NaN,NaN,NaN,NaN,NaN,NaN
10,NaN,NaN,NaN,NaN,NaN,NaN,NaN,NaN
11,NaN,NaN,NaN,NaN,NaN,NaN,NaN,NaN
1,NaN,NaN,NaN,NaN,NaN,NaN,NaN,NaN
2,NaN,NaN,NaN,NaN,NaN,NaN,NaN,NaN
3,NaN,NaN,NaN,NaN,NaN,NaN,NaN,NaN
4,NaN,NaN,NaN,NaN,NaN,NaN,NaN,NaN
5,NaN,NaN,NaN,NaN,NaN,NaN,NaN,NaN
6,NaN,NaN,NaN,NaN,NaN,NaN,NaN,NaN
7,NaN,NaN,NaN,NaN,NaN,NaN,NaN,NaN
8,NaN,NaN,NaN,NaN,NaN,NaN,NaN,NaN
9,NaN,NaN,NaN,NaN,NaN,NaN,NaN,NaN
10,NaN,NaN,NaN,NaN,NaN,NaN,NaN,NaN
11,NaN,NaN,NaN,NaN,NaN,NaN,NaN,NaN
1,NaN,NaN,NaN,NaN,NaN,NaN,NaN,NaN
2,NaN,NaN,NaN,NaN,NaN,NaN,NaN,NaN
3,NaN,NaN,NaN,NaN,NaN,NaN,NaN,NaN
4,NaN,NaN,NaN,NaN,NaN,NaN,NaN,NaN
5,NaN,NaN,NaN,NaN,NaN,NaN,NaN,NaN
6,NaN,NaN,NaN,NaN,NaN,NaN,NaN,NaN
7,NaN,NaN,NaN,NaN,NaN,NaN,NaN,NaN
8,NaN,NaN,NaN,NaN,NaN,NaN,NaN,NaN
9,NaN,NaN,NaN,NaN,NaN,NaN,NaN,NaN
10,NaN,NaN,NaN,NaN,NaN,NaN,NaN,NaN
11,NaN,NaN,NaN,NaN,NaN,NaN,NaN,NaN
1,NaN,NaN,NaN,NaN,NaN,NaN,NaN,NaN
2,NaN,NaN,NaN,NaN,NaN,NaN,NaN,NaN
3,NaN,NaN,NaN,NaN,NaN,NaN,NaN,NaN
4,NaN,NaN,NaN,NaN,NaN,NaN,NaN,NaN
5,NaN,NaN,NaN,NaN,NaN,NaN,NaN,NaN
6,NaN,NaN,NaN,NaN,NaN,NaN,NaN,NaN
7,NaN,NaN,NaN,NaN,NaN,NaN,NaN,NaN
8,NaN,NaN,NaN,NaN,NaN,NaN,NaN,NaN
9,NaN,NaN,NaN,NaN,NaN,NaN,NaN,NaN
10,NaN,NaN,NaN,NaN,NaN,NaN,NaN,NaN
11,NaN,NaN,NaN,NaN,NaN,NaN,NaN,NaN
1,NaN,NaN,NaN,NaN,NaN,NaN,NaN,NaN
2,NaN,NaN,NaN,NaN,NaN,NaN,NaN,NaN
3,NaN,NaN,NaN,NaN,NaN,NaN,NaN,NaN
4,NaN,NaN,NaN,NaN,NaN,NaN,NaN,NaN
5,NaN,NaN,NaN,NaN,NaN,NaN,NaN,NaN
6,NaN,NaN,NaN,NaN,NaN,NaN,NaN,NaN
7,NaN,NaN,NaN,NaN,NaN,NaN,NaN,NaN
8,NaN,NaN,NaN,NaN,NaN,NaN,NaN,NaN
9,NaN,NaN,NaN,NaN,NaN,NaN,NaN,NaN
10,NaN,NaN,NaN,NaN,NaN,NaN,NaN,NaN
11,NaN,NaN,NaN,NaN,NaN,NaN,NaN,NaN
1,NaN,NaN,NaN,NaN,NaN,NaN,NaN,NaN
2,NaN,NaN,NaN,NaN,NaN,NaN,NaN,NaN
3,NaN,NaN,NaN,NaN,NaN,NaN,NaN,NaN
4,NaN,NaN,NaN,NaN,NaN,NaN,NaN,NaN
5,NaN,NaN,NaN,NaN,NaN,NaN,NaN,NaN
6,NaN,NaN,NaN,NaN,NaN,NaN,NaN,NaN
7,NaN,NaN,NaN,NaN,NaN,NaN,NaN,NaN
8,NaN,NaN,NaN,NaN,NaN,NaN,NaN,NaN
9,NaN,NaN,NaN,NaN,NaN,NaN,NaN,NaN
10,NaN,NaN,NaN,NaN,NaN,NaN,NaN,NaN
11,NaN,NaN,NaN,NaN,NaN,NaN,NaN,NaN
1,NaN,NaN,NaN,NaN,NaN,NaN,NaN,NaN
2,NaN,NaN,NaN,NaN,NaN,NaN,NaN,NaN
3,NaN,NaN,NaN,NaN,NaN,NaN,NaN,NaN
4,NaN,NaN,NaN,NaN,NaN,NaN,NaN,NaN
5,NaN,NaN,NaN,NaN,NaN,NaN,NaN,NaN
6,NaN,NaN,NaN,NaN,NaN,NaN,NaN,NaN
7,NaN,NaN,NaN,NaN,NaN,NaN,NaN,NaN
8,NaN,NaN,NaN,NaN,NaN,NaN,NaN,NaN
9,NaN,NaN,NaN,NaN,NaN,NaN,NaN,NaN
10,NaN,NaN,NaN,NaN,NaN,NaN,NaN,NaN
11,NaN,NaN,NaN,NaN,NaN,NaN,NaN,NaN
1,NaN,NaN,NaN,NaN,NaN,NaN,NaN,NaN
2,NaN,NaN,NaN,NaN,NaN,NaN,NaN,NaN
3,NaN,NaN,NaN,NaN,NaN,NaN,NaN,NaN
4,NaN,NaN,NaN,NaN,NaN,NaN,NaN,NaN
5,NaN,NaN,NaN,NaN,NaN,NaN,NaN,NaN
6,NaN,NaN,NaN,NaN,NaN,NaN,NaN,NaN
7,NaN,NaN,NaN,NaN,NaN,NaN,NaN,NaN
8,NaN,NaN,NaN,NaN,NaN,NaN,NaN,NaN
9,NaN,NaN,NaN,NaN,NaN,NaN,NaN,NaN
10,NaN,NaN,NaN,NaN,NaN,NaN,NaN,NaN
11,NaN,NaN,NaN,NaN,NaN,NaN,NaN,NaN
1,NaN,NaN,NaN,NaN,NaN,NaN,NaN,NaN
2,NaN,NaN,NaN,NaN,NaN,NaN,NaN,NaN
3,NaN,NaN,NaN,NaN,NaN,NaN,NaN,NaN
4,NaN,NaN,NaN,NaN,NaN,NaN,NaN,NaN
5,NaN,NaN,NaN,NaN,NaN,NaN,NaN,NaN
6,NaN,NaN,NaN,NaN,NaN,NaN,NaN,NaN
7,NaN,NaN,NaN,NaN,NaN,NaN,NaN,NaN
8,NaN,NaN,NaN,NaN,NaN,NaN,NaN,NaN
9,NaN,NaN,NaN,NaN,NaN,NaN,NaN,NaN
10,NaN,NaN,NaN,NaN,NaN,NaN,NaN,NaN
11,NaN,NaN,NaN,NaN,NaN,NaN,NaN,NaN
1,NaN,NaN,NaN,NaN,NaN,NaN,NaN,NaN
2,NaN,NaN,NaN,NaN,NaN,NaN,NaN,NaN
3,NaN,NaN,NaN,NaN,NaN,NaN,NaN,NaN
4,NaN,NaN,NaN,NaN,NaN,NaN,NaN,NaN
5,NaN,NaN,NaN,NaN,NaN,NaN,NaN,NaN
6,NaN,NaN,NaN,NaN,NaN,NaN,NaN,NaN
7,NaN,NaN,NaN,NaN,NaN,NaN,NaN,NaN
8,NaN,NaN,NaN,NaN,NaN,NaN,NaN,NaN
9,NaN,NaN,NaN,NaN,NaN,NaN,NaN,NaN
10,NaN,NaN,NaN,NaN,NaN,NaN,NaN,NaN
11,NaN,NaN,NaN,NaN,NaN,NaN,NaN,NaN
1,NaN,NaN,NaN,NaN,NaN,NaN,NaN,NaN
2,NaN,NaN,NaN,NaN,NaN,NaN,NaN,NaN
3,NaN,NaN,NaN,NaN,NaN,NaN,NaN,NaN
4,NaN,NaN,NaN,NaN,NaN,NaN,NaN,NaN
5,NaN,NaN,NaN,NaN,NaN,NaN,NaN,NaN
6,NaN,NaN,NaN,NaN,NaN,NaN,NaN,NaN
7,NaN,NaN,NaN,NaN,NaN,NaN,NaN,NaN
8,NaN,NaN,NaN,NaN,NaN,NaN,NaN,NaN
9,NaN,NaN,NaN,NaN,NaN,NaN,NaN,NaN
10,NaN,NaN,NaN,NaN,NaN,NaN,NaN,NaN
11,NaN,NaN,NaN,NaN,NaN,NaN,NaN,NaN
1,NaN,NaN,NaN,NaN,NaN,NaN,NaN,NaN
2,NaN,NaN,NaN,NaN,NaN,NaN,NaN,NaN
3,NaN,NaN,NaN,NaN,NaN,NaN,NaN,NaN
4,NaN,NaN,NaN,NaN,NaN,NaN,NaN,NaN
5,NaN,NaN,NaN,NaN,NaN,NaN,NaN,NaN
6,NaN,NaN,NaN,NaN,NaN,NaN,NaN,NaN
7,NaN,NaN,NaN,NaN,NaN,NaN,NaN,NaN
8,NaN,NaN,NaN,NaN,NaN,NaN,NaN,NaN
9,NaN,NaN,NaN,NaN,NaN,NaN,NaN,NaN
10,NaN,NaN,NaN,NaN,NaN,NaN,NaN,NaN
11,NaN,NaN,NaN,NaN,NaN,NaN,NaN,NaN
1,NaN,NaN,NaN,NaN,NaN,NaN,NaN,NaN
2,NaN,NaN,NaN,NaN,NaN,NaN,NaN,NaN
3,NaN,NaN,NaN,NaN,NaN,NaN,NaN,NaN
4,NaN,NaN,NaN,NaN,NaN,NaN,NaN,NaN
5,NaN,NaN,NaN,NaN,NaN,NaN,NaN,NaN
6,NaN,NaN,NaN,NaN,NaN,NaN,NaN,NaN
7,NaN,NaN,NaN,NaN,NaN,NaN,NaN,NaN
8,NaN,NaN,NaN,NaN,NaN,NaN,NaN,NaN
9,NaN,NaN,NaN,NaN,NaN,NaN,NaN,NaN
10,NaN,NaN,NaN,NaN,NaN,NaN,NaN,NaN
11,NaN,NaN,NaN,NaN,NaN,NaN,NaN,NaN
1,NaN,NaN,NaN,NaN,NaN,NaN,NaN,NaN
2,NaN,NaN,NaN,NaN,NaN,NaN,NaN,NaN
3,NaN,NaN,NaN,NaN,NaN,NaN,NaN,NaN
4,NaN,NaN,NaN,NaN,NaN,NaN,NaN,NaN
5,NaN,NaN,NaN,NaN,NaN,NaN,NaN,NaN
6,NaN,NaN,NaN,NaN,NaN,NaN,NaN,NaN
7,NaN,NaN,NaN,NaN,NaN,NaN,NaN,NaN
8,NaN,NaN,NaN,NaN,NaN,NaN,NaN,NaN
9,NaN,NaN,NaN,NaN,NaN,NaN,NaN,NaN
10,NaN,NaN,NaN,NaN,NaN,NaN,NaN,NaN
11,NaN,NaN,NaN,NaN,NaN,NaN,NaN,NaN
1,NaN,NaN,NaN,NaN,NaN,NaN,NaN,NaN
2,NaN,NaN,NaN,NaN,NaN,NaN,NaN,NaN
3,NaN,NaN,NaN,NaN,NaN,NaN,NaN,NaN
4,NaN,NaN,NaN,NaN,NaN,NaN,NaN,NaN
5,NaN,NaN,NaN,NaN,NaN,NaN,NaN,NaN
6,NaN,NaN,NaN,NaN,NaN,NaN,NaN,NaN
7,NaN,NaN,NaN,NaN,NaN,NaN,NaN,NaN
8,NaN,NaN,NaN,NaN,NaN,NaN,NaN,NaN
9,NaN,NaN,NaN,NaN,NaN,NaN,NaN,NaN
10,NaN,NaN,NaN,NaN,NaN,NaN,NaN,NaN
11,NaN,NaN,NaN,NaN,NaN,NaN,NaN,NaN
1,NaN,NaN,NaN,NaN,NaN,NaN,NaN,NaN
2,NaN,NaN,NaN,NaN,NaN,NaN,NaN,NaN
3,NaN,NaN,NaN,NaN,NaN,NaN,NaN,NaN
4,NaN,NaN,NaN,NaN,NaN,NaN,NaN,NaN
5,NaN,NaN,NaN,NaN,NaN,NaN,NaN,NaN
6,NaN,NaN,NaN,NaN,NaN,NaN,NaN,NaN
7,NaN,NaN,NaN,NaN,NaN,NaN,NaN,NaN
8,NaN,NaN,NaN,NaN,NaN,NaN,NaN,NaN
9,NaN,NaN,NaN,NaN,NaN,NaN,NaN,NaN
10,NaN,NaN,NaN,NaN,NaN,NaN,NaN,NaN
11,NaN,NaN,NaN,NaN,NaN,NaN,NaN,NaN
1,NaN,NaN,NaN,NaN,NaN,NaN,NaN,NaN
2,NaN,NaN,NaN,NaN,NaN,NaN,NaN,NaN
3,NaN,NaN,NaN,NaN,NaN,NaN,NaN,NaN
4,NaN,NaN,NaN,NaN,NaN,NaN,NaN,NaN
5,NaN,NaN,NaN,NaN,NaN,NaN,NaN,NaN
6,NaN,NaN,NaN,NaN,NaN,NaN,NaN,NaN
7,NaN,NaN,NaN,NaN,NaN,NaN,NaN,NaN
8,NaN,NaN,NaN,NaN,NaN,NaN,NaN,NaN
9,NaN,NaN,NaN,NaN,NaN,NaN,NaN,NaN
10,NaN,NaN,NaN,NaN,NaN,NaN,NaN,NaN
11,NaN,NaN,NaN,NaN,NaN,NaN,NaN,NaN
1,NaN,NaN,NaN,NaN,NaN,NaN,NaN,NaN
2,NaN,NaN,NaN,NaN,NaN,NaN,NaN,NaN
3,NaN,NaN,NaN,NaN,NaN,NaN,NaN,NaN
4,NaN,NaN,NaN,NaN,NaN,NaN,NaN,NaN
5,NaN,NaN,NaN,NaN,NaN,NaN,NaN,NaN
6,NaN,NaN,NaN,NaN,NaN,NaN,NaN,NaN
7,NaN,NaN,NaN,NaN,NaN,NaN,NaN,NaN
8,NaN,NaN,NaN,NaN,NaN,NaN,NaN,NaN
9,NaN,NaN,NaN,NaN,NaN,NaN,NaN,NaN
10,NaN,NaN,NaN,NaN,NaN,NaN,NaN,NaN
11,NaN,NaN,NaN,NaN,NaN,NaN,NaN,NaN
1,NaN,NaN,NaN,NaN,NaN,NaN,NaN,NaN
2,NaN,NaN,NaN,NaN,NaN,NaN,NaN,NaN
3,NaN,NaN,NaN,NaN,NaN,NaN,NaN,NaN
4,NaN,NaN,NaN,NaN,NaN,NaN,NaN,NaN
5,NaN,NaN,NaN,NaN,NaN,NaN,NaN,NaN
6,NaN,NaN,NaN,NaN,NaN,NaN,NaN,NaN
7,NaN,NaN,NaN,NaN,NaN,NaN,NaN,NaN
8,NaN,NaN,NaN,NaN,NaN,NaN,NaN,NaN
9,NaN,NaN,NaN,NaN,NaN,NaN,NaN,NaN
10,NaN,NaN,NaN,NaN,NaN,NaN,NaN,NaN
11,NaN,NaN,NaN,NaN,NaN,NaN,NaN,NaN
1,NaN,NaN,NaN,NaN,NaN,NaN,NaN,NaN
2,NaN,NaN,NaN,NaN,NaN,NaN,NaN,NaN
3,NaN,NaN,NaN,NaN,NaN,NaN,NaN,NaN
4,NaN,NaN,NaN,NaN,NaN,NaN,NaN,NaN
5,NaN,NaN,NaN,NaN,NaN,NaN,NaN,NaN
6,NaN,NaN,NaN,NaN,NaN,NaN,NaN,NaN
7,NaN,NaN,NaN,NaN,NaN,NaN,NaN,NaN
8,NaN,NaN,NaN,NaN,NaN,NaN,NaN,NaN
9,NaN,NaN,NaN,NaN,NaN,NaN,NaN,NaN
10,NaN,NaN,NaN,NaN,NaN,NaN,NaN,NaN
11,NaN,NaN,NaN,NaN,NaN,NaN,NaN,NaN
1,NaN,NaN,NaN,NaN,NaN,NaN,NaN,NaN
2,NaN,NaN,NaN,NaN,NaN,NaN,NaN,NaN
3,NaN,NaN,NaN,NaN,NaN,NaN,NaN,NaN
4,NaN,NaN,NaN,NaN,NaN,NaN,NaN,NaN
5,NaN,NaN,NaN,NaN,NaN,NaN,NaN,NaN
6,NaN,NaN,NaN,NaN,NaN,NaN,NaN,NaN
7,NaN,NaN,NaN,NaN,NaN,NaN,NaN,NaN
8,NaN,NaN,NaN,NaN,NaN,NaN,NaN,NaN
9,NaN,NaN,NaN,NaN,NaN,NaN,NaN,NaN
10,NaN,NaN,NaN,NaN,NaN,NaN,NaN,NaN
11,NaN,NaN,NaN,NaN,NaN,NaN,NaN,NaN
1,NaN,NaN,NaN,NaN,NaN,NaN,NaN,NaN
2,NaN,NaN,NaN,NaN,NaN,NaN,NaN,NaN
3,NaN,NaN,NaN,NaN,NaN,NaN,NaN,NaN
4,NaN,NaN,NaN,NaN,NaN,NaN,NaN,NaN
5,NaN,NaN,NaN,NaN,NaN,NaN,NaN,NaN
6,NaN,NaN,NaN,NaN,NaN,NaN,NaN,NaN
7,NaN,NaN,NaN,NaN,NaN,NaN,NaN,NaN
8,NaN,NaN,NaN,NaN,NaN,NaN,NaN,NaN
9,NaN,NaN,NaN,NaN,NaN,NaN,NaN,NaN
10,NaN,NaN,NaN,NaN,NaN,NaN,NaN,NaN
11,NaN,NaN,NaN,NaN,NaN,NaN,NaN,NaN
1,NaN,NaN,NaN,NaN,NaN,NaN,NaN,NaN
2,NaN,NaN,NaN,NaN,NaN,NaN,NaN,NaN
3,NaN,NaN,NaN,NaN,NaN,NaN,NaN,NaN
4,NaN,NaN,NaN,NaN,NaN,NaN,NaN,NaN
5,NaN,NaN,NaN,NaN,NaN,NaN,NaN,NaN
6,NaN,NaN,NaN,NaN,NaN,NaN,NaN,NaN
7,NaN,NaN,NaN,NaN,NaN,NaN,NaN,NaN
8,NaN,NaN,NaN,NaN,NaN,NaN,NaN,NaN
9,NaN,NaN,NaN,NaN,NaN,NaN,NaN,NaN
10,NaN,NaN,NaN,NaN,NaN,NaN,NaN,NaN
11,NaN,NaN,NaN,NaN,NaN,NaN,NaN,NaN
1,NaN,NaN,NaN,NaN,NaN,NaN,NaN,NaN
2,NaN,NaN,NaN,NaN,NaN,NaN,NaN,NaN
3,NaN,NaN,NaN,NaN,NaN,NaN,NaN,NaN
4,NaN,NaN,NaN,NaN,NaN,NaN,NaN,NaN
5,NaN,NaN,NaN,NaN,NaN,NaN,NaN,NaN
6,NaN,NaN,NaN,NaN,NaN,NaN,NaN,NaN
7,NaN,NaN,NaN,NaN,NaN,NaN,NaN,NaN
8,NaN,NaN,NaN,NaN,NaN,NaN,NaN,NaN
9,NaN,NaN,NaN,NaN,NaN,NaN,NaN,NaN
10,NaN,NaN,NaN,NaN,NaN,NaN,NaN,NaN
11,NaN,NaN,NaN,NaN,NaN,NaN,NaN,NaN
1,NaN,NaN,NaN,NaN,NaN,NaN,NaN,NaN
2,NaN,NaN,NaN,NaN,NaN,NaN,NaN,NaN
3,NaN,NaN,NaN,NaN,NaN,NaN,NaN,NaN
4,NaN,NaN,NaN,NaN,NaN,NaN,NaN,NaN
5,NaN,NaN,NaN,NaN,NaN,NaN,NaN,NaN
6,NaN,NaN,NaN,NaN,NaN,NaN,NaN,NaN
7,NaN,NaN,NaN,NaN,NaN,NaN,NaN,NaN
8,NaN,NaN,NaN,NaN,NaN,NaN,NaN,NaN
9,NaN,NaN,NaN,NaN,NaN,NaN,NaN,NaN
10,NaN,NaN,NaN,NaN,NaN,NaN,NaN,NaN
11,NaN,NaN,NaN,NaN,NaN,NaN,NaN,NaN
1,NaN,NaN,NaN,NaN,NaN,NaN,NaN,NaN
2,NaN,NaN,NaN,NaN,NaN,NaN,NaN,NaN
3,NaN,NaN,NaN,NaN,NaN,NaN,NaN,NaN
4,NaN,NaN,NaN,NaN,NaN,NaN,NaN,NaN
5,NaN,NaN,NaN,NaN,NaN,NaN,NaN,NaN
6,NaN,NaN,NaN,NaN,NaN,NaN,NaN,NaN
7,NaN,NaN,NaN,NaN,NaN,NaN,NaN,NaN
8,NaN,NaN,NaN,NaN,NaN,NaN,NaN,NaN
9,NaN,NaN,NaN,NaN,NaN,NaN,NaN,NaN
10,NaN,NaN,NaN,NaN,NaN,NaN,NaN,NaN
11,NaN,NaN,NaN,NaN,NaN,NaN,NaN,NaN
1,NaN,NaN,NaN,NaN,NaN,NaN,NaN,NaN
2,NaN,NaN,NaN,NaN,NaN,NaN,NaN,NaN
3,NaN,NaN,NaN,NaN,NaN,NaN,NaN,NaN
4,NaN,NaN,NaN,NaN,NaN,NaN,NaN,NaN
5,NaN,NaN,NaN,NaN,NaN,NaN,NaN,NaN
6,NaN,NaN,NaN,NaN,NaN,NaN,NaN,NaN
7,NaN,NaN,NaN,NaN,NaN,NaN,NaN,NaN
8,NaN,NaN,NaN,NaN,NaN,NaN,NaN,NaN
9,NaN,NaN,NaN,NaN,NaN,NaN,NaN,NaN
10,NaN,NaN,NaN,NaN,NaN,NaN,NaN,NaN
11,NaN,NaN,NaN,NaN,NaN,NaN,NaN,NaN
1,NaN,NaN,NaN,NaN,NaN,NaN,NaN,NaN
2,NaN,NaN,NaN,NaN,NaN,NaN,NaN,NaN
3,NaN,NaN,NaN,NaN,NaN,NaN,NaN,NaN
4,NaN,NaN,NaN,NaN,NaN,NaN,NaN,NaN
5,NaN,NaN,NaN,NaN,NaN,NaN,NaN,NaN
6,NaN,NaN,NaN,NaN,NaN,NaN,NaN,NaN
7,NaN,NaN,NaN,NaN,NaN,NaN,NaN,NaN
8,NaN,NaN,NaN,NaN,NaN,NaN,NaN,NaN
9,NaN,NaN,NaN,NaN,NaN,NaN,NaN,NaN
10,NaN,NaN,NaN,NaN,NaN,NaN,NaN,NaN
11,NaN,NaN,NaN,NaN,NaN,NaN,NaN,NaN
1,NaN,NaN,NaN,NaN,NaN,NaN,NaN,NaN
2,NaN,NaN,NaN,NaN,NaN,NaN,NaN,NaN
3,NaN,NaN,NaN,NaN,NaN,NaN,NaN,NaN
4,NaN,NaN,NaN,NaN,NaN,NaN,NaN,NaN
5,NaN,NaN,NaN,NaN,NaN,NaN,NaN,NaN
6,NaN,NaN,NaN,NaN,NaN,NaN,NaN,NaN
7,NaN,NaN,NaN,NaN,NaN,NaN,NaN,NaN
8,NaN,NaN,NaN,NaN,NaN,NaN,NaN,NaN
9,NaN,NaN,NaN,NaN,NaN,NaN,NaN,NaN
10,NaN,NaN,NaN,NaN,NaN,NaN,NaN,NaN
11,NaN,NaN,NaN,NaN,NaN,NaN,NaN,NaN
1,NaN,NaN,NaN,NaN,NaN,NaN,NaN,NaN
2,NaN,NaN,NaN,NaN,NaN,NaN,NaN,NaN
3,NaN,NaN,NaN,NaN,NaN,NaN,NaN,NaN
4,NaN,NaN,NaN,NaN,NaN,NaN,NaN,NaN
5,NaN,NaN,NaN,NaN,NaN,NaN,NaN,NaN
6,NaN,NaN,NaN,NaN,NaN,NaN,NaN,NaN
7,NaN,NaN,NaN,NaN,NaN,NaN,NaN,NaN
8,NaN,NaN,NaN,NaN,NaN,NaN,NaN,NaN
9,NaN,NaN,NaN,NaN,NaN,NaN,NaN,NaN
10,NaN,NaN,NaN,NaN,NaN,NaN,NaN,NaN
11,NaN,NaN,NaN,NaN,NaN,NaN,NaN,NaN
1,NaN,NaN,NaN,NaN,NaN,NaN,NaN,NaN
2,NaN,NaN,NaN,NaN,NaN,NaN,NaN,NaN
3,NaN,NaN,NaN,NaN,NaN,NaN,NaN,NaN
4,NaN,NaN,NaN,NaN,NaN,NaN,NaN,NaN
5,NaN,NaN,NaN,NaN,NaN,NaN,NaN,NaN
6,NaN,NaN,NaN,NaN,NaN,NaN,NaN,NaN
7,NaN,NaN,NaN,NaN,NaN,NaN,NaN,NaN
8,NaN,NaN,NaN,NaN,NaN,NaN,NaN,NaN
9,NaN,NaN,NaN,NaN,NaN,NaN,NaN,NaN
10,NaN,NaN,NaN,NaN,NaN,NaN,NaN,NaN
11,NaN,NaN,NaN,NaN,NaN,NaN,NaN,NaN
1,NaN,NaN,NaN,NaN,NaN,NaN,NaN,NaN
2,NaN,NaN,NaN,NaN,NaN,NaN,NaN,NaN
3,NaN,NaN,NaN,NaN,NaN,NaN,NaN,NaN
4,NaN,NaN,NaN,NaN,NaN,NaN,NaN,NaN
5,NaN,NaN,NaN,NaN,NaN,NaN,NaN,NaN
6,NaN,NaN,NaN,NaN,NaN,NaN,NaN,NaN
7,NaN,NaN,NaN,NaN,NaN,NaN,NaN,NaN
8,NaN,NaN,NaN,NaN,NaN,NaN,NaN,NaN
9,NaN,NaN,NaN,NaN,NaN,NaN,NaN,NaN
10,NaN,NaN,NaN,NaN,NaN,NaN,NaN,NaN
11,NaN,NaN,NaN,NaN,NaN,NaN,NaN,NaN
1,NaN,NaN,NaN,NaN,NaN,NaN,NaN,NaN
2,NaN,NaN,NaN,NaN,NaN,NaN,NaN,NaN
3,NaN,NaN,NaN,NaN,NaN,NaN,NaN,NaN
4,NaN,NaN,NaN,NaN,NaN,NaN,NaN,NaN
5,NaN,NaN,NaN,NaN,NaN,NaN,NaN,NaN
6,NaN,NaN,NaN,NaN,NaN,NaN,NaN,NaN
7,NaN,NaN,NaN,NaN,NaN,NaN,NaN,NaN
8,NaN,NaN,NaN,NaN,NaN,NaN,NaN,NaN
9,NaN,NaN,NaN,NaN,NaN,NaN,NaN,NaN
10,NaN,NaN,NaN,NaN,NaN,NaN,NaN,NaN
11,NaN,NaN,NaN,NaN,NaN,NaN,NaN,NaN
1,NaN,NaN,NaN,NaN,NaN,NaN,NaN,NaN
2,NaN,NaN,NaN,NaN,NaN,NaN,NaN,NaN
3,NaN,NaN,NaN,NaN,NaN,NaN,NaN,NaN
4,NaN,NaN,NaN,NaN,NaN,NaN,NaN,NaN
5,NaN,NaN,NaN,NaN,NaN,NaN,NaN,NaN
6,NaN,NaN,NaN,NaN,NaN,NaN,NaN,NaN
7,NaN,NaN,NaN,NaN,NaN,NaN,NaN,NaN
8,NaN,NaN,NaN,NaN,NaN,NaN,NaN,NaN
9,NaN,NaN,NaN,NaN,NaN,NaN,NaN,NaN
10,NaN,NaN,NaN,NaN,NaN,NaN,NaN,NaN
11,NaN,NaN,NaN,NaN,NaN,NaN,NaN,NaN
1,NaN,NaN,NaN,NaN,NaN,NaN,NaN,NaN
2,NaN,NaN,NaN,NaN,NaN,NaN,NaN,NaN
3,NaN,NaN,NaN,NaN,NaN,NaN,NaN,NaN
4,NaN,NaN,NaN,NaN,NaN,NaN,NaN,NaN
5,NaN,NaN,NaN,NaN,NaN,NaN,NaN,NaN
6,NaN,NaN,NaN,NaN,NaN,NaN,NaN,NaN
7,NaN,NaN,NaN,NaN,NaN,NaN,NaN,NaN
8,NaN,NaN,NaN,NaN,NaN,NaN,NaN,NaN
9,NaN,NaN,NaN,NaN,NaN,NaN,NaN,NaN
10,NaN,NaN,NaN,NaN,NaN,NaN,NaN,NaN
11,NaN,NaN,NaN,NaN,NaN,NaN,NaN,NaN
1,NaN,NaN,NaN,NaN,NaN,NaN,NaN,NaN
2,NaN,NaN,NaN,NaN,NaN,NaN,NaN,NaN
3,NaN,NaN,NaN,NaN,NaN,NaN,NaN,NaN
4,NaN,NaN,NaN,NaN,NaN,NaN,NaN,NaN
5,NaN,NaN,NaN,NaN,NaN,NaN,NaN,NaN
6,NaN,NaN,NaN,NaN,NaN,NaN,NaN,NaN
7,NaN,NaN,NaN,NaN,NaN,NaN,NaN,NaN
8,NaN,NaN,NaN,NaN,NaN,NaN,NaN,NaN
9,NaN,NaN,NaN,NaN,NaN,NaN,NaN,NaN
10,NaN,NaN,NaN,NaN,NaN,NaN,NaN,NaN
11,NaN,NaN,NaN,NaN,NaN,NaN,NaN,NaN
1,NaN,NaN,NaN,NaN,NaN,NaN,NaN,NaN
2,NaN,NaN,NaN,NaN,NaN,NaN,NaN,NaN
3,NaN,NaN,NaN,NaN,NaN,NaN,NaN,NaN
4,NaN,NaN,NaN,NaN,NaN,NaN,NaN,NaN
5,NaN,NaN,NaN,NaN,NaN,NaN,NaN,NaN
6,NaN,NaN,NaN,NaN,NaN,NaN,NaN,NaN
7,NaN,NaN,NaN,NaN,NaN,NaN,NaN,NaN
8,NaN,NaN,NaN,NaN,NaN,NaN,NaN,NaN
9,NaN,NaN,NaN,NaN,NaN,NaN,NaN,NaN
10,NaN,NaN,NaN,NaN,NaN,NaN,NaN,NaN
11,NaN,NaN,NaN,NaN,NaN,NaN,NaN,NaN
1,NaN,NaN,NaN,NaN,NaN,NaN,NaN,NaN
2,NaN,NaN,NaN,NaN,NaN,NaN,NaN,NaN
3,NaN,NaN,NaN,NaN,NaN,NaN,NaN,NaN
4,NaN,NaN,NaN,NaN,NaN,NaN,NaN,NaN
5,NaN,NaN,NaN,NaN,NaN,NaN,NaN,NaN
6,NaN,NaN,NaN,NaN,NaN,NaN,NaN,NaN
7,NaN,NaN,NaN,NaN,NaN,NaN,NaN,NaN
8,NaN,NaN,NaN,NaN,NaN,NaN,NaN,NaN
9,NaN,NaN,NaN,NaN,NaN,NaN,NaN,NaN
10,NaN,NaN,NaN,NaN,NaN,NaN,NaN,NaN
11,NaN,NaN,NaN,NaN,NaN,NaN,NaN,NaN
1,NaN,NaN,NaN,NaN,NaN,NaN,NaN,NaN
2,NaN,NaN,NaN,NaN,NaN,NaN,NaN,NaN
3,NaN,NaN,NaN,NaN,NaN,NaN,NaN,NaN
4,NaN,NaN,NaN,NaN,NaN,NaN,NaN,NaN
5,NaN,NaN,NaN,NaN,NaN,NaN,NaN,NaN
6,NaN,NaN,NaN,NaN,NaN,NaN,NaN,NaN
7,NaN,NaN,NaN,NaN,NaN,NaN,NaN,NaN
8,NaN,NaN,NaN,NaN,NaN,NaN,NaN,NaN
9,NaN,NaN,NaN,NaN,NaN,NaN,NaN,NaN
10,NaN,NaN,NaN,NaN,NaN,NaN,NaN,NaN
11,NaN,NaN,NaN,NaN,NaN,NaN,NaN,NaN
1,NaN,NaN,NaN,NaN,NaN,NaN,NaN,NaN
2,NaN,NaN,NaN,NaN,NaN,NaN,NaN,NaN
3,NaN,NaN,NaN,NaN,NaN,NaN,NaN,NaN
4,NaN,NaN,NaN,NaN,NaN,NaN,NaN,NaN
5,NaN,NaN,NaN,NaN,NaN,NaN,NaN,NaN
6,NaN,NaN,NaN,NaN,NaN,NaN,NaN,NaN
7,NaN,NaN,NaN,NaN,NaN,NaN,NaN,NaN
8,NaN,NaN,NaN,NaN,NaN,NaN,NaN,NaN
9,NaN,NaN,NaN,NaN,NaN,NaN,NaN,NaN
10,NaN,NaN,NaN,NaN,NaN,NaN,NaN,NaN
11,NaN,NaN,NaN,NaN,NaN,NaN,NaN,NaN
1,NaN,NaN,NaN,NaN,NaN,NaN,NaN,NaN
2,NaN,NaN,NaN,NaN,NaN,NaN,NaN,NaN
3,NaN,NaN,NaN,NaN,NaN,NaN,NaN,NaN
4,NaN,NaN,NaN,NaN,NaN,NaN,NaN,NaN
5,NaN,NaN,NaN,NaN,NaN,NaN,NaN,NaN
6,NaN,NaN,NaN,NaN,NaN,NaN,NaN,NaN
7,NaN,NaN,NaN,NaN,NaN,NaN,NaN,NaN
8,NaN,NaN,NaN,NaN,NaN,NaN,NaN,NaN
9,NaN,NaN,NaN,NaN,NaN,NaN,NaN,NaN
10,NaN,NaN,NaN,NaN,NaN,NaN,NaN,NaN
11,NaN,NaN,NaN,NaN,NaN,NaN,NaN,NaN
1,NaN,NaN,NaN,NaN,NaN,NaN,NaN,NaN
2,NaN,NaN,NaN,NaN,NaN,NaN,NaN,NaN
3,NaN,NaN,NaN,NaN,NaN,NaN,NaN,NaN
4,NaN,NaN,NaN,NaN,NaN,NaN,NaN,NaN
5,NaN,NaN,NaN,NaN,NaN,NaN,NaN,NaN
6,NaN,NaN,NaN,NaN,NaN,NaN,NaN,NaN
7,NaN,NaN,NaN,NaN,NaN,NaN,NaN,NaN
8,NaN,NaN,NaN,NaN,NaN,NaN,NaN,NaN
9,NaN,NaN,NaN,NaN,NaN,NaN,NaN,NaN
10,NaN,NaN,NaN,NaN,NaN,NaN,NaN,NaN
11,NaN,NaN,NaN,NaN,NaN,NaN,NaN,NaN
1,NaN,NaN,NaN,NaN,NaN,NaN,NaN,NaN
2,NaN,NaN,NaN,NaN,NaN,NaN,NaN,NaN
3,NaN,NaN,NaN,NaN,NaN,NaN,NaN,NaN
4,NaN,NaN,NaN,NaN,NaN,NaN,NaN,NaN
5,NaN,NaN,NaN,NaN,NaN,NaN,NaN,NaN
6,NaN,NaN,NaN,NaN,NaN,NaN,NaN,NaN
7,NaN,NaN,NaN,NaN,NaN,NaN,NaN,NaN
8,NaN,NaN,NaN,NaN,NaN,NaN,NaN,NaN
9,NaN,NaN,NaN,NaN,NaN,NaN,NaN,NaN
10,NaN,NaN,NaN,NaN,NaN,NaN,NaN,NaN
11,NaN,NaN,NaN,NaN,NaN,NaN,NaN,NaN
1,NaN,NaN,NaN,NaN,NaN,NaN,NaN,NaN
2,NaN,NaN,NaN,NaN,NaN,NaN,NaN,NaN
3,NaN,NaN,NaN,NaN,NaN,NaN,NaN,NaN
4,NaN,NaN,NaN,NaN,NaN,NaN,NaN,NaN
5,NaN,NaN,NaN,NaN,NaN,NaN,NaN,NaN
6,NaN,NaN,NaN,NaN,NaN,NaN,NaN,NaN
7,NaN,NaN,NaN,NaN,NaN,NaN,NaN,NaN
8,NaN,NaN,NaN,NaN,NaN,NaN,NaN,NaN
9,NaN,NaN,NaN,NaN,NaN,NaN,NaN,NaN
10,NaN,NaN,NaN,NaN,NaN,NaN,NaN,NaN
11,NaN,NaN,NaN,NaN,NaN,NaN,NaN,NaN
1,NaN,NaN,NaN,NaN,NaN,NaN,NaN,NaN
2,NaN,NaN,NaN,NaN,NaN,NaN,NaN,NaN
3,NaN,NaN,NaN,NaN,NaN,NaN,NaN,NaN
4,NaN,NaN,NaN,NaN,NaN,NaN,NaN,NaN
5,NaN,NaN,NaN,NaN,NaN,NaN,NaN,NaN
6,NaN,NaN,NaN,NaN,NaN,NaN,NaN,NaN
7,NaN,NaN,NaN,NaN,NaN,NaN,NaN,NaN
8,NaN,NaN,NaN,NaN,NaN,NaN,NaN,NaN
9,NaN,NaN,NaN,NaN,NaN,NaN,NaN,NaN
10,NaN,NaN,NaN,NaN,NaN,NaN,NaN,NaN
11,NaN,NaN,NaN,NaN,NaN,NaN,NaN,NaN
1,NaN,NaN,NaN,NaN,NaN,NaN,NaN,NaN
2,NaN,NaN,NaN,NaN,NaN,NaN,NaN,NaN
3,NaN,NaN,NaN,NaN,NaN,NaN,NaN,NaN
4,NaN,NaN,NaN,NaN,NaN,NaN,NaN,NaN
5,NaN,NaN,NaN,NaN,NaN,NaN,NaN,NaN
6,NaN,NaN,NaN,NaN,NaN,NaN,NaN,NaN
7,NaN,NaN,NaN,NaN,NaN,NaN,NaN,NaN
8,NaN,NaN,NaN,NaN,NaN,NaN,NaN,NaN
9,NaN,NaN,NaN,NaN,NaN,NaN,NaN,NaN
10,NaN,NaN,NaN,NaN,NaN,NaN,NaN,NaN
11,NaN,NaN,NaN,NaN,NaN,NaN,NaN,NaN
1,NaN,NaN,NaN,NaN,NaN,NaN,NaN,NaN
2,NaN,NaN,NaN,NaN,NaN,NaN,NaN,NaN
3,NaN,NaN,NaN,NaN,NaN,NaN,NaN,NaN
4,NaN,NaN,NaN,NaN,NaN,NaN,NaN,NaN
5,NaN,NaN,NaN,NaN,NaN,NaN,NaN,NaN
6,NaN,NaN,NaN,NaN,NaN,NaN,NaN,NaN
7,NaN,NaN,NaN,NaN,NaN,NaN,NaN,NaN
8,NaN,NaN,NaN,NaN,NaN,NaN,NaN,NaN
9,NaN,NaN,NaN,NaN,NaN,NaN,NaN,NaN
10,NaN,NaN,NaN,NaN,NaN,NaN,NaN,NaN
11,NaN,NaN,NaN,NaN,NaN,NaN,NaN,NaN
1,NaN,NaN,NaN,NaN,NaN,NaN,NaN,NaN
2,NaN,NaN,NaN,NaN,NaN,NaN,NaN,NaN
3,NaN,NaN,NaN,NaN,NaN,NaN,NaN,NaN
4,NaN,NaN,NaN,NaN,NaN,NaN,NaN,NaN
5,NaN,NaN,NaN,NaN,NaN,NaN,NaN,NaN
6,NaN,NaN,NaN,NaN,NaN,NaN,NaN,NaN
7,NaN,NaN,NaN,NaN,NaN,NaN,NaN,NaN
8,NaN,NaN,NaN,NaN,NaN,NaN,NaN,NaN
9,NaN,NaN,NaN,NaN,NaN,NaN,NaN,NaN
10,NaN,NaN,NaN,NaN,NaN,NaN,NaN,NaN
11,NaN,NaN,NaN,NaN,NaN,NaN,NaN,NaN
1,NaN,NaN,NaN,NaN,NaN,NaN,NaN,NaN
2,NaN,NaN,NaN,NaN,NaN,NaN,NaN,NaN
3,NaN,NaN,NaN,NaN,NaN,NaN,NaN,NaN
4,NaN,NaN,NaN,NaN,NaN,NaN,NaN,NaN
5,NaN,NaN,NaN,NaN,NaN,NaN,NaN,NaN
6,NaN,NaN,NaN,NaN,NaN,NaN,NaN,NaN
7,NaN,NaN,NaN,NaN,NaN,NaN,NaN,NaN
8,NaN,NaN,NaN,NaN,NaN,NaN,NaN,NaN
9,NaN,NaN,NaN,NaN,NaN,NaN,NaN,NaN
10,NaN,NaN,NaN,NaN,NaN,NaN,NaN,NaN
11,NaN,NaN,NaN,NaN,NaN,NaN,NaN,NaN
1,NaN,NaN,NaN,NaN,NaN,NaN,NaN,NaN
2,NaN,NaN,NaN,NaN,NaN,NaN,NaN,NaN
3,NaN,NaN,NaN,NaN,NaN,NaN,NaN,NaN
4,NaN,NaN,NaN,NaN,NaN,NaN,NaN,NaN
5,NaN,NaN,NaN,NaN,NaN,NaN,NaN,NaN
6,NaN,NaN,NaN,NaN,NaN,NaN,NaN,NaN
7,NaN,NaN,NaN,NaN,NaN,NaN,NaN,NaN
8,NaN,NaN,NaN,NaN,NaN,NaN,NaN,NaN
9,NaN,NaN,NaN,NaN,NaN,NaN,NaN,NaN
10,NaN,NaN,NaN,NaN,NaN,NaN,NaN,NaN
11,NaN,NaN,NaN,NaN,NaN,NaN,NaN,NaN
1,NaN,NaN,NaN,NaN,NaN,NaN,NaN,NaN
2,NaN,NaN,NaN,NaN,NaN,NaN,NaN,NaN
3,NaN,NaN,NaN,NaN,NaN,NaN,NaN,NaN
4,NaN,NaN,NaN,NaN,NaN,NaN,NaN,NaN
5,NaN,NaN,NaN,NaN,NaN,NaN,NaN,NaN
6,NaN,NaN,NaN,NaN,NaN,NaN,NaN,NaN
7,NaN,NaN,NaN,NaN,NaN,NaN,NaN,NaN
8,NaN,NaN,NaN,NaN,NaN,NaN,NaN,NaN
9,NaN,NaN,NaN,NaN,NaN,NaN,NaN,NaN
10,NaN,NaN,NaN,NaN,NaN,NaN,NaN,NaN
11,NaN,NaN,NaN,NaN,NaN,NaN,NaN,NaN
1,NaN,NaN,NaN,NaN,NaN,NaN,NaN,NaN
2,NaN,NaN,NaN,NaN,NaN,NaN,NaN,NaN
3,NaN,NaN,NaN,NaN,NaN,NaN,NaN,NaN
4,NaN,NaN,NaN,NaN,NaN,NaN,NaN,NaN
5,NaN,NaN,NaN,NaN,NaN,NaN,NaN,NaN
6,NaN,NaN,NaN,NaN,NaN,NaN,NaN,NaN
7,NaN,NaN,NaN,NaN,NaN,NaN,NaN,NaN
8,NaN,NaN,NaN,NaN,NaN,NaN,NaN,NaN
9,NaN,NaN,NaN,NaN,NaN,NaN,NaN,NaN
10,NaN,NaN,NaN,NaN,NaN,NaN,NaN,NaN
11,NaN,NaN,NaN,NaN,NaN,NaN,NaN,NaN
1,NaN,NaN,NaN,NaN,NaN,NaN,NaN,NaN
2,NaN,NaN,NaN,NaN,NaN,NaN,NaN,NaN
3,NaN,NaN,NaN,NaN,NaN,NaN,NaN,NaN
4,NaN,NaN,NaN,NaN,NaN,NaN,NaN,NaN
5,NaN,NaN,NaN,NaN,NaN,NaN,NaN,NaN
6,NaN,NaN,NaN,NaN,NaN,NaN,NaN,NaN
7,NaN,NaN,NaN,NaN,NaN,NaN,NaN,NaN
8,NaN,NaN,NaN,NaN,NaN,NaN,NaN,NaN
9,NaN,NaN,NaN,NaN,NaN,NaN,NaN,NaN
10,NaN,NaN,NaN,NaN,NaN,NaN,NaN,NaN
11,NaN,NaN,NaN,NaN,NaN,NaN,NaN,NaN
1,NaN,NaN,NaN,NaN,NaN,NaN,NaN,NaN
2,NaN,NaN,NaN,NaN,NaN,NaN,NaN,NaN
3,NaN,NaN,NaN,NaN,NaN,NaN,NaN,NaN
4,NaN,NaN,NaN,NaN,NaN,NaN,NaN,NaN
5,NaN,NaN,NaN,NaN,NaN,NaN,NaN,NaN
6,NaN,NaN,NaN,NaN,NaN,NaN,NaN,NaN
7,NaN,NaN,NaN,NaN,NaN,NaN,NaN,NaN
8,NaN,NaN,NaN,NaN,NaN,NaN,NaN,NaN
9,NaN,NaN,NaN,NaN,NaN,NaN,NaN,NaN
10,NaN,NaN,NaN,NaN,NaN,NaN,NaN,NaN
11,NaN,NaN,NaN,NaN,NaN,NaN,NaN,NaN
1,NaN,NaN,NaN,NaN,NaN,NaN,NaN,NaN
2,NaN,NaN,NaN,NaN,NaN,NaN,NaN,NaN
3,NaN,NaN,NaN,NaN,NaN,NaN,NaN,NaN
4,NaN,NaN,NaN,NaN,NaN,NaN,NaN,NaN
5,NaN,NaN,NaN,NaN,NaN,NaN,NaN,NaN
6,NaN,NaN,NaN,NaN,NaN,NaN,NaN,NaN
7,NaN,NaN,NaN,NaN,NaN,NaN,NaN,NaN
8,NaN,NaN,NaN,NaN,NaN,NaN,NaN,NaN
9,NaN,NaN,NaN,NaN,NaN,NaN,NaN,NaN
10,NaN,NaN,NaN,NaN,NaN,NaN,NaN,NaN
11,NaN,NaN,NaN,NaN,NaN,NaN,NaN,NaN
1,NaN,NaN,NaN,NaN,NaN,NaN,NaN,NaN
2,NaN,NaN,NaN,NaN,NaN,NaN,NaN,NaN
3,NaN,NaN,NaN,NaN,NaN,NaN,NaN,NaN
4,NaN,NaN,NaN,NaN,NaN,NaN,NaN,NaN
5,NaN,NaN,NaN,NaN,NaN,NaN,NaN,NaN
6,NaN,NaN,NaN,NaN,NaN,NaN,NaN,NaN
7,NaN,NaN,NaN,NaN,NaN,NaN,NaN,NaN
8,NaN,NaN,NaN,NaN,NaN,NaN,NaN,NaN
9,NaN,NaN,NaN,NaN,NaN,NaN,NaN,NaN
10,NaN,NaN,NaN,NaN,NaN,NaN,NaN,NaN
11,NaN,NaN,NaN,NaN,NaN,NaN,NaN,NaN
1,NaN,NaN,NaN,NaN,NaN,NaN,NaN,NaN
2,NaN,NaN,NaN,NaN,NaN,NaN,NaN,NaN
3,NaN,NaN,NaN,NaN,NaN,NaN,NaN,NaN
4,NaN,NaN,NaN,NaN,NaN,NaN,NaN,NaN
5,NaN,NaN,NaN,NaN,NaN,NaN,NaN,NaN
6,NaN,NaN,NaN,NaN,NaN,NaN,NaN,NaN
7,NaN,NaN,NaN,NaN,NaN,NaN,NaN,NaN
8,NaN,NaN,NaN,NaN,NaN,NaN,NaN,NaN
9,NaN,NaN,NaN,NaN,NaN,NaN,NaN,NaN
10,NaN,NaN,NaN,NaN,NaN,NaN,NaN,NaN
11,NaN,NaN,NaN,NaN,NaN,NaN,NaN,NaN
1,NaN,NaN,NaN,NaN,NaN,NaN,NaN,NaN
2,NaN,NaN,NaN,NaN,NaN,NaN,NaN,NaN
3,NaN,NaN,NaN,NaN,NaN,NaN,NaN,NaN
4,NaN,NaN,NaN,NaN,NaN,NaN,NaN,NaN
5,NaN,NaN,NaN,NaN,NaN,NaN,NaN,NaN
6,NaN,NaN,NaN,NaN,NaN,NaN,NaN,NaN
7,NaN,NaN,NaN,NaN,NaN,NaN,NaN,NaN
8,NaN,NaN,NaN,NaN,NaN,NaN,NaN,NaN
9,NaN,NaN,NaN,NaN,NaN,NaN,NaN,NaN
10,NaN,NaN,NaN,NaN,NaN,NaN,NaN,NaN
11,NaN,NaN,NaN,NaN,NaN,NaN,NaN,NaN
1,NaN,NaN,NaN,NaN,NaN,NaN,NaN,NaN
2,NaN,NaN,NaN,NaN,NaN,NaN,NaN,NaN
3,NaN,NaN,NaN,NaN,NaN,NaN,NaN,NaN
4,NaN,NaN,NaN,NaN,NaN,NaN,NaN,NaN
5,NaN,NaN,NaN,NaN,NaN,NaN,NaN,NaN
6,NaN,NaN,NaN,NaN,NaN,NaN,NaN,NaN
7,NaN,NaN,NaN,NaN,NaN,NaN,NaN,NaN
8,NaN,NaN,NaN,NaN,NaN,NaN,NaN,NaN
9,NaN,NaN,NaN,NaN,NaN,NaN,NaN,NaN
10,NaN,NaN,NaN,NaN,NaN,NaN,NaN,NaN
11,NaN,NaN,NaN,NaN,NaN,NaN,NaN,NaN
1,NaN,NaN,NaN,NaN,NaN,NaN,NaN,NaN
2,NaN,NaN,NaN,NaN,NaN,NaN,NaN,NaN
3,NaN,NaN,NaN,NaN,NaN,NaN,NaN,NaN
4,NaN,NaN,NaN,NaN,NaN,NaN,NaN,NaN
5,NaN,NaN,NaN,NaN,NaN,NaN,NaN,NaN
6,NaN,NaN,NaN,NaN,NaN,NaN,NaN,NaN
7,NaN,NaN,NaN,NaN,NaN,NaN,NaN,NaN
8,NaN,NaN,NaN,NaN,NaN,NaN,NaN,NaN
9,NaN,NaN,NaN,NaN,NaN,NaN,NaN,NaN
10,NaN,NaN,NaN,NaN,NaN,NaN,NaN,NaN
11,NaN,NaN,NaN,NaN,NaN,NaN,NaN,NaN
1,NaN,NaN,NaN,NaN,NaN,NaN,NaN,NaN
2,NaN,NaN,NaN,NaN,NaN,NaN,NaN,NaN
3,NaN,NaN,NaN,NaN,NaN,NaN,NaN,NaN
4,NaN,NaN,NaN,NaN,NaN,NaN,NaN,NaN
5,NaN,NaN,NaN,NaN,NaN,NaN,NaN,NaN
6,NaN,NaN,NaN,NaN,NaN,NaN,NaN,NaN
7,NaN,NaN,NaN,NaN,NaN,NaN,NaN,NaN
8,NaN,NaN,NaN,NaN,NaN,NaN,NaN,NaN
9,NaN,NaN,NaN,NaN,NaN,NaN,NaN,NaN
10,NaN,NaN,NaN,NaN,NaN,NaN,NaN,NaN
11,NaN,NaN,NaN,NaN,NaN,NaN,NaN,NaN
1,NaN,NaN,NaN,NaN,NaN,NaN,NaN,NaN
2,NaN,NaN,NaN,NaN,NaN,NaN,NaN,NaN
3,NaN,NaN,NaN,NaN,NaN,NaN,NaN,NaN
4,NaN,NaN,NaN,NaN,NaN,NaN,NaN,NaN
5,NaN,NaN,NaN,NaN,NaN,NaN,NaN,NaN
6,NaN,NaN,NaN,NaN,NaN,NaN,NaN,NaN
7,NaN,NaN,NaN,NaN,NaN,NaN,NaN,NaN
8,NaN,NaN,NaN,NaN,NaN,NaN,NaN,NaN
9,NaN,NaN,NaN,NaN,NaN,NaN,NaN,NaN
10,NaN,NaN,NaN,NaN,NaN,NaN,NaN,NaN
11,NaN,NaN,NaN,NaN,NaN,NaN,NaN,NaN
1,NaN,NaN,NaN,NaN,NaN,NaN,NaN,NaN
2,NaN,NaN,NaN,NaN,NaN,NaN,NaN,NaN
3,NaN,NaN,NaN,NaN,NaN,NaN,NaN,NaN
4,NaN,NaN,NaN,NaN,NaN,NaN,NaN,NaN
5,NaN,NaN,NaN,NaN,NaN,NaN,NaN,NaN
6,NaN,NaN,NaN,NaN,NaN,NaN,NaN,NaN
7,NaN,NaN,NaN,NaN,NaN,NaN,NaN,NaN
8,NaN,NaN,NaN,NaN,NaN,NaN,NaN,NaN
9,NaN,NaN,NaN,NaN,NaN,NaN,NaN,NaN
10,NaN,NaN,NaN,NaN,NaN,NaN,NaN,NaN
11,NaN,NaN,NaN,NaN,NaN,NaN,NaN,NaN
1,NaN,NaN,NaN,NaN,NaN,NaN,NaN,NaN
2,NaN,NaN,NaN,NaN,NaN,NaN,NaN,NaN
3,NaN,NaN,NaN,NaN,NaN,NaN,NaN,NaN
4,NaN,NaN,NaN,NaN,NaN,NaN,NaN,NaN
5,NaN,NaN,NaN,NaN,NaN,NaN,NaN,NaN
6,NaN,NaN,NaN,NaN,NaN,NaN,NaN,NaN
7,NaN,NaN,NaN,NaN,NaN,NaN,NaN,NaN
8,NaN,NaN,NaN,NaN,NaN,NaN,NaN,NaN
9,NaN,NaN,NaN,NaN,NaN,NaN,NaN,NaN
10,NaN,NaN,NaN,NaN,NaN,NaN,NaN,NaN
11,NaN,NaN,NaN,NaN,NaN,NaN,NaN,NaN
1,NaN,NaN,NaN,NaN,NaN,NaN,NaN,NaN
2,NaN,NaN,NaN,NaN,NaN,NaN,NaN,NaN
3,NaN,NaN,NaN,NaN,NaN,NaN,NaN,NaN
4,NaN,NaN,NaN,NaN,NaN,NaN,NaN,NaN
5,NaN,NaN,NaN,NaN,NaN,NaN,NaN,NaN
6,NaN,NaN,NaN,NaN,NaN,NaN,NaN,NaN
7,NaN,NaN,NaN,NaN,NaN,NaN,NaN,NaN
8,NaN,NaN,NaN,NaN,NaN,NaN,NaN,NaN
9,NaN,NaN,NaN,NaN,NaN,NaN,NaN,NaN
10,NaN,NaN,NaN,NaN,NaN,NaN,NaN,NaN
11,NaN,NaN,NaN,NaN,NaN,NaN,NaN,NaN
1,NaN,NaN,NaN,NaN,NaN,NaN,NaN,NaN
2,NaN,NaN,NaN,NaN,NaN,NaN,NaN,NaN
3,NaN,NaN,NaN,NaN,NaN,NaN,NaN,NaN
4,NaN,NaN,NaN,NaN,NaN,NaN,NaN,NaN
5,NaN,NaN,NaN,NaN,NaN,NaN,NaN,NaN
6,NaN,NaN,NaN,NaN,NaN,NaN,NaN,NaN
7,NaN,NaN,NaN,NaN,NaN,NaN,NaN,NaN
8,NaN,NaN,NaN,NaN,NaN,NaN,NaN,NaN
9,NaN,NaN,NaN,NaN,NaN,NaN,NaN,NaN
10,NaN,NaN,NaN,NaN,NaN,NaN,NaN,NaN
11,NaN,NaN,NaN,NaN,NaN,NaN,NaN,NaN
1,NaN,NaN,NaN,NaN,NaN,NaN,NaN,NaN
2,NaN,NaN,NaN,NaN,NaN,NaN,NaN,NaN
3,NaN,NaN,NaN,NaN,NaN,NaN,NaN,NaN
4,NaN,NaN,NaN,NaN,NaN,NaN,NaN,NaN
5,NaN,NaN,NaN,NaN,NaN,NaN,NaN,NaN
6,NaN,NaN,NaN,NaN,NaN,NaN,NaN,NaN
7,NaN,NaN,NaN,NaN,NaN,NaN,NaN,NaN
8,NaN,NaN,NaN,NaN,NaN,NaN,NaN,NaN
9,NaN,NaN,NaN,NaN,NaN,NaN,NaN,NaN
10,NaN,NaN,NaN,NaN,NaN,NaN,NaN,NaN
11,NaN,NaN,NaN,NaN,NaN,NaN,NaN,NaN
1,NaN,NaN,NaN,NaN,NaN,NaN,NaN,NaN
2,NaN,NaN,NaN,NaN,NaN,NaN,NaN,NaN
3,NaN,NaN,NaN,NaN,NaN,NaN,NaN,NaN
4,NaN,NaN,NaN,NaN,NaN,NaN,NaN,NaN
5,NaN,NaN,NaN,NaN,NaN,NaN,NaN,NaN
6,NaN,NaN,NaN,NaN,NaN,NaN,NaN,NaN
7,NaN,NaN,NaN,NaN,NaN,NaN,NaN,NaN
8,NaN,NaN,NaN,NaN,NaN,NaN,NaN,NaN
9,NaN,NaN,NaN,NaN,NaN,NaN,NaN,NaN
10,NaN,NaN,NaN,NaN,NaN,NaN,NaN,NaN
11,NaN,NaN,NaN,NaN,NaN,NaN,NaN,NaN
1,NaN,NaN,NaN,NaN,NaN,NaN,NaN,NaN
2,NaN,NaN,NaN,NaN,NaN,NaN,NaN,NaN
3,NaN,NaN,NaN,NaN,NaN,NaN,NaN,NaN
4,NaN,NaN,NaN,NaN,NaN,NaN,NaN,NaN
5,NaN,NaN,NaN,NaN,NaN,NaN,NaN,NaN
6,NaN,NaN,NaN,NaN,NaN,NaN,NaN,NaN
7,NaN,NaN,NaN,NaN,NaN,NaN,NaN,NaN
8,NaN,NaN,NaN,NaN,NaN,NaN,NaN,NaN
9,NaN,NaN,NaN,NaN,NaN,NaN,NaN,NaN
10,NaN,NaN,NaN,NaN,NaN,NaN,NaN,NaN
11,NaN,NaN,NaN,NaN,NaN,NaN,NaN,NaN
1,NaN,NaN,NaN,NaN,NaN,NaN,NaN,NaN
2,NaN,NaN,NaN,NaN,NaN,NaN,NaN,NaN
3,NaN,NaN,NaN,NaN,NaN,NaN,NaN,NaN
4,NaN,NaN,NaN,NaN,NaN,NaN,NaN,NaN
5,NaN,NaN,NaN,NaN,NaN,NaN,NaN,NaN
6,NaN,NaN,NaN,NaN,NaN,NaN,NaN,NaN
7,NaN,NaN,NaN,NaN,NaN,NaN,NaN,NaN
8,NaN,NaN,NaN,NaN,NaN,NaN,NaN,NaN
9,NaN,NaN,NaN,NaN,NaN,NaN,NaN,NaN
10,NaN,NaN,NaN,NaN,NaN,NaN,NaN,NaN
11,NaN,NaN,NaN,NaN,NaN,NaN,NaN,NaN
1,NaN,NaN,NaN,NaN,NaN,NaN,NaN,NaN
2,NaN,NaN,NaN,NaN,NaN,NaN,NaN,NaN
3,NaN,NaN,NaN,NaN,NaN,NaN,NaN,NaN
4,NaN,NaN,NaN,NaN,NaN,NaN,NaN,NaN
5,NaN,NaN,NaN,NaN,NaN,NaN,NaN,NaN
6,NaN,NaN,NaN,NaN,NaN,NaN,NaN,NaN
7,NaN,NaN,NaN,NaN,NaN,NaN,NaN,NaN
8,NaN,NaN,NaN,NaN,NaN,NaN,NaN,NaN
9,NaN,NaN,NaN,NaN,NaN,NaN,NaN,NaN
10,NaN,NaN,NaN,NaN,NaN,NaN,NaN,NaN
11,NaN,NaN,NaN,NaN,NaN,NaN,NaN,NaN
1,NaN,NaN,NaN,NaN,NaN,NaN,NaN,NaN
2,NaN,NaN,NaN,NaN,NaN,NaN,NaN,NaN
3,NaN,NaN,NaN,NaN,NaN,NaN,NaN,NaN
4,NaN,NaN,NaN,NaN,NaN,NaN,NaN,NaN
5,NaN,NaN,NaN,NaN,NaN,NaN,NaN,NaN
6,NaN,NaN,NaN,NaN,NaN,NaN,NaN,NaN
7,NaN,NaN,NaN,NaN,NaN,NaN,NaN,NaN
8,NaN,NaN,NaN,NaN,NaN,NaN,NaN,NaN
9,NaN,NaN,NaN,NaN,NaN,NaN,NaN,NaN
10,NaN,NaN,NaN,NaN,NaN,NaN,NaN,NaN
11,NaN,NaN,NaN,NaN,NaN,NaN,NaN,NaN
1,NaN,NaN,NaN,NaN,NaN,NaN,NaN,NaN
2,NaN,NaN,NaN,NaN,NaN,NaN,NaN,NaN
3,NaN,NaN,NaN,NaN,NaN,NaN,NaN,NaN
4,NaN,NaN,NaN,NaN,NaN,NaN,NaN,NaN
5,NaN,NaN,NaN,NaN,NaN,NaN,NaN,NaN
6,NaN,NaN,NaN,NaN,NaN,NaN,NaN,NaN
7,NaN,NaN,NaN,NaN,NaN,NaN,NaN,NaN
8,NaN,NaN,NaN,NaN,NaN,NaN,NaN,NaN
9,NaN,NaN,NaN,NaN,NaN,NaN,NaN,NaN
10,NaN,NaN,NaN,NaN,NaN,NaN,NaN,NaN
11,NaN,NaN,NaN,NaN,NaN,NaN,NaN,NaN
1,NaN,NaN,NaN,NaN,NaN,NaN,NaN,NaN
2,NaN,NaN,NaN,NaN,NaN,NaN,NaN,NaN
3,NaN,NaN,NaN,NaN,NaN,NaN,NaN,NaN
4,NaN,NaN,NaN,NaN,NaN,NaN,NaN,NaN
5,NaN,NaN,NaN,NaN,NaN,NaN,NaN,NaN
6,NaN,NaN,NaN,NaN,NaN,NaN,NaN,NaN
7,NaN,NaN,NaN,NaN,NaN,NaN,NaN,NaN
8,NaN,NaN,NaN,NaN,NaN,NaN,NaN,NaN
9,NaN,NaN,NaN,NaN,NaN,NaN,NaN,NaN
10,NaN,NaN,NaN,NaN,NaN,NaN,NaN,NaN
11,NaN,NaN,NaN,NaN,NaN,NaN,NaN,NaN
1,NaN,NaN,NaN,NaN,NaN,NaN,NaN,NaN
2,NaN,NaN,NaN,NaN,NaN,NaN,NaN,NaN
3,NaN,NaN,NaN,NaN,NaN,NaN,NaN,NaN
4,NaN,NaN,NaN,NaN,NaN,NaN,NaN,NaN
5,NaN,NaN,NaN,NaN,NaN,NaN,NaN,NaN
6,NaN,NaN,NaN,NaN,NaN,NaN,NaN,NaN
7,NaN,NaN,NaN,NaN,NaN,NaN,NaN,NaN
8,NaN,NaN,NaN,NaN,NaN,NaN,NaN,NaN
9,NaN,NaN,NaN,NaN,NaN,NaN,NaN,NaN
10,NaN,NaN,NaN,NaN,NaN,NaN,NaN,NaN
11,NaN,NaN,NaN,NaN,NaN,NaN,NaN,NaN
1,NaN,NaN,NaN,NaN,NaN,NaN,NaN,NaN
2,NaN,NaN,NaN,NaN,NaN,NaN,NaN,NaN
3,NaN,NaN,NaN,NaN,NaN,NaN,NaN,NaN
4,NaN,NaN,NaN,NaN,NaN,NaN,NaN,NaN
5,NaN,NaN,NaN,NaN,NaN,NaN,NaN,NaN
6,NaN,NaN,NaN,NaN,NaN,NaN,NaN,NaN
7,NaN,NaN,NaN,NaN,NaN,NaN,NaN,NaN
8,NaN,NaN,NaN,NaN,NaN,NaN,NaN,NaN
9,NaN,NaN,NaN,NaN,NaN,NaN,NaN,NaN
10,NaN,NaN,NaN,NaN,NaN,NaN,NaN,NaN
11,NaN,NaN,NaN,NaN,NaN,NaN,NaN,NaN
1,NaN,NaN,NaN,NaN,NaN,NaN,NaN,NaN
2,NaN,NaN,NaN,NaN,NaN,NaN,NaN,NaN
3,NaN,NaN,NaN,NaN,NaN,NaN,NaN,NaN
4,NaN,NaN,NaN,NaN,NaN,NaN,NaN,NaN
5,NaN,NaN,NaN,NaN,NaN,NaN,NaN,NaN
6,NaN,NaN,NaN,NaN,NaN,NaN,NaN,NaN
7,NaN,NaN,NaN,NaN,NaN,NaN,NaN,NaN
8,NaN,NaN,NaN,NaN,NaN,NaN,NaN,NaN
9,NaN,NaN,NaN,NaN,NaN,NaN,NaN,NaN
10,NaN,NaN,NaN,NaN,NaN,NaN,NaN,NaN
11,NaN,NaN,NaN,NaN,NaN,NaN,NaN,NaN
1,NaN,NaN,NaN,NaN,NaN,NaN,NaN,NaN
2,NaN,NaN,NaN,NaN,NaN,NaN,NaN,NaN
3,NaN,NaN,NaN,NaN,NaN,NaN,NaN,NaN
4,NaN,NaN,NaN,NaN,NaN,NaN,NaN,NaN
5,NaN,NaN,NaN,NaN,NaN,NaN,NaN,NaN
6,NaN,NaN,NaN,NaN,NaN,NaN,NaN,NaN
7,NaN,NaN,NaN,NaN,NaN,NaN,NaN,NaN
8,NaN,NaN,NaN,NaN,NaN,NaN,NaN,NaN
9,NaN,NaN,NaN,NaN,NaN,NaN,NaN,NaN
10,NaN,NaN,NaN,NaN,NaN,NaN,NaN,NaN
11,NaN,NaN,NaN,NaN,NaN,NaN,NaN,NaN
1,NaN,NaN,NaN,NaN,NaN,NaN,NaN,NaN
2,NaN,NaN,NaN,NaN,NaN,NaN,NaN,NaN
3,NaN,NaN,NaN,NaN,NaN,NaN,NaN,NaN
4,NaN,NaN,NaN,NaN,NaN,NaN,NaN,NaN
5,NaN,NaN,NaN,NaN,NaN,NaN,NaN,NaN
6,NaN,NaN,NaN,NaN,NaN,NaN,NaN,NaN
7,NaN,NaN,NaN,NaN,NaN,NaN,NaN,NaN
8,NaN,NaN,NaN,NaN,NaN,NaN,NaN,NaN
9,NaN,NaN,NaN,NaN,NaN,NaN,NaN,NaN
10,NaN,NaN,NaN,NaN,NaN,NaN,NaN,NaN
11,NaN,NaN,NaN,NaN,NaN,NaN,NaN,NaN
1,NaN,NaN,NaN,NaN,NaN,NaN,NaN,NaN
2,NaN,NaN,NaN,NaN,NaN,NaN,NaN,NaN
3,NaN,NaN,NaN,NaN,NaN,NaN,NaN,NaN
4,NaN,NaN,NaN,NaN,NaN,NaN,NaN,NaN
5,NaN,NaN,NaN,NaN,NaN,NaN,NaN,NaN
6,NaN,NaN,NaN,NaN,NaN,NaN,NaN,NaN
7,NaN,NaN,NaN,NaN,NaN,NaN,NaN,NaN
8,NaN,NaN,NaN,NaN,NaN,NaN,NaN,NaN
9,NaN,NaN,NaN,NaN,NaN,NaN,NaN,NaN
10,NaN,NaN,NaN,NaN,NaN,NaN,NaN,NaN
11,NaN,NaN,NaN,NaN,NaN,NaN,NaN,NaN
1,NaN,NaN,NaN,NaN,NaN,NaN,NaN,NaN
2,NaN,NaN,NaN,NaN,NaN,NaN,NaN,NaN
3,NaN,NaN,NaN,NaN,NaN,NaN,NaN,NaN
4,NaN,NaN,NaN,NaN,NaN,NaN,NaN,NaN
5,NaN,NaN,NaN,NaN,NaN,NaN,NaN,NaN
6,NaN,NaN,NaN,NaN,NaN,NaN,NaN,NaN
7,NaN,NaN,NaN,NaN,NaN,NaN,NaN,NaN
8,NaN,NaN,NaN,NaN,NaN,NaN,NaN,NaN
9,NaN,NaN,NaN,NaN,NaN,NaN,NaN,NaN
10,NaN,NaN,NaN,NaN,NaN,NaN,NaN,NaN
11,NaN,NaN,NaN,NaN,NaN,NaN,NaN,NaN
1,NaN,NaN,NaN,NaN,NaN,NaN,NaN,NaN
2,NaN,NaN,NaN,NaN,NaN,NaN,NaN,NaN
3,NaN,NaN,NaN,NaN,NaN,NaN,NaN,NaN
4,NaN,NaN,NaN,NaN,NaN,NaN,NaN,NaN
5,NaN,NaN,NaN,NaN,NaN,NaN,NaN,NaN
6,NaN,NaN,NaN,NaN,NaN,NaN,NaN,NaN
7,NaN,NaN,NaN,NaN,NaN,NaN,NaN,NaN
8,NaN,NaN,NaN,NaN,NaN,NaN,NaN,NaN
9,NaN,NaN,NaN,NaN,NaN,NaN,NaN,NaN
10,NaN,NaN,NaN,NaN,NaN,NaN,NaN,NaN
11,NaN,NaN,NaN,NaN,NaN,NaN,NaN,NaN
1,NaN,NaN,NaN,NaN,NaN,NaN,NaN,NaN
2,NaN,NaN,NaN,NaN,NaN,NaN,NaN,NaN
3,NaN,NaN,NaN,NaN,NaN,NaN,NaN,NaN
4,NaN,NaN,NaN,NaN,NaN,NaN,NaN,NaN
5,NaN,NaN,NaN,NaN,NaN,NaN,NaN,NaN
6,NaN,NaN,NaN,NaN,NaN,NaN,NaN,NaN
7,NaN,NaN,NaN,NaN,NaN,NaN,NaN,NaN
8,NaN,NaN,NaN,NaN,NaN,NaN,NaN,NaN
9,NaN,NaN,NaN,NaN,NaN,NaN,NaN,NaN
10,NaN,NaN,NaN,NaN,NaN,NaN,NaN,NaN
11,NaN,NaN,NaN,NaN,NaN,NaN,NaN,NaN
1,NaN,NaN,NaN,NaN,NaN,NaN,NaN,NaN
2,NaN,NaN,NaN,NaN,NaN,NaN,NaN,NaN
3,NaN,NaN,NaN,NaN,NaN,NaN,NaN,NaN
4,NaN,NaN,NaN,NaN,NaN,NaN,NaN,NaN
5,NaN,NaN,NaN,NaN,NaN,NaN,NaN,NaN
6,NaN,NaN,NaN,NaN,NaN,NaN,NaN,NaN
7,NaN,NaN,NaN,NaN,NaN,NaN,NaN,NaN
8,NaN,NaN,NaN,NaN,NaN,NaN,NaN,NaN
9,NaN,NaN,NaN,NaN,NaN,NaN,NaN,NaN
10,NaN,NaN,NaN,NaN,NaN,NaN,NaN,NaN
11,NaN,NaN,NaN,NaN,NaN,NaN,NaN,NaN
1,NaN,NaN,NaN,NaN,NaN,NaN,NaN,NaN
2,NaN,NaN,NaN,NaN,NaN,NaN,NaN,NaN
3,NaN,NaN,NaN,NaN,NaN,NaN,NaN,NaN
4,NaN,NaN,NaN,NaN,NaN,NaN,NaN,NaN
5,NaN,NaN,NaN,NaN,NaN,NaN,NaN,NaN
6,NaN,NaN,NaN,NaN,NaN,NaN,NaN,NaN
7,NaN,NaN,NaN,NaN,NaN,NaN,NaN,NaN
8,NaN,NaN,NaN,NaN,NaN,NaN,NaN,NaN
9,NaN,NaN,NaN,NaN,NaN,NaN,NaN,NaN
10,NaN,NaN,NaN,NaN,NaN,NaN,NaN,NaN
11,NaN,NaN,NaN,NaN,NaN,NaN,NaN,NaN
1,NaN,NaN,NaN,NaN,NaN,NaN,NaN,NaN
2,NaN,NaN,NaN,NaN,NaN,NaN,NaN,NaN
3,NaN,NaN,NaN,NaN,NaN,NaN,NaN,NaN
4,NaN,NaN,NaN,NaN,NaN,NaN,NaN,NaN
5,NaN,NaN,NaN,NaN,NaN,NaN,NaN,NaN
6,NaN,NaN,NaN,NaN,NaN,NaN,NaN,NaN
7,NaN,NaN,NaN,NaN,NaN,NaN,NaN,NaN
8,NaN,NaN,NaN,NaN,NaN,NaN,NaN,NaN
9,NaN,NaN,NaN,NaN,NaN,NaN,NaN,NaN
10,NaN,NaN,NaN,NaN,NaN,NaN,NaN,NaN
11,NaN,NaN,NaN,NaN,NaN,NaN,NaN,NaN
1,NaN,NaN,NaN,NaN,NaN,NaN,NaN,NaN
2,NaN,NaN,NaN,NaN,NaN,NaN,NaN,NaN
3,NaN,NaN,NaN,NaN,NaN,NaN,NaN,NaN
4,NaN,NaN,NaN,NaN,NaN,NaN,NaN,NaN
5,NaN,NaN,NaN,NaN,NaN,NaN,NaN,NaN
6,NaN,NaN,NaN,NaN,NaN,NaN,NaN,NaN
7,NaN,NaN,NaN,NaN,NaN,NaN,NaN,NaN
8,NaN,NaN,NaN,NaN,NaN,NaN,NaN,NaN
9,NaN,NaN,NaN,NaN,NaN,NaN,NaN,NaN
10,NaN,NaN,NaN,NaN,NaN,NaN,NaN,NaN
11,NaN,NaN,NaN,NaN,NaN,NaN,NaN,NaN
1,NaN,NaN,NaN,NaN,NaN,NaN,NaN,NaN
2,NaN,NaN,NaN,NaN,NaN,NaN,NaN,NaN
3,NaN,NaN,NaN,NaN,NaN,NaN,NaN,NaN
4,NaN,NaN,NaN,NaN,NaN,NaN,NaN,NaN
5,NaN,NaN,NaN,NaN,NaN,NaN,NaN,NaN
6,NaN,NaN,NaN,NaN,NaN,NaN,NaN,NaN
7,NaN,NaN,NaN,NaN,NaN,NaN,NaN,NaN
8,NaN,NaN,NaN,NaN,NaN,NaN,NaN,NaN
9,NaN,NaN,NaN,NaN,NaN,NaN,NaN,NaN
10,NaN,NaN,NaN,NaN,NaN,NaN,NaN,NaN
11,NaN,NaN,NaN,NaN,NaN,NaN,NaN,NaN
1,NaN,NaN,NaN,NaN,NaN,NaN,NaN,NaN
2,NaN,NaN,NaN,NaN,NaN,NaN,NaN,NaN
3,NaN,NaN,NaN,NaN,NaN,NaN,NaN,NaN
4,NaN,NaN,NaN,NaN,NaN,NaN,NaN,NaN
5,NaN,NaN,NaN,NaN,NaN,NaN,NaN,NaN
6,NaN,NaN,NaN,NaN,NaN,NaN,NaN,NaN
7,NaN,NaN,NaN,NaN,NaN,NaN,NaN,NaN
8,NaN,NaN,NaN,NaN,NaN,NaN,NaN,NaN
9,NaN,NaN,NaN,NaN,NaN,NaN,NaN,NaN
10,NaN,NaN,NaN,NaN,NaN,NaN,NaN,NaN
11,NaN,NaN,NaN,NaN,NaN,NaN,NaN,NaN
1,NaN,NaN,NaN,NaN,NaN,NaN,NaN,NaN
2,NaN,NaN,NaN,NaN,NaN,NaN,NaN,NaN
3,NaN,NaN,NaN,NaN,NaN,NaN,NaN,NaN
4,NaN,NaN,NaN,NaN,NaN,NaN,NaN,NaN
5,NaN,NaN,NaN,NaN,NaN,NaN,NaN,NaN
6,NaN,NaN,NaN,NaN,NaN,NaN,NaN,NaN
7,NaN,NaN,NaN,NaN,NaN,NaN,NaN,NaN
8,NaN,NaN,NaN,NaN,NaN,NaN,NaN,NaN
9,NaN,NaN,NaN,NaN,NaN,NaN,NaN,NaN
10,NaN,NaN,NaN,NaN,NaN,NaN,NaN,NaN
11,NaN,NaN,NaN,NaN,NaN,NaN,NaN,NaN
1,NaN,NaN,NaN,NaN,NaN,NaN,NaN,NaN
2,NaN,NaN,NaN,NaN,NaN,NaN,NaN,NaN
3,NaN,NaN,NaN,NaN,NaN,NaN,NaN,NaN
4,NaN,NaN,NaN,NaN,NaN,NaN,NaN,NaN
5,NaN,NaN,NaN,NaN,NaN,NaN,NaN,NaN
6,NaN,NaN,NaN,NaN,NaN,NaN,NaN,NaN
7,NaN,NaN,NaN,NaN,NaN,NaN,NaN,NaN
8,NaN,NaN,NaN,NaN,NaN,NaN,NaN,NaN
9,NaN,NaN,NaN,NaN,NaN,NaN,NaN,NaN
10,NaN,NaN,NaN,NaN,NaN,NaN,NaN,NaN
11,NaN,NaN,NaN,NaN,NaN,NaN,NaN,NaN
1,NaN,NaN,NaN,NaN,NaN,NaN,NaN,NaN
2,NaN,NaN,NaN,NaN,NaN,NaN,NaN,NaN
3,NaN,NaN,NaN,NaN,NaN,NaN,NaN,NaN
4,NaN,NaN,NaN,NaN,NaN,NaN,NaN,NaN
5,NaN,NaN,NaN,NaN,NaN,NaN,NaN,NaN
6,NaN,NaN,NaN,NaN,NaN,NaN,NaN,NaN
7,NaN,NaN,NaN,NaN,NaN,NaN,NaN,NaN
8,NaN,NaN,NaN,NaN,NaN,NaN,NaN,NaN
9,NaN,NaN,NaN,NaN,NaN,NaN,NaN,NaN
10,NaN,NaN,NaN,NaN,NaN,NaN,NaN,NaN
11,NaN,NaN,NaN,NaN,NaN,NaN,NaN,NaN
1,NaN,NaN,NaN,NaN,NaN,NaN,NaN,NaN
2,NaN,NaN,NaN,NaN,NaN,NaN,NaN,NaN
3,NaN,NaN,NaN,NaN,NaN,NaN,NaN,NaN
4,NaN,NaN,NaN,NaN,NaN,NaN,NaN,NaN
5,NaN,NaN,NaN,NaN,NaN,NaN,NaN,NaN
6,NaN,NaN,NaN,NaN,NaN,NaN,NaN,NaN
7,NaN,NaN,NaN,NaN,NaN,NaN,NaN,NaN
8,NaN,NaN,NaN,NaN,NaN,NaN,NaN,NaN
9,NaN,NaN,NaN,NaN,NaN,NaN,NaN,NaN
10,NaN,NaN,NaN,NaN,NaN,NaN,NaN,NaN
11,NaN,NaN,NaN,NaN,NaN,NaN,NaN,NaN
1,NaN,NaN,NaN,NaN,NaN,NaN,NaN,NaN
2,NaN,NaN,NaN,NaN,NaN,NaN,NaN,NaN
3,NaN,NaN,NaN,NaN,NaN,NaN,NaN,NaN
4,NaN,NaN,NaN,NaN,NaN,NaN,NaN,NaN
5,NaN,NaN,NaN,NaN,NaN,NaN,NaN,NaN
6,NaN,NaN,NaN,NaN,NaN,NaN,NaN,NaN
7,NaN,NaN,NaN,NaN,NaN,NaN,NaN,NaN
8,NaN,NaN,NaN,NaN,NaN,NaN,NaN,NaN
9,NaN,NaN,NaN,NaN,NaN,NaN,NaN,NaN
10,NaN,NaN,NaN,NaN,NaN,NaN,NaN,NaN
11,NaN,NaN,NaN,NaN,NaN,NaN,NaN,NaN
1,NaN,NaN,NaN,NaN,NaN,NaN,NaN,NaN
2,NaN,NaN,NaN,NaN,NaN,NaN,NaN,NaN
3,NaN,NaN,NaN,NaN,NaN,NaN,NaN,NaN
4,NaN,NaN,NaN,NaN,NaN,NaN,NaN,NaN
5,NaN,NaN,NaN,NaN,NaN,NaN,NaN,NaN
6,NaN,NaN,NaN,NaN,NaN,NaN,NaN,NaN
7,NaN,NaN,NaN,NaN,NaN,NaN,NaN,NaN
8,NaN,NaN,NaN,NaN,NaN,NaN,NaN,NaN
9,NaN,NaN,NaN,NaN,NaN,NaN,NaN,NaN
10,NaN,NaN,NaN,NaN,NaN,NaN,NaN,NaN
11,NaN,NaN,NaN,NaN,NaN,NaN,NaN,NaN
1,NaN,NaN,NaN,NaN,NaN,NaN,NaN,NaN
2,NaN,NaN,NaN,NaN,NaN,NaN,NaN,NaN
3,NaN,NaN,NaN,NaN,NaN,NaN,NaN,NaN
4,NaN,NaN,NaN,NaN,NaN,NaN,NaN,NaN
5,NaN,NaN,NaN,NaN,NaN,NaN,NaN,NaN
6,NaN,NaN,NaN,NaN,NaN,NaN,NaN,NaN
7,NaN,NaN,NaN,NaN,NaN,NaN,NaN,NaN
8,NaN,NaN,NaN,NaN,NaN,NaN,NaN,NaN
9,NaN,NaN,NaN,NaN,NaN,NaN,NaN,NaN
10,NaN,NaN,NaN,NaN,NaN,NaN,NaN,NaN
11,NaN,NaN,NaN,NaN,NaN,NaN,NaN,NaN
1,NaN,NaN,NaN,NaN,NaN,NaN,NaN,NaN
2,NaN,NaN,NaN,NaN,NaN,NaN,NaN,NaN
3,NaN,NaN,NaN,NaN,NaN,NaN,NaN,NaN
4,NaN,NaN,NaN,NaN,NaN,NaN,NaN,NaN
5,NaN,NaN,NaN,NaN,NaN,NaN,NaN,NaN
6,NaN,NaN,NaN,NaN,NaN,NaN,NaN,NaN
7,NaN,NaN,NaN,NaN,NaN,NaN,NaN,NaN
8,NaN,NaN,NaN,NaN,NaN,NaN,NaN,NaN
9,NaN,NaN,NaN,NaN,NaN,NaN,NaN,NaN
10,NaN,NaN,NaN,NaN,NaN,NaN,NaN,NaN
11,NaN,NaN,NaN,NaN,NaN,NaN,NaN,NaN
1,NaN,NaN,NaN,NaN,NaN,NaN,NaN,NaN
2,NaN,NaN,NaN,NaN,NaN,NaN,NaN,NaN
3,NaN,NaN,NaN,NaN,NaN,NaN,NaN,NaN
4,NaN,NaN,NaN,NaN,NaN,NaN,NaN,NaN
5,NaN,NaN,NaN,NaN,NaN,NaN,NaN,NaN
6,NaN,NaN,NaN,NaN,NaN,NaN,NaN,NaN
7,NaN,NaN,NaN,NaN,NaN,NaN,NaN,NaN
8,NaN,NaN,NaN,NaN,NaN,NaN,NaN,NaN
9,NaN,NaN,NaN,NaN,NaN,NaN,NaN,NaN
10,NaN,NaN,NaN,NaN,NaN,NaN,NaN,NaN
11,NaN,NaN,NaN,NaN,NaN,NaN,NaN,NaN
1,NaN,NaN,NaN,NaN,NaN,NaN,NaN,NaN
2,NaN,NaN,NaN,NaN,NaN,NaN,NaN,NaN
3,NaN,NaN,NaN,NaN,NaN,NaN,NaN,NaN
4,NaN,NaN,NaN,NaN,NaN,NaN,NaN,NaN
5,NaN,NaN,NaN,NaN,NaN,NaN,NaN,NaN
6,NaN,NaN,NaN,NaN,NaN,NaN,NaN,NaN
7,NaN,NaN,NaN,NaN,NaN,NaN,NaN,NaN
8,NaN,NaN,NaN,NaN,NaN,NaN,NaN,NaN
9,NaN,NaN,NaN,NaN,NaN,NaN,NaN,NaN
10,NaN,NaN,NaN,NaN,NaN,NaN,NaN,NaN
11,NaN,NaN,NaN,NaN,NaN,NaN,NaN,NaN
1,NaN,NaN,NaN,NaN,NaN,NaN,NaN,NaN
2,NaN,NaN,NaN,NaN,NaN,NaN,NaN,NaN
3,NaN,NaN,NaN,NaN,NaN,NaN,NaN,NaN
4,NaN,NaN,NaN,NaN,NaN,NaN,NaN,NaN
5,NaN,NaN,NaN,NaN,NaN,NaN,NaN,NaN
6,NaN,NaN,NaN,NaN,NaN,NaN,NaN,NaN
7,NaN,NaN,NaN,NaN,NaN,NaN,NaN,NaN
8,NaN,NaN,NaN,NaN,NaN,NaN,NaN,NaN
9,NaN,NaN,NaN,NaN,NaN,NaN,NaN,NaN
10,NaN,NaN,NaN,NaN,NaN,NaN,NaN,NaN
11,NaN,NaN,NaN,NaN,NaN,NaN,NaN,NaN
1,NaN,NaN,NaN,NaN,NaN,NaN,NaN,NaN
2,NaN,NaN,NaN,NaN,NaN,NaN,NaN,NaN
3,NaN,NaN,NaN,NaN,NaN,NaN,NaN,NaN
4,NaN,NaN,NaN,NaN,NaN,NaN,NaN,NaN
5,NaN,NaN,NaN,NaN,NaN,NaN,NaN,NaN
6,NaN,NaN,NaN,NaN,NaN,NaN,NaN,NaN
7,NaN,NaN,NaN,NaN,NaN,NaN,NaN,NaN
8,NaN,NaN,NaN,NaN,NaN,NaN,NaN,NaN
9,NaN,NaN,NaN,NaN,NaN,NaN,NaN,NaN
10,NaN,NaN,NaN,NaN,NaN,NaN,NaN,NaN
11,NaN,NaN,NaN,NaN,NaN,NaN,NaN,NaN
1,NaN,NaN,NaN,NaN,NaN,NaN,NaN,NaN
2,NaN,NaN,NaN,NaN,NaN,NaN,NaN,NaN
3,NaN,NaN,NaN,NaN,NaN,NaN,NaN,NaN
4,NaN,NaN,NaN,NaN,NaN,NaN,NaN,NaN
5,NaN,NaN,NaN,NaN,NaN,NaN,NaN,NaN
6,NaN,NaN,NaN,NaN,NaN,NaN,NaN,NaN
7,NaN,NaN,NaN,NaN,NaN,NaN,NaN,NaN
8,NaN,NaN,NaN,NaN,NaN,NaN,NaN,NaN
9,NaN,NaN,NaN,NaN,NaN,NaN,NaN,NaN
10,NaN,NaN,NaN,NaN,NaN,NaN,NaN,NaN
11,NaN,NaN,NaN,NaN,NaN,NaN,NaN,NaN
1,NaN,NaN,NaN,NaN,NaN,NaN,NaN,NaN
2,NaN,NaN,NaN,NaN,NaN,NaN,NaN,NaN
3,NaN,NaN,NaN,NaN,NaN,NaN,NaN,NaN
4,NaN,NaN,NaN,NaN,NaN,NaN,NaN,NaN
5,NaN,NaN,NaN,NaN,NaN,NaN,NaN,NaN
6,NaN,NaN,NaN,NaN,NaN,NaN,NaN,NaN
7,NaN,NaN,NaN,NaN,NaN,NaN,NaN,NaN
8,NaN,NaN,NaN,NaN,NaN,NaN,NaN,NaN
9,NaN,NaN,NaN,NaN,NaN,NaN,NaN,NaN
10,NaN,NaN,NaN,NaN,NaN,NaN,NaN,NaN
11,NaN,NaN,NaN,NaN,NaN,NaN,NaN,NaN
1,NaN,NaN,NaN,NaN,NaN,NaN,NaN,NaN
2,NaN,NaN,NaN,NaN,NaN,NaN,NaN,NaN
3,NaN,NaN,NaN,NaN,NaN,NaN,NaN,NaN
4,NaN,NaN,NaN,NaN,NaN,NaN,NaN,NaN
5,NaN,NaN,NaN,NaN,NaN,NaN,NaN,NaN
6,NaN,NaN,NaN,NaN,NaN,NaN,NaN,NaN
7,NaN,NaN,NaN,NaN,NaN,NaN,NaN,NaN
8,NaN,NaN,NaN,NaN,NaN,NaN,NaN,NaN
9,NaN,NaN,NaN,NaN,NaN,NaN,NaN,NaN
10,NaN,NaN,NaN,NaN,NaN,NaN,NaN,NaN
11,NaN,NaN,NaN,NaN,NaN,NaN,NaN,NaN
1,NaN,NaN,NaN,NaN,NaN,NaN,NaN,NaN
2,NaN,NaN,NaN,NaN,NaN,NaN,NaN,NaN
3,NaN,NaN,NaN,NaN,NaN,NaN,NaN,NaN
4,NaN,NaN,NaN,NaN,NaN,NaN,NaN,NaN
5,NaN,NaN,NaN,NaN,NaN,NaN,NaN,NaN
6,NaN,NaN,NaN,NaN,NaN,NaN,NaN,NaN
7,NaN,NaN,NaN,NaN,NaN,NaN,NaN,NaN
8,NaN,NaN,NaN,NaN,NaN,NaN,NaN,NaN
9,NaN,NaN,NaN,NaN,NaN,NaN,NaN,NaN
10,NaN,NaN,NaN,NaN,NaN,NaN,NaN,NaN
11,NaN,NaN,NaN,NaN,NaN,NaN,NaN,NaN
1,NaN,NaN,NaN,NaN,NaN,NaN,NaN,NaN
2,NaN,NaN,NaN,NaN,NaN,NaN,NaN,NaN
3,NaN,NaN,NaN,NaN,NaN,NaN,NaN,NaN
4,NaN,NaN,NaN,NaN,NaN,NaN,NaN,NaN
5,NaN,NaN,NaN,NaN,NaN,NaN,NaN,NaN
6,NaN,NaN,NaN,NaN,NaN,NaN,NaN,NaN
7,NaN,NaN,NaN,NaN,NaN,NaN,NaN,NaN
8,NaN,NaN,NaN,NaN,NaN,NaN,NaN,NaN
9,NaN,NaN,NaN,NaN,NaN,NaN,NaN,NaN
10,NaN,NaN,NaN,NaN,NaN,NaN,NaN,NaN
11,NaN,NaN,NaN,NaN,NaN,NaN,NaN,NaN
1,NaN,NaN,NaN,NaN,NaN,NaN,NaN,NaN
2,NaN,NaN,NaN,NaN,NaN,NaN,NaN,NaN
3,NaN,NaN,NaN,NaN,NaN,NaN,NaN,NaN
4,NaN,NaN,NaN,NaN,NaN,NaN,NaN,NaN
5,NaN,NaN,NaN,NaN,NaN,NaN,NaN,NaN
6,NaN,NaN,NaN,NaN,NaN,NaN,NaN,NaN
7,NaN,NaN,NaN,NaN,NaN,NaN,NaN,NaN
8,NaN,NaN,NaN,NaN,NaN,NaN,NaN,NaN
9,NaN,NaN,NaN,NaN,NaN,NaN,NaN,NaN
10,NaN,NaN,NaN,NaN,NaN,NaN,NaN,NaN
11,NaN,NaN,NaN,NaN,NaN,NaN,NaN,NaN
1,NaN,NaN,NaN,NaN,NaN,NaN,NaN,NaN
2,NaN,NaN,NaN,NaN,NaN,NaN,NaN,NaN
3,NaN,NaN,NaN,NaN,NaN,NaN,NaN,NaN
4,NaN,NaN,NaN,NaN,NaN,NaN,NaN,NaN
5,NaN,NaN,NaN,NaN,NaN,NaN,NaN,NaN
6,NaN,NaN,NaN,NaN,NaN,NaN,NaN,NaN
7,NaN,NaN,NaN,NaN,NaN,NaN,NaN,NaN
8,NaN,NaN,NaN,NaN,NaN,NaN,NaN,NaN
9,NaN,NaN,NaN,NaN,NaN,NaN,NaN,NaN
10,NaN,NaN,NaN,NaN,NaN,NaN,NaN,NaN
11,NaN,NaN,NaN,NaN,NaN,NaN,NaN,NaN
1,NaN,NaN,NaN,NaN,NaN,NaN,NaN,NaN
2,NaN,NaN,NaN,NaN,NaN,NaN,NaN,NaN
3,NaN,NaN,NaN,NaN,NaN,NaN,NaN,NaN
4,NaN,NaN,NaN,NaN,NaN,NaN,NaN,NaN
5,NaN,NaN,NaN,NaN,NaN,NaN,NaN,NaN
6,NaN,NaN,NaN,NaN,NaN,NaN,NaN,NaN
7,NaN,NaN,NaN,NaN,NaN,NaN,NaN,NaN
8,NaN,NaN,NaN,NaN,NaN,NaN,NaN,NaN
9,NaN,NaN,NaN,NaN,NaN,NaN,NaN,NaN
10,NaN,NaN,NaN,NaN,NaN,NaN,NaN,NaN
11,NaN,NaN,NaN,NaN,NaN,NaN,NaN,NaN
1,NaN,NaN,NaN,NaN,NaN,NaN,NaN,NaN
2,NaN,NaN,NaN,NaN,NaN,NaN,NaN,NaN
3,NaN,NaN,NaN,NaN,NaN,NaN,NaN,NaN
4,NaN,NaN,NaN,NaN,NaN,NaN,NaN,NaN
5,NaN,NaN,NaN,NaN,NaN,NaN,NaN,NaN
6,NaN,NaN,NaN,NaN,NaN,NaN,NaN,NaN
7,NaN,NaN,NaN,NaN,NaN,NaN,NaN,NaN
8,NaN,NaN,NaN,NaN,NaN,NaN,NaN,NaN
9,NaN,NaN,NaN,NaN,NaN,NaN,NaN,NaN
10,NaN,NaN,NaN,NaN,NaN,NaN,NaN,NaN
11,NaN,NaN,NaN,NaN,NaN,NaN,NaN,NaN
1,NaN,NaN,NaN,NaN,NaN,NaN,NaN,NaN
2,NaN,NaN,NaN,NaN,NaN,NaN,NaN,NaN
3,NaN,NaN,NaN,NaN,NaN,NaN,NaN,NaN
4,NaN,NaN,NaN,NaN,NaN,NaN,NaN,NaN
5,NaN,NaN,NaN,NaN,NaN,NaN,NaN,NaN
6,NaN,NaN,NaN,NaN,NaN,NaN,NaN,NaN
7,NaN,NaN,NaN,NaN,NaN,NaN,NaN,NaN
8,NaN,NaN,NaN,NaN,NaN,NaN,NaN,NaN
9,NaN,NaN,NaN,NaN,NaN,NaN,NaN,NaN
10,NaN,NaN,NaN,NaN,NaN,NaN,NaN,NaN
11,NaN,NaN,NaN,NaN,NaN,NaN,NaN,NaN
1,NaN,NaN,NaN,NaN,NaN,NaN,NaN,NaN
2,NaN,NaN,NaN,NaN,NaN,NaN,NaN,NaN
3,NaN,NaN,NaN,NaN,NaN,NaN,NaN,NaN
4,NaN,NaN,NaN,NaN,NaN,NaN,NaN,NaN
5,NaN,NaN,NaN,NaN,NaN,NaN,NaN,NaN
6,NaN,NaN,NaN,NaN,NaN,NaN,NaN,NaN
7,NaN,NaN,NaN,NaN,NaN,NaN,NaN,NaN
8,NaN,NaN,NaN,NaN,NaN,NaN,NaN,NaN
9,NaN,NaN,NaN,NaN,NaN,NaN,NaN,NaN
10,NaN,NaN,NaN,NaN,NaN,NaN,NaN,NaN
11,NaN,NaN,NaN,NaN,NaN,NaN,NaN,NaN
1,NaN,NaN,NaN,NaN,NaN,NaN,NaN,NaN
2,NaN,NaN,NaN,NaN,NaN,NaN,NaN,NaN
3,NaN,NaN,NaN,NaN,NaN,NaN,NaN,NaN
4,NaN,NaN,NaN,NaN,NaN,NaN,NaN,NaN
5,NaN,NaN,NaN,NaN,NaN,NaN,NaN,NaN
6,NaN,NaN,NaN,NaN,NaN,NaN,NaN,NaN
7,NaN,NaN,NaN,NaN,NaN,NaN,NaN,NaN
8,NaN,NaN,NaN,NaN,NaN,NaN,NaN,NaN
9,NaN,NaN,NaN,NaN,NaN,NaN,NaN,NaN
10,NaN,NaN,NaN,NaN,NaN,NaN,NaN,NaN
11,NaN,NaN,NaN,NaN,NaN,NaN,NaN,NaN
1,NaN,NaN,NaN,NaN,NaN,NaN,NaN,NaN
2,NaN,NaN,NaN,NaN,NaN,NaN,NaN,NaN
3,NaN,NaN,NaN,NaN,NaN,NaN,NaN,NaN
4,NaN,NaN,NaN,NaN,NaN,NaN,NaN,NaN
5,NaN,NaN,NaN,NaN,NaN,NaN,NaN,NaN
6,NaN,NaN,NaN,NaN,NaN,NaN,NaN,NaN
7,NaN,NaN,NaN,NaN,NaN,NaN,NaN,NaN
8,NaN,NaN,NaN,NaN,NaN,NaN,NaN,NaN
9,NaN,NaN,NaN,NaN,NaN,NaN,NaN,NaN
10,NaN,NaN,NaN,NaN,NaN,NaN,NaN,NaN
11,NaN,NaN,NaN,NaN,NaN,NaN,NaN,NaN
1,NaN,NaN,NaN,NaN,NaN,NaN,NaN,NaN
2,NaN,NaN,NaN,NaN,NaN,NaN,NaN,NaN
3,NaN,NaN,NaN,NaN,NaN,NaN,NaN,NaN
4,NaN,NaN,NaN,NaN,NaN,NaN,NaN,NaN
5,NaN,NaN,NaN,NaN,NaN,NaN,NaN,NaN
6,NaN,NaN,NaN,NaN,NaN,NaN,NaN,NaN
7,NaN,NaN,NaN,NaN,NaN,NaN,NaN,NaN
8,NaN,NaN,NaN,NaN,NaN,NaN,NaN,NaN
9,NaN,NaN,NaN,NaN,NaN,NaN,NaN,NaN
10,NaN,NaN,NaN,NaN,NaN,NaN,NaN,NaN
11,NaN,NaN,NaN,NaN,NaN,NaN,NaN,NaN
1,NaN,NaN,NaN,NaN,NaN,NaN,NaN,NaN
2,NaN,NaN,NaN,NaN,NaN,NaN,NaN,NaN
3,NaN,NaN,NaN,NaN,NaN,NaN,NaN,NaN
4,NaN,NaN,NaN,NaN,NaN,NaN,NaN,NaN
5,NaN,NaN,NaN,NaN,NaN,NaN,NaN,NaN
6,NaN,NaN,NaN,NaN,NaN,NaN,NaN,NaN
7,NaN,NaN,NaN,NaN,NaN,NaN,NaN,NaN
8,NaN,NaN,NaN,NaN,NaN,NaN,NaN,NaN
9,NaN,NaN,NaN,NaN,NaN,NaN,NaN,NaN
10,NaN,NaN,NaN,NaN,NaN,NaN,NaN,NaN
11,NaN,NaN,NaN,NaN,NaN,NaN,NaN,NaN
1,NaN,NaN,NaN,NaN,NaN,NaN,NaN,NaN
2,NaN,NaN,NaN,NaN,NaN,NaN,NaN,NaN
3,NaN,NaN,NaN,NaN,NaN,NaN,NaN,NaN
4,NaN,NaN,NaN,NaN,NaN,NaN,NaN,NaN
5,NaN,NaN,NaN,NaN,NaN,NaN,NaN,NaN
6,NaN,NaN,NaN,NaN,NaN,NaN,NaN,NaN
7,NaN,NaN,NaN,NaN,NaN,NaN,NaN,NaN
8,NaN,NaN,NaN,NaN,NaN,NaN,NaN,NaN
9,NaN,NaN,NaN,NaN,NaN,NaN,NaN,NaN
10,NaN,NaN,NaN,NaN,NaN,NaN,NaN,NaN
11,NaN,NaN,NaN,NaN,NaN,NaN,NaN,NaN
1,NaN,NaN,NaN,NaN,NaN,NaN,NaN,NaN
2,NaN,NaN,NaN,NaN,NaN,NaN,NaN,NaN
3,NaN,NaN,NaN,NaN,NaN,NaN,NaN,NaN
4,NaN,NaN,NaN,NaN,NaN,NaN,NaN,NaN
5,NaN,NaN,NaN,NaN,NaN,NaN,NaN,NaN
6,NaN,NaN,NaN,NaN,NaN,NaN,NaN,NaN
7,NaN,NaN,NaN,NaN,NaN,NaN,NaN,NaN
8,NaN,NaN,NaN,NaN,NaN,NaN,NaN,NaN
9,NaN,NaN,NaN,NaN,NaN,NaN,NaN,NaN
10,NaN,NaN,NaN,NaN,NaN,NaN,NaN,NaN
11,NaN,NaN,NaN,NaN,NaN,NaN,NaN,NaN
1,NaN,NaN,NaN,NaN,NaN,NaN,NaN,NaN
2,NaN,NaN,NaN,NaN,NaN,NaN,NaN,NaN
3,NaN,NaN,NaN,NaN,NaN,NaN,NaN,NaN
4,NaN,NaN,NaN,NaN,NaN,NaN,NaN,NaN
5,NaN,NaN,NaN,NaN,NaN,NaN,NaN,NaN
6,NaN,NaN,NaN,NaN,NaN,NaN,NaN,NaN
7,NaN,NaN,NaN,NaN,NaN,NaN,NaN,NaN
8,NaN,NaN,NaN,NaN,NaN,NaN,NaN,NaN
9,NaN,NaN,NaN,NaN,NaN,NaN,NaN,NaN
10,NaN,NaN,NaN,NaN,NaN,NaN,NaN,NaN
11,NaN,NaN,NaN,NaN,NaN,NaN,NaN,NaN
1,NaN,NaN,NaN,NaN,NaN,NaN,NaN,NaN
2,NaN,NaN,NaN,NaN,NaN,NaN,NaN,NaN
3,NaN,NaN,NaN,NaN,NaN,NaN,NaN,NaN
4,NaN,NaN,NaN,NaN,NaN,NaN,NaN,NaN
5,NaN,NaN,NaN,NaN,NaN,NaN,NaN,NaN
6,NaN,NaN,NaN,NaN,NaN,NaN,NaN,NaN
7,NaN,NaN,NaN,NaN,NaN,NaN,NaN,NaN
8,NaN,NaN,NaN,NaN,NaN,NaN,NaN,NaN
9,NaN,NaN,NaN,NaN,NaN,NaN,NaN,NaN
10,NaN,NaN,NaN,NaN,NaN,NaN,NaN,NaN
11,NaN,NaN,NaN,NaN,NaN,NaN,NaN,NaN
1,NaN,NaN,NaN,NaN,NaN,NaN,NaN,NaN
2,NaN,NaN,NaN,NaN,NaN,NaN,NaN,NaN
3,NaN,NaN,NaN,NaN,NaN,NaN,NaN,NaN
4,NaN,NaN,NaN,NaN,NaN,NaN,NaN,NaN
5,NaN,NaN,NaN,NaN,NaN,NaN,NaN,NaN
6,NaN,NaN,NaN,NaN,NaN,NaN,NaN,NaN
7,NaN,NaN,NaN,NaN,NaN,NaN,NaN,NaN
8,NaN,NaN,NaN,NaN,NaN,NaN,NaN,NaN
9,NaN,NaN,NaN,NaN,NaN,NaN,NaN,NaN
10,NaN,NaN,NaN,NaN,NaN,NaN,NaN,NaN
11,NaN,NaN,NaN,NaN,NaN,NaN,NaN,NaN
1,NaN,NaN,NaN,NaN,NaN,NaN,NaN,NaN
2,NaN,NaN,NaN,NaN,NaN,NaN,NaN,NaN
3,NaN,NaN,NaN,NaN,NaN,NaN,NaN,NaN
4,NaN,NaN,NaN,NaN,NaN,NaN,NaN,NaN
5,NaN,NaN,NaN,NaN,NaN,NaN,NaN,NaN
6,NaN,NaN,NaN,NaN,NaN,NaN,NaN,NaN
7,NaN,NaN,NaN,NaN,NaN,NaN,NaN,NaN
8,NaN,NaN,NaN,NaN,NaN,NaN,NaN,NaN
9,NaN,NaN,NaN,NaN,NaN,NaN,NaN,NaN
10,NaN,NaN,NaN,NaN,NaN,NaN,NaN,NaN
11,NaN,NaN,NaN,NaN,NaN,NaN,NaN,NaN
1,NaN,NaN,NaN,NaN,NaN,NaN,NaN,NaN
2,NaN,NaN,NaN,NaN,NaN,NaN,NaN,NaN
3,NaN,NaN,NaN,NaN,NaN,NaN,NaN,NaN
4,NaN,NaN,NaN,NaN,NaN,NaN,NaN,NaN
5,NaN,NaN,NaN,NaN,NaN,NaN,NaN,NaN
6,NaN,NaN,NaN,NaN,NaN,NaN,NaN,NaN
7,NaN,NaN,NaN,NaN,NaN,NaN,NaN,NaN
8,NaN,NaN,NaN,NaN,NaN,NaN,NaN,NaN
9,NaN,NaN,NaN,NaN,NaN,NaN,NaN,NaN
10,NaN,NaN,NaN,NaN,NaN,NaN,NaN,NaN
11,NaN,NaN,NaN,NaN,NaN,NaN,NaN,NaN
1,NaN,NaN,NaN,NaN,NaN,NaN,NaN,NaN
2,NaN,NaN,NaN,NaN,NaN,NaN,NaN,NaN
3,NaN,NaN,NaN,NaN,NaN,NaN,NaN,NaN
4,NaN,NaN,NaN,NaN,NaN,NaN,NaN,NaN
5,NaN,NaN,NaN,NaN,NaN,NaN,NaN,NaN
6,NaN,NaN,NaN,NaN,NaN,NaN,NaN,NaN
7,NaN,NaN,NaN,NaN,NaN,NaN,NaN,NaN
8,NaN,NaN,NaN,NaN,NaN,NaN,NaN,NaN
9,NaN,NaN,NaN,NaN,NaN,NaN,NaN,NaN
10,NaN,NaN,NaN,NaN,NaN,NaN,NaN,NaN
11,NaN,NaN,NaN,NaN,NaN,NaN,NaN,NaN
1,NaN,NaN,NaN,NaN,NaN,NaN,NaN,NaN
2,NaN,NaN,NaN,NaN,NaN,NaN,NaN,NaN
3,NaN,NaN,NaN,NaN,NaN,NaN,NaN,NaN
4,NaN,NaN,NaN,NaN,NaN,NaN,NaN,NaN
5,NaN,NaN,NaN,NaN,NaN,NaN,NaN,NaN
6,NaN,NaN,NaN,NaN,NaN,NaN,NaN,NaN
7,NaN,NaN,NaN,NaN,NaN,NaN,NaN,NaN
8,NaN,NaN,NaN,NaN,NaN,NaN,NaN,NaN
9,NaN,NaN,NaN,NaN,NaN,NaN,NaN,NaN
10,NaN,NaN,NaN,NaN,NaN,NaN,NaN,NaN
11,NaN,NaN,NaN,NaN,NaN,NaN,NaN,NaN
1,NaN,NaN,NaN,NaN,NaN,NaN,NaN,NaN
2,NaN,NaN,NaN,NaN,NaN,NaN,NaN,NaN
3,NaN,NaN,NaN,NaN,NaN,NaN,NaN,NaN
4,NaN,NaN,NaN,NaN,NaN,NaN,NaN,NaN
5,NaN,NaN,NaN,NaN,NaN,NaN,NaN,NaN
6,NaN,NaN,NaN,NaN,NaN,NaN,NaN,NaN
7,NaN,NaN,NaN,NaN,NaN,NaN,NaN,NaN
8,NaN,NaN,NaN,NaN,NaN,NaN,NaN,NaN
9,NaN,NaN,NaN,NaN,NaN,NaN,NaN,NaN
10,NaN,NaN,NaN,NaN,NaN,NaN,NaN,NaN
11,NaN,NaN,NaN,NaN,NaN,NaN,NaN,NaN
1,NaN,NaN,NaN,NaN,NaN,NaN,NaN,NaN
2,NaN,NaN,NaN,NaN,NaN,NaN,NaN,NaN
3,NaN,NaN,NaN,NaN,NaN,NaN,NaN,NaN
4,NaN,NaN,NaN,NaN,NaN,NaN,NaN,NaN
5,NaN,NaN,NaN,NaN,NaN,NaN,NaN,NaN
6,NaN,NaN,NaN,NaN,NaN,NaN,NaN,NaN
7,NaN,NaN,NaN,NaN,NaN,NaN,NaN,NaN
8,NaN,NaN,NaN,NaN,NaN,NaN,NaN,NaN
9,NaN,NaN,NaN,NaN,NaN,NaN,NaN,NaN
10,NaN,NaN,NaN,NaN,NaN,NaN,NaN,NaN
11,NaN,NaN,NaN,NaN,NaN,NaN,NaN,NaN
1,NaN,NaN,NaN,NaN,NaN,NaN,NaN,NaN
2,NaN,NaN,NaN,NaN,NaN,NaN,NaN,NaN
3,NaN,NaN,NaN,NaN,NaN,NaN,NaN,NaN
4,NaN,NaN,NaN,NaN,NaN,NaN,NaN,NaN
5,NaN,NaN,NaN,NaN,NaN,NaN,NaN,NaN
6,NaN,NaN,NaN,NaN,NaN,NaN,NaN,NaN
7,NaN,NaN,NaN,NaN,NaN,NaN,NaN,NaN
8,NaN,NaN,NaN,NaN,NaN,NaN,NaN,NaN
9,NaN,NaN,NaN,NaN,NaN,NaN,NaN,NaN
10,NaN,NaN,NaN,NaN,NaN,NaN,NaN,NaN
11,NaN,NaN,NaN,NaN,NaN,NaN,NaN,NaN
1,NaN,NaN,NaN,NaN,NaN,NaN,NaN,NaN
2,NaN,NaN,NaN,NaN,NaN,NaN,NaN,NaN
3,NaN,NaN,NaN,NaN,NaN,NaN,NaN,NaN
4,NaN,NaN,NaN,NaN,NaN,NaN,NaN,NaN
5,NaN,NaN,NaN,NaN,NaN,NaN,NaN,NaN
6,NaN,NaN,NaN,NaN,NaN,NaN,NaN,NaN
7,NaN,NaN,NaN,NaN,NaN,NaN,NaN,NaN
8,NaN,NaN,NaN,NaN,NaN,NaN,NaN,NaN
9,NaN,NaN,NaN,NaN,NaN,NaN,NaN,NaN
10,NaN,NaN,NaN,NaN,NaN,NaN,NaN,NaN
11,NaN,NaN,NaN,NaN,NaN,NaN,NaN,NaN
1,NaN,NaN,NaN,NaN,NaN,NaN,NaN,NaN
2,NaN,NaN,NaN,NaN,NaN,NaN,NaN,NaN
3,NaN,NaN,NaN,NaN,NaN,NaN,NaN,NaN
4,NaN,NaN,NaN,NaN,NaN,NaN,NaN,NaN
5,NaN,NaN,NaN,NaN,NaN,NaN,NaN,NaN
6,NaN,NaN,NaN,NaN,NaN,NaN,NaN,NaN
7,NaN,NaN,NaN,NaN,NaN,NaN,NaN,NaN
8,NaN,NaN,NaN,NaN,NaN,NaN,NaN,NaN
9,NaN,NaN,NaN,NaN,NaN,NaN,NaN,NaN
10,NaN,NaN,NaN,NaN,NaN,NaN,NaN,NaN
11,NaN,NaN,NaN,NaN,NaN,NaN,NaN,NaN
1,NaN,NaN,NaN,NaN,NaN,NaN,NaN,NaN
2,NaN,NaN,NaN,NaN,NaN,NaN,NaN,NaN
3,NaN,NaN,NaN,NaN,NaN,NaN,NaN,NaN
4,NaN,NaN,NaN,NaN,NaN,NaN,NaN,NaN
5,NaN,NaN,NaN,NaN,NaN,NaN,NaN,NaN
6,NaN,NaN,NaN,NaN,NaN,NaN,NaN,NaN
7,NaN,NaN,NaN,NaN,NaN,NaN,NaN,NaN
8,NaN,NaN,NaN,NaN,NaN,NaN,NaN,NaN
9,NaN,NaN,NaN,NaN,NaN,NaN,NaN,NaN
10,NaN,NaN,NaN,NaN,NaN,NaN,NaN,NaN
11,NaN,NaN,NaN,NaN,NaN,NaN,NaN,NaN
1,NaN,NaN,NaN,NaN,NaN,NaN,NaN,NaN
2,NaN,NaN,NaN,NaN,NaN,NaN,NaN,NaN
3,NaN,NaN,NaN,NaN,NaN,NaN,NaN,NaN
4,NaN,NaN,NaN,NaN,NaN,NaN,NaN,NaN
5,NaN,NaN,NaN,NaN,NaN,NaN,NaN,NaN
6,NaN,NaN,NaN,NaN,NaN,NaN,NaN,NaN
7,NaN,NaN,NaN,NaN,NaN,NaN,NaN,NaN
8,NaN,NaN,NaN,NaN,NaN,NaN,NaN,NaN
9,NaN,NaN,NaN,NaN,NaN,NaN,NaN,NaN
10,NaN,NaN,NaN,NaN,NaN,NaN,NaN,NaN
11,NaN,NaN,NaN,NaN,NaN,NaN,NaN,NaN
1,NaN,NaN,NaN,NaN,NaN,NaN,NaN,NaN
2,NaN,NaN,NaN,NaN,NaN,NaN,NaN,NaN
3,NaN,NaN,NaN,NaN,NaN,NaN,NaN,NaN
4,NaN,NaN,NaN,NaN,NaN,NaN,NaN,NaN
5,NaN,NaN,NaN,NaN,NaN,NaN,NaN,NaN
6,NaN,NaN,NaN,NaN,NaN,NaN,NaN,NaN
7,NaN,NaN,NaN,NaN,NaN,NaN,NaN,NaN
8,NaN,NaN,NaN,NaN,NaN,NaN,NaN,NaN
9,NaN,NaN,NaN,NaN,NaN,NaN,NaN,NaN
10,NaN,NaN,NaN,NaN,NaN,NaN,NaN,NaN
11,NaN,NaN,NaN,NaN,NaN,NaN,NaN,NaN
1,NaN,NaN,NaN,NaN,NaN,NaN,NaN,NaN
2,NaN,NaN,NaN,NaN,NaN,NaN,NaN,NaN
3,NaN,NaN,NaN,NaN,NaN,NaN,NaN,NaN
4,NaN,NaN,NaN,NaN,NaN,NaN,NaN,NaN
5,NaN,NaN,NaN,NaN,NaN,NaN,NaN,NaN
6,NaN,NaN,NaN,NaN,NaN,NaN,NaN,NaN
7,NaN,NaN,NaN,NaN,NaN,NaN,NaN,NaN
8,NaN,NaN,NaN,NaN,NaN,NaN,NaN,NaN
9,NaN,NaN,NaN,NaN,NaN,NaN,NaN,NaN
10,NaN,NaN,NaN,NaN,NaN,NaN,NaN,NaN
11,NaN,NaN,NaN,NaN,NaN,NaN,NaN,NaN
1,NaN,NaN,NaN,NaN,NaN,NaN,NaN,NaN
2,NaN,NaN,NaN,NaN,NaN,NaN,NaN,NaN
3,NaN,NaN,NaN,NaN,NaN,NaN,NaN,NaN
4,NaN,NaN,NaN,NaN,NaN,NaN,NaN,NaN
5,NaN,NaN,NaN,NaN,NaN,NaN,NaN,NaN
6,NaN,NaN,NaN,NaN,NaN,NaN,NaN,NaN
7,NaN,NaN,NaN,NaN,NaN,NaN,NaN,NaN
8,NaN,NaN,NaN,NaN,NaN,NaN,NaN,NaN
9,NaN,NaN,NaN,NaN,NaN,NaN,NaN,NaN
10,NaN,NaN,NaN,NaN,NaN,NaN,NaN,NaN
11,NaN,NaN,NaN,NaN,NaN,NaN,NaN,NaN
1,NaN,NaN,NaN,NaN,NaN,NaN,NaN,NaN
2,NaN,NaN,NaN,NaN,NaN,NaN,NaN,NaN
3,NaN,NaN,NaN,NaN,NaN,NaN,NaN,NaN
4,NaN,NaN,NaN,NaN,NaN,NaN,NaN,NaN
5,NaN,NaN,NaN,NaN,NaN,NaN,NaN,NaN
6,NaN,NaN,NaN,NaN,NaN,NaN,NaN,NaN
7,NaN,NaN,NaN,NaN,NaN,NaN,NaN,NaN
8,NaN,NaN,NaN,NaN,NaN,NaN,NaN,NaN
9,NaN,NaN,NaN,NaN,NaN,NaN,NaN,NaN
10,NaN,NaN,NaN,NaN,NaN,NaN,NaN,NaN
11,NaN,NaN,NaN,NaN,NaN,NaN,NaN,NaN
1,NaN,NaN,NaN,NaN,NaN,NaN,NaN,NaN
2,NaN,NaN,NaN,NaN,NaN,NaN,NaN,NaN
3,NaN,NaN,NaN,NaN,NaN,NaN,NaN,NaN
4,NaN,NaN,NaN,NaN,NaN,NaN,NaN,NaN
5,NaN,NaN,NaN,NaN,NaN,NaN,NaN,NaN
6,NaN,NaN,NaN,NaN,NaN,NaN,NaN,NaN
7,NaN,NaN,NaN,NaN,NaN,NaN,NaN,NaN
8,NaN,NaN,NaN,NaN,NaN,NaN,NaN,NaN
9,NaN,NaN,NaN,NaN,NaN,NaN,NaN,NaN
10,NaN,NaN,NaN,NaN,NaN,NaN,NaN,NaN
11,NaN,NaN,NaN,NaN,NaN,NaN,NaN,NaN
1,NaN,NaN,NaN,NaN,NaN,NaN,NaN,NaN
2,NaN,NaN,NaN,NaN,NaN,NaN,NaN,NaN
3,NaN,NaN,NaN,NaN,NaN,NaN,NaN,NaN
4,NaN,NaN,NaN,NaN,NaN,NaN,NaN,NaN
5,NaN,NaN,NaN,NaN,NaN,NaN,NaN,NaN
6,NaN,NaN,NaN,NaN,NaN,NaN,NaN,NaN
7,NaN,NaN,NaN,NaN,NaN,NaN,NaN,NaN
8,NaN,NaN,NaN,NaN,NaN,NaN,NaN,NaN
9,NaN,NaN,NaN,NaN,NaN,NaN,NaN,NaN
10,NaN,NaN,NaN,NaN,NaN,NaN,NaN,NaN
11,NaN,NaN,NaN,NaN,NaN,NaN,NaN,NaN
1,NaN,NaN,NaN,NaN,NaN,NaN,NaN,NaN
2,NaN,NaN,NaN,NaN,NaN,NaN,NaN,NaN
3,NaN,NaN,NaN,NaN,NaN,NaN,NaN,NaN
4,NaN,NaN,NaN,NaN,NaN,NaN,NaN,NaN
5,NaN,NaN,NaN,NaN,NaN,NaN,NaN,NaN
6,NaN,NaN,NaN,NaN,NaN,NaN,NaN,NaN
7,NaN,NaN,NaN,NaN,NaN,NaN,NaN,NaN
8,NaN,NaN,NaN,NaN,NaN,NaN,NaN,NaN
9,NaN,NaN,NaN,NaN,NaN,NaN,NaN,NaN
10,NaN,NaN,NaN,NaN,NaN,NaN,NaN,NaN
11,NaN,NaN,NaN,NaN,NaN,NaN,NaN,NaN
1,NaN,NaN,NaN,NaN,NaN,NaN,NaN,NaN
2,NaN,NaN,NaN,NaN,NaN,NaN,NaN,NaN
3,NaN,NaN,NaN,NaN,NaN,NaN,NaN,NaN
4,NaN,NaN,NaN,NaN,NaN,NaN,NaN,NaN
5,NaN,NaN,NaN,NaN,NaN,NaN,NaN,NaN
6,NaN,NaN,NaN,NaN,NaN,NaN,NaN,NaN
7,NaN,NaN,NaN,NaN,NaN,NaN,NaN,NaN
8,NaN,NaN,NaN,NaN,NaN,NaN,NaN,NaN
9,NaN,NaN,NaN,NaN,NaN,NaN,NaN,NaN
10,NaN,NaN,NaN,NaN,NaN,NaN,NaN,NaN
11,NaN,NaN,NaN,NaN,NaN,NaN,NaN,NaN
1,NaN,NaN,NaN,NaN,NaN,NaN,NaN,NaN
2,NaN,NaN,NaN,NaN,NaN,NaN,NaN,NaN
3,NaN,NaN,NaN,NaN,NaN,NaN,NaN,NaN
4,NaN,NaN,NaN,NaN,NaN,NaN,NaN,NaN
5,NaN,NaN,NaN,NaN,NaN,NaN,NaN,NaN
6,NaN,NaN,NaN,NaN,NaN,NaN,NaN,NaN
7,NaN,NaN,NaN,NaN,NaN,NaN,NaN,NaN
8,NaN,NaN,NaN,NaN,NaN,NaN,NaN,NaN
9,NaN,NaN,NaN,NaN,NaN,NaN,NaN,NaN
10,NaN,NaN,NaN,NaN,NaN,NaN,NaN,NaN
11,NaN,NaN,NaN,NaN,NaN,NaN,NaN,NaN
1,NaN,NaN,NaN,NaN,NaN,NaN,NaN,NaN
2,NaN,NaN,NaN,NaN,NaN,NaN,NaN,NaN
3,NaN,NaN,NaN,NaN,NaN,NaN,NaN,NaN
4,NaN,NaN,NaN,NaN,NaN,NaN,NaN,NaN
5,NaN,NaN,NaN,NaN,NaN,NaN,NaN,NaN
6,NaN,NaN,NaN,NaN,NaN,NaN,NaN,NaN
7,NaN,NaN,NaN,NaN,NaN,NaN,NaN,NaN
8,NaN,NaN,NaN,NaN,NaN,NaN,NaN,NaN
9,NaN,NaN,NaN,NaN,NaN,NaN,NaN,NaN
10,NaN,NaN,NaN,NaN,NaN,NaN,NaN,NaN
11,NaN,NaN,NaN,NaN,NaN,NaN,NaN,NaN
1,NaN,NaN,NaN,NaN,NaN,NaN,NaN,NaN
2,NaN,NaN,NaN,NaN,NaN,NaN,NaN,NaN
3,NaN,NaN,NaN,NaN,NaN,NaN,NaN,NaN
4,NaN,NaN,NaN,NaN,NaN,NaN,NaN,NaN
5,NaN,NaN,NaN,NaN,NaN,NaN,NaN,NaN
6,NaN,NaN,NaN,NaN,NaN,NaN,NaN,NaN
7,NaN,NaN,NaN,NaN,NaN,NaN,NaN,NaN
8,NaN,NaN,NaN,NaN,NaN,NaN,NaN,NaN
9,NaN,NaN,NaN,NaN,NaN,NaN,NaN,NaN
10,NaN,NaN,NaN,NaN,NaN,NaN,NaN,NaN
11,NaN,NaN,NaN,NaN,NaN,NaN,NaN,NaN
1,NaN,NaN,NaN,NaN,NaN,NaN,NaN,NaN
2,NaN,NaN,NaN,NaN,NaN,NaN,NaN,NaN
3,NaN,NaN,NaN,NaN,NaN,NaN,NaN,NaN
4,NaN,NaN,NaN,NaN,NaN,NaN,NaN,NaN
5,NaN,NaN,NaN,NaN,NaN,NaN,NaN,NaN
6,NaN,NaN,NaN,NaN,NaN,NaN,NaN,NaN
7,NaN,NaN,NaN,NaN,NaN,NaN,NaN,NaN
8,NaN,NaN,NaN,NaN,NaN,NaN,NaN,NaN
9,NaN,NaN,NaN,NaN,NaN,NaN,NaN,NaN
10,NaN,NaN,NaN,NaN,NaN,NaN,NaN,NaN
11,NaN,NaN,NaN,NaN,NaN,NaN,NaN,NaN
1,NaN,NaN,NaN,NaN,NaN,NaN,NaN,NaN
2,NaN,NaN,NaN,NaN,NaN,NaN,NaN,NaN
3,NaN,NaN,NaN,NaN,NaN,NaN,NaN,NaN
4,NaN,NaN,NaN,NaN,NaN,NaN,NaN,NaN
5,NaN,NaN,NaN,NaN,NaN,NaN,NaN,NaN
6,NaN,NaN,NaN,NaN,NaN,NaN,NaN,NaN
7,NaN,NaN,NaN,NaN,NaN,NaN,NaN,NaN
8,NaN,NaN,NaN,NaN,NaN,NaN,NaN,NaN
9,NaN,NaN,NaN,NaN,NaN,NaN,NaN,NaN
10,NaN,NaN,NaN,NaN,NaN,NaN,NaN,NaN
11,NaN,NaN,NaN,NaN,NaN,NaN,NaN,NaN
1,NaN,NaN,NaN,NaN,NaN,NaN,NaN,NaN
2,NaN,NaN,NaN,NaN,NaN,NaN,NaN,NaN
3,NaN,NaN,NaN,NaN,NaN,NaN,NaN,NaN
4,NaN,NaN,NaN,NaN,NaN,NaN,NaN,NaN
5,NaN,NaN,NaN,NaN,NaN,NaN,NaN,NaN
6,NaN,NaN,NaN,NaN,NaN,NaN,NaN,NaN
7,NaN,NaN,NaN,NaN,NaN,NaN,NaN,NaN
8,NaN,NaN,NaN,NaN,NaN,NaN,NaN,NaN
9,NaN,NaN,NaN,NaN,NaN,NaN,NaN,NaN
10,NaN,NaN,NaN,NaN,NaN,NaN,NaN,NaN
11,NaN,NaN,NaN,NaN,NaN,NaN,NaN,NaN
1,NaN,NaN,NaN,NaN,NaN,NaN,NaN,NaN
2,NaN,NaN,NaN,NaN,NaN,NaN,NaN,NaN
3,NaN,NaN,NaN,NaN,NaN,NaN,NaN,NaN
4,NaN,NaN,NaN,NaN,NaN,NaN,NaN,NaN
5,NaN,NaN,NaN,NaN,NaN,NaN,NaN,NaN
6,NaN,NaN,NaN,NaN,NaN,NaN,NaN,NaN
7,NaN,NaN,NaN,NaN,NaN,NaN,NaN,NaN
8,NaN,NaN,NaN,NaN,NaN,NaN,NaN,NaN
9,NaN,NaN,NaN,NaN,NaN,NaN,NaN,NaN
10,NaN,NaN,NaN,NaN,NaN,NaN,NaN,NaN
11,NaN,NaN,NaN,NaN,NaN,NaN,NaN,NaN
1,NaN,NaN,NaN,NaN,NaN,NaN,NaN,NaN
2,NaN,NaN,NaN,NaN,NaN,NaN,NaN,NaN
3,NaN,NaN,NaN,NaN,NaN,NaN,NaN,NaN
4,NaN,NaN,NaN,NaN,NaN,NaN,NaN,NaN
5,NaN,NaN,NaN,NaN,NaN,NaN,NaN,NaN
6,NaN,NaN,NaN,NaN,NaN,NaN,NaN,NaN
7,NaN,NaN,NaN,NaN,NaN,NaN,NaN,NaN
8,NaN,NaN,NaN,NaN,NaN,NaN,NaN,NaN
9,NaN,NaN,NaN,NaN,NaN,NaN,NaN,NaN
10,NaN,NaN,NaN,NaN,NaN,NaN,NaN,NaN
11,NaN,NaN,NaN,NaN,NaN,NaN,NaN,NaN
1,NaN,NaN,NaN,NaN,NaN,NaN,NaN,NaN
2,NaN,NaN,NaN,NaN,NaN,NaN,NaN,NaN
3,NaN,NaN,NaN,NaN,NaN,NaN,NaN,NaN
4,NaN,NaN,NaN,NaN,NaN,NaN,NaN,NaN
5,NaN,NaN,NaN,NaN,NaN,NaN,NaN,NaN
6,NaN,NaN,NaN,NaN,NaN,NaN,NaN,NaN
7,NaN,NaN,NaN,NaN,NaN,NaN,NaN,NaN
8,NaN,NaN,NaN,NaN,NaN,NaN,NaN,NaN
9,NaN,NaN,NaN,NaN,NaN,NaN,NaN,NaN
10,NaN,NaN,NaN,NaN,NaN,NaN,NaN,NaN
11,NaN,NaN,NaN,NaN,NaN,NaN,NaN,NaN
1,NaN,NaN,NaN,NaN,NaN,NaN,NaN,NaN
2,NaN,NaN,NaN,NaN,NaN,NaN,NaN,NaN
3,NaN,NaN,NaN,NaN,NaN,NaN,NaN,NaN
4,NaN,NaN,NaN,NaN,NaN,NaN,NaN,NaN
5,NaN,NaN,NaN,NaN,NaN,NaN,NaN,NaN
6,NaN,NaN,NaN,NaN,NaN,NaN,NaN,NaN
7,NaN,NaN,NaN,NaN,NaN,NaN,NaN,NaN
8,NaN,NaN,NaN,NaN,NaN,NaN,NaN,NaN
9,NaN,NaN,NaN,NaN,NaN,NaN,NaN,NaN
10,NaN,NaN,NaN,NaN,NaN,NaN,NaN,NaN
11,NaN,NaN,NaN,NaN,NaN,NaN,NaN,NaN
1,NaN,NaN,NaN,NaN,NaN,NaN,NaN,NaN
2,NaN,NaN,NaN,NaN,NaN,NaN,NaN,NaN
3,NaN,NaN,NaN,NaN,NaN,NaN,NaN,NaN
4,NaN,NaN,NaN,NaN,NaN,NaN,NaN,NaN
5,NaN,NaN,NaN,NaN,NaN,NaN,NaN,NaN
6,NaN,NaN,NaN,NaN,NaN,NaN,NaN,NaN
7,NaN,NaN,NaN,NaN,NaN,NaN,NaN,NaN
8,NaN,NaN,NaN,NaN,NaN,NaN,NaN,NaN
9,NaN,NaN,NaN,NaN,NaN,NaN,NaN,NaN
10,NaN,NaN,NaN,NaN,NaN,NaN,NaN,NaN
11,NaN,NaN,NaN,NaN,NaN,NaN,NaN,NaN
1,NaN,NaN,NaN,NaN,NaN,NaN,NaN,NaN
2,NaN,NaN,NaN,NaN,NaN,NaN,NaN,NaN
3,NaN,NaN,NaN,NaN,NaN,NaN,NaN,NaN
4,NaN,NaN,NaN,NaN,NaN,NaN,NaN,NaN
5,NaN,NaN,NaN,NaN,NaN,NaN,NaN,NaN
6,NaN,NaN,NaN,NaN,NaN,NaN,NaN,NaN
7,NaN,NaN,NaN,NaN,NaN,NaN,NaN,NaN
8,NaN,NaN,NaN,NaN,NaN,NaN,NaN,NaN
9,NaN,NaN,NaN,NaN,NaN,NaN,NaN,NaN
10,NaN,NaN,NaN,NaN,NaN,NaN,NaN,NaN
11,NaN,NaN,NaN,NaN,NaN,NaN,NaN,NaN
1,NaN,NaN,NaN,NaN,NaN,NaN,NaN,NaN
2,NaN,NaN,NaN,NaN,NaN,NaN,NaN,NaN
3,NaN,NaN,NaN,NaN,NaN,NaN,NaN,NaN
4,NaN,NaN,NaN,NaN,NaN,NaN,NaN,NaN
5,NaN,NaN,NaN,NaN,NaN,NaN,NaN,NaN
6,NaN,NaN,NaN,NaN,NaN,NaN,NaN,NaN
7,NaN,NaN,NaN,NaN,NaN,NaN,NaN,NaN
8,NaN,NaN,NaN,NaN,NaN,NaN,NaN,NaN
9,NaN,NaN,NaN,NaN,NaN,NaN,NaN,NaN
10,NaN,NaN,NaN,NaN,NaN,NaN,NaN,NaN
11,NaN,NaN,NaN,NaN,NaN,NaN,NaN,NaN
1,NaN,NaN,NaN,NaN,NaN,NaN,NaN,NaN
2,NaN,NaN,NaN,NaN,NaN,NaN,NaN,NaN
3,NaN,NaN,NaN,NaN,NaN,NaN,NaN,NaN
4,NaN,NaN,NaN,NaN,NaN,NaN,NaN,NaN
5,NaN,NaN,NaN,NaN,NaN,NaN,NaN,NaN
6,NaN,NaN,NaN,NaN,NaN,NaN,NaN,NaN
7,NaN,NaN,NaN,NaN,NaN,NaN,NaN,NaN
8,NaN,NaN,NaN,NaN,NaN,NaN,NaN,NaN
9,NaN,NaN,NaN,NaN,NaN,NaN,NaN,NaN
10,NaN,NaN,NaN,NaN,NaN,NaN,NaN,NaN
11,NaN,NaN,NaN,NaN,NaN,NaN,NaN,NaN
1,NaN,NaN,NaN,NaN,NaN,NaN,NaN,NaN
2,NaN,NaN,NaN,NaN,NaN,NaN,NaN,NaN
3,NaN,NaN,NaN,NaN,NaN,NaN,NaN,NaN
4,NaN,NaN,NaN,NaN,NaN,NaN,NaN,NaN
5,NaN,NaN,NaN,NaN,NaN,NaN,NaN,NaN
6,NaN,NaN,NaN,NaN,NaN,NaN,NaN,NaN
7,NaN,NaN,NaN,NaN,NaN,NaN,NaN,NaN
8,NaN,NaN,NaN,NaN,NaN,NaN,NaN,NaN
9,NaN,NaN,NaN,NaN,NaN,NaN,NaN,NaN
10,NaN,NaN,NaN,NaN,NaN,NaN,NaN,NaN
11,NaN,NaN,NaN,NaN,NaN,NaN,NaN,NaN
1,NaN,NaN,NaN,NaN,NaN,NaN,NaN,NaN
2,NaN,NaN,NaN,NaN,NaN,NaN,NaN,NaN
3,NaN,NaN,NaN,NaN,NaN,NaN,NaN,NaN
4,NaN,NaN,NaN,NaN,NaN,NaN,NaN,NaN
5,NaN,NaN,NaN,NaN,NaN,NaN,NaN,NaN
6,NaN,NaN,NaN,NaN,NaN,NaN,NaN,NaN
7,NaN,NaN,NaN,NaN,NaN,NaN,NaN,NaN
8,NaN,NaN,NaN,NaN,NaN,NaN,NaN,NaN
9,NaN,NaN,NaN,NaN,NaN,NaN,NaN,NaN
10,NaN,NaN,NaN,NaN,NaN,NaN,NaN,NaN
11,NaN,NaN,NaN,NaN,NaN,NaN,NaN,NaN
1,NaN,NaN,NaN,NaN,NaN,NaN,NaN,NaN
2,NaN,NaN,NaN,NaN,NaN,NaN,NaN,NaN
3,NaN,NaN,NaN,NaN,NaN,NaN,NaN,NaN
4,NaN,NaN,NaN,NaN,NaN,NaN,NaN,NaN
5,NaN,NaN,NaN,NaN,NaN,NaN,NaN,NaN
6,NaN,NaN,NaN,NaN,NaN,NaN,NaN,NaN
7,NaN,NaN,NaN,NaN,NaN,NaN,NaN,NaN
8,NaN,NaN,NaN,NaN,NaN,NaN,NaN,NaN
9,NaN,NaN,NaN,NaN,NaN,NaN,NaN,NaN
10,NaN,NaN,NaN,NaN,NaN,NaN,NaN,NaN
11,NaN,NaN,NaN,NaN,NaN,NaN,NaN,NaN
1,NaN,NaN,NaN,NaN,NaN,NaN,NaN,NaN
2,NaN,NaN,NaN,NaN,NaN,NaN,NaN,NaN
3,NaN,NaN,NaN,NaN,NaN,NaN,NaN,NaN
4,NaN,NaN,NaN,NaN,NaN,NaN,NaN,NaN
5,NaN,NaN,NaN,NaN,NaN,NaN,NaN,NaN
6,NaN,NaN,NaN,NaN,NaN,NaN,NaN,NaN
7,NaN,NaN,NaN,NaN,NaN,NaN,NaN,NaN
8,NaN,NaN,NaN,NaN,NaN,NaN,NaN,NaN
9,NaN,NaN,NaN,NaN,NaN,NaN,NaN,NaN
10,NaN,NaN,NaN,NaN,NaN,NaN,NaN,NaN
11,NaN,NaN,NaN,NaN,NaN,NaN,NaN,NaN
1,NaN,NaN,NaN,NaN,NaN,NaN,NaN,NaN
2,NaN,NaN,NaN,NaN,NaN,NaN,NaN,NaN
3,NaN,NaN,NaN,NaN,NaN,NaN,NaN,NaN
4,NaN,NaN,NaN,NaN,NaN,NaN,NaN,NaN
5,NaN,NaN,NaN,NaN,NaN,NaN,NaN,NaN
6,NaN,NaN,NaN,NaN,NaN,NaN,NaN,NaN
7,NaN,NaN,NaN,NaN,NaN,NaN,NaN,NaN
8,NaN,NaN,NaN,NaN,NaN,NaN,NaN,NaN
9,NaN,NaN,NaN,NaN,NaN,NaN,NaN,NaN
10,NaN,NaN,NaN,NaN,NaN,NaN,NaN,NaN
11,NaN,NaN,NaN,NaN,NaN,NaN,NaN,NaN
1,NaN,NaN,NaN,NaN,NaN,NaN,NaN,NaN
2,NaN,NaN,NaN,NaN,NaN,NaN,NaN,NaN
3,NaN,NaN,NaN,NaN,NaN,NaN,NaN,NaN
4,NaN,NaN,NaN,NaN,NaN,NaN,NaN,NaN
5,NaN,NaN,NaN,NaN,NaN,NaN,NaN,NaN
6,NaN,NaN,NaN,NaN,NaN,NaN,NaN,NaN
7,NaN,NaN,NaN,NaN,NaN,NaN,NaN,NaN
8,NaN,NaN,NaN,NaN,NaN,NaN,NaN,NaN
9,NaN,NaN,NaN,NaN,NaN,NaN,NaN,NaN
10,NaN,NaN,NaN,NaN,NaN,NaN,NaN,NaN
11,NaN,NaN,NaN,NaN,NaN,NaN,NaN,NaN
1,NaN,NaN,NaN,NaN,NaN,NaN,NaN,NaN
2,NaN,NaN,NaN,NaN,NaN,NaN,NaN,NaN
3,NaN,NaN,NaN,NaN,NaN,NaN,NaN,NaN
4,NaN,NaN,NaN,NaN,NaN,NaN,NaN,NaN
5,NaN,NaN,NaN,NaN,NaN,NaN,NaN,NaN
6,NaN,NaN,NaN,NaN,NaN,NaN,NaN,NaN
7,NaN,NaN,NaN,NaN,NaN,NaN,NaN,NaN
8,NaN,NaN,NaN,NaN,NaN,NaN,NaN,NaN
9,NaN,NaN,NaN,NaN,NaN,NaN,NaN,NaN
10,NaN,NaN,NaN,NaN,NaN,NaN,NaN,NaN
11,NaN,NaN,NaN,NaN,NaN,NaN,NaN,NaN
1,NaN,NaN,NaN,NaN,NaN,NaN,NaN,NaN
2,NaN,NaN,NaN,NaN,NaN,NaN,NaN,NaN
3,NaN,NaN,NaN,NaN,NaN,NaN,NaN,NaN
4,NaN,NaN,NaN,NaN,NaN,NaN,NaN,NaN
5,NaN,NaN,NaN,NaN,NaN,NaN,NaN,NaN
6,NaN,NaN,NaN,NaN,NaN,NaN,NaN,NaN
7,NaN,NaN,NaN,NaN,NaN,NaN,NaN,NaN
8,NaN,NaN,NaN,NaN,NaN,NaN,NaN,NaN
9,NaN,NaN,NaN,NaN,NaN,NaN,NaN,NaN
10,NaN,NaN,NaN,NaN,NaN,NaN,NaN,NaN
11,NaN,NaN,NaN,NaN,NaN,NaN,NaN,NaN
1,NaN,NaN,NaN,NaN,NaN,NaN,NaN,NaN
2,NaN,NaN,NaN,NaN,NaN,NaN,NaN,NaN
3,NaN,NaN,NaN,NaN,NaN,NaN,NaN,NaN
4,NaN,NaN,NaN,NaN,NaN,NaN,NaN,NaN
5,NaN,NaN,NaN,NaN,NaN,NaN,NaN,NaN
6,NaN,NaN,NaN,NaN,NaN,NaN,NaN,NaN
7,NaN,NaN,NaN,NaN,NaN,NaN,NaN,NaN
8,NaN,NaN,NaN,NaN,NaN,NaN,NaN,NaN
9,NaN,NaN,NaN,NaN,NaN,NaN,NaN,NaN
10,NaN,NaN,NaN,NaN,NaN,NaN,NaN,NaN
11,NaN,NaN,NaN,NaN,NaN,NaN,NaN,NaN
1,NaN,NaN,NaN,NaN,NaN,NaN,NaN,NaN
2,NaN,NaN,NaN,NaN,NaN,NaN,NaN,NaN
3,NaN,NaN,NaN,NaN,NaN,NaN,NaN,NaN
4,NaN,NaN,NaN,NaN,NaN,NaN,NaN,NaN
5,NaN,NaN,NaN,NaN,NaN,NaN,NaN,NaN
6,NaN,NaN,NaN,NaN,NaN,NaN,NaN,NaN
7,NaN,NaN,NaN,NaN,NaN,NaN,NaN,NaN
8,NaN,NaN,NaN,NaN,NaN,NaN,NaN,NaN
9,NaN,NaN,NaN,NaN,NaN,NaN,NaN,NaN
10,NaN,NaN,NaN,NaN,NaN,NaN,NaN,NaN
11,NaN,NaN,NaN,NaN,NaN,NaN,NaN,NaN
1,NaN,NaN,NaN,NaN,NaN,NaN,NaN,NaN
2,NaN,NaN,NaN,NaN,NaN,NaN,NaN,NaN
3,NaN,NaN,NaN,NaN,NaN,NaN,NaN,NaN
4,NaN,NaN,NaN,NaN,NaN,NaN,NaN,NaN
5,NaN,NaN,NaN,NaN,NaN,NaN,NaN,NaN
6,NaN,NaN,NaN,NaN,NaN,NaN,NaN,NaN
7,NaN,NaN,NaN,NaN,NaN,NaN,NaN,NaN
8,NaN,NaN,NaN,NaN,NaN,NaN,NaN,NaN
9,NaN,NaN,NaN,NaN,NaN,NaN,NaN,NaN
10,NaN,NaN,NaN,NaN,NaN,NaN,NaN,NaN
11,NaN,NaN,NaN,NaN,NaN,NaN,NaN,NaN
1,NaN,NaN,NaN,NaN,NaN,NaN,NaN,NaN
2,NaN,NaN,NaN,NaN,NaN,NaN,NaN,NaN
3,NaN,NaN,NaN,NaN,NaN,NaN,NaN,NaN
4,NaN,NaN,NaN,NaN,NaN,NaN,NaN,NaN
5,NaN,NaN,NaN,NaN,NaN,NaN,NaN,NaN
6,NaN,NaN,NaN,NaN,NaN,NaN,NaN,NaN
7,NaN,NaN,NaN,NaN,NaN,NaN,NaN,NaN
8,NaN,NaN,NaN,NaN,NaN,NaN,NaN,NaN
9,NaN,NaN,NaN,NaN,NaN,NaN,NaN,NaN
10,NaN,NaN,NaN,NaN,NaN,NaN,NaN,NaN
11,NaN,NaN,NaN,NaN,NaN,NaN,NaN,NaN
1,NaN,NaN,NaN,NaN,NaN,NaN,NaN,NaN
2,NaN,NaN,NaN,NaN,NaN,NaN,NaN,NaN
3,NaN,NaN,NaN,NaN,NaN,NaN,NaN,NaN
4,NaN,NaN,NaN,NaN,NaN,NaN,NaN,NaN
5,NaN,NaN,NaN,NaN,NaN,NaN,NaN,NaN
6,NaN,NaN,NaN,NaN,NaN,NaN,NaN,NaN
7,NaN,NaN,NaN,NaN,NaN,NaN,NaN,NaN
8,NaN,NaN,NaN,NaN,NaN,NaN,NaN,NaN
9,NaN,NaN,NaN,NaN,NaN,NaN,NaN,NaN
10,NaN,NaN,NaN,NaN,NaN,NaN,NaN,NaN
11,NaN,NaN,NaN,NaN,NaN,NaN,NaN,NaN
1,NaN,NaN,NaN,NaN,NaN,NaN,NaN,NaN
2,NaN,NaN,NaN,NaN,NaN,NaN,NaN,NaN
3,NaN,NaN,NaN,NaN,NaN,NaN,NaN,NaN
4,NaN,NaN,NaN,NaN,NaN,NaN,NaN,NaN
5,NaN,NaN,NaN,NaN,NaN,NaN,NaN,NaN
6,NaN,NaN,NaN,NaN,NaN,NaN,NaN,NaN
7,NaN,NaN,NaN,NaN,NaN,NaN,NaN,NaN
8,NaN,NaN,NaN,NaN,NaN,NaN,NaN,NaN
9,NaN,NaN,NaN,NaN,NaN,NaN,NaN,NaN
10,NaN,NaN,NaN,NaN,NaN,NaN,NaN,NaN
11,NaN,NaN,NaN,NaN,NaN,NaN,NaN,NaN
1,NaN,NaN,NaN,NaN,NaN,NaN,NaN,NaN
2,NaN,NaN,NaN,NaN,NaN,NaN,NaN,NaN
3,NaN,NaN,NaN,NaN,NaN,NaN,NaN,NaN
4,NaN,NaN,NaN,NaN,NaN,NaN,NaN,NaN
5,NaN,NaN,NaN,NaN,NaN,NaN,NaN,NaN
6,NaN,NaN,NaN,NaN,NaN,NaN,NaN,NaN
7,NaN,NaN,NaN,NaN,NaN,NaN,NaN,NaN
8,NaN,NaN,NaN,NaN,NaN,NaN,NaN,NaN
9,NaN,NaN,NaN,NaN,NaN,NaN,NaN,NaN
10,NaN,NaN,NaN,NaN,NaN,NaN,NaN,NaN
11,NaN,NaN,NaN,NaN,NaN,NaN,NaN,NaN
1,NaN,NaN,NaN,NaN,NaN,NaN,NaN,NaN
2,NaN,NaN,NaN,NaN,NaN,NaN,NaN,NaN
3,NaN,NaN,NaN,NaN,NaN,NaN,NaN,NaN
4,NaN,NaN,NaN,NaN,NaN,NaN,NaN,NaN
5,NaN,NaN,NaN,NaN,NaN,NaN,NaN,NaN
6,NaN,NaN,NaN,NaN,NaN,NaN,NaN,NaN
7,NaN,NaN,NaN,NaN,NaN,NaN,NaN,NaN
8,NaN,NaN,NaN,NaN,NaN,NaN,NaN,NaN
9,NaN,NaN,NaN,NaN,NaN,NaN,NaN,NaN
10,NaN,NaN,NaN,NaN,NaN,NaN,NaN,NaN
11,NaN,NaN,NaN,NaN,NaN,NaN,NaN,NaN
1,NaN,NaN,NaN,NaN,NaN,NaN,NaN,NaN
2,NaN,NaN,NaN,NaN,NaN,NaN,NaN,NaN
3,NaN,NaN,NaN,NaN,NaN,NaN,NaN,NaN
4,NaN,NaN,NaN,NaN,NaN,NaN,NaN,NaN
5,NaN,NaN,NaN,NaN,NaN,NaN,NaN,NaN
6,NaN,NaN,NaN,NaN,NaN,NaN,NaN,NaN
7,NaN,NaN,NaN,NaN,NaN,NaN,NaN,NaN
8,NaN,NaN,NaN,NaN,NaN,NaN,NaN,NaN
9,NaN,NaN,NaN,NaN,NaN,NaN,NaN,NaN
10,NaN,NaN,NaN,NaN,NaN,NaN,NaN,NaN
11,NaN,NaN,NaN,NaN,NaN,NaN,NaN,NaN
1,NaN,NaN,NaN,NaN,NaN,NaN,NaN,NaN
2,NaN,NaN,NaN,NaN,NaN,NaN,NaN,NaN
3,NaN,NaN,NaN,NaN,NaN,NaN,NaN,NaN
4,NaN,NaN,NaN,NaN,NaN,NaN,NaN,NaN
5,NaN,NaN,NaN,NaN,NaN,NaN,NaN,NaN
6,NaN,NaN,NaN,NaN,NaN,NaN,NaN,NaN
7,NaN,NaN,NaN,NaN,NaN,NaN,NaN,NaN
8,NaN,NaN,NaN,NaN,NaN,NaN,NaN,NaN
9,NaN,NaN,NaN,NaN,NaN,NaN,NaN,NaN
10,NaN,NaN,NaN,NaN,NaN,NaN,NaN,NaN
11,NaN,NaN,NaN,NaN,NaN,NaN,NaN,NaN
1,NaN,NaN,NaN,NaN,NaN,NaN,NaN,NaN
2,NaN,NaN,NaN,NaN,NaN,NaN,NaN,NaN
3,NaN,NaN,NaN,NaN,NaN,NaN,NaN,NaN
4,NaN,NaN,NaN,NaN,NaN,NaN,NaN,NaN
5,NaN,NaN,NaN,NaN,NaN,NaN,NaN,NaN
6,NaN,NaN,NaN,NaN,NaN,NaN,NaN,NaN
7,NaN,NaN,NaN,NaN,NaN,NaN,NaN,NaN
8,NaN,NaN,NaN,NaN,NaN,NaN,NaN,NaN
9,NaN,NaN,NaN,NaN,NaN,NaN,NaN,NaN
10,NaN,NaN,NaN,NaN,NaN,NaN,NaN,NaN
11,NaN,NaN,NaN,NaN,NaN,NaN,NaN,NaN
1,NaN,NaN,NaN,NaN,NaN,NaN,NaN,NaN
2,NaN,NaN,NaN,NaN,NaN,NaN,NaN,NaN
3,NaN,NaN,NaN,NaN,NaN,NaN,NaN,NaN
4,NaN,NaN,NaN,NaN,NaN,NaN,NaN,NaN
5,NaN,NaN,NaN,NaN,NaN,NaN,NaN,NaN
6,NaN,NaN,NaN,NaN,NaN,NaN,NaN,NaN
7,NaN,NaN,NaN,NaN,NaN,NaN,NaN,NaN
8,NaN,NaN,NaN,NaN,NaN,NaN,NaN,NaN
9,NaN,NaN,NaN,NaN,NaN,NaN,NaN,NaN
10,NaN,NaN,NaN,NaN,NaN,NaN,NaN,NaN
11,NaN,NaN,NaN,NaN,NaN,NaN,NaN,NaN
1,NaN,NaN,NaN,NaN,NaN,NaN,NaN,NaN
2,NaN,NaN,NaN,NaN,NaN,NaN,NaN,NaN
3,NaN,NaN,NaN,NaN,NaN,NaN,NaN,NaN
4,NaN,NaN,NaN,NaN,NaN,NaN,NaN,NaN
5,NaN,NaN,NaN,NaN,NaN,NaN,NaN,NaN
6,NaN,NaN,NaN,NaN,NaN,NaN,NaN,NaN
7,NaN,NaN,NaN,NaN,NaN,NaN,NaN,NaN
8,NaN,NaN,NaN,NaN,NaN,NaN,NaN,NaN
9,NaN,NaN,NaN,NaN,NaN,NaN,NaN,NaN
10,NaN,NaN,NaN,NaN,NaN,NaN,NaN,NaN
11,NaN,NaN,NaN,NaN,NaN,NaN,NaN,NaN
1,NaN,NaN,NaN,NaN,NaN,NaN,NaN,NaN
2,NaN,NaN,NaN,NaN,NaN,NaN,NaN,NaN
3,NaN,NaN,NaN,NaN,NaN,NaN,NaN,NaN
4,NaN,NaN,NaN,NaN,NaN,NaN,NaN,NaN
5,NaN,NaN,NaN,NaN,NaN,NaN,NaN,NaN
6,NaN,NaN,NaN,NaN,NaN,NaN,NaN,NaN
7,NaN,NaN,NaN,NaN,NaN,NaN,NaN,NaN
8,NaN,NaN,NaN,NaN,NaN,NaN,NaN,NaN
9,NaN,NaN,NaN,NaN,NaN,NaN,NaN,NaN
10,NaN,NaN,NaN,NaN,NaN,NaN,NaN,NaN
11,NaN,NaN,NaN,NaN,NaN,NaN,NaN,NaN
1,NaN,NaN,NaN,NaN,NaN,NaN,NaN,NaN
2,NaN,NaN,NaN,NaN,NaN,NaN,NaN,NaN
3,NaN,NaN,NaN,NaN,NaN,NaN,NaN,NaN
4,NaN,NaN,NaN,NaN,NaN,NaN,NaN,NaN
5,NaN,NaN,NaN,NaN,NaN,NaN,NaN,NaN
6,NaN,NaN,NaN,NaN,NaN,NaN,NaN,NaN
7,NaN,NaN,NaN,NaN,NaN,NaN,NaN,NaN
8,NaN,NaN,NaN,NaN,NaN,NaN,NaN,NaN
9,NaN,NaN,NaN,NaN,NaN,NaN,NaN,NaN
10,NaN,NaN,NaN,NaN,NaN,NaN,NaN,NaN
11,NaN,NaN,NaN,NaN,NaN,NaN,NaN,NaN
1,NaN,NaN,NaN,NaN,NaN,NaN,NaN,NaN
2,NaN,NaN,NaN,NaN,NaN,NaN,NaN,NaN
3,NaN,NaN,NaN,NaN,NaN,NaN,NaN,NaN
4,NaN,NaN,NaN,NaN,NaN,NaN,NaN,NaN
5,NaN,NaN,NaN,NaN,NaN,NaN,NaN,NaN
6,NaN,NaN,NaN,NaN,NaN,NaN,NaN,NaN
7,NaN,NaN,NaN,NaN,NaN,NaN,NaN,NaN
8,NaN,NaN,NaN,NaN,NaN,NaN,NaN,NaN
9,NaN,NaN,NaN,NaN,NaN,NaN,NaN,NaN
10,NaN,NaN,NaN,NaN,NaN,NaN,NaN,NaN
11,NaN,NaN,NaN,NaN,NaN,NaN,NaN,NaN
1,NaN,NaN,NaN,NaN,NaN,NaN,NaN,NaN
2,NaN,NaN,NaN,NaN,NaN,NaN,NaN,NaN
3,NaN,NaN,NaN,NaN,NaN,NaN,NaN,NaN
4,NaN,NaN,NaN,NaN,NaN,NaN,NaN,NaN
5,NaN,NaN,NaN,NaN,NaN,NaN,NaN,NaN
6,NaN,NaN,NaN,NaN,NaN,NaN,NaN,NaN
7,NaN,NaN,NaN,NaN,NaN,NaN,NaN,NaN
8,NaN,NaN,NaN,NaN,NaN,NaN,NaN,NaN
9,NaN,NaN,NaN,NaN,NaN,NaN,NaN,NaN
10,NaN,NaN,NaN,NaN,NaN,NaN,NaN,NaN
11,NaN,NaN,NaN,NaN,NaN,NaN,NaN,NaN
1,NaN,NaN,NaN,NaN,NaN,NaN,NaN,NaN
2,NaN,NaN,NaN,NaN,NaN,NaN,NaN,NaN
3,NaN,NaN,NaN,NaN,NaN,NaN,NaN,NaN
4,NaN,NaN,NaN,NaN,NaN,NaN,NaN,NaN
5,NaN,NaN,NaN,NaN,NaN,NaN,NaN,NaN
6,NaN,NaN,NaN,NaN,NaN,NaN,NaN,NaN
7,NaN,NaN,NaN,NaN,NaN,NaN,NaN,NaN
8,NaN,NaN,NaN,NaN,NaN,NaN,NaN,NaN
9,NaN,NaN,NaN,NaN,NaN,NaN,NaN,NaN
10,NaN,NaN,NaN,NaN,NaN,NaN,NaN,NaN
11,NaN,NaN,NaN,NaN,NaN,NaN,NaN,NaN
1,NaN,NaN,NaN,NaN,NaN,NaN,NaN,NaN
2,NaN,NaN,NaN,NaN,NaN,NaN,NaN,NaN
3,NaN,NaN,NaN,NaN,NaN,NaN,NaN,NaN
4,NaN,NaN,NaN,NaN,NaN,NaN,NaN,NaN
5,NaN,NaN,NaN,NaN,NaN,NaN,NaN,NaN
6,NaN,NaN,NaN,NaN,NaN,NaN,NaN,NaN
7,NaN,NaN,NaN,NaN,NaN,NaN,NaN,NaN
8,NaN,NaN,NaN,NaN,NaN,NaN,NaN,NaN
9,NaN,NaN,NaN,NaN,NaN,NaN,NaN,NaN
10,NaN,NaN,NaN,NaN,NaN,NaN,NaN,NaN
11,NaN,NaN,NaN,NaN,NaN,NaN,NaN,NaN
1,NaN,NaN,NaN,NaN,NaN,NaN,NaN,NaN
2,NaN,NaN,NaN,NaN,NaN,NaN,NaN,NaN
3,NaN,NaN,NaN,NaN,NaN,NaN,NaN,NaN
4,NaN,NaN,NaN,NaN,NaN,NaN,NaN,NaN
5,NaN,NaN,NaN,NaN,NaN,NaN,NaN,NaN
6,NaN,NaN,NaN,NaN,NaN,NaN,NaN,NaN
7,NaN,NaN,NaN,NaN,NaN,NaN,NaN,NaN
8,NaN,NaN,NaN,NaN,NaN,NaN,NaN,NaN
9,NaN,NaN,NaN,NaN,NaN,NaN,NaN,NaN
10,NaN,NaN,NaN,NaN,NaN,NaN,NaN,NaN
11,NaN,NaN,NaN,NaN,NaN,NaN,NaN,NaN
1,NaN,NaN,NaN,NaN,NaN,NaN,NaN,NaN
2,NaN,NaN,NaN,NaN,NaN,NaN,NaN,NaN
3,NaN,NaN,NaN,NaN,NaN,NaN,NaN,NaN
4,NaN,NaN,NaN,NaN,NaN,NaN,NaN,NaN
5,NaN,NaN,NaN,NaN,NaN,NaN,NaN,NaN
6,NaN,NaN,NaN,NaN,NaN,NaN,NaN,NaN
7,NaN,NaN,NaN,NaN,NaN,NaN,NaN,NaN
8,NaN,NaN,NaN,NaN,NaN,NaN,NaN,NaN
9,NaN,NaN,NaN,NaN,NaN,NaN,NaN,NaN
10,NaN,NaN,NaN,NaN,NaN,NaN,NaN,NaN
11,NaN,NaN,NaN,NaN,NaN,NaN,NaN,NaN
1,NaN,NaN,NaN,NaN,NaN,NaN,NaN,NaN
2,NaN,NaN,NaN,NaN,NaN,NaN,NaN,NaN
3,NaN,NaN,NaN,NaN,NaN,NaN,NaN,NaN
4,NaN,NaN,NaN,NaN,NaN,NaN,NaN,NaN
5,NaN,NaN,NaN,NaN,NaN,NaN,NaN,NaN
6,NaN,NaN,NaN,NaN,NaN,NaN,NaN,NaN
7,NaN,NaN,NaN,NaN,NaN,NaN,NaN,NaN
8,NaN,NaN,NaN,NaN,NaN,NaN,NaN,NaN
9,NaN,NaN,NaN,NaN,NaN,NaN,NaN,NaN
10,NaN,NaN,NaN,NaN,NaN,NaN,NaN,NaN
11,NaN,NaN,NaN,NaN,NaN,NaN,NaN,NaN
1,NaN,NaN,NaN,NaN,NaN,NaN,NaN,NaN
2,NaN,NaN,NaN,NaN,NaN,NaN,NaN,NaN
3,NaN,NaN,NaN,NaN,NaN,NaN,NaN,NaN
4,NaN,NaN,NaN,NaN,NaN,NaN,NaN,NaN
5,NaN,NaN,NaN,NaN,NaN,NaN,NaN,NaN
6,NaN,NaN,NaN,NaN,NaN,NaN,NaN,NaN
7,NaN,NaN,NaN,NaN,NaN,NaN,NaN,NaN
8,NaN,NaN,NaN,NaN,NaN,NaN,NaN,NaN
9,NaN,NaN,NaN,NaN,NaN,NaN,NaN,NaN
10,NaN,NaN,NaN,NaN,NaN,NaN,NaN,NaN
11,NaN,NaN,NaN,NaN,NaN,NaN,NaN,NaN
1,NaN,NaN,NaN,NaN,NaN,NaN,NaN,NaN
2,NaN,NaN,NaN,NaN,NaN,NaN,NaN,NaN
3,NaN,NaN,NaN,NaN,NaN,NaN,NaN,NaN
4,NaN,NaN,NaN,NaN,NaN,NaN,NaN,NaN
5,NaN,NaN,NaN,NaN,NaN,NaN,NaN,NaN
6,NaN,NaN,NaN,NaN,NaN,NaN,NaN,NaN
7,NaN,NaN,NaN,NaN,NaN,NaN,NaN,NaN
8,NaN,NaN,NaN,NaN,NaN,NaN,NaN,NaN
9,NaN,NaN,NaN,NaN,NaN,NaN,NaN,NaN
10,NaN,NaN,NaN,NaN,NaN,NaN,NaN,NaN
11,NaN,NaN,NaN,NaN,NaN,NaN,NaN,NaN
1,NaN,NaN,NaN,NaN,NaN,NaN,NaN,NaN
2,NaN,NaN,NaN,NaN,NaN,NaN,NaN,NaN
3,NaN,NaN,NaN,NaN,NaN,NaN,NaN,NaN
4,NaN,NaN,NaN,NaN,NaN,NaN,NaN,NaN
5,NaN,NaN,NaN,NaN,NaN,NaN,NaN,NaN
6,NaN,NaN,NaN,NaN,NaN,NaN,NaN,NaN
7,NaN,NaN,NaN,NaN,NaN,NaN,NaN,NaN
8,NaN,NaN,NaN,NaN,NaN,NaN,NaN,NaN
9,NaN,NaN,NaN,NaN,NaN,NaN,NaN,NaN
10,NaN,NaN,NaN,NaN,NaN,NaN,NaN,NaN
11,NaN,NaN,NaN,NaN,NaN,NaN,NaN,NaN
1,NaN,NaN,NaN,NaN,NaN,NaN,NaN,NaN
2,NaN,NaN,NaN,NaN,NaN,NaN,NaN,NaN
3,NaN,NaN,NaN,NaN,NaN,NaN,NaN,NaN
4,NaN,NaN,NaN,NaN,NaN,NaN,NaN,NaN
5,NaN,NaN,NaN,NaN,NaN,NaN,NaN,NaN
6,NaN,NaN,NaN,NaN,NaN,NaN,NaN,NaN
7,NaN,NaN,NaN,NaN,NaN,NaN,NaN,NaN
8,NaN,NaN,NaN,NaN,NaN,NaN,NaN,NaN
9,NaN,NaN,NaN,NaN,NaN,NaN,NaN,NaN
10,NaN,NaN,NaN,NaN,NaN,NaN,NaN,NaN
11,NaN,NaN,NaN,NaN,NaN,NaN,NaN,NaN
1,NaN,NaN,NaN,NaN,NaN,NaN,NaN,NaN
2,NaN,NaN,NaN,NaN,NaN,NaN,NaN,NaN
3,NaN,NaN,NaN,NaN,NaN,NaN,NaN,NaN
4,NaN,NaN,NaN,NaN,NaN,NaN,NaN,NaN
5,NaN,NaN,NaN,NaN,NaN,NaN,NaN,NaN
6,NaN,NaN,NaN,NaN,NaN,NaN,NaN,NaN
7,NaN,NaN,NaN,NaN,NaN,NaN,NaN,NaN
8,NaN,NaN,NaN,NaN,NaN,NaN,NaN,NaN
9,NaN,NaN,NaN,NaN,NaN,NaN,NaN,NaN
10,NaN,NaN,NaN,NaN,NaN,NaN,NaN,NaN
11,NaN,NaN,NaN,NaN,NaN,NaN,NaN,NaN
1,NaN,NaN,NaN,NaN,NaN,NaN,NaN,NaN
2,NaN,NaN,NaN,NaN,NaN,NaN,NaN,NaN
3,NaN,NaN,NaN,NaN,NaN,NaN,NaN,NaN
4,NaN,NaN,NaN,NaN,NaN,NaN,NaN,NaN
5,NaN,NaN,NaN,NaN,NaN,NaN,NaN,NaN
6,NaN,NaN,NaN,NaN,NaN,NaN,NaN,NaN
7,NaN,NaN,NaN,NaN,NaN,NaN,NaN,NaN
8,NaN,NaN,NaN,NaN,NaN,NaN,NaN,NaN
9,NaN,NaN,NaN,NaN,NaN,NaN,NaN,NaN
10,NaN,NaN,NaN,NaN,NaN,NaN,NaN,NaN
11,NaN,NaN,NaN,NaN,NaN,NaN,NaN,NaN
1,NaN,NaN,NaN,NaN,NaN,NaN,NaN,NaN
2,NaN,NaN,NaN,NaN,NaN,NaN,NaN,NaN
3,NaN,NaN,NaN,NaN,NaN,NaN,NaN,NaN
4,NaN,NaN,NaN,NaN,NaN,NaN,NaN,NaN
5,NaN,NaN,NaN,NaN,NaN,NaN,NaN,NaN
6,NaN,NaN,NaN,NaN,NaN,NaN,NaN,NaN
7,NaN,NaN,NaN,NaN,NaN,NaN,NaN,NaN
8,NaN,NaN,NaN,NaN,NaN,NaN,NaN,NaN
9,NaN,NaN,NaN,NaN,NaN,NaN,NaN,NaN
10,NaN,NaN,NaN,NaN,NaN,NaN,NaN,NaN
11,NaN,NaN,NaN,NaN,NaN,NaN,NaN,NaN
1,NaN,NaN,NaN,NaN,NaN,NaN,NaN,NaN
2,NaN,NaN,NaN,NaN,NaN,NaN,NaN,NaN
3,NaN,NaN,NaN,NaN,NaN,NaN,NaN,NaN
4,NaN,NaN,NaN,NaN,NaN,NaN,NaN,NaN
5,NaN,NaN,NaN,NaN,NaN,NaN,NaN,NaN
6,NaN,NaN,NaN,NaN,NaN,NaN,NaN,NaN
7,NaN,NaN,NaN,NaN,NaN,NaN,NaN,NaN
8,NaN,NaN,NaN,NaN,NaN,NaN,NaN,NaN
9,NaN,NaN,NaN,NaN,NaN,NaN,NaN,NaN
10,NaN,NaN,NaN,NaN,NaN,NaN,NaN,NaN
11,NaN,NaN,NaN,NaN,NaN,NaN,NaN,NaN
1,NaN,NaN,NaN,NaN,NaN,NaN,NaN,NaN
2,NaN,NaN,NaN,NaN,NaN,NaN,NaN,NaN
3,NaN,NaN,NaN,NaN,NaN,NaN,NaN,NaN
4,NaN,NaN,NaN,NaN,NaN,NaN,NaN,NaN
5,NaN,NaN,NaN,NaN,NaN,NaN,NaN,NaN
6,NaN,NaN,NaN,NaN,NaN,NaN,NaN,NaN
7,NaN,NaN,NaN,NaN,NaN,NaN,NaN,NaN
8,NaN,NaN,NaN,NaN,NaN,NaN,NaN,NaN
9,NaN,NaN,NaN,NaN,NaN,NaN,NaN,NaN
10,NaN,NaN,NaN,NaN,NaN,NaN,NaN,NaN
11,NaN,NaN,NaN,NaN,NaN,NaN,NaN,NaN
1,NaN,NaN,NaN,NaN,NaN,NaN,NaN,NaN
2,NaN,NaN,NaN,NaN,NaN,NaN,NaN,NaN
3,NaN,NaN,NaN,NaN,NaN,NaN,NaN,NaN
4,NaN,NaN,NaN,NaN,NaN,NaN,NaN,NaN
5,NaN,NaN,NaN,NaN,NaN,NaN,NaN,NaN
6,NaN,NaN,NaN,NaN,NaN,NaN,NaN,NaN
7,NaN,NaN,NaN,NaN,NaN,NaN,NaN,NaN
8,NaN,NaN,NaN,NaN,NaN,NaN,NaN,NaN
9,NaN,NaN,NaN,NaN,NaN,NaN,NaN,NaN
10,NaN,NaN,NaN,NaN,NaN,NaN,NaN,NaN
11,NaN,NaN,NaN,NaN,NaN,NaN,NaN,NaN
1,NaN,NaN,NaN,NaN,NaN,NaN,NaN,NaN
2,NaN,NaN,NaN,NaN,NaN,NaN,NaN,NaN
3,NaN,NaN,NaN,NaN,NaN,NaN,NaN,NaN
4,NaN,NaN,NaN,NaN,NaN,NaN,NaN,NaN
5,NaN,NaN,NaN,NaN,NaN,NaN,NaN,NaN
6,NaN,NaN,NaN,NaN,NaN,NaN,NaN,NaN
7,NaN,NaN,NaN,NaN,NaN,NaN,NaN,NaN
8,NaN,NaN,NaN,NaN,NaN,NaN,NaN,NaN
9,NaN,NaN,NaN,NaN,NaN,NaN,NaN,NaN
10,NaN,NaN,NaN,NaN,NaN,NaN,NaN,NaN
11,NaN,NaN,NaN,NaN,NaN,NaN,NaN,NaN
1,NaN,NaN,NaN,NaN,NaN,NaN,NaN,NaN
2,NaN,NaN,NaN,NaN,NaN,NaN,NaN,NaN
3,NaN,NaN,NaN,NaN,NaN,NaN,NaN,NaN
4,NaN,NaN,NaN,NaN,NaN,NaN,NaN,NaN
5,NaN,NaN,NaN,NaN,NaN,NaN,NaN,NaN
6,NaN,NaN,NaN,NaN,NaN,NaN,NaN,NaN
7,NaN,NaN,NaN,NaN,NaN,NaN,NaN,NaN
8,NaN,NaN,NaN,NaN,NaN,NaN,NaN,NaN
9,NaN,NaN,NaN,NaN,NaN,NaN,NaN,NaN
10,NaN,NaN,NaN,NaN,NaN,NaN,NaN,NaN
11,NaN,NaN,NaN,NaN,NaN,NaN,NaN,NaN
1,NaN,NaN,NaN,NaN,NaN,NaN,NaN,NaN
2,NaN,NaN,NaN,NaN,NaN,NaN,NaN,NaN
3,NaN,NaN,NaN,NaN,NaN,NaN,NaN,NaN
4,NaN,NaN,NaN,NaN,NaN,NaN,NaN,NaN
5,NaN,NaN,NaN,NaN,NaN,NaN,NaN,NaN
6,NaN,NaN,NaN,NaN,NaN,NaN,NaN,NaN
7,NaN,NaN,NaN,NaN,NaN,NaN,NaN,NaN
8,NaN,NaN,NaN,NaN,NaN,NaN,NaN,NaN
9,NaN,NaN,NaN,NaN,NaN,NaN,NaN,NaN
10,NaN,NaN,NaN,NaN,NaN,NaN,NaN,NaN
11,NaN,NaN,NaN,NaN,NaN,NaN,NaN,NaN
1,NaN,NaN,NaN,NaN,NaN,NaN,NaN,NaN
2,NaN,NaN,NaN,NaN,NaN,NaN,NaN,NaN
3,NaN,NaN,NaN,NaN,NaN,NaN,NaN,NaN
4,NaN,NaN,NaN,NaN,NaN,NaN,NaN,NaN
5,NaN,NaN,NaN,NaN,NaN,NaN,NaN,NaN
6,NaN,NaN,NaN,NaN,NaN,NaN,NaN,NaN
7,NaN,NaN,NaN,NaN,NaN,NaN,NaN,NaN
8,NaN,NaN,NaN,NaN,NaN,NaN,NaN,NaN
9,NaN,NaN,NaN,NaN,NaN,NaN,NaN,NaN
10,NaN,NaN,NaN,NaN,NaN,NaN,NaN,NaN
11,NaN,NaN,NaN,NaN,NaN,NaN,NaN,NaN
1,NaN,NaN,NaN,NaN,NaN,NaN,NaN,NaN
2,NaN,NaN,NaN,NaN,NaN,NaN,NaN,NaN
3,NaN,NaN,NaN,NaN,NaN,NaN,NaN,NaN
4,NaN,NaN,NaN,NaN,NaN,NaN,NaN,NaN
5,NaN,NaN,NaN,NaN,NaN,NaN,NaN,NaN
6,NaN,NaN,NaN,NaN,NaN,NaN,NaN,NaN
7,NaN,NaN,NaN,NaN,NaN,NaN,NaN,NaN
8,NaN,NaN,NaN,NaN,NaN,NaN,NaN,NaN
9,NaN,NaN,NaN,NaN,NaN,NaN,NaN,NaN
10,NaN,NaN,NaN,NaN,NaN,NaN,NaN,NaN
11,NaN,NaN,NaN,NaN,NaN,NaN,NaN,NaN
1,NaN,NaN,NaN,NaN,NaN,NaN,NaN,NaN
2,NaN,NaN,NaN,NaN,NaN,NaN,NaN,NaN
3,NaN,NaN,NaN,NaN,NaN,NaN,NaN,NaN
4,NaN,NaN,NaN,NaN,NaN,NaN,NaN,NaN
5,NaN,NaN,NaN,NaN,NaN,NaN,NaN,NaN
6,NaN,NaN,NaN,NaN,NaN,NaN,NaN,NaN
7,NaN,NaN,NaN,NaN,NaN,NaN,NaN,NaN
8,NaN,NaN,NaN,NaN,NaN,NaN,NaN,NaN
9,NaN,NaN,NaN,NaN,NaN,NaN,NaN,NaN
10,NaN,NaN,NaN,NaN,NaN,NaN,NaN,NaN
11,NaN,NaN,NaN,NaN,NaN,NaN,NaN,NaN
1,NaN,NaN,NaN,NaN,NaN,NaN,NaN,NaN
2,NaN,NaN,NaN,NaN,NaN,NaN,NaN,NaN
3,NaN,NaN,NaN,NaN,NaN,NaN,NaN,NaN
4,NaN,NaN,NaN,NaN,NaN,NaN,NaN,NaN
5,NaN,NaN,NaN,NaN,NaN,NaN,NaN,NaN
6,NaN,NaN,NaN,NaN,NaN,NaN,NaN,NaN
7,NaN,NaN,NaN,NaN,NaN,NaN,NaN,NaN
8,NaN,NaN,NaN,NaN,NaN,NaN,NaN,NaN
9,NaN,NaN,NaN,NaN,NaN,NaN,NaN,NaN
10,NaN,NaN,NaN,NaN,NaN,NaN,NaN,NaN
11,NaN,NaN,NaN,NaN,NaN,NaN,NaN,NaN
1,NaN,NaN,NaN,NaN,NaN,NaN,NaN,NaN
2,NaN,NaN,NaN,NaN,NaN,NaN,NaN,NaN
3,NaN,NaN,NaN,NaN,NaN,NaN,NaN,NaN
4,NaN,NaN,NaN,NaN,NaN,NaN,NaN,NaN
5,NaN,NaN,NaN,NaN,NaN,NaN,NaN,NaN
6,NaN,NaN,NaN,NaN,NaN,NaN,NaN,NaN
7,NaN,NaN,NaN,NaN,NaN,NaN,NaN,NaN
8,NaN,NaN,NaN,NaN,NaN,NaN,NaN,NaN
9,NaN,NaN,NaN,NaN,NaN,NaN,NaN,NaN
10,NaN,NaN,NaN,NaN,NaN,NaN,NaN,NaN
11,NaN,NaN,NaN,NaN,NaN,NaN,NaN,NaN
1,NaN,NaN,NaN,NaN,NaN,NaN,NaN,NaN
2,NaN,NaN,NaN,NaN,NaN,NaN,NaN,NaN
3,NaN,NaN,NaN,NaN,NaN,NaN,NaN,NaN
4,NaN,NaN,NaN,NaN,NaN,NaN,NaN,NaN
5,NaN,NaN,NaN,NaN,NaN,NaN,NaN,NaN
6,NaN,NaN,NaN,NaN,NaN,NaN,NaN,NaN
7,NaN,NaN,NaN,NaN,NaN,NaN,NaN,NaN
8,NaN,NaN,NaN,NaN,NaN,NaN,NaN,NaN
9,NaN,NaN,NaN,NaN,NaN,NaN,NaN,NaN
10,NaN,NaN,NaN,NaN,NaN,NaN,NaN,NaN
11,NaN,NaN,NaN,NaN,NaN,NaN,NaN,NaN
1,NaN,NaN,NaN,NaN,NaN,NaN,NaN,NaN
2,NaN,NaN,NaN,NaN,NaN,NaN,NaN,NaN
3,NaN,NaN,NaN,NaN,NaN,NaN,NaN,NaN
4,NaN,NaN,NaN,NaN,NaN,NaN,NaN,NaN
5,NaN,NaN,NaN,NaN,NaN,NaN,NaN,NaN
6,NaN,NaN,NaN,NaN,NaN,NaN,NaN,NaN
7,NaN,NaN,NaN,NaN,NaN,NaN,NaN,NaN
8,NaN,NaN,NaN,NaN,NaN,NaN,NaN,NaN
9,NaN,NaN,NaN,NaN,NaN,NaN,NaN,NaN
10,NaN,NaN,NaN,NaN,NaN,NaN,NaN,NaN
11,NaN,NaN,NaN,NaN,NaN,NaN,NaN,NaN
1,NaN,NaN,NaN,NaN,NaN,NaN,NaN,NaN
2,NaN,NaN,NaN,NaN,NaN,NaN,NaN,NaN
3,NaN,NaN,NaN,NaN,NaN,NaN,NaN,NaN
4,NaN,NaN,NaN,NaN,NaN,NaN,NaN,NaN
5,NaN,NaN,NaN,NaN,NaN,NaN,NaN,NaN
6,NaN,NaN,NaN,NaN,NaN,NaN,NaN,NaN
7,NaN,NaN,NaN,NaN,NaN,NaN,NaN,NaN
8,NaN,NaN,NaN,NaN,NaN,NaN,NaN,NaN
9,NaN,NaN,NaN,NaN,NaN,NaN,NaN,NaN
10,NaN,NaN,NaN,NaN,NaN,NaN,NaN,NaN
11,NaN,NaN,NaN,NaN,NaN,NaN,NaN,NaN
1,NaN,NaN,NaN,NaN,NaN,NaN,NaN,NaN
2,NaN,NaN,NaN,NaN,NaN,NaN,NaN,NaN
3,NaN,NaN,NaN,NaN,NaN,NaN,NaN,NaN
4,NaN,NaN,NaN,NaN,NaN,NaN,NaN,NaN
5,NaN,NaN,NaN,NaN,NaN,NaN,NaN,NaN
6,NaN,NaN,NaN,NaN,NaN,NaN,NaN,NaN
7,NaN,NaN,NaN,NaN,NaN,NaN,NaN,NaN
8,NaN,NaN,NaN,NaN,NaN,NaN,NaN,NaN
9,NaN,NaN,NaN,NaN,NaN,NaN,NaN,NaN
10,NaN,NaN,NaN,NaN,NaN,NaN,NaN,NaN
11,NaN,NaN,NaN,NaN,NaN,NaN,NaN,NaN
1,NaN,NaN,NaN,NaN,NaN,NaN,NaN,NaN
2,NaN,NaN,NaN,NaN,NaN,NaN,NaN,NaN
3,NaN,NaN,NaN,NaN,NaN,NaN,NaN,NaN
4,NaN,NaN,NaN,NaN,NaN,NaN,NaN,NaN
5,NaN,NaN,NaN,NaN,NaN,NaN,NaN,NaN
6,NaN,NaN,NaN,NaN,NaN,NaN,NaN,NaN
7,NaN,NaN,NaN,NaN,NaN,NaN,NaN,NaN
8,NaN,NaN,NaN,NaN,NaN,NaN,NaN,NaN
9,NaN,NaN,NaN,NaN,NaN,NaN,NaN,NaN
10,NaN,NaN,NaN,NaN,NaN,NaN,NaN,NaN
11,NaN,NaN,NaN,NaN,NaN,NaN,NaN,NaN
1,NaN,NaN,NaN,NaN,NaN,NaN,NaN,NaN
2,NaN,NaN,NaN,NaN,NaN,NaN,NaN,NaN
3,NaN,NaN,NaN,NaN,NaN,NaN,NaN,NaN
4,NaN,NaN,NaN,NaN,NaN,NaN,NaN,NaN
5,NaN,NaN,NaN,NaN,NaN,NaN,NaN,NaN
6,NaN,NaN,NaN,NaN,NaN,NaN,NaN,NaN
7,NaN,NaN,NaN,NaN,NaN,NaN,NaN,NaN
8,NaN,NaN,NaN,NaN,NaN,NaN,NaN,NaN
9,NaN,NaN,NaN,NaN,NaN,NaN,NaN,NaN
10,NaN,NaN,NaN,NaN,NaN,NaN,NaN,NaN
11,NaN,NaN,NaN,NaN,NaN,NaN,NaN,NaN
1,NaN,NaN,NaN,NaN,NaN,NaN,NaN,NaN
2,NaN,NaN,NaN,NaN,NaN,NaN,NaN,NaN
3,NaN,NaN,NaN,NaN,NaN,NaN,NaN,NaN
4,NaN,NaN,NaN,NaN,NaN,NaN,NaN,NaN
5,NaN,NaN,NaN,NaN,NaN,NaN,NaN,NaN
6,NaN,NaN,NaN,NaN,NaN,NaN,NaN,NaN
7,NaN,NaN,NaN,NaN,NaN,NaN,NaN,NaN
8,NaN,NaN,NaN,NaN,NaN,NaN,NaN,NaN
9,NaN,NaN,NaN,NaN,NaN,NaN,NaN,NaN
10,NaN,NaN,NaN,NaN,NaN,NaN,NaN,NaN
11,NaN,NaN,NaN,NaN,NaN,NaN,NaN,NaN
1,NaN,NaN,NaN,NaN,NaN,NaN,NaN,NaN
2,NaN,NaN,NaN,NaN,NaN,NaN,NaN,NaN
3,NaN,NaN,NaN,NaN,NaN,NaN,NaN,NaN
4,NaN,NaN,NaN,NaN,NaN,NaN,NaN,NaN
5,NaN,NaN,NaN,NaN,NaN,NaN,NaN,NaN
6,NaN,NaN,NaN,NaN,NaN,NaN,NaN,NaN
7,NaN,NaN,NaN,NaN,NaN,NaN,NaN,NaN
8,NaN,NaN,NaN,NaN,NaN,NaN,NaN,NaN
9,NaN,NaN,NaN,NaN,NaN,NaN,NaN,NaN
10,NaN,NaN,NaN,NaN,NaN,NaN,NaN,NaN
11,NaN,NaN,NaN,NaN,NaN,NaN,NaN,NaN
1,NaN,NaN,NaN,NaN,NaN,NaN,NaN,NaN
2,NaN,NaN,NaN,NaN,NaN,NaN,NaN,NaN
3,NaN,NaN,NaN,NaN,NaN,NaN,NaN,NaN
4,NaN,NaN,NaN,NaN,NaN,NaN,NaN,NaN
5,NaN,NaN,NaN,NaN,NaN,NaN,NaN,NaN
6,NaN,NaN,NaN,NaN,NaN,NaN,NaN,NaN
7,NaN,NaN,NaN,NaN,NaN,NaN,NaN,NaN
8,NaN,NaN,NaN,NaN,NaN,NaN,NaN,NaN
9,NaN,NaN,NaN,NaN,NaN,NaN,NaN,NaN
10,NaN,NaN,NaN,NaN,NaN,NaN,NaN,NaN
11,NaN,NaN,NaN,NaN,NaN,NaN,NaN,NaN
1,NaN,NaN,NaN,NaN,NaN,NaN,NaN,NaN
2,NaN,NaN,NaN,NaN,NaN,NaN,NaN,NaN
3,NaN,NaN,NaN,NaN,NaN,NaN,NaN,NaN
4,NaN,NaN,NaN,NaN,NaN,NaN,NaN,NaN
5,NaN,NaN,NaN,NaN,NaN,NaN,NaN,NaN
6,NaN,NaN,NaN,NaN,NaN,NaN,NaN,NaN
7,NaN,NaN,NaN,NaN,NaN,NaN,NaN,NaN
8,NaN,NaN,NaN,NaN,NaN,NaN,NaN,NaN
9,NaN,NaN,NaN,NaN,NaN,NaN,NaN,NaN
10,NaN,NaN,NaN,NaN,NaN,NaN,NaN,NaN
11,NaN,NaN,NaN,NaN,NaN,NaN,NaN,NaN
1,NaN,NaN,NaN,NaN,NaN,NaN,NaN,NaN
2,NaN,NaN,NaN,NaN,NaN,NaN,NaN,NaN
3,NaN,NaN,NaN,NaN,NaN,NaN,NaN,NaN
4,NaN,NaN,NaN,NaN,NaN,NaN,NaN,NaN
5,NaN,NaN,NaN,NaN,NaN,NaN,NaN,NaN
6,NaN,NaN,NaN,NaN,NaN,NaN,NaN,NaN
7,NaN,NaN,NaN,NaN,NaN,NaN,NaN,NaN
8,NaN,NaN,NaN,NaN,NaN,NaN,NaN,NaN
9,NaN,NaN,NaN,NaN,NaN,NaN,NaN,NaN
10,NaN,NaN,NaN,NaN,NaN,NaN,NaN,NaN
11,NaN,NaN,NaN,NaN,NaN,NaN,NaN,NaN
1,NaN,NaN,NaN,NaN,NaN,NaN,NaN,NaN
2,NaN,NaN,NaN,NaN,NaN,NaN,NaN,NaN
3,NaN,NaN,NaN,NaN,NaN,NaN,NaN,NaN
4,NaN,NaN,NaN,NaN,NaN,NaN,NaN,NaN
5,NaN,NaN,NaN,NaN,NaN,NaN,NaN,NaN
6,NaN,NaN,NaN,NaN,NaN,NaN,NaN,NaN
7,NaN,NaN,NaN,NaN,NaN,NaN,NaN,NaN
8,NaN,NaN,NaN,NaN,NaN,NaN,NaN,NaN
9,NaN,NaN,NaN,NaN,NaN,NaN,NaN,NaN
10,NaN,NaN,NaN,NaN,NaN,NaN,NaN,NaN
11,NaN,NaN,NaN,NaN,NaN,NaN,NaN,NaN
1,NaN,NaN,NaN,NaN,NaN,NaN,NaN,NaN
2,NaN,NaN,NaN,NaN,NaN,NaN,NaN,NaN
3,NaN,NaN,NaN,NaN,NaN,NaN,NaN,NaN
4,NaN,NaN,NaN,NaN,NaN,NaN,NaN,NaN
5,NaN,NaN,NaN,NaN,NaN,NaN,NaN,NaN
6,NaN,NaN,NaN,NaN,NaN,NaN,NaN,NaN
7,NaN,NaN,NaN,NaN,NaN,NaN,NaN,NaN
8,NaN,NaN,NaN,NaN,NaN,NaN,NaN,NaN
9,NaN,NaN,NaN,NaN,NaN,NaN,NaN,NaN
10,NaN,NaN,NaN,NaN,NaN,NaN,NaN,NaN
11,NaN,NaN,NaN,NaN,NaN,NaN,NaN,NaN
1,NaN,NaN,NaN,NaN,NaN,NaN,NaN,NaN
2,NaN,NaN,NaN,NaN,NaN,NaN,NaN,NaN
3,NaN,NaN,NaN,NaN,NaN,NaN,NaN,NaN
4,NaN,NaN,NaN,NaN,NaN,NaN,NaN,NaN
5,NaN,NaN,NaN,NaN,NaN,NaN,NaN,NaN
6,NaN,NaN,NaN,NaN,NaN,NaN,NaN,NaN
7,NaN,NaN,NaN,NaN,NaN,NaN,NaN,NaN
8,NaN,NaN,NaN,NaN,NaN,NaN,NaN,NaN
9,NaN,NaN,NaN,NaN,NaN,NaN,NaN,NaN
10,NaN,NaN,NaN,NaN,NaN,NaN,NaN,NaN
11,NaN,NaN,NaN,NaN,NaN,NaN,NaN,NaN
1,NaN,NaN,NaN,NaN,NaN,NaN,NaN,NaN
2,NaN,NaN,NaN,NaN,NaN,NaN,NaN,NaN
3,NaN,NaN,NaN,NaN,NaN,NaN,NaN,NaN
4,NaN,NaN,NaN,NaN,NaN,NaN,NaN,NaN
5,NaN,NaN,NaN,NaN,NaN,NaN,NaN,NaN
6,NaN,NaN,NaN,NaN,NaN,NaN,NaN,NaN
7,NaN,NaN,NaN,NaN,NaN,NaN,NaN,NaN
8,NaN,NaN,NaN,NaN,NaN,NaN,NaN,NaN
9,NaN,NaN,NaN,NaN,NaN,NaN,NaN,NaN
10,NaN,NaN,NaN,NaN,NaN,NaN,NaN,NaN
11,NaN,NaN,NaN,NaN,NaN,NaN,NaN,NaN
1,NaN,NaN,NaN,NaN,NaN,NaN,NaN,NaN
2,NaN,NaN,NaN,NaN,NaN,NaN,NaN,NaN
3,NaN,NaN,NaN,NaN,NaN,NaN,NaN,NaN
4,NaN,NaN,NaN,NaN,NaN,NaN,NaN,NaN
5,NaN,NaN,NaN,NaN,NaN,NaN,NaN,NaN
6,NaN,NaN,NaN,NaN,NaN,NaN,NaN,NaN
7,NaN,NaN,NaN,NaN,NaN,NaN,NaN,NaN
8,NaN,NaN,NaN,NaN,NaN,NaN,NaN,NaN
9,NaN,NaN,NaN,NaN,NaN,NaN,NaN,NaN
10,NaN,NaN,NaN,NaN,NaN,NaN,NaN,NaN
11,NaN,NaN,NaN,NaN,NaN,NaN,NaN,NaN
1,NaN,NaN,NaN,NaN,NaN,NaN,NaN,NaN
2,NaN,NaN,NaN,NaN,NaN,NaN,NaN,NaN
3,NaN,NaN,NaN,NaN,NaN,NaN,NaN,NaN
4,NaN,NaN,NaN,NaN,NaN,NaN,NaN,NaN
5,NaN,NaN,NaN,NaN,NaN,NaN,NaN,NaN
6,NaN,NaN,NaN,NaN,NaN,NaN,NaN,NaN
7,NaN,NaN,NaN,NaN,NaN,NaN,NaN,NaN
8,NaN,NaN,NaN,NaN,NaN,NaN,NaN,NaN
9,NaN,NaN,NaN,NaN,NaN,NaN,NaN,NaN
10,NaN,NaN,NaN,NaN,NaN,NaN,NaN,NaN
11,NaN,NaN,NaN,NaN,NaN,NaN,NaN,NaN
1,NaN,NaN,NaN,NaN,NaN,NaN,NaN,NaN
2,NaN,NaN,NaN,NaN,NaN,NaN,NaN,NaN
3,NaN,NaN,NaN,NaN,NaN,NaN,NaN,NaN
4,NaN,NaN,NaN,NaN,NaN,NaN,NaN,NaN
5,NaN,NaN,NaN,NaN,NaN,NaN,NaN,NaN
6,NaN,NaN,NaN,NaN,NaN,NaN,NaN,NaN
7,NaN,NaN,NaN,NaN,NaN,NaN,NaN,NaN
8,NaN,NaN,NaN,NaN,NaN,NaN,NaN,NaN
9,NaN,NaN,NaN,NaN,NaN,NaN,NaN,NaN
10,NaN,NaN,NaN,NaN,NaN,NaN,NaN,NaN
11,NaN,NaN,NaN,NaN,NaN,NaN,NaN,NaN
1,NaN,NaN,NaN,NaN,NaN,NaN,NaN,NaN
2,NaN,NaN,NaN,NaN,NaN,NaN,NaN,NaN
3,NaN,NaN,NaN,NaN,NaN,NaN,NaN,NaN
4,NaN,NaN,NaN,NaN,NaN,NaN,NaN,NaN
5,NaN,NaN,NaN,NaN,NaN,NaN,NaN,NaN
6,NaN,NaN,NaN,NaN,NaN,NaN,NaN,NaN
7,NaN,NaN,NaN,NaN,NaN,NaN,NaN,NaN
8,NaN,NaN,NaN,NaN,NaN,NaN,NaN,NaN
9,NaN,NaN,NaN,NaN,NaN,NaN,NaN,NaN
10,NaN,NaN,NaN,NaN,NaN,NaN,NaN,NaN
11,NaN,NaN,NaN,NaN,NaN,NaN,NaN,NaN
1,NaN,NaN,NaN,NaN,NaN,NaN,NaN,NaN
2,NaN,NaN,NaN,NaN,NaN,NaN,NaN,NaN
3,NaN,NaN,NaN,NaN,NaN,NaN,NaN,NaN
4,NaN,NaN,NaN,NaN,NaN,NaN,NaN,NaN
5,NaN,NaN,NaN,NaN,NaN,NaN,NaN,NaN
6,NaN,NaN,NaN,NaN,NaN,NaN,NaN,NaN
7,NaN,NaN,NaN,NaN,NaN,NaN,NaN,NaN
8,NaN,NaN,NaN,NaN,NaN,NaN,NaN,NaN
9,NaN,NaN,NaN,NaN,NaN,NaN,NaN,NaN
10,NaN,NaN,NaN,NaN,NaN,NaN,NaN,NaN
11,NaN,NaN,NaN,NaN,NaN,NaN,NaN,NaN
1,NaN,NaN,NaN,NaN,NaN,NaN,NaN,NaN
2,NaN,NaN,NaN,NaN,NaN,NaN,NaN,NaN
3,NaN,NaN,NaN,NaN,NaN,NaN,NaN,NaN
4,NaN,NaN,NaN,NaN,NaN,NaN,NaN,NaN
5,NaN,NaN,NaN,NaN,NaN,NaN,NaN,NaN
6,NaN,NaN,NaN,NaN,NaN,NaN,NaN,NaN
7,NaN,NaN,NaN,NaN,NaN,NaN,NaN,NaN
8,NaN,NaN,NaN,NaN,NaN,NaN,NaN,NaN
9,NaN,NaN,NaN,NaN,NaN,NaN,NaN,NaN
10,NaN,NaN,NaN,NaN,NaN,NaN,NaN,NaN
11,NaN,NaN,NaN,NaN,NaN,NaN,NaN,NaN
1,NaN,NaN,NaN,NaN,NaN,NaN,NaN,NaN
2,NaN,NaN,NaN,NaN,NaN,NaN,NaN,NaN
3,NaN,NaN,NaN,NaN,NaN,NaN,NaN,NaN
4,NaN,NaN,NaN,NaN,NaN,NaN,NaN,NaN
5,NaN,NaN,NaN,NaN,NaN,NaN,NaN,NaN
6,NaN,NaN,NaN,NaN,NaN,NaN,NaN,NaN
7,NaN,NaN,NaN,NaN,NaN,NaN,NaN,NaN
8,NaN,NaN,NaN,NaN,NaN,NaN,NaN,NaN
9,NaN,NaN,NaN,NaN,NaN,NaN,NaN,NaN
10,NaN,NaN,NaN,NaN,NaN,NaN,NaN,NaN
11,NaN,NaN,NaN,NaN,NaN,NaN,NaN,NaN
1,NaN,NaN,NaN,NaN,NaN,NaN,NaN,NaN
2,NaN,NaN,NaN,NaN,NaN,NaN,NaN,NaN
3,NaN,NaN,NaN,NaN,NaN,NaN,NaN,NaN
4,NaN,NaN,NaN,NaN,NaN,NaN,NaN,NaN
5,NaN,NaN,NaN,NaN,NaN,NaN,NaN,NaN
6,NaN,NaN,NaN,NaN,NaN,NaN,NaN,NaN
7,NaN,NaN,NaN,NaN,NaN,NaN,NaN,NaN
8,NaN,NaN,NaN,NaN,NaN,NaN,NaN,NaN
9,NaN,NaN,NaN,NaN,NaN,NaN,NaN,NaN
10,NaN,NaN,NaN,NaN,NaN,NaN,NaN,NaN
11,NaN,NaN,NaN,NaN,NaN,NaN,NaN,NaN
1,NaN,NaN,NaN,NaN,NaN,NaN,NaN,NaN
2,NaN,NaN,NaN,NaN,NaN,NaN,NaN,NaN
3,NaN,NaN,NaN,NaN,NaN,NaN,NaN,NaN
4,NaN,NaN,NaN,NaN,NaN,NaN,NaN,NaN
5,NaN,NaN,NaN,NaN,NaN,NaN,NaN,NaN
6,NaN,NaN,NaN,NaN,NaN,NaN,NaN,NaN
7,NaN,NaN,NaN,NaN,NaN,NaN,NaN,NaN
8,NaN,NaN,NaN,NaN,NaN,NaN,NaN,NaN
9,NaN,NaN,NaN,NaN,NaN,NaN,NaN,NaN
10,NaN,NaN,NaN,NaN,NaN,NaN,NaN,NaN
11,NaN,NaN,NaN,NaN,NaN,NaN,NaN,NaN
1,NaN,NaN,NaN,NaN,NaN,NaN,NaN,NaN
2,NaN,NaN,NaN,NaN,NaN,NaN,NaN,NaN
3,NaN,NaN,NaN,NaN,NaN,NaN,NaN,NaN
4,NaN,NaN,NaN,NaN,NaN,NaN,NaN,NaN
5,NaN,NaN,NaN,NaN,NaN,NaN,NaN,NaN
6,NaN,NaN,NaN,NaN,NaN,NaN,NaN,NaN
7,NaN,NaN,NaN,NaN,NaN,NaN,NaN,NaN
8,NaN,NaN,NaN,NaN,NaN,NaN,NaN,NaN
9,NaN,NaN,NaN,NaN,NaN,NaN,NaN,NaN
10,NaN,NaN,NaN,NaN,NaN,NaN,NaN,NaN
11,NaN,NaN,NaN,NaN,NaN,NaN,NaN,NaN
1,NaN,NaN,NaN,NaN,NaN,NaN,NaN,NaN
2,NaN,NaN,NaN,NaN,NaN,NaN,NaN,NaN
3,NaN,NaN,NaN,NaN,NaN,NaN,NaN,NaN
4,NaN,NaN,NaN,NaN,NaN,NaN,NaN,NaN
5,NaN,NaN,NaN,NaN,NaN,NaN,NaN,NaN
6,NaN,NaN,NaN,NaN,NaN,NaN,NaN,NaN
7,NaN,NaN,NaN,NaN,NaN,NaN,NaN,NaN
8,NaN,NaN,NaN,NaN,NaN,NaN,NaN,NaN
9,NaN,NaN,NaN,NaN,NaN,NaN,NaN,NaN
10,NaN,NaN,NaN,NaN,NaN,NaN,NaN,NaN
11,NaN,NaN,NaN,NaN,NaN,NaN,NaN,NaN
1,NaN,NaN,NaN,NaN,NaN,NaN,NaN,NaN
2,NaN,NaN,NaN,NaN,NaN,NaN,NaN,NaN
3,NaN,NaN,NaN,NaN,NaN,NaN,NaN,NaN
4,NaN,NaN,NaN,NaN,NaN,NaN,NaN,NaN
5,NaN,NaN,NaN,NaN,NaN,NaN,NaN,NaN
6,NaN,NaN,NaN,NaN,NaN,NaN,NaN,NaN
7,NaN,NaN,NaN,NaN,NaN,NaN,NaN,NaN
8,NaN,NaN,NaN,NaN,NaN,NaN,NaN,NaN
9,NaN,NaN,NaN,NaN,NaN,NaN,NaN,NaN
10,NaN,NaN,NaN,NaN,NaN,NaN,NaN,NaN
11,NaN,NaN,NaN,NaN,NaN,NaN,NaN,NaN
1,NaN,NaN,NaN,NaN,NaN,NaN,NaN,NaN
2,NaN,NaN,NaN,NaN,NaN,NaN,NaN,NaN
3,NaN,NaN,NaN,NaN,NaN,NaN,NaN,NaN
4,NaN,NaN,NaN,NaN,NaN,NaN,NaN,NaN
5,NaN,NaN,NaN,NaN,NaN,NaN,NaN,NaN
6,NaN,NaN,NaN,NaN,NaN,NaN,NaN,NaN
7,NaN,NaN,NaN,NaN,NaN,NaN,NaN,NaN
8,NaN,NaN,NaN,NaN,NaN,NaN,NaN,NaN
9,NaN,NaN,NaN,NaN,NaN,NaN,NaN,NaN
10,NaN,NaN,NaN,NaN,NaN,NaN,NaN,NaN
11,NaN,NaN,NaN,NaN,NaN,NaN,NaN,NaN
1,NaN,NaN,NaN,NaN,NaN,NaN,NaN,NaN
2,NaN,NaN,NaN,NaN,NaN,NaN,NaN,NaN
3,NaN,NaN,NaN,NaN,NaN,NaN,NaN,NaN
4,NaN,NaN,NaN,NaN,NaN,NaN,NaN,NaN
5,NaN,NaN,NaN,NaN,NaN,NaN,NaN,NaN
6,NaN,NaN,NaN,NaN,NaN,NaN,NaN,NaN
7,NaN,NaN,NaN,NaN,NaN,NaN,NaN,NaN
8,NaN,NaN,NaN,NaN,NaN,NaN,NaN,NaN
9,NaN,NaN,NaN,NaN,NaN,NaN,NaN,NaN
10,NaN,NaN,NaN,NaN,NaN,NaN,NaN,NaN
11,NaN,NaN,NaN,NaN,NaN,NaN,NaN,NaN
1,NaN,NaN,NaN,NaN,NaN,NaN,NaN,NaN
2,NaN,NaN,NaN,NaN,NaN,NaN,NaN,NaN
3,NaN,NaN,NaN,NaN,NaN,NaN,NaN,NaN
4,NaN,NaN,NaN,NaN,NaN,NaN,NaN,NaN
5,NaN,NaN,NaN,NaN,NaN,NaN,NaN,NaN
6,NaN,NaN,NaN,NaN,NaN,NaN,NaN,NaN
7,NaN,NaN,NaN,NaN,NaN,NaN,NaN,NaN
8,NaN,NaN,NaN,NaN,NaN,NaN,NaN,NaN
9,NaN,NaN,NaN,NaN,NaN,NaN,NaN,NaN
10,NaN,NaN,NaN,NaN,NaN,NaN,NaN,NaN
11,NaN,NaN,NaN,NaN,NaN,NaN,NaN,NaN
1,NaN,NaN,NaN,NaN,NaN,NaN,NaN,NaN
2,NaN,NaN,NaN,NaN,NaN,NaN,NaN,NaN
3,NaN,NaN,NaN,NaN,NaN,NaN,NaN,NaN
4,NaN,NaN,NaN,NaN,NaN,NaN,NaN,NaN
5,NaN,NaN,NaN,NaN,NaN,NaN,NaN,NaN
6,NaN,NaN,NaN,NaN,NaN,NaN,NaN,NaN
7,NaN,NaN,NaN,NaN,NaN,NaN,NaN,NaN
8,NaN,NaN,NaN,NaN,NaN,NaN,NaN,NaN
9,NaN,NaN,NaN,NaN,NaN,NaN,NaN,NaN
10,NaN,NaN,NaN,NaN,NaN,NaN,NaN,NaN
11,NaN,NaN,NaN,NaN,NaN,NaN,NaN,NaN
1,NaN,NaN,NaN,NaN,NaN,NaN,NaN,NaN
2,NaN,NaN,NaN,NaN,NaN,NaN,NaN,NaN
3,NaN,NaN,NaN,NaN,NaN,NaN,NaN,NaN
4,NaN,NaN,NaN,NaN,NaN,NaN,NaN,NaN
5,NaN,NaN,NaN,NaN,NaN,NaN,NaN,NaN
6,NaN,NaN,NaN,NaN,NaN,NaN,NaN,NaN
7,NaN,NaN,NaN,NaN,NaN,NaN,NaN,NaN
8,NaN,NaN,NaN,NaN,NaN,NaN,NaN,NaN
9,NaN,NaN,NaN,NaN,NaN,NaN,NaN,NaN
10,NaN,NaN,NaN,NaN,NaN,NaN,NaN,NaN
11,NaN,NaN,NaN,NaN,NaN,NaN,NaN,NaN
1,NaN,NaN,NaN,NaN,NaN,NaN,NaN,NaN
2,NaN,NaN,NaN,NaN,NaN,NaN,NaN,NaN
3,NaN,NaN,NaN,NaN,NaN,NaN,NaN,NaN
4,NaN,NaN,NaN,NaN,NaN,NaN,NaN,NaN
5,NaN,NaN,NaN,NaN,NaN,NaN,NaN,NaN
6,NaN,NaN,NaN,NaN,NaN,NaN,NaN,NaN
7,NaN,NaN,NaN,NaN,NaN,NaN,NaN,NaN
8,NaN,NaN,NaN,NaN,NaN,NaN,NaN,NaN
9,NaN,NaN,NaN,NaN,NaN,NaN,NaN,NaN
10,NaN,NaN,NaN,NaN,NaN,NaN,NaN,NaN
11,NaN,NaN,NaN,NaN,NaN,NaN,NaN,NaN
1,NaN,NaN,NaN,NaN,NaN,NaN,NaN,NaN
2,NaN,NaN,NaN,NaN,NaN,NaN,NaN,NaN
3,NaN,NaN,NaN,NaN,NaN,NaN,NaN,NaN
4,NaN,NaN,NaN,NaN,NaN,NaN,NaN,NaN
5,NaN,NaN,NaN,NaN,NaN,NaN,NaN,NaN
6,NaN,NaN,NaN,NaN,NaN,NaN,NaN,NaN
7,NaN,NaN,NaN,NaN,NaN,NaN,NaN,NaN
8,NaN,NaN,NaN,NaN,NaN,NaN,NaN,NaN
9,NaN,NaN,NaN,NaN,NaN,NaN,NaN,NaN
10,NaN,NaN,NaN,NaN,NaN,NaN,NaN,NaN
11,NaN,NaN,NaN,NaN,NaN,NaN,NaN,NaN
1,NaN,NaN,NaN,NaN,NaN,NaN,NaN,NaN
2,NaN,NaN,NaN,NaN,NaN,NaN,NaN,NaN
3,NaN,NaN,NaN,NaN,NaN,NaN,NaN,NaN
4,NaN,NaN,NaN,NaN,NaN,NaN,NaN,NaN
5,NaN,NaN,NaN,NaN,NaN,NaN,NaN,NaN
6,NaN,NaN,NaN,NaN,NaN,NaN,NaN,NaN
7,NaN,NaN,NaN,NaN,NaN,NaN,NaN,NaN
8,NaN,NaN,NaN,NaN,NaN,NaN,NaN,NaN
9,NaN,NaN,NaN,NaN,NaN,NaN,NaN,NaN
10,NaN,NaN,NaN,NaN,NaN,NaN,NaN,NaN
11,NaN,NaN,NaN,NaN,NaN,NaN,NaN,NaN
1,NaN,NaN,NaN,NaN,NaN,NaN,NaN,NaN
2,NaN,NaN,NaN,NaN,NaN,NaN,NaN,NaN
3,NaN,NaN,NaN,NaN,NaN,NaN,NaN,NaN
4,NaN,NaN,NaN,NaN,NaN,NaN,NaN,NaN
5,NaN,NaN,NaN,NaN,NaN,NaN,NaN,NaN
6,NaN,NaN,NaN,NaN,NaN,NaN,NaN,NaN
7,NaN,NaN,NaN,NaN,NaN,NaN,NaN,NaN
8,NaN,NaN,NaN,NaN,NaN,NaN,NaN,NaN
9,NaN,NaN,NaN,NaN,NaN,NaN,NaN,NaN
10,NaN,NaN,NaN,NaN,NaN,NaN,NaN,NaN
11,NaN,NaN,NaN,NaN,NaN,NaN,NaN,NaN
1,NaN,NaN,NaN,NaN,NaN,NaN,NaN,NaN
2,NaN,NaN,NaN,NaN,NaN,NaN,NaN,NaN
3,NaN,NaN,NaN,NaN,NaN,NaN,NaN,NaN
4,NaN,NaN,NaN,NaN,NaN,NaN,NaN,NaN
5,NaN,NaN,NaN,NaN,NaN,NaN,NaN,NaN
6,NaN,NaN,NaN,NaN,NaN,NaN,NaN,NaN
7,NaN,NaN,NaN,NaN,NaN,NaN,NaN,NaN
8,NaN,NaN,NaN,NaN,NaN,NaN,NaN,NaN
9,NaN,NaN,NaN,NaN,NaN,NaN,NaN,NaN
10,NaN,NaN,NaN,NaN,NaN,NaN,NaN,NaN
11,NaN,NaN,NaN,NaN,NaN,NaN,NaN,NaN
1,NaN,NaN,NaN,NaN,NaN,NaN,NaN,NaN
2,NaN,NaN,NaN,NaN,NaN,NaN,NaN,NaN
3,NaN,NaN,NaN,NaN,NaN,NaN,NaN,NaN
4,NaN,NaN,NaN,NaN,NaN,NaN,NaN,NaN
5,NaN,NaN,NaN,NaN,NaN,NaN,NaN,NaN
6,NaN,NaN,NaN,NaN,NaN,NaN,NaN,NaN
7,NaN,NaN,NaN,NaN,NaN,NaN,NaN,NaN
8,NaN,NaN,NaN,NaN,NaN,NaN,NaN,NaN
9,NaN,NaN,NaN,NaN,NaN,NaN,NaN,NaN
10,NaN,NaN,NaN,NaN,NaN,NaN,NaN,NaN
11,NaN,NaN,NaN,NaN,NaN,NaN,NaN,NaN
1,NaN,NaN,NaN,NaN,NaN,NaN,NaN,NaN
2,NaN,NaN,NaN,NaN,NaN,NaN,NaN,NaN
3,NaN,NaN,NaN,NaN,NaN,NaN,NaN,NaN
4,NaN,NaN,NaN,NaN,NaN,NaN,NaN,NaN
5,NaN,NaN,NaN,NaN,NaN,NaN,NaN,NaN
6,NaN,NaN,NaN,NaN,NaN,NaN,NaN,NaN
7,NaN,NaN,NaN,NaN,NaN,NaN,NaN,NaN
8,NaN,NaN,NaN,NaN,NaN,NaN,NaN,NaN
9,NaN,NaN,NaN,NaN,NaN,NaN,NaN,NaN
10,NaN,NaN,NaN,NaN,NaN,NaN,NaN,NaN
11,NaN,NaN,NaN,NaN,NaN,NaN,NaN,NaN
1,NaN,NaN,NaN,NaN,NaN,NaN,NaN,NaN
2,NaN,NaN,NaN,NaN,NaN,NaN,NaN,NaN
3,NaN,NaN,NaN,NaN,NaN,NaN,NaN,NaN
4,NaN,NaN,NaN,NaN,NaN,NaN,NaN,NaN
5,NaN,NaN,NaN,NaN,NaN,NaN,NaN,NaN
6,NaN,NaN,NaN,NaN,NaN,NaN,NaN,NaN
7,NaN,NaN,NaN,NaN,NaN,NaN,NaN,NaN
8,NaN,NaN,NaN,NaN,NaN,NaN,NaN,NaN
9,NaN,NaN,NaN,NaN,NaN,NaN,NaN,NaN
10,NaN,NaN,NaN,NaN,NaN,NaN,NaN,NaN
11,NaN,NaN,NaN,NaN,NaN,NaN,NaN,NaN
1,NaN,NaN,NaN,NaN,NaN,NaN,NaN,NaN
2,NaN,NaN,NaN,NaN,NaN,NaN,NaN,NaN
3,NaN,NaN,NaN,NaN,NaN,NaN,NaN,NaN
4,NaN,NaN,NaN,NaN,NaN,NaN,NaN,NaN
5,NaN,NaN,NaN,NaN,NaN,NaN,NaN,NaN
6,NaN,NaN,NaN,NaN,NaN,NaN,NaN,NaN
7,NaN,NaN,NaN,NaN,NaN,NaN,NaN,NaN
8,NaN,NaN,NaN,NaN,NaN,NaN,NaN,NaN
9,NaN,NaN,NaN,NaN,NaN,NaN,NaN,NaN
10,NaN,NaN,NaN,NaN,NaN,NaN,NaN,NaN
11,NaN,NaN,NaN,NaN,NaN,NaN,NaN,NaN
1,NaN,NaN,NaN,NaN,NaN,NaN,NaN,NaN
2,NaN,NaN,NaN,NaN,NaN,NaN,NaN,NaN
3,NaN,NaN,NaN,NaN,NaN,NaN,NaN,NaN
4,NaN,NaN,NaN,NaN,NaN,NaN,NaN,NaN
5,NaN,NaN,NaN,NaN,NaN,NaN,NaN,NaN
6,NaN,NaN,NaN,NaN,NaN,NaN,NaN,NaN
7,NaN,NaN,NaN,NaN,NaN,NaN,NaN,NaN
8,NaN,NaN,NaN,NaN,NaN,NaN,NaN,NaN
9,NaN,NaN,NaN,NaN,NaN,NaN,NaN,NaN
10,NaN,NaN,NaN,NaN,NaN,NaN,NaN,NaN
11,NaN,NaN,NaN,NaN,NaN,NaN,NaN,NaN
1,NaN,NaN,NaN,NaN,NaN,NaN,NaN,NaN
2,NaN,NaN,NaN,NaN,NaN,NaN,NaN,NaN
3,NaN,NaN,NaN,NaN,NaN,NaN,NaN,NaN
4,NaN,NaN,NaN,NaN,NaN,NaN,NaN,NaN
5,NaN,NaN,NaN,NaN,NaN,NaN,NaN,NaN
6,NaN,NaN,NaN,NaN,NaN,NaN,NaN,NaN
7,NaN,NaN,NaN,NaN,NaN,NaN,NaN,NaN
8,NaN,NaN,NaN,NaN,NaN,NaN,NaN,NaN
9,NaN,NaN,NaN,NaN,NaN,NaN,NaN,NaN
10,NaN,NaN,NaN,NaN,NaN,NaN,NaN,NaN
11,NaN,NaN,NaN,NaN,NaN,NaN,NaN,NaN
1,NaN,NaN,NaN,NaN,NaN,NaN,NaN,NaN
2,NaN,NaN,NaN,NaN,NaN,NaN,NaN,NaN
3,NaN,NaN,NaN,NaN,NaN,NaN,NaN,NaN
4,NaN,NaN,NaN,NaN,NaN,NaN,NaN,NaN
5,NaN,NaN,NaN,NaN,NaN,NaN,NaN,NaN
6,NaN,NaN,NaN,NaN,NaN,NaN,NaN,NaN
7,NaN,NaN,NaN,NaN,NaN,NaN,NaN,NaN
8,NaN,NaN,NaN,NaN,NaN,NaN,NaN,NaN
9,NaN,NaN,NaN,NaN,NaN,NaN,NaN,NaN
10,NaN,NaN,NaN,NaN,NaN,NaN,NaN,NaN
11,NaN,NaN,NaN,NaN,NaN,NaN,NaN,NaN
1,NaN,NaN,NaN,NaN,NaN,NaN,NaN,NaN
2,NaN,NaN,NaN,NaN,NaN,NaN,NaN,NaN
3,NaN,NaN,NaN,NaN,NaN,NaN,NaN,NaN
4,NaN,NaN,NaN,NaN,NaN,NaN,NaN,NaN
5,NaN,NaN,NaN,NaN,NaN,NaN,NaN,NaN
6,NaN,NaN,NaN,NaN,NaN,NaN,NaN,NaN
7,NaN,NaN,NaN,NaN,NaN,NaN,NaN,NaN
8,NaN,NaN,NaN,NaN,NaN,NaN,NaN,NaN
9,NaN,NaN,NaN,NaN,NaN,NaN,NaN,NaN
10,NaN,NaN,NaN,NaN,NaN,NaN,NaN,NaN
11,NaN,NaN,NaN,NaN,NaN,NaN,NaN,NaN
1,NaN,NaN,NaN,NaN,NaN,NaN,NaN,NaN
2,NaN,NaN,NaN,NaN,NaN,NaN,NaN,NaN
3,NaN,NaN,NaN,NaN,NaN,NaN,NaN,NaN
4,NaN,NaN,NaN,NaN,NaN,NaN,NaN,NaN
5,NaN,NaN,NaN,NaN,NaN,NaN,NaN,NaN
6,NaN,NaN,NaN,NaN,NaN,NaN,NaN,NaN
7,NaN,NaN,NaN,NaN,NaN,NaN,NaN,NaN
8,NaN,NaN,NaN,NaN,NaN,NaN,NaN,NaN
9,NaN,NaN,NaN,NaN,NaN,NaN,NaN,NaN
10,NaN,NaN,NaN,NaN,NaN,NaN,NaN,NaN
11,NaN,NaN,NaN,NaN,NaN,NaN,NaN,NaN
1,NaN,NaN,NaN,NaN,NaN,NaN,NaN,NaN
2,NaN,NaN,NaN,NaN,NaN,NaN,NaN,NaN
3,NaN,NaN,NaN,NaN,NaN,NaN,NaN,NaN
4,NaN,NaN,NaN,NaN,NaN,NaN,NaN,NaN
5,NaN,NaN,NaN,NaN,NaN,NaN,NaN,NaN
6,NaN,NaN,NaN,NaN,NaN,NaN,NaN,NaN
7,NaN,NaN,NaN,NaN,NaN,NaN,NaN,NaN
8,NaN,NaN,NaN,NaN,NaN,NaN,NaN,NaN
9,NaN,NaN,NaN,NaN,NaN,NaN,NaN,NaN
10,NaN,NaN,NaN,NaN,NaN,NaN,NaN,NaN
11,NaN,NaN,NaN,NaN,NaN,NaN,NaN,NaN
1,NaN,NaN,NaN,NaN,NaN,NaN,NaN,NaN
2,NaN,NaN,NaN,NaN,NaN,NaN,NaN,NaN
3,NaN,NaN,NaN,NaN,NaN,NaN,NaN,NaN
4,NaN,NaN,NaN,NaN,NaN,NaN,NaN,NaN
5,NaN,NaN,NaN,NaN,NaN,NaN,NaN,NaN
6,NaN,NaN,NaN,NaN,NaN,NaN,NaN,NaN
7,NaN,NaN,NaN,NaN,NaN,NaN,NaN,NaN
8,NaN,NaN,NaN,NaN,NaN,NaN,NaN,NaN
9,NaN,NaN,NaN,NaN,NaN,NaN,NaN,NaN
10,NaN,NaN,NaN,NaN,NaN,NaN,NaN,NaN
11,NaN,NaN,NaN,NaN,NaN,NaN,NaN,NaN
1,NaN,NaN,NaN,NaN,NaN,NaN,NaN,NaN
2,NaN,NaN,NaN,NaN,NaN,NaN,NaN,NaN
3,NaN,NaN,NaN,NaN,NaN,NaN,NaN,NaN
4,NaN,NaN,NaN,NaN,NaN,NaN,NaN,NaN
5,NaN,NaN,NaN,NaN,NaN,NaN,NaN,NaN
6,NaN,NaN,NaN,NaN,NaN,NaN,NaN,NaN
7,NaN,NaN,NaN,NaN,NaN,NaN,NaN,NaN
8,NaN,NaN,NaN,NaN,NaN,NaN,NaN,NaN
9,NaN,NaN,NaN,NaN,NaN,NaN,NaN,NaN
10,NaN,NaN,NaN,NaN,NaN,NaN,NaN,NaN
11,NaN,NaN,NaN,NaN,NaN,NaN,NaN,NaN
1,NaN,NaN,NaN,NaN,NaN,NaN,NaN,NaN
2,NaN,NaN,NaN,NaN,NaN,NaN,NaN,NaN
3,NaN,NaN,NaN,NaN,NaN,NaN,NaN,NaN
4,NaN,NaN,NaN,NaN,NaN,NaN,NaN,NaN
5,NaN,NaN,NaN,NaN,NaN,NaN,NaN,NaN
6,NaN,NaN,NaN,NaN,NaN,NaN,NaN,NaN
7,NaN,NaN,NaN,NaN,NaN,NaN,NaN,NaN
8,NaN,NaN,NaN,NaN,NaN,NaN,NaN,NaN
9,NaN,NaN,NaN,NaN,NaN,NaN,NaN,NaN
10,NaN,NaN,NaN,NaN,NaN,NaN,NaN,NaN
11,NaN,NaN,NaN,NaN,NaN,NaN,NaN,NaN
1,NaN,NaN,NaN,NaN,NaN,NaN,NaN,NaN
2,NaN,NaN,NaN,NaN,NaN,NaN,NaN,NaN
3,NaN,NaN,NaN,NaN,NaN,NaN,NaN,NaN
4,NaN,NaN,NaN,NaN,NaN,NaN,NaN,NaN
5,NaN,NaN,NaN,NaN,NaN,NaN,NaN,NaN
6,NaN,NaN,NaN,NaN,NaN,NaN,NaN,NaN
7,NaN,NaN,NaN,NaN,NaN,NaN,NaN,NaN
8,NaN,NaN,NaN,NaN,NaN,NaN,NaN,NaN
9,NaN,NaN,NaN,NaN,NaN,NaN,NaN,NaN
10,NaN,NaN,NaN,NaN,NaN,NaN,NaN,NaN
11,NaN,NaN,NaN,NaN,NaN,NaN,NaN,NaN
1,NaN,NaN,NaN,NaN,NaN,NaN,NaN,NaN
2,NaN,NaN,NaN,NaN,NaN,NaN,NaN,NaN
3,NaN,NaN,NaN,NaN,NaN,NaN,NaN,NaN
4,NaN,NaN,NaN,NaN,NaN,NaN,NaN,NaN
5,NaN,NaN,NaN,NaN,NaN,NaN,NaN,NaN
6,NaN,NaN,NaN,NaN,NaN,NaN,NaN,NaN
7,NaN,NaN,NaN,NaN,NaN,NaN,NaN,NaN
8,NaN,NaN,NaN,NaN,NaN,NaN,NaN,NaN
9,NaN,NaN,NaN,NaN,NaN,NaN,NaN,NaN
10,NaN,NaN,NaN,NaN,NaN,NaN,NaN,NaN
11,NaN,NaN,NaN,NaN,NaN,NaN,NaN,NaN
1,NaN,NaN,NaN,NaN,NaN,NaN,NaN,NaN
2,NaN,NaN,NaN,NaN,NaN,NaN,NaN,NaN
3,NaN,NaN,NaN,NaN,NaN,NaN,NaN,NaN
4,NaN,NaN,NaN,NaN,NaN,NaN,NaN,NaN
5,NaN,NaN,NaN,NaN,NaN,NaN,NaN,NaN
6,NaN,NaN,NaN,NaN,NaN,NaN,NaN,NaN
7,NaN,NaN,NaN,NaN,NaN,NaN,NaN,NaN
8,NaN,NaN,NaN,NaN,NaN,NaN,NaN,NaN
9,NaN,NaN,NaN,NaN,NaN,NaN,NaN,NaN
10,NaN,NaN,NaN,NaN,NaN,NaN,NaN,NaN
11,NaN,NaN,NaN,NaN,NaN,NaN,NaN,NaN
1,NaN,NaN,NaN,NaN,NaN,NaN,NaN,NaN
2,NaN,NaN,NaN,NaN,NaN,NaN,NaN,NaN
3,NaN,NaN,NaN,NaN,NaN,NaN,NaN,NaN
4,NaN,NaN,NaN,NaN,NaN,NaN,NaN,NaN
5,NaN,NaN,NaN,NaN,NaN,NaN,NaN,NaN
6,NaN,NaN,NaN,NaN,NaN,NaN,NaN,NaN
7,NaN,NaN,NaN,NaN,NaN,NaN,NaN,NaN
8,NaN,NaN,NaN,NaN,NaN,NaN,NaN,NaN
9,NaN,NaN,NaN,NaN,NaN,NaN,NaN,NaN
10,NaN,NaN,NaN,NaN,NaN,NaN,NaN,NaN
11,NaN,NaN,NaN,NaN,NaN,NaN,NaN,NaN
1,NaN,NaN,NaN,NaN,NaN,NaN,NaN,NaN
2,NaN,NaN,NaN,NaN,NaN,NaN,NaN,NaN
3,NaN,NaN,NaN,NaN,NaN,NaN,NaN,NaN
4,NaN,NaN,NaN,NaN,NaN,NaN,NaN,NaN
5,NaN,NaN,NaN,NaN,NaN,NaN,NaN,NaN
6,NaN,NaN,NaN,NaN,NaN,NaN,NaN,NaN
7,NaN,NaN,NaN,NaN,NaN,NaN,NaN,NaN
8,NaN,NaN,NaN,NaN,NaN,NaN,NaN,NaN
9,NaN,NaN,NaN,NaN,NaN,NaN,NaN,NaN
10,NaN,NaN,NaN,NaN,NaN,NaN,NaN,NaN
11,NaN,NaN,NaN,NaN,NaN,NaN,NaN,NaN
1,NaN,NaN,NaN,NaN,NaN,NaN,NaN,NaN
2,NaN,NaN,NaN,NaN,NaN,NaN,NaN,NaN
3,NaN,NaN,NaN,NaN,NaN,NaN,NaN,NaN
4,NaN,NaN,NaN,NaN,NaN,NaN,NaN,NaN
5,NaN,NaN,NaN,NaN,NaN,NaN,NaN,NaN
6,NaN,NaN,NaN,NaN,NaN,NaN,NaN,NaN
7,NaN,NaN,NaN,NaN,NaN,NaN,NaN,NaN
8,NaN,NaN,NaN,NaN,NaN,NaN,NaN,NaN
9,NaN,NaN,NaN,NaN,NaN,NaN,NaN,NaN
10,NaN,NaN,NaN,NaN,NaN,NaN,NaN,NaN
11,NaN,NaN,NaN,NaN,NaN,NaN,NaN,NaN
1,NaN,NaN,NaN,NaN,NaN,NaN,NaN,NaN
2,NaN,NaN,NaN,NaN,NaN,NaN,NaN,NaN
3,NaN,NaN,NaN,NaN,NaN,NaN,NaN,NaN
4,NaN,NaN,NaN,NaN,NaN,NaN,NaN,NaN
5,NaN,NaN,NaN,NaN,NaN,NaN,NaN,NaN
6,NaN,NaN,NaN,NaN,NaN,NaN,NaN,NaN
7,NaN,NaN,NaN,NaN,NaN,NaN,NaN,NaN
8,NaN,NaN,NaN,NaN,NaN,NaN,NaN,NaN
9,NaN,NaN,NaN,NaN,NaN,NaN,NaN,NaN
10,NaN,NaN,NaN,NaN,NaN,NaN,NaN,NaN
11,NaN,NaN,NaN,NaN,NaN,NaN,NaN,NaN
1,NaN,NaN,NaN,NaN,NaN,NaN,NaN,NaN
2,NaN,NaN,NaN,NaN,NaN,NaN,NaN,NaN
3,NaN,NaN,NaN,NaN,NaN,NaN,NaN,NaN
4,NaN,NaN,NaN,NaN,NaN,NaN,NaN,NaN
5,NaN,NaN,NaN,NaN,NaN,NaN,NaN,NaN
6,NaN,NaN,NaN,NaN,NaN,NaN,NaN,NaN
7,NaN,NaN,NaN,NaN,NaN,NaN,NaN,NaN
8,NaN,NaN,NaN,NaN,NaN,NaN,NaN,NaN
9,NaN,NaN,NaN,NaN,NaN,NaN,NaN,NaN
10,NaN,NaN,NaN,NaN,NaN,NaN,NaN,NaN
11,NaN,NaN,NaN,NaN,NaN,NaN,NaN,NaN
1,NaN,NaN,NaN,NaN,NaN,NaN,NaN,NaN
2,NaN,NaN,NaN,NaN,NaN,NaN,NaN,NaN
3,NaN,NaN,NaN,NaN,NaN,NaN,NaN,NaN
4,NaN,NaN,NaN,NaN,NaN,NaN,NaN,NaN
5,NaN,NaN,NaN,NaN,NaN,NaN,NaN,NaN
6,NaN,NaN,NaN,NaN,NaN,NaN,NaN,NaN
7,NaN,NaN,NaN,NaN,NaN,NaN,NaN,NaN
8,NaN,NaN,NaN,NaN,NaN,NaN,NaN,NaN
9,NaN,NaN,NaN,NaN,NaN,NaN,NaN,NaN
10,NaN,NaN,NaN,NaN,NaN,NaN,NaN,NaN
11,NaN,NaN,NaN,NaN,NaN,NaN,NaN,NaN
1,NaN,NaN,NaN,NaN,NaN,NaN,NaN,NaN
2,NaN,NaN,NaN,NaN,NaN,NaN,NaN,NaN
3,NaN,NaN,NaN,NaN,NaN,NaN,NaN,NaN
4,NaN,NaN,NaN,NaN,NaN,NaN,NaN,NaN
5,NaN,NaN,NaN,NaN,NaN,NaN,NaN,NaN
6,NaN,NaN,NaN,NaN,NaN,NaN,NaN,NaN
7,NaN,NaN,NaN,NaN,NaN,NaN,NaN,NaN
8,NaN,NaN,NaN,NaN,NaN,NaN,NaN,NaN
9,NaN,NaN,NaN,NaN,NaN,NaN,NaN,NaN
10,NaN,NaN,NaN,NaN,NaN,NaN,NaN,NaN
11,NaN,NaN,NaN,NaN,NaN,NaN,NaN,NaN
1,NaN,NaN,NaN,NaN,NaN,NaN,NaN,NaN
2,NaN,NaN,NaN,NaN,NaN,NaN,NaN,NaN
3,NaN,NaN,NaN,NaN,NaN,NaN,NaN,NaN
4,NaN,NaN,NaN,NaN,NaN,NaN,NaN,NaN
5,NaN,NaN,NaN,NaN,NaN,NaN,NaN,NaN
6,NaN,NaN,NaN,NaN,NaN,NaN,NaN,NaN
7,NaN,NaN,NaN,NaN,NaN,NaN,NaN,NaN
8,NaN,NaN,NaN,NaN,NaN,NaN,NaN,NaN
9,NaN,NaN,NaN,NaN,NaN,NaN,NaN,NaN
10,NaN,NaN,NaN,NaN,NaN,NaN,NaN,NaN
11,NaN,NaN,NaN,NaN,NaN,NaN,NaN,NaN
1,NaN,NaN,NaN,NaN,NaN,NaN,NaN,NaN
2,NaN,NaN,NaN,NaN,NaN,NaN,NaN,NaN
3,NaN,NaN,NaN,NaN,NaN,NaN,NaN,NaN
4,NaN,NaN,NaN,NaN,NaN,NaN,NaN,NaN
5,NaN,NaN,NaN,NaN,NaN,NaN,NaN,NaN
6,NaN,NaN,NaN,NaN,NaN,NaN,NaN,NaN
7,NaN,NaN,NaN,NaN,NaN,NaN,NaN,NaN
8,NaN,NaN,NaN,NaN,NaN,NaN,NaN,NaN
9,NaN,NaN,NaN,NaN,NaN,NaN,NaN,NaN
10,NaN,NaN,NaN,NaN,NaN,NaN,NaN,NaN
11,NaN,NaN,NaN,NaN,NaN,NaN,NaN,NaN
1,NaN,NaN,NaN,NaN,NaN,NaN,NaN,NaN
2,NaN,NaN,NaN,NaN,NaN,NaN,NaN,NaN
3,NaN,NaN,NaN,NaN,NaN,NaN,NaN,NaN
4,NaN,NaN,NaN,NaN,NaN,NaN,NaN,NaN
5,NaN,NaN,NaN,NaN,NaN,NaN,NaN,NaN
6,NaN,NaN,NaN,NaN,NaN,NaN,NaN,NaN
7,NaN,NaN,NaN,NaN,NaN,NaN,NaN,NaN
8,NaN,NaN,NaN,NaN,NaN,NaN,NaN,NaN
9,NaN,NaN,NaN,NaN,NaN,NaN,NaN,NaN
10,NaN,NaN,NaN,NaN,NaN,NaN,NaN,NaN
11,NaN,NaN,NaN,NaN,NaN,NaN,NaN,NaN
1,NaN,NaN,NaN,NaN,NaN,NaN,NaN,NaN
2,NaN,NaN,NaN,NaN,NaN,NaN,NaN,NaN
3,NaN,NaN,NaN,NaN,NaN,NaN,NaN,NaN
4,NaN,NaN,NaN,NaN,NaN,NaN,NaN,NaN
5,NaN,NaN,NaN,NaN,NaN,NaN,NaN,NaN
6,NaN,NaN,NaN,NaN,NaN,NaN,NaN,NaN
7,NaN,NaN,NaN,NaN,NaN,NaN,NaN,NaN
8,NaN,NaN,NaN,NaN,NaN,NaN,NaN,NaN
9,NaN,NaN,NaN,NaN,NaN,NaN,NaN,NaN
10,NaN,NaN,NaN,NaN,NaN,NaN,NaN,NaN
11,NaN,NaN,NaN,NaN,NaN,NaN,NaN,NaN
1,NaN,NaN,NaN,NaN,NaN,NaN,NaN,NaN
2,NaN,NaN,NaN,NaN,NaN,NaN,NaN,NaN
3,NaN,NaN,NaN,NaN,NaN,NaN,NaN,NaN
4,NaN,NaN,NaN,NaN,NaN,NaN,NaN,NaN
5,NaN,NaN,NaN,NaN,NaN,NaN,NaN,NaN
6,NaN,NaN,NaN,NaN,NaN,NaN,NaN,NaN
7,NaN,NaN,NaN,NaN,NaN,NaN,NaN,NaN
8,NaN,NaN,NaN,NaN,NaN,NaN,NaN,NaN
9,NaN,NaN,NaN,NaN,NaN,NaN,NaN,NaN
10,NaN,NaN,NaN,NaN,NaN,NaN,NaN,NaN
11,NaN,NaN,NaN,NaN,NaN,NaN,NaN,NaN
1,NaN,NaN,NaN,NaN,NaN,NaN,NaN,NaN
2,NaN,NaN,NaN,NaN,NaN,NaN,NaN,NaN
3,NaN,NaN,NaN,NaN,NaN,NaN,NaN,NaN
4,NaN,NaN,NaN,NaN,NaN,NaN,NaN,NaN
5,NaN,NaN,NaN,NaN,NaN,NaN,NaN,NaN
6,NaN,NaN,NaN,NaN,NaN,NaN,NaN,NaN
7,NaN,NaN,NaN,NaN,NaN,NaN,NaN,NaN
8,NaN,NaN,NaN,NaN,NaN,NaN,NaN,NaN
9,NaN,NaN,NaN,NaN,NaN,NaN,NaN,NaN
10,NaN,NaN,NaN,NaN,NaN,NaN,NaN,NaN
11,NaN,NaN,NaN,NaN,NaN,NaN,NaN,NaN
1,NaN,NaN,NaN,NaN,NaN,NaN,NaN,NaN
2,NaN,NaN,NaN,NaN,NaN,NaN,NaN,NaN
3,NaN,NaN,NaN,NaN,NaN,NaN,NaN,NaN
4,NaN,NaN,NaN,NaN,NaN,NaN,NaN,NaN
5,NaN,NaN,NaN,NaN,NaN,NaN,NaN,NaN
6,NaN,NaN,NaN,NaN,NaN,NaN,NaN,NaN
7,NaN,NaN,NaN,NaN,NaN,NaN,NaN,NaN
8,NaN,NaN,NaN,NaN,NaN,NaN,NaN,NaN
9,NaN,NaN,NaN,NaN,NaN,NaN,NaN,NaN
10,NaN,NaN,NaN,NaN,NaN,NaN,NaN,NaN
11,NaN,NaN,NaN,NaN,NaN,NaN,NaN,NaN
1,NaN,NaN,NaN,NaN,NaN,NaN,NaN,NaN
2,NaN,NaN,NaN,NaN,NaN,NaN,NaN,NaN
3,NaN,NaN,NaN,NaN,NaN,NaN,NaN,NaN
4,NaN,NaN,NaN,NaN,NaN,NaN,NaN,NaN
5,NaN,NaN,NaN,NaN,NaN,NaN,NaN,NaN
6,NaN,NaN,NaN,NaN,NaN,NaN,NaN,NaN
7,NaN,NaN,NaN,NaN,NaN,NaN,NaN,NaN
8,NaN,NaN,NaN,NaN,NaN,NaN,NaN,NaN
9,NaN,NaN,NaN,NaN,NaN,NaN,NaN,NaN
10,NaN,NaN,NaN,NaN,NaN,NaN,NaN,NaN
11,NaN,NaN,NaN,NaN,NaN,NaN,NaN,NaN
1,NaN,NaN,NaN,NaN,NaN,NaN,NaN,NaN
2,NaN,NaN,NaN,NaN,NaN,NaN,NaN,NaN
3,NaN,NaN,NaN,NaN,NaN,NaN,NaN,NaN
4,NaN,NaN,NaN,NaN,NaN,NaN,NaN,NaN
5,NaN,NaN,NaN,NaN,NaN,NaN,NaN,NaN
6,NaN,NaN,NaN,NaN,NaN,NaN,NaN,NaN
7,NaN,NaN,NaN,NaN,NaN,NaN,NaN,NaN
8,NaN,NaN,NaN,NaN,NaN,NaN,NaN,NaN
9,NaN,NaN,NaN,NaN,NaN,NaN,NaN,NaN
10,NaN,NaN,NaN,NaN,NaN,NaN,NaN,NaN
11,NaN,NaN,NaN,NaN,NaN,NaN,NaN,NaN
1,NaN,NaN,NaN,NaN,NaN,NaN,NaN,NaN
2,NaN,NaN,NaN,NaN,NaN,NaN,NaN,NaN
3,NaN,NaN,NaN,NaN,NaN,NaN,NaN,NaN
4,NaN,NaN,NaN,NaN,NaN,NaN,NaN,NaN
5,NaN,NaN,NaN,NaN,NaN,NaN,NaN,NaN
6,NaN,NaN,NaN,NaN,NaN,NaN,NaN,NaN
7,NaN,NaN,NaN,NaN,NaN,NaN,NaN,NaN
8,NaN,NaN,NaN,NaN,NaN,NaN,NaN,NaN
9,NaN,NaN,NaN,NaN,NaN,NaN,NaN,NaN
10,NaN,NaN,NaN,NaN,NaN,NaN,NaN,NaN
11,NaN,NaN,NaN,NaN,NaN,NaN,NaN,NaN
1,NaN,NaN,NaN,NaN,NaN,NaN,NaN,NaN
2,NaN,NaN,NaN,NaN,NaN,NaN,NaN,NaN
3,NaN,NaN,NaN,NaN,NaN,NaN,NaN,NaN
4,NaN,NaN,NaN,NaN,NaN,NaN,NaN,NaN
5,NaN,NaN,NaN,NaN,NaN,NaN,NaN,NaN
6,NaN,NaN,NaN,NaN,NaN,NaN,NaN,NaN
7,NaN,NaN,NaN,NaN,NaN,NaN,NaN,NaN
8,NaN,NaN,NaN,NaN,NaN,NaN,NaN,NaN
9,NaN,NaN,NaN,NaN,NaN,NaN,NaN,NaN
10,NaN,NaN,NaN,NaN,NaN,NaN,NaN,NaN
11,NaN,NaN,NaN,NaN,NaN,NaN,NaN,NaN
1,NaN,NaN,NaN,NaN,NaN,NaN,NaN,NaN
2,NaN,NaN,NaN,NaN,NaN,NaN,NaN,NaN
3,NaN,NaN,NaN,NaN,NaN,NaN,NaN,NaN
4,NaN,NaN,NaN,NaN,NaN,NaN,NaN,NaN
5,NaN,NaN,NaN,NaN,NaN,NaN,NaN,NaN
6,NaN,NaN,NaN,NaN,NaN,NaN,NaN,NaN
7,NaN,NaN,NaN,NaN,NaN,NaN,NaN,NaN
8,NaN,NaN,NaN,NaN,NaN,NaN,NaN,NaN
9,NaN,NaN,NaN,NaN,NaN,NaN,NaN,NaN
10,NaN,NaN,NaN,NaN,NaN,NaN,NaN,NaN
11,NaN,NaN,NaN,NaN,NaN,NaN,NaN,NaN
1,NaN,NaN,NaN,NaN,NaN,NaN,NaN,NaN
2,NaN,NaN,NaN,NaN,NaN,NaN,NaN,NaN
3,NaN,NaN,NaN,NaN,NaN,NaN,NaN,NaN
4,NaN,NaN,NaN,NaN,NaN,NaN,NaN,NaN
5,NaN,NaN,NaN,NaN,NaN,NaN,NaN,NaN
6,NaN,NaN,NaN,NaN,NaN,NaN,NaN,NaN
7,NaN,NaN,NaN,NaN,NaN,NaN,NaN,NaN
8,NaN,NaN,NaN,NaN,NaN,NaN,NaN,NaN
9,NaN,NaN,NaN,NaN,NaN,NaN,NaN,NaN
10,NaN,NaN,NaN,NaN,NaN,NaN,NaN,NaN
11,NaN,NaN,NaN,NaN,NaN,NaN,NaN,NaN
1,NaN,NaN,NaN,NaN,NaN,NaN,NaN,NaN
2,NaN,NaN,NaN,NaN,NaN,NaN,NaN,NaN
3,NaN,NaN,NaN,NaN,NaN,NaN,NaN,NaN
4,NaN,NaN,NaN,NaN,NaN,NaN,NaN,NaN
5,NaN,NaN,NaN,NaN,NaN,NaN,NaN,NaN
6,NaN,NaN,NaN,NaN,NaN,NaN,NaN,NaN
7,NaN,NaN,NaN,NaN,NaN,NaN,NaN,NaN
8,NaN,NaN,NaN,NaN,NaN,NaN,NaN,NaN
9,NaN,NaN,NaN,NaN,NaN,NaN,NaN,NaN
10,NaN,NaN,NaN,NaN,NaN,NaN,NaN,NaN
11,NaN,NaN,NaN,NaN,NaN,NaN,NaN,NaN
1,NaN,NaN,NaN,NaN,NaN,NaN,NaN,NaN
2,NaN,NaN,NaN,NaN,NaN,NaN,NaN,NaN
3,NaN,NaN,NaN,NaN,NaN,NaN,NaN,NaN
4,NaN,NaN,NaN,NaN,NaN,NaN,NaN,NaN
5,NaN,NaN,NaN,NaN,NaN,NaN,NaN,NaN
6,NaN,NaN,NaN,NaN,NaN,NaN,NaN,NaN
7,NaN,NaN,NaN,NaN,NaN,NaN,NaN,NaN
8,NaN,NaN,NaN,NaN,NaN,NaN,NaN,NaN
9,NaN,NaN,NaN,NaN,NaN,NaN,NaN,NaN
10,NaN,NaN,NaN,NaN,NaN,NaN,NaN,NaN
11,NaN,NaN,NaN,NaN,NaN,NaN,NaN,NaN
1,NaN,NaN,NaN,NaN,NaN,NaN,NaN,NaN
2,NaN,NaN,NaN,NaN,NaN,NaN,NaN,NaN
3,NaN,NaN,NaN,NaN,NaN,NaN,NaN,NaN
4,NaN,NaN,NaN,NaN,NaN,NaN,NaN,NaN
5,NaN,NaN,NaN,NaN,NaN,NaN,NaN,NaN
6,NaN,NaN,NaN,NaN,NaN,NaN,NaN,NaN
7,NaN,NaN,NaN,NaN,NaN,NaN,NaN,NaN
8,NaN,NaN,NaN,NaN,NaN,NaN,NaN,NaN
9,NaN,NaN,NaN,NaN,NaN,NaN,NaN,NaN
10,NaN,NaN,NaN,NaN,NaN,NaN,NaN,NaN
11,NaN,NaN,NaN,NaN,NaN,NaN,NaN,NaN
1,NaN,NaN,NaN,NaN,NaN,NaN,NaN,NaN
2,NaN,NaN,NaN,NaN,NaN,NaN,NaN,NaN
3,NaN,NaN,NaN,NaN,NaN,NaN,NaN,NaN
4,NaN,NaN,NaN,NaN,NaN,NaN,NaN,NaN
5,NaN,NaN,NaN,NaN,NaN,NaN,NaN,NaN
6,NaN,NaN,NaN,NaN,NaN,NaN,NaN,NaN
7,NaN,NaN,NaN,NaN,NaN,NaN,NaN,NaN
8,NaN,NaN,NaN,NaN,NaN,NaN,NaN,NaN
9,NaN,NaN,NaN,NaN,NaN,NaN,NaN,NaN
10,NaN,NaN,NaN,NaN,NaN,NaN,NaN,NaN
11,NaN,NaN,NaN,NaN,NaN,NaN,NaN,NaN
1,NaN,NaN,NaN,NaN,NaN,NaN,NaN,NaN
2,NaN,NaN,NaN,NaN,NaN,NaN,NaN,NaN
3,NaN,NaN,NaN,NaN,NaN,NaN,NaN,NaN
4,NaN,NaN,NaN,NaN,NaN,NaN,NaN,NaN
5,NaN,NaN,NaN,NaN,NaN,NaN,NaN,NaN
6,NaN,NaN,NaN,NaN,NaN,NaN,NaN,NaN
7,NaN,NaN,NaN,NaN,NaN,NaN,NaN,NaN
8,NaN,NaN,NaN,NaN,NaN,NaN,NaN,NaN
9,NaN,NaN,NaN,NaN,NaN,NaN,NaN,NaN
10,NaN,NaN,NaN,NaN,NaN,NaN,NaN,NaN
11,NaN,NaN,NaN,NaN,NaN,NaN,NaN,NaN
1,NaN,NaN,NaN,NaN,NaN,NaN,NaN,NaN
2,NaN,NaN,NaN,NaN,NaN,NaN,NaN,NaN
3,NaN,NaN,NaN,NaN,NaN,NaN,NaN,NaN
4,NaN,NaN,NaN,NaN,NaN,NaN,NaN,NaN
5,NaN,NaN,NaN,NaN,NaN,NaN,NaN,NaN
6,NaN,NaN,NaN,NaN,NaN,NaN,NaN,NaN
7,NaN,NaN,NaN,NaN,NaN,NaN,NaN,NaN
8,NaN,NaN,NaN,NaN,NaN,NaN,NaN,NaN
9,NaN,NaN,NaN,NaN,NaN,NaN,NaN,NaN
10,NaN,NaN,NaN,NaN,NaN,NaN,NaN,NaN
11,NaN,NaN,NaN,NaN,NaN,NaN,NaN,NaN
1,NaN,NaN,NaN,NaN,NaN,NaN,NaN,NaN
2,NaN,NaN,NaN,NaN,NaN,NaN,NaN,NaN
3,NaN,NaN,NaN,NaN,NaN,NaN,NaN,NaN
4,NaN,NaN,NaN,NaN,NaN,NaN,NaN,NaN
5,NaN,NaN,NaN,NaN,NaN,NaN,NaN,NaN
6,NaN,NaN,NaN,NaN,NaN,NaN,NaN,NaN
7,NaN,NaN,NaN,NaN,NaN,NaN,NaN,NaN
8,NaN,NaN,NaN,NaN,NaN,NaN,NaN,NaN
9,NaN,NaN,NaN,NaN,NaN,NaN,NaN,NaN
10,NaN,NaN,NaN,NaN,NaN,NaN,NaN,NaN
11,NaN,NaN,NaN,NaN,NaN,NaN,NaN,NaN
1,NaN,NaN,NaN,NaN,NaN,NaN,NaN,NaN
2,NaN,NaN,NaN,NaN,NaN,NaN,NaN,NaN
3,NaN,NaN,NaN,NaN,NaN,NaN,NaN,NaN
4,NaN,NaN,NaN,NaN,NaN,NaN,NaN,NaN
5,NaN,NaN,NaN,NaN,NaN,NaN,NaN,NaN
6,NaN,NaN,NaN,NaN,NaN,NaN,NaN,NaN
7,NaN,NaN,NaN,NaN,NaN,NaN,NaN,NaN
8,NaN,NaN,NaN,NaN,NaN,NaN,NaN,NaN
9,NaN,NaN,NaN,NaN,NaN,NaN,NaN,NaN
10,NaN,NaN,NaN,NaN,NaN,NaN,NaN,NaN
11,NaN,NaN,NaN,NaN,NaN,NaN,NaN,NaN
1,NaN,NaN,NaN,NaN,NaN,NaN,NaN,NaN
2,NaN,NaN,NaN,NaN,NaN,NaN,NaN,NaN
3,NaN,NaN,NaN,NaN,NaN,NaN,NaN,NaN
4,NaN,NaN,NaN,NaN,NaN,NaN,NaN,NaN
5,NaN,NaN,NaN,NaN,NaN,NaN,NaN,NaN
6,NaN,NaN,NaN,NaN,NaN,NaN,NaN,NaN
7,NaN,NaN,NaN,NaN,NaN,NaN,NaN,NaN
8,NaN,NaN,NaN,NaN,NaN,NaN,NaN,NaN
9,NaN,NaN,NaN,NaN,NaN,NaN,NaN,NaN
10,NaN,NaN,NaN,NaN,NaN,NaN,NaN,NaN
11,NaN,NaN,NaN,NaN,NaN,NaN,NaN,NaN
1,NaN,NaN,NaN,NaN,NaN,NaN,NaN,NaN
2,NaN,NaN,NaN,NaN,NaN,NaN,NaN,NaN
3,NaN,NaN,NaN,NaN,NaN,NaN,NaN,NaN
4,NaN,NaN,NaN,NaN,NaN,NaN,NaN,NaN
5,NaN,NaN,NaN,NaN,NaN,NaN,NaN,NaN
6,NaN,NaN,NaN,NaN,NaN,NaN,NaN,NaN
7,NaN,NaN,NaN,NaN,NaN,NaN,NaN,NaN
8,NaN,NaN,NaN,NaN,NaN,NaN,NaN,NaN
9,NaN,NaN,NaN,NaN,NaN,NaN,NaN,NaN
10,NaN,NaN,NaN,NaN,NaN,NaN,NaN,NaN
11,NaN,NaN,NaN,NaN,NaN,NaN,NaN,NaN
1,NaN,NaN,NaN,NaN,NaN,NaN,NaN,NaN
2,NaN,NaN,NaN,NaN,NaN,NaN,NaN,NaN
3,NaN,NaN,NaN,NaN,NaN,NaN,NaN,NaN
4,NaN,NaN,NaN,NaN,NaN,NaN,NaN,NaN
5,NaN,NaN,NaN,NaN,NaN,NaN,NaN,NaN
6,NaN,NaN,NaN,NaN,NaN,NaN,NaN,NaN
7,NaN,NaN,NaN,NaN,NaN,NaN,NaN,NaN
8,NaN,NaN,NaN,NaN,NaN,NaN,NaN,NaN
9,NaN,NaN,NaN,NaN,NaN,NaN,NaN,NaN
10,NaN,NaN,NaN,NaN,NaN,NaN,NaN,NaN
11,NaN,NaN,NaN,NaN,NaN,NaN,NaN,NaN
1,NaN,NaN,NaN,NaN,NaN,NaN,NaN,NaN
2,NaN,NaN,NaN,NaN,NaN,NaN,NaN,NaN
3,NaN,NaN,NaN,NaN,NaN,NaN,NaN,NaN
4,NaN,NaN,NaN,NaN,NaN,NaN,NaN,NaN
5,NaN,NaN,NaN,NaN,NaN,NaN,NaN,NaN
6,NaN,NaN,NaN,NaN,NaN,NaN,NaN,NaN
7,NaN,NaN,NaN,NaN,NaN,NaN,NaN,NaN
8,NaN,NaN,NaN,NaN,NaN,NaN,NaN,NaN
9,NaN,NaN,NaN,NaN,NaN,NaN,NaN,NaN
10,NaN,NaN,NaN,NaN,NaN,NaN,NaN,NaN
11,NaN,NaN,NaN,NaN,NaN,NaN,NaN,NaN
1,NaN,NaN,NaN,NaN,NaN,NaN,NaN,NaN
2,NaN,NaN,NaN,NaN,NaN,NaN,NaN,NaN
3,NaN,NaN,NaN,NaN,NaN,NaN,NaN,NaN
4,NaN,NaN,NaN,NaN,NaN,NaN,NaN,NaN
5,NaN,NaN,NaN,NaN,NaN,NaN,NaN,NaN
6,NaN,NaN,NaN,NaN,NaN,NaN,NaN,NaN
7,NaN,NaN,NaN,NaN,NaN,NaN,NaN,NaN
8,NaN,NaN,NaN,NaN,NaN,NaN,NaN,NaN
9,NaN,NaN,NaN,NaN,NaN,NaN,NaN,NaN
10,NaN,NaN,NaN,NaN,NaN,NaN,NaN,NaN
11,NaN,NaN,NaN,NaN,NaN,NaN,NaN,NaN
1,NaN,NaN,NaN,NaN,NaN,NaN,NaN,NaN
2,NaN,NaN,NaN,NaN,NaN,NaN,NaN,NaN
3,NaN,NaN,NaN,NaN,NaN,NaN,NaN,NaN
4,NaN,NaN,NaN,NaN,NaN,NaN,NaN,NaN
5,NaN,NaN,NaN,NaN,NaN,NaN,NaN,NaN
6,NaN,NaN,NaN,NaN,NaN,NaN,NaN,NaN
7,NaN,NaN,NaN,NaN,NaN,NaN,NaN,NaN
8,NaN,NaN,NaN,NaN,NaN,NaN,NaN,NaN
9,NaN,NaN,NaN,NaN,NaN,NaN,NaN,NaN
10,NaN,NaN,NaN,NaN,NaN,NaN,NaN,NaN
11,NaN,NaN,NaN,NaN,NaN,NaN,NaN,NaN
1,NaN,NaN,NaN,NaN,NaN,NaN,NaN,NaN
2,NaN,NaN,NaN,NaN,NaN,NaN,NaN,NaN
3,NaN,NaN,NaN,NaN,NaN,NaN,NaN,NaN
4,NaN,NaN,NaN,NaN,NaN,NaN,NaN,NaN
5,NaN,NaN,NaN,NaN,NaN,NaN,NaN,NaN
6,NaN,NaN,NaN,NaN,NaN,NaN,NaN,NaN
7,NaN,NaN,NaN,NaN,NaN,NaN,NaN,NaN
8,NaN,NaN,NaN,NaN,NaN,NaN,NaN,NaN
9,NaN,NaN,NaN,NaN,NaN,NaN,NaN,NaN
10,NaN,NaN,NaN,NaN,NaN,NaN,NaN,NaN
11,NaN,NaN,NaN,NaN,NaN,NaN,NaN,NaN
1,NaN,NaN,NaN,NaN,NaN,NaN,NaN,NaN
2,NaN,NaN,NaN,NaN,NaN,NaN,NaN,NaN
3,NaN,NaN,NaN,NaN,NaN,NaN,NaN,NaN
4,NaN,NaN,NaN,NaN,NaN,NaN,NaN,NaN
5,NaN,NaN,NaN,NaN,NaN,NaN,NaN,NaN
6,NaN,NaN,NaN,NaN,NaN,NaN,NaN,NaN
7,NaN,NaN,NaN,NaN,NaN,NaN,NaN,NaN
8,NaN,NaN,NaN,NaN,NaN,NaN,NaN,NaN
9,NaN,NaN,NaN,NaN,NaN,NaN,NaN,NaN
10,NaN,NaN,NaN,NaN,NaN,NaN,NaN,NaN
11,NaN,NaN,NaN,NaN,NaN,NaN,NaN,NaN
1,NaN,NaN,NaN,NaN,NaN,NaN,NaN,NaN
2,NaN,NaN,NaN,NaN,NaN,NaN,NaN,NaN
3,NaN,NaN,NaN,NaN,NaN,NaN,NaN,NaN
4,NaN,NaN,NaN,NaN,NaN,NaN,NaN,NaN
5,NaN,NaN,NaN,NaN,NaN,NaN,NaN,NaN
6,NaN,NaN,NaN,NaN,NaN,NaN,NaN,NaN
7,NaN,NaN,NaN,NaN,NaN,NaN,NaN,NaN
8,NaN,NaN,NaN,NaN,NaN,NaN,NaN,NaN
9,NaN,NaN,NaN,NaN,NaN,NaN,NaN,NaN
10,NaN,NaN,NaN,NaN,NaN,NaN,NaN,NaN
11,NaN,NaN,NaN,NaN,NaN,NaN,NaN,NaN
1,NaN,NaN,NaN,NaN,NaN,NaN,NaN,NaN
2,NaN,NaN,NaN,NaN,NaN,NaN,NaN,NaN
3,NaN,NaN,NaN,NaN,NaN,NaN,NaN,NaN
4,NaN,NaN,NaN,NaN,NaN,NaN,NaN,NaN
5,NaN,NaN,NaN,NaN,NaN,NaN,NaN,NaN
6,NaN,NaN,NaN,NaN,NaN,NaN,NaN,NaN
7,NaN,NaN,NaN,NaN,NaN,NaN,NaN,NaN
8,NaN,NaN,NaN,NaN,NaN,NaN,NaN,NaN
9,NaN,NaN,NaN,NaN,NaN,NaN,NaN,NaN
10,NaN,NaN,NaN,NaN,NaN,NaN,NaN,NaN
11,NaN,NaN,NaN,NaN,NaN,NaN,NaN,NaN
1,NaN,NaN,NaN,NaN,NaN,NaN,NaN,NaN
2,NaN,NaN,NaN,NaN,NaN,NaN,NaN,NaN
3,NaN,NaN,NaN,NaN,NaN,NaN,NaN,NaN
4,NaN,NaN,NaN,NaN,NaN,NaN,NaN,NaN
5,NaN,NaN,NaN,NaN,NaN,NaN,NaN,NaN
6,NaN,NaN,NaN,NaN,NaN,NaN,NaN,NaN
7,NaN,NaN,NaN,NaN,NaN,NaN,NaN,NaN
8,NaN,NaN,NaN,NaN,NaN,NaN,NaN,NaN
9,NaN,NaN,NaN,NaN,NaN,NaN,NaN,NaN
10,NaN,NaN,NaN,NaN,NaN,NaN,NaN,NaN
11,NaN,NaN,NaN,NaN,NaN,NaN,NaN,NaN
1,NaN,NaN,NaN,NaN,NaN,NaN,NaN,NaN
2,NaN,NaN,NaN,NaN,NaN,NaN,NaN,NaN
3,NaN,NaN,NaN,NaN,NaN,NaN,NaN,NaN
4,NaN,NaN,NaN,NaN,NaN,NaN,NaN,NaN
5,NaN,NaN,NaN,NaN,NaN,NaN,NaN,NaN
6,NaN,NaN,NaN,NaN,NaN,NaN,NaN,NaN
7,NaN,NaN,NaN,NaN,NaN,NaN,NaN,NaN
8,NaN,NaN,NaN,NaN,NaN,NaN,NaN,NaN
9,NaN,NaN,NaN,NaN,NaN,NaN,NaN,NaN
10,NaN,NaN,NaN,NaN,NaN,NaN,NaN,NaN
11,NaN,NaN,NaN,NaN,NaN,NaN,NaN,NaN
1,NaN,NaN,NaN,NaN,NaN,NaN,NaN,NaN
2,NaN,NaN,NaN,NaN,NaN,NaN,NaN,NaN
3,NaN,NaN,NaN,NaN,NaN,NaN,NaN,NaN
4,NaN,NaN,NaN,NaN,NaN,NaN,NaN,NaN
5,NaN,NaN,NaN,NaN,NaN,NaN,NaN,NaN
6,NaN,NaN,NaN,NaN,NaN,NaN,NaN,NaN
7,NaN,NaN,NaN,NaN,NaN,NaN,NaN,NaN
8,NaN,NaN,NaN,NaN,NaN,NaN,NaN,NaN
9,NaN,NaN,NaN,NaN,NaN,NaN,NaN,NaN
10,NaN,NaN,NaN,NaN,NaN,NaN,NaN,NaN
11,NaN,NaN,NaN,NaN,NaN,NaN,NaN,NaN
1,NaN,NaN,NaN,NaN,NaN,NaN,NaN,NaN
2,NaN,NaN,NaN,NaN,NaN,NaN,NaN,NaN
3,NaN,NaN,NaN,NaN,NaN,NaN,NaN,NaN
4,NaN,NaN,NaN,NaN,NaN,NaN,NaN,NaN
5,NaN,NaN,NaN,NaN,NaN,NaN,NaN,NaN
6,NaN,NaN,NaN,NaN,NaN,NaN,NaN,NaN
7,NaN,NaN,NaN,NaN,NaN,NaN,NaN,NaN
8,NaN,NaN,NaN,NaN,NaN,NaN,NaN,NaN
9,NaN,NaN,NaN,NaN,NaN,NaN,NaN,NaN
10,NaN,NaN,NaN,NaN,NaN,NaN,NaN,NaN
11,NaN,NaN,NaN,NaN,NaN,NaN,NaN,NaN
1,NaN,NaN,NaN,NaN,NaN,NaN,NaN,NaN
2,NaN,NaN,NaN,NaN,NaN,NaN,NaN,NaN
3,NaN,NaN,NaN,NaN,NaN,NaN,NaN,NaN
4,NaN,NaN,NaN,NaN,NaN,NaN,NaN,NaN
5,NaN,NaN,NaN,NaN,NaN,NaN,NaN,NaN
6,NaN,NaN,NaN,NaN,NaN,NaN,NaN,NaN
7,NaN,NaN,NaN,NaN,NaN,NaN,NaN,NaN
8,NaN,NaN,NaN,NaN,NaN,NaN,NaN,NaN
9,NaN,NaN,NaN,NaN,NaN,NaN,NaN,NaN
10,NaN,NaN,NaN,NaN,NaN,NaN,NaN,NaN
11,NaN,NaN,NaN,NaN,NaN,NaN,NaN,NaN
1,NaN,NaN,NaN,NaN,NaN,NaN,NaN,NaN
2,NaN,NaN,NaN,NaN,NaN,NaN,NaN,NaN
3,NaN,NaN,NaN,NaN,NaN,NaN,NaN,NaN
4,NaN,NaN,NaN,NaN,NaN,NaN,NaN,NaN
5,NaN,NaN,NaN,NaN,NaN,NaN,NaN,NaN
6,NaN,NaN,NaN,NaN,NaN,NaN,NaN,NaN
7,NaN,NaN,NaN,NaN,NaN,NaN,NaN,NaN
8,NaN,NaN,NaN,NaN,NaN,NaN,NaN,NaN
9,NaN,NaN,NaN,NaN,NaN,NaN,NaN,NaN
10,NaN,NaN,NaN,NaN,NaN,NaN,NaN,NaN
11,NaN,NaN,NaN,NaN,NaN,NaN,NaN,NaN
1,NaN,NaN,NaN,NaN,NaN,NaN,NaN,NaN
2,NaN,NaN,NaN,NaN,NaN,NaN,NaN,NaN
3,NaN,NaN,NaN,NaN,NaN,NaN,NaN,NaN
4,NaN,NaN,NaN,NaN,NaN,NaN,NaN,NaN
5,NaN,NaN,NaN,NaN,NaN,NaN,NaN,NaN
6,NaN,NaN,NaN,NaN,NaN,NaN,NaN,NaN
7,NaN,NaN,NaN,NaN,NaN,NaN,NaN,NaN
8,NaN,NaN,NaN,NaN,NaN,NaN,NaN,NaN
9,NaN,NaN,NaN,NaN,NaN,NaN,NaN,NaN
10,NaN,NaN,NaN,NaN,NaN,NaN,NaN,NaN
11,NaN,NaN,NaN,NaN,NaN,NaN,NaN,NaN
1,NaN,NaN,NaN,NaN,NaN,NaN,NaN,NaN
2,NaN,NaN,NaN,NaN,NaN,NaN,NaN,NaN
3,NaN,NaN,NaN,NaN,NaN,NaN,NaN,NaN
4,NaN,NaN,NaN,NaN,NaN,NaN,NaN,NaN
5,NaN,NaN,NaN,NaN,NaN,NaN,NaN,NaN
6,NaN,NaN,NaN,NaN,NaN,NaN,NaN,NaN
7,NaN,NaN,NaN,NaN,NaN,NaN,NaN,NaN
8,NaN,NaN,NaN,NaN,NaN,NaN,NaN,NaN
9,NaN,NaN,NaN,NaN,NaN,NaN,NaN,NaN
10,NaN,NaN,NaN,NaN,NaN,NaN,NaN,NaN
11,NaN,NaN,NaN,NaN,NaN,NaN,NaN,NaN
1,NaN,NaN,NaN,NaN,NaN,NaN,NaN,NaN
2,NaN,NaN,NaN,NaN,NaN,NaN,NaN,NaN
3,NaN,NaN,NaN,NaN,NaN,NaN,NaN,NaN
4,NaN,NaN,NaN,NaN,NaN,NaN,NaN,NaN
5,NaN,NaN,NaN,NaN,NaN,NaN,NaN,NaN
6,NaN,NaN,NaN,NaN,NaN,NaN,NaN,NaN
7,NaN,NaN,NaN,NaN,NaN,NaN,NaN,NaN
8,NaN,NaN,NaN,NaN,NaN,NaN,NaN,NaN
9,NaN,NaN,NaN,NaN,NaN,NaN,NaN,NaN
10,NaN,NaN,NaN,NaN,NaN,NaN,NaN,NaN
11,NaN,NaN,NaN,NaN,NaN,NaN,NaN,NaN
1,NaN,NaN,NaN,NaN,NaN,NaN,NaN,NaN
2,NaN,NaN,NaN,NaN,NaN,NaN,NaN,NaN
3,NaN,NaN,NaN,NaN,NaN,NaN,NaN,NaN
4,NaN,NaN,NaN,NaN,NaN,NaN,NaN,NaN
5,NaN,NaN,NaN,NaN,NaN,NaN,NaN,NaN
6,NaN,NaN,NaN,NaN,NaN,NaN,NaN,NaN
7,NaN,NaN,NaN,NaN,NaN,NaN,NaN,NaN
8,NaN,NaN,NaN,NaN,NaN,NaN,NaN,NaN
9,NaN,NaN,NaN,NaN,NaN,NaN,NaN,NaN
10,NaN,NaN,NaN,NaN,NaN,NaN,NaN,NaN
11,NaN,NaN,NaN,NaN,NaN,NaN,NaN,NaN
1,NaN,NaN,NaN,NaN,NaN,NaN,NaN,NaN
2,NaN,NaN,NaN,NaN,NaN,NaN,NaN,NaN
3,NaN,NaN,NaN,NaN,NaN,NaN,NaN,NaN
4,NaN,NaN,NaN,NaN,NaN,NaN,NaN,NaN
5,NaN,NaN,NaN,NaN,NaN,NaN,NaN,NaN
6,NaN,NaN,NaN,NaN,NaN,NaN,NaN,NaN
7,NaN,NaN,NaN,NaN,NaN,NaN,NaN,NaN
8,NaN,NaN,NaN,NaN,NaN,NaN,NaN,NaN
9,NaN,NaN,NaN,NaN,NaN,NaN,NaN,NaN
10,NaN,NaN,NaN,NaN,NaN,NaN,NaN,NaN
11,NaN,NaN,NaN,NaN,NaN,NaN,NaN,NaN
1,NaN,NaN,NaN,NaN,NaN,NaN,NaN,NaN
2,NaN,NaN,NaN,NaN,NaN,NaN,NaN,NaN
3,NaN,NaN,NaN,NaN,NaN,NaN,NaN,NaN
4,NaN,NaN,NaN,NaN,NaN,NaN,NaN,NaN
5,NaN,NaN,NaN,NaN,NaN,NaN,NaN,NaN
6,NaN,NaN,NaN,NaN,NaN,NaN,NaN,NaN
7,NaN,NaN,NaN,NaN,NaN,NaN,NaN,NaN
8,NaN,NaN,NaN,NaN,NaN,NaN,NaN,NaN
9,NaN,NaN,NaN,NaN,NaN,NaN,NaN,NaN
10,NaN,NaN,NaN,NaN,NaN,NaN,NaN,NaN
11,NaN,NaN,NaN,NaN,NaN,NaN,NaN,NaN
1,NaN,NaN,NaN,NaN,NaN,NaN,NaN,NaN
2,NaN,NaN,NaN,NaN,NaN,NaN,NaN,NaN
3,NaN,NaN,NaN,NaN,NaN,NaN,NaN,NaN
4,NaN,NaN,NaN,NaN,NaN,NaN,NaN,NaN
5,NaN,NaN,NaN,NaN,NaN,NaN,NaN,NaN
6,NaN,NaN,NaN,NaN,NaN,NaN,NaN,NaN
7,NaN,NaN,NaN,NaN,NaN,NaN,NaN,NaN
8,NaN,NaN,NaN,NaN,NaN,NaN,NaN,NaN
9,NaN,NaN,NaN,NaN,NaN,NaN,NaN,NaN
10,NaN,NaN,NaN,NaN,NaN,NaN,NaN,NaN
11,NaN,NaN,NaN,NaN,NaN,NaN,NaN,NaN
1,NaN,NaN,NaN,NaN,NaN,NaN,NaN,NaN
2,NaN,NaN,NaN,NaN,NaN,NaN,NaN,NaN
3,NaN,NaN,NaN,NaN,NaN,NaN,NaN,NaN
4,NaN,NaN,NaN,NaN,NaN,NaN,NaN,NaN
5,NaN,NaN,NaN,NaN,NaN,NaN,NaN,NaN
6,NaN,NaN,NaN,NaN,NaN,NaN,NaN,NaN
7,NaN,NaN,NaN,NaN,NaN,NaN,NaN,NaN
8,NaN,NaN,NaN,NaN,NaN,NaN,NaN,NaN
9,NaN,NaN,NaN,NaN,NaN,NaN,NaN,NaN
10,NaN,NaN,NaN,NaN,NaN,NaN,NaN,NaN
11,NaN,NaN,NaN,NaN,NaN,NaN,NaN,NaN
1,NaN,NaN,NaN,NaN,NaN,NaN,NaN,NaN
2,NaN,NaN,NaN,NaN,NaN,NaN,NaN,NaN
3,NaN,NaN,NaN,NaN,NaN,NaN,NaN,NaN
4,NaN,NaN,NaN,NaN,NaN,NaN,NaN,NaN
5,NaN,NaN,NaN,NaN,NaN,NaN,NaN,NaN
6,NaN,NaN,NaN,NaN,NaN,NaN,NaN,NaN
7,NaN,NaN,NaN,NaN,NaN,NaN,NaN,NaN
8,NaN,NaN,NaN,NaN,NaN,NaN,NaN,NaN
9,NaN,NaN,NaN,NaN,NaN,NaN,NaN,NaN
10,NaN,NaN,NaN,NaN,NaN,NaN,NaN,NaN
11,NaN,NaN,NaN,NaN,NaN,NaN,NaN,NaN
1,NaN,NaN,NaN,NaN,NaN,NaN,NaN,NaN
2,NaN,NaN,NaN,NaN,NaN,NaN,NaN,NaN
3,NaN,NaN,NaN,NaN,NaN,NaN,NaN,NaN
4,NaN,NaN,NaN,NaN,NaN,NaN,NaN,NaN
5,NaN,NaN,NaN,NaN,NaN,NaN,NaN,NaN
6,NaN,NaN,NaN,NaN,NaN,NaN,NaN,NaN
7,NaN,NaN,NaN,NaN,NaN,NaN,NaN,NaN
8,NaN,NaN,NaN,NaN,NaN,NaN,NaN,NaN
9,NaN,NaN,NaN,NaN,NaN,NaN,NaN,NaN
10,NaN,NaN,NaN,NaN,NaN,NaN,NaN,NaN
11,NaN,NaN,NaN,NaN,NaN,NaN,NaN,NaN
1,NaN,NaN,NaN,NaN,NaN,NaN,NaN,NaN
2,NaN,NaN,NaN,NaN,NaN,NaN,NaN,NaN
3,NaN,NaN,NaN,NaN,NaN,NaN,NaN,NaN
4,NaN,NaN,NaN,NaN,NaN,NaN,NaN,NaN
5,NaN,NaN,NaN,NaN,NaN,NaN,NaN,NaN
6,NaN,NaN,NaN,NaN,NaN,NaN,NaN,NaN
7,NaN,NaN,NaN,NaN,NaN,NaN,NaN,NaN
8,NaN,NaN,NaN,NaN,NaN,NaN,NaN,NaN
9,NaN,NaN,NaN,NaN,NaN,NaN,NaN,NaN
10,NaN,NaN,NaN,NaN,NaN,NaN,NaN,NaN
11,NaN,NaN,NaN,NaN,NaN,NaN,NaN,NaN
1,NaN,NaN,NaN,NaN,NaN,NaN,NaN,NaN
2,NaN,NaN,NaN,NaN,NaN,NaN,NaN,NaN
3,NaN,NaN,NaN,NaN,NaN,NaN,NaN,NaN
4,NaN,NaN,NaN,NaN,NaN,NaN,NaN,NaN
5,NaN,NaN,NaN,NaN,NaN,NaN,NaN,NaN
6,NaN,NaN,NaN,NaN,NaN,NaN,NaN,NaN
7,NaN,NaN,NaN,NaN,NaN,NaN,NaN,NaN
8,NaN,NaN,NaN,NaN,NaN,NaN,NaN,NaN
9,NaN,NaN,NaN,NaN,NaN,NaN,NaN,NaN
10,NaN,NaN,NaN,NaN,NaN,NaN,NaN,NaN
11,NaN,NaN,NaN,NaN,NaN,NaN,NaN,NaN
1,NaN,NaN,NaN,NaN,NaN,NaN,NaN,NaN
2,NaN,NaN,NaN,NaN,NaN,NaN,NaN,NaN
3,NaN,NaN,NaN,NaN,NaN,NaN,NaN,NaN
4,NaN,NaN,NaN,NaN,NaN,NaN,NaN,NaN
5,NaN,NaN,NaN,NaN,NaN,NaN,NaN,NaN
6,NaN,NaN,NaN,NaN,NaN,NaN,NaN,NaN
7,NaN,NaN,NaN,NaN,NaN,NaN,NaN,NaN
8,NaN,NaN,NaN,NaN,NaN,NaN,NaN,NaN
9,NaN,NaN,NaN,NaN,NaN,NaN,NaN,NaN
10,NaN,NaN,NaN,NaN,NaN,NaN,NaN,NaN
11,NaN,NaN,NaN,NaN,NaN,NaN,NaN,NaN
1,NaN,NaN,NaN,NaN,NaN,NaN,NaN,NaN
2,NaN,NaN,NaN,NaN,NaN,NaN,NaN,NaN
3,NaN,NaN,NaN,NaN,NaN,NaN,NaN,NaN
4,NaN,NaN,NaN,NaN,NaN,NaN,NaN,NaN
5,NaN,NaN,NaN,NaN,NaN,NaN,NaN,NaN
6,NaN,NaN,NaN,NaN,NaN,NaN,NaN,NaN
7,NaN,NaN,NaN,NaN,NaN,NaN,NaN,NaN
8,NaN,NaN,NaN,NaN,NaN,NaN,NaN,NaN
9,NaN,NaN,NaN,NaN,NaN,NaN,NaN,NaN
10,NaN,NaN,NaN,NaN,NaN,NaN,NaN,NaN
11,NaN,NaN,NaN,NaN,NaN,NaN,NaN,NaN
1,NaN,NaN,NaN,NaN,NaN,NaN,NaN,NaN
2,NaN,NaN,NaN,NaN,NaN,NaN,NaN,NaN
3,NaN,NaN,NaN,NaN,NaN,NaN,NaN,NaN
4,NaN,NaN,NaN,NaN,NaN,NaN,NaN,NaN
5,NaN,NaN,NaN,NaN,NaN,NaN,NaN,NaN
6,NaN,NaN,NaN,NaN,NaN,NaN,NaN,NaN
7,NaN,NaN,NaN,NaN,NaN,NaN,NaN,NaN
8,NaN,NaN,NaN,NaN,NaN,NaN,NaN,NaN
9,NaN,NaN,NaN,NaN,NaN,NaN,NaN,NaN
10,NaN,NaN,NaN,NaN,NaN,NaN,NaN,NaN
11,NaN,NaN,NaN,NaN,NaN,NaN,NaN,NaN
1,NaN,NaN,NaN,NaN,NaN,NaN,NaN,NaN
2,NaN,NaN,NaN,NaN,NaN,NaN,NaN,NaN
3,NaN,NaN,NaN,NaN,NaN,NaN,NaN,NaN
4,NaN,NaN,NaN,NaN,NaN,NaN,NaN,NaN
5,NaN,NaN,NaN,NaN,NaN,NaN,NaN,NaN
6,NaN,NaN,NaN,NaN,NaN,NaN,NaN,NaN
7,NaN,NaN,NaN,NaN,NaN,NaN,NaN,NaN
8,NaN,NaN,NaN,NaN,NaN,NaN,NaN,NaN
9,NaN,NaN,NaN,NaN,NaN,NaN,NaN,NaN
10,NaN,NaN,NaN,NaN,NaN,NaN,NaN,NaN
11,NaN,NaN,NaN,NaN,NaN,NaN,NaN,NaN
1,NaN,NaN,NaN,NaN,NaN,NaN,NaN,NaN
2,NaN,NaN,NaN,NaN,NaN,NaN,NaN,NaN
3,NaN,NaN,NaN,NaN,NaN,NaN,NaN,NaN
4,NaN,NaN,NaN,NaN,NaN,NaN,NaN,NaN
5,NaN,NaN,NaN,NaN,NaN,NaN,NaN,NaN
6,NaN,NaN,NaN,NaN,NaN,NaN,NaN,NaN
7,NaN,NaN,NaN,NaN,NaN,NaN,NaN,NaN
8,NaN,NaN,NaN,NaN,NaN,NaN,NaN,NaN
9,NaN,NaN,NaN,NaN,NaN,NaN,NaN,NaN
10,NaN,NaN,NaN,NaN,NaN,NaN,NaN,NaN
11,NaN,NaN,NaN,NaN,NaN,NaN,NaN,NaN
1,NaN,NaN,NaN,NaN,NaN,NaN,NaN,NaN
2,NaN,NaN,NaN,NaN,NaN,NaN,NaN,NaN
3,NaN,NaN,NaN,NaN,NaN,NaN,NaN,NaN
4,NaN,NaN,NaN,NaN,NaN,NaN,NaN,NaN
5,NaN,NaN,NaN,NaN,NaN,NaN,NaN,NaN
6,NaN,NaN,NaN,NaN,NaN,NaN,NaN,NaN
7,NaN,NaN,NaN,NaN,NaN,NaN,NaN,NaN
8,NaN,NaN,NaN,NaN,NaN,NaN,NaN,NaN
9,NaN,NaN,NaN,NaN,NaN,NaN,NaN,NaN
10,NaN,NaN,NaN,NaN,NaN,NaN,NaN,NaN
11,NaN,NaN,NaN,NaN,NaN,NaN,NaN,NaN
1,NaN,NaN,NaN,NaN,NaN,NaN,NaN,NaN
2,NaN,NaN,NaN,NaN,NaN,NaN,NaN,NaN
3,NaN,NaN,NaN,NaN,NaN,NaN,NaN,NaN
4,NaN,NaN,NaN,NaN,NaN,NaN,NaN,NaN
5,NaN,NaN,NaN,NaN,NaN,NaN,NaN,NaN
6,NaN,NaN,NaN,NaN,NaN,NaN,NaN,NaN
7,NaN,NaN,NaN,NaN,NaN,NaN,NaN,NaN
8,NaN,NaN,NaN,NaN,NaN,NaN,NaN,NaN
9,NaN,NaN,NaN,NaN,NaN,NaN,NaN,NaN
10,NaN,NaN,NaN,NaN,NaN,NaN,NaN,NaN
11,NaN,NaN,NaN,NaN,NaN,NaN,NaN,NaN
1,NaN,NaN,NaN,NaN,NaN,NaN,NaN,NaN
2,NaN,NaN,NaN,NaN,NaN,NaN,NaN,NaN
3,NaN,NaN,NaN,NaN,NaN,NaN,NaN,NaN
4,NaN,NaN,NaN,NaN,NaN,NaN,NaN,NaN
5,NaN,NaN,NaN,NaN,NaN,NaN,NaN,NaN
6,NaN,NaN,NaN,NaN,NaN,NaN,NaN,NaN
7,NaN,NaN,NaN,NaN,NaN,NaN,NaN,NaN
8,NaN,NaN,NaN,NaN,NaN,NaN,NaN,NaN
9,NaN,NaN,NaN,NaN,NaN,NaN,NaN,NaN
10,NaN,NaN,NaN,NaN,NaN,NaN,NaN,NaN
11,NaN,NaN,NaN,NaN,NaN,NaN,NaN,NaN
1,NaN,NaN,NaN,NaN,NaN,NaN,NaN,NaN
2,NaN,NaN,NaN,NaN,NaN,NaN,NaN,NaN
3,NaN,NaN,NaN,NaN,NaN,NaN,NaN,NaN
4,NaN,NaN,NaN,NaN,NaN,NaN,NaN,NaN
5,NaN,NaN,NaN,NaN,NaN,NaN,NaN,NaN
6,NaN,NaN,NaN,NaN,NaN,NaN,NaN,NaN
7,NaN,NaN,NaN,NaN,NaN,NaN,NaN,NaN
8,NaN,NaN,NaN,NaN,NaN,NaN,NaN,NaN
9,NaN,NaN,NaN,NaN,NaN,NaN,NaN,NaN
10,NaN,NaN,NaN,NaN,NaN,NaN,NaN,NaN
11,NaN,NaN,NaN,NaN,NaN,NaN,NaN,NaN
1,NaN,NaN,NaN,NaN,NaN,NaN,NaN,NaN
2,NaN,NaN,NaN,NaN,NaN,NaN,NaN,NaN
3,NaN,NaN,NaN,NaN,NaN,NaN,NaN,NaN
4,NaN,NaN,NaN,NaN,NaN,NaN,NaN,NaN
5,NaN,NaN,NaN,NaN,NaN,NaN,NaN,NaN
6,NaN,NaN,NaN,NaN,NaN,NaN,NaN,NaN
7,NaN,NaN,NaN,NaN,NaN,NaN,NaN,NaN
8,NaN,NaN,NaN,NaN,NaN,NaN,NaN,NaN
9,NaN,NaN,NaN,NaN,NaN,NaN,NaN,NaN
10,NaN,NaN,NaN,NaN,NaN,NaN,NaN,NaN
11,NaN,NaN,NaN,NaN,NaN,NaN,NaN,NaN
1,NaN,NaN,NaN,NaN,NaN,NaN,NaN,NaN
2,NaN,NaN,NaN,NaN,NaN,NaN,NaN,NaN
3,NaN,NaN,NaN,NaN,NaN,NaN,NaN,NaN
4,NaN,NaN,NaN,NaN,NaN,NaN,NaN,NaN
5,NaN,NaN,NaN,NaN,NaN,NaN,NaN,NaN
6,NaN,NaN,NaN,NaN,NaN,NaN,NaN,NaN
7,NaN,NaN,NaN,NaN,NaN,NaN,NaN,NaN
8,NaN,NaN,NaN,NaN,NaN,NaN,NaN,NaN
9,NaN,NaN,NaN,NaN,NaN,NaN,NaN,NaN
10,NaN,NaN,NaN,NaN,NaN,NaN,NaN,NaN
11,NaN,NaN,NaN,NaN,NaN,NaN,NaN,NaN
1,NaN,NaN,NaN,NaN,NaN,NaN,NaN,NaN
2,NaN,NaN,NaN,NaN,NaN,NaN,NaN,NaN
3,NaN,NaN,NaN,NaN,NaN,NaN,NaN,NaN
4,NaN,NaN,NaN,NaN,NaN,NaN,NaN,NaN
5,NaN,NaN,NaN,NaN,NaN,NaN,NaN,NaN
6,NaN,NaN,NaN,NaN,NaN,NaN,NaN,NaN
7,NaN,NaN,NaN,NaN,NaN,NaN,NaN,NaN
8,NaN,NaN,NaN,NaN,NaN,NaN,NaN,NaN
9,NaN,NaN,NaN,NaN,NaN,NaN,NaN,NaN
10,NaN,NaN,NaN,NaN,NaN,NaN,NaN,NaN
11,NaN,NaN,NaN,NaN,NaN,NaN,NaN,NaN
1,NaN,NaN,NaN,NaN,NaN,NaN,NaN,NaN
2,NaN,NaN,NaN,NaN,NaN,NaN,NaN,NaN
3,NaN,NaN,NaN,NaN,NaN,NaN,NaN,NaN
4,NaN,NaN,NaN,NaN,NaN,NaN,NaN,NaN
5,NaN,NaN,NaN,NaN,NaN,NaN,NaN,NaN
6,NaN,NaN,NaN,NaN,NaN,NaN,NaN,NaN
7,NaN,NaN,NaN,NaN,NaN,NaN,NaN,NaN
8,NaN,NaN,NaN,NaN,NaN,NaN,NaN,NaN
9,NaN,NaN,NaN,NaN,NaN,NaN,NaN,NaN
10,NaN,NaN,NaN,NaN,NaN,NaN,NaN,NaN
11,NaN,NaN,NaN,NaN,NaN,NaN,NaN,NaN
1,NaN,NaN,NaN,NaN,NaN,NaN,NaN,NaN
2,NaN,NaN,NaN,NaN,NaN,NaN,NaN,NaN
3,NaN,NaN,NaN,NaN,NaN,NaN,NaN,NaN
4,NaN,NaN,NaN,NaN,NaN,NaN,NaN,NaN
5,NaN,NaN,NaN,NaN,NaN,NaN,NaN,NaN
6,NaN,NaN,NaN,NaN,NaN,NaN,NaN,NaN
7,NaN,NaN,NaN,NaN,NaN,NaN,NaN,NaN
8,NaN,NaN,NaN,NaN,NaN,NaN,NaN,NaN
9,NaN,NaN,NaN,NaN,NaN,NaN,NaN,NaN
10,NaN,NaN,NaN,NaN,NaN,NaN,NaN,NaN
11,NaN,NaN,NaN,NaN,NaN,NaN,NaN,NaN
1,NaN,NaN,NaN,NaN,NaN,NaN,NaN,NaN
2,NaN,NaN,NaN,NaN,NaN,NaN,NaN,NaN
3,NaN,NaN,NaN,NaN,NaN,NaN,NaN,NaN
4,NaN,NaN,NaN,NaN,NaN,NaN,NaN,NaN
5,NaN,NaN,NaN,NaN,NaN,NaN,NaN,NaN
6,NaN,NaN,NaN,NaN,NaN,NaN,NaN,NaN
7,NaN,NaN,NaN,NaN,NaN,NaN,NaN,NaN
8,NaN,NaN,NaN,NaN,NaN,NaN,NaN,NaN
9,NaN,NaN,NaN,NaN,NaN,NaN,NaN,NaN
10,NaN,NaN,NaN,NaN,NaN,NaN,NaN,NaN
11,NaN,NaN,NaN,NaN,NaN,NaN,NaN,NaN
1,NaN,NaN,NaN,NaN,NaN,NaN,NaN,NaN
2,NaN,NaN,NaN,NaN,NaN,NaN,NaN,NaN
3,NaN,NaN,NaN,NaN,NaN,NaN,NaN,NaN
4,NaN,NaN,NaN,NaN,NaN,NaN,NaN,NaN
5,NaN,NaN,NaN,NaN,NaN,NaN,NaN,NaN
6,NaN,NaN,NaN,NaN,NaN,NaN,NaN,NaN
7,NaN,NaN,NaN,NaN,NaN,NaN,NaN,NaN
8,NaN,NaN,NaN,NaN,NaN,NaN,NaN,NaN
9,NaN,NaN,NaN,NaN,NaN,NaN,NaN,NaN
10,NaN,NaN,NaN,NaN,NaN,NaN,NaN,NaN
11,NaN,NaN,NaN,NaN,NaN,NaN,NaN,NaN
1,NaN,NaN,NaN,NaN,NaN,NaN,NaN,NaN
2,NaN,NaN,NaN,NaN,NaN,NaN,NaN,NaN
3,NaN,NaN,NaN,NaN,NaN,NaN,NaN,NaN
4,NaN,NaN,NaN,NaN,NaN,NaN,NaN,NaN
5,NaN,NaN,NaN,NaN,NaN,NaN,NaN,NaN
6,NaN,NaN,NaN,NaN,NaN,NaN,NaN,NaN
7,NaN,NaN,NaN,NaN,NaN,NaN,NaN,NaN
8,NaN,NaN,NaN,NaN,NaN,NaN,NaN,NaN
9,NaN,NaN,NaN,NaN,NaN,NaN,NaN,NaN
10,NaN,NaN,NaN,NaN,NaN,NaN,NaN,NaN
11,NaN,NaN,NaN,NaN,NaN,NaN,NaN,NaN
1,NaN,NaN,NaN,NaN,NaN,NaN,NaN,NaN
2,NaN,NaN,NaN,NaN,NaN,NaN,NaN,NaN
3,NaN,NaN,NaN,NaN,NaN,NaN,NaN,NaN
4,NaN,NaN,NaN,NaN,NaN,NaN,NaN,NaN
5,NaN,NaN,NaN,NaN,NaN,NaN,NaN,NaN
6,NaN,NaN,NaN,NaN,NaN,NaN,NaN,NaN
7,NaN,NaN,NaN,NaN,NaN,NaN,NaN,NaN
8,NaN,NaN,NaN,NaN,NaN,NaN,NaN,NaN
9,NaN,NaN,NaN,NaN,NaN,NaN,NaN,NaN
10,NaN,NaN,NaN,NaN,NaN,NaN,NaN,NaN
11,NaN,NaN,NaN,NaN,NaN,NaN,NaN,NaN
1,NaN,NaN,NaN,NaN,NaN,NaN,NaN,NaN
2,NaN,NaN,NaN,NaN,NaN,NaN,NaN,NaN
3,NaN,NaN,NaN,NaN,NaN,NaN,NaN,NaN
4,NaN,NaN,NaN,NaN,NaN,NaN,NaN,NaN
5,NaN,NaN,NaN,NaN,NaN,NaN,NaN,NaN
6,NaN,NaN,NaN,NaN,NaN,NaN,NaN,NaN
7,NaN,NaN,NaN,NaN,NaN,NaN,NaN,NaN
8,NaN,NaN,NaN,NaN,NaN,NaN,NaN,NaN
9,NaN,NaN,NaN,NaN,NaN,NaN,NaN,NaN
10,NaN,NaN,NaN,NaN,NaN,NaN,NaN,NaN
11,NaN,NaN,NaN,NaN,NaN,NaN,NaN,NaN
1,NaN,NaN,NaN,NaN,NaN,NaN,NaN,NaN
2,NaN,NaN,NaN,NaN,NaN,NaN,NaN,NaN
3,NaN,NaN,NaN,NaN,NaN,NaN,NaN,NaN
4,NaN,NaN,NaN,NaN,NaN,NaN,NaN,NaN
5,NaN,NaN,NaN,NaN,NaN,NaN,NaN,NaN
6,NaN,NaN,NaN,NaN,NaN,NaN,NaN,NaN
7,NaN,NaN,NaN,NaN,NaN,NaN,NaN,NaN
8,NaN,NaN,NaN,NaN,NaN,NaN,NaN,NaN
9,NaN,NaN,NaN,NaN,NaN,NaN,NaN,NaN
10,NaN,NaN,NaN,NaN,NaN,NaN,NaN,NaN
11,NaN,NaN,NaN,NaN,NaN,NaN,NaN,NaN
1,NaN,NaN,NaN,NaN,NaN,NaN,NaN,NaN
2,NaN,NaN,NaN,NaN,NaN,NaN,NaN,NaN
3,NaN,NaN,NaN,NaN,NaN,NaN,NaN,NaN
4,NaN,NaN,NaN,NaN,NaN,NaN,NaN,NaN
5,NaN,NaN,NaN,NaN,NaN,NaN,NaN,NaN
6,NaN,NaN,NaN,NaN,NaN,NaN,NaN,NaN
7,NaN,NaN,NaN,NaN,NaN,NaN,NaN,NaN
8,NaN,NaN,NaN,NaN,NaN,NaN,NaN,NaN
9,NaN,NaN,NaN,NaN,NaN,NaN,NaN,NaN
10,NaN,NaN,NaN,NaN,NaN,NaN,NaN,NaN
11,NaN,NaN,NaN,NaN,NaN,NaN,NaN,NaN
1,NaN,NaN,NaN,NaN,NaN,NaN,NaN,NaN
2,NaN,NaN,NaN,NaN,NaN,NaN,NaN,NaN
3,NaN,NaN,NaN,NaN,NaN,NaN,NaN,NaN
4,NaN,NaN,NaN,NaN,NaN,NaN,NaN,NaN
5,NaN,NaN,NaN,NaN,NaN,NaN,NaN,NaN
6,NaN,NaN,NaN,NaN,NaN,NaN,NaN,NaN
7,NaN,NaN,NaN,NaN,NaN,NaN,NaN,NaN
8,NaN,NaN,NaN,NaN,NaN,NaN,NaN,NaN
9,NaN,NaN,NaN,NaN,NaN,NaN,NaN,NaN
10,NaN,NaN,NaN,NaN,NaN,NaN,NaN,NaN
11,NaN,NaN,NaN,NaN,NaN,NaN,NaN,NaN
1,NaN,NaN,NaN,NaN,NaN,NaN,NaN,NaN
2,NaN,NaN,NaN,NaN,NaN,NaN,NaN,NaN
3,NaN,NaN,NaN,NaN,NaN,NaN,NaN,NaN
4,NaN,NaN,NaN,NaN,NaN,NaN,NaN,NaN
5,NaN,NaN,NaN,NaN,NaN,NaN,NaN,NaN
6,NaN,NaN,NaN,NaN,NaN,NaN,NaN,NaN
7,NaN,NaN,NaN,NaN,NaN,NaN,NaN,NaN
8,NaN,NaN,NaN,NaN,NaN,NaN,NaN,NaN
9,NaN,NaN,NaN,NaN,NaN,NaN,NaN,NaN
10,NaN,NaN,NaN,NaN,NaN,NaN,NaN,NaN
11,NaN,NaN,NaN,NaN,NaN,NaN,NaN,NaN
1,NaN,NaN,NaN,NaN,NaN,NaN,NaN,NaN
2,NaN,NaN,NaN,NaN,NaN,NaN,NaN,NaN
3,NaN,NaN,NaN,NaN,NaN,NaN,NaN,NaN
4,NaN,NaN,NaN,NaN,NaN,NaN,NaN,NaN
5,NaN,NaN,NaN,NaN,NaN,NaN,NaN,NaN
6,NaN,NaN,NaN,NaN,NaN,NaN,NaN,NaN
7,NaN,NaN,NaN,NaN,NaN,NaN,NaN,NaN
8,NaN,NaN,NaN,NaN,NaN,NaN,NaN,NaN
9,NaN,NaN,NaN,NaN,NaN,NaN,NaN,NaN
10,NaN,NaN,NaN,NaN,NaN,NaN,NaN,NaN
11,NaN,NaN,NaN,NaN,NaN,NaN,NaN,NaN
1,NaN,NaN,NaN,NaN,NaN,NaN,NaN,NaN
2,NaN,NaN,NaN,NaN,NaN,NaN,NaN,NaN
3,NaN,NaN,NaN,NaN,NaN,NaN,NaN,NaN
4,NaN,NaN,NaN,NaN,NaN,NaN,NaN,NaN
5,NaN,NaN,NaN,NaN,NaN,NaN,NaN,NaN
6,NaN,NaN,NaN,NaN,NaN,NaN,NaN,NaN
7,NaN,NaN,NaN,NaN,NaN,NaN,NaN,NaN
8,NaN,NaN,NaN,NaN,NaN,NaN,NaN,NaN
9,NaN,NaN,NaN,NaN,NaN,NaN,NaN,NaN
10,NaN,NaN,NaN,NaN,NaN,NaN,NaN,NaN
11,NaN,NaN,NaN,NaN,NaN,NaN,NaN,NaN
1,NaN,NaN,NaN,NaN,NaN,NaN,NaN,NaN
2,NaN,NaN,NaN,NaN,NaN,NaN,NaN,NaN
3,NaN,NaN,NaN,NaN,NaN,NaN,NaN,NaN
4,NaN,NaN,NaN,NaN,NaN,NaN,NaN,NaN
5,NaN,NaN,NaN,NaN,NaN,NaN,NaN,NaN
6,NaN,NaN,NaN,NaN,NaN,NaN,NaN,NaN
7,NaN,NaN,NaN,NaN,NaN,NaN,NaN,NaN
8,NaN,NaN,NaN,NaN,NaN,NaN,NaN,NaN
9,NaN,NaN,NaN,NaN,NaN,NaN,NaN,NaN
10,NaN,NaN,NaN,NaN,NaN,NaN,NaN,NaN
11,NaN,NaN,NaN,NaN,NaN,NaN,NaN,NaN
1,NaN,NaN,NaN,NaN,NaN,NaN,NaN,NaN
2,NaN,NaN,NaN,NaN,NaN,NaN,NaN,NaN
3,NaN,NaN,NaN,NaN,NaN,NaN,NaN,NaN
4,NaN,NaN,NaN,NaN,NaN,NaN,NaN,NaN
5,NaN,NaN,NaN,NaN,NaN,NaN,NaN,NaN
6,NaN,NaN,NaN,NaN,NaN,NaN,NaN,NaN
7,NaN,NaN,NaN,NaN,NaN,NaN,NaN,NaN
8,NaN,NaN,NaN,NaN,NaN,NaN,NaN,NaN
9,NaN,NaN,NaN,NaN,NaN,NaN,NaN,NaN
10,NaN,NaN,NaN,NaN,NaN,NaN,NaN,NaN
11,NaN,NaN,NaN,NaN,NaN,NaN,NaN,NaN
1,NaN,NaN,NaN,NaN,NaN,NaN,NaN,NaN
2,NaN,NaN,NaN,NaN,NaN,NaN,NaN,NaN
3,NaN,NaN,NaN,NaN,NaN,NaN,NaN,NaN
4,NaN,NaN,NaN,NaN,NaN,NaN,NaN,NaN
5,NaN,NaN,NaN,NaN,NaN,NaN,NaN,NaN
6,NaN,NaN,NaN,NaN,NaN,NaN,NaN,NaN
7,NaN,NaN,NaN,NaN,NaN,NaN,NaN,NaN
8,NaN,NaN,NaN,NaN,NaN,NaN,NaN,NaN
9,NaN,NaN,NaN,NaN,NaN,NaN,NaN,NaN
10,NaN,NaN,NaN,NaN,NaN,NaN,NaN,NaN
11,NaN,NaN,NaN,NaN,NaN,NaN,NaN,NaN
1,NaN,NaN,NaN,NaN,NaN,NaN,NaN,NaN
2,NaN,NaN,NaN,NaN,NaN,NaN,NaN,NaN
3,NaN,NaN,NaN,NaN,NaN,NaN,NaN,NaN
4,NaN,NaN,NaN,NaN,NaN,NaN,NaN,NaN
5,NaN,NaN,NaN,NaN,NaN,NaN,NaN,NaN
6,NaN,NaN,NaN,NaN,NaN,NaN,NaN,NaN
7,NaN,NaN,NaN,NaN,NaN,NaN,NaN,NaN
8,NaN,NaN,NaN,NaN,NaN,NaN,NaN,NaN
9,NaN,NaN,NaN,NaN,NaN,NaN,NaN,NaN
10,NaN,NaN,NaN,NaN,NaN,NaN,NaN,NaN
11,NaN,NaN,NaN,NaN,NaN,NaN,NaN,NaN
1,NaN,NaN,NaN,NaN,NaN,NaN,NaN,NaN
2,NaN,NaN,NaN,NaN,NaN,NaN,NaN,NaN
3,NaN,NaN,NaN,NaN,NaN,NaN,NaN,NaN
4,NaN,NaN,NaN,NaN,NaN,NaN,NaN,NaN
5,NaN,NaN,NaN,NaN,NaN,NaN,NaN,NaN
6,NaN,NaN,NaN,NaN,NaN,NaN,NaN,NaN
7,NaN,NaN,NaN,NaN,NaN,NaN,NaN,NaN
8,NaN,NaN,NaN,NaN,NaN,NaN,NaN,NaN
9,NaN,NaN,NaN,NaN,NaN,NaN,NaN,NaN
10,NaN,NaN,NaN,NaN,NaN,NaN,NaN,NaN
11,NaN,NaN,NaN,NaN,NaN,NaN,NaN,NaN
1,NaN,NaN,NaN,NaN,NaN,NaN,NaN,NaN
2,NaN,NaN,NaN,NaN,NaN,NaN,NaN,NaN
3,NaN,NaN,NaN,NaN,NaN,NaN,NaN,NaN
4,NaN,NaN,NaN,NaN,NaN,NaN,NaN,NaN
5,NaN,NaN,NaN,NaN,NaN,NaN,NaN,NaN
6,NaN,NaN,NaN,NaN,NaN,NaN,NaN,NaN
7,NaN,NaN,NaN,NaN,NaN,NaN,NaN,NaN
8,NaN,NaN,NaN,NaN,NaN,NaN,NaN,NaN
9,NaN,NaN,NaN,NaN,NaN,NaN,NaN,NaN
10,NaN,NaN,NaN,NaN,NaN,NaN,NaN,NaN
11,NaN,NaN,NaN,NaN,NaN,NaN,NaN,NaN
1,NaN,NaN,NaN,NaN,NaN,NaN,NaN,NaN
2,NaN,NaN,NaN,NaN,NaN,NaN,NaN,NaN
3,NaN,NaN,NaN,NaN,NaN,NaN,NaN,NaN
4,NaN,NaN,NaN,NaN,NaN,NaN,NaN,NaN
5,NaN,NaN,NaN,NaN,NaN,NaN,NaN,NaN
6,NaN,NaN,NaN,NaN,NaN,NaN,NaN,NaN
7,NaN,NaN,NaN,NaN,NaN,NaN,NaN,NaN
8,NaN,NaN,NaN,NaN,NaN,NaN,NaN,NaN
9,NaN,NaN,NaN,NaN,NaN,NaN,NaN,NaN
10,NaN,NaN,NaN,NaN,NaN,NaN,NaN,NaN
11,NaN,NaN,NaN,NaN,NaN,NaN,NaN,NaN
1,NaN,NaN,NaN,NaN,NaN,NaN,NaN,NaN
2,NaN,NaN,NaN,NaN,NaN,NaN,NaN,NaN
3,NaN,NaN,NaN,NaN,NaN,NaN,NaN,NaN
4,NaN,NaN,NaN,NaN,NaN,NaN,NaN,NaN
5,NaN,NaN,NaN,NaN,NaN,NaN,NaN,NaN
6,NaN,NaN,NaN,NaN,NaN,NaN,NaN,NaN
7,NaN,NaN,NaN,NaN,NaN,NaN,NaN,NaN
8,NaN,NaN,NaN,NaN,NaN,NaN,NaN,NaN
9,NaN,NaN,NaN,NaN,NaN,NaN,NaN,NaN
10,NaN,NaN,NaN,NaN,NaN,NaN,NaN,NaN
11,NaN,NaN,NaN,NaN,NaN,NaN,NaN,NaN
1,NaN,NaN,NaN,NaN,NaN,NaN,NaN,NaN
2,NaN,NaN,NaN,NaN,NaN,NaN,NaN,NaN
3,NaN,NaN,NaN,NaN,NaN,NaN,NaN,NaN
4,NaN,NaN,NaN,NaN,NaN,NaN,NaN,NaN
5,NaN,NaN,NaN,NaN,NaN,NaN,NaN,NaN
6,NaN,NaN,NaN,NaN,NaN,NaN,NaN,NaN
7,NaN,NaN,NaN,NaN,NaN,NaN,NaN,NaN
8,NaN,NaN,NaN,NaN,NaN,NaN,NaN,NaN
9,NaN,NaN,NaN,NaN,NaN,NaN,NaN,NaN
10,NaN,NaN,NaN,NaN,NaN,NaN,NaN,NaN
11,NaN,NaN,NaN,NaN,NaN,NaN,NaN,NaN
1,NaN,NaN,NaN,NaN,NaN,NaN,NaN,NaN
2,NaN,NaN,NaN,NaN,NaN,NaN,NaN,NaN
3,NaN,NaN,NaN,NaN,NaN,NaN,NaN,NaN
4,NaN,NaN,NaN,NaN,NaN,NaN,NaN,NaN
5,NaN,NaN,NaN,NaN,NaN,NaN,NaN,NaN
6,NaN,NaN,NaN,NaN,NaN,NaN,NaN,NaN
7,NaN,NaN,NaN,NaN,NaN,NaN,NaN,NaN
8,NaN,NaN,NaN,NaN,NaN,NaN,NaN,NaN
9,NaN,NaN,NaN,NaN,NaN,NaN,NaN,NaN
10,NaN,NaN,NaN,NaN,NaN,NaN,NaN,NaN
11,NaN,NaN,NaN,NaN,NaN,NaN,NaN,NaN
1,NaN,NaN,NaN,NaN,NaN,NaN,NaN,NaN
2,NaN,NaN,NaN,NaN,NaN,NaN,NaN,NaN
3,NaN,NaN,NaN,NaN,NaN,NaN,NaN,NaN
4,NaN,NaN,NaN,NaN,NaN,NaN,NaN,NaN
5,NaN,NaN,NaN,NaN,NaN,NaN,NaN,NaN
6,NaN,NaN,NaN,NaN,NaN,NaN,NaN,NaN
7,NaN,NaN,NaN,NaN,NaN,NaN,NaN,NaN
8,NaN,NaN,NaN,NaN,NaN,NaN,NaN,NaN
9,NaN,NaN,NaN,NaN,NaN,NaN,NaN,NaN
10,NaN,NaN,NaN,NaN,NaN,NaN,NaN,NaN
11,NaN,NaN,NaN,NaN,NaN,NaN,NaN,NaN
1,NaN,NaN,NaN,NaN,NaN,NaN,NaN,NaN
2,NaN,NaN,NaN,NaN,NaN,NaN,NaN,NaN
3,NaN,NaN,NaN,NaN,NaN,NaN,NaN,NaN
4,NaN,NaN,NaN,NaN,NaN,NaN,NaN,NaN
5,NaN,NaN,NaN,NaN,NaN,NaN,NaN,NaN
6,NaN,NaN,NaN,NaN,NaN,NaN,NaN,NaN
7,NaN,NaN,NaN,NaN,NaN,NaN,NaN,NaN
8,NaN,NaN,NaN,NaN,NaN,NaN,NaN,NaN
9,NaN,NaN,NaN,NaN,NaN,NaN,NaN,NaN
10,NaN,NaN,NaN,NaN,NaN,NaN,NaN,NaN
11,NaN,NaN,NaN,NaN,NaN,NaN,NaN,NaN
1,NaN,NaN,NaN,NaN,NaN,NaN,NaN,NaN
2,NaN,NaN,NaN,NaN,NaN,NaN,NaN,NaN
3,NaN,NaN,NaN,NaN,NaN,NaN,NaN,NaN
4,NaN,NaN,NaN,NaN,NaN,NaN,NaN,NaN
5,NaN,NaN,NaN,NaN,NaN,NaN,NaN,NaN
6,NaN,NaN,NaN,NaN,NaN,NaN,NaN,NaN
7,NaN,NaN,NaN,NaN,NaN,NaN,NaN,NaN
8,NaN,NaN,NaN,NaN,NaN,NaN,NaN,NaN
9,NaN,NaN,NaN,NaN,NaN,NaN,NaN,NaN
10,NaN,NaN,NaN,NaN,NaN,NaN,NaN,NaN
11,NaN,NaN,NaN,NaN,NaN,NaN,NaN,NaN
1,NaN,NaN,NaN,NaN,NaN,NaN,NaN,NaN
2,NaN,NaN,NaN,NaN,NaN,NaN,NaN,NaN
3,NaN,NaN,NaN,NaN,NaN,NaN,NaN,NaN
4,NaN,NaN,NaN,NaN,NaN,NaN,NaN,NaN
5,NaN,NaN,NaN,NaN,NaN,NaN,NaN,NaN
6,NaN,NaN,NaN,NaN,NaN,NaN,NaN,NaN
7,NaN,NaN,NaN,NaN,NaN,NaN,NaN,NaN
8,NaN,NaN,NaN,NaN,NaN,NaN,NaN,NaN
9,NaN,NaN,NaN,NaN,NaN,NaN,NaN,NaN
10,NaN,NaN,NaN,NaN,NaN,NaN,NaN,NaN
11,NaN,NaN,NaN,NaN,NaN,NaN,NaN,NaN
1,NaN,NaN,NaN,NaN,NaN,NaN,NaN,NaN
2,NaN,NaN,NaN,NaN,NaN,NaN,NaN,NaN
3,NaN,NaN,NaN,NaN,NaN,NaN,NaN,NaN
4,NaN,NaN,NaN,NaN,NaN,NaN,NaN,NaN
5,NaN,NaN,NaN,NaN,NaN,NaN,NaN,NaN
6,NaN,NaN,NaN,NaN,NaN,NaN,NaN,NaN
7,NaN,NaN,NaN,NaN,NaN,NaN,NaN,NaN
8,NaN,NaN,NaN,NaN,NaN,NaN,NaN,NaN
9,NaN,NaN,NaN,NaN,NaN,NaN,NaN,NaN
10,NaN,NaN,NaN,NaN,NaN,NaN,NaN,NaN
11,NaN,NaN,NaN,NaN,NaN,NaN,NaN,NaN
1,NaN,NaN,NaN,NaN,NaN,NaN,NaN,NaN
2,NaN,NaN,NaN,NaN,NaN,NaN,NaN,NaN
3,NaN,NaN,NaN,NaN,NaN,NaN,NaN,NaN
4,NaN,NaN,NaN,NaN,NaN,NaN,NaN,NaN
5,NaN,NaN,NaN,NaN,NaN,NaN,NaN,NaN
6,NaN,NaN,NaN,NaN,NaN,NaN,NaN,NaN
7,NaN,NaN,NaN,NaN,NaN,NaN,NaN,NaN
8,NaN,NaN,NaN,NaN,NaN,NaN,NaN,NaN
9,NaN,NaN,NaN,NaN,NaN,NaN,NaN,NaN
10,NaN,NaN,NaN,NaN,NaN,NaN,NaN,NaN
11,NaN,NaN,NaN,NaN,NaN,NaN,NaN,NaN
1,NaN,NaN,NaN,NaN,NaN,NaN,NaN,NaN
2,NaN,NaN,NaN,NaN,NaN,NaN,NaN,NaN
3,NaN,NaN,NaN,NaN,NaN,NaN,NaN,NaN
4,NaN,NaN,NaN,NaN,NaN,NaN,NaN,NaN
5,NaN,NaN,NaN,NaN,NaN,NaN,NaN,NaN
6,NaN,NaN,NaN,NaN,NaN,NaN,NaN,NaN
7,NaN,NaN,NaN,NaN,NaN,NaN,NaN,NaN
8,NaN,NaN,NaN,NaN,NaN,NaN,NaN,NaN
9,NaN,NaN,NaN,NaN,NaN,NaN,NaN,NaN
10,NaN,NaN,NaN,NaN,NaN,NaN,NaN,NaN
11,NaN,NaN,NaN,NaN,NaN,NaN,NaN,NaN
1,NaN,NaN,NaN,NaN,NaN,NaN,NaN,NaN
2,NaN,NaN,NaN,NaN,NaN,NaN,NaN,NaN
3,NaN,NaN,NaN,NaN,NaN,NaN,NaN,NaN
4,NaN,NaN,NaN,NaN,NaN,NaN,NaN,NaN
5,NaN,NaN,NaN,NaN,NaN,NaN,NaN,NaN
6,NaN,NaN,NaN,NaN,NaN,NaN,NaN,NaN
7,NaN,NaN,NaN,NaN,NaN,NaN,NaN,NaN
8,NaN,NaN,NaN,NaN,NaN,NaN,NaN,NaN
9,NaN,NaN,NaN,NaN,NaN,NaN,NaN,NaN
10,NaN,NaN,NaN,NaN,NaN,NaN,NaN,NaN
11,NaN,NaN,NaN,NaN,NaN,NaN,NaN,NaN
1,NaN,NaN,NaN,NaN,NaN,NaN,NaN,NaN
2,NaN,NaN,NaN,NaN,NaN,NaN,NaN,NaN
3,NaN,NaN,NaN,NaN,NaN,NaN,NaN,NaN
4,NaN,NaN,NaN,NaN,NaN,NaN,NaN,NaN
5,NaN,NaN,NaN,NaN,NaN,NaN,NaN,NaN
6,NaN,NaN,NaN,NaN,NaN,NaN,NaN,NaN
7,NaN,NaN,NaN,NaN,NaN,NaN,NaN,NaN
8,NaN,NaN,NaN,NaN,NaN,NaN,NaN,NaN
9,NaN,NaN,NaN,NaN,NaN,NaN,NaN,NaN
10,NaN,NaN,NaN,NaN,NaN,NaN,NaN,NaN
11,NaN,NaN,NaN,NaN,NaN,NaN,NaN,NaN
1,NaN,NaN,NaN,NaN,NaN,NaN,NaN,NaN
2,NaN,NaN,NaN,NaN,NaN,NaN,NaN,NaN
3,NaN,NaN,NaN,NaN,NaN,NaN,NaN,NaN
4,NaN,NaN,NaN,NaN,NaN,NaN,NaN,NaN
5,NaN,NaN,NaN,NaN,NaN,NaN,NaN,NaN
6,NaN,NaN,NaN,NaN,NaN,NaN,NaN,NaN
7,NaN,NaN,NaN,NaN,NaN,NaN,NaN,NaN
8,NaN,NaN,NaN,NaN,NaN,NaN,NaN,NaN
9,NaN,NaN,NaN,NaN,NaN,NaN,NaN,NaN
10,NaN,NaN,NaN,NaN,NaN,NaN,NaN,NaN
11,NaN,NaN,NaN,NaN,NaN,NaN,NaN,NaN
1,NaN,NaN,NaN,NaN,NaN,NaN,NaN,NaN
2,NaN,NaN,NaN,NaN,NaN,NaN,NaN,NaN
3,NaN,NaN,NaN,NaN,NaN,NaN,NaN,NaN
4,NaN,NaN,NaN,NaN,NaN,NaN,NaN,NaN
5,NaN,NaN,NaN,NaN,NaN,NaN,NaN,NaN
6,NaN,NaN,NaN,NaN,NaN,NaN,NaN,NaN
7,NaN,NaN,NaN,NaN,NaN,NaN,NaN,NaN
8,NaN,NaN,NaN,NaN,NaN,NaN,NaN,NaN
9,NaN,NaN,NaN,NaN,NaN,NaN,NaN,NaN
10,NaN,NaN,NaN,NaN,NaN,NaN,NaN,NaN
11,NaN,NaN,NaN,NaN,NaN,NaN,NaN,NaN
1,NaN,NaN,NaN,NaN,NaN,NaN,NaN,NaN
2,NaN,NaN,NaN,NaN,NaN,NaN,NaN,NaN
3,NaN,NaN,NaN,NaN,NaN,NaN,NaN,NaN
4,NaN,NaN,NaN,NaN,NaN,NaN,NaN,NaN
5,NaN,NaN,NaN,NaN,NaN,NaN,NaN,NaN
6,NaN,NaN,NaN,NaN,NaN,NaN,NaN,NaN
7,NaN,NaN,NaN,NaN,NaN,NaN,NaN,NaN
8,NaN,NaN,NaN,NaN,NaN,NaN,NaN,NaN
9,NaN,NaN,NaN,NaN,NaN,NaN,NaN,NaN
10,NaN,NaN,NaN,NaN,NaN,NaN,NaN,NaN
11,NaN,NaN,NaN,NaN,NaN,NaN,NaN,NaN
1,NaN,NaN,NaN,NaN,NaN,NaN,NaN,NaN
2,NaN,NaN,NaN,NaN,NaN,NaN,NaN,NaN
3,NaN,NaN,NaN,NaN,NaN,NaN,NaN,NaN
4,NaN,NaN,NaN,NaN,NaN,NaN,NaN,NaN
5,NaN,NaN,NaN,NaN,NaN,NaN,NaN,NaN
6,NaN,NaN,NaN,NaN,NaN,NaN,NaN,NaN
7,NaN,NaN,NaN,NaN,NaN,NaN,NaN,NaN
8,NaN,NaN,NaN,NaN,NaN,NaN,NaN,NaN
9,NaN,NaN,NaN,NaN,NaN,NaN,NaN,NaN
10,NaN,NaN,NaN,NaN,NaN,NaN,NaN,NaN
11,NaN,NaN,NaN,NaN,NaN,NaN,NaN,NaN
1,NaN,NaN,NaN,NaN,NaN,NaN,NaN,NaN
2,NaN,NaN,NaN,NaN,NaN,NaN,NaN,NaN
3,NaN,NaN,NaN,NaN,NaN,NaN,NaN,NaN
4,NaN,NaN,NaN,NaN,NaN,NaN,NaN,NaN
5,NaN,NaN,NaN,NaN,NaN,NaN,NaN,NaN
6,NaN,NaN,NaN,NaN,NaN,NaN,NaN,NaN
7,NaN,NaN,NaN,NaN,NaN,NaN,NaN,NaN
8,NaN,NaN,NaN,NaN,NaN,NaN,NaN,NaN
9,NaN,NaN,NaN,NaN,NaN,NaN,NaN,NaN
10,NaN,NaN,NaN,NaN,NaN,NaN,NaN,NaN
11,NaN,NaN,NaN,NaN,NaN,NaN,NaN,NaN
1,NaN,NaN,NaN,NaN,NaN,NaN,NaN,NaN
2,NaN,NaN,NaN,NaN,NaN,NaN,NaN,NaN
3,NaN,NaN,NaN,NaN,NaN,NaN,NaN,NaN
4,NaN,NaN,NaN,NaN,NaN,NaN,NaN,NaN
5,NaN,NaN,NaN,NaN,NaN,NaN,NaN,NaN
6,NaN,NaN,NaN,NaN,NaN,NaN,NaN,NaN
7,NaN,NaN,NaN,NaN,NaN,NaN,NaN,NaN
8,NaN,NaN,NaN,NaN,NaN,NaN,NaN,NaN
9,NaN,NaN,NaN,NaN,NaN,NaN,NaN,NaN
10,NaN,NaN,NaN,NaN,NaN,NaN,NaN,NaN
11,NaN,NaN,NaN,NaN,NaN,NaN,NaN,NaN
1,NaN,NaN,NaN,NaN,NaN,NaN,NaN,NaN
2,NaN,NaN,NaN,NaN,NaN,NaN,NaN,NaN
3,NaN,NaN,NaN,NaN,NaN,NaN,NaN,NaN
4,NaN,NaN,NaN,NaN,NaN,NaN,NaN,NaN
5,NaN,NaN,NaN,NaN,NaN,NaN,NaN,NaN
6,NaN,NaN,NaN,NaN,NaN,NaN,NaN,NaN
7,NaN,NaN,NaN,NaN,NaN,NaN,NaN,NaN
8,NaN,NaN,NaN,NaN,NaN,NaN,NaN,NaN
9,NaN,NaN,NaN,NaN,NaN,NaN,NaN,NaN
10,NaN,NaN,NaN,NaN,NaN,NaN,NaN,NaN
11,NaN,NaN,NaN,NaN,NaN,NaN,NaN,NaN
1,NaN,NaN,NaN,NaN,NaN,NaN,NaN,NaN
2,NaN,NaN,NaN,NaN,NaN,NaN,NaN,NaN
3,NaN,NaN,NaN,NaN,NaN,NaN,NaN,NaN
4,NaN,NaN,NaN,NaN,NaN,NaN,NaN,NaN
5,NaN,NaN,NaN,NaN,NaN,NaN,NaN,NaN
6,NaN,NaN,NaN,NaN,NaN,NaN,NaN,NaN
7,NaN,NaN,NaN,NaN,NaN,NaN,NaN,NaN
8,NaN,NaN,NaN,NaN,NaN,NaN,NaN,NaN
9,NaN,NaN,NaN,NaN,NaN,NaN,NaN,NaN
10,NaN,NaN,NaN,NaN,NaN,NaN,NaN,NaN
11,NaN,NaN,NaN,NaN,NaN,NaN,NaN,NaN
1,NaN,NaN,NaN,NaN,NaN,NaN,NaN,NaN
2,NaN,NaN,NaN,NaN,NaN,NaN,NaN,NaN
3,NaN,NaN,NaN,NaN,NaN,NaN,NaN,NaN
4,NaN,NaN,NaN,NaN,NaN,NaN,NaN,NaN
5,NaN,NaN,NaN,NaN,NaN,NaN,NaN,NaN
6,NaN,NaN,NaN,NaN,NaN,NaN,NaN,NaN
7,NaN,NaN,NaN,NaN,NaN,NaN,NaN,NaN
8,NaN,NaN,NaN,NaN,NaN,NaN,NaN,NaN
9,NaN,NaN,NaN,NaN,NaN,NaN,NaN,NaN
10,NaN,NaN,NaN,NaN,NaN,NaN,NaN,NaN
11,NaN,NaN,NaN,NaN,NaN,NaN,NaN,NaN
1,NaN,NaN,NaN,NaN,NaN,NaN,NaN,NaN
2,NaN,NaN,NaN,NaN,NaN,NaN,NaN,NaN
3,NaN,NaN,NaN,NaN,NaN,NaN,NaN,NaN
4,NaN,NaN,NaN,NaN,NaN,NaN,NaN,NaN
5,NaN,NaN,NaN,NaN,NaN,NaN,NaN,NaN
6,NaN,NaN,NaN,NaN,NaN,NaN,NaN,NaN
7,NaN,NaN,NaN,NaN,NaN,NaN,NaN,NaN
8,NaN,NaN,NaN,NaN,NaN,NaN,NaN,NaN
9,NaN,NaN,NaN,NaN,NaN,NaN,NaN,NaN
10,NaN,NaN,NaN,NaN,NaN,NaN,NaN,NaN
11,NaN,NaN,NaN,NaN,NaN,NaN,NaN,NaN
1,NaN,NaN,NaN,NaN,NaN,NaN,NaN,NaN
2,NaN,NaN,NaN,NaN,NaN,NaN,NaN,NaN
3,NaN,NaN,NaN,NaN,NaN,NaN,NaN,NaN
4,NaN,NaN,NaN,NaN,NaN,NaN,NaN,NaN
5,NaN,NaN,NaN,NaN,NaN,NaN,NaN,NaN
6,NaN,NaN,NaN,NaN,NaN,NaN,NaN,NaN
7,NaN,NaN,NaN,NaN,NaN,NaN,NaN,NaN
8,NaN,NaN,NaN,NaN,NaN,NaN,NaN,NaN
9,NaN,NaN,NaN,NaN,NaN,NaN,NaN,NaN
10,NaN,NaN,NaN,NaN,NaN,NaN,NaN,NaN
11,NaN,NaN,NaN,NaN,NaN,NaN,NaN,NaN
1,NaN,NaN,NaN,NaN,NaN,NaN,NaN,NaN
2,NaN,NaN,NaN,NaN,NaN,NaN,NaN,NaN
3,NaN,NaN,NaN,NaN,NaN,NaN,NaN,NaN
4,NaN,NaN,NaN,NaN,NaN,NaN,NaN,NaN
5,NaN,NaN,NaN,NaN,NaN,NaN,NaN,NaN
6,NaN,NaN,NaN,NaN,NaN,NaN,NaN,NaN
7,NaN,NaN,NaN,NaN,NaN,NaN,NaN,NaN
8,NaN,NaN,NaN,NaN,NaN,NaN,NaN,NaN
9,NaN,NaN,NaN,NaN,NaN,NaN,NaN,NaN
10,NaN,NaN,NaN,NaN,NaN,NaN,NaN,NaN
11,NaN,NaN,NaN,NaN,NaN,NaN,NaN,NaN
1,NaN,NaN,NaN,NaN,NaN,NaN,NaN,NaN
2,NaN,NaN,NaN,NaN,NaN,NaN,NaN,NaN
3,NaN,NaN,NaN,NaN,NaN,NaN,NaN,NaN
4,NaN,NaN,NaN,NaN,NaN,NaN,NaN,NaN
5,NaN,NaN,NaN,NaN,NaN,NaN,NaN,NaN
6,NaN,NaN,NaN,NaN,NaN,NaN,NaN,NaN
7,NaN,NaN,NaN,NaN,NaN,NaN,NaN,NaN
8,NaN,NaN,NaN,NaN,NaN,NaN,NaN,NaN
9,NaN,NaN,NaN,NaN,NaN,NaN,NaN,NaN
10,NaN,NaN,NaN,NaN,NaN,NaN,NaN,NaN
11,NaN,NaN,NaN,NaN,NaN,NaN,NaN,NaN
1,NaN,NaN,NaN,NaN,NaN,NaN,NaN,NaN
2,NaN,NaN,NaN,NaN,NaN,NaN,NaN,NaN
3,NaN,NaN,NaN,NaN,NaN,NaN,NaN,NaN
4,NaN,NaN,NaN,NaN,NaN,NaN,NaN,NaN
5,NaN,NaN,NaN,NaN,NaN,NaN,NaN,NaN
6,NaN,NaN,NaN,NaN,NaN,NaN,NaN,NaN
7,NaN,NaN,NaN,NaN,NaN,NaN,NaN,NaN
8,NaN,NaN,NaN,NaN,NaN,NaN,NaN,NaN
9,NaN,NaN,NaN,NaN,NaN,NaN,NaN,NaN
10,NaN,NaN,NaN,NaN,NaN,NaN,NaN,NaN
11,NaN,NaN,NaN,NaN,NaN,NaN,NaN,NaN
1,NaN,NaN,NaN,NaN,NaN,NaN,NaN,NaN
2,NaN,NaN,NaN,NaN,NaN,NaN,NaN,NaN
3,NaN,NaN,NaN,NaN,NaN,NaN,NaN,NaN
4,NaN,NaN,NaN,NaN,NaN,NaN,NaN,NaN
5,NaN,NaN,NaN,NaN,NaN,NaN,NaN,NaN
6,NaN,NaN,NaN,NaN,NaN,NaN,NaN,NaN
7,NaN,NaN,NaN,NaN,NaN,NaN,NaN,NaN
8,NaN,NaN,NaN,NaN,NaN,NaN,NaN,NaN
9,NaN,NaN,NaN,NaN,NaN,NaN,NaN,NaN
10,NaN,NaN,NaN,NaN,NaN,NaN,NaN,NaN
11,NaN,NaN,NaN,NaN,NaN,NaN,NaN,NaN
1,NaN,NaN,NaN,NaN,NaN,NaN,NaN,NaN
2,NaN,NaN,NaN,NaN,NaN,NaN,NaN,NaN
3,NaN,NaN,NaN,NaN,NaN,NaN,NaN,NaN
4,NaN,NaN,NaN,NaN,NaN,NaN,NaN,NaN
5,NaN,NaN,NaN,NaN,NaN,NaN,NaN,NaN
6,NaN,NaN,NaN,NaN,NaN,NaN,NaN,NaN
7,NaN,NaN,NaN,NaN,NaN,NaN,NaN,NaN
8,NaN,NaN,NaN,NaN,NaN,NaN,NaN,NaN
9,NaN,NaN,NaN,NaN,NaN,NaN,NaN,NaN
10,NaN,NaN,NaN,NaN,NaN,NaN,NaN,NaN
11,NaN,NaN,NaN,NaN,NaN,NaN,NaN,NaN
1,NaN,NaN,NaN,NaN,NaN,NaN,NaN,NaN
2,NaN,NaN,NaN,NaN,NaN,NaN,NaN,NaN
3,NaN,NaN,NaN,NaN,NaN,NaN,NaN,NaN
4,NaN,NaN,NaN,NaN,NaN,NaN,NaN,NaN
5,NaN,NaN,NaN,NaN,NaN,NaN,NaN,NaN
6,NaN,NaN,NaN,NaN,NaN,NaN,NaN,NaN
7,NaN,NaN,NaN,NaN,NaN,NaN,NaN,NaN
8,NaN,NaN,NaN,NaN,NaN,NaN,NaN,NaN
9,NaN,NaN,NaN,NaN,NaN,NaN,NaN,NaN
10,NaN,NaN,NaN,NaN,NaN,NaN,NaN,NaN
11,NaN,NaN,NaN,NaN,NaN,NaN,NaN,NaN
1,NaN,NaN,NaN,NaN,NaN,NaN,NaN,NaN
2,NaN,NaN,NaN,NaN,NaN,NaN,NaN,NaN
3,NaN,NaN,NaN,NaN,NaN,NaN,NaN,NaN
4,NaN,NaN,NaN,NaN,NaN,NaN,NaN,NaN
5,NaN,NaN,NaN,NaN,NaN,NaN,NaN,NaN
6,NaN,NaN,NaN,NaN,NaN,NaN,NaN,NaN
7,NaN,NaN,NaN,NaN,NaN,NaN,NaN,NaN
8,NaN,NaN,NaN,NaN,NaN,NaN,NaN,NaN
9,NaN,NaN,NaN,NaN,NaN,NaN,NaN,NaN
10,NaN,NaN,NaN,NaN,NaN,NaN,NaN,NaN
11,NaN,NaN,NaN,NaN,NaN,NaN,NaN,NaN
1,NaN,NaN,NaN,NaN,NaN,NaN,NaN,NaN
2,NaN,NaN,NaN,NaN,NaN,NaN,NaN,NaN
3,NaN,NaN,NaN,NaN,NaN,NaN,NaN,NaN
4,NaN,NaN,NaN,NaN,NaN,NaN,NaN,NaN
5,NaN,NaN,NaN,NaN,NaN,NaN,NaN,NaN
6,NaN,NaN,NaN,NaN,NaN,NaN,NaN,NaN
7,NaN,NaN,NaN,NaN,NaN,NaN,NaN,NaN
8,NaN,NaN,NaN,NaN,NaN,NaN,NaN,NaN
9,NaN,NaN,NaN,NaN,NaN,NaN,NaN,NaN
10,NaN,NaN,NaN,NaN,NaN,NaN,NaN,NaN
11,NaN,NaN,NaN,NaN,NaN,NaN,NaN,NaN
1,NaN,NaN,NaN,NaN,NaN,NaN,NaN,NaN
2,NaN,NaN,NaN,NaN,NaN,NaN,NaN,NaN
3,NaN,NaN,NaN,NaN,NaN,NaN,NaN,NaN
4,NaN,NaN,NaN,NaN,NaN,NaN,NaN,NaN
5,NaN,NaN,NaN,NaN,NaN,NaN,NaN,NaN
6,NaN,NaN,NaN,NaN,NaN,NaN,NaN,NaN
7,NaN,NaN,NaN,NaN,NaN,NaN,NaN,NaN
8,NaN,NaN,NaN,NaN,NaN,NaN,NaN,NaN
9,NaN,NaN,NaN,NaN,NaN,NaN,NaN,NaN
10,NaN,NaN,NaN,NaN,NaN,NaN,NaN,NaN
11,NaN,NaN,NaN,NaN,NaN,NaN,NaN,NaN
1,NaN,NaN,NaN,NaN,NaN,NaN,NaN,NaN
2,NaN,NaN,NaN,NaN,NaN,NaN,NaN,NaN
3,NaN,NaN,NaN,NaN,NaN,NaN,NaN,NaN
4,NaN,NaN,NaN,NaN,NaN,NaN,NaN,NaN
5,NaN,NaN,NaN,NaN,NaN,NaN,NaN,NaN
6,NaN,NaN,NaN,NaN,NaN,NaN,NaN,NaN
7,NaN,NaN,NaN,NaN,NaN,NaN,NaN,NaN
8,NaN,NaN,NaN,NaN,NaN,NaN,NaN,NaN
9,NaN,NaN,NaN,NaN,NaN,NaN,NaN,NaN
10,NaN,NaN,NaN,NaN,NaN,NaN,NaN,NaN
11,NaN,NaN,NaN,NaN,NaN,NaN,NaN,NaN
1,NaN,NaN,NaN,NaN,NaN,NaN,NaN,NaN
2,NaN,NaN,NaN,NaN,NaN,NaN,NaN,NaN
3,NaN,NaN,NaN,NaN,NaN,NaN,NaN,NaN
4,NaN,NaN,NaN,NaN,NaN,NaN,NaN,NaN
5,NaN,NaN,NaN,NaN,NaN,NaN,NaN,NaN
6,NaN,NaN,NaN,NaN,NaN,NaN,NaN,NaN
7,NaN,NaN,NaN,NaN,NaN,NaN,NaN,NaN
8,NaN,NaN,NaN,NaN,NaN,NaN,NaN,NaN
9,NaN,NaN,NaN,NaN,NaN,NaN,NaN,NaN
10,NaN,NaN,NaN,NaN,NaN,NaN,NaN,NaN
11,NaN,NaN,NaN,NaN,NaN,NaN,NaN,NaN
1,NaN,NaN,NaN,NaN,NaN,NaN,NaN,NaN
2,NaN,NaN,NaN,NaN,NaN,NaN,NaN,NaN
3,NaN,NaN,NaN,NaN,NaN,NaN,NaN,NaN
4,NaN,NaN,NaN,NaN,NaN,NaN,NaN,NaN
5,NaN,NaN,NaN,NaN,NaN,NaN,NaN,NaN
6,NaN,NaN,NaN,NaN,NaN,NaN,NaN,NaN
7,NaN,NaN,NaN,NaN,NaN,NaN,NaN,NaN
8,NaN,NaN,NaN,NaN,NaN,NaN,NaN,NaN
9,NaN,NaN,NaN,NaN,NaN,NaN,NaN,NaN
10,NaN,NaN,NaN,NaN,NaN,NaN,NaN,NaN
11,NaN,NaN,NaN,NaN,NaN,NaN,NaN,NaN
1,NaN,NaN,NaN,NaN,NaN,NaN,NaN,NaN
2,NaN,NaN,NaN,NaN,NaN,NaN,NaN,NaN
3,NaN,NaN,NaN,NaN,NaN,NaN,NaN,NaN
4,NaN,NaN,NaN,NaN,NaN,NaN,NaN,NaN
5,NaN,NaN,NaN,NaN,NaN,NaN,NaN,NaN
6,NaN,NaN,NaN,NaN,NaN,NaN,NaN,NaN
7,NaN,NaN,NaN,NaN,NaN,NaN,NaN,NaN
8,NaN,NaN,NaN,NaN,NaN,NaN,NaN,NaN
9,NaN,NaN,NaN,NaN,NaN,NaN,NaN,NaN
10,NaN,NaN,NaN,NaN,NaN,NaN,NaN,NaN
11,NaN,NaN,NaN,NaN,NaN,NaN,NaN,NaN
1,NaN,NaN,NaN,NaN,NaN,NaN,NaN,NaN
2,NaN,NaN,NaN,NaN,NaN,NaN,NaN,NaN
3,NaN,NaN,NaN,NaN,NaN,NaN,NaN,NaN
4,NaN,NaN,NaN,NaN,NaN,NaN,NaN,NaN
5,NaN,NaN,NaN,NaN,NaN,NaN,NaN,NaN
6,NaN,NaN,NaN,NaN,NaN,NaN,NaN,NaN
7,NaN,NaN,NaN,NaN,NaN,NaN,NaN,NaN
8,NaN,NaN,NaN,NaN,NaN,NaN,NaN,NaN
9,NaN,NaN,NaN,NaN,NaN,NaN,NaN,NaN
10,NaN,NaN,NaN,NaN,NaN,NaN,NaN,NaN
11,NaN,NaN,NaN,NaN,NaN,NaN,NaN,NaN
1,NaN,NaN,NaN,NaN,NaN,NaN,NaN,NaN
2,NaN,NaN,NaN,NaN,NaN,NaN,NaN,NaN
3,NaN,NaN,NaN,NaN,NaN,NaN,NaN,NaN
4,NaN,NaN,NaN,NaN,NaN,NaN,NaN,NaN
5,NaN,NaN,NaN,NaN,NaN,NaN,NaN,NaN
6,NaN,NaN,NaN,NaN,NaN,NaN,NaN,NaN
7,NaN,NaN,NaN,NaN,NaN,NaN,NaN,NaN
8,NaN,NaN,NaN,NaN,NaN,NaN,NaN,NaN
9,NaN,NaN,NaN,NaN,NaN,NaN,NaN,NaN
10,NaN,NaN,NaN,NaN,NaN,NaN,NaN,NaN
11,NaN,NaN,NaN,NaN,NaN,NaN,NaN,NaN
1,NaN,NaN,NaN,NaN,NaN,NaN,NaN,NaN
2,NaN,NaN,NaN,NaN,NaN,NaN,NaN,NaN
3,NaN,NaN,NaN,NaN,NaN,NaN,NaN,NaN
4,NaN,NaN,NaN,NaN,NaN,NaN,NaN,NaN
5,NaN,NaN,NaN,NaN,NaN,NaN,NaN,NaN
6,NaN,NaN,NaN,NaN,NaN,NaN,NaN,NaN
7,NaN,NaN,NaN,NaN,NaN,NaN,NaN,NaN
8,NaN,NaN,NaN,NaN,NaN,NaN,NaN,NaN
9,NaN,NaN,NaN,NaN,NaN,NaN,NaN,NaN
10,NaN,NaN,NaN,NaN,NaN,NaN,NaN,NaN
11,NaN,NaN,NaN,NaN,NaN,NaN,NaN,NaN
1,NaN,NaN,NaN,NaN,NaN,NaN,NaN,NaN
2,NaN,NaN,NaN,NaN,NaN,NaN,NaN,NaN
3,NaN,NaN,NaN,NaN,NaN,NaN,NaN,NaN
4,NaN,NaN,NaN,NaN,NaN,NaN,NaN,NaN
5,NaN,NaN,NaN,NaN,NaN,NaN,NaN,NaN
6,NaN,NaN,NaN,NaN,NaN,NaN,NaN,NaN
7,NaN,NaN,NaN,NaN,NaN,NaN,NaN,NaN
8,NaN,NaN,NaN,NaN,NaN,NaN,NaN,NaN
9,NaN,NaN,NaN,NaN,NaN,NaN,NaN,NaN
10,NaN,NaN,NaN,NaN,NaN,NaN,NaN,NaN
11,NaN,NaN,NaN,NaN,NaN,NaN,NaN,NaN
1,NaN,NaN,NaN,NaN,NaN,NaN,NaN,NaN
2,NaN,NaN,NaN,NaN,NaN,NaN,NaN,NaN
3,NaN,NaN,NaN,NaN,NaN,NaN,NaN,NaN
4,NaN,NaN,NaN,NaN,NaN,NaN,NaN,NaN
5,NaN,NaN,NaN,NaN,NaN,NaN,NaN,NaN
6,NaN,NaN,NaN,NaN,NaN,NaN,NaN,NaN
7,NaN,NaN,NaN,NaN,NaN,NaN,NaN,NaN
8,NaN,NaN,NaN,NaN,NaN,NaN,NaN,NaN
9,NaN,NaN,NaN,NaN,NaN,NaN,NaN,NaN
10,NaN,NaN,NaN,NaN,NaN,NaN,NaN,NaN
11,NaN,NaN,NaN,NaN,NaN,NaN,NaN,NaN
1,NaN,NaN,NaN,NaN,NaN,NaN,NaN,NaN
2,NaN,NaN,NaN,NaN,NaN,NaN,NaN,NaN
3,NaN,NaN,NaN,NaN,NaN,NaN,NaN,NaN
4,NaN,NaN,NaN,NaN,NaN,NaN,NaN,NaN
5,NaN,NaN,NaN,NaN,NaN,NaN,NaN,NaN
6,NaN,NaN,NaN,NaN,NaN,NaN,NaN,NaN
7,NaN,NaN,NaN,NaN,NaN,NaN,NaN,NaN
8,NaN,NaN,NaN,NaN,NaN,NaN,NaN,NaN
9,NaN,NaN,NaN,NaN,NaN,NaN,NaN,NaN
10,NaN,NaN,NaN,NaN,NaN,NaN,NaN,NaN
11,NaN,NaN,NaN,NaN,NaN,NaN,NaN,NaN
1,NaN,NaN,NaN,NaN,NaN,NaN,NaN,NaN
2,NaN,NaN,NaN,NaN,NaN,NaN,NaN,NaN
3,NaN,NaN,NaN,NaN,NaN,NaN,NaN,NaN
4,NaN,NaN,NaN,NaN,NaN,NaN,NaN,NaN
5,NaN,NaN,NaN,NaN,NaN,NaN,NaN,NaN
6,NaN,NaN,NaN,NaN,NaN,NaN,NaN,NaN
7,NaN,NaN,NaN,NaN,NaN,NaN,NaN,NaN
8,NaN,NaN,NaN,NaN,NaN,NaN,NaN,NaN
9,NaN,NaN,NaN,NaN,NaN,NaN,NaN,NaN
10,NaN,NaN,NaN,NaN,NaN,NaN,NaN,NaN
11,NaN,NaN,NaN,NaN,NaN,NaN,NaN,NaN
1,NaN,NaN,NaN,NaN,NaN,NaN,NaN,NaN
2,NaN,NaN,NaN,NaN,NaN,NaN,NaN,NaN
3,NaN,NaN,NaN,NaN,NaN,NaN,NaN,NaN
4,NaN,NaN,NaN,NaN,NaN,NaN,NaN,NaN
5,NaN,NaN,NaN,NaN,NaN,NaN,NaN,NaN
6,NaN,NaN,NaN,NaN,NaN,NaN,NaN,NaN
7,NaN,NaN,NaN,NaN,NaN,NaN,NaN,NaN
8,NaN,NaN,NaN,NaN,NaN,NaN,NaN,NaN
9,NaN,NaN,NaN,NaN,NaN,NaN,NaN,NaN
10,NaN,NaN,NaN,NaN,NaN,NaN,NaN,NaN
11,NaN,NaN,NaN,NaN,NaN,NaN,NaN,NaN
1,NaN,NaN,NaN,NaN,NaN,NaN,NaN,NaN
2,NaN,NaN,NaN,NaN,NaN,NaN,NaN,NaN
3,NaN,NaN,NaN,NaN,NaN,NaN,NaN,NaN
4,NaN,NaN,NaN,NaN,NaN,NaN,NaN,NaN
5,NaN,NaN,NaN,NaN,NaN,NaN,NaN,NaN
6,NaN,NaN,NaN,NaN,NaN,NaN,NaN,NaN
7,NaN,NaN,NaN,NaN,NaN,NaN,NaN,NaN
8,NaN,NaN,NaN,NaN,NaN,NaN,NaN,NaN
9,NaN,NaN,NaN,NaN,NaN,NaN,NaN,NaN
10,NaN,NaN,NaN,NaN,NaN,NaN,NaN,NaN
11,NaN,NaN,NaN,NaN,NaN,NaN,NaN,NaN
1,NaN,NaN,NaN,NaN,NaN,NaN,NaN,NaN
2,NaN,NaN,NaN,NaN,NaN,NaN,NaN,NaN
3,NaN,NaN,NaN,NaN,NaN,NaN,NaN,NaN
4,NaN,NaN,NaN,NaN,NaN,NaN,NaN,NaN
5,NaN,NaN,NaN,NaN,NaN,NaN,NaN,NaN
6,NaN,NaN,NaN,NaN,NaN,NaN,NaN,NaN
7,NaN,NaN,NaN,NaN,NaN,NaN,NaN,NaN
8,NaN,NaN,NaN,NaN,NaN,NaN,NaN,NaN
9,NaN,NaN,NaN,NaN,NaN,NaN,NaN,NaN
10,NaN,NaN,NaN,NaN,NaN,NaN,NaN,NaN
11,NaN,NaN,NaN,NaN,NaN,NaN,NaN,NaN
1,NaN,NaN,NaN,NaN,NaN,NaN,NaN,NaN
2,NaN,NaN,NaN,NaN,NaN,NaN,NaN,NaN
3,NaN,NaN,NaN,NaN,NaN,NaN,NaN,NaN
4,NaN,NaN,NaN,NaN,NaN,NaN,NaN,NaN
5,NaN,NaN,NaN,NaN,NaN,NaN,NaN,NaN
6,NaN,NaN,NaN,NaN,NaN,NaN,NaN,NaN
7,NaN,NaN,NaN,NaN,NaN,NaN,NaN,NaN
8,NaN,NaN,NaN,NaN,NaN,NaN,NaN,NaN
9,NaN,NaN,NaN,NaN,NaN,NaN,NaN,NaN
10,NaN,NaN,NaN,NaN,NaN,NaN,NaN,NaN
11,NaN,NaN,NaN,NaN,NaN,NaN,NaN,NaN
1,NaN,NaN,NaN,NaN,NaN,NaN,NaN,NaN
2,NaN,NaN,NaN,NaN,NaN,NaN,NaN,NaN
3,NaN,NaN,NaN,NaN,NaN,NaN,NaN,NaN
4,NaN,NaN,NaN,NaN,NaN,NaN,NaN,NaN
5,NaN,NaN,NaN,NaN,NaN,NaN,NaN,NaN
6,NaN,NaN,NaN,NaN,NaN,NaN,NaN,NaN
7,NaN,NaN,NaN,NaN,NaN,NaN,NaN,NaN
8,NaN,NaN,NaN,NaN,NaN,NaN,NaN,NaN
9,NaN,NaN,NaN,NaN,NaN,NaN,NaN,NaN
10,NaN,NaN,NaN,NaN,NaN,NaN,NaN,NaN
11,NaN,NaN,NaN,NaN,NaN,NaN,NaN,NaN
1,NaN,NaN,NaN,NaN,NaN,NaN,NaN,NaN
2,NaN,NaN,NaN,NaN,NaN,NaN,NaN,NaN
3,NaN,NaN,NaN,NaN,NaN,NaN,NaN,NaN
4,NaN,NaN,NaN,NaN,NaN,NaN,NaN,NaN
5,NaN,NaN,NaN,NaN,NaN,NaN,NaN,NaN
6,NaN,NaN,NaN,NaN,NaN,NaN,NaN,NaN
7,NaN,NaN,NaN,NaN,NaN,NaN,NaN,NaN
8,NaN,NaN,NaN,NaN,NaN,NaN,NaN,NaN
9,NaN,NaN,NaN,NaN,NaN,NaN,NaN,NaN
10,NaN,NaN,NaN,NaN,NaN,NaN,NaN,NaN
11,NaN,NaN,NaN,NaN,NaN,NaN,NaN,NaN
1,NaN,NaN,NaN,NaN,NaN,NaN,NaN,NaN
2,NaN,NaN,NaN,NaN,NaN,NaN,NaN,NaN
3,NaN,NaN,NaN,NaN,NaN,NaN,NaN,NaN
4,NaN,NaN,NaN,NaN,NaN,NaN,NaN,NaN
5,NaN,NaN,NaN,NaN,NaN,NaN,NaN,NaN
6,NaN,NaN,NaN,NaN,NaN,NaN,NaN,NaN
7,NaN,NaN,NaN,NaN,NaN,NaN,NaN,NaN
8,NaN,NaN,NaN,NaN,NaN,NaN,NaN,NaN
9,NaN,NaN,NaN,NaN,NaN,NaN,NaN,NaN
10,NaN,NaN,NaN,NaN,NaN,NaN,NaN,NaN
11,NaN,NaN,NaN,NaN,NaN,NaN,NaN,NaN
1,NaN,NaN,NaN,NaN,NaN,NaN,NaN,NaN
2,NaN,NaN,NaN,NaN,NaN,NaN,NaN,NaN
3,NaN,NaN,NaN,NaN,NaN,NaN,NaN,NaN
4,NaN,NaN,NaN,NaN,NaN,NaN,NaN,NaN
5,NaN,NaN,NaN,NaN,NaN,NaN,NaN,NaN
6,NaN,NaN,NaN,NaN,NaN,NaN,NaN,NaN
7,NaN,NaN,NaN,NaN,NaN,NaN,NaN,NaN
8,NaN,NaN,NaN,NaN,NaN,NaN,NaN,NaN
9,NaN,NaN,NaN,NaN,NaN,NaN,NaN,NaN
10,NaN,NaN,NaN,NaN,NaN,NaN,NaN,NaN
11,NaN,NaN,NaN,NaN,NaN,NaN,NaN,NaN
1,NaN,NaN,NaN,NaN,NaN,NaN,NaN,NaN
2,NaN,NaN,NaN,NaN,NaN,NaN,NaN,NaN
3,NaN,NaN,NaN,NaN,NaN,NaN,NaN,NaN
4,NaN,NaN,NaN,NaN,NaN,NaN,NaN,NaN
5,NaN,NaN,NaN,NaN,NaN,NaN,NaN,NaN
6,NaN,NaN,NaN,NaN,NaN,NaN,NaN,NaN
7,NaN,NaN,NaN,NaN,NaN,NaN,NaN,NaN
8,NaN,NaN,NaN,NaN,NaN,NaN,NaN,NaN
9,NaN,NaN,NaN,NaN,NaN,NaN,NaN,NaN
10,NaN,NaN,NaN,NaN,NaN,NaN,NaN,NaN
11,NaN,NaN,NaN,NaN,NaN,NaN,NaN,NaN
1,NaN,NaN,NaN,NaN,NaN,NaN,NaN,NaN
2,NaN,NaN,NaN,NaN,NaN,NaN,NaN,NaN
3,NaN,NaN,NaN,NaN,NaN,NaN,NaN,NaN
4,NaN,NaN,NaN,NaN,NaN,NaN,NaN,NaN
5,NaN,NaN,NaN,NaN,NaN,NaN,NaN,NaN
6,NaN,NaN,NaN,NaN,NaN,NaN,NaN,NaN
7,NaN,NaN,NaN,NaN,NaN,NaN,NaN,NaN
8,NaN,NaN,NaN,NaN,NaN,NaN,NaN,NaN
9,NaN,NaN,NaN,NaN,NaN,NaN,NaN,NaN
10,NaN,NaN,NaN,NaN,NaN,NaN,NaN,NaN
11,NaN,NaN,NaN,NaN,NaN,NaN,NaN,NaN
1,NaN,NaN,NaN,NaN,NaN,NaN,NaN,NaN
2,NaN,NaN,NaN,NaN,NaN,NaN,NaN,NaN
3,NaN,NaN,NaN,NaN,NaN,NaN,NaN,NaN
4,NaN,NaN,NaN,NaN,NaN,NaN,NaN,NaN
5,NaN,NaN,NaN,NaN,NaN,NaN,NaN,NaN
6,NaN,NaN,NaN,NaN,NaN,NaN,NaN,NaN
7,NaN,NaN,NaN,NaN,NaN,NaN,NaN,NaN
8,NaN,NaN,NaN,NaN,NaN,NaN,NaN,NaN
9,NaN,NaN,NaN,NaN,NaN,NaN,NaN,NaN
10,NaN,NaN,NaN,NaN,NaN,NaN,NaN,NaN
11,NaN,NaN,NaN,NaN,NaN,NaN,NaN,NaN
1,NaN,NaN,NaN,NaN,NaN,NaN,NaN,NaN
2,NaN,NaN,NaN,NaN,NaN,NaN,NaN,NaN
3,NaN,NaN,NaN,NaN,NaN,NaN,NaN,NaN
4,NaN,NaN,NaN,NaN,NaN,NaN,NaN,NaN
5,NaN,NaN,NaN,NaN,NaN,NaN,NaN,NaN
6,NaN,NaN,NaN,NaN,NaN,NaN,NaN,NaN
7,NaN,NaN,NaN,NaN,NaN,NaN,NaN,NaN
8,NaN,NaN,NaN,NaN,NaN,NaN,NaN,NaN
9,NaN,NaN,NaN,NaN,NaN,NaN,NaN,NaN
10,NaN,NaN,NaN,NaN,NaN,NaN,NaN,NaN
11,NaN,NaN,NaN,NaN,NaN,NaN,NaN,NaN
1,NaN,NaN,NaN,NaN,NaN,NaN,NaN,NaN
2,NaN,NaN,NaN,NaN,NaN,NaN,NaN,NaN
3,NaN,NaN,NaN,NaN,NaN,NaN,NaN,NaN
4,NaN,NaN,NaN,NaN,NaN,NaN,NaN,NaN
5,NaN,NaN,NaN,NaN,NaN,NaN,NaN,NaN
6,NaN,NaN,NaN,NaN,NaN,NaN,NaN,NaN
7,NaN,NaN,NaN,NaN,NaN,NaN,NaN,NaN
8,NaN,NaN,NaN,NaN,NaN,NaN,NaN,NaN
9,NaN,NaN,NaN,NaN,NaN,NaN,NaN,NaN
10,NaN,NaN,NaN,NaN,NaN,NaN,NaN,NaN
11,NaN,NaN,NaN,NaN,NaN,NaN,NaN,NaN
1,NaN,NaN,NaN,NaN,NaN,NaN,NaN,NaN
2,NaN,NaN,NaN,NaN,NaN,NaN,NaN,NaN
3,NaN,NaN,NaN,NaN,NaN,NaN,NaN,NaN
4,NaN,NaN,NaN,NaN,NaN,NaN,NaN,NaN
5,NaN,NaN,NaN,NaN,NaN,NaN,NaN,NaN
6,NaN,NaN,NaN,NaN,NaN,NaN,NaN,NaN
7,NaN,NaN,NaN,NaN,NaN,NaN,NaN,NaN
8,NaN,NaN,NaN,NaN,NaN,NaN,NaN,NaN
9,NaN,NaN,NaN,NaN,NaN,NaN,NaN,NaN
10,NaN,NaN,NaN,NaN,NaN,NaN,NaN,NaN
11,NaN,NaN,NaN,NaN,NaN,NaN,NaN,NaN
1,NaN,NaN,NaN,NaN,NaN,NaN,NaN,NaN
2,NaN,NaN,NaN,NaN,NaN,NaN,NaN,NaN
3,NaN,NaN,NaN,NaN,NaN,NaN,NaN,NaN
4,NaN,NaN,NaN,NaN,NaN,NaN,NaN,NaN
5,NaN,NaN,NaN,NaN,NaN,NaN,NaN,NaN
6,NaN,NaN,NaN,NaN,NaN,NaN,NaN,NaN
7,NaN,NaN,NaN,NaN,NaN,NaN,NaN,NaN
8,NaN,NaN,NaN,NaN,NaN,NaN,NaN,NaN
9,NaN,NaN,NaN,NaN,NaN,NaN,NaN,NaN
10,NaN,NaN,NaN,NaN,NaN,NaN,NaN,NaN
11,NaN,NaN,NaN,NaN,NaN,NaN,NaN,NaN
1,NaN,NaN,NaN,NaN,NaN,NaN,NaN,NaN
2,NaN,NaN,NaN,NaN,NaN,NaN,NaN,NaN
3,NaN,NaN,NaN,NaN,NaN,NaN,NaN,NaN
4,NaN,NaN,NaN,NaN,NaN,NaN,NaN,NaN
5,NaN,NaN,NaN,NaN,NaN,NaN,NaN,NaN
6,NaN,NaN,NaN,NaN,NaN,NaN,NaN,NaN
7,NaN,NaN,NaN,NaN,NaN,NaN,NaN,NaN
8,NaN,NaN,NaN,NaN,NaN,NaN,NaN,NaN
9,NaN,NaN,NaN,NaN,NaN,NaN,NaN,NaN
10,NaN,NaN,NaN,NaN,NaN,NaN,NaN,NaN
11,NaN,NaN,NaN,NaN,NaN,NaN,NaN,NaN
1,NaN,NaN,NaN,NaN,NaN,NaN,NaN,NaN
2,NaN,NaN,NaN,NaN,NaN,NaN,NaN,NaN
3,NaN,NaN,NaN,NaN,NaN,NaN,NaN,NaN
4,NaN,NaN,NaN,NaN,NaN,NaN,NaN,NaN
5,NaN,NaN,NaN,NaN,NaN,NaN,NaN,NaN
6,NaN,NaN,NaN,NaN,NaN,NaN,NaN,NaN
7,NaN,NaN,NaN,NaN,NaN,NaN,NaN,NaN
8,NaN,NaN,NaN,NaN,NaN,NaN,NaN,NaN
9,NaN,NaN,NaN,NaN,NaN,NaN,NaN,NaN
10,NaN,NaN,NaN,NaN,NaN,NaN,NaN,NaN
11,NaN,NaN,NaN,NaN,NaN,NaN,NaN,NaN
1,NaN,NaN,NaN,NaN,NaN,NaN,NaN,NaN
2,NaN,NaN,NaN,NaN,NaN,NaN,NaN,NaN
3,NaN,NaN,NaN,NaN,NaN,NaN,NaN,NaN
4,NaN,NaN,NaN,NaN,NaN,NaN,NaN,NaN
5,NaN,NaN,NaN,NaN,NaN,NaN,NaN,NaN
6,NaN,NaN,NaN,NaN,NaN,NaN,NaN,NaN
7,NaN,NaN,NaN,NaN,NaN,NaN,NaN,NaN
8,NaN,NaN,NaN,NaN,NaN,NaN,NaN,NaN
9,NaN,NaN,NaN,NaN,NaN,NaN,NaN,NaN
10,NaN,NaN,NaN,NaN,NaN,NaN,NaN,NaN
11,NaN,NaN,NaN,NaN,NaN,NaN,NaN,NaN
1,NaN,NaN,NaN,NaN,NaN,NaN,NaN,NaN
2,NaN,NaN,NaN,NaN,NaN,NaN,NaN,NaN
3,NaN,NaN,NaN,NaN,NaN,NaN,NaN,NaN
4,NaN,NaN,NaN,NaN,NaN,NaN,NaN,NaN
5,NaN,NaN,NaN,NaN,NaN,NaN,NaN,NaN
6,NaN,NaN,NaN,NaN,NaN,NaN,NaN,NaN
7,NaN,NaN,NaN,NaN,NaN,NaN,NaN,NaN
8,NaN,NaN,NaN,NaN,NaN,NaN,NaN,NaN
9,NaN,NaN,NaN,NaN,NaN,NaN,NaN,NaN
10,NaN,NaN,NaN,NaN,NaN,NaN,NaN,NaN
11,NaN,NaN,NaN,NaN,NaN,NaN,NaN,NaN
1,NaN,NaN,NaN,NaN,NaN,NaN,NaN,NaN
2,NaN,NaN,NaN,NaN,NaN,NaN,NaN,NaN
3,NaN,NaN,NaN,NaN,NaN,NaN,NaN,NaN
4,NaN,NaN,NaN,NaN,NaN,NaN,NaN,NaN
5,NaN,NaN,NaN,NaN,NaN,NaN,NaN,NaN
6,NaN,NaN,NaN,NaN,NaN,NaN,NaN,NaN
7,NaN,NaN,NaN,NaN,NaN,NaN,NaN,NaN
8,NaN,NaN,NaN,NaN,NaN,NaN,NaN,NaN
9,NaN,NaN,NaN,NaN,NaN,NaN,NaN,NaN
10,NaN,NaN,NaN,NaN,NaN,NaN,NaN,NaN
11,NaN,NaN,NaN,NaN,NaN,NaN,NaN,NaN
1,NaN,NaN,NaN,NaN,NaN,NaN,NaN,NaN
2,NaN,NaN,NaN,NaN,NaN,NaN,NaN,NaN
3,NaN,NaN,NaN,NaN,NaN,NaN,NaN,NaN
4,NaN,NaN,NaN,NaN,NaN,NaN,NaN,NaN
5,NaN,NaN,NaN,NaN,NaN,NaN,NaN,NaN
6,NaN,NaN,NaN,NaN,NaN,NaN,NaN,NaN
7,NaN,NaN,NaN,NaN,NaN,NaN,NaN,NaN
8,NaN,NaN,NaN,NaN,NaN,NaN,NaN,NaN
9,NaN,NaN,NaN,NaN,NaN,NaN,NaN,NaN
10,NaN,NaN,NaN,NaN,NaN,NaN,NaN,NaN
11,NaN,NaN,NaN,NaN,NaN,NaN,NaN,NaN
1,NaN,NaN,NaN,NaN,NaN,NaN,NaN,NaN
2,NaN,NaN,NaN,NaN,NaN,NaN,NaN,NaN
3,NaN,NaN,NaN,NaN,NaN,NaN,NaN,NaN
4,NaN,NaN,NaN,NaN,NaN,NaN,NaN,NaN
5,NaN,NaN,NaN,NaN,NaN,NaN,NaN,NaN
6,NaN,NaN,NaN,NaN,NaN,NaN,NaN,NaN
7,NaN,NaN,NaN,NaN,NaN,NaN,NaN,NaN
8,NaN,NaN,NaN,NaN,NaN,NaN,NaN,NaN
9,NaN,NaN,NaN,NaN,NaN,NaN,NaN,NaN
10,NaN,NaN,NaN,NaN,NaN,NaN,NaN,NaN
11,NaN,NaN,NaN,NaN,NaN,NaN,NaN,NaN
1,NaN,NaN,NaN,NaN,NaN,NaN,NaN,NaN
2,NaN,NaN,NaN,NaN,NaN,NaN,NaN,NaN
3,NaN,NaN,NaN,NaN,NaN,NaN,NaN,NaN
4,NaN,NaN,NaN,NaN,NaN,NaN,NaN,NaN
5,NaN,NaN,NaN,NaN,NaN,NaN,NaN,NaN
6,NaN,NaN,NaN,NaN,NaN,NaN,NaN,NaN
7,NaN,NaN,NaN,NaN,NaN,NaN,NaN,NaN
8,NaN,NaN,NaN,NaN,NaN,NaN,NaN,NaN
9,NaN,NaN,NaN,NaN,NaN,NaN,NaN,NaN
10,NaN,NaN,NaN,NaN,NaN,NaN,NaN,NaN
11,NaN,NaN,NaN,NaN,NaN,NaN,NaN,NaN
1,NaN,NaN,NaN,NaN,NaN,NaN,NaN,NaN
2,NaN,NaN,NaN,NaN,NaN,NaN,NaN,NaN
3,NaN,NaN,NaN,NaN,NaN,NaN,NaN,NaN
4,NaN,NaN,NaN,NaN,NaN,NaN,NaN,NaN
5,NaN,NaN,NaN,NaN,NaN,NaN,NaN,NaN
6,NaN,NaN,NaN,NaN,NaN,NaN,NaN,NaN
7,NaN,NaN,NaN,NaN,NaN,NaN,NaN,NaN
8,NaN,NaN,NaN,NaN,NaN,NaN,NaN,NaN
9,NaN,NaN,NaN,NaN,NaN,NaN,NaN,NaN
10,NaN,NaN,NaN,NaN,NaN,NaN,NaN,NaN
11,NaN,NaN,NaN,NaN,NaN,NaN,NaN,NaN
1,NaN,NaN,NaN,NaN,NaN,NaN,NaN,NaN
2,NaN,NaN,NaN,NaN,NaN,NaN,NaN,NaN
3,NaN,NaN,NaN,NaN,NaN,NaN,NaN,NaN
4,NaN,NaN,NaN,NaN,NaN,NaN,NaN,NaN
5,NaN,NaN,NaN,NaN,NaN,NaN,NaN,NaN
6,NaN,NaN,NaN,NaN,NaN,NaN,NaN,NaN
7,NaN,NaN,NaN,NaN,NaN,NaN,NaN,NaN
8,NaN,NaN,NaN,NaN,NaN,NaN,NaN,NaN
9,NaN,NaN,NaN,NaN,NaN,NaN,NaN,NaN
10,NaN,NaN,NaN,NaN,NaN,NaN,NaN,NaN
11,NaN,NaN,NaN,NaN,NaN,NaN,NaN,NaN
1,NaN,NaN,NaN,NaN,NaN,NaN,NaN,NaN
2,NaN,NaN,NaN,NaN,NaN,NaN,NaN,NaN
3,NaN,NaN,NaN,NaN,NaN,NaN,NaN,NaN
4,NaN,NaN,NaN,NaN,NaN,NaN,NaN,NaN
5,NaN,NaN,NaN,NaN,NaN,NaN,NaN,NaN
6,NaN,NaN,NaN,NaN,NaN,NaN,NaN,NaN
7,NaN,NaN,NaN,NaN,NaN,NaN,NaN,NaN
8,NaN,NaN,NaN,NaN,NaN,NaN,NaN,NaN
9,NaN,NaN,NaN,NaN,NaN,NaN,NaN,NaN
10,NaN,NaN,NaN,NaN,NaN,NaN,NaN,NaN
11,NaN,NaN,NaN,NaN,NaN,NaN,NaN,NaN
1,NaN,NaN,NaN,NaN,NaN,NaN,NaN,NaN
2,NaN,NaN,NaN,NaN,NaN,NaN,NaN,NaN
3,NaN,NaN,NaN,NaN,NaN,NaN,NaN,NaN
4,NaN,NaN,NaN,NaN,NaN,NaN,NaN,NaN
5,NaN,NaN,NaN,NaN,NaN,NaN,NaN,NaN
6,NaN,NaN,NaN,NaN,NaN,NaN,NaN,NaN
7,NaN,NaN,NaN,NaN,NaN,NaN,NaN,NaN
8,NaN,NaN,NaN,NaN,NaN,NaN,NaN,NaN
9,NaN,NaN,NaN,NaN,NaN,NaN,NaN,NaN
10,NaN,NaN,NaN,NaN,NaN,NaN,NaN,NaN
11,NaN,NaN,NaN,NaN,NaN,NaN,NaN,NaN
1,NaN,NaN,NaN,NaN,NaN,NaN,NaN,NaN
2,NaN,NaN,NaN,NaN,NaN,NaN,NaN,NaN
3,NaN,NaN,NaN,NaN,NaN,NaN,NaN,NaN
4,NaN,NaN,NaN,NaN,NaN,NaN,NaN,NaN
5,NaN,NaN,NaN,NaN,NaN,NaN,NaN,NaN
6,NaN,NaN,NaN,NaN,NaN,NaN,NaN,NaN
7,NaN,NaN,NaN,NaN,NaN,NaN,NaN,NaN
8,NaN,NaN,NaN,NaN,NaN,NaN,NaN,NaN
9,NaN,NaN,NaN,NaN,NaN,NaN,NaN,NaN
10,NaN,NaN,NaN,NaN,NaN,NaN,NaN,NaN
11,NaN,NaN,NaN,NaN,NaN,NaN,NaN,NaN
1,NaN,NaN,NaN,NaN,NaN,NaN,NaN,NaN
2,NaN,NaN,NaN,NaN,NaN,NaN,NaN,NaN
3,NaN,NaN,NaN,NaN,NaN,NaN,NaN,NaN
4,NaN,NaN,NaN,NaN,NaN,NaN,NaN,NaN
5,NaN,NaN,NaN,NaN,NaN,NaN,NaN,NaN
6,NaN,NaN,NaN,NaN,NaN,NaN,NaN,NaN
7,NaN,NaN,NaN,NaN,NaN,NaN,NaN,NaN
8,NaN,NaN,NaN,NaN,NaN,NaN,NaN,NaN
9,NaN,NaN,NaN,NaN,NaN,NaN,NaN,NaN
10,NaN,NaN,NaN,NaN,NaN,NaN,NaN,NaN
11,NaN,NaN,NaN,NaN,NaN,NaN,NaN,NaN
1,NaN,NaN,NaN,NaN,NaN,NaN,NaN,NaN
2,NaN,NaN,NaN,NaN,NaN,NaN,NaN,NaN
3,NaN,NaN,NaN,NaN,NaN,NaN,NaN,NaN
4,NaN,NaN,NaN,NaN,NaN,NaN,NaN,NaN
5,NaN,NaN,NaN,NaN,NaN,NaN,NaN,NaN
6,NaN,NaN,NaN,NaN,NaN,NaN,NaN,NaN
7,NaN,NaN,NaN,NaN,NaN,NaN,NaN,NaN
8,NaN,NaN,NaN,NaN,NaN,NaN,NaN,NaN
9,NaN,NaN,NaN,NaN,NaN,NaN,NaN,NaN
10,NaN,NaN,NaN,NaN,NaN,NaN,NaN,NaN
11,NaN,NaN,NaN,NaN,NaN,NaN,NaN,NaN
1,NaN,NaN,NaN,NaN,NaN,NaN,NaN,NaN
2,NaN,NaN,NaN,NaN,NaN,NaN,NaN,NaN
3,NaN,NaN,NaN,NaN,NaN,NaN,NaN,NaN
4,NaN,NaN,NaN,NaN,NaN,NaN,NaN,NaN
5,NaN,NaN,NaN,NaN,NaN,NaN,NaN,NaN
6,NaN,NaN,NaN,NaN,NaN,NaN,NaN,NaN
7,NaN,NaN,NaN,NaN,NaN,NaN,NaN,NaN
8,NaN,NaN,NaN,NaN,NaN,NaN,NaN,NaN
9,NaN,NaN,NaN,NaN,NaN,NaN,NaN,NaN
10,NaN,NaN,NaN,NaN,NaN,NaN,NaN,NaN
11,NaN,NaN,NaN,NaN,NaN,NaN,NaN,NaN
1,NaN,NaN,NaN,NaN,NaN,NaN,NaN,NaN
2,NaN,NaN,NaN,NaN,NaN,NaN,NaN,NaN
3,NaN,NaN,NaN,NaN,NaN,NaN,NaN,NaN
4,NaN,NaN,NaN,NaN,NaN,NaN,NaN,NaN
5,NaN,NaN,NaN,NaN,NaN,NaN,NaN,NaN
6,NaN,NaN,NaN,NaN,NaN,NaN,NaN,NaN
7,NaN,NaN,NaN,NaN,NaN,NaN,NaN,NaN
8,NaN,NaN,NaN,NaN,NaN,NaN,NaN,NaN
9,NaN,NaN,NaN,NaN,NaN,NaN,NaN,NaN
10,NaN,NaN,NaN,NaN,NaN,NaN,NaN,NaN
11,NaN,NaN,NaN,NaN,NaN,NaN,NaN,NaN
1,NaN,NaN,NaN,NaN,NaN,NaN,NaN,NaN
2,NaN,NaN,NaN,NaN,NaN,NaN,NaN,NaN
3,NaN,NaN,NaN,NaN,NaN,NaN,NaN,NaN
4,NaN,NaN,NaN,NaN,NaN,NaN,NaN,NaN
5,NaN,NaN,NaN,NaN,NaN,NaN,NaN,NaN
6,NaN,NaN,NaN,NaN,NaN,NaN,NaN,NaN
7,NaN,NaN,NaN,NaN,NaN,NaN,NaN,NaN
8,NaN,NaN,NaN,NaN,NaN,NaN,NaN,NaN
9,NaN,NaN,NaN,NaN,NaN,NaN,NaN,NaN
10,NaN,NaN,NaN,NaN,NaN,NaN,NaN,NaN
11,NaN,NaN,NaN,NaN,NaN,NaN,NaN,NaN
1,NaN,NaN,NaN,NaN,NaN,NaN,NaN,NaN
2,NaN,NaN,NaN,NaN,NaN,NaN,NaN,NaN
3,NaN,NaN,NaN,NaN,NaN,NaN,NaN,NaN
4,NaN,NaN,NaN,NaN,NaN,NaN,NaN,NaN
5,NaN,NaN,NaN,NaN,NaN,NaN,NaN,NaN
6,NaN,NaN,NaN,NaN,NaN,NaN,NaN,NaN
7,NaN,NaN,NaN,NaN,NaN,NaN,NaN,NaN
8,NaN,NaN,NaN,NaN,NaN,NaN,NaN,NaN
9,NaN,NaN,NaN,NaN,NaN,NaN,NaN,NaN
10,NaN,NaN,NaN,NaN,NaN,NaN,NaN,NaN
11,NaN,NaN,NaN,NaN,NaN,NaN,NaN,NaN
1,NaN,NaN,NaN,NaN,NaN,NaN,NaN,NaN
2,NaN,NaN,NaN,NaN,NaN,NaN,NaN,NaN
3,NaN,NaN,NaN,NaN,NaN,NaN,NaN,NaN
4,NaN,NaN,NaN,NaN,NaN,NaN,NaN,NaN
5,NaN,NaN,NaN,NaN,NaN,NaN,NaN,NaN
6,NaN,NaN,NaN,NaN,NaN,NaN,NaN,NaN
7,NaN,NaN,NaN,NaN,NaN,NaN,NaN,NaN
8,NaN,NaN,NaN,NaN,NaN,NaN,NaN,NaN
9,NaN,NaN,NaN,NaN,NaN,NaN,NaN,NaN
10,NaN,NaN,NaN,NaN,NaN,NaN,NaN,NaN
11,NaN,NaN,NaN,NaN,NaN,NaN,NaN,NaN
1,NaN,NaN,NaN,NaN,NaN,NaN,NaN,NaN
2,NaN,NaN,NaN,NaN,NaN,NaN,NaN,NaN
3,NaN,NaN,NaN,NaN,NaN,NaN,NaN,NaN
4,NaN,NaN,NaN,NaN,NaN,NaN,NaN,NaN
5,NaN,NaN,NaN,NaN,NaN,NaN,NaN,NaN
6,NaN,NaN,NaN,NaN,NaN,NaN,NaN,NaN
7,NaN,NaN,NaN,NaN,NaN,NaN,NaN,NaN
8,NaN,NaN,NaN,NaN,NaN,NaN,NaN,NaN
9,NaN,NaN,NaN,NaN,NaN,NaN,NaN,NaN
10,NaN,NaN,NaN,NaN,NaN,NaN,NaN,NaN
11,NaN,NaN,NaN,NaN,NaN,NaN,NaN,NaN
1,NaN,NaN,NaN,NaN,NaN,NaN,NaN,NaN
2,NaN,NaN,NaN,NaN,NaN,NaN,NaN,NaN
3,NaN,NaN,NaN,NaN,NaN,NaN,NaN,NaN
4,NaN,NaN,NaN,NaN,NaN,NaN,NaN,NaN
5,NaN,NaN,NaN,NaN,NaN,NaN,NaN,NaN
6,NaN,NaN,NaN,NaN,NaN,NaN,NaN,NaN
7,NaN,NaN,NaN,NaN,NaN,NaN,NaN,NaN
8,NaN,NaN,NaN,NaN,NaN,NaN,NaN,NaN
9,NaN,NaN,NaN,NaN,NaN,NaN,NaN,NaN
10,NaN,NaN,NaN,NaN,NaN,NaN,NaN,NaN
11,NaN,NaN,NaN,NaN,NaN,NaN,NaN,NaN
1,NaN,NaN,NaN,NaN,NaN,NaN,NaN,NaN
2,NaN,NaN,NaN,NaN,NaN,NaN,NaN,NaN
3,NaN,NaN,NaN,NaN,NaN,NaN,NaN,NaN
4,NaN,NaN,NaN,NaN,NaN,NaN,NaN,NaN
5,NaN,NaN,NaN,NaN,NaN,NaN,NaN,NaN
6,NaN,NaN,NaN,NaN,NaN,NaN,NaN,NaN
7,NaN,NaN,NaN,NaN,NaN,NaN,NaN,NaN
8,NaN,NaN,NaN,NaN,NaN,NaN,NaN,NaN
9,NaN,NaN,NaN,NaN,NaN,NaN,NaN,NaN
10,NaN,NaN,NaN,NaN,NaN,NaN,NaN,NaN
11,NaN,NaN,NaN,NaN,NaN,NaN,NaN,NaN
1,NaN,NaN,NaN,NaN,NaN,NaN,NaN,NaN
2,NaN,NaN,NaN,NaN,NaN,NaN,NaN,NaN
3,NaN,NaN,NaN,NaN,NaN,NaN,NaN,NaN
4,NaN,NaN,NaN,NaN,NaN,NaN,NaN,NaN
5,NaN,NaN,NaN,NaN,NaN,NaN,NaN,NaN
6,NaN,NaN,NaN,NaN,NaN,NaN,NaN,NaN
7,NaN,NaN,NaN,NaN,NaN,NaN,NaN,NaN
8,NaN,NaN,NaN,NaN,NaN,NaN,NaN,NaN
9,NaN,NaN,NaN,NaN,NaN,NaN,NaN,NaN
10,NaN,NaN,NaN,NaN,NaN,NaN,NaN,NaN
11,NaN,NaN,NaN,NaN,NaN,NaN,NaN,NaN
1,NaN,NaN,NaN,NaN,NaN,NaN,NaN,NaN
2,NaN,NaN,NaN,NaN,NaN,NaN,NaN,NaN
3,NaN,NaN,NaN,NaN,NaN,NaN,NaN,NaN
4,NaN,NaN,NaN,NaN,NaN,NaN,NaN,NaN
5,NaN,NaN,NaN,NaN,NaN,NaN,NaN,NaN
6,NaN,NaN,NaN,NaN,NaN,NaN,NaN,NaN
7,NaN,NaN,NaN,NaN,NaN,NaN,NaN,NaN
8,NaN,NaN,NaN,NaN,NaN,NaN,NaN,NaN
9,NaN,NaN,NaN,NaN,NaN,NaN,NaN,NaN
10,NaN,NaN,NaN,NaN,NaN,NaN,NaN,NaN
11,NaN,NaN,NaN,NaN,NaN,NaN,NaN,NaN
1,NaN,NaN,NaN,NaN,NaN,NaN,NaN,NaN
2,NaN,NaN,NaN,NaN,NaN,NaN,NaN,NaN
3,NaN,NaN,NaN,NaN,NaN,NaN,NaN,NaN
4,NaN,NaN,NaN,NaN,NaN,NaN,NaN,NaN
5,NaN,NaN,NaN,NaN,NaN,NaN,NaN,NaN
6,NaN,NaN,NaN,NaN,NaN,NaN,NaN,NaN
7,NaN,NaN,NaN,NaN,NaN,NaN,NaN,NaN
8,NaN,NaN,NaN,NaN,NaN,NaN,NaN,NaN
9,NaN,NaN,NaN,NaN,NaN,NaN,NaN,NaN
10,NaN,NaN,NaN,NaN,NaN,NaN,NaN,NaN
11,NaN,NaN,NaN,NaN,NaN,NaN,NaN,NaN
1,NaN,NaN,NaN,NaN,NaN,NaN,NaN,NaN
2,NaN,NaN,NaN,NaN,NaN,NaN,NaN,NaN
3,NaN,NaN,NaN,NaN,NaN,NaN,NaN,NaN
4,NaN,NaN,NaN,NaN,NaN,NaN,NaN,NaN
5,NaN,NaN,NaN,NaN,NaN,NaN,NaN,NaN
6,NaN,NaN,NaN,NaN,NaN,NaN,NaN,NaN
7,NaN,NaN,NaN,NaN,NaN,NaN,NaN,NaN
8,NaN,NaN,NaN,NaN,NaN,NaN,NaN,NaN
9,NaN,NaN,NaN,NaN,NaN,NaN,NaN,NaN
10,NaN,NaN,NaN,NaN,NaN,NaN,NaN,NaN
11,NaN,NaN,NaN,NaN,NaN,NaN,NaN,NaN
1,NaN,NaN,NaN,NaN,NaN,NaN,NaN,NaN
2,NaN,NaN,NaN,NaN,NaN,NaN,NaN,NaN
3,NaN,NaN,NaN,NaN,NaN,NaN,NaN,NaN
4,NaN,NaN,NaN,NaN,NaN,NaN,NaN,NaN
5,NaN,NaN,NaN,NaN,NaN,NaN,NaN,NaN
6,NaN,NaN,NaN,NaN,NaN,NaN,NaN,NaN
7,NaN,NaN,NaN,NaN,NaN,NaN,NaN,NaN
8,NaN,NaN,NaN,NaN,NaN,NaN,NaN,NaN
9,NaN,NaN,NaN,NaN,NaN,NaN,NaN,NaN
10,NaN,NaN,NaN,NaN,NaN,NaN,NaN,NaN
11,NaN,NaN,NaN,NaN,NaN,NaN,NaN,NaN
1,NaN,NaN,NaN,NaN,NaN,NaN,NaN,NaN
2,NaN,NaN,NaN,NaN,NaN,NaN,NaN,NaN
3,NaN,NaN,NaN,NaN,NaN,NaN,NaN,NaN
4,NaN,NaN,NaN,NaN,NaN,NaN,NaN,NaN
5,NaN,NaN,NaN,NaN,NaN,NaN,NaN,NaN
6,NaN,NaN,NaN,NaN,NaN,NaN,NaN,NaN
7,NaN,NaN,NaN,NaN,NaN,NaN,NaN,NaN
8,NaN,NaN,NaN,NaN,NaN,NaN,NaN,NaN
9,NaN,NaN,NaN,NaN,NaN,NaN,NaN,NaN
10,NaN,NaN,NaN,NaN,NaN,NaN,NaN,NaN
11,NaN,NaN,NaN,NaN,NaN,NaN,NaN,NaN
1,NaN,NaN,NaN,NaN,NaN,NaN,NaN,NaN
2,NaN,NaN,NaN,NaN,NaN,NaN,NaN,NaN
3,NaN,NaN,NaN,NaN,NaN,NaN,NaN,NaN
4,NaN,NaN,NaN,NaN,NaN,NaN,NaN,NaN
5,NaN,NaN,NaN,NaN,NaN,NaN,NaN,NaN
6,NaN,NaN,NaN,NaN,NaN,NaN,NaN,NaN
7,NaN,NaN,NaN,NaN,NaN,NaN,NaN,NaN
8,NaN,NaN,NaN,NaN,NaN,NaN,NaN,NaN
9,NaN,NaN,NaN,NaN,NaN,NaN,NaN,NaN
10,NaN,NaN,NaN,NaN,NaN,NaN,NaN,NaN
11,NaN,NaN,NaN,NaN,NaN,NaN,NaN,NaN
1,NaN,NaN,NaN,NaN,NaN,NaN,NaN,NaN
2,NaN,NaN,NaN,NaN,NaN,NaN,NaN,NaN
3,NaN,NaN,NaN,NaN,NaN,NaN,NaN,NaN
4,NaN,NaN,NaN,NaN,NaN,NaN,NaN,NaN
5,NaN,NaN,NaN,NaN,NaN,NaN,NaN,NaN
6,NaN,NaN,NaN,NaN,NaN,NaN,NaN,NaN
7,NaN,NaN,NaN,NaN,NaN,NaN,NaN,NaN
8,NaN,NaN,NaN,NaN,NaN,NaN,NaN,NaN
9,NaN,NaN,NaN,NaN,NaN,NaN,NaN,NaN
10,NaN,NaN,NaN,NaN,NaN,NaN,NaN,NaN
11,NaN,NaN,NaN,NaN,NaN,NaN,NaN,NaN
1,NaN,NaN,NaN,NaN,NaN,NaN,NaN,NaN
2,NaN,NaN,NaN,NaN,NaN,NaN,NaN,NaN
3,NaN,NaN,NaN,NaN,NaN,NaN,NaN,NaN
4,NaN,NaN,NaN,NaN,NaN,NaN,NaN,NaN
5,NaN,NaN,NaN,NaN,NaN,NaN,NaN,NaN
6,NaN,NaN,NaN,NaN,NaN,NaN,NaN,NaN
7,NaN,NaN,NaN,NaN,NaN,NaN,NaN,NaN
8,NaN,NaN,NaN,NaN,NaN,NaN,NaN,NaN
9,NaN,NaN,NaN,NaN,NaN,NaN,NaN,NaN
10,NaN,NaN,NaN,NaN,NaN,NaN,NaN,NaN
11,NaN,NaN,NaN,NaN,NaN,NaN,NaN,NaN
1,NaN,NaN,NaN,NaN,NaN,NaN,NaN,NaN
2,NaN,NaN,NaN,NaN,NaN,NaN,NaN,NaN
3,NaN,NaN,NaN,NaN,NaN,NaN,NaN,NaN
4,NaN,NaN,NaN,NaN,NaN,NaN,NaN,NaN
5,NaN,NaN,NaN,NaN,NaN,NaN,NaN,NaN
6,NaN,NaN,NaN,NaN,NaN,NaN,NaN,NaN
7,NaN,NaN,NaN,NaN,NaN,NaN,NaN,NaN
8,NaN,NaN,NaN,NaN,NaN,NaN,NaN,NaN
9,NaN,NaN,NaN,NaN,NaN,NaN,NaN,NaN
10,NaN,NaN,NaN,NaN,NaN,NaN,NaN,NaN
11,NaN,NaN,NaN,NaN,NaN,NaN,NaN,NaN
1,NaN,NaN,NaN,NaN,NaN,NaN,NaN,NaN
2,NaN,NaN,NaN,NaN,NaN,NaN,NaN,NaN
3,NaN,NaN,NaN,NaN,NaN,NaN,NaN,NaN
4,NaN,NaN,NaN,NaN,NaN,NaN,NaN,NaN
5,NaN,NaN,NaN,NaN,NaN,NaN,NaN,NaN
6,NaN,NaN,NaN,NaN,NaN,NaN,NaN,NaN
7,NaN,NaN,NaN,NaN,NaN,NaN,NaN,NaN
8,NaN,NaN,NaN,NaN,NaN,NaN,NaN,NaN
9,NaN,NaN,NaN,NaN,NaN,NaN,NaN,NaN
10,NaN,NaN,NaN,NaN,NaN,NaN,NaN,NaN
11,NaN,NaN,NaN,NaN,NaN,NaN,NaN,NaN
1,NaN,NaN,NaN,NaN,NaN,NaN,NaN,NaN
2,NaN,NaN,NaN,NaN,NaN,NaN,NaN,NaN
3,NaN,NaN,NaN,NaN,NaN,NaN,NaN,NaN
4,NaN,NaN,NaN,NaN,NaN,NaN,NaN,NaN
5,NaN,NaN,NaN,NaN,NaN,NaN,NaN,NaN
6,NaN,NaN,NaN,NaN,NaN,NaN,NaN,NaN
7,NaN,NaN,NaN,NaN,NaN,NaN,NaN,NaN
8,NaN,NaN,NaN,NaN,NaN,NaN,NaN,NaN
9,NaN,NaN,NaN,NaN,NaN,NaN,NaN,NaN
10,NaN,NaN,NaN,NaN,NaN,NaN,NaN,NaN
11,NaN,NaN,NaN,NaN,NaN,NaN,NaN,NaN
1,NaN,NaN,NaN,NaN,NaN,NaN,NaN,NaN
2,NaN,NaN,NaN,NaN,NaN,NaN,NaN,NaN
3,NaN,NaN,NaN,NaN,NaN,NaN,NaN,NaN
4,NaN,NaN,NaN,NaN,NaN,NaN,NaN,NaN
5,NaN,NaN,NaN,NaN,NaN,NaN,NaN,NaN
6,NaN,NaN,NaN,NaN,NaN,NaN,NaN,NaN
7,NaN,NaN,NaN,NaN,NaN,NaN,NaN,NaN
8,NaN,NaN,NaN,NaN,NaN,NaN,NaN,NaN
9,NaN,NaN,NaN,NaN,NaN,NaN,NaN,NaN
10,NaN,NaN,NaN,NaN,NaN,NaN,NaN,NaN
11,NaN,NaN,NaN,NaN,NaN,NaN,NaN,NaN
1,NaN,NaN,NaN,NaN,NaN,NaN,NaN,NaN
2,NaN,NaN,NaN,NaN,NaN,NaN,NaN,NaN
3,NaN,NaN,NaN,NaN,NaN,NaN,NaN,NaN
4,NaN,NaN,NaN,NaN,NaN,NaN,NaN,NaN
5,NaN,NaN,NaN,NaN,NaN,NaN,NaN,NaN
6,NaN,NaN,NaN,NaN,NaN,NaN,NaN,NaN
7,NaN,NaN,NaN,NaN,NaN,NaN,NaN,NaN
8,NaN,NaN,NaN,NaN,NaN,NaN,NaN,NaN
9,NaN,NaN,NaN,NaN,NaN,NaN,NaN,NaN
10,NaN,NaN,NaN,NaN,NaN,NaN,NaN,NaN
11,NaN,NaN,NaN,NaN,NaN,NaN,NaN,NaN
1,NaN,NaN,NaN,NaN,NaN,NaN,NaN,NaN
2,NaN,NaN,NaN,NaN,NaN,NaN,NaN,NaN
3,NaN,NaN,NaN,NaN,NaN,NaN,NaN,NaN
4,NaN,NaN,NaN,NaN,NaN,NaN,NaN,NaN
5,NaN,NaN,NaN,NaN,NaN,NaN,NaN,NaN
6,NaN,NaN,NaN,NaN,NaN,NaN,NaN,NaN
7,NaN,NaN,NaN,NaN,NaN,NaN,NaN,NaN
8,NaN,NaN,NaN,NaN,NaN,NaN,NaN,NaN
9,NaN,NaN,NaN,NaN,NaN,NaN,NaN,NaN
10,NaN,NaN,NaN,NaN,NaN,NaN,NaN,NaN
11,NaN,NaN,NaN,NaN,NaN,NaN,NaN,NaN
1,NaN,NaN,NaN,NaN,NaN,NaN,NaN,NaN
2,NaN,NaN,NaN,NaN,NaN,NaN,NaN,NaN
3,NaN,NaN,NaN,NaN,NaN,NaN,NaN,NaN
4,NaN,NaN,NaN,NaN,NaN,NaN,NaN,NaN
5,NaN,NaN,NaN,NaN,NaN,NaN,NaN,NaN
6,NaN,NaN,NaN,NaN,NaN,NaN,NaN,NaN
7,NaN,NaN,NaN,NaN,NaN,NaN,NaN,NaN
8,NaN,NaN,NaN,NaN,NaN,NaN,NaN,NaN
9,NaN,NaN,NaN,NaN,NaN,NaN,NaN,NaN
10,NaN,NaN,NaN,NaN,NaN,NaN,NaN,NaN
11,NaN,NaN,NaN,NaN,NaN,NaN,NaN,NaN
1,NaN,NaN,NaN,NaN,NaN,NaN,NaN,NaN
2,NaN,NaN,NaN,NaN,NaN,NaN,NaN,NaN
3,NaN,NaN,NaN,NaN,NaN,NaN,NaN,NaN
4,NaN,NaN,NaN,NaN,NaN,NaN,NaN,NaN
5,NaN,NaN,NaN,NaN,NaN,NaN,NaN,NaN
6,NaN,NaN,NaN,NaN,NaN,NaN,NaN,NaN
7,NaN,NaN,NaN,NaN,NaN,NaN,NaN,NaN
8,NaN,NaN,NaN,NaN,NaN,NaN,NaN,NaN
9,NaN,NaN,NaN,NaN,NaN,NaN,NaN,NaN
10,NaN,NaN,NaN,NaN,NaN,NaN,NaN,NaN
11,NaN,NaN,NaN,NaN,NaN,NaN,NaN,NaN
1,NaN,NaN,NaN,NaN,NaN,NaN,NaN,NaN
2,NaN,NaN,NaN,NaN,NaN,NaN,NaN,NaN
3,NaN,NaN,NaN,NaN,NaN,NaN,NaN,NaN
4,NaN,NaN,NaN,NaN,NaN,NaN,NaN,NaN
5,NaN,NaN,NaN,NaN,NaN,NaN,NaN,NaN
6,NaN,NaN,NaN,NaN,NaN,NaN,NaN,NaN
7,NaN,NaN,NaN,NaN,NaN,NaN,NaN,NaN
8,NaN,NaN,NaN,NaN,NaN,NaN,NaN,NaN
9,NaN,NaN,NaN,NaN,NaN,NaN,NaN,NaN
10,NaN,NaN,NaN,NaN,NaN,NaN,NaN,NaN
11,NaN,NaN,NaN,NaN,NaN,NaN,NaN,NaN
1,NaN,NaN,NaN,NaN,NaN,NaN,NaN,NaN
2,NaN,NaN,NaN,NaN,NaN,NaN,NaN,NaN
3,NaN,NaN,NaN,NaN,NaN,NaN,NaN,NaN
4,NaN,NaN,NaN,NaN,NaN,NaN,NaN,NaN
5,NaN,NaN,NaN,NaN,NaN,NaN,NaN,NaN
6,NaN,NaN,NaN,NaN,NaN,NaN,NaN,NaN
7,NaN,NaN,NaN,NaN,NaN,NaN,NaN,NaN
8,NaN,NaN,NaN,NaN,NaN,NaN,NaN,NaN
9,NaN,NaN,NaN,NaN,NaN,NaN,NaN,NaN
10,NaN,NaN,NaN,NaN,NaN,NaN,NaN,NaN
11,NaN,NaN,NaN,NaN,NaN,NaN,NaN,NaN
1,NaN,NaN,NaN,NaN,NaN,NaN,NaN,NaN
2,NaN,NaN,NaN,NaN,NaN,NaN,NaN,NaN
3,NaN,NaN,NaN,NaN,NaN,NaN,NaN,NaN
4,NaN,NaN,NaN,NaN,NaN,NaN,NaN,NaN
5,NaN,NaN,NaN,NaN,NaN,NaN,NaN,NaN
6,NaN,NaN,NaN,NaN,NaN,NaN,NaN,NaN
7,NaN,NaN,NaN,NaN,NaN,NaN,NaN,NaN
8,NaN,NaN,NaN,NaN,NaN,NaN,NaN,NaN
9,NaN,NaN,NaN,NaN,NaN,NaN,NaN,NaN
10,NaN,NaN,NaN,NaN,NaN,NaN,NaN,NaN
11,NaN,NaN,NaN,NaN,NaN,NaN,NaN,NaN
1,NaN,NaN,NaN,NaN,NaN,NaN,NaN,NaN
2,NaN,NaN,NaN,NaN,NaN,NaN,NaN,NaN
3,NaN,NaN,NaN,NaN,NaN,NaN,NaN,NaN
4,NaN,NaN,NaN,NaN,NaN,NaN,NaN,NaN
5,NaN,NaN,NaN,NaN,NaN,NaN,NaN,NaN
6,NaN,NaN,NaN,NaN,NaN,NaN,NaN,NaN
7,NaN,NaN,NaN,NaN,NaN,NaN,NaN,NaN
8,NaN,NaN,NaN,NaN,NaN,NaN,NaN,NaN
9,NaN,NaN,NaN,NaN,NaN,NaN,NaN,NaN
10,NaN,NaN,NaN,NaN,NaN,NaN,NaN,NaN
11,NaN,NaN,NaN,NaN,NaN,NaN,NaN,NaN
1,NaN,NaN,NaN,NaN,NaN,NaN,NaN,NaN
2,NaN,NaN,NaN,NaN,NaN,NaN,NaN,NaN
3,NaN,NaN,NaN,NaN,NaN,NaN,NaN,NaN
4,NaN,NaN,NaN,NaN,NaN,NaN,NaN,NaN
5,NaN,NaN,NaN,NaN,NaN,NaN,NaN,NaN
6,NaN,NaN,NaN,NaN,NaN,NaN,NaN,NaN
7,NaN,NaN,NaN,NaN,NaN,NaN,NaN,NaN
8,NaN,NaN,NaN,NaN,NaN,NaN,NaN,NaN
9,NaN,NaN,NaN,NaN,NaN,NaN,NaN,NaN
10,NaN,NaN,NaN,NaN,NaN,NaN,NaN,NaN
11,NaN,NaN,NaN,NaN,NaN,NaN,NaN,NaN
1,NaN,NaN,NaN,NaN,NaN,NaN,NaN,NaN
2,NaN,NaN,NaN,NaN,NaN,NaN,NaN,NaN
3,NaN,NaN,NaN,NaN,NaN,NaN,NaN,NaN
4,NaN,NaN,NaN,NaN,NaN,NaN,NaN,NaN
5,NaN,NaN,NaN,NaN,NaN,NaN,NaN,NaN
6,NaN,NaN,NaN,NaN,NaN,NaN,NaN,NaN
7,NaN,NaN,NaN,NaN,NaN,NaN,NaN,NaN
8,NaN,NaN,NaN,NaN,NaN,NaN,NaN,NaN
9,NaN,NaN,NaN,NaN,NaN,NaN,NaN,NaN
10,NaN,NaN,NaN,NaN,NaN,NaN,NaN,NaN
11,NaN,NaN,NaN,NaN,NaN,NaN,NaN,NaN
1,NaN,NaN,NaN,NaN,NaN,NaN,NaN,NaN
2,NaN,NaN,NaN,NaN,NaN,NaN,NaN,NaN
3,NaN,NaN,NaN,NaN,NaN,NaN,NaN,NaN
4,NaN,NaN,NaN,NaN,NaN,NaN,NaN,NaN
5,NaN,NaN,NaN,NaN,NaN,NaN,NaN,NaN
6,NaN,NaN,NaN,NaN,NaN,NaN,NaN,NaN
7,NaN,NaN,NaN,NaN,NaN,NaN,NaN,NaN
8,NaN,NaN,NaN,NaN,NaN,NaN,NaN,NaN
9,NaN,NaN,NaN,NaN,NaN,NaN,NaN,NaN
10,NaN,NaN,NaN,NaN,NaN,NaN,NaN,NaN
11,NaN,NaN,NaN,NaN,NaN,NaN,NaN,NaN
1,NaN,NaN,NaN,NaN,NaN,NaN,NaN,NaN
2,NaN,NaN,NaN,NaN,NaN,NaN,NaN,NaN
3,NaN,NaN,NaN,NaN,NaN,NaN,NaN,NaN
4,NaN,NaN,NaN,NaN,NaN,NaN,NaN,NaN
5,NaN,NaN,NaN,NaN,NaN,NaN,NaN,NaN
6,NaN,NaN,NaN,NaN,NaN,NaN,NaN,NaN
7,NaN,NaN,NaN,NaN,NaN,NaN,NaN,NaN
8,NaN,NaN,NaN,NaN,NaN,NaN,NaN,NaN
9,NaN,NaN,NaN,NaN,NaN,NaN,NaN,NaN
10,NaN,NaN,NaN,NaN,NaN,NaN,NaN,NaN
11,NaN,NaN,NaN,NaN,NaN,NaN,NaN,NaN
1,NaN,NaN,NaN,NaN,NaN,NaN,NaN,NaN
2,NaN,NaN,NaN,NaN,NaN,NaN,NaN,NaN
3,NaN,NaN,NaN,NaN,NaN,NaN,NaN,NaN
4,NaN,NaN,NaN,NaN,NaN,NaN,NaN,NaN
5,NaN,NaN,NaN,NaN,NaN,NaN,NaN,NaN
6,NaN,NaN,NaN,NaN,NaN,NaN,NaN,NaN
7,NaN,NaN,NaN,NaN,NaN,NaN,NaN,NaN
8,NaN,NaN,NaN,NaN,NaN,NaN,NaN,NaN
9,NaN,NaN,NaN,NaN,NaN,NaN,NaN,NaN
10,NaN,NaN,NaN,NaN,NaN,NaN,NaN,NaN
11,NaN,NaN,NaN,NaN,NaN,NaN,NaN,NaN
1,NaN,NaN,NaN,NaN,NaN,NaN,NaN,NaN
2,NaN,NaN,NaN,NaN,NaN,NaN,NaN,NaN
3,NaN,NaN,NaN,NaN,NaN,NaN,NaN,NaN
4,NaN,NaN,NaN,NaN,NaN,NaN,NaN,NaN
5,NaN,NaN,NaN,NaN,NaN,NaN,NaN,NaN
6,NaN,NaN,NaN,NaN,NaN,NaN,NaN,NaN
7,NaN,NaN,NaN,NaN,NaN,NaN,NaN,NaN
8,NaN,NaN,NaN,NaN,NaN,NaN,NaN,NaN
9,NaN,NaN,NaN,NaN,NaN,NaN,NaN,NaN
10,NaN,NaN,NaN,NaN,NaN,NaN,NaN,NaN
11,NaN,NaN,NaN,NaN,NaN,NaN,NaN,NaN
1,NaN,NaN,NaN,NaN,NaN,NaN,NaN,NaN
2,NaN,NaN,NaN,NaN,NaN,NaN,NaN,NaN
3,NaN,NaN,NaN,NaN,NaN,NaN,NaN,NaN
4,NaN,NaN,NaN,NaN,NaN,NaN,NaN,NaN
5,NaN,NaN,NaN,NaN,NaN,NaN,NaN,NaN
6,NaN,NaN,NaN,NaN,NaN,NaN,NaN,NaN
7,NaN,NaN,NaN,NaN,NaN,NaN,NaN,NaN
8,NaN,NaN,NaN,NaN,NaN,NaN,NaN,NaN
9,NaN,NaN,NaN,NaN,NaN,NaN,NaN,NaN
10,NaN,NaN,NaN,NaN,NaN,NaN,NaN,NaN
11,NaN,NaN,NaN,NaN,NaN,NaN,NaN,NaN
1,NaN,NaN,NaN,NaN,NaN,NaN,NaN,NaN
2,NaN,NaN,NaN,NaN,NaN,NaN,NaN,NaN
3,NaN,NaN,NaN,NaN,NaN,NaN,NaN,NaN
4,NaN,NaN,NaN,NaN,NaN,NaN,NaN,NaN
5,NaN,NaN,NaN,NaN,NaN,NaN,NaN,NaN
6,NaN,NaN,NaN,NaN,NaN,NaN,NaN,NaN
7,NaN,NaN,NaN,NaN,NaN,NaN,NaN,NaN
8,NaN,NaN,NaN,NaN,NaN,NaN,NaN,NaN
9,NaN,NaN,NaN,NaN,NaN,NaN,NaN,NaN
10,NaN,NaN,NaN,NaN,NaN,NaN,NaN,NaN
11,NaN,NaN,NaN,NaN,NaN,NaN,NaN,NaN
1,NaN,NaN,NaN,NaN,NaN,NaN,NaN,NaN
2,NaN,NaN,NaN,NaN,NaN,NaN,NaN,NaN
3,NaN,NaN,NaN,NaN,NaN,NaN,NaN,NaN
4,NaN,NaN,NaN,NaN,NaN,NaN,NaN,NaN
5,NaN,NaN,NaN,NaN,NaN,NaN,NaN,NaN
6,NaN,NaN,NaN,NaN,NaN,NaN,NaN,NaN
7,NaN,NaN,NaN,NaN,NaN,NaN,NaN,NaN
8,NaN,NaN,NaN,NaN,NaN,NaN,NaN,NaN
9,NaN,NaN,NaN,NaN,NaN,NaN,NaN,NaN
10,NaN,NaN,NaN,NaN,NaN,NaN,NaN,NaN
11,NaN,NaN,NaN,NaN,NaN,NaN,NaN,NaN
1,NaN,NaN,NaN,NaN,NaN,NaN,NaN,NaN
2,NaN,NaN,NaN,NaN,NaN,NaN,NaN,NaN
3,NaN,NaN,NaN,NaN,NaN,NaN,NaN,NaN
4,NaN,NaN,NaN,NaN,NaN,NaN,NaN,NaN
5,NaN,NaN,NaN,NaN,NaN,NaN,NaN,NaN
6,NaN,NaN,NaN,NaN,NaN,NaN,NaN,NaN
7,NaN,NaN,NaN,NaN,NaN,NaN,NaN,NaN
8,NaN,NaN,NaN,NaN,NaN,NaN,NaN,NaN
9,NaN,NaN,NaN,NaN,NaN,NaN,NaN,NaN
10,NaN,NaN,NaN,NaN,NaN,NaN,NaN,NaN
11,NaN,NaN,NaN,NaN,NaN,NaN,NaN,NaN
1,NaN,NaN,NaN,NaN,NaN,NaN,NaN,NaN
2,NaN,NaN,NaN,NaN,NaN,NaN,NaN,NaN
3,NaN,NaN,NaN,NaN,NaN,NaN,NaN,NaN
4,NaN,NaN,NaN,NaN,NaN,NaN,NaN,NaN
5,NaN,NaN,NaN,NaN,NaN,NaN,NaN,NaN
6,NaN,NaN,NaN,NaN,NaN,NaN,NaN,NaN
7,NaN,NaN,NaN,NaN,NaN,NaN,NaN,NaN
8,NaN,NaN,NaN,NaN,NaN,NaN,NaN,NaN
9,NaN,NaN,NaN,NaN,NaN,NaN,NaN,NaN
10,NaN,NaN,NaN,NaN,NaN,NaN,NaN,NaN
11,NaN,NaN,NaN,NaN,NaN,NaN,NaN,NaN
1,NaN,NaN,NaN,NaN,NaN,NaN,NaN,NaN
2,NaN,NaN,NaN,NaN,NaN,NaN,NaN,NaN
3,NaN,NaN,NaN,NaN,NaN,NaN,NaN,NaN
4,NaN,NaN,NaN,NaN,NaN,NaN,NaN,NaN
5,NaN,NaN,NaN,NaN,NaN,NaN,NaN,NaN
6,NaN,NaN,NaN,NaN,NaN,NaN,NaN,NaN
7,NaN,NaN,NaN,NaN,NaN,NaN,NaN,NaN
8,NaN,NaN,NaN,NaN,NaN,NaN,NaN,NaN
9,NaN,NaN,NaN,NaN,NaN,NaN,NaN,NaN
10,NaN,NaN,NaN,NaN,NaN,NaN,NaN,NaN
11,NaN,NaN,NaN,NaN,NaN,NaN,NaN,NaN
1,NaN,NaN,NaN,NaN,NaN,NaN,NaN,NaN
2,NaN,NaN,NaN,NaN,NaN,NaN,NaN,NaN
3,NaN,NaN,NaN,NaN,NaN,NaN,NaN,NaN
4,NaN,NaN,NaN,NaN,NaN,NaN,NaN,NaN
5,NaN,NaN,NaN,NaN,NaN,NaN,NaN,NaN
6,NaN,NaN,NaN,NaN,NaN,NaN,NaN,NaN
7,NaN,NaN,NaN,NaN,NaN,NaN,NaN,NaN
8,NaN,NaN,NaN,NaN,NaN,NaN,NaN,NaN
9,NaN,NaN,NaN,NaN,NaN,NaN,NaN,NaN
10,NaN,NaN,NaN,NaN,NaN,NaN,NaN,NaN
11,NaN,NaN,NaN,NaN,NaN,NaN,NaN,NaN
1,NaN,NaN,NaN,NaN,NaN,NaN,NaN,NaN
2,NaN,NaN,NaN,NaN,NaN,NaN,NaN,NaN
3,NaN,NaN,NaN,NaN,NaN,NaN,NaN,NaN
4,NaN,NaN,NaN,NaN,NaN,NaN,NaN,NaN
5,NaN,NaN,NaN,NaN,NaN,NaN,NaN,NaN
6,NaN,NaN,NaN,NaN,NaN,NaN,NaN,NaN
7,NaN,NaN,NaN,NaN,NaN,NaN,NaN,NaN
8,NaN,NaN,NaN,NaN,NaN,NaN,NaN,NaN
9,NaN,NaN,NaN,NaN,NaN,NaN,NaN,NaN
10,NaN,NaN,NaN,NaN,NaN,NaN,NaN,NaN
11,NaN,NaN,NaN,NaN,NaN,NaN,NaN,NaN
1,NaN,NaN,NaN,NaN,NaN,NaN,NaN,NaN
2,NaN,NaN,NaN,NaN,NaN,NaN,NaN,NaN
3,NaN,NaN,NaN,NaN,NaN,NaN,NaN,NaN
4,NaN,NaN,NaN,NaN,NaN,NaN,NaN,NaN
5,NaN,NaN,NaN,NaN,NaN,NaN,NaN,NaN
6,NaN,NaN,NaN,NaN,NaN,NaN,NaN,NaN
7,NaN,NaN,NaN,NaN,NaN,NaN,NaN,NaN
8,NaN,NaN,NaN,NaN,NaN,NaN,NaN,NaN
9,NaN,NaN,NaN,NaN,NaN,NaN,NaN,NaN
10,NaN,NaN,NaN,NaN,NaN,NaN,NaN,NaN
11,NaN,NaN,NaN,NaN,NaN,NaN,NaN,NaN
1,NaN,NaN,NaN,NaN,NaN,NaN,NaN,NaN
2,NaN,NaN,NaN,NaN,NaN,NaN,NaN,NaN
3,NaN,NaN,NaN,NaN,NaN,NaN,NaN,NaN
4,NaN,NaN,NaN,NaN,NaN,NaN,NaN,NaN
5,NaN,NaN,NaN,NaN,NaN,NaN,NaN,NaN
6,NaN,NaN,NaN,NaN,NaN,NaN,NaN,NaN
7,NaN,NaN,NaN,NaN,NaN,NaN,NaN,NaN
8,NaN,NaN,NaN,NaN,NaN,NaN,NaN,NaN
9,NaN,NaN,NaN,NaN,NaN,NaN,NaN,NaN
10,NaN,NaN,NaN,NaN,NaN,NaN,NaN,NaN
11,NaN,NaN,NaN,NaN,NaN,NaN,NaN,NaN
1,NaN,NaN,NaN,NaN,NaN,NaN,NaN,NaN
2,NaN,NaN,NaN,NaN,NaN,NaN,NaN,NaN
3,NaN,NaN,NaN,NaN,NaN,NaN,NaN,NaN
4,NaN,NaN,NaN,NaN,NaN,NaN,NaN,NaN
5,NaN,NaN,NaN,NaN,NaN,NaN,NaN,NaN
6,NaN,NaN,NaN,NaN,NaN,NaN,NaN,NaN
7,NaN,NaN,NaN,NaN,NaN,NaN,NaN,NaN
8,NaN,NaN,NaN,NaN,NaN,NaN,NaN,NaN
9,NaN,NaN,NaN,NaN,NaN,NaN,NaN,NaN
10,NaN,NaN,NaN,NaN,NaN,NaN,NaN,NaN
11,NaN,NaN,NaN,NaN,NaN,NaN,NaN,NaN
1,NaN,NaN,NaN,NaN,NaN,NaN,NaN,NaN
2,NaN,NaN,NaN,NaN,NaN,NaN,NaN,NaN
3,NaN,NaN,NaN,NaN,NaN,NaN,NaN,NaN
4,NaN,NaN,NaN,NaN,NaN,NaN,NaN,NaN
5,NaN,NaN,NaN,NaN,NaN,NaN,NaN,NaN
6,NaN,NaN,NaN,NaN,NaN,NaN,NaN,NaN
7,NaN,NaN,NaN,NaN,NaN,NaN,NaN,NaN
8,NaN,NaN,NaN,NaN,NaN,NaN,NaN,NaN
9,NaN,NaN,NaN,NaN,NaN,NaN,NaN,NaN
10,NaN,NaN,NaN,NaN,NaN,NaN,NaN,NaN
11,NaN,NaN,NaN,NaN,NaN,NaN,NaN,NaN
1,NaN,NaN,NaN,NaN,NaN,NaN,NaN,NaN
2,NaN,NaN,NaN,NaN,NaN,NaN,NaN,NaN
3,NaN,NaN,NaN,NaN,NaN,NaN,NaN,NaN
4,NaN,NaN,NaN,NaN,NaN,NaN,NaN,NaN
5,NaN,NaN,NaN,NaN,NaN,NaN,NaN,NaN
6,NaN,NaN,NaN,NaN,NaN,NaN,NaN,NaN
7,NaN,NaN,NaN,NaN,NaN,NaN,NaN,NaN
8,NaN,NaN,NaN,NaN,NaN,NaN,NaN,NaN
9,NaN,NaN,NaN,NaN,NaN,NaN,NaN,NaN
10,NaN,NaN,NaN,NaN,NaN,NaN,NaN,NaN
11,NaN,NaN,NaN,NaN,NaN,NaN,NaN,NaN
1,NaN,NaN,NaN,NaN,NaN,NaN,NaN,NaN
2,NaN,NaN,NaN,NaN,NaN,NaN,NaN,NaN
3,NaN,NaN,NaN,NaN,NaN,NaN,NaN,NaN
4,NaN,NaN,NaN,NaN,NaN,NaN,NaN,NaN
5,NaN,NaN,NaN,NaN,NaN,NaN,NaN,NaN
6,NaN,NaN,NaN,NaN,NaN,NaN,NaN,NaN
7,NaN,NaN,NaN,NaN,NaN,NaN,NaN,NaN
8,NaN,NaN,NaN,NaN,NaN,NaN,NaN,NaN
9,NaN,NaN,NaN,NaN,NaN,NaN,NaN,NaN
10,NaN,NaN,NaN,NaN,NaN,NaN,NaN,NaN
11,NaN,NaN,NaN,NaN,NaN,NaN,NaN,NaN
1,NaN,NaN,NaN,NaN,NaN,NaN,NaN,NaN
2,NaN,NaN,NaN,NaN,NaN,NaN,NaN,NaN
3,NaN,NaN,NaN,NaN,NaN,NaN,NaN,NaN
4,NaN,NaN,NaN,NaN,NaN,NaN,NaN,NaN
5,NaN,NaN,NaN,NaN,NaN,NaN,NaN,NaN
6,NaN,NaN,NaN,NaN,NaN,NaN,NaN,NaN
7,NaN,NaN,NaN,NaN,NaN,NaN,NaN,NaN
8,NaN,NaN,NaN,NaN,NaN,NaN,NaN,NaN
9,NaN,NaN,NaN,NaN,NaN,NaN,NaN,NaN
10,NaN,NaN,NaN,NaN,NaN,NaN,NaN,NaN
11,NaN,NaN,NaN,NaN,NaN,NaN,NaN,NaN
1,NaN,NaN,NaN,NaN,NaN,NaN,NaN,NaN
2,NaN,NaN,NaN,NaN,NaN,NaN,NaN,NaN
3,NaN,NaN,NaN,NaN,NaN,NaN,NaN,NaN
4,NaN,NaN,NaN,NaN,NaN,NaN,NaN,NaN
5,NaN,NaN,NaN,NaN,NaN,NaN,NaN,NaN
6,NaN,NaN,NaN,NaN,NaN,NaN,NaN,NaN
7,NaN,NaN,NaN,NaN,NaN,NaN,NaN,NaN
8,NaN,NaN,NaN,NaN,NaN,NaN,NaN,NaN
9,NaN,NaN,NaN,NaN,NaN,NaN,NaN,NaN
10,NaN,NaN,NaN,NaN,NaN,NaN,NaN,NaN
11,NaN,NaN,NaN,NaN,NaN,NaN,NaN,NaN
1,NaN,NaN,NaN,NaN,NaN,NaN,NaN,NaN
2,NaN,NaN,NaN,NaN,NaN,NaN,NaN,NaN
3,NaN,NaN,NaN,NaN,NaN,NaN,NaN,NaN
4,NaN,NaN,NaN,NaN,NaN,NaN,NaN,NaN
5,NaN,NaN,NaN,NaN,NaN,NaN,NaN,NaN
6,NaN,NaN,NaN,NaN,NaN,NaN,NaN,NaN
7,NaN,NaN,NaN,NaN,NaN,NaN,NaN,NaN
8,NaN,NaN,NaN,NaN,NaN,NaN,NaN,NaN
9,NaN,NaN,NaN,NaN,NaN,NaN,NaN,NaN
10,NaN,NaN,NaN,NaN,NaN,NaN,NaN,NaN
11,NaN,NaN,NaN,NaN,NaN,NaN,NaN,NaN
1,NaN,NaN,NaN,NaN,NaN,NaN,NaN,NaN
2,NaN,NaN,NaN,NaN,NaN,NaN,NaN,NaN
3,NaN,NaN,NaN,NaN,NaN,NaN,NaN,NaN
4,NaN,NaN,NaN,NaN,NaN,NaN,NaN,NaN
5,NaN,NaN,NaN,NaN,NaN,NaN,NaN,NaN
6,NaN,NaN,NaN,NaN,NaN,NaN,NaN,NaN
7,NaN,NaN,NaN,NaN,NaN,NaN,NaN,NaN
8,NaN,NaN,NaN,NaN,NaN,NaN,NaN,NaN
9,NaN,NaN,NaN,NaN,NaN,NaN,NaN,NaN
10,NaN,NaN,NaN,NaN,NaN,NaN,NaN,NaN
11,NaN,NaN,NaN,NaN,NaN,NaN,NaN,NaN
1,NaN,NaN,NaN,NaN,NaN,NaN,NaN,NaN
2,NaN,NaN,NaN,NaN,NaN,NaN,NaN,NaN
3,NaN,NaN,NaN,NaN,NaN,NaN,NaN,NaN
4,NaN,NaN,NaN,NaN,NaN,NaN,NaN,NaN
5,NaN,NaN,NaN,NaN,NaN,NaN,NaN,NaN
6,NaN,NaN,NaN,NaN,NaN,NaN,NaN,NaN
7,NaN,NaN,NaN,NaN,NaN,NaN,NaN,NaN
8,NaN,NaN,NaN,NaN,NaN,NaN,NaN,NaN
9,NaN,NaN,NaN,NaN,NaN,NaN,NaN,NaN
10,NaN,NaN,NaN,NaN,NaN,NaN,NaN,NaN
11,NaN,NaN,NaN,NaN,NaN,NaN,NaN,NaN
1,NaN,NaN,NaN,NaN,NaN,NaN,NaN,NaN
2,NaN,NaN,NaN,NaN,NaN,NaN,NaN,NaN
3,NaN,NaN,NaN,NaN,NaN,NaN,NaN,NaN
4,NaN,NaN,NaN,NaN,NaN,NaN,NaN,NaN
5,NaN,NaN,NaN,NaN,NaN,NaN,NaN,NaN
6,NaN,NaN,NaN,NaN,NaN,NaN,NaN,NaN
7,NaN,NaN,NaN,NaN,NaN,NaN,NaN,NaN
8,NaN,NaN,NaN,NaN,NaN,NaN,NaN,NaN
9,NaN,NaN,NaN,NaN,NaN,NaN,NaN,NaN
10,NaN,NaN,NaN,NaN,NaN,NaN,NaN,NaN
11,NaN,NaN,NaN,NaN,NaN,NaN,NaN,NaN
1,NaN,NaN,NaN,NaN,NaN,NaN,NaN,NaN
2,NaN,NaN,NaN,NaN,NaN,NaN,NaN,NaN
3,NaN,NaN,NaN,NaN,NaN,NaN,NaN,NaN
4,NaN,NaN,NaN,NaN,NaN,NaN,NaN,NaN
5,NaN,NaN,NaN,NaN,NaN,NaN,NaN,NaN
6,NaN,NaN,NaN,NaN,NaN,NaN,NaN,NaN
7,NaN,NaN,NaN,NaN,NaN,NaN,NaN,NaN
8,NaN,NaN,NaN,NaN,NaN,NaN,NaN,NaN
9,NaN,NaN,NaN,NaN,NaN,NaN,NaN,NaN
10,NaN,NaN,NaN,NaN,NaN,NaN,NaN,NaN
11,NaN,NaN,NaN,NaN,NaN,NaN,NaN,NaN
1,NaN,NaN,NaN,NaN,NaN,NaN,NaN,NaN
2,NaN,NaN,NaN,NaN,NaN,NaN,NaN,NaN
3,NaN,NaN,NaN,NaN,NaN,NaN,NaN,NaN
4,NaN,NaN,NaN,NaN,NaN,NaN,NaN,NaN
5,NaN,NaN,NaN,NaN,NaN,NaN,NaN,NaN
6,NaN,NaN,NaN,NaN,NaN,NaN,NaN,NaN
7,NaN,NaN,NaN,NaN,NaN,NaN,NaN,NaN
8,NaN,NaN,NaN,NaN,NaN,NaN,NaN,NaN
9,NaN,NaN,NaN,NaN,NaN,NaN,NaN,NaN
10,NaN,NaN,NaN,NaN,NaN,NaN,NaN,NaN
11,NaN,NaN,NaN,NaN,NaN,NaN,NaN,NaN
1,NaN,NaN,NaN,NaN,NaN,NaN,NaN,NaN
2,NaN,NaN,NaN,NaN,NaN,NaN,NaN,NaN
3,NaN,NaN,NaN,NaN,NaN,NaN,NaN,NaN
4,NaN,NaN,NaN,NaN,NaN,NaN,NaN,NaN
5,NaN,NaN,NaN,NaN,NaN,NaN,NaN,NaN
6,NaN,NaN,NaN,NaN,NaN,NaN,NaN,NaN
7,NaN,NaN,NaN,NaN,NaN,NaN,NaN,NaN
8,NaN,NaN,NaN,NaN,NaN,NaN,NaN,NaN
9,NaN,NaN,NaN,NaN,NaN,NaN,NaN,NaN
10,NaN,NaN,NaN,NaN,NaN,NaN,NaN,NaN
11,NaN,NaN,NaN,NaN,NaN,NaN,NaN,NaN
1,NaN,NaN,NaN,NaN,NaN,NaN,NaN,NaN
2,NaN,NaN,NaN,NaN,NaN,NaN,NaN,NaN
3,NaN,NaN,NaN,NaN,NaN,NaN,NaN,NaN
4,NaN,NaN,NaN,NaN,NaN,NaN,NaN,NaN
5,NaN,NaN,NaN,NaN,NaN,NaN,NaN,NaN
6,NaN,NaN,NaN,NaN,NaN,NaN,NaN,NaN
7,NaN,NaN,NaN,NaN,NaN,NaN,NaN,NaN
8,NaN,NaN,NaN,NaN,NaN,NaN,NaN,NaN
9,NaN,NaN,NaN,NaN,NaN,NaN,NaN,NaN
10,NaN,NaN,NaN,NaN,NaN,NaN,NaN,NaN
11,NaN,NaN,NaN,NaN,NaN,NaN,NaN,NaN
1,NaN,NaN,NaN,NaN,NaN,NaN,NaN,NaN
2,NaN,NaN,NaN,NaN,NaN,NaN,NaN,NaN
3,NaN,NaN,NaN,NaN,NaN,NaN,NaN,NaN
4,NaN,NaN,NaN,NaN,NaN,NaN,NaN,NaN
5,NaN,NaN,NaN,NaN,NaN,NaN,NaN,NaN
6,NaN,NaN,NaN,NaN,NaN,NaN,NaN,NaN
7,NaN,NaN,NaN,NaN,NaN,NaN,NaN,NaN
8,NaN,NaN,NaN,NaN,NaN,NaN,NaN,NaN
9,NaN,NaN,NaN,NaN,NaN,NaN,NaN,NaN
10,NaN,NaN,NaN,NaN,NaN,NaN,NaN,NaN
11,NaN,NaN,NaN,NaN,NaN,NaN,NaN,NaN
1,NaN,NaN,NaN,NaN,NaN,NaN,NaN,NaN
2,NaN,NaN,NaN,NaN,NaN,NaN,NaN,NaN
3,NaN,NaN,NaN,NaN,NaN,NaN,NaN,NaN
4,NaN,NaN,NaN,NaN,NaN,NaN,NaN,NaN
5,NaN,NaN,NaN,NaN,NaN,NaN,NaN,NaN
6,NaN,NaN,NaN,NaN,NaN,NaN,NaN,NaN
7,NaN,NaN,NaN,NaN,NaN,NaN,NaN,NaN
8,NaN,NaN,NaN,NaN,NaN,NaN,NaN,NaN
9,NaN,NaN,NaN,NaN,NaN,NaN,NaN,NaN
10,NaN,NaN,NaN,NaN,NaN,NaN,NaN,NaN
11,NaN,NaN,NaN,NaN,NaN,NaN,NaN,NaN
1,NaN,NaN,NaN,NaN,NaN,NaN,NaN,NaN
2,NaN,NaN,NaN,NaN,NaN,NaN,NaN,NaN
3,NaN,NaN,NaN,NaN,NaN,NaN,NaN,NaN
4,NaN,NaN,NaN,NaN,NaN,NaN,NaN,NaN
5,NaN,NaN,NaN,NaN,NaN,NaN,NaN,NaN
6,NaN,NaN,NaN,NaN,NaN,NaN,NaN,NaN
7,NaN,NaN,NaN,NaN,NaN,NaN,NaN,NaN
8,NaN,NaN,NaN,NaN,NaN,NaN,NaN,NaN
9,NaN,NaN,NaN,NaN,NaN,NaN,NaN,NaN
10,NaN,NaN,NaN,NaN,NaN,NaN,NaN,NaN
11,NaN,NaN,NaN,NaN,NaN,NaN,NaN,NaN
1,NaN,NaN,NaN,NaN,NaN,NaN,NaN,NaN
2,NaN,NaN,NaN,NaN,NaN,NaN,NaN,NaN
3,NaN,NaN,NaN,NaN,NaN,NaN,NaN,NaN
4,NaN,NaN,NaN,NaN,NaN,NaN,NaN,NaN
5,NaN,NaN,NaN,NaN,NaN,NaN,NaN,NaN
6,NaN,NaN,NaN,NaN,NaN,NaN,NaN,NaN
7,NaN,NaN,NaN,NaN,NaN,NaN,NaN,NaN
8,NaN,NaN,NaN,NaN,NaN,NaN,NaN,NaN
9,NaN,NaN,NaN,NaN,NaN,NaN,NaN,NaN
10,NaN,NaN,NaN,NaN,NaN,NaN,NaN,NaN
11,NaN,NaN,NaN,NaN,NaN,NaN,NaN,NaN
1,NaN,NaN,NaN,NaN,NaN,NaN,NaN,NaN
2,NaN,NaN,NaN,NaN,NaN,NaN,NaN,NaN
3,NaN,NaN,NaN,NaN,NaN,NaN,NaN,NaN
4,NaN,NaN,NaN,NaN,NaN,NaN,NaN,NaN
5,NaN,NaN,NaN,NaN,NaN,NaN,NaN,NaN
6,NaN,NaN,NaN,NaN,NaN,NaN,NaN,NaN
7,NaN,NaN,NaN,NaN,NaN,NaN,NaN,NaN
8,NaN,NaN,NaN,NaN,NaN,NaN,NaN,NaN
9,NaN,NaN,NaN,NaN,NaN,NaN,NaN,NaN
10,NaN,NaN,NaN,NaN,NaN,NaN,NaN,NaN
11,NaN,NaN,NaN,NaN,NaN,NaN,NaN,NaN
1,NaN,NaN,NaN,NaN,NaN,NaN,NaN,NaN
2,NaN,NaN,NaN,NaN,NaN,NaN,NaN,NaN
3,NaN,NaN,NaN,NaN,NaN,NaN,NaN,NaN
4,NaN,NaN,NaN,NaN,NaN,NaN,NaN,NaN
5,NaN,NaN,NaN,NaN,NaN,NaN,NaN,NaN
6,NaN,NaN,NaN,NaN,NaN,NaN,NaN,NaN
7,NaN,NaN,NaN,NaN,NaN,NaN,NaN,NaN
8,NaN,NaN,NaN,NaN,NaN,NaN,NaN,NaN
9,NaN,NaN,NaN,NaN,NaN,NaN,NaN,NaN
10,NaN,NaN,NaN,NaN,NaN,NaN,NaN,NaN
11,NaN,NaN,NaN,NaN,NaN,NaN,NaN,NaN
1,NaN,NaN,NaN,NaN,NaN,NaN,NaN,NaN
2,NaN,NaN,NaN,NaN,NaN,NaN,NaN,NaN
3,NaN,NaN,NaN,NaN,NaN,NaN,NaN,NaN
4,NaN,NaN,NaN,NaN,NaN,NaN,NaN,NaN
5,NaN,NaN,NaN,NaN,NaN,NaN,NaN,NaN
6,NaN,NaN,NaN,NaN,NaN,NaN,NaN,NaN
7,NaN,NaN,NaN,NaN,NaN,NaN,NaN,NaN
8,NaN,NaN,NaN,NaN,NaN,NaN,NaN,NaN
9,NaN,NaN,NaN,NaN,NaN,NaN,NaN,NaN
10,NaN,NaN,NaN,NaN,NaN,NaN,NaN,NaN
11,NaN,NaN,NaN,NaN,NaN,NaN,NaN,NaN
1,NaN,NaN,NaN,NaN,NaN,NaN,NaN,NaN
2,NaN,NaN,NaN,NaN,NaN,NaN,NaN,NaN
3,NaN,NaN,NaN,NaN,NaN,NaN,NaN,NaN
4,NaN,NaN,NaN,NaN,NaN,NaN,NaN,NaN
5,NaN,NaN,NaN,NaN,NaN,NaN,NaN,NaN
6,NaN,NaN,NaN,NaN,NaN,NaN,NaN,NaN
7,NaN,NaN,NaN,NaN,NaN,NaN,NaN,NaN
8,NaN,NaN,NaN,NaN,NaN,NaN,NaN,NaN
9,NaN,NaN,NaN,NaN,NaN,NaN,NaN,NaN
10,NaN,NaN,NaN,NaN,NaN,NaN,NaN,NaN
11,NaN,NaN,NaN,NaN,NaN,NaN,NaN,NaN
1,NaN,NaN,NaN,NaN,NaN,NaN,NaN,NaN
2,NaN,NaN,NaN,NaN,NaN,NaN,NaN,NaN
3,NaN,NaN,NaN,NaN,NaN,NaN,NaN,NaN
4,NaN,NaN,NaN,NaN,NaN,NaN,NaN,NaN
5,NaN,NaN,NaN,NaN,NaN,NaN,NaN,NaN
6,NaN,NaN,NaN,NaN,NaN,NaN,NaN,NaN
7,NaN,NaN,NaN,NaN,NaN,NaN,NaN,NaN
8,NaN,NaN,NaN,NaN,NaN,NaN,NaN,NaN
9,NaN,NaN,NaN,NaN,NaN,NaN,NaN,NaN
10,NaN,NaN,NaN,NaN,NaN,NaN,NaN,NaN
11,NaN,NaN,NaN,NaN,NaN,NaN,NaN,NaN
1,NaN,NaN,NaN,NaN,NaN,NaN,NaN,NaN
2,NaN,NaN,NaN,NaN,NaN,NaN,NaN,NaN
3,NaN,NaN,NaN,NaN,NaN,NaN,NaN,NaN
4,NaN,NaN,NaN,NaN,NaN,NaN,NaN,NaN
5,NaN,NaN,NaN,NaN,NaN,NaN,NaN,NaN
6,NaN,NaN,NaN,NaN,NaN,NaN,NaN,NaN
7,NaN,NaN,NaN,NaN,NaN,NaN,NaN,NaN
8,NaN,NaN,NaN,NaN,NaN,NaN,NaN,NaN
9,NaN,NaN,NaN,NaN,NaN,NaN,NaN,NaN
10,NaN,NaN,NaN,NaN,NaN,NaN,NaN,NaN
11,NaN,NaN,NaN,NaN,NaN,NaN,NaN,NaN
1,NaN,NaN,NaN,NaN,NaN,NaN,NaN,NaN
2,NaN,NaN,NaN,NaN,NaN,NaN,NaN,NaN
3,NaN,NaN,NaN,NaN,NaN,NaN,NaN,NaN
4,NaN,NaN,NaN,NaN,NaN,NaN,NaN,NaN
5,NaN,NaN,NaN,NaN,NaN,NaN,NaN,NaN
6,NaN,NaN,NaN,NaN,NaN,NaN,NaN,NaN
7,NaN,NaN,NaN,NaN,NaN,NaN,NaN,NaN
8,NaN,NaN,NaN,NaN,NaN,NaN,NaN,NaN
9,NaN,NaN,NaN,NaN,NaN,NaN,NaN,NaN
10,NaN,NaN,NaN,NaN,NaN,NaN,NaN,NaN
11,NaN,NaN,NaN,NaN,NaN,NaN,NaN,NaN
1,NaN,NaN,NaN,NaN,NaN,NaN,NaN,NaN
2,NaN,NaN,NaN,NaN,NaN,NaN,NaN,NaN
3,NaN,NaN,NaN,NaN,NaN,NaN,NaN,NaN
4,NaN,NaN,NaN,NaN,NaN,NaN,NaN,NaN
5,NaN,NaN,NaN,NaN,NaN,NaN,NaN,NaN
6,NaN,NaN,NaN,NaN,NaN,NaN,NaN,NaN
7,NaN,NaN,NaN,NaN,NaN,NaN,NaN,NaN
8,NaN,NaN,NaN,NaN,NaN,NaN,NaN,NaN
9,NaN,NaN,NaN,NaN,NaN,NaN,NaN,NaN
10,NaN,NaN,NaN,NaN,NaN,NaN,NaN,NaN
11,NaN,NaN,NaN,NaN,NaN,NaN,NaN,NaN
1,NaN,NaN,NaN,NaN,NaN,NaN,NaN,NaN
2,NaN,NaN,NaN,NaN,NaN,NaN,NaN,NaN
3,NaN,NaN,NaN,NaN,NaN,NaN,NaN,NaN
4,NaN,NaN,NaN,NaN,NaN,NaN,NaN,NaN
5,NaN,NaN,NaN,NaN,NaN,NaN,NaN,NaN
6,NaN,NaN,NaN,NaN,NaN,NaN,NaN,NaN
7,NaN,NaN,NaN,NaN,NaN,NaN,NaN,NaN
8,NaN,NaN,NaN,NaN,NaN,NaN,NaN,NaN
9,NaN,NaN,NaN,NaN,NaN,NaN,NaN,NaN
10,NaN,NaN,NaN,NaN,NaN,NaN,NaN,NaN
11,NaN,NaN,NaN,NaN,NaN,NaN,NaN,NaN
1,NaN,NaN,NaN,NaN,NaN,NaN,NaN,NaN
2,NaN,NaN,NaN,NaN,NaN,NaN,NaN,NaN
3,NaN,NaN,NaN,NaN,NaN,NaN,NaN,NaN
4,NaN,NaN,NaN,NaN,NaN,NaN,NaN,NaN
5,NaN,NaN,NaN,NaN,NaN,NaN,NaN,NaN
6,NaN,NaN,NaN,NaN,NaN,NaN,NaN,NaN
7,NaN,NaN,NaN,NaN,NaN,NaN,NaN,NaN
8,NaN,NaN,NaN,NaN,NaN,NaN,NaN,NaN
9,NaN,NaN,NaN,NaN,NaN,NaN,NaN,NaN
10,NaN,NaN,NaN,NaN,NaN,NaN,NaN,NaN
11,NaN,NaN,NaN,NaN,NaN,NaN,NaN,NaN
1,NaN,NaN,NaN,NaN,NaN,NaN,NaN,NaN
2,NaN,NaN,NaN,NaN,NaN,NaN,NaN,NaN
3,NaN,NaN,NaN,NaN,NaN,NaN,NaN,NaN
4,NaN,NaN,NaN,NaN,NaN,NaN,NaN,NaN
5,NaN,NaN,NaN,NaN,NaN,NaN,NaN,NaN
6,NaN,NaN,NaN,NaN,NaN,NaN,NaN,NaN
7,NaN,NaN,NaN,NaN,NaN,NaN,NaN,NaN
8,NaN,NaN,NaN,NaN,NaN,NaN,NaN,NaN
9,NaN,NaN,NaN,NaN,NaN,NaN,NaN,NaN
10,NaN,NaN,NaN,NaN,NaN,NaN,NaN,NaN
11,NaN,NaN,NaN,NaN,NaN,NaN,NaN,NaN
1,NaN,NaN,NaN,NaN,NaN,NaN,NaN,NaN
2,NaN,NaN,NaN,NaN,NaN,NaN,NaN,NaN
3,NaN,NaN,NaN,NaN,NaN,NaN,NaN,NaN
4,NaN,NaN,NaN,NaN,NaN,NaN,NaN,NaN
5,NaN,NaN,NaN,NaN,NaN,NaN,NaN,NaN
6,NaN,NaN,NaN,NaN,NaN,NaN,NaN,NaN
7,NaN,NaN,NaN,NaN,NaN,NaN,NaN,NaN
8,NaN,NaN,NaN,NaN,NaN,NaN,NaN,NaN
9,NaN,NaN,NaN,NaN,NaN,NaN,NaN,NaN
10,NaN,NaN,NaN,NaN,NaN,NaN,NaN,NaN
11,NaN,NaN,NaN,NaN,NaN,NaN,NaN,NaN
1,NaN,NaN,NaN,NaN,NaN,NaN,NaN,NaN
2,NaN,NaN,NaN,NaN,NaN,NaN,NaN,NaN
3,NaN,NaN,NaN,NaN,NaN,NaN,NaN,NaN
4,NaN,NaN,NaN,NaN,NaN,NaN,NaN,NaN
5,NaN,NaN,NaN,NaN,NaN,NaN,NaN,NaN
6,NaN,NaN,NaN,NaN,NaN,NaN,NaN,NaN
7,NaN,NaN,NaN,NaN,NaN,NaN,NaN,NaN
8,NaN,NaN,NaN,NaN,NaN,NaN,NaN,NaN
9,NaN,NaN,NaN,NaN,NaN,NaN,NaN,NaN
10,NaN,NaN,NaN,NaN,NaN,NaN,NaN,NaN
11,NaN,NaN,NaN,NaN,NaN,NaN,NaN,NaN
1,NaN,NaN,NaN,NaN,NaN,NaN,NaN,NaN
2,NaN,NaN,NaN,NaN,NaN,NaN,NaN,NaN
3,NaN,NaN,NaN,NaN,NaN,NaN,NaN,NaN
4,NaN,NaN,NaN,NaN,NaN,NaN,NaN,NaN
5,NaN,NaN,NaN,NaN,NaN,NaN,NaN,NaN
6,NaN,NaN,NaN,NaN,NaN,NaN,NaN,NaN
7,NaN,NaN,NaN,NaN,NaN,NaN,NaN,NaN
8,NaN,NaN,NaN,NaN,NaN,NaN,NaN,NaN
9,NaN,NaN,NaN,NaN,NaN,NaN,NaN,NaN
10,NaN,NaN,NaN,NaN,NaN,NaN,NaN,NaN
11,NaN,NaN,NaN,NaN,NaN,NaN,NaN,NaN
1,NaN,NaN,NaN,NaN,NaN,NaN,NaN,NaN
2,NaN,NaN,NaN,NaN,NaN,NaN,NaN,NaN
3,NaN,NaN,NaN,NaN,NaN,NaN,NaN,NaN
4,NaN,NaN,NaN,NaN,NaN,NaN,NaN,NaN
5,NaN,NaN,NaN,NaN,NaN,NaN,NaN,NaN
6,NaN,NaN,NaN,NaN,NaN,NaN,NaN,NaN
7,NaN,NaN,NaN,NaN,NaN,NaN,NaN,NaN
8,NaN,NaN,NaN,NaN,NaN,NaN,NaN,NaN
9,NaN,NaN,NaN,NaN,NaN,NaN,NaN,NaN
10,NaN,NaN,NaN,NaN,NaN,NaN,NaN,NaN
11,NaN,NaN,NaN,NaN,NaN,NaN,NaN,NaN
1,NaN,NaN,NaN,NaN,NaN,NaN,NaN,NaN
2,NaN,NaN,NaN,NaN,NaN,NaN,NaN,NaN
3,NaN,NaN,NaN,NaN,NaN,NaN,NaN,NaN
4,NaN,NaN,NaN,NaN,NaN,NaN,NaN,NaN
5,NaN,NaN,NaN,NaN,NaN,NaN,NaN,NaN
6,NaN,NaN,NaN,NaN,NaN,NaN,NaN,NaN
7,NaN,NaN,NaN,NaN,NaN,NaN,NaN,NaN
8,NaN,NaN,NaN,NaN,NaN,NaN,NaN,NaN
9,NaN,NaN,NaN,NaN,NaN,NaN,NaN,NaN
10,NaN,NaN,NaN,NaN,NaN,NaN,NaN,NaN
11,NaN,NaN,NaN,NaN,NaN,NaN,NaN,NaN
1,NaN,NaN,NaN,NaN,NaN,NaN,NaN,NaN
2,NaN,NaN,NaN,NaN,NaN,NaN,NaN,NaN
3,NaN,NaN,NaN,NaN,NaN,NaN,NaN,NaN
4,NaN,NaN,NaN,NaN,NaN,NaN,NaN,NaN
5,NaN,NaN,NaN,NaN,NaN,NaN,NaN,NaN
6,NaN,NaN,NaN,NaN,NaN,NaN,NaN,NaN
7,NaN,NaN,NaN,NaN,NaN,NaN,NaN,NaN
8,NaN,NaN,NaN,NaN,NaN,NaN,NaN,NaN
9,NaN,NaN,NaN,NaN,NaN,NaN,NaN,NaN
10,NaN,NaN,NaN,NaN,NaN,NaN,NaN,NaN
11,NaN,NaN,NaN,NaN,NaN,NaN,NaN,NaN
1,NaN,NaN,NaN,NaN,NaN,NaN,NaN,NaN
2,NaN,NaN,NaN,NaN,NaN,NaN,NaN,NaN
3,NaN,NaN,NaN,NaN,NaN,NaN,NaN,NaN
4,NaN,NaN,NaN,NaN,NaN,NaN,NaN,NaN
5,NaN,NaN,NaN,NaN,NaN,NaN,NaN,NaN
6,NaN,NaN,NaN,NaN,NaN,NaN,NaN,NaN
7,NaN,NaN,NaN,NaN,NaN,NaN,NaN,NaN
8,NaN,NaN,NaN,NaN,NaN,NaN,NaN,NaN
9,NaN,NaN,NaN,NaN,NaN,NaN,NaN,NaN
10,NaN,NaN,NaN,NaN,NaN,NaN,NaN,NaN
11,NaN,NaN,NaN,NaN,NaN,NaN,NaN,NaN
1,NaN,NaN,NaN,NaN,NaN,NaN,NaN,NaN
2,NaN,NaN,NaN,NaN,NaN,NaN,NaN,NaN
3,NaN,NaN,NaN,NaN,NaN,NaN,NaN,NaN
4,NaN,NaN,NaN,NaN,NaN,NaN,NaN,NaN
5,NaN,NaN,NaN,NaN,NaN,NaN,NaN,NaN
6,NaN,NaN,NaN,NaN,NaN,NaN,NaN,NaN
7,NaN,NaN,NaN,NaN,NaN,NaN,NaN,NaN
8,NaN,NaN,NaN,NaN,NaN,NaN,NaN,NaN
9,NaN,NaN,NaN,NaN,NaN,NaN,NaN,NaN
10,NaN,NaN,NaN,NaN,NaN,NaN,NaN,NaN
11,NaN,NaN,NaN,NaN,NaN,NaN,NaN,NaN
1,NaN,NaN,NaN,NaN,NaN,NaN,NaN,NaN
2,NaN,NaN,NaN,NaN,NaN,NaN,NaN,NaN
3,NaN,NaN,NaN,NaN,NaN,NaN,NaN,NaN
4,NaN,NaN,NaN,NaN,NaN,NaN,NaN,NaN
5,NaN,NaN,NaN,NaN,NaN,NaN,NaN,NaN
6,NaN,NaN,NaN,NaN,NaN,NaN,NaN,NaN
7,NaN,NaN,NaN,NaN,NaN,NaN,NaN,NaN
8,NaN,NaN,NaN,NaN,NaN,NaN,NaN,NaN
9,NaN,NaN,NaN,NaN,NaN,NaN,NaN,NaN
10,NaN,NaN,NaN,NaN,NaN,NaN,NaN,NaN
11,NaN,NaN,NaN,NaN,NaN,NaN,NaN,NaN
1,NaN,NaN,NaN,NaN,NaN,NaN,NaN,NaN
2,NaN,NaN,NaN,NaN,NaN,NaN,NaN,NaN
3,NaN,NaN,NaN,NaN,NaN,NaN,NaN,NaN
4,NaN,NaN,NaN,NaN,NaN,NaN,NaN,NaN
5,NaN,NaN,NaN,NaN,NaN,NaN,NaN,NaN
6,NaN,NaN,NaN,NaN,NaN,NaN,NaN,NaN
7,NaN,NaN,NaN,NaN,NaN,NaN,NaN,NaN
8,NaN,NaN,NaN,NaN,NaN,NaN,NaN,NaN
9,NaN,NaN,NaN,NaN,NaN,NaN,NaN,NaN
10,NaN,NaN,NaN,NaN,NaN,NaN,NaN,NaN
11,NaN,NaN,NaN,NaN,NaN,NaN,NaN,NaN
1,NaN,NaN,NaN,NaN,NaN,NaN,NaN,NaN
2,NaN,NaN,NaN,NaN,NaN,NaN,NaN,NaN
3,NaN,NaN,NaN,NaN,NaN,NaN,NaN,NaN
4,NaN,NaN,NaN,NaN,NaN,NaN,NaN,NaN
5,NaN,NaN,NaN,NaN,NaN,NaN,NaN,NaN
6,NaN,NaN,NaN,NaN,NaN,NaN,NaN,NaN
7,NaN,NaN,NaN,NaN,NaN,NaN,NaN,NaN
8,NaN,NaN,NaN,NaN,NaN,NaN,NaN,NaN
9,NaN,NaN,NaN,NaN,NaN,NaN,NaN,NaN
10,NaN,NaN,NaN,NaN,NaN,NaN,NaN,NaN
11,NaN,NaN,NaN,NaN,NaN,NaN,NaN,NaN
1,NaN,NaN,NaN,NaN,NaN,NaN,NaN,NaN
2,NaN,NaN,NaN,NaN,NaN,NaN,NaN,NaN
3,NaN,NaN,NaN,NaN,NaN,NaN,NaN,NaN
4,NaN,NaN,NaN,NaN,NaN,NaN,NaN,NaN
5,NaN,NaN,NaN,NaN,NaN,NaN,NaN,NaN
6,NaN,NaN,NaN,NaN,NaN,NaN,NaN,NaN
7,NaN,NaN,NaN,NaN,NaN,NaN,NaN,NaN
8,NaN,NaN,NaN,NaN,NaN,NaN,NaN,NaN
9,NaN,NaN,NaN,NaN,NaN,NaN,NaN,NaN
10,NaN,NaN,NaN,NaN,NaN,NaN,NaN,NaN
11,NaN,NaN,NaN,NaN,NaN,NaN,NaN,NaN
1,NaN,NaN,NaN,NaN,NaN,NaN,NaN,NaN
2,NaN,NaN,NaN,NaN,NaN,NaN,NaN,NaN
3,NaN,NaN,NaN,NaN,NaN,NaN,NaN,NaN
4,NaN,NaN,NaN,NaN,NaN,NaN,NaN,NaN
5,NaN,NaN,NaN,NaN,NaN,NaN,NaN,NaN
6,NaN,NaN,NaN,NaN,NaN,NaN,NaN,NaN
7,NaN,NaN,NaN,NaN,NaN,NaN,NaN,NaN
8,NaN,NaN,NaN,NaN,NaN,NaN,NaN,NaN
9,NaN,NaN,NaN,NaN,NaN,NaN,NaN,NaN
10,NaN,NaN,NaN,NaN,NaN,NaN,NaN,NaN
11,NaN,NaN,NaN,NaN,NaN,NaN,NaN,NaN
1,NaN,NaN,NaN,NaN,NaN,NaN,NaN,NaN
2,NaN,NaN,NaN,NaN,NaN,NaN,NaN,NaN
3,NaN,NaN,NaN,NaN,NaN,NaN,NaN,NaN
4,NaN,NaN,NaN,NaN,NaN,NaN,NaN,NaN
5,NaN,NaN,NaN,NaN,NaN,NaN,NaN,NaN
6,NaN,NaN,NaN,NaN,NaN,NaN,NaN,NaN
7,NaN,NaN,NaN,NaN,NaN,NaN,NaN,NaN
8,NaN,NaN,NaN,NaN,NaN,NaN,NaN,NaN
9,NaN,NaN,NaN,NaN,NaN,NaN,NaN,NaN
10,NaN,NaN,NaN,NaN,NaN,NaN,NaN,NaN
11,NaN,NaN,NaN,NaN,NaN,NaN,NaN,NaN
1,NaN,NaN,NaN,NaN,NaN,NaN,NaN,NaN
2,NaN,NaN,NaN,NaN,NaN,NaN,NaN,NaN
3,NaN,NaN,NaN,NaN,NaN,NaN,NaN,NaN
4,NaN,NaN,NaN,NaN,NaN,NaN,NaN,NaN
5,NaN,NaN,NaN,NaN,NaN,NaN,NaN,NaN
6,NaN,NaN,NaN,NaN,NaN,NaN,NaN,NaN
7,NaN,NaN,NaN,NaN,NaN,NaN,NaN,NaN
8,NaN,NaN,NaN,NaN,NaN,NaN,NaN,NaN
9,NaN,NaN,NaN,NaN,NaN,NaN,NaN,NaN
10,NaN,NaN,NaN,NaN,NaN,NaN,NaN,NaN
11,NaN,NaN,NaN,NaN,NaN,NaN,NaN,NaN
1,NaN,NaN,NaN,NaN,NaN,NaN,NaN,NaN
2,NaN,NaN,NaN,NaN,NaN,NaN,NaN,NaN
3,NaN,NaN,NaN,NaN,NaN,NaN,NaN,NaN
4,NaN,NaN,NaN,NaN,NaN,NaN,NaN,NaN
5,NaN,NaN,NaN,NaN,NaN,NaN,NaN,NaN
6,NaN,NaN,NaN,NaN,NaN,NaN,NaN,NaN
7,NaN,NaN,NaN,NaN,NaN,NaN,NaN,NaN
8,NaN,NaN,NaN,NaN,NaN,NaN,NaN,NaN
9,NaN,NaN,NaN,NaN,NaN,NaN,NaN,NaN
10,NaN,NaN,NaN,NaN,NaN,NaN,NaN,NaN
11,NaN,NaN,NaN,NaN,NaN,NaN,NaN,NaN
1,NaN,NaN,NaN,NaN,NaN,NaN,NaN,NaN
2,NaN,NaN,NaN,NaN,NaN,NaN,NaN,NaN
3,NaN,NaN,NaN,NaN,NaN,NaN,NaN,NaN
4,NaN,NaN,NaN,NaN,NaN,NaN,NaN,NaN
5,NaN,NaN,NaN,NaN,NaN,NaN,NaN,NaN
6,NaN,NaN,NaN,NaN,NaN,NaN,NaN,NaN
7,NaN,NaN,NaN,NaN,NaN,NaN,NaN,NaN
8,NaN,NaN,NaN,NaN,NaN,NaN,NaN,NaN
9,NaN,NaN,NaN,NaN,NaN,NaN,NaN,NaN
10,NaN,NaN,NaN,NaN,NaN,NaN,NaN,NaN
11,NaN,NaN,NaN,NaN,NaN,NaN,NaN,NaN
1,NaN,NaN,NaN,NaN,NaN,NaN,NaN,NaN
2,NaN,NaN,NaN,NaN,NaN,NaN,NaN,NaN
3,NaN,NaN,NaN,NaN,NaN,NaN,NaN,NaN
4,NaN,NaN,NaN,NaN,NaN,NaN,NaN,NaN
5,NaN,NaN,NaN,NaN,NaN,NaN,NaN,NaN
6,NaN,NaN,NaN,NaN,NaN,NaN,NaN,NaN
7,NaN,NaN,NaN,NaN,NaN,NaN,NaN,NaN
8,NaN,NaN,NaN,NaN,NaN,NaN,NaN,NaN
9,NaN,NaN,NaN,NaN,NaN,NaN,NaN,NaN
10,NaN,NaN,NaN,NaN,NaN,NaN,NaN,NaN
11,NaN,NaN,NaN,NaN,NaN,NaN,NaN,NaN
1,NaN,NaN,NaN,NaN,NaN,NaN,NaN,NaN
2,NaN,NaN,NaN,NaN,NaN,NaN,NaN,NaN
3,NaN,NaN,NaN,NaN,NaN,NaN,NaN,NaN
4,NaN,NaN,NaN,NaN,NaN,NaN,NaN,NaN
5,NaN,NaN,NaN,NaN,NaN,NaN,NaN,NaN
6,NaN,NaN,NaN,NaN,NaN,NaN,NaN,NaN
7,NaN,NaN,NaN,NaN,NaN,NaN,NaN,NaN
8,NaN,NaN,NaN,NaN,NaN,NaN,NaN,NaN
9,NaN,NaN,NaN,NaN,NaN,NaN,NaN,NaN
10,NaN,NaN,NaN,NaN,NaN,NaN,NaN,NaN
11,NaN,NaN,NaN,NaN,NaN,NaN,NaN,NaN
1,NaN,NaN,NaN,NaN,NaN,NaN,NaN,NaN
2,NaN,NaN,NaN,NaN,NaN,NaN,NaN,NaN
3,NaN,NaN,NaN,NaN,NaN,NaN,NaN,NaN
4,NaN,NaN,NaN,NaN,NaN,NaN,NaN,NaN
5,NaN,NaN,NaN,NaN,NaN,NaN,NaN,NaN
6,NaN,NaN,NaN,NaN,NaN,NaN,NaN,NaN
7,NaN,NaN,NaN,NaN,NaN,NaN,NaN,NaN
8,NaN,NaN,NaN,NaN,NaN,NaN,NaN,NaN
9,NaN,NaN,NaN,NaN,NaN,NaN,NaN,NaN
10,NaN,NaN,NaN,NaN,NaN,NaN,NaN,NaN
11,NaN,NaN,NaN,NaN,NaN,NaN,NaN,NaN
1,NaN,NaN,NaN,NaN,NaN,NaN,NaN,NaN
2,NaN,NaN,NaN,NaN,NaN,NaN,NaN,NaN
3,NaN,NaN,NaN,NaN,NaN,NaN,NaN,NaN
4,NaN,NaN,NaN,NaN,NaN,NaN,NaN,NaN
5,NaN,NaN,NaN,NaN,NaN,NaN,NaN,NaN
6,NaN,NaN,NaN,NaN,NaN,NaN,NaN,NaN
7,NaN,NaN,NaN,NaN,NaN,NaN,NaN,NaN
8,NaN,NaN,NaN,NaN,NaN,NaN,NaN,NaN
9,NaN,NaN,NaN,NaN,NaN,NaN,NaN,NaN
10,NaN,NaN,NaN,NaN,NaN,NaN,NaN,NaN
11,NaN,NaN,NaN,NaN,NaN,NaN,NaN,NaN
1,NaN,NaN,NaN,NaN,NaN,NaN,NaN,NaN
2,NaN,NaN,NaN,NaN,NaN,NaN,NaN,NaN
3,NaN,NaN,NaN,NaN,NaN,NaN,NaN,NaN
4,NaN,NaN,NaN,NaN,NaN,NaN,NaN,NaN
5,NaN,NaN,NaN,NaN,NaN,NaN,NaN,NaN
6,NaN,NaN,NaN,NaN,NaN,NaN,NaN,NaN
7,NaN,NaN,NaN,NaN,NaN,NaN,NaN,NaN
8,NaN,NaN,NaN,NaN,NaN,NaN,NaN,NaN
9,NaN,NaN,NaN,NaN,NaN,NaN,NaN,NaN
10,NaN,NaN,NaN,NaN,NaN,NaN,NaN,NaN
11,NaN,NaN,NaN,NaN,NaN,NaN,NaN,NaN
1,NaN,NaN,NaN,NaN,NaN,NaN,NaN,NaN
2,NaN,NaN,NaN,NaN,NaN,NaN,NaN,NaN
3,NaN,NaN,NaN,NaN,NaN,NaN,NaN,NaN
4,NaN,NaN,NaN,NaN,NaN,NaN,NaN,NaN
5,NaN,NaN,NaN,NaN,NaN,NaN,NaN,NaN
6,NaN,NaN,NaN,NaN,NaN,NaN,NaN,NaN
7,NaN,NaN,NaN,NaN,NaN,NaN,NaN,NaN
8,NaN,NaN,NaN,NaN,NaN,NaN,NaN,NaN
9,NaN,NaN,NaN,NaN,NaN,NaN,NaN,NaN
10,NaN,NaN,NaN,NaN,NaN,NaN,NaN,NaN
11,NaN,NaN,NaN,NaN,NaN,NaN,NaN,NaN
1,NaN,NaN,NaN,NaN,NaN,NaN,NaN,NaN
2,NaN,NaN,NaN,NaN,NaN,NaN,NaN,NaN
3,NaN,NaN,NaN,NaN,NaN,NaN,NaN,NaN
4,NaN,NaN,NaN,NaN,NaN,NaN,NaN,NaN
5,NaN,NaN,NaN,NaN,NaN,NaN,NaN,NaN
6,NaN,NaN,NaN,NaN,NaN,NaN,NaN,NaN
7,NaN,NaN,NaN,NaN,NaN,NaN,NaN,NaN
8,NaN,NaN,NaN,NaN,NaN,NaN,NaN,NaN
9,NaN,NaN,NaN,NaN,NaN,NaN,NaN,NaN
10,NaN,NaN,NaN,NaN,NaN,NaN,NaN,NaN
11,NaN,NaN,NaN,NaN,NaN,NaN,NaN,NaN
1,NaN,NaN,NaN,NaN,NaN,NaN,NaN,NaN
2,NaN,NaN,NaN,NaN,NaN,NaN,NaN,NaN
3,NaN,NaN,NaN,NaN,NaN,NaN,NaN,NaN
4,NaN,NaN,NaN,NaN,NaN,NaN,NaN,NaN
5,NaN,NaN,NaN,NaN,NaN,NaN,NaN,NaN
6,NaN,NaN,NaN,NaN,NaN,NaN,NaN,NaN
7,NaN,NaN,NaN,NaN,NaN,NaN,NaN,NaN
8,NaN,NaN,NaN,NaN,NaN,NaN,NaN,NaN
9,NaN,NaN,NaN,NaN,NaN,NaN,NaN,NaN
10,NaN,NaN,NaN,NaN,NaN,NaN,NaN,NaN
11,NaN,NaN,NaN,NaN,NaN,NaN,NaN,NaN
1,NaN,NaN,NaN,NaN,NaN,NaN,NaN,NaN
2,NaN,NaN,NaN,NaN,NaN,NaN,NaN,NaN
3,NaN,NaN,NaN,NaN,NaN,NaN,NaN,NaN
4,NaN,NaN,NaN,NaN,NaN,NaN,NaN,NaN
5,NaN,NaN,NaN,NaN,NaN,NaN,NaN,NaN
6,NaN,NaN,NaN,NaN,NaN,NaN,NaN,NaN
7,NaN,NaN,NaN,NaN,NaN,NaN,NaN,NaN
8,NaN,NaN,NaN,NaN,NaN,NaN,NaN,NaN
9,NaN,NaN,NaN,NaN,NaN,NaN,NaN,NaN
10,NaN,NaN,NaN,NaN,NaN,NaN,NaN,NaN
11,NaN,NaN,NaN,NaN,NaN,NaN,NaN,NaN
1,NaN,NaN,NaN,NaN,NaN,NaN,NaN,NaN
2,NaN,NaN,NaN,NaN,NaN,NaN,NaN,NaN
3,NaN,NaN,NaN,NaN,NaN,NaN,NaN,NaN
4,NaN,NaN,NaN,NaN,NaN,NaN,NaN,NaN
5,NaN,NaN,NaN,NaN,NaN,NaN,NaN,NaN
6,NaN,NaN,NaN,NaN,NaN,NaN,NaN,NaN
7,NaN,NaN,NaN,NaN,NaN,NaN,NaN,NaN
8,NaN,NaN,NaN,NaN,NaN,NaN,NaN,NaN
9,NaN,NaN,NaN,NaN,NaN,NaN,NaN,NaN
10,NaN,NaN,NaN,NaN,NaN,NaN,NaN,NaN
11,NaN,NaN,NaN,NaN,NaN,NaN,NaN,NaN
1,NaN,NaN,NaN,NaN,NaN,NaN,NaN,NaN
2,NaN,NaN,NaN,NaN,NaN,NaN,NaN,NaN
3,NaN,NaN,NaN,NaN,NaN,NaN,NaN,NaN
4,NaN,NaN,NaN,NaN,NaN,NaN,NaN,NaN
5,NaN,NaN,NaN,NaN,NaN,NaN,NaN,NaN
6,NaN,NaN,NaN,NaN,NaN,NaN,NaN,NaN
7,NaN,NaN,NaN,NaN,NaN,NaN,NaN,NaN
8,NaN,NaN,NaN,NaN,NaN,NaN,NaN,NaN
9,NaN,NaN,NaN,NaN,NaN,NaN,NaN,NaN
10,NaN,NaN,NaN,NaN,NaN,NaN,NaN,NaN
11,NaN,NaN,NaN,NaN,NaN,NaN,NaN,NaN
1,NaN,NaN,NaN,NaN,NaN,NaN,NaN,NaN
2,NaN,NaN,NaN,NaN,NaN,NaN,NaN,NaN
3,NaN,NaN,NaN,NaN,NaN,NaN,NaN,NaN
4,NaN,NaN,NaN,NaN,NaN,NaN,NaN,NaN
5,NaN,NaN,NaN,NaN,NaN,NaN,NaN,NaN
6,NaN,NaN,NaN,NaN,NaN,NaN,NaN,NaN
7,NaN,NaN,NaN,NaN,NaN,NaN,NaN,NaN
8,NaN,NaN,NaN,NaN,NaN,NaN,NaN,NaN
9,NaN,NaN,NaN,NaN,NaN,NaN,NaN,NaN
10,NaN,NaN,NaN,NaN,NaN,NaN,NaN,NaN
11,NaN,NaN,NaN,NaN,NaN,NaN,NaN,NaN
1,NaN,NaN,NaN,NaN,NaN,NaN,NaN,NaN
2,NaN,NaN,NaN,NaN,NaN,NaN,NaN,NaN
3,NaN,NaN,NaN,NaN,NaN,NaN,NaN,NaN
4,NaN,NaN,NaN,NaN,NaN,NaN,NaN,NaN
5,NaN,NaN,NaN,NaN,NaN,NaN,NaN,NaN
6,NaN,NaN,NaN,NaN,NaN,NaN,NaN,NaN
7,NaN,NaN,NaN,NaN,NaN,NaN,NaN,NaN
8,NaN,NaN,NaN,NaN,NaN,NaN,NaN,NaN
9,NaN,NaN,NaN,NaN,NaN,NaN,NaN,NaN
10,NaN,NaN,NaN,NaN,NaN,NaN,NaN,NaN
11,NaN,NaN,NaN,NaN,NaN,NaN,NaN,NaN
1,NaN,NaN,NaN,NaN,NaN,NaN,NaN,NaN
2,NaN,NaN,NaN,NaN,NaN,NaN,NaN,NaN
3,NaN,NaN,NaN,NaN,NaN,NaN,NaN,NaN
4,NaN,NaN,NaN,NaN,NaN,NaN,NaN,NaN
5,NaN,NaN,NaN,NaN,NaN,NaN,NaN,NaN
6,NaN,NaN,NaN,NaN,NaN,NaN,NaN,NaN
7,NaN,NaN,NaN,NaN,NaN,NaN,NaN,NaN
8,NaN,NaN,NaN,NaN,NaN,NaN,NaN,NaN
9,NaN,NaN,NaN,NaN,NaN,NaN,NaN,NaN
10,NaN,NaN,NaN,NaN,NaN,NaN,NaN,NaN
11,NaN,NaN,NaN,NaN,NaN,NaN,NaN,NaN
1,NaN,NaN,NaN,NaN,NaN,NaN,NaN,NaN
2,NaN,NaN,NaN,NaN,NaN,NaN,NaN,NaN
3,NaN,NaN,NaN,NaN,NaN,NaN,NaN,NaN
4,NaN,NaN,NaN,NaN,NaN,NaN,NaN,NaN
5,NaN,NaN,NaN,NaN,NaN,NaN,NaN,NaN
6,NaN,NaN,NaN,NaN,NaN,NaN,NaN,NaN
7,NaN,NaN,NaN,NaN,NaN,NaN,NaN,NaN
8,NaN,NaN,NaN,NaN,NaN,NaN,NaN,NaN
9,NaN,NaN,NaN,NaN,NaN,NaN,NaN,NaN
10,NaN,NaN,NaN,NaN,NaN,NaN,NaN,NaN
11,NaN,NaN,NaN,NaN,NaN,NaN,NaN,NaN
1,NaN,NaN,NaN,NaN,NaN,NaN,NaN,NaN
2,NaN,NaN,NaN,NaN,NaN,NaN,NaN,NaN
3,NaN,NaN,NaN,NaN,NaN,NaN,NaN,NaN
4,NaN,NaN,NaN,NaN,NaN,NaN,NaN,NaN
5,NaN,NaN,NaN,NaN,NaN,NaN,NaN,NaN
6,NaN,NaN,NaN,NaN,NaN,NaN,NaN,NaN
7,NaN,NaN,NaN,NaN,NaN,NaN,NaN,NaN
8,NaN,NaN,NaN,NaN,NaN,NaN,NaN,NaN
9,NaN,NaN,NaN,NaN,NaN,NaN,NaN,NaN
10,NaN,NaN,NaN,NaN,NaN,NaN,NaN,NaN
11,NaN,NaN,NaN,NaN,NaN,NaN,NaN,NaN
1,NaN,NaN,NaN,NaN,NaN,NaN,NaN,NaN
2,NaN,NaN,NaN,NaN,NaN,NaN,NaN,NaN
3,NaN,NaN,NaN,NaN,NaN,NaN,NaN,NaN
4,NaN,NaN,NaN,NaN,NaN,NaN,NaN,NaN
5,NaN,NaN,NaN,NaN,NaN,NaN,NaN,NaN
6,NaN,NaN,NaN,NaN,NaN,NaN,NaN,NaN
7,NaN,NaN,NaN,NaN,NaN,NaN,NaN,NaN
8,NaN,NaN,NaN,NaN,NaN,NaN,NaN,NaN
9,NaN,NaN,NaN,NaN,NaN,NaN,NaN,NaN
10,NaN,NaN,NaN,NaN,NaN,NaN,NaN,NaN
11,NaN,NaN,NaN,NaN,NaN,NaN,NaN,NaN
1,NaN,NaN,NaN,NaN,NaN,NaN,NaN,NaN
2,NaN,NaN,NaN,NaN,NaN,NaN,NaN,NaN
3,NaN,NaN,NaN,NaN,NaN,NaN,NaN,NaN
4,NaN,NaN,NaN,NaN,NaN,NaN,NaN,NaN
5,NaN,NaN,NaN,NaN,NaN,NaN,NaN,NaN
6,NaN,NaN,NaN,NaN,NaN,NaN,NaN,NaN
7,NaN,NaN,NaN,NaN,NaN,NaN,NaN,NaN
8,NaN,NaN,NaN,NaN,NaN,NaN,NaN,NaN
9,NaN,NaN,NaN,NaN,NaN,NaN,NaN,NaN
10,NaN,NaN,NaN,NaN,NaN,NaN,NaN,NaN
11,NaN,NaN,NaN,NaN,NaN,NaN,NaN,NaN
1,NaN,NaN,NaN,NaN,NaN,NaN,NaN,NaN
2,NaN,NaN,NaN,NaN,NaN,NaN,NaN,NaN
3,NaN,NaN,NaN,NaN,NaN,NaN,NaN,NaN
4,NaN,NaN,NaN,NaN,NaN,NaN,NaN,NaN
5,NaN,NaN,NaN,NaN,NaN,NaN,NaN,NaN
6,NaN,NaN,NaN,NaN,NaN,NaN,NaN,NaN
7,NaN,NaN,NaN,NaN,NaN,NaN,NaN,NaN
8,NaN,NaN,NaN,NaN,NaN,NaN,NaN,NaN
9,NaN,NaN,NaN,NaN,NaN,NaN,NaN,NaN
10,NaN,NaN,NaN,NaN,NaN,NaN,NaN,NaN
11,NaN,NaN,NaN,NaN,NaN,NaN,NaN,NaN
1,NaN,NaN,NaN,NaN,NaN,NaN,NaN,NaN
2,NaN,NaN,NaN,NaN,NaN,NaN,NaN,NaN
3,NaN,NaN,NaN,NaN,NaN,NaN,NaN,NaN
4,NaN,NaN,NaN,NaN,NaN,NaN,NaN,NaN
5,NaN,NaN,NaN,NaN,NaN,NaN,NaN,NaN
6,NaN,NaN,NaN,NaN,NaN,NaN,NaN,NaN
7,NaN,NaN,NaN,NaN,NaN,NaN,NaN,NaN
8,NaN,NaN,NaN,NaN,NaN,NaN,NaN,NaN
9,NaN,NaN,NaN,NaN,NaN,NaN,NaN,NaN
10,NaN,NaN,NaN,NaN,NaN,NaN,NaN,NaN
11,NaN,NaN,NaN,NaN,NaN,NaN,NaN,NaN
1,NaN,NaN,NaN,NaN,NaN,NaN,NaN,NaN
2,NaN,NaN,NaN,NaN,NaN,NaN,NaN,NaN
3,NaN,NaN,NaN,NaN,NaN,NaN,NaN,NaN
4,NaN,NaN,NaN,NaN,NaN,NaN,NaN,NaN
5,NaN,NaN,NaN,NaN,NaN,NaN,NaN,NaN
6,NaN,NaN,NaN,NaN,NaN,NaN,NaN,NaN
7,NaN,NaN,NaN,NaN,NaN,NaN,NaN,NaN
8,NaN,NaN,NaN,NaN,NaN,NaN,NaN,NaN
9,NaN,NaN,NaN,NaN,NaN,NaN,NaN,NaN
10,NaN,NaN,NaN,NaN,NaN,NaN,NaN,NaN
11,NaN,NaN,NaN,NaN,NaN,NaN,NaN,NaN
1,NaN,NaN,NaN,NaN,NaN,NaN,NaN,NaN
2,NaN,NaN,NaN,NaN,NaN,NaN,NaN,NaN
3,NaN,NaN,NaN,NaN,NaN,NaN,NaN,NaN
4,NaN,NaN,NaN,NaN,NaN,NaN,NaN,NaN
5,NaN,NaN,NaN,NaN,NaN,NaN,NaN,NaN
6,NaN,NaN,NaN,NaN,NaN,NaN,NaN,NaN
7,NaN,NaN,NaN,NaN,NaN,NaN,NaN,NaN
8,NaN,NaN,NaN,NaN,NaN,NaN,NaN,NaN
9,NaN,NaN,NaN,NaN,NaN,NaN,NaN,NaN
10,NaN,NaN,NaN,NaN,NaN,NaN,NaN,NaN
11,NaN,NaN,NaN,NaN,NaN,NaN,NaN,NaN
1,NaN,NaN,NaN,NaN,NaN,NaN,NaN,NaN
2,NaN,NaN,NaN,NaN,NaN,NaN,NaN,NaN
3,NaN,NaN,NaN,NaN,NaN,NaN,NaN,NaN
4,NaN,NaN,NaN,NaN,NaN,NaN,NaN,NaN
5,NaN,NaN,NaN,NaN,NaN,NaN,NaN,NaN
6,NaN,NaN,NaN,NaN,NaN,NaN,NaN,NaN
7,NaN,NaN,NaN,NaN,NaN,NaN,NaN,NaN
8,NaN,NaN,NaN,NaN,NaN,NaN,NaN,NaN
9,NaN,NaN,NaN,NaN,NaN,NaN,NaN,NaN
10,NaN,NaN,NaN,NaN,NaN,NaN,NaN,NaN
11,NaN,NaN,NaN,NaN,NaN,NaN,NaN,NaN
1,NaN,NaN,NaN,NaN,NaN,NaN,NaN,NaN
2,NaN,NaN,NaN,NaN,NaN,NaN,NaN,NaN
3,NaN,NaN,NaN,NaN,NaN,NaN,NaN,NaN
4,NaN,NaN,NaN,NaN,NaN,NaN,NaN,NaN
5,NaN,NaN,NaN,NaN,NaN,NaN,NaN,NaN
6,NaN,NaN,NaN,NaN,NaN,NaN,NaN,NaN
7,NaN,NaN,NaN,NaN,NaN,NaN,NaN,NaN
8,NaN,NaN,NaN,NaN,NaN,NaN,NaN,NaN
9,NaN,NaN,NaN,NaN,NaN,NaN,NaN,NaN
10,NaN,NaN,NaN,NaN,NaN,NaN,NaN,NaN
11,NaN,NaN,NaN,NaN,NaN,NaN,NaN,NaN
1,NaN,NaN,NaN,NaN,NaN,NaN,NaN,NaN
2,NaN,NaN,NaN,NaN,NaN,NaN,NaN,NaN
3,NaN,NaN,NaN,NaN,NaN,NaN,NaN,NaN
4,NaN,NaN,NaN,NaN,NaN,NaN,NaN,NaN
5,NaN,NaN,NaN,NaN,NaN,NaN,NaN,NaN
6,NaN,NaN,NaN,NaN,NaN,NaN,NaN,NaN
7,NaN,NaN,NaN,NaN,NaN,NaN,NaN,NaN
8,NaN,NaN,NaN,NaN,NaN,NaN,NaN,NaN
9,NaN,NaN,NaN,NaN,NaN,NaN,NaN,NaN
10,NaN,NaN,NaN,NaN,NaN,NaN,NaN,NaN
11,NaN,NaN,NaN,NaN,NaN,NaN,NaN,NaN
1,NaN,NaN,NaN,NaN,NaN,NaN,NaN,NaN
2,NaN,NaN,NaN,NaN,NaN,NaN,NaN,NaN
3,NaN,NaN,NaN,NaN,NaN,NaN,NaN,NaN
4,NaN,NaN,NaN,NaN,NaN,NaN,NaN,NaN
5,NaN,NaN,NaN,NaN,NaN,NaN,NaN,NaN
6,NaN,NaN,NaN,NaN,NaN,NaN,NaN,NaN
7,NaN,NaN,NaN,NaN,NaN,NaN,NaN,NaN
8,NaN,NaN,NaN,NaN,NaN,NaN,NaN,NaN
9,NaN,NaN,NaN,NaN,NaN,NaN,NaN,NaN
10,NaN,NaN,NaN,NaN,NaN,NaN,NaN,NaN
11,NaN,NaN,NaN,NaN,NaN,NaN,NaN,NaN
1,NaN,NaN,NaN,NaN,NaN,NaN,NaN,NaN
2,NaN,NaN,NaN,NaN,NaN,NaN,NaN,NaN
3,NaN,NaN,NaN,NaN,NaN,NaN,NaN,NaN
4,NaN,NaN,NaN,NaN,NaN,NaN,NaN,NaN
5,NaN,NaN,NaN,NaN,NaN,NaN,NaN,NaN
6,NaN,NaN,NaN,NaN,NaN,NaN,NaN,NaN
7,NaN,NaN,NaN,NaN,NaN,NaN,NaN,NaN
8,NaN,NaN,NaN,NaN,NaN,NaN,NaN,NaN
9,NaN,NaN,NaN,NaN,NaN,NaN,NaN,NaN
10,NaN,NaN,NaN,NaN,NaN,NaN,NaN,NaN
11,NaN,NaN,NaN,NaN,NaN,NaN,NaN,NaN
1,NaN,NaN,NaN,NaN,NaN,NaN,NaN,NaN
2,NaN,NaN,NaN,NaN,NaN,NaN,NaN,NaN
3,NaN,NaN,NaN,NaN,NaN,NaN,NaN,NaN
4,NaN,NaN,NaN,NaN,NaN,NaN,NaN,NaN
5,NaN,NaN,NaN,NaN,NaN,NaN,NaN,NaN
6,NaN,NaN,NaN,NaN,NaN,NaN,NaN,NaN
7,NaN,NaN,NaN,NaN,NaN,NaN,NaN,NaN
8,NaN,NaN,NaN,NaN,NaN,NaN,NaN,NaN
9,NaN,NaN,NaN,NaN,NaN,NaN,NaN,NaN
10,NaN,NaN,NaN,NaN,NaN,NaN,NaN,NaN
11,NaN,NaN,NaN,NaN,NaN,NaN,NaN,NaN
1,NaN,NaN,NaN,NaN,NaN,NaN,NaN,NaN
2,NaN,NaN,NaN,NaN,NaN,NaN,NaN,NaN
3,NaN,NaN,NaN,NaN,NaN,NaN,NaN,NaN
4,NaN,NaN,NaN,NaN,NaN,NaN,NaN,NaN
5,NaN,NaN,NaN,NaN,NaN,NaN,NaN,NaN
6,NaN,NaN,NaN,NaN,NaN,NaN,NaN,NaN
7,NaN,NaN,NaN,NaN,NaN,NaN,NaN,NaN
8,NaN,NaN,NaN,NaN,NaN,NaN,NaN,NaN
9,NaN,NaN,NaN,NaN,NaN,NaN,NaN,NaN
10,NaN,NaN,NaN,NaN,NaN,NaN,NaN,NaN
11,NaN,NaN,NaN,NaN,NaN,NaN,NaN,NaN
1,NaN,NaN,NaN,NaN,NaN,NaN,NaN,NaN
2,NaN,NaN,NaN,NaN,NaN,NaN,NaN,NaN
3,NaN,NaN,NaN,NaN,NaN,NaN,NaN,NaN
4,NaN,NaN,NaN,NaN,NaN,NaN,NaN,NaN
5,NaN,NaN,NaN,NaN,NaN,NaN,NaN,NaN
6,NaN,NaN,NaN,NaN,NaN,NaN,NaN,NaN
7,NaN,NaN,NaN,NaN,NaN,NaN,NaN,NaN
8,NaN,NaN,NaN,NaN,NaN,NaN,NaN,NaN
9,NaN,NaN,NaN,NaN,NaN,NaN,NaN,NaN
10,NaN,NaN,NaN,NaN,NaN,NaN,NaN,NaN
11,NaN,NaN,NaN,NaN,NaN,NaN,NaN,NaN
1,NaN,NaN,NaN,NaN,NaN,NaN,NaN,NaN
2,NaN,NaN,NaN,NaN,NaN,NaN,NaN,NaN
3,NaN,NaN,NaN,NaN,NaN,NaN,NaN,NaN
4,NaN,NaN,NaN,NaN,NaN,NaN,NaN,NaN
5,NaN,NaN,NaN,NaN,NaN,NaN,NaN,NaN
6,NaN,NaN,NaN,NaN,NaN,NaN,NaN,NaN
7,NaN,NaN,NaN,NaN,NaN,NaN,NaN,NaN
8,NaN,NaN,NaN,NaN,NaN,NaN,NaN,NaN
9,NaN,NaN,NaN,NaN,NaN,NaN,NaN,NaN
10,NaN,NaN,NaN,NaN,NaN,NaN,NaN,NaN
11,NaN,NaN,NaN,NaN,NaN,NaN,NaN,NaN
1,NaN,NaN,NaN,NaN,NaN,NaN,NaN,NaN
2,NaN,NaN,NaN,NaN,NaN,NaN,NaN,NaN
3,NaN,NaN,NaN,NaN,NaN,NaN,NaN,NaN
4,NaN,NaN,NaN,NaN,NaN,NaN,NaN,NaN
5,NaN,NaN,NaN,NaN,NaN,NaN,NaN,NaN
6,NaN,NaN,NaN,NaN,NaN,NaN,NaN,NaN
7,NaN,NaN,NaN,NaN,NaN,NaN,NaN,NaN
8,NaN,NaN,NaN,NaN,NaN,NaN,NaN,NaN
9,NaN,NaN,NaN,NaN,NaN,NaN,NaN,NaN
10,NaN,NaN,NaN,NaN,NaN,NaN,NaN,NaN
11,NaN,NaN,NaN,NaN,NaN,NaN,NaN,NaN
1,NaN,NaN,NaN,NaN,NaN,NaN,NaN,NaN
2,NaN,NaN,NaN,NaN,NaN,NaN,NaN,NaN
3,NaN,NaN,NaN,NaN,NaN,NaN,NaN,NaN
4,NaN,NaN,NaN,NaN,NaN,NaN,NaN,NaN
5,NaN,NaN,NaN,NaN,NaN,NaN,NaN,NaN
6,NaN,NaN,NaN,NaN,NaN,NaN,NaN,NaN
7,NaN,NaN,NaN,NaN,NaN,NaN,NaN,NaN
8,NaN,NaN,NaN,NaN,NaN,NaN,NaN,NaN
9,NaN,NaN,NaN,NaN,NaN,NaN,NaN,NaN
10,NaN,NaN,NaN,NaN,NaN,NaN,NaN,NaN
11,NaN,NaN,NaN,NaN,NaN,NaN,NaN,NaN
1,NaN,NaN,NaN,NaN,NaN,NaN,NaN,NaN
2,NaN,NaN,NaN,NaN,NaN,NaN,NaN,NaN
3,NaN,NaN,NaN,NaN,NaN,NaN,NaN,NaN
4,NaN,NaN,NaN,NaN,NaN,NaN,NaN,NaN
5,NaN,NaN,NaN,NaN,NaN,NaN,NaN,NaN
6,NaN,NaN,NaN,NaN,NaN,NaN,NaN,NaN
7,NaN,NaN,NaN,NaN,NaN,NaN,NaN,NaN
8,NaN,NaN,NaN,NaN,NaN,NaN,NaN,NaN
9,NaN,NaN,NaN,NaN,NaN,NaN,NaN,NaN
10,NaN,NaN,NaN,NaN,NaN,NaN,NaN,NaN
11,NaN,NaN,NaN,NaN,NaN,NaN,NaN,NaN
1,NaN,NaN,NaN,NaN,NaN,NaN,NaN,NaN
2,NaN,NaN,NaN,NaN,NaN,NaN,NaN,NaN
3,NaN,NaN,NaN,NaN,NaN,NaN,NaN,NaN
4,NaN,NaN,NaN,NaN,NaN,NaN,NaN,NaN
5,NaN,NaN,NaN,NaN,NaN,NaN,NaN,NaN
6,NaN,NaN,NaN,NaN,NaN,NaN,NaN,NaN
7,NaN,NaN,NaN,NaN,NaN,NaN,NaN,NaN
8,NaN,NaN,NaN,NaN,NaN,NaN,NaN,NaN
9,NaN,NaN,NaN,NaN,NaN,NaN,NaN,NaN
10,NaN,NaN,NaN,NaN,NaN,NaN,NaN,NaN
11,NaN,NaN,NaN,NaN,NaN,NaN,NaN,NaN
1,NaN,NaN,NaN,NaN,NaN,NaN,NaN,NaN
2,NaN,NaN,NaN,NaN,NaN,NaN,NaN,NaN
3,NaN,NaN,NaN,NaN,NaN,NaN,NaN,NaN
4,NaN,NaN,NaN,NaN,NaN,NaN,NaN,NaN
5,NaN,NaN,NaN,NaN,NaN,NaN,NaN,NaN
6,NaN,NaN,NaN,NaN,NaN,NaN,NaN,NaN
7,NaN,NaN,NaN,NaN,NaN,NaN,NaN,NaN
8,NaN,NaN,NaN,NaN,NaN,NaN,NaN,NaN
9,NaN,NaN,NaN,NaN,NaN,NaN,NaN,NaN
10,NaN,NaN,NaN,NaN,NaN,NaN,NaN,NaN
11,NaN,NaN,NaN,NaN,NaN,NaN,NaN,NaN
1,NaN,NaN,NaN,NaN,NaN,NaN,NaN,NaN
2,NaN,NaN,NaN,NaN,NaN,NaN,NaN,NaN
3,NaN,NaN,NaN,NaN,NaN,NaN,NaN,NaN
4,NaN,NaN,NaN,NaN,NaN,NaN,NaN,NaN
5,NaN,NaN,NaN,NaN,NaN,NaN,NaN,NaN
6,NaN,NaN,NaN,NaN,NaN,NaN,NaN,NaN
7,NaN,NaN,NaN,NaN,NaN,NaN,NaN,NaN
8,NaN,NaN,NaN,NaN,NaN,NaN,NaN,NaN
9,NaN,NaN,NaN,NaN,NaN,NaN,NaN,NaN
10,NaN,NaN,NaN,NaN,NaN,NaN,NaN,NaN
11,NaN,NaN,NaN,NaN,NaN,NaN,NaN,NaN
1,NaN,NaN,NaN,NaN,NaN,NaN,NaN,NaN
2,NaN,NaN,NaN,NaN,NaN,NaN,NaN,NaN
3,NaN,NaN,NaN,NaN,NaN,NaN,NaN,NaN
4,NaN,NaN,NaN,NaN,NaN,NaN,NaN,NaN
5,NaN,NaN,NaN,NaN,NaN,NaN,NaN,NaN
6,NaN,NaN,NaN,NaN,NaN,NaN,NaN,NaN
7,NaN,NaN,NaN,NaN,NaN,NaN,NaN,NaN
8,NaN,NaN,NaN,NaN,NaN,NaN,NaN,NaN
9,NaN,NaN,NaN,NaN,NaN,NaN,NaN,NaN
10,NaN,NaN,NaN,NaN,NaN,NaN,NaN,NaN
11,NaN,NaN,NaN,NaN,NaN,NaN,NaN,NaN
1,NaN,NaN,NaN,NaN,NaN,NaN,NaN,NaN
2,NaN,NaN,NaN,NaN,NaN,NaN,NaN,NaN
3,NaN,NaN,NaN,NaN,NaN,NaN,NaN,NaN
4,NaN,NaN,NaN,NaN,NaN,NaN,NaN,NaN
5,NaN,NaN,NaN,NaN,NaN,NaN,NaN,NaN
6,NaN,NaN,NaN,NaN,NaN,NaN,NaN,NaN
7,NaN,NaN,NaN,NaN,NaN,NaN,NaN,NaN
8,NaN,NaN,NaN,NaN,NaN,NaN,NaN,NaN
9,NaN,NaN,NaN,NaN,NaN,NaN,NaN,NaN
10,NaN,NaN,NaN,NaN,NaN,NaN,NaN,NaN
11,NaN,NaN,NaN,NaN,NaN,NaN,NaN,NaN
1,NaN,NaN,NaN,NaN,NaN,NaN,NaN,NaN
2,NaN,NaN,NaN,NaN,NaN,NaN,NaN,NaN
3,NaN,NaN,NaN,NaN,NaN,NaN,NaN,NaN
4,NaN,NaN,NaN,NaN,NaN,NaN,NaN,NaN
5,NaN,NaN,NaN,NaN,NaN,NaN,NaN,NaN
6,NaN,NaN,NaN,NaN,NaN,NaN,NaN,NaN
7,NaN,NaN,NaN,NaN,NaN,NaN,NaN,NaN
8,NaN,NaN,NaN,NaN,NaN,NaN,NaN,NaN
9,NaN,NaN,NaN,NaN,NaN,NaN,NaN,NaN
10,NaN,NaN,NaN,NaN,NaN,NaN,NaN,NaN
11,NaN,NaN,NaN,NaN,NaN,NaN,NaN,NaN
1,NaN,NaN,NaN,NaN,NaN,NaN,NaN,NaN
2,NaN,NaN,NaN,NaN,NaN,NaN,NaN,NaN
3,NaN,NaN,NaN,NaN,NaN,NaN,NaN,NaN
4,NaN,NaN,NaN,NaN,NaN,NaN,NaN,NaN
5,NaN,NaN,NaN,NaN,NaN,NaN,NaN,NaN
6,NaN,NaN,NaN,NaN,NaN,NaN,NaN,NaN
7,NaN,NaN,NaN,NaN,NaN,NaN,NaN,NaN
8,NaN,NaN,NaN,NaN,NaN,NaN,NaN,NaN
9,NaN,NaN,NaN,NaN,NaN,NaN,NaN,NaN
10,NaN,NaN,NaN,NaN,NaN,NaN,NaN,NaN
11,NaN,NaN,NaN,NaN,NaN,NaN,NaN,NaN
1,NaN,NaN,NaN,NaN,NaN,NaN,NaN,NaN
2,NaN,NaN,NaN,NaN,NaN,NaN,NaN,NaN
3,NaN,NaN,NaN,NaN,NaN,NaN,NaN,NaN
4,NaN,NaN,NaN,NaN,NaN,NaN,NaN,NaN
5,NaN,NaN,NaN,NaN,NaN,NaN,NaN,NaN
6,NaN,NaN,NaN,NaN,NaN,NaN,NaN,NaN
7,NaN,NaN,NaN,NaN,NaN,NaN,NaN,NaN
8,NaN,NaN,NaN,NaN,NaN,NaN,NaN,NaN
9,NaN,NaN,NaN,NaN,NaN,NaN,NaN,NaN
10,NaN,NaN,NaN,NaN,NaN,NaN,NaN,NaN
11,NaN,NaN,NaN,NaN,NaN,NaN,NaN,NaN
1,NaN,NaN,NaN,NaN,NaN,NaN,NaN,NaN
2,NaN,NaN,NaN,NaN,NaN,NaN,NaN,NaN
3,NaN,NaN,NaN,NaN,NaN,NaN,NaN,NaN
4,NaN,NaN,NaN,NaN,NaN,NaN,NaN,NaN
5,NaN,NaN,NaN,NaN,NaN,NaN,NaN,NaN
6,NaN,NaN,NaN,NaN,NaN,NaN,NaN,NaN
7,NaN,NaN,NaN,NaN,NaN,NaN,NaN,NaN
8,NaN,NaN,NaN,NaN,NaN,NaN,NaN,NaN
9,NaN,NaN,NaN,NaN,NaN,NaN,NaN,NaN
10,NaN,NaN,NaN,NaN,NaN,NaN,NaN,NaN
11,NaN,NaN,NaN,NaN,NaN,NaN,NaN,NaN
1,NaN,NaN,NaN,NaN,NaN,NaN,NaN,NaN
2,NaN,NaN,NaN,NaN,NaN,NaN,NaN,NaN
3,NaN,NaN,NaN,NaN,NaN,NaN,NaN,NaN
4,NaN,NaN,NaN,NaN,NaN,NaN,NaN,NaN
5,NaN,NaN,NaN,NaN,NaN,NaN,NaN,NaN
6,NaN,NaN,NaN,NaN,NaN,NaN,NaN,NaN
7,NaN,NaN,NaN,NaN,NaN,NaN,NaN,NaN
8,NaN,NaN,NaN,NaN,NaN,NaN,NaN,NaN
9,NaN,NaN,NaN,NaN,NaN,NaN,NaN,NaN
10,NaN,NaN,NaN,NaN,NaN,NaN,NaN,NaN
11,NaN,NaN,NaN,NaN,NaN,NaN,NaN,NaN
1,NaN,NaN,NaN,NaN,NaN,NaN,NaN,NaN
2,NaN,NaN,NaN,NaN,NaN,NaN,NaN,NaN
3,NaN,NaN,NaN,NaN,NaN,NaN,NaN,NaN
4,NaN,NaN,NaN,NaN,NaN,NaN,NaN,NaN
5,NaN,NaN,NaN,NaN,NaN,NaN,NaN,NaN
6,NaN,NaN,NaN,NaN,NaN,NaN,NaN,NaN
7,NaN,NaN,NaN,NaN,NaN,NaN,NaN,NaN
8,NaN,NaN,NaN,NaN,NaN,NaN,NaN,NaN
9,NaN,NaN,NaN,NaN,NaN,NaN,NaN,NaN
10,NaN,NaN,NaN,NaN,NaN,NaN,NaN,NaN
11,NaN,NaN,NaN,NaN,NaN,NaN,NaN,NaN
1,NaN,NaN,NaN,NaN,NaN,NaN,NaN,NaN
2,NaN,NaN,NaN,NaN,NaN,NaN,NaN,NaN
3,NaN,NaN,NaN,NaN,NaN,NaN,NaN,NaN
4,NaN,NaN,NaN,NaN,NaN,NaN,NaN,NaN
5,NaN,NaN,NaN,NaN,NaN,NaN,NaN,NaN
6,NaN,NaN,NaN,NaN,NaN,NaN,NaN,NaN
7,NaN,NaN,NaN,NaN,NaN,NaN,NaN,NaN
8,NaN,NaN,NaN,NaN,NaN,NaN,NaN,NaN
9,NaN,NaN,NaN,NaN,NaN,NaN,NaN,NaN
10,NaN,NaN,NaN,NaN,NaN,NaN,NaN,NaN
11,NaN,NaN,NaN,NaN,NaN,NaN,NaN,NaN
1,NaN,NaN,NaN,NaN,NaN,NaN,NaN,NaN
2,NaN,NaN,NaN,NaN,NaN,NaN,NaN,NaN
3,NaN,NaN,NaN,NaN,NaN,NaN,NaN,NaN
4,NaN,NaN,NaN,NaN,NaN,NaN,NaN,NaN
5,NaN,NaN,NaN,NaN,NaN,NaN,NaN,NaN
6,NaN,NaN,NaN,NaN,NaN,NaN,NaN,NaN
7,NaN,NaN,NaN,NaN,NaN,NaN,NaN,NaN
8,NaN,NaN,NaN,NaN,NaN,NaN,NaN,NaN
9,NaN,NaN,NaN,NaN,NaN,NaN,NaN,NaN
10,NaN,NaN,NaN,NaN,NaN,NaN,NaN,NaN
11,NaN,NaN,NaN,NaN,NaN,NaN,NaN,NaN
1,NaN,NaN,NaN,NaN,NaN,NaN,NaN,NaN
2,NaN,NaN,NaN,NaN,NaN,NaN,NaN,NaN
3,NaN,NaN,NaN,NaN,NaN,NaN,NaN,NaN
4,NaN,NaN,NaN,NaN,NaN,NaN,NaN,NaN
5,NaN,NaN,NaN,NaN,NaN,NaN,NaN,NaN
6,NaN,NaN,NaN,NaN,NaN,NaN,NaN,NaN
7,NaN,NaN,NaN,NaN,NaN,NaN,NaN,NaN
8,NaN,NaN,NaN,NaN,NaN,NaN,NaN,NaN
9,NaN,NaN,NaN,NaN,NaN,NaN,NaN,NaN
10,NaN,NaN,NaN,NaN,NaN,NaN,NaN,NaN
11,NaN,NaN,NaN,NaN,NaN,NaN,NaN,NaN
1,NaN,NaN,NaN,NaN,NaN,NaN,NaN,NaN
2,NaN,NaN,NaN,NaN,NaN,NaN,NaN,NaN
3,NaN,NaN,NaN,NaN,NaN,NaN,NaN,NaN
4,NaN,NaN,NaN,NaN,NaN,NaN,NaN,NaN
5,NaN,NaN,NaN,NaN,NaN,NaN,NaN,NaN
6,NaN,NaN,NaN,NaN,NaN,NaN,NaN,NaN
7,NaN,NaN,NaN,NaN,NaN,NaN,NaN,NaN
8,NaN,NaN,NaN,NaN,NaN,NaN,NaN,NaN
9,NaN,NaN,NaN,NaN,NaN,NaN,NaN,NaN
10,NaN,NaN,NaN,NaN,NaN,NaN,NaN,NaN
11,NaN,NaN,NaN,NaN,NaN,NaN,NaN,NaN
1,NaN,NaN,NaN,NaN,NaN,NaN,NaN,NaN
2,NaN,NaN,NaN,NaN,NaN,NaN,NaN,NaN
3,NaN,NaN,NaN,NaN,NaN,NaN,NaN,NaN
4,NaN,NaN,NaN,NaN,NaN,NaN,NaN,NaN
5,NaN,NaN,NaN,NaN,NaN,NaN,NaN,NaN
6,NaN,NaN,NaN,NaN,NaN,NaN,NaN,NaN
7,NaN,NaN,NaN,NaN,NaN,NaN,NaN,NaN
8,NaN,NaN,NaN,NaN,NaN,NaN,NaN,NaN
9,NaN,NaN,NaN,NaN,NaN,NaN,NaN,NaN
10,NaN,NaN,NaN,NaN,NaN,NaN,NaN,NaN
11,NaN,NaN,NaN,NaN,NaN,NaN,NaN,NaN
1,NaN,NaN,NaN,NaN,NaN,NaN,NaN,NaN
2,NaN,NaN,NaN,NaN,NaN,NaN,NaN,NaN
3,NaN,NaN,NaN,NaN,NaN,NaN,NaN,NaN
4,NaN,NaN,NaN,NaN,NaN,NaN,NaN,NaN
5,NaN,NaN,NaN,NaN,NaN,NaN,NaN,NaN
6,NaN,NaN,NaN,NaN,NaN,NaN,NaN,NaN
7,NaN,NaN,NaN,NaN,NaN,NaN,NaN,NaN
8,NaN,NaN,NaN,NaN,NaN,NaN,NaN,NaN
9,NaN,NaN,NaN,NaN,NaN,NaN,NaN,NaN
10,NaN,NaN,NaN,NaN,NaN,NaN,NaN,NaN
11,NaN,NaN,NaN,NaN,NaN,NaN,NaN,NaN
1,NaN,NaN,NaN,NaN,NaN,NaN,NaN,NaN
2,NaN,NaN,NaN,NaN,NaN,NaN,NaN,NaN
3,NaN,NaN,NaN,NaN,NaN,NaN,NaN,NaN
4,NaN,NaN,NaN,NaN,NaN,NaN,NaN,NaN
5,NaN,NaN,NaN,NaN,NaN,NaN,NaN,NaN
6,NaN,NaN,NaN,NaN,NaN,NaN,NaN,NaN
7,NaN,NaN,NaN,NaN,NaN,NaN,NaN,NaN
8,NaN,NaN,NaN,NaN,NaN,NaN,NaN,NaN
9,NaN,NaN,NaN,NaN,NaN,NaN,NaN,NaN
10,NaN,NaN,NaN,NaN,NaN,NaN,NaN,NaN
11,NaN,NaN,NaN,NaN,NaN,NaN,NaN,NaN
1,NaN,NaN,NaN,NaN,NaN,NaN,NaN,NaN
2,NaN,NaN,NaN,NaN,NaN,NaN,NaN,NaN
3,NaN,NaN,NaN,NaN,NaN,NaN,NaN,NaN
4,NaN,NaN,NaN,NaN,NaN,NaN,NaN,NaN
5,NaN,NaN,NaN,NaN,NaN,NaN,NaN,NaN
6,NaN,NaN,NaN,NaN,NaN,NaN,NaN,NaN
7,NaN,NaN,NaN,NaN,NaN,NaN,NaN,NaN
8,NaN,NaN,NaN,NaN,NaN,NaN,NaN,NaN
9,NaN,NaN,NaN,NaN,NaN,NaN,NaN,NaN
10,NaN,NaN,NaN,NaN,NaN,NaN,NaN,NaN
11,NaN,NaN,NaN,NaN,NaN,NaN,NaN,NaN
1,NaN,NaN,NaN,NaN,NaN,NaN,NaN,NaN
2,NaN,NaN,NaN,NaN,NaN,NaN,NaN,NaN
3,NaN,NaN,NaN,NaN,NaN,NaN,NaN,NaN
4,NaN,NaN,NaN,NaN,NaN,NaN,NaN,NaN
5,NaN,NaN,NaN,NaN,NaN,NaN,NaN,NaN
6,NaN,NaN,NaN,NaN,NaN,NaN,NaN,NaN
7,NaN,NaN,NaN,NaN,NaN,NaN,NaN,NaN
8,NaN,NaN,NaN,NaN,NaN,NaN,NaN,NaN
9,NaN,NaN,NaN,NaN,NaN,NaN,NaN,NaN
10,NaN,NaN,NaN,NaN,NaN,NaN,NaN,NaN
11,NaN,NaN,NaN,NaN,NaN,NaN,NaN,NaN
1,NaN,NaN,NaN,NaN,NaN,NaN,NaN,NaN
2,NaN,NaN,NaN,NaN,NaN,NaN,NaN,NaN
3,NaN,NaN,NaN,NaN,NaN,NaN,NaN,NaN
4,NaN,NaN,NaN,NaN,NaN,NaN,NaN,NaN
5,NaN,NaN,NaN,NaN,NaN,NaN,NaN,NaN
6,NaN,NaN,NaN,NaN,NaN,NaN,NaN,NaN
7,NaN,NaN,NaN,NaN,NaN,NaN,NaN,NaN
8,NaN,NaN,NaN,NaN,NaN,NaN,NaN,NaN
9,NaN,NaN,NaN,NaN,NaN,NaN,NaN,NaN
10,NaN,NaN,NaN,NaN,NaN,NaN,NaN,NaN
11,NaN,NaN,NaN,NaN,NaN,NaN,NaN,NaN
1,NaN,NaN,NaN,NaN,NaN,NaN,NaN,NaN
2,NaN,NaN,NaN,NaN,NaN,NaN,NaN,NaN
3,NaN,NaN,NaN,NaN,NaN,NaN,NaN,NaN
4,NaN,NaN,NaN,NaN,NaN,NaN,NaN,NaN
5,NaN,NaN,NaN,NaN,NaN,NaN,NaN,NaN
6,NaN,NaN,NaN,NaN,NaN,NaN,NaN,NaN
7,NaN,NaN,NaN,NaN,NaN,NaN,NaN,NaN
8,NaN,NaN,NaN,NaN,NaN,NaN,NaN,NaN
9,NaN,NaN,NaN,NaN,NaN,NaN,NaN,NaN
10,NaN,NaN,NaN,NaN,NaN,NaN,NaN,NaN
11,NaN,NaN,NaN,NaN,NaN,NaN,NaN,NaN
1,NaN,NaN,NaN,NaN,NaN,NaN,NaN,NaN
2,NaN,NaN,NaN,NaN,NaN,NaN,NaN,NaN
3,NaN,NaN,NaN,NaN,NaN,NaN,NaN,NaN
4,NaN,NaN,NaN,NaN,NaN,NaN,NaN,NaN
5,NaN,NaN,NaN,NaN,NaN,NaN,NaN,NaN
6,NaN,NaN,NaN,NaN,NaN,NaN,NaN,NaN
7,NaN,NaN,NaN,NaN,NaN,NaN,NaN,NaN
8,NaN,NaN,NaN,NaN,NaN,NaN,NaN,NaN
9,NaN,NaN,NaN,NaN,NaN,NaN,NaN,NaN
10,NaN,NaN,NaN,NaN,NaN,NaN,NaN,NaN
11,NaN,NaN,NaN,NaN,NaN,NaN,NaN,NaN
1,NaN,NaN,NaN,NaN,NaN,NaN,NaN,NaN
2,NaN,NaN,NaN,NaN,NaN,NaN,NaN,NaN
3,NaN,NaN,NaN,NaN,NaN,NaN,NaN,NaN
4,NaN,NaN,NaN,NaN,NaN,NaN,NaN,NaN
5,NaN,NaN,NaN,NaN,NaN,NaN,NaN,NaN
6,NaN,NaN,NaN,NaN,NaN,NaN,NaN,NaN
7,NaN,NaN,NaN,NaN,NaN,NaN,NaN,NaN
8,NaN,NaN,NaN,NaN,NaN,NaN,NaN,NaN
9,NaN,NaN,NaN,NaN,NaN,NaN,NaN,NaN
10,NaN,NaN,NaN,NaN,NaN,NaN,NaN,NaN
11,NaN,NaN,NaN,NaN,NaN,NaN,NaN,NaN
1,NaN,NaN,NaN,NaN,NaN,NaN,NaN,NaN
2,NaN,NaN,NaN,NaN,NaN,NaN,NaN,NaN
3,NaN,NaN,NaN,NaN,NaN,NaN,NaN,NaN
4,NaN,NaN,NaN,NaN,NaN,NaN,NaN,NaN
5,NaN,NaN,NaN,NaN,NaN,NaN,NaN,NaN
6,NaN,NaN,NaN,NaN,NaN,NaN,NaN,NaN
7,NaN,NaN,NaN,NaN,NaN,NaN,NaN,NaN
8,NaN,NaN,NaN,NaN,NaN,NaN,NaN,NaN
9,NaN,NaN,NaN,NaN,NaN,NaN,NaN,NaN
10,NaN,NaN,NaN,NaN,NaN,NaN,NaN,NaN
11,NaN,NaN,NaN,NaN,NaN,NaN,NaN,NaN
1,NaN,NaN,NaN,NaN,NaN,NaN,NaN,NaN
2,NaN,NaN,NaN,NaN,NaN,NaN,NaN,NaN
3,NaN,NaN,NaN,NaN,NaN,NaN,NaN,NaN
4,NaN,NaN,NaN,NaN,NaN,NaN,NaN,NaN
5,NaN,NaN,NaN,NaN,NaN,NaN,NaN,NaN
6,NaN,NaN,NaN,NaN,NaN,NaN,NaN,NaN
7,NaN,NaN,NaN,NaN,NaN,NaN,NaN,NaN
8,NaN,NaN,NaN,NaN,NaN,NaN,NaN,NaN
9,NaN,NaN,NaN,NaN,NaN,NaN,NaN,NaN
10,NaN,NaN,NaN,NaN,NaN,NaN,NaN,NaN
11,NaN,NaN,NaN,NaN,NaN,NaN,NaN,NaN
1,NaN,NaN,NaN,NaN,NaN,NaN,NaN,NaN
2,NaN,NaN,NaN,NaN,NaN,NaN,NaN,NaN
3,NaN,NaN,NaN,NaN,NaN,NaN,NaN,NaN
4,NaN,NaN,NaN,NaN,NaN,NaN,NaN,NaN
5,NaN,NaN,NaN,NaN,NaN,NaN,NaN,NaN
6,NaN,NaN,NaN,NaN,NaN,NaN,NaN,NaN
7,NaN,NaN,NaN,NaN,NaN,NaN,NaN,NaN
8,NaN,NaN,NaN,NaN,NaN,NaN,NaN,NaN
9,NaN,NaN,NaN,NaN,NaN,NaN,NaN,NaN
10,NaN,NaN,NaN,NaN,NaN,NaN,NaN,NaN
11,NaN,NaN,NaN,NaN,NaN,NaN,NaN,NaN
1,NaN,NaN,NaN,NaN,NaN,NaN,NaN,NaN
2,NaN,NaN,NaN,NaN,NaN,NaN,NaN,NaN
3,NaN,NaN,NaN,NaN,NaN,NaN,NaN,NaN
4,NaN,NaN,NaN,NaN,NaN,NaN,NaN,NaN
5,NaN,NaN,NaN,NaN,NaN,NaN,NaN,NaN
6,NaN,NaN,NaN,NaN,NaN,NaN,NaN,NaN
7,NaN,NaN,NaN,NaN,NaN,NaN,NaN,NaN
8,NaN,NaN,NaN,NaN,NaN,NaN,NaN,NaN
9,NaN,NaN,NaN,NaN,NaN,NaN,NaN,NaN
10,NaN,NaN,NaN,NaN,NaN,NaN,NaN,NaN
11,NaN,NaN,NaN,NaN,NaN,NaN,NaN,NaN
1,NaN,NaN,NaN,NaN,NaN,NaN,NaN,NaN
2,NaN,NaN,NaN,NaN,NaN,NaN,NaN,NaN
3,NaN,NaN,NaN,NaN,NaN,NaN,NaN,NaN
4,NaN,NaN,NaN,NaN,NaN,NaN,NaN,NaN
5,NaN,NaN,NaN,NaN,NaN,NaN,NaN,NaN
6,NaN,NaN,NaN,NaN,NaN,NaN,NaN,NaN
7,NaN,NaN,NaN,NaN,NaN,NaN,NaN,NaN
8,NaN,NaN,NaN,NaN,NaN,NaN,NaN,NaN
9,NaN,NaN,NaN,NaN,NaN,NaN,NaN,NaN
10,NaN,NaN,NaN,NaN,NaN,NaN,NaN,NaN
11,NaN,NaN,NaN,NaN,NaN,NaN,NaN,NaN
1,NaN,NaN,NaN,NaN,NaN,NaN,NaN,NaN
2,NaN,NaN,NaN,NaN,NaN,NaN,NaN,NaN
3,NaN,NaN,NaN,NaN,NaN,NaN,NaN,NaN
4,NaN,NaN,NaN,NaN,NaN,NaN,NaN,NaN
5,NaN,NaN,NaN,NaN,NaN,NaN,NaN,NaN
6,NaN,NaN,NaN,NaN,NaN,NaN,NaN,NaN
7,NaN,NaN,NaN,NaN,NaN,NaN,NaN,NaN
8,NaN,NaN,NaN,NaN,NaN,NaN,NaN,NaN
9,NaN,NaN,NaN,NaN,NaN,NaN,NaN,NaN
10,NaN,NaN,NaN,NaN,NaN,NaN,NaN,NaN
11,NaN,NaN,NaN,NaN,NaN,NaN,NaN,NaN
1,NaN,NaN,NaN,NaN,NaN,NaN,NaN,NaN
2,NaN,NaN,NaN,NaN,NaN,NaN,NaN,NaN
3,NaN,NaN,NaN,NaN,NaN,NaN,NaN,NaN
4,NaN,NaN,NaN,NaN,NaN,NaN,NaN,NaN
5,NaN,NaN,NaN,NaN,NaN,NaN,NaN,NaN
6,NaN,NaN,NaN,NaN,NaN,NaN,NaN,NaN
7,NaN,NaN,NaN,NaN,NaN,NaN,NaN,NaN
8,NaN,NaN,NaN,NaN,NaN,NaN,NaN,NaN
9,NaN,NaN,NaN,NaN,NaN,NaN,NaN,NaN
10,NaN,NaN,NaN,NaN,NaN,NaN,NaN,NaN
11,NaN,NaN,NaN,NaN,NaN,NaN,NaN,NaN
1,NaN,NaN,NaN,NaN,NaN,NaN,NaN,NaN
2,NaN,NaN,NaN,NaN,NaN,NaN,NaN,NaN
3,NaN,NaN,NaN,NaN,NaN,NaN,NaN,NaN
4,NaN,NaN,NaN,NaN,NaN,NaN,NaN,NaN
5,NaN,NaN,NaN,NaN,NaN,NaN,NaN,NaN
6,NaN,NaN,NaN,NaN,NaN,NaN,NaN,NaN
7,NaN,NaN,NaN,NaN,NaN,NaN,NaN,NaN
8,NaN,NaN,NaN,NaN,NaN,NaN,NaN,NaN
9,NaN,NaN,NaN,NaN,NaN,NaN,NaN,NaN
10,NaN,NaN,NaN,NaN,NaN,NaN,NaN,NaN
11,NaN,NaN,NaN,NaN,NaN,NaN,NaN,NaN
1,NaN,NaN,NaN,NaN,NaN,NaN,NaN,NaN
2,NaN,NaN,NaN,NaN,NaN,NaN,NaN,NaN
3,NaN,NaN,NaN,NaN,NaN,NaN,NaN,NaN
4,NaN,NaN,NaN,NaN,NaN,NaN,NaN,NaN
5,NaN,NaN,NaN,NaN,NaN,NaN,NaN,NaN
6,NaN,NaN,NaN,NaN,NaN,NaN,NaN,NaN
7,NaN,NaN,NaN,NaN,NaN,NaN,NaN,NaN
8,NaN,NaN,NaN,NaN,NaN,NaN,NaN,NaN
9,NaN,NaN,NaN,NaN,NaN,NaN,NaN,NaN
10,NaN,NaN,NaN,NaN,NaN,NaN,NaN,NaN
11,NaN,NaN,NaN,NaN,NaN,NaN,NaN,NaN
1,NaN,NaN,NaN,NaN,NaN,NaN,NaN,NaN
2,NaN,NaN,NaN,NaN,NaN,NaN,NaN,NaN
3,NaN,NaN,NaN,NaN,NaN,NaN,NaN,NaN
4,NaN,NaN,NaN,NaN,NaN,NaN,NaN,NaN
5,NaN,NaN,NaN,NaN,NaN,NaN,NaN,NaN
6,NaN,NaN,NaN,NaN,NaN,NaN,NaN,NaN
7,NaN,NaN,NaN,NaN,NaN,NaN,NaN,NaN
8,NaN,NaN,NaN,NaN,NaN,NaN,NaN,NaN
9,NaN,NaN,NaN,NaN,NaN,NaN,NaN,NaN
10,NaN,NaN,NaN,NaN,NaN,NaN,NaN,NaN
11,NaN,NaN,NaN,NaN,NaN,NaN,NaN,NaN
1,NaN,NaN,NaN,NaN,NaN,NaN,NaN,NaN
2,NaN,NaN,NaN,NaN,NaN,NaN,NaN,NaN
3,NaN,NaN,NaN,NaN,NaN,NaN,NaN,NaN
4,NaN,NaN,NaN,NaN,NaN,NaN,NaN,NaN
5,NaN,NaN,NaN,NaN,NaN,NaN,NaN,NaN
6,NaN,NaN,NaN,NaN,NaN,NaN,NaN,NaN
7,NaN,NaN,NaN,NaN,NaN,NaN,NaN,NaN
8,NaN,NaN,NaN,NaN,NaN,NaN,NaN,NaN
9,NaN,NaN,NaN,NaN,NaN,NaN,NaN,NaN
10,NaN,NaN,NaN,NaN,NaN,NaN,NaN,NaN
11,NaN,NaN,NaN,NaN,NaN,NaN,NaN,NaN
1,NaN,NaN,NaN,NaN,NaN,NaN,NaN,NaN
2,NaN,NaN,NaN,NaN,NaN,NaN,NaN,NaN
3,NaN,NaN,NaN,NaN,NaN,NaN,NaN,NaN
4,NaN,NaN,NaN,NaN,NaN,NaN,NaN,NaN
5,NaN,NaN,NaN,NaN,NaN,NaN,NaN,NaN
6,NaN,NaN,NaN,NaN,NaN,NaN,NaN,NaN
7,NaN,NaN,NaN,NaN,NaN,NaN,NaN,NaN
8,NaN,NaN,NaN,NaN,NaN,NaN,NaN,NaN
9,NaN,NaN,NaN,NaN,NaN,NaN,NaN,NaN
10,NaN,NaN,NaN,NaN,NaN,NaN,NaN,NaN
11,NaN,NaN,NaN,NaN,NaN,NaN,NaN,NaN
1,NaN,NaN,NaN,NaN,NaN,NaN,NaN,NaN
2,NaN,NaN,NaN,NaN,NaN,NaN,NaN,NaN
3,NaN,NaN,NaN,NaN,NaN,NaN,NaN,NaN
4,NaN,NaN,NaN,NaN,NaN,NaN,NaN,NaN
5,NaN,NaN,NaN,NaN,NaN,NaN,NaN,NaN
6,NaN,NaN,NaN,NaN,NaN,NaN,NaN,NaN
7,NaN,NaN,NaN,NaN,NaN,NaN,NaN,NaN
8,NaN,NaN,NaN,NaN,NaN,NaN,NaN,NaN
9,NaN,NaN,NaN,NaN,NaN,NaN,NaN,NaN
10,NaN,NaN,NaN,NaN,NaN,NaN,NaN,NaN
11,NaN,NaN,NaN,NaN,NaN,NaN,NaN,NaN
1,NaN,NaN,NaN,NaN,NaN,NaN,NaN,NaN
2,NaN,NaN,NaN,NaN,NaN,NaN,NaN,NaN
3,NaN,NaN,NaN,NaN,NaN,NaN,NaN,NaN
4,NaN,NaN,NaN,NaN,NaN,NaN,NaN,NaN
5,NaN,NaN,NaN,NaN,NaN,NaN,NaN,NaN
6,NaN,NaN,NaN,NaN,NaN,NaN,NaN,NaN
7,NaN,NaN,NaN,NaN,NaN,NaN,NaN,NaN
8,NaN,NaN,NaN,NaN,NaN,NaN,NaN,NaN
9,NaN,NaN,NaN,NaN,NaN,NaN,NaN,NaN
10,NaN,NaN,NaN,NaN,NaN,NaN,NaN,NaN
11,NaN,NaN,NaN,NaN,NaN,NaN,NaN,NaN
1,NaN,NaN,NaN,NaN,NaN,NaN,NaN,NaN
2,NaN,NaN,NaN,NaN,NaN,NaN,NaN,NaN
3,NaN,NaN,NaN,NaN,NaN,NaN,NaN,NaN
4,NaN,NaN,NaN,NaN,NaN,NaN,NaN,NaN
5,NaN,NaN,NaN,NaN,NaN,NaN,NaN,NaN
6,NaN,NaN,NaN,NaN,NaN,NaN,NaN,NaN
7,NaN,NaN,NaN,NaN,NaN,NaN,NaN,NaN
8,NaN,NaN,NaN,NaN,NaN,NaN,NaN,NaN
9,NaN,NaN,NaN,NaN,NaN,NaN,NaN,NaN
10,NaN,NaN,NaN,NaN,NaN,NaN,NaN,NaN
11,NaN,NaN,NaN,NaN,NaN,NaN,NaN,NaN
1,NaN,NaN,NaN,NaN,NaN,NaN,NaN,NaN
2,NaN,NaN,NaN,NaN,NaN,NaN,NaN,NaN
3,NaN,NaN,NaN,NaN,NaN,NaN,NaN,NaN
4,NaN,NaN,NaN,NaN,NaN,NaN,NaN,NaN
5,NaN,NaN,NaN,NaN,NaN,NaN,NaN,NaN
6,NaN,NaN,NaN,NaN,NaN,NaN,NaN,NaN
7,NaN,NaN,NaN,NaN,NaN,NaN,NaN,NaN
8,NaN,NaN,NaN,NaN,NaN,NaN,NaN,NaN
9,NaN,NaN,NaN,NaN,NaN,NaN,NaN,NaN
10,NaN,NaN,NaN,NaN,NaN,NaN,NaN,NaN
11,NaN,NaN,NaN,NaN,NaN,NaN,NaN,NaN
1,NaN,NaN,NaN,NaN,NaN,NaN,NaN,NaN
2,NaN,NaN,NaN,NaN,NaN,NaN,NaN,NaN
3,NaN,NaN,NaN,NaN,NaN,NaN,NaN,NaN
4,NaN,NaN,NaN,NaN,NaN,NaN,NaN,NaN
5,NaN,NaN,NaN,NaN,NaN,NaN,NaN,NaN
6,NaN,NaN,NaN,NaN,NaN,NaN,NaN,NaN
7,NaN,NaN,NaN,NaN,NaN,NaN,NaN,NaN
8,NaN,NaN,NaN,NaN,NaN,NaN,NaN,NaN
9,NaN,NaN,NaN,NaN,NaN,NaN,NaN,NaN
10,NaN,NaN,NaN,NaN,NaN,NaN,NaN,NaN
11,NaN,NaN,NaN,NaN,NaN,NaN,NaN,NaN
1,NaN,NaN,NaN,NaN,NaN,NaN,NaN,NaN
2,NaN,NaN,NaN,NaN,NaN,NaN,NaN,NaN
3,NaN,NaN,NaN,NaN,NaN,NaN,NaN,NaN
4,NaN,NaN,NaN,NaN,NaN,NaN,NaN,NaN
5,NaN,NaN,NaN,NaN,NaN,NaN,NaN,NaN
6,NaN,NaN,NaN,NaN,NaN,NaN,NaN,NaN
7,NaN,NaN,NaN,NaN,NaN,NaN,NaN,NaN
8,NaN,NaN,NaN,NaN,NaN,NaN,NaN,NaN
9,NaN,NaN,NaN,NaN,NaN,NaN,NaN,NaN
10,NaN,NaN,NaN,NaN,NaN,NaN,NaN,NaN
11,NaN,NaN,NaN,NaN,NaN,NaN,NaN,NaN
1,NaN,NaN,NaN,NaN,NaN,NaN,NaN,NaN
2,NaN,NaN,NaN,NaN,NaN,NaN,NaN,NaN
3,NaN,NaN,NaN,NaN,NaN,NaN,NaN,NaN
4,NaN,NaN,NaN,NaN,NaN,NaN,NaN,NaN
5,NaN,NaN,NaN,NaN,NaN,NaN,NaN,NaN
6,NaN,NaN,NaN,NaN,NaN,NaN,NaN,NaN
7,NaN,NaN,NaN,NaN,NaN,NaN,NaN,NaN
8,NaN,NaN,NaN,NaN,NaN,NaN,NaN,NaN
9,NaN,NaN,NaN,NaN,NaN,NaN,NaN,NaN
10,NaN,NaN,NaN,NaN,NaN,NaN,NaN,NaN
11,NaN,NaN,NaN,NaN,NaN,NaN,NaN,NaN
1,NaN,NaN,NaN,NaN,NaN,NaN,NaN,NaN
2,NaN,NaN,NaN,NaN,NaN,NaN,NaN,NaN
3,NaN,NaN,NaN,NaN,NaN,NaN,NaN,NaN
4,NaN,NaN,NaN,NaN,NaN,NaN,NaN,NaN
5,NaN,NaN,NaN,NaN,NaN,NaN,NaN,NaN
6,NaN,NaN,NaN,NaN,NaN,NaN,NaN,NaN
7,NaN,NaN,NaN,NaN,NaN,NaN,NaN,NaN
8,NaN,NaN,NaN,NaN,NaN,NaN,NaN,NaN
9,NaN,NaN,NaN,NaN,NaN,NaN,NaN,NaN
10,NaN,NaN,NaN,NaN,NaN,NaN,NaN,NaN
11,NaN,NaN,NaN,NaN,NaN,NaN,NaN,NaN
1,NaN,NaN,NaN,NaN,NaN,NaN,NaN,NaN
2,NaN,NaN,NaN,NaN,NaN,NaN,NaN,NaN
3,NaN,NaN,NaN,NaN,NaN,NaN,NaN,NaN
4,NaN,NaN,NaN,NaN,NaN,NaN,NaN,NaN
5,NaN,NaN,NaN,NaN,NaN,NaN,NaN,NaN
6,NaN,NaN,NaN,NaN,NaN,NaN,NaN,NaN
7,NaN,NaN,NaN,NaN,NaN,NaN,NaN,NaN
8,NaN,NaN,NaN,NaN,NaN,NaN,NaN,NaN
9,NaN,NaN,NaN,NaN,NaN,NaN,NaN,NaN
10,NaN,NaN,NaN,NaN,NaN,NaN,NaN,NaN
11,NaN,NaN,NaN,NaN,NaN,NaN,NaN,NaN
1,NaN,NaN,NaN,NaN,NaN,NaN,NaN,NaN
2,NaN,NaN,NaN,NaN,NaN,NaN,NaN,NaN
3,NaN,NaN,NaN,NaN,NaN,NaN,NaN,NaN
4,NaN,NaN,NaN,NaN,NaN,NaN,NaN,NaN
5,NaN,NaN,NaN,NaN,NaN,NaN,NaN,NaN
6,NaN,NaN,NaN,NaN,NaN,NaN,NaN,NaN
7,NaN,NaN,NaN,NaN,NaN,NaN,NaN,NaN
8,NaN,NaN,NaN,NaN,NaN,NaN,NaN,NaN
9,NaN,NaN,NaN,NaN,NaN,NaN,NaN,NaN
10,NaN,NaN,NaN,NaN,NaN,NaN,NaN,NaN
11,NaN,NaN,NaN,NaN,NaN,NaN,NaN,NaN
1,NaN,NaN,NaN,NaN,NaN,NaN,NaN,NaN
2,NaN,NaN,NaN,NaN,NaN,NaN,NaN,NaN
3,NaN,NaN,NaN,NaN,NaN,NaN,NaN,NaN
4,NaN,NaN,NaN,NaN,NaN,NaN,NaN,NaN
5,NaN,NaN,NaN,NaN,NaN,NaN,NaN,NaN
6,NaN,NaN,NaN,NaN,NaN,NaN,NaN,NaN
7,NaN,NaN,NaN,NaN,NaN,NaN,NaN,NaN
8,NaN,NaN,NaN,NaN,NaN,NaN,NaN,NaN
9,NaN,NaN,NaN,NaN,NaN,NaN,NaN,NaN
10,NaN,NaN,NaN,NaN,NaN,NaN,NaN,NaN
11,NaN,NaN,NaN,NaN,NaN,NaN,NaN,NaN
1,NaN,NaN,NaN,NaN,NaN,NaN,NaN,NaN
2,NaN,NaN,NaN,NaN,NaN,NaN,NaN,NaN
3,NaN,NaN,NaN,NaN,NaN,NaN,NaN,NaN
4,NaN,NaN,NaN,NaN,NaN,NaN,NaN,NaN
5,NaN,NaN,NaN,NaN,NaN,NaN,NaN,NaN
6,NaN,NaN,NaN,NaN,NaN,NaN,NaN,NaN
7,NaN,NaN,NaN,NaN,NaN,NaN,NaN,NaN
8,NaN,NaN,NaN,NaN,NaN,NaN,NaN,NaN
9,NaN,NaN,NaN,NaN,NaN,NaN,NaN,NaN
10,NaN,NaN,NaN,NaN,NaN,NaN,NaN,NaN
11,NaN,NaN,NaN,NaN,NaN,NaN,NaN,NaN
1,NaN,NaN,NaN,NaN,NaN,NaN,NaN,NaN
2,NaN,NaN,NaN,NaN,NaN,NaN,NaN,NaN
3,NaN,NaN,NaN,NaN,NaN,NaN,NaN,NaN
4,NaN,NaN,NaN,NaN,NaN,NaN,NaN,NaN
5,NaN,NaN,NaN,NaN,NaN,NaN,NaN,NaN
6,NaN,NaN,NaN,NaN,NaN,NaN,NaN,NaN
7,NaN,NaN,NaN,NaN,NaN,NaN,NaN,NaN
8,NaN,NaN,NaN,NaN,NaN,NaN,NaN,NaN
9,NaN,NaN,NaN,NaN,NaN,NaN,NaN,NaN
10,NaN,NaN,NaN,NaN,NaN,NaN,NaN,NaN
11,NaN,NaN,NaN,NaN,NaN,NaN,NaN,NaN
1,NaN,NaN,NaN,NaN,NaN,NaN,NaN,NaN
2,NaN,NaN,NaN,NaN,NaN,NaN,NaN,NaN
3,NaN,NaN,NaN,NaN,NaN,NaN,NaN,NaN
4,NaN,NaN,NaN,NaN,NaN,NaN,NaN,NaN
5,NaN,NaN,NaN,NaN,NaN,NaN,NaN,NaN
6,NaN,NaN,NaN,NaN,NaN,NaN,NaN,NaN
7,NaN,NaN,NaN,NaN,NaN,NaN,NaN,NaN
8,NaN,NaN,NaN,NaN,NaN,NaN,NaN,NaN
9,NaN,NaN,NaN,NaN,NaN,NaN,NaN,NaN
10,NaN,NaN,NaN,NaN,NaN,NaN,NaN,NaN
11,NaN,NaN,NaN,NaN,NaN,NaN,NaN,NaN
1,NaN,NaN,NaN,NaN,NaN,NaN,NaN,NaN
2,NaN,NaN,NaN,NaN,NaN,NaN,NaN,NaN
3,NaN,NaN,NaN,NaN,NaN,NaN,NaN,NaN
4,NaN,NaN,NaN,NaN,NaN,NaN,NaN,NaN
5,NaN,NaN,NaN,NaN,NaN,NaN,NaN,NaN
6,NaN,NaN,NaN,NaN,NaN,NaN,NaN,NaN
7,NaN,NaN,NaN,NaN,NaN,NaN,NaN,NaN
8,NaN,NaN,NaN,NaN,NaN,NaN,NaN,NaN
9,NaN,NaN,NaN,NaN,NaN,NaN,NaN,NaN
10,NaN,NaN,NaN,NaN,NaN,NaN,NaN,NaN
11,NaN,NaN,NaN,NaN,NaN,NaN,NaN,NaN
1,NaN,NaN,NaN,NaN,NaN,NaN,NaN,NaN
2,NaN,NaN,NaN,NaN,NaN,NaN,NaN,NaN
3,NaN,NaN,NaN,NaN,NaN,NaN,NaN,NaN
4,NaN,NaN,NaN,NaN,NaN,NaN,NaN,NaN
5,NaN,NaN,NaN,NaN,NaN,NaN,NaN,NaN
6,NaN,NaN,NaN,NaN,NaN,NaN,NaN,NaN
7,NaN,NaN,NaN,NaN,NaN,NaN,NaN,NaN
8,NaN,NaN,NaN,NaN,NaN,NaN,NaN,NaN
9,NaN,NaN,NaN,NaN,NaN,NaN,NaN,NaN
10,NaN,NaN,NaN,NaN,NaN,NaN,NaN,NaN
11,NaN,NaN,NaN,NaN,NaN,NaN,NaN,NaN
1,NaN,NaN,NaN,NaN,NaN,NaN,NaN,NaN
2,NaN,NaN,NaN,NaN,NaN,NaN,NaN,NaN
3,NaN,NaN,NaN,NaN,NaN,NaN,NaN,NaN
4,NaN,NaN,NaN,NaN,NaN,NaN,NaN,NaN
5,NaN,NaN,NaN,NaN,NaN,NaN,NaN,NaN
6,NaN,NaN,NaN,NaN,NaN,NaN,NaN,NaN
7,NaN,NaN,NaN,NaN,NaN,NaN,NaN,NaN
8,NaN,NaN,NaN,NaN,NaN,NaN,NaN,NaN
9,NaN,NaN,NaN,NaN,NaN,NaN,NaN,NaN
10,NaN,NaN,NaN,NaN,NaN,NaN,NaN,NaN
11,NaN,NaN,NaN,NaN,NaN,NaN,NaN,NaN
1,NaN,NaN,NaN,NaN,NaN,NaN,NaN,NaN
2,NaN,NaN,NaN,NaN,NaN,NaN,NaN,NaN
3,NaN,NaN,NaN,NaN,NaN,NaN,NaN,NaN
4,NaN,NaN,NaN,NaN,NaN,NaN,NaN,NaN
5,NaN,NaN,NaN,NaN,NaN,NaN,NaN,NaN
6,NaN,NaN,NaN,NaN,NaN,NaN,NaN,NaN
7,NaN,NaN,NaN,NaN,NaN,NaN,NaN,NaN
8,NaN,NaN,NaN,NaN,NaN,NaN,NaN,NaN
9,NaN,NaN,NaN,NaN,NaN,NaN,NaN,NaN
10,NaN,NaN,NaN,NaN,NaN,NaN,NaN,NaN
11,NaN,NaN,NaN,NaN,NaN,NaN,NaN,NaN
1,NaN,NaN,NaN,NaN,NaN,NaN,NaN,NaN
2,NaN,NaN,NaN,NaN,NaN,NaN,NaN,NaN
3,NaN,NaN,NaN,NaN,NaN,NaN,NaN,NaN
4,NaN,NaN,NaN,NaN,NaN,NaN,NaN,NaN
5,NaN,NaN,NaN,NaN,NaN,NaN,NaN,NaN
6,NaN,NaN,NaN,NaN,NaN,NaN,NaN,NaN
7,NaN,NaN,NaN,NaN,NaN,NaN,NaN,NaN
8,NaN,NaN,NaN,NaN,NaN,NaN,NaN,NaN
9,NaN,NaN,NaN,NaN,NaN,NaN,NaN,NaN
10,NaN,NaN,NaN,NaN,NaN,NaN,NaN,NaN
11,NaN,NaN,NaN,NaN,NaN,NaN,NaN,NaN
1,NaN,NaN,NaN,NaN,NaN,NaN,NaN,NaN
2,NaN,NaN,NaN,NaN,NaN,NaN,NaN,NaN
3,NaN,NaN,NaN,NaN,NaN,NaN,NaN,NaN
4,NaN,NaN,NaN,NaN,NaN,NaN,NaN,NaN
5,NaN,NaN,NaN,NaN,NaN,NaN,NaN,NaN
6,NaN,NaN,NaN,NaN,NaN,NaN,NaN,NaN
7,NaN,NaN,NaN,NaN,NaN,NaN,NaN,NaN
8,NaN,NaN,NaN,NaN,NaN,NaN,NaN,NaN
9,NaN,NaN,NaN,NaN,NaN,NaN,NaN,NaN
10,NaN,NaN,NaN,NaN,NaN,NaN,NaN,NaN
11,NaN,NaN,NaN,NaN,NaN,NaN,NaN,NaN
1,NaN,NaN,NaN,NaN,NaN,NaN,NaN,NaN
2,NaN,NaN,NaN,NaN,NaN,NaN,NaN,NaN
3,NaN,NaN,NaN,NaN,NaN,NaN,NaN,NaN
4,NaN,NaN,NaN,NaN,NaN,NaN,NaN,NaN
5,NaN,NaN,NaN,NaN,NaN,NaN,NaN,NaN
6,NaN,NaN,NaN,NaN,NaN,NaN,NaN,NaN
7,NaN,NaN,NaN,NaN,NaN,NaN,NaN,NaN
8,NaN,NaN,NaN,NaN,NaN,NaN,NaN,NaN
9,NaN,NaN,NaN,NaN,NaN,NaN,NaN,NaN
10,NaN,NaN,NaN,NaN,NaN,NaN,NaN,NaN
11,NaN,NaN,NaN,NaN,NaN,NaN,NaN,NaN
1,NaN,NaN,NaN,NaN,NaN,NaN,NaN,NaN
2,NaN,NaN,NaN,NaN,NaN,NaN,NaN,NaN
3,NaN,NaN,NaN,NaN,NaN,NaN,NaN,NaN
4,NaN,NaN,NaN,NaN,NaN,NaN,NaN,NaN
5,NaN,NaN,NaN,NaN,NaN,NaN,NaN,NaN
6,NaN,NaN,NaN,NaN,NaN,NaN,NaN,NaN
7,NaN,NaN,NaN,NaN,NaN,NaN,NaN,NaN
8,NaN,NaN,NaN,NaN,NaN,NaN,NaN,NaN
9,NaN,NaN,NaN,NaN,NaN,NaN,NaN,NaN
10,NaN,NaN,NaN,NaN,NaN,NaN,NaN,NaN
11,NaN,NaN,NaN,NaN,NaN,NaN,NaN,NaN
1,NaN,NaN,NaN,NaN,NaN,NaN,NaN,NaN
2,NaN,NaN,NaN,NaN,NaN,NaN,NaN,NaN
3,NaN,NaN,NaN,NaN,NaN,NaN,NaN,NaN
4,NaN,NaN,NaN,NaN,NaN,NaN,NaN,NaN
5,NaN,NaN,NaN,NaN,NaN,NaN,NaN,NaN
6,NaN,NaN,NaN,NaN,NaN,NaN,NaN,NaN
7,NaN,NaN,NaN,NaN,NaN,NaN,NaN,NaN
8,NaN,NaN,NaN,NaN,NaN,NaN,NaN,NaN
9,NaN,NaN,NaN,NaN,NaN,NaN,NaN,NaN
10,NaN,NaN,NaN,NaN,NaN,NaN,NaN,NaN
11,NaN,NaN,NaN,NaN,NaN,NaN,NaN,NaN
1,NaN,NaN,NaN,NaN,NaN,NaN,NaN,NaN
2,NaN,NaN,NaN,NaN,NaN,NaN,NaN,NaN
3,NaN,NaN,NaN,NaN,NaN,NaN,NaN,NaN
4,NaN,NaN,NaN,NaN,NaN,NaN,NaN,NaN
5,NaN,NaN,NaN,NaN,NaN,NaN,NaN,NaN
6,NaN,NaN,NaN,NaN,NaN,NaN,NaN,NaN
7,NaN,NaN,NaN,NaN,NaN,NaN,NaN,NaN
8,NaN,NaN,NaN,NaN,NaN,NaN,NaN,NaN
9,NaN,NaN,NaN,NaN,NaN,NaN,NaN,NaN
10,NaN,NaN,NaN,NaN,NaN,NaN,NaN,NaN
11,NaN,NaN,NaN,NaN,NaN,NaN,NaN,NaN
1,NaN,NaN,NaN,NaN,NaN,NaN,NaN,NaN
2,NaN,NaN,NaN,NaN,NaN,NaN,NaN,NaN
3,NaN,NaN,NaN,NaN,NaN,NaN,NaN,NaN
4,NaN,NaN,NaN,NaN,NaN,NaN,NaN,NaN
5,NaN,NaN,NaN,NaN,NaN,NaN,NaN,NaN
6,NaN,NaN,NaN,NaN,NaN,NaN,NaN,NaN
7,NaN,NaN,NaN,NaN,NaN,NaN,NaN,NaN
8,NaN,NaN,NaN,NaN,NaN,NaN,NaN,NaN
9,NaN,NaN,NaN,NaN,NaN,NaN,NaN,NaN
10,NaN,NaN,NaN,NaN,NaN,NaN,NaN,NaN
11,NaN,NaN,NaN,NaN,NaN,NaN,NaN,NaN
1,NaN,NaN,NaN,NaN,NaN,NaN,NaN,NaN
2,NaN,NaN,NaN,NaN,NaN,NaN,NaN,NaN
3,NaN,NaN,NaN,NaN,NaN,NaN,NaN,NaN
4,NaN,NaN,NaN,NaN,NaN,NaN,NaN,NaN
5,NaN,NaN,NaN,NaN,NaN,NaN,NaN,NaN
6,NaN,NaN,NaN,NaN,NaN,NaN,NaN,NaN
7,NaN,NaN,NaN,NaN,NaN,NaN,NaN,NaN
8,NaN,NaN,NaN,NaN,NaN,NaN,NaN,NaN
9,NaN,NaN,NaN,NaN,NaN,NaN,NaN,NaN
10,NaN,NaN,NaN,NaN,NaN,NaN,NaN,NaN
11,NaN,NaN,NaN,NaN,NaN,NaN,NaN,NaN
1,NaN,NaN,NaN,NaN,NaN,NaN,NaN,NaN
2,NaN,NaN,NaN,NaN,NaN,NaN,NaN,NaN
3,NaN,NaN,NaN,NaN,NaN,NaN,NaN,NaN
4,NaN,NaN,NaN,NaN,NaN,NaN,NaN,NaN
5,NaN,NaN,NaN,NaN,NaN,NaN,NaN,NaN
6,NaN,NaN,NaN,NaN,NaN,NaN,NaN,NaN
7,NaN,NaN,NaN,NaN,NaN,NaN,NaN,NaN
8,NaN,NaN,NaN,NaN,NaN,NaN,NaN,NaN
9,NaN,NaN,NaN,NaN,NaN,NaN,NaN,NaN
10,NaN,NaN,NaN,NaN,NaN,NaN,NaN,NaN
11,NaN,NaN,NaN,NaN,NaN,NaN,NaN,NaN
1,NaN,NaN,NaN,NaN,NaN,NaN,NaN,NaN
2,NaN,NaN,NaN,NaN,NaN,NaN,NaN,NaN
3,NaN,NaN,NaN,NaN,NaN,NaN,NaN,NaN
4,NaN,NaN,NaN,NaN,NaN,NaN,NaN,NaN
5,NaN,NaN,NaN,NaN,NaN,NaN,NaN,NaN
6,NaN,NaN,NaN,NaN,NaN,NaN,NaN,NaN
7,NaN,NaN,NaN,NaN,NaN,NaN,NaN,NaN
8,NaN,NaN,NaN,NaN,NaN,NaN,NaN,NaN
9,NaN,NaN,NaN,NaN,NaN,NaN,NaN,NaN
10,NaN,NaN,NaN,NaN,NaN,NaN,NaN,NaN
11,NaN,NaN,NaN,NaN,NaN,NaN,NaN,NaN
1,NaN,NaN,NaN,NaN,NaN,NaN,NaN,NaN
2,NaN,NaN,NaN,NaN,NaN,NaN,NaN,NaN
3,NaN,NaN,NaN,NaN,NaN,NaN,NaN,NaN
4,NaN,NaN,NaN,NaN,NaN,NaN,NaN,NaN
5,NaN,NaN,NaN,NaN,NaN,NaN,NaN,NaN
6,NaN,NaN,NaN,NaN,NaN,NaN,NaN,NaN
7,NaN,NaN,NaN,NaN,NaN,NaN,NaN,NaN
8,NaN,NaN,NaN,NaN,NaN,NaN,NaN,NaN
9,NaN,NaN,NaN,NaN,NaN,NaN,NaN,NaN
10,NaN,NaN,NaN,NaN,NaN,NaN,NaN,NaN
11,NaN,NaN,NaN,NaN,NaN,NaN,NaN,NaN
1,NaN,NaN,NaN,NaN,NaN,NaN,NaN,NaN
2,NaN,NaN,NaN,NaN,NaN,NaN,NaN,NaN
3,NaN,NaN,NaN,NaN,NaN,NaN,NaN,NaN
4,NaN,NaN,NaN,NaN,NaN,NaN,NaN,NaN
5,NaN,NaN,NaN,NaN,NaN,NaN,NaN,NaN
6,NaN,NaN,NaN,NaN,NaN,NaN,NaN,NaN
7,NaN,NaN,NaN,NaN,NaN,NaN,NaN,NaN
8,NaN,NaN,NaN,NaN,NaN,NaN,NaN,NaN
9,NaN,NaN,NaN,NaN,NaN,NaN,NaN,NaN
10,NaN,NaN,NaN,NaN,NaN,NaN,NaN,NaN
11,NaN,NaN,NaN,NaN,NaN,NaN,NaN,NaN
1,NaN,NaN,NaN,NaN,NaN,NaN,NaN,NaN
2,NaN,NaN,NaN,NaN,NaN,NaN,NaN,NaN
3,NaN,NaN,NaN,NaN,NaN,NaN,NaN,NaN
4,NaN,NaN,NaN,NaN,NaN,NaN,NaN,NaN
5,NaN,NaN,NaN,NaN,NaN,NaN,NaN,NaN
6,NaN,NaN,NaN,NaN,NaN,NaN,NaN,NaN
7,NaN,NaN,NaN,NaN,NaN,NaN,NaN,NaN
8,NaN,NaN,NaN,NaN,NaN,NaN,NaN,NaN
9,NaN,NaN,NaN,NaN,NaN,NaN,NaN,NaN
10,NaN,NaN,NaN,NaN,NaN,NaN,NaN,NaN
11,NaN,NaN,NaN,NaN,NaN,NaN,NaN,NaN
1,NaN,NaN,NaN,NaN,NaN,NaN,NaN,NaN
2,NaN,NaN,NaN,NaN,NaN,NaN,NaN,NaN
3,NaN,NaN,NaN,NaN,NaN,NaN,NaN,NaN
4,NaN,NaN,NaN,NaN,NaN,NaN,NaN,NaN
5,NaN,NaN,NaN,NaN,NaN,NaN,NaN,NaN
6,NaN,NaN,NaN,NaN,NaN,NaN,NaN,NaN
7,NaN,NaN,NaN,NaN,NaN,NaN,NaN,NaN
8,NaN,NaN,NaN,NaN,NaN,NaN,NaN,NaN
9,NaN,NaN,NaN,NaN,NaN,NaN,NaN,NaN
10,NaN,NaN,NaN,NaN,NaN,NaN,NaN,NaN
11,NaN,NaN,NaN,NaN,NaN,NaN,NaN,NaN
1,NaN,NaN,NaN,NaN,NaN,NaN,NaN,NaN
2,NaN,NaN,NaN,NaN,NaN,NaN,NaN,NaN
3,NaN,NaN,NaN,NaN,NaN,NaN,NaN,NaN
4,NaN,NaN,NaN,NaN,NaN,NaN,NaN,NaN
5,NaN,NaN,NaN,NaN,NaN,NaN,NaN,NaN
6,NaN,NaN,NaN,NaN,NaN,NaN,NaN,NaN
7,NaN,NaN,NaN,NaN,NaN,NaN,NaN,NaN
8,NaN,NaN,NaN,NaN,NaN,NaN,NaN,NaN
9,NaN,NaN,NaN,NaN,NaN,NaN,NaN,NaN
10,NaN,NaN,NaN,NaN,NaN,NaN,NaN,NaN
11,NaN,NaN,NaN,NaN,NaN,NaN,NaN,NaN
1,NaN,NaN,NaN,NaN,NaN,NaN,NaN,NaN
2,NaN,NaN,NaN,NaN,NaN,NaN,NaN,NaN
3,NaN,NaN,NaN,NaN,NaN,NaN,NaN,NaN
4,NaN,NaN,NaN,NaN,NaN,NaN,NaN,NaN
5,NaN,NaN,NaN,NaN,NaN,NaN,NaN,NaN
6,NaN,NaN,NaN,NaN,NaN,NaN,NaN,NaN
7,NaN,NaN,NaN,NaN,NaN,NaN,NaN,NaN
8,NaN,NaN,NaN,NaN,NaN,NaN,NaN,NaN
9,NaN,NaN,NaN,NaN,NaN,NaN,NaN,NaN
10,NaN,NaN,NaN,NaN,NaN,NaN,NaN,NaN
11,NaN,NaN,NaN,NaN,NaN,NaN,NaN,NaN
1,NaN,NaN,NaN,NaN,NaN,NaN,NaN,NaN
2,NaN,NaN,NaN,NaN,NaN,NaN,NaN,NaN
3,NaN,NaN,NaN,NaN,NaN,NaN,NaN,NaN
4,NaN,NaN,NaN,NaN,NaN,NaN,NaN,NaN
5,NaN,NaN,NaN,NaN,NaN,NaN,NaN,NaN
6,NaN,NaN,NaN,NaN,NaN,NaN,NaN,NaN
7,NaN,NaN,NaN,NaN,NaN,NaN,NaN,NaN
8,NaN,NaN,NaN,NaN,NaN,NaN,NaN,NaN
9,NaN,NaN,NaN,NaN,NaN,NaN,NaN,NaN
10,NaN,NaN,NaN,NaN,NaN,NaN,NaN,NaN
11,NaN,NaN,NaN,NaN,NaN,NaN,NaN,NaN
1,NaN,NaN,NaN,NaN,NaN,NaN,NaN,NaN
2,NaN,NaN,NaN,NaN,NaN,NaN,NaN,NaN
3,NaN,NaN,NaN,NaN,NaN,NaN,NaN,NaN
4,NaN,NaN,NaN,NaN,NaN,NaN,NaN,NaN
5,NaN,NaN,NaN,NaN,NaN,NaN,NaN,NaN
6,NaN,NaN,NaN,NaN,NaN,NaN,NaN,NaN
7,NaN,NaN,NaN,NaN,NaN,NaN,NaN,NaN
8,NaN,NaN,NaN,NaN,NaN,NaN,NaN,NaN
9,NaN,NaN,NaN,NaN,NaN,NaN,NaN,NaN
10,NaN,NaN,NaN,NaN,NaN,NaN,NaN,NaN
11,NaN,NaN,NaN,NaN,NaN,NaN,NaN,NaN
1,NaN,NaN,NaN,NaN,NaN,NaN,NaN,NaN
2,NaN,NaN,NaN,NaN,NaN,NaN,NaN,NaN
3,NaN,NaN,NaN,NaN,NaN,NaN,NaN,NaN
4,NaN,NaN,NaN,NaN,NaN,NaN,NaN,NaN
5,NaN,NaN,NaN,NaN,NaN,NaN,NaN,NaN
6,NaN,NaN,NaN,NaN,NaN,NaN,NaN,NaN
7,NaN,NaN,NaN,NaN,NaN,NaN,NaN,NaN
8,NaN,NaN,NaN,NaN,NaN,NaN,NaN,NaN
9,NaN,NaN,NaN,NaN,NaN,NaN,NaN,NaN
10,NaN,NaN,NaN,NaN,NaN,NaN,NaN,NaN
11,NaN,NaN,NaN,NaN,NaN,NaN,NaN,NaN
1,NaN,NaN,NaN,NaN,NaN,NaN,NaN,NaN
2,NaN,NaN,NaN,NaN,NaN,NaN,NaN,NaN
3,NaN,NaN,NaN,NaN,NaN,NaN,NaN,NaN
4,NaN,NaN,NaN,NaN,NaN,NaN,NaN,NaN
5,NaN,NaN,NaN,NaN,NaN,NaN,NaN,NaN
6,NaN,NaN,NaN,NaN,NaN,NaN,NaN,NaN
7,NaN,NaN,NaN,NaN,NaN,NaN,NaN,NaN
8,NaN,NaN,NaN,NaN,NaN,NaN,NaN,NaN
9,NaN,NaN,NaN,NaN,NaN,NaN,NaN,NaN
10,NaN,NaN,NaN,NaN,NaN,NaN,NaN,NaN
11,NaN,NaN,NaN,NaN,NaN,NaN,NaN,NaN
1,NaN,NaN,NaN,NaN,NaN,NaN,NaN,NaN
2,NaN,NaN,NaN,NaN,NaN,NaN,NaN,NaN
3,NaN,NaN,NaN,NaN,NaN,NaN,NaN,NaN
4,NaN,NaN,NaN,NaN,NaN,NaN,NaN,NaN
5,NaN,NaN,NaN,NaN,NaN,NaN,NaN,NaN
6,NaN,NaN,NaN,NaN,NaN,NaN,NaN,NaN
7,NaN,NaN,NaN,NaN,NaN,NaN,NaN,NaN
8,NaN,NaN,NaN,NaN,NaN,NaN,NaN,NaN
9,NaN,NaN,NaN,NaN,NaN,NaN,NaN,NaN
10,NaN,NaN,NaN,NaN,NaN,NaN,NaN,NaN
11,NaN,NaN,NaN,NaN,NaN,NaN,NaN,NaN
1,NaN,NaN,NaN,NaN,NaN,NaN,NaN,NaN
2,NaN,NaN,NaN,NaN,NaN,NaN,NaN,NaN
3,NaN,NaN,NaN,NaN,NaN,NaN,NaN,NaN
4,NaN,NaN,NaN,NaN,NaN,NaN,NaN,NaN
5,NaN,NaN,NaN,NaN,NaN,NaN,NaN,NaN
6,NaN,NaN,NaN,NaN,NaN,NaN,NaN,NaN
7,NaN,NaN,NaN,NaN,NaN,NaN,NaN,NaN
8,NaN,NaN,NaN,NaN,NaN,NaN,NaN,NaN
9,NaN,NaN,NaN,NaN,NaN,NaN,NaN,NaN
10,NaN,NaN,NaN,NaN,NaN,NaN,NaN,NaN
11,NaN,NaN,NaN,NaN,NaN,NaN,NaN,NaN
1,NaN,NaN,NaN,NaN,NaN,NaN,NaN,NaN
2,NaN,NaN,NaN,NaN,NaN,NaN,NaN,NaN
3,NaN,NaN,NaN,NaN,NaN,NaN,NaN,NaN
4,NaN,NaN,NaN,NaN,NaN,NaN,NaN,NaN
5,NaN,NaN,NaN,NaN,NaN,NaN,NaN,NaN
6,NaN,NaN,NaN,NaN,NaN,NaN,NaN,NaN
7,NaN,NaN,NaN,NaN,NaN,NaN,NaN,NaN
8,NaN,NaN,NaN,NaN,NaN,NaN,NaN,NaN
9,NaN,NaN,NaN,NaN,NaN,NaN,NaN,NaN
10,NaN,NaN,NaN,NaN,NaN,NaN,NaN,NaN
11,NaN,NaN,NaN,NaN,NaN,NaN,NaN,NaN
1,NaN,NaN,NaN,NaN,NaN,NaN,NaN,NaN
2,NaN,NaN,NaN,NaN,NaN,NaN,NaN,NaN
3,NaN,NaN,NaN,NaN,NaN,NaN,NaN,NaN
4,NaN,NaN,NaN,NaN,NaN,NaN,NaN,NaN
5,NaN,NaN,NaN,NaN,NaN,NaN,NaN,NaN
6,NaN,NaN,NaN,NaN,NaN,NaN,NaN,NaN
7,NaN,NaN,NaN,NaN,NaN,NaN,NaN,NaN
8,NaN,NaN,NaN,NaN,NaN,NaN,NaN,NaN
9,NaN,NaN,NaN,NaN,NaN,NaN,NaN,NaN
10,NaN,NaN,NaN,NaN,NaN,NaN,NaN,NaN
11,NaN,NaN,NaN,NaN,NaN,NaN,NaN,NaN
1,NaN,NaN,NaN,NaN,NaN,NaN,NaN,NaN
2,NaN,NaN,NaN,NaN,NaN,NaN,NaN,NaN
3,NaN,NaN,NaN,NaN,NaN,NaN,NaN,NaN
4,NaN,NaN,NaN,NaN,NaN,NaN,NaN,NaN
5,NaN,NaN,NaN,NaN,NaN,NaN,NaN,NaN
6,NaN,NaN,NaN,NaN,NaN,NaN,NaN,NaN
7,NaN,NaN,NaN,NaN,NaN,NaN,NaN,NaN
8,NaN,NaN,NaN,NaN,NaN,NaN,NaN,NaN
9,NaN,NaN,NaN,NaN,NaN,NaN,NaN,NaN
10,NaN,NaN,NaN,NaN,NaN,NaN,NaN,NaN
11,NaN,NaN,NaN,NaN,NaN,NaN,NaN,NaN
1,NaN,NaN,NaN,NaN,NaN,NaN,NaN,NaN
2,NaN,NaN,NaN,NaN,NaN,NaN,NaN,NaN
3,NaN,NaN,NaN,NaN,NaN,NaN,NaN,NaN
4,NaN,NaN,NaN,NaN,NaN,NaN,NaN,NaN
5,NaN,NaN,NaN,NaN,NaN,NaN,NaN,NaN
6,NaN,NaN,NaN,NaN,NaN,NaN,NaN,NaN
7,NaN,NaN,NaN,NaN,NaN,NaN,NaN,NaN
8,NaN,NaN,NaN,NaN,NaN,NaN,NaN,NaN
9,NaN,NaN,NaN,NaN,NaN,NaN,NaN,NaN
10,NaN,NaN,NaN,NaN,NaN,NaN,NaN,NaN
11,NaN,NaN,NaN,NaN,NaN,NaN,NaN,NaN
1,NaN,NaN,NaN,NaN,NaN,NaN,NaN,NaN
2,NaN,NaN,NaN,NaN,NaN,NaN,NaN,NaN
3,NaN,NaN,NaN,NaN,NaN,NaN,NaN,NaN
4,NaN,NaN,NaN,NaN,NaN,NaN,NaN,NaN
5,NaN,NaN,NaN,NaN,NaN,NaN,NaN,NaN
6,NaN,NaN,NaN,NaN,NaN,NaN,NaN,NaN
7,NaN,NaN,NaN,NaN,NaN,NaN,NaN,NaN
8,NaN,NaN,NaN,NaN,NaN,NaN,NaN,NaN
9,NaN,NaN,NaN,NaN,NaN,NaN,NaN,NaN
10,NaN,NaN,NaN,NaN,NaN,NaN,NaN,NaN
11,NaN,NaN,NaN,NaN,NaN,NaN,NaN,NaN
1,NaN,NaN,NaN,NaN,NaN,NaN,NaN,NaN
2,NaN,NaN,NaN,NaN,NaN,NaN,NaN,NaN
3,NaN,NaN,NaN,NaN,NaN,NaN,NaN,NaN
4,NaN,NaN,NaN,NaN,NaN,NaN,NaN,NaN
5,NaN,NaN,NaN,NaN,NaN,NaN,NaN,NaN
6,NaN,NaN,NaN,NaN,NaN,NaN,NaN,NaN
7,NaN,NaN,NaN,NaN,NaN,NaN,NaN,NaN
8,NaN,NaN,NaN,NaN,NaN,NaN,NaN,NaN
9,NaN,NaN,NaN,NaN,NaN,NaN,NaN,NaN
10,NaN,NaN,NaN,NaN,NaN,NaN,NaN,NaN
11,NaN,NaN,NaN,NaN,NaN,NaN,NaN,NaN
1,NaN,NaN,NaN,NaN,NaN,NaN,NaN,NaN
2,NaN,NaN,NaN,NaN,NaN,NaN,NaN,NaN
3,NaN,NaN,NaN,NaN,NaN,NaN,NaN,NaN
4,NaN,NaN,NaN,NaN,NaN,NaN,NaN,NaN
5,NaN,NaN,NaN,NaN,NaN,NaN,NaN,NaN
6,NaN,NaN,NaN,NaN,NaN,NaN,NaN,NaN
7,NaN,NaN,NaN,NaN,NaN,NaN,NaN,NaN
8,NaN,NaN,NaN,NaN,NaN,NaN,NaN,NaN
9,NaN,NaN,NaN,NaN,NaN,NaN,NaN,NaN
10,NaN,NaN,NaN,NaN,NaN,NaN,NaN,NaN
11,NaN,NaN,NaN,NaN,NaN,NaN,NaN,NaN
1,NaN,NaN,NaN,NaN,NaN,NaN,NaN,NaN
2,NaN,NaN,NaN,NaN,NaN,NaN,NaN,NaN
3,NaN,NaN,NaN,NaN,NaN,NaN,NaN,NaN
4,NaN,NaN,NaN,NaN,NaN,NaN,NaN,NaN
5,NaN,NaN,NaN,NaN,NaN,NaN,NaN,NaN
6,NaN,NaN,NaN,NaN,NaN,NaN,NaN,NaN
7,NaN,NaN,NaN,NaN,NaN,NaN,NaN,NaN
8,NaN,NaN,NaN,NaN,NaN,NaN,NaN,NaN
9,NaN,NaN,NaN,NaN,NaN,NaN,NaN,NaN
10,NaN,NaN,NaN,NaN,NaN,NaN,NaN,NaN
11,NaN,NaN,NaN,NaN,NaN,NaN,NaN,NaN
1,NaN,NaN,NaN,NaN,NaN,NaN,NaN,NaN
2,NaN,NaN,NaN,NaN,NaN,NaN,NaN,NaN
3,NaN,NaN,NaN,NaN,NaN,NaN,NaN,NaN
4,NaN,NaN,NaN,NaN,NaN,NaN,NaN,NaN
5,NaN,NaN,NaN,NaN,NaN,NaN,NaN,NaN
6,NaN,NaN,NaN,NaN,NaN,NaN,NaN,NaN
7,NaN,NaN,NaN,NaN,NaN,NaN,NaN,NaN
8,NaN,NaN,NaN,NaN,NaN,NaN,NaN,NaN
9,NaN,NaN,NaN,NaN,NaN,NaN,NaN,NaN
10,NaN,NaN,NaN,NaN,NaN,NaN,NaN,NaN
11,NaN,NaN,NaN,NaN,NaN,NaN,NaN,NaN
1,NaN,NaN,NaN,NaN,NaN,NaN,NaN,NaN
2,NaN,NaN,NaN,NaN,NaN,NaN,NaN,NaN
3,NaN,NaN,NaN,NaN,NaN,NaN,NaN,NaN
4,NaN,NaN,NaN,NaN,NaN,NaN,NaN,NaN
5,NaN,NaN,NaN,NaN,NaN,NaN,NaN,NaN
6,NaN,NaN,NaN,NaN,NaN,NaN,NaN,NaN
7,NaN,NaN,NaN,NaN,NaN,NaN,NaN,NaN
8,NaN,NaN,NaN,NaN,NaN,NaN,NaN,NaN
9,NaN,NaN,NaN,NaN,NaN,NaN,NaN,NaN
10,NaN,NaN,NaN,NaN,NaN,NaN,NaN,NaN
11,NaN,NaN,NaN,NaN,NaN,NaN,NaN,NaN
1,NaN,NaN,NaN,NaN,NaN,NaN,NaN,NaN
2,NaN,NaN,NaN,NaN,NaN,NaN,NaN,NaN
3,NaN,NaN,NaN,NaN,NaN,NaN,NaN,NaN
4,NaN,NaN,NaN,NaN,NaN,NaN,NaN,NaN
5,NaN,NaN,NaN,NaN,NaN,NaN,NaN,NaN
6,NaN,NaN,NaN,NaN,NaN,NaN,NaN,NaN
7,NaN,NaN,NaN,NaN,NaN,NaN,NaN,NaN
8,NaN,NaN,NaN,NaN,NaN,NaN,NaN,NaN
9,NaN,NaN,NaN,NaN,NaN,NaN,NaN,NaN
10,NaN,NaN,NaN,NaN,NaN,NaN,NaN,NaN
11,NaN,NaN,NaN,NaN,NaN,NaN,NaN,NaN
1,NaN,NaN,NaN,NaN,NaN,NaN,NaN,NaN
2,NaN,NaN,NaN,NaN,NaN,NaN,NaN,NaN
3,NaN,NaN,NaN,NaN,NaN,NaN,NaN,NaN
4,NaN,NaN,NaN,NaN,NaN,NaN,NaN,NaN
5,NaN,NaN,NaN,NaN,NaN,NaN,NaN,NaN
6,NaN,NaN,NaN,NaN,NaN,NaN,NaN,NaN
7,NaN,NaN,NaN,NaN,NaN,NaN,NaN,NaN
8,NaN,NaN,NaN,NaN,NaN,NaN,NaN,NaN
9,NaN,NaN,NaN,NaN,NaN,NaN,NaN,NaN
10,NaN,NaN,NaN,NaN,NaN,NaN,NaN,NaN
11,NaN,NaN,NaN,NaN,NaN,NaN,NaN,NaN
1,NaN,NaN,NaN,NaN,NaN,NaN,NaN,NaN
2,NaN,NaN,NaN,NaN,NaN,NaN,NaN,NaN
3,NaN,NaN,NaN,NaN,NaN,NaN,NaN,NaN
4,NaN,NaN,NaN,NaN,NaN,NaN,NaN,NaN
5,NaN,NaN,NaN,NaN,NaN,NaN,NaN,NaN
6,NaN,NaN,NaN,NaN,NaN,NaN,NaN,NaN
7,NaN,NaN,NaN,NaN,NaN,NaN,NaN,NaN
8,NaN,NaN,NaN,NaN,NaN,NaN,NaN,NaN
9,NaN,NaN,NaN,NaN,NaN,NaN,NaN,NaN
10,NaN,NaN,NaN,NaN,NaN,NaN,NaN,NaN
11,NaN,NaN,NaN,NaN,NaN,NaN,NaN,NaN
1,NaN,NaN,NaN,NaN,NaN,NaN,NaN,NaN
2,NaN,NaN,NaN,NaN,NaN,NaN,NaN,NaN
3,NaN,NaN,NaN,NaN,NaN,NaN,NaN,NaN
4,NaN,NaN,NaN,NaN,NaN,NaN,NaN,NaN
5,NaN,NaN,NaN,NaN,NaN,NaN,NaN,NaN
6,NaN,NaN,NaN,NaN,NaN,NaN,NaN,NaN
7,NaN,NaN,NaN,NaN,NaN,NaN,NaN,NaN
8,NaN,NaN,NaN,NaN,NaN,NaN,NaN,NaN
9,NaN,NaN,NaN,NaN,NaN,NaN,NaN,NaN
10,NaN,NaN,NaN,NaN,NaN,NaN,NaN,NaN
11,NaN,NaN,NaN,NaN,NaN,NaN,NaN,NaN
1,NaN,NaN,NaN,NaN,NaN,NaN,NaN,NaN
2,NaN,NaN,NaN,NaN,NaN,NaN,NaN,NaN
3,NaN,NaN,NaN,NaN,NaN,NaN,NaN,NaN
4,NaN,NaN,NaN,NaN,NaN,NaN,NaN,NaN
5,NaN,NaN,NaN,NaN,NaN,NaN,NaN,NaN
6,NaN,NaN,NaN,NaN,NaN,NaN,NaN,NaN
7,NaN,NaN,NaN,NaN,NaN,NaN,NaN,NaN
8,NaN,NaN,NaN,NaN,NaN,NaN,NaN,NaN
9,NaN,NaN,NaN,NaN,NaN,NaN,NaN,NaN
10,NaN,NaN,NaN,NaN,NaN,NaN,NaN,NaN
11,NaN,NaN,NaN,NaN,NaN,NaN,NaN,NaN
1,NaN,NaN,NaN,NaN,NaN,NaN,NaN,NaN
2,NaN,NaN,NaN,NaN,NaN,NaN,NaN,NaN
3,NaN,NaN,NaN,NaN,NaN,NaN,NaN,NaN
4,NaN,NaN,NaN,NaN,NaN,NaN,NaN,NaN
5,NaN,NaN,NaN,NaN,NaN,NaN,NaN,NaN
6,NaN,NaN,NaN,NaN,NaN,NaN,NaN,NaN
7,NaN,NaN,NaN,NaN,NaN,NaN,NaN,NaN
8,NaN,NaN,NaN,NaN,NaN,NaN,NaN,NaN
9,NaN,NaN,NaN,NaN,NaN,NaN,NaN,NaN
10,NaN,NaN,NaN,NaN,NaN,NaN,NaN,NaN
11,NaN,NaN,NaN,NaN,NaN,NaN,NaN,NaN
1,NaN,NaN,NaN,NaN,NaN,NaN,NaN,NaN
2,NaN,NaN,NaN,NaN,NaN,NaN,NaN,NaN
3,NaN,NaN,NaN,NaN,NaN,NaN,NaN,NaN
4,NaN,NaN,NaN,NaN,NaN,NaN,NaN,NaN
5,NaN,NaN,NaN,NaN,NaN,NaN,NaN,NaN
6,NaN,NaN,NaN,NaN,NaN,NaN,NaN,NaN
7,NaN,NaN,NaN,NaN,NaN,NaN,NaN,NaN
8,NaN,NaN,NaN,NaN,NaN,NaN,NaN,NaN
9,NaN,NaN,NaN,NaN,NaN,NaN,NaN,NaN
10,NaN,NaN,NaN,NaN,NaN,NaN,NaN,NaN
11,NaN,NaN,NaN,NaN,NaN,NaN,NaN,NaN
1,NaN,NaN,NaN,NaN,NaN,NaN,NaN,NaN
2,NaN,NaN,NaN,NaN,NaN,NaN,NaN,NaN
3,NaN,NaN,NaN,NaN,NaN,NaN,NaN,NaN
4,NaN,NaN,NaN,NaN,NaN,NaN,NaN,NaN
5,NaN,NaN,NaN,NaN,NaN,NaN,NaN,NaN
6,NaN,NaN,NaN,NaN,NaN,NaN,NaN,NaN
7,NaN,NaN,NaN,NaN,NaN,NaN,NaN,NaN
8,NaN,NaN,NaN,NaN,NaN,NaN,NaN,NaN
9,NaN,NaN,NaN,NaN,NaN,NaN,NaN,NaN
10,NaN,NaN,NaN,NaN,NaN,NaN,NaN,NaN
11,NaN,NaN,NaN,NaN,NaN,NaN,NaN,NaN
1,NaN,NaN,NaN,NaN,NaN,NaN,NaN,NaN
2,NaN,NaN,NaN,NaN,NaN,NaN,NaN,NaN
3,NaN,NaN,NaN,NaN,NaN,NaN,NaN,NaN
4,NaN,NaN,NaN,NaN,NaN,NaN,NaN,NaN
5,NaN,NaN,NaN,NaN,NaN,NaN,NaN,NaN
6,NaN,NaN,NaN,NaN,NaN,NaN,NaN,NaN
7,NaN,NaN,NaN,NaN,NaN,NaN,NaN,NaN
8,NaN,NaN,NaN,NaN,NaN,NaN,NaN,NaN
9,NaN,NaN,NaN,NaN,NaN,NaN,NaN,NaN
10,NaN,NaN,NaN,NaN,NaN,NaN,NaN,NaN
11,NaN,NaN,NaN,NaN,NaN,NaN,NaN,NaN
1,NaN,NaN,NaN,NaN,NaN,NaN,NaN,NaN
2,NaN,NaN,NaN,NaN,NaN,NaN,NaN,NaN
3,NaN,NaN,NaN,NaN,NaN,NaN,NaN,NaN
4,NaN,NaN,NaN,NaN,NaN,NaN,NaN,NaN
5,NaN,NaN,NaN,NaN,NaN,NaN,NaN,NaN
6,NaN,NaN,NaN,NaN,NaN,NaN,NaN,NaN
7,NaN,NaN,NaN,NaN,NaN,NaN,NaN,NaN
8,NaN,NaN,NaN,NaN,NaN,NaN,NaN,NaN
9,NaN,NaN,NaN,NaN,NaN,NaN,NaN,NaN
10,NaN,NaN,NaN,NaN,NaN,NaN,NaN,NaN
11,NaN,NaN,NaN,NaN,NaN,NaN,NaN,NaN
1,NaN,NaN,NaN,NaN,NaN,NaN,NaN,NaN
2,NaN,NaN,NaN,NaN,NaN,NaN,NaN,NaN
3,NaN,NaN,NaN,NaN,NaN,NaN,NaN,NaN
4,NaN,NaN,NaN,NaN,NaN,NaN,NaN,NaN
5,NaN,NaN,NaN,NaN,NaN,NaN,NaN,NaN
6,NaN,NaN,NaN,NaN,NaN,NaN,NaN,NaN
7,NaN,NaN,NaN,NaN,NaN,NaN,NaN,NaN
8,NaN,NaN,NaN,NaN,NaN,NaN,NaN,NaN
9,NaN,NaN,NaN,NaN,NaN,NaN,NaN,NaN
10,NaN,NaN,NaN,NaN,NaN,NaN,NaN,NaN
11,NaN,NaN,NaN,NaN,NaN,NaN,NaN,NaN
1,NaN,NaN,NaN,NaN,NaN,NaN,NaN,NaN
2,NaN,NaN,NaN,NaN,NaN,NaN,NaN,NaN
3,NaN,NaN,NaN,NaN,NaN,NaN,NaN,NaN
4,NaN,NaN,NaN,NaN,NaN,NaN,NaN,NaN
5,NaN,NaN,NaN,NaN,NaN,NaN,NaN,NaN
6,NaN,NaN,NaN,NaN,NaN,NaN,NaN,NaN
7,NaN,NaN,NaN,NaN,NaN,NaN,NaN,NaN
8,NaN,NaN,NaN,NaN,NaN,NaN,NaN,NaN
9,NaN,NaN,NaN,NaN,NaN,NaN,NaN,NaN
10,NaN,NaN,NaN,NaN,NaN,NaN,NaN,NaN
11,NaN,NaN,NaN,NaN,NaN,NaN,NaN,NaN
1,NaN,NaN,NaN,NaN,NaN,NaN,NaN,NaN
2,NaN,NaN,NaN,NaN,NaN,NaN,NaN,NaN
3,NaN,NaN,NaN,NaN,NaN,NaN,NaN,NaN
4,NaN,NaN,NaN,NaN,NaN,NaN,NaN,NaN
5,NaN,NaN,NaN,NaN,NaN,NaN,NaN,NaN
6,NaN,NaN,NaN,NaN,NaN,NaN,NaN,NaN
7,NaN,NaN,NaN,NaN,NaN,NaN,NaN,NaN
8,NaN,NaN,NaN,NaN,NaN,NaN,NaN,NaN
9,NaN,NaN,NaN,NaN,NaN,NaN,NaN,NaN
10,NaN,NaN,NaN,NaN,NaN,NaN,NaN,NaN
11,NaN,NaN,NaN,NaN,NaN,NaN,NaN,NaN
1,NaN,NaN,NaN,NaN,NaN,NaN,NaN,NaN
2,NaN,NaN,NaN,NaN,NaN,NaN,NaN,NaN
3,NaN,NaN,NaN,NaN,NaN,NaN,NaN,NaN
4,NaN,NaN,NaN,NaN,NaN,NaN,NaN,NaN
5,NaN,NaN,NaN,NaN,NaN,NaN,NaN,NaN
6,NaN,NaN,NaN,NaN,NaN,NaN,NaN,NaN
7,NaN,NaN,NaN,NaN,NaN,NaN,NaN,NaN
8,NaN,NaN,NaN,NaN,NaN,NaN,NaN,NaN
9,NaN,NaN,NaN,NaN,NaN,NaN,NaN,NaN
10,NaN,NaN,NaN,NaN,NaN,NaN,NaN,NaN
11,NaN,NaN,NaN,NaN,NaN,NaN,NaN,NaN
1,NaN,NaN,NaN,NaN,NaN,NaN,NaN,NaN
2,NaN,NaN,NaN,NaN,NaN,NaN,NaN,NaN
3,NaN,NaN,NaN,NaN,NaN,NaN,NaN,NaN
4,NaN,NaN,NaN,NaN,NaN,NaN,NaN,NaN
5,NaN,NaN,NaN,NaN,NaN,NaN,NaN,NaN
6,NaN,NaN,NaN,NaN,NaN,NaN,NaN,NaN
7,NaN,NaN,NaN,NaN,NaN,NaN,NaN,NaN
8,NaN,NaN,NaN,NaN,NaN,NaN,NaN,NaN
9,NaN,NaN,NaN,NaN,NaN,NaN,NaN,NaN
10,NaN,NaN,NaN,NaN,NaN,NaN,NaN,NaN
11,NaN,NaN,NaN,NaN,NaN,NaN,NaN,NaN
1,NaN,NaN,NaN,NaN,NaN,NaN,NaN,NaN
2,NaN,NaN,NaN,NaN,NaN,NaN,NaN,NaN
3,NaN,NaN,NaN,NaN,NaN,NaN,NaN,NaN
4,NaN,NaN,NaN,NaN,NaN,NaN,NaN,NaN
5,NaN,NaN,NaN,NaN,NaN,NaN,NaN,NaN
6,NaN,NaN,NaN,NaN,NaN,NaN,NaN,NaN
7,NaN,NaN,NaN,NaN,NaN,NaN,NaN,NaN
8,NaN,NaN,NaN,NaN,NaN,NaN,NaN,NaN
9,NaN,NaN,NaN,NaN,NaN,NaN,NaN,NaN
10,NaN,NaN,NaN,NaN,NaN,NaN,NaN,NaN
11,NaN,NaN,NaN,NaN,NaN,NaN,NaN,NaN
1,NaN,NaN,NaN,NaN,NaN,NaN,NaN,NaN
2,NaN,NaN,NaN,NaN,NaN,NaN,NaN,NaN
3,NaN,NaN,NaN,NaN,NaN,NaN,NaN,NaN
4,NaN,NaN,NaN,NaN,NaN,NaN,NaN,NaN
5,NaN,NaN,NaN,NaN,NaN,NaN,NaN,NaN
6,NaN,NaN,NaN,NaN,NaN,NaN,NaN,NaN
7,NaN,NaN,NaN,NaN,NaN,NaN,NaN,NaN
8,NaN,NaN,NaN,NaN,NaN,NaN,NaN,NaN
9,NaN,NaN,NaN,NaN,NaN,NaN,NaN,NaN
10,NaN,NaN,NaN,NaN,NaN,NaN,NaN,NaN
11,NaN,NaN,NaN,NaN,NaN,NaN,NaN,NaN
1,NaN,NaN,NaN,NaN,NaN,NaN,NaN,NaN
2,NaN,NaN,NaN,NaN,NaN,NaN,NaN,NaN
3,NaN,NaN,NaN,NaN,NaN,NaN,NaN,NaN
4,NaN,NaN,NaN,NaN,NaN,NaN,NaN,NaN
5,NaN,NaN,NaN,NaN,NaN,NaN,NaN,NaN
6,NaN,NaN,NaN,NaN,NaN,NaN,NaN,NaN
7,NaN,NaN,NaN,NaN,NaN,NaN,NaN,NaN
8,NaN,NaN,NaN,NaN,NaN,NaN,NaN,NaN
9,NaN,NaN,NaN,NaN,NaN,NaN,NaN,NaN
10,NaN,NaN,NaN,NaN,NaN,NaN,NaN,NaN
11,NaN,NaN,NaN,NaN,NaN,NaN,NaN,NaN
1,NaN,NaN,NaN,NaN,NaN,NaN,NaN,NaN
2,NaN,NaN,NaN,NaN,NaN,NaN,NaN,NaN
3,NaN,NaN,NaN,NaN,NaN,NaN,NaN,NaN
4,NaN,NaN,NaN,NaN,NaN,NaN,NaN,NaN
5,NaN,NaN,NaN,NaN,NaN,NaN,NaN,NaN
6,NaN,NaN,NaN,NaN,NaN,NaN,NaN,NaN
7,NaN,NaN,NaN,NaN,NaN,NaN,NaN,NaN
8,NaN,NaN,NaN,NaN,NaN,NaN,NaN,NaN
9,NaN,NaN,NaN,NaN,NaN,NaN,NaN,NaN
10,NaN,NaN,NaN,NaN,NaN,NaN,NaN,NaN
11,NaN,NaN,NaN,NaN,NaN,NaN,NaN,NaN
1,NaN,NaN,NaN,NaN,NaN,NaN,NaN,NaN
2,NaN,NaN,NaN,NaN,NaN,NaN,NaN,NaN
3,NaN,NaN,NaN,NaN,NaN,NaN,NaN,NaN
4,NaN,NaN,NaN,NaN,NaN,NaN,NaN,NaN
5,NaN,NaN,NaN,NaN,NaN,NaN,NaN,NaN
6,NaN,NaN,NaN,NaN,NaN,NaN,NaN,NaN
7,NaN,NaN,NaN,NaN,NaN,NaN,NaN,NaN
8,NaN,NaN,NaN,NaN,NaN,NaN,NaN,NaN
9,NaN,NaN,NaN,NaN,NaN,NaN,NaN,NaN
10,NaN,NaN,NaN,NaN,NaN,NaN,NaN,NaN
11,NaN,NaN,NaN,NaN,NaN,NaN,NaN,NaN
1,NaN,NaN,NaN,NaN,NaN,NaN,NaN,NaN
2,NaN,NaN,NaN,NaN,NaN,NaN,NaN,NaN
3,NaN,NaN,NaN,NaN,NaN,NaN,NaN,NaN
4,NaN,NaN,NaN,NaN,NaN,NaN,NaN,NaN
5,NaN,NaN,NaN,NaN,NaN,NaN,NaN,NaN
6,NaN,NaN,NaN,NaN,NaN,NaN,NaN,NaN
7,NaN,NaN,NaN,NaN,NaN,NaN,NaN,NaN
8,NaN,NaN,NaN,NaN,NaN,NaN,NaN,NaN
9,NaN,NaN,NaN,NaN,NaN,NaN,NaN,NaN
10,NaN,NaN,NaN,NaN,NaN,NaN,NaN,NaN
11,NaN,NaN,NaN,NaN,NaN,NaN,NaN,NaN
1,NaN,NaN,NaN,NaN,NaN,NaN,NaN,NaN
2,NaN,NaN,NaN,NaN,NaN,NaN,NaN,NaN
3,NaN,NaN,NaN,NaN,NaN,NaN,NaN,NaN
4,NaN,NaN,NaN,NaN,NaN,NaN,NaN,NaN
5,NaN,NaN,NaN,NaN,NaN,NaN,NaN,NaN
6,NaN,NaN,NaN,NaN,NaN,NaN,NaN,NaN
7,NaN,NaN,NaN,NaN,NaN,NaN,NaN,NaN
8,NaN,NaN,NaN,NaN,NaN,NaN,NaN,NaN
9,NaN,NaN,NaN,NaN,NaN,NaN,NaN,NaN
10,NaN,NaN,NaN,NaN,NaN,NaN,NaN,NaN
11,NaN,NaN,NaN,NaN,NaN,NaN,NaN,NaN
1,NaN,NaN,NaN,NaN,NaN,NaN,NaN,NaN
2,NaN,NaN,NaN,NaN,NaN,NaN,NaN,NaN
3,NaN,NaN,NaN,NaN,NaN,NaN,NaN,NaN
4,NaN,NaN,NaN,NaN,NaN,NaN,NaN,NaN
5,NaN,NaN,NaN,NaN,NaN,NaN,NaN,NaN
6,NaN,NaN,NaN,NaN,NaN,NaN,NaN,NaN
7,NaN,NaN,NaN,NaN,NaN,NaN,NaN,NaN
8,NaN,NaN,NaN,NaN,NaN,NaN,NaN,NaN
9,NaN,NaN,NaN,NaN,NaN,NaN,NaN,NaN
10,NaN,NaN,NaN,NaN,NaN,NaN,NaN,NaN
11,NaN,NaN,NaN,NaN,NaN,NaN,NaN,NaN
1,NaN,NaN,NaN,NaN,NaN,NaN,NaN,NaN
2,NaN,NaN,NaN,NaN,NaN,NaN,NaN,NaN
3,NaN,NaN,NaN,NaN,NaN,NaN,NaN,NaN
4,NaN,NaN,NaN,NaN,NaN,NaN,NaN,NaN
5,NaN,NaN,NaN,NaN,NaN,NaN,NaN,NaN
6,NaN,NaN,NaN,NaN,NaN,NaN,NaN,NaN
7,NaN,NaN,NaN,NaN,NaN,NaN,NaN,NaN
8,NaN,NaN,NaN,NaN,NaN,NaN,NaN,NaN
9,NaN,NaN,NaN,NaN,NaN,NaN,NaN,NaN
10,NaN,NaN,NaN,NaN,NaN,NaN,NaN,NaN
11,NaN,NaN,NaN,NaN,NaN,NaN,NaN,NaN
1,NaN,NaN,NaN,NaN,NaN,NaN,NaN,NaN
2,NaN,NaN,NaN,NaN,NaN,NaN,NaN,NaN
3,NaN,NaN,NaN,NaN,NaN,NaN,NaN,NaN
4,NaN,NaN,NaN,NaN,NaN,NaN,NaN,NaN
5,NaN,NaN,NaN,NaN,NaN,NaN,NaN,NaN
6,NaN,NaN,NaN,NaN,NaN,NaN,NaN,NaN
7,NaN,NaN,NaN,NaN,NaN,NaN,NaN,NaN
8,NaN,NaN,NaN,NaN,NaN,NaN,NaN,NaN
9,NaN,NaN,NaN,NaN,NaN,NaN,NaN,NaN
10,NaN,NaN,NaN,NaN,NaN,NaN,NaN,NaN
11,NaN,NaN,NaN,NaN,NaN,NaN,NaN,NaN
1,NaN,NaN,NaN,NaN,NaN,NaN,NaN,NaN
2,NaN,NaN,NaN,NaN,NaN,NaN,NaN,NaN
3,NaN,NaN,NaN,NaN,NaN,NaN,NaN,NaN
4,NaN,NaN,NaN,NaN,NaN,NaN,NaN,NaN
5,NaN,NaN,NaN,NaN,NaN,NaN,NaN,NaN
6,NaN,NaN,NaN,NaN,NaN,NaN,NaN,NaN
7,NaN,NaN,NaN,NaN,NaN,NaN,NaN,NaN
8,NaN,NaN,NaN,NaN,NaN,NaN,NaN,NaN
9,NaN,NaN,NaN,NaN,NaN,NaN,NaN,NaN
10,NaN,NaN,NaN,NaN,NaN,NaN,NaN,NaN
11,NaN,NaN,NaN,NaN,NaN,NaN,NaN,NaN
1,NaN,NaN,NaN,NaN,NaN,NaN,NaN,NaN
2,NaN,NaN,NaN,NaN,NaN,NaN,NaN,NaN
3,NaN,NaN,NaN,NaN,NaN,NaN,NaN,NaN
4,NaN,NaN,NaN,NaN,NaN,NaN,NaN,NaN
5,NaN,NaN,NaN,NaN,NaN,NaN,NaN,NaN
6,NaN,NaN,NaN,NaN,NaN,NaN,NaN,NaN
7,NaN,NaN,NaN,NaN,NaN,NaN,NaN,NaN
8,NaN,NaN,NaN,NaN,NaN,NaN,NaN,NaN
9,NaN,NaN,NaN,NaN,NaN,NaN,NaN,NaN
10,NaN,NaN,NaN,NaN,NaN,NaN,NaN,NaN
11,NaN,NaN,NaN,NaN,NaN,NaN,NaN,NaN
1,NaN,NaN,NaN,NaN,NaN,NaN,NaN,NaN
2,NaN,NaN,NaN,NaN,NaN,NaN,NaN,NaN
3,NaN,NaN,NaN,NaN,NaN,NaN,NaN,NaN
4,NaN,NaN,NaN,NaN,NaN,NaN,NaN,NaN
5,NaN,NaN,NaN,NaN,NaN,NaN,NaN,NaN
6,NaN,NaN,NaN,NaN,NaN,NaN,NaN,NaN
7,NaN,NaN,NaN,NaN,NaN,NaN,NaN,NaN
8,NaN,NaN,NaN,NaN,NaN,NaN,NaN,NaN
9,NaN,NaN,NaN,NaN,NaN,NaN,NaN,NaN
10,NaN,NaN,NaN,NaN,NaN,NaN,NaN,NaN
11,NaN,NaN,NaN,NaN,NaN,NaN,NaN,NaN
1,NaN,NaN,NaN,NaN,NaN,NaN,NaN,NaN
2,NaN,NaN,NaN,NaN,NaN,NaN,NaN,NaN
3,NaN,NaN,NaN,NaN,NaN,NaN,NaN,NaN
4,NaN,NaN,NaN,NaN,NaN,NaN,NaN,NaN
5,NaN,NaN,NaN,NaN,NaN,NaN,NaN,NaN
6,NaN,NaN,NaN,NaN,NaN,NaN,NaN,NaN
7,NaN,NaN,NaN,NaN,NaN,NaN,NaN,NaN
8,NaN,NaN,NaN,NaN,NaN,NaN,NaN,NaN
9,NaN,NaN,NaN,NaN,NaN,NaN,NaN,NaN
10,NaN,NaN,NaN,NaN,NaN,NaN,NaN,NaN
11,NaN,NaN,NaN,NaN,NaN,NaN,NaN,NaN
1,NaN,NaN,NaN,NaN,NaN,NaN,NaN,NaN
2,NaN,NaN,NaN,NaN,NaN,NaN,NaN,NaN
3,NaN,NaN,NaN,NaN,NaN,NaN,NaN,NaN
4,NaN,NaN,NaN,NaN,NaN,NaN,NaN,NaN
5,NaN,NaN,NaN,NaN,NaN,NaN,NaN,NaN
6,NaN,NaN,NaN,NaN,NaN,NaN,NaN,NaN
7,NaN,NaN,NaN,NaN,NaN,NaN,NaN,NaN
8,NaN,NaN,NaN,NaN,NaN,NaN,NaN,NaN
9,NaN,NaN,NaN,NaN,NaN,NaN,NaN,NaN
10,NaN,NaN,NaN,NaN,NaN,NaN,NaN,NaN
11,NaN,NaN,NaN,NaN,NaN,NaN,NaN,NaN
1,NaN,NaN,NaN,NaN,NaN,NaN,NaN,NaN
2,NaN,NaN,NaN,NaN,NaN,NaN,NaN,NaN
3,NaN,NaN,NaN,NaN,NaN,NaN,NaN,NaN
4,NaN,NaN,NaN,NaN,NaN,NaN,NaN,NaN
5,NaN,NaN,NaN,NaN,NaN,NaN,NaN,NaN
6,NaN,NaN,NaN,NaN,NaN,NaN,NaN,NaN
7,NaN,NaN,NaN,NaN,NaN,NaN,NaN,NaN
8,NaN,NaN,NaN,NaN,NaN,NaN,NaN,NaN
9,NaN,NaN,NaN,NaN,NaN,NaN,NaN,NaN
10,NaN,NaN,NaN,NaN,NaN,NaN,NaN,NaN
11,NaN,NaN,NaN,NaN,NaN,NaN,NaN,NaN
1,NaN,NaN,NaN,NaN,NaN,NaN,NaN,NaN
2,NaN,NaN,NaN,NaN,NaN,NaN,NaN,NaN
3,NaN,NaN,NaN,NaN,NaN,NaN,NaN,NaN
4,NaN,NaN,NaN,NaN,NaN,NaN,NaN,NaN
5,NaN,NaN,NaN,NaN,NaN,NaN,NaN,NaN
6,NaN,NaN,NaN,NaN,NaN,NaN,NaN,NaN
7,NaN,NaN,NaN,NaN,NaN,NaN,NaN,NaN
8,NaN,NaN,NaN,NaN,NaN,NaN,NaN,NaN
9,NaN,NaN,NaN,NaN,NaN,NaN,NaN,NaN
10,NaN,NaN,NaN,NaN,NaN,NaN,NaN,NaN
11,NaN,NaN,NaN,NaN,NaN,NaN,NaN,NaN
1,NaN,NaN,NaN,NaN,NaN,NaN,NaN,NaN
2,NaN,NaN,NaN,NaN,NaN,NaN,NaN,NaN
3,NaN,NaN,NaN,NaN,NaN,NaN,NaN,NaN
4,NaN,NaN,NaN,NaN,NaN,NaN,NaN,NaN
5,NaN,NaN,NaN,NaN,NaN,NaN,NaN,NaN
6,NaN,NaN,NaN,NaN,NaN,NaN,NaN,NaN
7,NaN,NaN,NaN,NaN,NaN,NaN,NaN,NaN
8,NaN,NaN,NaN,NaN,NaN,NaN,NaN,NaN
9,NaN,NaN,NaN,NaN,NaN,NaN,NaN,NaN
10,NaN,NaN,NaN,NaN,NaN,NaN,NaN,NaN
11,NaN,NaN,NaN,NaN,NaN,NaN,NaN,NaN
1,NaN,NaN,NaN,NaN,NaN,NaN,NaN,NaN
2,NaN,NaN,NaN,NaN,NaN,NaN,NaN,NaN
3,NaN,NaN,NaN,NaN,NaN,NaN,NaN,NaN
4,NaN,NaN,NaN,NaN,NaN,NaN,NaN,NaN
5,NaN,NaN,NaN,NaN,NaN,NaN,NaN,NaN
6,NaN,NaN,NaN,NaN,NaN,NaN,NaN,NaN
7,NaN,NaN,NaN,NaN,NaN,NaN,NaN,NaN
8,NaN,NaN,NaN,NaN,NaN,NaN,NaN,NaN
9,NaN,NaN,NaN,NaN,NaN,NaN,NaN,NaN
10,NaN,NaN,NaN,NaN,NaN,NaN,NaN,NaN
11,NaN,NaN,NaN,NaN,NaN,NaN,NaN,NaN
1,NaN,NaN,NaN,NaN,NaN,NaN,NaN,NaN
2,NaN,NaN,NaN,NaN,NaN,NaN,NaN,NaN
3,NaN,NaN,NaN,NaN,NaN,NaN,NaN,NaN
4,NaN,NaN,NaN,NaN,NaN,NaN,NaN,NaN
5,NaN,NaN,NaN,NaN,NaN,NaN,NaN,NaN
6,NaN,NaN,NaN,NaN,NaN,NaN,NaN,NaN
7,NaN,NaN,NaN,NaN,NaN,NaN,NaN,NaN
8,NaN,NaN,NaN,NaN,NaN,NaN,NaN,NaN
9,NaN,NaN,NaN,NaN,NaN,NaN,NaN,NaN
10,NaN,NaN,NaN,NaN,NaN,NaN,NaN,NaN
11,NaN,NaN,NaN,NaN,NaN,NaN,NaN,NaN
1,NaN,NaN,NaN,NaN,NaN,NaN,NaN,NaN
2,NaN,NaN,NaN,NaN,NaN,NaN,NaN,NaN
3,NaN,NaN,NaN,NaN,NaN,NaN,NaN,NaN
4,NaN,NaN,NaN,NaN,NaN,NaN,NaN,NaN
5,NaN,NaN,NaN,NaN,NaN,NaN,NaN,NaN
6,NaN,NaN,NaN,NaN,NaN,NaN,NaN,NaN
7,NaN,NaN,NaN,NaN,NaN,NaN,NaN,NaN
8,NaN,NaN,NaN,NaN,NaN,NaN,NaN,NaN
9,NaN,NaN,NaN,NaN,NaN,NaN,NaN,NaN
10,NaN,NaN,NaN,NaN,NaN,NaN,NaN,NaN
11,NaN,NaN,NaN,NaN,NaN,NaN,NaN,NaN
1,NaN,NaN,NaN,NaN,NaN,NaN,NaN,NaN
2,NaN,NaN,NaN,NaN,NaN,NaN,NaN,NaN
3,NaN,NaN,NaN,NaN,NaN,NaN,NaN,NaN
4,NaN,NaN,NaN,NaN,NaN,NaN,NaN,NaN
5,NaN,NaN,NaN,NaN,NaN,NaN,NaN,NaN
6,NaN,NaN,NaN,NaN,NaN,NaN,NaN,NaN
7,NaN,NaN,NaN,NaN,NaN,NaN,NaN,NaN
8,NaN,NaN,NaN,NaN,NaN,NaN,NaN,NaN
9,NaN,NaN,NaN,NaN,NaN,NaN,NaN,NaN
10,NaN,NaN,NaN,NaN,NaN,NaN,NaN,NaN
11,NaN,NaN,NaN,NaN,NaN,NaN,NaN,NaN
1,NaN,NaN,NaN,NaN,NaN,NaN,NaN,NaN
2,NaN,NaN,NaN,NaN,NaN,NaN,NaN,NaN
3,NaN,NaN,NaN,NaN,NaN,NaN,NaN,NaN
4,NaN,NaN,NaN,NaN,NaN,NaN,NaN,NaN
5,NaN,NaN,NaN,NaN,NaN,NaN,NaN,NaN
6,NaN,NaN,NaN,NaN,NaN,NaN,NaN,NaN
7,NaN,NaN,NaN,NaN,NaN,NaN,NaN,NaN
8,NaN,NaN,NaN,NaN,NaN,NaN,NaN,NaN
9,NaN,NaN,NaN,NaN,NaN,NaN,NaN,NaN
10,NaN,NaN,NaN,NaN,NaN,NaN,NaN,NaN
11,NaN,NaN,NaN,NaN,NaN,NaN,NaN,NaN
1,NaN,NaN,NaN,NaN,NaN,NaN,NaN,NaN
2,NaN,NaN,NaN,NaN,NaN,NaN,NaN,NaN
3,NaN,NaN,NaN,NaN,NaN,NaN,NaN,NaN
4,NaN,NaN,NaN,NaN,NaN,NaN,NaN,NaN
5,NaN,NaN,NaN,NaN,NaN,NaN,NaN,NaN
6,NaN,NaN,NaN,NaN,NaN,NaN,NaN,NaN
7,NaN,NaN,NaN,NaN,NaN,NaN,NaN,NaN
8,NaN,NaN,NaN,NaN,NaN,NaN,NaN,NaN
9,NaN,NaN,NaN,NaN,NaN,NaN,NaN,NaN
10,NaN,NaN,NaN,NaN,NaN,NaN,NaN,NaN
11,NaN,NaN,NaN,NaN,NaN,NaN,NaN,NaN
1,NaN,NaN,NaN,NaN,NaN,NaN,NaN,NaN
2,NaN,NaN,NaN,NaN,NaN,NaN,NaN,NaN
3,NaN,NaN,NaN,NaN,NaN,NaN,NaN,NaN
4,NaN,NaN,NaN,NaN,NaN,NaN,NaN,NaN
5,NaN,NaN,NaN,NaN,NaN,NaN,NaN,NaN
6,NaN,NaN,NaN,NaN,NaN,NaN,NaN,NaN
7,NaN,NaN,NaN,NaN,NaN,NaN,NaN,NaN
8,NaN,NaN,NaN,NaN,NaN,NaN,NaN,NaN
9,NaN,NaN,NaN,NaN,NaN,NaN,NaN,NaN
10,NaN,NaN,NaN,NaN,NaN,NaN,NaN,NaN
11,NaN,NaN,NaN,NaN,NaN,NaN,NaN,NaN
1,NaN,NaN,NaN,NaN,NaN,NaN,NaN,NaN
2,NaN,NaN,NaN,NaN,NaN,NaN,NaN,NaN
3,NaN,NaN,NaN,NaN,NaN,NaN,NaN,NaN
4,NaN,NaN,NaN,NaN,NaN,NaN,NaN,NaN
5,NaN,NaN,NaN,NaN,NaN,NaN,NaN,NaN
6,NaN,NaN,NaN,NaN,NaN,NaN,NaN,NaN
7,NaN,NaN,NaN,NaN,NaN,NaN,NaN,NaN
8,NaN,NaN,NaN,NaN,NaN,NaN,NaN,NaN
9,NaN,NaN,NaN,NaN,NaN,NaN,NaN,NaN
10,NaN,NaN,NaN,NaN,NaN,NaN,NaN,NaN
11,NaN,NaN,NaN,NaN,NaN,NaN,NaN,NaN
1,NaN,NaN,NaN,NaN,NaN,NaN,NaN,NaN
2,NaN,NaN,NaN,NaN,NaN,NaN,NaN,NaN
3,NaN,NaN,NaN,NaN,NaN,NaN,NaN,NaN
4,NaN,NaN,NaN,NaN,NaN,NaN,NaN,NaN
5,NaN,NaN,NaN,NaN,NaN,NaN,NaN,NaN
6,NaN,NaN,NaN,NaN,NaN,NaN,NaN,NaN
7,NaN,NaN,NaN,NaN,NaN,NaN,NaN,NaN
8,NaN,NaN,NaN,NaN,NaN,NaN,NaN,NaN
9,NaN,NaN,NaN,NaN,NaN,NaN,NaN,NaN
10,NaN,NaN,NaN,NaN,NaN,NaN,NaN,NaN
11,NaN,NaN,NaN,NaN,NaN,NaN,NaN,NaN
1,NaN,NaN,NaN,NaN,NaN,NaN,NaN,NaN
2,NaN,NaN,NaN,NaN,NaN,NaN,NaN,NaN
3,NaN,NaN,NaN,NaN,NaN,NaN,NaN,NaN
4,NaN,NaN,NaN,NaN,NaN,NaN,NaN,NaN
5,NaN,NaN,NaN,NaN,NaN,NaN,NaN,NaN
6,NaN,NaN,NaN,NaN,NaN,NaN,NaN,NaN
7,NaN,NaN,NaN,NaN,NaN,NaN,NaN,NaN
8,NaN,NaN,NaN,NaN,NaN,NaN,NaN,NaN
9,NaN,NaN,NaN,NaN,NaN,NaN,NaN,NaN
10,NaN,NaN,NaN,NaN,NaN,NaN,NaN,NaN
11,NaN,NaN,NaN,NaN,NaN,NaN,NaN,NaN
1,NaN,NaN,NaN,NaN,NaN,NaN,NaN,NaN
2,NaN,NaN,NaN,NaN,NaN,NaN,NaN,NaN
3,NaN,NaN,NaN,NaN,NaN,NaN,NaN,NaN
4,NaN,NaN,NaN,NaN,NaN,NaN,NaN,NaN
5,NaN,NaN,NaN,NaN,NaN,NaN,NaN,NaN
6,NaN,NaN,NaN,NaN,NaN,NaN,NaN,NaN
7,NaN,NaN,NaN,NaN,NaN,NaN,NaN,NaN
8,NaN,NaN,NaN,NaN,NaN,NaN,NaN,NaN
9,NaN,NaN,NaN,NaN,NaN,NaN,NaN,NaN
10,NaN,NaN,NaN,NaN,NaN,NaN,NaN,NaN
11,NaN,NaN,NaN,NaN,NaN,NaN,NaN,NaN
1,NaN,NaN,NaN,NaN,NaN,NaN,NaN,NaN
2,NaN,NaN,NaN,NaN,NaN,NaN,NaN,NaN
3,NaN,NaN,NaN,NaN,NaN,NaN,NaN,NaN
4,NaN,NaN,NaN,NaN,NaN,NaN,NaN,NaN
5,NaN,NaN,NaN,NaN,NaN,NaN,NaN,NaN
6,NaN,NaN,NaN,NaN,NaN,NaN,NaN,NaN
7,NaN,NaN,NaN,NaN,NaN,NaN,NaN,NaN
8,NaN,NaN,NaN,NaN,NaN,NaN,NaN,NaN
9,NaN,NaN,NaN,NaN,NaN,NaN,NaN,NaN
10,NaN,NaN,NaN,NaN,NaN,NaN,NaN,NaN
11,NaN,NaN,NaN,NaN,NaN,NaN,NaN,NaN
1,NaN,NaN,NaN,NaN,NaN,NaN,NaN,NaN
2,NaN,NaN,NaN,NaN,NaN,NaN,NaN,NaN
3,NaN,NaN,NaN,NaN,NaN,NaN,NaN,NaN
4,NaN,NaN,NaN,NaN,NaN,NaN,NaN,NaN
5,NaN,NaN,NaN,NaN,NaN,NaN,NaN,NaN
6,NaN,NaN,NaN,NaN,NaN,NaN,NaN,NaN
7,NaN,NaN,NaN,NaN,NaN,NaN,NaN,NaN
8,NaN,NaN,NaN,NaN,NaN,NaN,NaN,NaN
9,NaN,NaN,NaN,NaN,NaN,NaN,NaN,NaN
10,NaN,NaN,NaN,NaN,NaN,NaN,NaN,NaN
11,NaN,NaN,NaN,NaN,NaN,NaN,NaN,NaN
1,NaN,NaN,NaN,NaN,NaN,NaN,NaN,NaN
2,NaN,NaN,NaN,NaN,NaN,NaN,NaN,NaN
3,NaN,NaN,NaN,NaN,NaN,NaN,NaN,NaN
4,NaN,NaN,NaN,NaN,NaN,NaN,NaN,NaN
5,NaN,NaN,NaN,NaN,NaN,NaN,NaN,NaN
6,NaN,NaN,NaN,NaN,NaN,NaN,NaN,NaN
7,NaN,NaN,NaN,NaN,NaN,NaN,NaN,NaN
8,NaN,NaN,NaN,NaN,NaN,NaN,NaN,NaN
9,NaN,NaN,NaN,NaN,NaN,NaN,NaN,NaN
10,NaN,NaN,NaN,NaN,NaN,NaN,NaN,NaN
11,NaN,NaN,NaN,NaN,NaN,NaN,NaN,NaN
1,NaN,NaN,NaN,NaN,NaN,NaN,NaN,NaN
2,NaN,NaN,NaN,NaN,NaN,NaN,NaN,NaN
3,NaN,NaN,NaN,NaN,NaN,NaN,NaN,NaN
4,NaN,NaN,NaN,NaN,NaN,NaN,NaN,NaN
5,NaN,NaN,NaN,NaN,NaN,NaN,NaN,NaN
6,NaN,NaN,NaN,NaN,NaN,NaN,NaN,NaN
7,NaN,NaN,NaN,NaN,NaN,NaN,NaN,NaN
8,NaN,NaN,NaN,NaN,NaN,NaN,NaN,NaN
9,NaN,NaN,NaN,NaN,NaN,NaN,NaN,NaN
10,NaN,NaN,NaN,NaN,NaN,NaN,NaN,NaN
11,NaN,NaN,NaN,NaN,NaN,NaN,NaN,NaN
1,NaN,NaN,NaN,NaN,NaN,NaN,NaN,NaN
2,NaN,NaN,NaN,NaN,NaN,NaN,NaN,NaN
3,NaN,NaN,NaN,NaN,NaN,NaN,NaN,NaN
4,NaN,NaN,NaN,NaN,NaN,NaN,NaN,NaN
5,NaN,NaN,NaN,NaN,NaN,NaN,NaN,NaN
6,NaN,NaN,NaN,NaN,NaN,NaN,NaN,NaN
7,NaN,NaN,NaN,NaN,NaN,NaN,NaN,NaN
8,NaN,NaN,NaN,NaN,NaN,NaN,NaN,NaN
9,NaN,NaN,NaN,NaN,NaN,NaN,NaN,NaN
10,NaN,NaN,NaN,NaN,NaN,NaN,NaN,NaN
11,NaN,NaN,NaN,NaN,NaN,NaN,NaN,NaN
1,NaN,NaN,NaN,NaN,NaN,NaN,NaN,NaN
2,NaN,NaN,NaN,NaN,NaN,NaN,NaN,NaN
3,NaN,NaN,NaN,NaN,NaN,NaN,NaN,NaN
4,NaN,NaN,NaN,NaN,NaN,NaN,NaN,NaN
5,NaN,NaN,NaN,NaN,NaN,NaN,NaN,NaN
6,NaN,NaN,NaN,NaN,NaN,NaN,NaN,NaN
7,NaN,NaN,NaN,NaN,NaN,NaN,NaN,NaN
8,NaN,NaN,NaN,NaN,NaN,NaN,NaN,NaN
9,NaN,NaN,NaN,NaN,NaN,NaN,NaN,NaN
10,NaN,NaN,NaN,NaN,NaN,NaN,NaN,NaN
11,NaN,NaN,NaN,NaN,NaN,NaN,NaN,NaN
1,NaN,NaN,NaN,NaN,NaN,NaN,NaN,NaN
2,NaN,NaN,NaN,NaN,NaN,NaN,NaN,NaN
3,NaN,NaN,NaN,NaN,NaN,NaN,NaN,NaN
4,NaN,NaN,NaN,NaN,NaN,NaN,NaN,NaN
5,NaN,NaN,NaN,NaN,NaN,NaN,NaN,NaN
6,NaN,NaN,NaN,NaN,NaN,NaN,NaN,NaN
7,NaN,NaN,NaN,NaN,NaN,NaN,NaN,NaN
8,NaN,NaN,NaN,NaN,NaN,NaN,NaN,NaN
9,NaN,NaN,NaN,NaN,NaN,NaN,NaN,NaN
10,NaN,NaN,NaN,NaN,NaN,NaN,NaN,NaN
11,NaN,NaN,NaN,NaN,NaN,NaN,NaN,NaN
1,NaN,NaN,NaN,NaN,NaN,NaN,NaN,NaN
2,NaN,NaN,NaN,NaN,NaN,NaN,NaN,NaN
3,NaN,NaN,NaN,NaN,NaN,NaN,NaN,NaN
4,NaN,NaN,NaN,NaN,NaN,NaN,NaN,NaN
5,NaN,NaN,NaN,NaN,NaN,NaN,NaN,NaN
6,NaN,NaN,NaN,NaN,NaN,NaN,NaN,NaN
7,NaN,NaN,NaN,NaN,NaN,NaN,NaN,NaN
8,NaN,NaN,NaN,NaN,NaN,NaN,NaN,NaN
9,NaN,NaN,NaN,NaN,NaN,NaN,NaN,NaN
10,NaN,NaN,NaN,NaN,NaN,NaN,NaN,NaN
11,NaN,NaN,NaN,NaN,NaN,NaN,NaN,NaN
1,NaN,NaN,NaN,NaN,NaN,NaN,NaN,NaN
2,NaN,NaN,NaN,NaN,NaN,NaN,NaN,NaN
3,NaN,NaN,NaN,NaN,NaN,NaN,NaN,NaN
4,NaN,NaN,NaN,NaN,NaN,NaN,NaN,NaN
5,NaN,NaN,NaN,NaN,NaN,NaN,NaN,NaN
6,NaN,NaN,NaN,NaN,NaN,NaN,NaN,NaN
7,NaN,NaN,NaN,NaN,NaN,NaN,NaN,NaN
8,NaN,NaN,NaN,NaN,NaN,NaN,NaN,NaN
9,NaN,NaN,NaN,NaN,NaN,NaN,NaN,NaN
10,NaN,NaN,NaN,NaN,NaN,NaN,NaN,NaN
11,NaN,NaN,NaN,NaN,NaN,NaN,NaN,NaN
1,NaN,NaN,NaN,NaN,NaN,NaN,NaN,NaN
2,NaN,NaN,NaN,NaN,NaN,NaN,NaN,NaN
3,NaN,NaN,NaN,NaN,NaN,NaN,NaN,NaN
4,NaN,NaN,NaN,NaN,NaN,NaN,NaN,NaN
5,NaN,NaN,NaN,NaN,NaN,NaN,NaN,NaN
6,NaN,NaN,NaN,NaN,NaN,NaN,NaN,NaN
7,NaN,NaN,NaN,NaN,NaN,NaN,NaN,NaN
8,NaN,NaN,NaN,NaN,NaN,NaN,NaN,NaN
9,NaN,NaN,NaN,NaN,NaN,NaN,NaN,NaN
10,NaN,NaN,NaN,NaN,NaN,NaN,NaN,NaN
11,NaN,NaN,NaN,NaN,NaN,NaN,NaN,NaN
1,NaN,NaN,NaN,NaN,NaN,NaN,NaN,NaN
2,NaN,NaN,NaN,NaN,NaN,NaN,NaN,NaN
3,NaN,NaN,NaN,NaN,NaN,NaN,NaN,NaN
4,NaN,NaN,NaN,NaN,NaN,NaN,NaN,NaN
5,NaN,NaN,NaN,NaN,NaN,NaN,NaN,NaN
6,NaN,NaN,NaN,NaN,NaN,NaN,NaN,NaN
7,NaN,NaN,NaN,NaN,NaN,NaN,NaN,NaN
8,NaN,NaN,NaN,NaN,NaN,NaN,NaN,NaN
9,NaN,NaN,NaN,NaN,NaN,NaN,NaN,NaN
10,NaN,NaN,NaN,NaN,NaN,NaN,NaN,NaN
11,NaN,NaN,NaN,NaN,NaN,NaN,NaN,NaN
1,NaN,NaN,NaN,NaN,NaN,NaN,NaN,NaN
2,NaN,NaN,NaN,NaN,NaN,NaN,NaN,NaN
3,NaN,NaN,NaN,NaN,NaN,NaN,NaN,NaN
4,NaN,NaN,NaN,NaN,NaN,NaN,NaN,NaN
5,NaN,NaN,NaN,NaN,NaN,NaN,NaN,NaN
6,NaN,NaN,NaN,NaN,NaN,NaN,NaN,NaN
7,NaN,NaN,NaN,NaN,NaN,NaN,NaN,NaN
8,NaN,NaN,NaN,NaN,NaN,NaN,NaN,NaN
9,NaN,NaN,NaN,NaN,NaN,NaN,NaN,NaN
10,NaN,NaN,NaN,NaN,NaN,NaN,NaN,NaN
11,NaN,NaN,NaN,NaN,NaN,NaN,NaN,NaN
1,NaN,NaN,NaN,NaN,NaN,NaN,NaN,NaN
2,NaN,NaN,NaN,NaN,NaN,NaN,NaN,NaN
3,NaN,NaN,NaN,NaN,NaN,NaN,NaN,NaN
4,NaN,NaN,NaN,NaN,NaN,NaN,NaN,NaN
5,NaN,NaN,NaN,NaN,NaN,NaN,NaN,NaN
6,NaN,NaN,NaN,NaN,NaN,NaN,NaN,NaN
7,NaN,NaN,NaN,NaN,NaN,NaN,NaN,NaN
8,NaN,NaN,NaN,NaN,NaN,NaN,NaN,NaN
9,NaN,NaN,NaN,NaN,NaN,NaN,NaN,NaN
10,NaN,NaN,NaN,NaN,NaN,NaN,NaN,NaN
11,NaN,NaN,NaN,NaN,NaN,NaN,NaN,NaN
1,NaN,NaN,NaN,NaN,NaN,NaN,NaN,NaN
2,NaN,NaN,NaN,NaN,NaN,NaN,NaN,NaN
3,NaN,NaN,NaN,NaN,NaN,NaN,NaN,NaN
4,NaN,NaN,NaN,NaN,NaN,NaN,NaN,NaN
5,NaN,NaN,NaN,NaN,NaN,NaN,NaN,NaN
6,NaN,NaN,NaN,NaN,NaN,NaN,NaN,NaN
7,NaN,NaN,NaN,NaN,NaN,NaN,NaN,NaN
8,NaN,NaN,NaN,NaN,NaN,NaN,NaN,NaN
9,NaN,NaN,NaN,NaN,NaN,NaN,NaN,NaN
10,NaN,NaN,NaN,NaN,NaN,NaN,NaN,NaN
11,NaN,NaN,NaN,NaN,NaN,NaN,NaN,NaN
1,NaN,NaN,NaN,NaN,NaN,NaN,NaN,NaN
2,NaN,NaN,NaN,NaN,NaN,NaN,NaN,NaN
3,NaN,NaN,NaN,NaN,NaN,NaN,NaN,NaN
4,NaN,NaN,NaN,NaN,NaN,NaN,NaN,NaN
5,NaN,NaN,NaN,NaN,NaN,NaN,NaN,NaN
6,NaN,NaN,NaN,NaN,NaN,NaN,NaN,NaN
7,NaN,NaN,NaN,NaN,NaN,NaN,NaN,NaN
8,NaN,NaN,NaN,NaN,NaN,NaN,NaN,NaN
9,NaN,NaN,NaN,NaN,NaN,NaN,NaN,NaN
10,NaN,NaN,NaN,NaN,NaN,NaN,NaN,NaN
11,NaN,NaN,NaN,NaN,NaN,NaN,NaN,NaN
1,NaN,NaN,NaN,NaN,NaN,NaN,NaN,NaN
2,NaN,NaN,NaN,NaN,NaN,NaN,NaN,NaN
3,NaN,NaN,NaN,NaN,NaN,NaN,NaN,NaN
4,NaN,NaN,NaN,NaN,NaN,NaN,NaN,NaN
5,NaN,NaN,NaN,NaN,NaN,NaN,NaN,NaN
6,NaN,NaN,NaN,NaN,NaN,NaN,NaN,NaN
7,NaN,NaN,NaN,NaN,NaN,NaN,NaN,NaN
8,NaN,NaN,NaN,NaN,NaN,NaN,NaN,NaN
9,NaN,NaN,NaN,NaN,NaN,NaN,NaN,NaN
10,NaN,NaN,NaN,NaN,NaN,NaN,NaN,NaN
11,NaN,NaN,NaN,NaN,NaN,NaN,NaN,NaN
1,NaN,NaN,NaN,NaN,NaN,NaN,NaN,NaN
2,NaN,NaN,NaN,NaN,NaN,NaN,NaN,NaN
3,NaN,NaN,NaN,NaN,NaN,NaN,NaN,NaN
4,NaN,NaN,NaN,NaN,NaN,NaN,NaN,NaN
5,NaN,NaN,NaN,NaN,NaN,NaN,NaN,NaN
6,NaN,NaN,NaN,NaN,NaN,NaN,NaN,NaN
7,NaN,NaN,NaN,NaN,NaN,NaN,NaN,NaN
8,NaN,NaN,NaN,NaN,NaN,NaN,NaN,NaN
9,NaN,NaN,NaN,NaN,NaN,NaN,NaN,NaN
10,NaN,NaN,NaN,NaN,NaN,NaN,NaN,NaN
11,NaN,NaN,NaN,NaN,NaN,NaN,NaN,NaN
1,NaN,NaN,NaN,NaN,NaN,NaN,NaN,NaN
2,NaN,NaN,NaN,NaN,NaN,NaN,NaN,NaN
3,NaN,NaN,NaN,NaN,NaN,NaN,NaN,NaN
4,NaN,NaN,NaN,NaN,NaN,NaN,NaN,NaN
5,NaN,NaN,NaN,NaN,NaN,NaN,NaN,NaN
6,NaN,NaN,NaN,NaN,NaN,NaN,NaN,NaN
7,NaN,NaN,NaN,NaN,NaN,NaN,NaN,NaN
8,NaN,NaN,NaN,NaN,NaN,NaN,NaN,NaN
9,NaN,NaN,NaN,NaN,NaN,NaN,NaN,NaN
10,NaN,NaN,NaN,NaN,NaN,NaN,NaN,NaN
11,NaN,NaN,NaN,NaN,NaN,NaN,NaN,NaN
1,NaN,NaN,NaN,NaN,NaN,NaN,NaN,NaN
2,NaN,NaN,NaN,NaN,NaN,NaN,NaN,NaN
3,NaN,NaN,NaN,NaN,NaN,NaN,NaN,NaN
4,NaN,NaN,NaN,NaN,NaN,NaN,NaN,NaN
5,NaN,NaN,NaN,NaN,NaN,NaN,NaN,NaN
6,NaN,NaN,NaN,NaN,NaN,NaN,NaN,NaN
7,NaN,NaN,NaN,NaN,NaN,NaN,NaN,NaN
8,NaN,NaN,NaN,NaN,NaN,NaN,NaN,NaN
9,NaN,NaN,NaN,NaN,NaN,NaN,NaN,NaN
10,NaN,NaN,NaN,NaN,NaN,NaN,NaN,NaN
11,NaN,NaN,NaN,NaN,NaN,NaN,NaN,NaN
1,NaN,NaN,NaN,NaN,NaN,NaN,NaN,NaN
2,NaN,NaN,NaN,NaN,NaN,NaN,NaN,NaN
3,NaN,NaN,NaN,NaN,NaN,NaN,NaN,NaN
4,NaN,NaN,NaN,NaN,NaN,NaN,NaN,NaN
5,NaN,NaN,NaN,NaN,NaN,NaN,NaN,NaN
6,NaN,NaN,NaN,NaN,NaN,NaN,NaN,NaN
7,NaN,NaN,NaN,NaN,NaN,NaN,NaN,NaN
8,NaN,NaN,NaN,NaN,NaN,NaN,NaN,NaN
9,NaN,NaN,NaN,NaN,NaN,NaN,NaN,NaN
10,NaN,NaN,NaN,NaN,NaN,NaN,NaN,NaN
11,NaN,NaN,NaN,NaN,NaN,NaN,NaN,NaN
1,NaN,NaN,NaN,NaN,NaN,NaN,NaN,NaN
2,NaN,NaN,NaN,NaN,NaN,NaN,NaN,NaN
3,NaN,NaN,NaN,NaN,NaN,NaN,NaN,NaN
4,NaN,NaN,NaN,NaN,NaN,NaN,NaN,NaN
5,NaN,NaN,NaN,NaN,NaN,NaN,NaN,NaN
6,NaN,NaN,NaN,NaN,NaN,NaN,NaN,NaN
7,NaN,NaN,NaN,NaN,NaN,NaN,NaN,NaN
8,NaN,NaN,NaN,NaN,NaN,NaN,NaN,NaN
9,NaN,NaN,NaN,NaN,NaN,NaN,NaN,NaN
10,NaN,NaN,NaN,NaN,NaN,NaN,NaN,NaN
11,NaN,NaN,NaN,NaN,NaN,NaN,NaN,NaN
1,NaN,NaN,NaN,NaN,NaN,NaN,NaN,NaN
2,NaN,NaN,NaN,NaN,NaN,NaN,NaN,NaN
3,NaN,NaN,NaN,NaN,NaN,NaN,NaN,NaN
4,NaN,NaN,NaN,NaN,NaN,NaN,NaN,NaN
5,NaN,NaN,NaN,NaN,NaN,NaN,NaN,NaN
6,NaN,NaN,NaN,NaN,NaN,NaN,NaN,NaN
7,NaN,NaN,NaN,NaN,NaN,NaN,NaN,NaN
8,NaN,NaN,NaN,NaN,NaN,NaN,NaN,NaN
9,NaN,NaN,NaN,NaN,NaN,NaN,NaN,NaN
10,NaN,NaN,NaN,NaN,NaN,NaN,NaN,NaN
11,NaN,NaN,NaN,NaN,NaN,NaN,NaN,NaN
1,NaN,NaN,NaN,NaN,NaN,NaN,NaN,NaN
2,NaN,NaN,NaN,NaN,NaN,NaN,NaN,NaN
3,NaN,NaN,NaN,NaN,NaN,NaN,NaN,NaN
4,NaN,NaN,NaN,NaN,NaN,NaN,NaN,NaN
5,NaN,NaN,NaN,NaN,NaN,NaN,NaN,NaN
6,NaN,NaN,NaN,NaN,NaN,NaN,NaN,NaN
7,NaN,NaN,NaN,NaN,NaN,NaN,NaN,NaN
8,NaN,NaN,NaN,NaN,NaN,NaN,NaN,NaN
9,NaN,NaN,NaN,NaN,NaN,NaN,NaN,NaN
10,NaN,NaN,NaN,NaN,NaN,NaN,NaN,NaN
11,NaN,NaN,NaN,NaN,NaN,NaN,NaN,NaN
1,NaN,NaN,NaN,NaN,NaN,NaN,NaN,NaN
2,NaN,NaN,NaN,NaN,NaN,NaN,NaN,NaN
3,NaN,NaN,NaN,NaN,NaN,NaN,NaN,NaN
4,NaN,NaN,NaN,NaN,NaN,NaN,NaN,NaN
5,NaN,NaN,NaN,NaN,NaN,NaN,NaN,NaN
6,NaN,NaN,NaN,NaN,NaN,NaN,NaN,NaN
7,NaN,NaN,NaN,NaN,NaN,NaN,NaN,NaN
8,NaN,NaN,NaN,NaN,NaN,NaN,NaN,NaN
9,NaN,NaN,NaN,NaN,NaN,NaN,NaN,NaN
10,NaN,NaN,NaN,NaN,NaN,NaN,NaN,NaN
11,NaN,NaN,NaN,NaN,NaN,NaN,NaN,NaN
1,NaN,NaN,NaN,NaN,NaN,NaN,NaN,NaN
2,NaN,NaN,NaN,NaN,NaN,NaN,NaN,NaN
3,NaN,NaN,NaN,NaN,NaN,NaN,NaN,NaN
4,NaN,NaN,NaN,NaN,NaN,NaN,NaN,NaN
5,NaN,NaN,NaN,NaN,NaN,NaN,NaN,NaN
6,NaN,NaN,NaN,NaN,NaN,NaN,NaN,NaN
7,NaN,NaN,NaN,NaN,NaN,NaN,NaN,NaN
8,NaN,NaN,NaN,NaN,NaN,NaN,NaN,NaN
9,NaN,NaN,NaN,NaN,NaN,NaN,NaN,NaN
10,NaN,NaN,NaN,NaN,NaN,NaN,NaN,NaN
11,NaN,NaN,NaN,NaN,NaN,NaN,NaN,NaN
1,NaN,NaN,NaN,NaN,NaN,NaN,NaN,NaN
2,NaN,NaN,NaN,NaN,NaN,NaN,NaN,NaN
3,NaN,NaN,NaN,NaN,NaN,NaN,NaN,NaN
4,NaN,NaN,NaN,NaN,NaN,NaN,NaN,NaN
5,NaN,NaN,NaN,NaN,NaN,NaN,NaN,NaN
6,NaN,NaN,NaN,NaN,NaN,NaN,NaN,NaN
7,NaN,NaN,NaN,NaN,NaN,NaN,NaN,NaN
8,NaN,NaN,NaN,NaN,NaN,NaN,NaN,NaN
9,NaN,NaN,NaN,NaN,NaN,NaN,NaN,NaN
10,NaN,NaN,NaN,NaN,NaN,NaN,NaN,NaN
11,NaN,NaN,NaN,NaN,NaN,NaN,NaN,NaN
1,NaN,NaN,NaN,NaN,NaN,NaN,NaN,NaN
2,NaN,NaN,NaN,NaN,NaN,NaN,NaN,NaN
3,NaN,NaN,NaN,NaN,NaN,NaN,NaN,NaN
4,NaN,NaN,NaN,NaN,NaN,NaN,NaN,NaN
5,NaN,NaN,NaN,NaN,NaN,NaN,NaN,NaN
6,NaN,NaN,NaN,NaN,NaN,NaN,NaN,NaN
7,NaN,NaN,NaN,NaN,NaN,NaN,NaN,NaN
8,NaN,NaN,NaN,NaN,NaN,NaN,NaN,NaN
9,NaN,NaN,NaN,NaN,NaN,NaN,NaN,NaN
10,NaN,NaN,NaN,NaN,NaN,NaN,NaN,NaN
11,NaN,NaN,NaN,NaN,NaN,NaN,NaN,NaN
1,NaN,NaN,NaN,NaN,NaN,NaN,NaN,NaN
2,NaN,NaN,NaN,NaN,NaN,NaN,NaN,NaN
3,NaN,NaN,NaN,NaN,NaN,NaN,NaN,NaN
4,NaN,NaN,NaN,NaN,NaN,NaN,NaN,NaN
5,NaN,NaN,NaN,NaN,NaN,NaN,NaN,NaN
6,NaN,NaN,NaN,NaN,NaN,NaN,NaN,NaN
7,NaN,NaN,NaN,NaN,NaN,NaN,NaN,NaN
8,NaN,NaN,NaN,NaN,NaN,NaN,NaN,NaN
9,NaN,NaN,NaN,NaN,NaN,NaN,NaN,NaN
10,NaN,NaN,NaN,NaN,NaN,NaN,NaN,NaN
11,NaN,NaN,NaN,NaN,NaN,NaN,NaN,NaN
1,NaN,NaN,NaN,NaN,NaN,NaN,NaN,NaN
2,NaN,NaN,NaN,NaN,NaN,NaN,NaN,NaN
3,NaN,NaN,NaN,NaN,NaN,NaN,NaN,NaN
4,NaN,NaN,NaN,NaN,NaN,NaN,NaN,NaN
5,NaN,NaN,NaN,NaN,NaN,NaN,NaN,NaN
6,NaN,NaN,NaN,NaN,NaN,NaN,NaN,NaN
7,NaN,NaN,NaN,NaN,NaN,NaN,NaN,NaN
8,NaN,NaN,NaN,NaN,NaN,NaN,NaN,NaN
9,NaN,NaN,NaN,NaN,NaN,NaN,NaN,NaN
10,NaN,NaN,NaN,NaN,NaN,NaN,NaN,NaN
11,NaN,NaN,NaN,NaN,NaN,NaN,NaN,NaN
1,NaN,NaN,NaN,NaN,NaN,NaN,NaN,NaN
2,NaN,NaN,NaN,NaN,NaN,NaN,NaN,NaN
3,NaN,NaN,NaN,NaN,NaN,NaN,NaN,NaN
4,NaN,NaN,NaN,NaN,NaN,NaN,NaN,NaN
5,NaN,NaN,NaN,NaN,NaN,NaN,NaN,NaN
6,NaN,NaN,NaN,NaN,NaN,NaN,NaN,NaN
7,NaN,NaN,NaN,NaN,NaN,NaN,NaN,NaN
8,NaN,NaN,NaN,NaN,NaN,NaN,NaN,NaN
9,NaN,NaN,NaN,NaN,NaN,NaN,NaN,NaN
10,NaN,NaN,NaN,NaN,NaN,NaN,NaN,NaN
11,NaN,NaN,NaN,NaN,NaN,NaN,NaN,NaN
1,NaN,NaN,NaN,NaN,NaN,NaN,NaN,NaN
2,NaN,NaN,NaN,NaN,NaN,NaN,NaN,NaN
3,NaN,NaN,NaN,NaN,NaN,NaN,NaN,NaN
4,NaN,NaN,NaN,NaN,NaN,NaN,NaN,NaN
5,NaN,NaN,NaN,NaN,NaN,NaN,NaN,NaN
6,NaN,NaN,NaN,NaN,NaN,NaN,NaN,NaN
7,NaN,NaN,NaN,NaN,NaN,NaN,NaN,NaN
8,NaN,NaN,NaN,NaN,NaN,NaN,NaN,NaN
9,NaN,NaN,NaN,NaN,NaN,NaN,NaN,NaN
10,NaN,NaN,NaN,NaN,NaN,NaN,NaN,NaN
11,NaN,NaN,NaN,NaN,NaN,NaN,NaN,NaN
1,NaN,NaN,NaN,NaN,NaN,NaN,NaN,NaN
2,NaN,NaN,NaN,NaN,NaN,NaN,NaN,NaN
3,NaN,NaN,NaN,NaN,NaN,NaN,NaN,NaN
4,NaN,NaN,NaN,NaN,NaN,NaN,NaN,NaN
5,NaN,NaN,NaN,NaN,NaN,NaN,NaN,NaN
6,NaN,NaN,NaN,NaN,NaN,NaN,NaN,NaN
7,NaN,NaN,NaN,NaN,NaN,NaN,NaN,NaN
8,NaN,NaN,NaN,NaN,NaN,NaN,NaN,NaN
9,NaN,NaN,NaN,NaN,NaN,NaN,NaN,NaN
10,NaN,NaN,NaN,NaN,NaN,NaN,NaN,NaN
11,NaN,NaN,NaN,NaN,NaN,NaN,NaN,NaN
1,NaN,NaN,NaN,NaN,NaN,NaN,NaN,NaN
2,NaN,NaN,NaN,NaN,NaN,NaN,NaN,NaN
3,NaN,NaN,NaN,NaN,NaN,NaN,NaN,NaN
4,NaN,NaN,NaN,NaN,NaN,NaN,NaN,NaN
5,NaN,NaN,NaN,NaN,NaN,NaN,NaN,NaN
6,NaN,NaN,NaN,NaN,NaN,NaN,NaN,NaN
7,NaN,NaN,NaN,NaN,NaN,NaN,NaN,NaN
8,NaN,NaN,NaN,NaN,NaN,NaN,NaN,NaN
9,NaN,NaN,NaN,NaN,NaN,NaN,NaN,NaN
10,NaN,NaN,NaN,NaN,NaN,NaN,NaN,NaN
11,NaN,NaN,NaN,NaN,NaN,NaN,NaN,NaN
1,NaN,NaN,NaN,NaN,NaN,NaN,NaN,NaN
2,NaN,NaN,NaN,NaN,NaN,NaN,NaN,NaN
3,NaN,NaN,NaN,NaN,NaN,NaN,NaN,NaN
4,NaN,NaN,NaN,NaN,NaN,NaN,NaN,NaN
5,NaN,NaN,NaN,NaN,NaN,NaN,NaN,NaN
6,NaN,NaN,NaN,NaN,NaN,NaN,NaN,NaN
7,NaN,NaN,NaN,NaN,NaN,NaN,NaN,NaN
8,NaN,NaN,NaN,NaN,NaN,NaN,NaN,NaN
9,NaN,NaN,NaN,NaN,NaN,NaN,NaN,NaN
10,NaN,NaN,NaN,NaN,NaN,NaN,NaN,NaN
11,NaN,NaN,NaN,NaN,NaN,NaN,NaN,NaN
1,NaN,NaN,NaN,NaN,NaN,NaN,NaN,NaN
2,NaN,NaN,NaN,NaN,NaN,NaN,NaN,NaN
3,NaN,NaN,NaN,NaN,NaN,NaN,NaN,NaN
4,NaN,NaN,NaN,NaN,NaN,NaN,NaN,NaN
5,NaN,NaN,NaN,NaN,NaN,NaN,NaN,NaN
6,NaN,NaN,NaN,NaN,NaN,NaN,NaN,NaN
7,NaN,NaN,NaN,NaN,NaN,NaN,NaN,NaN
8,NaN,NaN,NaN,NaN,NaN,NaN,NaN,NaN
9,NaN,NaN,NaN,NaN,NaN,NaN,NaN,NaN
10,NaN,NaN,NaN,NaN,NaN,NaN,NaN,NaN
11,NaN,NaN,NaN,NaN,NaN,NaN,NaN,NaN
1,NaN,NaN,NaN,NaN,NaN,NaN,NaN,NaN
2,NaN,NaN,NaN,NaN,NaN,NaN,NaN,NaN
3,NaN,NaN,NaN,NaN,NaN,NaN,NaN,NaN
4,NaN,NaN,NaN,NaN,NaN,NaN,NaN,NaN
5,NaN,NaN,NaN,NaN,NaN,NaN,NaN,NaN
6,NaN,NaN,NaN,NaN,NaN,NaN,NaN,NaN
7,NaN,NaN,NaN,NaN,NaN,NaN,NaN,NaN
8,NaN,NaN,NaN,NaN,NaN,NaN,NaN,NaN
9,NaN,NaN,NaN,NaN,NaN,NaN,NaN,NaN
10,NaN,NaN,NaN,NaN,NaN,NaN,NaN,NaN
11,NaN,NaN,NaN,NaN,NaN,NaN,NaN,NaN
1,NaN,NaN,NaN,NaN,NaN,NaN,NaN,NaN
2,NaN,NaN,NaN,NaN,NaN,NaN,NaN,NaN
3,NaN,NaN,NaN,NaN,NaN,NaN,NaN,NaN
4,NaN,NaN,NaN,NaN,NaN,NaN,NaN,NaN
5,NaN,NaN,NaN,NaN,NaN,NaN,NaN,NaN
6,NaN,NaN,NaN,NaN,NaN,NaN,NaN,NaN
7,NaN,NaN,NaN,NaN,NaN,NaN,NaN,NaN
8,NaN,NaN,NaN,NaN,NaN,NaN,NaN,NaN
9,NaN,NaN,NaN,NaN,NaN,NaN,NaN,NaN
10,NaN,NaN,NaN,NaN,NaN,NaN,NaN,NaN
11,NaN,NaN,NaN,NaN,NaN,NaN,NaN,NaN
1,NaN,NaN,NaN,NaN,NaN,NaN,NaN,NaN
2,NaN,NaN,NaN,NaN,NaN,NaN,NaN,NaN
3,NaN,NaN,NaN,NaN,NaN,NaN,NaN,NaN
4,NaN,NaN,NaN,NaN,NaN,NaN,NaN,NaN
5,NaN,NaN,NaN,NaN,NaN,NaN,NaN,NaN
6,NaN,NaN,NaN,NaN,NaN,NaN,NaN,NaN
7,NaN,NaN,NaN,NaN,NaN,NaN,NaN,NaN
8,NaN,NaN,NaN,NaN,NaN,NaN,NaN,NaN
9,NaN,NaN,NaN,NaN,NaN,NaN,NaN,NaN
10,NaN,NaN,NaN,NaN,NaN,NaN,NaN,NaN
11,NaN,NaN,NaN,NaN,NaN,NaN,NaN,NaN
1,NaN,NaN,NaN,NaN,NaN,NaN,NaN,NaN
2,NaN,NaN,NaN,NaN,NaN,NaN,NaN,NaN
3,NaN,NaN,NaN,NaN,NaN,NaN,NaN,NaN
4,NaN,NaN,NaN,NaN,NaN,NaN,NaN,NaN
5,NaN,NaN,NaN,NaN,NaN,NaN,NaN,NaN
6,NaN,NaN,NaN,NaN,NaN,NaN,NaN,NaN
7,NaN,NaN,NaN,NaN,NaN,NaN,NaN,NaN
8,NaN,NaN,NaN,NaN,NaN,NaN,NaN,NaN
9,NaN,NaN,NaN,NaN,NaN,NaN,NaN,NaN
10,NaN,NaN,NaN,NaN,NaN,NaN,NaN,NaN
11,NaN,NaN,NaN,NaN,NaN,NaN,NaN,NaN
1,NaN,NaN,NaN,NaN,NaN,NaN,NaN,NaN
2,NaN,NaN,NaN,NaN,NaN,NaN,NaN,NaN
3,NaN,NaN,NaN,NaN,NaN,NaN,NaN,NaN
4,NaN,NaN,NaN,NaN,NaN,NaN,NaN,NaN
5,NaN,NaN,NaN,NaN,NaN,NaN,NaN,NaN
6,NaN,NaN,NaN,NaN,NaN,NaN,NaN,NaN
7,NaN,NaN,NaN,NaN,NaN,NaN,NaN,NaN
8,NaN,NaN,NaN,NaN,NaN,NaN,NaN,NaN
9,NaN,NaN,NaN,NaN,NaN,NaN,NaN,NaN
10,NaN,NaN,NaN,NaN,NaN,NaN,NaN,NaN
11,NaN,NaN,NaN,NaN,NaN,NaN,NaN,NaN
1,NaN,NaN,NaN,NaN,NaN,NaN,NaN,NaN
2,NaN,NaN,NaN,NaN,NaN,NaN,NaN,NaN
3,NaN,NaN,NaN,NaN,NaN,NaN,NaN,NaN
4,NaN,NaN,NaN,NaN,NaN,NaN,NaN,NaN
5,NaN,NaN,NaN,NaN,NaN,NaN,NaN,NaN
6,NaN,NaN,NaN,NaN,NaN,NaN,NaN,NaN
7,NaN,NaN,NaN,NaN,NaN,NaN,NaN,NaN
8,NaN,NaN,NaN,NaN,NaN,NaN,NaN,NaN
9,NaN,NaN,NaN,NaN,NaN,NaN,NaN,NaN
10,NaN,NaN,NaN,NaN,NaN,NaN,NaN,NaN
11,NaN,NaN,NaN,NaN,NaN,NaN,NaN,NaN
1,NaN,NaN,NaN,NaN,NaN,NaN,NaN,NaN
2,NaN,NaN,NaN,NaN,NaN,NaN,NaN,NaN
3,NaN,NaN,NaN,NaN,NaN,NaN,NaN,NaN
4,NaN,NaN,NaN,NaN,NaN,NaN,NaN,NaN
5,NaN,NaN,NaN,NaN,NaN,NaN,NaN,NaN
6,NaN,NaN,NaN,NaN,NaN,NaN,NaN,NaN
7,NaN,NaN,NaN,NaN,NaN,NaN,NaN,NaN
8,NaN,NaN,NaN,NaN,NaN,NaN,NaN,NaN
9,NaN,NaN,NaN,NaN,NaN,NaN,NaN,NaN
10,NaN,NaN,NaN,NaN,NaN,NaN,NaN,NaN
11,NaN,NaN,NaN,NaN,NaN,NaN,NaN,NaN
1,NaN,NaN,NaN,NaN,NaN,NaN,NaN,NaN
2,NaN,NaN,NaN,NaN,NaN,NaN,NaN,NaN
3,NaN,NaN,NaN,NaN,NaN,NaN,NaN,NaN
4,NaN,NaN,NaN,NaN,NaN,NaN,NaN,NaN
5,NaN,NaN,NaN,NaN,NaN,NaN,NaN,NaN
6,NaN,NaN,NaN,NaN,NaN,NaN,NaN,NaN
7,NaN,NaN,NaN,NaN,NaN,NaN,NaN,NaN
8,NaN,NaN,NaN,NaN,NaN,NaN,NaN,NaN
9,NaN,NaN,NaN,NaN,NaN,NaN,NaN,NaN
10,NaN,NaN,NaN,NaN,NaN,NaN,NaN,NaN
11,NaN,NaN,NaN,NaN,NaN,NaN,NaN,NaN
1,NaN,NaN,NaN,NaN,NaN,NaN,NaN,NaN
2,NaN,NaN,NaN,NaN,NaN,NaN,NaN,NaN
3,NaN,NaN,NaN,NaN,NaN,NaN,NaN,NaN
4,NaN,NaN,NaN,NaN,NaN,NaN,NaN,NaN
5,NaN,NaN,NaN,NaN,NaN,NaN,NaN,NaN
6,NaN,NaN,NaN,NaN,NaN,NaN,NaN,NaN
7,NaN,NaN,NaN,NaN,NaN,NaN,NaN,NaN
8,NaN,NaN,NaN,NaN,NaN,NaN,NaN,NaN
9,NaN,NaN,NaN,NaN,NaN,NaN,NaN,NaN
10,NaN,NaN,NaN,NaN,NaN,NaN,NaN,NaN
11,NaN,NaN,NaN,NaN,NaN,NaN,NaN,NaN
1,NaN,NaN,NaN,NaN,NaN,NaN,NaN,NaN
2,NaN,NaN,NaN,NaN,NaN,NaN,NaN,NaN
3,NaN,NaN,NaN,NaN,NaN,NaN,NaN,NaN
4,NaN,NaN,NaN,NaN,NaN,NaN,NaN,NaN
5,NaN,NaN,NaN,NaN,NaN,NaN,NaN,NaN
6,NaN,NaN,NaN,NaN,NaN,NaN,NaN,NaN
7,NaN,NaN,NaN,NaN,NaN,NaN,NaN,NaN
8,NaN,NaN,NaN,NaN,NaN,NaN,NaN,NaN
9,NaN,NaN,NaN,NaN,NaN,NaN,NaN,NaN
10,NaN,NaN,NaN,NaN,NaN,NaN,NaN,NaN
11,NaN,NaN,NaN,NaN,NaN,NaN,NaN,NaN
1,NaN,NaN,NaN,NaN,NaN,NaN,NaN,NaN
2,NaN,NaN,NaN,NaN,NaN,NaN,NaN,NaN
3,NaN,NaN,NaN,NaN,NaN,NaN,NaN,NaN
4,NaN,NaN,NaN,NaN,NaN,NaN,NaN,NaN
5,NaN,NaN,NaN,NaN,NaN,NaN,NaN,NaN
6,NaN,NaN,NaN,NaN,NaN,NaN,NaN,NaN
7,NaN,NaN,NaN,NaN,NaN,NaN,NaN,NaN
8,NaN,NaN,NaN,NaN,NaN,NaN,NaN,NaN
9,NaN,NaN,NaN,NaN,NaN,NaN,NaN,NaN
10,NaN,NaN,NaN,NaN,NaN,NaN,NaN,NaN
11,NaN,NaN,NaN,NaN,NaN,NaN,NaN,NaN
1,NaN,NaN,NaN,NaN,NaN,NaN,NaN,NaN
2,NaN,NaN,NaN,NaN,NaN,NaN,NaN,NaN
3,NaN,NaN,NaN,NaN,NaN,NaN,NaN,NaN
4,NaN,NaN,NaN,NaN,NaN,NaN,NaN,NaN
5,NaN,NaN,NaN,NaN,NaN,NaN,NaN,NaN
6,NaN,NaN,NaN,NaN,NaN,NaN,NaN,NaN
7,NaN,NaN,NaN,NaN,NaN,NaN,NaN,NaN
8,NaN,NaN,NaN,NaN,NaN,NaN,NaN,NaN
9,NaN,NaN,NaN,NaN,NaN,NaN,NaN,NaN
10,NaN,NaN,NaN,NaN,NaN,NaN,NaN,NaN
11,NaN,NaN,NaN,NaN,NaN,NaN,NaN,NaN
1,NaN,NaN,NaN,NaN,NaN,NaN,NaN,NaN
2,NaN,NaN,NaN,NaN,NaN,NaN,NaN,NaN
3,NaN,NaN,NaN,NaN,NaN,NaN,NaN,NaN
4,NaN,NaN,NaN,NaN,NaN,NaN,NaN,NaN
5,NaN,NaN,NaN,NaN,NaN,NaN,NaN,NaN
6,NaN,NaN,NaN,NaN,NaN,NaN,NaN,NaN
7,NaN,NaN,NaN,NaN,NaN,NaN,NaN,NaN
8,NaN,NaN,NaN,NaN,NaN,NaN,NaN,NaN
9,NaN,NaN,NaN,NaN,NaN,NaN,NaN,NaN
10,NaN,NaN,NaN,NaN,NaN,NaN,NaN,NaN
11,NaN,NaN,NaN,NaN,NaN,NaN,NaN,NaN
1,NaN,NaN,NaN,NaN,NaN,NaN,NaN,NaN
2,NaN,NaN,NaN,NaN,NaN,NaN,NaN,NaN
3,NaN,NaN,NaN,NaN,NaN,NaN,NaN,NaN
4,NaN,NaN,NaN,NaN,NaN,NaN,NaN,NaN
5,NaN,NaN,NaN,NaN,NaN,NaN,NaN,NaN
6,NaN,NaN,NaN,NaN,NaN,NaN,NaN,NaN
7,NaN,NaN,NaN,NaN,NaN,NaN,NaN,NaN
8,NaN,NaN,NaN,NaN,NaN,NaN,NaN,NaN
9,NaN,NaN,NaN,NaN,NaN,NaN,NaN,NaN
10,NaN,NaN,NaN,NaN,NaN,NaN,NaN,NaN
11,NaN,NaN,NaN,NaN,NaN,NaN,NaN,NaN
1,NaN,NaN,NaN,NaN,NaN,NaN,NaN,NaN
2,NaN,NaN,NaN,NaN,NaN,NaN,NaN,NaN
3,NaN,NaN,NaN,NaN,NaN,NaN,NaN,NaN
4,NaN,NaN,NaN,NaN,NaN,NaN,NaN,NaN
5,NaN,NaN,NaN,NaN,NaN,NaN,NaN,NaN
6,NaN,NaN,NaN,NaN,NaN,NaN,NaN,NaN
7,NaN,NaN,NaN,NaN,NaN,NaN,NaN,NaN
8,NaN,NaN,NaN,NaN,NaN,NaN,NaN,NaN
9,NaN,NaN,NaN,NaN,NaN,NaN,NaN,NaN
10,NaN,NaN,NaN,NaN,NaN,NaN,NaN,NaN
11,NaN,NaN,NaN,NaN,NaN,NaN,NaN,NaN
1,NaN,NaN,NaN,NaN,NaN,NaN,NaN,NaN
2,NaN,NaN,NaN,NaN,NaN,NaN,NaN,NaN
3,NaN,NaN,NaN,NaN,NaN,NaN,NaN,NaN
4,NaN,NaN,NaN,NaN,NaN,NaN,NaN,NaN
5,NaN,NaN,NaN,NaN,NaN,NaN,NaN,NaN
6,NaN,NaN,NaN,NaN,NaN,NaN,NaN,NaN
7,NaN,NaN,NaN,NaN,NaN,NaN,NaN,NaN
8,NaN,NaN,NaN,NaN,NaN,NaN,NaN,NaN
9,NaN,NaN,NaN,NaN,NaN,NaN,NaN,NaN
10,NaN,NaN,NaN,NaN,NaN,NaN,NaN,NaN
11,NaN,NaN,NaN,NaN,NaN,NaN,NaN,NaN
1,NaN,NaN,NaN,NaN,NaN,NaN,NaN,NaN
2,NaN,NaN,NaN,NaN,NaN,NaN,NaN,NaN
3,NaN,NaN,NaN,NaN,NaN,NaN,NaN,NaN
4,NaN,NaN,NaN,NaN,NaN,NaN,NaN,NaN
5,NaN,NaN,NaN,NaN,NaN,NaN,NaN,NaN
6,NaN,NaN,NaN,NaN,NaN,NaN,NaN,NaN
7,NaN,NaN,NaN,NaN,NaN,NaN,NaN,NaN
8,NaN,NaN,NaN,NaN,NaN,NaN,NaN,NaN
9,NaN,NaN,NaN,NaN,NaN,NaN,NaN,NaN
10,NaN,NaN,NaN,NaN,NaN,NaN,NaN,NaN
11,NaN,NaN,NaN,NaN,NaN,NaN,NaN,NaN
1,NaN,NaN,NaN,NaN,NaN,NaN,NaN,NaN
2,NaN,NaN,NaN,NaN,NaN,NaN,NaN,NaN
3,NaN,NaN,NaN,NaN,NaN,NaN,NaN,NaN
4,NaN,NaN,NaN,NaN,NaN,NaN,NaN,NaN
5,NaN,NaN,NaN,NaN,NaN,NaN,NaN,NaN
6,NaN,NaN,NaN,NaN,NaN,NaN,NaN,NaN
7,NaN,NaN,NaN,NaN,NaN,NaN,NaN,NaN
8,NaN,NaN,NaN,NaN,NaN,NaN,NaN,NaN
9,NaN,NaN,NaN,NaN,NaN,NaN,NaN,NaN
10,NaN,NaN,NaN,NaN,NaN,NaN,NaN,NaN
11,NaN,NaN,NaN,NaN,NaN,NaN,NaN,NaN
1,NaN,NaN,NaN,NaN,NaN,NaN,NaN,NaN
2,NaN,NaN,NaN,NaN,NaN,NaN,NaN,NaN
3,NaN,NaN,NaN,NaN,NaN,NaN,NaN,NaN
4,NaN,NaN,NaN,NaN,NaN,NaN,NaN,NaN
5,NaN,NaN,NaN,NaN,NaN,NaN,NaN,NaN
6,NaN,NaN,NaN,NaN,NaN,NaN,NaN,NaN
7,NaN,NaN,NaN,NaN,NaN,NaN,NaN,NaN
8,NaN,NaN,NaN,NaN,NaN,NaN,NaN,NaN
9,NaN,NaN,NaN,NaN,NaN,NaN,NaN,NaN
10,NaN,NaN,NaN,NaN,NaN,NaN,NaN,NaN
11,NaN,NaN,NaN,NaN,NaN,NaN,NaN,NaN
1,NaN,NaN,NaN,NaN,NaN,NaN,NaN,NaN
2,NaN,NaN,NaN,NaN,NaN,NaN,NaN,NaN
3,NaN,NaN,NaN,NaN,NaN,NaN,NaN,NaN
4,NaN,NaN,NaN,NaN,NaN,NaN,NaN,NaN
5,NaN,NaN,NaN,NaN,NaN,NaN,NaN,NaN
6,NaN,NaN,NaN,NaN,NaN,NaN,NaN,NaN
7,NaN,NaN,NaN,NaN,NaN,NaN,NaN,NaN
8,NaN,NaN,NaN,NaN,NaN,NaN,NaN,NaN
9,NaN,NaN,NaN,NaN,NaN,NaN,NaN,NaN
10,NaN,NaN,NaN,NaN,NaN,NaN,NaN,NaN
11,NaN,NaN,NaN,NaN,NaN,NaN,NaN,NaN
1,NaN,NaN,NaN,NaN,NaN,NaN,NaN,NaN
2,NaN,NaN,NaN,NaN,NaN,NaN,NaN,NaN
3,NaN,NaN,NaN,NaN,NaN,NaN,NaN,NaN
4,NaN,NaN,NaN,NaN,NaN,NaN,NaN,NaN
5,NaN,NaN,NaN,NaN,NaN,NaN,NaN,NaN
6,NaN,NaN,NaN,NaN,NaN,NaN,NaN,NaN
7,NaN,NaN,NaN,NaN,NaN,NaN,NaN,NaN
8,NaN,NaN,NaN,NaN,NaN,NaN,NaN,NaN
9,NaN,NaN,NaN,NaN,NaN,NaN,NaN,NaN
10,NaN,NaN,NaN,NaN,NaN,NaN,NaN,NaN
11,NaN,NaN,NaN,NaN,NaN,NaN,NaN,NaN
1,NaN,NaN,NaN,NaN,NaN,NaN,NaN,NaN
2,NaN,NaN,NaN,NaN,NaN,NaN,NaN,NaN
3,NaN,NaN,NaN,NaN,NaN,NaN,NaN,NaN
4,NaN,NaN,NaN,NaN,NaN,NaN,NaN,NaN
5,NaN,NaN,NaN,NaN,NaN,NaN,NaN,NaN
6,NaN,NaN,NaN,NaN,NaN,NaN,NaN,NaN
7,NaN,NaN,NaN,NaN,NaN,NaN,NaN,NaN
8,NaN,NaN,NaN,NaN,NaN,NaN,NaN,NaN
9,NaN,NaN,NaN,NaN,NaN,NaN,NaN,NaN
10,NaN,NaN,NaN,NaN,NaN,NaN,NaN,NaN
11,NaN,NaN,NaN,NaN,NaN,NaN,NaN,NaN
1,NaN,NaN,NaN,NaN,NaN,NaN,NaN,NaN
2,NaN,NaN,NaN,NaN,NaN,NaN,NaN,NaN
3,NaN,NaN,NaN,NaN,NaN,NaN,NaN,NaN
4,NaN,NaN,NaN,NaN,NaN,NaN,NaN,NaN
5,NaN,NaN,NaN,NaN,NaN,NaN,NaN,NaN
6,NaN,NaN,NaN,NaN,NaN,NaN,NaN,NaN
7,NaN,NaN,NaN,NaN,NaN,NaN,NaN,NaN
8,NaN,NaN,NaN,NaN,NaN,NaN,NaN,NaN
9,NaN,NaN,NaN,NaN,NaN,NaN,NaN,NaN
10,NaN,NaN,NaN,NaN,NaN,NaN,NaN,NaN
11,NaN,NaN,NaN,NaN,NaN,NaN,NaN,NaN
1,NaN,NaN,NaN,NaN,NaN,NaN,NaN,NaN
2,NaN,NaN,NaN,NaN,NaN,NaN,NaN,NaN
3,NaN,NaN,NaN,NaN,NaN,NaN,NaN,NaN
4,NaN,NaN,NaN,NaN,NaN,NaN,NaN,NaN
5,NaN,NaN,NaN,NaN,NaN,NaN,NaN,NaN
6,NaN,NaN,NaN,NaN,NaN,NaN,NaN,NaN
7,NaN,NaN,NaN,NaN,NaN,NaN,NaN,NaN
8,NaN,NaN,NaN,NaN,NaN,NaN,NaN,NaN
9,NaN,NaN,NaN,NaN,NaN,NaN,NaN,NaN
10,NaN,NaN,NaN,NaN,NaN,NaN,NaN,NaN
11,NaN,NaN,NaN,NaN,NaN,NaN,NaN,NaN
1,NaN,NaN,NaN,NaN,NaN,NaN,NaN,NaN
2,NaN,NaN,NaN,NaN,NaN,NaN,NaN,NaN
3,NaN,NaN,NaN,NaN,NaN,NaN,NaN,NaN
4,NaN,NaN,NaN,NaN,NaN,NaN,NaN,NaN
5,NaN,NaN,NaN,NaN,NaN,NaN,NaN,NaN
6,NaN,NaN,NaN,NaN,NaN,NaN,NaN,NaN
7,NaN,NaN,NaN,NaN,NaN,NaN,NaN,NaN
8,NaN,NaN,NaN,NaN,NaN,NaN,NaN,NaN
9,NaN,NaN,NaN,NaN,NaN,NaN,NaN,NaN
10,NaN,NaN,NaN,NaN,NaN,NaN,NaN,NaN
11,NaN,NaN,NaN,NaN,NaN,NaN,NaN,NaN
1,NaN,NaN,NaN,NaN,NaN,NaN,NaN,NaN
2,NaN,NaN,NaN,NaN,NaN,NaN,NaN,NaN
3,NaN,NaN,NaN,NaN,NaN,NaN,NaN,NaN
4,NaN,NaN,NaN,NaN,NaN,NaN,NaN,NaN
5,NaN,NaN,NaN,NaN,NaN,NaN,NaN,NaN
6,NaN,NaN,NaN,NaN,NaN,NaN,NaN,NaN
7,NaN,NaN,NaN,NaN,NaN,NaN,NaN,NaN
8,NaN,NaN,NaN,NaN,NaN,NaN,NaN,NaN
9,NaN,NaN,NaN,NaN,NaN,NaN,NaN,NaN
10,NaN,NaN,NaN,NaN,NaN,NaN,NaN,NaN
11,NaN,NaN,NaN,NaN,NaN,NaN,NaN,NaN
1,NaN,NaN,NaN,NaN,NaN,NaN,NaN,NaN
2,NaN,NaN,NaN,NaN,NaN,NaN,NaN,NaN
3,NaN,NaN,NaN,NaN,NaN,NaN,NaN,NaN
4,NaN,NaN,NaN,NaN,NaN,NaN,NaN,NaN
5,NaN,NaN,NaN,NaN,NaN,NaN,NaN,NaN
6,NaN,NaN,NaN,NaN,NaN,NaN,NaN,NaN
7,NaN,NaN,NaN,NaN,NaN,NaN,NaN,NaN
8,NaN,NaN,NaN,NaN,NaN,NaN,NaN,NaN
9,NaN,NaN,NaN,NaN,NaN,NaN,NaN,NaN
10,NaN,NaN,NaN,NaN,NaN,NaN,NaN,NaN
11,NaN,NaN,NaN,NaN,NaN,NaN,NaN,NaN
1,NaN,NaN,NaN,NaN,NaN,NaN,NaN,NaN
2,NaN,NaN,NaN,NaN,NaN,NaN,NaN,NaN
3,NaN,NaN,NaN,NaN,NaN,NaN,NaN,NaN
4,NaN,NaN,NaN,NaN,NaN,NaN,NaN,NaN
5,NaN,NaN,NaN,NaN,NaN,NaN,NaN,NaN
6,NaN,NaN,NaN,NaN,NaN,NaN,NaN,NaN
7,NaN,NaN,NaN,NaN,NaN,NaN,NaN,NaN
8,NaN,NaN,NaN,NaN,NaN,NaN,NaN,NaN
9,NaN,NaN,NaN,NaN,NaN,NaN,NaN,NaN
10,NaN,NaN,NaN,NaN,NaN,NaN,NaN,NaN
11,NaN,NaN,NaN,NaN,NaN,NaN,NaN,NaN
1,NaN,NaN,NaN,NaN,NaN,NaN,NaN,NaN
2,NaN,NaN,NaN,NaN,NaN,NaN,NaN,NaN
3,NaN,NaN,NaN,NaN,NaN,NaN,NaN,NaN
4,NaN,NaN,NaN,NaN,NaN,NaN,NaN,NaN
5,NaN,NaN,NaN,NaN,NaN,NaN,NaN,NaN
6,NaN,NaN,NaN,NaN,NaN,NaN,NaN,NaN
7,NaN,NaN,NaN,NaN,NaN,NaN,NaN,NaN
8,NaN,NaN,NaN,NaN,NaN,NaN,NaN,NaN
9,NaN,NaN,NaN,NaN,NaN,NaN,NaN,NaN
10,NaN,NaN,NaN,NaN,NaN,NaN,NaN,NaN
11,NaN,NaN,NaN,NaN,NaN,NaN,NaN,NaN
1,NaN,NaN,NaN,NaN,NaN,NaN,NaN,NaN
2,NaN,NaN,NaN,NaN,NaN,NaN,NaN,NaN
3,NaN,NaN,NaN,NaN,NaN,NaN,NaN,NaN
4,NaN,NaN,NaN,NaN,NaN,NaN,NaN,NaN
5,NaN,NaN,NaN,NaN,NaN,NaN,NaN,NaN
6,NaN,NaN,NaN,NaN,NaN,NaN,NaN,NaN
7,NaN,NaN,NaN,NaN,NaN,NaN,NaN,NaN
8,NaN,NaN,NaN,NaN,NaN,NaN,NaN,NaN
9,NaN,NaN,NaN,NaN,NaN,NaN,NaN,NaN
10,NaN,NaN,NaN,NaN,NaN,NaN,NaN,NaN
11,NaN,NaN,NaN,NaN,NaN,NaN,NaN,NaN
1,NaN,NaN,NaN,NaN,NaN,NaN,NaN,NaN
2,NaN,NaN,NaN,NaN,NaN,NaN,NaN,NaN
3,NaN,NaN,NaN,NaN,NaN,NaN,NaN,NaN
4,NaN,NaN,NaN,NaN,NaN,NaN,NaN,NaN
5,NaN,NaN,NaN,NaN,NaN,NaN,NaN,NaN
6,NaN,NaN,NaN,NaN,NaN,NaN,NaN,NaN
7,NaN,NaN,NaN,NaN,NaN,NaN,NaN,NaN
8,NaN,NaN,NaN,NaN,NaN,NaN,NaN,NaN
9,NaN,NaN,NaN,NaN,NaN,NaN,NaN,NaN
10,NaN,NaN,NaN,NaN,NaN,NaN,NaN,NaN
11,NaN,NaN,NaN,NaN,NaN,NaN,NaN,NaN
1,NaN,NaN,NaN,NaN,NaN,NaN,NaN,NaN
2,NaN,NaN,NaN,NaN,NaN,NaN,NaN,NaN
3,NaN,NaN,NaN,NaN,NaN,NaN,NaN,NaN
4,NaN,NaN,NaN,NaN,NaN,NaN,NaN,NaN
5,NaN,NaN,NaN,NaN,NaN,NaN,NaN,NaN
6,NaN,NaN,NaN,NaN,NaN,NaN,NaN,NaN
7,NaN,NaN,NaN,NaN,NaN,NaN,NaN,NaN
8,NaN,NaN,NaN,NaN,NaN,NaN,NaN,NaN
9,NaN,NaN,NaN,NaN,NaN,NaN,NaN,NaN
10,NaN,NaN,NaN,NaN,NaN,NaN,NaN,NaN
11,NaN,NaN,NaN,NaN,NaN,NaN,NaN,NaN
1,NaN,NaN,NaN,NaN,NaN,NaN,NaN,NaN
2,NaN,NaN,NaN,NaN,NaN,NaN,NaN,NaN
3,NaN,NaN,NaN,NaN,NaN,NaN,NaN,NaN
4,NaN,NaN,NaN,NaN,NaN,NaN,NaN,NaN
5,NaN,NaN,NaN,NaN,NaN,NaN,NaN,NaN
6,NaN,NaN,NaN,NaN,NaN,NaN,NaN,NaN
7,NaN,NaN,NaN,NaN,NaN,NaN,NaN,NaN
8,NaN,NaN,NaN,NaN,NaN,NaN,NaN,NaN
9,NaN,NaN,NaN,NaN,NaN,NaN,NaN,NaN
10,NaN,NaN,NaN,NaN,NaN,NaN,NaN,NaN
11,NaN,NaN,NaN,NaN,NaN,NaN,NaN,NaN
1,NaN,NaN,NaN,NaN,NaN,NaN,NaN,NaN
2,NaN,NaN,NaN,NaN,NaN,NaN,NaN,NaN
3,NaN,NaN,NaN,NaN,NaN,NaN,NaN,NaN
4,NaN,NaN,NaN,NaN,NaN,NaN,NaN,NaN
5,NaN,NaN,NaN,NaN,NaN,NaN,NaN,NaN
6,NaN,NaN,NaN,NaN,NaN,NaN,NaN,NaN
7,NaN,NaN,NaN,NaN,NaN,NaN,NaN,NaN
8,NaN,NaN,NaN,NaN,NaN,NaN,NaN,NaN
9,NaN,NaN,NaN,NaN,NaN,NaN,NaN,NaN
10,NaN,NaN,NaN,NaN,NaN,NaN,NaN,NaN
11,NaN,NaN,NaN,NaN,NaN,NaN,NaN,NaN
1,NaN,NaN,NaN,NaN,NaN,NaN,NaN,NaN
2,NaN,NaN,NaN,NaN,NaN,NaN,NaN,NaN
3,NaN,NaN,NaN,NaN,NaN,NaN,NaN,NaN
4,NaN,NaN,NaN,NaN,NaN,NaN,NaN,NaN
5,NaN,NaN,NaN,NaN,NaN,NaN,NaN,NaN
6,NaN,NaN,NaN,NaN,NaN,NaN,NaN,NaN
7,NaN,NaN,NaN,NaN,NaN,NaN,NaN,NaN
8,NaN,NaN,NaN,NaN,NaN,NaN,NaN,NaN
9,NaN,NaN,NaN,NaN,NaN,NaN,NaN,NaN
10,NaN,NaN,NaN,NaN,NaN,NaN,NaN,NaN
11,NaN,NaN,NaN,NaN,NaN,NaN,NaN,NaN
1,NaN,NaN,NaN,NaN,NaN,NaN,NaN,NaN
2,NaN,NaN,NaN,NaN,NaN,NaN,NaN,NaN
3,NaN,NaN,NaN,NaN,NaN,NaN,NaN,NaN
4,NaN,NaN,NaN,NaN,NaN,NaN,NaN,NaN
5,NaN,NaN,NaN,NaN,NaN,NaN,NaN,NaN
6,NaN,NaN,NaN,NaN,NaN,NaN,NaN,NaN
7,NaN,NaN,NaN,NaN,NaN,NaN,NaN,NaN
8,NaN,NaN,NaN,NaN,NaN,NaN,NaN,NaN
9,NaN,NaN,NaN,NaN,NaN,NaN,NaN,NaN
10,NaN,NaN,NaN,NaN,NaN,NaN,NaN,NaN
11,NaN,NaN,NaN,NaN,NaN,NaN,NaN,NaN
1,NaN,NaN,NaN,NaN,NaN,NaN,NaN,NaN
2,NaN,NaN,NaN,NaN,NaN,NaN,NaN,NaN
3,NaN,NaN,NaN,NaN,NaN,NaN,NaN,NaN
4,NaN,NaN,NaN,NaN,NaN,NaN,NaN,NaN
5,NaN,NaN,NaN,NaN,NaN,NaN,NaN,NaN
6,NaN,NaN,NaN,NaN,NaN,NaN,NaN,NaN
7,NaN,NaN,NaN,NaN,NaN,NaN,NaN,NaN
8,NaN,NaN,NaN,NaN,NaN,NaN,NaN,NaN
9,NaN,NaN,NaN,NaN,NaN,NaN,NaN,NaN
10,NaN,NaN,NaN,NaN,NaN,NaN,NaN,NaN
11,NaN,NaN,NaN,NaN,NaN,NaN,NaN,NaN
1,NaN,NaN,NaN,NaN,NaN,NaN,NaN,NaN
2,NaN,NaN,NaN,NaN,NaN,NaN,NaN,NaN
3,NaN,NaN,NaN,NaN,NaN,NaN,NaN,NaN
4,NaN,NaN,NaN,NaN,NaN,NaN,NaN,NaN
5,NaN,NaN,NaN,NaN,NaN,NaN,NaN,NaN
6,NaN,NaN,NaN,NaN,NaN,NaN,NaN,NaN
7,NaN,NaN,NaN,NaN,NaN,NaN,NaN,NaN
8,NaN,NaN,NaN,NaN,NaN,NaN,NaN,NaN
9,NaN,NaN,NaN,NaN,NaN,NaN,NaN,NaN
10,NaN,NaN,NaN,NaN,NaN,NaN,NaN,NaN
11,NaN,NaN,NaN,NaN,NaN,NaN,NaN,NaN
1,NaN,NaN,NaN,NaN,NaN,NaN,NaN,NaN
2,NaN,NaN,NaN,NaN,NaN,NaN,NaN,NaN
3,NaN,NaN,NaN,NaN,NaN,NaN,NaN,NaN
4,NaN,NaN,NaN,NaN,NaN,NaN,NaN,NaN
5,NaN,NaN,NaN,NaN,NaN,NaN,NaN,NaN
6,NaN,NaN,NaN,NaN,NaN,NaN,NaN,NaN
7,NaN,NaN,NaN,NaN,NaN,NaN,NaN,NaN
8,NaN,NaN,NaN,NaN,NaN,NaN,NaN,NaN
9,NaN,NaN,NaN,NaN,NaN,NaN,NaN,NaN
10,NaN,NaN,NaN,NaN,NaN,NaN,NaN,NaN
11,NaN,NaN,NaN,NaN,NaN,NaN,NaN,NaN
1,NaN,NaN,NaN,NaN,NaN,NaN,NaN,NaN
2,NaN,NaN,NaN,NaN,NaN,NaN,NaN,NaN
3,NaN,NaN,NaN,NaN,NaN,NaN,NaN,NaN
4,NaN,NaN,NaN,NaN,NaN,NaN,NaN,NaN
5,NaN,NaN,NaN,NaN,NaN,NaN,NaN,NaN
6,NaN,NaN,NaN,NaN,NaN,NaN,NaN,NaN
7,NaN,NaN,NaN,NaN,NaN,NaN,NaN,NaN
8,NaN,NaN,NaN,NaN,NaN,NaN,NaN,NaN
9,NaN,NaN,NaN,NaN,NaN,NaN,NaN,NaN
10,NaN,NaN,NaN,NaN,NaN,NaN,NaN,NaN
11,NaN,NaN,NaN,NaN,NaN,NaN,NaN,NaN
1,NaN,NaN,NaN,NaN,NaN,NaN,NaN,NaN
2,NaN,NaN,NaN,NaN,NaN,NaN,NaN,NaN
3,NaN,NaN,NaN,NaN,NaN,NaN,NaN,NaN
4,NaN,NaN,NaN,NaN,NaN,NaN,NaN,NaN
5,NaN,NaN,NaN,NaN,NaN,NaN,NaN,NaN
6,NaN,NaN,NaN,NaN,NaN,NaN,NaN,NaN
7,NaN,NaN,NaN,NaN,NaN,NaN,NaN,NaN
8,NaN,NaN,NaN,NaN,NaN,NaN,NaN,NaN
9,NaN,NaN,NaN,NaN,NaN,NaN,NaN,NaN
10,NaN,NaN,NaN,NaN,NaN,NaN,NaN,NaN
11,NaN,NaN,NaN,NaN,NaN,NaN,NaN,NaN
1,NaN,NaN,NaN,NaN,NaN,NaN,NaN,NaN
2,NaN,NaN,NaN,NaN,NaN,NaN,NaN,NaN
3,NaN,NaN,NaN,NaN,NaN,NaN,NaN,NaN
4,NaN,NaN,NaN,NaN,NaN,NaN,NaN,NaN
5,NaN,NaN,NaN,NaN,NaN,NaN,NaN,NaN
6,NaN,NaN,NaN,NaN,NaN,NaN,NaN,NaN
7,NaN,NaN,NaN,NaN,NaN,NaN,NaN,NaN
8,NaN,NaN,NaN,NaN,NaN,NaN,NaN,NaN
9,NaN,NaN,NaN,NaN,NaN,NaN,NaN,NaN
10,NaN,NaN,NaN,NaN,NaN,NaN,NaN,NaN
11,NaN,NaN,NaN,NaN,NaN,NaN,NaN,NaN
1,NaN,NaN,NaN,NaN,NaN,NaN,NaN,NaN
2,NaN,NaN,NaN,NaN,NaN,NaN,NaN,NaN
3,NaN,NaN,NaN,NaN,NaN,NaN,NaN,NaN
4,NaN,NaN,NaN,NaN,NaN,NaN,NaN,NaN
5,NaN,NaN,NaN,NaN,NaN,NaN,NaN,NaN
6,NaN,NaN,NaN,NaN,NaN,NaN,NaN,NaN
7,NaN,NaN,NaN,NaN,NaN,NaN,NaN,NaN
8,NaN,NaN,NaN,NaN,NaN,NaN,NaN,NaN
9,NaN,NaN,NaN,NaN,NaN,NaN,NaN,NaN
10,NaN,NaN,NaN,NaN,NaN,NaN,NaN,NaN
11,NaN,NaN,NaN,NaN,NaN,NaN,NaN,NaN
1,NaN,NaN,NaN,NaN,NaN,NaN,NaN,NaN
2,NaN,NaN,NaN,NaN,NaN,NaN,NaN,NaN
3,NaN,NaN,NaN,NaN,NaN,NaN,NaN,NaN
4,NaN,NaN,NaN,NaN,NaN,NaN,NaN,NaN
5,NaN,NaN,NaN,NaN,NaN,NaN,NaN,NaN
6,NaN,NaN,NaN,NaN,NaN,NaN,NaN,NaN
7,NaN,NaN,NaN,NaN,NaN,NaN,NaN,NaN
8,NaN,NaN,NaN,NaN,NaN,NaN,NaN,NaN
9,NaN,NaN,NaN,NaN,NaN,NaN,NaN,NaN
10,NaN,NaN,NaN,NaN,NaN,NaN,NaN,NaN
11,NaN,NaN,NaN,NaN,NaN,NaN,NaN,NaN
1,NaN,NaN,NaN,NaN,NaN,NaN,NaN,NaN
2,NaN,NaN,NaN,NaN,NaN,NaN,NaN,NaN
3,NaN,NaN,NaN,NaN,NaN,NaN,NaN,NaN
4,NaN,NaN,NaN,NaN,NaN,NaN,NaN,NaN
5,NaN,NaN,NaN,NaN,NaN,NaN,NaN,NaN
6,NaN,NaN,NaN,NaN,NaN,NaN,NaN,NaN
7,NaN,NaN,NaN,NaN,NaN,NaN,NaN,NaN
8,NaN,NaN,NaN,NaN,NaN,NaN,NaN,NaN
9,NaN,NaN,NaN,NaN,NaN,NaN,NaN,NaN
10,NaN,NaN,NaN,NaN,NaN,NaN,NaN,NaN
11,NaN,NaN,NaN,NaN,NaN,NaN,NaN,NaN
1,NaN,NaN,NaN,NaN,NaN,NaN,NaN,NaN
2,NaN,NaN,NaN,NaN,NaN,NaN,NaN,NaN
3,NaN,NaN,NaN,NaN,NaN,NaN,NaN,NaN
4,NaN,NaN,NaN,NaN,NaN,NaN,NaN,NaN
5,NaN,NaN,NaN,NaN,NaN,NaN,NaN,NaN
6,NaN,NaN,NaN,NaN,NaN,NaN,NaN,NaN
7,NaN,NaN,NaN,NaN,NaN,NaN,NaN,NaN
8,NaN,NaN,NaN,NaN,NaN,NaN,NaN,NaN
9,NaN,NaN,NaN,NaN,NaN,NaN,NaN,NaN
10,NaN,NaN,NaN,NaN,NaN,NaN,NaN,NaN
11,NaN,NaN,NaN,NaN,NaN,NaN,NaN,NaN
1,NaN,NaN,NaN,NaN,NaN,NaN,NaN,NaN
2,NaN,NaN,NaN,NaN,NaN,NaN,NaN,NaN
3,NaN,NaN,NaN,NaN,NaN,NaN,NaN,NaN
4,NaN,NaN,NaN,NaN,NaN,NaN,NaN,NaN
5,NaN,NaN,NaN,NaN,NaN,NaN,NaN,NaN
6,NaN,NaN,NaN,NaN,NaN,NaN,NaN,NaN
7,NaN,NaN,NaN,NaN,NaN,NaN,NaN,NaN
8,NaN,NaN,NaN,NaN,NaN,NaN,NaN,NaN
9,NaN,NaN,NaN,NaN,NaN,NaN,NaN,NaN
10,NaN,NaN,NaN,NaN,NaN,NaN,NaN,NaN
11,NaN,NaN,NaN,NaN,NaN,NaN,NaN,NaN
1,NaN,NaN,NaN,NaN,NaN,NaN,NaN,NaN
2,NaN,NaN,NaN,NaN,NaN,NaN,NaN,NaN
3,NaN,NaN,NaN,NaN,NaN,NaN,NaN,NaN
4,NaN,NaN,NaN,NaN,NaN,NaN,NaN,NaN
5,NaN,NaN,NaN,NaN,NaN,NaN,NaN,NaN
6,NaN,NaN,NaN,NaN,NaN,NaN,NaN,NaN
7,NaN,NaN,NaN,NaN,NaN,NaN,NaN,NaN
8,NaN,NaN,NaN,NaN,NaN,NaN,NaN,NaN
9,NaN,NaN,NaN,NaN,NaN,NaN,NaN,NaN
10,NaN,NaN,NaN,NaN,NaN,NaN,NaN,NaN
11,NaN,NaN,NaN,NaN,NaN,NaN,NaN,NaN
1,NaN,NaN,NaN,NaN,NaN,NaN,NaN,NaN
2,NaN,NaN,NaN,NaN,NaN,NaN,NaN,NaN
3,NaN,NaN,NaN,NaN,NaN,NaN,NaN,NaN
4,NaN,NaN,NaN,NaN,NaN,NaN,NaN,NaN
5,NaN,NaN,NaN,NaN,NaN,NaN,NaN,NaN
6,NaN,NaN,NaN,NaN,NaN,NaN,NaN,NaN
7,NaN,NaN,NaN,NaN,NaN,NaN,NaN,NaN
8,NaN,NaN,NaN,NaN,NaN,NaN,NaN,NaN
9,NaN,NaN,NaN,NaN,NaN,NaN,NaN,NaN
10,NaN,NaN,NaN,NaN,NaN,NaN,NaN,NaN
11,NaN,NaN,NaN,NaN,NaN,NaN,NaN,NaN
1,NaN,NaN,NaN,NaN,NaN,NaN,NaN,NaN
2,NaN,NaN,NaN,NaN,NaN,NaN,NaN,NaN
3,NaN,NaN,NaN,NaN,NaN,NaN,NaN,NaN
4,NaN,NaN,NaN,NaN,NaN,NaN,NaN,NaN
5,NaN,NaN,NaN,NaN,NaN,NaN,NaN,NaN
6,NaN,NaN,NaN,NaN,NaN,NaN,NaN,NaN
7,NaN,NaN,NaN,NaN,NaN,NaN,NaN,NaN
8,NaN,NaN,NaN,NaN,NaN,NaN,NaN,NaN
9,NaN,NaN,NaN,NaN,NaN,NaN,NaN,NaN
10,NaN,NaN,NaN,NaN,NaN,NaN,NaN,NaN
11,NaN,NaN,NaN,NaN,NaN,NaN,NaN,NaN
1,NaN,NaN,NaN,NaN,NaN,NaN,NaN,NaN
2,NaN,NaN,NaN,NaN,NaN,NaN,NaN,NaN
3,NaN,NaN,NaN,NaN,NaN,NaN,NaN,NaN
4,NaN,NaN,NaN,NaN,NaN,NaN,NaN,NaN
5,NaN,NaN,NaN,NaN,NaN,NaN,NaN,NaN
6,NaN,NaN,NaN,NaN,NaN,NaN,NaN,NaN
7,NaN,NaN,NaN,NaN,NaN,NaN,NaN,NaN
8,NaN,NaN,NaN,NaN,NaN,NaN,NaN,NaN
9,NaN,NaN,NaN,NaN,NaN,NaN,NaN,NaN
10,NaN,NaN,NaN,NaN,NaN,NaN,NaN,NaN
11,NaN,NaN,NaN,NaN,NaN,NaN,NaN,NaN
1,NaN,NaN,NaN,NaN,NaN,NaN,NaN,NaN
2,NaN,NaN,NaN,NaN,NaN,NaN,NaN,NaN
3,NaN,NaN,NaN,NaN,NaN,NaN,NaN,NaN
4,NaN,NaN,NaN,NaN,NaN,NaN,NaN,NaN
5,NaN,NaN,NaN,NaN,NaN,NaN,NaN,NaN
6,NaN,NaN,NaN,NaN,NaN,NaN,NaN,NaN
7,NaN,NaN,NaN,NaN,NaN,NaN,NaN,NaN
8,NaN,NaN,NaN,NaN,NaN,NaN,NaN,NaN
9,NaN,NaN,NaN,NaN,NaN,NaN,NaN,NaN
10,NaN,NaN,NaN,NaN,NaN,NaN,NaN,NaN
11,NaN,NaN,NaN,NaN,NaN,NaN,NaN,NaN
1,NaN,NaN,NaN,NaN,NaN,NaN,NaN,NaN
2,NaN,NaN,NaN,NaN,NaN,NaN,NaN,NaN
3,NaN,NaN,NaN,NaN,NaN,NaN,NaN,NaN
4,NaN,NaN,NaN,NaN,NaN,NaN,NaN,NaN
5,NaN,NaN,NaN,NaN,NaN,NaN,NaN,NaN
6,NaN,NaN,NaN,NaN,NaN,NaN,NaN,NaN
7,NaN,NaN,NaN,NaN,NaN,NaN,NaN,NaN
8,NaN,NaN,NaN,NaN,NaN,NaN,NaN,NaN
9,NaN,NaN,NaN,NaN,NaN,NaN,NaN,NaN
10,NaN,NaN,NaN,NaN,NaN,NaN,NaN,NaN
11,NaN,NaN,NaN,NaN,NaN,NaN,NaN,NaN
1,NaN,NaN,NaN,NaN,NaN,NaN,NaN,NaN
2,NaN,NaN,NaN,NaN,NaN,NaN,NaN,NaN
3,NaN,NaN,NaN,NaN,NaN,NaN,NaN,NaN
4,NaN,NaN,NaN,NaN,NaN,NaN,NaN,NaN
5,NaN,NaN,NaN,NaN,NaN,NaN,NaN,NaN
6,NaN,NaN,NaN,NaN,NaN,NaN,NaN,NaN
7,NaN,NaN,NaN,NaN,NaN,NaN,NaN,NaN
8,NaN,NaN,NaN,NaN,NaN,NaN,NaN,NaN
9,NaN,NaN,NaN,NaN,NaN,NaN,NaN,NaN
10,NaN,NaN,NaN,NaN,NaN,NaN,NaN,NaN
11,NaN,NaN,NaN,NaN,NaN,NaN,NaN,NaN
1,NaN,NaN,NaN,NaN,NaN,NaN,NaN,NaN
2,NaN,NaN,NaN,NaN,NaN,NaN,NaN,NaN
3,NaN,NaN,NaN,NaN,NaN,NaN,NaN,NaN
4,NaN,NaN,NaN,NaN,NaN,NaN,NaN,NaN
5,NaN,NaN,NaN,NaN,NaN,NaN,NaN,NaN
6,NaN,NaN,NaN,NaN,NaN,NaN,NaN,NaN
7,NaN,NaN,NaN,NaN,NaN,NaN,NaN,NaN
8,NaN,NaN,NaN,NaN,NaN,NaN,NaN,NaN
9,NaN,NaN,NaN,NaN,NaN,NaN,NaN,NaN
10,NaN,NaN,NaN,NaN,NaN,NaN,NaN,NaN
11,NaN,NaN,NaN,NaN,NaN,NaN,NaN,NaN
1,NaN,NaN,NaN,NaN,NaN,NaN,NaN,NaN
2,NaN,NaN,NaN,NaN,NaN,NaN,NaN,NaN
3,NaN,NaN,NaN,NaN,NaN,NaN,NaN,NaN
4,NaN,NaN,NaN,NaN,NaN,NaN,NaN,NaN
5,NaN,NaN,NaN,NaN,NaN,NaN,NaN,NaN
6,NaN,NaN,NaN,NaN,NaN,NaN,NaN,NaN
7,NaN,NaN,NaN,NaN,NaN,NaN,NaN,NaN
8,NaN,NaN,NaN,NaN,NaN,NaN,NaN,NaN
9,NaN,NaN,NaN,NaN,NaN,NaN,NaN,NaN
10,NaN,NaN,NaN,NaN,NaN,NaN,NaN,NaN
11,NaN,NaN,NaN,NaN,NaN,NaN,NaN,NaN
1,NaN,NaN,NaN,NaN,NaN,NaN,NaN,NaN
2,NaN,NaN,NaN,NaN,NaN,NaN,NaN,NaN
3,NaN,NaN,NaN,NaN,NaN,NaN,NaN,NaN
4,NaN,NaN,NaN,NaN,NaN,NaN,NaN,NaN
5,NaN,NaN,NaN,NaN,NaN,NaN,NaN,NaN
6,NaN,NaN,NaN,NaN,NaN,NaN,NaN,NaN
7,NaN,NaN,NaN,NaN,NaN,NaN,NaN,NaN
8,NaN,NaN,NaN,NaN,NaN,NaN,NaN,NaN
9,NaN,NaN,NaN,NaN,NaN,NaN,NaN,NaN
10,NaN,NaN,NaN,NaN,NaN,NaN,NaN,NaN
11,NaN,NaN,NaN,NaN,NaN,NaN,NaN,NaN
1,NaN,NaN,NaN,NaN,NaN,NaN,NaN,NaN
2,NaN,NaN,NaN,NaN,NaN,NaN,NaN,NaN
3,NaN,NaN,NaN,NaN,NaN,NaN,NaN,NaN
4,NaN,NaN,NaN,NaN,NaN,NaN,NaN,NaN
5,NaN,NaN,NaN,NaN,NaN,NaN,NaN,NaN
6,NaN,NaN,NaN,NaN,NaN,NaN,NaN,NaN
7,NaN,NaN,NaN,NaN,NaN,NaN,NaN,NaN
8,NaN,NaN,NaN,NaN,NaN,NaN,NaN,NaN
9,NaN,NaN,NaN,NaN,NaN,NaN,NaN,NaN
10,NaN,NaN,NaN,NaN,NaN,NaN,NaN,NaN
11,NaN,NaN,NaN,NaN,NaN,NaN,NaN,NaN
1,NaN,NaN,NaN,NaN,NaN,NaN,NaN,NaN
2,NaN,NaN,NaN,NaN,NaN,NaN,NaN,NaN
3,NaN,NaN,NaN,NaN,NaN,NaN,NaN,NaN
4,NaN,NaN,NaN,NaN,NaN,NaN,NaN,NaN
5,NaN,NaN,NaN,NaN,NaN,NaN,NaN,NaN
6,NaN,NaN,NaN,NaN,NaN,NaN,NaN,NaN
7,NaN,NaN,NaN,NaN,NaN,NaN,NaN,NaN
8,NaN,NaN,NaN,NaN,NaN,NaN,NaN,NaN
9,NaN,NaN,NaN,NaN,NaN,NaN,NaN,NaN
10,NaN,NaN,NaN,NaN,NaN,NaN,NaN,NaN
11,NaN,NaN,NaN,NaN,NaN,NaN,NaN,NaN
1,NaN,NaN,NaN,NaN,NaN,NaN,NaN,NaN
2,NaN,NaN,NaN,NaN,NaN,NaN,NaN,NaN
3,NaN,NaN,NaN,NaN,NaN,NaN,NaN,NaN
4,NaN,NaN,NaN,NaN,NaN,NaN,NaN,NaN
5,NaN,NaN,NaN,NaN,NaN,NaN,NaN,NaN
6,NaN,NaN,NaN,NaN,NaN,NaN,NaN,NaN
7,NaN,NaN,NaN,NaN,NaN,NaN,NaN,NaN
8,NaN,NaN,NaN,NaN,NaN,NaN,NaN,NaN
9,NaN,NaN,NaN,NaN,NaN,NaN,NaN,NaN
10,NaN,NaN,NaN,NaN,NaN,NaN,NaN,NaN
11,NaN,NaN,NaN,NaN,NaN,NaN,NaN,NaN
1,NaN,NaN,NaN,NaN,NaN,NaN,NaN,NaN
2,NaN,NaN,NaN,NaN,NaN,NaN,NaN,NaN
3,NaN,NaN,NaN,NaN,NaN,NaN,NaN,NaN
4,NaN,NaN,NaN,NaN,NaN,NaN,NaN,NaN
5,NaN,NaN,NaN,NaN,NaN,NaN,NaN,NaN
6,NaN,NaN,NaN,NaN,NaN,NaN,NaN,NaN
7,NaN,NaN,NaN,NaN,NaN,NaN,NaN,NaN
8,NaN,NaN,NaN,NaN,NaN,NaN,NaN,NaN
9,NaN,NaN,NaN,NaN,NaN,NaN,NaN,NaN
10,NaN,NaN,NaN,NaN,NaN,NaN,NaN,NaN
11,NaN,NaN,NaN,NaN,NaN,NaN,NaN,NaN
1,NaN,NaN,NaN,NaN,NaN,NaN,NaN,NaN
2,NaN,NaN,NaN,NaN,NaN,NaN,NaN,NaN
3,NaN,NaN,NaN,NaN,NaN,NaN,NaN,NaN
4,NaN,NaN,NaN,NaN,NaN,NaN,NaN,NaN
5,NaN,NaN,NaN,NaN,NaN,NaN,NaN,NaN
6,NaN,NaN,NaN,NaN,NaN,NaN,NaN,NaN
7,NaN,NaN,NaN,NaN,NaN,NaN,NaN,NaN
8,NaN,NaN,NaN,NaN,NaN,NaN,NaN,NaN
9,NaN,NaN,NaN,NaN,NaN,NaN,NaN,NaN
10,NaN,NaN,NaN,NaN,NaN,NaN,NaN,NaN
11,NaN,NaN,NaN,NaN,NaN,NaN,NaN,NaN
1,NaN,NaN,NaN,NaN,NaN,NaN,NaN,NaN
2,NaN,NaN,NaN,NaN,NaN,NaN,NaN,NaN
3,NaN,NaN,NaN,NaN,NaN,NaN,NaN,NaN
4,NaN,NaN,NaN,NaN,NaN,NaN,NaN,NaN
5,NaN,NaN,NaN,NaN,NaN,NaN,NaN,NaN
6,NaN,NaN,NaN,NaN,NaN,NaN,NaN,NaN
7,NaN,NaN,NaN,NaN,NaN,NaN,NaN,NaN
8,NaN,NaN,NaN,NaN,NaN,NaN,NaN,NaN
9,NaN,NaN,NaN,NaN,NaN,NaN,NaN,NaN
10,NaN,NaN,NaN,NaN,NaN,NaN,NaN,NaN
11,NaN,NaN,NaN,NaN,NaN,NaN,NaN,NaN
1,NaN,NaN,NaN,NaN,NaN,NaN,NaN,NaN
2,NaN,NaN,NaN,NaN,NaN,NaN,NaN,NaN
3,NaN,NaN,NaN,NaN,NaN,NaN,NaN,NaN
4,NaN,NaN,NaN,NaN,NaN,NaN,NaN,NaN
5,NaN,NaN,NaN,NaN,NaN,NaN,NaN,NaN
6,NaN,NaN,NaN,NaN,NaN,NaN,NaN,NaN
7,NaN,NaN,NaN,NaN,NaN,NaN,NaN,NaN
8,NaN,NaN,NaN,NaN,NaN,NaN,NaN,NaN
9,NaN,NaN,NaN,NaN,NaN,NaN,NaN,NaN
10,NaN,NaN,NaN,NaN,NaN,NaN,NaN,NaN
11,NaN,NaN,NaN,NaN,NaN,NaN,NaN,NaN
1,NaN,NaN,NaN,NaN,NaN,NaN,NaN,NaN
2,NaN,NaN,NaN,NaN,NaN,NaN,NaN,NaN
3,NaN,NaN,NaN,NaN,NaN,NaN,NaN,NaN
4,NaN,NaN,NaN,NaN,NaN,NaN,NaN,NaN
5,NaN,NaN,NaN,NaN,NaN,NaN,NaN,NaN
6,NaN,NaN,NaN,NaN,NaN,NaN,NaN,NaN
7,NaN,NaN,NaN,NaN,NaN,NaN,NaN,NaN
8,NaN,NaN,NaN,NaN,NaN,NaN,NaN,NaN
9,NaN,NaN,NaN,NaN,NaN,NaN,NaN,NaN
10,NaN,NaN,NaN,NaN,NaN,NaN,NaN,NaN
11,NaN,NaN,NaN,NaN,NaN,NaN,NaN,NaN
1,NaN,NaN,NaN,NaN,NaN,NaN,NaN,NaN
2,NaN,NaN,NaN,NaN,NaN,NaN,NaN,NaN
3,NaN,NaN,NaN,NaN,NaN,NaN,NaN,NaN
4,NaN,NaN,NaN,NaN,NaN,NaN,NaN,NaN
5,NaN,NaN,NaN,NaN,NaN,NaN,NaN,NaN
6,NaN,NaN,NaN,NaN,NaN,NaN,NaN,NaN
7,NaN,NaN,NaN,NaN,NaN,NaN,NaN,NaN
8,NaN,NaN,NaN,NaN,NaN,NaN,NaN,NaN
9,NaN,NaN,NaN,NaN,NaN,NaN,NaN,NaN
10,NaN,NaN,NaN,NaN,NaN,NaN,NaN,NaN
11,NaN,NaN,NaN,NaN,NaN,NaN,NaN,NaN
1,NaN,NaN,NaN,NaN,NaN,NaN,NaN,NaN
2,NaN,NaN,NaN,NaN,NaN,NaN,NaN,NaN
3,NaN,NaN,NaN,NaN,NaN,NaN,NaN,NaN
4,NaN,NaN,NaN,NaN,NaN,NaN,NaN,NaN
5,NaN,NaN,NaN,NaN,NaN,NaN,NaN,NaN
6,NaN,NaN,NaN,NaN,NaN,NaN,NaN,NaN
7,NaN,NaN,NaN,NaN,NaN,NaN,NaN,NaN
8,NaN,NaN,NaN,NaN,NaN,NaN,NaN,NaN
9,NaN,NaN,NaN,NaN,NaN,NaN,NaN,NaN
10,NaN,NaN,NaN,NaN,NaN,NaN,NaN,NaN
11,NaN,NaN,NaN,NaN,NaN,NaN,NaN,NaN
1,NaN,NaN,NaN,NaN,NaN,NaN,NaN,NaN
2,NaN,NaN,NaN,NaN,NaN,NaN,NaN,NaN
3,NaN,NaN,NaN,NaN,NaN,NaN,NaN,NaN
4,NaN,NaN,NaN,NaN,NaN,NaN,NaN,NaN
5,NaN,NaN,NaN,NaN,NaN,NaN,NaN,NaN
6,NaN,NaN,NaN,NaN,NaN,NaN,NaN,NaN
7,NaN,NaN,NaN,NaN,NaN,NaN,NaN,NaN
8,NaN,NaN,NaN,NaN,NaN,NaN,NaN,NaN
9,NaN,NaN,NaN,NaN,NaN,NaN,NaN,NaN
10,NaN,NaN,NaN,NaN,NaN,NaN,NaN,NaN
11,NaN,NaN,NaN,NaN,NaN,NaN,NaN,NaN
1,NaN,NaN,NaN,NaN,NaN,NaN,NaN,NaN
2,NaN,NaN,NaN,NaN,NaN,NaN,NaN,NaN
3,NaN,NaN,NaN,NaN,NaN,NaN,NaN,NaN
4,NaN,NaN,NaN,NaN,NaN,NaN,NaN,NaN
5,NaN,NaN,NaN,NaN,NaN,NaN,NaN,NaN
6,NaN,NaN,NaN,NaN,NaN,NaN,NaN,NaN
7,NaN,NaN,NaN,NaN,NaN,NaN,NaN,NaN
8,NaN,NaN,NaN,NaN,NaN,NaN,NaN,NaN
9,NaN,NaN,NaN,NaN,NaN,NaN,NaN,NaN
10,NaN,NaN,NaN,NaN,NaN,NaN,NaN,NaN
11,NaN,NaN,NaN,NaN,NaN,NaN,NaN,NaN
1,NaN,NaN,NaN,NaN,NaN,NaN,NaN,NaN
2,NaN,NaN,NaN,NaN,NaN,NaN,NaN,NaN
3,NaN,NaN,NaN,NaN,NaN,NaN,NaN,NaN
4,NaN,NaN,NaN,NaN,NaN,NaN,NaN,NaN
5,NaN,NaN,NaN,NaN,NaN,NaN,NaN,NaN
6,NaN,NaN,NaN,NaN,NaN,NaN,NaN,NaN
7,NaN,NaN,NaN,NaN,NaN,NaN,NaN,NaN
8,NaN,NaN,NaN,NaN,NaN,NaN,NaN,NaN
9,NaN,NaN,NaN,NaN,NaN,NaN,NaN,NaN
10,NaN,NaN,NaN,NaN,NaN,NaN,NaN,NaN
11,NaN,NaN,NaN,NaN,NaN,NaN,NaN,NaN
1,NaN,NaN,NaN,NaN,NaN,NaN,NaN,NaN
2,NaN,NaN,NaN,NaN,NaN,NaN,NaN,NaN
3,NaN,NaN,NaN,NaN,NaN,NaN,NaN,NaN
4,NaN,NaN,NaN,NaN,NaN,NaN,NaN,NaN
5,NaN,NaN,NaN,NaN,NaN,NaN,NaN,NaN
6,NaN,NaN,NaN,NaN,NaN,NaN,NaN,NaN
7,NaN,NaN,NaN,NaN,NaN,NaN,NaN,NaN
8,NaN,NaN,NaN,NaN,NaN,NaN,NaN,NaN
9,NaN,NaN,NaN,NaN,NaN,NaN,NaN,NaN
10,NaN,NaN,NaN,NaN,NaN,NaN,NaN,NaN
11,NaN,NaN,NaN,NaN,NaN,NaN,NaN,NaN
1,NaN,NaN,NaN,NaN,NaN,NaN,NaN,NaN
2,NaN,NaN,NaN,NaN,NaN,NaN,NaN,NaN
3,NaN,NaN,NaN,NaN,NaN,NaN,NaN,NaN
4,NaN,NaN,NaN,NaN,NaN,NaN,NaN,NaN
5,NaN,NaN,NaN,NaN,NaN,NaN,NaN,NaN
6,NaN,NaN,NaN,NaN,NaN,NaN,NaN,NaN
7,NaN,NaN,NaN,NaN,NaN,NaN,NaN,NaN
8,NaN,NaN,NaN,NaN,NaN,NaN,NaN,NaN
9,NaN,NaN,NaN,NaN,NaN,NaN,NaN,NaN
10,NaN,NaN,NaN,NaN,NaN,NaN,NaN,NaN
11,NaN,NaN,NaN,NaN,NaN,NaN,NaN,NaN
1,NaN,NaN,NaN,NaN,NaN,NaN,NaN,NaN
2,NaN,NaN,NaN,NaN,NaN,NaN,NaN,NaN
3,NaN,NaN,NaN,NaN,NaN,NaN,NaN,NaN
4,NaN,NaN,NaN,NaN,NaN,NaN,NaN,NaN
5,NaN,NaN,NaN,NaN,NaN,NaN,NaN,NaN
6,NaN,NaN,NaN,NaN,NaN,NaN,NaN,NaN
7,NaN,NaN,NaN,NaN,NaN,NaN,NaN,NaN
8,NaN,NaN,NaN,NaN,NaN,NaN,NaN,NaN
9,NaN,NaN,NaN,NaN,NaN,NaN,NaN,NaN
10,NaN,NaN,NaN,NaN,NaN,NaN,NaN,NaN
11,NaN,NaN,NaN,NaN,NaN,NaN,NaN,NaN
1,NaN,NaN,NaN,NaN,NaN,NaN,NaN,NaN
2,NaN,NaN,NaN,NaN,NaN,NaN,NaN,NaN
3,NaN,NaN,NaN,NaN,NaN,NaN,NaN,NaN
4,NaN,NaN,NaN,NaN,NaN,NaN,NaN,NaN
5,NaN,NaN,NaN,NaN,NaN,NaN,NaN,NaN
6,NaN,NaN,NaN,NaN,NaN,NaN,NaN,NaN
7,NaN,NaN,NaN,NaN,NaN,NaN,NaN,NaN
8,NaN,NaN,NaN,NaN,NaN,NaN,NaN,NaN
9,NaN,NaN,NaN,NaN,NaN,NaN,NaN,NaN
10,NaN,NaN,NaN,NaN,NaN,NaN,NaN,NaN
11,NaN,NaN,NaN,NaN,NaN,NaN,NaN,NaN
1,NaN,NaN,NaN,NaN,NaN,NaN,NaN,NaN
2,NaN,NaN,NaN,NaN,NaN,NaN,NaN,NaN
3,NaN,NaN,NaN,NaN,NaN,NaN,NaN,NaN
4,NaN,NaN,NaN,NaN,NaN,NaN,NaN,NaN
5,NaN,NaN,NaN,NaN,NaN,NaN,NaN,NaN
6,NaN,NaN,NaN,NaN,NaN,NaN,NaN,NaN
7,NaN,NaN,NaN,NaN,NaN,NaN,NaN,NaN
8,NaN,NaN,NaN,NaN,NaN,NaN,NaN,NaN
9,NaN,NaN,NaN,NaN,NaN,NaN,NaN,NaN
10,NaN,NaN,NaN,NaN,NaN,NaN,NaN,NaN
11,NaN,NaN,NaN,NaN,NaN,NaN,NaN,NaN
1,NaN,NaN,NaN,NaN,NaN,NaN,NaN,NaN
2,NaN,NaN,NaN,NaN,NaN,NaN,NaN,NaN
3,NaN,NaN,NaN,NaN,NaN,NaN,NaN,NaN
4,NaN,NaN,NaN,NaN,NaN,NaN,NaN,NaN
5,NaN,NaN,NaN,NaN,NaN,NaN,NaN,NaN
6,NaN,NaN,NaN,NaN,NaN,NaN,NaN,NaN
7,NaN,NaN,NaN,NaN,NaN,NaN,NaN,NaN
8,NaN,NaN,NaN,NaN,NaN,NaN,NaN,NaN
9,NaN,NaN,NaN,NaN,NaN,NaN,NaN,NaN
10,NaN,NaN,NaN,NaN,NaN,NaN,NaN,NaN
11,NaN,NaN,NaN,NaN,NaN,NaN,NaN,NaN
1,NaN,NaN,NaN,NaN,NaN,NaN,NaN,NaN
2,NaN,NaN,NaN,NaN,NaN,NaN,NaN,NaN
3,NaN,NaN,NaN,NaN,NaN,NaN,NaN,NaN
4,NaN,NaN,NaN,NaN,NaN,NaN,NaN,NaN
5,NaN,NaN,NaN,NaN,NaN,NaN,NaN,NaN
6,NaN,NaN,NaN,NaN,NaN,NaN,NaN,NaN
7,NaN,NaN,NaN,NaN,NaN,NaN,NaN,NaN
8,NaN,NaN,NaN,NaN,NaN,NaN,NaN,NaN
9,NaN,NaN,NaN,NaN,NaN,NaN,NaN,NaN
10,NaN,NaN,NaN,NaN,NaN,NaN,NaN,NaN
11,NaN,NaN,NaN,NaN,NaN,NaN,NaN,NaN
1,NaN,NaN,NaN,NaN,NaN,NaN,NaN,NaN
2,NaN,NaN,NaN,NaN,NaN,NaN,NaN,NaN
3,NaN,NaN,NaN,NaN,NaN,NaN,NaN,NaN
4,NaN,NaN,NaN,NaN,NaN,NaN,NaN,NaN
5,NaN,NaN,NaN,NaN,NaN,NaN,NaN,NaN
6,NaN,NaN,NaN,NaN,NaN,NaN,NaN,NaN
7,NaN,NaN,NaN,NaN,NaN,NaN,NaN,NaN
8,NaN,NaN,NaN,NaN,NaN,NaN,NaN,NaN
9,NaN,NaN,NaN,NaN,NaN,NaN,NaN,NaN
10,NaN,NaN,NaN,NaN,NaN,NaN,NaN,NaN
11,NaN,NaN,NaN,NaN,NaN,NaN,NaN,NaN
1,NaN,NaN,NaN,NaN,NaN,NaN,NaN,NaN
2,NaN,NaN,NaN,NaN,NaN,NaN,NaN,NaN
3,NaN,NaN,NaN,NaN,NaN,NaN,NaN,NaN
4,NaN,NaN,NaN,NaN,NaN,NaN,NaN,NaN
5,NaN,NaN,NaN,NaN,NaN,NaN,NaN,NaN
6,NaN,NaN,NaN,NaN,NaN,NaN,NaN,NaN
7,NaN,NaN,NaN,NaN,NaN,NaN,NaN,NaN
8,NaN,NaN,NaN,NaN,NaN,NaN,NaN,NaN
9,NaN,NaN,NaN,NaN,NaN,NaN,NaN,NaN
10,NaN,NaN,NaN,NaN,NaN,NaN,NaN,NaN
11,NaN,NaN,NaN,NaN,NaN,NaN,NaN,NaN
1,NaN,NaN,NaN,NaN,NaN,NaN,NaN,NaN
2,NaN,NaN,NaN,NaN,NaN,NaN,NaN,NaN
3,NaN,NaN,NaN,NaN,NaN,NaN,NaN,NaN
4,NaN,NaN,NaN,NaN,NaN,NaN,NaN,NaN
5,NaN,NaN,NaN,NaN,NaN,NaN,NaN,NaN
6,NaN,NaN,NaN,NaN,NaN,NaN,NaN,NaN
7,NaN,NaN,NaN,NaN,NaN,NaN,NaN,NaN
8,NaN,NaN,NaN,NaN,NaN,NaN,NaN,NaN
9,NaN,NaN,NaN,NaN,NaN,NaN,NaN,NaN
10,NaN,NaN,NaN,NaN,NaN,NaN,NaN,NaN
11,NaN,NaN,NaN,NaN,NaN,NaN,NaN,NaN
1,NaN,NaN,NaN,NaN,NaN,NaN,NaN,NaN
2,NaN,NaN,NaN,NaN,NaN,NaN,NaN,NaN
3,NaN,NaN,NaN,NaN,NaN,NaN,NaN,NaN
4,NaN,NaN,NaN,NaN,NaN,NaN,NaN,NaN
5,NaN,NaN,NaN,NaN,NaN,NaN,NaN,NaN
6,NaN,NaN,NaN,NaN,NaN,NaN,NaN,NaN
7,NaN,NaN,NaN,NaN,NaN,NaN,NaN,NaN
8,NaN,NaN,NaN,NaN,NaN,NaN,NaN,NaN
9,NaN,NaN,NaN,NaN,NaN,NaN,NaN,NaN
10,NaN,NaN,NaN,NaN,NaN,NaN,NaN,NaN
11,NaN,NaN,NaN,NaN,NaN,NaN,NaN,NaN
1,NaN,NaN,NaN,NaN,NaN,NaN,NaN,NaN
2,NaN,NaN,NaN,NaN,NaN,NaN,NaN,NaN
3,NaN,NaN,NaN,NaN,NaN,NaN,NaN,NaN
4,NaN,NaN,NaN,NaN,NaN,NaN,NaN,NaN
5,NaN,NaN,NaN,NaN,NaN,NaN,NaN,NaN
6,NaN,NaN,NaN,NaN,NaN,NaN,NaN,NaN
7,NaN,NaN,NaN,NaN,NaN,NaN,NaN,NaN
8,NaN,NaN,NaN,NaN,NaN,NaN,NaN,NaN
9,NaN,NaN,NaN,NaN,NaN,NaN,NaN,NaN
10,NaN,NaN,NaN,NaN,NaN,NaN,NaN,NaN
11,NaN,NaN,NaN,NaN,NaN,NaN,NaN,NaN
1,NaN,NaN,NaN,NaN,NaN,NaN,NaN,NaN
2,NaN,NaN,NaN,NaN,NaN,NaN,NaN,NaN
3,NaN,NaN,NaN,NaN,NaN,NaN,NaN,NaN
4,NaN,NaN,NaN,NaN,NaN,NaN,NaN,NaN
5,NaN,NaN,NaN,NaN,NaN,NaN,NaN,NaN
6,NaN,NaN,NaN,NaN,NaN,NaN,NaN,NaN
7,NaN,NaN,NaN,NaN,NaN,NaN,NaN,NaN
8,NaN,NaN,NaN,NaN,NaN,NaN,NaN,NaN
9,NaN,NaN,NaN,NaN,NaN,NaN,NaN,NaN
10,NaN,NaN,NaN,NaN,NaN,NaN,NaN,NaN
11,NaN,NaN,NaN,NaN,NaN,NaN,NaN,NaN
1,NaN,NaN,NaN,NaN,NaN,NaN,NaN,NaN
2,NaN,NaN,NaN,NaN,NaN,NaN,NaN,NaN
3,NaN,NaN,NaN,NaN,NaN,NaN,NaN,NaN
4,NaN,NaN,NaN,NaN,NaN,NaN,NaN,NaN
5,NaN,NaN,NaN,NaN,NaN,NaN,NaN,NaN
6,NaN,NaN,NaN,NaN,NaN,NaN,NaN,NaN
7,NaN,NaN,NaN,NaN,NaN,NaN,NaN,NaN
8,NaN,NaN,NaN,NaN,NaN,NaN,NaN,NaN
9,NaN,NaN,NaN,NaN,NaN,NaN,NaN,NaN
10,NaN,NaN,NaN,NaN,NaN,NaN,NaN,NaN
11,NaN,NaN,NaN,NaN,NaN,NaN,NaN,NaN
1,NaN,NaN,NaN,NaN,NaN,NaN,NaN,NaN
2,NaN,NaN,NaN,NaN,NaN,NaN,NaN,NaN
3,NaN,NaN,NaN,NaN,NaN,NaN,NaN,NaN
4,NaN,NaN,NaN,NaN,NaN,NaN,NaN,NaN
5,NaN,NaN,NaN,NaN,NaN,NaN,NaN,NaN
6,NaN,NaN,NaN,NaN,NaN,NaN,NaN,NaN
7,NaN,NaN,NaN,NaN,NaN,NaN,NaN,NaN
8,NaN,NaN,NaN,NaN,NaN,NaN,NaN,NaN
9,NaN,NaN,NaN,NaN,NaN,NaN,NaN,NaN
10,NaN,NaN,NaN,NaN,NaN,NaN,NaN,NaN
11,NaN,NaN,NaN,NaN,NaN,NaN,NaN,NaN
1,NaN,NaN,NaN,NaN,NaN,NaN,NaN,NaN
2,NaN,NaN,NaN,NaN,NaN,NaN,NaN,NaN
3,NaN,NaN,NaN,NaN,NaN,NaN,NaN,NaN
4,NaN,NaN,NaN,NaN,NaN,NaN,NaN,NaN
5,NaN,NaN,NaN,NaN,NaN,NaN,NaN,NaN
6,NaN,NaN,NaN,NaN,NaN,NaN,NaN,NaN
7,NaN,NaN,NaN,NaN,NaN,NaN,NaN,NaN
8,NaN,NaN,NaN,NaN,NaN,NaN,NaN,NaN
9,NaN,NaN,NaN,NaN,NaN,NaN,NaN,NaN
10,NaN,NaN,NaN,NaN,NaN,NaN,NaN,NaN
11,NaN,NaN,NaN,NaN,NaN,NaN,NaN,NaN
1,NaN,NaN,NaN,NaN,NaN,NaN,NaN,NaN
2,NaN,NaN,NaN,NaN,NaN,NaN,NaN,NaN
3,NaN,NaN,NaN,NaN,NaN,NaN,NaN,NaN
4,NaN,NaN,NaN,NaN,NaN,NaN,NaN,NaN
5,NaN,NaN,NaN,NaN,NaN,NaN,NaN,NaN
6,NaN,NaN,NaN,NaN,NaN,NaN,NaN,NaN
7,NaN,NaN,NaN,NaN,NaN,NaN,NaN,NaN
8,NaN,NaN,NaN,NaN,NaN,NaN,NaN,NaN
9,NaN,NaN,NaN,NaN,NaN,NaN,NaN,NaN
10,NaN,NaN,NaN,NaN,NaN,NaN,NaN,NaN
11,NaN,NaN,NaN,NaN,NaN,NaN,NaN,NaN
1,NaN,NaN,NaN,NaN,NaN,NaN,NaN,NaN
2,NaN,NaN,NaN,NaN,NaN,NaN,NaN,NaN
3,NaN,NaN,NaN,NaN,NaN,NaN,NaN,NaN
4,NaN,NaN,NaN,NaN,NaN,NaN,NaN,NaN
5,NaN,NaN,NaN,NaN,NaN,NaN,NaN,NaN
6,NaN,NaN,NaN,NaN,NaN,NaN,NaN,NaN
7,NaN,NaN,NaN,NaN,NaN,NaN,NaN,NaN
8,NaN,NaN,NaN,NaN,NaN,NaN,NaN,NaN
9,NaN,NaN,NaN,NaN,NaN,NaN,NaN,NaN
10,NaN,NaN,NaN,NaN,NaN,NaN,NaN,NaN
11,NaN,NaN,NaN,NaN,NaN,NaN,NaN,NaN
1,NaN,NaN,NaN,NaN,NaN,NaN,NaN,NaN
2,NaN,NaN,NaN,NaN,NaN,NaN,NaN,NaN
3,NaN,NaN,NaN,NaN,NaN,NaN,NaN,NaN
4,NaN,NaN,NaN,NaN,NaN,NaN,NaN,NaN
5,NaN,NaN,NaN,NaN,NaN,NaN,NaN,NaN
6,NaN,NaN,NaN,NaN,NaN,NaN,NaN,NaN
7,NaN,NaN,NaN,NaN,NaN,NaN,NaN,NaN
8,NaN,NaN,NaN,NaN,NaN,NaN,NaN,NaN
9,NaN,NaN,NaN,NaN,NaN,NaN,NaN,NaN
10,NaN,NaN,NaN,NaN,NaN,NaN,NaN,NaN
11,NaN,NaN,NaN,NaN,NaN,NaN,NaN,NaN
1,NaN,NaN,NaN,NaN,NaN,NaN,NaN,NaN
2,NaN,NaN,NaN,NaN,NaN,NaN,NaN,NaN
3,NaN,NaN,NaN,NaN,NaN,NaN,NaN,NaN
4,NaN,NaN,NaN,NaN,NaN,NaN,NaN,NaN
5,NaN,NaN,NaN,NaN,NaN,NaN,NaN,NaN
6,NaN,NaN,NaN,NaN,NaN,NaN,NaN,NaN
7,NaN,NaN,NaN,NaN,NaN,NaN,NaN,NaN
8,NaN,NaN,NaN,NaN,NaN,NaN,NaN,NaN
9,NaN,NaN,NaN,NaN,NaN,NaN,NaN,NaN
10,NaN,NaN,NaN,NaN,NaN,NaN,NaN,NaN
11,NaN,NaN,NaN,NaN,NaN,NaN,NaN,NaN
1,NaN,NaN,NaN,NaN,NaN,NaN,NaN,NaN
2,NaN,NaN,NaN,NaN,NaN,NaN,NaN,NaN
3,NaN,NaN,NaN,NaN,NaN,NaN,NaN,NaN
4,NaN,NaN,NaN,NaN,NaN,NaN,NaN,NaN
5,NaN,NaN,NaN,NaN,NaN,NaN,NaN,NaN
6,NaN,NaN,NaN,NaN,NaN,NaN,NaN,NaN
7,NaN,NaN,NaN,NaN,NaN,NaN,NaN,NaN
8,NaN,NaN,NaN,NaN,NaN,NaN,NaN,NaN
9,NaN,NaN,NaN,NaN,NaN,NaN,NaN,NaN
10,NaN,NaN,NaN,NaN,NaN,NaN,NaN,NaN
11,NaN,NaN,NaN,NaN,NaN,NaN,NaN,NaN
1,NaN,NaN,NaN,NaN,NaN,NaN,NaN,NaN
2,NaN,NaN,NaN,NaN,NaN,NaN,NaN,NaN
3,NaN,NaN,NaN,NaN,NaN,NaN,NaN,NaN
4,NaN,NaN,NaN,NaN,NaN,NaN,NaN,NaN
5,NaN,NaN,NaN,NaN,NaN,NaN,NaN,NaN
6,NaN,NaN,NaN,NaN,NaN,NaN,NaN,NaN
7,NaN,NaN,NaN,NaN,NaN,NaN,NaN,NaN
8,NaN,NaN,NaN,NaN,NaN,NaN,NaN,NaN
9,NaN,NaN,NaN,NaN,NaN,NaN,NaN,NaN
10,NaN,NaN,NaN,NaN,NaN,NaN,NaN,NaN
11,NaN,NaN,NaN,NaN,NaN,NaN,NaN,NaN
1,NaN,NaN,NaN,NaN,NaN,NaN,NaN,NaN
2,NaN,NaN,NaN,NaN,NaN,NaN,NaN,NaN
3,NaN,NaN,NaN,NaN,NaN,NaN,NaN,NaN
4,NaN,NaN,NaN,NaN,NaN,NaN,NaN,NaN
5,NaN,NaN,NaN,NaN,NaN,NaN,NaN,NaN
6,NaN,NaN,NaN,NaN,NaN,NaN,NaN,NaN
7,NaN,NaN,NaN,NaN,NaN,NaN,NaN,NaN
8,NaN,NaN,NaN,NaN,NaN,NaN,NaN,NaN
9,NaN,NaN,NaN,NaN,NaN,NaN,NaN,NaN
10,NaN,NaN,NaN,NaN,NaN,NaN,NaN,NaN
11,NaN,NaN,NaN,NaN,NaN,NaN,NaN,NaN
1,NaN,NaN,NaN,NaN,NaN,NaN,NaN,NaN
2,NaN,NaN,NaN,NaN,NaN,NaN,NaN,NaN
3,NaN,NaN,NaN,NaN,NaN,NaN,NaN,NaN
4,NaN,NaN,NaN,NaN,NaN,NaN,NaN,NaN
5,NaN,NaN,NaN,NaN,NaN,NaN,NaN,NaN
6,NaN,NaN,NaN,NaN,NaN,NaN,NaN,NaN
7,NaN,NaN,NaN,NaN,NaN,NaN,NaN,NaN
8,NaN,NaN,NaN,NaN,NaN,NaN,NaN,NaN
9,NaN,NaN,NaN,NaN,NaN,NaN,NaN,NaN
10,NaN,NaN,NaN,NaN,NaN,NaN,NaN,NaN
11,NaN,NaN,NaN,NaN,NaN,NaN,NaN,NaN
1,NaN,NaN,NaN,NaN,NaN,NaN,NaN,NaN
2,NaN,NaN,NaN,NaN,NaN,NaN,NaN,NaN
3,NaN,NaN,NaN,NaN,NaN,NaN,NaN,NaN
4,NaN,NaN,NaN,NaN,NaN,NaN,NaN,NaN
5,NaN,NaN,NaN,NaN,NaN,NaN,NaN,NaN
6,NaN,NaN,NaN,NaN,NaN,NaN,NaN,NaN
7,NaN,NaN,NaN,NaN,NaN,NaN,NaN,NaN
8,NaN,NaN,NaN,NaN,NaN,NaN,NaN,NaN
9,NaN,NaN,NaN,NaN,NaN,NaN,NaN,NaN
10,NaN,NaN,NaN,NaN,NaN,NaN,NaN,NaN
11,NaN,NaN,NaN,NaN,NaN,NaN,NaN,NaN
1,NaN,NaN,NaN,NaN,NaN,NaN,NaN,NaN
2,NaN,NaN,NaN,NaN,NaN,NaN,NaN,NaN
3,NaN,NaN,NaN,NaN,NaN,NaN,NaN,NaN
4,NaN,NaN,NaN,NaN,NaN,NaN,NaN,NaN
5,NaN,NaN,NaN,NaN,NaN,NaN,NaN,NaN
6,NaN,NaN,NaN,NaN,NaN,NaN,NaN,NaN
7,NaN,NaN,NaN,NaN,NaN,NaN,NaN,NaN
8,NaN,NaN,NaN,NaN,NaN,NaN,NaN,NaN
9,NaN,NaN,NaN,NaN,NaN,NaN,NaN,NaN
10,NaN,NaN,NaN,NaN,NaN,NaN,NaN,NaN
11,NaN,NaN,NaN,NaN,NaN,NaN,NaN,NaN
1,NaN,NaN,NaN,NaN,NaN,NaN,NaN,NaN
2,NaN,NaN,NaN,NaN,NaN,NaN,NaN,NaN
3,NaN,NaN,NaN,NaN,NaN,NaN,NaN,NaN
4,NaN,NaN,NaN,NaN,NaN,NaN,NaN,NaN
5,NaN,NaN,NaN,NaN,NaN,NaN,NaN,NaN
6,NaN,NaN,NaN,NaN,NaN,NaN,NaN,NaN
7,NaN,NaN,NaN,NaN,NaN,NaN,NaN,NaN
8,NaN,NaN,NaN,NaN,NaN,NaN,NaN,NaN
9,NaN,NaN,NaN,NaN,NaN,NaN,NaN,NaN
10,NaN,NaN,NaN,NaN,NaN,NaN,NaN,NaN
11,NaN,NaN,NaN,NaN,NaN,NaN,NaN,NaN
1,NaN,NaN,NaN,NaN,NaN,NaN,NaN,NaN
2,NaN,NaN,NaN,NaN,NaN,NaN,NaN,NaN
3,NaN,NaN,NaN,NaN,NaN,NaN,NaN,NaN
4,NaN,NaN,NaN,NaN,NaN,NaN,NaN,NaN
5,NaN,NaN,NaN,NaN,NaN,NaN,NaN,NaN
6,NaN,NaN,NaN,NaN,NaN,NaN,NaN,NaN
7,NaN,NaN,NaN,NaN,NaN,NaN,NaN,NaN
8,NaN,NaN,NaN,NaN,NaN,NaN,NaN,NaN
9,NaN,NaN,NaN,NaN,NaN,NaN,NaN,NaN
10,NaN,NaN,NaN,NaN,NaN,NaN,NaN,NaN
11,NaN,NaN,NaN,NaN,NaN,NaN,NaN,NaN
1,NaN,NaN,NaN,NaN,NaN,NaN,NaN,NaN
2,NaN,NaN,NaN,NaN,NaN,NaN,NaN,NaN
3,NaN,NaN,NaN,NaN,NaN,NaN,NaN,NaN
4,NaN,NaN,NaN,NaN,NaN,NaN,NaN,NaN
5,NaN,NaN,NaN,NaN,NaN,NaN,NaN,NaN
6,NaN,NaN,NaN,NaN,NaN,NaN,NaN,NaN
7,NaN,NaN,NaN,NaN,NaN,NaN,NaN,NaN
8,NaN,NaN,NaN,NaN,NaN,NaN,NaN,NaN
9,NaN,NaN,NaN,NaN,NaN,NaN,NaN,NaN
10,NaN,NaN,NaN,NaN,NaN,NaN,NaN,NaN
11,NaN,NaN,NaN,NaN,NaN,NaN,NaN,NaN
1,NaN,NaN,NaN,NaN,NaN,NaN,NaN,NaN
2,NaN,NaN,NaN,NaN,NaN,NaN,NaN,NaN
3,NaN,NaN,NaN,NaN,NaN,NaN,NaN,NaN
4,NaN,NaN,NaN,NaN,NaN,NaN,NaN,NaN
5,NaN,NaN,NaN,NaN,NaN,NaN,NaN,NaN
6,NaN,NaN,NaN,NaN,NaN,NaN,NaN,NaN
7,NaN,NaN,NaN,NaN,NaN,NaN,NaN,NaN
8,NaN,NaN,NaN,NaN,NaN,NaN,NaN,NaN
9,NaN,NaN,NaN,NaN,NaN,NaN,NaN,NaN
10,NaN,NaN,NaN,NaN,NaN,NaN,NaN,NaN
11,NaN,NaN,NaN,NaN,NaN,NaN,NaN,NaN
1,NaN,NaN,NaN,NaN,NaN,NaN,NaN,NaN
2,NaN,NaN,NaN,NaN,NaN,NaN,NaN,NaN
3,NaN,NaN,NaN,NaN,NaN,NaN,NaN,NaN
4,NaN,NaN,NaN,NaN,NaN,NaN,NaN,NaN
5,NaN,NaN,NaN,NaN,NaN,NaN,NaN,NaN
6,NaN,NaN,NaN,NaN,NaN,NaN,NaN,NaN
7,NaN,NaN,NaN,NaN,NaN,NaN,NaN,NaN
8,NaN,NaN,NaN,NaN,NaN,NaN,NaN,NaN
9,NaN,NaN,NaN,NaN,NaN,NaN,NaN,NaN
10,NaN,NaN,NaN,NaN,NaN,NaN,NaN,NaN
11,NaN,NaN,NaN,NaN,NaN,NaN,NaN,NaN
1,NaN,NaN,NaN,NaN,NaN,NaN,NaN,NaN
2,NaN,NaN,NaN,NaN,NaN,NaN,NaN,NaN
3,NaN,NaN,NaN,NaN,NaN,NaN,NaN,NaN
4,NaN,NaN,NaN,NaN,NaN,NaN,NaN,NaN
5,NaN,NaN,NaN,NaN,NaN,NaN,NaN,NaN
6,NaN,NaN,NaN,NaN,NaN,NaN,NaN,NaN
7,NaN,NaN,NaN,NaN,NaN,NaN,NaN,NaN
8,NaN,NaN,NaN,NaN,NaN,NaN,NaN,NaN
9,NaN,NaN,NaN,NaN,NaN,NaN,NaN,NaN
10,NaN,NaN,NaN,NaN,NaN,NaN,NaN,NaN
11,NaN,NaN,NaN,NaN,NaN,NaN,NaN,NaN
1,NaN,NaN,NaN,NaN,NaN,NaN,NaN,NaN
2,NaN,NaN,NaN,NaN,NaN,NaN,NaN,NaN
3,NaN,NaN,NaN,NaN,NaN,NaN,NaN,NaN
4,NaN,NaN,NaN,NaN,NaN,NaN,NaN,NaN
5,NaN,NaN,NaN,NaN,NaN,NaN,NaN,NaN
6,NaN,NaN,NaN,NaN,NaN,NaN,NaN,NaN
7,NaN,NaN,NaN,NaN,NaN,NaN,NaN,NaN
8,NaN,NaN,NaN,NaN,NaN,NaN,NaN,NaN
9,NaN,NaN,NaN,NaN,NaN,NaN,NaN,NaN
10,NaN,NaN,NaN,NaN,NaN,NaN,NaN,NaN
11,NaN,NaN,NaN,NaN,NaN,NaN,NaN,NaN
1,NaN,NaN,NaN,NaN,NaN,NaN,NaN,NaN
2,NaN,NaN,NaN,NaN,NaN,NaN,NaN,NaN
3,NaN,NaN,NaN,NaN,NaN,NaN,NaN,NaN
4,NaN,NaN,NaN,NaN,NaN,NaN,NaN,NaN
5,NaN,NaN,NaN,NaN,NaN,NaN,NaN,NaN
6,NaN,NaN,NaN,NaN,NaN,NaN,NaN,NaN
7,NaN,NaN,NaN,NaN,NaN,NaN,NaN,NaN
8,NaN,NaN,NaN,NaN,NaN,NaN,NaN,NaN
9,NaN,NaN,NaN,NaN,NaN,NaN,NaN,NaN
10,NaN,NaN,NaN,NaN,NaN,NaN,NaN,NaN
11,NaN,NaN,NaN,NaN,NaN,NaN,NaN,NaN
1,NaN,NaN,NaN,NaN,NaN,NaN,NaN,NaN
2,NaN,NaN,NaN,NaN,NaN,NaN,NaN,NaN
3,NaN,NaN,NaN,NaN,NaN,NaN,NaN,NaN
4,NaN,NaN,NaN,NaN,NaN,NaN,NaN,NaN
5,NaN,NaN,NaN,NaN,NaN,NaN,NaN,NaN
6,NaN,NaN,NaN,NaN,NaN,NaN,NaN,NaN
7,NaN,NaN,NaN,NaN,NaN,NaN,NaN,NaN
8,NaN,NaN,NaN,NaN,NaN,NaN,NaN,NaN
9,NaN,NaN,NaN,NaN,NaN,NaN,NaN,NaN
10,NaN,NaN,NaN,NaN,NaN,NaN,NaN,NaN
11,NaN,NaN,NaN,NaN,NaN,NaN,NaN,NaN
1,NaN,NaN,NaN,NaN,NaN,NaN,NaN,NaN
2,NaN,NaN,NaN,NaN,NaN,NaN,NaN,NaN
3,NaN,NaN,NaN,NaN,NaN,NaN,NaN,NaN
4,NaN,NaN,NaN,NaN,NaN,NaN,NaN,NaN
5,NaN,NaN,NaN,NaN,NaN,NaN,NaN,NaN
6,NaN,NaN,NaN,NaN,NaN,NaN,NaN,NaN
7,NaN,NaN,NaN,NaN,NaN,NaN,NaN,NaN
8,NaN,NaN,NaN,NaN,NaN,NaN,NaN,NaN
9,NaN,NaN,NaN,NaN,NaN,NaN,NaN,NaN
10,NaN,NaN,NaN,NaN,NaN,NaN,NaN,NaN
11,NaN,NaN,NaN,NaN,NaN,NaN,NaN,NaN
1,NaN,NaN,NaN,NaN,NaN,NaN,NaN,NaN
2,NaN,NaN,NaN,NaN,NaN,NaN,NaN,NaN
3,NaN,NaN,NaN,NaN,NaN,NaN,NaN,NaN
4,NaN,NaN,NaN,NaN,NaN,NaN,NaN,NaN
5,NaN,NaN,NaN,NaN,NaN,NaN,NaN,NaN
6,NaN,NaN,NaN,NaN,NaN,NaN,NaN,NaN
7,NaN,NaN,NaN,NaN,NaN,NaN,NaN,NaN
8,NaN,NaN,NaN,NaN,NaN,NaN,NaN,NaN
9,NaN,NaN,NaN,NaN,NaN,NaN,NaN,NaN
10,NaN,NaN,NaN,NaN,NaN,NaN,NaN,NaN
11,NaN,NaN,NaN,NaN,NaN,NaN,NaN,NaN
1,NaN,NaN,NaN,NaN,NaN,NaN,NaN,NaN
2,NaN,NaN,NaN,NaN,NaN,NaN,NaN,NaN
3,NaN,NaN,NaN,NaN,NaN,NaN,NaN,NaN
4,NaN,NaN,NaN,NaN,NaN,NaN,NaN,NaN
5,NaN,NaN,NaN,NaN,NaN,NaN,NaN,NaN
6,NaN,NaN,NaN,NaN,NaN,NaN,NaN,NaN
7,NaN,NaN,NaN,NaN,NaN,NaN,NaN,NaN
8,NaN,NaN,NaN,NaN,NaN,NaN,NaN,NaN
9,NaN,NaN,NaN,NaN,NaN,NaN,NaN,NaN
10,NaN,NaN,NaN,NaN,NaN,NaN,NaN,NaN
11,NaN,NaN,NaN,NaN,NaN,NaN,NaN,NaN
1,NaN,NaN,NaN,NaN,NaN,NaN,NaN,NaN
2,NaN,NaN,NaN,NaN,NaN,NaN,NaN,NaN
3,NaN,NaN,NaN,NaN,NaN,NaN,NaN,NaN
4,NaN,NaN,NaN,NaN,NaN,NaN,NaN,NaN
5,NaN,NaN,NaN,NaN,NaN,NaN,NaN,NaN
6,NaN,NaN,NaN,NaN,NaN,NaN,NaN,NaN
7,NaN,NaN,NaN,NaN,NaN,NaN,NaN,NaN
8,NaN,NaN,NaN,NaN,NaN,NaN,NaN,NaN
9,NaN,NaN,NaN,NaN,NaN,NaN,NaN,NaN
10,NaN,NaN,NaN,NaN,NaN,NaN,NaN,NaN
11,NaN,NaN,NaN,NaN,NaN,NaN,NaN,NaN
1,NaN,NaN,NaN,NaN,NaN,NaN,NaN,NaN
2,NaN,NaN,NaN,NaN,NaN,NaN,NaN,NaN
3,NaN,NaN,NaN,NaN,NaN,NaN,NaN,NaN
4,NaN,NaN,NaN,NaN,NaN,NaN,NaN,NaN
5,NaN,NaN,NaN,NaN,NaN,NaN,NaN,NaN
6,NaN,NaN,NaN,NaN,NaN,NaN,NaN,NaN
7,NaN,NaN,NaN,NaN,NaN,NaN,NaN,NaN
8,NaN,NaN,NaN,NaN,NaN,NaN,NaN,NaN
9,NaN,NaN,NaN,NaN,NaN,NaN,NaN,NaN
10,NaN,NaN,NaN,NaN,NaN,NaN,NaN,NaN
11,NaN,NaN,NaN,NaN,NaN,NaN,NaN,NaN
1,NaN,NaN,NaN,NaN,NaN,NaN,NaN,NaN
2,NaN,NaN,NaN,NaN,NaN,NaN,NaN,NaN
3,NaN,NaN,NaN,NaN,NaN,NaN,NaN,NaN
4,NaN,NaN,NaN,NaN,NaN,NaN,NaN,NaN
5,NaN,NaN,NaN,NaN,NaN,NaN,NaN,NaN
6,NaN,NaN,NaN,NaN,NaN,NaN,NaN,NaN
7,NaN,NaN,NaN,NaN,NaN,NaN,NaN,NaN
8,NaN,NaN,NaN,NaN,NaN,NaN,NaN,NaN
9,NaN,NaN,NaN,NaN,NaN,NaN,NaN,NaN
10,NaN,NaN,NaN,NaN,NaN,NaN,NaN,NaN
11,NaN,NaN,NaN,NaN,NaN,NaN,NaN,NaN
1,NaN,NaN,NaN,NaN,NaN,NaN,NaN,NaN
2,NaN,NaN,NaN,NaN,NaN,NaN,NaN,NaN
3,NaN,NaN,NaN,NaN,NaN,NaN,NaN,NaN
4,NaN,NaN,NaN,NaN,NaN,NaN,NaN,NaN
5,NaN,NaN,NaN,NaN,NaN,NaN,NaN,NaN
6,NaN,NaN,NaN,NaN,NaN,NaN,NaN,NaN
7,NaN,NaN,NaN,NaN,NaN,NaN,NaN,NaN
8,NaN,NaN,NaN,NaN,NaN,NaN,NaN,NaN
9,NaN,NaN,NaN,NaN,NaN,NaN,NaN,NaN
10,NaN,NaN,NaN,NaN,NaN,NaN,NaN,NaN
11,NaN,NaN,NaN,NaN,NaN,NaN,NaN,NaN
1,NaN,NaN,NaN,NaN,NaN,NaN,NaN,NaN
2,NaN,NaN,NaN,NaN,NaN,NaN,NaN,NaN
3,NaN,NaN,NaN,NaN,NaN,NaN,NaN,NaN
4,NaN,NaN,NaN,NaN,NaN,NaN,NaN,NaN
5,NaN,NaN,NaN,NaN,NaN,NaN,NaN,NaN
6,NaN,NaN,NaN,NaN,NaN,NaN,NaN,NaN
7,NaN,NaN,NaN,NaN,NaN,NaN,NaN,NaN
8,NaN,NaN,NaN,NaN,NaN,NaN,NaN,NaN
9,NaN,NaN,NaN,NaN,NaN,NaN,NaN,NaN
10,NaN,NaN,NaN,NaN,NaN,NaN,NaN,NaN
11,NaN,NaN,NaN,NaN,NaN,NaN,NaN,NaN
1,NaN,NaN,NaN,NaN,NaN,NaN,NaN,NaN
2,NaN,NaN,NaN,NaN,NaN,NaN,NaN,NaN
3,NaN,NaN,NaN,NaN,NaN,NaN,NaN,NaN
4,NaN,NaN,NaN,NaN,NaN,NaN,NaN,NaN
5,NaN,NaN,NaN,NaN,NaN,NaN,NaN,NaN
6,NaN,NaN,NaN,NaN,NaN,NaN,NaN,NaN
7,NaN,NaN,NaN,NaN,NaN,NaN,NaN,NaN
8,NaN,NaN,NaN,NaN,NaN,NaN,NaN,NaN
9,NaN,NaN,NaN,NaN,NaN,NaN,NaN,NaN
10,NaN,NaN,NaN,NaN,NaN,NaN,NaN,NaN
11,NaN,NaN,NaN,NaN,NaN,NaN,NaN,NaN
1,NaN,NaN,NaN,NaN,NaN,NaN,NaN,NaN
2,NaN,NaN,NaN,NaN,NaN,NaN,NaN,NaN
3,NaN,NaN,NaN,NaN,NaN,NaN,NaN,NaN
4,NaN,NaN,NaN,NaN,NaN,NaN,NaN,NaN
5,NaN,NaN,NaN,NaN,NaN,NaN,NaN,NaN
6,NaN,NaN,NaN,NaN,NaN,NaN,NaN,NaN
7,NaN,NaN,NaN,NaN,NaN,NaN,NaN,NaN
8,NaN,NaN,NaN,NaN,NaN,NaN,NaN,NaN
9,NaN,NaN,NaN,NaN,NaN,NaN,NaN,NaN
10,NaN,NaN,NaN,NaN,NaN,NaN,NaN,NaN
11,NaN,NaN,NaN,NaN,NaN,NaN,NaN,NaN
1,NaN,NaN,NaN,NaN,NaN,NaN,NaN,NaN
2,NaN,NaN,NaN,NaN,NaN,NaN,NaN,NaN
3,NaN,NaN,NaN,NaN,NaN,NaN,NaN,NaN
4,NaN,NaN,NaN,NaN,NaN,NaN,NaN,NaN
5,NaN,NaN,NaN,NaN,NaN,NaN,NaN,NaN
6,NaN,NaN,NaN,NaN,NaN,NaN,NaN,NaN
7,NaN,NaN,NaN,NaN,NaN,NaN,NaN,NaN
8,NaN,NaN,NaN,NaN,NaN,NaN,NaN,NaN
9,NaN,NaN,NaN,NaN,NaN,NaN,NaN,NaN
10,NaN,NaN,NaN,NaN,NaN,NaN,NaN,NaN
11,NaN,NaN,NaN,NaN,NaN,NaN,NaN,NaN
1,NaN,NaN,NaN,NaN,NaN,NaN,NaN,NaN
2,NaN,NaN,NaN,NaN,NaN,NaN,NaN,NaN
3,NaN,NaN,NaN,NaN,NaN,NaN,NaN,NaN
4,NaN,NaN,NaN,NaN,NaN,NaN,NaN,NaN
5,NaN,NaN,NaN,NaN,NaN,NaN,NaN,NaN
6,NaN,NaN,NaN,NaN,NaN,NaN,NaN,NaN
7,NaN,NaN,NaN,NaN,NaN,NaN,NaN,NaN
8,NaN,NaN,NaN,NaN,NaN,NaN,NaN,NaN
9,NaN,NaN,NaN,NaN,NaN,NaN,NaN,NaN
10,NaN,NaN,NaN,NaN,NaN,NaN,NaN,NaN
11,NaN,NaN,NaN,NaN,NaN,NaN,NaN,NaN
1,NaN,NaN,NaN,NaN,NaN,NaN,NaN,NaN
2,NaN,NaN,NaN,NaN,NaN,NaN,NaN,NaN
3,NaN,NaN,NaN,NaN,NaN,NaN,NaN,NaN
4,NaN,NaN,NaN,NaN,NaN,NaN,NaN,NaN
5,NaN,NaN,NaN,NaN,NaN,NaN,NaN,NaN
6,NaN,NaN,NaN,NaN,NaN,NaN,NaN,NaN
7,NaN,NaN,NaN,NaN,NaN,NaN,NaN,NaN
8,NaN,NaN,NaN,NaN,NaN,NaN,NaN,NaN
9,NaN,NaN,NaN,NaN,NaN,NaN,NaN,NaN
10,NaN,NaN,NaN,NaN,NaN,NaN,NaN,NaN
11,NaN,NaN,NaN,NaN,NaN,NaN,NaN,NaN
1,NaN,NaN,NaN,NaN,NaN,NaN,NaN,NaN
2,NaN,NaN,NaN,NaN,NaN,NaN,NaN,NaN
3,NaN,NaN,NaN,NaN,NaN,NaN,NaN,NaN
4,NaN,NaN,NaN,NaN,NaN,NaN,NaN,NaN
5,NaN,NaN,NaN,NaN,NaN,NaN,NaN,NaN
6,NaN,NaN,NaN,NaN,NaN,NaN,NaN,NaN
7,NaN,NaN,NaN,NaN,NaN,NaN,NaN,NaN
8,NaN,NaN,NaN,NaN,NaN,NaN,NaN,NaN
9,NaN,NaN,NaN,NaN,NaN,NaN,NaN,NaN
10,NaN,NaN,NaN,NaN,NaN,NaN,NaN,NaN
11,NaN,NaN,NaN,NaN,NaN,NaN,NaN,NaN
1,NaN,NaN,NaN,NaN,NaN,NaN,NaN,NaN
2,NaN,NaN,NaN,NaN,NaN,NaN,NaN,NaN
3,NaN,NaN,NaN,NaN,NaN,NaN,NaN,NaN
4,NaN,NaN,NaN,NaN,NaN,NaN,NaN,NaN
5,NaN,NaN,NaN,NaN,NaN,NaN,NaN,NaN
6,NaN,NaN,NaN,NaN,NaN,NaN,NaN,NaN
7,NaN,NaN,NaN,NaN,NaN,NaN,NaN,NaN
8,NaN,NaN,NaN,NaN,NaN,NaN,NaN,NaN
9,NaN,NaN,NaN,NaN,NaN,NaN,NaN,NaN
10,NaN,NaN,NaN,NaN,NaN,NaN,NaN,NaN
11,NaN,NaN,NaN,NaN,NaN,NaN,NaN,NaN
1,NaN,NaN,NaN,NaN,NaN,NaN,NaN,NaN
2,NaN,NaN,NaN,NaN,NaN,NaN,NaN,NaN
3,NaN,NaN,NaN,NaN,NaN,NaN,NaN,NaN
4,NaN,NaN,NaN,NaN,NaN,NaN,NaN,NaN
5,NaN,NaN,NaN,NaN,NaN,NaN,NaN,NaN
6,NaN,NaN,NaN,NaN,NaN,NaN,NaN,NaN
7,NaN,NaN,NaN,NaN,NaN,NaN,NaN,NaN
8,NaN,NaN,NaN,NaN,NaN,NaN,NaN,NaN
9,NaN,NaN,NaN,NaN,NaN,NaN,NaN,NaN
10,NaN,NaN,NaN,NaN,NaN,NaN,NaN,NaN
11,NaN,NaN,NaN,NaN,NaN,NaN,NaN,NaN
1,NaN,NaN,NaN,NaN,NaN,NaN,NaN,NaN
2,NaN,NaN,NaN,NaN,NaN,NaN,NaN,NaN
3,NaN,NaN,NaN,NaN,NaN,NaN,NaN,NaN
4,NaN,NaN,NaN,NaN,NaN,NaN,NaN,NaN
5,NaN,NaN,NaN,NaN,NaN,NaN,NaN,NaN
6,NaN,NaN,NaN,NaN,NaN,NaN,NaN,NaN
7,NaN,NaN,NaN,NaN,NaN,NaN,NaN,NaN
8,NaN,NaN,NaN,NaN,NaN,NaN,NaN,NaN
9,NaN,NaN,NaN,NaN,NaN,NaN,NaN,NaN
10,NaN,NaN,NaN,NaN,NaN,NaN,NaN,NaN
11,NaN,NaN,NaN,NaN,NaN,NaN,NaN,NaN
1,NaN,NaN,NaN,NaN,NaN,NaN,NaN,NaN
2,NaN,NaN,NaN,NaN,NaN,NaN,NaN,NaN
3,NaN,NaN,NaN,NaN,NaN,NaN,NaN,NaN
4,NaN,NaN,NaN,NaN,NaN,NaN,NaN,NaN
5,NaN,NaN,NaN,NaN,NaN,NaN,NaN,NaN
6,NaN,NaN,NaN,NaN,NaN,NaN,NaN,NaN
7,NaN,NaN,NaN,NaN,NaN,NaN,NaN,NaN
8,NaN,NaN,NaN,NaN,NaN,NaN,NaN,NaN
9,NaN,NaN,NaN,NaN,NaN,NaN,NaN,NaN
10,NaN,NaN,NaN,NaN,NaN,NaN,NaN,NaN
11,NaN,NaN,NaN,NaN,NaN,NaN,NaN,NaN
1,NaN,NaN,NaN,NaN,NaN,NaN,NaN,NaN
2,NaN,NaN,NaN,NaN,NaN,NaN,NaN,NaN
3,NaN,NaN,NaN,NaN,NaN,NaN,NaN,NaN
4,NaN,NaN,NaN,NaN,NaN,NaN,NaN,NaN
5,NaN,NaN,NaN,NaN,NaN,NaN,NaN,NaN
6,NaN,NaN,NaN,NaN,NaN,NaN,NaN,NaN
7,NaN,NaN,NaN,NaN,NaN,NaN,NaN,NaN
8,NaN,NaN,NaN,NaN,NaN,NaN,NaN,NaN
9,NaN,NaN,NaN,NaN,NaN,NaN,NaN,NaN
10,NaN,NaN,NaN,NaN,NaN,NaN,NaN,NaN
11,NaN,NaN,NaN,NaN,NaN,NaN,NaN,NaN
1,NaN,NaN,NaN,NaN,NaN,NaN,NaN,NaN
2,NaN,NaN,NaN,NaN,NaN,NaN,NaN,NaN
3,NaN,NaN,NaN,NaN,NaN,NaN,NaN,NaN
4,NaN,NaN,NaN,NaN,NaN,NaN,NaN,NaN
5,NaN,NaN,NaN,NaN,NaN,NaN,NaN,NaN
6,NaN,NaN,NaN,NaN,NaN,NaN,NaN,NaN
7,NaN,NaN,NaN,NaN,NaN,NaN,NaN,NaN
8,NaN,NaN,NaN,NaN,NaN,NaN,NaN,NaN
9,NaN,NaN,NaN,NaN,NaN,NaN,NaN,NaN
10,NaN,NaN,NaN,NaN,NaN,NaN,NaN,NaN
11,NaN,NaN,NaN,NaN,NaN,NaN,NaN,NaN
1,NaN,NaN,NaN,NaN,NaN,NaN,NaN,NaN
2,NaN,NaN,NaN,NaN,NaN,NaN,NaN,NaN
3,NaN,NaN,NaN,NaN,NaN,NaN,NaN,NaN
4,NaN,NaN,NaN,NaN,NaN,NaN,NaN,NaN
5,NaN,NaN,NaN,NaN,NaN,NaN,NaN,NaN
6,NaN,NaN,NaN,NaN,NaN,NaN,NaN,NaN
7,NaN,NaN,NaN,NaN,NaN,NaN,NaN,NaN
8,NaN,NaN,NaN,NaN,NaN,NaN,NaN,NaN
9,NaN,NaN,NaN,NaN,NaN,NaN,NaN,NaN
10,NaN,NaN,NaN,NaN,NaN,NaN,NaN,NaN
11,NaN,NaN,NaN,NaN,NaN,NaN,NaN,NaN
1,NaN,NaN,NaN,NaN,NaN,NaN,NaN,NaN
2,NaN,NaN,NaN,NaN,NaN,NaN,NaN,NaN
3,NaN,NaN,NaN,NaN,NaN,NaN,NaN,NaN
4,NaN,NaN,NaN,NaN,NaN,NaN,NaN,NaN
5,NaN,NaN,NaN,NaN,NaN,NaN,NaN,NaN
6,NaN,NaN,NaN,NaN,NaN,NaN,NaN,NaN
7,NaN,NaN,NaN,NaN,NaN,NaN,NaN,NaN
8,NaN,NaN,NaN,NaN,NaN,NaN,NaN,NaN
9,NaN,NaN,NaN,NaN,NaN,NaN,NaN,NaN
10,NaN,NaN,NaN,NaN,NaN,NaN,NaN,NaN
11,NaN,NaN,NaN,NaN,NaN,NaN,NaN,NaN
1,NaN,NaN,NaN,NaN,NaN,NaN,NaN,NaN
2,NaN,NaN,NaN,NaN,NaN,NaN,NaN,NaN
3,NaN,NaN,NaN,NaN,NaN,NaN,NaN,NaN
4,NaN,NaN,NaN,NaN,NaN,NaN,NaN,NaN
5,NaN,NaN,NaN,NaN,NaN,NaN,NaN,NaN
6,NaN,NaN,NaN,NaN,NaN,NaN,NaN,NaN
7,NaN,NaN,NaN,NaN,NaN,NaN,NaN,NaN
8,NaN,NaN,NaN,NaN,NaN,NaN,NaN,NaN
9,NaN,NaN,NaN,NaN,NaN,NaN,NaN,NaN
10,NaN,NaN,NaN,NaN,NaN,NaN,NaN,NaN
11,NaN,NaN,NaN,NaN,NaN,NaN,NaN,NaN
1,NaN,NaN,NaN,NaN,NaN,NaN,NaN,NaN
2,NaN,NaN,NaN,NaN,NaN,NaN,NaN,NaN
3,NaN,NaN,NaN,NaN,NaN,NaN,NaN,NaN
4,NaN,NaN,NaN,NaN,NaN,NaN,NaN,NaN
5,NaN,NaN,NaN,NaN,NaN,NaN,NaN,NaN
6,NaN,NaN,NaN,NaN,NaN,NaN,NaN,NaN
7,NaN,NaN,NaN,NaN,NaN,NaN,NaN,NaN
8,NaN,NaN,NaN,NaN,NaN,NaN,NaN,NaN
9,NaN,NaN,NaN,NaN,NaN,NaN,NaN,NaN
10,NaN,NaN,NaN,NaN,NaN,NaN,NaN,NaN
11,NaN,NaN,NaN,NaN,NaN,NaN,NaN,NaN
1,NaN,NaN,NaN,NaN,NaN,NaN,NaN,NaN
2,NaN,NaN,NaN,NaN,NaN,NaN,NaN,NaN
3,NaN,NaN,NaN,NaN,NaN,NaN,NaN,NaN
4,NaN,NaN,NaN,NaN,NaN,NaN,NaN,NaN
5,NaN,NaN,NaN,NaN,NaN,NaN,NaN,NaN
6,NaN,NaN,NaN,NaN,NaN,NaN,NaN,NaN
7,NaN,NaN,NaN,NaN,NaN,NaN,NaN,NaN
8,NaN,NaN,NaN,NaN,NaN,NaN,NaN,NaN
9,NaN,NaN,NaN,NaN,NaN,NaN,NaN,NaN
10,NaN,NaN,NaN,NaN,NaN,NaN,NaN,NaN
11,NaN,NaN,NaN,NaN,NaN,NaN,NaN,NaN
1,NaN,NaN,NaN,NaN,NaN,NaN,NaN,NaN
2,NaN,NaN,NaN,NaN,NaN,NaN,NaN,NaN
3,NaN,NaN,NaN,NaN,NaN,NaN,NaN,NaN
4,NaN,NaN,NaN,NaN,NaN,NaN,NaN,NaN
5,NaN,NaN,NaN,NaN,NaN,NaN,NaN,NaN
6,NaN,NaN,NaN,NaN,NaN,NaN,NaN,NaN
7,NaN,NaN,NaN,NaN,NaN,NaN,NaN,NaN
8,NaN,NaN,NaN,NaN,NaN,NaN,NaN,NaN
9,NaN,NaN,NaN,NaN,NaN,NaN,NaN,NaN
10,NaN,NaN,NaN,NaN,NaN,NaN,NaN,NaN
11,NaN,NaN,NaN,NaN,NaN,NaN,NaN,NaN
1,NaN,NaN,NaN,NaN,NaN,NaN,NaN,NaN
2,NaN,NaN,NaN,NaN,NaN,NaN,NaN,NaN
3,NaN,NaN,NaN,NaN,NaN,NaN,NaN,NaN
4,NaN,NaN,NaN,NaN,NaN,NaN,NaN,NaN
5,NaN,NaN,NaN,NaN,NaN,NaN,NaN,NaN
6,NaN,NaN,NaN,NaN,NaN,NaN,NaN,NaN
7,NaN,NaN,NaN,NaN,NaN,NaN,NaN,NaN
8,NaN,NaN,NaN,NaN,NaN,NaN,NaN,NaN
9,NaN,NaN,NaN,NaN,NaN,NaN,NaN,NaN
10,NaN,NaN,NaN,NaN,NaN,NaN,NaN,NaN
11,NaN,NaN,NaN,NaN,NaN,NaN,NaN,NaN
1,NaN,NaN,NaN,NaN,NaN,NaN,NaN,NaN
2,NaN,NaN,NaN,NaN,NaN,NaN,NaN,NaN
3,NaN,NaN,NaN,NaN,NaN,NaN,NaN,NaN
4,NaN,NaN,NaN,NaN,NaN,NaN,NaN,NaN
5,NaN,NaN,NaN,NaN,NaN,NaN,NaN,NaN
6,NaN,NaN,NaN,NaN,NaN,NaN,NaN,NaN
7,NaN,NaN,NaN,NaN,NaN,NaN,NaN,NaN
8,NaN,NaN,NaN,NaN,NaN,NaN,NaN,NaN
9,NaN,NaN,NaN,NaN,NaN,NaN,NaN,NaN
10,NaN,NaN,NaN,NaN,NaN,NaN,NaN,NaN
11,NaN,NaN,NaN,NaN,NaN,NaN,NaN,NaN
1,NaN,NaN,NaN,NaN,NaN,NaN,NaN,NaN
2,NaN,NaN,NaN,NaN,NaN,NaN,NaN,NaN
3,NaN,NaN,NaN,NaN,NaN,NaN,NaN,NaN
4,NaN,NaN,NaN,NaN,NaN,NaN,NaN,NaN
5,NaN,NaN,NaN,NaN,NaN,NaN,NaN,NaN
6,NaN,NaN,NaN,NaN,NaN,NaN,NaN,NaN
7,NaN,NaN,NaN,NaN,NaN,NaN,NaN,NaN
8,NaN,NaN,NaN,NaN,NaN,NaN,NaN,NaN
9,NaN,NaN,NaN,NaN,NaN,NaN,NaN,NaN
10,NaN,NaN,NaN,NaN,NaN,NaN,NaN,NaN
11,NaN,NaN,NaN,NaN,NaN,NaN,NaN,NaN
1,NaN,NaN,NaN,NaN,NaN,NaN,NaN,NaN
2,NaN,NaN,NaN,NaN,NaN,NaN,NaN,NaN
3,NaN,NaN,NaN,NaN,NaN,NaN,NaN,NaN
4,NaN,NaN,NaN,NaN,NaN,NaN,NaN,NaN
5,NaN,NaN,NaN,NaN,NaN,NaN,NaN,NaN
6,NaN,NaN,NaN,NaN,NaN,NaN,NaN,NaN
7,NaN,NaN,NaN,NaN,NaN,NaN,NaN,NaN
8,NaN,NaN,NaN,NaN,NaN,NaN,NaN,NaN
9,NaN,NaN,NaN,NaN,NaN,NaN,NaN,NaN
10,NaN,NaN,NaN,NaN,NaN,NaN,NaN,NaN
11,NaN,NaN,NaN,NaN,NaN,NaN,NaN,NaN
1,NaN,NaN,NaN,NaN,NaN,NaN,NaN,NaN
2,NaN,NaN,NaN,NaN,NaN,NaN,NaN,NaN
3,NaN,NaN,NaN,NaN,NaN,NaN,NaN,NaN
4,NaN,NaN,NaN,NaN,NaN,NaN,NaN,NaN
5,NaN,NaN,NaN,NaN,NaN,NaN,NaN,NaN
6,NaN,NaN,NaN,NaN,NaN,NaN,NaN,NaN
7,NaN,NaN,NaN,NaN,NaN,NaN,NaN,NaN
8,NaN,NaN,NaN,NaN,NaN,NaN,NaN,NaN
9,NaN,NaN,NaN,NaN,NaN,NaN,NaN,NaN
10,NaN,NaN,NaN,NaN,NaN,NaN,NaN,NaN
11,NaN,NaN,NaN,NaN,NaN,NaN,NaN,NaN
1,NaN,NaN,NaN,NaN,NaN,NaN,NaN,NaN
2,NaN,NaN,NaN,NaN,NaN,NaN,NaN,NaN
3,NaN,NaN,NaN,NaN,NaN,NaN,NaN,NaN
4,NaN,NaN,NaN,NaN,NaN,NaN,NaN,NaN
5,NaN,NaN,NaN,NaN,NaN,NaN,NaN,NaN
6,NaN,NaN,NaN,NaN,NaN,NaN,NaN,NaN
7,NaN,NaN,NaN,NaN,NaN,NaN,NaN,NaN
8,NaN,NaN,NaN,NaN,NaN,NaN,NaN,NaN
9,NaN,NaN,NaN,NaN,NaN,NaN,NaN,NaN
10,NaN,NaN,NaN,NaN,NaN,NaN,NaN,NaN
11,NaN,NaN,NaN,NaN,NaN,NaN,NaN,NaN
1,NaN,NaN,NaN,NaN,NaN,NaN,NaN,NaN
2,NaN,NaN,NaN,NaN,NaN,NaN,NaN,NaN
3,NaN,NaN,NaN,NaN,NaN,NaN,NaN,NaN
4,NaN,NaN,NaN,NaN,NaN,NaN,NaN,NaN
5,NaN,NaN,NaN,NaN,NaN,NaN,NaN,NaN
6,NaN,NaN,NaN,NaN,NaN,NaN,NaN,NaN
7,NaN,NaN,NaN,NaN,NaN,NaN,NaN,NaN
8,NaN,NaN,NaN,NaN,NaN,NaN,NaN,NaN
9,NaN,NaN,NaN,NaN,NaN,NaN,NaN,NaN
10,NaN,NaN,NaN,NaN,NaN,NaN,NaN,NaN
11,NaN,NaN,NaN,NaN,NaN,NaN,NaN,NaN
1,NaN,NaN,NaN,NaN,NaN,NaN,NaN,NaN
2,NaN,NaN,NaN,NaN,NaN,NaN,NaN,NaN
3,NaN,NaN,NaN,NaN,NaN,NaN,NaN,NaN
4,NaN,NaN,NaN,NaN,NaN,NaN,NaN,NaN
5,NaN,NaN,NaN,NaN,NaN,NaN,NaN,NaN
6,NaN,NaN,NaN,NaN,NaN,NaN,NaN,NaN
7,NaN,NaN,NaN,NaN,NaN,NaN,NaN,NaN
8,NaN,NaN,NaN,NaN,NaN,NaN,NaN,NaN
9,NaN,NaN,NaN,NaN,NaN,NaN,NaN,NaN
10,NaN,NaN,NaN,NaN,NaN,NaN,NaN,NaN
11,NaN,NaN,NaN,NaN,NaN,NaN,NaN,NaN
1,NaN,NaN,NaN,NaN,NaN,NaN,NaN,NaN
2,NaN,NaN,NaN,NaN,NaN,NaN,NaN,NaN
3,NaN,NaN,NaN,NaN,NaN,NaN,NaN,NaN
4,NaN,NaN,NaN,NaN,NaN,NaN,NaN,NaN
5,NaN,NaN,NaN,NaN,NaN,NaN,NaN,NaN
6,NaN,NaN,NaN,NaN,NaN,NaN,NaN,NaN
7,NaN,NaN,NaN,NaN,NaN,NaN,NaN,NaN
8,NaN,NaN,NaN,NaN,NaN,NaN,NaN,NaN
9,NaN,NaN,NaN,NaN,NaN,NaN,NaN,NaN
10,NaN,NaN,NaN,NaN,NaN,NaN,NaN,NaN
11,NaN,NaN,NaN,NaN,NaN,NaN,NaN,NaN
1,NaN,NaN,NaN,NaN,NaN,NaN,NaN,NaN
2,NaN,NaN,NaN,NaN,NaN,NaN,NaN,NaN
3,NaN,NaN,NaN,NaN,NaN,NaN,NaN,NaN
4,NaN,NaN,NaN,NaN,NaN,NaN,NaN,NaN
5,NaN,NaN,NaN,NaN,NaN,NaN,NaN,NaN
6,NaN,NaN,NaN,NaN,NaN,NaN,NaN,NaN
7,NaN,NaN,NaN,NaN,NaN,NaN,NaN,NaN
8,NaN,NaN,NaN,NaN,NaN,NaN,NaN,NaN
9,NaN,NaN,NaN,NaN,NaN,NaN,NaN,NaN
10,NaN,NaN,NaN,NaN,NaN,NaN,NaN,NaN
11,NaN,NaN,NaN,NaN,NaN,NaN,NaN,NaN
1,NaN,NaN,NaN,NaN,NaN,NaN,NaN,NaN
2,NaN,NaN,NaN,NaN,NaN,NaN,NaN,NaN
3,NaN,NaN,NaN,NaN,NaN,NaN,NaN,NaN
4,NaN,NaN,NaN,NaN,NaN,NaN,NaN,NaN
5,NaN,NaN,NaN,NaN,NaN,NaN,NaN,NaN
6,NaN,NaN,NaN,NaN,NaN,NaN,NaN,NaN
7,NaN,NaN,NaN,NaN,NaN,NaN,NaN,NaN
8,NaN,NaN,NaN,NaN,NaN,NaN,NaN,NaN
9,NaN,NaN,NaN,NaN,NaN,NaN,NaN,NaN
10,NaN,NaN,NaN,NaN,NaN,NaN,NaN,NaN
11,NaN,NaN,NaN,NaN,NaN,NaN,NaN,NaN
1,NaN,NaN,NaN,NaN,NaN,NaN,NaN,NaN
2,NaN,NaN,NaN,NaN,NaN,NaN,NaN,NaN
3,NaN,NaN,NaN,NaN,NaN,NaN,NaN,NaN
4,NaN,NaN,NaN,NaN,NaN,NaN,NaN,NaN
5,NaN,NaN,NaN,NaN,NaN,NaN,NaN,NaN
6,NaN,NaN,NaN,NaN,NaN,NaN,NaN,NaN
7,NaN,NaN,NaN,NaN,NaN,NaN,NaN,NaN
8,NaN,NaN,NaN,NaN,NaN,NaN,NaN,NaN
9,NaN,NaN,NaN,NaN,NaN,NaN,NaN,NaN
10,NaN,NaN,NaN,NaN,NaN,NaN,NaN,NaN
11,NaN,NaN,NaN,NaN,NaN,NaN,NaN,NaN
1,NaN,NaN,NaN,NaN,NaN,NaN,NaN,NaN
2,NaN,NaN,NaN,NaN,NaN,NaN,NaN,NaN
3,NaN,NaN,NaN,NaN,NaN,NaN,NaN,NaN
4,NaN,NaN,NaN,NaN,NaN,NaN,NaN,NaN
5,NaN,NaN,NaN,NaN,NaN,NaN,NaN,NaN
6,NaN,NaN,NaN,NaN,NaN,NaN,NaN,NaN
7,NaN,NaN,NaN,NaN,NaN,NaN,NaN,NaN
8,NaN,NaN,NaN,NaN,NaN,NaN,NaN,NaN
9,NaN,NaN,NaN,NaN,NaN,NaN,NaN,NaN
10,NaN,NaN,NaN,NaN,NaN,NaN,NaN,NaN
11,NaN,NaN,NaN,NaN,NaN,NaN,NaN,NaN
1,NaN,NaN,NaN,NaN,NaN,NaN,NaN,NaN
2,NaN,NaN,NaN,NaN,NaN,NaN,NaN,NaN
3,NaN,NaN,NaN,NaN,NaN,NaN,NaN,NaN
4,NaN,NaN,NaN,NaN,NaN,NaN,NaN,NaN
5,NaN,NaN,NaN,NaN,NaN,NaN,NaN,NaN
6,NaN,NaN,NaN,NaN,NaN,NaN,NaN,NaN
7,NaN,NaN,NaN,NaN,NaN,NaN,NaN,NaN
8,NaN,NaN,NaN,NaN,NaN,NaN,NaN,NaN
9,NaN,NaN,NaN,NaN,NaN,NaN,NaN,NaN
10,NaN,NaN,NaN,NaN,NaN,NaN,NaN,NaN
11,NaN,NaN,NaN,NaN,NaN,NaN,NaN,NaN
1,NaN,NaN,NaN,NaN,NaN,NaN,NaN,NaN
2,NaN,NaN,NaN,NaN,NaN,NaN,NaN,NaN
3,NaN,NaN,NaN,NaN,NaN,NaN,NaN,NaN
4,NaN,NaN,NaN,NaN,NaN,NaN,NaN,NaN
5,NaN,NaN,NaN,NaN,NaN,NaN,NaN,NaN
6,NaN,NaN,NaN,NaN,NaN,NaN,NaN,NaN
7,NaN,NaN,NaN,NaN,NaN,NaN,NaN,NaN
8,NaN,NaN,NaN,NaN,NaN,NaN,NaN,NaN
9,NaN,NaN,NaN,NaN,NaN,NaN,NaN,NaN
10,NaN,NaN,NaN,NaN,NaN,NaN,NaN,NaN
11,NaN,NaN,NaN,NaN,NaN,NaN,NaN,NaN
1,NaN,NaN,NaN,NaN,NaN,NaN,NaN,NaN
2,NaN,NaN,NaN,NaN,NaN,NaN,NaN,NaN
3,NaN,NaN,NaN,NaN,NaN,NaN,NaN,NaN
4,NaN,NaN,NaN,NaN,NaN,NaN,NaN,NaN
5,NaN,NaN,NaN,NaN,NaN,NaN,NaN,NaN
6,NaN,NaN,NaN,NaN,NaN,NaN,NaN,NaN
7,NaN,NaN,NaN,NaN,NaN,NaN,NaN,NaN
8,NaN,NaN,NaN,NaN,NaN,NaN,NaN,NaN
9,NaN,NaN,NaN,NaN,NaN,NaN,NaN,NaN
10,NaN,NaN,NaN,NaN,NaN,NaN,NaN,NaN
11,NaN,NaN,NaN,NaN,NaN,NaN,NaN,NaN
1,NaN,NaN,NaN,NaN,NaN,NaN,NaN,NaN
2,NaN,NaN,NaN,NaN,NaN,NaN,NaN,NaN
3,NaN,NaN,NaN,NaN,NaN,NaN,NaN,NaN
4,NaN,NaN,NaN,NaN,NaN,NaN,NaN,NaN
5,NaN,NaN,NaN,NaN,NaN,NaN,NaN,NaN
6,NaN,NaN,NaN,NaN,NaN,NaN,NaN,NaN
7,NaN,NaN,NaN,NaN,NaN,NaN,NaN,NaN
8,NaN,NaN,NaN,NaN,NaN,NaN,NaN,NaN
9,NaN,NaN,NaN,NaN,NaN,NaN,NaN,NaN
10,NaN,NaN,NaN,NaN,NaN,NaN,NaN,NaN
11,NaN,NaN,NaN,NaN,NaN,NaN,NaN,NaN
1,NaN,NaN,NaN,NaN,NaN,NaN,NaN,NaN
2,NaN,NaN,NaN,NaN,NaN,NaN,NaN,NaN
3,NaN,NaN,NaN,NaN,NaN,NaN,NaN,NaN
4,NaN,NaN,NaN,NaN,NaN,NaN,NaN,NaN
5,NaN,NaN,NaN,NaN,NaN,NaN,NaN,NaN
6,NaN,NaN,NaN,NaN,NaN,NaN,NaN,NaN
7,NaN,NaN,NaN,NaN,NaN,NaN,NaN,NaN
8,NaN,NaN,NaN,NaN,NaN,NaN,NaN,NaN
9,NaN,NaN,NaN,NaN,NaN,NaN,NaN,NaN
10,NaN,NaN,NaN,NaN,NaN,NaN,NaN,NaN
11,NaN,NaN,NaN,NaN,NaN,NaN,NaN,NaN
1,NaN,NaN,NaN,NaN,NaN,NaN,NaN,NaN
2,NaN,NaN,NaN,NaN,NaN,NaN,NaN,NaN
3,NaN,NaN,NaN,NaN,NaN,NaN,NaN,NaN
4,NaN,NaN,NaN,NaN,NaN,NaN,NaN,NaN
5,NaN,NaN,NaN,NaN,NaN,NaN,NaN,NaN
6,NaN,NaN,NaN,NaN,NaN,NaN,NaN,NaN
7,NaN,NaN,NaN,NaN,NaN,NaN,NaN,NaN
8,NaN,NaN,NaN,NaN,NaN,NaN,NaN,NaN
9,NaN,NaN,NaN,NaN,NaN,NaN,NaN,NaN
10,NaN,NaN,NaN,NaN,NaN,NaN,NaN,NaN
11,NaN,NaN,NaN,NaN,NaN,NaN,NaN,NaN
1,NaN,NaN,NaN,NaN,NaN,NaN,NaN,NaN
2,NaN,NaN,NaN,NaN,NaN,NaN,NaN,NaN
3,NaN,NaN,NaN,NaN,NaN,NaN,NaN,NaN
4,NaN,NaN,NaN,NaN,NaN,NaN,NaN,NaN
5,NaN,NaN,NaN,NaN,NaN,NaN,NaN,NaN
6,NaN,NaN,NaN,NaN,NaN,NaN,NaN,NaN
7,NaN,NaN,NaN,NaN,NaN,NaN,NaN,NaN
8,NaN,NaN,NaN,NaN,NaN,NaN,NaN,NaN
9,NaN,NaN,NaN,NaN,NaN,NaN,NaN,NaN
10,NaN,NaN,NaN,NaN,NaN,NaN,NaN,NaN
11,NaN,NaN,NaN,NaN,NaN,NaN,NaN,NaN
1,NaN,NaN,NaN,NaN,NaN,NaN,NaN,NaN
2,NaN,NaN,NaN,NaN,NaN,NaN,NaN,NaN
3,NaN,NaN,NaN,NaN,NaN,NaN,NaN,NaN
4,NaN,NaN,NaN,NaN,NaN,NaN,NaN,NaN
5,NaN,NaN,NaN,NaN,NaN,NaN,NaN,NaN
6,NaN,NaN,NaN,NaN,NaN,NaN,NaN,NaN
7,NaN,NaN,NaN,NaN,NaN,NaN,NaN,NaN
8,NaN,NaN,NaN,NaN,NaN,NaN,NaN,NaN
9,NaN,NaN,NaN,NaN,NaN,NaN,NaN,NaN
10,NaN,NaN,NaN,NaN,NaN,NaN,NaN,NaN
11,NaN,NaN,NaN,NaN,NaN,NaN,NaN,NaN
1,NaN,NaN,NaN,NaN,NaN,NaN,NaN,NaN
2,NaN,NaN,NaN,NaN,NaN,NaN,NaN,NaN
3,NaN,NaN,NaN,NaN,NaN,NaN,NaN,NaN
4,NaN,NaN,NaN,NaN,NaN,NaN,NaN,NaN
5,NaN,NaN,NaN,NaN,NaN,NaN,NaN,NaN
6,NaN,NaN,NaN,NaN,NaN,NaN,NaN,NaN
7,NaN,NaN,NaN,NaN,NaN,NaN,NaN,NaN
8,NaN,NaN,NaN,NaN,NaN,NaN,NaN,NaN
9,NaN,NaN,NaN,NaN,NaN,NaN,NaN,NaN
10,NaN,NaN,NaN,NaN,NaN,NaN,NaN,NaN
11,NaN,NaN,NaN,NaN,NaN,NaN,NaN,NaN
1,NaN,NaN,NaN,NaN,NaN,NaN,NaN,NaN
2,NaN,NaN,NaN,NaN,NaN,NaN,NaN,NaN
3,NaN,NaN,NaN,NaN,NaN,NaN,NaN,NaN
4,NaN,NaN,NaN,NaN,NaN,NaN,NaN,NaN
5,NaN,NaN,NaN,NaN,NaN,NaN,NaN,NaN
6,NaN,NaN,NaN,NaN,NaN,NaN,NaN,NaN
7,NaN,NaN,NaN,NaN,NaN,NaN,NaN,NaN
8,NaN,NaN,NaN,NaN,NaN,NaN,NaN,NaN
9,NaN,NaN,NaN,NaN,NaN,NaN,NaN,NaN
10,NaN,NaN,NaN,NaN,NaN,NaN,NaN,NaN
11,NaN,NaN,NaN,NaN,NaN,NaN,NaN,NaN
1,NaN,NaN,NaN,NaN,NaN,NaN,NaN,NaN
2,NaN,NaN,NaN,NaN,NaN,NaN,NaN,NaN
3,NaN,NaN,NaN,NaN,NaN,NaN,NaN,NaN
4,NaN,NaN,NaN,NaN,NaN,NaN,NaN,NaN
5,NaN,NaN,NaN,NaN,NaN,NaN,NaN,NaN
6,NaN,NaN,NaN,NaN,NaN,NaN,NaN,NaN
7,NaN,NaN,NaN,NaN,NaN,NaN,NaN,NaN
8,NaN,NaN,NaN,NaN,NaN,NaN,NaN,NaN
9,NaN,NaN,NaN,NaN,NaN,NaN,NaN,NaN
10,NaN,NaN,NaN,NaN,NaN,NaN,NaN,NaN
11,NaN,NaN,NaN,NaN,NaN,NaN,NaN,NaN
1,NaN,NaN,NaN,NaN,NaN,NaN,NaN,NaN
2,NaN,NaN,NaN,NaN,NaN,NaN,NaN,NaN
3,NaN,NaN,NaN,NaN,NaN,NaN,NaN,NaN
4,NaN,NaN,NaN,NaN,NaN,NaN,NaN,NaN
5,NaN,NaN,NaN,NaN,NaN,NaN,NaN,NaN
6,NaN,NaN,NaN,NaN,NaN,NaN,NaN,NaN
7,NaN,NaN,NaN,NaN,NaN,NaN,NaN,NaN
8,NaN,NaN,NaN,NaN,NaN,NaN,NaN,NaN
9,NaN,NaN,NaN,NaN,NaN,NaN,NaN,NaN
10,NaN,NaN,NaN,NaN,NaN,NaN,NaN,NaN
11,NaN,NaN,NaN,NaN,NaN,NaN,NaN,NaN
1,NaN,NaN,NaN,NaN,NaN,NaN,NaN,NaN
2,NaN,NaN,NaN,NaN,NaN,NaN,NaN,NaN
3,NaN,NaN,NaN,NaN,NaN,NaN,NaN,NaN
4,NaN,NaN,NaN,NaN,NaN,NaN,NaN,NaN
5,NaN,NaN,NaN,NaN,NaN,NaN,NaN,NaN
6,NaN,NaN,NaN,NaN,NaN,NaN,NaN,NaN
7,NaN,NaN,NaN,NaN,NaN,NaN,NaN,NaN
8,NaN,NaN,NaN,NaN,NaN,NaN,NaN,NaN
9,NaN,NaN,NaN,NaN,NaN,NaN,NaN,NaN
10,NaN,NaN,NaN,NaN,NaN,NaN,NaN,NaN
11,NaN,NaN,NaN,NaN,NaN,NaN,NaN,NaN
1,NaN,NaN,NaN,NaN,NaN,NaN,NaN,NaN
2,NaN,NaN,NaN,NaN,NaN,NaN,NaN,NaN
3,NaN,NaN,NaN,NaN,NaN,NaN,NaN,NaN
4,NaN,NaN,NaN,NaN,NaN,NaN,NaN,NaN
5,NaN,NaN,NaN,NaN,NaN,NaN,NaN,NaN
6,NaN,NaN,NaN,NaN,NaN,NaN,NaN,NaN
7,NaN,NaN,NaN,NaN,NaN,NaN,NaN,NaN
8,NaN,NaN,NaN,NaN,NaN,NaN,NaN,NaN
9,NaN,NaN,NaN,NaN,NaN,NaN,NaN,NaN
10,NaN,NaN,NaN,NaN,NaN,NaN,NaN,NaN
11,NaN,NaN,NaN,NaN,NaN,NaN,NaN,NaN
1,NaN,NaN,NaN,NaN,NaN,NaN,NaN,NaN
2,NaN,NaN,NaN,NaN,NaN,NaN,NaN,NaN
3,NaN,NaN,NaN,NaN,NaN,NaN,NaN,NaN
4,NaN,NaN,NaN,NaN,NaN,NaN,NaN,NaN
5,NaN,NaN,NaN,NaN,NaN,NaN,NaN,NaN
6,NaN,NaN,NaN,NaN,NaN,NaN,NaN,NaN
7,NaN,NaN,NaN,NaN,NaN,NaN,NaN,NaN
8,NaN,NaN,NaN,NaN,NaN,NaN,NaN,NaN
9,NaN,NaN,NaN,NaN,NaN,NaN,NaN,NaN
10,NaN,NaN,NaN,NaN,NaN,NaN,NaN,NaN
11,NaN,NaN,NaN,NaN,NaN,NaN,NaN,NaN
1,NaN,NaN,NaN,NaN,NaN,NaN,NaN,NaN
2,NaN,NaN,NaN,NaN,NaN,NaN,NaN,NaN
3,NaN,NaN,NaN,NaN,NaN,NaN,NaN,NaN
4,NaN,NaN,NaN,NaN,NaN,NaN,NaN,NaN
5,NaN,NaN,NaN,NaN,NaN,NaN,NaN,NaN
6,NaN,NaN,NaN,NaN,NaN,NaN,NaN,NaN
7,NaN,NaN,NaN,NaN,NaN,NaN,NaN,NaN
8,NaN,NaN,NaN,NaN,NaN,NaN,NaN,NaN
9,NaN,NaN,NaN,NaN,NaN,NaN,NaN,NaN
10,NaN,NaN,NaN,NaN,NaN,NaN,NaN,NaN
11,NaN,NaN,NaN,NaN,NaN,NaN,NaN,NaN
1,NaN,NaN,NaN,NaN,NaN,NaN,NaN,NaN
2,NaN,NaN,NaN,NaN,NaN,NaN,NaN,NaN
3,NaN,NaN,NaN,NaN,NaN,NaN,NaN,NaN
4,NaN,NaN,NaN,NaN,NaN,NaN,NaN,NaN
5,NaN,NaN,NaN,NaN,NaN,NaN,NaN,NaN
6,NaN,NaN,NaN,NaN,NaN,NaN,NaN,NaN
7,NaN,NaN,NaN,NaN,NaN,NaN,NaN,NaN
8,NaN,NaN,NaN,NaN,NaN,NaN,NaN,NaN
9,NaN,NaN,NaN,NaN,NaN,NaN,NaN,NaN
10,NaN,NaN,NaN,NaN,NaN,NaN,NaN,NaN
11,NaN,NaN,NaN,NaN,NaN,NaN,NaN,NaN
1,NaN,NaN,NaN,NaN,NaN,NaN,NaN,NaN
2,NaN,NaN,NaN,NaN,NaN,NaN,NaN,NaN
3,NaN,NaN,NaN,NaN,NaN,NaN,NaN,NaN
4,NaN,NaN,NaN,NaN,NaN,NaN,NaN,NaN
5,NaN,NaN,NaN,NaN,NaN,NaN,NaN,NaN
6,NaN,NaN,NaN,NaN,NaN,NaN,NaN,NaN
7,NaN,NaN,NaN,NaN,NaN,NaN,NaN,NaN
8,NaN,NaN,NaN,NaN,NaN,NaN,NaN,NaN
9,NaN,NaN,NaN,NaN,NaN,NaN,NaN,NaN
10,NaN,NaN,NaN,NaN,NaN,NaN,NaN,NaN
11,NaN,NaN,NaN,NaN,NaN,NaN,NaN,NaN
1,NaN,NaN,NaN,NaN,NaN,NaN,NaN,NaN
2,NaN,NaN,NaN,NaN,NaN,NaN,NaN,NaN
3,NaN,NaN,NaN,NaN,NaN,NaN,NaN,NaN
4,NaN,NaN,NaN,NaN,NaN,NaN,NaN,NaN
5,NaN,NaN,NaN,NaN,NaN,NaN,NaN,NaN
6,NaN,NaN,NaN,NaN,NaN,NaN,NaN,NaN
7,NaN,NaN,NaN,NaN,NaN,NaN,NaN,NaN
8,NaN,NaN,NaN,NaN,NaN,NaN,NaN,NaN
9,NaN,NaN,NaN,NaN,NaN,NaN,NaN,NaN
10,NaN,NaN,NaN,NaN,NaN,NaN,NaN,NaN
11,NaN,NaN,NaN,NaN,NaN,NaN,NaN,NaN
1,NaN,NaN,NaN,NaN,NaN,NaN,NaN,NaN
2,NaN,NaN,NaN,NaN,NaN,NaN,NaN,NaN
3,NaN,NaN,NaN,NaN,NaN,NaN,NaN,NaN
4,NaN,NaN,NaN,NaN,NaN,NaN,NaN,NaN
5,NaN,NaN,NaN,NaN,NaN,NaN,NaN,NaN
6,NaN,NaN,NaN,NaN,NaN,NaN,NaN,NaN
7,NaN,NaN,NaN,NaN,NaN,NaN,NaN,NaN
8,NaN,NaN,NaN,NaN,NaN,NaN,NaN,NaN
9,NaN,NaN,NaN,NaN,NaN,NaN,NaN,NaN
10,NaN,NaN,NaN,NaN,NaN,NaN,NaN,NaN
11,NaN,NaN,NaN,NaN,NaN,NaN,NaN,NaN
1,NaN,NaN,NaN,NaN,NaN,NaN,NaN,NaN
2,NaN,NaN,NaN,NaN,NaN,NaN,NaN,NaN
3,NaN,NaN,NaN,NaN,NaN,NaN,NaN,NaN
4,NaN,NaN,NaN,NaN,NaN,NaN,NaN,NaN
5,NaN,NaN,NaN,NaN,NaN,NaN,NaN,NaN
6,NaN,NaN,NaN,NaN,NaN,NaN,NaN,NaN
7,NaN,NaN,NaN,NaN,NaN,NaN,NaN,NaN
8,NaN,NaN,NaN,NaN,NaN,NaN,NaN,NaN
9,NaN,NaN,NaN,NaN,NaN,NaN,NaN,NaN
10,NaN,NaN,NaN,NaN,NaN,NaN,NaN,NaN
11,NaN,NaN,NaN,NaN,NaN,NaN,NaN,NaN
1,NaN,NaN,NaN,NaN,NaN,NaN,NaN,NaN
2,NaN,NaN,NaN,NaN,NaN,NaN,NaN,NaN
3,NaN,NaN,NaN,NaN,NaN,NaN,NaN,NaN
4,NaN,NaN,NaN,NaN,NaN,NaN,NaN,NaN
5,NaN,NaN,NaN,NaN,NaN,NaN,NaN,NaN
6,NaN,NaN,NaN,NaN,NaN,NaN,NaN,NaN
7,NaN,NaN,NaN,NaN,NaN,NaN,NaN,NaN
8,NaN,NaN,NaN,NaN,NaN,NaN,NaN,NaN
9,NaN,NaN,NaN,NaN,NaN,NaN,NaN,NaN
10,NaN,NaN,NaN,NaN,NaN,NaN,NaN,NaN
11,NaN,NaN,NaN,NaN,NaN,NaN,NaN,NaN
1,NaN,NaN,NaN,NaN,NaN,NaN,NaN,NaN
2,NaN,NaN,NaN,NaN,NaN,NaN,NaN,NaN
3,NaN,NaN,NaN,NaN,NaN,NaN,NaN,NaN
4,NaN,NaN,NaN,NaN,NaN,NaN,NaN,NaN
5,NaN,NaN,NaN,NaN,NaN,NaN,NaN,NaN
6,NaN,NaN,NaN,NaN,NaN,NaN,NaN,NaN
7,NaN,NaN,NaN,NaN,NaN,NaN,NaN,NaN
8,NaN,NaN,NaN,NaN,NaN,NaN,NaN,NaN
9,NaN,NaN,NaN,NaN,NaN,NaN,NaN,NaN
10,NaN,NaN,NaN,NaN,NaN,NaN,NaN,NaN
11,NaN,NaN,NaN,NaN,NaN,NaN,NaN,NaN
1,NaN,NaN,NaN,NaN,NaN,NaN,NaN,NaN
2,NaN,NaN,NaN,NaN,NaN,NaN,NaN,NaN
3,NaN,NaN,NaN,NaN,NaN,NaN,NaN,NaN
4,NaN,NaN,NaN,NaN,NaN,NaN,NaN,NaN
5,NaN,NaN,NaN,NaN,NaN,NaN,NaN,NaN
6,NaN,NaN,NaN,NaN,NaN,NaN,NaN,NaN
7,NaN,NaN,NaN,NaN,NaN,NaN,NaN,NaN
8,NaN,NaN,NaN,NaN,NaN,NaN,NaN,NaN
9,NaN,NaN,NaN,NaN,NaN,NaN,NaN,NaN
10,NaN,NaN,NaN,NaN,NaN,NaN,NaN,NaN
11,NaN,NaN,NaN,NaN,NaN,NaN,NaN,NaN
1,NaN,NaN,NaN,NaN,NaN,NaN,NaN,NaN
2,NaN,NaN,NaN,NaN,NaN,NaN,NaN,NaN
3,NaN,NaN,NaN,NaN,NaN,NaN,NaN,NaN
4,NaN,NaN,NaN,NaN,NaN,NaN,NaN,NaN
5,NaN,NaN,NaN,NaN,NaN,NaN,NaN,NaN
6,NaN,NaN,NaN,NaN,NaN,NaN,NaN,NaN
7,NaN,NaN,NaN,NaN,NaN,NaN,NaN,NaN
8,NaN,NaN,NaN,NaN,NaN,NaN,NaN,NaN
9,NaN,NaN,NaN,NaN,NaN,NaN,NaN,NaN
10,NaN,NaN,NaN,NaN,NaN,NaN,NaN,NaN
11,NaN,NaN,NaN,NaN,NaN,NaN,NaN,NaN
1,NaN,NaN,NaN,NaN,NaN,NaN,NaN,NaN
2,NaN,NaN,NaN,NaN,NaN,NaN,NaN,NaN
3,NaN,NaN,NaN,NaN,NaN,NaN,NaN,NaN
4,NaN,NaN,NaN,NaN,NaN,NaN,NaN,NaN
5,NaN,NaN,NaN,NaN,NaN,NaN,NaN,NaN
6,NaN,NaN,NaN,NaN,NaN,NaN,NaN,NaN
7,NaN,NaN,NaN,NaN,NaN,NaN,NaN,NaN
8,NaN,NaN,NaN,NaN,NaN,NaN,NaN,NaN
9,NaN,NaN,NaN,NaN,NaN,NaN,NaN,NaN
10,NaN,NaN,NaN,NaN,NaN,NaN,NaN,NaN
11,NaN,NaN,NaN,NaN,NaN,NaN,NaN,NaN
1,NaN,NaN,NaN,NaN,NaN,NaN,NaN,NaN
2,NaN,NaN,NaN,NaN,NaN,NaN,NaN,NaN
3,NaN,NaN,NaN,NaN,NaN,NaN,NaN,NaN
4,NaN,NaN,NaN,NaN,NaN,NaN,NaN,NaN
5,NaN,NaN,NaN,NaN,NaN,NaN,NaN,NaN
6,NaN,NaN,NaN,NaN,NaN,NaN,NaN,NaN
7,NaN,NaN,NaN,NaN,NaN,NaN,NaN,NaN
8,NaN,NaN,NaN,NaN,NaN,NaN,NaN,NaN
9,NaN,NaN,NaN,NaN,NaN,NaN,NaN,NaN
10,NaN,NaN,NaN,NaN,NaN,NaN,NaN,NaN
11,NaN,NaN,NaN,NaN,NaN,NaN,NaN,NaN
1,NaN,NaN,NaN,NaN,NaN,NaN,NaN,NaN
2,NaN,NaN,NaN,NaN,NaN,NaN,NaN,NaN
3,NaN,NaN,NaN,NaN,NaN,NaN,NaN,NaN
4,NaN,NaN,NaN,NaN,NaN,NaN,NaN,NaN
5,NaN,NaN,NaN,NaN,NaN,NaN,NaN,NaN
6,NaN,NaN,NaN,NaN,NaN,NaN,NaN,NaN
7,NaN,NaN,NaN,NaN,NaN,NaN,NaN,NaN
8,NaN,NaN,NaN,NaN,NaN,NaN,NaN,NaN
9,NaN,NaN,NaN,NaN,NaN,NaN,NaN,NaN
10,NaN,NaN,NaN,NaN,NaN,NaN,NaN,NaN
11,NaN,NaN,NaN,NaN,NaN,NaN,NaN,NaN
1,NaN,NaN,NaN,NaN,NaN,NaN,NaN,NaN
2,NaN,NaN,NaN,NaN,NaN,NaN,NaN,NaN
3,NaN,NaN,NaN,NaN,NaN,NaN,NaN,NaN
4,NaN,NaN,NaN,NaN,NaN,NaN,NaN,NaN
5,NaN,NaN,NaN,NaN,NaN,NaN,NaN,NaN
6,NaN,NaN,NaN,NaN,NaN,NaN,NaN,NaN
7,NaN,NaN,NaN,NaN,NaN,NaN,NaN,NaN
8,NaN,NaN,NaN,NaN,NaN,NaN,NaN,NaN
9,NaN,NaN,NaN,NaN,NaN,NaN,NaN,NaN
10,NaN,NaN,NaN,NaN,NaN,NaN,NaN,NaN
11,NaN,NaN,NaN,NaN,NaN,NaN,NaN,NaN
1,NaN,NaN,NaN,NaN,NaN,NaN,NaN,NaN
2,NaN,NaN,NaN,NaN,NaN,NaN,NaN,NaN
3,NaN,NaN,NaN,NaN,NaN,NaN,NaN,NaN
4,NaN,NaN,NaN,NaN,NaN,NaN,NaN,NaN
5,NaN,NaN,NaN,NaN,NaN,NaN,NaN,NaN
6,NaN,NaN,NaN,NaN,NaN,NaN,NaN,NaN
7,NaN,NaN,NaN,NaN,NaN,NaN,NaN,NaN
8,NaN,NaN,NaN,NaN,NaN,NaN,NaN,NaN
9,NaN,NaN,NaN,NaN,NaN,NaN,NaN,NaN
10,NaN,NaN,NaN,NaN,NaN,NaN,NaN,NaN
11,NaN,NaN,NaN,NaN,NaN,NaN,NaN,NaN
1,NaN,NaN,NaN,NaN,NaN,NaN,NaN,NaN
2,NaN,NaN,NaN,NaN,NaN,NaN,NaN,NaN
3,NaN,NaN,NaN,NaN,NaN,NaN,NaN,NaN
4,NaN,NaN,NaN,NaN,NaN,NaN,NaN,NaN
5,NaN,NaN,NaN,NaN,NaN,NaN,NaN,NaN
6,NaN,NaN,NaN,NaN,NaN,NaN,NaN,NaN
7,NaN,NaN,NaN,NaN,NaN,NaN,NaN,NaN
8,NaN,NaN,NaN,NaN,NaN,NaN,NaN,NaN
9,NaN,NaN,NaN,NaN,NaN,NaN,NaN,NaN
10,NaN,NaN,NaN,NaN,NaN,NaN,NaN,NaN
11,NaN,NaN,NaN,NaN,NaN,NaN,NaN,NaN
1,NaN,NaN,NaN,NaN,NaN,NaN,NaN,NaN
2,NaN,NaN,NaN,NaN,NaN,NaN,NaN,NaN
3,NaN,NaN,NaN,NaN,NaN,NaN,NaN,NaN
4,NaN,NaN,NaN,NaN,NaN,NaN,NaN,NaN
5,NaN,NaN,NaN,NaN,NaN,NaN,NaN,NaN
6,NaN,NaN,NaN,NaN,NaN,NaN,NaN,NaN
7,NaN,NaN,NaN,NaN,NaN,NaN,NaN,NaN
8,NaN,NaN,NaN,NaN,NaN,NaN,NaN,NaN
9,NaN,NaN,NaN,NaN,NaN,NaN,NaN,NaN
10,NaN,NaN,NaN,NaN,NaN,NaN,NaN,NaN
11,NaN,NaN,NaN,NaN,NaN,NaN,NaN,NaN
1,NaN,NaN,NaN,NaN,NaN,NaN,NaN,NaN
2,NaN,NaN,NaN,NaN,NaN,NaN,NaN,NaN
3,NaN,NaN,NaN,NaN,NaN,NaN,NaN,NaN
4,NaN,NaN,NaN,NaN,NaN,NaN,NaN,NaN
5,NaN,NaN,NaN,NaN,NaN,NaN,NaN,NaN
6,NaN,NaN,NaN,NaN,NaN,NaN,NaN,NaN
7,NaN,NaN,NaN,NaN,NaN,NaN,NaN,NaN
8,NaN,NaN,NaN,NaN,NaN,NaN,NaN,NaN
9,NaN,NaN,NaN,NaN,NaN,NaN,NaN,NaN
10,NaN,NaN,NaN,NaN,NaN,NaN,NaN,NaN
11,NaN,NaN,NaN,NaN,NaN,NaN,NaN,NaN
1,NaN,NaN,NaN,NaN,NaN,NaN,NaN,NaN
2,NaN,NaN,NaN,NaN,NaN,NaN,NaN,NaN
3,NaN,NaN,NaN,NaN,NaN,NaN,NaN,NaN
4,NaN,NaN,NaN,NaN,NaN,NaN,NaN,NaN
5,NaN,NaN,NaN,NaN,NaN,NaN,NaN,NaN
6,NaN,NaN,NaN,NaN,NaN,NaN,NaN,NaN
7,NaN,NaN,NaN,NaN,NaN,NaN,NaN,NaN
8,NaN,NaN,NaN,NaN,NaN,NaN,NaN,NaN
9,NaN,NaN,NaN,NaN,NaN,NaN,NaN,NaN
10,NaN,NaN,NaN,NaN,NaN,NaN,NaN,NaN
11,NaN,NaN,NaN,NaN,NaN,NaN,NaN,NaN
1,NaN,NaN,NaN,NaN,NaN,NaN,NaN,NaN
2,NaN,NaN,NaN,NaN,NaN,NaN,NaN,NaN
3,NaN,NaN,NaN,NaN,NaN,NaN,NaN,NaN
4,NaN,NaN,NaN,NaN,NaN,NaN,NaN,NaN
5,NaN,NaN,NaN,NaN,NaN,NaN,NaN,NaN
6,NaN,NaN,NaN,NaN,NaN,NaN,NaN,NaN
7,NaN,NaN,NaN,NaN,NaN,NaN,NaN,NaN
8,NaN,NaN,NaN,NaN,NaN,NaN,NaN,NaN
9,NaN,NaN,NaN,NaN,NaN,NaN,NaN,NaN
10,NaN,NaN,NaN,NaN,NaN,NaN,NaN,NaN
11,NaN,NaN,NaN,NaN,NaN,NaN,NaN,NaN
1,NaN,NaN,NaN,NaN,NaN,NaN,NaN,NaN
2,NaN,NaN,NaN,NaN,NaN,NaN,NaN,NaN
3,NaN,NaN,NaN,NaN,NaN,NaN,NaN,NaN
4,NaN,NaN,NaN,NaN,NaN,NaN,NaN,NaN
5,NaN,NaN,NaN,NaN,NaN,NaN,NaN,NaN
6,NaN,NaN,NaN,NaN,NaN,NaN,NaN,NaN
7,NaN,NaN,NaN,NaN,NaN,NaN,NaN,NaN
8,NaN,NaN,NaN,NaN,NaN,NaN,NaN,NaN
9,NaN,NaN,NaN,NaN,NaN,NaN,NaN,NaN
10,NaN,NaN,NaN,NaN,NaN,NaN,NaN,NaN
11,NaN,NaN,NaN,NaN,NaN,NaN,NaN,NaN
1,NaN,NaN,NaN,NaN,NaN,NaN,NaN,NaN
2,NaN,NaN,NaN,NaN,NaN,NaN,NaN,NaN
3,NaN,NaN,NaN,NaN,NaN,NaN,NaN,NaN
4,NaN,NaN,NaN,NaN,NaN,NaN,NaN,NaN
5,NaN,NaN,NaN,NaN,NaN,NaN,NaN,NaN
6,NaN,NaN,NaN,NaN,NaN,NaN,NaN,NaN
7,NaN,NaN,NaN,NaN,NaN,NaN,NaN,NaN
8,NaN,NaN,NaN,NaN,NaN,NaN,NaN,NaN
9,NaN,NaN,NaN,NaN,NaN,NaN,NaN,NaN
10,NaN,NaN,NaN,NaN,NaN,NaN,NaN,NaN
11,NaN,NaN,NaN,NaN,NaN,NaN,NaN,NaN
1,NaN,NaN,NaN,NaN,NaN,NaN,NaN,NaN
2,NaN,NaN,NaN,NaN,NaN,NaN,NaN,NaN
3,NaN,NaN,NaN,NaN,NaN,NaN,NaN,NaN
4,NaN,NaN,NaN,NaN,NaN,NaN,NaN,NaN
5,NaN,NaN,NaN,NaN,NaN,NaN,NaN,NaN
6,NaN,NaN,NaN,NaN,NaN,NaN,NaN,NaN
7,NaN,NaN,NaN,NaN,NaN,NaN,NaN,NaN
8,NaN,NaN,NaN,NaN,NaN,NaN,NaN,NaN
9,NaN,NaN,NaN,NaN,NaN,NaN,NaN,NaN
10,NaN,NaN,NaN,NaN,NaN,NaN,NaN,NaN
11,NaN,NaN,NaN,NaN,NaN,NaN,NaN,NaN
1,NaN,NaN,NaN,NaN,NaN,NaN,NaN,NaN
2,NaN,NaN,NaN,NaN,NaN,NaN,NaN,NaN
3,NaN,NaN,NaN,NaN,NaN,NaN,NaN,NaN
4,NaN,NaN,NaN,NaN,NaN,NaN,NaN,NaN
5,NaN,NaN,NaN,NaN,NaN,NaN,NaN,NaN
6,NaN,NaN,NaN,NaN,NaN,NaN,NaN,NaN
7,NaN,NaN,NaN,NaN,NaN,NaN,NaN,NaN
8,NaN,NaN,NaN,NaN,NaN,NaN,NaN,NaN
9,NaN,NaN,NaN,NaN,NaN,NaN,NaN,NaN
10,NaN,NaN,NaN,NaN,NaN,NaN,NaN,NaN
11,NaN,NaN,NaN,NaN,NaN,NaN,NaN,NaN
1,NaN,NaN,NaN,NaN,NaN,NaN,NaN,NaN
2,NaN,NaN,NaN,NaN,NaN,NaN,NaN,NaN
3,NaN,NaN,NaN,NaN,NaN,NaN,NaN,NaN
4,NaN,NaN,NaN,NaN,NaN,NaN,NaN,NaN
5,NaN,NaN,NaN,NaN,NaN,NaN,NaN,NaN
6,NaN,NaN,NaN,NaN,NaN,NaN,NaN,NaN
7,NaN,NaN,NaN,NaN,NaN,NaN,NaN,NaN
8,NaN,NaN,NaN,NaN,NaN,NaN,NaN,NaN
9,NaN,NaN,NaN,NaN,NaN,NaN,NaN,NaN
10,NaN,NaN,NaN,NaN,NaN,NaN,NaN,NaN
11,NaN,NaN,NaN,NaN,NaN,NaN,NaN,NaN
1,NaN,NaN,NaN,NaN,NaN,NaN,NaN,NaN
2,NaN,NaN,NaN,NaN,NaN,NaN,NaN,NaN
3,NaN,NaN,NaN,NaN,NaN,NaN,NaN,NaN
4,NaN,NaN,NaN,NaN,NaN,NaN,NaN,NaN
5,NaN,NaN,NaN,NaN,NaN,NaN,NaN,NaN
6,NaN,NaN,NaN,NaN,NaN,NaN,NaN,NaN
7,NaN,NaN,NaN,NaN,NaN,NaN,NaN,NaN
8,NaN,NaN,NaN,NaN,NaN,NaN,NaN,NaN
9,NaN,NaN,NaN,NaN,NaN,NaN,NaN,NaN
10,NaN,NaN,NaN,NaN,NaN,NaN,NaN,NaN
11,NaN,NaN,NaN,NaN,NaN,NaN,NaN,NaN
1,NaN,NaN,NaN,NaN,NaN,NaN,NaN,NaN
2,NaN,NaN,NaN,NaN,NaN,NaN,NaN,NaN
3,NaN,NaN,NaN,NaN,NaN,NaN,NaN,NaN
4,NaN,NaN,NaN,NaN,NaN,NaN,NaN,NaN
5,NaN,NaN,NaN,NaN,NaN,NaN,NaN,NaN
6,NaN,NaN,NaN,NaN,NaN,NaN,NaN,NaN
7,NaN,NaN,NaN,NaN,NaN,NaN,NaN,NaN
8,NaN,NaN,NaN,NaN,NaN,NaN,NaN,NaN
9,NaN,NaN,NaN,NaN,NaN,NaN,NaN,NaN
10,NaN,NaN,NaN,NaN,NaN,NaN,NaN,NaN
11,NaN,NaN,NaN,NaN,NaN,NaN,NaN,NaN
1,NaN,NaN,NaN,NaN,NaN,NaN,NaN,NaN
2,NaN,NaN,NaN,NaN,NaN,NaN,NaN,NaN
3,NaN,NaN,NaN,NaN,NaN,NaN,NaN,NaN
4,NaN,NaN,NaN,NaN,NaN,NaN,NaN,NaN
5,NaN,NaN,NaN,NaN,NaN,NaN,NaN,NaN
6,NaN,NaN,NaN,NaN,NaN,NaN,NaN,NaN
7,NaN,NaN,NaN,NaN,NaN,NaN,NaN,NaN
8,NaN,NaN,NaN,NaN,NaN,NaN,NaN,NaN
9,NaN,NaN,NaN,NaN,NaN,NaN,NaN,NaN
10,NaN,NaN,NaN,NaN,NaN,NaN,NaN,NaN
11,NaN,NaN,NaN,NaN,NaN,NaN,NaN,NaN
1,NaN,NaN,NaN,NaN,NaN,NaN,NaN,NaN
2,NaN,NaN,NaN,NaN,NaN,NaN,NaN,NaN
3,NaN,NaN,NaN,NaN,NaN,NaN,NaN,NaN
4,NaN,NaN,NaN,NaN,NaN,NaN,NaN,NaN
5,NaN,NaN,NaN,NaN,NaN,NaN,NaN,NaN
6,NaN,NaN,NaN,NaN,NaN,NaN,NaN,NaN
7,NaN,NaN,NaN,NaN,NaN,NaN,NaN,NaN
8,NaN,NaN,NaN,NaN,NaN,NaN,NaN,NaN
9,NaN,NaN,NaN,NaN,NaN,NaN,NaN,NaN
10,NaN,NaN,NaN,NaN,NaN,NaN,NaN,NaN
11,NaN,NaN,NaN,NaN,NaN,NaN,NaN,NaN
1,NaN,NaN,NaN,NaN,NaN,NaN,NaN,NaN
2,NaN,NaN,NaN,NaN,NaN,NaN,NaN,NaN
3,NaN,NaN,NaN,NaN,NaN,NaN,NaN,NaN
4,NaN,NaN,NaN,NaN,NaN,NaN,NaN,NaN
5,NaN,NaN,NaN,NaN,NaN,NaN,NaN,NaN
6,NaN,NaN,NaN,NaN,NaN,NaN,NaN,NaN
7,NaN,NaN,NaN,NaN,NaN,NaN,NaN,NaN
8,NaN,NaN,NaN,NaN,NaN,NaN,NaN,NaN
9,NaN,NaN,NaN,NaN,NaN,NaN,NaN,NaN
10,NaN,NaN,NaN,NaN,NaN,NaN,NaN,NaN
11,NaN,NaN,NaN,NaN,NaN,NaN,NaN,NaN
1,NaN,NaN,NaN,NaN,NaN,NaN,NaN,NaN
2,NaN,NaN,NaN,NaN,NaN,NaN,NaN,NaN
3,NaN,NaN,NaN,NaN,NaN,NaN,NaN,NaN
4,NaN,NaN,NaN,NaN,NaN,NaN,NaN,NaN
5,NaN,NaN,NaN,NaN,NaN,NaN,NaN,NaN
6,NaN,NaN,NaN,NaN,NaN,NaN,NaN,NaN
7,NaN,NaN,NaN,NaN,NaN,NaN,NaN,NaN
8,NaN,NaN,NaN,NaN,NaN,NaN,NaN,NaN
9,NaN,NaN,NaN,NaN,NaN,NaN,NaN,NaN
10,NaN,NaN,NaN,NaN,NaN,NaN,NaN,NaN
11,NaN,NaN,NaN,NaN,NaN,NaN,NaN,NaN
1,NaN,NaN,NaN,NaN,NaN,NaN,NaN,NaN
2,NaN,NaN,NaN,NaN,NaN,NaN,NaN,NaN
3,NaN,NaN,NaN,NaN,NaN,NaN,NaN,NaN
4,NaN,NaN,NaN,NaN,NaN,NaN,NaN,NaN
5,NaN,NaN,NaN,NaN,NaN,NaN,NaN,NaN
6,NaN,NaN,NaN,NaN,NaN,NaN,NaN,NaN
7,NaN,NaN,NaN,NaN,NaN,NaN,NaN,NaN
8,NaN,NaN,NaN,NaN,NaN,NaN,NaN,NaN
9,NaN,NaN,NaN,NaN,NaN,NaN,NaN,NaN
10,NaN,NaN,NaN,NaN,NaN,NaN,NaN,NaN
11,NaN,NaN,NaN,NaN,NaN,NaN,NaN,NaN
1,NaN,NaN,NaN,NaN,NaN,NaN,NaN,NaN
2,NaN,NaN,NaN,NaN,NaN,NaN,NaN,NaN
3,NaN,NaN,NaN,NaN,NaN,NaN,NaN,NaN
4,NaN,NaN,NaN,NaN,NaN,NaN,NaN,NaN
5,NaN,NaN,NaN,NaN,NaN,NaN,NaN,NaN
6,NaN,NaN,NaN,NaN,NaN,NaN,NaN,NaN
7,NaN,NaN,NaN,NaN,NaN,NaN,NaN,NaN
8,NaN,NaN,NaN,NaN,NaN,NaN,NaN,NaN
9,NaN,NaN,NaN,NaN,NaN,NaN,NaN,NaN
10,NaN,NaN,NaN,NaN,NaN,NaN,NaN,NaN
11,NaN,NaN,NaN,NaN,NaN,NaN,NaN,NaN
1,NaN,NaN,NaN,NaN,NaN,NaN,NaN,NaN
2,NaN,NaN,NaN,NaN,NaN,NaN,NaN,NaN
3,NaN,NaN,NaN,NaN,NaN,NaN,NaN,NaN
4,NaN,NaN,NaN,NaN,NaN,NaN,NaN,NaN
5,NaN,NaN,NaN,NaN,NaN,NaN,NaN,NaN
6,NaN,NaN,NaN,NaN,NaN,NaN,NaN,NaN
7,NaN,NaN,NaN,NaN,NaN,NaN,NaN,NaN
8,NaN,NaN,NaN,NaN,NaN,NaN,NaN,NaN
9,NaN,NaN,NaN,NaN,NaN,NaN,NaN,NaN
10,NaN,NaN,NaN,NaN,NaN,NaN,NaN,NaN
11,NaN,NaN,NaN,NaN,NaN,NaN,NaN,NaN
1,NaN,NaN,NaN,NaN,NaN,NaN,NaN,NaN
2,NaN,NaN,NaN,NaN,NaN,NaN,NaN,NaN
3,NaN,NaN,NaN,NaN,NaN,NaN,NaN,NaN
4,NaN,NaN,NaN,NaN,NaN,NaN,NaN,NaN
5,NaN,NaN,NaN,NaN,NaN,NaN,NaN,NaN
6,NaN,NaN,NaN,NaN,NaN,NaN,NaN,NaN
7,NaN,NaN,NaN,NaN,NaN,NaN,NaN,NaN
8,NaN,NaN,NaN,NaN,NaN,NaN,NaN,NaN
9,NaN,NaN,NaN,NaN,NaN,NaN,NaN,NaN
10,NaN,NaN,NaN,NaN,NaN,NaN,NaN,NaN
11,NaN,NaN,NaN,NaN,NaN,NaN,NaN,NaN
1,NaN,NaN,NaN,NaN,NaN,NaN,NaN,NaN
2,NaN,NaN,NaN,NaN,NaN,NaN,NaN,NaN
3,NaN,NaN,NaN,NaN,NaN,NaN,NaN,NaN
4,NaN,NaN,NaN,NaN,NaN,NaN,NaN,NaN
5,NaN,NaN,NaN,NaN,NaN,NaN,NaN,NaN
6,NaN,NaN,NaN,NaN,NaN,NaN,NaN,NaN
7,NaN,NaN,NaN,NaN,NaN,NaN,NaN,NaN
8,NaN,NaN,NaN,NaN,NaN,NaN,NaN,NaN
9,NaN,NaN,NaN,NaN,NaN,NaN,NaN,NaN
10,NaN,NaN,NaN,NaN,NaN,NaN,NaN,NaN
11,NaN,NaN,NaN,NaN,NaN,NaN,NaN,NaN
1,NaN,NaN,NaN,NaN,NaN,NaN,NaN,NaN
2,NaN,NaN,NaN,NaN,NaN,NaN,NaN,NaN
3,NaN,NaN,NaN,NaN,NaN,NaN,NaN,NaN
4,NaN,NaN,NaN,NaN,NaN,NaN,NaN,NaN
5,NaN,NaN,NaN,NaN,NaN,NaN,NaN,NaN
6,NaN,NaN,NaN,NaN,NaN,NaN,NaN,NaN
7,NaN,NaN,NaN,NaN,NaN,NaN,NaN,NaN
8,NaN,NaN,NaN,NaN,NaN,NaN,NaN,NaN
9,NaN,NaN,NaN,NaN,NaN,NaN,NaN,NaN
10,NaN,NaN,NaN,NaN,NaN,NaN,NaN,NaN
11,NaN,NaN,NaN,NaN,NaN,NaN,NaN,NaN
1,NaN,NaN,NaN,NaN,NaN,NaN,NaN,NaN
2,NaN,NaN,NaN,NaN,NaN,NaN,NaN,NaN
3,NaN,NaN,NaN,NaN,NaN,NaN,NaN,NaN
4,NaN,NaN,NaN,NaN,NaN,NaN,NaN,NaN
5,NaN,NaN,NaN,NaN,NaN,NaN,NaN,NaN
6,NaN,NaN,NaN,NaN,NaN,NaN,NaN,NaN
7,NaN,NaN,NaN,NaN,NaN,NaN,NaN,NaN
8,NaN,NaN,NaN,NaN,NaN,NaN,NaN,NaN
9,NaN,NaN,NaN,NaN,NaN,NaN,NaN,NaN
10,NaN,NaN,NaN,NaN,NaN,NaN,NaN,NaN
11,NaN,NaN,NaN,NaN,NaN,NaN,NaN,NaN
1,NaN,NaN,NaN,NaN,NaN,NaN,NaN,NaN
2,NaN,NaN,NaN,NaN,NaN,NaN,NaN,NaN
3,NaN,NaN,NaN,NaN,NaN,NaN,NaN,NaN
4,NaN,NaN,NaN,NaN,NaN,NaN,NaN,NaN
5,NaN,NaN,NaN,NaN,NaN,NaN,NaN,NaN
6,NaN,NaN,NaN,NaN,NaN,NaN,NaN,NaN
7,NaN,NaN,NaN,NaN,NaN,NaN,NaN,NaN
8,NaN,NaN,NaN,NaN,NaN,NaN,NaN,NaN
9,NaN,NaN,NaN,NaN,NaN,NaN,NaN,NaN
10,NaN,NaN,NaN,NaN,NaN,NaN,NaN,NaN
11,NaN,NaN,NaN,NaN,NaN,NaN,NaN,NaN
1,NaN,NaN,NaN,NaN,NaN,NaN,NaN,NaN
2,NaN,NaN,NaN,NaN,NaN,NaN,NaN,NaN
3,NaN,NaN,NaN,NaN,NaN,NaN,NaN,NaN
4,NaN,NaN,NaN,NaN,NaN,NaN,NaN,NaN
5,NaN,NaN,NaN,NaN,NaN,NaN,NaN,NaN
6,NaN,NaN,NaN,NaN,NaN,NaN,NaN,NaN
7,NaN,NaN,NaN,NaN,NaN,NaN,NaN,NaN
8,NaN,NaN,NaN,NaN,NaN,NaN,NaN,NaN
9,NaN,NaN,NaN,NaN,NaN,NaN,NaN,NaN
10,NaN,NaN,NaN,NaN,NaN,NaN,NaN,NaN
11,NaN,NaN,NaN,NaN,NaN,NaN,NaN,NaN
1,NaN,NaN,NaN,NaN,NaN,NaN,NaN,NaN
2,NaN,NaN,NaN,NaN,NaN,NaN,NaN,NaN
3,NaN,NaN,NaN,NaN,NaN,NaN,NaN,NaN
4,NaN,NaN,NaN,NaN,NaN,NaN,NaN,NaN
5,NaN,NaN,NaN,NaN,NaN,NaN,NaN,NaN
6,NaN,NaN,NaN,NaN,NaN,NaN,NaN,NaN
7,NaN,NaN,NaN,NaN,NaN,NaN,NaN,NaN
8,NaN,NaN,NaN,NaN,NaN,NaN,NaN,NaN
9,NaN,NaN,NaN,NaN,NaN,NaN,NaN,NaN
10,NaN,NaN,NaN,NaN,NaN,NaN,NaN,NaN
11,NaN,NaN,NaN,NaN,NaN,NaN,NaN,NaN
1,NaN,NaN,NaN,NaN,NaN,NaN,NaN,NaN
2,NaN,NaN,NaN,NaN,NaN,NaN,NaN,NaN
3,NaN,NaN,NaN,NaN,NaN,NaN,NaN,NaN
4,NaN,NaN,NaN,NaN,NaN,NaN,NaN,NaN
5,NaN,NaN,NaN,NaN,NaN,NaN,NaN,NaN
6,NaN,NaN,NaN,NaN,NaN,NaN,NaN,NaN
7,NaN,NaN,NaN,NaN,NaN,NaN,NaN,NaN
8,NaN,NaN,NaN,NaN,NaN,NaN,NaN,NaN
9,NaN,NaN,NaN,NaN,NaN,NaN,NaN,NaN
10,NaN,NaN,NaN,NaN,NaN,NaN,NaN,NaN
11,NaN,NaN,NaN,NaN,NaN,NaN,NaN,NaN
1,NaN,NaN,NaN,NaN,NaN,NaN,NaN,NaN
2,NaN,NaN,NaN,NaN,NaN,NaN,NaN,NaN
3,NaN,NaN,NaN,NaN,NaN,NaN,NaN,NaN
4,NaN,NaN,NaN,NaN,NaN,NaN,NaN,NaN
5,NaN,NaN,NaN,NaN,NaN,NaN,NaN,NaN
6,NaN,NaN,NaN,NaN,NaN,NaN,NaN,NaN
7,NaN,NaN,NaN,NaN,NaN,NaN,NaN,NaN
8,NaN,NaN,NaN,NaN,NaN,NaN,NaN,NaN
9,NaN,NaN,NaN,NaN,NaN,NaN,NaN,NaN
10,NaN,NaN,NaN,NaN,NaN,NaN,NaN,NaN
11,NaN,NaN,NaN,NaN,NaN,NaN,NaN,NaN
1,NaN,NaN,NaN,NaN,NaN,NaN,NaN,NaN
2,NaN,NaN,NaN,NaN,NaN,NaN,NaN,NaN
3,NaN,NaN,NaN,NaN,NaN,NaN,NaN,NaN
4,NaN,NaN,NaN,NaN,NaN,NaN,NaN,NaN
5,NaN,NaN,NaN,NaN,NaN,NaN,NaN,NaN
6,NaN,NaN,NaN,NaN,NaN,NaN,NaN,NaN
7,NaN,NaN,NaN,NaN,NaN,NaN,NaN,NaN
8,NaN,NaN,NaN,NaN,NaN,NaN,NaN,NaN
9,NaN,NaN,NaN,NaN,NaN,NaN,NaN,NaN
10,NaN,NaN,NaN,NaN,NaN,NaN,NaN,NaN
11,NaN,NaN,NaN,NaN,NaN,NaN,NaN,NaN
1,NaN,NaN,NaN,NaN,NaN,NaN,NaN,NaN
2,NaN,NaN,NaN,NaN,NaN,NaN,NaN,NaN
3,NaN,NaN,NaN,NaN,NaN,NaN,NaN,NaN
4,NaN,NaN,NaN,NaN,NaN,NaN,NaN,NaN
5,NaN,NaN,NaN,NaN,NaN,NaN,NaN,NaN
6,NaN,NaN,NaN,NaN,NaN,NaN,NaN,NaN
7,NaN,NaN,NaN,NaN,NaN,NaN,NaN,NaN
8,NaN,NaN,NaN,NaN,NaN,NaN,NaN,NaN
9,NaN,NaN,NaN,NaN,NaN,NaN,NaN,NaN
10,NaN,NaN,NaN,NaN,NaN,NaN,NaN,NaN
11,NaN,NaN,NaN,NaN,NaN,NaN,NaN,NaN
1,NaN,NaN,NaN,NaN,NaN,NaN,NaN,NaN
2,NaN,NaN,NaN,NaN,NaN,NaN,NaN,NaN
3,NaN,NaN,NaN,NaN,NaN,NaN,NaN,NaN
4,NaN,NaN,NaN,NaN,NaN,NaN,NaN,NaN
5,NaN,NaN,NaN,NaN,NaN,NaN,NaN,NaN
6,NaN,NaN,NaN,NaN,NaN,NaN,NaN,NaN
7,NaN,NaN,NaN,NaN,NaN,NaN,NaN,NaN
8,NaN,NaN,NaN,NaN,NaN,NaN,NaN,NaN
9,NaN,NaN,NaN,NaN,NaN,NaN,NaN,NaN
10,NaN,NaN,NaN,NaN,NaN,NaN,NaN,NaN
11,NaN,NaN,NaN,NaN,NaN,NaN,NaN,NaN
1,NaN,NaN,NaN,NaN,NaN,NaN,NaN,NaN
2,NaN,NaN,NaN,NaN,NaN,NaN,NaN,NaN
3,NaN,NaN,NaN,NaN,NaN,NaN,NaN,NaN
4,NaN,NaN,NaN,NaN,NaN,NaN,NaN,NaN
5,NaN,NaN,NaN,NaN,NaN,NaN,NaN,NaN
6,NaN,NaN,NaN,NaN,NaN,NaN,NaN,NaN
7,NaN,NaN,NaN,NaN,NaN,NaN,NaN,NaN
8,NaN,NaN,NaN,NaN,NaN,NaN,NaN,NaN
9,NaN,NaN,NaN,NaN,NaN,NaN,NaN,NaN
10,NaN,NaN,NaN,NaN,NaN,NaN,NaN,NaN
11,NaN,NaN,NaN,NaN,NaN,NaN,NaN,NaN
1,NaN,NaN,NaN,NaN,NaN,NaN,NaN,NaN
2,NaN,NaN,NaN,NaN,NaN,NaN,NaN,NaN
3,NaN,NaN,NaN,NaN,NaN,NaN,NaN,NaN
4,NaN,NaN,NaN,NaN,NaN,NaN,NaN,NaN
5,NaN,NaN,NaN,NaN,NaN,NaN,NaN,NaN
6,NaN,NaN,NaN,NaN,NaN,NaN,NaN,NaN
7,NaN,NaN,NaN,NaN,NaN,NaN,NaN,NaN
8,NaN,NaN,NaN,NaN,NaN,NaN,NaN,NaN
9,NaN,NaN,NaN,NaN,NaN,NaN,NaN,NaN
10,NaN,NaN,NaN,NaN,NaN,NaN,NaN,NaN
11,NaN,NaN,NaN,NaN,NaN,NaN,NaN,NaN
1,NaN,NaN,NaN,NaN,NaN,NaN,NaN,NaN
2,NaN,NaN,NaN,NaN,NaN,NaN,NaN,NaN
3,NaN,NaN,NaN,NaN,NaN,NaN,NaN,NaN
4,NaN,NaN,NaN,NaN,NaN,NaN,NaN,NaN
5,NaN,NaN,NaN,NaN,NaN,NaN,NaN,NaN
6,NaN,NaN,NaN,NaN,NaN,NaN,NaN,NaN
7,NaN,NaN,NaN,NaN,NaN,NaN,NaN,NaN
8,NaN,NaN,NaN,NaN,NaN,NaN,NaN,NaN
9,NaN,NaN,NaN,NaN,NaN,NaN,NaN,NaN
10,NaN,NaN,NaN,NaN,NaN,NaN,NaN,NaN
11,NaN,NaN,NaN,NaN,NaN,NaN,NaN,NaN
1,NaN,NaN,NaN,NaN,NaN,NaN,NaN,NaN
2,NaN,NaN,NaN,NaN,NaN,NaN,NaN,NaN
3,NaN,NaN,NaN,NaN,NaN,NaN,NaN,NaN
4,NaN,NaN,NaN,NaN,NaN,NaN,NaN,NaN
5,NaN,NaN,NaN,NaN,NaN,NaN,NaN,NaN
6,NaN,NaN,NaN,NaN,NaN,NaN,NaN,NaN
7,NaN,NaN,NaN,NaN,NaN,NaN,NaN,NaN
8,NaN,NaN,NaN,NaN,NaN,NaN,NaN,NaN
9,NaN,NaN,NaN,NaN,NaN,NaN,NaN,NaN
10,NaN,NaN,NaN,NaN,NaN,NaN,NaN,NaN
11,NaN,NaN,NaN,NaN,NaN,NaN,NaN,NaN
1,NaN,NaN,NaN,NaN,NaN,NaN,NaN,NaN
2,NaN,NaN,NaN,NaN,NaN,NaN,NaN,NaN
3,NaN,NaN,NaN,NaN,NaN,NaN,NaN,NaN
4,NaN,NaN,NaN,NaN,NaN,NaN,NaN,NaN
5,NaN,NaN,NaN,NaN,NaN,NaN,NaN,NaN
6,NaN,NaN,NaN,NaN,NaN,NaN,NaN,NaN
7,NaN,NaN,NaN,NaN,NaN,NaN,NaN,NaN
8,NaN,NaN,NaN,NaN,NaN,NaN,NaN,NaN
9,NaN,NaN,NaN,NaN,NaN,NaN,NaN,NaN
10,NaN,NaN,NaN,NaN,NaN,NaN,NaN,NaN
11,NaN,NaN,NaN,NaN,NaN,NaN,NaN,NaN
1,NaN,NaN,NaN,NaN,NaN,NaN,NaN,NaN
2,NaN,NaN,NaN,NaN,NaN,NaN,NaN,NaN
3,NaN,NaN,NaN,NaN,NaN,NaN,NaN,NaN
4,NaN,NaN,NaN,NaN,NaN,NaN,NaN,NaN
5,NaN,NaN,NaN,NaN,NaN,NaN,NaN,NaN
6,NaN,NaN,NaN,NaN,NaN,NaN,NaN,NaN
7,NaN,NaN,NaN,NaN,NaN,NaN,NaN,NaN
8,NaN,NaN,NaN,NaN,NaN,NaN,NaN,NaN
9,NaN,NaN,NaN,NaN,NaN,NaN,NaN,NaN
10,NaN,NaN,NaN,NaN,NaN,NaN,NaN,NaN
11,NaN,NaN,NaN,NaN,NaN,NaN,NaN,NaN
1,NaN,NaN,NaN,NaN,NaN,NaN,NaN,NaN
2,NaN,NaN,NaN,NaN,NaN,NaN,NaN,NaN
3,NaN,NaN,NaN,NaN,NaN,NaN,NaN,NaN
4,NaN,NaN,NaN,NaN,NaN,NaN,NaN,NaN
5,NaN,NaN,NaN,NaN,NaN,NaN,NaN,NaN
6,NaN,NaN,NaN,NaN,NaN,NaN,NaN,NaN
7,NaN,NaN,NaN,NaN,NaN,NaN,NaN,NaN
8,NaN,NaN,NaN,NaN,NaN,NaN,NaN,NaN
9,NaN,NaN,NaN,NaN,NaN,NaN,NaN,NaN
10,NaN,NaN,NaN,NaN,NaN,NaN,NaN,NaN
11,NaN,NaN,NaN,NaN,NaN,NaN,NaN,NaN
1,NaN,NaN,NaN,NaN,NaN,NaN,NaN,NaN
2,NaN,NaN,NaN,NaN,NaN,NaN,NaN,NaN
3,NaN,NaN,NaN,NaN,NaN,NaN,NaN,NaN
4,NaN,NaN,NaN,NaN,NaN,NaN,NaN,NaN
5,NaN,NaN,NaN,NaN,NaN,NaN,NaN,NaN
6,NaN,NaN,NaN,NaN,NaN,NaN,NaN,NaN
7,NaN,NaN,NaN,NaN,NaN,NaN,NaN,NaN
8,NaN,NaN,NaN,NaN,NaN,NaN,NaN,NaN
9,NaN,NaN,NaN,NaN,NaN,NaN,NaN,NaN
10,NaN,NaN,NaN,NaN,NaN,NaN,NaN,NaN
11,NaN,NaN,NaN,NaN,NaN,NaN,NaN,NaN
1,NaN,NaN,NaN,NaN,NaN,NaN,NaN,NaN
2,NaN,NaN,NaN,NaN,NaN,NaN,NaN,NaN
3,NaN,NaN,NaN,NaN,NaN,NaN,NaN,NaN
4,NaN,NaN,NaN,NaN,NaN,NaN,NaN,NaN
5,NaN,NaN,NaN,NaN,NaN,NaN,NaN,NaN
6,NaN,NaN,NaN,NaN,NaN,NaN,NaN,NaN
7,NaN,NaN,NaN,NaN,NaN,NaN,NaN,NaN
8,NaN,NaN,NaN,NaN,NaN,NaN,NaN,NaN
9,NaN,NaN,NaN,NaN,NaN,NaN,NaN,NaN
10,NaN,NaN,NaN,NaN,NaN,NaN,NaN,NaN
11,NaN,NaN,NaN,NaN,NaN,NaN,NaN,NaN
1,NaN,NaN,NaN,NaN,NaN,NaN,NaN,NaN
2,NaN,NaN,NaN,NaN,NaN,NaN,NaN,NaN
3,NaN,NaN,NaN,NaN,NaN,NaN,NaN,NaN
4,NaN,NaN,NaN,NaN,NaN,NaN,NaN,NaN
5,NaN,NaN,NaN,NaN,NaN,NaN,NaN,NaN
6,NaN,NaN,NaN,NaN,NaN,NaN,NaN,NaN
7,NaN,NaN,NaN,NaN,NaN,NaN,NaN,NaN
8,NaN,NaN,NaN,NaN,NaN,NaN,NaN,NaN
9,NaN,NaN,NaN,NaN,NaN,NaN,NaN,NaN
10,NaN,NaN,NaN,NaN,NaN,NaN,NaN,NaN
11,NaN,NaN,NaN,NaN,NaN,NaN,NaN,NaN
1,NaN,NaN,NaN,NaN,NaN,NaN,NaN,NaN
2,NaN,NaN,NaN,NaN,NaN,NaN,NaN,NaN
3,NaN,NaN,NaN,NaN,NaN,NaN,NaN,NaN
4,NaN,NaN,NaN,NaN,NaN,NaN,NaN,NaN
5,NaN,NaN,NaN,NaN,NaN,NaN,NaN,NaN
6,NaN,NaN,NaN,NaN,NaN,NaN,NaN,NaN
7,NaN,NaN,NaN,NaN,NaN,NaN,NaN,NaN
8,NaN,NaN,NaN,NaN,NaN,NaN,NaN,NaN
9,NaN,NaN,NaN,NaN,NaN,NaN,NaN,NaN
10,NaN,NaN,NaN,NaN,NaN,NaN,NaN,NaN
11,NaN,NaN,NaN,NaN,NaN,NaN,NaN,NaN
1,NaN,NaN,NaN,NaN,NaN,NaN,NaN,NaN
2,NaN,NaN,NaN,NaN,NaN,NaN,NaN,NaN
3,NaN,NaN,NaN,NaN,NaN,NaN,NaN,NaN
4,NaN,NaN,NaN,NaN,NaN,NaN,NaN,NaN
5,NaN,NaN,NaN,NaN,NaN,NaN,NaN,NaN
6,NaN,NaN,NaN,NaN,NaN,NaN,NaN,NaN
7,NaN,NaN,NaN,NaN,NaN,NaN,NaN,NaN
8,NaN,NaN,NaN,NaN,NaN,NaN,NaN,NaN
9,NaN,NaN,NaN,NaN,NaN,NaN,NaN,NaN
10,NaN,NaN,NaN,NaN,NaN,NaN,NaN,NaN
11,NaN,NaN,NaN,NaN,NaN,NaN,NaN,NaN
1,NaN,NaN,NaN,NaN,NaN,NaN,NaN,NaN
2,NaN,NaN,NaN,NaN,NaN,NaN,NaN,NaN
3,NaN,NaN,NaN,NaN,NaN,NaN,NaN,NaN
4,NaN,NaN,NaN,NaN,NaN,NaN,NaN,NaN
5,NaN,NaN,NaN,NaN,NaN,NaN,NaN,NaN
6,NaN,NaN,NaN,NaN,NaN,NaN,NaN,NaN
7,NaN,NaN,NaN,NaN,NaN,NaN,NaN,NaN
8,NaN,NaN,NaN,NaN,NaN,NaN,NaN,NaN
9,NaN,NaN,NaN,NaN,NaN,NaN,NaN,NaN
10,NaN,NaN,NaN,NaN,NaN,NaN,NaN,NaN
11,NaN,NaN,NaN,NaN,NaN,NaN,NaN,NaN
1,NaN,NaN,NaN,NaN,NaN,NaN,NaN,NaN
2,NaN,NaN,NaN,NaN,NaN,NaN,NaN,NaN
3,NaN,NaN,NaN,NaN,NaN,NaN,NaN,NaN
4,NaN,NaN,NaN,NaN,NaN,NaN,NaN,NaN
5,NaN,NaN,NaN,NaN,NaN,NaN,NaN,NaN
6,NaN,NaN,NaN,NaN,NaN,NaN,NaN,NaN
7,NaN,NaN,NaN,NaN,NaN,NaN,NaN,NaN
8,NaN,NaN,NaN,NaN,NaN,NaN,NaN,NaN
9,NaN,NaN,NaN,NaN,NaN,NaN,NaN,NaN
10,NaN,NaN,NaN,NaN,NaN,NaN,NaN,NaN
11,NaN,NaN,NaN,NaN,NaN,NaN,NaN,NaN
1,NaN,NaN,NaN,NaN,NaN,NaN,NaN,NaN
2,NaN,NaN,NaN,NaN,NaN,NaN,NaN,NaN
3,NaN,NaN,NaN,NaN,NaN,NaN,NaN,NaN
4,NaN,NaN,NaN,NaN,NaN,NaN,NaN,NaN
5,NaN,NaN,NaN,NaN,NaN,NaN,NaN,NaN
6,NaN,NaN,NaN,NaN,NaN,NaN,NaN,NaN
7,NaN,NaN,NaN,NaN,NaN,NaN,NaN,NaN
8,NaN,NaN,NaN,NaN,NaN,NaN,NaN,NaN
9,NaN,NaN,NaN,NaN,NaN,NaN,NaN,NaN
10,NaN,NaN,NaN,NaN,NaN,NaN,NaN,NaN
11,NaN,NaN,NaN,NaN,NaN,NaN,NaN,NaN
1,NaN,NaN,NaN,NaN,NaN,NaN,NaN,NaN
2,NaN,NaN,NaN,NaN,NaN,NaN,NaN,NaN
3,NaN,NaN,NaN,NaN,NaN,NaN,NaN,NaN
4,NaN,NaN,NaN,NaN,NaN,NaN,NaN,NaN
5,NaN,NaN,NaN,NaN,NaN,NaN,NaN,NaN
6,NaN,NaN,NaN,NaN,NaN,NaN,NaN,NaN
7,NaN,NaN,NaN,NaN,NaN,NaN,NaN,NaN
8,NaN,NaN,NaN,NaN,NaN,NaN,NaN,NaN
9,NaN,NaN,NaN,NaN,NaN,NaN,NaN,NaN
10,NaN,NaN,NaN,NaN,NaN,NaN,NaN,NaN
11,NaN,NaN,NaN,NaN,NaN,NaN,NaN,NaN
1,NaN,NaN,NaN,NaN,NaN,NaN,NaN,NaN
2,NaN,NaN,NaN,NaN,NaN,NaN,NaN,NaN
3,NaN,NaN,NaN,NaN,NaN,NaN,NaN,NaN
4,NaN,NaN,NaN,NaN,NaN,NaN,NaN,NaN
5,NaN,NaN,NaN,NaN,NaN,NaN,NaN,NaN
6,NaN,NaN,NaN,NaN,NaN,NaN,NaN,NaN
7,NaN,NaN,NaN,NaN,NaN,NaN,NaN,NaN
8,NaN,NaN,NaN,NaN,NaN,NaN,NaN,NaN
9,NaN,NaN,NaN,NaN,NaN,NaN,NaN,NaN
10,NaN,NaN,NaN,NaN,NaN,NaN,NaN,NaN
11,NaN,NaN,NaN,NaN,NaN,NaN,NaN,NaN
1,NaN,NaN,NaN,NaN,NaN,NaN,NaN,NaN
2,NaN,NaN,NaN,NaN,NaN,NaN,NaN,NaN
3,NaN,NaN,NaN,NaN,NaN,NaN,NaN,NaN
4,NaN,NaN,NaN,NaN,NaN,NaN,NaN,NaN
5,NaN,NaN,NaN,NaN,NaN,NaN,NaN,NaN
6,NaN,NaN,NaN,NaN,NaN,NaN,NaN,NaN
7,NaN,NaN,NaN,NaN,NaN,NaN,NaN,NaN
8,NaN,NaN,NaN,NaN,NaN,NaN,NaN,NaN
9,NaN,NaN,NaN,NaN,NaN,NaN,NaN,NaN
10,NaN,NaN,NaN,NaN,NaN,NaN,NaN,NaN
11,NaN,NaN,NaN,NaN,NaN,NaN,NaN,NaN
1,NaN,NaN,NaN,NaN,NaN,NaN,NaN,NaN
2,NaN,NaN,NaN,NaN,NaN,NaN,NaN,NaN
3,NaN,NaN,NaN,NaN,NaN,NaN,NaN,NaN
4,NaN,NaN,NaN,NaN,NaN,NaN,NaN,NaN
5,NaN,NaN,NaN,NaN,NaN,NaN,NaN,NaN
6,NaN,NaN,NaN,NaN,NaN,NaN,NaN,NaN
7,NaN,NaN,NaN,NaN,NaN,NaN,NaN,NaN
8,NaN,NaN,NaN,NaN,NaN,NaN,NaN,NaN
9,NaN,NaN,NaN,NaN,NaN,NaN,NaN,NaN
10,NaN,NaN,NaN,NaN,NaN,NaN,NaN,NaN
11,NaN,NaN,NaN,NaN,NaN,NaN,NaN,NaN
1,NaN,NaN,NaN,NaN,NaN,NaN,NaN,NaN
2,NaN,NaN,NaN,NaN,NaN,NaN,NaN,NaN
3,NaN,NaN,NaN,NaN,NaN,NaN,NaN,NaN
4,NaN,NaN,NaN,NaN,NaN,NaN,NaN,NaN
5,NaN,NaN,NaN,NaN,NaN,NaN,NaN,NaN
6,NaN,NaN,NaN,NaN,NaN,NaN,NaN,NaN
7,NaN,NaN,NaN,NaN,NaN,NaN,NaN,NaN
8,NaN,NaN,NaN,NaN,NaN,NaN,NaN,NaN
9,NaN,NaN,NaN,NaN,NaN,NaN,NaN,NaN
10,NaN,NaN,NaN,NaN,NaN,NaN,NaN,NaN
11,NaN,NaN,NaN,NaN,NaN,NaN,NaN,NaN
1,NaN,NaN,NaN,NaN,NaN,NaN,NaN,NaN
2,NaN,NaN,NaN,NaN,NaN,NaN,NaN,NaN
3,NaN,NaN,NaN,NaN,NaN,NaN,NaN,NaN
4,NaN,NaN,NaN,NaN,NaN,NaN,NaN,NaN
5,NaN,NaN,NaN,NaN,NaN,NaN,NaN,NaN
6,NaN,NaN,NaN,NaN,NaN,NaN,NaN,NaN
7,NaN,NaN,NaN,NaN,NaN,NaN,NaN,NaN
8,NaN,NaN,NaN,NaN,NaN,NaN,NaN,NaN
9,NaN,NaN,NaN,NaN,NaN,NaN,NaN,NaN
10,NaN,NaN,NaN,NaN,NaN,NaN,NaN,NaN
11,NaN,NaN,NaN,NaN,NaN,NaN,NaN,NaN
1,NaN,NaN,NaN,NaN,NaN,NaN,NaN,NaN
2,NaN,NaN,NaN,NaN,NaN,NaN,NaN,NaN
3,NaN,NaN,NaN,NaN,NaN,NaN,NaN,NaN
4,NaN,NaN,NaN,NaN,NaN,NaN,NaN,NaN
5,NaN,NaN,NaN,NaN,NaN,NaN,NaN,NaN
6,NaN,NaN,NaN,NaN,NaN,NaN,NaN,NaN
7,NaN,NaN,NaN,NaN,NaN,NaN,NaN,NaN
8,NaN,NaN,NaN,NaN,NaN,NaN,NaN,NaN
9,NaN,NaN,NaN,NaN,NaN,NaN,NaN,NaN
10,NaN,NaN,NaN,NaN,NaN,NaN,NaN,NaN
11,NaN,NaN,NaN,NaN,NaN,NaN,NaN,NaN
1,NaN,NaN,NaN,NaN,NaN,NaN,NaN,NaN
2,NaN,NaN,NaN,NaN,NaN,NaN,NaN,NaN
3,NaN,NaN,NaN,NaN,NaN,NaN,NaN,NaN
4,NaN,NaN,NaN,NaN,NaN,NaN,NaN,NaN
5,NaN,NaN,NaN,NaN,NaN,NaN,NaN,NaN
6,NaN,NaN,NaN,NaN,NaN,NaN,NaN,NaN
7,NaN,NaN,NaN,NaN,NaN,NaN,NaN,NaN
8,NaN,NaN,NaN,NaN,NaN,NaN,NaN,NaN
9,NaN,NaN,NaN,NaN,NaN,NaN,NaN,NaN
10,NaN,NaN,NaN,NaN,NaN,NaN,NaN,NaN
11,NaN,NaN,NaN,NaN,NaN,NaN,NaN,NaN
1,NaN,NaN,NaN,NaN,NaN,NaN,NaN,NaN
2,NaN,NaN,NaN,NaN,NaN,NaN,NaN,NaN
3,NaN,NaN,NaN,NaN,NaN,NaN,NaN,NaN
4,NaN,NaN,NaN,NaN,NaN,NaN,NaN,NaN
5,NaN,NaN,NaN,NaN,NaN,NaN,NaN,NaN
6,NaN,NaN,NaN,NaN,NaN,NaN,NaN,NaN
7,NaN,NaN,NaN,NaN,NaN,NaN,NaN,NaN
8,NaN,NaN,NaN,NaN,NaN,NaN,NaN,NaN
9,NaN,NaN,NaN,NaN,NaN,NaN,NaN,NaN
10,NaN,NaN,NaN,NaN,NaN,NaN,NaN,NaN
11,NaN,NaN,NaN,NaN,NaN,NaN,NaN,NaN
1,NaN,NaN,NaN,NaN,NaN,NaN,NaN,NaN
2,NaN,NaN,NaN,NaN,NaN,NaN,NaN,NaN
3,NaN,NaN,NaN,NaN,NaN,NaN,NaN,NaN
4,NaN,NaN,NaN,NaN,NaN,NaN,NaN,NaN
5,NaN,NaN,NaN,NaN,NaN,NaN,NaN,NaN
6,NaN,NaN,NaN,NaN,NaN,NaN,NaN,NaN
7,NaN,NaN,NaN,NaN,NaN,NaN,NaN,NaN
8,NaN,NaN,NaN,NaN,NaN,NaN,NaN,NaN
9,NaN,NaN,NaN,NaN,NaN,NaN,NaN,NaN
10,NaN,NaN,NaN,NaN,NaN,NaN,NaN,NaN
11,NaN,NaN,NaN,NaN,NaN,NaN,NaN,NaN
1,NaN,NaN,NaN,NaN,NaN,NaN,NaN,NaN
2,NaN,NaN,NaN,NaN,NaN,NaN,NaN,NaN
3,NaN,NaN,NaN,NaN,NaN,NaN,NaN,NaN
4,NaN,NaN,NaN,NaN,NaN,NaN,NaN,NaN
5,NaN,NaN,NaN,NaN,NaN,NaN,NaN,NaN
6,NaN,NaN,NaN,NaN,NaN,NaN,NaN,NaN
7,NaN,NaN,NaN,NaN,NaN,NaN,NaN,NaN
8,NaN,NaN,NaN,NaN,NaN,NaN,NaN,NaN
9,NaN,NaN,NaN,NaN,NaN,NaN,NaN,NaN
10,NaN,NaN,NaN,NaN,NaN,NaN,NaN,NaN
11,NaN,NaN,NaN,NaN,NaN,NaN,NaN,NaN
1,NaN,NaN,NaN,NaN,NaN,NaN,NaN,NaN
2,NaN,NaN,NaN,NaN,NaN,NaN,NaN,NaN
3,NaN,NaN,NaN,NaN,NaN,NaN,NaN,NaN
4,NaN,NaN,NaN,NaN,NaN,NaN,NaN,NaN
5,NaN,NaN,NaN,NaN,NaN,NaN,NaN,NaN
6,NaN,NaN,NaN,NaN,NaN,NaN,NaN,NaN
7,NaN,NaN,NaN,NaN,NaN,NaN,NaN,NaN
8,NaN,NaN,NaN,NaN,NaN,NaN,NaN,NaN
9,NaN,NaN,NaN,NaN,NaN,NaN,NaN,NaN
10,NaN,NaN,NaN,NaN,NaN,NaN,NaN,NaN
11,NaN,NaN,NaN,NaN,NaN,NaN,NaN,NaN
1,NaN,NaN,NaN,NaN,NaN,NaN,NaN,NaN
2,NaN,NaN,NaN,NaN,NaN,NaN,NaN,NaN
3,NaN,NaN,NaN,NaN,NaN,NaN,NaN,NaN
4,NaN,NaN,NaN,NaN,NaN,NaN,NaN,NaN
5,NaN,NaN,NaN,NaN,NaN,NaN,NaN,NaN
6,NaN,NaN,NaN,NaN,NaN,NaN,NaN,NaN
7,NaN,NaN,NaN,NaN,NaN,NaN,NaN,NaN
8,NaN,NaN,NaN,NaN,NaN,NaN,NaN,NaN
9,NaN,NaN,NaN,NaN,NaN,NaN,NaN,NaN
10,NaN,NaN,NaN,NaN,NaN,NaN,NaN,NaN
11,NaN,NaN,NaN,NaN,NaN,NaN,NaN,NaN
1,NaN,NaN,NaN,NaN,NaN,NaN,NaN,NaN
2,NaN,NaN,NaN,NaN,NaN,NaN,NaN,NaN
3,NaN,NaN,NaN,NaN,NaN,NaN,NaN,NaN
4,NaN,NaN,NaN,NaN,NaN,NaN,NaN,NaN
5,NaN,NaN,NaN,NaN,NaN,NaN,NaN,NaN
6,NaN,NaN,NaN,NaN,NaN,NaN,NaN,NaN
7,NaN,NaN,NaN,NaN,NaN,NaN,NaN,NaN
8,NaN,NaN,NaN,NaN,NaN,NaN,NaN,NaN
9,NaN,NaN,NaN,NaN,NaN,NaN,NaN,NaN
10,NaN,NaN,NaN,NaN,NaN,NaN,NaN,NaN
11,NaN,NaN,NaN,NaN,NaN,NaN,NaN,NaN
1,NaN,NaN,NaN,NaN,NaN,NaN,NaN,NaN
2,NaN,NaN,NaN,NaN,NaN,NaN,NaN,NaN
3,NaN,NaN,NaN,NaN,NaN,NaN,NaN,NaN
4,NaN,NaN,NaN,NaN,NaN,NaN,NaN,NaN
5,NaN,NaN,NaN,NaN,NaN,NaN,NaN,NaN
6,NaN,NaN,NaN,NaN,NaN,NaN,NaN,NaN
7,NaN,NaN,NaN,NaN,NaN,NaN,NaN,NaN
8,NaN,NaN,NaN,NaN,NaN,NaN,NaN,NaN
9,NaN,NaN,NaN,NaN,NaN,NaN,NaN,NaN
10,NaN,NaN,NaN,NaN,NaN,NaN,NaN,NaN
11,NaN,NaN,NaN,NaN,NaN,NaN,NaN,NaN
1,NaN,NaN,NaN,NaN,NaN,NaN,NaN,NaN
2,NaN,NaN,NaN,NaN,NaN,NaN,NaN,NaN
3,NaN,NaN,NaN,NaN,NaN,NaN,NaN,NaN
4,NaN,NaN,NaN,NaN,NaN,NaN,NaN,NaN
5,NaN,NaN,NaN,NaN,NaN,NaN,NaN,NaN
6,NaN,NaN,NaN,NaN,NaN,NaN,NaN,NaN
7,NaN,NaN,NaN,NaN,NaN,NaN,NaN,NaN
8,NaN,NaN,NaN,NaN,NaN,NaN,NaN,NaN
9,NaN,NaN,NaN,NaN,NaN,NaN,NaN,NaN
10,NaN,NaN,NaN,NaN,NaN,NaN,NaN,NaN
11,NaN,NaN,NaN,NaN,NaN,NaN,NaN,NaN
1,NaN,NaN,NaN,NaN,NaN,NaN,NaN,NaN
2,NaN,NaN,NaN,NaN,NaN,NaN,NaN,NaN
3,NaN,NaN,NaN,NaN,NaN,NaN,NaN,NaN
4,NaN,NaN,NaN,NaN,NaN,NaN,NaN,NaN
5,NaN,NaN,NaN,NaN,NaN,NaN,NaN,NaN
6,NaN,NaN,NaN,NaN,NaN,NaN,NaN,NaN
7,NaN,NaN,NaN,NaN,NaN,NaN,NaN,NaN
8,NaN,NaN,NaN,NaN,NaN,NaN,NaN,NaN
9,NaN,NaN,NaN,NaN,NaN,NaN,NaN,NaN
10,NaN,NaN,NaN,NaN,NaN,NaN,NaN,NaN
11,NaN,NaN,NaN,NaN,NaN,NaN,NaN,NaN
1,NaN,NaN,NaN,NaN,NaN,NaN,NaN,NaN
2,NaN,NaN,NaN,NaN,NaN,NaN,NaN,NaN
3,NaN,NaN,NaN,NaN,NaN,NaN,NaN,NaN
4,NaN,NaN,NaN,NaN,NaN,NaN,NaN,NaN
5,NaN,NaN,NaN,NaN,NaN,NaN,NaN,NaN
6,NaN,NaN,NaN,NaN,NaN,NaN,NaN,NaN
7,NaN,NaN,NaN,NaN,NaN,NaN,NaN,NaN
8,NaN,NaN,NaN,NaN,NaN,NaN,NaN,NaN
9,NaN,NaN,NaN,NaN,NaN,NaN,NaN,NaN
10,NaN,NaN,NaN,NaN,NaN,NaN,NaN,NaN
11,NaN,NaN,NaN,NaN,NaN,NaN,NaN,NaN
1,NaN,NaN,NaN,NaN,NaN,NaN,NaN,NaN
2,NaN,NaN,NaN,NaN,NaN,NaN,NaN,NaN
3,NaN,NaN,NaN,NaN,NaN,NaN,NaN,NaN
4,NaN,NaN,NaN,NaN,NaN,NaN,NaN,NaN
5,NaN,NaN,NaN,NaN,NaN,NaN,NaN,NaN
6,NaN,NaN,NaN,NaN,NaN,NaN,NaN,NaN
7,NaN,NaN,NaN,NaN,NaN,NaN,NaN,NaN
8,NaN,NaN,NaN,NaN,NaN,NaN,NaN,NaN
9,NaN,NaN,NaN,NaN,NaN,NaN,NaN,NaN
10,NaN,NaN,NaN,NaN,NaN,NaN,NaN,NaN
11,NaN,NaN,NaN,NaN,NaN,NaN,NaN,NaN
1,NaN,NaN,NaN,NaN,NaN,NaN,NaN,NaN
2,NaN,NaN,NaN,NaN,NaN,NaN,NaN,NaN
3,NaN,NaN,NaN,NaN,NaN,NaN,NaN,NaN
4,NaN,NaN,NaN,NaN,NaN,NaN,NaN,NaN
5,NaN,NaN,NaN,NaN,NaN,NaN,NaN,NaN
6,NaN,NaN,NaN,NaN,NaN,NaN,NaN,NaN
7,NaN,NaN,NaN,NaN,NaN,NaN,NaN,NaN
8,NaN,NaN,NaN,NaN,NaN,NaN,NaN,NaN
9,NaN,NaN,NaN,NaN,NaN,NaN,NaN,NaN
10,NaN,NaN,NaN,NaN,NaN,NaN,NaN,NaN
11,NaN,NaN,NaN,NaN,NaN,NaN,NaN,NaN
1,NaN,NaN,NaN,NaN,NaN,NaN,NaN,NaN
2,NaN,NaN,NaN,NaN,NaN,NaN,NaN,NaN
3,NaN,NaN,NaN,NaN,NaN,NaN,NaN,NaN
4,NaN,NaN,NaN,NaN,NaN,NaN,NaN,NaN
5,NaN,NaN,NaN,NaN,NaN,NaN,NaN,NaN
6,NaN,NaN,NaN,NaN,NaN,NaN,NaN,NaN
7,NaN,NaN,NaN,NaN,NaN,NaN,NaN,NaN
8,NaN,NaN,NaN,NaN,NaN,NaN,NaN,NaN
9,NaN,NaN,NaN,NaN,NaN,NaN,NaN,NaN
10,NaN,NaN,NaN,NaN,NaN,NaN,NaN,NaN
11,NaN,NaN,NaN,NaN,NaN,NaN,NaN,NaN
1,NaN,NaN,NaN,NaN,NaN,NaN,NaN,NaN
2,NaN,NaN,NaN,NaN,NaN,NaN,NaN,NaN
3,NaN,NaN,NaN,NaN,NaN,NaN,NaN,NaN
4,NaN,NaN,NaN,NaN,NaN,NaN,NaN,NaN
5,NaN,NaN,NaN,NaN,NaN,NaN,NaN,NaN
6,NaN,NaN,NaN,NaN,NaN,NaN,NaN,NaN
7,NaN,NaN,NaN,NaN,NaN,NaN,NaN,NaN
8,NaN,NaN,NaN,NaN,NaN,NaN,NaN,NaN
9,NaN,NaN,NaN,NaN,NaN,NaN,NaN,NaN
10,NaN,NaN,NaN,NaN,NaN,NaN,NaN,NaN
11,NaN,NaN,NaN,NaN,NaN,NaN,NaN,NaN
1,NaN,NaN,NaN,NaN,NaN,NaN,NaN,NaN
2,NaN,NaN,NaN,NaN,NaN,NaN,NaN,NaN
3,NaN,NaN,NaN,NaN,NaN,NaN,NaN,NaN
4,NaN,NaN,NaN,NaN,NaN,NaN,NaN,NaN
5,NaN,NaN,NaN,NaN,NaN,NaN,NaN,NaN
6,NaN,NaN,NaN,NaN,NaN,NaN,NaN,NaN
7,NaN,NaN,NaN,NaN,NaN,NaN,NaN,NaN
8,NaN,NaN,NaN,NaN,NaN,NaN,NaN,NaN
9,NaN,NaN,NaN,NaN,NaN,NaN,NaN,NaN
10,NaN,NaN,NaN,NaN,NaN,NaN,NaN,NaN
11,NaN,NaN,NaN,NaN,NaN,NaN,NaN,NaN
1,NaN,NaN,NaN,NaN,NaN,NaN,NaN,NaN
2,NaN,NaN,NaN,NaN,NaN,NaN,NaN,NaN
3,NaN,NaN,NaN,NaN,NaN,NaN,NaN,NaN
4,NaN,NaN,NaN,NaN,NaN,NaN,NaN,NaN
5,NaN,NaN,NaN,NaN,NaN,NaN,NaN,NaN
6,NaN,NaN,NaN,NaN,NaN,NaN,NaN,NaN
7,NaN,NaN,NaN,NaN,NaN,NaN,NaN,NaN
8,NaN,NaN,NaN,NaN,NaN,NaN,NaN,NaN
9,NaN,NaN,NaN,NaN,NaN,NaN,NaN,NaN
10,NaN,NaN,NaN,NaN,NaN,NaN,NaN,NaN
11,NaN,NaN,NaN,NaN,NaN,NaN,NaN,NaN
1,NaN,NaN,NaN,NaN,NaN,NaN,NaN,NaN
2,NaN,NaN,NaN,NaN,NaN,NaN,NaN,NaN
3,NaN,NaN,NaN,NaN,NaN,NaN,NaN,NaN
4,NaN,NaN,NaN,NaN,NaN,NaN,NaN,NaN
5,NaN,NaN,NaN,NaN,NaN,NaN,NaN,NaN
6,NaN,NaN,NaN,NaN,NaN,NaN,NaN,NaN
7,NaN,NaN,NaN,NaN,NaN,NaN,NaN,NaN
8,NaN,NaN,NaN,NaN,NaN,NaN,NaN,NaN
9,NaN,NaN,NaN,NaN,NaN,NaN,NaN,NaN
10,NaN,NaN,NaN,NaN,NaN,NaN,NaN,NaN
11,NaN,NaN,NaN,NaN,NaN,NaN,NaN,NaN
1,NaN,NaN,NaN,NaN,NaN,NaN,NaN,NaN
2,NaN,NaN,NaN,NaN,NaN,NaN,NaN,NaN
3,NaN,NaN,NaN,NaN,NaN,NaN,NaN,NaN
4,NaN,NaN,NaN,NaN,NaN,NaN,NaN,NaN
5,NaN,NaN,NaN,NaN,NaN,NaN,NaN,NaN
6,NaN,NaN,NaN,NaN,NaN,NaN,NaN,NaN
7,NaN,NaN,NaN,NaN,NaN,NaN,NaN,NaN
8,NaN,NaN,NaN,NaN,NaN,NaN,NaN,NaN
9,NaN,NaN,NaN,NaN,NaN,NaN,NaN,NaN
10,NaN,NaN,NaN,NaN,NaN,NaN,NaN,NaN
11,NaN,NaN,NaN,NaN,NaN,NaN,NaN,NaN
1,NaN,NaN,NaN,NaN,NaN,NaN,NaN,NaN
2,NaN,NaN,NaN,NaN,NaN,NaN,NaN,NaN
3,NaN,NaN,NaN,NaN,NaN,NaN,NaN,NaN
4,NaN,NaN,NaN,NaN,NaN,NaN,NaN,NaN
5,NaN,NaN,NaN,NaN,NaN,NaN,NaN,NaN
6,NaN,NaN,NaN,NaN,NaN,NaN,NaN,NaN
7,NaN,NaN,NaN,NaN,NaN,NaN,NaN,NaN
8,NaN,NaN,NaN,NaN,NaN,NaN,NaN,NaN
9,NaN,NaN,NaN,NaN,NaN,NaN,NaN,NaN
10,NaN,NaN,NaN,NaN,NaN,NaN,NaN,NaN
11,NaN,NaN,NaN,NaN,NaN,NaN,NaN,NaN
1,NaN,NaN,NaN,NaN,NaN,NaN,NaN,NaN
2,NaN,NaN,NaN,NaN,NaN,NaN,NaN,NaN
3,NaN,NaN,NaN,NaN,NaN,NaN,NaN,NaN
4,NaN,NaN,NaN,NaN,NaN,NaN,NaN,NaN
5,NaN,NaN,NaN,NaN,NaN,NaN,NaN,NaN
6,NaN,NaN,NaN,NaN,NaN,NaN,NaN,NaN
7,NaN,NaN,NaN,NaN,NaN,NaN,NaN,NaN
8,NaN,NaN,NaN,NaN,NaN,NaN,NaN,NaN
9,NaN,NaN,NaN,NaN,NaN,NaN,NaN,NaN
10,NaN,NaN,NaN,NaN,NaN,NaN,NaN,NaN
11,NaN,NaN,NaN,NaN,NaN,NaN,NaN,NaN
1,NaN,NaN,NaN,NaN,NaN,NaN,NaN,NaN
2,NaN,NaN,NaN,NaN,NaN,NaN,NaN,NaN
3,NaN,NaN,NaN,NaN,NaN,NaN,NaN,NaN
4,NaN,NaN,NaN,NaN,NaN,NaN,NaN,NaN
5,NaN,NaN,NaN,NaN,NaN,NaN,NaN,NaN
6,NaN,NaN,NaN,NaN,NaN,NaN,NaN,NaN
7,NaN,NaN,NaN,NaN,NaN,NaN,NaN,NaN
8,NaN,NaN,NaN,NaN,NaN,NaN,NaN,NaN
9,NaN,NaN,NaN,NaN,NaN,NaN,NaN,NaN
10,NaN,NaN,NaN,NaN,NaN,NaN,NaN,NaN
11,NaN,NaN,NaN,NaN,NaN,NaN,NaN,NaN
1,NaN,NaN,NaN,NaN,NaN,NaN,NaN,NaN
2,NaN,NaN,NaN,NaN,NaN,NaN,NaN,NaN
3,NaN,NaN,NaN,NaN,NaN,NaN,NaN,NaN
4,NaN,NaN,NaN,NaN,NaN,NaN,NaN,NaN
5,NaN,NaN,NaN,NaN,NaN,NaN,NaN,NaN
6,NaN,NaN,NaN,NaN,NaN,NaN,NaN,NaN
7,NaN,NaN,NaN,NaN,NaN,NaN,NaN,NaN
8,NaN,NaN,NaN,NaN,NaN,NaN,NaN,NaN
9,NaN,NaN,NaN,NaN,NaN,NaN,NaN,NaN
10,NaN,NaN,NaN,NaN,NaN,NaN,NaN,NaN
11,NaN,NaN,NaN,NaN,NaN,NaN,NaN,NaN
1,NaN,NaN,NaN,NaN,NaN,NaN,NaN,NaN
2,NaN,NaN,NaN,NaN,NaN,NaN,NaN,NaN
3,NaN,NaN,NaN,NaN,NaN,NaN,NaN,NaN
4,NaN,NaN,NaN,NaN,NaN,NaN,NaN,NaN
5,NaN,NaN,NaN,NaN,NaN,NaN,NaN,NaN
6,NaN,NaN,NaN,NaN,NaN,NaN,NaN,NaN
7,NaN,NaN,NaN,NaN,NaN,NaN,NaN,NaN
8,NaN,NaN,NaN,NaN,NaN,NaN,NaN,NaN
9,NaN,NaN,NaN,NaN,NaN,NaN,NaN,NaN
10,NaN,NaN,NaN,NaN,NaN,NaN,NaN,NaN
11,NaN,NaN,NaN,NaN,NaN,NaN,NaN,NaN
1,NaN,NaN,NaN,NaN,NaN,NaN,NaN,NaN
2,NaN,NaN,NaN,NaN,NaN,NaN,NaN,NaN
3,NaN,NaN,NaN,NaN,NaN,NaN,NaN,NaN
4,NaN,NaN,NaN,NaN,NaN,NaN,NaN,NaN
5,NaN,NaN,NaN,NaN,NaN,NaN,NaN,NaN
6,NaN,NaN,NaN,NaN,NaN,NaN,NaN,NaN
7,NaN,NaN,NaN,NaN,NaN,NaN,NaN,NaN
8,NaN,NaN,NaN,NaN,NaN,NaN,NaN,NaN
9,NaN,NaN,NaN,NaN,NaN,NaN,NaN,NaN
10,NaN,NaN,NaN,NaN,NaN,NaN,NaN,NaN
11,NaN,NaN,NaN,NaN,NaN,NaN,NaN,NaN
1,NaN,NaN,NaN,NaN,NaN,NaN,NaN,NaN
2,NaN,NaN,NaN,NaN,NaN,NaN,NaN,NaN
3,NaN,NaN,NaN,NaN,NaN,NaN,NaN,NaN
4,NaN,NaN,NaN,NaN,NaN,NaN,NaN,NaN
5,NaN,NaN,NaN,NaN,NaN,NaN,NaN,NaN
6,NaN,NaN,NaN,NaN,NaN,NaN,NaN,NaN
7,NaN,NaN,NaN,NaN,NaN,NaN,NaN,NaN
8,NaN,NaN,NaN,NaN,NaN,NaN,NaN,NaN
9,NaN,NaN,NaN,NaN,NaN,NaN,NaN,NaN
10,NaN,NaN,NaN,NaN,NaN,NaN,NaN,NaN
11,NaN,NaN,NaN,NaN,NaN,NaN,NaN,NaN
1,NaN,NaN,NaN,NaN,NaN,NaN,NaN,NaN
2,NaN,NaN,NaN,NaN,NaN,NaN,NaN,NaN
3,NaN,NaN,NaN,NaN,NaN,NaN,NaN,NaN
4,NaN,NaN,NaN,NaN,NaN,NaN,NaN,NaN
5,NaN,NaN,NaN,NaN,NaN,NaN,NaN,NaN
6,NaN,NaN,NaN,NaN,NaN,NaN,NaN,NaN
7,NaN,NaN,NaN,NaN,NaN,NaN,NaN,NaN
8,NaN,NaN,NaN,NaN,NaN,NaN,NaN,NaN
9,NaN,NaN,NaN,NaN,NaN,NaN,NaN,NaN
10,NaN,NaN,NaN,NaN,NaN,NaN,NaN,NaN
11,NaN,NaN,NaN,NaN,NaN,NaN,NaN,NaN
1,NaN,NaN,NaN,NaN,NaN,NaN,NaN,NaN
2,NaN,NaN,NaN,NaN,NaN,NaN,NaN,NaN
3,NaN,NaN,NaN,NaN,NaN,NaN,NaN,NaN
4,NaN,NaN,NaN,NaN,NaN,NaN,NaN,NaN
5,NaN,NaN,NaN,NaN,NaN,NaN,NaN,NaN
6,NaN,NaN,NaN,NaN,NaN,NaN,NaN,NaN
7,NaN,NaN,NaN,NaN,NaN,NaN,NaN,NaN
8,NaN,NaN,NaN,NaN,NaN,NaN,NaN,NaN
9,NaN,NaN,NaN,NaN,NaN,NaN,NaN,NaN
10,NaN,NaN,NaN,NaN,NaN,NaN,NaN,NaN
11,NaN,NaN,NaN,NaN,NaN,NaN,NaN,NaN
1,NaN,NaN,NaN,NaN,NaN,NaN,NaN,NaN
2,NaN,NaN,NaN,NaN,NaN,NaN,NaN,NaN
3,NaN,NaN,NaN,NaN,NaN,NaN,NaN,NaN
4,NaN,NaN,NaN,NaN,NaN,NaN,NaN,NaN
5,NaN,NaN,NaN,NaN,NaN,NaN,NaN,NaN
6,NaN,NaN,NaN,NaN,NaN,NaN,NaN,NaN
7,NaN,NaN,NaN,NaN,NaN,NaN,NaN,NaN
8,NaN,NaN,NaN,NaN,NaN,NaN,NaN,NaN
9,NaN,NaN,NaN,NaN,NaN,NaN,NaN,NaN
10,NaN,NaN,NaN,NaN,NaN,NaN,NaN,NaN
11,NaN,NaN,NaN,NaN,NaN,NaN,NaN,NaN
1,NaN,NaN,NaN,NaN,NaN,NaN,NaN,NaN
2,NaN,NaN,NaN,NaN,NaN,NaN,NaN,NaN
3,NaN,NaN,NaN,NaN,NaN,NaN,NaN,NaN
4,NaN,NaN,NaN,NaN,NaN,NaN,NaN,NaN
5,NaN,NaN,NaN,NaN,NaN,NaN,NaN,NaN
6,NaN,NaN,NaN,NaN,NaN,NaN,NaN,NaN
7,NaN,NaN,NaN,NaN,NaN,NaN,NaN,NaN
8,NaN,NaN,NaN,NaN,NaN,NaN,NaN,NaN
9,NaN,NaN,NaN,NaN,NaN,NaN,NaN,NaN
10,NaN,NaN,NaN,NaN,NaN,NaN,NaN,NaN
11,NaN,NaN,NaN,NaN,NaN,NaN,NaN,NaN
1,NaN,NaN,NaN,NaN,NaN,NaN,NaN,NaN
2,NaN,NaN,NaN,NaN,NaN,NaN,NaN,NaN
3,NaN,NaN,NaN,NaN,NaN,NaN,NaN,NaN
4,NaN,NaN,NaN,NaN,NaN,NaN,NaN,NaN
5,NaN,NaN,NaN,NaN,NaN,NaN,NaN,NaN
6,NaN,NaN,NaN,NaN,NaN,NaN,NaN,NaN
7,NaN,NaN,NaN,NaN,NaN,NaN,NaN,NaN
8,NaN,NaN,NaN,NaN,NaN,NaN,NaN,NaN
9,NaN,NaN,NaN,NaN,NaN,NaN,NaN,NaN
10,NaN,NaN,NaN,NaN,NaN,NaN,NaN,NaN
11,NaN,NaN,NaN,NaN,NaN,NaN,NaN,NaN
1,NaN,NaN,NaN,NaN,NaN,NaN,NaN,NaN
2,NaN,NaN,NaN,NaN,NaN,NaN,NaN,NaN
3,NaN,NaN,NaN,NaN,NaN,NaN,NaN,NaN
4,NaN,NaN,NaN,NaN,NaN,NaN,NaN,NaN
5,NaN,NaN,NaN,NaN,NaN,NaN,NaN,NaN
6,NaN,NaN,NaN,NaN,NaN,NaN,NaN,NaN
7,NaN,NaN,NaN,NaN,NaN,NaN,NaN,NaN
8,NaN,NaN,NaN,NaN,NaN,NaN,NaN,NaN
9,NaN,NaN,NaN,NaN,NaN,NaN,NaN,NaN
10,NaN,NaN,NaN,NaN,NaN,NaN,NaN,NaN
11,NaN,NaN,NaN,NaN,NaN,NaN,NaN,NaN
1,NaN,NaN,NaN,NaN,NaN,NaN,NaN,NaN
2,NaN,NaN,NaN,NaN,NaN,NaN,NaN,NaN
3,NaN,NaN,NaN,NaN,NaN,NaN,NaN,NaN
4,NaN,NaN,NaN,NaN,NaN,NaN,NaN,NaN
5,NaN,NaN,NaN,NaN,NaN,NaN,NaN,NaN
6,NaN,NaN,NaN,NaN,NaN,NaN,NaN,NaN
7,NaN,NaN,NaN,NaN,NaN,NaN,NaN,NaN
8,NaN,NaN,NaN,NaN,NaN,NaN,NaN,NaN
9,NaN,NaN,NaN,NaN,NaN,NaN,NaN,NaN
10,NaN,NaN,NaN,NaN,NaN,NaN,NaN,NaN
11,NaN,NaN,NaN,NaN,NaN,NaN,NaN,NaN
1,NaN,NaN,NaN,NaN,NaN,NaN,NaN,NaN
2,NaN,NaN,NaN,NaN,NaN,NaN,NaN,NaN
3,NaN,NaN,NaN,NaN,NaN,NaN,NaN,NaN
4,NaN,NaN,NaN,NaN,NaN,NaN,NaN,NaN
5,NaN,NaN,NaN,NaN,NaN,NaN,NaN,NaN
6,NaN,NaN,NaN,NaN,NaN,NaN,NaN,NaN
7,NaN,NaN,NaN,NaN,NaN,NaN,NaN,NaN
8,NaN,NaN,NaN,NaN,NaN,NaN,NaN,NaN
9,NaN,NaN,NaN,NaN,NaN,NaN,NaN,NaN
10,NaN,NaN,NaN,NaN,NaN,NaN,NaN,NaN
11,NaN,NaN,NaN,NaN,NaN,NaN,NaN,NaN
1,NaN,NaN,NaN,NaN,NaN,NaN,NaN,NaN
2,NaN,NaN,NaN,NaN,NaN,NaN,NaN,NaN
3,NaN,NaN,NaN,NaN,NaN,NaN,NaN,NaN
4,NaN,NaN,NaN,NaN,NaN,NaN,NaN,NaN
5,NaN,NaN,NaN,NaN,NaN,NaN,NaN,NaN
6,NaN,NaN,NaN,NaN,NaN,NaN,NaN,NaN
7,NaN,NaN,NaN,NaN,NaN,NaN,NaN,NaN
8,NaN,NaN,NaN,NaN,NaN,NaN,NaN,NaN
9,NaN,NaN,NaN,NaN,NaN,NaN,NaN,NaN
10,NaN,NaN,NaN,NaN,NaN,NaN,NaN,NaN
11,NaN,NaN,NaN,NaN,NaN,NaN,NaN,NaN
1,NaN,NaN,NaN,NaN,NaN,NaN,NaN,NaN
2,NaN,NaN,NaN,NaN,NaN,NaN,NaN,NaN
3,NaN,NaN,NaN,NaN,NaN,NaN,NaN,NaN
4,NaN,NaN,NaN,NaN,NaN,NaN,NaN,NaN
5,NaN,NaN,NaN,NaN,NaN,NaN,NaN,NaN
6,NaN,NaN,NaN,NaN,NaN,NaN,NaN,NaN
7,NaN,NaN,NaN,NaN,NaN,NaN,NaN,NaN
8,NaN,NaN,NaN,NaN,NaN,NaN,NaN,NaN
9,NaN,NaN,NaN,NaN,NaN,NaN,NaN,NaN
10,NaN,NaN,NaN,NaN,NaN,NaN,NaN,NaN
11,NaN,NaN,NaN,NaN,NaN,NaN,NaN,NaN
1,NaN,NaN,NaN,NaN,NaN,NaN,NaN,NaN
2,NaN,NaN,NaN,NaN,NaN,NaN,NaN,NaN
3,NaN,NaN,NaN,NaN,NaN,NaN,NaN,NaN
4,NaN,NaN,NaN,NaN,NaN,NaN,NaN,NaN
5,NaN,NaN,NaN,NaN,NaN,NaN,NaN,NaN
6,NaN,NaN,NaN,NaN,NaN,NaN,NaN,NaN
7,NaN,NaN,NaN,NaN,NaN,NaN,NaN,NaN
8,NaN,NaN,NaN,NaN,NaN,NaN,NaN,NaN
9,NaN,NaN,NaN,NaN,NaN,NaN,NaN,NaN
10,NaN,NaN,NaN,NaN,NaN,NaN,NaN,NaN
11,NaN,NaN,NaN,NaN,NaN,NaN,NaN,NaN
1,NaN,NaN,NaN,NaN,NaN,NaN,NaN,NaN
2,NaN,NaN,NaN,NaN,NaN,NaN,NaN,NaN
3,NaN,NaN,NaN,NaN,NaN,NaN,NaN,NaN
4,NaN,NaN,NaN,NaN,NaN,NaN,NaN,NaN
5,NaN,NaN,NaN,NaN,NaN,NaN,NaN,NaN
6,NaN,NaN,NaN,NaN,NaN,NaN,NaN,NaN
7,NaN,NaN,NaN,NaN,NaN,NaN,NaN,NaN
8,NaN,NaN,NaN,NaN,NaN,NaN,NaN,NaN
9,NaN,NaN,NaN,NaN,NaN,NaN,NaN,NaN
10,NaN,NaN,NaN,NaN,NaN,NaN,NaN,NaN
11,NaN,NaN,NaN,NaN,NaN,NaN,NaN,NaN
1,NaN,NaN,NaN,NaN,NaN,NaN,NaN,NaN
2,NaN,NaN,NaN,NaN,NaN,NaN,NaN,NaN
3,NaN,NaN,NaN,NaN,NaN,NaN,NaN,NaN
4,NaN,NaN,NaN,NaN,NaN,NaN,NaN,NaN
5,NaN,NaN,NaN,NaN,NaN,NaN,NaN,NaN
6,NaN,NaN,NaN,NaN,NaN,NaN,NaN,NaN
7,NaN,NaN,NaN,NaN,NaN,NaN,NaN,NaN
8,NaN,NaN,NaN,NaN,NaN,NaN,NaN,NaN
9,NaN,NaN,NaN,NaN,NaN,NaN,NaN,NaN
10,NaN,NaN,NaN,NaN,NaN,NaN,NaN,NaN
11,NaN,NaN,NaN,NaN,NaN,NaN,NaN,NaN
1,NaN,NaN,NaN,NaN,NaN,NaN,NaN,NaN
2,NaN,NaN,NaN,NaN,NaN,NaN,NaN,NaN
3,NaN,NaN,NaN,NaN,NaN,NaN,NaN,NaN
4,NaN,NaN,NaN,NaN,NaN,NaN,NaN,NaN
5,NaN,NaN,NaN,NaN,NaN,NaN,NaN,NaN
6,NaN,NaN,NaN,NaN,NaN,NaN,NaN,NaN
7,NaN,NaN,NaN,NaN,NaN,NaN,NaN,NaN
8,NaN,NaN,NaN,NaN,NaN,NaN,NaN,NaN
9,NaN,NaN,NaN,NaN,NaN,NaN,NaN,NaN
10,NaN,NaN,NaN,NaN,NaN,NaN,NaN,NaN
11,NaN,NaN,NaN,NaN,NaN,NaN,NaN,NaN
1,NaN,NaN,NaN,NaN,NaN,NaN,NaN,NaN
2,NaN,NaN,NaN,NaN,NaN,NaN,NaN,NaN
3,NaN,NaN,NaN,NaN,NaN,NaN,NaN,NaN
4,NaN,NaN,NaN,NaN,NaN,NaN,NaN,NaN
5,NaN,NaN,NaN,NaN,NaN,NaN,NaN,NaN
6,NaN,NaN,NaN,NaN,NaN,NaN,NaN,NaN
7,NaN,NaN,NaN,NaN,NaN,NaN,NaN,NaN
8,NaN,NaN,NaN,NaN,NaN,NaN,NaN,NaN
9,NaN,NaN,NaN,NaN,NaN,NaN,NaN,NaN
10,NaN,NaN,NaN,NaN,NaN,NaN,NaN,NaN
11,NaN,NaN,NaN,NaN,NaN,NaN,NaN,NaN
1,NaN,NaN,NaN,NaN,NaN,NaN,NaN,NaN
2,NaN,NaN,NaN,NaN,NaN,NaN,NaN,NaN
3,NaN,NaN,NaN,NaN,NaN,NaN,NaN,NaN
4,NaN,NaN,NaN,NaN,NaN,NaN,NaN,NaN
5,NaN,NaN,NaN,NaN,NaN,NaN,NaN,NaN
6,NaN,NaN,NaN,NaN,NaN,NaN,NaN,NaN
7,NaN,NaN,NaN,NaN,NaN,NaN,NaN,NaN
8,NaN,NaN,NaN,NaN,NaN,NaN,NaN,NaN
9,NaN,NaN,NaN,NaN,NaN,NaN,NaN,NaN
10,NaN,NaN,NaN,NaN,NaN,NaN,NaN,NaN
11,NaN,NaN,NaN,NaN,NaN,NaN,NaN,NaN
1,NaN,NaN,NaN,NaN,NaN,NaN,NaN,NaN
2,NaN,NaN,NaN,NaN,NaN,NaN,NaN,NaN
3,NaN,NaN,NaN,NaN,NaN,NaN,NaN,NaN
4,NaN,NaN,NaN,NaN,NaN,NaN,NaN,NaN
5,NaN,NaN,NaN,NaN,NaN,NaN,NaN,NaN
6,NaN,NaN,NaN,NaN,NaN,NaN,NaN,NaN
7,NaN,NaN,NaN,NaN,NaN,NaN,NaN,NaN
8,NaN,NaN,NaN,NaN,NaN,NaN,NaN,NaN
9,NaN,NaN,NaN,NaN,NaN,NaN,NaN,NaN
10,NaN,NaN,NaN,NaN,NaN,NaN,NaN,NaN
11,NaN,NaN,NaN,NaN,NaN,NaN,NaN,NaN
1,NaN,NaN,NaN,NaN,NaN,NaN,NaN,NaN
2,NaN,NaN,NaN,NaN,NaN,NaN,NaN,NaN
3,NaN,NaN,NaN,NaN,NaN,NaN,NaN,NaN
4,NaN,NaN,NaN,NaN,NaN,NaN,NaN,NaN
5,NaN,NaN,NaN,NaN,NaN,NaN,NaN,NaN
6,NaN,NaN,NaN,NaN,NaN,NaN,NaN,NaN
7,NaN,NaN,NaN,NaN,NaN,NaN,NaN,NaN
8,NaN,NaN,NaN,NaN,NaN,NaN,NaN,NaN
9,NaN,NaN,NaN,NaN,NaN,NaN,NaN,NaN
10,NaN,NaN,NaN,NaN,NaN,NaN,NaN,NaN
11,NaN,NaN,NaN,NaN,NaN,NaN,NaN,NaN
1,NaN,NaN,NaN,NaN,NaN,NaN,NaN,NaN
2,NaN,NaN,NaN,NaN,NaN,NaN,NaN,NaN
3,NaN,NaN,NaN,NaN,NaN,NaN,NaN,NaN
4,NaN,NaN,NaN,NaN,NaN,NaN,NaN,NaN
5,NaN,NaN,NaN,NaN,NaN,NaN,NaN,NaN
6,NaN,NaN,NaN,NaN,NaN,NaN,NaN,NaN
7,NaN,NaN,NaN,NaN,NaN,NaN,NaN,NaN
8,NaN,NaN,NaN,NaN,NaN,NaN,NaN,NaN
9,NaN,NaN,NaN,NaN,NaN,NaN,NaN,NaN
10,NaN,NaN,NaN,NaN,NaN,NaN,NaN,NaN
11,NaN,NaN,NaN,NaN,NaN,NaN,NaN,NaN
1,NaN,NaN,NaN,NaN,NaN,NaN,NaN,NaN
2,NaN,NaN,NaN,NaN,NaN,NaN,NaN,NaN
3,NaN,NaN,NaN,NaN,NaN,NaN,NaN,NaN
4,NaN,NaN,NaN,NaN,NaN,NaN,NaN,NaN
5,NaN,NaN,NaN,NaN,NaN,NaN,NaN,NaN
6,NaN,NaN,NaN,NaN,NaN,NaN,NaN,NaN
7,NaN,NaN,NaN,NaN,NaN,NaN,NaN,NaN
8,NaN,NaN,NaN,NaN,NaN,NaN,NaN,NaN
9,NaN,NaN,NaN,NaN,NaN,NaN,NaN,NaN
10,NaN,NaN,NaN,NaN,NaN,NaN,NaN,NaN
11,NaN,NaN,NaN,NaN,NaN,NaN,NaN,NaN
1,NaN,NaN,NaN,NaN,NaN,NaN,NaN,NaN
2,NaN,NaN,NaN,NaN,NaN,NaN,NaN,NaN
3,NaN,NaN,NaN,NaN,NaN,NaN,NaN,NaN
4,NaN,NaN,NaN,NaN,NaN,NaN,NaN,NaN
5,NaN,NaN,NaN,NaN,NaN,NaN,NaN,NaN
6,NaN,NaN,NaN,NaN,NaN,NaN,NaN,NaN
7,NaN,NaN,NaN,NaN,NaN,NaN,NaN,NaN
8,NaN,NaN,NaN,NaN,NaN,NaN,NaN,NaN
9,NaN,NaN,NaN,NaN,NaN,NaN,NaN,NaN
10,NaN,NaN,NaN,NaN,NaN,NaN,NaN,NaN
11,NaN,NaN,NaN,NaN,NaN,NaN,NaN,NaN
1,NaN,NaN,NaN,NaN,NaN,NaN,NaN,NaN
2,NaN,NaN,NaN,NaN,NaN,NaN,NaN,NaN
3,NaN,NaN,NaN,NaN,NaN,NaN,NaN,NaN
4,NaN,NaN,NaN,NaN,NaN,NaN,NaN,NaN
5,NaN,NaN,NaN,NaN,NaN,NaN,NaN,NaN
6,NaN,NaN,NaN,NaN,NaN,NaN,NaN,NaN
7,NaN,NaN,NaN,NaN,NaN,NaN,NaN,NaN
8,NaN,NaN,NaN,NaN,NaN,NaN,NaN,NaN
9,NaN,NaN,NaN,NaN,NaN,NaN,NaN,NaN
10,NaN,NaN,NaN,NaN,NaN,NaN,NaN,NaN
11,NaN,NaN,NaN,NaN,NaN,NaN,NaN,NaN
1,NaN,NaN,NaN,NaN,NaN,NaN,NaN,NaN
2,NaN,NaN,NaN,NaN,NaN,NaN,NaN,NaN
3,NaN,NaN,NaN,NaN,NaN,NaN,NaN,NaN
4,NaN,NaN,NaN,NaN,NaN,NaN,NaN,NaN
5,NaN,NaN,NaN,NaN,NaN,NaN,NaN,NaN
6,NaN,NaN,NaN,NaN,NaN,NaN,NaN,NaN
7,NaN,NaN,NaN,NaN,NaN,NaN,NaN,NaN
8,NaN,NaN,NaN,NaN,NaN,NaN,NaN,NaN
9,NaN,NaN,NaN,NaN,NaN,NaN,NaN,NaN
10,NaN,NaN,NaN,NaN,NaN,NaN,NaN,NaN
11,NaN,NaN,NaN,NaN,NaN,NaN,NaN,NaN
1,NaN,NaN,NaN,NaN,NaN,NaN,NaN,NaN
2,NaN,NaN,NaN,NaN,NaN,NaN,NaN,NaN
3,NaN,NaN,NaN,NaN,NaN,NaN,NaN,NaN
4,NaN,NaN,NaN,NaN,NaN,NaN,NaN,NaN
5,NaN,NaN,NaN,NaN,NaN,NaN,NaN,NaN
6,NaN,NaN,NaN,NaN,NaN,NaN,NaN,NaN
7,NaN,NaN,NaN,NaN,NaN,NaN,NaN,NaN
8,NaN,NaN,NaN,NaN,NaN,NaN,NaN,NaN
9,NaN,NaN,NaN,NaN,NaN,NaN,NaN,NaN
10,NaN,NaN,NaN,NaN,NaN,NaN,NaN,NaN
11,NaN,NaN,NaN,NaN,NaN,NaN,NaN,NaN
1,NaN,NaN,NaN,NaN,NaN,NaN,NaN,NaN
2,NaN,NaN,NaN,NaN,NaN,NaN,NaN,NaN
3,NaN,NaN,NaN,NaN,NaN,NaN,NaN,NaN
4,NaN,NaN,NaN,NaN,NaN,NaN,NaN,NaN
5,NaN,NaN,NaN,NaN,NaN,NaN,NaN,NaN
6,NaN,NaN,NaN,NaN,NaN,NaN,NaN,NaN
7,NaN,NaN,NaN,NaN,NaN,NaN,NaN,NaN
8,NaN,NaN,NaN,NaN,NaN,NaN,NaN,NaN
9,NaN,NaN,NaN,NaN,NaN,NaN,NaN,NaN
10,NaN,NaN,NaN,NaN,NaN,NaN,NaN,NaN
11,NaN,NaN,NaN,NaN,NaN,NaN,NaN,NaN
1,NaN,NaN,NaN,NaN,NaN,NaN,NaN,NaN
2,NaN,NaN,NaN,NaN,NaN,NaN,NaN,NaN
3,NaN,NaN,NaN,NaN,NaN,NaN,NaN,NaN
4,NaN,NaN,NaN,NaN,NaN,NaN,NaN,NaN
5,NaN,NaN,NaN,NaN,NaN,NaN,NaN,NaN
6,NaN,NaN,NaN,NaN,NaN,NaN,NaN,NaN
7,NaN,NaN,NaN,NaN,NaN,NaN,NaN,NaN
8,NaN,NaN,NaN,NaN,NaN,NaN,NaN,NaN
9,NaN,NaN,NaN,NaN,NaN,NaN,NaN,NaN
10,NaN,NaN,NaN,NaN,NaN,NaN,NaN,NaN
11,NaN,NaN,NaN,NaN,NaN,NaN,NaN,NaN
1,NaN,NaN,NaN,NaN,NaN,NaN,NaN,NaN
2,NaN,NaN,NaN,NaN,NaN,NaN,NaN,NaN
3,NaN,NaN,NaN,NaN,NaN,NaN,NaN,NaN
4,NaN,NaN,NaN,NaN,NaN,NaN,NaN,NaN
5,NaN,NaN,NaN,NaN,NaN,NaN,NaN,NaN
6,NaN,NaN,NaN,NaN,NaN,NaN,NaN,NaN
7,NaN,NaN,NaN,NaN,NaN,NaN,NaN,NaN
8,NaN,NaN,NaN,NaN,NaN,NaN,NaN,NaN
9,NaN,NaN,NaN,NaN,NaN,NaN,NaN,NaN
10,NaN,NaN,NaN,NaN,NaN,NaN,NaN,NaN
11,NaN,NaN,NaN,NaN,NaN,NaN,NaN,NaN
1,NaN,NaN,NaN,NaN,NaN,NaN,NaN,NaN
2,NaN,NaN,NaN,NaN,NaN,NaN,NaN,NaN
3,NaN,NaN,NaN,NaN,NaN,NaN,NaN,NaN
4,NaN,NaN,NaN,NaN,NaN,NaN,NaN,NaN
5,NaN,NaN,NaN,NaN,NaN,NaN,NaN,NaN
6,NaN,NaN,NaN,NaN,NaN,NaN,NaN,NaN
7,NaN,NaN,NaN,NaN,NaN,NaN,NaN,NaN
8,NaN,NaN,NaN,NaN,NaN,NaN,NaN,NaN
9,NaN,NaN,NaN,NaN,NaN,NaN,NaN,NaN
10,NaN,NaN,NaN,NaN,NaN,NaN,NaN,NaN
11,NaN,NaN,NaN,NaN,NaN,NaN,NaN,NaN
1,NaN,NaN,NaN,NaN,NaN,NaN,NaN,NaN
2,NaN,NaN,NaN,NaN,NaN,NaN,NaN,NaN
3,NaN,NaN,NaN,NaN,NaN,NaN,NaN,NaN
4,NaN,NaN,NaN,NaN,NaN,NaN,NaN,NaN
5,NaN,NaN,NaN,NaN,NaN,NaN,NaN,NaN
6,NaN,NaN,NaN,NaN,NaN,NaN,NaN,NaN
7,NaN,NaN,NaN,NaN,NaN,NaN,NaN,NaN
8,NaN,NaN,NaN,NaN,NaN,NaN,NaN,NaN
9,NaN,NaN,NaN,NaN,NaN,NaN,NaN,NaN
10,NaN,NaN,NaN,NaN,NaN,NaN,NaN,NaN
11,NaN,NaN,NaN,NaN,NaN,NaN,NaN,NaN
1,NaN,NaN,NaN,NaN,NaN,NaN,NaN,NaN
2,NaN,NaN,NaN,NaN,NaN,NaN,NaN,NaN
3,NaN,NaN,NaN,NaN,NaN,NaN,NaN,NaN
4,NaN,NaN,NaN,NaN,NaN,NaN,NaN,NaN
5,NaN,NaN,NaN,NaN,NaN,NaN,NaN,NaN
6,NaN,NaN,NaN,NaN,NaN,NaN,NaN,NaN
7,NaN,NaN,NaN,NaN,NaN,NaN,NaN,NaN
8,NaN,NaN,NaN,NaN,NaN,NaN,NaN,NaN
9,NaN,NaN,NaN,NaN,NaN,NaN,NaN,NaN
10,NaN,NaN,NaN,NaN,NaN,NaN,NaN,NaN
11,NaN,NaN,NaN,NaN,NaN,NaN,NaN,NaN
1,NaN,NaN,NaN,NaN,NaN,NaN,NaN,NaN
2,NaN,NaN,NaN,NaN,NaN,NaN,NaN,NaN
3,NaN,NaN,NaN,NaN,NaN,NaN,NaN,NaN
4,NaN,NaN,NaN,NaN,NaN,NaN,NaN,NaN
5,NaN,NaN,NaN,NaN,NaN,NaN,NaN,NaN
6,NaN,NaN,NaN,NaN,NaN,NaN,NaN,NaN
7,NaN,NaN,NaN,NaN,NaN,NaN,NaN,NaN
8,NaN,NaN,NaN,NaN,NaN,NaN,NaN,NaN
9,NaN,NaN,NaN,NaN,NaN,NaN,NaN,NaN
10,NaN,NaN,NaN,NaN,NaN,NaN,NaN,NaN
11,NaN,NaN,NaN,NaN,NaN,NaN,NaN,NaN
1,NaN,NaN,NaN,NaN,NaN,NaN,NaN,NaN
2,NaN,NaN,NaN,NaN,NaN,NaN,NaN,NaN
3,NaN,NaN,NaN,NaN,NaN,NaN,NaN,NaN
4,NaN,NaN,NaN,NaN,NaN,NaN,NaN,NaN
5,NaN,NaN,NaN,NaN,NaN,NaN,NaN,NaN
6,NaN,NaN,NaN,NaN,NaN,NaN,NaN,NaN
7,NaN,NaN,NaN,NaN,NaN,NaN,NaN,NaN
8,NaN,NaN,NaN,NaN,NaN,NaN,NaN,NaN
9,NaN,NaN,NaN,NaN,NaN,NaN,NaN,NaN
10,NaN,NaN,NaN,NaN,NaN,NaN,NaN,NaN
11,NaN,NaN,NaN,NaN,NaN,NaN,NaN,NaN
1,NaN,NaN,NaN,NaN,NaN,NaN,NaN,NaN
2,NaN,NaN,NaN,NaN,NaN,NaN,NaN,NaN
3,NaN,NaN,NaN,NaN,NaN,NaN,NaN,NaN
4,NaN,NaN,NaN,NaN,NaN,NaN,NaN,NaN
5,NaN,NaN,NaN,NaN,NaN,NaN,NaN,NaN
6,NaN,NaN,NaN,NaN,NaN,NaN,NaN,NaN
7,NaN,NaN,NaN,NaN,NaN,NaN,NaN,NaN
8,NaN,NaN,NaN,NaN,NaN,NaN,NaN,NaN
9,NaN,NaN,NaN,NaN,NaN,NaN,NaN,NaN
10,NaN,NaN,NaN,NaN,NaN,NaN,NaN,NaN
11,NaN,NaN,NaN,NaN,NaN,NaN,NaN,NaN
1,NaN,NaN,NaN,NaN,NaN,NaN,NaN,NaN
2,NaN,NaN,NaN,NaN,NaN,NaN,NaN,NaN
3,NaN,NaN,NaN,NaN,NaN,NaN,NaN,NaN
4,NaN,NaN,NaN,NaN,NaN,NaN,NaN,NaN
5,NaN,NaN,NaN,NaN,NaN,NaN,NaN,NaN
6,NaN,NaN,NaN,NaN,NaN,NaN,NaN,NaN
7,NaN,NaN,NaN,NaN,NaN,NaN,NaN,NaN
8,NaN,NaN,NaN,NaN,NaN,NaN,NaN,NaN
9,NaN,NaN,NaN,NaN,NaN,NaN,NaN,NaN
10,NaN,NaN,NaN,NaN,NaN,NaN,NaN,NaN
11,NaN,NaN,NaN,NaN,NaN,NaN,NaN,NaN
1,NaN,NaN,NaN,NaN,NaN,NaN,NaN,NaN
2,NaN,NaN,NaN,NaN,NaN,NaN,NaN,NaN
3,NaN,NaN,NaN,NaN,NaN,NaN,NaN,NaN
4,NaN,NaN,NaN,NaN,NaN,NaN,NaN,NaN
5,NaN,NaN,NaN,NaN,NaN,NaN,NaN,NaN
6,NaN,NaN,NaN,NaN,NaN,NaN,NaN,NaN
7,NaN,NaN,NaN,NaN,NaN,NaN,NaN,NaN
8,NaN,NaN,NaN,NaN,NaN,NaN,NaN,NaN
9,NaN,NaN,NaN,NaN,NaN,NaN,NaN,NaN
10,NaN,NaN,NaN,NaN,NaN,NaN,NaN,NaN
11,NaN,NaN,NaN,NaN,NaN,NaN,NaN,NaN
1,NaN,NaN,NaN,NaN,NaN,NaN,NaN,NaN
2,NaN,NaN,NaN,NaN,NaN,NaN,NaN,NaN
3,NaN,NaN,NaN,NaN,NaN,NaN,NaN,NaN
4,NaN,NaN,NaN,NaN,NaN,NaN,NaN,NaN
5,NaN,NaN,NaN,NaN,NaN,NaN,NaN,NaN
6,NaN,NaN,NaN,NaN,NaN,NaN,NaN,NaN
7,NaN,NaN,NaN,NaN,NaN,NaN,NaN,NaN
8,NaN,NaN,NaN,NaN,NaN,NaN,NaN,NaN
9,NaN,NaN,NaN,NaN,NaN,NaN,NaN,NaN
10,NaN,NaN,NaN,NaN,NaN,NaN,NaN,NaN
11,NaN,NaN,NaN,NaN,NaN,NaN,NaN,NaN
1,NaN,NaN,NaN,NaN,NaN,NaN,NaN,NaN
2,NaN,NaN,NaN,NaN,NaN,NaN,NaN,NaN
3,NaN,NaN,NaN,NaN,NaN,NaN,NaN,NaN
4,NaN,NaN,NaN,NaN,NaN,NaN,NaN,NaN
5,NaN,NaN,NaN,NaN,NaN,NaN,NaN,NaN
6,NaN,NaN,NaN,NaN,NaN,NaN,NaN,NaN
7,NaN,NaN,NaN,NaN,NaN,NaN,NaN,NaN
8,NaN,NaN,NaN,NaN,NaN,NaN,NaN,NaN
9,NaN,NaN,NaN,NaN,NaN,NaN,NaN,NaN
10,NaN,NaN,NaN,NaN,NaN,NaN,NaN,NaN
11,NaN,NaN,NaN,NaN,NaN,NaN,NaN,NaN
1,NaN,NaN,NaN,NaN,NaN,NaN,NaN,NaN
2,NaN,NaN,NaN,NaN,NaN,NaN,NaN,NaN
3,NaN,NaN,NaN,NaN,NaN,NaN,NaN,NaN
4,NaN,NaN,NaN,NaN,NaN,NaN,NaN,NaN
5,NaN,NaN,NaN,NaN,NaN,NaN,NaN,NaN
6,NaN,NaN,NaN,NaN,NaN,NaN,NaN,NaN
7,NaN,NaN,NaN,NaN,NaN,NaN,NaN,NaN
8,NaN,NaN,NaN,NaN,NaN,NaN,NaN,NaN
9,NaN,NaN,NaN,NaN,NaN,NaN,NaN,NaN
10,NaN,NaN,NaN,NaN,NaN,NaN,NaN,NaN
11,NaN,NaN,NaN,NaN,NaN,NaN,NaN,NaN
1,NaN,NaN,NaN,NaN,NaN,NaN,NaN,NaN
2,NaN,NaN,NaN,NaN,NaN,NaN,NaN,NaN
3,NaN,NaN,NaN,NaN,NaN,NaN,NaN,NaN
4,NaN,NaN,NaN,NaN,NaN,NaN,NaN,NaN
5,NaN,NaN,NaN,NaN,NaN,NaN,NaN,NaN
6,NaN,NaN,NaN,NaN,NaN,NaN,NaN,NaN
7,NaN,NaN,NaN,NaN,NaN,NaN,NaN,NaN
8,NaN,NaN,NaN,NaN,NaN,NaN,NaN,NaN
9,NaN,NaN,NaN,NaN,NaN,NaN,NaN,NaN
10,NaN,NaN,NaN,NaN,NaN,NaN,NaN,NaN
11,NaN,NaN,NaN,NaN,NaN,NaN,NaN,NaN
1,NaN,NaN,NaN,NaN,NaN,NaN,NaN,NaN
2,NaN,NaN,NaN,NaN,NaN,NaN,NaN,NaN
3,NaN,NaN,NaN,NaN,NaN,NaN,NaN,NaN
4,NaN,NaN,NaN,NaN,NaN,NaN,NaN,NaN
5,NaN,NaN,NaN,NaN,NaN,NaN,NaN,NaN
6,NaN,NaN,NaN,NaN,NaN,NaN,NaN,NaN
7,NaN,NaN,NaN,NaN,NaN,NaN,NaN,NaN
8,NaN,NaN,NaN,NaN,NaN,NaN,NaN,NaN
9,NaN,NaN,NaN,NaN,NaN,NaN,NaN,NaN
10,NaN,NaN,NaN,NaN,NaN,NaN,NaN,NaN
11,NaN,NaN,NaN,NaN,NaN,NaN,NaN,NaN
1,NaN,NaN,NaN,NaN,NaN,NaN,NaN,NaN
2,NaN,NaN,NaN,NaN,NaN,NaN,NaN,NaN
3,NaN,NaN,NaN,NaN,NaN,NaN,NaN,NaN
4,NaN,NaN,NaN,NaN,NaN,NaN,NaN,NaN
5,NaN,NaN,NaN,NaN,NaN,NaN,NaN,NaN
6,NaN,NaN,NaN,NaN,NaN,NaN,NaN,NaN
7,NaN,NaN,NaN,NaN,NaN,NaN,NaN,NaN
8,NaN,NaN,NaN,NaN,NaN,NaN,NaN,NaN
9,NaN,NaN,NaN,NaN,NaN,NaN,NaN,NaN
10,NaN,NaN,NaN,NaN,NaN,NaN,NaN,NaN
11,NaN,NaN,NaN,NaN,NaN,NaN,NaN,NaN
1,NaN,NaN,NaN,NaN,NaN,NaN,NaN,NaN
2,NaN,NaN,NaN,NaN,NaN,NaN,NaN,NaN
3,NaN,NaN,NaN,NaN,NaN,NaN,NaN,NaN
4,NaN,NaN,NaN,NaN,NaN,NaN,NaN,NaN
5,NaN,NaN,NaN,NaN,NaN,NaN,NaN,NaN
6,NaN,NaN,NaN,NaN,NaN,NaN,NaN,NaN
7,NaN,NaN,NaN,NaN,NaN,NaN,NaN,NaN
8,NaN,NaN,NaN,NaN,NaN,NaN,NaN,NaN
9,NaN,NaN,NaN,NaN,NaN,NaN,NaN,NaN
10,NaN,NaN,NaN,NaN,NaN,NaN,NaN,NaN
11,NaN,NaN,NaN,NaN,NaN,NaN,NaN,NaN
1,NaN,NaN,NaN,NaN,NaN,NaN,NaN,NaN
2,NaN,NaN,NaN,NaN,NaN,NaN,NaN,NaN
3,NaN,NaN,NaN,NaN,NaN,NaN,NaN,NaN
4,NaN,NaN,NaN,NaN,NaN,NaN,NaN,NaN
5,NaN,NaN,NaN,NaN,NaN,NaN,NaN,NaN
6,NaN,NaN,NaN,NaN,NaN,NaN,NaN,NaN
7,NaN,NaN,NaN,NaN,NaN,NaN,NaN,NaN
8,NaN,NaN,NaN,NaN,NaN,NaN,NaN,NaN
9,NaN,NaN,NaN,NaN,NaN,NaN,NaN,NaN
10,NaN,NaN,NaN,NaN,NaN,NaN,NaN,NaN
11,NaN,NaN,NaN,NaN,NaN,NaN,NaN,NaN
1,NaN,NaN,NaN,NaN,NaN,NaN,NaN,NaN
2,NaN,NaN,NaN,NaN,NaN,NaN,NaN,NaN
3,NaN,NaN,NaN,NaN,NaN,NaN,NaN,NaN
4,NaN,NaN,NaN,NaN,NaN,NaN,NaN,NaN
5,NaN,NaN,NaN,NaN,NaN,NaN,NaN,NaN
6,NaN,NaN,NaN,NaN,NaN,NaN,NaN,NaN
7,NaN,NaN,NaN,NaN,NaN,NaN,NaN,NaN
8,NaN,NaN,NaN,NaN,NaN,NaN,NaN,NaN
9,NaN,NaN,NaN,NaN,NaN,NaN,NaN,NaN
10,NaN,NaN,NaN,NaN,NaN,NaN,NaN,NaN
11,NaN,NaN,NaN,NaN,NaN,NaN,NaN,NaN
1,NaN,NaN,NaN,NaN,NaN,NaN,NaN,NaN
2,NaN,NaN,NaN,NaN,NaN,NaN,NaN,NaN
3,NaN,NaN,NaN,NaN,NaN,NaN,NaN,NaN
4,NaN,NaN,NaN,NaN,NaN,NaN,NaN,NaN
5,NaN,NaN,NaN,NaN,NaN,NaN,NaN,NaN
6,NaN,NaN,NaN,NaN,NaN,NaN,NaN,NaN
7,NaN,NaN,NaN,NaN,NaN,NaN,NaN,NaN
8,NaN,NaN,NaN,NaN,NaN,NaN,NaN,NaN
9,NaN,NaN,NaN,NaN,NaN,NaN,NaN,NaN
10,NaN,NaN,NaN,NaN,NaN,NaN,NaN,NaN
11,NaN,NaN,NaN,NaN,NaN,NaN,NaN,NaN
1,NaN,NaN,NaN,NaN,NaN,NaN,NaN,NaN
2,NaN,NaN,NaN,NaN,NaN,NaN,NaN,NaN
3,NaN,NaN,NaN,NaN,NaN,NaN,NaN,NaN
4,NaN,NaN,NaN,NaN,NaN,NaN,NaN,NaN
5,NaN,NaN,NaN,NaN,NaN,NaN,NaN,NaN
6,NaN,NaN,NaN,NaN,NaN,NaN,NaN,NaN
7,NaN,NaN,NaN,NaN,NaN,NaN,NaN,NaN
8,NaN,NaN,NaN,NaN,NaN,NaN,NaN,NaN
9,NaN,NaN,NaN,NaN,NaN,NaN,NaN,NaN
10,NaN,NaN,NaN,NaN,NaN,NaN,NaN,NaN
11,NaN,NaN,NaN,NaN,NaN,NaN,NaN,NaN
1,NaN,NaN,NaN,NaN,NaN,NaN,NaN,NaN
2,NaN,NaN,NaN,NaN,NaN,NaN,NaN,NaN
3,NaN,NaN,NaN,NaN,NaN,NaN,NaN,NaN
4,NaN,NaN,NaN,NaN,NaN,NaN,NaN,NaN
5,NaN,NaN,NaN,NaN,NaN,NaN,NaN,NaN
6,NaN,NaN,NaN,NaN,NaN,NaN,NaN,NaN
7,NaN,NaN,NaN,NaN,NaN,NaN,NaN,NaN
8,NaN,NaN,NaN,NaN,NaN,NaN,NaN,NaN
9,NaN,NaN,NaN,NaN,NaN,NaN,NaN,NaN
10,NaN,NaN,NaN,NaN,NaN,NaN,NaN,NaN
11,NaN,NaN,NaN,NaN,NaN,NaN,NaN,NaN
1,NaN,NaN,NaN,NaN,NaN,NaN,NaN,NaN
2,NaN,NaN,NaN,NaN,NaN,NaN,NaN,NaN
3,NaN,NaN,NaN,NaN,NaN,NaN,NaN,NaN
4,NaN,NaN,NaN,NaN,NaN,NaN,NaN,NaN
5,NaN,NaN,NaN,NaN,NaN,NaN,NaN,NaN
6,NaN,NaN,NaN,NaN,NaN,NaN,NaN,NaN
7,NaN,NaN,NaN,NaN,NaN,NaN,NaN,NaN
8,NaN,NaN,NaN,NaN,NaN,NaN,NaN,NaN
9,NaN,NaN,NaN,NaN,NaN,NaN,NaN,NaN
10,NaN,NaN,NaN,NaN,NaN,NaN,NaN,NaN
11,NaN,NaN,NaN,NaN,NaN,NaN,NaN,NaN
1,NaN,NaN,NaN,NaN,NaN,NaN,NaN,NaN
2,NaN,NaN,NaN,NaN,NaN,NaN,NaN,NaN
3,NaN,NaN,NaN,NaN,NaN,NaN,NaN,NaN
4,NaN,NaN,NaN,NaN,NaN,NaN,NaN,NaN
5,NaN,NaN,NaN,NaN,NaN,NaN,NaN,NaN
6,NaN,NaN,NaN,NaN,NaN,NaN,NaN,NaN
7,NaN,NaN,NaN,NaN,NaN,NaN,NaN,NaN
8,NaN,NaN,NaN,NaN,NaN,NaN,NaN,NaN
9,NaN,NaN,NaN,NaN,NaN,NaN,NaN,NaN
10,NaN,NaN,NaN,NaN,NaN,NaN,NaN,NaN
11,NaN,NaN,NaN,NaN,NaN,NaN,NaN,NaN
1,NaN,NaN,NaN,NaN,NaN,NaN,NaN,NaN
2,NaN,NaN,NaN,NaN,NaN,NaN,NaN,NaN
3,NaN,NaN,NaN,NaN,NaN,NaN,NaN,NaN
4,NaN,NaN,NaN,NaN,NaN,NaN,NaN,NaN
5,NaN,NaN,NaN,NaN,NaN,NaN,NaN,NaN
6,NaN,NaN,NaN,NaN,NaN,NaN,NaN,NaN
7,NaN,NaN,NaN,NaN,NaN,NaN,NaN,NaN
8,NaN,NaN,NaN,NaN,NaN,NaN,NaN,NaN
9,NaN,NaN,NaN,NaN,NaN,NaN,NaN,NaN
10,NaN,NaN,NaN,NaN,NaN,NaN,NaN,NaN
11,NaN,NaN,NaN,NaN,NaN,NaN,NaN,NaN
1,NaN,NaN,NaN,NaN,NaN,NaN,NaN,NaN
2,NaN,NaN,NaN,NaN,NaN,NaN,NaN,NaN
3,NaN,NaN,NaN,NaN,NaN,NaN,NaN,NaN
4,NaN,NaN,NaN,NaN,NaN,NaN,NaN,NaN
5,NaN,NaN,NaN,NaN,NaN,NaN,NaN,NaN
6,NaN,NaN,NaN,NaN,NaN,NaN,NaN,NaN
7,NaN,NaN,NaN,NaN,NaN,NaN,NaN,NaN
8,NaN,NaN,NaN,NaN,NaN,NaN,NaN,NaN
9,NaN,NaN,NaN,NaN,NaN,NaN,NaN,NaN
10,NaN,NaN,NaN,NaN,NaN,NaN,NaN,NaN
11,NaN,NaN,NaN,NaN,NaN,NaN,NaN,NaN
1,NaN,NaN,NaN,NaN,NaN,NaN,NaN,NaN
2,NaN,NaN,NaN,NaN,NaN,NaN,NaN,NaN
3,NaN,NaN,NaN,NaN,NaN,NaN,NaN,NaN
4,NaN,NaN,NaN,NaN,NaN,NaN,NaN,NaN
5,NaN,NaN,NaN,NaN,NaN,NaN,NaN,NaN
6,NaN,NaN,NaN,NaN,NaN,NaN,NaN,NaN
7,NaN,NaN,NaN,NaN,NaN,NaN,NaN,NaN
8,NaN,NaN,NaN,NaN,NaN,NaN,NaN,NaN
9,NaN,NaN,NaN,NaN,NaN,NaN,NaN,NaN
10,NaN,NaN,NaN,NaN,NaN,NaN,NaN,NaN
11,NaN,NaN,NaN,NaN,NaN,NaN,NaN,NaN
1,NaN,NaN,NaN,NaN,NaN,NaN,NaN,NaN
2,NaN,NaN,NaN,NaN,NaN,NaN,NaN,NaN
3,NaN,NaN,NaN,NaN,NaN,NaN,NaN,NaN
4,NaN,NaN,NaN,NaN,NaN,NaN,NaN,NaN
5,NaN,NaN,NaN,NaN,NaN,NaN,NaN,NaN
6,NaN,NaN,NaN,NaN,NaN,NaN,NaN,NaN
7,NaN,NaN,NaN,NaN,NaN,NaN,NaN,NaN
8,NaN,NaN,NaN,NaN,NaN,NaN,NaN,NaN
9,NaN,NaN,NaN,NaN,NaN,NaN,NaN,NaN
10,NaN,NaN,NaN,NaN,NaN,NaN,NaN,NaN
11,NaN,NaN,NaN,NaN,NaN,NaN,NaN,NaN
1,NaN,NaN,NaN,NaN,NaN,NaN,NaN,NaN
2,NaN,NaN,NaN,NaN,NaN,NaN,NaN,NaN
3,NaN,NaN,NaN,NaN,NaN,NaN,NaN,NaN
4,NaN,NaN,NaN,NaN,NaN,NaN,NaN,NaN
5,NaN,NaN,NaN,NaN,NaN,NaN,NaN,NaN
6,NaN,NaN,NaN,NaN,NaN,NaN,NaN,NaN
7,NaN,NaN,NaN,NaN,NaN,NaN,NaN,NaN
8,NaN,NaN,NaN,NaN,NaN,NaN,NaN,NaN
9,NaN,NaN,NaN,NaN,NaN,NaN,NaN,NaN
10,NaN,NaN,NaN,NaN,NaN,NaN,NaN,NaN
11,NaN,NaN,NaN,NaN,NaN,NaN,NaN,NaN
1,NaN,NaN,NaN,NaN,NaN,NaN,NaN,NaN
2,NaN,NaN,NaN,NaN,NaN,NaN,NaN,NaN
3,NaN,NaN,NaN,NaN,NaN,NaN,NaN,NaN
4,NaN,NaN,NaN,NaN,NaN,NaN,NaN,NaN
5,NaN,NaN,NaN,NaN,NaN,NaN,NaN,NaN
6,NaN,NaN,NaN,NaN,NaN,NaN,NaN,NaN
7,NaN,NaN,NaN,NaN,NaN,NaN,NaN,NaN
8,NaN,NaN,NaN,NaN,NaN,NaN,NaN,NaN
9,NaN,NaN,NaN,NaN,NaN,NaN,NaN,NaN
10,NaN,NaN,NaN,NaN,NaN,NaN,NaN,NaN
11,NaN,NaN,NaN,NaN,NaN,NaN,NaN,NaN
1,NaN,NaN,NaN,NaN,NaN,NaN,NaN,NaN
2,NaN,NaN,NaN,NaN,NaN,NaN,NaN,NaN
3,NaN,NaN,NaN,NaN,NaN,NaN,NaN,NaN
4,NaN,NaN,NaN,NaN,NaN,NaN,NaN,NaN
5,NaN,NaN,NaN,NaN,NaN,NaN,NaN,NaN
6,NaN,NaN,NaN,NaN,NaN,NaN,NaN,NaN
7,NaN,NaN,NaN,NaN,NaN,NaN,NaN,NaN
8,NaN,NaN,NaN,NaN,NaN,NaN,NaN,NaN
9,NaN,NaN,NaN,NaN,NaN,NaN,NaN,NaN
10,NaN,NaN,NaN,NaN,NaN,NaN,NaN,NaN
11,NaN,NaN,NaN,NaN,NaN,NaN,NaN,NaN
1,NaN,NaN,NaN,NaN,NaN,NaN,NaN,NaN
2,NaN,NaN,NaN,NaN,NaN,NaN,NaN,NaN
3,NaN,NaN,NaN,NaN,NaN,NaN,NaN,NaN
4,NaN,NaN,NaN,NaN,NaN,NaN,NaN,NaN
5,NaN,NaN,NaN,NaN,NaN,NaN,NaN,NaN
6,NaN,NaN,NaN,NaN,NaN,NaN,NaN,NaN
7,NaN,NaN,NaN,NaN,NaN,NaN,NaN,NaN
8,NaN,NaN,NaN,NaN,NaN,NaN,NaN,NaN
9,NaN,NaN,NaN,NaN,NaN,NaN,NaN,NaN
10,NaN,NaN,NaN,NaN,NaN,NaN,NaN,NaN
11,NaN,NaN,NaN,NaN,NaN,NaN,NaN,NaN
1,NaN,NaN,NaN,NaN,NaN,NaN,NaN,NaN
2,NaN,NaN,NaN,NaN,NaN,NaN,NaN,NaN
3,NaN,NaN,NaN,NaN,NaN,NaN,NaN,NaN
4,NaN,NaN,NaN,NaN,NaN,NaN,NaN,NaN
5,NaN,NaN,NaN,NaN,NaN,NaN,NaN,NaN
6,NaN,NaN,NaN,NaN,NaN,NaN,NaN,NaN
7,NaN,NaN,NaN,NaN,NaN,NaN,NaN,NaN
8,NaN,NaN,NaN,NaN,NaN,NaN,NaN,NaN
9,NaN,NaN,NaN,NaN,NaN,NaN,NaN,NaN
10,NaN,NaN,NaN,NaN,NaN,NaN,NaN,NaN
11,NaN,NaN,NaN,NaN,NaN,NaN,NaN,NaN
1,NaN,NaN,NaN,NaN,NaN,NaN,NaN,NaN
2,NaN,NaN,NaN,NaN,NaN,NaN,NaN,NaN
3,NaN,NaN,NaN,NaN,NaN,NaN,NaN,NaN
4,NaN,NaN,NaN,NaN,NaN,NaN,NaN,NaN
5,NaN,NaN,NaN,NaN,NaN,NaN,NaN,NaN
6,NaN,NaN,NaN,NaN,NaN,NaN,NaN,NaN
7,NaN,NaN,NaN,NaN,NaN,NaN,NaN,NaN
8,NaN,NaN,NaN,NaN,NaN,NaN,NaN,NaN
9,NaN,NaN,NaN,NaN,NaN,NaN,NaN,NaN
10,NaN,NaN,NaN,NaN,NaN,NaN,NaN,NaN
11,NaN,NaN,NaN,NaN,NaN,NaN,NaN,NaN
1,NaN,NaN,NaN,NaN,NaN,NaN,NaN,NaN
2,NaN,NaN,NaN,NaN,NaN,NaN,NaN,NaN
3,NaN,NaN,NaN,NaN,NaN,NaN,NaN,NaN
4,NaN,NaN,NaN,NaN,NaN,NaN,NaN,NaN
5,NaN,NaN,NaN,NaN,NaN,NaN,NaN,NaN
6,NaN,NaN,NaN,NaN,NaN,NaN,NaN,NaN
7,NaN,NaN,NaN,NaN,NaN,NaN,NaN,NaN
8,NaN,NaN,NaN,NaN,NaN,NaN,NaN,NaN
9,NaN,NaN,NaN,NaN,NaN,NaN,NaN,NaN
10,NaN,NaN,NaN,NaN,NaN,NaN,NaN,NaN
11,NaN,NaN,NaN,NaN,NaN,NaN,NaN,NaN
1,NaN,NaN,NaN,NaN,NaN,NaN,NaN,NaN
2,NaN,NaN,NaN,NaN,NaN,NaN,NaN,NaN
3,NaN,NaN,NaN,NaN,NaN,NaN,NaN,NaN
4,NaN,NaN,NaN,NaN,NaN,NaN,NaN,NaN
5,NaN,NaN,NaN,NaN,NaN,NaN,NaN,NaN
6,NaN,NaN,NaN,NaN,NaN,NaN,NaN,NaN
7,NaN,NaN,NaN,NaN,NaN,NaN,NaN,NaN
8,NaN,NaN,NaN,NaN,NaN,NaN,NaN,NaN
9,NaN,NaN,NaN,NaN,NaN,NaN,NaN,NaN
10,NaN,NaN,NaN,NaN,NaN,NaN,NaN,NaN
11,NaN,NaN,NaN,NaN,NaN,NaN,NaN,NaN
1,NaN,NaN,NaN,NaN,NaN,NaN,NaN,NaN
2,NaN,NaN,NaN,NaN,NaN,NaN,NaN,NaN
3,NaN,NaN,NaN,NaN,NaN,NaN,NaN,NaN
4,NaN,NaN,NaN,NaN,NaN,NaN,NaN,NaN
5,NaN,NaN,NaN,NaN,NaN,NaN,NaN,NaN
6,NaN,NaN,NaN,NaN,NaN,NaN,NaN,NaN
7,NaN,NaN,NaN,NaN,NaN,NaN,NaN,NaN
8,NaN,NaN,NaN,NaN,NaN,NaN,NaN,NaN
9,NaN,NaN,NaN,NaN,NaN,NaN,NaN,NaN
10,NaN,NaN,NaN,NaN,NaN,NaN,NaN,NaN
11,NaN,NaN,NaN,NaN,NaN,NaN,NaN,NaN
1,NaN,NaN,NaN,NaN,NaN,NaN,NaN,NaN
2,NaN,NaN,NaN,NaN,NaN,NaN,NaN,NaN
3,NaN,NaN,NaN,NaN,NaN,NaN,NaN,NaN
4,NaN,NaN,NaN,NaN,NaN,NaN,NaN,NaN
5,NaN,NaN,NaN,NaN,NaN,NaN,NaN,NaN
6,NaN,NaN,NaN,NaN,NaN,NaN,NaN,NaN
7,NaN,NaN,NaN,NaN,NaN,NaN,NaN,NaN
8,NaN,NaN,NaN,NaN,NaN,NaN,NaN,NaN
9,NaN,NaN,NaN,NaN,NaN,NaN,NaN,NaN
10,NaN,NaN,NaN,NaN,NaN,NaN,NaN,NaN
11,NaN,NaN,NaN,NaN,NaN,NaN,NaN,NaN
1,NaN,NaN,NaN,NaN,NaN,NaN,NaN,NaN
2,NaN,NaN,NaN,NaN,NaN,NaN,NaN,NaN
3,NaN,NaN,NaN,NaN,NaN,NaN,NaN,NaN
4,NaN,NaN,NaN,NaN,NaN,NaN,NaN,NaN
5,NaN,NaN,NaN,NaN,NaN,NaN,NaN,NaN
6,NaN,NaN,NaN,NaN,NaN,NaN,NaN,NaN
7,NaN,NaN,NaN,NaN,NaN,NaN,NaN,NaN
8,NaN,NaN,NaN,NaN,NaN,NaN,NaN,NaN
9,NaN,NaN,NaN,NaN,NaN,NaN,NaN,NaN
10,NaN,NaN,NaN,NaN,NaN,NaN,NaN,NaN
11,NaN,NaN,NaN,NaN,NaN,NaN,NaN,NaN
1,NaN,NaN,NaN,NaN,NaN,NaN,NaN,NaN
2,NaN,NaN,NaN,NaN,NaN,NaN,NaN,NaN
3,NaN,NaN,NaN,NaN,NaN,NaN,NaN,NaN
4,NaN,NaN,NaN,NaN,NaN,NaN,NaN,NaN
5,NaN,NaN,NaN,NaN,NaN,NaN,NaN,NaN
6,NaN,NaN,NaN,NaN,NaN,NaN,NaN,NaN
7,NaN,NaN,NaN,NaN,NaN,NaN,NaN,NaN
8,NaN,NaN,NaN,NaN,NaN,NaN,NaN,NaN
9,NaN,NaN,NaN,NaN,NaN,NaN,NaN,NaN
10,NaN,NaN,NaN,NaN,NaN,NaN,NaN,NaN
11,NaN,NaN,NaN,NaN,NaN,NaN,NaN,NaN
1,NaN,NaN,NaN,NaN,NaN,NaN,NaN,NaN
2,NaN,NaN,NaN,NaN,NaN,NaN,NaN,NaN
3,NaN,NaN,NaN,NaN,NaN,NaN,NaN,NaN
4,NaN,NaN,NaN,NaN,NaN,NaN,NaN,NaN
5,NaN,NaN,NaN,NaN,NaN,NaN,NaN,NaN
6,NaN,NaN,NaN,NaN,NaN,NaN,NaN,NaN
7,NaN,NaN,NaN,NaN,NaN,NaN,NaN,NaN
8,NaN,NaN,NaN,NaN,NaN,NaN,NaN,NaN
9,NaN,NaN,NaN,NaN,NaN,NaN,NaN,NaN
10,NaN,NaN,NaN,NaN,NaN,NaN,NaN,NaN
11,NaN,NaN,NaN,NaN,NaN,NaN,NaN,NaN
1,NaN,NaN,NaN,NaN,NaN,NaN,NaN,NaN
2,NaN,NaN,NaN,NaN,NaN,NaN,NaN,NaN
3,NaN,NaN,NaN,NaN,NaN,NaN,NaN,NaN
4,NaN,NaN,NaN,NaN,NaN,NaN,NaN,NaN
5,NaN,NaN,NaN,NaN,NaN,NaN,NaN,NaN
6,NaN,NaN,NaN,NaN,NaN,NaN,NaN,NaN
7,NaN,NaN,NaN,NaN,NaN,NaN,NaN,NaN
8,NaN,NaN,NaN,NaN,NaN,NaN,NaN,NaN
9,NaN,NaN,NaN,NaN,NaN,NaN,NaN,NaN
10,NaN,NaN,NaN,NaN,NaN,NaN,NaN,NaN
11,NaN,NaN,NaN,NaN,NaN,NaN,NaN,NaN
1,NaN,NaN,NaN,NaN,NaN,NaN,NaN,NaN
2,NaN,NaN,NaN,NaN,NaN,NaN,NaN,NaN
3,NaN,NaN,NaN,NaN,NaN,NaN,NaN,NaN
4,NaN,NaN,NaN,NaN,NaN,NaN,NaN,NaN
5,NaN,NaN,NaN,NaN,NaN,NaN,NaN,NaN
6,NaN,NaN,NaN,NaN,NaN,NaN,NaN,NaN
7,NaN,NaN,NaN,NaN,NaN,NaN,NaN,NaN
8,NaN,NaN,NaN,NaN,NaN,NaN,NaN,NaN
9,NaN,NaN,NaN,NaN,NaN,NaN,NaN,NaN
10,NaN,NaN,NaN,NaN,NaN,NaN,NaN,NaN
11,NaN,NaN,NaN,NaN,NaN,NaN,NaN,NaN
1,NaN,NaN,NaN,NaN,NaN,NaN,NaN,NaN
2,NaN,NaN,NaN,NaN,NaN,NaN,NaN,NaN
3,NaN,NaN,NaN,NaN,NaN,NaN,NaN,NaN
4,NaN,NaN,NaN,NaN,NaN,NaN,NaN,NaN
5,NaN,NaN,NaN,NaN,NaN,NaN,NaN,NaN
6,NaN,NaN,NaN,NaN,NaN,NaN,NaN,NaN
7,NaN,NaN,NaN,NaN,NaN,NaN,NaN,NaN
8,NaN,NaN,NaN,NaN,NaN,NaN,NaN,NaN
9,NaN,NaN,NaN,NaN,NaN,NaN,NaN,NaN
10,NaN,NaN,NaN,NaN,NaN,NaN,NaN,NaN
11,NaN,NaN,NaN,NaN,NaN,NaN,NaN,NaN
1,NaN,NaN,NaN,NaN,NaN,NaN,NaN,NaN
2,NaN,NaN,NaN,NaN,NaN,NaN,NaN,NaN
3,NaN,NaN,NaN,NaN,NaN,NaN,NaN,NaN
4,NaN,NaN,NaN,NaN,NaN,NaN,NaN,NaN
5,NaN,NaN,NaN,NaN,NaN,NaN,NaN,NaN
6,NaN,NaN,NaN,NaN,NaN,NaN,NaN,NaN
7,NaN,NaN,NaN,NaN,NaN,NaN,NaN,NaN
8,NaN,NaN,NaN,NaN,NaN,NaN,NaN,NaN
9,NaN,NaN,NaN,NaN,NaN,NaN,NaN,NaN
10,NaN,NaN,NaN,NaN,NaN,NaN,NaN,NaN
11,NaN,NaN,NaN,NaN,NaN,NaN,NaN,NaN
1,NaN,NaN,NaN,NaN,NaN,NaN,NaN,NaN
2,NaN,NaN,NaN,NaN,NaN,NaN,NaN,NaN
3,NaN,NaN,NaN,NaN,NaN,NaN,NaN,NaN
4,NaN,NaN,NaN,NaN,NaN,NaN,NaN,NaN
5,NaN,NaN,NaN,NaN,NaN,NaN,NaN,NaN
6,NaN,NaN,NaN,NaN,NaN,NaN,NaN,NaN
7,NaN,NaN,NaN,NaN,NaN,NaN,NaN,NaN
8,NaN,NaN,NaN,NaN,NaN,NaN,NaN,NaN
9,NaN,NaN,NaN,NaN,NaN,NaN,NaN,NaN
10,NaN,NaN,NaN,NaN,NaN,NaN,NaN,NaN
11,NaN,NaN,NaN,NaN,NaN,NaN,NaN,NaN
1,NaN,NaN,NaN,NaN,NaN,NaN,NaN,NaN
2,NaN,NaN,NaN,NaN,NaN,NaN,NaN,NaN
3,NaN,NaN,NaN,NaN,NaN,NaN,NaN,NaN
4,NaN,NaN,NaN,NaN,NaN,NaN,NaN,NaN
5,NaN,NaN,NaN,NaN,NaN,NaN,NaN,NaN
6,NaN,NaN,NaN,NaN,NaN,NaN,NaN,NaN
7,NaN,NaN,NaN,NaN,NaN,NaN,NaN,NaN
8,NaN,NaN,NaN,NaN,NaN,NaN,NaN,NaN
9,NaN,NaN,NaN,NaN,NaN,NaN,NaN,NaN
10,NaN,NaN,NaN,NaN,NaN,NaN,NaN,NaN
11,NaN,NaN,NaN,NaN,NaN,NaN,NaN,NaN
1,NaN,NaN,NaN,NaN,NaN,NaN,NaN,NaN
2,NaN,NaN,NaN,NaN,NaN,NaN,NaN,NaN
3,NaN,NaN,NaN,NaN,NaN,NaN,NaN,NaN
4,NaN,NaN,NaN,NaN,NaN,NaN,NaN,NaN
5,NaN,NaN,NaN,NaN,NaN,NaN,NaN,NaN
6,NaN,NaN,NaN,NaN,NaN,NaN,NaN,NaN
7,NaN,NaN,NaN,NaN,NaN,NaN,NaN,NaN
8,NaN,NaN,NaN,NaN,NaN,NaN,NaN,NaN
9,NaN,NaN,NaN,NaN,NaN,NaN,NaN,NaN
10,NaN,NaN,NaN,NaN,NaN,NaN,NaN,NaN
11,NaN,NaN,NaN,NaN,NaN,NaN,NaN,NaN
1,NaN,NaN,NaN,NaN,NaN,NaN,NaN,NaN
2,NaN,NaN,NaN,NaN,NaN,NaN,NaN,NaN
3,NaN,NaN,NaN,NaN,NaN,NaN,NaN,NaN
4,NaN,NaN,NaN,NaN,NaN,NaN,NaN,NaN
5,NaN,NaN,NaN,NaN,NaN,NaN,NaN,NaN
6,NaN,NaN,NaN,NaN,NaN,NaN,NaN,NaN
7,NaN,NaN,NaN,NaN,NaN,NaN,NaN,NaN
8,NaN,NaN,NaN,NaN,NaN,NaN,NaN,NaN
9,NaN,NaN,NaN,NaN,NaN,NaN,NaN,NaN
10,NaN,NaN,NaN,NaN,NaN,NaN,NaN,NaN
11,NaN,NaN,NaN,NaN,NaN,NaN,NaN,NaN
1,NaN,NaN,NaN,NaN,NaN,NaN,NaN,NaN
2,NaN,NaN,NaN,NaN,NaN,NaN,NaN,NaN
3,NaN,NaN,NaN,NaN,NaN,NaN,NaN,NaN
4,NaN,NaN,NaN,NaN,NaN,NaN,NaN,NaN
5,NaN,NaN,NaN,NaN,NaN,NaN,NaN,NaN
6,NaN,NaN,NaN,NaN,NaN,NaN,NaN,NaN
7,NaN,NaN,NaN,NaN,NaN,NaN,NaN,NaN
8,NaN,NaN,NaN,NaN,NaN,NaN,NaN,NaN
9,NaN,NaN,NaN,NaN,NaN,NaN,NaN,NaN
10,NaN,NaN,NaN,NaN,NaN,NaN,NaN,NaN
11,NaN,NaN,NaN,NaN,NaN,NaN,NaN,NaN
1,NaN,NaN,NaN,NaN,NaN,NaN,NaN,NaN
2,NaN,NaN,NaN,NaN,NaN,NaN,NaN,NaN
3,NaN,NaN,NaN,NaN,NaN,NaN,NaN,NaN
4,NaN,NaN,NaN,NaN,NaN,NaN,NaN,NaN
5,NaN,NaN,NaN,NaN,NaN,NaN,NaN,NaN
6,NaN,NaN,NaN,NaN,NaN,NaN,NaN,NaN
7,NaN,NaN,NaN,NaN,NaN,NaN,NaN,NaN
8,NaN,NaN,NaN,NaN,NaN,NaN,NaN,NaN
9,NaN,NaN,NaN,NaN,NaN,NaN,NaN,NaN
10,NaN,NaN,NaN,NaN,NaN,NaN,NaN,NaN
11,NaN,NaN,NaN,NaN,NaN,NaN,NaN,NaN
1,NaN,NaN,NaN,NaN,NaN,NaN,NaN,NaN
2,NaN,NaN,NaN,NaN,NaN,NaN,NaN,NaN
3,NaN,NaN,NaN,NaN,NaN,NaN,NaN,NaN
4,NaN,NaN,NaN,NaN,NaN,NaN,NaN,NaN
5,NaN,NaN,NaN,NaN,NaN,NaN,NaN,NaN
6,NaN,NaN,NaN,NaN,NaN,NaN,NaN,NaN
7,NaN,NaN,NaN,NaN,NaN,NaN,NaN,NaN
8,NaN,NaN,NaN,NaN,NaN,NaN,NaN,NaN
9,NaN,NaN,NaN,NaN,NaN,NaN,NaN,NaN
10,NaN,NaN,NaN,NaN,NaN,NaN,NaN,NaN
11,NaN,NaN,NaN,NaN,NaN,NaN,NaN,NaN
1,NaN,NaN,NaN,NaN,NaN,NaN,NaN,NaN
2,NaN,NaN,NaN,NaN,NaN,NaN,NaN,NaN
3,NaN,NaN,NaN,NaN,NaN,NaN,NaN,NaN
4,NaN,NaN,NaN,NaN,NaN,NaN,NaN,NaN
5,NaN,NaN,NaN,NaN,NaN,NaN,NaN,NaN
6,NaN,NaN,NaN,NaN,NaN,NaN,NaN,NaN
7,NaN,NaN,NaN,NaN,NaN,NaN,NaN,NaN
8,NaN,NaN,NaN,NaN,NaN,NaN,NaN,NaN
9,NaN,NaN,NaN,NaN,NaN,NaN,NaN,NaN
10,NaN,NaN,NaN,NaN,NaN,NaN,NaN,NaN
11,NaN,NaN,NaN,NaN,NaN,NaN,NaN,NaN
1,NaN,NaN,NaN,NaN,NaN,NaN,NaN,NaN
2,NaN,NaN,NaN,NaN,NaN,NaN,NaN,NaN
3,NaN,NaN,NaN,NaN,NaN,NaN,NaN,NaN
4,NaN,NaN,NaN,NaN,NaN,NaN,NaN,NaN
5,NaN,NaN,NaN,NaN,NaN,NaN,NaN,NaN
6,NaN,NaN,NaN,NaN,NaN,NaN,NaN,NaN
7,NaN,NaN,NaN,NaN,NaN,NaN,NaN,NaN
8,NaN,NaN,NaN,NaN,NaN,NaN,NaN,NaN
9,NaN,NaN,NaN,NaN,NaN,NaN,NaN,NaN
10,NaN,NaN,NaN,NaN,NaN,NaN,NaN,NaN
11,NaN,NaN,NaN,NaN,NaN,NaN,NaN,NaN
1,NaN,NaN,NaN,NaN,NaN,NaN,NaN,NaN
2,NaN,NaN,NaN,NaN,NaN,NaN,NaN,NaN
3,NaN,NaN,NaN,NaN,NaN,NaN,NaN,NaN
4,NaN,NaN,NaN,NaN,NaN,NaN,NaN,NaN
5,NaN,NaN,NaN,NaN,NaN,NaN,NaN,NaN
6,NaN,NaN,NaN,NaN,NaN,NaN,NaN,NaN
7,NaN,NaN,NaN,NaN,NaN,NaN,NaN,NaN
8,NaN,NaN,NaN,NaN,NaN,NaN,NaN,NaN
9,NaN,NaN,NaN,NaN,NaN,NaN,NaN,NaN
10,NaN,NaN,NaN,NaN,NaN,NaN,NaN,NaN
11,NaN,NaN,NaN,NaN,NaN,NaN,NaN,NaN
1,NaN,NaN,NaN,NaN,NaN,NaN,NaN,NaN
2,NaN,NaN,NaN,NaN,NaN,NaN,NaN,NaN
3,NaN,NaN,NaN,NaN,NaN,NaN,NaN,NaN
4,NaN,NaN,NaN,NaN,NaN,NaN,NaN,NaN
5,NaN,NaN,NaN,NaN,NaN,NaN,NaN,NaN
6,NaN,NaN,NaN,NaN,NaN,NaN,NaN,NaN
7,NaN,NaN,NaN,NaN,NaN,NaN,NaN,NaN
8,NaN,NaN,NaN,NaN,NaN,NaN,NaN,NaN
9,NaN,NaN,NaN,NaN,NaN,NaN,NaN,NaN
10,NaN,NaN,NaN,NaN,NaN,NaN,NaN,NaN
11,NaN,NaN,NaN,NaN,NaN,NaN,NaN,NaN
1,NaN,NaN,NaN,NaN,NaN,NaN,NaN,NaN
2,NaN,NaN,NaN,NaN,NaN,NaN,NaN,NaN
3,NaN,NaN,NaN,NaN,NaN,NaN,NaN,NaN
4,NaN,NaN,NaN,NaN,NaN,NaN,NaN,NaN
5,NaN,NaN,NaN,NaN,NaN,NaN,NaN,NaN
6,NaN,NaN,NaN,NaN,NaN,NaN,NaN,NaN
7,NaN,NaN,NaN,NaN,NaN,NaN,NaN,NaN
8,NaN,NaN,NaN,NaN,NaN,NaN,NaN,NaN
9,NaN,NaN,NaN,NaN,NaN,NaN,NaN,NaN
10,NaN,NaN,NaN,NaN,NaN,NaN,NaN,NaN
11,NaN,NaN,NaN,NaN,NaN,NaN,NaN,NaN
1,NaN,NaN,NaN,NaN,NaN,NaN,NaN,NaN
2,NaN,NaN,NaN,NaN,NaN,NaN,NaN,NaN
3,NaN,NaN,NaN,NaN,NaN,NaN,NaN,NaN
4,NaN,NaN,NaN,NaN,NaN,NaN,NaN,NaN
5,NaN,NaN,NaN,NaN,NaN,NaN,NaN,NaN
6,NaN,NaN,NaN,NaN,NaN,NaN,NaN,NaN
7,NaN,NaN,NaN,NaN,NaN,NaN,NaN,NaN
8,NaN,NaN,NaN,NaN,NaN,NaN,NaN,NaN
9,NaN,NaN,NaN,NaN,NaN,NaN,NaN,NaN
10,NaN,NaN,NaN,NaN,NaN,NaN,NaN,NaN
11,NaN,NaN,NaN,NaN,NaN,NaN,NaN,NaN
1,NaN,NaN,NaN,NaN,NaN,NaN,NaN,NaN
2,NaN,NaN,NaN,NaN,NaN,NaN,NaN,NaN
3,NaN,NaN,NaN,NaN,NaN,NaN,NaN,NaN
4,NaN,NaN,NaN,NaN,NaN,NaN,NaN,NaN
5,NaN,NaN,NaN,NaN,NaN,NaN,NaN,NaN
6,NaN,NaN,NaN,NaN,NaN,NaN,NaN,NaN
7,NaN,NaN,NaN,NaN,NaN,NaN,NaN,NaN
8,NaN,NaN,NaN,NaN,NaN,NaN,NaN,NaN
9,NaN,NaN,NaN,NaN,NaN,NaN,NaN,NaN
10,NaN,NaN,NaN,NaN,NaN,NaN,NaN,NaN
11,NaN,NaN,NaN,NaN,NaN,NaN,NaN,NaN
1,NaN,NaN,NaN,NaN,NaN,NaN,NaN,NaN
2,NaN,NaN,NaN,NaN,NaN,NaN,NaN,NaN
3,NaN,NaN,NaN,NaN,NaN,NaN,NaN,NaN
4,NaN,NaN,NaN,NaN,NaN,NaN,NaN,NaN
5,NaN,NaN,NaN,NaN,NaN,NaN,NaN,NaN
6,NaN,NaN,NaN,NaN,NaN,NaN,NaN,NaN
7,NaN,NaN,NaN,NaN,NaN,NaN,NaN,NaN
8,NaN,NaN,NaN,NaN,NaN,NaN,NaN,NaN
9,NaN,NaN,NaN,NaN,NaN,NaN,NaN,NaN
10,NaN,NaN,NaN,NaN,NaN,NaN,NaN,NaN
11,NaN,NaN,NaN,NaN,NaN,NaN,NaN,NaN
1,NaN,NaN,NaN,NaN,NaN,NaN,NaN,NaN
2,NaN,NaN,NaN,NaN,NaN,NaN,NaN,NaN
3,NaN,NaN,NaN,NaN,NaN,NaN,NaN,NaN
4,NaN,NaN,NaN,NaN,NaN,NaN,NaN,NaN
5,NaN,NaN,NaN,NaN,NaN,NaN,NaN,NaN
6,NaN,NaN,NaN,NaN,NaN,NaN,NaN,NaN
7,NaN,NaN,NaN,NaN,NaN,NaN,NaN,NaN
8,NaN,NaN,NaN,NaN,NaN,NaN,NaN,NaN
9,NaN,NaN,NaN,NaN,NaN,NaN,NaN,NaN
10,NaN,NaN,NaN,NaN,NaN,NaN,NaN,NaN
11,NaN,NaN,NaN,NaN,NaN,NaN,NaN,NaN
1,NaN,NaN,NaN,NaN,NaN,NaN,NaN,NaN
2,NaN,NaN,NaN,NaN,NaN,NaN,NaN,NaN
3,NaN,NaN,NaN,NaN,NaN,NaN,NaN,NaN
4,NaN,NaN,NaN,NaN,NaN,NaN,NaN,NaN
5,NaN,NaN,NaN,NaN,NaN,NaN,NaN,NaN
6,NaN,NaN,NaN,NaN,NaN,NaN,NaN,NaN
7,NaN,NaN,NaN,NaN,NaN,NaN,NaN,NaN
8,NaN,NaN,NaN,NaN,NaN,NaN,NaN,NaN
9,NaN,NaN,NaN,NaN,NaN,NaN,NaN,NaN
10,NaN,NaN,NaN,NaN,NaN,NaN,NaN,NaN
11,NaN,NaN,NaN,NaN,NaN,NaN,NaN,NaN
1,NaN,NaN,NaN,NaN,NaN,NaN,NaN,NaN
2,NaN,NaN,NaN,NaN,NaN,NaN,NaN,NaN
3,NaN,NaN,NaN,NaN,NaN,NaN,NaN,NaN
4,NaN,NaN,NaN,NaN,NaN,NaN,NaN,NaN
5,NaN,NaN,NaN,NaN,NaN,NaN,NaN,NaN
6,NaN,NaN,NaN,NaN,NaN,NaN,NaN,NaN
7,NaN,NaN,NaN,NaN,NaN,NaN,NaN,NaN
8,NaN,NaN,NaN,NaN,NaN,NaN,NaN,NaN
9,NaN,NaN,NaN,NaN,NaN,NaN,NaN,NaN
10,NaN,NaN,NaN,NaN,NaN,NaN,NaN,NaN
11,NaN,NaN,NaN,NaN,NaN,NaN,NaN,NaN
1,NaN,NaN,NaN,NaN,NaN,NaN,NaN,NaN
2,NaN,NaN,NaN,NaN,NaN,NaN,NaN,NaN
3,NaN,NaN,NaN,NaN,NaN,NaN,NaN,NaN
4,NaN,NaN,NaN,NaN,NaN,NaN,NaN,NaN
5,NaN,NaN,NaN,NaN,NaN,NaN,NaN,NaN
6,NaN,NaN,NaN,NaN,NaN,NaN,NaN,NaN
7,NaN,NaN,NaN,NaN,NaN,NaN,NaN,NaN
8,NaN,NaN,NaN,NaN,NaN,NaN,NaN,NaN
9,NaN,NaN,NaN,NaN,NaN,NaN,NaN,NaN
10,NaN,NaN,NaN,NaN,NaN,NaN,NaN,NaN
11,NaN,NaN,NaN,NaN,NaN,NaN,NaN,NaN
1,NaN,NaN,NaN,NaN,NaN,NaN,NaN,NaN
2,NaN,NaN,NaN,NaN,NaN,NaN,NaN,NaN
3,NaN,NaN,NaN,NaN,NaN,NaN,NaN,NaN
4,NaN,NaN,NaN,NaN,NaN,NaN,NaN,NaN
5,NaN,NaN,NaN,NaN,NaN,NaN,NaN,NaN
6,NaN,NaN,NaN,NaN,NaN,NaN,NaN,NaN
7,NaN,NaN,NaN,NaN,NaN,NaN,NaN,NaN
8,NaN,NaN,NaN,NaN,NaN,NaN,NaN,NaN
9,NaN,NaN,NaN,NaN,NaN,NaN,NaN,NaN
10,NaN,NaN,NaN,NaN,NaN,NaN,NaN,NaN
11,NaN,NaN,NaN,NaN,NaN,NaN,NaN,NaN
1,NaN,NaN,NaN,NaN,NaN,NaN,NaN,NaN
2,NaN,NaN,NaN,NaN,NaN,NaN,NaN,NaN
3,NaN,NaN,NaN,NaN,NaN,NaN,NaN,NaN
4,NaN,NaN,NaN,NaN,NaN,NaN,NaN,NaN
5,NaN,NaN,NaN,NaN,NaN,NaN,NaN,NaN
6,NaN,NaN,NaN,NaN,NaN,NaN,NaN,NaN
7,NaN,NaN,NaN,NaN,NaN,NaN,NaN,NaN
8,NaN,NaN,NaN,NaN,NaN,NaN,NaN,NaN
9,NaN,NaN,NaN,NaN,NaN,NaN,NaN,NaN
10,NaN,NaN,NaN,NaN,NaN,NaN,NaN,NaN
11,NaN,NaN,NaN,NaN,NaN,NaN,NaN,NaN
1,NaN,NaN,NaN,NaN,NaN,NaN,NaN,NaN
2,NaN,NaN,NaN,NaN,NaN,NaN,NaN,NaN
3,NaN,NaN,NaN,NaN,NaN,NaN,NaN,NaN
4,NaN,NaN,NaN,NaN,NaN,NaN,NaN,NaN
5,NaN,NaN,NaN,NaN,NaN,NaN,NaN,NaN
6,NaN,NaN,NaN,NaN,NaN,NaN,NaN,NaN
7,NaN,NaN,NaN,NaN,NaN,NaN,NaN,NaN
8,NaN,NaN,NaN,NaN,NaN,NaN,NaN,NaN
9,NaN,NaN,NaN,NaN,NaN,NaN,NaN,NaN
10,NaN,NaN,NaN,NaN,NaN,NaN,NaN,NaN
11,NaN,NaN,NaN,NaN,NaN,NaN,NaN,NaN
1,NaN,NaN,NaN,NaN,NaN,NaN,NaN,NaN
2,NaN,NaN,NaN,NaN,NaN,NaN,NaN,NaN
3,NaN,NaN,NaN,NaN,NaN,NaN,NaN,NaN
4,NaN,NaN,NaN,NaN,NaN,NaN,NaN,NaN
5,NaN,NaN,NaN,NaN,NaN,NaN,NaN,NaN
6,NaN,NaN,NaN,NaN,NaN,NaN,NaN,NaN
7,NaN,NaN,NaN,NaN,NaN,NaN,NaN,NaN
8,NaN,NaN,NaN,NaN,NaN,NaN,NaN,NaN
9,NaN,NaN,NaN,NaN,NaN,NaN,NaN,NaN
10,NaN,NaN,NaN,NaN,NaN,NaN,NaN,NaN
11,NaN,NaN,NaN,NaN,NaN,NaN,NaN,NaN
1,NaN,NaN,NaN,NaN,NaN,NaN,NaN,NaN
2,NaN,NaN,NaN,NaN,NaN,NaN,NaN,NaN
3,NaN,NaN,NaN,NaN,NaN,NaN,NaN,NaN
4,NaN,NaN,NaN,NaN,NaN,NaN,NaN,NaN
5,NaN,NaN,NaN,NaN,NaN,NaN,NaN,NaN
6,NaN,NaN,NaN,NaN,NaN,NaN,NaN,NaN
7,NaN,NaN,NaN,NaN,NaN,NaN,NaN,NaN
8,NaN,NaN,NaN,NaN,NaN,NaN,NaN,NaN
9,NaN,NaN,NaN,NaN,NaN,NaN,NaN,NaN
10,NaN,NaN,NaN,NaN,NaN,NaN,NaN,NaN
11,NaN,NaN,NaN,NaN,NaN,NaN,NaN,NaN
1,NaN,NaN,NaN,NaN,NaN,NaN,NaN,NaN
2,NaN,NaN,NaN,NaN,NaN,NaN,NaN,NaN
3,NaN,NaN,NaN,NaN,NaN,NaN,NaN,NaN
4,NaN,NaN,NaN,NaN,NaN,NaN,NaN,NaN
5,NaN,NaN,NaN,NaN,NaN,NaN,NaN,NaN
6,NaN,NaN,NaN,NaN,NaN,NaN,NaN,NaN
7,NaN,NaN,NaN,NaN,NaN,NaN,NaN,NaN
8,NaN,NaN,NaN,NaN,NaN,NaN,NaN,NaN
9,NaN,NaN,NaN,NaN,NaN,NaN,NaN,NaN
10,NaN,NaN,NaN,NaN,NaN,NaN,NaN,NaN
11,NaN,NaN,NaN,NaN,NaN,NaN,NaN,NaN
1,NaN,NaN,NaN,NaN,NaN,NaN,NaN,NaN
2,NaN,NaN,NaN,NaN,NaN,NaN,NaN,NaN
3,NaN,NaN,NaN,NaN,NaN,NaN,NaN,NaN
4,NaN,NaN,NaN,NaN,NaN,NaN,NaN,NaN
5,NaN,NaN,NaN,NaN,NaN,NaN,NaN,NaN
6,NaN,NaN,NaN,NaN,NaN,NaN,NaN,NaN
7,NaN,NaN,NaN,NaN,NaN,NaN,NaN,NaN
8,NaN,NaN,NaN,NaN,NaN,NaN,NaN,NaN
9,NaN,NaN,NaN,NaN,NaN,NaN,NaN,NaN
10,NaN,NaN,NaN,NaN,NaN,NaN,NaN,NaN
11,NaN,NaN,NaN,NaN,NaN,NaN,NaN,NaN
1,NaN,NaN,NaN,NaN,NaN,NaN,NaN,NaN
2,NaN,NaN,NaN,NaN,NaN,NaN,NaN,NaN
3,NaN,NaN,NaN,NaN,NaN,NaN,NaN,NaN
4,NaN,NaN,NaN,NaN,NaN,NaN,NaN,NaN
5,NaN,NaN,NaN,NaN,NaN,NaN,NaN,NaN
6,NaN,NaN,NaN,NaN,NaN,NaN,NaN,NaN
7,NaN,NaN,NaN,NaN,NaN,NaN,NaN,NaN
8,NaN,NaN,NaN,NaN,NaN,NaN,NaN,NaN
9,NaN,NaN,NaN,NaN,NaN,NaN,NaN,NaN
10,NaN,NaN,NaN,NaN,NaN,NaN,NaN,NaN
11,NaN,NaN,NaN,NaN,NaN,NaN,NaN,NaN
1,NaN,NaN,NaN,NaN,NaN,NaN,NaN,NaN
2,NaN,NaN,NaN,NaN,NaN,NaN,NaN,NaN
3,NaN,NaN,NaN,NaN,NaN,NaN,NaN,NaN
4,NaN,NaN,NaN,NaN,NaN,NaN,NaN,NaN
5,NaN,NaN,NaN,NaN,NaN,NaN,NaN,NaN
6,NaN,NaN,NaN,NaN,NaN,NaN,NaN,NaN
7,NaN,NaN,NaN,NaN,NaN,NaN,NaN,NaN
8,NaN,NaN,NaN,NaN,NaN,NaN,NaN,NaN
9,NaN,NaN,NaN,NaN,NaN,NaN,NaN,NaN
10,NaN,NaN,NaN,NaN,NaN,NaN,NaN,NaN
11,NaN,NaN,NaN,NaN,NaN,NaN,NaN,NaN
1,NaN,NaN,NaN,NaN,NaN,NaN,NaN,NaN
2,NaN,NaN,NaN,NaN,NaN,NaN,NaN,NaN
3,NaN,NaN,NaN,NaN,NaN,NaN,NaN,NaN
4,NaN,NaN,NaN,NaN,NaN,NaN,NaN,NaN
5,NaN,NaN,NaN,NaN,NaN,NaN,NaN,NaN
6,NaN,NaN,NaN,NaN,NaN,NaN,NaN,NaN
7,NaN,NaN,NaN,NaN,NaN,NaN,NaN,NaN
8,NaN,NaN,NaN,NaN,NaN,NaN,NaN,NaN
9,NaN,NaN,NaN,NaN,NaN,NaN,NaN,NaN
10,NaN,NaN,NaN,NaN,NaN,NaN,NaN,NaN
11,NaN,NaN,NaN,NaN,NaN,NaN,NaN,NaN
1,NaN,NaN,NaN,NaN,NaN,NaN,NaN,NaN
2,NaN,NaN,NaN,NaN,NaN,NaN,NaN,NaN
3,NaN,NaN,NaN,NaN,NaN,NaN,NaN,NaN
4,NaN,NaN,NaN,NaN,NaN,NaN,NaN,NaN
5,NaN,NaN,NaN,NaN,NaN,NaN,NaN,NaN
6,NaN,NaN,NaN,NaN,NaN,NaN,NaN,NaN
7,NaN,NaN,NaN,NaN,NaN,NaN,NaN,NaN
8,NaN,NaN,NaN,NaN,NaN,NaN,NaN,NaN
9,NaN,NaN,NaN,NaN,NaN,NaN,NaN,NaN
10,NaN,NaN,NaN,NaN,NaN,NaN,NaN,NaN
11,NaN,NaN,NaN,NaN,NaN,NaN,NaN,NaN
1,NaN,NaN,NaN,NaN,NaN,NaN,NaN,NaN
2,NaN,NaN,NaN,NaN,NaN,NaN,NaN,NaN
3,NaN,NaN,NaN,NaN,NaN,NaN,NaN,NaN
4,NaN,NaN,NaN,NaN,NaN,NaN,NaN,NaN
5,NaN,NaN,NaN,NaN,NaN,NaN,NaN,NaN
6,NaN,NaN,NaN,NaN,NaN,NaN,NaN,NaN
7,NaN,NaN,NaN,NaN,NaN,NaN,NaN,NaN
8,NaN,NaN,NaN,NaN,NaN,NaN,NaN,NaN
9,NaN,NaN,NaN,NaN,NaN,NaN,NaN,NaN
10,NaN,NaN,NaN,NaN,NaN,NaN,NaN,NaN
11,NaN,NaN,NaN,NaN,NaN,NaN,NaN,NaN
1,NaN,NaN,NaN,NaN,NaN,NaN,NaN,NaN
2,NaN,NaN,NaN,NaN,NaN,NaN,NaN,NaN
3,NaN,NaN,NaN,NaN,NaN,NaN,NaN,NaN
4,NaN,NaN,NaN,NaN,NaN,NaN,NaN,NaN
5,NaN,NaN,NaN,NaN,NaN,NaN,NaN,NaN
6,NaN,NaN,NaN,NaN,NaN,NaN,NaN,NaN
7,NaN,NaN,NaN,NaN,NaN,NaN,NaN,NaN
8,NaN,NaN,NaN,NaN,NaN,NaN,NaN,NaN
9,NaN,NaN,NaN,NaN,NaN,NaN,NaN,NaN
10,NaN,NaN,NaN,NaN,NaN,NaN,NaN,NaN
11,NaN,NaN,NaN,NaN,NaN,NaN,NaN,NaN
1,NaN,NaN,NaN,NaN,NaN,NaN,NaN,NaN
2,NaN,NaN,NaN,NaN,NaN,NaN,NaN,NaN
3,NaN,NaN,NaN,NaN,NaN,NaN,NaN,NaN
4,NaN,NaN,NaN,NaN,NaN,NaN,NaN,NaN
5,NaN,NaN,NaN,NaN,NaN,NaN,NaN,NaN
6,NaN,NaN,NaN,NaN,NaN,NaN,NaN,NaN
7,NaN,NaN,NaN,NaN,NaN,NaN,NaN,NaN
8,NaN,NaN,NaN,NaN,NaN,NaN,NaN,NaN
9,NaN,NaN,NaN,NaN,NaN,NaN,NaN,NaN
10,NaN,NaN,NaN,NaN,NaN,NaN,NaN,NaN
11,NaN,NaN,NaN,NaN,NaN,NaN,NaN,NaN
1,NaN,NaN,NaN,NaN,NaN,NaN,NaN,NaN
2,NaN,NaN,NaN,NaN,NaN,NaN,NaN,NaN
3,NaN,NaN,NaN,NaN,NaN,NaN,NaN,NaN
4,NaN,NaN,NaN,NaN,NaN,NaN,NaN,NaN
5,NaN,NaN,NaN,NaN,NaN,NaN,NaN,NaN
6,NaN,NaN,NaN,NaN,NaN,NaN,NaN,NaN
7,NaN,NaN,NaN,NaN,NaN,NaN,NaN,NaN
8,NaN,NaN,NaN,NaN,NaN,NaN,NaN,NaN
9,NaN,NaN,NaN,NaN,NaN,NaN,NaN,NaN
10,NaN,NaN,NaN,NaN,NaN,NaN,NaN,NaN
11,NaN,NaN,NaN,NaN,NaN,NaN,NaN,NaN
1,NaN,NaN,NaN,NaN,NaN,NaN,NaN,NaN
2,NaN,NaN,NaN,NaN,NaN,NaN,NaN,NaN
3,NaN,NaN,NaN,NaN,NaN,NaN,NaN,NaN
4,NaN,NaN,NaN,NaN,NaN,NaN,NaN,NaN
5,NaN,NaN,NaN,NaN,NaN,NaN,NaN,NaN
6,NaN,NaN,NaN,NaN,NaN,NaN,NaN,NaN
7,NaN,NaN,NaN,NaN,NaN,NaN,NaN,NaN
8,NaN,NaN,NaN,NaN,NaN,NaN,NaN,NaN
9,NaN,NaN,NaN,NaN,NaN,NaN,NaN,NaN
10,NaN,NaN,NaN,NaN,NaN,NaN,NaN,NaN
11,NaN,NaN,NaN,NaN,NaN,NaN,NaN,NaN
1,NaN,NaN,NaN,NaN,NaN,NaN,NaN,NaN
2,NaN,NaN,NaN,NaN,NaN,NaN,NaN,NaN
3,NaN,NaN,NaN,NaN,NaN,NaN,NaN,NaN
4,NaN,NaN,NaN,NaN,NaN,NaN,NaN,NaN
5,NaN,NaN,NaN,NaN,NaN,NaN,NaN,NaN
6,NaN,NaN,NaN,NaN,NaN,NaN,NaN,NaN
7,NaN,NaN,NaN,NaN,NaN,NaN,NaN,NaN
8,NaN,NaN,NaN,NaN,NaN,NaN,NaN,NaN
9,NaN,NaN,NaN,NaN,NaN,NaN,NaN,NaN
10,NaN,NaN,NaN,NaN,NaN,NaN,NaN,NaN
11,NaN,NaN,NaN,NaN,NaN,NaN,NaN,NaN
1,NaN,NaN,NaN,NaN,NaN,NaN,NaN,NaN
2,NaN,NaN,NaN,NaN,NaN,NaN,NaN,NaN
3,NaN,NaN,NaN,NaN,NaN,NaN,NaN,NaN
4,NaN,NaN,NaN,NaN,NaN,NaN,NaN,NaN
5,NaN,NaN,NaN,NaN,NaN,NaN,NaN,NaN
6,NaN,NaN,NaN,NaN,NaN,NaN,NaN,NaN
7,NaN,NaN,NaN,NaN,NaN,NaN,NaN,NaN
8,NaN,NaN,NaN,NaN,NaN,NaN,NaN,NaN
9,NaN,NaN,NaN,NaN,NaN,NaN,NaN,NaN
10,NaN,NaN,NaN,NaN,NaN,NaN,NaN,NaN
11,NaN,NaN,NaN,NaN,NaN,NaN,NaN,NaN
1,NaN,NaN,NaN,NaN,NaN,NaN,NaN,NaN
2,NaN,NaN,NaN,NaN,NaN,NaN,NaN,NaN
3,NaN,NaN,NaN,NaN,NaN,NaN,NaN,NaN
4,NaN,NaN,NaN,NaN,NaN,NaN,NaN,NaN
5,NaN,NaN,NaN,NaN,NaN,NaN,NaN,NaN
6,NaN,NaN,NaN,NaN,NaN,NaN,NaN,NaN
7,NaN,NaN,NaN,NaN,NaN,NaN,NaN,NaN
8,NaN,NaN,NaN,NaN,NaN,NaN,NaN,NaN
9,NaN,NaN,NaN,NaN,NaN,NaN,NaN,NaN
10,NaN,NaN,NaN,NaN,NaN,NaN,NaN,NaN
11,NaN,NaN,NaN,NaN,NaN,NaN,NaN,NaN
1,NaN,NaN,NaN,NaN,NaN,NaN,NaN,NaN
2,NaN,NaN,NaN,NaN,NaN,NaN,NaN,NaN
3,NaN,NaN,NaN,NaN,NaN,NaN,NaN,NaN
4,NaN,NaN,NaN,NaN,NaN,NaN,NaN,NaN
5,NaN,NaN,NaN,NaN,NaN,NaN,NaN,NaN
6,NaN,NaN,NaN,NaN,NaN,NaN,NaN,NaN
7,NaN,NaN,NaN,NaN,NaN,NaN,NaN,NaN
8,NaN,NaN,NaN,NaN,NaN,NaN,NaN,NaN
9,NaN,NaN,NaN,NaN,NaN,NaN,NaN,NaN
10,NaN,NaN,NaN,NaN,NaN,NaN,NaN,NaN
11,NaN,NaN,NaN,NaN,NaN,NaN,NaN,NaN
1,NaN,NaN,NaN,NaN,NaN,NaN,NaN,NaN
2,NaN,NaN,NaN,NaN,NaN,NaN,NaN,NaN
3,NaN,NaN,NaN,NaN,NaN,NaN,NaN,NaN
4,NaN,NaN,NaN,NaN,NaN,NaN,NaN,NaN
5,NaN,NaN,NaN,NaN,NaN,NaN,NaN,NaN
6,NaN,NaN,NaN,NaN,NaN,NaN,NaN,NaN
7,NaN,NaN,NaN,NaN,NaN,NaN,NaN,NaN
8,NaN,NaN,NaN,NaN,NaN,NaN,NaN,NaN
9,NaN,NaN,NaN,NaN,NaN,NaN,NaN,NaN
10,NaN,NaN,NaN,NaN,NaN,NaN,NaN,NaN
11,NaN,NaN,NaN,NaN,NaN,NaN,NaN,NaN
1,NaN,NaN,NaN,NaN,NaN,NaN,NaN,NaN
2,NaN,NaN,NaN,NaN,NaN,NaN,NaN,NaN
3,NaN,NaN,NaN,NaN,NaN,NaN,NaN,NaN
4,NaN,NaN,NaN,NaN,NaN,NaN,NaN,NaN
5,NaN,NaN,NaN,NaN,NaN,NaN,NaN,NaN
6,NaN,NaN,NaN,NaN,NaN,NaN,NaN,NaN
7,NaN,NaN,NaN,NaN,NaN,NaN,NaN,NaN
8,NaN,NaN,NaN,NaN,NaN,NaN,NaN,NaN
9,NaN,NaN,NaN,NaN,NaN,NaN,NaN,NaN
10,NaN,NaN,NaN,NaN,NaN,NaN,NaN,NaN
11,NaN,NaN,NaN,NaN,NaN,NaN,NaN,NaN
1,NaN,NaN,NaN,NaN,NaN,NaN,NaN,NaN
2,NaN,NaN,NaN,NaN,NaN,NaN,NaN,NaN
3,NaN,NaN,NaN,NaN,NaN,NaN,NaN,NaN
4,NaN,NaN,NaN,NaN,NaN,NaN,NaN,NaN
5,NaN,NaN,NaN,NaN,NaN,NaN,NaN,NaN
6,NaN,NaN,NaN,NaN,NaN,NaN,NaN,NaN
7,NaN,NaN,NaN,NaN,NaN,NaN,NaN,NaN
8,NaN,NaN,NaN,NaN,NaN,NaN,NaN,NaN
9,NaN,NaN,NaN,NaN,NaN,NaN,NaN,NaN
10,NaN,NaN,NaN,NaN,NaN,NaN,NaN,NaN
11,NaN,NaN,NaN,NaN,NaN,NaN,NaN,NaN
1,NaN,NaN,NaN,NaN,NaN,NaN,NaN,NaN
2,NaN,NaN,NaN,NaN,NaN,NaN,NaN,NaN
3,NaN,NaN,NaN,NaN,NaN,NaN,NaN,NaN
4,NaN,NaN,NaN,NaN,NaN,NaN,NaN,NaN
5,NaN,NaN,NaN,NaN,NaN,NaN,NaN,NaN
6,NaN,NaN,NaN,NaN,NaN,NaN,NaN,NaN
7,NaN,NaN,NaN,NaN,NaN,NaN,NaN,NaN
8,NaN,NaN,NaN,NaN,NaN,NaN,NaN,NaN
9,NaN,NaN,NaN,NaN,NaN,NaN,NaN,NaN
10,NaN,NaN,NaN,NaN,NaN,NaN,NaN,NaN
11,NaN,NaN,NaN,NaN,NaN,NaN,NaN,NaN
1,NaN,NaN,NaN,NaN,NaN,NaN,NaN,NaN
2,NaN,NaN,NaN,NaN,NaN,NaN,NaN,NaN
3,NaN,NaN,NaN,NaN,NaN,NaN,NaN,NaN
4,NaN,NaN,NaN,NaN,NaN,NaN,NaN,NaN
5,NaN,NaN,NaN,NaN,NaN,NaN,NaN,NaN
6,NaN,NaN,NaN,NaN,NaN,NaN,NaN,NaN
7,NaN,NaN,NaN,NaN,NaN,NaN,NaN,NaN
8,NaN,NaN,NaN,NaN,NaN,NaN,NaN,NaN
9,NaN,NaN,NaN,NaN,NaN,NaN,NaN,NaN
10,NaN,NaN,NaN,NaN,NaN,NaN,NaN,NaN
11,NaN,NaN,NaN,NaN,NaN,NaN,NaN,NaN
1,NaN,NaN,NaN,NaN,NaN,NaN,NaN,NaN
2,NaN,NaN,NaN,NaN,NaN,NaN,NaN,NaN
3,NaN,NaN,NaN,NaN,NaN,NaN,NaN,NaN
4,NaN,NaN,NaN,NaN,NaN,NaN,NaN,NaN
5,NaN,NaN,NaN,NaN,NaN,NaN,NaN,NaN
6,NaN,NaN,NaN,NaN,NaN,NaN,NaN,NaN
7,NaN,NaN,NaN,NaN,NaN,NaN,NaN,NaN
8,NaN,NaN,NaN,NaN,NaN,NaN,NaN,NaN
9,NaN,NaN,NaN,NaN,NaN,NaN,NaN,NaN
10,NaN,NaN,NaN,NaN,NaN,NaN,NaN,NaN
11,NaN,NaN,NaN,NaN,NaN,NaN,NaN,NaN
1,NaN,NaN,NaN,NaN,NaN,NaN,NaN,NaN
2,NaN,NaN,NaN,NaN,NaN,NaN,NaN,NaN
3,NaN,NaN,NaN,NaN,NaN,NaN,NaN,NaN
4,NaN,NaN,NaN,NaN,NaN,NaN,NaN,NaN
5,NaN,NaN,NaN,NaN,NaN,NaN,NaN,NaN
6,NaN,NaN,NaN,NaN,NaN,NaN,NaN,NaN
7,NaN,NaN,NaN,NaN,NaN,NaN,NaN,NaN
8,NaN,NaN,NaN,NaN,NaN,NaN,NaN,NaN
9,NaN,NaN,NaN,NaN,NaN,NaN,NaN,NaN
10,NaN,NaN,NaN,NaN,NaN,NaN,NaN,NaN
11,NaN,NaN,NaN,NaN,NaN,NaN,NaN,NaN
1,NaN,NaN,NaN,NaN,NaN,NaN,NaN,NaN
2,NaN,NaN,NaN,NaN,NaN,NaN,NaN,NaN
3,NaN,NaN,NaN,NaN,NaN,NaN,NaN,NaN
4,NaN,NaN,NaN,NaN,NaN,NaN,NaN,NaN
5,NaN,NaN,NaN,NaN,NaN,NaN,NaN,NaN
6,NaN,NaN,NaN,NaN,NaN,NaN,NaN,NaN
7,NaN,NaN,NaN,NaN,NaN,NaN,NaN,NaN
8,NaN,NaN,NaN,NaN,NaN,NaN,NaN,NaN
9,NaN,NaN,NaN,NaN,NaN,NaN,NaN,NaN
10,NaN,NaN,NaN,NaN,NaN,NaN,NaN,NaN
11,NaN,NaN,NaN,NaN,NaN,NaN,NaN,NaN
1,NaN,NaN,NaN,NaN,NaN,NaN,NaN,NaN
2,NaN,NaN,NaN,NaN,NaN,NaN,NaN,NaN
3,NaN,NaN,NaN,NaN,NaN,NaN,NaN,NaN
4,NaN,NaN,NaN,NaN,NaN,NaN,NaN,NaN
5,NaN,NaN,NaN,NaN,NaN,NaN,NaN,NaN
6,NaN,NaN,NaN,NaN,NaN,NaN,NaN,NaN
7,NaN,NaN,NaN,NaN,NaN,NaN,NaN,NaN
8,NaN,NaN,NaN,NaN,NaN,NaN,NaN,NaN
9,NaN,NaN,NaN,NaN,NaN,NaN,NaN,NaN
10,NaN,NaN,NaN,NaN,NaN,NaN,NaN,NaN
11,NaN,NaN,NaN,NaN,NaN,NaN,NaN,NaN
1,NaN,NaN,NaN,NaN,NaN,NaN,NaN,NaN
2,NaN,NaN,NaN,NaN,NaN,NaN,NaN,NaN
3,NaN,NaN,NaN,NaN,NaN,NaN,NaN,NaN
4,NaN,NaN,NaN,NaN,NaN,NaN,NaN,NaN
5,NaN,NaN,NaN,NaN,NaN,NaN,NaN,NaN
6,NaN,NaN,NaN,NaN,NaN,NaN,NaN,NaN
7,NaN,NaN,NaN,NaN,NaN,NaN,NaN,NaN
8,NaN,NaN,NaN,NaN,NaN,NaN,NaN,NaN
9,NaN,NaN,NaN,NaN,NaN,NaN,NaN,NaN
10,NaN,NaN,NaN,NaN,NaN,NaN,NaN,NaN
11,NaN,NaN,NaN,NaN,NaN,NaN,NaN,NaN
1,NaN,NaN,NaN,NaN,NaN,NaN,NaN,NaN
2,NaN,NaN,NaN,NaN,NaN,NaN,NaN,NaN
3,NaN,NaN,NaN,NaN,NaN,NaN,NaN,NaN
4,NaN,NaN,NaN,NaN,NaN,NaN,NaN,NaN
5,NaN,NaN,NaN,NaN,NaN,NaN,NaN,NaN
6,NaN,NaN,NaN,NaN,NaN,NaN,NaN,NaN
7,NaN,NaN,NaN,NaN,NaN,NaN,NaN,NaN
8,NaN,NaN,NaN,NaN,NaN,NaN,NaN,NaN
9,NaN,NaN,NaN,NaN,NaN,NaN,NaN,NaN
10,NaN,NaN,NaN,NaN,NaN,NaN,NaN,NaN
11,NaN,NaN,NaN,NaN,NaN,NaN,NaN,NaN
1,NaN,NaN,NaN,NaN,NaN,NaN,NaN,NaN
2,NaN,NaN,NaN,NaN,NaN,NaN,NaN,NaN
3,NaN,NaN,NaN,NaN,NaN,NaN,NaN,NaN
4,NaN,NaN,NaN,NaN,NaN,NaN,NaN,NaN
5,NaN,NaN,NaN,NaN,NaN,NaN,NaN,NaN
6,NaN,NaN,NaN,NaN,NaN,NaN,NaN,NaN
7,NaN,NaN,NaN,NaN,NaN,NaN,NaN,NaN
8,NaN,NaN,NaN,NaN,NaN,NaN,NaN,NaN
9,NaN,NaN,NaN,NaN,NaN,NaN,NaN,NaN
10,NaN,NaN,NaN,NaN,NaN,NaN,NaN,NaN
11,NaN,NaN,NaN,NaN,NaN,NaN,NaN,NaN
1,NaN,NaN,NaN,NaN,NaN,NaN,NaN,NaN
2,NaN,NaN,NaN,NaN,NaN,NaN,NaN,NaN
3,NaN,NaN,NaN,NaN,NaN,NaN,NaN,NaN
4,NaN,NaN,NaN,NaN,NaN,NaN,NaN,NaN
5,NaN,NaN,NaN,NaN,NaN,NaN,NaN,NaN
6,NaN,NaN,NaN,NaN,NaN,NaN,NaN,NaN
7,NaN,NaN,NaN,NaN,NaN,NaN,NaN,NaN
8,NaN,NaN,NaN,NaN,NaN,NaN,NaN,NaN
9,NaN,NaN,NaN,NaN,NaN,NaN,NaN,NaN
10,NaN,NaN,NaN,NaN,NaN,NaN,NaN,NaN
11,NaN,NaN,NaN,NaN,NaN,NaN,NaN,NaN
1,NaN,NaN,NaN,NaN,NaN,NaN,NaN,NaN
2,NaN,NaN,NaN,NaN,NaN,NaN,NaN,NaN
3,NaN,NaN,NaN,NaN,NaN,NaN,NaN,NaN
4,NaN,NaN,NaN,NaN,NaN,NaN,NaN,NaN
5,NaN,NaN,NaN,NaN,NaN,NaN,NaN,NaN
6,NaN,NaN,NaN,NaN,NaN,NaN,NaN,NaN
7,NaN,NaN,NaN,NaN,NaN,NaN,NaN,NaN
8,NaN,NaN,NaN,NaN,NaN,NaN,NaN,NaN
9,NaN,NaN,NaN,NaN,NaN,NaN,NaN,NaN
10,NaN,NaN,NaN,NaN,NaN,NaN,NaN,NaN
11,NaN,NaN,NaN,NaN,NaN,NaN,NaN,NaN
1,NaN,NaN,NaN,NaN,NaN,NaN,NaN,NaN
2,NaN,NaN,NaN,NaN,NaN,NaN,NaN,NaN
3,NaN,NaN,NaN,NaN,NaN,NaN,NaN,NaN
4,NaN,NaN,NaN,NaN,NaN,NaN,NaN,NaN
5,NaN,NaN,NaN,NaN,NaN,NaN,NaN,NaN
6,NaN,NaN,NaN,NaN,NaN,NaN,NaN,NaN
7,NaN,NaN,NaN,NaN,NaN,NaN,NaN,NaN
8,NaN,NaN,NaN,NaN,NaN,NaN,NaN,NaN
9,NaN,NaN,NaN,NaN,NaN,NaN,NaN,NaN
10,NaN,NaN,NaN,NaN,NaN,NaN,NaN,NaN
11,NaN,NaN,NaN,NaN,NaN,NaN,NaN,NaN
1,NaN,NaN,NaN,NaN,NaN,NaN,NaN,NaN
2,NaN,NaN,NaN,NaN,NaN,NaN,NaN,NaN
3,NaN,NaN,NaN,NaN,NaN,NaN,NaN,NaN
4,NaN,NaN,NaN,NaN,NaN,NaN,NaN,NaN
5,NaN,NaN,NaN,NaN,NaN,NaN,NaN,NaN
6,NaN,NaN,NaN,NaN,NaN,NaN,NaN,NaN
7,NaN,NaN,NaN,NaN,NaN,NaN,NaN,NaN
8,NaN,NaN,NaN,NaN,NaN,NaN,NaN,NaN
9,NaN,NaN,NaN,NaN,NaN,NaN,NaN,NaN
10,NaN,NaN,NaN,NaN,NaN,NaN,NaN,NaN
11,NaN,NaN,NaN,NaN,NaN,NaN,NaN,NaN
1,NaN,NaN,NaN,NaN,NaN,NaN,NaN,NaN
2,NaN,NaN,NaN,NaN,NaN,NaN,NaN,NaN
3,NaN,NaN,NaN,NaN,NaN,NaN,NaN,NaN
4,NaN,NaN,NaN,NaN,NaN,NaN,NaN,NaN
5,NaN,NaN,NaN,NaN,NaN,NaN,NaN,NaN
6,NaN,NaN,NaN,NaN,NaN,NaN,NaN,NaN
7,NaN,NaN,NaN,NaN,NaN,NaN,NaN,NaN
8,NaN,NaN,NaN,NaN,NaN,NaN,NaN,NaN
9,NaN,NaN,NaN,NaN,NaN,NaN,NaN,NaN
10,NaN,NaN,NaN,NaN,NaN,NaN,NaN,NaN
11,NaN,NaN,NaN,NaN,NaN,NaN,NaN,NaN
1,NaN,NaN,NaN,NaN,NaN,NaN,NaN,NaN
2,NaN,NaN,NaN,NaN,NaN,NaN,NaN,NaN
3,NaN,NaN,NaN,NaN,NaN,NaN,NaN,NaN
4,NaN,NaN,NaN,NaN,NaN,NaN,NaN,NaN
5,NaN,NaN,NaN,NaN,NaN,NaN,NaN,NaN
6,NaN,NaN,NaN,NaN,NaN,NaN,NaN,NaN
7,NaN,NaN,NaN,NaN,NaN,NaN,NaN,NaN
8,NaN,NaN,NaN,NaN,NaN,NaN,NaN,NaN
9,NaN,NaN,NaN,NaN,NaN,NaN,NaN,NaN
10,NaN,NaN,NaN,NaN,NaN,NaN,NaN,NaN
11,NaN,NaN,NaN,NaN,NaN,NaN,NaN,NaN
1,NaN,NaN,NaN,NaN,NaN,NaN,NaN,NaN
2,NaN,NaN,NaN,NaN,NaN,NaN,NaN,NaN
3,NaN,NaN,NaN,NaN,NaN,NaN,NaN,NaN
4,NaN,NaN,NaN,NaN,NaN,NaN,NaN,NaN
5,NaN,NaN,NaN,NaN,NaN,NaN,NaN,NaN
6,NaN,NaN,NaN,NaN,NaN,NaN,NaN,NaN
7,NaN,NaN,NaN,NaN,NaN,NaN,NaN,NaN
8,NaN,NaN,NaN,NaN,NaN,NaN,NaN,NaN
9,NaN,NaN,NaN,NaN,NaN,NaN,NaN,NaN
10,NaN,NaN,NaN,NaN,NaN,NaN,NaN,NaN
11,NaN,NaN,NaN,NaN,NaN,NaN,NaN,NaN
1,NaN,NaN,NaN,NaN,NaN,NaN,NaN,NaN
2,NaN,NaN,NaN,NaN,NaN,NaN,NaN,NaN
3,NaN,NaN,NaN,NaN,NaN,NaN,NaN,NaN
4,NaN,NaN,NaN,NaN,NaN,NaN,NaN,NaN
5,NaN,NaN,NaN,NaN,NaN,NaN,NaN,NaN
6,NaN,NaN,NaN,NaN,NaN,NaN,NaN,NaN
7,NaN,NaN,NaN,NaN,NaN,NaN,NaN,NaN
8,NaN,NaN,NaN,NaN,NaN,NaN,NaN,NaN
9,NaN,NaN,NaN,NaN,NaN,NaN,NaN,NaN
10,NaN,NaN,NaN,NaN,NaN,NaN,NaN,NaN
11,NaN,NaN,NaN,NaN,NaN,NaN,NaN,NaN
1,NaN,NaN,NaN,NaN,NaN,NaN,NaN,NaN
2,NaN,NaN,NaN,NaN,NaN,NaN,NaN,NaN
3,NaN,NaN,NaN,NaN,NaN,NaN,NaN,NaN
4,NaN,NaN,NaN,NaN,NaN,NaN,NaN,NaN
5,NaN,NaN,NaN,NaN,NaN,NaN,NaN,NaN
6,NaN,NaN,NaN,NaN,NaN,NaN,NaN,NaN
7,NaN,NaN,NaN,NaN,NaN,NaN,NaN,NaN
8,NaN,NaN,NaN,NaN,NaN,NaN,NaN,NaN
9,NaN,NaN,NaN,NaN,NaN,NaN,NaN,NaN
10,NaN,NaN,NaN,NaN,NaN,NaN,NaN,NaN
11,NaN,NaN,NaN,NaN,NaN,NaN,NaN,NaN
1,NaN,NaN,NaN,NaN,NaN,NaN,NaN,NaN
2,NaN,NaN,NaN,NaN,NaN,NaN,NaN,NaN
3,NaN,NaN,NaN,NaN,NaN,NaN,NaN,NaN
4,NaN,NaN,NaN,NaN,NaN,NaN,NaN,NaN
5,NaN,NaN,NaN,NaN,NaN,NaN,NaN,NaN
6,NaN,NaN,NaN,NaN,NaN,NaN,NaN,NaN
7,NaN,NaN,NaN,NaN,NaN,NaN,NaN,NaN
8,NaN,NaN,NaN,NaN,NaN,NaN,NaN,NaN
9,NaN,NaN,NaN,NaN,NaN,NaN,NaN,NaN
10,NaN,NaN,NaN,NaN,NaN,NaN,NaN,NaN
11,NaN,NaN,NaN,NaN,NaN,NaN,NaN,NaN
1,NaN,NaN,NaN,NaN,NaN,NaN,NaN,NaN
2,NaN,NaN,NaN,NaN,NaN,NaN,NaN,NaN
3,NaN,NaN,NaN,NaN,NaN,NaN,NaN,NaN
4,NaN,NaN,NaN,NaN,NaN,NaN,NaN,NaN
5,NaN,NaN,NaN,NaN,NaN,NaN,NaN,NaN
6,NaN,NaN,NaN,NaN,NaN,NaN,NaN,NaN
7,NaN,NaN,NaN,NaN,NaN,NaN,NaN,NaN
8,NaN,NaN,NaN,NaN,NaN,NaN,NaN,NaN
9,NaN,NaN,NaN,NaN,NaN,NaN,NaN,NaN
10,NaN,NaN,NaN,NaN,NaN,NaN,NaN,NaN
11,NaN,NaN,NaN,NaN,NaN,NaN,NaN,NaN
1,NaN,NaN,NaN,NaN,NaN,NaN,NaN,NaN
2,NaN,NaN,NaN,NaN,NaN,NaN,NaN,NaN
3,NaN,NaN,NaN,NaN,NaN,NaN,NaN,NaN
4,NaN,NaN,NaN,NaN,NaN,NaN,NaN,NaN
5,NaN,NaN,NaN,NaN,NaN,NaN,NaN,NaN
6,NaN,NaN,NaN,NaN,NaN,NaN,NaN,NaN
7,NaN,NaN,NaN,NaN,NaN,NaN,NaN,NaN
8,NaN,NaN,NaN,NaN,NaN,NaN,NaN,NaN
9,NaN,NaN,NaN,NaN,NaN,NaN,NaN,NaN
10,NaN,NaN,NaN,NaN,NaN,NaN,NaN,NaN
11,NaN,NaN,NaN,NaN,NaN,NaN,NaN,NaN
1,NaN,NaN,NaN,NaN,NaN,NaN,NaN,NaN
2,NaN,NaN,NaN,NaN,NaN,NaN,NaN,NaN
3,NaN,NaN,NaN,NaN,NaN,NaN,NaN,NaN
4,NaN,NaN,NaN,NaN,NaN,NaN,NaN,NaN
5,NaN,NaN,NaN,NaN,NaN,NaN,NaN,NaN
6,NaN,NaN,NaN,NaN,NaN,NaN,NaN,NaN
7,NaN,NaN,NaN,NaN,NaN,NaN,NaN,NaN
8,NaN,NaN,NaN,NaN,NaN,NaN,NaN,NaN
9,NaN,NaN,NaN,NaN,NaN,NaN,NaN,NaN
10,NaN,NaN,NaN,NaN,NaN,NaN,NaN,NaN
11,NaN,NaN,NaN,NaN,NaN,NaN,NaN,NaN
1,NaN,NaN,NaN,NaN,NaN,NaN,NaN,NaN
2,NaN,NaN,NaN,NaN,NaN,NaN,NaN,NaN
3,NaN,NaN,NaN,NaN,NaN,NaN,NaN,NaN
4,NaN,NaN,NaN,NaN,NaN,NaN,NaN,NaN
5,NaN,NaN,NaN,NaN,NaN,NaN,NaN,NaN
6,NaN,NaN,NaN,NaN,NaN,NaN,NaN,NaN
7,NaN,NaN,NaN,NaN,NaN,NaN,NaN,NaN
8,NaN,NaN,NaN,NaN,NaN,NaN,NaN,NaN
9,NaN,NaN,NaN,NaN,NaN,NaN,NaN,NaN
10,NaN,NaN,NaN,NaN,NaN,NaN,NaN,NaN
11,NaN,NaN,NaN,NaN,NaN,NaN,NaN,NaN
1,NaN,NaN,NaN,NaN,NaN,NaN,NaN,NaN
2,NaN,NaN,NaN,NaN,NaN,NaN,NaN,NaN
3,NaN,NaN,NaN,NaN,NaN,NaN,NaN,NaN
4,NaN,NaN,NaN,NaN,NaN,NaN,NaN,NaN
5,NaN,NaN,NaN,NaN,NaN,NaN,NaN,NaN
6,NaN,NaN,NaN,NaN,NaN,NaN,NaN,NaN
7,NaN,NaN,NaN,NaN,NaN,NaN,NaN,NaN
8,NaN,NaN,NaN,NaN,NaN,NaN,NaN,NaN
9,NaN,NaN,NaN,NaN,NaN,NaN,NaN,NaN
10,NaN,NaN,NaN,NaN,NaN,NaN,NaN,NaN
11,NaN,NaN,NaN,NaN,NaN,NaN,NaN,NaN
1,NaN,NaN,NaN,NaN,NaN,NaN,NaN,NaN
2,NaN,NaN,NaN,NaN,NaN,NaN,NaN,NaN
3,NaN,NaN,NaN,NaN,NaN,NaN,NaN,NaN
4,NaN,NaN,NaN,NaN,NaN,NaN,NaN,NaN
5,NaN,NaN,NaN,NaN,NaN,NaN,NaN,NaN
6,NaN,NaN,NaN,NaN,NaN,NaN,NaN,NaN
7,NaN,NaN,NaN,NaN,NaN,NaN,NaN,NaN
8,NaN,NaN,NaN,NaN,NaN,NaN,NaN,NaN
9,NaN,NaN,NaN,NaN,NaN,NaN,NaN,NaN
10,NaN,NaN,NaN,NaN,NaN,NaN,NaN,NaN
11,NaN,NaN,NaN,NaN,NaN,NaN,NaN,NaN
1,NaN,NaN,NaN,NaN,NaN,NaN,NaN,NaN
2,NaN,NaN,NaN,NaN,NaN,NaN,NaN,NaN
3,NaN,NaN,NaN,NaN,NaN,NaN,NaN,NaN
4,NaN,NaN,NaN,NaN,NaN,NaN,NaN,NaN
5,NaN,NaN,NaN,NaN,NaN,NaN,NaN,NaN
6,NaN,NaN,NaN,NaN,NaN,NaN,NaN,NaN
7,NaN,NaN,NaN,NaN,NaN,NaN,NaN,NaN
8,NaN,NaN,NaN,NaN,NaN,NaN,NaN,NaN
9,NaN,NaN,NaN,NaN,NaN,NaN,NaN,NaN
10,NaN,NaN,NaN,NaN,NaN,NaN,NaN,NaN
11,NaN,NaN,NaN,NaN,NaN,NaN,NaN,NaN
1,NaN,NaN,NaN,NaN,NaN,NaN,NaN,NaN
2,NaN,NaN,NaN,NaN,NaN,NaN,NaN,NaN
3,NaN,NaN,NaN,NaN,NaN,NaN,NaN,NaN
4,NaN,NaN,NaN,NaN,NaN,NaN,NaN,NaN
5,NaN,NaN,NaN,NaN,NaN,NaN,NaN,NaN
6,NaN,NaN,NaN,NaN,NaN,NaN,NaN,NaN
7,NaN,NaN,NaN,NaN,NaN,NaN,NaN,NaN
8,NaN,NaN,NaN,NaN,NaN,NaN,NaN,NaN
9,NaN,NaN,NaN,NaN,NaN,NaN,NaN,NaN
10,NaN,NaN,NaN,NaN,NaN,NaN,NaN,NaN
11,NaN,NaN,NaN,NaN,NaN,NaN,NaN,NaN
1,NaN,NaN,NaN,NaN,NaN,NaN,NaN,NaN
2,NaN,NaN,NaN,NaN,NaN,NaN,NaN,NaN
3,NaN,NaN,NaN,NaN,NaN,NaN,NaN,NaN
4,NaN,NaN,NaN,NaN,NaN,NaN,NaN,NaN
5,NaN,NaN,NaN,NaN,NaN,NaN,NaN,NaN
6,NaN,NaN,NaN,NaN,NaN,NaN,NaN,NaN
7,NaN,NaN,NaN,NaN,NaN,NaN,NaN,NaN
8,NaN,NaN,NaN,NaN,NaN,NaN,NaN,NaN
9,NaN,NaN,NaN,NaN,NaN,NaN,NaN,NaN
10,NaN,NaN,NaN,NaN,NaN,NaN,NaN,NaN
11,NaN,NaN,NaN,NaN,NaN,NaN,NaN,NaN
1,NaN,NaN,NaN,NaN,NaN,NaN,NaN,NaN
2,NaN,NaN,NaN,NaN,NaN,NaN,NaN,NaN
3,NaN,NaN,NaN,NaN,NaN,NaN,NaN,NaN
4,NaN,NaN,NaN,NaN,NaN,NaN,NaN,NaN
5,NaN,NaN,NaN,NaN,NaN,NaN,NaN,NaN
6,NaN,NaN,NaN,NaN,NaN,NaN,NaN,NaN
7,NaN,NaN,NaN,NaN,NaN,NaN,NaN,NaN
8,NaN,NaN,NaN,NaN,NaN,NaN,NaN,NaN
9,NaN,NaN,NaN,NaN,NaN,NaN,NaN,NaN
10,NaN,NaN,NaN,NaN,NaN,NaN,NaN,NaN
11,NaN,NaN,NaN,NaN,NaN,NaN,NaN,NaN
1,NaN,NaN,NaN,NaN,NaN,NaN,NaN,NaN
2,NaN,NaN,NaN,NaN,NaN,NaN,NaN,NaN
3,NaN,NaN,NaN,NaN,NaN,NaN,NaN,NaN
4,NaN,NaN,NaN,NaN,NaN,NaN,NaN,NaN
5,NaN,NaN,NaN,NaN,NaN,NaN,NaN,NaN
6,NaN,NaN,NaN,NaN,NaN,NaN,NaN,NaN
7,NaN,NaN,NaN,NaN,NaN,NaN,NaN,NaN
8,NaN,NaN,NaN,NaN,NaN,NaN,NaN,NaN
9,NaN,NaN,NaN,NaN,NaN,NaN,NaN,NaN
10,NaN,NaN,NaN,NaN,NaN,NaN,NaN,NaN
11,NaN,NaN,NaN,NaN,NaN,NaN,NaN,NaN
1,NaN,NaN,NaN,NaN,NaN,NaN,NaN,NaN
2,NaN,NaN,NaN,NaN,NaN,NaN,NaN,NaN
3,NaN,NaN,NaN,NaN,NaN,NaN,NaN,NaN
4,NaN,NaN,NaN,NaN,NaN,NaN,NaN,NaN
5,NaN,NaN,NaN,NaN,NaN,NaN,NaN,NaN
6,NaN,NaN,NaN,NaN,NaN,NaN,NaN,NaN
7,NaN,NaN,NaN,NaN,NaN,NaN,NaN,NaN
8,NaN,NaN,NaN,NaN,NaN,NaN,NaN,NaN
9,NaN,NaN,NaN,NaN,NaN,NaN,NaN,NaN
10,NaN,NaN,NaN,NaN,NaN,NaN,NaN,NaN
11,NaN,NaN,NaN,NaN,NaN,NaN,NaN,NaN
1,NaN,NaN,NaN,NaN,NaN,NaN,NaN,NaN
2,NaN,NaN,NaN,NaN,NaN,NaN,NaN,NaN
3,NaN,NaN,NaN,NaN,NaN,NaN,NaN,NaN
4,NaN,NaN,NaN,NaN,NaN,NaN,NaN,NaN
5,NaN,NaN,NaN,NaN,NaN,NaN,NaN,NaN
6,NaN,NaN,NaN,NaN,NaN,NaN,NaN,NaN
7,NaN,NaN,NaN,NaN,NaN,NaN,NaN,NaN
8,NaN,NaN,NaN,NaN,NaN,NaN,NaN,NaN
9,NaN,NaN,NaN,NaN,NaN,NaN,NaN,NaN
10,NaN,NaN,NaN,NaN,NaN,NaN,NaN,NaN
11,NaN,NaN,NaN,NaN,NaN,NaN,NaN,NaN
1,NaN,NaN,NaN,NaN,NaN,NaN,NaN,NaN
2,NaN,NaN,NaN,NaN,NaN,NaN,NaN,NaN
3,NaN,NaN,NaN,NaN,NaN,NaN,NaN,NaN
4,NaN,NaN,NaN,NaN,NaN,NaN,NaN,NaN
5,NaN,NaN,NaN,NaN,NaN,NaN,NaN,NaN
6,NaN,NaN,NaN,NaN,NaN,NaN,NaN,NaN
7,NaN,NaN,NaN,NaN,NaN,NaN,NaN,NaN
8,NaN,NaN,NaN,NaN,NaN,NaN,NaN,NaN
9,NaN,NaN,NaN,NaN,NaN,NaN,NaN,NaN
10,NaN,NaN,NaN,NaN,NaN,NaN,NaN,NaN
11,NaN,NaN,NaN,NaN,NaN,NaN,NaN,NaN
1,NaN,NaN,NaN,NaN,NaN,NaN,NaN,NaN
2,NaN,NaN,NaN,NaN,NaN,NaN,NaN,NaN
3,NaN,NaN,NaN,NaN,NaN,NaN,NaN,NaN
4,NaN,NaN,NaN,NaN,NaN,NaN,NaN,NaN
5,NaN,NaN,NaN,NaN,NaN,NaN,NaN,NaN
6,NaN,NaN,NaN,NaN,NaN,NaN,NaN,NaN
7,NaN,NaN,NaN,NaN,NaN,NaN,NaN,NaN
8,NaN,NaN,NaN,NaN,NaN,NaN,NaN,NaN
9,NaN,NaN,NaN,NaN,NaN,NaN,NaN,NaN
10,NaN,NaN,NaN,NaN,NaN,NaN,NaN,NaN
11,NaN,NaN,NaN,NaN,NaN,NaN,NaN,NaN
1,NaN,NaN,NaN,NaN,NaN,NaN,NaN,NaN
2,NaN,NaN,NaN,NaN,NaN,NaN,NaN,NaN
3,NaN,NaN,NaN,NaN,NaN,NaN,NaN,NaN
4,NaN,NaN,NaN,NaN,NaN,NaN,NaN,NaN
5,NaN,NaN,NaN,NaN,NaN,NaN,NaN,NaN
6,NaN,NaN,NaN,NaN,NaN,NaN,NaN,NaN
7,NaN,NaN,NaN,NaN,NaN,NaN,NaN,NaN
8,NaN,NaN,NaN,NaN,NaN,NaN,NaN,NaN
9,NaN,NaN,NaN,NaN,NaN,NaN,NaN,NaN
10,NaN,NaN,NaN,NaN,NaN,NaN,NaN,NaN
11,NaN,NaN,NaN,NaN,NaN,NaN,NaN,NaN
1,NaN,NaN,NaN,NaN,NaN,NaN,NaN,NaN
2,NaN,NaN,NaN,NaN,NaN,NaN,NaN,NaN
3,NaN,NaN,NaN,NaN,NaN,NaN,NaN,NaN
4,NaN,NaN,NaN,NaN,NaN,NaN,NaN,NaN
5,NaN,NaN,NaN,NaN,NaN,NaN,NaN,NaN
6,NaN,NaN,NaN,NaN,NaN,NaN,NaN,NaN
7,NaN,NaN,NaN,NaN,NaN,NaN,NaN,NaN
8,NaN,NaN,NaN,NaN,NaN,NaN,NaN,NaN
9,NaN,NaN,NaN,NaN,NaN,NaN,NaN,NaN
10,NaN,NaN,NaN,NaN,NaN,NaN,NaN,NaN
11,NaN,NaN,NaN,NaN,NaN,NaN,NaN,NaN
1,NaN,NaN,NaN,NaN,NaN,NaN,NaN,NaN
2,NaN,NaN,NaN,NaN,NaN,NaN,NaN,NaN
3,NaN,NaN,NaN,NaN,NaN,NaN,NaN,NaN
4,NaN,NaN,NaN,NaN,NaN,NaN,NaN,NaN
5,NaN,NaN,NaN,NaN,NaN,NaN,NaN,NaN
6,NaN,NaN,NaN,NaN,NaN,NaN,NaN,NaN
7,NaN,NaN,NaN,NaN,NaN,NaN,NaN,NaN
8,NaN,NaN,NaN,NaN,NaN,NaN,NaN,NaN
9,NaN,NaN,NaN,NaN,NaN,NaN,NaN,NaN
10,NaN,NaN,NaN,NaN,NaN,NaN,NaN,NaN
11,NaN,NaN,NaN,NaN,NaN,NaN,NaN,NaN
1,NaN,NaN,NaN,NaN,NaN,NaN,NaN,NaN
2,NaN,NaN,NaN,NaN,NaN,NaN,NaN,NaN
3,NaN,NaN,NaN,NaN,NaN,NaN,NaN,NaN
4,NaN,NaN,NaN,NaN,NaN,NaN,NaN,NaN
5,NaN,NaN,NaN,NaN,NaN,NaN,NaN,NaN
6,NaN,NaN,NaN,NaN,NaN,NaN,NaN,NaN
7,NaN,NaN,NaN,NaN,NaN,NaN,NaN,NaN
8,NaN,NaN,NaN,NaN,NaN,NaN,NaN,NaN
9,NaN,NaN,NaN,NaN,NaN,NaN,NaN,NaN
10,NaN,NaN,NaN,NaN,NaN,NaN,NaN,NaN
11,NaN,NaN,NaN,NaN,NaN,NaN,NaN,NaN
1,NaN,NaN,NaN,NaN,NaN,NaN,NaN,NaN
2,NaN,NaN,NaN,NaN,NaN,NaN,NaN,NaN
3,NaN,NaN,NaN,NaN,NaN,NaN,NaN,NaN
4,NaN,NaN,NaN,NaN,NaN,NaN,NaN,NaN
5,NaN,NaN,NaN,NaN,NaN,NaN,NaN,NaN
6,NaN,NaN,NaN,NaN,NaN,NaN,NaN,NaN
7,NaN,NaN,NaN,NaN,NaN,NaN,NaN,NaN
8,NaN,NaN,NaN,NaN,NaN,NaN,NaN,NaN
9,NaN,NaN,NaN,NaN,NaN,NaN,NaN,NaN
10,NaN,NaN,NaN,NaN,NaN,NaN,NaN,NaN
11,NaN,NaN,NaN,NaN,NaN,NaN,NaN,NaN
1,NaN,NaN,NaN,NaN,NaN,NaN,NaN,NaN
2,NaN,NaN,NaN,NaN,NaN,NaN,NaN,NaN
3,NaN,NaN,NaN,NaN,NaN,NaN,NaN,NaN
4,NaN,NaN,NaN,NaN,NaN,NaN,NaN,NaN
5,NaN,NaN,NaN,NaN,NaN,NaN,NaN,NaN
6,NaN,NaN,NaN,NaN,NaN,NaN,NaN,NaN
7,NaN,NaN,NaN,NaN,NaN,NaN,NaN,NaN
8,NaN,NaN,NaN,NaN,NaN,NaN,NaN,NaN
9,NaN,NaN,NaN,NaN,NaN,NaN,NaN,NaN
10,NaN,NaN,NaN,NaN,NaN,NaN,NaN,NaN
11,NaN,NaN,NaN,NaN,NaN,NaN,NaN,NaN
1,NaN,NaN,NaN,NaN,NaN,NaN,NaN,NaN
2,NaN,NaN,NaN,NaN,NaN,NaN,NaN,NaN
3,NaN,NaN,NaN,NaN,NaN,NaN,NaN,NaN
4,NaN,NaN,NaN,NaN,NaN,NaN,NaN,NaN
5,NaN,NaN,NaN,NaN,NaN,NaN,NaN,NaN
6,NaN,NaN,NaN,NaN,NaN,NaN,NaN,NaN
7,NaN,NaN,NaN,NaN,NaN,NaN,NaN,NaN
8,NaN,NaN,NaN,NaN,NaN,NaN,NaN,NaN
9,NaN,NaN,NaN,NaN,NaN,NaN,NaN,NaN
10,NaN,NaN,NaN,NaN,NaN,NaN,NaN,NaN
11,NaN,NaN,NaN,NaN,NaN,NaN,NaN,NaN
1,NaN,NaN,NaN,NaN,NaN,NaN,NaN,NaN
2,NaN,NaN,NaN,NaN,NaN,NaN,NaN,NaN
3,NaN,NaN,NaN,NaN,NaN,NaN,NaN,NaN
4,NaN,NaN,NaN,NaN,NaN,NaN,NaN,NaN
5,NaN,NaN,NaN,NaN,NaN,NaN,NaN,NaN
6,NaN,NaN,NaN,NaN,NaN,NaN,NaN,NaN
7,NaN,NaN,NaN,NaN,NaN,NaN,NaN,NaN
8,NaN,NaN,NaN,NaN,NaN,NaN,NaN,NaN
9,NaN,NaN,NaN,NaN,NaN,NaN,NaN,NaN
10,NaN,NaN,NaN,NaN,NaN,NaN,NaN,NaN
11,NaN,NaN,NaN,NaN,NaN,NaN,NaN,NaN
1,NaN,NaN,NaN,NaN,NaN,NaN,NaN,NaN
2,NaN,NaN,NaN,NaN,NaN,NaN,NaN,NaN
3,NaN,NaN,NaN,NaN,NaN,NaN,NaN,NaN
4,NaN,NaN,NaN,NaN,NaN,NaN,NaN,NaN
5,NaN,NaN,NaN,NaN,NaN,NaN,NaN,NaN
6,NaN,NaN,NaN,NaN,NaN,NaN,NaN,NaN
7,NaN,NaN,NaN,NaN,NaN,NaN,NaN,NaN
8,NaN,NaN,NaN,NaN,NaN,NaN,NaN,NaN
9,NaN,NaN,NaN,NaN,NaN,NaN,NaN,NaN
10,NaN,NaN,NaN,NaN,NaN,NaN,NaN,NaN
11,NaN,NaN,NaN,NaN,NaN,NaN,NaN,NaN
1,NaN,NaN,NaN,NaN,NaN,NaN,NaN,NaN
2,NaN,NaN,NaN,NaN,NaN,NaN,NaN,NaN
3,NaN,NaN,NaN,NaN,NaN,NaN,NaN,NaN
4,NaN,NaN,NaN,NaN,NaN,NaN,NaN,NaN
5,NaN,NaN,NaN,NaN,NaN,NaN,NaN,NaN
6,NaN,NaN,NaN,NaN,NaN,NaN,NaN,NaN
7,NaN,NaN,NaN,NaN,NaN,NaN,NaN,NaN
8,NaN,NaN,NaN,NaN,NaN,NaN,NaN,NaN
9,NaN,NaN,NaN,NaN,NaN,NaN,NaN,NaN
10,NaN,NaN,NaN,NaN,NaN,NaN,NaN,NaN
11,NaN,NaN,NaN,NaN,NaN,NaN,NaN,NaN
1,NaN,NaN,NaN,NaN,NaN,NaN,NaN,NaN
2,NaN,NaN,NaN,NaN,NaN,NaN,NaN,NaN
3,NaN,NaN,NaN,NaN,NaN,NaN,NaN,NaN
4,NaN,NaN,NaN,NaN,NaN,NaN,NaN,NaN
5,NaN,NaN,NaN,NaN,NaN,NaN,NaN,NaN
6,NaN,NaN,NaN,NaN,NaN,NaN,NaN,NaN
7,NaN,NaN,NaN,NaN,NaN,NaN,NaN,NaN
8,NaN,NaN,NaN,NaN,NaN,NaN,NaN,NaN
9,NaN,NaN,NaN,NaN,NaN,NaN,NaN,NaN
10,NaN,NaN,NaN,NaN,NaN,NaN,NaN,NaN
11,NaN,NaN,NaN,NaN,NaN,NaN,NaN,NaN
1,NaN,NaN,NaN,NaN,NaN,NaN,NaN,NaN
2,NaN,NaN,NaN,NaN,NaN,NaN,NaN,NaN
3,NaN,NaN,NaN,NaN,NaN,NaN,NaN,NaN
4,NaN,NaN,NaN,NaN,NaN,NaN,NaN,NaN
5,NaN,NaN,NaN,NaN,NaN,NaN,NaN,NaN
6,NaN,NaN,NaN,NaN,NaN,NaN,NaN,NaN
7,NaN,NaN,NaN,NaN,NaN,NaN,NaN,NaN
8,NaN,NaN,NaN,NaN,NaN,NaN,NaN,NaN
9,NaN,NaN,NaN,NaN,NaN,NaN,NaN,NaN
10,NaN,NaN,NaN,NaN,NaN,NaN,NaN,NaN
11,NaN,NaN,NaN,NaN,NaN,NaN,NaN,NaN
1,NaN,NaN,NaN,NaN,NaN,NaN,NaN,NaN
2,NaN,NaN,NaN,NaN,NaN,NaN,NaN,NaN
3,NaN,NaN,NaN,NaN,NaN,NaN,NaN,NaN
4,NaN,NaN,NaN,NaN,NaN,NaN,NaN,NaN
5,NaN,NaN,NaN,NaN,NaN,NaN,NaN,NaN
6,NaN,NaN,NaN,NaN,NaN,NaN,NaN,NaN
7,NaN,NaN,NaN,NaN,NaN,NaN,NaN,NaN
8,NaN,NaN,NaN,NaN,NaN,NaN,NaN,NaN
9,NaN,NaN,NaN,NaN,NaN,NaN,NaN,NaN
10,NaN,NaN,NaN,NaN,NaN,NaN,NaN,NaN
11,NaN,NaN,NaN,NaN,NaN,NaN,NaN,NaN
1,NaN,NaN,NaN,NaN,NaN,NaN,NaN,NaN
2,NaN,NaN,NaN,NaN,NaN,NaN,NaN,NaN
3,NaN,NaN,NaN,NaN,NaN,NaN,NaN,NaN
4,NaN,NaN,NaN,NaN,NaN,NaN,NaN,NaN
5,NaN,NaN,NaN,NaN,NaN,NaN,NaN,NaN
6,NaN,NaN,NaN,NaN,NaN,NaN,NaN,NaN
7,NaN,NaN,NaN,NaN,NaN,NaN,NaN,NaN
8,NaN,NaN,NaN,NaN,NaN,NaN,NaN,NaN
9,NaN,NaN,NaN,NaN,NaN,NaN,NaN,NaN
10,NaN,NaN,NaN,NaN,NaN,NaN,NaN,NaN
11,NaN,NaN,NaN,NaN,NaN,NaN,NaN,NaN
1,NaN,NaN,NaN,NaN,NaN,NaN,NaN,NaN
2,NaN,NaN,NaN,NaN,NaN,NaN,NaN,NaN
3,NaN,NaN,NaN,NaN,NaN,NaN,NaN,NaN
4,NaN,NaN,NaN,NaN,NaN,NaN,NaN,NaN
5,NaN,NaN,NaN,NaN,NaN,NaN,NaN,NaN
6,NaN,NaN,NaN,NaN,NaN,NaN,NaN,NaN
7,NaN,NaN,NaN,NaN,NaN,NaN,NaN,NaN
8,NaN,NaN,NaN,NaN,NaN,NaN,NaN,NaN
9,NaN,NaN,NaN,NaN,NaN,NaN,NaN,NaN
10,NaN,NaN,NaN,NaN,NaN,NaN,NaN,NaN
11,NaN,NaN,NaN,NaN,NaN,NaN,NaN,NaN
1,NaN,NaN,NaN,NaN,NaN,NaN,NaN,NaN
2,NaN,NaN,NaN,NaN,NaN,NaN,NaN,NaN
3,NaN,NaN,NaN,NaN,NaN,NaN,NaN,NaN
4,NaN,NaN,NaN,NaN,NaN,NaN,NaN,NaN
5,NaN,NaN,NaN,NaN,NaN,NaN,NaN,NaN
6,NaN,NaN,NaN,NaN,NaN,NaN,NaN,NaN
7,NaN,NaN,NaN,NaN,NaN,NaN,NaN,NaN
8,NaN,NaN,NaN,NaN,NaN,NaN,NaN,NaN
9,NaN,NaN,NaN,NaN,NaN,NaN,NaN,NaN
10,NaN,NaN,NaN,NaN,NaN,NaN,NaN,NaN
11,NaN,NaN,NaN,NaN,NaN,NaN,NaN,NaN
1,NaN,NaN,NaN,NaN,NaN,NaN,NaN,NaN
2,NaN,NaN,NaN,NaN,NaN,NaN,NaN,NaN
3,NaN,NaN,NaN,NaN,NaN,NaN,NaN,NaN
4,NaN,NaN,NaN,NaN,NaN,NaN,NaN,NaN
5,NaN,NaN,NaN,NaN,NaN,NaN,NaN,NaN
6,NaN,NaN,NaN,NaN,NaN,NaN,NaN,NaN
7,NaN,NaN,NaN,NaN,NaN,NaN,NaN,NaN
8,NaN,NaN,NaN,NaN,NaN,NaN,NaN,NaN
9,NaN,NaN,NaN,NaN,NaN,NaN,NaN,NaN
10,NaN,NaN,NaN,NaN,NaN,NaN,NaN,NaN
11,NaN,NaN,NaN,NaN,NaN,NaN,NaN,NaN
1,NaN,NaN,NaN,NaN,NaN,NaN,NaN,NaN
2,NaN,NaN,NaN,NaN,NaN,NaN,NaN,NaN
3,NaN,NaN,NaN,NaN,NaN,NaN,NaN,NaN
4,NaN,NaN,NaN,NaN,NaN,NaN,NaN,NaN
5,NaN,NaN,NaN,NaN,NaN,NaN,NaN,NaN
6,NaN,NaN,NaN,NaN,NaN,NaN,NaN,NaN
7,NaN,NaN,NaN,NaN,NaN,NaN,NaN,NaN
8,NaN,NaN,NaN,NaN,NaN,NaN,NaN,NaN
9,NaN,NaN,NaN,NaN,NaN,NaN,NaN,NaN
10,NaN,NaN,NaN,NaN,NaN,NaN,NaN,NaN
11,NaN,NaN,NaN,NaN,NaN,NaN,NaN,NaN
1,NaN,NaN,NaN,NaN,NaN,NaN,NaN,NaN
2,NaN,NaN,NaN,NaN,NaN,NaN,NaN,NaN
3,NaN,NaN,NaN,NaN,NaN,NaN,NaN,NaN
4,NaN,NaN,NaN,NaN,NaN,NaN,NaN,NaN
5,NaN,NaN,NaN,NaN,NaN,NaN,NaN,NaN
6,NaN,NaN,NaN,NaN,NaN,NaN,NaN,NaN
7,NaN,NaN,NaN,NaN,NaN,NaN,NaN,NaN
8,NaN,NaN,NaN,NaN,NaN,NaN,NaN,NaN
9,NaN,NaN,NaN,NaN,NaN,NaN,NaN,NaN
10,NaN,NaN,NaN,NaN,NaN,NaN,NaN,NaN
11,NaN,NaN,NaN,NaN,NaN,NaN,NaN,NaN
1,NaN,NaN,NaN,NaN,NaN,NaN,NaN,NaN
2,NaN,NaN,NaN,NaN,NaN,NaN,NaN,NaN
3,NaN,NaN,NaN,NaN,NaN,NaN,NaN,NaN
4,NaN,NaN,NaN,NaN,NaN,NaN,NaN,NaN
5,NaN,NaN,NaN,NaN,NaN,NaN,NaN,NaN
6,NaN,NaN,NaN,NaN,NaN,NaN,NaN,NaN
7,NaN,NaN,NaN,NaN,NaN,NaN,NaN,NaN
8,NaN,NaN,NaN,NaN,NaN,NaN,NaN,NaN
9,NaN,NaN,NaN,NaN,NaN,NaN,NaN,NaN
10,NaN,NaN,NaN,NaN,NaN,NaN,NaN,NaN
11,NaN,NaN,NaN,NaN,NaN,NaN,NaN,NaN
1,NaN,NaN,NaN,NaN,NaN,NaN,NaN,NaN
2,NaN,NaN,NaN,NaN,NaN,NaN,NaN,NaN
3,NaN,NaN,NaN,NaN,NaN,NaN,NaN,NaN
4,NaN,NaN,NaN,NaN,NaN,NaN,NaN,NaN
5,NaN,NaN,NaN,NaN,NaN,NaN,NaN,NaN
6,NaN,NaN,NaN,NaN,NaN,NaN,NaN,NaN
7,NaN,NaN,NaN,NaN,NaN,NaN,NaN,NaN
8,NaN,NaN,NaN,NaN,NaN,NaN,NaN,NaN
9,NaN,NaN,NaN,NaN,NaN,NaN,NaN,NaN
10,NaN,NaN,NaN,NaN,NaN,NaN,NaN,NaN
11,NaN,NaN,NaN,NaN,NaN,NaN,NaN,NaN
1,NaN,NaN,NaN,NaN,NaN,NaN,NaN,NaN
2,NaN,NaN,NaN,NaN,NaN,NaN,NaN,NaN
3,NaN,NaN,NaN,NaN,NaN,NaN,NaN,NaN
4,NaN,NaN,NaN,NaN,NaN,NaN,NaN,NaN
5,NaN,NaN,NaN,NaN,NaN,NaN,NaN,NaN
6,NaN,NaN,NaN,NaN,NaN,NaN,NaN,NaN
7,NaN,NaN,NaN,NaN,NaN,NaN,NaN,NaN
8,NaN,NaN,NaN,NaN,NaN,NaN,NaN,NaN
9,NaN,NaN,NaN,NaN,NaN,NaN,NaN,NaN
10,NaN,NaN,NaN,NaN,NaN,NaN,NaN,NaN
11,NaN,NaN,NaN,NaN,NaN,NaN,NaN,NaN
1,NaN,NaN,NaN,NaN,NaN,NaN,NaN,NaN
2,NaN,NaN,NaN,NaN,NaN,NaN,NaN,NaN
3,NaN,NaN,NaN,NaN,NaN,NaN,NaN,NaN
4,NaN,NaN,NaN,NaN,NaN,NaN,NaN,NaN
5,NaN,NaN,NaN,NaN,NaN,NaN,NaN,NaN
6,NaN,NaN,NaN,NaN,NaN,NaN,NaN,NaN
7,NaN,NaN,NaN,NaN,NaN,NaN,NaN,NaN
8,NaN,NaN,NaN,NaN,NaN,NaN,NaN,NaN
9,NaN,NaN,NaN,NaN,NaN,NaN,NaN,NaN
10,NaN,NaN,NaN,NaN,NaN,NaN,NaN,NaN
11,NaN,NaN,NaN,NaN,NaN,NaN,NaN,NaN
1,NaN,NaN,NaN,NaN,NaN,NaN,NaN,NaN
2,NaN,NaN,NaN,NaN,NaN,NaN,NaN,NaN
3,NaN,NaN,NaN,NaN,NaN,NaN,NaN,NaN
4,NaN,NaN,NaN,NaN,NaN,NaN,NaN,NaN
5,NaN,NaN,NaN,NaN,NaN,NaN,NaN,NaN
6,NaN,NaN,NaN,NaN,NaN,NaN,NaN,NaN
7,NaN,NaN,NaN,NaN,NaN,NaN,NaN,NaN
8,NaN,NaN,NaN,NaN,NaN,NaN,NaN,NaN
9,NaN,NaN,NaN,NaN,NaN,NaN,NaN,NaN
10,NaN,NaN,NaN,NaN,NaN,NaN,NaN,NaN
11,NaN,NaN,NaN,NaN,NaN,NaN,NaN,NaN
1,NaN,NaN,NaN,NaN,NaN,NaN,NaN,NaN
2,NaN,NaN,NaN,NaN,NaN,NaN,NaN,NaN
3,NaN,NaN,NaN,NaN,NaN,NaN,NaN,NaN
4,NaN,NaN,NaN,NaN,NaN,NaN,NaN,NaN
5,NaN,NaN,NaN,NaN,NaN,NaN,NaN,NaN
6,NaN,NaN,NaN,NaN,NaN,NaN,NaN,NaN
7,NaN,NaN,NaN,NaN,NaN,NaN,NaN,NaN
8,NaN,NaN,NaN,NaN,NaN,NaN,NaN,NaN
9,NaN,NaN,NaN,NaN,NaN,NaN,NaN,NaN
10,NaN,NaN,NaN,NaN,NaN,NaN,NaN,NaN
11,NaN,NaN,NaN,NaN,NaN,NaN,NaN,NaN
1,NaN,NaN,NaN,NaN,NaN,NaN,NaN,NaN
2,NaN,NaN,NaN,NaN,NaN,NaN,NaN,NaN
3,NaN,NaN,NaN,NaN,NaN,NaN,NaN,NaN
4,NaN,NaN,NaN,NaN,NaN,NaN,NaN,NaN
5,NaN,NaN,NaN,NaN,NaN,NaN,NaN,NaN
6,NaN,NaN,NaN,NaN,NaN,NaN,NaN,NaN
7,NaN,NaN,NaN,NaN,NaN,NaN,NaN,NaN
8,NaN,NaN,NaN,NaN,NaN,NaN,NaN,NaN
9,NaN,NaN,NaN,NaN,NaN,NaN,NaN,NaN
10,NaN,NaN,NaN,NaN,NaN,NaN,NaN,NaN
11,NaN,NaN,NaN,NaN,NaN,NaN,NaN,NaN
1,NaN,NaN,NaN,NaN,NaN,NaN,NaN,NaN
2,NaN,NaN,NaN,NaN,NaN,NaN,NaN,NaN
3,NaN,NaN,NaN,NaN,NaN,NaN,NaN,NaN
4,NaN,NaN,NaN,NaN,NaN,NaN,NaN,NaN
5,NaN,NaN,NaN,NaN,NaN,NaN,NaN,NaN
6,NaN,NaN,NaN,NaN,NaN,NaN,NaN,NaN
7,NaN,NaN,NaN,NaN,NaN,NaN,NaN,NaN
8,NaN,NaN,NaN,NaN,NaN,NaN,NaN,NaN
9,NaN,NaN,NaN,NaN,NaN,NaN,NaN,NaN
10,NaN,NaN,NaN,NaN,NaN,NaN,NaN,NaN
11,NaN,NaN,NaN,NaN,NaN,NaN,NaN,NaN
1,NaN,NaN,NaN,NaN,NaN,NaN,NaN,NaN
2,NaN,NaN,NaN,NaN,NaN,NaN,NaN,NaN
3,NaN,NaN,NaN,NaN,NaN,NaN,NaN,NaN
4,NaN,NaN,NaN,NaN,NaN,NaN,NaN,NaN
5,NaN,NaN,NaN,NaN,NaN,NaN,NaN,NaN
6,NaN,NaN,NaN,NaN,NaN,NaN,NaN,NaN
7,NaN,NaN,NaN,NaN,NaN,NaN,NaN,NaN
8,NaN,NaN,NaN,NaN,NaN,NaN,NaN,NaN
9,NaN,NaN,NaN,NaN,NaN,NaN,NaN,NaN
10,NaN,NaN,NaN,NaN,NaN,NaN,NaN,NaN
11,NaN,NaN,NaN,NaN,NaN,NaN,NaN,NaN
1,NaN,NaN,NaN,NaN,NaN,NaN,NaN,NaN
2,NaN,NaN,NaN,NaN,NaN,NaN,NaN,NaN
3,NaN,NaN,NaN,NaN,NaN,NaN,NaN,NaN
4,NaN,NaN,NaN,NaN,NaN,NaN,NaN,NaN
5,NaN,NaN,NaN,NaN,NaN,NaN,NaN,NaN
6,NaN,NaN,NaN,NaN,NaN,NaN,NaN,NaN
7,NaN,NaN,NaN,NaN,NaN,NaN,NaN,NaN
8,NaN,NaN,NaN,NaN,NaN,NaN,NaN,NaN
9,NaN,NaN,NaN,NaN,NaN,NaN,NaN,NaN
10,NaN,NaN,NaN,NaN,NaN,NaN,NaN,NaN
11,NaN,NaN,NaN,NaN,NaN,NaN,NaN,NaN
1,NaN,NaN,NaN,NaN,NaN,NaN,NaN,NaN
2,NaN,NaN,NaN,NaN,NaN,NaN,NaN,NaN
3,NaN,NaN,NaN,NaN,NaN,NaN,NaN,NaN
4,NaN,NaN,NaN,NaN,NaN,NaN,NaN,NaN
5,NaN,NaN,NaN,NaN,NaN,NaN,NaN,NaN
6,NaN,NaN,NaN,NaN,NaN,NaN,NaN,NaN
7,NaN,NaN,NaN,NaN,NaN,NaN,NaN,NaN
8,NaN,NaN,NaN,NaN,NaN,NaN,NaN,NaN
9,NaN,NaN,NaN,NaN,NaN,NaN,NaN,NaN
10,NaN,NaN,NaN,NaN,NaN,NaN,NaN,NaN
11,NaN,NaN,NaN,NaN,NaN,NaN,NaN,NaN
1,NaN,NaN,NaN,NaN,NaN,NaN,NaN,NaN
2,NaN,NaN,NaN,NaN,NaN,NaN,NaN,NaN
3,NaN,NaN,NaN,NaN,NaN,NaN,NaN,NaN
4,NaN,NaN,NaN,NaN,NaN,NaN,NaN,NaN
5,NaN,NaN,NaN,NaN,NaN,NaN,NaN,NaN
6,NaN,NaN,NaN,NaN,NaN,NaN,NaN,NaN
7,NaN,NaN,NaN,NaN,NaN,NaN,NaN,NaN
8,NaN,NaN,NaN,NaN,NaN,NaN,NaN,NaN
9,NaN,NaN,NaN,NaN,NaN,NaN,NaN,NaN
10,NaN,NaN,NaN,NaN,NaN,NaN,NaN,NaN
11,NaN,NaN,NaN,NaN,NaN,NaN,NaN,NaN
1,NaN,NaN,NaN,NaN,NaN,NaN,NaN,NaN
2,NaN,NaN,NaN,NaN,NaN,NaN,NaN,NaN
3,NaN,NaN,NaN,NaN,NaN,NaN,NaN,NaN
4,NaN,NaN,NaN,NaN,NaN,NaN,NaN,NaN
5,NaN,NaN,NaN,NaN,NaN,NaN,NaN,NaN
6,NaN,NaN,NaN,NaN,NaN,NaN,NaN,NaN
7,NaN,NaN,NaN,NaN,NaN,NaN,NaN,NaN
8,NaN,NaN,NaN,NaN,NaN,NaN,NaN,NaN
9,NaN,NaN,NaN,NaN,NaN,NaN,NaN,NaN
10,NaN,NaN,NaN,NaN,NaN,NaN,NaN,NaN
11,NaN,NaN,NaN,NaN,NaN,NaN,NaN,NaN
1,NaN,NaN,NaN,NaN,NaN,NaN,NaN,NaN
2,NaN,NaN,NaN,NaN,NaN,NaN,NaN,NaN
3,NaN,NaN,NaN,NaN,NaN,NaN,NaN,NaN
4,NaN,NaN,NaN,NaN,NaN,NaN,NaN,NaN
5,NaN,NaN,NaN,NaN,NaN,NaN,NaN,NaN
6,NaN,NaN,NaN,NaN,NaN,NaN,NaN,NaN
7,NaN,NaN,NaN,NaN,NaN,NaN,NaN,NaN
8,NaN,NaN,NaN,NaN,NaN,NaN,NaN,NaN
9,NaN,NaN,NaN,NaN,NaN,NaN,NaN,NaN
10,NaN,NaN,NaN,NaN,NaN,NaN,NaN,NaN
11,NaN,NaN,NaN,NaN,NaN,NaN,NaN,NaN
1,NaN,NaN,NaN,NaN,NaN,NaN,NaN,NaN
2,NaN,NaN,NaN,NaN,NaN,NaN,NaN,NaN
3,NaN,NaN,NaN,NaN,NaN,NaN,NaN,NaN
4,NaN,NaN,NaN,NaN,NaN,NaN,NaN,NaN
5,NaN,NaN,NaN,NaN,NaN,NaN,NaN,NaN
6,NaN,NaN,NaN,NaN,NaN,NaN,NaN,NaN
7,NaN,NaN,NaN,NaN,NaN,NaN,NaN,NaN
8,NaN,NaN,NaN,NaN,NaN,NaN,NaN,NaN
9,NaN,NaN,NaN,NaN,NaN,NaN,NaN,NaN
10,NaN,NaN,NaN,NaN,NaN,NaN,NaN,NaN
11,NaN,NaN,NaN,NaN,NaN,NaN,NaN,NaN
1,NaN,NaN,NaN,NaN,NaN,NaN,NaN,NaN
2,NaN,NaN,NaN,NaN,NaN,NaN,NaN,NaN
3,NaN,NaN,NaN,NaN,NaN,NaN,NaN,NaN
4,NaN,NaN,NaN,NaN,NaN,NaN,NaN,NaN
5,NaN,NaN,NaN,NaN,NaN,NaN,NaN,NaN
6,NaN,NaN,NaN,NaN,NaN,NaN,NaN,NaN
7,NaN,NaN,NaN,NaN,NaN,NaN,NaN,NaN
8,NaN,NaN,NaN,NaN,NaN,NaN,NaN,NaN
9,NaN,NaN,NaN,NaN,NaN,NaN,NaN,NaN
10,NaN,NaN,NaN,NaN,NaN,NaN,NaN,NaN
11,NaN,NaN,NaN,NaN,NaN,NaN,NaN,NaN
1,NaN,NaN,NaN,NaN,NaN,NaN,NaN,NaN
2,NaN,NaN,NaN,NaN,NaN,NaN,NaN,NaN
3,NaN,NaN,NaN,NaN,NaN,NaN,NaN,NaN
4,NaN,NaN,NaN,NaN,NaN,NaN,NaN,NaN
5,NaN,NaN,NaN,NaN,NaN,NaN,NaN,NaN
6,NaN,NaN,NaN,NaN,NaN,NaN,NaN,NaN
7,NaN,NaN,NaN,NaN,NaN,NaN,NaN,NaN
8,NaN,NaN,NaN,NaN,NaN,NaN,NaN,NaN
9,NaN,NaN,NaN,NaN,NaN,NaN,NaN,NaN
10,NaN,NaN,NaN,NaN,NaN,NaN,NaN,NaN
11,NaN,NaN,NaN,NaN,NaN,NaN,NaN,NaN
1,NaN,NaN,NaN,NaN,NaN,NaN,NaN,NaN
2,NaN,NaN,NaN,NaN,NaN,NaN,NaN,NaN
3,NaN,NaN,NaN,NaN,NaN,NaN,NaN,NaN
4,NaN,NaN,NaN,NaN,NaN,NaN,NaN,NaN
5,NaN,NaN,NaN,NaN,NaN,NaN,NaN,NaN
6,NaN,NaN,NaN,NaN,NaN,NaN,NaN,NaN
7,NaN,NaN,NaN,NaN,NaN,NaN,NaN,NaN
8,NaN,NaN,NaN,NaN,NaN,NaN,NaN,NaN
9,NaN,NaN,NaN,NaN,NaN,NaN,NaN,NaN
10,NaN,NaN,NaN,NaN,NaN,NaN,NaN,NaN
11,NaN,NaN,NaN,NaN,NaN,NaN,NaN,NaN
1,NaN,NaN,NaN,NaN,NaN,NaN,NaN,NaN
2,NaN,NaN,NaN,NaN,NaN,NaN,NaN,NaN
3,NaN,NaN,NaN,NaN,NaN,NaN,NaN,NaN
4,NaN,NaN,NaN,NaN,NaN,NaN,NaN,NaN
5,NaN,NaN,NaN,NaN,NaN,NaN,NaN,NaN
6,NaN,NaN,NaN,NaN,NaN,NaN,NaN,NaN
7,NaN,NaN,NaN,NaN,NaN,NaN,NaN,NaN
8,NaN,NaN,NaN,NaN,NaN,NaN,NaN,NaN
9,NaN,NaN,NaN,NaN,NaN,NaN,NaN,NaN
10,NaN,NaN,NaN,NaN,NaN,NaN,NaN,NaN
11,NaN,NaN,NaN,NaN,NaN,NaN,NaN,NaN
1,NaN,NaN,NaN,NaN,NaN,NaN,NaN,NaN
2,NaN,NaN,NaN,NaN,NaN,NaN,NaN,NaN
3,NaN,NaN,NaN,NaN,NaN,NaN,NaN,NaN
4,NaN,NaN,NaN,NaN,NaN,NaN,NaN,NaN
5,NaN,NaN,NaN,NaN,NaN,NaN,NaN,NaN
6,NaN,NaN,NaN,NaN,NaN,NaN,NaN,NaN
7,NaN,NaN,NaN,NaN,NaN,NaN,NaN,NaN
8,NaN,NaN,NaN,NaN,NaN,NaN,NaN,NaN
9,NaN,NaN,NaN,NaN,NaN,NaN,NaN,NaN
10,NaN,NaN,NaN,NaN,NaN,NaN,NaN,NaN
11,NaN,NaN,NaN,NaN,NaN,NaN,NaN,NaN
1,NaN,NaN,NaN,NaN,NaN,NaN,NaN,NaN
2,NaN,NaN,NaN,NaN,NaN,NaN,NaN,NaN
3,NaN,NaN,NaN,NaN,NaN,NaN,NaN,NaN
4,NaN,NaN,NaN,NaN,NaN,NaN,NaN,NaN
5,NaN,NaN,NaN,NaN,NaN,NaN,NaN,NaN
6,NaN,NaN,NaN,NaN,NaN,NaN,NaN,NaN
7,NaN,NaN,NaN,NaN,NaN,NaN,NaN,NaN
8,NaN,NaN,NaN,NaN,NaN,NaN,NaN,NaN
9,NaN,NaN,NaN,NaN,NaN,NaN,NaN,NaN
10,NaN,NaN,NaN,NaN,NaN,NaN,NaN,NaN
11,NaN,NaN,NaN,NaN,NaN,NaN,NaN,NaN
1,NaN,NaN,NaN,NaN,NaN,NaN,NaN,NaN
2,NaN,NaN,NaN,NaN,NaN,NaN,NaN,NaN
3,NaN,NaN,NaN,NaN,NaN,NaN,NaN,NaN
4,NaN,NaN,NaN,NaN,NaN,NaN,NaN,NaN
5,NaN,NaN,NaN,NaN,NaN,NaN,NaN,NaN
6,NaN,NaN,NaN,NaN,NaN,NaN,NaN,NaN
7,NaN,NaN,NaN,NaN,NaN,NaN,NaN,NaN
8,NaN,NaN,NaN,NaN,NaN,NaN,NaN,NaN
9,NaN,NaN,NaN,NaN,NaN,NaN,NaN,NaN
10,NaN,NaN,NaN,NaN,NaN,NaN,NaN,NaN
11,NaN,NaN,NaN,NaN,NaN,NaN,NaN,NaN
1,NaN,NaN,NaN,NaN,NaN,NaN,NaN,NaN
2,NaN,NaN,NaN,NaN,NaN,NaN,NaN,NaN
3,NaN,NaN,NaN,NaN,NaN,NaN,NaN,NaN
4,NaN,NaN,NaN,NaN,NaN,NaN,NaN,NaN
5,NaN,NaN,NaN,NaN,NaN,NaN,NaN,NaN
6,NaN,NaN,NaN,NaN,NaN,NaN,NaN,NaN
7,NaN,NaN,NaN,NaN,NaN,NaN,NaN,NaN
8,NaN,NaN,NaN,NaN,NaN,NaN,NaN,NaN
9,NaN,NaN,NaN,NaN,NaN,NaN,NaN,NaN
10,NaN,NaN,NaN,NaN,NaN,NaN,NaN,NaN
11,NaN,NaN,NaN,NaN,NaN,NaN,NaN,NaN
1,NaN,NaN,NaN,NaN,NaN,NaN,NaN,NaN
2,NaN,NaN,NaN,NaN,NaN,NaN,NaN,NaN
3,NaN,NaN,NaN,NaN,NaN,NaN,NaN,NaN
4,NaN,NaN,NaN,NaN,NaN,NaN,NaN,NaN
5,NaN,NaN,NaN,NaN,NaN,NaN,NaN,NaN
6,NaN,NaN,NaN,NaN,NaN,NaN,NaN,NaN
7,NaN,NaN,NaN,NaN,NaN,NaN,NaN,NaN
8,NaN,NaN,NaN,NaN,NaN,NaN,NaN,NaN
9,NaN,NaN,NaN,NaN,NaN,NaN,NaN,NaN
10,NaN,NaN,NaN,NaN,NaN,NaN,NaN,NaN
11,NaN,NaN,NaN,NaN,NaN,NaN,NaN,NaN
1,NaN,NaN,NaN,NaN,NaN,NaN,NaN,NaN
2,NaN,NaN,NaN,NaN,NaN,NaN,NaN,NaN
3,NaN,NaN,NaN,NaN,NaN,NaN,NaN,NaN
4,NaN,NaN,NaN,NaN,NaN,NaN,NaN,NaN
5,NaN,NaN,NaN,NaN,NaN,NaN,NaN,NaN
6,NaN,NaN,NaN,NaN,NaN,NaN,NaN,NaN
7,NaN,NaN,NaN,NaN,NaN,NaN,NaN,NaN
8,NaN,NaN,NaN,NaN,NaN,NaN,NaN,NaN
9,NaN,NaN,NaN,NaN,NaN,NaN,NaN,NaN
10,NaN,NaN,NaN,NaN,NaN,NaN,NaN,NaN
11,NaN,NaN,NaN,NaN,NaN,NaN,NaN,NaN
1,NaN,NaN,NaN,NaN,NaN,NaN,NaN,NaN
2,NaN,NaN,NaN,NaN,NaN,NaN,NaN,NaN
3,NaN,NaN,NaN,NaN,NaN,NaN,NaN,NaN
4,NaN,NaN,NaN,NaN,NaN,NaN,NaN,NaN
5,NaN,NaN,NaN,NaN,NaN,NaN,NaN,NaN
6,NaN,NaN,NaN,NaN,NaN,NaN,NaN,NaN
7,NaN,NaN,NaN,NaN,NaN,NaN,NaN,NaN
8,NaN,NaN,NaN,NaN,NaN,NaN,NaN,NaN
9,NaN,NaN,NaN,NaN,NaN,NaN,NaN,NaN
10,NaN,NaN,NaN,NaN,NaN,NaN,NaN,NaN
11,NaN,NaN,NaN,NaN,NaN,NaN,NaN,NaN
1,NaN,NaN,NaN,NaN,NaN,NaN,NaN,NaN
2,NaN,NaN,NaN,NaN,NaN,NaN,NaN,NaN
3,NaN,NaN,NaN,NaN,NaN,NaN,NaN,NaN
4,NaN,NaN,NaN,NaN,NaN,NaN,NaN,NaN
5,NaN,NaN,NaN,NaN,NaN,NaN,NaN,NaN
6,NaN,NaN,NaN,NaN,NaN,NaN,NaN,NaN
7,NaN,NaN,NaN,NaN,NaN,NaN,NaN,NaN
8,NaN,NaN,NaN,NaN,NaN,NaN,NaN,NaN
9,NaN,NaN,NaN,NaN,NaN,NaN,NaN,NaN
10,NaN,NaN,NaN,NaN,NaN,NaN,NaN,NaN
11,NaN,NaN,NaN,NaN,NaN,NaN,NaN,NaN
1,NaN,NaN,NaN,NaN,NaN,NaN,NaN,NaN
2,NaN,NaN,NaN,NaN,NaN,NaN,NaN,NaN
3,NaN,NaN,NaN,NaN,NaN,NaN,NaN,NaN
4,NaN,NaN,NaN,NaN,NaN,NaN,NaN,NaN
5,NaN,NaN,NaN,NaN,NaN,NaN,NaN,NaN
6,NaN,NaN,NaN,NaN,NaN,NaN,NaN,NaN
7,NaN,NaN,NaN,NaN,NaN,NaN,NaN,NaN
8,NaN,NaN,NaN,NaN,NaN,NaN,NaN,NaN
9,NaN,NaN,NaN,NaN,NaN,NaN,NaN,NaN
10,NaN,NaN,NaN,NaN,NaN,NaN,NaN,NaN
11,NaN,NaN,NaN,NaN,NaN,NaN,NaN,NaN
1,NaN,NaN,NaN,NaN,NaN,NaN,NaN,NaN
2,NaN,NaN,NaN,NaN,NaN,NaN,NaN,NaN
3,NaN,NaN,NaN,NaN,NaN,NaN,NaN,NaN
4,NaN,NaN,NaN,NaN,NaN,NaN,NaN,NaN
5,NaN,NaN,NaN,NaN,NaN,NaN,NaN,NaN
6,NaN,NaN,NaN,NaN,NaN,NaN,NaN,NaN
7,NaN,NaN,NaN,NaN,NaN,NaN,NaN,NaN
8,NaN,NaN,NaN,NaN,NaN,NaN,NaN,NaN
9,NaN,NaN,NaN,NaN,NaN,NaN,NaN,NaN
10,NaN,NaN,NaN,NaN,NaN,NaN,NaN,NaN
11,NaN,NaN,NaN,NaN,NaN,NaN,NaN,NaN
1,NaN,NaN,NaN,NaN,NaN,NaN,NaN,NaN
2,NaN,NaN,NaN,NaN,NaN,NaN,NaN,NaN
3,NaN,NaN,NaN,NaN,NaN,NaN,NaN,NaN
4,NaN,NaN,NaN,NaN,NaN,NaN,NaN,NaN
5,NaN,NaN,NaN,NaN,NaN,NaN,NaN,NaN
6,NaN,NaN,NaN,NaN,NaN,NaN,NaN,NaN
7,NaN,NaN,NaN,NaN,NaN,NaN,NaN,NaN
8,NaN,NaN,NaN,NaN,NaN,NaN,NaN,NaN
9,NaN,NaN,NaN,NaN,NaN,NaN,NaN,NaN
10,NaN,NaN,NaN,NaN,NaN,NaN,NaN,NaN
11,NaN,NaN,NaN,NaN,NaN,NaN,NaN,NaN
1,NaN,NaN,NaN,NaN,NaN,NaN,NaN,NaN
2,NaN,NaN,NaN,NaN,NaN,NaN,NaN,NaN
3,NaN,NaN,NaN,NaN,NaN,NaN,NaN,NaN
4,NaN,NaN,NaN,NaN,NaN,NaN,NaN,NaN
5,NaN,NaN,NaN,NaN,NaN,NaN,NaN,NaN
6,NaN,NaN,NaN,NaN,NaN,NaN,NaN,NaN
7,NaN,NaN,NaN,NaN,NaN,NaN,NaN,NaN
8,NaN,NaN,NaN,NaN,NaN,NaN,NaN,NaN
9,NaN,NaN,NaN,NaN,NaN,NaN,NaN,NaN
10,NaN,NaN,NaN,NaN,NaN,NaN,NaN,NaN
11,NaN,NaN,NaN,NaN,NaN,NaN,NaN,NaN
1,NaN,NaN,NaN,NaN,NaN,NaN,NaN,NaN
2,NaN,NaN,NaN,NaN,NaN,NaN,NaN,NaN
3,NaN,NaN,NaN,NaN,NaN,NaN,NaN,NaN
4,NaN,NaN,NaN,NaN,NaN,NaN,NaN,NaN
5,NaN,NaN,NaN,NaN,NaN,NaN,NaN,NaN
6,NaN,NaN,NaN,NaN,NaN,NaN,NaN,NaN
7,NaN,NaN,NaN,NaN,NaN,NaN,NaN,NaN
8,NaN,NaN,NaN,NaN,NaN,NaN,NaN,NaN
9,NaN,NaN,NaN,NaN,NaN,NaN,NaN,NaN
10,NaN,NaN,NaN,NaN,NaN,NaN,NaN,NaN
11,NaN,NaN,NaN,NaN,NaN,NaN,NaN,NaN
1,NaN,NaN,NaN,NaN,NaN,NaN,NaN,NaN
2,NaN,NaN,NaN,NaN,NaN,NaN,NaN,NaN
3,NaN,NaN,NaN,NaN,NaN,NaN,NaN,NaN
4,NaN,NaN,NaN,NaN,NaN,NaN,NaN,NaN
5,NaN,NaN,NaN,NaN,NaN,NaN,NaN,NaN
6,NaN,NaN,NaN,NaN,NaN,NaN,NaN,NaN
7,NaN,NaN,NaN,NaN,NaN,NaN,NaN,NaN
8,NaN,NaN,NaN,NaN,NaN,NaN,NaN,NaN
9,NaN,NaN,NaN,NaN,NaN,NaN,NaN,NaN
10,NaN,NaN,NaN,NaN,NaN,NaN,NaN,NaN
11,NaN,NaN,NaN,NaN,NaN,NaN,NaN,NaN
1,NaN,NaN,NaN,NaN,NaN,NaN,NaN,NaN
2,NaN,NaN,NaN,NaN,NaN,NaN,NaN,NaN
3,NaN,NaN,NaN,NaN,NaN,NaN,NaN,NaN
4,NaN,NaN,NaN,NaN,NaN,NaN,NaN,NaN
5,NaN,NaN,NaN,NaN,NaN,NaN,NaN,NaN
6,NaN,NaN,NaN,NaN,NaN,NaN,NaN,NaN
7,NaN,NaN,NaN,NaN,NaN,NaN,NaN,NaN
8,NaN,NaN,NaN,NaN,NaN,NaN,NaN,NaN
9,NaN,NaN,NaN,NaN,NaN,NaN,NaN,NaN
10,NaN,NaN,NaN,NaN,NaN,NaN,NaN,NaN
11,NaN,NaN,NaN,NaN,NaN,NaN,NaN,NaN
1,NaN,NaN,NaN,NaN,NaN,NaN,NaN,NaN
2,NaN,NaN,NaN,NaN,NaN,NaN,NaN,NaN
3,NaN,NaN,NaN,NaN,NaN,NaN,NaN,NaN
4,NaN,NaN,NaN,NaN,NaN,NaN,NaN,NaN
5,NaN,NaN,NaN,NaN,NaN,NaN,NaN,NaN
6,NaN,NaN,NaN,NaN,NaN,NaN,NaN,NaN
7,NaN,NaN,NaN,NaN,NaN,NaN,NaN,NaN
8,NaN,NaN,NaN,NaN,NaN,NaN,NaN,NaN
9,NaN,NaN,NaN,NaN,NaN,NaN,NaN,NaN
10,NaN,NaN,NaN,NaN,NaN,NaN,NaN,NaN
11,NaN,NaN,NaN,NaN,NaN,NaN,NaN,NaN
1,NaN,NaN,NaN,NaN,NaN,NaN,NaN,NaN
2,NaN,NaN,NaN,NaN,NaN,NaN,NaN,NaN
3,NaN,NaN,NaN,NaN,NaN,NaN,NaN,NaN
4,NaN,NaN,NaN,NaN,NaN,NaN,NaN,NaN
5,NaN,NaN,NaN,NaN,NaN,NaN,NaN,NaN
6,NaN,NaN,NaN,NaN,NaN,NaN,NaN,NaN
7,NaN,NaN,NaN,NaN,NaN,NaN,NaN,NaN
8,NaN,NaN,NaN,NaN,NaN,NaN,NaN,NaN
9,NaN,NaN,NaN,NaN,NaN,NaN,NaN,NaN
10,NaN,NaN,NaN,NaN,NaN,NaN,NaN,NaN
11,NaN,NaN,NaN,NaN,NaN,NaN,NaN,NaN
1,NaN,NaN,NaN,NaN,NaN,NaN,NaN,NaN
2,NaN,NaN,NaN,NaN,NaN,NaN,NaN,NaN
3,NaN,NaN,NaN,NaN,NaN,NaN,NaN,NaN
4,NaN,NaN,NaN,NaN,NaN,NaN,NaN,NaN
5,NaN,NaN,NaN,NaN,NaN,NaN,NaN,NaN
6,NaN,NaN,NaN,NaN,NaN,NaN,NaN,NaN
7,NaN,NaN,NaN,NaN,NaN,NaN,NaN,NaN
8,NaN,NaN,NaN,NaN,NaN,NaN,NaN,NaN
9,NaN,NaN,NaN,NaN,NaN,NaN,NaN,NaN
10,NaN,NaN,NaN,NaN,NaN,NaN,NaN,NaN
11,NaN,NaN,NaN,NaN,NaN,NaN,NaN,NaN
1,NaN,NaN,NaN,NaN,NaN,NaN,NaN,NaN
2,NaN,NaN,NaN,NaN,NaN,NaN,NaN,NaN
3,NaN,NaN,NaN,NaN,NaN,NaN,NaN,NaN
4,NaN,NaN,NaN,NaN,NaN,NaN,NaN,NaN
5,NaN,NaN,NaN,NaN,NaN,NaN,NaN,NaN
6,NaN,NaN,NaN,NaN,NaN,NaN,NaN,NaN
7,NaN,NaN,NaN,NaN,NaN,NaN,NaN,NaN
8,NaN,NaN,NaN,NaN,NaN,NaN,NaN,NaN
9,NaN,NaN,NaN,NaN,NaN,NaN,NaN,NaN
10,NaN,NaN,NaN,NaN,NaN,NaN,NaN,NaN
11,NaN,NaN,NaN,NaN,NaN,NaN,NaN,NaN
1,NaN,NaN,NaN,NaN,NaN,NaN,NaN,NaN
2,NaN,NaN,NaN,NaN,NaN,NaN,NaN,NaN
3,NaN,NaN,NaN,NaN,NaN,NaN,NaN,NaN
4,NaN,NaN,NaN,NaN,NaN,NaN,NaN,NaN
5,NaN,NaN,NaN,NaN,NaN,NaN,NaN,NaN
6,NaN,NaN,NaN,NaN,NaN,NaN,NaN,NaN
7,NaN,NaN,NaN,NaN,NaN,NaN,NaN,NaN
8,NaN,NaN,NaN,NaN,NaN,NaN,NaN,NaN
9,NaN,NaN,NaN,NaN,NaN,NaN,NaN,NaN
10,NaN,NaN,NaN,NaN,NaN,NaN,NaN,NaN
11,NaN,NaN,NaN,NaN,NaN,NaN,NaN,NaN
1,NaN,NaN,NaN,NaN,NaN,NaN,NaN,NaN
2,NaN,NaN,NaN,NaN,NaN,NaN,NaN,NaN
3,NaN,NaN,NaN,NaN,NaN,NaN,NaN,NaN
4,NaN,NaN,NaN,NaN,NaN,NaN,NaN,NaN
5,NaN,NaN,NaN,NaN,NaN,NaN,NaN,NaN
6,NaN,NaN,NaN,NaN,NaN,NaN,NaN,NaN
7,NaN,NaN,NaN,NaN,NaN,NaN,NaN,NaN
8,NaN,NaN,NaN,NaN,NaN,NaN,NaN,NaN
9,NaN,NaN,NaN,NaN,NaN,NaN,NaN,NaN
10,NaN,NaN,NaN,NaN,NaN,NaN,NaN,NaN
11,NaN,NaN,NaN,NaN,NaN,NaN,NaN,NaN
1,NaN,NaN,NaN,NaN,NaN,NaN,NaN,NaN
2,NaN,NaN,NaN,NaN,NaN,NaN,NaN,NaN
3,NaN,NaN,NaN,NaN,NaN,NaN,NaN,NaN
4,NaN,NaN,NaN,NaN,NaN,NaN,NaN,NaN
5,NaN,NaN,NaN,NaN,NaN,NaN,NaN,NaN
6,NaN,NaN,NaN,NaN,NaN,NaN,NaN,NaN
7,NaN,NaN,NaN,NaN,NaN,NaN,NaN,NaN
8,NaN,NaN,NaN,NaN,NaN,NaN,NaN,NaN
9,NaN,NaN,NaN,NaN,NaN,NaN,NaN,NaN
10,NaN,NaN,NaN,NaN,NaN,NaN,NaN,NaN
11,NaN,NaN,NaN,NaN,NaN,NaN,NaN,NaN
1,NaN,NaN,NaN,NaN,NaN,NaN,NaN,NaN
2,NaN,NaN,NaN,NaN,NaN,NaN,NaN,NaN
3,NaN,NaN,NaN,NaN,NaN,NaN,NaN,NaN
4,NaN,NaN,NaN,NaN,NaN,NaN,NaN,NaN
5,NaN,NaN,NaN,NaN,NaN,NaN,NaN,NaN
6,NaN,NaN,NaN,NaN,NaN,NaN,NaN,NaN
7,NaN,NaN,NaN,NaN,NaN,NaN,NaN,NaN
8,NaN,NaN,NaN,NaN,NaN,NaN,NaN,NaN
9,NaN,NaN,NaN,NaN,NaN,NaN,NaN,NaN
10,NaN,NaN,NaN,NaN,NaN,NaN,NaN,NaN
11,NaN,NaN,NaN,NaN,NaN,NaN,NaN,NaN
1,NaN,NaN,NaN,NaN,NaN,NaN,NaN,NaN
2,NaN,NaN,NaN,NaN,NaN,NaN,NaN,NaN
3,NaN,NaN,NaN,NaN,NaN,NaN,NaN,NaN
4,NaN,NaN,NaN,NaN,NaN,NaN,NaN,NaN
5,NaN,NaN,NaN,NaN,NaN,NaN,NaN,NaN
6,NaN,NaN,NaN,NaN,NaN,NaN,NaN,NaN
7,NaN,NaN,NaN,NaN,NaN,NaN,NaN,NaN
8,NaN,NaN,NaN,NaN,NaN,NaN,NaN,NaN
9,NaN,NaN,NaN,NaN,NaN,NaN,NaN,NaN
10,NaN,NaN,NaN,NaN,NaN,NaN,NaN,NaN
11,NaN,NaN,NaN,NaN,NaN,NaN,NaN,NaN
1,NaN,NaN,NaN,NaN,NaN,NaN,NaN,NaN
2,NaN,NaN,NaN,NaN,NaN,NaN,NaN,NaN
3,NaN,NaN,NaN,NaN,NaN,NaN,NaN,NaN
4,NaN,NaN,NaN,NaN,NaN,NaN,NaN,NaN
5,NaN,NaN,NaN,NaN,NaN,NaN,NaN,NaN
6,NaN,NaN,NaN,NaN,NaN,NaN,NaN,NaN
7,NaN,NaN,NaN,NaN,NaN,NaN,NaN,NaN
8,NaN,NaN,NaN,NaN,NaN,NaN,NaN,NaN
9,NaN,NaN,NaN,NaN,NaN,NaN,NaN,NaN
10,NaN,NaN,NaN,NaN,NaN,NaN,NaN,NaN
11,NaN,NaN,NaN,NaN,NaN,NaN,NaN,NaN
1,NaN,NaN,NaN,NaN,NaN,NaN,NaN,NaN
2,NaN,NaN,NaN,NaN,NaN,NaN,NaN,NaN
3,NaN,NaN,NaN,NaN,NaN,NaN,NaN,NaN
4,NaN,NaN,NaN,NaN,NaN,NaN,NaN,NaN
5,NaN,NaN,NaN,NaN,NaN,NaN,NaN,NaN
6,NaN,NaN,NaN,NaN,NaN,NaN,NaN,NaN
7,NaN,NaN,NaN,NaN,NaN,NaN,NaN,NaN
8,NaN,NaN,NaN,NaN,NaN,NaN,NaN,NaN
9,NaN,NaN,NaN,NaN,NaN,NaN,NaN,NaN
10,NaN,NaN,NaN,NaN,NaN,NaN,NaN,NaN
11,NaN,NaN,NaN,NaN,NaN,NaN,NaN,NaN
1,NaN,NaN,NaN,NaN,NaN,NaN,NaN,NaN
2,NaN,NaN,NaN,NaN,NaN,NaN,NaN,NaN
3,NaN,NaN,NaN,NaN,NaN,NaN,NaN,NaN
4,NaN,NaN,NaN,NaN,NaN,NaN,NaN,NaN
5,NaN,NaN,NaN,NaN,NaN,NaN,NaN,NaN
6,NaN,NaN,NaN,NaN,NaN,NaN,NaN,NaN
7,NaN,NaN,NaN,NaN,NaN,NaN,NaN,NaN
8,NaN,NaN,NaN,NaN,NaN,NaN,NaN,NaN
9,NaN,NaN,NaN,NaN,NaN,NaN,NaN,NaN
10,NaN,NaN,NaN,NaN,NaN,NaN,NaN,NaN
11,NaN,NaN,NaN,NaN,NaN,NaN,NaN,NaN
1,NaN,NaN,NaN,NaN,NaN,NaN,NaN,NaN
2,NaN,NaN,NaN,NaN,NaN,NaN,NaN,NaN
3,NaN,NaN,NaN,NaN,NaN,NaN,NaN,NaN
4,NaN,NaN,NaN,NaN,NaN,NaN,NaN,NaN
5,NaN,NaN,NaN,NaN,NaN,NaN,NaN,NaN
6,NaN,NaN,NaN,NaN,NaN,NaN,NaN,NaN
7,NaN,NaN,NaN,NaN,NaN,NaN,NaN,NaN
8,NaN,NaN,NaN,NaN,NaN,NaN,NaN,NaN
9,NaN,NaN,NaN,NaN,NaN,NaN,NaN,NaN
10,NaN,NaN,NaN,NaN,NaN,NaN,NaN,NaN
11,NaN,NaN,NaN,NaN,NaN,NaN,NaN,NaN
1,NaN,NaN,NaN,NaN,NaN,NaN,NaN,NaN
2,NaN,NaN,NaN,NaN,NaN,NaN,NaN,NaN
3,NaN,NaN,NaN,NaN,NaN,NaN,NaN,NaN
4,NaN,NaN,NaN,NaN,NaN,NaN,NaN,NaN
5,NaN,NaN,NaN,NaN,NaN,NaN,NaN,NaN
6,NaN,NaN,NaN,NaN,NaN,NaN,NaN,NaN
7,NaN,NaN,NaN,NaN,NaN,NaN,NaN,NaN
8,NaN,NaN,NaN,NaN,NaN,NaN,NaN,NaN
9,NaN,NaN,NaN,NaN,NaN,NaN,NaN,NaN
10,NaN,NaN,NaN,NaN,NaN,NaN,NaN,NaN
11,NaN,NaN,NaN,NaN,NaN,NaN,NaN,NaN
1,NaN,NaN,NaN,NaN,NaN,NaN,NaN,NaN
2,NaN,NaN,NaN,NaN,NaN,NaN,NaN,NaN
3,NaN,NaN,NaN,NaN,NaN,NaN,NaN,NaN
4,NaN,NaN,NaN,NaN,NaN,NaN,NaN,NaN
5,NaN,NaN,NaN,NaN,NaN,NaN,NaN,NaN
6,NaN,NaN,NaN,NaN,NaN,NaN,NaN,NaN
7,NaN,NaN,NaN,NaN,NaN,NaN,NaN,NaN
8,NaN,NaN,NaN,NaN,NaN,NaN,NaN,NaN
9,NaN,NaN,NaN,NaN,NaN,NaN,NaN,NaN
10,NaN,NaN,NaN,NaN,NaN,NaN,NaN,NaN
11,NaN,NaN,NaN,NaN,NaN,NaN,NaN,NaN
1,NaN,NaN,NaN,NaN,NaN,NaN,NaN,NaN
2,NaN,NaN,NaN,NaN,NaN,NaN,NaN,NaN
3,NaN,NaN,NaN,NaN,NaN,NaN,NaN,NaN
4,NaN,NaN,NaN,NaN,NaN,NaN,NaN,NaN
5,NaN,NaN,NaN,NaN,NaN,NaN,NaN,NaN
6,NaN,NaN,NaN,NaN,NaN,NaN,NaN,NaN
7,NaN,NaN,NaN,NaN,NaN,NaN,NaN,NaN
8,NaN,NaN,NaN,NaN,NaN,NaN,NaN,NaN
9,NaN,NaN,NaN,NaN,NaN,NaN,NaN,NaN
10,NaN,NaN,NaN,NaN,NaN,NaN,NaN,NaN
11,NaN,NaN,NaN,NaN,NaN,NaN,NaN,NaN
1,NaN,NaN,NaN,NaN,NaN,NaN,NaN,NaN
2,NaN,NaN,NaN,NaN,NaN,NaN,NaN,NaN
3,NaN,NaN,NaN,NaN,NaN,NaN,NaN,NaN
4,NaN,NaN,NaN,NaN,NaN,NaN,NaN,NaN
5,NaN,NaN,NaN,NaN,NaN,NaN,NaN,NaN
6,NaN,NaN,NaN,NaN,NaN,NaN,NaN,NaN
7,NaN,NaN,NaN,NaN,NaN,NaN,NaN,NaN
8,NaN,NaN,NaN,NaN,NaN,NaN,NaN,NaN
9,NaN,NaN,NaN,NaN,NaN,NaN,NaN,NaN
10,NaN,NaN,NaN,NaN,NaN,NaN,NaN,NaN
11,NaN,NaN,NaN,NaN,NaN,NaN,NaN,NaN
1,NaN,NaN,NaN,NaN,NaN,NaN,NaN,NaN
2,NaN,NaN,NaN,NaN,NaN,NaN,NaN,NaN
3,NaN,NaN,NaN,NaN,NaN,NaN,NaN,NaN
4,NaN,NaN,NaN,NaN,NaN,NaN,NaN,NaN
5,NaN,NaN,NaN,NaN,NaN,NaN,NaN,NaN
6,NaN,NaN,NaN,NaN,NaN,NaN,NaN,NaN
7,NaN,NaN,NaN,NaN,NaN,NaN,NaN,NaN
8,NaN,NaN,NaN,NaN,NaN,NaN,NaN,NaN
9,NaN,NaN,NaN,NaN,NaN,NaN,NaN,NaN
10,NaN,NaN,NaN,NaN,NaN,NaN,NaN,NaN
11,NaN,NaN,NaN,NaN,NaN,NaN,NaN,NaN
1,NaN,NaN,NaN,NaN,NaN,NaN,NaN,NaN
2,NaN,NaN,NaN,NaN,NaN,NaN,NaN,NaN
3,NaN,NaN,NaN,NaN,NaN,NaN,NaN,NaN
4,NaN,NaN,NaN,NaN,NaN,NaN,NaN,NaN
5,NaN,NaN,NaN,NaN,NaN,NaN,NaN,NaN
6,NaN,NaN,NaN,NaN,NaN,NaN,NaN,NaN
7,NaN,NaN,NaN,NaN,NaN,NaN,NaN,NaN
8,NaN,NaN,NaN,NaN,NaN,NaN,NaN,NaN
9,NaN,NaN,NaN,NaN,NaN,NaN,NaN,NaN
10,NaN,NaN,NaN,NaN,NaN,NaN,NaN,NaN
11,NaN,NaN,NaN,NaN,NaN,NaN,NaN,NaN
1,NaN,NaN,NaN,NaN,NaN,NaN,NaN,NaN
2,NaN,NaN,NaN,NaN,NaN,NaN,NaN,NaN
3,NaN,NaN,NaN,NaN,NaN,NaN,NaN,NaN
4,NaN,NaN,NaN,NaN,NaN,NaN,NaN,NaN
5,NaN,NaN,NaN,NaN,NaN,NaN,NaN,NaN
6,NaN,NaN,NaN,NaN,NaN,NaN,NaN,NaN
7,NaN,NaN,NaN,NaN,NaN,NaN,NaN,NaN
8,NaN,NaN,NaN,NaN,NaN,NaN,NaN,NaN
9,NaN,NaN,NaN,NaN,NaN,NaN,NaN,NaN
10,NaN,NaN,NaN,NaN,NaN,NaN,NaN,NaN
11,NaN,NaN,NaN,NaN,NaN,NaN,NaN,NaN
1,NaN,NaN,NaN,NaN,NaN,NaN,NaN,NaN
2,NaN,NaN,NaN,NaN,NaN,NaN,NaN,NaN
3,NaN,NaN,NaN,NaN,NaN,NaN,NaN,NaN
4,NaN,NaN,NaN,NaN,NaN,NaN,NaN,NaN
5,NaN,NaN,NaN,NaN,NaN,NaN,NaN,NaN
6,NaN,NaN,NaN,NaN,NaN,NaN,NaN,NaN
7,NaN,NaN,NaN,NaN,NaN,NaN,NaN,NaN
8,NaN,NaN,NaN,NaN,NaN,NaN,NaN,NaN
9,NaN,NaN,NaN,NaN,NaN,NaN,NaN,NaN
10,NaN,NaN,NaN,NaN,NaN,NaN,NaN,NaN
11,NaN,NaN,NaN,NaN,NaN,NaN,NaN,NaN
1,NaN,NaN,NaN,NaN,NaN,NaN,NaN,NaN
2,NaN,NaN,NaN,NaN,NaN,NaN,NaN,NaN
3,NaN,NaN,NaN,NaN,NaN,NaN,NaN,NaN
4,NaN,NaN,NaN,NaN,NaN,NaN,NaN,NaN
5,NaN,NaN,NaN,NaN,NaN,NaN,NaN,NaN
6,NaN,NaN,NaN,NaN,NaN,NaN,NaN,NaN
7,NaN,NaN,NaN,NaN,NaN,NaN,NaN,NaN
8,NaN,NaN,NaN,NaN,NaN,NaN,NaN,NaN
9,NaN,NaN,NaN,NaN,NaN,NaN,NaN,NaN
10,NaN,NaN,NaN,NaN,NaN,NaN,NaN,NaN
11,NaN,NaN,NaN,NaN,NaN,NaN,NaN,NaN
1,NaN,NaN,NaN,NaN,NaN,NaN,NaN,NaN
2,NaN,NaN,NaN,NaN,NaN,NaN,NaN,NaN
3,NaN,NaN,NaN,NaN,NaN,NaN,NaN,NaN
4,NaN,NaN,NaN,NaN,NaN,NaN,NaN,NaN
5,NaN,NaN,NaN,NaN,NaN,NaN,NaN,NaN
6,NaN,NaN,NaN,NaN,NaN,NaN,NaN,NaN
7,NaN,NaN,NaN,NaN,NaN,NaN,NaN,NaN
8,NaN,NaN,NaN,NaN,NaN,NaN,NaN,NaN
9,NaN,NaN,NaN,NaN,NaN,NaN,NaN,NaN
10,NaN,NaN,NaN,NaN,NaN,NaN,NaN,NaN
11,NaN,NaN,NaN,NaN,NaN,NaN,NaN,NaN
1,NaN,NaN,NaN,NaN,NaN,NaN,NaN,NaN
2,NaN,NaN,NaN,NaN,NaN,NaN,NaN,NaN
3,NaN,NaN,NaN,NaN,NaN,NaN,NaN,NaN
4,NaN,NaN,NaN,NaN,NaN,NaN,NaN,NaN
5,NaN,NaN,NaN,NaN,NaN,NaN,NaN,NaN
6,NaN,NaN,NaN,NaN,NaN,NaN,NaN,NaN
7,NaN,NaN,NaN,NaN,NaN,NaN,NaN,NaN
8,NaN,NaN,NaN,NaN,NaN,NaN,NaN,NaN
9,NaN,NaN,NaN,NaN,NaN,NaN,NaN,NaN
10,NaN,NaN,NaN,NaN,NaN,NaN,NaN,NaN
11,NaN,NaN,NaN,NaN,NaN,NaN,NaN,NaN
1,NaN,NaN,NaN,NaN,NaN,NaN,NaN,NaN
2,NaN,NaN,NaN,NaN,NaN,NaN,NaN,NaN
3,NaN,NaN,NaN,NaN,NaN,NaN,NaN,NaN
4,NaN,NaN,NaN,NaN,NaN,NaN,NaN,NaN
5,NaN,NaN,NaN,NaN,NaN,NaN,NaN,NaN
6,NaN,NaN,NaN,NaN,NaN,NaN,NaN,NaN
7,NaN,NaN,NaN,NaN,NaN,NaN,NaN,NaN
8,NaN,NaN,NaN,NaN,NaN,NaN,NaN,NaN
9,NaN,NaN,NaN,NaN,NaN,NaN,NaN,NaN
10,NaN,NaN,NaN,NaN,NaN,NaN,NaN,NaN
11,NaN,NaN,NaN,NaN,NaN,NaN,NaN,NaN
1,NaN,NaN,NaN,NaN,NaN,NaN,NaN,NaN
2,NaN,NaN,NaN,NaN,NaN,NaN,NaN,NaN
3,NaN,NaN,NaN,NaN,NaN,NaN,NaN,NaN
4,NaN,NaN,NaN,NaN,NaN,NaN,NaN,NaN
5,NaN,NaN,NaN,NaN,NaN,NaN,NaN,NaN
6,NaN,NaN,NaN,NaN,NaN,NaN,NaN,NaN
7,NaN,NaN,NaN,NaN,NaN,NaN,NaN,NaN
8,NaN,NaN,NaN,NaN,NaN,NaN,NaN,NaN
9,NaN,NaN,NaN,NaN,NaN,NaN,NaN,NaN
10,NaN,NaN,NaN,NaN,NaN,NaN,NaN,NaN
11,NaN,NaN,NaN,NaN,NaN,NaN,NaN,NaN
1,NaN,NaN,NaN,NaN,NaN,NaN,NaN,NaN
2,NaN,NaN,NaN,NaN,NaN,NaN,NaN,NaN
3,NaN,NaN,NaN,NaN,NaN,NaN,NaN,NaN
4,NaN,NaN,NaN,NaN,NaN,NaN,NaN,NaN
5,NaN,NaN,NaN,NaN,NaN,NaN,NaN,NaN
6,NaN,NaN,NaN,NaN,NaN,NaN,NaN,NaN
7,NaN,NaN,NaN,NaN,NaN,NaN,NaN,NaN
8,NaN,NaN,NaN,NaN,NaN,NaN,NaN,NaN
9,NaN,NaN,NaN,NaN,NaN,NaN,NaN,NaN
10,NaN,NaN,NaN,NaN,NaN,NaN,NaN,NaN
11,NaN,NaN,NaN,NaN,NaN,NaN,NaN,NaN
1,NaN,NaN,NaN,NaN,NaN,NaN,NaN,NaN
2,NaN,NaN,NaN,NaN,NaN,NaN,NaN,NaN
3,NaN,NaN,NaN,NaN,NaN,NaN,NaN,NaN
4,NaN,NaN,NaN,NaN,NaN,NaN,NaN,NaN
5,NaN,NaN,NaN,NaN,NaN,NaN,NaN,NaN
6,NaN,NaN,NaN,NaN,NaN,NaN,NaN,NaN
7,NaN,NaN,NaN,NaN,NaN,NaN,NaN,NaN
8,NaN,NaN,NaN,NaN,NaN,NaN,NaN,NaN
9,NaN,NaN,NaN,NaN,NaN,NaN,NaN,NaN
10,NaN,NaN,NaN,NaN,NaN,NaN,NaN,NaN
11,NaN,NaN,NaN,NaN,NaN,NaN,NaN,NaN
1,NaN,NaN,NaN,NaN,NaN,NaN,NaN,NaN
2,NaN,NaN,NaN,NaN,NaN,NaN,NaN,NaN
3,NaN,NaN,NaN,NaN,NaN,NaN,NaN,NaN
4,NaN,NaN,NaN,NaN,NaN,NaN,NaN,NaN
5,NaN,NaN,NaN,NaN,NaN,NaN,NaN,NaN
6,NaN,NaN,NaN,NaN,NaN,NaN,NaN,NaN
7,NaN,NaN,NaN,NaN,NaN,NaN,NaN,NaN
8,NaN,NaN,NaN,NaN,NaN,NaN,NaN,NaN
9,NaN,NaN,NaN,NaN,NaN,NaN,NaN,NaN
10,NaN,NaN,NaN,NaN,NaN,NaN,NaN,NaN
11,NaN,NaN,NaN,NaN,NaN,NaN,NaN,NaN
1,NaN,NaN,NaN,NaN,NaN,NaN,NaN,NaN
2,NaN,NaN,NaN,NaN,NaN,NaN,NaN,NaN
3,NaN,NaN,NaN,NaN,NaN,NaN,NaN,NaN
4,NaN,NaN,NaN,NaN,NaN,NaN,NaN,NaN
5,NaN,NaN,NaN,NaN,NaN,NaN,NaN,NaN
6,NaN,NaN,NaN,NaN,NaN,NaN,NaN,NaN
7,NaN,NaN,NaN,NaN,NaN,NaN,NaN,NaN
8,NaN,NaN,NaN,NaN,NaN,NaN,NaN,NaN
9,NaN,NaN,NaN,NaN,NaN,NaN,NaN,NaN
10,NaN,NaN,NaN,NaN,NaN,NaN,NaN,NaN
11,NaN,NaN,NaN,NaN,NaN,NaN,NaN,NaN
1,NaN,NaN,NaN,NaN,NaN,NaN,NaN,NaN
2,NaN,NaN,NaN,NaN,NaN,NaN,NaN,NaN
3,NaN,NaN,NaN,NaN,NaN,NaN,NaN,NaN
4,NaN,NaN,NaN,NaN,NaN,NaN,NaN,NaN
5,NaN,NaN,NaN,NaN,NaN,NaN,NaN,NaN
6,NaN,NaN,NaN,NaN,NaN,NaN,NaN,NaN
7,NaN,NaN,NaN,NaN,NaN,NaN,NaN,NaN
8,NaN,NaN,NaN,NaN,NaN,NaN,NaN,NaN
9,NaN,NaN,NaN,NaN,NaN,NaN,NaN,NaN
10,NaN,NaN,NaN,NaN,NaN,NaN,NaN,NaN
11,NaN,NaN,NaN,NaN,NaN,NaN,NaN,NaN
1,NaN,NaN,NaN,NaN,NaN,NaN,NaN,NaN
2,NaN,NaN,NaN,NaN,NaN,NaN,NaN,NaN
3,NaN,NaN,NaN,NaN,NaN,NaN,NaN,NaN
4,NaN,NaN,NaN,NaN,NaN,NaN,NaN,NaN
5,NaN,NaN,NaN,NaN,NaN,NaN,NaN,NaN
6,NaN,NaN,NaN,NaN,NaN,NaN,NaN,NaN
7,NaN,NaN,NaN,NaN,NaN,NaN,NaN,NaN
8,NaN,NaN,NaN,NaN,NaN,NaN,NaN,NaN
9,NaN,NaN,NaN,NaN,NaN,NaN,NaN,NaN
10,NaN,NaN,NaN,NaN,NaN,NaN,NaN,NaN
11,NaN,NaN,NaN,NaN,NaN,NaN,NaN,NaN
1,NaN,NaN,NaN,NaN,NaN,NaN,NaN,NaN
2,NaN,NaN,NaN,NaN,NaN,NaN,NaN,NaN
3,NaN,NaN,NaN,NaN,NaN,NaN,NaN,NaN
4,NaN,NaN,NaN,NaN,NaN,NaN,NaN,NaN
5,NaN,NaN,NaN,NaN,NaN,NaN,NaN,NaN
6,NaN,NaN,NaN,NaN,NaN,NaN,NaN,NaN
7,NaN,NaN,NaN,NaN,NaN,NaN,NaN,NaN
8,NaN,NaN,NaN,NaN,NaN,NaN,NaN,NaN
9,NaN,NaN,NaN,NaN,NaN,NaN,NaN,NaN
10,NaN,NaN,NaN,NaN,NaN,NaN,NaN,NaN
11,NaN,NaN,NaN,NaN,NaN,NaN,NaN,NaN
1,NaN,NaN,NaN,NaN,NaN,NaN,NaN,NaN
2,NaN,NaN,NaN,NaN,NaN,NaN,NaN,NaN
3,NaN,NaN,NaN,NaN,NaN,NaN,NaN,NaN
4,NaN,NaN,NaN,NaN,NaN,NaN,NaN,NaN
5,NaN,NaN,NaN,NaN,NaN,NaN,NaN,NaN
6,NaN,NaN,NaN,NaN,NaN,NaN,NaN,NaN
7,NaN,NaN,NaN,NaN,NaN,NaN,NaN,NaN
8,NaN,NaN,NaN,NaN,NaN,NaN,NaN,NaN
9,NaN,NaN,NaN,NaN,NaN,NaN,NaN,NaN
10,NaN,NaN,NaN,NaN,NaN,NaN,NaN,NaN
11,NaN,NaN,NaN,NaN,NaN,NaN,NaN,NaN
1,NaN,NaN,NaN,NaN,NaN,NaN,NaN,NaN
2,NaN,NaN,NaN,NaN,NaN,NaN,NaN,NaN
3,NaN,NaN,NaN,NaN,NaN,NaN,NaN,NaN
4,NaN,NaN,NaN,NaN,NaN,NaN,NaN,NaN
5,NaN,NaN,NaN,NaN,NaN,NaN,NaN,NaN
6,NaN,NaN,NaN,NaN,NaN,NaN,NaN,NaN
7,NaN,NaN,NaN,NaN,NaN,NaN,NaN,NaN
8,NaN,NaN,NaN,NaN,NaN,NaN,NaN,NaN
9,NaN,NaN,NaN,NaN,NaN,NaN,NaN,NaN
10,NaN,NaN,NaN,NaN,NaN,NaN,NaN,NaN
11,NaN,NaN,NaN,NaN,NaN,NaN,NaN,NaN
1,NaN,NaN,NaN,NaN,NaN,NaN,NaN,NaN
2,NaN,NaN,NaN,NaN,NaN,NaN,NaN,NaN
3,NaN,NaN,NaN,NaN,NaN,NaN,NaN,NaN
4,NaN,NaN,NaN,NaN,NaN,NaN,NaN,NaN
5,NaN,NaN,NaN,NaN,NaN,NaN,NaN,NaN
6,NaN,NaN,NaN,NaN,NaN,NaN,NaN,NaN
7,NaN,NaN,NaN,NaN,NaN,NaN,NaN,NaN
8,NaN,NaN,NaN,NaN,NaN,NaN,NaN,NaN
9,NaN,NaN,NaN,NaN,NaN,NaN,NaN,NaN
10,NaN,NaN,NaN,NaN,NaN,NaN,NaN,NaN
11,NaN,NaN,NaN,NaN,NaN,NaN,NaN,NaN
1,NaN,NaN,NaN,NaN,NaN,NaN,NaN,NaN
2,NaN,NaN,NaN,NaN,NaN,NaN,NaN,NaN
3,NaN,NaN,NaN,NaN,NaN,NaN,NaN,NaN
4,NaN,NaN,NaN,NaN,NaN,NaN,NaN,NaN
5,NaN,NaN,NaN,NaN,NaN,NaN,NaN,NaN
6,NaN,NaN,NaN,NaN,NaN,NaN,NaN,NaN
7,NaN,NaN,NaN,NaN,NaN,NaN,NaN,NaN
8,NaN,NaN,NaN,NaN,NaN,NaN,NaN,NaN
9,NaN,NaN,NaN,NaN,NaN,NaN,NaN,NaN
10,NaN,NaN,NaN,NaN,NaN,NaN,NaN,NaN
11,NaN,NaN,NaN,NaN,NaN,NaN,NaN,NaN
1,NaN,NaN,NaN,NaN,NaN,NaN,NaN,NaN
2,NaN,NaN,NaN,NaN,NaN,NaN,NaN,NaN
3,NaN,NaN,NaN,NaN,NaN,NaN,NaN,NaN
4,NaN,NaN,NaN,NaN,NaN,NaN,NaN,NaN
5,NaN,NaN,NaN,NaN,NaN,NaN,NaN,NaN
6,NaN,NaN,NaN,NaN,NaN,NaN,NaN,NaN
7,NaN,NaN,NaN,NaN,NaN,NaN,NaN,NaN
8,NaN,NaN,NaN,NaN,NaN,NaN,NaN,NaN
9,NaN,NaN,NaN,NaN,NaN,NaN,NaN,NaN
10,NaN,NaN,NaN,NaN,NaN,NaN,NaN,NaN
11,NaN,NaN,NaN,NaN,NaN,NaN,NaN,NaN
1,NaN,NaN,NaN,NaN,NaN,NaN,NaN,NaN
2,NaN,NaN,NaN,NaN,NaN,NaN,NaN,NaN
3,NaN,NaN,NaN,NaN,NaN,NaN,NaN,NaN
4,NaN,NaN,NaN,NaN,NaN,NaN,NaN,NaN
5,NaN,NaN,NaN,NaN,NaN,NaN,NaN,NaN
6,NaN,NaN,NaN,NaN,NaN,NaN,NaN,NaN
7,NaN,NaN,NaN,NaN,NaN,NaN,NaN,NaN
8,NaN,NaN,NaN,NaN,NaN,NaN,NaN,NaN
9,NaN,NaN,NaN,NaN,NaN,NaN,NaN,NaN
10,NaN,NaN,NaN,NaN,NaN,NaN,NaN,NaN
11,NaN,NaN,NaN,NaN,NaN,NaN,NaN,NaN
1,NaN,NaN,NaN,NaN,NaN,NaN,NaN,NaN
2,NaN,NaN,NaN,NaN,NaN,NaN,NaN,NaN
3,NaN,NaN,NaN,NaN,NaN,NaN,NaN,NaN
4,NaN,NaN,NaN,NaN,NaN,NaN,NaN,NaN
5,NaN,NaN,NaN,NaN,NaN,NaN,NaN,NaN
6,NaN,NaN,NaN,NaN,NaN,NaN,NaN,NaN
7,NaN,NaN,NaN,NaN,NaN,NaN,NaN,NaN
8,NaN,NaN,NaN,NaN,NaN,NaN,NaN,NaN
9,NaN,NaN,NaN,NaN,NaN,NaN,NaN,NaN
10,NaN,NaN,NaN,NaN,NaN,NaN,NaN,NaN
11,NaN,NaN,NaN,NaN,NaN,NaN,NaN,NaN
1,NaN,NaN,NaN,NaN,NaN,NaN,NaN,NaN
2,NaN,NaN,NaN,NaN,NaN,NaN,NaN,NaN
3,NaN,NaN,NaN,NaN,NaN,NaN,NaN,NaN
4,NaN,NaN,NaN,NaN,NaN,NaN,NaN,NaN
5,NaN,NaN,NaN,NaN,NaN,NaN,NaN,NaN
6,NaN,NaN,NaN,NaN,NaN,NaN,NaN,NaN
7,NaN,NaN,NaN,NaN,NaN,NaN,NaN,NaN
8,NaN,NaN,NaN,NaN,NaN,NaN,NaN,NaN
9,NaN,NaN,NaN,NaN,NaN,NaN,NaN,NaN
10,NaN,NaN,NaN,NaN,NaN,NaN,NaN,NaN
11,NaN,NaN,NaN,NaN,NaN,NaN,NaN,NaN
1,NaN,NaN,NaN,NaN,NaN,NaN,NaN,NaN
2,NaN,NaN,NaN,NaN,NaN,NaN,NaN,NaN
3,NaN,NaN,NaN,NaN,NaN,NaN,NaN,NaN
4,NaN,NaN,NaN,NaN,NaN,NaN,NaN,NaN
5,NaN,NaN,NaN,NaN,NaN,NaN,NaN,NaN
6,NaN,NaN,NaN,NaN,NaN,NaN,NaN,NaN
7,NaN,NaN,NaN,NaN,NaN,NaN,NaN,NaN
8,NaN,NaN,NaN,NaN,NaN,NaN,NaN,NaN
9,NaN,NaN,NaN,NaN,NaN,NaN,NaN,NaN
10,NaN,NaN,NaN,NaN,NaN,NaN,NaN,NaN
11,NaN,NaN,NaN,NaN,NaN,NaN,NaN,NaN
1,NaN,NaN,NaN,NaN,NaN,NaN,NaN,NaN
2,NaN,NaN,NaN,NaN,NaN,NaN,NaN,NaN
3,NaN,NaN,NaN,NaN,NaN,NaN,NaN,NaN
4,NaN,NaN,NaN,NaN,NaN,NaN,NaN,NaN
5,NaN,NaN,NaN,NaN,NaN,NaN,NaN,NaN
6,NaN,NaN,NaN,NaN,NaN,NaN,NaN,NaN
7,NaN,NaN,NaN,NaN,NaN,NaN,NaN,NaN
8,NaN,NaN,NaN,NaN,NaN,NaN,NaN,NaN
9,NaN,NaN,NaN,NaN,NaN,NaN,NaN,NaN
10,NaN,NaN,NaN,NaN,NaN,NaN,NaN,NaN
11,NaN,NaN,NaN,NaN,NaN,NaN,NaN,NaN
1,NaN,NaN,NaN,NaN,NaN,NaN,NaN,NaN
2,NaN,NaN,NaN,NaN,NaN,NaN,NaN,NaN
3,NaN,NaN,NaN,NaN,NaN,NaN,NaN,NaN
4,NaN,NaN,NaN,NaN,NaN,NaN,NaN,NaN
5,NaN,NaN,NaN,NaN,NaN,NaN,NaN,NaN
6,NaN,NaN,NaN,NaN,NaN,NaN,NaN,NaN
7,NaN,NaN,NaN,NaN,NaN,NaN,NaN,NaN
8,NaN,NaN,NaN,NaN,NaN,NaN,NaN,NaN
9,NaN,NaN,NaN,NaN,NaN,NaN,NaN,NaN
10,NaN,NaN,NaN,NaN,NaN,NaN,NaN,NaN
11,NaN,NaN,NaN,NaN,NaN,NaN,NaN,NaN
1,NaN,NaN,NaN,NaN,NaN,NaN,NaN,NaN
2,NaN,NaN,NaN,NaN,NaN,NaN,NaN,NaN
3,NaN,NaN,NaN,NaN,NaN,NaN,NaN,NaN
4,NaN,NaN,NaN,NaN,NaN,NaN,NaN,NaN
5,NaN,NaN,NaN,NaN,NaN,NaN,NaN,NaN
6,NaN,NaN,NaN,NaN,NaN,NaN,NaN,NaN
7,NaN,NaN,NaN,NaN,NaN,NaN,NaN,NaN
8,NaN,NaN,NaN,NaN,NaN,NaN,NaN,NaN
9,NaN,NaN,NaN,NaN,NaN,NaN,NaN,NaN
10,NaN,NaN,NaN,NaN,NaN,NaN,NaN,NaN
11,NaN,NaN,NaN,NaN,NaN,NaN,NaN,NaN
1,NaN,NaN,NaN,NaN,NaN,NaN,NaN,NaN
2,NaN,NaN,NaN,NaN,NaN,NaN,NaN,NaN
3,NaN,NaN,NaN,NaN,NaN,NaN,NaN,NaN
4,NaN,NaN,NaN,NaN,NaN,NaN,NaN,NaN
5,NaN,NaN,NaN,NaN,NaN,NaN,NaN,NaN
6,NaN,NaN,NaN,NaN,NaN,NaN,NaN,NaN
7,NaN,NaN,NaN,NaN,NaN,NaN,NaN,NaN
8,NaN,NaN,NaN,NaN,NaN,NaN,NaN,NaN
9,NaN,NaN,NaN,NaN,NaN,NaN,NaN,NaN
10,NaN,NaN,NaN,NaN,NaN,NaN,NaN,NaN
11,NaN,NaN,NaN,NaN,NaN,NaN,NaN,NaN
1,NaN,NaN,NaN,NaN,NaN,NaN,NaN,NaN
2,NaN,NaN,NaN,NaN,NaN,NaN,NaN,NaN
3,NaN,NaN,NaN,NaN,NaN,NaN,NaN,NaN
4,NaN,NaN,NaN,NaN,NaN,NaN,NaN,NaN
5,NaN,NaN,NaN,NaN,NaN,NaN,NaN,NaN
6,NaN,NaN,NaN,NaN,NaN,NaN,NaN,NaN
7,NaN,NaN,NaN,NaN,NaN,NaN,NaN,NaN
8,NaN,NaN,NaN,NaN,NaN,NaN,NaN,NaN
9,NaN,NaN,NaN,NaN,NaN,NaN,NaN,NaN
10,NaN,NaN,NaN,NaN,NaN,NaN,NaN,NaN
11,NaN,NaN,NaN,NaN,NaN,NaN,NaN,NaN
1,NaN,NaN,NaN,NaN,NaN,NaN,NaN,NaN
2,NaN,NaN,NaN,NaN,NaN,NaN,NaN,NaN
3,NaN,NaN,NaN,NaN,NaN,NaN,NaN,NaN
4,NaN,NaN,NaN,NaN,NaN,NaN,NaN,NaN
5,NaN,NaN,NaN,NaN,NaN,NaN,NaN,NaN
6,NaN,NaN,NaN,NaN,NaN,NaN,NaN,NaN
7,NaN,NaN,NaN,NaN,NaN,NaN,NaN,NaN
8,NaN,NaN,NaN,NaN,NaN,NaN,NaN,NaN
9,NaN,NaN,NaN,NaN,NaN,NaN,NaN,NaN
10,NaN,NaN,NaN,NaN,NaN,NaN,NaN,NaN
11,NaN,NaN,NaN,NaN,NaN,NaN,NaN,NaN
1,NaN,NaN,NaN,NaN,NaN,NaN,NaN,NaN
2,NaN,NaN,NaN,NaN,NaN,NaN,NaN,NaN
3,NaN,NaN,NaN,NaN,NaN,NaN,NaN,NaN
4,NaN,NaN,NaN,NaN,NaN,NaN,NaN,NaN
5,NaN,NaN,NaN,NaN,NaN,NaN,NaN,NaN
6,NaN,NaN,NaN,NaN,NaN,NaN,NaN,NaN
7,NaN,NaN,NaN,NaN,NaN,NaN,NaN,NaN
8,NaN,NaN,NaN,NaN,NaN,NaN,NaN,NaN
9,NaN,NaN,NaN,NaN,NaN,NaN,NaN,NaN
10,NaN,NaN,NaN,NaN,NaN,NaN,NaN,NaN
11,NaN,NaN,NaN,NaN,NaN,NaN,NaN,NaN
1,NaN,NaN,NaN,NaN,NaN,NaN,NaN,NaN
2,NaN,NaN,NaN,NaN,NaN,NaN,NaN,NaN
3,NaN,NaN,NaN,NaN,NaN,NaN,NaN,NaN
4,NaN,NaN,NaN,NaN,NaN,NaN,NaN,NaN
5,NaN,NaN,NaN,NaN,NaN,NaN,NaN,NaN
6,NaN,NaN,NaN,NaN,NaN,NaN,NaN,NaN
7,NaN,NaN,NaN,NaN,NaN,NaN,NaN,NaN
8,NaN,NaN,NaN,NaN,NaN,NaN,NaN,NaN
9,NaN,NaN,NaN,NaN,NaN,NaN,NaN,NaN
10,NaN,NaN,NaN,NaN,NaN,NaN,NaN,NaN
11,NaN,NaN,NaN,NaN,NaN,NaN,NaN,NaN
1,NaN,NaN,NaN,NaN,NaN,NaN,NaN,NaN
2,NaN,NaN,NaN,NaN,NaN,NaN,NaN,NaN
3,NaN,NaN,NaN,NaN,NaN,NaN,NaN,NaN
4,NaN,NaN,NaN,NaN,NaN,NaN,NaN,NaN
5,NaN,NaN,NaN,NaN,NaN,NaN,NaN,NaN
6,NaN,NaN,NaN,NaN,NaN,NaN,NaN,NaN
7,NaN,NaN,NaN,NaN,NaN,NaN,NaN,NaN
8,NaN,NaN,NaN,NaN,NaN,NaN,NaN,NaN
9,NaN,NaN,NaN,NaN,NaN,NaN,NaN,NaN
10,NaN,NaN,NaN,NaN,NaN,NaN,NaN,NaN
11,NaN,NaN,NaN,NaN,NaN,NaN,NaN,NaN
1,NaN,NaN,NaN,NaN,NaN,NaN,NaN,NaN
2,NaN,NaN,NaN,NaN,NaN,NaN,NaN,NaN
3,NaN,NaN,NaN,NaN,NaN,NaN,NaN,NaN
4,NaN,NaN,NaN,NaN,NaN,NaN,NaN,NaN
5,NaN,NaN,NaN,NaN,NaN,NaN,NaN,NaN
6,NaN,NaN,NaN,NaN,NaN,NaN,NaN,NaN
7,NaN,NaN,NaN,NaN,NaN,NaN,NaN,NaN
8,NaN,NaN,NaN,NaN,NaN,NaN,NaN,NaN
9,NaN,NaN,NaN,NaN,NaN,NaN,NaN,NaN
10,NaN,NaN,NaN,NaN,NaN,NaN,NaN,NaN
11,NaN,NaN,NaN,NaN,NaN,NaN,NaN,NaN
1,NaN,NaN,NaN,NaN,NaN,NaN,NaN,NaN
2,NaN,NaN,NaN,NaN,NaN,NaN,NaN,NaN
3,NaN,NaN,NaN,NaN,NaN,NaN,NaN,NaN
4,NaN,NaN,NaN,NaN,NaN,NaN,NaN,NaN
5,NaN,NaN,NaN,NaN,NaN,NaN,NaN,NaN
6,NaN,NaN,NaN,NaN,NaN,NaN,NaN,NaN
7,NaN,NaN,NaN,NaN,NaN,NaN,NaN,NaN
8,NaN,NaN,NaN,NaN,NaN,NaN,NaN,NaN
9,NaN,NaN,NaN,NaN,NaN,NaN,NaN,NaN
10,NaN,NaN,NaN,NaN,NaN,NaN,NaN,NaN
11,NaN,NaN,NaN,NaN,NaN,NaN,NaN,NaN
1,NaN,NaN,NaN,NaN,NaN,NaN,NaN,NaN
2,NaN,NaN,NaN,NaN,NaN,NaN,NaN,NaN
3,NaN,NaN,NaN,NaN,NaN,NaN,NaN,NaN
4,NaN,NaN,NaN,NaN,NaN,NaN,NaN,NaN
5,NaN,NaN,NaN,NaN,NaN,NaN,NaN,NaN
6,NaN,NaN,NaN,NaN,NaN,NaN,NaN,NaN
7,NaN,NaN,NaN,NaN,NaN,NaN,NaN,NaN
8,NaN,NaN,NaN,NaN,NaN,NaN,NaN,NaN
9,NaN,NaN,NaN,NaN,NaN,NaN,NaN,NaN
10,NaN,NaN,NaN,NaN,NaN,NaN,NaN,NaN
11,NaN,NaN,NaN,NaN,NaN,NaN,NaN,NaN
1,NaN,NaN,NaN,NaN,NaN,NaN,NaN,NaN
2,NaN,NaN,NaN,NaN,NaN,NaN,NaN,NaN
3,NaN,NaN,NaN,NaN,NaN,NaN,NaN,NaN
4,NaN,NaN,NaN,NaN,NaN,NaN,NaN,NaN
5,NaN,NaN,NaN,NaN,NaN,NaN,NaN,NaN
6,NaN,NaN,NaN,NaN,NaN,NaN,NaN,NaN
7,NaN,NaN,NaN,NaN,NaN,NaN,NaN,NaN
8,NaN,NaN,NaN,NaN,NaN,NaN,NaN,NaN
9,NaN,NaN,NaN,NaN,NaN,NaN,NaN,NaN
10,NaN,NaN,NaN,NaN,NaN,NaN,NaN,NaN
11,NaN,NaN,NaN,NaN,NaN,NaN,NaN,NaN
1,NaN,NaN,NaN,NaN,NaN,NaN,NaN,NaN
2,NaN,NaN,NaN,NaN,NaN,NaN,NaN,NaN
3,NaN,NaN,NaN,NaN,NaN,NaN,NaN,NaN
4,NaN,NaN,NaN,NaN,NaN,NaN,NaN,NaN
5,NaN,NaN,NaN,NaN,NaN,NaN,NaN,NaN
6,NaN,NaN,NaN,NaN,NaN,NaN,NaN,NaN
7,NaN,NaN,NaN,NaN,NaN,NaN,NaN,NaN
8,NaN,NaN,NaN,NaN,NaN,NaN,NaN,NaN
9,NaN,NaN,NaN,NaN,NaN,NaN,NaN,NaN
10,NaN,NaN,NaN,NaN,NaN,NaN,NaN,NaN
11,NaN,NaN,NaN,NaN,NaN,NaN,NaN,NaN
1,NaN,NaN,NaN,NaN,NaN,NaN,NaN,NaN
2,NaN,NaN,NaN,NaN,NaN,NaN,NaN,NaN
3,NaN,NaN,NaN,NaN,NaN,NaN,NaN,NaN
4,NaN,NaN,NaN,NaN,NaN,NaN,NaN,NaN
5,NaN,NaN,NaN,NaN,NaN,NaN,NaN,NaN
6,NaN,NaN,NaN,NaN,NaN,NaN,NaN,NaN
7,NaN,NaN,NaN,NaN,NaN,NaN,NaN,NaN
8,NaN,NaN,NaN,NaN,NaN,NaN,NaN,NaN
9,NaN,NaN,NaN,NaN,NaN,NaN,NaN,NaN
10,NaN,NaN,NaN,NaN,NaN,NaN,NaN,NaN
11,NaN,NaN,NaN,NaN,NaN,NaN,NaN,NaN
1,NaN,NaN,NaN,NaN,NaN,NaN,NaN,NaN
2,NaN,NaN,NaN,NaN,NaN,NaN,NaN,NaN
3,NaN,NaN,NaN,NaN,NaN,NaN,NaN,NaN
4,NaN,NaN,NaN,NaN,NaN,NaN,NaN,NaN
5,NaN,NaN,NaN,NaN,NaN,NaN,NaN,NaN
6,NaN,NaN,NaN,NaN,NaN,NaN,NaN,NaN
7,NaN,NaN,NaN,NaN,NaN,NaN,NaN,NaN
8,NaN,NaN,NaN,NaN,NaN,NaN,NaN,NaN
9,NaN,NaN,NaN,NaN,NaN,NaN,NaN,NaN
10,NaN,NaN,NaN,NaN,NaN,NaN,NaN,NaN
11,NaN,NaN,NaN,NaN,NaN,NaN,NaN,NaN
1,NaN,NaN,NaN,NaN,NaN,NaN,NaN,NaN
2,NaN,NaN,NaN,NaN,NaN,NaN,NaN,NaN
3,NaN,NaN,NaN,NaN,NaN,NaN,NaN,NaN
4,NaN,NaN,NaN,NaN,NaN,NaN,NaN,NaN
5,NaN,NaN,NaN,NaN,NaN,NaN,NaN,NaN
6,NaN,NaN,NaN,NaN,NaN,NaN,NaN,NaN
7,NaN,NaN,NaN,NaN,NaN,NaN,NaN,NaN
8,NaN,NaN,NaN,NaN,NaN,NaN,NaN,NaN
9,NaN,NaN,NaN,NaN,NaN,NaN,NaN,NaN
10,NaN,NaN,NaN,NaN,NaN,NaN,NaN,NaN
11,NaN,NaN,NaN,NaN,NaN,NaN,NaN,NaN
1,NaN,NaN,NaN,NaN,NaN,NaN,NaN,NaN
2,NaN,NaN,NaN,NaN,NaN,NaN,NaN,NaN
3,NaN,NaN,NaN,NaN,NaN,NaN,NaN,NaN
4,NaN,NaN,NaN,NaN,NaN,NaN,NaN,NaN
5,NaN,NaN,NaN,NaN,NaN,NaN,NaN,NaN
6,NaN,NaN,NaN,NaN,NaN,NaN,NaN,NaN
7,NaN,NaN,NaN,NaN,NaN,NaN,NaN,NaN
8,NaN,NaN,NaN,NaN,NaN,NaN,NaN,NaN
9,NaN,NaN,NaN,NaN,NaN,NaN,NaN,NaN
10,NaN,NaN,NaN,NaN,NaN,NaN,NaN,NaN
11,NaN,NaN,NaN,NaN,NaN,NaN,NaN,NaN
1,NaN,NaN,NaN,NaN,NaN,NaN,NaN,NaN
2,NaN,NaN,NaN,NaN,NaN,NaN,NaN,NaN
3,NaN,NaN,NaN,NaN,NaN,NaN,NaN,NaN
4,NaN,NaN,NaN,NaN,NaN,NaN,NaN,NaN
5,NaN,NaN,NaN,NaN,NaN,NaN,NaN,NaN
6,NaN,NaN,NaN,NaN,NaN,NaN,NaN,NaN
7,NaN,NaN,NaN,NaN,NaN,NaN,NaN,NaN
8,NaN,NaN,NaN,NaN,NaN,NaN,NaN,NaN
9,NaN,NaN,NaN,NaN,NaN,NaN,NaN,NaN
10,NaN,NaN,NaN,NaN,NaN,NaN,NaN,NaN
11,NaN,NaN,NaN,NaN,NaN,NaN,NaN,NaN
1,NaN,NaN,NaN,NaN,NaN,NaN,NaN,NaN
2,NaN,NaN,NaN,NaN,NaN,NaN,NaN,NaN
3,NaN,NaN,NaN,NaN,NaN,NaN,NaN,NaN
4,NaN,NaN,NaN,NaN,NaN,NaN,NaN,NaN
5,NaN,NaN,NaN,NaN,NaN,NaN,NaN,NaN
6,NaN,NaN,NaN,NaN,NaN,NaN,NaN,NaN
7,NaN,NaN,NaN,NaN,NaN,NaN,NaN,NaN
8,NaN,NaN,NaN,NaN,NaN,NaN,NaN,NaN
9,NaN,NaN,NaN,NaN,NaN,NaN,NaN,NaN
10,NaN,NaN,NaN,NaN,NaN,NaN,NaN,NaN
11,NaN,NaN,NaN,NaN,NaN,NaN,NaN,NaN
1,NaN,NaN,NaN,NaN,NaN,NaN,NaN,NaN
2,NaN,NaN,NaN,NaN,NaN,NaN,NaN,NaN
3,NaN,NaN,NaN,NaN,NaN,NaN,NaN,NaN
4,NaN,NaN,NaN,NaN,NaN,NaN,NaN,NaN
5,NaN,NaN,NaN,NaN,NaN,NaN,NaN,NaN
6,NaN,NaN,NaN,NaN,NaN,NaN,NaN,NaN
7,NaN,NaN,NaN,NaN,NaN,NaN,NaN,NaN
8,NaN,NaN,NaN,NaN,NaN,NaN,NaN,NaN
9,NaN,NaN,NaN,NaN,NaN,NaN,NaN,NaN
10,NaN,NaN,NaN,NaN,NaN,NaN,NaN,NaN
11,NaN,NaN,NaN,NaN,NaN,NaN,NaN,NaN
1,NaN,NaN,NaN,NaN,NaN,NaN,NaN,NaN
2,NaN,NaN,NaN,NaN,NaN,NaN,NaN,NaN
3,NaN,NaN,NaN,NaN,NaN,NaN,NaN,NaN
4,NaN,NaN,NaN,NaN,NaN,NaN,NaN,NaN
5,NaN,NaN,NaN,NaN,NaN,NaN,NaN,NaN
6,NaN,NaN,NaN,NaN,NaN,NaN,NaN,NaN
7,NaN,NaN,NaN,NaN,NaN,NaN,NaN,NaN
8,NaN,NaN,NaN,NaN,NaN,NaN,NaN,NaN
9,NaN,NaN,NaN,NaN,NaN,NaN,NaN,NaN
10,NaN,NaN,NaN,NaN,NaN,NaN,NaN,NaN
11,NaN,NaN,NaN,NaN,NaN,NaN,NaN,NaN
1,NaN,NaN,NaN,NaN,NaN,NaN,NaN,NaN
2,NaN,NaN,NaN,NaN,NaN,NaN,NaN,NaN
3,NaN,NaN,NaN,NaN,NaN,NaN,NaN,NaN
4,NaN,NaN,NaN,NaN,NaN,NaN,NaN,NaN
5,NaN,NaN,NaN,NaN,NaN,NaN,NaN,NaN
6,NaN,NaN,NaN,NaN,NaN,NaN,NaN,NaN
7,NaN,NaN,NaN,NaN,NaN,NaN,NaN,NaN
8,NaN,NaN,NaN,NaN,NaN,NaN,NaN,NaN
9,NaN,NaN,NaN,NaN,NaN,NaN,NaN,NaN
10,NaN,NaN,NaN,NaN,NaN,NaN,NaN,NaN
11,NaN,NaN,NaN,NaN,NaN,NaN,NaN,NaN
1,NaN,NaN,NaN,NaN,NaN,NaN,NaN,NaN
2,NaN,NaN,NaN,NaN,NaN,NaN,NaN,NaN
3,NaN,NaN,NaN,NaN,NaN,NaN,NaN,NaN
4,NaN,NaN,NaN,NaN,NaN,NaN,NaN,NaN
5,NaN,NaN,NaN,NaN,NaN,NaN,NaN,NaN
6,NaN,NaN,NaN,NaN,NaN,NaN,NaN,NaN
7,NaN,NaN,NaN,NaN,NaN,NaN,NaN,NaN
8,NaN,NaN,NaN,NaN,NaN,NaN,NaN,NaN
9,NaN,NaN,NaN,NaN,NaN,NaN,NaN,NaN
10,NaN,NaN,NaN,NaN,NaN,NaN,NaN,NaN
11,NaN,NaN,NaN,NaN,NaN,NaN,NaN,NaN
1,NaN,NaN,NaN,NaN,NaN,NaN,NaN,NaN
2,NaN,NaN,NaN,NaN,NaN,NaN,NaN,NaN
3,NaN,NaN,NaN,NaN,NaN,NaN,NaN,NaN
4,NaN,NaN,NaN,NaN,NaN,NaN,NaN,NaN
5,NaN,NaN,NaN,NaN,NaN,NaN,NaN,NaN
6,NaN,NaN,NaN,NaN,NaN,NaN,NaN,NaN
7,NaN,NaN,NaN,NaN,NaN,NaN,NaN,NaN
8,NaN,NaN,NaN,NaN,NaN,NaN,NaN,NaN
9,NaN,NaN,NaN,NaN,NaN,NaN,NaN,NaN
10,NaN,NaN,NaN,NaN,NaN,NaN,NaN,NaN
11,NaN,NaN,NaN,NaN,NaN,NaN,NaN,NaN
1,NaN,NaN,NaN,NaN,NaN,NaN,NaN,NaN
2,NaN,NaN,NaN,NaN,NaN,NaN,NaN,NaN
3,NaN,NaN,NaN,NaN,NaN,NaN,NaN,NaN
4,NaN,NaN,NaN,NaN,NaN,NaN,NaN,NaN
5,NaN,NaN,NaN,NaN,NaN,NaN,NaN,NaN
6,NaN,NaN,NaN,NaN,NaN,NaN,NaN,NaN
7,NaN,NaN,NaN,NaN,NaN,NaN,NaN,NaN
8,NaN,NaN,NaN,NaN,NaN,NaN,NaN,NaN
9,NaN,NaN,NaN,NaN,NaN,NaN,NaN,NaN
10,NaN,NaN,NaN,NaN,NaN,NaN,NaN,NaN
11,NaN,NaN,NaN,NaN,NaN,NaN,NaN,NaN
1,NaN,NaN,NaN,NaN,NaN,NaN,NaN,NaN
2,NaN,NaN,NaN,NaN,NaN,NaN,NaN,NaN
3,NaN,NaN,NaN,NaN,NaN,NaN,NaN,NaN
4,NaN,NaN,NaN,NaN,NaN,NaN,NaN,NaN
5,NaN,NaN,NaN,NaN,NaN,NaN,NaN,NaN
6,NaN,NaN,NaN,NaN,NaN,NaN,NaN,NaN
7,NaN,NaN,NaN,NaN,NaN,NaN,NaN,NaN
8,NaN,NaN,NaN,NaN,NaN,NaN,NaN,NaN
9,NaN,NaN,NaN,NaN,NaN,NaN,NaN,NaN
10,NaN,NaN,NaN,NaN,NaN,NaN,NaN,NaN
11,NaN,NaN,NaN,NaN,NaN,NaN,NaN,NaN
1,NaN,NaN,NaN,NaN,NaN,NaN,NaN,NaN
2,NaN,NaN,NaN,NaN,NaN,NaN,NaN,NaN
3,NaN,NaN,NaN,NaN,NaN,NaN,NaN,NaN
4,NaN,NaN,NaN,NaN,NaN,NaN,NaN,NaN
5,NaN,NaN,NaN,NaN,NaN,NaN,NaN,NaN
6,NaN,NaN,NaN,NaN,NaN,NaN,NaN,NaN
7,NaN,NaN,NaN,NaN,NaN,NaN,NaN,NaN
8,NaN,NaN,NaN,NaN,NaN,NaN,NaN,NaN
9,NaN,NaN,NaN,NaN,NaN,NaN,NaN,NaN
10,NaN,NaN,NaN,NaN,NaN,NaN,NaN,NaN
11,NaN,NaN,NaN,NaN,NaN,NaN,NaN,NaN
1,NaN,NaN,NaN,NaN,NaN,NaN,NaN,NaN
2,NaN,NaN,NaN,NaN,NaN,NaN,NaN,NaN
3,NaN,NaN,NaN,NaN,NaN,NaN,NaN,NaN
4,NaN,NaN,NaN,NaN,NaN,NaN,NaN,NaN
5,NaN,NaN,NaN,NaN,NaN,NaN,NaN,NaN
6,NaN,NaN,NaN,NaN,NaN,NaN,NaN,NaN
7,NaN,NaN,NaN,NaN,NaN,NaN,NaN,NaN
8,NaN,NaN,NaN,NaN,NaN,NaN,NaN,NaN
9,NaN,NaN,NaN,NaN,NaN,NaN,NaN,NaN
10,NaN,NaN,NaN,NaN,NaN,NaN,NaN,NaN
11,NaN,NaN,NaN,NaN,NaN,NaN,NaN,NaN
1,NaN,NaN,NaN,NaN,NaN,NaN,NaN,NaN
2,NaN,NaN,NaN,NaN,NaN,NaN,NaN,NaN
3,NaN,NaN,NaN,NaN,NaN,NaN,NaN,NaN
4,NaN,NaN,NaN,NaN,NaN,NaN,NaN,NaN
5,NaN,NaN,NaN,NaN,NaN,NaN,NaN,NaN
6,NaN,NaN,NaN,NaN,NaN,NaN,NaN,NaN
7,NaN,NaN,NaN,NaN,NaN,NaN,NaN,NaN
8,NaN,NaN,NaN,NaN,NaN,NaN,NaN,NaN
9,NaN,NaN,NaN,NaN,NaN,NaN,NaN,NaN
10,NaN,NaN,NaN,NaN,NaN,NaN,NaN,NaN
11,NaN,NaN,NaN,NaN,NaN,NaN,NaN,NaN
1,NaN,NaN,NaN,NaN,NaN,NaN,NaN,NaN
2,NaN,NaN,NaN,NaN,NaN,NaN,NaN,NaN
3,NaN,NaN,NaN,NaN,NaN,NaN,NaN,NaN
4,NaN,NaN,NaN,NaN,NaN,NaN,NaN,NaN
5,NaN,NaN,NaN,NaN,NaN,NaN,NaN,NaN
6,NaN,NaN,NaN,NaN,NaN,NaN,NaN,NaN
7,NaN,NaN,NaN,NaN,NaN,NaN,NaN,NaN
8,NaN,NaN,NaN,NaN,NaN,NaN,NaN,NaN
9,NaN,NaN,NaN,NaN,NaN,NaN,NaN,NaN
10,NaN,NaN,NaN,NaN,NaN,NaN,NaN,NaN
11,NaN,NaN,NaN,NaN,NaN,NaN,NaN,NaN
1,NaN,NaN,NaN,NaN,NaN,NaN,NaN,NaN
2,NaN,NaN,NaN,NaN,NaN,NaN,NaN,NaN
3,NaN,NaN,NaN,NaN,NaN,NaN,NaN,NaN
4,NaN,NaN,NaN,NaN,NaN,NaN,NaN,NaN
5,NaN,NaN,NaN,NaN,NaN,NaN,NaN,NaN
6,NaN,NaN,NaN,NaN,NaN,NaN,NaN,NaN
7,NaN,NaN,NaN,NaN,NaN,NaN,NaN,NaN
8,NaN,NaN,NaN,NaN,NaN,NaN,NaN,NaN
9,NaN,NaN,NaN,NaN,NaN,NaN,NaN,NaN
10,NaN,NaN,NaN,NaN,NaN,NaN,NaN,NaN
11,NaN,NaN,NaN,NaN,NaN,NaN,NaN,NaN
1,NaN,NaN,NaN,NaN,NaN,NaN,NaN,NaN
2,NaN,NaN,NaN,NaN,NaN,NaN,NaN,NaN
3,NaN,NaN,NaN,NaN,NaN,NaN,NaN,NaN
4,NaN,NaN,NaN,NaN,NaN,NaN,NaN,NaN
5,NaN,NaN,NaN,NaN,NaN,NaN,NaN,NaN
6,NaN,NaN,NaN,NaN,NaN,NaN,NaN,NaN
7,NaN,NaN,NaN,NaN,NaN,NaN,NaN,NaN
8,NaN,NaN,NaN,NaN,NaN,NaN,NaN,NaN
9,NaN,NaN,NaN,NaN,NaN,NaN,NaN,NaN
10,NaN,NaN,NaN,NaN,NaN,NaN,NaN,NaN
11,NaN,NaN,NaN,NaN,NaN,NaN,NaN,NaN
1,NaN,NaN,NaN,NaN,NaN,NaN,NaN,NaN
2,NaN,NaN,NaN,NaN,NaN,NaN,NaN,NaN
3,NaN,NaN,NaN,NaN,NaN,NaN,NaN,NaN
4,NaN,NaN,NaN,NaN,NaN,NaN,NaN,NaN
5,NaN,NaN,NaN,NaN,NaN,NaN,NaN,NaN
6,NaN,NaN,NaN,NaN,NaN,NaN,NaN,NaN
7,NaN,NaN,NaN,NaN,NaN,NaN,NaN,NaN
8,NaN,NaN,NaN,NaN,NaN,NaN,NaN,NaN
9,NaN,NaN,NaN,NaN,NaN,NaN,NaN,NaN
10,NaN,NaN,NaN,NaN,NaN,NaN,NaN,NaN
11,NaN,NaN,NaN,NaN,NaN,NaN,NaN,NaN
1,NaN,NaN,NaN,NaN,NaN,NaN,NaN,NaN
2,NaN,NaN,NaN,NaN,NaN,NaN,NaN,NaN
3,NaN,NaN,NaN,NaN,NaN,NaN,NaN,NaN
4,NaN,NaN,NaN,NaN,NaN,NaN,NaN,NaN
5,NaN,NaN,NaN,NaN,NaN,NaN,NaN,NaN
6,NaN,NaN,NaN,NaN,NaN,NaN,NaN,NaN
7,NaN,NaN,NaN,NaN,NaN,NaN,NaN,NaN
8,NaN,NaN,NaN,NaN,NaN,NaN,NaN,NaN
9,NaN,NaN,NaN,NaN,NaN,NaN,NaN,NaN
10,NaN,NaN,NaN,NaN,NaN,NaN,NaN,NaN
11,NaN,NaN,NaN,NaN,NaN,NaN,NaN,NaN
1,NaN,NaN,NaN,NaN,NaN,NaN,NaN,NaN
2,NaN,NaN,NaN,NaN,NaN,NaN,NaN,NaN
3,NaN,NaN,NaN,NaN,NaN,NaN,NaN,NaN
4,NaN,NaN,NaN,NaN,NaN,NaN,NaN,NaN
5,NaN,NaN,NaN,NaN,NaN,NaN,NaN,NaN
6,NaN,NaN,NaN,NaN,NaN,NaN,NaN,NaN
7,NaN,NaN,NaN,NaN,NaN,NaN,NaN,NaN
8,NaN,NaN,NaN,NaN,NaN,NaN,NaN,NaN
9,NaN,NaN,NaN,NaN,NaN,NaN,NaN,NaN
10,NaN,NaN,NaN,NaN,NaN,NaN,NaN,NaN
11,NaN,NaN,NaN,NaN,NaN,NaN,NaN,NaN
1,NaN,NaN,NaN,NaN,NaN,NaN,NaN,NaN
2,NaN,NaN,NaN,NaN,NaN,NaN,NaN,NaN
3,NaN,NaN,NaN,NaN,NaN,NaN,NaN,NaN
4,NaN,NaN,NaN,NaN,NaN,NaN,NaN,NaN
5,NaN,NaN,NaN,NaN,NaN,NaN,NaN,NaN
6,NaN,NaN,NaN,NaN,NaN,NaN,NaN,NaN
7,NaN,NaN,NaN,NaN,NaN,NaN,NaN,NaN
8,NaN,NaN,NaN,NaN,NaN,NaN,NaN,NaN
9,NaN,NaN,NaN,NaN,NaN,NaN,NaN,NaN
10,NaN,NaN,NaN,NaN,NaN,NaN,NaN,NaN
11,NaN,NaN,NaN,NaN,NaN,NaN,NaN,NaN
1,NaN,NaN,NaN,NaN,NaN,NaN,NaN,NaN
2,NaN,NaN,NaN,NaN,NaN,NaN,NaN,NaN
3,NaN,NaN,NaN,NaN,NaN,NaN,NaN,NaN
4,NaN,NaN,NaN,NaN,NaN,NaN,NaN,NaN
5,NaN,NaN,NaN,NaN,NaN,NaN,NaN,NaN
6,NaN,NaN,NaN,NaN,NaN,NaN,NaN,NaN
7,NaN,NaN,NaN,NaN,NaN,NaN,NaN,NaN
8,NaN,NaN,NaN,NaN,NaN,NaN,NaN,NaN
9,NaN,NaN,NaN,NaN,NaN,NaN,NaN,NaN
10,NaN,NaN,NaN,NaN,NaN,NaN,NaN,NaN
11,NaN,NaN,NaN,NaN,NaN,NaN,NaN,NaN
1,NaN,NaN,NaN,NaN,NaN,NaN,NaN,NaN
2,NaN,NaN,NaN,NaN,NaN,NaN,NaN,NaN
3,NaN,NaN,NaN,NaN,NaN,NaN,NaN,NaN
4,NaN,NaN,NaN,NaN,NaN,NaN,NaN,NaN
5,NaN,NaN,NaN,NaN,NaN,NaN,NaN,NaN
6,NaN,NaN,NaN,NaN,NaN,NaN,NaN,NaN
7,NaN,NaN,NaN,NaN,NaN,NaN,NaN,NaN
8,NaN,NaN,NaN,NaN,NaN,NaN,NaN,NaN
9,NaN,NaN,NaN,NaN,NaN,NaN,NaN,NaN
10,NaN,NaN,NaN,NaN,NaN,NaN,NaN,NaN
11,NaN,NaN,NaN,NaN,NaN,NaN,NaN,NaN
1,NaN,NaN,NaN,NaN,NaN,NaN,NaN,NaN
2,NaN,NaN,NaN,NaN,NaN,NaN,NaN,NaN
3,NaN,NaN,NaN,NaN,NaN,NaN,NaN,NaN
4,NaN,NaN,NaN,NaN,NaN,NaN,NaN,NaN
5,NaN,NaN,NaN,NaN,NaN,NaN,NaN,NaN
6,NaN,NaN,NaN,NaN,NaN,NaN,NaN,NaN
7,NaN,NaN,NaN,NaN,NaN,NaN,NaN,NaN
8,NaN,NaN,NaN,NaN,NaN,NaN,NaN,NaN
9,NaN,NaN,NaN,NaN,NaN,NaN,NaN,NaN
10,NaN,NaN,NaN,NaN,NaN,NaN,NaN,NaN
11,NaN,NaN,NaN,NaN,NaN,NaN,NaN,NaN
1,NaN,NaN,NaN,NaN,NaN,NaN,NaN,NaN
2,NaN,NaN,NaN,NaN,NaN,NaN,NaN,NaN
3,NaN,NaN,NaN,NaN,NaN,NaN,NaN,NaN
4,NaN,NaN,NaN,NaN,NaN,NaN,NaN,NaN
5,NaN,NaN,NaN,NaN,NaN,NaN,NaN,NaN
6,NaN,NaN,NaN,NaN,NaN,NaN,NaN,NaN
7,NaN,NaN,NaN,NaN,NaN,NaN,NaN,NaN
8,NaN,NaN,NaN,NaN,NaN,NaN,NaN,NaN
9,NaN,NaN,NaN,NaN,NaN,NaN,NaN,NaN
10,NaN,NaN,NaN,NaN,NaN,NaN,NaN,NaN
11,NaN,NaN,NaN,NaN,NaN,NaN,NaN,NaN
1,NaN,NaN,NaN,NaN,NaN,NaN,NaN,NaN
2,NaN,NaN,NaN,NaN,NaN,NaN,NaN,NaN
3,NaN,NaN,NaN,NaN,NaN,NaN,NaN,NaN
4,NaN,NaN,NaN,NaN,NaN,NaN,NaN,NaN
5,NaN,NaN,NaN,NaN,NaN,NaN,NaN,NaN
6,NaN,NaN,NaN,NaN,NaN,NaN,NaN,NaN
7,NaN,NaN,NaN,NaN,NaN,NaN,NaN,NaN
8,NaN,NaN,NaN,NaN,NaN,NaN,NaN,NaN
9,NaN,NaN,NaN,NaN,NaN,NaN,NaN,NaN
10,NaN,NaN,NaN,NaN,NaN,NaN,NaN,NaN
11,NaN,NaN,NaN,NaN,NaN,NaN,NaN,NaN
1,NaN,NaN,NaN,NaN,NaN,NaN,NaN,NaN
2,NaN,NaN,NaN,NaN,NaN,NaN,NaN,NaN
3,NaN,NaN,NaN,NaN,NaN,NaN,NaN,NaN
4,NaN,NaN,NaN,NaN,NaN,NaN,NaN,NaN
5,NaN,NaN,NaN,NaN,NaN,NaN,NaN,NaN
6,NaN,NaN,NaN,NaN,NaN,NaN,NaN,NaN
7,NaN,NaN,NaN,NaN,NaN,NaN,NaN,NaN
8,NaN,NaN,NaN,NaN,NaN,NaN,NaN,NaN
9,NaN,NaN,NaN,NaN,NaN,NaN,NaN,NaN
10,NaN,NaN,NaN,NaN,NaN,NaN,NaN,NaN
11,NaN,NaN,NaN,NaN,NaN,NaN,NaN,NaN
1,NaN,NaN,NaN,NaN,NaN,NaN,NaN,NaN
2,NaN,NaN,NaN,NaN,NaN,NaN,NaN,NaN
3,NaN,NaN,NaN,NaN,NaN,NaN,NaN,NaN
4,NaN,NaN,NaN,NaN,NaN,NaN,NaN,NaN
5,NaN,NaN,NaN,NaN,NaN,NaN,NaN,NaN
6,NaN,NaN,NaN,NaN,NaN,NaN,NaN,NaN
7,NaN,NaN,NaN,NaN,NaN,NaN,NaN,NaN
8,NaN,NaN,NaN,NaN,NaN,NaN,NaN,NaN
9,NaN,NaN,NaN,NaN,NaN,NaN,NaN,NaN
10,NaN,NaN,NaN,NaN,NaN,NaN,NaN,NaN
11,NaN,NaN,NaN,NaN,NaN,NaN,NaN,NaN
1,NaN,NaN,NaN,NaN,NaN,NaN,NaN,NaN
2,NaN,NaN,NaN,NaN,NaN,NaN,NaN,NaN
3,NaN,NaN,NaN,NaN,NaN,NaN,NaN,NaN
4,NaN,NaN,NaN,NaN,NaN,NaN,NaN,NaN
5,NaN,NaN,NaN,NaN,NaN,NaN,NaN,NaN
6,NaN,NaN,NaN,NaN,NaN,NaN,NaN,NaN
7,NaN,NaN,NaN,NaN,NaN,NaN,NaN,NaN
8,NaN,NaN,NaN,NaN,NaN,NaN,NaN,NaN
9,NaN,NaN,NaN,NaN,NaN,NaN,NaN,NaN
10,NaN,NaN,NaN,NaN,NaN,NaN,NaN,NaN
11,NaN,NaN,NaN,NaN,NaN,NaN,NaN,NaN
1,NaN,NaN,NaN,NaN,NaN,NaN,NaN,NaN
2,NaN,NaN,NaN,NaN,NaN,NaN,NaN,NaN
3,NaN,NaN,NaN,NaN,NaN,NaN,NaN,NaN
4,NaN,NaN,NaN,NaN,NaN,NaN,NaN,NaN
5,NaN,NaN,NaN,NaN,NaN,NaN,NaN,NaN
6,NaN,NaN,NaN,NaN,NaN,NaN,NaN,NaN
7,NaN,NaN,NaN,NaN,NaN,NaN,NaN,NaN
8,NaN,NaN,NaN,NaN,NaN,NaN,NaN,NaN
9,NaN,NaN,NaN,NaN,NaN,NaN,NaN,NaN
10,NaN,NaN,NaN,NaN,NaN,NaN,NaN,NaN
11,NaN,NaN,NaN,NaN,NaN,NaN,NaN,NaN
1,NaN,NaN,NaN,NaN,NaN,NaN,NaN,NaN
2,NaN,NaN,NaN,NaN,NaN,NaN,NaN,NaN
3,NaN,NaN,NaN,NaN,NaN,NaN,NaN,NaN
4,NaN,NaN,NaN,NaN,NaN,NaN,NaN,NaN
5,NaN,NaN,NaN,NaN,NaN,NaN,NaN,NaN
6,NaN,NaN,NaN,NaN,NaN,NaN,NaN,NaN
7,NaN,NaN,NaN,NaN,NaN,NaN,NaN,NaN
8,NaN,NaN,NaN,NaN,NaN,NaN,NaN,NaN
9,NaN,NaN,NaN,NaN,NaN,NaN,NaN,NaN
10,NaN,NaN,NaN,NaN,NaN,NaN,NaN,NaN
11,NaN,NaN,NaN,NaN,NaN,NaN,NaN,NaN
1,NaN,NaN,NaN,NaN,NaN,NaN,NaN,NaN
2,NaN,NaN,NaN,NaN,NaN,NaN,NaN,NaN
3,NaN,NaN,NaN,NaN,NaN,NaN,NaN,NaN
4,NaN,NaN,NaN,NaN,NaN,NaN,NaN,NaN
5,NaN,NaN,NaN,NaN,NaN,NaN,NaN,NaN
6,NaN,NaN,NaN,NaN,NaN,NaN,NaN,NaN
7,NaN,NaN,NaN,NaN,NaN,NaN,NaN,NaN
8,NaN,NaN,NaN,NaN,NaN,NaN,NaN,NaN
9,NaN,NaN,NaN,NaN,NaN,NaN,NaN,NaN
10,NaN,NaN,NaN,NaN,NaN,NaN,NaN,NaN
11,NaN,NaN,NaN,NaN,NaN,NaN,NaN,NaN
1,NaN,NaN,NaN,NaN,NaN,NaN,NaN,NaN
2,NaN,NaN,NaN,NaN,NaN,NaN,NaN,NaN
3,NaN,NaN,NaN,NaN,NaN,NaN,NaN,NaN
4,NaN,NaN,NaN,NaN,NaN,NaN,NaN,NaN
5,NaN,NaN,NaN,NaN,NaN,NaN,NaN,NaN
6,NaN,NaN,NaN,NaN,NaN,NaN,NaN,NaN
7,NaN,NaN,NaN,NaN,NaN,NaN,NaN,NaN
8,NaN,NaN,NaN,NaN,NaN,NaN,NaN,NaN
9,NaN,NaN,NaN,NaN,NaN,NaN,NaN,NaN
10,NaN,NaN,NaN,NaN,NaN,NaN,NaN,NaN
11,NaN,NaN,NaN,NaN,NaN,NaN,NaN,NaN
1,NaN,NaN,NaN,NaN,NaN,NaN,NaN,NaN
2,NaN,NaN,NaN,NaN,NaN,NaN,NaN,NaN
3,NaN,NaN,NaN,NaN,NaN,NaN,NaN,NaN
4,NaN,NaN,NaN,NaN,NaN,NaN,NaN,NaN
5,NaN,NaN,NaN,NaN,NaN,NaN,NaN,NaN
6,NaN,NaN,NaN,NaN,NaN,NaN,NaN,NaN
7,NaN,NaN,NaN,NaN,NaN,NaN,NaN,NaN
8,NaN,NaN,NaN,NaN,NaN,NaN,NaN,NaN
9,NaN,NaN,NaN,NaN,NaN,NaN,NaN,NaN
10,NaN,NaN,NaN,NaN,NaN,NaN,NaN,NaN
11,NaN,NaN,NaN,NaN,NaN,NaN,NaN,NaN
1,NaN,NaN,NaN,NaN,NaN,NaN,NaN,NaN
2,NaN,NaN,NaN,NaN,NaN,NaN,NaN,NaN
3,NaN,NaN,NaN,NaN,NaN,NaN,NaN,NaN
4,NaN,NaN,NaN,NaN,NaN,NaN,NaN,NaN
5,NaN,NaN,NaN,NaN,NaN,NaN,NaN,NaN
6,NaN,NaN,NaN,NaN,NaN,NaN,NaN,NaN
7,NaN,NaN,NaN,NaN,NaN,NaN,NaN,NaN
8,NaN,NaN,NaN,NaN,NaN,NaN,NaN,NaN
9,NaN,NaN,NaN,NaN,NaN,NaN,NaN,NaN
10,NaN,NaN,NaN,NaN,NaN,NaN,NaN,NaN
11,NaN,NaN,NaN,NaN,NaN,NaN,NaN,NaN
1,NaN,NaN,NaN,NaN,NaN,NaN,NaN,NaN
2,NaN,NaN,NaN,NaN,NaN,NaN,NaN,NaN
3,NaN,NaN,NaN,NaN,NaN,NaN,NaN,NaN
4,NaN,NaN,NaN,NaN,NaN,NaN,NaN,NaN
5,NaN,NaN,NaN,NaN,NaN,NaN,NaN,NaN
6,NaN,NaN,NaN,NaN,NaN,NaN,NaN,NaN
7,NaN,NaN,NaN,NaN,NaN,NaN,NaN,NaN
8,NaN,NaN,NaN,NaN,NaN,NaN,NaN,NaN
9,NaN,NaN,NaN,NaN,NaN,NaN,NaN,NaN
10,NaN,NaN,NaN,NaN,NaN,NaN,NaN,NaN
11,NaN,NaN,NaN,NaN,NaN,NaN,NaN,NaN
1,NaN,NaN,NaN,NaN,NaN,NaN,NaN,NaN
2,NaN,NaN,NaN,NaN,NaN,NaN,NaN,NaN
3,NaN,NaN,NaN,NaN,NaN,NaN,NaN,NaN
4,NaN,NaN,NaN,NaN,NaN,NaN,NaN,NaN
5,NaN,NaN,NaN,NaN,NaN,NaN,NaN,NaN
6,NaN,NaN,NaN,NaN,NaN,NaN,NaN,NaN
7,NaN,NaN,NaN,NaN,NaN,NaN,NaN,NaN
8,NaN,NaN,NaN,NaN,NaN,NaN,NaN,NaN
9,NaN,NaN,NaN,NaN,NaN,NaN,NaN,NaN
10,NaN,NaN,NaN,NaN,NaN,NaN,NaN,NaN
11,NaN,NaN,NaN,NaN,NaN,NaN,NaN,NaN
1,NaN,NaN,NaN,NaN,NaN,NaN,NaN,NaN
2,NaN,NaN,NaN,NaN,NaN,NaN,NaN,NaN
3,NaN,NaN,NaN,NaN,NaN,NaN,NaN,NaN
4,NaN,NaN,NaN,NaN,NaN,NaN,NaN,NaN
5,NaN,NaN,NaN,NaN,NaN,NaN,NaN,NaN
6,NaN,NaN,NaN,NaN,NaN,NaN,NaN,NaN
7,NaN,NaN,NaN,NaN,NaN,NaN,NaN,NaN
8,NaN,NaN,NaN,NaN,NaN,NaN,NaN,NaN
9,NaN,NaN,NaN,NaN,NaN,NaN,NaN,NaN
10,NaN,NaN,NaN,NaN,NaN,NaN,NaN,NaN
11,NaN,NaN,NaN,NaN,NaN,NaN,NaN,NaN
1,NaN,NaN,NaN,NaN,NaN,NaN,NaN,NaN
2,NaN,NaN,NaN,NaN,NaN,NaN,NaN,NaN
3,NaN,NaN,NaN,NaN,NaN,NaN,NaN,NaN
4,NaN,NaN,NaN,NaN,NaN,NaN,NaN,NaN
5,NaN,NaN,NaN,NaN,NaN,NaN,NaN,NaN
6,NaN,NaN,NaN,NaN,NaN,NaN,NaN,NaN
7,NaN,NaN,NaN,NaN,NaN,NaN,NaN,NaN
8,NaN,NaN,NaN,NaN,NaN,NaN,NaN,NaN
9,NaN,NaN,NaN,NaN,NaN,NaN,NaN,NaN
10,NaN,NaN,NaN,NaN,NaN,NaN,NaN,NaN
11,NaN,NaN,NaN,NaN,NaN,NaN,NaN,NaN
1,NaN,NaN,NaN,NaN,NaN,NaN,NaN,NaN
2,NaN,NaN,NaN,NaN,NaN,NaN,NaN,NaN
3,NaN,NaN,NaN,NaN,NaN,NaN,NaN,NaN
4,NaN,NaN,NaN,NaN,NaN,NaN,NaN,NaN
5,NaN,NaN,NaN,NaN,NaN,NaN,NaN,NaN
6,NaN,NaN,NaN,NaN,NaN,NaN,NaN,NaN
7,NaN,NaN,NaN,NaN,NaN,NaN,NaN,NaN
8,NaN,NaN,NaN,NaN,NaN,NaN,NaN,NaN
9,NaN,NaN,NaN,NaN,NaN,NaN,NaN,NaN
10,NaN,NaN,NaN,NaN,NaN,NaN,NaN,NaN
11,NaN,NaN,NaN,NaN,NaN,NaN,NaN,NaN
1,NaN,NaN,NaN,NaN,NaN,NaN,NaN,NaN
2,NaN,NaN,NaN,NaN,NaN,NaN,NaN,NaN
3,NaN,NaN,NaN,NaN,NaN,NaN,NaN,NaN
4,NaN,NaN,NaN,NaN,NaN,NaN,NaN,NaN
5,NaN,NaN,NaN,NaN,NaN,NaN,NaN,NaN
6,NaN,NaN,NaN,NaN,NaN,NaN,NaN,NaN
7,NaN,NaN,NaN,NaN,NaN,NaN,NaN,NaN
8,NaN,NaN,NaN,NaN,NaN,NaN,NaN,NaN
9,NaN,NaN,NaN,NaN,NaN,NaN,NaN,NaN
10,NaN,NaN,NaN,NaN,NaN,NaN,NaN,NaN
11,NaN,NaN,NaN,NaN,NaN,NaN,NaN,NaN
1,NaN,NaN,NaN,NaN,NaN,NaN,NaN,NaN
2,NaN,NaN,NaN,NaN,NaN,NaN,NaN,NaN
3,NaN,NaN,NaN,NaN,NaN,NaN,NaN,NaN
4,NaN,NaN,NaN,NaN,NaN,NaN,NaN,NaN
5,NaN,NaN,NaN,NaN,NaN,NaN,NaN,NaN
6,NaN,NaN,NaN,NaN,NaN,NaN,NaN,NaN
7,NaN,NaN,NaN,NaN,NaN,NaN,NaN,NaN
8,NaN,NaN,NaN,NaN,NaN,NaN,NaN,NaN
9,NaN,NaN,NaN,NaN,NaN,NaN,NaN,NaN
10,NaN,NaN,NaN,NaN,NaN,NaN,NaN,NaN
11,NaN,NaN,NaN,NaN,NaN,NaN,NaN,NaN
1,NaN,NaN,NaN,NaN,NaN,NaN,NaN,NaN
2,NaN,NaN,NaN,NaN,NaN,NaN,NaN,NaN
3,NaN,NaN,NaN,NaN,NaN,NaN,NaN,NaN
4,NaN,NaN,NaN,NaN,NaN,NaN,NaN,NaN
5,NaN,NaN,NaN,NaN,NaN,NaN,NaN,NaN
6,NaN,NaN,NaN,NaN,NaN,NaN,NaN,NaN
7,NaN,NaN,NaN,NaN,NaN,NaN,NaN,NaN
8,NaN,NaN,NaN,NaN,NaN,NaN,NaN,NaN
9,NaN,NaN,NaN,NaN,NaN,NaN,NaN,NaN
10,NaN,NaN,NaN,NaN,NaN,NaN,NaN,NaN
11,NaN,NaN,NaN,NaN,NaN,NaN,NaN,NaN
1,NaN,NaN,NaN,NaN,NaN,NaN,NaN,NaN
2,NaN,NaN,NaN,NaN,NaN,NaN,NaN,NaN
3,NaN,NaN,NaN,NaN,NaN,NaN,NaN,NaN
4,NaN,NaN,NaN,NaN,NaN,NaN,NaN,NaN
5,NaN,NaN,NaN,NaN,NaN,NaN,NaN,NaN
6,NaN,NaN,NaN,NaN,NaN,NaN,NaN,NaN
7,NaN,NaN,NaN,NaN,NaN,NaN,NaN,NaN
8,NaN,NaN,NaN,NaN,NaN,NaN,NaN,NaN
9,NaN,NaN,NaN,NaN,NaN,NaN,NaN,NaN
10,NaN,NaN,NaN,NaN,NaN,NaN,NaN,NaN
11,NaN,NaN,NaN,NaN,NaN,NaN,NaN,NaN
1,NaN,NaN,NaN,NaN,NaN,NaN,NaN,NaN
2,NaN,NaN,NaN,NaN,NaN,NaN,NaN,NaN
3,NaN,NaN,NaN,NaN,NaN,NaN,NaN,NaN
4,NaN,NaN,NaN,NaN,NaN,NaN,NaN,NaN
5,NaN,NaN,NaN,NaN,NaN,NaN,NaN,NaN
6,NaN,NaN,NaN,NaN,NaN,NaN,NaN,NaN
7,NaN,NaN,NaN,NaN,NaN,NaN,NaN,NaN
8,NaN,NaN,NaN,NaN,NaN,NaN,NaN,NaN
9,NaN,NaN,NaN,NaN,NaN,NaN,NaN,NaN
10,NaN,NaN,NaN,NaN,NaN,NaN,NaN,NaN
11,NaN,NaN,NaN,NaN,NaN,NaN,NaN,NaN
1,NaN,NaN,NaN,NaN,NaN,NaN,NaN,NaN
2,NaN,NaN,NaN,NaN,NaN,NaN,NaN,NaN
3,NaN,NaN,NaN,NaN,NaN,NaN,NaN,NaN
4,NaN,NaN,NaN,NaN,NaN,NaN,NaN,NaN
5,NaN,NaN,NaN,NaN,NaN,NaN,NaN,NaN
6,NaN,NaN,NaN,NaN,NaN,NaN,NaN,NaN
7,NaN,NaN,NaN,NaN,NaN,NaN,NaN,NaN
8,NaN,NaN,NaN,NaN,NaN,NaN,NaN,NaN
9,NaN,NaN,NaN,NaN,NaN,NaN,NaN,NaN
10,NaN,NaN,NaN,NaN,NaN,NaN,NaN,NaN
11,NaN,NaN,NaN,NaN,NaN,NaN,NaN,NaN
1,NaN,NaN,NaN,NaN,NaN,NaN,NaN,NaN
2,NaN,NaN,NaN,NaN,NaN,NaN,NaN,NaN
3,NaN,NaN,NaN,NaN,NaN,NaN,NaN,NaN
4,NaN,NaN,NaN,NaN,NaN,NaN,NaN,NaN
5,NaN,NaN,NaN,NaN,NaN,NaN,NaN,NaN
6,NaN,NaN,NaN,NaN,NaN,NaN,NaN,NaN
7,NaN,NaN,NaN,NaN,NaN,NaN,NaN,NaN
8,NaN,NaN,NaN,NaN,NaN,NaN,NaN,NaN
9,NaN,NaN,NaN,NaN,NaN,NaN,NaN,NaN
10,NaN,NaN,NaN,NaN,NaN,NaN,NaN,NaN
11,NaN,NaN,NaN,NaN,NaN,NaN,NaN,NaN
1,NaN,NaN,NaN,NaN,NaN,NaN,NaN,NaN
2,NaN,NaN,NaN,NaN,NaN,NaN,NaN,NaN
3,NaN,NaN,NaN,NaN,NaN,NaN,NaN,NaN
4,NaN,NaN,NaN,NaN,NaN,NaN,NaN,NaN
5,NaN,NaN,NaN,NaN,NaN,NaN,NaN,NaN
6,NaN,NaN,NaN,NaN,NaN,NaN,NaN,NaN
7,NaN,NaN,NaN,NaN,NaN,NaN,NaN,NaN
8,NaN,NaN,NaN,NaN,NaN,NaN,NaN,NaN
9,NaN,NaN,NaN,NaN,NaN,NaN,NaN,NaN
10,NaN,NaN,NaN,NaN,NaN,NaN,NaN,NaN
11,NaN,NaN,NaN,NaN,NaN,NaN,NaN,NaN
1,NaN,NaN,NaN,NaN,NaN,NaN,NaN,NaN
2,NaN,NaN,NaN,NaN,NaN,NaN,NaN,NaN
3,NaN,NaN,NaN,NaN,NaN,NaN,NaN,NaN
4,NaN,NaN,NaN,NaN,NaN,NaN,NaN,NaN
5,NaN,NaN,NaN,NaN,NaN,NaN,NaN,NaN
6,NaN,NaN,NaN,NaN,NaN,NaN,NaN,NaN
7,NaN,NaN,NaN,NaN,NaN,NaN,NaN,NaN
8,NaN,NaN,NaN,NaN,NaN,NaN,NaN,NaN
9,NaN,NaN,NaN,NaN,NaN,NaN,NaN,NaN
10,NaN,NaN,NaN,NaN,NaN,NaN,NaN,NaN
11,NaN,NaN,NaN,NaN,NaN,NaN,NaN,NaN
1,NaN,NaN,NaN,NaN,NaN,NaN,NaN,NaN
2,NaN,NaN,NaN,NaN,NaN,NaN,NaN,NaN
3,NaN,NaN,NaN,NaN,NaN,NaN,NaN,NaN
4,NaN,NaN,NaN,NaN,NaN,NaN,NaN,NaN
5,NaN,NaN,NaN,NaN,NaN,NaN,NaN,NaN
6,NaN,NaN,NaN,NaN,NaN,NaN,NaN,NaN
7,NaN,NaN,NaN,NaN,NaN,NaN,NaN,NaN
8,NaN,NaN,NaN,NaN,NaN,NaN,NaN,NaN
9,NaN,NaN,NaN,NaN,NaN,NaN,NaN,NaN
10,NaN,NaN,NaN,NaN,NaN,NaN,NaN,NaN
11,NaN,NaN,NaN,NaN,NaN,NaN,NaN,NaN
1,NaN,NaN,NaN,NaN,NaN,NaN,NaN,NaN
2,NaN,NaN,NaN,NaN,NaN,NaN,NaN,NaN
3,NaN,NaN,NaN,NaN,NaN,NaN,NaN,NaN
4,NaN,NaN,NaN,NaN,NaN,NaN,NaN,NaN
5,NaN,NaN,NaN,NaN,NaN,NaN,NaN,NaN
6,NaN,NaN,NaN,NaN,NaN,NaN,NaN,NaN
7,NaN,NaN,NaN,NaN,NaN,NaN,NaN,NaN
8,NaN,NaN,NaN,NaN,NaN,NaN,NaN,NaN
9,NaN,NaN,NaN,NaN,NaN,NaN,NaN,NaN
10,NaN,NaN,NaN,NaN,NaN,NaN,NaN,NaN
11,NaN,NaN,NaN,NaN,NaN,NaN,NaN,NaN
1,NaN,NaN,NaN,NaN,NaN,NaN,NaN,NaN
2,NaN,NaN,NaN,NaN,NaN,NaN,NaN,NaN
3,NaN,NaN,NaN,NaN,NaN,NaN,NaN,NaN
4,NaN,NaN,NaN,NaN,NaN,NaN,NaN,NaN
5,NaN,NaN,NaN,NaN,NaN,NaN,NaN,NaN
6,NaN,NaN,NaN,NaN,NaN,NaN,NaN,NaN
7,NaN,NaN,NaN,NaN,NaN,NaN,NaN,NaN
8,NaN,NaN,NaN,NaN,NaN,NaN,NaN,NaN
9,NaN,NaN,NaN,NaN,NaN,NaN,NaN,NaN
10,NaN,NaN,NaN,NaN,NaN,NaN,NaN,NaN
11,NaN,NaN,NaN,NaN,NaN,NaN,NaN,NaN
1,NaN,NaN,NaN,NaN,NaN,NaN,NaN,NaN
2,NaN,NaN,NaN,NaN,NaN,NaN,NaN,NaN
3,NaN,NaN,NaN,NaN,NaN,NaN,NaN,NaN
4,NaN,NaN,NaN,NaN,NaN,NaN,NaN,NaN
5,NaN,NaN,NaN,NaN,NaN,NaN,NaN,NaN
6,NaN,NaN,NaN,NaN,NaN,NaN,NaN,NaN
7,NaN,NaN,NaN,NaN,NaN,NaN,NaN,NaN
8,NaN,NaN,NaN,NaN,NaN,NaN,NaN,NaN
9,NaN,NaN,NaN,NaN,NaN,NaN,NaN,NaN
10,NaN,NaN,NaN,NaN,NaN,NaN,NaN,NaN
11,NaN,NaN,NaN,NaN,NaN,NaN,NaN,NaN
1,NaN,NaN,NaN,NaN,NaN,NaN,NaN,NaN
2,NaN,NaN,NaN,NaN,NaN,NaN,NaN,NaN
3,NaN,NaN,NaN,NaN,NaN,NaN,NaN,NaN
4,NaN,NaN,NaN,NaN,NaN,NaN,NaN,NaN
5,NaN,NaN,NaN,NaN,NaN,NaN,NaN,NaN
6,NaN,NaN,NaN,NaN,NaN,NaN,NaN,NaN
7,NaN,NaN,NaN,NaN,NaN,NaN,NaN,NaN
8,NaN,NaN,NaN,NaN,NaN,NaN,NaN,NaN
9,NaN,NaN,NaN,NaN,NaN,NaN,NaN,NaN
10,NaN,NaN,NaN,NaN,NaN,NaN,NaN,NaN
11,NaN,NaN,NaN,NaN,NaN,NaN,NaN,NaN
1,NaN,NaN,NaN,NaN,NaN,NaN,NaN,NaN
2,NaN,NaN,NaN,NaN,NaN,NaN,NaN,NaN
3,NaN,NaN,NaN,NaN,NaN,NaN,NaN,NaN
4,NaN,NaN,NaN,NaN,NaN,NaN,NaN,NaN
5,NaN,NaN,NaN,NaN,NaN,NaN,NaN,NaN
6,NaN,NaN,NaN,NaN,NaN,NaN,NaN,NaN
7,NaN,NaN,NaN,NaN,NaN,NaN,NaN,NaN
8,NaN,NaN,NaN,NaN,NaN,NaN,NaN,NaN
9,NaN,NaN,NaN,NaN,NaN,NaN,NaN,NaN
10,NaN,NaN,NaN,NaN,NaN,NaN,NaN,NaN
11,NaN,NaN,NaN,NaN,NaN,NaN,NaN,NaN
1,NaN,NaN,NaN,NaN,NaN,NaN,NaN,NaN
2,NaN,NaN,NaN,NaN,NaN,NaN,NaN,NaN
3,NaN,NaN,NaN,NaN,NaN,NaN,NaN,NaN
4,NaN,NaN,NaN,NaN,NaN,NaN,NaN,NaN
5,NaN,NaN,NaN,NaN,NaN,NaN,NaN,NaN
6,NaN,NaN,NaN,NaN,NaN,NaN,NaN,NaN
7,NaN,NaN,NaN,NaN,NaN,NaN,NaN,NaN
8,NaN,NaN,NaN,NaN,NaN,NaN,NaN,NaN
9,NaN,NaN,NaN,NaN,NaN,NaN,NaN,NaN
10,NaN,NaN,NaN,NaN,NaN,NaN,NaN,NaN
11,NaN,NaN,NaN,NaN,NaN,NaN,NaN,NaN
1,NaN,NaN,NaN,NaN,NaN,NaN,NaN,NaN
2,NaN,NaN,NaN,NaN,NaN,NaN,NaN,NaN
3,NaN,NaN,NaN,NaN,NaN,NaN,NaN,NaN
4,NaN,NaN,NaN,NaN,NaN,NaN,NaN,NaN
5,NaN,NaN,NaN,NaN,NaN,NaN,NaN,NaN
6,NaN,NaN,NaN,NaN,NaN,NaN,NaN,NaN
7,NaN,NaN,NaN,NaN,NaN,NaN,NaN,NaN
8,NaN,NaN,NaN,NaN,NaN,NaN,NaN,NaN
9,NaN,NaN,NaN,NaN,NaN,NaN,NaN,NaN
10,NaN,NaN,NaN,NaN,NaN,NaN,NaN,NaN
11,NaN,NaN,NaN,NaN,NaN,NaN,NaN,NaN
1,NaN,NaN,NaN,NaN,NaN,NaN,NaN,NaN
2,NaN,NaN,NaN,NaN,NaN,NaN,NaN,NaN
3,NaN,NaN,NaN,NaN,NaN,NaN,NaN,NaN
4,NaN,NaN,NaN,NaN,NaN,NaN,NaN,NaN
5,NaN,NaN,NaN,NaN,NaN,NaN,NaN,NaN
6,NaN,NaN,NaN,NaN,NaN,NaN,NaN,NaN
7,NaN,NaN,NaN,NaN,NaN,NaN,NaN,NaN
8,NaN,NaN,NaN,NaN,NaN,NaN,NaN,NaN
9,NaN,NaN,NaN,NaN,NaN,NaN,NaN,NaN
10,NaN,NaN,NaN,NaN,NaN,NaN,NaN,NaN
11,NaN,NaN,NaN,NaN,NaN,NaN,NaN,NaN
1,NaN,NaN,NaN,NaN,NaN,NaN,NaN,NaN
2,NaN,NaN,NaN,NaN,NaN,NaN,NaN,NaN
3,NaN,NaN,NaN,NaN,NaN,NaN,NaN,NaN
4,NaN,NaN,NaN,NaN,NaN,NaN,NaN,NaN
5,NaN,NaN,NaN,NaN,NaN,NaN,NaN,NaN
6,NaN,NaN,NaN,NaN,NaN,NaN,NaN,NaN
7,NaN,NaN,NaN,NaN,NaN,NaN,NaN,NaN
8,NaN,NaN,NaN,NaN,NaN,NaN,NaN,NaN
9,NaN,NaN,NaN,NaN,NaN,NaN,NaN,NaN
10,NaN,NaN,NaN,NaN,NaN,NaN,NaN,NaN
11,NaN,NaN,NaN,NaN,NaN,NaN,NaN,NaN
1,NaN,NaN,NaN,NaN,NaN,NaN,NaN,NaN
2,NaN,NaN,NaN,NaN,NaN,NaN,NaN,NaN
3,NaN,NaN,NaN,NaN,NaN,NaN,NaN,NaN
4,NaN,NaN,NaN,NaN,NaN,NaN,NaN,NaN
5,NaN,NaN,NaN,NaN,NaN,NaN,NaN,NaN
6,NaN,NaN,NaN,NaN,NaN,NaN,NaN,NaN
7,NaN,NaN,NaN,NaN,NaN,NaN,NaN,NaN
8,NaN,NaN,NaN,NaN,NaN,NaN,NaN,NaN
9,NaN,NaN,NaN,NaN,NaN,NaN,NaN,NaN
10,NaN,NaN,NaN,NaN,NaN,NaN,NaN,NaN
11,NaN,NaN,NaN,NaN,NaN,NaN,NaN,NaN
1,NaN,NaN,NaN,NaN,NaN,NaN,NaN,NaN
2,NaN,NaN,NaN,NaN,NaN,NaN,NaN,NaN
3,NaN,NaN,NaN,NaN,NaN,NaN,NaN,NaN
4,NaN,NaN,NaN,NaN,NaN,NaN,NaN,NaN
5,NaN,NaN,NaN,NaN,NaN,NaN,NaN,NaN
6,NaN,NaN,NaN,NaN,NaN,NaN,NaN,NaN
7,NaN,NaN,NaN,NaN,NaN,NaN,NaN,NaN
8,NaN,NaN,NaN,NaN,NaN,NaN,NaN,NaN
9,NaN,NaN,NaN,NaN,NaN,NaN,NaN,NaN
10,NaN,NaN,NaN,NaN,NaN,NaN,NaN,NaN
11,NaN,NaN,NaN,NaN,NaN,NaN,NaN,NaN
1,NaN,NaN,NaN,NaN,NaN,NaN,NaN,NaN
2,NaN,NaN,NaN,NaN,NaN,NaN,NaN,NaN
3,NaN,NaN,NaN,NaN,NaN,NaN,NaN,NaN
4,NaN,NaN,NaN,NaN,NaN,NaN,NaN,NaN
5,NaN,NaN,NaN,NaN,NaN,NaN,NaN,NaN
6,NaN,NaN,NaN,NaN,NaN,NaN,NaN,NaN
7,NaN,NaN,NaN,NaN,NaN,NaN,NaN,NaN
8,NaN,NaN,NaN,NaN,NaN,NaN,NaN,NaN
9,NaN,NaN,NaN,NaN,NaN,NaN,NaN,NaN
10,NaN,NaN,NaN,NaN,NaN,NaN,NaN,NaN
11,NaN,NaN,NaN,NaN,NaN,NaN,NaN,NaN
1,NaN,NaN,NaN,NaN,NaN,NaN,NaN,NaN
2,NaN,NaN,NaN,NaN,NaN,NaN,NaN,NaN
3,NaN,NaN,NaN,NaN,NaN,NaN,NaN,NaN
4,NaN,NaN,NaN,NaN,NaN,NaN,NaN,NaN
5,NaN,NaN,NaN,NaN,NaN,NaN,NaN,NaN
6,NaN,NaN,NaN,NaN,NaN,NaN,NaN,NaN
7,NaN,NaN,NaN,NaN,NaN,NaN,NaN,NaN
8,NaN,NaN,NaN,NaN,NaN,NaN,NaN,NaN
9,NaN,NaN,NaN,NaN,NaN,NaN,NaN,NaN
10,NaN,NaN,NaN,NaN,NaN,NaN,NaN,NaN
11,NaN,NaN,NaN,NaN,NaN,NaN,NaN,NaN
1,NaN,NaN,NaN,NaN,NaN,NaN,NaN,NaN
2,NaN,NaN,NaN,NaN,NaN,NaN,NaN,NaN
3,NaN,NaN,NaN,NaN,NaN,NaN,NaN,NaN
4,NaN,NaN,NaN,NaN,NaN,NaN,NaN,NaN
5,NaN,NaN,NaN,NaN,NaN,NaN,NaN,NaN
6,NaN,NaN,NaN,NaN,NaN,NaN,NaN,NaN
7,NaN,NaN,NaN,NaN,NaN,NaN,NaN,NaN
8,NaN,NaN,NaN,NaN,NaN,NaN,NaN,NaN
9,NaN,NaN,NaN,NaN,NaN,NaN,NaN,NaN
10,NaN,NaN,NaN,NaN,NaN,NaN,NaN,NaN
11,NaN,NaN,NaN,NaN,NaN,NaN,NaN,NaN
1,NaN,NaN,NaN,NaN,NaN,NaN,NaN,NaN
2,NaN,NaN,NaN,NaN,NaN,NaN,NaN,NaN
3,NaN,NaN,NaN,NaN,NaN,NaN,NaN,NaN
4,NaN,NaN,NaN,NaN,NaN,NaN,NaN,NaN
5,NaN,NaN,NaN,NaN,NaN,NaN,NaN,NaN
6,NaN,NaN,NaN,NaN,NaN,NaN,NaN,NaN
7,NaN,NaN,NaN,NaN,NaN,NaN,NaN,NaN
8,NaN,NaN,NaN,NaN,NaN,NaN,NaN,NaN
9,NaN,NaN,NaN,NaN,NaN,NaN,NaN,NaN
10,NaN,NaN,NaN,NaN,NaN,NaN,NaN,NaN
11,NaN,NaN,NaN,NaN,NaN,NaN,NaN,NaN
1,NaN,NaN,NaN,NaN,NaN,NaN,NaN,NaN
2,NaN,NaN,NaN,NaN,NaN,NaN,NaN,NaN
3,NaN,NaN,NaN,NaN,NaN,NaN,NaN,NaN
4,NaN,NaN,NaN,NaN,NaN,NaN,NaN,NaN
5,NaN,NaN,NaN,NaN,NaN,NaN,NaN,NaN
6,NaN,NaN,NaN,NaN,NaN,NaN,NaN,NaN
7,NaN,NaN,NaN,NaN,NaN,NaN,NaN,NaN
8,NaN,NaN,NaN,NaN,NaN,NaN,NaN,NaN
9,NaN,NaN,NaN,NaN,NaN,NaN,NaN,NaN
10,NaN,NaN,NaN,NaN,NaN,NaN,NaN,NaN
11,NaN,NaN,NaN,NaN,NaN,NaN,NaN,NaN
1,NaN,NaN,NaN,NaN,NaN,NaN,NaN,NaN
2,NaN,NaN,NaN,NaN,NaN,NaN,NaN,NaN
3,NaN,NaN,NaN,NaN,NaN,NaN,NaN,NaN
4,NaN,NaN,NaN,NaN,NaN,NaN,NaN,NaN
5,NaN,NaN,NaN,NaN,NaN,NaN,NaN,NaN
6,NaN,NaN,NaN,NaN,NaN,NaN,NaN,NaN
7,NaN,NaN,NaN,NaN,NaN,NaN,NaN,NaN
8,NaN,NaN,NaN,NaN,NaN,NaN,NaN,NaN
9,NaN,NaN,NaN,NaN,NaN,NaN,NaN,NaN
10,NaN,NaN,NaN,NaN,NaN,NaN,NaN,NaN
11,NaN,NaN,NaN,NaN,NaN,NaN,NaN,NaN
1,NaN,NaN,NaN,NaN,NaN,NaN,NaN,NaN
2,NaN,NaN,NaN,NaN,NaN,NaN,NaN,NaN
3,NaN,NaN,NaN,NaN,NaN,NaN,NaN,NaN
4,NaN,NaN,NaN,NaN,NaN,NaN,NaN,NaN
5,NaN,NaN,NaN,NaN,NaN,NaN,NaN,NaN
6,NaN,NaN,NaN,NaN,NaN,NaN,NaN,NaN
7,NaN,NaN,NaN,NaN,NaN,NaN,NaN,NaN
8,NaN,NaN,NaN,NaN,NaN,NaN,NaN,NaN
9,NaN,NaN,NaN,NaN,NaN,NaN,NaN,NaN
10,NaN,NaN,NaN,NaN,NaN,NaN,NaN,NaN
11,NaN,NaN,NaN,NaN,NaN,NaN,NaN,NaN
1,NaN,NaN,NaN,NaN,NaN,NaN,NaN,NaN
2,NaN,NaN,NaN,NaN,NaN,NaN,NaN,NaN
3,NaN,NaN,NaN,NaN,NaN,NaN,NaN,NaN
4,NaN,NaN,NaN,NaN,NaN,NaN,NaN,NaN
5,NaN,NaN,NaN,NaN,NaN,NaN,NaN,NaN
6,NaN,NaN,NaN,NaN,NaN,NaN,NaN,NaN
7,NaN,NaN,NaN,NaN,NaN,NaN,NaN,NaN
8,NaN,NaN,NaN,NaN,NaN,NaN,NaN,NaN
9,NaN,NaN,NaN,NaN,NaN,NaN,NaN,NaN
10,NaN,NaN,NaN,NaN,NaN,NaN,NaN,NaN
11,NaN,NaN,NaN,NaN,NaN,NaN,NaN,NaN
1,NaN,NaN,NaN,NaN,NaN,NaN,NaN,NaN
2,NaN,NaN,NaN,NaN,NaN,NaN,NaN,NaN
3,NaN,NaN,NaN,NaN,NaN,NaN,NaN,NaN
4,NaN,NaN,NaN,NaN,NaN,NaN,NaN,NaN
5,NaN,NaN,NaN,NaN,NaN,NaN,NaN,NaN
6,NaN,NaN,NaN,NaN,NaN,NaN,NaN,NaN
7,NaN,NaN,NaN,NaN,NaN,NaN,NaN,NaN
8,NaN,NaN,NaN,NaN,NaN,NaN,NaN,NaN
9,NaN,NaN,NaN,NaN,NaN,NaN,NaN,NaN
10,NaN,NaN,NaN,NaN,NaN,NaN,NaN,NaN
11,NaN,NaN,NaN,NaN,NaN,NaN,NaN,NaN
1,NaN,NaN,NaN,NaN,NaN,NaN,NaN,NaN
2,NaN,NaN,NaN,NaN,NaN,NaN,NaN,NaN
3,NaN,NaN,NaN,NaN,NaN,NaN,NaN,NaN
4,NaN,NaN,NaN,NaN,NaN,NaN,NaN,NaN
5,NaN,NaN,NaN,NaN,NaN,NaN,NaN,NaN
6,NaN,NaN,NaN,NaN,NaN,NaN,NaN,NaN
7,NaN,NaN,NaN,NaN,NaN,NaN,NaN,NaN
8,NaN,NaN,NaN,NaN,NaN,NaN,NaN,NaN
9,NaN,NaN,NaN,NaN,NaN,NaN,NaN,NaN
10,NaN,NaN,NaN,NaN,NaN,NaN,NaN,NaN
11,NaN,NaN,NaN,NaN,NaN,NaN,NaN,NaN
1,NaN,NaN,NaN,NaN,NaN,NaN,NaN,NaN
2,NaN,NaN,NaN,NaN,NaN,NaN,NaN,NaN
3,NaN,NaN,NaN,NaN,NaN,NaN,NaN,NaN
4,NaN,NaN,NaN,NaN,NaN,NaN,NaN,NaN
5,NaN,NaN,NaN,NaN,NaN,NaN,NaN,NaN
6,NaN,NaN,NaN,NaN,NaN,NaN,NaN,NaN
7,NaN,NaN,NaN,NaN,NaN,NaN,NaN,NaN
8,NaN,NaN,NaN,NaN,NaN,NaN,NaN,NaN
9,NaN,NaN,NaN,NaN,NaN,NaN,NaN,NaN
10,NaN,NaN,NaN,NaN,NaN,NaN,NaN,NaN
11,NaN,NaN,NaN,NaN,NaN,NaN,NaN,NaN
1,NaN,NaN,NaN,NaN,NaN,NaN,NaN,NaN
2,NaN,NaN,NaN,NaN,NaN,NaN,NaN,NaN
3,NaN,NaN,NaN,NaN,NaN,NaN,NaN,NaN
4,NaN,NaN,NaN,NaN,NaN,NaN,NaN,NaN
5,NaN,NaN,NaN,NaN,NaN,NaN,NaN,NaN
6,NaN,NaN,NaN,NaN,NaN,NaN,NaN,NaN
7,NaN,NaN,NaN,NaN,NaN,NaN,NaN,NaN
8,NaN,NaN,NaN,NaN,NaN,NaN,NaN,NaN
9,NaN,NaN,NaN,NaN,NaN,NaN,NaN,NaN
10,NaN,NaN,NaN,NaN,NaN,NaN,NaN,NaN
11,NaN,NaN,NaN,NaN,NaN,NaN,NaN,NaN
1,NaN,NaN,NaN,NaN,NaN,NaN,NaN,NaN
2,NaN,NaN,NaN,NaN,NaN,NaN,NaN,NaN
3,NaN,NaN,NaN,NaN,NaN,NaN,NaN,NaN
4,NaN,NaN,NaN,NaN,NaN,NaN,NaN,NaN
5,NaN,NaN,NaN,NaN,NaN,NaN,NaN,NaN
6,NaN,NaN,NaN,NaN,NaN,NaN,NaN,NaN
7,NaN,NaN,NaN,NaN,NaN,NaN,NaN,NaN
8,NaN,NaN,NaN,NaN,NaN,NaN,NaN,NaN
9,NaN,NaN,NaN,NaN,NaN,NaN,NaN,NaN
10,NaN,NaN,NaN,NaN,NaN,NaN,NaN,NaN
11,NaN,NaN,NaN,NaN,NaN,NaN,NaN,NaN
1,NaN,NaN,NaN,NaN,NaN,NaN,NaN,NaN
2,NaN,NaN,NaN,NaN,NaN,NaN,NaN,NaN
3,NaN,NaN,NaN,NaN,NaN,NaN,NaN,NaN
4,NaN,NaN,NaN,NaN,NaN,NaN,NaN,NaN
5,NaN,NaN,NaN,NaN,NaN,NaN,NaN,NaN
6,NaN,NaN,NaN,NaN,NaN,NaN,NaN,NaN
7,NaN,NaN,NaN,NaN,NaN,NaN,NaN,NaN
8,NaN,NaN,NaN,NaN,NaN,NaN,NaN,NaN
9,NaN,NaN,NaN,NaN,NaN,NaN,NaN,NaN
10,NaN,NaN,NaN,NaN,NaN,NaN,NaN,NaN
11,NaN,NaN,NaN,NaN,NaN,NaN,NaN,NaN
1,NaN,NaN,NaN,NaN,NaN,NaN,NaN,NaN
2,NaN,NaN,NaN,NaN,NaN,NaN,NaN,NaN
3,NaN,NaN,NaN,NaN,NaN,NaN,NaN,NaN
4,NaN,NaN,NaN,NaN,NaN,NaN,NaN,NaN
5,NaN,NaN,NaN,NaN,NaN,NaN,NaN,NaN
6,NaN,NaN,NaN,NaN,NaN,NaN,NaN,NaN
7,NaN,NaN,NaN,NaN,NaN,NaN,NaN,NaN
8,NaN,NaN,NaN,NaN,NaN,NaN,NaN,NaN
9,NaN,NaN,NaN,NaN,NaN,NaN,NaN,NaN
10,NaN,NaN,NaN,NaN,NaN,NaN,NaN,NaN
11,NaN,NaN,NaN,NaN,NaN,NaN,NaN,NaN
1,NaN,NaN,NaN,NaN,NaN,NaN,NaN,NaN
2,NaN,NaN,NaN,NaN,NaN,NaN,NaN,NaN
3,NaN,NaN,NaN,NaN,NaN,NaN,NaN,NaN
4,NaN,NaN,NaN,NaN,NaN,NaN,NaN,NaN
5,NaN,NaN,NaN,NaN,NaN,NaN,NaN,NaN
6,NaN,NaN,NaN,NaN,NaN,NaN,NaN,NaN
7,NaN,NaN,NaN,NaN,NaN,NaN,NaN,NaN
8,NaN,NaN,NaN,NaN,NaN,NaN,NaN,NaN
9,NaN,NaN,NaN,NaN,NaN,NaN,NaN,NaN
10,NaN,NaN,NaN,NaN,NaN,NaN,NaN,NaN
11,NaN,NaN,NaN,NaN,NaN,NaN,NaN,NaN
1,NaN,NaN,NaN,NaN,NaN,NaN,NaN,NaN
2,NaN,NaN,NaN,NaN,NaN,NaN,NaN,NaN
3,NaN,NaN,NaN,NaN,NaN,NaN,NaN,NaN
4,NaN,NaN,NaN,NaN,NaN,NaN,NaN,NaN
5,NaN,NaN,NaN,NaN,NaN,NaN,NaN,NaN
6,NaN,NaN,NaN,NaN,NaN,NaN,NaN,NaN
7,NaN,NaN,NaN,NaN,NaN,NaN,NaN,NaN
8,NaN,NaN,NaN,NaN,NaN,NaN,NaN,NaN
9,NaN,NaN,NaN,NaN,NaN,NaN,NaN,NaN
10,NaN,NaN,NaN,NaN,NaN,NaN,NaN,NaN
11,NaN,NaN,NaN,NaN,NaN,NaN,NaN,NaN
1,NaN,NaN,NaN,NaN,NaN,NaN,NaN,NaN
2,NaN,NaN,NaN,NaN,NaN,NaN,NaN,NaN
3,NaN,NaN,NaN,NaN,NaN,NaN,NaN,NaN
4,NaN,NaN,NaN,NaN,NaN,NaN,NaN,NaN
5,NaN,NaN,NaN,NaN,NaN,NaN,NaN,NaN
6,NaN,NaN,NaN,NaN,NaN,NaN,NaN,NaN
7,NaN,NaN,NaN,NaN,NaN,NaN,NaN,NaN
8,NaN,NaN,NaN,NaN,NaN,NaN,NaN,NaN
9,NaN,NaN,NaN,NaN,NaN,NaN,NaN,NaN
10,NaN,NaN,NaN,NaN,NaN,NaN,NaN,NaN
11,NaN,NaN,NaN,NaN,NaN,NaN,NaN,NaN
1,NaN,NaN,NaN,NaN,NaN,NaN,NaN,NaN
2,NaN,NaN,NaN,NaN,NaN,NaN,NaN,NaN
3,NaN,NaN,NaN,NaN,NaN,NaN,NaN,NaN
4,NaN,NaN,NaN,NaN,NaN,NaN,NaN,NaN
5,NaN,NaN,NaN,NaN,NaN,NaN,NaN,NaN
6,NaN,NaN,NaN,NaN,NaN,NaN,NaN,NaN
7,NaN,NaN,NaN,NaN,NaN,NaN,NaN,NaN
8,NaN,NaN,NaN,NaN,NaN,NaN,NaN,NaN
9,NaN,NaN,NaN,NaN,NaN,NaN,NaN,NaN
10,NaN,NaN,NaN,NaN,NaN,NaN,NaN,NaN
11,NaN,NaN,NaN,NaN,NaN,NaN,NaN,NaN
1,NaN,NaN,NaN,NaN,NaN,NaN,NaN,NaN
2,NaN,NaN,NaN,NaN,NaN,NaN,NaN,NaN
3,NaN,NaN,NaN,NaN,NaN,NaN,NaN,NaN
4,NaN,NaN,NaN,NaN,NaN,NaN,NaN,NaN
5,NaN,NaN,NaN,NaN,NaN,NaN,NaN,NaN
6,NaN,NaN,NaN,NaN,NaN,NaN,NaN,NaN
7,NaN,NaN,NaN,NaN,NaN,NaN,NaN,NaN
8,NaN,NaN,NaN,NaN,NaN,NaN,NaN,NaN
9,NaN,NaN,NaN,NaN,NaN,NaN,NaN,NaN
10,NaN,NaN,NaN,NaN,NaN,NaN,NaN,NaN
11,NaN,NaN,NaN,NaN,NaN,NaN,NaN,NaN
1,NaN,NaN,NaN,NaN,NaN,NaN,NaN,NaN
2,NaN,NaN,NaN,NaN,NaN,NaN,NaN,NaN
3,NaN,NaN,NaN,NaN,NaN,NaN,NaN,NaN
4,NaN,NaN,NaN,NaN,NaN,NaN,NaN,NaN
5,NaN,NaN,NaN,NaN,NaN,NaN,NaN,NaN
6,NaN,NaN,NaN,NaN,NaN,NaN,NaN,NaN
7,NaN,NaN,NaN,NaN,NaN,NaN,NaN,NaN
8,NaN,NaN,NaN,NaN,NaN,NaN,NaN,NaN
9,NaN,NaN,NaN,NaN,NaN,NaN,NaN,NaN
10,NaN,NaN,NaN,NaN,NaN,NaN,NaN,NaN
11,NaN,NaN,NaN,NaN,NaN,NaN,NaN,NaN
1,NaN,NaN,NaN,NaN,NaN,NaN,NaN,NaN
2,NaN,NaN,NaN,NaN,NaN,NaN,NaN,NaN
3,NaN,NaN,NaN,NaN,NaN,NaN,NaN,NaN
4,NaN,NaN,NaN,NaN,NaN,NaN,NaN,NaN
5,NaN,NaN,NaN,NaN,NaN,NaN,NaN,NaN
6,NaN,NaN,NaN,NaN,NaN,NaN,NaN,NaN
7,NaN,NaN,NaN,NaN,NaN,NaN,NaN,NaN
8,NaN,NaN,NaN,NaN,NaN,NaN,NaN,NaN
9,NaN,NaN,NaN,NaN,NaN,NaN,NaN,NaN
10,NaN,NaN,NaN,NaN,NaN,NaN,NaN,NaN
11,NaN,NaN,NaN,NaN,NaN,NaN,NaN,NaN
1,NaN,NaN,NaN,NaN,NaN,NaN,NaN,NaN
2,NaN,NaN,NaN,NaN,NaN,NaN,NaN,NaN
3,NaN,NaN,NaN,NaN,NaN,NaN,NaN,NaN
4,NaN,NaN,NaN,NaN,NaN,NaN,NaN,NaN
5,NaN,NaN,NaN,NaN,NaN,NaN,NaN,NaN
6,NaN,NaN,NaN,NaN,NaN,NaN,NaN,NaN
7,NaN,NaN,NaN,NaN,NaN,NaN,NaN,NaN
8,NaN,NaN,NaN,NaN,NaN,NaN,NaN,NaN
9,NaN,NaN,NaN,NaN,NaN,NaN,NaN,NaN
10,NaN,NaN,NaN,NaN,NaN,NaN,NaN,NaN
11,NaN,NaN,NaN,NaN,NaN,NaN,NaN,NaN
1,NaN,NaN,NaN,NaN,NaN,NaN,NaN,NaN
2,NaN,NaN,NaN,NaN,NaN,NaN,NaN,NaN
3,NaN,NaN,NaN,NaN,NaN,NaN,NaN,NaN
4,NaN,NaN,NaN,NaN,NaN,NaN,NaN,NaN
5,NaN,NaN,NaN,NaN,NaN,NaN,NaN,NaN
6,NaN,NaN,NaN,NaN,NaN,NaN,NaN,NaN
7,NaN,NaN,NaN,NaN,NaN,NaN,NaN,NaN
8,NaN,NaN,NaN,NaN,NaN,NaN,NaN,NaN
9,NaN,NaN,NaN,NaN,NaN,NaN,NaN,NaN
10,NaN,NaN,NaN,NaN,NaN,NaN,NaN,NaN
11,NaN,NaN,NaN,NaN,NaN,NaN,NaN,NaN
1,NaN,NaN,NaN,NaN,NaN,NaN,NaN,NaN
2,NaN,NaN,NaN,NaN,NaN,NaN,NaN,NaN
3,NaN,NaN,NaN,NaN,NaN,NaN,NaN,NaN
4,NaN,NaN,NaN,NaN,NaN,NaN,NaN,NaN
5,NaN,NaN,NaN,NaN,NaN,NaN,NaN,NaN
6,NaN,NaN,NaN,NaN,NaN,NaN,NaN,NaN
7,NaN,NaN,NaN,NaN,NaN,NaN,NaN,NaN
8,NaN,NaN,NaN,NaN,NaN,NaN,NaN,NaN
9,NaN,NaN,NaN,NaN,NaN,NaN,NaN,NaN
10,NaN,NaN,NaN,NaN,NaN,NaN,NaN,NaN
11,NaN,NaN,NaN,NaN,NaN,NaN,NaN,NaN
1,NaN,NaN,NaN,NaN,NaN,NaN,NaN,NaN
2,NaN,NaN,NaN,NaN,NaN,NaN,NaN,NaN
3,NaN,NaN,NaN,NaN,NaN,NaN,NaN,NaN
4,NaN,NaN,NaN,NaN,NaN,NaN,NaN,NaN
5,NaN,NaN,NaN,NaN,NaN,NaN,NaN,NaN
6,NaN,NaN,NaN,NaN,NaN,NaN,NaN,NaN
7,NaN,NaN,NaN,NaN,NaN,NaN,NaN,NaN
8,NaN,NaN,NaN,NaN,NaN,NaN,NaN,NaN
9,NaN,NaN,NaN,NaN,NaN,NaN,NaN,NaN
10,NaN,NaN,NaN,NaN,NaN,NaN,NaN,NaN
11,NaN,NaN,NaN,NaN,NaN,NaN,NaN,NaN
1,NaN,NaN,NaN,NaN,NaN,NaN,NaN,NaN
2,NaN,NaN,NaN,NaN,NaN,NaN,NaN,NaN
3,NaN,NaN,NaN,NaN,NaN,NaN,NaN,NaN
4,NaN,NaN,NaN,NaN,NaN,NaN,NaN,NaN
5,NaN,NaN,NaN,NaN,NaN,NaN,NaN,NaN
6,NaN,NaN,NaN,NaN,NaN,NaN,NaN,NaN
7,NaN,NaN,NaN,NaN,NaN,NaN,NaN,NaN
8,NaN,NaN,NaN,NaN,NaN,NaN,NaN,NaN
9,NaN,NaN,NaN,NaN,NaN,NaN,NaN,NaN
10,NaN,NaN,NaN,NaN,NaN,NaN,NaN,NaN
11,NaN,NaN,NaN,NaN,NaN,NaN,NaN,NaN
1,NaN,NaN,NaN,NaN,NaN,NaN,NaN,NaN
2,NaN,NaN,NaN,NaN,NaN,NaN,NaN,NaN
3,NaN,NaN,NaN,NaN,NaN,NaN,NaN,NaN
4,NaN,NaN,NaN,NaN,NaN,NaN,NaN,NaN
5,NaN,NaN,NaN,NaN,NaN,NaN,NaN,NaN
6,NaN,NaN,NaN,NaN,NaN,NaN,NaN,NaN
7,NaN,NaN,NaN,NaN,NaN,NaN,NaN,NaN
8,NaN,NaN,NaN,NaN,NaN,NaN,NaN,NaN
9,NaN,NaN,NaN,NaN,NaN,NaN,NaN,NaN
10,NaN,NaN,NaN,NaN,NaN,NaN,NaN,NaN
11,NaN,NaN,NaN,NaN,NaN,NaN,NaN,NaN
1,NaN,NaN,NaN,NaN,NaN,NaN,NaN,NaN
2,NaN,NaN,NaN,NaN,NaN,NaN,NaN,NaN
3,NaN,NaN,NaN,NaN,NaN,NaN,NaN,NaN
4,NaN,NaN,NaN,NaN,NaN,NaN,NaN,NaN
5,NaN,NaN,NaN,NaN,NaN,NaN,NaN,NaN
6,NaN,NaN,NaN,NaN,NaN,NaN,NaN,NaN
7,NaN,NaN,NaN,NaN,NaN,NaN,NaN,NaN
8,NaN,NaN,NaN,NaN,NaN,NaN,NaN,NaN
9,NaN,NaN,NaN,NaN,NaN,NaN,NaN,NaN
10,NaN,NaN,NaN,NaN,NaN,NaN,NaN,NaN
11,NaN,NaN,NaN,NaN,NaN,NaN,NaN,NaN
1,NaN,NaN,NaN,NaN,NaN,NaN,NaN,NaN
2,NaN,NaN,NaN,NaN,NaN,NaN,NaN,NaN
3,NaN,NaN,NaN,NaN,NaN,NaN,NaN,NaN
4,NaN,NaN,NaN,NaN,NaN,NaN,NaN,NaN
5,NaN,NaN,NaN,NaN,NaN,NaN,NaN,NaN
6,NaN,NaN,NaN,NaN,NaN,NaN,NaN,NaN
7,NaN,NaN,NaN,NaN,NaN,NaN,NaN,NaN
8,NaN,NaN,NaN,NaN,NaN,NaN,NaN,NaN
9,NaN,NaN,NaN,NaN,NaN,NaN,NaN,NaN
10,NaN,NaN,NaN,NaN,NaN,NaN,NaN,NaN
11,NaN,NaN,NaN,NaN,NaN,NaN,NaN,NaN
1,NaN,NaN,NaN,NaN,NaN,NaN,NaN,NaN
2,NaN,NaN,NaN,NaN,NaN,NaN,NaN,NaN
3,NaN,NaN,NaN,NaN,NaN,NaN,NaN,NaN
4,NaN,NaN,NaN,NaN,NaN,NaN,NaN,NaN
5,NaN,NaN,NaN,NaN,NaN,NaN,NaN,NaN
6,NaN,NaN,NaN,NaN,NaN,NaN,NaN,NaN
7,NaN,NaN,NaN,NaN,NaN,NaN,NaN,NaN
8,NaN,NaN,NaN,NaN,NaN,NaN,NaN,NaN
9,NaN,NaN,NaN,NaN,NaN,NaN,NaN,NaN
10,NaN,NaN,NaN,NaN,NaN,NaN,NaN,NaN
11,NaN,NaN,NaN,NaN,NaN,NaN,NaN,NaN
1,NaN,NaN,NaN,NaN,NaN,NaN,NaN,NaN
2,NaN,NaN,NaN,NaN,NaN,NaN,NaN,NaN
3,NaN,NaN,NaN,NaN,NaN,NaN,NaN,NaN
4,NaN,NaN,NaN,NaN,NaN,NaN,NaN,NaN
5,NaN,NaN,NaN,NaN,NaN,NaN,NaN,NaN
6,NaN,NaN,NaN,NaN,NaN,NaN,NaN,NaN
7,NaN,NaN,NaN,NaN,NaN,NaN,NaN,NaN
8,NaN,NaN,NaN,NaN,NaN,NaN,NaN,NaN
9,NaN,NaN,NaN,NaN,NaN,NaN,NaN,NaN
10,NaN,NaN,NaN,NaN,NaN,NaN,NaN,NaN
11,NaN,NaN,NaN,NaN,NaN,NaN,NaN,NaN
1,NaN,NaN,NaN,NaN,NaN,NaN,NaN,NaN
2,NaN,NaN,NaN,NaN,NaN,NaN,NaN,NaN
3,NaN,NaN,NaN,NaN,NaN,NaN,NaN,NaN
4,NaN,NaN,NaN,NaN,NaN,NaN,NaN,NaN
5,NaN,NaN,NaN,NaN,NaN,NaN,NaN,NaN
6,NaN,NaN,NaN,NaN,NaN,NaN,NaN,NaN
7,NaN,NaN,NaN,NaN,NaN,NaN,NaN,NaN
8,NaN,NaN,NaN,NaN,NaN,NaN,NaN,NaN
9,NaN,NaN,NaN,NaN,NaN,NaN,NaN,NaN
10,NaN,NaN,NaN,NaN,NaN,NaN,NaN,NaN
11,NaN,NaN,NaN,NaN,NaN,NaN,NaN,NaN
1,NaN,NaN,NaN,NaN,NaN,NaN,NaN,NaN
2,NaN,NaN,NaN,NaN,NaN,NaN,NaN,NaN
3,NaN,NaN,NaN,NaN,NaN,NaN,NaN,NaN
4,NaN,NaN,NaN,NaN,NaN,NaN,NaN,NaN
5,NaN,NaN,NaN,NaN,NaN,NaN,NaN,NaN
6,NaN,NaN,NaN,NaN,NaN,NaN,NaN,NaN
7,NaN,NaN,NaN,NaN,NaN,NaN,NaN,NaN
8,NaN,NaN,NaN,NaN,NaN,NaN,NaN,NaN
9,NaN,NaN,NaN,NaN,NaN,NaN,NaN,NaN
10,NaN,NaN,NaN,NaN,NaN,NaN,NaN,NaN
11,NaN,NaN,NaN,NaN,NaN,NaN,NaN,NaN
1,NaN,NaN,NaN,NaN,NaN,NaN,NaN,NaN
2,NaN,NaN,NaN,NaN,NaN,NaN,NaN,NaN
3,NaN,NaN,NaN,NaN,NaN,NaN,NaN,NaN
4,NaN,NaN,NaN,NaN,NaN,NaN,NaN,NaN
5,NaN,NaN,NaN,NaN,NaN,NaN,NaN,NaN
6,NaN,NaN,NaN,NaN,NaN,NaN,NaN,NaN
7,NaN,NaN,NaN,NaN,NaN,NaN,NaN,NaN
8,NaN,NaN,NaN,NaN,NaN,NaN,NaN,NaN
9,NaN,NaN,NaN,NaN,NaN,NaN,NaN,NaN
10,NaN,NaN,NaN,NaN,NaN,NaN,NaN,NaN
11,NaN,NaN,NaN,NaN,NaN,NaN,NaN,NaN
1,NaN,NaN,NaN,NaN,NaN,NaN,NaN,NaN
2,NaN,NaN,NaN,NaN,NaN,NaN,NaN,NaN
3,NaN,NaN,NaN,NaN,NaN,NaN,NaN,NaN
4,NaN,NaN,NaN,NaN,NaN,NaN,NaN,NaN
5,NaN,NaN,NaN,NaN,NaN,NaN,NaN,NaN
6,NaN,NaN,NaN,NaN,NaN,NaN,NaN,NaN
7,NaN,NaN,NaN,NaN,NaN,NaN,NaN,NaN
8,NaN,NaN,NaN,NaN,NaN,NaN,NaN,NaN
9,NaN,NaN,NaN,NaN,NaN,NaN,NaN,NaN
10,NaN,NaN,NaN,NaN,NaN,NaN,NaN,NaN
11,NaN,NaN,NaN,NaN,NaN,NaN,NaN,NaN
1,NaN,NaN,NaN,NaN,NaN,NaN,NaN,NaN
2,NaN,NaN,NaN,NaN,NaN,NaN,NaN,NaN
3,NaN,NaN,NaN,NaN,NaN,NaN,NaN,NaN
4,NaN,NaN,NaN,NaN,NaN,NaN,NaN,NaN
5,NaN,NaN,NaN,NaN,NaN,NaN,NaN,NaN
6,NaN,NaN,NaN,NaN,NaN,NaN,NaN,NaN
7,NaN,NaN,NaN,NaN,NaN,NaN,NaN,NaN
8,NaN,NaN,NaN,NaN,NaN,NaN,NaN,NaN
9,NaN,NaN,NaN,NaN,NaN,NaN,NaN,NaN
10,NaN,NaN,NaN,NaN,NaN,NaN,NaN,NaN
11,NaN,NaN,NaN,NaN,NaN,NaN,NaN,NaN
1,NaN,NaN,NaN,NaN,NaN,NaN,NaN,NaN
2,NaN,NaN,NaN,NaN,NaN,NaN,NaN,NaN
3,NaN,NaN,NaN,NaN,NaN,NaN,NaN,NaN
4,NaN,NaN,NaN,NaN,NaN,NaN,NaN,NaN
5,NaN,NaN,NaN,NaN,NaN,NaN,NaN,NaN
6,NaN,NaN,NaN,NaN,NaN,NaN,NaN,NaN
7,NaN,NaN,NaN,NaN,NaN,NaN,NaN,NaN
8,NaN,NaN,NaN,NaN,NaN,NaN,NaN,NaN
9,NaN,NaN,NaN,NaN,NaN,NaN,NaN,NaN
10,NaN,NaN,NaN,NaN,NaN,NaN,NaN,NaN
11,NaN,NaN,NaN,NaN,NaN,NaN,NaN,NaN
1,NaN,NaN,NaN,NaN,NaN,NaN,NaN,NaN
2,NaN,NaN,NaN,NaN,NaN,NaN,NaN,NaN
3,NaN,NaN,NaN,NaN,NaN,NaN,NaN,NaN
4,NaN,NaN,NaN,NaN,NaN,NaN,NaN,NaN
5,NaN,NaN,NaN,NaN,NaN,NaN,NaN,NaN
6,NaN,NaN,NaN,NaN,NaN,NaN,NaN,NaN
7,NaN,NaN,NaN,NaN,NaN,NaN,NaN,NaN
8,NaN,NaN,NaN,NaN,NaN,NaN,NaN,NaN
9,NaN,NaN,NaN,NaN,NaN,NaN,NaN,NaN
10,NaN,NaN,NaN,NaN,NaN,NaN,NaN,NaN
11,NaN,NaN,NaN,NaN,NaN,NaN,NaN,NaN
1,NaN,NaN,NaN,NaN,NaN,NaN,NaN,NaN
2,NaN,NaN,NaN,NaN,NaN,NaN,NaN,NaN
3,NaN,NaN,NaN,NaN,NaN,NaN,NaN,NaN
4,NaN,NaN,NaN,NaN,NaN,NaN,NaN,NaN
5,NaN,NaN,NaN,NaN,NaN,NaN,NaN,NaN
6,NaN,NaN,NaN,NaN,NaN,NaN,NaN,NaN
7,NaN,NaN,NaN,NaN,NaN,NaN,NaN,NaN
8,NaN,NaN,NaN,NaN,NaN,NaN,NaN,NaN
9,NaN,NaN,NaN,NaN,NaN,NaN,NaN,NaN
10,NaN,NaN,NaN,NaN,NaN,NaN,NaN,NaN
11,NaN,NaN,NaN,NaN,NaN,NaN,NaN,NaN
1,NaN,NaN,NaN,NaN,NaN,NaN,NaN,NaN
2,NaN,NaN,NaN,NaN,NaN,NaN,NaN,NaN
3,NaN,NaN,NaN,NaN,NaN,NaN,NaN,NaN
4,NaN,NaN,NaN,NaN,NaN,NaN,NaN,NaN
5,NaN,NaN,NaN,NaN,NaN,NaN,NaN,NaN
6,NaN,NaN,NaN,NaN,NaN,NaN,NaN,NaN
7,NaN,NaN,NaN,NaN,NaN,NaN,NaN,NaN
8,NaN,NaN,NaN,NaN,NaN,NaN,NaN,NaN
9,NaN,NaN,NaN,NaN,NaN,NaN,NaN,NaN
10,NaN,NaN,NaN,NaN,NaN,NaN,NaN,NaN
11,NaN,NaN,NaN,NaN,NaN,NaN,NaN,NaN
1,NaN,NaN,NaN,NaN,NaN,NaN,NaN,NaN
2,NaN,NaN,NaN,NaN,NaN,NaN,NaN,NaN
3,NaN,NaN,NaN,NaN,NaN,NaN,NaN,NaN
4,NaN,NaN,NaN,NaN,NaN,NaN,NaN,NaN
5,NaN,NaN,NaN,NaN,NaN,NaN,NaN,NaN
6,NaN,NaN,NaN,NaN,NaN,NaN,NaN,NaN
7,NaN,NaN,NaN,NaN,NaN,NaN,NaN,NaN
8,NaN,NaN,NaN,NaN,NaN,NaN,NaN,NaN
9,NaN,NaN,NaN,NaN,NaN,NaN,NaN,NaN
10,NaN,NaN,NaN,NaN,NaN,NaN,NaN,NaN
11,NaN,NaN,NaN,NaN,NaN,NaN,NaN,NaN
1,NaN,NaN,NaN,NaN,NaN,NaN,NaN,NaN
2,NaN,NaN,NaN,NaN,NaN,NaN,NaN,NaN
3,NaN,NaN,NaN,NaN,NaN,NaN,NaN,NaN
4,NaN,NaN,NaN,NaN,NaN,NaN,NaN,NaN
5,NaN,NaN,NaN,NaN,NaN,NaN,NaN,NaN
6,NaN,NaN,NaN,NaN,NaN,NaN,NaN,NaN
7,NaN,NaN,NaN,NaN,NaN,NaN,NaN,NaN
8,NaN,NaN,NaN,NaN,NaN,NaN,NaN,NaN
9,NaN,NaN,NaN,NaN,NaN,NaN,NaN,NaN
10,NaN,NaN,NaN,NaN,NaN,NaN,NaN,NaN
11,NaN,NaN,NaN,NaN,NaN,NaN,NaN,NaN
1,NaN,NaN,NaN,NaN,NaN,NaN,NaN,NaN
2,NaN,NaN,NaN,NaN,NaN,NaN,NaN,NaN
3,NaN,NaN,NaN,NaN,NaN,NaN,NaN,NaN
4,NaN,NaN,NaN,NaN,NaN,NaN,NaN,NaN
5,NaN,NaN,NaN,NaN,NaN,NaN,NaN,NaN
6,NaN,NaN,NaN,NaN,NaN,NaN,NaN,NaN
7,NaN,NaN,NaN,NaN,NaN,NaN,NaN,NaN
8,NaN,NaN,NaN,NaN,NaN,NaN,NaN,NaN
9,NaN,NaN,NaN,NaN,NaN,NaN,NaN,NaN
10,NaN,NaN,NaN,NaN,NaN,NaN,NaN,NaN
11,NaN,NaN,NaN,NaN,NaN,NaN,NaN,NaN
1,NaN,NaN,NaN,NaN,NaN,NaN,NaN,NaN
2,NaN,NaN,NaN,NaN,NaN,NaN,NaN,NaN
3,NaN,NaN,NaN,NaN,NaN,NaN,NaN,NaN
4,NaN,NaN,NaN,NaN,NaN,NaN,NaN,NaN
5,NaN,NaN,NaN,NaN,NaN,NaN,NaN,NaN
6,NaN,NaN,NaN,NaN,NaN,NaN,NaN,NaN
7,NaN,NaN,NaN,NaN,NaN,NaN,NaN,NaN
8,NaN,NaN,NaN,NaN,NaN,NaN,NaN,NaN
9,NaN,NaN,NaN,NaN,NaN,NaN,NaN,NaN
10,NaN,NaN,NaN,NaN,NaN,NaN,NaN,NaN
11,NaN,NaN,NaN,NaN,NaN,NaN,NaN,NaN
1,NaN,NaN,NaN,NaN,NaN,NaN,NaN,NaN
2,NaN,NaN,NaN,NaN,NaN,NaN,NaN,NaN
3,NaN,NaN,NaN,NaN,NaN,NaN,NaN,NaN
4,NaN,NaN,NaN,NaN,NaN,NaN,NaN,NaN
5,NaN,NaN,NaN,NaN,NaN,NaN,NaN,NaN
6,NaN,NaN,NaN,NaN,NaN,NaN,NaN,NaN
7,NaN,NaN,NaN,NaN,NaN,NaN,NaN,NaN
8,NaN,NaN,NaN,NaN,NaN,NaN,NaN,NaN
9,NaN,NaN,NaN,NaN,NaN,NaN,NaN,NaN
10,NaN,NaN,NaN,NaN,NaN,NaN,NaN,NaN
11,NaN,NaN,NaN,NaN,NaN,NaN,NaN,NaN
1,NaN,NaN,NaN,NaN,NaN,NaN,NaN,NaN
2,NaN,NaN,NaN,NaN,NaN,NaN,NaN,NaN
3,NaN,NaN,NaN,NaN,NaN,NaN,NaN,NaN
4,NaN,NaN,NaN,NaN,NaN,NaN,NaN,NaN
5,NaN,NaN,NaN,NaN,NaN,NaN,NaN,NaN
6,NaN,NaN,NaN,NaN,NaN,NaN,NaN,NaN
7,NaN,NaN,NaN,NaN,NaN,NaN,NaN,NaN
8,NaN,NaN,NaN,NaN,NaN,NaN,NaN,NaN
9,NaN,NaN,NaN,NaN,NaN,NaN,NaN,NaN
10,NaN,NaN,NaN,NaN,NaN,NaN,NaN,NaN
11,NaN,NaN,NaN,NaN,NaN,NaN,NaN,NaN
1,NaN,NaN,NaN,NaN,NaN,NaN,NaN,NaN
2,NaN,NaN,NaN,NaN,NaN,NaN,NaN,NaN
3,NaN,NaN,NaN,NaN,NaN,NaN,NaN,NaN
4,NaN,NaN,NaN,NaN,NaN,NaN,NaN,NaN
5,NaN,NaN,NaN,NaN,NaN,NaN,NaN,NaN
6,NaN,NaN,NaN,NaN,NaN,NaN,NaN,NaN
7,NaN,NaN,NaN,NaN,NaN,NaN,NaN,NaN
8,NaN,NaN,NaN,NaN,NaN,NaN,NaN,NaN
9,NaN,NaN,NaN,NaN,NaN,NaN,NaN,NaN
10,NaN,NaN,NaN,NaN,NaN,NaN,NaN,NaN
11,NaN,NaN,NaN,NaN,NaN,NaN,NaN,NaN
1,NaN,NaN,NaN,NaN,NaN,NaN,NaN,NaN
2,NaN,NaN,NaN,NaN,NaN,NaN,NaN,NaN
3,NaN,NaN,NaN,NaN,NaN,NaN,NaN,NaN
4,NaN,NaN,NaN,NaN,NaN,NaN,NaN,NaN
5,NaN,NaN,NaN,NaN,NaN,NaN,NaN,NaN
6,NaN,NaN,NaN,NaN,NaN,NaN,NaN,NaN
7,NaN,NaN,NaN,NaN,NaN,NaN,NaN,NaN
8,NaN,NaN,NaN,NaN,NaN,NaN,NaN,NaN
9,NaN,NaN,NaN,NaN,NaN,NaN,NaN,NaN
10,NaN,NaN,NaN,NaN,NaN,NaN,NaN,NaN
11,NaN,NaN,NaN,NaN,NaN,NaN,NaN,NaN
1,NaN,NaN,NaN,NaN,NaN,NaN,NaN,NaN
2,NaN,NaN,NaN,NaN,NaN,NaN,NaN,NaN
3,NaN,NaN,NaN,NaN,NaN,NaN,NaN,NaN
4,NaN,NaN,NaN,NaN,NaN,NaN,NaN,NaN
5,NaN,NaN,NaN,NaN,NaN,NaN,NaN,NaN
6,NaN,NaN,NaN,NaN,NaN,NaN,NaN,NaN
7,NaN,NaN,NaN,NaN,NaN,NaN,NaN,NaN
8,NaN,NaN,NaN,NaN,NaN,NaN,NaN,NaN
9,NaN,NaN,NaN,NaN,NaN,NaN,NaN,NaN
10,NaN,NaN,NaN,NaN,NaN,NaN,NaN,NaN
11,NaN,NaN,NaN,NaN,NaN,NaN,NaN,NaN
1,NaN,NaN,NaN,NaN,NaN,NaN,NaN,NaN
2,NaN,NaN,NaN,NaN,NaN,NaN,NaN,NaN
3,NaN,NaN,NaN,NaN,NaN,NaN,NaN,NaN
4,NaN,NaN,NaN,NaN,NaN,NaN,NaN,NaN
5,NaN,NaN,NaN,NaN,NaN,NaN,NaN,NaN
6,NaN,NaN,NaN,NaN,NaN,NaN,NaN,NaN
7,NaN,NaN,NaN,NaN,NaN,NaN,NaN,NaN
8,NaN,NaN,NaN,NaN,NaN,NaN,NaN,NaN
9,NaN,NaN,NaN,NaN,NaN,NaN,NaN,NaN
10,NaN,NaN,NaN,NaN,NaN,NaN,NaN,NaN
11,NaN,NaN,NaN,NaN,NaN,NaN,NaN,NaN
1,NaN,NaN,NaN,NaN,NaN,NaN,NaN,NaN
2,NaN,NaN,NaN,NaN,NaN,NaN,NaN,NaN
3,NaN,NaN,NaN,NaN,NaN,NaN,NaN,NaN
4,NaN,NaN,NaN,NaN,NaN,NaN,NaN,NaN
5,NaN,NaN,NaN,NaN,NaN,NaN,NaN,NaN
6,NaN,NaN,NaN,NaN,NaN,NaN,NaN,NaN
7,NaN,NaN,NaN,NaN,NaN,NaN,NaN,NaN
8,NaN,NaN,NaN,NaN,NaN,NaN,NaN,NaN
9,NaN,NaN,NaN,NaN,NaN,NaN,NaN,NaN
10,NaN,NaN,NaN,NaN,NaN,NaN,NaN,NaN
11,NaN,NaN,NaN,NaN,NaN,NaN,NaN,NaN
1,NaN,NaN,NaN,NaN,NaN,NaN,NaN,NaN
2,NaN,NaN,NaN,NaN,NaN,NaN,NaN,NaN
3,NaN,NaN,NaN,NaN,NaN,NaN,NaN,NaN
4,NaN,NaN,NaN,NaN,NaN,NaN,NaN,NaN
5,NaN,NaN,NaN,NaN,NaN,NaN,NaN,NaN
6,NaN,NaN,NaN,NaN,NaN,NaN,NaN,NaN
7,NaN,NaN,NaN,NaN,NaN,NaN,NaN,NaN
8,NaN,NaN,NaN,NaN,NaN,NaN,NaN,NaN
9,NaN,NaN,NaN,NaN,NaN,NaN,NaN,NaN
10,NaN,NaN,NaN,NaN,NaN,NaN,NaN,NaN
11,NaN,NaN,NaN,NaN,NaN,NaN,NaN,NaN
1,NaN,NaN,NaN,NaN,NaN,NaN,NaN,NaN
2,NaN,NaN,NaN,NaN,NaN,NaN,NaN,NaN
3,NaN,NaN,NaN,NaN,NaN,NaN,NaN,NaN
4,NaN,NaN,NaN,NaN,NaN,NaN,NaN,NaN
5,NaN,NaN,NaN,NaN,NaN,NaN,NaN,NaN
6,NaN,NaN,NaN,NaN,NaN,NaN,NaN,NaN
7,NaN,NaN,NaN,NaN,NaN,NaN,NaN,NaN
8,NaN,NaN,NaN,NaN,NaN,NaN,NaN,NaN
9,NaN,NaN,NaN,NaN,NaN,NaN,NaN,NaN
10,NaN,NaN,NaN,NaN,NaN,NaN,NaN,NaN
11,NaN,NaN,NaN,NaN,NaN,NaN,NaN,NaN
1,NaN,NaN,NaN,NaN,NaN,NaN,NaN,NaN
2,NaN,NaN,NaN,NaN,NaN,NaN,NaN,NaN
3,NaN,NaN,NaN,NaN,NaN,NaN,NaN,NaN
4,NaN,NaN,NaN,NaN,NaN,NaN,NaN,NaN
5,NaN,NaN,NaN,NaN,NaN,NaN,NaN,NaN
6,NaN,NaN,NaN,NaN,NaN,NaN,NaN,NaN
7,NaN,NaN,NaN,NaN,NaN,NaN,NaN,NaN
8,NaN,NaN,NaN,NaN,NaN,NaN,NaN,NaN
9,NaN,NaN,NaN,NaN,NaN,NaN,NaN,NaN
10,NaN,NaN,NaN,NaN,NaN,NaN,NaN,NaN
11,NaN,NaN,NaN,NaN,NaN,NaN,NaN,NaN
1,NaN,NaN,NaN,NaN,NaN,NaN,NaN,NaN
2,NaN,NaN,NaN,NaN,NaN,NaN,NaN,NaN
3,NaN,NaN,NaN,NaN,NaN,NaN,NaN,NaN
4,NaN,NaN,NaN,NaN,NaN,NaN,NaN,NaN
5,NaN,NaN,NaN,NaN,NaN,NaN,NaN,NaN
6,NaN,NaN,NaN,NaN,NaN,NaN,NaN,NaN
7,NaN,NaN,NaN,NaN,NaN,NaN,NaN,NaN
8,NaN,NaN,NaN,NaN,NaN,NaN,NaN,NaN
9,NaN,NaN,NaN,NaN,NaN,NaN,NaN,NaN
10,NaN,NaN,NaN,NaN,NaN,NaN,NaN,NaN
11,NaN,NaN,NaN,NaN,NaN,NaN,NaN,NaN
1,NaN,NaN,NaN,NaN,NaN,NaN,NaN,NaN
2,NaN,NaN,NaN,NaN,NaN,NaN,NaN,NaN
3,NaN,NaN,NaN,NaN,NaN,NaN,NaN,NaN
4,NaN,NaN,NaN,NaN,NaN,NaN,NaN,NaN
5,NaN,NaN,NaN,NaN,NaN,NaN,NaN,NaN
6,NaN,NaN,NaN,NaN,NaN,NaN,NaN,NaN
7,NaN,NaN,NaN,NaN,NaN,NaN,NaN,NaN
8,NaN,NaN,NaN,NaN,NaN,NaN,NaN,NaN
9,NaN,NaN,NaN,NaN,NaN,NaN,NaN,NaN
10,NaN,NaN,NaN,NaN,NaN,NaN,NaN,NaN
11,NaN,NaN,NaN,NaN,NaN,NaN,NaN,NaN
1,NaN,NaN,NaN,NaN,NaN,NaN,NaN,NaN
2,NaN,NaN,NaN,NaN,NaN,NaN,NaN,NaN
3,NaN,NaN,NaN,NaN,NaN,NaN,NaN,NaN
4,NaN,NaN,NaN,NaN,NaN,NaN,NaN,NaN
5,NaN,NaN,NaN,NaN,NaN,NaN,NaN,NaN
6,NaN,NaN,NaN,NaN,NaN,NaN,NaN,NaN
7,NaN,NaN,NaN,NaN,NaN,NaN,NaN,NaN
8,NaN,NaN,NaN,NaN,NaN,NaN,NaN,NaN
9,NaN,NaN,NaN,NaN,NaN,NaN,NaN,NaN
10,NaN,NaN,NaN,NaN,NaN,NaN,NaN,NaN
11,NaN,NaN,NaN,NaN,NaN,NaN,NaN,NaN
1,NaN,NaN,NaN,NaN,NaN,NaN,NaN,NaN
2,NaN,NaN,NaN,NaN,NaN,NaN,NaN,NaN
3,NaN,NaN,NaN,NaN,NaN,NaN,NaN,NaN
4,NaN,NaN,NaN,NaN,NaN,NaN,NaN,NaN
5,NaN,NaN,NaN,NaN,NaN,NaN,NaN,NaN
6,NaN,NaN,NaN,NaN,NaN,NaN,NaN,NaN
7,NaN,NaN,NaN,NaN,NaN,NaN,NaN,NaN
8,NaN,NaN,NaN,NaN,NaN,NaN,NaN,NaN
9,NaN,NaN,NaN,NaN,NaN,NaN,NaN,NaN
10,NaN,NaN,NaN,NaN,NaN,NaN,NaN,NaN
11,NaN,NaN,NaN,NaN,NaN,NaN,NaN,NaN
1,NaN,NaN,NaN,NaN,NaN,NaN,NaN,NaN
2,NaN,NaN,NaN,NaN,NaN,NaN,NaN,NaN
3,NaN,NaN,NaN,NaN,NaN,NaN,NaN,NaN
4,NaN,NaN,NaN,NaN,NaN,NaN,NaN,NaN
5,NaN,NaN,NaN,NaN,NaN,NaN,NaN,NaN
6,NaN,NaN,NaN,NaN,NaN,NaN,NaN,NaN
7,NaN,NaN,NaN,NaN,NaN,NaN,NaN,NaN
8,NaN,NaN,NaN,NaN,NaN,NaN,NaN,NaN
9,NaN,NaN,NaN,NaN,NaN,NaN,NaN,NaN
10,NaN,NaN,NaN,NaN,NaN,NaN,NaN,NaN
11,NaN,NaN,NaN,NaN,NaN,NaN,NaN,NaN
1,NaN,NaN,NaN,NaN,NaN,NaN,NaN,NaN
2,NaN,NaN,NaN,NaN,NaN,NaN,NaN,NaN
3,NaN,NaN,NaN,NaN,NaN,NaN,NaN,NaN
4,NaN,NaN,NaN,NaN,NaN,NaN,NaN,NaN
5,NaN,NaN,NaN,NaN,NaN,NaN,NaN,NaN
6,NaN,NaN,NaN,NaN,NaN,NaN,NaN,NaN
7,NaN,NaN,NaN,NaN,NaN,NaN,NaN,NaN
8,NaN,NaN,NaN,NaN,NaN,NaN,NaN,NaN
9,NaN,NaN,NaN,NaN,NaN,NaN,NaN,NaN
10,NaN,NaN,NaN,NaN,NaN,NaN,NaN,NaN
11,NaN,NaN,NaN,NaN,NaN,NaN,NaN,NaN
1,NaN,NaN,NaN,NaN,NaN,NaN,NaN,NaN
2,NaN,NaN,NaN,NaN,NaN,NaN,NaN,NaN
3,NaN,NaN,NaN,NaN,NaN,NaN,NaN,NaN
4,NaN,NaN,NaN,NaN,NaN,NaN,NaN,NaN
5,NaN,NaN,NaN,NaN,NaN,NaN,NaN,NaN
6,NaN,NaN,NaN,NaN,NaN,NaN,NaN,NaN
7,NaN,NaN,NaN,NaN,NaN,NaN,NaN,NaN
8,NaN,NaN,NaN,NaN,NaN,NaN,NaN,NaN
9,NaN,NaN,NaN,NaN,NaN,NaN,NaN,NaN
10,NaN,NaN,NaN,NaN,NaN,NaN,NaN,NaN
11,NaN,NaN,NaN,NaN,NaN,NaN,NaN,NaN
1,NaN,NaN,NaN,NaN,NaN,NaN,NaN,NaN
2,NaN,NaN,NaN,NaN,NaN,NaN,NaN,NaN
3,NaN,NaN,NaN,NaN,NaN,NaN,NaN,NaN
4,NaN,NaN,NaN,NaN,NaN,NaN,NaN,NaN
5,NaN,NaN,NaN,NaN,NaN,NaN,NaN,NaN
6,NaN,NaN,NaN,NaN,NaN,NaN,NaN,NaN
7,NaN,NaN,NaN,NaN,NaN,NaN,NaN,NaN
8,NaN,NaN,NaN,NaN,NaN,NaN,NaN,NaN
9,NaN,NaN,NaN,NaN,NaN,NaN,NaN,NaN
10,NaN,NaN,NaN,NaN,NaN,NaN,NaN,NaN
11,NaN,NaN,NaN,NaN,NaN,NaN,NaN,NaN
1,NaN,NaN,NaN,NaN,NaN,NaN,NaN,NaN
2,NaN,NaN,NaN,NaN,NaN,NaN,NaN,NaN
3,NaN,NaN,NaN,NaN,NaN,NaN,NaN,NaN
4,NaN,NaN,NaN,NaN,NaN,NaN,NaN,NaN
5,NaN,NaN,NaN,NaN,NaN,NaN,NaN,NaN
6,NaN,NaN,NaN,NaN,NaN,NaN,NaN,NaN
7,NaN,NaN,NaN,NaN,NaN,NaN,NaN,NaN
8,NaN,NaN,NaN,NaN,NaN,NaN,NaN,NaN
9,NaN,NaN,NaN,NaN,NaN,NaN,NaN,NaN
10,NaN,NaN,NaN,NaN,NaN,NaN,NaN,NaN
11,NaN,NaN,NaN,NaN,NaN,NaN,NaN,NaN
1,NaN,NaN,NaN,NaN,NaN,NaN,NaN,NaN
2,NaN,NaN,NaN,NaN,NaN,NaN,NaN,NaN
3,NaN,NaN,NaN,NaN,NaN,NaN,NaN,NaN
4,NaN,NaN,NaN,NaN,NaN,NaN,NaN,NaN
5,NaN,NaN,NaN,NaN,NaN,NaN,NaN,NaN
6,NaN,NaN,NaN,NaN,NaN,NaN,NaN,NaN
7,NaN,NaN,NaN,NaN,NaN,NaN,NaN,NaN
8,NaN,NaN,NaN,NaN,NaN,NaN,NaN,NaN
9,NaN,NaN,NaN,NaN,NaN,NaN,NaN,NaN
10,NaN,NaN,NaN,NaN,NaN,NaN,NaN,NaN
11,NaN,NaN,NaN,NaN,NaN,NaN,NaN,NaN
1,NaN,NaN,NaN,NaN,NaN,NaN,NaN,NaN
2,NaN,NaN,NaN,NaN,NaN,NaN,NaN,NaN
3,NaN,NaN,NaN,NaN,NaN,NaN,NaN,NaN
4,NaN,NaN,NaN,NaN,NaN,NaN,NaN,NaN
5,NaN,NaN,NaN,NaN,NaN,NaN,NaN,NaN
6,NaN,NaN,NaN,NaN,NaN,NaN,NaN,NaN
7,NaN,NaN,NaN,NaN,NaN,NaN,NaN,NaN
8,NaN,NaN,NaN,NaN,NaN,NaN,NaN,NaN
9,NaN,NaN,NaN,NaN,NaN,NaN,NaN,NaN
10,NaN,NaN,NaN,NaN,NaN,NaN,NaN,NaN
11,NaN,NaN,NaN,NaN,NaN,NaN,NaN,NaN
1,NaN,NaN,NaN,NaN,NaN,NaN,NaN,NaN
2,NaN,NaN,NaN,NaN,NaN,NaN,NaN,NaN
3,NaN,NaN,NaN,NaN,NaN,NaN,NaN,NaN
4,NaN,NaN,NaN,NaN,NaN,NaN,NaN,NaN
5,NaN,NaN,NaN,NaN,NaN,NaN,NaN,NaN
6,NaN,NaN,NaN,NaN,NaN,NaN,NaN,NaN
7,NaN,NaN,NaN,NaN,NaN,NaN,NaN,NaN
8,NaN,NaN,NaN,NaN,NaN,NaN,NaN,NaN
9,NaN,NaN,NaN,NaN,NaN,NaN,NaN,NaN
10,NaN,NaN,NaN,NaN,NaN,NaN,NaN,NaN
11,NaN,NaN,NaN,NaN,NaN,NaN,NaN,NaN
1,NaN,NaN,NaN,NaN,NaN,NaN,NaN,NaN
2,NaN,NaN,NaN,NaN,NaN,NaN,NaN,NaN
3,NaN,NaN,NaN,NaN,NaN,NaN,NaN,NaN
4,NaN,NaN,NaN,NaN,NaN,NaN,NaN,NaN
5,NaN,NaN,NaN,NaN,NaN,NaN,NaN,NaN
6,NaN,NaN,NaN,NaN,NaN,NaN,NaN,NaN
7,NaN,NaN,NaN,NaN,NaN,NaN,NaN,NaN
8,NaN,NaN,NaN,NaN,NaN,NaN,NaN,NaN
9,NaN,NaN,NaN,NaN,NaN,NaN,NaN,NaN
10,NaN,NaN,NaN,NaN,NaN,NaN,NaN,NaN
11,NaN,NaN,NaN,NaN,NaN,NaN,NaN,NaN
1,NaN,NaN,NaN,NaN,NaN,NaN,NaN,NaN
2,NaN,NaN,NaN,NaN,NaN,NaN,NaN,NaN
3,NaN,NaN,NaN,NaN,NaN,NaN,NaN,NaN
4,NaN,NaN,NaN,NaN,NaN,NaN,NaN,NaN
5,NaN,NaN,NaN,NaN,NaN,NaN,NaN,NaN
6,NaN,NaN,NaN,NaN,NaN,NaN,NaN,NaN
7,NaN,NaN,NaN,NaN,NaN,NaN,NaN,NaN
8,NaN,NaN,NaN,NaN,NaN,NaN,NaN,NaN
9,NaN,NaN,NaN,NaN,NaN,NaN,NaN,NaN
10,NaN,NaN,NaN,NaN,NaN,NaN,NaN,NaN
11,NaN,NaN,NaN,NaN,NaN,NaN,NaN,NaN
1,NaN,NaN,NaN,NaN,NaN,NaN,NaN,NaN
2,NaN,NaN,NaN,NaN,NaN,NaN,NaN,NaN
3,NaN,NaN,NaN,NaN,NaN,NaN,NaN,NaN
4,NaN,NaN,NaN,NaN,NaN,NaN,NaN,NaN
5,NaN,NaN,NaN,NaN,NaN,NaN,NaN,NaN
6,NaN,NaN,NaN,NaN,NaN,NaN,NaN,NaN
7,NaN,NaN,NaN,NaN,NaN,NaN,NaN,NaN
8,NaN,NaN,NaN,NaN,NaN,NaN,NaN,NaN
9,NaN,NaN,NaN,NaN,NaN,NaN,NaN,NaN
10,NaN,NaN,NaN,NaN,NaN,NaN,NaN,NaN
11,NaN,NaN,NaN,NaN,NaN,NaN,NaN,NaN
1,NaN,NaN,NaN,NaN,NaN,NaN,NaN,NaN
2,NaN,NaN,NaN,NaN,NaN,NaN,NaN,NaN
3,NaN,NaN,NaN,NaN,NaN,NaN,NaN,NaN
4,NaN,NaN,NaN,NaN,NaN,NaN,NaN,NaN
5,NaN,NaN,NaN,NaN,NaN,NaN,NaN,NaN
6,NaN,NaN,NaN,NaN,NaN,NaN,NaN,NaN
7,NaN,NaN,NaN,NaN,NaN,NaN,NaN,NaN
8,NaN,NaN,NaN,NaN,NaN,NaN,NaN,NaN
9,NaN,NaN,NaN,NaN,NaN,NaN,NaN,NaN
10,NaN,NaN,NaN,NaN,NaN,NaN,NaN,NaN
11,NaN,NaN,NaN,NaN,NaN,NaN,NaN,NaN
1,NaN,NaN,NaN,NaN,NaN,NaN,NaN,NaN
2,NaN,NaN,NaN,NaN,NaN,NaN,NaN,NaN
3,NaN,NaN,NaN,NaN,NaN,NaN,NaN,NaN
4,NaN,NaN,NaN,NaN,NaN,NaN,NaN,NaN
5,NaN,NaN,NaN,NaN,NaN,NaN,NaN,NaN
6,NaN,NaN,NaN,NaN,NaN,NaN,NaN,NaN
7,NaN,NaN,NaN,NaN,NaN,NaN,NaN,NaN
8,NaN,NaN,NaN,NaN,NaN,NaN,NaN,NaN
9,NaN,NaN,NaN,NaN,NaN,NaN,NaN,NaN
10,NaN,NaN,NaN,NaN,NaN,NaN,NaN,NaN
11,NaN,NaN,NaN,NaN,NaN,NaN,NaN,NaN
1,NaN,NaN,NaN,NaN,NaN,NaN,NaN,NaN
2,NaN,NaN,NaN,NaN,NaN,NaN,NaN,NaN
3,NaN,NaN,NaN,NaN,NaN,NaN,NaN,NaN
4,NaN,NaN,NaN,NaN,NaN,NaN,NaN,NaN
5,NaN,NaN,NaN,NaN,NaN,NaN,NaN,NaN
6,NaN,NaN,NaN,NaN,NaN,NaN,NaN,NaN
7,NaN,NaN,NaN,NaN,NaN,NaN,NaN,NaN
8,NaN,NaN,NaN,NaN,NaN,NaN,NaN,NaN
9,NaN,NaN,NaN,NaN,NaN,NaN,NaN,NaN
10,NaN,NaN,NaN,NaN,NaN,NaN,NaN,NaN
11,NaN,NaN,NaN,NaN,NaN,NaN,NaN,NaN
1,NaN,NaN,NaN,NaN,NaN,NaN,NaN,NaN
2,NaN,NaN,NaN,NaN,NaN,NaN,NaN,NaN
3,NaN,NaN,NaN,NaN,NaN,NaN,NaN,NaN
4,NaN,NaN,NaN,NaN,NaN,NaN,NaN,NaN
5,NaN,NaN,NaN,NaN,NaN,NaN,NaN,NaN
6,NaN,NaN,NaN,NaN,NaN,NaN,NaN,NaN
7,NaN,NaN,NaN,NaN,NaN,NaN,NaN,NaN
8,NaN,NaN,NaN,NaN,NaN,NaN,NaN,NaN
9,NaN,NaN,NaN,NaN,NaN,NaN,NaN,NaN
10,NaN,NaN,NaN,NaN,NaN,NaN,NaN,NaN
11,NaN,NaN,NaN,NaN,NaN,NaN,NaN,NaN
1,NaN,NaN,NaN,NaN,NaN,NaN,NaN,NaN
2,NaN,NaN,NaN,NaN,NaN,NaN,NaN,NaN
3,NaN,NaN,NaN,NaN,NaN,NaN,NaN,NaN
4,NaN,NaN,NaN,NaN,NaN,NaN,NaN,NaN
5,NaN,NaN,NaN,NaN,NaN,NaN,NaN,NaN
6,NaN,NaN,NaN,NaN,NaN,NaN,NaN,NaN
7,NaN,NaN,NaN,NaN,NaN,NaN,NaN,NaN
8,NaN,NaN,NaN,NaN,NaN,NaN,NaN,NaN
9,NaN,NaN,NaN,NaN,NaN,NaN,NaN,NaN
10,NaN,NaN,NaN,NaN,NaN,NaN,NaN,NaN
11,NaN,NaN,NaN,NaN,NaN,NaN,NaN,NaN
1,NaN,NaN,NaN,NaN,NaN,NaN,NaN,NaN
2,NaN,NaN,NaN,NaN,NaN,NaN,NaN,NaN
3,NaN,NaN,NaN,NaN,NaN,NaN,NaN,NaN
4,NaN,NaN,NaN,NaN,NaN,NaN,NaN,NaN
5,NaN,NaN,NaN,NaN,NaN,NaN,NaN,NaN
6,NaN,NaN,NaN,NaN,NaN,NaN,NaN,NaN
7,NaN,NaN,NaN,NaN,NaN,NaN,NaN,NaN
8,NaN,NaN,NaN,NaN,NaN,NaN,NaN,NaN
9,NaN,NaN,NaN,NaN,NaN,NaN,NaN,NaN
10,NaN,NaN,NaN,NaN,NaN,NaN,NaN,NaN
11,NaN,NaN,NaN,NaN,NaN,NaN,NaN,NaN
1,NaN,NaN,NaN,NaN,NaN,NaN,NaN,NaN
2,NaN,NaN,NaN,NaN,NaN,NaN,NaN,NaN
3,NaN,NaN,NaN,NaN,NaN,NaN,NaN,NaN
4,NaN,NaN,NaN,NaN,NaN,NaN,NaN,NaN
5,NaN,NaN,NaN,NaN,NaN,NaN,NaN,NaN
6,NaN,NaN,NaN,NaN,NaN,NaN,NaN,NaN
7,NaN,NaN,NaN,NaN,NaN,NaN,NaN,NaN
8,NaN,NaN,NaN,NaN,NaN,NaN,NaN,NaN
9,NaN,NaN,NaN,NaN,NaN,NaN,NaN,NaN
10,NaN,NaN,NaN,NaN,NaN,NaN,NaN,NaN
11,NaN,NaN,NaN,NaN,NaN,NaN,NaN,NaN
1,NaN,NaN,NaN,NaN,NaN,NaN,NaN,NaN
2,NaN,NaN,NaN,NaN,NaN,NaN,NaN,NaN
3,NaN,NaN,NaN,NaN,NaN,NaN,NaN,NaN
4,NaN,NaN,NaN,NaN,NaN,NaN,NaN,NaN
5,NaN,NaN,NaN,NaN,NaN,NaN,NaN,NaN
6,NaN,NaN,NaN,NaN,NaN,NaN,NaN,NaN
7,NaN,NaN,NaN,NaN,NaN,NaN,NaN,NaN
8,NaN,NaN,NaN,NaN,NaN,NaN,NaN,NaN
9,NaN,NaN,NaN,NaN,NaN,NaN,NaN,NaN
10,NaN,NaN,NaN,NaN,NaN,NaN,NaN,NaN
11,NaN,NaN,NaN,NaN,NaN,NaN,NaN,NaN
1,NaN,NaN,NaN,NaN,NaN,NaN,NaN,NaN
2,NaN,NaN,NaN,NaN,NaN,NaN,NaN,NaN
3,NaN,NaN,NaN,NaN,NaN,NaN,NaN,NaN
4,NaN,NaN,NaN,NaN,NaN,NaN,NaN,NaN
5,NaN,NaN,NaN,NaN,NaN,NaN,NaN,NaN
6,NaN,NaN,NaN,NaN,NaN,NaN,NaN,NaN
7,NaN,NaN,NaN,NaN,NaN,NaN,NaN,NaN
8,NaN,NaN,NaN,NaN,NaN,NaN,NaN,NaN
9,NaN,NaN,NaN,NaN,NaN,NaN,NaN,NaN
10,NaN,NaN,NaN,NaN,NaN,NaN,NaN,NaN
11,NaN,NaN,NaN,NaN,NaN,NaN,NaN,NaN
1,NaN,NaN,NaN,NaN,NaN,NaN,NaN,NaN
2,NaN,NaN,NaN,NaN,NaN,NaN,NaN,NaN
3,NaN,NaN,NaN,NaN,NaN,NaN,NaN,NaN
4,NaN,NaN,NaN,NaN,NaN,NaN,NaN,NaN
5,NaN,NaN,NaN,NaN,NaN,NaN,NaN,NaN
6,NaN,NaN,NaN,NaN,NaN,NaN,NaN,NaN
7,NaN,NaN,NaN,NaN,NaN,NaN,NaN,NaN
8,NaN,NaN,NaN,NaN,NaN,NaN,NaN,NaN
9,NaN,NaN,NaN,NaN,NaN,NaN,NaN,NaN
10,NaN,NaN,NaN,NaN,NaN,NaN,NaN,NaN
11,NaN,NaN,NaN,NaN,NaN,NaN,NaN,NaN
1,NaN,NaN,NaN,NaN,NaN,NaN,NaN,NaN
2,NaN,NaN,NaN,NaN,NaN,NaN,NaN,NaN
3,NaN,NaN,NaN,NaN,NaN,NaN,NaN,NaN
4,NaN,NaN,NaN,NaN,NaN,NaN,NaN,NaN
5,NaN,NaN,NaN,NaN,NaN,NaN,NaN,NaN
6,NaN,NaN,NaN,NaN,NaN,NaN,NaN,NaN
7,NaN,NaN,NaN,NaN,NaN,NaN,NaN,NaN
8,NaN,NaN,NaN,NaN,NaN,NaN,NaN,NaN
9,NaN,NaN,NaN,NaN,NaN,NaN,NaN,NaN
10,NaN,NaN,NaN,NaN,NaN,NaN,NaN,NaN
11,NaN,NaN,NaN,NaN,NaN,NaN,NaN,NaN
1,NaN,NaN,NaN,NaN,NaN,NaN,NaN,NaN
2,NaN,NaN,NaN,NaN,NaN,NaN,NaN,NaN
3,NaN,NaN,NaN,NaN,NaN,NaN,NaN,NaN
4,NaN,NaN,NaN,NaN,NaN,NaN,NaN,NaN
5,NaN,NaN,NaN,NaN,NaN,NaN,NaN,NaN
6,NaN,NaN,NaN,NaN,NaN,NaN,NaN,NaN
7,NaN,NaN,NaN,NaN,NaN,NaN,NaN,NaN
8,NaN,NaN,NaN,NaN,NaN,NaN,NaN,NaN
9,NaN,NaN,NaN,NaN,NaN,NaN,NaN,NaN
10,NaN,NaN,NaN,NaN,NaN,NaN,NaN,NaN
11,NaN,NaN,NaN,NaN,NaN,NaN,NaN,NaN
1,NaN,NaN,NaN,NaN,NaN,NaN,NaN,NaN
2,NaN,NaN,NaN,NaN,NaN,NaN,NaN,NaN
3,NaN,NaN,NaN,NaN,NaN,NaN,NaN,NaN
4,NaN,NaN,NaN,NaN,NaN,NaN,NaN,NaN
5,NaN,NaN,NaN,NaN,NaN,NaN,NaN,NaN
6,NaN,NaN,NaN,NaN,NaN,NaN,NaN,NaN
7,NaN,NaN,NaN,NaN,NaN,NaN,NaN,NaN
8,NaN,NaN,NaN,NaN,NaN,NaN,NaN,NaN
9,NaN,NaN,NaN,NaN,NaN,NaN,NaN,NaN
10,NaN,NaN,NaN,NaN,NaN,NaN,NaN,NaN
11,NaN,NaN,NaN,NaN,NaN,NaN,NaN,NaN
1,NaN,NaN,NaN,NaN,NaN,NaN,NaN,NaN
2,NaN,NaN,NaN,NaN,NaN,NaN,NaN,NaN
3,NaN,NaN,NaN,NaN,NaN,NaN,NaN,NaN
4,NaN,NaN,NaN,NaN,NaN,NaN,NaN,NaN
5,NaN,NaN,NaN,NaN,NaN,NaN,NaN,NaN
6,NaN,NaN,NaN,NaN,NaN,NaN,NaN,NaN
7,NaN,NaN,NaN,NaN,NaN,NaN,NaN,NaN
8,NaN,NaN,NaN,NaN,NaN,NaN,NaN,NaN
9,NaN,NaN,NaN,NaN,NaN,NaN,NaN,NaN
10,NaN,NaN,NaN,NaN,NaN,NaN,NaN,NaN
11,NaN,NaN,NaN,NaN,NaN,NaN,NaN,NaN
1,NaN,NaN,NaN,NaN,NaN,NaN,NaN,NaN
2,NaN,NaN,NaN,NaN,NaN,NaN,NaN,NaN
3,NaN,NaN,NaN,NaN,NaN,NaN,NaN,NaN
4,NaN,NaN,NaN,NaN,NaN,NaN,NaN,NaN
5,NaN,NaN,NaN,NaN,NaN,NaN,NaN,NaN
6,NaN,NaN,NaN,NaN,NaN,NaN,NaN,NaN
7,NaN,NaN,NaN,NaN,NaN,NaN,NaN,NaN
8,NaN,NaN,NaN,NaN,NaN,NaN,NaN,NaN
9,NaN,NaN,NaN,NaN,NaN,NaN,NaN,NaN
10,NaN,NaN,NaN,NaN,NaN,NaN,NaN,NaN
11,NaN,NaN,NaN,NaN,NaN,NaN,NaN,NaN
1,NaN,NaN,NaN,NaN,NaN,NaN,NaN,NaN
2,NaN,NaN,NaN,NaN,NaN,NaN,NaN,NaN
3,NaN,NaN,NaN,NaN,NaN,NaN,NaN,NaN
4,NaN,NaN,NaN,NaN,NaN,NaN,NaN,NaN
5,NaN,NaN,NaN,NaN,NaN,NaN,NaN,NaN
6,NaN,NaN,NaN,NaN,NaN,NaN,NaN,NaN
7,NaN,NaN,NaN,NaN,NaN,NaN,NaN,NaN
8,NaN,NaN,NaN,NaN,NaN,NaN,NaN,NaN
9,NaN,NaN,NaN,NaN,NaN,NaN,NaN,NaN
10,NaN,NaN,NaN,NaN,NaN,NaN,NaN,NaN
11,NaN,NaN,NaN,NaN,NaN,NaN,NaN,NaN
1,NaN,NaN,NaN,NaN,NaN,NaN,NaN,NaN
2,NaN,NaN,NaN,NaN,NaN,NaN,NaN,NaN
3,NaN,NaN,NaN,NaN,NaN,NaN,NaN,NaN
4,NaN,NaN,NaN,NaN,NaN,NaN,NaN,NaN
5,NaN,NaN,NaN,NaN,NaN,NaN,NaN,NaN
6,NaN,NaN,NaN,NaN,NaN,NaN,NaN,NaN
7,NaN,NaN,NaN,NaN,NaN,NaN,NaN,NaN
8,NaN,NaN,NaN,NaN,NaN,NaN,NaN,NaN
9,NaN,NaN,NaN,NaN,NaN,NaN,NaN,NaN
10,NaN,NaN,NaN,NaN,NaN,NaN,NaN,NaN
11,NaN,NaN,NaN,NaN,NaN,NaN,NaN,NaN
1,NaN,NaN,NaN,NaN,NaN,NaN,NaN,NaN
2,NaN,NaN,NaN,NaN,NaN,NaN,NaN,NaN
3,NaN,NaN,NaN,NaN,NaN,NaN,NaN,NaN
4,NaN,NaN,NaN,NaN,NaN,NaN,NaN,NaN
5,NaN,NaN,NaN,NaN,NaN,NaN,NaN,NaN
6,NaN,NaN,NaN,NaN,NaN,NaN,NaN,NaN
7,NaN,NaN,NaN,NaN,NaN,NaN,NaN,NaN
8,NaN,NaN,NaN,NaN,NaN,NaN,NaN,NaN
9,NaN,NaN,NaN,NaN,NaN,NaN,NaN,NaN
10,NaN,NaN,NaN,NaN,NaN,NaN,NaN,NaN
11,NaN,NaN,NaN,NaN,NaN,NaN,NaN,NaN
1,NaN,NaN,NaN,NaN,NaN,NaN,NaN,NaN
2,NaN,NaN,NaN,NaN,NaN,NaN,NaN,NaN
3,NaN,NaN,NaN,NaN,NaN,NaN,NaN,NaN
4,NaN,NaN,NaN,NaN,NaN,NaN,NaN,NaN
5,NaN,NaN,NaN,NaN,NaN,NaN,NaN,NaN
6,NaN,NaN,NaN,NaN,NaN,NaN,NaN,NaN
7,NaN,NaN,NaN,NaN,NaN,NaN,NaN,NaN
8,NaN,NaN,NaN,NaN,NaN,NaN,NaN,NaN
9,NaN,NaN,NaN,NaN,NaN,NaN,NaN,NaN
10,NaN,NaN,NaN,NaN,NaN,NaN,NaN,NaN
11,NaN,NaN,NaN,NaN,NaN,NaN,NaN,NaN
1,NaN,NaN,NaN,NaN,NaN,NaN,NaN,NaN
2,NaN,NaN,NaN,NaN,NaN,NaN,NaN,NaN
3,NaN,NaN,NaN,NaN,NaN,NaN,NaN,NaN
4,NaN,NaN,NaN,NaN,NaN,NaN,NaN,NaN
5,NaN,NaN,NaN,NaN,NaN,NaN,NaN,NaN
6,NaN,NaN,NaN,NaN,NaN,NaN,NaN,NaN
7,NaN,NaN,NaN,NaN,NaN,NaN,NaN,NaN
8,NaN,NaN,NaN,NaN,NaN,NaN,NaN,NaN
9,NaN,NaN,NaN,NaN,NaN,NaN,NaN,NaN
10,NaN,NaN,NaN,NaN,NaN,NaN,NaN,NaN
11,NaN,NaN,NaN,NaN,NaN,NaN,NaN,NaN
1,NaN,NaN,NaN,NaN,NaN,NaN,NaN,NaN
2,NaN,NaN,NaN,NaN,NaN,NaN,NaN,NaN
3,NaN,NaN,NaN,NaN,NaN,NaN,NaN,NaN
4,NaN,NaN,NaN,NaN,NaN,NaN,NaN,NaN
5,NaN,NaN,NaN,NaN,NaN,NaN,NaN,NaN
6,NaN,NaN,NaN,NaN,NaN,NaN,NaN,NaN
7,NaN,NaN,NaN,NaN,NaN,NaN,NaN,NaN
8,NaN,NaN,NaN,NaN,NaN,NaN,NaN,NaN
9,NaN,NaN,NaN,NaN,NaN,NaN,NaN,NaN
10,NaN,NaN,NaN,NaN,NaN,NaN,NaN,NaN
11,NaN,NaN,NaN,NaN,NaN,NaN,NaN,NaN
1,NaN,NaN,NaN,NaN,NaN,NaN,NaN,NaN
2,NaN,NaN,NaN,NaN,NaN,NaN,NaN,NaN
3,NaN,NaN,NaN,NaN,NaN,NaN,NaN,NaN
4,NaN,NaN,NaN,NaN,NaN,NaN,NaN,NaN
5,NaN,NaN,NaN,NaN,NaN,NaN,NaN,NaN
6,NaN,NaN,NaN,NaN,NaN,NaN,NaN,NaN
7,NaN,NaN,NaN,NaN,NaN,NaN,NaN,NaN
8,NaN,NaN,NaN,NaN,NaN,NaN,NaN,NaN
9,NaN,NaN,NaN,NaN,NaN,NaN,NaN,NaN
10,NaN,NaN,NaN,NaN,NaN,NaN,NaN,NaN
11,NaN,NaN,NaN,NaN,NaN,NaN,NaN,NaN
1,NaN,NaN,NaN,NaN,NaN,NaN,NaN,NaN
2,NaN,NaN,NaN,NaN,NaN,NaN,NaN,NaN
3,NaN,NaN,NaN,NaN,NaN,NaN,NaN,NaN
4,NaN,NaN,NaN,NaN,NaN,NaN,NaN,NaN
5,NaN,NaN,NaN,NaN,NaN,NaN,NaN,NaN
6,NaN,NaN,NaN,NaN,NaN,NaN,NaN,NaN
7,NaN,NaN,NaN,NaN,NaN,NaN,NaN,NaN
8,NaN,NaN,NaN,NaN,NaN,NaN,NaN,NaN
9,NaN,NaN,NaN,NaN,NaN,NaN,NaN,NaN
10,NaN,NaN,NaN,NaN,NaN,NaN,NaN,NaN
11,NaN,NaN,NaN,NaN,NaN,NaN,NaN,NaN
1,NaN,NaN,NaN,NaN,NaN,NaN,NaN,NaN
2,NaN,NaN,NaN,NaN,NaN,NaN,NaN,NaN
3,NaN,NaN,NaN,NaN,NaN,NaN,NaN,NaN
4,NaN,NaN,NaN,NaN,NaN,NaN,NaN,NaN
5,NaN,NaN,NaN,NaN,NaN,NaN,NaN,NaN
6,NaN,NaN,NaN,NaN,NaN,NaN,NaN,NaN
7,NaN,NaN,NaN,NaN,NaN,NaN,NaN,NaN
8,NaN,NaN,NaN,NaN,NaN,NaN,NaN,NaN
9,NaN,NaN,NaN,NaN,NaN,NaN,NaN,NaN
10,NaN,NaN,NaN,NaN,NaN,NaN,NaN,NaN
11,NaN,NaN,NaN,NaN,NaN,NaN,NaN,NaN
1,NaN,NaN,NaN,NaN,NaN,NaN,NaN,NaN
2,NaN,NaN,NaN,NaN,NaN,NaN,NaN,NaN
3,NaN,NaN,NaN,NaN,NaN,NaN,NaN,NaN
4,NaN,NaN,NaN,NaN,NaN,NaN,NaN,NaN
5,NaN,NaN,NaN,NaN,NaN,NaN,NaN,NaN
6,NaN,NaN,NaN,NaN,NaN,NaN,NaN,NaN
7,NaN,NaN,NaN,NaN,NaN,NaN,NaN,NaN
8,NaN,NaN,NaN,NaN,NaN,NaN,NaN,NaN
9,NaN,NaN,NaN,NaN,NaN,NaN,NaN,NaN
10,NaN,NaN,NaN,NaN,NaN,NaN,NaN,NaN
11,NaN,NaN,NaN,NaN,NaN,NaN,NaN,NaN
1,NaN,NaN,NaN,NaN,NaN,NaN,NaN,NaN
2,NaN,NaN,NaN,NaN,NaN,NaN,NaN,NaN
3,NaN,NaN,NaN,NaN,NaN,NaN,NaN,NaN
4,NaN,NaN,NaN,NaN,NaN,NaN,NaN,NaN
5,NaN,NaN,NaN,NaN,NaN,NaN,NaN,NaN
6,NaN,NaN,NaN,NaN,NaN,NaN,NaN,NaN
7,NaN,NaN,NaN,NaN,NaN,NaN,NaN,NaN
8,NaN,NaN,NaN,NaN,NaN,NaN,NaN,NaN
9,NaN,NaN,NaN,NaN,NaN,NaN,NaN,NaN
10,NaN,NaN,NaN,NaN,NaN,NaN,NaN,NaN
11,NaN,NaN,NaN,NaN,NaN,NaN,NaN,NaN
1,NaN,NaN,NaN,NaN,NaN,NaN,NaN,NaN
2,NaN,NaN,NaN,NaN,NaN,NaN,NaN,NaN
3,NaN,NaN,NaN,NaN,NaN,NaN,NaN,NaN
4,NaN,NaN,NaN,NaN,NaN,NaN,NaN,NaN
5,NaN,NaN,NaN,NaN,NaN,NaN,NaN,NaN
6,NaN,NaN,NaN,NaN,NaN,NaN,NaN,NaN
7,NaN,NaN,NaN,NaN,NaN,NaN,NaN,NaN
8,NaN,NaN,NaN,NaN,NaN,NaN,NaN,NaN
9,NaN,NaN,NaN,NaN,NaN,NaN,NaN,NaN
10,NaN,NaN,NaN,NaN,NaN,NaN,NaN,NaN
11,NaN,NaN,NaN,NaN,NaN,NaN,NaN,NaN
1,NaN,NaN,NaN,NaN,NaN,NaN,NaN,NaN
2,NaN,NaN,NaN,NaN,NaN,NaN,NaN,NaN
3,NaN,NaN,NaN,NaN,NaN,NaN,NaN,NaN
4,NaN,NaN,NaN,NaN,NaN,NaN,NaN,NaN
5,NaN,NaN,NaN,NaN,NaN,NaN,NaN,NaN
6,NaN,NaN,NaN,NaN,NaN,NaN,NaN,NaN
7,NaN,NaN,NaN,NaN,NaN,NaN,NaN,NaN
8,NaN,NaN,NaN,NaN,NaN,NaN,NaN,NaN
9,NaN,NaN,NaN,NaN,NaN,NaN,NaN,NaN
10,NaN,NaN,NaN,NaN,NaN,NaN,NaN,NaN
11,NaN,NaN,NaN,NaN,NaN,NaN,NaN,NaN
1,NaN,NaN,NaN,NaN,NaN,NaN,NaN,NaN
2,NaN,NaN,NaN,NaN,NaN,NaN,NaN,NaN
3,NaN,NaN,NaN,NaN,NaN,NaN,NaN,NaN
4,NaN,NaN,NaN,NaN,NaN,NaN,NaN,NaN
5,NaN,NaN,NaN,NaN,NaN,NaN,NaN,NaN
6,NaN,NaN,NaN,NaN,NaN,NaN,NaN,NaN
7,NaN,NaN,NaN,NaN,NaN,NaN,NaN,NaN
8,NaN,NaN,NaN,NaN,NaN,NaN,NaN,NaN
9,NaN,NaN,NaN,NaN,NaN,NaN,NaN,NaN
10,NaN,NaN,NaN,NaN,NaN,NaN,NaN,NaN
11,NaN,NaN,NaN,NaN,NaN,NaN,NaN,NaN
1,NaN,NaN,NaN,NaN,NaN,NaN,NaN,NaN
2,NaN,NaN,NaN,NaN,NaN,NaN,NaN,NaN
3,NaN,NaN,NaN,NaN,NaN,NaN,NaN,NaN
4,NaN,NaN,NaN,NaN,NaN,NaN,NaN,NaN
5,NaN,NaN,NaN,NaN,NaN,NaN,NaN,NaN
6,NaN,NaN,NaN,NaN,NaN,NaN,NaN,NaN
7,NaN,NaN,NaN,NaN,NaN,NaN,NaN,NaN
8,NaN,NaN,NaN,NaN,NaN,NaN,NaN,NaN
9,NaN,NaN,NaN,NaN,NaN,NaN,NaN,NaN
10,NaN,NaN,NaN,NaN,NaN,NaN,NaN,NaN
11,NaN,NaN,NaN,NaN,NaN,NaN,NaN,NaN
1,NaN,NaN,NaN,NaN,NaN,NaN,NaN,NaN
2,NaN,NaN,NaN,NaN,NaN,NaN,NaN,NaN
3,NaN,NaN,NaN,NaN,NaN,NaN,NaN,NaN
4,NaN,NaN,NaN,NaN,NaN,NaN,NaN,NaN
5,NaN,NaN,NaN,NaN,NaN,NaN,NaN,NaN
6,NaN,NaN,NaN,NaN,NaN,NaN,NaN,NaN
7,NaN,NaN,NaN,NaN,NaN,NaN,NaN,NaN
8,NaN,NaN,NaN,NaN,NaN,NaN,NaN,NaN
9,NaN,NaN,NaN,NaN,NaN,NaN,NaN,NaN
10,NaN,NaN,NaN,NaN,NaN,NaN,NaN,NaN
11,NaN,NaN,NaN,NaN,NaN,NaN,NaN,NaN
1,NaN,NaN,NaN,NaN,NaN,NaN,NaN,NaN
2,NaN,NaN,NaN,NaN,NaN,NaN,NaN,NaN
3,NaN,NaN,NaN,NaN,NaN,NaN,NaN,NaN
4,NaN,NaN,NaN,NaN,NaN,NaN,NaN,NaN
5,NaN,NaN,NaN,NaN,NaN,NaN,NaN,NaN
6,NaN,NaN,NaN,NaN,NaN,NaN,NaN,NaN
7,NaN,NaN,NaN,NaN,NaN,NaN,NaN,NaN
8,NaN,NaN,NaN,NaN,NaN,NaN,NaN,NaN
9,NaN,NaN,NaN,NaN,NaN,NaN,NaN,NaN
10,NaN,NaN,NaN,NaN,NaN,NaN,NaN,NaN
11,NaN,NaN,NaN,NaN,NaN,NaN,NaN,NaN
1,NaN,NaN,NaN,NaN,NaN,NaN,NaN,NaN
2,NaN,NaN,NaN,NaN,NaN,NaN,NaN,NaN
3,NaN,NaN,NaN,NaN,NaN,NaN,NaN,NaN
4,NaN,NaN,NaN,NaN,NaN,NaN,NaN,NaN
5,NaN,NaN,NaN,NaN,NaN,NaN,NaN,NaN
6,NaN,NaN,NaN,NaN,NaN,NaN,NaN,NaN
7,NaN,NaN,NaN,NaN,NaN,NaN,NaN,NaN
8,NaN,NaN,NaN,NaN,NaN,NaN,NaN,NaN
9,NaN,NaN,NaN,NaN,NaN,NaN,NaN,NaN
10,NaN,NaN,NaN,NaN,NaN,NaN,NaN,NaN
11,NaN,NaN,NaN,NaN,NaN,NaN,NaN,NaN
1,NaN,NaN,NaN,NaN,NaN,NaN,NaN,NaN
2,NaN,NaN,NaN,NaN,NaN,NaN,NaN,NaN
3,NaN,NaN,NaN,NaN,NaN,NaN,NaN,NaN
4,NaN,NaN,NaN,NaN,NaN,NaN,NaN,NaN
5,NaN,NaN,NaN,NaN,NaN,NaN,NaN,NaN
6,NaN,NaN,NaN,NaN,NaN,NaN,NaN,NaN
7,NaN,NaN,NaN,NaN,NaN,NaN,NaN,NaN
8,NaN,NaN,NaN,NaN,NaN,NaN,NaN,NaN
9,NaN,NaN,NaN,NaN,NaN,NaN,NaN,NaN
10,NaN,NaN,NaN,NaN,NaN,NaN,NaN,NaN
11,NaN,NaN,NaN,NaN,NaN,NaN,NaN,NaN
1,NaN,NaN,NaN,NaN,NaN,NaN,NaN,NaN
2,NaN,NaN,NaN,NaN,NaN,NaN,NaN,NaN
3,NaN,NaN,NaN,NaN,NaN,NaN,NaN,NaN
4,NaN,NaN,NaN,NaN,NaN,NaN,NaN,NaN
5,NaN,NaN,NaN,NaN,NaN,NaN,NaN,NaN
6,NaN,NaN,NaN,NaN,NaN,NaN,NaN,NaN
7,NaN,NaN,NaN,NaN,NaN,NaN,NaN,NaN
8,NaN,NaN,NaN,NaN,NaN,NaN,NaN,NaN
9,NaN,NaN,NaN,NaN,NaN,NaN,NaN,NaN
10,NaN,NaN,NaN,NaN,NaN,NaN,NaN,NaN
11,NaN,NaN,NaN,NaN,NaN,NaN,NaN,NaN
1,NaN,NaN,NaN,NaN,NaN,NaN,NaN,NaN
2,NaN,NaN,NaN,NaN,NaN,NaN,NaN,NaN
3,NaN,NaN,NaN,NaN,NaN,NaN,NaN,NaN
4,NaN,NaN,NaN,NaN,NaN,NaN,NaN,NaN
5,NaN,NaN,NaN,NaN,NaN,NaN,NaN,NaN
6,NaN,NaN,NaN,NaN,NaN,NaN,NaN,NaN
7,NaN,NaN,NaN,NaN,NaN,NaN,NaN,NaN
8,NaN,NaN,NaN,NaN,NaN,NaN,NaN,NaN
9,NaN,NaN,NaN,NaN,NaN,NaN,NaN,NaN
10,NaN,NaN,NaN,NaN,NaN,NaN,NaN,NaN
11,NaN,NaN,NaN,NaN,NaN,NaN,NaN,NaN
1,NaN,NaN,NaN,NaN,NaN,NaN,NaN,NaN
2,NaN,NaN,NaN,NaN,NaN,NaN,NaN,NaN
3,NaN,NaN,NaN,NaN,NaN,NaN,NaN,NaN
4,NaN,NaN,NaN,NaN,NaN,NaN,NaN,NaN
5,NaN,NaN,NaN,NaN,NaN,NaN,NaN,NaN
6,NaN,NaN,NaN,NaN,NaN,NaN,NaN,NaN
7,NaN,NaN,NaN,NaN,NaN,NaN,NaN,NaN
8,NaN,NaN,NaN,NaN,NaN,NaN,NaN,NaN
9,NaN,NaN,NaN,NaN,NaN,NaN,NaN,NaN
10,NaN,NaN,NaN,NaN,NaN,NaN,NaN,NaN
11,NaN,NaN,NaN,NaN,NaN,NaN,NaN,NaN
1,NaN,NaN,NaN,NaN,NaN,NaN,NaN,NaN
2,NaN,NaN,NaN,NaN,NaN,NaN,NaN,NaN
3,NaN,NaN,NaN,NaN,NaN,NaN,NaN,NaN
4,NaN,NaN,NaN,NaN,NaN,NaN,NaN,NaN
5,NaN,NaN,NaN,NaN,NaN,NaN,NaN,NaN
6,NaN,NaN,NaN,NaN,NaN,NaN,NaN,NaN
7,NaN,NaN,NaN,NaN,NaN,NaN,NaN,NaN
8,NaN,NaN,NaN,NaN,NaN,NaN,NaN,NaN
9,NaN,NaN,NaN,NaN,NaN,NaN,NaN,NaN
10,NaN,NaN,NaN,NaN,NaN,NaN,NaN,NaN
11,NaN,NaN,NaN,NaN,NaN,NaN,NaN,NaN
1,NaN,NaN,NaN,NaN,NaN,NaN,NaN,NaN
2,NaN,NaN,NaN,NaN,NaN,NaN,NaN,NaN
3,NaN,NaN,NaN,NaN,NaN,NaN,NaN,NaN
4,NaN,NaN,NaN,NaN,NaN,NaN,NaN,NaN
5,NaN,NaN,NaN,NaN,NaN,NaN,NaN,NaN
6,NaN,NaN,NaN,NaN,NaN,NaN,NaN,NaN
7,NaN,NaN,NaN,NaN,NaN,NaN,NaN,NaN
8,NaN,NaN,NaN,NaN,NaN,NaN,NaN,NaN
9,NaN,NaN,NaN,NaN,NaN,NaN,NaN,NaN
10,NaN,NaN,NaN,NaN,NaN,NaN,NaN,NaN
11,NaN,NaN,NaN,NaN,NaN,NaN,NaN,NaN
1,NaN,NaN,NaN,NaN,NaN,NaN,NaN,NaN
2,NaN,NaN,NaN,NaN,NaN,NaN,NaN,NaN
3,NaN,NaN,NaN,NaN,NaN,NaN,NaN,NaN
4,NaN,NaN,NaN,NaN,NaN,NaN,NaN,NaN
5,NaN,NaN,NaN,NaN,NaN,NaN,NaN,NaN
6,NaN,NaN,NaN,NaN,NaN,NaN,NaN,NaN
7,NaN,NaN,NaN,NaN,NaN,NaN,NaN,NaN
8,NaN,NaN,NaN,NaN,NaN,NaN,NaN,NaN
9,NaN,NaN,NaN,NaN,NaN,NaN,NaN,NaN
10,NaN,NaN,NaN,NaN,NaN,NaN,NaN,NaN
11,NaN,NaN,NaN,NaN,NaN,NaN,NaN,NaN
1,NaN,NaN,NaN,NaN,NaN,NaN,NaN,NaN
2,NaN,NaN,NaN,NaN,NaN,NaN,NaN,NaN
3,NaN,NaN,NaN,NaN,NaN,NaN,NaN,NaN
4,NaN,NaN,NaN,NaN,NaN,NaN,NaN,NaN
5,NaN,NaN,NaN,NaN,NaN,NaN,NaN,NaN
6,NaN,NaN,NaN,NaN,NaN,NaN,NaN,NaN
7,NaN,NaN,NaN,NaN,NaN,NaN,NaN,NaN
8,NaN,NaN,NaN,NaN,NaN,NaN,NaN,NaN
9,NaN,NaN,NaN,NaN,NaN,NaN,NaN,NaN
10,NaN,NaN,NaN,NaN,NaN,NaN,NaN,NaN
11,NaN,NaN,NaN,NaN,NaN,NaN,NaN,NaN
1,NaN,NaN,NaN,NaN,NaN,NaN,NaN,NaN
2,NaN,NaN,NaN,NaN,NaN,NaN,NaN,NaN
3,NaN,NaN,NaN,NaN,NaN,NaN,NaN,NaN
4,NaN,NaN,NaN,NaN,NaN,NaN,NaN,NaN
5,NaN,NaN,NaN,NaN,NaN,NaN,NaN,NaN
6,NaN,NaN,NaN,NaN,NaN,NaN,NaN,NaN
7,NaN,NaN,NaN,NaN,NaN,NaN,NaN,NaN
8,NaN,NaN,NaN,NaN,NaN,NaN,NaN,NaN
9,NaN,NaN,NaN,NaN,NaN,NaN,NaN,NaN
10,NaN,NaN,NaN,NaN,NaN,NaN,NaN,NaN
11,NaN,NaN,NaN,NaN,NaN,NaN,NaN,NaN
1,NaN,NaN,NaN,NaN,NaN,NaN,NaN,NaN
2,NaN,NaN,NaN,NaN,NaN,NaN,NaN,NaN
3,NaN,NaN,NaN,NaN,NaN,NaN,NaN,NaN
4,NaN,NaN,NaN,NaN,NaN,NaN,NaN,NaN
5,NaN,NaN,NaN,NaN,NaN,NaN,NaN,NaN
6,NaN,NaN,NaN,NaN,NaN,NaN,NaN,NaN
7,NaN,NaN,NaN,NaN,NaN,NaN,NaN,NaN
8,NaN,NaN,NaN,NaN,NaN,NaN,NaN,NaN
9,NaN,NaN,NaN,NaN,NaN,NaN,NaN,NaN
10,NaN,NaN,NaN,NaN,NaN,NaN,NaN,NaN
11,NaN,NaN,NaN,NaN,NaN,NaN,NaN,NaN
1,NaN,NaN,NaN,NaN,NaN,NaN,NaN,NaN
2,NaN,NaN,NaN,NaN,NaN,NaN,NaN,NaN
3,NaN,NaN,NaN,NaN,NaN,NaN,NaN,NaN
4,NaN,NaN,NaN,NaN,NaN,NaN,NaN,NaN
5,NaN,NaN,NaN,NaN,NaN,NaN,NaN,NaN
6,NaN,NaN,NaN,NaN,NaN,NaN,NaN,NaN
7,NaN,NaN,NaN,NaN,NaN,NaN,NaN,NaN
8,NaN,NaN,NaN,NaN,NaN,NaN,NaN,NaN
9,NaN,NaN,NaN,NaN,NaN,NaN,NaN,NaN
10,NaN,NaN,NaN,NaN,NaN,NaN,NaN,NaN
11,NaN,NaN,NaN,NaN,NaN,NaN,NaN,NaN
1,NaN,NaN,NaN,NaN,NaN,NaN,NaN,NaN
2,NaN,NaN,NaN,NaN,NaN,NaN,NaN,NaN
3,NaN,NaN,NaN,NaN,NaN,NaN,NaN,NaN
4,NaN,NaN,NaN,NaN,NaN,NaN,NaN,NaN
5,NaN,NaN,NaN,NaN,NaN,NaN,NaN,NaN
6,NaN,NaN,NaN,NaN,NaN,NaN,NaN,NaN
7,NaN,NaN,NaN,NaN,NaN,NaN,NaN,NaN
8,NaN,NaN,NaN,NaN,NaN,NaN,NaN,NaN
9,NaN,NaN,NaN,NaN,NaN,NaN,NaN,NaN
10,NaN,NaN,NaN,NaN,NaN,NaN,NaN,NaN
11,NaN,NaN,NaN,NaN,NaN,NaN,NaN,NaN
1,NaN,NaN,NaN,NaN,NaN,NaN,NaN,NaN
2,NaN,NaN,NaN,NaN,NaN,NaN,NaN,NaN
3,NaN,NaN,NaN,NaN,NaN,NaN,NaN,NaN
4,NaN,NaN,NaN,NaN,NaN,NaN,NaN,NaN
5,NaN,NaN,NaN,NaN,NaN,NaN,NaN,NaN
6,NaN,NaN,NaN,NaN,NaN,NaN,NaN,NaN
7,NaN,NaN,NaN,NaN,NaN,NaN,NaN,NaN
8,NaN,NaN,NaN,NaN,NaN,NaN,NaN,NaN
9,NaN,NaN,NaN,NaN,NaN,NaN,NaN,NaN
10,NaN,NaN,NaN,NaN,NaN,NaN,NaN,NaN
11,NaN,NaN,NaN,NaN,NaN,NaN,NaN,NaN
1,NaN,NaN,NaN,NaN,NaN,NaN,NaN,NaN
2,NaN,NaN,NaN,NaN,NaN,NaN,NaN,NaN
3,NaN,NaN,NaN,NaN,NaN,NaN,NaN,NaN
4,NaN,NaN,NaN,NaN,NaN,NaN,NaN,NaN
5,NaN,NaN,NaN,NaN,NaN,NaN,NaN,NaN
6,NaN,NaN,NaN,NaN,NaN,NaN,NaN,NaN
7,NaN,NaN,NaN,NaN,NaN,NaN,NaN,NaN
8,NaN,NaN,NaN,NaN,NaN,NaN,NaN,NaN
9,NaN,NaN,NaN,NaN,NaN,NaN,NaN,NaN
10,NaN,NaN,NaN,NaN,NaN,NaN,NaN,NaN
11,NaN,NaN,NaN,NaN,NaN,NaN,NaN,NaN
1,NaN,NaN,NaN,NaN,NaN,NaN,NaN,NaN
2,NaN,NaN,NaN,NaN,NaN,NaN,NaN,NaN
3,NaN,NaN,NaN,NaN,NaN,NaN,NaN,NaN
4,NaN,NaN,NaN,NaN,NaN,NaN,NaN,NaN
5,NaN,NaN,NaN,NaN,NaN,NaN,NaN,NaN
6,NaN,NaN,NaN,NaN,NaN,NaN,NaN,NaN
7,NaN,NaN,NaN,NaN,NaN,NaN,NaN,NaN
8,NaN,NaN,NaN,NaN,NaN,NaN,NaN,NaN
9,NaN,NaN,NaN,NaN,NaN,NaN,NaN,NaN
10,NaN,NaN,NaN,NaN,NaN,NaN,NaN,NaN
11,NaN,NaN,NaN,NaN,NaN,NaN,NaN,NaN
1,NaN,NaN,NaN,NaN,NaN,NaN,NaN,NaN
2,NaN,NaN,NaN,NaN,NaN,NaN,NaN,NaN
3,NaN,NaN,NaN,NaN,NaN,NaN,NaN,NaN
4,NaN,NaN,NaN,NaN,NaN,NaN,NaN,NaN
5,NaN,NaN,NaN,NaN,NaN,NaN,NaN,NaN
6,NaN,NaN,NaN,NaN,NaN,NaN,NaN,NaN
7,NaN,NaN,NaN,NaN,NaN,NaN,NaN,NaN
8,NaN,NaN,NaN,NaN,NaN,NaN,NaN,NaN
9,NaN,NaN,NaN,NaN,NaN,NaN,NaN,NaN
10,NaN,NaN,NaN,NaN,NaN,NaN,NaN,NaN
11,NaN,NaN,NaN,NaN,NaN,NaN,NaN,NaN
1,NaN,NaN,NaN,NaN,NaN,NaN,NaN,NaN
2,NaN,NaN,NaN,NaN,NaN,NaN,NaN,NaN
3,NaN,NaN,NaN,NaN,NaN,NaN,NaN,NaN
4,NaN,NaN,NaN,NaN,NaN,NaN,NaN,NaN
5,NaN,NaN,NaN,NaN,NaN,NaN,NaN,NaN
6,NaN,NaN,NaN,NaN,NaN,NaN,NaN,NaN
7,NaN,NaN,NaN,NaN,NaN,NaN,NaN,NaN
8,NaN,NaN,NaN,NaN,NaN,NaN,NaN,NaN
9,NaN,NaN,NaN,NaN,NaN,NaN,NaN,NaN
10,NaN,NaN,NaN,NaN,NaN,NaN,NaN,NaN
11,NaN,NaN,NaN,NaN,NaN,NaN,NaN,NaN
1,NaN,NaN,NaN,NaN,NaN,NaN,NaN,NaN
2,NaN,NaN,NaN,NaN,NaN,NaN,NaN,NaN
3,NaN,NaN,NaN,NaN,NaN,NaN,NaN,NaN
4,NaN,NaN,NaN,NaN,NaN,NaN,NaN,NaN
5,NaN,NaN,NaN,NaN,NaN,NaN,NaN,NaN
6,NaN,NaN,NaN,NaN,NaN,NaN,NaN,NaN
7,NaN,NaN,NaN,NaN,NaN,NaN,NaN,NaN
8,NaN,NaN,NaN,NaN,NaN,NaN,NaN,NaN
9,NaN,NaN,NaN,NaN,NaN,NaN,NaN,NaN
10,NaN,NaN,NaN,NaN,NaN,NaN,NaN,NaN
11,NaN,NaN,NaN,NaN,NaN,NaN,NaN,NaN
1,NaN,NaN,NaN,NaN,NaN,NaN,NaN,NaN
2,NaN,NaN,NaN,NaN,NaN,NaN,NaN,NaN
3,NaN,NaN,NaN,NaN,NaN,NaN,NaN,NaN
4,NaN,NaN,NaN,NaN,NaN,NaN,NaN,NaN
5,NaN,NaN,NaN,NaN,NaN,NaN,NaN,NaN
6,NaN,NaN,NaN,NaN,NaN,NaN,NaN,NaN
7,NaN,NaN,NaN,NaN,NaN,NaN,NaN,NaN
8,NaN,NaN,NaN,NaN,NaN,NaN,NaN,NaN
9,NaN,NaN,NaN,NaN,NaN,NaN,NaN,NaN
10,NaN,NaN,NaN,NaN,NaN,NaN,NaN,NaN
11,NaN,NaN,NaN,NaN,NaN,NaN,NaN,NaN
1,NaN,NaN,NaN,NaN,NaN,NaN,NaN,NaN
2,NaN,NaN,NaN,NaN,NaN,NaN,NaN,NaN
3,NaN,NaN,NaN,NaN,NaN,NaN,NaN,NaN
4,NaN,NaN,NaN,NaN,NaN,NaN,NaN,NaN
5,NaN,NaN,NaN,NaN,NaN,NaN,NaN,NaN
6,NaN,NaN,NaN,NaN,NaN,NaN,NaN,NaN
7,NaN,NaN,NaN,NaN,NaN,NaN,NaN,NaN
8,NaN,NaN,NaN,NaN,NaN,NaN,NaN,NaN
9,NaN,NaN,NaN,NaN,NaN,NaN,NaN,NaN
10,NaN,NaN,NaN,NaN,NaN,NaN,NaN,NaN
11,NaN,NaN,NaN,NaN,NaN,NaN,NaN,NaN
1,NaN,NaN,NaN,NaN,NaN,NaN,NaN,NaN
2,NaN,NaN,NaN,NaN,NaN,NaN,NaN,NaN
3,NaN,NaN,NaN,NaN,NaN,NaN,NaN,NaN
4,NaN,NaN,NaN,NaN,NaN,NaN,NaN,NaN
5,NaN,NaN,NaN,NaN,NaN,NaN,NaN,NaN
6,NaN,NaN,NaN,NaN,NaN,NaN,NaN,NaN
7,NaN,NaN,NaN,NaN,NaN,NaN,NaN,NaN
8,NaN,NaN,NaN,NaN,NaN,NaN,NaN,NaN
9,NaN,NaN,NaN,NaN,NaN,NaN,NaN,NaN
10,NaN,NaN,NaN,NaN,NaN,NaN,NaN,NaN
11,NaN,NaN,NaN,NaN,NaN,NaN,NaN,NaN
1,NaN,NaN,NaN,NaN,NaN,NaN,NaN,NaN
2,NaN,NaN,NaN,NaN,NaN,NaN,NaN,NaN
3,NaN,NaN,NaN,NaN,NaN,NaN,NaN,NaN
4,NaN,NaN,NaN,NaN,NaN,NaN,NaN,NaN
5,NaN,NaN,NaN,NaN,NaN,NaN,NaN,NaN
6,NaN,NaN,NaN,NaN,NaN,NaN,NaN,NaN
7,NaN,NaN,NaN,NaN,NaN,NaN,NaN,NaN
8,NaN,NaN,NaN,NaN,NaN,NaN,NaN,NaN
9,NaN,NaN,NaN,NaN,NaN,NaN,NaN,NaN
10,NaN,NaN,NaN,NaN,NaN,NaN,NaN,NaN
11,NaN,NaN,NaN,NaN,NaN,NaN,NaN,NaN
1,NaN,NaN,NaN,NaN,NaN,NaN,NaN,NaN
2,NaN,NaN,NaN,NaN,NaN,NaN,NaN,NaN
3,NaN,NaN,NaN,NaN,NaN,NaN,NaN,NaN
4,NaN,NaN,NaN,NaN,NaN,NaN,NaN,NaN
5,NaN,NaN,NaN,NaN,NaN,NaN,NaN,NaN
6,NaN,NaN,NaN,NaN,NaN,NaN,NaN,NaN
7,NaN,NaN,NaN,NaN,NaN,NaN,NaN,NaN
8,NaN,NaN,NaN,NaN,NaN,NaN,NaN,NaN
9,NaN,NaN,NaN,NaN,NaN,NaN,NaN,NaN
10,NaN,NaN,NaN,NaN,NaN,NaN,NaN,NaN
11,NaN,NaN,NaN,NaN,NaN,NaN,NaN,NaN
1,NaN,NaN,NaN,NaN,NaN,NaN,NaN,NaN
2,NaN,NaN,NaN,NaN,NaN,NaN,NaN,NaN
3,NaN,NaN,NaN,NaN,NaN,NaN,NaN,NaN
4,NaN,NaN,NaN,NaN,NaN,NaN,NaN,NaN
5,NaN,NaN,NaN,NaN,NaN,NaN,NaN,NaN
6,NaN,NaN,NaN,NaN,NaN,NaN,NaN,NaN
7,NaN,NaN,NaN,NaN,NaN,NaN,NaN,NaN
8,NaN,NaN,NaN,NaN,NaN,NaN,NaN,NaN
9,NaN,NaN,NaN,NaN,NaN,NaN,NaN,NaN
10,NaN,NaN,NaN,NaN,NaN,NaN,NaN,NaN
11,NaN,NaN,NaN,NaN,NaN,NaN,NaN,NaN
1,NaN,NaN,NaN,NaN,NaN,NaN,NaN,NaN
2,NaN,NaN,NaN,NaN,NaN,NaN,NaN,NaN
3,NaN,NaN,NaN,NaN,NaN,NaN,NaN,NaN
4,NaN,NaN,NaN,NaN,NaN,NaN,NaN,NaN
5,NaN,NaN,NaN,NaN,NaN,NaN,NaN,NaN
6,NaN,NaN,NaN,NaN,NaN,NaN,NaN,NaN
7,NaN,NaN,NaN,NaN,NaN,NaN,NaN,NaN
8,NaN,NaN,NaN,NaN,NaN,NaN,NaN,NaN
9,NaN,NaN,NaN,NaN,NaN,NaN,NaN,NaN
10,NaN,NaN,NaN,NaN,NaN,NaN,NaN,NaN
11,NaN,NaN,NaN,NaN,NaN,NaN,NaN,NaN
1,NaN,NaN,NaN,NaN,NaN,NaN,NaN,NaN
2,NaN,NaN,NaN,NaN,NaN,NaN,NaN,NaN
3,NaN,NaN,NaN,NaN,NaN,NaN,NaN,NaN
4,NaN,NaN,NaN,NaN,NaN,NaN,NaN,NaN
5,NaN,NaN,NaN,NaN,NaN,NaN,NaN,NaN
6,NaN,NaN,NaN,NaN,NaN,NaN,NaN,NaN
7,NaN,NaN,NaN,NaN,NaN,NaN,NaN,NaN
8,NaN,NaN,NaN,NaN,NaN,NaN,NaN,NaN
9,NaN,NaN,NaN,NaN,NaN,NaN,NaN,NaN
10,NaN,NaN,NaN,NaN,NaN,NaN,NaN,NaN
11,NaN,NaN,NaN,NaN,NaN,NaN,NaN,NaN
1,NaN,NaN,NaN,NaN,NaN,NaN,NaN,NaN
2,NaN,NaN,NaN,NaN,NaN,NaN,NaN,NaN
3,NaN,NaN,NaN,NaN,NaN,NaN,NaN,NaN
4,NaN,NaN,NaN,NaN,NaN,NaN,NaN,NaN
5,NaN,NaN,NaN,NaN,NaN,NaN,NaN,NaN
6,NaN,NaN,NaN,NaN,NaN,NaN,NaN,NaN
7,NaN,NaN,NaN,NaN,NaN,NaN,NaN,NaN
8,NaN,NaN,NaN,NaN,NaN,NaN,NaN,NaN
9,NaN,NaN,NaN,NaN,NaN,NaN,NaN,NaN
10,NaN,NaN,NaN,NaN,NaN,NaN,NaN,NaN
11,NaN,NaN,NaN,NaN,NaN,NaN,NaN,NaN
1,NaN,NaN,NaN,NaN,NaN,NaN,NaN,NaN
2,NaN,NaN,NaN,NaN,NaN,NaN,NaN,NaN
3,NaN,NaN,NaN,NaN,NaN,NaN,NaN,NaN
4,NaN,NaN,NaN,NaN,NaN,NaN,NaN,NaN
5,NaN,NaN,NaN,NaN,NaN,NaN,NaN,NaN
6,NaN,NaN,NaN,NaN,NaN,NaN,NaN,NaN
7,NaN,NaN,NaN,NaN,NaN,NaN,NaN,NaN
8,NaN,NaN,NaN,NaN,NaN,NaN,NaN,NaN
9,NaN,NaN,NaN,NaN,NaN,NaN,NaN,NaN
10,NaN,NaN,NaN,NaN,NaN,NaN,NaN,NaN
11,NaN,NaN,NaN,NaN,NaN,NaN,NaN,NaN
1,NaN,NaN,NaN,NaN,NaN,NaN,NaN,NaN
2,NaN,NaN,NaN,NaN,NaN,NaN,NaN,NaN
3,NaN,NaN,NaN,NaN,NaN,NaN,NaN,NaN
4,NaN,NaN,NaN,NaN,NaN,NaN,NaN,NaN
5,NaN,NaN,NaN,NaN,NaN,NaN,NaN,NaN
6,NaN,NaN,NaN,NaN,NaN,NaN,NaN,NaN
7,NaN,NaN,NaN,NaN,NaN,NaN,NaN,NaN
8,NaN,NaN,NaN,NaN,NaN,NaN,NaN,NaN
9,NaN,NaN,NaN,NaN,NaN,NaN,NaN,NaN
10,NaN,NaN,NaN,NaN,NaN,NaN,NaN,NaN
11,NaN,NaN,NaN,NaN,NaN,NaN,NaN,NaN
1,NaN,NaN,NaN,NaN,NaN,NaN,NaN,NaN
2,NaN,NaN,NaN,NaN,NaN,NaN,NaN,NaN
3,NaN,NaN,NaN,NaN,NaN,NaN,NaN,NaN
4,NaN,NaN,NaN,NaN,NaN,NaN,NaN,NaN
5,NaN,NaN,NaN,NaN,NaN,NaN,NaN,NaN
6,NaN,NaN,NaN,NaN,NaN,NaN,NaN,NaN
7,NaN,NaN,NaN,NaN,NaN,NaN,NaN,NaN
8,NaN,NaN,NaN,NaN,NaN,NaN,NaN,NaN
9,NaN,NaN,NaN,NaN,NaN,NaN,NaN,NaN
10,NaN,NaN,NaN,NaN,NaN,NaN,NaN,NaN
11,NaN,NaN,NaN,NaN,NaN,NaN,NaN,NaN
1,NaN,NaN,NaN,NaN,NaN,NaN,NaN,NaN
2,NaN,NaN,NaN,NaN,NaN,NaN,NaN,NaN
3,NaN,NaN,NaN,NaN,NaN,NaN,NaN,NaN
4,NaN,NaN,NaN,NaN,NaN,NaN,NaN,NaN
5,NaN,NaN,NaN,NaN,NaN,NaN,NaN,NaN
6,NaN,NaN,NaN,NaN,NaN,NaN,NaN,NaN
7,NaN,NaN,NaN,NaN,NaN,NaN,NaN,NaN
8,NaN,NaN,NaN,NaN,NaN,NaN,NaN,NaN
9,NaN,NaN,NaN,NaN,NaN,NaN,NaN,NaN
10,NaN,NaN,NaN,NaN,NaN,NaN,NaN,NaN
11,NaN,NaN,NaN,NaN,NaN,NaN,NaN,NaN
1,NaN,NaN,NaN,NaN,NaN,NaN,NaN,NaN
2,NaN,NaN,NaN,NaN,NaN,NaN,NaN,NaN
3,NaN,NaN,NaN,NaN,NaN,NaN,NaN,NaN
4,NaN,NaN,NaN,NaN,NaN,NaN,NaN,NaN
5,NaN,NaN,NaN,NaN,NaN,NaN,NaN,NaN
6,NaN,NaN,NaN,NaN,NaN,NaN,NaN,NaN
7,NaN,NaN,NaN,NaN,NaN,NaN,NaN,NaN
8,NaN,NaN,NaN,NaN,NaN,NaN,NaN,NaN
9,NaN,NaN,NaN,NaN,NaN,NaN,NaN,NaN
10,NaN,NaN,NaN,NaN,NaN,NaN,NaN,NaN
11,NaN,NaN,NaN,NaN,NaN,NaN,NaN,NaN
1,NaN,NaN,NaN,NaN,NaN,NaN,NaN,NaN
2,NaN,NaN,NaN,NaN,NaN,NaN,NaN,NaN
3,NaN,NaN,NaN,NaN,NaN,NaN,NaN,NaN
4,NaN,NaN,NaN,NaN,NaN,NaN,NaN,NaN
5,NaN,NaN,NaN,NaN,NaN,NaN,NaN,NaN
6,NaN,NaN,NaN,NaN,NaN,NaN,NaN,NaN
7,NaN,NaN,NaN,NaN,NaN,NaN,NaN,NaN
8,NaN,NaN,NaN,NaN,NaN,NaN,NaN,NaN
9,NaN,NaN,NaN,NaN,NaN,NaN,NaN,NaN
10,NaN,NaN,NaN,NaN,NaN,NaN,NaN,NaN
11,NaN,NaN,NaN,NaN,NaN,NaN,NaN,NaN
1,NaN,NaN,NaN,NaN,NaN,NaN,NaN,NaN
2,NaN,NaN,NaN,NaN,NaN,NaN,NaN,NaN
3,NaN,NaN,NaN,NaN,NaN,NaN,NaN,NaN
4,NaN,NaN,NaN,NaN,NaN,NaN,NaN,NaN
5,NaN,NaN,NaN,NaN,NaN,NaN,NaN,NaN
6,NaN,NaN,NaN,NaN,NaN,NaN,NaN,NaN
7,NaN,NaN,NaN,NaN,NaN,NaN,NaN,NaN
8,NaN,NaN,NaN,NaN,NaN,NaN,NaN,NaN
9,NaN,NaN,NaN,NaN,NaN,NaN,NaN,NaN
10,NaN,NaN,NaN,NaN,NaN,NaN,NaN,NaN
11,NaN,NaN,NaN,NaN,NaN,NaN,NaN,NaN
1,NaN,NaN,NaN,NaN,NaN,NaN,NaN,NaN
2,NaN,NaN,NaN,NaN,NaN,NaN,NaN,NaN
3,NaN,NaN,NaN,NaN,NaN,NaN,NaN,NaN
4,NaN,NaN,NaN,NaN,NaN,NaN,NaN,NaN
5,NaN,NaN,NaN,NaN,NaN,NaN,NaN,NaN
6,NaN,NaN,NaN,NaN,NaN,NaN,NaN,NaN
7,NaN,NaN,NaN,NaN,NaN,NaN,NaN,NaN
8,NaN,NaN,NaN,NaN,NaN,NaN,NaN,NaN
9,NaN,NaN,NaN,NaN,NaN,NaN,NaN,NaN
10,NaN,NaN,NaN,NaN,NaN,NaN,NaN,NaN
11,NaN,NaN,NaN,NaN,NaN,NaN,NaN,NaN
1,NaN,NaN,NaN,NaN,NaN,NaN,NaN,NaN
2,NaN,NaN,NaN,NaN,NaN,NaN,NaN,NaN
3,NaN,NaN,NaN,NaN,NaN,NaN,NaN,NaN
4,NaN,NaN,NaN,NaN,NaN,NaN,NaN,NaN
5,NaN,NaN,NaN,NaN,NaN,NaN,NaN,NaN
6,NaN,NaN,NaN,NaN,NaN,NaN,NaN,NaN
7,NaN,NaN,NaN,NaN,NaN,NaN,NaN,NaN
8,NaN,NaN,NaN,NaN,NaN,NaN,NaN,NaN
9,NaN,NaN,NaN,NaN,NaN,NaN,NaN,NaN
10,NaN,NaN,NaN,NaN,NaN,NaN,NaN,NaN
11,NaN,NaN,NaN,NaN,NaN,NaN,NaN,NaN
1,NaN,NaN,NaN,NaN,NaN,NaN,NaN,NaN
2,NaN,NaN,NaN,NaN,NaN,NaN,NaN,NaN
3,NaN,NaN,NaN,NaN,NaN,NaN,NaN,NaN
4,NaN,NaN,NaN,NaN,NaN,NaN,NaN,NaN
5,NaN,NaN,NaN,NaN,NaN,NaN,NaN,NaN
6,NaN,NaN,NaN,NaN,NaN,NaN,NaN,NaN
7,NaN,NaN,NaN,NaN,NaN,NaN,NaN,NaN
8,NaN,NaN,NaN,NaN,NaN,NaN,NaN,NaN
9,NaN,NaN,NaN,NaN,NaN,NaN,NaN,NaN
10,NaN,NaN,NaN,NaN,NaN,NaN,NaN,NaN
11,NaN,NaN,NaN,NaN,NaN,NaN,NaN,NaN
1,NaN,NaN,NaN,NaN,NaN,NaN,NaN,NaN
2,NaN,NaN,NaN,NaN,NaN,NaN,NaN,NaN
3,NaN,NaN,NaN,NaN,NaN,NaN,NaN,NaN
4,NaN,NaN,NaN,NaN,NaN,NaN,NaN,NaN
5,NaN,NaN,NaN,NaN,NaN,NaN,NaN,NaN
6,NaN,NaN,NaN,NaN,NaN,NaN,NaN,NaN
7,NaN,NaN,NaN,NaN,NaN,NaN,NaN,NaN
8,NaN,NaN,NaN,NaN,NaN,NaN,NaN,NaN
9,NaN,NaN,NaN,NaN,NaN,NaN,NaN,NaN
10,NaN,NaN,NaN,NaN,NaN,NaN,NaN,NaN
11,NaN,NaN,NaN,NaN,NaN,NaN,NaN,NaN
1,NaN,NaN,NaN,NaN,NaN,NaN,NaN,NaN
2,NaN,NaN,NaN,NaN,NaN,NaN,NaN,NaN
3,NaN,NaN,NaN,NaN,NaN,NaN,NaN,NaN
4,NaN,NaN,NaN,NaN,NaN,NaN,NaN,NaN
5,NaN,NaN,NaN,NaN,NaN,NaN,NaN,NaN
6,NaN,NaN,NaN,NaN,NaN,NaN,NaN,NaN
7,NaN,NaN,NaN,NaN,NaN,NaN,NaN,NaN
8,NaN,NaN,NaN,NaN,NaN,NaN,NaN,NaN
9,NaN,NaN,NaN,NaN,NaN,NaN,NaN,NaN
10,NaN,NaN,NaN,NaN,NaN,NaN,NaN,NaN
11,NaN,NaN,NaN,NaN,NaN,NaN,NaN,NaN
1,NaN,NaN,NaN,NaN,NaN,NaN,NaN,NaN
2,NaN,NaN,NaN,NaN,NaN,NaN,NaN,NaN
3,NaN,NaN,NaN,NaN,NaN,NaN,NaN,NaN
4,NaN,NaN,NaN,NaN,NaN,NaN,NaN,NaN
5,NaN,NaN,NaN,NaN,NaN,NaN,NaN,NaN
6,NaN,NaN,NaN,NaN,NaN,NaN,NaN,NaN
7,NaN,NaN,NaN,NaN,NaN,NaN,NaN,NaN
8,NaN,NaN,NaN,NaN,NaN,NaN,NaN,NaN
9,NaN,NaN,NaN,NaN,NaN,NaN,NaN,NaN
10,NaN,NaN,NaN,NaN,NaN,NaN,NaN,NaN
11,NaN,NaN,NaN,NaN,NaN,NaN,NaN,NaN
1,NaN,NaN,NaN,NaN,NaN,NaN,NaN,NaN
2,NaN,NaN,NaN,NaN,NaN,NaN,NaN,NaN
3,NaN,NaN,NaN,NaN,NaN,NaN,NaN,NaN
4,NaN,NaN,NaN,NaN,NaN,NaN,NaN,NaN
5,NaN,NaN,NaN,NaN,NaN,NaN,NaN,NaN
6,NaN,NaN,NaN,NaN,NaN,NaN,NaN,NaN
7,NaN,NaN,NaN,NaN,NaN,NaN,NaN,NaN
8,NaN,NaN,NaN,NaN,NaN,NaN,NaN,NaN
9,NaN,NaN,NaN,NaN,NaN,NaN,NaN,NaN
10,NaN,NaN,NaN,NaN,NaN,NaN,NaN,NaN
11,NaN,NaN,NaN,NaN,NaN,NaN,NaN,NaN
1,NaN,NaN,NaN,NaN,NaN,NaN,NaN,NaN
2,NaN,NaN,NaN,NaN,NaN,NaN,NaN,NaN
3,NaN,NaN,NaN,NaN,NaN,NaN,NaN,NaN
4,NaN,NaN,NaN,NaN,NaN,NaN,NaN,NaN
5,NaN,NaN,NaN,NaN,NaN,NaN,NaN,NaN
6,NaN,NaN,NaN,NaN,NaN,NaN,NaN,NaN
7,NaN,NaN,NaN,NaN,NaN,NaN,NaN,NaN
8,NaN,NaN,NaN,NaN,NaN,NaN,NaN,NaN
9,NaN,NaN,NaN,NaN,NaN,NaN,NaN,NaN
10,NaN,NaN,NaN,NaN,NaN,NaN,NaN,NaN
11,NaN,NaN,NaN,NaN,NaN,NaN,NaN,NaN
1,NaN,NaN,NaN,NaN,NaN,NaN,NaN,NaN
2,NaN,NaN,NaN,NaN,NaN,NaN,NaN,NaN
3,NaN,NaN,NaN,NaN,NaN,NaN,NaN,NaN
4,NaN,NaN,NaN,NaN,NaN,NaN,NaN,NaN
5,NaN,NaN,NaN,NaN,NaN,NaN,NaN,NaN
6,NaN,NaN,NaN,NaN,NaN,NaN,NaN,NaN
7,NaN,NaN,NaN,NaN,NaN,NaN,NaN,NaN
8,NaN,NaN,NaN,NaN,NaN,NaN,NaN,NaN
9,NaN,NaN,NaN,NaN,NaN,NaN,NaN,NaN
10,NaN,NaN,NaN,NaN,NaN,NaN,NaN,NaN
11,NaN,NaN,NaN,NaN,NaN,NaN,NaN,NaN
1,NaN,NaN,NaN,NaN,NaN,NaN,NaN,NaN
2,NaN,NaN,NaN,NaN,NaN,NaN,NaN,NaN
3,NaN,NaN,NaN,NaN,NaN,NaN,NaN,NaN
4,NaN,NaN,NaN,NaN,NaN,NaN,NaN,NaN
5,NaN,NaN,NaN,NaN,NaN,NaN,NaN,NaN
6,NaN,NaN,NaN,NaN,NaN,NaN,NaN,NaN
7,NaN,NaN,NaN,NaN,NaN,NaN,NaN,NaN
8,NaN,NaN,NaN,NaN,NaN,NaN,NaN,NaN
9,NaN,NaN,NaN,NaN,NaN,NaN,NaN,NaN
10,NaN,NaN,NaN,NaN,NaN,NaN,NaN,NaN
11,NaN,NaN,NaN,NaN,NaN,NaN,NaN,NaN
1,NaN,NaN,NaN,NaN,NaN,NaN,NaN,NaN
2,NaN,NaN,NaN,NaN,NaN,NaN,NaN,NaN
3,NaN,NaN,NaN,NaN,NaN,NaN,NaN,NaN
4,NaN,NaN,NaN,NaN,NaN,NaN,NaN,NaN
5,NaN,NaN,NaN,NaN,NaN,NaN,NaN,NaN
6,NaN,NaN,NaN,NaN,NaN,NaN,NaN,NaN
7,NaN,NaN,NaN,NaN,NaN,NaN,NaN,NaN
8,NaN,NaN,NaN,NaN,NaN,NaN,NaN,NaN
9,NaN,NaN,NaN,NaN,NaN,NaN,NaN,NaN
10,NaN,NaN,NaN,NaN,NaN,NaN,NaN,NaN
11,NaN,NaN,NaN,NaN,NaN,NaN,NaN,NaN
1,NaN,NaN,NaN,NaN,NaN,NaN,NaN,NaN
2,NaN,NaN,NaN,NaN,NaN,NaN,NaN,NaN
3,NaN,NaN,NaN,NaN,NaN,NaN,NaN,NaN
4,NaN,NaN,NaN,NaN,NaN,NaN,NaN,NaN
5,NaN,NaN,NaN,NaN,NaN,NaN,NaN,NaN
6,NaN,NaN,NaN,NaN,NaN,NaN,NaN,NaN
7,NaN,NaN,NaN,NaN,NaN,NaN,NaN,NaN
8,NaN,NaN,NaN,NaN,NaN,NaN,NaN,NaN
9,NaN,NaN,NaN,NaN,NaN,NaN,NaN,NaN
10,NaN,NaN,NaN,NaN,NaN,NaN,NaN,NaN
11,NaN,NaN,NaN,NaN,NaN,NaN,NaN,NaN
1,NaN,NaN,NaN,NaN,NaN,NaN,NaN,NaN
2,NaN,NaN,NaN,NaN,NaN,NaN,NaN,NaN
3,NaN,NaN,NaN,NaN,NaN,NaN,NaN,NaN
4,NaN,NaN,NaN,NaN,NaN,NaN,NaN,NaN
5,NaN,NaN,NaN,NaN,NaN,NaN,NaN,NaN
6,NaN,NaN,NaN,NaN,NaN,NaN,NaN,NaN
7,NaN,NaN,NaN,NaN,NaN,NaN,NaN,NaN
8,NaN,NaN,NaN,NaN,NaN,NaN,NaN,NaN
9,NaN,NaN,NaN,NaN,NaN,NaN,NaN,NaN
10,NaN,NaN,NaN,NaN,NaN,NaN,NaN,NaN
11,NaN,NaN,NaN,NaN,NaN,NaN,NaN,NaN
1,NaN,NaN,NaN,NaN,NaN,NaN,NaN,NaN
2,NaN,NaN,NaN,NaN,NaN,NaN,NaN,NaN
3,NaN,NaN,NaN,NaN,NaN,NaN,NaN,NaN
4,NaN,NaN,NaN,NaN,NaN,NaN,NaN,NaN
5,NaN,NaN,NaN,NaN,NaN,NaN,NaN,NaN
6,NaN,NaN,NaN,NaN,NaN,NaN,NaN,NaN
7,NaN,NaN,NaN,NaN,NaN,NaN,NaN,NaN
8,NaN,NaN,NaN,NaN,NaN,NaN,NaN,NaN
9,NaN,NaN,NaN,NaN,NaN,NaN,NaN,NaN
10,NaN,NaN,NaN,NaN,NaN,NaN,NaN,NaN
11,NaN,NaN,NaN,NaN,NaN,NaN,NaN,NaN
1,NaN,NaN,NaN,NaN,NaN,NaN,NaN,NaN
2,NaN,NaN,NaN,NaN,NaN,NaN,NaN,NaN
3,NaN,NaN,NaN,NaN,NaN,NaN,NaN,NaN
4,NaN,NaN,NaN,NaN,NaN,NaN,NaN,NaN
5,NaN,NaN,NaN,NaN,NaN,NaN,NaN,NaN
6,NaN,NaN,NaN,NaN,NaN,NaN,NaN,NaN
7,NaN,NaN,NaN,NaN,NaN,NaN,NaN,NaN
8,NaN,NaN,NaN,NaN,NaN,NaN,NaN,NaN
9,NaN,NaN,NaN,NaN,NaN,NaN,NaN,NaN
10,NaN,NaN,NaN,NaN,NaN,NaN,NaN,NaN
11,NaN,NaN,NaN,NaN,NaN,NaN,NaN,NaN
1,NaN,NaN,NaN,NaN,NaN,NaN,NaN,NaN
2,NaN,NaN,NaN,NaN,NaN,NaN,NaN,NaN
3,NaN,NaN,NaN,NaN,NaN,NaN,NaN,NaN
4,NaN,NaN,NaN,NaN,NaN,NaN,NaN,NaN
5,NaN,NaN,NaN,NaN,NaN,NaN,NaN,NaN
6,NaN,NaN,NaN,NaN,NaN,NaN,NaN,NaN
7,NaN,NaN,NaN,NaN,NaN,NaN,NaN,NaN
8,NaN,NaN,NaN,NaN,NaN,NaN,NaN,NaN
9,NaN,NaN,NaN,NaN,NaN,NaN,NaN,NaN
10,NaN,NaN,NaN,NaN,NaN,NaN,NaN,NaN
11,NaN,NaN,NaN,NaN,NaN,NaN,NaN,NaN
1,NaN,NaN,NaN,NaN,NaN,NaN,NaN,NaN
2,NaN,NaN,NaN,NaN,NaN,NaN,NaN,NaN
3,NaN,NaN,NaN,NaN,NaN,NaN,NaN,NaN
4,NaN,NaN,NaN,NaN,NaN,NaN,NaN,NaN
5,NaN,NaN,NaN,NaN,NaN,NaN,NaN,NaN
6,NaN,NaN,NaN,NaN,NaN,NaN,NaN,NaN
7,NaN,NaN,NaN,NaN,NaN,NaN,NaN,NaN
8,NaN,NaN,NaN,NaN,NaN,NaN,NaN,NaN
9,NaN,NaN,NaN,NaN,NaN,NaN,NaN,NaN
10,NaN,NaN,NaN,NaN,NaN,NaN,NaN,NaN
11,NaN,NaN,NaN,NaN,NaN,NaN,NaN,NaN
1,NaN,NaN,NaN,NaN,NaN,NaN,NaN,NaN
2,NaN,NaN,NaN,NaN,NaN,NaN,NaN,NaN
3,NaN,NaN,NaN,NaN,NaN,NaN,NaN,NaN
4,NaN,NaN,NaN,NaN,NaN,NaN,NaN,NaN
5,NaN,NaN,NaN,NaN,NaN,NaN,NaN,NaN
6,NaN,NaN,NaN,NaN,NaN,NaN,NaN,NaN
7,NaN,NaN,NaN,NaN,NaN,NaN,NaN,NaN
8,NaN,NaN,NaN,NaN,NaN,NaN,NaN,NaN
9,NaN,NaN,NaN,NaN,NaN,NaN,NaN,NaN
10,NaN,NaN,NaN,NaN,NaN,NaN,NaN,NaN
11,NaN,NaN,NaN,NaN,NaN,NaN,NaN,NaN
1,NaN,NaN,NaN,NaN,NaN,NaN,NaN,NaN
2,NaN,NaN,NaN,NaN,NaN,NaN,NaN,NaN
3,NaN,NaN,NaN,NaN,NaN,NaN,NaN,NaN
4,NaN,NaN,NaN,NaN,NaN,NaN,NaN,NaN
5,NaN,NaN,NaN,NaN,NaN,NaN,NaN,NaN
6,NaN,NaN,NaN,NaN,NaN,NaN,NaN,NaN
7,NaN,NaN,NaN,NaN,NaN,NaN,NaN,NaN
8,NaN,NaN,NaN,NaN,NaN,NaN,NaN,NaN
9,NaN,NaN,NaN,NaN,NaN,NaN,NaN,NaN
10,NaN,NaN,NaN,NaN,NaN,NaN,NaN,NaN
11,NaN,NaN,NaN,NaN,NaN,NaN,NaN,NaN
1,NaN,NaN,NaN,NaN,NaN,NaN,NaN,NaN
2,NaN,NaN,NaN,NaN,NaN,NaN,NaN,NaN
3,NaN,NaN,NaN,NaN,NaN,NaN,NaN,NaN
4,NaN,NaN,NaN,NaN,NaN,NaN,NaN,NaN
5,NaN,NaN,NaN,NaN,NaN,NaN,NaN,NaN
6,NaN,NaN,NaN,NaN,NaN,NaN,NaN,NaN
7,NaN,NaN,NaN,NaN,NaN,NaN,NaN,NaN
8,NaN,NaN,NaN,NaN,NaN,NaN,NaN,NaN
9,NaN,NaN,NaN,NaN,NaN,NaN,NaN,NaN
10,NaN,NaN,NaN,NaN,NaN,NaN,NaN,NaN
11,NaN,NaN,NaN,NaN,NaN,NaN,NaN,NaN
1,NaN,NaN,NaN,NaN,NaN,NaN,NaN,NaN
2,NaN,NaN,NaN,NaN,NaN,NaN,NaN,NaN
3,NaN,NaN,NaN,NaN,NaN,NaN,NaN,NaN
4,NaN,NaN,NaN,NaN,NaN,NaN,NaN,NaN
5,NaN,NaN,NaN,NaN,NaN,NaN,NaN,NaN
6,NaN,NaN,NaN,NaN,NaN,NaN,NaN,NaN
7,NaN,NaN,NaN,NaN,NaN,NaN,NaN,NaN
8,NaN,NaN,NaN,NaN,NaN,NaN,NaN,NaN
9,NaN,NaN,NaN,NaN,NaN,NaN,NaN,NaN
10,NaN,NaN,NaN,NaN,NaN,NaN,NaN,NaN
11,NaN,NaN,NaN,NaN,NaN,NaN,NaN,NaN
1,NaN,NaN,NaN,NaN,NaN,NaN,NaN,NaN
2,NaN,NaN,NaN,NaN,NaN,NaN,NaN,NaN
3,NaN,NaN,NaN,NaN,NaN,NaN,NaN,NaN
4,NaN,NaN,NaN,NaN,NaN,NaN,NaN,NaN
5,NaN,NaN,NaN,NaN,NaN,NaN,NaN,NaN
6,NaN,NaN,NaN,NaN,NaN,NaN,NaN,NaN
7,NaN,NaN,NaN,NaN,NaN,NaN,NaN,NaN
8,NaN,NaN,NaN,NaN,NaN,NaN,NaN,NaN
9,NaN,NaN,NaN,NaN,NaN,NaN,NaN,NaN
10,NaN,NaN,NaN,NaN,NaN,NaN,NaN,NaN
11,NaN,NaN,NaN,NaN,NaN,NaN,NaN,NaN
1,NaN,NaN,NaN,NaN,NaN,NaN,NaN,NaN
2,NaN,NaN,NaN,NaN,NaN,NaN,NaN,NaN
3,NaN,NaN,NaN,NaN,NaN,NaN,NaN,NaN
4,NaN,NaN,NaN,NaN,NaN,NaN,NaN,NaN
5,NaN,NaN,NaN,NaN,NaN,NaN,NaN,NaN
6,NaN,NaN,NaN,NaN,NaN,NaN,NaN,NaN
7,NaN,NaN,NaN,NaN,NaN,NaN,NaN,NaN
8,NaN,NaN,NaN,NaN,NaN,NaN,NaN,NaN
9,NaN,NaN,NaN,NaN,NaN,NaN,NaN,NaN
10,NaN,NaN,NaN,NaN,NaN,NaN,NaN,NaN
11,NaN,NaN,NaN,NaN,NaN,NaN,NaN,NaN
1,NaN,NaN,NaN,NaN,NaN,NaN,NaN,NaN
2,NaN,NaN,NaN,NaN,NaN,NaN,NaN,NaN
3,NaN,NaN,NaN,NaN,NaN,NaN,NaN,NaN
4,NaN,NaN,NaN,NaN,NaN,NaN,NaN,NaN
5,NaN,NaN,NaN,NaN,NaN,NaN,NaN,NaN
6,NaN,NaN,NaN,NaN,NaN,NaN,NaN,NaN
7,NaN,NaN,NaN,NaN,NaN,NaN,NaN,NaN
8,NaN,NaN,NaN,NaN,NaN,NaN,NaN,NaN
9,NaN,NaN,NaN,NaN,NaN,NaN,NaN,NaN
10,NaN,NaN,NaN,NaN,NaN,NaN,NaN,NaN
11,NaN,NaN,NaN,NaN,NaN,NaN,NaN,NaN
1,NaN,NaN,NaN,NaN,NaN,NaN,NaN,NaN
2,NaN,NaN,NaN,NaN,NaN,NaN,NaN,NaN
3,NaN,NaN,NaN,NaN,NaN,NaN,NaN,NaN
4,NaN,NaN,NaN,NaN,NaN,NaN,NaN,NaN
5,NaN,NaN,NaN,NaN,NaN,NaN,NaN,NaN
6,NaN,NaN,NaN,NaN,NaN,NaN,NaN,NaN
7,NaN,NaN,NaN,NaN,NaN,NaN,NaN,NaN
8,NaN,NaN,NaN,NaN,NaN,NaN,NaN,NaN
9,NaN,NaN,NaN,NaN,NaN,NaN,NaN,NaN
10,NaN,NaN,NaN,NaN,NaN,NaN,NaN,NaN
11,NaN,NaN,NaN,NaN,NaN,NaN,NaN,NaN
1,NaN,NaN,NaN,NaN,NaN,NaN,NaN,NaN
2,NaN,NaN,NaN,NaN,NaN,NaN,NaN,NaN
3,NaN,NaN,NaN,NaN,NaN,NaN,NaN,NaN
4,NaN,NaN,NaN,NaN,NaN,NaN,NaN,NaN
5,NaN,NaN,NaN,NaN,NaN,NaN,NaN,NaN
6,NaN,NaN,NaN,NaN,NaN,NaN,NaN,NaN
7,NaN,NaN,NaN,NaN,NaN,NaN,NaN,NaN
8,NaN,NaN,NaN,NaN,NaN,NaN,NaN,NaN
9,NaN,NaN,NaN,NaN,NaN,NaN,NaN,NaN
10,NaN,NaN,NaN,NaN,NaN,NaN,NaN,NaN
11,NaN,NaN,NaN,NaN,NaN,NaN,NaN,NaN
1,NaN,NaN,NaN,NaN,NaN,NaN,NaN,NaN
2,NaN,NaN,NaN,NaN,NaN,NaN,NaN,NaN
3,NaN,NaN,NaN,NaN,NaN,NaN,NaN,NaN
4,NaN,NaN,NaN,NaN,NaN,NaN,NaN,NaN
5,NaN,NaN,NaN,NaN,NaN,NaN,NaN,NaN
6,NaN,NaN,NaN,NaN,NaN,NaN,NaN,NaN
7,NaN,NaN,NaN,NaN,NaN,NaN,NaN,NaN
8,NaN,NaN,NaN,NaN,NaN,NaN,NaN,NaN
9,NaN,NaN,NaN,NaN,NaN,NaN,NaN,NaN
10,NaN,NaN,NaN,NaN,NaN,NaN,NaN,NaN
11,NaN,NaN,NaN,NaN,NaN,NaN,NaN,NaN
1,NaN,NaN,NaN,NaN,NaN,NaN,NaN,NaN
2,NaN,NaN,NaN,NaN,NaN,NaN,NaN,NaN
3,NaN,NaN,NaN,NaN,NaN,NaN,NaN,NaN
4,NaN,NaN,NaN,NaN,NaN,NaN,NaN,NaN
5,NaN,NaN,NaN,NaN,NaN,NaN,NaN,NaN
6,NaN,NaN,NaN,NaN,NaN,NaN,NaN,NaN
7,NaN,NaN,NaN,NaN,NaN,NaN,NaN,NaN
8,NaN,NaN,NaN,NaN,NaN,NaN,NaN,NaN
9,NaN,NaN,NaN,NaN,NaN,NaN,NaN,NaN
10,NaN,NaN,NaN,NaN,NaN,NaN,NaN,NaN
11,NaN,NaN,NaN,NaN,NaN,NaN,NaN,NaN
1,NaN,NaN,NaN,NaN,NaN,NaN,NaN,NaN
2,NaN,NaN,NaN,NaN,NaN,NaN,NaN,NaN
3,NaN,NaN,NaN,NaN,NaN,NaN,NaN,NaN
4,NaN,NaN,NaN,NaN,NaN,NaN,NaN,NaN
5,NaN,NaN,NaN,NaN,NaN,NaN,NaN,NaN
6,NaN,NaN,NaN,NaN,NaN,NaN,NaN,NaN
7,NaN,NaN,NaN,NaN,NaN,NaN,NaN,NaN
8,NaN,NaN,NaN,NaN,NaN,NaN,NaN,NaN
9,NaN,NaN,NaN,NaN,NaN,NaN,NaN,NaN
10,NaN,NaN,NaN,NaN,NaN,NaN,NaN,NaN
11,NaN,NaN,NaN,NaN,NaN,NaN,NaN,NaN
1,NaN,NaN,NaN,NaN,NaN,NaN,NaN,NaN
2,NaN,NaN,NaN,NaN,NaN,NaN,NaN,NaN
3,NaN,NaN,NaN,NaN,NaN,NaN,NaN,NaN
4,NaN,NaN,NaN,NaN,NaN,NaN,NaN,NaN
5,NaN,NaN,NaN,NaN,NaN,NaN,NaN,NaN
6,NaN,NaN,NaN,NaN,NaN,NaN,NaN,NaN
7,NaN,NaN,NaN,NaN,NaN,NaN,NaN,NaN
8,NaN,NaN,NaN,NaN,NaN,NaN,NaN,NaN
9,NaN,NaN,NaN,NaN,NaN,NaN,NaN,NaN
10,NaN,NaN,NaN,NaN,NaN,NaN,NaN,NaN
11,NaN,NaN,NaN,NaN,NaN,NaN,NaN,NaN
1,NaN,NaN,NaN,NaN,NaN,NaN,NaN,NaN
2,NaN,NaN,NaN,NaN,NaN,NaN,NaN,NaN
3,NaN,NaN,NaN,NaN,NaN,NaN,NaN,NaN
4,NaN,NaN,NaN,NaN,NaN,NaN,NaN,NaN
5,NaN,NaN,NaN,NaN,NaN,NaN,NaN,NaN
6,NaN,NaN,NaN,NaN,NaN,NaN,NaN,NaN
7,NaN,NaN,NaN,NaN,NaN,NaN,NaN,NaN
8,NaN,NaN,NaN,NaN,NaN,NaN,NaN,NaN
9,NaN,NaN,NaN,NaN,NaN,NaN,NaN,NaN
10,NaN,NaN,NaN,NaN,NaN,NaN,NaN,NaN
11,NaN,NaN,NaN,NaN,NaN,NaN,NaN,NaN
1,NaN,NaN,NaN,NaN,NaN,NaN,NaN,NaN
2,NaN,NaN,NaN,NaN,NaN,NaN,NaN,NaN
3,NaN,NaN,NaN,NaN,NaN,NaN,NaN,NaN
4,NaN,NaN,NaN,NaN,NaN,NaN,NaN,NaN
5,NaN,NaN,NaN,NaN,NaN,NaN,NaN,NaN
6,NaN,NaN,NaN,NaN,NaN,NaN,NaN,NaN
7,NaN,NaN,NaN,NaN,NaN,NaN,NaN,NaN
8,NaN,NaN,NaN,NaN,NaN,NaN,NaN,NaN
9,NaN,NaN,NaN,NaN,NaN,NaN,NaN,NaN
10,NaN,NaN,NaN,NaN,NaN,NaN,NaN,NaN
11,NaN,NaN,NaN,NaN,NaN,NaN,NaN,NaN
1,NaN,NaN,NaN,NaN,NaN,NaN,NaN,NaN
2,NaN,NaN,NaN,NaN,NaN,NaN,NaN,NaN
3,NaN,NaN,NaN,NaN,NaN,NaN,NaN,NaN
4,NaN,NaN,NaN,NaN,NaN,NaN,NaN,NaN
5,NaN,NaN,NaN,NaN,NaN,NaN,NaN,NaN
6,NaN,NaN,NaN,NaN,NaN,NaN,NaN,NaN
7,NaN,NaN,NaN,NaN,NaN,NaN,NaN,NaN
8,NaN,NaN,NaN,NaN,NaN,NaN,NaN,NaN
9,NaN,NaN,NaN,NaN,NaN,NaN,NaN,NaN
10,NaN,NaN,NaN,NaN,NaN,NaN,NaN,NaN
11,NaN,NaN,NaN,NaN,NaN,NaN,NaN,NaN
1,NaN,NaN,NaN,NaN,NaN,NaN,NaN,NaN
2,NaN,NaN,NaN,NaN,NaN,NaN,NaN,NaN
3,NaN,NaN,NaN,NaN,NaN,NaN,NaN,NaN
4,NaN,NaN,NaN,NaN,NaN,NaN,NaN,NaN
5,NaN,NaN,NaN,NaN,NaN,NaN,NaN,NaN
6,NaN,NaN,NaN,NaN,NaN,NaN,NaN,NaN
7,NaN,NaN,NaN,NaN,NaN,NaN,NaN,NaN
8,NaN,NaN,NaN,NaN,NaN,NaN,NaN,NaN
9,NaN,NaN,NaN,NaN,NaN,NaN,NaN,NaN
10,NaN,NaN,NaN,NaN,NaN,NaN,NaN,NaN
11,NaN,NaN,NaN,NaN,NaN,NaN,NaN,NaN
1,NaN,NaN,NaN,NaN,NaN,NaN,NaN,NaN
2,NaN,NaN,NaN,NaN,NaN,NaN,NaN,NaN
3,NaN,NaN,NaN,NaN,NaN,NaN,NaN,NaN
4,NaN,NaN,NaN,NaN,NaN,NaN,NaN,NaN
5,NaN,NaN,NaN,NaN,NaN,NaN,NaN,NaN
6,NaN,NaN,NaN,NaN,NaN,NaN,NaN,NaN
7,NaN,NaN,NaN,NaN,NaN,NaN,NaN,NaN
8,NaN,NaN,NaN,NaN,NaN,NaN,NaN,NaN
9,NaN,NaN,NaN,NaN,NaN,NaN,NaN,NaN
10,NaN,NaN,NaN,NaN,NaN,NaN,NaN,NaN
11,NaN,NaN,NaN,NaN,NaN,NaN,NaN,NaN
1,NaN,NaN,NaN,NaN,NaN,NaN,NaN,NaN
2,NaN,NaN,NaN,NaN,NaN,NaN,NaN,NaN
3,NaN,NaN,NaN,NaN,NaN,NaN,NaN,NaN
4,NaN,NaN,NaN,NaN,NaN,NaN,NaN,NaN
5,NaN,NaN,NaN,NaN,NaN,NaN,NaN,NaN
6,NaN,NaN,NaN,NaN,NaN,NaN,NaN,NaN
7,NaN,NaN,NaN,NaN,NaN,NaN,NaN,NaN
8,NaN,NaN,NaN,NaN,NaN,NaN,NaN,NaN
9,NaN,NaN,NaN,NaN,NaN,NaN,NaN,NaN
10,NaN,NaN,NaN,NaN,NaN,NaN,NaN,NaN
11,NaN,NaN,NaN,NaN,NaN,NaN,NaN,NaN
1,NaN,NaN,NaN,NaN,NaN,NaN,NaN,NaN
2,NaN,NaN,NaN,NaN,NaN,NaN,NaN,NaN
3,NaN,NaN,NaN,NaN,NaN,NaN,NaN,NaN
4,NaN,NaN,NaN,NaN,NaN,NaN,NaN,NaN
5,NaN,NaN,NaN,NaN,NaN,NaN,NaN,NaN
6,NaN,NaN,NaN,NaN,NaN,NaN,NaN,NaN
7,NaN,NaN,NaN,NaN,NaN,NaN,NaN,NaN
8,NaN,NaN,NaN,NaN,NaN,NaN,NaN,NaN
9,NaN,NaN,NaN,NaN,NaN,NaN,NaN,NaN
10,NaN,NaN,NaN,NaN,NaN,NaN,NaN,NaN
11,NaN,NaN,NaN,NaN,NaN,NaN,NaN,NaN
1,NaN,NaN,NaN,NaN,NaN,NaN,NaN,NaN
2,NaN,NaN,NaN,NaN,NaN,NaN,NaN,NaN
3,NaN,NaN,NaN,NaN,NaN,NaN,NaN,NaN
4,NaN,NaN,NaN,NaN,NaN,NaN,NaN,NaN
5,NaN,NaN,NaN,NaN,NaN,NaN,NaN,NaN
6,NaN,NaN,NaN,NaN,NaN,NaN,NaN,NaN
7,NaN,NaN,NaN,NaN,NaN,NaN,NaN,NaN
8,NaN,NaN,NaN,NaN,NaN,NaN,NaN,NaN
9,NaN,NaN,NaN,NaN,NaN,NaN,NaN,NaN
10,NaN,NaN,NaN,NaN,NaN,NaN,NaN,NaN
11,NaN,NaN,NaN,NaN,NaN,NaN,NaN,NaN
1,NaN,NaN,NaN,NaN,NaN,NaN,NaN,NaN
2,NaN,NaN,NaN,NaN,NaN,NaN,NaN,NaN
3,NaN,NaN,NaN,NaN,NaN,NaN,NaN,NaN
4,NaN,NaN,NaN,NaN,NaN,NaN,NaN,NaN
5,NaN,NaN,NaN,NaN,NaN,NaN,NaN,NaN
6,NaN,NaN,NaN,NaN,NaN,NaN,NaN,NaN
7,NaN,NaN,NaN,NaN,NaN,NaN,NaN,NaN
8,NaN,NaN,NaN,NaN,NaN,NaN,NaN,NaN
9,NaN,NaN,NaN,NaN,NaN,NaN,NaN,NaN
10,NaN,NaN,NaN,NaN,NaN,NaN,NaN,NaN
11,NaN,NaN,NaN,NaN,NaN,NaN,NaN,NaN
1,NaN,NaN,NaN,NaN,NaN,NaN,NaN,NaN
2,NaN,NaN,NaN,NaN,NaN,NaN,NaN,NaN
3,NaN,NaN,NaN,NaN,NaN,NaN,NaN,NaN
4,NaN,NaN,NaN,NaN,NaN,NaN,NaN,NaN
5,NaN,NaN,NaN,NaN,NaN,NaN,NaN,NaN
6,NaN,NaN,NaN,NaN,NaN,NaN,NaN,NaN
7,NaN,NaN,NaN,NaN,NaN,NaN,NaN,NaN
8,NaN,NaN,NaN,NaN,NaN,NaN,NaN,NaN
9,NaN,NaN,NaN,NaN,NaN,NaN,NaN,NaN
10,NaN,NaN,NaN,NaN,NaN,NaN,NaN,NaN
11,NaN,NaN,NaN,NaN,NaN,NaN,NaN,NaN
1,NaN,NaN,NaN,NaN,NaN,NaN,NaN,NaN
2,NaN,NaN,NaN,NaN,NaN,NaN,NaN,NaN
3,NaN,NaN,NaN,NaN,NaN,NaN,NaN,NaN
4,NaN,NaN,NaN,NaN,NaN,NaN,NaN,NaN
5,NaN,NaN,NaN,NaN,NaN,NaN,NaN,NaN
6,NaN,NaN,NaN,NaN,NaN,NaN,NaN,NaN
7,NaN,NaN,NaN,NaN,NaN,NaN,NaN,NaN
8,NaN,NaN,NaN,NaN,NaN,NaN,NaN,NaN
9,NaN,NaN,NaN,NaN,NaN,NaN,NaN,NaN
10,NaN,NaN,NaN,NaN,NaN,NaN,NaN,NaN
11,NaN,NaN,NaN,NaN,NaN,NaN,NaN,NaN
1,NaN,NaN,NaN,NaN,NaN,NaN,NaN,NaN
2,NaN,NaN,NaN,NaN,NaN,NaN,NaN,NaN
3,NaN,NaN,NaN,NaN,NaN,NaN,NaN,NaN
4,NaN,NaN,NaN,NaN,NaN,NaN,NaN,NaN
5,NaN,NaN,NaN,NaN,NaN,NaN,NaN,NaN
6,NaN,NaN,NaN,NaN,NaN,NaN,NaN,NaN
7,NaN,NaN,NaN,NaN,NaN,NaN,NaN,NaN
8,NaN,NaN,NaN,NaN,NaN,NaN,NaN,NaN
9,NaN,NaN,NaN,NaN,NaN,NaN,NaN,NaN
10,NaN,NaN,NaN,NaN,NaN,NaN,NaN,NaN
11,NaN,NaN,NaN,NaN,NaN,NaN,NaN,NaN
1,NaN,NaN,NaN,NaN,NaN,NaN,NaN,NaN
2,NaN,NaN,NaN,NaN,NaN,NaN,NaN,NaN
3,NaN,NaN,NaN,NaN,NaN,NaN,NaN,NaN
4,NaN,NaN,NaN,NaN,NaN,NaN,NaN,NaN
5,NaN,NaN,NaN,NaN,NaN,NaN,NaN,NaN
6,NaN,NaN,NaN,NaN,NaN,NaN,NaN,NaN
7,NaN,NaN,NaN,NaN,NaN,NaN,NaN,NaN
8,NaN,NaN,NaN,NaN,NaN,NaN,NaN,NaN
9,NaN,NaN,NaN,NaN,NaN,NaN,NaN,NaN
10,NaN,NaN,NaN,NaN,NaN,NaN,NaN,NaN
11,NaN,NaN,NaN,NaN,NaN,NaN,NaN,NaN
1,NaN,NaN,NaN,NaN,NaN,NaN,NaN,NaN
2,NaN,NaN,NaN,NaN,NaN,NaN,NaN,NaN
3,NaN,NaN,NaN,NaN,NaN,NaN,NaN,NaN
4,NaN,NaN,NaN,NaN,NaN,NaN,NaN,NaN
5,NaN,NaN,NaN,NaN,NaN,NaN,NaN,NaN
6,NaN,NaN,NaN,NaN,NaN,NaN,NaN,NaN
7,NaN,NaN,NaN,NaN,NaN,NaN,NaN,NaN
8,NaN,NaN,NaN,NaN,NaN,NaN,NaN,NaN
9,NaN,NaN,NaN,NaN,NaN,NaN,NaN,NaN
10,NaN,NaN,NaN,NaN,NaN,NaN,NaN,NaN
11,NaN,NaN,NaN,NaN,NaN,NaN,NaN,NaN
1,NaN,NaN,NaN,NaN,NaN,NaN,NaN,NaN
2,NaN,NaN,NaN,NaN,NaN,NaN,NaN,NaN
3,NaN,NaN,NaN,NaN,NaN,NaN,NaN,NaN
4,NaN,NaN,NaN,NaN,NaN,NaN,NaN,NaN
5,NaN,NaN,NaN,NaN,NaN,NaN,NaN,NaN
6,NaN,NaN,NaN,NaN,NaN,NaN,NaN,NaN
7,NaN,NaN,NaN,NaN,NaN,NaN,NaN,NaN
8,NaN,NaN,NaN,NaN,NaN,NaN,NaN,NaN
9,NaN,NaN,NaN,NaN,NaN,NaN,NaN,NaN
10,NaN,NaN,NaN,NaN,NaN,NaN,NaN,NaN
11,NaN,NaN,NaN,NaN,NaN,NaN,NaN,NaN
1,NaN,NaN,NaN,NaN,NaN,NaN,NaN,NaN
2,NaN,NaN,NaN,NaN,NaN,NaN,NaN,NaN
3,NaN,NaN,NaN,NaN,NaN,NaN,NaN,NaN
4,NaN,NaN,NaN,NaN,NaN,NaN,NaN,NaN
5,NaN,NaN,NaN,NaN,NaN,NaN,NaN,NaN
6,NaN,NaN,NaN,NaN,NaN,NaN,NaN,NaN
7,NaN,NaN,NaN,NaN,NaN,NaN,NaN,NaN
8,NaN,NaN,NaN,NaN,NaN,NaN,NaN,NaN
9,NaN,NaN,NaN,NaN,NaN,NaN,NaN,NaN
10,NaN,NaN,NaN,NaN,NaN,NaN,NaN,NaN
11,NaN,NaN,NaN,NaN,NaN,NaN,NaN,NaN
1,NaN,NaN,NaN,NaN,NaN,NaN,NaN,NaN
2,NaN,NaN,NaN,NaN,NaN,NaN,NaN,NaN
3,NaN,NaN,NaN,NaN,NaN,NaN,NaN,NaN
4,NaN,NaN,NaN,NaN,NaN,NaN,NaN,NaN
5,NaN,NaN,NaN,NaN,NaN,NaN,NaN,NaN
6,NaN,NaN,NaN,NaN,NaN,NaN,NaN,NaN
7,NaN,NaN,NaN,NaN,NaN,NaN,NaN,NaN
8,NaN,NaN,NaN,NaN,NaN,NaN,NaN,NaN
9,NaN,NaN,NaN,NaN,NaN,NaN,NaN,NaN
10,NaN,NaN,NaN,NaN,NaN,NaN,NaN,NaN
11,NaN,NaN,NaN,NaN,NaN,NaN,NaN,NaN
1,NaN,NaN,NaN,NaN,NaN,NaN,NaN,NaN
2,NaN,NaN,NaN,NaN,NaN,NaN,NaN,NaN
3,NaN,NaN,NaN,NaN,NaN,NaN,NaN,NaN
4,NaN,NaN,NaN,NaN,NaN,NaN,NaN,NaN
5,NaN,NaN,NaN,NaN,NaN,NaN,NaN,NaN
6,NaN,NaN,NaN,NaN,NaN,NaN,NaN,NaN
7,NaN,NaN,NaN,NaN,NaN,NaN,NaN,NaN
8,NaN,NaN,NaN,NaN,NaN,NaN,NaN,NaN
9,NaN,NaN,NaN,NaN,NaN,NaN,NaN,NaN
10,NaN,NaN,NaN,NaN,NaN,NaN,NaN,NaN
11,NaN,NaN,NaN,NaN,NaN,NaN,NaN,NaN
1,NaN,NaN,NaN,NaN,NaN,NaN,NaN,NaN
2,NaN,NaN,NaN,NaN,NaN,NaN,NaN,NaN
3,NaN,NaN,NaN,NaN,NaN,NaN,NaN,NaN
4,NaN,NaN,NaN,NaN,NaN,NaN,NaN,NaN
5,NaN,NaN,NaN,NaN,NaN,NaN,NaN,NaN
6,NaN,NaN,NaN,NaN,NaN,NaN,NaN,NaN
7,NaN,NaN,NaN,NaN,NaN,NaN,NaN,NaN
8,NaN,NaN,NaN,NaN,NaN,NaN,NaN,NaN
9,NaN,NaN,NaN,NaN,NaN,NaN,NaN,NaN
10,NaN,NaN,NaN,NaN,NaN,NaN,NaN,NaN
11,NaN,NaN,NaN,NaN,NaN,NaN,NaN,NaN
1,NaN,NaN,NaN,NaN,NaN,NaN,NaN,NaN
2,NaN,NaN,NaN,NaN,NaN,NaN,NaN,NaN
3,NaN,NaN,NaN,NaN,NaN,NaN,NaN,NaN
4,NaN,NaN,NaN,NaN,NaN,NaN,NaN,NaN
5,NaN,NaN,NaN,NaN,NaN,NaN,NaN,NaN
6,NaN,NaN,NaN,NaN,NaN,NaN,NaN,NaN
7,NaN,NaN,NaN,NaN,NaN,NaN,NaN,NaN
8,NaN,NaN,NaN,NaN,NaN,NaN,NaN,NaN
9,NaN,NaN,NaN,NaN,NaN,NaN,NaN,NaN
10,NaN,NaN,NaN,NaN,NaN,NaN,NaN,NaN
11,NaN,NaN,NaN,NaN,NaN,NaN,NaN,NaN
1,NaN,NaN,NaN,NaN,NaN,NaN,NaN,NaN
2,NaN,NaN,NaN,NaN,NaN,NaN,NaN,NaN
3,NaN,NaN,NaN,NaN,NaN,NaN,NaN,NaN
4,NaN,NaN,NaN,NaN,NaN,NaN,NaN,NaN
5,NaN,NaN,NaN,NaN,NaN,NaN,NaN,NaN
6,NaN,NaN,NaN,NaN,NaN,NaN,NaN,NaN
7,NaN,NaN,NaN,NaN,NaN,NaN,NaN,NaN
8,NaN,NaN,NaN,NaN,NaN,NaN,NaN,NaN
9,NaN,NaN,NaN,NaN,NaN,NaN,NaN,NaN
10,NaN,NaN,NaN,NaN,NaN,NaN,NaN,NaN
11,NaN,NaN,NaN,NaN,NaN,NaN,NaN,NaN
1,NaN,NaN,NaN,NaN,NaN,NaN,NaN,NaN
2,NaN,NaN,NaN,NaN,NaN,NaN,NaN,NaN
3,NaN,NaN,NaN,NaN,NaN,NaN,NaN,NaN
4,NaN,NaN,NaN,NaN,NaN,NaN,NaN,NaN
5,NaN,NaN,NaN,NaN,NaN,NaN,NaN,NaN
6,NaN,NaN,NaN,NaN,NaN,NaN,NaN,NaN
7,NaN,NaN,NaN,NaN,NaN,NaN,NaN,NaN
8,NaN,NaN,NaN,NaN,NaN,NaN,NaN,NaN
9,NaN,NaN,NaN,NaN,NaN,NaN,NaN,NaN
10,NaN,NaN,NaN,NaN,NaN,NaN,NaN,NaN
11,NaN,NaN,NaN,NaN,NaN,NaN,NaN,NaN
1,NaN,NaN,NaN,NaN,NaN,NaN,NaN,NaN
2,NaN,NaN,NaN,NaN,NaN,NaN,NaN,NaN
3,NaN,NaN,NaN,NaN,NaN,NaN,NaN,NaN
4,NaN,NaN,NaN,NaN,NaN,NaN,NaN,NaN
5,NaN,NaN,NaN,NaN,NaN,NaN,NaN,NaN
6,NaN,NaN,NaN,NaN,NaN,NaN,NaN,NaN
7,NaN,NaN,NaN,NaN,NaN,NaN,NaN,NaN
8,NaN,NaN,NaN,NaN,NaN,NaN,NaN,NaN
9,NaN,NaN,NaN,NaN,NaN,NaN,NaN,NaN
10,NaN,NaN,NaN,NaN,NaN,NaN,NaN,NaN
11,NaN,NaN,NaN,NaN,NaN,NaN,NaN,NaN
1,NaN,NaN,NaN,NaN,NaN,NaN,NaN,NaN
2,NaN,NaN,NaN,NaN,NaN,NaN,NaN,NaN
3,NaN,NaN,NaN,NaN,NaN,NaN,NaN,NaN
4,NaN,NaN,NaN,NaN,NaN,NaN,NaN,NaN
5,NaN,NaN,NaN,NaN,NaN,NaN,NaN,NaN
6,NaN,NaN,NaN,NaN,NaN,NaN,NaN,NaN
7,NaN,NaN,NaN,NaN,NaN,NaN,NaN,NaN
8,NaN,NaN,NaN,NaN,NaN,NaN,NaN,NaN
9,NaN,NaN,NaN,NaN,NaN,NaN,NaN,NaN
10,NaN,NaN,NaN,NaN,NaN,NaN,NaN,NaN
11,NaN,NaN,NaN,NaN,NaN,NaN,NaN,NaN
1,NaN,NaN,NaN,NaN,NaN,NaN,NaN,NaN
2,NaN,NaN,NaN,NaN,NaN,NaN,NaN,NaN
3,NaN,NaN,NaN,NaN,NaN,NaN,NaN,NaN
4,NaN,NaN,NaN,NaN,NaN,NaN,NaN,NaN
5,NaN,NaN,NaN,NaN,NaN,NaN,NaN,NaN
6,NaN,NaN,NaN,NaN,NaN,NaN,NaN,NaN
7,NaN,NaN,NaN,NaN,NaN,NaN,NaN,NaN
8,NaN,NaN,NaN,NaN,NaN,NaN,NaN,NaN
9,NaN,NaN,NaN,NaN,NaN,NaN,NaN,NaN
10,NaN,NaN,NaN,NaN,NaN,NaN,NaN,NaN
11,NaN,NaN,NaN,NaN,NaN,NaN,NaN,NaN
1,NaN,NaN,NaN,NaN,NaN,NaN,NaN,NaN
2,NaN,NaN,NaN,NaN,NaN,NaN,NaN,NaN
3,NaN,NaN,NaN,NaN,NaN,NaN,NaN,NaN
4,NaN,NaN,NaN,NaN,NaN,NaN,NaN,NaN
5,NaN,NaN,NaN,NaN,NaN,NaN,NaN,NaN
6,NaN,NaN,NaN,NaN,NaN,NaN,NaN,NaN
7,NaN,NaN,NaN,NaN,NaN,NaN,NaN,NaN
8,NaN,NaN,NaN,NaN,NaN,NaN,NaN,NaN
9,NaN,NaN,NaN,NaN,NaN,NaN,NaN,NaN
10,NaN,NaN,NaN,NaN,NaN,NaN,NaN,NaN
11,NaN,NaN,NaN,NaN,NaN,NaN,NaN,NaN
1,NaN,NaN,NaN,NaN,NaN,NaN,NaN,NaN
2,NaN,NaN,NaN,NaN,NaN,NaN,NaN,NaN
3,NaN,NaN,NaN,NaN,NaN,NaN,NaN,NaN
4,NaN,NaN,NaN,NaN,NaN,NaN,NaN,NaN
5,NaN,NaN,NaN,NaN,NaN,NaN,NaN,NaN
6,NaN,NaN,NaN,NaN,NaN,NaN,NaN,NaN
7,NaN,NaN,NaN,NaN,NaN,NaN,NaN,NaN
8,NaN,NaN,NaN,NaN,NaN,NaN,NaN,NaN
9,NaN,NaN,NaN,NaN,NaN,NaN,NaN,NaN
10,NaN,NaN,NaN,NaN,NaN,NaN,NaN,NaN
11,NaN,NaN,NaN,NaN,NaN,NaN,NaN,NaN
1,NaN,NaN,NaN,NaN,NaN,NaN,NaN,NaN
2,NaN,NaN,NaN,NaN,NaN,NaN,NaN,NaN
3,NaN,NaN,NaN,NaN,NaN,NaN,NaN,NaN
4,NaN,NaN,NaN,NaN,NaN,NaN,NaN,NaN
5,NaN,NaN,NaN,NaN,NaN,NaN,NaN,NaN
6,NaN,NaN,NaN,NaN,NaN,NaN,NaN,NaN
7,NaN,NaN,NaN,NaN,NaN,NaN,NaN,NaN
8,NaN,NaN,NaN,NaN,NaN,NaN,NaN,NaN
9,NaN,NaN,NaN,NaN,NaN,NaN,NaN,NaN
10,NaN,NaN,NaN,NaN,NaN,NaN,NaN,NaN
11,NaN,NaN,NaN,NaN,NaN,NaN,NaN,NaN
1,NaN,NaN,NaN,NaN,NaN,NaN,NaN,NaN
2,NaN,NaN,NaN,NaN,NaN,NaN,NaN,NaN
3,NaN,NaN,NaN,NaN,NaN,NaN,NaN,NaN
4,NaN,NaN,NaN,NaN,NaN,NaN,NaN,NaN
5,NaN,NaN,NaN,NaN,NaN,NaN,NaN,NaN
6,NaN,NaN,NaN,NaN,NaN,NaN,NaN,NaN
7,NaN,NaN,NaN,NaN,NaN,NaN,NaN,NaN
8,NaN,NaN,NaN,NaN,NaN,NaN,NaN,NaN
9,NaN,NaN,NaN,NaN,NaN,NaN,NaN,NaN
10,NaN,NaN,NaN,NaN,NaN,NaN,NaN,NaN
11,NaN,NaN,NaN,NaN,NaN,NaN,NaN,NaN
1,NaN,NaN,NaN,NaN,NaN,NaN,NaN,NaN
2,NaN,NaN,NaN,NaN,NaN,NaN,NaN,NaN
3,NaN,NaN,NaN,NaN,NaN,NaN,NaN,NaN
4,NaN,NaN,NaN,NaN,NaN,NaN,NaN,NaN
5,NaN,NaN,NaN,NaN,NaN,NaN,NaN,NaN
6,NaN,NaN,NaN,NaN,NaN,NaN,NaN,NaN
7,NaN,NaN,NaN,NaN,NaN,NaN,NaN,NaN
8,NaN,NaN,NaN,NaN,NaN,NaN,NaN,NaN
9,NaN,NaN,NaN,NaN,NaN,NaN,NaN,NaN
10,NaN,NaN,NaN,NaN,NaN,NaN,NaN,NaN
11,NaN,NaN,NaN,NaN,NaN,NaN,NaN,NaN
1,NaN,NaN,NaN,NaN,NaN,NaN,NaN,NaN
2,NaN,NaN,NaN,NaN,NaN,NaN,NaN,NaN
3,NaN,NaN,NaN,NaN,NaN,NaN,NaN,NaN
4,NaN,NaN,NaN,NaN,NaN,NaN,NaN,NaN
5,NaN,NaN,NaN,NaN,NaN,NaN,NaN,NaN
6,NaN,NaN,NaN,NaN,NaN,NaN,NaN,NaN
7,NaN,NaN,NaN,NaN,NaN,NaN,NaN,NaN
8,NaN,NaN,NaN,NaN,NaN,NaN,NaN,NaN
9,NaN,NaN,NaN,NaN,NaN,NaN,NaN,NaN
10,NaN,NaN,NaN,NaN,NaN,NaN,NaN,NaN
11,NaN,NaN,NaN,NaN,NaN,NaN,NaN,NaN
1,NaN,NaN,NaN,NaN,NaN,NaN,NaN,NaN
2,NaN,NaN,NaN,NaN,NaN,NaN,NaN,NaN
3,NaN,NaN,NaN,NaN,NaN,NaN,NaN,NaN
4,NaN,NaN,NaN,NaN,NaN,NaN,NaN,NaN
5,NaN,NaN,NaN,NaN,NaN,NaN,NaN,NaN
6,NaN,NaN,NaN,NaN,NaN,NaN,NaN,NaN
7,NaN,NaN,NaN,NaN,NaN,NaN,NaN,NaN
8,NaN,NaN,NaN,NaN,NaN,NaN,NaN,NaN
9,NaN,NaN,NaN,NaN,NaN,NaN,NaN,NaN
10,NaN,NaN,NaN,NaN,NaN,NaN,NaN,NaN
11,NaN,NaN,NaN,NaN,NaN,NaN,NaN,NaN
1,NaN,NaN,NaN,NaN,NaN,NaN,NaN,NaN
2,NaN,NaN,NaN,NaN,NaN,NaN,NaN,NaN
3,NaN,NaN,NaN,NaN,NaN,NaN,NaN,NaN
4,NaN,NaN,NaN,NaN,NaN,NaN,NaN,NaN
5,NaN,NaN,NaN,NaN,NaN,NaN,NaN,NaN
6,NaN,NaN,NaN,NaN,NaN,NaN,NaN,NaN
7,NaN,NaN,NaN,NaN,NaN,NaN,NaN,NaN
8,NaN,NaN,NaN,NaN,NaN,NaN,NaN,NaN
9,NaN,NaN,NaN,NaN,NaN,NaN,NaN,NaN
10,NaN,NaN,NaN,NaN,NaN,NaN,NaN,NaN
11,NaN,NaN,NaN,NaN,NaN,NaN,NaN,NaN
1,NaN,NaN,NaN,NaN,NaN,NaN,NaN,NaN
2,NaN,NaN,NaN,NaN,NaN,NaN,NaN,NaN
3,NaN,NaN,NaN,NaN,NaN,NaN,NaN,NaN
4,NaN,NaN,NaN,NaN,NaN,NaN,NaN,NaN
5,NaN,NaN,NaN,NaN,NaN,NaN,NaN,NaN
6,NaN,NaN,NaN,NaN,NaN,NaN,NaN,NaN
7,NaN,NaN,NaN,NaN,NaN,NaN,NaN,NaN
8,NaN,NaN,NaN,NaN,NaN,NaN,NaN,NaN
9,NaN,NaN,NaN,NaN,NaN,NaN,NaN,NaN
10,NaN,NaN,NaN,NaN,NaN,NaN,NaN,NaN
11,NaN,NaN,NaN,NaN,NaN,NaN,NaN,NaN
1,NaN,NaN,NaN,NaN,NaN,NaN,NaN,NaN
2,NaN,NaN,NaN,NaN,NaN,NaN,NaN,NaN
3,NaN,NaN,NaN,NaN,NaN,NaN,NaN,NaN
4,NaN,NaN,NaN,NaN,NaN,NaN,NaN,NaN
5,NaN,NaN,NaN,NaN,NaN,NaN,NaN,NaN
6,NaN,NaN,NaN,NaN,NaN,NaN,NaN,NaN
7,NaN,NaN,NaN,NaN,NaN,NaN,NaN,NaN
8,NaN,NaN,NaN,NaN,NaN,NaN,NaN,NaN
9,NaN,NaN,NaN,NaN,NaN,NaN,NaN,NaN
10,NaN,NaN,NaN,NaN,NaN,NaN,NaN,NaN
11,NaN,NaN,NaN,NaN,NaN,NaN,NaN,NaN
1,NaN,NaN,NaN,NaN,NaN,NaN,NaN,NaN
2,NaN,NaN,NaN,NaN,NaN,NaN,NaN,NaN
3,NaN,NaN,NaN,NaN,NaN,NaN,NaN,NaN
4,NaN,NaN,NaN,NaN,NaN,NaN,NaN,NaN
5,NaN,NaN,NaN,NaN,NaN,NaN,NaN,NaN
6,NaN,NaN,NaN,NaN,NaN,NaN,NaN,NaN
7,NaN,NaN,NaN,NaN,NaN,NaN,NaN,NaN
8,NaN,NaN,NaN,NaN,NaN,NaN,NaN,NaN
9,NaN,NaN,NaN,NaN,NaN,NaN,NaN,NaN
10,NaN,NaN,NaN,NaN,NaN,NaN,NaN,NaN
11,NaN,NaN,NaN,NaN,NaN,NaN,NaN,NaN
1,NaN,NaN,NaN,NaN,NaN,NaN,NaN,NaN
2,NaN,NaN,NaN,NaN,NaN,NaN,NaN,NaN
3,NaN,NaN,NaN,NaN,NaN,NaN,NaN,NaN
4,NaN,NaN,NaN,NaN,NaN,NaN,NaN,NaN
5,NaN,NaN,NaN,NaN,NaN,NaN,NaN,NaN
6,NaN,NaN,NaN,NaN,NaN,NaN,NaN,NaN
7,NaN,NaN,NaN,NaN,NaN,NaN,NaN,NaN
8,NaN,NaN,NaN,NaN,NaN,NaN,NaN,NaN
9,NaN,NaN,NaN,NaN,NaN,NaN,NaN,NaN
10,NaN,NaN,NaN,NaN,NaN,NaN,NaN,NaN
11,NaN,NaN,NaN,NaN,NaN,NaN,NaN,NaN
1,NaN,NaN,NaN,NaN,NaN,NaN,NaN,NaN
2,NaN,NaN,NaN,NaN,NaN,NaN,NaN,NaN
3,NaN,NaN,NaN,NaN,NaN,NaN,NaN,NaN
4,NaN,NaN,NaN,NaN,NaN,NaN,NaN,NaN
5,NaN,NaN,NaN,NaN,NaN,NaN,NaN,NaN
6,NaN,NaN,NaN,NaN,NaN,NaN,NaN,NaN
7,NaN,NaN,NaN,NaN,NaN,NaN,NaN,NaN
8,NaN,NaN,NaN,NaN,NaN,NaN,NaN,NaN
9,NaN,NaN,NaN,NaN,NaN,NaN,NaN,NaN
10,NaN,NaN,NaN,NaN,NaN,NaN,NaN,NaN
11,NaN,NaN,NaN,NaN,NaN,NaN,NaN,NaN
1,NaN,NaN,NaN,NaN,NaN,NaN,NaN,NaN
2,NaN,NaN,NaN,NaN,NaN,NaN,NaN,NaN
3,NaN,NaN,NaN,NaN,NaN,NaN,NaN,NaN
4,NaN,NaN,NaN,NaN,NaN,NaN,NaN,NaN
5,NaN,NaN,NaN,NaN,NaN,NaN,NaN,NaN
6,NaN,NaN,NaN,NaN,NaN,NaN,NaN,NaN
7,NaN,NaN,NaN,NaN,NaN,NaN,NaN,NaN
8,NaN,NaN,NaN,NaN,NaN,NaN,NaN,NaN
9,NaN,NaN,NaN,NaN,NaN,NaN,NaN,NaN
10,NaN,NaN,NaN,NaN,NaN,NaN,NaN,NaN
11,NaN,NaN,NaN,NaN,NaN,NaN,NaN,NaN
1,NaN,NaN,NaN,NaN,NaN,NaN,NaN,NaN
2,NaN,NaN,NaN,NaN,NaN,NaN,NaN,NaN
3,NaN,NaN,NaN,NaN,NaN,NaN,NaN,NaN
4,NaN,NaN,NaN,NaN,NaN,NaN,NaN,NaN
5,NaN,NaN,NaN,NaN,NaN,NaN,NaN,NaN
6,NaN,NaN,NaN,NaN,NaN,NaN,NaN,NaN
7,NaN,NaN,NaN,NaN,NaN,NaN,NaN,NaN
8,NaN,NaN,NaN,NaN,NaN,NaN,NaN,NaN
9,NaN,NaN,NaN,NaN,NaN,NaN,NaN,NaN
10,NaN,NaN,NaN,NaN,NaN,NaN,NaN,NaN
11,NaN,NaN,NaN,NaN,NaN,NaN,NaN,NaN
1,NaN,NaN,NaN,NaN,NaN,NaN,NaN,NaN
2,NaN,NaN,NaN,NaN,NaN,NaN,NaN,NaN
3,NaN,NaN,NaN,NaN,NaN,NaN,NaN,NaN
4,NaN,NaN,NaN,NaN,NaN,NaN,NaN,NaN
5,NaN,NaN,NaN,NaN,NaN,NaN,NaN,NaN
6,NaN,NaN,NaN,NaN,NaN,NaN,NaN,NaN
7,NaN,NaN,NaN,NaN,NaN,NaN,NaN,NaN
8,NaN,NaN,NaN,NaN,NaN,NaN,NaN,NaN
9,NaN,NaN,NaN,NaN,NaN,NaN,NaN,NaN
10,NaN,NaN,NaN,NaN,NaN,NaN,NaN,NaN
11,NaN,NaN,NaN,NaN,NaN,NaN,NaN,NaN
1,NaN,NaN,NaN,NaN,NaN,NaN,NaN,NaN
2,NaN,NaN,NaN,NaN,NaN,NaN,NaN,NaN
3,NaN,NaN,NaN,NaN,NaN,NaN,NaN,NaN
4,NaN,NaN,NaN,NaN,NaN,NaN,NaN,NaN
5,NaN,NaN,NaN,NaN,NaN,NaN,NaN,NaN
6,NaN,NaN,NaN,NaN,NaN,NaN,NaN,NaN
7,NaN,NaN,NaN,NaN,NaN,NaN,NaN,NaN
8,NaN,NaN,NaN,NaN,NaN,NaN,NaN,NaN
9,NaN,NaN,NaN,NaN,NaN,NaN,NaN,NaN
10,NaN,NaN,NaN,NaN,NaN,NaN,NaN,NaN
11,NaN,NaN,NaN,NaN,NaN,NaN,NaN,NaN
1,NaN,NaN,NaN,NaN,NaN,NaN,NaN,NaN
2,NaN,NaN,NaN,NaN,NaN,NaN,NaN,NaN
3,NaN,NaN,NaN,NaN,NaN,NaN,NaN,NaN
4,NaN,NaN,NaN,NaN,NaN,NaN,NaN,NaN
5,NaN,NaN,NaN,NaN,NaN,NaN,NaN,NaN
6,NaN,NaN,NaN,NaN,NaN,NaN,NaN,NaN
7,NaN,NaN,NaN,NaN,NaN,NaN,NaN,NaN
8,NaN,NaN,NaN,NaN,NaN,NaN,NaN,NaN
9,NaN,NaN,NaN,NaN,NaN,NaN,NaN,NaN
10,NaN,NaN,NaN,NaN,NaN,NaN,NaN,NaN
11,NaN,NaN,NaN,NaN,NaN,NaN,NaN,NaN
1,NaN,NaN,NaN,NaN,NaN,NaN,NaN,NaN
2,NaN,NaN,NaN,NaN,NaN,NaN,NaN,NaN
3,NaN,NaN,NaN,NaN,NaN,NaN,NaN,NaN
4,NaN,NaN,NaN,NaN,NaN,NaN,NaN,NaN
5,NaN,NaN,NaN,NaN,NaN,NaN,NaN,NaN
6,NaN,NaN,NaN,NaN,NaN,NaN,NaN,NaN
7,NaN,NaN,NaN,NaN,NaN,NaN,NaN,NaN
8,NaN,NaN,NaN,NaN,NaN,NaN,NaN,NaN
9,NaN,NaN,NaN,NaN,NaN,NaN,NaN,NaN
10,NaN,NaN,NaN,NaN,NaN,NaN,NaN,NaN
11,NaN,NaN,NaN,NaN,NaN,NaN,NaN,NaN
1,NaN,NaN,NaN,NaN,NaN,NaN,NaN,NaN
2,NaN,NaN,NaN,NaN,NaN,NaN,NaN,NaN
3,NaN,NaN,NaN,NaN,NaN,NaN,NaN,NaN
4,NaN,NaN,NaN,NaN,NaN,NaN,NaN,NaN
5,NaN,NaN,NaN,NaN,NaN,NaN,NaN,NaN
6,NaN,NaN,NaN,NaN,NaN,NaN,NaN,NaN
7,NaN,NaN,NaN,NaN,NaN,NaN,NaN,NaN
8,NaN,NaN,NaN,NaN,NaN,NaN,NaN,NaN
9,NaN,NaN,NaN,NaN,NaN,NaN,NaN,NaN
10,NaN,NaN,NaN,NaN,NaN,NaN,NaN,NaN
11,NaN,NaN,NaN,NaN,NaN,NaN,NaN,NaN
1,NaN,NaN,NaN,NaN,NaN,NaN,NaN,NaN
2,NaN,NaN,NaN,NaN,NaN,NaN,NaN,NaN
3,NaN,NaN,NaN,NaN,NaN,NaN,NaN,NaN
4,NaN,NaN,NaN,NaN,NaN,NaN,NaN,NaN
5,NaN,NaN,NaN,NaN,NaN,NaN,NaN,NaN
6,NaN,NaN,NaN,NaN,NaN,NaN,NaN,NaN
7,NaN,NaN,NaN,NaN,NaN,NaN,NaN,NaN
8,NaN,NaN,NaN,NaN,NaN,NaN,NaN,NaN
9,NaN,NaN,NaN,NaN,NaN,NaN,NaN,NaN
10,NaN,NaN,NaN,NaN,NaN,NaN,NaN,NaN
11,NaN,NaN,NaN,NaN,NaN,NaN,NaN,NaN
1,NaN,NaN,NaN,NaN,NaN,NaN,NaN,NaN
2,NaN,NaN,NaN,NaN,NaN,NaN,NaN,NaN
3,NaN,NaN,NaN,NaN,NaN,NaN,NaN,NaN
4,NaN,NaN,NaN,NaN,NaN,NaN,NaN,NaN
5,NaN,NaN,NaN,NaN,NaN,NaN,NaN,NaN
6,NaN,NaN,NaN,NaN,NaN,NaN,NaN,NaN
7,NaN,NaN,NaN,NaN,NaN,NaN,NaN,NaN
8,NaN,NaN,NaN,NaN,NaN,NaN,NaN,NaN
9,NaN,NaN,NaN,NaN,NaN,NaN,NaN,NaN
10,NaN,NaN,NaN,NaN,NaN,NaN,NaN,NaN
11,NaN,NaN,NaN,NaN,NaN,NaN,NaN,NaN
1,NaN,NaN,NaN,NaN,NaN,NaN,NaN,NaN
2,NaN,NaN,NaN,NaN,NaN,NaN,NaN,NaN
3,NaN,NaN,NaN,NaN,NaN,NaN,NaN,NaN
4,NaN,NaN,NaN,NaN,NaN,NaN,NaN,NaN
5,NaN,NaN,NaN,NaN,NaN,NaN,NaN,NaN
6,NaN,NaN,NaN,NaN,NaN,NaN,NaN,NaN
7,NaN,NaN,NaN,NaN,NaN,NaN,NaN,NaN
8,NaN,NaN,NaN,NaN,NaN,NaN,NaN,NaN
9,NaN,NaN,NaN,NaN,NaN,NaN,NaN,NaN
10,NaN,NaN,NaN,NaN,NaN,NaN,NaN,NaN
11,NaN,NaN,NaN,NaN,NaN,NaN,NaN,NaN
1,NaN,NaN,NaN,NaN,NaN,NaN,NaN,NaN
2,NaN,NaN,NaN,NaN,NaN,NaN,NaN,NaN
3,NaN,NaN,NaN,NaN,NaN,NaN,NaN,NaN
4,NaN,NaN,NaN,NaN,NaN,NaN,NaN,NaN
5,NaN,NaN,NaN,NaN,NaN,NaN,NaN,NaN
6,NaN,NaN,NaN,NaN,NaN,NaN,NaN,NaN
7,NaN,NaN,NaN,NaN,NaN,NaN,NaN,NaN
8,NaN,NaN,NaN,NaN,NaN,NaN,NaN,NaN
9,NaN,NaN,NaN,NaN,NaN,NaN,NaN,NaN
10,NaN,NaN,NaN,NaN,NaN,NaN,NaN,NaN
11,NaN,NaN,NaN,NaN,NaN,NaN,NaN,NaN
1,NaN,NaN,NaN,NaN,NaN,NaN,NaN,NaN
2,NaN,NaN,NaN,NaN,NaN,NaN,NaN,NaN
3,NaN,NaN,NaN,NaN,NaN,NaN,NaN,NaN
4,NaN,NaN,NaN,NaN,NaN,NaN,NaN,NaN
5,NaN,NaN,NaN,NaN,NaN,NaN,NaN,NaN
6,NaN,NaN,NaN,NaN,NaN,NaN,NaN,NaN
7,NaN,NaN,NaN,NaN,NaN,NaN,NaN,NaN
8,NaN,NaN,NaN,NaN,NaN,NaN,NaN,NaN
9,NaN,NaN,NaN,NaN,NaN,NaN,NaN,NaN
10,NaN,NaN,NaN,NaN,NaN,NaN,NaN,NaN
11,NaN,NaN,NaN,NaN,NaN,NaN,NaN,NaN
1,NaN,NaN,NaN,NaN,NaN,NaN,NaN,NaN
2,NaN,NaN,NaN,NaN,NaN,NaN,NaN,NaN
3,NaN,NaN,NaN,NaN,NaN,NaN,NaN,NaN
4,NaN,NaN,NaN,NaN,NaN,NaN,NaN,NaN
5,NaN,NaN,NaN,NaN,NaN,NaN,NaN,NaN
6,NaN,NaN,NaN,NaN,NaN,NaN,NaN,NaN
7,NaN,NaN,NaN,NaN,NaN,NaN,NaN,NaN
8,NaN,NaN,NaN,NaN,NaN,NaN,NaN,NaN
9,NaN,NaN,NaN,NaN,NaN,NaN,NaN,NaN
10,NaN,NaN,NaN,NaN,NaN,NaN,NaN,NaN
11,NaN,NaN,NaN,NaN,NaN,NaN,NaN,NaN
1,NaN,NaN,NaN,NaN,NaN,NaN,NaN,NaN
2,NaN,NaN,NaN,NaN,NaN,NaN,NaN,NaN
3,NaN,NaN,NaN,NaN,NaN,NaN,NaN,NaN
4,NaN,NaN,NaN,NaN,NaN,NaN,NaN,NaN
5,NaN,NaN,NaN,NaN,NaN,NaN,NaN,NaN
6,NaN,NaN,NaN,NaN,NaN,NaN,NaN,NaN
7,NaN,NaN,NaN,NaN,NaN,NaN,NaN,NaN
8,NaN,NaN,NaN,NaN,NaN,NaN,NaN,NaN
9,NaN,NaN,NaN,NaN,NaN,NaN,NaN,NaN
10,NaN,NaN,NaN,NaN,NaN,NaN,NaN,NaN
11,NaN,NaN,NaN,NaN,NaN,NaN,NaN,NaN
1,NaN,NaN,NaN,NaN,NaN,NaN,NaN,NaN
2,NaN,NaN,NaN,NaN,NaN,NaN,NaN,NaN
3,NaN,NaN,NaN,NaN,NaN,NaN,NaN,NaN
4,NaN,NaN,NaN,NaN,NaN,NaN,NaN,NaN
5,NaN,NaN,NaN,NaN,NaN,NaN,NaN,NaN
6,NaN,NaN,NaN,NaN,NaN,NaN,NaN,NaN
7,NaN,NaN,NaN,NaN,NaN,NaN,NaN,NaN
8,NaN,NaN,NaN,NaN,NaN,NaN,NaN,NaN
9,NaN,NaN,NaN,NaN,NaN,NaN,NaN,NaN
10,NaN,NaN,NaN,NaN,NaN,NaN,NaN,NaN
11,NaN,NaN,NaN,NaN,NaN,NaN,NaN,NaN
1,NaN,NaN,NaN,NaN,NaN,NaN,NaN,NaN
2,NaN,NaN,NaN,NaN,NaN,NaN,NaN,NaN
3,NaN,NaN,NaN,NaN,NaN,NaN,NaN,NaN
4,NaN,NaN,NaN,NaN,NaN,NaN,NaN,NaN
5,NaN,NaN,NaN,NaN,NaN,NaN,NaN,NaN
6,NaN,NaN,NaN,NaN,NaN,NaN,NaN,NaN
7,NaN,NaN,NaN,NaN,NaN,NaN,NaN,NaN
8,NaN,NaN,NaN,NaN,NaN,NaN,NaN,NaN
9,NaN,NaN,NaN,NaN,NaN,NaN,NaN,NaN
10,NaN,NaN,NaN,NaN,NaN,NaN,NaN,NaN
11,NaN,NaN,NaN,NaN,NaN,NaN,NaN,NaN
1,NaN,NaN,NaN,NaN,NaN,NaN,NaN,NaN
2,NaN,NaN,NaN,NaN,NaN,NaN,NaN,NaN
3,NaN,NaN,NaN,NaN,NaN,NaN,NaN,NaN
4,NaN,NaN,NaN,NaN,NaN,NaN,NaN,NaN
5,NaN,NaN,NaN,NaN,NaN,NaN,NaN,NaN
6,NaN,NaN,NaN,NaN,NaN,NaN,NaN,NaN
7,NaN,NaN,NaN,NaN,NaN,NaN,NaN,NaN
8,NaN,NaN,NaN,NaN,NaN,NaN,NaN,NaN
9,NaN,NaN,NaN,NaN,NaN,NaN,NaN,NaN
10,NaN,NaN,NaN,NaN,NaN,NaN,NaN,NaN
11,NaN,NaN,NaN,NaN,NaN,NaN,NaN,NaN
1,NaN,NaN,NaN,NaN,NaN,NaN,NaN,NaN
2,NaN,NaN,NaN,NaN,NaN,NaN,NaN,NaN
3,NaN,NaN,NaN,NaN,NaN,NaN,NaN,NaN
4,NaN,NaN,NaN,NaN,NaN,NaN,NaN,NaN
5,NaN,NaN,NaN,NaN,NaN,NaN,NaN,NaN
6,NaN,NaN,NaN,NaN,NaN,NaN,NaN,NaN
7,NaN,NaN,NaN,NaN,NaN,NaN,NaN,NaN
8,NaN,NaN,NaN,NaN,NaN,NaN,NaN,NaN
9,NaN,NaN,NaN,NaN,NaN,NaN,NaN,NaN
10,NaN,NaN,NaN,NaN,NaN,NaN,NaN,NaN
11,NaN,NaN,NaN,NaN,NaN,NaN,NaN,NaN
1,NaN,NaN,NaN,NaN,NaN,NaN,NaN,NaN
2,NaN,NaN,NaN,NaN,NaN,NaN,NaN,NaN
3,NaN,NaN,NaN,NaN,NaN,NaN,NaN,NaN
4,NaN,NaN,NaN,NaN,NaN,NaN,NaN,NaN
5,NaN,NaN,NaN,NaN,NaN,NaN,NaN,NaN
6,NaN,NaN,NaN,NaN,NaN,NaN,NaN,NaN
7,NaN,NaN,NaN,NaN,NaN,NaN,NaN,NaN
8,NaN,NaN,NaN,NaN,NaN,NaN,NaN,NaN
9,NaN,NaN,NaN,NaN,NaN,NaN,NaN,NaN
10,NaN,NaN,NaN,NaN,NaN,NaN,NaN,NaN
11,NaN,NaN,NaN,NaN,NaN,NaN,NaN,NaN
1,NaN,NaN,NaN,NaN,NaN,NaN,NaN,NaN
2,NaN,NaN,NaN,NaN,NaN,NaN,NaN,NaN
3,NaN,NaN,NaN,NaN,NaN,NaN,NaN,NaN
4,NaN,NaN,NaN,NaN,NaN,NaN,NaN,NaN
5,NaN,NaN,NaN,NaN,NaN,NaN,NaN,NaN
6,NaN,NaN,NaN,NaN,NaN,NaN,NaN,NaN
7,NaN,NaN,NaN,NaN,NaN,NaN,NaN,NaN
8,NaN,NaN,NaN,NaN,NaN,NaN,NaN,NaN
9,NaN,NaN,NaN,NaN,NaN,NaN,NaN,NaN
10,NaN,NaN,NaN,NaN,NaN,NaN,NaN,NaN
11,NaN,NaN,NaN,NaN,NaN,NaN,NaN,NaN
1,NaN,NaN,NaN,NaN,NaN,NaN,NaN,NaN
2,NaN,NaN,NaN,NaN,NaN,NaN,NaN,NaN
3,NaN,NaN,NaN,NaN,NaN,NaN,NaN,NaN
4,NaN,NaN,NaN,NaN,NaN,NaN,NaN,NaN
5,NaN,NaN,NaN,NaN,NaN,NaN,NaN,NaN
6,NaN,NaN,NaN,NaN,NaN,NaN,NaN,NaN
7,NaN,NaN,NaN,NaN,NaN,NaN,NaN,NaN
8,NaN,NaN,NaN,NaN,NaN,NaN,NaN,NaN
9,NaN,NaN,NaN,NaN,NaN,NaN,NaN,NaN
10,NaN,NaN,NaN,NaN,NaN,NaN,NaN,NaN
11,NaN,NaN,NaN,NaN,NaN,NaN,NaN,NaN
1,NaN,NaN,NaN,NaN,NaN,NaN,NaN,NaN
2,NaN,NaN,NaN,NaN,NaN,NaN,NaN,NaN
3,NaN,NaN,NaN,NaN,NaN,NaN,NaN,NaN
4,NaN,NaN,NaN,NaN,NaN,NaN,NaN,NaN
5,NaN,NaN,NaN,NaN,NaN,NaN,NaN,NaN
6,NaN,NaN,NaN,NaN,NaN,NaN,NaN,NaN
7,NaN,NaN,NaN,NaN,NaN,NaN,NaN,NaN
8,NaN,NaN,NaN,NaN,NaN,NaN,NaN,NaN
9,NaN,NaN,NaN,NaN,NaN,NaN,NaN,NaN
10,NaN,NaN,NaN,NaN,NaN,NaN,NaN,NaN
11,NaN,NaN,NaN,NaN,NaN,NaN,NaN,NaN
1,NaN,NaN,NaN,NaN,NaN,NaN,NaN,NaN
2,NaN,NaN,NaN,NaN,NaN,NaN,NaN,NaN
3,NaN,NaN,NaN,NaN,NaN,NaN,NaN,NaN
4,NaN,NaN,NaN,NaN,NaN,NaN,NaN,NaN
5,NaN,NaN,NaN,NaN,NaN,NaN,NaN,NaN
6,NaN,NaN,NaN,NaN,NaN,NaN,NaN,NaN
7,NaN,NaN,NaN,NaN,NaN,NaN,NaN,NaN
8,NaN,NaN,NaN,NaN,NaN,NaN,NaN,NaN
9,NaN,NaN,NaN,NaN,NaN,NaN,NaN,NaN
10,NaN,NaN,NaN,NaN,NaN,NaN,NaN,NaN
11,NaN,NaN,NaN,NaN,NaN,NaN,NaN,NaN
1,NaN,NaN,NaN,NaN,NaN,NaN,NaN,NaN
2,NaN,NaN,NaN,NaN,NaN,NaN,NaN,NaN
3,NaN,NaN,NaN,NaN,NaN,NaN,NaN,NaN
4,NaN,NaN,NaN,NaN,NaN,NaN,NaN,NaN
5,NaN,NaN,NaN,NaN,NaN,NaN,NaN,NaN
6,NaN,NaN,NaN,NaN,NaN,NaN,NaN,NaN
7,NaN,NaN,NaN,NaN,NaN,NaN,NaN,NaN
8,NaN,NaN,NaN,NaN,NaN,NaN,NaN,NaN
9,NaN,NaN,NaN,NaN,NaN,NaN,NaN,NaN
10,NaN,NaN,NaN,NaN,NaN,NaN,NaN,NaN
11,NaN,NaN,NaN,NaN,NaN,NaN,NaN,NaN
1,NaN,NaN,NaN,NaN,NaN,NaN,NaN,NaN
2,NaN,NaN,NaN,NaN,NaN,NaN,NaN,NaN
3,NaN,NaN,NaN,NaN,NaN,NaN,NaN,NaN
4,NaN,NaN,NaN,NaN,NaN,NaN,NaN,NaN
5,NaN,NaN,NaN,NaN,NaN,NaN,NaN,NaN
6,NaN,NaN,NaN,NaN,NaN,NaN,NaN,NaN
7,NaN,NaN,NaN,NaN,NaN,NaN,NaN,NaN
8,NaN,NaN,NaN,NaN,NaN,NaN,NaN,NaN
9,NaN,NaN,NaN,NaN,NaN,NaN,NaN,NaN
10,NaN,NaN,NaN,NaN,NaN,NaN,NaN,NaN
11,NaN,NaN,NaN,NaN,NaN,NaN,NaN,NaN
1,NaN,NaN,NaN,NaN,NaN,NaN,NaN,NaN
2,NaN,NaN,NaN,NaN,NaN,NaN,NaN,NaN
3,NaN,NaN,NaN,NaN,NaN,NaN,NaN,NaN
4,NaN,NaN,NaN,NaN,NaN,NaN,NaN,NaN
5,NaN,NaN,NaN,NaN,NaN,NaN,NaN,NaN
6,NaN,NaN,NaN,NaN,NaN,NaN,NaN,NaN
7,NaN,NaN,NaN,NaN,NaN,NaN,NaN,NaN
8,NaN,NaN,NaN,NaN,NaN,NaN,NaN,NaN
9,NaN,NaN,NaN,NaN,NaN,NaN,NaN,NaN
10,NaN,NaN,NaN,NaN,NaN,NaN,NaN,NaN
11,NaN,NaN,NaN,NaN,NaN,NaN,NaN,NaN
1,NaN,NaN,NaN,NaN,NaN,NaN,NaN,NaN
2,NaN,NaN,NaN,NaN,NaN,NaN,NaN,NaN
3,NaN,NaN,NaN,NaN,NaN,NaN,NaN,NaN
4,NaN,NaN,NaN,NaN,NaN,NaN,NaN,NaN
5,NaN,NaN,NaN,NaN,NaN,NaN,NaN,NaN
6,NaN,NaN,NaN,NaN,NaN,NaN,NaN,NaN
7,NaN,NaN,NaN,NaN,NaN,NaN,NaN,NaN
8,NaN,NaN,NaN,NaN,NaN,NaN,NaN,NaN
9,NaN,NaN,NaN,NaN,NaN,NaN,NaN,NaN
10,NaN,NaN,NaN,NaN,NaN,NaN,NaN,NaN
11,NaN,NaN,NaN,NaN,NaN,NaN,NaN,NaN
1,NaN,NaN,NaN,NaN,NaN,NaN,NaN,NaN
2,NaN,NaN,NaN,NaN,NaN,NaN,NaN,NaN
3,NaN,NaN,NaN,NaN,NaN,NaN,NaN,NaN
4,NaN,NaN,NaN,NaN,NaN,NaN,NaN,NaN
5,NaN,NaN,NaN,NaN,NaN,NaN,NaN,NaN
6,NaN,NaN,NaN,NaN,NaN,NaN,NaN,NaN
7,NaN,NaN,NaN,NaN,NaN,NaN,NaN,NaN
8,NaN,NaN,NaN,NaN,NaN,NaN,NaN,NaN
9,NaN,NaN,NaN,NaN,NaN,NaN,NaN,NaN
10,NaN,NaN,NaN,NaN,NaN,NaN,NaN,NaN
11,NaN,NaN,NaN,NaN,NaN,NaN,NaN,NaN
1,NaN,NaN,NaN,NaN,NaN,NaN,NaN,NaN
2,NaN,NaN,NaN,NaN,NaN,NaN,NaN,NaN
3,NaN,NaN,NaN,NaN,NaN,NaN,NaN,NaN
4,NaN,NaN,NaN,NaN,NaN,NaN,NaN,NaN
5,NaN,NaN,NaN,NaN,NaN,NaN,NaN,NaN
6,NaN,NaN,NaN,NaN,NaN,NaN,NaN,NaN
7,NaN,NaN,NaN,NaN,NaN,NaN,NaN,NaN
8,NaN,NaN,NaN,NaN,NaN,NaN,NaN,NaN
9,NaN,NaN,NaN,NaN,NaN,NaN,NaN,NaN
10,NaN,NaN,NaN,NaN,NaN,NaN,NaN,NaN
11,NaN,NaN,NaN,NaN,NaN,NaN,NaN,NaN
1,NaN,NaN,NaN,NaN,NaN,NaN,NaN,NaN
2,NaN,NaN,NaN,NaN,NaN,NaN,NaN,NaN
3,NaN,NaN,NaN,NaN,NaN,NaN,NaN,NaN
4,NaN,NaN,NaN,NaN,NaN,NaN,NaN,NaN
5,NaN,NaN,NaN,NaN,NaN,NaN,NaN,NaN
6,NaN,NaN,NaN,NaN,NaN,NaN,NaN,NaN
7,NaN,NaN,NaN,NaN,NaN,NaN,NaN,NaN
8,NaN,NaN,NaN,NaN,NaN,NaN,NaN,NaN
9,NaN,NaN,NaN,NaN,NaN,NaN,NaN,NaN
10,NaN,NaN,NaN,NaN,NaN,NaN,NaN,NaN
11,NaN,NaN,NaN,NaN,NaN,NaN,NaN,NaN
1,NaN,NaN,NaN,NaN,NaN,NaN,NaN,NaN
2,NaN,NaN,NaN,NaN,NaN,NaN,NaN,NaN
3,NaN,NaN,NaN,NaN,NaN,NaN,NaN,NaN
4,NaN,NaN,NaN,NaN,NaN,NaN,NaN,NaN
5,NaN,NaN,NaN,NaN,NaN,NaN,NaN,NaN
6,NaN,NaN,NaN,NaN,NaN,NaN,NaN,NaN
7,NaN,NaN,NaN,NaN,NaN,NaN,NaN,NaN
8,NaN,NaN,NaN,NaN,NaN,NaN,NaN,NaN
9,NaN,NaN,NaN,NaN,NaN,NaN,NaN,NaN
10,NaN,NaN,NaN,NaN,NaN,NaN,NaN,NaN
11,NaN,NaN,NaN,NaN,NaN,NaN,NaN,NaN
1,NaN,NaN,NaN,NaN,NaN,NaN,NaN,NaN
2,NaN,NaN,NaN,NaN,NaN,NaN,NaN,NaN
3,NaN,NaN,NaN,NaN,NaN,NaN,NaN,NaN
4,NaN,NaN,NaN,NaN,NaN,NaN,NaN,NaN
5,NaN,NaN,NaN,NaN,NaN,NaN,NaN,NaN
6,NaN,NaN,NaN,NaN,NaN,NaN,NaN,NaN
7,NaN,NaN,NaN,NaN,NaN,NaN,NaN,NaN
8,NaN,NaN,NaN,NaN,NaN,NaN,NaN,NaN
9,NaN,NaN,NaN,NaN,NaN,NaN,NaN,NaN
10,NaN,NaN,NaN,NaN,NaN,NaN,NaN,NaN
11,NaN,NaN,NaN,NaN,NaN,NaN,NaN,NaN
1,NaN,NaN,NaN,NaN,NaN,NaN,NaN,NaN
2,NaN,NaN,NaN,NaN,NaN,NaN,NaN,NaN
3,NaN,NaN,NaN,NaN,NaN,NaN,NaN,NaN
4,NaN,NaN,NaN,NaN,NaN,NaN,NaN,NaN
5,NaN,NaN,NaN,NaN,NaN,NaN,NaN,NaN
6,NaN,NaN,NaN,NaN,NaN,NaN,NaN,NaN
7,NaN,NaN,NaN,NaN,NaN,NaN,NaN,NaN
8,NaN,NaN,NaN,NaN,NaN,NaN,NaN,NaN
9,NaN,NaN,NaN,NaN,NaN,NaN,NaN,NaN
10,NaN,NaN,NaN,NaN,NaN,NaN,NaN,NaN
11,NaN,NaN,NaN,NaN,NaN,NaN,NaN,NaN
1,NaN,NaN,NaN,NaN,NaN,NaN,NaN,NaN
2,NaN,NaN,NaN,NaN,NaN,NaN,NaN,NaN
3,NaN,NaN,NaN,NaN,NaN,NaN,NaN,NaN
4,NaN,NaN,NaN,NaN,NaN,NaN,NaN,NaN
5,NaN,NaN,NaN,NaN,NaN,NaN,NaN,NaN
6,NaN,NaN,NaN,NaN,NaN,NaN,NaN,NaN
7,NaN,NaN,NaN,NaN,NaN,NaN,NaN,NaN
8,NaN,NaN,NaN,NaN,NaN,NaN,NaN,NaN
9,NaN,NaN,NaN,NaN,NaN,NaN,NaN,NaN
10,NaN,NaN,NaN,NaN,NaN,NaN,NaN,NaN
11,NaN,NaN,NaN,NaN,NaN,NaN,NaN,NaN
1,NaN,NaN,NaN,NaN,NaN,NaN,NaN,NaN
2,NaN,NaN,NaN,NaN,NaN,NaN,NaN,NaN
3,NaN,NaN,NaN,NaN,NaN,NaN,NaN,NaN
4,NaN,NaN,NaN,NaN,NaN,NaN,NaN,NaN
5,NaN,NaN,NaN,NaN,NaN,NaN,NaN,NaN
6,NaN,NaN,NaN,NaN,NaN,NaN,NaN,NaN
7,NaN,NaN,NaN,NaN,NaN,NaN,NaN,NaN
8,NaN,NaN,NaN,NaN,NaN,NaN,NaN,NaN
9,NaN,NaN,NaN,NaN,NaN,NaN,NaN,NaN
10,NaN,NaN,NaN,NaN,NaN,NaN,NaN,NaN
11,NaN,NaN,NaN,NaN,NaN,NaN,NaN,NaN
1,NaN,NaN,NaN,NaN,NaN,NaN,NaN,NaN
2,NaN,NaN,NaN,NaN,NaN,NaN,NaN,NaN
3,NaN,NaN,NaN,NaN,NaN,NaN,NaN,NaN
4,NaN,NaN,NaN,NaN,NaN,NaN,NaN,NaN
5,NaN,NaN,NaN,NaN,NaN,NaN,NaN,NaN
6,NaN,NaN,NaN,NaN,NaN,NaN,NaN,NaN
7,NaN,NaN,NaN,NaN,NaN,NaN,NaN,NaN
8,NaN,NaN,NaN,NaN,NaN,NaN,NaN,NaN
9,NaN,NaN,NaN,NaN,NaN,NaN,NaN,NaN
10,NaN,NaN,NaN,NaN,NaN,NaN,NaN,NaN
11,NaN,NaN,NaN,NaN,NaN,NaN,NaN,NaN
1,NaN,NaN,NaN,NaN,NaN,NaN,NaN,NaN
2,NaN,NaN,NaN,NaN,NaN,NaN,NaN,NaN
3,NaN,NaN,NaN,NaN,NaN,NaN,NaN,NaN
4,NaN,NaN,NaN,NaN,NaN,NaN,NaN,NaN
5,NaN,NaN,NaN,NaN,NaN,NaN,NaN,NaN
6,NaN,NaN,NaN,NaN,NaN,NaN,NaN,NaN
7,NaN,NaN,NaN,NaN,NaN,NaN,NaN,NaN
8,NaN,NaN,NaN,NaN,NaN,NaN,NaN,NaN
9,NaN,NaN,NaN,NaN,NaN,NaN,NaN,NaN
10,NaN,NaN,NaN,NaN,NaN,NaN,NaN,NaN
11,NaN,NaN,NaN,NaN,NaN,NaN,NaN,NaN
1,NaN,NaN,NaN,NaN,NaN,NaN,NaN,NaN
2,NaN,NaN,NaN,NaN,NaN,NaN,NaN,NaN
3,NaN,NaN,NaN,NaN,NaN,NaN,NaN,NaN
4,NaN,NaN,NaN,NaN,NaN,NaN,NaN,NaN
5,NaN,NaN,NaN,NaN,NaN,NaN,NaN,NaN
6,NaN,NaN,NaN,NaN,NaN,NaN,NaN,NaN
7,NaN,NaN,NaN,NaN,NaN,NaN,NaN,NaN
8,NaN,NaN,NaN,NaN,NaN,NaN,NaN,NaN
9,NaN,NaN,NaN,NaN,NaN,NaN,NaN,NaN
10,NaN,NaN,NaN,NaN,NaN,NaN,NaN,NaN
11,NaN,NaN,NaN,NaN,NaN,NaN,NaN,NaN
1,NaN,NaN,NaN,NaN,NaN,NaN,NaN,NaN
2,NaN,NaN,NaN,NaN,NaN,NaN,NaN,NaN
3,NaN,NaN,NaN,NaN,NaN,NaN,NaN,NaN
4,NaN,NaN,NaN,NaN,NaN,NaN,NaN,NaN
5,NaN,NaN,NaN,NaN,NaN,NaN,NaN,NaN
6,NaN,NaN,NaN,NaN,NaN,NaN,NaN,NaN
7,NaN,NaN,NaN,NaN,NaN,NaN,NaN,NaN
8,NaN,NaN,NaN,NaN,NaN,NaN,NaN,NaN
9,NaN,NaN,NaN,NaN,NaN,NaN,NaN,NaN
10,NaN,NaN,NaN,NaN,NaN,NaN,NaN,NaN
11,NaN,NaN,NaN,NaN,NaN,NaN,NaN,NaN
1,NaN,NaN,NaN,NaN,NaN,NaN,NaN,NaN
2,NaN,NaN,NaN,NaN,NaN,NaN,NaN,NaN
3,NaN,NaN,NaN,NaN,NaN,NaN,NaN,NaN
4,NaN,NaN,NaN,NaN,NaN,NaN,NaN,NaN
5,NaN,NaN,NaN,NaN,NaN,NaN,NaN,NaN
6,NaN,NaN,NaN,NaN,NaN,NaN,NaN,NaN
7,NaN,NaN,NaN,NaN,NaN,NaN,NaN,NaN
8,NaN,NaN,NaN,NaN,NaN,NaN,NaN,NaN
9,NaN,NaN,NaN,NaN,NaN,NaN,NaN,NaN
10,NaN,NaN,NaN,NaN,NaN,NaN,NaN,NaN
11,NaN,NaN,NaN,NaN,NaN,NaN,NaN,NaN
1,NaN,NaN,NaN,NaN,NaN,NaN,NaN,NaN
2,NaN,NaN,NaN,NaN,NaN,NaN,NaN,NaN
3,NaN,NaN,NaN,NaN,NaN,NaN,NaN,NaN
4,NaN,NaN,NaN,NaN,NaN,NaN,NaN,NaN
5,NaN,NaN,NaN,NaN,NaN,NaN,NaN,NaN
6,NaN,NaN,NaN,NaN,NaN,NaN,NaN,NaN
7,NaN,NaN,NaN,NaN,NaN,NaN,NaN,NaN
8,NaN,NaN,NaN,NaN,NaN,NaN,NaN,NaN
9,NaN,NaN,NaN,NaN,NaN,NaN,NaN,NaN
10,NaN,NaN,NaN,NaN,NaN,NaN,NaN,NaN
11,NaN,NaN,NaN,NaN,NaN,NaN,NaN,NaN
1,NaN,NaN,NaN,NaN,NaN,NaN,NaN,NaN
2,NaN,NaN,NaN,NaN,NaN,NaN,NaN,NaN
3,NaN,NaN,NaN,NaN,NaN,NaN,NaN,NaN
4,NaN,NaN,NaN,NaN,NaN,NaN,NaN,NaN
5,NaN,NaN,NaN,NaN,NaN,NaN,NaN,NaN
6,NaN,NaN,NaN,NaN,NaN,NaN,NaN,NaN
7,NaN,NaN,NaN,NaN,NaN,NaN,NaN,NaN
8,NaN,NaN,NaN,NaN,NaN,NaN,NaN,NaN
9,NaN,NaN,NaN,NaN,NaN,NaN,NaN,NaN
10,NaN,NaN,NaN,NaN,NaN,NaN,NaN,NaN
11,NaN,NaN,NaN,NaN,NaN,NaN,NaN,NaN
1,NaN,NaN,NaN,NaN,NaN,NaN,NaN,NaN
2,NaN,NaN,NaN,NaN,NaN,NaN,NaN,NaN
3,NaN,NaN,NaN,NaN,NaN,NaN,NaN,NaN
4,NaN,NaN,NaN,NaN,NaN,NaN,NaN,NaN
5,NaN,NaN,NaN,NaN,NaN,NaN,NaN,NaN
6,NaN,NaN,NaN,NaN,NaN,NaN,NaN,NaN
7,NaN,NaN,NaN,NaN,NaN,NaN,NaN,NaN
8,NaN,NaN,NaN,NaN,NaN,NaN,NaN,NaN
9,NaN,NaN,NaN,NaN,NaN,NaN,NaN,NaN
10,NaN,NaN,NaN,NaN,NaN,NaN,NaN,NaN
11,NaN,NaN,NaN,NaN,NaN,NaN,NaN,NaN
1,NaN,NaN,NaN,NaN,NaN,NaN,NaN,NaN
2,NaN,NaN,NaN,NaN,NaN,NaN,NaN,NaN
3,NaN,NaN,NaN,NaN,NaN,NaN,NaN,NaN
4,NaN,NaN,NaN,NaN,NaN,NaN,NaN,NaN
5,NaN,NaN,NaN,NaN,NaN,NaN,NaN,NaN
6,NaN,NaN,NaN,NaN,NaN,NaN,NaN,NaN
7,NaN,NaN,NaN,NaN,NaN,NaN,NaN,NaN
8,NaN,NaN,NaN,NaN,NaN,NaN,NaN,NaN
9,NaN,NaN,NaN,NaN,NaN,NaN,NaN,NaN
10,NaN,NaN,NaN,NaN,NaN,NaN,NaN,NaN
11,NaN,NaN,NaN,NaN,NaN,NaN,NaN,NaN
1,NaN,NaN,NaN,NaN,NaN,NaN,NaN,NaN
2,NaN,NaN,NaN,NaN,NaN,NaN,NaN,NaN
3,NaN,NaN,NaN,NaN,NaN,NaN,NaN,NaN
4,NaN,NaN,NaN,NaN,NaN,NaN,NaN,NaN
5,NaN,NaN,NaN,NaN,NaN,NaN,NaN,NaN
6,NaN,NaN,NaN,NaN,NaN,NaN,NaN,NaN
7,NaN,NaN,NaN,NaN,NaN,NaN,NaN,NaN
8,NaN,NaN,NaN,NaN,NaN,NaN,NaN,NaN
9,NaN,NaN,NaN,NaN,NaN,NaN,NaN,NaN
10,NaN,NaN,NaN,NaN,NaN,NaN,NaN,NaN
11,NaN,NaN,NaN,NaN,NaN,NaN,NaN,NaN
1,NaN,NaN,NaN,NaN,NaN,NaN,NaN,NaN
2,NaN,NaN,NaN,NaN,NaN,NaN,NaN,NaN
3,NaN,NaN,NaN,NaN,NaN,NaN,NaN,NaN
4,NaN,NaN,NaN,NaN,NaN,NaN,NaN,NaN
5,NaN,NaN,NaN,NaN,NaN,NaN,NaN,NaN
6,NaN,NaN,NaN,NaN,NaN,NaN,NaN,NaN
7,NaN,NaN,NaN,NaN,NaN,NaN,NaN,NaN
8,NaN,NaN,NaN,NaN,NaN,NaN,NaN,NaN
9,NaN,NaN,NaN,NaN,NaN,NaN,NaN,NaN
10,NaN,NaN,NaN,NaN,NaN,NaN,NaN,NaN
11,NaN,NaN,NaN,NaN,NaN,NaN,NaN,NaN
1,NaN,NaN,NaN,NaN,NaN,NaN,NaN,NaN
2,NaN,NaN,NaN,NaN,NaN,NaN,NaN,NaN
3,NaN,NaN,NaN,NaN,NaN,NaN,NaN,NaN
4,NaN,NaN,NaN,NaN,NaN,NaN,NaN,NaN
5,NaN,NaN,NaN,NaN,NaN,NaN,NaN,NaN
6,NaN,NaN,NaN,NaN,NaN,NaN,NaN,NaN
7,NaN,NaN,NaN,NaN,NaN,NaN,NaN,NaN
8,NaN,NaN,NaN,NaN,NaN,NaN,NaN,NaN
9,NaN,NaN,NaN,NaN,NaN,NaN,NaN,NaN
10,NaN,NaN,NaN,NaN,NaN,NaN,NaN,NaN
11,NaN,NaN,NaN,NaN,NaN,NaN,NaN,NaN
1,NaN,NaN,NaN,NaN,NaN,NaN,NaN,NaN
2,NaN,NaN,NaN,NaN,NaN,NaN,NaN,NaN
3,NaN,NaN,NaN,NaN,NaN,NaN,NaN,NaN
4,NaN,NaN,NaN,NaN,NaN,NaN,NaN,NaN
5,NaN,NaN,NaN,NaN,NaN,NaN,NaN,NaN
6,NaN,NaN,NaN,NaN,NaN,NaN,NaN,NaN
7,NaN,NaN,NaN,NaN,NaN,NaN,NaN,NaN
8,NaN,NaN,NaN,NaN,NaN,NaN,NaN,NaN
9,NaN,NaN,NaN,NaN,NaN,NaN,NaN,NaN
10,NaN,NaN,NaN,NaN,NaN,NaN,NaN,NaN
11,NaN,NaN,NaN,NaN,NaN,NaN,NaN,NaN
1,NaN,NaN,NaN,NaN,NaN,NaN,NaN,NaN
2,NaN,NaN,NaN,NaN,NaN,NaN,NaN,NaN
3,NaN,NaN,NaN,NaN,NaN,NaN,NaN,NaN
4,NaN,NaN,NaN,NaN,NaN,NaN,NaN,NaN
5,NaN,NaN,NaN,NaN,NaN,NaN,NaN,NaN
6,NaN,NaN,NaN,NaN,NaN,NaN,NaN,NaN
7,NaN,NaN,NaN,NaN,NaN,NaN,NaN,NaN
8,NaN,NaN,NaN,NaN,NaN,NaN,NaN,NaN
9,NaN,NaN,NaN,NaN,NaN,NaN,NaN,NaN
10,NaN,NaN,NaN,NaN,NaN,NaN,NaN,NaN
11,NaN,NaN,NaN,NaN,NaN,NaN,NaN,NaN
1,NaN,NaN,NaN,NaN,NaN,NaN,NaN,NaN
2,NaN,NaN,NaN,NaN,NaN,NaN,NaN,NaN
3,NaN,NaN,NaN,NaN,NaN,NaN,NaN,NaN
4,NaN,NaN,NaN,NaN,NaN,NaN,NaN,NaN
5,NaN,NaN,NaN,NaN,NaN,NaN,NaN,NaN
6,NaN,NaN,NaN,NaN,NaN,NaN,NaN,NaN
7,NaN,NaN,NaN,NaN,NaN,NaN,NaN,NaN
8,NaN,NaN,NaN,NaN,NaN,NaN,NaN,NaN
9,NaN,NaN,NaN,NaN,NaN,NaN,NaN,NaN
10,NaN,NaN,NaN,NaN,NaN,NaN,NaN,NaN
11,NaN,NaN,NaN,NaN,NaN,NaN,NaN,NaN
1,NaN,NaN,NaN,NaN,NaN,NaN,NaN,NaN
2,NaN,NaN,NaN,NaN,NaN,NaN,NaN,NaN
3,NaN,NaN,NaN,NaN,NaN,NaN,NaN,NaN
4,NaN,NaN,NaN,NaN,NaN,NaN,NaN,NaN
5,NaN,NaN,NaN,NaN,NaN,NaN,NaN,NaN
6,NaN,NaN,NaN,NaN,NaN,NaN,NaN,NaN
7,NaN,NaN,NaN,NaN,NaN,NaN,NaN,NaN
8,NaN,NaN,NaN,NaN,NaN,NaN,NaN,NaN
9,NaN,NaN,NaN,NaN,NaN,NaN,NaN,NaN
10,NaN,NaN,NaN,NaN,NaN,NaN,NaN,NaN
11,NaN,NaN,NaN,NaN,NaN,NaN,NaN,NaN
1,NaN,NaN,NaN,NaN,NaN,NaN,NaN,NaN
2,NaN,NaN,NaN,NaN,NaN,NaN,NaN,NaN
3,NaN,NaN,NaN,NaN,NaN,NaN,NaN,NaN
4,NaN,NaN,NaN,NaN,NaN,NaN,NaN,NaN
5,NaN,NaN,NaN,NaN,NaN,NaN,NaN,NaN
6,NaN,NaN,NaN,NaN,NaN,NaN,NaN,NaN
7,NaN,NaN,NaN,NaN,NaN,NaN,NaN,NaN
8,NaN,NaN,NaN,NaN,NaN,NaN,NaN,NaN
9,NaN,NaN,NaN,NaN,NaN,NaN,NaN,NaN
10,NaN,NaN,NaN,NaN,NaN,NaN,NaN,NaN
11,NaN,NaN,NaN,NaN,NaN,NaN,NaN,NaN
1,NaN,NaN,NaN,NaN,NaN,NaN,NaN,NaN
2,NaN,NaN,NaN,NaN,NaN,NaN,NaN,NaN
3,NaN,NaN,NaN,NaN,NaN,NaN,NaN,NaN
4,NaN,NaN,NaN,NaN,NaN,NaN,NaN,NaN
5,NaN,NaN,NaN,NaN,NaN,NaN,NaN,NaN
6,NaN,NaN,NaN,NaN,NaN,NaN,NaN,NaN
7,NaN,NaN,NaN,NaN,NaN,NaN,NaN,NaN
8,NaN,NaN,NaN,NaN,NaN,NaN,NaN,NaN
9,NaN,NaN,NaN,NaN,NaN,NaN,NaN,NaN
10,NaN,NaN,NaN,NaN,NaN,NaN,NaN,NaN
11,NaN,NaN,NaN,NaN,NaN,NaN,NaN,NaN
1,NaN,NaN,NaN,NaN,NaN,NaN,NaN,NaN
2,NaN,NaN,NaN,NaN,NaN,NaN,NaN,NaN
3,NaN,NaN,NaN,NaN,NaN,NaN,NaN,NaN
4,NaN,NaN,NaN,NaN,NaN,NaN,NaN,NaN
5,NaN,NaN,NaN,NaN,NaN,NaN,NaN,NaN
6,NaN,NaN,NaN,NaN,NaN,NaN,NaN,NaN
7,NaN,NaN,NaN,NaN,NaN,NaN,NaN,NaN
8,NaN,NaN,NaN,NaN,NaN,NaN,NaN,NaN
9,NaN,NaN,NaN,NaN,NaN,NaN,NaN,NaN
10,NaN,NaN,NaN,NaN,NaN,NaN,NaN,NaN
11,NaN,NaN,NaN,NaN,NaN,NaN,NaN,NaN
1,NaN,NaN,NaN,NaN,NaN,NaN,NaN,NaN
2,NaN,NaN,NaN,NaN,NaN,NaN,NaN,NaN
3,NaN,NaN,NaN,NaN,NaN,NaN,NaN,NaN
4,NaN,NaN,NaN,NaN,NaN,NaN,NaN,NaN
5,NaN,NaN,NaN,NaN,NaN,NaN,NaN,NaN
6,NaN,NaN,NaN,NaN,NaN,NaN,NaN,NaN
7,NaN,NaN,NaN,NaN,NaN,NaN,NaN,NaN
8,NaN,NaN,NaN,NaN,NaN,NaN,NaN,NaN
9,NaN,NaN,NaN,NaN,NaN,NaN,NaN,NaN
10,NaN,NaN,NaN,NaN,NaN,NaN,NaN,NaN
11,NaN,NaN,NaN,NaN,NaN,NaN,NaN,NaN
1,NaN,NaN,NaN,NaN,NaN,NaN,NaN,NaN
2,NaN,NaN,NaN,NaN,NaN,NaN,NaN,NaN
3,NaN,NaN,NaN,NaN,NaN,NaN,NaN,NaN
4,NaN,NaN,NaN,NaN,NaN,NaN,NaN,NaN
5,NaN,NaN,NaN,NaN,NaN,NaN,NaN,NaN
6,NaN,NaN,NaN,NaN,NaN,NaN,NaN,NaN
7,NaN,NaN,NaN,NaN,NaN,NaN,NaN,NaN
8,NaN,NaN,NaN,NaN,NaN,NaN,NaN,NaN
9,NaN,NaN,NaN,NaN,NaN,NaN,NaN,NaN
10,NaN,NaN,NaN,NaN,NaN,NaN,NaN,NaN
11,NaN,NaN,NaN,NaN,NaN,NaN,NaN,NaN
1,NaN,NaN,NaN,NaN,NaN,NaN,NaN,NaN
2,NaN,NaN,NaN,NaN,NaN,NaN,NaN,NaN
3,NaN,NaN,NaN,NaN,NaN,NaN,NaN,NaN
4,NaN,NaN,NaN,NaN,NaN,NaN,NaN,NaN
5,NaN,NaN,NaN,NaN,NaN,NaN,NaN,NaN
6,NaN,NaN,NaN,NaN,NaN,NaN,NaN,NaN
7,NaN,NaN,NaN,NaN,NaN,NaN,NaN,NaN
8,NaN,NaN,NaN,NaN,NaN,NaN,NaN,NaN
9,NaN,NaN,NaN,NaN,NaN,NaN,NaN,NaN
10,NaN,NaN,NaN,NaN,NaN,NaN,NaN,NaN
11,NaN,NaN,NaN,NaN,NaN,NaN,NaN,NaN
1,NaN,NaN,NaN,NaN,NaN,NaN,NaN,NaN
2,NaN,NaN,NaN,NaN,NaN,NaN,NaN,NaN
3,NaN,NaN,NaN,NaN,NaN,NaN,NaN,NaN
4,NaN,NaN,NaN,NaN,NaN,NaN,NaN,NaN
5,NaN,NaN,NaN,NaN,NaN,NaN,NaN,NaN
6,NaN,NaN,NaN,NaN,NaN,NaN,NaN,NaN
7,NaN,NaN,NaN,NaN,NaN,NaN,NaN,NaN
8,NaN,NaN,NaN,NaN,NaN,NaN,NaN,NaN
9,NaN,NaN,NaN,NaN,NaN,NaN,NaN,NaN
10,NaN,NaN,NaN,NaN,NaN,NaN,NaN,NaN
11,NaN,NaN,NaN,NaN,NaN,NaN,NaN,NaN
1,NaN,NaN,NaN,NaN,NaN,NaN,NaN,NaN
2,NaN,NaN,NaN,NaN,NaN,NaN,NaN,NaN
3,NaN,NaN,NaN,NaN,NaN,NaN,NaN,NaN
4,NaN,NaN,NaN,NaN,NaN,NaN,NaN,NaN
5,NaN,NaN,NaN,NaN,NaN,NaN,NaN,NaN
6,NaN,NaN,NaN,NaN,NaN,NaN,NaN,NaN
7,NaN,NaN,NaN,NaN,NaN,NaN,NaN,NaN
8,NaN,NaN,NaN,NaN,NaN,NaN,NaN,NaN
9,NaN,NaN,NaN,NaN,NaN,NaN,NaN,NaN
10,NaN,NaN,NaN,NaN,NaN,NaN,NaN,NaN
11,NaN,NaN,NaN,NaN,NaN,NaN,NaN,NaN
1,NaN,NaN,NaN,NaN,NaN,NaN,NaN,NaN
2,NaN,NaN,NaN,NaN,NaN,NaN,NaN,NaN
3,NaN,NaN,NaN,NaN,NaN,NaN,NaN,NaN
4,NaN,NaN,NaN,NaN,NaN,NaN,NaN,NaN
5,NaN,NaN,NaN,NaN,NaN,NaN,NaN,NaN
6,NaN,NaN,NaN,NaN,NaN,NaN,NaN,NaN
7,NaN,NaN,NaN,NaN,NaN,NaN,NaN,NaN
8,NaN,NaN,NaN,NaN,NaN,NaN,NaN,NaN
9,NaN,NaN,NaN,NaN,NaN,NaN,NaN,NaN
10,NaN,NaN,NaN,NaN,NaN,NaN,NaN,NaN
11,NaN,NaN,NaN,NaN,NaN,NaN,NaN,NaN
1,NaN,NaN,NaN,NaN,NaN,NaN,NaN,NaN
2,NaN,NaN,NaN,NaN,NaN,NaN,NaN,NaN
3,NaN,NaN,NaN,NaN,NaN,NaN,NaN,NaN
4,NaN,NaN,NaN,NaN,NaN,NaN,NaN,NaN
5,NaN,NaN,NaN,NaN,NaN,NaN,NaN,NaN
6,NaN,NaN,NaN,NaN,NaN,NaN,NaN,NaN
7,NaN,NaN,NaN,NaN,NaN,NaN,NaN,NaN
8,NaN,NaN,NaN,NaN,NaN,NaN,NaN,NaN
9,NaN,NaN,NaN,NaN,NaN,NaN,NaN,NaN
10,NaN,NaN,NaN,NaN,NaN,NaN,NaN,NaN
11,NaN,NaN,NaN,NaN,NaN,NaN,NaN,NaN
1,NaN,NaN,NaN,NaN,NaN,NaN,NaN,NaN
2,NaN,NaN,NaN,NaN,NaN,NaN,NaN,NaN
3,NaN,NaN,NaN,NaN,NaN,NaN,NaN,NaN
4,NaN,NaN,NaN,NaN,NaN,NaN,NaN,NaN
5,NaN,NaN,NaN,NaN,NaN,NaN,NaN,NaN
6,NaN,NaN,NaN,NaN,NaN,NaN,NaN,NaN
7,NaN,NaN,NaN,NaN,NaN,NaN,NaN,NaN
8,NaN,NaN,NaN,NaN,NaN,NaN,NaN,NaN
9,NaN,NaN,NaN,NaN,NaN,NaN,NaN,NaN
10,NaN,NaN,NaN,NaN,NaN,NaN,NaN,NaN
11,NaN,NaN,NaN,NaN,NaN,NaN,NaN,NaN
1,NaN,NaN,NaN,NaN,NaN,NaN,NaN,NaN
2,NaN,NaN,NaN,NaN,NaN,NaN,NaN,NaN
3,NaN,NaN,NaN,NaN,NaN,NaN,NaN,NaN
4,NaN,NaN,NaN,NaN,NaN,NaN,NaN,NaN
5,NaN,NaN,NaN,NaN,NaN,NaN,NaN,NaN
6,NaN,NaN,NaN,NaN,NaN,NaN,NaN,NaN
7,NaN,NaN,NaN,NaN,NaN,NaN,NaN,NaN
8,NaN,NaN,NaN,NaN,NaN,NaN,NaN,NaN
9,NaN,NaN,NaN,NaN,NaN,NaN,NaN,NaN
10,NaN,NaN,NaN,NaN,NaN,NaN,NaN,NaN
11,NaN,NaN,NaN,NaN,NaN,NaN,NaN,NaN
1,NaN,NaN,NaN,NaN,NaN,NaN,NaN,NaN
2,NaN,NaN,NaN,NaN,NaN,NaN,NaN,NaN
3,NaN,NaN,NaN,NaN,NaN,NaN,NaN,NaN
4,NaN,NaN,NaN,NaN,NaN,NaN,NaN,NaN
5,NaN,NaN,NaN,NaN,NaN,NaN,NaN,NaN
6,NaN,NaN,NaN,NaN,NaN,NaN,NaN,NaN
7,NaN,NaN,NaN,NaN,NaN,NaN,NaN,NaN
8,NaN,NaN,NaN,NaN,NaN,NaN,NaN,NaN
9,NaN,NaN,NaN,NaN,NaN,NaN,NaN,NaN
10,NaN,NaN,NaN,NaN,NaN,NaN,NaN,NaN
11,NaN,NaN,NaN,NaN,NaN,NaN,NaN,NaN
1,NaN,NaN,NaN,NaN,NaN,NaN,NaN,NaN
2,NaN,NaN,NaN,NaN,NaN,NaN,NaN,NaN
3,NaN,NaN,NaN,NaN,NaN,NaN,NaN,NaN
4,NaN,NaN,NaN,NaN,NaN,NaN,NaN,NaN
5,NaN,NaN,NaN,NaN,NaN,NaN,NaN,NaN
6,NaN,NaN,NaN,NaN,NaN,NaN,NaN,NaN
7,NaN,NaN,NaN,NaN,NaN,NaN,NaN,NaN
8,NaN,NaN,NaN,NaN,NaN,NaN,NaN,NaN
9,NaN,NaN,NaN,NaN,NaN,NaN,NaN,NaN
10,NaN,NaN,NaN,NaN,NaN,NaN,NaN,NaN
11,NaN,NaN,NaN,NaN,NaN,NaN,NaN,NaN
1,NaN,NaN,NaN,NaN,NaN,NaN,NaN,NaN
2,NaN,NaN,NaN,NaN,NaN,NaN,NaN,NaN
3,NaN,NaN,NaN,NaN,NaN,NaN,NaN,NaN
4,NaN,NaN,NaN,NaN,NaN,NaN,NaN,NaN
5,NaN,NaN,NaN,NaN,NaN,NaN,NaN,NaN
6,NaN,NaN,NaN,NaN,NaN,NaN,NaN,NaN
7,NaN,NaN,NaN,NaN,NaN,NaN,NaN,NaN
8,NaN,NaN,NaN,NaN,NaN,NaN,NaN,NaN
9,NaN,NaN,NaN,NaN,NaN,NaN,NaN,NaN
10,NaN,NaN,NaN,NaN,NaN,NaN,NaN,NaN
11,NaN,NaN,NaN,NaN,NaN,NaN,NaN,NaN
1,NaN,NaN,NaN,NaN,NaN,NaN,NaN,NaN
2,NaN,NaN,NaN,NaN,NaN,NaN,NaN,NaN
3,NaN,NaN,NaN,NaN,NaN,NaN,NaN,NaN
4,NaN,NaN,NaN,NaN,NaN,NaN,NaN,NaN
5,NaN,NaN,NaN,NaN,NaN,NaN,NaN,NaN
6,NaN,NaN,NaN,NaN,NaN,NaN,NaN,NaN
7,NaN,NaN,NaN,NaN,NaN,NaN,NaN,NaN
8,NaN,NaN,NaN,NaN,NaN,NaN,NaN,NaN
9,NaN,NaN,NaN,NaN,NaN,NaN,NaN,NaN
10,NaN,NaN,NaN,NaN,NaN,NaN,NaN,NaN
11,NaN,NaN,NaN,NaN,NaN,NaN,NaN,NaN
1,NaN,NaN,NaN,NaN,NaN,NaN,NaN,NaN
2,NaN,NaN,NaN,NaN,NaN,NaN,NaN,NaN
3,NaN,NaN,NaN,NaN,NaN,NaN,NaN,NaN
4,NaN,NaN,NaN,NaN,NaN,NaN,NaN,NaN
5,NaN,NaN,NaN,NaN,NaN,NaN,NaN,NaN
6,NaN,NaN,NaN,NaN,NaN,NaN,NaN,NaN
7,NaN,NaN,NaN,NaN,NaN,NaN,NaN,NaN
8,NaN,NaN,NaN,NaN,NaN,NaN,NaN,NaN
9,NaN,NaN,NaN,NaN,NaN,NaN,NaN,NaN
10,NaN,NaN,NaN,NaN,NaN,NaN,NaN,NaN
11,NaN,NaN,NaN,NaN,NaN,NaN,NaN,NaN
1,NaN,NaN,NaN,NaN,NaN,NaN,NaN,NaN
2,NaN,NaN,NaN,NaN,NaN,NaN,NaN,NaN
3,NaN,NaN,NaN,NaN,NaN,NaN,NaN,NaN
4,NaN,NaN,NaN,NaN,NaN,NaN,NaN,NaN
5,NaN,NaN,NaN,NaN,NaN,NaN,NaN,NaN
6,NaN,NaN,NaN,NaN,NaN,NaN,NaN,NaN
7,NaN,NaN,NaN,NaN,NaN,NaN,NaN,NaN
8,NaN,NaN,NaN,NaN,NaN,NaN,NaN,NaN
9,NaN,NaN,NaN,NaN,NaN,NaN,NaN,NaN
10,NaN,NaN,NaN,NaN,NaN,NaN,NaN,NaN
11,NaN,NaN,NaN,NaN,NaN,NaN,NaN,NaN
1,NaN,NaN,NaN,NaN,NaN,NaN,NaN,NaN
2,NaN,NaN,NaN,NaN,NaN,NaN,NaN,NaN
3,NaN,NaN,NaN,NaN,NaN,NaN,NaN,NaN
4,NaN,NaN,NaN,NaN,NaN,NaN,NaN,NaN
5,NaN,NaN,NaN,NaN,NaN,NaN,NaN,NaN
6,NaN,NaN,NaN,NaN,NaN,NaN,NaN,NaN
7,NaN,NaN,NaN,NaN,NaN,NaN,NaN,NaN
8,NaN,NaN,NaN,NaN,NaN,NaN,NaN,NaN
9,NaN,NaN,NaN,NaN,NaN,NaN,NaN,NaN
10,NaN,NaN,NaN,NaN,NaN,NaN,NaN,NaN
11,NaN,NaN,NaN,NaN,NaN,NaN,NaN,NaN
1,NaN,NaN,NaN,NaN,NaN,NaN,NaN,NaN
2,NaN,NaN,NaN,NaN,NaN,NaN,NaN,NaN
3,NaN,NaN,NaN,NaN,NaN,NaN,NaN,NaN
4,NaN,NaN,NaN,NaN,NaN,NaN,NaN,NaN
5,NaN,NaN,NaN,NaN,NaN,NaN,NaN,NaN
6,NaN,NaN,NaN,NaN,NaN,NaN,NaN,NaN
7,NaN,NaN,NaN,NaN,NaN,NaN,NaN,NaN
8,NaN,NaN,NaN,NaN,NaN,NaN,NaN,NaN
9,NaN,NaN,NaN,NaN,NaN,NaN,NaN,NaN
10,NaN,NaN,NaN,NaN,NaN,NaN,NaN,NaN
11,NaN,NaN,NaN,NaN,NaN,NaN,NaN,NaN
1,NaN,NaN,NaN,NaN,NaN,NaN,NaN,NaN
2,NaN,NaN,NaN,NaN,NaN,NaN,NaN,NaN
3,NaN,NaN,NaN,NaN,NaN,NaN,NaN,NaN
4,NaN,NaN,NaN,NaN,NaN,NaN,NaN,NaN
5,NaN,NaN,NaN,NaN,NaN,NaN,NaN,NaN
6,NaN,NaN,NaN,NaN,NaN,NaN,NaN,NaN
7,NaN,NaN,NaN,NaN,NaN,NaN,NaN,NaN
8,NaN,NaN,NaN,NaN,NaN,NaN,NaN,NaN
9,NaN,NaN,NaN,NaN,NaN,NaN,NaN,NaN
10,NaN,NaN,NaN,NaN,NaN,NaN,NaN,NaN
11,NaN,NaN,NaN,NaN,NaN,NaN,NaN,NaN
1,NaN,NaN,NaN,NaN,NaN,NaN,NaN,NaN
2,NaN,NaN,NaN,NaN,NaN,NaN,NaN,NaN
3,NaN,NaN,NaN,NaN,NaN,NaN,NaN,NaN
4,NaN,NaN,NaN,NaN,NaN,NaN,NaN,NaN
5,NaN,NaN,NaN,NaN,NaN,NaN,NaN,NaN
6,NaN,NaN,NaN,NaN,NaN,NaN,NaN,NaN
7,NaN,NaN,NaN,NaN,NaN,NaN,NaN,NaN
8,NaN,NaN,NaN,NaN,NaN,NaN,NaN,NaN
9,NaN,NaN,NaN,NaN,NaN,NaN,NaN,NaN
10,NaN,NaN,NaN,NaN,NaN,NaN,NaN,NaN
11,NaN,NaN,NaN,NaN,NaN,NaN,NaN,NaN
1,NaN,NaN,NaN,NaN,NaN,NaN,NaN,NaN
2,NaN,NaN,NaN,NaN,NaN,NaN,NaN,NaN
3,NaN,NaN,NaN,NaN,NaN,NaN,NaN,NaN
4,NaN,NaN,NaN,NaN,NaN,NaN,NaN,NaN
5,NaN,NaN,NaN,NaN,NaN,NaN,NaN,NaN
6,NaN,NaN,NaN,NaN,NaN,NaN,NaN,NaN
7,NaN,NaN,NaN,NaN,NaN,NaN,NaN,NaN
8,NaN,NaN,NaN,NaN,NaN,NaN,NaN,NaN
9,NaN,NaN,NaN,NaN,NaN,NaN,NaN,NaN
10,NaN,NaN,NaN,NaN,NaN,NaN,NaN,NaN
11,NaN,NaN,NaN,NaN,NaN,NaN,NaN,NaN
1,NaN,NaN,NaN,NaN,NaN,NaN,NaN,NaN
2,NaN,NaN,NaN,NaN,NaN,NaN,NaN,NaN
3,NaN,NaN,NaN,NaN,NaN,NaN,NaN,NaN
4,NaN,NaN,NaN,NaN,NaN,NaN,NaN,NaN
5,NaN,NaN,NaN,NaN,NaN,NaN,NaN,NaN
6,NaN,NaN,NaN,NaN,NaN,NaN,NaN,NaN
7,NaN,NaN,NaN,NaN,NaN,NaN,NaN,NaN
8,NaN,NaN,NaN,NaN,NaN,NaN,NaN,NaN
9,NaN,NaN,NaN,NaN,NaN,NaN,NaN,NaN
10,NaN,NaN,NaN,NaN,NaN,NaN,NaN,NaN
11,NaN,NaN,NaN,NaN,NaN,NaN,NaN,NaN
1,NaN,NaN,NaN,NaN,NaN,NaN,NaN,NaN
2,NaN,NaN,NaN,NaN,NaN,NaN,NaN,NaN
3,NaN,NaN,NaN,NaN,NaN,NaN,NaN,NaN
4,NaN,NaN,NaN,NaN,NaN,NaN,NaN,NaN
5,NaN,NaN,NaN,NaN,NaN,NaN,NaN,NaN
6,NaN,NaN,NaN,NaN,NaN,NaN,NaN,NaN
7,NaN,NaN,NaN,NaN,NaN,NaN,NaN,NaN
8,NaN,NaN,NaN,NaN,NaN,NaN,NaN,NaN
9,NaN,NaN,NaN,NaN,NaN,NaN,NaN,NaN
10,NaN,NaN,NaN,NaN,NaN,NaN,NaN,NaN
11,NaN,NaN,NaN,NaN,NaN,NaN,NaN,NaN
1,NaN,NaN,NaN,NaN,NaN,NaN,NaN,NaN
2,NaN,NaN,NaN,NaN,NaN,NaN,NaN,NaN
3,NaN,NaN,NaN,NaN,NaN,NaN,NaN,NaN
4,NaN,NaN,NaN,NaN,NaN,NaN,NaN,NaN
5,NaN,NaN,NaN,NaN,NaN,NaN,NaN,NaN
6,NaN,NaN,NaN,NaN,NaN,NaN,NaN,NaN
7,NaN,NaN,NaN,NaN,NaN,NaN,NaN,NaN
8,NaN,NaN,NaN,NaN,NaN,NaN,NaN,NaN
9,NaN,NaN,NaN,NaN,NaN,NaN,NaN,NaN
10,NaN,NaN,NaN,NaN,NaN,NaN,NaN,NaN
11,NaN,NaN,NaN,NaN,NaN,NaN,NaN,NaN
1,NaN,NaN,NaN,NaN,NaN,NaN,NaN,NaN
2,NaN,NaN,NaN,NaN,NaN,NaN,NaN,NaN
3,NaN,NaN,NaN,NaN,NaN,NaN,NaN,NaN
4,NaN,NaN,NaN,NaN,NaN,NaN,NaN,NaN
5,NaN,NaN,NaN,NaN,NaN,NaN,NaN,NaN
6,NaN,NaN,NaN,NaN,NaN,NaN,NaN,NaN
7,NaN,NaN,NaN,NaN,NaN,NaN,NaN,NaN
8,NaN,NaN,NaN,NaN,NaN,NaN,NaN,NaN
9,NaN,NaN,NaN,NaN,NaN,NaN,NaN,NaN
10,NaN,NaN,NaN,NaN,NaN,NaN,NaN,NaN
11,NaN,NaN,NaN,NaN,NaN,NaN,NaN,NaN
1,NaN,NaN,NaN,NaN,NaN,NaN,NaN,NaN
2,NaN,NaN,NaN,NaN,NaN,NaN,NaN,NaN
3,NaN,NaN,NaN,NaN,NaN,NaN,NaN,NaN
4,NaN,NaN,NaN,NaN,NaN,NaN,NaN,NaN
5,NaN,NaN,NaN,NaN,NaN,NaN,NaN,NaN
6,NaN,NaN,NaN,NaN,NaN,NaN,NaN,NaN
7,NaN,NaN,NaN,NaN,NaN,NaN,NaN,NaN
8,NaN,NaN,NaN,NaN,NaN,NaN,NaN,NaN
9,NaN,NaN,NaN,NaN,NaN,NaN,NaN,NaN
10,NaN,NaN,NaN,NaN,NaN,NaN,NaN,NaN
11,NaN,NaN,NaN,NaN,NaN,NaN,NaN,NaN
1,NaN,NaN,NaN,NaN,NaN,NaN,NaN,NaN
2,NaN,NaN,NaN,NaN,NaN,NaN,NaN,NaN
3,NaN,NaN,NaN,NaN,NaN,NaN,NaN,NaN
4,NaN,NaN,NaN,NaN,NaN,NaN,NaN,NaN
5,NaN,NaN,NaN,NaN,NaN,NaN,NaN,NaN
6,NaN,NaN,NaN,NaN,NaN,NaN,NaN,NaN
7,NaN,NaN,NaN,NaN,NaN,NaN,NaN,NaN
8,NaN,NaN,NaN,NaN,NaN,NaN,NaN,NaN
9,NaN,NaN,NaN,NaN,NaN,NaN,NaN,NaN
10,NaN,NaN,NaN,NaN,NaN,NaN,NaN,NaN
11,NaN,NaN,NaN,NaN,NaN,NaN,NaN,NaN
1,NaN,NaN,NaN,NaN,NaN,NaN,NaN,NaN
2,NaN,NaN,NaN,NaN,NaN,NaN,NaN,NaN
3,NaN,NaN,NaN,NaN,NaN,NaN,NaN,NaN
4,NaN,NaN,NaN,NaN,NaN,NaN,NaN,NaN
5,NaN,NaN,NaN,NaN,NaN,NaN,NaN,NaN
6,NaN,NaN,NaN,NaN,NaN,NaN,NaN,NaN
7,NaN,NaN,NaN,NaN,NaN,NaN,NaN,NaN
8,NaN,NaN,NaN,NaN,NaN,NaN,NaN,NaN
9,NaN,NaN,NaN,NaN,NaN,NaN,NaN,NaN
10,NaN,NaN,NaN,NaN,NaN,NaN,NaN,NaN
11,NaN,NaN,NaN,NaN,NaN,NaN,NaN,NaN
1,NaN,NaN,NaN,NaN,NaN,NaN,NaN,NaN
2,NaN,NaN,NaN,NaN,NaN,NaN,NaN,NaN
3,NaN,NaN,NaN,NaN,NaN,NaN,NaN,NaN
4,NaN,NaN,NaN,NaN,NaN,NaN,NaN,NaN
5,NaN,NaN,NaN,NaN,NaN,NaN,NaN,NaN
6,NaN,NaN,NaN,NaN,NaN,NaN,NaN,NaN
7,NaN,NaN,NaN,NaN,NaN,NaN,NaN,NaN
8,NaN,NaN,NaN,NaN,NaN,NaN,NaN,NaN
9,NaN,NaN,NaN,NaN,NaN,NaN,NaN,NaN
10,NaN,NaN,NaN,NaN,NaN,NaN,NaN,NaN
11,NaN,NaN,NaN,NaN,NaN,NaN,NaN,NaN
1,NaN,NaN,NaN,NaN,NaN,NaN,NaN,NaN
2,NaN,NaN,NaN,NaN,NaN,NaN,NaN,NaN
3,NaN,NaN,NaN,NaN,NaN,NaN,NaN,NaN
4,NaN,NaN,NaN,NaN,NaN,NaN,NaN,NaN
5,NaN,NaN,NaN,NaN,NaN,NaN,NaN,NaN
6,NaN,NaN,NaN,NaN,NaN,NaN,NaN,NaN
7,NaN,NaN,NaN,NaN,NaN,NaN,NaN,NaN
8,NaN,NaN,NaN,NaN,NaN,NaN,NaN,NaN
9,NaN,NaN,NaN,NaN,NaN,NaN,NaN,NaN
10,NaN,NaN,NaN,NaN,NaN,NaN,NaN,NaN
11,NaN,NaN,NaN,NaN,NaN,NaN,NaN,NaN
1,NaN,NaN,NaN,NaN,NaN,NaN,NaN,NaN
2,NaN,NaN,NaN,NaN,NaN,NaN,NaN,NaN
3,NaN,NaN,NaN,NaN,NaN,NaN,NaN,NaN
4,NaN,NaN,NaN,NaN,NaN,NaN,NaN,NaN
5,NaN,NaN,NaN,NaN,NaN,NaN,NaN,NaN
6,NaN,NaN,NaN,NaN,NaN,NaN,NaN,NaN
7,NaN,NaN,NaN,NaN,NaN,NaN,NaN,NaN
8,NaN,NaN,NaN,NaN,NaN,NaN,NaN,NaN
9,NaN,NaN,NaN,NaN,NaN,NaN,NaN,NaN
10,NaN,NaN,NaN,NaN,NaN,NaN,NaN,NaN
11,NaN,NaN,NaN,NaN,NaN,NaN,NaN,NaN
1,NaN,NaN,NaN,NaN,NaN,NaN,NaN,NaN
2,NaN,NaN,NaN,NaN,NaN,NaN,NaN,NaN
3,NaN,NaN,NaN,NaN,NaN,NaN,NaN,NaN
4,NaN,NaN,NaN,NaN,NaN,NaN,NaN,NaN
5,NaN,NaN,NaN,NaN,NaN,NaN,NaN,NaN
6,NaN,NaN,NaN,NaN,NaN,NaN,NaN,NaN
7,NaN,NaN,NaN,NaN,NaN,NaN,NaN,NaN
8,NaN,NaN,NaN,NaN,NaN,NaN,NaN,NaN
9,NaN,NaN,NaN,NaN,NaN,NaN,NaN,NaN
10,NaN,NaN,NaN,NaN,NaN,NaN,NaN,NaN
11,NaN,NaN,NaN,NaN,NaN,NaN,NaN,NaN
1,NaN,NaN,NaN,NaN,NaN,NaN,NaN,NaN
2,NaN,NaN,NaN,NaN,NaN,NaN,NaN,NaN
3,NaN,NaN,NaN,NaN,NaN,NaN,NaN,NaN
4,NaN,NaN,NaN,NaN,NaN,NaN,NaN,NaN
5,NaN,NaN,NaN,NaN,NaN,NaN,NaN,NaN
6,NaN,NaN,NaN,NaN,NaN,NaN,NaN,NaN
7,NaN,NaN,NaN,NaN,NaN,NaN,NaN,NaN
8,NaN,NaN,NaN,NaN,NaN,NaN,NaN,NaN
9,NaN,NaN,NaN,NaN,NaN,NaN,NaN,NaN
10,NaN,NaN,NaN,NaN,NaN,NaN,NaN,NaN
11,NaN,NaN,NaN,NaN,NaN,NaN,NaN,NaN
1,NaN,NaN,NaN,NaN,NaN,NaN,NaN,NaN
2,NaN,NaN,NaN,NaN,NaN,NaN,NaN,NaN
3,NaN,NaN,NaN,NaN,NaN,NaN,NaN,NaN
4,NaN,NaN,NaN,NaN,NaN,NaN,NaN,NaN
5,NaN,NaN,NaN,NaN,NaN,NaN,NaN,NaN
6,NaN,NaN,NaN,NaN,NaN,NaN,NaN,NaN
7,NaN,NaN,NaN,NaN,NaN,NaN,NaN,NaN
8,NaN,NaN,NaN,NaN,NaN,NaN,NaN,NaN
9,NaN,NaN,NaN,NaN,NaN,NaN,NaN,NaN
10,NaN,NaN,NaN,NaN,NaN,NaN,NaN,NaN
11,NaN,NaN,NaN,NaN,NaN,NaN,NaN,NaN
1,NaN,NaN,NaN,NaN,NaN,NaN,NaN,NaN
2,NaN,NaN,NaN,NaN,NaN,NaN,NaN,NaN
3,NaN,NaN,NaN,NaN,NaN,NaN,NaN,NaN
4,NaN,NaN,NaN,NaN,NaN,NaN,NaN,NaN
5,NaN,NaN,NaN,NaN,NaN,NaN,NaN,NaN
6,NaN,NaN,NaN,NaN,NaN,NaN,NaN,NaN
7,NaN,NaN,NaN,NaN,NaN,NaN,NaN,NaN
8,NaN,NaN,NaN,NaN,NaN,NaN,NaN,NaN
9,NaN,NaN,NaN,NaN,NaN,NaN,NaN,NaN
10,NaN,NaN,NaN,NaN,NaN,NaN,NaN,NaN
11,NaN,NaN,NaN,NaN,NaN,NaN,NaN,NaN
1,NaN,NaN,NaN,NaN,NaN,NaN,NaN,NaN
2,NaN,NaN,NaN,NaN,NaN,NaN,NaN,NaN
3,NaN,NaN,NaN,NaN,NaN,NaN,NaN,NaN
4,NaN,NaN,NaN,NaN,NaN,NaN,NaN,NaN
5,NaN,NaN,NaN,NaN,NaN,NaN,NaN,NaN
6,NaN,NaN,NaN,NaN,NaN,NaN,NaN,NaN
7,NaN,NaN,NaN,NaN,NaN,NaN,NaN,NaN
8,NaN,NaN,NaN,NaN,NaN,NaN,NaN,NaN
9,NaN,NaN,NaN,NaN,NaN,NaN,NaN,NaN
10,NaN,NaN,NaN,NaN,NaN,NaN,NaN,NaN
11,NaN,NaN,NaN,NaN,NaN,NaN,NaN,NaN
1,NaN,NaN,NaN,NaN,NaN,NaN,NaN,NaN
2,NaN,NaN,NaN,NaN,NaN,NaN,NaN,NaN
3,NaN,NaN,NaN,NaN,NaN,NaN,NaN,NaN
4,NaN,NaN,NaN,NaN,NaN,NaN,NaN,NaN
5,NaN,NaN,NaN,NaN,NaN,NaN,NaN,NaN
6,NaN,NaN,NaN,NaN,NaN,NaN,NaN,NaN
7,NaN,NaN,NaN,NaN,NaN,NaN,NaN,NaN
8,NaN,NaN,NaN,NaN,NaN,NaN,NaN,NaN
9,NaN,NaN,NaN,NaN,NaN,NaN,NaN,NaN
10,NaN,NaN,NaN,NaN,NaN,NaN,NaN,NaN
11,NaN,NaN,NaN,NaN,NaN,NaN,NaN,NaN
1,NaN,NaN,NaN,NaN,NaN,NaN,NaN,NaN
2,NaN,NaN,NaN,NaN,NaN,NaN,NaN,NaN
3,NaN,NaN,NaN,NaN,NaN,NaN,NaN,NaN
4,NaN,NaN,NaN,NaN,NaN,NaN,NaN,NaN
5,NaN,NaN,NaN,NaN,NaN,NaN,NaN,NaN
6,NaN,NaN,NaN,NaN,NaN,NaN,NaN,NaN
7,NaN,NaN,NaN,NaN,NaN,NaN,NaN,NaN
8,NaN,NaN,NaN,NaN,NaN,NaN,NaN,NaN
9,NaN,NaN,NaN,NaN,NaN,NaN,NaN,NaN
10,NaN,NaN,NaN,NaN,NaN,NaN,NaN,NaN
11,NaN,NaN,NaN,NaN,NaN,NaN,NaN,NaN
1,NaN,NaN,NaN,NaN,NaN,NaN,NaN,NaN
2,NaN,NaN,NaN,NaN,NaN,NaN,NaN,NaN
3,NaN,NaN,NaN,NaN,NaN,NaN,NaN,NaN
4,NaN,NaN,NaN,NaN,NaN,NaN,NaN,NaN
5,NaN,NaN,NaN,NaN,NaN,NaN,NaN,NaN
6,NaN,NaN,NaN,NaN,NaN,NaN,NaN,NaN
7,NaN,NaN,NaN,NaN,NaN,NaN,NaN,NaN
8,NaN,NaN,NaN,NaN,NaN,NaN,NaN,NaN
9,NaN,NaN,NaN,NaN,NaN,NaN,NaN,NaN
10,NaN,NaN,NaN,NaN,NaN,NaN,NaN,NaN
11,NaN,NaN,NaN,NaN,NaN,NaN,NaN,NaN
1,NaN,NaN,NaN,NaN,NaN,NaN,NaN,NaN
2,NaN,NaN,NaN,NaN,NaN,NaN,NaN,NaN
3,NaN,NaN,NaN,NaN,NaN,NaN,NaN,NaN
4,NaN,NaN,NaN,NaN,NaN,NaN,NaN,NaN
5,NaN,NaN,NaN,NaN,NaN,NaN,NaN,NaN
6,NaN,NaN,NaN,NaN,NaN,NaN,NaN,NaN
7,NaN,NaN,NaN,NaN,NaN,NaN,NaN,NaN
8,NaN,NaN,NaN,NaN,NaN,NaN,NaN,NaN
9,NaN,NaN,NaN,NaN,NaN,NaN,NaN,NaN
10,NaN,NaN,NaN,NaN,NaN,NaN,NaN,NaN
11,NaN,NaN,NaN,NaN,NaN,NaN,NaN,NaN
1,NaN,NaN,NaN,NaN,NaN,NaN,NaN,NaN
2,NaN,NaN,NaN,NaN,NaN,NaN,NaN,NaN
3,NaN,NaN,NaN,NaN,NaN,NaN,NaN,NaN
4,NaN,NaN,NaN,NaN,NaN,NaN,NaN,NaN
5,NaN,NaN,NaN,NaN,NaN,NaN,NaN,NaN
6,NaN,NaN,NaN,NaN,NaN,NaN,NaN,NaN
7,NaN,NaN,NaN,NaN,NaN,NaN,NaN,NaN
8,NaN,NaN,NaN,NaN,NaN,NaN,NaN,NaN
9,NaN,NaN,NaN,NaN,NaN,NaN,NaN,NaN
10,NaN,NaN,NaN,NaN,NaN,NaN,NaN,NaN
11,NaN,NaN,NaN,NaN,NaN,NaN,NaN,NaN
1,NaN,NaN,NaN,NaN,NaN,NaN,NaN,NaN
2,NaN,NaN,NaN,NaN,NaN,NaN,NaN,NaN
3,NaN,NaN,NaN,NaN,NaN,NaN,NaN,NaN
4,NaN,NaN,NaN,NaN,NaN,NaN,NaN,NaN
5,NaN,NaN,NaN,NaN,NaN,NaN,NaN,NaN
6,NaN,NaN,NaN,NaN,NaN,NaN,NaN,NaN
7,NaN,NaN,NaN,NaN,NaN,NaN,NaN,NaN
8,NaN,NaN,NaN,NaN,NaN,NaN,NaN,NaN
9,NaN,NaN,NaN,NaN,NaN,NaN,NaN,NaN
10,NaN,NaN,NaN,NaN,NaN,NaN,NaN,NaN
11,NaN,NaN,NaN,NaN,NaN,NaN,NaN,NaN
1,NaN,NaN,NaN,NaN,NaN,NaN,NaN,NaN
2,NaN,NaN,NaN,NaN,NaN,NaN,NaN,NaN
3,NaN,NaN,NaN,NaN,NaN,NaN,NaN,NaN
4,NaN,NaN,NaN,NaN,NaN,NaN,NaN,NaN
5,NaN,NaN,NaN,NaN,NaN,NaN,NaN,NaN
6,NaN,NaN,NaN,NaN,NaN,NaN,NaN,NaN
7,NaN,NaN,NaN,NaN,NaN,NaN,NaN,NaN
8,NaN,NaN,NaN,NaN,NaN,NaN,NaN,NaN
9,NaN,NaN,NaN,NaN,NaN,NaN,NaN,NaN
10,NaN,NaN,NaN,NaN,NaN,NaN,NaN,NaN
11,NaN,NaN,NaN,NaN,NaN,NaN,NaN,NaN
1,NaN,NaN,NaN,NaN,NaN,NaN,NaN,NaN
2,NaN,NaN,NaN,NaN,NaN,NaN,NaN,NaN
3,NaN,NaN,NaN,NaN,NaN,NaN,NaN,NaN
4,NaN,NaN,NaN,NaN,NaN,NaN,NaN,NaN
5,NaN,NaN,NaN,NaN,NaN,NaN,NaN,NaN
6,NaN,NaN,NaN,NaN,NaN,NaN,NaN,NaN
7,NaN,NaN,NaN,NaN,NaN,NaN,NaN,NaN
8,NaN,NaN,NaN,NaN,NaN,NaN,NaN,NaN
9,NaN,NaN,NaN,NaN,NaN,NaN,NaN,NaN
10,NaN,NaN,NaN,NaN,NaN,NaN,NaN,NaN
11,NaN,NaN,NaN,NaN,NaN,NaN,NaN,NaN
1,NaN,NaN,NaN,NaN,NaN,NaN,NaN,NaN
2,NaN,NaN,NaN,NaN,NaN,NaN,NaN,NaN
3,NaN,NaN,NaN,NaN,NaN,NaN,NaN,NaN
4,NaN,NaN,NaN,NaN,NaN,NaN,NaN,NaN
5,NaN,NaN,NaN,NaN,NaN,NaN,NaN,NaN
6,NaN,NaN,NaN,NaN,NaN,NaN,NaN,NaN
7,NaN,NaN,NaN,NaN,NaN,NaN,NaN,NaN
8,NaN,NaN,NaN,NaN,NaN,NaN,NaN,NaN
9,NaN,NaN,NaN,NaN,NaN,NaN,NaN,NaN
10,NaN,NaN,NaN,NaN,NaN,NaN,NaN,NaN
11,NaN,NaN,NaN,NaN,NaN,NaN,NaN,NaN
1,NaN,NaN,NaN,NaN,NaN,NaN,NaN,NaN
2,NaN,NaN,NaN,NaN,NaN,NaN,NaN,NaN
3,NaN,NaN,NaN,NaN,NaN,NaN,NaN,NaN
4,NaN,NaN,NaN,NaN,NaN,NaN,NaN,NaN
5,NaN,NaN,NaN,NaN,NaN,NaN,NaN,NaN
6,NaN,NaN,NaN,NaN,NaN,NaN,NaN,NaN
7,NaN,NaN,NaN,NaN,NaN,NaN,NaN,NaN
8,NaN,NaN,NaN,NaN,NaN,NaN,NaN,NaN
9,NaN,NaN,NaN,NaN,NaN,NaN,NaN,NaN
10,NaN,NaN,NaN,NaN,NaN,NaN,NaN,NaN
11,NaN,NaN,NaN,NaN,NaN,NaN,NaN,NaN
1,NaN,NaN,NaN,NaN,NaN,NaN,NaN,NaN
2,NaN,NaN,NaN,NaN,NaN,NaN,NaN,NaN
3,NaN,NaN,NaN,NaN,NaN,NaN,NaN,NaN
4,NaN,NaN,NaN,NaN,NaN,NaN,NaN,NaN
5,NaN,NaN,NaN,NaN,NaN,NaN,NaN,NaN
6,NaN,NaN,NaN,NaN,NaN,NaN,NaN,NaN
7,NaN,NaN,NaN,NaN,NaN,NaN,NaN,NaN
8,NaN,NaN,NaN,NaN,NaN,NaN,NaN,NaN
9,NaN,NaN,NaN,NaN,NaN,NaN,NaN,NaN
10,NaN,NaN,NaN,NaN,NaN,NaN,NaN,NaN
11,NaN,NaN,NaN,NaN,NaN,NaN,NaN,NaN
1,NaN,NaN,NaN,NaN,NaN,NaN,NaN,NaN
2,NaN,NaN,NaN,NaN,NaN,NaN,NaN,NaN
3,NaN,NaN,NaN,NaN,NaN,NaN,NaN,NaN
4,NaN,NaN,NaN,NaN,NaN,NaN,NaN,NaN
5,NaN,NaN,NaN,NaN,NaN,NaN,NaN,NaN
6,NaN,NaN,NaN,NaN,NaN,NaN,NaN,NaN
7,NaN,NaN,NaN,NaN,NaN,NaN,NaN,NaN
8,NaN,NaN,NaN,NaN,NaN,NaN,NaN,NaN
9,NaN,NaN,NaN,NaN,NaN,NaN,NaN,NaN
10,NaN,NaN,NaN,NaN,NaN,NaN,NaN,NaN
11,NaN,NaN,NaN,NaN,NaN,NaN,NaN,NaN
1,NaN,NaN,NaN,NaN,NaN,NaN,NaN,NaN
2,NaN,NaN,NaN,NaN,NaN,NaN,NaN,NaN
3,NaN,NaN,NaN,NaN,NaN,NaN,NaN,NaN
4,NaN,NaN,NaN,NaN,NaN,NaN,NaN,NaN
5,NaN,NaN,NaN,NaN,NaN,NaN,NaN,NaN
6,NaN,NaN,NaN,NaN,NaN,NaN,NaN,NaN
7,NaN,NaN,NaN,NaN,NaN,NaN,NaN,NaN
8,NaN,NaN,NaN,NaN,NaN,NaN,NaN,NaN
9,NaN,NaN,NaN,NaN,NaN,NaN,NaN,NaN
10,NaN,NaN,NaN,NaN,NaN,NaN,NaN,NaN
11,NaN,NaN,NaN,NaN,NaN,NaN,NaN,NaN
1,NaN,NaN,NaN,NaN,NaN,NaN,NaN,NaN
2,NaN,NaN,NaN,NaN,NaN,NaN,NaN,NaN
3,NaN,NaN,NaN,NaN,NaN,NaN,NaN,NaN
4,NaN,NaN,NaN,NaN,NaN,NaN,NaN,NaN
5,NaN,NaN,NaN,NaN,NaN,NaN,NaN,NaN
6,NaN,NaN,NaN,NaN,NaN,NaN,NaN,NaN
7,NaN,NaN,NaN,NaN,NaN,NaN,NaN,NaN
8,NaN,NaN,NaN,NaN,NaN,NaN,NaN,NaN
9,NaN,NaN,NaN,NaN,NaN,NaN,NaN,NaN
10,NaN,NaN,NaN,NaN,NaN,NaN,NaN,NaN
11,NaN,NaN,NaN,NaN,NaN,NaN,NaN,NaN
1,NaN,NaN,NaN,NaN,NaN,NaN,NaN,NaN
2,NaN,NaN,NaN,NaN,NaN,NaN,NaN,NaN
3,NaN,NaN,NaN,NaN,NaN,NaN,NaN,NaN
4,NaN,NaN,NaN,NaN,NaN,NaN,NaN,NaN
5,NaN,NaN,NaN,NaN,NaN,NaN,NaN,NaN
6,NaN,NaN,NaN,NaN,NaN,NaN,NaN,NaN
7,NaN,NaN,NaN,NaN,NaN,NaN,NaN,NaN
8,NaN,NaN,NaN,NaN,NaN,NaN,NaN,NaN
9,NaN,NaN,NaN,NaN,NaN,NaN,NaN,NaN
10,NaN,NaN,NaN,NaN,NaN,NaN,NaN,NaN
11,NaN,NaN,NaN,NaN,NaN,NaN,NaN,NaN
1,NaN,NaN,NaN,NaN,NaN,NaN,NaN,NaN
2,NaN,NaN,NaN,NaN,NaN,NaN,NaN,NaN
3,NaN,NaN,NaN,NaN,NaN,NaN,NaN,NaN
4,NaN,NaN,NaN,NaN,NaN,NaN,NaN,NaN
5,NaN,NaN,NaN,NaN,NaN,NaN,NaN,NaN
6,NaN,NaN,NaN,NaN,NaN,NaN,NaN,NaN
7,NaN,NaN,NaN,NaN,NaN,NaN,NaN,NaN
8,NaN,NaN,NaN,NaN,NaN,NaN,NaN,NaN
9,NaN,NaN,NaN,NaN,NaN,NaN,NaN,NaN
10,NaN,NaN,NaN,NaN,NaN,NaN,NaN,NaN
11,NaN,NaN,NaN,NaN,NaN,NaN,NaN,NaN
1,NaN,NaN,NaN,NaN,NaN,NaN,NaN,NaN
2,NaN,NaN,NaN,NaN,NaN,NaN,NaN,NaN
3,NaN,NaN,NaN,NaN,NaN,NaN,NaN,NaN
4,NaN,NaN,NaN,NaN,NaN,NaN,NaN,NaN
5,NaN,NaN,NaN,NaN,NaN,NaN,NaN,NaN
6,NaN,NaN,NaN,NaN,NaN,NaN,NaN,NaN
7,NaN,NaN,NaN,NaN,NaN,NaN,NaN,NaN
8,NaN,NaN,NaN,NaN,NaN,NaN,NaN,NaN
9,NaN,NaN,NaN,NaN,NaN,NaN,NaN,NaN
10,NaN,NaN,NaN,NaN,NaN,NaN,NaN,NaN
11,NaN,NaN,NaN,NaN,NaN,NaN,NaN,NaN
1,NaN,NaN,NaN,NaN,NaN,NaN,NaN,NaN
2,NaN,NaN,NaN,NaN,NaN,NaN,NaN,NaN
3,NaN,NaN,NaN,NaN,NaN,NaN,NaN,NaN
4,NaN,NaN,NaN,NaN,NaN,NaN,NaN,NaN
5,NaN,NaN,NaN,NaN,NaN,NaN,NaN,NaN
6,NaN,NaN,NaN,NaN,NaN,NaN,NaN,NaN
7,NaN,NaN,NaN,NaN,NaN,NaN,NaN,NaN
8,NaN,NaN,NaN,NaN,NaN,NaN,NaN,NaN
9,NaN,NaN,NaN,NaN,NaN,NaN,NaN,NaN
10,NaN,NaN,NaN,NaN,NaN,NaN,NaN,NaN
11,NaN,NaN,NaN,NaN,NaN,NaN,NaN,NaN
1,NaN,NaN,NaN,NaN,NaN,NaN,NaN,NaN
2,NaN,NaN,NaN,NaN,NaN,NaN,NaN,NaN
3,NaN,NaN,NaN,NaN,NaN,NaN,NaN,NaN
4,NaN,NaN,NaN,NaN,NaN,NaN,NaN,NaN
5,NaN,NaN,NaN,NaN,NaN,NaN,NaN,NaN
6,NaN,NaN,NaN,NaN,NaN,NaN,NaN,NaN
7,NaN,NaN,NaN,NaN,NaN,NaN,NaN,NaN
8,NaN,NaN,NaN,NaN,NaN,NaN,NaN,NaN
9,NaN,NaN,NaN,NaN,NaN,NaN,NaN,NaN
10,NaN,NaN,NaN,NaN,NaN,NaN,NaN,NaN
11,NaN,NaN,NaN,NaN,NaN,NaN,NaN,NaN
1,NaN,NaN,NaN,NaN,NaN,NaN,NaN,NaN
2,NaN,NaN,NaN,NaN,NaN,NaN,NaN,NaN
3,NaN,NaN,NaN,NaN,NaN,NaN,NaN,NaN
4,NaN,NaN,NaN,NaN,NaN,NaN,NaN,NaN
5,NaN,NaN,NaN,NaN,NaN,NaN,NaN,NaN
6,NaN,NaN,NaN,NaN,NaN,NaN,NaN,NaN
7,NaN,NaN,NaN,NaN,NaN,NaN,NaN,NaN
8,NaN,NaN,NaN,NaN,NaN,NaN,NaN,NaN
9,NaN,NaN,NaN,NaN,NaN,NaN,NaN,NaN
10,NaN,NaN,NaN,NaN,NaN,NaN,NaN,NaN
11,NaN,NaN,NaN,NaN,NaN,NaN,NaN,NaN
1,NaN,NaN,NaN,NaN,NaN,NaN,NaN,NaN
2,NaN,NaN,NaN,NaN,NaN,NaN,NaN,NaN
3,NaN,NaN,NaN,NaN,NaN,NaN,NaN,NaN
4,NaN,NaN,NaN,NaN,NaN,NaN,NaN,NaN
5,NaN,NaN,NaN,NaN,NaN,NaN,NaN,NaN
6,NaN,NaN,NaN,NaN,NaN,NaN,NaN,NaN
7,NaN,NaN,NaN,NaN,NaN,NaN,NaN,NaN
8,NaN,NaN,NaN,NaN,NaN,NaN,NaN,NaN
9,NaN,NaN,NaN,NaN,NaN,NaN,NaN,NaN
10,NaN,NaN,NaN,NaN,NaN,NaN,NaN,NaN
11,NaN,NaN,NaN,NaN,NaN,NaN,NaN,NaN
1,NaN,NaN,NaN,NaN,NaN,NaN,NaN,NaN
2,NaN,NaN,NaN,NaN,NaN,NaN,NaN,NaN
3,NaN,NaN,NaN,NaN,NaN,NaN,NaN,NaN
4,NaN,NaN,NaN,NaN,NaN,NaN,NaN,NaN
5,NaN,NaN,NaN,NaN,NaN,NaN,NaN,NaN
6,NaN,NaN,NaN,NaN,NaN,NaN,NaN,NaN
7,NaN,NaN,NaN,NaN,NaN,NaN,NaN,NaN
8,NaN,NaN,NaN,NaN,NaN,NaN,NaN,NaN
9,NaN,NaN,NaN,NaN,NaN,NaN,NaN,NaN
10,NaN,NaN,NaN,NaN,NaN,NaN,NaN,NaN
11,NaN,NaN,NaN,NaN,NaN,NaN,NaN,NaN
1,NaN,NaN,NaN,NaN,NaN,NaN,NaN,NaN
2,NaN,NaN,NaN,NaN,NaN,NaN,NaN,NaN
3,NaN,NaN,NaN,NaN,NaN,NaN,NaN,NaN
4,NaN,NaN,NaN,NaN,NaN,NaN,NaN,NaN
5,NaN,NaN,NaN,NaN,NaN,NaN,NaN,NaN
6,NaN,NaN,NaN,NaN,NaN,NaN,NaN,NaN
7,NaN,NaN,NaN,NaN,NaN,NaN,NaN,NaN
8,NaN,NaN,NaN,NaN,NaN,NaN,NaN,NaN
9,NaN,NaN,NaN,NaN,NaN,NaN,NaN,NaN
10,NaN,NaN,NaN,NaN,NaN,NaN,NaN,NaN
11,NaN,NaN,NaN,NaN,NaN,NaN,NaN,NaN
1,NaN,NaN,NaN,NaN,NaN,NaN,NaN,NaN
2,NaN,NaN,NaN,NaN,NaN,NaN,NaN,NaN
3,NaN,NaN,NaN,NaN,NaN,NaN,NaN,NaN
4,NaN,NaN,NaN,NaN,NaN,NaN,NaN,NaN
5,NaN,NaN,NaN,NaN,NaN,NaN,NaN,NaN
6,NaN,NaN,NaN,NaN,NaN,NaN,NaN,NaN
7,NaN,NaN,NaN,NaN,NaN,NaN,NaN,NaN
8,NaN,NaN,NaN,NaN,NaN,NaN,NaN,NaN
9,NaN,NaN,NaN,NaN,NaN,NaN,NaN,NaN
10,NaN,NaN,NaN,NaN,NaN,NaN,NaN,NaN
11,NaN,NaN,NaN,NaN,NaN,NaN,NaN,NaN
1,NaN,NaN,NaN,NaN,NaN,NaN,NaN,NaN
2,NaN,NaN,NaN,NaN,NaN,NaN,NaN,NaN
3,NaN,NaN,NaN,NaN,NaN,NaN,NaN,NaN
4,NaN,NaN,NaN,NaN,NaN,NaN,NaN,NaN
5,NaN,NaN,NaN,NaN,NaN,NaN,NaN,NaN
6,NaN,NaN,NaN,NaN,NaN,NaN,NaN,NaN
7,NaN,NaN,NaN,NaN,NaN,NaN,NaN,NaN
8,NaN,NaN,NaN,NaN,NaN,NaN,NaN,NaN
9,NaN,NaN,NaN,NaN,NaN,NaN,NaN,NaN
10,NaN,NaN,NaN,NaN,NaN,NaN,NaN,NaN
11,NaN,NaN,NaN,NaN,NaN,NaN,NaN,NaN
1,NaN,NaN,NaN,NaN,NaN,NaN,NaN,NaN
2,NaN,NaN,NaN,NaN,NaN,NaN,NaN,NaN
3,NaN,NaN,NaN,NaN,NaN,NaN,NaN,NaN
4,NaN,NaN,NaN,NaN,NaN,NaN,NaN,NaN
5,NaN,NaN,NaN,NaN,NaN,NaN,NaN,NaN
6,NaN,NaN,NaN,NaN,NaN,NaN,NaN,NaN
7,NaN,NaN,NaN,NaN,NaN,NaN,NaN,NaN
8,NaN,NaN,NaN,NaN,NaN,NaN,NaN,NaN
9,NaN,NaN,NaN,NaN,NaN,NaN,NaN,NaN
10,NaN,NaN,NaN,NaN,NaN,NaN,NaN,NaN
11,NaN,NaN,NaN,NaN,NaN,NaN,NaN,NaN
1,NaN,NaN,NaN,NaN,NaN,NaN,NaN,NaN
2,NaN,NaN,NaN,NaN,NaN,NaN,NaN,NaN
3,NaN,NaN,NaN,NaN,NaN,NaN,NaN,NaN
4,NaN,NaN,NaN,NaN,NaN,NaN,NaN,NaN
5,NaN,NaN,NaN,NaN,NaN,NaN,NaN,NaN
6,NaN,NaN,NaN,NaN,NaN,NaN,NaN,NaN
7,NaN,NaN,NaN,NaN,NaN,NaN,NaN,NaN
8,NaN,NaN,NaN,NaN,NaN,NaN,NaN,NaN
9,NaN,NaN,NaN,NaN,NaN,NaN,NaN,NaN
10,NaN,NaN,NaN,NaN,NaN,NaN,NaN,NaN
11,NaN,NaN,NaN,NaN,NaN,NaN,NaN,NaN
1,NaN,NaN,NaN,NaN,NaN,NaN,NaN,NaN
2,NaN,NaN,NaN,NaN,NaN,NaN,NaN,NaN
3,NaN,NaN,NaN,NaN,NaN,NaN,NaN,NaN
4,NaN,NaN,NaN,NaN,NaN,NaN,NaN,NaN
5,NaN,NaN,NaN,NaN,NaN,NaN,NaN,NaN
6,NaN,NaN,NaN,NaN,NaN,NaN,NaN,NaN
7,NaN,NaN,NaN,NaN,NaN,NaN,NaN,NaN
8,NaN,NaN,NaN,NaN,NaN,NaN,NaN,NaN
9,NaN,NaN,NaN,NaN,NaN,NaN,NaN,NaN
10,NaN,NaN,NaN,NaN,NaN,NaN,NaN,NaN
11,NaN,NaN,NaN,NaN,NaN,NaN,NaN,NaN
1,NaN,NaN,NaN,NaN,NaN,NaN,NaN,NaN
2,NaN,NaN,NaN,NaN,NaN,NaN,NaN,NaN
3,NaN,NaN,NaN,NaN,NaN,NaN,NaN,NaN
4,NaN,NaN,NaN,NaN,NaN,NaN,NaN,NaN
5,NaN,NaN,NaN,NaN,NaN,NaN,NaN,NaN
6,NaN,NaN,NaN,NaN,NaN,NaN,NaN,NaN
7,NaN,NaN,NaN,NaN,NaN,NaN,NaN,NaN
8,NaN,NaN,NaN,NaN,NaN,NaN,NaN,NaN
9,NaN,NaN,NaN,NaN,NaN,NaN,NaN,NaN
10,NaN,NaN,NaN,NaN,NaN,NaN,NaN,NaN
11,NaN,NaN,NaN,NaN,NaN,NaN,NaN,NaN
1,NaN,NaN,NaN,NaN,NaN,NaN,NaN,NaN
2,NaN,NaN,NaN,NaN,NaN,NaN,NaN,NaN
3,NaN,NaN,NaN,NaN,NaN,NaN,NaN,NaN
4,NaN,NaN,NaN,NaN,NaN,NaN,NaN,NaN
5,NaN,NaN,NaN,NaN,NaN,NaN,NaN,NaN
6,NaN,NaN,NaN,NaN,NaN,NaN,NaN,NaN
7,NaN,NaN,NaN,NaN,NaN,NaN,NaN,NaN
8,NaN,NaN,NaN,NaN,NaN,NaN,NaN,NaN
9,NaN,NaN,NaN,NaN,NaN,NaN,NaN,NaN
10,NaN,NaN,NaN,NaN,NaN,NaN,NaN,NaN
11,NaN,NaN,NaN,NaN,NaN,NaN,NaN,NaN
1,NaN,NaN,NaN,NaN,NaN,NaN,NaN,NaN
2,NaN,NaN,NaN,NaN,NaN,NaN,NaN,NaN
3,NaN,NaN,NaN,NaN,NaN,NaN,NaN,NaN
4,NaN,NaN,NaN,NaN,NaN,NaN,NaN,NaN
5,NaN,NaN,NaN,NaN,NaN,NaN,NaN,NaN
6,NaN,NaN,NaN,NaN,NaN,NaN,NaN,NaN
7,NaN,NaN,NaN,NaN,NaN,NaN,NaN,NaN
8,NaN,NaN,NaN,NaN,NaN,NaN,NaN,NaN
9,NaN,NaN,NaN,NaN,NaN,NaN,NaN,NaN
10,NaN,NaN,NaN,NaN,NaN,NaN,NaN,NaN
11,NaN,NaN,NaN,NaN,NaN,NaN,NaN,NaN
1,NaN,NaN,NaN,NaN,NaN,NaN,NaN,NaN
2,NaN,NaN,NaN,NaN,NaN,NaN,NaN,NaN
3,NaN,NaN,NaN,NaN,NaN,NaN,NaN,NaN
4,NaN,NaN,NaN,NaN,NaN,NaN,NaN,NaN
5,NaN,NaN,NaN,NaN,NaN,NaN,NaN,NaN
6,NaN,NaN,NaN,NaN,NaN,NaN,NaN,NaN
7,NaN,NaN,NaN,NaN,NaN,NaN,NaN,NaN
8,NaN,NaN,NaN,NaN,NaN,NaN,NaN,NaN
9,NaN,NaN,NaN,NaN,NaN,NaN,NaN,NaN
10,NaN,NaN,NaN,NaN,NaN,NaN,NaN,NaN
11,NaN,NaN,NaN,NaN,NaN,NaN,NaN,NaN
1,NaN,NaN,NaN,NaN,NaN,NaN,NaN,NaN
2,NaN,NaN,NaN,NaN,NaN,NaN,NaN,NaN
3,NaN,NaN,NaN,NaN,NaN,NaN,NaN,NaN
4,NaN,NaN,NaN,NaN,NaN,NaN,NaN,NaN
5,NaN,NaN,NaN,NaN,NaN,NaN,NaN,NaN
6,NaN,NaN,NaN,NaN,NaN,NaN,NaN,NaN
7,NaN,NaN,NaN,NaN,NaN,NaN,NaN,NaN
8,NaN,NaN,NaN,NaN,NaN,NaN,NaN,NaN
9,NaN,NaN,NaN,NaN,NaN,NaN,NaN,NaN
10,NaN,NaN,NaN,NaN,NaN,NaN,NaN,NaN
11,NaN,NaN,NaN,NaN,NaN,NaN,NaN,NaN
1,NaN,NaN,NaN,NaN,NaN,NaN,NaN,NaN
2,NaN,NaN,NaN,NaN,NaN,NaN,NaN,NaN
3,NaN,NaN,NaN,NaN,NaN,NaN,NaN,NaN
4,NaN,NaN,NaN,NaN,NaN,NaN,NaN,NaN
5,NaN,NaN,NaN,NaN,NaN,NaN,NaN,NaN
6,NaN,NaN,NaN,NaN,NaN,NaN,NaN,NaN
7,NaN,NaN,NaN,NaN,NaN,NaN,NaN,NaN
8,NaN,NaN,NaN,NaN,NaN,NaN,NaN,NaN
9,NaN,NaN,NaN,NaN,NaN,NaN,NaN,NaN
10,NaN,NaN,NaN,NaN,NaN,NaN,NaN,NaN
11,NaN,NaN,NaN,NaN,NaN,NaN,NaN,NaN
1,NaN,NaN,NaN,NaN,NaN,NaN,NaN,NaN
2,NaN,NaN,NaN,NaN,NaN,NaN,NaN,NaN
3,NaN,NaN,NaN,NaN,NaN,NaN,NaN,NaN
4,NaN,NaN,NaN,NaN,NaN,NaN,NaN,NaN
5,NaN,NaN,NaN,NaN,NaN,NaN,NaN,NaN
6,NaN,NaN,NaN,NaN,NaN,NaN,NaN,NaN
7,NaN,NaN,NaN,NaN,NaN,NaN,NaN,NaN
8,NaN,NaN,NaN,NaN,NaN,NaN,NaN,NaN
9,NaN,NaN,NaN,NaN,NaN,NaN,NaN,NaN
10,NaN,NaN,NaN,NaN,NaN,NaN,NaN,NaN
11,NaN,NaN,NaN,NaN,NaN,NaN,NaN,NaN
1,NaN,NaN,NaN,NaN,NaN,NaN,NaN,NaN
2,NaN,NaN,NaN,NaN,NaN,NaN,NaN,NaN
3,NaN,NaN,NaN,NaN,NaN,NaN,NaN,NaN
4,NaN,NaN,NaN,NaN,NaN,NaN,NaN,NaN
5,NaN,NaN,NaN,NaN,NaN,NaN,NaN,NaN
6,NaN,NaN,NaN,NaN,NaN,NaN,NaN,NaN
7,NaN,NaN,NaN,NaN,NaN,NaN,NaN,NaN
8,NaN,NaN,NaN,NaN,NaN,NaN,NaN,NaN
9,NaN,NaN,NaN,NaN,NaN,NaN,NaN,NaN
10,NaN,NaN,NaN,NaN,NaN,NaN,NaN,NaN
11,NaN,NaN,NaN,NaN,NaN,NaN,NaN,NaN
1,NaN,NaN,NaN,NaN,NaN,NaN,NaN,NaN
2,NaN,NaN,NaN,NaN,NaN,NaN,NaN,NaN
3,NaN,NaN,NaN,NaN,NaN,NaN,NaN,NaN
4,NaN,NaN,NaN,NaN,NaN,NaN,NaN,NaN
5,NaN,NaN,NaN,NaN,NaN,NaN,NaN,NaN
6,NaN,NaN,NaN,NaN,NaN,NaN,NaN,NaN
7,NaN,NaN,NaN,NaN,NaN,NaN,NaN,NaN
8,NaN,NaN,NaN,NaN,NaN,NaN,NaN,NaN
9,NaN,NaN,NaN,NaN,NaN,NaN,NaN,NaN
10,NaN,NaN,NaN,NaN,NaN,NaN,NaN,NaN
11,NaN,NaN,NaN,NaN,NaN,NaN,NaN,NaN
1,NaN,NaN,NaN,NaN,NaN,NaN,NaN,NaN
2,NaN,NaN,NaN,NaN,NaN,NaN,NaN,NaN
3,NaN,NaN,NaN,NaN,NaN,NaN,NaN,NaN
4,NaN,NaN,NaN,NaN,NaN,NaN,NaN,NaN
5,NaN,NaN,NaN,NaN,NaN,NaN,NaN,NaN
6,NaN,NaN,NaN,NaN,NaN,NaN,NaN,NaN
7,NaN,NaN,NaN,NaN,NaN,NaN,NaN,NaN
8,NaN,NaN,NaN,NaN,NaN,NaN,NaN,NaN
9,NaN,NaN,NaN,NaN,NaN,NaN,NaN,NaN
10,NaN,NaN,NaN,NaN,NaN,NaN,NaN,NaN
11,NaN,NaN,NaN,NaN,NaN,NaN,NaN,NaN
1,NaN,NaN,NaN,NaN,NaN,NaN,NaN,NaN
2,NaN,NaN,NaN,NaN,NaN,NaN,NaN,NaN
3,NaN,NaN,NaN,NaN,NaN,NaN,NaN,NaN
4,NaN,NaN,NaN,NaN,NaN,NaN,NaN,NaN
5,NaN,NaN,NaN,NaN,NaN,NaN,NaN,NaN
6,NaN,NaN,NaN,NaN,NaN,NaN,NaN,NaN
7,NaN,NaN,NaN,NaN,NaN,NaN,NaN,NaN
8,NaN,NaN,NaN,NaN,NaN,NaN,NaN,NaN
9,NaN,NaN,NaN,NaN,NaN,NaN,NaN,NaN
10,NaN,NaN,NaN,NaN,NaN,NaN,NaN,NaN
11,NaN,NaN,NaN,NaN,NaN,NaN,NaN,NaN
1,NaN,NaN,NaN,NaN,NaN,NaN,NaN,NaN
2,NaN,NaN,NaN,NaN,NaN,NaN,NaN,NaN
3,NaN,NaN,NaN,NaN,NaN,NaN,NaN,NaN
4,NaN,NaN,NaN,NaN,NaN,NaN,NaN,NaN
5,NaN,NaN,NaN,NaN,NaN,NaN,NaN,NaN
6,NaN,NaN,NaN,NaN,NaN,NaN,NaN,NaN
7,NaN,NaN,NaN,NaN,NaN,NaN,NaN,NaN
8,NaN,NaN,NaN,NaN,NaN,NaN,NaN,NaN
9,NaN,NaN,NaN,NaN,NaN,NaN,NaN,NaN
10,NaN,NaN,NaN,NaN,NaN,NaN,NaN,NaN
11,NaN,NaN,NaN,NaN,NaN,NaN,NaN,NaN
1,NaN,NaN,NaN,NaN,NaN,NaN,NaN,NaN
2,NaN,NaN,NaN,NaN,NaN,NaN,NaN,NaN
3,NaN,NaN,NaN,NaN,NaN,NaN,NaN,NaN
4,NaN,NaN,NaN,NaN,NaN,NaN,NaN,NaN
5,NaN,NaN,NaN,NaN,NaN,NaN,NaN,NaN
6,NaN,NaN,NaN,NaN,NaN,NaN,NaN,NaN
7,NaN,NaN,NaN,NaN,NaN,NaN,NaN,NaN
8,NaN,NaN,NaN,NaN,NaN,NaN,NaN,NaN
9,NaN,NaN,NaN,NaN,NaN,NaN,NaN,NaN
10,NaN,NaN,NaN,NaN,NaN,NaN,NaN,NaN
11,NaN,NaN,NaN,NaN,NaN,NaN,NaN,NaN
1,NaN,NaN,NaN,NaN,NaN,NaN,NaN,NaN
2,NaN,NaN,NaN,NaN,NaN,NaN,NaN,NaN
3,NaN,NaN,NaN,NaN,NaN,NaN,NaN,NaN
4,NaN,NaN,NaN,NaN,NaN,NaN,NaN,NaN
5,NaN,NaN,NaN,NaN,NaN,NaN,NaN,NaN
6,NaN,NaN,NaN,NaN,NaN,NaN,NaN,NaN
7,NaN,NaN,NaN,NaN,NaN,NaN,NaN,NaN
8,NaN,NaN,NaN,NaN,NaN,NaN,NaN,NaN
9,NaN,NaN,NaN,NaN,NaN,NaN,NaN,NaN
10,NaN,NaN,NaN,NaN,NaN,NaN,NaN,NaN
11,NaN,NaN,NaN,NaN,NaN,NaN,NaN,NaN
1,NaN,NaN,NaN,NaN,NaN,NaN,NaN,NaN
2,NaN,NaN,NaN,NaN,NaN,NaN,NaN,NaN
3,NaN,NaN,NaN,NaN,NaN,NaN,NaN,NaN
4,NaN,NaN,NaN,NaN,NaN,NaN,NaN,NaN
5,NaN,NaN,NaN,NaN,NaN,NaN,NaN,NaN
6,NaN,NaN,NaN,NaN,NaN,NaN,NaN,NaN
7,NaN,NaN,NaN,NaN,NaN,NaN,NaN,NaN
8,NaN,NaN,NaN,NaN,NaN,NaN,NaN,NaN
9,NaN,NaN,NaN,NaN,NaN,NaN,NaN,NaN
10,NaN,NaN,NaN,NaN,NaN,NaN,NaN,NaN
11,NaN,NaN,NaN,NaN,NaN,NaN,NaN,NaN
1,NaN,NaN,NaN,NaN,NaN,NaN,NaN,NaN
2,NaN,NaN,NaN,NaN,NaN,NaN,NaN,NaN
3,NaN,NaN,NaN,NaN,NaN,NaN,NaN,NaN
4,NaN,NaN,NaN,NaN,NaN,NaN,NaN,NaN
5,NaN,NaN,NaN,NaN,NaN,NaN,NaN,NaN
6,NaN,NaN,NaN,NaN,NaN,NaN,NaN,NaN
7,NaN,NaN,NaN,NaN,NaN,NaN,NaN,NaN
8,NaN,NaN,NaN,NaN,NaN,NaN,NaN,NaN
9,NaN,NaN,NaN,NaN,NaN,NaN,NaN,NaN
10,NaN,NaN,NaN,NaN,NaN,NaN,NaN,NaN
11,NaN,NaN,NaN,NaN,NaN,NaN,NaN,NaN
1,NaN,NaN,NaN,NaN,NaN,NaN,NaN,NaN
2,NaN,NaN,NaN,NaN,NaN,NaN,NaN,NaN
3,NaN,NaN,NaN,NaN,NaN,NaN,NaN,NaN
4,NaN,NaN,NaN,NaN,NaN,NaN,NaN,NaN
5,NaN,NaN,NaN,NaN,NaN,NaN,NaN,NaN
6,NaN,NaN,NaN,NaN,NaN,NaN,NaN,NaN
7,NaN,NaN,NaN,NaN,NaN,NaN,NaN,NaN
8,NaN,NaN,NaN,NaN,NaN,NaN,NaN,NaN
9,NaN,NaN,NaN,NaN,NaN,NaN,NaN,NaN
10,NaN,NaN,NaN,NaN,NaN,NaN,NaN,NaN
11,NaN,NaN,NaN,NaN,NaN,NaN,NaN,NaN
1,NaN,NaN,NaN,NaN,NaN,NaN,NaN,NaN
2,NaN,NaN,NaN,NaN,NaN,NaN,NaN,NaN
3,NaN,NaN,NaN,NaN,NaN,NaN,NaN,NaN
4,NaN,NaN,NaN,NaN,NaN,NaN,NaN,NaN
5,NaN,NaN,NaN,NaN,NaN,NaN,NaN,NaN
6,NaN,NaN,NaN,NaN,NaN,NaN,NaN,NaN
7,NaN,NaN,NaN,NaN,NaN,NaN,NaN,NaN
8,NaN,NaN,NaN,NaN,NaN,NaN,NaN,NaN
9,NaN,NaN,NaN,NaN,NaN,NaN,NaN,NaN
10,NaN,NaN,NaN,NaN,NaN,NaN,NaN,NaN
11,NaN,NaN,NaN,NaN,NaN,NaN,NaN,NaN
1,NaN,NaN,NaN,NaN,NaN,NaN,NaN,NaN
2,NaN,NaN,NaN,NaN,NaN,NaN,NaN,NaN
3,NaN,NaN,NaN,NaN,NaN,NaN,NaN,NaN
4,NaN,NaN,NaN,NaN,NaN,NaN,NaN,NaN
5,NaN,NaN,NaN,NaN,NaN,NaN,NaN,NaN
6,NaN,NaN,NaN,NaN,NaN,NaN,NaN,NaN
7,NaN,NaN,NaN,NaN,NaN,NaN,NaN,NaN
8,NaN,NaN,NaN,NaN,NaN,NaN,NaN,NaN
9,NaN,NaN,NaN,NaN,NaN,NaN,NaN,NaN
10,NaN,NaN,NaN,NaN,NaN,NaN,NaN,NaN
11,NaN,NaN,NaN,NaN,NaN,NaN,NaN,NaN
1,NaN,NaN,NaN,NaN,NaN,NaN,NaN,NaN
2,NaN,NaN,NaN,NaN,NaN,NaN,NaN,NaN
3,NaN,NaN,NaN,NaN,NaN,NaN,NaN,NaN
4,NaN,NaN,NaN,NaN,NaN,NaN,NaN,NaN
5,NaN,NaN,NaN,NaN,NaN,NaN,NaN,NaN
6,NaN,NaN,NaN,NaN,NaN,NaN,NaN,NaN
7,NaN,NaN,NaN,NaN,NaN,NaN,NaN,NaN
8,NaN,NaN,NaN,NaN,NaN,NaN,NaN,NaN
9,NaN,NaN,NaN,NaN,NaN,NaN,NaN,NaN
10,NaN,NaN,NaN,NaN,NaN,NaN,NaN,NaN
11,NaN,NaN,NaN,NaN,NaN,NaN,NaN,NaN
1,NaN,NaN,NaN,NaN,NaN,NaN,NaN,NaN
2,NaN,NaN,NaN,NaN,NaN,NaN,NaN,NaN
3,NaN,NaN,NaN,NaN,NaN,NaN,NaN,NaN
4,NaN,NaN,NaN,NaN,NaN,NaN,NaN,NaN
5,NaN,NaN,NaN,NaN,NaN,NaN,NaN,NaN
6,NaN,NaN,NaN,NaN,NaN,NaN,NaN,NaN
7,NaN,NaN,NaN,NaN,NaN,NaN,NaN,NaN
8,NaN,NaN,NaN,NaN,NaN,NaN,NaN,NaN
9,NaN,NaN,NaN,NaN,NaN,NaN,NaN,NaN
10,NaN,NaN,NaN,NaN,NaN,NaN,NaN,NaN
11,NaN,NaN,NaN,NaN,NaN,NaN,NaN,NaN
1,NaN,NaN,NaN,NaN,NaN,NaN,NaN,NaN
2,NaN,NaN,NaN,NaN,NaN,NaN,NaN,NaN
3,NaN,NaN,NaN,NaN,NaN,NaN,NaN,NaN
4,NaN,NaN,NaN,NaN,NaN,NaN,NaN,NaN
5,NaN,NaN,NaN,NaN,NaN,NaN,NaN,NaN
6,NaN,NaN,NaN,NaN,NaN,NaN,NaN,NaN
7,NaN,NaN,NaN,NaN,NaN,NaN,NaN,NaN
8,NaN,NaN,NaN,NaN,NaN,NaN,NaN,NaN
9,NaN,NaN,NaN,NaN,NaN,NaN,NaN,NaN
10,NaN,NaN,NaN,NaN,NaN,NaN,NaN,NaN
11,NaN,NaN,NaN,NaN,NaN,NaN,NaN,NaN
1,NaN,NaN,NaN,NaN,NaN,NaN,NaN,NaN
2,NaN,NaN,NaN,NaN,NaN,NaN,NaN,NaN
3,NaN,NaN,NaN,NaN,NaN,NaN,NaN,NaN
4,NaN,NaN,NaN,NaN,NaN,NaN,NaN,NaN
5,NaN,NaN,NaN,NaN,NaN,NaN,NaN,NaN
6,NaN,NaN,NaN,NaN,NaN,NaN,NaN,NaN
7,NaN,NaN,NaN,NaN,NaN,NaN,NaN,NaN
8,NaN,NaN,NaN,NaN,NaN,NaN,NaN,NaN
9,NaN,NaN,NaN,NaN,NaN,NaN,NaN,NaN
10,NaN,NaN,NaN,NaN,NaN,NaN,NaN,NaN
11,NaN,NaN,NaN,NaN,NaN,NaN,NaN,NaN
1,NaN,NaN,NaN,NaN,NaN,NaN,NaN,NaN
2,NaN,NaN,NaN,NaN,NaN,NaN,NaN,NaN
3,NaN,NaN,NaN,NaN,NaN,NaN,NaN,NaN
4,NaN,NaN,NaN,NaN,NaN,NaN,NaN,NaN
5,NaN,NaN,NaN,NaN,NaN,NaN,NaN,NaN
6,NaN,NaN,NaN,NaN,NaN,NaN,NaN,NaN
7,NaN,NaN,NaN,NaN,NaN,NaN,NaN,NaN
8,NaN,NaN,NaN,NaN,NaN,NaN,NaN,NaN
9,NaN,NaN,NaN,NaN,NaN,NaN,NaN,NaN
10,NaN,NaN,NaN,NaN,NaN,NaN,NaN,NaN
11,NaN,NaN,NaN,NaN,NaN,NaN,NaN,NaN
1,NaN,NaN,NaN,NaN,NaN,NaN,NaN,NaN
2,NaN,NaN,NaN,NaN,NaN,NaN,NaN,NaN
3,NaN,NaN,NaN,NaN,NaN,NaN,NaN,NaN
4,NaN,NaN,NaN,NaN,NaN,NaN,NaN,NaN
5,NaN,NaN,NaN,NaN,NaN,NaN,NaN,NaN
6,NaN,NaN,NaN,NaN,NaN,NaN,NaN,NaN
7,NaN,NaN,NaN,NaN,NaN,NaN,NaN,NaN
8,NaN,NaN,NaN,NaN,NaN,NaN,NaN,NaN
9,NaN,NaN,NaN,NaN,NaN,NaN,NaN,NaN
10,NaN,NaN,NaN,NaN,NaN,NaN,NaN,NaN
11,NaN,NaN,NaN,NaN,NaN,NaN,NaN,NaN
1,NaN,NaN,NaN,NaN,NaN,NaN,NaN,NaN
2,NaN,NaN,NaN,NaN,NaN,NaN,NaN,NaN
3,NaN,NaN,NaN,NaN,NaN,NaN,NaN,NaN
4,NaN,NaN,NaN,NaN,NaN,NaN,NaN,NaN
5,NaN,NaN,NaN,NaN,NaN,NaN,NaN,NaN
6,NaN,NaN,NaN,NaN,NaN,NaN,NaN,NaN
7,NaN,NaN,NaN,NaN,NaN,NaN,NaN,NaN
8,NaN,NaN,NaN,NaN,NaN,NaN,NaN,NaN
9,NaN,NaN,NaN,NaN,NaN,NaN,NaN,NaN
10,NaN,NaN,NaN,NaN,NaN,NaN,NaN,NaN
11,NaN,NaN,NaN,NaN,NaN,NaN,NaN,NaN
1,NaN,NaN,NaN,NaN,NaN,NaN,NaN,NaN
2,NaN,NaN,NaN,NaN,NaN,NaN,NaN,NaN
3,NaN,NaN,NaN,NaN,NaN,NaN,NaN,NaN
4,NaN,NaN,NaN,NaN,NaN,NaN,NaN,NaN
5,NaN,NaN,NaN,NaN,NaN,NaN,NaN,NaN
6,NaN,NaN,NaN,NaN,NaN,NaN,NaN,NaN
7,NaN,NaN,NaN,NaN,NaN,NaN,NaN,NaN
8,NaN,NaN,NaN,NaN,NaN,NaN,NaN,NaN
9,NaN,NaN,NaN,NaN,NaN,NaN,NaN,NaN
10,NaN,NaN,NaN,NaN,NaN,NaN,NaN,NaN
11,NaN,NaN,NaN,NaN,NaN,NaN,NaN,NaN
1,NaN,NaN,NaN,NaN,NaN,NaN,NaN,NaN
2,NaN,NaN,NaN,NaN,NaN,NaN,NaN,NaN
3,NaN,NaN,NaN,NaN,NaN,NaN,NaN,NaN
4,NaN,NaN,NaN,NaN,NaN,NaN,NaN,NaN
5,NaN,NaN,NaN,NaN,NaN,NaN,NaN,NaN
6,NaN,NaN,NaN,NaN,NaN,NaN,NaN,NaN
7,NaN,NaN,NaN,NaN,NaN,NaN,NaN,NaN
8,NaN,NaN,NaN,NaN,NaN,NaN,NaN,NaN
9,NaN,NaN,NaN,NaN,NaN,NaN,NaN,NaN
10,NaN,NaN,NaN,NaN,NaN,NaN,NaN,NaN
11,NaN,NaN,NaN,NaN,NaN,NaN,NaN,NaN
1,NaN,NaN,NaN,NaN,NaN,NaN,NaN,NaN
2,NaN,NaN,NaN,NaN,NaN,NaN,NaN,NaN
3,NaN,NaN,NaN,NaN,NaN,NaN,NaN,NaN
4,NaN,NaN,NaN,NaN,NaN,NaN,NaN,NaN
5,NaN,NaN,NaN,NaN,NaN,NaN,NaN,NaN
6,NaN,NaN,NaN,NaN,NaN,NaN,NaN,NaN
7,NaN,NaN,NaN,NaN,NaN,NaN,NaN,NaN
8,NaN,NaN,NaN,NaN,NaN,NaN,NaN,NaN
9,NaN,NaN,NaN,NaN,NaN,NaN,NaN,NaN
10,NaN,NaN,NaN,NaN,NaN,NaN,NaN,NaN
11,NaN,NaN,NaN,NaN,NaN,NaN,NaN,NaN
1,NaN,NaN,NaN,NaN,NaN,NaN,NaN,NaN
2,NaN,NaN,NaN,NaN,NaN,NaN,NaN,NaN
3,NaN,NaN,NaN,NaN,NaN,NaN,NaN,NaN
4,NaN,NaN,NaN,NaN,NaN,NaN,NaN,NaN
5,NaN,NaN,NaN,NaN,NaN,NaN,NaN,NaN
6,NaN,NaN,NaN,NaN,NaN,NaN,NaN,NaN
7,NaN,NaN,NaN,NaN,NaN,NaN,NaN,NaN
8,NaN,NaN,NaN,NaN,NaN,NaN,NaN,NaN
9,NaN,NaN,NaN,NaN,NaN,NaN,NaN,NaN
10,NaN,NaN,NaN,NaN,NaN,NaN,NaN,NaN
11,NaN,NaN,NaN,NaN,NaN,NaN,NaN,NaN
1,NaN,NaN,NaN,NaN,NaN,NaN,NaN,NaN
2,NaN,NaN,NaN,NaN,NaN,NaN,NaN,NaN
3,NaN,NaN,NaN,NaN,NaN,NaN,NaN,NaN
4,NaN,NaN,NaN,NaN,NaN,NaN,NaN,NaN
5,NaN,NaN,NaN,NaN,NaN,NaN,NaN,NaN
6,NaN,NaN,NaN,NaN,NaN,NaN,NaN,NaN
7,NaN,NaN,NaN,NaN,NaN,NaN,NaN,NaN
8,NaN,NaN,NaN,NaN,NaN,NaN,NaN,NaN
9,NaN,NaN,NaN,NaN,NaN,NaN,NaN,NaN
10,NaN,NaN,NaN,NaN,NaN,NaN,NaN,NaN
11,NaN,NaN,NaN,NaN,NaN,NaN,NaN,NaN
1,NaN,NaN,NaN,NaN,NaN,NaN,NaN,NaN
2,NaN,NaN,NaN,NaN,NaN,NaN,NaN,NaN
3,NaN,NaN,NaN,NaN,NaN,NaN,NaN,NaN
4,NaN,NaN,NaN,NaN,NaN,NaN,NaN,NaN
5,NaN,NaN,NaN,NaN,NaN,NaN,NaN,NaN
6,NaN,NaN,NaN,NaN,NaN,NaN,NaN,NaN
7,NaN,NaN,NaN,NaN,NaN,NaN,NaN,NaN
8,NaN,NaN,NaN,NaN,NaN,NaN,NaN,NaN
9,NaN,NaN,NaN,NaN,NaN,NaN,NaN,NaN
10,NaN,NaN,NaN,NaN,NaN,NaN,NaN,NaN
11,NaN,NaN,NaN,NaN,NaN,NaN,NaN,NaN
1,NaN,NaN,NaN,NaN,NaN,NaN,NaN,NaN
2,NaN,NaN,NaN,NaN,NaN,NaN,NaN,NaN
3,NaN,NaN,NaN,NaN,NaN,NaN,NaN,NaN
4,NaN,NaN,NaN,NaN,NaN,NaN,NaN,NaN
5,NaN,NaN,NaN,NaN,NaN,NaN,NaN,NaN
6,NaN,NaN,NaN,NaN,NaN,NaN,NaN,NaN
7,NaN,NaN,NaN,NaN,NaN,NaN,NaN,NaN
8,NaN,NaN,NaN,NaN,NaN,NaN,NaN,NaN
9,NaN,NaN,NaN,NaN,NaN,NaN,NaN,NaN
10,NaN,NaN,NaN,NaN,NaN,NaN,NaN,NaN
11,NaN,NaN,NaN,NaN,NaN,NaN,NaN,NaN
1,NaN,NaN,NaN,NaN,NaN,NaN,NaN,NaN
2,NaN,NaN,NaN,NaN,NaN,NaN,NaN,NaN
3,NaN,NaN,NaN,NaN,NaN,NaN,NaN,NaN
4,NaN,NaN,NaN,NaN,NaN,NaN,NaN,NaN
5,NaN,NaN,NaN,NaN,NaN,NaN,NaN,NaN
6,NaN,NaN,NaN,NaN,NaN,NaN,NaN,NaN
7,NaN,NaN,NaN,NaN,NaN,NaN,NaN,NaN
8,NaN,NaN,NaN,NaN,NaN,NaN,NaN,NaN
9,NaN,NaN,NaN,NaN,NaN,NaN,NaN,NaN
10,NaN,NaN,NaN,NaN,NaN,NaN,NaN,NaN
11,NaN,NaN,NaN,NaN,NaN,NaN,NaN,NaN
1,NaN,NaN,NaN,NaN,NaN,NaN,NaN,NaN
2,NaN,NaN,NaN,NaN,NaN,NaN,NaN,NaN
3,NaN,NaN,NaN,NaN,NaN,NaN,NaN,NaN
4,NaN,NaN,NaN,NaN,NaN,NaN,NaN,NaN
5,NaN,NaN,NaN,NaN,NaN,NaN,NaN,NaN
6,NaN,NaN,NaN,NaN,NaN,NaN,NaN,NaN
7,NaN,NaN,NaN,NaN,NaN,NaN,NaN,NaN
8,NaN,NaN,NaN,NaN,NaN,NaN,NaN,NaN
9,NaN,NaN,NaN,NaN,NaN,NaN,NaN,NaN
10,NaN,NaN,NaN,NaN,NaN,NaN,NaN,NaN
11,NaN,NaN,NaN,NaN,NaN,NaN,NaN,NaN
1,NaN,NaN,NaN,NaN,NaN,NaN,NaN,NaN
2,NaN,NaN,NaN,NaN,NaN,NaN,NaN,NaN
3,NaN,NaN,NaN,NaN,NaN,NaN,NaN,NaN
4,NaN,NaN,NaN,NaN,NaN,NaN,NaN,NaN
5,NaN,NaN,NaN,NaN,NaN,NaN,NaN,NaN
6,NaN,NaN,NaN,NaN,NaN,NaN,NaN,NaN
7,NaN,NaN,NaN,NaN,NaN,NaN,NaN,NaN
8,NaN,NaN,NaN,NaN,NaN,NaN,NaN,NaN
9,NaN,NaN,NaN,NaN,NaN,NaN,NaN,NaN
10,NaN,NaN,NaN,NaN,NaN,NaN,NaN,NaN
11,NaN,NaN,NaN,NaN,NaN,NaN,NaN,NaN
1,NaN,NaN,NaN,NaN,NaN,NaN,NaN,NaN
2,NaN,NaN,NaN,NaN,NaN,NaN,NaN,NaN
3,NaN,NaN,NaN,NaN,NaN,NaN,NaN,NaN
4,NaN,NaN,NaN,NaN,NaN,NaN,NaN,NaN
5,NaN,NaN,NaN,NaN,NaN,NaN,NaN,NaN
6,NaN,NaN,NaN,NaN,NaN,NaN,NaN,NaN
7,NaN,NaN,NaN,NaN,NaN,NaN,NaN,NaN
8,NaN,NaN,NaN,NaN,NaN,NaN,NaN,NaN
9,NaN,NaN,NaN,NaN,NaN,NaN,NaN,NaN
10,NaN,NaN,NaN,NaN,NaN,NaN,NaN,NaN
11,NaN,NaN,NaN,NaN,NaN,NaN,NaN,NaN
1,NaN,NaN,NaN,NaN,NaN,NaN,NaN,NaN
2,NaN,NaN,NaN,NaN,NaN,NaN,NaN,NaN
3,NaN,NaN,NaN,NaN,NaN,NaN,NaN,NaN
4,NaN,NaN,NaN,NaN,NaN,NaN,NaN,NaN
5,NaN,NaN,NaN,NaN,NaN,NaN,NaN,NaN
6,NaN,NaN,NaN,NaN,NaN,NaN,NaN,NaN
7,NaN,NaN,NaN,NaN,NaN,NaN,NaN,NaN
8,NaN,NaN,NaN,NaN,NaN,NaN,NaN,NaN
9,NaN,NaN,NaN,NaN,NaN,NaN,NaN,NaN
10,NaN,NaN,NaN,NaN,NaN,NaN,NaN,NaN
11,NaN,NaN,NaN,NaN,NaN,NaN,NaN,NaN
1,NaN,NaN,NaN,NaN,NaN,NaN,NaN,NaN
2,NaN,NaN,NaN,NaN,NaN,NaN,NaN,NaN
3,NaN,NaN,NaN,NaN,NaN,NaN,NaN,NaN
4,NaN,NaN,NaN,NaN,NaN,NaN,NaN,NaN
5,NaN,NaN,NaN,NaN,NaN,NaN,NaN,NaN
6,NaN,NaN,NaN,NaN,NaN,NaN,NaN,NaN
7,NaN,NaN,NaN,NaN,NaN,NaN,NaN,NaN
8,NaN,NaN,NaN,NaN,NaN,NaN,NaN,NaN
9,NaN,NaN,NaN,NaN,NaN,NaN,NaN,NaN
10,NaN,NaN,NaN,NaN,NaN,NaN,NaN,NaN
11,NaN,NaN,NaN,NaN,NaN,NaN,NaN,NaN
1,NaN,NaN,NaN,NaN,NaN,NaN,NaN,NaN
2,NaN,NaN,NaN,NaN,NaN,NaN,NaN,NaN
3,NaN,NaN,NaN,NaN,NaN,NaN,NaN,NaN
4,NaN,NaN,NaN,NaN,NaN,NaN,NaN,NaN
5,NaN,NaN,NaN,NaN,NaN,NaN,NaN,NaN
6,NaN,NaN,NaN,NaN,NaN,NaN,NaN,NaN
7,NaN,NaN,NaN,NaN,NaN,NaN,NaN,NaN
8,NaN,NaN,NaN,NaN,NaN,NaN,NaN,NaN
9,NaN,NaN,NaN,NaN,NaN,NaN,NaN,NaN
10,NaN,NaN,NaN,NaN,NaN,NaN,NaN,NaN
11,NaN,NaN,NaN,NaN,NaN,NaN,NaN,NaN
1,NaN,NaN,NaN,NaN,NaN,NaN,NaN,NaN
2,NaN,NaN,NaN,NaN,NaN,NaN,NaN,NaN
3,NaN,NaN,NaN,NaN,NaN,NaN,NaN,NaN
4,NaN,NaN,NaN,NaN,NaN,NaN,NaN,NaN
5,NaN,NaN,NaN,NaN,NaN,NaN,NaN,NaN
6,NaN,NaN,NaN,NaN,NaN,NaN,NaN,NaN
7,NaN,NaN,NaN,NaN,NaN,NaN,NaN,NaN
8,NaN,NaN,NaN,NaN,NaN,NaN,NaN,NaN
9,NaN,NaN,NaN,NaN,NaN,NaN,NaN,NaN
10,NaN,NaN,NaN,NaN,NaN,NaN,NaN,NaN
11,NaN,NaN,NaN,NaN,NaN,NaN,NaN,NaN
1,NaN,NaN,NaN,NaN,NaN,NaN,NaN,NaN
2,NaN,NaN,NaN,NaN,NaN,NaN,NaN,NaN
3,NaN,NaN,NaN,NaN,NaN,NaN,NaN,NaN
4,NaN,NaN,NaN,NaN,NaN,NaN,NaN,NaN
5,NaN,NaN,NaN,NaN,NaN,NaN,NaN,NaN
6,NaN,NaN,NaN,NaN,NaN,NaN,NaN,NaN
7,NaN,NaN,NaN,NaN,NaN,NaN,NaN,NaN
8,NaN,NaN,NaN,NaN,NaN,NaN,NaN,NaN
9,NaN,NaN,NaN,NaN,NaN,NaN,NaN,NaN
10,NaN,NaN,NaN,NaN,NaN,NaN,NaN,NaN
11,NaN,NaN,NaN,NaN,NaN,NaN,NaN,NaN
1,NaN,NaN,NaN,NaN,NaN,NaN,NaN,NaN
2,NaN,NaN,NaN,NaN,NaN,NaN,NaN,NaN
3,NaN,NaN,NaN,NaN,NaN,NaN,NaN,NaN
4,NaN,NaN,NaN,NaN,NaN,NaN,NaN,NaN
5,NaN,NaN,NaN,NaN,NaN,NaN,NaN,NaN
6,NaN,NaN,NaN,NaN,NaN,NaN,NaN,NaN
7,NaN,NaN,NaN,NaN,NaN,NaN,NaN,NaN
8,NaN,NaN,NaN,NaN,NaN,NaN,NaN,NaN
9,NaN,NaN,NaN,NaN,NaN,NaN,NaN,NaN
10,NaN,NaN,NaN,NaN,NaN,NaN,NaN,NaN
11,NaN,NaN,NaN,NaN,NaN,NaN,NaN,NaN
1,NaN,NaN,NaN,NaN,NaN,NaN,NaN,NaN
2,NaN,NaN,NaN,NaN,NaN,NaN,NaN,NaN
3,NaN,NaN,NaN,NaN,NaN,NaN,NaN,NaN
4,NaN,NaN,NaN,NaN,NaN,NaN,NaN,NaN
5,NaN,NaN,NaN,NaN,NaN,NaN,NaN,NaN
6,NaN,NaN,NaN,NaN,NaN,NaN,NaN,NaN
7,NaN,NaN,NaN,NaN,NaN,NaN,NaN,NaN
8,NaN,NaN,NaN,NaN,NaN,NaN,NaN,NaN
9,NaN,NaN,NaN,NaN,NaN,NaN,NaN,NaN
10,NaN,NaN,NaN,NaN,NaN,NaN,NaN,NaN
11,NaN,NaN,NaN,NaN,NaN,NaN,NaN,NaN
1,NaN,NaN,NaN,NaN,NaN,NaN,NaN,NaN
2,NaN,NaN,NaN,NaN,NaN,NaN,NaN,NaN
3,NaN,NaN,NaN,NaN,NaN,NaN,NaN,NaN
4,NaN,NaN,NaN,NaN,NaN,NaN,NaN,NaN
5,NaN,NaN,NaN,NaN,NaN,NaN,NaN,NaN
6,NaN,NaN,NaN,NaN,NaN,NaN,NaN,NaN
7,NaN,NaN,NaN,NaN,NaN,NaN,NaN,NaN
8,NaN,NaN,NaN,NaN,NaN,NaN,NaN,NaN
9,NaN,NaN,NaN,NaN,NaN,NaN,NaN,NaN
10,NaN,NaN,NaN,NaN,NaN,NaN,NaN,NaN
11,NaN,NaN,NaN,NaN,NaN,NaN,NaN,NaN
1,NaN,NaN,NaN,NaN,NaN,NaN,NaN,NaN
2,NaN,NaN,NaN,NaN,NaN,NaN,NaN,NaN
3,NaN,NaN,NaN,NaN,NaN,NaN,NaN,NaN
4,NaN,NaN,NaN,NaN,NaN,NaN,NaN,NaN
5,NaN,NaN,NaN,NaN,NaN,NaN,NaN,NaN
6,NaN,NaN,NaN,NaN,NaN,NaN,NaN,NaN
7,NaN,NaN,NaN,NaN,NaN,NaN,NaN,NaN
8,NaN,NaN,NaN,NaN,NaN,NaN,NaN,NaN
9,NaN,NaN,NaN,NaN,NaN,NaN,NaN,NaN
10,NaN,NaN,NaN,NaN,NaN,NaN,NaN,NaN
11,NaN,NaN,NaN,NaN,NaN,NaN,NaN,NaN
1,NaN,NaN,NaN,NaN,NaN,NaN,NaN,NaN
2,NaN,NaN,NaN,NaN,NaN,NaN,NaN,NaN
3,NaN,NaN,NaN,NaN,NaN,NaN,NaN,NaN
4,NaN,NaN,NaN,NaN,NaN,NaN,NaN,NaN
5,NaN,NaN,NaN,NaN,NaN,NaN,NaN,NaN
6,NaN,NaN,NaN,NaN,NaN,NaN,NaN,NaN
7,NaN,NaN,NaN,NaN,NaN,NaN,NaN,NaN
8,NaN,NaN,NaN,NaN,NaN,NaN,NaN,NaN
9,NaN,NaN,NaN,NaN,NaN,NaN,NaN,NaN
10,NaN,NaN,NaN,NaN,NaN,NaN,NaN,NaN
11,NaN,NaN,NaN,NaN,NaN,NaN,NaN,NaN
1,NaN,NaN,NaN,NaN,NaN,NaN,NaN,NaN
2,NaN,NaN,NaN,NaN,NaN,NaN,NaN,NaN
3,NaN,NaN,NaN,NaN,NaN,NaN,NaN,NaN
4,NaN,NaN,NaN,NaN,NaN,NaN,NaN,NaN
5,NaN,NaN,NaN,NaN,NaN,NaN,NaN,NaN
6,NaN,NaN,NaN,NaN,NaN,NaN,NaN,NaN
7,NaN,NaN,NaN,NaN,NaN,NaN,NaN,NaN
8,NaN,NaN,NaN,NaN,NaN,NaN,NaN,NaN
9,NaN,NaN,NaN,NaN,NaN,NaN,NaN,NaN
10,NaN,NaN,NaN,NaN,NaN,NaN,NaN,NaN
11,NaN,NaN,NaN,NaN,NaN,NaN,NaN,NaN
1,NaN,NaN,NaN,NaN,NaN,NaN,NaN,NaN
2,NaN,NaN,NaN,NaN,NaN,NaN,NaN,NaN
3,NaN,NaN,NaN,NaN,NaN,NaN,NaN,NaN
4,NaN,NaN,NaN,NaN,NaN,NaN,NaN,NaN
5,NaN,NaN,NaN,NaN,NaN,NaN,NaN,NaN
6,NaN,NaN,NaN,NaN,NaN,NaN,NaN,NaN
7,NaN,NaN,NaN,NaN,NaN,NaN,NaN,NaN
8,NaN,NaN,NaN,NaN,NaN,NaN,NaN,NaN
9,NaN,NaN,NaN,NaN,NaN,NaN,NaN,NaN
10,NaN,NaN,NaN,NaN,NaN,NaN,NaN,NaN
11,NaN,NaN,NaN,NaN,NaN,NaN,NaN,NaN
1,NaN,NaN,NaN,NaN,NaN,NaN,NaN,NaN
2,NaN,NaN,NaN,NaN,NaN,NaN,NaN,NaN
3,NaN,NaN,NaN,NaN,NaN,NaN,NaN,NaN
4,NaN,NaN,NaN,NaN,NaN,NaN,NaN,NaN
5,NaN,NaN,NaN,NaN,NaN,NaN,NaN,NaN
6,NaN,NaN,NaN,NaN,NaN,NaN,NaN,NaN
7,NaN,NaN,NaN,NaN,NaN,NaN,NaN,NaN
8,NaN,NaN,NaN,NaN,NaN,NaN,NaN,NaN
9,NaN,NaN,NaN,NaN,NaN,NaN,NaN,NaN
10,NaN,NaN,NaN,NaN,NaN,NaN,NaN,NaN
11,NaN,NaN,NaN,NaN,NaN,NaN,NaN,NaN
1,NaN,NaN,NaN,NaN,NaN,NaN,NaN,NaN
2,NaN,NaN,NaN,NaN,NaN,NaN,NaN,NaN
3,NaN,NaN,NaN,NaN,NaN,NaN,NaN,NaN
4,NaN,NaN,NaN,NaN,NaN,NaN,NaN,NaN
5,NaN,NaN,NaN,NaN,NaN,NaN,NaN,NaN
6,NaN,NaN,NaN,NaN,NaN,NaN,NaN,NaN
7,NaN,NaN,NaN,NaN,NaN,NaN,NaN,NaN
8,NaN,NaN,NaN,NaN,NaN,NaN,NaN,NaN
9,NaN,NaN,NaN,NaN,NaN,NaN,NaN,NaN
10,NaN,NaN,NaN,NaN,NaN,NaN,NaN,NaN
11,NaN,NaN,NaN,NaN,NaN,NaN,NaN,NaN
1,NaN,NaN,NaN,NaN,NaN,NaN,NaN,NaN
2,NaN,NaN,NaN,NaN,NaN,NaN,NaN,NaN
3,NaN,NaN,NaN,NaN,NaN,NaN,NaN,NaN
4,NaN,NaN,NaN,NaN,NaN,NaN,NaN,NaN
5,NaN,NaN,NaN,NaN,NaN,NaN,NaN,NaN
6,NaN,NaN,NaN,NaN,NaN,NaN,NaN,NaN
7,NaN,NaN,NaN,NaN,NaN,NaN,NaN,NaN
8,NaN,NaN,NaN,NaN,NaN,NaN,NaN,NaN
9,NaN,NaN,NaN,NaN,NaN,NaN,NaN,NaN
10,NaN,NaN,NaN,NaN,NaN,NaN,NaN,NaN
11,NaN,NaN,NaN,NaN,NaN,NaN,NaN,NaN
1,NaN,NaN,NaN,NaN,NaN,NaN,NaN,NaN
2,NaN,NaN,NaN,NaN,NaN,NaN,NaN,NaN
3,NaN,NaN,NaN,NaN,NaN,NaN,NaN,NaN
4,NaN,NaN,NaN,NaN,NaN,NaN,NaN,NaN
5,NaN,NaN,NaN,NaN,NaN,NaN,NaN,NaN
6,NaN,NaN,NaN,NaN,NaN,NaN,NaN,NaN
7,NaN,NaN,NaN,NaN,NaN,NaN,NaN,NaN
8,NaN,NaN,NaN,NaN,NaN,NaN,NaN,NaN
9,NaN,NaN,NaN,NaN,NaN,NaN,NaN,NaN
10,NaN,NaN,NaN,NaN,NaN,NaN,NaN,NaN
11,NaN,NaN,NaN,NaN,NaN,NaN,NaN,NaN
1,NaN,NaN,NaN,NaN,NaN,NaN,NaN,NaN
2,NaN,NaN,NaN,NaN,NaN,NaN,NaN,NaN
3,NaN,NaN,NaN,NaN,NaN,NaN,NaN,NaN
4,NaN,NaN,NaN,NaN,NaN,NaN,NaN,NaN
5,NaN,NaN,NaN,NaN,NaN,NaN,NaN,NaN
6,NaN,NaN,NaN,NaN,NaN,NaN,NaN,NaN
7,NaN,NaN,NaN,NaN,NaN,NaN,NaN,NaN
8,NaN,NaN,NaN,NaN,NaN,NaN,NaN,NaN
9,NaN,NaN,NaN,NaN,NaN,NaN,NaN,NaN
10,NaN,NaN,NaN,NaN,NaN,NaN,NaN,NaN
11,NaN,NaN,NaN,NaN,NaN,NaN,NaN,NaN
1,NaN,NaN,NaN,NaN,NaN,NaN,NaN,NaN
2,NaN,NaN,NaN,NaN,NaN,NaN,NaN,NaN
3,NaN,NaN,NaN,NaN,NaN,NaN,NaN,NaN
4,NaN,NaN,NaN,NaN,NaN,NaN,NaN,NaN
5,NaN,NaN,NaN,NaN,NaN,NaN,NaN,NaN
6,NaN,NaN,NaN,NaN,NaN,NaN,NaN,NaN
7,NaN,NaN,NaN,NaN,NaN,NaN,NaN,NaN
8,NaN,NaN,NaN,NaN,NaN,NaN,NaN,NaN
9,NaN,NaN,NaN,NaN,NaN,NaN,NaN,NaN
10,NaN,NaN,NaN,NaN,NaN,NaN,NaN,NaN
11,NaN,NaN,NaN,NaN,NaN,NaN,NaN,NaN
1,NaN,NaN,NaN,NaN,NaN,NaN,NaN,NaN
2,NaN,NaN,NaN,NaN,NaN,NaN,NaN,NaN
3,NaN,NaN,NaN,NaN,NaN,NaN,NaN,NaN
4,NaN,NaN,NaN,NaN,NaN,NaN,NaN,NaN
5,NaN,NaN,NaN,NaN,NaN,NaN,NaN,NaN
6,NaN,NaN,NaN,NaN,NaN,NaN,NaN,NaN
7,NaN,NaN,NaN,NaN,NaN,NaN,NaN,NaN
8,NaN,NaN,NaN,NaN,NaN,NaN,NaN,NaN
9,NaN,NaN,NaN,NaN,NaN,NaN,NaN,NaN
10,NaN,NaN,NaN,NaN,NaN,NaN,NaN,NaN
11,NaN,NaN,NaN,NaN,NaN,NaN,NaN,NaN
1,NaN,NaN,NaN,NaN,NaN,NaN,NaN,NaN
2,NaN,NaN,NaN,NaN,NaN,NaN,NaN,NaN
3,NaN,NaN,NaN,NaN,NaN,NaN,NaN,NaN
4,NaN,NaN,NaN,NaN,NaN,NaN,NaN,NaN
5,NaN,NaN,NaN,NaN,NaN,NaN,NaN,NaN
6,NaN,NaN,NaN,NaN,NaN,NaN,NaN,NaN
7,NaN,NaN,NaN,NaN,NaN,NaN,NaN,NaN
8,NaN,NaN,NaN,NaN,NaN,NaN,NaN,NaN
9,NaN,NaN,NaN,NaN,NaN,NaN,NaN,NaN
10,NaN,NaN,NaN,NaN,NaN,NaN,NaN,NaN
11,NaN,NaN,NaN,NaN,NaN,NaN,NaN,NaN
1,NaN,NaN,NaN,NaN,NaN,NaN,NaN,NaN
2,NaN,NaN,NaN,NaN,NaN,NaN,NaN,NaN
3,NaN,NaN,NaN,NaN,NaN,NaN,NaN,NaN
4,NaN,NaN,NaN,NaN,NaN,NaN,NaN,NaN
5,NaN,NaN,NaN,NaN,NaN,NaN,NaN,NaN
6,NaN,NaN,NaN,NaN,NaN,NaN,NaN,NaN
7,NaN,NaN,NaN,NaN,NaN,NaN,NaN,NaN
8,NaN,NaN,NaN,NaN,NaN,NaN,NaN,NaN
9,NaN,NaN,NaN,NaN,NaN,NaN,NaN,NaN
10,NaN,NaN,NaN,NaN,NaN,NaN,NaN,NaN
11,NaN,NaN,NaN,NaN,NaN,NaN,NaN,NaN
1,NaN,NaN,NaN,NaN,NaN,NaN,NaN,NaN
2,NaN,NaN,NaN,NaN,NaN,NaN,NaN,NaN
3,NaN,NaN,NaN,NaN,NaN,NaN,NaN,NaN
4,NaN,NaN,NaN,NaN,NaN,NaN,NaN,NaN
5,NaN,NaN,NaN,NaN,NaN,NaN,NaN,NaN
6,NaN,NaN,NaN,NaN,NaN,NaN,NaN,NaN
7,NaN,NaN,NaN,NaN,NaN,NaN,NaN,NaN
8,NaN,NaN,NaN,NaN,NaN,NaN,NaN,NaN
9,NaN,NaN,NaN,NaN,NaN,NaN,NaN,NaN
10,NaN,NaN,NaN,NaN,NaN,NaN,NaN,NaN
11,NaN,NaN,NaN,NaN,NaN,NaN,NaN,NaN
1,NaN,NaN,NaN,NaN,NaN,NaN,NaN,NaN
2,NaN,NaN,NaN,NaN,NaN,NaN,NaN,NaN
3,NaN,NaN,NaN,NaN,NaN,NaN,NaN,NaN
4,NaN,NaN,NaN,NaN,NaN,NaN,NaN,NaN
5,NaN,NaN,NaN,NaN,NaN,NaN,NaN,NaN
6,NaN,NaN,NaN,NaN,NaN,NaN,NaN,NaN
7,NaN,NaN,NaN,NaN,NaN,NaN,NaN,NaN
8,NaN,NaN,NaN,NaN,NaN,NaN,NaN,NaN
9,NaN,NaN,NaN,NaN,NaN,NaN,NaN,NaN
10,NaN,NaN,NaN,NaN,NaN,NaN,NaN,NaN
11,NaN,NaN,NaN,NaN,NaN,NaN,NaN,NaN
1,NaN,NaN,NaN,NaN,NaN,NaN,NaN,NaN
2,NaN,NaN,NaN,NaN,NaN,NaN,NaN,NaN
3,NaN,NaN,NaN,NaN,NaN,NaN,NaN,NaN
4,NaN,NaN,NaN,NaN,NaN,NaN,NaN,NaN
5,NaN,NaN,NaN,NaN,NaN,NaN,NaN,NaN
6,NaN,NaN,NaN,NaN,NaN,NaN,NaN,NaN
7,NaN,NaN,NaN,NaN,NaN,NaN,NaN,NaN
8,NaN,NaN,NaN,NaN,NaN,NaN,NaN,NaN
9,NaN,NaN,NaN,NaN,NaN,NaN,NaN,NaN
10,NaN,NaN,NaN,NaN,NaN,NaN,NaN,NaN
11,NaN,NaN,NaN,NaN,NaN,NaN,NaN,NaN
1,NaN,NaN,NaN,NaN,NaN,NaN,NaN,NaN
2,NaN,NaN,NaN,NaN,NaN,NaN,NaN,NaN
3,NaN,NaN,NaN,NaN,NaN,NaN,NaN,NaN
4,NaN,NaN,NaN,NaN,NaN,NaN,NaN,NaN
5,NaN,NaN,NaN,NaN,NaN,NaN,NaN,NaN
6,NaN,NaN,NaN,NaN,NaN,NaN,NaN,NaN
7,NaN,NaN,NaN,NaN,NaN,NaN,NaN,NaN
8,NaN,NaN,NaN,NaN,NaN,NaN,NaN,NaN
9,NaN,NaN,NaN,NaN,NaN,NaN,NaN,NaN
10,NaN,NaN,NaN,NaN,NaN,NaN,NaN,NaN
11,NaN,NaN,NaN,NaN,NaN,NaN,NaN,NaN
1,NaN,NaN,NaN,NaN,NaN,NaN,NaN,NaN
2,NaN,NaN,NaN,NaN,NaN,NaN,NaN,NaN
3,NaN,NaN,NaN,NaN,NaN,NaN,NaN,NaN
4,NaN,NaN,NaN,NaN,NaN,NaN,NaN,NaN
5,NaN,NaN,NaN,NaN,NaN,NaN,NaN,NaN
6,NaN,NaN,NaN,NaN,NaN,NaN,NaN,NaN
7,NaN,NaN,NaN,NaN,NaN,NaN,NaN,NaN
8,NaN,NaN,NaN,NaN,NaN,NaN,NaN,NaN
9,NaN,NaN,NaN,NaN,NaN,NaN,NaN,NaN
10,NaN,NaN,NaN,NaN,NaN,NaN,NaN,NaN
11,NaN,NaN,NaN,NaN,NaN,NaN,NaN,NaN
1,NaN,NaN,NaN,NaN,NaN,NaN,NaN,NaN
2,NaN,NaN,NaN,NaN,NaN,NaN,NaN,NaN
3,NaN,NaN,NaN,NaN,NaN,NaN,NaN,NaN
4,NaN,NaN,NaN,NaN,NaN,NaN,NaN,NaN
5,NaN,NaN,NaN,NaN,NaN,NaN,NaN,NaN
6,NaN,NaN,NaN,NaN,NaN,NaN,NaN,NaN
7,NaN,NaN,NaN,NaN,NaN,NaN,NaN,NaN
8,NaN,NaN,NaN,NaN,NaN,NaN,NaN,NaN
9,NaN,NaN,NaN,NaN,NaN,NaN,NaN,NaN
10,NaN,NaN,NaN,NaN,NaN,NaN,NaN,NaN
11,NaN,NaN,NaN,NaN,NaN,NaN,NaN,NaN
1,NaN,NaN,NaN,NaN,NaN,NaN,NaN,NaN
2,NaN,NaN,NaN,NaN,NaN,NaN,NaN,NaN
3,NaN,NaN,NaN,NaN,NaN,NaN,NaN,NaN
4,NaN,NaN,NaN,NaN,NaN,NaN,NaN,NaN
5,NaN,NaN,NaN,NaN,NaN,NaN,NaN,NaN
6,NaN,NaN,NaN,NaN,NaN,NaN,NaN,NaN
7,NaN,NaN,NaN,NaN,NaN,NaN,NaN,NaN
8,NaN,NaN,NaN,NaN,NaN,NaN,NaN,NaN
9,NaN,NaN,NaN,NaN,NaN,NaN,NaN,NaN
10,NaN,NaN,NaN,NaN,NaN,NaN,NaN,NaN
11,NaN,NaN,NaN,NaN,NaN,NaN,NaN,NaN
1,NaN,NaN,NaN,NaN,NaN,NaN,NaN,NaN
2,NaN,NaN,NaN,NaN,NaN,NaN,NaN,NaN
3,NaN,NaN,NaN,NaN,NaN,NaN,NaN,NaN
4,NaN,NaN,NaN,NaN,NaN,NaN,NaN,NaN
5,NaN,NaN,NaN,NaN,NaN,NaN,NaN,NaN
6,NaN,NaN,NaN,NaN,NaN,NaN,NaN,NaN
7,NaN,NaN,NaN,NaN,NaN,NaN,NaN,NaN
8,NaN,NaN,NaN,NaN,NaN,NaN,NaN,NaN
9,NaN,NaN,NaN,NaN,NaN,NaN,NaN,NaN
10,NaN,NaN,NaN,NaN,NaN,NaN,NaN,NaN
11,NaN,NaN,NaN,NaN,NaN,NaN,NaN,NaN
1,NaN,NaN,NaN,NaN,NaN,NaN,NaN,NaN
2,NaN,NaN,NaN,NaN,NaN,NaN,NaN,NaN
3,NaN,NaN,NaN,NaN,NaN,NaN,NaN,NaN
4,NaN,NaN,NaN,NaN,NaN,NaN,NaN,NaN
5,NaN,NaN,NaN,NaN,NaN,NaN,NaN,NaN
6,NaN,NaN,NaN,NaN,NaN,NaN,NaN,NaN
7,NaN,NaN,NaN,NaN,NaN,NaN,NaN,NaN
8,NaN,NaN,NaN,NaN,NaN,NaN,NaN,NaN
9,NaN,NaN,NaN,NaN,NaN,NaN,NaN,NaN
10,NaN,NaN,NaN,NaN,NaN,NaN,NaN,NaN
11,NaN,NaN,NaN,NaN,NaN,NaN,NaN,NaN
1,NaN,NaN,NaN,NaN,NaN,NaN,NaN,NaN
2,NaN,NaN,NaN,NaN,NaN,NaN,NaN,NaN
3,NaN,NaN,NaN,NaN,NaN,NaN,NaN,NaN
4,NaN,NaN,NaN,NaN,NaN,NaN,NaN,NaN
5,NaN,NaN,NaN,NaN,NaN,NaN,NaN,NaN
6,NaN,NaN,NaN,NaN,NaN,NaN,NaN,NaN
7,NaN,NaN,NaN,NaN,NaN,NaN,NaN,NaN
8,NaN,NaN,NaN,NaN,NaN,NaN,NaN,NaN
9,NaN,NaN,NaN,NaN,NaN,NaN,NaN,NaN
10,NaN,NaN,NaN,NaN,NaN,NaN,NaN,NaN
11,NaN,NaN,NaN,NaN,NaN,NaN,NaN,NaN
1,NaN,NaN,NaN,NaN,NaN,NaN,NaN,NaN
2,NaN,NaN,NaN,NaN,NaN,NaN,NaN,NaN
3,NaN,NaN,NaN,NaN,NaN,NaN,NaN,NaN
4,NaN,NaN,NaN,NaN,NaN,NaN,NaN,NaN
5,NaN,NaN,NaN,NaN,NaN,NaN,NaN,NaN
6,NaN,NaN,NaN,NaN,NaN,NaN,NaN,NaN
7,NaN,NaN,NaN,NaN,NaN,NaN,NaN,NaN
8,NaN,NaN,NaN,NaN,NaN,NaN,NaN,NaN
9,NaN,NaN,NaN,NaN,NaN,NaN,NaN,NaN
10,NaN,NaN,NaN,NaN,NaN,NaN,NaN,NaN
11,NaN,NaN,NaN,NaN,NaN,NaN,NaN,NaN
1,NaN,NaN,NaN,NaN,NaN,NaN,NaN,NaN
2,NaN,NaN,NaN,NaN,NaN,NaN,NaN,NaN
3,NaN,NaN,NaN,NaN,NaN,NaN,NaN,NaN
4,NaN,NaN,NaN,NaN,NaN,NaN,NaN,NaN
5,NaN,NaN,NaN,NaN,NaN,NaN,NaN,NaN
6,NaN,NaN,NaN,NaN,NaN,NaN,NaN,NaN
7,NaN,NaN,NaN,NaN,NaN,NaN,NaN,NaN
8,NaN,NaN,NaN,NaN,NaN,NaN,NaN,NaN
9,NaN,NaN,NaN,NaN,NaN,NaN,NaN,NaN
10,NaN,NaN,NaN,NaN,NaN,NaN,NaN,NaN
11,NaN,NaN,NaN,NaN,NaN,NaN,NaN,NaN
1,NaN,NaN,NaN,NaN,NaN,NaN,NaN,NaN
2,NaN,NaN,NaN,NaN,NaN,NaN,NaN,NaN
3,NaN,NaN,NaN,NaN,NaN,NaN,NaN,NaN
4,NaN,NaN,NaN,NaN,NaN,NaN,NaN,NaN
5,NaN,NaN,NaN,NaN,NaN,NaN,NaN,NaN
6,NaN,NaN,NaN,NaN,NaN,NaN,NaN,NaN
7,NaN,NaN,NaN,NaN,NaN,NaN,NaN,NaN
8,NaN,NaN,NaN,NaN,NaN,NaN,NaN,NaN
9,NaN,NaN,NaN,NaN,NaN,NaN,NaN,NaN
10,NaN,NaN,NaN,NaN,NaN,NaN,NaN,NaN
11,NaN,NaN,NaN,NaN,NaN,NaN,NaN,NaN
1,NaN,NaN,NaN,NaN,NaN,NaN,NaN,NaN
2,NaN,NaN,NaN,NaN,NaN,NaN,NaN,NaN
3,NaN,NaN,NaN,NaN,NaN,NaN,NaN,NaN
4,NaN,NaN,NaN,NaN,NaN,NaN,NaN,NaN
5,NaN,NaN,NaN,NaN,NaN,NaN,NaN,NaN
6,NaN,NaN,NaN,NaN,NaN,NaN,NaN,NaN
7,NaN,NaN,NaN,NaN,NaN,NaN,NaN,NaN
8,NaN,NaN,NaN,NaN,NaN,NaN,NaN,NaN
9,NaN,NaN,NaN,NaN,NaN,NaN,NaN,NaN
10,NaN,NaN,NaN,NaN,NaN,NaN,NaN,NaN
11,NaN,NaN,NaN,NaN,NaN,NaN,NaN,NaN
1,NaN,NaN,NaN,NaN,NaN,NaN,NaN,NaN
2,NaN,NaN,NaN,NaN,NaN,NaN,NaN,NaN
3,NaN,NaN,NaN,NaN,NaN,NaN,NaN,NaN
4,NaN,NaN,NaN,NaN,NaN,NaN,NaN,NaN
5,NaN,NaN,NaN,NaN,NaN,NaN,NaN,NaN
6,NaN,NaN,NaN,NaN,NaN,NaN,NaN,NaN
7,NaN,NaN,NaN,NaN,NaN,NaN,NaN,NaN
8,NaN,NaN,NaN,NaN,NaN,NaN,NaN,NaN
9,NaN,NaN,NaN,NaN,NaN,NaN,NaN,NaN
10,NaN,NaN,NaN,NaN,NaN,NaN,NaN,NaN
11,NaN,NaN,NaN,NaN,NaN,NaN,NaN,NaN
1,NaN,NaN,NaN,NaN,NaN,NaN,NaN,NaN
2,NaN,NaN,NaN,NaN,NaN,NaN,NaN,NaN
3,NaN,NaN,NaN,NaN,NaN,NaN,NaN,NaN
4,NaN,NaN,NaN,NaN,NaN,NaN,NaN,NaN
5,NaN,NaN,NaN,NaN,NaN,NaN,NaN,NaN
6,NaN,NaN,NaN,NaN,NaN,NaN,NaN,NaN
7,NaN,NaN,NaN,NaN,NaN,NaN,NaN,NaN
8,NaN,NaN,NaN,NaN,NaN,NaN,NaN,NaN
9,NaN,NaN,NaN,NaN,NaN,NaN,NaN,NaN
10,NaN,NaN,NaN,NaN,NaN,NaN,NaN,NaN
11,NaN,NaN,NaN,NaN,NaN,NaN,NaN,NaN
1,NaN,NaN,NaN,NaN,NaN,NaN,NaN,NaN
2,NaN,NaN,NaN,NaN,NaN,NaN,NaN,NaN
3,NaN,NaN,NaN,NaN,NaN,NaN,NaN,NaN
4,NaN,NaN,NaN,NaN,NaN,NaN,NaN,NaN
5,NaN,NaN,NaN,NaN,NaN,NaN,NaN,NaN
6,NaN,NaN,NaN,NaN,NaN,NaN,NaN,NaN
7,NaN,NaN,NaN,NaN,NaN,NaN,NaN,NaN
8,NaN,NaN,NaN,NaN,NaN,NaN,NaN,NaN
9,NaN,NaN,NaN,NaN,NaN,NaN,NaN,NaN
10,NaN,NaN,NaN,NaN,NaN,NaN,NaN,NaN
11,NaN,NaN,NaN,NaN,NaN,NaN,NaN,NaN
1,NaN,NaN,NaN,NaN,NaN,NaN,NaN,NaN
2,NaN,NaN,NaN,NaN,NaN,NaN,NaN,NaN
3,NaN,NaN,NaN,NaN,NaN,NaN,NaN,NaN
4,NaN,NaN,NaN,NaN,NaN,NaN,NaN,NaN
5,NaN,NaN,NaN,NaN,NaN,NaN,NaN,NaN
6,NaN,NaN,NaN,NaN,NaN,NaN,NaN,NaN
7,NaN,NaN,NaN,NaN,NaN,NaN,NaN,NaN
8,NaN,NaN,NaN,NaN,NaN,NaN,NaN,NaN
9,NaN,NaN,NaN,NaN,NaN,NaN,NaN,NaN
10,NaN,NaN,NaN,NaN,NaN,NaN,NaN,NaN
11,NaN,NaN,NaN,NaN,NaN,NaN,NaN,NaN
1,NaN,NaN,NaN,NaN,NaN,NaN,NaN,NaN
2,NaN,NaN,NaN,NaN,NaN,NaN,NaN,NaN
3,NaN,NaN,NaN,NaN,NaN,NaN,NaN,NaN
4,NaN,NaN,NaN,NaN,NaN,NaN,NaN,NaN
5,NaN,NaN,NaN,NaN,NaN,NaN,NaN,NaN
6,NaN,NaN,NaN,NaN,NaN,NaN,NaN,NaN
7,NaN,NaN,NaN,NaN,NaN,NaN,NaN,NaN
8,NaN,NaN,NaN,NaN,NaN,NaN,NaN,NaN
9,NaN,NaN,NaN,NaN,NaN,NaN,NaN,NaN
10,NaN,NaN,NaN,NaN,NaN,NaN,NaN,NaN
11,NaN,NaN,NaN,NaN,NaN,NaN,NaN,NaN
1,NaN,NaN,NaN,NaN,NaN,NaN,NaN,NaN
2,NaN,NaN,NaN,NaN,NaN,NaN,NaN,NaN
3,NaN,NaN,NaN,NaN,NaN,NaN,NaN,NaN
4,NaN,NaN,NaN,NaN,NaN,NaN,NaN,NaN
5,NaN,NaN,NaN,NaN,NaN,NaN,NaN,NaN
6,NaN,NaN,NaN,NaN,NaN,NaN,NaN,NaN
7,NaN,NaN,NaN,NaN,NaN,NaN,NaN,NaN
8,NaN,NaN,NaN,NaN,NaN,NaN,NaN,NaN
9,NaN,NaN,NaN,NaN,NaN,NaN,NaN,NaN
10,NaN,NaN,NaN,NaN,NaN,NaN,NaN,NaN
11,NaN,NaN,NaN,NaN,NaN,NaN,NaN,NaN
1,NaN,NaN,NaN,NaN,NaN,NaN,NaN,NaN
2,NaN,NaN,NaN,NaN,NaN,NaN,NaN,NaN
3,NaN,NaN,NaN,NaN,NaN,NaN,NaN,NaN
4,NaN,NaN,NaN,NaN,NaN,NaN,NaN,NaN
5,NaN,NaN,NaN,NaN,NaN,NaN,NaN,NaN
6,NaN,NaN,NaN,NaN,NaN,NaN,NaN,NaN
7,NaN,NaN,NaN,NaN,NaN,NaN,NaN,NaN
8,NaN,NaN,NaN,NaN,NaN,NaN,NaN,NaN
9,NaN,NaN,NaN,NaN,NaN,NaN,NaN,NaN
10,NaN,NaN,NaN,NaN,NaN,NaN,NaN,NaN
11,NaN,NaN,NaN,NaN,NaN,NaN,NaN,NaN
1,NaN,NaN,NaN,NaN,NaN,NaN,NaN,NaN
2,NaN,NaN,NaN,NaN,NaN,NaN,NaN,NaN
3,NaN,NaN,NaN,NaN,NaN,NaN,NaN,NaN
4,NaN,NaN,NaN,NaN,NaN,NaN,NaN,NaN
5,NaN,NaN,NaN,NaN,NaN,NaN,NaN,NaN
6,NaN,NaN,NaN,NaN,NaN,NaN,NaN,NaN
7,NaN,NaN,NaN,NaN,NaN,NaN,NaN,NaN
8,NaN,NaN,NaN,NaN,NaN,NaN,NaN,NaN
9,NaN,NaN,NaN,NaN,NaN,NaN,NaN,NaN
10,NaN,NaN,NaN,NaN,NaN,NaN,NaN,NaN
11,NaN,NaN,NaN,NaN,NaN,NaN,NaN,NaN
1,NaN,NaN,NaN,NaN,NaN,NaN,NaN,NaN
2,NaN,NaN,NaN,NaN,NaN,NaN,NaN,NaN
3,NaN,NaN,NaN,NaN,NaN,NaN,NaN,NaN
4,NaN,NaN,NaN,NaN,NaN,NaN,NaN,NaN
5,NaN,NaN,NaN,NaN,NaN,NaN,NaN,NaN
6,NaN,NaN,NaN,NaN,NaN,NaN,NaN,NaN
7,NaN,NaN,NaN,NaN,NaN,NaN,NaN,NaN
8,NaN,NaN,NaN,NaN,NaN,NaN,NaN,NaN
9,NaN,NaN,NaN,NaN,NaN,NaN,NaN,NaN
10,NaN,NaN,NaN,NaN,NaN,NaN,NaN,NaN
11,NaN,NaN,NaN,NaN,NaN,NaN,NaN,NaN
1,NaN,NaN,NaN,NaN,NaN,NaN,NaN,NaN
2,NaN,NaN,NaN,NaN,NaN,NaN,NaN,NaN
3,NaN,NaN,NaN,NaN,NaN,NaN,NaN,NaN
4,NaN,NaN,NaN,NaN,NaN,NaN,NaN,NaN
5,NaN,NaN,NaN,NaN,NaN,NaN,NaN,NaN
6,NaN,NaN,NaN,NaN,NaN,NaN,NaN,NaN
7,NaN,NaN,NaN,NaN,NaN,NaN,NaN,NaN
8,NaN,NaN,NaN,NaN,NaN,NaN,NaN,NaN
9,NaN,NaN,NaN,NaN,NaN,NaN,NaN,NaN
10,NaN,NaN,NaN,NaN,NaN,NaN,NaN,NaN
11,NaN,NaN,NaN,NaN,NaN,NaN,NaN,NaN
1,NaN,NaN,NaN,NaN,NaN,NaN,NaN,NaN
2,NaN,NaN,NaN,NaN,NaN,NaN,NaN,NaN
3,NaN,NaN,NaN,NaN,NaN,NaN,NaN,NaN
4,NaN,NaN,NaN,NaN,NaN,NaN,NaN,NaN
5,NaN,NaN,NaN,NaN,NaN,NaN,NaN,NaN
6,NaN,NaN,NaN,NaN,NaN,NaN,NaN,NaN
7,NaN,NaN,NaN,NaN,NaN,NaN,NaN,NaN
8,NaN,NaN,NaN,NaN,NaN,NaN,NaN,NaN
9,NaN,NaN,NaN,NaN,NaN,NaN,NaN,NaN
10,NaN,NaN,NaN,NaN,NaN,NaN,NaN,NaN
11,NaN,NaN,NaN,NaN,NaN,NaN,NaN,NaN
1,NaN,NaN,NaN,NaN,NaN,NaN,NaN,NaN
2,NaN,NaN,NaN,NaN,NaN,NaN,NaN,NaN
3,NaN,NaN,NaN,NaN,NaN,NaN,NaN,NaN
4,NaN,NaN,NaN,NaN,NaN,NaN,NaN,NaN
5,NaN,NaN,NaN,NaN,NaN,NaN,NaN,NaN
6,NaN,NaN,NaN,NaN,NaN,NaN,NaN,NaN
7,NaN,NaN,NaN,NaN,NaN,NaN,NaN,NaN
8,NaN,NaN,NaN,NaN,NaN,NaN,NaN,NaN
9,NaN,NaN,NaN,NaN,NaN,NaN,NaN,NaN
10,NaN,NaN,NaN,NaN,NaN,NaN,NaN,NaN
11,NaN,NaN,NaN,NaN,NaN,NaN,NaN,NaN
1,NaN,NaN,NaN,NaN,NaN,NaN,NaN,NaN
2,NaN,NaN,NaN,NaN,NaN,NaN,NaN,NaN
3,NaN,NaN,NaN,NaN,NaN,NaN,NaN,NaN
4,NaN,NaN,NaN,NaN,NaN,NaN,NaN,NaN
5,NaN,NaN,NaN,NaN,NaN,NaN,NaN,NaN
6,NaN,NaN,NaN,NaN,NaN,NaN,NaN,NaN
7,NaN,NaN,NaN,NaN,NaN,NaN,NaN,NaN
8,NaN,NaN,NaN,NaN,NaN,NaN,NaN,NaN
9,NaN,NaN,NaN,NaN,NaN,NaN,NaN,NaN
10,NaN,NaN,NaN,NaN,NaN,NaN,NaN,NaN
11,NaN,NaN,NaN,NaN,NaN,NaN,NaN,NaN
1,NaN,NaN,NaN,NaN,NaN,NaN,NaN,NaN
2,NaN,NaN,NaN,NaN,NaN,NaN,NaN,NaN
3,NaN,NaN,NaN,NaN,NaN,NaN,NaN,NaN
4,NaN,NaN,NaN,NaN,NaN,NaN,NaN,NaN
5,NaN,NaN,NaN,NaN,NaN,NaN,NaN,NaN
6,NaN,NaN,NaN,NaN,NaN,NaN,NaN,NaN
7,NaN,NaN,NaN,NaN,NaN,NaN,NaN,NaN
8,NaN,NaN,NaN,NaN,NaN,NaN,NaN,NaN
9,NaN,NaN,NaN,NaN,NaN,NaN,NaN,NaN
10,NaN,NaN,NaN,NaN,NaN,NaN,NaN,NaN
11,NaN,NaN,NaN,NaN,NaN,NaN,NaN,NaN
1,NaN,NaN,NaN,NaN,NaN,NaN,NaN,NaN
2,NaN,NaN,NaN,NaN,NaN,NaN,NaN,NaN
3,NaN,NaN,NaN,NaN,NaN,NaN,NaN,NaN
4,NaN,NaN,NaN,NaN,NaN,NaN,NaN,NaN
5,NaN,NaN,NaN,NaN,NaN,NaN,NaN,NaN
6,NaN,NaN,NaN,NaN,NaN,NaN,NaN,NaN
7,NaN,NaN,NaN,NaN,NaN,NaN,NaN,NaN
8,NaN,NaN,NaN,NaN,NaN,NaN,NaN,NaN
9,NaN,NaN,NaN,NaN,NaN,NaN,NaN,NaN
10,NaN,NaN,NaN,NaN,NaN,NaN,NaN,NaN
11,NaN,NaN,NaN,NaN,NaN,NaN,NaN,NaN
1,NaN,NaN,NaN,NaN,NaN,NaN,NaN,NaN
2,NaN,NaN,NaN,NaN,NaN,NaN,NaN,NaN
3,NaN,NaN,NaN,NaN,NaN,NaN,NaN,NaN
4,NaN,NaN,NaN,NaN,NaN,NaN,NaN,NaN
5,NaN,NaN,NaN,NaN,NaN,NaN,NaN,NaN
6,NaN,NaN,NaN,NaN,NaN,NaN,NaN,NaN
7,NaN,NaN,NaN,NaN,NaN,NaN,NaN,NaN
8,NaN,NaN,NaN,NaN,NaN,NaN,NaN,NaN
9,NaN,NaN,NaN,NaN,NaN,NaN,NaN,NaN
10,NaN,NaN,NaN,NaN,NaN,NaN,NaN,NaN
11,NaN,NaN,NaN,NaN,NaN,NaN,NaN,NaN
1,NaN,NaN,NaN,NaN,NaN,NaN,NaN,NaN
2,NaN,NaN,NaN,NaN,NaN,NaN,NaN,NaN
3,NaN,NaN,NaN,NaN,NaN,NaN,NaN,NaN
4,NaN,NaN,NaN,NaN,NaN,NaN,NaN,NaN
5,NaN,NaN,NaN,NaN,NaN,NaN,NaN,NaN
6,NaN,NaN,NaN,NaN,NaN,NaN,NaN,NaN
7,NaN,NaN,NaN,NaN,NaN,NaN,NaN,NaN
8,NaN,NaN,NaN,NaN,NaN,NaN,NaN,NaN
9,NaN,NaN,NaN,NaN,NaN,NaN,NaN,NaN
10,NaN,NaN,NaN,NaN,NaN,NaN,NaN,NaN
11,NaN,NaN,NaN,NaN,NaN,NaN,NaN,NaN
1,NaN,NaN,NaN,NaN,NaN,NaN,NaN,NaN
2,NaN,NaN,NaN,NaN,NaN,NaN,NaN,NaN
3,NaN,NaN,NaN,NaN,NaN,NaN,NaN,NaN
4,NaN,NaN,NaN,NaN,NaN,NaN,NaN,NaN
5,NaN,NaN,NaN,NaN,NaN,NaN,NaN,NaN
6,NaN,NaN,NaN,NaN,NaN,NaN,NaN,NaN
7,NaN,NaN,NaN,NaN,NaN,NaN,NaN,NaN
8,NaN,NaN,NaN,NaN,NaN,NaN,NaN,NaN
9,NaN,NaN,NaN,NaN,NaN,NaN,NaN,NaN
10,NaN,NaN,NaN,NaN,NaN,NaN,NaN,NaN
11,NaN,NaN,NaN,NaN,NaN,NaN,NaN,NaN
1,NaN,NaN,NaN,NaN,NaN,NaN,NaN,NaN
2,NaN,NaN,NaN,NaN,NaN,NaN,NaN,NaN
3,NaN,NaN,NaN,NaN,NaN,NaN,NaN,NaN
4,NaN,NaN,NaN,NaN,NaN,NaN,NaN,NaN
5,NaN,NaN,NaN,NaN,NaN,NaN,NaN,NaN
6,NaN,NaN,NaN,NaN,NaN,NaN,NaN,NaN
7,NaN,NaN,NaN,NaN,NaN,NaN,NaN,NaN
8,NaN,NaN,NaN,NaN,NaN,NaN,NaN,NaN
9,NaN,NaN,NaN,NaN,NaN,NaN,NaN,NaN
10,NaN,NaN,NaN,NaN,NaN,NaN,NaN,NaN
11,NaN,NaN,NaN,NaN,NaN,NaN,NaN,NaN
1,NaN,NaN,NaN,NaN,NaN,NaN,NaN,NaN
2,NaN,NaN,NaN,NaN,NaN,NaN,NaN,NaN
3,NaN,NaN,NaN,NaN,NaN,NaN,NaN,NaN
4,NaN,NaN,NaN,NaN,NaN,NaN,NaN,NaN
5,NaN,NaN,NaN,NaN,NaN,NaN,NaN,NaN
6,NaN,NaN,NaN,NaN,NaN,NaN,NaN,NaN
7,NaN,NaN,NaN,NaN,NaN,NaN,NaN,NaN
8,NaN,NaN,NaN,NaN,NaN,NaN,NaN,NaN
9,NaN,NaN,NaN,NaN,NaN,NaN,NaN,NaN
10,NaN,NaN,NaN,NaN,NaN,NaN,NaN,NaN
11,NaN,NaN,NaN,NaN,NaN,NaN,NaN,NaN
1,NaN,NaN,NaN,NaN,NaN,NaN,NaN,NaN
2,NaN,NaN,NaN,NaN,NaN,NaN,NaN,NaN
3,NaN,NaN,NaN,NaN,NaN,NaN,NaN,NaN
4,NaN,NaN,NaN,NaN,NaN,NaN,NaN,NaN
5,NaN,NaN,NaN,NaN,NaN,NaN,NaN,NaN
6,NaN,NaN,NaN,NaN,NaN,NaN,NaN,NaN
7,NaN,NaN,NaN,NaN,NaN,NaN,NaN,NaN
8,NaN,NaN,NaN,NaN,NaN,NaN,NaN,NaN
9,NaN,NaN,NaN,NaN,NaN,NaN,NaN,NaN
10,NaN,NaN,NaN,NaN,NaN,NaN,NaN,NaN
11,NaN,NaN,NaN,NaN,NaN,NaN,NaN,NaN
1,NaN,NaN,NaN,NaN,NaN,NaN,NaN,NaN
2,NaN,NaN,NaN,NaN,NaN,NaN,NaN,NaN
3,NaN,NaN,NaN,NaN,NaN,NaN,NaN,NaN
4,NaN,NaN,NaN,NaN,NaN,NaN,NaN,NaN
5,NaN,NaN,NaN,NaN,NaN,NaN,NaN,NaN
6,NaN,NaN,NaN,NaN,NaN,NaN,NaN,NaN
7,NaN,NaN,NaN,NaN,NaN,NaN,NaN,NaN
8,NaN,NaN,NaN,NaN,NaN,NaN,NaN,NaN
9,NaN,NaN,NaN,NaN,NaN,NaN,NaN,NaN
10,NaN,NaN,NaN,NaN,NaN,NaN,NaN,NaN
11,NaN,NaN,NaN,NaN,NaN,NaN,NaN,NaN
1,NaN,NaN,NaN,NaN,NaN,NaN,NaN,NaN
2,NaN,NaN,NaN,NaN,NaN,NaN,NaN,NaN
3,NaN,NaN,NaN,NaN,NaN,NaN,NaN,NaN
4,NaN,NaN,NaN,NaN,NaN,NaN,NaN,NaN
5,NaN,NaN,NaN,NaN,NaN,NaN,NaN,NaN
6,NaN,NaN,NaN,NaN,NaN,NaN,NaN,NaN
7,NaN,NaN,NaN,NaN,NaN,NaN,NaN,NaN
8,NaN,NaN,NaN,NaN,NaN,NaN,NaN,NaN
9,NaN,NaN,NaN,NaN,NaN,NaN,NaN,NaN
10,NaN,NaN,NaN,NaN,NaN,NaN,NaN,NaN
11,NaN,NaN,NaN,NaN,NaN,NaN,NaN,NaN
1,NaN,NaN,NaN,NaN,NaN,NaN,NaN,NaN
2,NaN,NaN,NaN,NaN,NaN,NaN,NaN,NaN
3,NaN,NaN,NaN,NaN,NaN,NaN,NaN,NaN
4,NaN,NaN,NaN,NaN,NaN,NaN,NaN,NaN
5,NaN,NaN,NaN,NaN,NaN,NaN,NaN,NaN
6,NaN,NaN,NaN,NaN,NaN,NaN,NaN,NaN
7,NaN,NaN,NaN,NaN,NaN,NaN,NaN,NaN
8,NaN,NaN,NaN,NaN,NaN,NaN,NaN,NaN
9,NaN,NaN,NaN,NaN,NaN,NaN,NaN,NaN
10,NaN,NaN,NaN,NaN,NaN,NaN,NaN,NaN
11,NaN,NaN,NaN,NaN,NaN,NaN,NaN,NaN
1,NaN,NaN,NaN,NaN,NaN,NaN,NaN,NaN
2,NaN,NaN,NaN,NaN,NaN,NaN,NaN,NaN
3,NaN,NaN,NaN,NaN,NaN,NaN,NaN,NaN
4,NaN,NaN,NaN,NaN,NaN,NaN,NaN,NaN
5,NaN,NaN,NaN,NaN,NaN,NaN,NaN,NaN
6,NaN,NaN,NaN,NaN,NaN,NaN,NaN,NaN
7,NaN,NaN,NaN,NaN,NaN,NaN,NaN,NaN
8,NaN,NaN,NaN,NaN,NaN,NaN,NaN,NaN
9,NaN,NaN,NaN,NaN,NaN,NaN,NaN,NaN
10,NaN,NaN,NaN,NaN,NaN,NaN,NaN,NaN
11,NaN,NaN,NaN,NaN,NaN,NaN,NaN,NaN
1,NaN,NaN,NaN,NaN,NaN,NaN,NaN,NaN
2,NaN,NaN,NaN,NaN,NaN,NaN,NaN,NaN
3,NaN,NaN,NaN,NaN,NaN,NaN,NaN,NaN
4,NaN,NaN,NaN,NaN,NaN,NaN,NaN,NaN
5,NaN,NaN,NaN,NaN,NaN,NaN,NaN,NaN
6,NaN,NaN,NaN,NaN,NaN,NaN,NaN,NaN
7,NaN,NaN,NaN,NaN,NaN,NaN,NaN,NaN
8,NaN,NaN,NaN,NaN,NaN,NaN,NaN,NaN
9,NaN,NaN,NaN,NaN,NaN,NaN,NaN,NaN
10,NaN,NaN,NaN,NaN,NaN,NaN,NaN,NaN
11,NaN,NaN,NaN,NaN,NaN,NaN,NaN,NaN
1,NaN,NaN,NaN,NaN,NaN,NaN,NaN,NaN
2,NaN,NaN,NaN,NaN,NaN,NaN,NaN,NaN
3,NaN,NaN,NaN,NaN,NaN,NaN,NaN,NaN
4,NaN,NaN,NaN,NaN,NaN,NaN,NaN,NaN
5,NaN,NaN,NaN,NaN,NaN,NaN,NaN,NaN
6,NaN,NaN,NaN,NaN,NaN,NaN,NaN,NaN
7,NaN,NaN,NaN,NaN,NaN,NaN,NaN,NaN
8,NaN,NaN,NaN,NaN,NaN,NaN,NaN,NaN
9,NaN,NaN,NaN,NaN,NaN,NaN,NaN,NaN
10,NaN,NaN,NaN,NaN,NaN,NaN,NaN,NaN
11,NaN,NaN,NaN,NaN,NaN,NaN,NaN,NaN
1,NaN,NaN,NaN,NaN,NaN,NaN,NaN,NaN
2,NaN,NaN,NaN,NaN,NaN,NaN,NaN,NaN
3,NaN,NaN,NaN,NaN,NaN,NaN,NaN,NaN
4,NaN,NaN,NaN,NaN,NaN,NaN,NaN,NaN
5,NaN,NaN,NaN,NaN,NaN,NaN,NaN,NaN
6,NaN,NaN,NaN,NaN,NaN,NaN,NaN,NaN
7,NaN,NaN,NaN,NaN,NaN,NaN,NaN,NaN
8,NaN,NaN,NaN,NaN,NaN,NaN,NaN,NaN
9,NaN,NaN,NaN,NaN,NaN,NaN,NaN,NaN
10,NaN,NaN,NaN,NaN,NaN,NaN,NaN,NaN
11,NaN,NaN,NaN,NaN,NaN,NaN,NaN,NaN
1,NaN,NaN,NaN,NaN,NaN,NaN,NaN,NaN
2,NaN,NaN,NaN,NaN,NaN,NaN,NaN,NaN
3,NaN,NaN,NaN,NaN,NaN,NaN,NaN,NaN
4,NaN,NaN,NaN,NaN,NaN,NaN,NaN,NaN
5,NaN,NaN,NaN,NaN,NaN,NaN,NaN,NaN
6,NaN,NaN,NaN,NaN,NaN,NaN,NaN,NaN
7,NaN,NaN,NaN,NaN,NaN,NaN,NaN,NaN
8,NaN,NaN,NaN,NaN,NaN,NaN,NaN,NaN
9,NaN,NaN,NaN,NaN,NaN,NaN,NaN,NaN
10,NaN,NaN,NaN,NaN,NaN,NaN,NaN,NaN
11,NaN,NaN,NaN,NaN,NaN,NaN,NaN,NaN
1,NaN,NaN,NaN,NaN,NaN,NaN,NaN,NaN
2,NaN,NaN,NaN,NaN,NaN,NaN,NaN,NaN
3,NaN,NaN,NaN,NaN,NaN,NaN,NaN,NaN
4,NaN,NaN,NaN,NaN,NaN,NaN,NaN,NaN
5,NaN,NaN,NaN,NaN,NaN,NaN,NaN,NaN
6,NaN,NaN,NaN,NaN,NaN,NaN,NaN,NaN
7,NaN,NaN,NaN,NaN,NaN,NaN,NaN,NaN
8,NaN,NaN,NaN,NaN,NaN,NaN,NaN,NaN
9,NaN,NaN,NaN,NaN,NaN,NaN,NaN,NaN
10,NaN,NaN,NaN,NaN,NaN,NaN,NaN,NaN
11,NaN,NaN,NaN,NaN,NaN,NaN,NaN,NaN
1,NaN,NaN,NaN,NaN,NaN,NaN,NaN,NaN
2,NaN,NaN,NaN,NaN,NaN,NaN,NaN,NaN
3,NaN,NaN,NaN,NaN,NaN,NaN,NaN,NaN
4,NaN,NaN,NaN,NaN,NaN,NaN,NaN,NaN
5,NaN,NaN,NaN,NaN,NaN,NaN,NaN,NaN
6,NaN,NaN,NaN,NaN,NaN,NaN,NaN,NaN
7,NaN,NaN,NaN,NaN,NaN,NaN,NaN,NaN
8,NaN,NaN,NaN,NaN,NaN,NaN,NaN,NaN
9,NaN,NaN,NaN,NaN,NaN,NaN,NaN,NaN
10,NaN,NaN,NaN,NaN,NaN,NaN,NaN,NaN
11,NaN,NaN,NaN,NaN,NaN,NaN,NaN,NaN
1,NaN,NaN,NaN,NaN,NaN,NaN,NaN,NaN
2,NaN,NaN,NaN,NaN,NaN,NaN,NaN,NaN
3,NaN,NaN,NaN,NaN,NaN,NaN,NaN,NaN
4,NaN,NaN,NaN,NaN,NaN,NaN,NaN,NaN
5,NaN,NaN,NaN,NaN,NaN,NaN,NaN,NaN
6,NaN,NaN,NaN,NaN,NaN,NaN,NaN,NaN
7,NaN,NaN,NaN,NaN,NaN,NaN,NaN,NaN
8,NaN,NaN,NaN,NaN,NaN,NaN,NaN,NaN
9,NaN,NaN,NaN,NaN,NaN,NaN,NaN,NaN
10,NaN,NaN,NaN,NaN,NaN,NaN,NaN,NaN
11,NaN,NaN,NaN,NaN,NaN,NaN,NaN,NaN
1,NaN,NaN,NaN,NaN,NaN,NaN,NaN,NaN
2,NaN,NaN,NaN,NaN,NaN,NaN,NaN,NaN
3,NaN,NaN,NaN,NaN,NaN,NaN,NaN,NaN
4,NaN,NaN,NaN,NaN,NaN,NaN,NaN,NaN
5,NaN,NaN,NaN,NaN,NaN,NaN,NaN,NaN
6,NaN,NaN,NaN,NaN,NaN,NaN,NaN,NaN
7,NaN,NaN,NaN,NaN,NaN,NaN,NaN,NaN
8,NaN,NaN,NaN,NaN,NaN,NaN,NaN,NaN
9,NaN,NaN,NaN,NaN,NaN,NaN,NaN,NaN
10,NaN,NaN,NaN,NaN,NaN,NaN,NaN,NaN
11,NaN,NaN,NaN,NaN,NaN,NaN,NaN,NaN
1,NaN,NaN,NaN,NaN,NaN,NaN,NaN,NaN
2,NaN,NaN,NaN,NaN,NaN,NaN,NaN,NaN
3,NaN,NaN,NaN,NaN,NaN,NaN,NaN,NaN
4,NaN,NaN,NaN,NaN,NaN,NaN,NaN,NaN
5,NaN,NaN,NaN,NaN,NaN,NaN,NaN,NaN
6,NaN,NaN,NaN,NaN,NaN,NaN,NaN,NaN
7,NaN,NaN,NaN,NaN,NaN,NaN,NaN,NaN
8,NaN,NaN,NaN,NaN,NaN,NaN,NaN,NaN
9,NaN,NaN,NaN,NaN,NaN,NaN,NaN,NaN
10,NaN,NaN,NaN,NaN,NaN,NaN,NaN,NaN
11,NaN,NaN,NaN,NaN,NaN,NaN,NaN,NaN
1,NaN,NaN,NaN,NaN,NaN,NaN,NaN,NaN
2,NaN,NaN,NaN,NaN,NaN,NaN,NaN,NaN
3,NaN,NaN,NaN,NaN,NaN,NaN,NaN,NaN
4,NaN,NaN,NaN,NaN,NaN,NaN,NaN,NaN
5,NaN,NaN,NaN,NaN,NaN,NaN,NaN,NaN
6,NaN,NaN,NaN,NaN,NaN,NaN,NaN,NaN
7,NaN,NaN,NaN,NaN,NaN,NaN,NaN,NaN
8,NaN,NaN,NaN,NaN,NaN,NaN,NaN,NaN
9,NaN,NaN,NaN,NaN,NaN,NaN,NaN,NaN
10,NaN,NaN,NaN,NaN,NaN,NaN,NaN,NaN
11,NaN,NaN,NaN,NaN,NaN,NaN,NaN,NaN
1,NaN,NaN,NaN,NaN,NaN,NaN,NaN,NaN
2,NaN,NaN,NaN,NaN,NaN,NaN,NaN,NaN
3,NaN,NaN,NaN,NaN,NaN,NaN,NaN,NaN
4,NaN,NaN,NaN,NaN,NaN,NaN,NaN,NaN
5,NaN,NaN,NaN,NaN,NaN,NaN,NaN,NaN
6,NaN,NaN,NaN,NaN,NaN,NaN,NaN,NaN
7,NaN,NaN,NaN,NaN,NaN,NaN,NaN,NaN
8,NaN,NaN,NaN,NaN,NaN,NaN,NaN,NaN
9,NaN,NaN,NaN,NaN,NaN,NaN,NaN,NaN
10,NaN,NaN,NaN,NaN,NaN,NaN,NaN,NaN
11,NaN,NaN,NaN,NaN,NaN,NaN,NaN,NaN
1,NaN,NaN,NaN,NaN,NaN,NaN,NaN,NaN
2,NaN,NaN,NaN,NaN,NaN,NaN,NaN,NaN
3,NaN,NaN,NaN,NaN,NaN,NaN,NaN,NaN
4,NaN,NaN,NaN,NaN,NaN,NaN,NaN,NaN
5,NaN,NaN,NaN,NaN,NaN,NaN,NaN,NaN
6,NaN,NaN,NaN,NaN,NaN,NaN,NaN,NaN
7,NaN,NaN,NaN,NaN,NaN,NaN,NaN,NaN
8,NaN,NaN,NaN,NaN,NaN,NaN,NaN,NaN
9,NaN,NaN,NaN,NaN,NaN,NaN,NaN,NaN
10,NaN,NaN,NaN,NaN,NaN,NaN,NaN,NaN
11,NaN,NaN,NaN,NaN,NaN,NaN,NaN,NaN
1,NaN,NaN,NaN,NaN,NaN,NaN,NaN,NaN
2,NaN,NaN,NaN,NaN,NaN,NaN,NaN,NaN
3,NaN,NaN,NaN,NaN,NaN,NaN,NaN,NaN
4,NaN,NaN,NaN,NaN,NaN,NaN,NaN,NaN
5,NaN,NaN,NaN,NaN,NaN,NaN,NaN,NaN
6,NaN,NaN,NaN,NaN,NaN,NaN,NaN,NaN
7,NaN,NaN,NaN,NaN,NaN,NaN,NaN,NaN
8,NaN,NaN,NaN,NaN,NaN,NaN,NaN,NaN
9,NaN,NaN,NaN,NaN,NaN,NaN,NaN,NaN
10,NaN,NaN,NaN,NaN,NaN,NaN,NaN,NaN
11,NaN,NaN,NaN,NaN,NaN,NaN,NaN,NaN
1,NaN,NaN,NaN,NaN,NaN,NaN,NaN,NaN
2,NaN,NaN,NaN,NaN,NaN,NaN,NaN,NaN
3,NaN,NaN,NaN,NaN,NaN,NaN,NaN,NaN
4,NaN,NaN,NaN,NaN,NaN,NaN,NaN,NaN
5,NaN,NaN,NaN,NaN,NaN,NaN,NaN,NaN
6,NaN,NaN,NaN,NaN,NaN,NaN,NaN,NaN
7,NaN,NaN,NaN,NaN,NaN,NaN,NaN,NaN
8,NaN,NaN,NaN,NaN,NaN,NaN,NaN,NaN
9,NaN,NaN,NaN,NaN,NaN,NaN,NaN,NaN
10,NaN,NaN,NaN,NaN,NaN,NaN,NaN,NaN
11,NaN,NaN,NaN,NaN,NaN,NaN,NaN,NaN
1,NaN,NaN,NaN,NaN,NaN,NaN,NaN,NaN
2,NaN,NaN,NaN,NaN,NaN,NaN,NaN,NaN
3,NaN,NaN,NaN,NaN,NaN,NaN,NaN,NaN
4,NaN,NaN,NaN,NaN,NaN,NaN,NaN,NaN
5,NaN,NaN,NaN,NaN,NaN,NaN,NaN,NaN
6,NaN,NaN,NaN,NaN,NaN,NaN,NaN,NaN
7,NaN,NaN,NaN,NaN,NaN,NaN,NaN,NaN
8,NaN,NaN,NaN,NaN,NaN,NaN,NaN,NaN
9,NaN,NaN,NaN,NaN,NaN,NaN,NaN,NaN
10,NaN,NaN,NaN,NaN,NaN,NaN,NaN,NaN
11,NaN,NaN,NaN,NaN,NaN,NaN,NaN,NaN
1,NaN,NaN,NaN,NaN,NaN,NaN,NaN,NaN
2,NaN,NaN,NaN,NaN,NaN,NaN,NaN,NaN
3,NaN,NaN,NaN,NaN,NaN,NaN,NaN,NaN
4,NaN,NaN,NaN,NaN,NaN,NaN,NaN,NaN
5,NaN,NaN,NaN,NaN,NaN,NaN,NaN,NaN
6,NaN,NaN,NaN,NaN,NaN,NaN,NaN,NaN
7,NaN,NaN,NaN,NaN,NaN,NaN,NaN,NaN
8,NaN,NaN,NaN,NaN,NaN,NaN,NaN,NaN
9,NaN,NaN,NaN,NaN,NaN,NaN,NaN,NaN
10,NaN,NaN,NaN,NaN,NaN,NaN,NaN,NaN
11,NaN,NaN,NaN,NaN,NaN,NaN,NaN,NaN
1,NaN,NaN,NaN,NaN,NaN,NaN,NaN,NaN
2,NaN,NaN,NaN,NaN,NaN,NaN,NaN,NaN
3,NaN,NaN,NaN,NaN,NaN,NaN,NaN,NaN
4,NaN,NaN,NaN,NaN,NaN,NaN,NaN,NaN
5,NaN,NaN,NaN,NaN,NaN,NaN,NaN,NaN
6,NaN,NaN,NaN,NaN,NaN,NaN,NaN,NaN
7,NaN,NaN,NaN,NaN,NaN,NaN,NaN,NaN
8,NaN,NaN,NaN,NaN,NaN,NaN,NaN,NaN
9,NaN,NaN,NaN,NaN,NaN,NaN,NaN,NaN
10,NaN,NaN,NaN,NaN,NaN,NaN,NaN,NaN
11,NaN,NaN,NaN,NaN,NaN,NaN,NaN,NaN
1,NaN,NaN,NaN,NaN,NaN,NaN,NaN,NaN
2,NaN,NaN,NaN,NaN,NaN,NaN,NaN,NaN
3,NaN,NaN,NaN,NaN,NaN,NaN,NaN,NaN
4,NaN,NaN,NaN,NaN,NaN,NaN,NaN,NaN
5,NaN,NaN,NaN,NaN,NaN,NaN,NaN,NaN
6,NaN,NaN,NaN,NaN,NaN,NaN,NaN,NaN
7,NaN,NaN,NaN,NaN,NaN,NaN,NaN,NaN
8,NaN,NaN,NaN,NaN,NaN,NaN,NaN,NaN
9,NaN,NaN,NaN,NaN,NaN,NaN,NaN,NaN
10,NaN,NaN,NaN,NaN,NaN,NaN,NaN,NaN
11,NaN,NaN,NaN,NaN,NaN,NaN,NaN,NaN
1,NaN,NaN,NaN,NaN,NaN,NaN,NaN,NaN
2,NaN,NaN,NaN,NaN,NaN,NaN,NaN,NaN
3,NaN,NaN,NaN,NaN,NaN,NaN,NaN,NaN
4,NaN,NaN,NaN,NaN,NaN,NaN,NaN,NaN
5,NaN,NaN,NaN,NaN,NaN,NaN,NaN,NaN
6,NaN,NaN,NaN,NaN,NaN,NaN,NaN,NaN
7,NaN,NaN,NaN,NaN,NaN,NaN,NaN,NaN
8,NaN,NaN,NaN,NaN,NaN,NaN,NaN,NaN
9,NaN,NaN,NaN,NaN,NaN,NaN,NaN,NaN
10,NaN,NaN,NaN,NaN,NaN,NaN,NaN,NaN
11,NaN,NaN,NaN,NaN,NaN,NaN,NaN,NaN
1,NaN,NaN,NaN,NaN,NaN,NaN,NaN,NaN
2,NaN,NaN,NaN,NaN,NaN,NaN,NaN,NaN
3,NaN,NaN,NaN,NaN,NaN,NaN,NaN,NaN
4,NaN,NaN,NaN,NaN,NaN,NaN,NaN,NaN
5,NaN,NaN,NaN,NaN,NaN,NaN,NaN,NaN
6,NaN,NaN,NaN,NaN,NaN,NaN,NaN,NaN
7,NaN,NaN,NaN,NaN,NaN,NaN,NaN,NaN
8,NaN,NaN,NaN,NaN,NaN,NaN,NaN,NaN
9,NaN,NaN,NaN,NaN,NaN,NaN,NaN,NaN
10,NaN,NaN,NaN,NaN,NaN,NaN,NaN,NaN
11,NaN,NaN,NaN,NaN,NaN,NaN,NaN,NaN
1,NaN,NaN,NaN,NaN,NaN,NaN,NaN,NaN
2,NaN,NaN,NaN,NaN,NaN,NaN,NaN,NaN
3,NaN,NaN,NaN,NaN,NaN,NaN,NaN,NaN
4,NaN,NaN,NaN,NaN,NaN,NaN,NaN,NaN
5,NaN,NaN,NaN,NaN,NaN,NaN,NaN,NaN
6,NaN,NaN,NaN,NaN,NaN,NaN,NaN,NaN
7,NaN,NaN,NaN,NaN,NaN,NaN,NaN,NaN
8,NaN,NaN,NaN,NaN,NaN,NaN,NaN,NaN
9,NaN,NaN,NaN,NaN,NaN,NaN,NaN,NaN
10,NaN,NaN,NaN,NaN,NaN,NaN,NaN,NaN
11,NaN,NaN,NaN,NaN,NaN,NaN,NaN,NaN
1,NaN,NaN,NaN,NaN,NaN,NaN,NaN,NaN
2,NaN,NaN,NaN,NaN,NaN,NaN,NaN,NaN
3,NaN,NaN,NaN,NaN,NaN,NaN,NaN,NaN
4,NaN,NaN,NaN,NaN,NaN,NaN,NaN,NaN
5,NaN,NaN,NaN,NaN,NaN,NaN,NaN,NaN
6,NaN,NaN,NaN,NaN,NaN,NaN,NaN,NaN
7,NaN,NaN,NaN,NaN,NaN,NaN,NaN,NaN
8,NaN,NaN,NaN,NaN,NaN,NaN,NaN,NaN
9,NaN,NaN,NaN,NaN,NaN,NaN,NaN,NaN
10,NaN,NaN,NaN,NaN,NaN,NaN,NaN,NaN
11,NaN,NaN,NaN,NaN,NaN,NaN,NaN,NaN
1,NaN,NaN,NaN,NaN,NaN,NaN,NaN,NaN
2,NaN,NaN,NaN,NaN,NaN,NaN,NaN,NaN
3,NaN,NaN,NaN,NaN,NaN,NaN,NaN,NaN
4,NaN,NaN,NaN,NaN,NaN,NaN,NaN,NaN
5,NaN,NaN,NaN,NaN,NaN,NaN,NaN,NaN
6,NaN,NaN,NaN,NaN,NaN,NaN,NaN,NaN
7,NaN,NaN,NaN,NaN,NaN,NaN,NaN,NaN
8,NaN,NaN,NaN,NaN,NaN,NaN,NaN,NaN
9,NaN,NaN,NaN,NaN,NaN,NaN,NaN,NaN
10,NaN,NaN,NaN,NaN,NaN,NaN,NaN,NaN
11,NaN,NaN,NaN,NaN,NaN,NaN,NaN,NaN
1,NaN,NaN,NaN,NaN,NaN,NaN,NaN,NaN
2,NaN,NaN,NaN,NaN,NaN,NaN,NaN,NaN
3,NaN,NaN,NaN,NaN,NaN,NaN,NaN,NaN
4,NaN,NaN,NaN,NaN,NaN,NaN,NaN,NaN
5,NaN,NaN,NaN,NaN,NaN,NaN,NaN,NaN
6,NaN,NaN,NaN,NaN,NaN,NaN,NaN,NaN
7,NaN,NaN,NaN,NaN,NaN,NaN,NaN,NaN
8,NaN,NaN,NaN,NaN,NaN,NaN,NaN,NaN
9,NaN,NaN,NaN,NaN,NaN,NaN,NaN,NaN
10,NaN,NaN,NaN,NaN,NaN,NaN,NaN,NaN
11,NaN,NaN,NaN,NaN,NaN,NaN,NaN,NaN
1,NaN,NaN,NaN,NaN,NaN,NaN,NaN,NaN
2,NaN,NaN,NaN,NaN,NaN,NaN,NaN,NaN
3,NaN,NaN,NaN,NaN,NaN,NaN,NaN,NaN
4,NaN,NaN,NaN,NaN,NaN,NaN,NaN,NaN
5,NaN,NaN,NaN,NaN,NaN,NaN,NaN,NaN
6,NaN,NaN,NaN,NaN,NaN,NaN,NaN,NaN
7,NaN,NaN,NaN,NaN,NaN,NaN,NaN,NaN
8,NaN,NaN,NaN,NaN,NaN,NaN,NaN,NaN
9,NaN,NaN,NaN,NaN,NaN,NaN,NaN,NaN
10,NaN,NaN,NaN,NaN,NaN,NaN,NaN,NaN
11,NaN,NaN,NaN,NaN,NaN,NaN,NaN,NaN
1,NaN,NaN,NaN,NaN,NaN,NaN,NaN,NaN
2,NaN,NaN,NaN,NaN,NaN,NaN,NaN,NaN
3,NaN,NaN,NaN,NaN,NaN,NaN,NaN,NaN
4,NaN,NaN,NaN,NaN,NaN,NaN,NaN,NaN
5,NaN,NaN,NaN,NaN,NaN,NaN,NaN,NaN
6,NaN,NaN,NaN,NaN,NaN,NaN,NaN,NaN
7,NaN,NaN,NaN,NaN,NaN,NaN,NaN,NaN
8,NaN,NaN,NaN,NaN,NaN,NaN,NaN,NaN
9,NaN,NaN,NaN,NaN,NaN,NaN,NaN,NaN
10,NaN,NaN,NaN,NaN,NaN,NaN,NaN,NaN
11,NaN,NaN,NaN,NaN,NaN,NaN,NaN,NaN
1,NaN,NaN,NaN,NaN,NaN,NaN,NaN,NaN
2,NaN,NaN,NaN,NaN,NaN,NaN,NaN,NaN
3,NaN,NaN,NaN,NaN,NaN,NaN,NaN,NaN
4,NaN,NaN,NaN,NaN,NaN,NaN,NaN,NaN
5,NaN,NaN,NaN,NaN,NaN,NaN,NaN,NaN
6,NaN,NaN,NaN,NaN,NaN,NaN,NaN,NaN
7,NaN,NaN,NaN,NaN,NaN,NaN,NaN,NaN
8,NaN,NaN,NaN,NaN,NaN,NaN,NaN,NaN
9,NaN,NaN,NaN,NaN,NaN,NaN,NaN,NaN
10,NaN,NaN,NaN,NaN,NaN,NaN,NaN,NaN
11,NaN,NaN,NaN,NaN,NaN,NaN,NaN,NaN
1,NaN,NaN,NaN,NaN,NaN,NaN,NaN,NaN
2,NaN,NaN,NaN,NaN,NaN,NaN,NaN,NaN
3,NaN,NaN,NaN,NaN,NaN,NaN,NaN,NaN
4,NaN,NaN,NaN,NaN,NaN,NaN,NaN,NaN
5,NaN,NaN,NaN,NaN,NaN,NaN,NaN,NaN
6,NaN,NaN,NaN,NaN,NaN,NaN,NaN,NaN
7,NaN,NaN,NaN,NaN,NaN,NaN,NaN,NaN
8,NaN,NaN,NaN,NaN,NaN,NaN,NaN,NaN
9,NaN,NaN,NaN,NaN,NaN,NaN,NaN,NaN
10,NaN,NaN,NaN,NaN,NaN,NaN,NaN,NaN
11,NaN,NaN,NaN,NaN,NaN,NaN,NaN,NaN
1,NaN,NaN,NaN,NaN,NaN,NaN,NaN,NaN
2,NaN,NaN,NaN,NaN,NaN,NaN,NaN,NaN
3,NaN,NaN,NaN,NaN,NaN,NaN,NaN,NaN
4,NaN,NaN,NaN,NaN,NaN,NaN,NaN,NaN
5,NaN,NaN,NaN,NaN,NaN,NaN,NaN,NaN
6,NaN,NaN,NaN,NaN,NaN,NaN,NaN,NaN
7,NaN,NaN,NaN,NaN,NaN,NaN,NaN,NaN
8,NaN,NaN,NaN,NaN,NaN,NaN,NaN,NaN
9,NaN,NaN,NaN,NaN,NaN,NaN,NaN,NaN
10,NaN,NaN,NaN,NaN,NaN,NaN,NaN,NaN
11,NaN,NaN,NaN,NaN,NaN,NaN,NaN,NaN
1,NaN,NaN,NaN,NaN,NaN,NaN,NaN,NaN
2,NaN,NaN,NaN,NaN,NaN,NaN,NaN,NaN
3,NaN,NaN,NaN,NaN,NaN,NaN,NaN,NaN
4,NaN,NaN,NaN,NaN,NaN,NaN,NaN,NaN
5,NaN,NaN,NaN,NaN,NaN,NaN,NaN,NaN
6,NaN,NaN,NaN,NaN,NaN,NaN,NaN,NaN
7,NaN,NaN,NaN,NaN,NaN,NaN,NaN,NaN
8,NaN,NaN,NaN,NaN,NaN,NaN,NaN,NaN
9,NaN,NaN,NaN,NaN,NaN,NaN,NaN,NaN
10,NaN,NaN,NaN,NaN,NaN,NaN,NaN,NaN
11,NaN,NaN,NaN,NaN,NaN,NaN,NaN,NaN
1,NaN,NaN,NaN,NaN,NaN,NaN,NaN,NaN
2,NaN,NaN,NaN,NaN,NaN,NaN,NaN,NaN
3,NaN,NaN,NaN,NaN,NaN,NaN,NaN,NaN
4,NaN,NaN,NaN,NaN,NaN,NaN,NaN,NaN
5,NaN,NaN,NaN,NaN,NaN,NaN,NaN,NaN
6,NaN,NaN,NaN,NaN,NaN,NaN,NaN,NaN
7,NaN,NaN,NaN,NaN,NaN,NaN,NaN,NaN
8,NaN,NaN,NaN,NaN,NaN,NaN,NaN,NaN
9,NaN,NaN,NaN,NaN,NaN,NaN,NaN,NaN
10,NaN,NaN,NaN,NaN,NaN,NaN,NaN,NaN
11,NaN,NaN,NaN,NaN,NaN,NaN,NaN,NaN
1,NaN,NaN,NaN,NaN,NaN,NaN,NaN,NaN
2,NaN,NaN,NaN,NaN,NaN,NaN,NaN,NaN
3,NaN,NaN,NaN,NaN,NaN,NaN,NaN,NaN
4,NaN,NaN,NaN,NaN,NaN,NaN,NaN,NaN
5,NaN,NaN,NaN,NaN,NaN,NaN,NaN,NaN
6,NaN,NaN,NaN,NaN,NaN,NaN,NaN,NaN
7,NaN,NaN,NaN,NaN,NaN,NaN,NaN,NaN
8,NaN,NaN,NaN,NaN,NaN,NaN,NaN,NaN
9,NaN,NaN,NaN,NaN,NaN,NaN,NaN,NaN
10,NaN,NaN,NaN,NaN,NaN,NaN,NaN,NaN
11,NaN,NaN,NaN,NaN,NaN,NaN,NaN,NaN
1,NaN,NaN,NaN,NaN,NaN,NaN,NaN,NaN
2,NaN,NaN,NaN,NaN,NaN,NaN,NaN,NaN
3,NaN,NaN,NaN,NaN,NaN,NaN,NaN,NaN
4,NaN,NaN,NaN,NaN,NaN,NaN,NaN,NaN
5,NaN,NaN,NaN,NaN,NaN,NaN,NaN,NaN
6,NaN,NaN,NaN,NaN,NaN,NaN,NaN,NaN
7,NaN,NaN,NaN,NaN,NaN,NaN,NaN,NaN
8,NaN,NaN,NaN,NaN,NaN,NaN,NaN,NaN
9,NaN,NaN,NaN,NaN,NaN,NaN,NaN,NaN
10,NaN,NaN,NaN,NaN,NaN,NaN,NaN,NaN
11,NaN,NaN,NaN,NaN,NaN,NaN,NaN,NaN
1,NaN,NaN,NaN,NaN,NaN,NaN,NaN,NaN
2,NaN,NaN,NaN,NaN,NaN,NaN,NaN,NaN
3,NaN,NaN,NaN,NaN,NaN,NaN,NaN,NaN
4,NaN,NaN,NaN,NaN,NaN,NaN,NaN,NaN
5,NaN,NaN,NaN,NaN,NaN,NaN,NaN,NaN
6,NaN,NaN,NaN,NaN,NaN,NaN,NaN,NaN
7,NaN,NaN,NaN,NaN,NaN,NaN,NaN,NaN
8,NaN,NaN,NaN,NaN,NaN,NaN,NaN,NaN
9,NaN,NaN,NaN,NaN,NaN,NaN,NaN,NaN
10,NaN,NaN,NaN,NaN,NaN,NaN,NaN,NaN
11,NaN,NaN,NaN,NaN,NaN,NaN,NaN,NaN
1,NaN,NaN,NaN,NaN,NaN,NaN,NaN,NaN
2,NaN,NaN,NaN,NaN,NaN,NaN,NaN,NaN
3,NaN,NaN,NaN,NaN,NaN,NaN,NaN,NaN
4,NaN,NaN,NaN,NaN,NaN,NaN,NaN,NaN
5,NaN,NaN,NaN,NaN,NaN,NaN,NaN,NaN
6,NaN,NaN,NaN,NaN,NaN,NaN,NaN,NaN
7,NaN,NaN,NaN,NaN,NaN,NaN,NaN,NaN
8,NaN,NaN,NaN,NaN,NaN,NaN,NaN,NaN
9,NaN,NaN,NaN,NaN,NaN,NaN,NaN,NaN
10,NaN,NaN,NaN,NaN,NaN,NaN,NaN,NaN
11,NaN,NaN,NaN,NaN,NaN,NaN,NaN,NaN
1,NaN,NaN,NaN,NaN,NaN,NaN,NaN,NaN
2,NaN,NaN,NaN,NaN,NaN,NaN,NaN,NaN
3,NaN,NaN,NaN,NaN,NaN,NaN,NaN,NaN
4,NaN,NaN,NaN,NaN,NaN,NaN,NaN,NaN
5,NaN,NaN,NaN,NaN,NaN,NaN,NaN,NaN
6,NaN,NaN,NaN,NaN,NaN,NaN,NaN,NaN
7,NaN,NaN,NaN,NaN,NaN,NaN,NaN,NaN
8,NaN,NaN,NaN,NaN,NaN,NaN,NaN,NaN
9,NaN,NaN,NaN,NaN,NaN,NaN,NaN,NaN
10,NaN,NaN,NaN,NaN,NaN,NaN,NaN,NaN
11,NaN,NaN,NaN,NaN,NaN,NaN,NaN,NaN
1,NaN,NaN,NaN,NaN,NaN,NaN,NaN,NaN
2,NaN,NaN,NaN,NaN,NaN,NaN,NaN,NaN
3,NaN,NaN,NaN,NaN,NaN,NaN,NaN,NaN
4,NaN,NaN,NaN,NaN,NaN,NaN,NaN,NaN
5,NaN,NaN,NaN,NaN,NaN,NaN,NaN,NaN
6,NaN,NaN,NaN,NaN,NaN,NaN,NaN,NaN
7,NaN,NaN,NaN,NaN,NaN,NaN,NaN,NaN
8,NaN,NaN,NaN,NaN,NaN,NaN,NaN,NaN
9,NaN,NaN,NaN,NaN,NaN,NaN,NaN,NaN
10,NaN,NaN,NaN,NaN,NaN,NaN,NaN,NaN
11,NaN,NaN,NaN,NaN,NaN,NaN,NaN,NaN
1,NaN,NaN,NaN,NaN,NaN,NaN,NaN,NaN
2,NaN,NaN,NaN,NaN,NaN,NaN,NaN,NaN
3,NaN,NaN,NaN,NaN,NaN,NaN,NaN,NaN
4,NaN,NaN,NaN,NaN,NaN,NaN,NaN,NaN
5,NaN,NaN,NaN,NaN,NaN,NaN,NaN,NaN
6,NaN,NaN,NaN,NaN,NaN,NaN,NaN,NaN
7,NaN,NaN,NaN,NaN,NaN,NaN,NaN,NaN
8,NaN,NaN,NaN,NaN,NaN,NaN,NaN,NaN
9,NaN,NaN,NaN,NaN,NaN,NaN,NaN,NaN
10,NaN,NaN,NaN,NaN,NaN,NaN,NaN,NaN
11,NaN,NaN,NaN,NaN,NaN,NaN,NaN,NaN
1,NaN,NaN,NaN,NaN,NaN,NaN,NaN,NaN
2,NaN,NaN,NaN,NaN,NaN,NaN,NaN,NaN
3,NaN,NaN,NaN,NaN,NaN,NaN,NaN,NaN
4,NaN,NaN,NaN,NaN,NaN,NaN,NaN,NaN
5,NaN,NaN,NaN,NaN,NaN,NaN,NaN,NaN
6,NaN,NaN,NaN,NaN,NaN,NaN,NaN,NaN
7,NaN,NaN,NaN,NaN,NaN,NaN,NaN,NaN
8,NaN,NaN,NaN,NaN,NaN,NaN,NaN,NaN
9,NaN,NaN,NaN,NaN,NaN,NaN,NaN,NaN
10,NaN,NaN,NaN,NaN,NaN,NaN,NaN,NaN
11,NaN,NaN,NaN,NaN,NaN,NaN,NaN,NaN
1,NaN,NaN,NaN,NaN,NaN,NaN,NaN,NaN
2,NaN,NaN,NaN,NaN,NaN,NaN,NaN,NaN
3,NaN,NaN,NaN,NaN,NaN,NaN,NaN,NaN
4,NaN,NaN,NaN,NaN,NaN,NaN,NaN,NaN
5,NaN,NaN,NaN,NaN,NaN,NaN,NaN,NaN
6,NaN,NaN,NaN,NaN,NaN,NaN,NaN,NaN
7,NaN,NaN,NaN,NaN,NaN,NaN,NaN,NaN
8,NaN,NaN,NaN,NaN,NaN,NaN,NaN,NaN
9,NaN,NaN,NaN,NaN,NaN,NaN,NaN,NaN
10,NaN,NaN,NaN,NaN,NaN,NaN,NaN,NaN
11,NaN,NaN,NaN,NaN,NaN,NaN,NaN,NaN
1,NaN,NaN,NaN,NaN,NaN,NaN,NaN,NaN
2,NaN,NaN,NaN,NaN,NaN,NaN,NaN,NaN
3,NaN,NaN,NaN,NaN,NaN,NaN,NaN,NaN
4,NaN,NaN,NaN,NaN,NaN,NaN,NaN,NaN
5,NaN,NaN,NaN,NaN,NaN,NaN,NaN,NaN
6,NaN,NaN,NaN,NaN,NaN,NaN,NaN,NaN
7,NaN,NaN,NaN,NaN,NaN,NaN,NaN,NaN
8,NaN,NaN,NaN,NaN,NaN,NaN,NaN,NaN
9,NaN,NaN,NaN,NaN,NaN,NaN,NaN,NaN
10,NaN,NaN,NaN,NaN,NaN,NaN,NaN,NaN
11,NaN,NaN,NaN,NaN,NaN,NaN,NaN,NaN
1,NaN,NaN,NaN,NaN,NaN,NaN,NaN,NaN
2,NaN,NaN,NaN,NaN,NaN,NaN,NaN,NaN
3,NaN,NaN,NaN,NaN,NaN,NaN,NaN,NaN
4,NaN,NaN,NaN,NaN,NaN,NaN,NaN,NaN
5,NaN,NaN,NaN,NaN,NaN,NaN,NaN,NaN
6,NaN,NaN,NaN,NaN,NaN,NaN,NaN,NaN
7,NaN,NaN,NaN,NaN,NaN,NaN,NaN,NaN
8,NaN,NaN,NaN,NaN,NaN,NaN,NaN,NaN
9,NaN,NaN,NaN,NaN,NaN,NaN,NaN,NaN
10,NaN,NaN,NaN,NaN,NaN,NaN,NaN,NaN
11,NaN,NaN,NaN,NaN,NaN,NaN,NaN,NaN
1,NaN,NaN,NaN,NaN,NaN,NaN,NaN,NaN
2,NaN,NaN,NaN,NaN,NaN,NaN,NaN,NaN
3,NaN,NaN,NaN,NaN,NaN,NaN,NaN,NaN
4,NaN,NaN,NaN,NaN,NaN,NaN,NaN,NaN
5,NaN,NaN,NaN,NaN,NaN,NaN,NaN,NaN
6,NaN,NaN,NaN,NaN,NaN,NaN,NaN,NaN
7,NaN,NaN,NaN,NaN,NaN,NaN,NaN,NaN
8,NaN,NaN,NaN,NaN,NaN,NaN,NaN,NaN
9,NaN,NaN,NaN,NaN,NaN,NaN,NaN,NaN
10,NaN,NaN,NaN,NaN,NaN,NaN,NaN,NaN
11,NaN,NaN,NaN,NaN,NaN,NaN,NaN,NaN
1,NaN,NaN,NaN,NaN,NaN,NaN,NaN,NaN
2,NaN,NaN,NaN,NaN,NaN,NaN,NaN,NaN
3,NaN,NaN,NaN,NaN,NaN,NaN,NaN,NaN
4,NaN,NaN,NaN,NaN,NaN,NaN,NaN,NaN
5,NaN,NaN,NaN,NaN,NaN,NaN,NaN,NaN
6,NaN,NaN,NaN,NaN,NaN,NaN,NaN,NaN
7,NaN,NaN,NaN,NaN,NaN,NaN,NaN,NaN
8,NaN,NaN,NaN,NaN,NaN,NaN,NaN,NaN
9,NaN,NaN,NaN,NaN,NaN,NaN,NaN,NaN
10,NaN,NaN,NaN,NaN,NaN,NaN,NaN,NaN
11,NaN,NaN,NaN,NaN,NaN,NaN,NaN,NaN
1,NaN,NaN,NaN,NaN,NaN,NaN,NaN,NaN
2,NaN,NaN,NaN,NaN,NaN,NaN,NaN,NaN
3,NaN,NaN,NaN,NaN,NaN,NaN,NaN,NaN
4,NaN,NaN,NaN,NaN,NaN,NaN,NaN,NaN
5,NaN,NaN,NaN,NaN,NaN,NaN,NaN,NaN
6,NaN,NaN,NaN,NaN,NaN,NaN,NaN,NaN
7,NaN,NaN,NaN,NaN,NaN,NaN,NaN,NaN
8,NaN,NaN,NaN,NaN,NaN,NaN,NaN,NaN
9,NaN,NaN,NaN,NaN,NaN,NaN,NaN,NaN
10,NaN,NaN,NaN,NaN,NaN,NaN,NaN,NaN
11,NaN,NaN,NaN,NaN,NaN,NaN,NaN,NaN
1,NaN,NaN,NaN,NaN,NaN,NaN,NaN,NaN
2,NaN,NaN,NaN,NaN,NaN,NaN,NaN,NaN
3,NaN,NaN,NaN,NaN,NaN,NaN,NaN,NaN
4,NaN,NaN,NaN,NaN,NaN,NaN,NaN,NaN
5,NaN,NaN,NaN,NaN,NaN,NaN,NaN,NaN
6,NaN,NaN,NaN,NaN,NaN,NaN,NaN,NaN
7,NaN,NaN,NaN,NaN,NaN,NaN,NaN,NaN
8,NaN,NaN,NaN,NaN,NaN,NaN,NaN,NaN
9,NaN,NaN,NaN,NaN,NaN,NaN,NaN,NaN
10,NaN,NaN,NaN,NaN,NaN,NaN,NaN,NaN
11,NaN,NaN,NaN,NaN,NaN,NaN,NaN,NaN
1,NaN,NaN,NaN,NaN,NaN,NaN,NaN,NaN
2,NaN,NaN,NaN,NaN,NaN,NaN,NaN,NaN
3,NaN,NaN,NaN,NaN,NaN,NaN,NaN,NaN
4,NaN,NaN,NaN,NaN,NaN,NaN,NaN,NaN
5,NaN,NaN,NaN,NaN,NaN,NaN,NaN,NaN
6,NaN,NaN,NaN,NaN,NaN,NaN,NaN,NaN
7,NaN,NaN,NaN,NaN,NaN,NaN,NaN,NaN
8,NaN,NaN,NaN,NaN,NaN,NaN,NaN,NaN
9,NaN,NaN,NaN,NaN,NaN,NaN,NaN,NaN
10,NaN,NaN,NaN,NaN,NaN,NaN,NaN,NaN
11,NaN,NaN,NaN,NaN,NaN,NaN,NaN,NaN
1,NaN,NaN,NaN,NaN,NaN,NaN,NaN,NaN
2,NaN,NaN,NaN,NaN,NaN,NaN,NaN,NaN
3,NaN,NaN,NaN,NaN,NaN,NaN,NaN,NaN
4,NaN,NaN,NaN,NaN,NaN,NaN,NaN,NaN
5,NaN,NaN,NaN,NaN,NaN,NaN,NaN,NaN
6,NaN,NaN,NaN,NaN,NaN,NaN,NaN,NaN
7,NaN,NaN,NaN,NaN,NaN,NaN,NaN,NaN
8,NaN,NaN,NaN,NaN,NaN,NaN,NaN,NaN
9,NaN,NaN,NaN,NaN,NaN,NaN,NaN,NaN
10,NaN,NaN,NaN,NaN,NaN,NaN,NaN,NaN
11,NaN,NaN,NaN,NaN,NaN,NaN,NaN,NaN
1,NaN,NaN,NaN,NaN,NaN,NaN,NaN,NaN
2,NaN,NaN,NaN,NaN,NaN,NaN,NaN,NaN
3,NaN,NaN,NaN,NaN,NaN,NaN,NaN,NaN
4,NaN,NaN,NaN,NaN,NaN,NaN,NaN,NaN
5,NaN,NaN,NaN,NaN,NaN,NaN,NaN,NaN
6,NaN,NaN,NaN,NaN,NaN,NaN,NaN,NaN
7,NaN,NaN,NaN,NaN,NaN,NaN,NaN,NaN
8,NaN,NaN,NaN,NaN,NaN,NaN,NaN,NaN
9,NaN,NaN,NaN,NaN,NaN,NaN,NaN,NaN
10,NaN,NaN,NaN,NaN,NaN,NaN,NaN,NaN
11,NaN,NaN,NaN,NaN,NaN,NaN,NaN,NaN
1,NaN,NaN,NaN,NaN,NaN,NaN,NaN,NaN
2,NaN,NaN,NaN,NaN,NaN,NaN,NaN,NaN
3,NaN,NaN,NaN,NaN,NaN,NaN,NaN,NaN
4,NaN,NaN,NaN,NaN,NaN,NaN,NaN,NaN
5,NaN,NaN,NaN,NaN,NaN,NaN,NaN,NaN
6,NaN,NaN,NaN,NaN,NaN,NaN,NaN,NaN
7,NaN,NaN,NaN,NaN,NaN,NaN,NaN,NaN
8,NaN,NaN,NaN,NaN,NaN,NaN,NaN,NaN
9,NaN,NaN,NaN,NaN,NaN,NaN,NaN,NaN
10,NaN,NaN,NaN,NaN,NaN,NaN,NaN,NaN
11,NaN,NaN,NaN,NaN,NaN,NaN,NaN,NaN
1,NaN,NaN,NaN,NaN,NaN,NaN,NaN,NaN
2,NaN,NaN,NaN,NaN,NaN,NaN,NaN,NaN
3,NaN,NaN,NaN,NaN,NaN,NaN,NaN,NaN
4,NaN,NaN,NaN,NaN,NaN,NaN,NaN,NaN
5,NaN,NaN,NaN,NaN,NaN,NaN,NaN,NaN
6,NaN,NaN,NaN,NaN,NaN,NaN,NaN,NaN
7,NaN,NaN,NaN,NaN,NaN,NaN,NaN,NaN
8,NaN,NaN,NaN,NaN,NaN,NaN,NaN,NaN
9,NaN,NaN,NaN,NaN,NaN,NaN,NaN,NaN
10,NaN,NaN,NaN,NaN,NaN,NaN,NaN,NaN
11,NaN,NaN,NaN,NaN,NaN,NaN,NaN,NaN
1,NaN,NaN,NaN,NaN,NaN,NaN,NaN,NaN
2,NaN,NaN,NaN,NaN,NaN,NaN,NaN,NaN
3,NaN,NaN,NaN,NaN,NaN,NaN,NaN,NaN
4,NaN,NaN,NaN,NaN,NaN,NaN,NaN,NaN
5,NaN,NaN,NaN,NaN,NaN,NaN,NaN,NaN
6,NaN,NaN,NaN,NaN,NaN,NaN,NaN,NaN
7,NaN,NaN,NaN,NaN,NaN,NaN,NaN,NaN
8,NaN,NaN,NaN,NaN,NaN,NaN,NaN,NaN
9,NaN,NaN,NaN,NaN,NaN,NaN,NaN,NaN
10,NaN,NaN,NaN,NaN,NaN,NaN,NaN,NaN
11,NaN,NaN,NaN,NaN,NaN,NaN,NaN,NaN
1,NaN,NaN,NaN,NaN,NaN,NaN,NaN,NaN
2,NaN,NaN,NaN,NaN,NaN,NaN,NaN,NaN
3,NaN,NaN,NaN,NaN,NaN,NaN,NaN,NaN
4,NaN,NaN,NaN,NaN,NaN,NaN,NaN,NaN
5,NaN,NaN,NaN,NaN,NaN,NaN,NaN,NaN
6,NaN,NaN,NaN,NaN,NaN,NaN,NaN,NaN
7,NaN,NaN,NaN,NaN,NaN,NaN,NaN,NaN
8,NaN,NaN,NaN,NaN,NaN,NaN,NaN,NaN
9,NaN,NaN,NaN,NaN,NaN,NaN,NaN,NaN
10,NaN,NaN,NaN,NaN,NaN,NaN,NaN,NaN
11,NaN,NaN,NaN,NaN,NaN,NaN,NaN,NaN
1,NaN,NaN,NaN,NaN,NaN,NaN,NaN,NaN
2,NaN,NaN,NaN,NaN,NaN,NaN,NaN,NaN
3,NaN,NaN,NaN,NaN,NaN,NaN,NaN,NaN
4,NaN,NaN,NaN,NaN,NaN,NaN,NaN,NaN
5,NaN,NaN,NaN,NaN,NaN,NaN,NaN,NaN
6,NaN,NaN,NaN,NaN,NaN,NaN,NaN,NaN
7,NaN,NaN,NaN,NaN,NaN,NaN,NaN,NaN
8,NaN,NaN,NaN,NaN,NaN,NaN,NaN,NaN
9,NaN,NaN,NaN,NaN,NaN,NaN,NaN,NaN
10,NaN,NaN,NaN,NaN,NaN,NaN,NaN,NaN
11,NaN,NaN,NaN,NaN,NaN,NaN,NaN,NaN
1,NaN,NaN,NaN,NaN,NaN,NaN,NaN,NaN
2,NaN,NaN,NaN,NaN,NaN,NaN,NaN,NaN
3,NaN,NaN,NaN,NaN,NaN,NaN,NaN,NaN
4,NaN,NaN,NaN,NaN,NaN,NaN,NaN,NaN
5,NaN,NaN,NaN,NaN,NaN,NaN,NaN,NaN
6,NaN,NaN,NaN,NaN,NaN,NaN,NaN,NaN
7,NaN,NaN,NaN,NaN,NaN,NaN,NaN,NaN
8,NaN,NaN,NaN,NaN,NaN,NaN,NaN,NaN
9,NaN,NaN,NaN,NaN,NaN,NaN,NaN,NaN
10,NaN,NaN,NaN,NaN,NaN,NaN,NaN,NaN
11,NaN,NaN,NaN,NaN,NaN,NaN,NaN,NaN
1,NaN,NaN,NaN,NaN,NaN,NaN,NaN,NaN
2,NaN,NaN,NaN,NaN,NaN,NaN,NaN,NaN
3,NaN,NaN,NaN,NaN,NaN,NaN,NaN,NaN
4,NaN,NaN,NaN,NaN,NaN,NaN,NaN,NaN
5,NaN,NaN,NaN,NaN,NaN,NaN,NaN,NaN
6,NaN,NaN,NaN,NaN,NaN,NaN,NaN,NaN
7,NaN,NaN,NaN,NaN,NaN,NaN,NaN,NaN
8,NaN,NaN,NaN,NaN,NaN,NaN,NaN,NaN
9,NaN,NaN,NaN,NaN,NaN,NaN,NaN,NaN
10,NaN,NaN,NaN,NaN,NaN,NaN,NaN,NaN
11,NaN,NaN,NaN,NaN,NaN,NaN,NaN,NaN
1,NaN,NaN,NaN,NaN,NaN,NaN,NaN,NaN
2,NaN,NaN,NaN,NaN,NaN,NaN,NaN,NaN
3,NaN,NaN,NaN,NaN,NaN,NaN,NaN,NaN
4,NaN,NaN,NaN,NaN,NaN,NaN,NaN,NaN
5,NaN,NaN,NaN,NaN,NaN,NaN,NaN,NaN
6,NaN,NaN,NaN,NaN,NaN,NaN,NaN,NaN
7,NaN,NaN,NaN,NaN,NaN,NaN,NaN,NaN
8,NaN,NaN,NaN,NaN,NaN,NaN,NaN,NaN
9,NaN,NaN,NaN,NaN,NaN,NaN,NaN,NaN
10,NaN,NaN,NaN,NaN,NaN,NaN,NaN,NaN
11,NaN,NaN,NaN,NaN,NaN,NaN,NaN,NaN
1,NaN,NaN,NaN,NaN,NaN,NaN,NaN,NaN
2,NaN,NaN,NaN,NaN,NaN,NaN,NaN,NaN
3,NaN,NaN,NaN,NaN,NaN,NaN,NaN,NaN
4,NaN,NaN,NaN,NaN,NaN,NaN,NaN,NaN
5,NaN,NaN,NaN,NaN,NaN,NaN,NaN,NaN
6,NaN,NaN,NaN,NaN,NaN,NaN,NaN,NaN
7,NaN,NaN,NaN,NaN,NaN,NaN,NaN,NaN
8,NaN,NaN,NaN,NaN,NaN,NaN,NaN,NaN
9,NaN,NaN,NaN,NaN,NaN,NaN,NaN,NaN
10,NaN,NaN,NaN,NaN,NaN,NaN,NaN,NaN
11,NaN,NaN,NaN,NaN,NaN,NaN,NaN,NaN
1,NaN,NaN,NaN,NaN,NaN,NaN,NaN,NaN
2,NaN,NaN,NaN,NaN,NaN,NaN,NaN,NaN
3,NaN,NaN,NaN,NaN,NaN,NaN,NaN,NaN
4,NaN,NaN,NaN,NaN,NaN,NaN,NaN,NaN
5,NaN,NaN,NaN,NaN,NaN,NaN,NaN,NaN
6,NaN,NaN,NaN,NaN,NaN,NaN,NaN,NaN
7,NaN,NaN,NaN,NaN,NaN,NaN,NaN,NaN
8,NaN,NaN,NaN,NaN,NaN,NaN,NaN,NaN
9,NaN,NaN,NaN,NaN,NaN,NaN,NaN,NaN
10,NaN,NaN,NaN,NaN,NaN,NaN,NaN,NaN
11,NaN,NaN,NaN,NaN,NaN,NaN,NaN,NaN
1,NaN,NaN,NaN,NaN,NaN,NaN,NaN,NaN
2,NaN,NaN,NaN,NaN,NaN,NaN,NaN,NaN
3,NaN,NaN,NaN,NaN,NaN,NaN,NaN,NaN
4,NaN,NaN,NaN,NaN,NaN,NaN,NaN,NaN
5,NaN,NaN,NaN,NaN,NaN,NaN,NaN,NaN
6,NaN,NaN,NaN,NaN,NaN,NaN,NaN,NaN
7,NaN,NaN,NaN,NaN,NaN,NaN,NaN,NaN
8,NaN,NaN,NaN,NaN,NaN,NaN,NaN,NaN
9,NaN,NaN,NaN,NaN,NaN,NaN,NaN,NaN
10,NaN,NaN,NaN,NaN,NaN,NaN,NaN,NaN
11,NaN,NaN,NaN,NaN,NaN,NaN,NaN,NaN
1,NaN,NaN,NaN,NaN,NaN,NaN,NaN,NaN
2,NaN,NaN,NaN,NaN,NaN,NaN,NaN,NaN
3,NaN,NaN,NaN,NaN,NaN,NaN,NaN,NaN
4,NaN,NaN,NaN,NaN,NaN,NaN,NaN,NaN
5,NaN,NaN,NaN,NaN,NaN,NaN,NaN,NaN
6,NaN,NaN,NaN,NaN,NaN,NaN,NaN,NaN
7,NaN,NaN,NaN,NaN,NaN,NaN,NaN,NaN
8,NaN,NaN,NaN,NaN,NaN,NaN,NaN,NaN
9,NaN,NaN,NaN,NaN,NaN,NaN,NaN,NaN
10,NaN,NaN,NaN,NaN,NaN,NaN,NaN,NaN
11,NaN,NaN,NaN,NaN,NaN,NaN,NaN,NaN
1,NaN,NaN,NaN,NaN,NaN,NaN,NaN,NaN
2,NaN,NaN,NaN,NaN,NaN,NaN,NaN,NaN
3,NaN,NaN,NaN,NaN,NaN,NaN,NaN,NaN
4,NaN,NaN,NaN,NaN,NaN,NaN,NaN,NaN
5,NaN,NaN,NaN,NaN,NaN,NaN,NaN,NaN
6,NaN,NaN,NaN,NaN,NaN,NaN,NaN,NaN
7,NaN,NaN,NaN,NaN,NaN,NaN,NaN,NaN
8,NaN,NaN,NaN,NaN,NaN,NaN,NaN,NaN
9,NaN,NaN,NaN,NaN,NaN,NaN,NaN,NaN
10,NaN,NaN,NaN,NaN,NaN,NaN,NaN,NaN
11,NaN,NaN,NaN,NaN,NaN,NaN,NaN,NaN
1,NaN,NaN,NaN,NaN,NaN,NaN,NaN,NaN
2,NaN,NaN,NaN,NaN,NaN,NaN,NaN,NaN
3,NaN,NaN,NaN,NaN,NaN,NaN,NaN,NaN
4,NaN,NaN,NaN,NaN,NaN,NaN,NaN,NaN
5,NaN,NaN,NaN,NaN,NaN,NaN,NaN,NaN
6,NaN,NaN,NaN,NaN,NaN,NaN,NaN,NaN
7,NaN,NaN,NaN,NaN,NaN,NaN,NaN,NaN
8,NaN,NaN,NaN,NaN,NaN,NaN,NaN,NaN
9,NaN,NaN,NaN,NaN,NaN,NaN,NaN,NaN
10,NaN,NaN,NaN,NaN,NaN,NaN,NaN,NaN
11,NaN,NaN,NaN,NaN,NaN,NaN,NaN,NaN
1,NaN,NaN,NaN,NaN,NaN,NaN,NaN,NaN
2,NaN,NaN,NaN,NaN,NaN,NaN,NaN,NaN
3,NaN,NaN,NaN,NaN,NaN,NaN,NaN,NaN
4,NaN,NaN,NaN,NaN,NaN,NaN,NaN,NaN
5,NaN,NaN,NaN,NaN,NaN,NaN,NaN,NaN
6,NaN,NaN,NaN,NaN,NaN,NaN,NaN,NaN
7,NaN,NaN,NaN,NaN,NaN,NaN,NaN,NaN
8,NaN,NaN,NaN,NaN,NaN,NaN,NaN,NaN
9,NaN,NaN,NaN,NaN,NaN,NaN,NaN,NaN
10,NaN,NaN,NaN,NaN,NaN,NaN,NaN,NaN
11,NaN,NaN,NaN,NaN,NaN,NaN,NaN,NaN
1,NaN,NaN,NaN,NaN,NaN,NaN,NaN,NaN
2,NaN,NaN,NaN,NaN,NaN,NaN,NaN,NaN
3,NaN,NaN,NaN,NaN,NaN,NaN,NaN,NaN
4,NaN,NaN,NaN,NaN,NaN,NaN,NaN,NaN
5,NaN,NaN,NaN,NaN,NaN,NaN,NaN,NaN
6,NaN,NaN,NaN,NaN,NaN,NaN,NaN,NaN
7,NaN,NaN,NaN,NaN,NaN,NaN,NaN,NaN
8,NaN,NaN,NaN,NaN,NaN,NaN,NaN,NaN
9,NaN,NaN,NaN,NaN,NaN,NaN,NaN,NaN
10,NaN,NaN,NaN,NaN,NaN,NaN,NaN,NaN
11,NaN,NaN,NaN,NaN,NaN,NaN,NaN,NaN
1,NaN,NaN,NaN,NaN,NaN,NaN,NaN,NaN
2,NaN,NaN,NaN,NaN,NaN,NaN,NaN,NaN
3,NaN,NaN,NaN,NaN,NaN,NaN,NaN,NaN
4,NaN,NaN,NaN,NaN,NaN,NaN,NaN,NaN
5,NaN,NaN,NaN,NaN,NaN,NaN,NaN,NaN
6,NaN,NaN,NaN,NaN,NaN,NaN,NaN,NaN
7,NaN,NaN,NaN,NaN,NaN,NaN,NaN,NaN
8,NaN,NaN,NaN,NaN,NaN,NaN,NaN,NaN
9,NaN,NaN,NaN,NaN,NaN,NaN,NaN,NaN
10,NaN,NaN,NaN,NaN,NaN,NaN,NaN,NaN
11,NaN,NaN,NaN,NaN,NaN,NaN,NaN,NaN
1,NaN,NaN,NaN,NaN,NaN,NaN,NaN,NaN
2,NaN,NaN,NaN,NaN,NaN,NaN,NaN,NaN
3,NaN,NaN,NaN,NaN,NaN,NaN,NaN,NaN
4,NaN,NaN,NaN,NaN,NaN,NaN,NaN,NaN
5,NaN,NaN,NaN,NaN,NaN,NaN,NaN,NaN
6,NaN,NaN,NaN,NaN,NaN,NaN,NaN,NaN
7,NaN,NaN,NaN,NaN,NaN,NaN,NaN,NaN
8,NaN,NaN,NaN,NaN,NaN,NaN,NaN,NaN
9,NaN,NaN,NaN,NaN,NaN,NaN,NaN,NaN
10,NaN,NaN,NaN,NaN,NaN,NaN,NaN,NaN
11,NaN,NaN,NaN,NaN,NaN,NaN,NaN,NaN
1,NaN,NaN,NaN,NaN,NaN,NaN,NaN,NaN
2,NaN,NaN,NaN,NaN,NaN,NaN,NaN,NaN
3,NaN,NaN,NaN,NaN,NaN,NaN,NaN,NaN
4,NaN,NaN,NaN,NaN,NaN,NaN,NaN,NaN
5,NaN,NaN,NaN,NaN,NaN,NaN,NaN,NaN
6,NaN,NaN,NaN,NaN,NaN,NaN,NaN,NaN
7,NaN,NaN,NaN,NaN,NaN,NaN,NaN,NaN
8,NaN,NaN,NaN,NaN,NaN,NaN,NaN,NaN
9,NaN,NaN,NaN,NaN,NaN,NaN,NaN,NaN
10,NaN,NaN,NaN,NaN,NaN,NaN,NaN,NaN
11,NaN,NaN,NaN,NaN,NaN,NaN,NaN,NaN
1,NaN,NaN,NaN,NaN,NaN,NaN,NaN,NaN
2,NaN,NaN,NaN,NaN,NaN,NaN,NaN,NaN
3,NaN,NaN,NaN,NaN,NaN,NaN,NaN,NaN
4,NaN,NaN,NaN,NaN,NaN,NaN,NaN,NaN
5,NaN,NaN,NaN,NaN,NaN,NaN,NaN,NaN
6,NaN,NaN,NaN,NaN,NaN,NaN,NaN,NaN
7,NaN,NaN,NaN,NaN,NaN,NaN,NaN,NaN
8,NaN,NaN,NaN,NaN,NaN,NaN,NaN,NaN
9,NaN,NaN,NaN,NaN,NaN,NaN,NaN,NaN
10,NaN,NaN,NaN,NaN,NaN,NaN,NaN,NaN
11,NaN,NaN,NaN,NaN,NaN,NaN,NaN,NaN
1,NaN,NaN,NaN,NaN,NaN,NaN,NaN,NaN
2,NaN,NaN,NaN,NaN,NaN,NaN,NaN,NaN
3,NaN,NaN,NaN,NaN,NaN,NaN,NaN,NaN
4,NaN,NaN,NaN,NaN,NaN,NaN,NaN,NaN
5,NaN,NaN,NaN,NaN,NaN,NaN,NaN,NaN
6,NaN,NaN,NaN,NaN,NaN,NaN,NaN,NaN
7,NaN,NaN,NaN,NaN,NaN,NaN,NaN,NaN
8,NaN,NaN,NaN,NaN,NaN,NaN,NaN,NaN
9,NaN,NaN,NaN,NaN,NaN,NaN,NaN,NaN
10,NaN,NaN,NaN,NaN,NaN,NaN,NaN,NaN
11,NaN,NaN,NaN,NaN,NaN,NaN,NaN,NaN
1,NaN,NaN,NaN,NaN,NaN,NaN,NaN,NaN
2,NaN,NaN,NaN,NaN,NaN,NaN,NaN,NaN
3,NaN,NaN,NaN,NaN,NaN,NaN,NaN,NaN
4,NaN,NaN,NaN,NaN,NaN,NaN,NaN,NaN
5,NaN,NaN,NaN,NaN,NaN,NaN,NaN,NaN
6,NaN,NaN,NaN,NaN,NaN,NaN,NaN,NaN
7,NaN,NaN,NaN,NaN,NaN,NaN,NaN,NaN
8,NaN,NaN,NaN,NaN,NaN,NaN,NaN,NaN
9,NaN,NaN,NaN,NaN,NaN,NaN,NaN,NaN
10,NaN,NaN,NaN,NaN,NaN,NaN,NaN,NaN
11,NaN,NaN,NaN,NaN,NaN,NaN,NaN,NaN
1,NaN,NaN,NaN,NaN,NaN,NaN,NaN,NaN
2,NaN,NaN,NaN,NaN,NaN,NaN,NaN,NaN
3,NaN,NaN,NaN,NaN,NaN,NaN,NaN,NaN
4,NaN,NaN,NaN,NaN,NaN,NaN,NaN,NaN
5,NaN,NaN,NaN,NaN,NaN,NaN,NaN,NaN
6,NaN,NaN,NaN,NaN,NaN,NaN,NaN,NaN
7,NaN,NaN,NaN,NaN,NaN,NaN,NaN,NaN
8,NaN,NaN,NaN,NaN,NaN,NaN,NaN,NaN
9,NaN,NaN,NaN,NaN,NaN,NaN,NaN,NaN
10,NaN,NaN,NaN,NaN,NaN,NaN,NaN,NaN
11,NaN,NaN,NaN,NaN,NaN,NaN,NaN,NaN
1,NaN,NaN,NaN,NaN,NaN,NaN,NaN,NaN
2,NaN,NaN,NaN,NaN,NaN,NaN,NaN,NaN
3,NaN,NaN,NaN,NaN,NaN,NaN,NaN,NaN
4,NaN,NaN,NaN,NaN,NaN,NaN,NaN,NaN
5,NaN,NaN,NaN,NaN,NaN,NaN,NaN,NaN
6,NaN,NaN,NaN,NaN,NaN,NaN,NaN,NaN
7,NaN,NaN,NaN,NaN,NaN,NaN,NaN,NaN
8,NaN,NaN,NaN,NaN,NaN,NaN,NaN,NaN
9,NaN,NaN,NaN,NaN,NaN,NaN,NaN,NaN
10,NaN,NaN,NaN,NaN,NaN,NaN,NaN,NaN
11,NaN,NaN,NaN,NaN,NaN,NaN,NaN,NaN
1,NaN,NaN,NaN,NaN,NaN,NaN,NaN,NaN
2,NaN,NaN,NaN,NaN,NaN,NaN,NaN,NaN
3,NaN,NaN,NaN,NaN,NaN,NaN,NaN,NaN
4,NaN,NaN,NaN,NaN,NaN,NaN,NaN,NaN
5,NaN,NaN,NaN,NaN,NaN,NaN,NaN,NaN
6,NaN,NaN,NaN,NaN,NaN,NaN,NaN,NaN
7,NaN,NaN,NaN,NaN,NaN,NaN,NaN,NaN
8,NaN,NaN,NaN,NaN,NaN,NaN,NaN,NaN
9,NaN,NaN,NaN,NaN,NaN,NaN,NaN,NaN
10,NaN,NaN,NaN,NaN,NaN,NaN,NaN,NaN
11,NaN,NaN,NaN,NaN,NaN,NaN,NaN,NaN
1,NaN,NaN,NaN,NaN,NaN,NaN,NaN,NaN
2,NaN,NaN,NaN,NaN,NaN,NaN,NaN,NaN
3,NaN,NaN,NaN,NaN,NaN,NaN,NaN,NaN
4,NaN,NaN,NaN,NaN,NaN,NaN,NaN,NaN
5,NaN,NaN,NaN,NaN,NaN,NaN,NaN,NaN
6,NaN,NaN,NaN,NaN,NaN,NaN,NaN,NaN
7,NaN,NaN,NaN,NaN,NaN,NaN,NaN,NaN
8,NaN,NaN,NaN,NaN,NaN,NaN,NaN,NaN
9,NaN,NaN,NaN,NaN,NaN,NaN,NaN,NaN
10,NaN,NaN,NaN,NaN,NaN,NaN,NaN,NaN
11,NaN,NaN,NaN,NaN,NaN,NaN,NaN,NaN
1,NaN,NaN,NaN,NaN,NaN,NaN,NaN,NaN
2,NaN,NaN,NaN,NaN,NaN,NaN,NaN,NaN
3,NaN,NaN,NaN,NaN,NaN,NaN,NaN,NaN
4,NaN,NaN,NaN,NaN,NaN,NaN,NaN,NaN
5,NaN,NaN,NaN,NaN,NaN,NaN,NaN,NaN
6,NaN,NaN,NaN,NaN,NaN,NaN,NaN,NaN
7,NaN,NaN,NaN,NaN,NaN,NaN,NaN,NaN
8,NaN,NaN,NaN,NaN,NaN,NaN,NaN,NaN
9,NaN,NaN,NaN,NaN,NaN,NaN,NaN,NaN
10,NaN,NaN,NaN,NaN,NaN,NaN,NaN,NaN
11,NaN,NaN,NaN,NaN,NaN,NaN,NaN,NaN
1,NaN,NaN,NaN,NaN,NaN,NaN,NaN,NaN
2,NaN,NaN,NaN,NaN,NaN,NaN,NaN,NaN
3,NaN,NaN,NaN,NaN,NaN,NaN,NaN,NaN
4,NaN,NaN,NaN,NaN,NaN,NaN,NaN,NaN
5,NaN,NaN,NaN,NaN,NaN,NaN,NaN,NaN
6,NaN,NaN,NaN,NaN,NaN,NaN,NaN,NaN
7,NaN,NaN,NaN,NaN,NaN,NaN,NaN,NaN
8,NaN,NaN,NaN,NaN,NaN,NaN,NaN,NaN
9,NaN,NaN,NaN,NaN,NaN,NaN,NaN,NaN
10,NaN,NaN,NaN,NaN,NaN,NaN,NaN,NaN
11,NaN,NaN,NaN,NaN,NaN,NaN,NaN,NaN
1,NaN,NaN,NaN,NaN,NaN,NaN,NaN,NaN
2,NaN,NaN,NaN,NaN,NaN,NaN,NaN,NaN
3,NaN,NaN,NaN,NaN,NaN,NaN,NaN,NaN
4,NaN,NaN,NaN,NaN,NaN,NaN,NaN,NaN
5,NaN,NaN,NaN,NaN,NaN,NaN,NaN,NaN
6,NaN,NaN,NaN,NaN,NaN,NaN,NaN,NaN
7,NaN,NaN,NaN,NaN,NaN,NaN,NaN,NaN
8,NaN,NaN,NaN,NaN,NaN,NaN,NaN,NaN
9,NaN,NaN,NaN,NaN,NaN,NaN,NaN,NaN
10,NaN,NaN,NaN,NaN,NaN,NaN,NaN,NaN
11,NaN,NaN,NaN,NaN,NaN,NaN,NaN,NaN
1,NaN,NaN,NaN,NaN,NaN,NaN,NaN,NaN
2,NaN,NaN,NaN,NaN,NaN,NaN,NaN,NaN
3,NaN,NaN,NaN,NaN,NaN,NaN,NaN,NaN
4,NaN,NaN,NaN,NaN,NaN,NaN,NaN,NaN
5,NaN,NaN,NaN,NaN,NaN,NaN,NaN,NaN
6,NaN,NaN,NaN,NaN,NaN,NaN,NaN,NaN
7,NaN,NaN,NaN,NaN,NaN,NaN,NaN,NaN
8,NaN,NaN,NaN,NaN,NaN,NaN,NaN,NaN
9,NaN,NaN,NaN,NaN,NaN,NaN,NaN,NaN
10,NaN,NaN,NaN,NaN,NaN,NaN,NaN,NaN
11,NaN,NaN,NaN,NaN,NaN,NaN,NaN,NaN
1,NaN,NaN,NaN,NaN,NaN,NaN,NaN,NaN
2,NaN,NaN,NaN,NaN,NaN,NaN,NaN,NaN
3,NaN,NaN,NaN,NaN,NaN,NaN,NaN,NaN
4,NaN,NaN,NaN,NaN,NaN,NaN,NaN,NaN
5,NaN,NaN,NaN,NaN,NaN,NaN,NaN,NaN
6,NaN,NaN,NaN,NaN,NaN,NaN,NaN,NaN
7,NaN,NaN,NaN,NaN,NaN,NaN,NaN,NaN
8,NaN,NaN,NaN,NaN,NaN,NaN,NaN,NaN
9,NaN,NaN,NaN,NaN,NaN,NaN,NaN,NaN
10,NaN,NaN,NaN,NaN,NaN,NaN,NaN,NaN
11,NaN,NaN,NaN,NaN,NaN,NaN,NaN,NaN
1,NaN,NaN,NaN,NaN,NaN,NaN,NaN,NaN
2,NaN,NaN,NaN,NaN,NaN,NaN,NaN,NaN
3,NaN,NaN,NaN,NaN,NaN,NaN,NaN,NaN
4,NaN,NaN,NaN,NaN,NaN,NaN,NaN,NaN
5,NaN,NaN,NaN,NaN,NaN,NaN,NaN,NaN
6,NaN,NaN,NaN,NaN,NaN,NaN,NaN,NaN
7,NaN,NaN,NaN,NaN,NaN,NaN,NaN,NaN
8,NaN,NaN,NaN,NaN,NaN,NaN,NaN,NaN
9,NaN,NaN,NaN,NaN,NaN,NaN,NaN,NaN
10,NaN,NaN,NaN,NaN,NaN,NaN,NaN,NaN
11,NaN,NaN,NaN,NaN,NaN,NaN,NaN,NaN
1,NaN,NaN,NaN,NaN,NaN,NaN,NaN,NaN
2,NaN,NaN,NaN,NaN,NaN,NaN,NaN,NaN
3,NaN,NaN,NaN,NaN,NaN,NaN,NaN,NaN
4,NaN,NaN,NaN,NaN,NaN,NaN,NaN,NaN
5,NaN,NaN,NaN,NaN,NaN,NaN,NaN,NaN
6,NaN,NaN,NaN,NaN,NaN,NaN,NaN,NaN
7,NaN,NaN,NaN,NaN,NaN,NaN,NaN,NaN
8,NaN,NaN,NaN,NaN,NaN,NaN,NaN,NaN
9,NaN,NaN,NaN,NaN,NaN,NaN,NaN,NaN
10,NaN,NaN,NaN,NaN,NaN,NaN,NaN,NaN
11,NaN,NaN,NaN,NaN,NaN,NaN,NaN,NaN
1,NaN,NaN,NaN,NaN,NaN,NaN,NaN,NaN
2,NaN,NaN,NaN,NaN,NaN,NaN,NaN,NaN
3,NaN,NaN,NaN,NaN,NaN,NaN,NaN,NaN
4,NaN,NaN,NaN,NaN,NaN,NaN,NaN,NaN
5,NaN,NaN,NaN,NaN,NaN,NaN,NaN,NaN
6,NaN,NaN,NaN,NaN,NaN,NaN,NaN,NaN
7,NaN,NaN,NaN,NaN,NaN,NaN,NaN,NaN
8,NaN,NaN,NaN,NaN,NaN,NaN,NaN,NaN
9,NaN,NaN,NaN,NaN,NaN,NaN,NaN,NaN
10,NaN,NaN,NaN,NaN,NaN,NaN,NaN,NaN
11,NaN,NaN,NaN,NaN,NaN,NaN,NaN,NaN
1,NaN,NaN,NaN,NaN,NaN,NaN,NaN,NaN
2,NaN,NaN,NaN,NaN,NaN,NaN,NaN,NaN
3,NaN,NaN,NaN,NaN,NaN,NaN,NaN,NaN
4,NaN,NaN,NaN,NaN,NaN,NaN,NaN,NaN
5,NaN,NaN,NaN,NaN,NaN,NaN,NaN,NaN
6,NaN,NaN,NaN,NaN,NaN,NaN,NaN,NaN
7,NaN,NaN,NaN,NaN,NaN,NaN,NaN,NaN
8,NaN,NaN,NaN,NaN,NaN,NaN,NaN,NaN
9,NaN,NaN,NaN,NaN,NaN,NaN,NaN,NaN
10,NaN,NaN,NaN,NaN,NaN,NaN,NaN,NaN
11,NaN,NaN,NaN,NaN,NaN,NaN,NaN,NaN
1,NaN,NaN,NaN,NaN,NaN,NaN,NaN,NaN
2,NaN,NaN,NaN,NaN,NaN,NaN,NaN,NaN
3,NaN,NaN,NaN,NaN,NaN,NaN,NaN,NaN
4,NaN,NaN,NaN,NaN,NaN,NaN,NaN,NaN
5,NaN,NaN,NaN,NaN,NaN,NaN,NaN,NaN
6,NaN,NaN,NaN,NaN,NaN,NaN,NaN,NaN
7,NaN,NaN,NaN,NaN,NaN,NaN,NaN,NaN
8,NaN,NaN,NaN,NaN,NaN,NaN,NaN,NaN
9,NaN,NaN,NaN,NaN,NaN,NaN,NaN,NaN
10,NaN,NaN,NaN,NaN,NaN,NaN,NaN,NaN
11,NaN,NaN,NaN,NaN,NaN,NaN,NaN,NaN
1,NaN,NaN,NaN,NaN,NaN,NaN,NaN,NaN
2,NaN,NaN,NaN,NaN,NaN,NaN,NaN,NaN
3,NaN,NaN,NaN,NaN,NaN,NaN,NaN,NaN
4,NaN,NaN,NaN,NaN,NaN,NaN,NaN,NaN
5,NaN,NaN,NaN,NaN,NaN,NaN,NaN,NaN
6,NaN,NaN,NaN,NaN,NaN,NaN,NaN,NaN
7,NaN,NaN,NaN,NaN,NaN,NaN,NaN,NaN
8,NaN,NaN,NaN,NaN,NaN,NaN,NaN,NaN
9,NaN,NaN,NaN,NaN,NaN,NaN,NaN,NaN
10,NaN,NaN,NaN,NaN,NaN,NaN,NaN,NaN
11,NaN,NaN,NaN,NaN,NaN,NaN,NaN,NaN
1,NaN,NaN,NaN,NaN,NaN,NaN,NaN,NaN
2,NaN,NaN,NaN,NaN,NaN,NaN,NaN,NaN
3,NaN,NaN,NaN,NaN,NaN,NaN,NaN,NaN
4,NaN,NaN,NaN,NaN,NaN,NaN,NaN,NaN
5,NaN,NaN,NaN,NaN,NaN,NaN,NaN,NaN
6,NaN,NaN,NaN,NaN,NaN,NaN,NaN,NaN
7,NaN,NaN,NaN,NaN,NaN,NaN,NaN,NaN
8,NaN,NaN,NaN,NaN,NaN,NaN,NaN,NaN
9,NaN,NaN,NaN,NaN,NaN,NaN,NaN,NaN
10,NaN,NaN,NaN,NaN,NaN,NaN,NaN,NaN
11,NaN,NaN,NaN,NaN,NaN,NaN,NaN,NaN
1,NaN,NaN,NaN,NaN,NaN,NaN,NaN,NaN
2,NaN,NaN,NaN,NaN,NaN,NaN,NaN,NaN
3,NaN,NaN,NaN,NaN,NaN,NaN,NaN,NaN
4,NaN,NaN,NaN,NaN,NaN,NaN,NaN,NaN
5,NaN,NaN,NaN,NaN,NaN,NaN,NaN,NaN
6,NaN,NaN,NaN,NaN,NaN,NaN,NaN,NaN
7,NaN,NaN,NaN,NaN,NaN,NaN,NaN,NaN
8,NaN,NaN,NaN,NaN,NaN,NaN,NaN,NaN
9,NaN,NaN,NaN,NaN,NaN,NaN,NaN,NaN
10,NaN,NaN,NaN,NaN,NaN,NaN,NaN,NaN
11,NaN,NaN,NaN,NaN,NaN,NaN,NaN,NaN
1,NaN,NaN,NaN,NaN,NaN,NaN,NaN,NaN
2,NaN,NaN,NaN,NaN,NaN,NaN,NaN,NaN
3,NaN,NaN,NaN,NaN,NaN,NaN,NaN,NaN
4,NaN,NaN,NaN,NaN,NaN,NaN,NaN,NaN
5,NaN,NaN,NaN,NaN,NaN,NaN,NaN,NaN
6,NaN,NaN,NaN,NaN,NaN,NaN,NaN,NaN
7,NaN,NaN,NaN,NaN,NaN,NaN,NaN,NaN
8,NaN,NaN,NaN,NaN,NaN,NaN,NaN,NaN
9,NaN,NaN,NaN,NaN,NaN,NaN,NaN,NaN
10,NaN,NaN,NaN,NaN,NaN,NaN,NaN,NaN
11,NaN,NaN,NaN,NaN,NaN,NaN,NaN,NaN
1,NaN,NaN,NaN,NaN,NaN,NaN,NaN,NaN
2,NaN,NaN,NaN,NaN,NaN,NaN,NaN,NaN
3,NaN,NaN,NaN,NaN,NaN,NaN,NaN,NaN
4,NaN,NaN,NaN,NaN,NaN,NaN,NaN,NaN
5,NaN,NaN,NaN,NaN,NaN,NaN,NaN,NaN
6,NaN,NaN,NaN,NaN,NaN,NaN,NaN,NaN
7,NaN,NaN,NaN,NaN,NaN,NaN,NaN,NaN
8,NaN,NaN,NaN,NaN,NaN,NaN,NaN,NaN
9,NaN,NaN,NaN,NaN,NaN,NaN,NaN,NaN
10,NaN,NaN,NaN,NaN,NaN,NaN,NaN,NaN
11,NaN,NaN,NaN,NaN,NaN,NaN,NaN,NaN
1,NaN,NaN,NaN,NaN,NaN,NaN,NaN,NaN
2,NaN,NaN,NaN,NaN,NaN,NaN,NaN,NaN
3,NaN,NaN,NaN,NaN,NaN,NaN,NaN,NaN
4,NaN,NaN,NaN,NaN,NaN,NaN,NaN,NaN
5,NaN,NaN,NaN,NaN,NaN,NaN,NaN,NaN
6,NaN,NaN,NaN,NaN,NaN,NaN,NaN,NaN
7,NaN,NaN,NaN,NaN,NaN,NaN,NaN,NaN
8,NaN,NaN,NaN,NaN,NaN,NaN,NaN,NaN
9,NaN,NaN,NaN,NaN,NaN,NaN,NaN,NaN
10,NaN,NaN,NaN,NaN,NaN,NaN,NaN,NaN
11,NaN,NaN,NaN,NaN,NaN,NaN,NaN,NaN
1,NaN,NaN,NaN,NaN,NaN,NaN,NaN,NaN
2,NaN,NaN,NaN,NaN,NaN,NaN,NaN,NaN
3,NaN,NaN,NaN,NaN,NaN,NaN,NaN,NaN
4,NaN,NaN,NaN,NaN,NaN,NaN,NaN,NaN
5,NaN,NaN,NaN,NaN,NaN,NaN,NaN,NaN
6,NaN,NaN,NaN,NaN,NaN,NaN,NaN,NaN
7,NaN,NaN,NaN,NaN,NaN,NaN,NaN,NaN
8,NaN,NaN,NaN,NaN,NaN,NaN,NaN,NaN
9,NaN,NaN,NaN,NaN,NaN,NaN,NaN,NaN
10,NaN,NaN,NaN,NaN,NaN,NaN,NaN,NaN
11,NaN,NaN,NaN,NaN,NaN,NaN,NaN,NaN
1,NaN,NaN,NaN,NaN,NaN,NaN,NaN,NaN
2,NaN,NaN,NaN,NaN,NaN,NaN,NaN,NaN
3,NaN,NaN,NaN,NaN,NaN,NaN,NaN,NaN
4,NaN,NaN,NaN,NaN,NaN,NaN,NaN,NaN
5,NaN,NaN,NaN,NaN,NaN,NaN,NaN,NaN
6,NaN,NaN,NaN,NaN,NaN,NaN,NaN,NaN
7,NaN,NaN,NaN,NaN,NaN,NaN,NaN,NaN
8,NaN,NaN,NaN,NaN,NaN,NaN,NaN,NaN
9,NaN,NaN,NaN,NaN,NaN,NaN,NaN,NaN
10,NaN,NaN,NaN,NaN,NaN,NaN,NaN,NaN
11,NaN,NaN,NaN,NaN,NaN,NaN,NaN,NaN
1,NaN,NaN,NaN,NaN,NaN,NaN,NaN,NaN
2,NaN,NaN,NaN,NaN,NaN,NaN,NaN,NaN
3,NaN,NaN,NaN,NaN,NaN,NaN,NaN,NaN
4,NaN,NaN,NaN,NaN,NaN,NaN,NaN,NaN
5,NaN,NaN,NaN,NaN,NaN,NaN,NaN,NaN
6,NaN,NaN,NaN,NaN,NaN,NaN,NaN,NaN
7,NaN,NaN,NaN,NaN,NaN,NaN,NaN,NaN
8,NaN,NaN,NaN,NaN,NaN,NaN,NaN,NaN
9,NaN,NaN,NaN,NaN,NaN,NaN,NaN,NaN
10,NaN,NaN,NaN,NaN,NaN,NaN,NaN,NaN
11,NaN,NaN,NaN,NaN,NaN,NaN,NaN,NaN
1,NaN,NaN,NaN,NaN,NaN,NaN,NaN,NaN
2,NaN,NaN,NaN,NaN,NaN,NaN,NaN,NaN
3,NaN,NaN,NaN,NaN,NaN,NaN,NaN,NaN
4,NaN,NaN,NaN,NaN,NaN,NaN,NaN,NaN
5,NaN,NaN,NaN,NaN,NaN,NaN,NaN,NaN
6,NaN,NaN,NaN,NaN,NaN,NaN,NaN,NaN
7,NaN,NaN,NaN,NaN,NaN,NaN,NaN,NaN
8,NaN,NaN,NaN,NaN,NaN,NaN,NaN,NaN
9,NaN,NaN,NaN,NaN,NaN,NaN,NaN,NaN
10,NaN,NaN,NaN,NaN,NaN,NaN,NaN,NaN
11,NaN,NaN,NaN,NaN,NaN,NaN,NaN,NaN
1,NaN,NaN,NaN,NaN,NaN,NaN,NaN,NaN
2,NaN,NaN,NaN,NaN,NaN,NaN,NaN,NaN
3,NaN,NaN,NaN,NaN,NaN,NaN,NaN,NaN
4,NaN,NaN,NaN,NaN,NaN,NaN,NaN,NaN
5,NaN,NaN,NaN,NaN,NaN,NaN,NaN,NaN
6,NaN,NaN,NaN,NaN,NaN,NaN,NaN,NaN
7,NaN,NaN,NaN,NaN,NaN,NaN,NaN,NaN
8,NaN,NaN,NaN,NaN,NaN,NaN,NaN,NaN
9,NaN,NaN,NaN,NaN,NaN,NaN,NaN,NaN
10,NaN,NaN,NaN,NaN,NaN,NaN,NaN,NaN
11,NaN,NaN,NaN,NaN,NaN,NaN,NaN,NaN
1,NaN,NaN,NaN,NaN,NaN,NaN,NaN,NaN
2,NaN,NaN,NaN,NaN,NaN,NaN,NaN,NaN
3,NaN,NaN,NaN,NaN,NaN,NaN,NaN,NaN
4,NaN,NaN,NaN,NaN,NaN,NaN,NaN,NaN
5,NaN,NaN,NaN,NaN,NaN,NaN,NaN,NaN
6,NaN,NaN,NaN,NaN,NaN,NaN,NaN,NaN
7,NaN,NaN,NaN,NaN,NaN,NaN,NaN,NaN
8,NaN,NaN,NaN,NaN,NaN,NaN,NaN,NaN
9,NaN,NaN,NaN,NaN,NaN,NaN,NaN,NaN
10,NaN,NaN,NaN,NaN,NaN,NaN,NaN,NaN
11,NaN,NaN,NaN,NaN,NaN,NaN,NaN,NaN
1,NaN,NaN,NaN,NaN,NaN,NaN,NaN,NaN
2,NaN,NaN,NaN,NaN,NaN,NaN,NaN,NaN
3,NaN,NaN,NaN,NaN,NaN,NaN,NaN,NaN
4,NaN,NaN,NaN,NaN,NaN,NaN,NaN,NaN
5,NaN,NaN,NaN,NaN,NaN,NaN,NaN,NaN
6,NaN,NaN,NaN,NaN,NaN,NaN,NaN,NaN
7,NaN,NaN,NaN,NaN,NaN,NaN,NaN,NaN
8,NaN,NaN,NaN,NaN,NaN,NaN,NaN,NaN
9,NaN,NaN,NaN,NaN,NaN,NaN,NaN,NaN
10,NaN,NaN,NaN,NaN,NaN,NaN,NaN,NaN
11,NaN,NaN,NaN,NaN,NaN,NaN,NaN,NaN
1,NaN,NaN,NaN,NaN,NaN,NaN,NaN,NaN
2,NaN,NaN,NaN,NaN,NaN,NaN,NaN,NaN
3,NaN,NaN,NaN,NaN,NaN,NaN,NaN,NaN
4,NaN,NaN,NaN,NaN,NaN,NaN,NaN,NaN
5,NaN,NaN,NaN,NaN,NaN,NaN,NaN,NaN
6,NaN,NaN,NaN,NaN,NaN,NaN,NaN,NaN
7,NaN,NaN,NaN,NaN,NaN,NaN,NaN,NaN
8,NaN,NaN,NaN,NaN,NaN,NaN,NaN,NaN
9,NaN,NaN,NaN,NaN,NaN,NaN,NaN,NaN
10,NaN,NaN,NaN,NaN,NaN,NaN,NaN,NaN
11,NaN,NaN,NaN,NaN,NaN,NaN,NaN,NaN
1,NaN,NaN,NaN,NaN,NaN,NaN,NaN,NaN
2,NaN,NaN,NaN,NaN,NaN,NaN,NaN,NaN
3,NaN,NaN,NaN,NaN,NaN,NaN,NaN,NaN
4,NaN,NaN,NaN,NaN,NaN,NaN,NaN,NaN
5,NaN,NaN,NaN,NaN,NaN,NaN,NaN,NaN
6,NaN,NaN,NaN,NaN,NaN,NaN,NaN,NaN
7,NaN,NaN,NaN,NaN,NaN,NaN,NaN,NaN
8,NaN,NaN,NaN,NaN,NaN,NaN,NaN,NaN
9,NaN,NaN,NaN,NaN,NaN,NaN,NaN,NaN
10,NaN,NaN,NaN,NaN,NaN,NaN,NaN,NaN
11,NaN,NaN,NaN,NaN,NaN,NaN,NaN,NaN
1,NaN,NaN,NaN,NaN,NaN,NaN,NaN,NaN
2,NaN,NaN,NaN,NaN,NaN,NaN,NaN,NaN
3,NaN,NaN,NaN,NaN,NaN,NaN,NaN,NaN
4,NaN,NaN,NaN,NaN,NaN,NaN,NaN,NaN
5,NaN,NaN,NaN,NaN,NaN,NaN,NaN,NaN
6,NaN,NaN,NaN,NaN,NaN,NaN,NaN,NaN
7,NaN,NaN,NaN,NaN,NaN,NaN,NaN,NaN
8,NaN,NaN,NaN,NaN,NaN,NaN,NaN,NaN
9,NaN,NaN,NaN,NaN,NaN,NaN,NaN,NaN
10,NaN,NaN,NaN,NaN,NaN,NaN,NaN,NaN
11,NaN,NaN,NaN,NaN,NaN,NaN,NaN,NaN
1,NaN,NaN,NaN,NaN,NaN,NaN,NaN,NaN
2,NaN,NaN,NaN,NaN,NaN,NaN,NaN,NaN
3,NaN,NaN,NaN,NaN,NaN,NaN,NaN,NaN
4,NaN,NaN,NaN,NaN,NaN,NaN,NaN,NaN
5,NaN,NaN,NaN,NaN,NaN,NaN,NaN,NaN
6,NaN,NaN,NaN,NaN,NaN,NaN,NaN,NaN
7,NaN,NaN,NaN,NaN,NaN,NaN,NaN,NaN
8,NaN,NaN,NaN,NaN,NaN,NaN,NaN,NaN
9,NaN,NaN,NaN,NaN,NaN,NaN,NaN,NaN
10,NaN,NaN,NaN,NaN,NaN,NaN,NaN,NaN
11,NaN,NaN,NaN,NaN,NaN,NaN,NaN,NaN
1,NaN,NaN,NaN,NaN,NaN,NaN,NaN,NaN
2,NaN,NaN,NaN,NaN,NaN,NaN,NaN,NaN
3,NaN,NaN,NaN,NaN,NaN,NaN,NaN,NaN
4,NaN,NaN,NaN,NaN,NaN,NaN,NaN,NaN
5,NaN,NaN,NaN,NaN,NaN,NaN,NaN,NaN
6,NaN,NaN,NaN,NaN,NaN,NaN,NaN,NaN
7,NaN,NaN,NaN,NaN,NaN,NaN,NaN,NaN
8,NaN,NaN,NaN,NaN,NaN,NaN,NaN,NaN
9,NaN,NaN,NaN,NaN,NaN,NaN,NaN,NaN
10,NaN,NaN,NaN,NaN,NaN,NaN,NaN,NaN
11,NaN,NaN,NaN,NaN,NaN,NaN,NaN,NaN
1,NaN,NaN,NaN,NaN,NaN,NaN,NaN,NaN
2,NaN,NaN,NaN,NaN,NaN,NaN,NaN,NaN
3,NaN,NaN,NaN,NaN,NaN,NaN,NaN,NaN
4,NaN,NaN,NaN,NaN,NaN,NaN,NaN,NaN
5,NaN,NaN,NaN,NaN,NaN,NaN,NaN,NaN
6,NaN,NaN,NaN,NaN,NaN,NaN,NaN,NaN
7,NaN,NaN,NaN,NaN,NaN,NaN,NaN,NaN
8,NaN,NaN,NaN,NaN,NaN,NaN,NaN,NaN
9,NaN,NaN,NaN,NaN,NaN,NaN,NaN,NaN
10,NaN,NaN,NaN,NaN,NaN,NaN,NaN,NaN
11,NaN,NaN,NaN,NaN,NaN,NaN,NaN,NaN
1,NaN,NaN,NaN,NaN,NaN,NaN,NaN,NaN
2,NaN,NaN,NaN,NaN,NaN,NaN,NaN,NaN
3,NaN,NaN,NaN,NaN,NaN,NaN,NaN,NaN
4,NaN,NaN,NaN,NaN,NaN,NaN,NaN,NaN
5,NaN,NaN,NaN,NaN,NaN,NaN,NaN,NaN
6,NaN,NaN,NaN,NaN,NaN,NaN,NaN,NaN
7,NaN,NaN,NaN,NaN,NaN,NaN,NaN,NaN
8,NaN,NaN,NaN,NaN,NaN,NaN,NaN,NaN
9,NaN,NaN,NaN,NaN,NaN,NaN,NaN,NaN
10,NaN,NaN,NaN,NaN,NaN,NaN,NaN,NaN
11,NaN,NaN,NaN,NaN,NaN,NaN,NaN,NaN
1,NaN,NaN,NaN,NaN,NaN,NaN,NaN,NaN
2,NaN,NaN,NaN,NaN,NaN,NaN,NaN,NaN
3,NaN,NaN,NaN,NaN,NaN,NaN,NaN,NaN
4,NaN,NaN,NaN,NaN,NaN,NaN,NaN,NaN
5,NaN,NaN,NaN,NaN,NaN,NaN,NaN,NaN
6,NaN,NaN,NaN,NaN,NaN,NaN,NaN,NaN
7,NaN,NaN,NaN,NaN,NaN,NaN,NaN,NaN
8,NaN,NaN,NaN,NaN,NaN,NaN,NaN,NaN
9,NaN,NaN,NaN,NaN,NaN,NaN,NaN,NaN
10,NaN,NaN,NaN,NaN,NaN,NaN,NaN,NaN
11,NaN,NaN,NaN,NaN,NaN,NaN,NaN,NaN
1,NaN,NaN,NaN,NaN,NaN,NaN,NaN,NaN
2,NaN,NaN,NaN,NaN,NaN,NaN,NaN,NaN
3,NaN,NaN,NaN,NaN,NaN,NaN,NaN,NaN
4,NaN,NaN,NaN,NaN,NaN,NaN,NaN,NaN
5,NaN,NaN,NaN,NaN,NaN,NaN,NaN,NaN
6,NaN,NaN,NaN,NaN,NaN,NaN,NaN,NaN
7,NaN,NaN,NaN,NaN,NaN,NaN,NaN,NaN
8,NaN,NaN,NaN,NaN,NaN,NaN,NaN,NaN
9,NaN,NaN,NaN,NaN,NaN,NaN,NaN,NaN
10,NaN,NaN,NaN,NaN,NaN,NaN,NaN,NaN
11,NaN,NaN,NaN,NaN,NaN,NaN,NaN,NaN
1,NaN,NaN,NaN,NaN,NaN,NaN,NaN,NaN
2,NaN,NaN,NaN,NaN,NaN,NaN,NaN,NaN
3,NaN,NaN,NaN,NaN,NaN,NaN,NaN,NaN
4,NaN,NaN,NaN,NaN,NaN,NaN,NaN,NaN
5,NaN,NaN,NaN,NaN,NaN,NaN,NaN,NaN
6,NaN,NaN,NaN,NaN,NaN,NaN,NaN,NaN
7,NaN,NaN,NaN,NaN,NaN,NaN,NaN,NaN
8,NaN,NaN,NaN,NaN,NaN,NaN,NaN,NaN
9,NaN,NaN,NaN,NaN,NaN,NaN,NaN,NaN
10,NaN,NaN,NaN,NaN,NaN,NaN,NaN,NaN
11,NaN,NaN,NaN,NaN,NaN,NaN,NaN,NaN
1,NaN,NaN,NaN,NaN,NaN,NaN,NaN,NaN
2,NaN,NaN,NaN,NaN,NaN,NaN,NaN,NaN
3,NaN,NaN,NaN,NaN,NaN,NaN,NaN,NaN
4,NaN,NaN,NaN,NaN,NaN,NaN,NaN,NaN
5,NaN,NaN,NaN,NaN,NaN,NaN,NaN,NaN
6,NaN,NaN,NaN,NaN,NaN,NaN,NaN,NaN
7,NaN,NaN,NaN,NaN,NaN,NaN,NaN,NaN
8,NaN,NaN,NaN,NaN,NaN,NaN,NaN,NaN
9,NaN,NaN,NaN,NaN,NaN,NaN,NaN,NaN
10,NaN,NaN,NaN,NaN,NaN,NaN,NaN,NaN
11,NaN,NaN,NaN,NaN,NaN,NaN,NaN,NaN
1,NaN,NaN,NaN,NaN,NaN,NaN,NaN,NaN
2,NaN,NaN,NaN,NaN,NaN,NaN,NaN,NaN
3,NaN,NaN,NaN,NaN,NaN,NaN,NaN,NaN
4,NaN,NaN,NaN,NaN,NaN,NaN,NaN,NaN
5,NaN,NaN,NaN,NaN,NaN,NaN,NaN,NaN
6,NaN,NaN,NaN,NaN,NaN,NaN,NaN,NaN
7,NaN,NaN,NaN,NaN,NaN,NaN,NaN,NaN
8,NaN,NaN,NaN,NaN,NaN,NaN,NaN,NaN
9,NaN,NaN,NaN,NaN,NaN,NaN,NaN,NaN
10,NaN,NaN,NaN,NaN,NaN,NaN,NaN,NaN
11,NaN,NaN,NaN,NaN,NaN,NaN,NaN,NaN
1,NaN,NaN,NaN,NaN,NaN,NaN,NaN,NaN
2,NaN,NaN,NaN,NaN,NaN,NaN,NaN,NaN
3,NaN,NaN,NaN,NaN,NaN,NaN,NaN,NaN
4,NaN,NaN,NaN,NaN,NaN,NaN,NaN,NaN
5,NaN,NaN,NaN,NaN,NaN,NaN,NaN,NaN
6,NaN,NaN,NaN,NaN,NaN,NaN,NaN,NaN
7,NaN,NaN,NaN,NaN,NaN,NaN,NaN,NaN
8,NaN,NaN,NaN,NaN,NaN,NaN,NaN,NaN
9,NaN,NaN,NaN,NaN,NaN,NaN,NaN,NaN
10,NaN,NaN,NaN,NaN,NaN,NaN,NaN,NaN
11,NaN,NaN,NaN,NaN,NaN,NaN,NaN,NaN
1,NaN,NaN,NaN,NaN,NaN,NaN,NaN,NaN
2,NaN,NaN,NaN,NaN,NaN,NaN,NaN,NaN
3,NaN,NaN,NaN,NaN,NaN,NaN,NaN,NaN
4,NaN,NaN,NaN,NaN,NaN,NaN,NaN,NaN
5,NaN,NaN,NaN,NaN,NaN,NaN,NaN,NaN
6,NaN,NaN,NaN,NaN,NaN,NaN,NaN,NaN
7,NaN,NaN,NaN,NaN,NaN,NaN,NaN,NaN
8,NaN,NaN,NaN,NaN,NaN,NaN,NaN,NaN
9,NaN,NaN,NaN,NaN,NaN,NaN,NaN,NaN
10,NaN,NaN,NaN,NaN,NaN,NaN,NaN,NaN
11,NaN,NaN,NaN,NaN,NaN,NaN,NaN,NaN
1,NaN,NaN,NaN,NaN,NaN,NaN,NaN,NaN
2,NaN,NaN,NaN,NaN,NaN,NaN,NaN,NaN
3,NaN,NaN,NaN,NaN,NaN,NaN,NaN,NaN
4,NaN,NaN,NaN,NaN,NaN,NaN,NaN,NaN
5,NaN,NaN,NaN,NaN,NaN,NaN,NaN,NaN
6,NaN,NaN,NaN,NaN,NaN,NaN,NaN,NaN
7,NaN,NaN,NaN,NaN,NaN,NaN,NaN,NaN
8,NaN,NaN,NaN,NaN,NaN,NaN,NaN,NaN
9,NaN,NaN,NaN,NaN,NaN,NaN,NaN,NaN
10,NaN,NaN,NaN,NaN,NaN,NaN,NaN,NaN
11,NaN,NaN,NaN,NaN,NaN,NaN,NaN,NaN
1,NaN,NaN,NaN,NaN,NaN,NaN,NaN,NaN
2,NaN,NaN,NaN,NaN,NaN,NaN,NaN,NaN
3,NaN,NaN,NaN,NaN,NaN,NaN,NaN,NaN
4,NaN,NaN,NaN,NaN,NaN,NaN,NaN,NaN
5,NaN,NaN,NaN,NaN,NaN,NaN,NaN,NaN
6,NaN,NaN,NaN,NaN,NaN,NaN,NaN,NaN
7,NaN,NaN,NaN,NaN,NaN,NaN,NaN,NaN
8,NaN,NaN,NaN,NaN,NaN,NaN,NaN,NaN
9,NaN,NaN,NaN,NaN,NaN,NaN,NaN,NaN
10,NaN,NaN,NaN,NaN,NaN,NaN,NaN,NaN
11,NaN,NaN,NaN,NaN,NaN,NaN,NaN,NaN
1,NaN,NaN,NaN,NaN,NaN,NaN,NaN,NaN
2,NaN,NaN,NaN,NaN,NaN,NaN,NaN,NaN
3,NaN,NaN,NaN,NaN,NaN,NaN,NaN,NaN
4,NaN,NaN,NaN,NaN,NaN,NaN,NaN,NaN
5,NaN,NaN,NaN,NaN,NaN,NaN,NaN,NaN
6,NaN,NaN,NaN,NaN,NaN,NaN,NaN,NaN
7,NaN,NaN,NaN,NaN,NaN,NaN,NaN,NaN
8,NaN,NaN,NaN,NaN,NaN,NaN,NaN,NaN
9,NaN,NaN,NaN,NaN,NaN,NaN,NaN,NaN
10,NaN,NaN,NaN,NaN,NaN,NaN,NaN,NaN
11,NaN,NaN,NaN,NaN,NaN,NaN,NaN,NaN
1,NaN,NaN,NaN,NaN,NaN,NaN,NaN,NaN
2,NaN,NaN,NaN,NaN,NaN,NaN,NaN,NaN
3,NaN,NaN,NaN,NaN,NaN,NaN,NaN,NaN
4,NaN,NaN,NaN,NaN,NaN,NaN,NaN,NaN
5,NaN,NaN,NaN,NaN,NaN,NaN,NaN,NaN
6,NaN,NaN,NaN,NaN,NaN,NaN,NaN,NaN
7,NaN,NaN,NaN,NaN,NaN,NaN,NaN,NaN
8,NaN,NaN,NaN,NaN,NaN,NaN,NaN,NaN
9,NaN,NaN,NaN,NaN,NaN,NaN,NaN,NaN
10,NaN,NaN,NaN,NaN,NaN,NaN,NaN,NaN
11,NaN,NaN,NaN,NaN,NaN,NaN,NaN,NaN
1,NaN,NaN,NaN,NaN,NaN,NaN,NaN,NaN
2,NaN,NaN,NaN,NaN,NaN,NaN,NaN,NaN
3,NaN,NaN,NaN,NaN,NaN,NaN,NaN,NaN
4,NaN,NaN,NaN,NaN,NaN,NaN,NaN,NaN
5,NaN,NaN,NaN,NaN,NaN,NaN,NaN,NaN
6,NaN,NaN,NaN,NaN,NaN,NaN,NaN,NaN
7,NaN,NaN,NaN,NaN,NaN,NaN,NaN,NaN
8,NaN,NaN,NaN,NaN,NaN,NaN,NaN,NaN
9,NaN,NaN,NaN,NaN,NaN,NaN,NaN,NaN
10,NaN,NaN,NaN,NaN,NaN,NaN,NaN,NaN
11,NaN,NaN,NaN,NaN,NaN,NaN,NaN,NaN
1,NaN,NaN,NaN,NaN,NaN,NaN,NaN,NaN
2,NaN,NaN,NaN,NaN,NaN,NaN,NaN,NaN
3,NaN,NaN,NaN,NaN,NaN,NaN,NaN,NaN
4,NaN,NaN,NaN,NaN,NaN,NaN,NaN,NaN
5,NaN,NaN,NaN,NaN,NaN,NaN,NaN,NaN
6,NaN,NaN,NaN,NaN,NaN,NaN,NaN,NaN
7,NaN,NaN,NaN,NaN,NaN,NaN,NaN,NaN
8,NaN,NaN,NaN,NaN,NaN,NaN,NaN,NaN
9,NaN,NaN,NaN,NaN,NaN,NaN,NaN,NaN
10,NaN,NaN,NaN,NaN,NaN,NaN,NaN,NaN
11,NaN,NaN,NaN,NaN,NaN,NaN,NaN,NaN
1,NaN,NaN,NaN,NaN,NaN,NaN,NaN,NaN
2,NaN,NaN,NaN,NaN,NaN,NaN,NaN,NaN
3,NaN,NaN,NaN,NaN,NaN,NaN,NaN,NaN
4,NaN,NaN,NaN,NaN,NaN,NaN,NaN,NaN
5,NaN,NaN,NaN,NaN,NaN,NaN,NaN,NaN
6,NaN,NaN,NaN,NaN,NaN,NaN,NaN,NaN
7,NaN,NaN,NaN,NaN,NaN,NaN,NaN,NaN
8,NaN,NaN,NaN,NaN,NaN,NaN,NaN,NaN
9,NaN,NaN,NaN,NaN,NaN,NaN,NaN,NaN
10,NaN,NaN,NaN,NaN,NaN,NaN,NaN,NaN
11,NaN,NaN,NaN,NaN,NaN,NaN,NaN,NaN
1,NaN,NaN,NaN,NaN,NaN,NaN,NaN,NaN
2,NaN,NaN,NaN,NaN,NaN,NaN,NaN,NaN
3,NaN,NaN,NaN,NaN,NaN,NaN,NaN,NaN
4,NaN,NaN,NaN,NaN,NaN,NaN,NaN,NaN
5,NaN,NaN,NaN,NaN,NaN,NaN,NaN,NaN
6,NaN,NaN,NaN,NaN,NaN,NaN,NaN,NaN
7,NaN,NaN,NaN,NaN,NaN,NaN,NaN,NaN
8,NaN,NaN,NaN,NaN,NaN,NaN,NaN,NaN
9,NaN,NaN,NaN,NaN,NaN,NaN,NaN,NaN
10,NaN,NaN,NaN,NaN,NaN,NaN,NaN,NaN
11,NaN,NaN,NaN,NaN,NaN,NaN,NaN,NaN
1,NaN,NaN,NaN,NaN,NaN,NaN,NaN,NaN
2,NaN,NaN,NaN,NaN,NaN,NaN,NaN,NaN
3,NaN,NaN,NaN,NaN,NaN,NaN,NaN,NaN
4,NaN,NaN,NaN,NaN,NaN,NaN,NaN,NaN
5,NaN,NaN,NaN,NaN,NaN,NaN,NaN,NaN
6,NaN,NaN,NaN,NaN,NaN,NaN,NaN,NaN
7,NaN,NaN,NaN,NaN,NaN,NaN,NaN,NaN
8,NaN,NaN,NaN,NaN,NaN,NaN,NaN,NaN
9,NaN,NaN,NaN,NaN,NaN,NaN,NaN,NaN
10,NaN,NaN,NaN,NaN,NaN,NaN,NaN,NaN
11,NaN,NaN,NaN,NaN,NaN,NaN,NaN,NaN
1,NaN,NaN,NaN,NaN,NaN,NaN,NaN,NaN
2,NaN,NaN,NaN,NaN,NaN,NaN,NaN,NaN
3,NaN,NaN,NaN,NaN,NaN,NaN,NaN,NaN
4,NaN,NaN,NaN,NaN,NaN,NaN,NaN,NaN
5,NaN,NaN,NaN,NaN,NaN,NaN,NaN,NaN
6,NaN,NaN,NaN,NaN,NaN,NaN,NaN,NaN
7,NaN,NaN,NaN,NaN,NaN,NaN,NaN,NaN
8,NaN,NaN,NaN,NaN,NaN,NaN,NaN,NaN
9,NaN,NaN,NaN,NaN,NaN,NaN,NaN,NaN
10,NaN,NaN,NaN,NaN,NaN,NaN,NaN,NaN
11,NaN,NaN,NaN,NaN,NaN,NaN,NaN,NaN
1,NaN,NaN,NaN,NaN,NaN,NaN,NaN,NaN
2,NaN,NaN,NaN,NaN,NaN,NaN,NaN,NaN
3,NaN,NaN,NaN,NaN,NaN,NaN,NaN,NaN
4,NaN,NaN,NaN,NaN,NaN,NaN,NaN,NaN
5,NaN,NaN,NaN,NaN,NaN,NaN,NaN,NaN
6,NaN,NaN,NaN,NaN,NaN,NaN,NaN,NaN
7,NaN,NaN,NaN,NaN,NaN,NaN,NaN,NaN
8,NaN,NaN,NaN,NaN,NaN,NaN,NaN,NaN
9,NaN,NaN,NaN,NaN,NaN,NaN,NaN,NaN
10,NaN,NaN,NaN,NaN,NaN,NaN,NaN,NaN
11,NaN,NaN,NaN,NaN,NaN,NaN,NaN,NaN
1,NaN,NaN,NaN,NaN,NaN,NaN,NaN,NaN
2,NaN,NaN,NaN,NaN,NaN,NaN,NaN,NaN
3,NaN,NaN,NaN,NaN,NaN,NaN,NaN,NaN
4,NaN,NaN,NaN,NaN,NaN,NaN,NaN,NaN
5,NaN,NaN,NaN,NaN,NaN,NaN,NaN,NaN
6,NaN,NaN,NaN,NaN,NaN,NaN,NaN,NaN
7,NaN,NaN,NaN,NaN,NaN,NaN,NaN,NaN
8,NaN,NaN,NaN,NaN,NaN,NaN,NaN,NaN
9,NaN,NaN,NaN,NaN,NaN,NaN,NaN,NaN
10,NaN,NaN,NaN,NaN,NaN,NaN,NaN,NaN
11,NaN,NaN,NaN,NaN,NaN,NaN,NaN,NaN
1,NaN,NaN,NaN,NaN,NaN,NaN,NaN,NaN
2,NaN,NaN,NaN,NaN,NaN,NaN,NaN,NaN
3,NaN,NaN,NaN,NaN,NaN,NaN,NaN,NaN
4,NaN,NaN,NaN,NaN,NaN,NaN,NaN,NaN
5,NaN,NaN,NaN,NaN,NaN,NaN,NaN,NaN
6,NaN,NaN,NaN,NaN,NaN,NaN,NaN,NaN
7,NaN,NaN,NaN,NaN,NaN,NaN,NaN,NaN
8,NaN,NaN,NaN,NaN,NaN,NaN,NaN,NaN
9,NaN,NaN,NaN,NaN,NaN,NaN,NaN,NaN
10,NaN,NaN,NaN,NaN,NaN,NaN,NaN,NaN
11,NaN,NaN,NaN,NaN,NaN,NaN,NaN,NaN
1,NaN,NaN,NaN,NaN,NaN,NaN,NaN,NaN
2,NaN,NaN,NaN,NaN,NaN,NaN,NaN,NaN
3,NaN,NaN,NaN,NaN,NaN,NaN,NaN,NaN
4,NaN,NaN,NaN,NaN,NaN,NaN,NaN,NaN
5,NaN,NaN,NaN,NaN,NaN,NaN,NaN,NaN
6,NaN,NaN,NaN,NaN,NaN,NaN,NaN,NaN
7,NaN,NaN,NaN,NaN,NaN,NaN,NaN,NaN
8,NaN,NaN,NaN,NaN,NaN,NaN,NaN,NaN
9,NaN,NaN,NaN,NaN,NaN,NaN,NaN,NaN
10,NaN,NaN,NaN,NaN,NaN,NaN,NaN,NaN
11,NaN,NaN,NaN,NaN,NaN,NaN,NaN,NaN
1,NaN,NaN,NaN,NaN,NaN,NaN,NaN,NaN
2,NaN,NaN,NaN,NaN,NaN,NaN,NaN,NaN
3,NaN,NaN,NaN,NaN,NaN,NaN,NaN,NaN
4,NaN,NaN,NaN,NaN,NaN,NaN,NaN,NaN
5,NaN,NaN,NaN,NaN,NaN,NaN,NaN,NaN
6,NaN,NaN,NaN,NaN,NaN,NaN,NaN,NaN
7,NaN,NaN,NaN,NaN,NaN,NaN,NaN,NaN
8,NaN,NaN,NaN,NaN,NaN,NaN,NaN,NaN
9,NaN,NaN,NaN,NaN,NaN,NaN,NaN,NaN
10,NaN,NaN,NaN,NaN,NaN,NaN,NaN,NaN
11,NaN,NaN,NaN,NaN,NaN,NaN,NaN,NaN
1,NaN,NaN,NaN,NaN,NaN,NaN,NaN,NaN
2,NaN,NaN,NaN,NaN,NaN,NaN,NaN,NaN
3,NaN,NaN,NaN,NaN,NaN,NaN,NaN,NaN
4,NaN,NaN,NaN,NaN,NaN,NaN,NaN,NaN
5,NaN,NaN,NaN,NaN,NaN,NaN,NaN,NaN
6,NaN,NaN,NaN,NaN,NaN,NaN,NaN,NaN
7,NaN,NaN,NaN,NaN,NaN,NaN,NaN,NaN
8,NaN,NaN,NaN,NaN,NaN,NaN,NaN,NaN
9,NaN,NaN,NaN,NaN,NaN,NaN,NaN,NaN
10,NaN,NaN,NaN,NaN,NaN,NaN,NaN,NaN
11,NaN,NaN,NaN,NaN,NaN,NaN,NaN,NaN
1,NaN,NaN,NaN,NaN,NaN,NaN,NaN,NaN
2,NaN,NaN,NaN,NaN,NaN,NaN,NaN,NaN
3,NaN,NaN,NaN,NaN,NaN,NaN,NaN,NaN
4,NaN,NaN,NaN,NaN,NaN,NaN,NaN,NaN
5,NaN,NaN,NaN,NaN,NaN,NaN,NaN,NaN
6,NaN,NaN,NaN,NaN,NaN,NaN,NaN,NaN
7,NaN,NaN,NaN,NaN,NaN,NaN,NaN,NaN
8,NaN,NaN,NaN,NaN,NaN,NaN,NaN,NaN
9,NaN,NaN,NaN,NaN,NaN,NaN,NaN,NaN
10,NaN,NaN,NaN,NaN,NaN,NaN,NaN,NaN
11,NaN,NaN,NaN,NaN,NaN,NaN,NaN,NaN
1,NaN,NaN,NaN,NaN,NaN,NaN,NaN,NaN
2,NaN,NaN,NaN,NaN,NaN,NaN,NaN,NaN
3,NaN,NaN,NaN,NaN,NaN,NaN,NaN,NaN
4,NaN,NaN,NaN,NaN,NaN,NaN,NaN,NaN
5,NaN,NaN,NaN,NaN,NaN,NaN,NaN,NaN
6,NaN,NaN,NaN,NaN,NaN,NaN,NaN,NaN
7,NaN,NaN,NaN,NaN,NaN,NaN,NaN,NaN
8,NaN,NaN,NaN,NaN,NaN,NaN,NaN,NaN
9,NaN,NaN,NaN,NaN,NaN,NaN,NaN,NaN
10,NaN,NaN,NaN,NaN,NaN,NaN,NaN,NaN
11,NaN,NaN,NaN,NaN,NaN,NaN,NaN,NaN
1,NaN,NaN,NaN,NaN,NaN,NaN,NaN,NaN
2,NaN,NaN,NaN,NaN,NaN,NaN,NaN,NaN
3,NaN,NaN,NaN,NaN,NaN,NaN,NaN,NaN
4,NaN,NaN,NaN,NaN,NaN,NaN,NaN,NaN
5,NaN,NaN,NaN,NaN,NaN,NaN,NaN,NaN
6,NaN,NaN,NaN,NaN,NaN,NaN,NaN,NaN
7,NaN,NaN,NaN,NaN,NaN,NaN,NaN,NaN
8,NaN,NaN,NaN,NaN,NaN,NaN,NaN,NaN
9,NaN,NaN,NaN,NaN,NaN,NaN,NaN,NaN
10,NaN,NaN,NaN,NaN,NaN,NaN,NaN,NaN
11,NaN,NaN,NaN,NaN,NaN,NaN,NaN,NaN
1,NaN,NaN,NaN,NaN,NaN,NaN,NaN,NaN
2,NaN,NaN,NaN,NaN,NaN,NaN,NaN,NaN
3,NaN,NaN,NaN,NaN,NaN,NaN,NaN,NaN
4,NaN,NaN,NaN,NaN,NaN,NaN,NaN,NaN
5,NaN,NaN,NaN,NaN,NaN,NaN,NaN,NaN
6,NaN,NaN,NaN,NaN,NaN,NaN,NaN,NaN
7,NaN,NaN,NaN,NaN,NaN,NaN,NaN,NaN
8,NaN,NaN,NaN,NaN,NaN,NaN,NaN,NaN
9,NaN,NaN,NaN,NaN,NaN,NaN,NaN,NaN
10,NaN,NaN,NaN,NaN,NaN,NaN,NaN,NaN
11,NaN,NaN,NaN,NaN,NaN,NaN,NaN,NaN
1,NaN,NaN,NaN,NaN,NaN,NaN,NaN,NaN
2,NaN,NaN,NaN,NaN,NaN,NaN,NaN,NaN
3,NaN,NaN,NaN,NaN,NaN,NaN,NaN,NaN
4,NaN,NaN,NaN,NaN,NaN,NaN,NaN,NaN
5,NaN,NaN,NaN,NaN,NaN,NaN,NaN,NaN
6,NaN,NaN,NaN,NaN,NaN,NaN,NaN,NaN
7,NaN,NaN,NaN,NaN,NaN,NaN,NaN,NaN
8,NaN,NaN,NaN,NaN,NaN,NaN,NaN,NaN
9,NaN,NaN,NaN,NaN,NaN,NaN,NaN,NaN
10,NaN,NaN,NaN,NaN,NaN,NaN,NaN,NaN
11,NaN,NaN,NaN,NaN,NaN,NaN,NaN,NaN
1,NaN,NaN,NaN,NaN,NaN,NaN,NaN,NaN
2,NaN,NaN,NaN,NaN,NaN,NaN,NaN,NaN
3,NaN,NaN,NaN,NaN,NaN,NaN,NaN,NaN
4,NaN,NaN,NaN,NaN,NaN,NaN,NaN,NaN
5,NaN,NaN,NaN,NaN,NaN,NaN,NaN,NaN
6,NaN,NaN,NaN,NaN,NaN,NaN,NaN,NaN
7,NaN,NaN,NaN,NaN,NaN,NaN,NaN,NaN
8,NaN,NaN,NaN,NaN,NaN,NaN,NaN,NaN
9,NaN,NaN,NaN,NaN,NaN,NaN,NaN,NaN
10,NaN,NaN,NaN,NaN,NaN,NaN,NaN,NaN
11,NaN,NaN,NaN,NaN,NaN,NaN,NaN,NaN
1,NaN,NaN,NaN,NaN,NaN,NaN,NaN,NaN
2,NaN,NaN,NaN,NaN,NaN,NaN,NaN,NaN
3,NaN,NaN,NaN,NaN,NaN,NaN,NaN,NaN
4,NaN,NaN,NaN,NaN,NaN,NaN,NaN,NaN
5,NaN,NaN,NaN,NaN,NaN,NaN,NaN,NaN
6,NaN,NaN,NaN,NaN,NaN,NaN,NaN,NaN
7,NaN,NaN,NaN,NaN,NaN,NaN,NaN,NaN
8,NaN,NaN,NaN,NaN,NaN,NaN,NaN,NaN
9,NaN,NaN,NaN,NaN,NaN,NaN,NaN,NaN
10,NaN,NaN,NaN,NaN,NaN,NaN,NaN,NaN
11,NaN,NaN,NaN,NaN,NaN,NaN,NaN,NaN
1,NaN,NaN,NaN,NaN,NaN,NaN,NaN,NaN
2,NaN,NaN,NaN,NaN,NaN,NaN,NaN,NaN
3,NaN,NaN,NaN,NaN,NaN,NaN,NaN,NaN
4,NaN,NaN,NaN,NaN,NaN,NaN,NaN,NaN
5,NaN,NaN,NaN,NaN,NaN,NaN,NaN,NaN
6,NaN,NaN,NaN,NaN,NaN,NaN,NaN,NaN
7,NaN,NaN,NaN,NaN,NaN,NaN,NaN,NaN
8,NaN,NaN,NaN,NaN,NaN,NaN,NaN,NaN
9,NaN,NaN,NaN,NaN,NaN,NaN,NaN,NaN
10,NaN,NaN,NaN,NaN,NaN,NaN,NaN,NaN
11,NaN,NaN,NaN,NaN,NaN,NaN,NaN,NaN
1,NaN,NaN,NaN,NaN,NaN,NaN,NaN,NaN
2,NaN,NaN,NaN,NaN,NaN,NaN,NaN,NaN
3,NaN,NaN,NaN,NaN,NaN,NaN,NaN,NaN
4,NaN,NaN,NaN,NaN,NaN,NaN,NaN,NaN
5,NaN,NaN,NaN,NaN,NaN,NaN,NaN,NaN
6,NaN,NaN,NaN,NaN,NaN,NaN,NaN,NaN
7,NaN,NaN,NaN,NaN,NaN,NaN,NaN,NaN
8,NaN,NaN,NaN,NaN,NaN,NaN,NaN,NaN
9,NaN,NaN,NaN,NaN,NaN,NaN,NaN,NaN
10,NaN,NaN,NaN,NaN,NaN,NaN,NaN,NaN
11,NaN,NaN,NaN,NaN,NaN,NaN,NaN,NaN
1,NaN,NaN,NaN,NaN,NaN,NaN,NaN,NaN
2,NaN,NaN,NaN,NaN,NaN,NaN,NaN,NaN
3,NaN,NaN,NaN,NaN,NaN,NaN,NaN,NaN
4,NaN,NaN,NaN,NaN,NaN,NaN,NaN,NaN
5,NaN,NaN,NaN,NaN,NaN,NaN,NaN,NaN
6,NaN,NaN,NaN,NaN,NaN,NaN,NaN,NaN
7,NaN,NaN,NaN,NaN,NaN,NaN,NaN,NaN
8,NaN,NaN,NaN,NaN,NaN,NaN,NaN,NaN
9,NaN,NaN,NaN,NaN,NaN,NaN,NaN,NaN
10,NaN,NaN,NaN,NaN,NaN,NaN,NaN,NaN
11,NaN,NaN,NaN,NaN,NaN,NaN,NaN,NaN
1,NaN,NaN,NaN,NaN,NaN,NaN,NaN,NaN
2,NaN,NaN,NaN,NaN,NaN,NaN,NaN,NaN
3,NaN,NaN,NaN,NaN,NaN,NaN,NaN,NaN
4,NaN,NaN,NaN,NaN,NaN,NaN,NaN,NaN
5,NaN,NaN,NaN,NaN,NaN,NaN,NaN,NaN
6,NaN,NaN,NaN,NaN,NaN,NaN,NaN,NaN
7,NaN,NaN,NaN,NaN,NaN,NaN,NaN,NaN
8,NaN,NaN,NaN,NaN,NaN,NaN,NaN,NaN
9,NaN,NaN,NaN,NaN,NaN,NaN,NaN,NaN
10,NaN,NaN,NaN,NaN,NaN,NaN,NaN,NaN
11,NaN,NaN,NaN,NaN,NaN,NaN,NaN,NaN
1,NaN,NaN,NaN,NaN,NaN,NaN,NaN,NaN
2,NaN,NaN,NaN,NaN,NaN,NaN,NaN,NaN
3,NaN,NaN,NaN,NaN,NaN,NaN,NaN,NaN
4,NaN,NaN,NaN,NaN,NaN,NaN,NaN,NaN
5,NaN,NaN,NaN,NaN,NaN,NaN,NaN,NaN
6,NaN,NaN,NaN,NaN,NaN,NaN,NaN,NaN
7,NaN,NaN,NaN,NaN,NaN,NaN,NaN,NaN
8,NaN,NaN,NaN,NaN,NaN,NaN,NaN,NaN
9,NaN,NaN,NaN,NaN,NaN,NaN,NaN,NaN
10,NaN,NaN,NaN,NaN,NaN,NaN,NaN,NaN
11,NaN,NaN,NaN,NaN,NaN,NaN,NaN,NaN
1,NaN,NaN,NaN,NaN,NaN,NaN,NaN,NaN
2,NaN,NaN,NaN,NaN,NaN,NaN,NaN,NaN
3,NaN,NaN,NaN,NaN,NaN,NaN,NaN,NaN
4,NaN,NaN,NaN,NaN,NaN,NaN,NaN,NaN
5,NaN,NaN,NaN,NaN,NaN,NaN,NaN,NaN
6,NaN,NaN,NaN,NaN,NaN,NaN,NaN,NaN
7,NaN,NaN,NaN,NaN,NaN,NaN,NaN,NaN
8,NaN,NaN,NaN,NaN,NaN,NaN,NaN,NaN
9,NaN,NaN,NaN,NaN,NaN,NaN,NaN,NaN
10,NaN,NaN,NaN,NaN,NaN,NaN,NaN,NaN
11,NaN,NaN,NaN,NaN,NaN,NaN,NaN,NaN
1,NaN,NaN,NaN,NaN,NaN,NaN,NaN,NaN
2,NaN,NaN,NaN,NaN,NaN,NaN,NaN,NaN
3,NaN,NaN,NaN,NaN,NaN,NaN,NaN,NaN
4,NaN,NaN,NaN,NaN,NaN,NaN,NaN,NaN
5,NaN,NaN,NaN,NaN,NaN,NaN,NaN,NaN
6,NaN,NaN,NaN,NaN,NaN,NaN,NaN,NaN
7,NaN,NaN,NaN,NaN,NaN,NaN,NaN,NaN
8,NaN,NaN,NaN,NaN,NaN,NaN,NaN,NaN
9,NaN,NaN,NaN,NaN,NaN,NaN,NaN,NaN
10,NaN,NaN,NaN,NaN,NaN,NaN,NaN,NaN
11,NaN,NaN,NaN,NaN,NaN,NaN,NaN,NaN
1,NaN,NaN,NaN,NaN,NaN,NaN,NaN,NaN
2,NaN,NaN,NaN,NaN,NaN,NaN,NaN,NaN
3,NaN,NaN,NaN,NaN,NaN,NaN,NaN,NaN
4,NaN,NaN,NaN,NaN,NaN,NaN,NaN,NaN
5,NaN,NaN,NaN,NaN,NaN,NaN,NaN,NaN
6,NaN,NaN,NaN,NaN,NaN,NaN,NaN,NaN
7,NaN,NaN,NaN,NaN,NaN,NaN,NaN,NaN
8,NaN,NaN,NaN,NaN,NaN,NaN,NaN,NaN
9,NaN,NaN,NaN,NaN,NaN,NaN,NaN,NaN
10,NaN,NaN,NaN,NaN,NaN,NaN,NaN,NaN
11,NaN,NaN,NaN,NaN,NaN,NaN,NaN,NaN
1,NaN,NaN,NaN,NaN,NaN,NaN,NaN,NaN
2,NaN,NaN,NaN,NaN,NaN,NaN,NaN,NaN
3,NaN,NaN,NaN,NaN,NaN,NaN,NaN,NaN
4,NaN,NaN,NaN,NaN,NaN,NaN,NaN,NaN
5,NaN,NaN,NaN,NaN,NaN,NaN,NaN,NaN
6,NaN,NaN,NaN,NaN,NaN,NaN,NaN,NaN
7,NaN,NaN,NaN,NaN,NaN,NaN,NaN,NaN
8,NaN,NaN,NaN,NaN,NaN,NaN,NaN,NaN
9,NaN,NaN,NaN,NaN,NaN,NaN,NaN,NaN
10,NaN,NaN,NaN,NaN,NaN,NaN,NaN,NaN
11,NaN,NaN,NaN,NaN,NaN,NaN,NaN,NaN
1,NaN,NaN,NaN,NaN,NaN,NaN,NaN,NaN
2,NaN,NaN,NaN,NaN,NaN,NaN,NaN,NaN
3,NaN,NaN,NaN,NaN,NaN,NaN,NaN,NaN
4,NaN,NaN,NaN,NaN,NaN,NaN,NaN,NaN
5,NaN,NaN,NaN,NaN,NaN,NaN,NaN,NaN
6,NaN,NaN,NaN,NaN,NaN,NaN,NaN,NaN
7,NaN,NaN,NaN,NaN,NaN,NaN,NaN,NaN
8,NaN,NaN,NaN,NaN,NaN,NaN,NaN,NaN
9,NaN,NaN,NaN,NaN,NaN,NaN,NaN,NaN
10,NaN,NaN,NaN,NaN,NaN,NaN,NaN,NaN
11,NaN,NaN,NaN,NaN,NaN,NaN,NaN,NaN
1,NaN,NaN,NaN,NaN,NaN,NaN,NaN,NaN
2,NaN,NaN,NaN,NaN,NaN,NaN,NaN,NaN
3,NaN,NaN,NaN,NaN,NaN,NaN,NaN,NaN
4,NaN,NaN,NaN,NaN,NaN,NaN,NaN,NaN
5,NaN,NaN,NaN,NaN,NaN,NaN,NaN,NaN
6,NaN,NaN,NaN,NaN,NaN,NaN,NaN,NaN
7,NaN,NaN,NaN,NaN,NaN,NaN,NaN,NaN
8,NaN,NaN,NaN,NaN,NaN,NaN,NaN,NaN
9,NaN,NaN,NaN,NaN,NaN,NaN,NaN,NaN
10,NaN,NaN,NaN,NaN,NaN,NaN,NaN,NaN
11,NaN,NaN,NaN,NaN,NaN,NaN,NaN,NaN
1,NaN,NaN,NaN,NaN,NaN,NaN,NaN,NaN
2,NaN,NaN,NaN,NaN,NaN,NaN,NaN,NaN
3,NaN,NaN,NaN,NaN,NaN,NaN,NaN,NaN
4,NaN,NaN,NaN,NaN,NaN,NaN,NaN,NaN
5,NaN,NaN,NaN,NaN,NaN,NaN,NaN,NaN
6,NaN,NaN,NaN,NaN,NaN,NaN,NaN,NaN
7,NaN,NaN,NaN,NaN,NaN,NaN,NaN,NaN
8,NaN,NaN,NaN,NaN,NaN,NaN,NaN,NaN
9,NaN,NaN,NaN,NaN,NaN,NaN,NaN,NaN
10,NaN,NaN,NaN,NaN,NaN,NaN,NaN,NaN
11,NaN,NaN,NaN,NaN,NaN,NaN,NaN,NaN
1,NaN,NaN,NaN,NaN,NaN,NaN,NaN,NaN
2,NaN,NaN,NaN,NaN,NaN,NaN,NaN,NaN
3,NaN,NaN,NaN,NaN,NaN,NaN,NaN,NaN
4,NaN,NaN,NaN,NaN,NaN,NaN,NaN,NaN
5,NaN,NaN,NaN,NaN,NaN,NaN,NaN,NaN
6,NaN,NaN,NaN,NaN,NaN,NaN,NaN,NaN
7,NaN,NaN,NaN,NaN,NaN,NaN,NaN,NaN
8,NaN,NaN,NaN,NaN,NaN,NaN,NaN,NaN
9,NaN,NaN,NaN,NaN,NaN,NaN,NaN,NaN
10,NaN,NaN,NaN,NaN,NaN,NaN,NaN,NaN
11,NaN,NaN,NaN,NaN,NaN,NaN,NaN,NaN
1,NaN,NaN,NaN,NaN,NaN,NaN,NaN,NaN
2,NaN,NaN,NaN,NaN,NaN,NaN,NaN,NaN
3,NaN,NaN,NaN,NaN,NaN,NaN,NaN,NaN
4,NaN,NaN,NaN,NaN,NaN,NaN,NaN,NaN
5,NaN,NaN,NaN,NaN,NaN,NaN,NaN,NaN
6,NaN,NaN,NaN,NaN,NaN,NaN,NaN,NaN
7,NaN,NaN,NaN,NaN,NaN,NaN,NaN,NaN
8,NaN,NaN,NaN,NaN,NaN,NaN,NaN,NaN
9,NaN,NaN,NaN,NaN,NaN,NaN,NaN,NaN
10,NaN,NaN,NaN,NaN,NaN,NaN,NaN,NaN
11,NaN,NaN,NaN,NaN,NaN,NaN,NaN,NaN
1,NaN,NaN,NaN,NaN,NaN,NaN,NaN,NaN
2,NaN,NaN,NaN,NaN,NaN,NaN,NaN,NaN
3,NaN,NaN,NaN,NaN,NaN,NaN,NaN,NaN
4,NaN,NaN,NaN,NaN,NaN,NaN,NaN,NaN
5,NaN,NaN,NaN,NaN,NaN,NaN,NaN,NaN
6,NaN,NaN,NaN,NaN,NaN,NaN,NaN,NaN
7,NaN,NaN,NaN,NaN,NaN,NaN,NaN,NaN
8,NaN,NaN,NaN,NaN,NaN,NaN,NaN,NaN
9,NaN,NaN,NaN,NaN,NaN,NaN,NaN,NaN
10,NaN,NaN,NaN,NaN,NaN,NaN,NaN,NaN
11,NaN,NaN,NaN,NaN,NaN,NaN,NaN,NaN
1,NaN,NaN,NaN,NaN,NaN,NaN,NaN,NaN
2,NaN,NaN,NaN,NaN,NaN,NaN,NaN,NaN
3,NaN,NaN,NaN,NaN,NaN,NaN,NaN,NaN
4,NaN,NaN,NaN,NaN,NaN,NaN,NaN,NaN
5,NaN,NaN,NaN,NaN,NaN,NaN,NaN,NaN
6,NaN,NaN,NaN,NaN,NaN,NaN,NaN,NaN
7,NaN,NaN,NaN,NaN,NaN,NaN,NaN,NaN
8,NaN,NaN,NaN,NaN,NaN,NaN,NaN,NaN
9,NaN,NaN,NaN,NaN,NaN,NaN,NaN,NaN
10,NaN,NaN,NaN,NaN,NaN,NaN,NaN,NaN
11,NaN,NaN,NaN,NaN,NaN,NaN,NaN,NaN
1,NaN,NaN,NaN,NaN,NaN,NaN,NaN,NaN
2,NaN,NaN,NaN,NaN,NaN,NaN,NaN,NaN
3,NaN,NaN,NaN,NaN,NaN,NaN,NaN,NaN
4,NaN,NaN,NaN,NaN,NaN,NaN,NaN,NaN
5,NaN,NaN,NaN,NaN,NaN,NaN,NaN,NaN
6,NaN,NaN,NaN,NaN,NaN,NaN,NaN,NaN
7,NaN,NaN,NaN,NaN,NaN,NaN,NaN,NaN
8,NaN,NaN,NaN,NaN,NaN,NaN,NaN,NaN
9,NaN,NaN,NaN,NaN,NaN,NaN,NaN,NaN
10,NaN,NaN,NaN,NaN,NaN,NaN,NaN,NaN
11,NaN,NaN,NaN,NaN,NaN,NaN,NaN,NaN
1,NaN,NaN,NaN,NaN,NaN,NaN,NaN,NaN
2,NaN,NaN,NaN,NaN,NaN,NaN,NaN,NaN
3,NaN,NaN,NaN,NaN,NaN,NaN,NaN,NaN
4,NaN,NaN,NaN,NaN,NaN,NaN,NaN,NaN
5,NaN,NaN,NaN,NaN,NaN,NaN,NaN,NaN
6,NaN,NaN,NaN,NaN,NaN,NaN,NaN,NaN
7,NaN,NaN,NaN,NaN,NaN,NaN,NaN,NaN
8,NaN,NaN,NaN,NaN,NaN,NaN,NaN,NaN
9,NaN,NaN,NaN,NaN,NaN,NaN,NaN,NaN
10,NaN,NaN,NaN,NaN,NaN,NaN,NaN,NaN
11,NaN,NaN,NaN,NaN,NaN,NaN,NaN,NaN
1,NaN,NaN,NaN,NaN,NaN,NaN,NaN,NaN
2,NaN,NaN,NaN,NaN,NaN,NaN,NaN,NaN
3,NaN,NaN,NaN,NaN,NaN,NaN,NaN,NaN
4,NaN,NaN,NaN,NaN,NaN,NaN,NaN,NaN
5,NaN,NaN,NaN,NaN,NaN,NaN,NaN,NaN
6,NaN,NaN,NaN,NaN,NaN,NaN,NaN,NaN
7,NaN,NaN,NaN,NaN,NaN,NaN,NaN,NaN
8,NaN,NaN,NaN,NaN,NaN,NaN,NaN,NaN
9,NaN,NaN,NaN,NaN,NaN,NaN,NaN,NaN
10,NaN,NaN,NaN,NaN,NaN,NaN,NaN,NaN
11,NaN,NaN,NaN,NaN,NaN,NaN,NaN,NaN
1,NaN,NaN,NaN,NaN,NaN,NaN,NaN,NaN
2,NaN,NaN,NaN,NaN,NaN,NaN,NaN,NaN
3,NaN,NaN,NaN,NaN,NaN,NaN,NaN,NaN
4,NaN,NaN,NaN,NaN,NaN,NaN,NaN,NaN
5,NaN,NaN,NaN,NaN,NaN,NaN,NaN,NaN
6,NaN,NaN,NaN,NaN,NaN,NaN,NaN,NaN
7,NaN,NaN,NaN,NaN,NaN,NaN,NaN,NaN
8,NaN,NaN,NaN,NaN,NaN,NaN,NaN,NaN
9,NaN,NaN,NaN,NaN,NaN,NaN,NaN,NaN
10,NaN,NaN,NaN,NaN,NaN,NaN,NaN,NaN
11,NaN,NaN,NaN,NaN,NaN,NaN,NaN,NaN
1,NaN,NaN,NaN,NaN,NaN,NaN,NaN,NaN
2,NaN,NaN,NaN,NaN,NaN,NaN,NaN,NaN
3,NaN,NaN,NaN,NaN,NaN,NaN,NaN,NaN
4,NaN,NaN,NaN,NaN,NaN,NaN,NaN,NaN
5,NaN,NaN,NaN,NaN,NaN,NaN,NaN,NaN
6,NaN,NaN,NaN,NaN,NaN,NaN,NaN,NaN
7,NaN,NaN,NaN,NaN,NaN,NaN,NaN,NaN
8,NaN,NaN,NaN,NaN,NaN,NaN,NaN,NaN
9,NaN,NaN,NaN,NaN,NaN,NaN,NaN,NaN
10,NaN,NaN,NaN,NaN,NaN,NaN,NaN,NaN
11,NaN,NaN,NaN,NaN,NaN,NaN,NaN,NaN
1,NaN,NaN,NaN,NaN,NaN,NaN,NaN,NaN
2,NaN,NaN,NaN,NaN,NaN,NaN,NaN,NaN
3,NaN,NaN,NaN,NaN,NaN,NaN,NaN,NaN
4,NaN,NaN,NaN,NaN,NaN,NaN,NaN,NaN
5,NaN,NaN,NaN,NaN,NaN,NaN,NaN,NaN
6,NaN,NaN,NaN,NaN,NaN,NaN,NaN,NaN
7,NaN,NaN,NaN,NaN,NaN,NaN,NaN,NaN
8,NaN,NaN,NaN,NaN,NaN,NaN,NaN,NaN
9,NaN,NaN,NaN,NaN,NaN,NaN,NaN,NaN
10,NaN,NaN,NaN,NaN,NaN,NaN,NaN,NaN
11,NaN,NaN,NaN,NaN,NaN,NaN,NaN,NaN
1,NaN,NaN,NaN,NaN,NaN,NaN,NaN,NaN
2,NaN,NaN,NaN,NaN,NaN,NaN,NaN,NaN
3,NaN,NaN,NaN,NaN,NaN,NaN,NaN,NaN
4,NaN,NaN,NaN,NaN,NaN,NaN,NaN,NaN
5,NaN,NaN,NaN,NaN,NaN,NaN,NaN,NaN
6,NaN,NaN,NaN,NaN,NaN,NaN,NaN,NaN
7,NaN,NaN,NaN,NaN,NaN,NaN,NaN,NaN
8,NaN,NaN,NaN,NaN,NaN,NaN,NaN,NaN
9,NaN,NaN,NaN,NaN,NaN,NaN,NaN,NaN
10,NaN,NaN,NaN,NaN,NaN,NaN,NaN,NaN
11,NaN,NaN,NaN,NaN,NaN,NaN,NaN,NaN
1,NaN,NaN,NaN,NaN,NaN,NaN,NaN,NaN
2,NaN,NaN,NaN,NaN,NaN,NaN,NaN,NaN
3,NaN,NaN,NaN,NaN,NaN,NaN,NaN,NaN
4,NaN,NaN,NaN,NaN,NaN,NaN,NaN,NaN
5,NaN,NaN,NaN,NaN,NaN,NaN,NaN,NaN
6,NaN,NaN,NaN,NaN,NaN,NaN,NaN,NaN
7,NaN,NaN,NaN,NaN,NaN,NaN,NaN,NaN
8,NaN,NaN,NaN,NaN,NaN,NaN,NaN,NaN
9,NaN,NaN,NaN,NaN,NaN,NaN,NaN,NaN
10,NaN,NaN,NaN,NaN,NaN,NaN,NaN,NaN
11,NaN,NaN,NaN,NaN,NaN,NaN,NaN,NaN
1,NaN,NaN,NaN,NaN,NaN,NaN,NaN,NaN
2,NaN,NaN,NaN,NaN,NaN,NaN,NaN,NaN
3,NaN,NaN,NaN,NaN,NaN,NaN,NaN,NaN
4,NaN,NaN,NaN,NaN,NaN,NaN,NaN,NaN
5,NaN,NaN,NaN,NaN,NaN,NaN,NaN,NaN
6,NaN,NaN,NaN,NaN,NaN,NaN,NaN,NaN
7,NaN,NaN,NaN,NaN,NaN,NaN,NaN,NaN
8,NaN,NaN,NaN,NaN,NaN,NaN,NaN,NaN
9,NaN,NaN,NaN,NaN,NaN,NaN,NaN,NaN
10,NaN,NaN,NaN,NaN,NaN,NaN,NaN,NaN
11,NaN,NaN,NaN,NaN,NaN,NaN,NaN,NaN
1,NaN,NaN,NaN,NaN,NaN,NaN,NaN,NaN
2,NaN,NaN,NaN,NaN,NaN,NaN,NaN,NaN
3,NaN,NaN,NaN,NaN,NaN,NaN,NaN,NaN
4,NaN,NaN,NaN,NaN,NaN,NaN,NaN,NaN
5,NaN,NaN,NaN,NaN,NaN,NaN,NaN,NaN
6,NaN,NaN,NaN,NaN,NaN,NaN,NaN,NaN
7,NaN,NaN,NaN,NaN,NaN,NaN,NaN,NaN
8,NaN,NaN,NaN,NaN,NaN,NaN,NaN,NaN
9,NaN,NaN,NaN,NaN,NaN,NaN,NaN,NaN
10,NaN,NaN,NaN,NaN,NaN,NaN,NaN,NaN
11,NaN,NaN,NaN,NaN,NaN,NaN,NaN,NaN
1,NaN,NaN,NaN,NaN,NaN,NaN,NaN,NaN
2,NaN,NaN,NaN,NaN,NaN,NaN,NaN,NaN
3,NaN,NaN,NaN,NaN,NaN,NaN,NaN,NaN
4,NaN,NaN,NaN,NaN,NaN,NaN,NaN,NaN
5,NaN,NaN,NaN,NaN,NaN,NaN,NaN,NaN
6,NaN,NaN,NaN,NaN,NaN,NaN,NaN,NaN
7,NaN,NaN,NaN,NaN,NaN,NaN,NaN,NaN
8,NaN,NaN,NaN,NaN,NaN,NaN,NaN,NaN
9,NaN,NaN,NaN,NaN,NaN,NaN,NaN,NaN
10,NaN,NaN,NaN,NaN,NaN,NaN,NaN,NaN
11,NaN,NaN,NaN,NaN,NaN,NaN,NaN,NaN
1,NaN,NaN,NaN,NaN,NaN,NaN,NaN,NaN
2,NaN,NaN,NaN,NaN,NaN,NaN,NaN,NaN
3,NaN,NaN,NaN,NaN,NaN,NaN,NaN,NaN
4,NaN,NaN,NaN,NaN,NaN,NaN,NaN,NaN
5,NaN,NaN,NaN,NaN,NaN,NaN,NaN,NaN
6,NaN,NaN,NaN,NaN,NaN,NaN,NaN,NaN
7,NaN,NaN,NaN,NaN,NaN,NaN,NaN,NaN
8,NaN,NaN,NaN,NaN,NaN,NaN,NaN,NaN
9,NaN,NaN,NaN,NaN,NaN,NaN,NaN,NaN
10,NaN,NaN,NaN,NaN,NaN,NaN,NaN,NaN
11,NaN,NaN,NaN,NaN,NaN,NaN,NaN,NaN
1,NaN,NaN,NaN,NaN,NaN,NaN,NaN,NaN
2,NaN,NaN,NaN,NaN,NaN,NaN,NaN,NaN
3,NaN,NaN,NaN,NaN,NaN,NaN,NaN,NaN
4,NaN,NaN,NaN,NaN,NaN,NaN,NaN,NaN
5,NaN,NaN,NaN,NaN,NaN,NaN,NaN,NaN
6,NaN,NaN,NaN,NaN,NaN,NaN,NaN,NaN
7,NaN,NaN,NaN,NaN,NaN,NaN,NaN,NaN
8,NaN,NaN,NaN,NaN,NaN,NaN,NaN,NaN
9,NaN,NaN,NaN,NaN,NaN,NaN,NaN,NaN
10,NaN,NaN,NaN,NaN,NaN,NaN,NaN,NaN
11,NaN,NaN,NaN,NaN,NaN,NaN,NaN,NaN
1,NaN,NaN,NaN,NaN,NaN,NaN,NaN,NaN
2,NaN,NaN,NaN,NaN,NaN,NaN,NaN,NaN
3,NaN,NaN,NaN,NaN,NaN,NaN,NaN,NaN
4,NaN,NaN,NaN,NaN,NaN,NaN,NaN,NaN
5,NaN,NaN,NaN,NaN,NaN,NaN,NaN,NaN
6,NaN,NaN,NaN,NaN,NaN,NaN,NaN,NaN
7,NaN,NaN,NaN,NaN,NaN,NaN,NaN,NaN
8,NaN,NaN,NaN,NaN,NaN,NaN,NaN,NaN
9,NaN,NaN,NaN,NaN,NaN,NaN,NaN,NaN
10,NaN,NaN,NaN,NaN,NaN,NaN,NaN,NaN
11,NaN,NaN,NaN,NaN,NaN,NaN,NaN,NaN
1,NaN,NaN,NaN,NaN,NaN,NaN,NaN,NaN
2,NaN,NaN,NaN,NaN,NaN,NaN,NaN,NaN
3,NaN,NaN,NaN,NaN,NaN,NaN,NaN,NaN
4,NaN,NaN,NaN,NaN,NaN,NaN,NaN,NaN
5,NaN,NaN,NaN,NaN,NaN,NaN,NaN,NaN
6,NaN,NaN,NaN,NaN,NaN,NaN,NaN,NaN
7,NaN,NaN,NaN,NaN,NaN,NaN,NaN,NaN
8,NaN,NaN,NaN,NaN,NaN,NaN,NaN,NaN
9,NaN,NaN,NaN,NaN,NaN,NaN,NaN,NaN
10,NaN,NaN,NaN,NaN,NaN,NaN,NaN,NaN
11,NaN,NaN,NaN,NaN,NaN,NaN,NaN,NaN
1,NaN,NaN,NaN,NaN,NaN,NaN,NaN,NaN
2,NaN,NaN,NaN,NaN,NaN,NaN,NaN,NaN
3,NaN,NaN,NaN,NaN,NaN,NaN,NaN,NaN
4,NaN,NaN,NaN,NaN,NaN,NaN,NaN,NaN
5,NaN,NaN,NaN,NaN,NaN,NaN,NaN,NaN
6,NaN,NaN,NaN,NaN,NaN,NaN,NaN,NaN
7,NaN,NaN,NaN,NaN,NaN,NaN,NaN,NaN
8,NaN,NaN,NaN,NaN,NaN,NaN,NaN,NaN
9,NaN,NaN,NaN,NaN,NaN,NaN,NaN,NaN
10,NaN,NaN,NaN,NaN,NaN,NaN,NaN,NaN
11,NaN,NaN,NaN,NaN,NaN,NaN,NaN,NaN
1,NaN,NaN,NaN,NaN,NaN,NaN,NaN,NaN
2,NaN,NaN,NaN,NaN,NaN,NaN,NaN,NaN
3,NaN,NaN,NaN,NaN,NaN,NaN,NaN,NaN
4,NaN,NaN,NaN,NaN,NaN,NaN,NaN,NaN
5,NaN,NaN,NaN,NaN,NaN,NaN,NaN,NaN
6,NaN,NaN,NaN,NaN,NaN,NaN,NaN,NaN
7,NaN,NaN,NaN,NaN,NaN,NaN,NaN,NaN
8,NaN,NaN,NaN,NaN,NaN,NaN,NaN,NaN
9,NaN,NaN,NaN,NaN,NaN,NaN,NaN,NaN
10,NaN,NaN,NaN,NaN,NaN,NaN,NaN,NaN
11,NaN,NaN,NaN,NaN,NaN,NaN,NaN,NaN
1,NaN,NaN,NaN,NaN,NaN,NaN,NaN,NaN
2,NaN,NaN,NaN,NaN,NaN,NaN,NaN,NaN
3,NaN,NaN,NaN,NaN,NaN,NaN,NaN,NaN
4,NaN,NaN,NaN,NaN,NaN,NaN,NaN,NaN
5,NaN,NaN,NaN,NaN,NaN,NaN,NaN,NaN
6,NaN,NaN,NaN,NaN,NaN,NaN,NaN,NaN
7,NaN,NaN,NaN,NaN,NaN,NaN,NaN,NaN
8,NaN,NaN,NaN,NaN,NaN,NaN,NaN,NaN
9,NaN,NaN,NaN,NaN,NaN,NaN,NaN,NaN
10,NaN,NaN,NaN,NaN,NaN,NaN,NaN,NaN
11,NaN,NaN,NaN,NaN,NaN,NaN,NaN,NaN
1,NaN,NaN,NaN,NaN,NaN,NaN,NaN,NaN
2,NaN,NaN,NaN,NaN,NaN,NaN,NaN,NaN
3,NaN,NaN,NaN,NaN,NaN,NaN,NaN,NaN
4,NaN,NaN,NaN,NaN,NaN,NaN,NaN,NaN
5,NaN,NaN,NaN,NaN,NaN,NaN,NaN,NaN
6,NaN,NaN,NaN,NaN,NaN,NaN,NaN,NaN
7,NaN,NaN,NaN,NaN,NaN,NaN,NaN,NaN
8,NaN,NaN,NaN,NaN,NaN,NaN,NaN,NaN
9,NaN,NaN,NaN,NaN,NaN,NaN,NaN,NaN
10,NaN,NaN,NaN,NaN,NaN,NaN,NaN,NaN
11,NaN,NaN,NaN,NaN,NaN,NaN,NaN,NaN
1,NaN,NaN,NaN,NaN,NaN,NaN,NaN,NaN
2,NaN,NaN,NaN,NaN,NaN,NaN,NaN,NaN
3,NaN,NaN,NaN,NaN,NaN,NaN,NaN,NaN
4,NaN,NaN,NaN,NaN,NaN,NaN,NaN,NaN
5,NaN,NaN,NaN,NaN,NaN,NaN,NaN,NaN
6,NaN,NaN,NaN,NaN,NaN,NaN,NaN,NaN
7,NaN,NaN,NaN,NaN,NaN,NaN,NaN,NaN
8,NaN,NaN,NaN,NaN,NaN,NaN,NaN,NaN
9,NaN,NaN,NaN,NaN,NaN,NaN,NaN,NaN
10,NaN,NaN,NaN,NaN,NaN,NaN,NaN,NaN
11,NaN,NaN,NaN,NaN,NaN,NaN,NaN,NaN
1,NaN,NaN,NaN,NaN,NaN,NaN,NaN,NaN
2,NaN,NaN,NaN,NaN,NaN,NaN,NaN,NaN
3,NaN,NaN,NaN,NaN,NaN,NaN,NaN,NaN
4,NaN,NaN,NaN,NaN,NaN,NaN,NaN,NaN
5,NaN,NaN,NaN,NaN,NaN,NaN,NaN,NaN
6,NaN,NaN,NaN,NaN,NaN,NaN,NaN,NaN
7,NaN,NaN,NaN,NaN,NaN,NaN,NaN,NaN
8,NaN,NaN,NaN,NaN,NaN,NaN,NaN,NaN
9,NaN,NaN,NaN,NaN,NaN,NaN,NaN,NaN
10,NaN,NaN,NaN,NaN,NaN,NaN,NaN,NaN
11,NaN,NaN,NaN,NaN,NaN,NaN,NaN,NaN
1,NaN,NaN,NaN,NaN,NaN,NaN,NaN,NaN
2,NaN,NaN,NaN,NaN,NaN,NaN,NaN,NaN
3,NaN,NaN,NaN,NaN,NaN,NaN,NaN,NaN
4,NaN,NaN,NaN,NaN,NaN,NaN,NaN,NaN
5,NaN,NaN,NaN,NaN,NaN,NaN,NaN,NaN
6,NaN,NaN,NaN,NaN,NaN,NaN,NaN,NaN
7,NaN,NaN,NaN,NaN,NaN,NaN,NaN,NaN
8,NaN,NaN,NaN,NaN,NaN,NaN,NaN,NaN
9,NaN,NaN,NaN,NaN,NaN,NaN,NaN,NaN
10,NaN,NaN,NaN,NaN,NaN,NaN,NaN,NaN
11,NaN,NaN,NaN,NaN,NaN,NaN,NaN,NaN
1,NaN,NaN,NaN,NaN,NaN,NaN,NaN,NaN
2,NaN,NaN,NaN,NaN,NaN,NaN,NaN,NaN
3,NaN,NaN,NaN,NaN,NaN,NaN,NaN,NaN
4,NaN,NaN,NaN,NaN,NaN,NaN,NaN,NaN
5,NaN,NaN,NaN,NaN,NaN,NaN,NaN,NaN
6,NaN,NaN,NaN,NaN,NaN,NaN,NaN,NaN
7,NaN,NaN,NaN,NaN,NaN,NaN,NaN,NaN
8,NaN,NaN,NaN,NaN,NaN,NaN,NaN,NaN
9,NaN,NaN,NaN,NaN,NaN,NaN,NaN,NaN
10,NaN,NaN,NaN,NaN,NaN,NaN,NaN,NaN
11,NaN,NaN,NaN,NaN,NaN,NaN,NaN,NaN
1,NaN,NaN,NaN,NaN,NaN,NaN,NaN,NaN
2,NaN,NaN,NaN,NaN,NaN,NaN,NaN,NaN
3,NaN,NaN,NaN,NaN,NaN,NaN,NaN,NaN
4,NaN,NaN,NaN,NaN,NaN,NaN,NaN,NaN
5,NaN,NaN,NaN,NaN,NaN,NaN,NaN,NaN
6,NaN,NaN,NaN,NaN,NaN,NaN,NaN,NaN
7,NaN,NaN,NaN,NaN,NaN,NaN,NaN,NaN
8,NaN,NaN,NaN,NaN,NaN,NaN,NaN,NaN
9,NaN,NaN,NaN,NaN,NaN,NaN,NaN,NaN
10,NaN,NaN,NaN,NaN,NaN,NaN,NaN,NaN
11,NaN,NaN,NaN,NaN,NaN,NaN,NaN,NaN
1,NaN,NaN,NaN,NaN,NaN,NaN,NaN,NaN
2,NaN,NaN,NaN,NaN,NaN,NaN,NaN,NaN
3,NaN,NaN,NaN,NaN,NaN,NaN,NaN,NaN
4,NaN,NaN,NaN,NaN,NaN,NaN,NaN,NaN
5,NaN,NaN,NaN,NaN,NaN,NaN,NaN,NaN
6,NaN,NaN,NaN,NaN,NaN,NaN,NaN,NaN
7,NaN,NaN,NaN,NaN,NaN,NaN,NaN,NaN
8,NaN,NaN,NaN,NaN,NaN,NaN,NaN,NaN
9,NaN,NaN,NaN,NaN,NaN,NaN,NaN,NaN
10,NaN,NaN,NaN,NaN,NaN,NaN,NaN,NaN
11,NaN,NaN,NaN,NaN,NaN,NaN,NaN,NaN
1,NaN,NaN,NaN,NaN,NaN,NaN,NaN,NaN
2,NaN,NaN,NaN,NaN,NaN,NaN,NaN,NaN
3,NaN,NaN,NaN,NaN,NaN,NaN,NaN,NaN
4,NaN,NaN,NaN,NaN,NaN,NaN,NaN,NaN
5,NaN,NaN,NaN,NaN,NaN,NaN,NaN,NaN
6,NaN,NaN,NaN,NaN,NaN,NaN,NaN,NaN
7,NaN,NaN,NaN,NaN,NaN,NaN,NaN,NaN
8,NaN,NaN,NaN,NaN,NaN,NaN,NaN,NaN
9,NaN,NaN,NaN,NaN,NaN,NaN,NaN,NaN
10,NaN,NaN,NaN,NaN,NaN,NaN,NaN,NaN
11,NaN,NaN,NaN,NaN,NaN,NaN,NaN,NaN
1,NaN,NaN,NaN,NaN,NaN,NaN,NaN,NaN
2,NaN,NaN,NaN,NaN,NaN,NaN,NaN,NaN
3,NaN,NaN,NaN,NaN,NaN,NaN,NaN,NaN
4,NaN,NaN,NaN,NaN,NaN,NaN,NaN,NaN
5,NaN,NaN,NaN,NaN,NaN,NaN,NaN,NaN
6,NaN,NaN,NaN,NaN,NaN,NaN,NaN,NaN
7,NaN,NaN,NaN,NaN,NaN,NaN,NaN,NaN
8,NaN,NaN,NaN,NaN,NaN,NaN,NaN,NaN
9,NaN,NaN,NaN,NaN,NaN,NaN,NaN,NaN
10,NaN,NaN,NaN,NaN,NaN,NaN,NaN,NaN
11,NaN,NaN,NaN,NaN,NaN,NaN,NaN,NaN
1,NaN,NaN,NaN,NaN,NaN,NaN,NaN,NaN
2,NaN,NaN,NaN,NaN,NaN,NaN,NaN,NaN
3,NaN,NaN,NaN,NaN,NaN,NaN,NaN,NaN
4,NaN,NaN,NaN,NaN,NaN,NaN,NaN,NaN
5,NaN,NaN,NaN,NaN,NaN,NaN,NaN,NaN
6,NaN,NaN,NaN,NaN,NaN,NaN,NaN,NaN
7,NaN,NaN,NaN,NaN,NaN,NaN,NaN,NaN
8,NaN,NaN,NaN,NaN,NaN,NaN,NaN,NaN
9,NaN,NaN,NaN,NaN,NaN,NaN,NaN,NaN
10,NaN,NaN,NaN,NaN,NaN,NaN,NaN,NaN
11,NaN,NaN,NaN,NaN,NaN,NaN,NaN,NaN
1,NaN,NaN,NaN,NaN,NaN,NaN,NaN,NaN
2,NaN,NaN,NaN,NaN,NaN,NaN,NaN,NaN
3,NaN,NaN,NaN,NaN,NaN,NaN,NaN,NaN
4,NaN,NaN,NaN,NaN,NaN,NaN,NaN,NaN
5,NaN,NaN,NaN,NaN,NaN,NaN,NaN,NaN
6,NaN,NaN,NaN,NaN,NaN,NaN,NaN,NaN
7,NaN,NaN,NaN,NaN,NaN,NaN,NaN,NaN
8,NaN,NaN,NaN,NaN,NaN,NaN,NaN,NaN
9,NaN,NaN,NaN,NaN,NaN,NaN,NaN,NaN
10,NaN,NaN,NaN,NaN,NaN,NaN,NaN,NaN
11,NaN,NaN,NaN,NaN,NaN,NaN,NaN,NaN
1,NaN,NaN,NaN,NaN,NaN,NaN,NaN,NaN
2,NaN,NaN,NaN,NaN,NaN,NaN,NaN,NaN
3,NaN,NaN,NaN,NaN,NaN,NaN,NaN,NaN
4,NaN,NaN,NaN,NaN,NaN,NaN,NaN,NaN
5,NaN,NaN,NaN,NaN,NaN,NaN,NaN,NaN
6,NaN,NaN,NaN,NaN,NaN,NaN,NaN,NaN
7,NaN,NaN,NaN,NaN,NaN,NaN,NaN,NaN
8,NaN,NaN,NaN,NaN,NaN,NaN,NaN,NaN
9,NaN,NaN,NaN,NaN,NaN,NaN,NaN,NaN
10,NaN,NaN,NaN,NaN,NaN,NaN,NaN,NaN
11,NaN,NaN,NaN,NaN,NaN,NaN,NaN,NaN
1,NaN,NaN,NaN,NaN,NaN,NaN,NaN,NaN
2,NaN,NaN,NaN,NaN,NaN,NaN,NaN,NaN
3,NaN,NaN,NaN,NaN,NaN,NaN,NaN,NaN
4,NaN,NaN,NaN,NaN,NaN,NaN,NaN,NaN
5,NaN,NaN,NaN,NaN,NaN,NaN,NaN,NaN
6,NaN,NaN,NaN,NaN,NaN,NaN,NaN,NaN
7,NaN,NaN,NaN,NaN,NaN,NaN,NaN,NaN
8,NaN,NaN,NaN,NaN,NaN,NaN,NaN,NaN
9,NaN,NaN,NaN,NaN,NaN,NaN,NaN,NaN
10,NaN,NaN,NaN,NaN,NaN,NaN,NaN,NaN
11,NaN,NaN,NaN,NaN,NaN,NaN,NaN,NaN
1,NaN,NaN,NaN,NaN,NaN,NaN,NaN,NaN
2,NaN,NaN,NaN,NaN,NaN,NaN,NaN,NaN
3,NaN,NaN,NaN,NaN,NaN,NaN,NaN,NaN
4,NaN,NaN,NaN,NaN,NaN,NaN,NaN,NaN
5,NaN,NaN,NaN,NaN,NaN,NaN,NaN,NaN
6,NaN,NaN,NaN,NaN,NaN,NaN,NaN,NaN
7,NaN,NaN,NaN,NaN,NaN,NaN,NaN,NaN
8,NaN,NaN,NaN,NaN,NaN,NaN,NaN,NaN
9,NaN,NaN,NaN,NaN,NaN,NaN,NaN,NaN
10,NaN,NaN,NaN,NaN,NaN,NaN,NaN,NaN
11,NaN,NaN,NaN,NaN,NaN,NaN,NaN,NaN
1,NaN,NaN,NaN,NaN,NaN,NaN,NaN,NaN
2,NaN,NaN,NaN,NaN,NaN,NaN,NaN,NaN
3,NaN,NaN,NaN,NaN,NaN,NaN,NaN,NaN
4,NaN,NaN,NaN,NaN,NaN,NaN,NaN,NaN
5,NaN,NaN,NaN,NaN,NaN,NaN,NaN,NaN
6,NaN,NaN,NaN,NaN,NaN,NaN,NaN,NaN
7,NaN,NaN,NaN,NaN,NaN,NaN,NaN,NaN
8,NaN,NaN,NaN,NaN,NaN,NaN,NaN,NaN
9,NaN,NaN,NaN,NaN,NaN,NaN,NaN,NaN
10,NaN,NaN,NaN,NaN,NaN,NaN,NaN,NaN
11,NaN,NaN,NaN,NaN,NaN,NaN,NaN,NaN
1,NaN,NaN,NaN,NaN,NaN,NaN,NaN,NaN
2,NaN,NaN,NaN,NaN,NaN,NaN,NaN,NaN
3,NaN,NaN,NaN,NaN,NaN,NaN,NaN,NaN
4,NaN,NaN,NaN,NaN,NaN,NaN,NaN,NaN
5,NaN,NaN,NaN,NaN,NaN,NaN,NaN,NaN
6,NaN,NaN,NaN,NaN,NaN,NaN,NaN,NaN
7,NaN,NaN,NaN,NaN,NaN,NaN,NaN,NaN
8,NaN,NaN,NaN,NaN,NaN,NaN,NaN,NaN
9,NaN,NaN,NaN,NaN,NaN,NaN,NaN,NaN
10,NaN,NaN,NaN,NaN,NaN,NaN,NaN,NaN
11,NaN,NaN,NaN,NaN,NaN,NaN,NaN,NaN
1,NaN,NaN,NaN,NaN,NaN,NaN,NaN,NaN
2,NaN,NaN,NaN,NaN,NaN,NaN,NaN,NaN
3,NaN,NaN,NaN,NaN,NaN,NaN,NaN,NaN
4,NaN,NaN,NaN,NaN,NaN,NaN,NaN,NaN
5,NaN,NaN,NaN,NaN,NaN,NaN,NaN,NaN
6,NaN,NaN,NaN,NaN,NaN,NaN,NaN,NaN
7,NaN,NaN,NaN,NaN,NaN,NaN,NaN,NaN
8,NaN,NaN,NaN,NaN,NaN,NaN,NaN,NaN
9,NaN,NaN,NaN,NaN,NaN,NaN,NaN,NaN
10,NaN,NaN,NaN,NaN,NaN,NaN,NaN,NaN
11,NaN,NaN,NaN,NaN,NaN,NaN,NaN,NaN
1,NaN,NaN,NaN,NaN,NaN,NaN,NaN,NaN
2,NaN,NaN,NaN,NaN,NaN,NaN,NaN,NaN
3,NaN,NaN,NaN,NaN,NaN,NaN,NaN,NaN
4,NaN,NaN,NaN,NaN,NaN,NaN,NaN,NaN
5,NaN,NaN,NaN,NaN,NaN,NaN,NaN,NaN
6,NaN,NaN,NaN,NaN,NaN,NaN,NaN,NaN
7,NaN,NaN,NaN,NaN,NaN,NaN,NaN,NaN
8,NaN,NaN,NaN,NaN,NaN,NaN,NaN,NaN
9,NaN,NaN,NaN,NaN,NaN,NaN,NaN,NaN
10,NaN,NaN,NaN,NaN,NaN,NaN,NaN,NaN
11,NaN,NaN,NaN,NaN,NaN,NaN,NaN,NaN
1,NaN,NaN,NaN,NaN,NaN,NaN,NaN,NaN
2,NaN,NaN,NaN,NaN,NaN,NaN,NaN,NaN
3,NaN,NaN,NaN,NaN,NaN,NaN,NaN,NaN
4,NaN,NaN,NaN,NaN,NaN,NaN,NaN,NaN
5,NaN,NaN,NaN,NaN,NaN,NaN,NaN,NaN
6,NaN,NaN,NaN,NaN,NaN,NaN,NaN,NaN
7,NaN,NaN,NaN,NaN,NaN,NaN,NaN,NaN
8,NaN,NaN,NaN,NaN,NaN,NaN,NaN,NaN
9,NaN,NaN,NaN,NaN,NaN,NaN,NaN,NaN
10,NaN,NaN,NaN,NaN,NaN,NaN,NaN,NaN
11,NaN,NaN,NaN,NaN,NaN,NaN,NaN,NaN
1,NaN,NaN,NaN,NaN,NaN,NaN,NaN,NaN
2,NaN,NaN,NaN,NaN,NaN,NaN,NaN,NaN
3,NaN,NaN,NaN,NaN,NaN,NaN,NaN,NaN
4,NaN,NaN,NaN,NaN,NaN,NaN,NaN,NaN
5,NaN,NaN,NaN,NaN,NaN,NaN,NaN,NaN
6,NaN,NaN,NaN,NaN,NaN,NaN,NaN,NaN
7,NaN,NaN,NaN,NaN,NaN,NaN,NaN,NaN
8,NaN,NaN,NaN,NaN,NaN,NaN,NaN,NaN
9,NaN,NaN,NaN,NaN,NaN,NaN,NaN,NaN
10,NaN,NaN,NaN,NaN,NaN,NaN,NaN,NaN
11,NaN,NaN,NaN,NaN,NaN,NaN,NaN,NaN
1,NaN,NaN,NaN,NaN,NaN,NaN,NaN,NaN
2,NaN,NaN,NaN,NaN,NaN,NaN,NaN,NaN
3,NaN,NaN,NaN,NaN,NaN,NaN,NaN,NaN
4,NaN,NaN,NaN,NaN,NaN,NaN,NaN,NaN
5,NaN,NaN,NaN,NaN,NaN,NaN,NaN,NaN
6,NaN,NaN,NaN,NaN,NaN,NaN,NaN,NaN
7,NaN,NaN,NaN,NaN,NaN,NaN,NaN,NaN
8,NaN,NaN,NaN,NaN,NaN,NaN,NaN,NaN
9,NaN,NaN,NaN,NaN,NaN,NaN,NaN,NaN
10,NaN,NaN,NaN,NaN,NaN,NaN,NaN,NaN
11,NaN,NaN,NaN,NaN,NaN,NaN,NaN,NaN
1,NaN,NaN,NaN,NaN,NaN,NaN,NaN,NaN
2,NaN,NaN,NaN,NaN,NaN,NaN,NaN,NaN
3,NaN,NaN,NaN,NaN,NaN,NaN,NaN,NaN
4,NaN,NaN,NaN,NaN,NaN,NaN,NaN,NaN
5,NaN,NaN,NaN,NaN,NaN,NaN,NaN,NaN
6,NaN,NaN,NaN,NaN,NaN,NaN,NaN,NaN
7,NaN,NaN,NaN,NaN,NaN,NaN,NaN,NaN
8,NaN,NaN,NaN,NaN,NaN,NaN,NaN,NaN
9,NaN,NaN,NaN,NaN,NaN,NaN,NaN,NaN
10,NaN,NaN,NaN,NaN,NaN,NaN,NaN,NaN
11,NaN,NaN,NaN,NaN,NaN,NaN,NaN,NaN
1,NaN,NaN,NaN,NaN,NaN,NaN,NaN,NaN
2,NaN,NaN,NaN,NaN,NaN,NaN,NaN,NaN
3,NaN,NaN,NaN,NaN,NaN,NaN,NaN,NaN
4,NaN,NaN,NaN,NaN,NaN,NaN,NaN,NaN
5,NaN,NaN,NaN,NaN,NaN,NaN,NaN,NaN
6,NaN,NaN,NaN,NaN,NaN,NaN,NaN,NaN
7,NaN,NaN,NaN,NaN,NaN,NaN,NaN,NaN
8,NaN,NaN,NaN,NaN,NaN,NaN,NaN,NaN
9,NaN,NaN,NaN,NaN,NaN,NaN,NaN,NaN
10,NaN,NaN,NaN,NaN,NaN,NaN,NaN,NaN
11,NaN,NaN,NaN,NaN,NaN,NaN,NaN,NaN
1,NaN,NaN,NaN,NaN,NaN,NaN,NaN,NaN
2,NaN,NaN,NaN,NaN,NaN,NaN,NaN,NaN
3,NaN,NaN,NaN,NaN,NaN,NaN,NaN,NaN
4,NaN,NaN,NaN,NaN,NaN,NaN,NaN,NaN
5,NaN,NaN,NaN,NaN,NaN,NaN,NaN,NaN
6,NaN,NaN,NaN,NaN,NaN,NaN,NaN,NaN
7,NaN,NaN,NaN,NaN,NaN,NaN,NaN,NaN
8,NaN,NaN,NaN,NaN,NaN,NaN,NaN,NaN
9,NaN,NaN,NaN,NaN,NaN,NaN,NaN,NaN
10,NaN,NaN,NaN,NaN,NaN,NaN,NaN,NaN
11,NaN,NaN,NaN,NaN,NaN,NaN,NaN,NaN
1,NaN,NaN,NaN,NaN,NaN,NaN,NaN,NaN
2,NaN,NaN,NaN,NaN,NaN,NaN,NaN,NaN
3,NaN,NaN,NaN,NaN,NaN,NaN,NaN,NaN
4,NaN,NaN,NaN,NaN,NaN,NaN,NaN,NaN
5,NaN,NaN,NaN,NaN,NaN,NaN,NaN,NaN
6,NaN,NaN,NaN,NaN,NaN,NaN,NaN,NaN
7,NaN,NaN,NaN,NaN,NaN,NaN,NaN,NaN
8,NaN,NaN,NaN,NaN,NaN,NaN,NaN,NaN
9,NaN,NaN,NaN,NaN,NaN,NaN,NaN,NaN
10,NaN,NaN,NaN,NaN,NaN,NaN,NaN,NaN
11,NaN,NaN,NaN,NaN,NaN,NaN,NaN,NaN
1,NaN,NaN,NaN,NaN,NaN,NaN,NaN,NaN
2,NaN,NaN,NaN,NaN,NaN,NaN,NaN,NaN
3,NaN,NaN,NaN,NaN,NaN,NaN,NaN,NaN
4,NaN,NaN,NaN,NaN,NaN,NaN,NaN,NaN
5,NaN,NaN,NaN,NaN,NaN,NaN,NaN,NaN
6,NaN,NaN,NaN,NaN,NaN,NaN,NaN,NaN
7,NaN,NaN,NaN,NaN,NaN,NaN,NaN,NaN
8,NaN,NaN,NaN,NaN,NaN,NaN,NaN,NaN
9,NaN,NaN,NaN,NaN,NaN,NaN,NaN,NaN
10,NaN,NaN,NaN,NaN,NaN,NaN,NaN,NaN
11,NaN,NaN,NaN,NaN,NaN,NaN,NaN,NaN
1,NaN,NaN,NaN,NaN,NaN,NaN,NaN,NaN
2,NaN,NaN,NaN,NaN,NaN,NaN,NaN,NaN
3,NaN,NaN,NaN,NaN,NaN,NaN,NaN,NaN
4,NaN,NaN,NaN,NaN,NaN,NaN,NaN,NaN
5,NaN,NaN,NaN,NaN,NaN,NaN,NaN,NaN
6,NaN,NaN,NaN,NaN,NaN,NaN,NaN,NaN
7,NaN,NaN,NaN,NaN,NaN,NaN,NaN,NaN
8,NaN,NaN,NaN,NaN,NaN,NaN,NaN,NaN
9,NaN,NaN,NaN,NaN,NaN,NaN,NaN,NaN
10,NaN,NaN,NaN,NaN,NaN,NaN,NaN,NaN
11,NaN,NaN,NaN,NaN,NaN,NaN,NaN,NaN
1,NaN,NaN,NaN,NaN,NaN,NaN,NaN,NaN
2,NaN,NaN,NaN,NaN,NaN,NaN,NaN,NaN
3,NaN,NaN,NaN,NaN,NaN,NaN,NaN,NaN
4,NaN,NaN,NaN,NaN,NaN,NaN,NaN,NaN
5,NaN,NaN,NaN,NaN,NaN,NaN,NaN,NaN
6,NaN,NaN,NaN,NaN,NaN,NaN,NaN,NaN
7,NaN,NaN,NaN,NaN,NaN,NaN,NaN,NaN
8,NaN,NaN,NaN,NaN,NaN,NaN,NaN,NaN
9,NaN,NaN,NaN,NaN,NaN,NaN,NaN,NaN
10,NaN,NaN,NaN,NaN,NaN,NaN,NaN,NaN
11,NaN,NaN,NaN,NaN,NaN,NaN,NaN,NaN
1,NaN,NaN,NaN,NaN,NaN,NaN,NaN,NaN
2,NaN,NaN,NaN,NaN,NaN,NaN,NaN,NaN
3,NaN,NaN,NaN,NaN,NaN,NaN,NaN,NaN
4,NaN,NaN,NaN,NaN,NaN,NaN,NaN,NaN
5,NaN,NaN,NaN,NaN,NaN,NaN,NaN,NaN
6,NaN,NaN,NaN,NaN,NaN,NaN,NaN,NaN
7,NaN,NaN,NaN,NaN,NaN,NaN,NaN,NaN
8,NaN,NaN,NaN,NaN,NaN,NaN,NaN,NaN
9,NaN,NaN,NaN,NaN,NaN,NaN,NaN,NaN
10,NaN,NaN,NaN,NaN,NaN,NaN,NaN,NaN
11,NaN,NaN,NaN,NaN,NaN,NaN,NaN,NaN
1,NaN,NaN,NaN,NaN,NaN,NaN,NaN,NaN
2,NaN,NaN,NaN,NaN,NaN,NaN,NaN,NaN
3,NaN,NaN,NaN,NaN,NaN,NaN,NaN,NaN
4,NaN,NaN,NaN,NaN,NaN,NaN,NaN,NaN
5,NaN,NaN,NaN,NaN,NaN,NaN,NaN,NaN
6,NaN,NaN,NaN,NaN,NaN,NaN,NaN,NaN
7,NaN,NaN,NaN,NaN,NaN,NaN,NaN,NaN
8,NaN,NaN,NaN,NaN,NaN,NaN,NaN,NaN
9,NaN,NaN,NaN,NaN,NaN,NaN,NaN,NaN
10,NaN,NaN,NaN,NaN,NaN,NaN,NaN,NaN
11,NaN,NaN,NaN,NaN,NaN,NaN,NaN,NaN
1,NaN,NaN,NaN,NaN,NaN,NaN,NaN,NaN
2,NaN,NaN,NaN,NaN,NaN,NaN,NaN,NaN
3,NaN,NaN,NaN,NaN,NaN,NaN,NaN,NaN
4,NaN,NaN,NaN,NaN,NaN,NaN,NaN,NaN
5,NaN,NaN,NaN,NaN,NaN,NaN,NaN,NaN
6,NaN,NaN,NaN,NaN,NaN,NaN,NaN,NaN
7,NaN,NaN,NaN,NaN,NaN,NaN,NaN,NaN
8,NaN,NaN,NaN,NaN,NaN,NaN,NaN,NaN
9,NaN,NaN,NaN,NaN,NaN,NaN,NaN,NaN
10,NaN,NaN,NaN,NaN,NaN,NaN,NaN,NaN
11,NaN,NaN,NaN,NaN,NaN,NaN,NaN,NaN
1,NaN,NaN,NaN,NaN,NaN,NaN,NaN,NaN
2,NaN,NaN,NaN,NaN,NaN,NaN,NaN,NaN
3,NaN,NaN,NaN,NaN,NaN,NaN,NaN,NaN
4,NaN,NaN,NaN,NaN,NaN,NaN,NaN,NaN
5,NaN,NaN,NaN,NaN,NaN,NaN,NaN,NaN
6,NaN,NaN,NaN,NaN,NaN,NaN,NaN,NaN
7,NaN,NaN,NaN,NaN,NaN,NaN,NaN,NaN
8,NaN,NaN,NaN,NaN,NaN,NaN,NaN,NaN
9,NaN,NaN,NaN,NaN,NaN,NaN,NaN,NaN
10,NaN,NaN,NaN,NaN,NaN,NaN,NaN,NaN
11,NaN,NaN,NaN,NaN,NaN,NaN,NaN,NaN
1,NaN,NaN,NaN,NaN,NaN,NaN,NaN,NaN
2,NaN,NaN,NaN,NaN,NaN,NaN,NaN,NaN
3,NaN,NaN,NaN,NaN,NaN,NaN,NaN,NaN
4,NaN,NaN,NaN,NaN,NaN,NaN,NaN,NaN
5,NaN,NaN,NaN,NaN,NaN,NaN,NaN,NaN
6,NaN,NaN,NaN,NaN,NaN,NaN,NaN,NaN
7,NaN,NaN,NaN,NaN,NaN,NaN,NaN,NaN
8,NaN,NaN,NaN,NaN,NaN,NaN,NaN,NaN
9,NaN,NaN,NaN,NaN,NaN,NaN,NaN,NaN
10,NaN,NaN,NaN,NaN,NaN,NaN,NaN,NaN
11,NaN,NaN,NaN,NaN,NaN,NaN,NaN,NaN
1,NaN,NaN,NaN,NaN,NaN,NaN,NaN,NaN
2,NaN,NaN,NaN,NaN,NaN,NaN,NaN,NaN
3,NaN,NaN,NaN,NaN,NaN,NaN,NaN,NaN
4,NaN,NaN,NaN,NaN,NaN,NaN,NaN,NaN
5,NaN,NaN,NaN,NaN,NaN,NaN,NaN,NaN
6,NaN,NaN,NaN,NaN,NaN,NaN,NaN,NaN
7,NaN,NaN,NaN,NaN,NaN,NaN,NaN,NaN
8,NaN,NaN,NaN,NaN,NaN,NaN,NaN,NaN
9,NaN,NaN,NaN,NaN,NaN,NaN,NaN,NaN
10,NaN,NaN,NaN,NaN,NaN,NaN,NaN,NaN
11,NaN,NaN,NaN,NaN,NaN,NaN,NaN,NaN
1,NaN,NaN,NaN,NaN,NaN,NaN,NaN,NaN
2,NaN,NaN,NaN,NaN,NaN,NaN,NaN,NaN
3,NaN,NaN,NaN,NaN,NaN,NaN,NaN,NaN
4,NaN,NaN,NaN,NaN,NaN,NaN,NaN,NaN
5,NaN,NaN,NaN,NaN,NaN,NaN,NaN,NaN
6,NaN,NaN,NaN,NaN,NaN,NaN,NaN,NaN
7,NaN,NaN,NaN,NaN,NaN,NaN,NaN,NaN
8,NaN,NaN,NaN,NaN,NaN,NaN,NaN,NaN
9,NaN,NaN,NaN,NaN,NaN,NaN,NaN,NaN
10,NaN,NaN,NaN,NaN,NaN,NaN,NaN,NaN
11,NaN,NaN,NaN,NaN,NaN,NaN,NaN,NaN
1,NaN,NaN,NaN,NaN,NaN,NaN,NaN,NaN
2,NaN,NaN,NaN,NaN,NaN,NaN,NaN,NaN
3,NaN,NaN,NaN,NaN,NaN,NaN,NaN,NaN
4,NaN,NaN,NaN,NaN,NaN,NaN,NaN,NaN
5,NaN,NaN,NaN,NaN,NaN,NaN,NaN,NaN
6,NaN,NaN,NaN,NaN,NaN,NaN,NaN,NaN
7,NaN,NaN,NaN,NaN,NaN,NaN,NaN,NaN
8,NaN,NaN,NaN,NaN,NaN,NaN,NaN,NaN
9,NaN,NaN,NaN,NaN,NaN,NaN,NaN,NaN
10,NaN,NaN,NaN,NaN,NaN,NaN,NaN,NaN
11,NaN,NaN,NaN,NaN,NaN,NaN,NaN,NaN
1,NaN,NaN,NaN,NaN,NaN,NaN,NaN,NaN
2,NaN,NaN,NaN,NaN,NaN,NaN,NaN,NaN
3,NaN,NaN,NaN,NaN,NaN,NaN,NaN,NaN
4,NaN,NaN,NaN,NaN,NaN,NaN,NaN,NaN
5,NaN,NaN,NaN,NaN,NaN,NaN,NaN,NaN
6,NaN,NaN,NaN,NaN,NaN,NaN,NaN,NaN
7,NaN,NaN,NaN,NaN,NaN,NaN,NaN,NaN
8,NaN,NaN,NaN,NaN,NaN,NaN,NaN,NaN
9,NaN,NaN,NaN,NaN,NaN,NaN,NaN,NaN
10,NaN,NaN,NaN,NaN,NaN,NaN,NaN,NaN
11,NaN,NaN,NaN,NaN,NaN,NaN,NaN,NaN
1,NaN,NaN,NaN,NaN,NaN,NaN,NaN,NaN
2,NaN,NaN,NaN,NaN,NaN,NaN,NaN,NaN
3,NaN,NaN,NaN,NaN,NaN,NaN,NaN,NaN
4,NaN,NaN,NaN,NaN,NaN,NaN,NaN,NaN
5,NaN,NaN,NaN,NaN,NaN,NaN,NaN,NaN
6,NaN,NaN,NaN,NaN,NaN,NaN,NaN,NaN
7,NaN,NaN,NaN,NaN,NaN,NaN,NaN,NaN
8,NaN,NaN,NaN,NaN,NaN,NaN,NaN,NaN
9,NaN,NaN,NaN,NaN,NaN,NaN,NaN,NaN
10,NaN,NaN,NaN,NaN,NaN,NaN,NaN,NaN
11,NaN,NaN,NaN,NaN,NaN,NaN,NaN,NaN
1,NaN,NaN,NaN,NaN,NaN,NaN,NaN,NaN
2,NaN,NaN,NaN,NaN,NaN,NaN,NaN,NaN
3,NaN,NaN,NaN,NaN,NaN,NaN,NaN,NaN
4,NaN,NaN,NaN,NaN,NaN,NaN,NaN,NaN
5,NaN,NaN,NaN,NaN,NaN,NaN,NaN,NaN
6,NaN,NaN,NaN,NaN,NaN,NaN,NaN,NaN
7,NaN,NaN,NaN,NaN,NaN,NaN,NaN,NaN
8,NaN,NaN,NaN,NaN,NaN,NaN,NaN,NaN
9,NaN,NaN,NaN,NaN,NaN,NaN,NaN,NaN
10,NaN,NaN,NaN,NaN,NaN,NaN,NaN,NaN
11,NaN,NaN,NaN,NaN,NaN,NaN,NaN,NaN
1,NaN,NaN,NaN,NaN,NaN,NaN,NaN,NaN
2,NaN,NaN,NaN,NaN,NaN,NaN,NaN,NaN
3,NaN,NaN,NaN,NaN,NaN,NaN,NaN,NaN
4,NaN,NaN,NaN,NaN,NaN,NaN,NaN,NaN
5,NaN,NaN,NaN,NaN,NaN,NaN,NaN,NaN
6,NaN,NaN,NaN,NaN,NaN,NaN,NaN,NaN
7,NaN,NaN,NaN,NaN,NaN,NaN,NaN,NaN
8,NaN,NaN,NaN,NaN,NaN,NaN,NaN,NaN
9,NaN,NaN,NaN,NaN,NaN,NaN,NaN,NaN
10,NaN,NaN,NaN,NaN,NaN,NaN,NaN,NaN
11,NaN,NaN,NaN,NaN,NaN,NaN,NaN,NaN
1,NaN,NaN,NaN,NaN,NaN,NaN,NaN,NaN
2,NaN,NaN,NaN,NaN,NaN,NaN,NaN,NaN
3,NaN,NaN,NaN,NaN,NaN,NaN,NaN,NaN
4,NaN,NaN,NaN,NaN,NaN,NaN,NaN,NaN
5,NaN,NaN,NaN,NaN,NaN,NaN,NaN,NaN
6,NaN,NaN,NaN,NaN,NaN,NaN,NaN,NaN
7,NaN,NaN,NaN,NaN,NaN,NaN,NaN,NaN
8,NaN,NaN,NaN,NaN,NaN,NaN,NaN,NaN
9,NaN,NaN,NaN,NaN,NaN,NaN,NaN,NaN
10,NaN,NaN,NaN,NaN,NaN,NaN,NaN,NaN
11,NaN,NaN,NaN,NaN,NaN,NaN,NaN,NaN
1,NaN,NaN,NaN,NaN,NaN,NaN,NaN,NaN
2,NaN,NaN,NaN,NaN,NaN,NaN,NaN,NaN
3,NaN,NaN,NaN,NaN,NaN,NaN,NaN,NaN
4,NaN,NaN,NaN,NaN,NaN,NaN,NaN,NaN
5,NaN,NaN,NaN,NaN,NaN,NaN,NaN,NaN
6,NaN,NaN,NaN,NaN,NaN,NaN,NaN,NaN
7,NaN,NaN,NaN,NaN,NaN,NaN,NaN,NaN
8,NaN,NaN,NaN,NaN,NaN,NaN,NaN,NaN
9,NaN,NaN,NaN,NaN,NaN,NaN,NaN,NaN
10,NaN,NaN,NaN,NaN,NaN,NaN,NaN,NaN
11,NaN,NaN,NaN,NaN,NaN,NaN,NaN,NaN
1,NaN,NaN,NaN,NaN,NaN,NaN,NaN,NaN
2,NaN,NaN,NaN,NaN,NaN,NaN,NaN,NaN
3,NaN,NaN,NaN,NaN,NaN,NaN,NaN,NaN
4,NaN,NaN,NaN,NaN,NaN,NaN,NaN,NaN
5,NaN,NaN,NaN,NaN,NaN,NaN,NaN,NaN
6,NaN,NaN,NaN,NaN,NaN,NaN,NaN,NaN
7,NaN,NaN,NaN,NaN,NaN,NaN,NaN,NaN
8,NaN,NaN,NaN,NaN,NaN,NaN,NaN,NaN
9,NaN,NaN,NaN,NaN,NaN,NaN,NaN,NaN
10,NaN,NaN,NaN,NaN,NaN,NaN,NaN,NaN
11,NaN,NaN,NaN,NaN,NaN,NaN,NaN,NaN
1,NaN,NaN,NaN,NaN,NaN,NaN,NaN,NaN
2,NaN,NaN,NaN,NaN,NaN,NaN,NaN,NaN
3,NaN,NaN,NaN,NaN,NaN,NaN,NaN,NaN
4,NaN,NaN,NaN,NaN,NaN,NaN,NaN,NaN
5,NaN,NaN,NaN,NaN,NaN,NaN,NaN,NaN
6,NaN,NaN,NaN,NaN,NaN,NaN,NaN,NaN
7,NaN,NaN,NaN,NaN,NaN,NaN,NaN,NaN
8,NaN,NaN,NaN,NaN,NaN,NaN,NaN,NaN
9,NaN,NaN,NaN,NaN,NaN,NaN,NaN,NaN
10,NaN,NaN,NaN,NaN,NaN,NaN,NaN,NaN
11,NaN,NaN,NaN,NaN,NaN,NaN,NaN,NaN
1,NaN,NaN,NaN,NaN,NaN,NaN,NaN,NaN
2,NaN,NaN,NaN,NaN,NaN,NaN,NaN,NaN
3,NaN,NaN,NaN,NaN,NaN,NaN,NaN,NaN
4,NaN,NaN,NaN,NaN,NaN,NaN,NaN,NaN
5,NaN,NaN,NaN,NaN,NaN,NaN,NaN,NaN
6,NaN,NaN,NaN,NaN,NaN,NaN,NaN,NaN
7,NaN,NaN,NaN,NaN,NaN,NaN,NaN,NaN
8,NaN,NaN,NaN,NaN,NaN,NaN,NaN,NaN
9,NaN,NaN,NaN,NaN,NaN,NaN,NaN,NaN
10,NaN,NaN,NaN,NaN,NaN,NaN,NaN,NaN
11,NaN,NaN,NaN,NaN,NaN,NaN,NaN,NaN
1,NaN,NaN,NaN,NaN,NaN,NaN,NaN,NaN
2,NaN,NaN,NaN,NaN,NaN,NaN,NaN,NaN
3,NaN,NaN,NaN,NaN,NaN,NaN,NaN,NaN
4,NaN,NaN,NaN,NaN,NaN,NaN,NaN,NaN
5,NaN,NaN,NaN,NaN,NaN,NaN,NaN,NaN
6,NaN,NaN,NaN,NaN,NaN,NaN,NaN,NaN
7,NaN,NaN,NaN,NaN,NaN,NaN,NaN,NaN
8,NaN,NaN,NaN,NaN,NaN,NaN,NaN,NaN
9,NaN,NaN,NaN,NaN,NaN,NaN,NaN,NaN
10,NaN,NaN,NaN,NaN,NaN,NaN,NaN,NaN
11,NaN,NaN,NaN,NaN,NaN,NaN,NaN,NaN
1,NaN,NaN,NaN,NaN,NaN,NaN,NaN,NaN
2,NaN,NaN,NaN,NaN,NaN,NaN,NaN,NaN
3,NaN,NaN,NaN,NaN,NaN,NaN,NaN,NaN
4,NaN,NaN,NaN,NaN,NaN,NaN,NaN,NaN
5,NaN,NaN,NaN,NaN,NaN,NaN,NaN,NaN
6,NaN,NaN,NaN,NaN,NaN,NaN,NaN,NaN
7,NaN,NaN,NaN,NaN,NaN,NaN,NaN,NaN
8,NaN,NaN,NaN,NaN,NaN,NaN,NaN,NaN
9,NaN,NaN,NaN,NaN,NaN,NaN,NaN,NaN
10,NaN,NaN,NaN,NaN,NaN,NaN,NaN,NaN
11,NaN,NaN,NaN,NaN,NaN,NaN,NaN,NaN
1,NaN,NaN,NaN,NaN,NaN,NaN,NaN,NaN
2,NaN,NaN,NaN,NaN,NaN,NaN,NaN,NaN
3,NaN,NaN,NaN,NaN,NaN,NaN,NaN,NaN
4,NaN,NaN,NaN,NaN,NaN,NaN,NaN,NaN
5,NaN,NaN,NaN,NaN,NaN,NaN,NaN,NaN
6,NaN,NaN,NaN,NaN,NaN,NaN,NaN,NaN
7,NaN,NaN,NaN,NaN,NaN,NaN,NaN,NaN
8,NaN,NaN,NaN,NaN,NaN,NaN,NaN,NaN
9,NaN,NaN,NaN,NaN,NaN,NaN,NaN,NaN
10,NaN,NaN,NaN,NaN,NaN,NaN,NaN,NaN
11,NaN,NaN,NaN,NaN,NaN,NaN,NaN,NaN
1,NaN,NaN,NaN,NaN,NaN,NaN,NaN,NaN
2,NaN,NaN,NaN,NaN,NaN,NaN,NaN,NaN
3,NaN,NaN,NaN,NaN,NaN,NaN,NaN,NaN
4,NaN,NaN,NaN,NaN,NaN,NaN,NaN,NaN
5,NaN,NaN,NaN,NaN,NaN,NaN,NaN,NaN
6,NaN,NaN,NaN,NaN,NaN,NaN,NaN,NaN
7,NaN,NaN,NaN,NaN,NaN,NaN,NaN,NaN
8,NaN,NaN,NaN,NaN,NaN,NaN,NaN,NaN
9,NaN,NaN,NaN,NaN,NaN,NaN,NaN,NaN
10,NaN,NaN,NaN,NaN,NaN,NaN,NaN,NaN
11,NaN,NaN,NaN,NaN,NaN,NaN,NaN,NaN
1,NaN,NaN,NaN,NaN,NaN,NaN,NaN,NaN
2,NaN,NaN,NaN,NaN,NaN,NaN,NaN,NaN
3,NaN,NaN,NaN,NaN,NaN,NaN,NaN,NaN
4,NaN,NaN,NaN,NaN,NaN,NaN,NaN,NaN
5,NaN,NaN,NaN,NaN,NaN,NaN,NaN,NaN
6,NaN,NaN,NaN,NaN,NaN,NaN,NaN,NaN
7,NaN,NaN,NaN,NaN,NaN,NaN,NaN,NaN
8,NaN,NaN,NaN,NaN,NaN,NaN,NaN,NaN
9,NaN,NaN,NaN,NaN,NaN,NaN,NaN,NaN
10,NaN,NaN,NaN,NaN,NaN,NaN,NaN,NaN
11,NaN,NaN,NaN,NaN,NaN,NaN,NaN,NaN
1,NaN,NaN,NaN,NaN,NaN,NaN,NaN,NaN
2,NaN,NaN,NaN,NaN,NaN,NaN,NaN,NaN
3,NaN,NaN,NaN,NaN,NaN,NaN,NaN,NaN
4,NaN,NaN,NaN,NaN,NaN,NaN,NaN,NaN
5,NaN,NaN,NaN,NaN,NaN,NaN,NaN,NaN
6,NaN,NaN,NaN,NaN,NaN,NaN,NaN,NaN
7,NaN,NaN,NaN,NaN,NaN,NaN,NaN,NaN
8,NaN,NaN,NaN,NaN,NaN,NaN,NaN,NaN
9,NaN,NaN,NaN,NaN,NaN,NaN,NaN,NaN
10,NaN,NaN,NaN,NaN,NaN,NaN,NaN,NaN
11,NaN,NaN,NaN,NaN,NaN,NaN,NaN,NaN
1,NaN,NaN,NaN,NaN,NaN,NaN,NaN,NaN
2,NaN,NaN,NaN,NaN,NaN,NaN,NaN,NaN
3,NaN,NaN,NaN,NaN,NaN,NaN,NaN,NaN
4,NaN,NaN,NaN,NaN,NaN,NaN,NaN,NaN
5,NaN,NaN,NaN,NaN,NaN,NaN,NaN,NaN
6,NaN,NaN,NaN,NaN,NaN,NaN,NaN,NaN
7,NaN,NaN,NaN,NaN,NaN,NaN,NaN,NaN
8,NaN,NaN,NaN,NaN,NaN,NaN,NaN,NaN
9,NaN,NaN,NaN,NaN,NaN,NaN,NaN,NaN
10,NaN,NaN,NaN,NaN,NaN,NaN,NaN,NaN
11,NaN,NaN,NaN,NaN,NaN,NaN,NaN,NaN
1,NaN,NaN,NaN,NaN,NaN,NaN,NaN,NaN
2,NaN,NaN,NaN,NaN,NaN,NaN,NaN,NaN
3,NaN,NaN,NaN,NaN,NaN,NaN,NaN,NaN
4,NaN,NaN,NaN,NaN,NaN,NaN,NaN,NaN
5,NaN,NaN,NaN,NaN,NaN,NaN,NaN,NaN
6,NaN,NaN,NaN,NaN,NaN,NaN,NaN,NaN
7,NaN,NaN,NaN,NaN,NaN,NaN,NaN,NaN
8,NaN,NaN,NaN,NaN,NaN,NaN,NaN,NaN
9,NaN,NaN,NaN,NaN,NaN,NaN,NaN,NaN
10,NaN,NaN,NaN,NaN,NaN,NaN,NaN,NaN
11,NaN,NaN,NaN,NaN,NaN,NaN,NaN,NaN
1,NaN,NaN,NaN,NaN,NaN,NaN,NaN,NaN
2,NaN,NaN,NaN,NaN,NaN,NaN,NaN,NaN
3,NaN,NaN,NaN,NaN,NaN,NaN,NaN,NaN
4,NaN,NaN,NaN,NaN,NaN,NaN,NaN,NaN
5,NaN,NaN,NaN,NaN,NaN,NaN,NaN,NaN
6,NaN,NaN,NaN,NaN,NaN,NaN,NaN,NaN
7,NaN,NaN,NaN,NaN,NaN,NaN,NaN,NaN
8,NaN,NaN,NaN,NaN,NaN,NaN,NaN,NaN
9,NaN,NaN,NaN,NaN,NaN,NaN,NaN,NaN
10,NaN,NaN,NaN,NaN,NaN,NaN,NaN,NaN
11,NaN,NaN,NaN,NaN,NaN,NaN,NaN,NaN
1,NaN,NaN,NaN,NaN,NaN,NaN,NaN,NaN
2,NaN,NaN,NaN,NaN,NaN,NaN,NaN,NaN
3,NaN,NaN,NaN,NaN,NaN,NaN,NaN,NaN
4,NaN,NaN,NaN,NaN,NaN,NaN,NaN,NaN
5,NaN,NaN,NaN,NaN,NaN,NaN,NaN,NaN
6,NaN,NaN,NaN,NaN,NaN,NaN,NaN,NaN
7,NaN,NaN,NaN,NaN,NaN,NaN,NaN,NaN
8,NaN,NaN,NaN,NaN,NaN,NaN,NaN,NaN
9,NaN,NaN,NaN,NaN,NaN,NaN,NaN,NaN
10,NaN,NaN,NaN,NaN,NaN,NaN,NaN,NaN
11,NaN,NaN,NaN,NaN,NaN,NaN,NaN,NaN
1,NaN,NaN,NaN,NaN,NaN,NaN,NaN,NaN
2,NaN,NaN,NaN,NaN,NaN,NaN,NaN,NaN
3,NaN,NaN,NaN,NaN,NaN,NaN,NaN,NaN
4,NaN,NaN,NaN,NaN,NaN,NaN,NaN,NaN
5,NaN,NaN,NaN,NaN,NaN,NaN,NaN,NaN
6,NaN,NaN,NaN,NaN,NaN,NaN,NaN,NaN
7,NaN,NaN,NaN,NaN,NaN,NaN,NaN,NaN
8,NaN,NaN,NaN,NaN,NaN,NaN,NaN,NaN
9,NaN,NaN,NaN,NaN,NaN,NaN,NaN,NaN
10,NaN,NaN,NaN,NaN,NaN,NaN,NaN,NaN
11,NaN,NaN,NaN,NaN,NaN,NaN,NaN,NaN
1,NaN,NaN,NaN,NaN,NaN,NaN,NaN,NaN
2,NaN,NaN,NaN,NaN,NaN,NaN,NaN,NaN
3,NaN,NaN,NaN,NaN,NaN,NaN,NaN,NaN
4,NaN,NaN,NaN,NaN,NaN,NaN,NaN,NaN
5,NaN,NaN,NaN,NaN,NaN,NaN,NaN,NaN
6,NaN,NaN,NaN,NaN,NaN,NaN,NaN,NaN
7,NaN,NaN,NaN,NaN,NaN,NaN,NaN,NaN
8,NaN,NaN,NaN,NaN,NaN,NaN,NaN,NaN
9,NaN,NaN,NaN,NaN,NaN,NaN,NaN,NaN
10,NaN,NaN,NaN,NaN,NaN,NaN,NaN,NaN
11,NaN,NaN,NaN,NaN,NaN,NaN,NaN,NaN
1,NaN,NaN,NaN,NaN,NaN,NaN,NaN,NaN
2,NaN,NaN,NaN,NaN,NaN,NaN,NaN,NaN
3,NaN,NaN,NaN,NaN,NaN,NaN,NaN,NaN
4,NaN,NaN,NaN,NaN,NaN,NaN,NaN,NaN
5,NaN,NaN,NaN,NaN,NaN,NaN,NaN,NaN
6,NaN,NaN,NaN,NaN,NaN,NaN,NaN,NaN
7,NaN,NaN,NaN,NaN,NaN,NaN,NaN,NaN
8,NaN,NaN,NaN,NaN,NaN,NaN,NaN,NaN
9,NaN,NaN,NaN,NaN,NaN,NaN,NaN,NaN
10,NaN,NaN,NaN,NaN,NaN,NaN,NaN,NaN
11,NaN,NaN,NaN,NaN,NaN,NaN,NaN,NaN
1,NaN,NaN,NaN,NaN,NaN,NaN,NaN,NaN
2,NaN,NaN,NaN,NaN,NaN,NaN,NaN,NaN
3,NaN,NaN,NaN,NaN,NaN,NaN,NaN,NaN
4,NaN,NaN,NaN,NaN,NaN,NaN,NaN,NaN
5,NaN,NaN,NaN,NaN,NaN,NaN,NaN,NaN
6,NaN,NaN,NaN,NaN,NaN,NaN,NaN,NaN
7,NaN,NaN,NaN,NaN,NaN,NaN,NaN,NaN
8,NaN,NaN,NaN,NaN,NaN,NaN,NaN,NaN
9,NaN,NaN,NaN,NaN,NaN,NaN,NaN,NaN
10,NaN,NaN,NaN,NaN,NaN,NaN,NaN,NaN
11,NaN,NaN,NaN,NaN,NaN,NaN,NaN,NaN
1,NaN,NaN,NaN,NaN,NaN,NaN,NaN,NaN
2,NaN,NaN,NaN,NaN,NaN,NaN,NaN,NaN
3,NaN,NaN,NaN,NaN,NaN,NaN,NaN,NaN
4,NaN,NaN,NaN,NaN,NaN,NaN,NaN,NaN
5,NaN,NaN,NaN,NaN,NaN,NaN,NaN,NaN
6,NaN,NaN,NaN,NaN,NaN,NaN,NaN,NaN
7,NaN,NaN,NaN,NaN,NaN,NaN,NaN,NaN
8,NaN,NaN,NaN,NaN,NaN,NaN,NaN,NaN
9,NaN,NaN,NaN,NaN,NaN,NaN,NaN,NaN
10,NaN,NaN,NaN,NaN,NaN,NaN,NaN,NaN
11,NaN,NaN,NaN,NaN,NaN,NaN,NaN,NaN
1,NaN,NaN,NaN,NaN,NaN,NaN,NaN,NaN
2,NaN,NaN,NaN,NaN,NaN,NaN,NaN,NaN
3,NaN,NaN,NaN,NaN,NaN,NaN,NaN,NaN
4,NaN,NaN,NaN,NaN,NaN,NaN,NaN,NaN
5,NaN,NaN,NaN,NaN,NaN,NaN,NaN,NaN
6,NaN,NaN,NaN,NaN,NaN,NaN,NaN,NaN
7,NaN,NaN,NaN,NaN,NaN,NaN,NaN,NaN
8,NaN,NaN,NaN,NaN,NaN,NaN,NaN,NaN
9,NaN,NaN,NaN,NaN,NaN,NaN,NaN,NaN
10,NaN,NaN,NaN,NaN,NaN,NaN,NaN,NaN
11,NaN,NaN,NaN,NaN,NaN,NaN,NaN,NaN
1,NaN,NaN,NaN,NaN,NaN,NaN,NaN,NaN
2,NaN,NaN,NaN,NaN,NaN,NaN,NaN,NaN
3,NaN,NaN,NaN,NaN,NaN,NaN,NaN,NaN
4,NaN,NaN,NaN,NaN,NaN,NaN,NaN,NaN
5,NaN,NaN,NaN,NaN,NaN,NaN,NaN,NaN
6,NaN,NaN,NaN,NaN,NaN,NaN,NaN,NaN
7,NaN,NaN,NaN,NaN,NaN,NaN,NaN,NaN
8,NaN,NaN,NaN,NaN,NaN,NaN,NaN,NaN
9,NaN,NaN,NaN,NaN,NaN,NaN,NaN,NaN
10,NaN,NaN,NaN,NaN,NaN,NaN,NaN,NaN
11,NaN,NaN,NaN,NaN,NaN,NaN,NaN,NaN
1,NaN,NaN,NaN,NaN,NaN,NaN,NaN,NaN
2,NaN,NaN,NaN,NaN,NaN,NaN,NaN,NaN
3,NaN,NaN,NaN,NaN,NaN,NaN,NaN,NaN
4,NaN,NaN,NaN,NaN,NaN,NaN,NaN,NaN
5,NaN,NaN,NaN,NaN,NaN,NaN,NaN,NaN
6,NaN,NaN,NaN,NaN,NaN,NaN,NaN,NaN
7,NaN,NaN,NaN,NaN,NaN,NaN,NaN,NaN
8,NaN,NaN,NaN,NaN,NaN,NaN,NaN,NaN
9,NaN,NaN,NaN,NaN,NaN,NaN,NaN,NaN
10,NaN,NaN,NaN,NaN,NaN,NaN,NaN,NaN
11,NaN,NaN,NaN,NaN,NaN,NaN,NaN,NaN
1,NaN,NaN,NaN,NaN,NaN,NaN,NaN,NaN
2,NaN,NaN,NaN,NaN,NaN,NaN,NaN,NaN
3,NaN,NaN,NaN,NaN,NaN,NaN,NaN,NaN
4,NaN,NaN,NaN,NaN,NaN,NaN,NaN,NaN
5,NaN,NaN,NaN,NaN,NaN,NaN,NaN,NaN
6,NaN,NaN,NaN,NaN,NaN,NaN,NaN,NaN
7,NaN,NaN,NaN,NaN,NaN,NaN,NaN,NaN
8,NaN,NaN,NaN,NaN,NaN,NaN,NaN,NaN
9,NaN,NaN,NaN,NaN,NaN,NaN,NaN,NaN
10,NaN,NaN,NaN,NaN,NaN,NaN,NaN,NaN
11,NaN,NaN,NaN,NaN,NaN,NaN,NaN,NaN
1,NaN,NaN,NaN,NaN,NaN,NaN,NaN,NaN
2,NaN,NaN,NaN,NaN,NaN,NaN,NaN,NaN
3,NaN,NaN,NaN,NaN,NaN,NaN,NaN,NaN
4,NaN,NaN,NaN,NaN,NaN,NaN,NaN,NaN
5,NaN,NaN,NaN,NaN,NaN,NaN,NaN,NaN
6,NaN,NaN,NaN,NaN,NaN,NaN,NaN,NaN
7,NaN,NaN,NaN,NaN,NaN,NaN,NaN,NaN
8,NaN,NaN,NaN,NaN,NaN,NaN,NaN,NaN
9,NaN,NaN,NaN,NaN,NaN,NaN,NaN,NaN
10,NaN,NaN,NaN,NaN,NaN,NaN,NaN,NaN
11,NaN,NaN,NaN,NaN,NaN,NaN,NaN,NaN
1,NaN,NaN,NaN,NaN,NaN,NaN,NaN,NaN
2,NaN,NaN,NaN,NaN,NaN,NaN,NaN,NaN
3,NaN,NaN,NaN,NaN,NaN,NaN,NaN,NaN
4,NaN,NaN,NaN,NaN,NaN,NaN,NaN,NaN
5,NaN,NaN,NaN,NaN,NaN,NaN,NaN,NaN
6,NaN,NaN,NaN,NaN,NaN,NaN,NaN,NaN
7,NaN,NaN,NaN,NaN,NaN,NaN,NaN,NaN
8,NaN,NaN,NaN,NaN,NaN,NaN,NaN,NaN
9,NaN,NaN,NaN,NaN,NaN,NaN,NaN,NaN
10,NaN,NaN,NaN,NaN,NaN,NaN,NaN,NaN
11,NaN,NaN,NaN,NaN,NaN,NaN,NaN,NaN
1,NaN,NaN,NaN,NaN,NaN,NaN,NaN,NaN
2,NaN,NaN,NaN,NaN,NaN,NaN,NaN,NaN
3,NaN,NaN,NaN,NaN,NaN,NaN,NaN,NaN
4,NaN,NaN,NaN,NaN,NaN,NaN,NaN,NaN
5,NaN,NaN,NaN,NaN,NaN,NaN,NaN,NaN
6,NaN,NaN,NaN,NaN,NaN,NaN,NaN,NaN
7,NaN,NaN,NaN,NaN,NaN,NaN,NaN,NaN
8,NaN,NaN,NaN,NaN,NaN,NaN,NaN,NaN
9,NaN,NaN,NaN,NaN,NaN,NaN,NaN,NaN
10,NaN,NaN,NaN,NaN,NaN,NaN,NaN,NaN
11,NaN,NaN,NaN,NaN,NaN,NaN,NaN,NaN
1,NaN,NaN,NaN,NaN,NaN,NaN,NaN,NaN
2,NaN,NaN,NaN,NaN,NaN,NaN,NaN,NaN
3,NaN,NaN,NaN,NaN,NaN,NaN,NaN,NaN
4,NaN,NaN,NaN,NaN,NaN,NaN,NaN,NaN
5,NaN,NaN,NaN,NaN,NaN,NaN,NaN,NaN
6,NaN,NaN,NaN,NaN,NaN,NaN,NaN,NaN
7,NaN,NaN,NaN,NaN,NaN,NaN,NaN,NaN
8,NaN,NaN,NaN,NaN,NaN,NaN,NaN,NaN
9,NaN,NaN,NaN,NaN,NaN,NaN,NaN,NaN
10,NaN,NaN,NaN,NaN,NaN,NaN,NaN,NaN
11,NaN,NaN,NaN,NaN,NaN,NaN,NaN,NaN
1,NaN,NaN,NaN,NaN,NaN,NaN,NaN,NaN
2,NaN,NaN,NaN,NaN,NaN,NaN,NaN,NaN
3,NaN,NaN,NaN,NaN,NaN,NaN,NaN,NaN
4,NaN,NaN,NaN,NaN,NaN,NaN,NaN,NaN
5,NaN,NaN,NaN,NaN,NaN,NaN,NaN,NaN
6,NaN,NaN,NaN,NaN,NaN,NaN,NaN,NaN
7,NaN,NaN,NaN,NaN,NaN,NaN,NaN,NaN
8,NaN,NaN,NaN,NaN,NaN,NaN,NaN,NaN
9,NaN,NaN,NaN,NaN,NaN,NaN,NaN,NaN
10,NaN,NaN,NaN,NaN,NaN,NaN,NaN,NaN
11,NaN,NaN,NaN,NaN,NaN,NaN,NaN,NaN
1,NaN,NaN,NaN,NaN,NaN,NaN,NaN,NaN
2,NaN,NaN,NaN,NaN,NaN,NaN,NaN,NaN
3,NaN,NaN,NaN,NaN,NaN,NaN,NaN,NaN
4,NaN,NaN,NaN,NaN,NaN,NaN,NaN,NaN
5,NaN,NaN,NaN,NaN,NaN,NaN,NaN,NaN
6,NaN,NaN,NaN,NaN,NaN,NaN,NaN,NaN
7,NaN,NaN,NaN,NaN,NaN,NaN,NaN,NaN
8,NaN,NaN,NaN,NaN,NaN,NaN,NaN,NaN
9,NaN,NaN,NaN,NaN,NaN,NaN,NaN,NaN
10,NaN,NaN,NaN,NaN,NaN,NaN,NaN,NaN
11,NaN,NaN,NaN,NaN,NaN,NaN,NaN,NaN
1,NaN,NaN,NaN,NaN,NaN,NaN,NaN,NaN
2,NaN,NaN,NaN,NaN,NaN,NaN,NaN,NaN
3,NaN,NaN,NaN,NaN,NaN,NaN,NaN,NaN
4,NaN,NaN,NaN,NaN,NaN,NaN,NaN,NaN
5,NaN,NaN,NaN,NaN,NaN,NaN,NaN,NaN
6,NaN,NaN,NaN,NaN,NaN,NaN,NaN,NaN
7,NaN,NaN,NaN,NaN,NaN,NaN,NaN,NaN
8,NaN,NaN,NaN,NaN,NaN,NaN,NaN,NaN
9,NaN,NaN,NaN,NaN,NaN,NaN,NaN,NaN
10,NaN,NaN,NaN,NaN,NaN,NaN,NaN,NaN
11,NaN,NaN,NaN,NaN,NaN,NaN,NaN,NaN
1,NaN,NaN,NaN,NaN,NaN,NaN,NaN,NaN
2,NaN,NaN,NaN,NaN,NaN,NaN,NaN,NaN
3,NaN,NaN,NaN,NaN,NaN,NaN,NaN,NaN
4,NaN,NaN,NaN,NaN,NaN,NaN,NaN,NaN
5,NaN,NaN,NaN,NaN,NaN,NaN,NaN,NaN
6,NaN,NaN,NaN,NaN,NaN,NaN,NaN,NaN
7,NaN,NaN,NaN,NaN,NaN,NaN,NaN,NaN
8,NaN,NaN,NaN,NaN,NaN,NaN,NaN,NaN
9,NaN,NaN,NaN,NaN,NaN,NaN,NaN,NaN
10,NaN,NaN,NaN,NaN,NaN,NaN,NaN,NaN
11,NaN,NaN,NaN,NaN,NaN,NaN,NaN,NaN
1,NaN,NaN,NaN,NaN,NaN,NaN,NaN,NaN
2,NaN,NaN,NaN,NaN,NaN,NaN,NaN,NaN
3,NaN,NaN,NaN,NaN,NaN,NaN,NaN,NaN
4,NaN,NaN,NaN,NaN,NaN,NaN,NaN,NaN
5,NaN,NaN,NaN,NaN,NaN,NaN,NaN,NaN
6,NaN,NaN,NaN,NaN,NaN,NaN,NaN,NaN
7,NaN,NaN,NaN,NaN,NaN,NaN,NaN,NaN
8,NaN,NaN,NaN,NaN,NaN,NaN,NaN,NaN
9,NaN,NaN,NaN,NaN,NaN,NaN,NaN,NaN
10,NaN,NaN,NaN,NaN,NaN,NaN,NaN,NaN
11,NaN,NaN,NaN,NaN,NaN,NaN,NaN,NaN
1,NaN,NaN,NaN,NaN,NaN,NaN,NaN,NaN
2,NaN,NaN,NaN,NaN,NaN,NaN,NaN,NaN
3,NaN,NaN,NaN,NaN,NaN,NaN,NaN,NaN
4,NaN,NaN,NaN,NaN,NaN,NaN,NaN,NaN
5,NaN,NaN,NaN,NaN,NaN,NaN,NaN,NaN
6,NaN,NaN,NaN,NaN,NaN,NaN,NaN,NaN
7,NaN,NaN,NaN,NaN,NaN,NaN,NaN,NaN
8,NaN,NaN,NaN,NaN,NaN,NaN,NaN,NaN
9,NaN,NaN,NaN,NaN,NaN,NaN,NaN,NaN
10,NaN,NaN,NaN,NaN,NaN,NaN,NaN,NaN
11,NaN,NaN,NaN,NaN,NaN,NaN,NaN,NaN
1,NaN,NaN,NaN,NaN,NaN,NaN,NaN,NaN
2,NaN,NaN,NaN,NaN,NaN,NaN,NaN,NaN
3,NaN,NaN,NaN,NaN,NaN,NaN,NaN,NaN
4,NaN,NaN,NaN,NaN,NaN,NaN,NaN,NaN
5,NaN,NaN,NaN,NaN,NaN,NaN,NaN,NaN
6,NaN,NaN,NaN,NaN,NaN,NaN,NaN,NaN
7,NaN,NaN,NaN,NaN,NaN,NaN,NaN,NaN
8,NaN,NaN,NaN,NaN,NaN,NaN,NaN,NaN
9,NaN,NaN,NaN,NaN,NaN,NaN,NaN,NaN
10,NaN,NaN,NaN,NaN,NaN,NaN,NaN,NaN
11,NaN,NaN,NaN,NaN,NaN,NaN,NaN,NaN
1,NaN,NaN,NaN,NaN,NaN,NaN,NaN,NaN
2,NaN,NaN,NaN,NaN,NaN,NaN,NaN,NaN
3,NaN,NaN,NaN,NaN,NaN,NaN,NaN,NaN
4,NaN,NaN,NaN,NaN,NaN,NaN,NaN,NaN
5,NaN,NaN,NaN,NaN,NaN,NaN,NaN,NaN
6,NaN,NaN,NaN,NaN,NaN,NaN,NaN,NaN
7,NaN,NaN,NaN,NaN,NaN,NaN,NaN,NaN
8,NaN,NaN,NaN,NaN,NaN,NaN,NaN,NaN
9,NaN,NaN,NaN,NaN,NaN,NaN,NaN,NaN
10,NaN,NaN,NaN,NaN,NaN,NaN,NaN,NaN
11,NaN,NaN,NaN,NaN,NaN,NaN,NaN,NaN
1,NaN,NaN,NaN,NaN,NaN,NaN,NaN,NaN
2,NaN,NaN,NaN,NaN,NaN,NaN,NaN,NaN
3,NaN,NaN,NaN,NaN,NaN,NaN,NaN,NaN
4,NaN,NaN,NaN,NaN,NaN,NaN,NaN,NaN
5,NaN,NaN,NaN,NaN,NaN,NaN,NaN,NaN
6,NaN,NaN,NaN,NaN,NaN,NaN,NaN,NaN
7,NaN,NaN,NaN,NaN,NaN,NaN,NaN,NaN
8,NaN,NaN,NaN,NaN,NaN,NaN,NaN,NaN
9,NaN,NaN,NaN,NaN,NaN,NaN,NaN,NaN
10,NaN,NaN,NaN,NaN,NaN,NaN,NaN,NaN
11,NaN,NaN,NaN,NaN,NaN,NaN,NaN,NaN
1,NaN,NaN,NaN,NaN,NaN,NaN,NaN,NaN
2,NaN,NaN,NaN,NaN,NaN,NaN,NaN,NaN
3,NaN,NaN,NaN,NaN,NaN,NaN,NaN,NaN
4,NaN,NaN,NaN,NaN,NaN,NaN,NaN,NaN
5,NaN,NaN,NaN,NaN,NaN,NaN,NaN,NaN
6,NaN,NaN,NaN,NaN,NaN,NaN,NaN,NaN
7,NaN,NaN,NaN,NaN,NaN,NaN,NaN,NaN
8,NaN,NaN,NaN,NaN,NaN,NaN,NaN,NaN
9,NaN,NaN,NaN,NaN,NaN,NaN,NaN,NaN
10,NaN,NaN,NaN,NaN,NaN,NaN,NaN,NaN
11,NaN,NaN,NaN,NaN,NaN,NaN,NaN,NaN
1,NaN,NaN,NaN,NaN,NaN,NaN,NaN,NaN
2,NaN,NaN,NaN,NaN,NaN,NaN,NaN,NaN
3,NaN,NaN,NaN,NaN,NaN,NaN,NaN,NaN
4,NaN,NaN,NaN,NaN,NaN,NaN,NaN,NaN
5,NaN,NaN,NaN,NaN,NaN,NaN,NaN,NaN
6,NaN,NaN,NaN,NaN,NaN,NaN,NaN,NaN
7,NaN,NaN,NaN,NaN,NaN,NaN,NaN,NaN
8,NaN,NaN,NaN,NaN,NaN,NaN,NaN,NaN
9,NaN,NaN,NaN,NaN,NaN,NaN,NaN,NaN
10,NaN,NaN,NaN,NaN,NaN,NaN,NaN,NaN
11,NaN,NaN,NaN,NaN,NaN,NaN,NaN,NaN
1,NaN,NaN,NaN,NaN,NaN,NaN,NaN,NaN
2,NaN,NaN,NaN,NaN,NaN,NaN,NaN,NaN
3,NaN,NaN,NaN,NaN,NaN,NaN,NaN,NaN
4,NaN,NaN,NaN,NaN,NaN,NaN,NaN,NaN
5,NaN,NaN,NaN,NaN,NaN,NaN,NaN,NaN
6,NaN,NaN,NaN,NaN,NaN,NaN,NaN,NaN
7,NaN,NaN,NaN,NaN,NaN,NaN,NaN,NaN
8,NaN,NaN,NaN,NaN,NaN,NaN,NaN,NaN
9,NaN,NaN,NaN,NaN,NaN,NaN,NaN,NaN
10,NaN,NaN,NaN,NaN,NaN,NaN,NaN,NaN
11,NaN,NaN,NaN,NaN,NaN,NaN,NaN,NaN
1,NaN,NaN,NaN,NaN,NaN,NaN,NaN,NaN
2,NaN,NaN,NaN,NaN,NaN,NaN,NaN,NaN
3,NaN,NaN,NaN,NaN,NaN,NaN,NaN,NaN
4,NaN,NaN,NaN,NaN,NaN,NaN,NaN,NaN
5,NaN,NaN,NaN,NaN,NaN,NaN,NaN,NaN
6,NaN,NaN,NaN,NaN,NaN,NaN,NaN,NaN
7,NaN,NaN,NaN,NaN,NaN,NaN,NaN,NaN
8,NaN,NaN,NaN,NaN,NaN,NaN,NaN,NaN
9,NaN,NaN,NaN,NaN,NaN,NaN,NaN,NaN
10,NaN,NaN,NaN,NaN,NaN,NaN,NaN,NaN
11,NaN,NaN,NaN,NaN,NaN,NaN,NaN,NaN
1,NaN,NaN,NaN,NaN,NaN,NaN,NaN,NaN
2,NaN,NaN,NaN,NaN,NaN,NaN,NaN,NaN
3,NaN,NaN,NaN,NaN,NaN,NaN,NaN,NaN
4,NaN,NaN,NaN,NaN,NaN,NaN,NaN,NaN
5,NaN,NaN,NaN,NaN,NaN,NaN,NaN,NaN
6,NaN,NaN,NaN,NaN,NaN,NaN,NaN,NaN
7,NaN,NaN,NaN,NaN,NaN,NaN,NaN,NaN
8,NaN,NaN,NaN,NaN,NaN,NaN,NaN,NaN
9,NaN,NaN,NaN,NaN,NaN,NaN,NaN,NaN
10,NaN,NaN,NaN,NaN,NaN,NaN,NaN,NaN
11,NaN,NaN,NaN,NaN,NaN,NaN,NaN,NaN
1,NaN,NaN,NaN,NaN,NaN,NaN,NaN,NaN
2,NaN,NaN,NaN,NaN,NaN,NaN,NaN,NaN
3,NaN,NaN,NaN,NaN,NaN,NaN,NaN,NaN
4,NaN,NaN,NaN,NaN,NaN,NaN,NaN,NaN
5,NaN,NaN,NaN,NaN,NaN,NaN,NaN,NaN
6,NaN,NaN,NaN,NaN,NaN,NaN,NaN,NaN
7,NaN,NaN,NaN,NaN,NaN,NaN,NaN,NaN
8,NaN,NaN,NaN,NaN,NaN,NaN,NaN,NaN
9,NaN,NaN,NaN,NaN,NaN,NaN,NaN,NaN
10,NaN,NaN,NaN,NaN,NaN,NaN,NaN,NaN
11,NaN,NaN,NaN,NaN,NaN,NaN,NaN,NaN
1,NaN,NaN,NaN,NaN,NaN,NaN,NaN,NaN
2,NaN,NaN,NaN,NaN,NaN,NaN,NaN,NaN
3,NaN,NaN,NaN,NaN,NaN,NaN,NaN,NaN
4,NaN,NaN,NaN,NaN,NaN,NaN,NaN,NaN
5,NaN,NaN,NaN,NaN,NaN,NaN,NaN,NaN
6,NaN,NaN,NaN,NaN,NaN,NaN,NaN,NaN
7,NaN,NaN,NaN,NaN,NaN,NaN,NaN,NaN
8,NaN,NaN,NaN,NaN,NaN,NaN,NaN,NaN
9,NaN,NaN,NaN,NaN,NaN,NaN,NaN,NaN
10,NaN,NaN,NaN,NaN,NaN,NaN,NaN,NaN
11,NaN,NaN,NaN,NaN,NaN,NaN,NaN,NaN
1,NaN,NaN,NaN,NaN,NaN,NaN,NaN,NaN
2,NaN,NaN,NaN,NaN,NaN,NaN,NaN,NaN
3,NaN,NaN,NaN,NaN,NaN,NaN,NaN,NaN
4,NaN,NaN,NaN,NaN,NaN,NaN,NaN,NaN
5,NaN,NaN,NaN,NaN,NaN,NaN,NaN,NaN
6,NaN,NaN,NaN,NaN,NaN,NaN,NaN,NaN
7,NaN,NaN,NaN,NaN,NaN,NaN,NaN,NaN
8,NaN,NaN,NaN,NaN,NaN,NaN,NaN,NaN
9,NaN,NaN,NaN,NaN,NaN,NaN,NaN,NaN
10,NaN,NaN,NaN,NaN,NaN,NaN,NaN,NaN
11,NaN,NaN,NaN,NaN,NaN,NaN,NaN,NaN
1,NaN,NaN,NaN,NaN,NaN,NaN,NaN,NaN
2,NaN,NaN,NaN,NaN,NaN,NaN,NaN,NaN
3,NaN,NaN,NaN,NaN,NaN,NaN,NaN,NaN
4,NaN,NaN,NaN,NaN,NaN,NaN,NaN,NaN
5,NaN,NaN,NaN,NaN,NaN,NaN,NaN,NaN
6,NaN,NaN,NaN,NaN,NaN,NaN,NaN,NaN
7,NaN,NaN,NaN,NaN,NaN,NaN,NaN,NaN
8,NaN,NaN,NaN,NaN,NaN,NaN,NaN,NaN
9,NaN,NaN,NaN,NaN,NaN,NaN,NaN,NaN
10,NaN,NaN,NaN,NaN,NaN,NaN,NaN,NaN
11,NaN,NaN,NaN,NaN,NaN,NaN,NaN,NaN
1,NaN,NaN,NaN,NaN,NaN,NaN,NaN,NaN
2,NaN,NaN,NaN,NaN,NaN,NaN,NaN,NaN
3,NaN,NaN,NaN,NaN,NaN,NaN,NaN,NaN
4,NaN,NaN,NaN,NaN,NaN,NaN,NaN,NaN
5,NaN,NaN,NaN,NaN,NaN,NaN,NaN,NaN
6,NaN,NaN,NaN,NaN,NaN,NaN,NaN,NaN
7,NaN,NaN,NaN,NaN,NaN,NaN,NaN,NaN
8,NaN,NaN,NaN,NaN,NaN,NaN,NaN,NaN
9,NaN,NaN,NaN,NaN,NaN,NaN,NaN,NaN
10,NaN,NaN,NaN,NaN,NaN,NaN,NaN,NaN
11,NaN,NaN,NaN,NaN,NaN,NaN,NaN,NaN
1,NaN,NaN,NaN,NaN,NaN,NaN,NaN,NaN
2,NaN,NaN,NaN,NaN,NaN,NaN,NaN,NaN
3,NaN,NaN,NaN,NaN,NaN,NaN,NaN,NaN
4,NaN,NaN,NaN,NaN,NaN,NaN,NaN,NaN
5,NaN,NaN,NaN,NaN,NaN,NaN,NaN,NaN
6,NaN,NaN,NaN,NaN,NaN,NaN,NaN,NaN
7,NaN,NaN,NaN,NaN,NaN,NaN,NaN,NaN
8,NaN,NaN,NaN,NaN,NaN,NaN,NaN,NaN
9,NaN,NaN,NaN,NaN,NaN,NaN,NaN,NaN
10,NaN,NaN,NaN,NaN,NaN,NaN,NaN,NaN
11,NaN,NaN,NaN,NaN,NaN,NaN,NaN,NaN
1,NaN,NaN,NaN,NaN,NaN,NaN,NaN,NaN
2,NaN,NaN,NaN,NaN,NaN,NaN,NaN,NaN
3,NaN,NaN,NaN,NaN,NaN,NaN,NaN,NaN
4,NaN,NaN,NaN,NaN,NaN,NaN,NaN,NaN
5,NaN,NaN,NaN,NaN,NaN,NaN,NaN,NaN
6,NaN,NaN,NaN,NaN,NaN,NaN,NaN,NaN
7,NaN,NaN,NaN,NaN,NaN,NaN,NaN,NaN
8,NaN,NaN,NaN,NaN,NaN,NaN,NaN,NaN
9,NaN,NaN,NaN,NaN,NaN,NaN,NaN,NaN
10,NaN,NaN,NaN,NaN,NaN,NaN,NaN,NaN
11,NaN,NaN,NaN,NaN,NaN,NaN,NaN,NaN
1,NaN,NaN,NaN,NaN,NaN,NaN,NaN,NaN
2,NaN,NaN,NaN,NaN,NaN,NaN,NaN,NaN
3,NaN,NaN,NaN,NaN,NaN,NaN,NaN,NaN
4,NaN,NaN,NaN,NaN,NaN,NaN,NaN,NaN
5,NaN,NaN,NaN,NaN,NaN,NaN,NaN,NaN
6,NaN,NaN,NaN,NaN,NaN,NaN,NaN,NaN
7,NaN,NaN,NaN,NaN,NaN,NaN,NaN,NaN
8,NaN,NaN,NaN,NaN,NaN,NaN,NaN,NaN
9,NaN,NaN,NaN,NaN,NaN,NaN,NaN,NaN
10,NaN,NaN,NaN,NaN,NaN,NaN,NaN,NaN
11,NaN,NaN,NaN,NaN,NaN,NaN,NaN,NaN
1,NaN,NaN,NaN,NaN,NaN,NaN,NaN,NaN
2,NaN,NaN,NaN,NaN,NaN,NaN,NaN,NaN
3,NaN,NaN,NaN,NaN,NaN,NaN,NaN,NaN
4,NaN,NaN,NaN,NaN,NaN,NaN,NaN,NaN
5,NaN,NaN,NaN,NaN,NaN,NaN,NaN,NaN
6,NaN,NaN,NaN,NaN,NaN,NaN,NaN,NaN
7,NaN,NaN,NaN,NaN,NaN,NaN,NaN,NaN
8,NaN,NaN,NaN,NaN,NaN,NaN,NaN,NaN
9,NaN,NaN,NaN,NaN,NaN,NaN,NaN,NaN
10,NaN,NaN,NaN,NaN,NaN,NaN,NaN,NaN
11,NaN,NaN,NaN,NaN,NaN,NaN,NaN,NaN
1,NaN,NaN,NaN,NaN,NaN,NaN,NaN,NaN
2,NaN,NaN,NaN,NaN,NaN,NaN,NaN,NaN
3,NaN,NaN,NaN,NaN,NaN,NaN,NaN,NaN
4,NaN,NaN,NaN,NaN,NaN,NaN,NaN,NaN
5,NaN,NaN,NaN,NaN,NaN,NaN,NaN,NaN
6,NaN,NaN,NaN,NaN,NaN,NaN,NaN,NaN
7,NaN,NaN,NaN,NaN,NaN,NaN,NaN,NaN
8,NaN,NaN,NaN,NaN,NaN,NaN,NaN,NaN
9,NaN,NaN,NaN,NaN,NaN,NaN,NaN,NaN
10,NaN,NaN,NaN,NaN,NaN,NaN,NaN,NaN
11,NaN,NaN,NaN,NaN,NaN,NaN,NaN,NaN
1,NaN,NaN,NaN,NaN,NaN,NaN,NaN,NaN
2,NaN,NaN,NaN,NaN,NaN,NaN,NaN,NaN
3,NaN,NaN,NaN,NaN,NaN,NaN,NaN,NaN
4,NaN,NaN,NaN,NaN,NaN,NaN,NaN,NaN
5,NaN,NaN,NaN,NaN,NaN,NaN,NaN,NaN
6,NaN,NaN,NaN,NaN,NaN,NaN,NaN,NaN
7,NaN,NaN,NaN,NaN,NaN,NaN,NaN,NaN
8,NaN,NaN,NaN,NaN,NaN,NaN,NaN,NaN
9,NaN,NaN,NaN,NaN,NaN,NaN,NaN,NaN
10,NaN,NaN,NaN,NaN,NaN,NaN,NaN,NaN
11,NaN,NaN,NaN,NaN,NaN,NaN,NaN,NaN
1,NaN,NaN,NaN,NaN,NaN,NaN,NaN,NaN
2,NaN,NaN,NaN,NaN,NaN,NaN,NaN,NaN
3,NaN,NaN,NaN,NaN,NaN,NaN,NaN,NaN
4,NaN,NaN,NaN,NaN,NaN,NaN,NaN,NaN
5,NaN,NaN,NaN,NaN,NaN,NaN,NaN,NaN
6,NaN,NaN,NaN,NaN,NaN,NaN,NaN,NaN
7,NaN,NaN,NaN,NaN,NaN,NaN,NaN,NaN
8,NaN,NaN,NaN,NaN,NaN,NaN,NaN,NaN
9,NaN,NaN,NaN,NaN,NaN,NaN,NaN,NaN
10,NaN,NaN,NaN,NaN,NaN,NaN,NaN,NaN
11,NaN,NaN,NaN,NaN,NaN,NaN,NaN,NaN
1,NaN,NaN,NaN,NaN,NaN,NaN,NaN,NaN
2,NaN,NaN,NaN,NaN,NaN,NaN,NaN,NaN
3,NaN,NaN,NaN,NaN,NaN,NaN,NaN,NaN
4,NaN,NaN,NaN,NaN,NaN,NaN,NaN,NaN
5,NaN,NaN,NaN,NaN,NaN,NaN,NaN,NaN
6,NaN,NaN,NaN,NaN,NaN,NaN,NaN,NaN
7,NaN,NaN,NaN,NaN,NaN,NaN,NaN,NaN
8,NaN,NaN,NaN,NaN,NaN,NaN,NaN,NaN
9,NaN,NaN,NaN,NaN,NaN,NaN,NaN,NaN
10,NaN,NaN,NaN,NaN,NaN,NaN,NaN,NaN
11,NaN,NaN,NaN,NaN,NaN,NaN,NaN,NaN
1,NaN,NaN,NaN,NaN,NaN,NaN,NaN,NaN
2,NaN,NaN,NaN,NaN,NaN,NaN,NaN,NaN
3,NaN,NaN,NaN,NaN,NaN,NaN,NaN,NaN
4,NaN,NaN,NaN,NaN,NaN,NaN,NaN,NaN
5,NaN,NaN,NaN,NaN,NaN,NaN,NaN,NaN
6,NaN,NaN,NaN,NaN,NaN,NaN,NaN,NaN
7,NaN,NaN,NaN,NaN,NaN,NaN,NaN,NaN
8,NaN,NaN,NaN,NaN,NaN,NaN,NaN,NaN
9,NaN,NaN,NaN,NaN,NaN,NaN,NaN,NaN
10,NaN,NaN,NaN,NaN,NaN,NaN,NaN,NaN
11,NaN,NaN,NaN,NaN,NaN,NaN,NaN,NaN
1,NaN,NaN,NaN,NaN,NaN,NaN,NaN,NaN
2,NaN,NaN,NaN,NaN,NaN,NaN,NaN,NaN
3,NaN,NaN,NaN,NaN,NaN,NaN,NaN,NaN
4,NaN,NaN,NaN,NaN,NaN,NaN,NaN,NaN
5,NaN,NaN,NaN,NaN,NaN,NaN,NaN,NaN
6,NaN,NaN,NaN,NaN,NaN,NaN,NaN,NaN
7,NaN,NaN,NaN,NaN,NaN,NaN,NaN,NaN
8,NaN,NaN,NaN,NaN,NaN,NaN,NaN,NaN
9,NaN,NaN,NaN,NaN,NaN,NaN,NaN,NaN
10,NaN,NaN,NaN,NaN,NaN,NaN,NaN,NaN
11,NaN,NaN,NaN,NaN,NaN,NaN,NaN,NaN
1,NaN,NaN,NaN,NaN,NaN,NaN,NaN,NaN
2,NaN,NaN,NaN,NaN,NaN,NaN,NaN,NaN
3,NaN,NaN,NaN,NaN,NaN,NaN,NaN,NaN
4,NaN,NaN,NaN,NaN,NaN,NaN,NaN,NaN
5,NaN,NaN,NaN,NaN,NaN,NaN,NaN,NaN
6,NaN,NaN,NaN,NaN,NaN,NaN,NaN,NaN
7,NaN,NaN,NaN,NaN,NaN,NaN,NaN,NaN
8,NaN,NaN,NaN,NaN,NaN,NaN,NaN,NaN
9,NaN,NaN,NaN,NaN,NaN,NaN,NaN,NaN
10,NaN,NaN,NaN,NaN,NaN,NaN,NaN,NaN
11,NaN,NaN,NaN,NaN,NaN,NaN,NaN,NaN
1,NaN,NaN,NaN,NaN,NaN,NaN,NaN,NaN
2,NaN,NaN,NaN,NaN,NaN,NaN,NaN,NaN
3,NaN,NaN,NaN,NaN,NaN,NaN,NaN,NaN
4,NaN,NaN,NaN,NaN,NaN,NaN,NaN,NaN
5,NaN,NaN,NaN,NaN,NaN,NaN,NaN,NaN
6,NaN,NaN,NaN,NaN,NaN,NaN,NaN,NaN
7,NaN,NaN,NaN,NaN,NaN,NaN,NaN,NaN
8,NaN,NaN,NaN,NaN,NaN,NaN,NaN,NaN
9,NaN,NaN,NaN,NaN,NaN,NaN,NaN,NaN
10,NaN,NaN,NaN,NaN,NaN,NaN,NaN,NaN
11,NaN,NaN,NaN,NaN,NaN,NaN,NaN,NaN
1,NaN,NaN,NaN,NaN,NaN,NaN,NaN,NaN
2,NaN,NaN,NaN,NaN,NaN,NaN,NaN,NaN
3,NaN,NaN,NaN,NaN,NaN,NaN,NaN,NaN
4,NaN,NaN,NaN,NaN,NaN,NaN,NaN,NaN
5,NaN,NaN,NaN,NaN,NaN,NaN,NaN,NaN
6,NaN,NaN,NaN,NaN,NaN,NaN,NaN,NaN
7,NaN,NaN,NaN,NaN,NaN,NaN,NaN,NaN
8,NaN,NaN,NaN,NaN,NaN,NaN,NaN,NaN
9,NaN,NaN,NaN,NaN,NaN,NaN,NaN,NaN
10,NaN,NaN,NaN,NaN,NaN,NaN,NaN,NaN
11,NaN,NaN,NaN,NaN,NaN,NaN,NaN,NaN
1,NaN,NaN,NaN,NaN,NaN,NaN,NaN,NaN
2,NaN,NaN,NaN,NaN,NaN,NaN,NaN,NaN
3,NaN,NaN,NaN,NaN,NaN,NaN,NaN,NaN
4,NaN,NaN,NaN,NaN,NaN,NaN,NaN,NaN
5,NaN,NaN,NaN,NaN,NaN,NaN,NaN,NaN
6,NaN,NaN,NaN,NaN,NaN,NaN,NaN,NaN
7,NaN,NaN,NaN,NaN,NaN,NaN,NaN,NaN
8,NaN,NaN,NaN,NaN,NaN,NaN,NaN,NaN
9,NaN,NaN,NaN,NaN,NaN,NaN,NaN,NaN
10,NaN,NaN,NaN,NaN,NaN,NaN,NaN,NaN
11,NaN,NaN,NaN,NaN,NaN,NaN,NaN,NaN
1,NaN,NaN,NaN,NaN,NaN,NaN,NaN,NaN
2,NaN,NaN,NaN,NaN,NaN,NaN,NaN,NaN
3,NaN,NaN,NaN,NaN,NaN,NaN,NaN,NaN
4,NaN,NaN,NaN,NaN,NaN,NaN,NaN,NaN
5,NaN,NaN,NaN,NaN,NaN,NaN,NaN,NaN
6,NaN,NaN,NaN,NaN,NaN,NaN,NaN,NaN
7,NaN,NaN,NaN,NaN,NaN,NaN,NaN,NaN
8,NaN,NaN,NaN,NaN,NaN,NaN,NaN,NaN
9,NaN,NaN,NaN,NaN,NaN,NaN,NaN,NaN
10,NaN,NaN,NaN,NaN,NaN,NaN,NaN,NaN
11,NaN,NaN,NaN,NaN,NaN,NaN,NaN,NaN
1,NaN,NaN,NaN,NaN,NaN,NaN,NaN,NaN
2,NaN,NaN,NaN,NaN,NaN,NaN,NaN,NaN
3,NaN,NaN,NaN,NaN,NaN,NaN,NaN,NaN
4,NaN,NaN,NaN,NaN,NaN,NaN,NaN,NaN
5,NaN,NaN,NaN,NaN,NaN,NaN,NaN,NaN
6,NaN,NaN,NaN,NaN,NaN,NaN,NaN,NaN
7,NaN,NaN,NaN,NaN,NaN,NaN,NaN,NaN
8,NaN,NaN,NaN,NaN,NaN,NaN,NaN,NaN
9,NaN,NaN,NaN,NaN,NaN,NaN,NaN,NaN
10,NaN,NaN,NaN,NaN,NaN,NaN,NaN,NaN
11,NaN,NaN,NaN,NaN,NaN,NaN,NaN,NaN
1,NaN,NaN,NaN,NaN,NaN,NaN,NaN,NaN
2,NaN,NaN,NaN,NaN,NaN,NaN,NaN,NaN
3,NaN,NaN,NaN,NaN,NaN,NaN,NaN,NaN
4,NaN,NaN,NaN,NaN,NaN,NaN,NaN,NaN
5,NaN,NaN,NaN,NaN,NaN,NaN,NaN,NaN
6,NaN,NaN,NaN,NaN,NaN,NaN,NaN,NaN
7,NaN,NaN,NaN,NaN,NaN,NaN,NaN,NaN
8,NaN,NaN,NaN,NaN,NaN,NaN,NaN,NaN
9,NaN,NaN,NaN,NaN,NaN,NaN,NaN,NaN
10,NaN,NaN,NaN,NaN,NaN,NaN,NaN,NaN
11,NaN,NaN,NaN,NaN,NaN,NaN,NaN,NaN
1,NaN,NaN,NaN,NaN,NaN,NaN,NaN,NaN
2,NaN,NaN,NaN,NaN,NaN,NaN,NaN,NaN
3,NaN,NaN,NaN,NaN,NaN,NaN,NaN,NaN
4,NaN,NaN,NaN,NaN,NaN,NaN,NaN,NaN
5,NaN,NaN,NaN,NaN,NaN,NaN,NaN,NaN
6,NaN,NaN,NaN,NaN,NaN,NaN,NaN,NaN
7,NaN,NaN,NaN,NaN,NaN,NaN,NaN,NaN
8,NaN,NaN,NaN,NaN,NaN,NaN,NaN,NaN
9,NaN,NaN,NaN,NaN,NaN,NaN,NaN,NaN
10,NaN,NaN,NaN,NaN,NaN,NaN,NaN,NaN
11,NaN,NaN,NaN,NaN,NaN,NaN,NaN,NaN
1,NaN,NaN,NaN,NaN,NaN,NaN,NaN,NaN
2,NaN,NaN,NaN,NaN,NaN,NaN,NaN,NaN
3,NaN,NaN,NaN,NaN,NaN,NaN,NaN,NaN
4,NaN,NaN,NaN,NaN,NaN,NaN,NaN,NaN
5,NaN,NaN,NaN,NaN,NaN,NaN,NaN,NaN
6,NaN,NaN,NaN,NaN,NaN,NaN,NaN,NaN
7,NaN,NaN,NaN,NaN,NaN,NaN,NaN,NaN
8,NaN,NaN,NaN,NaN,NaN,NaN,NaN,NaN
9,NaN,NaN,NaN,NaN,NaN,NaN,NaN,NaN
10,NaN,NaN,NaN,NaN,NaN,NaN,NaN,NaN
11,NaN,NaN,NaN,NaN,NaN,NaN,NaN,NaN
1,NaN,NaN,NaN,NaN,NaN,NaN,NaN,NaN
2,NaN,NaN,NaN,NaN,NaN,NaN,NaN,NaN
3,NaN,NaN,NaN,NaN,NaN,NaN,NaN,NaN
4,NaN,NaN,NaN,NaN,NaN,NaN,NaN,NaN
5,NaN,NaN,NaN,NaN,NaN,NaN,NaN,NaN
6,NaN,NaN,NaN,NaN,NaN,NaN,NaN,NaN
7,NaN,NaN,NaN,NaN,NaN,NaN,NaN,NaN
8,NaN,NaN,NaN,NaN,NaN,NaN,NaN,NaN
9,NaN,NaN,NaN,NaN,NaN,NaN,NaN,NaN
10,NaN,NaN,NaN,NaN,NaN,NaN,NaN,NaN
11,NaN,NaN,NaN,NaN,NaN,NaN,NaN,NaN
1,NaN,NaN,NaN,NaN,NaN,NaN,NaN,NaN
2,NaN,NaN,NaN,NaN,NaN,NaN,NaN,NaN
3,NaN,NaN,NaN,NaN,NaN,NaN,NaN,NaN
4,NaN,NaN,NaN,NaN,NaN,NaN,NaN,NaN
5,NaN,NaN,NaN,NaN,NaN,NaN,NaN,NaN
6,NaN,NaN,NaN,NaN,NaN,NaN,NaN,NaN
7,NaN,NaN,NaN,NaN,NaN,NaN,NaN,NaN
8,NaN,NaN,NaN,NaN,NaN,NaN,NaN,NaN
9,NaN,NaN,NaN,NaN,NaN,NaN,NaN,NaN
10,NaN,NaN,NaN,NaN,NaN,NaN,NaN,NaN
11,NaN,NaN,NaN,NaN,NaN,NaN,NaN,NaN
1,NaN,NaN,NaN,NaN,NaN,NaN,NaN,NaN
2,NaN,NaN,NaN,NaN,NaN,NaN,NaN,NaN
3,NaN,NaN,NaN,NaN,NaN,NaN,NaN,NaN
4,NaN,NaN,NaN,NaN,NaN,NaN,NaN,NaN
5,NaN,NaN,NaN,NaN,NaN,NaN,NaN,NaN
6,NaN,NaN,NaN,NaN,NaN,NaN,NaN,NaN
7,NaN,NaN,NaN,NaN,NaN,NaN,NaN,NaN
8,NaN,NaN,NaN,NaN,NaN,NaN,NaN,NaN
9,NaN,NaN,NaN,NaN,NaN,NaN,NaN,NaN
10,NaN,NaN,NaN,NaN,NaN,NaN,NaN,NaN
11,NaN,NaN,NaN,NaN,NaN,NaN,NaN,NaN
1,NaN,NaN,NaN,NaN,NaN,NaN,NaN,NaN
2,NaN,NaN,NaN,NaN,NaN,NaN,NaN,NaN
3,NaN,NaN,NaN,NaN,NaN,NaN,NaN,NaN
4,NaN,NaN,NaN,NaN,NaN,NaN,NaN,NaN
5,NaN,NaN,NaN,NaN,NaN,NaN,NaN,NaN
6,NaN,NaN,NaN,NaN,NaN,NaN,NaN,NaN
7,NaN,NaN,NaN,NaN,NaN,NaN,NaN,NaN
8,NaN,NaN,NaN,NaN,NaN,NaN,NaN,NaN
9,NaN,NaN,NaN,NaN,NaN,NaN,NaN,NaN
10,NaN,NaN,NaN,NaN,NaN,NaN,NaN,NaN
11,NaN,NaN,NaN,NaN,NaN,NaN,NaN,NaN
1,NaN,NaN,NaN,NaN,NaN,NaN,NaN,NaN
2,NaN,NaN,NaN,NaN,NaN,NaN,NaN,NaN
3,NaN,NaN,NaN,NaN,NaN,NaN,NaN,NaN
4,NaN,NaN,NaN,NaN,NaN,NaN,NaN,NaN
5,NaN,NaN,NaN,NaN,NaN,NaN,NaN,NaN
6,NaN,NaN,NaN,NaN,NaN,NaN,NaN,NaN
7,NaN,NaN,NaN,NaN,NaN,NaN,NaN,NaN
8,NaN,NaN,NaN,NaN,NaN,NaN,NaN,NaN
9,NaN,NaN,NaN,NaN,NaN,NaN,NaN,NaN
10,NaN,NaN,NaN,NaN,NaN,NaN,NaN,NaN
11,NaN,NaN,NaN,NaN,NaN,NaN,NaN,NaN
1,NaN,NaN,NaN,NaN,NaN,NaN,NaN,NaN
2,NaN,NaN,NaN,NaN,NaN,NaN,NaN,NaN
3,NaN,NaN,NaN,NaN,NaN,NaN,NaN,NaN
4,NaN,NaN,NaN,NaN,NaN,NaN,NaN,NaN
5,NaN,NaN,NaN,NaN,NaN,NaN,NaN,NaN
6,NaN,NaN,NaN,NaN,NaN,NaN,NaN,NaN
7,NaN,NaN,NaN,NaN,NaN,NaN,NaN,NaN
8,NaN,NaN,NaN,NaN,NaN,NaN,NaN,NaN
9,NaN,NaN,NaN,NaN,NaN,NaN,NaN,NaN
10,NaN,NaN,NaN,NaN,NaN,NaN,NaN,NaN
11,NaN,NaN,NaN,NaN,NaN,NaN,NaN,NaN
1,NaN,NaN,NaN,NaN,NaN,NaN,NaN,NaN
2,NaN,NaN,NaN,NaN,NaN,NaN,NaN,NaN
3,NaN,NaN,NaN,NaN,NaN,NaN,NaN,NaN
4,NaN,NaN,NaN,NaN,NaN,NaN,NaN,NaN
5,NaN,NaN,NaN,NaN,NaN,NaN,NaN,NaN
6,NaN,NaN,NaN,NaN,NaN,NaN,NaN,NaN
7,NaN,NaN,NaN,NaN,NaN,NaN,NaN,NaN
8,NaN,NaN,NaN,NaN,NaN,NaN,NaN,NaN
9,NaN,NaN,NaN,NaN,NaN,NaN,NaN,NaN
10,NaN,NaN,NaN,NaN,NaN,NaN,NaN,NaN
11,NaN,NaN,NaN,NaN,NaN,NaN,NaN,NaN
1,NaN,NaN,NaN,NaN,NaN,NaN,NaN,NaN
2,NaN,NaN,NaN,NaN,NaN,NaN,NaN,NaN
3,NaN,NaN,NaN,NaN,NaN,NaN,NaN,NaN
4,NaN,NaN,NaN,NaN,NaN,NaN,NaN,NaN
5,NaN,NaN,NaN,NaN,NaN,NaN,NaN,NaN
6,NaN,NaN,NaN,NaN,NaN,NaN,NaN,NaN
7,NaN,NaN,NaN,NaN,NaN,NaN,NaN,NaN
8,NaN,NaN,NaN,NaN,NaN,NaN,NaN,NaN
9,NaN,NaN,NaN,NaN,NaN,NaN,NaN,NaN
10,NaN,NaN,NaN,NaN,NaN,NaN,NaN,NaN
11,NaN,NaN,NaN,NaN,NaN,NaN,NaN,NaN
1,NaN,NaN,NaN,NaN,NaN,NaN,NaN,NaN
2,NaN,NaN,NaN,NaN,NaN,NaN,NaN,NaN
3,NaN,NaN,NaN,NaN,NaN,NaN,NaN,NaN
4,NaN,NaN,NaN,NaN,NaN,NaN,NaN,NaN
5,NaN,NaN,NaN,NaN,NaN,NaN,NaN,NaN
6,NaN,NaN,NaN,NaN,NaN,NaN,NaN,NaN
7,NaN,NaN,NaN,NaN,NaN,NaN,NaN,NaN
8,NaN,NaN,NaN,NaN,NaN,NaN,NaN,NaN
9,NaN,NaN,NaN,NaN,NaN,NaN,NaN,NaN
10,NaN,NaN,NaN,NaN,NaN,NaN,NaN,NaN
11,NaN,NaN,NaN,NaN,NaN,NaN,NaN,NaN
1,NaN,NaN,NaN,NaN,NaN,NaN,NaN,NaN
2,NaN,NaN,NaN,NaN,NaN,NaN,NaN,NaN
3,NaN,NaN,NaN,NaN,NaN,NaN,NaN,NaN
4,NaN,NaN,NaN,NaN,NaN,NaN,NaN,NaN
5,NaN,NaN,NaN,NaN,NaN,NaN,NaN,NaN
6,NaN,NaN,NaN,NaN,NaN,NaN,NaN,NaN
7,NaN,NaN,NaN,NaN,NaN,NaN,NaN,NaN
8,NaN,NaN,NaN,NaN,NaN,NaN,NaN,NaN
9,NaN,NaN,NaN,NaN,NaN,NaN,NaN,NaN
10,NaN,NaN,NaN,NaN,NaN,NaN,NaN,NaN
11,NaN,NaN,NaN,NaN,NaN,NaN,NaN,NaN
1,NaN,NaN,NaN,NaN,NaN,NaN,NaN,NaN
2,NaN,NaN,NaN,NaN,NaN,NaN,NaN,NaN
3,NaN,NaN,NaN,NaN,NaN,NaN,NaN,NaN
4,NaN,NaN,NaN,NaN,NaN,NaN,NaN,NaN
5,NaN,NaN,NaN,NaN,NaN,NaN,NaN,NaN
6,NaN,NaN,NaN,NaN,NaN,NaN,NaN,NaN
7,NaN,NaN,NaN,NaN,NaN,NaN,NaN,NaN
8,NaN,NaN,NaN,NaN,NaN,NaN,NaN,NaN
9,NaN,NaN,NaN,NaN,NaN,NaN,NaN,NaN
10,NaN,NaN,NaN,NaN,NaN,NaN,NaN,NaN
11,NaN,NaN,NaN,NaN,NaN,NaN,NaN,NaN
1,NaN,NaN,NaN,NaN,NaN,NaN,NaN,NaN
2,NaN,NaN,NaN,NaN,NaN,NaN,NaN,NaN
3,NaN,NaN,NaN,NaN,NaN,NaN,NaN,NaN
4,NaN,NaN,NaN,NaN,NaN,NaN,NaN,NaN
5,NaN,NaN,NaN,NaN,NaN,NaN,NaN,NaN
6,NaN,NaN,NaN,NaN,NaN,NaN,NaN,NaN
7,NaN,NaN,NaN,NaN,NaN,NaN,NaN,NaN
8,NaN,NaN,NaN,NaN,NaN,NaN,NaN,NaN
9,NaN,NaN,NaN,NaN,NaN,NaN,NaN,NaN
10,NaN,NaN,NaN,NaN,NaN,NaN,NaN,NaN
11,NaN,NaN,NaN,NaN,NaN,NaN,NaN,NaN
1,NaN,NaN,NaN,NaN,NaN,NaN,NaN,NaN
2,NaN,NaN,NaN,NaN,NaN,NaN,NaN,NaN
3,NaN,NaN,NaN,NaN,NaN,NaN,NaN,NaN
4,NaN,NaN,NaN,NaN,NaN,NaN,NaN,NaN
5,NaN,NaN,NaN,NaN,NaN,NaN,NaN,NaN
6,NaN,NaN,NaN,NaN,NaN,NaN,NaN,NaN
7,NaN,NaN,NaN,NaN,NaN,NaN,NaN,NaN
8,NaN,NaN,NaN,NaN,NaN,NaN,NaN,NaN
9,NaN,NaN,NaN,NaN,NaN,NaN,NaN,NaN
10,NaN,NaN,NaN,NaN,NaN,NaN,NaN,NaN
11,NaN,NaN,NaN,NaN,NaN,NaN,NaN,NaN
1,NaN,NaN,NaN,NaN,NaN,NaN,NaN,NaN
2,NaN,NaN,NaN,NaN,NaN,NaN,NaN,NaN
3,NaN,NaN,NaN,NaN,NaN,NaN,NaN,NaN
4,NaN,NaN,NaN,NaN,NaN,NaN,NaN,NaN
5,NaN,NaN,NaN,NaN,NaN,NaN,NaN,NaN
6,NaN,NaN,NaN,NaN,NaN,NaN,NaN,NaN
7,NaN,NaN,NaN,NaN,NaN,NaN,NaN,NaN
8,NaN,NaN,NaN,NaN,NaN,NaN,NaN,NaN
9,NaN,NaN,NaN,NaN,NaN,NaN,NaN,NaN
10,NaN,NaN,NaN,NaN,NaN,NaN,NaN,NaN
11,NaN,NaN,NaN,NaN,NaN,NaN,NaN,NaN
1,NaN,NaN,NaN,NaN,NaN,NaN,NaN,NaN
2,NaN,NaN,NaN,NaN,NaN,NaN,NaN,NaN
3,NaN,NaN,NaN,NaN,NaN,NaN,NaN,NaN
4,NaN,NaN,NaN,NaN,NaN,NaN,NaN,NaN
5,NaN,NaN,NaN,NaN,NaN,NaN,NaN,NaN
6,NaN,NaN,NaN,NaN,NaN,NaN,NaN,NaN
7,NaN,NaN,NaN,NaN,NaN,NaN,NaN,NaN
8,NaN,NaN,NaN,NaN,NaN,NaN,NaN,NaN
9,NaN,NaN,NaN,NaN,NaN,NaN,NaN,NaN
10,NaN,NaN,NaN,NaN,NaN,NaN,NaN,NaN
11,NaN,NaN,NaN,NaN,NaN,NaN,NaN,NaN
1,NaN,NaN,NaN,NaN,NaN,NaN,NaN,NaN
2,NaN,NaN,NaN,NaN,NaN,NaN,NaN,NaN
3,NaN,NaN,NaN,NaN,NaN,NaN,NaN,NaN
4,NaN,NaN,NaN,NaN,NaN,NaN,NaN,NaN
5,NaN,NaN,NaN,NaN,NaN,NaN,NaN,NaN
6,NaN,NaN,NaN,NaN,NaN,NaN,NaN,NaN
7,NaN,NaN,NaN,NaN,NaN,NaN,NaN,NaN
8,NaN,NaN,NaN,NaN,NaN,NaN,NaN,NaN
9,NaN,NaN,NaN,NaN,NaN,NaN,NaN,NaN
10,NaN,NaN,NaN,NaN,NaN,NaN,NaN,NaN
11,NaN,NaN,NaN,NaN,NaN,NaN,NaN,NaN
1,NaN,NaN,NaN,NaN,NaN,NaN,NaN,NaN
2,NaN,NaN,NaN,NaN,NaN,NaN,NaN,NaN
3,NaN,NaN,NaN,NaN,NaN,NaN,NaN,NaN
4,NaN,NaN,NaN,NaN,NaN,NaN,NaN,NaN
5,NaN,NaN,NaN,NaN,NaN,NaN,NaN,NaN
6,NaN,NaN,NaN,NaN,NaN,NaN,NaN,NaN
7,NaN,NaN,NaN,NaN,NaN,NaN,NaN,NaN
8,NaN,NaN,NaN,NaN,NaN,NaN,NaN,NaN
9,NaN,NaN,NaN,NaN,NaN,NaN,NaN,NaN
10,NaN,NaN,NaN,NaN,NaN,NaN,NaN,NaN
11,NaN,NaN,NaN,NaN,NaN,NaN,NaN,NaN
1,NaN,NaN,NaN,NaN,NaN,NaN,NaN,NaN
2,NaN,NaN,NaN,NaN,NaN,NaN,NaN,NaN
3,NaN,NaN,NaN,NaN,NaN,NaN,NaN,NaN
4,NaN,NaN,NaN,NaN,NaN,NaN,NaN,NaN
5,NaN,NaN,NaN,NaN,NaN,NaN,NaN,NaN
6,NaN,NaN,NaN,NaN,NaN,NaN,NaN,NaN
7,NaN,NaN,NaN,NaN,NaN,NaN,NaN,NaN
8,NaN,NaN,NaN,NaN,NaN,NaN,NaN,NaN
9,NaN,NaN,NaN,NaN,NaN,NaN,NaN,NaN
10,NaN,NaN,NaN,NaN,NaN,NaN,NaN,NaN
11,NaN,NaN,NaN,NaN,NaN,NaN,NaN,NaN
1,NaN,NaN,NaN,NaN,NaN,NaN,NaN,NaN
2,NaN,NaN,NaN,NaN,NaN,NaN,NaN,NaN
3,NaN,NaN,NaN,NaN,NaN,NaN,NaN,NaN
4,NaN,NaN,NaN,NaN,NaN,NaN,NaN,NaN
5,NaN,NaN,NaN,NaN,NaN,NaN,NaN,NaN
6,NaN,NaN,NaN,NaN,NaN,NaN,NaN,NaN
7,NaN,NaN,NaN,NaN,NaN,NaN,NaN,NaN
8,NaN,NaN,NaN,NaN,NaN,NaN,NaN,NaN
9,NaN,NaN,NaN,NaN,NaN,NaN,NaN,NaN
10,NaN,NaN,NaN,NaN,NaN,NaN,NaN,NaN
11,NaN,NaN,NaN,NaN,NaN,NaN,NaN,NaN
1,NaN,NaN,NaN,NaN,NaN,NaN,NaN,NaN
2,NaN,NaN,NaN,NaN,NaN,NaN,NaN,NaN
3,NaN,NaN,NaN,NaN,NaN,NaN,NaN,NaN
4,NaN,NaN,NaN,NaN,NaN,NaN,NaN,NaN
5,NaN,NaN,NaN,NaN,NaN,NaN,NaN,NaN
6,NaN,NaN,NaN,NaN,NaN,NaN,NaN,NaN
7,NaN,NaN,NaN,NaN,NaN,NaN,NaN,NaN
8,NaN,NaN,NaN,NaN,NaN,NaN,NaN,NaN
9,NaN,NaN,NaN,NaN,NaN,NaN,NaN,NaN
10,NaN,NaN,NaN,NaN,NaN,NaN,NaN,NaN
11,NaN,NaN,NaN,NaN,NaN,NaN,NaN,NaN
1,NaN,NaN,NaN,NaN,NaN,NaN,NaN,NaN
2,NaN,NaN,NaN,NaN,NaN,NaN,NaN,NaN
3,NaN,NaN,NaN,NaN,NaN,NaN,NaN,NaN
4,NaN,NaN,NaN,NaN,NaN,NaN,NaN,NaN
5,NaN,NaN,NaN,NaN,NaN,NaN,NaN,NaN
6,NaN,NaN,NaN,NaN,NaN,NaN,NaN,NaN
7,NaN,NaN,NaN,NaN,NaN,NaN,NaN,NaN
8,NaN,NaN,NaN,NaN,NaN,NaN,NaN,NaN
9,NaN,NaN,NaN,NaN,NaN,NaN,NaN,NaN
10,NaN,NaN,NaN,NaN,NaN,NaN,NaN,NaN
11,NaN,NaN,NaN,NaN,NaN,NaN,NaN,NaN
1,NaN,NaN,NaN,NaN,NaN,NaN,NaN,NaN
2,NaN,NaN,NaN,NaN,NaN,NaN,NaN,NaN
3,NaN,NaN,NaN,NaN,NaN,NaN,NaN,NaN
4,NaN,NaN,NaN,NaN,NaN,NaN,NaN,NaN
5,NaN,NaN,NaN,NaN,NaN,NaN,NaN,NaN
6,NaN,NaN,NaN,NaN,NaN,NaN,NaN,NaN
7,NaN,NaN,NaN,NaN,NaN,NaN,NaN,NaN
8,NaN,NaN,NaN,NaN,NaN,NaN,NaN,NaN
9,NaN,NaN,NaN,NaN,NaN,NaN,NaN,NaN
10,NaN,NaN,NaN,NaN,NaN,NaN,NaN,NaN
11,NaN,NaN,NaN,NaN,NaN,NaN,NaN,NaN
1,NaN,NaN,NaN,NaN,NaN,NaN,NaN,NaN
2,NaN,NaN,NaN,NaN,NaN,NaN,NaN,NaN
3,NaN,NaN,NaN,NaN,NaN,NaN,NaN,NaN
4,NaN,NaN,NaN,NaN,NaN,NaN,NaN,NaN
5,NaN,NaN,NaN,NaN,NaN,NaN,NaN,NaN
6,NaN,NaN,NaN,NaN,NaN,NaN,NaN,NaN
7,NaN,NaN,NaN,NaN,NaN,NaN,NaN,NaN
8,NaN,NaN,NaN,NaN,NaN,NaN,NaN,NaN
9,NaN,NaN,NaN,NaN,NaN,NaN,NaN,NaN
10,NaN,NaN,NaN,NaN,NaN,NaN,NaN,NaN
11,NaN,NaN,NaN,NaN,NaN,NaN,NaN,NaN
1,NaN,NaN,NaN,NaN,NaN,NaN,NaN,NaN
2,NaN,NaN,NaN,NaN,NaN,NaN,NaN,NaN
3,NaN,NaN,NaN,NaN,NaN,NaN,NaN,NaN
4,NaN,NaN,NaN,NaN,NaN,NaN,NaN,NaN
5,NaN,NaN,NaN,NaN,NaN,NaN,NaN,NaN
6,NaN,NaN,NaN,NaN,NaN,NaN,NaN,NaN
7,NaN,NaN,NaN,NaN,NaN,NaN,NaN,NaN
8,NaN,NaN,NaN,NaN,NaN,NaN,NaN,NaN
9,NaN,NaN,NaN,NaN,NaN,NaN,NaN,NaN
10,NaN,NaN,NaN,NaN,NaN,NaN,NaN,NaN
11,NaN,NaN,NaN,NaN,NaN,NaN,NaN,NaN
1,NaN,NaN,NaN,NaN,NaN,NaN,NaN,NaN
2,NaN,NaN,NaN,NaN,NaN,NaN,NaN,NaN
3,NaN,NaN,NaN,NaN,NaN,NaN,NaN,NaN
4,NaN,NaN,NaN,NaN,NaN,NaN,NaN,NaN
5,NaN,NaN,NaN,NaN,NaN,NaN,NaN,NaN
6,NaN,NaN,NaN,NaN,NaN,NaN,NaN,NaN
7,NaN,NaN,NaN,NaN,NaN,NaN,NaN,NaN
8,NaN,NaN,NaN,NaN,NaN,NaN,NaN,NaN
9,NaN,NaN,NaN,NaN,NaN,NaN,NaN,NaN
10,NaN,NaN,NaN,NaN,NaN,NaN,NaN,NaN
11,NaN,NaN,NaN,NaN,NaN,NaN,NaN,NaN
1,NaN,NaN,NaN,NaN,NaN,NaN,NaN,NaN
2,NaN,NaN,NaN,NaN,NaN,NaN,NaN,NaN
3,NaN,NaN,NaN,NaN,NaN,NaN,NaN,NaN
4,NaN,NaN,NaN,NaN,NaN,NaN,NaN,NaN
5,NaN,NaN,NaN,NaN,NaN,NaN,NaN,NaN
6,NaN,NaN,NaN,NaN,NaN,NaN,NaN,NaN
7,NaN,NaN,NaN,NaN,NaN,NaN,NaN,NaN
8,NaN,NaN,NaN,NaN,NaN,NaN,NaN,NaN
9,NaN,NaN,NaN,NaN,NaN,NaN,NaN,NaN
10,NaN,NaN,NaN,NaN,NaN,NaN,NaN,NaN
11,NaN,NaN,NaN,NaN,NaN,NaN,NaN,NaN
1,NaN,NaN,NaN,NaN,NaN,NaN,NaN,NaN
2,NaN,NaN,NaN,NaN,NaN,NaN,NaN,NaN
3,NaN,NaN,NaN,NaN,NaN,NaN,NaN,NaN
4,NaN,NaN,NaN,NaN,NaN,NaN,NaN,NaN
5,NaN,NaN,NaN,NaN,NaN,NaN,NaN,NaN
6,NaN,NaN,NaN,NaN,NaN,NaN,NaN,NaN
7,NaN,NaN,NaN,NaN,NaN,NaN,NaN,NaN
8,NaN,NaN,NaN,NaN,NaN,NaN,NaN,NaN
9,NaN,NaN,NaN,NaN,NaN,NaN,NaN,NaN
10,NaN,NaN,NaN,NaN,NaN,NaN,NaN,NaN
11,NaN,NaN,NaN,NaN,NaN,NaN,NaN,NaN
1,NaN,NaN,NaN,NaN,NaN,NaN,NaN,NaN
2,NaN,NaN,NaN,NaN,NaN,NaN,NaN,NaN
3,NaN,NaN,NaN,NaN,NaN,NaN,NaN,NaN
4,NaN,NaN,NaN,NaN,NaN,NaN,NaN,NaN
5,NaN,NaN,NaN,NaN,NaN,NaN,NaN,NaN
6,NaN,NaN,NaN,NaN,NaN,NaN,NaN,NaN
7,NaN,NaN,NaN,NaN,NaN,NaN,NaN,NaN
8,NaN,NaN,NaN,NaN,NaN,NaN,NaN,NaN
9,NaN,NaN,NaN,NaN,NaN,NaN,NaN,NaN
10,NaN,NaN,NaN,NaN,NaN,NaN,NaN,NaN
11,NaN,NaN,NaN,NaN,NaN,NaN,NaN,NaN
1,NaN,NaN,NaN,NaN,NaN,NaN,NaN,NaN
2,NaN,NaN,NaN,NaN,NaN,NaN,NaN,NaN
3,NaN,NaN,NaN,NaN,NaN,NaN,NaN,NaN
4,NaN,NaN,NaN,NaN,NaN,NaN,NaN,NaN
5,NaN,NaN,NaN,NaN,NaN,NaN,NaN,NaN
6,NaN,NaN,NaN,NaN,NaN,NaN,NaN,NaN
7,NaN,NaN,NaN,NaN,NaN,NaN,NaN,NaN
8,NaN,NaN,NaN,NaN,NaN,NaN,NaN,NaN
9,NaN,NaN,NaN,NaN,NaN,NaN,NaN,NaN
10,NaN,NaN,NaN,NaN,NaN,NaN,NaN,NaN
11,NaN,NaN,NaN,NaN,NaN,NaN,NaN,NaN
1,NaN,NaN,NaN,NaN,NaN,NaN,NaN,NaN
2,NaN,NaN,NaN,NaN,NaN,NaN,NaN,NaN
3,NaN,NaN,NaN,NaN,NaN,NaN,NaN,NaN
4,NaN,NaN,NaN,NaN,NaN,NaN,NaN,NaN
5,NaN,NaN,NaN,NaN,NaN,NaN,NaN,NaN
6,NaN,NaN,NaN,NaN,NaN,NaN,NaN,NaN
7,NaN,NaN,NaN,NaN,NaN,NaN,NaN,NaN
8,NaN,NaN,NaN,NaN,NaN,NaN,NaN,NaN
9,NaN,NaN,NaN,NaN,NaN,NaN,NaN,NaN
10,NaN,NaN,NaN,NaN,NaN,NaN,NaN,NaN
11,NaN,NaN,NaN,NaN,NaN,NaN,NaN,NaN
1,NaN,NaN,NaN,NaN,NaN,NaN,NaN,NaN
2,NaN,NaN,NaN,NaN,NaN,NaN,NaN,NaN
3,NaN,NaN,NaN,NaN,NaN,NaN,NaN,NaN
4,NaN,NaN,NaN,NaN,NaN,NaN,NaN,NaN
5,NaN,NaN,NaN,NaN,NaN,NaN,NaN,NaN
6,NaN,NaN,NaN,NaN,NaN,NaN,NaN,NaN
7,NaN,NaN,NaN,NaN,NaN,NaN,NaN,NaN
8,NaN,NaN,NaN,NaN,NaN,NaN,NaN,NaN
9,NaN,NaN,NaN,NaN,NaN,NaN,NaN,NaN
10,NaN,NaN,NaN,NaN,NaN,NaN,NaN,NaN
11,NaN,NaN,NaN,NaN,NaN,NaN,NaN,NaN
1,NaN,NaN,NaN,NaN,NaN,NaN,NaN,NaN
2,NaN,NaN,NaN,NaN,NaN,NaN,NaN,NaN
3,NaN,NaN,NaN,NaN,NaN,NaN,NaN,NaN
4,NaN,NaN,NaN,NaN,NaN,NaN,NaN,NaN
5,NaN,NaN,NaN,NaN,NaN,NaN,NaN,NaN
6,NaN,NaN,NaN,NaN,NaN,NaN,NaN,NaN
7,NaN,NaN,NaN,NaN,NaN,NaN,NaN,NaN
8,NaN,NaN,NaN,NaN,NaN,NaN,NaN,NaN
9,NaN,NaN,NaN,NaN,NaN,NaN,NaN,NaN
10,NaN,NaN,NaN,NaN,NaN,NaN,NaN,NaN
11,NaN,NaN,NaN,NaN,NaN,NaN,NaN,NaN
1,NaN,NaN,NaN,NaN,NaN,NaN,NaN,NaN
2,NaN,NaN,NaN,NaN,NaN,NaN,NaN,NaN
3,NaN,NaN,NaN,NaN,NaN,NaN,NaN,NaN
4,NaN,NaN,NaN,NaN,NaN,NaN,NaN,NaN
5,NaN,NaN,NaN,NaN,NaN,NaN,NaN,NaN
6,NaN,NaN,NaN,NaN,NaN,NaN,NaN,NaN
7,NaN,NaN,NaN,NaN,NaN,NaN,NaN,NaN
8,NaN,NaN,NaN,NaN,NaN,NaN,NaN,NaN
9,NaN,NaN,NaN,NaN,NaN,NaN,NaN,NaN
10,NaN,NaN,NaN,NaN,NaN,NaN,NaN,NaN
11,NaN,NaN,NaN,NaN,NaN,NaN,NaN,NaN
1,NaN,NaN,NaN,NaN,NaN,NaN,NaN,NaN
2,NaN,NaN,NaN,NaN,NaN,NaN,NaN,NaN
3,NaN,NaN,NaN,NaN,NaN,NaN,NaN,NaN
4,NaN,NaN,NaN,NaN,NaN,NaN,NaN,NaN
5,NaN,NaN,NaN,NaN,NaN,NaN,NaN,NaN
6,NaN,NaN,NaN,NaN,NaN,NaN,NaN,NaN
7,NaN,NaN,NaN,NaN,NaN,NaN,NaN,NaN
8,NaN,NaN,NaN,NaN,NaN,NaN,NaN,NaN
9,NaN,NaN,NaN,NaN,NaN,NaN,NaN,NaN
10,NaN,NaN,NaN,NaN,NaN,NaN,NaN,NaN
11,NaN,NaN,NaN,NaN,NaN,NaN,NaN,NaN
1,NaN,NaN,NaN,NaN,NaN,NaN,NaN,NaN
2,NaN,NaN,NaN,NaN,NaN,NaN,NaN,NaN
3,NaN,NaN,NaN,NaN,NaN,NaN,NaN,NaN
4,NaN,NaN,NaN,NaN,NaN,NaN,NaN,NaN
5,NaN,NaN,NaN,NaN,NaN,NaN,NaN,NaN
6,NaN,NaN,NaN,NaN,NaN,NaN,NaN,NaN
7,NaN,NaN,NaN,NaN,NaN,NaN,NaN,NaN
8,NaN,NaN,NaN,NaN,NaN,NaN,NaN,NaN
9,NaN,NaN,NaN,NaN,NaN,NaN,NaN,NaN
10,NaN,NaN,NaN,NaN,NaN,NaN,NaN,NaN
11,NaN,NaN,NaN,NaN,NaN,NaN,NaN,NaN
1,NaN,NaN,NaN,NaN,NaN,NaN,NaN,NaN
2,NaN,NaN,NaN,NaN,NaN,NaN,NaN,NaN
3,NaN,NaN,NaN,NaN,NaN,NaN,NaN,NaN
4,NaN,NaN,NaN,NaN,NaN,NaN,NaN,NaN
5,NaN,NaN,NaN,NaN,NaN,NaN,NaN,NaN
6,NaN,NaN,NaN,NaN,NaN,NaN,NaN,NaN
7,NaN,NaN,NaN,NaN,NaN,NaN,NaN,NaN
8,NaN,NaN,NaN,NaN,NaN,NaN,NaN,NaN
9,NaN,NaN,NaN,NaN,NaN,NaN,NaN,NaN
10,NaN,NaN,NaN,NaN,NaN,NaN,NaN,NaN
11,NaN,NaN,NaN,NaN,NaN,NaN,NaN,NaN
1,NaN,NaN,NaN,NaN,NaN,NaN,NaN,NaN
2,NaN,NaN,NaN,NaN,NaN,NaN,NaN,NaN
3,NaN,NaN,NaN,NaN,NaN,NaN,NaN,NaN
4,NaN,NaN,NaN,NaN,NaN,NaN,NaN,NaN
5,NaN,NaN,NaN,NaN,NaN,NaN,NaN,NaN
6,NaN,NaN,NaN,NaN,NaN,NaN,NaN,NaN
7,NaN,NaN,NaN,NaN,NaN,NaN,NaN,NaN
8,NaN,NaN,NaN,NaN,NaN,NaN,NaN,NaN
9,NaN,NaN,NaN,NaN,NaN,NaN,NaN,NaN
10,NaN,NaN,NaN,NaN,NaN,NaN,NaN,NaN
11,NaN,NaN,NaN,NaN,NaN,NaN,NaN,NaN
1,NaN,NaN,NaN,NaN,NaN,NaN,NaN,NaN
2,NaN,NaN,NaN,NaN,NaN,NaN,NaN,NaN
3,NaN,NaN,NaN,NaN,NaN,NaN,NaN,NaN
4,NaN,NaN,NaN,NaN,NaN,NaN,NaN,NaN
5,NaN,NaN,NaN,NaN,NaN,NaN,NaN,NaN
6,NaN,NaN,NaN,NaN,NaN,NaN,NaN,NaN
7,NaN,NaN,NaN,NaN,NaN,NaN,NaN,NaN
8,NaN,NaN,NaN,NaN,NaN,NaN,NaN,NaN
9,NaN,NaN,NaN,NaN,NaN,NaN,NaN,NaN
10,NaN,NaN,NaN,NaN,NaN,NaN,NaN,NaN
11,NaN,NaN,NaN,NaN,NaN,NaN,NaN,NaN
1,NaN,NaN,NaN,NaN,NaN,NaN,NaN,NaN
2,NaN,NaN,NaN,NaN,NaN,NaN,NaN,NaN
3,NaN,NaN,NaN,NaN,NaN,NaN,NaN,NaN
4,NaN,NaN,NaN,NaN,NaN,NaN,NaN,NaN
5,NaN,NaN,NaN,NaN,NaN,NaN,NaN,NaN
6,NaN,NaN,NaN,NaN,NaN,NaN,NaN,NaN
7,NaN,NaN,NaN,NaN,NaN,NaN,NaN,NaN
8,NaN,NaN,NaN,NaN,NaN,NaN,NaN,NaN
9,NaN,NaN,NaN,NaN,NaN,NaN,NaN,NaN
10,NaN,NaN,NaN,NaN,NaN,NaN,NaN,NaN
11,NaN,NaN,NaN,NaN,NaN,NaN,NaN,NaN
1,NaN,NaN,NaN,NaN,NaN,NaN,NaN,NaN
2,NaN,NaN,NaN,NaN,NaN,NaN,NaN,NaN
3,NaN,NaN,NaN,NaN,NaN,NaN,NaN,NaN
4,NaN,NaN,NaN,NaN,NaN,NaN,NaN,NaN
5,NaN,NaN,NaN,NaN,NaN,NaN,NaN,NaN
6,NaN,NaN,NaN,NaN,NaN,NaN,NaN,NaN
7,NaN,NaN,NaN,NaN,NaN,NaN,NaN,NaN
8,NaN,NaN,NaN,NaN,NaN,NaN,NaN,NaN
9,NaN,NaN,NaN,NaN,NaN,NaN,NaN,NaN
10,NaN,NaN,NaN,NaN,NaN,NaN,NaN,NaN
11,NaN,NaN,NaN,NaN,NaN,NaN,NaN,NaN
1,NaN,NaN,NaN,NaN,NaN,NaN,NaN,NaN
2,NaN,NaN,NaN,NaN,NaN,NaN,NaN,NaN
3,NaN,NaN,NaN,NaN,NaN,NaN,NaN,NaN
4,NaN,NaN,NaN,NaN,NaN,NaN,NaN,NaN
5,NaN,NaN,NaN,NaN,NaN,NaN,NaN,NaN
6,NaN,NaN,NaN,NaN,NaN,NaN,NaN,NaN
7,NaN,NaN,NaN,NaN,NaN,NaN,NaN,NaN
8,NaN,NaN,NaN,NaN,NaN,NaN,NaN,NaN
9,NaN,NaN,NaN,NaN,NaN,NaN,NaN,NaN
10,NaN,NaN,NaN,NaN,NaN,NaN,NaN,NaN
11,NaN,NaN,NaN,NaN,NaN,NaN,NaN,NaN
1,NaN,NaN,NaN,NaN,NaN,NaN,NaN,NaN
2,NaN,NaN,NaN,NaN,NaN,NaN,NaN,NaN
3,NaN,NaN,NaN,NaN,NaN,NaN,NaN,NaN
4,NaN,NaN,NaN,NaN,NaN,NaN,NaN,NaN
5,NaN,NaN,NaN,NaN,NaN,NaN,NaN,NaN
6,NaN,NaN,NaN,NaN,NaN,NaN,NaN,NaN
7,NaN,NaN,NaN,NaN,NaN,NaN,NaN,NaN
8,NaN,NaN,NaN,NaN,NaN,NaN,NaN,NaN
9,NaN,NaN,NaN,NaN,NaN,NaN,NaN,NaN
10,NaN,NaN,NaN,NaN,NaN,NaN,NaN,NaN
11,NaN,NaN,NaN,NaN,NaN,NaN,NaN,NaN
1,NaN,NaN,NaN,NaN,NaN,NaN,NaN,NaN
2,NaN,NaN,NaN,NaN,NaN,NaN,NaN,NaN
3,NaN,NaN,NaN,NaN,NaN,NaN,NaN,NaN
4,NaN,NaN,NaN,NaN,NaN,NaN,NaN,NaN
5,NaN,NaN,NaN,NaN,NaN,NaN,NaN,NaN
6,NaN,NaN,NaN,NaN,NaN,NaN,NaN,NaN
7,NaN,NaN,NaN,NaN,NaN,NaN,NaN,NaN
8,NaN,NaN,NaN,NaN,NaN,NaN,NaN,NaN
9,NaN,NaN,NaN,NaN,NaN,NaN,NaN,NaN
10,NaN,NaN,NaN,NaN,NaN,NaN,NaN,NaN
11,NaN,NaN,NaN,NaN,NaN,NaN,NaN,NaN
1,NaN,NaN,NaN,NaN,NaN,NaN,NaN,NaN
2,NaN,NaN,NaN,NaN,NaN,NaN,NaN,NaN
3,NaN,NaN,NaN,NaN,NaN,NaN,NaN,NaN
4,NaN,NaN,NaN,NaN,NaN,NaN,NaN,NaN
5,NaN,NaN,NaN,NaN,NaN,NaN,NaN,NaN
6,NaN,NaN,NaN,NaN,NaN,NaN,NaN,NaN
7,NaN,NaN,NaN,NaN,NaN,NaN,NaN,NaN
8,NaN,NaN,NaN,NaN,NaN,NaN,NaN,NaN
9,NaN,NaN,NaN,NaN,NaN,NaN,NaN,NaN
10,NaN,NaN,NaN,NaN,NaN,NaN,NaN,NaN
11,NaN,NaN,NaN,NaN,NaN,NaN,NaN,NaN
1,NaN,NaN,NaN,NaN,NaN,NaN,NaN,NaN
2,NaN,NaN,NaN,NaN,NaN,NaN,NaN,NaN
3,NaN,NaN,NaN,NaN,NaN,NaN,NaN,NaN
4,NaN,NaN,NaN,NaN,NaN,NaN,NaN,NaN
5,NaN,NaN,NaN,NaN,NaN,NaN,NaN,NaN
6,NaN,NaN,NaN,NaN,NaN,NaN,NaN,NaN
7,NaN,NaN,NaN,NaN,NaN,NaN,NaN,NaN
8,NaN,NaN,NaN,NaN,NaN,NaN,NaN,NaN
9,NaN,NaN,NaN,NaN,NaN,NaN,NaN,NaN
10,NaN,NaN,NaN,NaN,NaN,NaN,NaN,NaN
11,NaN,NaN,NaN,NaN,NaN,NaN,NaN,NaN
1,NaN,NaN,NaN,NaN,NaN,NaN,NaN,NaN
2,NaN,NaN,NaN,NaN,NaN,NaN,NaN,NaN
3,NaN,NaN,NaN,NaN,NaN,NaN,NaN,NaN
4,NaN,NaN,NaN,NaN,NaN,NaN,NaN,NaN
5,NaN,NaN,NaN,NaN,NaN,NaN,NaN,NaN
6,NaN,NaN,NaN,NaN,NaN,NaN,NaN,NaN
7,NaN,NaN,NaN,NaN,NaN,NaN,NaN,NaN
8,NaN,NaN,NaN,NaN,NaN,NaN,NaN,NaN
9,NaN,NaN,NaN,NaN,NaN,NaN,NaN,NaN
10,NaN,NaN,NaN,NaN,NaN,NaN,NaN,NaN
11,NaN,NaN,NaN,NaN,NaN,NaN,NaN,NaN
1,NaN,NaN,NaN,NaN,NaN,NaN,NaN,NaN
2,NaN,NaN,NaN,NaN,NaN,NaN,NaN,NaN
3,NaN,NaN,NaN,NaN,NaN,NaN,NaN,NaN
4,NaN,NaN,NaN,NaN,NaN,NaN,NaN,NaN
5,NaN,NaN,NaN,NaN,NaN,NaN,NaN,NaN
6,NaN,NaN,NaN,NaN,NaN,NaN,NaN,NaN
7,NaN,NaN,NaN,NaN,NaN,NaN,NaN,NaN
8,NaN,NaN,NaN,NaN,NaN,NaN,NaN,NaN
9,NaN,NaN,NaN,NaN,NaN,NaN,NaN,NaN
10,NaN,NaN,NaN,NaN,NaN,NaN,NaN,NaN
11,NaN,NaN,NaN,NaN,NaN,NaN,NaN,NaN
1,NaN,NaN,NaN,NaN,NaN,NaN,NaN,NaN
2,NaN,NaN,NaN,NaN,NaN,NaN,NaN,NaN
3,NaN,NaN,NaN,NaN,NaN,NaN,NaN,NaN
4,NaN,NaN,NaN,NaN,NaN,NaN,NaN,NaN
5,NaN,NaN,NaN,NaN,NaN,NaN,NaN,NaN
6,NaN,NaN,NaN,NaN,NaN,NaN,NaN,NaN
7,NaN,NaN,NaN,NaN,NaN,NaN,NaN,NaN
8,NaN,NaN,NaN,NaN,NaN,NaN,NaN,NaN
9,NaN,NaN,NaN,NaN,NaN,NaN,NaN,NaN
10,NaN,NaN,NaN,NaN,NaN,NaN,NaN,NaN
11,NaN,NaN,NaN,NaN,NaN,NaN,NaN,NaN
1,NaN,NaN,NaN,NaN,NaN,NaN,NaN,NaN
2,NaN,NaN,NaN,NaN,NaN,NaN,NaN,NaN
3,NaN,NaN,NaN,NaN,NaN,NaN,NaN,NaN
4,NaN,NaN,NaN,NaN,NaN,NaN,NaN,NaN
5,NaN,NaN,NaN,NaN,NaN,NaN,NaN,NaN
6,NaN,NaN,NaN,NaN,NaN,NaN,NaN,NaN
7,NaN,NaN,NaN,NaN,NaN,NaN,NaN,NaN
8,NaN,NaN,NaN,NaN,NaN,NaN,NaN,NaN
9,NaN,NaN,NaN,NaN,NaN,NaN,NaN,NaN
10,NaN,NaN,NaN,NaN,NaN,NaN,NaN,NaN
11,NaN,NaN,NaN,NaN,NaN,NaN,NaN,NaN
1,NaN,NaN,NaN,NaN,NaN,NaN,NaN,NaN
2,NaN,NaN,NaN,NaN,NaN,NaN,NaN,NaN
3,NaN,NaN,NaN,NaN,NaN,NaN,NaN,NaN
4,NaN,NaN,NaN,NaN,NaN,NaN,NaN,NaN
5,NaN,NaN,NaN,NaN,NaN,NaN,NaN,NaN
6,NaN,NaN,NaN,NaN,NaN,NaN,NaN,NaN
7,NaN,NaN,NaN,NaN,NaN,NaN,NaN,NaN
8,NaN,NaN,NaN,NaN,NaN,NaN,NaN,NaN
9,NaN,NaN,NaN,NaN,NaN,NaN,NaN,NaN
10,NaN,NaN,NaN,NaN,NaN,NaN,NaN,NaN
11,NaN,NaN,NaN,NaN,NaN,NaN,NaN,NaN
1,NaN,NaN,NaN,NaN,NaN,NaN,NaN,NaN
2,NaN,NaN,NaN,NaN,NaN,NaN,NaN,NaN
3,NaN,NaN,NaN,NaN,NaN,NaN,NaN,NaN
4,NaN,NaN,NaN,NaN,NaN,NaN,NaN,NaN
5,NaN,NaN,NaN,NaN,NaN,NaN,NaN,NaN
6,NaN,NaN,NaN,NaN,NaN,NaN,NaN,NaN
7,NaN,NaN,NaN,NaN,NaN,NaN,NaN,NaN
8,NaN,NaN,NaN,NaN,NaN,NaN,NaN,NaN
9,NaN,NaN,NaN,NaN,NaN,NaN,NaN,NaN
10,NaN,NaN,NaN,NaN,NaN,NaN,NaN,NaN
11,NaN,NaN,NaN,NaN,NaN,NaN,NaN,NaN
1,NaN,NaN,NaN,NaN,NaN,NaN,NaN,NaN
2,NaN,NaN,NaN,NaN,NaN,NaN,NaN,NaN
3,NaN,NaN,NaN,NaN,NaN,NaN,NaN,NaN
4,NaN,NaN,NaN,NaN,NaN,NaN,NaN,NaN
5,NaN,NaN,NaN,NaN,NaN,NaN,NaN,NaN
6,NaN,NaN,NaN,NaN,NaN,NaN,NaN,NaN
7,NaN,NaN,NaN,NaN,NaN,NaN,NaN,NaN
8,NaN,NaN,NaN,NaN,NaN,NaN,NaN,NaN
9,NaN,NaN,NaN,NaN,NaN,NaN,NaN,NaN
10,NaN,NaN,NaN,NaN,NaN,NaN,NaN,NaN
11,NaN,NaN,NaN,NaN,NaN,NaN,NaN,NaN
1,NaN,NaN,NaN,NaN,NaN,NaN,NaN,NaN
2,NaN,NaN,NaN,NaN,NaN,NaN,NaN,NaN
3,NaN,NaN,NaN,NaN,NaN,NaN,NaN,NaN
4,NaN,NaN,NaN,NaN,NaN,NaN,NaN,NaN
5,NaN,NaN,NaN,NaN,NaN,NaN,NaN,NaN
6,NaN,NaN,NaN,NaN,NaN,NaN,NaN,NaN
7,NaN,NaN,NaN,NaN,NaN,NaN,NaN,NaN
8,NaN,NaN,NaN,NaN,NaN,NaN,NaN,NaN
9,NaN,NaN,NaN,NaN,NaN,NaN,NaN,NaN
10,NaN,NaN,NaN,NaN,NaN,NaN,NaN,NaN
11,NaN,NaN,NaN,NaN,NaN,NaN,NaN,NaN
1,NaN,NaN,NaN,NaN,NaN,NaN,NaN,NaN
2,NaN,NaN,NaN,NaN,NaN,NaN,NaN,NaN
3,NaN,NaN,NaN,NaN,NaN,NaN,NaN,NaN
4,NaN,NaN,NaN,NaN,NaN,NaN,NaN,NaN
5,NaN,NaN,NaN,NaN,NaN,NaN,NaN,NaN
6,NaN,NaN,NaN,NaN,NaN,NaN,NaN,NaN
7,NaN,NaN,NaN,NaN,NaN,NaN,NaN,NaN
8,NaN,NaN,NaN,NaN,NaN,NaN,NaN,NaN
9,NaN,NaN,NaN,NaN,NaN,NaN,NaN,NaN
10,NaN,NaN,NaN,NaN,NaN,NaN,NaN,NaN
11,NaN,NaN,NaN,NaN,NaN,NaN,NaN,NaN
1,NaN,NaN,NaN,NaN,NaN,NaN,NaN,NaN
2,NaN,NaN,NaN,NaN,NaN,NaN,NaN,NaN
3,NaN,NaN,NaN,NaN,NaN,NaN,NaN,NaN
4,NaN,NaN,NaN,NaN,NaN,NaN,NaN,NaN
5,NaN,NaN,NaN,NaN,NaN,NaN,NaN,NaN
6,NaN,NaN,NaN,NaN,NaN,NaN,NaN,NaN
7,NaN,NaN,NaN,NaN,NaN,NaN,NaN,NaN
8,NaN,NaN,NaN,NaN,NaN,NaN,NaN,NaN
9,NaN,NaN,NaN,NaN,NaN,NaN,NaN,NaN
10,NaN,NaN,NaN,NaN,NaN,NaN,NaN,NaN
11,NaN,NaN,NaN,NaN,NaN,NaN,NaN,NaN
1,NaN,NaN,NaN,NaN,NaN,NaN,NaN,NaN
2,NaN,NaN,NaN,NaN,NaN,NaN,NaN,NaN
3,NaN,NaN,NaN,NaN,NaN,NaN,NaN,NaN
4,NaN,NaN,NaN,NaN,NaN,NaN,NaN,NaN
5,NaN,NaN,NaN,NaN,NaN,NaN,NaN,NaN
6,NaN,NaN,NaN,NaN,NaN,NaN,NaN,NaN
7,NaN,NaN,NaN,NaN,NaN,NaN,NaN,NaN
8,NaN,NaN,NaN,NaN,NaN,NaN,NaN,NaN
9,NaN,NaN,NaN,NaN,NaN,NaN,NaN,NaN
10,NaN,NaN,NaN,NaN,NaN,NaN,NaN,NaN
11,NaN,NaN,NaN,NaN,NaN,NaN,NaN,NaN
1,NaN,NaN,NaN,NaN,NaN,NaN,NaN,NaN
2,NaN,NaN,NaN,NaN,NaN,NaN,NaN,NaN
3,NaN,NaN,NaN,NaN,NaN,NaN,NaN,NaN
4,NaN,NaN,NaN,NaN,NaN,NaN,NaN,NaN
5,NaN,NaN,NaN,NaN,NaN,NaN,NaN,NaN
6,NaN,NaN,NaN,NaN,NaN,NaN,NaN,NaN
7,NaN,NaN,NaN,NaN,NaN,NaN,NaN,NaN
8,NaN,NaN,NaN,NaN,NaN,NaN,NaN,NaN
9,NaN,NaN,NaN,NaN,NaN,NaN,NaN,NaN
10,NaN,NaN,NaN,NaN,NaN,NaN,NaN,NaN
11,NaN,NaN,NaN,NaN,NaN,NaN,NaN,NaN
1,NaN,NaN,NaN,NaN,NaN,NaN,NaN,NaN
2,NaN,NaN,NaN,NaN,NaN,NaN,NaN,NaN
3,NaN,NaN,NaN,NaN,NaN,NaN,NaN,NaN
4,NaN,NaN,NaN,NaN,NaN,NaN,NaN,NaN
5,NaN,NaN,NaN,NaN,NaN,NaN,NaN,NaN
6,NaN,NaN,NaN,NaN,NaN,NaN,NaN,NaN
7,NaN,NaN,NaN,NaN,NaN,NaN,NaN,NaN
8,NaN,NaN,NaN,NaN,NaN,NaN,NaN,NaN
9,NaN,NaN,NaN,NaN,NaN,NaN,NaN,NaN
10,NaN,NaN,NaN,NaN,NaN,NaN,NaN,NaN
11,NaN,NaN,NaN,NaN,NaN,NaN,NaN,NaN
1,NaN,NaN,NaN,NaN,NaN,NaN,NaN,NaN
2,NaN,NaN,NaN,NaN,NaN,NaN,NaN,NaN
3,NaN,NaN,NaN,NaN,NaN,NaN,NaN,NaN
4,NaN,NaN,NaN,NaN,NaN,NaN,NaN,NaN
5,NaN,NaN,NaN,NaN,NaN,NaN,NaN,NaN
6,NaN,NaN,NaN,NaN,NaN,NaN,NaN,NaN
7,NaN,NaN,NaN,NaN,NaN,NaN,NaN,NaN
8,NaN,NaN,NaN,NaN,NaN,NaN,NaN,NaN
9,NaN,NaN,NaN,NaN,NaN,NaN,NaN,NaN
10,NaN,NaN,NaN,NaN,NaN,NaN,NaN,NaN
11,NaN,NaN,NaN,NaN,NaN,NaN,NaN,NaN
1,NaN,NaN,NaN,NaN,NaN,NaN,NaN,NaN
2,NaN,NaN,NaN,NaN,NaN,NaN,NaN,NaN
3,NaN,NaN,NaN,NaN,NaN,NaN,NaN,NaN
4,NaN,NaN,NaN,NaN,NaN,NaN,NaN,NaN
5,NaN,NaN,NaN,NaN,NaN,NaN,NaN,NaN
6,NaN,NaN,NaN,NaN,NaN,NaN,NaN,NaN
7,NaN,NaN,NaN,NaN,NaN,NaN,NaN,NaN
8,NaN,NaN,NaN,NaN,NaN,NaN,NaN,NaN
9,NaN,NaN,NaN,NaN,NaN,NaN,NaN,NaN
10,NaN,NaN,NaN,NaN,NaN,NaN,NaN,NaN
11,NaN,NaN,NaN,NaN,NaN,NaN,NaN,NaN
1,NaN,NaN,NaN,NaN,NaN,NaN,NaN,NaN
2,NaN,NaN,NaN,NaN,NaN,NaN,NaN,NaN
3,NaN,NaN,NaN,NaN,NaN,NaN,NaN,NaN
4,NaN,NaN,NaN,NaN,NaN,NaN,NaN,NaN
5,NaN,NaN,NaN,NaN,NaN,NaN,NaN,NaN
6,NaN,NaN,NaN,NaN,NaN,NaN,NaN,NaN
7,NaN,NaN,NaN,NaN,NaN,NaN,NaN,NaN
8,NaN,NaN,NaN,NaN,NaN,NaN,NaN,NaN
9,NaN,NaN,NaN,NaN,NaN,NaN,NaN,NaN
10,NaN,NaN,NaN,NaN,NaN,NaN,NaN,NaN
11,NaN,NaN,NaN,NaN,NaN,NaN,NaN,NaN
1,NaN,NaN,NaN,NaN,NaN,NaN,NaN,NaN
2,NaN,NaN,NaN,NaN,NaN,NaN,NaN,NaN
3,NaN,NaN,NaN,NaN,NaN,NaN,NaN,NaN
4,NaN,NaN,NaN,NaN,NaN,NaN,NaN,NaN
5,NaN,NaN,NaN,NaN,NaN,NaN,NaN,NaN
6,NaN,NaN,NaN,NaN,NaN,NaN,NaN,NaN
7,NaN,NaN,NaN,NaN,NaN,NaN,NaN,NaN
8,NaN,NaN,NaN,NaN,NaN,NaN,NaN,NaN
9,NaN,NaN,NaN,NaN,NaN,NaN,NaN,NaN
10,NaN,NaN,NaN,NaN,NaN,NaN,NaN,NaN
11,NaN,NaN,NaN,NaN,NaN,NaN,NaN,NaN
1,NaN,NaN,NaN,NaN,NaN,NaN,NaN,NaN
2,NaN,NaN,NaN,NaN,NaN,NaN,NaN,NaN
3,NaN,NaN,NaN,NaN,NaN,NaN,NaN,NaN
4,NaN,NaN,NaN,NaN,NaN,NaN,NaN,NaN
5,NaN,NaN,NaN,NaN,NaN,NaN,NaN,NaN
6,NaN,NaN,NaN,NaN,NaN,NaN,NaN,NaN
7,NaN,NaN,NaN,NaN,NaN,NaN,NaN,NaN
8,NaN,NaN,NaN,NaN,NaN,NaN,NaN,NaN
9,NaN,NaN,NaN,NaN,NaN,NaN,NaN,NaN
10,NaN,NaN,NaN,NaN,NaN,NaN,NaN,NaN
11,NaN,NaN,NaN,NaN,NaN,NaN,NaN,NaN
1,NaN,NaN,NaN,NaN,NaN,NaN,NaN,NaN
2,NaN,NaN,NaN,NaN,NaN,NaN,NaN,NaN
3,NaN,NaN,NaN,NaN,NaN,NaN,NaN,NaN
4,NaN,NaN,NaN,NaN,NaN,NaN,NaN,NaN
5,NaN,NaN,NaN,NaN,NaN,NaN,NaN,NaN
6,NaN,NaN,NaN,NaN,NaN,NaN,NaN,NaN
7,NaN,NaN,NaN,NaN,NaN,NaN,NaN,NaN
8,NaN,NaN,NaN,NaN,NaN,NaN,NaN,NaN
9,NaN,NaN,NaN,NaN,NaN,NaN,NaN,NaN
10,NaN,NaN,NaN,NaN,NaN,NaN,NaN,NaN
11,NaN,NaN,NaN,NaN,NaN,NaN,NaN,NaN
1,NaN,NaN,NaN,NaN,NaN,NaN,NaN,NaN
2,NaN,NaN,NaN,NaN,NaN,NaN,NaN,NaN
3,NaN,NaN,NaN,NaN,NaN,NaN,NaN,NaN
4,NaN,NaN,NaN,NaN,NaN,NaN,NaN,NaN
5,NaN,NaN,NaN,NaN,NaN,NaN,NaN,NaN
6,NaN,NaN,NaN,NaN,NaN,NaN,NaN,NaN
7,NaN,NaN,NaN,NaN,NaN,NaN,NaN,NaN
8,NaN,NaN,NaN,NaN,NaN,NaN,NaN,NaN
9,NaN,NaN,NaN,NaN,NaN,NaN,NaN,NaN
10,NaN,NaN,NaN,NaN,NaN,NaN,NaN,NaN
11,NaN,NaN,NaN,NaN,NaN,NaN,NaN,NaN
1,NaN,NaN,NaN,NaN,NaN,NaN,NaN,NaN
2,NaN,NaN,NaN,NaN,NaN,NaN,NaN,NaN
3,NaN,NaN,NaN,NaN,NaN,NaN,NaN,NaN
4,NaN,NaN,NaN,NaN,NaN,NaN,NaN,NaN
5,NaN,NaN,NaN,NaN,NaN,NaN,NaN,NaN
6,NaN,NaN,NaN,NaN,NaN,NaN,NaN,NaN
7,NaN,NaN,NaN,NaN,NaN,NaN,NaN,NaN
8,NaN,NaN,NaN,NaN,NaN,NaN,NaN,NaN
9,NaN,NaN,NaN,NaN,NaN,NaN,NaN,NaN
10,NaN,NaN,NaN,NaN,NaN,NaN,NaN,NaN
11,NaN,NaN,NaN,NaN,NaN,NaN,NaN,NaN
1,NaN,NaN,NaN,NaN,NaN,NaN,NaN,NaN
2,NaN,NaN,NaN,NaN,NaN,NaN,NaN,NaN
3,NaN,NaN,NaN,NaN,NaN,NaN,NaN,NaN
4,NaN,NaN,NaN,NaN,NaN,NaN,NaN,NaN
5,NaN,NaN,NaN,NaN,NaN,NaN,NaN,NaN
6,NaN,NaN,NaN,NaN,NaN,NaN,NaN,NaN
7,NaN,NaN,NaN,NaN,NaN,NaN,NaN,NaN
8,NaN,NaN,NaN,NaN,NaN,NaN,NaN,NaN
9,NaN,NaN,NaN,NaN,NaN,NaN,NaN,NaN
10,NaN,NaN,NaN,NaN,NaN,NaN,NaN,NaN
11,NaN,NaN,NaN,NaN,NaN,NaN,NaN,NaN
1,NaN,NaN,NaN,NaN,NaN,NaN,NaN,NaN
2,NaN,NaN,NaN,NaN,NaN,NaN,NaN,NaN
3,NaN,NaN,NaN,NaN,NaN,NaN,NaN,NaN
4,NaN,NaN,NaN,NaN,NaN,NaN,NaN,NaN
5,NaN,NaN,NaN,NaN,NaN,NaN,NaN,NaN
6,NaN,NaN,NaN,NaN,NaN,NaN,NaN,NaN
7,NaN,NaN,NaN,NaN,NaN,NaN,NaN,NaN
8,NaN,NaN,NaN,NaN,NaN,NaN,NaN,NaN
9,NaN,NaN,NaN,NaN,NaN,NaN,NaN,NaN
10,NaN,NaN,NaN,NaN,NaN,NaN,NaN,NaN
11,NaN,NaN,NaN,NaN,NaN,NaN,NaN,NaN
1,NaN,NaN,NaN,NaN,NaN,NaN,NaN,NaN
2,NaN,NaN,NaN,NaN,NaN,NaN,NaN,NaN
3,NaN,NaN,NaN,NaN,NaN,NaN,NaN,NaN
4,NaN,NaN,NaN,NaN,NaN,NaN,NaN,NaN
5,NaN,NaN,NaN,NaN,NaN,NaN,NaN,NaN
6,NaN,NaN,NaN,NaN,NaN,NaN,NaN,NaN
7,NaN,NaN,NaN,NaN,NaN,NaN,NaN,NaN
8,NaN,NaN,NaN,NaN,NaN,NaN,NaN,NaN
9,NaN,NaN,NaN,NaN,NaN,NaN,NaN,NaN
10,NaN,NaN,NaN,NaN,NaN,NaN,NaN,NaN
11,NaN,NaN,NaN,NaN,NaN,NaN,NaN,NaN
1,NaN,NaN,NaN,NaN,NaN,NaN,NaN,NaN
2,NaN,NaN,NaN,NaN,NaN,NaN,NaN,NaN
3,NaN,NaN,NaN,NaN,NaN,NaN,NaN,NaN
4,NaN,NaN,NaN,NaN,NaN,NaN,NaN,NaN
5,NaN,NaN,NaN,NaN,NaN,NaN,NaN,NaN
6,NaN,NaN,NaN,NaN,NaN,NaN,NaN,NaN
7,NaN,NaN,NaN,NaN,NaN,NaN,NaN,NaN
8,NaN,NaN,NaN,NaN,NaN,NaN,NaN,NaN
9,NaN,NaN,NaN,NaN,NaN,NaN,NaN,NaN
10,NaN,NaN,NaN,NaN,NaN,NaN,NaN,NaN
11,NaN,NaN,NaN,NaN,NaN,NaN,NaN,NaN
1,NaN,NaN,NaN,NaN,NaN,NaN,NaN,NaN
2,NaN,NaN,NaN,NaN,NaN,NaN,NaN,NaN
3,NaN,NaN,NaN,NaN,NaN,NaN,NaN,NaN
4,NaN,NaN,NaN,NaN,NaN,NaN,NaN,NaN
5,NaN,NaN,NaN,NaN,NaN,NaN,NaN,NaN
6,NaN,NaN,NaN,NaN,NaN,NaN,NaN,NaN
7,NaN,NaN,NaN,NaN,NaN,NaN,NaN,NaN
8,NaN,NaN,NaN,NaN,NaN,NaN,NaN,NaN
9,NaN,NaN,NaN,NaN,NaN,NaN,NaN,NaN
10,NaN,NaN,NaN,NaN,NaN,NaN,NaN,NaN
11,NaN,NaN,NaN,NaN,NaN,NaN,NaN,NaN
1,NaN,NaN,NaN,NaN,NaN,NaN,NaN,NaN
2,NaN,NaN,NaN,NaN,NaN,NaN,NaN,NaN
3,NaN,NaN,NaN,NaN,NaN,NaN,NaN,NaN
4,NaN,NaN,NaN,NaN,NaN,NaN,NaN,NaN
5,NaN,NaN,NaN,NaN,NaN,NaN,NaN,NaN
6,NaN,NaN,NaN,NaN,NaN,NaN,NaN,NaN
7,NaN,NaN,NaN,NaN,NaN,NaN,NaN,NaN
8,NaN,NaN,NaN,NaN,NaN,NaN,NaN,NaN
9,NaN,NaN,NaN,NaN,NaN,NaN,NaN,NaN
10,NaN,NaN,NaN,NaN,NaN,NaN,NaN,NaN
11,NaN,NaN,NaN,NaN,NaN,NaN,NaN,NaN
1,NaN,NaN,NaN,NaN,NaN,NaN,NaN,NaN
2,NaN,NaN,NaN,NaN,NaN,NaN,NaN,NaN
3,NaN,NaN,NaN,NaN,NaN,NaN,NaN,NaN
4,NaN,NaN,NaN,NaN,NaN,NaN,NaN,NaN
5,NaN,NaN,NaN,NaN,NaN,NaN,NaN,NaN
6,NaN,NaN,NaN,NaN,NaN,NaN,NaN,NaN
7,NaN,NaN,NaN,NaN,NaN,NaN,NaN,NaN
8,NaN,NaN,NaN,NaN,NaN,NaN,NaN,NaN
9,NaN,NaN,NaN,NaN,NaN,NaN,NaN,NaN
10,NaN,NaN,NaN,NaN,NaN,NaN,NaN,NaN
11,NaN,NaN,NaN,NaN,NaN,NaN,NaN,NaN
1,NaN,NaN,NaN,NaN,NaN,NaN,NaN,NaN
2,NaN,NaN,NaN,NaN,NaN,NaN,NaN,NaN
3,NaN,NaN,NaN,NaN,NaN,NaN,NaN,NaN
4,NaN,NaN,NaN,NaN,NaN,NaN,NaN,NaN
5,NaN,NaN,NaN,NaN,NaN,NaN,NaN,NaN
6,NaN,NaN,NaN,NaN,NaN,NaN,NaN,NaN
7,NaN,NaN,NaN,NaN,NaN,NaN,NaN,NaN
8,NaN,NaN,NaN,NaN,NaN,NaN,NaN,NaN
9,NaN,NaN,NaN,NaN,NaN,NaN,NaN,NaN
10,NaN,NaN,NaN,NaN,NaN,NaN,NaN,NaN
11,NaN,NaN,NaN,NaN,NaN,NaN,NaN,NaN
1,NaN,NaN,NaN,NaN,NaN,NaN,NaN,NaN
2,NaN,NaN,NaN,NaN,NaN,NaN,NaN,NaN
3,NaN,NaN,NaN,NaN,NaN,NaN,NaN,NaN
4,NaN,NaN,NaN,NaN,NaN,NaN,NaN,NaN
5,NaN,NaN,NaN,NaN,NaN,NaN,NaN,NaN
6,NaN,NaN,NaN,NaN,NaN,NaN,NaN,NaN
7,NaN,NaN,NaN,NaN,NaN,NaN,NaN,NaN
8,NaN,NaN,NaN,NaN,NaN,NaN,NaN,NaN
9,NaN,NaN,NaN,NaN,NaN,NaN,NaN,NaN
10,NaN,NaN,NaN,NaN,NaN,NaN,NaN,NaN
11,NaN,NaN,NaN,NaN,NaN,NaN,NaN,NaN
1,NaN,NaN,NaN,NaN,NaN,NaN,NaN,NaN
2,NaN,NaN,NaN,NaN,NaN,NaN,NaN,NaN
3,NaN,NaN,NaN,NaN,NaN,NaN,NaN,NaN
4,NaN,NaN,NaN,NaN,NaN,NaN,NaN,NaN
5,NaN,NaN,NaN,NaN,NaN,NaN,NaN,NaN
6,NaN,NaN,NaN,NaN,NaN,NaN,NaN,NaN
7,NaN,NaN,NaN,NaN,NaN,NaN,NaN,NaN
8,NaN,NaN,NaN,NaN,NaN,NaN,NaN,NaN
9,NaN,NaN,NaN,NaN,NaN,NaN,NaN,NaN
10,NaN,NaN,NaN,NaN,NaN,NaN,NaN,NaN
11,NaN,NaN,NaN,NaN,NaN,NaN,NaN,NaN
1,NaN,NaN,NaN,NaN,NaN,NaN,NaN,NaN
2,NaN,NaN,NaN,NaN,NaN,NaN,NaN,NaN
3,NaN,NaN,NaN,NaN,NaN,NaN,NaN,NaN
4,NaN,NaN,NaN,NaN,NaN,NaN,NaN,NaN
5,NaN,NaN,NaN,NaN,NaN,NaN,NaN,NaN
6,NaN,NaN,NaN,NaN,NaN,NaN,NaN,NaN
7,NaN,NaN,NaN,NaN,NaN,NaN,NaN,NaN
8,NaN,NaN,NaN,NaN,NaN,NaN,NaN,NaN
9,NaN,NaN,NaN,NaN,NaN,NaN,NaN,NaN
10,NaN,NaN,NaN,NaN,NaN,NaN,NaN,NaN
11,NaN,NaN,NaN,NaN,NaN,NaN,NaN,NaN
1,NaN,NaN,NaN,NaN,NaN,NaN,NaN,NaN
2,NaN,NaN,NaN,NaN,NaN,NaN,NaN,NaN
3,NaN,NaN,NaN,NaN,NaN,NaN,NaN,NaN
4,NaN,NaN,NaN,NaN,NaN,NaN,NaN,NaN
5,NaN,NaN,NaN,NaN,NaN,NaN,NaN,NaN
6,NaN,NaN,NaN,NaN,NaN,NaN,NaN,NaN
7,NaN,NaN,NaN,NaN,NaN,NaN,NaN,NaN
8,NaN,NaN,NaN,NaN,NaN,NaN,NaN,NaN
9,NaN,NaN,NaN,NaN,NaN,NaN,NaN,NaN
10,NaN,NaN,NaN,NaN,NaN,NaN,NaN,NaN
11,NaN,NaN,NaN,NaN,NaN,NaN,NaN,NaN
1,NaN,NaN,NaN,NaN,NaN,NaN,NaN,NaN
2,NaN,NaN,NaN,NaN,NaN,NaN,NaN,NaN
3,NaN,NaN,NaN,NaN,NaN,NaN,NaN,NaN
4,NaN,NaN,NaN,NaN,NaN,NaN,NaN,NaN
5,NaN,NaN,NaN,NaN,NaN,NaN,NaN,NaN
6,NaN,NaN,NaN,NaN,NaN,NaN,NaN,NaN
7,NaN,NaN,NaN,NaN,NaN,NaN,NaN,NaN
8,NaN,NaN,NaN,NaN,NaN,NaN,NaN,NaN
9,NaN,NaN,NaN,NaN,NaN,NaN,NaN,NaN
10,NaN,NaN,NaN,NaN,NaN,NaN,NaN,NaN
11,NaN,NaN,NaN,NaN,NaN,NaN,NaN,NaN
1,NaN,NaN,NaN,NaN,NaN,NaN,NaN,NaN
2,NaN,NaN,NaN,NaN,NaN,NaN,NaN,NaN
3,NaN,NaN,NaN,NaN,NaN,NaN,NaN,NaN
4,NaN,NaN,NaN,NaN,NaN,NaN,NaN,NaN
5,NaN,NaN,NaN,NaN,NaN,NaN,NaN,NaN
6,NaN,NaN,NaN,NaN,NaN,NaN,NaN,NaN
7,NaN,NaN,NaN,NaN,NaN,NaN,NaN,NaN
8,NaN,NaN,NaN,NaN,NaN,NaN,NaN,NaN
9,NaN,NaN,NaN,NaN,NaN,NaN,NaN,NaN
10,NaN,NaN,NaN,NaN,NaN,NaN,NaN,NaN
11,NaN,NaN,NaN,NaN,NaN,NaN,NaN,NaN
1,NaN,NaN,NaN,NaN,NaN,NaN,NaN,NaN
2,NaN,NaN,NaN,NaN,NaN,NaN,NaN,NaN
3,NaN,NaN,NaN,NaN,NaN,NaN,NaN,NaN
4,NaN,NaN,NaN,NaN,NaN,NaN,NaN,NaN
5,NaN,NaN,NaN,NaN,NaN,NaN,NaN,NaN
6,NaN,NaN,NaN,NaN,NaN,NaN,NaN,NaN
7,NaN,NaN,NaN,NaN,NaN,NaN,NaN,NaN
8,NaN,NaN,NaN,NaN,NaN,NaN,NaN,NaN
9,NaN,NaN,NaN,NaN,NaN,NaN,NaN,NaN
10,NaN,NaN,NaN,NaN,NaN,NaN,NaN,NaN
11,NaN,NaN,NaN,NaN,NaN,NaN,NaN,NaN
1,NaN,NaN,NaN,NaN,NaN,NaN,NaN,NaN
2,NaN,NaN,NaN,NaN,NaN,NaN,NaN,NaN
3,NaN,NaN,NaN,NaN,NaN,NaN,NaN,NaN
4,NaN,NaN,NaN,NaN,NaN,NaN,NaN,NaN
5,NaN,NaN,NaN,NaN,NaN,NaN,NaN,NaN
6,NaN,NaN,NaN,NaN,NaN,NaN,NaN,NaN
7,NaN,NaN,NaN,NaN,NaN,NaN,NaN,NaN
8,NaN,NaN,NaN,NaN,NaN,NaN,NaN,NaN
9,NaN,NaN,NaN,NaN,NaN,NaN,NaN,NaN
10,NaN,NaN,NaN,NaN,NaN,NaN,NaN,NaN
11,NaN,NaN,NaN,NaN,NaN,NaN,NaN,NaN
1,NaN,NaN,NaN,NaN,NaN,NaN,NaN,NaN
2,NaN,NaN,NaN,NaN,NaN,NaN,NaN,NaN
3,NaN,NaN,NaN,NaN,NaN,NaN,NaN,NaN
4,NaN,NaN,NaN,NaN,NaN,NaN,NaN,NaN
5,NaN,NaN,NaN,NaN,NaN,NaN,NaN,NaN
6,NaN,NaN,NaN,NaN,NaN,NaN,NaN,NaN
7,NaN,NaN,NaN,NaN,NaN,NaN,NaN,NaN
8,NaN,NaN,NaN,NaN,NaN,NaN,NaN,NaN
9,NaN,NaN,NaN,NaN,NaN,NaN,NaN,NaN
10,NaN,NaN,NaN,NaN,NaN,NaN,NaN,NaN
11,NaN,NaN,NaN,NaN,NaN,NaN,NaN,NaN
1,NaN,NaN,NaN,NaN,NaN,NaN,NaN,NaN
2,NaN,NaN,NaN,NaN,NaN,NaN,NaN,NaN
3,NaN,NaN,NaN,NaN,NaN,NaN,NaN,NaN
4,NaN,NaN,NaN,NaN,NaN,NaN,NaN,NaN
5,NaN,NaN,NaN,NaN,NaN,NaN,NaN,NaN
6,NaN,NaN,NaN,NaN,NaN,NaN,NaN,NaN
7,NaN,NaN,NaN,NaN,NaN,NaN,NaN,NaN
8,NaN,NaN,NaN,NaN,NaN,NaN,NaN,NaN
9,NaN,NaN,NaN,NaN,NaN,NaN,NaN,NaN
10,NaN,NaN,NaN,NaN,NaN,NaN,NaN,NaN
11,NaN,NaN,NaN,NaN,NaN,NaN,NaN,NaN
1,NaN,NaN,NaN,NaN,NaN,NaN,NaN,NaN
2,NaN,NaN,NaN,NaN,NaN,NaN,NaN,NaN
3,NaN,NaN,NaN,NaN,NaN,NaN,NaN,NaN
4,NaN,NaN,NaN,NaN,NaN,NaN,NaN,NaN
5,NaN,NaN,NaN,NaN,NaN,NaN,NaN,NaN
6,NaN,NaN,NaN,NaN,NaN,NaN,NaN,NaN
7,NaN,NaN,NaN,NaN,NaN,NaN,NaN,NaN
8,NaN,NaN,NaN,NaN,NaN,NaN,NaN,NaN
9,NaN,NaN,NaN,NaN,NaN,NaN,NaN,NaN
10,NaN,NaN,NaN,NaN,NaN,NaN,NaN,NaN
11,NaN,NaN,NaN,NaN,NaN,NaN,NaN,NaN
1,NaN,NaN,NaN,NaN,NaN,NaN,NaN,NaN
2,NaN,NaN,NaN,NaN,NaN,NaN,NaN,NaN
3,NaN,NaN,NaN,NaN,NaN,NaN,NaN,NaN
4,NaN,NaN,NaN,NaN,NaN,NaN,NaN,NaN
5,NaN,NaN,NaN,NaN,NaN,NaN,NaN,NaN
6,NaN,NaN,NaN,NaN,NaN,NaN,NaN,NaN
7,NaN,NaN,NaN,NaN,NaN,NaN,NaN,NaN
8,NaN,NaN,NaN,NaN,NaN,NaN,NaN,NaN
9,NaN,NaN,NaN,NaN,NaN,NaN,NaN,NaN
10,NaN,NaN,NaN,NaN,NaN,NaN,NaN,NaN
11,NaN,NaN,NaN,NaN,NaN,NaN,NaN,NaN
1,NaN,NaN,NaN,NaN,NaN,NaN,NaN,NaN
2,NaN,NaN,NaN,NaN,NaN,NaN,NaN,NaN
3,NaN,NaN,NaN,NaN,NaN,NaN,NaN,NaN
4,NaN,NaN,NaN,NaN,NaN,NaN,NaN,NaN
5,NaN,NaN,NaN,NaN,NaN,NaN,NaN,NaN
6,NaN,NaN,NaN,NaN,NaN,NaN,NaN,NaN
7,NaN,NaN,NaN,NaN,NaN,NaN,NaN,NaN
8,NaN,NaN,NaN,NaN,NaN,NaN,NaN,NaN
9,NaN,NaN,NaN,NaN,NaN,NaN,NaN,NaN
10,NaN,NaN,NaN,NaN,NaN,NaN,NaN,NaN
11,NaN,NaN,NaN,NaN,NaN,NaN,NaN,NaN
1,NaN,NaN,NaN,NaN,NaN,NaN,NaN,NaN
2,NaN,NaN,NaN,NaN,NaN,NaN,NaN,NaN
3,NaN,NaN,NaN,NaN,NaN,NaN,NaN,NaN
4,NaN,NaN,NaN,NaN,NaN,NaN,NaN,NaN
5,NaN,NaN,NaN,NaN,NaN,NaN,NaN,NaN
6,NaN,NaN,NaN,NaN,NaN,NaN,NaN,NaN
7,NaN,NaN,NaN,NaN,NaN,NaN,NaN,NaN
8,NaN,NaN,NaN,NaN,NaN,NaN,NaN,NaN
9,NaN,NaN,NaN,NaN,NaN,NaN,NaN,NaN
10,NaN,NaN,NaN,NaN,NaN,NaN,NaN,NaN
11,NaN,NaN,NaN,NaN,NaN,NaN,NaN,NaN
1,NaN,NaN,NaN,NaN,NaN,NaN,NaN,NaN
2,NaN,NaN,NaN,NaN,NaN,NaN,NaN,NaN
3,NaN,NaN,NaN,NaN,NaN,NaN,NaN,NaN
4,NaN,NaN,NaN,NaN,NaN,NaN,NaN,NaN
5,NaN,NaN,NaN,NaN,NaN,NaN,NaN,NaN
6,NaN,NaN,NaN,NaN,NaN,NaN,NaN,NaN
7,NaN,NaN,NaN,NaN,NaN,NaN,NaN,NaN
8,NaN,NaN,NaN,NaN,NaN,NaN,NaN,NaN
9,NaN,NaN,NaN,NaN,NaN,NaN,NaN,NaN
10,NaN,NaN,NaN,NaN,NaN,NaN,NaN,NaN
11,NaN,NaN,NaN,NaN,NaN,NaN,NaN,NaN
1,NaN,NaN,NaN,NaN,NaN,NaN,NaN,NaN
2,NaN,NaN,NaN,NaN,NaN,NaN,NaN,NaN
3,NaN,NaN,NaN,NaN,NaN,NaN,NaN,NaN
4,NaN,NaN,NaN,NaN,NaN,NaN,NaN,NaN
5,NaN,NaN,NaN,NaN,NaN,NaN,NaN,NaN
6,NaN,NaN,NaN,NaN,NaN,NaN,NaN,NaN
7,NaN,NaN,NaN,NaN,NaN,NaN,NaN,NaN
8,NaN,NaN,NaN,NaN,NaN,NaN,NaN,NaN
9,NaN,NaN,NaN,NaN,NaN,NaN,NaN,NaN
10,NaN,NaN,NaN,NaN,NaN,NaN,NaN,NaN
11,NaN,NaN,NaN,NaN,NaN,NaN,NaN,NaN
1,NaN,NaN,NaN,NaN,NaN,NaN,NaN,NaN
2,NaN,NaN,NaN,NaN,NaN,NaN,NaN,NaN
3,NaN,NaN,NaN,NaN,NaN,NaN,NaN,NaN
4,NaN,NaN,NaN,NaN,NaN,NaN,NaN,NaN
5,NaN,NaN,NaN,NaN,NaN,NaN,NaN,NaN
6,NaN,NaN,NaN,NaN,NaN,NaN,NaN,NaN
7,NaN,NaN,NaN,NaN,NaN,NaN,NaN,NaN
8,NaN,NaN,NaN,NaN,NaN,NaN,NaN,NaN
9,NaN,NaN,NaN,NaN,NaN,NaN,NaN,NaN
10,NaN,NaN,NaN,NaN,NaN,NaN,NaN,NaN
11,NaN,NaN,NaN,NaN,NaN,NaN,NaN,NaN
1,NaN,NaN,NaN,NaN,NaN,NaN,NaN,NaN
2,NaN,NaN,NaN,NaN,NaN,NaN,NaN,NaN
3,NaN,NaN,NaN,NaN,NaN,NaN,NaN,NaN
4,NaN,NaN,NaN,NaN,NaN,NaN,NaN,NaN
5,NaN,NaN,NaN,NaN,NaN,NaN,NaN,NaN
6,NaN,NaN,NaN,NaN,NaN,NaN,NaN,NaN
7,NaN,NaN,NaN,NaN,NaN,NaN,NaN,NaN
8,NaN,NaN,NaN,NaN,NaN,NaN,NaN,NaN
9,NaN,NaN,NaN,NaN,NaN,NaN,NaN,NaN
10,NaN,NaN,NaN,NaN,NaN,NaN,NaN,NaN
11,NaN,NaN,NaN,NaN,NaN,NaN,NaN,NaN
1,NaN,NaN,NaN,NaN,NaN,NaN,NaN,NaN
2,NaN,NaN,NaN,NaN,NaN,NaN,NaN,NaN
3,NaN,NaN,NaN,NaN,NaN,NaN,NaN,NaN
4,NaN,NaN,NaN,NaN,NaN,NaN,NaN,NaN
5,NaN,NaN,NaN,NaN,NaN,NaN,NaN,NaN
6,NaN,NaN,NaN,NaN,NaN,NaN,NaN,NaN
7,NaN,NaN,NaN,NaN,NaN,NaN,NaN,NaN
8,NaN,NaN,NaN,NaN,NaN,NaN,NaN,NaN
9,NaN,NaN,NaN,NaN,NaN,NaN,NaN,NaN
10,NaN,NaN,NaN,NaN,NaN,NaN,NaN,NaN
11,NaN,NaN,NaN,NaN,NaN,NaN,NaN,NaN
1,NaN,NaN,NaN,NaN,NaN,NaN,NaN,NaN
2,NaN,NaN,NaN,NaN,NaN,NaN,NaN,NaN
3,NaN,NaN,NaN,NaN,NaN,NaN,NaN,NaN
4,NaN,NaN,NaN,NaN,NaN,NaN,NaN,NaN
5,NaN,NaN,NaN,NaN,NaN,NaN,NaN,NaN
6,NaN,NaN,NaN,NaN,NaN,NaN,NaN,NaN
7,NaN,NaN,NaN,NaN,NaN,NaN,NaN,NaN
8,NaN,NaN,NaN,NaN,NaN,NaN,NaN,NaN
9,NaN,NaN,NaN,NaN,NaN,NaN,NaN,NaN
10,NaN,NaN,NaN,NaN,NaN,NaN,NaN,NaN
11,NaN,NaN,NaN,NaN,NaN,NaN,NaN,NaN
1,NaN,NaN,NaN,NaN,NaN,NaN,NaN,NaN
2,NaN,NaN,NaN,NaN,NaN,NaN,NaN,NaN
3,NaN,NaN,NaN,NaN,NaN,NaN,NaN,NaN
4,NaN,NaN,NaN,NaN,NaN,NaN,NaN,NaN
5,NaN,NaN,NaN,NaN,NaN,NaN,NaN,NaN
6,NaN,NaN,NaN,NaN,NaN,NaN,NaN,NaN
7,NaN,NaN,NaN,NaN,NaN,NaN,NaN,NaN
8,NaN,NaN,NaN,NaN,NaN,NaN,NaN,NaN
9,NaN,NaN,NaN,NaN,NaN,NaN,NaN,NaN
10,NaN,NaN,NaN,NaN,NaN,NaN,NaN,NaN
11,NaN,NaN,NaN,NaN,NaN,NaN,NaN,NaN
1,NaN,NaN,NaN,NaN,NaN,NaN,NaN,NaN
2,NaN,NaN,NaN,NaN,NaN,NaN,NaN,NaN
3,NaN,NaN,NaN,NaN,NaN,NaN,NaN,NaN
4,NaN,NaN,NaN,NaN,NaN,NaN,NaN,NaN
5,NaN,NaN,NaN,NaN,NaN,NaN,NaN,NaN
6,NaN,NaN,NaN,NaN,NaN,NaN,NaN,NaN
7,NaN,NaN,NaN,NaN,NaN,NaN,NaN,NaN
8,NaN,NaN,NaN,NaN,NaN,NaN,NaN,NaN
9,NaN,NaN,NaN,NaN,NaN,NaN,NaN,NaN
10,NaN,NaN,NaN,NaN,NaN,NaN,NaN,NaN
11,NaN,NaN,NaN,NaN,NaN,NaN,NaN,NaN
1,NaN,NaN,NaN,NaN,NaN,NaN,NaN,NaN
2,NaN,NaN,NaN,NaN,NaN,NaN,NaN,NaN
3,NaN,NaN,NaN,NaN,NaN,NaN,NaN,NaN
4,NaN,NaN,NaN,NaN,NaN,NaN,NaN,NaN
5,NaN,NaN,NaN,NaN,NaN,NaN,NaN,NaN
6,NaN,NaN,NaN,NaN,NaN,NaN,NaN,NaN
7,NaN,NaN,NaN,NaN,NaN,NaN,NaN,NaN
8,NaN,NaN,NaN,NaN,NaN,NaN,NaN,NaN
9,NaN,NaN,NaN,NaN,NaN,NaN,NaN,NaN
10,NaN,NaN,NaN,NaN,NaN,NaN,NaN,NaN
11,NaN,NaN,NaN,NaN,NaN,NaN,NaN,NaN
1,NaN,NaN,NaN,NaN,NaN,NaN,NaN,NaN
2,NaN,NaN,NaN,NaN,NaN,NaN,NaN,NaN
3,NaN,NaN,NaN,NaN,NaN,NaN,NaN,NaN
4,NaN,NaN,NaN,NaN,NaN,NaN,NaN,NaN
5,NaN,NaN,NaN,NaN,NaN,NaN,NaN,NaN
6,NaN,NaN,NaN,NaN,NaN,NaN,NaN,NaN
7,NaN,NaN,NaN,NaN,NaN,NaN,NaN,NaN
8,NaN,NaN,NaN,NaN,NaN,NaN,NaN,NaN
9,NaN,NaN,NaN,NaN,NaN,NaN,NaN,NaN
10,NaN,NaN,NaN,NaN,NaN,NaN,NaN,NaN
11,NaN,NaN,NaN,NaN,NaN,NaN,NaN,NaN
1,NaN,NaN,NaN,NaN,NaN,NaN,NaN,NaN
2,NaN,NaN,NaN,NaN,NaN,NaN,NaN,NaN
3,NaN,NaN,NaN,NaN,NaN,NaN,NaN,NaN
4,NaN,NaN,NaN,NaN,NaN,NaN,NaN,NaN
5,NaN,NaN,NaN,NaN,NaN,NaN,NaN,NaN
6,NaN,NaN,NaN,NaN,NaN,NaN,NaN,NaN
7,NaN,NaN,NaN,NaN,NaN,NaN,NaN,NaN
8,NaN,NaN,NaN,NaN,NaN,NaN,NaN,NaN
9,NaN,NaN,NaN,NaN,NaN,NaN,NaN,NaN
10,NaN,NaN,NaN,NaN,NaN,NaN,NaN,NaN
11,NaN,NaN,NaN,NaN,NaN,NaN,NaN,NaN
1,NaN,NaN,NaN,NaN,NaN,NaN,NaN,NaN
2,NaN,NaN,NaN,NaN,NaN,NaN,NaN,NaN
3,NaN,NaN,NaN,NaN,NaN,NaN,NaN,NaN
4,NaN,NaN,NaN,NaN,NaN,NaN,NaN,NaN
5,NaN,NaN,NaN,NaN,NaN,NaN,NaN,NaN
6,NaN,NaN,NaN,NaN,NaN,NaN,NaN,NaN
7,NaN,NaN,NaN,NaN,NaN,NaN,NaN,NaN
8,NaN,NaN,NaN,NaN,NaN,NaN,NaN,NaN
9,NaN,NaN,NaN,NaN,NaN,NaN,NaN,NaN
10,NaN,NaN,NaN,NaN,NaN,NaN,NaN,NaN
11,NaN,NaN,NaN,NaN,NaN,NaN,NaN,NaN
1,NaN,NaN,NaN,NaN,NaN,NaN,NaN,NaN
2,NaN,NaN,NaN,NaN,NaN,NaN,NaN,NaN
3,NaN,NaN,NaN,NaN,NaN,NaN,NaN,NaN
4,NaN,NaN,NaN,NaN,NaN,NaN,NaN,NaN
5,NaN,NaN,NaN,NaN,NaN,NaN,NaN,NaN
6,NaN,NaN,NaN,NaN,NaN,NaN,NaN,NaN
7,NaN,NaN,NaN,NaN,NaN,NaN,NaN,NaN
8,NaN,NaN,NaN,NaN,NaN,NaN,NaN,NaN
9,NaN,NaN,NaN,NaN,NaN,NaN,NaN,NaN
10,NaN,NaN,NaN,NaN,NaN,NaN,NaN,NaN
11,NaN,NaN,NaN,NaN,NaN,NaN,NaN,NaN
1,NaN,NaN,NaN,NaN,NaN,NaN,NaN,NaN
2,NaN,NaN,NaN,NaN,NaN,NaN,NaN,NaN
3,NaN,NaN,NaN,NaN,NaN,NaN,NaN,NaN
4,NaN,NaN,NaN,NaN,NaN,NaN,NaN,NaN
5,NaN,NaN,NaN,NaN,NaN,NaN,NaN,NaN
6,NaN,NaN,NaN,NaN,NaN,NaN,NaN,NaN
7,NaN,NaN,NaN,NaN,NaN,NaN,NaN,NaN
8,NaN,NaN,NaN,NaN,NaN,NaN,NaN,NaN
9,NaN,NaN,NaN,NaN,NaN,NaN,NaN,NaN
10,NaN,NaN,NaN,NaN,NaN,NaN,NaN,NaN
11,NaN,NaN,NaN,NaN,NaN,NaN,NaN,NaN
1,NaN,NaN,NaN,NaN,NaN,NaN,NaN,NaN
2,NaN,NaN,NaN,NaN,NaN,NaN,NaN,NaN
3,NaN,NaN,NaN,NaN,NaN,NaN,NaN,NaN
4,NaN,NaN,NaN,NaN,NaN,NaN,NaN,NaN
5,NaN,NaN,NaN,NaN,NaN,NaN,NaN,NaN
6,NaN,NaN,NaN,NaN,NaN,NaN,NaN,NaN
7,NaN,NaN,NaN,NaN,NaN,NaN,NaN,NaN
8,NaN,NaN,NaN,NaN,NaN,NaN,NaN,NaN
9,NaN,NaN,NaN,NaN,NaN,NaN,NaN,NaN
10,NaN,NaN,NaN,NaN,NaN,NaN,NaN,NaN
11,NaN,NaN,NaN,NaN,NaN,NaN,NaN,NaN
1,NaN,NaN,NaN,NaN,NaN,NaN,NaN,NaN
2,NaN,NaN,NaN,NaN,NaN,NaN,NaN,NaN
3,NaN,NaN,NaN,NaN,NaN,NaN,NaN,NaN
4,NaN,NaN,NaN,NaN,NaN,NaN,NaN,NaN
5,NaN,NaN,NaN,NaN,NaN,NaN,NaN,NaN
6,NaN,NaN,NaN,NaN,NaN,NaN,NaN,NaN
7,NaN,NaN,NaN,NaN,NaN,NaN,NaN,NaN
8,NaN,NaN,NaN,NaN,NaN,NaN,NaN,NaN
9,NaN,NaN,NaN,NaN,NaN,NaN,NaN,NaN
10,NaN,NaN,NaN,NaN,NaN,NaN,NaN,NaN
11,NaN,NaN,NaN,NaN,NaN,NaN,NaN,NaN
1,NaN,NaN,NaN,NaN,NaN,NaN,NaN,NaN
2,NaN,NaN,NaN,NaN,NaN,NaN,NaN,NaN
3,NaN,NaN,NaN,NaN,NaN,NaN,NaN,NaN
4,NaN,NaN,NaN,NaN,NaN,NaN,NaN,NaN
5,NaN,NaN,NaN,NaN,NaN,NaN,NaN,NaN
6,NaN,NaN,NaN,NaN,NaN,NaN,NaN,NaN
7,NaN,NaN,NaN,NaN,NaN,NaN,NaN,NaN
8,NaN,NaN,NaN,NaN,NaN,NaN,NaN,NaN
9,NaN,NaN,NaN,NaN,NaN,NaN,NaN,NaN
10,NaN,NaN,NaN,NaN,NaN,NaN,NaN,NaN
11,NaN,NaN,NaN,NaN,NaN,NaN,NaN,NaN
1,NaN,NaN,NaN,NaN,NaN,NaN,NaN,NaN
2,NaN,NaN,NaN,NaN,NaN,NaN,NaN,NaN
3,NaN,NaN,NaN,NaN,NaN,NaN,NaN,NaN
4,NaN,NaN,NaN,NaN,NaN,NaN,NaN,NaN
5,NaN,NaN,NaN,NaN,NaN,NaN,NaN,NaN
6,NaN,NaN,NaN,NaN,NaN,NaN,NaN,NaN
7,NaN,NaN,NaN,NaN,NaN,NaN,NaN,NaN
8,NaN,NaN,NaN,NaN,NaN,NaN,NaN,NaN
9,NaN,NaN,NaN,NaN,NaN,NaN,NaN,NaN
10,NaN,NaN,NaN,NaN,NaN,NaN,NaN,NaN
11,NaN,NaN,NaN,NaN,NaN,NaN,NaN,NaN
1,NaN,NaN,NaN,NaN,NaN,NaN,NaN,NaN
2,NaN,NaN,NaN,NaN,NaN,NaN,NaN,NaN
3,NaN,NaN,NaN,NaN,NaN,NaN,NaN,NaN
4,NaN,NaN,NaN,NaN,NaN,NaN,NaN,NaN
5,NaN,NaN,NaN,NaN,NaN,NaN,NaN,NaN
6,NaN,NaN,NaN,NaN,NaN,NaN,NaN,NaN
7,NaN,NaN,NaN,NaN,NaN,NaN,NaN,NaN
8,NaN,NaN,NaN,NaN,NaN,NaN,NaN,NaN
9,NaN,NaN,NaN,NaN,NaN,NaN,NaN,NaN
10,NaN,NaN,NaN,NaN,NaN,NaN,NaN,NaN
11,NaN,NaN,NaN,NaN,NaN,NaN,NaN,NaN
1,NaN,NaN,NaN,NaN,NaN,NaN,NaN,NaN
2,NaN,NaN,NaN,NaN,NaN,NaN,NaN,NaN
3,NaN,NaN,NaN,NaN,NaN,NaN,NaN,NaN
4,NaN,NaN,NaN,NaN,NaN,NaN,NaN,NaN
5,NaN,NaN,NaN,NaN,NaN,NaN,NaN,NaN
6,NaN,NaN,NaN,NaN,NaN,NaN,NaN,NaN
7,NaN,NaN,NaN,NaN,NaN,NaN,NaN,NaN
8,NaN,NaN,NaN,NaN,NaN,NaN,NaN,NaN
9,NaN,NaN,NaN,NaN,NaN,NaN,NaN,NaN
10,NaN,NaN,NaN,NaN,NaN,NaN,NaN,NaN
11,NaN,NaN,NaN,NaN,NaN,NaN,NaN,NaN
1,NaN,NaN,NaN,NaN,NaN,NaN,NaN,NaN
2,NaN,NaN,NaN,NaN,NaN,NaN,NaN,NaN
3,NaN,NaN,NaN,NaN,NaN,NaN,NaN,NaN
4,NaN,NaN,NaN,NaN,NaN,NaN,NaN,NaN
5,NaN,NaN,NaN,NaN,NaN,NaN,NaN,NaN
6,NaN,NaN,NaN,NaN,NaN,NaN,NaN,NaN
7,NaN,NaN,NaN,NaN,NaN,NaN,NaN,NaN
8,NaN,NaN,NaN,NaN,NaN,NaN,NaN,NaN
9,NaN,NaN,NaN,NaN,NaN,NaN,NaN,NaN
10,NaN,NaN,NaN,NaN,NaN,NaN,NaN,NaN
11,NaN,NaN,NaN,NaN,NaN,NaN,NaN,NaN
1,NaN,NaN,NaN,NaN,NaN,NaN,NaN,NaN
2,NaN,NaN,NaN,NaN,NaN,NaN,NaN,NaN
3,NaN,NaN,NaN,NaN,NaN,NaN,NaN,NaN
4,NaN,NaN,NaN,NaN,NaN,NaN,NaN,NaN
5,NaN,NaN,NaN,NaN,NaN,NaN,NaN,NaN
6,NaN,NaN,NaN,NaN,NaN,NaN,NaN,NaN
7,NaN,NaN,NaN,NaN,NaN,NaN,NaN,NaN
8,NaN,NaN,NaN,NaN,NaN,NaN,NaN,NaN
9,NaN,NaN,NaN,NaN,NaN,NaN,NaN,NaN
10,NaN,NaN,NaN,NaN,NaN,NaN,NaN,NaN
11,NaN,NaN,NaN,NaN,NaN,NaN,NaN,NaN
1,NaN,NaN,NaN,NaN,NaN,NaN,NaN,NaN
2,NaN,NaN,NaN,NaN,NaN,NaN,NaN,NaN
3,NaN,NaN,NaN,NaN,NaN,NaN,NaN,NaN
4,NaN,NaN,NaN,NaN,NaN,NaN,NaN,NaN
5,NaN,NaN,NaN,NaN,NaN,NaN,NaN,NaN
6,NaN,NaN,NaN,NaN,NaN,NaN,NaN,NaN
7,NaN,NaN,NaN,NaN,NaN,NaN,NaN,NaN
8,NaN,NaN,NaN,NaN,NaN,NaN,NaN,NaN
9,NaN,NaN,NaN,NaN,NaN,NaN,NaN,NaN
10,NaN,NaN,NaN,NaN,NaN,NaN,NaN,NaN
11,NaN,NaN,NaN,NaN,NaN,NaN,NaN,NaN
1,NaN,NaN,NaN,NaN,NaN,NaN,NaN,NaN
2,NaN,NaN,NaN,NaN,NaN,NaN,NaN,NaN
3,NaN,NaN,NaN,NaN,NaN,NaN,NaN,NaN
4,NaN,NaN,NaN,NaN,NaN,NaN,NaN,NaN
5,NaN,NaN,NaN,NaN,NaN,NaN,NaN,NaN
6,NaN,NaN,NaN,NaN,NaN,NaN,NaN,NaN
7,NaN,NaN,NaN,NaN,NaN,NaN,NaN,NaN
8,NaN,NaN,NaN,NaN,NaN,NaN,NaN,NaN
9,NaN,NaN,NaN,NaN,NaN,NaN,NaN,NaN
10,NaN,NaN,NaN,NaN,NaN,NaN,NaN,NaN
11,NaN,NaN,NaN,NaN,NaN,NaN,NaN,NaN
1,NaN,NaN,NaN,NaN,NaN,NaN,NaN,NaN
2,NaN,NaN,NaN,NaN,NaN,NaN,NaN,NaN
3,NaN,NaN,NaN,NaN,NaN,NaN,NaN,NaN
4,NaN,NaN,NaN,NaN,NaN,NaN,NaN,NaN
5,NaN,NaN,NaN,NaN,NaN,NaN,NaN,NaN
6,NaN,NaN,NaN,NaN,NaN,NaN,NaN,NaN
7,NaN,NaN,NaN,NaN,NaN,NaN,NaN,NaN
8,NaN,NaN,NaN,NaN,NaN,NaN,NaN,NaN
9,NaN,NaN,NaN,NaN,NaN,NaN,NaN,NaN
10,NaN,NaN,NaN,NaN,NaN,NaN,NaN,NaN
11,NaN,NaN,NaN,NaN,NaN,NaN,NaN,NaN
1,NaN,NaN,NaN,NaN,NaN,NaN,NaN,NaN
2,NaN,NaN,NaN,NaN,NaN,NaN,NaN,NaN
3,NaN,NaN,NaN,NaN,NaN,NaN,NaN,NaN
4,NaN,NaN,NaN,NaN,NaN,NaN,NaN,NaN
5,NaN,NaN,NaN,NaN,NaN,NaN,NaN,NaN
6,NaN,NaN,NaN,NaN,NaN,NaN,NaN,NaN
7,NaN,NaN,NaN,NaN,NaN,NaN,NaN,NaN
8,NaN,NaN,NaN,NaN,NaN,NaN,NaN,NaN
9,NaN,NaN,NaN,NaN,NaN,NaN,NaN,NaN
10,NaN,NaN,NaN,NaN,NaN,NaN,NaN,NaN
11,NaN,NaN,NaN,NaN,NaN,NaN,NaN,NaN
1,NaN,NaN,NaN,NaN,NaN,NaN,NaN,NaN
2,NaN,NaN,NaN,NaN,NaN,NaN,NaN,NaN
3,NaN,NaN,NaN,NaN,NaN,NaN,NaN,NaN
4,NaN,NaN,NaN,NaN,NaN,NaN,NaN,NaN
5,NaN,NaN,NaN,NaN,NaN,NaN,NaN,NaN
6,NaN,NaN,NaN,NaN,NaN,NaN,NaN,NaN
7,NaN,NaN,NaN,NaN,NaN,NaN,NaN,NaN
8,NaN,NaN,NaN,NaN,NaN,NaN,NaN,NaN
9,NaN,NaN,NaN,NaN,NaN,NaN,NaN,NaN
10,NaN,NaN,NaN,NaN,NaN,NaN,NaN,NaN
11,NaN,NaN,NaN,NaN,NaN,NaN,NaN,NaN
1,NaN,NaN,NaN,NaN,NaN,NaN,NaN,NaN
2,NaN,NaN,NaN,NaN,NaN,NaN,NaN,NaN
3,NaN,NaN,NaN,NaN,NaN,NaN,NaN,NaN
4,NaN,NaN,NaN,NaN,NaN,NaN,NaN,NaN
5,NaN,NaN,NaN,NaN,NaN,NaN,NaN,NaN
6,NaN,NaN,NaN,NaN,NaN,NaN,NaN,NaN
7,NaN,NaN,NaN,NaN,NaN,NaN,NaN,NaN
8,NaN,NaN,NaN,NaN,NaN,NaN,NaN,NaN
9,NaN,NaN,NaN,NaN,NaN,NaN,NaN,NaN
10,NaN,NaN,NaN,NaN,NaN,NaN,NaN,NaN
11,NaN,NaN,NaN,NaN,NaN,NaN,NaN,NaN
1,NaN,NaN,NaN,NaN,NaN,NaN,NaN,NaN
2,NaN,NaN,NaN,NaN,NaN,NaN,NaN,NaN
3,NaN,NaN,NaN,NaN,NaN,NaN,NaN,NaN
4,NaN,NaN,NaN,NaN,NaN,NaN,NaN,NaN
5,NaN,NaN,NaN,NaN,NaN,NaN,NaN,NaN
6,NaN,NaN,NaN,NaN,NaN,NaN,NaN,NaN
7,NaN,NaN,NaN,NaN,NaN,NaN,NaN,NaN
8,NaN,NaN,NaN,NaN,NaN,NaN,NaN,NaN
9,NaN,NaN,NaN,NaN,NaN,NaN,NaN,NaN
10,NaN,NaN,NaN,NaN,NaN,NaN,NaN,NaN
11,NaN,NaN,NaN,NaN,NaN,NaN,NaN,NaN
1,NaN,NaN,NaN,NaN,NaN,NaN,NaN,NaN
2,NaN,NaN,NaN,NaN,NaN,NaN,NaN,NaN
3,NaN,NaN,NaN,NaN,NaN,NaN,NaN,NaN
4,NaN,NaN,NaN,NaN,NaN,NaN,NaN,NaN
5,NaN,NaN,NaN,NaN,NaN,NaN,NaN,NaN
6,NaN,NaN,NaN,NaN,NaN,NaN,NaN,NaN
7,NaN,NaN,NaN,NaN,NaN,NaN,NaN,NaN
8,NaN,NaN,NaN,NaN,NaN,NaN,NaN,NaN
9,NaN,NaN,NaN,NaN,NaN,NaN,NaN,NaN
10,NaN,NaN,NaN,NaN,NaN,NaN,NaN,NaN
11,NaN,NaN,NaN,NaN,NaN,NaN,NaN,NaN
1,NaN,NaN,NaN,NaN,NaN,NaN,NaN,NaN
2,NaN,NaN,NaN,NaN,NaN,NaN,NaN,NaN
3,NaN,NaN,NaN,NaN,NaN,NaN,NaN,NaN
4,NaN,NaN,NaN,NaN,NaN,NaN,NaN,NaN
5,NaN,NaN,NaN,NaN,NaN,NaN,NaN,NaN
6,NaN,NaN,NaN,NaN,NaN,NaN,NaN,NaN
7,NaN,NaN,NaN,NaN,NaN,NaN,NaN,NaN
8,NaN,NaN,NaN,NaN,NaN,NaN,NaN,NaN
9,NaN,NaN,NaN,NaN,NaN,NaN,NaN,NaN
10,NaN,NaN,NaN,NaN,NaN,NaN,NaN,NaN
11,NaN,NaN,NaN,NaN,NaN,NaN,NaN,NaN
1,NaN,NaN,NaN,NaN,NaN,NaN,NaN,NaN
2,NaN,NaN,NaN,NaN,NaN,NaN,NaN,NaN
3,NaN,NaN,NaN,NaN,NaN,NaN,NaN,NaN
4,NaN,NaN,NaN,NaN,NaN,NaN,NaN,NaN
5,NaN,NaN,NaN,NaN,NaN,NaN,NaN,NaN
6,NaN,NaN,NaN,NaN,NaN,NaN,NaN,NaN
7,NaN,NaN,NaN,NaN,NaN,NaN,NaN,NaN
8,NaN,NaN,NaN,NaN,NaN,NaN,NaN,NaN
9,NaN,NaN,NaN,NaN,NaN,NaN,NaN,NaN
10,NaN,NaN,NaN,NaN,NaN,NaN,NaN,NaN
11,NaN,NaN,NaN,NaN,NaN,NaN,NaN,NaN
1,NaN,NaN,NaN,NaN,NaN,NaN,NaN,NaN
2,NaN,NaN,NaN,NaN,NaN,NaN,NaN,NaN
3,NaN,NaN,NaN,NaN,NaN,NaN,NaN,NaN
4,NaN,NaN,NaN,NaN,NaN,NaN,NaN,NaN
5,NaN,NaN,NaN,NaN,NaN,NaN,NaN,NaN
6,NaN,NaN,NaN,NaN,NaN,NaN,NaN,NaN
7,NaN,NaN,NaN,NaN,NaN,NaN,NaN,NaN
8,NaN,NaN,NaN,NaN,NaN,NaN,NaN,NaN
9,NaN,NaN,NaN,NaN,NaN,NaN,NaN,NaN
10,NaN,NaN,NaN,NaN,NaN,NaN,NaN,NaN
11,NaN,NaN,NaN,NaN,NaN,NaN,NaN,NaN
1,NaN,NaN,NaN,NaN,NaN,NaN,NaN,NaN
2,NaN,NaN,NaN,NaN,NaN,NaN,NaN,NaN
3,NaN,NaN,NaN,NaN,NaN,NaN,NaN,NaN
4,NaN,NaN,NaN,NaN,NaN,NaN,NaN,NaN
5,NaN,NaN,NaN,NaN,NaN,NaN,NaN,NaN
6,NaN,NaN,NaN,NaN,NaN,NaN,NaN,NaN
7,NaN,NaN,NaN,NaN,NaN,NaN,NaN,NaN
8,NaN,NaN,NaN,NaN,NaN,NaN,NaN,NaN
9,NaN,NaN,NaN,NaN,NaN,NaN,NaN,NaN
10,NaN,NaN,NaN,NaN,NaN,NaN,NaN,NaN
11,NaN,NaN,NaN,NaN,NaN,NaN,NaN,NaN
1,NaN,NaN,NaN,NaN,NaN,NaN,NaN,NaN
2,NaN,NaN,NaN,NaN,NaN,NaN,NaN,NaN
3,NaN,NaN,NaN,NaN,NaN,NaN,NaN,NaN
4,NaN,NaN,NaN,NaN,NaN,NaN,NaN,NaN
5,NaN,NaN,NaN,NaN,NaN,NaN,NaN,NaN
6,NaN,NaN,NaN,NaN,NaN,NaN,NaN,NaN
7,NaN,NaN,NaN,NaN,NaN,NaN,NaN,NaN
8,NaN,NaN,NaN,NaN,NaN,NaN,NaN,NaN
9,NaN,NaN,NaN,NaN,NaN,NaN,NaN,NaN
10,NaN,NaN,NaN,NaN,NaN,NaN,NaN,NaN
11,NaN,NaN,NaN,NaN,NaN,NaN,NaN,NaN
1,NaN,NaN,NaN,NaN,NaN,NaN,NaN,NaN
2,NaN,NaN,NaN,NaN,NaN,NaN,NaN,NaN
3,NaN,NaN,NaN,NaN,NaN,NaN,NaN,NaN
4,NaN,NaN,NaN,NaN,NaN,NaN,NaN,NaN
5,NaN,NaN,NaN,NaN,NaN,NaN,NaN,NaN
6,NaN,NaN,NaN,NaN,NaN,NaN,NaN,NaN
7,NaN,NaN,NaN,NaN,NaN,NaN,NaN,NaN
8,NaN,NaN,NaN,NaN,NaN,NaN,NaN,NaN
9,NaN,NaN,NaN,NaN,NaN,NaN,NaN,NaN
10,NaN,NaN,NaN,NaN,NaN,NaN,NaN,NaN
11,NaN,NaN,NaN,NaN,NaN,NaN,NaN,NaN
1,NaN,NaN,NaN,NaN,NaN,NaN,NaN,NaN
2,NaN,NaN,NaN,NaN,NaN,NaN,NaN,NaN
3,NaN,NaN,NaN,NaN,NaN,NaN,NaN,NaN
4,NaN,NaN,NaN,NaN,NaN,NaN,NaN,NaN
5,NaN,NaN,NaN,NaN,NaN,NaN,NaN,NaN
6,NaN,NaN,NaN,NaN,NaN,NaN,NaN,NaN
7,NaN,NaN,NaN,NaN,NaN,NaN,NaN,NaN
8,NaN,NaN,NaN,NaN,NaN,NaN,NaN,NaN
9,NaN,NaN,NaN,NaN,NaN,NaN,NaN,NaN
10,NaN,NaN,NaN,NaN,NaN,NaN,NaN,NaN
11,NaN,NaN,NaN,NaN,NaN,NaN,NaN,NaN
1,NaN,NaN,NaN,NaN,NaN,NaN,NaN,NaN
2,NaN,NaN,NaN,NaN,NaN,NaN,NaN,NaN
3,NaN,NaN,NaN,NaN,NaN,NaN,NaN,NaN
4,NaN,NaN,NaN,NaN,NaN,NaN,NaN,NaN
5,NaN,NaN,NaN,NaN,NaN,NaN,NaN,NaN
6,NaN,NaN,NaN,NaN,NaN,NaN,NaN,NaN
7,NaN,NaN,NaN,NaN,NaN,NaN,NaN,NaN
8,NaN,NaN,NaN,NaN,NaN,NaN,NaN,NaN
9,NaN,NaN,NaN,NaN,NaN,NaN,NaN,NaN
10,NaN,NaN,NaN,NaN,NaN,NaN,NaN,NaN
11,NaN,NaN,NaN,NaN,NaN,NaN,NaN,NaN
1,NaN,NaN,NaN,NaN,NaN,NaN,NaN,NaN
2,NaN,NaN,NaN,NaN,NaN,NaN,NaN,NaN
3,NaN,NaN,NaN,NaN,NaN,NaN,NaN,NaN
4,NaN,NaN,NaN,NaN,NaN,NaN,NaN,NaN
5,NaN,NaN,NaN,NaN,NaN,NaN,NaN,NaN
6,NaN,NaN,NaN,NaN,NaN,NaN,NaN,NaN
7,NaN,NaN,NaN,NaN,NaN,NaN,NaN,NaN
8,NaN,NaN,NaN,NaN,NaN,NaN,NaN,NaN
9,NaN,NaN,NaN,NaN,NaN,NaN,NaN,NaN
10,NaN,NaN,NaN,NaN,NaN,NaN,NaN,NaN
11,NaN,NaN,NaN,NaN,NaN,NaN,NaN,NaN
1,NaN,NaN,NaN,NaN,NaN,NaN,NaN,NaN
2,NaN,NaN,NaN,NaN,NaN,NaN,NaN,NaN
3,NaN,NaN,NaN,NaN,NaN,NaN,NaN,NaN
4,NaN,NaN,NaN,NaN,NaN,NaN,NaN,NaN
5,NaN,NaN,NaN,NaN,NaN,NaN,NaN,NaN
6,NaN,NaN,NaN,NaN,NaN,NaN,NaN,NaN
7,NaN,NaN,NaN,NaN,NaN,NaN,NaN,NaN
8,NaN,NaN,NaN,NaN,NaN,NaN,NaN,NaN
9,NaN,NaN,NaN,NaN,NaN,NaN,NaN,NaN
10,NaN,NaN,NaN,NaN,NaN,NaN,NaN,NaN
11,NaN,NaN,NaN,NaN,NaN,NaN,NaN,NaN
1,NaN,NaN,NaN,NaN,NaN,NaN,NaN,NaN
2,NaN,NaN,NaN,NaN,NaN,NaN,NaN,NaN
3,NaN,NaN,NaN,NaN,NaN,NaN,NaN,NaN
4,NaN,NaN,NaN,NaN,NaN,NaN,NaN,NaN
5,NaN,NaN,NaN,NaN,NaN,NaN,NaN,NaN
6,NaN,NaN,NaN,NaN,NaN,NaN,NaN,NaN
7,NaN,NaN,NaN,NaN,NaN,NaN,NaN,NaN
8,NaN,NaN,NaN,NaN,NaN,NaN,NaN,NaN
9,NaN,NaN,NaN,NaN,NaN,NaN,NaN,NaN
10,NaN,NaN,NaN,NaN,NaN,NaN,NaN,NaN
11,NaN,NaN,NaN,NaN,NaN,NaN,NaN,NaN
1,NaN,NaN,NaN,NaN,NaN,NaN,NaN,NaN
2,NaN,NaN,NaN,NaN,NaN,NaN,NaN,NaN
3,NaN,NaN,NaN,NaN,NaN,NaN,NaN,NaN
4,NaN,NaN,NaN,NaN,NaN,NaN,NaN,NaN
5,NaN,NaN,NaN,NaN,NaN,NaN,NaN,NaN
6,NaN,NaN,NaN,NaN,NaN,NaN,NaN,NaN
7,NaN,NaN,NaN,NaN,NaN,NaN,NaN,NaN
8,NaN,NaN,NaN,NaN,NaN,NaN,NaN,NaN
9,NaN,NaN,NaN,NaN,NaN,NaN,NaN,NaN
10,NaN,NaN,NaN,NaN,NaN,NaN,NaN,NaN
11,NaN,NaN,NaN,NaN,NaN,NaN,NaN,NaN
1,NaN,NaN,NaN,NaN,NaN,NaN,NaN,NaN
2,NaN,NaN,NaN,NaN,NaN,NaN,NaN,NaN
3,NaN,NaN,NaN,NaN,NaN,NaN,NaN,NaN
4,NaN,NaN,NaN,NaN,NaN,NaN,NaN,NaN
5,NaN,NaN,NaN,NaN,NaN,NaN,NaN,NaN
6,NaN,NaN,NaN,NaN,NaN,NaN,NaN,NaN
7,NaN,NaN,NaN,NaN,NaN,NaN,NaN,NaN
8,NaN,NaN,NaN,NaN,NaN,NaN,NaN,NaN
9,NaN,NaN,NaN,NaN,NaN,NaN,NaN,NaN
10,NaN,NaN,NaN,NaN,NaN,NaN,NaN,NaN
11,NaN,NaN,NaN,NaN,NaN,NaN,NaN,NaN
1,NaN,NaN,NaN,NaN,NaN,NaN,NaN,NaN
2,NaN,NaN,NaN,NaN,NaN,NaN,NaN,NaN
3,NaN,NaN,NaN,NaN,NaN,NaN,NaN,NaN
4,NaN,NaN,NaN,NaN,NaN,NaN,NaN,NaN
5,NaN,NaN,NaN,NaN,NaN,NaN,NaN,NaN
6,NaN,NaN,NaN,NaN,NaN,NaN,NaN,NaN
7,NaN,NaN,NaN,NaN,NaN,NaN,NaN,NaN
8,NaN,NaN,NaN,NaN,NaN,NaN,NaN,NaN
9,NaN,NaN,NaN,NaN,NaN,NaN,NaN,NaN
10,NaN,NaN,NaN,NaN,NaN,NaN,NaN,NaN
11,NaN,NaN,NaN,NaN,NaN,NaN,NaN,NaN
1,NaN,NaN,NaN,NaN,NaN,NaN,NaN,NaN
2,NaN,NaN,NaN,NaN,NaN,NaN,NaN,NaN
3,NaN,NaN,NaN,NaN,NaN,NaN,NaN,NaN
4,NaN,NaN,NaN,NaN,NaN,NaN,NaN,NaN
5,NaN,NaN,NaN,NaN,NaN,NaN,NaN,NaN
6,NaN,NaN,NaN,NaN,NaN,NaN,NaN,NaN
7,NaN,NaN,NaN,NaN,NaN,NaN,NaN,NaN
8,NaN,NaN,NaN,NaN,NaN,NaN,NaN,NaN
9,NaN,NaN,NaN,NaN,NaN,NaN,NaN,NaN
10,NaN,NaN,NaN,NaN,NaN,NaN,NaN,NaN
11,NaN,NaN,NaN,NaN,NaN,NaN,NaN,NaN
1,NaN,NaN,NaN,NaN,NaN,NaN,NaN,NaN
2,NaN,NaN,NaN,NaN,NaN,NaN,NaN,NaN
3,NaN,NaN,NaN,NaN,NaN,NaN,NaN,NaN
4,NaN,NaN,NaN,NaN,NaN,NaN,NaN,NaN
5,NaN,NaN,NaN,NaN,NaN,NaN,NaN,NaN
6,NaN,NaN,NaN,NaN,NaN,NaN,NaN,NaN
7,NaN,NaN,NaN,NaN,NaN,NaN,NaN,NaN
8,NaN,NaN,NaN,NaN,NaN,NaN,NaN,NaN
9,NaN,NaN,NaN,NaN,NaN,NaN,NaN,NaN
10,NaN,NaN,NaN,NaN,NaN,NaN,NaN,NaN
11,NaN,NaN,NaN,NaN,NaN,NaN,NaN,NaN
1,NaN,NaN,NaN,NaN,NaN,NaN,NaN,NaN
2,NaN,NaN,NaN,NaN,NaN,NaN,NaN,NaN
3,NaN,NaN,NaN,NaN,NaN,NaN,NaN,NaN
4,NaN,NaN,NaN,NaN,NaN,NaN,NaN,NaN
5,NaN,NaN,NaN,NaN,NaN,NaN,NaN,NaN
6,NaN,NaN,NaN,NaN,NaN,NaN,NaN,NaN
7,NaN,NaN,NaN,NaN,NaN,NaN,NaN,NaN
8,NaN,NaN,NaN,NaN,NaN,NaN,NaN,NaN
9,NaN,NaN,NaN,NaN,NaN,NaN,NaN,NaN
10,NaN,NaN,NaN,NaN,NaN,NaN,NaN,NaN
11,NaN,NaN,NaN,NaN,NaN,NaN,NaN,NaN
1,NaN,NaN,NaN,NaN,NaN,NaN,NaN,NaN
2,NaN,NaN,NaN,NaN,NaN,NaN,NaN,NaN
3,NaN,NaN,NaN,NaN,NaN,NaN,NaN,NaN
4,NaN,NaN,NaN,NaN,NaN,NaN,NaN,NaN
5,NaN,NaN,NaN,NaN,NaN,NaN,NaN,NaN
6,NaN,NaN,NaN,NaN,NaN,NaN,NaN,NaN
7,NaN,NaN,NaN,NaN,NaN,NaN,NaN,NaN
8,NaN,NaN,NaN,NaN,NaN,NaN,NaN,NaN
9,NaN,NaN,NaN,NaN,NaN,NaN,NaN,NaN
10,NaN,NaN,NaN,NaN,NaN,NaN,NaN,NaN
11,NaN,NaN,NaN,NaN,NaN,NaN,NaN,NaN
1,NaN,NaN,NaN,NaN,NaN,NaN,NaN,NaN
2,NaN,NaN,NaN,NaN,NaN,NaN,NaN,NaN
3,NaN,NaN,NaN,NaN,NaN,NaN,NaN,NaN
4,NaN,NaN,NaN,NaN,NaN,NaN,NaN,NaN
5,NaN,NaN,NaN,NaN,NaN,NaN,NaN,NaN
6,NaN,NaN,NaN,NaN,NaN,NaN,NaN,NaN
7,NaN,NaN,NaN,NaN,NaN,NaN,NaN,NaN
8,NaN,NaN,NaN,NaN,NaN,NaN,NaN,NaN
9,NaN,NaN,NaN,NaN,NaN,NaN,NaN,NaN
10,NaN,NaN,NaN,NaN,NaN,NaN,NaN,NaN
11,NaN,NaN,NaN,NaN,NaN,NaN,NaN,NaN
1,NaN,NaN,NaN,NaN,NaN,NaN,NaN,NaN
2,NaN,NaN,NaN,NaN,NaN,NaN,NaN,NaN
3,NaN,NaN,NaN,NaN,NaN,NaN,NaN,NaN
4,NaN,NaN,NaN,NaN,NaN,NaN,NaN,NaN
5,NaN,NaN,NaN,NaN,NaN,NaN,NaN,NaN
6,NaN,NaN,NaN,NaN,NaN,NaN,NaN,NaN
7,NaN,NaN,NaN,NaN,NaN,NaN,NaN,NaN
8,NaN,NaN,NaN,NaN,NaN,NaN,NaN,NaN
9,NaN,NaN,NaN,NaN,NaN,NaN,NaN,NaN
10,NaN,NaN,NaN,NaN,NaN,NaN,NaN,NaN
11,NaN,NaN,NaN,NaN,NaN,NaN,NaN,NaN
1,NaN,NaN,NaN,NaN,NaN,NaN,NaN,NaN
2,NaN,NaN,NaN,NaN,NaN,NaN,NaN,NaN
3,NaN,NaN,NaN,NaN,NaN,NaN,NaN,NaN
4,NaN,NaN,NaN,NaN,NaN,NaN,NaN,NaN
5,NaN,NaN,NaN,NaN,NaN,NaN,NaN,NaN
6,NaN,NaN,NaN,NaN,NaN,NaN,NaN,NaN
7,NaN,NaN,NaN,NaN,NaN,NaN,NaN,NaN
8,NaN,NaN,NaN,NaN,NaN,NaN,NaN,NaN
9,NaN,NaN,NaN,NaN,NaN,NaN,NaN,NaN
10,NaN,NaN,NaN,NaN,NaN,NaN,NaN,NaN
11,NaN,NaN,NaN,NaN,NaN,NaN,NaN,NaN
1,NaN,NaN,NaN,NaN,NaN,NaN,NaN,NaN
2,NaN,NaN,NaN,NaN,NaN,NaN,NaN,NaN
3,NaN,NaN,NaN,NaN,NaN,NaN,NaN,NaN
4,NaN,NaN,NaN,NaN,NaN,NaN,NaN,NaN
5,NaN,NaN,NaN,NaN,NaN,NaN,NaN,NaN
6,NaN,NaN,NaN,NaN,NaN,NaN,NaN,NaN
7,NaN,NaN,NaN,NaN,NaN,NaN,NaN,NaN
8,NaN,NaN,NaN,NaN,NaN,NaN,NaN,NaN
9,NaN,NaN,NaN,NaN,NaN,NaN,NaN,NaN
10,NaN,NaN,NaN,NaN,NaN,NaN,NaN,NaN
11,NaN,NaN,NaN,NaN,NaN,NaN,NaN,NaN
1,NaN,NaN,NaN,NaN,NaN,NaN,NaN,NaN
2,NaN,NaN,NaN,NaN,NaN,NaN,NaN,NaN
3,NaN,NaN,NaN,NaN,NaN,NaN,NaN,NaN
4,NaN,NaN,NaN,NaN,NaN,NaN,NaN,NaN
5,NaN,NaN,NaN,NaN,NaN,NaN,NaN,NaN
6,NaN,NaN,NaN,NaN,NaN,NaN,NaN,NaN
7,NaN,NaN,NaN,NaN,NaN,NaN,NaN,NaN
8,NaN,NaN,NaN,NaN,NaN,NaN,NaN,NaN
9,NaN,NaN,NaN,NaN,NaN,NaN,NaN,NaN
10,NaN,NaN,NaN,NaN,NaN,NaN,NaN,NaN
11,NaN,NaN,NaN,NaN,NaN,NaN,NaN,NaN
1,NaN,NaN,NaN,NaN,NaN,NaN,NaN,NaN
2,NaN,NaN,NaN,NaN,NaN,NaN,NaN,NaN
3,NaN,NaN,NaN,NaN,NaN,NaN,NaN,NaN
4,NaN,NaN,NaN,NaN,NaN,NaN,NaN,NaN
5,NaN,NaN,NaN,NaN,NaN,NaN,NaN,NaN
6,NaN,NaN,NaN,NaN,NaN,NaN,NaN,NaN
7,NaN,NaN,NaN,NaN,NaN,NaN,NaN,NaN
8,NaN,NaN,NaN,NaN,NaN,NaN,NaN,NaN
9,NaN,NaN,NaN,NaN,NaN,NaN,NaN,NaN
10,NaN,NaN,NaN,NaN,NaN,NaN,NaN,NaN
11,NaN,NaN,NaN,NaN,NaN,NaN,NaN,NaN
1,NaN,NaN,NaN,NaN,NaN,NaN,NaN,NaN
2,NaN,NaN,NaN,NaN,NaN,NaN,NaN,NaN
3,NaN,NaN,NaN,NaN,NaN,NaN,NaN,NaN
4,NaN,NaN,NaN,NaN,NaN,NaN,NaN,NaN
5,NaN,NaN,NaN,NaN,NaN,NaN,NaN,NaN
6,NaN,NaN,NaN,NaN,NaN,NaN,NaN,NaN
7,NaN,NaN,NaN,NaN,NaN,NaN,NaN,NaN
8,NaN,NaN,NaN,NaN,NaN,NaN,NaN,NaN
9,NaN,NaN,NaN,NaN,NaN,NaN,NaN,NaN
10,NaN,NaN,NaN,NaN,NaN,NaN,NaN,NaN
11,NaN,NaN,NaN,NaN,NaN,NaN,NaN,NaN
1,NaN,NaN,NaN,NaN,NaN,NaN,NaN,NaN
2,NaN,NaN,NaN,NaN,NaN,NaN,NaN,NaN
3,NaN,NaN,NaN,NaN,NaN,NaN,NaN,NaN
4,NaN,NaN,NaN,NaN,NaN,NaN,NaN,NaN
5,NaN,NaN,NaN,NaN,NaN,NaN,NaN,NaN
6,NaN,NaN,NaN,NaN,NaN,NaN,NaN,NaN
7,NaN,NaN,NaN,NaN,NaN,NaN,NaN,NaN
8,NaN,NaN,NaN,NaN,NaN,NaN,NaN,NaN
9,NaN,NaN,NaN,NaN,NaN,NaN,NaN,NaN
10,NaN,NaN,NaN,NaN,NaN,NaN,NaN,NaN
11,NaN,NaN,NaN,NaN,NaN,NaN,NaN,NaN
1,NaN,NaN,NaN,NaN,NaN,NaN,NaN,NaN
2,NaN,NaN,NaN,NaN,NaN,NaN,NaN,NaN
3,NaN,NaN,NaN,NaN,NaN,NaN,NaN,NaN
4,NaN,NaN,NaN,NaN,NaN,NaN,NaN,NaN
5,NaN,NaN,NaN,NaN,NaN,NaN,NaN,NaN
6,NaN,NaN,NaN,NaN,NaN,NaN,NaN,NaN
7,NaN,NaN,NaN,NaN,NaN,NaN,NaN,NaN
8,NaN,NaN,NaN,NaN,NaN,NaN,NaN,NaN
9,NaN,NaN,NaN,NaN,NaN,NaN,NaN,NaN
10,NaN,NaN,NaN,NaN,NaN,NaN,NaN,NaN
11,NaN,NaN,NaN,NaN,NaN,NaN,NaN,NaN
1,NaN,NaN,NaN,NaN,NaN,NaN,NaN,NaN
2,NaN,NaN,NaN,NaN,NaN,NaN,NaN,NaN
3,NaN,NaN,NaN,NaN,NaN,NaN,NaN,NaN
4,NaN,NaN,NaN,NaN,NaN,NaN,NaN,NaN
5,NaN,NaN,NaN,NaN,NaN,NaN,NaN,NaN
6,NaN,NaN,NaN,NaN,NaN,NaN,NaN,NaN
7,NaN,NaN,NaN,NaN,NaN,NaN,NaN,NaN
8,NaN,NaN,NaN,NaN,NaN,NaN,NaN,NaN
9,NaN,NaN,NaN,NaN,NaN,NaN,NaN,NaN
10,NaN,NaN,NaN,NaN,NaN,NaN,NaN,NaN
11,NaN,NaN,NaN,NaN,NaN,NaN,NaN,NaN
1,NaN,NaN,NaN,NaN,NaN,NaN,NaN,NaN
2,NaN,NaN,NaN,NaN,NaN,NaN,NaN,NaN
3,NaN,NaN,NaN,NaN,NaN,NaN,NaN,NaN
4,NaN,NaN,NaN,NaN,NaN,NaN,NaN,NaN
5,NaN,NaN,NaN,NaN,NaN,NaN,NaN,NaN
6,NaN,NaN,NaN,NaN,NaN,NaN,NaN,NaN
7,NaN,NaN,NaN,NaN,NaN,NaN,NaN,NaN
8,NaN,NaN,NaN,NaN,NaN,NaN,NaN,NaN
9,NaN,NaN,NaN,NaN,NaN,NaN,NaN,NaN
10,NaN,NaN,NaN,NaN,NaN,NaN,NaN,NaN
11,NaN,NaN,NaN,NaN,NaN,NaN,NaN,NaN
1,NaN,NaN,NaN,NaN,NaN,NaN,NaN,NaN
2,NaN,NaN,NaN,NaN,NaN,NaN,NaN,NaN
3,NaN,NaN,NaN,NaN,NaN,NaN,NaN,NaN
4,NaN,NaN,NaN,NaN,NaN,NaN,NaN,NaN
5,NaN,NaN,NaN,NaN,NaN,NaN,NaN,NaN
6,NaN,NaN,NaN,NaN,NaN,NaN,NaN,NaN
7,NaN,NaN,NaN,NaN,NaN,NaN,NaN,NaN
8,NaN,NaN,NaN,NaN,NaN,NaN,NaN,NaN
9,NaN,NaN,NaN,NaN,NaN,NaN,NaN,NaN
10,NaN,NaN,NaN,NaN,NaN,NaN,NaN,NaN
11,NaN,NaN,NaN,NaN,NaN,NaN,NaN,NaN
1,NaN,NaN,NaN,NaN,NaN,NaN,NaN,NaN
2,NaN,NaN,NaN,NaN,NaN,NaN,NaN,NaN
3,NaN,NaN,NaN,NaN,NaN,NaN,NaN,NaN
4,NaN,NaN,NaN,NaN,NaN,NaN,NaN,NaN
5,NaN,NaN,NaN,NaN,NaN,NaN,NaN,NaN
6,NaN,NaN,NaN,NaN,NaN,NaN,NaN,NaN
7,NaN,NaN,NaN,NaN,NaN,NaN,NaN,NaN
8,NaN,NaN,NaN,NaN,NaN,NaN,NaN,NaN
9,NaN,NaN,NaN,NaN,NaN,NaN,NaN,NaN
10,NaN,NaN,NaN,NaN,NaN,NaN,NaN,NaN
11,NaN,NaN,NaN,NaN,NaN,NaN,NaN,NaN
1,NaN,NaN,NaN,NaN,NaN,NaN,NaN,NaN
2,NaN,NaN,NaN,NaN,NaN,NaN,NaN,NaN
3,NaN,NaN,NaN,NaN,NaN,NaN,NaN,NaN
4,NaN,NaN,NaN,NaN,NaN,NaN,NaN,NaN
5,NaN,NaN,NaN,NaN,NaN,NaN,NaN,NaN
6,NaN,NaN,NaN,NaN,NaN,NaN,NaN,NaN
7,NaN,NaN,NaN,NaN,NaN,NaN,NaN,NaN
8,NaN,NaN,NaN,NaN,NaN,NaN,NaN,NaN
9,NaN,NaN,NaN,NaN,NaN,NaN,NaN,NaN
10,NaN,NaN,NaN,NaN,NaN,NaN,NaN,NaN
11,NaN,NaN,NaN,NaN,NaN,NaN,NaN,NaN
1,NaN,NaN,NaN,NaN,NaN,NaN,NaN,NaN
2,NaN,NaN,NaN,NaN,NaN,NaN,NaN,NaN
3,NaN,NaN,NaN,NaN,NaN,NaN,NaN,NaN
4,NaN,NaN,NaN,NaN,NaN,NaN,NaN,NaN
5,NaN,NaN,NaN,NaN,NaN,NaN,NaN,NaN
6,NaN,NaN,NaN,NaN,NaN,NaN,NaN,NaN
7,NaN,NaN,NaN,NaN,NaN,NaN,NaN,NaN
8,NaN,NaN,NaN,NaN,NaN,NaN,NaN,NaN
9,NaN,NaN,NaN,NaN,NaN,NaN,NaN,NaN
10,NaN,NaN,NaN,NaN,NaN,NaN,NaN,NaN
11,NaN,NaN,NaN,NaN,NaN,NaN,NaN,NaN
1,NaN,NaN,NaN,NaN,NaN,NaN,NaN,NaN
2,NaN,NaN,NaN,NaN,NaN,NaN,NaN,NaN
3,NaN,NaN,NaN,NaN,NaN,NaN,NaN,NaN
4,NaN,NaN,NaN,NaN,NaN,NaN,NaN,NaN
5,NaN,NaN,NaN,NaN,NaN,NaN,NaN,NaN
6,NaN,NaN,NaN,NaN,NaN,NaN,NaN,NaN
7,NaN,NaN,NaN,NaN,NaN,NaN,NaN,NaN
8,NaN,NaN,NaN,NaN,NaN,NaN,NaN,NaN
9,NaN,NaN,NaN,NaN,NaN,NaN,NaN,NaN
10,NaN,NaN,NaN,NaN,NaN,NaN,NaN,NaN
11,NaN,NaN,NaN,NaN,NaN,NaN,NaN,NaN
1,NaN,NaN,NaN,NaN,NaN,NaN,NaN,NaN
2,NaN,NaN,NaN,NaN,NaN,NaN,NaN,NaN
3,NaN,NaN,NaN,NaN,NaN,NaN,NaN,NaN
4,NaN,NaN,NaN,NaN,NaN,NaN,NaN,NaN
5,NaN,NaN,NaN,NaN,NaN,NaN,NaN,NaN
6,NaN,NaN,NaN,NaN,NaN,NaN,NaN,NaN
7,NaN,NaN,NaN,NaN,NaN,NaN,NaN,NaN
8,NaN,NaN,NaN,NaN,NaN,NaN,NaN,NaN
9,NaN,NaN,NaN,NaN,NaN,NaN,NaN,NaN
10,NaN,NaN,NaN,NaN,NaN,NaN,NaN,NaN
11,NaN,NaN,NaN,NaN,NaN,NaN,NaN,NaN
1,NaN,NaN,NaN,NaN,NaN,NaN,NaN,NaN
2,NaN,NaN,NaN,NaN,NaN,NaN,NaN,NaN
3,NaN,NaN,NaN,NaN,NaN,NaN,NaN,NaN
4,NaN,NaN,NaN,NaN,NaN,NaN,NaN,NaN
5,NaN,NaN,NaN,NaN,NaN,NaN,NaN,NaN
6,NaN,NaN,NaN,NaN,NaN,NaN,NaN,NaN
7,NaN,NaN,NaN,NaN,NaN,NaN,NaN,NaN
8,NaN,NaN,NaN,NaN,NaN,NaN,NaN,NaN
9,NaN,NaN,NaN,NaN,NaN,NaN,NaN,NaN
10,NaN,NaN,NaN,NaN,NaN,NaN,NaN,NaN
11,NaN,NaN,NaN,NaN,NaN,NaN,NaN,NaN
1,NaN,NaN,NaN,NaN,NaN,NaN,NaN,NaN
2,NaN,NaN,NaN,NaN,NaN,NaN,NaN,NaN
3,NaN,NaN,NaN,NaN,NaN,NaN,NaN,NaN
4,NaN,NaN,NaN,NaN,NaN,NaN,NaN,NaN
5,NaN,NaN,NaN,NaN,NaN,NaN,NaN,NaN
6,NaN,NaN,NaN,NaN,NaN,NaN,NaN,NaN
7,NaN,NaN,NaN,NaN,NaN,NaN,NaN,NaN
8,NaN,NaN,NaN,NaN,NaN,NaN,NaN,NaN
9,NaN,NaN,NaN,NaN,NaN,NaN,NaN,NaN
10,NaN,NaN,NaN,NaN,NaN,NaN,NaN,NaN
11,NaN,NaN,NaN,NaN,NaN,NaN,NaN,NaN
1,NaN,NaN,NaN,NaN,NaN,NaN,NaN,NaN
2,NaN,NaN,NaN,NaN,NaN,NaN,NaN,NaN
3,NaN,NaN,NaN,NaN,NaN,NaN,NaN,NaN
4,NaN,NaN,NaN,NaN,NaN,NaN,NaN,NaN
5,NaN,NaN,NaN,NaN,NaN,NaN,NaN,NaN
6,NaN,NaN,NaN,NaN,NaN,NaN,NaN,NaN
7,NaN,NaN,NaN,NaN,NaN,NaN,NaN,NaN
8,NaN,NaN,NaN,NaN,NaN,NaN,NaN,NaN
9,NaN,NaN,NaN,NaN,NaN,NaN,NaN,NaN
10,NaN,NaN,NaN,NaN,NaN,NaN,NaN,NaN
11,NaN,NaN,NaN,NaN,NaN,NaN,NaN,NaN
1,NaN,NaN,NaN,NaN,NaN,NaN,NaN,NaN
2,NaN,NaN,NaN,NaN,NaN,NaN,NaN,NaN
3,NaN,NaN,NaN,NaN,NaN,NaN,NaN,NaN
4,NaN,NaN,NaN,NaN,NaN,NaN,NaN,NaN
5,NaN,NaN,NaN,NaN,NaN,NaN,NaN,NaN
6,NaN,NaN,NaN,NaN,NaN,NaN,NaN,NaN
7,NaN,NaN,NaN,NaN,NaN,NaN,NaN,NaN
8,NaN,NaN,NaN,NaN,NaN,NaN,NaN,NaN
9,NaN,NaN,NaN,NaN,NaN,NaN,NaN,NaN
10,NaN,NaN,NaN,NaN,NaN,NaN,NaN,NaN
11,NaN,NaN,NaN,NaN,NaN,NaN,NaN,NaN
1,NaN,NaN,NaN,NaN,NaN,NaN,NaN,NaN
2,NaN,NaN,NaN,NaN,NaN,NaN,NaN,NaN
3,NaN,NaN,NaN,NaN,NaN,NaN,NaN,NaN
4,NaN,NaN,NaN,NaN,NaN,NaN,NaN,NaN
5,NaN,NaN,NaN,NaN,NaN,NaN,NaN,NaN
6,NaN,NaN,NaN,NaN,NaN,NaN,NaN,NaN
7,NaN,NaN,NaN,NaN,NaN,NaN,NaN,NaN
8,NaN,NaN,NaN,NaN,NaN,NaN,NaN,NaN
9,NaN,NaN,NaN,NaN,NaN,NaN,NaN,NaN
10,NaN,NaN,NaN,NaN,NaN,NaN,NaN,NaN
11,NaN,NaN,NaN,NaN,NaN,NaN,NaN,NaN
1,NaN,NaN,NaN,NaN,NaN,NaN,NaN,NaN
2,NaN,NaN,NaN,NaN,NaN,NaN,NaN,NaN
3,NaN,NaN,NaN,NaN,NaN,NaN,NaN,NaN
4,NaN,NaN,NaN,NaN,NaN,NaN,NaN,NaN
5,NaN,NaN,NaN,NaN,NaN,NaN,NaN,NaN
6,NaN,NaN,NaN,NaN,NaN,NaN,NaN,NaN
7,NaN,NaN,NaN,NaN,NaN,NaN,NaN,NaN
8,NaN,NaN,NaN,NaN,NaN,NaN,NaN,NaN
9,NaN,NaN,NaN,NaN,NaN,NaN,NaN,NaN
10,NaN,NaN,NaN,NaN,NaN,NaN,NaN,NaN
11,NaN,NaN,NaN,NaN,NaN,NaN,NaN,NaN
1,NaN,NaN,NaN,NaN,NaN,NaN,NaN,NaN
2,NaN,NaN,NaN,NaN,NaN,NaN,NaN,NaN
3,NaN,NaN,NaN,NaN,NaN,NaN,NaN,NaN
4,NaN,NaN,NaN,NaN,NaN,NaN,NaN,NaN
5,NaN,NaN,NaN,NaN,NaN,NaN,NaN,NaN
6,NaN,NaN,NaN,NaN,NaN,NaN,NaN,NaN
7,NaN,NaN,NaN,NaN,NaN,NaN,NaN,NaN
8,NaN,NaN,NaN,NaN,NaN,NaN,NaN,NaN
9,NaN,NaN,NaN,NaN,NaN,NaN,NaN,NaN
10,NaN,NaN,NaN,NaN,NaN,NaN,NaN,NaN
11,NaN,NaN,NaN,NaN,NaN,NaN,NaN,NaN
1,NaN,NaN,NaN,NaN,NaN,NaN,NaN,NaN
2,NaN,NaN,NaN,NaN,NaN,NaN,NaN,NaN
3,NaN,NaN,NaN,NaN,NaN,NaN,NaN,NaN
4,NaN,NaN,NaN,NaN,NaN,NaN,NaN,NaN
5,NaN,NaN,NaN,NaN,NaN,NaN,NaN,NaN
6,NaN,NaN,NaN,NaN,NaN,NaN,NaN,NaN
7,NaN,NaN,NaN,NaN,NaN,NaN,NaN,NaN
8,NaN,NaN,NaN,NaN,NaN,NaN,NaN,NaN
9,NaN,NaN,NaN,NaN,NaN,NaN,NaN,NaN
10,NaN,NaN,NaN,NaN,NaN,NaN,NaN,NaN
11,NaN,NaN,NaN,NaN,NaN,NaN,NaN,NaN
1,NaN,NaN,NaN,NaN,NaN,NaN,NaN,NaN
2,NaN,NaN,NaN,NaN,NaN,NaN,NaN,NaN
3,NaN,NaN,NaN,NaN,NaN,NaN,NaN,NaN
4,NaN,NaN,NaN,NaN,NaN,NaN,NaN,NaN
5,NaN,NaN,NaN,NaN,NaN,NaN,NaN,NaN
6,NaN,NaN,NaN,NaN,NaN,NaN,NaN,NaN
7,NaN,NaN,NaN,NaN,NaN,NaN,NaN,NaN
8,NaN,NaN,NaN,NaN,NaN,NaN,NaN,NaN
9,NaN,NaN,NaN,NaN,NaN,NaN,NaN,NaN
10,NaN,NaN,NaN,NaN,NaN,NaN,NaN,NaN
11,NaN,NaN,NaN,NaN,NaN,NaN,NaN,NaN
1,NaN,NaN,NaN,NaN,NaN,NaN,NaN,NaN
2,NaN,NaN,NaN,NaN,NaN,NaN,NaN,NaN
3,NaN,NaN,NaN,NaN,NaN,NaN,NaN,NaN
4,NaN,NaN,NaN,NaN,NaN,NaN,NaN,NaN
5,NaN,NaN,NaN,NaN,NaN,NaN,NaN,NaN
6,NaN,NaN,NaN,NaN,NaN,NaN,NaN,NaN
7,NaN,NaN,NaN,NaN,NaN,NaN,NaN,NaN
8,NaN,NaN,NaN,NaN,NaN,NaN,NaN,NaN
9,NaN,NaN,NaN,NaN,NaN,NaN,NaN,NaN
10,NaN,NaN,NaN,NaN,NaN,NaN,NaN,NaN
11,NaN,NaN,NaN,NaN,NaN,NaN,NaN,NaN
1,NaN,NaN,NaN,NaN,NaN,NaN,NaN,NaN
2,NaN,NaN,NaN,NaN,NaN,NaN,NaN,NaN
3,NaN,NaN,NaN,NaN,NaN,NaN,NaN,NaN
4,NaN,NaN,NaN,NaN,NaN,NaN,NaN,NaN
5,NaN,NaN,NaN,NaN,NaN,NaN,NaN,NaN
6,NaN,NaN,NaN,NaN,NaN,NaN,NaN,NaN
7,NaN,NaN,NaN,NaN,NaN,NaN,NaN,NaN
8,NaN,NaN,NaN,NaN,NaN,NaN,NaN,NaN
9,NaN,NaN,NaN,NaN,NaN,NaN,NaN,NaN
10,NaN,NaN,NaN,NaN,NaN,NaN,NaN,NaN
11,NaN,NaN,NaN,NaN,NaN,NaN,NaN,NaN
1,NaN,NaN,NaN,NaN,NaN,NaN,NaN,NaN
2,NaN,NaN,NaN,NaN,NaN,NaN,NaN,NaN
3,NaN,NaN,NaN,NaN,NaN,NaN,NaN,NaN
4,NaN,NaN,NaN,NaN,NaN,NaN,NaN,NaN
5,NaN,NaN,NaN,NaN,NaN,NaN,NaN,NaN
6,NaN,NaN,NaN,NaN,NaN,NaN,NaN,NaN
7,NaN,NaN,NaN,NaN,NaN,NaN,NaN,NaN
8,NaN,NaN,NaN,NaN,NaN,NaN,NaN,NaN
9,NaN,NaN,NaN,NaN,NaN,NaN,NaN,NaN
10,NaN,NaN,NaN,NaN,NaN,NaN,NaN,NaN
11,NaN,NaN,NaN,NaN,NaN,NaN,NaN,NaN
1,NaN,NaN,NaN,NaN,NaN,NaN,NaN,NaN
2,NaN,NaN,NaN,NaN,NaN,NaN,NaN,NaN
3,NaN,NaN,NaN,NaN,NaN,NaN,NaN,NaN
4,NaN,NaN,NaN,NaN,NaN,NaN,NaN,NaN
5,NaN,NaN,NaN,NaN,NaN,NaN,NaN,NaN
6,NaN,NaN,NaN,NaN,NaN,NaN,NaN,NaN
7,NaN,NaN,NaN,NaN,NaN,NaN,NaN,NaN
8,NaN,NaN,NaN,NaN,NaN,NaN,NaN,NaN
9,NaN,NaN,NaN,NaN,NaN,NaN,NaN,NaN
10,NaN,NaN,NaN,NaN,NaN,NaN,NaN,NaN
11,NaN,NaN,NaN,NaN,NaN,NaN,NaN,NaN
1,NaN,NaN,NaN,NaN,NaN,NaN,NaN,NaN
2,NaN,NaN,NaN,NaN,NaN,NaN,NaN,NaN
3,NaN,NaN,NaN,NaN,NaN,NaN,NaN,NaN
4,NaN,NaN,NaN,NaN,NaN,NaN,NaN,NaN
5,NaN,NaN,NaN,NaN,NaN,NaN,NaN,NaN
6,NaN,NaN,NaN,NaN,NaN,NaN,NaN,NaN
7,NaN,NaN,NaN,NaN,NaN,NaN,NaN,NaN
8,NaN,NaN,NaN,NaN,NaN,NaN,NaN,NaN
9,NaN,NaN,NaN,NaN,NaN,NaN,NaN,NaN
10,NaN,NaN,NaN,NaN,NaN,NaN,NaN,NaN
11,NaN,NaN,NaN,NaN,NaN,NaN,NaN,NaN
1,NaN,NaN,NaN,NaN,NaN,NaN,NaN,NaN
2,NaN,NaN,NaN,NaN,NaN,NaN,NaN,NaN
3,NaN,NaN,NaN,NaN,NaN,NaN,NaN,NaN
4,NaN,NaN,NaN,NaN,NaN,NaN,NaN,NaN
5,NaN,NaN,NaN,NaN,NaN,NaN,NaN,NaN
6,NaN,NaN,NaN,NaN,NaN,NaN,NaN,NaN
7,NaN,NaN,NaN,NaN,NaN,NaN,NaN,NaN
8,NaN,NaN,NaN,NaN,NaN,NaN,NaN,NaN
9,NaN,NaN,NaN,NaN,NaN,NaN,NaN,NaN
10,NaN,NaN,NaN,NaN,NaN,NaN,NaN,NaN
11,NaN,NaN,NaN,NaN,NaN,NaN,NaN,NaN
1,NaN,NaN,NaN,NaN,NaN,NaN,NaN,NaN
2,NaN,NaN,NaN,NaN,NaN,NaN,NaN,NaN
3,NaN,NaN,NaN,NaN,NaN,NaN,NaN,NaN
4,NaN,NaN,NaN,NaN,NaN,NaN,NaN,NaN
5,NaN,NaN,NaN,NaN,NaN,NaN,NaN,NaN
6,NaN,NaN,NaN,NaN,NaN,NaN,NaN,NaN
7,NaN,NaN,NaN,NaN,NaN,NaN,NaN,NaN
8,NaN,NaN,NaN,NaN,NaN,NaN,NaN,NaN
9,NaN,NaN,NaN,NaN,NaN,NaN,NaN,NaN
10,NaN,NaN,NaN,NaN,NaN,NaN,NaN,NaN
11,NaN,NaN,NaN,NaN,NaN,NaN,NaN,NaN
1,NaN,NaN,NaN,NaN,NaN,NaN,NaN,NaN
2,NaN,NaN,NaN,NaN,NaN,NaN,NaN,NaN
3,NaN,NaN,NaN,NaN,NaN,NaN,NaN,NaN
4,NaN,NaN,NaN,NaN,NaN,NaN,NaN,NaN
5,NaN,NaN,NaN,NaN,NaN,NaN,NaN,NaN
6,NaN,NaN,NaN,NaN,NaN,NaN,NaN,NaN
7,NaN,NaN,NaN,NaN,NaN,NaN,NaN,NaN
8,NaN,NaN,NaN,NaN,NaN,NaN,NaN,NaN
9,NaN,NaN,NaN,NaN,NaN,NaN,NaN,NaN
10,NaN,NaN,NaN,NaN,NaN,NaN,NaN,NaN
11,NaN,NaN,NaN,NaN,NaN,NaN,NaN,NaN
1,NaN,NaN,NaN,NaN,NaN,NaN,NaN,NaN
2,NaN,NaN,NaN,NaN,NaN,NaN,NaN,NaN
3,NaN,NaN,NaN,NaN,NaN,NaN,NaN,NaN
4,NaN,NaN,NaN,NaN,NaN,NaN,NaN,NaN
5,NaN,NaN,NaN,NaN,NaN,NaN,NaN,NaN
6,NaN,NaN,NaN,NaN,NaN,NaN,NaN,NaN
7,NaN,NaN,NaN,NaN,NaN,NaN,NaN,NaN
8,NaN,NaN,NaN,NaN,NaN,NaN,NaN,NaN
9,NaN,NaN,NaN,NaN,NaN,NaN,NaN,NaN
10,NaN,NaN,NaN,NaN,NaN,NaN,NaN,NaN
11,NaN,NaN,NaN,NaN,NaN,NaN,NaN,NaN
1,NaN,NaN,NaN,NaN,NaN,NaN,NaN,NaN
2,NaN,NaN,NaN,NaN,NaN,NaN,NaN,NaN
3,NaN,NaN,NaN,NaN,NaN,NaN,NaN,NaN
4,NaN,NaN,NaN,NaN,NaN,NaN,NaN,NaN
5,NaN,NaN,NaN,NaN,NaN,NaN,NaN,NaN
6,NaN,NaN,NaN,NaN,NaN,NaN,NaN,NaN
7,NaN,NaN,NaN,NaN,NaN,NaN,NaN,NaN
8,NaN,NaN,NaN,NaN,NaN,NaN,NaN,NaN
9,NaN,NaN,NaN,NaN,NaN,NaN,NaN,NaN
10,NaN,NaN,NaN,NaN,NaN,NaN,NaN,NaN
11,NaN,NaN,NaN,NaN,NaN,NaN,NaN,NaN
1,NaN,NaN,NaN,NaN,NaN,NaN,NaN,NaN
2,NaN,NaN,NaN,NaN,NaN,NaN,NaN,NaN
3,NaN,NaN,NaN,NaN,NaN,NaN,NaN,NaN
4,NaN,NaN,NaN,NaN,NaN,NaN,NaN,NaN
5,NaN,NaN,NaN,NaN,NaN,NaN,NaN,NaN
6,NaN,NaN,NaN,NaN,NaN,NaN,NaN,NaN
7,NaN,NaN,NaN,NaN,NaN,NaN,NaN,NaN
8,NaN,NaN,NaN,NaN,NaN,NaN,NaN,NaN
9,NaN,NaN,NaN,NaN,NaN,NaN,NaN,NaN
10,NaN,NaN,NaN,NaN,NaN,NaN,NaN,NaN
11,NaN,NaN,NaN,NaN,NaN,NaN,NaN,NaN
1,NaN,NaN,NaN,NaN,NaN,NaN,NaN,NaN
2,NaN,NaN,NaN,NaN,NaN,NaN,NaN,NaN
3,NaN,NaN,NaN,NaN,NaN,NaN,NaN,NaN
4,NaN,NaN,NaN,NaN,NaN,NaN,NaN,NaN
5,NaN,NaN,NaN,NaN,NaN,NaN,NaN,NaN
6,NaN,NaN,NaN,NaN,NaN,NaN,NaN,NaN
7,NaN,NaN,NaN,NaN,NaN,NaN,NaN,NaN
8,NaN,NaN,NaN,NaN,NaN,NaN,NaN,NaN
9,NaN,NaN,NaN,NaN,NaN,NaN,NaN,NaN
10,NaN,NaN,NaN,NaN,NaN,NaN,NaN,NaN
11,NaN,NaN,NaN,NaN,NaN,NaN,NaN,NaN
1,NaN,NaN,NaN,NaN,NaN,NaN,NaN,NaN
2,NaN,NaN,NaN,NaN,NaN,NaN,NaN,NaN
3,NaN,NaN,NaN,NaN,NaN,NaN,NaN,NaN
4,NaN,NaN,NaN,NaN,NaN,NaN,NaN,NaN
5,NaN,NaN,NaN,NaN,NaN,NaN,NaN,NaN
6,NaN,NaN,NaN,NaN,NaN,NaN,NaN,NaN
7,NaN,NaN,NaN,NaN,NaN,NaN,NaN,NaN
8,NaN,NaN,NaN,NaN,NaN,NaN,NaN,NaN
9,NaN,NaN,NaN,NaN,NaN,NaN,NaN,NaN
10,NaN,NaN,NaN,NaN,NaN,NaN,NaN,NaN
11,NaN,NaN,NaN,NaN,NaN,NaN,NaN,NaN
1,NaN,NaN,NaN,NaN,NaN,NaN,NaN,NaN
2,NaN,NaN,NaN,NaN,NaN,NaN,NaN,NaN
3,NaN,NaN,NaN,NaN,NaN,NaN,NaN,NaN
4,NaN,NaN,NaN,NaN,NaN,NaN,NaN,NaN
5,NaN,NaN,NaN,NaN,NaN,NaN,NaN,NaN
6,NaN,NaN,NaN,NaN,NaN,NaN,NaN,NaN
7,NaN,NaN,NaN,NaN,NaN,NaN,NaN,NaN
8,NaN,NaN,NaN,NaN,NaN,NaN,NaN,NaN
9,NaN,NaN,NaN,NaN,NaN,NaN,NaN,NaN
10,NaN,NaN,NaN,NaN,NaN,NaN,NaN,NaN
11,NaN,NaN,NaN,NaN,NaN,NaN,NaN,NaN
1,NaN,NaN,NaN,NaN,NaN,NaN,NaN,NaN
2,NaN,NaN,NaN,NaN,NaN,NaN,NaN,NaN
3,NaN,NaN,NaN,NaN,NaN,NaN,NaN,NaN
4,NaN,NaN,NaN,NaN,NaN,NaN,NaN,NaN
5,NaN,NaN,NaN,NaN,NaN,NaN,NaN,NaN
6,NaN,NaN,NaN,NaN,NaN,NaN,NaN,NaN
7,NaN,NaN,NaN,NaN,NaN,NaN,NaN,NaN
8,NaN,NaN,NaN,NaN,NaN,NaN,NaN,NaN
9,NaN,NaN,NaN,NaN,NaN,NaN,NaN,NaN
10,NaN,NaN,NaN,NaN,NaN,NaN,NaN,NaN
11,NaN,NaN,NaN,NaN,NaN,NaN,NaN,NaN
1,NaN,NaN,NaN,NaN,NaN,NaN,NaN,NaN
2,NaN,NaN,NaN,NaN,NaN,NaN,NaN,NaN
3,NaN,NaN,NaN,NaN,NaN,NaN,NaN,NaN
4,NaN,NaN,NaN,NaN,NaN,NaN,NaN,NaN
5,NaN,NaN,NaN,NaN,NaN,NaN,NaN,NaN
6,NaN,NaN,NaN,NaN,NaN,NaN,NaN,NaN
7,NaN,NaN,NaN,NaN,NaN,NaN,NaN,NaN
8,NaN,NaN,NaN,NaN,NaN,NaN,NaN,NaN
9,NaN,NaN,NaN,NaN,NaN,NaN,NaN,NaN
10,NaN,NaN,NaN,NaN,NaN,NaN,NaN,NaN
11,NaN,NaN,NaN,NaN,NaN,NaN,NaN,NaN
1,NaN,NaN,NaN,NaN,NaN,NaN,NaN,NaN
2,NaN,NaN,NaN,NaN,NaN,NaN,NaN,NaN
3,NaN,NaN,NaN,NaN,NaN,NaN,NaN,NaN
4,NaN,NaN,NaN,NaN,NaN,NaN,NaN,NaN
5,NaN,NaN,NaN,NaN,NaN,NaN,NaN,NaN
6,NaN,NaN,NaN,NaN,NaN,NaN,NaN,NaN
7,NaN,NaN,NaN,NaN,NaN,NaN,NaN,NaN
8,NaN,NaN,NaN,NaN,NaN,NaN,NaN,NaN
9,NaN,NaN,NaN,NaN,NaN,NaN,NaN,NaN
10,NaN,NaN,NaN,NaN,NaN,NaN,NaN,NaN
11,NaN,NaN,NaN,NaN,NaN,NaN,NaN,NaN
1,NaN,NaN,NaN,NaN,NaN,NaN,NaN,NaN
2,NaN,NaN,NaN,NaN,NaN,NaN,NaN,NaN
3,NaN,NaN,NaN,NaN,NaN,NaN,NaN,NaN
4,NaN,NaN,NaN,NaN,NaN,NaN,NaN,NaN
5,NaN,NaN,NaN,NaN,NaN,NaN,NaN,NaN
6,NaN,NaN,NaN,NaN,NaN,NaN,NaN,NaN
7,NaN,NaN,NaN,NaN,NaN,NaN,NaN,NaN
8,NaN,NaN,NaN,NaN,NaN,NaN,NaN,NaN
9,NaN,NaN,NaN,NaN,NaN,NaN,NaN,NaN
10,NaN,NaN,NaN,NaN,NaN,NaN,NaN,NaN
11,NaN,NaN,NaN,NaN,NaN,NaN,NaN,NaN
1,NaN,NaN,NaN,NaN,NaN,NaN,NaN,NaN
2,NaN,NaN,NaN,NaN,NaN,NaN,NaN,NaN
3,NaN,NaN,NaN,NaN,NaN,NaN,NaN,NaN
4,NaN,NaN,NaN,NaN,NaN,NaN,NaN,NaN
5,NaN,NaN,NaN,NaN,NaN,NaN,NaN,NaN
6,NaN,NaN,NaN,NaN,NaN,NaN,NaN,NaN
7,NaN,NaN,NaN,NaN,NaN,NaN,NaN,NaN
8,NaN,NaN,NaN,NaN,NaN,NaN,NaN,NaN
9,NaN,NaN,NaN,NaN,NaN,NaN,NaN,NaN
10,NaN,NaN,NaN,NaN,NaN,NaN,NaN,NaN
11,NaN,NaN,NaN,NaN,NaN,NaN,NaN,NaN
1,NaN,NaN,NaN,NaN,NaN,NaN,NaN,NaN
2,NaN,NaN,NaN,NaN,NaN,NaN,NaN,NaN
3,NaN,NaN,NaN,NaN,NaN,NaN,NaN,NaN
4,NaN,NaN,NaN,NaN,NaN,NaN,NaN,NaN
5,NaN,NaN,NaN,NaN,NaN,NaN,NaN,NaN
6,NaN,NaN,NaN,NaN,NaN,NaN,NaN,NaN
7,NaN,NaN,NaN,NaN,NaN,NaN,NaN,NaN
8,NaN,NaN,NaN,NaN,NaN,NaN,NaN,NaN
9,NaN,NaN,NaN,NaN,NaN,NaN,NaN,NaN
10,NaN,NaN,NaN,NaN,NaN,NaN,NaN,NaN
11,NaN,NaN,NaN,NaN,NaN,NaN,NaN,NaN
1,NaN,NaN,NaN,NaN,NaN,NaN,NaN,NaN
2,NaN,NaN,NaN,NaN,NaN,NaN,NaN,NaN
3,NaN,NaN,NaN,NaN,NaN,NaN,NaN,NaN
4,NaN,NaN,NaN,NaN,NaN,NaN,NaN,NaN
5,NaN,NaN,NaN,NaN,NaN,NaN,NaN,NaN
6,NaN,NaN,NaN,NaN,NaN,NaN,NaN,NaN
7,NaN,NaN,NaN,NaN,NaN,NaN,NaN,NaN
8,NaN,NaN,NaN,NaN,NaN,NaN,NaN,NaN
9,NaN,NaN,NaN,NaN,NaN,NaN,NaN,NaN
10,NaN,NaN,NaN,NaN,NaN,NaN,NaN,NaN
11,NaN,NaN,NaN,NaN,NaN,NaN,NaN,NaN
1,NaN,NaN,NaN,NaN,NaN,NaN,NaN,NaN
2,NaN,NaN,NaN,NaN,NaN,NaN,NaN,NaN
3,NaN,NaN,NaN,NaN,NaN,NaN,NaN,NaN
4,NaN,NaN,NaN,NaN,NaN,NaN,NaN,NaN
5,NaN,NaN,NaN,NaN,NaN,NaN,NaN,NaN
6,NaN,NaN,NaN,NaN,NaN,NaN,NaN,NaN
7,NaN,NaN,NaN,NaN,NaN,NaN,NaN,NaN
8,NaN,NaN,NaN,NaN,NaN,NaN,NaN,NaN
9,NaN,NaN,NaN,NaN,NaN,NaN,NaN,NaN
10,NaN,NaN,NaN,NaN,NaN,NaN,NaN,NaN
11,NaN,NaN,NaN,NaN,NaN,NaN,NaN,NaN
1,NaN,NaN,NaN,NaN,NaN,NaN,NaN,NaN
2,NaN,NaN,NaN,NaN,NaN,NaN,NaN,NaN
3,NaN,NaN,NaN,NaN,NaN,NaN,NaN,NaN
4,NaN,NaN,NaN,NaN,NaN,NaN,NaN,NaN
5,NaN,NaN,NaN,NaN,NaN,NaN,NaN,NaN
6,NaN,NaN,NaN,NaN,NaN,NaN,NaN,NaN
7,NaN,NaN,NaN,NaN,NaN,NaN,NaN,NaN
8,NaN,NaN,NaN,NaN,NaN,NaN,NaN,NaN
9,NaN,NaN,NaN,NaN,NaN,NaN,NaN,NaN
10,NaN,NaN,NaN,NaN,NaN,NaN,NaN,NaN
11,NaN,NaN,NaN,NaN,NaN,NaN,NaN,NaN
1,NaN,NaN,NaN,NaN,NaN,NaN,NaN,NaN
2,NaN,NaN,NaN,NaN,NaN,NaN,NaN,NaN
3,NaN,NaN,NaN,NaN,NaN,NaN,NaN,NaN
4,NaN,NaN,NaN,NaN,NaN,NaN,NaN,NaN
5,NaN,NaN,NaN,NaN,NaN,NaN,NaN,NaN
6,NaN,NaN,NaN,NaN,NaN,NaN,NaN,NaN
7,NaN,NaN,NaN,NaN,NaN,NaN,NaN,NaN
8,NaN,NaN,NaN,NaN,NaN,NaN,NaN,NaN
9,NaN,NaN,NaN,NaN,NaN,NaN,NaN,NaN
10,NaN,NaN,NaN,NaN,NaN,NaN,NaN,NaN
11,NaN,NaN,NaN,NaN,NaN,NaN,NaN,NaN
1,NaN,NaN,NaN,NaN,NaN,NaN,NaN,NaN
2,NaN,NaN,NaN,NaN,NaN,NaN,NaN,NaN
3,NaN,NaN,NaN,NaN,NaN,NaN,NaN,NaN
4,NaN,NaN,NaN,NaN,NaN,NaN,NaN,NaN
5,NaN,NaN,NaN,NaN,NaN,NaN,NaN,NaN
6,NaN,NaN,NaN,NaN,NaN,NaN,NaN,NaN
7,NaN,NaN,NaN,NaN,NaN,NaN,NaN,NaN
8,NaN,NaN,NaN,NaN,NaN,NaN,NaN,NaN
9,NaN,NaN,NaN,NaN,NaN,NaN,NaN,NaN
10,NaN,NaN,NaN,NaN,NaN,NaN,NaN,NaN
11,NaN,NaN,NaN,NaN,NaN,NaN,NaN,NaN
1,NaN,NaN,NaN,NaN,NaN,NaN,NaN,NaN
2,NaN,NaN,NaN,NaN,NaN,NaN,NaN,NaN
3,NaN,NaN,NaN,NaN,NaN,NaN,NaN,NaN
4,NaN,NaN,NaN,NaN,NaN,NaN,NaN,NaN
5,NaN,NaN,NaN,NaN,NaN,NaN,NaN,NaN
6,NaN,NaN,NaN,NaN,NaN,NaN,NaN,NaN
7,NaN,NaN,NaN,NaN,NaN,NaN,NaN,NaN
8,NaN,NaN,NaN,NaN,NaN,NaN,NaN,NaN
9,NaN,NaN,NaN,NaN,NaN,NaN,NaN,NaN
10,NaN,NaN,NaN,NaN,NaN,NaN,NaN,NaN
11,NaN,NaN,NaN,NaN,NaN,NaN,NaN,NaN
1,NaN,NaN,NaN,NaN,NaN,NaN,NaN,NaN
2,NaN,NaN,NaN,NaN,NaN,NaN,NaN,NaN
3,NaN,NaN,NaN,NaN,NaN,NaN,NaN,NaN
4,NaN,NaN,NaN,NaN,NaN,NaN,NaN,NaN
5,NaN,NaN,NaN,NaN,NaN,NaN,NaN,NaN
6,NaN,NaN,NaN,NaN,NaN,NaN,NaN,NaN
7,NaN,NaN,NaN,NaN,NaN,NaN,NaN,NaN
8,NaN,NaN,NaN,NaN,NaN,NaN,NaN,NaN
9,NaN,NaN,NaN,NaN,NaN,NaN,NaN,NaN
10,NaN,NaN,NaN,NaN,NaN,NaN,NaN,NaN
11,NaN,NaN,NaN,NaN,NaN,NaN,NaN,NaN
1,NaN,NaN,NaN,NaN,NaN,NaN,NaN,NaN
2,NaN,NaN,NaN,NaN,NaN,NaN,NaN,NaN
3,NaN,NaN,NaN,NaN,NaN,NaN,NaN,NaN
4,NaN,NaN,NaN,NaN,NaN,NaN,NaN,NaN
5,NaN,NaN,NaN,NaN,NaN,NaN,NaN,NaN
6,NaN,NaN,NaN,NaN,NaN,NaN,NaN,NaN
7,NaN,NaN,NaN,NaN,NaN,NaN,NaN,NaN
8,NaN,NaN,NaN,NaN,NaN,NaN,NaN,NaN
9,NaN,NaN,NaN,NaN,NaN,NaN,NaN,NaN
10,NaN,NaN,NaN,NaN,NaN,NaN,NaN,NaN
11,NaN,NaN,NaN,NaN,NaN,NaN,NaN,NaN
1,NaN,NaN,NaN,NaN,NaN,NaN,NaN,NaN
2,NaN,NaN,NaN,NaN,NaN,NaN,NaN,NaN
3,NaN,NaN,NaN,NaN,NaN,NaN,NaN,NaN
4,NaN,NaN,NaN,NaN,NaN,NaN,NaN,NaN
5,NaN,NaN,NaN,NaN,NaN,NaN,NaN,NaN
6,NaN,NaN,NaN,NaN,NaN,NaN,NaN,NaN
7,NaN,NaN,NaN,NaN,NaN,NaN,NaN,NaN
8,NaN,NaN,NaN,NaN,NaN,NaN,NaN,NaN
9,NaN,NaN,NaN,NaN,NaN,NaN,NaN,NaN
10,NaN,NaN,NaN,NaN,NaN,NaN,NaN,NaN
11,NaN,NaN,NaN,NaN,NaN,NaN,NaN,NaN
1,NaN,NaN,NaN,NaN,NaN,NaN,NaN,NaN
2,NaN,NaN,NaN,NaN,NaN,NaN,NaN,NaN
3,NaN,NaN,NaN,NaN,NaN,NaN,NaN,NaN
4,NaN,NaN,NaN,NaN,NaN,NaN,NaN,NaN
5,NaN,NaN,NaN,NaN,NaN,NaN,NaN,NaN
6,NaN,NaN,NaN,NaN,NaN,NaN,NaN,NaN
7,NaN,NaN,NaN,NaN,NaN,NaN,NaN,NaN
8,NaN,NaN,NaN,NaN,NaN,NaN,NaN,NaN
9,NaN,NaN,NaN,NaN,NaN,NaN,NaN,NaN
10,NaN,NaN,NaN,NaN,NaN,NaN,NaN,NaN
11,NaN,NaN,NaN,NaN,NaN,NaN,NaN,NaN
1,NaN,NaN,NaN,NaN,NaN,NaN,NaN,NaN
2,NaN,NaN,NaN,NaN,NaN,NaN,NaN,NaN
3,NaN,NaN,NaN,NaN,NaN,NaN,NaN,NaN
4,NaN,NaN,NaN,NaN,NaN,NaN,NaN,NaN
5,NaN,NaN,NaN,NaN,NaN,NaN,NaN,NaN
6,NaN,NaN,NaN,NaN,NaN,NaN,NaN,NaN
7,NaN,NaN,NaN,NaN,NaN,NaN,NaN,NaN
8,NaN,NaN,NaN,NaN,NaN,NaN,NaN,NaN
9,NaN,NaN,NaN,NaN,NaN,NaN,NaN,NaN
10,NaN,NaN,NaN,NaN,NaN,NaN,NaN,NaN
11,NaN,NaN,NaN,NaN,NaN,NaN,NaN,NaN
1,NaN,NaN,NaN,NaN,NaN,NaN,NaN,NaN
2,NaN,NaN,NaN,NaN,NaN,NaN,NaN,NaN
3,NaN,NaN,NaN,NaN,NaN,NaN,NaN,NaN
4,NaN,NaN,NaN,NaN,NaN,NaN,NaN,NaN
5,NaN,NaN,NaN,NaN,NaN,NaN,NaN,NaN
6,NaN,NaN,NaN,NaN,NaN,NaN,NaN,NaN
7,NaN,NaN,NaN,NaN,NaN,NaN,NaN,NaN
8,NaN,NaN,NaN,NaN,NaN,NaN,NaN,NaN
9,NaN,NaN,NaN,NaN,NaN,NaN,NaN,NaN
10,NaN,NaN,NaN,NaN,NaN,NaN,NaN,NaN
11,NaN,NaN,NaN,NaN,NaN,NaN,NaN,NaN
1,NaN,NaN,NaN,NaN,NaN,NaN,NaN,NaN
2,NaN,NaN,NaN,NaN,NaN,NaN,NaN,NaN
3,NaN,NaN,NaN,NaN,NaN,NaN,NaN,NaN
4,NaN,NaN,NaN,NaN,NaN,NaN,NaN,NaN
5,NaN,NaN,NaN,NaN,NaN,NaN,NaN,NaN
6,NaN,NaN,NaN,NaN,NaN,NaN,NaN,NaN
7,NaN,NaN,NaN,NaN,NaN,NaN,NaN,NaN
8,NaN,NaN,NaN,NaN,NaN,NaN,NaN,NaN
9,NaN,NaN,NaN,NaN,NaN,NaN,NaN,NaN
10,NaN,NaN,NaN,NaN,NaN,NaN,NaN,NaN
11,NaN,NaN,NaN,NaN,NaN,NaN,NaN,NaN
1,NaN,NaN,NaN,NaN,NaN,NaN,NaN,NaN
2,NaN,NaN,NaN,NaN,NaN,NaN,NaN,NaN
3,NaN,NaN,NaN,NaN,NaN,NaN,NaN,NaN
4,NaN,NaN,NaN,NaN,NaN,NaN,NaN,NaN
5,NaN,NaN,NaN,NaN,NaN,NaN,NaN,NaN
6,NaN,NaN,NaN,NaN,NaN,NaN,NaN,NaN
7,NaN,NaN,NaN,NaN,NaN,NaN,NaN,NaN
8,NaN,NaN,NaN,NaN,NaN,NaN,NaN,NaN
9,NaN,NaN,NaN,NaN,NaN,NaN,NaN,NaN
10,NaN,NaN,NaN,NaN,NaN,NaN,NaN,NaN
11,NaN,NaN,NaN,NaN,NaN,NaN,NaN,NaN
1,NaN,NaN,NaN,NaN,NaN,NaN,NaN,NaN
2,NaN,NaN,NaN,NaN,NaN,NaN,NaN,NaN
3,NaN,NaN,NaN,NaN,NaN,NaN,NaN,NaN
4,NaN,NaN,NaN,NaN,NaN,NaN,NaN,NaN
5,NaN,NaN,NaN,NaN,NaN,NaN,NaN,NaN
6,NaN,NaN,NaN,NaN,NaN,NaN,NaN,NaN
7,NaN,NaN,NaN,NaN,NaN,NaN,NaN,NaN
8,NaN,NaN,NaN,NaN,NaN,NaN,NaN,NaN
9,NaN,NaN,NaN,NaN,NaN,NaN,NaN,NaN
10,NaN,NaN,NaN,NaN,NaN,NaN,NaN,NaN
11,NaN,NaN,NaN,NaN,NaN,NaN,NaN,NaN
1,NaN,NaN,NaN,NaN,NaN,NaN,NaN,NaN
2,NaN,NaN,NaN,NaN,NaN,NaN,NaN,NaN
3,NaN,NaN,NaN,NaN,NaN,NaN,NaN,NaN
4,NaN,NaN,NaN,NaN,NaN,NaN,NaN,NaN
5,NaN,NaN,NaN,NaN,NaN,NaN,NaN,NaN
6,NaN,NaN,NaN,NaN,NaN,NaN,NaN,NaN
7,NaN,NaN,NaN,NaN,NaN,NaN,NaN,NaN
8,NaN,NaN,NaN,NaN,NaN,NaN,NaN,NaN
9,NaN,NaN,NaN,NaN,NaN,NaN,NaN,NaN
10,NaN,NaN,NaN,NaN,NaN,NaN,NaN,NaN
11,NaN,NaN,NaN,NaN,NaN,NaN,NaN,NaN
1,NaN,NaN,NaN,NaN,NaN,NaN,NaN,NaN
2,NaN,NaN,NaN,NaN,NaN,NaN,NaN,NaN
3,NaN,NaN,NaN,NaN,NaN,NaN,NaN,NaN
4,NaN,NaN,NaN,NaN,NaN,NaN,NaN,NaN
5,NaN,NaN,NaN,NaN,NaN,NaN,NaN,NaN
6,NaN,NaN,NaN,NaN,NaN,NaN,NaN,NaN
7,NaN,NaN,NaN,NaN,NaN,NaN,NaN,NaN
8,NaN,NaN,NaN,NaN,NaN,NaN,NaN,NaN
9,NaN,NaN,NaN,NaN,NaN,NaN,NaN,NaN
10,NaN,NaN,NaN,NaN,NaN,NaN,NaN,NaN
11,NaN,NaN,NaN,NaN,NaN,NaN,NaN,NaN
1,NaN,NaN,NaN,NaN,NaN,NaN,NaN,NaN
2,NaN,NaN,NaN,NaN,NaN,NaN,NaN,NaN
3,NaN,NaN,NaN,NaN,NaN,NaN,NaN,NaN
4,NaN,NaN,NaN,NaN,NaN,NaN,NaN,NaN
5,NaN,NaN,NaN,NaN,NaN,NaN,NaN,NaN
6,NaN,NaN,NaN,NaN,NaN,NaN,NaN,NaN
7,NaN,NaN,NaN,NaN,NaN,NaN,NaN,NaN
8,NaN,NaN,NaN,NaN,NaN,NaN,NaN,NaN
9,NaN,NaN,NaN,NaN,NaN,NaN,NaN,NaN
10,NaN,NaN,NaN,NaN,NaN,NaN,NaN,NaN
11,NaN,NaN,NaN,NaN,NaN,NaN,NaN,NaN
1,NaN,NaN,NaN,NaN,NaN,NaN,NaN,NaN
2,NaN,NaN,NaN,NaN,NaN,NaN,NaN,NaN
3,NaN,NaN,NaN,NaN,NaN,NaN,NaN,NaN
4,NaN,NaN,NaN,NaN,NaN,NaN,NaN,NaN
5,NaN,NaN,NaN,NaN,NaN,NaN,NaN,NaN
6,NaN,NaN,NaN,NaN,NaN,NaN,NaN,NaN
7,NaN,NaN,NaN,NaN,NaN,NaN,NaN,NaN
8,NaN,NaN,NaN,NaN,NaN,NaN,NaN,NaN
9,NaN,NaN,NaN,NaN,NaN,NaN,NaN,NaN
10,NaN,NaN,NaN,NaN,NaN,NaN,NaN,NaN
11,NaN,NaN,NaN,NaN,NaN,NaN,NaN,NaN
1,NaN,NaN,NaN,NaN,NaN,NaN,NaN,NaN
2,NaN,NaN,NaN,NaN,NaN,NaN,NaN,NaN
3,NaN,NaN,NaN,NaN,NaN,NaN,NaN,NaN
4,NaN,NaN,NaN,NaN,NaN,NaN,NaN,NaN
5,NaN,NaN,NaN,NaN,NaN,NaN,NaN,NaN
6,NaN,NaN,NaN,NaN,NaN,NaN,NaN,NaN
7,NaN,NaN,NaN,NaN,NaN,NaN,NaN,NaN
8,NaN,NaN,NaN,NaN,NaN,NaN,NaN,NaN
9,NaN,NaN,NaN,NaN,NaN,NaN,NaN,NaN
10,NaN,NaN,NaN,NaN,NaN,NaN,NaN,NaN
11,NaN,NaN,NaN,NaN,NaN,NaN,NaN,NaN
1,NaN,NaN,NaN,NaN,NaN,NaN,NaN,NaN
2,NaN,NaN,NaN,NaN,NaN,NaN,NaN,NaN
3,NaN,NaN,NaN,NaN,NaN,NaN,NaN,NaN
4,NaN,NaN,NaN,NaN,NaN,NaN,NaN,NaN
5,NaN,NaN,NaN,NaN,NaN,NaN,NaN,NaN
6,NaN,NaN,NaN,NaN,NaN,NaN,NaN,NaN
7,NaN,NaN,NaN,NaN,NaN,NaN,NaN,NaN
8,NaN,NaN,NaN,NaN,NaN,NaN,NaN,NaN
9,NaN,NaN,NaN,NaN,NaN,NaN,NaN,NaN
10,NaN,NaN,NaN,NaN,NaN,NaN,NaN,NaN
11,NaN,NaN,NaN,NaN,NaN,NaN,NaN,NaN
1,NaN,NaN,NaN,NaN,NaN,NaN,NaN,NaN
2,NaN,NaN,NaN,NaN,NaN,NaN,NaN,NaN
3,NaN,NaN,NaN,NaN,NaN,NaN,NaN,NaN
4,NaN,NaN,NaN,NaN,NaN,NaN,NaN,NaN
5,NaN,NaN,NaN,NaN,NaN,NaN,NaN,NaN
6,NaN,NaN,NaN,NaN,NaN,NaN,NaN,NaN
7,NaN,NaN,NaN,NaN,NaN,NaN,NaN,NaN
8,NaN,NaN,NaN,NaN,NaN,NaN,NaN,NaN
9,NaN,NaN,NaN,NaN,NaN,NaN,NaN,NaN
10,NaN,NaN,NaN,NaN,NaN,NaN,NaN,NaN
11,NaN,NaN,NaN,NaN,NaN,NaN,NaN,NaN
1,NaN,NaN,NaN,NaN,NaN,NaN,NaN,NaN
2,NaN,NaN,NaN,NaN,NaN,NaN,NaN,NaN
3,NaN,NaN,NaN,NaN,NaN,NaN,NaN,NaN
4,NaN,NaN,NaN,NaN,NaN,NaN,NaN,NaN
5,NaN,NaN,NaN,NaN,NaN,NaN,NaN,NaN
6,NaN,NaN,NaN,NaN,NaN,NaN,NaN,NaN
7,NaN,NaN,NaN,NaN,NaN,NaN,NaN,NaN
8,NaN,NaN,NaN,NaN,NaN,NaN,NaN,NaN
9,NaN,NaN,NaN,NaN,NaN,NaN,NaN,NaN
10,NaN,NaN,NaN,NaN,NaN,NaN,NaN,NaN
11,NaN,NaN,NaN,NaN,NaN,NaN,NaN,NaN
1,NaN,NaN,NaN,NaN,NaN,NaN,NaN,NaN
2,NaN,NaN,NaN,NaN,NaN,NaN,NaN,NaN
3,NaN,NaN,NaN,NaN,NaN,NaN,NaN,NaN
4,NaN,NaN,NaN,NaN,NaN,NaN,NaN,NaN
5,NaN,NaN,NaN,NaN,NaN,NaN,NaN,NaN
6,NaN,NaN,NaN,NaN,NaN,NaN,NaN,NaN
7,NaN,NaN,NaN,NaN,NaN,NaN,NaN,NaN
8,NaN,NaN,NaN,NaN,NaN,NaN,NaN,NaN
9,NaN,NaN,NaN,NaN,NaN,NaN,NaN,NaN
10,NaN,NaN,NaN,NaN,NaN,NaN,NaN,NaN
11,NaN,NaN,NaN,NaN,NaN,NaN,NaN,NaN
1,NaN,NaN,NaN,NaN,NaN,NaN,NaN,NaN
2,NaN,NaN,NaN,NaN,NaN,NaN,NaN,NaN
3,NaN,NaN,NaN,NaN,NaN,NaN,NaN,NaN
4,NaN,NaN,NaN,NaN,NaN,NaN,NaN,NaN
5,NaN,NaN,NaN,NaN,NaN,NaN,NaN,NaN
6,NaN,NaN,NaN,NaN,NaN,NaN,NaN,NaN
7,NaN,NaN,NaN,NaN,NaN,NaN,NaN,NaN
8,NaN,NaN,NaN,NaN,NaN,NaN,NaN,NaN
9,NaN,NaN,NaN,NaN,NaN,NaN,NaN,NaN
10,NaN,NaN,NaN,NaN,NaN,NaN,NaN,NaN
11,NaN,NaN,NaN,NaN,NaN,NaN,NaN,NaN
1,NaN,NaN,NaN,NaN,NaN,NaN,NaN,NaN
2,NaN,NaN,NaN,NaN,NaN,NaN,NaN,NaN
3,NaN,NaN,NaN,NaN,NaN,NaN,NaN,NaN
4,NaN,NaN,NaN,NaN,NaN,NaN,NaN,NaN
5,NaN,NaN,NaN,NaN,NaN,NaN,NaN,NaN
6,NaN,NaN,NaN,NaN,NaN,NaN,NaN,NaN
7,NaN,NaN,NaN,NaN,NaN,NaN,NaN,NaN
8,NaN,NaN,NaN,NaN,NaN,NaN,NaN,NaN
9,NaN,NaN,NaN,NaN,NaN,NaN,NaN,NaN
10,NaN,NaN,NaN,NaN,NaN,NaN,NaN,NaN
11,NaN,NaN,NaN,NaN,NaN,NaN,NaN,NaN
1,NaN,NaN,NaN,NaN,NaN,NaN,NaN,NaN
2,NaN,NaN,NaN,NaN,NaN,NaN,NaN,NaN
3,NaN,NaN,NaN,NaN,NaN,NaN,NaN,NaN
4,NaN,NaN,NaN,NaN,NaN,NaN,NaN,NaN
5,NaN,NaN,NaN,NaN,NaN,NaN,NaN,NaN
6,NaN,NaN,NaN,NaN,NaN,NaN,NaN,NaN
7,NaN,NaN,NaN,NaN,NaN,NaN,NaN,NaN
8,NaN,NaN,NaN,NaN,NaN,NaN,NaN,NaN
9,NaN,NaN,NaN,NaN,NaN,NaN,NaN,NaN
10,NaN,NaN,NaN,NaN,NaN,NaN,NaN,NaN
11,NaN,NaN,NaN,NaN,NaN,NaN,NaN,NaN
1,NaN,NaN,NaN,NaN,NaN,NaN,NaN,NaN
2,NaN,NaN,NaN,NaN,NaN,NaN,NaN,NaN
3,NaN,NaN,NaN,NaN,NaN,NaN,NaN,NaN
4,NaN,NaN,NaN,NaN,NaN,NaN,NaN,NaN
5,NaN,NaN,NaN,NaN,NaN,NaN,NaN,NaN
6,NaN,NaN,NaN,NaN,NaN,NaN,NaN,NaN
7,NaN,NaN,NaN,NaN,NaN,NaN,NaN,NaN
8,NaN,NaN,NaN,NaN,NaN,NaN,NaN,NaN
9,NaN,NaN,NaN,NaN,NaN,NaN,NaN,NaN
10,NaN,NaN,NaN,NaN,NaN,NaN,NaN,NaN
11,NaN,NaN,NaN,NaN,NaN,NaN,NaN,NaN
1,NaN,NaN,NaN,NaN,NaN,NaN,NaN,NaN
2,NaN,NaN,NaN,NaN,NaN,NaN,NaN,NaN
3,NaN,NaN,NaN,NaN,NaN,NaN,NaN,NaN
4,NaN,NaN,NaN,NaN,NaN,NaN,NaN,NaN
5,NaN,NaN,NaN,NaN,NaN,NaN,NaN,NaN
6,NaN,NaN,NaN,NaN,NaN,NaN,NaN,NaN
7,NaN,NaN,NaN,NaN,NaN,NaN,NaN,NaN
8,NaN,NaN,NaN,NaN,NaN,NaN,NaN,NaN
9,NaN,NaN,NaN,NaN,NaN,NaN,NaN,NaN
10,NaN,NaN,NaN,NaN,NaN,NaN,NaN,NaN
11,NaN,NaN,NaN,NaN,NaN,NaN,NaN,NaN
1,NaN,NaN,NaN,NaN,NaN,NaN,NaN,NaN
2,NaN,NaN,NaN,NaN,NaN,NaN,NaN,NaN
3,NaN,NaN,NaN,NaN,NaN,NaN,NaN,NaN
4,NaN,NaN,NaN,NaN,NaN,NaN,NaN,NaN
5,NaN,NaN,NaN,NaN,NaN,NaN,NaN,NaN
6,NaN,NaN,NaN,NaN,NaN,NaN,NaN,NaN
7,NaN,NaN,NaN,NaN,NaN,NaN,NaN,NaN
8,NaN,NaN,NaN,NaN,NaN,NaN,NaN,NaN
9,NaN,NaN,NaN,NaN,NaN,NaN,NaN,NaN
10,NaN,NaN,NaN,NaN,NaN,NaN,NaN,NaN
11,NaN,NaN,NaN,NaN,NaN,NaN,NaN,NaN
1,NaN,NaN,NaN,NaN,NaN,NaN,NaN,NaN
2,NaN,NaN,NaN,NaN,NaN,NaN,NaN,NaN
3,NaN,NaN,NaN,NaN,NaN,NaN,NaN,NaN
4,NaN,NaN,NaN,NaN,NaN,NaN,NaN,NaN
5,NaN,NaN,NaN,NaN,NaN,NaN,NaN,NaN
6,NaN,NaN,NaN,NaN,NaN,NaN,NaN,NaN
7,NaN,NaN,NaN,NaN,NaN,NaN,NaN,NaN
8,NaN,NaN,NaN,NaN,NaN,NaN,NaN,NaN
9,NaN,NaN,NaN,NaN,NaN,NaN,NaN,NaN
10,NaN,NaN,NaN,NaN,NaN,NaN,NaN,NaN
11,NaN,NaN,NaN,NaN,NaN,NaN,NaN,NaN
1,NaN,NaN,NaN,NaN,NaN,NaN,NaN,NaN
2,NaN,NaN,NaN,NaN,NaN,NaN,NaN,NaN
3,NaN,NaN,NaN,NaN,NaN,NaN,NaN,NaN
4,NaN,NaN,NaN,NaN,NaN,NaN,NaN,NaN
5,NaN,NaN,NaN,NaN,NaN,NaN,NaN,NaN
6,NaN,NaN,NaN,NaN,NaN,NaN,NaN,NaN
7,NaN,NaN,NaN,NaN,NaN,NaN,NaN,NaN
8,NaN,NaN,NaN,NaN,NaN,NaN,NaN,NaN
9,NaN,NaN,NaN,NaN,NaN,NaN,NaN,NaN
10,NaN,NaN,NaN,NaN,NaN,NaN,NaN,NaN
11,NaN,NaN,NaN,NaN,NaN,NaN,NaN,NaN
1,NaN,NaN,NaN,NaN,NaN,NaN,NaN,NaN
2,NaN,NaN,NaN,NaN,NaN,NaN,NaN,NaN
3,NaN,NaN,NaN,NaN,NaN,NaN,NaN,NaN
4,NaN,NaN,NaN,NaN,NaN,NaN,NaN,NaN
5,NaN,NaN,NaN,NaN,NaN,NaN,NaN,NaN
6,NaN,NaN,NaN,NaN,NaN,NaN,NaN,NaN
7,NaN,NaN,NaN,NaN,NaN,NaN,NaN,NaN
8,NaN,NaN,NaN,NaN,NaN,NaN,NaN,NaN
9,NaN,NaN,NaN,NaN,NaN,NaN,NaN,NaN
10,NaN,NaN,NaN,NaN,NaN,NaN,NaN,NaN
11,NaN,NaN,NaN,NaN,NaN,NaN,NaN,NaN
1,NaN,NaN,NaN,NaN,NaN,NaN,NaN,NaN
2,NaN,NaN,NaN,NaN,NaN,NaN,NaN,NaN
3,NaN,NaN,NaN,NaN,NaN,NaN,NaN,NaN
4,NaN,NaN,NaN,NaN,NaN,NaN,NaN,NaN
5,NaN,NaN,NaN,NaN,NaN,NaN,NaN,NaN
6,NaN,NaN,NaN,NaN,NaN,NaN,NaN,NaN
7,NaN,NaN,NaN,NaN,NaN,NaN,NaN,NaN
8,NaN,NaN,NaN,NaN,NaN,NaN,NaN,NaN
9,NaN,NaN,NaN,NaN,NaN,NaN,NaN,NaN
10,NaN,NaN,NaN,NaN,NaN,NaN,NaN,NaN
11,NaN,NaN,NaN,NaN,NaN,NaN,NaN,NaN
1,NaN,NaN,NaN,NaN,NaN,NaN,NaN,NaN
2,NaN,NaN,NaN,NaN,NaN,NaN,NaN,NaN
3,NaN,NaN,NaN,NaN,NaN,NaN,NaN,NaN
4,NaN,NaN,NaN,NaN,NaN,NaN,NaN,NaN
5,NaN,NaN,NaN,NaN,NaN,NaN,NaN,NaN
6,NaN,NaN,NaN,NaN,NaN,NaN,NaN,NaN
7,NaN,NaN,NaN,NaN,NaN,NaN,NaN,NaN
8,NaN,NaN,NaN,NaN,NaN,NaN,NaN,NaN
9,NaN,NaN,NaN,NaN,NaN,NaN,NaN,NaN
10,NaN,NaN,NaN,NaN,NaN,NaN,NaN,NaN
11,NaN,NaN,NaN,NaN,NaN,NaN,NaN,NaN
1,NaN,NaN,NaN,NaN,NaN,NaN,NaN,NaN
2,NaN,NaN,NaN,NaN,NaN,NaN,NaN,NaN
3,NaN,NaN,NaN,NaN,NaN,NaN,NaN,NaN
4,NaN,NaN,NaN,NaN,NaN,NaN,NaN,NaN
5,NaN,NaN,NaN,NaN,NaN,NaN,NaN,NaN
6,NaN,NaN,NaN,NaN,NaN,NaN,NaN,NaN
7,NaN,NaN,NaN,NaN,NaN,NaN,NaN,NaN
8,NaN,NaN,NaN,NaN,NaN,NaN,NaN,NaN
9,NaN,NaN,NaN,NaN,NaN,NaN,NaN,NaN
10,NaN,NaN,NaN,NaN,NaN,NaN,NaN,NaN
11,NaN,NaN,NaN,NaN,NaN,NaN,NaN,NaN
1,NaN,NaN,NaN,NaN,NaN,NaN,NaN,NaN
2,NaN,NaN,NaN,NaN,NaN,NaN,NaN,NaN
3,NaN,NaN,NaN,NaN,NaN,NaN,NaN,NaN
4,NaN,NaN,NaN,NaN,NaN,NaN,NaN,NaN
5,NaN,NaN,NaN,NaN,NaN,NaN,NaN,NaN
6,NaN,NaN,NaN,NaN,NaN,NaN,NaN,NaN
7,NaN,NaN,NaN,NaN,NaN,NaN,NaN,NaN
8,NaN,NaN,NaN,NaN,NaN,NaN,NaN,NaN
9,NaN,NaN,NaN,NaN,NaN,NaN,NaN,NaN
10,NaN,NaN,NaN,NaN,NaN,NaN,NaN,NaN
11,NaN,NaN,NaN,NaN,NaN,NaN,NaN,NaN
1,NaN,NaN,NaN,NaN,NaN,NaN,NaN,NaN
2,NaN,NaN,NaN,NaN,NaN,NaN,NaN,NaN
3,NaN,NaN,NaN,NaN,NaN,NaN,NaN,NaN
4,NaN,NaN,NaN,NaN,NaN,NaN,NaN,NaN
5,NaN,NaN,NaN,NaN,NaN,NaN,NaN,NaN
6,NaN,NaN,NaN,NaN,NaN,NaN,NaN,NaN
7,NaN,NaN,NaN,NaN,NaN,NaN,NaN,NaN
8,NaN,NaN,NaN,NaN,NaN,NaN,NaN,NaN
9,NaN,NaN,NaN,NaN,NaN,NaN,NaN,NaN
10,NaN,NaN,NaN,NaN,NaN,NaN,NaN,NaN
11,NaN,NaN,NaN,NaN,NaN,NaN,NaN,NaN
1,NaN,NaN,NaN,NaN,NaN,NaN,NaN,NaN
2,NaN,NaN,NaN,NaN,NaN,NaN,NaN,NaN
3,NaN,NaN,NaN,NaN,NaN,NaN,NaN,NaN
4,NaN,NaN,NaN,NaN,NaN,NaN,NaN,NaN
5,NaN,NaN,NaN,NaN,NaN,NaN,NaN,NaN
6,NaN,NaN,NaN,NaN,NaN,NaN,NaN,NaN
7,NaN,NaN,NaN,NaN,NaN,NaN,NaN,NaN
8,NaN,NaN,NaN,NaN,NaN,NaN,NaN,NaN
9,NaN,NaN,NaN,NaN,NaN,NaN,NaN,NaN
10,NaN,NaN,NaN,NaN,NaN,NaN,NaN,NaN
11,NaN,NaN,NaN,NaN,NaN,NaN,NaN,NaN
1,NaN,NaN,NaN,NaN,NaN,NaN,NaN,NaN
2,NaN,NaN,NaN,NaN,NaN,NaN,NaN,NaN
3,NaN,NaN,NaN,NaN,NaN,NaN,NaN,NaN
4,NaN,NaN,NaN,NaN,NaN,NaN,NaN,NaN
5,NaN,NaN,NaN,NaN,NaN,NaN,NaN,NaN
6,NaN,NaN,NaN,NaN,NaN,NaN,NaN,NaN
7,NaN,NaN,NaN,NaN,NaN,NaN,NaN,NaN
8,NaN,NaN,NaN,NaN,NaN,NaN,NaN,NaN
9,NaN,NaN,NaN,NaN,NaN,NaN,NaN,NaN
10,NaN,NaN,NaN,NaN,NaN,NaN,NaN,NaN
11,NaN,NaN,NaN,NaN,NaN,NaN,NaN,NaN
1,NaN,NaN,NaN,NaN,NaN,NaN,NaN,NaN
2,NaN,NaN,NaN,NaN,NaN,NaN,NaN,NaN
3,NaN,NaN,NaN,NaN,NaN,NaN,NaN,NaN
4,NaN,NaN,NaN,NaN,NaN,NaN,NaN,NaN
5,NaN,NaN,NaN,NaN,NaN,NaN,NaN,NaN
6,NaN,NaN,NaN,NaN,NaN,NaN,NaN,NaN
7,NaN,NaN,NaN,NaN,NaN,NaN,NaN,NaN
8,NaN,NaN,NaN,NaN,NaN,NaN,NaN,NaN
9,NaN,NaN,NaN,NaN,NaN,NaN,NaN,NaN
10,NaN,NaN,NaN,NaN,NaN,NaN,NaN,NaN
11,NaN,NaN,NaN,NaN,NaN,NaN,NaN,NaN
1,NaN,NaN,NaN,NaN,NaN,NaN,NaN,NaN
2,NaN,NaN,NaN,NaN,NaN,NaN,NaN,NaN
3,NaN,NaN,NaN,NaN,NaN,NaN,NaN,NaN
4,NaN,NaN,NaN,NaN,NaN,NaN,NaN,NaN
5,NaN,NaN,NaN,NaN,NaN,NaN,NaN,NaN
6,NaN,NaN,NaN,NaN,NaN,NaN,NaN,NaN
7,NaN,NaN,NaN,NaN,NaN,NaN,NaN,NaN
8,NaN,NaN,NaN,NaN,NaN,NaN,NaN,NaN
9,NaN,NaN,NaN,NaN,NaN,NaN,NaN,NaN
10,NaN,NaN,NaN,NaN,NaN,NaN,NaN,NaN
11,NaN,NaN,NaN,NaN,NaN,NaN,NaN,NaN
1,NaN,NaN,NaN,NaN,NaN,NaN,NaN,NaN
2,NaN,NaN,NaN,NaN,NaN,NaN,NaN,NaN
3,NaN,NaN,NaN,NaN,NaN,NaN,NaN,NaN
4,NaN,NaN,NaN,NaN,NaN,NaN,NaN,NaN
5,NaN,NaN,NaN,NaN,NaN,NaN,NaN,NaN
6,NaN,NaN,NaN,NaN,NaN,NaN,NaN,NaN
7,NaN,NaN,NaN,NaN,NaN,NaN,NaN,NaN
8,NaN,NaN,NaN,NaN,NaN,NaN,NaN,NaN
9,NaN,NaN,NaN,NaN,NaN,NaN,NaN,NaN
10,NaN,NaN,NaN,NaN,NaN,NaN,NaN,NaN
11,NaN,NaN,NaN,NaN,NaN,NaN,NaN,NaN
1,NaN,NaN,NaN,NaN,NaN,NaN,NaN,NaN
2,NaN,NaN,NaN,NaN,NaN,NaN,NaN,NaN
3,NaN,NaN,NaN,NaN,NaN,NaN,NaN,NaN
4,NaN,NaN,NaN,NaN,NaN,NaN,NaN,NaN
5,NaN,NaN,NaN,NaN,NaN,NaN,NaN,NaN
6,NaN,NaN,NaN,NaN,NaN,NaN,NaN,NaN
7,NaN,NaN,NaN,NaN,NaN,NaN,NaN,NaN
8,NaN,NaN,NaN,NaN,NaN,NaN,NaN,NaN
9,NaN,NaN,NaN,NaN,NaN,NaN,NaN,NaN
10,NaN,NaN,NaN,NaN,NaN,NaN,NaN,NaN
11,NaN,NaN,NaN,NaN,NaN,NaN,NaN,NaN
1,NaN,NaN,NaN,NaN,NaN,NaN,NaN,NaN
2,NaN,NaN,NaN,NaN,NaN,NaN,NaN,NaN
3,NaN,NaN,NaN,NaN,NaN,NaN,NaN,NaN
4,NaN,NaN,NaN,NaN,NaN,NaN,NaN,NaN
5,NaN,NaN,NaN,NaN,NaN,NaN,NaN,NaN
6,NaN,NaN,NaN,NaN,NaN,NaN,NaN,NaN
7,NaN,NaN,NaN,NaN,NaN,NaN,NaN,NaN
8,NaN,NaN,NaN,NaN,NaN,NaN,NaN,NaN
9,NaN,NaN,NaN,NaN,NaN,NaN,NaN,NaN
10,NaN,NaN,NaN,NaN,NaN,NaN,NaN,NaN
11,NaN,NaN,NaN,NaN,NaN,NaN,NaN,NaN
1,NaN,NaN,NaN,NaN,NaN,NaN,NaN,NaN
2,NaN,NaN,NaN,NaN,NaN,NaN,NaN,NaN
3,NaN,NaN,NaN,NaN,NaN,NaN,NaN,NaN
4,NaN,NaN,NaN,NaN,NaN,NaN,NaN,NaN
5,NaN,NaN,NaN,NaN,NaN,NaN,NaN,NaN
6,NaN,NaN,NaN,NaN,NaN,NaN,NaN,NaN
7,NaN,NaN,NaN,NaN,NaN,NaN,NaN,NaN
8,NaN,NaN,NaN,NaN,NaN,NaN,NaN,NaN
9,NaN,NaN,NaN,NaN,NaN,NaN,NaN,NaN
10,NaN,NaN,NaN,NaN,NaN,NaN,NaN,NaN
11,NaN,NaN,NaN,NaN,NaN,NaN,NaN,NaN
1,NaN,NaN,NaN,NaN,NaN,NaN,NaN,NaN
2,NaN,NaN,NaN,NaN,NaN,NaN,NaN,NaN
3,NaN,NaN,NaN,NaN,NaN,NaN,NaN,NaN
4,NaN,NaN,NaN,NaN,NaN,NaN,NaN,NaN
5,NaN,NaN,NaN,NaN,NaN,NaN,NaN,NaN
6,NaN,NaN,NaN,NaN,NaN,NaN,NaN,NaN
7,NaN,NaN,NaN,NaN,NaN,NaN,NaN,NaN
8,NaN,NaN,NaN,NaN,NaN,NaN,NaN,NaN
9,NaN,NaN,NaN,NaN,NaN,NaN,NaN,NaN
10,NaN,NaN,NaN,NaN,NaN,NaN,NaN,NaN
11,NaN,NaN,NaN,NaN,NaN,NaN,NaN,NaN
1,NaN,NaN,NaN,NaN,NaN,NaN,NaN,NaN
2,NaN,NaN,NaN,NaN,NaN,NaN,NaN,NaN
3,NaN,NaN,NaN,NaN,NaN,NaN,NaN,NaN
4,NaN,NaN,NaN,NaN,NaN,NaN,NaN,NaN
5,NaN,NaN,NaN,NaN,NaN,NaN,NaN,NaN
6,NaN,NaN,NaN,NaN,NaN,NaN,NaN,NaN
7,NaN,NaN,NaN,NaN,NaN,NaN,NaN,NaN
8,NaN,NaN,NaN,NaN,NaN,NaN,NaN,NaN
9,NaN,NaN,NaN,NaN,NaN,NaN,NaN,NaN
10,NaN,NaN,NaN,NaN,NaN,NaN,NaN,NaN
11,NaN,NaN,NaN,NaN,NaN,NaN,NaN,NaN
1,NaN,NaN,NaN,NaN,NaN,NaN,NaN,NaN
2,NaN,NaN,NaN,NaN,NaN,NaN,NaN,NaN
3,NaN,NaN,NaN,NaN,NaN,NaN,NaN,NaN
4,NaN,NaN,NaN,NaN,NaN,NaN,NaN,NaN
5,NaN,NaN,NaN,NaN,NaN,NaN,NaN,NaN
6,NaN,NaN,NaN,NaN,NaN,NaN,NaN,NaN
7,NaN,NaN,NaN,NaN,NaN,NaN,NaN,NaN
8,NaN,NaN,NaN,NaN,NaN,NaN,NaN,NaN
9,NaN,NaN,NaN,NaN,NaN,NaN,NaN,NaN
10,NaN,NaN,NaN,NaN,NaN,NaN,NaN,NaN
11,NaN,NaN,NaN,NaN,NaN,NaN,NaN,NaN
1,NaN,NaN,NaN,NaN,NaN,NaN,NaN,NaN
2,NaN,NaN,NaN,NaN,NaN,NaN,NaN,NaN
3,NaN,NaN,NaN,NaN,NaN,NaN,NaN,NaN
4,NaN,NaN,NaN,NaN,NaN,NaN,NaN,NaN
5,NaN,NaN,NaN,NaN,NaN,NaN,NaN,NaN
6,NaN,NaN,NaN,NaN,NaN,NaN,NaN,NaN
7,NaN,NaN,NaN,NaN,NaN,NaN,NaN,NaN
8,NaN,NaN,NaN,NaN,NaN,NaN,NaN,NaN
9,NaN,NaN,NaN,NaN,NaN,NaN,NaN,NaN
10,NaN,NaN,NaN,NaN,NaN,NaN,NaN,NaN
11,NaN,NaN,NaN,NaN,NaN,NaN,NaN,NaN
1,NaN,NaN,NaN,NaN,NaN,NaN,NaN,NaN
2,NaN,NaN,NaN,NaN,NaN,NaN,NaN,NaN
3,NaN,NaN,NaN,NaN,NaN,NaN,NaN,NaN
4,NaN,NaN,NaN,NaN,NaN,NaN,NaN,NaN
5,NaN,NaN,NaN,NaN,NaN,NaN,NaN,NaN
6,NaN,NaN,NaN,NaN,NaN,NaN,NaN,NaN
7,NaN,NaN,NaN,NaN,NaN,NaN,NaN,NaN
8,NaN,NaN,NaN,NaN,NaN,NaN,NaN,NaN
9,NaN,NaN,NaN,NaN,NaN,NaN,NaN,NaN
10,NaN,NaN,NaN,NaN,NaN,NaN,NaN,NaN
11,NaN,NaN,NaN,NaN,NaN,NaN,NaN,NaN
1,NaN,NaN,NaN,NaN,NaN,NaN,NaN,NaN
2,NaN,NaN,NaN,NaN,NaN,NaN,NaN,NaN
3,NaN,NaN,NaN,NaN,NaN,NaN,NaN,NaN
4,NaN,NaN,NaN,NaN,NaN,NaN,NaN,NaN
5,NaN,NaN,NaN,NaN,NaN,NaN,NaN,NaN
6,NaN,NaN,NaN,NaN,NaN,NaN,NaN,NaN
7,NaN,NaN,NaN,NaN,NaN,NaN,NaN,NaN
8,NaN,NaN,NaN,NaN,NaN,NaN,NaN,NaN
9,NaN,NaN,NaN,NaN,NaN,NaN,NaN,NaN
10,NaN,NaN,NaN,NaN,NaN,NaN,NaN,NaN
11,NaN,NaN,NaN,NaN,NaN,NaN,NaN,NaN
1,NaN,NaN,NaN,NaN,NaN,NaN,NaN,NaN
2,NaN,NaN,NaN,NaN,NaN,NaN,NaN,NaN
3,NaN,NaN,NaN,NaN,NaN,NaN,NaN,NaN
4,NaN,NaN,NaN,NaN,NaN,NaN,NaN,NaN
5,NaN,NaN,NaN,NaN,NaN,NaN,NaN,NaN
6,NaN,NaN,NaN,NaN,NaN,NaN,NaN,NaN
7,NaN,NaN,NaN,NaN,NaN,NaN,NaN,NaN
8,NaN,NaN,NaN,NaN,NaN,NaN,NaN,NaN
9,NaN,NaN,NaN,NaN,NaN,NaN,NaN,NaN
10,NaN,NaN,NaN,NaN,NaN,NaN,NaN,NaN
11,NaN,NaN,NaN,NaN,NaN,NaN,NaN,NaN
1,NaN,NaN,NaN,NaN,NaN,NaN,NaN,NaN
2,NaN,NaN,NaN,NaN,NaN,NaN,NaN,NaN
3,NaN,NaN,NaN,NaN,NaN,NaN,NaN,NaN
4,NaN,NaN,NaN,NaN,NaN,NaN,NaN,NaN
5,NaN,NaN,NaN,NaN,NaN,NaN,NaN,NaN
6,NaN,NaN,NaN,NaN,NaN,NaN,NaN,NaN
7,NaN,NaN,NaN,NaN,NaN,NaN,NaN,NaN
8,NaN,NaN,NaN,NaN,NaN,NaN,NaN,NaN
9,NaN,NaN,NaN,NaN,NaN,NaN,NaN,NaN
10,NaN,NaN,NaN,NaN,NaN,NaN,NaN,NaN
11,NaN,NaN,NaN,NaN,NaN,NaN,NaN,NaN
1,NaN,NaN,NaN,NaN,NaN,NaN,NaN,NaN
2,NaN,NaN,NaN,NaN,NaN,NaN,NaN,NaN
3,NaN,NaN,NaN,NaN,NaN,NaN,NaN,NaN
4,NaN,NaN,NaN,NaN,NaN,NaN,NaN,NaN
5,NaN,NaN,NaN,NaN,NaN,NaN,NaN,NaN
6,NaN,NaN,NaN,NaN,NaN,NaN,NaN,NaN
7,NaN,NaN,NaN,NaN,NaN,NaN,NaN,NaN
8,NaN,NaN,NaN,NaN,NaN,NaN,NaN,NaN
9,NaN,NaN,NaN,NaN,NaN,NaN,NaN,NaN
10,NaN,NaN,NaN,NaN,NaN,NaN,NaN,NaN
11,NaN,NaN,NaN,NaN,NaN,NaN,NaN,NaN
1,NaN,NaN,NaN,NaN,NaN,NaN,NaN,NaN
2,NaN,NaN,NaN,NaN,NaN,NaN,NaN,NaN
3,NaN,NaN,NaN,NaN,NaN,NaN,NaN,NaN
4,NaN,NaN,NaN,NaN,NaN,NaN,NaN,NaN
5,NaN,NaN,NaN,NaN,NaN,NaN,NaN,NaN
6,NaN,NaN,NaN,NaN,NaN,NaN,NaN,NaN
7,NaN,NaN,NaN,NaN,NaN,NaN,NaN,NaN
8,NaN,NaN,NaN,NaN,NaN,NaN,NaN,NaN
9,NaN,NaN,NaN,NaN,NaN,NaN,NaN,NaN
10,NaN,NaN,NaN,NaN,NaN,NaN,NaN,NaN
11,NaN,NaN,NaN,NaN,NaN,NaN,NaN,NaN
1,NaN,NaN,NaN,NaN,NaN,NaN,NaN,NaN
2,NaN,NaN,NaN,NaN,NaN,NaN,NaN,NaN
3,NaN,NaN,NaN,NaN,NaN,NaN,NaN,NaN
4,NaN,NaN,NaN,NaN,NaN,NaN,NaN,NaN
5,NaN,NaN,NaN,NaN,NaN,NaN,NaN,NaN
6,NaN,NaN,NaN,NaN,NaN,NaN,NaN,NaN
7,NaN,NaN,NaN,NaN,NaN,NaN,NaN,NaN
8,NaN,NaN,NaN,NaN,NaN,NaN,NaN,NaN
9,NaN,NaN,NaN,NaN,NaN,NaN,NaN,NaN
10,NaN,NaN,NaN,NaN,NaN,NaN,NaN,NaN
11,NaN,NaN,NaN,NaN,NaN,NaN,NaN,NaN
1,NaN,NaN,NaN,NaN,NaN,NaN,NaN,NaN
2,NaN,NaN,NaN,NaN,NaN,NaN,NaN,NaN
3,NaN,NaN,NaN,NaN,NaN,NaN,NaN,NaN
4,NaN,NaN,NaN,NaN,NaN,NaN,NaN,NaN
5,NaN,NaN,NaN,NaN,NaN,NaN,NaN,NaN
6,NaN,NaN,NaN,NaN,NaN,NaN,NaN,NaN
7,NaN,NaN,NaN,NaN,NaN,NaN,NaN,NaN
8,NaN,NaN,NaN,NaN,NaN,NaN,NaN,NaN
9,NaN,NaN,NaN,NaN,NaN,NaN,NaN,NaN
10,NaN,NaN,NaN,NaN,NaN,NaN,NaN,NaN
11,NaN,NaN,NaN,NaN,NaN,NaN,NaN,NaN
1,NaN,NaN,NaN,NaN,NaN,NaN,NaN,NaN
2,NaN,NaN,NaN,NaN,NaN,NaN,NaN,NaN
3,NaN,NaN,NaN,NaN,NaN,NaN,NaN,NaN
4,NaN,NaN,NaN,NaN,NaN,NaN,NaN,NaN
5,NaN,NaN,NaN,NaN,NaN,NaN,NaN,NaN
6,NaN,NaN,NaN,NaN,NaN,NaN,NaN,NaN
7,NaN,NaN,NaN,NaN,NaN,NaN,NaN,NaN
8,NaN,NaN,NaN,NaN,NaN,NaN,NaN,NaN
9,NaN,NaN,NaN,NaN,NaN,NaN,NaN,NaN
10,NaN,NaN,NaN,NaN,NaN,NaN,NaN,NaN
11,NaN,NaN,NaN,NaN,NaN,NaN,NaN,NaN
1,NaN,NaN,NaN,NaN,NaN,NaN,NaN,NaN
2,NaN,NaN,NaN,NaN,NaN,NaN,NaN,NaN
3,NaN,NaN,NaN,NaN,NaN,NaN,NaN,NaN
4,NaN,NaN,NaN,NaN,NaN,NaN,NaN,NaN
5,NaN,NaN,NaN,NaN,NaN,NaN,NaN,NaN
6,NaN,NaN,NaN,NaN,NaN,NaN,NaN,NaN
7,NaN,NaN,NaN,NaN,NaN,NaN,NaN,NaN
8,NaN,NaN,NaN,NaN,NaN,NaN,NaN,NaN
9,NaN,NaN,NaN,NaN,NaN,NaN,NaN,NaN
10,NaN,NaN,NaN,NaN,NaN,NaN,NaN,NaN
11,NaN,NaN,NaN,NaN,NaN,NaN,NaN,NaN
1,NaN,NaN,NaN,NaN,NaN,NaN,NaN,NaN
2,NaN,NaN,NaN,NaN,NaN,NaN,NaN,NaN
3,NaN,NaN,NaN,NaN,NaN,NaN,NaN,NaN
4,NaN,NaN,NaN,NaN,NaN,NaN,NaN,NaN
5,NaN,NaN,NaN,NaN,NaN,NaN,NaN,NaN
6,NaN,NaN,NaN,NaN,NaN,NaN,NaN,NaN
7,NaN,NaN,NaN,NaN,NaN,NaN,NaN,NaN
8,NaN,NaN,NaN,NaN,NaN,NaN,NaN,NaN
9,NaN,NaN,NaN,NaN,NaN,NaN,NaN,NaN
10,NaN,NaN,NaN,NaN,NaN,NaN,NaN,NaN
11,NaN,NaN,NaN,NaN,NaN,NaN,NaN,NaN
1,NaN,NaN,NaN,NaN,NaN,NaN,NaN,NaN
2,NaN,NaN,NaN,NaN,NaN,NaN,NaN,NaN
3,NaN,NaN,NaN,NaN,NaN,NaN,NaN,NaN
4,NaN,NaN,NaN,NaN,NaN,NaN,NaN,NaN
5,NaN,NaN,NaN,NaN,NaN,NaN,NaN,NaN
6,NaN,NaN,NaN,NaN,NaN,NaN,NaN,NaN
7,NaN,NaN,NaN,NaN,NaN,NaN,NaN,NaN
8,NaN,NaN,NaN,NaN,NaN,NaN,NaN,NaN
9,NaN,NaN,NaN,NaN,NaN,NaN,NaN,NaN
10,NaN,NaN,NaN,NaN,NaN,NaN,NaN,NaN
11,NaN,NaN,NaN,NaN,NaN,NaN,NaN,NaN
1,NaN,NaN,NaN,NaN,NaN,NaN,NaN,NaN
2,NaN,NaN,NaN,NaN,NaN,NaN,NaN,NaN
3,NaN,NaN,NaN,NaN,NaN,NaN,NaN,NaN
4,NaN,NaN,NaN,NaN,NaN,NaN,NaN,NaN
5,NaN,NaN,NaN,NaN,NaN,NaN,NaN,NaN
6,NaN,NaN,NaN,NaN,NaN,NaN,NaN,NaN
7,NaN,NaN,NaN,NaN,NaN,NaN,NaN,NaN
8,NaN,NaN,NaN,NaN,NaN,NaN,NaN,NaN
9,NaN,NaN,NaN,NaN,NaN,NaN,NaN,NaN
10,NaN,NaN,NaN,NaN,NaN,NaN,NaN,NaN
11,NaN,NaN,NaN,NaN,NaN,NaN,NaN,NaN
1,NaN,NaN,NaN,NaN,NaN,NaN,NaN,NaN
2,NaN,NaN,NaN,NaN,NaN,NaN,NaN,NaN
3,NaN,NaN,NaN,NaN,NaN,NaN,NaN,NaN
4,NaN,NaN,NaN,NaN,NaN,NaN,NaN,NaN
5,NaN,NaN,NaN,NaN,NaN,NaN,NaN,NaN
6,NaN,NaN,NaN,NaN,NaN,NaN,NaN,NaN
7,NaN,NaN,NaN,NaN,NaN,NaN,NaN,NaN
8,NaN,NaN,NaN,NaN,NaN,NaN,NaN,NaN
9,NaN,NaN,NaN,NaN,NaN,NaN,NaN,NaN
10,NaN,NaN,NaN,NaN,NaN,NaN,NaN,NaN
11,NaN,NaN,NaN,NaN,NaN,NaN,NaN,NaN
1,NaN,NaN,NaN,NaN,NaN,NaN,NaN,NaN
2,NaN,NaN,NaN,NaN,NaN,NaN,NaN,NaN
3,NaN,NaN,NaN,NaN,NaN,NaN,NaN,NaN
4,NaN,NaN,NaN,NaN,NaN,NaN,NaN,NaN
5,NaN,NaN,NaN,NaN,NaN,NaN,NaN,NaN
6,NaN,NaN,NaN,NaN,NaN,NaN,NaN,NaN
7,NaN,NaN,NaN,NaN,NaN,NaN,NaN,NaN
8,NaN,NaN,NaN,NaN,NaN,NaN,NaN,NaN
9,NaN,NaN,NaN,NaN,NaN,NaN,NaN,NaN
10,NaN,NaN,NaN,NaN,NaN,NaN,NaN,NaN
11,NaN,NaN,NaN,NaN,NaN,NaN,NaN,NaN
1,NaN,NaN,NaN,NaN,NaN,NaN,NaN,NaN
2,NaN,NaN,NaN,NaN,NaN,NaN,NaN,NaN
3,NaN,NaN,NaN,NaN,NaN,NaN,NaN,NaN
4,NaN,NaN,NaN,NaN,NaN,NaN,NaN,NaN
5,NaN,NaN,NaN,NaN,NaN,NaN,NaN,NaN
6,NaN,NaN,NaN,NaN,NaN,NaN,NaN,NaN
7,NaN,NaN,NaN,NaN,NaN,NaN,NaN,NaN
8,NaN,NaN,NaN,NaN,NaN,NaN,NaN,NaN
9,NaN,NaN,NaN,NaN,NaN,NaN,NaN,NaN
10,NaN,NaN,NaN,NaN,NaN,NaN,NaN,NaN
11,NaN,NaN,NaN,NaN,NaN,NaN,NaN,NaN
1,NaN,NaN,NaN,NaN,NaN,NaN,NaN,NaN
2,NaN,NaN,NaN,NaN,NaN,NaN,NaN,NaN
3,NaN,NaN,NaN,NaN,NaN,NaN,NaN,NaN
4,NaN,NaN,NaN,NaN,NaN,NaN,NaN,NaN
5,NaN,NaN,NaN,NaN,NaN,NaN,NaN,NaN
6,NaN,NaN,NaN,NaN,NaN,NaN,NaN,NaN
7,NaN,NaN,NaN,NaN,NaN,NaN,NaN,NaN
8,NaN,NaN,NaN,NaN,NaN,NaN,NaN,NaN
9,NaN,NaN,NaN,NaN,NaN,NaN,NaN,NaN
10,NaN,NaN,NaN,NaN,NaN,NaN,NaN,NaN
11,NaN,NaN,NaN,NaN,NaN,NaN,NaN,NaN
1,NaN,NaN,NaN,NaN,NaN,NaN,NaN,NaN
2,NaN,NaN,NaN,NaN,NaN,NaN,NaN,NaN
3,NaN,NaN,NaN,NaN,NaN,NaN,NaN,NaN
4,NaN,NaN,NaN,NaN,NaN,NaN,NaN,NaN
5,NaN,NaN,NaN,NaN,NaN,NaN,NaN,NaN
6,NaN,NaN,NaN,NaN,NaN,NaN,NaN,NaN
7,NaN,NaN,NaN,NaN,NaN,NaN,NaN,NaN
8,NaN,NaN,NaN,NaN,NaN,NaN,NaN,NaN
9,NaN,NaN,NaN,NaN,NaN,NaN,NaN,NaN
10,NaN,NaN,NaN,NaN,NaN,NaN,NaN,NaN
11,NaN,NaN,NaN,NaN,NaN,NaN,NaN,NaN
1,NaN,NaN,NaN,NaN,NaN,NaN,NaN,NaN
2,NaN,NaN,NaN,NaN,NaN,NaN,NaN,NaN
3,NaN,NaN,NaN,NaN,NaN,NaN,NaN,NaN
4,NaN,NaN,NaN,NaN,NaN,NaN,NaN,NaN
5,NaN,NaN,NaN,NaN,NaN,NaN,NaN,NaN
6,NaN,NaN,NaN,NaN,NaN,NaN,NaN,NaN
7,NaN,NaN,NaN,NaN,NaN,NaN,NaN,NaN
8,NaN,NaN,NaN,NaN,NaN,NaN,NaN,NaN
9,NaN,NaN,NaN,NaN,NaN,NaN,NaN,NaN
10,NaN,NaN,NaN,NaN,NaN,NaN,NaN,NaN
11,NaN,NaN,NaN,NaN,NaN,NaN,NaN,NaN
1,NaN,NaN,NaN,NaN,NaN,NaN,NaN,NaN
2,NaN,NaN,NaN,NaN,NaN,NaN,NaN,NaN
3,NaN,NaN,NaN,NaN,NaN,NaN,NaN,NaN
4,NaN,NaN,NaN,NaN,NaN,NaN,NaN,NaN
5,NaN,NaN,NaN,NaN,NaN,NaN,NaN,NaN
6,NaN,NaN,NaN,NaN,NaN,NaN,NaN,NaN
7,NaN,NaN,NaN,NaN,NaN,NaN,NaN,NaN
8,NaN,NaN,NaN,NaN,NaN,NaN,NaN,NaN
9,NaN,NaN,NaN,NaN,NaN,NaN,NaN,NaN
10,NaN,NaN,NaN,NaN,NaN,NaN,NaN,NaN
11,NaN,NaN,NaN,NaN,NaN,NaN,NaN,NaN
1,NaN,NaN,NaN,NaN,NaN,NaN,NaN,NaN
2,NaN,NaN,NaN,NaN,NaN,NaN,NaN,NaN
3,NaN,NaN,NaN,NaN,NaN,NaN,NaN,NaN
4,NaN,NaN,NaN,NaN,NaN,NaN,NaN,NaN
5,NaN,NaN,NaN,NaN,NaN,NaN,NaN,NaN
6,NaN,NaN,NaN,NaN,NaN,NaN,NaN,NaN
7,NaN,NaN,NaN,NaN,NaN,NaN,NaN,NaN
8,NaN,NaN,NaN,NaN,NaN,NaN,NaN,NaN
9,NaN,NaN,NaN,NaN,NaN,NaN,NaN,NaN
10,NaN,NaN,NaN,NaN,NaN,NaN,NaN,NaN
11,NaN,NaN,NaN,NaN,NaN,NaN,NaN,NaN
1,NaN,NaN,NaN,NaN,NaN,NaN,NaN,NaN
2,NaN,NaN,NaN,NaN,NaN,NaN,NaN,NaN
3,NaN,NaN,NaN,NaN,NaN,NaN,NaN,NaN
4,NaN,NaN,NaN,NaN,NaN,NaN,NaN,NaN
5,NaN,NaN,NaN,NaN,NaN,NaN,NaN,NaN
6,NaN,NaN,NaN,NaN,NaN,NaN,NaN,NaN
7,NaN,NaN,NaN,NaN,NaN,NaN,NaN,NaN
8,NaN,NaN,NaN,NaN,NaN,NaN,NaN,NaN
9,NaN,NaN,NaN,NaN,NaN,NaN,NaN,NaN
10,NaN,NaN,NaN,NaN,NaN,NaN,NaN,NaN
11,NaN,NaN,NaN,NaN,NaN,NaN,NaN,NaN
1,NaN,NaN,NaN,NaN,NaN,NaN,NaN,NaN
2,NaN,NaN,NaN,NaN,NaN,NaN,NaN,NaN
3,NaN,NaN,NaN,NaN,NaN,NaN,NaN,NaN
4,NaN,NaN,NaN,NaN,NaN,NaN,NaN,NaN
5,NaN,NaN,NaN,NaN,NaN,NaN,NaN,NaN
6,NaN,NaN,NaN,NaN,NaN,NaN,NaN,NaN
7,NaN,NaN,NaN,NaN,NaN,NaN,NaN,NaN
8,NaN,NaN,NaN,NaN,NaN,NaN,NaN,NaN
9,NaN,NaN,NaN,NaN,NaN,NaN,NaN,NaN
10,NaN,NaN,NaN,NaN,NaN,NaN,NaN,NaN
11,NaN,NaN,NaN,NaN,NaN,NaN,NaN,NaN
1,NaN,NaN,NaN,NaN,NaN,NaN,NaN,NaN
2,NaN,NaN,NaN,NaN,NaN,NaN,NaN,NaN
3,NaN,NaN,NaN,NaN,NaN,NaN,NaN,NaN
4,NaN,NaN,NaN,NaN,NaN,NaN,NaN,NaN
5,NaN,NaN,NaN,NaN,NaN,NaN,NaN,NaN
6,NaN,NaN,NaN,NaN,NaN,NaN,NaN,NaN
7,NaN,NaN,NaN,NaN,NaN,NaN,NaN,NaN
8,NaN,NaN,NaN,NaN,NaN,NaN,NaN,NaN
9,NaN,NaN,NaN,NaN,NaN,NaN,NaN,NaN
10,NaN,NaN,NaN,NaN,NaN,NaN,NaN,NaN
11,NaN,NaN,NaN,NaN,NaN,NaN,NaN,NaN
1,NaN,NaN,NaN,NaN,NaN,NaN,NaN,NaN
2,NaN,NaN,NaN,NaN,NaN,NaN,NaN,NaN
3,NaN,NaN,NaN,NaN,NaN,NaN,NaN,NaN
4,NaN,NaN,NaN,NaN,NaN,NaN,NaN,NaN
5,NaN,NaN,NaN,NaN,NaN,NaN,NaN,NaN
6,NaN,NaN,NaN,NaN,NaN,NaN,NaN,NaN
7,NaN,NaN,NaN,NaN,NaN,NaN,NaN,NaN
8,NaN,NaN,NaN,NaN,NaN,NaN,NaN,NaN
9,NaN,NaN,NaN,NaN,NaN,NaN,NaN,NaN
10,NaN,NaN,NaN,NaN,NaN,NaN,NaN,NaN
11,NaN,NaN,NaN,NaN,NaN,NaN,NaN,NaN
1,NaN,NaN,NaN,NaN,NaN,NaN,NaN,NaN
2,NaN,NaN,NaN,NaN,NaN,NaN,NaN,NaN
3,NaN,NaN,NaN,NaN,NaN,NaN,NaN,NaN
4,NaN,NaN,NaN,NaN,NaN,NaN,NaN,NaN
5,NaN,NaN,NaN,NaN,NaN,NaN,NaN,NaN
6,NaN,NaN,NaN,NaN,NaN,NaN,NaN,NaN
7,NaN,NaN,NaN,NaN,NaN,NaN,NaN,NaN
8,NaN,NaN,NaN,NaN,NaN,NaN,NaN,NaN
9,NaN,NaN,NaN,NaN,NaN,NaN,NaN,NaN
10,NaN,NaN,NaN,NaN,NaN,NaN,NaN,NaN
11,NaN,NaN,NaN,NaN,NaN,NaN,NaN,NaN
1,NaN,NaN,NaN,NaN,NaN,NaN,NaN,NaN
2,NaN,NaN,NaN,NaN,NaN,NaN,NaN,NaN
3,NaN,NaN,NaN,NaN,NaN,NaN,NaN,NaN
4,NaN,NaN,NaN,NaN,NaN,NaN,NaN,NaN
5,NaN,NaN,NaN,NaN,NaN,NaN,NaN,NaN
6,NaN,NaN,NaN,NaN,NaN,NaN,NaN,NaN
7,NaN,NaN,NaN,NaN,NaN,NaN,NaN,NaN
8,NaN,NaN,NaN,NaN,NaN,NaN,NaN,NaN
9,NaN,NaN,NaN,NaN,NaN,NaN,NaN,NaN
10,NaN,NaN,NaN,NaN,NaN,NaN,NaN,NaN
11,NaN,NaN,NaN,NaN,NaN,NaN,NaN,NaN
1,NaN,NaN,NaN,NaN,NaN,NaN,NaN,NaN
2,NaN,NaN,NaN,NaN,NaN,NaN,NaN,NaN
3,NaN,NaN,NaN,NaN,NaN,NaN,NaN,NaN
4,NaN,NaN,NaN,NaN,NaN,NaN,NaN,NaN
5,NaN,NaN,NaN,NaN,NaN,NaN,NaN,NaN
6,NaN,NaN,NaN,NaN,NaN,NaN,NaN,NaN
7,NaN,NaN,NaN,NaN,NaN,NaN,NaN,NaN
8,NaN,NaN,NaN,NaN,NaN,NaN,NaN,NaN
9,NaN,NaN,NaN,NaN,NaN,NaN,NaN,NaN
10,NaN,NaN,NaN,NaN,NaN,NaN,NaN,NaN
11,NaN,NaN,NaN,NaN,NaN,NaN,NaN,NaN
1,NaN,NaN,NaN,NaN,NaN,NaN,NaN,NaN
2,NaN,NaN,NaN,NaN,NaN,NaN,NaN,NaN
3,NaN,NaN,NaN,NaN,NaN,NaN,NaN,NaN
4,NaN,NaN,NaN,NaN,NaN,NaN,NaN,NaN
5,NaN,NaN,NaN,NaN,NaN,NaN,NaN,NaN
6,NaN,NaN,NaN,NaN,NaN,NaN,NaN,NaN
7,NaN,NaN,NaN,NaN,NaN,NaN,NaN,NaN
8,NaN,NaN,NaN,NaN,NaN,NaN,NaN,NaN
9,NaN,NaN,NaN,NaN,NaN,NaN,NaN,NaN
10,NaN,NaN,NaN,NaN,NaN,NaN,NaN,NaN
11,NaN,NaN,NaN,NaN,NaN,NaN,NaN,NaN
1,NaN,NaN,NaN,NaN,NaN,NaN,NaN,NaN
2,NaN,NaN,NaN,NaN,NaN,NaN,NaN,NaN
3,NaN,NaN,NaN,NaN,NaN,NaN,NaN,NaN
4,NaN,NaN,NaN,NaN,NaN,NaN,NaN,NaN
5,NaN,NaN,NaN,NaN,NaN,NaN,NaN,NaN
6,NaN,NaN,NaN,NaN,NaN,NaN,NaN,NaN
7,NaN,NaN,NaN,NaN,NaN,NaN,NaN,NaN
8,NaN,NaN,NaN,NaN,NaN,NaN,NaN,NaN
9,NaN,NaN,NaN,NaN,NaN,NaN,NaN,NaN
10,NaN,NaN,NaN,NaN,NaN,NaN,NaN,NaN
11,NaN,NaN,NaN,NaN,NaN,NaN,NaN,NaN
1,NaN,NaN,NaN,NaN,NaN,NaN,NaN,NaN
2,NaN,NaN,NaN,NaN,NaN,NaN,NaN,NaN
3,NaN,NaN,NaN,NaN,NaN,NaN,NaN,NaN
4,NaN,NaN,NaN,NaN,NaN,NaN,NaN,NaN
5,NaN,NaN,NaN,NaN,NaN,NaN,NaN,NaN
6,NaN,NaN,NaN,NaN,NaN,NaN,NaN,NaN
7,NaN,NaN,NaN,NaN,NaN,NaN,NaN,NaN
8,NaN,NaN,NaN,NaN,NaN,NaN,NaN,NaN
9,NaN,NaN,NaN,NaN,NaN,NaN,NaN,NaN
10,NaN,NaN,NaN,NaN,NaN,NaN,NaN,NaN
11,NaN,NaN,NaN,NaN,NaN,NaN,NaN,NaN
1,NaN,NaN,NaN,NaN,NaN,NaN,NaN,NaN
2,NaN,NaN,NaN,NaN,NaN,NaN,NaN,NaN
3,NaN,NaN,NaN,NaN,NaN,NaN,NaN,NaN
4,NaN,NaN,NaN,NaN,NaN,NaN,NaN,NaN
5,NaN,NaN,NaN,NaN,NaN,NaN,NaN,NaN
6,NaN,NaN,NaN,NaN,NaN,NaN,NaN,NaN
7,NaN,NaN,NaN,NaN,NaN,NaN,NaN,NaN
8,NaN,NaN,NaN,NaN,NaN,NaN,NaN,NaN
9,NaN,NaN,NaN,NaN,NaN,NaN,NaN,NaN
10,NaN,NaN,NaN,NaN,NaN,NaN,NaN,NaN
11,NaN,NaN,NaN,NaN,NaN,NaN,NaN,NaN
1,NaN,NaN,NaN,NaN,NaN,NaN,NaN,NaN
2,NaN,NaN,NaN,NaN,NaN,NaN,NaN,NaN
3,NaN,NaN,NaN,NaN,NaN,NaN,NaN,NaN
4,NaN,NaN,NaN,NaN,NaN,NaN,NaN,NaN
5,NaN,NaN,NaN,NaN,NaN,NaN,NaN,NaN
6,NaN,NaN,NaN,NaN,NaN,NaN,NaN,NaN
7,NaN,NaN,NaN,NaN,NaN,NaN,NaN,NaN
8,NaN,NaN,NaN,NaN,NaN,NaN,NaN,NaN
9,NaN,NaN,NaN,NaN,NaN,NaN,NaN,NaN
10,NaN,NaN,NaN,NaN,NaN,NaN,NaN,NaN
11,NaN,NaN,NaN,NaN,NaN,NaN,NaN,NaN
1,NaN,NaN,NaN,NaN,NaN,NaN,NaN,NaN
2,NaN,NaN,NaN,NaN,NaN,NaN,NaN,NaN
3,NaN,NaN,NaN,NaN,NaN,NaN,NaN,NaN
4,NaN,NaN,NaN,NaN,NaN,NaN,NaN,NaN
5,NaN,NaN,NaN,NaN,NaN,NaN,NaN,NaN
6,NaN,NaN,NaN,NaN,NaN,NaN,NaN,NaN
7,NaN,NaN,NaN,NaN,NaN,NaN,NaN,NaN
8,NaN,NaN,NaN,NaN,NaN,NaN,NaN,NaN
9,NaN,NaN,NaN,NaN,NaN,NaN,NaN,NaN
10,NaN,NaN,NaN,NaN,NaN,NaN,NaN,NaN
11,NaN,NaN,NaN,NaN,NaN,NaN,NaN,NaN
1,NaN,NaN,NaN,NaN,NaN,NaN,NaN,NaN
2,NaN,NaN,NaN,NaN,NaN,NaN,NaN,NaN
3,NaN,NaN,NaN,NaN,NaN,NaN,NaN,NaN
4,NaN,NaN,NaN,NaN,NaN,NaN,NaN,NaN
5,NaN,NaN,NaN,NaN,NaN,NaN,NaN,NaN
6,NaN,NaN,NaN,NaN,NaN,NaN,NaN,NaN
7,NaN,NaN,NaN,NaN,NaN,NaN,NaN,NaN
8,NaN,NaN,NaN,NaN,NaN,NaN,NaN,NaN
9,NaN,NaN,NaN,NaN,NaN,NaN,NaN,NaN
10,NaN,NaN,NaN,NaN,NaN,NaN,NaN,NaN
11,NaN,NaN,NaN,NaN,NaN,NaN,NaN,NaN
1,NaN,NaN,NaN,NaN,NaN,NaN,NaN,NaN
2,NaN,NaN,NaN,NaN,NaN,NaN,NaN,NaN
3,NaN,NaN,NaN,NaN,NaN,NaN,NaN,NaN
4,NaN,NaN,NaN,NaN,NaN,NaN,NaN,NaN
5,NaN,NaN,NaN,NaN,NaN,NaN,NaN,NaN
6,NaN,NaN,NaN,NaN,NaN,NaN,NaN,NaN
7,NaN,NaN,NaN,NaN,NaN,NaN,NaN,NaN
8,NaN,NaN,NaN,NaN,NaN,NaN,NaN,NaN
9,NaN,NaN,NaN,NaN,NaN,NaN,NaN,NaN
10,NaN,NaN,NaN,NaN,NaN,NaN,NaN,NaN
11,NaN,NaN,NaN,NaN,NaN,NaN,NaN,NaN
1,NaN,NaN,NaN,NaN,NaN,NaN,NaN,NaN
2,NaN,NaN,NaN,NaN,NaN,NaN,NaN,NaN
3,NaN,NaN,NaN,NaN,NaN,NaN,NaN,NaN
4,NaN,NaN,NaN,NaN,NaN,NaN,NaN,NaN
5,NaN,NaN,NaN,NaN,NaN,NaN,NaN,NaN
6,NaN,NaN,NaN,NaN,NaN,NaN,NaN,NaN
7,NaN,NaN,NaN,NaN,NaN,NaN,NaN,NaN
8,NaN,NaN,NaN,NaN,NaN,NaN,NaN,NaN
9,NaN,NaN,NaN,NaN,NaN,NaN,NaN,NaN
10,NaN,NaN,NaN,NaN,NaN,NaN,NaN,NaN
11,NaN,NaN,NaN,NaN,NaN,NaN,NaN,NaN
1,NaN,NaN,NaN,NaN,NaN,NaN,NaN,NaN
2,NaN,NaN,NaN,NaN,NaN,NaN,NaN,NaN
3,NaN,NaN,NaN,NaN,NaN,NaN,NaN,NaN
4,NaN,NaN,NaN,NaN,NaN,NaN,NaN,NaN
5,NaN,NaN,NaN,NaN,NaN,NaN,NaN,NaN
6,NaN,NaN,NaN,NaN,NaN,NaN,NaN,NaN
7,NaN,NaN,NaN,NaN,NaN,NaN,NaN,NaN
8,NaN,NaN,NaN,NaN,NaN,NaN,NaN,NaN
9,NaN,NaN,NaN,NaN,NaN,NaN,NaN,NaN
10,NaN,NaN,NaN,NaN,NaN,NaN,NaN,NaN
11,NaN,NaN,NaN,NaN,NaN,NaN,NaN,NaN
1,NaN,NaN,NaN,NaN,NaN,NaN,NaN,NaN
2,NaN,NaN,NaN,NaN,NaN,NaN,NaN,NaN
3,NaN,NaN,NaN,NaN,NaN,NaN,NaN,NaN
4,NaN,NaN,NaN,NaN,NaN,NaN,NaN,NaN
5,NaN,NaN,NaN,NaN,NaN,NaN,NaN,NaN
6,NaN,NaN,NaN,NaN,NaN,NaN,NaN,NaN
7,NaN,NaN,NaN,NaN,NaN,NaN,NaN,NaN
8,NaN,NaN,NaN,NaN,NaN,NaN,NaN,NaN
9,NaN,NaN,NaN,NaN,NaN,NaN,NaN,NaN
10,NaN,NaN,NaN,NaN,NaN,NaN,NaN,NaN
11,NaN,NaN,NaN,NaN,NaN,NaN,NaN,NaN
1,NaN,NaN,NaN,NaN,NaN,NaN,NaN,NaN
2,NaN,NaN,NaN,NaN,NaN,NaN,NaN,NaN
3,NaN,NaN,NaN,NaN,NaN,NaN,NaN,NaN
4,NaN,NaN,NaN,NaN,NaN,NaN,NaN,NaN
5,NaN,NaN,NaN,NaN,NaN,NaN,NaN,NaN
6,NaN,NaN,NaN,NaN,NaN,NaN,NaN,NaN
7,NaN,NaN,NaN,NaN,NaN,NaN,NaN,NaN
8,NaN,NaN,NaN,NaN,NaN,NaN,NaN,NaN
9,NaN,NaN,NaN,NaN,NaN,NaN,NaN,NaN
10,NaN,NaN,NaN,NaN,NaN,NaN,NaN,NaN
11,NaN,NaN,NaN,NaN,NaN,NaN,NaN,NaN
1,NaN,NaN,NaN,NaN,NaN,NaN,NaN,NaN
2,NaN,NaN,NaN,NaN,NaN,NaN,NaN,NaN
3,NaN,NaN,NaN,NaN,NaN,NaN,NaN,NaN
4,NaN,NaN,NaN,NaN,NaN,NaN,NaN,NaN
5,NaN,NaN,NaN,NaN,NaN,NaN,NaN,NaN
6,NaN,NaN,NaN,NaN,NaN,NaN,NaN,NaN
7,NaN,NaN,NaN,NaN,NaN,NaN,NaN,NaN
8,NaN,NaN,NaN,NaN,NaN,NaN,NaN,NaN
9,NaN,NaN,NaN,NaN,NaN,NaN,NaN,NaN
10,NaN,NaN,NaN,NaN,NaN,NaN,NaN,NaN
11,NaN,NaN,NaN,NaN,NaN,NaN,NaN,NaN
1,NaN,NaN,NaN,NaN,NaN,NaN,NaN,NaN
2,NaN,NaN,NaN,NaN,NaN,NaN,NaN,NaN
3,NaN,NaN,NaN,NaN,NaN,NaN,NaN,NaN
4,NaN,NaN,NaN,NaN,NaN,NaN,NaN,NaN
5,NaN,NaN,NaN,NaN,NaN,NaN,NaN,NaN
6,NaN,NaN,NaN,NaN,NaN,NaN,NaN,NaN
7,NaN,NaN,NaN,NaN,NaN,NaN,NaN,NaN
8,NaN,NaN,NaN,NaN,NaN,NaN,NaN,NaN
9,NaN,NaN,NaN,NaN,NaN,NaN,NaN,NaN
10,NaN,NaN,NaN,NaN,NaN,NaN,NaN,NaN
11,NaN,NaN,NaN,NaN,NaN,NaN,NaN,NaN
1,NaN,NaN,NaN,NaN,NaN,NaN,NaN,NaN
2,NaN,NaN,NaN,NaN,NaN,NaN,NaN,NaN
3,NaN,NaN,NaN,NaN,NaN,NaN,NaN,NaN
4,NaN,NaN,NaN,NaN,NaN,NaN,NaN,NaN
5,NaN,NaN,NaN,NaN,NaN,NaN,NaN,NaN
6,NaN,NaN,NaN,NaN,NaN,NaN,NaN,NaN
7,NaN,NaN,NaN,NaN,NaN,NaN,NaN,NaN
8,NaN,NaN,NaN,NaN,NaN,NaN,NaN,NaN
9,NaN,NaN,NaN,NaN,NaN,NaN,NaN,NaN
10,NaN,NaN,NaN,NaN,NaN,NaN,NaN,NaN
11,NaN,NaN,NaN,NaN,NaN,NaN,NaN,NaN
1,NaN,NaN,NaN,NaN,NaN,NaN,NaN,NaN
2,NaN,NaN,NaN,NaN,NaN,NaN,NaN,NaN
3,NaN,NaN,NaN,NaN,NaN,NaN,NaN,NaN
4,NaN,NaN,NaN,NaN,NaN,NaN,NaN,NaN
5,NaN,NaN,NaN,NaN,NaN,NaN,NaN,NaN
6,NaN,NaN,NaN,NaN,NaN,NaN,NaN,NaN
7,NaN,NaN,NaN,NaN,NaN,NaN,NaN,NaN
8,NaN,NaN,NaN,NaN,NaN,NaN,NaN,NaN
9,NaN,NaN,NaN,NaN,NaN,NaN,NaN,NaN
10,NaN,NaN,NaN,NaN,NaN,NaN,NaN,NaN
11,NaN,NaN,NaN,NaN,NaN,NaN,NaN,NaN
1,NaN,NaN,NaN,NaN,NaN,NaN,NaN,NaN
2,NaN,NaN,NaN,NaN,NaN,NaN,NaN,NaN
3,NaN,NaN,NaN,NaN,NaN,NaN,NaN,NaN
4,NaN,NaN,NaN,NaN,NaN,NaN,NaN,NaN
5,NaN,NaN,NaN,NaN,NaN,NaN,NaN,NaN
6,NaN,NaN,NaN,NaN,NaN,NaN,NaN,NaN
7,NaN,NaN,NaN,NaN,NaN,NaN,NaN,NaN
8,NaN,NaN,NaN,NaN,NaN,NaN,NaN,NaN
9,NaN,NaN,NaN,NaN,NaN,NaN,NaN,NaN
10,NaN,NaN,NaN,NaN,NaN,NaN,NaN,NaN
11,NaN,NaN,NaN,NaN,NaN,NaN,NaN,NaN
1,NaN,NaN,NaN,NaN,NaN,NaN,NaN,NaN
2,NaN,NaN,NaN,NaN,NaN,NaN,NaN,NaN
3,NaN,NaN,NaN,NaN,NaN,NaN,NaN,NaN
4,NaN,NaN,NaN,NaN,NaN,NaN,NaN,NaN
5,NaN,NaN,NaN,NaN,NaN,NaN,NaN,NaN
6,NaN,NaN,NaN,NaN,NaN,NaN,NaN,NaN
7,NaN,NaN,NaN,NaN,NaN,NaN,NaN,NaN
8,NaN,NaN,NaN,NaN,NaN,NaN,NaN,NaN
9,NaN,NaN,NaN,NaN,NaN,NaN,NaN,NaN
10,NaN,NaN,NaN,NaN,NaN,NaN,NaN,NaN
11,NaN,NaN,NaN,NaN,NaN,NaN,NaN,NaN
1,NaN,NaN,NaN,NaN,NaN,NaN,NaN,NaN
2,NaN,NaN,NaN,NaN,NaN,NaN,NaN,NaN
3,NaN,NaN,NaN,NaN,NaN,NaN,NaN,NaN
4,NaN,NaN,NaN,NaN,NaN,NaN,NaN,NaN
5,NaN,NaN,NaN,NaN,NaN,NaN,NaN,NaN
6,NaN,NaN,NaN,NaN,NaN,NaN,NaN,NaN
7,NaN,NaN,NaN,NaN,NaN,NaN,NaN,NaN
8,NaN,NaN,NaN,NaN,NaN,NaN,NaN,NaN
9,NaN,NaN,NaN,NaN,NaN,NaN,NaN,NaN
10,NaN,NaN,NaN,NaN,NaN,NaN,NaN,NaN
11,NaN,NaN,NaN,NaN,NaN,NaN,NaN,NaN
1,NaN,NaN,NaN,NaN,NaN,NaN,NaN,NaN
2,NaN,NaN,NaN,NaN,NaN,NaN,NaN,NaN
3,NaN,NaN,NaN,NaN,NaN,NaN,NaN,NaN
4,NaN,NaN,NaN,NaN,NaN,NaN,NaN,NaN
5,NaN,NaN,NaN,NaN,NaN,NaN,NaN,NaN
6,NaN,NaN,NaN,NaN,NaN,NaN,NaN,NaN
7,NaN,NaN,NaN,NaN,NaN,NaN,NaN,NaN
8,NaN,NaN,NaN,NaN,NaN,NaN,NaN,NaN
9,NaN,NaN,NaN,NaN,NaN,NaN,NaN,NaN
10,NaN,NaN,NaN,NaN,NaN,NaN,NaN,NaN
11,NaN,NaN,NaN,NaN,NaN,NaN,NaN,NaN
1,NaN,NaN,NaN,NaN,NaN,NaN,NaN,NaN
2,NaN,NaN,NaN,NaN,NaN,NaN,NaN,NaN
3,NaN,NaN,NaN,NaN,NaN,NaN,NaN,NaN
4,NaN,NaN,NaN,NaN,NaN,NaN,NaN,NaN
5,NaN,NaN,NaN,NaN,NaN,NaN,NaN,NaN
6,NaN,NaN,NaN,NaN,NaN,NaN,NaN,NaN
7,NaN,NaN,NaN,NaN,NaN,NaN,NaN,NaN
8,NaN,NaN,NaN,NaN,NaN,NaN,NaN,NaN
9,NaN,NaN,NaN,NaN,NaN,NaN,NaN,NaN
10,NaN,NaN,NaN,NaN,NaN,NaN,NaN,NaN
11,NaN,NaN,NaN,NaN,NaN,NaN,NaN,NaN
1,NaN,NaN,NaN,NaN,NaN,NaN,NaN,NaN
2,NaN,NaN,NaN,NaN,NaN,NaN,NaN,NaN
3,NaN,NaN,NaN,NaN,NaN,NaN,NaN,NaN
4,NaN,NaN,NaN,NaN,NaN,NaN,NaN,NaN
5,NaN,NaN,NaN,NaN,NaN,NaN,NaN,NaN
6,NaN,NaN,NaN,NaN,NaN,NaN,NaN,NaN
7,NaN,NaN,NaN,NaN,NaN,NaN,NaN,NaN
8,NaN,NaN,NaN,NaN,NaN,NaN,NaN,NaN
9,NaN,NaN,NaN,NaN,NaN,NaN,NaN,NaN
10,NaN,NaN,NaN,NaN,NaN,NaN,NaN,NaN
11,NaN,NaN,NaN,NaN,NaN,NaN,NaN,NaN
1,NaN,NaN,NaN,NaN,NaN,NaN,NaN,NaN
2,NaN,NaN,NaN,NaN,NaN,NaN,NaN,NaN
3,NaN,NaN,NaN,NaN,NaN,NaN,NaN,NaN
4,NaN,NaN,NaN,NaN,NaN,NaN,NaN,NaN
5,NaN,NaN,NaN,NaN,NaN,NaN,NaN,NaN
6,NaN,NaN,NaN,NaN,NaN,NaN,NaN,NaN
7,NaN,NaN,NaN,NaN,NaN,NaN,NaN,NaN
8,NaN,NaN,NaN,NaN,NaN,NaN,NaN,NaN
9,NaN,NaN,NaN,NaN,NaN,NaN,NaN,NaN
10,NaN,NaN,NaN,NaN,NaN,NaN,NaN,NaN
11,NaN,NaN,NaN,NaN,NaN,NaN,NaN,NaN
1,NaN,NaN,NaN,NaN,NaN,NaN,NaN,NaN
2,NaN,NaN,NaN,NaN,NaN,NaN,NaN,NaN
3,NaN,NaN,NaN,NaN,NaN,NaN,NaN,NaN
4,NaN,NaN,NaN,NaN,NaN,NaN,NaN,NaN
5,NaN,NaN,NaN,NaN,NaN,NaN,NaN,NaN
6,NaN,NaN,NaN,NaN,NaN,NaN,NaN,NaN
7,NaN,NaN,NaN,NaN,NaN,NaN,NaN,NaN
8,NaN,NaN,NaN,NaN,NaN,NaN,NaN,NaN
9,NaN,NaN,NaN,NaN,NaN,NaN,NaN,NaN
10,NaN,NaN,NaN,NaN,NaN,NaN,NaN,NaN
11,NaN,NaN,NaN,NaN,NaN,NaN,NaN,NaN
1,NaN,NaN,NaN,NaN,NaN,NaN,NaN,NaN
2,NaN,NaN,NaN,NaN,NaN,NaN,NaN,NaN
3,NaN,NaN,NaN,NaN,NaN,NaN,NaN,NaN
4,NaN,NaN,NaN,NaN,NaN,NaN,NaN,NaN
5,NaN,NaN,NaN,NaN,NaN,NaN,NaN,NaN
6,NaN,NaN,NaN,NaN,NaN,NaN,NaN,NaN
7,NaN,NaN,NaN,NaN,NaN,NaN,NaN,NaN
8,NaN,NaN,NaN,NaN,NaN,NaN,NaN,NaN
9,NaN,NaN,NaN,NaN,NaN,NaN,NaN,NaN
10,NaN,NaN,NaN,NaN,NaN,NaN,NaN,NaN
11,NaN,NaN,NaN,NaN,NaN,NaN,NaN,NaN
1,NaN,NaN,NaN,NaN,NaN,NaN,NaN,NaN
2,NaN,NaN,NaN,NaN,NaN,NaN,NaN,NaN
3,NaN,NaN,NaN,NaN,NaN,NaN,NaN,NaN
4,NaN,NaN,NaN,NaN,NaN,NaN,NaN,NaN
5,NaN,NaN,NaN,NaN,NaN,NaN,NaN,NaN
6,NaN,NaN,NaN,NaN,NaN,NaN,NaN,NaN
7,NaN,NaN,NaN,NaN,NaN,NaN,NaN,NaN
8,NaN,NaN,NaN,NaN,NaN,NaN,NaN,NaN
9,NaN,NaN,NaN,NaN,NaN,NaN,NaN,NaN
10,NaN,NaN,NaN,NaN,NaN,NaN,NaN,NaN
11,NaN,NaN,NaN,NaN,NaN,NaN,NaN,NaN
1,NaN,NaN,NaN,NaN,NaN,NaN,NaN,NaN
2,NaN,NaN,NaN,NaN,NaN,NaN,NaN,NaN
3,NaN,NaN,NaN,NaN,NaN,NaN,NaN,NaN
4,NaN,NaN,NaN,NaN,NaN,NaN,NaN,NaN
5,NaN,NaN,NaN,NaN,NaN,NaN,NaN,NaN
6,NaN,NaN,NaN,NaN,NaN,NaN,NaN,NaN
7,NaN,NaN,NaN,NaN,NaN,NaN,NaN,NaN
8,NaN,NaN,NaN,NaN,NaN,NaN,NaN,NaN
9,NaN,NaN,NaN,NaN,NaN,NaN,NaN,NaN
10,NaN,NaN,NaN,NaN,NaN,NaN,NaN,NaN
11,NaN,NaN,NaN,NaN,NaN,NaN,NaN,NaN
1,NaN,NaN,NaN,NaN,NaN,NaN,NaN,NaN
2,NaN,NaN,NaN,NaN,NaN,NaN,NaN,NaN
3,NaN,NaN,NaN,NaN,NaN,NaN,NaN,NaN
4,NaN,NaN,NaN,NaN,NaN,NaN,NaN,NaN
5,NaN,NaN,NaN,NaN,NaN,NaN,NaN,NaN
6,NaN,NaN,NaN,NaN,NaN,NaN,NaN,NaN
7,NaN,NaN,NaN,NaN,NaN,NaN,NaN,NaN
8,NaN,NaN,NaN,NaN,NaN,NaN,NaN,NaN
9,NaN,NaN,NaN,NaN,NaN,NaN,NaN,NaN
10,NaN,NaN,NaN,NaN,NaN,NaN,NaN,NaN
11,NaN,NaN,NaN,NaN,NaN,NaN,NaN,NaN
1,NaN,NaN,NaN,NaN,NaN,NaN,NaN,NaN
2,NaN,NaN,NaN,NaN,NaN,NaN,NaN,NaN
3,NaN,NaN,NaN,NaN,NaN,NaN,NaN,NaN
4,NaN,NaN,NaN,NaN,NaN,NaN,NaN,NaN
5,NaN,NaN,NaN,NaN,NaN,NaN,NaN,NaN
6,NaN,NaN,NaN,NaN,NaN,NaN,NaN,NaN
7,NaN,NaN,NaN,NaN,NaN,NaN,NaN,NaN
8,NaN,NaN,NaN,NaN,NaN,NaN,NaN,NaN
9,NaN,NaN,NaN,NaN,NaN,NaN,NaN,NaN
10,NaN,NaN,NaN,NaN,NaN,NaN,NaN,NaN
11,NaN,NaN,NaN,NaN,NaN,NaN,NaN,NaN
1,NaN,NaN,NaN,NaN,NaN,NaN,NaN,NaN
2,NaN,NaN,NaN,NaN,NaN,NaN,NaN,NaN
3,NaN,NaN,NaN,NaN,NaN,NaN,NaN,NaN
4,NaN,NaN,NaN,NaN,NaN,NaN,NaN,NaN
5,NaN,NaN,NaN,NaN,NaN,NaN,NaN,NaN
6,NaN,NaN,NaN,NaN,NaN,NaN,NaN,NaN
7,NaN,NaN,NaN,NaN,NaN,NaN,NaN,NaN
8,NaN,NaN,NaN,NaN,NaN,NaN,NaN,NaN
9,NaN,NaN,NaN,NaN,NaN,NaN,NaN,NaN
10,NaN,NaN,NaN,NaN,NaN,NaN,NaN,NaN
11,NaN,NaN,NaN,NaN,NaN,NaN,NaN,NaN
1,NaN,NaN,NaN,NaN,NaN,NaN,NaN,NaN
2,NaN,NaN,NaN,NaN,NaN,NaN,NaN,NaN
3,NaN,NaN,NaN,NaN,NaN,NaN,NaN,NaN
4,NaN,NaN,NaN,NaN,NaN,NaN,NaN,NaN
5,NaN,NaN,NaN,NaN,NaN,NaN,NaN,NaN
6,NaN,NaN,NaN,NaN,NaN,NaN,NaN,NaN
7,NaN,NaN,NaN,NaN,NaN,NaN,NaN,NaN
8,NaN,NaN,NaN,NaN,NaN,NaN,NaN,NaN
9,NaN,NaN,NaN,NaN,NaN,NaN,NaN,NaN
10,NaN,NaN,NaN,NaN,NaN,NaN,NaN,NaN
11,NaN,NaN,NaN,NaN,NaN,NaN,NaN,NaN
1,NaN,NaN,NaN,NaN,NaN,NaN,NaN,NaN
2,NaN,NaN,NaN,NaN,NaN,NaN,NaN,NaN
3,NaN,NaN,NaN,NaN,NaN,NaN,NaN,NaN
4,NaN,NaN,NaN,NaN,NaN,NaN,NaN,NaN
5,NaN,NaN,NaN,NaN,NaN,NaN,NaN,NaN
6,NaN,NaN,NaN,NaN,NaN,NaN,NaN,NaN
7,NaN,NaN,NaN,NaN,NaN,NaN,NaN,NaN
8,NaN,NaN,NaN,NaN,NaN,NaN,NaN,NaN
9,NaN,NaN,NaN,NaN,NaN,NaN,NaN,NaN
10,NaN,NaN,NaN,NaN,NaN,NaN,NaN,NaN
11,NaN,NaN,NaN,NaN,NaN,NaN,NaN,NaN
1,NaN,NaN,NaN,NaN,NaN,NaN,NaN,NaN
2,NaN,NaN,NaN,NaN,NaN,NaN,NaN,NaN
3,NaN,NaN,NaN,NaN,NaN,NaN,NaN,NaN
4,NaN,NaN,NaN,NaN,NaN,NaN,NaN,NaN
5,NaN,NaN,NaN,NaN,NaN,NaN,NaN,NaN
6,NaN,NaN,NaN,NaN,NaN,NaN,NaN,NaN
7,NaN,NaN,NaN,NaN,NaN,NaN,NaN,NaN
8,NaN,NaN,NaN,NaN,NaN,NaN,NaN,NaN
9,NaN,NaN,NaN,NaN,NaN,NaN,NaN,NaN
10,NaN,NaN,NaN,NaN,NaN,NaN,NaN,NaN
11,NaN,NaN,NaN,NaN,NaN,NaN,NaN,NaN
1,NaN,NaN,NaN,NaN,NaN,NaN,NaN,NaN
2,NaN,NaN,NaN,NaN,NaN,NaN,NaN,NaN
3,NaN,NaN,NaN,NaN,NaN,NaN,NaN,NaN
4,NaN,NaN,NaN,NaN,NaN,NaN,NaN,NaN
5,NaN,NaN,NaN,NaN,NaN,NaN,NaN,NaN
6,NaN,NaN,NaN,NaN,NaN,NaN,NaN,NaN
7,NaN,NaN,NaN,NaN,NaN,NaN,NaN,NaN
8,NaN,NaN,NaN,NaN,NaN,NaN,NaN,NaN
9,NaN,NaN,NaN,NaN,NaN,NaN,NaN,NaN
10,NaN,NaN,NaN,NaN,NaN,NaN,NaN,NaN
11,NaN,NaN,NaN,NaN,NaN,NaN,NaN,NaN
1,NaN,NaN,NaN,NaN,NaN,NaN,NaN,NaN
2,NaN,NaN,NaN,NaN,NaN,NaN,NaN,NaN
3,NaN,NaN,NaN,NaN,NaN,NaN,NaN,NaN
4,NaN,NaN,NaN,NaN,NaN,NaN,NaN,NaN
5,NaN,NaN,NaN,NaN,NaN,NaN,NaN,NaN
6,NaN,NaN,NaN,NaN,NaN,NaN,NaN,NaN
7,NaN,NaN,NaN,NaN,NaN,NaN,NaN,NaN
8,NaN,NaN,NaN,NaN,NaN,NaN,NaN,NaN
9,NaN,NaN,NaN,NaN,NaN,NaN,NaN,NaN
10,NaN,NaN,NaN,NaN,NaN,NaN,NaN,NaN
11,NaN,NaN,NaN,NaN,NaN,NaN,NaN,NaN
1,NaN,NaN,NaN,NaN,NaN,NaN,NaN,NaN
2,NaN,NaN,NaN,NaN,NaN,NaN,NaN,NaN
3,NaN,NaN,NaN,NaN,NaN,NaN,NaN,NaN
4,NaN,NaN,NaN,NaN,NaN,NaN,NaN,NaN
5,NaN,NaN,NaN,NaN,NaN,NaN,NaN,NaN
6,NaN,NaN,NaN,NaN,NaN,NaN,NaN,NaN
7,NaN,NaN,NaN,NaN,NaN,NaN,NaN,NaN
8,NaN,NaN,NaN,NaN,NaN,NaN,NaN,NaN
9,NaN,NaN,NaN,NaN,NaN,NaN,NaN,NaN
10,NaN,NaN,NaN,NaN,NaN,NaN,NaN,NaN
11,NaN,NaN,NaN,NaN,NaN,NaN,NaN,NaN
1,NaN,NaN,NaN,NaN,NaN,NaN,NaN,NaN
2,NaN,NaN,NaN,NaN,NaN,NaN,NaN,NaN
3,NaN,NaN,NaN,NaN,NaN,NaN,NaN,NaN
4,NaN,NaN,NaN,NaN,NaN,NaN,NaN,NaN
5,NaN,NaN,NaN,NaN,NaN,NaN,NaN,NaN
6,NaN,NaN,NaN,NaN,NaN,NaN,NaN,NaN
7,NaN,NaN,NaN,NaN,NaN,NaN,NaN,NaN
8,NaN,NaN,NaN,NaN,NaN,NaN,NaN,NaN
9,NaN,NaN,NaN,NaN,NaN,NaN,NaN,NaN
10,NaN,NaN,NaN,NaN,NaN,NaN,NaN,NaN
11,NaN,NaN,NaN,NaN,NaN,NaN,NaN,NaN
1,NaN,NaN,NaN,NaN,NaN,NaN,NaN,NaN
2,NaN,NaN,NaN,NaN,NaN,NaN,NaN,NaN
3,NaN,NaN,NaN,NaN,NaN,NaN,NaN,NaN
4,NaN,NaN,NaN,NaN,NaN,NaN,NaN,NaN
5,NaN,NaN,NaN,NaN,NaN,NaN,NaN,NaN
6,NaN,NaN,NaN,NaN,NaN,NaN,NaN,NaN
7,NaN,NaN,NaN,NaN,NaN,NaN,NaN,NaN
8,NaN,NaN,NaN,NaN,NaN,NaN,NaN,NaN
9,NaN,NaN,NaN,NaN,NaN,NaN,NaN,NaN
10,NaN,NaN,NaN,NaN,NaN,NaN,NaN,NaN
11,NaN,NaN,NaN,NaN,NaN,NaN,NaN,NaN
1,NaN,NaN,NaN,NaN,NaN,NaN,NaN,NaN
2,NaN,NaN,NaN,NaN,NaN,NaN,NaN,NaN
3,NaN,NaN,NaN,NaN,NaN,NaN,NaN,NaN
4,NaN,NaN,NaN,NaN,NaN,NaN,NaN,NaN
5,NaN,NaN,NaN,NaN,NaN,NaN,NaN,NaN
6,NaN,NaN,NaN,NaN,NaN,NaN,NaN,NaN
7,NaN,NaN,NaN,NaN,NaN,NaN,NaN,NaN
8,NaN,NaN,NaN,NaN,NaN,NaN,NaN,NaN
9,NaN,NaN,NaN,NaN,NaN,NaN,NaN,NaN
10,NaN,NaN,NaN,NaN,NaN,NaN,NaN,NaN
11,NaN,NaN,NaN,NaN,NaN,NaN,NaN,NaN
1,NaN,NaN,NaN,NaN,NaN,NaN,NaN,NaN
2,NaN,NaN,NaN,NaN,NaN,NaN,NaN,NaN
3,NaN,NaN,NaN,NaN,NaN,NaN,NaN,NaN
4,NaN,NaN,NaN,NaN,NaN,NaN,NaN,NaN
5,NaN,NaN,NaN,NaN,NaN,NaN,NaN,NaN
6,NaN,NaN,NaN,NaN,NaN,NaN,NaN,NaN
7,NaN,NaN,NaN,NaN,NaN,NaN,NaN,NaN
8,NaN,NaN,NaN,NaN,NaN,NaN,NaN,NaN
9,NaN,NaN,NaN,NaN,NaN,NaN,NaN,NaN
10,NaN,NaN,NaN,NaN,NaN,NaN,NaN,NaN
11,NaN,NaN,NaN,NaN,NaN,NaN,NaN,NaN
1,NaN,NaN,NaN,NaN,NaN,NaN,NaN,NaN
2,NaN,NaN,NaN,NaN,NaN,NaN,NaN,NaN
3,NaN,NaN,NaN,NaN,NaN,NaN,NaN,NaN
4,NaN,NaN,NaN,NaN,NaN,NaN,NaN,NaN
5,NaN,NaN,NaN,NaN,NaN,NaN,NaN,NaN
6,NaN,NaN,NaN,NaN,NaN,NaN,NaN,NaN
7,NaN,NaN,NaN,NaN,NaN,NaN,NaN,NaN
8,NaN,NaN,NaN,NaN,NaN,NaN,NaN,NaN
9,NaN,NaN,NaN,NaN,NaN,NaN,NaN,NaN
10,NaN,NaN,NaN,NaN,NaN,NaN,NaN,NaN
11,NaN,NaN,NaN,NaN,NaN,NaN,NaN,NaN
1,NaN,NaN,NaN,NaN,NaN,NaN,NaN,NaN
2,NaN,NaN,NaN,NaN,NaN,NaN,NaN,NaN
3,NaN,NaN,NaN,NaN,NaN,NaN,NaN,NaN
4,NaN,NaN,NaN,NaN,NaN,NaN,NaN,NaN
5,NaN,NaN,NaN,NaN,NaN,NaN,NaN,NaN
6,NaN,NaN,NaN,NaN,NaN,NaN,NaN,NaN
7,NaN,NaN,NaN,NaN,NaN,NaN,NaN,NaN
8,NaN,NaN,NaN,NaN,NaN,NaN,NaN,NaN
9,NaN,NaN,NaN,NaN,NaN,NaN,NaN,NaN
10,NaN,NaN,NaN,NaN,NaN,NaN,NaN,NaN
11,NaN,NaN,NaN,NaN,NaN,NaN,NaN,NaN
1,NaN,NaN,NaN,NaN,NaN,NaN,NaN,NaN
2,NaN,NaN,NaN,NaN,NaN,NaN,NaN,NaN
3,NaN,NaN,NaN,NaN,NaN,NaN,NaN,NaN
4,NaN,NaN,NaN,NaN,NaN,NaN,NaN,NaN
5,NaN,NaN,NaN,NaN,NaN,NaN,NaN,NaN
6,NaN,NaN,NaN,NaN,NaN,NaN,NaN,NaN
7,NaN,NaN,NaN,NaN,NaN,NaN,NaN,NaN
8,NaN,NaN,NaN,NaN,NaN,NaN,NaN,NaN
9,NaN,NaN,NaN,NaN,NaN,NaN,NaN,NaN
10,NaN,NaN,NaN,NaN,NaN,NaN,NaN,NaN
11,NaN,NaN,NaN,NaN,NaN,NaN,NaN,NaN
1,NaN,NaN,NaN,NaN,NaN,NaN,NaN,NaN
2,NaN,NaN,NaN,NaN,NaN,NaN,NaN,NaN
3,NaN,NaN,NaN,NaN,NaN,NaN,NaN,NaN
4,NaN,NaN,NaN,NaN,NaN,NaN,NaN,NaN
5,NaN,NaN,NaN,NaN,NaN,NaN,NaN,NaN
6,NaN,NaN,NaN,NaN,NaN,NaN,NaN,NaN
7,NaN,NaN,NaN,NaN,NaN,NaN,NaN,NaN
8,NaN,NaN,NaN,NaN,NaN,NaN,NaN,NaN
9,NaN,NaN,NaN,NaN,NaN,NaN,NaN,NaN
10,NaN,NaN,NaN,NaN,NaN,NaN,NaN,NaN
11,NaN,NaN,NaN,NaN,NaN,NaN,NaN,NaN
1,NaN,NaN,NaN,NaN,NaN,NaN,NaN,NaN
2,NaN,NaN,NaN,NaN,NaN,NaN,NaN,NaN
3,NaN,NaN,NaN,NaN,NaN,NaN,NaN,NaN
4,NaN,NaN,NaN,NaN,NaN,NaN,NaN,NaN
5,NaN,NaN,NaN,NaN,NaN,NaN,NaN,NaN
6,NaN,NaN,NaN,NaN,NaN,NaN,NaN,NaN
7,NaN,NaN,NaN,NaN,NaN,NaN,NaN,NaN
8,NaN,NaN,NaN,NaN,NaN,NaN,NaN,NaN
9,NaN,NaN,NaN,NaN,NaN,NaN,NaN,NaN
10,NaN,NaN,NaN,NaN,NaN,NaN,NaN,NaN
11,NaN,NaN,NaN,NaN,NaN,NaN,NaN,NaN
1,NaN,NaN,NaN,NaN,NaN,NaN,NaN,NaN
2,NaN,NaN,NaN,NaN,NaN,NaN,NaN,NaN
3,NaN,NaN,NaN,NaN,NaN,NaN,NaN,NaN
4,NaN,NaN,NaN,NaN,NaN,NaN,NaN,NaN
5,NaN,NaN,NaN,NaN,NaN,NaN,NaN,NaN
6,NaN,NaN,NaN,NaN,NaN,NaN,NaN,NaN
7,NaN,NaN,NaN,NaN,NaN,NaN,NaN,NaN
8,NaN,NaN,NaN,NaN,NaN,NaN,NaN,NaN
9,NaN,NaN,NaN,NaN,NaN,NaN,NaN,NaN
10,NaN,NaN,NaN,NaN,NaN,NaN,NaN,NaN
11,NaN,NaN,NaN,NaN,NaN,NaN,NaN,NaN
1,NaN,NaN,NaN,NaN,NaN,NaN,NaN,NaN
2,NaN,NaN,NaN,NaN,NaN,NaN,NaN,NaN
3,NaN,NaN,NaN,NaN,NaN,NaN,NaN,NaN
4,NaN,NaN,NaN,NaN,NaN,NaN,NaN,NaN
5,NaN,NaN,NaN,NaN,NaN,NaN,NaN,NaN
6,NaN,NaN,NaN,NaN,NaN,NaN,NaN,NaN
7,NaN,NaN,NaN,NaN,NaN,NaN,NaN,NaN
8,NaN,NaN,NaN,NaN,NaN,NaN,NaN,NaN
9,NaN,NaN,NaN,NaN,NaN,NaN,NaN,NaN
10,NaN,NaN,NaN,NaN,NaN,NaN,NaN,NaN
11,NaN,NaN,NaN,NaN,NaN,NaN,NaN,NaN
1,NaN,NaN,NaN,NaN,NaN,NaN,NaN,NaN
2,NaN,NaN,NaN,NaN,NaN,NaN,NaN,NaN
3,NaN,NaN,NaN,NaN,NaN,NaN,NaN,NaN
4,NaN,NaN,NaN,NaN,NaN,NaN,NaN,NaN
5,NaN,NaN,NaN,NaN,NaN,NaN,NaN,NaN
6,NaN,NaN,NaN,NaN,NaN,NaN,NaN,NaN
7,NaN,NaN,NaN,NaN,NaN,NaN,NaN,NaN
8,NaN,NaN,NaN,NaN,NaN,NaN,NaN,NaN
9,NaN,NaN,NaN,NaN,NaN,NaN,NaN,NaN
10,NaN,NaN,NaN,NaN,NaN,NaN,NaN,NaN
11,NaN,NaN,NaN,NaN,NaN,NaN,NaN,NaN
1,NaN,NaN,NaN,NaN,NaN,NaN,NaN,NaN
2,NaN,NaN,NaN,NaN,NaN,NaN,NaN,NaN
3,NaN,NaN,NaN,NaN,NaN,NaN,NaN,NaN
4,NaN,NaN,NaN,NaN,NaN,NaN,NaN,NaN
5,NaN,NaN,NaN,NaN,NaN,NaN,NaN,NaN
6,NaN,NaN,NaN,NaN,NaN,NaN,NaN,NaN
7,NaN,NaN,NaN,NaN,NaN,NaN,NaN,NaN
8,NaN,NaN,NaN,NaN,NaN,NaN,NaN,NaN
9,NaN,NaN,NaN,NaN,NaN,NaN,NaN,NaN
10,NaN,NaN,NaN,NaN,NaN,NaN,NaN,NaN
11,NaN,NaN,NaN,NaN,NaN,NaN,NaN,NaN
1,NaN,NaN,NaN,NaN,NaN,NaN,NaN,NaN
2,NaN,NaN,NaN,NaN,NaN,NaN,NaN,NaN
3,NaN,NaN,NaN,NaN,NaN,NaN,NaN,NaN
4,NaN,NaN,NaN,NaN,NaN,NaN,NaN,NaN
5,NaN,NaN,NaN,NaN,NaN,NaN,NaN,NaN
6,NaN,NaN,NaN,NaN,NaN,NaN,NaN,NaN
7,NaN,NaN,NaN,NaN,NaN,NaN,NaN,NaN
8,NaN,NaN,NaN,NaN,NaN,NaN,NaN,NaN
9,NaN,NaN,NaN,NaN,NaN,NaN,NaN,NaN
10,NaN,NaN,NaN,NaN,NaN,NaN,NaN,NaN
11,NaN,NaN,NaN,NaN,NaN,NaN,NaN,NaN
1,NaN,NaN,NaN,NaN,NaN,NaN,NaN,NaN
2,NaN,NaN,NaN,NaN,NaN,NaN,NaN,NaN
3,NaN,NaN,NaN,NaN,NaN,NaN,NaN,NaN
4,NaN,NaN,NaN,NaN,NaN,NaN,NaN,NaN
5,NaN,NaN,NaN,NaN,NaN,NaN,NaN,NaN
6,NaN,NaN,NaN,NaN,NaN,NaN,NaN,NaN
7,NaN,NaN,NaN,NaN,NaN,NaN,NaN,NaN
8,NaN,NaN,NaN,NaN,NaN,NaN,NaN,NaN
9,NaN,NaN,NaN,NaN,NaN,NaN,NaN,NaN
10,NaN,NaN,NaN,NaN,NaN,NaN,NaN,NaN
11,NaN,NaN,NaN,NaN,NaN,NaN,NaN,NaN
1,NaN,NaN,NaN,NaN,NaN,NaN,NaN,NaN
2,NaN,NaN,NaN,NaN,NaN,NaN,NaN,NaN
3,NaN,NaN,NaN,NaN,NaN,NaN,NaN,NaN
4,NaN,NaN,NaN,NaN,NaN,NaN,NaN,NaN
5,NaN,NaN,NaN,NaN,NaN,NaN,NaN,NaN
6,NaN,NaN,NaN,NaN,NaN,NaN,NaN,NaN
7,NaN,NaN,NaN,NaN,NaN,NaN,NaN,NaN
8,NaN,NaN,NaN,NaN,NaN,NaN,NaN,NaN
9,NaN,NaN,NaN,NaN,NaN,NaN,NaN,NaN
10,NaN,NaN,NaN,NaN,NaN,NaN,NaN,NaN
11,NaN,NaN,NaN,NaN,NaN,NaN,NaN,NaN
1,NaN,NaN,NaN,NaN,NaN,NaN,NaN,NaN
2,NaN,NaN,NaN,NaN,NaN,NaN,NaN,NaN
3,NaN,NaN,NaN,NaN,NaN,NaN,NaN,NaN
4,NaN,NaN,NaN,NaN,NaN,NaN,NaN,NaN
5,NaN,NaN,NaN,NaN,NaN,NaN,NaN,NaN
6,NaN,NaN,NaN,NaN,NaN,NaN,NaN,NaN
7,NaN,NaN,NaN,NaN,NaN,NaN,NaN,NaN
8,NaN,NaN,NaN,NaN,NaN,NaN,NaN,NaN
9,NaN,NaN,NaN,NaN,NaN,NaN,NaN,NaN
10,NaN,NaN,NaN,NaN,NaN,NaN,NaN,NaN
11,NaN,NaN,NaN,NaN,NaN,NaN,NaN,NaN
1,NaN,NaN,NaN,NaN,NaN,NaN,NaN,NaN
2,NaN,NaN,NaN,NaN,NaN,NaN,NaN,NaN
3,NaN,NaN,NaN,NaN,NaN,NaN,NaN,NaN
4,NaN,NaN,NaN,NaN,NaN,NaN,NaN,NaN
5,NaN,NaN,NaN,NaN,NaN,NaN,NaN,NaN
6,NaN,NaN,NaN,NaN,NaN,NaN,NaN,NaN
7,NaN,NaN,NaN,NaN,NaN,NaN,NaN,NaN
8,NaN,NaN,NaN,NaN,NaN,NaN,NaN,NaN
9,NaN,NaN,NaN,NaN,NaN,NaN,NaN,NaN
10,NaN,NaN,NaN,NaN,NaN,NaN,NaN,NaN
11,NaN,NaN,NaN,NaN,NaN,NaN,NaN,NaN
1,NaN,NaN,NaN,NaN,NaN,NaN,NaN,NaN
2,NaN,NaN,NaN,NaN,NaN,NaN,NaN,NaN
3,NaN,NaN,NaN,NaN,NaN,NaN,NaN,NaN
4,NaN,NaN,NaN,NaN,NaN,NaN,NaN,NaN
5,NaN,NaN,NaN,NaN,NaN,NaN,NaN,NaN
6,NaN,NaN,NaN,NaN,NaN,NaN,NaN,NaN
7,NaN,NaN,NaN,NaN,NaN,NaN,NaN,NaN
8,NaN,NaN,NaN,NaN,NaN,NaN,NaN,NaN
9,NaN,NaN,NaN,NaN,NaN,NaN,NaN,NaN
10,NaN,NaN,NaN,NaN,NaN,NaN,NaN,NaN
11,NaN,NaN,NaN,NaN,NaN,NaN,NaN,NaN
1,NaN,NaN,NaN,NaN,NaN,NaN,NaN,NaN
2,NaN,NaN,NaN,NaN,NaN,NaN,NaN,NaN
3,NaN,NaN,NaN,NaN,NaN,NaN,NaN,NaN
4,NaN,NaN,NaN,NaN,NaN,NaN,NaN,NaN
5,NaN,NaN,NaN,NaN,NaN,NaN,NaN,NaN
6,NaN,NaN,NaN,NaN,NaN,NaN,NaN,NaN
7,NaN,NaN,NaN,NaN,NaN,NaN,NaN,NaN
8,NaN,NaN,NaN,NaN,NaN,NaN,NaN,NaN
9,NaN,NaN,NaN,NaN,NaN,NaN,NaN,NaN
10,NaN,NaN,NaN,NaN,NaN,NaN,NaN,NaN
11,NaN,NaN,NaN,NaN,NaN,NaN,NaN,NaN
1,NaN,NaN,NaN,NaN,NaN,NaN,NaN,NaN
2,NaN,NaN,NaN,NaN,NaN,NaN,NaN,NaN
3,NaN,NaN,NaN,NaN,NaN,NaN,NaN,NaN
4,NaN,NaN,NaN,NaN,NaN,NaN,NaN,NaN
5,NaN,NaN,NaN,NaN,NaN,NaN,NaN,NaN
6,NaN,NaN,NaN,NaN,NaN,NaN,NaN,NaN
7,NaN,NaN,NaN,NaN,NaN,NaN,NaN,NaN
8,NaN,NaN,NaN,NaN,NaN,NaN,NaN,NaN
9,NaN,NaN,NaN,NaN,NaN,NaN,NaN,NaN
10,NaN,NaN,NaN,NaN,NaN,NaN,NaN,NaN
11,NaN,NaN,NaN,NaN,NaN,NaN,NaN,NaN
1,NaN,NaN,NaN,NaN,NaN,NaN,NaN,NaN
2,NaN,NaN,NaN,NaN,NaN,NaN,NaN,NaN
3,NaN,NaN,NaN,NaN,NaN,NaN,NaN,NaN
4,NaN,NaN,NaN,NaN,NaN,NaN,NaN,NaN
5,NaN,NaN,NaN,NaN,NaN,NaN,NaN,NaN
6,NaN,NaN,NaN,NaN,NaN,NaN,NaN,NaN
7,NaN,NaN,NaN,NaN,NaN,NaN,NaN,NaN
8,NaN,NaN,NaN,NaN,NaN,NaN,NaN,NaN
9,NaN,NaN,NaN,NaN,NaN,NaN,NaN,NaN
10,NaN,NaN,NaN,NaN,NaN,NaN,NaN,NaN
11,NaN,NaN,NaN,NaN,NaN,NaN,NaN,NaN
1,NaN,NaN,NaN,NaN,NaN,NaN,NaN,NaN
2,NaN,NaN,NaN,NaN,NaN,NaN,NaN,NaN
3,NaN,NaN,NaN,NaN,NaN,NaN,NaN,NaN
4,NaN,NaN,NaN,NaN,NaN,NaN,NaN,NaN
5,NaN,NaN,NaN,NaN,NaN,NaN,NaN,NaN
6,NaN,NaN,NaN,NaN,NaN,NaN,NaN,NaN
7,NaN,NaN,NaN,NaN,NaN,NaN,NaN,NaN
8,NaN,NaN,NaN,NaN,NaN,NaN,NaN,NaN
9,NaN,NaN,NaN,NaN,NaN,NaN,NaN,NaN
10,NaN,NaN,NaN,NaN,NaN,NaN,NaN,NaN
11,NaN,NaN,NaN,NaN,NaN,NaN,NaN,NaN
1,NaN,NaN,NaN,NaN,NaN,NaN,NaN,NaN
2,NaN,NaN,NaN,NaN,NaN,NaN,NaN,NaN
3,NaN,NaN,NaN,NaN,NaN,NaN,NaN,NaN
4,NaN,NaN,NaN,NaN,NaN,NaN,NaN,NaN
5,NaN,NaN,NaN,NaN,NaN,NaN,NaN,NaN
6,NaN,NaN,NaN,NaN,NaN,NaN,NaN,NaN
7,NaN,NaN,NaN,NaN,NaN,NaN,NaN,NaN
8,NaN,NaN,NaN,NaN,NaN,NaN,NaN,NaN
9,NaN,NaN,NaN,NaN,NaN,NaN,NaN,NaN
10,NaN,NaN,NaN,NaN,NaN,NaN,NaN,NaN
11,NaN,NaN,NaN,NaN,NaN,NaN,NaN,NaN
1,NaN,NaN,NaN,NaN,NaN,NaN,NaN,NaN
2,NaN,NaN,NaN,NaN,NaN,NaN,NaN,NaN
3,NaN,NaN,NaN,NaN,NaN,NaN,NaN,NaN
4,NaN,NaN,NaN,NaN,NaN,NaN,NaN,NaN
5,NaN,NaN,NaN,NaN,NaN,NaN,NaN,NaN
6,NaN,NaN,NaN,NaN,NaN,NaN,NaN,NaN
7,NaN,NaN,NaN,NaN,NaN,NaN,NaN,NaN
8,NaN,NaN,NaN,NaN,NaN,NaN,NaN,NaN
9,NaN,NaN,NaN,NaN,NaN,NaN,NaN,NaN
10,NaN,NaN,NaN,NaN,NaN,NaN,NaN,NaN
11,NaN,NaN,NaN,NaN,NaN,NaN,NaN,NaN
1,NaN,NaN,NaN,NaN,NaN,NaN,NaN,NaN
2,NaN,NaN,NaN,NaN,NaN,NaN,NaN,NaN
3,NaN,NaN,NaN,NaN,NaN,NaN,NaN,NaN
4,NaN,NaN,NaN,NaN,NaN,NaN,NaN,NaN
5,NaN,NaN,NaN,NaN,NaN,NaN,NaN,NaN
6,NaN,NaN,NaN,NaN,NaN,NaN,NaN,NaN
7,NaN,NaN,NaN,NaN,NaN,NaN,NaN,NaN
8,NaN,NaN,NaN,NaN,NaN,NaN,NaN,NaN
9,NaN,NaN,NaN,NaN,NaN,NaN,NaN,NaN
10,NaN,NaN,NaN,NaN,NaN,NaN,NaN,NaN
11,NaN,NaN,NaN,NaN,NaN,NaN,NaN,NaN
1,NaN,NaN,NaN,NaN,NaN,NaN,NaN,NaN
2,NaN,NaN,NaN,NaN,NaN,NaN,NaN,NaN
3,NaN,NaN,NaN,NaN,NaN,NaN,NaN,NaN
4,NaN,NaN,NaN,NaN,NaN,NaN,NaN,NaN
5,NaN,NaN,NaN,NaN,NaN,NaN,NaN,NaN
6,NaN,NaN,NaN,NaN,NaN,NaN,NaN,NaN
7,NaN,NaN,NaN,NaN,NaN,NaN,NaN,NaN
8,NaN,NaN,NaN,NaN,NaN,NaN,NaN,NaN
9,NaN,NaN,NaN,NaN,NaN,NaN,NaN,NaN
10,NaN,NaN,NaN,NaN,NaN,NaN,NaN,NaN
11,NaN,NaN,NaN,NaN,NaN,NaN,NaN,NaN
1,NaN,NaN,NaN,NaN,NaN,NaN,NaN,NaN
2,NaN,NaN,NaN,NaN,NaN,NaN,NaN,NaN
3,NaN,NaN,NaN,NaN,NaN,NaN,NaN,NaN
4,NaN,NaN,NaN,NaN,NaN,NaN,NaN,NaN
5,NaN,NaN,NaN,NaN,NaN,NaN,NaN,NaN
6,NaN,NaN,NaN,NaN,NaN,NaN,NaN,NaN
7,NaN,NaN,NaN,NaN,NaN,NaN,NaN,NaN
8,NaN,NaN,NaN,NaN,NaN,NaN,NaN,NaN
9,NaN,NaN,NaN,NaN,NaN,NaN,NaN,NaN
10,NaN,NaN,NaN,NaN,NaN,NaN,NaN,NaN
11,NaN,NaN,NaN,NaN,NaN,NaN,NaN,NaN
1,NaN,NaN,NaN,NaN,NaN,NaN,NaN,NaN
2,NaN,NaN,NaN,NaN,NaN,NaN,NaN,NaN
3,NaN,NaN,NaN,NaN,NaN,NaN,NaN,NaN
4,NaN,NaN,NaN,NaN,NaN,NaN,NaN,NaN
5,NaN,NaN,NaN,NaN,NaN,NaN,NaN,NaN
6,NaN,NaN,NaN,NaN,NaN,NaN,NaN,NaN
7,NaN,NaN,NaN,NaN,NaN,NaN,NaN,NaN
8,NaN,NaN,NaN,NaN,NaN,NaN,NaN,NaN
9,NaN,NaN,NaN,NaN,NaN,NaN,NaN,NaN
10,NaN,NaN,NaN,NaN,NaN,NaN,NaN,NaN
11,NaN,NaN,NaN,NaN,NaN,NaN,NaN,NaN
1,NaN,NaN,NaN,NaN,NaN,NaN,NaN,NaN
2,NaN,NaN,NaN,NaN,NaN,NaN,NaN,NaN
3,NaN,NaN,NaN,NaN,NaN,NaN,NaN,NaN
4,NaN,NaN,NaN,NaN,NaN,NaN,NaN,NaN
5,NaN,NaN,NaN,NaN,NaN,NaN,NaN,NaN
6,NaN,NaN,NaN,NaN,NaN,NaN,NaN,NaN
7,NaN,NaN,NaN,NaN,NaN,NaN,NaN,NaN
8,NaN,NaN,NaN,NaN,NaN,NaN,NaN,NaN
9,NaN,NaN,NaN,NaN,NaN,NaN,NaN,NaN
10,NaN,NaN,NaN,NaN,NaN,NaN,NaN,NaN
11,NaN,NaN,NaN,NaN,NaN,NaN,NaN,NaN
1,NaN,NaN,NaN,NaN,NaN,NaN,NaN,NaN
2,NaN,NaN,NaN,NaN,NaN,NaN,NaN,NaN
3,NaN,NaN,NaN,NaN,NaN,NaN,NaN,NaN
4,NaN,NaN,NaN,NaN,NaN,NaN,NaN,NaN
5,NaN,NaN,NaN,NaN,NaN,NaN,NaN,NaN
6,NaN,NaN,NaN,NaN,NaN,NaN,NaN,NaN
7,NaN,NaN,NaN,NaN,NaN,NaN,NaN,NaN
8,NaN,NaN,NaN,NaN,NaN,NaN,NaN,NaN
9,NaN,NaN,NaN,NaN,NaN,NaN,NaN,NaN
10,NaN,NaN,NaN,NaN,NaN,NaN,NaN,NaN
11,NaN,NaN,NaN,NaN,NaN,NaN,NaN,NaN
1,NaN,NaN,NaN,NaN,NaN,NaN,NaN,NaN
2,NaN,NaN,NaN,NaN,NaN,NaN,NaN,NaN
3,NaN,NaN,NaN,NaN,NaN,NaN,NaN,NaN
4,NaN,NaN,NaN,NaN,NaN,NaN,NaN,NaN
5,NaN,NaN,NaN,NaN,NaN,NaN,NaN,NaN
6,NaN,NaN,NaN,NaN,NaN,NaN,NaN,NaN
7,NaN,NaN,NaN,NaN,NaN,NaN,NaN,NaN
8,NaN,NaN,NaN,NaN,NaN,NaN,NaN,NaN
9,NaN,NaN,NaN,NaN,NaN,NaN,NaN,NaN
10,NaN,NaN,NaN,NaN,NaN,NaN,NaN,NaN
11,NaN,NaN,NaN,NaN,NaN,NaN,NaN,NaN
1,NaN,NaN,NaN,NaN,NaN,NaN,NaN,NaN
2,NaN,NaN,NaN,NaN,NaN,NaN,NaN,NaN
3,NaN,NaN,NaN,NaN,NaN,NaN,NaN,NaN
4,NaN,NaN,NaN,NaN,NaN,NaN,NaN,NaN
5,NaN,NaN,NaN,NaN,NaN,NaN,NaN,NaN
6,NaN,NaN,NaN,NaN,NaN,NaN,NaN,NaN
7,NaN,NaN,NaN,NaN,NaN,NaN,NaN,NaN
8,NaN,NaN,NaN,NaN,NaN,NaN,NaN,NaN
9,NaN,NaN,NaN,NaN,NaN,NaN,NaN,NaN
10,NaN,NaN,NaN,NaN,NaN,NaN,NaN,NaN
11,NaN,NaN,NaN,NaN,NaN,NaN,NaN,NaN
1,NaN,NaN,NaN,NaN,NaN,NaN,NaN,NaN
2,NaN,NaN,NaN,NaN,NaN,NaN,NaN,NaN
3,NaN,NaN,NaN,NaN,NaN,NaN,NaN,NaN
4,NaN,NaN,NaN,NaN,NaN,NaN,NaN,NaN
5,NaN,NaN,NaN,NaN,NaN,NaN,NaN,NaN
6,NaN,NaN,NaN,NaN,NaN,NaN,NaN,NaN
7,NaN,NaN,NaN,NaN,NaN,NaN,NaN,NaN
8,NaN,NaN,NaN,NaN,NaN,NaN,NaN,NaN
9,NaN,NaN,NaN,NaN,NaN,NaN,NaN,NaN
10,NaN,NaN,NaN,NaN,NaN,NaN,NaN,NaN
11,NaN,NaN,NaN,NaN,NaN,NaN,NaN,NaN
1,NaN,NaN,NaN,NaN,NaN,NaN,NaN,NaN
2,NaN,NaN,NaN,NaN,NaN,NaN,NaN,NaN
3,NaN,NaN,NaN,NaN,NaN,NaN,NaN,NaN
4,NaN,NaN,NaN,NaN,NaN,NaN,NaN,NaN
5,NaN,NaN,NaN,NaN,NaN,NaN,NaN,NaN
6,NaN,NaN,NaN,NaN,NaN,NaN,NaN,NaN
7,NaN,NaN,NaN,NaN,NaN,NaN,NaN,NaN
8,NaN,NaN,NaN,NaN,NaN,NaN,NaN,NaN
9,NaN,NaN,NaN,NaN,NaN,NaN,NaN,NaN
10,NaN,NaN,NaN,NaN,NaN,NaN,NaN,NaN
11,NaN,NaN,NaN,NaN,NaN,NaN,NaN,NaN
1,NaN,NaN,NaN,NaN,NaN,NaN,NaN,NaN
2,NaN,NaN,NaN,NaN,NaN,NaN,NaN,NaN
3,NaN,NaN,NaN,NaN,NaN,NaN,NaN,NaN
4,NaN,NaN,NaN,NaN,NaN,NaN,NaN,NaN
5,NaN,NaN,NaN,NaN,NaN,NaN,NaN,NaN
6,NaN,NaN,NaN,NaN,NaN,NaN,NaN,NaN
7,NaN,NaN,NaN,NaN,NaN,NaN,NaN,NaN
8,NaN,NaN,NaN,NaN,NaN,NaN,NaN,NaN
9,NaN,NaN,NaN,NaN,NaN,NaN,NaN,NaN
10,NaN,NaN,NaN,NaN,NaN,NaN,NaN,NaN
11,NaN,NaN,NaN,NaN,NaN,NaN,NaN,NaN
1,NaN,NaN,NaN,NaN,NaN,NaN,NaN,NaN
2,NaN,NaN,NaN,NaN,NaN,NaN,NaN,NaN
3,NaN,NaN,NaN,NaN,NaN,NaN,NaN,NaN
4,NaN,NaN,NaN,NaN,NaN,NaN,NaN,NaN
5,NaN,NaN,NaN,NaN,NaN,NaN,NaN,NaN
6,NaN,NaN,NaN,NaN,NaN,NaN,NaN,NaN
7,NaN,NaN,NaN,NaN,NaN,NaN,NaN,NaN
8,NaN,NaN,NaN,NaN,NaN,NaN,NaN,NaN
9,NaN,NaN,NaN,NaN,NaN,NaN,NaN,NaN
10,NaN,NaN,NaN,NaN,NaN,NaN,NaN,NaN
11,NaN,NaN,NaN,NaN,NaN,NaN,NaN,NaN
1,NaN,NaN,NaN,NaN,NaN,NaN,NaN,NaN
2,NaN,NaN,NaN,NaN,NaN,NaN,NaN,NaN
3,NaN,NaN,NaN,NaN,NaN,NaN,NaN,NaN
4,NaN,NaN,NaN,NaN,NaN,NaN,NaN,NaN
5,NaN,NaN,NaN,NaN,NaN,NaN,NaN,NaN
6,NaN,NaN,NaN,NaN,NaN,NaN,NaN,NaN
7,NaN,NaN,NaN,NaN,NaN,NaN,NaN,NaN
8,NaN,NaN,NaN,NaN,NaN,NaN,NaN,NaN
9,NaN,NaN,NaN,NaN,NaN,NaN,NaN,NaN
10,NaN,NaN,NaN,NaN,NaN,NaN,NaN,NaN
11,NaN,NaN,NaN,NaN,NaN,NaN,NaN,NaN
1,NaN,NaN,NaN,NaN,NaN,NaN,NaN,NaN
2,NaN,NaN,NaN,NaN,NaN,NaN,NaN,NaN
3,NaN,NaN,NaN,NaN,NaN,NaN,NaN,NaN
4,NaN,NaN,NaN,NaN,NaN,NaN,NaN,NaN
5,NaN,NaN,NaN,NaN,NaN,NaN,NaN,NaN
6,NaN,NaN,NaN,NaN,NaN,NaN,NaN,NaN
7,NaN,NaN,NaN,NaN,NaN,NaN,NaN,NaN
8,NaN,NaN,NaN,NaN,NaN,NaN,NaN,NaN
9,NaN,NaN,NaN,NaN,NaN,NaN,NaN,NaN
10,NaN,NaN,NaN,NaN,NaN,NaN,NaN,NaN
11,NaN,NaN,NaN,NaN,NaN,NaN,NaN,NaN
1,NaN,NaN,NaN,NaN,NaN,NaN,NaN,NaN
2,NaN,NaN,NaN,NaN,NaN,NaN,NaN,NaN
3,NaN,NaN,NaN,NaN,NaN,NaN,NaN,NaN
4,NaN,NaN,NaN,NaN,NaN,NaN,NaN,NaN
5,NaN,NaN,NaN,NaN,NaN,NaN,NaN,NaN
6,NaN,NaN,NaN,NaN,NaN,NaN,NaN,NaN
7,NaN,NaN,NaN,NaN,NaN,NaN,NaN,NaN
8,NaN,NaN,NaN,NaN,NaN,NaN,NaN,NaN
9,NaN,NaN,NaN,NaN,NaN,NaN,NaN,NaN
10,NaN,NaN,NaN,NaN,NaN,NaN,NaN,NaN
11,NaN,NaN,NaN,NaN,NaN,NaN,NaN,NaN
1,NaN,NaN,NaN,NaN,NaN,NaN,NaN,NaN
2,NaN,NaN,NaN,NaN,NaN,NaN,NaN,NaN
3,NaN,NaN,NaN,NaN,NaN,NaN,NaN,NaN
4,NaN,NaN,NaN,NaN,NaN,NaN,NaN,NaN
5,NaN,NaN,NaN,NaN,NaN,NaN,NaN,NaN
6,NaN,NaN,NaN,NaN,NaN,NaN,NaN,NaN
7,NaN,NaN,NaN,NaN,NaN,NaN,NaN,NaN
8,NaN,NaN,NaN,NaN,NaN,NaN,NaN,NaN
9,NaN,NaN,NaN,NaN,NaN,NaN,NaN,NaN
10,NaN,NaN,NaN,NaN,NaN,NaN,NaN,NaN
11,NaN,NaN,NaN,NaN,NaN,NaN,NaN,NaN
1,NaN,NaN,NaN,NaN,NaN,NaN,NaN,NaN
2,NaN,NaN,NaN,NaN,NaN,NaN,NaN,NaN
3,NaN,NaN,NaN,NaN,NaN,NaN,NaN,NaN
4,NaN,NaN,NaN,NaN,NaN,NaN,NaN,NaN
5,NaN,NaN,NaN,NaN,NaN,NaN,NaN,NaN
6,NaN,NaN,NaN,NaN,NaN,NaN,NaN,NaN
7,NaN,NaN,NaN,NaN,NaN,NaN,NaN,NaN
8,NaN,NaN,NaN,NaN,NaN,NaN,NaN,NaN
9,NaN,NaN,NaN,NaN,NaN,NaN,NaN,NaN
10,NaN,NaN,NaN,NaN,NaN,NaN,NaN,NaN
11,NaN,NaN,NaN,NaN,NaN,NaN,NaN,NaN
1,NaN,NaN,NaN,NaN,NaN,NaN,NaN,NaN
2,NaN,NaN,NaN,NaN,NaN,NaN,NaN,NaN
3,NaN,NaN,NaN,NaN,NaN,NaN,NaN,NaN
4,NaN,NaN,NaN,NaN,NaN,NaN,NaN,NaN
5,NaN,NaN,NaN,NaN,NaN,NaN,NaN,NaN
6,NaN,NaN,NaN,NaN,NaN,NaN,NaN,NaN
7,NaN,NaN,NaN,NaN,NaN,NaN,NaN,NaN
8,NaN,NaN,NaN,NaN,NaN,NaN,NaN,NaN
9,NaN,NaN,NaN,NaN,NaN,NaN,NaN,NaN
10,NaN,NaN,NaN,NaN,NaN,NaN,NaN,NaN
11,NaN,NaN,NaN,NaN,NaN,NaN,NaN,NaN
1,NaN,NaN,NaN,NaN,NaN,NaN,NaN,NaN
2,NaN,NaN,NaN,NaN,NaN,NaN,NaN,NaN
3,NaN,NaN,NaN,NaN,NaN,NaN,NaN,NaN
4,NaN,NaN,NaN,NaN,NaN,NaN,NaN,NaN
5,NaN,NaN,NaN,NaN,NaN,NaN,NaN,NaN
6,NaN,NaN,NaN,NaN,NaN,NaN,NaN,NaN
7,NaN,NaN,NaN,NaN,NaN,NaN,NaN,NaN
8,NaN,NaN,NaN,NaN,NaN,NaN,NaN,NaN
9,NaN,NaN,NaN,NaN,NaN,NaN,NaN,NaN
10,NaN,NaN,NaN,NaN,NaN,NaN,NaN,NaN
11,NaN,NaN,NaN,NaN,NaN,NaN,NaN,NaN
1,NaN,NaN,NaN,NaN,NaN,NaN,NaN,NaN
2,NaN,NaN,NaN,NaN,NaN,NaN,NaN,NaN
3,NaN,NaN,NaN,NaN,NaN,NaN,NaN,NaN
4,NaN,NaN,NaN,NaN,NaN,NaN,NaN,NaN
5,NaN,NaN,NaN,NaN,NaN,NaN,NaN,NaN
6,NaN,NaN,NaN,NaN,NaN,NaN,NaN,NaN
7,NaN,NaN,NaN,NaN,NaN,NaN,NaN,NaN
8,NaN,NaN,NaN,NaN,NaN,NaN,NaN,NaN
9,NaN,NaN,NaN,NaN,NaN,NaN,NaN,NaN
10,NaN,NaN,NaN,NaN,NaN,NaN,NaN,NaN
11,NaN,NaN,NaN,NaN,NaN,NaN,NaN,NaN
1,NaN,NaN,NaN,NaN,NaN,NaN,NaN,NaN
2,NaN,NaN,NaN,NaN,NaN,NaN,NaN,NaN
3,NaN,NaN,NaN,NaN,NaN,NaN,NaN,NaN
4,NaN,NaN,NaN,NaN,NaN,NaN,NaN,NaN
5,NaN,NaN,NaN,NaN,NaN,NaN,NaN,NaN
6,NaN,NaN,NaN,NaN,NaN,NaN,NaN,NaN
7,NaN,NaN,NaN,NaN,NaN,NaN,NaN,NaN
8,NaN,NaN,NaN,NaN,NaN,NaN,NaN,NaN
9,NaN,NaN,NaN,NaN,NaN,NaN,NaN,NaN
10,NaN,NaN,NaN,NaN,NaN,NaN,NaN,NaN
11,NaN,NaN,NaN,NaN,NaN,NaN,NaN,NaN
1,NaN,NaN,NaN,NaN,NaN,NaN,NaN,NaN
2,NaN,NaN,NaN,NaN,NaN,NaN,NaN,NaN
3,NaN,NaN,NaN,NaN,NaN,NaN,NaN,NaN
4,NaN,NaN,NaN,NaN,NaN,NaN,NaN,NaN
5,NaN,NaN,NaN,NaN,NaN,NaN,NaN,NaN
6,NaN,NaN,NaN,NaN,NaN,NaN,NaN,NaN
7,NaN,NaN,NaN,NaN,NaN,NaN,NaN,NaN
8,NaN,NaN,NaN,NaN,NaN,NaN,NaN,NaN
9,NaN,NaN,NaN,NaN,NaN,NaN,NaN,NaN
10,NaN,NaN,NaN,NaN,NaN,NaN,NaN,NaN
11,NaN,NaN,NaN,NaN,NaN,NaN,NaN,NaN
1,NaN,NaN,NaN,NaN,NaN,NaN,NaN,NaN
2,NaN,NaN,NaN,NaN,NaN,NaN,NaN,NaN
3,NaN,NaN,NaN,NaN,NaN,NaN,NaN,NaN
4,NaN,NaN,NaN,NaN,NaN,NaN,NaN,NaN
5,NaN,NaN,NaN,NaN,NaN,NaN,NaN,NaN
6,NaN,NaN,NaN,NaN,NaN,NaN,NaN,NaN
7,NaN,NaN,NaN,NaN,NaN,NaN,NaN,NaN
8,NaN,NaN,NaN,NaN,NaN,NaN,NaN,NaN
9,NaN,NaN,NaN,NaN,NaN,NaN,NaN,NaN
10,NaN,NaN,NaN,NaN,NaN,NaN,NaN,NaN
11,NaN,NaN,NaN,NaN,NaN,NaN,NaN,NaN
1,NaN,NaN,NaN,NaN,NaN,NaN,NaN,NaN
2,NaN,NaN,NaN,NaN,NaN,NaN,NaN,NaN
3,NaN,NaN,NaN,NaN,NaN,NaN,NaN,NaN
4,NaN,NaN,NaN,NaN,NaN,NaN,NaN,NaN
5,NaN,NaN,NaN,NaN,NaN,NaN,NaN,NaN
6,NaN,NaN,NaN,NaN,NaN,NaN,NaN,NaN
7,NaN,NaN,NaN,NaN,NaN,NaN,NaN,NaN
8,NaN,NaN,NaN,NaN,NaN,NaN,NaN,NaN
9,NaN,NaN,NaN,NaN,NaN,NaN,NaN,NaN
10,NaN,NaN,NaN,NaN,NaN,NaN,NaN,NaN
11,NaN,NaN,NaN,NaN,NaN,NaN,NaN,NaN
1,NaN,NaN,NaN,NaN,NaN,NaN,NaN,NaN
2,NaN,NaN,NaN,NaN,NaN,NaN,NaN,NaN
3,NaN,NaN,NaN,NaN,NaN,NaN,NaN,NaN
4,NaN,NaN,NaN,NaN,NaN,NaN,NaN,NaN
5,NaN,NaN,NaN,NaN,NaN,NaN,NaN,NaN
6,NaN,NaN,NaN,NaN,NaN,NaN,NaN,NaN
7,NaN,NaN,NaN,NaN,NaN,NaN,NaN,NaN
8,NaN,NaN,NaN,NaN,NaN,NaN,NaN,NaN
9,NaN,NaN,NaN,NaN,NaN,NaN,NaN,NaN
10,NaN,NaN,NaN,NaN,NaN,NaN,NaN,NaN
11,NaN,NaN,NaN,NaN,NaN,NaN,NaN,NaN
1,NaN,NaN,NaN,NaN,NaN,NaN,NaN,NaN
2,NaN,NaN,NaN,NaN,NaN,NaN,NaN,NaN
3,NaN,NaN,NaN,NaN,NaN,NaN,NaN,NaN
4,NaN,NaN,NaN,NaN,NaN,NaN,NaN,NaN
5,NaN,NaN,NaN,NaN,NaN,NaN,NaN,NaN
6,NaN,NaN,NaN,NaN,NaN,NaN,NaN,NaN
7,NaN,NaN,NaN,NaN,NaN,NaN,NaN,NaN
8,NaN,NaN,NaN,NaN,NaN,NaN,NaN,NaN
9,NaN,NaN,NaN,NaN,NaN,NaN,NaN,NaN
10,NaN,NaN,NaN,NaN,NaN,NaN,NaN,NaN
11,NaN,NaN,NaN,NaN,NaN,NaN,NaN,NaN
1,NaN,NaN,NaN,NaN,NaN,NaN,NaN,NaN
2,NaN,NaN,NaN,NaN,NaN,NaN,NaN,NaN
3,NaN,NaN,NaN,NaN,NaN,NaN,NaN,NaN
4,NaN,NaN,NaN,NaN,NaN,NaN,NaN,NaN
5,NaN,NaN,NaN,NaN,NaN,NaN,NaN,NaN
6,NaN,NaN,NaN,NaN,NaN,NaN,NaN,NaN
7,NaN,NaN,NaN,NaN,NaN,NaN,NaN,NaN
8,NaN,NaN,NaN,NaN,NaN,NaN,NaN,NaN
9,NaN,NaN,NaN,NaN,NaN,NaN,NaN,NaN
10,NaN,NaN,NaN,NaN,NaN,NaN,NaN,NaN
11,NaN,NaN,NaN,NaN,NaN,NaN,NaN,NaN
1,NaN,NaN,NaN,NaN,NaN,NaN,NaN,NaN
2,NaN,NaN,NaN,NaN,NaN,NaN,NaN,NaN
3,NaN,NaN,NaN,NaN,NaN,NaN,NaN,NaN
4,NaN,NaN,NaN,NaN,NaN,NaN,NaN,NaN
5,NaN,NaN,NaN,NaN,NaN,NaN,NaN,NaN
6,NaN,NaN,NaN,NaN,NaN,NaN,NaN,NaN
7,NaN,NaN,NaN,NaN,NaN,NaN,NaN,NaN
8,NaN,NaN,NaN,NaN,NaN,NaN,NaN,NaN
9,NaN,NaN,NaN,NaN,NaN,NaN,NaN,NaN
10,NaN,NaN,NaN,NaN,NaN,NaN,NaN,NaN
11,NaN,NaN,NaN,NaN,NaN,NaN,NaN,NaN
1,NaN,NaN,NaN,NaN,NaN,NaN,NaN,NaN
2,NaN,NaN,NaN,NaN,NaN,NaN,NaN,NaN
3,NaN,NaN,NaN,NaN,NaN,NaN,NaN,NaN
4,NaN,NaN,NaN,NaN,NaN,NaN,NaN,NaN
5,NaN,NaN,NaN,NaN,NaN,NaN,NaN,NaN
6,NaN,NaN,NaN,NaN,NaN,NaN,NaN,NaN
7,NaN,NaN,NaN,NaN,NaN,NaN,NaN,NaN
8,NaN,NaN,NaN,NaN,NaN,NaN,NaN,NaN
9,NaN,NaN,NaN,NaN,NaN,NaN,NaN,NaN
10,NaN,NaN,NaN,NaN,NaN,NaN,NaN,NaN
11,NaN,NaN,NaN,NaN,NaN,NaN,NaN,NaN
1,NaN,NaN,NaN,NaN,NaN,NaN,NaN,NaN
2,NaN,NaN,NaN,NaN,NaN,NaN,NaN,NaN
3,NaN,NaN,NaN,NaN,NaN,NaN,NaN,NaN
4,NaN,NaN,NaN,NaN,NaN,NaN,NaN,NaN
5,NaN,NaN,NaN,NaN,NaN,NaN,NaN,NaN
6,NaN,NaN,NaN,NaN,NaN,NaN,NaN,NaN
7,NaN,NaN,NaN,NaN,NaN,NaN,NaN,NaN
8,NaN,NaN,NaN,NaN,NaN,NaN,NaN,NaN
9,NaN,NaN,NaN,NaN,NaN,NaN,NaN,NaN
10,NaN,NaN,NaN,NaN,NaN,NaN,NaN,NaN
11,NaN,NaN,NaN,NaN,NaN,NaN,NaN,NaN
1,NaN,NaN,NaN,NaN,NaN,NaN,NaN,NaN
2,NaN,NaN,NaN,NaN,NaN,NaN,NaN,NaN
3,NaN,NaN,NaN,NaN,NaN,NaN,NaN,NaN
4,NaN,NaN,NaN,NaN,NaN,NaN,NaN,NaN
5,NaN,NaN,NaN,NaN,NaN,NaN,NaN,NaN
6,NaN,NaN,NaN,NaN,NaN,NaN,NaN,NaN
7,NaN,NaN,NaN,NaN,NaN,NaN,NaN,NaN
8,NaN,NaN,NaN,NaN,NaN,NaN,NaN,NaN
9,NaN,NaN,NaN,NaN,NaN,NaN,NaN,NaN
10,NaN,NaN,NaN,NaN,NaN,NaN,NaN,NaN
11,NaN,NaN,NaN,NaN,NaN,NaN,NaN,NaN
1,NaN,NaN,NaN,NaN,NaN,NaN,NaN,NaN
2,NaN,NaN,NaN,NaN,NaN,NaN,NaN,NaN
3,NaN,NaN,NaN,NaN,NaN,NaN,NaN,NaN
4,NaN,NaN,NaN,NaN,NaN,NaN,NaN,NaN
5,NaN,NaN,NaN,NaN,NaN,NaN,NaN,NaN
6,NaN,NaN,NaN,NaN,NaN,NaN,NaN,NaN
7,NaN,NaN,NaN,NaN,NaN,NaN,NaN,NaN
8,NaN,NaN,NaN,NaN,NaN,NaN,NaN,NaN
9,NaN,NaN,NaN,NaN,NaN,NaN,NaN,NaN
10,NaN,NaN,NaN,NaN,NaN,NaN,NaN,NaN
11,NaN,NaN,NaN,NaN,NaN,NaN,NaN,NaN
1,NaN,NaN,NaN,NaN,NaN,NaN,NaN,NaN
2,NaN,NaN,NaN,NaN,NaN,NaN,NaN,NaN
3,NaN,NaN,NaN,NaN,NaN,NaN,NaN,NaN
4,NaN,NaN,NaN,NaN,NaN,NaN,NaN,NaN
5,NaN,NaN,NaN,NaN,NaN,NaN,NaN,NaN
6,NaN,NaN,NaN,NaN,NaN,NaN,NaN,NaN
7,NaN,NaN,NaN,NaN,NaN,NaN,NaN,NaN
8,NaN,NaN,NaN,NaN,NaN,NaN,NaN,NaN
9,NaN,NaN,NaN,NaN,NaN,NaN,NaN,NaN
10,NaN,NaN,NaN,NaN,NaN,NaN,NaN,NaN
11,NaN,NaN,NaN,NaN,NaN,NaN,NaN,NaN
1,NaN,NaN,NaN,NaN,NaN,NaN,NaN,NaN
2,NaN,NaN,NaN,NaN,NaN,NaN,NaN,NaN
3,NaN,NaN,NaN,NaN,NaN,NaN,NaN,NaN
4,NaN,NaN,NaN,NaN,NaN,NaN,NaN,NaN
5,NaN,NaN,NaN,NaN,NaN,NaN,NaN,NaN
6,NaN,NaN,NaN,NaN,NaN,NaN,NaN,NaN
7,NaN,NaN,NaN,NaN,NaN,NaN,NaN,NaN
8,NaN,NaN,NaN,NaN,NaN,NaN,NaN,NaN
9,NaN,NaN,NaN,NaN,NaN,NaN,NaN,NaN
10,NaN,NaN,NaN,NaN,NaN,NaN,NaN,NaN
11,NaN,NaN,NaN,NaN,NaN,NaN,NaN,NaN
1,NaN,NaN,NaN,NaN,NaN,NaN,NaN,NaN
2,NaN,NaN,NaN,NaN,NaN,NaN,NaN,NaN
3,NaN,NaN,NaN,NaN,NaN,NaN,NaN,NaN
4,NaN,NaN,NaN,NaN,NaN,NaN,NaN,NaN
5,NaN,NaN,NaN,NaN,NaN,NaN,NaN,NaN
6,NaN,NaN,NaN,NaN,NaN,NaN,NaN,NaN
7,NaN,NaN,NaN,NaN,NaN,NaN,NaN,NaN
8,NaN,NaN,NaN,NaN,NaN,NaN,NaN,NaN
9,NaN,NaN,NaN,NaN,NaN,NaN,NaN,NaN
10,NaN,NaN,NaN,NaN,NaN,NaN,NaN,NaN
11,NaN,NaN,NaN,NaN,NaN,NaN,NaN,NaN
1,NaN,NaN,NaN,NaN,NaN,NaN,NaN,NaN
2,NaN,NaN,NaN,NaN,NaN,NaN,NaN,NaN
3,NaN,NaN,NaN,NaN,NaN,NaN,NaN,NaN
4,NaN,NaN,NaN,NaN,NaN,NaN,NaN,NaN
5,NaN,NaN,NaN,NaN,NaN,NaN,NaN,NaN
6,NaN,NaN,NaN,NaN,NaN,NaN,NaN,NaN
7,NaN,NaN,NaN,NaN,NaN,NaN,NaN,NaN
8,NaN,NaN,NaN,NaN,NaN,NaN,NaN,NaN
9,NaN,NaN,NaN,NaN,NaN,NaN,NaN,NaN
10,NaN,NaN,NaN,NaN,NaN,NaN,NaN,NaN
11,NaN,NaN,NaN,NaN,NaN,NaN,NaN,NaN
1,NaN,NaN,NaN,NaN,NaN,NaN,NaN,NaN
2,NaN,NaN,NaN,NaN,NaN,NaN,NaN,NaN
3,NaN,NaN,NaN,NaN,NaN,NaN,NaN,NaN
4,NaN,NaN,NaN,NaN,NaN,NaN,NaN,NaN
5,NaN,NaN,NaN,NaN,NaN,NaN,NaN,NaN
6,NaN,NaN,NaN,NaN,NaN,NaN,NaN,NaN
7,NaN,NaN,NaN,NaN,NaN,NaN,NaN,NaN
8,NaN,NaN,NaN,NaN,NaN,NaN,NaN,NaN
9,NaN,NaN,NaN,NaN,NaN,NaN,NaN,NaN
10,NaN,NaN,NaN,NaN,NaN,NaN,NaN,NaN
11,NaN,NaN,NaN,NaN,NaN,NaN,NaN,NaN
1,NaN,NaN,NaN,NaN,NaN,NaN,NaN,NaN
2,NaN,NaN,NaN,NaN,NaN,NaN,NaN,NaN
3,NaN,NaN,NaN,NaN,NaN,NaN,NaN,NaN
4,NaN,NaN,NaN,NaN,NaN,NaN,NaN,NaN
5,NaN,NaN,NaN,NaN,NaN,NaN,NaN,NaN
6,NaN,NaN,NaN,NaN,NaN,NaN,NaN,NaN
7,NaN,NaN,NaN,NaN,NaN,NaN,NaN,NaN
8,NaN,NaN,NaN,NaN,NaN,NaN,NaN,NaN
9,NaN,NaN,NaN,NaN,NaN,NaN,NaN,NaN
10,NaN,NaN,NaN,NaN,NaN,NaN,NaN,NaN
11,NaN,NaN,NaN,NaN,NaN,NaN,NaN,NaN
1,NaN,NaN,NaN,NaN,NaN,NaN,NaN,NaN
2,NaN,NaN,NaN,NaN,NaN,NaN,NaN,NaN
3,NaN,NaN,NaN,NaN,NaN,NaN,NaN,NaN
4,NaN,NaN,NaN,NaN,NaN,NaN,NaN,NaN
5,NaN,NaN,NaN,NaN,NaN,NaN,NaN,NaN
6,NaN,NaN,NaN,NaN,NaN,NaN,NaN,NaN
7,NaN,NaN,NaN,NaN,NaN,NaN,NaN,NaN
8,NaN,NaN,NaN,NaN,NaN,NaN,NaN,NaN
9,NaN,NaN,NaN,NaN,NaN,NaN,NaN,NaN
10,NaN,NaN,NaN,NaN,NaN,NaN,NaN,NaN
11,NaN,NaN,NaN,NaN,NaN,NaN,NaN,NaN
1,NaN,NaN,NaN,NaN,NaN,NaN,NaN,NaN
2,NaN,NaN,NaN,NaN,NaN,NaN,NaN,NaN
3,NaN,NaN,NaN,NaN,NaN,NaN,NaN,NaN
4,NaN,NaN,NaN,NaN,NaN,NaN,NaN,NaN
5,NaN,NaN,NaN,NaN,NaN,NaN,NaN,NaN
6,NaN,NaN,NaN,NaN,NaN,NaN,NaN,NaN
7,NaN,NaN,NaN,NaN,NaN,NaN,NaN,NaN
8,NaN,NaN,NaN,NaN,NaN,NaN,NaN,NaN
9,NaN,NaN,NaN,NaN,NaN,NaN,NaN,NaN
10,NaN,NaN,NaN,NaN,NaN,NaN,NaN,NaN
11,NaN,NaN,NaN,NaN,NaN,NaN,NaN,NaN
1,NaN,NaN,NaN,NaN,NaN,NaN,NaN,NaN
2,NaN,NaN,NaN,NaN,NaN,NaN,NaN,NaN
3,NaN,NaN,NaN,NaN,NaN,NaN,NaN,NaN
4,NaN,NaN,NaN,NaN,NaN,NaN,NaN,NaN
5,NaN,NaN,NaN,NaN,NaN,NaN,NaN,NaN
6,NaN,NaN,NaN,NaN,NaN,NaN,NaN,NaN
7,NaN,NaN,NaN,NaN,NaN,NaN,NaN,NaN
8,NaN,NaN,NaN,NaN,NaN,NaN,NaN,NaN
9,NaN,NaN,NaN,NaN,NaN,NaN,NaN,NaN
10,NaN,NaN,NaN,NaN,NaN,NaN,NaN,NaN
11,NaN,NaN,NaN,NaN,NaN,NaN,NaN,NaN
1,NaN,NaN,NaN,NaN,NaN,NaN,NaN,NaN
2,NaN,NaN,NaN,NaN,NaN,NaN,NaN,NaN
3,NaN,NaN,NaN,NaN,NaN,NaN,NaN,NaN
4,NaN,NaN,NaN,NaN,NaN,NaN,NaN,NaN
5,NaN,NaN,NaN,NaN,NaN,NaN,NaN,NaN
6,NaN,NaN,NaN,NaN,NaN,NaN,NaN,NaN
7,NaN,NaN,NaN,NaN,NaN,NaN,NaN,NaN
8,NaN,NaN,NaN,NaN,NaN,NaN,NaN,NaN
9,NaN,NaN,NaN,NaN,NaN,NaN,NaN,NaN
10,NaN,NaN,NaN,NaN,NaN,NaN,NaN,NaN
11,NaN,NaN,NaN,NaN,NaN,NaN,NaN,NaN
1,NaN,NaN,NaN,NaN,NaN,NaN,NaN,NaN
2,NaN,NaN,NaN,NaN,NaN,NaN,NaN,NaN
3,NaN,NaN,NaN,NaN,NaN,NaN,NaN,NaN
4,NaN,NaN,NaN,NaN,NaN,NaN,NaN,NaN
5,NaN,NaN,NaN,NaN,NaN,NaN,NaN,NaN
6,NaN,NaN,NaN,NaN,NaN,NaN,NaN,NaN
7,NaN,NaN,NaN,NaN,NaN,NaN,NaN,NaN
8,NaN,NaN,NaN,NaN,NaN,NaN,NaN,NaN
9,NaN,NaN,NaN,NaN,NaN,NaN,NaN,NaN
10,NaN,NaN,NaN,NaN,NaN,NaN,NaN,NaN
11,NaN,NaN,NaN,NaN,NaN,NaN,NaN,NaN
1,NaN,NaN,NaN,NaN,NaN,NaN,NaN,NaN
2,NaN,NaN,NaN,NaN,NaN,NaN,NaN,NaN
3,NaN,NaN,NaN,NaN,NaN,NaN,NaN,NaN
4,NaN,NaN,NaN,NaN,NaN,NaN,NaN,NaN
5,NaN,NaN,NaN,NaN,NaN,NaN,NaN,NaN
6,NaN,NaN,NaN,NaN,NaN,NaN,NaN,NaN
7,NaN,NaN,NaN,NaN,NaN,NaN,NaN,NaN
8,NaN,NaN,NaN,NaN,NaN,NaN,NaN,NaN
9,NaN,NaN,NaN,NaN,NaN,NaN,NaN,NaN
10,NaN,NaN,NaN,NaN,NaN,NaN,NaN,NaN
11,NaN,NaN,NaN,NaN,NaN,NaN,NaN,NaN
1,NaN,NaN,NaN,NaN,NaN,NaN,NaN,NaN
2,NaN,NaN,NaN,NaN,NaN,NaN,NaN,NaN
3,NaN,NaN,NaN,NaN,NaN,NaN,NaN,NaN
4,NaN,NaN,NaN,NaN,NaN,NaN,NaN,NaN
5,NaN,NaN,NaN,NaN,NaN,NaN,NaN,NaN
6,NaN,NaN,NaN,NaN,NaN,NaN,NaN,NaN
7,NaN,NaN,NaN,NaN,NaN,NaN,NaN,NaN
8,NaN,NaN,NaN,NaN,NaN,NaN,NaN,NaN
9,NaN,NaN,NaN,NaN,NaN,NaN,NaN,NaN
10,NaN,NaN,NaN,NaN,NaN,NaN,NaN,NaN
11,NaN,NaN,NaN,NaN,NaN,NaN,NaN,NaN
1,NaN,NaN,NaN,NaN,NaN,NaN,NaN,NaN
2,NaN,NaN,NaN,NaN,NaN,NaN,NaN,NaN
3,NaN,NaN,NaN,NaN,NaN,NaN,NaN,NaN
4,NaN,NaN,NaN,NaN,NaN,NaN,NaN,NaN
5,NaN,NaN,NaN,NaN,NaN,NaN,NaN,NaN
6,NaN,NaN,NaN,NaN,NaN,NaN,NaN,NaN
7,NaN,NaN,NaN,NaN,NaN,NaN,NaN,NaN
8,NaN,NaN,NaN,NaN,NaN,NaN,NaN,NaN
9,NaN,NaN,NaN,NaN,NaN,NaN,NaN,NaN
10,NaN,NaN,NaN,NaN,NaN,NaN,NaN,NaN
11,NaN,NaN,NaN,NaN,NaN,NaN,NaN,NaN
1,NaN,NaN,NaN,NaN,NaN,NaN,NaN,NaN
2,NaN,NaN,NaN,NaN,NaN,NaN,NaN,NaN
3,NaN,NaN,NaN,NaN,NaN,NaN,NaN,NaN
4,NaN,NaN,NaN,NaN,NaN,NaN,NaN,NaN
5,NaN,NaN,NaN,NaN,NaN,NaN,NaN,NaN
6,NaN,NaN,NaN,NaN,NaN,NaN,NaN,NaN
7,NaN,NaN,NaN,NaN,NaN,NaN,NaN,NaN
8,NaN,NaN,NaN,NaN,NaN,NaN,NaN,NaN
9,NaN,NaN,NaN,NaN,NaN,NaN,NaN,NaN
10,NaN,NaN,NaN,NaN,NaN,NaN,NaN,NaN
11,NaN,NaN,NaN,NaN,NaN,NaN,NaN,NaN
1,NaN,NaN,NaN,NaN,NaN,NaN,NaN,NaN
2,NaN,NaN,NaN,NaN,NaN,NaN,NaN,NaN
3,NaN,NaN,NaN,NaN,NaN,NaN,NaN,NaN
4,NaN,NaN,NaN,NaN,NaN,NaN,NaN,NaN
5,NaN,NaN,NaN,NaN,NaN,NaN,NaN,NaN
6,NaN,NaN,NaN,NaN,NaN,NaN,NaN,NaN
7,NaN,NaN,NaN,NaN,NaN,NaN,NaN,NaN
8,NaN,NaN,NaN,NaN,NaN,NaN,NaN,NaN
9,NaN,NaN,NaN,NaN,NaN,NaN,NaN,NaN
10,NaN,NaN,NaN,NaN,NaN,NaN,NaN,NaN
11,NaN,NaN,NaN,NaN,NaN,NaN,NaN,NaN
1,NaN,NaN,NaN,NaN,NaN,NaN,NaN,NaN
2,NaN,NaN,NaN,NaN,NaN,NaN,NaN,NaN
3,NaN,NaN,NaN,NaN,NaN,NaN,NaN,NaN
4,NaN,NaN,NaN,NaN,NaN,NaN,NaN,NaN
5,NaN,NaN,NaN,NaN,NaN,NaN,NaN,NaN
6,NaN,NaN,NaN,NaN,NaN,NaN,NaN,NaN
7,NaN,NaN,NaN,NaN,NaN,NaN,NaN,NaN
8,NaN,NaN,NaN,NaN,NaN,NaN,NaN,NaN
9,NaN,NaN,NaN,NaN,NaN,NaN,NaN,NaN
10,NaN,NaN,NaN,NaN,NaN,NaN,NaN,NaN
11,NaN,NaN,NaN,NaN,NaN,NaN,NaN,NaN
1,NaN,NaN,NaN,NaN,NaN,NaN,NaN,NaN
2,NaN,NaN,NaN,NaN,NaN,NaN,NaN,NaN
3,NaN,NaN,NaN,NaN,NaN,NaN,NaN,NaN
4,NaN,NaN,NaN,NaN,NaN,NaN,NaN,NaN
5,NaN,NaN,NaN,NaN,NaN,NaN,NaN,NaN
6,NaN,NaN,NaN,NaN,NaN,NaN,NaN,NaN
7,NaN,NaN,NaN,NaN,NaN,NaN,NaN,NaN
8,NaN,NaN,NaN,NaN,NaN,NaN,NaN,NaN
9,NaN,NaN,NaN,NaN,NaN,NaN,NaN,NaN
10,NaN,NaN,NaN,NaN,NaN,NaN,NaN,NaN
11,NaN,NaN,NaN,NaN,NaN,NaN,NaN,NaN
1,NaN,NaN,NaN,NaN,NaN,NaN,NaN,NaN
2,NaN,NaN,NaN,NaN,NaN,NaN,NaN,NaN
3,NaN,NaN,NaN,NaN,NaN,NaN,NaN,NaN
4,NaN,NaN,NaN,NaN,NaN,NaN,NaN,NaN
5,NaN,NaN,NaN,NaN,NaN,NaN,NaN,NaN
6,NaN,NaN,NaN,NaN,NaN,NaN,NaN,NaN
7,NaN,NaN,NaN,NaN,NaN,NaN,NaN,NaN
8,NaN,NaN,NaN,NaN,NaN,NaN,NaN,NaN
9,NaN,NaN,NaN,NaN,NaN,NaN,NaN,NaN
10,NaN,NaN,NaN,NaN,NaN,NaN,NaN,NaN
11,NaN,NaN,NaN,NaN,NaN,NaN,NaN,NaN
1,NaN,NaN,NaN,NaN,NaN,NaN,NaN,NaN
2,NaN,NaN,NaN,NaN,NaN,NaN,NaN,NaN
3,NaN,NaN,NaN,NaN,NaN,NaN,NaN,NaN
4,NaN,NaN,NaN,NaN,NaN,NaN,NaN,NaN
5,NaN,NaN,NaN,NaN,NaN,NaN,NaN,NaN
6,NaN,NaN,NaN,NaN,NaN,NaN,NaN,NaN
7,NaN,NaN,NaN,NaN,NaN,NaN,NaN,NaN
8,NaN,NaN,NaN,NaN,NaN,NaN,NaN,NaN
9,NaN,NaN,NaN,NaN,NaN,NaN,NaN,NaN
10,NaN,NaN,NaN,NaN,NaN,NaN,NaN,NaN
11,NaN,NaN,NaN,NaN,NaN,NaN,NaN,NaN
1,NaN,NaN,NaN,NaN,NaN,NaN,NaN,NaN
2,NaN,NaN,NaN,NaN,NaN,NaN,NaN,NaN
3,NaN,NaN,NaN,NaN,NaN,NaN,NaN,NaN
4,NaN,NaN,NaN,NaN,NaN,NaN,NaN,NaN
5,NaN,NaN,NaN,NaN,NaN,NaN,NaN,NaN
6,NaN,NaN,NaN,NaN,NaN,NaN,NaN,NaN
7,NaN,NaN,NaN,NaN,NaN,NaN,NaN,NaN
8,NaN,NaN,NaN,NaN,NaN,NaN,NaN,NaN
9,NaN,NaN,NaN,NaN,NaN,NaN,NaN,NaN
10,NaN,NaN,NaN,NaN,NaN,NaN,NaN,NaN
11,NaN,NaN,NaN,NaN,NaN,NaN,NaN,NaN
1,NaN,NaN,NaN,NaN,NaN,NaN,NaN,NaN
2,NaN,NaN,NaN,NaN,NaN,NaN,NaN,NaN
3,NaN,NaN,NaN,NaN,NaN,NaN,NaN,NaN
4,NaN,NaN,NaN,NaN,NaN,NaN,NaN,NaN
5,NaN,NaN,NaN,NaN,NaN,NaN,NaN,NaN
6,NaN,NaN,NaN,NaN,NaN,NaN,NaN,NaN
7,NaN,NaN,NaN,NaN,NaN,NaN,NaN,NaN
8,NaN,NaN,NaN,NaN,NaN,NaN,NaN,NaN
9,NaN,NaN,NaN,NaN,NaN,NaN,NaN,NaN
10,NaN,NaN,NaN,NaN,NaN,NaN,NaN,NaN
11,NaN,NaN,NaN,NaN,NaN,NaN,NaN,NaN
1,NaN,NaN,NaN,NaN,NaN,NaN,NaN,NaN
2,NaN,NaN,NaN,NaN,NaN,NaN,NaN,NaN
3,NaN,NaN,NaN,NaN,NaN,NaN,NaN,NaN
4,NaN,NaN,NaN,NaN,NaN,NaN,NaN,NaN
5,NaN,NaN,NaN,NaN,NaN,NaN,NaN,NaN
6,NaN,NaN,NaN,NaN,NaN,NaN,NaN,NaN
7,NaN,NaN,NaN,NaN,NaN,NaN,NaN,NaN
8,NaN,NaN,NaN,NaN,NaN,NaN,NaN,NaN
9,NaN,NaN,NaN,NaN,NaN,NaN,NaN,NaN
10,NaN,NaN,NaN,NaN,NaN,NaN,NaN,NaN
11,NaN,NaN,NaN,NaN,NaN,NaN,NaN,NaN
1,NaN,NaN,NaN,NaN,NaN,NaN,NaN,NaN
2,NaN,NaN,NaN,NaN,NaN,NaN,NaN,NaN
3,NaN,NaN,NaN,NaN,NaN,NaN,NaN,NaN
4,NaN,NaN,NaN,NaN,NaN,NaN,NaN,NaN
5,NaN,NaN,NaN,NaN,NaN,NaN,NaN,NaN
6,NaN,NaN,NaN,NaN,NaN,NaN,NaN,NaN
7,NaN,NaN,NaN,NaN,NaN,NaN,NaN,NaN
8,NaN,NaN,NaN,NaN,NaN,NaN,NaN,NaN
9,NaN,NaN,NaN,NaN,NaN,NaN,NaN,NaN
10,NaN,NaN,NaN,NaN,NaN,NaN,NaN,NaN
11,NaN,NaN,NaN,NaN,NaN,NaN,NaN,NaN
1,NaN,NaN,NaN,NaN,NaN,NaN,NaN,NaN
2,NaN,NaN,NaN,NaN,NaN,NaN,NaN,NaN
3,NaN,NaN,NaN,NaN,NaN,NaN,NaN,NaN
4,NaN,NaN,NaN,NaN,NaN,NaN,NaN,NaN
5,NaN,NaN,NaN,NaN,NaN,NaN,NaN,NaN
6,NaN,NaN,NaN,NaN,NaN,NaN,NaN,NaN
7,NaN,NaN,NaN,NaN,NaN,NaN,NaN,NaN
8,NaN,NaN,NaN,NaN,NaN,NaN,NaN,NaN
9,NaN,NaN,NaN,NaN,NaN,NaN,NaN,NaN
10,NaN,NaN,NaN,NaN,NaN,NaN,NaN,NaN
11,NaN,NaN,NaN,NaN,NaN,NaN,NaN,NaN
1,NaN,NaN,NaN,NaN,NaN,NaN,NaN,NaN
2,NaN,NaN,NaN,NaN,NaN,NaN,NaN,NaN
3,NaN,NaN,NaN,NaN,NaN,NaN,NaN,NaN
4,NaN,NaN,NaN,NaN,NaN,NaN,NaN,NaN
5,NaN,NaN,NaN,NaN,NaN,NaN,NaN,NaN
6,NaN,NaN,NaN,NaN,NaN,NaN,NaN,NaN
7,NaN,NaN,NaN,NaN,NaN,NaN,NaN,NaN
8,NaN,NaN,NaN,NaN,NaN,NaN,NaN,NaN
9,NaN,NaN,NaN,NaN,NaN,NaN,NaN,NaN
10,NaN,NaN,NaN,NaN,NaN,NaN,NaN,NaN
11,NaN,NaN,NaN,NaN,NaN,NaN,NaN,NaN
1,NaN,NaN,NaN,NaN,NaN,NaN,NaN,NaN
2,NaN,NaN,NaN,NaN,NaN,NaN,NaN,NaN
3,NaN,NaN,NaN,NaN,NaN,NaN,NaN,NaN
4,NaN,NaN,NaN,NaN,NaN,NaN,NaN,NaN
5,NaN,NaN,NaN,NaN,NaN,NaN,NaN,NaN
6,NaN,NaN,NaN,NaN,NaN,NaN,NaN,NaN
7,NaN,NaN,NaN,NaN,NaN,NaN,NaN,NaN
8,NaN,NaN,NaN,NaN,NaN,NaN,NaN,NaN
9,NaN,NaN,NaN,NaN,NaN,NaN,NaN,NaN
10,NaN,NaN,NaN,NaN,NaN,NaN,NaN,NaN
11,NaN,NaN,NaN,NaN,NaN,NaN,NaN,NaN
1,NaN,NaN,NaN,NaN,NaN,NaN,NaN,NaN
2,NaN,NaN,NaN,NaN,NaN,NaN,NaN,NaN
3,NaN,NaN,NaN,NaN,NaN,NaN,NaN,NaN
4,NaN,NaN,NaN,NaN,NaN,NaN,NaN,NaN
5,NaN,NaN,NaN,NaN,NaN,NaN,NaN,NaN
6,NaN,NaN,NaN,NaN,NaN,NaN,NaN,NaN
7,NaN,NaN,NaN,NaN,NaN,NaN,NaN,NaN
8,NaN,NaN,NaN,NaN,NaN,NaN,NaN,NaN
9,NaN,NaN,NaN,NaN,NaN,NaN,NaN,NaN
10,NaN,NaN,NaN,NaN,NaN,NaN,NaN,NaN
11,NaN,NaN,NaN,NaN,NaN,NaN,NaN,NaN
1,NaN,NaN,NaN,NaN,NaN,NaN,NaN,NaN
2,NaN,NaN,NaN,NaN,NaN,NaN,NaN,NaN
3,NaN,NaN,NaN,NaN,NaN,NaN,NaN,NaN
4,NaN,NaN,NaN,NaN,NaN,NaN,NaN,NaN
5,NaN,NaN,NaN,NaN,NaN,NaN,NaN,NaN
6,NaN,NaN,NaN,NaN,NaN,NaN,NaN,NaN
7,NaN,NaN,NaN,NaN,NaN,NaN,NaN,NaN
8,NaN,NaN,NaN,NaN,NaN,NaN,NaN,NaN
9,NaN,NaN,NaN,NaN,NaN,NaN,NaN,NaN
10,NaN,NaN,NaN,NaN,NaN,NaN,NaN,NaN
11,NaN,NaN,NaN,NaN,NaN,NaN,NaN,NaN
1,NaN,NaN,NaN,NaN,NaN,NaN,NaN,NaN
2,NaN,NaN,NaN,NaN,NaN,NaN,NaN,NaN
3,NaN,NaN,NaN,NaN,NaN,NaN,NaN,NaN
4,NaN,NaN,NaN,NaN,NaN,NaN,NaN,NaN
5,NaN,NaN,NaN,NaN,NaN,NaN,NaN,NaN
6,NaN,NaN,NaN,NaN,NaN,NaN,NaN,NaN
7,NaN,NaN,NaN,NaN,NaN,NaN,NaN,NaN
8,NaN,NaN,NaN,NaN,NaN,NaN,NaN,NaN
9,NaN,NaN,NaN,NaN,NaN,NaN,NaN,NaN
10,NaN,NaN,NaN,NaN,NaN,NaN,NaN,NaN
11,NaN,NaN,NaN,NaN,NaN,NaN,NaN,NaN
1,NaN,NaN,NaN,NaN,NaN,NaN,NaN,NaN
2,NaN,NaN,NaN,NaN,NaN,NaN,NaN,NaN
3,NaN,NaN,NaN,NaN,NaN,NaN,NaN,NaN
4,NaN,NaN,NaN,NaN,NaN,NaN,NaN,NaN
5,NaN,NaN,NaN,NaN,NaN,NaN,NaN,NaN
6,NaN,NaN,NaN,NaN,NaN,NaN,NaN,NaN
7,NaN,NaN,NaN,NaN,NaN,NaN,NaN,NaN
8,NaN,NaN,NaN,NaN,NaN,NaN,NaN,NaN
9,NaN,NaN,NaN,NaN,NaN,NaN,NaN,NaN
10,NaN,NaN,NaN,NaN,NaN,NaN,NaN,NaN
11,NaN,NaN,NaN,NaN,NaN,NaN,NaN,NaN
1,NaN,NaN,NaN,NaN,NaN,NaN,NaN,NaN
2,NaN,NaN,NaN,NaN,NaN,NaN,NaN,NaN
3,NaN,NaN,NaN,NaN,NaN,NaN,NaN,NaN
4,NaN,NaN,NaN,NaN,NaN,NaN,NaN,NaN
5,NaN,NaN,NaN,NaN,NaN,NaN,NaN,NaN
6,NaN,NaN,NaN,NaN,NaN,NaN,NaN,NaN
7,NaN,NaN,NaN,NaN,NaN,NaN,NaN,NaN
8,NaN,NaN,NaN,NaN,NaN,NaN,NaN,NaN
9,NaN,NaN,NaN,NaN,NaN,NaN,NaN,NaN
10,NaN,NaN,NaN,NaN,NaN,NaN,NaN,NaN
11,NaN,NaN,NaN,NaN,NaN,NaN,NaN,NaN
1,NaN,NaN,NaN,NaN,NaN,NaN,NaN,NaN
2,NaN,NaN,NaN,NaN,NaN,NaN,NaN,NaN
3,NaN,NaN,NaN,NaN,NaN,NaN,NaN,NaN
4,NaN,NaN,NaN,NaN,NaN,NaN,NaN,NaN
5,NaN,NaN,NaN,NaN,NaN,NaN,NaN,NaN
6,NaN,NaN,NaN,NaN,NaN,NaN,NaN,NaN
7,NaN,NaN,NaN,NaN,NaN,NaN,NaN,NaN
8,NaN,NaN,NaN,NaN,NaN,NaN,NaN,NaN
9,NaN,NaN,NaN,NaN,NaN,NaN,NaN,NaN
10,NaN,NaN,NaN,NaN,NaN,NaN,NaN,NaN
11,NaN,NaN,NaN,NaN,NaN,NaN,NaN,NaN
1,NaN,NaN,NaN,NaN,NaN,NaN,NaN,NaN
2,NaN,NaN,NaN,NaN,NaN,NaN,NaN,NaN
3,NaN,NaN,NaN,NaN,NaN,NaN,NaN,NaN
4,NaN,NaN,NaN,NaN,NaN,NaN,NaN,NaN
5,NaN,NaN,NaN,NaN,NaN,NaN,NaN,NaN
6,NaN,NaN,NaN,NaN,NaN,NaN,NaN,NaN
7,NaN,NaN,NaN,NaN,NaN,NaN,NaN,NaN
8,NaN,NaN,NaN,NaN,NaN,NaN,NaN,NaN
9,NaN,NaN,NaN,NaN,NaN,NaN,NaN,NaN
10,NaN,NaN,NaN,NaN,NaN,NaN,NaN,NaN
11,NaN,NaN,NaN,NaN,NaN,NaN,NaN,NaN
1,NaN,NaN,NaN,NaN,NaN,NaN,NaN,NaN
2,NaN,NaN,NaN,NaN,NaN,NaN,NaN,NaN
3,NaN,NaN,NaN,NaN,NaN,NaN,NaN,NaN
4,NaN,NaN,NaN,NaN,NaN,NaN,NaN,NaN
5,NaN,NaN,NaN,NaN,NaN,NaN,NaN,NaN
6,NaN,NaN,NaN,NaN,NaN,NaN,NaN,NaN
7,NaN,NaN,NaN,NaN,NaN,NaN,NaN,NaN
8,NaN,NaN,NaN,NaN,NaN,NaN,NaN,NaN
9,NaN,NaN,NaN,NaN,NaN,NaN,NaN,NaN
10,NaN,NaN,NaN,NaN,NaN,NaN,NaN,NaN
11,NaN,NaN,NaN,NaN,NaN,NaN,NaN,NaN
1,NaN,NaN,NaN,NaN,NaN,NaN,NaN,NaN
2,NaN,NaN,NaN,NaN,NaN,NaN,NaN,NaN
3,NaN,NaN,NaN,NaN,NaN,NaN,NaN,NaN
4,NaN,NaN,NaN,NaN,NaN,NaN,NaN,NaN
5,NaN,NaN,NaN,NaN,NaN,NaN,NaN,NaN
6,NaN,NaN,NaN,NaN,NaN,NaN,NaN,NaN
7,NaN,NaN,NaN,NaN,NaN,NaN,NaN,NaN
8,NaN,NaN,NaN,NaN,NaN,NaN,NaN,NaN
9,NaN,NaN,NaN,NaN,NaN,NaN,NaN,NaN
10,NaN,NaN,NaN,NaN,NaN,NaN,NaN,NaN
11,NaN,NaN,NaN,NaN,NaN,NaN,NaN,NaN
1,NaN,NaN,NaN,NaN,NaN,NaN,NaN,NaN
2,NaN,NaN,NaN,NaN,NaN,NaN,NaN,NaN
3,NaN,NaN,NaN,NaN,NaN,NaN,NaN,NaN
4,NaN,NaN,NaN,NaN,NaN,NaN,NaN,NaN
5,NaN,NaN,NaN,NaN,NaN,NaN,NaN,NaN
6,NaN,NaN,NaN,NaN,NaN,NaN,NaN,NaN
7,NaN,NaN,NaN,NaN,NaN,NaN,NaN,NaN
8,NaN,NaN,NaN,NaN,NaN,NaN,NaN,NaN
9,NaN,NaN,NaN,NaN,NaN,NaN,NaN,NaN
10,NaN,NaN,NaN,NaN,NaN,NaN,NaN,NaN
11,NaN,NaN,NaN,NaN,NaN,NaN,NaN,NaN
1,NaN,NaN,NaN,NaN,NaN,NaN,NaN,NaN
2,NaN,NaN,NaN,NaN,NaN,NaN,NaN,NaN
3,NaN,NaN,NaN,NaN,NaN,NaN,NaN,NaN
4,NaN,NaN,NaN,NaN,NaN,NaN,NaN,NaN
5,NaN,NaN,NaN,NaN,NaN,NaN,NaN,NaN
6,NaN,NaN,NaN,NaN,NaN,NaN,NaN,NaN
7,NaN,NaN,NaN,NaN,NaN,NaN,NaN,NaN
8,NaN,NaN,NaN,NaN,NaN,NaN,NaN,NaN
9,NaN,NaN,NaN,NaN,NaN,NaN,NaN,NaN
10,NaN,NaN,NaN,NaN,NaN,NaN,NaN,NaN
11,NaN,NaN,NaN,NaN,NaN,NaN,NaN,NaN
1,NaN,NaN,NaN,NaN,NaN,NaN,NaN,NaN
2,NaN,NaN,NaN,NaN,NaN,NaN,NaN,NaN
3,NaN,NaN,NaN,NaN,NaN,NaN,NaN,NaN
4,NaN,NaN,NaN,NaN,NaN,NaN,NaN,NaN
5,NaN,NaN,NaN,NaN,NaN,NaN,NaN,NaN
6,NaN,NaN,NaN,NaN,NaN,NaN,NaN,NaN
7,NaN,NaN,NaN,NaN,NaN,NaN,NaN,NaN
8,NaN,NaN,NaN,NaN,NaN,NaN,NaN,NaN
9,NaN,NaN,NaN,NaN,NaN,NaN,NaN,NaN
10,NaN,NaN,NaN,NaN,NaN,NaN,NaN,NaN
11,NaN,NaN,NaN,NaN,NaN,NaN,NaN,NaN
1,NaN,NaN,NaN,NaN,NaN,NaN,NaN,NaN
2,NaN,NaN,NaN,NaN,NaN,NaN,NaN,NaN
3,NaN,NaN,NaN,NaN,NaN,NaN,NaN,NaN
4,NaN,NaN,NaN,NaN,NaN,NaN,NaN,NaN
5,NaN,NaN,NaN,NaN,NaN,NaN,NaN,NaN
6,NaN,NaN,NaN,NaN,NaN,NaN,NaN,NaN
7,NaN,NaN,NaN,NaN,NaN,NaN,NaN,NaN
8,NaN,NaN,NaN,NaN,NaN,NaN,NaN,NaN
9,NaN,NaN,NaN,NaN,NaN,NaN,NaN,NaN
10,NaN,NaN,NaN,NaN,NaN,NaN,NaN,NaN
11,NaN,NaN,NaN,NaN,NaN,NaN,NaN,NaN
1,NaN,NaN,NaN,NaN,NaN,NaN,NaN,NaN
2,NaN,NaN,NaN,NaN,NaN,NaN,NaN,NaN
3,NaN,NaN,NaN,NaN,NaN,NaN,NaN,NaN
4,NaN,NaN,NaN,NaN,NaN,NaN,NaN,NaN
5,NaN,NaN,NaN,NaN,NaN,NaN,NaN,NaN
6,NaN,NaN,NaN,NaN,NaN,NaN,NaN,NaN
7,NaN,NaN,NaN,NaN,NaN,NaN,NaN,NaN
8,NaN,NaN,NaN,NaN,NaN,NaN,NaN,NaN
9,NaN,NaN,NaN,NaN,NaN,NaN,NaN,NaN
10,NaN,NaN,NaN,NaN,NaN,NaN,NaN,NaN
11,NaN,NaN,NaN,NaN,NaN,NaN,NaN,NaN
1,NaN,NaN,NaN,NaN,NaN,NaN,NaN,NaN
2,NaN,NaN,NaN,NaN,NaN,NaN,NaN,NaN
3,NaN,NaN,NaN,NaN,NaN,NaN,NaN,NaN
4,NaN,NaN,NaN,NaN,NaN,NaN,NaN,NaN
5,NaN,NaN,NaN,NaN,NaN,NaN,NaN,NaN
6,NaN,NaN,NaN,NaN,NaN,NaN,NaN,NaN
7,NaN,NaN,NaN,NaN,NaN,NaN,NaN,NaN
8,NaN,NaN,NaN,NaN,NaN,NaN,NaN,NaN
9,NaN,NaN,NaN,NaN,NaN,NaN,NaN,NaN
10,NaN,NaN,NaN,NaN,NaN,NaN,NaN,NaN
11,NaN,NaN,NaN,NaN,NaN,NaN,NaN,NaN
1,NaN,NaN,NaN,NaN,NaN,NaN,NaN,NaN
2,NaN,NaN,NaN,NaN,NaN,NaN,NaN,NaN
3,NaN,NaN,NaN,NaN,NaN,NaN,NaN,NaN
4,NaN,NaN,NaN,NaN,NaN,NaN,NaN,NaN
5,NaN,NaN,NaN,NaN,NaN,NaN,NaN,NaN
6,NaN,NaN,NaN,NaN,NaN,NaN,NaN,NaN
7,NaN,NaN,NaN,NaN,NaN,NaN,NaN,NaN
8,NaN,NaN,NaN,NaN,NaN,NaN,NaN,NaN
9,NaN,NaN,NaN,NaN,NaN,NaN,NaN,NaN
10,NaN,NaN,NaN,NaN,NaN,NaN,NaN,NaN
11,NaN,NaN,NaN,NaN,NaN,NaN,NaN,NaN
1,NaN,NaN,NaN,NaN,NaN,NaN,NaN,NaN
2,NaN,NaN,NaN,NaN,NaN,NaN,NaN,NaN
3,NaN,NaN,NaN,NaN,NaN,NaN,NaN,NaN
4,NaN,NaN,NaN,NaN,NaN,NaN,NaN,NaN
5,NaN,NaN,NaN,NaN,NaN,NaN,NaN,NaN
6,NaN,NaN,NaN,NaN,NaN,NaN,NaN,NaN
7,NaN,NaN,NaN,NaN,NaN,NaN,NaN,NaN
8,NaN,NaN,NaN,NaN,NaN,NaN,NaN,NaN
9,NaN,NaN,NaN,NaN,NaN,NaN,NaN,NaN
10,NaN,NaN,NaN,NaN,NaN,NaN,NaN,NaN
11,NaN,NaN,NaN,NaN,NaN,NaN,NaN,NaN
1,NaN,NaN,NaN,NaN,NaN,NaN,NaN,NaN
2,NaN,NaN,NaN,NaN,NaN,NaN,NaN,NaN
3,NaN,NaN,NaN,NaN,NaN,NaN,NaN,NaN
4,NaN,NaN,NaN,NaN,NaN,NaN,NaN,NaN
5,NaN,NaN,NaN,NaN,NaN,NaN,NaN,NaN
6,NaN,NaN,NaN,NaN,NaN,NaN,NaN,NaN
7,NaN,NaN,NaN,NaN,NaN,NaN,NaN,NaN
8,NaN,NaN,NaN,NaN,NaN,NaN,NaN,NaN
9,NaN,NaN,NaN,NaN,NaN,NaN,NaN,NaN
10,NaN,NaN,NaN,NaN,NaN,NaN,NaN,NaN
11,NaN,NaN,NaN,NaN,NaN,NaN,NaN,NaN
1,NaN,NaN,NaN,NaN,NaN,NaN,NaN,NaN
2,NaN,NaN,NaN,NaN,NaN,NaN,NaN,NaN
3,NaN,NaN,NaN,NaN,NaN,NaN,NaN,NaN
4,NaN,NaN,NaN,NaN,NaN,NaN,NaN,NaN
5,NaN,NaN,NaN,NaN,NaN,NaN,NaN,NaN
6,NaN,NaN,NaN,NaN,NaN,NaN,NaN,NaN
7,NaN,NaN,NaN,NaN,NaN,NaN,NaN,NaN
8,NaN,NaN,NaN,NaN,NaN,NaN,NaN,NaN
9,NaN,NaN,NaN,NaN,NaN,NaN,NaN,NaN
10,NaN,NaN,NaN,NaN,NaN,NaN,NaN,NaN
11,NaN,NaN,NaN,NaN,NaN,NaN,NaN,NaN
1,NaN,NaN,NaN,NaN,NaN,NaN,NaN,NaN
2,NaN,NaN,NaN,NaN,NaN,NaN,NaN,NaN
3,NaN,NaN,NaN,NaN,NaN,NaN,NaN,NaN
4,NaN,NaN,NaN,NaN,NaN,NaN,NaN,NaN
5,NaN,NaN,NaN,NaN,NaN,NaN,NaN,NaN
6,NaN,NaN,NaN,NaN,NaN,NaN,NaN,NaN
7,NaN,NaN,NaN,NaN,NaN,NaN,NaN,NaN
8,NaN,NaN,NaN,NaN,NaN,NaN,NaN,NaN
9,NaN,NaN,NaN,NaN,NaN,NaN,NaN,NaN
10,NaN,NaN,NaN,NaN,NaN,NaN,NaN,NaN
11,NaN,NaN,NaN,NaN,NaN,NaN,NaN,NaN
1,NaN,NaN,NaN,NaN,NaN,NaN,NaN,NaN
2,NaN,NaN,NaN,NaN,NaN,NaN,NaN,NaN
3,NaN,NaN,NaN,NaN,NaN,NaN,NaN,NaN
4,NaN,NaN,NaN,NaN,NaN,NaN,NaN,NaN
5,NaN,NaN,NaN,NaN,NaN,NaN,NaN,NaN
6,NaN,NaN,NaN,NaN,NaN,NaN,NaN,NaN
7,NaN,NaN,NaN,NaN,NaN,NaN,NaN,NaN
8,NaN,NaN,NaN,NaN,NaN,NaN,NaN,NaN
9,NaN,NaN,NaN,NaN,NaN,NaN,NaN,NaN
10,NaN,NaN,NaN,NaN,NaN,NaN,NaN,NaN
11,NaN,NaN,NaN,NaN,NaN,NaN,NaN,NaN
1,NaN,NaN,NaN,NaN,NaN,NaN,NaN,NaN
2,NaN,NaN,NaN,NaN,NaN,NaN,NaN,NaN
3,NaN,NaN,NaN,NaN,NaN,NaN,NaN,NaN
4,NaN,NaN,NaN,NaN,NaN,NaN,NaN,NaN
5,NaN,NaN,NaN,NaN,NaN,NaN,NaN,NaN
6,NaN,NaN,NaN,NaN,NaN,NaN,NaN,NaN
7,NaN,NaN,NaN,NaN,NaN,NaN,NaN,NaN
8,NaN,NaN,NaN,NaN,NaN,NaN,NaN,NaN
9,NaN,NaN,NaN,NaN,NaN,NaN,NaN,NaN
10,NaN,NaN,NaN,NaN,NaN,NaN,NaN,NaN
11,NaN,NaN,NaN,NaN,NaN,NaN,NaN,NaN
1,NaN,NaN,NaN,NaN,NaN,NaN,NaN,NaN
2,NaN,NaN,NaN,NaN,NaN,NaN,NaN,NaN
3,NaN,NaN,NaN,NaN,NaN,NaN,NaN,NaN
4,NaN,NaN,NaN,NaN,NaN,NaN,NaN,NaN
5,NaN,NaN,NaN,NaN,NaN,NaN,NaN,NaN
6,NaN,NaN,NaN,NaN,NaN,NaN,NaN,NaN
7,NaN,NaN,NaN,NaN,NaN,NaN,NaN,NaN
8,NaN,NaN,NaN,NaN,NaN,NaN,NaN,NaN
9,NaN,NaN,NaN,NaN,NaN,NaN,NaN,NaN
10,NaN,NaN,NaN,NaN,NaN,NaN,NaN,NaN
11,NaN,NaN,NaN,NaN,NaN,NaN,NaN,NaN
1,NaN,NaN,NaN,NaN,NaN,NaN,NaN,NaN
2,NaN,NaN,NaN,NaN,NaN,NaN,NaN,NaN
3,NaN,NaN,NaN,NaN,NaN,NaN,NaN,NaN
4,NaN,NaN,NaN,NaN,NaN,NaN,NaN,NaN
5,NaN,NaN,NaN,NaN,NaN,NaN,NaN,NaN
6,NaN,NaN,NaN,NaN,NaN,NaN,NaN,NaN
7,NaN,NaN,NaN,NaN,NaN,NaN,NaN,NaN
8,NaN,NaN,NaN,NaN,NaN,NaN,NaN,NaN
9,NaN,NaN,NaN,NaN,NaN,NaN,NaN,NaN
10,NaN,NaN,NaN,NaN,NaN,NaN,NaN,NaN
11,NaN,NaN,NaN,NaN,NaN,NaN,NaN,NaN
1,NaN,NaN,NaN,NaN,NaN,NaN,NaN,NaN
2,NaN,NaN,NaN,NaN,NaN,NaN,NaN,NaN
3,NaN,NaN,NaN,NaN,NaN,NaN,NaN,NaN
4,NaN,NaN,NaN,NaN,NaN,NaN,NaN,NaN
5,NaN,NaN,NaN,NaN,NaN,NaN,NaN,NaN
6,NaN,NaN,NaN,NaN,NaN,NaN,NaN,NaN
7,NaN,NaN,NaN,NaN,NaN,NaN,NaN,NaN
8,NaN,NaN,NaN,NaN,NaN,NaN,NaN,NaN
9,NaN,NaN,NaN,NaN,NaN,NaN,NaN,NaN
10,NaN,NaN,NaN,NaN,NaN,NaN,NaN,NaN
11,NaN,NaN,NaN,NaN,NaN,NaN,NaN,NaN
1,NaN,NaN,NaN,NaN,NaN,NaN,NaN,NaN
2,NaN,NaN,NaN,NaN,NaN,NaN,NaN,NaN
3,NaN,NaN,NaN,NaN,NaN,NaN,NaN,NaN
4,NaN,NaN,NaN,NaN,NaN,NaN,NaN,NaN
5,NaN,NaN,NaN,NaN,NaN,NaN,NaN,NaN
6,NaN,NaN,NaN,NaN,NaN,NaN,NaN,NaN
7,NaN,NaN,NaN,NaN,NaN,NaN,NaN,NaN
8,NaN,NaN,NaN,NaN,NaN,NaN,NaN,NaN
9,NaN,NaN,NaN,NaN,NaN,NaN,NaN,NaN
10,NaN,NaN,NaN,NaN,NaN,NaN,NaN,NaN
11,NaN,NaN,NaN,NaN,NaN,NaN,NaN,NaN
1,NaN,NaN,NaN,NaN,NaN,NaN,NaN,NaN
2,NaN,NaN,NaN,NaN,NaN,NaN,NaN,NaN
3,NaN,NaN,NaN,NaN,NaN,NaN,NaN,NaN
4,NaN,NaN,NaN,NaN,NaN,NaN,NaN,NaN
5,NaN,NaN,NaN,NaN,NaN,NaN,NaN,NaN
6,NaN,NaN,NaN,NaN,NaN,NaN,NaN,NaN
7,NaN,NaN,NaN,NaN,NaN,NaN,NaN,NaN
8,NaN,NaN,NaN,NaN,NaN,NaN,NaN,NaN
9,NaN,NaN,NaN,NaN,NaN,NaN,NaN,NaN
10,NaN,NaN,NaN,NaN,NaN,NaN,NaN,NaN
11,NaN,NaN,NaN,NaN,NaN,NaN,NaN,NaN
1,NaN,NaN,NaN,NaN,NaN,NaN,NaN,NaN
2,NaN,NaN,NaN,NaN,NaN,NaN,NaN,NaN
3,NaN,NaN,NaN,NaN,NaN,NaN,NaN,NaN
4,NaN,NaN,NaN,NaN,NaN,NaN,NaN,NaN
5,NaN,NaN,NaN,NaN,NaN,NaN,NaN,NaN
6,NaN,NaN,NaN,NaN,NaN,NaN,NaN,NaN
7,NaN,NaN,NaN,NaN,NaN,NaN,NaN,NaN
8,NaN,NaN,NaN,NaN,NaN,NaN,NaN,NaN
9,NaN,NaN,NaN,NaN,NaN,NaN,NaN,NaN
10,NaN,NaN,NaN,NaN,NaN,NaN,NaN,NaN
11,NaN,NaN,NaN,NaN,NaN,NaN,NaN,NaN
1,NaN,NaN,NaN,NaN,NaN,NaN,NaN,NaN
2,NaN,NaN,NaN,NaN,NaN,NaN,NaN,NaN
3,NaN,NaN,NaN,NaN,NaN,NaN,NaN,NaN
4,NaN,NaN,NaN,NaN,NaN,NaN,NaN,NaN
5,NaN,NaN,NaN,NaN,NaN,NaN,NaN,NaN
6,NaN,NaN,NaN,NaN,NaN,NaN,NaN,NaN
7,NaN,NaN,NaN,NaN,NaN,NaN,NaN,NaN
8,NaN,NaN,NaN,NaN,NaN,NaN,NaN,NaN
9,NaN,NaN,NaN,NaN,NaN,NaN,NaN,NaN
10,NaN,NaN,NaN,NaN,NaN,NaN,NaN,NaN
11,NaN,NaN,NaN,NaN,NaN,NaN,NaN,NaN
1,NaN,NaN,NaN,NaN,NaN,NaN,NaN,NaN
2,NaN,NaN,NaN,NaN,NaN,NaN,NaN,NaN
3,NaN,NaN,NaN,NaN,NaN,NaN,NaN,NaN
4,NaN,NaN,NaN,NaN,NaN,NaN,NaN,NaN
5,NaN,NaN,NaN,NaN,NaN,NaN,NaN,NaN
6,NaN,NaN,NaN,NaN,NaN,NaN,NaN,NaN
7,NaN,NaN,NaN,NaN,NaN,NaN,NaN,NaN
8,NaN,NaN,NaN,NaN,NaN,NaN,NaN,NaN
9,NaN,NaN,NaN,NaN,NaN,NaN,NaN,NaN
10,NaN,NaN,NaN,NaN,NaN,NaN,NaN,NaN
11,NaN,NaN,NaN,NaN,NaN,NaN,NaN,NaN
1,NaN,NaN,NaN,NaN,NaN,NaN,NaN,NaN
2,NaN,NaN,NaN,NaN,NaN,NaN,NaN,NaN
3,NaN,NaN,NaN,NaN,NaN,NaN,NaN,NaN
4,NaN,NaN,NaN,NaN,NaN,NaN,NaN,NaN
5,NaN,NaN,NaN,NaN,NaN,NaN,NaN,NaN
6,NaN,NaN,NaN,NaN,NaN,NaN,NaN,NaN
7,NaN,NaN,NaN,NaN,NaN,NaN,NaN,NaN
8,NaN,NaN,NaN,NaN,NaN,NaN,NaN,NaN
9,NaN,NaN,NaN,NaN,NaN,NaN,NaN,NaN
10,NaN,NaN,NaN,NaN,NaN,NaN,NaN,NaN
11,NaN,NaN,NaN,NaN,NaN,NaN,NaN,NaN
1,NaN,NaN,NaN,NaN,NaN,NaN,NaN,NaN
2,NaN,NaN,NaN,NaN,NaN,NaN,NaN,NaN
3,NaN,NaN,NaN,NaN,NaN,NaN,NaN,NaN
4,NaN,NaN,NaN,NaN,NaN,NaN,NaN,NaN
5,NaN,NaN,NaN,NaN,NaN,NaN,NaN,NaN
6,NaN,NaN,NaN,NaN,NaN,NaN,NaN,NaN
7,NaN,NaN,NaN,NaN,NaN,NaN,NaN,NaN
8,NaN,NaN,NaN,NaN,NaN,NaN,NaN,NaN
9,NaN,NaN,NaN,NaN,NaN,NaN,NaN,NaN
10,NaN,NaN,NaN,NaN,NaN,NaN,NaN,NaN
11,NaN,NaN,NaN,NaN,NaN,NaN,NaN,NaN
1,NaN,NaN,NaN,NaN,NaN,NaN,NaN,NaN
2,NaN,NaN,NaN,NaN,NaN,NaN,NaN,NaN
3,NaN,NaN,NaN,NaN,NaN,NaN,NaN,NaN
4,NaN,NaN,NaN,NaN,NaN,NaN,NaN,NaN
5,NaN,NaN,NaN,NaN,NaN,NaN,NaN,NaN
6,NaN,NaN,NaN,NaN,NaN,NaN,NaN,NaN
7,NaN,NaN,NaN,NaN,NaN,NaN,NaN,NaN
8,NaN,NaN,NaN,NaN,NaN,NaN,NaN,NaN
9,NaN,NaN,NaN,NaN,NaN,NaN,NaN,NaN
10,NaN,NaN,NaN,NaN,NaN,NaN,NaN,NaN
11,NaN,NaN,NaN,NaN,NaN,NaN,NaN,NaN
1,NaN,NaN,NaN,NaN,NaN,NaN,NaN,NaN
2,NaN,NaN,NaN,NaN,NaN,NaN,NaN,NaN
3,NaN,NaN,NaN,NaN,NaN,NaN,NaN,NaN
4,NaN,NaN,NaN,NaN,NaN,NaN,NaN,NaN
5,NaN,NaN,NaN,NaN,NaN,NaN,NaN,NaN
6,NaN,NaN,NaN,NaN,NaN,NaN,NaN,NaN
7,NaN,NaN,NaN,NaN,NaN,NaN,NaN,NaN
8,NaN,NaN,NaN,NaN,NaN,NaN,NaN,NaN
9,NaN,NaN,NaN,NaN,NaN,NaN,NaN,NaN
10,NaN,NaN,NaN,NaN,NaN,NaN,NaN,NaN
11,NaN,NaN,NaN,NaN,NaN,NaN,NaN,NaN
1,NaN,NaN,NaN,NaN,NaN,NaN,NaN,NaN
2,NaN,NaN,NaN,NaN,NaN,NaN,NaN,NaN
3,NaN,NaN,NaN,NaN,NaN,NaN,NaN,NaN
4,NaN,NaN,NaN,NaN,NaN,NaN,NaN,NaN
5,NaN,NaN,NaN,NaN,NaN,NaN,NaN,NaN
6,NaN,NaN,NaN,NaN,NaN,NaN,NaN,NaN
7,NaN,NaN,NaN,NaN,NaN,NaN,NaN,NaN
8,NaN,NaN,NaN,NaN,NaN,NaN,NaN,NaN
9,NaN,NaN,NaN,NaN,NaN,NaN,NaN,NaN
10,NaN,NaN,NaN,NaN,NaN,NaN,NaN,NaN
11,NaN,NaN,NaN,NaN,NaN,NaN,NaN,NaN
1,NaN,NaN,NaN,NaN,NaN,NaN,NaN,NaN
2,NaN,NaN,NaN,NaN,NaN,NaN,NaN,NaN
3,NaN,NaN,NaN,NaN,NaN,NaN,NaN,NaN
4,NaN,NaN,NaN,NaN,NaN,NaN,NaN,NaN
5,NaN,NaN,NaN,NaN,NaN,NaN,NaN,NaN
6,NaN,NaN,NaN,NaN,NaN,NaN,NaN,NaN
7,NaN,NaN,NaN,NaN,NaN,NaN,NaN,NaN
8,NaN,NaN,NaN,NaN,NaN,NaN,NaN,NaN
9,NaN,NaN,NaN,NaN,NaN,NaN,NaN,NaN
10,NaN,NaN,NaN,NaN,NaN,NaN,NaN,NaN
11,NaN,NaN,NaN,NaN,NaN,NaN,NaN,NaN
1,NaN,NaN,NaN,NaN,NaN,NaN,NaN,NaN
2,NaN,NaN,NaN,NaN,NaN,NaN,NaN,NaN
3,NaN,NaN,NaN,NaN,NaN,NaN,NaN,NaN
4,NaN,NaN,NaN,NaN,NaN,NaN,NaN,NaN
5,NaN,NaN,NaN,NaN,NaN,NaN,NaN,NaN
6,NaN,NaN,NaN,NaN,NaN,NaN,NaN,NaN
7,NaN,NaN,NaN,NaN,NaN,NaN,NaN,NaN
8,NaN,NaN,NaN,NaN,NaN,NaN,NaN,NaN
9,NaN,NaN,NaN,NaN,NaN,NaN,NaN,NaN
10,NaN,NaN,NaN,NaN,NaN,NaN,NaN,NaN
11,NaN,NaN,NaN,NaN,NaN,NaN,NaN,NaN
1,NaN,NaN,NaN,NaN,NaN,NaN,NaN,NaN
2,NaN,NaN,NaN,NaN,NaN,NaN,NaN,NaN
3,NaN,NaN,NaN,NaN,NaN,NaN,NaN,NaN
4,NaN,NaN,NaN,NaN,NaN,NaN,NaN,NaN
5,NaN,NaN,NaN,NaN,NaN,NaN,NaN,NaN
6,NaN,NaN,NaN,NaN,NaN,NaN,NaN,NaN
7,NaN,NaN,NaN,NaN,NaN,NaN,NaN,NaN
8,NaN,NaN,NaN,NaN,NaN,NaN,NaN,NaN
9,NaN,NaN,NaN,NaN,NaN,NaN,NaN,NaN
10,NaN,NaN,NaN,NaN,NaN,NaN,NaN,NaN
11,NaN,NaN,NaN,NaN,NaN,NaN,NaN,NaN
1,NaN,NaN,NaN,NaN,NaN,NaN,NaN,NaN
2,NaN,NaN,NaN,NaN,NaN,NaN,NaN,NaN
3,NaN,NaN,NaN,NaN,NaN,NaN,NaN,NaN
4,NaN,NaN,NaN,NaN,NaN,NaN,NaN,NaN
5,NaN,NaN,NaN,NaN,NaN,NaN,NaN,NaN
6,NaN,NaN,NaN,NaN,NaN,NaN,NaN,NaN
7,NaN,NaN,NaN,NaN,NaN,NaN,NaN,NaN
8,NaN,NaN,NaN,NaN,NaN,NaN,NaN,NaN
9,NaN,NaN,NaN,NaN,NaN,NaN,NaN,NaN
10,NaN,NaN,NaN,NaN,NaN,NaN,NaN,NaN
11,NaN,NaN,NaN,NaN,NaN,NaN,NaN,NaN
1,NaN,NaN,NaN,NaN,NaN,NaN,NaN,NaN
2,NaN,NaN,NaN,NaN,NaN,NaN,NaN,NaN
3,NaN,NaN,NaN,NaN,NaN,NaN,NaN,NaN
4,NaN,NaN,NaN,NaN,NaN,NaN,NaN,NaN
5,NaN,NaN,NaN,NaN,NaN,NaN,NaN,NaN
6,NaN,NaN,NaN,NaN,NaN,NaN,NaN,NaN
7,NaN,NaN,NaN,NaN,NaN,NaN,NaN,NaN
8,NaN,NaN,NaN,NaN,NaN,NaN,NaN,NaN
9,NaN,NaN,NaN,NaN,NaN,NaN,NaN,NaN
10,NaN,NaN,NaN,NaN,NaN,NaN,NaN,NaN
11,NaN,NaN,NaN,NaN,NaN,NaN,NaN,NaN
1,NaN,NaN,NaN,NaN,NaN,NaN,NaN,NaN
2,NaN,NaN,NaN,NaN,NaN,NaN,NaN,NaN
3,NaN,NaN,NaN,NaN,NaN,NaN,NaN,NaN
4,NaN,NaN,NaN,NaN,NaN,NaN,NaN,NaN
5,NaN,NaN,NaN,NaN,NaN,NaN,NaN,NaN
6,NaN,NaN,NaN,NaN,NaN,NaN,NaN,NaN
7,NaN,NaN,NaN,NaN,NaN,NaN,NaN,NaN
8,NaN,NaN,NaN,NaN,NaN,NaN,NaN,NaN
9,NaN,NaN,NaN,NaN,NaN,NaN,NaN,NaN
10,NaN,NaN,NaN,NaN,NaN,NaN,NaN,NaN
11,NaN,NaN,NaN,NaN,NaN,NaN,NaN,NaN
1,NaN,NaN,NaN,NaN,NaN,NaN,NaN,NaN
2,NaN,NaN,NaN,NaN,NaN,NaN,NaN,NaN
3,NaN,NaN,NaN,NaN,NaN,NaN,NaN,NaN
4,NaN,NaN,NaN,NaN,NaN,NaN,NaN,NaN
5,NaN,NaN,NaN,NaN,NaN,NaN,NaN,NaN
6,NaN,NaN,NaN,NaN,NaN,NaN,NaN,NaN
7,NaN,NaN,NaN,NaN,NaN,NaN,NaN,NaN
8,NaN,NaN,NaN,NaN,NaN,NaN,NaN,NaN
9,NaN,NaN,NaN,NaN,NaN,NaN,NaN,NaN
10,NaN,NaN,NaN,NaN,NaN,NaN,NaN,NaN
11,NaN,NaN,NaN,NaN,NaN,NaN,NaN,NaN
1,NaN,NaN,NaN,NaN,NaN,NaN,NaN,NaN
2,NaN,NaN,NaN,NaN,NaN,NaN,NaN,NaN
3,NaN,NaN,NaN,NaN,NaN,NaN,NaN,NaN
4,NaN,NaN,NaN,NaN,NaN,NaN,NaN,NaN
5,NaN,NaN,NaN,NaN,NaN,NaN,NaN,NaN
6,NaN,NaN,NaN,NaN,NaN,NaN,NaN,NaN
7,NaN,NaN,NaN,NaN,NaN,NaN,NaN,NaN
8,NaN,NaN,NaN,NaN,NaN,NaN,NaN,NaN
9,NaN,NaN,NaN,NaN,NaN,NaN,NaN,NaN
10,NaN,NaN,NaN,NaN,NaN,NaN,NaN,NaN
11,NaN,NaN,NaN,NaN,NaN,NaN,NaN,NaN
1,NaN,NaN,NaN,NaN,NaN,NaN,NaN,NaN
2,NaN,NaN,NaN,NaN,NaN,NaN,NaN,NaN
3,NaN,NaN,NaN,NaN,NaN,NaN,NaN,NaN
4,NaN,NaN,NaN,NaN,NaN,NaN,NaN,NaN
5,NaN,NaN,NaN,NaN,NaN,NaN,NaN,NaN
6,NaN,NaN,NaN,NaN,NaN,NaN,NaN,NaN
7,NaN,NaN,NaN,NaN,NaN,NaN,NaN,NaN
8,NaN,NaN,NaN,NaN,NaN,NaN,NaN,NaN
9,NaN,NaN,NaN,NaN,NaN,NaN,NaN,NaN
10,NaN,NaN,NaN,NaN,NaN,NaN,NaN,NaN
11,NaN,NaN,NaN,NaN,NaN,NaN,NaN,NaN
1,NaN,NaN,NaN,NaN,NaN,NaN,NaN,NaN
2,NaN,NaN,NaN,NaN,NaN,NaN,NaN,NaN
3,NaN,NaN,NaN,NaN,NaN,NaN,NaN,NaN
4,NaN,NaN,NaN,NaN,NaN,NaN,NaN,NaN
5,NaN,NaN,NaN,NaN,NaN,NaN,NaN,NaN
6,NaN,NaN,NaN,NaN,NaN,NaN,NaN,NaN
7,NaN,NaN,NaN,NaN,NaN,NaN,NaN,NaN
8,NaN,NaN,NaN,NaN,NaN,NaN,NaN,NaN
9,NaN,NaN,NaN,NaN,NaN,NaN,NaN,NaN
10,NaN,NaN,NaN,NaN,NaN,NaN,NaN,NaN
11,NaN,NaN,NaN,NaN,NaN,NaN,NaN,NaN
1,NaN,NaN,NaN,NaN,NaN,NaN,NaN,NaN
2,NaN,NaN,NaN,NaN,NaN,NaN,NaN,NaN
3,NaN,NaN,NaN,NaN,NaN,NaN,NaN,NaN
4,NaN,NaN,NaN,NaN,NaN,NaN,NaN,NaN
5,NaN,NaN,NaN,NaN,NaN,NaN,NaN,NaN
6,NaN,NaN,NaN,NaN,NaN,NaN,NaN,NaN
7,NaN,NaN,NaN,NaN,NaN,NaN,NaN,NaN
8,NaN,NaN,NaN,NaN,NaN,NaN,NaN,NaN
9,NaN,NaN,NaN,NaN,NaN,NaN,NaN,NaN
10,NaN,NaN,NaN,NaN,NaN,NaN,NaN,NaN
11,NaN,NaN,NaN,NaN,NaN,NaN,NaN,NaN
1,NaN,NaN,NaN,NaN,NaN,NaN,NaN,NaN
2,NaN,NaN,NaN,NaN,NaN,NaN,NaN,NaN
3,NaN,NaN,NaN,NaN,NaN,NaN,NaN,NaN
4,NaN,NaN,NaN,NaN,NaN,NaN,NaN,NaN
5,NaN,NaN,NaN,NaN,NaN,NaN,NaN,NaN
6,NaN,NaN,NaN,NaN,NaN,NaN,NaN,NaN
7,NaN,NaN,NaN,NaN,NaN,NaN,NaN,NaN
8,NaN,NaN,NaN,NaN,NaN,NaN,NaN,NaN
9,NaN,NaN,NaN,NaN,NaN,NaN,NaN,NaN
10,NaN,NaN,NaN,NaN,NaN,NaN,NaN,NaN
11,NaN,NaN,NaN,NaN,NaN,NaN,NaN,NaN
1,NaN,NaN,NaN,NaN,NaN,NaN,NaN,NaN
2,NaN,NaN,NaN,NaN,NaN,NaN,NaN,NaN
3,NaN,NaN,NaN,NaN,NaN,NaN,NaN,NaN
4,NaN,NaN,NaN,NaN,NaN,NaN,NaN,NaN
5,NaN,NaN,NaN,NaN,NaN,NaN,NaN,NaN
6,NaN,NaN,NaN,NaN,NaN,NaN,NaN,NaN
7,NaN,NaN,NaN,NaN,NaN,NaN,NaN,NaN
8,NaN,NaN,NaN,NaN,NaN,NaN,NaN,NaN
9,NaN,NaN,NaN,NaN,NaN,NaN,NaN,NaN
10,NaN,NaN,NaN,NaN,NaN,NaN,NaN,NaN
11,NaN,NaN,NaN,NaN,NaN,NaN,NaN,NaN
1,NaN,NaN,NaN,NaN,NaN,NaN,NaN,NaN
2,NaN,NaN,NaN,NaN,NaN,NaN,NaN,NaN
3,NaN,NaN,NaN,NaN,NaN,NaN,NaN,NaN
4,NaN,NaN,NaN,NaN,NaN,NaN,NaN,NaN
5,NaN,NaN,NaN,NaN,NaN,NaN,NaN,NaN
6,NaN,NaN,NaN,NaN,NaN,NaN,NaN,NaN
7,NaN,NaN,NaN,NaN,NaN,NaN,NaN,NaN
8,NaN,NaN,NaN,NaN,NaN,NaN,NaN,NaN
9,NaN,NaN,NaN,NaN,NaN,NaN,NaN,NaN
10,NaN,NaN,NaN,NaN,NaN,NaN,NaN,NaN
11,NaN,NaN,NaN,NaN,NaN,NaN,NaN,NaN
1,NaN,NaN,NaN,NaN,NaN,NaN,NaN,NaN
2,NaN,NaN,NaN,NaN,NaN,NaN,NaN,NaN
3,NaN,NaN,NaN,NaN,NaN,NaN,NaN,NaN
4,NaN,NaN,NaN,NaN,NaN,NaN,NaN,NaN
5,NaN,NaN,NaN,NaN,NaN,NaN,NaN,NaN
6,NaN,NaN,NaN,NaN,NaN,NaN,NaN,NaN
7,NaN,NaN,NaN,NaN,NaN,NaN,NaN,NaN
8,NaN,NaN,NaN,NaN,NaN,NaN,NaN,NaN
9,NaN,NaN,NaN,NaN,NaN,NaN,NaN,NaN
10,NaN,NaN,NaN,NaN,NaN,NaN,NaN,NaN
11,NaN,NaN,NaN,NaN,NaN,NaN,NaN,NaN
1,NaN,NaN,NaN,NaN,NaN,NaN,NaN,NaN
2,NaN,NaN,NaN,NaN,NaN,NaN,NaN,NaN
3,NaN,NaN,NaN,NaN,NaN,NaN,NaN,NaN
4,NaN,NaN,NaN,NaN,NaN,NaN,NaN,NaN
5,NaN,NaN,NaN,NaN,NaN,NaN,NaN,NaN
6,NaN,NaN,NaN,NaN,NaN,NaN,NaN,NaN
7,NaN,NaN,NaN,NaN,NaN,NaN,NaN,NaN
8,NaN,NaN,NaN,NaN,NaN,NaN,NaN,NaN
9,NaN,NaN,NaN,NaN,NaN,NaN,NaN,NaN
10,NaN,NaN,NaN,NaN,NaN,NaN,NaN,NaN
11,NaN,NaN,NaN,NaN,NaN,NaN,NaN,NaN
1,NaN,NaN,NaN,NaN,NaN,NaN,NaN,NaN
2,NaN,NaN,NaN,NaN,NaN,NaN,NaN,NaN
3,NaN,NaN,NaN,NaN,NaN,NaN,NaN,NaN
4,NaN,NaN,NaN,NaN,NaN,NaN,NaN,NaN
5,NaN,NaN,NaN,NaN,NaN,NaN,NaN,NaN
6,NaN,NaN,NaN,NaN,NaN,NaN,NaN,NaN
7,NaN,NaN,NaN,NaN,NaN,NaN,NaN,NaN
8,NaN,NaN,NaN,NaN,NaN,NaN,NaN,NaN
9,NaN,NaN,NaN,NaN,NaN,NaN,NaN,NaN
10,NaN,NaN,NaN,NaN,NaN,NaN,NaN,NaN
11,NaN,NaN,NaN,NaN,NaN,NaN,NaN,NaN
1,NaN,NaN,NaN,NaN,NaN,NaN,NaN,NaN
2,NaN,NaN,NaN,NaN,NaN,NaN,NaN,NaN
3,NaN,NaN,NaN,NaN,NaN,NaN,NaN,NaN
4,NaN,NaN,NaN,NaN,NaN,NaN,NaN,NaN
5,NaN,NaN,NaN,NaN,NaN,NaN,NaN,NaN
6,NaN,NaN,NaN,NaN,NaN,NaN,NaN,NaN
7,NaN,NaN,NaN,NaN,NaN,NaN,NaN,NaN
8,NaN,NaN,NaN,NaN,NaN,NaN,NaN,NaN
9,NaN,NaN,NaN,NaN,NaN,NaN,NaN,NaN
10,NaN,NaN,NaN,NaN,NaN,NaN,NaN,NaN
11,NaN,NaN,NaN,NaN,NaN,NaN,NaN,NaN
1,NaN,NaN,NaN,NaN,NaN,NaN,NaN,NaN
2,NaN,NaN,NaN,NaN,NaN,NaN,NaN,NaN
3,NaN,NaN,NaN,NaN,NaN,NaN,NaN,NaN
4,NaN,NaN,NaN,NaN,NaN,NaN,NaN,NaN
5,NaN,NaN,NaN,NaN,NaN,NaN,NaN,NaN
6,NaN,NaN,NaN,NaN,NaN,NaN,NaN,NaN
7,NaN,NaN,NaN,NaN,NaN,NaN,NaN,NaN
8,NaN,NaN,NaN,NaN,NaN,NaN,NaN,NaN
9,NaN,NaN,NaN,NaN,NaN,NaN,NaN,NaN
10,NaN,NaN,NaN,NaN,NaN,NaN,NaN,NaN
11,NaN,NaN,NaN,NaN,NaN,NaN,NaN,NaN
1,NaN,NaN,NaN,NaN,NaN,NaN,NaN,NaN
2,NaN,NaN,NaN,NaN,NaN,NaN,NaN,NaN
3,NaN,NaN,NaN,NaN,NaN,NaN,NaN,NaN
4,NaN,NaN,NaN,NaN,NaN,NaN,NaN,NaN
5,NaN,NaN,NaN,NaN,NaN,NaN,NaN,NaN
6,NaN,NaN,NaN,NaN,NaN,NaN,NaN,NaN
7,NaN,NaN,NaN,NaN,NaN,NaN,NaN,NaN
8,NaN,NaN,NaN,NaN,NaN,NaN,NaN,NaN
9,NaN,NaN,NaN,NaN,NaN,NaN,NaN,NaN
10,NaN,NaN,NaN,NaN,NaN,NaN,NaN,NaN
11,NaN,NaN,NaN,NaN,NaN,NaN,NaN,NaN
1,NaN,NaN,NaN,NaN,NaN,NaN,NaN,NaN
2,NaN,NaN,NaN,NaN,NaN,NaN,NaN,NaN
3,NaN,NaN,NaN,NaN,NaN,NaN,NaN,NaN
4,NaN,NaN,NaN,NaN,NaN,NaN,NaN,NaN
5,NaN,NaN,NaN,NaN,NaN,NaN,NaN,NaN
6,NaN,NaN,NaN,NaN,NaN,NaN,NaN,NaN
7,NaN,NaN,NaN,NaN,NaN,NaN,NaN,NaN
8,NaN,NaN,NaN,NaN,NaN,NaN,NaN,NaN
9,NaN,NaN,NaN,NaN,NaN,NaN,NaN,NaN
10,NaN,NaN,NaN,NaN,NaN,NaN,NaN,NaN
11,NaN,NaN,NaN,NaN,NaN,NaN,NaN,NaN
1,NaN,NaN,NaN,NaN,NaN,NaN,NaN,NaN
2,NaN,NaN,NaN,NaN,NaN,NaN,NaN,NaN
3,NaN,NaN,NaN,NaN,NaN,NaN,NaN,NaN
4,NaN,NaN,NaN,NaN,NaN,NaN,NaN,NaN
5,NaN,NaN,NaN,NaN,NaN,NaN,NaN,NaN
6,NaN,NaN,NaN,NaN,NaN,NaN,NaN,NaN
7,NaN,NaN,NaN,NaN,NaN,NaN,NaN,NaN
8,NaN,NaN,NaN,NaN,NaN,NaN,NaN,NaN
9,NaN,NaN,NaN,NaN,NaN,NaN,NaN,NaN
10,NaN,NaN,NaN,NaN,NaN,NaN,NaN,NaN
11,NaN,NaN,NaN,NaN,NaN,NaN,NaN,NaN
1,NaN,NaN,NaN,NaN,NaN,NaN,NaN,NaN
2,NaN,NaN,NaN,NaN,NaN,NaN,NaN,NaN
3,NaN,NaN,NaN,NaN,NaN,NaN,NaN,NaN
4,NaN,NaN,NaN,NaN,NaN,NaN,NaN,NaN
5,NaN,NaN,NaN,NaN,NaN,NaN,NaN,NaN
6,NaN,NaN,NaN,NaN,NaN,NaN,NaN,NaN
7,NaN,NaN,NaN,NaN,NaN,NaN,NaN,NaN
8,NaN,NaN,NaN,NaN,NaN,NaN,NaN,NaN
9,NaN,NaN,NaN,NaN,NaN,NaN,NaN,NaN
10,NaN,NaN,NaN,NaN,NaN,NaN,NaN,NaN
11,NaN,NaN,NaN,NaN,NaN,NaN,NaN,NaN
1,NaN,NaN,NaN,NaN,NaN,NaN,NaN,NaN
2,NaN,NaN,NaN,NaN,NaN,NaN,NaN,NaN
3,NaN,NaN,NaN,NaN,NaN,NaN,NaN,NaN
4,NaN,NaN,NaN,NaN,NaN,NaN,NaN,NaN
5,NaN,NaN,NaN,NaN,NaN,NaN,NaN,NaN
6,NaN,NaN,NaN,NaN,NaN,NaN,NaN,NaN
7,NaN,NaN,NaN,NaN,NaN,NaN,NaN,NaN
8,NaN,NaN,NaN,NaN,NaN,NaN,NaN,NaN
9,NaN,NaN,NaN,NaN,NaN,NaN,NaN,NaN
10,NaN,NaN,NaN,NaN,NaN,NaN,NaN,NaN
11,NaN,NaN,NaN,NaN,NaN,NaN,NaN,NaN
1,NaN,NaN,NaN,NaN,NaN,NaN,NaN,NaN
2,NaN,NaN,NaN,NaN,NaN,NaN,NaN,NaN
3,NaN,NaN,NaN,NaN,NaN,NaN,NaN,NaN
4,NaN,NaN,NaN,NaN,NaN,NaN,NaN,NaN
5,NaN,NaN,NaN,NaN,NaN,NaN,NaN,NaN
6,NaN,NaN,NaN,NaN,NaN,NaN,NaN,NaN
7,NaN,NaN,NaN,NaN,NaN,NaN,NaN,NaN
8,NaN,NaN,NaN,NaN,NaN,NaN,NaN,NaN
9,NaN,NaN,NaN,NaN,NaN,NaN,NaN,NaN
10,NaN,NaN,NaN,NaN,NaN,NaN,NaN,NaN
11,NaN,NaN,NaN,NaN,NaN,NaN,NaN,NaN
1,NaN,NaN,NaN,NaN,NaN,NaN,NaN,NaN
2,NaN,NaN,NaN,NaN,NaN,NaN,NaN,NaN
3,NaN,NaN,NaN,NaN,NaN,NaN,NaN,NaN
4,NaN,NaN,NaN,NaN,NaN,NaN,NaN,NaN
5,NaN,NaN,NaN,NaN,NaN,NaN,NaN,NaN
6,NaN,NaN,NaN,NaN,NaN,NaN,NaN,NaN
7,NaN,NaN,NaN,NaN,NaN,NaN,NaN,NaN
8,NaN,NaN,NaN,NaN,NaN,NaN,NaN,NaN
9,NaN,NaN,NaN,NaN,NaN,NaN,NaN,NaN
10,NaN,NaN,NaN,NaN,NaN,NaN,NaN,NaN
11,NaN,NaN,NaN,NaN,NaN,NaN,NaN,NaN
1,NaN,NaN,NaN,NaN,NaN,NaN,NaN,NaN
2,NaN,NaN,NaN,NaN,NaN,NaN,NaN,NaN
3,NaN,NaN,NaN,NaN,NaN,NaN,NaN,NaN
4,NaN,NaN,NaN,NaN,NaN,NaN,NaN,NaN
5,NaN,NaN,NaN,NaN,NaN,NaN,NaN,NaN
6,NaN,NaN,NaN,NaN,NaN,NaN,NaN,NaN
7,NaN,NaN,NaN,NaN,NaN,NaN,NaN,NaN
8,NaN,NaN,NaN,NaN,NaN,NaN,NaN,NaN
9,NaN,NaN,NaN,NaN,NaN,NaN,NaN,NaN
10,NaN,NaN,NaN,NaN,NaN,NaN,NaN,NaN
11,NaN,NaN,NaN,NaN,NaN,NaN,NaN,NaN
1,NaN,NaN,NaN,NaN,NaN,NaN,NaN,NaN
2,NaN,NaN,NaN,NaN,NaN,NaN,NaN,NaN
3,NaN,NaN,NaN,NaN,NaN,NaN,NaN,NaN
4,NaN,NaN,NaN,NaN,NaN,NaN,NaN,NaN
5,NaN,NaN,NaN,NaN,NaN,NaN,NaN,NaN
6,NaN,NaN,NaN,NaN,NaN,NaN,NaN,NaN
7,NaN,NaN,NaN,NaN,NaN,NaN,NaN,NaN
8,NaN,NaN,NaN,NaN,NaN,NaN,NaN,NaN
9,NaN,NaN,NaN,NaN,NaN,NaN,NaN,NaN
10,NaN,NaN,NaN,NaN,NaN,NaN,NaN,NaN
11,NaN,NaN,NaN,NaN,NaN,NaN,NaN,NaN
1,NaN,NaN,NaN,NaN,NaN,NaN,NaN,NaN
2,NaN,NaN,NaN,NaN,NaN,NaN,NaN,NaN
3,NaN,NaN,NaN,NaN,NaN,NaN,NaN,NaN
4,NaN,NaN,NaN,NaN,NaN,NaN,NaN,NaN
5,NaN,NaN,NaN,NaN,NaN,NaN,NaN,NaN
6,NaN,NaN,NaN,NaN,NaN,NaN,NaN,NaN
7,NaN,NaN,NaN,NaN,NaN,NaN,NaN,NaN
8,NaN,NaN,NaN,NaN,NaN,NaN,NaN,NaN
9,NaN,NaN,NaN,NaN,NaN,NaN,NaN,NaN
10,NaN,NaN,NaN,NaN,NaN,NaN,NaN,NaN
11,NaN,NaN,NaN,NaN,NaN,NaN,NaN,NaN
1,NaN,NaN,NaN,NaN,NaN,NaN,NaN,NaN
2,NaN,NaN,NaN,NaN,NaN,NaN,NaN,NaN
3,NaN,NaN,NaN,NaN,NaN,NaN,NaN,NaN
4,NaN,NaN,NaN,NaN,NaN,NaN,NaN,NaN
5,NaN,NaN,NaN,NaN,NaN,NaN,NaN,NaN
6,NaN,NaN,NaN,NaN,NaN,NaN,NaN,NaN
7,NaN,NaN,NaN,NaN,NaN,NaN,NaN,NaN
8,NaN,NaN,NaN,NaN,NaN,NaN,NaN,NaN
9,NaN,NaN,NaN,NaN,NaN,NaN,NaN,NaN
10,NaN,NaN,NaN,NaN,NaN,NaN,NaN,NaN
11,NaN,NaN,NaN,NaN,NaN,NaN,NaN,NaN
1,NaN,NaN,NaN,NaN,NaN,NaN,NaN,NaN
2,NaN,NaN,NaN,NaN,NaN,NaN,NaN,NaN
3,NaN,NaN,NaN,NaN,NaN,NaN,NaN,NaN
4,NaN,NaN,NaN,NaN,NaN,NaN,NaN,NaN
5,NaN,NaN,NaN,NaN,NaN,NaN,NaN,NaN
6,NaN,NaN,NaN,NaN,NaN,NaN,NaN,NaN
7,NaN,NaN,NaN,NaN,NaN,NaN,NaN,NaN
8,NaN,NaN,NaN,NaN,NaN,NaN,NaN,NaN
9,NaN,NaN,NaN,NaN,NaN,NaN,NaN,NaN
10,NaN,NaN,NaN,NaN,NaN,NaN,NaN,NaN
11,NaN,NaN,NaN,NaN,NaN,NaN,NaN,NaN
1,NaN,NaN,NaN,NaN,NaN,NaN,NaN,NaN
2,NaN,NaN,NaN,NaN,NaN,NaN,NaN,NaN
3,NaN,NaN,NaN,NaN,NaN,NaN,NaN,NaN
4,NaN,NaN,NaN,NaN,NaN,NaN,NaN,NaN
5,NaN,NaN,NaN,NaN,NaN,NaN,NaN,NaN
6,NaN,NaN,NaN,NaN,NaN,NaN,NaN,NaN
7,NaN,NaN,NaN,NaN,NaN,NaN,NaN,NaN
8,NaN,NaN,NaN,NaN,NaN,NaN,NaN,NaN
9,NaN,NaN,NaN,NaN,NaN,NaN,NaN,NaN
10,NaN,NaN,NaN,NaN,NaN,NaN,NaN,NaN
11,NaN,NaN,NaN,NaN,NaN,NaN,NaN,NaN
1,NaN,NaN,NaN,NaN,NaN,NaN,NaN,NaN
2,NaN,NaN,NaN,NaN,NaN,NaN,NaN,NaN
3,NaN,NaN,NaN,NaN,NaN,NaN,NaN,NaN
4,NaN,NaN,NaN,NaN,NaN,NaN,NaN,NaN
5,NaN,NaN,NaN,NaN,NaN,NaN,NaN,NaN
6,NaN,NaN,NaN,NaN,NaN,NaN,NaN,NaN
7,NaN,NaN,NaN,NaN,NaN,NaN,NaN,NaN
8,NaN,NaN,NaN,NaN,NaN,NaN,NaN,NaN
9,NaN,NaN,NaN,NaN,NaN,NaN,NaN,NaN
10,NaN,NaN,NaN,NaN,NaN,NaN,NaN,NaN
11,NaN,NaN,NaN,NaN,NaN,NaN,NaN,NaN
1,NaN,NaN,NaN,NaN,NaN,NaN,NaN,NaN
2,NaN,NaN,NaN,NaN,NaN,NaN,NaN,NaN
3,NaN,NaN,NaN,NaN,NaN,NaN,NaN,NaN
4,NaN,NaN,NaN,NaN,NaN,NaN,NaN,NaN
5,NaN,NaN,NaN,NaN,NaN,NaN,NaN,NaN
6,NaN,NaN,NaN,NaN,NaN,NaN,NaN,NaN
7,NaN,NaN,NaN,NaN,NaN,NaN,NaN,NaN
8,NaN,NaN,NaN,NaN,NaN,NaN,NaN,NaN
9,NaN,NaN,NaN,NaN,NaN,NaN,NaN,NaN
10,NaN,NaN,NaN,NaN,NaN,NaN,NaN,NaN
11,NaN,NaN,NaN,NaN,NaN,NaN,NaN,NaN
1,NaN,NaN,NaN,NaN,NaN,NaN,NaN,NaN
2,NaN,NaN,NaN,NaN,NaN,NaN,NaN,NaN
3,NaN,NaN,NaN,NaN,NaN,NaN,NaN,NaN
4,NaN,NaN,NaN,NaN,NaN,NaN,NaN,NaN
5,NaN,NaN,NaN,NaN,NaN,NaN,NaN,NaN
6,NaN,NaN,NaN,NaN,NaN,NaN,NaN,NaN
7,NaN,NaN,NaN,NaN,NaN,NaN,NaN,NaN
8,NaN,NaN,NaN,NaN,NaN,NaN,NaN,NaN
9,NaN,NaN,NaN,NaN,NaN,NaN,NaN,NaN
10,NaN,NaN,NaN,NaN,NaN,NaN,NaN,NaN
11,NaN,NaN,NaN,NaN,NaN,NaN,NaN,NaN
1,NaN,NaN,NaN,NaN,NaN,NaN,NaN,NaN
2,NaN,NaN,NaN,NaN,NaN,NaN,NaN,NaN
3,NaN,NaN,NaN,NaN,NaN,NaN,NaN,NaN
4,NaN,NaN,NaN,NaN,NaN,NaN,NaN,NaN
5,NaN,NaN,NaN,NaN,NaN,NaN,NaN,NaN
6,NaN,NaN,NaN,NaN,NaN,NaN,NaN,NaN
7,NaN,NaN,NaN,NaN,NaN,NaN,NaN,NaN
8,NaN,NaN,NaN,NaN,NaN,NaN,NaN,NaN
9,NaN,NaN,NaN,NaN,NaN,NaN,NaN,NaN
10,NaN,NaN,NaN,NaN,NaN,NaN,NaN,NaN
11,NaN,NaN,NaN,NaN,NaN,NaN,NaN,NaN
1,NaN,NaN,NaN,NaN,NaN,NaN,NaN,NaN
2,NaN,NaN,NaN,NaN,NaN,NaN,NaN,NaN
3,NaN,NaN,NaN,NaN,NaN,NaN,NaN,NaN
4,NaN,NaN,NaN,NaN,NaN,NaN,NaN,NaN
5,NaN,NaN,NaN,NaN,NaN,NaN,NaN,NaN
6,NaN,NaN,NaN,NaN,NaN,NaN,NaN,NaN
7,NaN,NaN,NaN,NaN,NaN,NaN,NaN,NaN
8,NaN,NaN,NaN,NaN,NaN,NaN,NaN,NaN
9,NaN,NaN,NaN,NaN,NaN,NaN,NaN,NaN
10,NaN,NaN,NaN,NaN,NaN,NaN,NaN,NaN
11,NaN,NaN,NaN,NaN,NaN,NaN,NaN,NaN
1,NaN,NaN,NaN,NaN,NaN,NaN,NaN,NaN
2,NaN,NaN,NaN,NaN,NaN,NaN,NaN,NaN
3,NaN,NaN,NaN,NaN,NaN,NaN,NaN,NaN
4,NaN,NaN,NaN,NaN,NaN,NaN,NaN,NaN
5,NaN,NaN,NaN,NaN,NaN,NaN,NaN,NaN
6,NaN,NaN,NaN,NaN,NaN,NaN,NaN,NaN
7,NaN,NaN,NaN,NaN,NaN,NaN,NaN,NaN
8,NaN,NaN,NaN,NaN,NaN,NaN,NaN,NaN
9,NaN,NaN,NaN,NaN,NaN,NaN,NaN,NaN
10,NaN,NaN,NaN,NaN,NaN,NaN,NaN,NaN
11,NaN,NaN,NaN,NaN,NaN,NaN,NaN,NaN
1,NaN,NaN,NaN,NaN,NaN,NaN,NaN,NaN
2,NaN,NaN,NaN,NaN,NaN,NaN,NaN,NaN
3,NaN,NaN,NaN,NaN,NaN,NaN,NaN,NaN
4,NaN,NaN,NaN,NaN,NaN,NaN,NaN,NaN
5,NaN,NaN,NaN,NaN,NaN,NaN,NaN,NaN
6,NaN,NaN,NaN,NaN,NaN,NaN,NaN,NaN
7,NaN,NaN,NaN,NaN,NaN,NaN,NaN,NaN
8,NaN,NaN,NaN,NaN,NaN,NaN,NaN,NaN
9,NaN,NaN,NaN,NaN,NaN,NaN,NaN,NaN
10,NaN,NaN,NaN,NaN,NaN,NaN,NaN,NaN
11,NaN,NaN,NaN,NaN,NaN,NaN,NaN,NaN
1,NaN,NaN,NaN,NaN,NaN,NaN,NaN,NaN
2,NaN,NaN,NaN,NaN,NaN,NaN,NaN,NaN
3,NaN,NaN,NaN,NaN,NaN,NaN,NaN,NaN
4,NaN,NaN,NaN,NaN,NaN,NaN,NaN,NaN
5,NaN,NaN,NaN,NaN,NaN,NaN,NaN,NaN
6,NaN,NaN,NaN,NaN,NaN,NaN,NaN,NaN
7,NaN,NaN,NaN,NaN,NaN,NaN,NaN,NaN
8,NaN,NaN,NaN,NaN,NaN,NaN,NaN,NaN
9,NaN,NaN,NaN,NaN,NaN,NaN,NaN,NaN
10,NaN,NaN,NaN,NaN,NaN,NaN,NaN,NaN
11,NaN,NaN,NaN,NaN,NaN,NaN,NaN,NaN
1,NaN,NaN,NaN,NaN,NaN,NaN,NaN,NaN
2,NaN,NaN,NaN,NaN,NaN,NaN,NaN,NaN
3,NaN,NaN,NaN,NaN,NaN,NaN,NaN,NaN
4,NaN,NaN,NaN,NaN,NaN,NaN,NaN,NaN
5,NaN,NaN,NaN,NaN,NaN,NaN,NaN,NaN
6,NaN,NaN,NaN,NaN,NaN,NaN,NaN,NaN
7,NaN,NaN,NaN,NaN,NaN,NaN,NaN,NaN
8,NaN,NaN,NaN,NaN,NaN,NaN,NaN,NaN
9,NaN,NaN,NaN,NaN,NaN,NaN,NaN,NaN
10,NaN,NaN,NaN,NaN,NaN,NaN,NaN,NaN
11,NaN,NaN,NaN,NaN,NaN,NaN,NaN,NaN
1,NaN,NaN,NaN,NaN,NaN,NaN,NaN,NaN
2,NaN,NaN,NaN,NaN,NaN,NaN,NaN,NaN
3,NaN,NaN,NaN,NaN,NaN,NaN,NaN,NaN
4,NaN,NaN,NaN,NaN,NaN,NaN,NaN,NaN
5,NaN,NaN,NaN,NaN,NaN,NaN,NaN,NaN
6,NaN,NaN,NaN,NaN,NaN,NaN,NaN,NaN
7,NaN,NaN,NaN,NaN,NaN,NaN,NaN,NaN
8,NaN,NaN,NaN,NaN,NaN,NaN,NaN,NaN
9,NaN,NaN,NaN,NaN,NaN,NaN,NaN,NaN
10,NaN,NaN,NaN,NaN,NaN,NaN,NaN,NaN
11,NaN,NaN,NaN,NaN,NaN,NaN,NaN,NaN
1,NaN,NaN,NaN,NaN,NaN,NaN,NaN,NaN
2,NaN,NaN,NaN,NaN,NaN,NaN,NaN,NaN
3,NaN,NaN,NaN,NaN,NaN,NaN,NaN,NaN
4,NaN,NaN,NaN,NaN,NaN,NaN,NaN,NaN
5,NaN,NaN,NaN,NaN,NaN,NaN,NaN,NaN
6,NaN,NaN,NaN,NaN,NaN,NaN,NaN,NaN
7,NaN,NaN,NaN,NaN,NaN,NaN,NaN,NaN
8,NaN,NaN,NaN,NaN,NaN,NaN,NaN,NaN
9,NaN,NaN,NaN,NaN,NaN,NaN,NaN,NaN
10,NaN,NaN,NaN,NaN,NaN,NaN,NaN,NaN
11,NaN,NaN,NaN,NaN,NaN,NaN,NaN,NaN
1,NaN,NaN,NaN,NaN,NaN,NaN,NaN,NaN
2,NaN,NaN,NaN,NaN,NaN,NaN,NaN,NaN
3,NaN,NaN,NaN,NaN,NaN,NaN,NaN,NaN
4,NaN,NaN,NaN,NaN,NaN,NaN,NaN,NaN
5,NaN,NaN,NaN,NaN,NaN,NaN,NaN,NaN
6,NaN,NaN,NaN,NaN,NaN,NaN,NaN,NaN
7,NaN,NaN,NaN,NaN,NaN,NaN,NaN,NaN
8,NaN,NaN,NaN,NaN,NaN,NaN,NaN,NaN
9,NaN,NaN,NaN,NaN,NaN,NaN,NaN,NaN
10,NaN,NaN,NaN,NaN,NaN,NaN,NaN,NaN
11,NaN,NaN,NaN,NaN,NaN,NaN,NaN,NaN
1,NaN,NaN,NaN,NaN,NaN,NaN,NaN,NaN
2,NaN,NaN,NaN,NaN,NaN,NaN,NaN,NaN
3,NaN,NaN,NaN,NaN,NaN,NaN,NaN,NaN
4,NaN,NaN,NaN,NaN,NaN,NaN,NaN,NaN
5,NaN,NaN,NaN,NaN,NaN,NaN,NaN,NaN
6,NaN,NaN,NaN,NaN,NaN,NaN,NaN,NaN
7,NaN,NaN,NaN,NaN,NaN,NaN,NaN,NaN
8,NaN,NaN,NaN,NaN,NaN,NaN,NaN,NaN
9,NaN,NaN,NaN,NaN,NaN,NaN,NaN,NaN
10,NaN,NaN,NaN,NaN,NaN,NaN,NaN,NaN
11,NaN,NaN,NaN,NaN,NaN,NaN,NaN,NaN
1,NaN,NaN,NaN,NaN,NaN,NaN,NaN,NaN
2,NaN,NaN,NaN,NaN,NaN,NaN,NaN,NaN
3,NaN,NaN,NaN,NaN,NaN,NaN,NaN,NaN
4,NaN,NaN,NaN,NaN,NaN,NaN,NaN,NaN
5,NaN,NaN,NaN,NaN,NaN,NaN,NaN,NaN
6,NaN,NaN,NaN,NaN,NaN,NaN,NaN,NaN
7,NaN,NaN,NaN,NaN,NaN,NaN,NaN,NaN
8,NaN,NaN,NaN,NaN,NaN,NaN,NaN,NaN
9,NaN,NaN,NaN,NaN,NaN,NaN,NaN,NaN
10,NaN,NaN,NaN,NaN,NaN,NaN,NaN,NaN
11,NaN,NaN,NaN,NaN,NaN,NaN,NaN,NaN
1,NaN,NaN,NaN,NaN,NaN,NaN,NaN,NaN
2,NaN,NaN,NaN,NaN,NaN,NaN,NaN,NaN
3,NaN,NaN,NaN,NaN,NaN,NaN,NaN,NaN
4,NaN,NaN,NaN,NaN,NaN,NaN,NaN,NaN
5,NaN,NaN,NaN,NaN,NaN,NaN,NaN,NaN
6,NaN,NaN,NaN,NaN,NaN,NaN,NaN,NaN
7,NaN,NaN,NaN,NaN,NaN,NaN,NaN,NaN
8,NaN,NaN,NaN,NaN,NaN,NaN,NaN,NaN
9,NaN,NaN,NaN,NaN,NaN,NaN,NaN,NaN
10,NaN,NaN,NaN,NaN,NaN,NaN,NaN,NaN
11,NaN,NaN,NaN,NaN,NaN,NaN,NaN,NaN
1,NaN,NaN,NaN,NaN,NaN,NaN,NaN,NaN
2,NaN,NaN,NaN,NaN,NaN,NaN,NaN,NaN
3,NaN,NaN,NaN,NaN,NaN,NaN,NaN,NaN
4,NaN,NaN,NaN,NaN,NaN,NaN,NaN,NaN
5,NaN,NaN,NaN,NaN,NaN,NaN,NaN,NaN
6,NaN,NaN,NaN,NaN,NaN,NaN,NaN,NaN
7,NaN,NaN,NaN,NaN,NaN,NaN,NaN,NaN
8,NaN,NaN,NaN,NaN,NaN,NaN,NaN,NaN
9,NaN,NaN,NaN,NaN,NaN,NaN,NaN,NaN
10,NaN,NaN,NaN,NaN,NaN,NaN,NaN,NaN
11,NaN,NaN,NaN,NaN,NaN,NaN,NaN,NaN
1,NaN,NaN,NaN,NaN,NaN,NaN,NaN,NaN
2,NaN,NaN,NaN,NaN,NaN,NaN,NaN,NaN
3,NaN,NaN,NaN,NaN,NaN,NaN,NaN,NaN
4,NaN,NaN,NaN,NaN,NaN,NaN,NaN,NaN
5,NaN,NaN,NaN,NaN,NaN,NaN,NaN,NaN
6,NaN,NaN,NaN,NaN,NaN,NaN,NaN,NaN
7,NaN,NaN,NaN,NaN,NaN,NaN,NaN,NaN
8,NaN,NaN,NaN,NaN,NaN,NaN,NaN,NaN
9,NaN,NaN,NaN,NaN,NaN,NaN,NaN,NaN
10,NaN,NaN,NaN,NaN,NaN,NaN,NaN,NaN
11,NaN,NaN,NaN,NaN,NaN,NaN,NaN,NaN
1,NaN,NaN,NaN,NaN,NaN,NaN,NaN,NaN
2,NaN,NaN,NaN,NaN,NaN,NaN,NaN,NaN
3,NaN,NaN,NaN,NaN,NaN,NaN,NaN,NaN
4,NaN,NaN,NaN,NaN,NaN,NaN,NaN,NaN
5,NaN,NaN,NaN,NaN,NaN,NaN,NaN,NaN
6,NaN,NaN,NaN,NaN,NaN,NaN,NaN,NaN
7,NaN,NaN,NaN,NaN,NaN,NaN,NaN,NaN
8,NaN,NaN,NaN,NaN,NaN,NaN,NaN,NaN
9,NaN,NaN,NaN,NaN,NaN,NaN,NaN,NaN
10,NaN,NaN,NaN,NaN,NaN,NaN,NaN,NaN
11,NaN,NaN,NaN,NaN,NaN,NaN,NaN,NaN
1,NaN,NaN,NaN,NaN,NaN,NaN,NaN,NaN
2,NaN,NaN,NaN,NaN,NaN,NaN,NaN,NaN
3,NaN,NaN,NaN,NaN,NaN,NaN,NaN,NaN
4,NaN,NaN,NaN,NaN,NaN,NaN,NaN,NaN
5,NaN,NaN,NaN,NaN,NaN,NaN,NaN,NaN
6,NaN,NaN,NaN,NaN,NaN,NaN,NaN,NaN
7,NaN,NaN,NaN,NaN,NaN,NaN,NaN,NaN
8,NaN,NaN,NaN,NaN,NaN,NaN,NaN,NaN
9,NaN,NaN,NaN,NaN,NaN,NaN,NaN,NaN
10,NaN,NaN,NaN,NaN,NaN,NaN,NaN,NaN
11,NaN,NaN,NaN,NaN,NaN,NaN,NaN,NaN
1,NaN,NaN,NaN,NaN,NaN,NaN,NaN,NaN
2,NaN,NaN,NaN,NaN,NaN,NaN,NaN,NaN
3,NaN,NaN,NaN,NaN,NaN,NaN,NaN,NaN
4,NaN,NaN,NaN,NaN,NaN,NaN,NaN,NaN
5,NaN,NaN,NaN,NaN,NaN,NaN,NaN,NaN
6,NaN,NaN,NaN,NaN,NaN,NaN,NaN,NaN
7,NaN,NaN,NaN,NaN,NaN,NaN,NaN,NaN
8,NaN,NaN,NaN,NaN,NaN,NaN,NaN,NaN
9,NaN,NaN,NaN,NaN,NaN,NaN,NaN,NaN
10,NaN,NaN,NaN,NaN,NaN,NaN,NaN,NaN
11,NaN,NaN,NaN,NaN,NaN,NaN,NaN,NaN
1,NaN,NaN,NaN,NaN,NaN,NaN,NaN,NaN
2,NaN,NaN,NaN,NaN,NaN,NaN,NaN,NaN
3,NaN,NaN,NaN,NaN,NaN,NaN,NaN,NaN
4,NaN,NaN,NaN,NaN,NaN,NaN,NaN,NaN
5,NaN,NaN,NaN,NaN,NaN,NaN,NaN,NaN
6,NaN,NaN,NaN,NaN,NaN,NaN,NaN,NaN
7,NaN,NaN,NaN,NaN,NaN,NaN,NaN,NaN
8,NaN,NaN,NaN,NaN,NaN,NaN,NaN,NaN
9,NaN,NaN,NaN,NaN,NaN,NaN,NaN,NaN
10,NaN,NaN,NaN,NaN,NaN,NaN,NaN,NaN
11,NaN,NaN,NaN,NaN,NaN,NaN,NaN,NaN
1,NaN,NaN,NaN,NaN,NaN,NaN,NaN,NaN
2,NaN,NaN,NaN,NaN,NaN,NaN,NaN,NaN
3,NaN,NaN,NaN,NaN,NaN,NaN,NaN,NaN
4,NaN,NaN,NaN,NaN,NaN,NaN,NaN,NaN
5,NaN,NaN,NaN,NaN,NaN,NaN,NaN,NaN
6,NaN,NaN,NaN,NaN,NaN,NaN,NaN,NaN
7,NaN,NaN,NaN,NaN,NaN,NaN,NaN,NaN
8,NaN,NaN,NaN,NaN,NaN,NaN,NaN,NaN
9,NaN,NaN,NaN,NaN,NaN,NaN,NaN,NaN
10,NaN,NaN,NaN,NaN,NaN,NaN,NaN,NaN
11,NaN,NaN,NaN,NaN,NaN,NaN,NaN,NaN
1,NaN,NaN,NaN,NaN,NaN,NaN,NaN,NaN
2,NaN,NaN,NaN,NaN,NaN,NaN,NaN,NaN
3,NaN,NaN,NaN,NaN,NaN,NaN,NaN,NaN
4,NaN,NaN,NaN,NaN,NaN,NaN,NaN,NaN
5,NaN,NaN,NaN,NaN,NaN,NaN,NaN,NaN
6,NaN,NaN,NaN,NaN,NaN,NaN,NaN,NaN
7,NaN,NaN,NaN,NaN,NaN,NaN,NaN,NaN
8,NaN,NaN,NaN,NaN,NaN,NaN,NaN,NaN
9,NaN,NaN,NaN,NaN,NaN,NaN,NaN,NaN
10,NaN,NaN,NaN,NaN,NaN,NaN,NaN,NaN
11,NaN,NaN,NaN,NaN,NaN,NaN,NaN,NaN
1,NaN,NaN,NaN,NaN,NaN,NaN,NaN,NaN
2,NaN,NaN,NaN,NaN,NaN,NaN,NaN,NaN
3,NaN,NaN,NaN,NaN,NaN,NaN,NaN,NaN
4,NaN,NaN,NaN,NaN,NaN,NaN,NaN,NaN
5,NaN,NaN,NaN,NaN,NaN,NaN,NaN,NaN
6,NaN,NaN,NaN,NaN,NaN,NaN,NaN,NaN
7,NaN,NaN,NaN,NaN,NaN,NaN,NaN,NaN
8,NaN,NaN,NaN,NaN,NaN,NaN,NaN,NaN
9,NaN,NaN,NaN,NaN,NaN,NaN,NaN,NaN
10,NaN,NaN,NaN,NaN,NaN,NaN,NaN,NaN
11,NaN,NaN,NaN,NaN,NaN,NaN,NaN,NaN
1,NaN,NaN,NaN,NaN,NaN,NaN,NaN,NaN
2,NaN,NaN,NaN,NaN,NaN,NaN,NaN,NaN
3,NaN,NaN,NaN,NaN,NaN,NaN,NaN,NaN
4,NaN,NaN,NaN,NaN,NaN,NaN,NaN,NaN
5,NaN,NaN,NaN,NaN,NaN,NaN,NaN,NaN
6,NaN,NaN,NaN,NaN,NaN,NaN,NaN,NaN
7,NaN,NaN,NaN,NaN,NaN,NaN,NaN,NaN
8,NaN,NaN,NaN,NaN,NaN,NaN,NaN,NaN
9,NaN,NaN,NaN,NaN,NaN,NaN,NaN,NaN
10,NaN,NaN,NaN,NaN,NaN,NaN,NaN,NaN
11,NaN,NaN,NaN,NaN,NaN,NaN,NaN,NaN
1,NaN,NaN,NaN,NaN,NaN,NaN,NaN,NaN
2,NaN,NaN,NaN,NaN,NaN,NaN,NaN,NaN
3,NaN,NaN,NaN,NaN,NaN,NaN,NaN,NaN
4,NaN,NaN,NaN,NaN,NaN,NaN,NaN,NaN
5,NaN,NaN,NaN,NaN,NaN,NaN,NaN,NaN
6,NaN,NaN,NaN,NaN,NaN,NaN,NaN,NaN
7,NaN,NaN,NaN,NaN,NaN,NaN,NaN,NaN
8,NaN,NaN,NaN,NaN,NaN,NaN,NaN,NaN
9,NaN,NaN,NaN,NaN,NaN,NaN,NaN,NaN
10,NaN,NaN,NaN,NaN,NaN,NaN,NaN,NaN
11,NaN,NaN,NaN,NaN,NaN,NaN,NaN,NaN
1,NaN,NaN,NaN,NaN,NaN,NaN,NaN,NaN
2,NaN,NaN,NaN,NaN,NaN,NaN,NaN,NaN
3,NaN,NaN,NaN,NaN,NaN,NaN,NaN,NaN
4,NaN,NaN,NaN,NaN,NaN,NaN,NaN,NaN
5,NaN,NaN,NaN,NaN,NaN,NaN,NaN,NaN
6,NaN,NaN,NaN,NaN,NaN,NaN,NaN,NaN
7,NaN,NaN,NaN,NaN,NaN,NaN,NaN,NaN
8,NaN,NaN,NaN,NaN,NaN,NaN,NaN,NaN
9,NaN,NaN,NaN,NaN,NaN,NaN,NaN,NaN
10,NaN,NaN,NaN,NaN,NaN,NaN,NaN,NaN
11,NaN,NaN,NaN,NaN,NaN,NaN,NaN,NaN
1,NaN,NaN,NaN,NaN,NaN,NaN,NaN,NaN
2,NaN,NaN,NaN,NaN,NaN,NaN,NaN,NaN
3,NaN,NaN,NaN,NaN,NaN,NaN,NaN,NaN
4,NaN,NaN,NaN,NaN,NaN,NaN,NaN,NaN
5,NaN,NaN,NaN,NaN,NaN,NaN,NaN,NaN
6,NaN,NaN,NaN,NaN,NaN,NaN,NaN,NaN
7,NaN,NaN,NaN,NaN,NaN,NaN,NaN,NaN
8,NaN,NaN,NaN,NaN,NaN,NaN,NaN,NaN
9,NaN,NaN,NaN,NaN,NaN,NaN,NaN,NaN
10,NaN,NaN,NaN,NaN,NaN,NaN,NaN,NaN
11,NaN,NaN,NaN,NaN,NaN,NaN,NaN,NaN
1,NaN,NaN,NaN,NaN,NaN,NaN,NaN,NaN
2,NaN,NaN,NaN,NaN,NaN,NaN,NaN,NaN
3,NaN,NaN,NaN,NaN,NaN,NaN,NaN,NaN
4,NaN,NaN,NaN,NaN,NaN,NaN,NaN,NaN
5,NaN,NaN,NaN,NaN,NaN,NaN,NaN,NaN
6,NaN,NaN,NaN,NaN,NaN,NaN,NaN,NaN
7,NaN,NaN,NaN,NaN,NaN,NaN,NaN,NaN
8,NaN,NaN,NaN,NaN,NaN,NaN,NaN,NaN
9,NaN,NaN,NaN,NaN,NaN,NaN,NaN,NaN
10,NaN,NaN,NaN,NaN,NaN,NaN,NaN,NaN
11,NaN,NaN,NaN,NaN,NaN,NaN,NaN,NaN
1,NaN,NaN,NaN,NaN,NaN,NaN,NaN,NaN
2,NaN,NaN,NaN,NaN,NaN,NaN,NaN,NaN
3,NaN,NaN,NaN,NaN,NaN,NaN,NaN,NaN
4,NaN,NaN,NaN,NaN,NaN,NaN,NaN,NaN
5,NaN,NaN,NaN,NaN,NaN,NaN,NaN,NaN
6,NaN,NaN,NaN,NaN,NaN,NaN,NaN,NaN
7,NaN,NaN,NaN,NaN,NaN,NaN,NaN,NaN
8,NaN,NaN,NaN,NaN,NaN,NaN,NaN,NaN
9,NaN,NaN,NaN,NaN,NaN,NaN,NaN,NaN
10,NaN,NaN,NaN,NaN,NaN,NaN,NaN,NaN
11,NaN,NaN,NaN,NaN,NaN,NaN,NaN,NaN
1,NaN,NaN,NaN,NaN,NaN,NaN,NaN,NaN
2,NaN,NaN,NaN,NaN,NaN,NaN,NaN,NaN
3,NaN,NaN,NaN,NaN,NaN,NaN,NaN,NaN
4,NaN,NaN,NaN,NaN,NaN,NaN,NaN,NaN
5,NaN,NaN,NaN,NaN,NaN,NaN,NaN,NaN
6,NaN,NaN,NaN,NaN,NaN,NaN,NaN,NaN
7,NaN,NaN,NaN,NaN,NaN,NaN,NaN,NaN
8,NaN,NaN,NaN,NaN,NaN,NaN,NaN,NaN
9,NaN,NaN,NaN,NaN,NaN,NaN,NaN,NaN
10,NaN,NaN,NaN,NaN,NaN,NaN,NaN,NaN
11,NaN,NaN,NaN,NaN,NaN,NaN,NaN,NaN
1,NaN,NaN,NaN,NaN,NaN,NaN,NaN,NaN
2,NaN,NaN,NaN,NaN,NaN,NaN,NaN,NaN
3,NaN,NaN,NaN,NaN,NaN,NaN,NaN,NaN
4,NaN,NaN,NaN,NaN,NaN,NaN,NaN,NaN
5,NaN,NaN,NaN,NaN,NaN,NaN,NaN,NaN
6,NaN,NaN,NaN,NaN,NaN,NaN,NaN,NaN
7,NaN,NaN,NaN,NaN,NaN,NaN,NaN,NaN
8,NaN,NaN,NaN,NaN,NaN,NaN,NaN,NaN
9,NaN,NaN,NaN,NaN,NaN,NaN,NaN,NaN
10,NaN,NaN,NaN,NaN,NaN,NaN,NaN,NaN
11,NaN,NaN,NaN,NaN,NaN,NaN,NaN,NaN
1,NaN,NaN,NaN,NaN,NaN,NaN,NaN,NaN
2,NaN,NaN,NaN,NaN,NaN,NaN,NaN,NaN
3,NaN,NaN,NaN,NaN,NaN,NaN,NaN,NaN
4,NaN,NaN,NaN,NaN,NaN,NaN,NaN,NaN
5,NaN,NaN,NaN,NaN,NaN,NaN,NaN,NaN
6,NaN,NaN,NaN,NaN,NaN,NaN,NaN,NaN
7,NaN,NaN,NaN,NaN,NaN,NaN,NaN,NaN
8,NaN,NaN,NaN,NaN,NaN,NaN,NaN,NaN
9,NaN,NaN,NaN,NaN,NaN,NaN,NaN,NaN
10,NaN,NaN,NaN,NaN,NaN,NaN,NaN,NaN
11,NaN,NaN,NaN,NaN,NaN,NaN,NaN,NaN
1,NaN,NaN,NaN,NaN,NaN,NaN,NaN,NaN
2,NaN,NaN,NaN,NaN,NaN,NaN,NaN,NaN
3,NaN,NaN,NaN,NaN,NaN,NaN,NaN,NaN
4,NaN,NaN,NaN,NaN,NaN,NaN,NaN,NaN
5,NaN,NaN,NaN,NaN,NaN,NaN,NaN,NaN
6,NaN,NaN,NaN,NaN,NaN,NaN,NaN,NaN
7,NaN,NaN,NaN,NaN,NaN,NaN,NaN,NaN
8,NaN,NaN,NaN,NaN,NaN,NaN,NaN,NaN
9,NaN,NaN,NaN,NaN,NaN,NaN,NaN,NaN
10,NaN,NaN,NaN,NaN,NaN,NaN,NaN,NaN
11,NaN,NaN,NaN,NaN,NaN,NaN,NaN,NaN
1,NaN,NaN,NaN,NaN,NaN,NaN,NaN,NaN
2,NaN,NaN,NaN,NaN,NaN,NaN,NaN,NaN
3,NaN,NaN,NaN,NaN,NaN,NaN,NaN,NaN
4,NaN,NaN,NaN,NaN,NaN,NaN,NaN,NaN
5,NaN,NaN,NaN,NaN,NaN,NaN,NaN,NaN
6,NaN,NaN,NaN,NaN,NaN,NaN,NaN,NaN
7,NaN,NaN,NaN,NaN,NaN,NaN,NaN,NaN
8,NaN,NaN,NaN,NaN,NaN,NaN,NaN,NaN
9,NaN,NaN,NaN,NaN,NaN,NaN,NaN,NaN
10,NaN,NaN,NaN,NaN,NaN,NaN,NaN,NaN
11,NaN,NaN,NaN,NaN,NaN,NaN,NaN,NaN
1,NaN,NaN,NaN,NaN,NaN,NaN,NaN,NaN
2,NaN,NaN,NaN,NaN,NaN,NaN,NaN,NaN
3,NaN,NaN,NaN,NaN,NaN,NaN,NaN,NaN
4,NaN,NaN,NaN,NaN,NaN,NaN,NaN,NaN
5,NaN,NaN,NaN,NaN,NaN,NaN,NaN,NaN
6,NaN,NaN,NaN,NaN,NaN,NaN,NaN,NaN
7,NaN,NaN,NaN,NaN,NaN,NaN,NaN,NaN
8,NaN,NaN,NaN,NaN,NaN,NaN,NaN,NaN
9,NaN,NaN,NaN,NaN,NaN,NaN,NaN,NaN
10,NaN,NaN,NaN,NaN,NaN,NaN,NaN,NaN
11,NaN,NaN,NaN,NaN,NaN,NaN,NaN,NaN
1,NaN,NaN,NaN,NaN,NaN,NaN,NaN,NaN
2,NaN,NaN,NaN,NaN,NaN,NaN,NaN,NaN
3,NaN,NaN,NaN,NaN,NaN,NaN,NaN,NaN
4,NaN,NaN,NaN,NaN,NaN,NaN,NaN,NaN
5,NaN,NaN,NaN,NaN,NaN,NaN,NaN,NaN
6,NaN,NaN,NaN,NaN,NaN,NaN,NaN,NaN
7,NaN,NaN,NaN,NaN,NaN,NaN,NaN,NaN
8,NaN,NaN,NaN,NaN,NaN,NaN,NaN,NaN
9,NaN,NaN,NaN,NaN,NaN,NaN,NaN,NaN
10,NaN,NaN,NaN,NaN,NaN,NaN,NaN,NaN
11,NaN,NaN,NaN,NaN,NaN,NaN,NaN,NaN
1,NaN,NaN,NaN,NaN,NaN,NaN,NaN,NaN
2,NaN,NaN,NaN,NaN,NaN,NaN,NaN,NaN
3,NaN,NaN,NaN,NaN,NaN,NaN,NaN,NaN
4,NaN,NaN,NaN,NaN,NaN,NaN,NaN,NaN
5,NaN,NaN,NaN,NaN,NaN,NaN,NaN,NaN
6,NaN,NaN,NaN,NaN,NaN,NaN,NaN,NaN
7,NaN,NaN,NaN,NaN,NaN,NaN,NaN,NaN
8,NaN,NaN,NaN,NaN,NaN,NaN,NaN,NaN
9,NaN,NaN,NaN,NaN,NaN,NaN,NaN,NaN
10,NaN,NaN,NaN,NaN,NaN,NaN,NaN,NaN
11,NaN,NaN,NaN,NaN,NaN,NaN,NaN,NaN
1,NaN,NaN,NaN,NaN,NaN,NaN,NaN,NaN
2,NaN,NaN,NaN,NaN,NaN,NaN,NaN,NaN
3,NaN,NaN,NaN,NaN,NaN,NaN,NaN,NaN
4,NaN,NaN,NaN,NaN,NaN,NaN,NaN,NaN
5,NaN,NaN,NaN,NaN,NaN,NaN,NaN,NaN
6,NaN,NaN,NaN,NaN,NaN,NaN,NaN,NaN
7,NaN,NaN,NaN,NaN,NaN,NaN,NaN,NaN
8,NaN,NaN,NaN,NaN,NaN,NaN,NaN,NaN
9,NaN,NaN,NaN,NaN,NaN,NaN,NaN,NaN
10,NaN,NaN,NaN,NaN,NaN,NaN,NaN,NaN
11,NaN,NaN,NaN,NaN,NaN,NaN,NaN,NaN
1,NaN,NaN,NaN,NaN,NaN,NaN,NaN,NaN
2,NaN,NaN,NaN,NaN,NaN,NaN,NaN,NaN
3,NaN,NaN,NaN,NaN,NaN,NaN,NaN,NaN
4,NaN,NaN,NaN,NaN,NaN,NaN,NaN,NaN
5,NaN,NaN,NaN,NaN,NaN,NaN,NaN,NaN
6,NaN,NaN,NaN,NaN,NaN,NaN,NaN,NaN
7,NaN,NaN,NaN,NaN,NaN,NaN,NaN,NaN
8,NaN,NaN,NaN,NaN,NaN,NaN,NaN,NaN
9,NaN,NaN,NaN,NaN,NaN,NaN,NaN,NaN
10,NaN,NaN,NaN,NaN,NaN,NaN,NaN,NaN
11,NaN,NaN,NaN,NaN,NaN,NaN,NaN,NaN
1,NaN,NaN,NaN,NaN,NaN,NaN,NaN,NaN
2,NaN,NaN,NaN,NaN,NaN,NaN,NaN,NaN
3,NaN,NaN,NaN,NaN,NaN,NaN,NaN,NaN
4,NaN,NaN,NaN,NaN,NaN,NaN,NaN,NaN
5,NaN,NaN,NaN,NaN,NaN,NaN,NaN,NaN
6,NaN,NaN,NaN,NaN,NaN,NaN,NaN,NaN
7,NaN,NaN,NaN,NaN,NaN,NaN,NaN,NaN
8,NaN,NaN,NaN,NaN,NaN,NaN,NaN,NaN
9,NaN,NaN,NaN,NaN,NaN,NaN,NaN,NaN
10,NaN,NaN,NaN,NaN,NaN,NaN,NaN,NaN
11,NaN,NaN,NaN,NaN,NaN,NaN,NaN,NaN
1,NaN,NaN,NaN,NaN,NaN,NaN,NaN,NaN
2,NaN,NaN,NaN,NaN,NaN,NaN,NaN,NaN
3,NaN,NaN,NaN,NaN,NaN,NaN,NaN,NaN
4,NaN,NaN,NaN,NaN,NaN,NaN,NaN,NaN
5,NaN,NaN,NaN,NaN,NaN,NaN,NaN,NaN
6,NaN,NaN,NaN,NaN,NaN,NaN,NaN,NaN
7,NaN,NaN,NaN,NaN,NaN,NaN,NaN,NaN
8,NaN,NaN,NaN,NaN,NaN,NaN,NaN,NaN
9,NaN,NaN,NaN,NaN,NaN,NaN,NaN,NaN
10,NaN,NaN,NaN,NaN,NaN,NaN,NaN,NaN
11,NaN,NaN,NaN,NaN,NaN,NaN,NaN,NaN
1,NaN,NaN,NaN,NaN,NaN,NaN,NaN,NaN
2,NaN,NaN,NaN,NaN,NaN,NaN,NaN,NaN
3,NaN,NaN,NaN,NaN,NaN,NaN,NaN,NaN
4,NaN,NaN,NaN,NaN,NaN,NaN,NaN,NaN
5,NaN,NaN,NaN,NaN,NaN,NaN,NaN,NaN
6,NaN,NaN,NaN,NaN,NaN,NaN,NaN,NaN
7,NaN,NaN,NaN,NaN,NaN,NaN,NaN,NaN
8,NaN,NaN,NaN,NaN,NaN,NaN,NaN,NaN
9,NaN,NaN,NaN,NaN,NaN,NaN,NaN,NaN
10,NaN,NaN,NaN,NaN,NaN,NaN,NaN,NaN
11,NaN,NaN,NaN,NaN,NaN,NaN,NaN,NaN
1,NaN,NaN,NaN,NaN,NaN,NaN,NaN,NaN
2,NaN,NaN,NaN,NaN,NaN,NaN,NaN,NaN
3,NaN,NaN,NaN,NaN,NaN,NaN,NaN,NaN
4,NaN,NaN,NaN,NaN,NaN,NaN,NaN,NaN
5,NaN,NaN,NaN,NaN,NaN,NaN,NaN,NaN
6,NaN,NaN,NaN,NaN,NaN,NaN,NaN,NaN
7,NaN,NaN,NaN,NaN,NaN,NaN,NaN,NaN
8,NaN,NaN,NaN,NaN,NaN,NaN,NaN,NaN
9,NaN,NaN,NaN,NaN,NaN,NaN,NaN,NaN
10,NaN,NaN,NaN,NaN,NaN,NaN,NaN,NaN
11,NaN,NaN,NaN,NaN,NaN,NaN,NaN,NaN
1,NaN,NaN,NaN,NaN,NaN,NaN,NaN,NaN
2,NaN,NaN,NaN,NaN,NaN,NaN,NaN,NaN
3,NaN,NaN,NaN,NaN,NaN,NaN,NaN,NaN
4,NaN,NaN,NaN,NaN,NaN,NaN,NaN,NaN
5,NaN,NaN,NaN,NaN,NaN,NaN,NaN,NaN
6,NaN,NaN,NaN,NaN,NaN,NaN,NaN,NaN
7,NaN,NaN,NaN,NaN,NaN,NaN,NaN,NaN
8,NaN,NaN,NaN,NaN,NaN,NaN,NaN,NaN
9,NaN,NaN,NaN,NaN,NaN,NaN,NaN,NaN
10,NaN,NaN,NaN,NaN,NaN,NaN,NaN,NaN
11,NaN,NaN,NaN,NaN,NaN,NaN,NaN,NaN
1,NaN,NaN,NaN,NaN,NaN,NaN,NaN,NaN
2,NaN,NaN,NaN,NaN,NaN,NaN,NaN,NaN
3,NaN,NaN,NaN,NaN,NaN,NaN,NaN,NaN
4,NaN,NaN,NaN,NaN,NaN,NaN,NaN,NaN
5,NaN,NaN,NaN,NaN,NaN,NaN,NaN,NaN
6,NaN,NaN,NaN,NaN,NaN,NaN,NaN,NaN
7,NaN,NaN,NaN,NaN,NaN,NaN,NaN,NaN
8,NaN,NaN,NaN,NaN,NaN,NaN,NaN,NaN
9,NaN,NaN,NaN,NaN,NaN,NaN,NaN,NaN
10,NaN,NaN,NaN,NaN,NaN,NaN,NaN,NaN
11,NaN,NaN,NaN,NaN,NaN,NaN,NaN,NaN
1,NaN,NaN,NaN,NaN,NaN,NaN,NaN,NaN
2,NaN,NaN,NaN,NaN,NaN,NaN,NaN,NaN
3,NaN,NaN,NaN,NaN,NaN,NaN,NaN,NaN
4,NaN,NaN,NaN,NaN,NaN,NaN,NaN,NaN
5,NaN,NaN,NaN,NaN,NaN,NaN,NaN,NaN
6,NaN,NaN,NaN,NaN,NaN,NaN,NaN,NaN
7,NaN,NaN,NaN,NaN,NaN,NaN,NaN,NaN
8,NaN,NaN,NaN,NaN,NaN,NaN,NaN,NaN
9,NaN,NaN,NaN,NaN,NaN,NaN,NaN,NaN
10,NaN,NaN,NaN,NaN,NaN,NaN,NaN,NaN
11,NaN,NaN,NaN,NaN,NaN,NaN,NaN,NaN
1,NaN,NaN,NaN,NaN,NaN,NaN,NaN,NaN
2,NaN,NaN,NaN,NaN,NaN,NaN,NaN,NaN
3,NaN,NaN,NaN,NaN,NaN,NaN,NaN,NaN
4,NaN,NaN,NaN,NaN,NaN,NaN,NaN,NaN
5,NaN,NaN,NaN,NaN,NaN,NaN,NaN,NaN
6,NaN,NaN,NaN,NaN,NaN,NaN,NaN,NaN
7,NaN,NaN,NaN,NaN,NaN,NaN,NaN,NaN
8,NaN,NaN,NaN,NaN,NaN,NaN,NaN,NaN
9,NaN,NaN,NaN,NaN,NaN,NaN,NaN,NaN
10,NaN,NaN,NaN,NaN,NaN,NaN,NaN,NaN
11,NaN,NaN,NaN,NaN,NaN,NaN,NaN,NaN
1,NaN,NaN,NaN,NaN,NaN,NaN,NaN,NaN
2,NaN,NaN,NaN,NaN,NaN,NaN,NaN,NaN
3,NaN,NaN,NaN,NaN,NaN,NaN,NaN,NaN
4,NaN,NaN,NaN,NaN,NaN,NaN,NaN,NaN
5,NaN,NaN,NaN,NaN,NaN,NaN,NaN,NaN
6,NaN,NaN,NaN,NaN,NaN,NaN,NaN,NaN
7,NaN,NaN,NaN,NaN,NaN,NaN,NaN,NaN
8,NaN,NaN,NaN,NaN,NaN,NaN,NaN,NaN
9,NaN,NaN,NaN,NaN,NaN,NaN,NaN,NaN
10,NaN,NaN,NaN,NaN,NaN,NaN,NaN,NaN
11,NaN,NaN,NaN,NaN,NaN,NaN,NaN,NaN
1,NaN,NaN,NaN,NaN,NaN,NaN,NaN,NaN
2,NaN,NaN,NaN,NaN,NaN,NaN,NaN,NaN
3,NaN,NaN,NaN,NaN,NaN,NaN,NaN,NaN
4,NaN,NaN,NaN,NaN,NaN,NaN,NaN,NaN
5,NaN,NaN,NaN,NaN,NaN,NaN,NaN,NaN
6,NaN,NaN,NaN,NaN,NaN,NaN,NaN,NaN
7,NaN,NaN,NaN,NaN,NaN,NaN,NaN,NaN
8,NaN,NaN,NaN,NaN,NaN,NaN,NaN,NaN
9,NaN,NaN,NaN,NaN,NaN,NaN,NaN,NaN
10,NaN,NaN,NaN,NaN,NaN,NaN,NaN,NaN
11,NaN,NaN,NaN,NaN,NaN,NaN,NaN,NaN
1,NaN,NaN,NaN,NaN,NaN,NaN,NaN,NaN
2,NaN,NaN,NaN,NaN,NaN,NaN,NaN,NaN
3,NaN,NaN,NaN,NaN,NaN,NaN,NaN,NaN
4,NaN,NaN,NaN,NaN,NaN,NaN,NaN,NaN
5,NaN,NaN,NaN,NaN,NaN,NaN,NaN,NaN
6,NaN,NaN,NaN,NaN,NaN,NaN,NaN,NaN
7,NaN,NaN,NaN,NaN,NaN,NaN,NaN,NaN
8,NaN,NaN,NaN,NaN,NaN,NaN,NaN,NaN
9,NaN,NaN,NaN,NaN,NaN,NaN,NaN,NaN
10,NaN,NaN,NaN,NaN,NaN,NaN,NaN,NaN
11,NaN,NaN,NaN,NaN,NaN,NaN,NaN,NaN
1,NaN,NaN,NaN,NaN,NaN,NaN,NaN,NaN
2,NaN,NaN,NaN,NaN,NaN,NaN,NaN,NaN
3,NaN,NaN,NaN,NaN,NaN,NaN,NaN,NaN
4,NaN,NaN,NaN,NaN,NaN,NaN,NaN,NaN
5,NaN,NaN,NaN,NaN,NaN,NaN,NaN,NaN
6,NaN,NaN,NaN,NaN,NaN,NaN,NaN,NaN
7,NaN,NaN,NaN,NaN,NaN,NaN,NaN,NaN
8,NaN,NaN,NaN,NaN,NaN,NaN,NaN,NaN
9,NaN,NaN,NaN,NaN,NaN,NaN,NaN,NaN
10,NaN,NaN,NaN,NaN,NaN,NaN,NaN,NaN
11,NaN,NaN,NaN,NaN,NaN,NaN,NaN,NaN
1,NaN,NaN,NaN,NaN,NaN,NaN,NaN,NaN
2,NaN,NaN,NaN,NaN,NaN,NaN,NaN,NaN
3,NaN,NaN,NaN,NaN,NaN,NaN,NaN,NaN
4,NaN,NaN,NaN,NaN,NaN,NaN,NaN,NaN
5,NaN,NaN,NaN,NaN,NaN,NaN,NaN,NaN
6,NaN,NaN,NaN,NaN,NaN,NaN,NaN,NaN
7,NaN,NaN,NaN,NaN,NaN,NaN,NaN,NaN
8,NaN,NaN,NaN,NaN,NaN,NaN,NaN,NaN
9,NaN,NaN,NaN,NaN,NaN,NaN,NaN,NaN
10,NaN,NaN,NaN,NaN,NaN,NaN,NaN,NaN
11,NaN,NaN,NaN,NaN,NaN,NaN,NaN,NaN
1,NaN,NaN,NaN,NaN,NaN,NaN,NaN,NaN
2,NaN,NaN,NaN,NaN,NaN,NaN,NaN,NaN
3,NaN,NaN,NaN,NaN,NaN,NaN,NaN,NaN
4,NaN,NaN,NaN,NaN,NaN,NaN,NaN,NaN
5,NaN,NaN,NaN,NaN,NaN,NaN,NaN,NaN
6,NaN,NaN,NaN,NaN,NaN,NaN,NaN,NaN
7,NaN,NaN,NaN,NaN,NaN,NaN,NaN,NaN
8,NaN,NaN,NaN,NaN,NaN,NaN,NaN,NaN
9,NaN,NaN,NaN,NaN,NaN,NaN,NaN,NaN
10,NaN,NaN,NaN,NaN,NaN,NaN,NaN,NaN
11,NaN,NaN,NaN,NaN,NaN,NaN,NaN,NaN
1,NaN,NaN,NaN,NaN,NaN,NaN,NaN,NaN
2,NaN,NaN,NaN,NaN,NaN,NaN,NaN,NaN
3,NaN,NaN,NaN,NaN,NaN,NaN,NaN,NaN
4,NaN,NaN,NaN,NaN,NaN,NaN,NaN,NaN
5,NaN,NaN,NaN,NaN,NaN,NaN,NaN,NaN
6,NaN,NaN,NaN,NaN,NaN,NaN,NaN,NaN
7,NaN,NaN,NaN,NaN,NaN,NaN,NaN,NaN
8,NaN,NaN,NaN,NaN,NaN,NaN,NaN,NaN
9,NaN,NaN,NaN,NaN,NaN,NaN,NaN,NaN
10,NaN,NaN,NaN,NaN,NaN,NaN,NaN,NaN
11,NaN,NaN,NaN,NaN,NaN,NaN,NaN,NaN
1,NaN,NaN,NaN,NaN,NaN,NaN,NaN,NaN
2,NaN,NaN,NaN,NaN,NaN,NaN,NaN,NaN
3,NaN,NaN,NaN,NaN,NaN,NaN,NaN,NaN
4,NaN,NaN,NaN,NaN,NaN,NaN,NaN,NaN
5,NaN,NaN,NaN,NaN,NaN,NaN,NaN,NaN
6,NaN,NaN,NaN,NaN,NaN,NaN,NaN,NaN
7,NaN,NaN,NaN,NaN,NaN,NaN,NaN,NaN
8,NaN,NaN,NaN,NaN,NaN,NaN,NaN,NaN
9,NaN,NaN,NaN,NaN,NaN,NaN,NaN,NaN
10,NaN,NaN,NaN,NaN,NaN,NaN,NaN,NaN
11,NaN,NaN,NaN,NaN,NaN,NaN,NaN,NaN
1,NaN,NaN,NaN,NaN,NaN,NaN,NaN,NaN
2,NaN,NaN,NaN,NaN,NaN,NaN,NaN,NaN
3,NaN,NaN,NaN,NaN,NaN,NaN,NaN,NaN
4,NaN,NaN,NaN,NaN,NaN,NaN,NaN,NaN
5,NaN,NaN,NaN,NaN,NaN,NaN,NaN,NaN
6,NaN,NaN,NaN,NaN,NaN,NaN,NaN,NaN
7,NaN,NaN,NaN,NaN,NaN,NaN,NaN,NaN
8,NaN,NaN,NaN,NaN,NaN,NaN,NaN,NaN
9,NaN,NaN,NaN,NaN,NaN,NaN,NaN,NaN
10,NaN,NaN,NaN,NaN,NaN,NaN,NaN,NaN
11,NaN,NaN,NaN,NaN,NaN,NaN,NaN,NaN
1,NaN,NaN,NaN,NaN,NaN,NaN,NaN,NaN
2,NaN,NaN,NaN,NaN,NaN,NaN,NaN,NaN
3,NaN,NaN,NaN,NaN,NaN,NaN,NaN,NaN
4,NaN,NaN,NaN,NaN,NaN,NaN,NaN,NaN
5,NaN,NaN,NaN,NaN,NaN,NaN,NaN,NaN
6,NaN,NaN,NaN,NaN,NaN,NaN,NaN,NaN
7,NaN,NaN,NaN,NaN,NaN,NaN,NaN,NaN
8,NaN,NaN,NaN,NaN,NaN,NaN,NaN,NaN
9,NaN,NaN,NaN,NaN,NaN,NaN,NaN,NaN
10,NaN,NaN,NaN,NaN,NaN,NaN,NaN,NaN
11,NaN,NaN,NaN,NaN,NaN,NaN,NaN,NaN
1,NaN,NaN,NaN,NaN,NaN,NaN,NaN,NaN
2,NaN,NaN,NaN,NaN,NaN,NaN,NaN,NaN
3,NaN,NaN,NaN,NaN,NaN,NaN,NaN,NaN
4,NaN,NaN,NaN,NaN,NaN,NaN,NaN,NaN
5,NaN,NaN,NaN,NaN,NaN,NaN,NaN,NaN
6,NaN,NaN,NaN,NaN,NaN,NaN,NaN,NaN
7,NaN,NaN,NaN,NaN,NaN,NaN,NaN,NaN
8,NaN,NaN,NaN,NaN,NaN,NaN,NaN,NaN
9,NaN,NaN,NaN,NaN,NaN,NaN,NaN,NaN
10,NaN,NaN,NaN,NaN,NaN,NaN,NaN,NaN
11,NaN,NaN,NaN,NaN,NaN,NaN,NaN,NaN
1,NaN,NaN,NaN,NaN,NaN,NaN,NaN,NaN
2,NaN,NaN,NaN,NaN,NaN,NaN,NaN,NaN
3,NaN,NaN,NaN,NaN,NaN,NaN,NaN,NaN
4,NaN,NaN,NaN,NaN,NaN,NaN,NaN,NaN
5,NaN,NaN,NaN,NaN,NaN,NaN,NaN,NaN
6,NaN,NaN,NaN,NaN,NaN,NaN,NaN,NaN
7,NaN,NaN,NaN,NaN,NaN,NaN,NaN,NaN
8,NaN,NaN,NaN,NaN,NaN,NaN,NaN,NaN
9,NaN,NaN,NaN,NaN,NaN,NaN,NaN,NaN
10,NaN,NaN,NaN,NaN,NaN,NaN,NaN,NaN
11,NaN,NaN,NaN,NaN,NaN,NaN,NaN,NaN
1,NaN,NaN,NaN,NaN,NaN,NaN,NaN,NaN
2,NaN,NaN,NaN,NaN,NaN,NaN,NaN,NaN
3,NaN,NaN,NaN,NaN,NaN,NaN,NaN,NaN
4,NaN,NaN,NaN,NaN,NaN,NaN,NaN,NaN
5,NaN,NaN,NaN,NaN,NaN,NaN,NaN,NaN
6,NaN,NaN,NaN,NaN,NaN,NaN,NaN,NaN
7,NaN,NaN,NaN,NaN,NaN,NaN,NaN,NaN
8,NaN,NaN,NaN,NaN,NaN,NaN,NaN,NaN
9,NaN,NaN,NaN,NaN,NaN,NaN,NaN,NaN
10,NaN,NaN,NaN,NaN,NaN,NaN,NaN,NaN
11,NaN,NaN,NaN,NaN,NaN,NaN,NaN,NaN
1,NaN,NaN,NaN,NaN,NaN,NaN,NaN,NaN
2,NaN,NaN,NaN,NaN,NaN,NaN,NaN,NaN
3,NaN,NaN,NaN,NaN,NaN,NaN,NaN,NaN
4,NaN,NaN,NaN,NaN,NaN,NaN,NaN,NaN
5,NaN,NaN,NaN,NaN,NaN,NaN,NaN,NaN
6,NaN,NaN,NaN,NaN,NaN,NaN,NaN,NaN
7,NaN,NaN,NaN,NaN,NaN,NaN,NaN,NaN
8,NaN,NaN,NaN,NaN,NaN,NaN,NaN,NaN
9,NaN,NaN,NaN,NaN,NaN,NaN,NaN,NaN
10,NaN,NaN,NaN,NaN,NaN,NaN,NaN,NaN
11,NaN,NaN,NaN,NaN,NaN,NaN,NaN,NaN
1,NaN,NaN,NaN,NaN,NaN,NaN,NaN,NaN
2,NaN,NaN,NaN,NaN,NaN,NaN,NaN,NaN
3,NaN,NaN,NaN,NaN,NaN,NaN,NaN,NaN
4,NaN,NaN,NaN,NaN,NaN,NaN,NaN,NaN
5,NaN,NaN,NaN,NaN,NaN,NaN,NaN,NaN
6,NaN,NaN,NaN,NaN,NaN,NaN,NaN,NaN
7,NaN,NaN,NaN,NaN,NaN,NaN,NaN,NaN
8,NaN,NaN,NaN,NaN,NaN,NaN,NaN,NaN
9,NaN,NaN,NaN,NaN,NaN,NaN,NaN,NaN
10,NaN,NaN,NaN,NaN,NaN,NaN,NaN,NaN
11,NaN,NaN,NaN,NaN,NaN,NaN,NaN,NaN
1,NaN,NaN,NaN,NaN,NaN,NaN,NaN,NaN
2,NaN,NaN,NaN,NaN,NaN,NaN,NaN,NaN
3,NaN,NaN,NaN,NaN,NaN,NaN,NaN,NaN
4,NaN,NaN,NaN,NaN,NaN,NaN,NaN,NaN
5,NaN,NaN,NaN,NaN,NaN,NaN,NaN,NaN
6,NaN,NaN,NaN,NaN,NaN,NaN,NaN,NaN
7,NaN,NaN,NaN,NaN,NaN,NaN,NaN,NaN
8,NaN,NaN,NaN,NaN,NaN,NaN,NaN,NaN
9,NaN,NaN,NaN,NaN,NaN,NaN,NaN,NaN
10,NaN,NaN,NaN,NaN,NaN,NaN,NaN,NaN
11,NaN,NaN,NaN,NaN,NaN,NaN,NaN,NaN
1,NaN,NaN,NaN,NaN,NaN,NaN,NaN,NaN
2,NaN,NaN,NaN,NaN,NaN,NaN,NaN,NaN
3,NaN,NaN,NaN,NaN,NaN,NaN,NaN,NaN
4,NaN,NaN,NaN,NaN,NaN,NaN,NaN,NaN
5,NaN,NaN,NaN,NaN,NaN,NaN,NaN,NaN
6,NaN,NaN,NaN,NaN,NaN,NaN,NaN,NaN
7,NaN,NaN,NaN,NaN,NaN,NaN,NaN,NaN
8,NaN,NaN,NaN,NaN,NaN,NaN,NaN,NaN
9,NaN,NaN,NaN,NaN,NaN,NaN,NaN,NaN
10,NaN,NaN,NaN,NaN,NaN,NaN,NaN,NaN
11,NaN,NaN,NaN,NaN,NaN,NaN,NaN,NaN
1,NaN,NaN,NaN,NaN,NaN,NaN,NaN,NaN
2,NaN,NaN,NaN,NaN,NaN,NaN,NaN,NaN
3,NaN,NaN,NaN,NaN,NaN,NaN,NaN,NaN
4,NaN,NaN,NaN,NaN,NaN,NaN,NaN,NaN
5,NaN,NaN,NaN,NaN,NaN,NaN,NaN,NaN
6,NaN,NaN,NaN,NaN,NaN,NaN,NaN,NaN
7,NaN,NaN,NaN,NaN,NaN,NaN,NaN,NaN
8,NaN,NaN,NaN,NaN,NaN,NaN,NaN,NaN
9,NaN,NaN,NaN,NaN,NaN,NaN,NaN,NaN
10,NaN,NaN,NaN,NaN,NaN,NaN,NaN,NaN
11,NaN,NaN,NaN,NaN,NaN,NaN,NaN,NaN
1,NaN,NaN,NaN,NaN,NaN,NaN,NaN,NaN
2,NaN,NaN,NaN,NaN,NaN,NaN,NaN,NaN
3,NaN,NaN,NaN,NaN,NaN,NaN,NaN,NaN
4,NaN,NaN,NaN,NaN,NaN,NaN,NaN,NaN
5,NaN,NaN,NaN,NaN,NaN,NaN,NaN,NaN
6,NaN,NaN,NaN,NaN,NaN,NaN,NaN,NaN
7,NaN,NaN,NaN,NaN,NaN,NaN,NaN,NaN
8,NaN,NaN,NaN,NaN,NaN,NaN,NaN,NaN
9,NaN,NaN,NaN,NaN,NaN,NaN,NaN,NaN
10,NaN,NaN,NaN,NaN,NaN,NaN,NaN,NaN
11,NaN,NaN,NaN,NaN,NaN,NaN,NaN,NaN
1,NaN,NaN,NaN,NaN,NaN,NaN,NaN,NaN
2,NaN,NaN,NaN,NaN,NaN,NaN,NaN,NaN
3,NaN,NaN,NaN,NaN,NaN,NaN,NaN,NaN
4,NaN,NaN,NaN,NaN,NaN,NaN,NaN,NaN
5,NaN,NaN,NaN,NaN,NaN,NaN,NaN,NaN
6,NaN,NaN,NaN,NaN,NaN,NaN,NaN,NaN
7,NaN,NaN,NaN,NaN,NaN,NaN,NaN,NaN
8,NaN,NaN,NaN,NaN,NaN,NaN,NaN,NaN
9,NaN,NaN,NaN,NaN,NaN,NaN,NaN,NaN
10,NaN,NaN,NaN,NaN,NaN,NaN,NaN,NaN
11,NaN,NaN,NaN,NaN,NaN,NaN,NaN,NaN
1,NaN,NaN,NaN,NaN,NaN,NaN,NaN,NaN
2,NaN,NaN,NaN,NaN,NaN,NaN,NaN,NaN
3,NaN,NaN,NaN,NaN,NaN,NaN,NaN,NaN
4,NaN,NaN,NaN,NaN,NaN,NaN,NaN,NaN
5,NaN,NaN,NaN,NaN,NaN,NaN,NaN,NaN
6,NaN,NaN,NaN,NaN,NaN,NaN,NaN,NaN
7,NaN,NaN,NaN,NaN,NaN,NaN,NaN,NaN
8,NaN,NaN,NaN,NaN,NaN,NaN,NaN,NaN
9,NaN,NaN,NaN,NaN,NaN,NaN,NaN,NaN
10,NaN,NaN,NaN,NaN,NaN,NaN,NaN,NaN
11,NaN,NaN,NaN,NaN,NaN,NaN,NaN,NaN
1,NaN,NaN,NaN,NaN,NaN,NaN,NaN,NaN
2,NaN,NaN,NaN,NaN,NaN,NaN,NaN,NaN
3,NaN,NaN,NaN,NaN,NaN,NaN,NaN,NaN
4,NaN,NaN,NaN,NaN,NaN,NaN,NaN,NaN
5,NaN,NaN,NaN,NaN,NaN,NaN,NaN,NaN
6,NaN,NaN,NaN,NaN,NaN,NaN,NaN,NaN
7,NaN,NaN,NaN,NaN,NaN,NaN,NaN,NaN
8,NaN,NaN,NaN,NaN,NaN,NaN,NaN,NaN
9,NaN,NaN,NaN,NaN,NaN,NaN,NaN,NaN
10,NaN,NaN,NaN,NaN,NaN,NaN,NaN,NaN
11,NaN,NaN,NaN,NaN,NaN,NaN,NaN,NaN
1,NaN,NaN,NaN,NaN,NaN,NaN,NaN,NaN
2,NaN,NaN,NaN,NaN,NaN,NaN,NaN,NaN
3,NaN,NaN,NaN,NaN,NaN,NaN,NaN,NaN
4,NaN,NaN,NaN,NaN,NaN,NaN,NaN,NaN
5,NaN,NaN,NaN,NaN,NaN,NaN,NaN,NaN
6,NaN,NaN,NaN,NaN,NaN,NaN,NaN,NaN
7,NaN,NaN,NaN,NaN,NaN,NaN,NaN,NaN
8,NaN,NaN,NaN,NaN,NaN,NaN,NaN,NaN
9,NaN,NaN,NaN,NaN,NaN,NaN,NaN,NaN
10,NaN,NaN,NaN,NaN,NaN,NaN,NaN,NaN
11,NaN,NaN,NaN,NaN,NaN,NaN,NaN,NaN
1,NaN,NaN,NaN,NaN,NaN,NaN,NaN,NaN
2,NaN,NaN,NaN,NaN,NaN,NaN,NaN,NaN
3,NaN,NaN,NaN,NaN,NaN,NaN,NaN,NaN
4,NaN,NaN,NaN,NaN,NaN,NaN,NaN,NaN
5,NaN,NaN,NaN,NaN,NaN,NaN,NaN,NaN
6,NaN,NaN,NaN,NaN,NaN,NaN,NaN,NaN
7,NaN,NaN,NaN,NaN,NaN,NaN,NaN,NaN
8,NaN,NaN,NaN,NaN,NaN,NaN,NaN,NaN
9,NaN,NaN,NaN,NaN,NaN,NaN,NaN,NaN
10,NaN,NaN,NaN,NaN,NaN,NaN,NaN,NaN
11,NaN,NaN,NaN,NaN,NaN,NaN,NaN,NaN
1,NaN,NaN,NaN,NaN,NaN,NaN,NaN,NaN
2,NaN,NaN,NaN,NaN,NaN,NaN,NaN,NaN
3,NaN,NaN,NaN,NaN,NaN,NaN,NaN,NaN
4,NaN,NaN,NaN,NaN,NaN,NaN,NaN,NaN
5,NaN,NaN,NaN,NaN,NaN,NaN,NaN,NaN
6,NaN,NaN,NaN,NaN,NaN,NaN,NaN,NaN
7,NaN,NaN,NaN,NaN,NaN,NaN,NaN,NaN
8,NaN,NaN,NaN,NaN,NaN,NaN,NaN,NaN
9,NaN,NaN,NaN,NaN,NaN,NaN,NaN,NaN
10,NaN,NaN,NaN,NaN,NaN,NaN,NaN,NaN
11,NaN,NaN,NaN,NaN,NaN,NaN,NaN,NaN
1,NaN,NaN,NaN,NaN,NaN,NaN,NaN,NaN
2,NaN,NaN,NaN,NaN,NaN,NaN,NaN,NaN
3,NaN,NaN,NaN,NaN,NaN,NaN,NaN,NaN
4,NaN,NaN,NaN,NaN,NaN,NaN,NaN,NaN
5,NaN,NaN,NaN,NaN,NaN,NaN,NaN,NaN
6,NaN,NaN,NaN,NaN,NaN,NaN,NaN,NaN
7,NaN,NaN,NaN,NaN,NaN,NaN,NaN,NaN
8,NaN,NaN,NaN,NaN,NaN,NaN,NaN,NaN
9,NaN,NaN,NaN,NaN,NaN,NaN,NaN,NaN
10,NaN,NaN,NaN,NaN,NaN,NaN,NaN,NaN
11,NaN,NaN,NaN,NaN,NaN,NaN,NaN,NaN
1,NaN,NaN,NaN,NaN,NaN,NaN,NaN,NaN
2,NaN,NaN,NaN,NaN,NaN,NaN,NaN,NaN
3,NaN,NaN,NaN,NaN,NaN,NaN,NaN,NaN
4,NaN,NaN,NaN,NaN,NaN,NaN,NaN,NaN
5,NaN,NaN,NaN,NaN,NaN,NaN,NaN,NaN
6,NaN,NaN,NaN,NaN,NaN,NaN,NaN,NaN
7,NaN,NaN,NaN,NaN,NaN,NaN,NaN,NaN
8,NaN,NaN,NaN,NaN,NaN,NaN,NaN,NaN
9,NaN,NaN,NaN,NaN,NaN,NaN,NaN,NaN
10,NaN,NaN,NaN,NaN,NaN,NaN,NaN,NaN
11,NaN,NaN,NaN,NaN,NaN,NaN,NaN,NaN
1,NaN,NaN,NaN,NaN,NaN,NaN,NaN,NaN
2,NaN,NaN,NaN,NaN,NaN,NaN,NaN,NaN
3,NaN,NaN,NaN,NaN,NaN,NaN,NaN,NaN
4,NaN,NaN,NaN,NaN,NaN,NaN,NaN,NaN
5,NaN,NaN,NaN,NaN,NaN,NaN,NaN,NaN
6,NaN,NaN,NaN,NaN,NaN,NaN,NaN,NaN
7,NaN,NaN,NaN,NaN,NaN,NaN,NaN,NaN
8,NaN,NaN,NaN,NaN,NaN,NaN,NaN,NaN
9,NaN,NaN,NaN,NaN,NaN,NaN,NaN,NaN
10,NaN,NaN,NaN,NaN,NaN,NaN,NaN,NaN
11,NaN,NaN,NaN,NaN,NaN,NaN,NaN,NaN
1,NaN,NaN,NaN,NaN,NaN,NaN,NaN,NaN
2,NaN,NaN,NaN,NaN,NaN,NaN,NaN,NaN
3,NaN,NaN,NaN,NaN,NaN,NaN,NaN,NaN
4,NaN,NaN,NaN,NaN,NaN,NaN,NaN,NaN
5,NaN,NaN,NaN,NaN,NaN,NaN,NaN,NaN
6,NaN,NaN,NaN,NaN,NaN,NaN,NaN,NaN
7,NaN,NaN,NaN,NaN,NaN,NaN,NaN,NaN
8,NaN,NaN,NaN,NaN,NaN,NaN,NaN,NaN
9,NaN,NaN,NaN,NaN,NaN,NaN,NaN,NaN
10,NaN,NaN,NaN,NaN,NaN,NaN,NaN,NaN
11,NaN,NaN,NaN,NaN,NaN,NaN,NaN,NaN
1,NaN,NaN,NaN,NaN,NaN,NaN,NaN,NaN
2,NaN,NaN,NaN,NaN,NaN,NaN,NaN,NaN
3,NaN,NaN,NaN,NaN,NaN,NaN,NaN,NaN
4,NaN,NaN,NaN,NaN,NaN,NaN,NaN,NaN
5,NaN,NaN,NaN,NaN,NaN,NaN,NaN,NaN
6,NaN,NaN,NaN,NaN,NaN,NaN,NaN,NaN
7,NaN,NaN,NaN,NaN,NaN,NaN,NaN,NaN
8,NaN,NaN,NaN,NaN,NaN,NaN,NaN,NaN
9,NaN,NaN,NaN,NaN,NaN,NaN,NaN,NaN
10,NaN,NaN,NaN,NaN,NaN,NaN,NaN,NaN
11,NaN,NaN,NaN,NaN,NaN,NaN,NaN,NaN
1,NaN,NaN,NaN,NaN,NaN,NaN,NaN,NaN
2,NaN,NaN,NaN,NaN,NaN,NaN,NaN,NaN
3,NaN,NaN,NaN,NaN,NaN,NaN,NaN,NaN
4,NaN,NaN,NaN,NaN,NaN,NaN,NaN,NaN
5,NaN,NaN,NaN,NaN,NaN,NaN,NaN,NaN
6,NaN,NaN,NaN,NaN,NaN,NaN,NaN,NaN
7,NaN,NaN,NaN,NaN,NaN,NaN,NaN,NaN
8,NaN,NaN,NaN,NaN,NaN,NaN,NaN,NaN
9,NaN,NaN,NaN,NaN,NaN,NaN,NaN,NaN
10,NaN,NaN,NaN,NaN,NaN,NaN,NaN,NaN
11,NaN,NaN,NaN,NaN,NaN,NaN,NaN,NaN
1,NaN,NaN,NaN,NaN,NaN,NaN,NaN,NaN
2,NaN,NaN,NaN,NaN,NaN,NaN,NaN,NaN
3,NaN,NaN,NaN,NaN,NaN,NaN,NaN,NaN
4,NaN,NaN,NaN,NaN,NaN,NaN,NaN,NaN
5,NaN,NaN,NaN,NaN,NaN,NaN,NaN,NaN
6,NaN,NaN,NaN,NaN,NaN,NaN,NaN,NaN
7,NaN,NaN,NaN,NaN,NaN,NaN,NaN,NaN
8,NaN,NaN,NaN,NaN,NaN,NaN,NaN,NaN
9,NaN,NaN,NaN,NaN,NaN,NaN,NaN,NaN
10,NaN,NaN,NaN,NaN,NaN,NaN,NaN,NaN
11,NaN,NaN,NaN,NaN,NaN,NaN,NaN,NaN
1,NaN,NaN,NaN,NaN,NaN,NaN,NaN,NaN
2,NaN,NaN,NaN,NaN,NaN,NaN,NaN,NaN
3,NaN,NaN,NaN,NaN,NaN,NaN,NaN,NaN
4,NaN,NaN,NaN,NaN,NaN,NaN,NaN,NaN
5,NaN,NaN,NaN,NaN,NaN,NaN,NaN,NaN
6,NaN,NaN,NaN,NaN,NaN,NaN,NaN,NaN
7,NaN,NaN,NaN,NaN,NaN,NaN,NaN,NaN
8,NaN,NaN,NaN,NaN,NaN,NaN,NaN,NaN
9,NaN,NaN,NaN,NaN,NaN,NaN,NaN,NaN
10,NaN,NaN,NaN,NaN,NaN,NaN,NaN,NaN
11,NaN,NaN,NaN,NaN,NaN,NaN,NaN,NaN
1,NaN,NaN,NaN,NaN,NaN,NaN,NaN,NaN
2,NaN,NaN,NaN,NaN,NaN,NaN,NaN,NaN
3,NaN,NaN,NaN,NaN,NaN,NaN,NaN,NaN
4,NaN,NaN,NaN,NaN,NaN,NaN,NaN,NaN
5,NaN,NaN,NaN,NaN,NaN,NaN,NaN,NaN
6,NaN,NaN,NaN,NaN,NaN,NaN,NaN,NaN
7,NaN,NaN,NaN,NaN,NaN,NaN,NaN,NaN
8,NaN,NaN,NaN,NaN,NaN,NaN,NaN,NaN
9,NaN,NaN,NaN,NaN,NaN,NaN,NaN,NaN
10,NaN,NaN,NaN,NaN,NaN,NaN,NaN,NaN
11,NaN,NaN,NaN,NaN,NaN,NaN,NaN,NaN
1,NaN,NaN,NaN,NaN,NaN,NaN,NaN,NaN
2,NaN,NaN,NaN,NaN,NaN,NaN,NaN,NaN
3,NaN,NaN,NaN,NaN,NaN,NaN,NaN,NaN
4,NaN,NaN,NaN,NaN,NaN,NaN,NaN,NaN
5,NaN,NaN,NaN,NaN,NaN,NaN,NaN,NaN
6,NaN,NaN,NaN,NaN,NaN,NaN,NaN,NaN
7,NaN,NaN,NaN,NaN,NaN,NaN,NaN,NaN
8,NaN,NaN,NaN,NaN,NaN,NaN,NaN,NaN
9,NaN,NaN,NaN,NaN,NaN,NaN,NaN,NaN
10,NaN,NaN,NaN,NaN,NaN,NaN,NaN,NaN
11,NaN,NaN,NaN,NaN,NaN,NaN,NaN,NaN
1,NaN,NaN,NaN,NaN,NaN,NaN,NaN,NaN
2,NaN,NaN,NaN,NaN,NaN,NaN,NaN,NaN
3,NaN,NaN,NaN,NaN,NaN,NaN,NaN,NaN
4,NaN,NaN,NaN,NaN,NaN,NaN,NaN,NaN
5,NaN,NaN,NaN,NaN,NaN,NaN,NaN,NaN
6,NaN,NaN,NaN,NaN,NaN,NaN,NaN,NaN
7,NaN,NaN,NaN,NaN,NaN,NaN,NaN,NaN
8,NaN,NaN,NaN,NaN,NaN,NaN,NaN,NaN
9,NaN,NaN,NaN,NaN,NaN,NaN,NaN,NaN
10,NaN,NaN,NaN,NaN,NaN,NaN,NaN,NaN
11,NaN,NaN,NaN,NaN,NaN,NaN,NaN,NaN
1,NaN,NaN,NaN,NaN,NaN,NaN,NaN,NaN
2,NaN,NaN,NaN,NaN,NaN,NaN,NaN,NaN
3,NaN,NaN,NaN,NaN,NaN,NaN,NaN,NaN
4,NaN,NaN,NaN,NaN,NaN,NaN,NaN,NaN
5,NaN,NaN,NaN,NaN,NaN,NaN,NaN,NaN
6,NaN,NaN,NaN,NaN,NaN,NaN,NaN,NaN
7,NaN,NaN,NaN,NaN,NaN,NaN,NaN,NaN
8,NaN,NaN,NaN,NaN,NaN,NaN,NaN,NaN
9,NaN,NaN,NaN,NaN,NaN,NaN,NaN,NaN
10,NaN,NaN,NaN,NaN,NaN,NaN,NaN,NaN
11,NaN,NaN,NaN,NaN,NaN,NaN,NaN,NaN
1,NaN,NaN,NaN,NaN,NaN,NaN,NaN,NaN
2,NaN,NaN,NaN,NaN,NaN,NaN,NaN,NaN
3,NaN,NaN,NaN,NaN,NaN,NaN,NaN,NaN
4,NaN,NaN,NaN,NaN,NaN,NaN,NaN,NaN
5,NaN,NaN,NaN,NaN,NaN,NaN,NaN,NaN
6,NaN,NaN,NaN,NaN,NaN,NaN,NaN,NaN
7,NaN,NaN,NaN,NaN,NaN,NaN,NaN,NaN
8,NaN,NaN,NaN,NaN,NaN,NaN,NaN,NaN
9,NaN,NaN,NaN,NaN,NaN,NaN,NaN,NaN
10,NaN,NaN,NaN,NaN,NaN,NaN,NaN,NaN
11,NaN,NaN,NaN,NaN,NaN,NaN,NaN,NaN
1,NaN,NaN,NaN,NaN,NaN,NaN,NaN,NaN
2,NaN,NaN,NaN,NaN,NaN,NaN,NaN,NaN
3,NaN,NaN,NaN,NaN,NaN,NaN,NaN,NaN
4,NaN,NaN,NaN,NaN,NaN,NaN,NaN,NaN
5,NaN,NaN,NaN,NaN,NaN,NaN,NaN,NaN
6,NaN,NaN,NaN,NaN,NaN,NaN,NaN,NaN
7,NaN,NaN,NaN,NaN,NaN,NaN,NaN,NaN
8,NaN,NaN,NaN,NaN,NaN,NaN,NaN,NaN
9,NaN,NaN,NaN,NaN,NaN,NaN,NaN,NaN
10,NaN,NaN,NaN,NaN,NaN,NaN,NaN,NaN
11,NaN,NaN,NaN,NaN,NaN,NaN,NaN,NaN
1,NaN,NaN,NaN,NaN,NaN,NaN,NaN,NaN
2,NaN,NaN,NaN,NaN,NaN,NaN,NaN,NaN
3,NaN,NaN,NaN,NaN,NaN,NaN,NaN,NaN
4,NaN,NaN,NaN,NaN,NaN,NaN,NaN,NaN
5,NaN,NaN,NaN,NaN,NaN,NaN,NaN,NaN
6,NaN,NaN,NaN,NaN,NaN,NaN,NaN,NaN
7,NaN,NaN,NaN,NaN,NaN,NaN,NaN,NaN
8,NaN,NaN,NaN,NaN,NaN,NaN,NaN,NaN
9,NaN,NaN,NaN,NaN,NaN,NaN,NaN,NaN
10,NaN,NaN,NaN,NaN,NaN,NaN,NaN,NaN
11,NaN,NaN,NaN,NaN,NaN,NaN,NaN,NaN
1,NaN,NaN,NaN,NaN,NaN,NaN,NaN,NaN
2,NaN,NaN,NaN,NaN,NaN,NaN,NaN,NaN
3,NaN,NaN,NaN,NaN,NaN,NaN,NaN,NaN
4,NaN,NaN,NaN,NaN,NaN,NaN,NaN,NaN
5,NaN,NaN,NaN,NaN,NaN,NaN,NaN,NaN
6,NaN,NaN,NaN,NaN,NaN,NaN,NaN,NaN
7,NaN,NaN,NaN,NaN,NaN,NaN,NaN,NaN
8,NaN,NaN,NaN,NaN,NaN,NaN,NaN,NaN
9,NaN,NaN,NaN,NaN,NaN,NaN,NaN,NaN
10,NaN,NaN,NaN,NaN,NaN,NaN,NaN,NaN
11,NaN,NaN,NaN,NaN,NaN,NaN,NaN,NaN
1,NaN,NaN,NaN,NaN,NaN,NaN,NaN,NaN
2,NaN,NaN,NaN,NaN,NaN,NaN,NaN,NaN
3,NaN,NaN,NaN,NaN,NaN,NaN,NaN,NaN
4,NaN,NaN,NaN,NaN,NaN,NaN,NaN,NaN
5,NaN,NaN,NaN,NaN,NaN,NaN,NaN,NaN
6,NaN,NaN,NaN,NaN,NaN,NaN,NaN,NaN
7,NaN,NaN,NaN,NaN,NaN,NaN,NaN,NaN
8,NaN,NaN,NaN,NaN,NaN,NaN,NaN,NaN
9,NaN,NaN,NaN,NaN,NaN,NaN,NaN,NaN
10,NaN,NaN,NaN,NaN,NaN,NaN,NaN,NaN
11,NaN,NaN,NaN,NaN,NaN,NaN,NaN,NaN
1,NaN,NaN,NaN,NaN,NaN,NaN,NaN,NaN
2,NaN,NaN,NaN,NaN,NaN,NaN,NaN,NaN
3,NaN,NaN,NaN,NaN,NaN,NaN,NaN,NaN
4,NaN,NaN,NaN,NaN,NaN,NaN,NaN,NaN
5,NaN,NaN,NaN,NaN,NaN,NaN,NaN,NaN
6,NaN,NaN,NaN,NaN,NaN,NaN,NaN,NaN
7,NaN,NaN,NaN,NaN,NaN,NaN,NaN,NaN
8,NaN,NaN,NaN,NaN,NaN,NaN,NaN,NaN
9,NaN,NaN,NaN,NaN,NaN,NaN,NaN,NaN
10,NaN,NaN,NaN,NaN,NaN,NaN,NaN,NaN
11,NaN,NaN,NaN,NaN,NaN,NaN,NaN,NaN
1,NaN,NaN,NaN,NaN,NaN,NaN,NaN,NaN
2,NaN,NaN,NaN,NaN,NaN,NaN,NaN,NaN
3,NaN,NaN,NaN,NaN,NaN,NaN,NaN,NaN
4,NaN,NaN,NaN,NaN,NaN,NaN,NaN,NaN
5,NaN,NaN,NaN,NaN,NaN,NaN,NaN,NaN
6,NaN,NaN,NaN,NaN,NaN,NaN,NaN,NaN
7,NaN,NaN,NaN,NaN,NaN,NaN,NaN,NaN
8,NaN,NaN,NaN,NaN,NaN,NaN,NaN,NaN
9,NaN,NaN,NaN,NaN,NaN,NaN,NaN,NaN
10,NaN,NaN,NaN,NaN,NaN,NaN,NaN,NaN
11,NaN,NaN,NaN,NaN,NaN,NaN,NaN,NaN
1,NaN,NaN,NaN,NaN,NaN,NaN,NaN,NaN
2,NaN,NaN,NaN,NaN,NaN,NaN,NaN,NaN
3,NaN,NaN,NaN,NaN,NaN,NaN,NaN,NaN
4,NaN,NaN,NaN,NaN,NaN,NaN,NaN,NaN
5,NaN,NaN,NaN,NaN,NaN,NaN,NaN,NaN
6,NaN,NaN,NaN,NaN,NaN,NaN,NaN,NaN
7,NaN,NaN,NaN,NaN,NaN,NaN,NaN,NaN
8,NaN,NaN,NaN,NaN,NaN,NaN,NaN,NaN
9,NaN,NaN,NaN,NaN,NaN,NaN,NaN,NaN
10,NaN,NaN,NaN,NaN,NaN,NaN,NaN,NaN
11,NaN,NaN,NaN,NaN,NaN,NaN,NaN,NaN
1,NaN,NaN,NaN,NaN,NaN,NaN,NaN,NaN
2,NaN,NaN,NaN,NaN,NaN,NaN,NaN,NaN
3,NaN,NaN,NaN,NaN,NaN,NaN,NaN,NaN
4,NaN,NaN,NaN,NaN,NaN,NaN,NaN,NaN
5,NaN,NaN,NaN,NaN,NaN,NaN,NaN,NaN
6,NaN,NaN,NaN,NaN,NaN,NaN,NaN,NaN
7,NaN,NaN,NaN,NaN,NaN,NaN,NaN,NaN
8,NaN,NaN,NaN,NaN,NaN,NaN,NaN,NaN
9,NaN,NaN,NaN,NaN,NaN,NaN,NaN,NaN
10,NaN,NaN,NaN,NaN,NaN,NaN,NaN,NaN
11,NaN,NaN,NaN,NaN,NaN,NaN,NaN,NaN
1,NaN,NaN,NaN,NaN,NaN,NaN,NaN,NaN
2,NaN,NaN,NaN,NaN,NaN,NaN,NaN,NaN
3,NaN,NaN,NaN,NaN,NaN,NaN,NaN,NaN
4,NaN,NaN,NaN,NaN,NaN,NaN,NaN,NaN
5,NaN,NaN,NaN,NaN,NaN,NaN,NaN,NaN
6,NaN,NaN,NaN,NaN,NaN,NaN,NaN,NaN
7,NaN,NaN,NaN,NaN,NaN,NaN,NaN,NaN
8,NaN,NaN,NaN,NaN,NaN,NaN,NaN,NaN
9,NaN,NaN,NaN,NaN,NaN,NaN,NaN,NaN
10,NaN,NaN,NaN,NaN,NaN,NaN,NaN,NaN
11,NaN,NaN,NaN,NaN,NaN,NaN,NaN,NaN
1,NaN,NaN,NaN,NaN,NaN,NaN,NaN,NaN
2,NaN,NaN,NaN,NaN,NaN,NaN,NaN,NaN
3,NaN,NaN,NaN,NaN,NaN,NaN,NaN,NaN
4,NaN,NaN,NaN,NaN,NaN,NaN,NaN,NaN
5,NaN,NaN,NaN,NaN,NaN,NaN,NaN,NaN
6,NaN,NaN,NaN,NaN,NaN,NaN,NaN,NaN
7,NaN,NaN,NaN,NaN,NaN,NaN,NaN,NaN
8,NaN,NaN,NaN,NaN,NaN,NaN,NaN,NaN
9,NaN,NaN,NaN,NaN,NaN,NaN,NaN,NaN
10,NaN,NaN,NaN,NaN,NaN,NaN,NaN,NaN
11,NaN,NaN,NaN,NaN,NaN,NaN,NaN,NaN
1,NaN,NaN,NaN,NaN,NaN,NaN,NaN,NaN
2,NaN,NaN,NaN,NaN,NaN,NaN,NaN,NaN
3,NaN,NaN,NaN,NaN,NaN,NaN,NaN,NaN
4,NaN,NaN,NaN,NaN,NaN,NaN,NaN,NaN
5,NaN,NaN,NaN,NaN,NaN,NaN,NaN,NaN
6,NaN,NaN,NaN,NaN,NaN,NaN,NaN,NaN
7,NaN,NaN,NaN,NaN,NaN,NaN,NaN,NaN
8,NaN,NaN,NaN,NaN,NaN,NaN,NaN,NaN
9,NaN,NaN,NaN,NaN,NaN,NaN,NaN,NaN
10,NaN,NaN,NaN,NaN,NaN,NaN,NaN,NaN
11,NaN,NaN,NaN,NaN,NaN,NaN,NaN,NaN
1,NaN,NaN,NaN,NaN,NaN,NaN,NaN,NaN
2,NaN,NaN,NaN,NaN,NaN,NaN,NaN,NaN
3,NaN,NaN,NaN,NaN,NaN,NaN,NaN,NaN
4,NaN,NaN,NaN,NaN,NaN,NaN,NaN,NaN
5,NaN,NaN,NaN,NaN,NaN,NaN,NaN,NaN
6,NaN,NaN,NaN,NaN,NaN,NaN,NaN,NaN
7,NaN,NaN,NaN,NaN,NaN,NaN,NaN,NaN
8,NaN,NaN,NaN,NaN,NaN,NaN,NaN,NaN
9,NaN,NaN,NaN,NaN,NaN,NaN,NaN,NaN
10,NaN,NaN,NaN,NaN,NaN,NaN,NaN,NaN
11,NaN,NaN,NaN,NaN,NaN,NaN,NaN,NaN
1,NaN,NaN,NaN,NaN,NaN,NaN,NaN,NaN
2,NaN,NaN,NaN,NaN,NaN,NaN,NaN,NaN
3,NaN,NaN,NaN,NaN,NaN,NaN,NaN,NaN
4,NaN,NaN,NaN,NaN,NaN,NaN,NaN,NaN
5,NaN,NaN,NaN,NaN,NaN,NaN,NaN,NaN
6,NaN,NaN,NaN,NaN,NaN,NaN,NaN,NaN
7,NaN,NaN,NaN,NaN,NaN,NaN,NaN,NaN
8,NaN,NaN,NaN,NaN,NaN,NaN,NaN,NaN
9,NaN,NaN,NaN,NaN,NaN,NaN,NaN,NaN
10,NaN,NaN,NaN,NaN,NaN,NaN,NaN,NaN
11,NaN,NaN,NaN,NaN,NaN,NaN,NaN,NaN
1,NaN,NaN,NaN,NaN,NaN,NaN,NaN,NaN
2,NaN,NaN,NaN,NaN,NaN,NaN,NaN,NaN
3,NaN,NaN,NaN,NaN,NaN,NaN,NaN,NaN
4,NaN,NaN,NaN,NaN,NaN,NaN,NaN,NaN
5,NaN,NaN,NaN,NaN,NaN,NaN,NaN,NaN
6,NaN,NaN,NaN,NaN,NaN,NaN,NaN,NaN
7,NaN,NaN,NaN,NaN,NaN,NaN,NaN,NaN
8,NaN,NaN,NaN,NaN,NaN,NaN,NaN,NaN
9,NaN,NaN,NaN,NaN,NaN,NaN,NaN,NaN
10,NaN,NaN,NaN,NaN,NaN,NaN,NaN,NaN
11,NaN,NaN,NaN,NaN,NaN,NaN,NaN,NaN
1,NaN,NaN,NaN,NaN,NaN,NaN,NaN,NaN
2,NaN,NaN,NaN,NaN,NaN,NaN,NaN,NaN
3,NaN,NaN,NaN,NaN,NaN,NaN,NaN,NaN
4,NaN,NaN,NaN,NaN,NaN,NaN,NaN,NaN
5,NaN,NaN,NaN,NaN,NaN,NaN,NaN,NaN
6,NaN,NaN,NaN,NaN,NaN,NaN,NaN,NaN
7,NaN,NaN,NaN,NaN,NaN,NaN,NaN,NaN
8,NaN,NaN,NaN,NaN,NaN,NaN,NaN,NaN
9,NaN,NaN,NaN,NaN,NaN,NaN,NaN,NaN
10,NaN,NaN,NaN,NaN,NaN,NaN,NaN,NaN
11,NaN,NaN,NaN,NaN,NaN,NaN,NaN,NaN
1,NaN,NaN,NaN,NaN,NaN,NaN,NaN,NaN
2,NaN,NaN,NaN,NaN,NaN,NaN,NaN,NaN
3,NaN,NaN,NaN,NaN,NaN,NaN,NaN,NaN
4,NaN,NaN,NaN,NaN,NaN,NaN,NaN,NaN
5,NaN,NaN,NaN,NaN,NaN,NaN,NaN,NaN
6,NaN,NaN,NaN,NaN,NaN,NaN,NaN,NaN
7,NaN,NaN,NaN,NaN,NaN,NaN,NaN,NaN
8,NaN,NaN,NaN,NaN,NaN,NaN,NaN,NaN
9,NaN,NaN,NaN,NaN,NaN,NaN,NaN,NaN
10,NaN,NaN,NaN,NaN,NaN,NaN,NaN,NaN
11,NaN,NaN,NaN,NaN,NaN,NaN,NaN,NaN
1,NaN,NaN,NaN,NaN,NaN,NaN,NaN,NaN
2,NaN,NaN,NaN,NaN,NaN,NaN,NaN,NaN
3,NaN,NaN,NaN,NaN,NaN,NaN,NaN,NaN
4,NaN,NaN,NaN,NaN,NaN,NaN,NaN,NaN
5,NaN,NaN,NaN,NaN,NaN,NaN,NaN,NaN
6,NaN,NaN,NaN,NaN,NaN,NaN,NaN,NaN
7,NaN,NaN,NaN,NaN,NaN,NaN,NaN,NaN
8,NaN,NaN,NaN,NaN,NaN,NaN,NaN,NaN
9,NaN,NaN,NaN,NaN,NaN,NaN,NaN,NaN
10,NaN,NaN,NaN,NaN,NaN,NaN,NaN,NaN
11,NaN,NaN,NaN,NaN,NaN,NaN,NaN,NaN
1,NaN,NaN,NaN,NaN,NaN,NaN,NaN,NaN
2,NaN,NaN,NaN,NaN,NaN,NaN,NaN,NaN
3,NaN,NaN,NaN,NaN,NaN,NaN,NaN,NaN
4,NaN,NaN,NaN,NaN,NaN,NaN,NaN,NaN
5,NaN,NaN,NaN,NaN,NaN,NaN,NaN,NaN
6,NaN,NaN,NaN,NaN,NaN,NaN,NaN,NaN
7,NaN,NaN,NaN,NaN,NaN,NaN,NaN,NaN
8,NaN,NaN,NaN,NaN,NaN,NaN,NaN,NaN
9,NaN,NaN,NaN,NaN,NaN,NaN,NaN,NaN
10,NaN,NaN,NaN,NaN,NaN,NaN,NaN,NaN
11,NaN,NaN,NaN,NaN,NaN,NaN,NaN,NaN
1,NaN,NaN,NaN,NaN,NaN,NaN,NaN,NaN
2,NaN,NaN,NaN,NaN,NaN,NaN,NaN,NaN
3,NaN,NaN,NaN,NaN,NaN,NaN,NaN,NaN
4,NaN,NaN,NaN,NaN,NaN,NaN,NaN,NaN
5,NaN,NaN,NaN,NaN,NaN,NaN,NaN,NaN
6,NaN,NaN,NaN,NaN,NaN,NaN,NaN,NaN
7,NaN,NaN,NaN,NaN,NaN,NaN,NaN,NaN
8,NaN,NaN,NaN,NaN,NaN,NaN,NaN,NaN
9,NaN,NaN,NaN,NaN,NaN,NaN,NaN,NaN
10,NaN,NaN,NaN,NaN,NaN,NaN,NaN,NaN
11,NaN,NaN,NaN,NaN,NaN,NaN,NaN,NaN
1,NaN,NaN,NaN,NaN,NaN,NaN,NaN,NaN
2,NaN,NaN,NaN,NaN,NaN,NaN,NaN,NaN
3,NaN,NaN,NaN,NaN,NaN,NaN,NaN,NaN
4,NaN,NaN,NaN,NaN,NaN,NaN,NaN,NaN
5,NaN,NaN,NaN,NaN,NaN,NaN,NaN,NaN
6,NaN,NaN,NaN,NaN,NaN,NaN,NaN,NaN
7,NaN,NaN,NaN,NaN,NaN,NaN,NaN,NaN
8,NaN,NaN,NaN,NaN,NaN,NaN,NaN,NaN
9,NaN,NaN,NaN,NaN,NaN,NaN,NaN,NaN
10,NaN,NaN,NaN,NaN,NaN,NaN,NaN,NaN
11,NaN,NaN,NaN,NaN,NaN,NaN,NaN,NaN
1,NaN,NaN,NaN,NaN,NaN,NaN,NaN,NaN
2,NaN,NaN,NaN,NaN,NaN,NaN,NaN,NaN
3,NaN,NaN,NaN,NaN,NaN,NaN,NaN,NaN
4,NaN,NaN,NaN,NaN,NaN,NaN,NaN,NaN
5,NaN,NaN,NaN,NaN,NaN,NaN,NaN,NaN
6,NaN,NaN,NaN,NaN,NaN,NaN,NaN,NaN
7,NaN,NaN,NaN,NaN,NaN,NaN,NaN,NaN
8,NaN,NaN,NaN,NaN,NaN,NaN,NaN,NaN
9,NaN,NaN,NaN,NaN,NaN,NaN,NaN,NaN
10,NaN,NaN,NaN,NaN,NaN,NaN,NaN,NaN
11,NaN,NaN,NaN,NaN,NaN,NaN,NaN,NaN
1,NaN,NaN,NaN,NaN,NaN,NaN,NaN,NaN
2,NaN,NaN,NaN,NaN,NaN,NaN,NaN,NaN
3,NaN,NaN,NaN,NaN,NaN,NaN,NaN,NaN
4,NaN,NaN,NaN,NaN,NaN,NaN,NaN,NaN
5,NaN,NaN,NaN,NaN,NaN,NaN,NaN,NaN
6,NaN,NaN,NaN,NaN,NaN,NaN,NaN,NaN
7,NaN,NaN,NaN,NaN,NaN,NaN,NaN,NaN
8,NaN,NaN,NaN,NaN,NaN,NaN,NaN,NaN
9,NaN,NaN,NaN,NaN,NaN,NaN,NaN,NaN
10,NaN,NaN,NaN,NaN,NaN,NaN,NaN,NaN
11,NaN,NaN,NaN,NaN,NaN,NaN,NaN,NaN
1,NaN,NaN,NaN,NaN,NaN,NaN,NaN,NaN
2,NaN,NaN,NaN,NaN,NaN,NaN,NaN,NaN
3,NaN,NaN,NaN,NaN,NaN,NaN,NaN,NaN
4,NaN,NaN,NaN,NaN,NaN,NaN,NaN,NaN
5,NaN,NaN,NaN,NaN,NaN,NaN,NaN,NaN
6,NaN,NaN,NaN,NaN,NaN,NaN,NaN,NaN
7,NaN,NaN,NaN,NaN,NaN,NaN,NaN,NaN
8,NaN,NaN,NaN,NaN,NaN,NaN,NaN,NaN
9,NaN,NaN,NaN,NaN,NaN,NaN,NaN,NaN
10,NaN,NaN,NaN,NaN,NaN,NaN,NaN,NaN
11,NaN,NaN,NaN,NaN,NaN,NaN,NaN,NaN
1,NaN,NaN,NaN,NaN,NaN,NaN,NaN,NaN
2,NaN,NaN,NaN,NaN,NaN,NaN,NaN,NaN
3,NaN,NaN,NaN,NaN,NaN,NaN,NaN,NaN
4,NaN,NaN,NaN,NaN,NaN,NaN,NaN,NaN
5,NaN,NaN,NaN,NaN,NaN,NaN,NaN,NaN
6,NaN,NaN,NaN,NaN,NaN,NaN,NaN,NaN
7,NaN,NaN,NaN,NaN,NaN,NaN,NaN,NaN
8,NaN,NaN,NaN,NaN,NaN,NaN,NaN,NaN
9,NaN,NaN,NaN,NaN,NaN,NaN,NaN,NaN
10,NaN,NaN,NaN,NaN,NaN,NaN,NaN,NaN
11,NaN,NaN,NaN,NaN,NaN,NaN,NaN,NaN
1,NaN,NaN,NaN,NaN,NaN,NaN,NaN,NaN
2,NaN,NaN,NaN,NaN,NaN,NaN,NaN,NaN
3,NaN,NaN,NaN,NaN,NaN,NaN,NaN,NaN
4,NaN,NaN,NaN,NaN,NaN,NaN,NaN,NaN
5,NaN,NaN,NaN,NaN,NaN,NaN,NaN,NaN
6,NaN,NaN,NaN,NaN,NaN,NaN,NaN,NaN
7,NaN,NaN,NaN,NaN,NaN,NaN,NaN,NaN
8,NaN,NaN,NaN,NaN,NaN,NaN,NaN,NaN
9,NaN,NaN,NaN,NaN,NaN,NaN,NaN,NaN
10,NaN,NaN,NaN,NaN,NaN,NaN,NaN,NaN
11,NaN,NaN,NaN,NaN,NaN,NaN,NaN,NaN
1,NaN,NaN,NaN,NaN,NaN,NaN,NaN,NaN
2,NaN,NaN,NaN,NaN,NaN,NaN,NaN,NaN
3,NaN,NaN,NaN,NaN,NaN,NaN,NaN,NaN
4,NaN,NaN,NaN,NaN,NaN,NaN,NaN,NaN
5,NaN,NaN,NaN,NaN,NaN,NaN,NaN,NaN
6,NaN,NaN,NaN,NaN,NaN,NaN,NaN,NaN
7,NaN,NaN,NaN,NaN,NaN,NaN,NaN,NaN
8,NaN,NaN,NaN,NaN,NaN,NaN,NaN,NaN
9,NaN,NaN,NaN,NaN,NaN,NaN,NaN,NaN
10,NaN,NaN,NaN,NaN,NaN,NaN,NaN,NaN
11,NaN,NaN,NaN,NaN,NaN,NaN,NaN,NaN
1,NaN,NaN,NaN,NaN,NaN,NaN,NaN,NaN
2,NaN,NaN,NaN,NaN,NaN,NaN,NaN,NaN
3,NaN,NaN,NaN,NaN,NaN,NaN,NaN,NaN
4,NaN,NaN,NaN,NaN,NaN,NaN,NaN,NaN
5,NaN,NaN,NaN,NaN,NaN,NaN,NaN,NaN
6,NaN,NaN,NaN,NaN,NaN,NaN,NaN,NaN
7,NaN,NaN,NaN,NaN,NaN,NaN,NaN,NaN
8,NaN,NaN,NaN,NaN,NaN,NaN,NaN,NaN
9,NaN,NaN,NaN,NaN,NaN,NaN,NaN,NaN
10,NaN,NaN,NaN,NaN,NaN,NaN,NaN,NaN
11,NaN,NaN,NaN,NaN,NaN,NaN,NaN,NaN
1,NaN,NaN,NaN,NaN,NaN,NaN,NaN,NaN
2,NaN,NaN,NaN,NaN,NaN,NaN,NaN,NaN
3,NaN,NaN,NaN,NaN,NaN,NaN,NaN,NaN
4,NaN,NaN,NaN,NaN,NaN,NaN,NaN,NaN
5,NaN,NaN,NaN,NaN,NaN,NaN,NaN,NaN
6,NaN,NaN,NaN,NaN,NaN,NaN,NaN,NaN
7,NaN,NaN,NaN,NaN,NaN,NaN,NaN,NaN
8,NaN,NaN,NaN,NaN,NaN,NaN,NaN,NaN
9,NaN,NaN,NaN,NaN,NaN,NaN,NaN,NaN
10,NaN,NaN,NaN,NaN,NaN,NaN,NaN,NaN
11,NaN,NaN,NaN,NaN,NaN,NaN,NaN,NaN
1,NaN,NaN,NaN,NaN,NaN,NaN,NaN,NaN
2,NaN,NaN,NaN,NaN,NaN,NaN,NaN,NaN
3,NaN,NaN,NaN,NaN,NaN,NaN,NaN,NaN
4,NaN,NaN,NaN,NaN,NaN,NaN,NaN,NaN
5,NaN,NaN,NaN,NaN,NaN,NaN,NaN,NaN
6,NaN,NaN,NaN,NaN,NaN,NaN,NaN,NaN
7,NaN,NaN,NaN,NaN,NaN,NaN,NaN,NaN
8,NaN,NaN,NaN,NaN,NaN,NaN,NaN,NaN
9,NaN,NaN,NaN,NaN,NaN,NaN,NaN,NaN
10,NaN,NaN,NaN,NaN,NaN,NaN,NaN,NaN
11,NaN,NaN,NaN,NaN,NaN,NaN,NaN,NaN
1,NaN,NaN,NaN,NaN,NaN,NaN,NaN,NaN
2,NaN,NaN,NaN,NaN,NaN,NaN,NaN,NaN
3,NaN,NaN,NaN,NaN,NaN,NaN,NaN,NaN
4,NaN,NaN,NaN,NaN,NaN,NaN,NaN,NaN
5,NaN,NaN,NaN,NaN,NaN,NaN,NaN,NaN
6,NaN,NaN,NaN,NaN,NaN,NaN,NaN,NaN
7,NaN,NaN,NaN,NaN,NaN,NaN,NaN,NaN
8,NaN,NaN,NaN,NaN,NaN,NaN,NaN,NaN
9,NaN,NaN,NaN,NaN,NaN,NaN,NaN,NaN
10,NaN,NaN,NaN,NaN,NaN,NaN,NaN,NaN
11,NaN,NaN,NaN,NaN,NaN,NaN,NaN,NaN
1,NaN,NaN,NaN,NaN,NaN,NaN,NaN,NaN
2,NaN,NaN,NaN,NaN,NaN,NaN,NaN,NaN
3,NaN,NaN,NaN,NaN,NaN,NaN,NaN,NaN
4,NaN,NaN,NaN,NaN,NaN,NaN,NaN,NaN
5,NaN,NaN,NaN,NaN,NaN,NaN,NaN,NaN
6,NaN,NaN,NaN,NaN,NaN,NaN,NaN,NaN
7,NaN,NaN,NaN,NaN,NaN,NaN,NaN,NaN
8,NaN,NaN,NaN,NaN,NaN,NaN,NaN,NaN
9,NaN,NaN,NaN,NaN,NaN,NaN,NaN,NaN
10,NaN,NaN,NaN,NaN,NaN,NaN,NaN,NaN
11,NaN,NaN,NaN,NaN,NaN,NaN,NaN,NaN
1,NaN,NaN,NaN,NaN,NaN,NaN,NaN,NaN
2,NaN,NaN,NaN,NaN,NaN,NaN,NaN,NaN
3,NaN,NaN,NaN,NaN,NaN,NaN,NaN,NaN
4,NaN,NaN,NaN,NaN,NaN,NaN,NaN,NaN
5,NaN,NaN,NaN,NaN,NaN,NaN,NaN,NaN
6,NaN,NaN,NaN,NaN,NaN,NaN,NaN,NaN
7,NaN,NaN,NaN,NaN,NaN,NaN,NaN,NaN
8,NaN,NaN,NaN,NaN,NaN,NaN,NaN,NaN
9,NaN,NaN,NaN,NaN,NaN,NaN,NaN,NaN
10,NaN,NaN,NaN,NaN,NaN,NaN,NaN,NaN
11,NaN,NaN,NaN,NaN,NaN,NaN,NaN,NaN
1,NaN,NaN,NaN,NaN,NaN,NaN,NaN,NaN
2,NaN,NaN,NaN,NaN,NaN,NaN,NaN,NaN
3,NaN,NaN,NaN,NaN,NaN,NaN,NaN,NaN
4,NaN,NaN,NaN,NaN,NaN,NaN,NaN,NaN
5,NaN,NaN,NaN,NaN,NaN,NaN,NaN,NaN
6,NaN,NaN,NaN,NaN,NaN,NaN,NaN,NaN
7,NaN,NaN,NaN,NaN,NaN,NaN,NaN,NaN
8,NaN,NaN,NaN,NaN,NaN,NaN,NaN,NaN
9,NaN,NaN,NaN,NaN,NaN,NaN,NaN,NaN
10,NaN,NaN,NaN,NaN,NaN,NaN,NaN,NaN
11,NaN,NaN,NaN,NaN,NaN,NaN,NaN,NaN
1,NaN,NaN,NaN,NaN,NaN,NaN,NaN,NaN
2,NaN,NaN,NaN,NaN,NaN,NaN,NaN,NaN
3,NaN,NaN,NaN,NaN,NaN,NaN,NaN,NaN
4,NaN,NaN,NaN,NaN,NaN,NaN,NaN,NaN
5,NaN,NaN,NaN,NaN,NaN,NaN,NaN,NaN
6,NaN,NaN,NaN,NaN,NaN,NaN,NaN,NaN
7,NaN,NaN,NaN,NaN,NaN,NaN,NaN,NaN
8,NaN,NaN,NaN,NaN,NaN,NaN,NaN,NaN
9,NaN,NaN,NaN,NaN,NaN,NaN,NaN,NaN
10,NaN,NaN,NaN,NaN,NaN,NaN,NaN,NaN
11,NaN,NaN,NaN,NaN,NaN,NaN,NaN,NaN
1,NaN,NaN,NaN,NaN,NaN,NaN,NaN,NaN
2,NaN,NaN,NaN,NaN,NaN,NaN,NaN,NaN
3,NaN,NaN,NaN,NaN,NaN,NaN,NaN,NaN
4,NaN,NaN,NaN,NaN,NaN,NaN,NaN,NaN
5,NaN,NaN,NaN,NaN,NaN,NaN,NaN,NaN
6,NaN,NaN,NaN,NaN,NaN,NaN,NaN,NaN
7,NaN,NaN,NaN,NaN,NaN,NaN,NaN,NaN
8,NaN,NaN,NaN,NaN,NaN,NaN,NaN,NaN
9,NaN,NaN,NaN,NaN,NaN,NaN,NaN,NaN
10,NaN,NaN,NaN,NaN,NaN,NaN,NaN,NaN
11,NaN,NaN,NaN,NaN,NaN,NaN,NaN,NaN
1,NaN,NaN,NaN,NaN,NaN,NaN,NaN,NaN
2,NaN,NaN,NaN,NaN,NaN,NaN,NaN,NaN
3,NaN,NaN,NaN,NaN,NaN,NaN,NaN,NaN
4,NaN,NaN,NaN,NaN,NaN,NaN,NaN,NaN
5,NaN,NaN,NaN,NaN,NaN,NaN,NaN,NaN
6,NaN,NaN,NaN,NaN,NaN,NaN,NaN,NaN
7,NaN,NaN,NaN,NaN,NaN,NaN,NaN,NaN
8,NaN,NaN,NaN,NaN,NaN,NaN,NaN,NaN
9,NaN,NaN,NaN,NaN,NaN,NaN,NaN,NaN
10,NaN,NaN,NaN,NaN,NaN,NaN,NaN,NaN
11,NaN,NaN,NaN,NaN,NaN,NaN,NaN,NaN
1,NaN,NaN,NaN,NaN,NaN,NaN,NaN,NaN
2,NaN,NaN,NaN,NaN,NaN,NaN,NaN,NaN
3,NaN,NaN,NaN,NaN,NaN,NaN,NaN,NaN
4,NaN,NaN,NaN,NaN,NaN,NaN,NaN,NaN
5,NaN,NaN,NaN,NaN,NaN,NaN,NaN,NaN
6,NaN,NaN,NaN,NaN,NaN,NaN,NaN,NaN
7,NaN,NaN,NaN,NaN,NaN,NaN,NaN,NaN
8,NaN,NaN,NaN,NaN,NaN,NaN,NaN,NaN
9,NaN,NaN,NaN,NaN,NaN,NaN,NaN,NaN
10,NaN,NaN,NaN,NaN,NaN,NaN,NaN,NaN
11,NaN,NaN,NaN,NaN,NaN,NaN,NaN,NaN
1,NaN,NaN,NaN,NaN,NaN,NaN,NaN,NaN
2,NaN,NaN,NaN,NaN,NaN,NaN,NaN,NaN
3,NaN,NaN,NaN,NaN,NaN,NaN,NaN,NaN
4,NaN,NaN,NaN,NaN,NaN,NaN,NaN,NaN
5,NaN,NaN,NaN,NaN,NaN,NaN,NaN,NaN
6,NaN,NaN,NaN,NaN,NaN,NaN,NaN,NaN
7,NaN,NaN,NaN,NaN,NaN,NaN,NaN,NaN
8,NaN,NaN,NaN,NaN,NaN,NaN,NaN,NaN
9,NaN,NaN,NaN,NaN,NaN,NaN,NaN,NaN
10,NaN,NaN,NaN,NaN,NaN,NaN,NaN,NaN
11,NaN,NaN,NaN,NaN,NaN,NaN,NaN,NaN
1,NaN,NaN,NaN,NaN,NaN,NaN,NaN,NaN
2,NaN,NaN,NaN,NaN,NaN,NaN,NaN,NaN
3,NaN,NaN,NaN,NaN,NaN,NaN,NaN,NaN
4,NaN,NaN,NaN,NaN,NaN,NaN,NaN,NaN
5,NaN,NaN,NaN,NaN,NaN,NaN,NaN,NaN
6,NaN,NaN,NaN,NaN,NaN,NaN,NaN,NaN
7,NaN,NaN,NaN,NaN,NaN,NaN,NaN,NaN
8,NaN,NaN,NaN,NaN,NaN,NaN,NaN,NaN
9,NaN,NaN,NaN,NaN,NaN,NaN,NaN,NaN
10,NaN,NaN,NaN,NaN,NaN,NaN,NaN,NaN
11,NaN,NaN,NaN,NaN,NaN,NaN,NaN,NaN
1,NaN,NaN,NaN,NaN,NaN,NaN,NaN,NaN
2,NaN,NaN,NaN,NaN,NaN,NaN,NaN,NaN
3,NaN,NaN,NaN,NaN,NaN,NaN,NaN,NaN
4,NaN,NaN,NaN,NaN,NaN,NaN,NaN,NaN
5,NaN,NaN,NaN,NaN,NaN,NaN,NaN,NaN
6,NaN,NaN,NaN,NaN,NaN,NaN,NaN,NaN
7,NaN,NaN,NaN,NaN,NaN,NaN,NaN,NaN
8,NaN,NaN,NaN,NaN,NaN,NaN,NaN,NaN
9,NaN,NaN,NaN,NaN,NaN,NaN,NaN,NaN
10,NaN,NaN,NaN,NaN,NaN,NaN,NaN,NaN
11,NaN,NaN,NaN,NaN,NaN,NaN,NaN,NaN
1,NaN,NaN,NaN,NaN,NaN,NaN,NaN,NaN
2,NaN,NaN,NaN,NaN,NaN,NaN,NaN,NaN
3,NaN,NaN,NaN,NaN,NaN,NaN,NaN,NaN
4,NaN,NaN,NaN,NaN,NaN,NaN,NaN,NaN
5,NaN,NaN,NaN,NaN,NaN,NaN,NaN,NaN
6,NaN,NaN,NaN,NaN,NaN,NaN,NaN,NaN
7,NaN,NaN,NaN,NaN,NaN,NaN,NaN,NaN
8,NaN,NaN,NaN,NaN,NaN,NaN,NaN,NaN
9,NaN,NaN,NaN,NaN,NaN,NaN,NaN,NaN
10,NaN,NaN,NaN,NaN,NaN,NaN,NaN,NaN
11,NaN,NaN,NaN,NaN,NaN,NaN,NaN,NaN
1,NaN,NaN,NaN,NaN,NaN,NaN,NaN,NaN
2,NaN,NaN,NaN,NaN,NaN,NaN,NaN,NaN
3,NaN,NaN,NaN,NaN,NaN,NaN,NaN,NaN
4,NaN,NaN,NaN,NaN,NaN,NaN,NaN,NaN
5,NaN,NaN,NaN,NaN,NaN,NaN,NaN,NaN
6,NaN,NaN,NaN,NaN,NaN,NaN,NaN,NaN
7,NaN,NaN,NaN,NaN,NaN,NaN,NaN,NaN
8,NaN,NaN,NaN,NaN,NaN,NaN,NaN,NaN
9,NaN,NaN,NaN,NaN,NaN,NaN,NaN,NaN
10,NaN,NaN,NaN,NaN,NaN,NaN,NaN,NaN
11,NaN,NaN,NaN,NaN,NaN,NaN,NaN,NaN
1,NaN,NaN,NaN,NaN,NaN,NaN,NaN,NaN
2,NaN,NaN,NaN,NaN,NaN,NaN,NaN,NaN
3,NaN,NaN,NaN,NaN,NaN,NaN,NaN,NaN
4,NaN,NaN,NaN,NaN,NaN,NaN,NaN,NaN
5,NaN,NaN,NaN,NaN,NaN,NaN,NaN,NaN
6,NaN,NaN,NaN,NaN,NaN,NaN,NaN,NaN
7,NaN,NaN,NaN,NaN,NaN,NaN,NaN,NaN
8,NaN,NaN,NaN,NaN,NaN,NaN,NaN,NaN
9,NaN,NaN,NaN,NaN,NaN,NaN,NaN,NaN
10,NaN,NaN,NaN,NaN,NaN,NaN,NaN,NaN
11,NaN,NaN,NaN,NaN,NaN,NaN,NaN,NaN
1,NaN,NaN,NaN,NaN,NaN,NaN,NaN,NaN
2,NaN,NaN,NaN,NaN,NaN,NaN,NaN,NaN
3,NaN,NaN,NaN,NaN,NaN,NaN,NaN,NaN
4,NaN,NaN,NaN,NaN,NaN,NaN,NaN,NaN
5,NaN,NaN,NaN,NaN,NaN,NaN,NaN,NaN
6,NaN,NaN,NaN,NaN,NaN,NaN,NaN,NaN
7,NaN,NaN,NaN,NaN,NaN,NaN,NaN,NaN
8,NaN,NaN,NaN,NaN,NaN,NaN,NaN,NaN
9,NaN,NaN,NaN,NaN,NaN,NaN,NaN,NaN
10,NaN,NaN,NaN,NaN,NaN,NaN,NaN,NaN
11,NaN,NaN,NaN,NaN,NaN,NaN,NaN,NaN
1,NaN,NaN,NaN,NaN,NaN,NaN,NaN,NaN
2,NaN,NaN,NaN,NaN,NaN,NaN,NaN,NaN
3,NaN,NaN,NaN,NaN,NaN,NaN,NaN,NaN
4,NaN,NaN,NaN,NaN,NaN,NaN,NaN,NaN
5,NaN,NaN,NaN,NaN,NaN,NaN,NaN,NaN
6,NaN,NaN,NaN,NaN,NaN,NaN,NaN,NaN
7,NaN,NaN,NaN,NaN,NaN,NaN,NaN,NaN
8,NaN,NaN,NaN,NaN,NaN,NaN,NaN,NaN
9,NaN,NaN,NaN,NaN,NaN,NaN,NaN,NaN
10,NaN,NaN,NaN,NaN,NaN,NaN,NaN,NaN
11,NaN,NaN,NaN,NaN,NaN,NaN,NaN,NaN
1,NaN,NaN,NaN,NaN,NaN,NaN,NaN,NaN
2,NaN,NaN,NaN,NaN,NaN,NaN,NaN,NaN
3,NaN,NaN,NaN,NaN,NaN,NaN,NaN,NaN
4,NaN,NaN,NaN,NaN,NaN,NaN,NaN,NaN
5,NaN,NaN,NaN,NaN,NaN,NaN,NaN,NaN
6,NaN,NaN,NaN,NaN,NaN,NaN,NaN,NaN
7,NaN,NaN,NaN,NaN,NaN,NaN,NaN,NaN
8,NaN,NaN,NaN,NaN,NaN,NaN,NaN,NaN
9,NaN,NaN,NaN,NaN,NaN,NaN,NaN,NaN
10,NaN,NaN,NaN,NaN,NaN,NaN,NaN,NaN
11,NaN,NaN,NaN,NaN,NaN,NaN,NaN,NaN
1,NaN,NaN,NaN,NaN,NaN,NaN,NaN,NaN
2,NaN,NaN,NaN,NaN,NaN,NaN,NaN,NaN
3,NaN,NaN,NaN,NaN,NaN,NaN,NaN,NaN
4,NaN,NaN,NaN,NaN,NaN,NaN,NaN,NaN
5,NaN,NaN,NaN,NaN,NaN,NaN,NaN,NaN
6,NaN,NaN,NaN,NaN,NaN,NaN,NaN,NaN
7,NaN,NaN,NaN,NaN,NaN,NaN,NaN,NaN
8,NaN,NaN,NaN,NaN,NaN,NaN,NaN,NaN
9,NaN,NaN,NaN,NaN,NaN,NaN,NaN,NaN
10,NaN,NaN,NaN,NaN,NaN,NaN,NaN,NaN
11,NaN,NaN,NaN,NaN,NaN,NaN,NaN,NaN
1,NaN,NaN,NaN,NaN,NaN,NaN,NaN,NaN
2,NaN,NaN,NaN,NaN,NaN,NaN,NaN,NaN
3,NaN,NaN,NaN,NaN,NaN,NaN,NaN,NaN
4,NaN,NaN,NaN,NaN,NaN,NaN,NaN,NaN
5,NaN,NaN,NaN,NaN,NaN,NaN,NaN,NaN
6,NaN,NaN,NaN,NaN,NaN,NaN,NaN,NaN
7,NaN,NaN,NaN,NaN,NaN,NaN,NaN,NaN
8,NaN,NaN,NaN,NaN,NaN,NaN,NaN,NaN
9,NaN,NaN,NaN,NaN,NaN,NaN,NaN,NaN
10,NaN,NaN,NaN,NaN,NaN,NaN,NaN,NaN
11,NaN,NaN,NaN,NaN,NaN,NaN,NaN,NaN
1,NaN,NaN,NaN,NaN,NaN,NaN,NaN,NaN
2,NaN,NaN,NaN,NaN,NaN,NaN,NaN,NaN
3,NaN,NaN,NaN,NaN,NaN,NaN,NaN,NaN
4,NaN,NaN,NaN,NaN,NaN,NaN,NaN,NaN
5,NaN,NaN,NaN,NaN,NaN,NaN,NaN,NaN
6,NaN,NaN,NaN,NaN,NaN,NaN,NaN,NaN
7,NaN,NaN,NaN,NaN,NaN,NaN,NaN,NaN
8,NaN,NaN,NaN,NaN,NaN,NaN,NaN,NaN
9,NaN,NaN,NaN,NaN,NaN,NaN,NaN,NaN
10,NaN,NaN,NaN,NaN,NaN,NaN,NaN,NaN
11,NaN,NaN,NaN,NaN,NaN,NaN,NaN,NaN
1,NaN,NaN,NaN,NaN,NaN,NaN,NaN,NaN
2,NaN,NaN,NaN,NaN,NaN,NaN,NaN,NaN
3,NaN,NaN,NaN,NaN,NaN,NaN,NaN,NaN
4,NaN,NaN,NaN,NaN,NaN,NaN,NaN,NaN
5,NaN,NaN,NaN,NaN,NaN,NaN,NaN,NaN
6,NaN,NaN,NaN,NaN,NaN,NaN,NaN,NaN
7,NaN,NaN,NaN,NaN,NaN,NaN,NaN,NaN
8,NaN,NaN,NaN,NaN,NaN,NaN,NaN,NaN
9,NaN,NaN,NaN,NaN,NaN,NaN,NaN,NaN
10,NaN,NaN,NaN,NaN,NaN,NaN,NaN,NaN
11,NaN,NaN,NaN,NaN,NaN,NaN,NaN,NaN
1,NaN,NaN,NaN,NaN,NaN,NaN,NaN,NaN
2,NaN,NaN,NaN,NaN,NaN,NaN,NaN,NaN
3,NaN,NaN,NaN,NaN,NaN,NaN,NaN,NaN
4,NaN,NaN,NaN,NaN,NaN,NaN,NaN,NaN
5,NaN,NaN,NaN,NaN,NaN,NaN,NaN,NaN
6,NaN,NaN,NaN,NaN,NaN,NaN,NaN,NaN
7,NaN,NaN,NaN,NaN,NaN,NaN,NaN,NaN
8,NaN,NaN,NaN,NaN,NaN,NaN,NaN,NaN
9,NaN,NaN,NaN,NaN,NaN,NaN,NaN,NaN
10,NaN,NaN,NaN,NaN,NaN,NaN,NaN,NaN
11,NaN,NaN,NaN,NaN,NaN,NaN,NaN,NaN
1,NaN,NaN,NaN,NaN,NaN,NaN,NaN,NaN
2,NaN,NaN,NaN,NaN,NaN,NaN,NaN,NaN
3,NaN,NaN,NaN,NaN,NaN,NaN,NaN,NaN
4,NaN,NaN,NaN,NaN,NaN,NaN,NaN,NaN
5,NaN,NaN,NaN,NaN,NaN,NaN,NaN,NaN
6,NaN,NaN,NaN,NaN,NaN,NaN,NaN,NaN
7,NaN,NaN,NaN,NaN,NaN,NaN,NaN,NaN
8,NaN,NaN,NaN,NaN,NaN,NaN,NaN,NaN
9,NaN,NaN,NaN,NaN,NaN,NaN,NaN,NaN
10,NaN,NaN,NaN,NaN,NaN,NaN,NaN,NaN
11,NaN,NaN,NaN,NaN,NaN,NaN,NaN,NaN
1,NaN,NaN,NaN,NaN,NaN,NaN,NaN,NaN
2,NaN,NaN,NaN,NaN,NaN,NaN,NaN,NaN
3,NaN,NaN,NaN,NaN,NaN,NaN,NaN,NaN
4,NaN,NaN,NaN,NaN,NaN,NaN,NaN,NaN
5,NaN,NaN,NaN,NaN,NaN,NaN,NaN,NaN
6,NaN,NaN,NaN,NaN,NaN,NaN,NaN,NaN
7,NaN,NaN,NaN,NaN,NaN,NaN,NaN,NaN
8,NaN,NaN,NaN,NaN,NaN,NaN,NaN,NaN
9,NaN,NaN,NaN,NaN,NaN,NaN,NaN,NaN
10,NaN,NaN,NaN,NaN,NaN,NaN,NaN,NaN
11,NaN,NaN,NaN,NaN,NaN,NaN,NaN,NaN
1,NaN,NaN,NaN,NaN,NaN,NaN,NaN,NaN
2,NaN,NaN,NaN,NaN,NaN,NaN,NaN,NaN
3,NaN,NaN,NaN,NaN,NaN,NaN,NaN,NaN
4,NaN,NaN,NaN,NaN,NaN,NaN,NaN,NaN
5,NaN,NaN,NaN,NaN,NaN,NaN,NaN,NaN
6,NaN,NaN,NaN,NaN,NaN,NaN,NaN,NaN
7,NaN,NaN,NaN,NaN,NaN,NaN,NaN,NaN
8,NaN,NaN,NaN,NaN,NaN,NaN,NaN,NaN
9,NaN,NaN,NaN,NaN,NaN,NaN,NaN,NaN
10,NaN,NaN,NaN,NaN,NaN,NaN,NaN,NaN
11,NaN,NaN,NaN,NaN,NaN,NaN,NaN,NaN
1,NaN,NaN,NaN,NaN,NaN,NaN,NaN,NaN
2,NaN,NaN,NaN,NaN,NaN,NaN,NaN,NaN
3,NaN,NaN,NaN,NaN,NaN,NaN,NaN,NaN
4,NaN,NaN,NaN,NaN,NaN,NaN,NaN,NaN
5,NaN,NaN,NaN,NaN,NaN,NaN,NaN,NaN
6,NaN,NaN,NaN,NaN,NaN,NaN,NaN,NaN
7,NaN,NaN,NaN,NaN,NaN,NaN,NaN,NaN
8,NaN,NaN,NaN,NaN,NaN,NaN,NaN,NaN
9,NaN,NaN,NaN,NaN,NaN,NaN,NaN,NaN
10,NaN,NaN,NaN,NaN,NaN,NaN,NaN,NaN
11,NaN,NaN,NaN,NaN,NaN,NaN,NaN,NaN
1,NaN,NaN,NaN,NaN,NaN,NaN,NaN,NaN
2,NaN,NaN,NaN,NaN,NaN,NaN,NaN,NaN
3,NaN,NaN,NaN,NaN,NaN,NaN,NaN,NaN
4,NaN,NaN,NaN,NaN,NaN,NaN,NaN,NaN
5,NaN,NaN,NaN,NaN,NaN,NaN,NaN,NaN
6,NaN,NaN,NaN,NaN,NaN,NaN,NaN,NaN
7,NaN,NaN,NaN,NaN,NaN,NaN,NaN,NaN
8,NaN,NaN,NaN,NaN,NaN,NaN,NaN,NaN
9,NaN,NaN,NaN,NaN,NaN,NaN,NaN,NaN
10,NaN,NaN,NaN,NaN,NaN,NaN,NaN,NaN
11,NaN,NaN,NaN,NaN,NaN,NaN,NaN,NaN
1,NaN,NaN,NaN,NaN,NaN,NaN,NaN,NaN
2,NaN,NaN,NaN,NaN,NaN,NaN,NaN,NaN
3,NaN,NaN,NaN,NaN,NaN,NaN,NaN,NaN
4,NaN,NaN,NaN,NaN,NaN,NaN,NaN,NaN
5,NaN,NaN,NaN,NaN,NaN,NaN,NaN,NaN
6,NaN,NaN,NaN,NaN,NaN,NaN,NaN,NaN
7,NaN,NaN,NaN,NaN,NaN,NaN,NaN,NaN
8,NaN,NaN,NaN,NaN,NaN,NaN,NaN,NaN
9,NaN,NaN,NaN,NaN,NaN,NaN,NaN,NaN
10,NaN,NaN,NaN,NaN,NaN,NaN,NaN,NaN
11,NaN,NaN,NaN,NaN,NaN,NaN,NaN,NaN
1,NaN,NaN,NaN,NaN,NaN,NaN,NaN,NaN
2,NaN,NaN,NaN,NaN,NaN,NaN,NaN,NaN
3,NaN,NaN,NaN,NaN,NaN,NaN,NaN,NaN
4,NaN,NaN,NaN,NaN,NaN,NaN,NaN,NaN
5,NaN,NaN,NaN,NaN,NaN,NaN,NaN,NaN
6,NaN,NaN,NaN,NaN,NaN,NaN,NaN,NaN
7,NaN,NaN,NaN,NaN,NaN,NaN,NaN,NaN
8,NaN,NaN,NaN,NaN,NaN,NaN,NaN,NaN
9,NaN,NaN,NaN,NaN,NaN,NaN,NaN,NaN
10,NaN,NaN,NaN,NaN,NaN,NaN,NaN,NaN
11,NaN,NaN,NaN,NaN,NaN,NaN,NaN,NaN
1,NaN,NaN,NaN,NaN,NaN,NaN,NaN,NaN
2,NaN,NaN,NaN,NaN,NaN,NaN,NaN,NaN
3,NaN,NaN,NaN,NaN,NaN,NaN,NaN,NaN
4,NaN,NaN,NaN,NaN,NaN,NaN,NaN,NaN
5,NaN,NaN,NaN,NaN,NaN,NaN,NaN,NaN
6,NaN,NaN,NaN,NaN,NaN,NaN,NaN,NaN
7,NaN,NaN,NaN,NaN,NaN,NaN,NaN,NaN
8,NaN,NaN,NaN,NaN,NaN,NaN,NaN,NaN
9,NaN,NaN,NaN,NaN,NaN,NaN,NaN,NaN
10,NaN,NaN,NaN,NaN,NaN,NaN,NaN,NaN
11,NaN,NaN,NaN,NaN,NaN,NaN,NaN,NaN
1,NaN,NaN,NaN,NaN,NaN,NaN,NaN,NaN
2,NaN,NaN,NaN,NaN,NaN,NaN,NaN,NaN
3,NaN,NaN,NaN,NaN,NaN,NaN,NaN,NaN
4,NaN,NaN,NaN,NaN,NaN,NaN,NaN,NaN
5,NaN,NaN,NaN,NaN,NaN,NaN,NaN,NaN
6,NaN,NaN,NaN,NaN,NaN,NaN,NaN,NaN
7,NaN,NaN,NaN,NaN,NaN,NaN,NaN,NaN
8,NaN,NaN,NaN,NaN,NaN,NaN,NaN,NaN
9,NaN,NaN,NaN,NaN,NaN,NaN,NaN,NaN
10,NaN,NaN,NaN,NaN,NaN,NaN,NaN,NaN
11,NaN,NaN,NaN,NaN,NaN,NaN,NaN,NaN
1,NaN,NaN,NaN,NaN,NaN,NaN,NaN,NaN
2,NaN,NaN,NaN,NaN,NaN,NaN,NaN,NaN
3,NaN,NaN,NaN,NaN,NaN,NaN,NaN,NaN
4,NaN,NaN,NaN,NaN,NaN,NaN,NaN,NaN
5,NaN,NaN,NaN,NaN,NaN,NaN,NaN,NaN
6,NaN,NaN,NaN,NaN,NaN,NaN,NaN,NaN
7,NaN,NaN,NaN,NaN,NaN,NaN,NaN,NaN
8,NaN,NaN,NaN,NaN,NaN,NaN,NaN,NaN
9,NaN,NaN,NaN,NaN,NaN,NaN,NaN,NaN
10,NaN,NaN,NaN,NaN,NaN,NaN,NaN,NaN
11,NaN,NaN,NaN,NaN,NaN,NaN,NaN,NaN
1,NaN,NaN,NaN,NaN,NaN,NaN,NaN,NaN
2,NaN,NaN,NaN,NaN,NaN,NaN,NaN,NaN
3,NaN,NaN,NaN,NaN,NaN,NaN,NaN,NaN
4,NaN,NaN,NaN,NaN,NaN,NaN,NaN,NaN
5,NaN,NaN,NaN,NaN,NaN,NaN,NaN,NaN
6,NaN,NaN,NaN,NaN,NaN,NaN,NaN,NaN
7,NaN,NaN,NaN,NaN,NaN,NaN,NaN,NaN
8,NaN,NaN,NaN,NaN,NaN,NaN,NaN,NaN
9,NaN,NaN,NaN,NaN,NaN,NaN,NaN,NaN
10,NaN,NaN,NaN,NaN,NaN,NaN,NaN,NaN
11,NaN,NaN,NaN,NaN,NaN,NaN,NaN,NaN
1,NaN,NaN,NaN,NaN,NaN,NaN,NaN,NaN
2,NaN,NaN,NaN,NaN,NaN,NaN,NaN,NaN
3,NaN,NaN,NaN,NaN,NaN,NaN,NaN,NaN
4,NaN,NaN,NaN,NaN,NaN,NaN,NaN,NaN
5,NaN,NaN,NaN,NaN,NaN,NaN,NaN,NaN
6,NaN,NaN,NaN,NaN,NaN,NaN,NaN,NaN
7,NaN,NaN,NaN,NaN,NaN,NaN,NaN,NaN
8,NaN,NaN,NaN,NaN,NaN,NaN,NaN,NaN
9,NaN,NaN,NaN,NaN,NaN,NaN,NaN,NaN
10,NaN,NaN,NaN,NaN,NaN,NaN,NaN,NaN
11,NaN,NaN,NaN,NaN,NaN,NaN,NaN,NaN
1,NaN,NaN,NaN,NaN,NaN,NaN,NaN,NaN
2,NaN,NaN,NaN,NaN,NaN,NaN,NaN,NaN
3,NaN,NaN,NaN,NaN,NaN,NaN,NaN,NaN
4,NaN,NaN,NaN,NaN,NaN,NaN,NaN,NaN
5,NaN,NaN,NaN,NaN,NaN,NaN,NaN,NaN
6,NaN,NaN,NaN,NaN,NaN,NaN,NaN,NaN
7,NaN,NaN,NaN,NaN,NaN,NaN,NaN,NaN
8,NaN,NaN,NaN,NaN,NaN,NaN,NaN,NaN
9,NaN,NaN,NaN,NaN,NaN,NaN,NaN,NaN
10,NaN,NaN,NaN,NaN,NaN,NaN,NaN,NaN
11,NaN,NaN,NaN,NaN,NaN,NaN,NaN,NaN
1,NaN,NaN,NaN,NaN,NaN,NaN,NaN,NaN
2,NaN,NaN,NaN,NaN,NaN,NaN,NaN,NaN
3,NaN,NaN,NaN,NaN,NaN,NaN,NaN,NaN
4,NaN,NaN,NaN,NaN,NaN,NaN,NaN,NaN
5,NaN,NaN,NaN,NaN,NaN,NaN,NaN,NaN
6,NaN,NaN,NaN,NaN,NaN,NaN,NaN,NaN
7,NaN,NaN,NaN,NaN,NaN,NaN,NaN,NaN
8,NaN,NaN,NaN,NaN,NaN,NaN,NaN,NaN
9,NaN,NaN,NaN,NaN,NaN,NaN,NaN,NaN
10,NaN,NaN,NaN,NaN,NaN,NaN,NaN,NaN
11,NaN,NaN,NaN,NaN,NaN,NaN,NaN,NaN
1,NaN,NaN,NaN,NaN,NaN,NaN,NaN,NaN
2,NaN,NaN,NaN,NaN,NaN,NaN,NaN,NaN
3,NaN,NaN,NaN,NaN,NaN,NaN,NaN,NaN
4,NaN,NaN,NaN,NaN,NaN,NaN,NaN,NaN
5,NaN,NaN,NaN,NaN,NaN,NaN,NaN,NaN
6,NaN,NaN,NaN,NaN,NaN,NaN,NaN,NaN
7,NaN,NaN,NaN,NaN,NaN,NaN,NaN,NaN
8,NaN,NaN,NaN,NaN,NaN,NaN,NaN,NaN
9,NaN,NaN,NaN,NaN,NaN,NaN,NaN,NaN
10,NaN,NaN,NaN,NaN,NaN,NaN,NaN,NaN
11,NaN,NaN,NaN,NaN,NaN,NaN,NaN,NaN
1,NaN,NaN,NaN,NaN,NaN,NaN,NaN,NaN
2,NaN,NaN,NaN,NaN,NaN,NaN,NaN,NaN
3,NaN,NaN,NaN,NaN,NaN,NaN,NaN,NaN
4,NaN,NaN,NaN,NaN,NaN,NaN,NaN,NaN
5,NaN,NaN,NaN,NaN,NaN,NaN,NaN,NaN
6,NaN,NaN,NaN,NaN,NaN,NaN,NaN,NaN
7,NaN,NaN,NaN,NaN,NaN,NaN,NaN,NaN
8,NaN,NaN,NaN,NaN,NaN,NaN,NaN,NaN
9,NaN,NaN,NaN,NaN,NaN,NaN,NaN,NaN
10,NaN,NaN,NaN,NaN,NaN,NaN,NaN,NaN
11,NaN,NaN,NaN,NaN,NaN,NaN,NaN,NaN
1,NaN,NaN,NaN,NaN,NaN,NaN,NaN,NaN
2,NaN,NaN,NaN,NaN,NaN,NaN,NaN,NaN
3,NaN,NaN,NaN,NaN,NaN,NaN,NaN,NaN
4,NaN,NaN,NaN,NaN,NaN,NaN,NaN,NaN
5,NaN,NaN,NaN,NaN,NaN,NaN,NaN,NaN
6,NaN,NaN,NaN,NaN,NaN,NaN,NaN,NaN
7,NaN,NaN,NaN,NaN,NaN,NaN,NaN,NaN
8,NaN,NaN,NaN,NaN,NaN,NaN,NaN,NaN
9,NaN,NaN,NaN,NaN,NaN,NaN,NaN,NaN
10,NaN,NaN,NaN,NaN,NaN,NaN,NaN,NaN
11,NaN,NaN,NaN,NaN,NaN,NaN,NaN,NaN
1,NaN,NaN,NaN,NaN,NaN,NaN,NaN,NaN
2,NaN,NaN,NaN,NaN,NaN,NaN,NaN,NaN
3,NaN,NaN,NaN,NaN,NaN,NaN,NaN,NaN
4,NaN,NaN,NaN,NaN,NaN,NaN,NaN,NaN
5,NaN,NaN,NaN,NaN,NaN,NaN,NaN,NaN
6,NaN,NaN,NaN,NaN,NaN,NaN,NaN,NaN
7,NaN,NaN,NaN,NaN,NaN,NaN,NaN,NaN
8,NaN,NaN,NaN,NaN,NaN,NaN,NaN,NaN
9,NaN,NaN,NaN,NaN,NaN,NaN,NaN,NaN
10,NaN,NaN,NaN,NaN,NaN,NaN,NaN,NaN
11,NaN,NaN,NaN,NaN,NaN,NaN,NaN,NaN
1,NaN,NaN,NaN,NaN,NaN,NaN,NaN,NaN
2,NaN,NaN,NaN,NaN,NaN,NaN,NaN,NaN
3,NaN,NaN,NaN,NaN,NaN,NaN,NaN,NaN
4,NaN,NaN,NaN,NaN,NaN,NaN,NaN,NaN
5,NaN,NaN,NaN,NaN,NaN,NaN,NaN,NaN
6,NaN,NaN,NaN,NaN,NaN,NaN,NaN,NaN
7,NaN,NaN,NaN,NaN,NaN,NaN,NaN,NaN
8,NaN,NaN,NaN,NaN,NaN,NaN,NaN,NaN
9,NaN,NaN,NaN,NaN,NaN,NaN,NaN,NaN
10,NaN,NaN,NaN,NaN,NaN,NaN,NaN,NaN
11,NaN,NaN,NaN,NaN,NaN,NaN,NaN,NaN
1,NaN,NaN,NaN,NaN,NaN,NaN,NaN,NaN
2,NaN,NaN,NaN,NaN,NaN,NaN,NaN,NaN
3,NaN,NaN,NaN,NaN,NaN,NaN,NaN,NaN
4,NaN,NaN,NaN,NaN,NaN,NaN,NaN,NaN
5,NaN,NaN,NaN,NaN,NaN,NaN,NaN,NaN
6,NaN,NaN,NaN,NaN,NaN,NaN,NaN,NaN
7,NaN,NaN,NaN,NaN,NaN,NaN,NaN,NaN
8,NaN,NaN,NaN,NaN,NaN,NaN,NaN,NaN
9,NaN,NaN,NaN,NaN,NaN,NaN,NaN,NaN
10,NaN,NaN,NaN,NaN,NaN,NaN,NaN,NaN
11,NaN,NaN,NaN,NaN,NaN,NaN,NaN,NaN
1,NaN,NaN,NaN,NaN,NaN,NaN,NaN,NaN
2,NaN,NaN,NaN,NaN,NaN,NaN,NaN,NaN
3,NaN,NaN,NaN,NaN,NaN,NaN,NaN,NaN
4,NaN,NaN,NaN,NaN,NaN,NaN,NaN,NaN
5,NaN,NaN,NaN,NaN,NaN,NaN,NaN,NaN
6,NaN,NaN,NaN,NaN,NaN,NaN,NaN,NaN
7,NaN,NaN,NaN,NaN,NaN,NaN,NaN,NaN
8,NaN,NaN,NaN,NaN,NaN,NaN,NaN,NaN
9,NaN,NaN,NaN,NaN,NaN,NaN,NaN,NaN
10,NaN,NaN,NaN,NaN,NaN,NaN,NaN,NaN
11,NaN,NaN,NaN,NaN,NaN,NaN,NaN,NaN
1,NaN,NaN,NaN,NaN,NaN,NaN,NaN,NaN
2,NaN,NaN,NaN,NaN,NaN,NaN,NaN,NaN
3,NaN,NaN,NaN,NaN,NaN,NaN,NaN,NaN
4,NaN,NaN,NaN,NaN,NaN,NaN,NaN,NaN
5,NaN,NaN,NaN,NaN,NaN,NaN,NaN,NaN
6,NaN,NaN,NaN,NaN,NaN,NaN,NaN,NaN
7,NaN,NaN,NaN,NaN,NaN,NaN,NaN,NaN
8,NaN,NaN,NaN,NaN,NaN,NaN,NaN,NaN
9,NaN,NaN,NaN,NaN,NaN,NaN,NaN,NaN
10,NaN,NaN,NaN,NaN,NaN,NaN,NaN,NaN
11,NaN,NaN,NaN,NaN,NaN,NaN,NaN,NaN
1,NaN,NaN,NaN,NaN,NaN,NaN,NaN,NaN
2,NaN,NaN,NaN,NaN,NaN,NaN,NaN,NaN
3,NaN,NaN,NaN,NaN,NaN,NaN,NaN,NaN
4,NaN,NaN,NaN,NaN,NaN,NaN,NaN,NaN
5,NaN,NaN,NaN,NaN,NaN,NaN,NaN,NaN
6,NaN,NaN,NaN,NaN,NaN,NaN,NaN,NaN
7,NaN,NaN,NaN,NaN,NaN,NaN,NaN,NaN
8,NaN,NaN,NaN,NaN,NaN,NaN,NaN,NaN
9,NaN,NaN,NaN,NaN,NaN,NaN,NaN,NaN
10,NaN,NaN,NaN,NaN,NaN,NaN,NaN,NaN
11,NaN,NaN,NaN,NaN,NaN,NaN,NaN,NaN
1,NaN,NaN,NaN,NaN,NaN,NaN,NaN,NaN
2,NaN,NaN,NaN,NaN,NaN,NaN,NaN,NaN
3,NaN,NaN,NaN,NaN,NaN,NaN,NaN,NaN
4,NaN,NaN,NaN,NaN,NaN,NaN,NaN,NaN
5,NaN,NaN,NaN,NaN,NaN,NaN,NaN,NaN
6,NaN,NaN,NaN,NaN,NaN,NaN,NaN,NaN
7,NaN,NaN,NaN,NaN,NaN,NaN,NaN,NaN
8,NaN,NaN,NaN,NaN,NaN,NaN,NaN,NaN
9,NaN,NaN,NaN,NaN,NaN,NaN,NaN,NaN
10,NaN,NaN,NaN,NaN,NaN,NaN,NaN,NaN
11,NaN,NaN,NaN,NaN,NaN,NaN,NaN,NaN
1,NaN,NaN,NaN,NaN,NaN,NaN,NaN,NaN
2,NaN,NaN,NaN,NaN,NaN,NaN,NaN,NaN
3,NaN,NaN,NaN,NaN,NaN,NaN,NaN,NaN
4,NaN,NaN,NaN,NaN,NaN,NaN,NaN,NaN
5,NaN,NaN,NaN,NaN,NaN,NaN,NaN,NaN
6,NaN,NaN,NaN,NaN,NaN,NaN,NaN,NaN
7,NaN,NaN,NaN,NaN,NaN,NaN,NaN,NaN
8,NaN,NaN,NaN,NaN,NaN,NaN,NaN,NaN
9,NaN,NaN,NaN,NaN,NaN,NaN,NaN,NaN
10,NaN,NaN,NaN,NaN,NaN,NaN,NaN,NaN
11,NaN,NaN,NaN,NaN,NaN,NaN,NaN,NaN
1,NaN,NaN,NaN,NaN,NaN,NaN,NaN,NaN
2,NaN,NaN,NaN,NaN,NaN,NaN,NaN,NaN
3,NaN,NaN,NaN,NaN,NaN,NaN,NaN,NaN
4,NaN,NaN,NaN,NaN,NaN,NaN,NaN,NaN
5,NaN,NaN,NaN,NaN,NaN,NaN,NaN,NaN
6,NaN,NaN,NaN,NaN,NaN,NaN,NaN,NaN
7,NaN,NaN,NaN,NaN,NaN,NaN,NaN,NaN
8,NaN,NaN,NaN,NaN,NaN,NaN,NaN,NaN
9,NaN,NaN,NaN,NaN,NaN,NaN,NaN,NaN
10,NaN,NaN,NaN,NaN,NaN,NaN,NaN,NaN
11,NaN,NaN,NaN,NaN,NaN,NaN,NaN,NaN
1,NaN,NaN,NaN,NaN,NaN,NaN,NaN,NaN
2,NaN,NaN,NaN,NaN,NaN,NaN,NaN,NaN
3,NaN,NaN,NaN,NaN,NaN,NaN,NaN,NaN
4,NaN,NaN,NaN,NaN,NaN,NaN,NaN,NaN
5,NaN,NaN,NaN,NaN,NaN,NaN,NaN,NaN
6,NaN,NaN,NaN,NaN,NaN,NaN,NaN,NaN
7,NaN,NaN,NaN,NaN,NaN,NaN,NaN,NaN
8,NaN,NaN,NaN,NaN,NaN,NaN,NaN,NaN
9,NaN,NaN,NaN,NaN,NaN,NaN,NaN,NaN
10,NaN,NaN,NaN,NaN,NaN,NaN,NaN,NaN
11,NaN,NaN,NaN,NaN,NaN,NaN,NaN,NaN
1,NaN,NaN,NaN,NaN,NaN,NaN,NaN,NaN
2,NaN,NaN,NaN,NaN,NaN,NaN,NaN,NaN
3,NaN,NaN,NaN,NaN,NaN,NaN,NaN,NaN
4,NaN,NaN,NaN,NaN,NaN,NaN,NaN,NaN
5,NaN,NaN,NaN,NaN,NaN,NaN,NaN,NaN
6,NaN,NaN,NaN,NaN,NaN,NaN,NaN,NaN
7,NaN,NaN,NaN,NaN,NaN,NaN,NaN,NaN
8,NaN,NaN,NaN,NaN,NaN,NaN,NaN,NaN
9,NaN,NaN,NaN,NaN,NaN,NaN,NaN,NaN
10,NaN,NaN,NaN,NaN,NaN,NaN,NaN,NaN
11,NaN,NaN,NaN,NaN,NaN,NaN,NaN,NaN
1,NaN,NaN,NaN,NaN,NaN,NaN,NaN,NaN
2,NaN,NaN,NaN,NaN,NaN,NaN,NaN,NaN
3,NaN,NaN,NaN,NaN,NaN,NaN,NaN,NaN
4,NaN,NaN,NaN,NaN,NaN,NaN,NaN,NaN
5,NaN,NaN,NaN,NaN,NaN,NaN,NaN,NaN
6,NaN,NaN,NaN,NaN,NaN,NaN,NaN,NaN
7,NaN,NaN,NaN,NaN,NaN,NaN,NaN,NaN
8,NaN,NaN,NaN,NaN,NaN,NaN,NaN,NaN
9,NaN,NaN,NaN,NaN,NaN,NaN,NaN,NaN
10,NaN,NaN,NaN,NaN,NaN,NaN,NaN,NaN
11,NaN,NaN,NaN,NaN,NaN,NaN,NaN,NaN
1,NaN,NaN,NaN,NaN,NaN,NaN,NaN,NaN
2,NaN,NaN,NaN,NaN,NaN,NaN,NaN,NaN
3,NaN,NaN,NaN,NaN,NaN,NaN,NaN,NaN
4,NaN,NaN,NaN,NaN,NaN,NaN,NaN,NaN
5,NaN,NaN,NaN,NaN,NaN,NaN,NaN,NaN
6,NaN,NaN,NaN,NaN,NaN,NaN,NaN,NaN
7,NaN,NaN,NaN,NaN,NaN,NaN,NaN,NaN
8,NaN,NaN,NaN,NaN,NaN,NaN,NaN,NaN
9,NaN,NaN,NaN,NaN,NaN,NaN,NaN,NaN
10,NaN,NaN,NaN,NaN,NaN,NaN,NaN,NaN
11,NaN,NaN,NaN,NaN,NaN,NaN,NaN,NaN
1,NaN,NaN,NaN,NaN,NaN,NaN,NaN,NaN
2,NaN,NaN,NaN,NaN,NaN,NaN,NaN,NaN
3,NaN,NaN,NaN,NaN,NaN,NaN,NaN,NaN
4,NaN,NaN,NaN,NaN,NaN,NaN,NaN,NaN
5,NaN,NaN,NaN,NaN,NaN,NaN,NaN,NaN
6,NaN,NaN,NaN,NaN,NaN,NaN,NaN,NaN
7,NaN,NaN,NaN,NaN,NaN,NaN,NaN,NaN
8,NaN,NaN,NaN,NaN,NaN,NaN,NaN,NaN
9,NaN,NaN,NaN,NaN,NaN,NaN,NaN,NaN
10,NaN,NaN,NaN,NaN,NaN,NaN,NaN,NaN
11,NaN,NaN,NaN,NaN,NaN,NaN,NaN,NaN
1,NaN,NaN,NaN,NaN,NaN,NaN,NaN,NaN
2,NaN,NaN,NaN,NaN,NaN,NaN,NaN,NaN
3,NaN,NaN,NaN,NaN,NaN,NaN,NaN,NaN
4,NaN,NaN,NaN,NaN,NaN,NaN,NaN,NaN
5,NaN,NaN,NaN,NaN,NaN,NaN,NaN,NaN
6,NaN,NaN,NaN,NaN,NaN,NaN,NaN,NaN
7,NaN,NaN,NaN,NaN,NaN,NaN,NaN,NaN
8,NaN,NaN,NaN,NaN,NaN,NaN,NaN,NaN
9,NaN,NaN,NaN,NaN,NaN,NaN,NaN,NaN
10,NaN,NaN,NaN,NaN,NaN,NaN,NaN,NaN
11,NaN,NaN,NaN,NaN,NaN,NaN,NaN,NaN
1,NaN,NaN,NaN,NaN,NaN,NaN,NaN,NaN
2,NaN,NaN,NaN,NaN,NaN,NaN,NaN,NaN
3,NaN,NaN,NaN,NaN,NaN,NaN,NaN,NaN
4,NaN,NaN,NaN,NaN,NaN,NaN,NaN,NaN
5,NaN,NaN,NaN,NaN,NaN,NaN,NaN,NaN
6,NaN,NaN,NaN,NaN,NaN,NaN,NaN,NaN
7,NaN,NaN,NaN,NaN,NaN,NaN,NaN,NaN
8,NaN,NaN,NaN,NaN,NaN,NaN,NaN,NaN
9,NaN,NaN,NaN,NaN,NaN,NaN,NaN,NaN
10,NaN,NaN,NaN,NaN,NaN,NaN,NaN,NaN
11,NaN,NaN,NaN,NaN,NaN,NaN,NaN,NaN
1,NaN,NaN,NaN,NaN,NaN,NaN,NaN,NaN
2,NaN,NaN,NaN,NaN,NaN,NaN,NaN,NaN
3,NaN,NaN,NaN,NaN,NaN,NaN,NaN,NaN
4,NaN,NaN,NaN,NaN,NaN,NaN,NaN,NaN
5,NaN,NaN,NaN,NaN,NaN,NaN,NaN,NaN
6,NaN,NaN,NaN,NaN,NaN,NaN,NaN,NaN
7,NaN,NaN,NaN,NaN,NaN,NaN,NaN,NaN
8,NaN,NaN,NaN,NaN,NaN,NaN,NaN,NaN
9,NaN,NaN,NaN,NaN,NaN,NaN,NaN,NaN
10,NaN,NaN,NaN,NaN,NaN,NaN,NaN,NaN
11,NaN,NaN,NaN,NaN,NaN,NaN,NaN,NaN
1,NaN,NaN,NaN,NaN,NaN,NaN,NaN,NaN
2,NaN,NaN,NaN,NaN,NaN,NaN,NaN,NaN
3,NaN,NaN,NaN,NaN,NaN,NaN,NaN,NaN
4,NaN,NaN,NaN,NaN,NaN,NaN,NaN,NaN
5,NaN,NaN,NaN,NaN,NaN,NaN,NaN,NaN
6,NaN,NaN,NaN,NaN,NaN,NaN,NaN,NaN
7,NaN,NaN,NaN,NaN,NaN,NaN,NaN,NaN
8,NaN,NaN,NaN,NaN,NaN,NaN,NaN,NaN
9,NaN,NaN,NaN,NaN,NaN,NaN,NaN,NaN
10,NaN,NaN,NaN,NaN,NaN,NaN,NaN,NaN
11,NaN,NaN,NaN,NaN,NaN,NaN,NaN,NaN
1,NaN,NaN,NaN,NaN,NaN,NaN,NaN,NaN
2,NaN,NaN,NaN,NaN,NaN,NaN,NaN,NaN
3,NaN,NaN,NaN,NaN,NaN,NaN,NaN,NaN
4,NaN,NaN,NaN,NaN,NaN,NaN,NaN,NaN
5,NaN,NaN,NaN,NaN,NaN,NaN,NaN,NaN
6,NaN,NaN,NaN,NaN,NaN,NaN,NaN,NaN
7,NaN,NaN,NaN,NaN,NaN,NaN,NaN,NaN
8,NaN,NaN,NaN,NaN,NaN,NaN,NaN,NaN
9,NaN,NaN,NaN,NaN,NaN,NaN,NaN,NaN
10,NaN,NaN,NaN,NaN,NaN,NaN,NaN,NaN
11,NaN,NaN,NaN,NaN,NaN,NaN,NaN,NaN
1,NaN,NaN,NaN,NaN,NaN,NaN,NaN,NaN
2,NaN,NaN,NaN,NaN,NaN,NaN,NaN,NaN
3,NaN,NaN,NaN,NaN,NaN,NaN,NaN,NaN
4,NaN,NaN,NaN,NaN,NaN,NaN,NaN,NaN
5,NaN,NaN,NaN,NaN,NaN,NaN,NaN,NaN
6,NaN,NaN,NaN,NaN,NaN,NaN,NaN,NaN
7,NaN,NaN,NaN,NaN,NaN,NaN,NaN,NaN
8,NaN,NaN,NaN,NaN,NaN,NaN,NaN,NaN
9,NaN,NaN,NaN,NaN,NaN,NaN,NaN,NaN
10,NaN,NaN,NaN,NaN,NaN,NaN,NaN,NaN
11,NaN,NaN,NaN,NaN,NaN,NaN,NaN,NaN
1,NaN,NaN,NaN,NaN,NaN,NaN,NaN,NaN
2,NaN,NaN,NaN,NaN,NaN,NaN,NaN,NaN
3,NaN,NaN,NaN,NaN,NaN,NaN,NaN,NaN
4,NaN,NaN,NaN,NaN,NaN,NaN,NaN,NaN
5,NaN,NaN,NaN,NaN,NaN,NaN,NaN,NaN
6,NaN,NaN,NaN,NaN,NaN,NaN,NaN,NaN
7,NaN,NaN,NaN,NaN,NaN,NaN,NaN,NaN
8,NaN,NaN,NaN,NaN,NaN,NaN,NaN,NaN
9,NaN,NaN,NaN,NaN,NaN,NaN,NaN,NaN
10,NaN,NaN,NaN,NaN,NaN,NaN,NaN,NaN
11,NaN,NaN,NaN,NaN,NaN,NaN,NaN,NaN
1,NaN,NaN,NaN,NaN,NaN,NaN,NaN,NaN
2,NaN,NaN,NaN,NaN,NaN,NaN,NaN,NaN
3,NaN,NaN,NaN,NaN,NaN,NaN,NaN,NaN
4,NaN,NaN,NaN,NaN,NaN,NaN,NaN,NaN
5,NaN,NaN,NaN,NaN,NaN,NaN,NaN,NaN
6,NaN,NaN,NaN,NaN,NaN,NaN,NaN,NaN
7,NaN,NaN,NaN,NaN,NaN,NaN,NaN,NaN
8,NaN,NaN,NaN,NaN,NaN,NaN,NaN,NaN
9,NaN,NaN,NaN,NaN,NaN,NaN,NaN,NaN
10,NaN,NaN,NaN,NaN,NaN,NaN,NaN,NaN
11,NaN,NaN,NaN,NaN,NaN,NaN,NaN,NaN
1,NaN,NaN,NaN,NaN,NaN,NaN,NaN,NaN
2,NaN,NaN,NaN,NaN,NaN,NaN,NaN,NaN
3,NaN,NaN,NaN,NaN,NaN,NaN,NaN,NaN
4,NaN,NaN,NaN,NaN,NaN,NaN,NaN,NaN
5,NaN,NaN,NaN,NaN,NaN,NaN,NaN,NaN
6,NaN,NaN,NaN,NaN,NaN,NaN,NaN,NaN
7,NaN,NaN,NaN,NaN,NaN,NaN,NaN,NaN
8,NaN,NaN,NaN,NaN,NaN,NaN,NaN,NaN
9,NaN,NaN,NaN,NaN,NaN,NaN,NaN,NaN
10,NaN,NaN,NaN,NaN,NaN,NaN,NaN,NaN
11,NaN,NaN,NaN,NaN,NaN,NaN,NaN,NaN
1,NaN,NaN,NaN,NaN,NaN,NaN,NaN,NaN
2,NaN,NaN,NaN,NaN,NaN,NaN,NaN,NaN
3,NaN,NaN,NaN,NaN,NaN,NaN,NaN,NaN
4,NaN,NaN,NaN,NaN,NaN,NaN,NaN,NaN
5,NaN,NaN,NaN,NaN,NaN,NaN,NaN,NaN
6,NaN,NaN,NaN,NaN,NaN,NaN,NaN,NaN
7,NaN,NaN,NaN,NaN,NaN,NaN,NaN,NaN
8,NaN,NaN,NaN,NaN,NaN,NaN,NaN,NaN
9,NaN,NaN,NaN,NaN,NaN,NaN,NaN,NaN
10,NaN,NaN,NaN,NaN,NaN,NaN,NaN,NaN
11,NaN,NaN,NaN,NaN,NaN,NaN,NaN,NaN
1,NaN,NaN,NaN,NaN,NaN,NaN,NaN,NaN
2,NaN,NaN,NaN,NaN,NaN,NaN,NaN,NaN
3,NaN,NaN,NaN,NaN,NaN,NaN,NaN,NaN
4,NaN,NaN,NaN,NaN,NaN,NaN,NaN,NaN
5,NaN,NaN,NaN,NaN,NaN,NaN,NaN,NaN
6,NaN,NaN,NaN,NaN,NaN,NaN,NaN,NaN
7,NaN,NaN,NaN,NaN,NaN,NaN,NaN,NaN
8,NaN,NaN,NaN,NaN,NaN,NaN,NaN,NaN
9,NaN,NaN,NaN,NaN,NaN,NaN,NaN,NaN
10,NaN,NaN,NaN,NaN,NaN,NaN,NaN,NaN
11,NaN,NaN,NaN,NaN,NaN,NaN,NaN,NaN
1,NaN,NaN,NaN,NaN,NaN,NaN,NaN,NaN
2,NaN,NaN,NaN,NaN,NaN,NaN,NaN,NaN
3,NaN,NaN,NaN,NaN,NaN,NaN,NaN,NaN
4,NaN,NaN,NaN,NaN,NaN,NaN,NaN,NaN
5,NaN,NaN,NaN,NaN,NaN,NaN,NaN,NaN
6,NaN,NaN,NaN,NaN,NaN,NaN,NaN,NaN
7,NaN,NaN,NaN,NaN,NaN,NaN,NaN,NaN
8,NaN,NaN,NaN,NaN,NaN,NaN,NaN,NaN
9,NaN,NaN,NaN,NaN,NaN,NaN,NaN,NaN
10,NaN,NaN,NaN,NaN,NaN,NaN,NaN,NaN
11,NaN,NaN,NaN,NaN,NaN,NaN,NaN,NaN
1,NaN,NaN,NaN,NaN,NaN,NaN,NaN,NaN
2,NaN,NaN,NaN,NaN,NaN,NaN,NaN,NaN
3,NaN,NaN,NaN,NaN,NaN,NaN,NaN,NaN
4,NaN,NaN,NaN,NaN,NaN,NaN,NaN,NaN
5,NaN,NaN,NaN,NaN,NaN,NaN,NaN,NaN
6,NaN,NaN,NaN,NaN,NaN,NaN,NaN,NaN
7,NaN,NaN,NaN,NaN,NaN,NaN,NaN,NaN
8,NaN,NaN,NaN,NaN,NaN,NaN,NaN,NaN
9,NaN,NaN,NaN,NaN,NaN,NaN,NaN,NaN
10,NaN,NaN,NaN,NaN,NaN,NaN,NaN,NaN
11,NaN,NaN,NaN,NaN,NaN,NaN,NaN,NaN
1,NaN,NaN,NaN,NaN,NaN,NaN,NaN,NaN
2,NaN,NaN,NaN,NaN,NaN,NaN,NaN,NaN
3,NaN,NaN,NaN,NaN,NaN,NaN,NaN,NaN
4,NaN,NaN,NaN,NaN,NaN,NaN,NaN,NaN
5,NaN,NaN,NaN,NaN,NaN,NaN,NaN,NaN
6,NaN,NaN,NaN,NaN,NaN,NaN,NaN,NaN
7,NaN,NaN,NaN,NaN,NaN,NaN,NaN,NaN
8,NaN,NaN,NaN,NaN,NaN,NaN,NaN,NaN
9,NaN,NaN,NaN,NaN,NaN,NaN,NaN,NaN
10,NaN,NaN,NaN,NaN,NaN,NaN,NaN,NaN
11,NaN,NaN,NaN,NaN,NaN,NaN,NaN,NaN
1,NaN,NaN,NaN,NaN,NaN,NaN,NaN,NaN
2,NaN,NaN,NaN,NaN,NaN,NaN,NaN,NaN
3,NaN,NaN,NaN,NaN,NaN,NaN,NaN,NaN
4,NaN,NaN,NaN,NaN,NaN,NaN,NaN,NaN
5,NaN,NaN,NaN,NaN,NaN,NaN,NaN,NaN
6,NaN,NaN,NaN,NaN,NaN,NaN,NaN,NaN
7,NaN,NaN,NaN,NaN,NaN,NaN,NaN,NaN
8,NaN,NaN,NaN,NaN,NaN,NaN,NaN,NaN
9,NaN,NaN,NaN,NaN,NaN,NaN,NaN,NaN
10,NaN,NaN,NaN,NaN,NaN,NaN,NaN,NaN
11,NaN,NaN,NaN,NaN,NaN,NaN,NaN,NaN
1,NaN,NaN,NaN,NaN,NaN,NaN,NaN,NaN
2,NaN,NaN,NaN,NaN,NaN,NaN,NaN,NaN
3,NaN,NaN,NaN,NaN,NaN,NaN,NaN,NaN
4,NaN,NaN,NaN,NaN,NaN,NaN,NaN,NaN
5,NaN,NaN,NaN,NaN,NaN,NaN,NaN,NaN
6,NaN,NaN,NaN,NaN,NaN,NaN,NaN,NaN
7,NaN,NaN,NaN,NaN,NaN,NaN,NaN,NaN
8,NaN,NaN,NaN,NaN,NaN,NaN,NaN,NaN
9,NaN,NaN,NaN,NaN,NaN,NaN,NaN,NaN
10,NaN,NaN,NaN,NaN,NaN,NaN,NaN,NaN
11,NaN,NaN,NaN,NaN,NaN,NaN,NaN,NaN
1,NaN,NaN,NaN,NaN,NaN,NaN,NaN,NaN
2,NaN,NaN,NaN,NaN,NaN,NaN,NaN,NaN
3,NaN,NaN,NaN,NaN,NaN,NaN,NaN,NaN
4,NaN,NaN,NaN,NaN,NaN,NaN,NaN,NaN
5,NaN,NaN,NaN,NaN,NaN,NaN,NaN,NaN
6,NaN,NaN,NaN,NaN,NaN,NaN,NaN,NaN
7,NaN,NaN,NaN,NaN,NaN,NaN,NaN,NaN
8,NaN,NaN,NaN,NaN,NaN,NaN,NaN,NaN
9,NaN,NaN,NaN,NaN,NaN,NaN,NaN,NaN
10,NaN,NaN,NaN,NaN,NaN,NaN,NaN,NaN
11,NaN,NaN,NaN,NaN,NaN,NaN,NaN,NaN
1,NaN,NaN,NaN,NaN,NaN,NaN,NaN,NaN
2,NaN,NaN,NaN,NaN,NaN,NaN,NaN,NaN
3,NaN,NaN,NaN,NaN,NaN,NaN,NaN,NaN
4,NaN,NaN,NaN,NaN,NaN,NaN,NaN,NaN
5,NaN,NaN,NaN,NaN,NaN,NaN,NaN,NaN
6,NaN,NaN,NaN,NaN,NaN,NaN,NaN,NaN
7,NaN,NaN,NaN,NaN,NaN,NaN,NaN,NaN
8,NaN,NaN,NaN,NaN,NaN,NaN,NaN,NaN
9,NaN,NaN,NaN,NaN,NaN,NaN,NaN,NaN
10,NaN,NaN,NaN,NaN,NaN,NaN,NaN,NaN
11,NaN,NaN,NaN,NaN,NaN,NaN,NaN,NaN
1,NaN,NaN,NaN,NaN,NaN,NaN,NaN,NaN
2,NaN,NaN,NaN,NaN,NaN,NaN,NaN,NaN
3,NaN,NaN,NaN,NaN,NaN,NaN,NaN,NaN
4,NaN,NaN,NaN,NaN,NaN,NaN,NaN,NaN
5,NaN,NaN,NaN,NaN,NaN,NaN,NaN,NaN
6,NaN,NaN,NaN,NaN,NaN,NaN,NaN,NaN
7,NaN,NaN,NaN,NaN,NaN,NaN,NaN,NaN
8,NaN,NaN,NaN,NaN,NaN,NaN,NaN,NaN
9,NaN,NaN,NaN,NaN,NaN,NaN,NaN,NaN
10,NaN,NaN,NaN,NaN,NaN,NaN,NaN,NaN
11,NaN,NaN,NaN,NaN,NaN,NaN,NaN,NaN
1,NaN,NaN,NaN,NaN,NaN,NaN,NaN,NaN
2,NaN,NaN,NaN,NaN,NaN,NaN,NaN,NaN
3,NaN,NaN,NaN,NaN,NaN,NaN,NaN,NaN
4,NaN,NaN,NaN,NaN,NaN,NaN,NaN,NaN
5,NaN,NaN,NaN,NaN,NaN,NaN,NaN,NaN
6,NaN,NaN,NaN,NaN,NaN,NaN,NaN,NaN
7,NaN,NaN,NaN,NaN,NaN,NaN,NaN,NaN
8,NaN,NaN,NaN,NaN,NaN,NaN,NaN,NaN
9,NaN,NaN,NaN,NaN,NaN,NaN,NaN,NaN
10,NaN,NaN,NaN,NaN,NaN,NaN,NaN,NaN
11,NaN,NaN,NaN,NaN,NaN,NaN,NaN,NaN
1,NaN,NaN,NaN,NaN,NaN,NaN,NaN,NaN
2,NaN,NaN,NaN,NaN,NaN,NaN,NaN,NaN
3,NaN,NaN,NaN,NaN,NaN,NaN,NaN,NaN
4,NaN,NaN,NaN,NaN,NaN,NaN,NaN,NaN
5,NaN,NaN,NaN,NaN,NaN,NaN,NaN,NaN
6,NaN,NaN,NaN,NaN,NaN,NaN,NaN,NaN
7,NaN,NaN,NaN,NaN,NaN,NaN,NaN,NaN
8,NaN,NaN,NaN,NaN,NaN,NaN,NaN,NaN
9,NaN,NaN,NaN,NaN,NaN,NaN,NaN,NaN
10,NaN,NaN,NaN,NaN,NaN,NaN,NaN,NaN
11,NaN,NaN,NaN,NaN,NaN,NaN,NaN,NaN
1,NaN,NaN,NaN,NaN,NaN,NaN,NaN,NaN
2,NaN,NaN,NaN,NaN,NaN,NaN,NaN,NaN
3,NaN,NaN,NaN,NaN,NaN,NaN,NaN,NaN
4,NaN,NaN,NaN,NaN,NaN,NaN,NaN,NaN
5,NaN,NaN,NaN,NaN,NaN,NaN,NaN,NaN
6,NaN,NaN,NaN,NaN,NaN,NaN,NaN,NaN
7,NaN,NaN,NaN,NaN,NaN,NaN,NaN,NaN
8,NaN,NaN,NaN,NaN,NaN,NaN,NaN,NaN
9,NaN,NaN,NaN,NaN,NaN,NaN,NaN,NaN
10,NaN,NaN,NaN,NaN,NaN,NaN,NaN,NaN
11,NaN,NaN,NaN,NaN,NaN,NaN,NaN,NaN
1,NaN,NaN,NaN,NaN,NaN,NaN,NaN,NaN
2,NaN,NaN,NaN,NaN,NaN,NaN,NaN,NaN
3,NaN,NaN,NaN,NaN,NaN,NaN,NaN,NaN
4,NaN,NaN,NaN,NaN,NaN,NaN,NaN,NaN
5,NaN,NaN,NaN,NaN,NaN,NaN,NaN,NaN
6,NaN,NaN,NaN,NaN,NaN,NaN,NaN,NaN
7,NaN,NaN,NaN,NaN,NaN,NaN,NaN,NaN
8,NaN,NaN,NaN,NaN,NaN,NaN,NaN,NaN
9,NaN,NaN,NaN,NaN,NaN,NaN,NaN,NaN
10,NaN,NaN,NaN,NaN,NaN,NaN,NaN,NaN
11,NaN,NaN,NaN,NaN,NaN,NaN,NaN,NaN
1,NaN,NaN,NaN,NaN,NaN,NaN,NaN,NaN
2,NaN,NaN,NaN,NaN,NaN,NaN,NaN,NaN
3,NaN,NaN,NaN,NaN,NaN,NaN,NaN,NaN
4,NaN,NaN,NaN,NaN,NaN,NaN,NaN,NaN
5,NaN,NaN,NaN,NaN,NaN,NaN,NaN,NaN
6,NaN,NaN,NaN,NaN,NaN,NaN,NaN,NaN
7,NaN,NaN,NaN,NaN,NaN,NaN,NaN,NaN
8,NaN,NaN,NaN,NaN,NaN,NaN,NaN,NaN
9,NaN,NaN,NaN,NaN,NaN,NaN,NaN,NaN
10,NaN,NaN,NaN,NaN,NaN,NaN,NaN,NaN
11,NaN,NaN,NaN,NaN,NaN,NaN,NaN,NaN
1,NaN,NaN,NaN,NaN,NaN,NaN,NaN,NaN
2,NaN,NaN,NaN,NaN,NaN,NaN,NaN,NaN
3,NaN,NaN,NaN,NaN,NaN,NaN,NaN,NaN
4,NaN,NaN,NaN,NaN,NaN,NaN,NaN,NaN
5,NaN,NaN,NaN,NaN,NaN,NaN,NaN,NaN
6,NaN,NaN,NaN,NaN,NaN,NaN,NaN,NaN
7,NaN,NaN,NaN,NaN,NaN,NaN,NaN,NaN
8,NaN,NaN,NaN,NaN,NaN,NaN,NaN,NaN
9,NaN,NaN,NaN,NaN,NaN,NaN,NaN,NaN
10,NaN,NaN,NaN,NaN,NaN,NaN,NaN,NaN
11,NaN,NaN,NaN,NaN,NaN,NaN,NaN,NaN
1,NaN,NaN,NaN,NaN,NaN,NaN,NaN,NaN
2,NaN,NaN,NaN,NaN,NaN,NaN,NaN,NaN
3,NaN,NaN,NaN,NaN,NaN,NaN,NaN,NaN
4,NaN,NaN,NaN,NaN,NaN,NaN,NaN,NaN
5,NaN,NaN,NaN,NaN,NaN,NaN,NaN,NaN
6,NaN,NaN,NaN,NaN,NaN,NaN,NaN,NaN
7,NaN,NaN,NaN,NaN,NaN,NaN,NaN,NaN
8,NaN,NaN,NaN,NaN,NaN,NaN,NaN,NaN
9,NaN,NaN,NaN,NaN,NaN,NaN,NaN,NaN
10,NaN,NaN,NaN,NaN,NaN,NaN,NaN,NaN
11,NaN,NaN,NaN,NaN,NaN,NaN,NaN,NaN
1,NaN,NaN,NaN,NaN,NaN,NaN,NaN,NaN
2,NaN,NaN,NaN,NaN,NaN,NaN,NaN,NaN
3,NaN,NaN,NaN,NaN,NaN,NaN,NaN,NaN
4,NaN,NaN,NaN,NaN,NaN,NaN,NaN,NaN
5,NaN,NaN,NaN,NaN,NaN,NaN,NaN,NaN
6,NaN,NaN,NaN,NaN,NaN,NaN,NaN,NaN
7,NaN,NaN,NaN,NaN,NaN,NaN,NaN,NaN
8,NaN,NaN,NaN,NaN,NaN,NaN,NaN,NaN
9,NaN,NaN,NaN,NaN,NaN,NaN,NaN,NaN
10,NaN,NaN,NaN,NaN,NaN,NaN,NaN,NaN
11,NaN,NaN,NaN,NaN,NaN,NaN,NaN,NaN
1,NaN,NaN,NaN,NaN,NaN,NaN,NaN,NaN
2,NaN,NaN,NaN,NaN,NaN,NaN,NaN,NaN
3,NaN,NaN,NaN,NaN,NaN,NaN,NaN,NaN
4,NaN,NaN,NaN,NaN,NaN,NaN,NaN,NaN
5,NaN,NaN,NaN,NaN,NaN,NaN,NaN,NaN
6,NaN,NaN,NaN,NaN,NaN,NaN,NaN,NaN
7,NaN,NaN,NaN,NaN,NaN,NaN,NaN,NaN
8,NaN,NaN,NaN,NaN,NaN,NaN,NaN,NaN
9,NaN,NaN,NaN,NaN,NaN,NaN,NaN,NaN
10,NaN,NaN,NaN,NaN,NaN,NaN,NaN,NaN
11,NaN,NaN,NaN,NaN,NaN,NaN,NaN,NaN
1,NaN,NaN,NaN,NaN,NaN,NaN,NaN,NaN
2,NaN,NaN,NaN,NaN,NaN,NaN,NaN,NaN
3,NaN,NaN,NaN,NaN,NaN,NaN,NaN,NaN
4,NaN,NaN,NaN,NaN,NaN,NaN,NaN,NaN
5,NaN,NaN,NaN,NaN,NaN,NaN,NaN,NaN
6,NaN,NaN,NaN,NaN,NaN,NaN,NaN,NaN
7,NaN,NaN,NaN,NaN,NaN,NaN,NaN,NaN
8,NaN,NaN,NaN,NaN,NaN,NaN,NaN,NaN
9,NaN,NaN,NaN,NaN,NaN,NaN,NaN,NaN
10,NaN,NaN,NaN,NaN,NaN,NaN,NaN,NaN
11,NaN,NaN,NaN,NaN,NaN,NaN,NaN,NaN
1,NaN,NaN,NaN,NaN,NaN,NaN,NaN,NaN
2,NaN,NaN,NaN,NaN,NaN,NaN,NaN,NaN
3,NaN,NaN,NaN,NaN,NaN,NaN,NaN,NaN
4,NaN,NaN,NaN,NaN,NaN,NaN,NaN,NaN
5,NaN,NaN,NaN,NaN,NaN,NaN,NaN,NaN
6,NaN,NaN,NaN,NaN,NaN,NaN,NaN,NaN
7,NaN,NaN,NaN,NaN,NaN,NaN,NaN,NaN
8,NaN,NaN,NaN,NaN,NaN,NaN,NaN,NaN
9,NaN,NaN,NaN,NaN,NaN,NaN,NaN,NaN
10,NaN,NaN,NaN,NaN,NaN,NaN,NaN,NaN
11,NaN,NaN,NaN,NaN,NaN,NaN,NaN,NaN
1,NaN,NaN,NaN,NaN,NaN,NaN,NaN,NaN
2,NaN,NaN,NaN,NaN,NaN,NaN,NaN,NaN
3,NaN,NaN,NaN,NaN,NaN,NaN,NaN,NaN
4,NaN,NaN,NaN,NaN,NaN,NaN,NaN,NaN
5,NaN,NaN,NaN,NaN,NaN,NaN,NaN,NaN
6,NaN,NaN,NaN,NaN,NaN,NaN,NaN,NaN
7,NaN,NaN,NaN,NaN,NaN,NaN,NaN,NaN
8,NaN,NaN,NaN,NaN,NaN,NaN,NaN,NaN
9,NaN,NaN,NaN,NaN,NaN,NaN,NaN,NaN
10,NaN,NaN,NaN,NaN,NaN,NaN,NaN,NaN
11,NaN,NaN,NaN,NaN,NaN,NaN,NaN,NaN
1,NaN,NaN,NaN,NaN,NaN,NaN,NaN,NaN
2,NaN,NaN,NaN,NaN,NaN,NaN,NaN,NaN
3,NaN,NaN,NaN,NaN,NaN,NaN,NaN,NaN
4,NaN,NaN,NaN,NaN,NaN,NaN,NaN,NaN
5,NaN,NaN,NaN,NaN,NaN,NaN,NaN,NaN
6,NaN,NaN,NaN,NaN,NaN,NaN,NaN,NaN
7,NaN,NaN,NaN,NaN,NaN,NaN,NaN,NaN
8,NaN,NaN,NaN,NaN,NaN,NaN,NaN,NaN
9,NaN,NaN,NaN,NaN,NaN,NaN,NaN,NaN
10,NaN,NaN,NaN,NaN,NaN,NaN,NaN,NaN
11,NaN,NaN,NaN,NaN,NaN,NaN,NaN,NaN
1,NaN,NaN,NaN,NaN,NaN,NaN,NaN,NaN
2,NaN,NaN,NaN,NaN,NaN,NaN,NaN,NaN
3,NaN,NaN,NaN,NaN,NaN,NaN,NaN,NaN
4,NaN,NaN,NaN,NaN,NaN,NaN,NaN,NaN
5,NaN,NaN,NaN,NaN,NaN,NaN,NaN,NaN
6,NaN,NaN,NaN,NaN,NaN,NaN,NaN,NaN
7,NaN,NaN,NaN,NaN,NaN,NaN,NaN,NaN
8,NaN,NaN,NaN,NaN,NaN,NaN,NaN,NaN
9,NaN,NaN,NaN,NaN,NaN,NaN,NaN,NaN
10,NaN,NaN,NaN,NaN,NaN,NaN,NaN,NaN
11,NaN,NaN,NaN,NaN,NaN,NaN,NaN,NaN
1,NaN,NaN,NaN,NaN,NaN,NaN,NaN,NaN
2,NaN,NaN,NaN,NaN,NaN,NaN,NaN,NaN
3,NaN,NaN,NaN,NaN,NaN,NaN,NaN,NaN
4,NaN,NaN,NaN,NaN,NaN,NaN,NaN,NaN
5,NaN,NaN,NaN,NaN,NaN,NaN,NaN,NaN
6,NaN,NaN,NaN,NaN,NaN,NaN,NaN,NaN
7,NaN,NaN,NaN,NaN,NaN,NaN,NaN,NaN
8,NaN,NaN,NaN,NaN,NaN,NaN,NaN,NaN
9,NaN,NaN,NaN,NaN,NaN,NaN,NaN,NaN
10,NaN,NaN,NaN,NaN,NaN,NaN,NaN,NaN
11,NaN,NaN,NaN,NaN,NaN,NaN,NaN,NaN
1,NaN,NaN,NaN,NaN,NaN,NaN,NaN,NaN
2,NaN,NaN,NaN,NaN,NaN,NaN,NaN,NaN
3,NaN,NaN,NaN,NaN,NaN,NaN,NaN,NaN
4,NaN,NaN,NaN,NaN,NaN,NaN,NaN,NaN
5,NaN,NaN,NaN,NaN,NaN,NaN,NaN,NaN
6,NaN,NaN,NaN,NaN,NaN,NaN,NaN,NaN
7,NaN,NaN,NaN,NaN,NaN,NaN,NaN,NaN
8,NaN,NaN,NaN,NaN,NaN,NaN,NaN,NaN
9,NaN,NaN,NaN,NaN,NaN,NaN,NaN,NaN
10,NaN,NaN,NaN,NaN,NaN,NaN,NaN,NaN
11,NaN,NaN,NaN,NaN,NaN,NaN,NaN,NaN
1,NaN,NaN,NaN,NaN,NaN,NaN,NaN,NaN
2,NaN,NaN,NaN,NaN,NaN,NaN,NaN,NaN
3,NaN,NaN,NaN,NaN,NaN,NaN,NaN,NaN
4,NaN,NaN,NaN,NaN,NaN,NaN,NaN,NaN
5,NaN,NaN,NaN,NaN,NaN,NaN,NaN,NaN
6,NaN,NaN,NaN,NaN,NaN,NaN,NaN,NaN
7,NaN,NaN,NaN,NaN,NaN,NaN,NaN,NaN
8,NaN,NaN,NaN,NaN,NaN,NaN,NaN,NaN
9,NaN,NaN,NaN,NaN,NaN,NaN,NaN,NaN
10,NaN,NaN,NaN,NaN,NaN,NaN,NaN,NaN
11,NaN,NaN,NaN,NaN,NaN,NaN,NaN,NaN
1,NaN,NaN,NaN,NaN,NaN,NaN,NaN,NaN
2,NaN,NaN,NaN,NaN,NaN,NaN,NaN,NaN
3,NaN,NaN,NaN,NaN,NaN,NaN,NaN,NaN
4,NaN,NaN,NaN,NaN,NaN,NaN,NaN,NaN
5,NaN,NaN,NaN,NaN,NaN,NaN,NaN,NaN
6,NaN,NaN,NaN,NaN,NaN,NaN,NaN,NaN
7,NaN,NaN,NaN,NaN,NaN,NaN,NaN,NaN
8,NaN,NaN,NaN,NaN,NaN,NaN,NaN,NaN
9,NaN,NaN,NaN,NaN,NaN,NaN,NaN,NaN
10,NaN,NaN,NaN,NaN,NaN,NaN,NaN,NaN
11,NaN,NaN,NaN,NaN,NaN,NaN,NaN,NaN
1,NaN,NaN,NaN,NaN,NaN,NaN,NaN,NaN
2,NaN,NaN,NaN,NaN,NaN,NaN,NaN,NaN
3,NaN,NaN,NaN,NaN,NaN,NaN,NaN,NaN
4,NaN,NaN,NaN,NaN,NaN,NaN,NaN,NaN
5,NaN,NaN,NaN,NaN,NaN,NaN,NaN,NaN
6,NaN,NaN,NaN,NaN,NaN,NaN,NaN,NaN
7,NaN,NaN,NaN,NaN,NaN,NaN,NaN,NaN
8,NaN,NaN,NaN,NaN,NaN,NaN,NaN,NaN
9,NaN,NaN,NaN,NaN,NaN,NaN,NaN,NaN
10,NaN,NaN,NaN,NaN,NaN,NaN,NaN,NaN
11,NaN,NaN,NaN,NaN,NaN,NaN,NaN,NaN
1,NaN,NaN,NaN,NaN,NaN,NaN,NaN,NaN
2,NaN,NaN,NaN,NaN,NaN,NaN,NaN,NaN
3,NaN,NaN,NaN,NaN,NaN,NaN,NaN,NaN
4,NaN,NaN,NaN,NaN,NaN,NaN,NaN,NaN
5,NaN,NaN,NaN,NaN,NaN,NaN,NaN,NaN
6,NaN,NaN,NaN,NaN,NaN,NaN,NaN,NaN
7,NaN,NaN,NaN,NaN,NaN,NaN,NaN,NaN
8,NaN,NaN,NaN,NaN,NaN,NaN,NaN,NaN
9,NaN,NaN,NaN,NaN,NaN,NaN,NaN,NaN
10,NaN,NaN,NaN,NaN,NaN,NaN,NaN,NaN
11,NaN,NaN,NaN,NaN,NaN,NaN,NaN,NaN
1,NaN,NaN,NaN,NaN,NaN,NaN,NaN,NaN
2,NaN,NaN,NaN,NaN,NaN,NaN,NaN,NaN
3,NaN,NaN,NaN,NaN,NaN,NaN,NaN,NaN
4,NaN,NaN,NaN,NaN,NaN,NaN,NaN,NaN
5,NaN,NaN,NaN,NaN,NaN,NaN,NaN,NaN
6,NaN,NaN,NaN,NaN,NaN,NaN,NaN,NaN
7,NaN,NaN,NaN,NaN,NaN,NaN,NaN,NaN
8,NaN,NaN,NaN,NaN,NaN,NaN,NaN,NaN
9,NaN,NaN,NaN,NaN,NaN,NaN,NaN,NaN
10,NaN,NaN,NaN,NaN,NaN,NaN,NaN,NaN
11,NaN,NaN,NaN,NaN,NaN,NaN,NaN,NaN
1,NaN,NaN,NaN,NaN,NaN,NaN,NaN,NaN
2,NaN,NaN,NaN,NaN,NaN,NaN,NaN,NaN
3,NaN,NaN,NaN,NaN,NaN,NaN,NaN,NaN
4,NaN,NaN,NaN,NaN,NaN,NaN,NaN,NaN
5,NaN,NaN,NaN,NaN,NaN,NaN,NaN,NaN
6,NaN,NaN,NaN,NaN,NaN,NaN,NaN,NaN
7,NaN,NaN,NaN,NaN,NaN,NaN,NaN,NaN
8,NaN,NaN,NaN,NaN,NaN,NaN,NaN,NaN
9,NaN,NaN,NaN,NaN,NaN,NaN,NaN,NaN
10,NaN,NaN,NaN,NaN,NaN,NaN,NaN,NaN
11,NaN,NaN,NaN,NaN,NaN,NaN,NaN,NaN
1,NaN,NaN,NaN,NaN,NaN,NaN,NaN,NaN
2,NaN,NaN,NaN,NaN,NaN,NaN,NaN,NaN
3,NaN,NaN,NaN,NaN,NaN,NaN,NaN,NaN
4,NaN,NaN,NaN,NaN,NaN,NaN,NaN,NaN
5,NaN,NaN,NaN,NaN,NaN,NaN,NaN,NaN
6,NaN,NaN,NaN,NaN,NaN,NaN,NaN,NaN
7,NaN,NaN,NaN,NaN,NaN,NaN,NaN,NaN
8,NaN,NaN,NaN,NaN,NaN,NaN,NaN,NaN
9,NaN,NaN,NaN,NaN,NaN,NaN,NaN,NaN
10,NaN,NaN,NaN,NaN,NaN,NaN,NaN,NaN
11,NaN,NaN,NaN,NaN,NaN,NaN,NaN,NaN
1,NaN,NaN,NaN,NaN,NaN,NaN,NaN,NaN
2,NaN,NaN,NaN,NaN,NaN,NaN,NaN,NaN
3,NaN,NaN,NaN,NaN,NaN,NaN,NaN,NaN
4,NaN,NaN,NaN,NaN,NaN,NaN,NaN,NaN
5,NaN,NaN,NaN,NaN,NaN,NaN,NaN,NaN
6,NaN,NaN,NaN,NaN,NaN,NaN,NaN,NaN
7,NaN,NaN,NaN,NaN,NaN,NaN,NaN,NaN
8,NaN,NaN,NaN,NaN,NaN,NaN,NaN,NaN
9,NaN,NaN,NaN,NaN,NaN,NaN,NaN,NaN
10,NaN,NaN,NaN,NaN,NaN,NaN,NaN,NaN
11,NaN,NaN,NaN,NaN,NaN,NaN,NaN,NaN
1,NaN,NaN,NaN,NaN,NaN,NaN,NaN,NaN
2,NaN,NaN,NaN,NaN,NaN,NaN,NaN,NaN
3,NaN,NaN,NaN,NaN,NaN,NaN,NaN,NaN
4,NaN,NaN,NaN,NaN,NaN,NaN,NaN,NaN
5,NaN,NaN,NaN,NaN,NaN,NaN,NaN,NaN
6,NaN,NaN,NaN,NaN,NaN,NaN,NaN,NaN
7,NaN,NaN,NaN,NaN,NaN,NaN,NaN,NaN
8,NaN,NaN,NaN,NaN,NaN,NaN,NaN,NaN
9,NaN,NaN,NaN,NaN,NaN,NaN,NaN,NaN
10,NaN,NaN,NaN,NaN,NaN,NaN,NaN,NaN
11,NaN,NaN,NaN,NaN,NaN,NaN,NaN,NaN
1,NaN,NaN,NaN,NaN,NaN,NaN,NaN,NaN
2,NaN,NaN,NaN,NaN,NaN,NaN,NaN,NaN
3,NaN,NaN,NaN,NaN,NaN,NaN,NaN,NaN
4,NaN,NaN,NaN,NaN,NaN,NaN,NaN,NaN
5,NaN,NaN,NaN,NaN,NaN,NaN,NaN,NaN
6,NaN,NaN,NaN,NaN,NaN,NaN,NaN,NaN
7,NaN,NaN,NaN,NaN,NaN,NaN,NaN,NaN
8,NaN,NaN,NaN,NaN,NaN,NaN,NaN,NaN
9,NaN,NaN,NaN,NaN,NaN,NaN,NaN,NaN
10,NaN,NaN,NaN,NaN,NaN,NaN,NaN,NaN
11,NaN,NaN,NaN,NaN,NaN,NaN,NaN,NaN
1,NaN,NaN,NaN,NaN,NaN,NaN,NaN,NaN
2,NaN,NaN,NaN,NaN,NaN,NaN,NaN,NaN
3,NaN,NaN,NaN,NaN,NaN,NaN,NaN,NaN
4,NaN,NaN,NaN,NaN,NaN,NaN,NaN,NaN
5,NaN,NaN,NaN,NaN,NaN,NaN,NaN,NaN
6,NaN,NaN,NaN,NaN,NaN,NaN,NaN,NaN
7,NaN,NaN,NaN,NaN,NaN,NaN,NaN,NaN
8,NaN,NaN,NaN,NaN,NaN,NaN,NaN,NaN
9,NaN,NaN,NaN,NaN,NaN,NaN,NaN,NaN
10,NaN,NaN,NaN,NaN,NaN,NaN,NaN,NaN
11,NaN,NaN,NaN,NaN,NaN,NaN,NaN,NaN
1,NaN,NaN,NaN,NaN,NaN,NaN,NaN,NaN
2,NaN,NaN,NaN,NaN,NaN,NaN,NaN,NaN
3,NaN,NaN,NaN,NaN,NaN,NaN,NaN,NaN
4,NaN,NaN,NaN,NaN,NaN,NaN,NaN,NaN
5,NaN,NaN,NaN,NaN,NaN,NaN,NaN,NaN
6,NaN,NaN,NaN,NaN,NaN,NaN,NaN,NaN
7,NaN,NaN,NaN,NaN,NaN,NaN,NaN,NaN
8,NaN,NaN,NaN,NaN,NaN,NaN,NaN,NaN
9,NaN,NaN,NaN,NaN,NaN,NaN,NaN,NaN
10,NaN,NaN,NaN,NaN,NaN,NaN,NaN,NaN
11,NaN,NaN,NaN,NaN,NaN,NaN,NaN,NaN
1,NaN,NaN,NaN,NaN,NaN,NaN,NaN,NaN
2,NaN,NaN,NaN,NaN,NaN,NaN,NaN,NaN
3,NaN,NaN,NaN,NaN,NaN,NaN,NaN,NaN
4,NaN,NaN,NaN,NaN,NaN,NaN,NaN,NaN
5,NaN,NaN,NaN,NaN,NaN,NaN,NaN,NaN
6,NaN,NaN,NaN,NaN,NaN,NaN,NaN,NaN
7,NaN,NaN,NaN,NaN,NaN,NaN,NaN,NaN
8,NaN,NaN,NaN,NaN,NaN,NaN,NaN,NaN
9,NaN,NaN,NaN,NaN,NaN,NaN,NaN,NaN
10,NaN,NaN,NaN,NaN,NaN,NaN,NaN,NaN
11,NaN,NaN,NaN,NaN,NaN,NaN,NaN,NaN
1,NaN,NaN,NaN,NaN,NaN,NaN,NaN,NaN
2,NaN,NaN,NaN,NaN,NaN,NaN,NaN,NaN
3,NaN,NaN,NaN,NaN,NaN,NaN,NaN,NaN
4,NaN,NaN,NaN,NaN,NaN,NaN,NaN,NaN
5,NaN,NaN,NaN,NaN,NaN,NaN,NaN,NaN
6,NaN,NaN,NaN,NaN,NaN,NaN,NaN,NaN
7,NaN,NaN,NaN,NaN,NaN,NaN,NaN,NaN
8,NaN,NaN,NaN,NaN,NaN,NaN,NaN,NaN
9,NaN,NaN,NaN,NaN,NaN,NaN,NaN,NaN
10,NaN,NaN,NaN,NaN,NaN,NaN,NaN,NaN
11,NaN,NaN,NaN,NaN,NaN,NaN,NaN,NaN
1,NaN,NaN,NaN,NaN,NaN,NaN,NaN,NaN
2,NaN,NaN,NaN,NaN,NaN,NaN,NaN,NaN
3,NaN,NaN,NaN,NaN,NaN,NaN,NaN,NaN
4,NaN,NaN,NaN,NaN,NaN,NaN,NaN,NaN
5,NaN,NaN,NaN,NaN,NaN,NaN,NaN,NaN
6,NaN,NaN,NaN,NaN,NaN,NaN,NaN,NaN
7,NaN,NaN,NaN,NaN,NaN,NaN,NaN,NaN
8,NaN,NaN,NaN,NaN,NaN,NaN,NaN,NaN
9,NaN,NaN,NaN,NaN,NaN,NaN,NaN,NaN
10,NaN,NaN,NaN,NaN,NaN,NaN,NaN,NaN
11,NaN,NaN,NaN,NaN,NaN,NaN,NaN,NaN
1,NaN,NaN,NaN,NaN,NaN,NaN,NaN,NaN
2,NaN,NaN,NaN,NaN,NaN,NaN,NaN,NaN
3,NaN,NaN,NaN,NaN,NaN,NaN,NaN,NaN
4,NaN,NaN,NaN,NaN,NaN,NaN,NaN,NaN
5,NaN,NaN,NaN,NaN,NaN,NaN,NaN,NaN
6,NaN,NaN,NaN,NaN,NaN,NaN,NaN,NaN
7,NaN,NaN,NaN,NaN,NaN,NaN,NaN,NaN
8,NaN,NaN,NaN,NaN,NaN,NaN,NaN,NaN
9,NaN,NaN,NaN,NaN,NaN,NaN,NaN,NaN
10,NaN,NaN,NaN,NaN,NaN,NaN,NaN,NaN
11,NaN,NaN,NaN,NaN,NaN,NaN,NaN,NaN
1,NaN,NaN,NaN,NaN,NaN,NaN,NaN,NaN
2,NaN,NaN,NaN,NaN,NaN,NaN,NaN,NaN
3,NaN,NaN,NaN,NaN,NaN,NaN,NaN,NaN
4,NaN,NaN,NaN,NaN,NaN,NaN,NaN,NaN
5,NaN,NaN,NaN,NaN,NaN,NaN,NaN,NaN
6,NaN,NaN,NaN,NaN,NaN,NaN,NaN,NaN
7,NaN,NaN,NaN,NaN,NaN,NaN,NaN,NaN
8,NaN,NaN,NaN,NaN,NaN,NaN,NaN,NaN
9,NaN,NaN,NaN,NaN,NaN,NaN,NaN,NaN
10,NaN,NaN,NaN,NaN,NaN,NaN,NaN,NaN
11,NaN,NaN,NaN,NaN,NaN,NaN,NaN,NaN
1,NaN,NaN,NaN,NaN,NaN,NaN,NaN,NaN
2,NaN,NaN,NaN,NaN,NaN,NaN,NaN,NaN
3,NaN,NaN,NaN,NaN,NaN,NaN,NaN,NaN
4,NaN,NaN,NaN,NaN,NaN,NaN,NaN,NaN
5,NaN,NaN,NaN,NaN,NaN,NaN,NaN,NaN
6,NaN,NaN,NaN,NaN,NaN,NaN,NaN,NaN
7,NaN,NaN,NaN,NaN,NaN,NaN,NaN,NaN
8,NaN,NaN,NaN,NaN,NaN,NaN,NaN,NaN
9,NaN,NaN,NaN,NaN,NaN,NaN,NaN,NaN
10,NaN,NaN,NaN,NaN,NaN,NaN,NaN,NaN
11,NaN,NaN,NaN,NaN,NaN,NaN,NaN,NaN
1,NaN,NaN,NaN,NaN,NaN,NaN,NaN,NaN
2,NaN,NaN,NaN,NaN,NaN,NaN,NaN,NaN
3,NaN,NaN,NaN,NaN,NaN,NaN,NaN,NaN
4,NaN,NaN,NaN,NaN,NaN,NaN,NaN,NaN
5,NaN,NaN,NaN,NaN,NaN,NaN,NaN,NaN
6,NaN,NaN,NaN,NaN,NaN,NaN,NaN,NaN
7,NaN,NaN,NaN,NaN,NaN,NaN,NaN,NaN
8,NaN,NaN,NaN,NaN,NaN,NaN,NaN,NaN
9,NaN,NaN,NaN,NaN,NaN,NaN,NaN,NaN
10,NaN,NaN,NaN,NaN,NaN,NaN,NaN,NaN
11,NaN,NaN,NaN,NaN,NaN,NaN,NaN,NaN
1,NaN,NaN,NaN,NaN,NaN,NaN,NaN,NaN
2,NaN,NaN,NaN,NaN,NaN,NaN,NaN,NaN
3,NaN,NaN,NaN,NaN,NaN,NaN,NaN,NaN
4,NaN,NaN,NaN,NaN,NaN,NaN,NaN,NaN
5,NaN,NaN,NaN,NaN,NaN,NaN,NaN,NaN
6,NaN,NaN,NaN,NaN,NaN,NaN,NaN,NaN
7,NaN,NaN,NaN,NaN,NaN,NaN,NaN,NaN
8,NaN,NaN,NaN,NaN,NaN,NaN,NaN,NaN
9,NaN,NaN,NaN,NaN,NaN,NaN,NaN,NaN
10,NaN,NaN,NaN,NaN,NaN,NaN,NaN,NaN
11,NaN,NaN,NaN,NaN,NaN,NaN,NaN,NaN
1,NaN,NaN,NaN,NaN,NaN,NaN,NaN,NaN
2,NaN,NaN,NaN,NaN,NaN,NaN,NaN,NaN
3,NaN,NaN,NaN,NaN,NaN,NaN,NaN,NaN
4,NaN,NaN,NaN,NaN,NaN,NaN,NaN,NaN
5,NaN,NaN,NaN,NaN,NaN,NaN,NaN,NaN
6,NaN,NaN,NaN,NaN,NaN,NaN,NaN,NaN
7,NaN,NaN,NaN,NaN,NaN,NaN,NaN,NaN
8,NaN,NaN,NaN,NaN,NaN,NaN,NaN,NaN
9,NaN,NaN,NaN,NaN,NaN,NaN,NaN,NaN
10,NaN,NaN,NaN,NaN,NaN,NaN,NaN,NaN
11,NaN,NaN,NaN,NaN,NaN,NaN,NaN,NaN
1,NaN,NaN,NaN,NaN,NaN,NaN,NaN,NaN
2,NaN,NaN,NaN,NaN,NaN,NaN,NaN,NaN
3,NaN,NaN,NaN,NaN,NaN,NaN,NaN,NaN
4,NaN,NaN,NaN,NaN,NaN,NaN,NaN,NaN
5,NaN,NaN,NaN,NaN,NaN,NaN,NaN,NaN
6,NaN,NaN,NaN,NaN,NaN,NaN,NaN,NaN
7,NaN,NaN,NaN,NaN,NaN,NaN,NaN,NaN
8,NaN,NaN,NaN,NaN,NaN,NaN,NaN,NaN
9,NaN,NaN,NaN,NaN,NaN,NaN,NaN,NaN
10,NaN,NaN,NaN,NaN,NaN,NaN,NaN,NaN
11,NaN,NaN,NaN,NaN,NaN,NaN,NaN,NaN
1,NaN,NaN,NaN,NaN,NaN,NaN,NaN,NaN
2,NaN,NaN,NaN,NaN,NaN,NaN,NaN,NaN
3,NaN,NaN,NaN,NaN,NaN,NaN,NaN,NaN
4,NaN,NaN,NaN,NaN,NaN,NaN,NaN,NaN
5,NaN,NaN,NaN,NaN,NaN,NaN,NaN,NaN
6,NaN,NaN,NaN,NaN,NaN,NaN,NaN,NaN
7,NaN,NaN,NaN,NaN,NaN,NaN,NaN,NaN
8,NaN,NaN,NaN,NaN,NaN,NaN,NaN,NaN
9,NaN,NaN,NaN,NaN,NaN,NaN,NaN,NaN
10,NaN,NaN,NaN,NaN,NaN,NaN,NaN,NaN
11,NaN,NaN,NaN,NaN,NaN,NaN,NaN,NaN
1,NaN,NaN,NaN,NaN,NaN,NaN,NaN,NaN
2,NaN,NaN,NaN,NaN,NaN,NaN,NaN,NaN
3,NaN,NaN,NaN,NaN,NaN,NaN,NaN,NaN
4,NaN,NaN,NaN,NaN,NaN,NaN,NaN,NaN
5,NaN,NaN,NaN,NaN,NaN,NaN,NaN,NaN
6,NaN,NaN,NaN,NaN,NaN,NaN,NaN,NaN
7,NaN,NaN,NaN,NaN,NaN,NaN,NaN,NaN
8,NaN,NaN,NaN,NaN,NaN,NaN,NaN,NaN
9,NaN,NaN,NaN,NaN,NaN,NaN,NaN,NaN
10,NaN,NaN,NaN,NaN,NaN,NaN,NaN,NaN
11,NaN,NaN,NaN,NaN,NaN,NaN,NaN,NaN
1,NaN,NaN,NaN,NaN,NaN,NaN,NaN,NaN
2,NaN,NaN,NaN,NaN,NaN,NaN,NaN,NaN
3,NaN,NaN,NaN,NaN,NaN,NaN,NaN,NaN
4,NaN,NaN,NaN,NaN,NaN,NaN,NaN,NaN
5,NaN,NaN,NaN,NaN,NaN,NaN,NaN,NaN
6,NaN,NaN,NaN,NaN,NaN,NaN,NaN,NaN
7,NaN,NaN,NaN,NaN,NaN,NaN,NaN,NaN
8,NaN,NaN,NaN,NaN,NaN,NaN,NaN,NaN
9,NaN,NaN,NaN,NaN,NaN,NaN,NaN,NaN
10,NaN,NaN,NaN,NaN,NaN,NaN,NaN,NaN
11,NaN,NaN,NaN,NaN,NaN,NaN,NaN,NaN
1,NaN,NaN,NaN,NaN,NaN,NaN,NaN,NaN
2,NaN,NaN,NaN,NaN,NaN,NaN,NaN,NaN
3,NaN,NaN,NaN,NaN,NaN,NaN,NaN,NaN
4,NaN,NaN,NaN,NaN,NaN,NaN,NaN,NaN
5,NaN,NaN,NaN,NaN,NaN,NaN,NaN,NaN
6,NaN,NaN,NaN,NaN,NaN,NaN,NaN,NaN
7,NaN,NaN,NaN,NaN,NaN,NaN,NaN,NaN
8,NaN,NaN,NaN,NaN,NaN,NaN,NaN,NaN
9,NaN,NaN,NaN,NaN,NaN,NaN,NaN,NaN
10,NaN,NaN,NaN,NaN,NaN,NaN,NaN,NaN
11,NaN,NaN,NaN,NaN,NaN,NaN,NaN,NaN
1,NaN,NaN,NaN,NaN,NaN,NaN,NaN,NaN
2,NaN,NaN,NaN,NaN,NaN,NaN,NaN,NaN
3,NaN,NaN,NaN,NaN,NaN,NaN,NaN,NaN
4,NaN,NaN,NaN,NaN,NaN,NaN,NaN,NaN
5,NaN,NaN,NaN,NaN,NaN,NaN,NaN,NaN
6,NaN,NaN,NaN,NaN,NaN,NaN,NaN,NaN
7,NaN,NaN,NaN,NaN,NaN,NaN,NaN,NaN
8,NaN,NaN,NaN,NaN,NaN,NaN,NaN,NaN
9,NaN,NaN,NaN,NaN,NaN,NaN,NaN,NaN
10,NaN,NaN,NaN,NaN,NaN,NaN,NaN,NaN
11,NaN,NaN,NaN,NaN,NaN,NaN,NaN,NaN
1,NaN,NaN,NaN,NaN,NaN,NaN,NaN,NaN
2,NaN,NaN,NaN,NaN,NaN,NaN,NaN,NaN
3,NaN,NaN,NaN,NaN,NaN,NaN,NaN,NaN
4,NaN,NaN,NaN,NaN,NaN,NaN,NaN,NaN
5,NaN,NaN,NaN,NaN,NaN,NaN,NaN,NaN
6,NaN,NaN,NaN,NaN,NaN,NaN,NaN,NaN
7,NaN,NaN,NaN,NaN,NaN,NaN,NaN,NaN
8,NaN,NaN,NaN,NaN,NaN,NaN,NaN,NaN
9,NaN,NaN,NaN,NaN,NaN,NaN,NaN,NaN
10,NaN,NaN,NaN,NaN,NaN,NaN,NaN,NaN
11,NaN,NaN,NaN,NaN,NaN,NaN,NaN,NaN
1,NaN,NaN,NaN,NaN,NaN,NaN,NaN,NaN
2,NaN,NaN,NaN,NaN,NaN,NaN,NaN,NaN
3,NaN,NaN,NaN,NaN,NaN,NaN,NaN,NaN
4,NaN,NaN,NaN,NaN,NaN,NaN,NaN,NaN
5,NaN,NaN,NaN,NaN,NaN,NaN,NaN,NaN
6,NaN,NaN,NaN,NaN,NaN,NaN,NaN,NaN
7,NaN,NaN,NaN,NaN,NaN,NaN,NaN,NaN
8,NaN,NaN,NaN,NaN,NaN,NaN,NaN,NaN
9,NaN,NaN,NaN,NaN,NaN,NaN,NaN,NaN
10,NaN,NaN,NaN,NaN,NaN,NaN,NaN,NaN
11,NaN,NaN,NaN,NaN,NaN,NaN,NaN,NaN
1,NaN,NaN,NaN,NaN,NaN,NaN,NaN,NaN
2,NaN,NaN,NaN,NaN,NaN,NaN,NaN,NaN
3,NaN,NaN,NaN,NaN,NaN,NaN,NaN,NaN
4,NaN,NaN,NaN,NaN,NaN,NaN,NaN,NaN
5,NaN,NaN,NaN,NaN,NaN,NaN,NaN,NaN
6,NaN,NaN,NaN,NaN,NaN,NaN,NaN,NaN
7,NaN,NaN,NaN,NaN,NaN,NaN,NaN,NaN
8,NaN,NaN,NaN,NaN,NaN,NaN,NaN,NaN
9,NaN,NaN,NaN,NaN,NaN,NaN,NaN,NaN
10,NaN,NaN,NaN,NaN,NaN,NaN,NaN,NaN
11,NaN,NaN,NaN,NaN,NaN,NaN,NaN,NaN
1,NaN,NaN,NaN,NaN,NaN,NaN,NaN,NaN
2,NaN,NaN,NaN,NaN,NaN,NaN,NaN,NaN
3,NaN,NaN,NaN,NaN,NaN,NaN,NaN,NaN
4,NaN,NaN,NaN,NaN,NaN,NaN,NaN,NaN
5,NaN,NaN,NaN,NaN,NaN,NaN,NaN,NaN
6,NaN,NaN,NaN,NaN,NaN,NaN,NaN,NaN
7,NaN,NaN,NaN,NaN,NaN,NaN,NaN,NaN
8,NaN,NaN,NaN,NaN,NaN,NaN,NaN,NaN
9,NaN,NaN,NaN,NaN,NaN,NaN,NaN,NaN
10,NaN,NaN,NaN,NaN,NaN,NaN,NaN,NaN
11,NaN,NaN,NaN,NaN,NaN,NaN,NaN,NaN
1,NaN,NaN,NaN,NaN,NaN,NaN,NaN,NaN
2,NaN,NaN,NaN,NaN,NaN,NaN,NaN,NaN
3,NaN,NaN,NaN,NaN,NaN,NaN,NaN,NaN
4,NaN,NaN,NaN,NaN,NaN,NaN,NaN,NaN
5,NaN,NaN,NaN,NaN,NaN,NaN,NaN,NaN
6,NaN,NaN,NaN,NaN,NaN,NaN,NaN,NaN
7,NaN,NaN,NaN,NaN,NaN,NaN,NaN,NaN
8,NaN,NaN,NaN,NaN,NaN,NaN,NaN,NaN
9,NaN,NaN,NaN,NaN,NaN,NaN,NaN,NaN
10,NaN,NaN,NaN,NaN,NaN,NaN,NaN,NaN
11,NaN,NaN,NaN,NaN,NaN,NaN,NaN,NaN
1,NaN,NaN,NaN,NaN,NaN,NaN,NaN,NaN
2,NaN,NaN,NaN,NaN,NaN,NaN,NaN,NaN
3,NaN,NaN,NaN,NaN,NaN,NaN,NaN,NaN
4,NaN,NaN,NaN,NaN,NaN,NaN,NaN,NaN
5,NaN,NaN,NaN,NaN,NaN,NaN,NaN,NaN
6,NaN,NaN,NaN,NaN,NaN,NaN,NaN,NaN
7,NaN,NaN,NaN,NaN,NaN,NaN,NaN,NaN
8,NaN,NaN,NaN,NaN,NaN,NaN,NaN,NaN
9,NaN,NaN,NaN,NaN,NaN,NaN,NaN,NaN
10,NaN,NaN,NaN,NaN,NaN,NaN,NaN,NaN
11,NaN,NaN,NaN,NaN,NaN,NaN,NaN,NaN
1,NaN,NaN,NaN,NaN,NaN,NaN,NaN,NaN
2,NaN,NaN,NaN,NaN,NaN,NaN,NaN,NaN
3,NaN,NaN,NaN,NaN,NaN,NaN,NaN,NaN
4,NaN,NaN,NaN,NaN,NaN,NaN,NaN,NaN
5,NaN,NaN,NaN,NaN,NaN,NaN,NaN,NaN
6,NaN,NaN,NaN,NaN,NaN,NaN,NaN,NaN
7,NaN,NaN,NaN,NaN,NaN,NaN,NaN,NaN
8,NaN,NaN,NaN,NaN,NaN,NaN,NaN,NaN
9,NaN,NaN,NaN,NaN,NaN,NaN,NaN,NaN
10,NaN,NaN,NaN,NaN,NaN,NaN,NaN,NaN
11,NaN,NaN,NaN,NaN,NaN,NaN,NaN,NaN
1,NaN,NaN,NaN,NaN,NaN,NaN,NaN,NaN
2,NaN,NaN,NaN,NaN,NaN,NaN,NaN,NaN
3,NaN,NaN,NaN,NaN,NaN,NaN,NaN,NaN
4,NaN,NaN,NaN,NaN,NaN,NaN,NaN,NaN
5,NaN,NaN,NaN,NaN,NaN,NaN,NaN,NaN
6,NaN,NaN,NaN,NaN,NaN,NaN,NaN,NaN
7,NaN,NaN,NaN,NaN,NaN,NaN,NaN,NaN
8,NaN,NaN,NaN,NaN,NaN,NaN,NaN,NaN
9,NaN,NaN,NaN,NaN,NaN,NaN,NaN,NaN
10,NaN,NaN,NaN,NaN,NaN,NaN,NaN,NaN
11,NaN,NaN,NaN,NaN,NaN,NaN,NaN,NaN
1,NaN,NaN,NaN,NaN,NaN,NaN,NaN,NaN
2,NaN,NaN,NaN,NaN,NaN,NaN,NaN,NaN
3,NaN,NaN,NaN,NaN,NaN,NaN,NaN,NaN
4,NaN,NaN,NaN,NaN,NaN,NaN,NaN,NaN
5,NaN,NaN,NaN,NaN,NaN,NaN,NaN,NaN
6,NaN,NaN,NaN,NaN,NaN,NaN,NaN,NaN
7,NaN,NaN,NaN,NaN,NaN,NaN,NaN,NaN
8,NaN,NaN,NaN,NaN,NaN,NaN,NaN,NaN
9,NaN,NaN,NaN,NaN,NaN,NaN,NaN,NaN
10,NaN,NaN,NaN,NaN,NaN,NaN,NaN,NaN
11,NaN,NaN,NaN,NaN,NaN,NaN,NaN,NaN
1,NaN,NaN,NaN,NaN,NaN,NaN,NaN,NaN
2,NaN,NaN,NaN,NaN,NaN,NaN,NaN,NaN
3,NaN,NaN,NaN,NaN,NaN,NaN,NaN,NaN
4,NaN,NaN,NaN,NaN,NaN,NaN,NaN,NaN
5,NaN,NaN,NaN,NaN,NaN,NaN,NaN,NaN
6,NaN,NaN,NaN,NaN,NaN,NaN,NaN,NaN
7,NaN,NaN,NaN,NaN,NaN,NaN,NaN,NaN
8,NaN,NaN,NaN,NaN,NaN,NaN,NaN,NaN
9,NaN,NaN,NaN,NaN,NaN,NaN,NaN,NaN
10,NaN,NaN,NaN,NaN,NaN,NaN,NaN,NaN
11,NaN,NaN,NaN,NaN,NaN,NaN,NaN,NaN
1,NaN,NaN,NaN,NaN,NaN,NaN,NaN,NaN
2,NaN,NaN,NaN,NaN,NaN,NaN,NaN,NaN
3,NaN,NaN,NaN,NaN,NaN,NaN,NaN,NaN
4,NaN,NaN,NaN,NaN,NaN,NaN,NaN,NaN
5,NaN,NaN,NaN,NaN,NaN,NaN,NaN,NaN
6,NaN,NaN,NaN,NaN,NaN,NaN,NaN,NaN
7,NaN,NaN,NaN,NaN,NaN,NaN,NaN,NaN
8,NaN,NaN,NaN,NaN,NaN,NaN,NaN,NaN
9,NaN,NaN,NaN,NaN,NaN,NaN,NaN,NaN
10,NaN,NaN,NaN,NaN,NaN,NaN,NaN,NaN
11,NaN,NaN,NaN,NaN,NaN,NaN,NaN,NaN
1,NaN,NaN,NaN,NaN,NaN,NaN,NaN,NaN
2,NaN,NaN,NaN,NaN,NaN,NaN,NaN,NaN
3,NaN,NaN,NaN,NaN,NaN,NaN,NaN,NaN
4,NaN,NaN,NaN,NaN,NaN,NaN,NaN,NaN
5,NaN,NaN,NaN,NaN,NaN,NaN,NaN,NaN
6,NaN,NaN,NaN,NaN,NaN,NaN,NaN,NaN
7,NaN,NaN,NaN,NaN,NaN,NaN,NaN,NaN
8,NaN,NaN,NaN,NaN,NaN,NaN,NaN,NaN
9,NaN,NaN,NaN,NaN,NaN,NaN,NaN,NaN
10,NaN,NaN,NaN,NaN,NaN,NaN,NaN,NaN
11,NaN,NaN,NaN,NaN,NaN,NaN,NaN,NaN
1,NaN,NaN,NaN,NaN,NaN,NaN,NaN,NaN
2,NaN,NaN,NaN,NaN,NaN,NaN,NaN,NaN
3,NaN,NaN,NaN,NaN,NaN,NaN,NaN,NaN
4,NaN,NaN,NaN,NaN,NaN,NaN,NaN,NaN
5,NaN,NaN,NaN,NaN,NaN,NaN,NaN,NaN
6,NaN,NaN,NaN,NaN,NaN,NaN,NaN,NaN
7,NaN,NaN,NaN,NaN,NaN,NaN,NaN,NaN
8,NaN,NaN,NaN,NaN,NaN,NaN,NaN,NaN
9,NaN,NaN,NaN,NaN,NaN,NaN,NaN,NaN
10,NaN,NaN,NaN,NaN,NaN,NaN,NaN,NaN
11,NaN,NaN,NaN,NaN,NaN,NaN,NaN,NaN
1,NaN,NaN,NaN,NaN,NaN,NaN,NaN,NaN
2,NaN,NaN,NaN,NaN,NaN,NaN,NaN,NaN
3,NaN,NaN,NaN,NaN,NaN,NaN,NaN,NaN
4,NaN,NaN,NaN,NaN,NaN,NaN,NaN,NaN
5,NaN,NaN,NaN,NaN,NaN,NaN,NaN,NaN
6,NaN,NaN,NaN,NaN,NaN,NaN,NaN,NaN
7,NaN,NaN,NaN,NaN,NaN,NaN,NaN,NaN
8,NaN,NaN,NaN,NaN,NaN,NaN,NaN,NaN
9,NaN,NaN,NaN,NaN,NaN,NaN,NaN,NaN
10,NaN,NaN,NaN,NaN,NaN,NaN,NaN,NaN
11,NaN,NaN,NaN,NaN,NaN,NaN,NaN,NaN
1,NaN,NaN,NaN,NaN,NaN,NaN,NaN,NaN
2,NaN,NaN,NaN,NaN,NaN,NaN,NaN,NaN
3,NaN,NaN,NaN,NaN,NaN,NaN,NaN,NaN
4,NaN,NaN,NaN,NaN,NaN,NaN,NaN,NaN
5,NaN,NaN,NaN,NaN,NaN,NaN,NaN,NaN
6,NaN,NaN,NaN,NaN,NaN,NaN,NaN,NaN
7,NaN,NaN,NaN,NaN,NaN,NaN,NaN,NaN
8,NaN,NaN,NaN,NaN,NaN,NaN,NaN,NaN
9,NaN,NaN,NaN,NaN,NaN,NaN,NaN,NaN
10,NaN,NaN,NaN,NaN,NaN,NaN,NaN,NaN
11,NaN,NaN,NaN,NaN,NaN,NaN,NaN,NaN
1,NaN,NaN,NaN,NaN,NaN,NaN,NaN,NaN
2,NaN,NaN,NaN,NaN,NaN,NaN,NaN,NaN
3,NaN,NaN,NaN,NaN,NaN,NaN,NaN,NaN
4,NaN,NaN,NaN,NaN,NaN,NaN,NaN,NaN
5,NaN,NaN,NaN,NaN,NaN,NaN,NaN,NaN
6,NaN,NaN,NaN,NaN,NaN,NaN,NaN,NaN
7,NaN,NaN,NaN,NaN,NaN,NaN,NaN,NaN
8,NaN,NaN,NaN,NaN,NaN,NaN,NaN,NaN
9,NaN,NaN,NaN,NaN,NaN,NaN,NaN,NaN
10,NaN,NaN,NaN,NaN,NaN,NaN,NaN,NaN
11,NaN,NaN,NaN,NaN,NaN,NaN,NaN,NaN
1,NaN,NaN,NaN,NaN,NaN,NaN,NaN,NaN
2,NaN,NaN,NaN,NaN,NaN,NaN,NaN,NaN
3,NaN,NaN,NaN,NaN,NaN,NaN,NaN,NaN
4,NaN,NaN,NaN,NaN,NaN,NaN,NaN,NaN
5,NaN,NaN,NaN,NaN,NaN,NaN,NaN,NaN
6,NaN,NaN,NaN,NaN,NaN,NaN,NaN,NaN
7,NaN,NaN,NaN,NaN,NaN,NaN,NaN,NaN
8,NaN,NaN,NaN,NaN,NaN,NaN,NaN,NaN
9,NaN,NaN,NaN,NaN,NaN,NaN,NaN,NaN
10,NaN,NaN,NaN,NaN,NaN,NaN,NaN,NaN
11,NaN,NaN,NaN,NaN,NaN,NaN,NaN,NaN
1,NaN,NaN,NaN,NaN,NaN,NaN,NaN,NaN
2,NaN,NaN,NaN,NaN,NaN,NaN,NaN,NaN
3,NaN,NaN,NaN,NaN,NaN,NaN,NaN,NaN
4,NaN,NaN,NaN,NaN,NaN,NaN,NaN,NaN
5,NaN,NaN,NaN,NaN,NaN,NaN,NaN,NaN
6,NaN,NaN,NaN,NaN,NaN,NaN,NaN,NaN
7,NaN,NaN,NaN,NaN,NaN,NaN,NaN,NaN
8,NaN,NaN,NaN,NaN,NaN,NaN,NaN,NaN
9,NaN,NaN,NaN,NaN,NaN,NaN,NaN,NaN
10,NaN,NaN,NaN,NaN,NaN,NaN,NaN,NaN
11,NaN,NaN,NaN,NaN,NaN,NaN,NaN,NaN
1,NaN,NaN,NaN,NaN,NaN,NaN,NaN,NaN
2,NaN,NaN,NaN,NaN,NaN,NaN,NaN,NaN
3,NaN,NaN,NaN,NaN,NaN,NaN,NaN,NaN
4,NaN,NaN,NaN,NaN,NaN,NaN,NaN,NaN
5,NaN,NaN,NaN,NaN,NaN,NaN,NaN,NaN
6,NaN,NaN,NaN,NaN,NaN,NaN,NaN,NaN
7,NaN,NaN,NaN,NaN,NaN,NaN,NaN,NaN
8,NaN,NaN,NaN,NaN,NaN,NaN,NaN,NaN
9,NaN,NaN,NaN,NaN,NaN,NaN,NaN,NaN
10,NaN,NaN,NaN,NaN,NaN,NaN,NaN,NaN
11,NaN,NaN,NaN,NaN,NaN,NaN,NaN,NaN
1,NaN,NaN,NaN,NaN,NaN,NaN,NaN,NaN
2,NaN,NaN,NaN,NaN,NaN,NaN,NaN,NaN
3,NaN,NaN,NaN,NaN,NaN,NaN,NaN,NaN
4,NaN,NaN,NaN,NaN,NaN,NaN,NaN,NaN
5,NaN,NaN,NaN,NaN,NaN,NaN,NaN,NaN
6,NaN,NaN,NaN,NaN,NaN,NaN,NaN,NaN
7,NaN,NaN,NaN,NaN,NaN,NaN,NaN,NaN
8,NaN,NaN,NaN,NaN,NaN,NaN,NaN,NaN
9,NaN,NaN,NaN,NaN,NaN,NaN,NaN,NaN
10,NaN,NaN,NaN,NaN,NaN,NaN,NaN,NaN
11,NaN,NaN,NaN,NaN,NaN,NaN,NaN,NaN
1,NaN,NaN,NaN,NaN,NaN,NaN,NaN,NaN
2,NaN,NaN,NaN,NaN,NaN,NaN,NaN,NaN
3,NaN,NaN,NaN,NaN,NaN,NaN,NaN,NaN
4,NaN,NaN,NaN,NaN,NaN,NaN,NaN,NaN
5,NaN,NaN,NaN,NaN,NaN,NaN,NaN,NaN
6,NaN,NaN,NaN,NaN,NaN,NaN,NaN,NaN
7,NaN,NaN,NaN,NaN,NaN,NaN,NaN,NaN
8,NaN,NaN,NaN,NaN,NaN,NaN,NaN,NaN
9,NaN,NaN,NaN,NaN,NaN,NaN,NaN,NaN
10,NaN,NaN,NaN,NaN,NaN,NaN,NaN,NaN
11,NaN,NaN,NaN,NaN,NaN,NaN,NaN,NaN
1,NaN,NaN,NaN,NaN,NaN,NaN,NaN,NaN
2,NaN,NaN,NaN,NaN,NaN,NaN,NaN,NaN
3,NaN,NaN,NaN,NaN,NaN,NaN,NaN,NaN
4,NaN,NaN,NaN,NaN,NaN,NaN,NaN,NaN
5,NaN,NaN,NaN,NaN,NaN,NaN,NaN,NaN
6,NaN,NaN,NaN,NaN,NaN,NaN,NaN,NaN
7,NaN,NaN,NaN,NaN,NaN,NaN,NaN,NaN
8,NaN,NaN,NaN,NaN,NaN,NaN,NaN,NaN
9,NaN,NaN,NaN,NaN,NaN,NaN,NaN,NaN
10,NaN,NaN,NaN,NaN,NaN,NaN,NaN,NaN
11,NaN,NaN,NaN,NaN,NaN,NaN,NaN,NaN
1,NaN,NaN,NaN,NaN,NaN,NaN,NaN,NaN
2,NaN,NaN,NaN,NaN,NaN,NaN,NaN,NaN
3,NaN,NaN,NaN,NaN,NaN,NaN,NaN,NaN
4,NaN,NaN,NaN,NaN,NaN,NaN,NaN,NaN
5,NaN,NaN,NaN,NaN,NaN,NaN,NaN,NaN
6,NaN,NaN,NaN,NaN,NaN,NaN,NaN,NaN
7,NaN,NaN,NaN,NaN,NaN,NaN,NaN,NaN
8,NaN,NaN,NaN,NaN,NaN,NaN,NaN,NaN
9,NaN,NaN,NaN,NaN,NaN,NaN,NaN,NaN
10,NaN,NaN,NaN,NaN,NaN,NaN,NaN,NaN
11,NaN,NaN,NaN,NaN,NaN,NaN,NaN,NaN
1,NaN,NaN,NaN,NaN,NaN,NaN,NaN,NaN
2,NaN,NaN,NaN,NaN,NaN,NaN,NaN,NaN
3,NaN,NaN,NaN,NaN,NaN,NaN,NaN,NaN
4,NaN,NaN,NaN,NaN,NaN,NaN,NaN,NaN
5,NaN,NaN,NaN,NaN,NaN,NaN,NaN,NaN
6,NaN,NaN,NaN,NaN,NaN,NaN,NaN,NaN
7,NaN,NaN,NaN,NaN,NaN,NaN,NaN,NaN
8,NaN,NaN,NaN,NaN,NaN,NaN,NaN,NaN
9,NaN,NaN,NaN,NaN,NaN,NaN,NaN,NaN
10,NaN,NaN,NaN,NaN,NaN,NaN,NaN,NaN
11,NaN,NaN,NaN,NaN,NaN,NaN,NaN,NaN
1,NaN,NaN,NaN,NaN,NaN,NaN,NaN,NaN
2,NaN,NaN,NaN,NaN,NaN,NaN,NaN,NaN
3,NaN,NaN,NaN,NaN,NaN,NaN,NaN,NaN
4,NaN,NaN,NaN,NaN,NaN,NaN,NaN,NaN
5,NaN,NaN,NaN,NaN,NaN,NaN,NaN,NaN
6,NaN,NaN,NaN,NaN,NaN,NaN,NaN,NaN
7,NaN,NaN,NaN,NaN,NaN,NaN,NaN,NaN
8,NaN,NaN,NaN,NaN,NaN,NaN,NaN,NaN
9,NaN,NaN,NaN,NaN,NaN,NaN,NaN,NaN
10,NaN,NaN,NaN,NaN,NaN,NaN,NaN,NaN
11,NaN,NaN,NaN,NaN,NaN,NaN,NaN,NaN
1,NaN,NaN,NaN,NaN,NaN,NaN,NaN,NaN
2,NaN,NaN,NaN,NaN,NaN,NaN,NaN,NaN
3,NaN,NaN,NaN,NaN,NaN,NaN,NaN,NaN
4,NaN,NaN,NaN,NaN,NaN,NaN,NaN,NaN
5,NaN,NaN,NaN,NaN,NaN,NaN,NaN,NaN
6,NaN,NaN,NaN,NaN,NaN,NaN,NaN,NaN
7,NaN,NaN,NaN,NaN,NaN,NaN,NaN,NaN
8,NaN,NaN,NaN,NaN,NaN,NaN,NaN,NaN
9,NaN,NaN,NaN,NaN,NaN,NaN,NaN,NaN
10,NaN,NaN,NaN,NaN,NaN,NaN,NaN,NaN
11,NaN,NaN,NaN,NaN,NaN,NaN,NaN,NaN
1,NaN,NaN,NaN,NaN,NaN,NaN,NaN,NaN
2,NaN,NaN,NaN,NaN,NaN,NaN,NaN,NaN
3,NaN,NaN,NaN,NaN,NaN,NaN,NaN,NaN
4,NaN,NaN,NaN,NaN,NaN,NaN,NaN,NaN
5,NaN,NaN,NaN,NaN,NaN,NaN,NaN,NaN
6,NaN,NaN,NaN,NaN,NaN,NaN,NaN,NaN
7,NaN,NaN,NaN,NaN,NaN,NaN,NaN,NaN
8,NaN,NaN,NaN,NaN,NaN,NaN,NaN,NaN
9,NaN,NaN,NaN,NaN,NaN,NaN,NaN,NaN
10,NaN,NaN,NaN,NaN,NaN,NaN,NaN,NaN
11,NaN,NaN,NaN,NaN,NaN,NaN,NaN,NaN
1,NaN,NaN,NaN,NaN,NaN,NaN,NaN,NaN
2,NaN,NaN,NaN,NaN,NaN,NaN,NaN,NaN
3,NaN,NaN,NaN,NaN,NaN,NaN,NaN,NaN
4,NaN,NaN,NaN,NaN,NaN,NaN,NaN,NaN
5,NaN,NaN,NaN,NaN,NaN,NaN,NaN,NaN
6,NaN,NaN,NaN,NaN,NaN,NaN,NaN,NaN
7,NaN,NaN,NaN,NaN,NaN,NaN,NaN,NaN
8,NaN,NaN,NaN,NaN,NaN,NaN,NaN,NaN
9,NaN,NaN,NaN,NaN,NaN,NaN,NaN,NaN
10,NaN,NaN,NaN,NaN,NaN,NaN,NaN,NaN
11,NaN,NaN,NaN,NaN,NaN,NaN,NaN,NaN
1,NaN,NaN,NaN,NaN,NaN,NaN,NaN,NaN
2,NaN,NaN,NaN,NaN,NaN,NaN,NaN,NaN
3,NaN,NaN,NaN,NaN,NaN,NaN,NaN,NaN
4,NaN,NaN,NaN,NaN,NaN,NaN,NaN,NaN
5,NaN,NaN,NaN,NaN,NaN,NaN,NaN,NaN
6,NaN,NaN,NaN,NaN,NaN,NaN,NaN,NaN
7,NaN,NaN,NaN,NaN,NaN,NaN,NaN,NaN
8,NaN,NaN,NaN,NaN,NaN,NaN,NaN,NaN
9,NaN,NaN,NaN,NaN,NaN,NaN,NaN,NaN
10,NaN,NaN,NaN,NaN,NaN,NaN,NaN,NaN
11,NaN,NaN,NaN,NaN,NaN,NaN,NaN,NaN
1,NaN,NaN,NaN,NaN,NaN,NaN,NaN,NaN
2,NaN,NaN,NaN,NaN,NaN,NaN,NaN,NaN
3,NaN,NaN,NaN,NaN,NaN,NaN,NaN,NaN
4,NaN,NaN,NaN,NaN,NaN,NaN,NaN,NaN
5,NaN,NaN,NaN,NaN,NaN,NaN,NaN,NaN
6,NaN,NaN,NaN,NaN,NaN,NaN,NaN,NaN
7,NaN,NaN,NaN,NaN,NaN,NaN,NaN,NaN
8,NaN,NaN,NaN,NaN,NaN,NaN,NaN,NaN
9,NaN,NaN,NaN,NaN,NaN,NaN,NaN,NaN
10,NaN,NaN,NaN,NaN,NaN,NaN,NaN,NaN
11,NaN,NaN,NaN,NaN,NaN,NaN,NaN,NaN
1,NaN,NaN,NaN,NaN,NaN,NaN,NaN,NaN
2,NaN,NaN,NaN,NaN,NaN,NaN,NaN,NaN
3,NaN,NaN,NaN,NaN,NaN,NaN,NaN,NaN
4,NaN,NaN,NaN,NaN,NaN,NaN,NaN,NaN
5,NaN,NaN,NaN,NaN,NaN,NaN,NaN,NaN
6,NaN,NaN,NaN,NaN,NaN,NaN,NaN,NaN
7,NaN,NaN,NaN,NaN,NaN,NaN,NaN,NaN
8,NaN,NaN,NaN,NaN,NaN,NaN,NaN,NaN
9,NaN,NaN,NaN,NaN,NaN,NaN,NaN,NaN
10,NaN,NaN,NaN,NaN,NaN,NaN,NaN,NaN
11,NaN,NaN,NaN,NaN,NaN,NaN,NaN,NaN
1,NaN,NaN,NaN,NaN,NaN,NaN,NaN,NaN
2,NaN,NaN,NaN,NaN,NaN,NaN,NaN,NaN
3,NaN,NaN,NaN,NaN,NaN,NaN,NaN,NaN
4,NaN,NaN,NaN,NaN,NaN,NaN,NaN,NaN
5,NaN,NaN,NaN,NaN,NaN,NaN,NaN,NaN
6,NaN,NaN,NaN,NaN,NaN,NaN,NaN,NaN
7,NaN,NaN,NaN,NaN,NaN,NaN,NaN,NaN
8,NaN,NaN,NaN,NaN,NaN,NaN,NaN,NaN
9,NaN,NaN,NaN,NaN,NaN,NaN,NaN,NaN
10,NaN,NaN,NaN,NaN,NaN,NaN,NaN,NaN
11,NaN,NaN,NaN,NaN,NaN,NaN,NaN,NaN
1,NaN,NaN,NaN,NaN,NaN,NaN,NaN,NaN
2,NaN,NaN,NaN,NaN,NaN,NaN,NaN,NaN
3,NaN,NaN,NaN,NaN,NaN,NaN,NaN,NaN
4,NaN,NaN,NaN,NaN,NaN,NaN,NaN,NaN
5,NaN,NaN,NaN,NaN,NaN,NaN,NaN,NaN
6,NaN,NaN,NaN,NaN,NaN,NaN,NaN,NaN
7,NaN,NaN,NaN,NaN,NaN,NaN,NaN,NaN
8,NaN,NaN,NaN,NaN,NaN,NaN,NaN,NaN
9,NaN,NaN,NaN,NaN,NaN,NaN,NaN,NaN
10,NaN,NaN,NaN,NaN,NaN,NaN,NaN,NaN
11,NaN,NaN,NaN,NaN,NaN,NaN,NaN,NaN
1,NaN,NaN,NaN,NaN,NaN,NaN,NaN,NaN
2,NaN,NaN,NaN,NaN,NaN,NaN,NaN,NaN
3,NaN,NaN,NaN,NaN,NaN,NaN,NaN,NaN
4,NaN,NaN,NaN,NaN,NaN,NaN,NaN,NaN
5,NaN,NaN,NaN,NaN,NaN,NaN,NaN,NaN
6,NaN,NaN,NaN,NaN,NaN,NaN,NaN,NaN
7,NaN,NaN,NaN,NaN,NaN,NaN,NaN,NaN
8,NaN,NaN,NaN,NaN,NaN,NaN,NaN,NaN
9,NaN,NaN,NaN,NaN,NaN,NaN,NaN,NaN
10,NaN,NaN,NaN,NaN,NaN,NaN,NaN,NaN
11,NaN,NaN,NaN,NaN,NaN,NaN,NaN,NaN
1,NaN,NaN,NaN,NaN,NaN,NaN,NaN,NaN
2,NaN,NaN,NaN,NaN,NaN,NaN,NaN,NaN
3,NaN,NaN,NaN,NaN,NaN,NaN,NaN,NaN
4,NaN,NaN,NaN,NaN,NaN,NaN,NaN,NaN
5,NaN,NaN,NaN,NaN,NaN,NaN,NaN,NaN
6,NaN,NaN,NaN,NaN,NaN,NaN,NaN,NaN
7,NaN,NaN,NaN,NaN,NaN,NaN,NaN,NaN
8,NaN,NaN,NaN,NaN,NaN,NaN,NaN,NaN
9,NaN,NaN,NaN,NaN,NaN,NaN,NaN,NaN
10,NaN,NaN,NaN,NaN,NaN,NaN,NaN,NaN
11,NaN,NaN,NaN,NaN,NaN,NaN,NaN,NaN
1,NaN,NaN,NaN,NaN,NaN,NaN,NaN,NaN
2,NaN,NaN,NaN,NaN,NaN,NaN,NaN,NaN
3,NaN,NaN,NaN,NaN,NaN,NaN,NaN,NaN
4,NaN,NaN,NaN,NaN,NaN,NaN,NaN,NaN
5,NaN,NaN,NaN,NaN,NaN,NaN,NaN,NaN
6,NaN,NaN,NaN,NaN,NaN,NaN,NaN,NaN
7,NaN,NaN,NaN,NaN,NaN,NaN,NaN,NaN
8,NaN,NaN,NaN,NaN,NaN,NaN,NaN,NaN
9,NaN,NaN,NaN,NaN,NaN,NaN,NaN,NaN
10,NaN,NaN,NaN,NaN,NaN,NaN,NaN,NaN
11,NaN,NaN,NaN,NaN,NaN,NaN,NaN,NaN
1,NaN,NaN,NaN,NaN,NaN,NaN,NaN,NaN
2,NaN,NaN,NaN,NaN,NaN,NaN,NaN,NaN
3,NaN,NaN,NaN,NaN,NaN,NaN,NaN,NaN
4,NaN,NaN,NaN,NaN,NaN,NaN,NaN,NaN
5,NaN,NaN,NaN,NaN,NaN,NaN,NaN,NaN
6,NaN,NaN,NaN,NaN,NaN,NaN,NaN,NaN
7,NaN,NaN,NaN,NaN,NaN,NaN,NaN,NaN
8,NaN,NaN,NaN,NaN,NaN,NaN,NaN,NaN
9,NaN,NaN,NaN,NaN,NaN,NaN,NaN,NaN
10,NaN,NaN,NaN,NaN,NaN,NaN,NaN,NaN
11,NaN,NaN,NaN,NaN,NaN,NaN,NaN,NaN
1,NaN,NaN,NaN,NaN,NaN,NaN,NaN,NaN
2,NaN,NaN,NaN,NaN,NaN,NaN,NaN,NaN
3,NaN,NaN,NaN,NaN,NaN,NaN,NaN,NaN
4,NaN,NaN,NaN,NaN,NaN,NaN,NaN,NaN
5,NaN,NaN,NaN,NaN,NaN,NaN,NaN,NaN
6,NaN,NaN,NaN,NaN,NaN,NaN,NaN,NaN
7,NaN,NaN,NaN,NaN,NaN,NaN,NaN,NaN
8,NaN,NaN,NaN,NaN,NaN,NaN,NaN,NaN
9,NaN,NaN,NaN,NaN,NaN,NaN,NaN,NaN
10,NaN,NaN,NaN,NaN,NaN,NaN,NaN,NaN
11,NaN,NaN,NaN,NaN,NaN,NaN,NaN,NaN
1,NaN,NaN,NaN,NaN,NaN,NaN,NaN,NaN
2,NaN,NaN,NaN,NaN,NaN,NaN,NaN,NaN
3,NaN,NaN,NaN,NaN,NaN,NaN,NaN,NaN
4,NaN,NaN,NaN,NaN,NaN,NaN,NaN,NaN
5,NaN,NaN,NaN,NaN,NaN,NaN,NaN,NaN
6,NaN,NaN,NaN,NaN,NaN,NaN,NaN,NaN
7,NaN,NaN,NaN,NaN,NaN,NaN,NaN,NaN
8,NaN,NaN,NaN,NaN,NaN,NaN,NaN,NaN
9,NaN,NaN,NaN,NaN,NaN,NaN,NaN,NaN
10,NaN,NaN,NaN,NaN,NaN,NaN,NaN,NaN
11,NaN,NaN,NaN,NaN,NaN,NaN,NaN,NaN
1,NaN,NaN,NaN,NaN,NaN,NaN,NaN,NaN
2,NaN,NaN,NaN,NaN,NaN,NaN,NaN,NaN
3,NaN,NaN,NaN,NaN,NaN,NaN,NaN,NaN
4,NaN,NaN,NaN,NaN,NaN,NaN,NaN,NaN
5,NaN,NaN,NaN,NaN,NaN,NaN,NaN,NaN
6,NaN,NaN,NaN,NaN,NaN,NaN,NaN,NaN
7,NaN,NaN,NaN,NaN,NaN,NaN,NaN,NaN
8,NaN,NaN,NaN,NaN,NaN,NaN,NaN,NaN
9,NaN,NaN,NaN,NaN,NaN,NaN,NaN,NaN
10,NaN,NaN,NaN,NaN,NaN,NaN,NaN,NaN
11,NaN,NaN,NaN,NaN,NaN,NaN,NaN,NaN
1,NaN,NaN,NaN,NaN,NaN,NaN,NaN,NaN
2,NaN,NaN,NaN,NaN,NaN,NaN,NaN,NaN
3,NaN,NaN,NaN,NaN,NaN,NaN,NaN,NaN
4,NaN,NaN,NaN,NaN,NaN,NaN,NaN,NaN
5,NaN,NaN,NaN,NaN,NaN,NaN,NaN,NaN
6,NaN,NaN,NaN,NaN,NaN,NaN,NaN,NaN
7,NaN,NaN,NaN,NaN,NaN,NaN,NaN,NaN
8,NaN,NaN,NaN,NaN,NaN,NaN,NaN,NaN
9,NaN,NaN,NaN,NaN,NaN,NaN,NaN,NaN
10,NaN,NaN,NaN,NaN,NaN,NaN,NaN,NaN
11,NaN,NaN,NaN,NaN,NaN,NaN,NaN,NaN
1,NaN,NaN,NaN,NaN,NaN,NaN,NaN,NaN
2,NaN,NaN,NaN,NaN,NaN,NaN,NaN,NaN
3,NaN,NaN,NaN,NaN,NaN,NaN,NaN,NaN
4,NaN,NaN,NaN,NaN,NaN,NaN,NaN,NaN
5,NaN,NaN,NaN,NaN,NaN,NaN,NaN,NaN
6,NaN,NaN,NaN,NaN,NaN,NaN,NaN,NaN
7,NaN,NaN,NaN,NaN,NaN,NaN,NaN,NaN
8,NaN,NaN,NaN,NaN,NaN,NaN,NaN,NaN
9,NaN,NaN,NaN,NaN,NaN,NaN,NaN,NaN
10,NaN,NaN,NaN,NaN,NaN,NaN,NaN,NaN
11,NaN,NaN,NaN,NaN,NaN,NaN,NaN,NaN
1,NaN,NaN,NaN,NaN,NaN,NaN,NaN,NaN
2,NaN,NaN,NaN,NaN,NaN,NaN,NaN,NaN
3,NaN,NaN,NaN,NaN,NaN,NaN,NaN,NaN
4,NaN,NaN,NaN,NaN,NaN,NaN,NaN,NaN
5,NaN,NaN,NaN,NaN,NaN,NaN,NaN,NaN
6,NaN,NaN,NaN,NaN,NaN,NaN,NaN,NaN
7,NaN,NaN,NaN,NaN,NaN,NaN,NaN,NaN
8,NaN,NaN,NaN,NaN,NaN,NaN,NaN,NaN
9,NaN,NaN,NaN,NaN,NaN,NaN,NaN,NaN
10,NaN,NaN,NaN,NaN,NaN,NaN,NaN,NaN
11,NaN,NaN,NaN,NaN,NaN,NaN,NaN,NaN
1,NaN,NaN,NaN,NaN,NaN,NaN,NaN,NaN
2,NaN,NaN,NaN,NaN,NaN,NaN,NaN,NaN
3,NaN,NaN,NaN,NaN,NaN,NaN,NaN,NaN
4,NaN,NaN,NaN,NaN,NaN,NaN,NaN,NaN
5,NaN,NaN,NaN,NaN,NaN,NaN,NaN,NaN
6,NaN,NaN,NaN,NaN,NaN,NaN,NaN,NaN
7,NaN,NaN,NaN,NaN,NaN,NaN,NaN,NaN
8,NaN,NaN,NaN,NaN,NaN,NaN,NaN,NaN
9,NaN,NaN,NaN,NaN,NaN,NaN,NaN,NaN
10,NaN,NaN,NaN,NaN,NaN,NaN,NaN,NaN
11,NaN,NaN,NaN,NaN,NaN,NaN,NaN,NaN
1,NaN,NaN,NaN,NaN,NaN,NaN,NaN,NaN
2,NaN,NaN,NaN,NaN,NaN,NaN,NaN,NaN
3,NaN,NaN,NaN,NaN,NaN,NaN,NaN,NaN
4,NaN,NaN,NaN,NaN,NaN,NaN,NaN,NaN
5,NaN,NaN,NaN,NaN,NaN,NaN,NaN,NaN
6,NaN,NaN,NaN,NaN,NaN,NaN,NaN,NaN
7,NaN,NaN,NaN,NaN,NaN,NaN,NaN,NaN
8,NaN,NaN,NaN,NaN,NaN,NaN,NaN,NaN
9,NaN,NaN,NaN,NaN,NaN,NaN,NaN,NaN
10,NaN,NaN,NaN,NaN,NaN,NaN,NaN,NaN
11,NaN,NaN,NaN,NaN,NaN,NaN,NaN,NaN
1,NaN,NaN,NaN,NaN,NaN,NaN,NaN,NaN
2,NaN,NaN,NaN,NaN,NaN,NaN,NaN,NaN
3,NaN,NaN,NaN,NaN,NaN,NaN,NaN,NaN
4,NaN,NaN,NaN,NaN,NaN,NaN,NaN,NaN
5,NaN,NaN,NaN,NaN,NaN,NaN,NaN,NaN
6,NaN,NaN,NaN,NaN,NaN,NaN,NaN,NaN
7,NaN,NaN,NaN,NaN,NaN,NaN,NaN,NaN
8,NaN,NaN,NaN,NaN,NaN,NaN,NaN,NaN
9,NaN,NaN,NaN,NaN,NaN,NaN,NaN,NaN
10,NaN,NaN,NaN,NaN,NaN,NaN,NaN,NaN
11,NaN,NaN,NaN,NaN,NaN,NaN,NaN,NaN
1,NaN,NaN,NaN,NaN,NaN,NaN,NaN,NaN
2,NaN,NaN,NaN,NaN,NaN,NaN,NaN,NaN
3,NaN,NaN,NaN,NaN,NaN,NaN,NaN,NaN
4,NaN,NaN,NaN,NaN,NaN,NaN,NaN,NaN
5,NaN,NaN,NaN,NaN,NaN,NaN,NaN,NaN
6,NaN,NaN,NaN,NaN,NaN,NaN,NaN,NaN
7,NaN,NaN,NaN,NaN,NaN,NaN,NaN,NaN
8,NaN,NaN,NaN,NaN,NaN,NaN,NaN,NaN
9,NaN,NaN,NaN,NaN,NaN,NaN,NaN,NaN
10,NaN,NaN,NaN,NaN,NaN,NaN,NaN,NaN
11,NaN,NaN,NaN,NaN,NaN,NaN,NaN,NaN
1,NaN,NaN,NaN,NaN,NaN,NaN,NaN,NaN
2,NaN,NaN,NaN,NaN,NaN,NaN,NaN,NaN
3,NaN,NaN,NaN,NaN,NaN,NaN,NaN,NaN
4,NaN,NaN,NaN,NaN,NaN,NaN,NaN,NaN
5,NaN,NaN,NaN,NaN,NaN,NaN,NaN,NaN
6,NaN,NaN,NaN,NaN,NaN,NaN,NaN,NaN
7,NaN,NaN,NaN,NaN,NaN,NaN,NaN,NaN
8,NaN,NaN,NaN,NaN,NaN,NaN,NaN,NaN
9,NaN,NaN,NaN,NaN,NaN,NaN,NaN,NaN
10,NaN,NaN,NaN,NaN,NaN,NaN,NaN,NaN
11,NaN,NaN,NaN,NaN,NaN,NaN,NaN,NaN
1,NaN,NaN,NaN,NaN,NaN,NaN,NaN,NaN
2,NaN,NaN,NaN,NaN,NaN,NaN,NaN,NaN
3,NaN,NaN,NaN,NaN,NaN,NaN,NaN,NaN
4,NaN,NaN,NaN,NaN,NaN,NaN,NaN,NaN
5,NaN,NaN,NaN,NaN,NaN,NaN,NaN,NaN
6,NaN,NaN,NaN,NaN,NaN,NaN,NaN,NaN
7,NaN,NaN,NaN,NaN,NaN,NaN,NaN,NaN
8,NaN,NaN,NaN,NaN,NaN,NaN,NaN,NaN
9,NaN,NaN,NaN,NaN,NaN,NaN,NaN,NaN
10,NaN,NaN,NaN,NaN,NaN,NaN,NaN,NaN
11,NaN,NaN,NaN,NaN,NaN,NaN,NaN,NaN
1,NaN,NaN,NaN,NaN,NaN,NaN,NaN,NaN
2,NaN,NaN,NaN,NaN,NaN,NaN,NaN,NaN
3,NaN,NaN,NaN,NaN,NaN,NaN,NaN,NaN
4,NaN,NaN,NaN,NaN,NaN,NaN,NaN,NaN
5,NaN,NaN,NaN,NaN,NaN,NaN,NaN,NaN
6,NaN,NaN,NaN,NaN,NaN,NaN,NaN,NaN
7,NaN,NaN,NaN,NaN,NaN,NaN,NaN,NaN
8,NaN,NaN,NaN,NaN,NaN,NaN,NaN,NaN
9,NaN,NaN,NaN,NaN,NaN,NaN,NaN,NaN
10,NaN,NaN,NaN,NaN,NaN,NaN,NaN,NaN
11,NaN,NaN,NaN,NaN,NaN,NaN,NaN,NaN
1,NaN,NaN,NaN,NaN,NaN,NaN,NaN,NaN
2,NaN,NaN,NaN,NaN,NaN,NaN,NaN,NaN
3,NaN,NaN,NaN,NaN,NaN,NaN,NaN,NaN
4,NaN,NaN,NaN,NaN,NaN,NaN,NaN,NaN
5,NaN,NaN,NaN,NaN,NaN,NaN,NaN,NaN
6,NaN,NaN,NaN,NaN,NaN,NaN,NaN,NaN
7,NaN,NaN,NaN,NaN,NaN,NaN,NaN,NaN
8,NaN,NaN,NaN,NaN,NaN,NaN,NaN,NaN
9,NaN,NaN,NaN,NaN,NaN,NaN,NaN,NaN
10,NaN,NaN,NaN,NaN,NaN,NaN,NaN,NaN
11,NaN,NaN,NaN,NaN,NaN,NaN,NaN,NaN
1,NaN,NaN,NaN,NaN,NaN,NaN,NaN,NaN
2,NaN,NaN,NaN,NaN,NaN,NaN,NaN,NaN
3,NaN,NaN,NaN,NaN,NaN,NaN,NaN,NaN
4,NaN,NaN,NaN,NaN,NaN,NaN,NaN,NaN
5,NaN,NaN,NaN,NaN,NaN,NaN,NaN,NaN
6,NaN,NaN,NaN,NaN,NaN,NaN,NaN,NaN
7,NaN,NaN,NaN,NaN,NaN,NaN,NaN,NaN
8,NaN,NaN,NaN,NaN,NaN,NaN,NaN,NaN
9,NaN,NaN,NaN,NaN,NaN,NaN,NaN,NaN
10,NaN,NaN,NaN,NaN,NaN,NaN,NaN,NaN
11,NaN,NaN,NaN,NaN,NaN,NaN,NaN,NaN
1,NaN,NaN,NaN,NaN,NaN,NaN,NaN,NaN
2,NaN,NaN,NaN,NaN,NaN,NaN,NaN,NaN
3,NaN,NaN,NaN,NaN,NaN,NaN,NaN,NaN
4,NaN,NaN,NaN,NaN,NaN,NaN,NaN,NaN
5,NaN,NaN,NaN,NaN,NaN,NaN,NaN,NaN
6,NaN,NaN,NaN,NaN,NaN,NaN,NaN,NaN
7,NaN,NaN,NaN,NaN,NaN,NaN,NaN,NaN
8,NaN,NaN,NaN,NaN,NaN,NaN,NaN,NaN
9,NaN,NaN,NaN,NaN,NaN,NaN,NaN,NaN
10,NaN,NaN,NaN,NaN,NaN,NaN,NaN,NaN
11,NaN,NaN,NaN,NaN,NaN,NaN,NaN,NaN
1,NaN,NaN,NaN,NaN,NaN,NaN,NaN,NaN
2,NaN,NaN,NaN,NaN,NaN,NaN,NaN,NaN
3,NaN,NaN,NaN,NaN,NaN,NaN,NaN,NaN
4,NaN,NaN,NaN,NaN,NaN,NaN,NaN,NaN
5,NaN,NaN,NaN,NaN,NaN,NaN,NaN,NaN
6,NaN,NaN,NaN,NaN,NaN,NaN,NaN,NaN
7,NaN,NaN,NaN,NaN,NaN,NaN,NaN,NaN
8,NaN,NaN,NaN,NaN,NaN,NaN,NaN,NaN
9,NaN,NaN,NaN,NaN,NaN,NaN,NaN,NaN
10,NaN,NaN,NaN,NaN,NaN,NaN,NaN,NaN
11,NaN,NaN,NaN,NaN,NaN,NaN,NaN,NaN
1,NaN,NaN,NaN,NaN,NaN,NaN,NaN,NaN
2,NaN,NaN,NaN,NaN,NaN,NaN,NaN,NaN
3,NaN,NaN,NaN,NaN,NaN,NaN,NaN,NaN
4,NaN,NaN,NaN,NaN,NaN,NaN,NaN,NaN
5,NaN,NaN,NaN,NaN,NaN,NaN,NaN,NaN
6,NaN,NaN,NaN,NaN,NaN,NaN,NaN,NaN
7,NaN,NaN,NaN,NaN,NaN,NaN,NaN,NaN
8,NaN,NaN,NaN,NaN,NaN,NaN,NaN,NaN
9,NaN,NaN,NaN,NaN,NaN,NaN,NaN,NaN
10,NaN,NaN,NaN,NaN,NaN,NaN,NaN,NaN
11,NaN,NaN,NaN,NaN,NaN,NaN,NaN,NaN
1,NaN,NaN,NaN,NaN,NaN,NaN,NaN,NaN
2,NaN,NaN,NaN,NaN,NaN,NaN,NaN,NaN
3,NaN,NaN,NaN,NaN,NaN,NaN,NaN,NaN
4,NaN,NaN,NaN,NaN,NaN,NaN,NaN,NaN
5,NaN,NaN,NaN,NaN,NaN,NaN,NaN,NaN
6,NaN,NaN,NaN,NaN,NaN,NaN,NaN,NaN
7,NaN,NaN,NaN,NaN,NaN,NaN,NaN,NaN
8,NaN,NaN,NaN,NaN,NaN,NaN,NaN,NaN
9,NaN,NaN,NaN,NaN,NaN,NaN,NaN,NaN
10,NaN,NaN,NaN,NaN,NaN,NaN,NaN,NaN
11,NaN,NaN,NaN,NaN,NaN,NaN,NaN,NaN
1,NaN,NaN,NaN,NaN,NaN,NaN,NaN,NaN
2,NaN,NaN,NaN,NaN,NaN,NaN,NaN,NaN
3,NaN,NaN,NaN,NaN,NaN,NaN,NaN,NaN
4,NaN,NaN,NaN,NaN,NaN,NaN,NaN,NaN
5,NaN,NaN,NaN,NaN,NaN,NaN,NaN,NaN
6,NaN,NaN,NaN,NaN,NaN,NaN,NaN,NaN
7,NaN,NaN,NaN,NaN,NaN,NaN,NaN,NaN
8,NaN,NaN,NaN,NaN,NaN,NaN,NaN,NaN
9,NaN,NaN,NaN,NaN,NaN,NaN,NaN,NaN
10,NaN,NaN,NaN,NaN,NaN,NaN,NaN,NaN
11,NaN,NaN,NaN,NaN,NaN,NaN,NaN,NaN
1,NaN,NaN,NaN,NaN,NaN,NaN,NaN,NaN
2,NaN,NaN,NaN,NaN,NaN,NaN,NaN,NaN
3,NaN,NaN,NaN,NaN,NaN,NaN,NaN,NaN
4,NaN,NaN,NaN,NaN,NaN,NaN,NaN,NaN
5,NaN,NaN,NaN,NaN,NaN,NaN,NaN,NaN
6,NaN,NaN,NaN,NaN,NaN,NaN,NaN,NaN
7,NaN,NaN,NaN,NaN,NaN,NaN,NaN,NaN
8,NaN,NaN,NaN,NaN,NaN,NaN,NaN,NaN
9,NaN,NaN,NaN,NaN,NaN,NaN,NaN,NaN
10,NaN,NaN,NaN,NaN,NaN,NaN,NaN,NaN
11,NaN,NaN,NaN,NaN,NaN,NaN,NaN,NaN
1,NaN,NaN,NaN,NaN,NaN,NaN,NaN,NaN
2,NaN,NaN,NaN,NaN,NaN,NaN,NaN,NaN
3,NaN,NaN,NaN,NaN,NaN,NaN,NaN,NaN
4,NaN,NaN,NaN,NaN,NaN,NaN,NaN,NaN
5,NaN,NaN,NaN,NaN,NaN,NaN,NaN,NaN
6,NaN,NaN,NaN,NaN,NaN,NaN,NaN,NaN
7,NaN,NaN,NaN,NaN,NaN,NaN,NaN,NaN
8,NaN,NaN,NaN,NaN,NaN,NaN,NaN,NaN
9,NaN,NaN,NaN,NaN,NaN,NaN,NaN,NaN
10,NaN,NaN,NaN,NaN,NaN,NaN,NaN,NaN
11,NaN,NaN,NaN,NaN,NaN,NaN,NaN,NaN
1,NaN,NaN,NaN,NaN,NaN,NaN,NaN,NaN
2,NaN,NaN,NaN,NaN,NaN,NaN,NaN,NaN
3,NaN,NaN,NaN,NaN,NaN,NaN,NaN,NaN
4,NaN,NaN,NaN,NaN,NaN,NaN,NaN,NaN
5,NaN,NaN,NaN,NaN,NaN,NaN,NaN,NaN
6,NaN,NaN,NaN,NaN,NaN,NaN,NaN,NaN
7,NaN,NaN,NaN,NaN,NaN,NaN,NaN,NaN
8,NaN,NaN,NaN,NaN,NaN,NaN,NaN,NaN
9,NaN,NaN,NaN,NaN,NaN,NaN,NaN,NaN
10,NaN,NaN,NaN,NaN,NaN,NaN,NaN,NaN
11,NaN,NaN,NaN,NaN,NaN,NaN,NaN,NaN
1,NaN,NaN,NaN,NaN,NaN,NaN,NaN,NaN
2,NaN,NaN,NaN,NaN,NaN,NaN,NaN,NaN
3,NaN,NaN,NaN,NaN,NaN,NaN,NaN,NaN
4,NaN,NaN,NaN,NaN,NaN,NaN,NaN,NaN
5,NaN,NaN,NaN,NaN,NaN,NaN,NaN,NaN
6,NaN,NaN,NaN,NaN,NaN,NaN,NaN,NaN
7,NaN,NaN,NaN,NaN,NaN,NaN,NaN,NaN
8,NaN,NaN,NaN,NaN,NaN,NaN,NaN,NaN
9,NaN,NaN,NaN,NaN,NaN,NaN,NaN,NaN
10,NaN,NaN,NaN,NaN,NaN,NaN,NaN,NaN
11,NaN,NaN,NaN,NaN,NaN,NaN,NaN,NaN
1,NaN,NaN,NaN,NaN,NaN,NaN,NaN,NaN
2,NaN,NaN,NaN,NaN,NaN,NaN,NaN,NaN
3,NaN,NaN,NaN,NaN,NaN,NaN,NaN,NaN
4,NaN,NaN,NaN,NaN,NaN,NaN,NaN,NaN
5,NaN,NaN,NaN,NaN,NaN,NaN,NaN,NaN
6,NaN,NaN,NaN,NaN,NaN,NaN,NaN,NaN
7,NaN,NaN,NaN,NaN,NaN,NaN,NaN,NaN
8,NaN,NaN,NaN,NaN,NaN,NaN,NaN,NaN
9,NaN,NaN,NaN,NaN,NaN,NaN,NaN,NaN
10,NaN,NaN,NaN,NaN,NaN,NaN,NaN,NaN
11,NaN,NaN,NaN,NaN,NaN,NaN,NaN,NaN
1,NaN,NaN,NaN,NaN,NaN,NaN,NaN,NaN
2,NaN,NaN,NaN,NaN,NaN,NaN,NaN,NaN
3,NaN,NaN,NaN,NaN,NaN,NaN,NaN,NaN
4,NaN,NaN,NaN,NaN,NaN,NaN,NaN,NaN
5,NaN,NaN,NaN,NaN,NaN,NaN,NaN,NaN
6,NaN,NaN,NaN,NaN,NaN,NaN,NaN,NaN
7,NaN,NaN,NaN,NaN,NaN,NaN,NaN,NaN
8,NaN,NaN,NaN,NaN,NaN,NaN,NaN,NaN
9,NaN,NaN,NaN,NaN,NaN,NaN,NaN,NaN
10,NaN,NaN,NaN,NaN,NaN,NaN,NaN,NaN
11,NaN,NaN,NaN,NaN,NaN,NaN,NaN,NaN
1,NaN,NaN,NaN,NaN,NaN,NaN,NaN,NaN
2,NaN,NaN,NaN,NaN,NaN,NaN,NaN,NaN
3,NaN,NaN,NaN,NaN,NaN,NaN,NaN,NaN
4,NaN,NaN,NaN,NaN,NaN,NaN,NaN,NaN
5,NaN,NaN,NaN,NaN,NaN,NaN,NaN,NaN
6,NaN,NaN,NaN,NaN,NaN,NaN,NaN,NaN
7,NaN,NaN,NaN,NaN,NaN,NaN,NaN,NaN
8,NaN,NaN,NaN,NaN,NaN,NaN,NaN,NaN
9,NaN,NaN,NaN,NaN,NaN,NaN,NaN,NaN
10,NaN,NaN,NaN,NaN,NaN,NaN,NaN,NaN
11,NaN,NaN,NaN,NaN,NaN,NaN,NaN,NaN
1,NaN,NaN,NaN,NaN,NaN,NaN,NaN,NaN
2,NaN,NaN,NaN,NaN,NaN,NaN,NaN,NaN
3,NaN,NaN,NaN,NaN,NaN,NaN,NaN,NaN
4,NaN,NaN,NaN,NaN,NaN,NaN,NaN,NaN
5,NaN,NaN,NaN,NaN,NaN,NaN,NaN,NaN
6,NaN,NaN,NaN,NaN,NaN,NaN,NaN,NaN
7,NaN,NaN,NaN,NaN,NaN,NaN,NaN,NaN
8,NaN,NaN,NaN,NaN,NaN,NaN,NaN,NaN
9,NaN,NaN,NaN,NaN,NaN,NaN,NaN,NaN
10,NaN,NaN,NaN,NaN,NaN,NaN,NaN,NaN
11,NaN,NaN,NaN,NaN,NaN,NaN,NaN,NaN
1,NaN,NaN,NaN,NaN,NaN,NaN,NaN,NaN
2,NaN,NaN,NaN,NaN,NaN,NaN,NaN,NaN
3,NaN,NaN,NaN,NaN,NaN,NaN,NaN,NaN
4,NaN,NaN,NaN,NaN,NaN,NaN,NaN,NaN
5,NaN,NaN,NaN,NaN,NaN,NaN,NaN,NaN
6,NaN,NaN,NaN,NaN,NaN,NaN,NaN,NaN
7,NaN,NaN,NaN,NaN,NaN,NaN,NaN,NaN
8,NaN,NaN,NaN,NaN,NaN,NaN,NaN,NaN
9,NaN,NaN,NaN,NaN,NaN,NaN,NaN,NaN
10,NaN,NaN,NaN,NaN,NaN,NaN,NaN,NaN
11,NaN,NaN,NaN,NaN,NaN,NaN,NaN,NaN
1,NaN,NaN,NaN,NaN,NaN,NaN,NaN,NaN
2,NaN,NaN,NaN,NaN,NaN,NaN,NaN,NaN
3,NaN,NaN,NaN,NaN,NaN,NaN,NaN,NaN
4,NaN,NaN,NaN,NaN,NaN,NaN,NaN,NaN
5,NaN,NaN,NaN,NaN,NaN,NaN,NaN,NaN
6,NaN,NaN,NaN,NaN,NaN,NaN,NaN,NaN
7,NaN,NaN,NaN,NaN,NaN,NaN,NaN,NaN
8,NaN,NaN,NaN,NaN,NaN,NaN,NaN,NaN
9,NaN,NaN,NaN,NaN,NaN,NaN,NaN,NaN
10,NaN,NaN,NaN,NaN,NaN,NaN,NaN,NaN
11,NaN,NaN,NaN,NaN,NaN,NaN,NaN,NaN
1,NaN,NaN,NaN,NaN,NaN,NaN,NaN,NaN
2,NaN,NaN,NaN,NaN,NaN,NaN,NaN,NaN
3,NaN,NaN,NaN,NaN,NaN,NaN,NaN,NaN
4,NaN,NaN,NaN,NaN,NaN,NaN,NaN,NaN
5,NaN,NaN,NaN,NaN,NaN,NaN,NaN,NaN
6,NaN,NaN,NaN,NaN,NaN,NaN,NaN,NaN
7,NaN,NaN,NaN,NaN,NaN,NaN,NaN,NaN
8,NaN,NaN,NaN,NaN,NaN,NaN,NaN,NaN
9,NaN,NaN,NaN,NaN,NaN,NaN,NaN,NaN
10,NaN,NaN,NaN,NaN,NaN,NaN,NaN,NaN
11,NaN,NaN,NaN,NaN,NaN,NaN,NaN,NaN
1,NaN,NaN,NaN,NaN,NaN,NaN,NaN,NaN
2,NaN,NaN,NaN,NaN,NaN,NaN,NaN,NaN
3,NaN,NaN,NaN,NaN,NaN,NaN,NaN,NaN
4,NaN,NaN,NaN,NaN,NaN,NaN,NaN,NaN
5,NaN,NaN,NaN,NaN,NaN,NaN,NaN,NaN
6,NaN,NaN,NaN,NaN,NaN,NaN,NaN,NaN
7,NaN,NaN,NaN,NaN,NaN,NaN,NaN,NaN
8,NaN,NaN,NaN,NaN,NaN,NaN,NaN,NaN
9,NaN,NaN,NaN,NaN,NaN,NaN,NaN,NaN
10,NaN,NaN,NaN,NaN,NaN,NaN,NaN,NaN
11,NaN,NaN,NaN,NaN,NaN,NaN,NaN,NaN
1,NaN,NaN,NaN,NaN,NaN,NaN,NaN,NaN
2,NaN,NaN,NaN,NaN,NaN,NaN,NaN,NaN
3,NaN,NaN,NaN,NaN,NaN,NaN,NaN,NaN
4,NaN,NaN,NaN,NaN,NaN,NaN,NaN,NaN
5,NaN,NaN,NaN,NaN,NaN,NaN,NaN,NaN
6,NaN,NaN,NaN,NaN,NaN,NaN,NaN,NaN
7,NaN,NaN,NaN,NaN,NaN,NaN,NaN,NaN
8,NaN,NaN,NaN,NaN,NaN,NaN,NaN,NaN
9,NaN,NaN,NaN,NaN,NaN,NaN,NaN,NaN
10,NaN,NaN,NaN,NaN,NaN,NaN,NaN,NaN
11,NaN,NaN,NaN,NaN,NaN,NaN,NaN,NaN
1,NaN,NaN,NaN,NaN,NaN,NaN,NaN,NaN
2,NaN,NaN,NaN,NaN,NaN,NaN,NaN,NaN
3,NaN,NaN,NaN,NaN,NaN,NaN,NaN,NaN
4,NaN,NaN,NaN,NaN,NaN,NaN,NaN,NaN
5,NaN,NaN,NaN,NaN,NaN,NaN,NaN,NaN
6,NaN,NaN,NaN,NaN,NaN,NaN,NaN,NaN
7,NaN,NaN,NaN,NaN,NaN,NaN,NaN,NaN
8,NaN,NaN,NaN,NaN,NaN,NaN,NaN,NaN
9,NaN,NaN,NaN,NaN,NaN,NaN,NaN,NaN
10,NaN,NaN,NaN,NaN,NaN,NaN,NaN,NaN
11,NaN,NaN,NaN,NaN,NaN,NaN,NaN,NaN
1,NaN,NaN,NaN,NaN,NaN,NaN,NaN,NaN
2,NaN,NaN,NaN,NaN,NaN,NaN,NaN,NaN
3,NaN,NaN,NaN,NaN,NaN,NaN,NaN,NaN
4,NaN,NaN,NaN,NaN,NaN,NaN,NaN,NaN
5,NaN,NaN,NaN,NaN,NaN,NaN,NaN,NaN
6,NaN,NaN,NaN,NaN,NaN,NaN,NaN,NaN
7,NaN,NaN,NaN,NaN,NaN,NaN,NaN,NaN
8,NaN,NaN,NaN,NaN,NaN,NaN,NaN,NaN
9,NaN,NaN,NaN,NaN,NaN,NaN,NaN,NaN
10,NaN,NaN,NaN,NaN,NaN,NaN,NaN,NaN
11,NaN,NaN,NaN,NaN,NaN,NaN,NaN,NaN
1,NaN,NaN,NaN,NaN,NaN,NaN,NaN,NaN
2,NaN,NaN,NaN,NaN,NaN,NaN,NaN,NaN
3,NaN,NaN,NaN,NaN,NaN,NaN,NaN,NaN
4,NaN,NaN,NaN,NaN,NaN,NaN,NaN,NaN
5,NaN,NaN,NaN,NaN,NaN,NaN,NaN,NaN
6,NaN,NaN,NaN,NaN,NaN,NaN,NaN,NaN
7,NaN,NaN,NaN,NaN,NaN,NaN,NaN,NaN
8,NaN,NaN,NaN,NaN,NaN,NaN,NaN,NaN
9,NaN,NaN,NaN,NaN,NaN,NaN,NaN,NaN
10,NaN,NaN,NaN,NaN,NaN,NaN,NaN,NaN
11,NaN,NaN,NaN,NaN,NaN,NaN,NaN,NaN
1,NaN,NaN,NaN,NaN,NaN,NaN,NaN,NaN
2,NaN,NaN,NaN,NaN,NaN,NaN,NaN,NaN
3,NaN,NaN,NaN,NaN,NaN,NaN,NaN,NaN
4,NaN,NaN,NaN,NaN,NaN,NaN,NaN,NaN
5,NaN,NaN,NaN,NaN,NaN,NaN,NaN,NaN
6,NaN,NaN,NaN,NaN,NaN,NaN,NaN,NaN
7,NaN,NaN,NaN,NaN,NaN,NaN,NaN,NaN
8,NaN,NaN,NaN,NaN,NaN,NaN,NaN,NaN
9,NaN,NaN,NaN,NaN,NaN,NaN,NaN,NaN
10,NaN,NaN,NaN,NaN,NaN,NaN,NaN,NaN
11,NaN,NaN,NaN,NaN,NaN,NaN,NaN,NaN
1,NaN,NaN,NaN,NaN,NaN,NaN,NaN,NaN
2,NaN,NaN,NaN,NaN,NaN,NaN,NaN,NaN
3,NaN,NaN,NaN,NaN,NaN,NaN,NaN,NaN
4,NaN,NaN,NaN,NaN,NaN,NaN,NaN,NaN
5,NaN,NaN,NaN,NaN,NaN,NaN,NaN,NaN
6,NaN,NaN,NaN,NaN,NaN,NaN,NaN,NaN
7,NaN,NaN,NaN,NaN,NaN,NaN,NaN,NaN
8,NaN,NaN,NaN,NaN,NaN,NaN,NaN,NaN
9,NaN,NaN,NaN,NaN,NaN,NaN,NaN,NaN
10,NaN,NaN,NaN,NaN,NaN,NaN,NaN,NaN
11,NaN,NaN,NaN,NaN,NaN,NaN,NaN,NaN
1,NaN,NaN,NaN,NaN,NaN,NaN,NaN,NaN
2,NaN,NaN,NaN,NaN,NaN,NaN,NaN,NaN
3,NaN,NaN,NaN,NaN,NaN,NaN,NaN,NaN
4,NaN,NaN,NaN,NaN,NaN,NaN,NaN,NaN
5,NaN,NaN,NaN,NaN,NaN,NaN,NaN,NaN
6,NaN,NaN,NaN,NaN,NaN,NaN,NaN,NaN
7,NaN,NaN,NaN,NaN,NaN,NaN,NaN,NaN
8,NaN,NaN,NaN,NaN,NaN,NaN,NaN,NaN
9,NaN,NaN,NaN,NaN,NaN,NaN,NaN,NaN
10,NaN,NaN,NaN,NaN,NaN,NaN,NaN,NaN
11,NaN,NaN,NaN,NaN,NaN,NaN,NaN,NaN
1,NaN,NaN,NaN,NaN,NaN,NaN,NaN,NaN
2,NaN,NaN,NaN,NaN,NaN,NaN,NaN,NaN
3,NaN,NaN,NaN,NaN,NaN,NaN,NaN,NaN
4,NaN,NaN,NaN,NaN,NaN,NaN,NaN,NaN
5,NaN,NaN,NaN,NaN,NaN,NaN,NaN,NaN
6,NaN,NaN,NaN,NaN,NaN,NaN,NaN,NaN
7,NaN,NaN,NaN,NaN,NaN,NaN,NaN,NaN
8,NaN,NaN,NaN,NaN,NaN,NaN,NaN,NaN
9,NaN,NaN,NaN,NaN,NaN,NaN,NaN,NaN
10,NaN,NaN,NaN,NaN,NaN,NaN,NaN,NaN
11,NaN,NaN,NaN,NaN,NaN,NaN,NaN,NaN
1,NaN,NaN,NaN,NaN,NaN,NaN,NaN,NaN
2,NaN,NaN,NaN,NaN,NaN,NaN,NaN,NaN
3,NaN,NaN,NaN,NaN,NaN,NaN,NaN,NaN
4,NaN,NaN,NaN,NaN,NaN,NaN,NaN,NaN
5,NaN,NaN,NaN,NaN,NaN,NaN,NaN,NaN
6,NaN,NaN,NaN,NaN,NaN,NaN,NaN,NaN
7,NaN,NaN,NaN,NaN,NaN,NaN,NaN,NaN
8,NaN,NaN,NaN,NaN,NaN,NaN,NaN,NaN
9,NaN,NaN,NaN,NaN,NaN,NaN,NaN,NaN
10,NaN,NaN,NaN,NaN,NaN,NaN,NaN,NaN
11,NaN,NaN,NaN,NaN,NaN,NaN,NaN,NaN
1,NaN,NaN,NaN,NaN,NaN,NaN,NaN,NaN
2,NaN,NaN,NaN,NaN,NaN,NaN,NaN,NaN
3,NaN,NaN,NaN,NaN,NaN,NaN,NaN,NaN
4,NaN,NaN,NaN,NaN,NaN,NaN,NaN,NaN
5,NaN,NaN,NaN,NaN,NaN,NaN,NaN,NaN
6,NaN,NaN,NaN,NaN,NaN,NaN,NaN,NaN
7,NaN,NaN,NaN,NaN,NaN,NaN,NaN,NaN
8,NaN,NaN,NaN,NaN,NaN,NaN,NaN,NaN
9,NaN,NaN,NaN,NaN,NaN,NaN,NaN,NaN
10,NaN,NaN,NaN,NaN,NaN,NaN,NaN,NaN
11,NaN,NaN,NaN,NaN,NaN,NaN,NaN,NaN
1,NaN,NaN,NaN,NaN,NaN,NaN,NaN,NaN
2,NaN,NaN,NaN,NaN,NaN,NaN,NaN,NaN
3,NaN,NaN,NaN,NaN,NaN,NaN,NaN,NaN
4,NaN,NaN,NaN,NaN,NaN,NaN,NaN,NaN
5,NaN,NaN,NaN,NaN,NaN,NaN,NaN,NaN
6,NaN,NaN,NaN,NaN,NaN,NaN,NaN,NaN
7,NaN,NaN,NaN,NaN,NaN,NaN,NaN,NaN
8,NaN,NaN,NaN,NaN,NaN,NaN,NaN,NaN
9,NaN,NaN,NaN,NaN,NaN,NaN,NaN,NaN
10,NaN,NaN,NaN,NaN,NaN,NaN,NaN,NaN
11,NaN,NaN,NaN,NaN,NaN,NaN,NaN,NaN
1,NaN,NaN,NaN,NaN,NaN,NaN,NaN,NaN
2,NaN,NaN,NaN,NaN,NaN,NaN,NaN,NaN
3,NaN,NaN,NaN,NaN,NaN,NaN,NaN,NaN
4,NaN,NaN,NaN,NaN,NaN,NaN,NaN,NaN
5,NaN,NaN,NaN,NaN,NaN,NaN,NaN,NaN
6,NaN,NaN,NaN,NaN,NaN,NaN,NaN,NaN
7,NaN,NaN,NaN,NaN,NaN,NaN,NaN,NaN
8,NaN,NaN,NaN,NaN,NaN,NaN,NaN,NaN
9,NaN,NaN,NaN,NaN,NaN,NaN,NaN,NaN
10,NaN,NaN,NaN,NaN,NaN,NaN,NaN,NaN
11,NaN,NaN,NaN,NaN,NaN,NaN,NaN,NaN
1,NaN,NaN,NaN,NaN,NaN,NaN,NaN,NaN
2,NaN,NaN,NaN,NaN,NaN,NaN,NaN,NaN
3,NaN,NaN,NaN,NaN,NaN,NaN,NaN,NaN
4,NaN,NaN,NaN,NaN,NaN,NaN,NaN,NaN
5,NaN,NaN,NaN,NaN,NaN,NaN,NaN,NaN
6,NaN,NaN,NaN,NaN,NaN,NaN,NaN,NaN
7,NaN,NaN,NaN,NaN,NaN,NaN,NaN,NaN
8,NaN,NaN,NaN,NaN,NaN,NaN,NaN,NaN
9,NaN,NaN,NaN,NaN,NaN,NaN,NaN,NaN
10,NaN,NaN,NaN,NaN,NaN,NaN,NaN,NaN
11,NaN,NaN,NaN,NaN,NaN,NaN,NaN,NaN
1,NaN,NaN,NaN,NaN,NaN,NaN,NaN,NaN
2,NaN,NaN,NaN,NaN,NaN,NaN,NaN,NaN
3,NaN,NaN,NaN,NaN,NaN,NaN,NaN,NaN
4,NaN,NaN,NaN,NaN,NaN,NaN,NaN,NaN
5,NaN,NaN,NaN,NaN,NaN,NaN,NaN,NaN
6,NaN,NaN,NaN,NaN,NaN,NaN,NaN,NaN
7,NaN,NaN,NaN,NaN,NaN,NaN,NaN,NaN
8,NaN,NaN,NaN,NaN,NaN,NaN,NaN,NaN
9,NaN,NaN,NaN,NaN,NaN,NaN,NaN,NaN
10,NaN,NaN,NaN,NaN,NaN,NaN,NaN,NaN
11,NaN,NaN,NaN,NaN,NaN,NaN,NaN,NaN
1,NaN,NaN,NaN,NaN,NaN,NaN,NaN,NaN
2,NaN,NaN,NaN,NaN,NaN,NaN,NaN,NaN
3,NaN,NaN,NaN,NaN,NaN,NaN,NaN,NaN
4,NaN,NaN,NaN,NaN,NaN,NaN,NaN,NaN
5,NaN,NaN,NaN,NaN,NaN,NaN,NaN,NaN
6,NaN,NaN,NaN,NaN,NaN,NaN,NaN,NaN
7,NaN,NaN,NaN,NaN,NaN,NaN,NaN,NaN
8,NaN,NaN,NaN,NaN,NaN,NaN,NaN,NaN
9,NaN,NaN,NaN,NaN,NaN,NaN,NaN,NaN
10,NaN,NaN,NaN,NaN,NaN,NaN,NaN,NaN
11,NaN,NaN,NaN,NaN,NaN,NaN,NaN,NaN
1,NaN,NaN,NaN,NaN,NaN,NaN,NaN,NaN
2,NaN,NaN,NaN,NaN,NaN,NaN,NaN,NaN
3,NaN,NaN,NaN,NaN,NaN,NaN,NaN,NaN
4,NaN,NaN,NaN,NaN,NaN,NaN,NaN,NaN
5,NaN,NaN,NaN,NaN,NaN,NaN,NaN,NaN
6,NaN,NaN,NaN,NaN,NaN,NaN,NaN,NaN
7,NaN,NaN,NaN,NaN,NaN,NaN,NaN,NaN
8,NaN,NaN,NaN,NaN,NaN,NaN,NaN,NaN
9,NaN,NaN,NaN,NaN,NaN,NaN,NaN,NaN
10,NaN,NaN,NaN,NaN,NaN,NaN,NaN,NaN
11,NaN,NaN,NaN,NaN,NaN,NaN,NaN,NaN
1,NaN,NaN,NaN,NaN,NaN,NaN,NaN,NaN
2,NaN,NaN,NaN,NaN,NaN,NaN,NaN,NaN
3,NaN,NaN,NaN,NaN,NaN,NaN,NaN,NaN
4,NaN,NaN,NaN,NaN,NaN,NaN,NaN,NaN
5,NaN,NaN,NaN,NaN,NaN,NaN,NaN,NaN
6,NaN,NaN,NaN,NaN,NaN,NaN,NaN,NaN
7,NaN,NaN,NaN,NaN,NaN,NaN,NaN,NaN
8,NaN,NaN,NaN,NaN,NaN,NaN,NaN,NaN
9,NaN,NaN,NaN,NaN,NaN,NaN,NaN,NaN
10,NaN,NaN,NaN,NaN,NaN,NaN,NaN,NaN
11,NaN,NaN,NaN,NaN,NaN,NaN,NaN,NaN
1,NaN,NaN,NaN,NaN,NaN,NaN,NaN,NaN
2,NaN,NaN,NaN,NaN,NaN,NaN,NaN,NaN
3,NaN,NaN,NaN,NaN,NaN,NaN,NaN,NaN
4,NaN,NaN,NaN,NaN,NaN,NaN,NaN,NaN
5,NaN,NaN,NaN,NaN,NaN,NaN,NaN,NaN
6,NaN,NaN,NaN,NaN,NaN,NaN,NaN,NaN
7,NaN,NaN,NaN,NaN,NaN,NaN,NaN,NaN
8,NaN,NaN,NaN,NaN,NaN,NaN,NaN,NaN
9,NaN,NaN,NaN,NaN,NaN,NaN,NaN,NaN
10,NaN,NaN,NaN,NaN,NaN,NaN,NaN,NaN
11,NaN,NaN,NaN,NaN,NaN,NaN,NaN,NaN
1,NaN,NaN,NaN,NaN,NaN,NaN,NaN,NaN
2,NaN,NaN,NaN,NaN,NaN,NaN,NaN,NaN
3,NaN,NaN,NaN,NaN,NaN,NaN,NaN,NaN
4,NaN,NaN,NaN,NaN,NaN,NaN,NaN,NaN
5,NaN,NaN,NaN,NaN,NaN,NaN,NaN,NaN
6,NaN,NaN,NaN,NaN,NaN,NaN,NaN,NaN
7,NaN,NaN,NaN,NaN,NaN,NaN,NaN,NaN
8,NaN,NaN,NaN,NaN,NaN,NaN,NaN,NaN
9,NaN,NaN,NaN,NaN,NaN,NaN,NaN,NaN
10,NaN,NaN,NaN,NaN,NaN,NaN,NaN,NaN
11,NaN,NaN,NaN,NaN,NaN,NaN,NaN,NaN
1,NaN,NaN,NaN,NaN,NaN,NaN,NaN,NaN
2,NaN,NaN,NaN,NaN,NaN,NaN,NaN,NaN
3,NaN,NaN,NaN,NaN,NaN,NaN,NaN,NaN
4,NaN,NaN,NaN,NaN,NaN,NaN,NaN,NaN
5,NaN,NaN,NaN,NaN,NaN,NaN,NaN,NaN
6,NaN,NaN,NaN,NaN,NaN,NaN,NaN,NaN
7,NaN,NaN,NaN,NaN,NaN,NaN,NaN,NaN
8,NaN,NaN,NaN,NaN,NaN,NaN,NaN,NaN
9,NaN,NaN,NaN,NaN,NaN,NaN,NaN,NaN
10,NaN,NaN,NaN,NaN,NaN,NaN,NaN,NaN
11,NaN,NaN,NaN,NaN,NaN,NaN,NaN,NaN
1,NaN,NaN,NaN,NaN,NaN,NaN,NaN,NaN
2,NaN,NaN,NaN,NaN,NaN,NaN,NaN,NaN
3,NaN,NaN,NaN,NaN,NaN,NaN,NaN,NaN
4,NaN,NaN,NaN,NaN,NaN,NaN,NaN,NaN
5,NaN,NaN,NaN,NaN,NaN,NaN,NaN,NaN
6,NaN,NaN,NaN,NaN,NaN,NaN,NaN,NaN
7,NaN,NaN,NaN,NaN,NaN,NaN,NaN,NaN
8,NaN,NaN,NaN,NaN,NaN,NaN,NaN,NaN
9,NaN,NaN,NaN,NaN,NaN,NaN,NaN,NaN
10,NaN,NaN,NaN,NaN,NaN,NaN,NaN,NaN
11,NaN,NaN,NaN,NaN,NaN,NaN,NaN,NaN
1,NaN,NaN,NaN,NaN,NaN,NaN,NaN,NaN
2,NaN,NaN,NaN,NaN,NaN,NaN,NaN,NaN
3,NaN,NaN,NaN,NaN,NaN,NaN,NaN,NaN
4,NaN,NaN,NaN,NaN,NaN,NaN,NaN,NaN
5,NaN,NaN,NaN,NaN,NaN,NaN,NaN,NaN
6,NaN,NaN,NaN,NaN,NaN,NaN,NaN,NaN
7,NaN,NaN,NaN,NaN,NaN,NaN,NaN,NaN
8,NaN,NaN,NaN,NaN,NaN,NaN,NaN,NaN
9,NaN,NaN,NaN,NaN,NaN,NaN,NaN,NaN
10,NaN,NaN,NaN,NaN,NaN,NaN,NaN,NaN
11,NaN,NaN,NaN,NaN,NaN,NaN,NaN,NaN
1,NaN,NaN,NaN,NaN,NaN,NaN,NaN,NaN
2,NaN,NaN,NaN,NaN,NaN,NaN,NaN,NaN
3,NaN,NaN,NaN,NaN,NaN,NaN,NaN,NaN
4,NaN,NaN,NaN,NaN,NaN,NaN,NaN,NaN
5,NaN,NaN,NaN,NaN,NaN,NaN,NaN,NaN
6,NaN,NaN,NaN,NaN,NaN,NaN,NaN,NaN
7,NaN,NaN,NaN,NaN,NaN,NaN,NaN,NaN
8,NaN,NaN,NaN,NaN,NaN,NaN,NaN,NaN
9,NaN,NaN,NaN,NaN,NaN,NaN,NaN,NaN
10,NaN,NaN,NaN,NaN,NaN,NaN,NaN,NaN
11,NaN,NaN,NaN,NaN,NaN,NaN,NaN,NaN
1,NaN,NaN,NaN,NaN,NaN,NaN,NaN,NaN
2,NaN,NaN,NaN,NaN,NaN,NaN,NaN,NaN
3,NaN,NaN,NaN,NaN,NaN,NaN,NaN,NaN
4,NaN,NaN,NaN,NaN,NaN,NaN,NaN,NaN
5,NaN,NaN,NaN,NaN,NaN,NaN,NaN,NaN
6,NaN,NaN,NaN,NaN,NaN,NaN,NaN,NaN
7,NaN,NaN,NaN,NaN,NaN,NaN,NaN,NaN
8,NaN,NaN,NaN,NaN,NaN,NaN,NaN,NaN
9,NaN,NaN,NaN,NaN,NaN,NaN,NaN,NaN
10,NaN,NaN,NaN,NaN,NaN,NaN,NaN,NaN
11,NaN,NaN,NaN,NaN,NaN,NaN,NaN,NaN
1,NaN,NaN,NaN,NaN,NaN,NaN,NaN,NaN
2,NaN,NaN,NaN,NaN,NaN,NaN,NaN,NaN
3,NaN,NaN,NaN,NaN,NaN,NaN,NaN,NaN
4,NaN,NaN,NaN,NaN,NaN,NaN,NaN,NaN
5,NaN,NaN,NaN,NaN,NaN,NaN,NaN,NaN
6,NaN,NaN,NaN,NaN,NaN,NaN,NaN,NaN
7,NaN,NaN,NaN,NaN,NaN,NaN,NaN,NaN
8,NaN,NaN,NaN,NaN,NaN,NaN,NaN,NaN
9,NaN,NaN,NaN,NaN,NaN,NaN,NaN,NaN
10,NaN,NaN,NaN,NaN,NaN,NaN,NaN,NaN
11,NaN,NaN,NaN,NaN,NaN,NaN,NaN,NaN
1,NaN,NaN,NaN,NaN,NaN,NaN,NaN,NaN
2,NaN,NaN,NaN,NaN,NaN,NaN,NaN,NaN
3,NaN,NaN,NaN,NaN,NaN,NaN,NaN,NaN
4,NaN,NaN,NaN,NaN,NaN,NaN,NaN,NaN
5,NaN,NaN,NaN,NaN,NaN,NaN,NaN,NaN
6,NaN,NaN,NaN,NaN,NaN,NaN,NaN,NaN
7,NaN,NaN,NaN,NaN,NaN,NaN,NaN,NaN
8,NaN,NaN,NaN,NaN,NaN,NaN,NaN,NaN
9,NaN,NaN,NaN,NaN,NaN,NaN,NaN,NaN
10,NaN,NaN,NaN,NaN,NaN,NaN,NaN,NaN
11,NaN,NaN,NaN,NaN,NaN,NaN,NaN,NaN
1,NaN,NaN,NaN,NaN,NaN,NaN,NaN,NaN
2,NaN,NaN,NaN,NaN,NaN,NaN,NaN,NaN
3,NaN,NaN,NaN,NaN,NaN,NaN,NaN,NaN
4,NaN,NaN,NaN,NaN,NaN,NaN,NaN,NaN
5,NaN,NaN,NaN,NaN,NaN,NaN,NaN,NaN
6,NaN,NaN,NaN,NaN,NaN,NaN,NaN,NaN
7,NaN,NaN,NaN,NaN,NaN,NaN,NaN,NaN
8,NaN,NaN,NaN,NaN,NaN,NaN,NaN,NaN
9,NaN,NaN,NaN,NaN,NaN,NaN,NaN,NaN
10,NaN,NaN,NaN,NaN,NaN,NaN,NaN,NaN
11,NaN,NaN,NaN,NaN,NaN,NaN,NaN,NaN
1,NaN,NaN,NaN,NaN,NaN,NaN,NaN,NaN
2,NaN,NaN,NaN,NaN,NaN,NaN,NaN,NaN
3,NaN,NaN,NaN,NaN,NaN,NaN,NaN,NaN
4,NaN,NaN,NaN,NaN,NaN,NaN,NaN,NaN
5,NaN,NaN,NaN,NaN,NaN,NaN,NaN,NaN
6,NaN,NaN,NaN,NaN,NaN,NaN,NaN,NaN
7,NaN,NaN,NaN,NaN,NaN,NaN,NaN,NaN
8,NaN,NaN,NaN,NaN,NaN,NaN,NaN,NaN
9,NaN,NaN,NaN,NaN,NaN,NaN,NaN,NaN
10,NaN,NaN,NaN,NaN,NaN,NaN,NaN,NaN
11,NaN,NaN,NaN,NaN,NaN,NaN,NaN,NaN
1,NaN,NaN,NaN,NaN,NaN,NaN,NaN,NaN
2,NaN,NaN,NaN,NaN,NaN,NaN,NaN,NaN
3,NaN,NaN,NaN,NaN,NaN,NaN,NaN,NaN
4,NaN,NaN,NaN,NaN,NaN,NaN,NaN,NaN
5,NaN,NaN,NaN,NaN,NaN,NaN,NaN,NaN
6,NaN,NaN,NaN,NaN,NaN,NaN,NaN,NaN
7,NaN,NaN,NaN,NaN,NaN,NaN,NaN,NaN
8,NaN,NaN,NaN,NaN,NaN,NaN,NaN,NaN
9,NaN,NaN,NaN,NaN,NaN,NaN,NaN,NaN
10,NaN,NaN,NaN,NaN,NaN,NaN,NaN,NaN
11,NaN,NaN,NaN,NaN,NaN,NaN,NaN,NaN
1,NaN,NaN,NaN,NaN,NaN,NaN,NaN,NaN
2,NaN,NaN,NaN,NaN,NaN,NaN,NaN,NaN
3,NaN,NaN,NaN,NaN,NaN,NaN,NaN,NaN
4,NaN,NaN,NaN,NaN,NaN,NaN,NaN,NaN
5,NaN,NaN,NaN,NaN,NaN,NaN,NaN,NaN
6,NaN,NaN,NaN,NaN,NaN,NaN,NaN,NaN
7,NaN,NaN,NaN,NaN,NaN,NaN,NaN,NaN
8,NaN,NaN,NaN,NaN,NaN,NaN,NaN,NaN
9,NaN,NaN,NaN,NaN,NaN,NaN,NaN,NaN
10,NaN,NaN,NaN,NaN,NaN,NaN,NaN,NaN
11,NaN,NaN,NaN,NaN,NaN,NaN,NaN,NaN
1,NaN,NaN,NaN,NaN,NaN,NaN,NaN,NaN
2,NaN,NaN,NaN,NaN,NaN,NaN,NaN,NaN
3,NaN,NaN,NaN,NaN,NaN,NaN,NaN,NaN
4,NaN,NaN,NaN,NaN,NaN,NaN,NaN,NaN
5,NaN,NaN,NaN,NaN,NaN,NaN,NaN,NaN
6,NaN,NaN,NaN,NaN,NaN,NaN,NaN,NaN
7,NaN,NaN,NaN,NaN,NaN,NaN,NaN,NaN
8,NaN,NaN,NaN,NaN,NaN,NaN,NaN,NaN
9,NaN,NaN,NaN,NaN,NaN,NaN,NaN,NaN
10,NaN,NaN,NaN,NaN,NaN,NaN,NaN,NaN
11,NaN,NaN,NaN,NaN,NaN,NaN,NaN,NaN
1,NaN,NaN,NaN,NaN,NaN,NaN,NaN,NaN
2,NaN,NaN,NaN,NaN,NaN,NaN,NaN,NaN
3,NaN,NaN,NaN,NaN,NaN,NaN,NaN,NaN
4,NaN,NaN,NaN,NaN,NaN,NaN,NaN,NaN
5,NaN,NaN,NaN,NaN,NaN,NaN,NaN,NaN
6,NaN,NaN,NaN,NaN,NaN,NaN,NaN,NaN
7,NaN,NaN,NaN,NaN,NaN,NaN,NaN,NaN
8,NaN,NaN,NaN,NaN,NaN,NaN,NaN,NaN
9,NaN,NaN,NaN,NaN,NaN,NaN,NaN,NaN
10,NaN,NaN,NaN,NaN,NaN,NaN,NaN,NaN
11,NaN,NaN,NaN,NaN,NaN,NaN,NaN,NaN
1,NaN,NaN,NaN,NaN,NaN,NaN,NaN,NaN
2,NaN,NaN,NaN,NaN,NaN,NaN,NaN,NaN
3,NaN,NaN,NaN,NaN,NaN,NaN,NaN,NaN
4,NaN,NaN,NaN,NaN,NaN,NaN,NaN,NaN
5,NaN,NaN,NaN,NaN,NaN,NaN,NaN,NaN
6,NaN,NaN,NaN,NaN,NaN,NaN,NaN,NaN
7,NaN,NaN,NaN,NaN,NaN,NaN,NaN,NaN
8,NaN,NaN,NaN,NaN,NaN,NaN,NaN,NaN
9,NaN,NaN,NaN,NaN,NaN,NaN,NaN,NaN
10,NaN,NaN,NaN,NaN,NaN,NaN,NaN,NaN
11,NaN,NaN,NaN,NaN,NaN,NaN,NaN,NaN
1,NaN,NaN,NaN,NaN,NaN,NaN,NaN,NaN
2,NaN,NaN,NaN,NaN,NaN,NaN,NaN,NaN
3,NaN,NaN,NaN,NaN,NaN,NaN,NaN,NaN
4,NaN,NaN,NaN,NaN,NaN,NaN,NaN,NaN
5,NaN,NaN,NaN,NaN,NaN,NaN,NaN,NaN
6,NaN,NaN,NaN,NaN,NaN,NaN,NaN,NaN
7,NaN,NaN,NaN,NaN,NaN,NaN,NaN,NaN
8,NaN,NaN,NaN,NaN,NaN,NaN,NaN,NaN
9,NaN,NaN,NaN,NaN,NaN,NaN,NaN,NaN
10,NaN,NaN,NaN,NaN,NaN,NaN,NaN,NaN
11,NaN,NaN,NaN,NaN,NaN,NaN,NaN,NaN
1,NaN,NaN,NaN,NaN,NaN,NaN,NaN,NaN
2,NaN,NaN,NaN,NaN,NaN,NaN,NaN,NaN
3,NaN,NaN,NaN,NaN,NaN,NaN,NaN,NaN
4,NaN,NaN,NaN,NaN,NaN,NaN,NaN,NaN
5,NaN,NaN,NaN,NaN,NaN,NaN,NaN,NaN
6,NaN,NaN,NaN,NaN,NaN,NaN,NaN,NaN
7,NaN,NaN,NaN,NaN,NaN,NaN,NaN,NaN
8,NaN,NaN,NaN,NaN,NaN,NaN,NaN,NaN
9,NaN,NaN,NaN,NaN,NaN,NaN,NaN,NaN
10,NaN,NaN,NaN,NaN,NaN,NaN,NaN,NaN
11,NaN,NaN,NaN,NaN,NaN,NaN,NaN,NaN
1,NaN,NaN,NaN,NaN,NaN,NaN,NaN,NaN
2,NaN,NaN,NaN,NaN,NaN,NaN,NaN,NaN
3,NaN,NaN,NaN,NaN,NaN,NaN,NaN,NaN
4,NaN,NaN,NaN,NaN,NaN,NaN,NaN,NaN
5,NaN,NaN,NaN,NaN,NaN,NaN,NaN,NaN
6,NaN,NaN,NaN,NaN,NaN,NaN,NaN,NaN
7,NaN,NaN,NaN,NaN,NaN,NaN,NaN,NaN
8,NaN,NaN,NaN,NaN,NaN,NaN,NaN,NaN
9,NaN,NaN,NaN,NaN,NaN,NaN,NaN,NaN
10,NaN,NaN,NaN,NaN,NaN,NaN,NaN,NaN
11,NaN,NaN,NaN,NaN,NaN,NaN,NaN,NaN
1,NaN,NaN,NaN,NaN,NaN,NaN,NaN,NaN
2,NaN,NaN,NaN,NaN,NaN,NaN,NaN,NaN
3,NaN,NaN,NaN,NaN,NaN,NaN,NaN,NaN
4,NaN,NaN,NaN,NaN,NaN,NaN,NaN,NaN
5,NaN,NaN,NaN,NaN,NaN,NaN,NaN,NaN
6,NaN,NaN,NaN,NaN,NaN,NaN,NaN,NaN
7,NaN,NaN,NaN,NaN,NaN,NaN,NaN,NaN
8,NaN,NaN,NaN,NaN,NaN,NaN,NaN,NaN
9,NaN,NaN,NaN,NaN,NaN,NaN,NaN,NaN
10,NaN,NaN,NaN,NaN,NaN,NaN,NaN,NaN
11,NaN,NaN,NaN,NaN,NaN,NaN,NaN,NaN
1,NaN,NaN,NaN,NaN,NaN,NaN,NaN,NaN
2,NaN,NaN,NaN,NaN,NaN,NaN,NaN,NaN
3,NaN,NaN,NaN,NaN,NaN,NaN,NaN,NaN
4,NaN,NaN,NaN,NaN,NaN,NaN,NaN,NaN
5,NaN,NaN,NaN,NaN,NaN,NaN,NaN,NaN
6,NaN,NaN,NaN,NaN,NaN,NaN,NaN,NaN
7,NaN,NaN,NaN,NaN,NaN,NaN,NaN,NaN
8,NaN,NaN,NaN,NaN,NaN,NaN,NaN,NaN
9,NaN,NaN,NaN,NaN,NaN,NaN,NaN,NaN
10,NaN,NaN,NaN,NaN,NaN,NaN,NaN,NaN
11,NaN,NaN,NaN,NaN,NaN,NaN,NaN,NaN
1,NaN,NaN,NaN,NaN,NaN,NaN,NaN,NaN
2,NaN,NaN,NaN,NaN,NaN,NaN,NaN,NaN
3,NaN,NaN,NaN,NaN,NaN,NaN,NaN,NaN
4,NaN,NaN,NaN,NaN,NaN,NaN,NaN,NaN
5,NaN,NaN,NaN,NaN,NaN,NaN,NaN,NaN
6,NaN,NaN,NaN,NaN,NaN,NaN,NaN,NaN
7,NaN,NaN,NaN,NaN,NaN,NaN,NaN,NaN
8,NaN,NaN,NaN,NaN,NaN,NaN,NaN,NaN
9,NaN,NaN,NaN,NaN,NaN,NaN,NaN,NaN
10,NaN,NaN,NaN,NaN,NaN,NaN,NaN,NaN
11,NaN,NaN,NaN,NaN,NaN,NaN,NaN,NaN
1,NaN,NaN,NaN,NaN,NaN,NaN,NaN,NaN
2,NaN,NaN,NaN,NaN,NaN,NaN,NaN,NaN
3,NaN,NaN,NaN,NaN,NaN,NaN,NaN,NaN
4,NaN,NaN,NaN,NaN,NaN,NaN,NaN,NaN
5,NaN,NaN,NaN,NaN,NaN,NaN,NaN,NaN
6,NaN,NaN,NaN,NaN,NaN,NaN,NaN,NaN
7,NaN,NaN,NaN,NaN,NaN,NaN,NaN,NaN
8,NaN,NaN,NaN,NaN,NaN,NaN,NaN,NaN
9,NaN,NaN,NaN,NaN,NaN,NaN,NaN,NaN
10,NaN,NaN,NaN,NaN,NaN,NaN,NaN,NaN
11,NaN,NaN,NaN,NaN,NaN,NaN,NaN,NaN
1,NaN,NaN,NaN,NaN,NaN,NaN,NaN,NaN
2,NaN,NaN,NaN,NaN,NaN,NaN,NaN,NaN
3,NaN,NaN,NaN,NaN,NaN,NaN,NaN,NaN
4,NaN,NaN,NaN,NaN,NaN,NaN,NaN,NaN
5,NaN,NaN,NaN,NaN,NaN,NaN,NaN,NaN
6,NaN,NaN,NaN,NaN,NaN,NaN,NaN,NaN
7,NaN,NaN,NaN,NaN,NaN,NaN,NaN,NaN
8,NaN,NaN,NaN,NaN,NaN,NaN,NaN,NaN
9,NaN,NaN,NaN,NaN,NaN,NaN,NaN,NaN
10,NaN,NaN,NaN,NaN,NaN,NaN,NaN,NaN
11,NaN,NaN,NaN,NaN,NaN,NaN,NaN,NaN
1,NaN,NaN,NaN,NaN,NaN,NaN,NaN,NaN
2,NaN,NaN,NaN,NaN,NaN,NaN,NaN,NaN
3,NaN,NaN,NaN,NaN,NaN,NaN,NaN,NaN
4,NaN,NaN,NaN,NaN,NaN,NaN,NaN,NaN
5,NaN,NaN,NaN,NaN,NaN,NaN,NaN,NaN
6,NaN,NaN,NaN,NaN,NaN,NaN,NaN,NaN
7,NaN,NaN,NaN,NaN,NaN,NaN,NaN,NaN
8,NaN,NaN,NaN,NaN,NaN,NaN,NaN,NaN
9,NaN,NaN,NaN,NaN,NaN,NaN,NaN,NaN
10,NaN,NaN,NaN,NaN,NaN,NaN,NaN,NaN
11,NaN,NaN,NaN,NaN,NaN,NaN,NaN,NaN
1,NaN,NaN,NaN,NaN,NaN,NaN,NaN,NaN
2,NaN,NaN,NaN,NaN,NaN,NaN,NaN,NaN
3,NaN,NaN,NaN,NaN,NaN,NaN,NaN,NaN
4,NaN,NaN,NaN,NaN,NaN,NaN,NaN,NaN
5,NaN,NaN,NaN,NaN,NaN,NaN,NaN,NaN
6,NaN,NaN,NaN,NaN,NaN,NaN,NaN,NaN
7,NaN,NaN,NaN,NaN,NaN,NaN,NaN,NaN
8,NaN,NaN,NaN,NaN,NaN,NaN,NaN,NaN
9,NaN,NaN,NaN,NaN,NaN,NaN,NaN,NaN
10,NaN,NaN,NaN,NaN,NaN,NaN,NaN,NaN
11,NaN,NaN,NaN,NaN,NaN,NaN,NaN,NaN
1,NaN,NaN,NaN,NaN,NaN,NaN,NaN,NaN
2,NaN,NaN,NaN,NaN,NaN,NaN,NaN,NaN
3,NaN,NaN,NaN,NaN,NaN,NaN,NaN,NaN
4,NaN,NaN,NaN,NaN,NaN,NaN,NaN,NaN
5,NaN,NaN,NaN,NaN,NaN,NaN,NaN,NaN
6,NaN,NaN,NaN,NaN,NaN,NaN,NaN,NaN
7,NaN,NaN,NaN,NaN,NaN,NaN,NaN,NaN
8,NaN,NaN,NaN,NaN,NaN,NaN,NaN,NaN
9,NaN,NaN,NaN,NaN,NaN,NaN,NaN,NaN
10,NaN,NaN,NaN,NaN,NaN,NaN,NaN,NaN
11,NaN,NaN,NaN,NaN,NaN,NaN,NaN,NaN
1,NaN,NaN,NaN,NaN,NaN,NaN,NaN,NaN
2,NaN,NaN,NaN,NaN,NaN,NaN,NaN,NaN
3,NaN,NaN,NaN,NaN,NaN,NaN,NaN,NaN
4,NaN,NaN,NaN,NaN,NaN,NaN,NaN,NaN
5,NaN,NaN,NaN,NaN,NaN,NaN,NaN,NaN
6,NaN,NaN,NaN,NaN,NaN,NaN,NaN,NaN
7,NaN,NaN,NaN,NaN,NaN,NaN,NaN,NaN
8,NaN,NaN,NaN,NaN,NaN,NaN,NaN,NaN
9,NaN,NaN,NaN,NaN,NaN,NaN,NaN,NaN
10,NaN,NaN,NaN,NaN,NaN,NaN,NaN,NaN
11,NaN,NaN,NaN,NaN,NaN,NaN,NaN,NaN
1,NaN,NaN,NaN,NaN,NaN,NaN,NaN,NaN
2,NaN,NaN,NaN,NaN,NaN,NaN,NaN,NaN
3,NaN,NaN,NaN,NaN,NaN,NaN,NaN,NaN
4,NaN,NaN,NaN,NaN,NaN,NaN,NaN,NaN
5,NaN,NaN,NaN,NaN,NaN,NaN,NaN,NaN
6,NaN,NaN,NaN,NaN,NaN,NaN,NaN,NaN
7,NaN,NaN,NaN,NaN,NaN,NaN,NaN,NaN
8,NaN,NaN,NaN,NaN,NaN,NaN,NaN,NaN
9,NaN,NaN,NaN,NaN,NaN,NaN,NaN,NaN
10,NaN,NaN,NaN,NaN,NaN,NaN,NaN,NaN
11,NaN,NaN,NaN,NaN,NaN,NaN,NaN,NaN
1,NaN,NaN,NaN,NaN,NaN,NaN,NaN,NaN
2,NaN,NaN,NaN,NaN,NaN,NaN,NaN,NaN
3,NaN,NaN,NaN,NaN,NaN,NaN,NaN,NaN
4,NaN,NaN,NaN,NaN,NaN,NaN,NaN,NaN
5,NaN,NaN,NaN,NaN,NaN,NaN,NaN,NaN
6,NaN,NaN,NaN,NaN,NaN,NaN,NaN,NaN
7,NaN,NaN,NaN,NaN,NaN,NaN,NaN,NaN
8,NaN,NaN,NaN,NaN,NaN,NaN,NaN,NaN
9,NaN,NaN,NaN,NaN,NaN,NaN,NaN,NaN
10,NaN,NaN,NaN,NaN,NaN,NaN,NaN,NaN
11,NaN,NaN,NaN,NaN,NaN,NaN,NaN,NaN
1,NaN,NaN,NaN,NaN,NaN,NaN,NaN,NaN
2,NaN,NaN,NaN,NaN,NaN,NaN,NaN,NaN
3,NaN,NaN,NaN,NaN,NaN,NaN,NaN,NaN
4,NaN,NaN,NaN,NaN,NaN,NaN,NaN,NaN
5,NaN,NaN,NaN,NaN,NaN,NaN,NaN,NaN
6,NaN,NaN,NaN,NaN,NaN,NaN,NaN,NaN
7,NaN,NaN,NaN,NaN,NaN,NaN,NaN,NaN
8,NaN,NaN,NaN,NaN,NaN,NaN,NaN,NaN
9,NaN,NaN,NaN,NaN,NaN,NaN,NaN,NaN
10,NaN,NaN,NaN,NaN,NaN,NaN,NaN,NaN
11,NaN,NaN,NaN,NaN,NaN,NaN,NaN,NaN
1,NaN,NaN,NaN,NaN,NaN,NaN,NaN,NaN
2,NaN,NaN,NaN,NaN,NaN,NaN,NaN,NaN
3,NaN,NaN,NaN,NaN,NaN,NaN,NaN,NaN
4,NaN,NaN,NaN,NaN,NaN,NaN,NaN,NaN
5,NaN,NaN,NaN,NaN,NaN,NaN,NaN,NaN
6,NaN,NaN,NaN,NaN,NaN,NaN,NaN,NaN
7,NaN,NaN,NaN,NaN,NaN,NaN,NaN,NaN
8,NaN,NaN,NaN,NaN,NaN,NaN,NaN,NaN
9,NaN,NaN,NaN,NaN,NaN,NaN,NaN,NaN
10,NaN,NaN,NaN,NaN,NaN,NaN,NaN,NaN
11,NaN,NaN,NaN,NaN,NaN,NaN,NaN,NaN
1,NaN,NaN,NaN,NaN,NaN,NaN,NaN,NaN
2,NaN,NaN,NaN,NaN,NaN,NaN,NaN,NaN
3,NaN,NaN,NaN,NaN,NaN,NaN,NaN,NaN
4,NaN,NaN,NaN,NaN,NaN,NaN,NaN,NaN
5,NaN,NaN,NaN,NaN,NaN,NaN,NaN,NaN
6,NaN,NaN,NaN,NaN,NaN,NaN,NaN,NaN
7,NaN,NaN,NaN,NaN,NaN,NaN,NaN,NaN
8,NaN,NaN,NaN,NaN,NaN,NaN,NaN,NaN
9,NaN,NaN,NaN,NaN,NaN,NaN,NaN,NaN
10,NaN,NaN,NaN,NaN,NaN,NaN,NaN,NaN
11,NaN,NaN,NaN,NaN,NaN,NaN,NaN,NaN
1,NaN,NaN,NaN,NaN,NaN,NaN,NaN,NaN
2,NaN,NaN,NaN,NaN,NaN,NaN,NaN,NaN
3,NaN,NaN,NaN,NaN,NaN,NaN,NaN,NaN
4,NaN,NaN,NaN,NaN,NaN,NaN,NaN,NaN
5,NaN,NaN,NaN,NaN,NaN,NaN,NaN,NaN
6,NaN,NaN,NaN,NaN,NaN,NaN,NaN,NaN
7,NaN,NaN,NaN,NaN,NaN,NaN,NaN,NaN
8,NaN,NaN,NaN,NaN,NaN,NaN,NaN,NaN
9,NaN,NaN,NaN,NaN,NaN,NaN,NaN,NaN
10,NaN,NaN,NaN,NaN,NaN,NaN,NaN,NaN
11,NaN,NaN,NaN,NaN,NaN,NaN,NaN,NaN
1,NaN,NaN,NaN,NaN,NaN,NaN,NaN,NaN
2,NaN,NaN,NaN,NaN,NaN,NaN,NaN,NaN
3,NaN,NaN,NaN,NaN,NaN,NaN,NaN,NaN
4,NaN,NaN,NaN,NaN,NaN,NaN,NaN,NaN
5,NaN,NaN,NaN,NaN,NaN,NaN,NaN,NaN
6,NaN,NaN,NaN,NaN,NaN,NaN,NaN,NaN
7,NaN,NaN,NaN,NaN,NaN,NaN,NaN,NaN
8,NaN,NaN,NaN,NaN,NaN,NaN,NaN,NaN
9,NaN,NaN,NaN,NaN,NaN,NaN,NaN,NaN
10,NaN,NaN,NaN,NaN,NaN,NaN,NaN,NaN
11,NaN,NaN,NaN,NaN,NaN,NaN,NaN,NaN
1,NaN,NaN,NaN,NaN,NaN,NaN,NaN,NaN
2,NaN,NaN,NaN,NaN,NaN,NaN,NaN,NaN
3,NaN,NaN,NaN,NaN,NaN,NaN,NaN,NaN
4,NaN,NaN,NaN,NaN,NaN,NaN,NaN,NaN
5,NaN,NaN,NaN,NaN,NaN,NaN,NaN,NaN
6,NaN,NaN,NaN,NaN,NaN,NaN,NaN,NaN
7,NaN,NaN,NaN,NaN,NaN,NaN,NaN,NaN
8,NaN,NaN,NaN,NaN,NaN,NaN,NaN,NaN
9,NaN,NaN,NaN,NaN,NaN,NaN,NaN,NaN
10,NaN,NaN,NaN,NaN,NaN,NaN,NaN,NaN
11,NaN,NaN,NaN,NaN,NaN,NaN,NaN,NaN
1,NaN,NaN,NaN,NaN,NaN,NaN,NaN,NaN
2,NaN,NaN,NaN,NaN,NaN,NaN,NaN,NaN
3,NaN,NaN,NaN,NaN,NaN,NaN,NaN,NaN
4,NaN,NaN,NaN,NaN,NaN,NaN,NaN,NaN
5,NaN,NaN,NaN,NaN,NaN,NaN,NaN,NaN
6,NaN,NaN,NaN,NaN,NaN,NaN,NaN,NaN
7,NaN,NaN,NaN,NaN,NaN,NaN,NaN,NaN
8,NaN,NaN,NaN,NaN,NaN,NaN,NaN,NaN
9,NaN,NaN,NaN,NaN,NaN,NaN,NaN,NaN
10,NaN,NaN,NaN,NaN,NaN,NaN,NaN,NaN
11,NaN,NaN,NaN,NaN,NaN,NaN,NaN,NaN
1,NaN,NaN,NaN,NaN,NaN,NaN,NaN,NaN
2,NaN,NaN,NaN,NaN,NaN,NaN,NaN,NaN
3,NaN,NaN,NaN,NaN,NaN,NaN,NaN,NaN
4,NaN,NaN,NaN,NaN,NaN,NaN,NaN,NaN
5,NaN,NaN,NaN,NaN,NaN,NaN,NaN,NaN
6,NaN,NaN,NaN,NaN,NaN,NaN,NaN,NaN
7,NaN,NaN,NaN,NaN,NaN,NaN,NaN,NaN
8,NaN,NaN,NaN,NaN,NaN,NaN,NaN,NaN
9,NaN,NaN,NaN,NaN,NaN,NaN,NaN,NaN
10,NaN,NaN,NaN,NaN,NaN,NaN,NaN,NaN
11,NaN,NaN,NaN,NaN,NaN,NaN,NaN,NaN
1,NaN,NaN,NaN,NaN,NaN,NaN,NaN,NaN
2,NaN,NaN,NaN,NaN,NaN,NaN,NaN,NaN
3,NaN,NaN,NaN,NaN,NaN,NaN,NaN,NaN
4,NaN,NaN,NaN,NaN,NaN,NaN,NaN,NaN
5,NaN,NaN,NaN,NaN,NaN,NaN,NaN,NaN
6,NaN,NaN,NaN,NaN,NaN,NaN,NaN,NaN
7,NaN,NaN,NaN,NaN,NaN,NaN,NaN,NaN
8,NaN,NaN,NaN,NaN,NaN,NaN,NaN,NaN
9,NaN,NaN,NaN,NaN,NaN,NaN,NaN,NaN
10,NaN,NaN,NaN,NaN,NaN,NaN,NaN,NaN
11,NaN,NaN,NaN,NaN,NaN,NaN,NaN,NaN
1,NaN,NaN,NaN,NaN,NaN,NaN,NaN,NaN
2,NaN,NaN,NaN,NaN,NaN,NaN,NaN,NaN
3,NaN,NaN,NaN,NaN,NaN,NaN,NaN,NaN
4,NaN,NaN,NaN,NaN,NaN,NaN,NaN,NaN
5,NaN,NaN,NaN,NaN,NaN,NaN,NaN,NaN
6,NaN,NaN,NaN,NaN,NaN,NaN,NaN,NaN
7,NaN,NaN,NaN,NaN,NaN,NaN,NaN,NaN
8,NaN,NaN,NaN,NaN,NaN,NaN,NaN,NaN
9,NaN,NaN,NaN,NaN,NaN,NaN,NaN,NaN
10,NaN,NaN,NaN,NaN,NaN,NaN,NaN,NaN
11,NaN,NaN,NaN,NaN,NaN,NaN,NaN,NaN
1,NaN,NaN,NaN,NaN,NaN,NaN,NaN,NaN
2,NaN,NaN,NaN,NaN,NaN,NaN,NaN,NaN
3,NaN,NaN,NaN,NaN,NaN,NaN,NaN,NaN
4,NaN,NaN,NaN,NaN,NaN,NaN,NaN,NaN
5,NaN,NaN,NaN,NaN,NaN,NaN,NaN,NaN
6,NaN,NaN,NaN,NaN,NaN,NaN,NaN,NaN
7,NaN,NaN,NaN,NaN,NaN,NaN,NaN,NaN
8,NaN,NaN,NaN,NaN,NaN,NaN,NaN,NaN
9,NaN,NaN,NaN,NaN,NaN,NaN,NaN,NaN
10,NaN,NaN,NaN,NaN,NaN,NaN,NaN,NaN
11,NaN,NaN,NaN,NaN,NaN,NaN,NaN,NaN
1,NaN,NaN,NaN,NaN,NaN,NaN,NaN,NaN
2,NaN,NaN,NaN,NaN,NaN,NaN,NaN,NaN
3,NaN,NaN,NaN,NaN,NaN,NaN,NaN,NaN
4,NaN,NaN,NaN,NaN,NaN,NaN,NaN,NaN
5,NaN,NaN,NaN,NaN,NaN,NaN,NaN,NaN
6,NaN,NaN,NaN,NaN,NaN,NaN,NaN,NaN
7,NaN,NaN,NaN,NaN,NaN,NaN,NaN,NaN
8,NaN,NaN,NaN,NaN,NaN,NaN,NaN,NaN
9,NaN,NaN,NaN,NaN,NaN,NaN,NaN,NaN
10,NaN,NaN,NaN,NaN,NaN,NaN,NaN,NaN
11,NaN,NaN,NaN,NaN,NaN,NaN,NaN,NaN
1,NaN,NaN,NaN,NaN,NaN,NaN,NaN,NaN
2,NaN,NaN,NaN,NaN,NaN,NaN,NaN,NaN
3,NaN,NaN,NaN,NaN,NaN,NaN,NaN,NaN
4,NaN,NaN,NaN,NaN,NaN,NaN,NaN,NaN
5,NaN,NaN,NaN,NaN,NaN,NaN,NaN,NaN
6,NaN,NaN,NaN,NaN,NaN,NaN,NaN,NaN
7,NaN,NaN,NaN,NaN,NaN,NaN,NaN,NaN
8,NaN,NaN,NaN,NaN,NaN,NaN,NaN,NaN
9,NaN,NaN,NaN,NaN,NaN,NaN,NaN,NaN
10,NaN,NaN,NaN,NaN,NaN,NaN,NaN,NaN
11,NaN,NaN,NaN,NaN,NaN,NaN,NaN,NaN
1,NaN,NaN,NaN,NaN,NaN,NaN,NaN,NaN
2,NaN,NaN,NaN,NaN,NaN,NaN,NaN,NaN
3,NaN,NaN,NaN,NaN,NaN,NaN,NaN,NaN
4,NaN,NaN,NaN,NaN,NaN,NaN,NaN,NaN
5,NaN,NaN,NaN,NaN,NaN,NaN,NaN,NaN
6,NaN,NaN,NaN,NaN,NaN,NaN,NaN,NaN
7,NaN,NaN,NaN,NaN,NaN,NaN,NaN,NaN
8,NaN,NaN,NaN,NaN,NaN,NaN,NaN,NaN
9,NaN,NaN,NaN,NaN,NaN,NaN,NaN,NaN
10,NaN,NaN,NaN,NaN,NaN,NaN,NaN,NaN
11,NaN,NaN,NaN,NaN,NaN,NaN,NaN,NaN
1,NaN,NaN,NaN,NaN,NaN,NaN,NaN,NaN
2,NaN,NaN,NaN,NaN,NaN,NaN,NaN,NaN
3,NaN,NaN,NaN,NaN,NaN,NaN,NaN,NaN
4,NaN,NaN,NaN,NaN,NaN,NaN,NaN,NaN
5,NaN,NaN,NaN,NaN,NaN,NaN,NaN,NaN
6,NaN,NaN,NaN,NaN,NaN,NaN,NaN,NaN
7,NaN,NaN,NaN,NaN,NaN,NaN,NaN,NaN
8,NaN,NaN,NaN,NaN,NaN,NaN,NaN,NaN
9,NaN,NaN,NaN,NaN,NaN,NaN,NaN,NaN
10,NaN,NaN,NaN,NaN,NaN,NaN,NaN,NaN
11,NaN,NaN,NaN,NaN,NaN,NaN,NaN,NaN
1,NaN,NaN,NaN,NaN,NaN,NaN,NaN,NaN
2,NaN,NaN,NaN,NaN,NaN,NaN,NaN,NaN
3,NaN,NaN,NaN,NaN,NaN,NaN,NaN,NaN
4,NaN,NaN,NaN,NaN,NaN,NaN,NaN,NaN
5,NaN,NaN,NaN,NaN,NaN,NaN,NaN,NaN
6,NaN,NaN,NaN,NaN,NaN,NaN,NaN,NaN
7,NaN,NaN,NaN,NaN,NaN,NaN,NaN,NaN
8,NaN,NaN,NaN,NaN,NaN,NaN,NaN,NaN
9,NaN,NaN,NaN,NaN,NaN,NaN,NaN,NaN
10,NaN,NaN,NaN,NaN,NaN,NaN,NaN,NaN
11,NaN,NaN,NaN,NaN,NaN,NaN,NaN,NaN
1,NaN,NaN,NaN,NaN,NaN,NaN,NaN,NaN
2,NaN,NaN,NaN,NaN,NaN,NaN,NaN,NaN
3,NaN,NaN,NaN,NaN,NaN,NaN,NaN,NaN
4,NaN,NaN,NaN,NaN,NaN,NaN,NaN,NaN
5,NaN,NaN,NaN,NaN,NaN,NaN,NaN,NaN
6,NaN,NaN,NaN,NaN,NaN,NaN,NaN,NaN
7,NaN,NaN,NaN,NaN,NaN,NaN,NaN,NaN
8,NaN,NaN,NaN,NaN,NaN,NaN,NaN,NaN
9,NaN,NaN,NaN,NaN,NaN,NaN,NaN,NaN
10,NaN,NaN,NaN,NaN,NaN,NaN,NaN,NaN
11,NaN,NaN,NaN,NaN,NaN,NaN,NaN,NaN
1,NaN,NaN,NaN,NaN,NaN,NaN,NaN,NaN
2,NaN,NaN,NaN,NaN,NaN,NaN,NaN,NaN
3,NaN,NaN,NaN,NaN,NaN,NaN,NaN,NaN
4,NaN,NaN,NaN,NaN,NaN,NaN,NaN,NaN
5,NaN,NaN,NaN,NaN,NaN,NaN,NaN,NaN
6,NaN,NaN,NaN,NaN,NaN,NaN,NaN,NaN
7,NaN,NaN,NaN,NaN,NaN,NaN,NaN,NaN
8,NaN,NaN,NaN,NaN,NaN,NaN,NaN,NaN
9,NaN,NaN,NaN,NaN,NaN,NaN,NaN,NaN
10,NaN,NaN,NaN,NaN,NaN,NaN,NaN,NaN
11,NaN,NaN,NaN,NaN,NaN,NaN,NaN,NaN
1,NaN,NaN,NaN,NaN,NaN,NaN,NaN,NaN
2,NaN,NaN,NaN,NaN,NaN,NaN,NaN,NaN
3,NaN,NaN,NaN,NaN,NaN,NaN,NaN,NaN
4,NaN,NaN,NaN,NaN,NaN,NaN,NaN,NaN
5,NaN,NaN,NaN,NaN,NaN,NaN,NaN,NaN
6,NaN,NaN,NaN,NaN,NaN,NaN,NaN,NaN
7,NaN,NaN,NaN,NaN,NaN,NaN,NaN,NaN
8,NaN,NaN,NaN,NaN,NaN,NaN,NaN,NaN
9,NaN,NaN,NaN,NaN,NaN,NaN,NaN,NaN
10,NaN,NaN,NaN,NaN,NaN,NaN,NaN,NaN
11,NaN,NaN,NaN,NaN,NaN,NaN,NaN,NaN
1,NaN,NaN,NaN,NaN,NaN,NaN,NaN,NaN
2,NaN,NaN,NaN,NaN,NaN,NaN,NaN,NaN
3,NaN,NaN,NaN,NaN,NaN,NaN,NaN,NaN
4,NaN,NaN,NaN,NaN,NaN,NaN,NaN,NaN
5,NaN,NaN,NaN,NaN,NaN,NaN,NaN,NaN
6,NaN,NaN,NaN,NaN,NaN,NaN,NaN,NaN
7,NaN,NaN,NaN,NaN,NaN,NaN,NaN,NaN
8,NaN,NaN,NaN,NaN,NaN,NaN,NaN,NaN
9,NaN,NaN,NaN,NaN,NaN,NaN,NaN,NaN
10,NaN,NaN,NaN,NaN,NaN,NaN,NaN,NaN
11,NaN,NaN,NaN,NaN,NaN,NaN,NaN,NaN
1,NaN,NaN,NaN,NaN,NaN,NaN,NaN,NaN
2,NaN,NaN,NaN,NaN,NaN,NaN,NaN,NaN
3,NaN,NaN,NaN,NaN,NaN,NaN,NaN,NaN
4,NaN,NaN,NaN,NaN,NaN,NaN,NaN,NaN
5,NaN,NaN,NaN,NaN,NaN,NaN,NaN,NaN
6,NaN,NaN,NaN,NaN,NaN,NaN,NaN,NaN
7,NaN,NaN,NaN,NaN,NaN,NaN,NaN,NaN
8,NaN,NaN,NaN,NaN,NaN,NaN,NaN,NaN
9,NaN,NaN,NaN,NaN,NaN,NaN,NaN,NaN
10,NaN,NaN,NaN,NaN,NaN,NaN,NaN,NaN
11,NaN,NaN,NaN,NaN,NaN,NaN,NaN,NaN
1,NaN,NaN,NaN,NaN,NaN,NaN,NaN,NaN
2,NaN,NaN,NaN,NaN,NaN,NaN,NaN,NaN
3,NaN,NaN,NaN,NaN,NaN,NaN,NaN,NaN
4,NaN,NaN,NaN,NaN,NaN,NaN,NaN,NaN
5,NaN,NaN,NaN,NaN,NaN,NaN,NaN,NaN
6,NaN,NaN,NaN,NaN,NaN,NaN,NaN,NaN
7,NaN,NaN,NaN,NaN,NaN,NaN,NaN,NaN
8,NaN,NaN,NaN,NaN,NaN,NaN,NaN,NaN
9,NaN,NaN,NaN,NaN,NaN,NaN,NaN,NaN
10,NaN,NaN,NaN,NaN,NaN,NaN,NaN,NaN
11,NaN,NaN,NaN,NaN,NaN,NaN,NaN,NaN
1,NaN,NaN,NaN,NaN,NaN,NaN,NaN,NaN
2,NaN,NaN,NaN,NaN,NaN,NaN,NaN,NaN
3,NaN,NaN,NaN,NaN,NaN,NaN,NaN,NaN
4,NaN,NaN,NaN,NaN,NaN,NaN,NaN,NaN
5,NaN,NaN,NaN,NaN,NaN,NaN,NaN,NaN
6,NaN,NaN,NaN,NaN,NaN,NaN,NaN,NaN
7,NaN,NaN,NaN,NaN,NaN,NaN,NaN,NaN
8,NaN,NaN,NaN,NaN,NaN,NaN,NaN,NaN
9,NaN,NaN,NaN,NaN,NaN,NaN,NaN,NaN
10,NaN,NaN,NaN,NaN,NaN,NaN,NaN,NaN
11,NaN,NaN,NaN,NaN,NaN,NaN,NaN,NaN
1,NaN,NaN,NaN,NaN,NaN,NaN,NaN,NaN
2,NaN,NaN,NaN,NaN,NaN,NaN,NaN,NaN
3,NaN,NaN,NaN,NaN,NaN,NaN,NaN,NaN
4,NaN,NaN,NaN,NaN,NaN,NaN,NaN,NaN
5,NaN,NaN,NaN,NaN,NaN,NaN,NaN,NaN
6,NaN,NaN,NaN,NaN,NaN,NaN,NaN,NaN
7,NaN,NaN,NaN,NaN,NaN,NaN,NaN,NaN
8,NaN,NaN,NaN,NaN,NaN,NaN,NaN,NaN
9,NaN,NaN,NaN,NaN,NaN,NaN,NaN,NaN
10,NaN,NaN,NaN,NaN,NaN,NaN,NaN,NaN
11,NaN,NaN,NaN,NaN,NaN,NaN,NaN,NaN
1,NaN,NaN,NaN,NaN,NaN,NaN,NaN,NaN
2,NaN,NaN,NaN,NaN,NaN,NaN,NaN,NaN
3,NaN,NaN,NaN,NaN,NaN,NaN,NaN,NaN
4,NaN,NaN,NaN,NaN,NaN,NaN,NaN,NaN
5,NaN,NaN,NaN,NaN,NaN,NaN,NaN,NaN
6,NaN,NaN,NaN,NaN,NaN,NaN,NaN,NaN
7,NaN,NaN,NaN,NaN,NaN,NaN,NaN,NaN
8,NaN,NaN,NaN,NaN,NaN,NaN,NaN,NaN
9,NaN,NaN,NaN,NaN,NaN,NaN,NaN,NaN
10,NaN,NaN,NaN,NaN,NaN,NaN,NaN,NaN
11,NaN,NaN,NaN,NaN,NaN,NaN,NaN,NaN
1,NaN,NaN,NaN,NaN,NaN,NaN,NaN,NaN
2,NaN,NaN,NaN,NaN,NaN,NaN,NaN,NaN
3,NaN,NaN,NaN,NaN,NaN,NaN,NaN,NaN
4,NaN,NaN,NaN,NaN,NaN,NaN,NaN,NaN
5,NaN,NaN,NaN,NaN,NaN,NaN,NaN,NaN
6,NaN,NaN,NaN,NaN,NaN,NaN,NaN,NaN
7,NaN,NaN,NaN,NaN,NaN,NaN,NaN,NaN
8,NaN,NaN,NaN,NaN,NaN,NaN,NaN,NaN
9,NaN,NaN,NaN,NaN,NaN,NaN,NaN,NaN
10,NaN,NaN,NaN,NaN,NaN,NaN,NaN,NaN
11,NaN,NaN,NaN,NaN,NaN,NaN,NaN,NaN
1,NaN,NaN,NaN,NaN,NaN,NaN,NaN,NaN
2,NaN,NaN,NaN,NaN,NaN,NaN,NaN,NaN
3,NaN,NaN,NaN,NaN,NaN,NaN,NaN,NaN
4,NaN,NaN,NaN,NaN,NaN,NaN,NaN,NaN
5,NaN,NaN,NaN,NaN,NaN,NaN,NaN,NaN
6,NaN,NaN,NaN,NaN,NaN,NaN,NaN,NaN
7,NaN,NaN,NaN,NaN,NaN,NaN,NaN,NaN
8,NaN,NaN,NaN,NaN,NaN,NaN,NaN,NaN
9,NaN,NaN,NaN,NaN,NaN,NaN,NaN,NaN
10,NaN,NaN,NaN,NaN,NaN,NaN,NaN,NaN
11,NaN,NaN,NaN,NaN,NaN,NaN,NaN,NaN
1,NaN,NaN,NaN,NaN,NaN,NaN,NaN,NaN
2,NaN,NaN,NaN,NaN,NaN,NaN,NaN,NaN
3,NaN,NaN,NaN,NaN,NaN,NaN,NaN,NaN
4,NaN,NaN,NaN,NaN,NaN,NaN,NaN,NaN
5,NaN,NaN,NaN,NaN,NaN,NaN,NaN,NaN
6,NaN,NaN,NaN,NaN,NaN,NaN,NaN,NaN
7,NaN,NaN,NaN,NaN,NaN,NaN,NaN,NaN
8,NaN,NaN,NaN,NaN,NaN,NaN,NaN,NaN
9,NaN,NaN,NaN,NaN,NaN,NaN,NaN,NaN
10,NaN,NaN,NaN,NaN,NaN,NaN,NaN,NaN
11,NaN,NaN,NaN,NaN,NaN,NaN,NaN,NaN
1,NaN,NaN,NaN,NaN,NaN,NaN,NaN,NaN
2,NaN,NaN,NaN,NaN,NaN,NaN,NaN,NaN
3,NaN,NaN,NaN,NaN,NaN,NaN,NaN,NaN
4,NaN,NaN,NaN,NaN,NaN,NaN,NaN,NaN
5,NaN,NaN,NaN,NaN,NaN,NaN,NaN,NaN
6,NaN,NaN,NaN,NaN,NaN,NaN,NaN,NaN
7,NaN,NaN,NaN,NaN,NaN,NaN,NaN,NaN
8,NaN,NaN,NaN,NaN,NaN,NaN,NaN,NaN
9,NaN,NaN,NaN,NaN,NaN,NaN,NaN,NaN
10,NaN,NaN,NaN,NaN,NaN,NaN,NaN,NaN
11,NaN,NaN,NaN,NaN,NaN,NaN,NaN,NaN
1,NaN,NaN,NaN,NaN,NaN,NaN,NaN,NaN
2,NaN,NaN,NaN,NaN,NaN,NaN,NaN,NaN
3,NaN,NaN,NaN,NaN,NaN,NaN,NaN,NaN
4,NaN,NaN,NaN,NaN,NaN,NaN,NaN,NaN
5,NaN,NaN,NaN,NaN,NaN,NaN,NaN,NaN
6,NaN,NaN,NaN,NaN,NaN,NaN,NaN,NaN
7,NaN,NaN,NaN,NaN,NaN,NaN,NaN,NaN
8,NaN,NaN,NaN,NaN,NaN,NaN,NaN,NaN
9,NaN,NaN,NaN,NaN,NaN,NaN,NaN,NaN
10,NaN,NaN,NaN,NaN,NaN,NaN,NaN,NaN
11,NaN,NaN,NaN,NaN,NaN,NaN,NaN,NaN
1,NaN,NaN,NaN,NaN,NaN,NaN,NaN,NaN
2,NaN,NaN,NaN,NaN,NaN,NaN,NaN,NaN
3,NaN,NaN,NaN,NaN,NaN,NaN,NaN,NaN
4,NaN,NaN,NaN,NaN,NaN,NaN,NaN,NaN
5,NaN,NaN,NaN,NaN,NaN,NaN,NaN,NaN
6,NaN,NaN,NaN,NaN,NaN,NaN,NaN,NaN
7,NaN,NaN,NaN,NaN,NaN,NaN,NaN,NaN
8,NaN,NaN,NaN,NaN,NaN,NaN,NaN,NaN
9,NaN,NaN,NaN,NaN,NaN,NaN,NaN,NaN
10,NaN,NaN,NaN,NaN,NaN,NaN,NaN,NaN
11,NaN,NaN,NaN,NaN,NaN,NaN,NaN,NaN
1,NaN,NaN,NaN,NaN,NaN,NaN,NaN,NaN
2,NaN,NaN,NaN,NaN,NaN,NaN,NaN,NaN
3,NaN,NaN,NaN,NaN,NaN,NaN,NaN,NaN
4,NaN,NaN,NaN,NaN,NaN,NaN,NaN,NaN
5,NaN,NaN,NaN,NaN,NaN,NaN,NaN,NaN
6,NaN,NaN,NaN,NaN,NaN,NaN,NaN,NaN
7,NaN,NaN,NaN,NaN,NaN,NaN,NaN,NaN
8,NaN,NaN,NaN,NaN,NaN,NaN,NaN,NaN
9,NaN,NaN,NaN,NaN,NaN,NaN,NaN,NaN
10,NaN,NaN,NaN,NaN,NaN,NaN,NaN,NaN
11,NaN,NaN,NaN,NaN,NaN,NaN,NaN,NaN
1,NaN,NaN,NaN,NaN,NaN,NaN,NaN,NaN
2,NaN,NaN,NaN,NaN,NaN,NaN,NaN,NaN
3,NaN,NaN,NaN,NaN,NaN,NaN,NaN,NaN
4,NaN,NaN,NaN,NaN,NaN,NaN,NaN,NaN
5,NaN,NaN,NaN,NaN,NaN,NaN,NaN,NaN
6,NaN,NaN,NaN,NaN,NaN,NaN,NaN,NaN
7,NaN,NaN,NaN,NaN,NaN,NaN,NaN,NaN
8,NaN,NaN,NaN,NaN,NaN,NaN,NaN,NaN
9,NaN,NaN,NaN,NaN,NaN,NaN,NaN,NaN
10,NaN,NaN,NaN,NaN,NaN,NaN,NaN,NaN
11,NaN,NaN,NaN,NaN,NaN,NaN,NaN,NaN
1,NaN,NaN,NaN,NaN,NaN,NaN,NaN,NaN
2,NaN,NaN,NaN,NaN,NaN,NaN,NaN,NaN
3,NaN,NaN,NaN,NaN,NaN,NaN,NaN,NaN
4,NaN,NaN,NaN,NaN,NaN,NaN,NaN,NaN
5,NaN,NaN,NaN,NaN,NaN,NaN,NaN,NaN
6,NaN,NaN,NaN,NaN,NaN,NaN,NaN,NaN
7,NaN,NaN,NaN,NaN,NaN,NaN,NaN,NaN
8,NaN,NaN,NaN,NaN,NaN,NaN,NaN,NaN
9,NaN,NaN,NaN,NaN,NaN,NaN,NaN,NaN
10,NaN,NaN,NaN,NaN,NaN,NaN,NaN,NaN
11,NaN,NaN,NaN,NaN,NaN,NaN,NaN,NaN
1,NaN,NaN,NaN,NaN,NaN,NaN,NaN,NaN
2,NaN,NaN,NaN,NaN,NaN,NaN,NaN,NaN
3,NaN,NaN,NaN,NaN,NaN,NaN,NaN,NaN
4,NaN,NaN,NaN,NaN,NaN,NaN,NaN,NaN
5,NaN,NaN,NaN,NaN,NaN,NaN,NaN,NaN
6,NaN,NaN,NaN,NaN,NaN,NaN,NaN,NaN
7,NaN,NaN,NaN,NaN,NaN,NaN,NaN,NaN
8,NaN,NaN,NaN,NaN,NaN,NaN,NaN,NaN
9,NaN,NaN,NaN,NaN,NaN,NaN,NaN,NaN
10,NaN,NaN,NaN,NaN,NaN,NaN,NaN,NaN
11,NaN,NaN,NaN,NaN,NaN,NaN,NaN,NaN
1,NaN,NaN,NaN,NaN,NaN,NaN,NaN,NaN
2,NaN,NaN,NaN,NaN,NaN,NaN,NaN,NaN
3,NaN,NaN,NaN,NaN,NaN,NaN,NaN,NaN
4,NaN,NaN,NaN,NaN,NaN,NaN,NaN,NaN
5,NaN,NaN,NaN,NaN,NaN,NaN,NaN,NaN
6,NaN,NaN,NaN,NaN,NaN,NaN,NaN,NaN
7,NaN,NaN,NaN,NaN,NaN,NaN,NaN,NaN
8,NaN,NaN,NaN,NaN,NaN,NaN,NaN,NaN
9,NaN,NaN,NaN,NaN,NaN,NaN,NaN,NaN
10,NaN,NaN,NaN,NaN,NaN,NaN,NaN,NaN
11,NaN,NaN,NaN,NaN,NaN,NaN,NaN,NaN
1,NaN,NaN,NaN,NaN,NaN,NaN,NaN,NaN
2,NaN,NaN,NaN,NaN,NaN,NaN,NaN,NaN
3,NaN,NaN,NaN,NaN,NaN,NaN,NaN,NaN
4,NaN,NaN,NaN,NaN,NaN,NaN,NaN,NaN
5,NaN,NaN,NaN,NaN,NaN,NaN,NaN,NaN
6,NaN,NaN,NaN,NaN,NaN,NaN,NaN,NaN
7,NaN,NaN,NaN,NaN,NaN,NaN,NaN,NaN
8,NaN,NaN,NaN,NaN,NaN,NaN,NaN,NaN
9,NaN,NaN,NaN,NaN,NaN,NaN,NaN,NaN
10,NaN,NaN,NaN,NaN,NaN,NaN,NaN,NaN
11,NaN,NaN,NaN,NaN,NaN,NaN,NaN,NaN
1,NaN,NaN,NaN,NaN,NaN,NaN,NaN,NaN
2,NaN,NaN,NaN,NaN,NaN,NaN,NaN,NaN
3,NaN,NaN,NaN,NaN,NaN,NaN,NaN,NaN
4,NaN,NaN,NaN,NaN,NaN,NaN,NaN,NaN
5,NaN,NaN,NaN,NaN,NaN,NaN,NaN,NaN
6,NaN,NaN,NaN,NaN,NaN,NaN,NaN,NaN
7,NaN,NaN,NaN,NaN,NaN,NaN,NaN,NaN
8,NaN,NaN,NaN,NaN,NaN,NaN,NaN,NaN
9,NaN,NaN,NaN,NaN,NaN,NaN,NaN,NaN
10,NaN,NaN,NaN,NaN,NaN,NaN,NaN,NaN
11,NaN,NaN,NaN,NaN,NaN,NaN,NaN,NaN
1,NaN,NaN,NaN,NaN,NaN,NaN,NaN,NaN
2,NaN,NaN,NaN,NaN,NaN,NaN,NaN,NaN
3,NaN,NaN,NaN,NaN,NaN,NaN,NaN,NaN
4,NaN,NaN,NaN,NaN,NaN,NaN,NaN,NaN
5,NaN,NaN,NaN,NaN,NaN,NaN,NaN,NaN
6,NaN,NaN,NaN,NaN,NaN,NaN,NaN,NaN
7,NaN,NaN,NaN,NaN,NaN,NaN,NaN,NaN
8,NaN,NaN,NaN,NaN,NaN,NaN,NaN,NaN
9,NaN,NaN,NaN,NaN,NaN,NaN,NaN,NaN
10,NaN,NaN,NaN,NaN,NaN,NaN,NaN,NaN
11,NaN,NaN,NaN,NaN,NaN,NaN,NaN,NaN
1,NaN,NaN,NaN,NaN,NaN,NaN,NaN,NaN
2,NaN,NaN,NaN,NaN,NaN,NaN,NaN,NaN
3,NaN,NaN,NaN,NaN,NaN,NaN,NaN,NaN
4,NaN,NaN,NaN,NaN,NaN,NaN,NaN,NaN
5,NaN,NaN,NaN,NaN,NaN,NaN,NaN,NaN
6,NaN,NaN,NaN,NaN,NaN,NaN,NaN,NaN
7,NaN,NaN,NaN,NaN,NaN,NaN,NaN,NaN
8,NaN,NaN,NaN,NaN,NaN,NaN,NaN,NaN
9,NaN,NaN,NaN,NaN,NaN,NaN,NaN,NaN
10,NaN,NaN,NaN,NaN,NaN,NaN,NaN,NaN
11,NaN,NaN,NaN,NaN,NaN,NaN,NaN,NaN
1,NaN,NaN,NaN,NaN,NaN,NaN,NaN,NaN
2,NaN,NaN,NaN,NaN,NaN,NaN,NaN,NaN
3,NaN,NaN,NaN,NaN,NaN,NaN,NaN,NaN
4,NaN,NaN,NaN,NaN,NaN,NaN,NaN,NaN
5,NaN,NaN,NaN,NaN,NaN,NaN,NaN,NaN
6,NaN,NaN,NaN,NaN,NaN,NaN,NaN,NaN
7,NaN,NaN,NaN,NaN,NaN,NaN,NaN,NaN
8,NaN,NaN,NaN,NaN,NaN,NaN,NaN,NaN
9,NaN,NaN,NaN,NaN,NaN,NaN,NaN,NaN
10,NaN,NaN,NaN,NaN,NaN,NaN,NaN,NaN
11,NaN,NaN,NaN,NaN,NaN,NaN,NaN,NaN
1,NaN,NaN,NaN,NaN,NaN,NaN,NaN,NaN
2,NaN,NaN,NaN,NaN,NaN,NaN,NaN,NaN
3,NaN,NaN,NaN,NaN,NaN,NaN,NaN,NaN
4,NaN,NaN,NaN,NaN,NaN,NaN,NaN,NaN
5,NaN,NaN,NaN,NaN,NaN,NaN,NaN,NaN
6,NaN,NaN,NaN,NaN,NaN,NaN,NaN,NaN
7,NaN,NaN,NaN,NaN,NaN,NaN,NaN,NaN
8,NaN,NaN,NaN,NaN,NaN,NaN,NaN,NaN
9,NaN,NaN,NaN,NaN,NaN,NaN,NaN,NaN
10,NaN,NaN,NaN,NaN,NaN,NaN,NaN,NaN
11,NaN,NaN,NaN,NaN,NaN,NaN,NaN,NaN
1,NaN,NaN,NaN,NaN,NaN,NaN,NaN,NaN
2,NaN,NaN,NaN,NaN,NaN,NaN,NaN,NaN
3,NaN,NaN,NaN,NaN,NaN,NaN,NaN,NaN
4,NaN,NaN,NaN,NaN,NaN,NaN,NaN,NaN
5,NaN,NaN,NaN,NaN,NaN,NaN,NaN,NaN
6,NaN,NaN,NaN,NaN,NaN,NaN,NaN,NaN
7,NaN,NaN,NaN,NaN,NaN,NaN,NaN,NaN
8,NaN,NaN,NaN,NaN,NaN,NaN,NaN,NaN
9,NaN,NaN,NaN,NaN,NaN,NaN,NaN,NaN
10,NaN,NaN,NaN,NaN,NaN,NaN,NaN,NaN
11,NaN,NaN,NaN,NaN,NaN,NaN,NaN,NaN
1,NaN,NaN,NaN,NaN,NaN,NaN,NaN,NaN
2,NaN,NaN,NaN,NaN,NaN,NaN,NaN,NaN
3,NaN,NaN,NaN,NaN,NaN,NaN,NaN,NaN
4,NaN,NaN,NaN,NaN,NaN,NaN,NaN,NaN
5,NaN,NaN,NaN,NaN,NaN,NaN,NaN,NaN
6,NaN,NaN,NaN,NaN,NaN,NaN,NaN,NaN
7,NaN,NaN,NaN,NaN,NaN,NaN,NaN,NaN
8,NaN,NaN,NaN,NaN,NaN,NaN,NaN,NaN
9,NaN,NaN,NaN,NaN,NaN,NaN,NaN,NaN
10,NaN,NaN,NaN,NaN,NaN,NaN,NaN,NaN
11,NaN,NaN,NaN,NaN,NaN,NaN,NaN,NaN
1,NaN,NaN,NaN,NaN,NaN,NaN,NaN,NaN
2,NaN,NaN,NaN,NaN,NaN,NaN,NaN,NaN
3,NaN,NaN,NaN,NaN,NaN,NaN,NaN,NaN
4,NaN,NaN,NaN,NaN,NaN,NaN,NaN,NaN
5,NaN,NaN,NaN,NaN,NaN,NaN,NaN,NaN
6,NaN,NaN,NaN,NaN,NaN,NaN,NaN,NaN
7,NaN,NaN,NaN,NaN,NaN,NaN,NaN,NaN
8,NaN,NaN,NaN,NaN,NaN,NaN,NaN,NaN
9,NaN,NaN,NaN,NaN,NaN,NaN,NaN,NaN
10,NaN,NaN,NaN,NaN,NaN,NaN,NaN,NaN
11,NaN,NaN,NaN,NaN,NaN,NaN,NaN,NaN
1,NaN,NaN,NaN,NaN,NaN,NaN,NaN,NaN
2,NaN,NaN,NaN,NaN,NaN,NaN,NaN,NaN
3,NaN,NaN,NaN,NaN,NaN,NaN,NaN,NaN
4,NaN,NaN,NaN,NaN,NaN,NaN,NaN,NaN
5,NaN,NaN,NaN,NaN,NaN,NaN,NaN,NaN
6,NaN,NaN,NaN,NaN,NaN,NaN,NaN,NaN
7,NaN,NaN,NaN,NaN,NaN,NaN,NaN,NaN
8,NaN,NaN,NaN,NaN,NaN,NaN,NaN,NaN
9,NaN,NaN,NaN,NaN,NaN,NaN,NaN,NaN
10,NaN,NaN,NaN,NaN,NaN,NaN,NaN,NaN
11,NaN,NaN,NaN,NaN,NaN,NaN,NaN,NaN
1,NaN,NaN,NaN,NaN,NaN,NaN,NaN,NaN
2,NaN,NaN,NaN,NaN,NaN,NaN,NaN,NaN
3,NaN,NaN,NaN,NaN,NaN,NaN,NaN,NaN
4,NaN,NaN,NaN,NaN,NaN,NaN,NaN,NaN
5,NaN,NaN,NaN,NaN,NaN,NaN,NaN,NaN
6,NaN,NaN,NaN,NaN,NaN,NaN,NaN,NaN
7,NaN,NaN,NaN,NaN,NaN,NaN,NaN,NaN
8,NaN,NaN,NaN,NaN,NaN,NaN,NaN,NaN
9,NaN,NaN,NaN,NaN,NaN,NaN,NaN,NaN
10,NaN,NaN,NaN,NaN,NaN,NaN,NaN,NaN
11,NaN,NaN,NaN,NaN,NaN,NaN,NaN,NaN
1,NaN,NaN,NaN,NaN,NaN,NaN,NaN,NaN
2,NaN,NaN,NaN,NaN,NaN,NaN,NaN,NaN
3,NaN,NaN,NaN,NaN,NaN,NaN,NaN,NaN
4,NaN,NaN,NaN,NaN,NaN,NaN,NaN,NaN
5,NaN,NaN,NaN,NaN,NaN,NaN,NaN,NaN
6,NaN,NaN,NaN,NaN,NaN,NaN,NaN,NaN
7,NaN,NaN,NaN,NaN,NaN,NaN,NaN,NaN
8,NaN,NaN,NaN,NaN,NaN,NaN,NaN,NaN
9,NaN,NaN,NaN,NaN,NaN,NaN,NaN,NaN
10,NaN,NaN,NaN,NaN,NaN,NaN,NaN,NaN
11,NaN,NaN,NaN,NaN,NaN,NaN,NaN,NaN
1,NaN,NaN,NaN,NaN,NaN,NaN,NaN,NaN
2,NaN,NaN,NaN,NaN,NaN,NaN,NaN,NaN
3,NaN,NaN,NaN,NaN,NaN,NaN,NaN,NaN
4,NaN,NaN,NaN,NaN,NaN,NaN,NaN,NaN
5,NaN,NaN,NaN,NaN,NaN,NaN,NaN,NaN
6,NaN,NaN,NaN,NaN,NaN,NaN,NaN,NaN
7,NaN,NaN,NaN,NaN,NaN,NaN,NaN,NaN
8,NaN,NaN,NaN,NaN,NaN,NaN,NaN,NaN
9,NaN,NaN,NaN,NaN,NaN,NaN,NaN,NaN
10,NaN,NaN,NaN,NaN,NaN,NaN,NaN,NaN
11,NaN,NaN,NaN,NaN,NaN,NaN,NaN,NaN
1,NaN,NaN,NaN,NaN,NaN,NaN,NaN,NaN
2,NaN,NaN,NaN,NaN,NaN,NaN,NaN,NaN
3,NaN,NaN,NaN,NaN,NaN,NaN,NaN,NaN
4,NaN,NaN,NaN,NaN,NaN,NaN,NaN,NaN
5,NaN,NaN,NaN,NaN,NaN,NaN,NaN,NaN
6,NaN,NaN,NaN,NaN,NaN,NaN,NaN,NaN
7,NaN,NaN,NaN,NaN,NaN,NaN,NaN,NaN
8,NaN,NaN,NaN,NaN,NaN,NaN,NaN,NaN
9,NaN,NaN,NaN,NaN,NaN,NaN,NaN,NaN
10,NaN,NaN,NaN,NaN,NaN,NaN,NaN,NaN
11,NaN,NaN,NaN,NaN,NaN,NaN,NaN,NaN
1,NaN,NaN,NaN,NaN,NaN,NaN,NaN,NaN
2,NaN,NaN,NaN,NaN,NaN,NaN,NaN,NaN
3,NaN,NaN,NaN,NaN,NaN,NaN,NaN,NaN
4,NaN,NaN,NaN,NaN,NaN,NaN,NaN,NaN
5,NaN,NaN,NaN,NaN,NaN,NaN,NaN,NaN
6,NaN,NaN,NaN,NaN,NaN,NaN,NaN,NaN
7,NaN,NaN,NaN,NaN,NaN,NaN,NaN,NaN
8,NaN,NaN,NaN,NaN,NaN,NaN,NaN,NaN
9,NaN,NaN,NaN,NaN,NaN,NaN,NaN,NaN
10,NaN,NaN,NaN,NaN,NaN,NaN,NaN,NaN
11,NaN,NaN,NaN,NaN,NaN,NaN,NaN,NaN
1,NaN,NaN,NaN,NaN,NaN,NaN,NaN,NaN
2,NaN,NaN,NaN,NaN,NaN,NaN,NaN,NaN
3,NaN,NaN,NaN,NaN,NaN,NaN,NaN,NaN
4,NaN,NaN,NaN,NaN,NaN,NaN,NaN,NaN
5,NaN,NaN,NaN,NaN,NaN,NaN,NaN,NaN
6,NaN,NaN,NaN,NaN,NaN,NaN,NaN,NaN
7,NaN,NaN,NaN,NaN,NaN,NaN,NaN,NaN
8,NaN,NaN,NaN,NaN,NaN,NaN,NaN,NaN
9,NaN,NaN,NaN,NaN,NaN,NaN,NaN,NaN
10,NaN,NaN,NaN,NaN,NaN,NaN,NaN,NaN
11,NaN,NaN,NaN,NaN,NaN,NaN,NaN,NaN
1,NaN,NaN,NaN,NaN,NaN,NaN,NaN,NaN
2,NaN,NaN,NaN,NaN,NaN,NaN,NaN,NaN
3,NaN,NaN,NaN,NaN,NaN,NaN,NaN,NaN
4,NaN,NaN,NaN,NaN,NaN,NaN,NaN,NaN
5,NaN,NaN,NaN,NaN,NaN,NaN,NaN,NaN
6,NaN,NaN,NaN,NaN,NaN,NaN,NaN,NaN
7,NaN,NaN,NaN,NaN,NaN,NaN,NaN,NaN
8,NaN,NaN,NaN,NaN,NaN,NaN,NaN,NaN
9,NaN,NaN,NaN,NaN,NaN,NaN,NaN,NaN
10,NaN,NaN,NaN,NaN,NaN,NaN,NaN,NaN
11,NaN,NaN,NaN,NaN,NaN,NaN,NaN,NaN
1,NaN,NaN,NaN,NaN,NaN,NaN,NaN,NaN
2,NaN,NaN,NaN,NaN,NaN,NaN,NaN,NaN
3,NaN,NaN,NaN,NaN,NaN,NaN,NaN,NaN
4,NaN,NaN,NaN,NaN,NaN,NaN,NaN,NaN
5,NaN,NaN,NaN,NaN,NaN,NaN,NaN,NaN
6,NaN,NaN,NaN,NaN,NaN,NaN,NaN,NaN
7,NaN,NaN,NaN,NaN,NaN,NaN,NaN,NaN
8,NaN,NaN,NaN,NaN,NaN,NaN,NaN,NaN
9,NaN,NaN,NaN,NaN,NaN,NaN,NaN,NaN
10,NaN,NaN,NaN,NaN,NaN,NaN,NaN,NaN
11,NaN,NaN,NaN,NaN,NaN,NaN,NaN,NaN
1,NaN,NaN,NaN,NaN,NaN,NaN,NaN,NaN
2,NaN,NaN,NaN,NaN,NaN,NaN,NaN,NaN
3,NaN,NaN,NaN,NaN,NaN,NaN,NaN,NaN
4,NaN,NaN,NaN,NaN,NaN,NaN,NaN,NaN
5,NaN,NaN,NaN,NaN,NaN,NaN,NaN,NaN
6,NaN,NaN,NaN,NaN,NaN,NaN,NaN,NaN
7,NaN,NaN,NaN,NaN,NaN,NaN,NaN,NaN
8,NaN,NaN,NaN,NaN,NaN,NaN,NaN,NaN
9,NaN,NaN,NaN,NaN,NaN,NaN,NaN,NaN
10,NaN,NaN,NaN,NaN,NaN,NaN,NaN,NaN
11,NaN,NaN,NaN,NaN,NaN,NaN,NaN,NaN
1,NaN,NaN,NaN,NaN,NaN,NaN,NaN,NaN
2,NaN,NaN,NaN,NaN,NaN,NaN,NaN,NaN
3,NaN,NaN,NaN,NaN,NaN,NaN,NaN,NaN
4,NaN,NaN,NaN,NaN,NaN,NaN,NaN,NaN
5,NaN,NaN,NaN,NaN,NaN,NaN,NaN,NaN
6,NaN,NaN,NaN,NaN,NaN,NaN,NaN,NaN
7,NaN,NaN,NaN,NaN,NaN,NaN,NaN,NaN
8,NaN,NaN,NaN,NaN,NaN,NaN,NaN,NaN
9,NaN,NaN,NaN,NaN,NaN,NaN,NaN,NaN
10,NaN,NaN,NaN,NaN,NaN,NaN,NaN,NaN
11,NaN,NaN,NaN,NaN,NaN,NaN,NaN,NaN
1,NaN,NaN,NaN,NaN,NaN,NaN,NaN,NaN
2,NaN,NaN,NaN,NaN,NaN,NaN,NaN,NaN
3,NaN,NaN,NaN,NaN,NaN,NaN,NaN,NaN
4,NaN,NaN,NaN,NaN,NaN,NaN,NaN,NaN
5,NaN,NaN,NaN,NaN,NaN,NaN,NaN,NaN
6,NaN,NaN,NaN,NaN,NaN,NaN,NaN,NaN
7,NaN,NaN,NaN,NaN,NaN,NaN,NaN,NaN
8,NaN,NaN,NaN,NaN,NaN,NaN,NaN,NaN
9,NaN,NaN,NaN,NaN,NaN,NaN,NaN,NaN
10,NaN,NaN,NaN,NaN,NaN,NaN,NaN,NaN
11,NaN,NaN,NaN,NaN,NaN,NaN,NaN,NaN
1,NaN,NaN,NaN,NaN,NaN,NaN,NaN,NaN
2,NaN,NaN,NaN,NaN,NaN,NaN,NaN,NaN
3,NaN,NaN,NaN,NaN,NaN,NaN,NaN,NaN
4,NaN,NaN,NaN,NaN,NaN,NaN,NaN,NaN
5,NaN,NaN,NaN,NaN,NaN,NaN,NaN,NaN
6,NaN,NaN,NaN,NaN,NaN,NaN,NaN,NaN
7,NaN,NaN,NaN,NaN,NaN,NaN,NaN,NaN
8,NaN,NaN,NaN,NaN,NaN,NaN,NaN,NaN
9,NaN,NaN,NaN,NaN,NaN,NaN,NaN,NaN
10,NaN,NaN,NaN,NaN,NaN,NaN,NaN,NaN
11,NaN,NaN,NaN,NaN,NaN,NaN,NaN,NaN
1,NaN,NaN,NaN,NaN,NaN,NaN,NaN,NaN
2,NaN,NaN,NaN,NaN,NaN,NaN,NaN,NaN
3,NaN,NaN,NaN,NaN,NaN,NaN,NaN,NaN
4,NaN,NaN,NaN,NaN,NaN,NaN,NaN,NaN
5,NaN,NaN,NaN,NaN,NaN,NaN,NaN,NaN
6,NaN,NaN,NaN,NaN,NaN,NaN,NaN,NaN
7,NaN,NaN,NaN,NaN,NaN,NaN,NaN,NaN
8,NaN,NaN,NaN,NaN,NaN,NaN,NaN,NaN
9,NaN,NaN,NaN,NaN,NaN,NaN,NaN,NaN
10,NaN,NaN,NaN,NaN,NaN,NaN,NaN,NaN
11,NaN,NaN,NaN,NaN,NaN,NaN,NaN,NaN
1,NaN,NaN,NaN,NaN,NaN,NaN,NaN,NaN
2,NaN,NaN,NaN,NaN,NaN,NaN,NaN,NaN
3,NaN,NaN,NaN,NaN,NaN,NaN,NaN,NaN
4,NaN,NaN,NaN,NaN,NaN,NaN,NaN,NaN
5,NaN,NaN,NaN,NaN,NaN,NaN,NaN,NaN
6,NaN,NaN,NaN,NaN,NaN,NaN,NaN,NaN
7,NaN,NaN,NaN,NaN,NaN,NaN,NaN,NaN
8,NaN,NaN,NaN,NaN,NaN,NaN,NaN,NaN
9,NaN,NaN,NaN,NaN,NaN,NaN,NaN,NaN
10,NaN,NaN,NaN,NaN,NaN,NaN,NaN,NaN
11,NaN,NaN,NaN,NaN,NaN,NaN,NaN,NaN
1,NaN,NaN,NaN,NaN,NaN,NaN,NaN,NaN
2,NaN,NaN,NaN,NaN,NaN,NaN,NaN,NaN
3,NaN,NaN,NaN,NaN,NaN,NaN,NaN,NaN
4,NaN,NaN,NaN,NaN,NaN,NaN,NaN,NaN
5,NaN,NaN,NaN,NaN,NaN,NaN,NaN,NaN
6,NaN,NaN,NaN,NaN,NaN,NaN,NaN,NaN
7,NaN,NaN,NaN,NaN,NaN,NaN,NaN,NaN
8,NaN,NaN,NaN,NaN,NaN,NaN,NaN,NaN
9,NaN,NaN,NaN,NaN,NaN,NaN,NaN,NaN
10,NaN,NaN,NaN,NaN,NaN,NaN,NaN,NaN
11,NaN,NaN,NaN,NaN,NaN,NaN,NaN,NaN
1,NaN,NaN,NaN,NaN,NaN,NaN,NaN,NaN
2,NaN,NaN,NaN,NaN,NaN,NaN,NaN,NaN
3,NaN,NaN,NaN,NaN,NaN,NaN,NaN,NaN
4,NaN,NaN,NaN,NaN,NaN,NaN,NaN,NaN
5,NaN,NaN,NaN,NaN,NaN,NaN,NaN,NaN
6,NaN,NaN,NaN,NaN,NaN,NaN,NaN,NaN
7,NaN,NaN,NaN,NaN,NaN,NaN,NaN,NaN
8,NaN,NaN,NaN,NaN,NaN,NaN,NaN,NaN
9,NaN,NaN,NaN,NaN,NaN,NaN,NaN,NaN
10,NaN,NaN,NaN,NaN,NaN,NaN,NaN,NaN
11,NaN,NaN,NaN,NaN,NaN,NaN,NaN,NaN
1,NaN,NaN,NaN,NaN,NaN,NaN,NaN,NaN
2,NaN,NaN,NaN,NaN,NaN,NaN,NaN,NaN
3,NaN,NaN,NaN,NaN,NaN,NaN,NaN,NaN
4,NaN,NaN,NaN,NaN,NaN,NaN,NaN,NaN
5,NaN,NaN,NaN,NaN,NaN,NaN,NaN,NaN
6,NaN,NaN,NaN,NaN,NaN,NaN,NaN,NaN
7,NaN,NaN,NaN,NaN,NaN,NaN,NaN,NaN
8,NaN,NaN,NaN,NaN,NaN,NaN,NaN,NaN
9,NaN,NaN,NaN,NaN,NaN,NaN,NaN,NaN
10,NaN,NaN,NaN,NaN,NaN,NaN,NaN,NaN
11,NaN,NaN,NaN,NaN,NaN,NaN,NaN,NaN
1,NaN,NaN,NaN,NaN,NaN,NaN,NaN,NaN
2,NaN,NaN,NaN,NaN,NaN,NaN,NaN,NaN
3,NaN,NaN,NaN,NaN,NaN,NaN,NaN,NaN
4,NaN,NaN,NaN,NaN,NaN,NaN,NaN,NaN
5,NaN,NaN,NaN,NaN,NaN,NaN,NaN,NaN
6,NaN,NaN,NaN,NaN,NaN,NaN,NaN,NaN
7,NaN,NaN,NaN,NaN,NaN,NaN,NaN,NaN
8,NaN,NaN,NaN,NaN,NaN,NaN,NaN,NaN
9,NaN,NaN,NaN,NaN,NaN,NaN,NaN,NaN
10,NaN,NaN,NaN,NaN,NaN,NaN,NaN,NaN
11,NaN,NaN,NaN,NaN,NaN,NaN,NaN,NaN
1,NaN,NaN,NaN,NaN,NaN,NaN,NaN,NaN
2,NaN,NaN,NaN,NaN,NaN,NaN,NaN,NaN
3,NaN,NaN,NaN,NaN,NaN,NaN,NaN,NaN
4,NaN,NaN,NaN,NaN,NaN,NaN,NaN,NaN
5,NaN,NaN,NaN,NaN,NaN,NaN,NaN,NaN
6,NaN,NaN,NaN,NaN,NaN,NaN,NaN,NaN
7,NaN,NaN,NaN,NaN,NaN,NaN,NaN,NaN
8,NaN,NaN,NaN,NaN,NaN,NaN,NaN,NaN
9,NaN,NaN,NaN,NaN,NaN,NaN,NaN,NaN
10,NaN,NaN,NaN,NaN,NaN,NaN,NaN,NaN
11,NaN,NaN,NaN,NaN,NaN,NaN,NaN,NaN
1,NaN,NaN,NaN,NaN,NaN,NaN,NaN,NaN
2,NaN,NaN,NaN,NaN,NaN,NaN,NaN,NaN
3,NaN,NaN,NaN,NaN,NaN,NaN,NaN,NaN
4,NaN,NaN,NaN,NaN,NaN,NaN,NaN,NaN
5,NaN,NaN,NaN,NaN,NaN,NaN,NaN,NaN
6,NaN,NaN,NaN,NaN,NaN,NaN,NaN,NaN
7,NaN,NaN,NaN,NaN,NaN,NaN,NaN,NaN
8,NaN,NaN,NaN,NaN,NaN,NaN,NaN,NaN
9,NaN,NaN,NaN,NaN,NaN,NaN,NaN,NaN
10,NaN,NaN,NaN,NaN,NaN,NaN,NaN,NaN
11,NaN,NaN,NaN,NaN,NaN,NaN,NaN,NaN
1,NaN,NaN,NaN,NaN,NaN,NaN,NaN,NaN
2,NaN,NaN,NaN,NaN,NaN,NaN,NaN,NaN
3,NaN,NaN,NaN,NaN,NaN,NaN,NaN,NaN
4,NaN,NaN,NaN,NaN,NaN,NaN,NaN,NaN
5,NaN,NaN,NaN,NaN,NaN,NaN,NaN,NaN
6,NaN,NaN,NaN,NaN,NaN,NaN,NaN,NaN
7,NaN,NaN,NaN,NaN,NaN,NaN,NaN,NaN
8,NaN,NaN,NaN,NaN,NaN,NaN,NaN,NaN
9,NaN,NaN,NaN,NaN,NaN,NaN,NaN,NaN
10,NaN,NaN,NaN,NaN,NaN,NaN,NaN,NaN
11,NaN,NaN,NaN,NaN,NaN,NaN,NaN,NaN
1,NaN,NaN,NaN,NaN,NaN,NaN,NaN,NaN
2,NaN,NaN,NaN,NaN,NaN,NaN,NaN,NaN
3,NaN,NaN,NaN,NaN,NaN,NaN,NaN,NaN
4,NaN,NaN,NaN,NaN,NaN,NaN,NaN,NaN
5,NaN,NaN,NaN,NaN,NaN,NaN,NaN,NaN
6,NaN,NaN,NaN,NaN,NaN,NaN,NaN,NaN
7,NaN,NaN,NaN,NaN,NaN,NaN,NaN,NaN
8,NaN,NaN,NaN,NaN,NaN,NaN,NaN,NaN
9,NaN,NaN,NaN,NaN,NaN,NaN,NaN,NaN
10,NaN,NaN,NaN,NaN,NaN,NaN,NaN,NaN
11,NaN,NaN,NaN,NaN,NaN,NaN,NaN,NaN
1,NaN,NaN,NaN,NaN,NaN,NaN,NaN,NaN
2,NaN,NaN,NaN,NaN,NaN,NaN,NaN,NaN
3,NaN,NaN,NaN,NaN,NaN,NaN,NaN,NaN
4,NaN,NaN,NaN,NaN,NaN,NaN,NaN,NaN
5,NaN,NaN,NaN,NaN,NaN,NaN,NaN,NaN
6,NaN,NaN,NaN,NaN,NaN,NaN,NaN,NaN
7,NaN,NaN,NaN,NaN,NaN,NaN,NaN,NaN
8,NaN,NaN,NaN,NaN,NaN,NaN,NaN,NaN
9,NaN,NaN,NaN,NaN,NaN,NaN,NaN,NaN
10,NaN,NaN,NaN,NaN,NaN,NaN,NaN,NaN
11,NaN,NaN,NaN,NaN,NaN,NaN,NaN,NaN
1,NaN,NaN,NaN,NaN,NaN,NaN,NaN,NaN
2,NaN,NaN,NaN,NaN,NaN,NaN,NaN,NaN
3,NaN,NaN,NaN,NaN,NaN,NaN,NaN,NaN
4,NaN,NaN,NaN,NaN,NaN,NaN,NaN,NaN
5,NaN,NaN,NaN,NaN,NaN,NaN,NaN,NaN
6,NaN,NaN,NaN,NaN,NaN,NaN,NaN,NaN
7,NaN,NaN,NaN,NaN,NaN,NaN,NaN,NaN
8,NaN,NaN,NaN,NaN,NaN,NaN,NaN,NaN
9,NaN,NaN,NaN,NaN,NaN,NaN,NaN,NaN
10,NaN,NaN,NaN,NaN,NaN,NaN,NaN,NaN
11,NaN,NaN,NaN,NaN,NaN,NaN,NaN,NaN
1,NaN,NaN,NaN,NaN,NaN,NaN,NaN,NaN
2,NaN,NaN,NaN,NaN,NaN,NaN,NaN,NaN
3,NaN,NaN,NaN,NaN,NaN,NaN,NaN,NaN
4,NaN,NaN,NaN,NaN,NaN,NaN,NaN,NaN
5,NaN,NaN,NaN,NaN,NaN,NaN,NaN,NaN
6,NaN,NaN,NaN,NaN,NaN,NaN,NaN,NaN
7,NaN,NaN,NaN,NaN,NaN,NaN,NaN,NaN
8,NaN,NaN,NaN,NaN,NaN,NaN,NaN,NaN
9,NaN,NaN,NaN,NaN,NaN,NaN,NaN,NaN
10,NaN,NaN,NaN,NaN,NaN,NaN,NaN,NaN
11,NaN,NaN,NaN,NaN,NaN,NaN,NaN,NaN
1,NaN,NaN,NaN,NaN,NaN,NaN,NaN,NaN
2,NaN,NaN,NaN,NaN,NaN,NaN,NaN,NaN
3,NaN,NaN,NaN,NaN,NaN,NaN,NaN,NaN
4,NaN,NaN,NaN,NaN,NaN,NaN,NaN,NaN
5,NaN,NaN,NaN,NaN,NaN,NaN,NaN,NaN
6,NaN,NaN,NaN,NaN,NaN,NaN,NaN,NaN
7,NaN,NaN,NaN,NaN,NaN,NaN,NaN,NaN
8,NaN,NaN,NaN,NaN,NaN,NaN,NaN,NaN
9,NaN,NaN,NaN,NaN,NaN,NaN,NaN,NaN
10,NaN,NaN,NaN,NaN,NaN,NaN,NaN,NaN
11,NaN,NaN,NaN,NaN,NaN,NaN,NaN,NaN
1,NaN,NaN,NaN,NaN,NaN,NaN,NaN,NaN
2,NaN,NaN,NaN,NaN,NaN,NaN,NaN,NaN
3,NaN,NaN,NaN,NaN,NaN,NaN,NaN,NaN
4,NaN,NaN,NaN,NaN,NaN,NaN,NaN,NaN
5,NaN,NaN,NaN,NaN,NaN,NaN,NaN,NaN
6,NaN,NaN,NaN,NaN,NaN,NaN,NaN,NaN
7,NaN,NaN,NaN,NaN,NaN,NaN,NaN,NaN
8,NaN,NaN,NaN,NaN,NaN,NaN,NaN,NaN
9,NaN,NaN,NaN,NaN,NaN,NaN,NaN,NaN
10,NaN,NaN,NaN,NaN,NaN,NaN,NaN,NaN
11,NaN,NaN,NaN,NaN,NaN,NaN,NaN,NaN
1,NaN,NaN,NaN,NaN,NaN,NaN,NaN,NaN
2,NaN,NaN,NaN,NaN,NaN,NaN,NaN,NaN
3,NaN,NaN,NaN,NaN,NaN,NaN,NaN,NaN
4,NaN,NaN,NaN,NaN,NaN,NaN,NaN,NaN
5,NaN,NaN,NaN,NaN,NaN,NaN,NaN,NaN
6,NaN,NaN,NaN,NaN,NaN,NaN,NaN,NaN
7,NaN,NaN,NaN,NaN,NaN,NaN,NaN,NaN
8,NaN,NaN,NaN,NaN,NaN,NaN,NaN,NaN
9,NaN,NaN,NaN,NaN,NaN,NaN,NaN,NaN
10,NaN,NaN,NaN,NaN,NaN,NaN,NaN,NaN
11,NaN,NaN,NaN,NaN,NaN,NaN,NaN,NaN
1,NaN,NaN,NaN,NaN,NaN,NaN,NaN,NaN
2,NaN,NaN,NaN,NaN,NaN,NaN,NaN,NaN
3,NaN,NaN,NaN,NaN,NaN,NaN,NaN,NaN
4,NaN,NaN,NaN,NaN,NaN,NaN,NaN,NaN
5,NaN,NaN,NaN,NaN,NaN,NaN,NaN,NaN
6,NaN,NaN,NaN,NaN,NaN,NaN,NaN,NaN
7,NaN,NaN,NaN,NaN,NaN,NaN,NaN,NaN
8,NaN,NaN,NaN,NaN,NaN,NaN,NaN,NaN
9,NaN,NaN,NaN,NaN,NaN,NaN,NaN,NaN
10,NaN,NaN,NaN,NaN,NaN,NaN,NaN,NaN
11,NaN,NaN,NaN,NaN,NaN,NaN,NaN,NaN
1,NaN,NaN,NaN,NaN,NaN,NaN,NaN,NaN
2,NaN,NaN,NaN,NaN,NaN,NaN,NaN,NaN
3,NaN,NaN,NaN,NaN,NaN,NaN,NaN,NaN
4,NaN,NaN,NaN,NaN,NaN,NaN,NaN,NaN
5,NaN,NaN,NaN,NaN,NaN,NaN,NaN,NaN
6,NaN,NaN,NaN,NaN,NaN,NaN,NaN,NaN
7,NaN,NaN,NaN,NaN,NaN,NaN,NaN,NaN
8,NaN,NaN,NaN,NaN,NaN,NaN,NaN,NaN
9,NaN,NaN,NaN,NaN,NaN,NaN,NaN,NaN
10,NaN,NaN,NaN,NaN,NaN,NaN,NaN,NaN
11,NaN,NaN,NaN,NaN,NaN,NaN,NaN,NaN
1,NaN,NaN,NaN,NaN,NaN,NaN,NaN,NaN
2,NaN,NaN,NaN,NaN,NaN,NaN,NaN,NaN
3,NaN,NaN,NaN,NaN,NaN,NaN,NaN,NaN
4,NaN,NaN,NaN,NaN,NaN,NaN,NaN,NaN
5,NaN,NaN,NaN,NaN,NaN,NaN,NaN,NaN
6,NaN,NaN,NaN,NaN,NaN,NaN,NaN,NaN
7,NaN,NaN,NaN,NaN,NaN,NaN,NaN,NaN
8,NaN,NaN,NaN,NaN,NaN,NaN,NaN,NaN
9,NaN,NaN,NaN,NaN,NaN,NaN,NaN,NaN
10,NaN,NaN,NaN,NaN,NaN,NaN,NaN,NaN
11,NaN,NaN,NaN,NaN,NaN,NaN,NaN,NaN
1,NaN,NaN,NaN,NaN,NaN,NaN,NaN,NaN
2,NaN,NaN,NaN,NaN,NaN,NaN,NaN,NaN
3,NaN,NaN,NaN,NaN,NaN,NaN,NaN,NaN
4,NaN,NaN,NaN,NaN,NaN,NaN,NaN,NaN
5,NaN,NaN,NaN,NaN,NaN,NaN,NaN,NaN
6,NaN,NaN,NaN,NaN,NaN,NaN,NaN,NaN
7,NaN,NaN,NaN,NaN,NaN,NaN,NaN,NaN
8,NaN,NaN,NaN,NaN,NaN,NaN,NaN,NaN
9,NaN,NaN,NaN,NaN,NaN,NaN,NaN,NaN
10,NaN,NaN,NaN,NaN,NaN,NaN,NaN,NaN
11,NaN,NaN,NaN,NaN,NaN,NaN,NaN,NaN
1,NaN,NaN,NaN,NaN,NaN,NaN,NaN,NaN
2,NaN,NaN,NaN,NaN,NaN,NaN,NaN,NaN
3,NaN,NaN,NaN,NaN,NaN,NaN,NaN,NaN
4,NaN,NaN,NaN,NaN,NaN,NaN,NaN,NaN
5,NaN,NaN,NaN,NaN,NaN,NaN,NaN,NaN
6,NaN,NaN,NaN,NaN,NaN,NaN,NaN,NaN
7,NaN,NaN,NaN,NaN,NaN,NaN,NaN,NaN
8,NaN,NaN,NaN,NaN,NaN,NaN,NaN,NaN
9,NaN,NaN,NaN,NaN,NaN,NaN,NaN,NaN
10,NaN,NaN,NaN,NaN,NaN,NaN,NaN,NaN
11,NaN,NaN,NaN,NaN,NaN,NaN,NaN,NaN
1,NaN,NaN,NaN,NaN,NaN,NaN,NaN,NaN
2,NaN,NaN,NaN,NaN,NaN,NaN,NaN,NaN
3,NaN,NaN,NaN,NaN,NaN,NaN,NaN,NaN
4,NaN,NaN,NaN,NaN,NaN,NaN,NaN,NaN
5,NaN,NaN,NaN,NaN,NaN,NaN,NaN,NaN
6,NaN,NaN,NaN,NaN,NaN,NaN,NaN,NaN
7,NaN,NaN,NaN,NaN,NaN,NaN,NaN,NaN
8,NaN,NaN,NaN,NaN,NaN,NaN,NaN,NaN
9,NaN,NaN,NaN,NaN,NaN,NaN,NaN,NaN
10,NaN,NaN,NaN,NaN,NaN,NaN,NaN,NaN
11,NaN,NaN,NaN,NaN,NaN,NaN,NaN,NaN
1,NaN,NaN,NaN,NaN,NaN,NaN,NaN,NaN
2,NaN,NaN,NaN,NaN,NaN,NaN,NaN,NaN
3,NaN,NaN,NaN,NaN,NaN,NaN,NaN,NaN
4,NaN,NaN,NaN,NaN,NaN,NaN,NaN,NaN
5,NaN,NaN,NaN,NaN,NaN,NaN,NaN,NaN
6,NaN,NaN,NaN,NaN,NaN,NaN,NaN,NaN
7,NaN,NaN,NaN,NaN,NaN,NaN,NaN,NaN
8,NaN,NaN,NaN,NaN,NaN,NaN,NaN,NaN
9,NaN,NaN,NaN,NaN,NaN,NaN,NaN,NaN
10,NaN,NaN,NaN,NaN,NaN,NaN,NaN,NaN
11,NaN,NaN,NaN,NaN,NaN,NaN,NaN,NaN
1,NaN,NaN,NaN,NaN,NaN,NaN,NaN,NaN
2,NaN,NaN,NaN,NaN,NaN,NaN,NaN,NaN
3,NaN,NaN,NaN,NaN,NaN,NaN,NaN,NaN
4,NaN,NaN,NaN,NaN,NaN,NaN,NaN,NaN
5,NaN,NaN,NaN,NaN,NaN,NaN,NaN,NaN
6,NaN,NaN,NaN,NaN,NaN,NaN,NaN,NaN
7,NaN,NaN,NaN,NaN,NaN,NaN,NaN,NaN
8,NaN,NaN,NaN,NaN,NaN,NaN,NaN,NaN
9,NaN,NaN,NaN,NaN,NaN,NaN,NaN,NaN
10,NaN,NaN,NaN,NaN,NaN,NaN,NaN,NaN
11,NaN,NaN,NaN,NaN,NaN,NaN,NaN,NaN
1,NaN,NaN,NaN,NaN,NaN,NaN,NaN,NaN
2,NaN,NaN,NaN,NaN,NaN,NaN,NaN,NaN
3,NaN,NaN,NaN,NaN,NaN,NaN,NaN,NaN
4,NaN,NaN,NaN,NaN,NaN,NaN,NaN,NaN
5,NaN,NaN,NaN,NaN,NaN,NaN,NaN,NaN
6,NaN,NaN,NaN,NaN,NaN,NaN,NaN,NaN
7,NaN,NaN,NaN,NaN,NaN,NaN,NaN,NaN
8,NaN,NaN,NaN,NaN,NaN,NaN,NaN,NaN
9,NaN,NaN,NaN,NaN,NaN,NaN,NaN,NaN
10,NaN,NaN,NaN,NaN,NaN,NaN,NaN,NaN
11,NaN,NaN,NaN,NaN,NaN,NaN,NaN,NaN
1,NaN,NaN,NaN,NaN,NaN,NaN,NaN,NaN
2,NaN,NaN,NaN,NaN,NaN,NaN,NaN,NaN
3,NaN,NaN,NaN,NaN,NaN,NaN,NaN,NaN
4,NaN,NaN,NaN,NaN,NaN,NaN,NaN,NaN
5,NaN,NaN,NaN,NaN,NaN,NaN,NaN,NaN
6,NaN,NaN,NaN,NaN,NaN,NaN,NaN,NaN
7,NaN,NaN,NaN,NaN,NaN,NaN,NaN,NaN
8,NaN,NaN,NaN,NaN,NaN,NaN,NaN,NaN
9,NaN,NaN,NaN,NaN,NaN,NaN,NaN,NaN
10,NaN,NaN,NaN,NaN,NaN,NaN,NaN,NaN
11,NaN,NaN,NaN,NaN,NaN,NaN,NaN,NaN
1,NaN,NaN,NaN,NaN,NaN,NaN,NaN,NaN
2,NaN,NaN,NaN,NaN,NaN,NaN,NaN,NaN
3,NaN,NaN,NaN,NaN,NaN,NaN,NaN,NaN
4,NaN,NaN,NaN,NaN,NaN,NaN,NaN,NaN
5,NaN,NaN,NaN,NaN,NaN,NaN,NaN,NaN
6,NaN,NaN,NaN,NaN,NaN,NaN,NaN,NaN
7,NaN,NaN,NaN,NaN,NaN,NaN,NaN,NaN
8,NaN,NaN,NaN,NaN,NaN,NaN,NaN,NaN
9,NaN,NaN,NaN,NaN,NaN,NaN,NaN,NaN
10,NaN,NaN,NaN,NaN,NaN,NaN,NaN,NaN
11,NaN,NaN,NaN,NaN,NaN,NaN,NaN,NaN
1,NaN,NaN,NaN,NaN,NaN,NaN,NaN,NaN
2,NaN,NaN,NaN,NaN,NaN,NaN,NaN,NaN
3,NaN,NaN,NaN,NaN,NaN,NaN,NaN,NaN
4,NaN,NaN,NaN,NaN,NaN,NaN,NaN,NaN
5,NaN,NaN,NaN,NaN,NaN,NaN,NaN,NaN
6,NaN,NaN,NaN,NaN,NaN,NaN,NaN,NaN
7,NaN,NaN,NaN,NaN,NaN,NaN,NaN,NaN
8,NaN,NaN,NaN,NaN,NaN,NaN,NaN,NaN
9,NaN,NaN,NaN,NaN,NaN,NaN,NaN,NaN
10,NaN,NaN,NaN,NaN,NaN,NaN,NaN,NaN
11,NaN,NaN,NaN,NaN,NaN,NaN,NaN,NaN
1,NaN,NaN,NaN,NaN,NaN,NaN,NaN,NaN
2,NaN,NaN,NaN,NaN,NaN,NaN,NaN,NaN
3,NaN,NaN,NaN,NaN,NaN,NaN,NaN,NaN
4,NaN,NaN,NaN,NaN,NaN,NaN,NaN,NaN
5,NaN,NaN,NaN,NaN,NaN,NaN,NaN,NaN
6,NaN,NaN,NaN,NaN,NaN,NaN,NaN,NaN
7,NaN,NaN,NaN,NaN,NaN,NaN,NaN,NaN
8,NaN,NaN,NaN,NaN,NaN,NaN,NaN,NaN
9,NaN,NaN,NaN,NaN,NaN,NaN,NaN,NaN
10,NaN,NaN,NaN,NaN,NaN,NaN,NaN,NaN
11,NaN,NaN,NaN,NaN,NaN,NaN,NaN,NaN
1,NaN,NaN,NaN,NaN,NaN,NaN,NaN,NaN
2,NaN,NaN,NaN,NaN,NaN,NaN,NaN,NaN
3,NaN,NaN,NaN,NaN,NaN,NaN,NaN,NaN
4,NaN,NaN,NaN,NaN,NaN,NaN,NaN,NaN
5,NaN,NaN,NaN,NaN,NaN,NaN,NaN,NaN
6,NaN,NaN,NaN,NaN,NaN,NaN,NaN,NaN
7,NaN,NaN,NaN,NaN,NaN,NaN,NaN,NaN
8,NaN,NaN,NaN,NaN,NaN,NaN,NaN,NaN
9,NaN,NaN,NaN,NaN,NaN,NaN,NaN,NaN
10,NaN,NaN,NaN,NaN,NaN,NaN,NaN,NaN
11,NaN,NaN,NaN,NaN,NaN,NaN,NaN,NaN
1,NaN,NaN,NaN,NaN,NaN,NaN,NaN,NaN
2,NaN,NaN,NaN,NaN,NaN,NaN,NaN,NaN
3,NaN,NaN,NaN,NaN,NaN,NaN,NaN,NaN
4,NaN,NaN,NaN,NaN,NaN,NaN,NaN,NaN
5,NaN,NaN,NaN,NaN,NaN,NaN,NaN,NaN
6,NaN,NaN,NaN,NaN,NaN,NaN,NaN,NaN
7,NaN,NaN,NaN,NaN,NaN,NaN,NaN,NaN
8,NaN,NaN,NaN,NaN,NaN,NaN,NaN,NaN
9,NaN,NaN,NaN,NaN,NaN,NaN,NaN,NaN
10,NaN,NaN,NaN,NaN,NaN,NaN,NaN,NaN
11,NaN,NaN,NaN,NaN,NaN,NaN,NaN,NaN
1,NaN,NaN,NaN,NaN,NaN,NaN,NaN,NaN
2,NaN,NaN,NaN,NaN,NaN,NaN,NaN,NaN
3,NaN,NaN,NaN,NaN,NaN,NaN,NaN,NaN
4,NaN,NaN,NaN,NaN,NaN,NaN,NaN,NaN
5,NaN,NaN,NaN,NaN,NaN,NaN,NaN,NaN
6,NaN,NaN,NaN,NaN,NaN,NaN,NaN,NaN
7,NaN,NaN,NaN,NaN,NaN,NaN,NaN,NaN
8,NaN,NaN,NaN,NaN,NaN,NaN,NaN,NaN
9,NaN,NaN,NaN,NaN,NaN,NaN,NaN,NaN
10,NaN,NaN,NaN,NaN,NaN,NaN,NaN,NaN
11,NaN,NaN,NaN,NaN,NaN,NaN,NaN,NaN
1,NaN,NaN,NaN,NaN,NaN,NaN,NaN,NaN
2,NaN,NaN,NaN,NaN,NaN,NaN,NaN,NaN
3,NaN,NaN,NaN,NaN,NaN,NaN,NaN,NaN
4,NaN,NaN,NaN,NaN,NaN,NaN,NaN,NaN
5,NaN,NaN,NaN,NaN,NaN,NaN,NaN,NaN
6,NaN,NaN,NaN,NaN,NaN,NaN,NaN,NaN
7,NaN,NaN,NaN,NaN,NaN,NaN,NaN,NaN
8,NaN,NaN,NaN,NaN,NaN,NaN,NaN,NaN
9,NaN,NaN,NaN,NaN,NaN,NaN,NaN,NaN
10,NaN,NaN,NaN,NaN,NaN,NaN,NaN,NaN
11,NaN,NaN,NaN,NaN,NaN,NaN,NaN,NaN
1,NaN,NaN,NaN,NaN,NaN,NaN,NaN,NaN
2,NaN,NaN,NaN,NaN,NaN,NaN,NaN,NaN
3,NaN,NaN,NaN,NaN,NaN,NaN,NaN,NaN
4,NaN,NaN,NaN,NaN,NaN,NaN,NaN,NaN
5,NaN,NaN,NaN,NaN,NaN,NaN,NaN,NaN
6,NaN,NaN,NaN,NaN,NaN,NaN,NaN,NaN
7,NaN,NaN,NaN,NaN,NaN,NaN,NaN,NaN
8,NaN,NaN,NaN,NaN,NaN,NaN,NaN,NaN
9,NaN,NaN,NaN,NaN,NaN,NaN,NaN,NaN
10,NaN,NaN,NaN,NaN,NaN,NaN,NaN,NaN
11,NaN,NaN,NaN,NaN,NaN,NaN,NaN,NaN
1,NaN,NaN,NaN,NaN,NaN,NaN,NaN,NaN
2,NaN,NaN,NaN,NaN,NaN,NaN,NaN,NaN
3,NaN,NaN,NaN,NaN,NaN,NaN,NaN,NaN
4,NaN,NaN,NaN,NaN,NaN,NaN,NaN,NaN
5,NaN,NaN,NaN,NaN,NaN,NaN,NaN,NaN
6,NaN,NaN,NaN,NaN,NaN,NaN,NaN,NaN
7,NaN,NaN,NaN,NaN,NaN,NaN,NaN,NaN
8,NaN,NaN,NaN,NaN,NaN,NaN,NaN,NaN
9,NaN,NaN,NaN,NaN,NaN,NaN,NaN,NaN
10,NaN,NaN,NaN,NaN,NaN,NaN,NaN,NaN
11,NaN,NaN,NaN,NaN,NaN,NaN,NaN,NaN
1,NaN,NaN,NaN,NaN,NaN,NaN,NaN,NaN
2,NaN,NaN,NaN,NaN,NaN,NaN,NaN,NaN
3,NaN,NaN,NaN,NaN,NaN,NaN,NaN,NaN
4,NaN,NaN,NaN,NaN,NaN,NaN,NaN,NaN
5,NaN,NaN,NaN,NaN,NaN,NaN,NaN,NaN
6,NaN,NaN,NaN,NaN,NaN,NaN,NaN,NaN
7,NaN,NaN,NaN,NaN,NaN,NaN,NaN,NaN
8,NaN,NaN,NaN,NaN,NaN,NaN,NaN,NaN
9,NaN,NaN,NaN,NaN,NaN,NaN,NaN,NaN
10,NaN,NaN,NaN,NaN,NaN,NaN,NaN,NaN
11,NaN,NaN,NaN,NaN,NaN,NaN,NaN,NaN
1,NaN,NaN,NaN,NaN,NaN,NaN,NaN,NaN
2,NaN,NaN,NaN,NaN,NaN,NaN,NaN,NaN
3,NaN,NaN,NaN,NaN,NaN,NaN,NaN,NaN
4,NaN,NaN,NaN,NaN,NaN,NaN,NaN,NaN
5,NaN,NaN,NaN,NaN,NaN,NaN,NaN,NaN
6,NaN,NaN,NaN,NaN,NaN,NaN,NaN,NaN
7,NaN,NaN,NaN,NaN,NaN,NaN,NaN,NaN
8,NaN,NaN,NaN,NaN,NaN,NaN,NaN,NaN
9,NaN,NaN,NaN,NaN,NaN,NaN,NaN,NaN
10,NaN,NaN,NaN,NaN,NaN,NaN,NaN,NaN
11,NaN,NaN,NaN,NaN,NaN,NaN,NaN,NaN
1,NaN,NaN,NaN,NaN,NaN,NaN,NaN,NaN
2,NaN,NaN,NaN,NaN,NaN,NaN,NaN,NaN
3,NaN,NaN,NaN,NaN,NaN,NaN,NaN,NaN
4,NaN,NaN,NaN,NaN,NaN,NaN,NaN,NaN
5,NaN,NaN,NaN,NaN,NaN,NaN,NaN,NaN
6,NaN,NaN,NaN,NaN,NaN,NaN,NaN,NaN
7,NaN,NaN,NaN,NaN,NaN,NaN,NaN,NaN
8,NaN,NaN,NaN,NaN,NaN,NaN,NaN,NaN
9,NaN,NaN,NaN,NaN,NaN,NaN,NaN,NaN
10,NaN,NaN,NaN,NaN,NaN,NaN,NaN,NaN
11,NaN,NaN,NaN,NaN,NaN,NaN,NaN,NaN
1,NaN,NaN,NaN,NaN,NaN,NaN,NaN,NaN
2,NaN,NaN,NaN,NaN,NaN,NaN,NaN,NaN
3,NaN,NaN,NaN,NaN,NaN,NaN,NaN,NaN
4,NaN,NaN,NaN,NaN,NaN,NaN,NaN,NaN
5,NaN,NaN,NaN,NaN,NaN,NaN,NaN,NaN
6,NaN,NaN,NaN,NaN,NaN,NaN,NaN,NaN
7,NaN,NaN,NaN,NaN,NaN,NaN,NaN,NaN
8,NaN,NaN,NaN,NaN,NaN,NaN,NaN,NaN
9,NaN,NaN,NaN,NaN,NaN,NaN,NaN,NaN
10,NaN,NaN,NaN,NaN,NaN,NaN,NaN,NaN
11,NaN,NaN,NaN,NaN,NaN,NaN,NaN,NaN
1,NaN,NaN,NaN,NaN,NaN,NaN,NaN,NaN
2,NaN,NaN,NaN,NaN,NaN,NaN,NaN,NaN
3,NaN,NaN,NaN,NaN,NaN,NaN,NaN,NaN
4,NaN,NaN,NaN,NaN,NaN,NaN,NaN,NaN
5,NaN,NaN,NaN,NaN,NaN,NaN,NaN,NaN
6,NaN,NaN,NaN,NaN,NaN,NaN,NaN,NaN
7,NaN,NaN,NaN,NaN,NaN,NaN,NaN,NaN
8,NaN,NaN,NaN,NaN,NaN,NaN,NaN,NaN
9,NaN,NaN,NaN,NaN,NaN,NaN,NaN,NaN
10,NaN,NaN,NaN,NaN,NaN,NaN,NaN,NaN
11,NaN,NaN,NaN,NaN,NaN,NaN,NaN,NaN
1,NaN,NaN,NaN,NaN,NaN,NaN,NaN,NaN
2,NaN,NaN,NaN,NaN,NaN,NaN,NaN,NaN
3,NaN,NaN,NaN,NaN,NaN,NaN,NaN,NaN
4,NaN,NaN,NaN,NaN,NaN,NaN,NaN,NaN
5,NaN,NaN,NaN,NaN,NaN,NaN,NaN,NaN
6,NaN,NaN,NaN,NaN,NaN,NaN,NaN,NaN
7,NaN,NaN,NaN,NaN,NaN,NaN,NaN,NaN
8,NaN,NaN,NaN,NaN,NaN,NaN,NaN,NaN
9,NaN,NaN,NaN,NaN,NaN,NaN,NaN,NaN
10,NaN,NaN,NaN,NaN,NaN,NaN,NaN,NaN
11,NaN,NaN,NaN,NaN,NaN,NaN,NaN,NaN
1,NaN,NaN,NaN,NaN,NaN,NaN,NaN,NaN
2,NaN,NaN,NaN,NaN,NaN,NaN,NaN,NaN
3,NaN,NaN,NaN,NaN,NaN,NaN,NaN,NaN
4,NaN,NaN,NaN,NaN,NaN,NaN,NaN,NaN
5,NaN,NaN,NaN,NaN,NaN,NaN,NaN,NaN
6,NaN,NaN,NaN,NaN,NaN,NaN,NaN,NaN
7,NaN,NaN,NaN,NaN,NaN,NaN,NaN,NaN
8,NaN,NaN,NaN,NaN,NaN,NaN,NaN,NaN
9,NaN,NaN,NaN,NaN,NaN,NaN,NaN,NaN
10,NaN,NaN,NaN,NaN,NaN,NaN,NaN,NaN
11,NaN,NaN,NaN,NaN,NaN,NaN,NaN,NaN
1,NaN,NaN,NaN,NaN,NaN,NaN,NaN,NaN
2,NaN,NaN,NaN,NaN,NaN,NaN,NaN,NaN
3,NaN,NaN,NaN,NaN,NaN,NaN,NaN,NaN
4,NaN,NaN,NaN,NaN,NaN,NaN,NaN,NaN
5,NaN,NaN,NaN,NaN,NaN,NaN,NaN,NaN
6,NaN,NaN,NaN,NaN,NaN,NaN,NaN,NaN
7,NaN,NaN,NaN,NaN,NaN,NaN,NaN,NaN
8,NaN,NaN,NaN,NaN,NaN,NaN,NaN,NaN
9,NaN,NaN,NaN,NaN,NaN,NaN,NaN,NaN
10,NaN,NaN,NaN,NaN,NaN,NaN,NaN,NaN
11,NaN,NaN,NaN,NaN,NaN,NaN,NaN,NaN
1,NaN,NaN,NaN,NaN,NaN,NaN,NaN,NaN
2,NaN,NaN,NaN,NaN,NaN,NaN,NaN,NaN
3,NaN,NaN,NaN,NaN,NaN,NaN,NaN,NaN
4,NaN,NaN,NaN,NaN,NaN,NaN,NaN,NaN
5,NaN,NaN,NaN,NaN,NaN,NaN,NaN,NaN
6,NaN,NaN,NaN,NaN,NaN,NaN,NaN,NaN
7,NaN,NaN,NaN,NaN,NaN,NaN,NaN,NaN
8,NaN,NaN,NaN,NaN,NaN,NaN,NaN,NaN
9,NaN,NaN,NaN,NaN,NaN,NaN,NaN,NaN
10,NaN,NaN,NaN,NaN,NaN,NaN,NaN,NaN
11,NaN,NaN,NaN,NaN,NaN,NaN,NaN,NaN
1,NaN,NaN,NaN,NaN,NaN,NaN,NaN,NaN
2,NaN,NaN,NaN,NaN,NaN,NaN,NaN,NaN
3,NaN,NaN,NaN,NaN,NaN,NaN,NaN,NaN
4,NaN,NaN,NaN,NaN,NaN,NaN,NaN,NaN
5,NaN,NaN,NaN,NaN,NaN,NaN,NaN,NaN
6,NaN,NaN,NaN,NaN,NaN,NaN,NaN,NaN
7,NaN,NaN,NaN,NaN,NaN,NaN,NaN,NaN
8,NaN,NaN,NaN,NaN,NaN,NaN,NaN,NaN
9,NaN,NaN,NaN,NaN,NaN,NaN,NaN,NaN
10,NaN,NaN,NaN,NaN,NaN,NaN,NaN,NaN
11,NaN,NaN,NaN,NaN,NaN,NaN,NaN,NaN
1,NaN,NaN,NaN,NaN,NaN,NaN,NaN,NaN
2,NaN,NaN,NaN,NaN,NaN,NaN,NaN,NaN
3,NaN,NaN,NaN,NaN,NaN,NaN,NaN,NaN
4,NaN,NaN,NaN,NaN,NaN,NaN,NaN,NaN
5,NaN,NaN,NaN,NaN,NaN,NaN,NaN,NaN
6,NaN,NaN,NaN,NaN,NaN,NaN,NaN,NaN
7,NaN,NaN,NaN,NaN,NaN,NaN,NaN,NaN
8,NaN,NaN,NaN,NaN,NaN,NaN,NaN,NaN
9,NaN,NaN,NaN,NaN,NaN,NaN,NaN,NaN
10,NaN,NaN,NaN,NaN,NaN,NaN,NaN,NaN
11,NaN,NaN,NaN,NaN,NaN,NaN,NaN,NaN
1,NaN,NaN,NaN,NaN,NaN,NaN,NaN,NaN
2,NaN,NaN,NaN,NaN,NaN,NaN,NaN,NaN
3,NaN,NaN,NaN,NaN,NaN,NaN,NaN,NaN
4,NaN,NaN,NaN,NaN,NaN,NaN,NaN,NaN
5,NaN,NaN,NaN,NaN,NaN,NaN,NaN,NaN
6,NaN,NaN,NaN,NaN,NaN,NaN,NaN,NaN
7,NaN,NaN,NaN,NaN,NaN,NaN,NaN,NaN
8,NaN,NaN,NaN,NaN,NaN,NaN,NaN,NaN
9,NaN,NaN,NaN,NaN,NaN,NaN,NaN,NaN
10,NaN,NaN,NaN,NaN,NaN,NaN,NaN,NaN
11,NaN,NaN,NaN,NaN,NaN,NaN,NaN,NaN
1,NaN,NaN,NaN,NaN,NaN,NaN,NaN,NaN
2,NaN,NaN,NaN,NaN,NaN,NaN,NaN,NaN
3,NaN,NaN,NaN,NaN,NaN,NaN,NaN,NaN
4,NaN,NaN,NaN,NaN,NaN,NaN,NaN,NaN
5,NaN,NaN,NaN,NaN,NaN,NaN,NaN,NaN
6,NaN,NaN,NaN,NaN,NaN,NaN,NaN,NaN
7,NaN,NaN,NaN,NaN,NaN,NaN,NaN,NaN
8,NaN,NaN,NaN,NaN,NaN,NaN,NaN,NaN
9,NaN,NaN,NaN,NaN,NaN,NaN,NaN,NaN
10,NaN,NaN,NaN,NaN,NaN,NaN,NaN,NaN
11,NaN,NaN,NaN,NaN,NaN,NaN,NaN,NaN
1,NaN,NaN,NaN,NaN,NaN,NaN,NaN,NaN
2,NaN,NaN,NaN,NaN,NaN,NaN,NaN,NaN
3,NaN,NaN,NaN,NaN,NaN,NaN,NaN,NaN
4,NaN,NaN,NaN,NaN,NaN,NaN,NaN,NaN
5,NaN,NaN,NaN,NaN,NaN,NaN,NaN,NaN
6,NaN,NaN,NaN,NaN,NaN,NaN,NaN,NaN
7,NaN,NaN,NaN,NaN,NaN,NaN,NaN,NaN
8,NaN,NaN,NaN,NaN,NaN,NaN,NaN,NaN
9,NaN,NaN,NaN,NaN,NaN,NaN,NaN,NaN
10,NaN,NaN,NaN,NaN,NaN,NaN,NaN,NaN
11,NaN,NaN,NaN,NaN,NaN,NaN,NaN,NaN
1,NaN,NaN,NaN,NaN,NaN,NaN,NaN,NaN
2,NaN,NaN,NaN,NaN,NaN,NaN,NaN,NaN
3,NaN,NaN,NaN,NaN,NaN,NaN,NaN,NaN
4,NaN,NaN,NaN,NaN,NaN,NaN,NaN,NaN
5,NaN,NaN,NaN,NaN,NaN,NaN,NaN,NaN
6,NaN,NaN,NaN,NaN,NaN,NaN,NaN,NaN
7,NaN,NaN,NaN,NaN,NaN,NaN,NaN,NaN
8,NaN,NaN,NaN,NaN,NaN,NaN,NaN,NaN
9,NaN,NaN,NaN,NaN,NaN,NaN,NaN,NaN
10,NaN,NaN,NaN,NaN,NaN,NaN,NaN,NaN
11,NaN,NaN,NaN,NaN,NaN,NaN,NaN,NaN
1,NaN,NaN,NaN,NaN,NaN,NaN,NaN,NaN
2,NaN,NaN,NaN,NaN,NaN,NaN,NaN,NaN
3,NaN,NaN,NaN,NaN,NaN,NaN,NaN,NaN
4,NaN,NaN,NaN,NaN,NaN,NaN,NaN,NaN
5,NaN,NaN,NaN,NaN,NaN,NaN,NaN,NaN
6,NaN,NaN,NaN,NaN,NaN,NaN,NaN,NaN
7,NaN,NaN,NaN,NaN,NaN,NaN,NaN,NaN
8,NaN,NaN,NaN,NaN,NaN,NaN,NaN,NaN
9,NaN,NaN,NaN,NaN,NaN,NaN,NaN,NaN
10,NaN,NaN,NaN,NaN,NaN,NaN,NaN,NaN
11,NaN,NaN,NaN,NaN,NaN,NaN,NaN,NaN
1,NaN,NaN,NaN,NaN,NaN,NaN,NaN,NaN
2,NaN,NaN,NaN,NaN,NaN,NaN,NaN,NaN
3,NaN,NaN,NaN,NaN,NaN,NaN,NaN,NaN
4,NaN,NaN,NaN,NaN,NaN,NaN,NaN,NaN
5,NaN,NaN,NaN,NaN,NaN,NaN,NaN,NaN
6,NaN,NaN,NaN,NaN,NaN,NaN,NaN,NaN
7,NaN,NaN,NaN,NaN,NaN,NaN,NaN,NaN
8,NaN,NaN,NaN,NaN,NaN,NaN,NaN,NaN
9,NaN,NaN,NaN,NaN,NaN,NaN,NaN,NaN
10,NaN,NaN,NaN,NaN,NaN,NaN,NaN,NaN
11,NaN,NaN,NaN,NaN,NaN,NaN,NaN,NaN
1,NaN,NaN,NaN,NaN,NaN,NaN,NaN,NaN
2,NaN,NaN,NaN,NaN,NaN,NaN,NaN,NaN
3,NaN,NaN,NaN,NaN,NaN,NaN,NaN,NaN
4,NaN,NaN,NaN,NaN,NaN,NaN,NaN,NaN
5,NaN,NaN,NaN,NaN,NaN,NaN,NaN,NaN
6,NaN,NaN,NaN,NaN,NaN,NaN,NaN,NaN
7,NaN,NaN,NaN,NaN,NaN,NaN,NaN,NaN
8,NaN,NaN,NaN,NaN,NaN,NaN,NaN,NaN
9,NaN,NaN,NaN,NaN,NaN,NaN,NaN,NaN
10,NaN,NaN,NaN,NaN,NaN,NaN,NaN,NaN
11,NaN,NaN,NaN,NaN,NaN,NaN,NaN,NaN
1,NaN,NaN,NaN,NaN,NaN,NaN,NaN,NaN
2,NaN,NaN,NaN,NaN,NaN,NaN,NaN,NaN
3,NaN,NaN,NaN,NaN,NaN,NaN,NaN,NaN
4,NaN,NaN,NaN,NaN,NaN,NaN,NaN,NaN
5,NaN,NaN,NaN,NaN,NaN,NaN,NaN,NaN
6,NaN,NaN,NaN,NaN,NaN,NaN,NaN,NaN
7,NaN,NaN,NaN,NaN,NaN,NaN,NaN,NaN
8,NaN,NaN,NaN,NaN,NaN,NaN,NaN,NaN
9,NaN,NaN,NaN,NaN,NaN,NaN,NaN,NaN
10,NaN,NaN,NaN,NaN,NaN,NaN,NaN,NaN
11,NaN,NaN,NaN,NaN,NaN,NaN,NaN,NaN
1,NaN,NaN,NaN,NaN,NaN,NaN,NaN,NaN
2,NaN,NaN,NaN,NaN,NaN,NaN,NaN,NaN
3,NaN,NaN,NaN,NaN,NaN,NaN,NaN,NaN
4,NaN,NaN,NaN,NaN,NaN,NaN,NaN,NaN
5,NaN,NaN,NaN,NaN,NaN,NaN,NaN,NaN
6,NaN,NaN,NaN,NaN,NaN,NaN,NaN,NaN
7,NaN,NaN,NaN,NaN,NaN,NaN,NaN,NaN
8,NaN,NaN,NaN,NaN,NaN,NaN,NaN,NaN
9,NaN,NaN,NaN,NaN,NaN,NaN,NaN,NaN
10,NaN,NaN,NaN,NaN,NaN,NaN,NaN,NaN
11,NaN,NaN,NaN,NaN,NaN,NaN,NaN,NaN
1,NaN,NaN,NaN,NaN,NaN,NaN,NaN,NaN
2,NaN,NaN,NaN,NaN,NaN,NaN,NaN,NaN
3,NaN,NaN,NaN,NaN,NaN,NaN,NaN,NaN
4,NaN,NaN,NaN,NaN,NaN,NaN,NaN,NaN
5,NaN,NaN,NaN,NaN,NaN,NaN,NaN,NaN
6,NaN,NaN,NaN,NaN,NaN,NaN,NaN,NaN
7,NaN,NaN,NaN,NaN,NaN,NaN,NaN,NaN
8,NaN,NaN,NaN,NaN,NaN,NaN,NaN,NaN
9,NaN,NaN,NaN,NaN,NaN,NaN,NaN,NaN
10,NaN,NaN,NaN,NaN,NaN,NaN,NaN,NaN
11,NaN,NaN,NaN,NaN,NaN,NaN,NaN,NaN
1,NaN,NaN,NaN,NaN,NaN,NaN,NaN,NaN
2,NaN,NaN,NaN,NaN,NaN,NaN,NaN,NaN
3,NaN,NaN,NaN,NaN,NaN,NaN,NaN,NaN
4,NaN,NaN,NaN,NaN,NaN,NaN,NaN,NaN
5,NaN,NaN,NaN,NaN,NaN,NaN,NaN,NaN
6,NaN,NaN,NaN,NaN,NaN,NaN,NaN,NaN
7,NaN,NaN,NaN,NaN,NaN,NaN,NaN,NaN
8,NaN,NaN,NaN,NaN,NaN,NaN,NaN,NaN
9,NaN,NaN,NaN,NaN,NaN,NaN,NaN,NaN
10,NaN,NaN,NaN,NaN,NaN,NaN,NaN,NaN
11,NaN,NaN,NaN,NaN,NaN,NaN,NaN,NaN
1,NaN,NaN,NaN,NaN,NaN,NaN,NaN,NaN
2,NaN,NaN,NaN,NaN,NaN,NaN,NaN,NaN
3,NaN,NaN,NaN,NaN,NaN,NaN,NaN,NaN
4,NaN,NaN,NaN,NaN,NaN,NaN,NaN,NaN
5,NaN,NaN,NaN,NaN,NaN,NaN,NaN,NaN
6,NaN,NaN,NaN,NaN,NaN,NaN,NaN,NaN
7,NaN,NaN,NaN,NaN,NaN,NaN,NaN,NaN
8,NaN,NaN,NaN,NaN,NaN,NaN,NaN,NaN
9,NaN,NaN,NaN,NaN,NaN,NaN,NaN,NaN
10,NaN,NaN,NaN,NaN,NaN,NaN,NaN,NaN
11,NaN,NaN,NaN,NaN,NaN,NaN,NaN,NaN
1,NaN,NaN,NaN,NaN,NaN,NaN,NaN,NaN
2,NaN,NaN,NaN,NaN,NaN,NaN,NaN,NaN
3,NaN,NaN,NaN,NaN,NaN,NaN,NaN,NaN
4,NaN,NaN,NaN,NaN,NaN,NaN,NaN,NaN
5,NaN,NaN,NaN,NaN,NaN,NaN,NaN,NaN
6,NaN,NaN,NaN,NaN,NaN,NaN,NaN,NaN
7,NaN,NaN,NaN,NaN,NaN,NaN,NaN,NaN
8,NaN,NaN,NaN,NaN,NaN,NaN,NaN,NaN
9,NaN,NaN,NaN,NaN,NaN,NaN,NaN,NaN
10,NaN,NaN,NaN,NaN,NaN,NaN,NaN,NaN
11,NaN,NaN,NaN,NaN,NaN,NaN,NaN,NaN
1,NaN,NaN,NaN,NaN,NaN,NaN,NaN,NaN
2,NaN,NaN,NaN,NaN,NaN,NaN,NaN,NaN
3,NaN,NaN,NaN,NaN,NaN,NaN,NaN,NaN
4,NaN,NaN,NaN,NaN,NaN,NaN,NaN,NaN
5,NaN,NaN,NaN,NaN,NaN,NaN,NaN,NaN
6,NaN,NaN,NaN,NaN,NaN,NaN,NaN,NaN
7,NaN,NaN,NaN,NaN,NaN,NaN,NaN,NaN
8,NaN,NaN,NaN,NaN,NaN,NaN,NaN,NaN
9,NaN,NaN,NaN,NaN,NaN,NaN,NaN,NaN
10,NaN,NaN,NaN,NaN,NaN,NaN,NaN,NaN
11,NaN,NaN,NaN,NaN,NaN,NaN,NaN,NaN
1,NaN,NaN,NaN,NaN,NaN,NaN,NaN,NaN
2,NaN,NaN,NaN,NaN,NaN,NaN,NaN,NaN
3,NaN,NaN,NaN,NaN,NaN,NaN,NaN,NaN
4,NaN,NaN,NaN,NaN,NaN,NaN,NaN,NaN
5,NaN,NaN,NaN,NaN,NaN,NaN,NaN,NaN
6,NaN,NaN,NaN,NaN,NaN,NaN,NaN,NaN
7,NaN,NaN,NaN,NaN,NaN,NaN,NaN,NaN
8,NaN,NaN,NaN,NaN,NaN,NaN,NaN,NaN
9,NaN,NaN,NaN,NaN,NaN,NaN,NaN,NaN
10,NaN,NaN,NaN,NaN,NaN,NaN,NaN,NaN
11,NaN,NaN,NaN,NaN,NaN,NaN,NaN,NaN
1,NaN,NaN,NaN,NaN,NaN,NaN,NaN,NaN
2,NaN,NaN,NaN,NaN,NaN,NaN,NaN,NaN
3,NaN,NaN,NaN,NaN,NaN,NaN,NaN,NaN
4,NaN,NaN,NaN,NaN,NaN,NaN,NaN,NaN
5,NaN,NaN,NaN,NaN,NaN,NaN,NaN,NaN
6,NaN,NaN,NaN,NaN,NaN,NaN,NaN,NaN
7,NaN,NaN,NaN,NaN,NaN,NaN,NaN,NaN
8,NaN,NaN,NaN,NaN,NaN,NaN,NaN,NaN
9,NaN,NaN,NaN,NaN,NaN,NaN,NaN,NaN
10,NaN,NaN,NaN,NaN,NaN,NaN,NaN,NaN
11,NaN,NaN,NaN,NaN,NaN,NaN,NaN,NaN
1,NaN,NaN,NaN,NaN,NaN,NaN,NaN,NaN
2,NaN,NaN,NaN,NaN,NaN,NaN,NaN,NaN
3,NaN,NaN,NaN,NaN,NaN,NaN,NaN,NaN
4,NaN,NaN,NaN,NaN,NaN,NaN,NaN,NaN
5,NaN,NaN,NaN,NaN,NaN,NaN,NaN,NaN
6,NaN,NaN,NaN,NaN,NaN,NaN,NaN,NaN
7,NaN,NaN,NaN,NaN,NaN,NaN,NaN,NaN
8,NaN,NaN,NaN,NaN,NaN,NaN,NaN,NaN
9,NaN,NaN,NaN,NaN,NaN,NaN,NaN,NaN
10,NaN,NaN,NaN,NaN,NaN,NaN,NaN,NaN
11,NaN,NaN,NaN,NaN,NaN,NaN,NaN,NaN
1,NaN,NaN,NaN,NaN,NaN,NaN,NaN,NaN
2,NaN,NaN,NaN,NaN,NaN,NaN,NaN,NaN
3,NaN,NaN,NaN,NaN,NaN,NaN,NaN,NaN
4,NaN,NaN,NaN,NaN,NaN,NaN,NaN,NaN
5,NaN,NaN,NaN,NaN,NaN,NaN,NaN,NaN
6,NaN,NaN,NaN,NaN,NaN,NaN,NaN,NaN
7,NaN,NaN,NaN,NaN,NaN,NaN,NaN,NaN
8,NaN,NaN,NaN,NaN,NaN,NaN,NaN,NaN
9,NaN,NaN,NaN,NaN,NaN,NaN,NaN,NaN
10,NaN,NaN,NaN,NaN,NaN,NaN,NaN,NaN
11,NaN,NaN,NaN,NaN,NaN,NaN,NaN,NaN
1,NaN,NaN,NaN,NaN,NaN,NaN,NaN,NaN
2,NaN,NaN,NaN,NaN,NaN,NaN,NaN,NaN
3,NaN,NaN,NaN,NaN,NaN,NaN,NaN,NaN
4,NaN,NaN,NaN,NaN,NaN,NaN,NaN,NaN
5,NaN,NaN,NaN,NaN,NaN,NaN,NaN,NaN
6,NaN,NaN,NaN,NaN,NaN,NaN,NaN,NaN
7,NaN,NaN,NaN,NaN,NaN,NaN,NaN,NaN
8,NaN,NaN,NaN,NaN,NaN,NaN,NaN,NaN
9,NaN,NaN,NaN,NaN,NaN,NaN,NaN,NaN
10,NaN,NaN,NaN,NaN,NaN,NaN,NaN,NaN
11,NaN,NaN,NaN,NaN,NaN,NaN,NaN,NaN
1,NaN,NaN,NaN,NaN,NaN,NaN,NaN,NaN
2,NaN,NaN,NaN,NaN,NaN,NaN,NaN,NaN
3,NaN,NaN,NaN,NaN,NaN,NaN,NaN,NaN
4,NaN,NaN,NaN,NaN,NaN,NaN,NaN,NaN
5,NaN,NaN,NaN,NaN,NaN,NaN,NaN,NaN
6,NaN,NaN,NaN,NaN,NaN,NaN,NaN,NaN
7,NaN,NaN,NaN,NaN,NaN,NaN,NaN,NaN
8,NaN,NaN,NaN,NaN,NaN,NaN,NaN,NaN
9,NaN,NaN,NaN,NaN,NaN,NaN,NaN,NaN
10,NaN,NaN,NaN,NaN,NaN,NaN,NaN,NaN
11,NaN,NaN,NaN,NaN,NaN,NaN,NaN,NaN
1,NaN,NaN,NaN,NaN,NaN,NaN,NaN,NaN
2,NaN,NaN,NaN,NaN,NaN,NaN,NaN,NaN
3,NaN,NaN,NaN,NaN,NaN,NaN,NaN,NaN
4,NaN,NaN,NaN,NaN,NaN,NaN,NaN,NaN
5,NaN,NaN,NaN,NaN,NaN,NaN,NaN,NaN
6,NaN,NaN,NaN,NaN,NaN,NaN,NaN,NaN
7,NaN,NaN,NaN,NaN,NaN,NaN,NaN,NaN
8,NaN,NaN,NaN,NaN,NaN,NaN,NaN,NaN
9,NaN,NaN,NaN,NaN,NaN,NaN,NaN,NaN
10,NaN,NaN,NaN,NaN,NaN,NaN,NaN,NaN
11,NaN,NaN,NaN,NaN,NaN,NaN,NaN,NaN
1,NaN,NaN,NaN,NaN,NaN,NaN,NaN,NaN
2,NaN,NaN,NaN,NaN,NaN,NaN,NaN,NaN
3,NaN,NaN,NaN,NaN,NaN,NaN,NaN,NaN
4,NaN,NaN,NaN,NaN,NaN,NaN,NaN,NaN
5,NaN,NaN,NaN,NaN,NaN,NaN,NaN,NaN
6,NaN,NaN,NaN,NaN,NaN,NaN,NaN,NaN
7,NaN,NaN,NaN,NaN,NaN,NaN,NaN,NaN
8,NaN,NaN,NaN,NaN,NaN,NaN,NaN,NaN
9,NaN,NaN,NaN,NaN,NaN,NaN,NaN,NaN
10,NaN,NaN,NaN,NaN,NaN,NaN,NaN,NaN
11,NaN,NaN,NaN,NaN,NaN,NaN,NaN,NaN
1,NaN,NaN,NaN,NaN,NaN,NaN,NaN,NaN
2,NaN,NaN,NaN,NaN,NaN,NaN,NaN,NaN
3,NaN,NaN,NaN,NaN,NaN,NaN,NaN,NaN
4,NaN,NaN,NaN,NaN,NaN,NaN,NaN,NaN
5,NaN,NaN,NaN,NaN,NaN,NaN,NaN,NaN
6,NaN,NaN,NaN,NaN,NaN,NaN,NaN,NaN
7,NaN,NaN,NaN,NaN,NaN,NaN,NaN,NaN
8,NaN,NaN,NaN,NaN,NaN,NaN,NaN,NaN
9,NaN,NaN,NaN,NaN,NaN,NaN,NaN,NaN
10,NaN,NaN,NaN,NaN,NaN,NaN,NaN,NaN
11,NaN,NaN,NaN,NaN,NaN,NaN,NaN,NaN
1,NaN,NaN,NaN,NaN,NaN,NaN,NaN,NaN
2,NaN,NaN,NaN,NaN,NaN,NaN,NaN,NaN
3,NaN,NaN,NaN,NaN,NaN,NaN,NaN,NaN
4,NaN,NaN,NaN,NaN,NaN,NaN,NaN,NaN
5,NaN,NaN,NaN,NaN,NaN,NaN,NaN,NaN
6,NaN,NaN,NaN,NaN,NaN,NaN,NaN,NaN
7,NaN,NaN,NaN,NaN,NaN,NaN,NaN,NaN
8,NaN,NaN,NaN,NaN,NaN,NaN,NaN,NaN
9,NaN,NaN,NaN,NaN,NaN,NaN,NaN,NaN
10,NaN,NaN,NaN,NaN,NaN,NaN,NaN,NaN
11,NaN,NaN,NaN,NaN,NaN,NaN,NaN,NaN
1,NaN,NaN,NaN,NaN,NaN,NaN,NaN,NaN
2,NaN,NaN,NaN,NaN,NaN,NaN,NaN,NaN
3,NaN,NaN,NaN,NaN,NaN,NaN,NaN,NaN
4,NaN,NaN,NaN,NaN,NaN,NaN,NaN,NaN
5,NaN,NaN,NaN,NaN,NaN,NaN,NaN,NaN
6,NaN,NaN,NaN,NaN,NaN,NaN,NaN,NaN
7,NaN,NaN,NaN,NaN,NaN,NaN,NaN,NaN
8,NaN,NaN,NaN,NaN,NaN,NaN,NaN,NaN
9,NaN,NaN,NaN,NaN,NaN,NaN,NaN,NaN
10,NaN,NaN,NaN,NaN,NaN,NaN,NaN,NaN
11,NaN,NaN,NaN,NaN,NaN,NaN,NaN,NaN
1,NaN,NaN,NaN,NaN,NaN,NaN,NaN,NaN
2,NaN,NaN,NaN,NaN,NaN,NaN,NaN,NaN
3,NaN,NaN,NaN,NaN,NaN,NaN,NaN,NaN
4,NaN,NaN,NaN,NaN,NaN,NaN,NaN,NaN
5,NaN,NaN,NaN,NaN,NaN,NaN,NaN,NaN
6,NaN,NaN,NaN,NaN,NaN,NaN,NaN,NaN
7,NaN,NaN,NaN,NaN,NaN,NaN,NaN,NaN
8,NaN,NaN,NaN,NaN,NaN,NaN,NaN,NaN
9,NaN,NaN,NaN,NaN,NaN,NaN,NaN,NaN
10,NaN,NaN,NaN,NaN,NaN,NaN,NaN,NaN
11,NaN,NaN,NaN,NaN,NaN,NaN,NaN,NaN
1,NaN,NaN,NaN,NaN,NaN,NaN,NaN,NaN
2,NaN,NaN,NaN,NaN,NaN,NaN,NaN,NaN
3,NaN,NaN,NaN,NaN,NaN,NaN,NaN,NaN
4,NaN,NaN,NaN,NaN,NaN,NaN,NaN,NaN
5,NaN,NaN,NaN,NaN,NaN,NaN,NaN,NaN
6,NaN,NaN,NaN,NaN,NaN,NaN,NaN,NaN
7,NaN,NaN,NaN,NaN,NaN,NaN,NaN,NaN
8,NaN,NaN,NaN,NaN,NaN,NaN,NaN,NaN
9,NaN,NaN,NaN,NaN,NaN,NaN,NaN,NaN
10,NaN,NaN,NaN,NaN,NaN,NaN,NaN,NaN
11,NaN,NaN,NaN,NaN,NaN,NaN,NaN,NaN
1,NaN,NaN,NaN,NaN,NaN,NaN,NaN,NaN
2,NaN,NaN,NaN,NaN,NaN,NaN,NaN,NaN
3,NaN,NaN,NaN,NaN,NaN,NaN,NaN,NaN
4,NaN,NaN,NaN,NaN,NaN,NaN,NaN,NaN
5,NaN,NaN,NaN,NaN,NaN,NaN,NaN,NaN
6,NaN,NaN,NaN,NaN,NaN,NaN,NaN,NaN
7,NaN,NaN,NaN,NaN,NaN,NaN,NaN,NaN
8,NaN,NaN,NaN,NaN,NaN,NaN,NaN,NaN
9,NaN,NaN,NaN,NaN,NaN,NaN,NaN,NaN
10,NaN,NaN,NaN,NaN,NaN,NaN,NaN,NaN
11,NaN,NaN,NaN,NaN,NaN,NaN,NaN,NaN
1,NaN,NaN,NaN,NaN,NaN,NaN,NaN,NaN
2,NaN,NaN,NaN,NaN,NaN,NaN,NaN,NaN
3,NaN,NaN,NaN,NaN,NaN,NaN,NaN,NaN
4,NaN,NaN,NaN,NaN,NaN,NaN,NaN,NaN
5,NaN,NaN,NaN,NaN,NaN,NaN,NaN,NaN
6,NaN,NaN,NaN,NaN,NaN,NaN,NaN,NaN
7,NaN,NaN,NaN,NaN,NaN,NaN,NaN,NaN
8,NaN,NaN,NaN,NaN,NaN,NaN,NaN,NaN
9,NaN,NaN,NaN,NaN,NaN,NaN,NaN,NaN
10,NaN,NaN,NaN,NaN,NaN,NaN,NaN,NaN
11,NaN,NaN,NaN,NaN,NaN,NaN,NaN,NaN
1,NaN,NaN,NaN,NaN,NaN,NaN,NaN,NaN
2,NaN,NaN,NaN,NaN,NaN,NaN,NaN,NaN
3,NaN,NaN,NaN,NaN,NaN,NaN,NaN,NaN
4,NaN,NaN,NaN,NaN,NaN,NaN,NaN,NaN
5,NaN,NaN,NaN,NaN,NaN,NaN,NaN,NaN
6,NaN,NaN,NaN,NaN,NaN,NaN,NaN,NaN
7,NaN,NaN,NaN,NaN,NaN,NaN,NaN,NaN
8,NaN,NaN,NaN,NaN,NaN,NaN,NaN,NaN
9,NaN,NaN,NaN,NaN,NaN,NaN,NaN,NaN
10,NaN,NaN,NaN,NaN,NaN,NaN,NaN,NaN
11,NaN,NaN,NaN,NaN,NaN,NaN,NaN,NaN
1,NaN,NaN,NaN,NaN,NaN,NaN,NaN,NaN
2,NaN,NaN,NaN,NaN,NaN,NaN,NaN,NaN
3,NaN,NaN,NaN,NaN,NaN,NaN,NaN,NaN
4,NaN,NaN,NaN,NaN,NaN,NaN,NaN,NaN
5,NaN,NaN,NaN,NaN,NaN,NaN,NaN,NaN
6,NaN,NaN,NaN,NaN,NaN,NaN,NaN,NaN
7,NaN,NaN,NaN,NaN,NaN,NaN,NaN,NaN
8,NaN,NaN,NaN,NaN,NaN,NaN,NaN,NaN
9,NaN,NaN,NaN,NaN,NaN,NaN,NaN,NaN
10,NaN,NaN,NaN,NaN,NaN,NaN,NaN,NaN
11,NaN,NaN,NaN,NaN,NaN,NaN,NaN,NaN
1,NaN,NaN,NaN,NaN,NaN,NaN,NaN,NaN
2,NaN,NaN,NaN,NaN,NaN,NaN,NaN,NaN
3,NaN,NaN,NaN,NaN,NaN,NaN,NaN,NaN
4,NaN,NaN,NaN,NaN,NaN,NaN,NaN,NaN
5,NaN,NaN,NaN,NaN,NaN,NaN,NaN,NaN
6,NaN,NaN,NaN,NaN,NaN,NaN,NaN,NaN
7,NaN,NaN,NaN,NaN,NaN,NaN,NaN,NaN
8,NaN,NaN,NaN,NaN,NaN,NaN,NaN,NaN
9,NaN,NaN,NaN,NaN,NaN,NaN,NaN,NaN
10,NaN,NaN,NaN,NaN,NaN,NaN,NaN,NaN
11,NaN,NaN,NaN,NaN,NaN,NaN,NaN,NaN
1,NaN,NaN,NaN,NaN,NaN,NaN,NaN,NaN
2,NaN,NaN,NaN,NaN,NaN,NaN,NaN,NaN
3,NaN,NaN,NaN,NaN,NaN,NaN,NaN,NaN
4,NaN,NaN,NaN,NaN,NaN,NaN,NaN,NaN
5,NaN,NaN,NaN,NaN,NaN,NaN,NaN,NaN
6,NaN,NaN,NaN,NaN,NaN,NaN,NaN,NaN
7,NaN,NaN,NaN,NaN,NaN,NaN,NaN,NaN
8,NaN,NaN,NaN,NaN,NaN,NaN,NaN,NaN
9,NaN,NaN,NaN,NaN,NaN,NaN,NaN,NaN
10,NaN,NaN,NaN,NaN,NaN,NaN,NaN,NaN
11,NaN,NaN,NaN,NaN,NaN,NaN,NaN,NaN
1,NaN,NaN,NaN,NaN,NaN,NaN,NaN,NaN
2,NaN,NaN,NaN,NaN,NaN,NaN,NaN,NaN
3,NaN,NaN,NaN,NaN,NaN,NaN,NaN,NaN
4,NaN,NaN,NaN,NaN,NaN,NaN,NaN,NaN
5,NaN,NaN,NaN,NaN,NaN,NaN,NaN,NaN
6,NaN,NaN,NaN,NaN,NaN,NaN,NaN,NaN
7,NaN,NaN,NaN,NaN,NaN,NaN,NaN,NaN
8,NaN,NaN,NaN,NaN,NaN,NaN,NaN,NaN
9,NaN,NaN,NaN,NaN,NaN,NaN,NaN,NaN
10,NaN,NaN,NaN,NaN,NaN,NaN,NaN,NaN
11,NaN,NaN,NaN,NaN,NaN,NaN,NaN,NaN
1,NaN,NaN,NaN,NaN,NaN,NaN,NaN,NaN
2,NaN,NaN,NaN,NaN,NaN,NaN,NaN,NaN
3,NaN,NaN,NaN,NaN,NaN,NaN,NaN,NaN
4,NaN,NaN,NaN,NaN,NaN,NaN,NaN,NaN
5,NaN,NaN,NaN,NaN,NaN,NaN,NaN,NaN
6,NaN,NaN,NaN,NaN,NaN,NaN,NaN,NaN
7,NaN,NaN,NaN,NaN,NaN,NaN,NaN,NaN
8,NaN,NaN,NaN,NaN,NaN,NaN,NaN,NaN
9,NaN,NaN,NaN,NaN,NaN,NaN,NaN,NaN
10,NaN,NaN,NaN,NaN,NaN,NaN,NaN,NaN
11,NaN,NaN,NaN,NaN,NaN,NaN,NaN,NaN
1,NaN,NaN,NaN,NaN,NaN,NaN,NaN,NaN
2,NaN,NaN,NaN,NaN,NaN,NaN,NaN,NaN
3,NaN,NaN,NaN,NaN,NaN,NaN,NaN,NaN
4,NaN,NaN,NaN,NaN,NaN,NaN,NaN,NaN
5,NaN,NaN,NaN,NaN,NaN,NaN,NaN,NaN
6,NaN,NaN,NaN,NaN,NaN,NaN,NaN,NaN
7,NaN,NaN,NaN,NaN,NaN,NaN,NaN,NaN
8,NaN,NaN,NaN,NaN,NaN,NaN,NaN,NaN
9,NaN,NaN,NaN,NaN,NaN,NaN,NaN,NaN
10,NaN,NaN,NaN,NaN,NaN,NaN,NaN,NaN
11,NaN,NaN,NaN,NaN,NaN,NaN,NaN,NaN
1,NaN,NaN,NaN,NaN,NaN,NaN,NaN,NaN
2,NaN,NaN,NaN,NaN,NaN,NaN,NaN,NaN
3,NaN,NaN,NaN,NaN,NaN,NaN,NaN,NaN
4,NaN,NaN,NaN,NaN,NaN,NaN,NaN,NaN
5,NaN,NaN,NaN,NaN,NaN,NaN,NaN,NaN
6,NaN,NaN,NaN,NaN,NaN,NaN,NaN,NaN
7,NaN,NaN,NaN,NaN,NaN,NaN,NaN,NaN
8,NaN,NaN,NaN,NaN,NaN,NaN,NaN,NaN
9,NaN,NaN,NaN,NaN,NaN,NaN,NaN,NaN
10,NaN,NaN,NaN,NaN,NaN,NaN,NaN,NaN
11,NaN,NaN,NaN,NaN,NaN,NaN,NaN,NaN
1,NaN,NaN,NaN,NaN,NaN,NaN,NaN,NaN
2,NaN,NaN,NaN,NaN,NaN,NaN,NaN,NaN
3,NaN,NaN,NaN,NaN,NaN,NaN,NaN,NaN
4,NaN,NaN,NaN,NaN,NaN,NaN,NaN,NaN
5,NaN,NaN,NaN,NaN,NaN,NaN,NaN,NaN
6,NaN,NaN,NaN,NaN,NaN,NaN,NaN,NaN
7,NaN,NaN,NaN,NaN,NaN,NaN,NaN,NaN
8,NaN,NaN,NaN,NaN,NaN,NaN,NaN,NaN
9,NaN,NaN,NaN,NaN,NaN,NaN,NaN,NaN
10,NaN,NaN,NaN,NaN,NaN,NaN,NaN,NaN
11,NaN,NaN,NaN,NaN,NaN,NaN,NaN,NaN
1,NaN,NaN,NaN,NaN,NaN,NaN,NaN,NaN
2,NaN,NaN,NaN,NaN,NaN,NaN,NaN,NaN
3,NaN,NaN,NaN,NaN,NaN,NaN,NaN,NaN
4,NaN,NaN,NaN,NaN,NaN,NaN,NaN,NaN
5,NaN,NaN,NaN,NaN,NaN,NaN,NaN,NaN
6,NaN,NaN,NaN,NaN,NaN,NaN,NaN,NaN
7,NaN,NaN,NaN,NaN,NaN,NaN,NaN,NaN
8,NaN,NaN,NaN,NaN,NaN,NaN,NaN,NaN
9,NaN,NaN,NaN,NaN,NaN,NaN,NaN,NaN
10,NaN,NaN,NaN,NaN,NaN,NaN,NaN,NaN
11,NaN,NaN,NaN,NaN,NaN,NaN,NaN,NaN
1,NaN,NaN,NaN,NaN,NaN,NaN,NaN,NaN
2,NaN,NaN,NaN,NaN,NaN,NaN,NaN,NaN
3,NaN,NaN,NaN,NaN,NaN,NaN,NaN,NaN
4,NaN,NaN,NaN,NaN,NaN,NaN,NaN,NaN
5,NaN,NaN,NaN,NaN,NaN,NaN,NaN,NaN
6,NaN,NaN,NaN,NaN,NaN,NaN,NaN,NaN
7,NaN,NaN,NaN,NaN,NaN,NaN,NaN,NaN
8,NaN,NaN,NaN,NaN,NaN,NaN,NaN,NaN
9,NaN,NaN,NaN,NaN,NaN,NaN,NaN,NaN
10,NaN,NaN,NaN,NaN,NaN,NaN,NaN,NaN
11,NaN,NaN,NaN,NaN,NaN,NaN,NaN,NaN
1,NaN,NaN,NaN,NaN,NaN,NaN,NaN,NaN
2,NaN,NaN,NaN,NaN,NaN,NaN,NaN,NaN
3,NaN,NaN,NaN,NaN,NaN,NaN,NaN,NaN
4,NaN,NaN,NaN,NaN,NaN,NaN,NaN,NaN
5,NaN,NaN,NaN,NaN,NaN,NaN,NaN,NaN
6,NaN,NaN,NaN,NaN,NaN,NaN,NaN,NaN
7,NaN,NaN,NaN,NaN,NaN,NaN,NaN,NaN
8,NaN,NaN,NaN,NaN,NaN,NaN,NaN,NaN
9,NaN,NaN,NaN,NaN,NaN,NaN,NaN,NaN
10,NaN,NaN,NaN,NaN,NaN,NaN,NaN,NaN
11,NaN,NaN,NaN,NaN,NaN,NaN,NaN,NaN
1,NaN,NaN,NaN,NaN,NaN,NaN,NaN,NaN
2,NaN,NaN,NaN,NaN,NaN,NaN,NaN,NaN
3,NaN,NaN,NaN,NaN,NaN,NaN,NaN,NaN
4,NaN,NaN,NaN,NaN,NaN,NaN,NaN,NaN
5,NaN,NaN,NaN,NaN,NaN,NaN,NaN,NaN
6,NaN,NaN,NaN,NaN,NaN,NaN,NaN,NaN
7,NaN,NaN,NaN,NaN,NaN,NaN,NaN,NaN
8,NaN,NaN,NaN,NaN,NaN,NaN,NaN,NaN
9,NaN,NaN,NaN,NaN,NaN,NaN,NaN,NaN
10,NaN,NaN,NaN,NaN,NaN,NaN,NaN,NaN
11,NaN,NaN,NaN,NaN,NaN,NaN,NaN,NaN
1,NaN,NaN,NaN,NaN,NaN,NaN,NaN,NaN
2,NaN,NaN,NaN,NaN,NaN,NaN,NaN,NaN
3,NaN,NaN,NaN,NaN,NaN,NaN,NaN,NaN
4,NaN,NaN,NaN,NaN,NaN,NaN,NaN,NaN
5,NaN,NaN,NaN,NaN,NaN,NaN,NaN,NaN
6,NaN,NaN,NaN,NaN,NaN,NaN,NaN,NaN
7,NaN,NaN,NaN,NaN,NaN,NaN,NaN,NaN
8,NaN,NaN,NaN,NaN,NaN,NaN,NaN,NaN
9,NaN,NaN,NaN,NaN,NaN,NaN,NaN,NaN
10,NaN,NaN,NaN,NaN,NaN,NaN,NaN,NaN
11,NaN,NaN,NaN,NaN,NaN,NaN,NaN,NaN
1,NaN,NaN,NaN,NaN,NaN,NaN,NaN,NaN
2,NaN,NaN,NaN,NaN,NaN,NaN,NaN,NaN
3,NaN,NaN,NaN,NaN,NaN,NaN,NaN,NaN
4,NaN,NaN,NaN,NaN,NaN,NaN,NaN,NaN
5,NaN,NaN,NaN,NaN,NaN,NaN,NaN,NaN
6,NaN,NaN,NaN,NaN,NaN,NaN,NaN,NaN
7,NaN,NaN,NaN,NaN,NaN,NaN,NaN,NaN
8,NaN,NaN,NaN,NaN,NaN,NaN,NaN,NaN
9,NaN,NaN,NaN,NaN,NaN,NaN,NaN,NaN
10,NaN,NaN,NaN,NaN,NaN,NaN,NaN,NaN
11,NaN,NaN,NaN,NaN,NaN,NaN,NaN,NaN
1,NaN,NaN,NaN,NaN,NaN,NaN,NaN,NaN
2,NaN,NaN,NaN,NaN,NaN,NaN,NaN,NaN
3,NaN,NaN,NaN,NaN,NaN,NaN,NaN,NaN
4,NaN,NaN,NaN,NaN,NaN,NaN,NaN,NaN
5,NaN,NaN,NaN,NaN,NaN,NaN,NaN,NaN
6,NaN,NaN,NaN,NaN,NaN,NaN,NaN,NaN
7,NaN,NaN,NaN,NaN,NaN,NaN,NaN,NaN
8,NaN,NaN,NaN,NaN,NaN,NaN,NaN,NaN
9,NaN,NaN,NaN,NaN,NaN,NaN,NaN,NaN
10,NaN,NaN,NaN,NaN,NaN,NaN,NaN,NaN
11,NaN,NaN,NaN,NaN,NaN,NaN,NaN,NaN
1,NaN,NaN,NaN,NaN,NaN,NaN,NaN,NaN
2,NaN,NaN,NaN,NaN,NaN,NaN,NaN,NaN
3,NaN,NaN,NaN,NaN,NaN,NaN,NaN,NaN
4,NaN,NaN,NaN,NaN,NaN,NaN,NaN,NaN
5,NaN,NaN,NaN,NaN,NaN,NaN,NaN,NaN
6,NaN,NaN,NaN,NaN,NaN,NaN,NaN,NaN
7,NaN,NaN,NaN,NaN,NaN,NaN,NaN,NaN
8,NaN,NaN,NaN,NaN,NaN,NaN,NaN,NaN
9,NaN,NaN,NaN,NaN,NaN,NaN,NaN,NaN
10,NaN,NaN,NaN,NaN,NaN,NaN,NaN,NaN
11,NaN,NaN,NaN,NaN,NaN,NaN,NaN,NaN
1,NaN,NaN,NaN,NaN,NaN,NaN,NaN,NaN
2,NaN,NaN,NaN,NaN,NaN,NaN,NaN,NaN
3,NaN,NaN,NaN,NaN,NaN,NaN,NaN,NaN
4,NaN,NaN,NaN,NaN,NaN,NaN,NaN,NaN
5,NaN,NaN,NaN,NaN,NaN,NaN,NaN,NaN
6,NaN,NaN,NaN,NaN,NaN,NaN,NaN,NaN
7,NaN,NaN,NaN,NaN,NaN,NaN,NaN,NaN
8,NaN,NaN,NaN,NaN,NaN,NaN,NaN,NaN
9,NaN,NaN,NaN,NaN,NaN,NaN,NaN,NaN
10,NaN,NaN,NaN,NaN,NaN,NaN,NaN,NaN
11,NaN,NaN,NaN,NaN,NaN,NaN,NaN,NaN
1,NaN,NaN,NaN,NaN,NaN,NaN,NaN,NaN
2,NaN,NaN,NaN,NaN,NaN,NaN,NaN,NaN
3,NaN,NaN,NaN,NaN,NaN,NaN,NaN,NaN
4,NaN,NaN,NaN,NaN,NaN,NaN,NaN,NaN
5,NaN,NaN,NaN,NaN,NaN,NaN,NaN,NaN
6,NaN,NaN,NaN,NaN,NaN,NaN,NaN,NaN
7,NaN,NaN,NaN,NaN,NaN,NaN,NaN,NaN
8,NaN,NaN,NaN,NaN,NaN,NaN,NaN,NaN
9,NaN,NaN,NaN,NaN,NaN,NaN,NaN,NaN
10,NaN,NaN,NaN,NaN,NaN,NaN,NaN,NaN
11,NaN,NaN,NaN,NaN,NaN,NaN,NaN,NaN
1,NaN,NaN,NaN,NaN,NaN,NaN,NaN,NaN
2,NaN,NaN,NaN,NaN,NaN,NaN,NaN,NaN
3,NaN,NaN,NaN,NaN,NaN,NaN,NaN,NaN
4,NaN,NaN,NaN,NaN,NaN,NaN,NaN,NaN
5,NaN,NaN,NaN,NaN,NaN,NaN,NaN,NaN
6,NaN,NaN,NaN,NaN,NaN,NaN,NaN,NaN
7,NaN,NaN,NaN,NaN,NaN,NaN,NaN,NaN
8,NaN,NaN,NaN,NaN,NaN,NaN,NaN,NaN
9,NaN,NaN,NaN,NaN,NaN,NaN,NaN,NaN
10,NaN,NaN,NaN,NaN,NaN,NaN,NaN,NaN
11,NaN,NaN,NaN,NaN,NaN,NaN,NaN,NaN
1,NaN,NaN,NaN,NaN,NaN,NaN,NaN,NaN
2,NaN,NaN,NaN,NaN,NaN,NaN,NaN,NaN
3,NaN,NaN,NaN,NaN,NaN,NaN,NaN,NaN
4,NaN,NaN,NaN,NaN,NaN,NaN,NaN,NaN
5,NaN,NaN,NaN,NaN,NaN,NaN,NaN,NaN
6,NaN,NaN,NaN,NaN,NaN,NaN,NaN,NaN
7,NaN,NaN,NaN,NaN,NaN,NaN,NaN,NaN
8,NaN,NaN,NaN,NaN,NaN,NaN,NaN,NaN
9,NaN,NaN,NaN,NaN,NaN,NaN,NaN,NaN
10,NaN,NaN,NaN,NaN,NaN,NaN,NaN,NaN
11,NaN,NaN,NaN,NaN,NaN,NaN,NaN,NaN
1,NaN,NaN,NaN,NaN,NaN,NaN,NaN,NaN
2,NaN,NaN,NaN,NaN,NaN,NaN,NaN,NaN
3,NaN,NaN,NaN,NaN,NaN,NaN,NaN,NaN
4,NaN,NaN,NaN,NaN,NaN,NaN,NaN,NaN
5,NaN,NaN,NaN,NaN,NaN,NaN,NaN,NaN
6,NaN,NaN,NaN,NaN,NaN,NaN,NaN,NaN
7,NaN,NaN,NaN,NaN,NaN,NaN,NaN,NaN
8,NaN,NaN,NaN,NaN,NaN,NaN,NaN,NaN
9,NaN,NaN,NaN,NaN,NaN,NaN,NaN,NaN
10,NaN,NaN,NaN,NaN,NaN,NaN,NaN,NaN
11,NaN,NaN,NaN,NaN,NaN,NaN,NaN,NaN
1,NaN,NaN,NaN,NaN,NaN,NaN,NaN,NaN
2,NaN,NaN,NaN,NaN,NaN,NaN,NaN,NaN
3,NaN,NaN,NaN,NaN,NaN,NaN,NaN,NaN
4,NaN,NaN,NaN,NaN,NaN,NaN,NaN,NaN
5,NaN,NaN,NaN,NaN,NaN,NaN,NaN,NaN
6,NaN,NaN,NaN,NaN,NaN,NaN,NaN,NaN
7,NaN,NaN,NaN,NaN,NaN,NaN,NaN,NaN
8,NaN,NaN,NaN,NaN,NaN,NaN,NaN,NaN
9,NaN,NaN,NaN,NaN,NaN,NaN,NaN,NaN
10,NaN,NaN,NaN,NaN,NaN,NaN,NaN,NaN
11,NaN,NaN,NaN,NaN,NaN,NaN,NaN,NaN
1,NaN,NaN,NaN,NaN,NaN,NaN,NaN,NaN
2,NaN,NaN,NaN,NaN,NaN,NaN,NaN,NaN
3,NaN,NaN,NaN,NaN,NaN,NaN,NaN,NaN
4,NaN,NaN,NaN,NaN,NaN,NaN,NaN,NaN
5,NaN,NaN,NaN,NaN,NaN,NaN,NaN,NaN
6,NaN,NaN,NaN,NaN,NaN,NaN,NaN,NaN
7,NaN,NaN,NaN,NaN,NaN,NaN,NaN,NaN
8,NaN,NaN,NaN,NaN,NaN,NaN,NaN,NaN
9,NaN,NaN,NaN,NaN,NaN,NaN,NaN,NaN
10,NaN,NaN,NaN,NaN,NaN,NaN,NaN,NaN
11,NaN,NaN,NaN,NaN,NaN,NaN,NaN,NaN
1,NaN,NaN,NaN,NaN,NaN,NaN,NaN,NaN
2,NaN,NaN,NaN,NaN,NaN,NaN,NaN,NaN
3,NaN,NaN,NaN,NaN,NaN,NaN,NaN,NaN
4,NaN,NaN,NaN,NaN,NaN,NaN,NaN,NaN
5,NaN,NaN,NaN,NaN,NaN,NaN,NaN,NaN
6,NaN,NaN,NaN,NaN,NaN,NaN,NaN,NaN
7,NaN,NaN,NaN,NaN,NaN,NaN,NaN,NaN
8,NaN,NaN,NaN,NaN,NaN,NaN,NaN,NaN
9,NaN,NaN,NaN,NaN,NaN,NaN,NaN,NaN
10,NaN,NaN,NaN,NaN,NaN,NaN,NaN,NaN
11,NaN,NaN,NaN,NaN,NaN,NaN,NaN,NaN
1,NaN,NaN,NaN,NaN,NaN,NaN,NaN,NaN
2,NaN,NaN,NaN,NaN,NaN,NaN,NaN,NaN
3,NaN,NaN,NaN,NaN,NaN,NaN,NaN,NaN
4,NaN,NaN,NaN,NaN,NaN,NaN,NaN,NaN
5,NaN,NaN,NaN,NaN,NaN,NaN,NaN,NaN
6,NaN,NaN,NaN,NaN,NaN,NaN,NaN,NaN
7,NaN,NaN,NaN,NaN,NaN,NaN,NaN,NaN
8,NaN,NaN,NaN,NaN,NaN,NaN,NaN,NaN
9,NaN,NaN,NaN,NaN,NaN,NaN,NaN,NaN
10,NaN,NaN,NaN,NaN,NaN,NaN,NaN,NaN
11,NaN,NaN,NaN,NaN,NaN,NaN,NaN,NaN
1,NaN,NaN,NaN,NaN,NaN,NaN,NaN,NaN
2,NaN,NaN,NaN,NaN,NaN,NaN,NaN,NaN
3,NaN,NaN,NaN,NaN,NaN,NaN,NaN,NaN
4,NaN,NaN,NaN,NaN,NaN,NaN,NaN,NaN
5,NaN,NaN,NaN,NaN,NaN,NaN,NaN,NaN
6,NaN,NaN,NaN,NaN,NaN,NaN,NaN,NaN
7,NaN,NaN,NaN,NaN,NaN,NaN,NaN,NaN
8,NaN,NaN,NaN,NaN,NaN,NaN,NaN,NaN
9,NaN,NaN,NaN,NaN,NaN,NaN,NaN,NaN
10,NaN,NaN,NaN,NaN,NaN,NaN,NaN,NaN
11,NaN,NaN,NaN,NaN,NaN,NaN,NaN,NaN
1,NaN,NaN,NaN,NaN,NaN,NaN,NaN,NaN
2,NaN,NaN,NaN,NaN,NaN,NaN,NaN,NaN
3,NaN,NaN,NaN,NaN,NaN,NaN,NaN,NaN
4,NaN,NaN,NaN,NaN,NaN,NaN,NaN,NaN
5,NaN,NaN,NaN,NaN,NaN,NaN,NaN,NaN
6,NaN,NaN,NaN,NaN,NaN,NaN,NaN,NaN
7,NaN,NaN,NaN,NaN,NaN,NaN,NaN,NaN
8,NaN,NaN,NaN,NaN,NaN,NaN,NaN,NaN
9,NaN,NaN,NaN,NaN,NaN,NaN,NaN,NaN
10,NaN,NaN,NaN,NaN,NaN,NaN,NaN,NaN
11,NaN,NaN,NaN,NaN,NaN,NaN,NaN,NaN
1,NaN,NaN,NaN,NaN,NaN,NaN,NaN,NaN
2,NaN,NaN,NaN,NaN,NaN,NaN,NaN,NaN
3,NaN,NaN,NaN,NaN,NaN,NaN,NaN,NaN
4,NaN,NaN,NaN,NaN,NaN,NaN,NaN,NaN
5,NaN,NaN,NaN,NaN,NaN,NaN,NaN,NaN
6,NaN,NaN,NaN,NaN,NaN,NaN,NaN,NaN
7,NaN,NaN,NaN,NaN,NaN,NaN,NaN,NaN
8,NaN,NaN,NaN,NaN,NaN,NaN,NaN,NaN
9,NaN,NaN,NaN,NaN,NaN,NaN,NaN,NaN
10,NaN,NaN,NaN,NaN,NaN,NaN,NaN,NaN
11,NaN,NaN,NaN,NaN,NaN,NaN,NaN,NaN
1,NaN,NaN,NaN,NaN,NaN,NaN,NaN,NaN
2,NaN,NaN,NaN,NaN,NaN,NaN,NaN,NaN
3,NaN,NaN,NaN,NaN,NaN,NaN,NaN,NaN
4,NaN,NaN,NaN,NaN,NaN,NaN,NaN,NaN
5,NaN,NaN,NaN,NaN,NaN,NaN,NaN,NaN
6,NaN,NaN,NaN,NaN,NaN,NaN,NaN,NaN
7,NaN,NaN,NaN,NaN,NaN,NaN,NaN,NaN
8,NaN,NaN,NaN,NaN,NaN,NaN,NaN,NaN
9,NaN,NaN,NaN,NaN,NaN,NaN,NaN,NaN
10,NaN,NaN,NaN,NaN,NaN,NaN,NaN,NaN
11,NaN,NaN,NaN,NaN,NaN,NaN,NaN,NaN
1,NaN,NaN,NaN,NaN,NaN,NaN,NaN,NaN
2,NaN,NaN,NaN,NaN,NaN,NaN,NaN,NaN
3,NaN,NaN,NaN,NaN,NaN,NaN,NaN,NaN
4,NaN,NaN,NaN,NaN,NaN,NaN,NaN,NaN
5,NaN,NaN,NaN,NaN,NaN,NaN,NaN,NaN
6,NaN,NaN,NaN,NaN,NaN,NaN,NaN,NaN
7,NaN,NaN,NaN,NaN,NaN,NaN,NaN,NaN
8,NaN,NaN,NaN,NaN,NaN,NaN,NaN,NaN
9,NaN,NaN,NaN,NaN,NaN,NaN,NaN,NaN
10,NaN,NaN,NaN,NaN,NaN,NaN,NaN,NaN
11,NaN,NaN,NaN,NaN,NaN,NaN,NaN,NaN
1,NaN,NaN,NaN,NaN,NaN,NaN,NaN,NaN
2,NaN,NaN,NaN,NaN,NaN,NaN,NaN,NaN
3,NaN,NaN,NaN,NaN,NaN,NaN,NaN,NaN
4,NaN,NaN,NaN,NaN,NaN,NaN,NaN,NaN
5,NaN,NaN,NaN,NaN,NaN,NaN,NaN,NaN
6,NaN,NaN,NaN,NaN,NaN,NaN,NaN,NaN
7,NaN,NaN,NaN,NaN,NaN,NaN,NaN,NaN
8,NaN,NaN,NaN,NaN,NaN,NaN,NaN,NaN
9,NaN,NaN,NaN,NaN,NaN,NaN,NaN,NaN
10,NaN,NaN,NaN,NaN,NaN,NaN,NaN,NaN
11,NaN,NaN,NaN,NaN,NaN,NaN,NaN,NaN
1,NaN,NaN,NaN,NaN,NaN,NaN,NaN,NaN
2,NaN,NaN,NaN,NaN,NaN,NaN,NaN,NaN
3,NaN,NaN,NaN,NaN,NaN,NaN,NaN,NaN
4,NaN,NaN,NaN,NaN,NaN,NaN,NaN,NaN
5,NaN,NaN,NaN,NaN,NaN,NaN,NaN,NaN
6,NaN,NaN,NaN,NaN,NaN,NaN,NaN,NaN
7,NaN,NaN,NaN,NaN,NaN,NaN,NaN,NaN
8,NaN,NaN,NaN,NaN,NaN,NaN,NaN,NaN
9,NaN,NaN,NaN,NaN,NaN,NaN,NaN,NaN
10,NaN,NaN,NaN,NaN,NaN,NaN,NaN,NaN
11,NaN,NaN,NaN,NaN,NaN,NaN,NaN,NaN
1,NaN,NaN,NaN,NaN,NaN,NaN,NaN,NaN
2,NaN,NaN,NaN,NaN,NaN,NaN,NaN,NaN
3,NaN,NaN,NaN,NaN,NaN,NaN,NaN,NaN
4,NaN,NaN,NaN,NaN,NaN,NaN,NaN,NaN
5,NaN,NaN,NaN,NaN,NaN,NaN,NaN,NaN
6,NaN,NaN,NaN,NaN,NaN,NaN,NaN,NaN
7,NaN,NaN,NaN,NaN,NaN,NaN,NaN,NaN
8,NaN,NaN,NaN,NaN,NaN,NaN,NaN,NaN
9,NaN,NaN,NaN,NaN,NaN,NaN,NaN,NaN
10,NaN,NaN,NaN,NaN,NaN,NaN,NaN,NaN
11,NaN,NaN,NaN,NaN,NaN,NaN,NaN,NaN
1,NaN,NaN,NaN,NaN,NaN,NaN,NaN,NaN
2,NaN,NaN,NaN,NaN,NaN,NaN,NaN,NaN
3,NaN,NaN,NaN,NaN,NaN,NaN,NaN,NaN
4,NaN,NaN,NaN,NaN,NaN,NaN,NaN,NaN
5,NaN,NaN,NaN,NaN,NaN,NaN,NaN,NaN
6,NaN,NaN,NaN,NaN,NaN,NaN,NaN,NaN
7,NaN,NaN,NaN,NaN,NaN,NaN,NaN,NaN
8,NaN,NaN,NaN,NaN,NaN,NaN,NaN,NaN
9,NaN,NaN,NaN,NaN,NaN,NaN,NaN,NaN
10,NaN,NaN,NaN,NaN,NaN,NaN,NaN,NaN
11,NaN,NaN,NaN,NaN,NaN,NaN,NaN,NaN
1,NaN,NaN,NaN,NaN,NaN,NaN,NaN,NaN
2,NaN,NaN,NaN,NaN,NaN,NaN,NaN,NaN
3,NaN,NaN,NaN,NaN,NaN,NaN,NaN,NaN
4,NaN,NaN,NaN,NaN,NaN,NaN,NaN,NaN
5,NaN,NaN,NaN,NaN,NaN,NaN,NaN,NaN
6,NaN,NaN,NaN,NaN,NaN,NaN,NaN,NaN
7,NaN,NaN,NaN,NaN,NaN,NaN,NaN,NaN
8,NaN,NaN,NaN,NaN,NaN,NaN,NaN,NaN
9,NaN,NaN,NaN,NaN,NaN,NaN,NaN,NaN
10,NaN,NaN,NaN,NaN,NaN,NaN,NaN,NaN
11,NaN,NaN,NaN,NaN,NaN,NaN,NaN,NaN
1,NaN,NaN,NaN,NaN,NaN,NaN,NaN,NaN
2,NaN,NaN,NaN,NaN,NaN,NaN,NaN,NaN
3,NaN,NaN,NaN,NaN,NaN,NaN,NaN,NaN
4,NaN,NaN,NaN,NaN,NaN,NaN,NaN,NaN
5,NaN,NaN,NaN,NaN,NaN,NaN,NaN,NaN
6,NaN,NaN,NaN,NaN,NaN,NaN,NaN,NaN
7,NaN,NaN,NaN,NaN,NaN,NaN,NaN,NaN
8,NaN,NaN,NaN,NaN,NaN,NaN,NaN,NaN
9,NaN,NaN,NaN,NaN,NaN,NaN,NaN,NaN
10,NaN,NaN,NaN,NaN,NaN,NaN,NaN,NaN
11,NaN,NaN,NaN,NaN,NaN,NaN,NaN,NaN
1,NaN,NaN,NaN,NaN,NaN,NaN,NaN,NaN
2,NaN,NaN,NaN,NaN,NaN,NaN,NaN,NaN
3,NaN,NaN,NaN,NaN,NaN,NaN,NaN,NaN
4,NaN,NaN,NaN,NaN,NaN,NaN,NaN,NaN
5,NaN,NaN,NaN,NaN,NaN,NaN,NaN,NaN
6,NaN,NaN,NaN,NaN,NaN,NaN,NaN,NaN
7,NaN,NaN,NaN,NaN,NaN,NaN,NaN,NaN
8,NaN,NaN,NaN,NaN,NaN,NaN,NaN,NaN
9,NaN,NaN,NaN,NaN,NaN,NaN,NaN,NaN
10,NaN,NaN,NaN,NaN,NaN,NaN,NaN,NaN
11,NaN,NaN,NaN,NaN,NaN,NaN,NaN,NaN
1,NaN,NaN,NaN,NaN,NaN,NaN,NaN,NaN
2,NaN,NaN,NaN,NaN,NaN,NaN,NaN,NaN
3,NaN,NaN,NaN,NaN,NaN,NaN,NaN,NaN
4,NaN,NaN,NaN,NaN,NaN,NaN,NaN,NaN
5,NaN,NaN,NaN,NaN,NaN,NaN,NaN,NaN
6,NaN,NaN,NaN,NaN,NaN,NaN,NaN,NaN
7,NaN,NaN,NaN,NaN,NaN,NaN,NaN,NaN
8,NaN,NaN,NaN,NaN,NaN,NaN,NaN,NaN
9,NaN,NaN,NaN,NaN,NaN,NaN,NaN,NaN
10,NaN,NaN,NaN,NaN,NaN,NaN,NaN,NaN
11,NaN,NaN,NaN,NaN,NaN,NaN,NaN,NaN
1,NaN,NaN,NaN,NaN,NaN,NaN,NaN,NaN
2,NaN,NaN,NaN,NaN,NaN,NaN,NaN,NaN
3,NaN,NaN,NaN,NaN,NaN,NaN,NaN,NaN
4,NaN,NaN,NaN,NaN,NaN,NaN,NaN,NaN
5,NaN,NaN,NaN,NaN,NaN,NaN,NaN,NaN
6,NaN,NaN,NaN,NaN,NaN,NaN,NaN,NaN
7,NaN,NaN,NaN,NaN,NaN,NaN,NaN,NaN
8,NaN,NaN,NaN,NaN,NaN,NaN,NaN,NaN
9,NaN,NaN,NaN,NaN,NaN,NaN,NaN,NaN
10,NaN,NaN,NaN,NaN,NaN,NaN,NaN,NaN
11,NaN,NaN,NaN,NaN,NaN,NaN,NaN,NaN
1,NaN,NaN,NaN,NaN,NaN,NaN,NaN,NaN
2,NaN,NaN,NaN,NaN,NaN,NaN,NaN,NaN
3,NaN,NaN,NaN,NaN,NaN,NaN,NaN,NaN
4,NaN,NaN,NaN,NaN,NaN,NaN,NaN,NaN
5,NaN,NaN,NaN,NaN,NaN,NaN,NaN,NaN
6,NaN,NaN,NaN,NaN,NaN,NaN,NaN,NaN
7,NaN,NaN,NaN,NaN,NaN,NaN,NaN,NaN
8,NaN,NaN,NaN,NaN,NaN,NaN,NaN,NaN
9,NaN,NaN,NaN,NaN,NaN,NaN,NaN,NaN
10,NaN,NaN,NaN,NaN,NaN,NaN,NaN,NaN
11,NaN,NaN,NaN,NaN,NaN,NaN,NaN,NaN
1,NaN,NaN,NaN,NaN,NaN,NaN,NaN,NaN
2,NaN,NaN,NaN,NaN,NaN,NaN,NaN,NaN
3,NaN,NaN,NaN,NaN,NaN,NaN,NaN,NaN
4,NaN,NaN,NaN,NaN,NaN,NaN,NaN,NaN
5,NaN,NaN,NaN,NaN,NaN,NaN,NaN,NaN
6,NaN,NaN,NaN,NaN,NaN,NaN,NaN,NaN
7,NaN,NaN,NaN,NaN,NaN,NaN,NaN,NaN
8,NaN,NaN,NaN,NaN,NaN,NaN,NaN,NaN
9,NaN,NaN,NaN,NaN,NaN,NaN,NaN,NaN
10,NaN,NaN,NaN,NaN,NaN,NaN,NaN,NaN
11,NaN,NaN,NaN,NaN,NaN,NaN,NaN,NaN
1,NaN,NaN,NaN,NaN,NaN,NaN,NaN,NaN
2,NaN,NaN,NaN,NaN,NaN,NaN,NaN,NaN
3,NaN,NaN,NaN,NaN,NaN,NaN,NaN,NaN
4,NaN,NaN,NaN,NaN,NaN,NaN,NaN,NaN
5,NaN,NaN,NaN,NaN,NaN,NaN,NaN,NaN
6,NaN,NaN,NaN,NaN,NaN,NaN,NaN,NaN
7,NaN,NaN,NaN,NaN,NaN,NaN,NaN,NaN
8,NaN,NaN,NaN,NaN,NaN,NaN,NaN,NaN
9,NaN,NaN,NaN,NaN,NaN,NaN,NaN,NaN
10,NaN,NaN,NaN,NaN,NaN,NaN,NaN,NaN
11,NaN,NaN,NaN,NaN,NaN,NaN,NaN,NaN
1,NaN,NaN,NaN,NaN,NaN,NaN,NaN,NaN
2,NaN,NaN,NaN,NaN,NaN,NaN,NaN,NaN
3,NaN,NaN,NaN,NaN,NaN,NaN,NaN,NaN
4,NaN,NaN,NaN,NaN,NaN,NaN,NaN,NaN
5,NaN,NaN,NaN,NaN,NaN,NaN,NaN,NaN
6,NaN,NaN,NaN,NaN,NaN,NaN,NaN,NaN
7,NaN,NaN,NaN,NaN,NaN,NaN,NaN,NaN
8,NaN,NaN,NaN,NaN,NaN,NaN,NaN,NaN
9,NaN,NaN,NaN,NaN,NaN,NaN,NaN,NaN
10,NaN,NaN,NaN,NaN,NaN,NaN,NaN,NaN
11,NaN,NaN,NaN,NaN,NaN,NaN,NaN,NaN
1,NaN,NaN,NaN,NaN,NaN,NaN,NaN,NaN
2,NaN,NaN,NaN,NaN,NaN,NaN,NaN,NaN
3,NaN,NaN,NaN,NaN,NaN,NaN,NaN,NaN
4,NaN,NaN,NaN,NaN,NaN,NaN,NaN,NaN
5,NaN,NaN,NaN,NaN,NaN,NaN,NaN,NaN
6,NaN,NaN,NaN,NaN,NaN,NaN,NaN,NaN
7,NaN,NaN,NaN,NaN,NaN,NaN,NaN,NaN
8,NaN,NaN,NaN,NaN,NaN,NaN,NaN,NaN
9,NaN,NaN,NaN,NaN,NaN,NaN,NaN,NaN
10,NaN,NaN,NaN,NaN,NaN,NaN,NaN,NaN
11,NaN,NaN,NaN,NaN,NaN,NaN,NaN,NaN
1,NaN,NaN,NaN,NaN,NaN,NaN,NaN,NaN
2,NaN,NaN,NaN,NaN,NaN,NaN,NaN,NaN
3,NaN,NaN,NaN,NaN,NaN,NaN,NaN,NaN
4,NaN,NaN,NaN,NaN,NaN,NaN,NaN,NaN
5,NaN,NaN,NaN,NaN,NaN,NaN,NaN,NaN
6,NaN,NaN,NaN,NaN,NaN,NaN,NaN,NaN
7,NaN,NaN,NaN,NaN,NaN,NaN,NaN,NaN
8,NaN,NaN,NaN,NaN,NaN,NaN,NaN,NaN
9,NaN,NaN,NaN,NaN,NaN,NaN,NaN,NaN
10,NaN,NaN,NaN,NaN,NaN,NaN,NaN,NaN
11,NaN,NaN,NaN,NaN,NaN,NaN,NaN,NaN
1,NaN,NaN,NaN,NaN,NaN,NaN,NaN,NaN
2,NaN,NaN,NaN,NaN,NaN,NaN,NaN,NaN
3,NaN,NaN,NaN,NaN,NaN,NaN,NaN,NaN
4,NaN,NaN,NaN,NaN,NaN,NaN,NaN,NaN
5,NaN,NaN,NaN,NaN,NaN,NaN,NaN,NaN
6,NaN,NaN,NaN,NaN,NaN,NaN,NaN,NaN
7,NaN,NaN,NaN,NaN,NaN,NaN,NaN,NaN
8,NaN,NaN,NaN,NaN,NaN,NaN,NaN,NaN
9,NaN,NaN,NaN,NaN,NaN,NaN,NaN,NaN
10,NaN,NaN,NaN,NaN,NaN,NaN,NaN,NaN
11,NaN,NaN,NaN,NaN,NaN,NaN,NaN,NaN
1,NaN,NaN,NaN,NaN,NaN,NaN,NaN,NaN
2,NaN,NaN,NaN,NaN,NaN,NaN,NaN,NaN
3,NaN,NaN,NaN,NaN,NaN,NaN,NaN,NaN
4,NaN,NaN,NaN,NaN,NaN,NaN,NaN,NaN
5,NaN,NaN,NaN,NaN,NaN,NaN,NaN,NaN
6,NaN,NaN,NaN,NaN,NaN,NaN,NaN,NaN
7,NaN,NaN,NaN,NaN,NaN,NaN,NaN,NaN
8,NaN,NaN,NaN,NaN,NaN,NaN,NaN,NaN
9,NaN,NaN,NaN,NaN,NaN,NaN,NaN,NaN
10,NaN,NaN,NaN,NaN,NaN,NaN,NaN,NaN
11,NaN,NaN,NaN,NaN,NaN,NaN,NaN,NaN
1,NaN,NaN,NaN,NaN,NaN,NaN,NaN,NaN
2,NaN,NaN,NaN,NaN,NaN,NaN,NaN,NaN
3,NaN,NaN,NaN,NaN,NaN,NaN,NaN,NaN
4,NaN,NaN,NaN,NaN,NaN,NaN,NaN,NaN
5,NaN,NaN,NaN,NaN,NaN,NaN,NaN,NaN
6,NaN,NaN,NaN,NaN,NaN,NaN,NaN,NaN
7,NaN,NaN,NaN,NaN,NaN,NaN,NaN,NaN
8,NaN,NaN,NaN,NaN,NaN,NaN,NaN,NaN
9,NaN,NaN,NaN,NaN,NaN,NaN,NaN,NaN
10,NaN,NaN,NaN,NaN,NaN,NaN,NaN,NaN
11,NaN,NaN,NaN,NaN,NaN,NaN,NaN,NaN
1,NaN,NaN,NaN,NaN,NaN,NaN,NaN,NaN
2,NaN,NaN,NaN,NaN,NaN,NaN,NaN,NaN
3,NaN,NaN,NaN,NaN,NaN,NaN,NaN,NaN
4,NaN,NaN,NaN,NaN,NaN,NaN,NaN,NaN
5,NaN,NaN,NaN,NaN,NaN,NaN,NaN,NaN
6,NaN,NaN,NaN,NaN,NaN,NaN,NaN,NaN
7,NaN,NaN,NaN,NaN,NaN,NaN,NaN,NaN
8,NaN,NaN,NaN,NaN,NaN,NaN,NaN,NaN
9,NaN,NaN,NaN,NaN,NaN,NaN,NaN,NaN
10,NaN,NaN,NaN,NaN,NaN,NaN,NaN,NaN
11,NaN,NaN,NaN,NaN,NaN,NaN,NaN,NaN
1,NaN,NaN,NaN,NaN,NaN,NaN,NaN,NaN
2,NaN,NaN,NaN,NaN,NaN,NaN,NaN,NaN
3,NaN,NaN,NaN,NaN,NaN,NaN,NaN,NaN
4,NaN,NaN,NaN,NaN,NaN,NaN,NaN,NaN
5,NaN,NaN,NaN,NaN,NaN,NaN,NaN,NaN
6,NaN,NaN,NaN,NaN,NaN,NaN,NaN,NaN
7,NaN,NaN,NaN,NaN,NaN,NaN,NaN,NaN
8,NaN,NaN,NaN,NaN,NaN,NaN,NaN,NaN
9,NaN,NaN,NaN,NaN,NaN,NaN,NaN,NaN
10,NaN,NaN,NaN,NaN,NaN,NaN,NaN,NaN
11,NaN,NaN,NaN,NaN,NaN,NaN,NaN,NaN
1,NaN,NaN,NaN,NaN,NaN,NaN,NaN,NaN
2,NaN,NaN,NaN,NaN,NaN,NaN,NaN,NaN
3,NaN,NaN,NaN,NaN,NaN,NaN,NaN,NaN
4,NaN,NaN,NaN,NaN,NaN,NaN,NaN,NaN
5,NaN,NaN,NaN,NaN,NaN,NaN,NaN,NaN
6,NaN,NaN,NaN,NaN,NaN,NaN,NaN,NaN
7,NaN,NaN,NaN,NaN,NaN,NaN,NaN,NaN
8,NaN,NaN,NaN,NaN,NaN,NaN,NaN,NaN
9,NaN,NaN,NaN,NaN,NaN,NaN,NaN,NaN
10,NaN,NaN,NaN,NaN,NaN,NaN,NaN,NaN
11,NaN,NaN,NaN,NaN,NaN,NaN,NaN,NaN
1,NaN,NaN,NaN,NaN,NaN,NaN,NaN,NaN
2,NaN,NaN,NaN,NaN,NaN,NaN,NaN,NaN
3,NaN,NaN,NaN,NaN,NaN,NaN,NaN,NaN
4,NaN,NaN,NaN,NaN,NaN,NaN,NaN,NaN
5,NaN,NaN,NaN,NaN,NaN,NaN,NaN,NaN
6,NaN,NaN,NaN,NaN,NaN,NaN,NaN,NaN
7,NaN,NaN,NaN,NaN,NaN,NaN,NaN,NaN
8,NaN,NaN,NaN,NaN,NaN,NaN,NaN,NaN
9,NaN,NaN,NaN,NaN,NaN,NaN,NaN,NaN
10,NaN,NaN,NaN,NaN,NaN,NaN,NaN,NaN
11,NaN,NaN,NaN,NaN,NaN,NaN,NaN,NaN
1,NaN,NaN,NaN,NaN,NaN,NaN,NaN,NaN
2,NaN,NaN,NaN,NaN,NaN,NaN,NaN,NaN
3,NaN,NaN,NaN,NaN,NaN,NaN,NaN,NaN
4,NaN,NaN,NaN,NaN,NaN,NaN,NaN,NaN
5,NaN,NaN,NaN,NaN,NaN,NaN,NaN,NaN
6,NaN,NaN,NaN,NaN,NaN,NaN,NaN,NaN
7,NaN,NaN,NaN,NaN,NaN,NaN,NaN,NaN
8,NaN,NaN,NaN,NaN,NaN,NaN,NaN,NaN
9,NaN,NaN,NaN,NaN,NaN,NaN,NaN,NaN
10,NaN,NaN,NaN,NaN,NaN,NaN,NaN,NaN
11,NaN,NaN,NaN,NaN,NaN,NaN,NaN,NaN
1,NaN,NaN,NaN,NaN,NaN,NaN,NaN,NaN
2,NaN,NaN,NaN,NaN,NaN,NaN,NaN,NaN
3,NaN,NaN,NaN,NaN,NaN,NaN,NaN,NaN
4,NaN,NaN,NaN,NaN,NaN,NaN,NaN,NaN
5,NaN,NaN,NaN,NaN,NaN,NaN,NaN,NaN
6,NaN,NaN,NaN,NaN,NaN,NaN,NaN,NaN
7,NaN,NaN,NaN,NaN,NaN,NaN,NaN,NaN
8,NaN,NaN,NaN,NaN,NaN,NaN,NaN,NaN
9,NaN,NaN,NaN,NaN,NaN,NaN,NaN,NaN
10,NaN,NaN,NaN,NaN,NaN,NaN,NaN,NaN
11,NaN,NaN,NaN,NaN,NaN,NaN,NaN,NaN
1,NaN,NaN,NaN,NaN,NaN,NaN,NaN,NaN
2,NaN,NaN,NaN,NaN,NaN,NaN,NaN,NaN
3,NaN,NaN,NaN,NaN,NaN,NaN,NaN,NaN
4,NaN,NaN,NaN,NaN,NaN,NaN,NaN,NaN
5,NaN,NaN,NaN,NaN,NaN,NaN,NaN,NaN
6,NaN,NaN,NaN,NaN,NaN,NaN,NaN,NaN
7,NaN,NaN,NaN,NaN,NaN,NaN,NaN,NaN
8,NaN,NaN,NaN,NaN,NaN,NaN,NaN,NaN
9,NaN,NaN,NaN,NaN,NaN,NaN,NaN,NaN
10,NaN,NaN,NaN,NaN,NaN,NaN,NaN,NaN
11,NaN,NaN,NaN,NaN,NaN,NaN,NaN,NaN
1,NaN,NaN,NaN,NaN,NaN,NaN,NaN,NaN
2,NaN,NaN,NaN,NaN,NaN,NaN,NaN,NaN
3,NaN,NaN,NaN,NaN,NaN,NaN,NaN,NaN
4,NaN,NaN,NaN,NaN,NaN,NaN,NaN,NaN
5,NaN,NaN,NaN,NaN,NaN,NaN,NaN,NaN
6,NaN,NaN,NaN,NaN,NaN,NaN,NaN,NaN
7,NaN,NaN,NaN,NaN,NaN,NaN,NaN,NaN
8,NaN,NaN,NaN,NaN,NaN,NaN,NaN,NaN
9,NaN,NaN,NaN,NaN,NaN,NaN,NaN,NaN
10,NaN,NaN,NaN,NaN,NaN,NaN,NaN,NaN
11,NaN,NaN,NaN,NaN,NaN,NaN,NaN,NaN
1,NaN,NaN,NaN,NaN,NaN,NaN,NaN,NaN
2,NaN,NaN,NaN,NaN,NaN,NaN,NaN,NaN
3,NaN,NaN,NaN,NaN,NaN,NaN,NaN,NaN
4,NaN,NaN,NaN,NaN,NaN,NaN,NaN,NaN
5,NaN,NaN,NaN,NaN,NaN,NaN,NaN,NaN
6,NaN,NaN,NaN,NaN,NaN,NaN,NaN,NaN
7,NaN,NaN,NaN,NaN,NaN,NaN,NaN,NaN
8,NaN,NaN,NaN,NaN,NaN,NaN,NaN,NaN
9,NaN,NaN,NaN,NaN,NaN,NaN,NaN,NaN
10,NaN,NaN,NaN,NaN,NaN,NaN,NaN,NaN
11,NaN,NaN,NaN,NaN,NaN,NaN,NaN,NaN
1,NaN,NaN,NaN,NaN,NaN,NaN,NaN,NaN
2,NaN,NaN,NaN,NaN,NaN,NaN,NaN,NaN
3,NaN,NaN,NaN,NaN,NaN,NaN,NaN,NaN
4,NaN,NaN,NaN,NaN,NaN,NaN,NaN,NaN
5,NaN,NaN,NaN,NaN,NaN,NaN,NaN,NaN
6,NaN,NaN,NaN,NaN,NaN,NaN,NaN,NaN
7,NaN,NaN,NaN,NaN,NaN,NaN,NaN,NaN
8,NaN,NaN,NaN,NaN,NaN,NaN,NaN,NaN
9,NaN,NaN,NaN,NaN,NaN,NaN,NaN,NaN
10,NaN,NaN,NaN,NaN,NaN,NaN,NaN,NaN
11,NaN,NaN,NaN,NaN,NaN,NaN,NaN,NaN
1,NaN,NaN,NaN,NaN,NaN,NaN,NaN,NaN
2,NaN,NaN,NaN,NaN,NaN,NaN,NaN,NaN
3,NaN,NaN,NaN,NaN,NaN,NaN,NaN,NaN
4,NaN,NaN,NaN,NaN,NaN,NaN,NaN,NaN
5,NaN,NaN,NaN,NaN,NaN,NaN,NaN,NaN
6,NaN,NaN,NaN,NaN,NaN,NaN,NaN,NaN
7,NaN,NaN,NaN,NaN,NaN,NaN,NaN,NaN
8,NaN,NaN,NaN,NaN,NaN,NaN,NaN,NaN
9,NaN,NaN,NaN,NaN,NaN,NaN,NaN,NaN
10,NaN,NaN,NaN,NaN,NaN,NaN,NaN,NaN
11,NaN,NaN,NaN,NaN,NaN,NaN,NaN,NaN
1,NaN,NaN,NaN,NaN,NaN,NaN,NaN,NaN
2,NaN,NaN,NaN,NaN,NaN,NaN,NaN,NaN
3,NaN,NaN,NaN,NaN,NaN,NaN,NaN,NaN
4,NaN,NaN,NaN,NaN,NaN,NaN,NaN,NaN
5,NaN,NaN,NaN,NaN,NaN,NaN,NaN,NaN
6,NaN,NaN,NaN,NaN,NaN,NaN,NaN,NaN
7,NaN,NaN,NaN,NaN,NaN,NaN,NaN,NaN
8,NaN,NaN,NaN,NaN,NaN,NaN,NaN,NaN
9,NaN,NaN,NaN,NaN,NaN,NaN,NaN,NaN
10,NaN,NaN,NaN,NaN,NaN,NaN,NaN,NaN
11,NaN,NaN,NaN,NaN,NaN,NaN,NaN,NaN
1,NaN,NaN,NaN,NaN,NaN,NaN,NaN,NaN
2,NaN,NaN,NaN,NaN,NaN,NaN,NaN,NaN
3,NaN,NaN,NaN,NaN,NaN,NaN,NaN,NaN
4,NaN,NaN,NaN,NaN,NaN,NaN,NaN,NaN
5,NaN,NaN,NaN,NaN,NaN,NaN,NaN,NaN
6,NaN,NaN,NaN,NaN,NaN,NaN,NaN,NaN
7,NaN,NaN,NaN,NaN,NaN,NaN,NaN,NaN
8,NaN,NaN,NaN,NaN,NaN,NaN,NaN,NaN
9,NaN,NaN,NaN,NaN,NaN,NaN,NaN,NaN
10,NaN,NaN,NaN,NaN,NaN,NaN,NaN,NaN
11,NaN,NaN,NaN,NaN,NaN,NaN,NaN,NaN
1,NaN,NaN,NaN,NaN,NaN,NaN,NaN,NaN
2,NaN,NaN,NaN,NaN,NaN,NaN,NaN,NaN
3,NaN,NaN,NaN,NaN,NaN,NaN,NaN,NaN
4,NaN,NaN,NaN,NaN,NaN,NaN,NaN,NaN
5,NaN,NaN,NaN,NaN,NaN,NaN,NaN,NaN
6,NaN,NaN,NaN,NaN,NaN,NaN,NaN,NaN
7,NaN,NaN,NaN,NaN,NaN,NaN,NaN,NaN
8,NaN,NaN,NaN,NaN,NaN,NaN,NaN,NaN
9,NaN,NaN,NaN,NaN,NaN,NaN,NaN,NaN
10,NaN,NaN,NaN,NaN,NaN,NaN,NaN,NaN
11,NaN,NaN,NaN,NaN,NaN,NaN,NaN,NaN
1,NaN,NaN,NaN,NaN,NaN,NaN,NaN,NaN
2,NaN,NaN,NaN,NaN,NaN,NaN,NaN,NaN
3,NaN,NaN,NaN,NaN,NaN,NaN,NaN,NaN
4,NaN,NaN,NaN,NaN,NaN,NaN,NaN,NaN
5,NaN,NaN,NaN,NaN,NaN,NaN,NaN,NaN
6,NaN,NaN,NaN,NaN,NaN,NaN,NaN,NaN
7,NaN,NaN,NaN,NaN,NaN,NaN,NaN,NaN
8,NaN,NaN,NaN,NaN,NaN,NaN,NaN,NaN
9,NaN,NaN,NaN,NaN,NaN,NaN,NaN,NaN
10,NaN,NaN,NaN,NaN,NaN,NaN,NaN,NaN
11,NaN,NaN,NaN,NaN,NaN,NaN,NaN,NaN
1,NaN,NaN,NaN,NaN,NaN,NaN,NaN,NaN
2,NaN,NaN,NaN,NaN,NaN,NaN,NaN,NaN
3,NaN,NaN,NaN,NaN,NaN,NaN,NaN,NaN
4,NaN,NaN,NaN,NaN,NaN,NaN,NaN,NaN
5,NaN,NaN,NaN,NaN,NaN,NaN,NaN,NaN
6,NaN,NaN,NaN,NaN,NaN,NaN,NaN,NaN
7,NaN,NaN,NaN,NaN,NaN,NaN,NaN,NaN
8,NaN,NaN,NaN,NaN,NaN,NaN,NaN,NaN
9,NaN,NaN,NaN,NaN,NaN,NaN,NaN,NaN
10,NaN,NaN,NaN,NaN,NaN,NaN,NaN,NaN
11,NaN,NaN,NaN,NaN,NaN,NaN,NaN,NaN
1,NaN,NaN,NaN,NaN,NaN,NaN,NaN,NaN
2,NaN,NaN,NaN,NaN,NaN,NaN,NaN,NaN
3,NaN,NaN,NaN,NaN,NaN,NaN,NaN,NaN
4,NaN,NaN,NaN,NaN,NaN,NaN,NaN,NaN
5,NaN,NaN,NaN,NaN,NaN,NaN,NaN,NaN
6,NaN,NaN,NaN,NaN,NaN,NaN,NaN,NaN
7,NaN,NaN,NaN,NaN,NaN,NaN,NaN,NaN
8,NaN,NaN,NaN,NaN,NaN,NaN,NaN,NaN
9,NaN,NaN,NaN,NaN,NaN,NaN,NaN,NaN
10,NaN,NaN,NaN,NaN,NaN,NaN,NaN,NaN
11,NaN,NaN,NaN,NaN,NaN,NaN,NaN,NaN
1,NaN,NaN,NaN,NaN,NaN,NaN,NaN,NaN
2,NaN,NaN,NaN,NaN,NaN,NaN,NaN,NaN
3,NaN,NaN,NaN,NaN,NaN,NaN,NaN,NaN
4,NaN,NaN,NaN,NaN,NaN,NaN,NaN,NaN
5,NaN,NaN,NaN,NaN,NaN,NaN,NaN,NaN
6,NaN,NaN,NaN,NaN,NaN,NaN,NaN,NaN
7,NaN,NaN,NaN,NaN,NaN,NaN,NaN,NaN
8,NaN,NaN,NaN,NaN,NaN,NaN,NaN,NaN
9,NaN,NaN,NaN,NaN,NaN,NaN,NaN,NaN
10,NaN,NaN,NaN,NaN,NaN,NaN,NaN,NaN
11,NaN,NaN,NaN,NaN,NaN,NaN,NaN,NaN
1,NaN,NaN,NaN,NaN,NaN,NaN,NaN,NaN
2,NaN,NaN,NaN,NaN,NaN,NaN,NaN,NaN
3,NaN,NaN,NaN,NaN,NaN,NaN,NaN,NaN
4,NaN,NaN,NaN,NaN,NaN,NaN,NaN,NaN
5,NaN,NaN,NaN,NaN,NaN,NaN,NaN,NaN
6,NaN,NaN,NaN,NaN,NaN,NaN,NaN,NaN
7,NaN,NaN,NaN,NaN,NaN,NaN,NaN,NaN
8,NaN,NaN,NaN,NaN,NaN,NaN,NaN,NaN
9,NaN,NaN,NaN,NaN,NaN,NaN,NaN,NaN
10,NaN,NaN,NaN,NaN,NaN,NaN,NaN,NaN
11,NaN,NaN,NaN,NaN,NaN,NaN,NaN,NaN
1,NaN,NaN,NaN,NaN,NaN,NaN,NaN,NaN
2,NaN,NaN,NaN,NaN,NaN,NaN,NaN,NaN
3,NaN,NaN,NaN,NaN,NaN,NaN,NaN,NaN
4,NaN,NaN,NaN,NaN,NaN,NaN,NaN,NaN
5,NaN,NaN,NaN,NaN,NaN,NaN,NaN,NaN
6,NaN,NaN,NaN,NaN,NaN,NaN,NaN,NaN
7,NaN,NaN,NaN,NaN,NaN,NaN,NaN,NaN
8,NaN,NaN,NaN,NaN,NaN,NaN,NaN,NaN
9,NaN,NaN,NaN,NaN,NaN,NaN,NaN,NaN
10,NaN,NaN,NaN,NaN,NaN,NaN,NaN,NaN
11,NaN,NaN,NaN,NaN,NaN,NaN,NaN,NaN
1,NaN,NaN,NaN,NaN,NaN,NaN,NaN,NaN
2,NaN,NaN,NaN,NaN,NaN,NaN,NaN,NaN
3,NaN,NaN,NaN,NaN,NaN,NaN,NaN,NaN
4,NaN,NaN,NaN,NaN,NaN,NaN,NaN,NaN
5,NaN,NaN,NaN,NaN,NaN,NaN,NaN,NaN
6,NaN,NaN,NaN,NaN,NaN,NaN,NaN,NaN
7,NaN,NaN,NaN,NaN,NaN,NaN,NaN,NaN
8,NaN,NaN,NaN,NaN,NaN,NaN,NaN,NaN
9,NaN,NaN,NaN,NaN,NaN,NaN,NaN,NaN
10,NaN,NaN,NaN,NaN,NaN,NaN,NaN,NaN
11,NaN,NaN,NaN,NaN,NaN,NaN,NaN,NaN
1,NaN,NaN,NaN,NaN,NaN,NaN,NaN,NaN
2,NaN,NaN,NaN,NaN,NaN,NaN,NaN,NaN
3,NaN,NaN,NaN,NaN,NaN,NaN,NaN,NaN
4,NaN,NaN,NaN,NaN,NaN,NaN,NaN,NaN
5,NaN,NaN,NaN,NaN,NaN,NaN,NaN,NaN
6,NaN,NaN,NaN,NaN,NaN,NaN,NaN,NaN
7,NaN,NaN,NaN,NaN,NaN,NaN,NaN,NaN
8,NaN,NaN,NaN,NaN,NaN,NaN,NaN,NaN
9,NaN,NaN,NaN,NaN,NaN,NaN,NaN,NaN
10,NaN,NaN,NaN,NaN,NaN,NaN,NaN,NaN
11,NaN,NaN,NaN,NaN,NaN,NaN,NaN,NaN
1,NaN,NaN,NaN,NaN,NaN,NaN,NaN,NaN
2,NaN,NaN,NaN,NaN,NaN,NaN,NaN,NaN
3,NaN,NaN,NaN,NaN,NaN,NaN,NaN,NaN
4,NaN,NaN,NaN,NaN,NaN,NaN,NaN,NaN
5,NaN,NaN,NaN,NaN,NaN,NaN,NaN,NaN
6,NaN,NaN,NaN,NaN,NaN,NaN,NaN,NaN
7,NaN,NaN,NaN,NaN,NaN,NaN,NaN,NaN
8,NaN,NaN,NaN,NaN,NaN,NaN,NaN,NaN
9,NaN,NaN,NaN,NaN,NaN,NaN,NaN,NaN
10,NaN,NaN,NaN,NaN,NaN,NaN,NaN,NaN
11,NaN,NaN,NaN,NaN,NaN,NaN,NaN,NaN
1,NaN,NaN,NaN,NaN,NaN,NaN,NaN,NaN
2,NaN,NaN,NaN,NaN,NaN,NaN,NaN,NaN
3,NaN,NaN,NaN,NaN,NaN,NaN,NaN,NaN
4,NaN,NaN,NaN,NaN,NaN,NaN,NaN,NaN
5,NaN,NaN,NaN,NaN,NaN,NaN,NaN,NaN
6,NaN,NaN,NaN,NaN,NaN,NaN,NaN,NaN
7,NaN,NaN,NaN,NaN,NaN,NaN,NaN,NaN
8,NaN,NaN,NaN,NaN,NaN,NaN,NaN,NaN
9,NaN,NaN,NaN,NaN,NaN,NaN,NaN,NaN
10,NaN,NaN,NaN,NaN,NaN,NaN,NaN,NaN
11,NaN,NaN,NaN,NaN,NaN,NaN,NaN,NaN
1,NaN,NaN,NaN,NaN,NaN,NaN,NaN,NaN
2,NaN,NaN,NaN,NaN,NaN,NaN,NaN,NaN
3,NaN,NaN,NaN,NaN,NaN,NaN,NaN,NaN
4,NaN,NaN,NaN,NaN,NaN,NaN,NaN,NaN
5,NaN,NaN,NaN,NaN,NaN,NaN,NaN,NaN
6,NaN,NaN,NaN,NaN,NaN,NaN,NaN,NaN
7,NaN,NaN,NaN,NaN,NaN,NaN,NaN,NaN
8,NaN,NaN,NaN,NaN,NaN,NaN,NaN,NaN
9,NaN,NaN,NaN,NaN,NaN,NaN,NaN,NaN
10,NaN,NaN,NaN,NaN,NaN,NaN,NaN,NaN
11,NaN,NaN,NaN,NaN,NaN,NaN,NaN,NaN
1,NaN,NaN,NaN,NaN,NaN,NaN,NaN,NaN
2,NaN,NaN,NaN,NaN,NaN,NaN,NaN,NaN
3,NaN,NaN,NaN,NaN,NaN,NaN,NaN,NaN
4,NaN,NaN,NaN,NaN,NaN,NaN,NaN,NaN
5,NaN,NaN,NaN,NaN,NaN,NaN,NaN,NaN
6,NaN,NaN,NaN,NaN,NaN,NaN,NaN,NaN
7,NaN,NaN,NaN,NaN,NaN,NaN,NaN,NaN
8,NaN,NaN,NaN,NaN,NaN,NaN,NaN,NaN
9,NaN,NaN,NaN,NaN,NaN,NaN,NaN,NaN
10,NaN,NaN,NaN,NaN,NaN,NaN,NaN,NaN
11,NaN,NaN,NaN,NaN,NaN,NaN,NaN,NaN
1,NaN,NaN,NaN,NaN,NaN,NaN,NaN,NaN
2,NaN,NaN,NaN,NaN,NaN,NaN,NaN,NaN
3,NaN,NaN,NaN,NaN,NaN,NaN,NaN,NaN
4,NaN,NaN,NaN,NaN,NaN,NaN,NaN,NaN
5,NaN,NaN,NaN,NaN,NaN,NaN,NaN,NaN
6,NaN,NaN,NaN,NaN,NaN,NaN,NaN,NaN
7,NaN,NaN,NaN,NaN,NaN,NaN,NaN,NaN
8,NaN,NaN,NaN,NaN,NaN,NaN,NaN,NaN
9,NaN,NaN,NaN,NaN,NaN,NaN,NaN,NaN
10,NaN,NaN,NaN,NaN,NaN,NaN,NaN,NaN
11,NaN,NaN,NaN,NaN,NaN,NaN,NaN,NaN
1,NaN,NaN,NaN,NaN,NaN,NaN,NaN,NaN
2,NaN,NaN,NaN,NaN,NaN,NaN,NaN,NaN
3,NaN,NaN,NaN,NaN,NaN,NaN,NaN,NaN
4,NaN,NaN,NaN,NaN,NaN,NaN,NaN,NaN
5,NaN,NaN,NaN,NaN,NaN,NaN,NaN,NaN
6,NaN,NaN,NaN,NaN,NaN,NaN,NaN,NaN
7,NaN,NaN,NaN,NaN,NaN,NaN,NaN,NaN
8,NaN,NaN,NaN,NaN,NaN,NaN,NaN,NaN
9,NaN,NaN,NaN,NaN,NaN,NaN,NaN,NaN
10,NaN,NaN,NaN,NaN,NaN,NaN,NaN,NaN
11,NaN,NaN,NaN,NaN,NaN,NaN,NaN,NaN
1,NaN,NaN,NaN,NaN,NaN,NaN,NaN,NaN
2,NaN,NaN,NaN,NaN,NaN,NaN,NaN,NaN
3,NaN,NaN,NaN,NaN,NaN,NaN,NaN,NaN
4,NaN,NaN,NaN,NaN,NaN,NaN,NaN,NaN
5,NaN,NaN,NaN,NaN,NaN,NaN,NaN,NaN
6,NaN,NaN,NaN,NaN,NaN,NaN,NaN,NaN
7,NaN,NaN,NaN,NaN,NaN,NaN,NaN,NaN
8,NaN,NaN,NaN,NaN,NaN,NaN,NaN,NaN
9,NaN,NaN,NaN,NaN,NaN,NaN,NaN,NaN
10,NaN,NaN,NaN,NaN,NaN,NaN,NaN,NaN
11,NaN,NaN,NaN,NaN,NaN,NaN,NaN,NaN
1,NaN,NaN,NaN,NaN,NaN,NaN,NaN,NaN
2,NaN,NaN,NaN,NaN,NaN,NaN,NaN,NaN
3,NaN,NaN,NaN,NaN,NaN,NaN,NaN,NaN
4,NaN,NaN,NaN,NaN,NaN,NaN,NaN,NaN
5,NaN,NaN,NaN,NaN,NaN,NaN,NaN,NaN
6,NaN,NaN,NaN,NaN,NaN,NaN,NaN,NaN
7,NaN,NaN,NaN,NaN,NaN,NaN,NaN,NaN
8,NaN,NaN,NaN,NaN,NaN,NaN,NaN,NaN
9,NaN,NaN,NaN,NaN,NaN,NaN,NaN,NaN
10,NaN,NaN,NaN,NaN,NaN,NaN,NaN,NaN
11,NaN,NaN,NaN,NaN,NaN,NaN,NaN,NaN
1,NaN,NaN,NaN,NaN,NaN,NaN,NaN,NaN
2,NaN,NaN,NaN,NaN,NaN,NaN,NaN,NaN
3,NaN,NaN,NaN,NaN,NaN,NaN,NaN,NaN
4,NaN,NaN,NaN,NaN,NaN,NaN,NaN,NaN
5,NaN,NaN,NaN,NaN,NaN,NaN,NaN,NaN
6,NaN,NaN,NaN,NaN,NaN,NaN,NaN,NaN
7,NaN,NaN,NaN,NaN,NaN,NaN,NaN,NaN
8,NaN,NaN,NaN,NaN,NaN,NaN,NaN,NaN
9,NaN,NaN,NaN,NaN,NaN,NaN,NaN,NaN
10,NaN,NaN,NaN,NaN,NaN,NaN,NaN,NaN
11,NaN,NaN,NaN,NaN,NaN,NaN,NaN,NaN
1,NaN,NaN,NaN,NaN,NaN,NaN,NaN,NaN
2,NaN,NaN,NaN,NaN,NaN,NaN,NaN,NaN
3,NaN,NaN,NaN,NaN,NaN,NaN,NaN,NaN
4,NaN,NaN,NaN,NaN,NaN,NaN,NaN,NaN
5,NaN,NaN,NaN,NaN,NaN,NaN,NaN,NaN
6,NaN,NaN,NaN,NaN,NaN,NaN,NaN,NaN
7,NaN,NaN,NaN,NaN,NaN,NaN,NaN,NaN
8,NaN,NaN,NaN,NaN,NaN,NaN,NaN,NaN
9,NaN,NaN,NaN,NaN,NaN,NaN,NaN,NaN
10,NaN,NaN,NaN,NaN,NaN,NaN,NaN,NaN
11,NaN,NaN,NaN,NaN,NaN,NaN,NaN,NaN
1,NaN,NaN,NaN,NaN,NaN,NaN,NaN,NaN
2,NaN,NaN,NaN,NaN,NaN,NaN,NaN,NaN
3,NaN,NaN,NaN,NaN,NaN,NaN,NaN,NaN
4,NaN,NaN,NaN,NaN,NaN,NaN,NaN,NaN
5,NaN,NaN,NaN,NaN,NaN,NaN,NaN,NaN
6,NaN,NaN,NaN,NaN,NaN,NaN,NaN,NaN
7,NaN,NaN,NaN,NaN,NaN,NaN,NaN,NaN
8,NaN,NaN,NaN,NaN,NaN,NaN,NaN,NaN
9,NaN,NaN,NaN,NaN,NaN,NaN,NaN,NaN
10,NaN,NaN,NaN,NaN,NaN,NaN,NaN,NaN
11,NaN,NaN,NaN,NaN,NaN,NaN,NaN,NaN
1,NaN,NaN,NaN,NaN,NaN,NaN,NaN,NaN
2,NaN,NaN,NaN,NaN,NaN,NaN,NaN,NaN
3,NaN,NaN,NaN,NaN,NaN,NaN,NaN,NaN
4,NaN,NaN,NaN,NaN,NaN,NaN,NaN,NaN
5,NaN,NaN,NaN,NaN,NaN,NaN,NaN,NaN
6,NaN,NaN,NaN,NaN,NaN,NaN,NaN,NaN
7,NaN,NaN,NaN,NaN,NaN,NaN,NaN,NaN
8,NaN,NaN,NaN,NaN,NaN,NaN,NaN,NaN
9,NaN,NaN,NaN,NaN,NaN,NaN,NaN,NaN
10,NaN,NaN,NaN,NaN,NaN,NaN,NaN,NaN
11,NaN,NaN,NaN,NaN,NaN,NaN,NaN,NaN
1,NaN,NaN,NaN,NaN,NaN,NaN,NaN,NaN
2,NaN,NaN,NaN,NaN,NaN,NaN,NaN,NaN
3,NaN,NaN,NaN,NaN,NaN,NaN,NaN,NaN
4,NaN,NaN,NaN,NaN,NaN,NaN,NaN,NaN
5,NaN,NaN,NaN,NaN,NaN,NaN,NaN,NaN
6,NaN,NaN,NaN,NaN,NaN,NaN,NaN,NaN
7,NaN,NaN,NaN,NaN,NaN,NaN,NaN,NaN
8,NaN,NaN,NaN,NaN,NaN,NaN,NaN,NaN
9,NaN,NaN,NaN,NaN,NaN,NaN,NaN,NaN
10,NaN,NaN,NaN,NaN,NaN,NaN,NaN,NaN
11,NaN,NaN,NaN,NaN,NaN,NaN,NaN,NaN
1,NaN,NaN,NaN,NaN,NaN,NaN,NaN,NaN
2,NaN,NaN,NaN,NaN,NaN,NaN,NaN,NaN
3,NaN,NaN,NaN,NaN,NaN,NaN,NaN,NaN
4,NaN,NaN,NaN,NaN,NaN,NaN,NaN,NaN
5,NaN,NaN,NaN,NaN,NaN,NaN,NaN,NaN
6,NaN,NaN,NaN,NaN,NaN,NaN,NaN,NaN
7,NaN,NaN,NaN,NaN,NaN,NaN,NaN,NaN
8,NaN,NaN,NaN,NaN,NaN,NaN,NaN,NaN
9,NaN,NaN,NaN,NaN,NaN,NaN,NaN,NaN
10,NaN,NaN,NaN,NaN,NaN,NaN,NaN,NaN
11,NaN,NaN,NaN,NaN,NaN,NaN,NaN,NaN
1,NaN,NaN,NaN,NaN,NaN,NaN,NaN,NaN
2,NaN,NaN,NaN,NaN,NaN,NaN,NaN,NaN
3,NaN,NaN,NaN,NaN,NaN,NaN,NaN,NaN
4,NaN,NaN,NaN,NaN,NaN,NaN,NaN,NaN
5,NaN,NaN,NaN,NaN,NaN,NaN,NaN,NaN
6,NaN,NaN,NaN,NaN,NaN,NaN,NaN,NaN
7,NaN,NaN,NaN,NaN,NaN,NaN,NaN,NaN
8,NaN,NaN,NaN,NaN,NaN,NaN,NaN,NaN
9,NaN,NaN,NaN,NaN,NaN,NaN,NaN,NaN
10,NaN,NaN,NaN,NaN,NaN,NaN,NaN,NaN
11,NaN,NaN,NaN,NaN,NaN,NaN,NaN,NaN
1,NaN,NaN,NaN,NaN,NaN,NaN,NaN,NaN
2,NaN,NaN,NaN,NaN,NaN,NaN,NaN,NaN
3,NaN,NaN,NaN,NaN,NaN,NaN,NaN,NaN
4,NaN,NaN,NaN,NaN,NaN,NaN,NaN,NaN
5,NaN,NaN,NaN,NaN,NaN,NaN,NaN,NaN
6,NaN,NaN,NaN,NaN,NaN,NaN,NaN,NaN
7,NaN,NaN,NaN,NaN,NaN,NaN,NaN,NaN
8,NaN,NaN,NaN,NaN,NaN,NaN,NaN,NaN
9,NaN,NaN,NaN,NaN,NaN,NaN,NaN,NaN
10,NaN,NaN,NaN,NaN,NaN,NaN,NaN,NaN
11,NaN,NaN,NaN,NaN,NaN,NaN,NaN,NaN
1,NaN,NaN,NaN,NaN,NaN,NaN,NaN,NaN
2,NaN,NaN,NaN,NaN,NaN,NaN,NaN,NaN
3,NaN,NaN,NaN,NaN,NaN,NaN,NaN,NaN
4,NaN,NaN,NaN,NaN,NaN,NaN,NaN,NaN
5,NaN,NaN,NaN,NaN,NaN,NaN,NaN,NaN
6,NaN,NaN,NaN,NaN,NaN,NaN,NaN,NaN
7,NaN,NaN,NaN,NaN,NaN,NaN,NaN,NaN
8,NaN,NaN,NaN,NaN,NaN,NaN,NaN,NaN
9,NaN,NaN,NaN,NaN,NaN,NaN,NaN,NaN
10,NaN,NaN,NaN,NaN,NaN,NaN,NaN,NaN
11,NaN,NaN,NaN,NaN,NaN,NaN,NaN,NaN
1,NaN,NaN,NaN,NaN,NaN,NaN,NaN,NaN
2,NaN,NaN,NaN,NaN,NaN,NaN,NaN,NaN
3,NaN,NaN,NaN,NaN,NaN,NaN,NaN,NaN
4,NaN,NaN,NaN,NaN,NaN,NaN,NaN,NaN
5,NaN,NaN,NaN,NaN,NaN,NaN,NaN,NaN
6,NaN,NaN,NaN,NaN,NaN,NaN,NaN,NaN
7,NaN,NaN,NaN,NaN,NaN,NaN,NaN,NaN
8,NaN,NaN,NaN,NaN,NaN,NaN,NaN,NaN
9,NaN,NaN,NaN,NaN,NaN,NaN,NaN,NaN
10,NaN,NaN,NaN,NaN,NaN,NaN,NaN,NaN
11,NaN,NaN,NaN,NaN,NaN,NaN,NaN,NaN
1,NaN,NaN,NaN,NaN,NaN,NaN,NaN,NaN
2,NaN,NaN,NaN,NaN,NaN,NaN,NaN,NaN
3,NaN,NaN,NaN,NaN,NaN,NaN,NaN,NaN
4,NaN,NaN,NaN,NaN,NaN,NaN,NaN,NaN
5,NaN,NaN,NaN,NaN,NaN,NaN,NaN,NaN
6,NaN,NaN,NaN,NaN,NaN,NaN,NaN,NaN
7,NaN,NaN,NaN,NaN,NaN,NaN,NaN,NaN
8,NaN,NaN,NaN,NaN,NaN,NaN,NaN,NaN
9,NaN,NaN,NaN,NaN,NaN,NaN,NaN,NaN
10,NaN,NaN,NaN,NaN,NaN,NaN,NaN,NaN
11,NaN,NaN,NaN,NaN,NaN,NaN,NaN,NaN
1,NaN,NaN,NaN,NaN,NaN,NaN,NaN,NaN
2,NaN,NaN,NaN,NaN,NaN,NaN,NaN,NaN
3,NaN,NaN,NaN,NaN,NaN,NaN,NaN,NaN
4,NaN,NaN,NaN,NaN,NaN,NaN,NaN,NaN
5,NaN,NaN,NaN,NaN,NaN,NaN,NaN,NaN
6,NaN,NaN,NaN,NaN,NaN,NaN,NaN,NaN
7,NaN,NaN,NaN,NaN,NaN,NaN,NaN,NaN
8,NaN,NaN,NaN,NaN,NaN,NaN,NaN,NaN
9,NaN,NaN,NaN,NaN,NaN,NaN,NaN,NaN
10,NaN,NaN,NaN,NaN,NaN,NaN,NaN,NaN
11,NaN,NaN,NaN,NaN,NaN,NaN,NaN,NaN
1,NaN,NaN,NaN,NaN,NaN,NaN,NaN,NaN
2,NaN,NaN,NaN,NaN,NaN,NaN,NaN,NaN
3,NaN,NaN,NaN,NaN,NaN,NaN,NaN,NaN
4,NaN,NaN,NaN,NaN,NaN,NaN,NaN,NaN
5,NaN,NaN,NaN,NaN,NaN,NaN,NaN,NaN
6,NaN,NaN,NaN,NaN,NaN,NaN,NaN,NaN
7,NaN,NaN,NaN,NaN,NaN,NaN,NaN,NaN
8,NaN,NaN,NaN,NaN,NaN,NaN,NaN,NaN
9,NaN,NaN,NaN,NaN,NaN,NaN,NaN,NaN
10,NaN,NaN,NaN,NaN,NaN,NaN,NaN,NaN
11,NaN,NaN,NaN,NaN,NaN,NaN,NaN,NaN
1,NaN,NaN,NaN,NaN,NaN,NaN,NaN,NaN
2,NaN,NaN,NaN,NaN,NaN,NaN,NaN,NaN
3,NaN,NaN,NaN,NaN,NaN,NaN,NaN,NaN
4,NaN,NaN,NaN,NaN,NaN,NaN,NaN,NaN
5,NaN,NaN,NaN,NaN,NaN,NaN,NaN,NaN
6,NaN,NaN,NaN,NaN,NaN,NaN,NaN,NaN
7,NaN,NaN,NaN,NaN,NaN,NaN,NaN,NaN
8,NaN,NaN,NaN,NaN,NaN,NaN,NaN,NaN
9,NaN,NaN,NaN,NaN,NaN,NaN,NaN,NaN
10,NaN,NaN,NaN,NaN,NaN,NaN,NaN,NaN
11,NaN,NaN,NaN,NaN,NaN,NaN,NaN,NaN
1,NaN,NaN,NaN,NaN,NaN,NaN,NaN,NaN
2,NaN,NaN,NaN,NaN,NaN,NaN,NaN,NaN
3,NaN,NaN,NaN,NaN,NaN,NaN,NaN,NaN
4,NaN,NaN,NaN,NaN,NaN,NaN,NaN,NaN
5,NaN,NaN,NaN,NaN,NaN,NaN,NaN,NaN
6,NaN,NaN,NaN,NaN,NaN,NaN,NaN,NaN
7,NaN,NaN,NaN,NaN,NaN,NaN,NaN,NaN
8,NaN,NaN,NaN,NaN,NaN,NaN,NaN,NaN
9,NaN,NaN,NaN,NaN,NaN,NaN,NaN,NaN
10,NaN,NaN,NaN,NaN,NaN,NaN,NaN,NaN
11,NaN,NaN,NaN,NaN,NaN,NaN,NaN,NaN
1,NaN,NaN,NaN,NaN,NaN,NaN,NaN,NaN
2,NaN,NaN,NaN,NaN,NaN,NaN,NaN,NaN
3,NaN,NaN,NaN,NaN,NaN,NaN,NaN,NaN
4,NaN,NaN,NaN,NaN,NaN,NaN,NaN,NaN
5,NaN,NaN,NaN,NaN,NaN,NaN,NaN,NaN
6,NaN,NaN,NaN,NaN,NaN,NaN,NaN,NaN
7,NaN,NaN,NaN,NaN,NaN,NaN,NaN,NaN
8,NaN,NaN,NaN,NaN,NaN,NaN,NaN,NaN
9,NaN,NaN,NaN,NaN,NaN,NaN,NaN,NaN
10,NaN,NaN,NaN,NaN,NaN,NaN,NaN,NaN
11,NaN,NaN,NaN,NaN,NaN,NaN,NaN,NaN
1,NaN,NaN,NaN,NaN,NaN,NaN,NaN,NaN
2,NaN,NaN,NaN,NaN,NaN,NaN,NaN,NaN
3,NaN,NaN,NaN,NaN,NaN,NaN,NaN,NaN
4,NaN,NaN,NaN,NaN,NaN,NaN,NaN,NaN
5,NaN,NaN,NaN,NaN,NaN,NaN,NaN,NaN
6,NaN,NaN,NaN,NaN,NaN,NaN,NaN,NaN
7,NaN,NaN,NaN,NaN,NaN,NaN,NaN,NaN
8,NaN,NaN,NaN,NaN,NaN,NaN,NaN,NaN
9,NaN,NaN,NaN,NaN,NaN,NaN,NaN,NaN
10,NaN,NaN,NaN,NaN,NaN,NaN,NaN,NaN
11,NaN,NaN,NaN,NaN,NaN,NaN,NaN,NaN
1,NaN,NaN,NaN,NaN,NaN,NaN,NaN,NaN
2,NaN,NaN,NaN,NaN,NaN,NaN,NaN,NaN
3,NaN,NaN,NaN,NaN,NaN,NaN,NaN,NaN
4,NaN,NaN,NaN,NaN,NaN,NaN,NaN,NaN
5,NaN,NaN,NaN,NaN,NaN,NaN,NaN,NaN
6,NaN,NaN,NaN,NaN,NaN,NaN,NaN,NaN
7,NaN,NaN,NaN,NaN,NaN,NaN,NaN,NaN
8,NaN,NaN,NaN,NaN,NaN,NaN,NaN,NaN
9,NaN,NaN,NaN,NaN,NaN,NaN,NaN,NaN
10,NaN,NaN,NaN,NaN,NaN,NaN,NaN,NaN
11,NaN,NaN,NaN,NaN,NaN,NaN,NaN,NaN
1,NaN,NaN,NaN,NaN,NaN,NaN,NaN,NaN
2,NaN,NaN,NaN,NaN,NaN,NaN,NaN,NaN
3,NaN,NaN,NaN,NaN,NaN,NaN,NaN,NaN
4,NaN,NaN,NaN,NaN,NaN,NaN,NaN,NaN
5,NaN,NaN,NaN,NaN,NaN,NaN,NaN,NaN
6,NaN,NaN,NaN,NaN,NaN,NaN,NaN,NaN
7,NaN,NaN,NaN,NaN,NaN,NaN,NaN,NaN
8,NaN,NaN,NaN,NaN,NaN,NaN,NaN,NaN
9,NaN,NaN,NaN,NaN,NaN,NaN,NaN,NaN
10,NaN,NaN,NaN,NaN,NaN,NaN,NaN,NaN
11,NaN,NaN,NaN,NaN,NaN,NaN,NaN,NaN
1,NaN,NaN,NaN,NaN,NaN,NaN,NaN,NaN
2,NaN,NaN,NaN,NaN,NaN,NaN,NaN,NaN
3,NaN,NaN,NaN,NaN,NaN,NaN,NaN,NaN
4,NaN,NaN,NaN,NaN,NaN,NaN,NaN,NaN
5,NaN,NaN,NaN,NaN,NaN,NaN,NaN,NaN
6,NaN,NaN,NaN,NaN,NaN,NaN,NaN,NaN
7,NaN,NaN,NaN,NaN,NaN,NaN,NaN,NaN
8,NaN,NaN,NaN,NaN,NaN,NaN,NaN,NaN
9,NaN,NaN,NaN,NaN,NaN,NaN,NaN,NaN
10,NaN,NaN,NaN,NaN,NaN,NaN,NaN,NaN
11,NaN,NaN,NaN,NaN,NaN,NaN,NaN,NaN
1,NaN,NaN,NaN,NaN,NaN,NaN,NaN,NaN
2,NaN,NaN,NaN,NaN,NaN,NaN,NaN,NaN
3,NaN,NaN,NaN,NaN,NaN,NaN,NaN,NaN
4,NaN,NaN,NaN,NaN,NaN,NaN,NaN,NaN
5,NaN,NaN,NaN,NaN,NaN,NaN,NaN,NaN
6,NaN,NaN,NaN,NaN,NaN,NaN,NaN,NaN
7,NaN,NaN,NaN,NaN,NaN,NaN,NaN,NaN
8,NaN,NaN,NaN,NaN,NaN,NaN,NaN,NaN
9,NaN,NaN,NaN,NaN,NaN,NaN,NaN,NaN
10,NaN,NaN,NaN,NaN,NaN,NaN,NaN,NaN
11,NaN,NaN,NaN,NaN,NaN,NaN,NaN,NaN
1,NaN,NaN,NaN,NaN,NaN,NaN,NaN,NaN
2,NaN,NaN,NaN,NaN,NaN,NaN,NaN,NaN
3,NaN,NaN,NaN,NaN,NaN,NaN,NaN,NaN
4,NaN,NaN,NaN,NaN,NaN,NaN,NaN,NaN
5,NaN,NaN,NaN,NaN,NaN,NaN,NaN,NaN
6,NaN,NaN,NaN,NaN,NaN,NaN,NaN,NaN
7,NaN,NaN,NaN,NaN,NaN,NaN,NaN,NaN
8,NaN,NaN,NaN,NaN,NaN,NaN,NaN,NaN
9,NaN,NaN,NaN,NaN,NaN,NaN,NaN,NaN
10,NaN,NaN,NaN,NaN,NaN,NaN,NaN,NaN
11,NaN,NaN,NaN,NaN,NaN,NaN,NaN,NaN
1,NaN,NaN,NaN,NaN,NaN,NaN,NaN,NaN
2,NaN,NaN,NaN,NaN,NaN,NaN,NaN,NaN
3,NaN,NaN,NaN,NaN,NaN,NaN,NaN,NaN
4,NaN,NaN,NaN,NaN,NaN,NaN,NaN,NaN
5,NaN,NaN,NaN,NaN,NaN,NaN,NaN,NaN
6,NaN,NaN,NaN,NaN,NaN,NaN,NaN,NaN
7,NaN,NaN,NaN,NaN,NaN,NaN,NaN,NaN
8,NaN,NaN,NaN,NaN,NaN,NaN,NaN,NaN
9,NaN,NaN,NaN,NaN,NaN,NaN,NaN,NaN
10,NaN,NaN,NaN,NaN,NaN,NaN,NaN,NaN
11,NaN,NaN,NaN,NaN,NaN,NaN,NaN,NaN
1,NaN,NaN,NaN,NaN,NaN,NaN,NaN,NaN
2,NaN,NaN,NaN,NaN,NaN,NaN,NaN,NaN
3,NaN,NaN,NaN,NaN,NaN,NaN,NaN,NaN
4,NaN,NaN,NaN,NaN,NaN,NaN,NaN,NaN
5,NaN,NaN,NaN,NaN,NaN,NaN,NaN,NaN
6,NaN,NaN,NaN,NaN,NaN,NaN,NaN,NaN
7,NaN,NaN,NaN,NaN,NaN,NaN,NaN,NaN
8,NaN,NaN,NaN,NaN,NaN,NaN,NaN,NaN
9,NaN,NaN,NaN,NaN,NaN,NaN,NaN,NaN
10,NaN,NaN,NaN,NaN,NaN,NaN,NaN,NaN
11,NaN,NaN,NaN,NaN,NaN,NaN,NaN,NaN
1,NaN,NaN,NaN,NaN,NaN,NaN,NaN,NaN
2,NaN,NaN,NaN,NaN,NaN,NaN,NaN,NaN
3,NaN,NaN,NaN,NaN,NaN,NaN,NaN,NaN
4,NaN,NaN,NaN,NaN,NaN,NaN,NaN,NaN
5,NaN,NaN,NaN,NaN,NaN,NaN,NaN,NaN
6,NaN,NaN,NaN,NaN,NaN,NaN,NaN,NaN
7,NaN,NaN,NaN,NaN,NaN,NaN,NaN,NaN
8,NaN,NaN,NaN,NaN,NaN,NaN,NaN,NaN
9,NaN,NaN,NaN,NaN,NaN,NaN,NaN,NaN
10,NaN,NaN,NaN,NaN,NaN,NaN,NaN,NaN
11,NaN,NaN,NaN,NaN,NaN,NaN,NaN,NaN
1,NaN,NaN,NaN,NaN,NaN,NaN,NaN,NaN
2,NaN,NaN,NaN,NaN,NaN,NaN,NaN,NaN
3,NaN,NaN,NaN,NaN,NaN,NaN,NaN,NaN
4,NaN,NaN,NaN,NaN,NaN,NaN,NaN,NaN
5,NaN,NaN,NaN,NaN,NaN,NaN,NaN,NaN
6,NaN,NaN,NaN,NaN,NaN,NaN,NaN,NaN
7,NaN,NaN,NaN,NaN,NaN,NaN,NaN,NaN
8,NaN,NaN,NaN,NaN,NaN,NaN,NaN,NaN
9,NaN,NaN,NaN,NaN,NaN,NaN,NaN,NaN
10,NaN,NaN,NaN,NaN,NaN,NaN,NaN,NaN
11,NaN,NaN,NaN,NaN,NaN,NaN,NaN,NaN
1,NaN,NaN,NaN,NaN,NaN,NaN,NaN,NaN
2,NaN,NaN,NaN,NaN,NaN,NaN,NaN,NaN
3,NaN,NaN,NaN,NaN,NaN,NaN,NaN,NaN
4,NaN,NaN,NaN,NaN,NaN,NaN,NaN,NaN
5,NaN,NaN,NaN,NaN,NaN,NaN,NaN,NaN
6,NaN,NaN,NaN,NaN,NaN,NaN,NaN,NaN
7,NaN,NaN,NaN,NaN,NaN,NaN,NaN,NaN
8,NaN,NaN,NaN,NaN,NaN,NaN,NaN,NaN
9,NaN,NaN,NaN,NaN,NaN,NaN,NaN,NaN
10,NaN,NaN,NaN,NaN,NaN,NaN,NaN,NaN
11,NaN,NaN,NaN,NaN,NaN,NaN,NaN,NaN
1,NaN,NaN,NaN,NaN,NaN,NaN,NaN,NaN
2,NaN,NaN,NaN,NaN,NaN,NaN,NaN,NaN
3,NaN,NaN,NaN,NaN,NaN,NaN,NaN,NaN
4,NaN,NaN,NaN,NaN,NaN,NaN,NaN,NaN
5,NaN,NaN,NaN,NaN,NaN,NaN,NaN,NaN
6,NaN,NaN,NaN,NaN,NaN,NaN,NaN,NaN
7,NaN,NaN,NaN,NaN,NaN,NaN,NaN,NaN
8,NaN,NaN,NaN,NaN,NaN,NaN,NaN,NaN
9,NaN,NaN,NaN,NaN,NaN,NaN,NaN,NaN
10,NaN,NaN,NaN,NaN,NaN,NaN,NaN,NaN
11,NaN,NaN,NaN,NaN,NaN,NaN,NaN,NaN
1,NaN,NaN,NaN,NaN,NaN,NaN,NaN,NaN
2,NaN,NaN,NaN,NaN,NaN,NaN,NaN,NaN
3,NaN,NaN,NaN,NaN,NaN,NaN,NaN,NaN
4,NaN,NaN,NaN,NaN,NaN,NaN,NaN,NaN
5,NaN,NaN,NaN,NaN,NaN,NaN,NaN,NaN
6,NaN,NaN,NaN,NaN,NaN,NaN,NaN,NaN
7,NaN,NaN,NaN,NaN,NaN,NaN,NaN,NaN
8,NaN,NaN,NaN,NaN,NaN,NaN,NaN,NaN
9,NaN,NaN,NaN,NaN,NaN,NaN,NaN,NaN
10,NaN,NaN,NaN,NaN,NaN,NaN,NaN,NaN
11,NaN,NaN,NaN,NaN,NaN,NaN,NaN,NaN
1,NaN,NaN,NaN,NaN,NaN,NaN,NaN,NaN
2,NaN,NaN,NaN,NaN,NaN,NaN,NaN,NaN
3,NaN,NaN,NaN,NaN,NaN,NaN,NaN,NaN
4,NaN,NaN,NaN,NaN,NaN,NaN,NaN,NaN
5,NaN,NaN,NaN,NaN,NaN,NaN,NaN,NaN
6,NaN,NaN,NaN,NaN,NaN,NaN,NaN,NaN
7,NaN,NaN,NaN,NaN,NaN,NaN,NaN,NaN
8,NaN,NaN,NaN,NaN,NaN,NaN,NaN,NaN
9,NaN,NaN,NaN,NaN,NaN,NaN,NaN,NaN
10,NaN,NaN,NaN,NaN,NaN,NaN,NaN,NaN
11,NaN,NaN,NaN,NaN,NaN,NaN,NaN,NaN
1,NaN,NaN,NaN,NaN,NaN,NaN,NaN,NaN
2,NaN,NaN,NaN,NaN,NaN,NaN,NaN,NaN
3,NaN,NaN,NaN,NaN,NaN,NaN,NaN,NaN
4,NaN,NaN,NaN,NaN,NaN,NaN,NaN,NaN
5,NaN,NaN,NaN,NaN,NaN,NaN,NaN,NaN
6,NaN,NaN,NaN,NaN,NaN,NaN,NaN,NaN
7,NaN,NaN,NaN,NaN,NaN,NaN,NaN,NaN
8,NaN,NaN,NaN,NaN,NaN,NaN,NaN,NaN
9,NaN,NaN,NaN,NaN,NaN,NaN,NaN,NaN
10,NaN,NaN,NaN,NaN,NaN,NaN,NaN,NaN
11,NaN,NaN,NaN,NaN,NaN,NaN,NaN,NaN
1,NaN,NaN,NaN,NaN,NaN,NaN,NaN,NaN
2,NaN,NaN,NaN,NaN,NaN,NaN,NaN,NaN
3,NaN,NaN,NaN,NaN,NaN,NaN,NaN,NaN
4,NaN,NaN,NaN,NaN,NaN,NaN,NaN,NaN
5,NaN,NaN,NaN,NaN,NaN,NaN,NaN,NaN
6,NaN,NaN,NaN,NaN,NaN,NaN,NaN,NaN
7,NaN,NaN,NaN,NaN,NaN,NaN,NaN,NaN
8,NaN,NaN,NaN,NaN,NaN,NaN,NaN,NaN
9,NaN,NaN,NaN,NaN,NaN,NaN,NaN,NaN
10,NaN,NaN,NaN,NaN,NaN,NaN,NaN,NaN
11,NaN,NaN,NaN,NaN,NaN,NaN,NaN,NaN
1,NaN,NaN,NaN,NaN,NaN,NaN,NaN,NaN
2,NaN,NaN,NaN,NaN,NaN,NaN,NaN,NaN
3,NaN,NaN,NaN,NaN,NaN,NaN,NaN,NaN
4,NaN,NaN,NaN,NaN,NaN,NaN,NaN,NaN
5,NaN,NaN,NaN,NaN,NaN,NaN,NaN,NaN
6,NaN,NaN,NaN,NaN,NaN,NaN,NaN,NaN
7,NaN,NaN,NaN,NaN,NaN,NaN,NaN,NaN
8,NaN,NaN,NaN,NaN,NaN,NaN,NaN,NaN
9,NaN,NaN,NaN,NaN,NaN,NaN,NaN,NaN
10,NaN,NaN,NaN,NaN,NaN,NaN,NaN,NaN
11,NaN,NaN,NaN,NaN,NaN,NaN,NaN,NaN
1,NaN,NaN,NaN,NaN,NaN,NaN,NaN,NaN
2,NaN,NaN,NaN,NaN,NaN,NaN,NaN,NaN
3,NaN,NaN,NaN,NaN,NaN,NaN,NaN,NaN
4,NaN,NaN,NaN,NaN,NaN,NaN,NaN,NaN
5,NaN,NaN,NaN,NaN,NaN,NaN,NaN,NaN
6,NaN,NaN,NaN,NaN,NaN,NaN,NaN,NaN
7,NaN,NaN,NaN,NaN,NaN,NaN,NaN,NaN
8,NaN,NaN,NaN,NaN,NaN,NaN,NaN,NaN
9,NaN,NaN,NaN,NaN,NaN,NaN,NaN,NaN
10,NaN,NaN,NaN,NaN,NaN,NaN,NaN,NaN
11,NaN,NaN,NaN,NaN,NaN,NaN,NaN,NaN
1,NaN,NaN,NaN,NaN,NaN,NaN,NaN,NaN
2,NaN,NaN,NaN,NaN,NaN,NaN,NaN,NaN
3,NaN,NaN,NaN,NaN,NaN,NaN,NaN,NaN
4,NaN,NaN,NaN,NaN,NaN,NaN,NaN,NaN
5,NaN,NaN,NaN,NaN,NaN,NaN,NaN,NaN
6,NaN,NaN,NaN,NaN,NaN,NaN,NaN,NaN
7,NaN,NaN,NaN,NaN,NaN,NaN,NaN,NaN
8,NaN,NaN,NaN,NaN,NaN,NaN,NaN,NaN
9,NaN,NaN,NaN,NaN,NaN,NaN,NaN,NaN
10,NaN,NaN,NaN,NaN,NaN,NaN,NaN,NaN
11,NaN,NaN,NaN,NaN,NaN,NaN,NaN,NaN
1,NaN,NaN,NaN,NaN,NaN,NaN,NaN,NaN
2,NaN,NaN,NaN,NaN,NaN,NaN,NaN,NaN
3,NaN,NaN,NaN,NaN,NaN,NaN,NaN,NaN
4,NaN,NaN,NaN,NaN,NaN,NaN,NaN,NaN
5,NaN,NaN,NaN,NaN,NaN,NaN,NaN,NaN
6,NaN,NaN,NaN,NaN,NaN,NaN,NaN,NaN
7,NaN,NaN,NaN,NaN,NaN,NaN,NaN,NaN
8,NaN,NaN,NaN,NaN,NaN,NaN,NaN,NaN
9,NaN,NaN,NaN,NaN,NaN,NaN,NaN,NaN
10,NaN,NaN,NaN,NaN,NaN,NaN,NaN,NaN
11,NaN,NaN,NaN,NaN,NaN,NaN,NaN,NaN
1,NaN,NaN,NaN,NaN,NaN,NaN,NaN,NaN
2,NaN,NaN,NaN,NaN,NaN,NaN,NaN,NaN
3,NaN,NaN,NaN,NaN,NaN,NaN,NaN,NaN
4,NaN,NaN,NaN,NaN,NaN,NaN,NaN,NaN
5,NaN,NaN,NaN,NaN,NaN,NaN,NaN,NaN
6,NaN,NaN,NaN,NaN,NaN,NaN,NaN,NaN
7,NaN,NaN,NaN,NaN,NaN,NaN,NaN,NaN
8,NaN,NaN,NaN,NaN,NaN,NaN,NaN,NaN
9,NaN,NaN,NaN,NaN,NaN,NaN,NaN,NaN
10,NaN,NaN,NaN,NaN,NaN,NaN,NaN,NaN
11,NaN,NaN,NaN,NaN,NaN,NaN,NaN,NaN
1,NaN,NaN,NaN,NaN,NaN,NaN,NaN,NaN
2,NaN,NaN,NaN,NaN,NaN,NaN,NaN,NaN
3,NaN,NaN,NaN,NaN,NaN,NaN,NaN,NaN
4,NaN,NaN,NaN,NaN,NaN,NaN,NaN,NaN
5,NaN,NaN,NaN,NaN,NaN,NaN,NaN,NaN
6,NaN,NaN,NaN,NaN,NaN,NaN,NaN,NaN
7,NaN,NaN,NaN,NaN,NaN,NaN,NaN,NaN
8,NaN,NaN,NaN,NaN,NaN,NaN,NaN,NaN
9,NaN,NaN,NaN,NaN,NaN,NaN,NaN,NaN
10,NaN,NaN,NaN,NaN,NaN,NaN,NaN,NaN
11,NaN,NaN,NaN,NaN,NaN,NaN,NaN,NaN
1,NaN,NaN,NaN,NaN,NaN,NaN,NaN,NaN
2,NaN,NaN,NaN,NaN,NaN,NaN,NaN,NaN
3,NaN,NaN,NaN,NaN,NaN,NaN,NaN,NaN
4,NaN,NaN,NaN,NaN,NaN,NaN,NaN,NaN
5,NaN,NaN,NaN,NaN,NaN,NaN,NaN,NaN
6,NaN,NaN,NaN,NaN,NaN,NaN,NaN,NaN
7,NaN,NaN,NaN,NaN,NaN,NaN,NaN,NaN
8,NaN,NaN,NaN,NaN,NaN,NaN,NaN,NaN
9,NaN,NaN,NaN,NaN,NaN,NaN,NaN,NaN
10,NaN,NaN,NaN,NaN,NaN,NaN,NaN,NaN
11,NaN,NaN,NaN,NaN,NaN,NaN,NaN,NaN
1,NaN,NaN,NaN,NaN,NaN,NaN,NaN,NaN
2,NaN,NaN,NaN,NaN,NaN,NaN,NaN,NaN
3,NaN,NaN,NaN,NaN,NaN,NaN,NaN,NaN
4,NaN,NaN,NaN,NaN,NaN,NaN,NaN,NaN
5,NaN,NaN,NaN,NaN,NaN,NaN,NaN,NaN
6,NaN,NaN,NaN,NaN,NaN,NaN,NaN,NaN
7,NaN,NaN,NaN,NaN,NaN,NaN,NaN,NaN
8,NaN,NaN,NaN,NaN,NaN,NaN,NaN,NaN
9,NaN,NaN,NaN,NaN,NaN,NaN,NaN,NaN
10,NaN,NaN,NaN,NaN,NaN,NaN,NaN,NaN
11,NaN,NaN,NaN,NaN,NaN,NaN,NaN,NaN
1,NaN,NaN,NaN,NaN,NaN,NaN,NaN,NaN
2,NaN,NaN,NaN,NaN,NaN,NaN,NaN,NaN
3,NaN,NaN,NaN,NaN,NaN,NaN,NaN,NaN
4,NaN,NaN,NaN,NaN,NaN,NaN,NaN,NaN
5,NaN,NaN,NaN,NaN,NaN,NaN,NaN,NaN
6,NaN,NaN,NaN,NaN,NaN,NaN,NaN,NaN
7,NaN,NaN,NaN,NaN,NaN,NaN,NaN,NaN
8,NaN,NaN,NaN,NaN,NaN,NaN,NaN,NaN
9,NaN,NaN,NaN,NaN,NaN,NaN,NaN,NaN
10,NaN,NaN,NaN,NaN,NaN,NaN,NaN,NaN
11,NaN,NaN,NaN,NaN,NaN,NaN,NaN,NaN
1,NaN,NaN,NaN,NaN,NaN,NaN,NaN,NaN
2,NaN,NaN,NaN,NaN,NaN,NaN,NaN,NaN
3,NaN,NaN,NaN,NaN,NaN,NaN,NaN,NaN
4,NaN,NaN,NaN,NaN,NaN,NaN,NaN,NaN
5,NaN,NaN,NaN,NaN,NaN,NaN,NaN,NaN
6,NaN,NaN,NaN,NaN,NaN,NaN,NaN,NaN
7,NaN,NaN,NaN,NaN,NaN,NaN,NaN,NaN
8,NaN,NaN,NaN,NaN,NaN,NaN,NaN,NaN
9,NaN,NaN,NaN,NaN,NaN,NaN,NaN,NaN
10,NaN,NaN,NaN,NaN,NaN,NaN,NaN,NaN
11,NaN,NaN,NaN,NaN,NaN,NaN,NaN,NaN
1,NaN,NaN,NaN,NaN,NaN,NaN,NaN,NaN
2,NaN,NaN,NaN,NaN,NaN,NaN,NaN,NaN
3,NaN,NaN,NaN,NaN,NaN,NaN,NaN,NaN
4,NaN,NaN,NaN,NaN,NaN,NaN,NaN,NaN
5,NaN,NaN,NaN,NaN,NaN,NaN,NaN,NaN
6,NaN,NaN,NaN,NaN,NaN,NaN,NaN,NaN
7,NaN,NaN,NaN,NaN,NaN,NaN,NaN,NaN
8,NaN,NaN,NaN,NaN,NaN,NaN,NaN,NaN
9,NaN,NaN,NaN,NaN,NaN,NaN,NaN,NaN
10,NaN,NaN,NaN,NaN,NaN,NaN,NaN,NaN
11,NaN,NaN,NaN,NaN,NaN,NaN,NaN,NaN
1,NaN,NaN,NaN,NaN,NaN,NaN,NaN,NaN
2,NaN,NaN,NaN,NaN,NaN,NaN,NaN,NaN
3,NaN,NaN,NaN,NaN,NaN,NaN,NaN,NaN
4,NaN,NaN,NaN,NaN,NaN,NaN,NaN,NaN
5,NaN,NaN,NaN,NaN,NaN,NaN,NaN,NaN
6,NaN,NaN,NaN,NaN,NaN,NaN,NaN,NaN
7,NaN,NaN,NaN,NaN,NaN,NaN,NaN,NaN
8,NaN,NaN,NaN,NaN,NaN,NaN,NaN,NaN
9,NaN,NaN,NaN,NaN,NaN,NaN,NaN,NaN
10,NaN,NaN,NaN,NaN,NaN,NaN,NaN,NaN
11,NaN,NaN,NaN,NaN,NaN,NaN,NaN,NaN
1,NaN,NaN,NaN,NaN,NaN,NaN,NaN,NaN
2,NaN,NaN,NaN,NaN,NaN,NaN,NaN,NaN
3,NaN,NaN,NaN,NaN,NaN,NaN,NaN,NaN
4,NaN,NaN,NaN,NaN,NaN,NaN,NaN,NaN
5,NaN,NaN,NaN,NaN,NaN,NaN,NaN,NaN
6,NaN,NaN,NaN,NaN,NaN,NaN,NaN,NaN
7,NaN,NaN,NaN,NaN,NaN,NaN,NaN,NaN
8,NaN,NaN,NaN,NaN,NaN,NaN,NaN,NaN
9,NaN,NaN,NaN,NaN,NaN,NaN,NaN,NaN
10,NaN,NaN,NaN,NaN,NaN,NaN,NaN,NaN
11,NaN,NaN,NaN,NaN,NaN,NaN,NaN,NaN
1,NaN,NaN,NaN,NaN,NaN,NaN,NaN,NaN
2,NaN,NaN,NaN,NaN,NaN,NaN,NaN,NaN
3,NaN,NaN,NaN,NaN,NaN,NaN,NaN,NaN
4,NaN,NaN,NaN,NaN,NaN,NaN,NaN,NaN
5,NaN,NaN,NaN,NaN,NaN,NaN,NaN,NaN
6,NaN,NaN,NaN,NaN,NaN,NaN,NaN,NaN
7,NaN,NaN,NaN,NaN,NaN,NaN,NaN,NaN
8,NaN,NaN,NaN,NaN,NaN,NaN,NaN,NaN
9,NaN,NaN,NaN,NaN,NaN,NaN,NaN,NaN
10,NaN,NaN,NaN,NaN,NaN,NaN,NaN,NaN
11,NaN,NaN,NaN,NaN,NaN,NaN,NaN,NaN
1,NaN,NaN,NaN,NaN,NaN,NaN,NaN,NaN
2,NaN,NaN,NaN,NaN,NaN,NaN,NaN,NaN
3,NaN,NaN,NaN,NaN,NaN,NaN,NaN,NaN
4,NaN,NaN,NaN,NaN,NaN,NaN,NaN,NaN
5,NaN,NaN,NaN,NaN,NaN,NaN,NaN,NaN
6,NaN,NaN,NaN,NaN,NaN,NaN,NaN,NaN
7,NaN,NaN,NaN,NaN,NaN,NaN,NaN,NaN
8,NaN,NaN,NaN,NaN,NaN,NaN,NaN,NaN
9,NaN,NaN,NaN,NaN,NaN,NaN,NaN,NaN
10,NaN,NaN,NaN,NaN,NaN,NaN,NaN,NaN
11,NaN,NaN,NaN,NaN,NaN,NaN,NaN,NaN
1,NaN,NaN,NaN,NaN,NaN,NaN,NaN,NaN
2,NaN,NaN,NaN,NaN,NaN,NaN,NaN,NaN
3,NaN,NaN,NaN,NaN,NaN,NaN,NaN,NaN
4,NaN,NaN,NaN,NaN,NaN,NaN,NaN,NaN
5,NaN,NaN,NaN,NaN,NaN,NaN,NaN,NaN
6,NaN,NaN,NaN,NaN,NaN,NaN,NaN,NaN
7,NaN,NaN,NaN,NaN,NaN,NaN,NaN,NaN
8,NaN,NaN,NaN,NaN,NaN,NaN,NaN,NaN
9,NaN,NaN,NaN,NaN,NaN,NaN,NaN,NaN
10,NaN,NaN,NaN,NaN,NaN,NaN,NaN,NaN
11,NaN,NaN,NaN,NaN,NaN,NaN,NaN,NaN
1,NaN,NaN,NaN,NaN,NaN,NaN,NaN,NaN
2,NaN,NaN,NaN,NaN,NaN,NaN,NaN,NaN
3,NaN,NaN,NaN,NaN,NaN,NaN,NaN,NaN
4,NaN,NaN,NaN,NaN,NaN,NaN,NaN,NaN
5,NaN,NaN,NaN,NaN,NaN,NaN,NaN,NaN
6,NaN,NaN,NaN,NaN,NaN,NaN,NaN,NaN
7,NaN,NaN,NaN,NaN,NaN,NaN,NaN,NaN
8,NaN,NaN,NaN,NaN,NaN,NaN,NaN,NaN
9,NaN,NaN,NaN,NaN,NaN,NaN,NaN,NaN
10,NaN,NaN,NaN,NaN,NaN,NaN,NaN,NaN
11,NaN,NaN,NaN,NaN,NaN,NaN,NaN,NaN
1,NaN,NaN,NaN,NaN,NaN,NaN,NaN,NaN
2,NaN,NaN,NaN,NaN,NaN,NaN,NaN,NaN
3,NaN,NaN,NaN,NaN,NaN,NaN,NaN,NaN
4,NaN,NaN,NaN,NaN,NaN,NaN,NaN,NaN
5,NaN,NaN,NaN,NaN,NaN,NaN,NaN,NaN
6,NaN,NaN,NaN,NaN,NaN,NaN,NaN,NaN
7,NaN,NaN,NaN,NaN,NaN,NaN,NaN,NaN
8,NaN,NaN,NaN,NaN,NaN,NaN,NaN,NaN
9,NaN,NaN,NaN,NaN,NaN,NaN,NaN,NaN
10,NaN,NaN,NaN,NaN,NaN,NaN,NaN,NaN
11,NaN,NaN,NaN,NaN,NaN,NaN,NaN,NaN
1,NaN,NaN,NaN,NaN,NaN,NaN,NaN,NaN
2,NaN,NaN,NaN,NaN,NaN,NaN,NaN,NaN
3,NaN,NaN,NaN,NaN,NaN,NaN,NaN,NaN
4,NaN,NaN,NaN,NaN,NaN,NaN,NaN,NaN
5,NaN,NaN,NaN,NaN,NaN,NaN,NaN,NaN
6,NaN,NaN,NaN,NaN,NaN,NaN,NaN,NaN
7,NaN,NaN,NaN,NaN,NaN,NaN,NaN,NaN
8,NaN,NaN,NaN,NaN,NaN,NaN,NaN,NaN
9,NaN,NaN,NaN,NaN,NaN,NaN,NaN,NaN
10,NaN,NaN,NaN,NaN,NaN,NaN,NaN,NaN
11,NaN,NaN,NaN,NaN,NaN,NaN,NaN,NaN
1,NaN,NaN,NaN,NaN,NaN,NaN,NaN,NaN
2,NaN,NaN,NaN,NaN,NaN,NaN,NaN,NaN
3,NaN,NaN,NaN,NaN,NaN,NaN,NaN,NaN
4,NaN,NaN,NaN,NaN,NaN,NaN,NaN,NaN
5,NaN,NaN,NaN,NaN,NaN,NaN,NaN,NaN
6,NaN,NaN,NaN,NaN,NaN,NaN,NaN,NaN
7,NaN,NaN,NaN,NaN,NaN,NaN,NaN,NaN
8,NaN,NaN,NaN,NaN,NaN,NaN,NaN,NaN
9,NaN,NaN,NaN,NaN,NaN,NaN,NaN,NaN
10,NaN,NaN,NaN,NaN,NaN,NaN,NaN,NaN
11,NaN,NaN,NaN,NaN,NaN,NaN,NaN,NaN
1,NaN,NaN,NaN,NaN,NaN,NaN,NaN,NaN
2,NaN,NaN,NaN,NaN,NaN,NaN,NaN,NaN
3,NaN,NaN,NaN,NaN,NaN,NaN,NaN,NaN
4,NaN,NaN,NaN,NaN,NaN,NaN,NaN,NaN
5,NaN,NaN,NaN,NaN,NaN,NaN,NaN,NaN
6,NaN,NaN,NaN,NaN,NaN,NaN,NaN,NaN
7,NaN,NaN,NaN,NaN,NaN,NaN,NaN,NaN
8,NaN,NaN,NaN,NaN,NaN,NaN,NaN,NaN
9,NaN,NaN,NaN,NaN,NaN,NaN,NaN,NaN
10,NaN,NaN,NaN,NaN,NaN,NaN,NaN,NaN
11,NaN,NaN,NaN,NaN,NaN,NaN,NaN,NaN
1,NaN,NaN,NaN,NaN,NaN,NaN,NaN,NaN
2,NaN,NaN,NaN,NaN,NaN,NaN,NaN,NaN
3,NaN,NaN,NaN,NaN,NaN,NaN,NaN,NaN
4,NaN,NaN,NaN,NaN,NaN,NaN,NaN,NaN
5,NaN,NaN,NaN,NaN,NaN,NaN,NaN,NaN
6,NaN,NaN,NaN,NaN,NaN,NaN,NaN,NaN
7,NaN,NaN,NaN,NaN,NaN,NaN,NaN,NaN
8,NaN,NaN,NaN,NaN,NaN,NaN,NaN,NaN
9,NaN,NaN,NaN,NaN,NaN,NaN,NaN,NaN
10,NaN,NaN,NaN,NaN,NaN,NaN,NaN,NaN
11,NaN,NaN,NaN,NaN,NaN,NaN,NaN,NaN
1,NaN,NaN,NaN,NaN,NaN,NaN,NaN,NaN
2,NaN,NaN,NaN,NaN,NaN,NaN,NaN,NaN
3,NaN,NaN,NaN,NaN,NaN,NaN,NaN,NaN
4,NaN,NaN,NaN,NaN,NaN,NaN,NaN,NaN
5,NaN,NaN,NaN,NaN,NaN,NaN,NaN,NaN
6,NaN,NaN,NaN,NaN,NaN,NaN,NaN,NaN
7,NaN,NaN,NaN,NaN,NaN,NaN,NaN,NaN
8,NaN,NaN,NaN,NaN,NaN,NaN,NaN,NaN
9,NaN,NaN,NaN,NaN,NaN,NaN,NaN,NaN
10,NaN,NaN,NaN,NaN,NaN,NaN,NaN,NaN
11,NaN,NaN,NaN,NaN,NaN,NaN,NaN,NaN
1,NaN,NaN,NaN,NaN,NaN,NaN,NaN,NaN
2,NaN,NaN,NaN,NaN,NaN,NaN,NaN,NaN
3,NaN,NaN,NaN,NaN,NaN,NaN,NaN,NaN
4,NaN,NaN,NaN,NaN,NaN,NaN,NaN,NaN
5,NaN,NaN,NaN,NaN,NaN,NaN,NaN,NaN
6,NaN,NaN,NaN,NaN,NaN,NaN,NaN,NaN
7,NaN,NaN,NaN,NaN,NaN,NaN,NaN,NaN
8,NaN,NaN,NaN,NaN,NaN,NaN,NaN,NaN
9,NaN,NaN,NaN,NaN,NaN,NaN,NaN,NaN
10,NaN,NaN,NaN,NaN,NaN,NaN,NaN,NaN
11,NaN,NaN,NaN,NaN,NaN,NaN,NaN,NaN
1,NaN,NaN,NaN,NaN,NaN,NaN,NaN,NaN
2,NaN,NaN,NaN,NaN,NaN,NaN,NaN,NaN
3,NaN,NaN,NaN,NaN,NaN,NaN,NaN,NaN
4,NaN,NaN,NaN,NaN,NaN,NaN,NaN,NaN
5,NaN,NaN,NaN,NaN,NaN,NaN,NaN,NaN
6,NaN,NaN,NaN,NaN,NaN,NaN,NaN,NaN
7,NaN,NaN,NaN,NaN,NaN,NaN,NaN,NaN
8,NaN,NaN,NaN,NaN,NaN,NaN,NaN,NaN
9,NaN,NaN,NaN,NaN,NaN,NaN,NaN,NaN
10,NaN,NaN,NaN,NaN,NaN,NaN,NaN,NaN
11,NaN,NaN,NaN,NaN,NaN,NaN,NaN,NaN
1,NaN,NaN,NaN,NaN,NaN,NaN,NaN,NaN
2,NaN,NaN,NaN,NaN,NaN,NaN,NaN,NaN
3,NaN,NaN,NaN,NaN,NaN,NaN,NaN,NaN
4,NaN,NaN,NaN,NaN,NaN,NaN,NaN,NaN
5,NaN,NaN,NaN,NaN,NaN,NaN,NaN,NaN
6,NaN,NaN,NaN,NaN,NaN,NaN,NaN,NaN
7,NaN,NaN,NaN,NaN,NaN,NaN,NaN,NaN
8,NaN,NaN,NaN,NaN,NaN,NaN,NaN,NaN
9,NaN,NaN,NaN,NaN,NaN,NaN,NaN,NaN
10,NaN,NaN,NaN,NaN,NaN,NaN,NaN,NaN
11,NaN,NaN,NaN,NaN,NaN,NaN,NaN,NaN
1,NaN,NaN,NaN,NaN,NaN,NaN,NaN,NaN
2,NaN,NaN,NaN,NaN,NaN,NaN,NaN,NaN
3,NaN,NaN,NaN,NaN,NaN,NaN,NaN,NaN
4,NaN,NaN,NaN,NaN,NaN,NaN,NaN,NaN
5,NaN,NaN,NaN,NaN,NaN,NaN,NaN,NaN
6,NaN,NaN,NaN,NaN,NaN,NaN,NaN,NaN
7,NaN,NaN,NaN,NaN,NaN,NaN,NaN,NaN
8,NaN,NaN,NaN,NaN,NaN,NaN,NaN,NaN
9,NaN,NaN,NaN,NaN,NaN,NaN,NaN,NaN
10,NaN,NaN,NaN,NaN,NaN,NaN,NaN,NaN
11,NaN,NaN,NaN,NaN,NaN,NaN,NaN,NaN
1,NaN,NaN,NaN,NaN,NaN,NaN,NaN,NaN
2,NaN,NaN,NaN,NaN,NaN,NaN,NaN,NaN
3,NaN,NaN,NaN,NaN,NaN,NaN,NaN,NaN
4,NaN,NaN,NaN,NaN,NaN,NaN,NaN,NaN
5,NaN,NaN,NaN,NaN,NaN,NaN,NaN,NaN
6,NaN,NaN,NaN,NaN,NaN,NaN,NaN,NaN
7,NaN,NaN,NaN,NaN,NaN,NaN,NaN,NaN
8,NaN,NaN,NaN,NaN,NaN,NaN,NaN,NaN
9,NaN,NaN,NaN,NaN,NaN,NaN,NaN,NaN
10,NaN,NaN,NaN,NaN,NaN,NaN,NaN,NaN
11,NaN,NaN,NaN,NaN,NaN,NaN,NaN,NaN
1,NaN,NaN,NaN,NaN,NaN,NaN,NaN,NaN
2,NaN,NaN,NaN,NaN,NaN,NaN,NaN,NaN
3,NaN,NaN,NaN,NaN,NaN,NaN,NaN,NaN
4,NaN,NaN,NaN,NaN,NaN,NaN,NaN,NaN
5,NaN,NaN,NaN,NaN,NaN,NaN,NaN,NaN
6,NaN,NaN,NaN,NaN,NaN,NaN,NaN,NaN
7,NaN,NaN,NaN,NaN,NaN,NaN,NaN,NaN
8,NaN,NaN,NaN,NaN,NaN,NaN,NaN,NaN
9,NaN,NaN,NaN,NaN,NaN,NaN,NaN,NaN
10,NaN,NaN,NaN,NaN,NaN,NaN,NaN,NaN
11,NaN,NaN,NaN,NaN,NaN,NaN,NaN,NaN
1,NaN,NaN,NaN,NaN,NaN,NaN,NaN,NaN
2,NaN,NaN,NaN,NaN,NaN,NaN,NaN,NaN
3,NaN,NaN,NaN,NaN,NaN,NaN,NaN,NaN
4,NaN,NaN,NaN,NaN,NaN,NaN,NaN,NaN
5,NaN,NaN,NaN,NaN,NaN,NaN,NaN,NaN
6,NaN,NaN,NaN,NaN,NaN,NaN,NaN,NaN
7,NaN,NaN,NaN,NaN,NaN,NaN,NaN,NaN
8,NaN,NaN,NaN,NaN,NaN,NaN,NaN,NaN
9,NaN,NaN,NaN,NaN,NaN,NaN,NaN,NaN
10,NaN,NaN,NaN,NaN,NaN,NaN,NaN,NaN
11,NaN,NaN,NaN,NaN,NaN,NaN,NaN,NaN
1,NaN,NaN,NaN,NaN,NaN,NaN,NaN,NaN
2,NaN,NaN,NaN,NaN,NaN,NaN,NaN,NaN
3,NaN,NaN,NaN,NaN,NaN,NaN,NaN,NaN
4,NaN,NaN,NaN,NaN,NaN,NaN,NaN,NaN
5,NaN,NaN,NaN,NaN,NaN,NaN,NaN,NaN
6,NaN,NaN,NaN,NaN,NaN,NaN,NaN,NaN
7,NaN,NaN,NaN,NaN,NaN,NaN,NaN,NaN
8,NaN,NaN,NaN,NaN,NaN,NaN,NaN,NaN
9,NaN,NaN,NaN,NaN,NaN,NaN,NaN,NaN
10,NaN,NaN,NaN,NaN,NaN,NaN,NaN,NaN
11,NaN,NaN,NaN,NaN,NaN,NaN,NaN,NaN
1,NaN,NaN,NaN,NaN,NaN,NaN,NaN,NaN
2,NaN,NaN,NaN,NaN,NaN,NaN,NaN,NaN
3,NaN,NaN,NaN,NaN,NaN,NaN,NaN,NaN
4,NaN,NaN,NaN,NaN,NaN,NaN,NaN,NaN
5,NaN,NaN,NaN,NaN,NaN,NaN,NaN,NaN
6,NaN,NaN,NaN,NaN,NaN,NaN,NaN,NaN
7,NaN,NaN,NaN,NaN,NaN,NaN,NaN,NaN
8,NaN,NaN,NaN,NaN,NaN,NaN,NaN,NaN
9,NaN,NaN,NaN,NaN,NaN,NaN,NaN,NaN
10,NaN,NaN,NaN,NaN,NaN,NaN,NaN,NaN
11,NaN,NaN,NaN,NaN,NaN,NaN,NaN,NaN
1,NaN,NaN,NaN,NaN,NaN,NaN,NaN,NaN
2,NaN,NaN,NaN,NaN,NaN,NaN,NaN,NaN
3,NaN,NaN,NaN,NaN,NaN,NaN,NaN,NaN
4,NaN,NaN,NaN,NaN,NaN,NaN,NaN,NaN
5,NaN,NaN,NaN,NaN,NaN,NaN,NaN,NaN
6,NaN,NaN,NaN,NaN,NaN,NaN,NaN,NaN
7,NaN,NaN,NaN,NaN,NaN,NaN,NaN,NaN
8,NaN,NaN,NaN,NaN,NaN,NaN,NaN,NaN
9,NaN,NaN,NaN,NaN,NaN,NaN,NaN,NaN
10,NaN,NaN,NaN,NaN,NaN,NaN,NaN,NaN
11,NaN,NaN,NaN,NaN,NaN,NaN,NaN,NaN
1,NaN,NaN,NaN,NaN,NaN,NaN,NaN,NaN
2,NaN,NaN,NaN,NaN,NaN,NaN,NaN,NaN
3,NaN,NaN,NaN,NaN,NaN,NaN,NaN,NaN
4,NaN,NaN,NaN,NaN,NaN,NaN,NaN,NaN
5,NaN,NaN,NaN,NaN,NaN,NaN,NaN,NaN
6,NaN,NaN,NaN,NaN,NaN,NaN,NaN,NaN
7,NaN,NaN,NaN,NaN,NaN,NaN,NaN,NaN
8,NaN,NaN,NaN,NaN,NaN,NaN,NaN,NaN
9,NaN,NaN,NaN,NaN,NaN,NaN,NaN,NaN
10,NaN,NaN,NaN,NaN,NaN,NaN,NaN,NaN
11,NaN,NaN,NaN,NaN,NaN,NaN,NaN,NaN
1,NaN,NaN,NaN,NaN,NaN,NaN,NaN,NaN
2,NaN,NaN,NaN,NaN,NaN,NaN,NaN,NaN
3,NaN,NaN,NaN,NaN,NaN,NaN,NaN,NaN
4,NaN,NaN,NaN,NaN,NaN,NaN,NaN,NaN
5,NaN,NaN,NaN,NaN,NaN,NaN,NaN,NaN
6,NaN,NaN,NaN,NaN,NaN,NaN,NaN,NaN
7,NaN,NaN,NaN,NaN,NaN,NaN,NaN,NaN
8,NaN,NaN,NaN,NaN,NaN,NaN,NaN,NaN
9,NaN,NaN,NaN,NaN,NaN,NaN,NaN,NaN
10,NaN,NaN,NaN,NaN,NaN,NaN,NaN,NaN
11,NaN,NaN,NaN,NaN,NaN,NaN,NaN,NaN
1,NaN,NaN,NaN,NaN,NaN,NaN,NaN,NaN
2,NaN,NaN,NaN,NaN,NaN,NaN,NaN,NaN
3,NaN,NaN,NaN,NaN,NaN,NaN,NaN,NaN
4,NaN,NaN,NaN,NaN,NaN,NaN,NaN,NaN
5,NaN,NaN,NaN,NaN,NaN,NaN,NaN,NaN
6,NaN,NaN,NaN,NaN,NaN,NaN,NaN,NaN
7,NaN,NaN,NaN,NaN,NaN,NaN,NaN,NaN
8,NaN,NaN,NaN,NaN,NaN,NaN,NaN,NaN
9,NaN,NaN,NaN,NaN,NaN,NaN,NaN,NaN
10,NaN,NaN,NaN,NaN,NaN,NaN,NaN,NaN
11,NaN,NaN,NaN,NaN,NaN,NaN,NaN,NaN
1,NaN,NaN,NaN,NaN,NaN,NaN,NaN,NaN
2,NaN,NaN,NaN,NaN,NaN,NaN,NaN,NaN
3,NaN,NaN,NaN,NaN,NaN,NaN,NaN,NaN
4,NaN,NaN,NaN,NaN,NaN,NaN,NaN,NaN
5,NaN,NaN,NaN,NaN,NaN,NaN,NaN,NaN
6,NaN,NaN,NaN,NaN,NaN,NaN,NaN,NaN
7,NaN,NaN,NaN,NaN,NaN,NaN,NaN,NaN
8,NaN,NaN,NaN,NaN,NaN,NaN,NaN,NaN
9,NaN,NaN,NaN,NaN,NaN,NaN,NaN,NaN
10,NaN,NaN,NaN,NaN,NaN,NaN,NaN,NaN
11,NaN,NaN,NaN,NaN,NaN,NaN,NaN,NaN
1,NaN,NaN,NaN,NaN,NaN,NaN,NaN,NaN
2,NaN,NaN,NaN,NaN,NaN,NaN,NaN,NaN
3,NaN,NaN,NaN,NaN,NaN,NaN,NaN,NaN
4,NaN,NaN,NaN,NaN,NaN,NaN,NaN,NaN
5,NaN,NaN,NaN,NaN,NaN,NaN,NaN,NaN
6,NaN,NaN,NaN,NaN,NaN,NaN,NaN,NaN
7,NaN,NaN,NaN,NaN,NaN,NaN,NaN,NaN
8,NaN,NaN,NaN,NaN,NaN,NaN,NaN,NaN
9,NaN,NaN,NaN,NaN,NaN,NaN,NaN,NaN
10,NaN,NaN,NaN,NaN,NaN,NaN,NaN,NaN
11,NaN,NaN,NaN,NaN,NaN,NaN,NaN,NaN
1,NaN,NaN,NaN,NaN,NaN,NaN,NaN,NaN
2,NaN,NaN,NaN,NaN,NaN,NaN,NaN,NaN
3,NaN,NaN,NaN,NaN,NaN,NaN,NaN,NaN
4,NaN,NaN,NaN,NaN,NaN,NaN,NaN,NaN
5,NaN,NaN,NaN,NaN,NaN,NaN,NaN,NaN
6,NaN,NaN,NaN,NaN,NaN,NaN,NaN,NaN
7,NaN,NaN,NaN,NaN,NaN,NaN,NaN,NaN
8,NaN,NaN,NaN,NaN,NaN,NaN,NaN,NaN
9,NaN,NaN,NaN,NaN,NaN,NaN,NaN,NaN
10,NaN,NaN,NaN,NaN,NaN,NaN,NaN,NaN
11,NaN,NaN,NaN,NaN,NaN,NaN,NaN,NaN
1,NaN,NaN,NaN,NaN,NaN,NaN,NaN,NaN
2,NaN,NaN,NaN,NaN,NaN,NaN,NaN,NaN
3,NaN,NaN,NaN,NaN,NaN,NaN,NaN,NaN
4,NaN,NaN,NaN,NaN,NaN,NaN,NaN,NaN
5,NaN,NaN,NaN,NaN,NaN,NaN,NaN,NaN
6,NaN,NaN,NaN,NaN,NaN,NaN,NaN,NaN
7,NaN,NaN,NaN,NaN,NaN,NaN,NaN,NaN
8,NaN,NaN,NaN,NaN,NaN,NaN,NaN,NaN
9,NaN,NaN,NaN,NaN,NaN,NaN,NaN,NaN
10,NaN,NaN,NaN,NaN,NaN,NaN,NaN,NaN
11,NaN,NaN,NaN,NaN,NaN,NaN,NaN,NaN
1,NaN,NaN,NaN,NaN,NaN,NaN,NaN,NaN
2,NaN,NaN,NaN,NaN,NaN,NaN,NaN,NaN
3,NaN,NaN,NaN,NaN,NaN,NaN,NaN,NaN
4,NaN,NaN,NaN,NaN,NaN,NaN,NaN,NaN
5,NaN,NaN,NaN,NaN,NaN,NaN,NaN,NaN
6,NaN,NaN,NaN,NaN,NaN,NaN,NaN,NaN
7,NaN,NaN,NaN,NaN,NaN,NaN,NaN,NaN
8,NaN,NaN,NaN,NaN,NaN,NaN,NaN,NaN
9,NaN,NaN,NaN,NaN,NaN,NaN,NaN,NaN
10,NaN,NaN,NaN,NaN,NaN,NaN,NaN,NaN
11,NaN,NaN,NaN,NaN,NaN,NaN,NaN,NaN
1,NaN,NaN,NaN,NaN,NaN,NaN,NaN,NaN
2,NaN,NaN,NaN,NaN,NaN,NaN,NaN,NaN
3,NaN,NaN,NaN,NaN,NaN,NaN,NaN,NaN
4,NaN,NaN,NaN,NaN,NaN,NaN,NaN,NaN
5,NaN,NaN,NaN,NaN,NaN,NaN,NaN,NaN
6,NaN,NaN,NaN,NaN,NaN,NaN,NaN,NaN
7,NaN,NaN,NaN,NaN,NaN,NaN,NaN,NaN
8,NaN,NaN,NaN,NaN,NaN,NaN,NaN,NaN
9,NaN,NaN,NaN,NaN,NaN,NaN,NaN,NaN
10,NaN,NaN,NaN,NaN,NaN,NaN,NaN,NaN
11,NaN,NaN,NaN,NaN,NaN,NaN,NaN,NaN
1,NaN,NaN,NaN,NaN,NaN,NaN,NaN,NaN
2,NaN,NaN,NaN,NaN,NaN,NaN,NaN,NaN
3,NaN,NaN,NaN,NaN,NaN,NaN,NaN,NaN
4,NaN,NaN,NaN,NaN,NaN,NaN,NaN,NaN
5,NaN,NaN,NaN,NaN,NaN,NaN,NaN,NaN
6,NaN,NaN,NaN,NaN,NaN,NaN,NaN,NaN
7,NaN,NaN,NaN,NaN,NaN,NaN,NaN,NaN
8,NaN,NaN,NaN,NaN,NaN,NaN,NaN,NaN
9,NaN,NaN,NaN,NaN,NaN,NaN,NaN,NaN
10,NaN,NaN,NaN,NaN,NaN,NaN,NaN,NaN
11,NaN,NaN,NaN,NaN,NaN,NaN,NaN,NaN
1,NaN,NaN,NaN,NaN,NaN,NaN,NaN,NaN
2,NaN,NaN,NaN,NaN,NaN,NaN,NaN,NaN
3,NaN,NaN,NaN,NaN,NaN,NaN,NaN,NaN
4,NaN,NaN,NaN,NaN,NaN,NaN,NaN,NaN
5,NaN,NaN,NaN,NaN,NaN,NaN,NaN,NaN
6,NaN,NaN,NaN,NaN,NaN,NaN,NaN,NaN
7,NaN,NaN,NaN,NaN,NaN,NaN,NaN,NaN
8,NaN,NaN,NaN,NaN,NaN,NaN,NaN,NaN
9,NaN,NaN,NaN,NaN,NaN,NaN,NaN,NaN
10,NaN,NaN,NaN,NaN,NaN,NaN,NaN,NaN
11,NaN,NaN,NaN,NaN,NaN,NaN,NaN,NaN
1,NaN,NaN,NaN,NaN,NaN,NaN,NaN,NaN
2,NaN,NaN,NaN,NaN,NaN,NaN,NaN,NaN
3,NaN,NaN,NaN,NaN,NaN,NaN,NaN,NaN
4,NaN,NaN,NaN,NaN,NaN,NaN,NaN,NaN
5,NaN,NaN,NaN,NaN,NaN,NaN,NaN,NaN
6,NaN,NaN,NaN,NaN,NaN,NaN,NaN,NaN
7,NaN,NaN,NaN,NaN,NaN,NaN,NaN,NaN
8,NaN,NaN,NaN,NaN,NaN,NaN,NaN,NaN
9,NaN,NaN,NaN,NaN,NaN,NaN,NaN,NaN
10,NaN,NaN,NaN,NaN,NaN,NaN,NaN,NaN
11,NaN,NaN,NaN,NaN,NaN,NaN,NaN,NaN
1,NaN,NaN,NaN,NaN,NaN,NaN,NaN,NaN
2,NaN,NaN,NaN,NaN,NaN,NaN,NaN,NaN
3,NaN,NaN,NaN,NaN,NaN,NaN,NaN,NaN
4,NaN,NaN,NaN,NaN,NaN,NaN,NaN,NaN
5,NaN,NaN,NaN,NaN,NaN,NaN,NaN,NaN
6,NaN,NaN,NaN,NaN,NaN,NaN,NaN,NaN
7,NaN,NaN,NaN,NaN,NaN,NaN,NaN,NaN
8,NaN,NaN,NaN,NaN,NaN,NaN,NaN,NaN
9,NaN,NaN,NaN,NaN,NaN,NaN,NaN,NaN
10,NaN,NaN,NaN,NaN,NaN,NaN,NaN,NaN
11,NaN,NaN,NaN,NaN,NaN,NaN,NaN,NaN
1,NaN,NaN,NaN,NaN,NaN,NaN,NaN,NaN
2,NaN,NaN,NaN,NaN,NaN,NaN,NaN,NaN
3,NaN,NaN,NaN,NaN,NaN,NaN,NaN,NaN
4,NaN,NaN,NaN,NaN,NaN,NaN,NaN,NaN
5,NaN,NaN,NaN,NaN,NaN,NaN,NaN,NaN
6,NaN,NaN,NaN,NaN,NaN,NaN,NaN,NaN
7,NaN,NaN,NaN,NaN,NaN,NaN,NaN,NaN
8,NaN,NaN,NaN,NaN,NaN,NaN,NaN,NaN
9,NaN,NaN,NaN,NaN,NaN,NaN,NaN,NaN
10,NaN,NaN,NaN,NaN,NaN,NaN,NaN,NaN
11,NaN,NaN,NaN,NaN,NaN,NaN,NaN,NaN
1,NaN,NaN,NaN,NaN,NaN,NaN,NaN,NaN
2,NaN,NaN,NaN,NaN,NaN,NaN,NaN,NaN
3,NaN,NaN,NaN,NaN,NaN,NaN,NaN,NaN
4,NaN,NaN,NaN,NaN,NaN,NaN,NaN,NaN
5,NaN,NaN,NaN,NaN,NaN,NaN,NaN,NaN
6,NaN,NaN,NaN,NaN,NaN,NaN,NaN,NaN
7,NaN,NaN,NaN,NaN,NaN,NaN,NaN,NaN
8,NaN,NaN,NaN,NaN,NaN,NaN,NaN,NaN
9,NaN,NaN,NaN,NaN,NaN,NaN,NaN,NaN
10,NaN,NaN,NaN,NaN,NaN,NaN,NaN,NaN
11,NaN,NaN,NaN,NaN,NaN,NaN,NaN,NaN
1,NaN,NaN,NaN,NaN,NaN,NaN,NaN,NaN
2,NaN,NaN,NaN,NaN,NaN,NaN,NaN,NaN
3,NaN,NaN,NaN,NaN,NaN,NaN,NaN,NaN
4,NaN,NaN,NaN,NaN,NaN,NaN,NaN,NaN
5,NaN,NaN,NaN,NaN,NaN,NaN,NaN,NaN
6,NaN,NaN,NaN,NaN,NaN,NaN,NaN,NaN
7,NaN,NaN,NaN,NaN,NaN,NaN,NaN,NaN
8,NaN,NaN,NaN,NaN,NaN,NaN,NaN,NaN
9,NaN,NaN,NaN,NaN,NaN,NaN,NaN,NaN
10,NaN,NaN,NaN,NaN,NaN,NaN,NaN,NaN
11,NaN,NaN,NaN,NaN,NaN,NaN,NaN,NaN
1,NaN,NaN,NaN,NaN,NaN,NaN,NaN,NaN
2,NaN,NaN,NaN,NaN,NaN,NaN,NaN,NaN
3,NaN,NaN,NaN,NaN,NaN,NaN,NaN,NaN
4,NaN,NaN,NaN,NaN,NaN,NaN,NaN,NaN
5,NaN,NaN,NaN,NaN,NaN,NaN,NaN,NaN
6,NaN,NaN,NaN,NaN,NaN,NaN,NaN,NaN
7,NaN,NaN,NaN,NaN,NaN,NaN,NaN,NaN
8,NaN,NaN,NaN,NaN,NaN,NaN,NaN,NaN
9,NaN,NaN,NaN,NaN,NaN,NaN,NaN,NaN
10,NaN,NaN,NaN,NaN,NaN,NaN,NaN,NaN
11,NaN,NaN,NaN,NaN,NaN,NaN,NaN,NaN
1,NaN,NaN,NaN,NaN,NaN,NaN,NaN,NaN
2,NaN,NaN,NaN,NaN,NaN,NaN,NaN,NaN
3,NaN,NaN,NaN,NaN,NaN,NaN,NaN,NaN
4,NaN,NaN,NaN,NaN,NaN,NaN,NaN,NaN
5,NaN,NaN,NaN,NaN,NaN,NaN,NaN,NaN
6,NaN,NaN,NaN,NaN,NaN,NaN,NaN,NaN
7,NaN,NaN,NaN,NaN,NaN,NaN,NaN,NaN
8,NaN,NaN,NaN,NaN,NaN,NaN,NaN,NaN
9,NaN,NaN,NaN,NaN,NaN,NaN,NaN,NaN
10,NaN,NaN,NaN,NaN,NaN,NaN,NaN,NaN
11,NaN,NaN,NaN,NaN,NaN,NaN,NaN,NaN
1,NaN,NaN,NaN,NaN,NaN,NaN,NaN,NaN
2,NaN,NaN,NaN,NaN,NaN,NaN,NaN,NaN
3,NaN,NaN,NaN,NaN,NaN,NaN,NaN,NaN
4,NaN,NaN,NaN,NaN,NaN,NaN,NaN,NaN
5,NaN,NaN,NaN,NaN,NaN,NaN,NaN,NaN
6,NaN,NaN,NaN,NaN,NaN,NaN,NaN,NaN
7,NaN,NaN,NaN,NaN,NaN,NaN,NaN,NaN
8,NaN,NaN,NaN,NaN,NaN,NaN,NaN,NaN
9,NaN,NaN,NaN,NaN,NaN,NaN,NaN,NaN
10,NaN,NaN,NaN,NaN,NaN,NaN,NaN,NaN
11,NaN,NaN,NaN,NaN,NaN,NaN,NaN,NaN
1,NaN,NaN,NaN,NaN,NaN,NaN,NaN,NaN
2,NaN,NaN,NaN,NaN,NaN,NaN,NaN,NaN
3,NaN,NaN,NaN,NaN,NaN,NaN,NaN,NaN
4,NaN,NaN,NaN,NaN,NaN,NaN,NaN,NaN
5,NaN,NaN,NaN,NaN,NaN,NaN,NaN,NaN
6,NaN,NaN,NaN,NaN,NaN,NaN,NaN,NaN
7,NaN,NaN,NaN,NaN,NaN,NaN,NaN,NaN
8,NaN,NaN,NaN,NaN,NaN,NaN,NaN,NaN
9,NaN,NaN,NaN,NaN,NaN,NaN,NaN,NaN
10,NaN,NaN,NaN,NaN,NaN,NaN,NaN,NaN
11,NaN,NaN,NaN,NaN,NaN,NaN,NaN,NaN
1,NaN,NaN,NaN,NaN,NaN,NaN,NaN,NaN
2,NaN,NaN,NaN,NaN,NaN,NaN,NaN,NaN
3,NaN,NaN,NaN,NaN,NaN,NaN,NaN,NaN
4,NaN,NaN,NaN,NaN,NaN,NaN,NaN,NaN
5,NaN,NaN,NaN,NaN,NaN,NaN,NaN,NaN
6,NaN,NaN,NaN,NaN,NaN,NaN,NaN,NaN
7,NaN,NaN,NaN,NaN,NaN,NaN,NaN,NaN
8,NaN,NaN,NaN,NaN,NaN,NaN,NaN,NaN
9,NaN,NaN,NaN,NaN,NaN,NaN,NaN,NaN
10,NaN,NaN,NaN,NaN,NaN,NaN,NaN,NaN
11,NaN,NaN,NaN,NaN,NaN,NaN,NaN,NaN
1,NaN,NaN,NaN,NaN,NaN,NaN,NaN,NaN
2,NaN,NaN,NaN,NaN,NaN,NaN,NaN,NaN
3,NaN,NaN,NaN,NaN,NaN,NaN,NaN,NaN
4,NaN,NaN,NaN,NaN,NaN,NaN,NaN,NaN
5,NaN,NaN,NaN,NaN,NaN,NaN,NaN,NaN
6,NaN,NaN,NaN,NaN,NaN,NaN,NaN,NaN
7,NaN,NaN,NaN,NaN,NaN,NaN,NaN,NaN
8,NaN,NaN,NaN,NaN,NaN,NaN,NaN,NaN
9,NaN,NaN,NaN,NaN,NaN,NaN,NaN,NaN
10,NaN,NaN,NaN,NaN,NaN,NaN,NaN,NaN
11,NaN,NaN,NaN,NaN,NaN,NaN,NaN,NaN
1,NaN,NaN,NaN,NaN,NaN,NaN,NaN,NaN
2,NaN,NaN,NaN,NaN,NaN,NaN,NaN,NaN
3,NaN,NaN,NaN,NaN,NaN,NaN,NaN,NaN
4,NaN,NaN,NaN,NaN,NaN,NaN,NaN,NaN
5,NaN,NaN,NaN,NaN,NaN,NaN,NaN,NaN
6,NaN,NaN,NaN,NaN,NaN,NaN,NaN,NaN
7,NaN,NaN,NaN,NaN,NaN,NaN,NaN,NaN
8,NaN,NaN,NaN,NaN,NaN,NaN,NaN,NaN
9,NaN,NaN,NaN,NaN,NaN,NaN,NaN,NaN
10,NaN,NaN,NaN,NaN,NaN,NaN,NaN,NaN
11,NaN,NaN,NaN,NaN,NaN,NaN,NaN,NaN
1,NaN,NaN,NaN,NaN,NaN,NaN,NaN,NaN
2,NaN,NaN,NaN,NaN,NaN,NaN,NaN,NaN
3,NaN,NaN,NaN,NaN,NaN,NaN,NaN,NaN
4,NaN,NaN,NaN,NaN,NaN,NaN,NaN,NaN
5,NaN,NaN,NaN,NaN,NaN,NaN,NaN,NaN
6,NaN,NaN,NaN,NaN,NaN,NaN,NaN,NaN
7,NaN,NaN,NaN,NaN,NaN,NaN,NaN,NaN
8,NaN,NaN,NaN,NaN,NaN,NaN,NaN,NaN
9,NaN,NaN,NaN,NaN,NaN,NaN,NaN,NaN
10,NaN,NaN,NaN,NaN,NaN,NaN,NaN,NaN
11,NaN,NaN,NaN,NaN,NaN,NaN,NaN,NaN
1,NaN,NaN,NaN,NaN,NaN,NaN,NaN,NaN
2,NaN,NaN,NaN,NaN,NaN,NaN,NaN,NaN
3,NaN,NaN,NaN,NaN,NaN,NaN,NaN,NaN
4,NaN,NaN,NaN,NaN,NaN,NaN,NaN,NaN
5,NaN,NaN,NaN,NaN,NaN,NaN,NaN,NaN
6,NaN,NaN,NaN,NaN,NaN,NaN,NaN,NaN
7,NaN,NaN,NaN,NaN,NaN,NaN,NaN,NaN
8,NaN,NaN,NaN,NaN,NaN,NaN,NaN,NaN
9,NaN,NaN,NaN,NaN,NaN,NaN,NaN,NaN
10,NaN,NaN,NaN,NaN,NaN,NaN,NaN,NaN
11,NaN,NaN,NaN,NaN,NaN,NaN,NaN,NaN
1,NaN,NaN,NaN,NaN,NaN,NaN,NaN,NaN
2,NaN,NaN,NaN,NaN,NaN,NaN,NaN,NaN
3,NaN,NaN,NaN,NaN,NaN,NaN,NaN,NaN
4,NaN,NaN,NaN,NaN,NaN,NaN,NaN,NaN
5,NaN,NaN,NaN,NaN,NaN,NaN,NaN,NaN
6,NaN,NaN,NaN,NaN,NaN,NaN,NaN,NaN
7,NaN,NaN,NaN,NaN,NaN,NaN,NaN,NaN
8,NaN,NaN,NaN,NaN,NaN,NaN,NaN,NaN
9,NaN,NaN,NaN,NaN,NaN,NaN,NaN,NaN
10,NaN,NaN,NaN,NaN,NaN,NaN,NaN,NaN
11,NaN,NaN,NaN,NaN,NaN,NaN,NaN,NaN
1,NaN,NaN,NaN,NaN,NaN,NaN,NaN,NaN
2,NaN,NaN,NaN,NaN,NaN,NaN,NaN,NaN
3,NaN,NaN,NaN,NaN,NaN,NaN,NaN,NaN
4,NaN,NaN,NaN,NaN,NaN,NaN,NaN,NaN
5,NaN,NaN,NaN,NaN,NaN,NaN,NaN,NaN
6,NaN,NaN,NaN,NaN,NaN,NaN,NaN,NaN
7,NaN,NaN,NaN,NaN,NaN,NaN,NaN,NaN
8,NaN,NaN,NaN,NaN,NaN,NaN,NaN,NaN
9,NaN,NaN,NaN,NaN,NaN,NaN,NaN,NaN
10,NaN,NaN,NaN,NaN,NaN,NaN,NaN,NaN
11,NaN,NaN,NaN,NaN,NaN,NaN,NaN,NaN
1,NaN,NaN,NaN,NaN,NaN,NaN,NaN,NaN
2,NaN,NaN,NaN,NaN,NaN,NaN,NaN,NaN
3,NaN,NaN,NaN,NaN,NaN,NaN,NaN,NaN
4,NaN,NaN,NaN,NaN,NaN,NaN,NaN,NaN
5,NaN,NaN,NaN,NaN,NaN,NaN,NaN,NaN
6,NaN,NaN,NaN,NaN,NaN,NaN,NaN,NaN
7,NaN,NaN,NaN,NaN,NaN,NaN,NaN,NaN
8,NaN,NaN,NaN,NaN,NaN,NaN,NaN,NaN
9,NaN,NaN,NaN,NaN,NaN,NaN,NaN,NaN
10,NaN,NaN,NaN,NaN,NaN,NaN,NaN,NaN
11,NaN,NaN,NaN,NaN,NaN,NaN,NaN,NaN
1,NaN,NaN,NaN,NaN,NaN,NaN,NaN,NaN
2,NaN,NaN,NaN,NaN,NaN,NaN,NaN,NaN
3,NaN,NaN,NaN,NaN,NaN,NaN,NaN,NaN
4,NaN,NaN,NaN,NaN,NaN,NaN,NaN,NaN
5,NaN,NaN,NaN,NaN,NaN,NaN,NaN,NaN
6,NaN,NaN,NaN,NaN,NaN,NaN,NaN,NaN
7,NaN,NaN,NaN,NaN,NaN,NaN,NaN,NaN
8,NaN,NaN,NaN,NaN,NaN,NaN,NaN,NaN
9,NaN,NaN,NaN,NaN,NaN,NaN,NaN,NaN
10,NaN,NaN,NaN,NaN,NaN,NaN,NaN,NaN
11,NaN,NaN,NaN,NaN,NaN,NaN,NaN,NaN
1,NaN,NaN,NaN,NaN,NaN,NaN,NaN,NaN
2,NaN,NaN,NaN,NaN,NaN,NaN,NaN,NaN
3,NaN,NaN,NaN,NaN,NaN,NaN,NaN,NaN
4,NaN,NaN,NaN,NaN,NaN,NaN,NaN,NaN
5,NaN,NaN,NaN,NaN,NaN,NaN,NaN,NaN
6,NaN,NaN,NaN,NaN,NaN,NaN,NaN,NaN
7,NaN,NaN,NaN,NaN,NaN,NaN,NaN,NaN
8,NaN,NaN,NaN,NaN,NaN,NaN,NaN,NaN
9,NaN,NaN,NaN,NaN,NaN,NaN,NaN,NaN
10,NaN,NaN,NaN,NaN,NaN,NaN,NaN,NaN
11,NaN,NaN,NaN,NaN,NaN,NaN,NaN,NaN
1,NaN,NaN,NaN,NaN,NaN,NaN,NaN,NaN
2,NaN,NaN,NaN,NaN,NaN,NaN,NaN,NaN
3,NaN,NaN,NaN,NaN,NaN,NaN,NaN,NaN
4,NaN,NaN,NaN,NaN,NaN,NaN,NaN,NaN
5,NaN,NaN,NaN,NaN,NaN,NaN,NaN,NaN
6,NaN,NaN,NaN,NaN,NaN,NaN,NaN,NaN
7,NaN,NaN,NaN,NaN,NaN,NaN,NaN,NaN
8,NaN,NaN,NaN,NaN,NaN,NaN,NaN,NaN
9,NaN,NaN,NaN,NaN,NaN,NaN,NaN,NaN
10,NaN,NaN,NaN,NaN,NaN,NaN,NaN,NaN
11,NaN,NaN,NaN,NaN,NaN,NaN,NaN,NaN
1,NaN,NaN,NaN,NaN,NaN,NaN,NaN,NaN
2,NaN,NaN,NaN,NaN,NaN,NaN,NaN,NaN
3,NaN,NaN,NaN,NaN,NaN,NaN,NaN,NaN
4,NaN,NaN,NaN,NaN,NaN,NaN,NaN,NaN
5,NaN,NaN,NaN,NaN,NaN,NaN,NaN,NaN
6,NaN,NaN,NaN,NaN,NaN,NaN,NaN,NaN
7,NaN,NaN,NaN,NaN,NaN,NaN,NaN,NaN
8,NaN,NaN,NaN,NaN,NaN,NaN,NaN,NaN
9,NaN,NaN,NaN,NaN,NaN,NaN,NaN,NaN
10,NaN,NaN,NaN,NaN,NaN,NaN,NaN,NaN
11,NaN,NaN,NaN,NaN,NaN,NaN,NaN,NaN
1,NaN,NaN,NaN,NaN,NaN,NaN,NaN,NaN
2,NaN,NaN,NaN,NaN,NaN,NaN,NaN,NaN
3,NaN,NaN,NaN,NaN,NaN,NaN,NaN,NaN
4,NaN,NaN,NaN,NaN,NaN,NaN,NaN,NaN
5,NaN,NaN,NaN,NaN,NaN,NaN,NaN,NaN
6,NaN,NaN,NaN,NaN,NaN,NaN,NaN,NaN
7,NaN,NaN,NaN,NaN,NaN,NaN,NaN,NaN
8,NaN,NaN,NaN,NaN,NaN,NaN,NaN,NaN
9,NaN,NaN,NaN,NaN,NaN,NaN,NaN,NaN
10,NaN,NaN,NaN,NaN,NaN,NaN,NaN,NaN
11,NaN,NaN,NaN,NaN,NaN,NaN,NaN,NaN
1,NaN,NaN,NaN,NaN,NaN,NaN,NaN,NaN
2,NaN,NaN,NaN,NaN,NaN,NaN,NaN,NaN
3,NaN,NaN,NaN,NaN,NaN,NaN,NaN,NaN
4,NaN,NaN,NaN,NaN,NaN,NaN,NaN,NaN
5,NaN,NaN,NaN,NaN,NaN,NaN,NaN,NaN
6,NaN,NaN,NaN,NaN,NaN,NaN,NaN,NaN
7,NaN,NaN,NaN,NaN,NaN,NaN,NaN,NaN
8,NaN,NaN,NaN,NaN,NaN,NaN,NaN,NaN
9,NaN,NaN,NaN,NaN,NaN,NaN,NaN,NaN
10,NaN,NaN,NaN,NaN,NaN,NaN,NaN,NaN
11,NaN,NaN,NaN,NaN,NaN,NaN,NaN,NaN
1,NaN,NaN,NaN,NaN,NaN,NaN,NaN,NaN
2,NaN,NaN,NaN,NaN,NaN,NaN,NaN,NaN
3,NaN,NaN,NaN,NaN,NaN,NaN,NaN,NaN
4,NaN,NaN,NaN,NaN,NaN,NaN,NaN,NaN
5,NaN,NaN,NaN,NaN,NaN,NaN,NaN,NaN
6,NaN,NaN,NaN,NaN,NaN,NaN,NaN,NaN
7,NaN,NaN,NaN,NaN,NaN,NaN,NaN,NaN
8,NaN,NaN,NaN,NaN,NaN,NaN,NaN,NaN
9,NaN,NaN,NaN,NaN,NaN,NaN,NaN,NaN
10,NaN,NaN,NaN,NaN,NaN,NaN,NaN,NaN
11,NaN,NaN,NaN,NaN,NaN,NaN,NaN,NaN
1,NaN,NaN,NaN,NaN,NaN,NaN,NaN,NaN
2,NaN,NaN,NaN,NaN,NaN,NaN,NaN,NaN
3,NaN,NaN,NaN,NaN,NaN,NaN,NaN,NaN
4,NaN,NaN,NaN,NaN,NaN,NaN,NaN,NaN
5,NaN,NaN,NaN,NaN,NaN,NaN,NaN,NaN
6,NaN,NaN,NaN,NaN,NaN,NaN,NaN,NaN
7,NaN,NaN,NaN,NaN,NaN,NaN,NaN,NaN
8,NaN,NaN,NaN,NaN,NaN,NaN,NaN,NaN
9,NaN,NaN,NaN,NaN,NaN,NaN,NaN,NaN
10,NaN,NaN,NaN,NaN,NaN,NaN,NaN,NaN
11,NaN,NaN,NaN,NaN,NaN,NaN,NaN,NaN
1,NaN,NaN,NaN,NaN,NaN,NaN,NaN,NaN
2,NaN,NaN,NaN,NaN,NaN,NaN,NaN,NaN
3,NaN,NaN,NaN,NaN,NaN,NaN,NaN,NaN
4,NaN,NaN,NaN,NaN,NaN,NaN,NaN,NaN
5,NaN,NaN,NaN,NaN,NaN,NaN,NaN,NaN
6,NaN,NaN,NaN,NaN,NaN,NaN,NaN,NaN
7,NaN,NaN,NaN,NaN,NaN,NaN,NaN,NaN
8,NaN,NaN,NaN,NaN,NaN,NaN,NaN,NaN
9,NaN,NaN,NaN,NaN,NaN,NaN,NaN,NaN
10,NaN,NaN,NaN,NaN,NaN,NaN,NaN,NaN
11,NaN,NaN,NaN,NaN,NaN,NaN,NaN,NaN
1,NaN,NaN,NaN,NaN,NaN,NaN,NaN,NaN
2,NaN,NaN,NaN,NaN,NaN,NaN,NaN,NaN
3,NaN,NaN,NaN,NaN,NaN,NaN,NaN,NaN
4,NaN,NaN,NaN,NaN,NaN,NaN,NaN,NaN
5,NaN,NaN,NaN,NaN,NaN,NaN,NaN,NaN
6,NaN,NaN,NaN,NaN,NaN,NaN,NaN,NaN
7,NaN,NaN,NaN,NaN,NaN,NaN,NaN,NaN
8,NaN,NaN,NaN,NaN,NaN,NaN,NaN,NaN
9,NaN,NaN,NaN,NaN,NaN,NaN,NaN,NaN
10,NaN,NaN,NaN,NaN,NaN,NaN,NaN,NaN
11,NaN,NaN,NaN,NaN,NaN,NaN,NaN,NaN
1,NaN,NaN,NaN,NaN,NaN,NaN,NaN,NaN
2,NaN,NaN,NaN,NaN,NaN,NaN,NaN,NaN
3,NaN,NaN,NaN,NaN,NaN,NaN,NaN,NaN
4,NaN,NaN,NaN,NaN,NaN,NaN,NaN,NaN
5,NaN,NaN,NaN,NaN,NaN,NaN,NaN,NaN
6,NaN,NaN,NaN,NaN,NaN,NaN,NaN,NaN
7,NaN,NaN,NaN,NaN,NaN,NaN,NaN,NaN
8,NaN,NaN,NaN,NaN,NaN,NaN,NaN,NaN
9,NaN,NaN,NaN,NaN,NaN,NaN,NaN,NaN
10,NaN,NaN,NaN,NaN,NaN,NaN,NaN,NaN
11,NaN,NaN,NaN,NaN,NaN,NaN,NaN,NaN
1,NaN,NaN,NaN,NaN,NaN,NaN,NaN,NaN
2,NaN,NaN,NaN,NaN,NaN,NaN,NaN,NaN
3,NaN,NaN,NaN,NaN,NaN,NaN,NaN,NaN
4,NaN,NaN,NaN,NaN,NaN,NaN,NaN,NaN
5,NaN,NaN,NaN,NaN,NaN,NaN,NaN,NaN
6,NaN,NaN,NaN,NaN,NaN,NaN,NaN,NaN
7,NaN,NaN,NaN,NaN,NaN,NaN,NaN,NaN
8,NaN,NaN,NaN,NaN,NaN,NaN,NaN,NaN
9,NaN,NaN,NaN,NaN,NaN,NaN,NaN,NaN
10,NaN,NaN,NaN,NaN,NaN,NaN,NaN,NaN
11,NaN,NaN,NaN,NaN,NaN,NaN,NaN,NaN
1,NaN,NaN,NaN,NaN,NaN,NaN,NaN,NaN
2,NaN,NaN,NaN,NaN,NaN,NaN,NaN,NaN
3,NaN,NaN,NaN,NaN,NaN,NaN,NaN,NaN
4,NaN,NaN,NaN,NaN,NaN,NaN,NaN,NaN
5,NaN,NaN,NaN,NaN,NaN,NaN,NaN,NaN
6,NaN,NaN,NaN,NaN,NaN,NaN,NaN,NaN
7,NaN,NaN,NaN,NaN,NaN,NaN,NaN,NaN
8,NaN,NaN,NaN,NaN,NaN,NaN,NaN,NaN
9,NaN,NaN,NaN,NaN,NaN,NaN,NaN,NaN
10,NaN,NaN,NaN,NaN,NaN,NaN,NaN,NaN
11,NaN,NaN,NaN,NaN,NaN,NaN,NaN,NaN
1,NaN,NaN,NaN,NaN,NaN,NaN,NaN,NaN
2,NaN,NaN,NaN,NaN,NaN,NaN,NaN,NaN
3,NaN,NaN,NaN,NaN,NaN,NaN,NaN,NaN
4,NaN,NaN,NaN,NaN,NaN,NaN,NaN,NaN
5,NaN,NaN,NaN,NaN,NaN,NaN,NaN,NaN
6,NaN,NaN,NaN,NaN,NaN,NaN,NaN,NaN
7,NaN,NaN,NaN,NaN,NaN,NaN,NaN,NaN
8,NaN,NaN,NaN,NaN,NaN,NaN,NaN,NaN
9,NaN,NaN,NaN,NaN,NaN,NaN,NaN,NaN
10,NaN,NaN,NaN,NaN,NaN,NaN,NaN,NaN
11,NaN,NaN,NaN,NaN,NaN,NaN,NaN,NaN
1,NaN,NaN,NaN,NaN,NaN,NaN,NaN,NaN
2,NaN,NaN,NaN,NaN,NaN,NaN,NaN,NaN
3,NaN,NaN,NaN,NaN,NaN,NaN,NaN,NaN
4,NaN,NaN,NaN,NaN,NaN,NaN,NaN,NaN
5,NaN,NaN,NaN,NaN,NaN,NaN,NaN,NaN
6,NaN,NaN,NaN,NaN,NaN,NaN,NaN,NaN
7,NaN,NaN,NaN,NaN,NaN,NaN,NaN,NaN
8,NaN,NaN,NaN,NaN,NaN,NaN,NaN,NaN
9,NaN,NaN,NaN,NaN,NaN,NaN,NaN,NaN
10,NaN,NaN,NaN,NaN,NaN,NaN,NaN,NaN
11,NaN,NaN,NaN,NaN,NaN,NaN,NaN,NaN
1,NaN,NaN,NaN,NaN,NaN,NaN,NaN,NaN
2,NaN,NaN,NaN,NaN,NaN,NaN,NaN,NaN
3,NaN,NaN,NaN,NaN,NaN,NaN,NaN,NaN
4,NaN,NaN,NaN,NaN,NaN,NaN,NaN,NaN
5,NaN,NaN,NaN,NaN,NaN,NaN,NaN,NaN
6,NaN,NaN,NaN,NaN,NaN,NaN,NaN,NaN
7,NaN,NaN,NaN,NaN,NaN,NaN,NaN,NaN
8,NaN,NaN,NaN,NaN,NaN,NaN,NaN,NaN
9,NaN,NaN,NaN,NaN,NaN,NaN,NaN,NaN
10,NaN,NaN,NaN,NaN,NaN,NaN,NaN,NaN
11,NaN,NaN,NaN,NaN,NaN,NaN,NaN,NaN
1,NaN,NaN,NaN,NaN,NaN,NaN,NaN,NaN
2,NaN,NaN,NaN,NaN,NaN,NaN,NaN,NaN
3,NaN,NaN,NaN,NaN,NaN,NaN,NaN,NaN
4,NaN,NaN,NaN,NaN,NaN,NaN,NaN,NaN
5,NaN,NaN,NaN,NaN,NaN,NaN,NaN,NaN
6,NaN,NaN,NaN,NaN,NaN,NaN,NaN,NaN
7,NaN,NaN,NaN,NaN,NaN,NaN,NaN,NaN
8,NaN,NaN,NaN,NaN,NaN,NaN,NaN,NaN
9,NaN,NaN,NaN,NaN,NaN,NaN,NaN,NaN
10,NaN,NaN,NaN,NaN,NaN,NaN,NaN,NaN
11,NaN,NaN,NaN,NaN,NaN,NaN,NaN,NaN
1,NaN,NaN,NaN,NaN,NaN,NaN,NaN,NaN
2,NaN,NaN,NaN,NaN,NaN,NaN,NaN,NaN
3,NaN,NaN,NaN,NaN,NaN,NaN,NaN,NaN
4,NaN,NaN,NaN,NaN,NaN,NaN,NaN,NaN
5,NaN,NaN,NaN,NaN,NaN,NaN,NaN,NaN
6,NaN,NaN,NaN,NaN,NaN,NaN,NaN,NaN
7,NaN,NaN,NaN,NaN,NaN,NaN,NaN,NaN
8,NaN,NaN,NaN,NaN,NaN,NaN,NaN,NaN
9,NaN,NaN,NaN,NaN,NaN,NaN,NaN,NaN
10,NaN,NaN,NaN,NaN,NaN,NaN,NaN,NaN
11,NaN,NaN,NaN,NaN,NaN,NaN,NaN,NaN
1,NaN,NaN,NaN,NaN,NaN,NaN,NaN,NaN
2,NaN,NaN,NaN,NaN,NaN,NaN,NaN,NaN
3,NaN,NaN,NaN,NaN,NaN,NaN,NaN,NaN
4,NaN,NaN,NaN,NaN,NaN,NaN,NaN,NaN
5,NaN,NaN,NaN,NaN,NaN,NaN,NaN,NaN
6,NaN,NaN,NaN,NaN,NaN,NaN,NaN,NaN
7,NaN,NaN,NaN,NaN,NaN,NaN,NaN,NaN
8,NaN,NaN,NaN,NaN,NaN,NaN,NaN,NaN
9,NaN,NaN,NaN,NaN,NaN,NaN,NaN,NaN
10,NaN,NaN,NaN,NaN,NaN,NaN,NaN,NaN
11,NaN,NaN,NaN,NaN,NaN,NaN,NaN,NaN
1,NaN,NaN,NaN,NaN,NaN,NaN,NaN,NaN
2,NaN,NaN,NaN,NaN,NaN,NaN,NaN,NaN
3,NaN,NaN,NaN,NaN,NaN,NaN,NaN,NaN
4,NaN,NaN,NaN,NaN,NaN,NaN,NaN,NaN
5,NaN,NaN,NaN,NaN,NaN,NaN,NaN,NaN
6,NaN,NaN,NaN,NaN,NaN,NaN,NaN,NaN
7,NaN,NaN,NaN,NaN,NaN,NaN,NaN,NaN
8,NaN,NaN,NaN,NaN,NaN,NaN,NaN,NaN
9,NaN,NaN,NaN,NaN,NaN,NaN,NaN,NaN
10,NaN,NaN,NaN,NaN,NaN,NaN,NaN,NaN
11,NaN,NaN,NaN,NaN,NaN,NaN,NaN,NaN
1,NaN,NaN,NaN,NaN,NaN,NaN,NaN,NaN
2,NaN,NaN,NaN,NaN,NaN,NaN,NaN,NaN
3,NaN,NaN,NaN,NaN,NaN,NaN,NaN,NaN
4,NaN,NaN,NaN,NaN,NaN,NaN,NaN,NaN
5,NaN,NaN,NaN,NaN,NaN,NaN,NaN,NaN
6,NaN,NaN,NaN,NaN,NaN,NaN,NaN,NaN
7,NaN,NaN,NaN,NaN,NaN,NaN,NaN,NaN
8,NaN,NaN,NaN,NaN,NaN,NaN,NaN,NaN
9,NaN,NaN,NaN,NaN,NaN,NaN,NaN,NaN
10,NaN,NaN,NaN,NaN,NaN,NaN,NaN,NaN
11,NaN,NaN,NaN,NaN,NaN,NaN,NaN,NaN
1,NaN,NaN,NaN,NaN,NaN,NaN,NaN,NaN
2,NaN,NaN,NaN,NaN,NaN,NaN,NaN,NaN
3,NaN,NaN,NaN,NaN,NaN,NaN,NaN,NaN
4,NaN,NaN,NaN,NaN,NaN,NaN,NaN,NaN
5,NaN,NaN,NaN,NaN,NaN,NaN,NaN,NaN
6,NaN,NaN,NaN,NaN,NaN,NaN,NaN,NaN
7,NaN,NaN,NaN,NaN,NaN,NaN,NaN,NaN
8,NaN,NaN,NaN,NaN,NaN,NaN,NaN,NaN
9,NaN,NaN,NaN,NaN,NaN,NaN,NaN,NaN
10,NaN,NaN,NaN,NaN,NaN,NaN,NaN,NaN
11,NaN,NaN,NaN,NaN,NaN,NaN,NaN,NaN
1,NaN,NaN,NaN,NaN,NaN,NaN,NaN,NaN
2,NaN,NaN,NaN,NaN,NaN,NaN,NaN,NaN
3,NaN,NaN,NaN,NaN,NaN,NaN,NaN,NaN
4,NaN,NaN,NaN,NaN,NaN,NaN,NaN,NaN
5,NaN,NaN,NaN,NaN,NaN,NaN,NaN,NaN
6,NaN,NaN,NaN,NaN,NaN,NaN,NaN,NaN
7,NaN,NaN,NaN,NaN,NaN,NaN,NaN,NaN
8,NaN,NaN,NaN,NaN,NaN,NaN,NaN,NaN
9,NaN,NaN,NaN,NaN,NaN,NaN,NaN,NaN
10,NaN,NaN,NaN,NaN,NaN,NaN,NaN,NaN
11,NaN,NaN,NaN,NaN,NaN,NaN,NaN,NaN
1,NaN,NaN,NaN,NaN,NaN,NaN,NaN,NaN
2,NaN,NaN,NaN,NaN,NaN,NaN,NaN,NaN
3,NaN,NaN,NaN,NaN,NaN,NaN,NaN,NaN
4,NaN,NaN,NaN,NaN,NaN,NaN,NaN,NaN
5,NaN,NaN,NaN,NaN,NaN,NaN,NaN,NaN
6,NaN,NaN,NaN,NaN,NaN,NaN,NaN,NaN
7,NaN,NaN,NaN,NaN,NaN,NaN,NaN,NaN
8,NaN,NaN,NaN,NaN,NaN,NaN,NaN,NaN
9,NaN,NaN,NaN,NaN,NaN,NaN,NaN,NaN
10,NaN,NaN,NaN,NaN,NaN,NaN,NaN,NaN
11,NaN,NaN,NaN,NaN,NaN,NaN,NaN,NaN
1,NaN,NaN,NaN,NaN,NaN,NaN,NaN,NaN
2,NaN,NaN,NaN,NaN,NaN,NaN,NaN,NaN
3,NaN,NaN,NaN,NaN,NaN,NaN,NaN,NaN
4,NaN,NaN,NaN,NaN,NaN,NaN,NaN,NaN
5,NaN,NaN,NaN,NaN,NaN,NaN,NaN,NaN
6,NaN,NaN,NaN,NaN,NaN,NaN,NaN,NaN
7,NaN,NaN,NaN,NaN,NaN,NaN,NaN,NaN
8,NaN,NaN,NaN,NaN,NaN,NaN,NaN,NaN
9,NaN,NaN,NaN,NaN,NaN,NaN,NaN,NaN
10,NaN,NaN,NaN,NaN,NaN,NaN,NaN,NaN
11,NaN,NaN,NaN,NaN,NaN,NaN,NaN,NaN
1,NaN,NaN,NaN,NaN,NaN,NaN,NaN,NaN
2,NaN,NaN,NaN,NaN,NaN,NaN,NaN,NaN
3,NaN,NaN,NaN,NaN,NaN,NaN,NaN,NaN
4,NaN,NaN,NaN,NaN,NaN,NaN,NaN,NaN
5,NaN,NaN,NaN,NaN,NaN,NaN,NaN,NaN
6,NaN,NaN,NaN,NaN,NaN,NaN,NaN,NaN
7,NaN,NaN,NaN,NaN,NaN,NaN,NaN,NaN
8,NaN,NaN,NaN,NaN,NaN,NaN,NaN,NaN
9,NaN,NaN,NaN,NaN,NaN,NaN,NaN,NaN
10,NaN,NaN,NaN,NaN,NaN,NaN,NaN,NaN
11,NaN,NaN,NaN,NaN,NaN,NaN,NaN,NaN
1,NaN,NaN,NaN,NaN,NaN,NaN,NaN,NaN
2,NaN,NaN,NaN,NaN,NaN,NaN,NaN,NaN
3,NaN,NaN,NaN,NaN,NaN,NaN,NaN,NaN
4,NaN,NaN,NaN,NaN,NaN,NaN,NaN,NaN
5,NaN,NaN,NaN,NaN,NaN,NaN,NaN,NaN
6,NaN,NaN,NaN,NaN,NaN,NaN,NaN,NaN
7,NaN,NaN,NaN,NaN,NaN,NaN,NaN,NaN
8,NaN,NaN,NaN,NaN,NaN,NaN,NaN,NaN
9,NaN,NaN,NaN,NaN,NaN,NaN,NaN,NaN
10,NaN,NaN,NaN,NaN,NaN,NaN,NaN,NaN
11,NaN,NaN,NaN,NaN,NaN,NaN,NaN,NaN
1,NaN,NaN,NaN,NaN,NaN,NaN,NaN,NaN
2,NaN,NaN,NaN,NaN,NaN,NaN,NaN,NaN
3,NaN,NaN,NaN,NaN,NaN,NaN,NaN,NaN
4,NaN,NaN,NaN,NaN,NaN,NaN,NaN,NaN
5,NaN,NaN,NaN,NaN,NaN,NaN,NaN,NaN
6,NaN,NaN,NaN,NaN,NaN,NaN,NaN,NaN
7,NaN,NaN,NaN,NaN,NaN,NaN,NaN,NaN
8,NaN,NaN,NaN,NaN,NaN,NaN,NaN,NaN
9,NaN,NaN,NaN,NaN,NaN,NaN,NaN,NaN
10,NaN,NaN,NaN,NaN,NaN,NaN,NaN,NaN
11,NaN,NaN,NaN,NaN,NaN,NaN,NaN,NaN
1,NaN,NaN,NaN,NaN,NaN,NaN,NaN,NaN
2,NaN,NaN,NaN,NaN,NaN,NaN,NaN,NaN
3,NaN,NaN,NaN,NaN,NaN,NaN,NaN,NaN
4,NaN,NaN,NaN,NaN,NaN,NaN,NaN,NaN
5,NaN,NaN,NaN,NaN,NaN,NaN,NaN,NaN
6,NaN,NaN,NaN,NaN,NaN,NaN,NaN,NaN
7,NaN,NaN,NaN,NaN,NaN,NaN,NaN,NaN
8,NaN,NaN,NaN,NaN,NaN,NaN,NaN,NaN
9,NaN,NaN,NaN,NaN,NaN,NaN,NaN,NaN
10,NaN,NaN,NaN,NaN,NaN,NaN,NaN,NaN
11,NaN,NaN,NaN,NaN,NaN,NaN,NaN,NaN
1,NaN,NaN,NaN,NaN,NaN,NaN,NaN,NaN
2,NaN,NaN,NaN,NaN,NaN,NaN,NaN,NaN
3,NaN,NaN,NaN,NaN,NaN,NaN,NaN,NaN
4,NaN,NaN,NaN,NaN,NaN,NaN,NaN,NaN
5,NaN,NaN,NaN,NaN,NaN,NaN,NaN,NaN
6,NaN,NaN,NaN,NaN,NaN,NaN,NaN,NaN
7,NaN,NaN,NaN,NaN,NaN,NaN,NaN,NaN
8,NaN,NaN,NaN,NaN,NaN,NaN,NaN,NaN
9,NaN,NaN,NaN,NaN,NaN,NaN,NaN,NaN
10,NaN,NaN,NaN,NaN,NaN,NaN,NaN,NaN
11,NaN,NaN,NaN,NaN,NaN,NaN,NaN,NaN
1,NaN,NaN,NaN,NaN,NaN,NaN,NaN,NaN
2,NaN,NaN,NaN,NaN,NaN,NaN,NaN,NaN
3,NaN,NaN,NaN,NaN,NaN,NaN,NaN,NaN
4,NaN,NaN,NaN,NaN,NaN,NaN,NaN,NaN
5,NaN,NaN,NaN,NaN,NaN,NaN,NaN,NaN
6,NaN,NaN,NaN,NaN,NaN,NaN,NaN,NaN
7,NaN,NaN,NaN,NaN,NaN,NaN,NaN,NaN
8,NaN,NaN,NaN,NaN,NaN,NaN,NaN,NaN
9,NaN,NaN,NaN,NaN,NaN,NaN,NaN,NaN
10,NaN,NaN,NaN,NaN,NaN,NaN,NaN,NaN
11,NaN,NaN,NaN,NaN,NaN,NaN,NaN,NaN
1,NaN,NaN,NaN,NaN,NaN,NaN,NaN,NaN
2,NaN,NaN,NaN,NaN,NaN,NaN,NaN,NaN
3,NaN,NaN,NaN,NaN,NaN,NaN,NaN,NaN
4,NaN,NaN,NaN,NaN,NaN,NaN,NaN,NaN
5,NaN,NaN,NaN,NaN,NaN,NaN,NaN,NaN
6,NaN,NaN,NaN,NaN,NaN,NaN,NaN,NaN
7,NaN,NaN,NaN,NaN,NaN,NaN,NaN,NaN
8,NaN,NaN,NaN,NaN,NaN,NaN,NaN,NaN
9,NaN,NaN,NaN,NaN,NaN,NaN,NaN,NaN
10,NaN,NaN,NaN,NaN,NaN,NaN,NaN,NaN
11,NaN,NaN,NaN,NaN,NaN,NaN,NaN,NaN
1,NaN,NaN,NaN,NaN,NaN,NaN,NaN,NaN
2,NaN,NaN,NaN,NaN,NaN,NaN,NaN,NaN
3,NaN,NaN,NaN,NaN,NaN,NaN,NaN,NaN
4,NaN,NaN,NaN,NaN,NaN,NaN,NaN,NaN
5,NaN,NaN,NaN,NaN,NaN,NaN,NaN,NaN
6,NaN,NaN,NaN,NaN,NaN,NaN,NaN,NaN
7,NaN,NaN,NaN,NaN,NaN,NaN,NaN,NaN
8,NaN,NaN,NaN,NaN,NaN,NaN,NaN,NaN
9,NaN,NaN,NaN,NaN,NaN,NaN,NaN,NaN
10,NaN,NaN,NaN,NaN,NaN,NaN,NaN,NaN
11,NaN,NaN,NaN,NaN,NaN,NaN,NaN,NaN
1,NaN,NaN,NaN,NaN,NaN,NaN,NaN,NaN
2,NaN,NaN,NaN,NaN,NaN,NaN,NaN,NaN
3,NaN,NaN,NaN,NaN,NaN,NaN,NaN,NaN
4,NaN,NaN,NaN,NaN,NaN,NaN,NaN,NaN
5,NaN,NaN,NaN,NaN,NaN,NaN,NaN,NaN
6,NaN,NaN,NaN,NaN,NaN,NaN,NaN,NaN
7,NaN,NaN,NaN,NaN,NaN,NaN,NaN,NaN
8,NaN,NaN,NaN,NaN,NaN,NaN,NaN,NaN
9,NaN,NaN,NaN,NaN,NaN,NaN,NaN,NaN
10,NaN,NaN,NaN,NaN,NaN,NaN,NaN,NaN
11,NaN,NaN,NaN,NaN,NaN,NaN,NaN,NaN
1,NaN,NaN,NaN,NaN,NaN,NaN,NaN,NaN
2,NaN,NaN,NaN,NaN,NaN,NaN,NaN,NaN
3,NaN,NaN,NaN,NaN,NaN,NaN,NaN,NaN
4,NaN,NaN,NaN,NaN,NaN,NaN,NaN,NaN
5,NaN,NaN,NaN,NaN,NaN,NaN,NaN,NaN
6,NaN,NaN,NaN,NaN,NaN,NaN,NaN,NaN
7,NaN,NaN,NaN,NaN,NaN,NaN,NaN,NaN
8,NaN,NaN,NaN,NaN,NaN,NaN,NaN,NaN
9,NaN,NaN,NaN,NaN,NaN,NaN,NaN,NaN
10,NaN,NaN,NaN,NaN,NaN,NaN,NaN,NaN
11,NaN,NaN,NaN,NaN,NaN,NaN,NaN,NaN
1,NaN,NaN,NaN,NaN,NaN,NaN,NaN,NaN
2,NaN,NaN,NaN,NaN,NaN,NaN,NaN,NaN
3,NaN,NaN,NaN,NaN,NaN,NaN,NaN,NaN
4,NaN,NaN,NaN,NaN,NaN,NaN,NaN,NaN
5,NaN,NaN,NaN,NaN,NaN,NaN,NaN,NaN
6,NaN,NaN,NaN,NaN,NaN,NaN,NaN,NaN
7,NaN,NaN,NaN,NaN,NaN,NaN,NaN,NaN
8,NaN,NaN,NaN,NaN,NaN,NaN,NaN,NaN
9,NaN,NaN,NaN,NaN,NaN,NaN,NaN,NaN
10,NaN,NaN,NaN,NaN,NaN,NaN,NaN,NaN
11,NaN,NaN,NaN,NaN,NaN,NaN,NaN,NaN
1,NaN,NaN,NaN,NaN,NaN,NaN,NaN,NaN
2,NaN,NaN,NaN,NaN,NaN,NaN,NaN,NaN
3,NaN,NaN,NaN,NaN,NaN,NaN,NaN,NaN
4,NaN,NaN,NaN,NaN,NaN,NaN,NaN,NaN
5,NaN,NaN,NaN,NaN,NaN,NaN,NaN,NaN
6,NaN,NaN,NaN,NaN,NaN,NaN,NaN,NaN
7,NaN,NaN,NaN,NaN,NaN,NaN,NaN,NaN
8,NaN,NaN,NaN,NaN,NaN,NaN,NaN,NaN
9,NaN,NaN,NaN,NaN,NaN,NaN,NaN,NaN
10,NaN,NaN,NaN,NaN,NaN,NaN,NaN,NaN
11,NaN,NaN,NaN,NaN,NaN,NaN,NaN,NaN
1,NaN,NaN,NaN,NaN,NaN,NaN,NaN,NaN
2,NaN,NaN,NaN,NaN,NaN,NaN,NaN,NaN
3,NaN,NaN,NaN,NaN,NaN,NaN,NaN,NaN
4,NaN,NaN,NaN,NaN,NaN,NaN,NaN,NaN
5,NaN,NaN,NaN,NaN,NaN,NaN,NaN,NaN
6,NaN,NaN,NaN,NaN,NaN,NaN,NaN,NaN
7,NaN,NaN,NaN,NaN,NaN,NaN,NaN,NaN
8,NaN,NaN,NaN,NaN,NaN,NaN,NaN,NaN
9,NaN,NaN,NaN,NaN,NaN,NaN,NaN,NaN
10,NaN,NaN,NaN,NaN,NaN,NaN,NaN,NaN
11,NaN,NaN,NaN,NaN,NaN,NaN,NaN,NaN
1,NaN,NaN,NaN,NaN,NaN,NaN,NaN,NaN
2,NaN,NaN,NaN,NaN,NaN,NaN,NaN,NaN
3,NaN,NaN,NaN,NaN,NaN,NaN,NaN,NaN
4,NaN,NaN,NaN,NaN,NaN,NaN,NaN,NaN
5,NaN,NaN,NaN,NaN,NaN,NaN,NaN,NaN
6,NaN,NaN,NaN,NaN,NaN,NaN,NaN,NaN
7,NaN,NaN,NaN,NaN,NaN,NaN,NaN,NaN
8,NaN,NaN,NaN,NaN,NaN,NaN,NaN,NaN
9,NaN,NaN,NaN,NaN,NaN,NaN,NaN,NaN
10,NaN,NaN,NaN,NaN,NaN,NaN,NaN,NaN
11,NaN,NaN,NaN,NaN,NaN,NaN,NaN,NaN
1,NaN,NaN,NaN,NaN,NaN,NaN,NaN,NaN
2,NaN,NaN,NaN,NaN,NaN,NaN,NaN,NaN
3,NaN,NaN,NaN,NaN,NaN,NaN,NaN,NaN
4,NaN,NaN,NaN,NaN,NaN,NaN,NaN,NaN
5,NaN,NaN,NaN,NaN,NaN,NaN,NaN,NaN
6,NaN,NaN,NaN,NaN,NaN,NaN,NaN,NaN
7,NaN,NaN,NaN,NaN,NaN,NaN,NaN,NaN
8,NaN,NaN,NaN,NaN,NaN,NaN,NaN,NaN
9,NaN,NaN,NaN,NaN,NaN,NaN,NaN,NaN
10,NaN,NaN,NaN,NaN,NaN,NaN,NaN,NaN
11,NaN,NaN,NaN,NaN,NaN,NaN,NaN,NaN
1,NaN,NaN,NaN,NaN,NaN,NaN,NaN,NaN
2,NaN,NaN,NaN,NaN,NaN,NaN,NaN,NaN
3,NaN,NaN,NaN,NaN,NaN,NaN,NaN,NaN
4,NaN,NaN,NaN,NaN,NaN,NaN,NaN,NaN
5,NaN,NaN,NaN,NaN,NaN,NaN,NaN,NaN
6,NaN,NaN,NaN,NaN,NaN,NaN,NaN,NaN
7,NaN,NaN,NaN,NaN,NaN,NaN,NaN,NaN
8,NaN,NaN,NaN,NaN,NaN,NaN,NaN,NaN
9,NaN,NaN,NaN,NaN,NaN,NaN,NaN,NaN
10,NaN,NaN,NaN,NaN,NaN,NaN,NaN,NaN
11,NaN,NaN,NaN,NaN,NaN,NaN,NaN,NaN
1,NaN,NaN,NaN,NaN,NaN,NaN,NaN,NaN
2,NaN,NaN,NaN,NaN,NaN,NaN,NaN,NaN
3,NaN,NaN,NaN,NaN,NaN,NaN,NaN,NaN
4,NaN,NaN,NaN,NaN,NaN,NaN,NaN,NaN
5,NaN,NaN,NaN,NaN,NaN,NaN,NaN,NaN
6,NaN,NaN,NaN,NaN,NaN,NaN,NaN,NaN
7,NaN,NaN,NaN,NaN,NaN,NaN,NaN,NaN
8,NaN,NaN,NaN,NaN,NaN,NaN,NaN,NaN
9,NaN,NaN,NaN,NaN,NaN,NaN,NaN,NaN
10,NaN,NaN,NaN,NaN,NaN,NaN,NaN,NaN
11,NaN,NaN,NaN,NaN,NaN,NaN,NaN,NaN
1,NaN,NaN,NaN,NaN,NaN,NaN,NaN,NaN
2,NaN,NaN,NaN,NaN,NaN,NaN,NaN,NaN
3,NaN,NaN,NaN,NaN,NaN,NaN,NaN,NaN
4,NaN,NaN,NaN,NaN,NaN,NaN,NaN,NaN
5,NaN,NaN,NaN,NaN,NaN,NaN,NaN,NaN
6,NaN,NaN,NaN,NaN,NaN,NaN,NaN,NaN
7,NaN,NaN,NaN,NaN,NaN,NaN,NaN,NaN
8,NaN,NaN,NaN,NaN,NaN,NaN,NaN,NaN
9,NaN,NaN,NaN,NaN,NaN,NaN,NaN,NaN
10,NaN,NaN,NaN,NaN,NaN,NaN,NaN,NaN
11,NaN,NaN,NaN,NaN,NaN,NaN,NaN,NaN
1,NaN,NaN,NaN,NaN,NaN,NaN,NaN,NaN
2,NaN,NaN,NaN,NaN,NaN,NaN,NaN,NaN
3,NaN,NaN,NaN,NaN,NaN,NaN,NaN,NaN
4,NaN,NaN,NaN,NaN,NaN,NaN,NaN,NaN
5,NaN,NaN,NaN,NaN,NaN,NaN,NaN,NaN
6,NaN,NaN,NaN,NaN,NaN,NaN,NaN,NaN
7,NaN,NaN,NaN,NaN,NaN,NaN,NaN,NaN
8,NaN,NaN,NaN,NaN,NaN,NaN,NaN,NaN
9,NaN,NaN,NaN,NaN,NaN,NaN,NaN,NaN
10,NaN,NaN,NaN,NaN,NaN,NaN,NaN,NaN
11,NaN,NaN,NaN,NaN,NaN,NaN,NaN,NaN
1,NaN,NaN,NaN,NaN,NaN,NaN,NaN,NaN
2,NaN,NaN,NaN,NaN,NaN,NaN,NaN,NaN
3,NaN,NaN,NaN,NaN,NaN,NaN,NaN,NaN
4,NaN,NaN,NaN,NaN,NaN,NaN,NaN,NaN
5,NaN,NaN,NaN,NaN,NaN,NaN,NaN,NaN
6,NaN,NaN,NaN,NaN,NaN,NaN,NaN,NaN
7,NaN,NaN,NaN,NaN,NaN,NaN,NaN,NaN
8,NaN,NaN,NaN,NaN,NaN,NaN,NaN,NaN
9,NaN,NaN,NaN,NaN,NaN,NaN,NaN,NaN
10,NaN,NaN,NaN,NaN,NaN,NaN,NaN,NaN
11,NaN,NaN,NaN,NaN,NaN,NaN,NaN,NaN
1,NaN,NaN,NaN,NaN,NaN,NaN,NaN,NaN
2,NaN,NaN,NaN,NaN,NaN,NaN,NaN,NaN
3,NaN,NaN,NaN,NaN,NaN,NaN,NaN,NaN
4,NaN,NaN,NaN,NaN,NaN,NaN,NaN,NaN
5,NaN,NaN,NaN,NaN,NaN,NaN,NaN,NaN
6,NaN,NaN,NaN,NaN,NaN,NaN,NaN,NaN
7,NaN,NaN,NaN,NaN,NaN,NaN,NaN,NaN
8,NaN,NaN,NaN,NaN,NaN,NaN,NaN,NaN
9,NaN,NaN,NaN,NaN,NaN,NaN,NaN,NaN
10,NaN,NaN,NaN,NaN,NaN,NaN,NaN,NaN
11,NaN,NaN,NaN,NaN,NaN,NaN,NaN,NaN
1,NaN,NaN,NaN,NaN,NaN,NaN,NaN,NaN
2,NaN,NaN,NaN,NaN,NaN,NaN,NaN,NaN
3,NaN,NaN,NaN,NaN,NaN,NaN,NaN,NaN
4,NaN,NaN,NaN,NaN,NaN,NaN,NaN,NaN
5,NaN,NaN,NaN,NaN,NaN,NaN,NaN,NaN
6,NaN,NaN,NaN,NaN,NaN,NaN,NaN,NaN
7,NaN,NaN,NaN,NaN,NaN,NaN,NaN,NaN
8,NaN,NaN,NaN,NaN,NaN,NaN,NaN,NaN
9,NaN,NaN,NaN,NaN,NaN,NaN,NaN,NaN
10,NaN,NaN,NaN,NaN,NaN,NaN,NaN,NaN
11,NaN,NaN,NaN,NaN,NaN,NaN,NaN,NaN
1,NaN,NaN,NaN,NaN,NaN,NaN,NaN,NaN
2,NaN,NaN,NaN,NaN,NaN,NaN,NaN,NaN
3,NaN,NaN,NaN,NaN,NaN,NaN,NaN,NaN
4,NaN,NaN,NaN,NaN,NaN,NaN,NaN,NaN
5,NaN,NaN,NaN,NaN,NaN,NaN,NaN,NaN
6,NaN,NaN,NaN,NaN,NaN,NaN,NaN,NaN
7,NaN,NaN,NaN,NaN,NaN,NaN,NaN,NaN
8,NaN,NaN,NaN,NaN,NaN,NaN,NaN,NaN
9,NaN,NaN,NaN,NaN,NaN,NaN,NaN,NaN
10,NaN,NaN,NaN,NaN,NaN,NaN,NaN,NaN
11,NaN,NaN,NaN,NaN,NaN,NaN,NaN,NaN
1,NaN,NaN,NaN,NaN,NaN,NaN,NaN,NaN
2,NaN,NaN,NaN,NaN,NaN,NaN,NaN,NaN
3,NaN,NaN,NaN,NaN,NaN,NaN,NaN,NaN
4,NaN,NaN,NaN,NaN,NaN,NaN,NaN,NaN
5,NaN,NaN,NaN,NaN,NaN,NaN,NaN,NaN
6,NaN,NaN,NaN,NaN,NaN,NaN,NaN,NaN
7,NaN,NaN,NaN,NaN,NaN,NaN,NaN,NaN
8,NaN,NaN,NaN,NaN,NaN,NaN,NaN,NaN
9,NaN,NaN,NaN,NaN,NaN,NaN,NaN,NaN
10,NaN,NaN,NaN,NaN,NaN,NaN,NaN,NaN
11,NaN,NaN,NaN,NaN,NaN,NaN,NaN,NaN
1,NaN,NaN,NaN,NaN,NaN,NaN,NaN,NaN
2,NaN,NaN,NaN,NaN,NaN,NaN,NaN,NaN
3,NaN,NaN,NaN,NaN,NaN,NaN,NaN,NaN
4,NaN,NaN,NaN,NaN,NaN,NaN,NaN,NaN
5,NaN,NaN,NaN,NaN,NaN,NaN,NaN,NaN
6,NaN,NaN,NaN,NaN,NaN,NaN,NaN,NaN
7,NaN,NaN,NaN,NaN,NaN,NaN,NaN,NaN
8,NaN,NaN,NaN,NaN,NaN,NaN,NaN,NaN
9,NaN,NaN,NaN,NaN,NaN,NaN,NaN,NaN
10,NaN,NaN,NaN,NaN,NaN,NaN,NaN,NaN
11,NaN,NaN,NaN,NaN,NaN,NaN,NaN,NaN
1,NaN,NaN,NaN,NaN,NaN,NaN,NaN,NaN
2,NaN,NaN,NaN,NaN,NaN,NaN,NaN,NaN
3,NaN,NaN,NaN,NaN,NaN,NaN,NaN,NaN
4,NaN,NaN,NaN,NaN,NaN,NaN,NaN,NaN
5,NaN,NaN,NaN,NaN,NaN,NaN,NaN,NaN
6,NaN,NaN,NaN,NaN,NaN,NaN,NaN,NaN
7,NaN,NaN,NaN,NaN,NaN,NaN,NaN,NaN
8,NaN,NaN,NaN,NaN,NaN,NaN,NaN,NaN
9,NaN,NaN,NaN,NaN,NaN,NaN,NaN,NaN
10,NaN,NaN,NaN,NaN,NaN,NaN,NaN,NaN
11,NaN,NaN,NaN,NaN,NaN,NaN,NaN,NaN
1,NaN,NaN,NaN,NaN,NaN,NaN,NaN,NaN
2,NaN,NaN,NaN,NaN,NaN,NaN,NaN,NaN
3,NaN,NaN,NaN,NaN,NaN,NaN,NaN,NaN
4,NaN,NaN,NaN,NaN,NaN,NaN,NaN,NaN
5,NaN,NaN,NaN,NaN,NaN,NaN,NaN,NaN
6,NaN,NaN,NaN,NaN,NaN,NaN,NaN,NaN
7,NaN,NaN,NaN,NaN,NaN,NaN,NaN,NaN
8,NaN,NaN,NaN,NaN,NaN,NaN,NaN,NaN
9,NaN,NaN,NaN,NaN,NaN,NaN,NaN,NaN
10,NaN,NaN,NaN,NaN,NaN,NaN,NaN,NaN
11,NaN,NaN,NaN,NaN,NaN,NaN,NaN,NaN
1,NaN,NaN,NaN,NaN,NaN,NaN,NaN,NaN
2,NaN,NaN,NaN,NaN,NaN,NaN,NaN,NaN
3,NaN,NaN,NaN,NaN,NaN,NaN,NaN,NaN
4,NaN,NaN,NaN,NaN,NaN,NaN,NaN,NaN
5,NaN,NaN,NaN,NaN,NaN,NaN,NaN,NaN
6,NaN,NaN,NaN,NaN,NaN,NaN,NaN,NaN
7,NaN,NaN,NaN,NaN,NaN,NaN,NaN,NaN
8,NaN,NaN,NaN,NaN,NaN,NaN,NaN,NaN
9,NaN,NaN,NaN,NaN,NaN,NaN,NaN,NaN
10,NaN,NaN,NaN,NaN,NaN,NaN,NaN,NaN
11,NaN,NaN,NaN,NaN,NaN,NaN,NaN,NaN
1,NaN,NaN,NaN,NaN,NaN,NaN,NaN,NaN
2,NaN,NaN,NaN,NaN,NaN,NaN,NaN,NaN
3,NaN,NaN,NaN,NaN,NaN,NaN,NaN,NaN
4,NaN,NaN,NaN,NaN,NaN,NaN,NaN,NaN
5,NaN,NaN,NaN,NaN,NaN,NaN,NaN,NaN
6,NaN,NaN,NaN,NaN,NaN,NaN,NaN,NaN
7,NaN,NaN,NaN,NaN,NaN,NaN,NaN,NaN
8,NaN,NaN,NaN,NaN,NaN,NaN,NaN,NaN
9,NaN,NaN,NaN,NaN,NaN,NaN,NaN,NaN
10,NaN,NaN,NaN,NaN,NaN,NaN,NaN,NaN
11,NaN,NaN,NaN,NaN,NaN,NaN,NaN,NaN
1,NaN,NaN,NaN,NaN,NaN,NaN,NaN,NaN
2,NaN,NaN,NaN,NaN,NaN,NaN,NaN,NaN
3,NaN,NaN,NaN,NaN,NaN,NaN,NaN,NaN
4,NaN,NaN,NaN,NaN,NaN,NaN,NaN,NaN
5,NaN,NaN,NaN,NaN,NaN,NaN,NaN,NaN
6,NaN,NaN,NaN,NaN,NaN,NaN,NaN,NaN
7,NaN,NaN,NaN,NaN,NaN,NaN,NaN,NaN
8,NaN,NaN,NaN,NaN,NaN,NaN,NaN,NaN
9,NaN,NaN,NaN,NaN,NaN,NaN,NaN,NaN
10,NaN,NaN,NaN,NaN,NaN,NaN,NaN,NaN
11,NaN,NaN,NaN,NaN,NaN,NaN,NaN,NaN
1,NaN,NaN,NaN,NaN,NaN,NaN,NaN,NaN
2,NaN,NaN,NaN,NaN,NaN,NaN,NaN,NaN
3,NaN,NaN,NaN,NaN,NaN,NaN,NaN,NaN
4,NaN,NaN,NaN,NaN,NaN,NaN,NaN,NaN
5,NaN,NaN,NaN,NaN,NaN,NaN,NaN,NaN
6,NaN,NaN,NaN,NaN,NaN,NaN,NaN,NaN
7,NaN,NaN,NaN,NaN,NaN,NaN,NaN,NaN
8,NaN,NaN,NaN,NaN,NaN,NaN,NaN,NaN
9,NaN,NaN,NaN,NaN,NaN,NaN,NaN,NaN
10,NaN,NaN,NaN,NaN,NaN,NaN,NaN,NaN
11,NaN,NaN,NaN,NaN,NaN,NaN,NaN,NaN
1,NaN,NaN,NaN,NaN,NaN,NaN,NaN,NaN
2,NaN,NaN,NaN,NaN,NaN,NaN,NaN,NaN
3,NaN,NaN,NaN,NaN,NaN,NaN,NaN,NaN
4,NaN,NaN,NaN,NaN,NaN,NaN,NaN,NaN
5,NaN,NaN,NaN,NaN,NaN,NaN,NaN,NaN
6,NaN,NaN,NaN,NaN,NaN,NaN,NaN,NaN
7,NaN,NaN,NaN,NaN,NaN,NaN,NaN,NaN
8,NaN,NaN,NaN,NaN,NaN,NaN,NaN,NaN
9,NaN,NaN,NaN,NaN,NaN,NaN,NaN,NaN
10,NaN,NaN,NaN,NaN,NaN,NaN,NaN,NaN
11,NaN,NaN,NaN,NaN,NaN,NaN,NaN,NaN
1,NaN,NaN,NaN,NaN,NaN,NaN,NaN,NaN
2,NaN,NaN,NaN,NaN,NaN,NaN,NaN,NaN
3,NaN,NaN,NaN,NaN,NaN,NaN,NaN,NaN
4,NaN,NaN,NaN,NaN,NaN,NaN,NaN,NaN
5,NaN,NaN,NaN,NaN,NaN,NaN,NaN,NaN
6,NaN,NaN,NaN,NaN,NaN,NaN,NaN,NaN
7,NaN,NaN,NaN,NaN,NaN,NaN,NaN,NaN
8,NaN,NaN,NaN,NaN,NaN,NaN,NaN,NaN
9,NaN,NaN,NaN,NaN,NaN,NaN,NaN,NaN
10,NaN,NaN,NaN,NaN,NaN,NaN,NaN,NaN
11,NaN,NaN,NaN,NaN,NaN,NaN,NaN,NaN
1,NaN,NaN,NaN,NaN,NaN,NaN,NaN,NaN
2,NaN,NaN,NaN,NaN,NaN,NaN,NaN,NaN
3,NaN,NaN,NaN,NaN,NaN,NaN,NaN,NaN
4,NaN,NaN,NaN,NaN,NaN,NaN,NaN,NaN
5,NaN,NaN,NaN,NaN,NaN,NaN,NaN,NaN
6,NaN,NaN,NaN,NaN,NaN,NaN,NaN,NaN
7,NaN,NaN,NaN,NaN,NaN,NaN,NaN,NaN
8,NaN,NaN,NaN,NaN,NaN,NaN,NaN,NaN
9,NaN,NaN,NaN,NaN,NaN,NaN,NaN,NaN
10,NaN,NaN,NaN,NaN,NaN,NaN,NaN,NaN
11,NaN,NaN,NaN,NaN,NaN,NaN,NaN,NaN
1,NaN,NaN,NaN,NaN,NaN,NaN,NaN,NaN
2,NaN,NaN,NaN,NaN,NaN,NaN,NaN,NaN
3,NaN,NaN,NaN,NaN,NaN,NaN,NaN,NaN
4,NaN,NaN,NaN,NaN,NaN,NaN,NaN,NaN
5,NaN,NaN,NaN,NaN,NaN,NaN,NaN,NaN
6,NaN,NaN,NaN,NaN,NaN,NaN,NaN,NaN
7,NaN,NaN,NaN,NaN,NaN,NaN,NaN,NaN
8,NaN,NaN,NaN,NaN,NaN,NaN,NaN,NaN
9,NaN,NaN,NaN,NaN,NaN,NaN,NaN,NaN
10,NaN,NaN,NaN,NaN,NaN,NaN,NaN,NaN
11,NaN,NaN,NaN,NaN,NaN,NaN,NaN,NaN
1,NaN,NaN,NaN,NaN,NaN,NaN,NaN,NaN
2,NaN,NaN,NaN,NaN,NaN,NaN,NaN,NaN
3,NaN,NaN,NaN,NaN,NaN,NaN,NaN,NaN
4,NaN,NaN,NaN,NaN,NaN,NaN,NaN,NaN
5,NaN,NaN,NaN,NaN,NaN,NaN,NaN,NaN
6,NaN,NaN,NaN,NaN,NaN,NaN,NaN,NaN
7,NaN,NaN,NaN,NaN,NaN,NaN,NaN,NaN
8,NaN,NaN,NaN,NaN,NaN,NaN,NaN,NaN
9,NaN,NaN,NaN,NaN,NaN,NaN,NaN,NaN
10,NaN,NaN,NaN,NaN,NaN,NaN,NaN,NaN
11,NaN,NaN,NaN,NaN,NaN,NaN,NaN,NaN
1,NaN,NaN,NaN,NaN,NaN,NaN,NaN,NaN
2,NaN,NaN,NaN,NaN,NaN,NaN,NaN,NaN
3,NaN,NaN,NaN,NaN,NaN,NaN,NaN,NaN
4,NaN,NaN,NaN,NaN,NaN,NaN,NaN,NaN
5,NaN,NaN,NaN,NaN,NaN,NaN,NaN,NaN
6,NaN,NaN,NaN,NaN,NaN,NaN,NaN,NaN
7,NaN,NaN,NaN,NaN,NaN,NaN,NaN,NaN
8,NaN,NaN,NaN,NaN,NaN,NaN,NaN,NaN
9,NaN,NaN,NaN,NaN,NaN,NaN,NaN,NaN
10,NaN,NaN,NaN,NaN,NaN,NaN,NaN,NaN
11,NaN,NaN,NaN,NaN,NaN,NaN,NaN,NaN
1,NaN,NaN,NaN,NaN,NaN,NaN,NaN,NaN
2,NaN,NaN,NaN,NaN,NaN,NaN,NaN,NaN
3,NaN,NaN,NaN,NaN,NaN,NaN,NaN,NaN
4,NaN,NaN,NaN,NaN,NaN,NaN,NaN,NaN
5,NaN,NaN,NaN,NaN,NaN,NaN,NaN,NaN
6,NaN,NaN,NaN,NaN,NaN,NaN,NaN,NaN
7,NaN,NaN,NaN,NaN,NaN,NaN,NaN,NaN
8,NaN,NaN,NaN,NaN,NaN,NaN,NaN,NaN
9,NaN,NaN,NaN,NaN,NaN,NaN,NaN,NaN
10,NaN,NaN,NaN,NaN,NaN,NaN,NaN,NaN
11,NaN,NaN,NaN,NaN,NaN,NaN,NaN,NaN
1,NaN,NaN,NaN,NaN,NaN,NaN,NaN,NaN
2,NaN,NaN,NaN,NaN,NaN,NaN,NaN,NaN
3,NaN,NaN,NaN,NaN,NaN,NaN,NaN,NaN
4,NaN,NaN,NaN,NaN,NaN,NaN,NaN,NaN
5,NaN,NaN,NaN,NaN,NaN,NaN,NaN,NaN
6,NaN,NaN,NaN,NaN,NaN,NaN,NaN,NaN
7,NaN,NaN,NaN,NaN,NaN,NaN,NaN,NaN
8,NaN,NaN,NaN,NaN,NaN,NaN,NaN,NaN
9,NaN,NaN,NaN,NaN,NaN,NaN,NaN,NaN
10,NaN,NaN,NaN,NaN,NaN,NaN,NaN,NaN
11,NaN,NaN,NaN,NaN,NaN,NaN,NaN,NaN
1,NaN,NaN,NaN,NaN,NaN,NaN,NaN,NaN
2,NaN,NaN,NaN,NaN,NaN,NaN,NaN,NaN
3,NaN,NaN,NaN,NaN,NaN,NaN,NaN,NaN
4,NaN,NaN,NaN,NaN,NaN,NaN,NaN,NaN
5,NaN,NaN,NaN,NaN,NaN,NaN,NaN,NaN
6,NaN,NaN,NaN,NaN,NaN,NaN,NaN,NaN
7,NaN,NaN,NaN,NaN,NaN,NaN,NaN,NaN
8,NaN,NaN,NaN,NaN,NaN,NaN,NaN,NaN
9,NaN,NaN,NaN,NaN,NaN,NaN,NaN,NaN
10,NaN,NaN,NaN,NaN,NaN,NaN,NaN,NaN
11,NaN,NaN,NaN,NaN,NaN,NaN,NaN,NaN
1,NaN,NaN,NaN,NaN,NaN,NaN,NaN,NaN
2,NaN,NaN,NaN,NaN,NaN,NaN,NaN,NaN
3,NaN,NaN,NaN,NaN,NaN,NaN,NaN,NaN
4,NaN,NaN,NaN,NaN,NaN,NaN,NaN,NaN
5,NaN,NaN,NaN,NaN,NaN,NaN,NaN,NaN
6,NaN,NaN,NaN,NaN,NaN,NaN,NaN,NaN
7,NaN,NaN,NaN,NaN,NaN,NaN,NaN,NaN
8,NaN,NaN,NaN,NaN,NaN,NaN,NaN,NaN
9,NaN,NaN,NaN,NaN,NaN,NaN,NaN,NaN
10,NaN,NaN,NaN,NaN,NaN,NaN,NaN,NaN
11,NaN,NaN,NaN,NaN,NaN,NaN,NaN,NaN
1,NaN,NaN,NaN,NaN,NaN,NaN,NaN,NaN
2,NaN,NaN,NaN,NaN,NaN,NaN,NaN,NaN
3,NaN,NaN,NaN,NaN,NaN,NaN,NaN,NaN
4,NaN,NaN,NaN,NaN,NaN,NaN,NaN,NaN
5,NaN,NaN,NaN,NaN,NaN,NaN,NaN,NaN
6,NaN,NaN,NaN,NaN,NaN,NaN,NaN,NaN
7,NaN,NaN,NaN,NaN,NaN,NaN,NaN,NaN
8,NaN,NaN,NaN,NaN,NaN,NaN,NaN,NaN
9,NaN,NaN,NaN,NaN,NaN,NaN,NaN,NaN
10,NaN,NaN,NaN,NaN,NaN,NaN,NaN,NaN
11,NaN,NaN,NaN,NaN,NaN,NaN,NaN,NaN
1,NaN,NaN,NaN,NaN,NaN,NaN,NaN,NaN
2,NaN,NaN,NaN,NaN,NaN,NaN,NaN,NaN
3,NaN,NaN,NaN,NaN,NaN,NaN,NaN,NaN
4,NaN,NaN,NaN,NaN,NaN,NaN,NaN,NaN
5,NaN,NaN,NaN,NaN,NaN,NaN,NaN,NaN
6,NaN,NaN,NaN,NaN,NaN,NaN,NaN,NaN
7,NaN,NaN,NaN,NaN,NaN,NaN,NaN,NaN
8,NaN,NaN,NaN,NaN,NaN,NaN,NaN,NaN
9,NaN,NaN,NaN,NaN,NaN,NaN,NaN,NaN
10,NaN,NaN,NaN,NaN,NaN,NaN,NaN,NaN
11,NaN,NaN,NaN,NaN,NaN,NaN,NaN,NaN
1,NaN,NaN,NaN,NaN,NaN,NaN,NaN,NaN
2,NaN,NaN,NaN,NaN,NaN,NaN,NaN,NaN
3,NaN,NaN,NaN,NaN,NaN,NaN,NaN,NaN
4,NaN,NaN,NaN,NaN,NaN,NaN,NaN,NaN
5,NaN,NaN,NaN,NaN,NaN,NaN,NaN,NaN
6,NaN,NaN,NaN,NaN,NaN,NaN,NaN,NaN
7,NaN,NaN,NaN,NaN,NaN,NaN,NaN,NaN
8,NaN,NaN,NaN,NaN,NaN,NaN,NaN,NaN
9,NaN,NaN,NaN,NaN,NaN,NaN,NaN,NaN
10,NaN,NaN,NaN,NaN,NaN,NaN,NaN,NaN
11,NaN,NaN,NaN,NaN,NaN,NaN,NaN,NaN
1,NaN,NaN,NaN,NaN,NaN,NaN,NaN,NaN
2,NaN,NaN,NaN,NaN,NaN,NaN,NaN,NaN
3,NaN,NaN,NaN,NaN,NaN,NaN,NaN,NaN
4,NaN,NaN,NaN,NaN,NaN,NaN,NaN,NaN
5,NaN,NaN,NaN,NaN,NaN,NaN,NaN,NaN
6,NaN,NaN,NaN,NaN,NaN,NaN,NaN,NaN
7,NaN,NaN,NaN,NaN,NaN,NaN,NaN,NaN
8,NaN,NaN,NaN,NaN,NaN,NaN,NaN,NaN
9,NaN,NaN,NaN,NaN,NaN,NaN,NaN,NaN
10,NaN,NaN,NaN,NaN,NaN,NaN,NaN,NaN
11,NaN,NaN,NaN,NaN,NaN,NaN,NaN,NaN
1,NaN,NaN,NaN,NaN,NaN,NaN,NaN,NaN
2,NaN,NaN,NaN,NaN,NaN,NaN,NaN,NaN
3,NaN,NaN,NaN,NaN,NaN,NaN,NaN,NaN
4,NaN,NaN,NaN,NaN,NaN,NaN,NaN,NaN
5,NaN,NaN,NaN,NaN,NaN,NaN,NaN,NaN
6,NaN,NaN,NaN,NaN,NaN,NaN,NaN,NaN
7,NaN,NaN,NaN,NaN,NaN,NaN,NaN,NaN
8,NaN,NaN,NaN,NaN,NaN,NaN,NaN,NaN
9,NaN,NaN,NaN,NaN,NaN,NaN,NaN,NaN
10,NaN,NaN,NaN,NaN,NaN,NaN,NaN,NaN
11,NaN,NaN,NaN,NaN,NaN,NaN,NaN,NaN
1,NaN,NaN,NaN,NaN,NaN,NaN,NaN,NaN
2,NaN,NaN,NaN,NaN,NaN,NaN,NaN,NaN
3,NaN,NaN,NaN,NaN,NaN,NaN,NaN,NaN
4,NaN,NaN,NaN,NaN,NaN,NaN,NaN,NaN
5,NaN,NaN,NaN,NaN,NaN,NaN,NaN,NaN
6,NaN,NaN,NaN,NaN,NaN,NaN,NaN,NaN
7,NaN,NaN,NaN,NaN,NaN,NaN,NaN,NaN
8,NaN,NaN,NaN,NaN,NaN,NaN,NaN,NaN
9,NaN,NaN,NaN,NaN,NaN,NaN,NaN,NaN
10,NaN,NaN,NaN,NaN,NaN,NaN,NaN,NaN
11,NaN,NaN,NaN,NaN,NaN,NaN,NaN,NaN
1,NaN,NaN,NaN,NaN,NaN,NaN,NaN,NaN
2,NaN,NaN,NaN,NaN,NaN,NaN,NaN,NaN
3,NaN,NaN,NaN,NaN,NaN,NaN,NaN,NaN
4,NaN,NaN,NaN,NaN,NaN,NaN,NaN,NaN
5,NaN,NaN,NaN,NaN,NaN,NaN,NaN,NaN
6,NaN,NaN,NaN,NaN,NaN,NaN,NaN,NaN
7,NaN,NaN,NaN,NaN,NaN,NaN,NaN,NaN
8,NaN,NaN,NaN,NaN,NaN,NaN,NaN,NaN
9,NaN,NaN,NaN,NaN,NaN,NaN,NaN,NaN
10,NaN,NaN,NaN,NaN,NaN,NaN,NaN,NaN
11,NaN,NaN,NaN,NaN,NaN,NaN,NaN,NaN
1,NaN,NaN,NaN,NaN,NaN,NaN,NaN,NaN
2,NaN,NaN,NaN,NaN,NaN,NaN,NaN,NaN
3,NaN,NaN,NaN,NaN,NaN,NaN,NaN,NaN
4,NaN,NaN,NaN,NaN,NaN,NaN,NaN,NaN
5,NaN,NaN,NaN,NaN,NaN,NaN,NaN,NaN
6,NaN,NaN,NaN,NaN,NaN,NaN,NaN,NaN
7,NaN,NaN,NaN,NaN,NaN,NaN,NaN,NaN
8,NaN,NaN,NaN,NaN,NaN,NaN,NaN,NaN
9,NaN,NaN,NaN,NaN,NaN,NaN,NaN,NaN
10,NaN,NaN,NaN,NaN,NaN,NaN,NaN,NaN
11,NaN,NaN,NaN,NaN,NaN,NaN,NaN,NaN
1,NaN,NaN,NaN,NaN,NaN,NaN,NaN,NaN
2,NaN,NaN,NaN,NaN,NaN,NaN,NaN,NaN
3,NaN,NaN,NaN,NaN,NaN,NaN,NaN,NaN
4,NaN,NaN,NaN,NaN,NaN,NaN,NaN,NaN
5,NaN,NaN,NaN,NaN,NaN,NaN,NaN,NaN
6,NaN,NaN,NaN,NaN,NaN,NaN,NaN,NaN
7,NaN,NaN,NaN,NaN,NaN,NaN,NaN,NaN
8,NaN,NaN,NaN,NaN,NaN,NaN,NaN,NaN
9,NaN,NaN,NaN,NaN,NaN,NaN,NaN,NaN
10,NaN,NaN,NaN,NaN,NaN,NaN,NaN,NaN
11,NaN,NaN,NaN,NaN,NaN,NaN,NaN,NaN
1,NaN,NaN,NaN,NaN,NaN,NaN,NaN,NaN
2,NaN,NaN,NaN,NaN,NaN,NaN,NaN,NaN
3,NaN,NaN,NaN,NaN,NaN,NaN,NaN,NaN
4,NaN,NaN,NaN,NaN,NaN,NaN,NaN,NaN
5,NaN,NaN,NaN,NaN,NaN,NaN,NaN,NaN
6,NaN,NaN,NaN,NaN,NaN,NaN,NaN,NaN
7,NaN,NaN,NaN,NaN,NaN,NaN,NaN,NaN
8,NaN,NaN,NaN,NaN,NaN,NaN,NaN,NaN
9,NaN,NaN,NaN,NaN,NaN,NaN,NaN,NaN
10,NaN,NaN,NaN,NaN,NaN,NaN,NaN,NaN
11,NaN,NaN,NaN,NaN,NaN,NaN,NaN,NaN
1,NaN,NaN,NaN,NaN,NaN,NaN,NaN,NaN
2,NaN,NaN,NaN,NaN,NaN,NaN,NaN,NaN
3,NaN,NaN,NaN,NaN,NaN,NaN,NaN,NaN
4,NaN,NaN,NaN,NaN,NaN,NaN,NaN,NaN
5,NaN,NaN,NaN,NaN,NaN,NaN,NaN,NaN
6,NaN,NaN,NaN,NaN,NaN,NaN,NaN,NaN
7,NaN,NaN,NaN,NaN,NaN,NaN,NaN,NaN
8,NaN,NaN,NaN,NaN,NaN,NaN,NaN,NaN
9,NaN,NaN,NaN,NaN,NaN,NaN,NaN,NaN
10,NaN,NaN,NaN,NaN,NaN,NaN,NaN,NaN
11,NaN,NaN,NaN,NaN,NaN,NaN,NaN,NaN
1,NaN,NaN,NaN,NaN,NaN,NaN,NaN,NaN
2,NaN,NaN,NaN,NaN,NaN,NaN,NaN,NaN
3,NaN,NaN,NaN,NaN,NaN,NaN,NaN,NaN
4,NaN,NaN,NaN,NaN,NaN,NaN,NaN,NaN
5,NaN,NaN,NaN,NaN,NaN,NaN,NaN,NaN
6,NaN,NaN,NaN,NaN,NaN,NaN,NaN,NaN
7,NaN,NaN,NaN,NaN,NaN,NaN,NaN,NaN
8,NaN,NaN,NaN,NaN,NaN,NaN,NaN,NaN
9,NaN,NaN,NaN,NaN,NaN,NaN,NaN,NaN
10,NaN,NaN,NaN,NaN,NaN,NaN,NaN,NaN
11,NaN,NaN,NaN,NaN,NaN,NaN,NaN,NaN
1,NaN,NaN,NaN,NaN,NaN,NaN,NaN,NaN
2,NaN,NaN,NaN,NaN,NaN,NaN,NaN,NaN
3,NaN,NaN,NaN,NaN,NaN,NaN,NaN,NaN
4,NaN,NaN,NaN,NaN,NaN,NaN,NaN,NaN
5,NaN,NaN,NaN,NaN,NaN,NaN,NaN,NaN
6,NaN,NaN,NaN,NaN,NaN,NaN,NaN,NaN
7,NaN,NaN,NaN,NaN,NaN,NaN,NaN,NaN
8,NaN,NaN,NaN,NaN,NaN,NaN,NaN,NaN
9,NaN,NaN,NaN,NaN,NaN,NaN,NaN,NaN
10,NaN,NaN,NaN,NaN,NaN,NaN,NaN,NaN
11,NaN,NaN,NaN,NaN,NaN,NaN,NaN,NaN
1,NaN,NaN,NaN,NaN,NaN,NaN,NaN,NaN
2,NaN,NaN,NaN,NaN,NaN,NaN,NaN,NaN
3,NaN,NaN,NaN,NaN,NaN,NaN,NaN,NaN
4,NaN,NaN,NaN,NaN,NaN,NaN,NaN,NaN
5,NaN,NaN,NaN,NaN,NaN,NaN,NaN,NaN
6,NaN,NaN,NaN,NaN,NaN,NaN,NaN,NaN
7,NaN,NaN,NaN,NaN,NaN,NaN,NaN,NaN
8,NaN,NaN,NaN,NaN,NaN,NaN,NaN,NaN
9,NaN,NaN,NaN,NaN,NaN,NaN,NaN,NaN
10,NaN,NaN,NaN,NaN,NaN,NaN,NaN,NaN
11,NaN,NaN,NaN,NaN,NaN,NaN,NaN,NaN
1,NaN,NaN,NaN,NaN,NaN,NaN,NaN,NaN
2,NaN,NaN,NaN,NaN,NaN,NaN,NaN,NaN
3,NaN,NaN,NaN,NaN,NaN,NaN,NaN,NaN
4,NaN,NaN,NaN,NaN,NaN,NaN,NaN,NaN
5,NaN,NaN,NaN,NaN,NaN,NaN,NaN,NaN
6,NaN,NaN,NaN,NaN,NaN,NaN,NaN,NaN
7,NaN,NaN,NaN,NaN,NaN,NaN,NaN,NaN
8,NaN,NaN,NaN,NaN,NaN,NaN,NaN,NaN
9,NaN,NaN,NaN,NaN,NaN,NaN,NaN,NaN
10,NaN,NaN,NaN,NaN,NaN,NaN,NaN,NaN
11,NaN,NaN,NaN,NaN,NaN,NaN,NaN,NaN
1,NaN,NaN,NaN,NaN,NaN,NaN,NaN,NaN
2,NaN,NaN,NaN,NaN,NaN,NaN,NaN,NaN
3,NaN,NaN,NaN,NaN,NaN,NaN,NaN,NaN
4,NaN,NaN,NaN,NaN,NaN,NaN,NaN,NaN
5,NaN,NaN,NaN,NaN,NaN,NaN,NaN,NaN
6,NaN,NaN,NaN,NaN,NaN,NaN,NaN,NaN
7,NaN,NaN,NaN,NaN,NaN,NaN,NaN,NaN
8,NaN,NaN,NaN,NaN,NaN,NaN,NaN,NaN
9,NaN,NaN,NaN,NaN,NaN,NaN,NaN,NaN
10,NaN,NaN,NaN,NaN,NaN,NaN,NaN,NaN
11,NaN,NaN,NaN,NaN,NaN,NaN,NaN,NaN
1,NaN,NaN,NaN,NaN,NaN,NaN,NaN,NaN
2,NaN,NaN,NaN,NaN,NaN,NaN,NaN,NaN
3,NaN,NaN,NaN,NaN,NaN,NaN,NaN,NaN
4,NaN,NaN,NaN,NaN,NaN,NaN,NaN,NaN
5,NaN,NaN,NaN,NaN,NaN,NaN,NaN,NaN
6,NaN,NaN,NaN,NaN,NaN,NaN,NaN,NaN
7,NaN,NaN,NaN,NaN,NaN,NaN,NaN,NaN
8,NaN,NaN,NaN,NaN,NaN,NaN,NaN,NaN
9,NaN,NaN,NaN,NaN,NaN,NaN,NaN,NaN
10,NaN,NaN,NaN,NaN,NaN,NaN,NaN,NaN
11,NaN,NaN,NaN,NaN,NaN,NaN,NaN,NaN
1,NaN,NaN,NaN,NaN,NaN,NaN,NaN,NaN
2,NaN,NaN,NaN,NaN,NaN,NaN,NaN,NaN
3,NaN,NaN,NaN,NaN,NaN,NaN,NaN,NaN
4,NaN,NaN,NaN,NaN,NaN,NaN,NaN,NaN
5,NaN,NaN,NaN,NaN,NaN,NaN,NaN,NaN
6,NaN,NaN,NaN,NaN,NaN,NaN,NaN,NaN
7,NaN,NaN,NaN,NaN,NaN,NaN,NaN,NaN
8,NaN,NaN,NaN,NaN,NaN,NaN,NaN,NaN
9,NaN,NaN,NaN,NaN,NaN,NaN,NaN,NaN
10,NaN,NaN,NaN,NaN,NaN,NaN,NaN,NaN
11,NaN,NaN,NaN,NaN,NaN,NaN,NaN,NaN
1,NaN,NaN,NaN,NaN,NaN,NaN,NaN,NaN
2,NaN,NaN,NaN,NaN,NaN,NaN,NaN,NaN
3,NaN,NaN,NaN,NaN,NaN,NaN,NaN,NaN
4,NaN,NaN,NaN,NaN,NaN,NaN,NaN,NaN
5,NaN,NaN,NaN,NaN,NaN,NaN,NaN,NaN
6,NaN,NaN,NaN,NaN,NaN,NaN,NaN,NaN
7,NaN,NaN,NaN,NaN,NaN,NaN,NaN,NaN
8,NaN,NaN,NaN,NaN,NaN,NaN,NaN,NaN
9,NaN,NaN,NaN,NaN,NaN,NaN,NaN,NaN
10,NaN,NaN,NaN,NaN,NaN,NaN,NaN,NaN
11,NaN,NaN,NaN,NaN,NaN,NaN,NaN,NaN
1,NaN,NaN,NaN,NaN,NaN,NaN,NaN,NaN
2,NaN,NaN,NaN,NaN,NaN,NaN,NaN,NaN
3,NaN,NaN,NaN,NaN,NaN,NaN,NaN,NaN
4,NaN,NaN,NaN,NaN,NaN,NaN,NaN,NaN
5,NaN,NaN,NaN,NaN,NaN,NaN,NaN,NaN
6,NaN,NaN,NaN,NaN,NaN,NaN,NaN,NaN
7,NaN,NaN,NaN,NaN,NaN,NaN,NaN,NaN
8,NaN,NaN,NaN,NaN,NaN,NaN,NaN,NaN
9,NaN,NaN,NaN,NaN,NaN,NaN,NaN,NaN
10,NaN,NaN,NaN,NaN,NaN,NaN,NaN,NaN
11,NaN,NaN,NaN,NaN,NaN,NaN,NaN,NaN
1,NaN,NaN,NaN,NaN,NaN,NaN,NaN,NaN
2,NaN,NaN,NaN,NaN,NaN,NaN,NaN,NaN
3,NaN,NaN,NaN,NaN,NaN,NaN,NaN,NaN
4,NaN,NaN,NaN,NaN,NaN,NaN,NaN,NaN
5,NaN,NaN,NaN,NaN,NaN,NaN,NaN,NaN
6,NaN,NaN,NaN,NaN,NaN,NaN,NaN,NaN
7,NaN,NaN,NaN,NaN,NaN,NaN,NaN,NaN
8,NaN,NaN,NaN,NaN,NaN,NaN,NaN,NaN
9,NaN,NaN,NaN,NaN,NaN,NaN,NaN,NaN
10,NaN,NaN,NaN,NaN,NaN,NaN,NaN,NaN
11,NaN,NaN,NaN,NaN,NaN,NaN,NaN,NaN
1,NaN,NaN,NaN,NaN,NaN,NaN,NaN,NaN
2,NaN,NaN,NaN,NaN,NaN,NaN,NaN,NaN
3,NaN,NaN,NaN,NaN,NaN,NaN,NaN,NaN
4,NaN,NaN,NaN,NaN,NaN,NaN,NaN,NaN
5,NaN,NaN,NaN,NaN,NaN,NaN,NaN,NaN
6,NaN,NaN,NaN,NaN,NaN,NaN,NaN,NaN
7,NaN,NaN,NaN,NaN,NaN,NaN,NaN,NaN
8,NaN,NaN,NaN,NaN,NaN,NaN,NaN,NaN
9,NaN,NaN,NaN,NaN,NaN,NaN,NaN,NaN
10,NaN,NaN,NaN,NaN,NaN,NaN,NaN,NaN
11,NaN,NaN,NaN,NaN,NaN,NaN,NaN,NaN
1,NaN,NaN,NaN,NaN,NaN,NaN,NaN,NaN
2,NaN,NaN,NaN,NaN,NaN,NaN,NaN,NaN
3,NaN,NaN,NaN,NaN,NaN,NaN,NaN,NaN
4,NaN,NaN,NaN,NaN,NaN,NaN,NaN,NaN
5,NaN,NaN,NaN,NaN,NaN,NaN,NaN,NaN
6,NaN,NaN,NaN,NaN,NaN,NaN,NaN,NaN
7,NaN,NaN,NaN,NaN,NaN,NaN,NaN,NaN
8,NaN,NaN,NaN,NaN,NaN,NaN,NaN,NaN
9,NaN,NaN,NaN,NaN,NaN,NaN,NaN,NaN
10,NaN,NaN,NaN,NaN,NaN,NaN,NaN,NaN
11,NaN,NaN,NaN,NaN,NaN,NaN,NaN,NaN
1,NaN,NaN,NaN,NaN,NaN,NaN,NaN,NaN
2,NaN,NaN,NaN,NaN,NaN,NaN,NaN,NaN
3,NaN,NaN,NaN,NaN,NaN,NaN,NaN,NaN
4,NaN,NaN,NaN,NaN,NaN,NaN,NaN,NaN
5,NaN,NaN,NaN,NaN,NaN,NaN,NaN,NaN
6,NaN,NaN,NaN,NaN,NaN,NaN,NaN,NaN
7,NaN,NaN,NaN,NaN,NaN,NaN,NaN,NaN
8,NaN,NaN,NaN,NaN,NaN,NaN,NaN,NaN
9,NaN,NaN,NaN,NaN,NaN,NaN,NaN,NaN
10,NaN,NaN,NaN,NaN,NaN,NaN,NaN,NaN
11,NaN,NaN,NaN,NaN,NaN,NaN,NaN,NaN
1,NaN,NaN,NaN,NaN,NaN,NaN,NaN,NaN
2,NaN,NaN,NaN,NaN,NaN,NaN,NaN,NaN
3,NaN,NaN,NaN,NaN,NaN,NaN,NaN,NaN
4,NaN,NaN,NaN,NaN,NaN,NaN,NaN,NaN
5,NaN,NaN,NaN,NaN,NaN,NaN,NaN,NaN
6,NaN,NaN,NaN,NaN,NaN,NaN,NaN,NaN
7,NaN,NaN,NaN,NaN,NaN,NaN,NaN,NaN
8,NaN,NaN,NaN,NaN,NaN,NaN,NaN,NaN
9,NaN,NaN,NaN,NaN,NaN,NaN,NaN,NaN
10,NaN,NaN,NaN,NaN,NaN,NaN,NaN,NaN
11,NaN,NaN,NaN,NaN,NaN,NaN,NaN,NaN
1,NaN,NaN,NaN,NaN,NaN,NaN,NaN,NaN
2,NaN,NaN,NaN,NaN,NaN,NaN,NaN,NaN
3,NaN,NaN,NaN,NaN,NaN,NaN,NaN,NaN
4,NaN,NaN,NaN,NaN,NaN,NaN,NaN,NaN
5,NaN,NaN,NaN,NaN,NaN,NaN,NaN,NaN
6,NaN,NaN,NaN,NaN,NaN,NaN,NaN,NaN
7,NaN,NaN,NaN,NaN,NaN,NaN,NaN,NaN
8,NaN,NaN,NaN,NaN,NaN,NaN,NaN,NaN
9,NaN,NaN,NaN,NaN,NaN,NaN,NaN,NaN
10,NaN,NaN,NaN,NaN,NaN,NaN,NaN,NaN
11,NaN,NaN,NaN,NaN,NaN,NaN,NaN,NaN
1,NaN,NaN,NaN,NaN,NaN,NaN,NaN,NaN
2,NaN,NaN,NaN,NaN,NaN,NaN,NaN,NaN
3,NaN,NaN,NaN,NaN,NaN,NaN,NaN,NaN
4,NaN,NaN,NaN,NaN,NaN,NaN,NaN,NaN
5,NaN,NaN,NaN,NaN,NaN,NaN,NaN,NaN
6,NaN,NaN,NaN,NaN,NaN,NaN,NaN,NaN
7,NaN,NaN,NaN,NaN,NaN,NaN,NaN,NaN
8,NaN,NaN,NaN,NaN,NaN,NaN,NaN,NaN
9,NaN,NaN,NaN,NaN,NaN,NaN,NaN,NaN
10,NaN,NaN,NaN,NaN,NaN,NaN,NaN,NaN
11,NaN,NaN,NaN,NaN,NaN,NaN,NaN,NaN
1,NaN,NaN,NaN,NaN,NaN,NaN,NaN,NaN
2,NaN,NaN,NaN,NaN,NaN,NaN,NaN,NaN
3,NaN,NaN,NaN,NaN,NaN,NaN,NaN,NaN
4,NaN,NaN,NaN,NaN,NaN,NaN,NaN,NaN
5,NaN,NaN,NaN,NaN,NaN,NaN,NaN,NaN
6,NaN,NaN,NaN,NaN,NaN,NaN,NaN,NaN
7,NaN,NaN,NaN,NaN,NaN,NaN,NaN,NaN
8,NaN,NaN,NaN,NaN,NaN,NaN,NaN,NaN
9,NaN,NaN,NaN,NaN,NaN,NaN,NaN,NaN
10,NaN,NaN,NaN,NaN,NaN,NaN,NaN,NaN
11,NaN,NaN,NaN,NaN,NaN,NaN,NaN,NaN
1,NaN,NaN,NaN,NaN,NaN,NaN,NaN,NaN
2,NaN,NaN,NaN,NaN,NaN,NaN,NaN,NaN
3,NaN,NaN,NaN,NaN,NaN,NaN,NaN,NaN
4,NaN,NaN,NaN,NaN,NaN,NaN,NaN,NaN
5,NaN,NaN,NaN,NaN,NaN,NaN,NaN,NaN
6,NaN,NaN,NaN,NaN,NaN,NaN,NaN,NaN
7,NaN,NaN,NaN,NaN,NaN,NaN,NaN,NaN
8,NaN,NaN,NaN,NaN,NaN,NaN,NaN,NaN
9,NaN,NaN,NaN,NaN,NaN,NaN,NaN,NaN
10,NaN,NaN,NaN,NaN,NaN,NaN,NaN,NaN
11,NaN,NaN,NaN,NaN,NaN,NaN,NaN,NaN
1,NaN,NaN,NaN,NaN,NaN,NaN,NaN,NaN
2,NaN,NaN,NaN,NaN,NaN,NaN,NaN,NaN
3,NaN,NaN,NaN,NaN,NaN,NaN,NaN,NaN
4,NaN,NaN,NaN,NaN,NaN,NaN,NaN,NaN
5,NaN,NaN,NaN,NaN,NaN,NaN,NaN,NaN
6,NaN,NaN,NaN,NaN,NaN,NaN,NaN,NaN
7,NaN,NaN,NaN,NaN,NaN,NaN,NaN,NaN
8,NaN,NaN,NaN,NaN,NaN,NaN,NaN,NaN
9,NaN,NaN,NaN,NaN,NaN,NaN,NaN,NaN
10,NaN,NaN,NaN,NaN,NaN,NaN,NaN,NaN
11,NaN,NaN,NaN,NaN,NaN,NaN,NaN,NaN
1,NaN,NaN,NaN,NaN,NaN,NaN,NaN,NaN
2,NaN,NaN,NaN,NaN,NaN,NaN,NaN,NaN
3,NaN,NaN,NaN,NaN,NaN,NaN,NaN,NaN
4,NaN,NaN,NaN,NaN,NaN,NaN,NaN,NaN
5,NaN,NaN,NaN,NaN,NaN,NaN,NaN,NaN
6,NaN,NaN,NaN,NaN,NaN,NaN,NaN,NaN
7,NaN,NaN,NaN,NaN,NaN,NaN,NaN,NaN
8,NaN,NaN,NaN,NaN,NaN,NaN,NaN,NaN
9,NaN,NaN,NaN,NaN,NaN,NaN,NaN,NaN
10,NaN,NaN,NaN,NaN,NaN,NaN,NaN,NaN
11,NaN,NaN,NaN,NaN,NaN,NaN,NaN,NaN
1,NaN,NaN,NaN,NaN,NaN,NaN,NaN,NaN
2,NaN,NaN,NaN,NaN,NaN,NaN,NaN,NaN
3,NaN,NaN,NaN,NaN,NaN,NaN,NaN,NaN
4,NaN,NaN,NaN,NaN,NaN,NaN,NaN,NaN
5,NaN,NaN,NaN,NaN,NaN,NaN,NaN,NaN
6,NaN,NaN,NaN,NaN,NaN,NaN,NaN,NaN
7,NaN,NaN,NaN,NaN,NaN,NaN,NaN,NaN
8,NaN,NaN,NaN,NaN,NaN,NaN,NaN,NaN
9,NaN,NaN,NaN,NaN,NaN,NaN,NaN,NaN
10,NaN,NaN,NaN,NaN,NaN,NaN,NaN,NaN
11,NaN,NaN,NaN,NaN,NaN,NaN,NaN,NaN
1,NaN,NaN,NaN,NaN,NaN,NaN,NaN,NaN
2,NaN,NaN,NaN,NaN,NaN,NaN,NaN,NaN
3,NaN,NaN,NaN,NaN,NaN,NaN,NaN,NaN
4,NaN,NaN,NaN,NaN,NaN,NaN,NaN,NaN
5,NaN,NaN,NaN,NaN,NaN,NaN,NaN,NaN
6,NaN,NaN,NaN,NaN,NaN,NaN,NaN,NaN
7,NaN,NaN,NaN,NaN,NaN,NaN,NaN,NaN
8,NaN,NaN,NaN,NaN,NaN,NaN,NaN,NaN
9,NaN,NaN,NaN,NaN,NaN,NaN,NaN,NaN
10,NaN,NaN,NaN,NaN,NaN,NaN,NaN,NaN
11,NaN,NaN,NaN,NaN,NaN,NaN,NaN,NaN
1,NaN,NaN,NaN,NaN,NaN,NaN,NaN,NaN
2,NaN,NaN,NaN,NaN,NaN,NaN,NaN,NaN
3,NaN,NaN,NaN,NaN,NaN,NaN,NaN,NaN
4,NaN,NaN,NaN,NaN,NaN,NaN,NaN,NaN
5,NaN,NaN,NaN,NaN,NaN,NaN,NaN,NaN
6,NaN,NaN,NaN,NaN,NaN,NaN,NaN,NaN
7,NaN,NaN,NaN,NaN,NaN,NaN,NaN,NaN
8,NaN,NaN,NaN,NaN,NaN,NaN,NaN,NaN
9,NaN,NaN,NaN,NaN,NaN,NaN,NaN,NaN
10,NaN,NaN,NaN,NaN,NaN,NaN,NaN,NaN
11,NaN,NaN,NaN,NaN,NaN,NaN,NaN,NaN
1,NaN,NaN,NaN,NaN,NaN,NaN,NaN,NaN
2,NaN,NaN,NaN,NaN,NaN,NaN,NaN,NaN
3,NaN,NaN,NaN,NaN,NaN,NaN,NaN,NaN
4,NaN,NaN,NaN,NaN,NaN,NaN,NaN,NaN
5,NaN,NaN,NaN,NaN,NaN,NaN,NaN,NaN
6,NaN,NaN,NaN,NaN,NaN,NaN,NaN,NaN
7,NaN,NaN,NaN,NaN,NaN,NaN,NaN,NaN
8,NaN,NaN,NaN,NaN,NaN,NaN,NaN,NaN
9,NaN,NaN,NaN,NaN,NaN,NaN,NaN,NaN
10,NaN,NaN,NaN,NaN,NaN,NaN,NaN,NaN
11,NaN,NaN,NaN,NaN,NaN,NaN,NaN,NaN
1,NaN,NaN,NaN,NaN,NaN,NaN,NaN,NaN
2,NaN,NaN,NaN,NaN,NaN,NaN,NaN,NaN
3,NaN,NaN,NaN,NaN,NaN,NaN,NaN,NaN
4,NaN,NaN,NaN,NaN,NaN,NaN,NaN,NaN
5,NaN,NaN,NaN,NaN,NaN,NaN,NaN,NaN
6,NaN,NaN,NaN,NaN,NaN,NaN,NaN,NaN
7,NaN,NaN,NaN,NaN,NaN,NaN,NaN,NaN
8,NaN,NaN,NaN,NaN,NaN,NaN,NaN,NaN
9,NaN,NaN,NaN,NaN,NaN,NaN,NaN,NaN
10,NaN,NaN,NaN,NaN,NaN,NaN,NaN,NaN
11,NaN,NaN,NaN,NaN,NaN,NaN,NaN,NaN
1,NaN,NaN,NaN,NaN,NaN,NaN,NaN,NaN
2,NaN,NaN,NaN,NaN,NaN,NaN,NaN,NaN
3,NaN,NaN,NaN,NaN,NaN,NaN,NaN,NaN
4,NaN,NaN,NaN,NaN,NaN,NaN,NaN,NaN
5,NaN,NaN,NaN,NaN,NaN,NaN,NaN,NaN
6,NaN,NaN,NaN,NaN,NaN,NaN,NaN,NaN
7,NaN,NaN,NaN,NaN,NaN,NaN,NaN,NaN
8,NaN,NaN,NaN,NaN,NaN,NaN,NaN,NaN
9,NaN,NaN,NaN,NaN,NaN,NaN,NaN,NaN
10,NaN,NaN,NaN,NaN,NaN,NaN,NaN,NaN
11,NaN,NaN,NaN,NaN,NaN,NaN,NaN,NaN
1,NaN,NaN,NaN,NaN,NaN,NaN,NaN,NaN
2,NaN,NaN,NaN,NaN,NaN,NaN,NaN,NaN
3,NaN,NaN,NaN,NaN,NaN,NaN,NaN,NaN
4,NaN,NaN,NaN,NaN,NaN,NaN,NaN,NaN
5,NaN,NaN,NaN,NaN,NaN,NaN,NaN,NaN
6,NaN,NaN,NaN,NaN,NaN,NaN,NaN,NaN
7,NaN,NaN,NaN,NaN,NaN,NaN,NaN,NaN
8,NaN,NaN,NaN,NaN,NaN,NaN,NaN,NaN
9,NaN,NaN,NaN,NaN,NaN,NaN,NaN,NaN
10,NaN,NaN,NaN,NaN,NaN,NaN,NaN,NaN
11,NaN,NaN,NaN,NaN,NaN,NaN,NaN,NaN
1,NaN,NaN,NaN,NaN,NaN,NaN,NaN,NaN
2,NaN,NaN,NaN,NaN,NaN,NaN,NaN,NaN
3,NaN,NaN,NaN,NaN,NaN,NaN,NaN,NaN
4,NaN,NaN,NaN,NaN,NaN,NaN,NaN,NaN
5,NaN,NaN,NaN,NaN,NaN,NaN,NaN,NaN
6,NaN,NaN,NaN,NaN,NaN,NaN,NaN,NaN
7,NaN,NaN,NaN,NaN,NaN,NaN,NaN,NaN
8,NaN,NaN,NaN,NaN,NaN,NaN,NaN,NaN
9,NaN,NaN,NaN,NaN,NaN,NaN,NaN,NaN
10,NaN,NaN,NaN,NaN,NaN,NaN,NaN,NaN
11,NaN,NaN,NaN,NaN,NaN,NaN,NaN,NaN
1,NaN,NaN,NaN,NaN,NaN,NaN,NaN,NaN
2,NaN,NaN,NaN,NaN,NaN,NaN,NaN,NaN
3,NaN,NaN,NaN,NaN,NaN,NaN,NaN,NaN
4,NaN,NaN,NaN,NaN,NaN,NaN,NaN,NaN
5,NaN,NaN,NaN,NaN,NaN,NaN,NaN,NaN
6,NaN,NaN,NaN,NaN,NaN,NaN,NaN,NaN
7,NaN,NaN,NaN,NaN,NaN,NaN,NaN,NaN
8,NaN,NaN,NaN,NaN,NaN,NaN,NaN,NaN
9,NaN,NaN,NaN,NaN,NaN,NaN,NaN,NaN
10,NaN,NaN,NaN,NaN,NaN,NaN,NaN,NaN
11,NaN,NaN,NaN,NaN,NaN,NaN,NaN,NaN
1,NaN,NaN,NaN,NaN,NaN,NaN,NaN,NaN
2,NaN,NaN,NaN,NaN,NaN,NaN,NaN,NaN
3,NaN,NaN,NaN,NaN,NaN,NaN,NaN,NaN
4,NaN,NaN,NaN,NaN,NaN,NaN,NaN,NaN
5,NaN,NaN,NaN,NaN,NaN,NaN,NaN,NaN
6,NaN,NaN,NaN,NaN,NaN,NaN,NaN,NaN
7,NaN,NaN,NaN,NaN,NaN,NaN,NaN,NaN
8,NaN,NaN,NaN,NaN,NaN,NaN,NaN,NaN
9,NaN,NaN,NaN,NaN,NaN,NaN,NaN,NaN
10,NaN,NaN,NaN,NaN,NaN,NaN,NaN,NaN
11,NaN,NaN,NaN,NaN,NaN,NaN,NaN,NaN
1,NaN,NaN,NaN,NaN,NaN,NaN,NaN,NaN
2,NaN,NaN,NaN,NaN,NaN,NaN,NaN,NaN
3,NaN,NaN,NaN,NaN,NaN,NaN,NaN,NaN
4,NaN,NaN,NaN,NaN,NaN,NaN,NaN,NaN
5,NaN,NaN,NaN,NaN,NaN,NaN,NaN,NaN
6,NaN,NaN,NaN,NaN,NaN,NaN,NaN,NaN
7,NaN,NaN,NaN,NaN,NaN,NaN,NaN,NaN
8,NaN,NaN,NaN,NaN,NaN,NaN,NaN,NaN
9,NaN,NaN,NaN,NaN,NaN,NaN,NaN,NaN
10,NaN,NaN,NaN,NaN,NaN,NaN,NaN,NaN
11,NaN,NaN,NaN,NaN,NaN,NaN,NaN,NaN
1,NaN,NaN,NaN,NaN,NaN,NaN,NaN,NaN
2,NaN,NaN,NaN,NaN,NaN,NaN,NaN,NaN
3,NaN,NaN,NaN,NaN,NaN,NaN,NaN,NaN
4,NaN,NaN,NaN,NaN,NaN,NaN,NaN,NaN
5,NaN,NaN,NaN,NaN,NaN,NaN,NaN,NaN
6,NaN,NaN,NaN,NaN,NaN,NaN,NaN,NaN
7,NaN,NaN,NaN,NaN,NaN,NaN,NaN,NaN
8,NaN,NaN,NaN,NaN,NaN,NaN,NaN,NaN
9,NaN,NaN,NaN,NaN,NaN,NaN,NaN,NaN
10,NaN,NaN,NaN,NaN,NaN,NaN,NaN,NaN
11,NaN,NaN,NaN,NaN,NaN,NaN,NaN,NaN
1,NaN,NaN,NaN,NaN,NaN,NaN,NaN,NaN
2,NaN,NaN,NaN,NaN,NaN,NaN,NaN,NaN
3,NaN,NaN,NaN,NaN,NaN,NaN,NaN,NaN
4,NaN,NaN,NaN,NaN,NaN,NaN,NaN,NaN
5,NaN,NaN,NaN,NaN,NaN,NaN,NaN,NaN
6,NaN,NaN,NaN,NaN,NaN,NaN,NaN,NaN
7,NaN,NaN,NaN,NaN,NaN,NaN,NaN,NaN
8,NaN,NaN,NaN,NaN,NaN,NaN,NaN,NaN
9,NaN,NaN,NaN,NaN,NaN,NaN,NaN,NaN
10,NaN,NaN,NaN,NaN,NaN,NaN,NaN,NaN
11,NaN,NaN,NaN,NaN,NaN,NaN,NaN,NaN
1,NaN,NaN,NaN,NaN,NaN,NaN,NaN,NaN
2,NaN,NaN,NaN,NaN,NaN,NaN,NaN,NaN
3,NaN,NaN,NaN,NaN,NaN,NaN,NaN,NaN
4,NaN,NaN,NaN,NaN,NaN,NaN,NaN,NaN
5,NaN,NaN,NaN,NaN,NaN,NaN,NaN,NaN
6,NaN,NaN,NaN,NaN,NaN,NaN,NaN,NaN
7,NaN,NaN,NaN,NaN,NaN,NaN,NaN,NaN
8,NaN,NaN,NaN,NaN,NaN,NaN,NaN,NaN
9,NaN,NaN,NaN,NaN,NaN,NaN,NaN,NaN
10,NaN,NaN,NaN,NaN,NaN,NaN,NaN,NaN
11,NaN,NaN,NaN,NaN,NaN,NaN,NaN,NaN
1,NaN,NaN,NaN,NaN,NaN,NaN,NaN,NaN
2,NaN,NaN,NaN,NaN,NaN,NaN,NaN,NaN
3,NaN,NaN,NaN,NaN,NaN,NaN,NaN,NaN
4,NaN,NaN,NaN,NaN,NaN,NaN,NaN,NaN
5,NaN,NaN,NaN,NaN,NaN,NaN,NaN,NaN
6,NaN,NaN,NaN,NaN,NaN,NaN,NaN,NaN
7,NaN,NaN,NaN,NaN,NaN,NaN,NaN,NaN
8,NaN,NaN,NaN,NaN,NaN,NaN,NaN,NaN
9,NaN,NaN,NaN,NaN,NaN,NaN,NaN,NaN
10,NaN,NaN,NaN,NaN,NaN,NaN,NaN,NaN
11,NaN,NaN,NaN,NaN,NaN,NaN,NaN,NaN
1,NaN,NaN,NaN,NaN,NaN,NaN,NaN,NaN
2,NaN,NaN,NaN,NaN,NaN,NaN,NaN,NaN
3,NaN,NaN,NaN,NaN,NaN,NaN,NaN,NaN
4,NaN,NaN,NaN,NaN,NaN,NaN,NaN,NaN
5,NaN,NaN,NaN,NaN,NaN,NaN,NaN,NaN
6,NaN,NaN,NaN,NaN,NaN,NaN,NaN,NaN
7,NaN,NaN,NaN,NaN,NaN,NaN,NaN,NaN
8,NaN,NaN,NaN,NaN,NaN,NaN,NaN,NaN
9,NaN,NaN,NaN,NaN,NaN,NaN,NaN,NaN
10,NaN,NaN,NaN,NaN,NaN,NaN,NaN,NaN
11,NaN,NaN,NaN,NaN,NaN,NaN,NaN,NaN
1,NaN,NaN,NaN,NaN,NaN,NaN,NaN,NaN
2,NaN,NaN,NaN,NaN,NaN,NaN,NaN,NaN
3,NaN,NaN,NaN,NaN,NaN,NaN,NaN,NaN
4,NaN,NaN,NaN,NaN,NaN,NaN,NaN,NaN
5,NaN,NaN,NaN,NaN,NaN,NaN,NaN,NaN
6,NaN,NaN,NaN,NaN,NaN,NaN,NaN,NaN
7,NaN,NaN,NaN,NaN,NaN,NaN,NaN,NaN
8,NaN,NaN,NaN,NaN,NaN,NaN,NaN,NaN
9,NaN,NaN,NaN,NaN,NaN,NaN,NaN,NaN
10,NaN,NaN,NaN,NaN,NaN,NaN,NaN,NaN
11,NaN,NaN,NaN,NaN,NaN,NaN,NaN,NaN
1,NaN,NaN,NaN,NaN,NaN,NaN,NaN,NaN
2,NaN,NaN,NaN,NaN,NaN,NaN,NaN,NaN
3,NaN,NaN,NaN,NaN,NaN,NaN,NaN,NaN
4,NaN,NaN,NaN,NaN,NaN,NaN,NaN,NaN
5,NaN,NaN,NaN,NaN,NaN,NaN,NaN,NaN
6,NaN,NaN,NaN,NaN,NaN,NaN,NaN,NaN
7,NaN,NaN,NaN,NaN,NaN,NaN,NaN,NaN
8,NaN,NaN,NaN,NaN,NaN,NaN,NaN,NaN
9,NaN,NaN,NaN,NaN,NaN,NaN,NaN,NaN
10,NaN,NaN,NaN,NaN,NaN,NaN,NaN,NaN
11,NaN,NaN,NaN,NaN,NaN,NaN,NaN,NaN
1,NaN,NaN,NaN,NaN,NaN,NaN,NaN,NaN
2,NaN,NaN,NaN,NaN,NaN,NaN,NaN,NaN
3,NaN,NaN,NaN,NaN,NaN,NaN,NaN,NaN
4,NaN,NaN,NaN,NaN,NaN,NaN,NaN,NaN
5,NaN,NaN,NaN,NaN,NaN,NaN,NaN,NaN
6,NaN,NaN,NaN,NaN,NaN,NaN,NaN,NaN
7,NaN,NaN,NaN,NaN,NaN,NaN,NaN,NaN
8,NaN,NaN,NaN,NaN,NaN,NaN,NaN,NaN
9,NaN,NaN,NaN,NaN,NaN,NaN,NaN,NaN
10,NaN,NaN,NaN,NaN,NaN,NaN,NaN,NaN
11,NaN,NaN,NaN,NaN,NaN,NaN,NaN,NaN
1,NaN,NaN,NaN,NaN,NaN,NaN,NaN,NaN
2,NaN,NaN,NaN,NaN,NaN,NaN,NaN,NaN
3,NaN,NaN,NaN,NaN,NaN,NaN,NaN,NaN
4,NaN,NaN,NaN,NaN,NaN,NaN,NaN,NaN
5,NaN,NaN,NaN,NaN,NaN,NaN,NaN,NaN
6,NaN,NaN,NaN,NaN,NaN,NaN,NaN,NaN
7,NaN,NaN,NaN,NaN,NaN,NaN,NaN,NaN
8,NaN,NaN,NaN,NaN,NaN,NaN,NaN,NaN
9,NaN,NaN,NaN,NaN,NaN,NaN,NaN,NaN
10,NaN,NaN,NaN,NaN,NaN,NaN,NaN,NaN
11,NaN,NaN,NaN,NaN,NaN,NaN,NaN,NaN
1,NaN,NaN,NaN,NaN,NaN,NaN,NaN,NaN
2,NaN,NaN,NaN,NaN,NaN,NaN,NaN,NaN
3,NaN,NaN,NaN,NaN,NaN,NaN,NaN,NaN
4,NaN,NaN,NaN,NaN,NaN,NaN,NaN,NaN
5,NaN,NaN,NaN,NaN,NaN,NaN,NaN,NaN
6,NaN,NaN,NaN,NaN,NaN,NaN,NaN,NaN
7,NaN,NaN,NaN,NaN,NaN,NaN,NaN,NaN
8,NaN,NaN,NaN,NaN,NaN,NaN,NaN,NaN
9,NaN,NaN,NaN,NaN,NaN,NaN,NaN,NaN
10,NaN,NaN,NaN,NaN,NaN,NaN,NaN,NaN
11,NaN,NaN,NaN,NaN,NaN,NaN,NaN,NaN
1,NaN,NaN,NaN,NaN,NaN,NaN,NaN,NaN
2,NaN,NaN,NaN,NaN,NaN,NaN,NaN,NaN
3,NaN,NaN,NaN,NaN,NaN,NaN,NaN,NaN
4,NaN,NaN,NaN,NaN,NaN,NaN,NaN,NaN
5,NaN,NaN,NaN,NaN,NaN,NaN,NaN,NaN
6,NaN,NaN,NaN,NaN,NaN,NaN,NaN,NaN
7,NaN,NaN,NaN,NaN,NaN,NaN,NaN,NaN
8,NaN,NaN,NaN,NaN,NaN,NaN,NaN,NaN
9,NaN,NaN,NaN,NaN,NaN,NaN,NaN,NaN
10,NaN,NaN,NaN,NaN,NaN,NaN,NaN,NaN
11,NaN,NaN,NaN,NaN,NaN,NaN,NaN,NaN
1,NaN,NaN,NaN,NaN,NaN,NaN,NaN,NaN
2,NaN,NaN,NaN,NaN,NaN,NaN,NaN,NaN
3,NaN,NaN,NaN,NaN,NaN,NaN,NaN,NaN
4,NaN,NaN,NaN,NaN,NaN,NaN,NaN,NaN
5,NaN,NaN,NaN,NaN,NaN,NaN,NaN,NaN
6,NaN,NaN,NaN,NaN,NaN,NaN,NaN,NaN
7,NaN,NaN,NaN,NaN,NaN,NaN,NaN,NaN
8,NaN,NaN,NaN,NaN,NaN,NaN,NaN,NaN
9,NaN,NaN,NaN,NaN,NaN,NaN,NaN,NaN
10,NaN,NaN,NaN,NaN,NaN,NaN,NaN,NaN
11,NaN,NaN,NaN,NaN,NaN,NaN,NaN,NaN
1,NaN,NaN,NaN,NaN,NaN,NaN,NaN,NaN
2,NaN,NaN,NaN,NaN,NaN,NaN,NaN,NaN
3,NaN,NaN,NaN,NaN,NaN,NaN,NaN,NaN
4,NaN,NaN,NaN,NaN,NaN,NaN,NaN,NaN
5,NaN,NaN,NaN,NaN,NaN,NaN,NaN,NaN
6,NaN,NaN,NaN,NaN,NaN,NaN,NaN,NaN
7,NaN,NaN,NaN,NaN,NaN,NaN,NaN,NaN
8,NaN,NaN,NaN,NaN,NaN,NaN,NaN,NaN
9,NaN,NaN,NaN,NaN,NaN,NaN,NaN,NaN
10,NaN,NaN,NaN,NaN,NaN,NaN,NaN,NaN
11,NaN,NaN,NaN,NaN,NaN,NaN,NaN,NaN
1,NaN,NaN,NaN,NaN,NaN,NaN,NaN,NaN
2,NaN,NaN,NaN,NaN,NaN,NaN,NaN,NaN
3,NaN,NaN,NaN,NaN,NaN,NaN,NaN,NaN
4,NaN,NaN,NaN,NaN,NaN,NaN,NaN,NaN
5,NaN,NaN,NaN,NaN,NaN,NaN,NaN,NaN
6,NaN,NaN,NaN,NaN,NaN,NaN,NaN,NaN
7,NaN,NaN,NaN,NaN,NaN,NaN,NaN,NaN
8,NaN,NaN,NaN,NaN,NaN,NaN,NaN,NaN
9,NaN,NaN,NaN,NaN,NaN,NaN,NaN,NaN
10,NaN,NaN,NaN,NaN,NaN,NaN,NaN,NaN
11,NaN,NaN,NaN,NaN,NaN,NaN,NaN,NaN
1,NaN,NaN,NaN,NaN,NaN,NaN,NaN,NaN
2,NaN,NaN,NaN,NaN,NaN,NaN,NaN,NaN
3,NaN,NaN,NaN,NaN,NaN,NaN,NaN,NaN
4,NaN,NaN,NaN,NaN,NaN,NaN,NaN,NaN
5,NaN,NaN,NaN,NaN,NaN,NaN,NaN,NaN
6,NaN,NaN,NaN,NaN,NaN,NaN,NaN,NaN
7,NaN,NaN,NaN,NaN,NaN,NaN,NaN,NaN
8,NaN,NaN,NaN,NaN,NaN,NaN,NaN,NaN
9,NaN,NaN,NaN,NaN,NaN,NaN,NaN,NaN
10,NaN,NaN,NaN,NaN,NaN,NaN,NaN,NaN
11,NaN,NaN,NaN,NaN,NaN,NaN,NaN,NaN
1,NaN,NaN,NaN,NaN,NaN,NaN,NaN,NaN
2,NaN,NaN,NaN,NaN,NaN,NaN,NaN,NaN
3,NaN,NaN,NaN,NaN,NaN,NaN,NaN,NaN
4,NaN,NaN,NaN,NaN,NaN,NaN,NaN,NaN
5,NaN,NaN,NaN,NaN,NaN,NaN,NaN,NaN
6,NaN,NaN,NaN,NaN,NaN,NaN,NaN,NaN
7,NaN,NaN,NaN,NaN,NaN,NaN,NaN,NaN
8,NaN,NaN,NaN,NaN,NaN,NaN,NaN,NaN
9,NaN,NaN,NaN,NaN,NaN,NaN,NaN,NaN
10,NaN,NaN,NaN,NaN,NaN,NaN,NaN,NaN
11,NaN,NaN,NaN,NaN,NaN,NaN,NaN,NaN
1,NaN,NaN,NaN,NaN,NaN,NaN,NaN,NaN
2,NaN,NaN,NaN,NaN,NaN,NaN,NaN,NaN
3,NaN,NaN,NaN,NaN,NaN,NaN,NaN,NaN
4,NaN,NaN,NaN,NaN,NaN,NaN,NaN,NaN
5,NaN,NaN,NaN,NaN,NaN,NaN,NaN,NaN
6,NaN,NaN,NaN,NaN,NaN,NaN,NaN,NaN
7,NaN,NaN,NaN,NaN,NaN,NaN,NaN,NaN
8,NaN,NaN,NaN,NaN,NaN,NaN,NaN,NaN
9,NaN,NaN,NaN,NaN,NaN,NaN,NaN,NaN
10,NaN,NaN,NaN,NaN,NaN,NaN,NaN,NaN
11,NaN,NaN,NaN,NaN,NaN,NaN,NaN,NaN
1,NaN,NaN,NaN,NaN,NaN,NaN,NaN,NaN
2,NaN,NaN,NaN,NaN,NaN,NaN,NaN,NaN
3,NaN,NaN,NaN,NaN,NaN,NaN,NaN,NaN
4,NaN,NaN,NaN,NaN,NaN,NaN,NaN,NaN
5,NaN,NaN,NaN,NaN,NaN,NaN,NaN,NaN
6,NaN,NaN,NaN,NaN,NaN,NaN,NaN,NaN
7,NaN,NaN,NaN,NaN,NaN,NaN,NaN,NaN
8,NaN,NaN,NaN,NaN,NaN,NaN,NaN,NaN
9,NaN,NaN,NaN,NaN,NaN,NaN,NaN,NaN
10,NaN,NaN,NaN,NaN,NaN,NaN,NaN,NaN
11,NaN,NaN,NaN,NaN,NaN,NaN,NaN,NaN
1,NaN,NaN,NaN,NaN,NaN,NaN,NaN,NaN
2,NaN,NaN,NaN,NaN,NaN,NaN,NaN,NaN
3,NaN,NaN,NaN,NaN,NaN,NaN,NaN,NaN
4,NaN,NaN,NaN,NaN,NaN,NaN,NaN,NaN
5,NaN,NaN,NaN,NaN,NaN,NaN,NaN,NaN
6,NaN,NaN,NaN,NaN,NaN,NaN,NaN,NaN
7,NaN,NaN,NaN,NaN,NaN,NaN,NaN,NaN
8,NaN,NaN,NaN,NaN,NaN,NaN,NaN,NaN
9,NaN,NaN,NaN,NaN,NaN,NaN,NaN,NaN
10,NaN,NaN,NaN,NaN,NaN,NaN,NaN,NaN
11,NaN,NaN,NaN,NaN,NaN,NaN,NaN,NaN
1,NaN,NaN,NaN,NaN,NaN,NaN,NaN,NaN
2,NaN,NaN,NaN,NaN,NaN,NaN,NaN,NaN
3,NaN,NaN,NaN,NaN,NaN,NaN,NaN,NaN
4,NaN,NaN,NaN,NaN,NaN,NaN,NaN,NaN
5,NaN,NaN,NaN,NaN,NaN,NaN,NaN,NaN
6,NaN,NaN,NaN,NaN,NaN,NaN,NaN,NaN
7,NaN,NaN,NaN,NaN,NaN,NaN,NaN,NaN
8,NaN,NaN,NaN,NaN,NaN,NaN,NaN,NaN
9,NaN,NaN,NaN,NaN,NaN,NaN,NaN,NaN
10,NaN,NaN,NaN,NaN,NaN,NaN,NaN,NaN
11,NaN,NaN,NaN,NaN,NaN,NaN,NaN,NaN
1,NaN,NaN,NaN,NaN,NaN,NaN,NaN,NaN
2,NaN,NaN,NaN,NaN,NaN,NaN,NaN,NaN
3,NaN,NaN,NaN,NaN,NaN,NaN,NaN,NaN
4,NaN,NaN,NaN,NaN,NaN,NaN,NaN,NaN
5,NaN,NaN,NaN,NaN,NaN,NaN,NaN,NaN
6,NaN,NaN,NaN,NaN,NaN,NaN,NaN,NaN
7,NaN,NaN,NaN,NaN,NaN,NaN,NaN,NaN
8,NaN,NaN,NaN,NaN,NaN,NaN,NaN,NaN
9,NaN,NaN,NaN,NaN,NaN,NaN,NaN,NaN
10,NaN,NaN,NaN,NaN,NaN,NaN,NaN,NaN
11,NaN,NaN,NaN,NaN,NaN,NaN,NaN,NaN
1,NaN,NaN,NaN,NaN,NaN,NaN,NaN,NaN
2,NaN,NaN,NaN,NaN,NaN,NaN,NaN,NaN
3,NaN,NaN,NaN,NaN,NaN,NaN,NaN,NaN
4,NaN,NaN,NaN,NaN,NaN,NaN,NaN,NaN
5,NaN,NaN,NaN,NaN,NaN,NaN,NaN,NaN
6,NaN,NaN,NaN,NaN,NaN,NaN,NaN,NaN
7,NaN,NaN,NaN,NaN,NaN,NaN,NaN,NaN
8,NaN,NaN,NaN,NaN,NaN,NaN,NaN,NaN
9,NaN,NaN,NaN,NaN,NaN,NaN,NaN,NaN
10,NaN,NaN,NaN,NaN,NaN,NaN,NaN,NaN
11,NaN,NaN,NaN,NaN,NaN,NaN,NaN,NaN
1,NaN,NaN,NaN,NaN,NaN,NaN,NaN,NaN
2,NaN,NaN,NaN,NaN,NaN,NaN,NaN,NaN
3,NaN,NaN,NaN,NaN,NaN,NaN,NaN,NaN
4,NaN,NaN,NaN,NaN,NaN,NaN,NaN,NaN
5,NaN,NaN,NaN,NaN,NaN,NaN,NaN,NaN
6,NaN,NaN,NaN,NaN,NaN,NaN,NaN,NaN
7,NaN,NaN,NaN,NaN,NaN,NaN,NaN,NaN
8,NaN,NaN,NaN,NaN,NaN,NaN,NaN,NaN
9,NaN,NaN,NaN,NaN,NaN,NaN,NaN,NaN
10,NaN,NaN,NaN,NaN,NaN,NaN,NaN,NaN
11,NaN,NaN,NaN,NaN,NaN,NaN,NaN,NaN
1,NaN,NaN,NaN,NaN,NaN,NaN,NaN,NaN
2,NaN,NaN,NaN,NaN,NaN,NaN,NaN,NaN
3,NaN,NaN,NaN,NaN,NaN,NaN,NaN,NaN
4,NaN,NaN,NaN,NaN,NaN,NaN,NaN,NaN
5,NaN,NaN,NaN,NaN,NaN,NaN,NaN,NaN
6,NaN,NaN,NaN,NaN,NaN,NaN,NaN,NaN
7,NaN,NaN,NaN,NaN,NaN,NaN,NaN,NaN
8,NaN,NaN,NaN,NaN,NaN,NaN,NaN,NaN
9,NaN,NaN,NaN,NaN,NaN,NaN,NaN,NaN
10,NaN,NaN,NaN,NaN,NaN,NaN,NaN,NaN
11,NaN,NaN,NaN,NaN,NaN,NaN,NaN,NaN
1,NaN,NaN,NaN,NaN,NaN,NaN,NaN,NaN
2,NaN,NaN,NaN,NaN,NaN,NaN,NaN,NaN
3,NaN,NaN,NaN,NaN,NaN,NaN,NaN,NaN
4,NaN,NaN,NaN,NaN,NaN,NaN,NaN,NaN
5,NaN,NaN,NaN,NaN,NaN,NaN,NaN,NaN
6,NaN,NaN,NaN,NaN,NaN,NaN,NaN,NaN
7,NaN,NaN,NaN,NaN,NaN,NaN,NaN,NaN
8,NaN,NaN,NaN,NaN,NaN,NaN,NaN,NaN
9,NaN,NaN,NaN,NaN,NaN,NaN,NaN,NaN
10,NaN,NaN,NaN,NaN,NaN,NaN,NaN,NaN
11,NaN,NaN,NaN,NaN,NaN,NaN,NaN,NaN
1,NaN,NaN,NaN,NaN,NaN,NaN,NaN,NaN
2,NaN,NaN,NaN,NaN,NaN,NaN,NaN,NaN
3,NaN,NaN,NaN,NaN,NaN,NaN,NaN,NaN
4,NaN,NaN,NaN,NaN,NaN,NaN,NaN,NaN
5,NaN,NaN,NaN,NaN,NaN,NaN,NaN,NaN
6,NaN,NaN,NaN,NaN,NaN,NaN,NaN,NaN
7,NaN,NaN,NaN,NaN,NaN,NaN,NaN,NaN
8,NaN,NaN,NaN,NaN,NaN,NaN,NaN,NaN
9,NaN,NaN,NaN,NaN,NaN,NaN,NaN,NaN
10,NaN,NaN,NaN,NaN,NaN,NaN,NaN,NaN
11,NaN,NaN,NaN,NaN,NaN,NaN,NaN,NaN
1,NaN,NaN,NaN,NaN,NaN,NaN,NaN,NaN
2,NaN,NaN,NaN,NaN,NaN,NaN,NaN,NaN
3,NaN,NaN,NaN,NaN,NaN,NaN,NaN,NaN
4,NaN,NaN,NaN,NaN,NaN,NaN,NaN,NaN
5,NaN,NaN,NaN,NaN,NaN,NaN,NaN,NaN
6,NaN,NaN,NaN,NaN,NaN,NaN,NaN,NaN
7,NaN,NaN,NaN,NaN,NaN,NaN,NaN,NaN
8,NaN,NaN,NaN,NaN,NaN,NaN,NaN,NaN
9,NaN,NaN,NaN,NaN,NaN,NaN,NaN,NaN
10,NaN,NaN,NaN,NaN,NaN,NaN,NaN,NaN
11,NaN,NaN,NaN,NaN,NaN,NaN,NaN,NaN
1,NaN,NaN,NaN,NaN,NaN,NaN,NaN,NaN
2,NaN,NaN,NaN,NaN,NaN,NaN,NaN,NaN
3,NaN,NaN,NaN,NaN,NaN,NaN,NaN,NaN
4,NaN,NaN,NaN,NaN,NaN,NaN,NaN,NaN
5,NaN,NaN,NaN,NaN,NaN,NaN,NaN,NaN
6,NaN,NaN,NaN,NaN,NaN,NaN,NaN,NaN
7,NaN,NaN,NaN,NaN,NaN,NaN,NaN,NaN
8,NaN,NaN,NaN,NaN,NaN,NaN,NaN,NaN
9,NaN,NaN,NaN,NaN,NaN,NaN,NaN,NaN
10,NaN,NaN,NaN,NaN,NaN,NaN,NaN,NaN
11,NaN,NaN,NaN,NaN,NaN,NaN,NaN,NaN
1,NaN,NaN,NaN,NaN,NaN,NaN,NaN,NaN
2,NaN,NaN,NaN,NaN,NaN,NaN,NaN,NaN
3,NaN,NaN,NaN,NaN,NaN,NaN,NaN,NaN
4,NaN,NaN,NaN,NaN,NaN,NaN,NaN,NaN
5,NaN,NaN,NaN,NaN,NaN,NaN,NaN,NaN
6,NaN,NaN,NaN,NaN,NaN,NaN,NaN,NaN
7,NaN,NaN,NaN,NaN,NaN,NaN,NaN,NaN
8,NaN,NaN,NaN,NaN,NaN,NaN,NaN,NaN
9,NaN,NaN,NaN,NaN,NaN,NaN,NaN,NaN
10,NaN,NaN,NaN,NaN,NaN,NaN,NaN,NaN
11,NaN,NaN,NaN,NaN,NaN,NaN,NaN,NaN
1,NaN,NaN,NaN,NaN,NaN,NaN,NaN,NaN
2,NaN,NaN,NaN,NaN,NaN,NaN,NaN,NaN
3,NaN,NaN,NaN,NaN,NaN,NaN,NaN,NaN
4,NaN,NaN,NaN,NaN,NaN,NaN,NaN,NaN
5,NaN,NaN,NaN,NaN,NaN,NaN,NaN,NaN
6,NaN,NaN,NaN,NaN,NaN,NaN,NaN,NaN
7,NaN,NaN,NaN,NaN,NaN,NaN,NaN,NaN
8,NaN,NaN,NaN,NaN,NaN,NaN,NaN,NaN
9,NaN,NaN,NaN,NaN,NaN,NaN,NaN,NaN
10,NaN,NaN,NaN,NaN,NaN,NaN,NaN,NaN
11,NaN,NaN,NaN,NaN,NaN,NaN,NaN,NaN
1,NaN,NaN,NaN,NaN,NaN,NaN,NaN,NaN
2,NaN,NaN,NaN,NaN,NaN,NaN,NaN,NaN
3,NaN,NaN,NaN,NaN,NaN,NaN,NaN,NaN
4,NaN,NaN,NaN,NaN,NaN,NaN,NaN,NaN
5,NaN,NaN,NaN,NaN,NaN,NaN,NaN,NaN
6,NaN,NaN,NaN,NaN,NaN,NaN,NaN,NaN
7,NaN,NaN,NaN,NaN,NaN,NaN,NaN,NaN
8,NaN,NaN,NaN,NaN,NaN,NaN,NaN,NaN
9,NaN,NaN,NaN,NaN,NaN,NaN,NaN,NaN
10,NaN,NaN,NaN,NaN,NaN,NaN,NaN,NaN
11,NaN,NaN,NaN,NaN,NaN,NaN,NaN,NaN
1,NaN,NaN,NaN,NaN,NaN,NaN,NaN,NaN
2,NaN,NaN,NaN,NaN,NaN,NaN,NaN,NaN
3,NaN,NaN,NaN,NaN,NaN,NaN,NaN,NaN
4,NaN,NaN,NaN,NaN,NaN,NaN,NaN,NaN
5,NaN,NaN,NaN,NaN,NaN,NaN,NaN,NaN
6,NaN,NaN,NaN,NaN,NaN,NaN,NaN,NaN
7,NaN,NaN,NaN,NaN,NaN,NaN,NaN,NaN
8,NaN,NaN,NaN,NaN,NaN,NaN,NaN,NaN
9,NaN,NaN,NaN,NaN,NaN,NaN,NaN,NaN
10,NaN,NaN,NaN,NaN,NaN,NaN,NaN,NaN
11,NaN,NaN,NaN,NaN,NaN,NaN,NaN,NaN
1,NaN,NaN,NaN,NaN,NaN,NaN,NaN,NaN
2,NaN,NaN,NaN,NaN,NaN,NaN,NaN,NaN
3,NaN,NaN,NaN,NaN,NaN,NaN,NaN,NaN
4,NaN,NaN,NaN,NaN,NaN,NaN,NaN,NaN
5,NaN,NaN,NaN,NaN,NaN,NaN,NaN,NaN
6,NaN,NaN,NaN,NaN,NaN,NaN,NaN,NaN
7,NaN,NaN,NaN,NaN,NaN,NaN,NaN,NaN
8,NaN,NaN,NaN,NaN,NaN,NaN,NaN,NaN
9,NaN,NaN,NaN,NaN,NaN,NaN,NaN,NaN
10,NaN,NaN,NaN,NaN,NaN,NaN,NaN,NaN
11,NaN,NaN,NaN,NaN,NaN,NaN,NaN,NaN
1,NaN,NaN,NaN,NaN,NaN,NaN,NaN,NaN
2,NaN,NaN,NaN,NaN,NaN,NaN,NaN,NaN
3,NaN,NaN,NaN,NaN,NaN,NaN,NaN,NaN
4,NaN,NaN,NaN,NaN,NaN,NaN,NaN,NaN
5,NaN,NaN,NaN,NaN,NaN,NaN,NaN,NaN
6,NaN,NaN,NaN,NaN,NaN,NaN,NaN,NaN
7,NaN,NaN,NaN,NaN,NaN,NaN,NaN,NaN
8,NaN,NaN,NaN,NaN,NaN,NaN,NaN,NaN
9,NaN,NaN,NaN,NaN,NaN,NaN,NaN,NaN
10,NaN,NaN,NaN,NaN,NaN,NaN,NaN,NaN
11,NaN,NaN,NaN,NaN,NaN,NaN,NaN,NaN
1,NaN,NaN,NaN,NaN,NaN,NaN,NaN,NaN
2,NaN,NaN,NaN,NaN,NaN,NaN,NaN,NaN
3,NaN,NaN,NaN,NaN,NaN,NaN,NaN,NaN
4,NaN,NaN,NaN,NaN,NaN,NaN,NaN,NaN
5,NaN,NaN,NaN,NaN,NaN,NaN,NaN,NaN
6,NaN,NaN,NaN,NaN,NaN,NaN,NaN,NaN
7,NaN,NaN,NaN,NaN,NaN,NaN,NaN,NaN
8,NaN,NaN,NaN,NaN,NaN,NaN,NaN,NaN
9,NaN,NaN,NaN,NaN,NaN,NaN,NaN,NaN
10,NaN,NaN,NaN,NaN,NaN,NaN,NaN,NaN
11,NaN,NaN,NaN,NaN,NaN,NaN,NaN,NaN
1,NaN,NaN,NaN,NaN,NaN,NaN,NaN,NaN
2,NaN,NaN,NaN,NaN,NaN,NaN,NaN,NaN
3,NaN,NaN,NaN,NaN,NaN,NaN,NaN,NaN
4,NaN,NaN,NaN,NaN,NaN,NaN,NaN,NaN
5,NaN,NaN,NaN,NaN,NaN,NaN,NaN,NaN
6,NaN,NaN,NaN,NaN,NaN,NaN,NaN,NaN
7,NaN,NaN,NaN,NaN,NaN,NaN,NaN,NaN
8,NaN,NaN,NaN,NaN,NaN,NaN,NaN,NaN
9,NaN,NaN,NaN,NaN,NaN,NaN,NaN,NaN
10,NaN,NaN,NaN,NaN,NaN,NaN,NaN,NaN
11,NaN,NaN,NaN,NaN,NaN,NaN,NaN,NaN
1,NaN,NaN,NaN,NaN,NaN,NaN,NaN,NaN
2,NaN,NaN,NaN,NaN,NaN,NaN,NaN,NaN
3,NaN,NaN,NaN,NaN,NaN,NaN,NaN,NaN
4,NaN,NaN,NaN,NaN,NaN,NaN,NaN,NaN
5,NaN,NaN,NaN,NaN,NaN,NaN,NaN,NaN
6,NaN,NaN,NaN,NaN,NaN,NaN,NaN,NaN
7,NaN,NaN,NaN,NaN,NaN,NaN,NaN,NaN
8,NaN,NaN,NaN,NaN,NaN,NaN,NaN,NaN
9,NaN,NaN,NaN,NaN,NaN,NaN,NaN,NaN
10,NaN,NaN,NaN,NaN,NaN,NaN,NaN,NaN
11,NaN,NaN,NaN,NaN,NaN,NaN,NaN,NaN
1,NaN,NaN,NaN,NaN,NaN,NaN,NaN,NaN
2,NaN,NaN,NaN,NaN,NaN,NaN,NaN,NaN
3,NaN,NaN,NaN,NaN,NaN,NaN,NaN,NaN
4,NaN,NaN,NaN,NaN,NaN,NaN,NaN,NaN
5,NaN,NaN,NaN,NaN,NaN,NaN,NaN,NaN
6,NaN,NaN,NaN,NaN,NaN,NaN,NaN,NaN
7,NaN,NaN,NaN,NaN,NaN,NaN,NaN,NaN
8,NaN,NaN,NaN,NaN,NaN,NaN,NaN,NaN
9,NaN,NaN,NaN,NaN,NaN,NaN,NaN,NaN
10,NaN,NaN,NaN,NaN,NaN,NaN,NaN,NaN
11,NaN,NaN,NaN,NaN,NaN,NaN,NaN,NaN
1,NaN,NaN,NaN,NaN,NaN,NaN,NaN,NaN
2,NaN,NaN,NaN,NaN,NaN,NaN,NaN,NaN
3,NaN,NaN,NaN,NaN,NaN,NaN,NaN,NaN
4,NaN,NaN,NaN,NaN,NaN,NaN,NaN,NaN
5,NaN,NaN,NaN,NaN,NaN,NaN,NaN,NaN
6,NaN,NaN,NaN,NaN,NaN,NaN,NaN,NaN
7,NaN,NaN,NaN,NaN,NaN,NaN,NaN,NaN
8,NaN,NaN,NaN,NaN,NaN,NaN,NaN,NaN
9,NaN,NaN,NaN,NaN,NaN,NaN,NaN,NaN
10,NaN,NaN,NaN,NaN,NaN,NaN,NaN,NaN
11,NaN,NaN,NaN,NaN,NaN,NaN,NaN,NaN
1,NaN,NaN,NaN,NaN,NaN,NaN,NaN,NaN
2,NaN,NaN,NaN,NaN,NaN,NaN,NaN,NaN
3,NaN,NaN,NaN,NaN,NaN,NaN,NaN,NaN
4,NaN,NaN,NaN,NaN,NaN,NaN,NaN,NaN
5,NaN,NaN,NaN,NaN,NaN,NaN,NaN,NaN
6,NaN,NaN,NaN,NaN,NaN,NaN,NaN,NaN
7,NaN,NaN,NaN,NaN,NaN,NaN,NaN,NaN
8,NaN,NaN,NaN,NaN,NaN,NaN,NaN,NaN
9,NaN,NaN,NaN,NaN,NaN,NaN,NaN,NaN
10,NaN,NaN,NaN,NaN,NaN,NaN,NaN,NaN
11,NaN,NaN,NaN,NaN,NaN,NaN,NaN,NaN
1,NaN,NaN,NaN,NaN,NaN,NaN,NaN,NaN
2,NaN,NaN,NaN,NaN,NaN,NaN,NaN,NaN
3,NaN,NaN,NaN,NaN,NaN,NaN,NaN,NaN
4,NaN,NaN,NaN,NaN,NaN,NaN,NaN,NaN
5,NaN,NaN,NaN,NaN,NaN,NaN,NaN,NaN
6,NaN,NaN,NaN,NaN,NaN,NaN,NaN,NaN
7,NaN,NaN,NaN,NaN,NaN,NaN,NaN,NaN
8,NaN,NaN,NaN,NaN,NaN,NaN,NaN,NaN
9,NaN,NaN,NaN,NaN,NaN,NaN,NaN,NaN
10,NaN,NaN,NaN,NaN,NaN,NaN,NaN,NaN
11,NaN,NaN,NaN,NaN,NaN,NaN,NaN,NaN
1,NaN,NaN,NaN,NaN,NaN,NaN,NaN,NaN
2,NaN,NaN,NaN,NaN,NaN,NaN,NaN,NaN
3,NaN,NaN,NaN,NaN,NaN,NaN,NaN,NaN
4,NaN,NaN,NaN,NaN,NaN,NaN,NaN,NaN
5,NaN,NaN,NaN,NaN,NaN,NaN,NaN,NaN
6,NaN,NaN,NaN,NaN,NaN,NaN,NaN,NaN
7,NaN,NaN,NaN,NaN,NaN,NaN,NaN,NaN
8,NaN,NaN,NaN,NaN,NaN,NaN,NaN,NaN
9,NaN,NaN,NaN,NaN,NaN,NaN,NaN,NaN
10,NaN,NaN,NaN,NaN,NaN,NaN,NaN,NaN
11,NaN,NaN,NaN,NaN,NaN,NaN,NaN,NaN
1,NaN,NaN,NaN,NaN,NaN,NaN,NaN,NaN
2,NaN,NaN,NaN,NaN,NaN,NaN,NaN,NaN
3,NaN,NaN,NaN,NaN,NaN,NaN,NaN,NaN
4,NaN,NaN,NaN,NaN,NaN,NaN,NaN,NaN
5,NaN,NaN,NaN,NaN,NaN,NaN,NaN,NaN
6,NaN,NaN,NaN,NaN,NaN,NaN,NaN,NaN
7,NaN,NaN,NaN,NaN,NaN,NaN,NaN,NaN
8,NaN,NaN,NaN,NaN,NaN,NaN,NaN,NaN
9,NaN,NaN,NaN,NaN,NaN,NaN,NaN,NaN
10,NaN,NaN,NaN,NaN,NaN,NaN,NaN,NaN
11,NaN,NaN,NaN,NaN,NaN,NaN,NaN,NaN
1,NaN,NaN,NaN,NaN,NaN,NaN,NaN,NaN
2,NaN,NaN,NaN,NaN,NaN,NaN,NaN,NaN
3,NaN,NaN,NaN,NaN,NaN,NaN,NaN,NaN
4,NaN,NaN,NaN,NaN,NaN,NaN,NaN,NaN
5,NaN,NaN,NaN,NaN,NaN,NaN,NaN,NaN
6,NaN,NaN,NaN,NaN,NaN,NaN,NaN,NaN
7,NaN,NaN,NaN,NaN,NaN,NaN,NaN,NaN
8,NaN,NaN,NaN,NaN,NaN,NaN,NaN,NaN
9,NaN,NaN,NaN,NaN,NaN,NaN,NaN,NaN
10,NaN,NaN,NaN,NaN,NaN,NaN,NaN,NaN
11,NaN,NaN,NaN,NaN,NaN,NaN,NaN,NaN
1,NaN,NaN,NaN,NaN,NaN,NaN,NaN,NaN
2,NaN,NaN,NaN,NaN,NaN,NaN,NaN,NaN
3,NaN,NaN,NaN,NaN,NaN,NaN,NaN,NaN
4,NaN,NaN,NaN,NaN,NaN,NaN,NaN,NaN
5,NaN,NaN,NaN,NaN,NaN,NaN,NaN,NaN
6,NaN,NaN,NaN,NaN,NaN,NaN,NaN,NaN
7,NaN,NaN,NaN,NaN,NaN,NaN,NaN,NaN
8,NaN,NaN,NaN,NaN,NaN,NaN,NaN,NaN
9,NaN,NaN,NaN,NaN,NaN,NaN,NaN,NaN
10,NaN,NaN,NaN,NaN,NaN,NaN,NaN,NaN
11,NaN,NaN,NaN,NaN,NaN,NaN,NaN,NaN
1,NaN,NaN,NaN,NaN,NaN,NaN,NaN,NaN
2,NaN,NaN,NaN,NaN,NaN,NaN,NaN,NaN
3,NaN,NaN,NaN,NaN,NaN,NaN,NaN,NaN
4,NaN,NaN,NaN,NaN,NaN,NaN,NaN,NaN
5,NaN,NaN,NaN,NaN,NaN,NaN,NaN,NaN
6,NaN,NaN,NaN,NaN,NaN,NaN,NaN,NaN
7,NaN,NaN,NaN,NaN,NaN,NaN,NaN,NaN
8,NaN,NaN,NaN,NaN,NaN,NaN,NaN,NaN
9,NaN,NaN,NaN,NaN,NaN,NaN,NaN,NaN
10,NaN,NaN,NaN,NaN,NaN,NaN,NaN,NaN
11,NaN,NaN,NaN,NaN,NaN,NaN,NaN,NaN
1,NaN,NaN,NaN,NaN,NaN,NaN,NaN,NaN
2,NaN,NaN,NaN,NaN,NaN,NaN,NaN,NaN
3,NaN,NaN,NaN,NaN,NaN,NaN,NaN,NaN
4,NaN,NaN,NaN,NaN,NaN,NaN,NaN,NaN
5,NaN,NaN,NaN,NaN,NaN,NaN,NaN,NaN
6,NaN,NaN,NaN,NaN,NaN,NaN,NaN,NaN
7,NaN,NaN,NaN,NaN,NaN,NaN,NaN,NaN
8,NaN,NaN,NaN,NaN,NaN,NaN,NaN,NaN
9,NaN,NaN,NaN,NaN,NaN,NaN,NaN,NaN
10,NaN,NaN,NaN,NaN,NaN,NaN,NaN,NaN
11,NaN,NaN,NaN,NaN,NaN,NaN,NaN,NaN
1,NaN,NaN,NaN,NaN,NaN,NaN,NaN,NaN
2,NaN,NaN,NaN,NaN,NaN,NaN,NaN,NaN
3,NaN,NaN,NaN,NaN,NaN,NaN,NaN,NaN
4,NaN,NaN,NaN,NaN,NaN,NaN,NaN,NaN
5,NaN,NaN,NaN,NaN,NaN,NaN,NaN,NaN
6,NaN,NaN,NaN,NaN,NaN,NaN,NaN,NaN
7,NaN,NaN,NaN,NaN,NaN,NaN,NaN,NaN
8,NaN,NaN,NaN,NaN,NaN,NaN,NaN,NaN
9,NaN,NaN,NaN,NaN,NaN,NaN,NaN,NaN
10,NaN,NaN,NaN,NaN,NaN,NaN,NaN,NaN
11,NaN,NaN,NaN,NaN,NaN,NaN,NaN,NaN
1,NaN,NaN,NaN,NaN,NaN,NaN,NaN,NaN
2,NaN,NaN,NaN,NaN,NaN,NaN,NaN,NaN
3,NaN,NaN,NaN,NaN,NaN,NaN,NaN,NaN
4,NaN,NaN,NaN,NaN,NaN,NaN,NaN,NaN
5,NaN,NaN,NaN,NaN,NaN,NaN,NaN,NaN
6,NaN,NaN,NaN,NaN,NaN,NaN,NaN,NaN
7,NaN,NaN,NaN,NaN,NaN,NaN,NaN,NaN
8,NaN,NaN,NaN,NaN,NaN,NaN,NaN,NaN
9,NaN,NaN,NaN,NaN,NaN,NaN,NaN,NaN
10,NaN,NaN,NaN,NaN,NaN,NaN,NaN,NaN
11,NaN,NaN,NaN,NaN,NaN,NaN,NaN,NaN
1,NaN,NaN,NaN,NaN,NaN,NaN,NaN,NaN
2,NaN,NaN,NaN,NaN,NaN,NaN,NaN,NaN
3,NaN,NaN,NaN,NaN,NaN,NaN,NaN,NaN
4,NaN,NaN,NaN,NaN,NaN,NaN,NaN,NaN
5,NaN,NaN,NaN,NaN,NaN,NaN,NaN,NaN
6,NaN,NaN,NaN,NaN,NaN,NaN,NaN,NaN
7,NaN,NaN,NaN,NaN,NaN,NaN,NaN,NaN
8,NaN,NaN,NaN,NaN,NaN,NaN,NaN,NaN
9,NaN,NaN,NaN,NaN,NaN,NaN,NaN,NaN
10,NaN,NaN,NaN,NaN,NaN,NaN,NaN,NaN
11,NaN,NaN,NaN,NaN,NaN,NaN,NaN,NaN
1,NaN,NaN,NaN,NaN,NaN,NaN,NaN,NaN
2,NaN,NaN,NaN,NaN,NaN,NaN,NaN,NaN
3,NaN,NaN,NaN,NaN,NaN,NaN,NaN,NaN
4,NaN,NaN,NaN,NaN,NaN,NaN,NaN,NaN
5,NaN,NaN,NaN,NaN,NaN,NaN,NaN,NaN
6,NaN,NaN,NaN,NaN,NaN,NaN,NaN,NaN
7,NaN,NaN,NaN,NaN,NaN,NaN,NaN,NaN
8,NaN,NaN,NaN,NaN,NaN,NaN,NaN,NaN
9,NaN,NaN,NaN,NaN,NaN,NaN,NaN,NaN
10,NaN,NaN,NaN,NaN,NaN,NaN,NaN,NaN
11,NaN,NaN,NaN,NaN,NaN,NaN,NaN,NaN
1,NaN,NaN,NaN,NaN,NaN,NaN,NaN,NaN
2,NaN,NaN,NaN,NaN,NaN,NaN,NaN,NaN
3,NaN,NaN,NaN,NaN,NaN,NaN,NaN,NaN
4,NaN,NaN,NaN,NaN,NaN,NaN,NaN,NaN
5,NaN,NaN,NaN,NaN,NaN,NaN,NaN,NaN
6,NaN,NaN,NaN,NaN,NaN,NaN,NaN,NaN
7,NaN,NaN,NaN,NaN,NaN,NaN,NaN,NaN
8,NaN,NaN,NaN,NaN,NaN,NaN,NaN,NaN
9,NaN,NaN,NaN,NaN,NaN,NaN,NaN,NaN
10,NaN,NaN,NaN,NaN,NaN,NaN,NaN,NaN
11,NaN,NaN,NaN,NaN,NaN,NaN,NaN,NaN
1,NaN,NaN,NaN,NaN,NaN,NaN,NaN,NaN
2,NaN,NaN,NaN,NaN,NaN,NaN,NaN,NaN
3,NaN,NaN,NaN,NaN,NaN,NaN,NaN,NaN
4,NaN,NaN,NaN,NaN,NaN,NaN,NaN,NaN
5,NaN,NaN,NaN,NaN,NaN,NaN,NaN,NaN
6,NaN,NaN,NaN,NaN,NaN,NaN,NaN,NaN
7,NaN,NaN,NaN,NaN,NaN,NaN,NaN,NaN
8,NaN,NaN,NaN,NaN,NaN,NaN,NaN,NaN
9,NaN,NaN,NaN,NaN,NaN,NaN,NaN,NaN
10,NaN,NaN,NaN,NaN,NaN,NaN,NaN,NaN
11,NaN,NaN,NaN,NaN,NaN,NaN,NaN,NaN
1,NaN,NaN,NaN,NaN,NaN,NaN,NaN,NaN
2,NaN,NaN,NaN,NaN,NaN,NaN,NaN,NaN
3,NaN,NaN,NaN,NaN,NaN,NaN,NaN,NaN
4,NaN,NaN,NaN,NaN,NaN,NaN,NaN,NaN
5,NaN,NaN,NaN,NaN,NaN,NaN,NaN,NaN
6,NaN,NaN,NaN,NaN,NaN,NaN,NaN,NaN
7,NaN,NaN,NaN,NaN,NaN,NaN,NaN,NaN
8,NaN,NaN,NaN,NaN,NaN,NaN,NaN,NaN
9,NaN,NaN,NaN,NaN,NaN,NaN,NaN,NaN
10,NaN,NaN,NaN,NaN,NaN,NaN,NaN,NaN
11,NaN,NaN,NaN,NaN,NaN,NaN,NaN,NaN
1,NaN,NaN,NaN,NaN,NaN,NaN,NaN,NaN
2,NaN,NaN,NaN,NaN,NaN,NaN,NaN,NaN
3,NaN,NaN,NaN,NaN,NaN,NaN,NaN,NaN
4,NaN,NaN,NaN,NaN,NaN,NaN,NaN,NaN
5,NaN,NaN,NaN,NaN,NaN,NaN,NaN,NaN
6,NaN,NaN,NaN,NaN,NaN,NaN,NaN,NaN
7,NaN,NaN,NaN,NaN,NaN,NaN,NaN,NaN
8,NaN,NaN,NaN,NaN,NaN,NaN,NaN,NaN
9,NaN,NaN,NaN,NaN,NaN,NaN,NaN,NaN
10,NaN,NaN,NaN,NaN,NaN,NaN,NaN,NaN
11,NaN,NaN,NaN,NaN,NaN,NaN,NaN,NaN
1,NaN,NaN,NaN,NaN,NaN,NaN,NaN,NaN
2,NaN,NaN,NaN,NaN,NaN,NaN,NaN,NaN
3,NaN,NaN,NaN,NaN,NaN,NaN,NaN,NaN
4,NaN,NaN,NaN,NaN,NaN,NaN,NaN,NaN
5,NaN,NaN,NaN,NaN,NaN,NaN,NaN,NaN
6,NaN,NaN,NaN,NaN,NaN,NaN,NaN,NaN
7,NaN,NaN,NaN,NaN,NaN,NaN,NaN,NaN
8,NaN,NaN,NaN,NaN,NaN,NaN,NaN,NaN
9,NaN,NaN,NaN,NaN,NaN,NaN,NaN,NaN
10,NaN,NaN,NaN,NaN,NaN,NaN,NaN,NaN
11,NaN,NaN,NaN,NaN,NaN,NaN,NaN,NaN
1,NaN,NaN,NaN,NaN,NaN,NaN,NaN,NaN
2,NaN,NaN,NaN,NaN,NaN,NaN,NaN,NaN
3,NaN,NaN,NaN,NaN,NaN,NaN,NaN,NaN
4,NaN,NaN,NaN,NaN,NaN,NaN,NaN,NaN
5,NaN,NaN,NaN,NaN,NaN,NaN,NaN,NaN
6,NaN,NaN,NaN,NaN,NaN,NaN,NaN,NaN
7,NaN,NaN,NaN,NaN,NaN,NaN,NaN,NaN
8,NaN,NaN,NaN,NaN,NaN,NaN,NaN,NaN
9,NaN,NaN,NaN,NaN,NaN,NaN,NaN,NaN
10,NaN,NaN,NaN,NaN,NaN,NaN,NaN,NaN
11,NaN,NaN,NaN,NaN,NaN,NaN,NaN,NaN
1,NaN,NaN,NaN,NaN,NaN,NaN,NaN,NaN
2,NaN,NaN,NaN,NaN,NaN,NaN,NaN,NaN
3,NaN,NaN,NaN,NaN,NaN,NaN,NaN,NaN
4,NaN,NaN,NaN,NaN,NaN,NaN,NaN,NaN
5,NaN,NaN,NaN,NaN,NaN,NaN,NaN,NaN
6,NaN,NaN,NaN,NaN,NaN,NaN,NaN,NaN
7,NaN,NaN,NaN,NaN,NaN,NaN,NaN,NaN
8,NaN,NaN,NaN,NaN,NaN,NaN,NaN,NaN
9,NaN,NaN,NaN,NaN,NaN,NaN,NaN,NaN
10,NaN,NaN,NaN,NaN,NaN,NaN,NaN,NaN
11,NaN,NaN,NaN,NaN,NaN,NaN,NaN,NaN
1,NaN,NaN,NaN,NaN,NaN,NaN,NaN,NaN
2,NaN,NaN,NaN,NaN,NaN,NaN,NaN,NaN
3,NaN,NaN,NaN,NaN,NaN,NaN,NaN,NaN
4,NaN,NaN,NaN,NaN,NaN,NaN,NaN,NaN
5,NaN,NaN,NaN,NaN,NaN,NaN,NaN,NaN
6,NaN,NaN,NaN,NaN,NaN,NaN,NaN,NaN
7,NaN,NaN,NaN,NaN,NaN,NaN,NaN,NaN
8,NaN,NaN,NaN,NaN,NaN,NaN,NaN,NaN
9,NaN,NaN,NaN,NaN,NaN,NaN,NaN,NaN
10,NaN,NaN,NaN,NaN,NaN,NaN,NaN,NaN
11,NaN,NaN,NaN,NaN,NaN,NaN,NaN,NaN
1,NaN,NaN,NaN,NaN,NaN,NaN,NaN,NaN
2,NaN,NaN,NaN,NaN,NaN,NaN,NaN,NaN
3,NaN,NaN,NaN,NaN,NaN,NaN,NaN,NaN
4,NaN,NaN,NaN,NaN,NaN,NaN,NaN,NaN
5,NaN,NaN,NaN,NaN,NaN,NaN,NaN,NaN
6,NaN,NaN,NaN,NaN,NaN,NaN,NaN,NaN
7,NaN,NaN,NaN,NaN,NaN,NaN,NaN,NaN
8,NaN,NaN,NaN,NaN,NaN,NaN,NaN,NaN
9,NaN,NaN,NaN,NaN,NaN,NaN,NaN,NaN
10,NaN,NaN,NaN,NaN,NaN,NaN,NaN,NaN
11,NaN,NaN,NaN,NaN,NaN,NaN,NaN,NaN
1,NaN,NaN,NaN,NaN,NaN,NaN,NaN,NaN
2,NaN,NaN,NaN,NaN,NaN,NaN,NaN,NaN
3,NaN,NaN,NaN,NaN,NaN,NaN,NaN,NaN
4,NaN,NaN,NaN,NaN,NaN,NaN,NaN,NaN
5,NaN,NaN,NaN,NaN,NaN,NaN,NaN,NaN
6,NaN,NaN,NaN,NaN,NaN,NaN,NaN,NaN
7,NaN,NaN,NaN,NaN,NaN,NaN,NaN,NaN
8,NaN,NaN,NaN,NaN,NaN,NaN,NaN,NaN
9,NaN,NaN,NaN,NaN,NaN,NaN,NaN,NaN
10,NaN,NaN,NaN,NaN,NaN,NaN,NaN,NaN
11,NaN,NaN,NaN,NaN,NaN,NaN,NaN,NaN
1,NaN,NaN,NaN,NaN,NaN,NaN,NaN,NaN
2,NaN,NaN,NaN,NaN,NaN,NaN,NaN,NaN
3,NaN,NaN,NaN,NaN,NaN,NaN,NaN,NaN
4,NaN,NaN,NaN,NaN,NaN,NaN,NaN,NaN
5,NaN,NaN,NaN,NaN,NaN,NaN,NaN,NaN
6,NaN,NaN,NaN,NaN,NaN,NaN,NaN,NaN
7,NaN,NaN,NaN,NaN,NaN,NaN,NaN,NaN
8,NaN,NaN,NaN,NaN,NaN,NaN,NaN,NaN
9,NaN,NaN,NaN,NaN,NaN,NaN,NaN,NaN
10,NaN,NaN,NaN,NaN,NaN,NaN,NaN,NaN
11,NaN,NaN,NaN,NaN,NaN,NaN,NaN,NaN
1,NaN,NaN,NaN,NaN,NaN,NaN,NaN,NaN
2,NaN,NaN,NaN,NaN,NaN,NaN,NaN,NaN
3,NaN,NaN,NaN,NaN,NaN,NaN,NaN,NaN
4,NaN,NaN,NaN,NaN,NaN,NaN,NaN,NaN
5,NaN,NaN,NaN,NaN,NaN,NaN,NaN,NaN
6,NaN,NaN,NaN,NaN,NaN,NaN,NaN,NaN
7,NaN,NaN,NaN,NaN,NaN,NaN,NaN,NaN
8,NaN,NaN,NaN,NaN,NaN,NaN,NaN,NaN
9,NaN,NaN,NaN,NaN,NaN,NaN,NaN,NaN
10,NaN,NaN,NaN,NaN,NaN,NaN,NaN,NaN
11,NaN,NaN,NaN,NaN,NaN,NaN,NaN,NaN
1,NaN,NaN,NaN,NaN,NaN,NaN,NaN,NaN
2,NaN,NaN,NaN,NaN,NaN,NaN,NaN,NaN
3,NaN,NaN,NaN,NaN,NaN,NaN,NaN,NaN
4,NaN,NaN,NaN,NaN,NaN,NaN,NaN,NaN
5,NaN,NaN,NaN,NaN,NaN,NaN,NaN,NaN
6,NaN,NaN,NaN,NaN,NaN,NaN,NaN,NaN
7,NaN,NaN,NaN,NaN,NaN,NaN,NaN,NaN
8,NaN,NaN,NaN,NaN,NaN,NaN,NaN,NaN
9,NaN,NaN,NaN,NaN,NaN,NaN,NaN,NaN
10,NaN,NaN,NaN,NaN,NaN,NaN,NaN,NaN
11,NaN,NaN,NaN,NaN,NaN,NaN,NaN,NaN
1,NaN,NaN,NaN,NaN,NaN,NaN,NaN,NaN
2,NaN,NaN,NaN,NaN,NaN,NaN,NaN,NaN
3,NaN,NaN,NaN,NaN,NaN,NaN,NaN,NaN
4,NaN,NaN,NaN,NaN,NaN,NaN,NaN,NaN
5,NaN,NaN,NaN,NaN,NaN,NaN,NaN,NaN
6,NaN,NaN,NaN,NaN,NaN,NaN,NaN,NaN
7,NaN,NaN,NaN,NaN,NaN,NaN,NaN,NaN
8,NaN,NaN,NaN,NaN,NaN,NaN,NaN,NaN
9,NaN,NaN,NaN,NaN,NaN,NaN,NaN,NaN
10,NaN,NaN,NaN,NaN,NaN,NaN,NaN,NaN
11,NaN,NaN,NaN,NaN,NaN,NaN,NaN,NaN
1,NaN,NaN,NaN,NaN,NaN,NaN,NaN,NaN
2,NaN,NaN,NaN,NaN,NaN,NaN,NaN,NaN
3,NaN,NaN,NaN,NaN,NaN,NaN,NaN,NaN
4,NaN,NaN,NaN,NaN,NaN,NaN,NaN,NaN
5,NaN,NaN,NaN,NaN,NaN,NaN,NaN,NaN
6,NaN,NaN,NaN,NaN,NaN,NaN,NaN,NaN
7,NaN,NaN,NaN,NaN,NaN,NaN,NaN,NaN
8,NaN,NaN,NaN,NaN,NaN,NaN,NaN,NaN
9,NaN,NaN,NaN,NaN,NaN,NaN,NaN,NaN
10,NaN,NaN,NaN,NaN,NaN,NaN,NaN,NaN
11,NaN,NaN,NaN,NaN,NaN,NaN,NaN,NaN
1,NaN,NaN,NaN,NaN,NaN,NaN,NaN,NaN
2,NaN,NaN,NaN,NaN,NaN,NaN,NaN,NaN
3,NaN,NaN,NaN,NaN,NaN,NaN,NaN,NaN
4,NaN,NaN,NaN,NaN,NaN,NaN,NaN,NaN
5,NaN,NaN,NaN,NaN,NaN,NaN,NaN,NaN
6,NaN,NaN,NaN,NaN,NaN,NaN,NaN,NaN
7,NaN,NaN,NaN,NaN,NaN,NaN,NaN,NaN
8,NaN,NaN,NaN,NaN,NaN,NaN,NaN,NaN
9,NaN,NaN,NaN,NaN,NaN,NaN,NaN,NaN
10,NaN,NaN,NaN,NaN,NaN,NaN,NaN,NaN
11,NaN,NaN,NaN,NaN,NaN,NaN,NaN,NaN
1,NaN,NaN,NaN,NaN,NaN,NaN,NaN,NaN
2,NaN,NaN,NaN,NaN,NaN,NaN,NaN,NaN
3,NaN,NaN,NaN,NaN,NaN,NaN,NaN,NaN
4,NaN,NaN,NaN,NaN,NaN,NaN,NaN,NaN
5,NaN,NaN,NaN,NaN,NaN,NaN,NaN,NaN
6,NaN,NaN,NaN,NaN,NaN,NaN,NaN,NaN
7,NaN,NaN,NaN,NaN,NaN,NaN,NaN,NaN
8,NaN,NaN,NaN,NaN,NaN,NaN,NaN,NaN
9,NaN,NaN,NaN,NaN,NaN,NaN,NaN,NaN
10,NaN,NaN,NaN,NaN,NaN,NaN,NaN,NaN
11,NaN,NaN,NaN,NaN,NaN,NaN,NaN,NaN
1,NaN,NaN,NaN,NaN,NaN,NaN,NaN,NaN
2,NaN,NaN,NaN,NaN,NaN,NaN,NaN,NaN
3,NaN,NaN,NaN,NaN,NaN,NaN,NaN,NaN
4,NaN,NaN,NaN,NaN,NaN,NaN,NaN,NaN
5,NaN,NaN,NaN,NaN,NaN,NaN,NaN,NaN
6,NaN,NaN,NaN,NaN,NaN,NaN,NaN,NaN
7,NaN,NaN,NaN,NaN,NaN,NaN,NaN,NaN
8,NaN,NaN,NaN,NaN,NaN,NaN,NaN,NaN
9,NaN,NaN,NaN,NaN,NaN,NaN,NaN,NaN
10,NaN,NaN,NaN,NaN,NaN,NaN,NaN,NaN
11,NaN,NaN,NaN,NaN,NaN,NaN,NaN,NaN
1,NaN,NaN,NaN,NaN,NaN,NaN,NaN,NaN
2,NaN,NaN,NaN,NaN,NaN,NaN,NaN,NaN
3,NaN,NaN,NaN,NaN,NaN,NaN,NaN,NaN
4,NaN,NaN,NaN,NaN,NaN,NaN,NaN,NaN
5,NaN,NaN,NaN,NaN,NaN,NaN,NaN,NaN
6,NaN,NaN,NaN,NaN,NaN,NaN,NaN,NaN
7,NaN,NaN,NaN,NaN,NaN,NaN,NaN,NaN
8,NaN,NaN,NaN,NaN,NaN,NaN,NaN,NaN
9,NaN,NaN,NaN,NaN,NaN,NaN,NaN,NaN
10,NaN,NaN,NaN,NaN,NaN,NaN,NaN,NaN
11,NaN,NaN,NaN,NaN,NaN,NaN,NaN,NaN
1,NaN,NaN,NaN,NaN,NaN,NaN,NaN,NaN
2,NaN,NaN,NaN,NaN,NaN,NaN,NaN,NaN
3,NaN,NaN,NaN,NaN,NaN,NaN,NaN,NaN
4,NaN,NaN,NaN,NaN,NaN,NaN,NaN,NaN
5,NaN,NaN,NaN,NaN,NaN,NaN,NaN,NaN
6,NaN,NaN,NaN,NaN,NaN,NaN,NaN,NaN
7,NaN,NaN,NaN,NaN,NaN,NaN,NaN,NaN
8,NaN,NaN,NaN,NaN,NaN,NaN,NaN,NaN
9,NaN,NaN,NaN,NaN,NaN,NaN,NaN,NaN
10,NaN,NaN,NaN,NaN,NaN,NaN,NaN,NaN
11,NaN,NaN,NaN,NaN,NaN,NaN,NaN,NaN
1,NaN,NaN,NaN,NaN,NaN,NaN,NaN,NaN
2,NaN,NaN,NaN,NaN,NaN,NaN,NaN,NaN
3,NaN,NaN,NaN,NaN,NaN,NaN,NaN,NaN
4,NaN,NaN,NaN,NaN,NaN,NaN,NaN,NaN
5,NaN,NaN,NaN,NaN,NaN,NaN,NaN,NaN
6,NaN,NaN,NaN,NaN,NaN,NaN,NaN,NaN
7,NaN,NaN,NaN,NaN,NaN,NaN,NaN,NaN
8,NaN,NaN,NaN,NaN,NaN,NaN,NaN,NaN
9,NaN,NaN,NaN,NaN,NaN,NaN,NaN,NaN
10,NaN,NaN,NaN,NaN,NaN,NaN,NaN,NaN
11,NaN,NaN,NaN,NaN,NaN,NaN,NaN,NaN
1,NaN,NaN,NaN,NaN,NaN,NaN,NaN,NaN
2,NaN,NaN,NaN,NaN,NaN,NaN,NaN,NaN
3,NaN,NaN,NaN,NaN,NaN,NaN,NaN,NaN
4,NaN,NaN,NaN,NaN,NaN,NaN,NaN,NaN
5,NaN,NaN,NaN,NaN,NaN,NaN,NaN,NaN
6,NaN,NaN,NaN,NaN,NaN,NaN,NaN,NaN
7,NaN,NaN,NaN,NaN,NaN,NaN,NaN,NaN
8,NaN,NaN,NaN,NaN,NaN,NaN,NaN,NaN
9,NaN,NaN,NaN,NaN,NaN,NaN,NaN,NaN
10,NaN,NaN,NaN,NaN,NaN,NaN,NaN,NaN
11,NaN,NaN,NaN,NaN,NaN,NaN,NaN,NaN
1,NaN,NaN,NaN,NaN,NaN,NaN,NaN,NaN
2,NaN,NaN,NaN,NaN,NaN,NaN,NaN,NaN
3,NaN,NaN,NaN,NaN,NaN,NaN,NaN,NaN
4,NaN,NaN,NaN,NaN,NaN,NaN,NaN,NaN
5,NaN,NaN,NaN,NaN,NaN,NaN,NaN,NaN
6,NaN,NaN,NaN,NaN,NaN,NaN,NaN,NaN
7,NaN,NaN,NaN,NaN,NaN,NaN,NaN,NaN
8,NaN,NaN,NaN,NaN,NaN,NaN,NaN,NaN
9,NaN,NaN,NaN,NaN,NaN,NaN,NaN,NaN
10,NaN,NaN,NaN,NaN,NaN,NaN,NaN,NaN
11,NaN,NaN,NaN,NaN,NaN,NaN,NaN,NaN
1,NaN,NaN,NaN,NaN,NaN,NaN,NaN,NaN
2,NaN,NaN,NaN,NaN,NaN,NaN,NaN,NaN
3,NaN,NaN,NaN,NaN,NaN,NaN,NaN,NaN
4,NaN,NaN,NaN,NaN,NaN,NaN,NaN,NaN
5,NaN,NaN,NaN,NaN,NaN,NaN,NaN,NaN
6,NaN,NaN,NaN,NaN,NaN,NaN,NaN,NaN
7,NaN,NaN,NaN,NaN,NaN,NaN,NaN,NaN
8,NaN,NaN,NaN,NaN,NaN,NaN,NaN,NaN
9,NaN,NaN,NaN,NaN,NaN,NaN,NaN,NaN
10,NaN,NaN,NaN,NaN,NaN,NaN,NaN,NaN
11,NaN,NaN,NaN,NaN,NaN,NaN,NaN,NaN
1,NaN,NaN,NaN,NaN,NaN,NaN,NaN,NaN
2,NaN,NaN,NaN,NaN,NaN,NaN,NaN,NaN
3,NaN,NaN,NaN,NaN,NaN,NaN,NaN,NaN
4,NaN,NaN,NaN,NaN,NaN,NaN,NaN,NaN
5,NaN,NaN,NaN,NaN,NaN,NaN,NaN,NaN
6,NaN,NaN,NaN,NaN,NaN,NaN,NaN,NaN
7,NaN,NaN,NaN,NaN,NaN,NaN,NaN,NaN
8,NaN,NaN,NaN,NaN,NaN,NaN,NaN,NaN
9,NaN,NaN,NaN,NaN,NaN,NaN,NaN,NaN
10,NaN,NaN,NaN,NaN,NaN,NaN,NaN,NaN
11,NaN,NaN,NaN,NaN,NaN,NaN,NaN,NaN
1,NaN,NaN,NaN,NaN,NaN,NaN,NaN,NaN
2,NaN,NaN,NaN,NaN,NaN,NaN,NaN,NaN
3,NaN,NaN,NaN,NaN,NaN,NaN,NaN,NaN
4,NaN,NaN,NaN,NaN,NaN,NaN,NaN,NaN
5,NaN,NaN,NaN,NaN,NaN,NaN,NaN,NaN
6,NaN,NaN,NaN,NaN,NaN,NaN,NaN,NaN
7,NaN,NaN,NaN,NaN,NaN,NaN,NaN,NaN
8,NaN,NaN,NaN,NaN,NaN,NaN,NaN,NaN
9,NaN,NaN,NaN,NaN,NaN,NaN,NaN,NaN
10,NaN,NaN,NaN,NaN,NaN,NaN,NaN,NaN
11,NaN,NaN,NaN,NaN,NaN,NaN,NaN,NaN
1,NaN,NaN,NaN,NaN,NaN,NaN,NaN,NaN
2,NaN,NaN,NaN,NaN,NaN,NaN,NaN,NaN
3,NaN,NaN,NaN,NaN,NaN,NaN,NaN,NaN
4,NaN,NaN,NaN,NaN,NaN,NaN,NaN,NaN
5,NaN,NaN,NaN,NaN,NaN,NaN,NaN,NaN
6,NaN,NaN,NaN,NaN,NaN,NaN,NaN,NaN
7,NaN,NaN,NaN,NaN,NaN,NaN,NaN,NaN
8,NaN,NaN,NaN,NaN,NaN,NaN,NaN,NaN
9,NaN,NaN,NaN,NaN,NaN,NaN,NaN,NaN
10,NaN,NaN,NaN,NaN,NaN,NaN,NaN,NaN
11,NaN,NaN,NaN,NaN,NaN,NaN,NaN,NaN
1,NaN,NaN,NaN,NaN,NaN,NaN,NaN,NaN
2,NaN,NaN,NaN,NaN,NaN,NaN,NaN,NaN
3,NaN,NaN,NaN,NaN,NaN,NaN,NaN,NaN
4,NaN,NaN,NaN,NaN,NaN,NaN,NaN,NaN
5,NaN,NaN,NaN,NaN,NaN,NaN,NaN,NaN
6,NaN,NaN,NaN,NaN,NaN,NaN,NaN,NaN
7,NaN,NaN,NaN,NaN,NaN,NaN,NaN,NaN
8,NaN,NaN,NaN,NaN,NaN,NaN,NaN,NaN
9,NaN,NaN,NaN,NaN,NaN,NaN,NaN,NaN
10,NaN,NaN,NaN,NaN,NaN,NaN,NaN,NaN
11,NaN,NaN,NaN,NaN,NaN,NaN,NaN,NaN
1,NaN,NaN,NaN,NaN,NaN,NaN,NaN,NaN
2,NaN,NaN,NaN,NaN,NaN,NaN,NaN,NaN
3,NaN,NaN,NaN,NaN,NaN,NaN,NaN,NaN
4,NaN,NaN,NaN,NaN,NaN,NaN,NaN,NaN
5,NaN,NaN,NaN,NaN,NaN,NaN,NaN,NaN
6,NaN,NaN,NaN,NaN,NaN,NaN,NaN,NaN
7,NaN,NaN,NaN,NaN,NaN,NaN,NaN,NaN
8,NaN,NaN,NaN,NaN,NaN,NaN,NaN,NaN
9,NaN,NaN,NaN,NaN,NaN,NaN,NaN,NaN
10,NaN,NaN,NaN,NaN,NaN,NaN,NaN,NaN
11,NaN,NaN,NaN,NaN,NaN,NaN,NaN,NaN
1,NaN,NaN,NaN,NaN,NaN,NaN,NaN,NaN
2,NaN,NaN,NaN,NaN,NaN,NaN,NaN,NaN
3,NaN,NaN,NaN,NaN,NaN,NaN,NaN,NaN
4,NaN,NaN,NaN,NaN,NaN,NaN,NaN,NaN
5,NaN,NaN,NaN,NaN,NaN,NaN,NaN,NaN
6,NaN,NaN,NaN,NaN,NaN,NaN,NaN,NaN
7,NaN,NaN,NaN,NaN,NaN,NaN,NaN,NaN
8,NaN,NaN,NaN,NaN,NaN,NaN,NaN,NaN
9,NaN,NaN,NaN,NaN,NaN,NaN,NaN,NaN
10,NaN,NaN,NaN,NaN,NaN,NaN,NaN,NaN
11,NaN,NaN,NaN,NaN,NaN,NaN,NaN,NaN
1,NaN,NaN,NaN,NaN,NaN,NaN,NaN,NaN
2,NaN,NaN,NaN,NaN,NaN,NaN,NaN,NaN
3,NaN,NaN,NaN,NaN,NaN,NaN,NaN,NaN
4,NaN,NaN,NaN,NaN,NaN,NaN,NaN,NaN
5,NaN,NaN,NaN,NaN,NaN,NaN,NaN,NaN
6,NaN,NaN,NaN,NaN,NaN,NaN,NaN,NaN
7,NaN,NaN,NaN,NaN,NaN,NaN,NaN,NaN
8,NaN,NaN,NaN,NaN,NaN,NaN,NaN,NaN
9,NaN,NaN,NaN,NaN,NaN,NaN,NaN,NaN
10,NaN,NaN,NaN,NaN,NaN,NaN,NaN,NaN
11,NaN,NaN,NaN,NaN,NaN,NaN,NaN,NaN
1,NaN,NaN,NaN,NaN,NaN,NaN,NaN,NaN
2,NaN,NaN,NaN,NaN,NaN,NaN,NaN,NaN
3,NaN,NaN,NaN,NaN,NaN,NaN,NaN,NaN
4,NaN,NaN,NaN,NaN,NaN,NaN,NaN,NaN
5,NaN,NaN,NaN,NaN,NaN,NaN,NaN,NaN
6,NaN,NaN,NaN,NaN,NaN,NaN,NaN,NaN
7,NaN,NaN,NaN,NaN,NaN,NaN,NaN,NaN
8,NaN,NaN,NaN,NaN,NaN,NaN,NaN,NaN
9,NaN,NaN,NaN,NaN,NaN,NaN,NaN,NaN
10,NaN,NaN,NaN,NaN,NaN,NaN,NaN,NaN
11,NaN,NaN,NaN,NaN,NaN,NaN,NaN,NaN
1,NaN,NaN,NaN,NaN,NaN,NaN,NaN,NaN
2,NaN,NaN,NaN,NaN,NaN,NaN,NaN,NaN
3,NaN,NaN,NaN,NaN,NaN,NaN,NaN,NaN
4,NaN,NaN,NaN,NaN,NaN,NaN,NaN,NaN
5,NaN,NaN,NaN,NaN,NaN,NaN,NaN,NaN
6,NaN,NaN,NaN,NaN,NaN,NaN,NaN,NaN
7,NaN,NaN,NaN,NaN,NaN,NaN,NaN,NaN
8,NaN,NaN,NaN,NaN,NaN,NaN,NaN,NaN
9,NaN,NaN,NaN,NaN,NaN,NaN,NaN,NaN
10,NaN,NaN,NaN,NaN,NaN,NaN,NaN,NaN
11,NaN,NaN,NaN,NaN,NaN,NaN,NaN,NaN
1,NaN,NaN,NaN,NaN,NaN,NaN,NaN,NaN
2,NaN,NaN,NaN,NaN,NaN,NaN,NaN,NaN
3,NaN,NaN,NaN,NaN,NaN,NaN,NaN,NaN
4,NaN,NaN,NaN,NaN,NaN,NaN,NaN,NaN
5,NaN,NaN,NaN,NaN,NaN,NaN,NaN,NaN
6,NaN,NaN,NaN,NaN,NaN,NaN,NaN,NaN
7,NaN,NaN,NaN,NaN,NaN,NaN,NaN,NaN
8,NaN,NaN,NaN,NaN,NaN,NaN,NaN,NaN
9,NaN,NaN,NaN,NaN,NaN,NaN,NaN,NaN
10,NaN,NaN,NaN,NaN,NaN,NaN,NaN,NaN
11,NaN,NaN,NaN,NaN,NaN,NaN,NaN,NaN
1,NaN,NaN,NaN,NaN,NaN,NaN,NaN,NaN
2,NaN,NaN,NaN,NaN,NaN,NaN,NaN,NaN
3,NaN,NaN,NaN,NaN,NaN,NaN,NaN,NaN
4,NaN,NaN,NaN,NaN,NaN,NaN,NaN,NaN
5,NaN,NaN,NaN,NaN,NaN,NaN,NaN,NaN
6,NaN,NaN,NaN,NaN,NaN,NaN,NaN,NaN
7,NaN,NaN,NaN,NaN,NaN,NaN,NaN,NaN
8,NaN,NaN,NaN,NaN,NaN,NaN,NaN,NaN
9,NaN,NaN,NaN,NaN,NaN,NaN,NaN,NaN
10,NaN,NaN,NaN,NaN,NaN,NaN,NaN,NaN
11,NaN,NaN,NaN,NaN,NaN,NaN,NaN,NaN
1,NaN,NaN,NaN,NaN,NaN,NaN,NaN,NaN
2,NaN,NaN,NaN,NaN,NaN,NaN,NaN,NaN
3,NaN,NaN,NaN,NaN,NaN,NaN,NaN,NaN
4,NaN,NaN,NaN,NaN,NaN,NaN,NaN,NaN
5,NaN,NaN,NaN,NaN,NaN,NaN,NaN,NaN
6,NaN,NaN,NaN,NaN,NaN,NaN,NaN,NaN
7,NaN,NaN,NaN,NaN,NaN,NaN,NaN,NaN
8,NaN,NaN,NaN,NaN,NaN,NaN,NaN,NaN
9,NaN,NaN,NaN,NaN,NaN,NaN,NaN,NaN
10,NaN,NaN,NaN,NaN,NaN,NaN,NaN,NaN
11,NaN,NaN,NaN,NaN,NaN,NaN,NaN,NaN
1,NaN,NaN,NaN,NaN,NaN,NaN,NaN,NaN
2,NaN,NaN,NaN,NaN,NaN,NaN,NaN,NaN
3,NaN,NaN,NaN,NaN,NaN,NaN,NaN,NaN
4,NaN,NaN,NaN,NaN,NaN,NaN,NaN,NaN
5,NaN,NaN,NaN,NaN,NaN,NaN,NaN,NaN
6,NaN,NaN,NaN,NaN,NaN,NaN,NaN,NaN
7,NaN,NaN,NaN,NaN,NaN,NaN,NaN,NaN
8,NaN,NaN,NaN,NaN,NaN,NaN,NaN,NaN
9,NaN,NaN,NaN,NaN,NaN,NaN,NaN,NaN
10,NaN,NaN,NaN,NaN,NaN,NaN,NaN,NaN
11,NaN,NaN,NaN,NaN,NaN,NaN,NaN,NaN
1,NaN,NaN,NaN,NaN,NaN,NaN,NaN,NaN
2,NaN,NaN,NaN,NaN,NaN,NaN,NaN,NaN
3,NaN,NaN,NaN,NaN,NaN,NaN,NaN,NaN
4,NaN,NaN,NaN,NaN,NaN,NaN,NaN,NaN
5,NaN,NaN,NaN,NaN,NaN,NaN,NaN,NaN
6,NaN,NaN,NaN,NaN,NaN,NaN,NaN,NaN
7,NaN,NaN,NaN,NaN,NaN,NaN,NaN,NaN
8,NaN,NaN,NaN,NaN,NaN,NaN,NaN,NaN
9,NaN,NaN,NaN,NaN,NaN,NaN,NaN,NaN
10,NaN,NaN,NaN,NaN,NaN,NaN,NaN,NaN
11,NaN,NaN,NaN,NaN,NaN,NaN,NaN,NaN
1,NaN,NaN,NaN,NaN,NaN,NaN,NaN,NaN
2,NaN,NaN,NaN,NaN,NaN,NaN,NaN,NaN
3,NaN,NaN,NaN,NaN,NaN,NaN,NaN,NaN
4,NaN,NaN,NaN,NaN,NaN,NaN,NaN,NaN
5,NaN,NaN,NaN,NaN,NaN,NaN,NaN,NaN
6,NaN,NaN,NaN,NaN,NaN,NaN,NaN,NaN
7,NaN,NaN,NaN,NaN,NaN,NaN,NaN,NaN
8,NaN,NaN,NaN,NaN,NaN,NaN,NaN,NaN
9,NaN,NaN,NaN,NaN,NaN,NaN,NaN,NaN
10,NaN,NaN,NaN,NaN,NaN,NaN,NaN,NaN
11,NaN,NaN,NaN,NaN,NaN,NaN,NaN,NaN
1,NaN,NaN,NaN,NaN,NaN,NaN,NaN,NaN
2,NaN,NaN,NaN,NaN,NaN,NaN,NaN,NaN
3,NaN,NaN,NaN,NaN,NaN,NaN,NaN,NaN
4,NaN,NaN,NaN,NaN,NaN,NaN,NaN,NaN
5,NaN,NaN,NaN,NaN,NaN,NaN,NaN,NaN
6,NaN,NaN,NaN,NaN,NaN,NaN,NaN,NaN
7,NaN,NaN,NaN,NaN,NaN,NaN,NaN,NaN
8,NaN,NaN,NaN,NaN,NaN,NaN,NaN,NaN
9,NaN,NaN,NaN,NaN,NaN,NaN,NaN,NaN
10,NaN,NaN,NaN,NaN,NaN,NaN,NaN,NaN
11,NaN,NaN,NaN,NaN,NaN,NaN,NaN,NaN
1,NaN,NaN,NaN,NaN,NaN,NaN,NaN,NaN
2,NaN,NaN,NaN,NaN,NaN,NaN,NaN,NaN
3,NaN,NaN,NaN,NaN,NaN,NaN,NaN,NaN
4,NaN,NaN,NaN,NaN,NaN,NaN,NaN,NaN
5,NaN,NaN,NaN,NaN,NaN,NaN,NaN,NaN
6,NaN,NaN,NaN,NaN,NaN,NaN,NaN,NaN
7,NaN,NaN,NaN,NaN,NaN,NaN,NaN,NaN
8,NaN,NaN,NaN,NaN,NaN,NaN,NaN,NaN
9,NaN,NaN,NaN,NaN,NaN,NaN,NaN,NaN
10,NaN,NaN,NaN,NaN,NaN,NaN,NaN,NaN
11,NaN,NaN,NaN,NaN,NaN,NaN,NaN,NaN
1,NaN,NaN,NaN,NaN,NaN,NaN,NaN,NaN
2,NaN,NaN,NaN,NaN,NaN,NaN,NaN,NaN
3,NaN,NaN,NaN,NaN,NaN,NaN,NaN,NaN
4,NaN,NaN,NaN,NaN,NaN,NaN,NaN,NaN
5,NaN,NaN,NaN,NaN,NaN,NaN,NaN,NaN
6,NaN,NaN,NaN,NaN,NaN,NaN,NaN,NaN
7,NaN,NaN,NaN,NaN,NaN,NaN,NaN,NaN
8,NaN,NaN,NaN,NaN,NaN,NaN,NaN,NaN
9,NaN,NaN,NaN,NaN,NaN,NaN,NaN,NaN
10,NaN,NaN,NaN,NaN,NaN,NaN,NaN,NaN
11,NaN,NaN,NaN,NaN,NaN,NaN,NaN,NaN
1,NaN,NaN,NaN,NaN,NaN,NaN,NaN,NaN
2,NaN,NaN,NaN,NaN,NaN,NaN,NaN,NaN
3,NaN,NaN,NaN,NaN,NaN,NaN,NaN,NaN
4,NaN,NaN,NaN,NaN,NaN,NaN,NaN,NaN
5,NaN,NaN,NaN,NaN,NaN,NaN,NaN,NaN
6,NaN,NaN,NaN,NaN,NaN,NaN,NaN,NaN
7,NaN,NaN,NaN,NaN,NaN,NaN,NaN,NaN
8,NaN,NaN,NaN,NaN,NaN,NaN,NaN,NaN
9,NaN,NaN,NaN,NaN,NaN,NaN,NaN,NaN
10,NaN,NaN,NaN,NaN,NaN,NaN,NaN,NaN
11,NaN,NaN,NaN,NaN,NaN,NaN,NaN,NaN
1,NaN,NaN,NaN,NaN,NaN,NaN,NaN,NaN
2,NaN,NaN,NaN,NaN,NaN,NaN,NaN,NaN
3,NaN,NaN,NaN,NaN,NaN,NaN,NaN,NaN
4,NaN,NaN,NaN,NaN,NaN,NaN,NaN,NaN
5,NaN,NaN,NaN,NaN,NaN,NaN,NaN,NaN
6,NaN,NaN,NaN,NaN,NaN,NaN,NaN,NaN
7,NaN,NaN,NaN,NaN,NaN,NaN,NaN,NaN
8,NaN,NaN,NaN,NaN,NaN,NaN,NaN,NaN
9,NaN,NaN,NaN,NaN,NaN,NaN,NaN,NaN
10,NaN,NaN,NaN,NaN,NaN,NaN,NaN,NaN
11,NaN,NaN,NaN,NaN,NaN,NaN,NaN,NaN
1,NaN,NaN,NaN,NaN,NaN,NaN,NaN,NaN
2,NaN,NaN,NaN,NaN,NaN,NaN,NaN,NaN
3,NaN,NaN,NaN,NaN,NaN,NaN,NaN,NaN
4,NaN,NaN,NaN,NaN,NaN,NaN,NaN,NaN
5,NaN,NaN,NaN,NaN,NaN,NaN,NaN,NaN
6,NaN,NaN,NaN,NaN,NaN,NaN,NaN,NaN
7,NaN,NaN,NaN,NaN,NaN,NaN,NaN,NaN
8,NaN,NaN,NaN,NaN,NaN,NaN,NaN,NaN
9,NaN,NaN,NaN,NaN,NaN,NaN,NaN,NaN
10,NaN,NaN,NaN,NaN,NaN,NaN,NaN,NaN
11,NaN,NaN,NaN,NaN,NaN,NaN,NaN,NaN
1,NaN,NaN,NaN,NaN,NaN,NaN,NaN,NaN
2,NaN,NaN,NaN,NaN,NaN,NaN,NaN,NaN
3,NaN,NaN,NaN,NaN,NaN,NaN,NaN,NaN
4,NaN,NaN,NaN,NaN,NaN,NaN,NaN,NaN
5,NaN,NaN,NaN,NaN,NaN,NaN,NaN,NaN
6,NaN,NaN,NaN,NaN,NaN,NaN,NaN,NaN
7,NaN,NaN,NaN,NaN,NaN,NaN,NaN,NaN
8,NaN,NaN,NaN,NaN,NaN,NaN,NaN,NaN
9,NaN,NaN,NaN,NaN,NaN,NaN,NaN,NaN
10,NaN,NaN,NaN,NaN,NaN,NaN,NaN,NaN
11,NaN,NaN,NaN,NaN,NaN,NaN,NaN,NaN
1,NaN,NaN,NaN,NaN,NaN,NaN,NaN,NaN
2,NaN,NaN,NaN,NaN,NaN,NaN,NaN,NaN
3,NaN,NaN,NaN,NaN,NaN,NaN,NaN,NaN
4,NaN,NaN,NaN,NaN,NaN,NaN,NaN,NaN
5,NaN,NaN,NaN,NaN,NaN,NaN,NaN,NaN
6,NaN,NaN,NaN,NaN,NaN,NaN,NaN,NaN
7,NaN,NaN,NaN,NaN,NaN,NaN,NaN,NaN
8,NaN,NaN,NaN,NaN,NaN,NaN,NaN,NaN
9,NaN,NaN,NaN,NaN,NaN,NaN,NaN,NaN
10,NaN,NaN,NaN,NaN,NaN,NaN,NaN,NaN
11,NaN,NaN,NaN,NaN,NaN,NaN,NaN,NaN
1,NaN,NaN,NaN,NaN,NaN,NaN,NaN,NaN
2,NaN,NaN,NaN,NaN,NaN,NaN,NaN,NaN
3,NaN,NaN,NaN,NaN,NaN,NaN,NaN,NaN
4,NaN,NaN,NaN,NaN,NaN,NaN,NaN,NaN
5,NaN,NaN,NaN,NaN,NaN,NaN,NaN,NaN
6,NaN,NaN,NaN,NaN,NaN,NaN,NaN,NaN
7,NaN,NaN,NaN,NaN,NaN,NaN,NaN,NaN
8,NaN,NaN,NaN,NaN,NaN,NaN,NaN,NaN
9,NaN,NaN,NaN,NaN,NaN,NaN,NaN,NaN
10,NaN,NaN,NaN,NaN,NaN,NaN,NaN,NaN
11,NaN,NaN,NaN,NaN,NaN,NaN,NaN,NaN
1,NaN,NaN,NaN,NaN,NaN,NaN,NaN,NaN
2,NaN,NaN,NaN,NaN,NaN,NaN,NaN,NaN
3,NaN,NaN,NaN,NaN,NaN,NaN,NaN,NaN
4,NaN,NaN,NaN,NaN,NaN,NaN,NaN,NaN
5,NaN,NaN,NaN,NaN,NaN,NaN,NaN,NaN
6,NaN,NaN,NaN,NaN,NaN,NaN,NaN,NaN
7,NaN,NaN,NaN,NaN,NaN,NaN,NaN,NaN
8,NaN,NaN,NaN,NaN,NaN,NaN,NaN,NaN
9,NaN,NaN,NaN,NaN,NaN,NaN,NaN,NaN
10,NaN,NaN,NaN,NaN,NaN,NaN,NaN,NaN
11,NaN,NaN,NaN,NaN,NaN,NaN,NaN,NaN
1,NaN,NaN,NaN,NaN,NaN,NaN,NaN,NaN
2,NaN,NaN,NaN,NaN,NaN,NaN,NaN,NaN
3,NaN,NaN,NaN,NaN,NaN,NaN,NaN,NaN
4,NaN,NaN,NaN,NaN,NaN,NaN,NaN,NaN
5,NaN,NaN,NaN,NaN,NaN,NaN,NaN,NaN
6,NaN,NaN,NaN,NaN,NaN,NaN,NaN,NaN
7,NaN,NaN,NaN,NaN,NaN,NaN,NaN,NaN
8,NaN,NaN,NaN,NaN,NaN,NaN,NaN,NaN
9,NaN,NaN,NaN,NaN,NaN,NaN,NaN,NaN
10,NaN,NaN,NaN,NaN,NaN,NaN,NaN,NaN
11,NaN,NaN,NaN,NaN,NaN,NaN,NaN,NaN
1,NaN,NaN,NaN,NaN,NaN,NaN,NaN,NaN
2,NaN,NaN,NaN,NaN,NaN,NaN,NaN,NaN
3,NaN,NaN,NaN,NaN,NaN,NaN,NaN,NaN
4,NaN,NaN,NaN,NaN,NaN,NaN,NaN,NaN
5,NaN,NaN,NaN,NaN,NaN,NaN,NaN,NaN
6,NaN,NaN,NaN,NaN,NaN,NaN,NaN,NaN
7,NaN,NaN,NaN,NaN,NaN,NaN,NaN,NaN
8,NaN,NaN,NaN,NaN,NaN,NaN,NaN,NaN
9,NaN,NaN,NaN,NaN,NaN,NaN,NaN,NaN
10,NaN,NaN,NaN,NaN,NaN,NaN,NaN,NaN
11,NaN,NaN,NaN,NaN,NaN,NaN,NaN,NaN
1,NaN,NaN,NaN,NaN,NaN,NaN,NaN,NaN
2,NaN,NaN,NaN,NaN,NaN,NaN,NaN,NaN
3,NaN,NaN,NaN,NaN,NaN,NaN,NaN,NaN
4,NaN,NaN,NaN,NaN,NaN,NaN,NaN,NaN
5,NaN,NaN,NaN,NaN,NaN,NaN,NaN,NaN
6,NaN,NaN,NaN,NaN,NaN,NaN,NaN,NaN
7,NaN,NaN,NaN,NaN,NaN,NaN,NaN,NaN
8,NaN,NaN,NaN,NaN,NaN,NaN,NaN,NaN
9,NaN,NaN,NaN,NaN,NaN,NaN,NaN,NaN
10,NaN,NaN,NaN,NaN,NaN,NaN,NaN,NaN
11,NaN,NaN,NaN,NaN,NaN,NaN,NaN,NaN
1,NaN,NaN,NaN,NaN,NaN,NaN,NaN,NaN
2,NaN,NaN,NaN,NaN,NaN,NaN,NaN,NaN
3,NaN,NaN,NaN,NaN,NaN,NaN,NaN,NaN
4,NaN,NaN,NaN,NaN,NaN,NaN,NaN,NaN
5,NaN,NaN,NaN,NaN,NaN,NaN,NaN,NaN
6,NaN,NaN,NaN,NaN,NaN,NaN,NaN,NaN
7,NaN,NaN,NaN,NaN,NaN,NaN,NaN,NaN
8,NaN,NaN,NaN,NaN,NaN,NaN,NaN,NaN
9,NaN,NaN,NaN,NaN,NaN,NaN,NaN,NaN
10,NaN,NaN,NaN,NaN,NaN,NaN,NaN,NaN
11,NaN,NaN,NaN,NaN,NaN,NaN,NaN,NaN
1,NaN,NaN,NaN,NaN,NaN,NaN,NaN,NaN
2,NaN,NaN,NaN,NaN,NaN,NaN,NaN,NaN
3,NaN,NaN,NaN,NaN,NaN,NaN,NaN,NaN
4,NaN,NaN,NaN,NaN,NaN,NaN,NaN,NaN
5,NaN,NaN,NaN,NaN,NaN,NaN,NaN,NaN
6,NaN,NaN,NaN,NaN,NaN,NaN,NaN,NaN
7,NaN,NaN,NaN,NaN,NaN,NaN,NaN,NaN
8,NaN,NaN,NaN,NaN,NaN,NaN,NaN,NaN
9,NaN,NaN,NaN,NaN,NaN,NaN,NaN,NaN
10,NaN,NaN,NaN,NaN,NaN,NaN,NaN,NaN
11,NaN,NaN,NaN,NaN,NaN,NaN,NaN,NaN
1,NaN,NaN,NaN,NaN,NaN,NaN,NaN,NaN
2,NaN,NaN,NaN,NaN,NaN,NaN,NaN,NaN
3,NaN,NaN,NaN,NaN,NaN,NaN,NaN,NaN
4,NaN,NaN,NaN,NaN,NaN,NaN,NaN,NaN
5,NaN,NaN,NaN,NaN,NaN,NaN,NaN,NaN
6,NaN,NaN,NaN,NaN,NaN,NaN,NaN,NaN
7,NaN,NaN,NaN,NaN,NaN,NaN,NaN,NaN
8,NaN,NaN,NaN,NaN,NaN,NaN,NaN,NaN
9,NaN,NaN,NaN,NaN,NaN,NaN,NaN,NaN
10,NaN,NaN,NaN,NaN,NaN,NaN,NaN,NaN
11,NaN,NaN,NaN,NaN,NaN,NaN,NaN,NaN
1,NaN,NaN,NaN,NaN,NaN,NaN,NaN,NaN
2,NaN,NaN,NaN,NaN,NaN,NaN,NaN,NaN
3,NaN,NaN,NaN,NaN,NaN,NaN,NaN,NaN
4,NaN,NaN,NaN,NaN,NaN,NaN,NaN,NaN
5,NaN,NaN,NaN,NaN,NaN,NaN,NaN,NaN
6,NaN,NaN,NaN,NaN,NaN,NaN,NaN,NaN
7,NaN,NaN,NaN,NaN,NaN,NaN,NaN,NaN
8,NaN,NaN,NaN,NaN,NaN,NaN,NaN,NaN
9,NaN,NaN,NaN,NaN,NaN,NaN,NaN,NaN
10,NaN,NaN,NaN,NaN,NaN,NaN,NaN,NaN
11,NaN,NaN,NaN,NaN,NaN,NaN,NaN,NaN
1,NaN,NaN,NaN,NaN,NaN,NaN,NaN,NaN
2,NaN,NaN,NaN,NaN,NaN,NaN,NaN,NaN
3,NaN,NaN,NaN,NaN,NaN,NaN,NaN,NaN
4,NaN,NaN,NaN,NaN,NaN,NaN,NaN,NaN
5,NaN,NaN,NaN,NaN,NaN,NaN,NaN,NaN
6,NaN,NaN,NaN,NaN,NaN,NaN,NaN,NaN
7,NaN,NaN,NaN,NaN,NaN,NaN,NaN,NaN
8,NaN,NaN,NaN,NaN,NaN,NaN,NaN,NaN
9,NaN,NaN,NaN,NaN,NaN,NaN,NaN,NaN
10,NaN,NaN,NaN,NaN,NaN,NaN,NaN,NaN
11,NaN,NaN,NaN,NaN,NaN,NaN,NaN,NaN
1,NaN,NaN,NaN,NaN,NaN,NaN,NaN,NaN
2,NaN,NaN,NaN,NaN,NaN,NaN,NaN,NaN
3,NaN,NaN,NaN,NaN,NaN,NaN,NaN,NaN
4,NaN,NaN,NaN,NaN,NaN,NaN,NaN,NaN
5,NaN,NaN,NaN,NaN,NaN,NaN,NaN,NaN
6,NaN,NaN,NaN,NaN,NaN,NaN,NaN,NaN
7,NaN,NaN,NaN,NaN,NaN,NaN,NaN,NaN
8,NaN,NaN,NaN,NaN,NaN,NaN,NaN,NaN
9,NaN,NaN,NaN,NaN,NaN,NaN,NaN,NaN
10,NaN,NaN,NaN,NaN,NaN,NaN,NaN,NaN
11,NaN,NaN,NaN,NaN,NaN,NaN,NaN,NaN
1,NaN,NaN,NaN,NaN,NaN,NaN,NaN,NaN
2,NaN,NaN,NaN,NaN,NaN,NaN,NaN,NaN
3,NaN,NaN,NaN,NaN,NaN,NaN,NaN,NaN
4,NaN,NaN,NaN,NaN,NaN,NaN,NaN,NaN
5,NaN,NaN,NaN,NaN,NaN,NaN,NaN,NaN
6,NaN,NaN,NaN,NaN,NaN,NaN,NaN,NaN
7,NaN,NaN,NaN,NaN,NaN,NaN,NaN,NaN
8,NaN,NaN,NaN,NaN,NaN,NaN,NaN,NaN
9,NaN,NaN,NaN,NaN,NaN,NaN,NaN,NaN
10,NaN,NaN,NaN,NaN,NaN,NaN,NaN,NaN
11,NaN,NaN,NaN,NaN,NaN,NaN,NaN,NaN
1,NaN,NaN,NaN,NaN,NaN,NaN,NaN,NaN
2,NaN,NaN,NaN,NaN,NaN,NaN,NaN,NaN
3,NaN,NaN,NaN,NaN,NaN,NaN,NaN,NaN
4,NaN,NaN,NaN,NaN,NaN,NaN,NaN,NaN
5,NaN,NaN,NaN,NaN,NaN,NaN,NaN,NaN
6,NaN,NaN,NaN,NaN,NaN,NaN,NaN,NaN
7,NaN,NaN,NaN,NaN,NaN,NaN,NaN,NaN
8,NaN,NaN,NaN,NaN,NaN,NaN,NaN,NaN
9,NaN,NaN,NaN,NaN,NaN,NaN,NaN,NaN
10,NaN,NaN,NaN,NaN,NaN,NaN,NaN,NaN
11,NaN,NaN,NaN,NaN,NaN,NaN,NaN,NaN
1,NaN,NaN,NaN,NaN,NaN,NaN,NaN,NaN
2,NaN,NaN,NaN,NaN,NaN,NaN,NaN,NaN
3,NaN,NaN,NaN,NaN,NaN,NaN,NaN,NaN
4,NaN,NaN,NaN,NaN,NaN,NaN,NaN,NaN
5,NaN,NaN,NaN,NaN,NaN,NaN,NaN,NaN
6,NaN,NaN,NaN,NaN,NaN,NaN,NaN,NaN
7,NaN,NaN,NaN,NaN,NaN,NaN,NaN,NaN
8,NaN,NaN,NaN,NaN,NaN,NaN,NaN,NaN
9,NaN,NaN,NaN,NaN,NaN,NaN,NaN,NaN
10,NaN,NaN,NaN,NaN,NaN,NaN,NaN,NaN
11,NaN,NaN,NaN,NaN,NaN,NaN,NaN,NaN
1,NaN,NaN,NaN,NaN,NaN,NaN,NaN,NaN
2,NaN,NaN,NaN,NaN,NaN,NaN,NaN,NaN
3,NaN,NaN,NaN,NaN,NaN,NaN,NaN,NaN
4,NaN,NaN,NaN,NaN,NaN,NaN,NaN,NaN
5,NaN,NaN,NaN,NaN,NaN,NaN,NaN,NaN
6,NaN,NaN,NaN,NaN,NaN,NaN,NaN,NaN
7,NaN,NaN,NaN,NaN,NaN,NaN,NaN,NaN
8,NaN,NaN,NaN,NaN,NaN,NaN,NaN,NaN
9,NaN,NaN,NaN,NaN,NaN,NaN,NaN,NaN
10,NaN,NaN,NaN,NaN,NaN,NaN,NaN,NaN
11,NaN,NaN,NaN,NaN,NaN,NaN,NaN,NaN
1,NaN,NaN,NaN,NaN,NaN,NaN,NaN,NaN
2,NaN,NaN,NaN,NaN,NaN,NaN,NaN,NaN
3,NaN,NaN,NaN,NaN,NaN,NaN,NaN,NaN
4,NaN,NaN,NaN,NaN,NaN,NaN,NaN,NaN
5,NaN,NaN,NaN,NaN,NaN,NaN,NaN,NaN
6,NaN,NaN,NaN,NaN,NaN,NaN,NaN,NaN
7,NaN,NaN,NaN,NaN,NaN,NaN,NaN,NaN
8,NaN,NaN,NaN,NaN,NaN,NaN,NaN,NaN
9,NaN,NaN,NaN,NaN,NaN,NaN,NaN,NaN
10,NaN,NaN,NaN,NaN,NaN,NaN,NaN,NaN
11,NaN,NaN,NaN,NaN,NaN,NaN,NaN,NaN
1,NaN,NaN,NaN,NaN,NaN,NaN,NaN,NaN
2,NaN,NaN,NaN,NaN,NaN,NaN,NaN,NaN
3,NaN,NaN,NaN,NaN,NaN,NaN,NaN,NaN
4,NaN,NaN,NaN,NaN,NaN,NaN,NaN,NaN
5,NaN,NaN,NaN,NaN,NaN,NaN,NaN,NaN
6,NaN,NaN,NaN,NaN,NaN,NaN,NaN,NaN
7,NaN,NaN,NaN,NaN,NaN,NaN,NaN,NaN
8,NaN,NaN,NaN,NaN,NaN,NaN,NaN,NaN
9,NaN,NaN,NaN,NaN,NaN,NaN,NaN,NaN
10,NaN,NaN,NaN,NaN,NaN,NaN,NaN,NaN
11,NaN,NaN,NaN,NaN,NaN,NaN,NaN,NaN
1,NaN,NaN,NaN,NaN,NaN,NaN,NaN,NaN
2,NaN,NaN,NaN,NaN,NaN,NaN,NaN,NaN
3,NaN,NaN,NaN,NaN,NaN,NaN,NaN,NaN
4,NaN,NaN,NaN,NaN,NaN,NaN,NaN,NaN
5,NaN,NaN,NaN,NaN,NaN,NaN,NaN,NaN
6,NaN,NaN,NaN,NaN,NaN,NaN,NaN,NaN
7,NaN,NaN,NaN,NaN,NaN,NaN,NaN,NaN
8,NaN,NaN,NaN,NaN,NaN,NaN,NaN,NaN
9,NaN,NaN,NaN,NaN,NaN,NaN,NaN,NaN
10,NaN,NaN,NaN,NaN,NaN,NaN,NaN,NaN
11,NaN,NaN,NaN,NaN,NaN,NaN,NaN,NaN
1,NaN,NaN,NaN,NaN,NaN,NaN,NaN,NaN
2,NaN,NaN,NaN,NaN,NaN,NaN,NaN,NaN
3,NaN,NaN,NaN,NaN,NaN,NaN,NaN,NaN
4,NaN,NaN,NaN,NaN,NaN,NaN,NaN,NaN
5,NaN,NaN,NaN,NaN,NaN,NaN,NaN,NaN
6,NaN,NaN,NaN,NaN,NaN,NaN,NaN,NaN
7,NaN,NaN,NaN,NaN,NaN,NaN,NaN,NaN
8,NaN,NaN,NaN,NaN,NaN,NaN,NaN,NaN
9,NaN,NaN,NaN,NaN,NaN,NaN,NaN,NaN
10,NaN,NaN,NaN,NaN,NaN,NaN,NaN,NaN
11,NaN,NaN,NaN,NaN,NaN,NaN,NaN,NaN
1,NaN,NaN,NaN,NaN,NaN,NaN,NaN,NaN
2,NaN,NaN,NaN,NaN,NaN,NaN,NaN,NaN
3,NaN,NaN,NaN,NaN,NaN,NaN,NaN,NaN
4,NaN,NaN,NaN,NaN,NaN,NaN,NaN,NaN
5,NaN,NaN,NaN,NaN,NaN,NaN,NaN,NaN
6,NaN,NaN,NaN,NaN,NaN,NaN,NaN,NaN
7,NaN,NaN,NaN,NaN,NaN,NaN,NaN,NaN
8,NaN,NaN,NaN,NaN,NaN,NaN,NaN,NaN
9,NaN,NaN,NaN,NaN,NaN,NaN,NaN,NaN
10,NaN,NaN,NaN,NaN,NaN,NaN,NaN,NaN
11,NaN,NaN,NaN,NaN,NaN,NaN,NaN,NaN
1,NaN,NaN,NaN,NaN,NaN,NaN,NaN,NaN
2,NaN,NaN,NaN,NaN,NaN,NaN,NaN,NaN
3,NaN,NaN,NaN,NaN,NaN,NaN,NaN,NaN
4,NaN,NaN,NaN,NaN,NaN,NaN,NaN,NaN
5,NaN,NaN,NaN,NaN,NaN,NaN,NaN,NaN
6,NaN,NaN,NaN,NaN,NaN,NaN,NaN,NaN
7,NaN,NaN,NaN,NaN,NaN,NaN,NaN,NaN
8,NaN,NaN,NaN,NaN,NaN,NaN,NaN,NaN
9,NaN,NaN,NaN,NaN,NaN,NaN,NaN,NaN
10,NaN,NaN,NaN,NaN,NaN,NaN,NaN,NaN
11,NaN,NaN,NaN,NaN,NaN,NaN,NaN,NaN
1,NaN,NaN,NaN,NaN,NaN,NaN,NaN,NaN
2,NaN,NaN,NaN,NaN,NaN,NaN,NaN,NaN
3,NaN,NaN,NaN,NaN,NaN,NaN,NaN,NaN
4,NaN,NaN,NaN,NaN,NaN,NaN,NaN,NaN
5,NaN,NaN,NaN,NaN,NaN,NaN,NaN,NaN
6,NaN,NaN,NaN,NaN,NaN,NaN,NaN,NaN
7,NaN,NaN,NaN,NaN,NaN,NaN,NaN,NaN
8,NaN,NaN,NaN,NaN,NaN,NaN,NaN,NaN
9,NaN,NaN,NaN,NaN,NaN,NaN,NaN,NaN
10,NaN,NaN,NaN,NaN,NaN,NaN,NaN,NaN
11,NaN,NaN,NaN,NaN,NaN,NaN,NaN,NaN
1,NaN,NaN,NaN,NaN,NaN,NaN,NaN,NaN
2,NaN,NaN,NaN,NaN,NaN,NaN,NaN,NaN
3,NaN,NaN,NaN,NaN,NaN,NaN,NaN,NaN
4,NaN,NaN,NaN,NaN,NaN,NaN,NaN,NaN
5,NaN,NaN,NaN,NaN,NaN,NaN,NaN,NaN
6,NaN,NaN,NaN,NaN,NaN,NaN,NaN,NaN
7,NaN,NaN,NaN,NaN,NaN,NaN,NaN,NaN
8,NaN,NaN,NaN,NaN,NaN,NaN,NaN,NaN
9,NaN,NaN,NaN,NaN,NaN,NaN,NaN,NaN
10,NaN,NaN,NaN,NaN,NaN,NaN,NaN,NaN
11,NaN,NaN,NaN,NaN,NaN,NaN,NaN,NaN
1,NaN,NaN,NaN,NaN,NaN,NaN,NaN,NaN
2,NaN,NaN,NaN,NaN,NaN,NaN,NaN,NaN
3,NaN,NaN,NaN,NaN,NaN,NaN,NaN,NaN
4,NaN,NaN,NaN,NaN,NaN,NaN,NaN,NaN
5,NaN,NaN,NaN,NaN,NaN,NaN,NaN,NaN
6,NaN,NaN,NaN,NaN,NaN,NaN,NaN,NaN
7,NaN,NaN,NaN,NaN,NaN,NaN,NaN,NaN
8,NaN,NaN,NaN,NaN,NaN,NaN,NaN,NaN
9,NaN,NaN,NaN,NaN,NaN,NaN,NaN,NaN
10,NaN,NaN,NaN,NaN,NaN,NaN,NaN,NaN
11,NaN,NaN,NaN,NaN,NaN,NaN,NaN,NaN
1,NaN,NaN,NaN,NaN,NaN,NaN,NaN,NaN
2,NaN,NaN,NaN,NaN,NaN,NaN,NaN,NaN
3,NaN,NaN,NaN,NaN,NaN,NaN,NaN,NaN
4,NaN,NaN,NaN,NaN,NaN,NaN,NaN,NaN
5,NaN,NaN,NaN,NaN,NaN,NaN,NaN,NaN
6,NaN,NaN,NaN,NaN,NaN,NaN,NaN,NaN
7,NaN,NaN,NaN,NaN,NaN,NaN,NaN,NaN
8,NaN,NaN,NaN,NaN,NaN,NaN,NaN,NaN
9,NaN,NaN,NaN,NaN,NaN,NaN,NaN,NaN
10,NaN,NaN,NaN,NaN,NaN,NaN,NaN,NaN
11,NaN,NaN,NaN,NaN,NaN,NaN,NaN,NaN
1,NaN,NaN,NaN,NaN,NaN,NaN,NaN,NaN
2,NaN,NaN,NaN,NaN,NaN,NaN,NaN,NaN
3,NaN,NaN,NaN,NaN,NaN,NaN,NaN,NaN
4,NaN,NaN,NaN,NaN,NaN,NaN,NaN,NaN
5,NaN,NaN,NaN,NaN,NaN,NaN,NaN,NaN
6,NaN,NaN,NaN,NaN,NaN,NaN,NaN,NaN
7,NaN,NaN,NaN,NaN,NaN,NaN,NaN,NaN
8,NaN,NaN,NaN,NaN,NaN,NaN,NaN,NaN
9,NaN,NaN,NaN,NaN,NaN,NaN,NaN,NaN
10,NaN,NaN,NaN,NaN,NaN,NaN,NaN,NaN
11,NaN,NaN,NaN,NaN,NaN,NaN,NaN,NaN
1,NaN,NaN,NaN,NaN,NaN,NaN,NaN,NaN
2,NaN,NaN,NaN,NaN,NaN,NaN,NaN,NaN
3,NaN,NaN,NaN,NaN,NaN,NaN,NaN,NaN
4,NaN,NaN,NaN,NaN,NaN,NaN,NaN,NaN
5,NaN,NaN,NaN,NaN,NaN,NaN,NaN,NaN
6,NaN,NaN,NaN,NaN,NaN,NaN,NaN,NaN
7,NaN,NaN,NaN,NaN,NaN,NaN,NaN,NaN
8,NaN,NaN,NaN,NaN,NaN,NaN,NaN,NaN
9,NaN,NaN,NaN,NaN,NaN,NaN,NaN,NaN
10,NaN,NaN,NaN,NaN,NaN,NaN,NaN,NaN
11,NaN,NaN,NaN,NaN,NaN,NaN,NaN,NaN
1,NaN,NaN,NaN,NaN,NaN,NaN,NaN,NaN
2,NaN,NaN,NaN,NaN,NaN,NaN,NaN,NaN
3,NaN,NaN,NaN,NaN,NaN,NaN,NaN,NaN
4,NaN,NaN,NaN,NaN,NaN,NaN,NaN,NaN
5,NaN,NaN,NaN,NaN,NaN,NaN,NaN,NaN
6,NaN,NaN,NaN,NaN,NaN,NaN,NaN,NaN
7,NaN,NaN,NaN,NaN,NaN,NaN,NaN,NaN
8,NaN,NaN,NaN,NaN,NaN,NaN,NaN,NaN
9,NaN,NaN,NaN,NaN,NaN,NaN,NaN,NaN
10,NaN,NaN,NaN,NaN,NaN,NaN,NaN,NaN
11,NaN,NaN,NaN,NaN,NaN,NaN,NaN,NaN
1,NaN,NaN,NaN,NaN,NaN,NaN,NaN,NaN
2,NaN,NaN,NaN,NaN,NaN,NaN,NaN,NaN
3,NaN,NaN,NaN,NaN,NaN,NaN,NaN,NaN
4,NaN,NaN,NaN,NaN,NaN,NaN,NaN,NaN
5,NaN,NaN,NaN,NaN,NaN,NaN,NaN,NaN
6,NaN,NaN,NaN,NaN,NaN,NaN,NaN,NaN
7,NaN,NaN,NaN,NaN,NaN,NaN,NaN,NaN
8,NaN,NaN,NaN,NaN,NaN,NaN,NaN,NaN
9,NaN,NaN,NaN,NaN,NaN,NaN,NaN,NaN
10,NaN,NaN,NaN,NaN,NaN,NaN,NaN,NaN
11,NaN,NaN,NaN,NaN,NaN,NaN,NaN,NaN
1,NaN,NaN,NaN,NaN,NaN,NaN,NaN,NaN
2,NaN,NaN,NaN,NaN,NaN,NaN,NaN,NaN
3,NaN,NaN,NaN,NaN,NaN,NaN,NaN,NaN
4,NaN,NaN,NaN,NaN,NaN,NaN,NaN,NaN
5,NaN,NaN,NaN,NaN,NaN,NaN,NaN,NaN
6,NaN,NaN,NaN,NaN,NaN,NaN,NaN,NaN
7,NaN,NaN,NaN,NaN,NaN,NaN,NaN,NaN
8,NaN,NaN,NaN,NaN,NaN,NaN,NaN,NaN
9,NaN,NaN,NaN,NaN,NaN,NaN,NaN,NaN
10,NaN,NaN,NaN,NaN,NaN,NaN,NaN,NaN
11,NaN,NaN,NaN,NaN,NaN,NaN,NaN,NaN
1,NaN,NaN,NaN,NaN,NaN,NaN,NaN,NaN
2,NaN,NaN,NaN,NaN,NaN,NaN,NaN,NaN
3,NaN,NaN,NaN,NaN,NaN,NaN,NaN,NaN
4,NaN,NaN,NaN,NaN,NaN,NaN,NaN,NaN
5,NaN,NaN,NaN,NaN,NaN,NaN,NaN,NaN
6,NaN,NaN,NaN,NaN,NaN,NaN,NaN,NaN
7,NaN,NaN,NaN,NaN,NaN,NaN,NaN,NaN
8,NaN,NaN,NaN,NaN,NaN,NaN,NaN,NaN
9,NaN,NaN,NaN,NaN,NaN,NaN,NaN,NaN
10,NaN,NaN,NaN,NaN,NaN,NaN,NaN,NaN
11,NaN,NaN,NaN,NaN,NaN,NaN,NaN,NaN
1,NaN,NaN,NaN,NaN,NaN,NaN,NaN,NaN
2,NaN,NaN,NaN,NaN,NaN,NaN,NaN,NaN
3,NaN,NaN,NaN,NaN,NaN,NaN,NaN,NaN
4,NaN,NaN,NaN,NaN,NaN,NaN,NaN,NaN
5,NaN,NaN,NaN,NaN,NaN,NaN,NaN,NaN
6,NaN,NaN,NaN,NaN,NaN,NaN,NaN,NaN
7,NaN,NaN,NaN,NaN,NaN,NaN,NaN,NaN
8,NaN,NaN,NaN,NaN,NaN,NaN,NaN,NaN
9,NaN,NaN,NaN,NaN,NaN,NaN,NaN,NaN
10,NaN,NaN,NaN,NaN,NaN,NaN,NaN,NaN
11,NaN,NaN,NaN,NaN,NaN,NaN,NaN,NaN
1,NaN,NaN,NaN,NaN,NaN,NaN,NaN,NaN
2,NaN,NaN,NaN,NaN,NaN,NaN,NaN,NaN
3,NaN,NaN,NaN,NaN,NaN,NaN,NaN,NaN
4,NaN,NaN,NaN,NaN,NaN,NaN,NaN,NaN
5,NaN,NaN,NaN,NaN,NaN,NaN,NaN,NaN
6,NaN,NaN,NaN,NaN,NaN,NaN,NaN,NaN
7,NaN,NaN,NaN,NaN,NaN,NaN,NaN,NaN
8,NaN,NaN,NaN,NaN,NaN,NaN,NaN,NaN
9,NaN,NaN,NaN,NaN,NaN,NaN,NaN,NaN
10,NaN,NaN,NaN,NaN,NaN,NaN,NaN,NaN
11,NaN,NaN,NaN,NaN,NaN,NaN,NaN,NaN
1,NaN,NaN,NaN,NaN,NaN,NaN,NaN,NaN
2,NaN,NaN,NaN,NaN,NaN,NaN,NaN,NaN
3,NaN,NaN,NaN,NaN,NaN,NaN,NaN,NaN
4,NaN,NaN,NaN,NaN,NaN,NaN,NaN,NaN
5,NaN,NaN,NaN,NaN,NaN,NaN,NaN,NaN
6,NaN,NaN,NaN,NaN,NaN,NaN,NaN,NaN
7,NaN,NaN,NaN,NaN,NaN,NaN,NaN,NaN
8,NaN,NaN,NaN,NaN,NaN,NaN,NaN,NaN
9,NaN,NaN,NaN,NaN,NaN,NaN,NaN,NaN
10,NaN,NaN,NaN,NaN,NaN,NaN,NaN,NaN
11,NaN,NaN,NaN,NaN,NaN,NaN,NaN,NaN
1,NaN,NaN,NaN,NaN,NaN,NaN,NaN,NaN
2,NaN,NaN,NaN,NaN,NaN,NaN,NaN,NaN
3,NaN,NaN,NaN,NaN,NaN,NaN,NaN,NaN
4,NaN,NaN,NaN,NaN,NaN,NaN,NaN,NaN
5,NaN,NaN,NaN,NaN,NaN,NaN,NaN,NaN
6,NaN,NaN,NaN,NaN,NaN,NaN,NaN,NaN
7,NaN,NaN,NaN,NaN,NaN,NaN,NaN,NaN
8,NaN,NaN,NaN,NaN,NaN,NaN,NaN,NaN
9,NaN,NaN,NaN,NaN,NaN,NaN,NaN,NaN
10,NaN,NaN,NaN,NaN,NaN,NaN,NaN,NaN
11,NaN,NaN,NaN,NaN,NaN,NaN,NaN,NaN
1,NaN,NaN,NaN,NaN,NaN,NaN,NaN,NaN
2,NaN,NaN,NaN,NaN,NaN,NaN,NaN,NaN
3,NaN,NaN,NaN,NaN,NaN,NaN,NaN,NaN
4,NaN,NaN,NaN,NaN,NaN,NaN,NaN,NaN
5,NaN,NaN,NaN,NaN,NaN,NaN,NaN,NaN
6,NaN,NaN,NaN,NaN,NaN,NaN,NaN,NaN
7,NaN,NaN,NaN,NaN,NaN,NaN,NaN,NaN
8,NaN,NaN,NaN,NaN,NaN,NaN,NaN,NaN
9,NaN,NaN,NaN,NaN,NaN,NaN,NaN,NaN
10,NaN,NaN,NaN,NaN,NaN,NaN,NaN,NaN
11,NaN,NaN,NaN,NaN,NaN,NaN,NaN,NaN
1,NaN,NaN,NaN,NaN,NaN,NaN,NaN,NaN
2,NaN,NaN,NaN,NaN,NaN,NaN,NaN,NaN
3,NaN,NaN,NaN,NaN,NaN,NaN,NaN,NaN
4,NaN,NaN,NaN,NaN,NaN,NaN,NaN,NaN
5,NaN,NaN,NaN,NaN,NaN,NaN,NaN,NaN
6,NaN,NaN,NaN,NaN,NaN,NaN,NaN,NaN
7,NaN,NaN,NaN,NaN,NaN,NaN,NaN,NaN
8,NaN,NaN,NaN,NaN,NaN,NaN,NaN,NaN
9,NaN,NaN,NaN,NaN,NaN,NaN,NaN,NaN
10,NaN,NaN,NaN,NaN,NaN,NaN,NaN,NaN
11,NaN,NaN,NaN,NaN,NaN,NaN,NaN,NaN
1,NaN,NaN,NaN,NaN,NaN,NaN,NaN,NaN
2,NaN,NaN,NaN,NaN,NaN,NaN,NaN,NaN
3,NaN,NaN,NaN,NaN,NaN,NaN,NaN,NaN
4,NaN,NaN,NaN,NaN,NaN,NaN,NaN,NaN
5,NaN,NaN,NaN,NaN,NaN,NaN,NaN,NaN
6,NaN,NaN,NaN,NaN,NaN,NaN,NaN,NaN
7,NaN,NaN,NaN,NaN,NaN,NaN,NaN,NaN
8,NaN,NaN,NaN,NaN,NaN,NaN,NaN,NaN
9,NaN,NaN,NaN,NaN,NaN,NaN,NaN,NaN
10,NaN,NaN,NaN,NaN,NaN,NaN,NaN,NaN
11,NaN,NaN,NaN,NaN,NaN,NaN,NaN,NaN
1,NaN,NaN,NaN,NaN,NaN,NaN,NaN,NaN
2,NaN,NaN,NaN,NaN,NaN,NaN,NaN,NaN
3,NaN,NaN,NaN,NaN,NaN,NaN,NaN,NaN
4,NaN,NaN,NaN,NaN,NaN,NaN,NaN,NaN
5,NaN,NaN,NaN,NaN,NaN,NaN,NaN,NaN
6,NaN,NaN,NaN,NaN,NaN,NaN,NaN,NaN
7,NaN,NaN,NaN,NaN,NaN,NaN,NaN,NaN
8,NaN,NaN,NaN,NaN,NaN,NaN,NaN,NaN
9,NaN,NaN,NaN,NaN,NaN,NaN,NaN,NaN
10,NaN,NaN,NaN,NaN,NaN,NaN,NaN,NaN
11,NaN,NaN,NaN,NaN,NaN,NaN,NaN,NaN
1,NaN,NaN,NaN,NaN,NaN,NaN,NaN,NaN
2,NaN,NaN,NaN,NaN,NaN,NaN,NaN,NaN
3,NaN,NaN,NaN,NaN,NaN,NaN,NaN,NaN
4,NaN,NaN,NaN,NaN,NaN,NaN,NaN,NaN
5,NaN,NaN,NaN,NaN,NaN,NaN,NaN,NaN
6,NaN,NaN,NaN,NaN,NaN,NaN,NaN,NaN
7,NaN,NaN,NaN,NaN,NaN,NaN,NaN,NaN
8,NaN,NaN,NaN,NaN,NaN,NaN,NaN,NaN
9,NaN,NaN,NaN,NaN,NaN,NaN,NaN,NaN
10,NaN,NaN,NaN,NaN,NaN,NaN,NaN,NaN
11,NaN,NaN,NaN,NaN,NaN,NaN,NaN,NaN
1,NaN,NaN,NaN,NaN,NaN,NaN,NaN,NaN
2,NaN,NaN,NaN,NaN,NaN,NaN,NaN,NaN
3,NaN,NaN,NaN,NaN,NaN,NaN,NaN,NaN
4,NaN,NaN,NaN,NaN,NaN,NaN,NaN,NaN
5,NaN,NaN,NaN,NaN,NaN,NaN,NaN,NaN
6,NaN,NaN,NaN,NaN,NaN,NaN,NaN,NaN
7,NaN,NaN,NaN,NaN,NaN,NaN,NaN,NaN
8,NaN,NaN,NaN,NaN,NaN,NaN,NaN,NaN
9,NaN,NaN,NaN,NaN,NaN,NaN,NaN,NaN
10,NaN,NaN,NaN,NaN,NaN,NaN,NaN,NaN
11,NaN,NaN,NaN,NaN,NaN,NaN,NaN,NaN
1,NaN,NaN,NaN,NaN,NaN,NaN,NaN,NaN
2,NaN,NaN,NaN,NaN,NaN,NaN,NaN,NaN
3,NaN,NaN,NaN,NaN,NaN,NaN,NaN,NaN
4,NaN,NaN,NaN,NaN,NaN,NaN,NaN,NaN
5,NaN,NaN,NaN,NaN,NaN,NaN,NaN,NaN
6,NaN,NaN,NaN,NaN,NaN,NaN,NaN,NaN
7,NaN,NaN,NaN,NaN,NaN,NaN,NaN,NaN
8,NaN,NaN,NaN,NaN,NaN,NaN,NaN,NaN
9,NaN,NaN,NaN,NaN,NaN,NaN,NaN,NaN
10,NaN,NaN,NaN,NaN,NaN,NaN,NaN,NaN
11,NaN,NaN,NaN,NaN,NaN,NaN,NaN,NaN
1,NaN,NaN,NaN,NaN,NaN,NaN,NaN,NaN
2,NaN,NaN,NaN,NaN,NaN,NaN,NaN,NaN
3,NaN,NaN,NaN,NaN,NaN,NaN,NaN,NaN
4,NaN,NaN,NaN,NaN,NaN,NaN,NaN,NaN
5,NaN,NaN,NaN,NaN,NaN,NaN,NaN,NaN
6,NaN,NaN,NaN,NaN,NaN,NaN,NaN,NaN
7,NaN,NaN,NaN,NaN,NaN,NaN,NaN,NaN
8,NaN,NaN,NaN,NaN,NaN,NaN,NaN,NaN
9,NaN,NaN,NaN,NaN,NaN,NaN,NaN,NaN
10,NaN,NaN,NaN,NaN,NaN,NaN,NaN,NaN
11,NaN,NaN,NaN,NaN,NaN,NaN,NaN,NaN
1,NaN,NaN,NaN,NaN,NaN,NaN,NaN,NaN
2,NaN,NaN,NaN,NaN,NaN,NaN,NaN,NaN
3,NaN,NaN,NaN,NaN,NaN,NaN,NaN,NaN
4,NaN,NaN,NaN,NaN,NaN,NaN,NaN,NaN
5,NaN,NaN,NaN,NaN,NaN,NaN,NaN,NaN
6,NaN,NaN,NaN,NaN,NaN,NaN,NaN,NaN
7,NaN,NaN,NaN,NaN,NaN,NaN,NaN,NaN
8,NaN,NaN,NaN,NaN,NaN,NaN,NaN,NaN
9,NaN,NaN,NaN,NaN,NaN,NaN,NaN,NaN
10,NaN,NaN,NaN,NaN,NaN,NaN,NaN,NaN
11,NaN,NaN,NaN,NaN,NaN,NaN,NaN,NaN
1,NaN,NaN,NaN,NaN,NaN,NaN,NaN,NaN
2,NaN,NaN,NaN,NaN,NaN,NaN,NaN,NaN
3,NaN,NaN,NaN,NaN,NaN,NaN,NaN,NaN
4,NaN,NaN,NaN,NaN,NaN,NaN,NaN,NaN
5,NaN,NaN,NaN,NaN,NaN,NaN,NaN,NaN
6,NaN,NaN,NaN,NaN,NaN,NaN,NaN,NaN
7,NaN,NaN,NaN,NaN,NaN,NaN,NaN,NaN
8,NaN,NaN,NaN,NaN,NaN,NaN,NaN,NaN
9,NaN,NaN,NaN,NaN,NaN,NaN,NaN,NaN
10,NaN,NaN,NaN,NaN,NaN,NaN,NaN,NaN
11,NaN,NaN,NaN,NaN,NaN,NaN,NaN,NaN
1,NaN,NaN,NaN,NaN,NaN,NaN,NaN,NaN
2,NaN,NaN,NaN,NaN,NaN,NaN,NaN,NaN
3,NaN,NaN,NaN,NaN,NaN,NaN,NaN,NaN
4,NaN,NaN,NaN,NaN,NaN,NaN,NaN,NaN
5,NaN,NaN,NaN,NaN,NaN,NaN,NaN,NaN
6,NaN,NaN,NaN,NaN,NaN,NaN,NaN,NaN
7,NaN,NaN,NaN,NaN,NaN,NaN,NaN,NaN
8,NaN,NaN,NaN,NaN,NaN,NaN,NaN,NaN
9,NaN,NaN,NaN,NaN,NaN,NaN,NaN,NaN
10,NaN,NaN,NaN,NaN,NaN,NaN,NaN,NaN
11,NaN,NaN,NaN,NaN,NaN,NaN,NaN,NaN
1,NaN,NaN,NaN,NaN,NaN,NaN,NaN,NaN
2,NaN,NaN,NaN,NaN,NaN,NaN,NaN,NaN
3,NaN,NaN,NaN,NaN,NaN,NaN,NaN,NaN
4,NaN,NaN,NaN,NaN,NaN,NaN,NaN,NaN
5,NaN,NaN,NaN,NaN,NaN,NaN,NaN,NaN
6,NaN,NaN,NaN,NaN,NaN,NaN,NaN,NaN
7,NaN,NaN,NaN,NaN,NaN,NaN,NaN,NaN
8,NaN,NaN,NaN,NaN,NaN,NaN,NaN,NaN
9,NaN,NaN,NaN,NaN,NaN,NaN,NaN,NaN
10,NaN,NaN,NaN,NaN,NaN,NaN,NaN,NaN
11,NaN,NaN,NaN,NaN,NaN,NaN,NaN,NaN
1,NaN,NaN,NaN,NaN,NaN,NaN,NaN,NaN
2,NaN,NaN,NaN,NaN,NaN,NaN,NaN,NaN
3,NaN,NaN,NaN,NaN,NaN,NaN,NaN,NaN
4,NaN,NaN,NaN,NaN,NaN,NaN,NaN,NaN
5,NaN,NaN,NaN,NaN,NaN,NaN,NaN,NaN
6,NaN,NaN,NaN,NaN,NaN,NaN,NaN,NaN
7,NaN,NaN,NaN,NaN,NaN,NaN,NaN,NaN
8,NaN,NaN,NaN,NaN,NaN,NaN,NaN,NaN
9,NaN,NaN,NaN,NaN,NaN,NaN,NaN,NaN
10,NaN,NaN,NaN,NaN,NaN,NaN,NaN,NaN
11,NaN,NaN,NaN,NaN,NaN,NaN,NaN,NaN
1,NaN,NaN,NaN,NaN,NaN,NaN,NaN,NaN
2,NaN,NaN,NaN,NaN,NaN,NaN,NaN,NaN
3,NaN,NaN,NaN,NaN,NaN,NaN,NaN,NaN
4,NaN,NaN,NaN,NaN,NaN,NaN,NaN,NaN
5,NaN,NaN,NaN,NaN,NaN,NaN,NaN,NaN
6,NaN,NaN,NaN,NaN,NaN,NaN,NaN,NaN
7,NaN,NaN,NaN,NaN,NaN,NaN,NaN,NaN
8,NaN,NaN,NaN,NaN,NaN,NaN,NaN,NaN
9,NaN,NaN,NaN,NaN,NaN,NaN,NaN,NaN
10,NaN,NaN,NaN,NaN,NaN,NaN,NaN,NaN
11,NaN,NaN,NaN,NaN,NaN,NaN,NaN,NaN
1,NaN,NaN,NaN,NaN,NaN,NaN,NaN,NaN
2,NaN,NaN,NaN,NaN,NaN,NaN,NaN,NaN
3,NaN,NaN,NaN,NaN,NaN,NaN,NaN,NaN
4,NaN,NaN,NaN,NaN,NaN,NaN,NaN,NaN
5,NaN,NaN,NaN,NaN,NaN,NaN,NaN,NaN
6,NaN,NaN,NaN,NaN,NaN,NaN,NaN,NaN
7,NaN,NaN,NaN,NaN,NaN,NaN,NaN,NaN
8,NaN,NaN,NaN,NaN,NaN,NaN,NaN,NaN
9,NaN,NaN,NaN,NaN,NaN,NaN,NaN,NaN
10,NaN,NaN,NaN,NaN,NaN,NaN,NaN,NaN
11,NaN,NaN,NaN,NaN,NaN,NaN,NaN,NaN
1,NaN,NaN,NaN,NaN,NaN,NaN,NaN,NaN
2,NaN,NaN,NaN,NaN,NaN,NaN,NaN,NaN
3,NaN,NaN,NaN,NaN,NaN,NaN,NaN,NaN
4,NaN,NaN,NaN,NaN,NaN,NaN,NaN,NaN
5,NaN,NaN,NaN,NaN,NaN,NaN,NaN,NaN
6,NaN,NaN,NaN,NaN,NaN,NaN,NaN,NaN
7,NaN,NaN,NaN,NaN,NaN,NaN,NaN,NaN
8,NaN,NaN,NaN,NaN,NaN,NaN,NaN,NaN
9,NaN,NaN,NaN,NaN,NaN,NaN,NaN,NaN
10,NaN,NaN,NaN,NaN,NaN,NaN,NaN,NaN
11,NaN,NaN,NaN,NaN,NaN,NaN,NaN,NaN
1,NaN,NaN,NaN,NaN,NaN,NaN,NaN,NaN
2,NaN,NaN,NaN,NaN,NaN,NaN,NaN,NaN
3,NaN,NaN,NaN,NaN,NaN,NaN,NaN,NaN
4,NaN,NaN,NaN,NaN,NaN,NaN,NaN,NaN
5,NaN,NaN,NaN,NaN,NaN,NaN,NaN,NaN
6,NaN,NaN,NaN,NaN,NaN,NaN,NaN,NaN
7,NaN,NaN,NaN,NaN,NaN,NaN,NaN,NaN
8,NaN,NaN,NaN,NaN,NaN,NaN,NaN,NaN
9,NaN,NaN,NaN,NaN,NaN,NaN,NaN,NaN
10,NaN,NaN,NaN,NaN,NaN,NaN,NaN,NaN
11,NaN,NaN,NaN,NaN,NaN,NaN,NaN,NaN
1,NaN,NaN,NaN,NaN,NaN,NaN,NaN,NaN
2,NaN,NaN,NaN,NaN,NaN,NaN,NaN,NaN
3,NaN,NaN,NaN,NaN,NaN,NaN,NaN,NaN
4,NaN,NaN,NaN,NaN,NaN,NaN,NaN,NaN
5,NaN,NaN,NaN,NaN,NaN,NaN,NaN,NaN
6,NaN,NaN,NaN,NaN,NaN,NaN,NaN,NaN
7,NaN,NaN,NaN,NaN,NaN,NaN,NaN,NaN
8,NaN,NaN,NaN,NaN,NaN,NaN,NaN,NaN
9,NaN,NaN,NaN,NaN,NaN,NaN,NaN,NaN
10,NaN,NaN,NaN,NaN,NaN,NaN,NaN,NaN
11,NaN,NaN,NaN,NaN,NaN,NaN,NaN,NaN
1,NaN,NaN,NaN,NaN,NaN,NaN,NaN,NaN
2,NaN,NaN,NaN,NaN,NaN,NaN,NaN,NaN
3,NaN,NaN,NaN,NaN,NaN,NaN,NaN,NaN
4,NaN,NaN,NaN,NaN,NaN,NaN,NaN,NaN
5,NaN,NaN,NaN,NaN,NaN,NaN,NaN,NaN
6,NaN,NaN,NaN,NaN,NaN,NaN,NaN,NaN
7,NaN,NaN,NaN,NaN,NaN,NaN,NaN,NaN
8,NaN,NaN,NaN,NaN,NaN,NaN,NaN,NaN
9,NaN,NaN,NaN,NaN,NaN,NaN,NaN,NaN
10,NaN,NaN,NaN,NaN,NaN,NaN,NaN,NaN
11,NaN,NaN,NaN,NaN,NaN,NaN,NaN,NaN
1,NaN,NaN,NaN,NaN,NaN,NaN,NaN,NaN
2,NaN,NaN,NaN,NaN,NaN,NaN,NaN,NaN
3,NaN,NaN,NaN,NaN,NaN,NaN,NaN,NaN
4,NaN,NaN,NaN,NaN,NaN,NaN,NaN,NaN
5,NaN,NaN,NaN,NaN,NaN,NaN,NaN,NaN
6,NaN,NaN,NaN,NaN,NaN,NaN,NaN,NaN
7,NaN,NaN,NaN,NaN,NaN,NaN,NaN,NaN
8,NaN,NaN,NaN,NaN,NaN,NaN,NaN,NaN
9,NaN,NaN,NaN,NaN,NaN,NaN,NaN,NaN
10,NaN,NaN,NaN,NaN,NaN,NaN,NaN,NaN
11,NaN,NaN,NaN,NaN,NaN,NaN,NaN,NaN
1,NaN,NaN,NaN,NaN,NaN,NaN,NaN,NaN
2,NaN,NaN,NaN,NaN,NaN,NaN,NaN,NaN
3,NaN,NaN,NaN,NaN,NaN,NaN,NaN,NaN
4,NaN,NaN,NaN,NaN,NaN,NaN,NaN,NaN
5,NaN,NaN,NaN,NaN,NaN,NaN,NaN,NaN
6,NaN,NaN,NaN,NaN,NaN,NaN,NaN,NaN
7,NaN,NaN,NaN,NaN,NaN,NaN,NaN,NaN
8,NaN,NaN,NaN,NaN,NaN,NaN,NaN,NaN
9,NaN,NaN,NaN,NaN,NaN,NaN,NaN,NaN
10,NaN,NaN,NaN,NaN,NaN,NaN,NaN,NaN
11,NaN,NaN,NaN,NaN,NaN,NaN,NaN,NaN
1,NaN,NaN,NaN,NaN,NaN,NaN,NaN,NaN
2,NaN,NaN,NaN,NaN,NaN,NaN,NaN,NaN
3,NaN,NaN,NaN,NaN,NaN,NaN,NaN,NaN
4,NaN,NaN,NaN,NaN,NaN,NaN,NaN,NaN
5,NaN,NaN,NaN,NaN,NaN,NaN,NaN,NaN
6,NaN,NaN,NaN,NaN,NaN,NaN,NaN,NaN
7,NaN,NaN,NaN,NaN,NaN,NaN,NaN,NaN
8,NaN,NaN,NaN,NaN,NaN,NaN,NaN,NaN
9,NaN,NaN,NaN,NaN,NaN,NaN,NaN,NaN
10,NaN,NaN,NaN,NaN,NaN,NaN,NaN,NaN
11,NaN,NaN,NaN,NaN,NaN,NaN,NaN,NaN
1,NaN,NaN,NaN,NaN,NaN,NaN,NaN,NaN
2,NaN,NaN,NaN,NaN,NaN,NaN,NaN,NaN
3,NaN,NaN,NaN,NaN,NaN,NaN,NaN,NaN
4,NaN,NaN,NaN,NaN,NaN,NaN,NaN,NaN
5,NaN,NaN,NaN,NaN,NaN,NaN,NaN,NaN
6,NaN,NaN,NaN,NaN,NaN,NaN,NaN,NaN
7,NaN,NaN,NaN,NaN,NaN,NaN,NaN,NaN
8,NaN,NaN,NaN,NaN,NaN,NaN,NaN,NaN
9,NaN,NaN,NaN,NaN,NaN,NaN,NaN,NaN
10,NaN,NaN,NaN,NaN,NaN,NaN,NaN,NaN
11,NaN,NaN,NaN,NaN,NaN,NaN,NaN,NaN
1,NaN,NaN,NaN,NaN,NaN,NaN,NaN,NaN
2,NaN,NaN,NaN,NaN,NaN,NaN,NaN,NaN
3,NaN,NaN,NaN,NaN,NaN,NaN,NaN,NaN
4,NaN,NaN,NaN,NaN,NaN,NaN,NaN,NaN
5,NaN,NaN,NaN,NaN,NaN,NaN,NaN,NaN
6,NaN,NaN,NaN,NaN,NaN,NaN,NaN,NaN
7,NaN,NaN,NaN,NaN,NaN,NaN,NaN,NaN
8,NaN,NaN,NaN,NaN,NaN,NaN,NaN,NaN
9,NaN,NaN,NaN,NaN,NaN,NaN,NaN,NaN
10,NaN,NaN,NaN,NaN,NaN,NaN,NaN,NaN
11,NaN,NaN,NaN,NaN,NaN,NaN,NaN,NaN
1,NaN,NaN,NaN,NaN,NaN,NaN,NaN,NaN
2,NaN,NaN,NaN,NaN,NaN,NaN,NaN,NaN
3,NaN,NaN,NaN,NaN,NaN,NaN,NaN,NaN
4,NaN,NaN,NaN,NaN,NaN,NaN,NaN,NaN
5,NaN,NaN,NaN,NaN,NaN,NaN,NaN,NaN
6,NaN,NaN,NaN,NaN,NaN,NaN,NaN,NaN
7,NaN,NaN,NaN,NaN,NaN,NaN,NaN,NaN
8,NaN,NaN,NaN,NaN,NaN,NaN,NaN,NaN
9,NaN,NaN,NaN,NaN,NaN,NaN,NaN,NaN
10,NaN,NaN,NaN,NaN,NaN,NaN,NaN,NaN
11,NaN,NaN,NaN,NaN,NaN,NaN,NaN,NaN
1,NaN,NaN,NaN,NaN,NaN,NaN,NaN,NaN
2,NaN,NaN,NaN,NaN,NaN,NaN,NaN,NaN
3,NaN,NaN,NaN,NaN,NaN,NaN,NaN,NaN
4,NaN,NaN,NaN,NaN,NaN,NaN,NaN,NaN
5,NaN,NaN,NaN,NaN,NaN,NaN,NaN,NaN
6,NaN,NaN,NaN,NaN,NaN,NaN,NaN,NaN
7,NaN,NaN,NaN,NaN,NaN,NaN,NaN,NaN
8,NaN,NaN,NaN,NaN,NaN,NaN,NaN,NaN
9,NaN,NaN,NaN,NaN,NaN,NaN,NaN,NaN
10,NaN,NaN,NaN,NaN,NaN,NaN,NaN,NaN
11,NaN,NaN,NaN,NaN,NaN,NaN,NaN,NaN
1,NaN,NaN,NaN,NaN,NaN,NaN,NaN,NaN
2,NaN,NaN,NaN,NaN,NaN,NaN,NaN,NaN
3,NaN,NaN,NaN,NaN,NaN,NaN,NaN,NaN
4,NaN,NaN,NaN,NaN,NaN,NaN,NaN,NaN
5,NaN,NaN,NaN,NaN,NaN,NaN,NaN,NaN
6,NaN,NaN,NaN,NaN,NaN,NaN,NaN,NaN
7,NaN,NaN,NaN,NaN,NaN,NaN,NaN,NaN
8,NaN,NaN,NaN,NaN,NaN,NaN,NaN,NaN
9,NaN,NaN,NaN,NaN,NaN,NaN,NaN,NaN
10,NaN,NaN,NaN,NaN,NaN,NaN,NaN,NaN
11,NaN,NaN,NaN,NaN,NaN,NaN,NaN,NaN
1,NaN,NaN,NaN,NaN,NaN,NaN,NaN,NaN
2,NaN,NaN,NaN,NaN,NaN,NaN,NaN,NaN
3,NaN,NaN,NaN,NaN,NaN,NaN,NaN,NaN
4,NaN,NaN,NaN,NaN,NaN,NaN,NaN,NaN
5,NaN,NaN,NaN,NaN,NaN,NaN,NaN,NaN
6,NaN,NaN,NaN,NaN,NaN,NaN,NaN,NaN
7,NaN,NaN,NaN,NaN,NaN,NaN,NaN,NaN
8,NaN,NaN,NaN,NaN,NaN,NaN,NaN,NaN
9,NaN,NaN,NaN,NaN,NaN,NaN,NaN,NaN
10,NaN,NaN,NaN,NaN,NaN,NaN,NaN,NaN
11,NaN,NaN,NaN,NaN,NaN,NaN,NaN,NaN
1,NaN,NaN,NaN,NaN,NaN,NaN,NaN,NaN
2,NaN,NaN,NaN,NaN,NaN,NaN,NaN,NaN
3,NaN,NaN,NaN,NaN,NaN,NaN,NaN,NaN
4,NaN,NaN,NaN,NaN,NaN,NaN,NaN,NaN
5,NaN,NaN,NaN,NaN,NaN,NaN,NaN,NaN
6,NaN,NaN,NaN,NaN,NaN,NaN,NaN,NaN
7,NaN,NaN,NaN,NaN,NaN,NaN,NaN,NaN
8,NaN,NaN,NaN,NaN,NaN,NaN,NaN,NaN
9,NaN,NaN,NaN,NaN,NaN,NaN,NaN,NaN
10,NaN,NaN,NaN,NaN,NaN,NaN,NaN,NaN
11,NaN,NaN,NaN,NaN,NaN,NaN,NaN,NaN
1,NaN,NaN,NaN,NaN,NaN,NaN,NaN,NaN
2,NaN,NaN,NaN,NaN,NaN,NaN,NaN,NaN
3,NaN,NaN,NaN,NaN,NaN,NaN,NaN,NaN
4,NaN,NaN,NaN,NaN,NaN,NaN,NaN,NaN
5,NaN,NaN,NaN,NaN,NaN,NaN,NaN,NaN
6,NaN,NaN,NaN,NaN,NaN,NaN,NaN,NaN
7,NaN,NaN,NaN,NaN,NaN,NaN,NaN,NaN
8,NaN,NaN,NaN,NaN,NaN,NaN,NaN,NaN
9,NaN,NaN,NaN,NaN,NaN,NaN,NaN,NaN
10,NaN,NaN,NaN,NaN,NaN,NaN,NaN,NaN
11,NaN,NaN,NaN,NaN,NaN,NaN,NaN,NaN
1,NaN,NaN,NaN,NaN,NaN,NaN,NaN,NaN
2,NaN,NaN,NaN,NaN,NaN,NaN,NaN,NaN
3,NaN,NaN,NaN,NaN,NaN,NaN,NaN,NaN
4,NaN,NaN,NaN,NaN,NaN,NaN,NaN,NaN
5,NaN,NaN,NaN,NaN,NaN,NaN,NaN,NaN
6,NaN,NaN,NaN,NaN,NaN,NaN,NaN,NaN
7,NaN,NaN,NaN,NaN,NaN,NaN,NaN,NaN
8,NaN,NaN,NaN,NaN,NaN,NaN,NaN,NaN
9,NaN,NaN,NaN,NaN,NaN,NaN,NaN,NaN
10,NaN,NaN,NaN,NaN,NaN,NaN,NaN,NaN
11,NaN,NaN,NaN,NaN,NaN,NaN,NaN,NaN
1,NaN,NaN,NaN,NaN,NaN,NaN,NaN,NaN
2,NaN,NaN,NaN,NaN,NaN,NaN,NaN,NaN
3,NaN,NaN,NaN,NaN,NaN,NaN,NaN,NaN
4,NaN,NaN,NaN,NaN,NaN,NaN,NaN,NaN
5,NaN,NaN,NaN,NaN,NaN,NaN,NaN,NaN
6,NaN,NaN,NaN,NaN,NaN,NaN,NaN,NaN
7,NaN,NaN,NaN,NaN,NaN,NaN,NaN,NaN
8,NaN,NaN,NaN,NaN,NaN,NaN,NaN,NaN
9,NaN,NaN,NaN,NaN,NaN,NaN,NaN,NaN
10,NaN,NaN,NaN,NaN,NaN,NaN,NaN,NaN
11,NaN,NaN,NaN,NaN,NaN,NaN,NaN,NaN
1,NaN,NaN,NaN,NaN,NaN,NaN,NaN,NaN
2,NaN,NaN,NaN,NaN,NaN,NaN,NaN,NaN
3,NaN,NaN,NaN,NaN,NaN,NaN,NaN,NaN
4,NaN,NaN,NaN,NaN,NaN,NaN,NaN,NaN
5,NaN,NaN,NaN,NaN,NaN,NaN,NaN,NaN
6,NaN,NaN,NaN,NaN,NaN,NaN,NaN,NaN
7,NaN,NaN,NaN,NaN,NaN,NaN,NaN,NaN
8,NaN,NaN,NaN,NaN,NaN,NaN,NaN,NaN
9,NaN,NaN,NaN,NaN,NaN,NaN,NaN,NaN
10,NaN,NaN,NaN,NaN,NaN,NaN,NaN,NaN
11,NaN,NaN,NaN,NaN,NaN,NaN,NaN,NaN
1,NaN,NaN,NaN,NaN,NaN,NaN,NaN,NaN
2,NaN,NaN,NaN,NaN,NaN,NaN,NaN,NaN
3,NaN,NaN,NaN,NaN,NaN,NaN,NaN,NaN
4,NaN,NaN,NaN,NaN,NaN,NaN,NaN,NaN
5,NaN,NaN,NaN,NaN,NaN,NaN,NaN,NaN
6,NaN,NaN,NaN,NaN,NaN,NaN,NaN,NaN
7,NaN,NaN,NaN,NaN,NaN,NaN,NaN,NaN
8,NaN,NaN,NaN,NaN,NaN,NaN,NaN,NaN
9,NaN,NaN,NaN,NaN,NaN,NaN,NaN,NaN
10,NaN,NaN,NaN,NaN,NaN,NaN,NaN,NaN
11,NaN,NaN,NaN,NaN,NaN,NaN,NaN,NaN
1,NaN,NaN,NaN,NaN,NaN,NaN,NaN,NaN
2,NaN,NaN,NaN,NaN,NaN,NaN,NaN,NaN
3,NaN,NaN,NaN,NaN,NaN,NaN,NaN,NaN
4,NaN,NaN,NaN,NaN,NaN,NaN,NaN,NaN
5,NaN,NaN,NaN,NaN,NaN,NaN,NaN,NaN
6,NaN,NaN,NaN,NaN,NaN,NaN,NaN,NaN
7,NaN,NaN,NaN,NaN,NaN,NaN,NaN,NaN
8,NaN,NaN,NaN,NaN,NaN,NaN,NaN,NaN
9,NaN,NaN,NaN,NaN,NaN,NaN,NaN,NaN
10,NaN,NaN,NaN,NaN,NaN,NaN,NaN,NaN
11,NaN,NaN,NaN,NaN,NaN,NaN,NaN,NaN
1,NaN,NaN,NaN,NaN,NaN,NaN,NaN,NaN
2,NaN,NaN,NaN,NaN,NaN,NaN,NaN,NaN
3,NaN,NaN,NaN,NaN,NaN,NaN,NaN,NaN
4,NaN,NaN,NaN,NaN,NaN,NaN,NaN,NaN
5,NaN,NaN,NaN,NaN,NaN,NaN,NaN,NaN
6,NaN,NaN,NaN,NaN,NaN,NaN,NaN,NaN
7,NaN,NaN,NaN,NaN,NaN,NaN,NaN,NaN
8,NaN,NaN,NaN,NaN,NaN,NaN,NaN,NaN
9,NaN,NaN,NaN,NaN,NaN,NaN,NaN,NaN
10,NaN,NaN,NaN,NaN,NaN,NaN,NaN,NaN
11,NaN,NaN,NaN,NaN,NaN,NaN,NaN,NaN
1,NaN,NaN,NaN,NaN,NaN,NaN,NaN,NaN
2,NaN,NaN,NaN,NaN,NaN,NaN,NaN,NaN
3,NaN,NaN,NaN,NaN,NaN,NaN,NaN,NaN
4,NaN,NaN,NaN,NaN,NaN,NaN,NaN,NaN
5,NaN,NaN,NaN,NaN,NaN,NaN,NaN,NaN
6,NaN,NaN,NaN,NaN,NaN,NaN,NaN,NaN
7,NaN,NaN,NaN,NaN,NaN,NaN,NaN,NaN
8,NaN,NaN,NaN,NaN,NaN,NaN,NaN,NaN
9,NaN,NaN,NaN,NaN,NaN,NaN,NaN,NaN
10,NaN,NaN,NaN,NaN,NaN,NaN,NaN,NaN
11,NaN,NaN,NaN,NaN,NaN,NaN,NaN,NaN
1,NaN,NaN,NaN,NaN,NaN,NaN,NaN,NaN
2,NaN,NaN,NaN,NaN,NaN,NaN,NaN,NaN
3,NaN,NaN,NaN,NaN,NaN,NaN,NaN,NaN
4,NaN,NaN,NaN,NaN,NaN,NaN,NaN,NaN
5,NaN,NaN,NaN,NaN,NaN,NaN,NaN,NaN
6,NaN,NaN,NaN,NaN,NaN,NaN,NaN,NaN
7,NaN,NaN,NaN,NaN,NaN,NaN,NaN,NaN
8,NaN,NaN,NaN,NaN,NaN,NaN,NaN,NaN
9,NaN,NaN,NaN,NaN,NaN,NaN,NaN,NaN
10,NaN,NaN,NaN,NaN,NaN,NaN,NaN,NaN
11,NaN,NaN,NaN,NaN,NaN,NaN,NaN,NaN
1,NaN,NaN,NaN,NaN,NaN,NaN,NaN,NaN
2,NaN,NaN,NaN,NaN,NaN,NaN,NaN,NaN
3,NaN,NaN,NaN,NaN,NaN,NaN,NaN,NaN
4,NaN,NaN,NaN,NaN,NaN,NaN,NaN,NaN
5,NaN,NaN,NaN,NaN,NaN,NaN,NaN,NaN
6,NaN,NaN,NaN,NaN,NaN,NaN,NaN,NaN
7,NaN,NaN,NaN,NaN,NaN,NaN,NaN,NaN
8,NaN,NaN,NaN,NaN,NaN,NaN,NaN,NaN
9,NaN,NaN,NaN,NaN,NaN,NaN,NaN,NaN
10,NaN,NaN,NaN,NaN,NaN,NaN,NaN,NaN
11,NaN,NaN,NaN,NaN,NaN,NaN,NaN,NaN
1,NaN,NaN,NaN,NaN,NaN,NaN,NaN,NaN
2,NaN,NaN,NaN,NaN,NaN,NaN,NaN,NaN
3,NaN,NaN,NaN,NaN,NaN,NaN,NaN,NaN
4,NaN,NaN,NaN,NaN,NaN,NaN,NaN,NaN
5,NaN,NaN,NaN,NaN,NaN,NaN,NaN,NaN
6,NaN,NaN,NaN,NaN,NaN,NaN,NaN,NaN
7,NaN,NaN,NaN,NaN,NaN,NaN,NaN,NaN
8,NaN,NaN,NaN,NaN,NaN,NaN,NaN,NaN
9,NaN,NaN,NaN,NaN,NaN,NaN,NaN,NaN
10,NaN,NaN,NaN,NaN,NaN,NaN,NaN,NaN
11,NaN,NaN,NaN,NaN,NaN,NaN,NaN,NaN
1,NaN,NaN,NaN,NaN,NaN,NaN,NaN,NaN
2,NaN,NaN,NaN,NaN,NaN,NaN,NaN,NaN
3,NaN,NaN,NaN,NaN,NaN,NaN,NaN,NaN
4,NaN,NaN,NaN,NaN,NaN,NaN,NaN,NaN
5,NaN,NaN,NaN,NaN,NaN,NaN,NaN,NaN
6,NaN,NaN,NaN,NaN,NaN,NaN,NaN,NaN
7,NaN,NaN,NaN,NaN,NaN,NaN,NaN,NaN
8,NaN,NaN,NaN,NaN,NaN,NaN,NaN,NaN
9,NaN,NaN,NaN,NaN,NaN,NaN,NaN,NaN
10,NaN,NaN,NaN,NaN,NaN,NaN,NaN,NaN
11,NaN,NaN,NaN,NaN,NaN,NaN,NaN,NaN
1,NaN,NaN,NaN,NaN,NaN,NaN,NaN,NaN
2,NaN,NaN,NaN,NaN,NaN,NaN,NaN,NaN
3,NaN,NaN,NaN,NaN,NaN,NaN,NaN,NaN
4,NaN,NaN,NaN,NaN,NaN,NaN,NaN,NaN
5,NaN,NaN,NaN,NaN,NaN,NaN,NaN,NaN
6,NaN,NaN,NaN,NaN,NaN,NaN,NaN,NaN
7,NaN,NaN,NaN,NaN,NaN,NaN,NaN,NaN
8,NaN,NaN,NaN,NaN,NaN,NaN,NaN,NaN
9,NaN,NaN,NaN,NaN,NaN,NaN,NaN,NaN
10,NaN,NaN,NaN,NaN,NaN,NaN,NaN,NaN
11,NaN,NaN,NaN,NaN,NaN,NaN,NaN,NaN
1,NaN,NaN,NaN,NaN,NaN,NaN,NaN,NaN
2,NaN,NaN,NaN,NaN,NaN,NaN,NaN,NaN
3,NaN,NaN,NaN,NaN,NaN,NaN,NaN,NaN
4,NaN,NaN,NaN,NaN,NaN,NaN,NaN,NaN
5,NaN,NaN,NaN,NaN,NaN,NaN,NaN,NaN
6,NaN,NaN,NaN,NaN,NaN,NaN,NaN,NaN
7,NaN,NaN,NaN,NaN,NaN,NaN,NaN,NaN
8,NaN,NaN,NaN,NaN,NaN,NaN,NaN,NaN
9,NaN,NaN,NaN,NaN,NaN,NaN,NaN,NaN
10,NaN,NaN,NaN,NaN,NaN,NaN,NaN,NaN
11,NaN,NaN,NaN,NaN,NaN,NaN,NaN,NaN
1,NaN,NaN,NaN,NaN,NaN,NaN,NaN,NaN
2,NaN,NaN,NaN,NaN,NaN,NaN,NaN,NaN
3,NaN,NaN,NaN,NaN,NaN,NaN,NaN,NaN
4,NaN,NaN,NaN,NaN,NaN,NaN,NaN,NaN
5,NaN,NaN,NaN,NaN,NaN,NaN,NaN,NaN
6,NaN,NaN,NaN,NaN,NaN,NaN,NaN,NaN
7,NaN,NaN,NaN,NaN,NaN,NaN,NaN,NaN
8,NaN,NaN,NaN,NaN,NaN,NaN,NaN,NaN
9,NaN,NaN,NaN,NaN,NaN,NaN,NaN,NaN
10,NaN,NaN,NaN,NaN,NaN,NaN,NaN,NaN
11,NaN,NaN,NaN,NaN,NaN,NaN,NaN,NaN
1,NaN,NaN,NaN,NaN,NaN,NaN,NaN,NaN
2,NaN,NaN,NaN,NaN,NaN,NaN,NaN,NaN
3,NaN,NaN,NaN,NaN,NaN,NaN,NaN,NaN
4,NaN,NaN,NaN,NaN,NaN,NaN,NaN,NaN
5,NaN,NaN,NaN,NaN,NaN,NaN,NaN,NaN
6,NaN,NaN,NaN,NaN,NaN,NaN,NaN,NaN
7,NaN,NaN,NaN,NaN,NaN,NaN,NaN,NaN
8,NaN,NaN,NaN,NaN,NaN,NaN,NaN,NaN
9,NaN,NaN,NaN,NaN,NaN,NaN,NaN,NaN
10,NaN,NaN,NaN,NaN,NaN,NaN,NaN,NaN
11,NaN,NaN,NaN,NaN,NaN,NaN,NaN,NaN
1,NaN,NaN,NaN,NaN,NaN,NaN,NaN,NaN
2,NaN,NaN,NaN,NaN,NaN,NaN,NaN,NaN
3,NaN,NaN,NaN,NaN,NaN,NaN,NaN,NaN
4,NaN,NaN,NaN,NaN,NaN,NaN,NaN,NaN
5,NaN,NaN,NaN,NaN,NaN,NaN,NaN,NaN
6,NaN,NaN,NaN,NaN,NaN,NaN,NaN,NaN
7,NaN,NaN,NaN,NaN,NaN,NaN,NaN,NaN
8,NaN,NaN,NaN,NaN,NaN,NaN,NaN,NaN
9,NaN,NaN,NaN,NaN,NaN,NaN,NaN,NaN
10,NaN,NaN,NaN,NaN,NaN,NaN,NaN,NaN
11,NaN,NaN,NaN,NaN,NaN,NaN,NaN,NaN
1,NaN,NaN,NaN,NaN,NaN,NaN,NaN,NaN
2,NaN,NaN,NaN,NaN,NaN,NaN,NaN,NaN
3,NaN,NaN,NaN,NaN,NaN,NaN,NaN,NaN
4,NaN,NaN,NaN,NaN,NaN,NaN,NaN,NaN
5,NaN,NaN,NaN,NaN,NaN,NaN,NaN,NaN
6,NaN,NaN,NaN,NaN,NaN,NaN,NaN,NaN
7,NaN,NaN,NaN,NaN,NaN,NaN,NaN,NaN
8,NaN,NaN,NaN,NaN,NaN,NaN,NaN,NaN
9,NaN,NaN,NaN,NaN,NaN,NaN,NaN,NaN
10,NaN,NaN,NaN,NaN,NaN,NaN,NaN,NaN
11,NaN,NaN,NaN,NaN,NaN,NaN,NaN,NaN
1,NaN,NaN,NaN,NaN,NaN,NaN,NaN,NaN
2,NaN,NaN,NaN,NaN,NaN,NaN,NaN,NaN
3,NaN,NaN,NaN,NaN,NaN,NaN,NaN,NaN
4,NaN,NaN,NaN,NaN,NaN,NaN,NaN,NaN
5,NaN,NaN,NaN,NaN,NaN,NaN,NaN,NaN
6,NaN,NaN,NaN,NaN,NaN,NaN,NaN,NaN
7,NaN,NaN,NaN,NaN,NaN,NaN,NaN,NaN
8,NaN,NaN,NaN,NaN,NaN,NaN,NaN,NaN
9,NaN,NaN,NaN,NaN,NaN,NaN,NaN,NaN
10,NaN,NaN,NaN,NaN,NaN,NaN,NaN,NaN
11,NaN,NaN,NaN,NaN,NaN,NaN,NaN,NaN
1,NaN,NaN,NaN,NaN,NaN,NaN,NaN,NaN
2,NaN,NaN,NaN,NaN,NaN,NaN,NaN,NaN
3,NaN,NaN,NaN,NaN,NaN,NaN,NaN,NaN
4,NaN,NaN,NaN,NaN,NaN,NaN,NaN,NaN
5,NaN,NaN,NaN,NaN,NaN,NaN,NaN,NaN
6,NaN,NaN,NaN,NaN,NaN,NaN,NaN,NaN
7,NaN,NaN,NaN,NaN,NaN,NaN,NaN,NaN
8,NaN,NaN,NaN,NaN,NaN,NaN,NaN,NaN
9,NaN,NaN,NaN,NaN,NaN,NaN,NaN,NaN
10,NaN,NaN,NaN,NaN,NaN,NaN,NaN,NaN
11,NaN,NaN,NaN,NaN,NaN,NaN,NaN,NaN
1,NaN,NaN,NaN,NaN,NaN,NaN,NaN,NaN
2,NaN,NaN,NaN,NaN,NaN,NaN,NaN,NaN
3,NaN,NaN,NaN,NaN,NaN,NaN,NaN,NaN
4,NaN,NaN,NaN,NaN,NaN,NaN,NaN,NaN
5,NaN,NaN,NaN,NaN,NaN,NaN,NaN,NaN
6,NaN,NaN,NaN,NaN,NaN,NaN,NaN,NaN
7,NaN,NaN,NaN,NaN,NaN,NaN,NaN,NaN
8,NaN,NaN,NaN,NaN,NaN,NaN,NaN,NaN
9,NaN,NaN,NaN,NaN,NaN,NaN,NaN,NaN
10,NaN,NaN,NaN,NaN,NaN,NaN,NaN,NaN
11,NaN,NaN,NaN,NaN,NaN,NaN,NaN,NaN
1,NaN,NaN,NaN,NaN,NaN,NaN,NaN,NaN
2,NaN,NaN,NaN,NaN,NaN,NaN,NaN,NaN
3,NaN,NaN,NaN,NaN,NaN,NaN,NaN,NaN
4,NaN,NaN,NaN,NaN,NaN,NaN,NaN,NaN
5,NaN,NaN,NaN,NaN,NaN,NaN,NaN,NaN
6,NaN,NaN,NaN,NaN,NaN,NaN,NaN,NaN
7,NaN,NaN,NaN,NaN,NaN,NaN,NaN,NaN
8,NaN,NaN,NaN,NaN,NaN,NaN,NaN,NaN
9,NaN,NaN,NaN,NaN,NaN,NaN,NaN,NaN
10,NaN,NaN,NaN,NaN,NaN,NaN,NaN,NaN
11,NaN,NaN,NaN,NaN,NaN,NaN,NaN,NaN
1,NaN,NaN,NaN,NaN,NaN,NaN,NaN,NaN
2,NaN,NaN,NaN,NaN,NaN,NaN,NaN,NaN
3,NaN,NaN,NaN,NaN,NaN,NaN,NaN,NaN
4,NaN,NaN,NaN,NaN,NaN,NaN,NaN,NaN
5,NaN,NaN,NaN,NaN,NaN,NaN,NaN,NaN
6,NaN,NaN,NaN,NaN,NaN,NaN,NaN,NaN
7,NaN,NaN,NaN,NaN,NaN,NaN,NaN,NaN
8,NaN,NaN,NaN,NaN,NaN,NaN,NaN,NaN
9,NaN,NaN,NaN,NaN,NaN,NaN,NaN,NaN
10,NaN,NaN,NaN,NaN,NaN,NaN,NaN,NaN
11,NaN,NaN,NaN,NaN,NaN,NaN,NaN,NaN
1,NaN,NaN,NaN,NaN,NaN,NaN,NaN,NaN
2,NaN,NaN,NaN,NaN,NaN,NaN,NaN,NaN
3,NaN,NaN,NaN,NaN,NaN,NaN,NaN,NaN
4,NaN,NaN,NaN,NaN,NaN,NaN,NaN,NaN
5,NaN,NaN,NaN,NaN,NaN,NaN,NaN,NaN
6,NaN,NaN,NaN,NaN,NaN,NaN,NaN,NaN
7,NaN,NaN,NaN,NaN,NaN,NaN,NaN,NaN
8,NaN,NaN,NaN,NaN,NaN,NaN,NaN,NaN
9,NaN,NaN,NaN,NaN,NaN,NaN,NaN,NaN
10,NaN,NaN,NaN,NaN,NaN,NaN,NaN,NaN
11,NaN,NaN,NaN,NaN,NaN,NaN,NaN,NaN
1,NaN,NaN,NaN,NaN,NaN,NaN,NaN,NaN
2,NaN,NaN,NaN,NaN,NaN,NaN,NaN,NaN
3,NaN,NaN,NaN,NaN,NaN,NaN,NaN,NaN
4,NaN,NaN,NaN,NaN,NaN,NaN,NaN,NaN
5,NaN,NaN,NaN,NaN,NaN,NaN,NaN,NaN
6,NaN,NaN,NaN,NaN,NaN,NaN,NaN,NaN
7,NaN,NaN,NaN,NaN,NaN,NaN,NaN,NaN
8,NaN,NaN,NaN,NaN,NaN,NaN,NaN,NaN
9,NaN,NaN,NaN,NaN,NaN,NaN,NaN,NaN
10,NaN,NaN,NaN,NaN,NaN,NaN,NaN,NaN
11,NaN,NaN,NaN,NaN,NaN,NaN,NaN,NaN
1,NaN,NaN,NaN,NaN,NaN,NaN,NaN,NaN
2,NaN,NaN,NaN,NaN,NaN,NaN,NaN,NaN
3,NaN,NaN,NaN,NaN,NaN,NaN,NaN,NaN
4,NaN,NaN,NaN,NaN,NaN,NaN,NaN,NaN
5,NaN,NaN,NaN,NaN,NaN,NaN,NaN,NaN
6,NaN,NaN,NaN,NaN,NaN,NaN,NaN,NaN
7,NaN,NaN,NaN,NaN,NaN,NaN,NaN,NaN
8,NaN,NaN,NaN,NaN,NaN,NaN,NaN,NaN
9,NaN,NaN,NaN,NaN,NaN,NaN,NaN,NaN
10,NaN,NaN,NaN,NaN,NaN,NaN,NaN,NaN
11,NaN,NaN,NaN,NaN,NaN,NaN,NaN,NaN
1,NaN,NaN,NaN,NaN,NaN,NaN,NaN,NaN
2,NaN,NaN,NaN,NaN,NaN,NaN,NaN,NaN
3,NaN,NaN,NaN,NaN,NaN,NaN,NaN,NaN
4,NaN,NaN,NaN,NaN,NaN,NaN,NaN,NaN
5,NaN,NaN,NaN,NaN,NaN,NaN,NaN,NaN
6,NaN,NaN,NaN,NaN,NaN,NaN,NaN,NaN
7,NaN,NaN,NaN,NaN,NaN,NaN,NaN,NaN
8,NaN,NaN,NaN,NaN,NaN,NaN,NaN,NaN
9,NaN,NaN,NaN,NaN,NaN,NaN,NaN,NaN
10,NaN,NaN,NaN,NaN,NaN,NaN,NaN,NaN
11,NaN,NaN,NaN,NaN,NaN,NaN,NaN,NaN
1,NaN,NaN,NaN,NaN,NaN,NaN,NaN,NaN
2,NaN,NaN,NaN,NaN,NaN,NaN,NaN,NaN
3,NaN,NaN,NaN,NaN,NaN,NaN,NaN,NaN
4,NaN,NaN,NaN,NaN,NaN,NaN,NaN,NaN
5,NaN,NaN,NaN,NaN,NaN,NaN,NaN,NaN
6,NaN,NaN,NaN,NaN,NaN,NaN,NaN,NaN
7,NaN,NaN,NaN,NaN,NaN,NaN,NaN,NaN
8,NaN,NaN,NaN,NaN,NaN,NaN,NaN,NaN
9,NaN,NaN,NaN,NaN,NaN,NaN,NaN,NaN
10,NaN,NaN,NaN,NaN,NaN,NaN,NaN,NaN
11,NaN,NaN,NaN,NaN,NaN,NaN,NaN,NaN
1,NaN,NaN,NaN,NaN,NaN,NaN,NaN,NaN
2,NaN,NaN,NaN,NaN,NaN,NaN,NaN,NaN
3,NaN,NaN,NaN,NaN,NaN,NaN,NaN,NaN
4,NaN,NaN,NaN,NaN,NaN,NaN,NaN,NaN
5,NaN,NaN,NaN,NaN,NaN,NaN,NaN,NaN
6,NaN,NaN,NaN,NaN,NaN,NaN,NaN,NaN
7,NaN,NaN,NaN,NaN,NaN,NaN,NaN,NaN
8,NaN,NaN,NaN,NaN,NaN,NaN,NaN,NaN
9,NaN,NaN,NaN,NaN,NaN,NaN,NaN,NaN
10,NaN,NaN,NaN,NaN,NaN,NaN,NaN,NaN
11,NaN,NaN,NaN,NaN,NaN,NaN,NaN,NaN
1,NaN,NaN,NaN,NaN,NaN,NaN,NaN,NaN
2,NaN,NaN,NaN,NaN,NaN,NaN,NaN,NaN
3,NaN,NaN,NaN,NaN,NaN,NaN,NaN,NaN
4,NaN,NaN,NaN,NaN,NaN,NaN,NaN,NaN
5,NaN,NaN,NaN,NaN,NaN,NaN,NaN,NaN
6,NaN,NaN,NaN,NaN,NaN,NaN,NaN,NaN
7,NaN,NaN,NaN,NaN,NaN,NaN,NaN,NaN
8,NaN,NaN,NaN,NaN,NaN,NaN,NaN,NaN
9,NaN,NaN,NaN,NaN,NaN,NaN,NaN,NaN
10,NaN,NaN,NaN,NaN,NaN,NaN,NaN,NaN
11,NaN,NaN,NaN,NaN,NaN,NaN,NaN,NaN
1,NaN,NaN,NaN,NaN,NaN,NaN,NaN,NaN
2,NaN,NaN,NaN,NaN,NaN,NaN,NaN,NaN
3,NaN,NaN,NaN,NaN,NaN,NaN,NaN,NaN
4,NaN,NaN,NaN,NaN,NaN,NaN,NaN,NaN
5,NaN,NaN,NaN,NaN,NaN,NaN,NaN,NaN
6,NaN,NaN,NaN,NaN,NaN,NaN,NaN,NaN
7,NaN,NaN,NaN,NaN,NaN,NaN,NaN,NaN
8,NaN,NaN,NaN,NaN,NaN,NaN,NaN,NaN
9,NaN,NaN,NaN,NaN,NaN,NaN,NaN,NaN
10,NaN,NaN,NaN,NaN,NaN,NaN,NaN,NaN
11,NaN,NaN,NaN,NaN,NaN,NaN,NaN,NaN
1,NaN,NaN,NaN,NaN,NaN,NaN,NaN,NaN
2,NaN,NaN,NaN,NaN,NaN,NaN,NaN,NaN
3,NaN,NaN,NaN,NaN,NaN,NaN,NaN,NaN
4,NaN,NaN,NaN,NaN,NaN,NaN,NaN,NaN
5,NaN,NaN,NaN,NaN,NaN,NaN,NaN,NaN
6,NaN,NaN,NaN,NaN,NaN,NaN,NaN,NaN
7,NaN,NaN,NaN,NaN,NaN,NaN,NaN,NaN
8,NaN,NaN,NaN,NaN,NaN,NaN,NaN,NaN
9,NaN,NaN,NaN,NaN,NaN,NaN,NaN,NaN
10,NaN,NaN,NaN,NaN,NaN,NaN,NaN,NaN
11,NaN,NaN,NaN,NaN,NaN,NaN,NaN,NaN
1,NaN,NaN,NaN,NaN,NaN,NaN,NaN,NaN
2,NaN,NaN,NaN,NaN,NaN,NaN,NaN,NaN
3,NaN,NaN,NaN,NaN,NaN,NaN,NaN,NaN
4,NaN,NaN,NaN,NaN,NaN,NaN,NaN,NaN
5,NaN,NaN,NaN,NaN,NaN,NaN,NaN,NaN
6,NaN,NaN,NaN,NaN,NaN,NaN,NaN,NaN
7,NaN,NaN,NaN,NaN,NaN,NaN,NaN,NaN
8,NaN,NaN,NaN,NaN,NaN,NaN,NaN,NaN
9,NaN,NaN,NaN,NaN,NaN,NaN,NaN,NaN
10,NaN,NaN,NaN,NaN,NaN,NaN,NaN,NaN
11,NaN,NaN,NaN,NaN,NaN,NaN,NaN,NaN
1,NaN,NaN,NaN,NaN,NaN,NaN,NaN,NaN
2,NaN,NaN,NaN,NaN,NaN,NaN,NaN,NaN
3,NaN,NaN,NaN,NaN,NaN,NaN,NaN,NaN
4,NaN,NaN,NaN,NaN,NaN,NaN,NaN,NaN
5,NaN,NaN,NaN,NaN,NaN,NaN,NaN,NaN
6,NaN,NaN,NaN,NaN,NaN,NaN,NaN,NaN
7,NaN,NaN,NaN,NaN,NaN,NaN,NaN,NaN
8,NaN,NaN,NaN,NaN,NaN,NaN,NaN,NaN
9,NaN,NaN,NaN,NaN,NaN,NaN,NaN,NaN
10,NaN,NaN,NaN,NaN,NaN,NaN,NaN,NaN
11,NaN,NaN,NaN,NaN,NaN,NaN,NaN,NaN
1,NaN,NaN,NaN,NaN,NaN,NaN,NaN,NaN
2,NaN,NaN,NaN,NaN,NaN,NaN,NaN,NaN
3,NaN,NaN,NaN,NaN,NaN,NaN,NaN,NaN
4,NaN,NaN,NaN,NaN,NaN,NaN,NaN,NaN
5,NaN,NaN,NaN,NaN,NaN,NaN,NaN,NaN
6,NaN,NaN,NaN,NaN,NaN,NaN,NaN,NaN
7,NaN,NaN,NaN,NaN,NaN,NaN,NaN,NaN
8,NaN,NaN,NaN,NaN,NaN,NaN,NaN,NaN
9,NaN,NaN,NaN,NaN,NaN,NaN,NaN,NaN
10,NaN,NaN,NaN,NaN,NaN,NaN,NaN,NaN
11,NaN,NaN,NaN,NaN,NaN,NaN,NaN,NaN
1,NaN,NaN,NaN,NaN,NaN,NaN,NaN,NaN
2,NaN,NaN,NaN,NaN,NaN,NaN,NaN,NaN
3,NaN,NaN,NaN,NaN,NaN,NaN,NaN,NaN
4,NaN,NaN,NaN,NaN,NaN,NaN,NaN,NaN
5,NaN,NaN,NaN,NaN,NaN,NaN,NaN,NaN
6,NaN,NaN,NaN,NaN,NaN,NaN,NaN,NaN
7,NaN,NaN,NaN,NaN,NaN,NaN,NaN,NaN
8,NaN,NaN,NaN,NaN,NaN,NaN,NaN,NaN
9,NaN,NaN,NaN,NaN,NaN,NaN,NaN,NaN
10,NaN,NaN,NaN,NaN,NaN,NaN,NaN,NaN
11,NaN,NaN,NaN,NaN,NaN,NaN,NaN,NaN
1,NaN,NaN,NaN,NaN,NaN,NaN,NaN,NaN
2,NaN,NaN,NaN,NaN,NaN,NaN,NaN,NaN
3,NaN,NaN,NaN,NaN,NaN,NaN,NaN,NaN
4,NaN,NaN,NaN,NaN,NaN,NaN,NaN,NaN
5,NaN,NaN,NaN,NaN,NaN,NaN,NaN,NaN
6,NaN,NaN,NaN,NaN,NaN,NaN,NaN,NaN
7,NaN,NaN,NaN,NaN,NaN,NaN,NaN,NaN
8,NaN,NaN,NaN,NaN,NaN,NaN,NaN,NaN
9,NaN,NaN,NaN,NaN,NaN,NaN,NaN,NaN
10,NaN,NaN,NaN,NaN,NaN,NaN,NaN,NaN
11,NaN,NaN,NaN,NaN,NaN,NaN,NaN,NaN
1,NaN,NaN,NaN,NaN,NaN,NaN,NaN,NaN
2,NaN,NaN,NaN,NaN,NaN,NaN,NaN,NaN
3,NaN,NaN,NaN,NaN,NaN,NaN,NaN,NaN
4,NaN,NaN,NaN,NaN,NaN,NaN,NaN,NaN
5,NaN,NaN,NaN,NaN,NaN,NaN,NaN,NaN
6,NaN,NaN,NaN,NaN,NaN,NaN,NaN,NaN
7,NaN,NaN,NaN,NaN,NaN,NaN,NaN,NaN
8,NaN,NaN,NaN,NaN,NaN,NaN,NaN,NaN
9,NaN,NaN,NaN,NaN,NaN,NaN,NaN,NaN
10,NaN,NaN,NaN,NaN,NaN,NaN,NaN,NaN
11,NaN,NaN,NaN,NaN,NaN,NaN,NaN,NaN
1,NaN,NaN,NaN,NaN,NaN,NaN,NaN,NaN
2,NaN,NaN,NaN,NaN,NaN,NaN,NaN,NaN
3,NaN,NaN,NaN,NaN,NaN,NaN,NaN,NaN
4,NaN,NaN,NaN,NaN,NaN,NaN,NaN,NaN
5,NaN,NaN,NaN,NaN,NaN,NaN,NaN,NaN
6,NaN,NaN,NaN,NaN,NaN,NaN,NaN,NaN
7,NaN,NaN,NaN,NaN,NaN,NaN,NaN,NaN
8,NaN,NaN,NaN,NaN,NaN,NaN,NaN,NaN
9,NaN,NaN,NaN,NaN,NaN,NaN,NaN,NaN
10,NaN,NaN,NaN,NaN,NaN,NaN,NaN,NaN
11,NaN,NaN,NaN,NaN,NaN,NaN,NaN,NaN
1,NaN,NaN,NaN,NaN,NaN,NaN,NaN,NaN
2,NaN,NaN,NaN,NaN,NaN,NaN,NaN,NaN
3,NaN,NaN,NaN,NaN,NaN,NaN,NaN,NaN
4,NaN,NaN,NaN,NaN,NaN,NaN,NaN,NaN
5,NaN,NaN,NaN,NaN,NaN,NaN,NaN,NaN
6,NaN,NaN,NaN,NaN,NaN,NaN,NaN,NaN
7,NaN,NaN,NaN,NaN,NaN,NaN,NaN,NaN
8,NaN,NaN,NaN,NaN,NaN,NaN,NaN,NaN
9,NaN,NaN,NaN,NaN,NaN,NaN,NaN,NaN
10,NaN,NaN,NaN,NaN,NaN,NaN,NaN,NaN
11,NaN,NaN,NaN,NaN,NaN,NaN,NaN,NaN
1,NaN,NaN,NaN,NaN,NaN,NaN,NaN,NaN
2,NaN,NaN,NaN,NaN,NaN,NaN,NaN,NaN
3,NaN,NaN,NaN,NaN,NaN,NaN,NaN,NaN
4,NaN,NaN,NaN,NaN,NaN,NaN,NaN,NaN
5,NaN,NaN,NaN,NaN,NaN,NaN,NaN,NaN
6,NaN,NaN,NaN,NaN,NaN,NaN,NaN,NaN
7,NaN,NaN,NaN,NaN,NaN,NaN,NaN,NaN
8,NaN,NaN,NaN,NaN,NaN,NaN,NaN,NaN
9,NaN,NaN,NaN,NaN,NaN,NaN,NaN,NaN
10,NaN,NaN,NaN,NaN,NaN,NaN,NaN,NaN
11,NaN,NaN,NaN,NaN,NaN,NaN,NaN,NaN
1,NaN,NaN,NaN,NaN,NaN,NaN,NaN,NaN
2,NaN,NaN,NaN,NaN,NaN,NaN,NaN,NaN
3,NaN,NaN,NaN,NaN,NaN,NaN,NaN,NaN
4,NaN,NaN,NaN,NaN,NaN,NaN,NaN,NaN
5,NaN,NaN,NaN,NaN,NaN,NaN,NaN,NaN
6,NaN,NaN,NaN,NaN,NaN,NaN,NaN,NaN
7,NaN,NaN,NaN,NaN,NaN,NaN,NaN,NaN
8,NaN,NaN,NaN,NaN,NaN,NaN,NaN,NaN
9,NaN,NaN,NaN,NaN,NaN,NaN,NaN,NaN
10,NaN,NaN,NaN,NaN,NaN,NaN,NaN,NaN
11,NaN,NaN,NaN,NaN,NaN,NaN,NaN,NaN
1,NaN,NaN,NaN,NaN,NaN,NaN,NaN,NaN
2,NaN,NaN,NaN,NaN,NaN,NaN,NaN,NaN
3,NaN,NaN,NaN,NaN,NaN,NaN,NaN,NaN
4,NaN,NaN,NaN,NaN,NaN,NaN,NaN,NaN
5,NaN,NaN,NaN,NaN,NaN,NaN,NaN,NaN
6,NaN,NaN,NaN,NaN,NaN,NaN,NaN,NaN
7,NaN,NaN,NaN,NaN,NaN,NaN,NaN,NaN
8,NaN,NaN,NaN,NaN,NaN,NaN,NaN,NaN
9,NaN,NaN,NaN,NaN,NaN,NaN,NaN,NaN
10,NaN,NaN,NaN,NaN,NaN,NaN,NaN,NaN
11,NaN,NaN,NaN,NaN,NaN,NaN,NaN,NaN
1,NaN,NaN,NaN,NaN,NaN,NaN,NaN,NaN
2,NaN,NaN,NaN,NaN,NaN,NaN,NaN,NaN
3,NaN,NaN,NaN,NaN,NaN,NaN,NaN,NaN
4,NaN,NaN,NaN,NaN,NaN,NaN,NaN,NaN
5,NaN,NaN,NaN,NaN,NaN,NaN,NaN,NaN
6,NaN,NaN,NaN,NaN,NaN,NaN,NaN,NaN
7,NaN,NaN,NaN,NaN,NaN,NaN,NaN,NaN
8,NaN,NaN,NaN,NaN,NaN,NaN,NaN,NaN
9,NaN,NaN,NaN,NaN,NaN,NaN,NaN,NaN
10,NaN,NaN,NaN,NaN,NaN,NaN,NaN,NaN
11,NaN,NaN,NaN,NaN,NaN,NaN,NaN,NaN
1,NaN,NaN,NaN,NaN,NaN,NaN,NaN,NaN
2,NaN,NaN,NaN,NaN,NaN,NaN,NaN,NaN
3,NaN,NaN,NaN,NaN,NaN,NaN,NaN,NaN
4,NaN,NaN,NaN,NaN,NaN,NaN,NaN,NaN
5,NaN,NaN,NaN,NaN,NaN,NaN,NaN,NaN
6,NaN,NaN,NaN,NaN,NaN,NaN,NaN,NaN
7,NaN,NaN,NaN,NaN,NaN,NaN,NaN,NaN
8,NaN,NaN,NaN,NaN,NaN,NaN,NaN,NaN
9,NaN,NaN,NaN,NaN,NaN,NaN,NaN,NaN
10,NaN,NaN,NaN,NaN,NaN,NaN,NaN,NaN
11,NaN,NaN,NaN,NaN,NaN,NaN,NaN,NaN
1,NaN,NaN,NaN,NaN,NaN,NaN,NaN,NaN
2,NaN,NaN,NaN,NaN,NaN,NaN,NaN,NaN
3,NaN,NaN,NaN,NaN,NaN,NaN,NaN,NaN
4,NaN,NaN,NaN,NaN,NaN,NaN,NaN,NaN
5,NaN,NaN,NaN,NaN,NaN,NaN,NaN,NaN
6,NaN,NaN,NaN,NaN,NaN,NaN,NaN,NaN
7,NaN,NaN,NaN,NaN,NaN,NaN,NaN,NaN
8,NaN,NaN,NaN,NaN,NaN,NaN,NaN,NaN
9,NaN,NaN,NaN,NaN,NaN,NaN,NaN,NaN
10,NaN,NaN,NaN,NaN,NaN,NaN,NaN,NaN
11,NaN,NaN,NaN,NaN,NaN,NaN,NaN,NaN
1,NaN,NaN,NaN,NaN,NaN,NaN,NaN,NaN
2,NaN,NaN,NaN,NaN,NaN,NaN,NaN,NaN
3,NaN,NaN,NaN,NaN,NaN,NaN,NaN,NaN
4,NaN,NaN,NaN,NaN,NaN,NaN,NaN,NaN
5,NaN,NaN,NaN,NaN,NaN,NaN,NaN,NaN
6,NaN,NaN,NaN,NaN,NaN,NaN,NaN,NaN
7,NaN,NaN,NaN,NaN,NaN,NaN,NaN,NaN
8,NaN,NaN,NaN,NaN,NaN,NaN,NaN,NaN
9,NaN,NaN,NaN,NaN,NaN,NaN,NaN,NaN
10,NaN,NaN,NaN,NaN,NaN,NaN,NaN,NaN
11,NaN,NaN,NaN,NaN,NaN,NaN,NaN,NaN
1,NaN,NaN,NaN,NaN,NaN,NaN,NaN,NaN
2,NaN,NaN,NaN,NaN,NaN,NaN,NaN,NaN
3,NaN,NaN,NaN,NaN,NaN,NaN,NaN,NaN
4,NaN,NaN,NaN,NaN,NaN,NaN,NaN,NaN
5,NaN,NaN,NaN,NaN,NaN,NaN,NaN,NaN
6,NaN,NaN,NaN,NaN,NaN,NaN,NaN,NaN
7,NaN,NaN,NaN,NaN,NaN,NaN,NaN,NaN
8,NaN,NaN,NaN,NaN,NaN,NaN,NaN,NaN
9,NaN,NaN,NaN,NaN,NaN,NaN,NaN,NaN
10,NaN,NaN,NaN,NaN,NaN,NaN,NaN,NaN
11,NaN,NaN,NaN,NaN,NaN,NaN,NaN,NaN
1,NaN,NaN,NaN,NaN,NaN,NaN,NaN,NaN
2,NaN,NaN,NaN,NaN,NaN,NaN,NaN,NaN
3,NaN,NaN,NaN,NaN,NaN,NaN,NaN,NaN
4,NaN,NaN,NaN,NaN,NaN,NaN,NaN,NaN
5,NaN,NaN,NaN,NaN,NaN,NaN,NaN,NaN
6,NaN,NaN,NaN,NaN,NaN,NaN,NaN,NaN
7,NaN,NaN,NaN,NaN,NaN,NaN,NaN,NaN
8,NaN,NaN,NaN,NaN,NaN,NaN,NaN,NaN
9,NaN,NaN,NaN,NaN,NaN,NaN,NaN,NaN
10,NaN,NaN,NaN,NaN,NaN,NaN,NaN,NaN
11,NaN,NaN,NaN,NaN,NaN,NaN,NaN,NaN
1,NaN,NaN,NaN,NaN,NaN,NaN,NaN,NaN
2,NaN,NaN,NaN,NaN,NaN,NaN,NaN,NaN
3,NaN,NaN,NaN,NaN,NaN,NaN,NaN,NaN
4,NaN,NaN,NaN,NaN,NaN,NaN,NaN,NaN
5,NaN,NaN,NaN,NaN,NaN,NaN,NaN,NaN
6,NaN,NaN,NaN,NaN,NaN,NaN,NaN,NaN
7,NaN,NaN,NaN,NaN,NaN,NaN,NaN,NaN
8,NaN,NaN,NaN,NaN,NaN,NaN,NaN,NaN
9,NaN,NaN,NaN,NaN,NaN,NaN,NaN,NaN
10,NaN,NaN,NaN,NaN,NaN,NaN,NaN,NaN
11,NaN,NaN,NaN,NaN,NaN,NaN,NaN,NaN
1,NaN,NaN,NaN,NaN,NaN,NaN,NaN,NaN
2,NaN,NaN,NaN,NaN,NaN,NaN,NaN,NaN
3,NaN,NaN,NaN,NaN,NaN,NaN,NaN,NaN
4,NaN,NaN,NaN,NaN,NaN,NaN,NaN,NaN
5,NaN,NaN,NaN,NaN,NaN,NaN,NaN,NaN
6,NaN,NaN,NaN,NaN,NaN,NaN,NaN,NaN
7,NaN,NaN,NaN,NaN,NaN,NaN,NaN,NaN
8,NaN,NaN,NaN,NaN,NaN,NaN,NaN,NaN
9,NaN,NaN,NaN,NaN,NaN,NaN,NaN,NaN
10,NaN,NaN,NaN,NaN,NaN,NaN,NaN,NaN
11,NaN,NaN,NaN,NaN,NaN,NaN,NaN,NaN
1,NaN,NaN,NaN,NaN,NaN,NaN,NaN,NaN
2,NaN,NaN,NaN,NaN,NaN,NaN,NaN,NaN
3,NaN,NaN,NaN,NaN,NaN,NaN,NaN,NaN
4,NaN,NaN,NaN,NaN,NaN,NaN,NaN,NaN
5,NaN,NaN,NaN,NaN,NaN,NaN,NaN,NaN
6,NaN,NaN,NaN,NaN,NaN,NaN,NaN,NaN
7,NaN,NaN,NaN,NaN,NaN,NaN,NaN,NaN
8,NaN,NaN,NaN,NaN,NaN,NaN,NaN,NaN
9,NaN,NaN,NaN,NaN,NaN,NaN,NaN,NaN
10,NaN,NaN,NaN,NaN,NaN,NaN,NaN,NaN
11,NaN,NaN,NaN,NaN,NaN,NaN,NaN,NaN
1,NaN,NaN,NaN,NaN,NaN,NaN,NaN,NaN
2,NaN,NaN,NaN,NaN,NaN,NaN,NaN,NaN
3,NaN,NaN,NaN,NaN,NaN,NaN,NaN,NaN
4,NaN,NaN,NaN,NaN,NaN,NaN,NaN,NaN
5,NaN,NaN,NaN,NaN,NaN,NaN,NaN,NaN
6,NaN,NaN,NaN,NaN,NaN,NaN,NaN,NaN
7,NaN,NaN,NaN,NaN,NaN,NaN,NaN,NaN
8,NaN,NaN,NaN,NaN,NaN,NaN,NaN,NaN
9,NaN,NaN,NaN,NaN,NaN,NaN,NaN,NaN
10,NaN,NaN,NaN,NaN,NaN,NaN,NaN,NaN
11,NaN,NaN,NaN,NaN,NaN,NaN,NaN,NaN
1,NaN,NaN,NaN,NaN,NaN,NaN,NaN,NaN
2,NaN,NaN,NaN,NaN,NaN,NaN,NaN,NaN
3,NaN,NaN,NaN,NaN,NaN,NaN,NaN,NaN
4,NaN,NaN,NaN,NaN,NaN,NaN,NaN,NaN
5,NaN,NaN,NaN,NaN,NaN,NaN,NaN,NaN
6,NaN,NaN,NaN,NaN,NaN,NaN,NaN,NaN
7,NaN,NaN,NaN,NaN,NaN,NaN,NaN,NaN
8,NaN,NaN,NaN,NaN,NaN,NaN,NaN,NaN
9,NaN,NaN,NaN,NaN,NaN,NaN,NaN,NaN
10,NaN,NaN,NaN,NaN,NaN,NaN,NaN,NaN
11,NaN,NaN,NaN,NaN,NaN,NaN,NaN,NaN
1,NaN,NaN,NaN,NaN,NaN,NaN,NaN,NaN
2,NaN,NaN,NaN,NaN,NaN,NaN,NaN,NaN
3,NaN,NaN,NaN,NaN,NaN,NaN,NaN,NaN
4,NaN,NaN,NaN,NaN,NaN,NaN,NaN,NaN
5,NaN,NaN,NaN,NaN,NaN,NaN,NaN,NaN
6,NaN,NaN,NaN,NaN,NaN,NaN,NaN,NaN
7,NaN,NaN,NaN,NaN,NaN,NaN,NaN,NaN
8,NaN,NaN,NaN,NaN,NaN,NaN,NaN,NaN
9,NaN,NaN,NaN,NaN,NaN,NaN,NaN,NaN
10,NaN,NaN,NaN,NaN,NaN,NaN,NaN,NaN
11,NaN,NaN,NaN,NaN,NaN,NaN,NaN,NaN
1,NaN,NaN,NaN,NaN,NaN,NaN,NaN,NaN
2,NaN,NaN,NaN,NaN,NaN,NaN,NaN,NaN
3,NaN,NaN,NaN,NaN,NaN,NaN,NaN,NaN
4,NaN,NaN,NaN,NaN,NaN,NaN,NaN,NaN
5,NaN,NaN,NaN,NaN,NaN,NaN,NaN,NaN
6,NaN,NaN,NaN,NaN,NaN,NaN,NaN,NaN
7,NaN,NaN,NaN,NaN,NaN,NaN,NaN,NaN
8,NaN,NaN,NaN,NaN,NaN,NaN,NaN,NaN
9,NaN,NaN,NaN,NaN,NaN,NaN,NaN,NaN
10,NaN,NaN,NaN,NaN,NaN,NaN,NaN,NaN
11,NaN,NaN,NaN,NaN,NaN,NaN,NaN,NaN
1,NaN,NaN,NaN,NaN,NaN,NaN,NaN,NaN
2,NaN,NaN,NaN,NaN,NaN,NaN,NaN,NaN
3,NaN,NaN,NaN,NaN,NaN,NaN,NaN,NaN
4,NaN,NaN,NaN,NaN,NaN,NaN,NaN,NaN
5,NaN,NaN,NaN,NaN,NaN,NaN,NaN,NaN
6,NaN,NaN,NaN,NaN,NaN,NaN,NaN,NaN
7,NaN,NaN,NaN,NaN,NaN,NaN,NaN,NaN
8,NaN,NaN,NaN,NaN,NaN,NaN,NaN,NaN
9,NaN,NaN,NaN,NaN,NaN,NaN,NaN,NaN
10,NaN,NaN,NaN,NaN,NaN,NaN,NaN,NaN
11,NaN,NaN,NaN,NaN,NaN,NaN,NaN,NaN
1,NaN,NaN,NaN,NaN,NaN,NaN,NaN,NaN
2,NaN,NaN,NaN,NaN,NaN,NaN,NaN,NaN
3,NaN,NaN,NaN,NaN,NaN,NaN,NaN,NaN
4,NaN,NaN,NaN,NaN,NaN,NaN,NaN,NaN
5,NaN,NaN,NaN,NaN,NaN,NaN,NaN,NaN
6,NaN,NaN,NaN,NaN,NaN,NaN,NaN,NaN
7,NaN,NaN,NaN,NaN,NaN,NaN,NaN,NaN
8,NaN,NaN,NaN,NaN,NaN,NaN,NaN,NaN
9,NaN,NaN,NaN,NaN,NaN,NaN,NaN,NaN
10,NaN,NaN,NaN,NaN,NaN,NaN,NaN,NaN
11,NaN,NaN,NaN,NaN,NaN,NaN,NaN,NaN
1,NaN,NaN,NaN,NaN,NaN,NaN,NaN,NaN
2,NaN,NaN,NaN,NaN,NaN,NaN,NaN,NaN
3,NaN,NaN,NaN,NaN,NaN,NaN,NaN,NaN
4,NaN,NaN,NaN,NaN,NaN,NaN,NaN,NaN
5,NaN,NaN,NaN,NaN,NaN,NaN,NaN,NaN
6,NaN,NaN,NaN,NaN,NaN,NaN,NaN,NaN
7,NaN,NaN,NaN,NaN,NaN,NaN,NaN,NaN
8,NaN,NaN,NaN,NaN,NaN,NaN,NaN,NaN
9,NaN,NaN,NaN,NaN,NaN,NaN,NaN,NaN
10,NaN,NaN,NaN,NaN,NaN,NaN,NaN,NaN
11,NaN,NaN,NaN,NaN,NaN,NaN,NaN,NaN
1,NaN,NaN,NaN,NaN,NaN,NaN,NaN,NaN
2,NaN,NaN,NaN,NaN,NaN,NaN,NaN,NaN
3,NaN,NaN,NaN,NaN,NaN,NaN,NaN,NaN
4,NaN,NaN,NaN,NaN,NaN,NaN,NaN,NaN
5,NaN,NaN,NaN,NaN,NaN,NaN,NaN,NaN
6,NaN,NaN,NaN,NaN,NaN,NaN,NaN,NaN
7,NaN,NaN,NaN,NaN,NaN,NaN,NaN,NaN
8,NaN,NaN,NaN,NaN,NaN,NaN,NaN,NaN
9,NaN,NaN,NaN,NaN,NaN,NaN,NaN,NaN
10,NaN,NaN,NaN,NaN,NaN,NaN,NaN,NaN
11,NaN,NaN,NaN,NaN,NaN,NaN,NaN,NaN
1,NaN,NaN,NaN,NaN,NaN,NaN,NaN,NaN
2,NaN,NaN,NaN,NaN,NaN,NaN,NaN,NaN
3,NaN,NaN,NaN,NaN,NaN,NaN,NaN,NaN
4,NaN,NaN,NaN,NaN,NaN,NaN,NaN,NaN
5,NaN,NaN,NaN,NaN,NaN,NaN,NaN,NaN
6,NaN,NaN,NaN,NaN,NaN,NaN,NaN,NaN
7,NaN,NaN,NaN,NaN,NaN,NaN,NaN,NaN
8,NaN,NaN,NaN,NaN,NaN,NaN,NaN,NaN
9,NaN,NaN,NaN,NaN,NaN,NaN,NaN,NaN
10,NaN,NaN,NaN,NaN,NaN,NaN,NaN,NaN
11,NaN,NaN,NaN,NaN,NaN,NaN,NaN,NaN
1,NaN,NaN,NaN,NaN,NaN,NaN,NaN,NaN
2,NaN,NaN,NaN,NaN,NaN,NaN,NaN,NaN
3,NaN,NaN,NaN,NaN,NaN,NaN,NaN,NaN
4,NaN,NaN,NaN,NaN,NaN,NaN,NaN,NaN
5,NaN,NaN,NaN,NaN,NaN,NaN,NaN,NaN
6,NaN,NaN,NaN,NaN,NaN,NaN,NaN,NaN
7,NaN,NaN,NaN,NaN,NaN,NaN,NaN,NaN
8,NaN,NaN,NaN,NaN,NaN,NaN,NaN,NaN
9,NaN,NaN,NaN,NaN,NaN,NaN,NaN,NaN
10,NaN,NaN,NaN,NaN,NaN,NaN,NaN,NaN
11,NaN,NaN,NaN,NaN,NaN,NaN,NaN,NaN
1,NaN,NaN,NaN,NaN,NaN,NaN,NaN,NaN
2,NaN,NaN,NaN,NaN,NaN,NaN,NaN,NaN
3,NaN,NaN,NaN,NaN,NaN,NaN,NaN,NaN
4,NaN,NaN,NaN,NaN,NaN,NaN,NaN,NaN
5,NaN,NaN,NaN,NaN,NaN,NaN,NaN,NaN
6,NaN,NaN,NaN,NaN,NaN,NaN,NaN,NaN
7,NaN,NaN,NaN,NaN,NaN,NaN,NaN,NaN
8,NaN,NaN,NaN,NaN,NaN,NaN,NaN,NaN
9,NaN,NaN,NaN,NaN,NaN,NaN,NaN,NaN
10,NaN,NaN,NaN,NaN,NaN,NaN,NaN,NaN
11,NaN,NaN,NaN,NaN,NaN,NaN,NaN,NaN
1,NaN,NaN,NaN,NaN,NaN,NaN,NaN,NaN
2,NaN,NaN,NaN,NaN,NaN,NaN,NaN,NaN
3,NaN,NaN,NaN,NaN,NaN,NaN,NaN,NaN
4,NaN,NaN,NaN,NaN,NaN,NaN,NaN,NaN
5,NaN,NaN,NaN,NaN,NaN,NaN,NaN,NaN
6,NaN,NaN,NaN,NaN,NaN,NaN,NaN,NaN
7,NaN,NaN,NaN,NaN,NaN,NaN,NaN,NaN
8,NaN,NaN,NaN,NaN,NaN,NaN,NaN,NaN
9,NaN,NaN,NaN,NaN,NaN,NaN,NaN,NaN
10,NaN,NaN,NaN,NaN,NaN,NaN,NaN,NaN
11,NaN,NaN,NaN,NaN,NaN,NaN,NaN,NaN
1,NaN,NaN,NaN,NaN,NaN,NaN,NaN,NaN
2,NaN,NaN,NaN,NaN,NaN,NaN,NaN,NaN
3,NaN,NaN,NaN,NaN,NaN,NaN,NaN,NaN
4,NaN,NaN,NaN,NaN,NaN,NaN,NaN,NaN
5,NaN,NaN,NaN,NaN,NaN,NaN,NaN,NaN
6,NaN,NaN,NaN,NaN,NaN,NaN,NaN,NaN
7,NaN,NaN,NaN,NaN,NaN,NaN,NaN,NaN
8,NaN,NaN,NaN,NaN,NaN,NaN,NaN,NaN
9,NaN,NaN,NaN,NaN,NaN,NaN,NaN,NaN
10,NaN,NaN,NaN,NaN,NaN,NaN,NaN,NaN
11,NaN,NaN,NaN,NaN,NaN,NaN,NaN,NaN
1,NaN,NaN,NaN,NaN,NaN,NaN,NaN,NaN
2,NaN,NaN,NaN,NaN,NaN,NaN,NaN,NaN
3,NaN,NaN,NaN,NaN,NaN,NaN,NaN,NaN
4,NaN,NaN,NaN,NaN,NaN,NaN,NaN,NaN
5,NaN,NaN,NaN,NaN,NaN,NaN,NaN,NaN
6,NaN,NaN,NaN,NaN,NaN,NaN,NaN,NaN
7,NaN,NaN,NaN,NaN,NaN,NaN,NaN,NaN
8,NaN,NaN,NaN,NaN,NaN,NaN,NaN,NaN
9,NaN,NaN,NaN,NaN,NaN,NaN,NaN,NaN
10,NaN,NaN,NaN,NaN,NaN,NaN,NaN,NaN
11,NaN,NaN,NaN,NaN,NaN,NaN,NaN,NaN
1,NaN,NaN,NaN,NaN,NaN,NaN,NaN,NaN
2,NaN,NaN,NaN,NaN,NaN,NaN,NaN,NaN
3,NaN,NaN,NaN,NaN,NaN,NaN,NaN,NaN
4,NaN,NaN,NaN,NaN,NaN,NaN,NaN,NaN
5,NaN,NaN,NaN,NaN,NaN,NaN,NaN,NaN
6,NaN,NaN,NaN,NaN,NaN,NaN,NaN,NaN
7,NaN,NaN,NaN,NaN,NaN,NaN,NaN,NaN
8,NaN,NaN,NaN,NaN,NaN,NaN,NaN,NaN
9,NaN,NaN,NaN,NaN,NaN,NaN,NaN,NaN
10,NaN,NaN,NaN,NaN,NaN,NaN,NaN,NaN
11,NaN,NaN,NaN,NaN,NaN,NaN,NaN,NaN
1,NaN,NaN,NaN,NaN,NaN,NaN,NaN,NaN
2,NaN,NaN,NaN,NaN,NaN,NaN,NaN,NaN
3,NaN,NaN,NaN,NaN,NaN,NaN,NaN,NaN
4,NaN,NaN,NaN,NaN,NaN,NaN,NaN,NaN
5,NaN,NaN,NaN,NaN,NaN,NaN,NaN,NaN
6,NaN,NaN,NaN,NaN,NaN,NaN,NaN,NaN
7,NaN,NaN,NaN,NaN,NaN,NaN,NaN,NaN
8,NaN,NaN,NaN,NaN,NaN,NaN,NaN,NaN
9,NaN,NaN,NaN,NaN,NaN,NaN,NaN,NaN
10,NaN,NaN,NaN,NaN,NaN,NaN,NaN,NaN
11,NaN,NaN,NaN,NaN,NaN,NaN,NaN,NaN
1,NaN,NaN,NaN,NaN,NaN,NaN,NaN,NaN
2,NaN,NaN,NaN,NaN,NaN,NaN,NaN,NaN
3,NaN,NaN,NaN,NaN,NaN,NaN,NaN,NaN
4,NaN,NaN,NaN,NaN,NaN,NaN,NaN,NaN
5,NaN,NaN,NaN,NaN,NaN,NaN,NaN,NaN
6,NaN,NaN,NaN,NaN,NaN,NaN,NaN,NaN
7,NaN,NaN,NaN,NaN,NaN,NaN,NaN,NaN
8,NaN,NaN,NaN,NaN,NaN,NaN,NaN,NaN
9,NaN,NaN,NaN,NaN,NaN,NaN,NaN,NaN
10,NaN,NaN,NaN,NaN,NaN,NaN,NaN,NaN
11,NaN,NaN,NaN,NaN,NaN,NaN,NaN,NaN
1,NaN,NaN,NaN,NaN,NaN,NaN,NaN,NaN
2,NaN,NaN,NaN,NaN,NaN,NaN,NaN,NaN
3,NaN,NaN,NaN,NaN,NaN,NaN,NaN,NaN
4,NaN,NaN,NaN,NaN,NaN,NaN,NaN,NaN
5,NaN,NaN,NaN,NaN,NaN,NaN,NaN,NaN
6,NaN,NaN,NaN,NaN,NaN,NaN,NaN,NaN
7,NaN,NaN,NaN,NaN,NaN,NaN,NaN,NaN
8,NaN,NaN,NaN,NaN,NaN,NaN,NaN,NaN
9,NaN,NaN,NaN,NaN,NaN,NaN,NaN,NaN
10,NaN,NaN,NaN,NaN,NaN,NaN,NaN,NaN
11,NaN,NaN,NaN,NaN,NaN,NaN,NaN,NaN
1,NaN,NaN,NaN,NaN,NaN,NaN,NaN,NaN
2,NaN,NaN,NaN,NaN,NaN,NaN,NaN,NaN
3,NaN,NaN,NaN,NaN,NaN,NaN,NaN,NaN
4,NaN,NaN,NaN,NaN,NaN,NaN,NaN,NaN
5,NaN,NaN,NaN,NaN,NaN,NaN,NaN,NaN
6,NaN,NaN,NaN,NaN,NaN,NaN,NaN,NaN
7,NaN,NaN,NaN,NaN,NaN,NaN,NaN,NaN
8,NaN,NaN,NaN,NaN,NaN,NaN,NaN,NaN
9,NaN,NaN,NaN,NaN,NaN,NaN,NaN,NaN
10,NaN,NaN,NaN,NaN,NaN,NaN,NaN,NaN
11,NaN,NaN,NaN,NaN,NaN,NaN,NaN,NaN
1,NaN,NaN,NaN,NaN,NaN,NaN,NaN,NaN
2,NaN,NaN,NaN,NaN,NaN,NaN,NaN,NaN
3,NaN,NaN,NaN,NaN,NaN,NaN,NaN,NaN
4,NaN,NaN,NaN,NaN,NaN,NaN,NaN,NaN
5,NaN,NaN,NaN,NaN,NaN,NaN,NaN,NaN
6,NaN,NaN,NaN,NaN,NaN,NaN,NaN,NaN
7,NaN,NaN,NaN,NaN,NaN,NaN,NaN,NaN
8,NaN,NaN,NaN,NaN,NaN,NaN,NaN,NaN
9,NaN,NaN,NaN,NaN,NaN,NaN,NaN,NaN
10,NaN,NaN,NaN,NaN,NaN,NaN,NaN,NaN
11,NaN,NaN,NaN,NaN,NaN,NaN,NaN,NaN
1,NaN,NaN,NaN,NaN,NaN,NaN,NaN,NaN
2,NaN,NaN,NaN,NaN,NaN,NaN,NaN,NaN
3,NaN,NaN,NaN,NaN,NaN,NaN,NaN,NaN
4,NaN,NaN,NaN,NaN,NaN,NaN,NaN,NaN
5,NaN,NaN,NaN,NaN,NaN,NaN,NaN,NaN
6,NaN,NaN,NaN,NaN,NaN,NaN,NaN,NaN
7,NaN,NaN,NaN,NaN,NaN,NaN,NaN,NaN
8,NaN,NaN,NaN,NaN,NaN,NaN,NaN,NaN
9,NaN,NaN,NaN,NaN,NaN,NaN,NaN,NaN
10,NaN,NaN,NaN,NaN,NaN,NaN,NaN,NaN
11,NaN,NaN,NaN,NaN,NaN,NaN,NaN,NaN
1,NaN,NaN,NaN,NaN,NaN,NaN,NaN,NaN
2,NaN,NaN,NaN,NaN,NaN,NaN,NaN,NaN
3,NaN,NaN,NaN,NaN,NaN,NaN,NaN,NaN
4,NaN,NaN,NaN,NaN,NaN,NaN,NaN,NaN
5,NaN,NaN,NaN,NaN,NaN,NaN,NaN,NaN
6,NaN,NaN,NaN,NaN,NaN,NaN,NaN,NaN
7,NaN,NaN,NaN,NaN,NaN,NaN,NaN,NaN
8,NaN,NaN,NaN,NaN,NaN,NaN,NaN,NaN
9,NaN,NaN,NaN,NaN,NaN,NaN,NaN,NaN
10,NaN,NaN,NaN,NaN,NaN,NaN,NaN,NaN
11,NaN,NaN,NaN,NaN,NaN,NaN,NaN,NaN
1,NaN,NaN,NaN,NaN,NaN,NaN,NaN,NaN
2,NaN,NaN,NaN,NaN,NaN,NaN,NaN,NaN
3,NaN,NaN,NaN,NaN,NaN,NaN,NaN,NaN
4,NaN,NaN,NaN,NaN,NaN,NaN,NaN,NaN
5,NaN,NaN,NaN,NaN,NaN,NaN,NaN,NaN
6,NaN,NaN,NaN,NaN,NaN,NaN,NaN,NaN
7,NaN,NaN,NaN,NaN,NaN,NaN,NaN,NaN
8,NaN,NaN,NaN,NaN,NaN,NaN,NaN,NaN
9,NaN,NaN,NaN,NaN,NaN,NaN,NaN,NaN
10,NaN,NaN,NaN,NaN,NaN,NaN,NaN,NaN
11,NaN,NaN,NaN,NaN,NaN,NaN,NaN,NaN
1,NaN,NaN,NaN,NaN,NaN,NaN,NaN,NaN
2,NaN,NaN,NaN,NaN,NaN,NaN,NaN,NaN
3,NaN,NaN,NaN,NaN,NaN,NaN,NaN,NaN
4,NaN,NaN,NaN,NaN,NaN,NaN,NaN,NaN
5,NaN,NaN,NaN,NaN,NaN,NaN,NaN,NaN
6,NaN,NaN,NaN,NaN,NaN,NaN,NaN,NaN
7,NaN,NaN,NaN,NaN,NaN,NaN,NaN,NaN
8,NaN,NaN,NaN,NaN,NaN,NaN,NaN,NaN
9,NaN,NaN,NaN,NaN,NaN,NaN,NaN,NaN
10,NaN,NaN,NaN,NaN,NaN,NaN,NaN,NaN
11,NaN,NaN,NaN,NaN,NaN,NaN,NaN,NaN
1,NaN,NaN,NaN,NaN,NaN,NaN,NaN,NaN
2,NaN,NaN,NaN,NaN,NaN,NaN,NaN,NaN
3,NaN,NaN,NaN,NaN,NaN,NaN,NaN,NaN
4,NaN,NaN,NaN,NaN,NaN,NaN,NaN,NaN
5,NaN,NaN,NaN,NaN,NaN,NaN,NaN,NaN
6,NaN,NaN,NaN,NaN,NaN,NaN,NaN,NaN
7,NaN,NaN,NaN,NaN,NaN,NaN,NaN,NaN
8,NaN,NaN,NaN,NaN,NaN,NaN,NaN,NaN
9,NaN,NaN,NaN,NaN,NaN,NaN,NaN,NaN
10,NaN,NaN,NaN,NaN,NaN,NaN,NaN,NaN
11,NaN,NaN,NaN,NaN,NaN,NaN,NaN,NaN
1,NaN,NaN,NaN,NaN,NaN,NaN,NaN,NaN
2,NaN,NaN,NaN,NaN,NaN,NaN,NaN,NaN
3,NaN,NaN,NaN,NaN,NaN,NaN,NaN,NaN
4,NaN,NaN,NaN,NaN,NaN,NaN,NaN,NaN
5,NaN,NaN,NaN,NaN,NaN,NaN,NaN,NaN
6,NaN,NaN,NaN,NaN,NaN,NaN,NaN,NaN
7,NaN,NaN,NaN,NaN,NaN,NaN,NaN,NaN
8,NaN,NaN,NaN,NaN,NaN,NaN,NaN,NaN
9,NaN,NaN,NaN,NaN,NaN,NaN,NaN,NaN
10,NaN,NaN,NaN,NaN,NaN,NaN,NaN,NaN
11,NaN,NaN,NaN,NaN,NaN,NaN,NaN,NaN
1,NaN,NaN,NaN,NaN,NaN,NaN,NaN,NaN
2,NaN,NaN,NaN,NaN,NaN,NaN,NaN,NaN
3,NaN,NaN,NaN,NaN,NaN,NaN,NaN,NaN
4,NaN,NaN,NaN,NaN,NaN,NaN,NaN,NaN
5,NaN,NaN,NaN,NaN,NaN,NaN,NaN,NaN
6,NaN,NaN,NaN,NaN,NaN,NaN,NaN,NaN
7,NaN,NaN,NaN,NaN,NaN,NaN,NaN,NaN
8,NaN,NaN,NaN,NaN,NaN,NaN,NaN,NaN
9,NaN,NaN,NaN,NaN,NaN,NaN,NaN,NaN
10,NaN,NaN,NaN,NaN,NaN,NaN,NaN,NaN
11,NaN,NaN,NaN,NaN,NaN,NaN,NaN,NaN
1,NaN,NaN,NaN,NaN,NaN,NaN,NaN,NaN
2,NaN,NaN,NaN,NaN,NaN,NaN,NaN,NaN
3,NaN,NaN,NaN,NaN,NaN,NaN,NaN,NaN
4,NaN,NaN,NaN,NaN,NaN,NaN,NaN,NaN
5,NaN,NaN,NaN,NaN,NaN,NaN,NaN,NaN
6,NaN,NaN,NaN,NaN,NaN,NaN,NaN,NaN
7,NaN,NaN,NaN,NaN,NaN,NaN,NaN,NaN
8,NaN,NaN,NaN,NaN,NaN,NaN,NaN,NaN
9,NaN,NaN,NaN,NaN,NaN,NaN,NaN,NaN
10,NaN,NaN,NaN,NaN,NaN,NaN,NaN,NaN
11,NaN,NaN,NaN,NaN,NaN,NaN,NaN,NaN
1,NaN,NaN,NaN,NaN,NaN,NaN,NaN,NaN
2,NaN,NaN,NaN,NaN,NaN,NaN,NaN,NaN
3,NaN,NaN,NaN,NaN,NaN,NaN,NaN,NaN
4,NaN,NaN,NaN,NaN,NaN,NaN,NaN,NaN
5,NaN,NaN,NaN,NaN,NaN,NaN,NaN,NaN
6,NaN,NaN,NaN,NaN,NaN,NaN,NaN,NaN
7,NaN,NaN,NaN,NaN,NaN,NaN,NaN,NaN
8,NaN,NaN,NaN,NaN,NaN,NaN,NaN,NaN
9,NaN,NaN,NaN,NaN,NaN,NaN,NaN,NaN
10,NaN,NaN,NaN,NaN,NaN,NaN,NaN,NaN
11,NaN,NaN,NaN,NaN,NaN,NaN,NaN,NaN
1,NaN,NaN,NaN,NaN,NaN,NaN,NaN,NaN
2,NaN,NaN,NaN,NaN,NaN,NaN,NaN,NaN
3,NaN,NaN,NaN,NaN,NaN,NaN,NaN,NaN
4,NaN,NaN,NaN,NaN,NaN,NaN,NaN,NaN
5,NaN,NaN,NaN,NaN,NaN,NaN,NaN,NaN
6,NaN,NaN,NaN,NaN,NaN,NaN,NaN,NaN
7,NaN,NaN,NaN,NaN,NaN,NaN,NaN,NaN
8,NaN,NaN,NaN,NaN,NaN,NaN,NaN,NaN
9,NaN,NaN,NaN,NaN,NaN,NaN,NaN,NaN
10,NaN,NaN,NaN,NaN,NaN,NaN,NaN,NaN
11,NaN,NaN,NaN,NaN,NaN,NaN,NaN,NaN
1,NaN,NaN,NaN,NaN,NaN,NaN,NaN,NaN
2,NaN,NaN,NaN,NaN,NaN,NaN,NaN,NaN
3,NaN,NaN,NaN,NaN,NaN,NaN,NaN,NaN
4,NaN,NaN,NaN,NaN,NaN,NaN,NaN,NaN
5,NaN,NaN,NaN,NaN,NaN,NaN,NaN,NaN
6,NaN,NaN,NaN,NaN,NaN,NaN,NaN,NaN
7,NaN,NaN,NaN,NaN,NaN,NaN,NaN,NaN
8,NaN,NaN,NaN,NaN,NaN,NaN,NaN,NaN
9,NaN,NaN,NaN,NaN,NaN,NaN,NaN,NaN
10,NaN,NaN,NaN,NaN,NaN,NaN,NaN,NaN
11,NaN,NaN,NaN,NaN,NaN,NaN,NaN,NaN
1,NaN,NaN,NaN,NaN,NaN,NaN,NaN,NaN
2,NaN,NaN,NaN,NaN,NaN,NaN,NaN,NaN
3,NaN,NaN,NaN,NaN,NaN,NaN,NaN,NaN
4,NaN,NaN,NaN,NaN,NaN,NaN,NaN,NaN
5,NaN,NaN,NaN,NaN,NaN,NaN,NaN,NaN
6,NaN,NaN,NaN,NaN,NaN,NaN,NaN,NaN
7,NaN,NaN,NaN,NaN,NaN,NaN,NaN,NaN
8,NaN,NaN,NaN,NaN,NaN,NaN,NaN,NaN
9,NaN,NaN,NaN,NaN,NaN,NaN,NaN,NaN
10,NaN,NaN,NaN,NaN,NaN,NaN,NaN,NaN
11,NaN,NaN,NaN,NaN,NaN,NaN,NaN,NaN
1,NaN,NaN,NaN,NaN,NaN,NaN,NaN,NaN
2,NaN,NaN,NaN,NaN,NaN,NaN,NaN,NaN
3,NaN,NaN,NaN,NaN,NaN,NaN,NaN,NaN
4,NaN,NaN,NaN,NaN,NaN,NaN,NaN,NaN
5,NaN,NaN,NaN,NaN,NaN,NaN,NaN,NaN
6,NaN,NaN,NaN,NaN,NaN,NaN,NaN,NaN
7,NaN,NaN,NaN,NaN,NaN,NaN,NaN,NaN
8,NaN,NaN,NaN,NaN,NaN,NaN,NaN,NaN
9,NaN,NaN,NaN,NaN,NaN,NaN,NaN,NaN
10,NaN,NaN,NaN,NaN,NaN,NaN,NaN,NaN
11,NaN,NaN,NaN,NaN,NaN,NaN,NaN,NaN
1,NaN,NaN,NaN,NaN,NaN,NaN,NaN,NaN
2,NaN,NaN,NaN,NaN,NaN,NaN,NaN,NaN
3,NaN,NaN,NaN,NaN,NaN,NaN,NaN,NaN
4,NaN,NaN,NaN,NaN,NaN,NaN,NaN,NaN
5,NaN,NaN,NaN,NaN,NaN,NaN,NaN,NaN
6,NaN,NaN,NaN,NaN,NaN,NaN,NaN,NaN
7,NaN,NaN,NaN,NaN,NaN,NaN,NaN,NaN
8,NaN,NaN,NaN,NaN,NaN,NaN,NaN,NaN
9,NaN,NaN,NaN,NaN,NaN,NaN,NaN,NaN
10,NaN,NaN,NaN,NaN,NaN,NaN,NaN,NaN
11,NaN,NaN,NaN,NaN,NaN,NaN,NaN,NaN
1,NaN,NaN,NaN,NaN,NaN,NaN,NaN,NaN
2,NaN,NaN,NaN,NaN,NaN,NaN,NaN,NaN
3,NaN,NaN,NaN,NaN,NaN,NaN,NaN,NaN
4,NaN,NaN,NaN,NaN,NaN,NaN,NaN,NaN
5,NaN,NaN,NaN,NaN,NaN,NaN,NaN,NaN
6,NaN,NaN,NaN,NaN,NaN,NaN,NaN,NaN
7,NaN,NaN,NaN,NaN,NaN,NaN,NaN,NaN
8,NaN,NaN,NaN,NaN,NaN,NaN,NaN,NaN
9,NaN,NaN,NaN,NaN,NaN,NaN,NaN,NaN
10,NaN,NaN,NaN,NaN,NaN,NaN,NaN,NaN
11,NaN,NaN,NaN,NaN,NaN,NaN,NaN,NaN
1,NaN,NaN,NaN,NaN,NaN,NaN,NaN,NaN
2,NaN,NaN,NaN,NaN,NaN,NaN,NaN,NaN
3,NaN,NaN,NaN,NaN,NaN,NaN,NaN,NaN
4,NaN,NaN,NaN,NaN,NaN,NaN,NaN,NaN
5,NaN,NaN,NaN,NaN,NaN,NaN,NaN,NaN
6,NaN,NaN,NaN,NaN,NaN,NaN,NaN,NaN
7,NaN,NaN,NaN,NaN,NaN,NaN,NaN,NaN
8,NaN,NaN,NaN,NaN,NaN,NaN,NaN,NaN
9,NaN,NaN,NaN,NaN,NaN,NaN,NaN,NaN
10,NaN,NaN,NaN,NaN,NaN,NaN,NaN,NaN
11,NaN,NaN,NaN,NaN,NaN,NaN,NaN,NaN
1,NaN,NaN,NaN,NaN,NaN,NaN,NaN,NaN
2,NaN,NaN,NaN,NaN,NaN,NaN,NaN,NaN
3,NaN,NaN,NaN,NaN,NaN,NaN,NaN,NaN
4,NaN,NaN,NaN,NaN,NaN,NaN,NaN,NaN
5,NaN,NaN,NaN,NaN,NaN,NaN,NaN,NaN
6,NaN,NaN,NaN,NaN,NaN,NaN,NaN,NaN
7,NaN,NaN,NaN,NaN,NaN,NaN,NaN,NaN
8,NaN,NaN,NaN,NaN,NaN,NaN,NaN,NaN
9,NaN,NaN,NaN,NaN,NaN,NaN,NaN,NaN
10,NaN,NaN,NaN,NaN,NaN,NaN,NaN,NaN
11,NaN,NaN,NaN,NaN,NaN,NaN,NaN,NaN
1,NaN,NaN,NaN,NaN,NaN,NaN,NaN,NaN
2,NaN,NaN,NaN,NaN,NaN,NaN,NaN,NaN
3,NaN,NaN,NaN,NaN,NaN,NaN,NaN,NaN
4,NaN,NaN,NaN,NaN,NaN,NaN,NaN,NaN
5,NaN,NaN,NaN,NaN,NaN,NaN,NaN,NaN
6,NaN,NaN,NaN,NaN,NaN,NaN,NaN,NaN
7,NaN,NaN,NaN,NaN,NaN,NaN,NaN,NaN
8,NaN,NaN,NaN,NaN,NaN,NaN,NaN,NaN
9,NaN,NaN,NaN,NaN,NaN,NaN,NaN,NaN
10,NaN,NaN,NaN,NaN,NaN,NaN,NaN,NaN
11,NaN,NaN,NaN,NaN,NaN,NaN,NaN,NaN
1,NaN,NaN,NaN,NaN,NaN,NaN,NaN,NaN
2,NaN,NaN,NaN,NaN,NaN,NaN,NaN,NaN
3,NaN,NaN,NaN,NaN,NaN,NaN,NaN,NaN
4,NaN,NaN,NaN,NaN,NaN,NaN,NaN,NaN
5,NaN,NaN,NaN,NaN,NaN,NaN,NaN,NaN
6,NaN,NaN,NaN,NaN,NaN,NaN,NaN,NaN
7,NaN,NaN,NaN,NaN,NaN,NaN,NaN,NaN
8,NaN,NaN,NaN,NaN,NaN,NaN,NaN,NaN
9,NaN,NaN,NaN,NaN,NaN,NaN,NaN,NaN
10,NaN,NaN,NaN,NaN,NaN,NaN,NaN,NaN
11,NaN,NaN,NaN,NaN,NaN,NaN,NaN,NaN
1,NaN,NaN,NaN,NaN,NaN,NaN,NaN,NaN
2,NaN,NaN,NaN,NaN,NaN,NaN,NaN,NaN
3,NaN,NaN,NaN,NaN,NaN,NaN,NaN,NaN
4,NaN,NaN,NaN,NaN,NaN,NaN,NaN,NaN
5,NaN,NaN,NaN,NaN,NaN,NaN,NaN,NaN
6,NaN,NaN,NaN,NaN,NaN,NaN,NaN,NaN
7,NaN,NaN,NaN,NaN,NaN,NaN,NaN,NaN
8,NaN,NaN,NaN,NaN,NaN,NaN,NaN,NaN
9,NaN,NaN,NaN,NaN,NaN,NaN,NaN,NaN
10,NaN,NaN,NaN,NaN,NaN,NaN,NaN,NaN
11,NaN,NaN,NaN,NaN,NaN,NaN,NaN,NaN
1,NaN,NaN,NaN,NaN,NaN,NaN,NaN,NaN
2,NaN,NaN,NaN,NaN,NaN,NaN,NaN,NaN
3,NaN,NaN,NaN,NaN,NaN,NaN,NaN,NaN
4,NaN,NaN,NaN,NaN,NaN,NaN,NaN,NaN
5,NaN,NaN,NaN,NaN,NaN,NaN,NaN,NaN
6,NaN,NaN,NaN,NaN,NaN,NaN,NaN,NaN
7,NaN,NaN,NaN,NaN,NaN,NaN,NaN,NaN
8,NaN,NaN,NaN,NaN,NaN,NaN,NaN,NaN
9,NaN,NaN,NaN,NaN,NaN,NaN,NaN,NaN
10,NaN,NaN,NaN,NaN,NaN,NaN,NaN,NaN
11,NaN,NaN,NaN,NaN,NaN,NaN,NaN,NaN
1,NaN,NaN,NaN,NaN,NaN,NaN,NaN,NaN
2,NaN,NaN,NaN,NaN,NaN,NaN,NaN,NaN
3,NaN,NaN,NaN,NaN,NaN,NaN,NaN,NaN
4,NaN,NaN,NaN,NaN,NaN,NaN,NaN,NaN
5,NaN,NaN,NaN,NaN,NaN,NaN,NaN,NaN
6,NaN,NaN,NaN,NaN,NaN,NaN,NaN,NaN
7,NaN,NaN,NaN,NaN,NaN,NaN,NaN,NaN
8,NaN,NaN,NaN,NaN,NaN,NaN,NaN,NaN
9,NaN,NaN,NaN,NaN,NaN,NaN,NaN,NaN
10,NaN,NaN,NaN,NaN,NaN,NaN,NaN,NaN
11,NaN,NaN,NaN,NaN,NaN,NaN,NaN,NaN
1,NaN,NaN,NaN,NaN,NaN,NaN,NaN,NaN
2,NaN,NaN,NaN,NaN,NaN,NaN,NaN,NaN
3,NaN,NaN,NaN,NaN,NaN,NaN,NaN,NaN
4,NaN,NaN,NaN,NaN,NaN,NaN,NaN,NaN
5,NaN,NaN,NaN,NaN,NaN,NaN,NaN,NaN
6,NaN,NaN,NaN,NaN,NaN,NaN,NaN,NaN
7,NaN,NaN,NaN,NaN,NaN,NaN,NaN,NaN
8,NaN,NaN,NaN,NaN,NaN,NaN,NaN,NaN
9,NaN,NaN,NaN,NaN,NaN,NaN,NaN,NaN
10,NaN,NaN,NaN,NaN,NaN,NaN,NaN,NaN
11,NaN,NaN,NaN,NaN,NaN,NaN,NaN,NaN
1,NaN,NaN,NaN,NaN,NaN,NaN,NaN,NaN
2,NaN,NaN,NaN,NaN,NaN,NaN,NaN,NaN
3,NaN,NaN,NaN,NaN,NaN,NaN,NaN,NaN
4,NaN,NaN,NaN,NaN,NaN,NaN,NaN,NaN
5,NaN,NaN,NaN,NaN,NaN,NaN,NaN,NaN
6,NaN,NaN,NaN,NaN,NaN,NaN,NaN,NaN
7,NaN,NaN,NaN,NaN,NaN,NaN,NaN,NaN
8,NaN,NaN,NaN,NaN,NaN,NaN,NaN,NaN
9,NaN,NaN,NaN,NaN,NaN,NaN,NaN,NaN
10,NaN,NaN,NaN,NaN,NaN,NaN,NaN,NaN
11,NaN,NaN,NaN,NaN,NaN,NaN,NaN,NaN
1,NaN,NaN,NaN,NaN,NaN,NaN,NaN,NaN
2,NaN,NaN,NaN,NaN,NaN,NaN,NaN,NaN
3,NaN,NaN,NaN,NaN,NaN,NaN,NaN,NaN
4,NaN,NaN,NaN,NaN,NaN,NaN,NaN,NaN
5,NaN,NaN,NaN,NaN,NaN,NaN,NaN,NaN
6,NaN,NaN,NaN,NaN,NaN,NaN,NaN,NaN
7,NaN,NaN,NaN,NaN,NaN,NaN,NaN,NaN
8,NaN,NaN,NaN,NaN,NaN,NaN,NaN,NaN
9,NaN,NaN,NaN,NaN,NaN,NaN,NaN,NaN
10,NaN,NaN,NaN,NaN,NaN,NaN,NaN,NaN
11,NaN,NaN,NaN,NaN,NaN,NaN,NaN,NaN
1,NaN,NaN,NaN,NaN,NaN,NaN,NaN,NaN
2,NaN,NaN,NaN,NaN,NaN,NaN,NaN,NaN
3,NaN,NaN,NaN,NaN,NaN,NaN,NaN,NaN
4,NaN,NaN,NaN,NaN,NaN,NaN,NaN,NaN
5,NaN,NaN,NaN,NaN,NaN,NaN,NaN,NaN
6,NaN,NaN,NaN,NaN,NaN,NaN,NaN,NaN
7,NaN,NaN,NaN,NaN,NaN,NaN,NaN,NaN
8,NaN,NaN,NaN,NaN,NaN,NaN,NaN,NaN
9,NaN,NaN,NaN,NaN,NaN,NaN,NaN,NaN
10,NaN,NaN,NaN,NaN,NaN,NaN,NaN,NaN
11,NaN,NaN,NaN,NaN,NaN,NaN,NaN,NaN
1,NaN,NaN,NaN,NaN,NaN,NaN,NaN,NaN
2,NaN,NaN,NaN,NaN,NaN,NaN,NaN,NaN
3,NaN,NaN,NaN,NaN,NaN,NaN,NaN,NaN
4,NaN,NaN,NaN,NaN,NaN,NaN,NaN,NaN
5,NaN,NaN,NaN,NaN,NaN,NaN,NaN,NaN
6,NaN,NaN,NaN,NaN,NaN,NaN,NaN,NaN
7,NaN,NaN,NaN,NaN,NaN,NaN,NaN,NaN
8,NaN,NaN,NaN,NaN,NaN,NaN,NaN,NaN
9,NaN,NaN,NaN,NaN,NaN,NaN,NaN,NaN
10,NaN,NaN,NaN,NaN,NaN,NaN,NaN,NaN
11,NaN,NaN,NaN,NaN,NaN,NaN,NaN,NaN
1,NaN,NaN,NaN,NaN,NaN,NaN,NaN,NaN
2,NaN,NaN,NaN,NaN,NaN,NaN,NaN,NaN
3,NaN,NaN,NaN,NaN,NaN,NaN,NaN,NaN
4,NaN,NaN,NaN,NaN,NaN,NaN,NaN,NaN
5,NaN,NaN,NaN,NaN,NaN,NaN,NaN,NaN
6,NaN,NaN,NaN,NaN,NaN,NaN,NaN,NaN
7,NaN,NaN,NaN,NaN,NaN,NaN,NaN,NaN
8,NaN,NaN,NaN,NaN,NaN,NaN,NaN,NaN
9,NaN,NaN,NaN,NaN,NaN,NaN,NaN,NaN
10,NaN,NaN,NaN,NaN,NaN,NaN,NaN,NaN
11,NaN,NaN,NaN,NaN,NaN,NaN,NaN,NaN
1,NaN,NaN,NaN,NaN,NaN,NaN,NaN,NaN
2,NaN,NaN,NaN,NaN,NaN,NaN,NaN,NaN
3,NaN,NaN,NaN,NaN,NaN,NaN,NaN,NaN
4,NaN,NaN,NaN,NaN,NaN,NaN,NaN,NaN
5,NaN,NaN,NaN,NaN,NaN,NaN,NaN,NaN
6,NaN,NaN,NaN,NaN,NaN,NaN,NaN,NaN
7,NaN,NaN,NaN,NaN,NaN,NaN,NaN,NaN
8,NaN,NaN,NaN,NaN,NaN,NaN,NaN,NaN
9,NaN,NaN,NaN,NaN,NaN,NaN,NaN,NaN
10,NaN,NaN,NaN,NaN,NaN,NaN,NaN,NaN
11,NaN,NaN,NaN,NaN,NaN,NaN,NaN,NaN
1,NaN,NaN,NaN,NaN,NaN,NaN,NaN,NaN
2,NaN,NaN,NaN,NaN,NaN,NaN,NaN,NaN
3,NaN,NaN,NaN,NaN,NaN,NaN,NaN,NaN
4,NaN,NaN,NaN,NaN,NaN,NaN,NaN,NaN
5,NaN,NaN,NaN,NaN,NaN,NaN,NaN,NaN
6,NaN,NaN,NaN,NaN,NaN,NaN,NaN,NaN
7,NaN,NaN,NaN,NaN,NaN,NaN,NaN,NaN
8,NaN,NaN,NaN,NaN,NaN,NaN,NaN,NaN
9,NaN,NaN,NaN,NaN,NaN,NaN,NaN,NaN
10,NaN,NaN,NaN,NaN,NaN,NaN,NaN,NaN
11,NaN,NaN,NaN,NaN,NaN,NaN,NaN,NaN
1,NaN,NaN,NaN,NaN,NaN,NaN,NaN,NaN
2,NaN,NaN,NaN,NaN,NaN,NaN,NaN,NaN
3,NaN,NaN,NaN,NaN,NaN,NaN,NaN,NaN
4,NaN,NaN,NaN,NaN,NaN,NaN,NaN,NaN
5,NaN,NaN,NaN,NaN,NaN,NaN,NaN,NaN
6,NaN,NaN,NaN,NaN,NaN,NaN,NaN,NaN
7,NaN,NaN,NaN,NaN,NaN,NaN,NaN,NaN
8,NaN,NaN,NaN,NaN,NaN,NaN,NaN,NaN
9,NaN,NaN,NaN,NaN,NaN,NaN,NaN,NaN
10,NaN,NaN,NaN,NaN,NaN,NaN,NaN,NaN
11,NaN,NaN,NaN,NaN,NaN,NaN,NaN,NaN
1,NaN,NaN,NaN,NaN,NaN,NaN,NaN,NaN
2,NaN,NaN,NaN,NaN,NaN,NaN,NaN,NaN
3,NaN,NaN,NaN,NaN,NaN,NaN,NaN,NaN
4,NaN,NaN,NaN,NaN,NaN,NaN,NaN,NaN
5,NaN,NaN,NaN,NaN,NaN,NaN,NaN,NaN
6,NaN,NaN,NaN,NaN,NaN,NaN,NaN,NaN
7,NaN,NaN,NaN,NaN,NaN,NaN,NaN,NaN
8,NaN,NaN,NaN,NaN,NaN,NaN,NaN,NaN
9,NaN,NaN,NaN,NaN,NaN,NaN,NaN,NaN
10,NaN,NaN,NaN,NaN,NaN,NaN,NaN,NaN
11,NaN,NaN,NaN,NaN,NaN,NaN,NaN,NaN
1,NaN,NaN,NaN,NaN,NaN,NaN,NaN,NaN
2,NaN,NaN,NaN,NaN,NaN,NaN,NaN,NaN
3,NaN,NaN,NaN,NaN,NaN,NaN,NaN,NaN
4,NaN,NaN,NaN,NaN,NaN,NaN,NaN,NaN
5,NaN,NaN,NaN,NaN,NaN,NaN,NaN,NaN
6,NaN,NaN,NaN,NaN,NaN,NaN,NaN,NaN
7,NaN,NaN,NaN,NaN,NaN,NaN,NaN,NaN
8,NaN,NaN,NaN,NaN,NaN,NaN,NaN,NaN
9,NaN,NaN,NaN,NaN,NaN,NaN,NaN,NaN
10,NaN,NaN,NaN,NaN,NaN,NaN,NaN,NaN
11,NaN,NaN,NaN,NaN,NaN,NaN,NaN,NaN
1,NaN,NaN,NaN,NaN,NaN,NaN,NaN,NaN
2,NaN,NaN,NaN,NaN,NaN,NaN,NaN,NaN
3,NaN,NaN,NaN,NaN,NaN,NaN,NaN,NaN
4,NaN,NaN,NaN,NaN,NaN,NaN,NaN,NaN
5,NaN,NaN,NaN,NaN,NaN,NaN,NaN,NaN
6,NaN,NaN,NaN,NaN,NaN,NaN,NaN,NaN
7,NaN,NaN,NaN,NaN,NaN,NaN,NaN,NaN
8,NaN,NaN,NaN,NaN,NaN,NaN,NaN,NaN
9,NaN,NaN,NaN,NaN,NaN,NaN,NaN,NaN
10,NaN,NaN,NaN,NaN,NaN,NaN,NaN,NaN
11,NaN,NaN,NaN,NaN,NaN,NaN,NaN,NaN
1,NaN,NaN,NaN,NaN,NaN,NaN,NaN,NaN
2,NaN,NaN,NaN,NaN,NaN,NaN,NaN,NaN
3,NaN,NaN,NaN,NaN,NaN,NaN,NaN,NaN
4,NaN,NaN,NaN,NaN,NaN,NaN,NaN,NaN
5,NaN,NaN,NaN,NaN,NaN,NaN,NaN,NaN
6,NaN,NaN,NaN,NaN,NaN,NaN,NaN,NaN
7,NaN,NaN,NaN,NaN,NaN,NaN,NaN,NaN
8,NaN,NaN,NaN,NaN,NaN,NaN,NaN,NaN
9,NaN,NaN,NaN,NaN,NaN,NaN,NaN,NaN
10,NaN,NaN,NaN,NaN,NaN,NaN,NaN,NaN
11,NaN,NaN,NaN,NaN,NaN,NaN,NaN,NaN
1,NaN,NaN,NaN,NaN,NaN,NaN,NaN,NaN
2,NaN,NaN,NaN,NaN,NaN,NaN,NaN,NaN
3,NaN,NaN,NaN,NaN,NaN,NaN,NaN,NaN
4,NaN,NaN,NaN,NaN,NaN,NaN,NaN,NaN
5,NaN,NaN,NaN,NaN,NaN,NaN,NaN,NaN
6,NaN,NaN,NaN,NaN,NaN,NaN,NaN,NaN
7,NaN,NaN,NaN,NaN,NaN,NaN,NaN,NaN
8,NaN,NaN,NaN,NaN,NaN,NaN,NaN,NaN
9,NaN,NaN,NaN,NaN,NaN,NaN,NaN,NaN
10,NaN,NaN,NaN,NaN,NaN,NaN,NaN,NaN
11,NaN,NaN,NaN,NaN,NaN,NaN,NaN,NaN
1,NaN,NaN,NaN,NaN,NaN,NaN,NaN,NaN
2,NaN,NaN,NaN,NaN,NaN,NaN,NaN,NaN
3,NaN,NaN,NaN,NaN,NaN,NaN,NaN,NaN
4,NaN,NaN,NaN,NaN,NaN,NaN,NaN,NaN
5,NaN,NaN,NaN,NaN,NaN,NaN,NaN,NaN
6,NaN,NaN,NaN,NaN,NaN,NaN,NaN,NaN
7,NaN,NaN,NaN,NaN,NaN,NaN,NaN,NaN
8,NaN,NaN,NaN,NaN,NaN,NaN,NaN,NaN
9,NaN,NaN,NaN,NaN,NaN,NaN,NaN,NaN
10,NaN,NaN,NaN,NaN,NaN,NaN,NaN,NaN
11,NaN,NaN,NaN,NaN,NaN,NaN,NaN,NaN
1,NaN,NaN,NaN,NaN,NaN,NaN,NaN,NaN
2,NaN,NaN,NaN,NaN,NaN,NaN,NaN,NaN
3,NaN,NaN,NaN,NaN,NaN,NaN,NaN,NaN
4,NaN,NaN,NaN,NaN,NaN,NaN,NaN,NaN
5,NaN,NaN,NaN,NaN,NaN,NaN,NaN,NaN
6,NaN,NaN,NaN,NaN,NaN,NaN,NaN,NaN
7,NaN,NaN,NaN,NaN,NaN,NaN,NaN,NaN
8,NaN,NaN,NaN,NaN,NaN,NaN,NaN,NaN
9,NaN,NaN,NaN,NaN,NaN,NaN,NaN,NaN
10,NaN,NaN,NaN,NaN,NaN,NaN,NaN,NaN
11,NaN,NaN,NaN,NaN,NaN,NaN,NaN,NaN
1,NaN,NaN,NaN,NaN,NaN,NaN,NaN,NaN
2,NaN,NaN,NaN,NaN,NaN,NaN,NaN,NaN
3,NaN,NaN,NaN,NaN,NaN,NaN,NaN,NaN
4,NaN,NaN,NaN,NaN,NaN,NaN,NaN,NaN
5,NaN,NaN,NaN,NaN,NaN,NaN,NaN,NaN
6,NaN,NaN,NaN,NaN,NaN,NaN,NaN,NaN
7,NaN,NaN,NaN,NaN,NaN,NaN,NaN,NaN
8,NaN,NaN,NaN,NaN,NaN,NaN,NaN,NaN
9,NaN,NaN,NaN,NaN,NaN,NaN,NaN,NaN
10,NaN,NaN,NaN,NaN,NaN,NaN,NaN,NaN
11,NaN,NaN,NaN,NaN,NaN,NaN,NaN,NaN
1,NaN,NaN,NaN,NaN,NaN,NaN,NaN,NaN
2,NaN,NaN,NaN,NaN,NaN,NaN,NaN,NaN
3,NaN,NaN,NaN,NaN,NaN,NaN,NaN,NaN
4,NaN,NaN,NaN,NaN,NaN,NaN,NaN,NaN
5,NaN,NaN,NaN,NaN,NaN,NaN,NaN,NaN
6,NaN,NaN,NaN,NaN,NaN,NaN,NaN,NaN
7,NaN,NaN,NaN,NaN,NaN,NaN,NaN,NaN
8,NaN,NaN,NaN,NaN,NaN,NaN,NaN,NaN
9,NaN,NaN,NaN,NaN,NaN,NaN,NaN,NaN
10,NaN,NaN,NaN,NaN,NaN,NaN,NaN,NaN
11,NaN,NaN,NaN,NaN,NaN,NaN,NaN,NaN
1,NaN,NaN,NaN,NaN,NaN,NaN,NaN,NaN
2,NaN,NaN,NaN,NaN,NaN,NaN,NaN,NaN
3,NaN,NaN,NaN,NaN,NaN,NaN,NaN,NaN
4,NaN,NaN,NaN,NaN,NaN,NaN,NaN,NaN
5,NaN,NaN,NaN,NaN,NaN,NaN,NaN,NaN
6,NaN,NaN,NaN,NaN,NaN,NaN,NaN,NaN
7,NaN,NaN,NaN,NaN,NaN,NaN,NaN,NaN
8,NaN,NaN,NaN,NaN,NaN,NaN,NaN,NaN
9,NaN,NaN,NaN,NaN,NaN,NaN,NaN,NaN
10,NaN,NaN,NaN,NaN,NaN,NaN,NaN,NaN
11,NaN,NaN,NaN,NaN,NaN,NaN,NaN,NaN
1,NaN,NaN,NaN,NaN,NaN,NaN,NaN,NaN
2,NaN,NaN,NaN,NaN,NaN,NaN,NaN,NaN
3,NaN,NaN,NaN,NaN,NaN,NaN,NaN,NaN
4,NaN,NaN,NaN,NaN,NaN,NaN,NaN,NaN
5,NaN,NaN,NaN,NaN,NaN,NaN,NaN,NaN
6,NaN,NaN,NaN,NaN,NaN,NaN,NaN,NaN
7,NaN,NaN,NaN,NaN,NaN,NaN,NaN,NaN
8,NaN,NaN,NaN,NaN,NaN,NaN,NaN,NaN
9,NaN,NaN,NaN,NaN,NaN,NaN,NaN,NaN
10,NaN,NaN,NaN,NaN,NaN,NaN,NaN,NaN
11,NaN,NaN,NaN,NaN,NaN,NaN,NaN,NaN
1,NaN,NaN,NaN,NaN,NaN,NaN,NaN,NaN
2,NaN,NaN,NaN,NaN,NaN,NaN,NaN,NaN
3,NaN,NaN,NaN,NaN,NaN,NaN,NaN,NaN
4,NaN,NaN,NaN,NaN,NaN,NaN,NaN,NaN
5,NaN,NaN,NaN,NaN,NaN,NaN,NaN,NaN
6,NaN,NaN,NaN,NaN,NaN,NaN,NaN,NaN
7,NaN,NaN,NaN,NaN,NaN,NaN,NaN,NaN
8,NaN,NaN,NaN,NaN,NaN,NaN,NaN,NaN
9,NaN,NaN,NaN,NaN,NaN,NaN,NaN,NaN
10,NaN,NaN,NaN,NaN,NaN,NaN,NaN,NaN
11,NaN,NaN,NaN,NaN,NaN,NaN,NaN,NaN
1,NaN,NaN,NaN,NaN,NaN,NaN,NaN,NaN
2,NaN,NaN,NaN,NaN,NaN,NaN,NaN,NaN
3,NaN,NaN,NaN,NaN,NaN,NaN,NaN,NaN
4,NaN,NaN,NaN,NaN,NaN,NaN,NaN,NaN
5,NaN,NaN,NaN,NaN,NaN,NaN,NaN,NaN
6,NaN,NaN,NaN,NaN,NaN,NaN,NaN,NaN
7,NaN,NaN,NaN,NaN,NaN,NaN,NaN,NaN
8,NaN,NaN,NaN,NaN,NaN,NaN,NaN,NaN
9,NaN,NaN,NaN,NaN,NaN,NaN,NaN,NaN
10,NaN,NaN,NaN,NaN,NaN,NaN,NaN,NaN
11,NaN,NaN,NaN,NaN,NaN,NaN,NaN,NaN
1,NaN,NaN,NaN,NaN,NaN,NaN,NaN,NaN
2,NaN,NaN,NaN,NaN,NaN,NaN,NaN,NaN
3,NaN,NaN,NaN,NaN,NaN,NaN,NaN,NaN
4,NaN,NaN,NaN,NaN,NaN,NaN,NaN,NaN
5,NaN,NaN,NaN,NaN,NaN,NaN,NaN,NaN
6,NaN,NaN,NaN,NaN,NaN,NaN,NaN,NaN
7,NaN,NaN,NaN,NaN,NaN,NaN,NaN,NaN
8,NaN,NaN,NaN,NaN,NaN,NaN,NaN,NaN
9,NaN,NaN,NaN,NaN,NaN,NaN,NaN,NaN
10,NaN,NaN,NaN,NaN,NaN,NaN,NaN,NaN
11,NaN,NaN,NaN,NaN,NaN,NaN,NaN,NaN
1,NaN,NaN,NaN,NaN,NaN,NaN,NaN,NaN
2,NaN,NaN,NaN,NaN,NaN,NaN,NaN,NaN
3,NaN,NaN,NaN,NaN,NaN,NaN,NaN,NaN
4,NaN,NaN,NaN,NaN,NaN,NaN,NaN,NaN
5,NaN,NaN,NaN,NaN,NaN,NaN,NaN,NaN
6,NaN,NaN,NaN,NaN,NaN,NaN,NaN,NaN
7,NaN,NaN,NaN,NaN,NaN,NaN,NaN,NaN
8,NaN,NaN,NaN,NaN,NaN,NaN,NaN,NaN
9,NaN,NaN,NaN,NaN,NaN,NaN,NaN,NaN
10,NaN,NaN,NaN,NaN,NaN,NaN,NaN,NaN
11,NaN,NaN,NaN,NaN,NaN,NaN,NaN,NaN
1,NaN,NaN,NaN,NaN,NaN,NaN,NaN,NaN
2,NaN,NaN,NaN,NaN,NaN,NaN,NaN,NaN
3,NaN,NaN,NaN,NaN,NaN,NaN,NaN,NaN
4,NaN,NaN,NaN,NaN,NaN,NaN,NaN,NaN
5,NaN,NaN,NaN,NaN,NaN,NaN,NaN,NaN
6,NaN,NaN,NaN,NaN,NaN,NaN,NaN,NaN
7,NaN,NaN,NaN,NaN,NaN,NaN,NaN,NaN
8,NaN,NaN,NaN,NaN,NaN,NaN,NaN,NaN
9,NaN,NaN,NaN,NaN,NaN,NaN,NaN,NaN
10,NaN,NaN,NaN,NaN,NaN,NaN,NaN,NaN
11,NaN,NaN,NaN,NaN,NaN,NaN,NaN,NaN
1,NaN,NaN,NaN,NaN,NaN,NaN,NaN,NaN
2,NaN,NaN,NaN,NaN,NaN,NaN,NaN,NaN
3,NaN,NaN,NaN,NaN,NaN,NaN,NaN,NaN
4,NaN,NaN,NaN,NaN,NaN,NaN,NaN,NaN
5,NaN,NaN,NaN,NaN,NaN,NaN,NaN,NaN
6,NaN,NaN,NaN,NaN,NaN,NaN,NaN,NaN
7,NaN,NaN,NaN,NaN,NaN,NaN,NaN,NaN
8,NaN,NaN,NaN,NaN,NaN,NaN,NaN,NaN
9,NaN,NaN,NaN,NaN,NaN,NaN,NaN,NaN
10,NaN,NaN,NaN,NaN,NaN,NaN,NaN,NaN
11,NaN,NaN,NaN,NaN,NaN,NaN,NaN,NaN
1,NaN,NaN,NaN,NaN,NaN,NaN,NaN,NaN
2,NaN,NaN,NaN,NaN,NaN,NaN,NaN,NaN
3,NaN,NaN,NaN,NaN,NaN,NaN,NaN,NaN
4,NaN,NaN,NaN,NaN,NaN,NaN,NaN,NaN
5,NaN,NaN,NaN,NaN,NaN,NaN,NaN,NaN
6,NaN,NaN,NaN,NaN,NaN,NaN,NaN,NaN
7,NaN,NaN,NaN,NaN,NaN,NaN,NaN,NaN
8,NaN,NaN,NaN,NaN,NaN,NaN,NaN,NaN
9,NaN,NaN,NaN,NaN,NaN,NaN,NaN,NaN
10,NaN,NaN,NaN,NaN,NaN,NaN,NaN,NaN
11,NaN,NaN,NaN,NaN,NaN,NaN,NaN,NaN
1,NaN,NaN,NaN,NaN,NaN,NaN,NaN,NaN
2,NaN,NaN,NaN,NaN,NaN,NaN,NaN,NaN
3,NaN,NaN,NaN,NaN,NaN,NaN,NaN,NaN
4,NaN,NaN,NaN,NaN,NaN,NaN,NaN,NaN
5,NaN,NaN,NaN,NaN,NaN,NaN,NaN,NaN
6,NaN,NaN,NaN,NaN,NaN,NaN,NaN,NaN
7,NaN,NaN,NaN,NaN,NaN,NaN,NaN,NaN
8,NaN,NaN,NaN,NaN,NaN,NaN,NaN,NaN
9,NaN,NaN,NaN,NaN,NaN,NaN,NaN,NaN
10,NaN,NaN,NaN,NaN,NaN,NaN,NaN,NaN
11,NaN,NaN,NaN,NaN,NaN,NaN,NaN,NaN
1,NaN,NaN,NaN,NaN,NaN,NaN,NaN,NaN
2,NaN,NaN,NaN,NaN,NaN,NaN,NaN,NaN
3,NaN,NaN,NaN,NaN,NaN,NaN,NaN,NaN
4,NaN,NaN,NaN,NaN,NaN,NaN,NaN,NaN
5,NaN,NaN,NaN,NaN,NaN,NaN,NaN,NaN
6,NaN,NaN,NaN,NaN,NaN,NaN,NaN,NaN
7,NaN,NaN,NaN,NaN,NaN,NaN,NaN,NaN
8,NaN,NaN,NaN,NaN,NaN,NaN,NaN,NaN
9,NaN,NaN,NaN,NaN,NaN,NaN,NaN,NaN
10,NaN,NaN,NaN,NaN,NaN,NaN,NaN,NaN
11,NaN,NaN,NaN,NaN,NaN,NaN,NaN,NaN
1,NaN,NaN,NaN,NaN,NaN,NaN,NaN,NaN
2,NaN,NaN,NaN,NaN,NaN,NaN,NaN,NaN
3,NaN,NaN,NaN,NaN,NaN,NaN,NaN,NaN
4,NaN,NaN,NaN,NaN,NaN,NaN,NaN,NaN
5,NaN,NaN,NaN,NaN,NaN,NaN,NaN,NaN
6,NaN,NaN,NaN,NaN,NaN,NaN,NaN,NaN
7,NaN,NaN,NaN,NaN,NaN,NaN,NaN,NaN
8,NaN,NaN,NaN,NaN,NaN,NaN,NaN,NaN
9,NaN,NaN,NaN,NaN,NaN,NaN,NaN,NaN
10,NaN,NaN,NaN,NaN,NaN,NaN,NaN,NaN
11,NaN,NaN,NaN,NaN,NaN,NaN,NaN,NaN
1,NaN,NaN,NaN,NaN,NaN,NaN,NaN,NaN
2,NaN,NaN,NaN,NaN,NaN,NaN,NaN,NaN
3,NaN,NaN,NaN,NaN,NaN,NaN,NaN,NaN
4,NaN,NaN,NaN,NaN,NaN,NaN,NaN,NaN
5,NaN,NaN,NaN,NaN,NaN,NaN,NaN,NaN
6,NaN,NaN,NaN,NaN,NaN,NaN,NaN,NaN
7,NaN,NaN,NaN,NaN,NaN,NaN,NaN,NaN
8,NaN,NaN,NaN,NaN,NaN,NaN,NaN,NaN
9,NaN,NaN,NaN,NaN,NaN,NaN,NaN,NaN
10,NaN,NaN,NaN,NaN,NaN,NaN,NaN,NaN
11,NaN,NaN,NaN,NaN,NaN,NaN,NaN,NaN
1,NaN,NaN,NaN,NaN,NaN,NaN,NaN,NaN
2,NaN,NaN,NaN,NaN,NaN,NaN,NaN,NaN
3,NaN,NaN,NaN,NaN,NaN,NaN,NaN,NaN
4,NaN,NaN,NaN,NaN,NaN,NaN,NaN,NaN
5,NaN,NaN,NaN,NaN,NaN,NaN,NaN,NaN
6,NaN,NaN,NaN,NaN,NaN,NaN,NaN,NaN
7,NaN,NaN,NaN,NaN,NaN,NaN,NaN,NaN
8,NaN,NaN,NaN,NaN,NaN,NaN,NaN,NaN
9,NaN,NaN,NaN,NaN,NaN,NaN,NaN,NaN
10,NaN,NaN,NaN,NaN,NaN,NaN,NaN,NaN
11,NaN,NaN,NaN,NaN,NaN,NaN,NaN,NaN
1,NaN,NaN,NaN,NaN,NaN,NaN,NaN,NaN
2,NaN,NaN,NaN,NaN,NaN,NaN,NaN,NaN
3,NaN,NaN,NaN,NaN,NaN,NaN,NaN,NaN
4,NaN,NaN,NaN,NaN,NaN,NaN,NaN,NaN
5,NaN,NaN,NaN,NaN,NaN,NaN,NaN,NaN
6,NaN,NaN,NaN,NaN,NaN,NaN,NaN,NaN
7,NaN,NaN,NaN,NaN,NaN,NaN,NaN,NaN
8,NaN,NaN,NaN,NaN,NaN,NaN,NaN,NaN
9,NaN,NaN,NaN,NaN,NaN,NaN,NaN,NaN
10,NaN,NaN,NaN,NaN,NaN,NaN,NaN,NaN
11,NaN,NaN,NaN,NaN,NaN,NaN,NaN,NaN
1,NaN,NaN,NaN,NaN,NaN,NaN,NaN,NaN
2,NaN,NaN,NaN,NaN,NaN,NaN,NaN,NaN
3,NaN,NaN,NaN,NaN,NaN,NaN,NaN,NaN
4,NaN,NaN,NaN,NaN,NaN,NaN,NaN,NaN
5,NaN,NaN,NaN,NaN,NaN,NaN,NaN,NaN
6,NaN,NaN,NaN,NaN,NaN,NaN,NaN,NaN
7,NaN,NaN,NaN,NaN,NaN,NaN,NaN,NaN
8,NaN,NaN,NaN,NaN,NaN,NaN,NaN,NaN
9,NaN,NaN,NaN,NaN,NaN,NaN,NaN,NaN
10,NaN,NaN,NaN,NaN,NaN,NaN,NaN,NaN
11,NaN,NaN,NaN,NaN,NaN,NaN,NaN,NaN
1,NaN,NaN,NaN,NaN,NaN,NaN,NaN,NaN
2,NaN,NaN,NaN,NaN,NaN,NaN,NaN,NaN
3,NaN,NaN,NaN,NaN,NaN,NaN,NaN,NaN
4,NaN,NaN,NaN,NaN,NaN,NaN,NaN,NaN
5,NaN,NaN,NaN,NaN,NaN,NaN,NaN,NaN
6,NaN,NaN,NaN,NaN,NaN,NaN,NaN,NaN
7,NaN,NaN,NaN,NaN,NaN,NaN,NaN,NaN
8,NaN,NaN,NaN,NaN,NaN,NaN,NaN,NaN
9,NaN,NaN,NaN,NaN,NaN,NaN,NaN,NaN
10,NaN,NaN,NaN,NaN,NaN,NaN,NaN,NaN
11,NaN,NaN,NaN,NaN,NaN,NaN,NaN,NaN
1,NaN,NaN,NaN,NaN,NaN,NaN,NaN,NaN
2,NaN,NaN,NaN,NaN,NaN,NaN,NaN,NaN
3,NaN,NaN,NaN,NaN,NaN,NaN,NaN,NaN
4,NaN,NaN,NaN,NaN,NaN,NaN,NaN,NaN
5,NaN,NaN,NaN,NaN,NaN,NaN,NaN,NaN
6,NaN,NaN,NaN,NaN,NaN,NaN,NaN,NaN
7,NaN,NaN,NaN,NaN,NaN,NaN,NaN,NaN
8,NaN,NaN,NaN,NaN,NaN,NaN,NaN,NaN
9,NaN,NaN,NaN,NaN,NaN,NaN,NaN,NaN
10,NaN,NaN,NaN,NaN,NaN,NaN,NaN,NaN
11,NaN,NaN,NaN,NaN,NaN,NaN,NaN,NaN
1,NaN,NaN,NaN,NaN,NaN,NaN,NaN,NaN
2,NaN,NaN,NaN,NaN,NaN,NaN,NaN,NaN
3,NaN,NaN,NaN,NaN,NaN,NaN,NaN,NaN
4,NaN,NaN,NaN,NaN,NaN,NaN,NaN,NaN
5,NaN,NaN,NaN,NaN,NaN,NaN,NaN,NaN
6,NaN,NaN,NaN,NaN,NaN,NaN,NaN,NaN
7,NaN,NaN,NaN,NaN,NaN,NaN,NaN,NaN
8,NaN,NaN,NaN,NaN,NaN,NaN,NaN,NaN
9,NaN,NaN,NaN,NaN,NaN,NaN,NaN,NaN
10,NaN,NaN,NaN,NaN,NaN,NaN,NaN,NaN
11,NaN,NaN,NaN,NaN,NaN,NaN,NaN,NaN
1,NaN,NaN,NaN,NaN,NaN,NaN,NaN,NaN
2,NaN,NaN,NaN,NaN,NaN,NaN,NaN,NaN
3,NaN,NaN,NaN,NaN,NaN,NaN,NaN,NaN
4,NaN,NaN,NaN,NaN,NaN,NaN,NaN,NaN
5,NaN,NaN,NaN,NaN,NaN,NaN,NaN,NaN
6,NaN,NaN,NaN,NaN,NaN,NaN,NaN,NaN
7,NaN,NaN,NaN,NaN,NaN,NaN,NaN,NaN
8,NaN,NaN,NaN,NaN,NaN,NaN,NaN,NaN
9,NaN,NaN,NaN,NaN,NaN,NaN,NaN,NaN
10,NaN,NaN,NaN,NaN,NaN,NaN,NaN,NaN
11,NaN,NaN,NaN,NaN,NaN,NaN,NaN,NaN
1,NaN,NaN,NaN,NaN,NaN,NaN,NaN,NaN
2,NaN,NaN,NaN,NaN,NaN,NaN,NaN,NaN
3,NaN,NaN,NaN,NaN,NaN,NaN,NaN,NaN
4,NaN,NaN,NaN,NaN,NaN,NaN,NaN,NaN
5,NaN,NaN,NaN,NaN,NaN,NaN,NaN,NaN
6,NaN,NaN,NaN,NaN,NaN,NaN,NaN,NaN
7,NaN,NaN,NaN,NaN,NaN,NaN,NaN,NaN
8,NaN,NaN,NaN,NaN,NaN,NaN,NaN,NaN
9,NaN,NaN,NaN,NaN,NaN,NaN,NaN,NaN
10,NaN,NaN,NaN,NaN,NaN,NaN,NaN,NaN
11,NaN,NaN,NaN,NaN,NaN,NaN,NaN,NaN
1,NaN,NaN,NaN,NaN,NaN,NaN,NaN,NaN
2,NaN,NaN,NaN,NaN,NaN,NaN,NaN,NaN
3,NaN,NaN,NaN,NaN,NaN,NaN,NaN,NaN
4,NaN,NaN,NaN,NaN,NaN,NaN,NaN,NaN
5,NaN,NaN,NaN,NaN,NaN,NaN,NaN,NaN
6,NaN,NaN,NaN,NaN,NaN,NaN,NaN,NaN
7,NaN,NaN,NaN,NaN,NaN,NaN,NaN,NaN
8,NaN,NaN,NaN,NaN,NaN,NaN,NaN,NaN
9,NaN,NaN,NaN,NaN,NaN,NaN,NaN,NaN
10,NaN,NaN,NaN,NaN,NaN,NaN,NaN,NaN
11,NaN,NaN,NaN,NaN,NaN,NaN,NaN,NaN
1,NaN,NaN,NaN,NaN,NaN,NaN,NaN,NaN
2,NaN,NaN,NaN,NaN,NaN,NaN,NaN,NaN
3,NaN,NaN,NaN,NaN,NaN,NaN,NaN,NaN
4,NaN,NaN,NaN,NaN,NaN,NaN,NaN,NaN
5,NaN,NaN,NaN,NaN,NaN,NaN,NaN,NaN
6,NaN,NaN,NaN,NaN,NaN,NaN,NaN,NaN
7,NaN,NaN,NaN,NaN,NaN,NaN,NaN,NaN
8,NaN,NaN,NaN,NaN,NaN,NaN,NaN,NaN
9,NaN,NaN,NaN,NaN,NaN,NaN,NaN,NaN
10,NaN,NaN,NaN,NaN,NaN,NaN,NaN,NaN
11,NaN,NaN,NaN,NaN,NaN,NaN,NaN,NaN
1,NaN,NaN,NaN,NaN,NaN,NaN,NaN,NaN
2,NaN,NaN,NaN,NaN,NaN,NaN,NaN,NaN
3,NaN,NaN,NaN,NaN,NaN,NaN,NaN,NaN
4,NaN,NaN,NaN,NaN,NaN,NaN,NaN,NaN
5,NaN,NaN,NaN,NaN,NaN,NaN,NaN,NaN
6,NaN,NaN,NaN,NaN,NaN,NaN,NaN,NaN
7,NaN,NaN,NaN,NaN,NaN,NaN,NaN,NaN
8,NaN,NaN,NaN,NaN,NaN,NaN,NaN,NaN
9,NaN,NaN,NaN,NaN,NaN,NaN,NaN,NaN
10,NaN,NaN,NaN,NaN,NaN,NaN,NaN,NaN
11,NaN,NaN,NaN,NaN,NaN,NaN,NaN,NaN
1,NaN,NaN,NaN,NaN,NaN,NaN,NaN,NaN
2,NaN,NaN,NaN,NaN,NaN,NaN,NaN,NaN
3,NaN,NaN,NaN,NaN,NaN,NaN,NaN,NaN
4,NaN,NaN,NaN,NaN,NaN,NaN,NaN,NaN
5,NaN,NaN,NaN,NaN,NaN,NaN,NaN,NaN
6,NaN,NaN,NaN,NaN,NaN,NaN,NaN,NaN
7,NaN,NaN,NaN,NaN,NaN,NaN,NaN,NaN
8,NaN,NaN,NaN,NaN,NaN,NaN,NaN,NaN
9,NaN,NaN,NaN,NaN,NaN,NaN,NaN,NaN
10,NaN,NaN,NaN,NaN,NaN,NaN,NaN,NaN
11,NaN,NaN,NaN,NaN,NaN,NaN,NaN,NaN
1,NaN,NaN,NaN,NaN,NaN,NaN,NaN,NaN
2,NaN,NaN,NaN,NaN,NaN,NaN,NaN,NaN
3,NaN,NaN,NaN,NaN,NaN,NaN,NaN,NaN
4,NaN,NaN,NaN,NaN,NaN,NaN,NaN,NaN
5,NaN,NaN,NaN,NaN,NaN,NaN,NaN,NaN
6,NaN,NaN,NaN,NaN,NaN,NaN,NaN,NaN
7,NaN,NaN,NaN,NaN,NaN,NaN,NaN,NaN
8,NaN,NaN,NaN,NaN,NaN,NaN,NaN,NaN
9,NaN,NaN,NaN,NaN,NaN,NaN,NaN,NaN
10,NaN,NaN,NaN,NaN,NaN,NaN,NaN,NaN
11,NaN,NaN,NaN,NaN,NaN,NaN,NaN,NaN
1,NaN,NaN,NaN,NaN,NaN,NaN,NaN,NaN
2,NaN,NaN,NaN,NaN,NaN,NaN,NaN,NaN
3,NaN,NaN,NaN,NaN,NaN,NaN,NaN,NaN
4,NaN,NaN,NaN,NaN,NaN,NaN,NaN,NaN
5,NaN,NaN,NaN,NaN,NaN,NaN,NaN,NaN
6,NaN,NaN,NaN,NaN,NaN,NaN,NaN,NaN
7,NaN,NaN,NaN,NaN,NaN,NaN,NaN,NaN
8,NaN,NaN,NaN,NaN,NaN,NaN,NaN,NaN
9,NaN,NaN,NaN,NaN,NaN,NaN,NaN,NaN
10,NaN,NaN,NaN,NaN,NaN,NaN,NaN,NaN
11,NaN,NaN,NaN,NaN,NaN,NaN,NaN,NaN
1,NaN,NaN,NaN,NaN,NaN,NaN,NaN,NaN
2,NaN,NaN,NaN,NaN,NaN,NaN,NaN,NaN
3,NaN,NaN,NaN,NaN,NaN,NaN,NaN,NaN
4,NaN,NaN,NaN,NaN,NaN,NaN,NaN,NaN
5,NaN,NaN,NaN,NaN,NaN,NaN,NaN,NaN
6,NaN,NaN,NaN,NaN,NaN,NaN,NaN,NaN
7,NaN,NaN,NaN,NaN,NaN,NaN,NaN,NaN
8,NaN,NaN,NaN,NaN,NaN,NaN,NaN,NaN
9,NaN,NaN,NaN,NaN,NaN,NaN,NaN,NaN
10,NaN,NaN,NaN,NaN,NaN,NaN,NaN,NaN
11,NaN,NaN,NaN,NaN,NaN,NaN,NaN,NaN
1,NaN,NaN,NaN,NaN,NaN,NaN,NaN,NaN
2,NaN,NaN,NaN,NaN,NaN,NaN,NaN,NaN
3,NaN,NaN,NaN,NaN,NaN,NaN,NaN,NaN
4,NaN,NaN,NaN,NaN,NaN,NaN,NaN,NaN
5,NaN,NaN,NaN,NaN,NaN,NaN,NaN,NaN
6,NaN,NaN,NaN,NaN,NaN,NaN,NaN,NaN
7,NaN,NaN,NaN,NaN,NaN,NaN,NaN,NaN
8,NaN,NaN,NaN,NaN,NaN,NaN,NaN,NaN
9,NaN,NaN,NaN,NaN,NaN,NaN,NaN,NaN
10,NaN,NaN,NaN,NaN,NaN,NaN,NaN,NaN
11,NaN,NaN,NaN,NaN,NaN,NaN,NaN,NaN
1,NaN,NaN,NaN,NaN,NaN,NaN,NaN,NaN
2,NaN,NaN,NaN,NaN,NaN,NaN,NaN,NaN
3,NaN,NaN,NaN,NaN,NaN,NaN,NaN,NaN
4,NaN,NaN,NaN,NaN,NaN,NaN,NaN,NaN
5,NaN,NaN,NaN,NaN,NaN,NaN,NaN,NaN
6,NaN,NaN,NaN,NaN,NaN,NaN,NaN,NaN
7,NaN,NaN,NaN,NaN,NaN,NaN,NaN,NaN
8,NaN,NaN,NaN,NaN,NaN,NaN,NaN,NaN
9,NaN,NaN,NaN,NaN,NaN,NaN,NaN,NaN
10,NaN,NaN,NaN,NaN,NaN,NaN,NaN,NaN
11,NaN,NaN,NaN,NaN,NaN,NaN,NaN,NaN
1,NaN,NaN,NaN,NaN,NaN,NaN,NaN,NaN
2,NaN,NaN,NaN,NaN,NaN,NaN,NaN,NaN
3,NaN,NaN,NaN,NaN,NaN,NaN,NaN,NaN
4,NaN,NaN,NaN,NaN,NaN,NaN,NaN,NaN
5,NaN,NaN,NaN,NaN,NaN,NaN,NaN,NaN
6,NaN,NaN,NaN,NaN,NaN,NaN,NaN,NaN
7,NaN,NaN,NaN,NaN,NaN,NaN,NaN,NaN
8,NaN,NaN,NaN,NaN,NaN,NaN,NaN,NaN
9,NaN,NaN,NaN,NaN,NaN,NaN,NaN,NaN
10,NaN,NaN,NaN,NaN,NaN,NaN,NaN,NaN
11,NaN,NaN,NaN,NaN,NaN,NaN,NaN,NaN
1,NaN,NaN,NaN,NaN,NaN,NaN,NaN,NaN
2,NaN,NaN,NaN,NaN,NaN,NaN,NaN,NaN
3,NaN,NaN,NaN,NaN,NaN,NaN,NaN,NaN
4,NaN,NaN,NaN,NaN,NaN,NaN,NaN,NaN
5,NaN,NaN,NaN,NaN,NaN,NaN,NaN,NaN
6,NaN,NaN,NaN,NaN,NaN,NaN,NaN,NaN
7,NaN,NaN,NaN,NaN,NaN,NaN,NaN,NaN
8,NaN,NaN,NaN,NaN,NaN,NaN,NaN,NaN
9,NaN,NaN,NaN,NaN,NaN,NaN,NaN,NaN
10,NaN,NaN,NaN,NaN,NaN,NaN,NaN,NaN
11,NaN,NaN,NaN,NaN,NaN,NaN,NaN,NaN
1,NaN,NaN,NaN,NaN,NaN,NaN,NaN,NaN
2,NaN,NaN,NaN,NaN,NaN,NaN,NaN,NaN
3,NaN,NaN,NaN,NaN,NaN,NaN,NaN,NaN
4,NaN,NaN,NaN,NaN,NaN,NaN,NaN,NaN
5,NaN,NaN,NaN,NaN,NaN,NaN,NaN,NaN
6,NaN,NaN,NaN,NaN,NaN,NaN,NaN,NaN
7,NaN,NaN,NaN,NaN,NaN,NaN,NaN,NaN
8,NaN,NaN,NaN,NaN,NaN,NaN,NaN,NaN
9,NaN,NaN,NaN,NaN,NaN,NaN,NaN,NaN
10,NaN,NaN,NaN,NaN,NaN,NaN,NaN,NaN
11,NaN,NaN,NaN,NaN,NaN,NaN,NaN,NaN
1,NaN,NaN,NaN,NaN,NaN,NaN,NaN,NaN
2,NaN,NaN,NaN,NaN,NaN,NaN,NaN,NaN
3,NaN,NaN,NaN,NaN,NaN,NaN,NaN,NaN
4,NaN,NaN,NaN,NaN,NaN,NaN,NaN,NaN
5,NaN,NaN,NaN,NaN,NaN,NaN,NaN,NaN
6,NaN,NaN,NaN,NaN,NaN,NaN,NaN,NaN
7,NaN,NaN,NaN,NaN,NaN,NaN,NaN,NaN
8,NaN,NaN,NaN,NaN,NaN,NaN,NaN,NaN
9,NaN,NaN,NaN,NaN,NaN,NaN,NaN,NaN
10,NaN,NaN,NaN,NaN,NaN,NaN,NaN,NaN
11,NaN,NaN,NaN,NaN,NaN,NaN,NaN,NaN
1,NaN,NaN,NaN,NaN,NaN,NaN,NaN,NaN
2,NaN,NaN,NaN,NaN,NaN,NaN,NaN,NaN
3,NaN,NaN,NaN,NaN,NaN,NaN,NaN,NaN
4,NaN,NaN,NaN,NaN,NaN,NaN,NaN,NaN
5,NaN,NaN,NaN,NaN,NaN,NaN,NaN,NaN
6,NaN,NaN,NaN,NaN,NaN,NaN,NaN,NaN
7,NaN,NaN,NaN,NaN,NaN,NaN,NaN,NaN
8,NaN,NaN,NaN,NaN,NaN,NaN,NaN,NaN
9,NaN,NaN,NaN,NaN,NaN,NaN,NaN,NaN
10,NaN,NaN,NaN,NaN,NaN,NaN,NaN,NaN
11,NaN,NaN,NaN,NaN,NaN,NaN,NaN,NaN
1,NaN,NaN,NaN,NaN,NaN,NaN,NaN,NaN
2,NaN,NaN,NaN,NaN,NaN,NaN,NaN,NaN
3,NaN,NaN,NaN,NaN,NaN,NaN,NaN,NaN
4,NaN,NaN,NaN,NaN,NaN,NaN,NaN,NaN
5,NaN,NaN,NaN,NaN,NaN,NaN,NaN,NaN
6,NaN,NaN,NaN,NaN,NaN,NaN,NaN,NaN
7,NaN,NaN,NaN,NaN,NaN,NaN,NaN,NaN
8,NaN,NaN,NaN,NaN,NaN,NaN,NaN,NaN
9,NaN,NaN,NaN,NaN,NaN,NaN,NaN,NaN
10,NaN,NaN,NaN,NaN,NaN,NaN,NaN,NaN
11,NaN,NaN,NaN,NaN,NaN,NaN,NaN,NaN
1,NaN,NaN,NaN,NaN,NaN,NaN,NaN,NaN
2,NaN,NaN,NaN,NaN,NaN,NaN,NaN,NaN
3,NaN,NaN,NaN,NaN,NaN,NaN,NaN,NaN
4,NaN,NaN,NaN,NaN,NaN,NaN,NaN,NaN
5,NaN,NaN,NaN,NaN,NaN,NaN,NaN,NaN
6,NaN,NaN,NaN,NaN,NaN,NaN,NaN,NaN
7,NaN,NaN,NaN,NaN,NaN,NaN,NaN,NaN
8,NaN,NaN,NaN,NaN,NaN,NaN,NaN,NaN
9,NaN,NaN,NaN,NaN,NaN,NaN,NaN,NaN
10,NaN,NaN,NaN,NaN,NaN,NaN,NaN,NaN
11,NaN,NaN,NaN,NaN,NaN,NaN,NaN,NaN
1,NaN,NaN,NaN,NaN,NaN,NaN,NaN,NaN
2,NaN,NaN,NaN,NaN,NaN,NaN,NaN,NaN
3,NaN,NaN,NaN,NaN,NaN,NaN,NaN,NaN
4,NaN,NaN,NaN,NaN,NaN,NaN,NaN,NaN
5,NaN,NaN,NaN,NaN,NaN,NaN,NaN,NaN
6,NaN,NaN,NaN,NaN,NaN,NaN,NaN,NaN
7,NaN,NaN,NaN,NaN,NaN,NaN,NaN,NaN
8,NaN,NaN,NaN,NaN,NaN,NaN,NaN,NaN
9,NaN,NaN,NaN,NaN,NaN,NaN,NaN,NaN
10,NaN,NaN,NaN,NaN,NaN,NaN,NaN,NaN
11,NaN,NaN,NaN,NaN,NaN,NaN,NaN,NaN
1,NaN,NaN,NaN,NaN,NaN,NaN,NaN,NaN
2,NaN,NaN,NaN,NaN,NaN,NaN,NaN,NaN
3,NaN,NaN,NaN,NaN,NaN,NaN,NaN,NaN
4,NaN,NaN,NaN,NaN,NaN,NaN,NaN,NaN
5,NaN,NaN,NaN,NaN,NaN,NaN,NaN,NaN
6,NaN,NaN,NaN,NaN,NaN,NaN,NaN,NaN
7,NaN,NaN,NaN,NaN,NaN,NaN,NaN,NaN
8,NaN,NaN,NaN,NaN,NaN,NaN,NaN,NaN
9,NaN,NaN,NaN,NaN,NaN,NaN,NaN,NaN
10,NaN,NaN,NaN,NaN,NaN,NaN,NaN,NaN
11,NaN,NaN,NaN,NaN,NaN,NaN,NaN,NaN
1,NaN,NaN,NaN,NaN,NaN,NaN,NaN,NaN
2,NaN,NaN,NaN,NaN,NaN,NaN,NaN,NaN
3,NaN,NaN,NaN,NaN,NaN,NaN,NaN,NaN
4,NaN,NaN,NaN,NaN,NaN,NaN,NaN,NaN
5,NaN,NaN,NaN,NaN,NaN,NaN,NaN,NaN
6,NaN,NaN,NaN,NaN,NaN,NaN,NaN,NaN
7,NaN,NaN,NaN,NaN,NaN,NaN,NaN,NaN
8,NaN,NaN,NaN,NaN,NaN,NaN,NaN,NaN
9,NaN,NaN,NaN,NaN,NaN,NaN,NaN,NaN
10,NaN,NaN,NaN,NaN,NaN,NaN,NaN,NaN
11,NaN,NaN,NaN,NaN,NaN,NaN,NaN,NaN
1,NaN,NaN,NaN,NaN,NaN,NaN,NaN,NaN
2,NaN,NaN,NaN,NaN,NaN,NaN,NaN,NaN
3,NaN,NaN,NaN,NaN,NaN,NaN,NaN,NaN
4,NaN,NaN,NaN,NaN,NaN,NaN,NaN,NaN
5,NaN,NaN,NaN,NaN,NaN,NaN,NaN,NaN
6,NaN,NaN,NaN,NaN,NaN,NaN,NaN,NaN
7,NaN,NaN,NaN,NaN,NaN,NaN,NaN,NaN
8,NaN,NaN,NaN,NaN,NaN,NaN,NaN,NaN
9,NaN,NaN,NaN,NaN,NaN,NaN,NaN,NaN
10,NaN,NaN,NaN,NaN,NaN,NaN,NaN,NaN
11,NaN,NaN,NaN,NaN,NaN,NaN,NaN,NaN
1,NaN,NaN,NaN,NaN,NaN,NaN,NaN,NaN
2,NaN,NaN,NaN,NaN,NaN,NaN,NaN,NaN
3,NaN,NaN,NaN,NaN,NaN,NaN,NaN,NaN
4,NaN,NaN,NaN,NaN,NaN,NaN,NaN,NaN
5,NaN,NaN,NaN,NaN,NaN,NaN,NaN,NaN
6,NaN,NaN,NaN,NaN,NaN,NaN,NaN,NaN
7,NaN,NaN,NaN,NaN,NaN,NaN,NaN,NaN
8,NaN,NaN,NaN,NaN,NaN,NaN,NaN,NaN
9,NaN,NaN,NaN,NaN,NaN,NaN,NaN,NaN
10,NaN,NaN,NaN,NaN,NaN,NaN,NaN,NaN
11,NaN,NaN,NaN,NaN,NaN,NaN,NaN,NaN
1,NaN,NaN,NaN,NaN,NaN,NaN,NaN,NaN
2,NaN,NaN,NaN,NaN,NaN,NaN,NaN,NaN
3,NaN,NaN,NaN,NaN,NaN,NaN,NaN,NaN
4,NaN,NaN,NaN,NaN,NaN,NaN,NaN,NaN
5,NaN,NaN,NaN,NaN,NaN,NaN,NaN,NaN
6,NaN,NaN,NaN,NaN,NaN,NaN,NaN,NaN
7,NaN,NaN,NaN,NaN,NaN,NaN,NaN,NaN
8,NaN,NaN,NaN,NaN,NaN,NaN,NaN,NaN
9,NaN,NaN,NaN,NaN,NaN,NaN,NaN,NaN
10,NaN,NaN,NaN,NaN,NaN,NaN,NaN,NaN
11,NaN,NaN,NaN,NaN,NaN,NaN,NaN,NaN
1,NaN,NaN,NaN,NaN,NaN,NaN,NaN,NaN
2,NaN,NaN,NaN,NaN,NaN,NaN,NaN,NaN
3,NaN,NaN,NaN,NaN,NaN,NaN,NaN,NaN
4,NaN,NaN,NaN,NaN,NaN,NaN,NaN,NaN
5,NaN,NaN,NaN,NaN,NaN,NaN,NaN,NaN
6,NaN,NaN,NaN,NaN,NaN,NaN,NaN,NaN
7,NaN,NaN,NaN,NaN,NaN,NaN,NaN,NaN
8,NaN,NaN,NaN,NaN,NaN,NaN,NaN,NaN
9,NaN,NaN,NaN,NaN,NaN,NaN,NaN,NaN
10,NaN,NaN,NaN,NaN,NaN,NaN,NaN,NaN
11,NaN,NaN,NaN,NaN,NaN,NaN,NaN,NaN
1,NaN,NaN,NaN,NaN,NaN,NaN,NaN,NaN
2,NaN,NaN,NaN,NaN,NaN,NaN,NaN,NaN
3,NaN,NaN,NaN,NaN,NaN,NaN,NaN,NaN
4,NaN,NaN,NaN,NaN,NaN,NaN,NaN,NaN
5,NaN,NaN,NaN,NaN,NaN,NaN,NaN,NaN
6,NaN,NaN,NaN,NaN,NaN,NaN,NaN,NaN
7,NaN,NaN,NaN,NaN,NaN,NaN,NaN,NaN
8,NaN,NaN,NaN,NaN,NaN,NaN,NaN,NaN
9,NaN,NaN,NaN,NaN,NaN,NaN,NaN,NaN
10,NaN,NaN,NaN,NaN,NaN,NaN,NaN,NaN
11,NaN,NaN,NaN,NaN,NaN,NaN,NaN,NaN
1,NaN,NaN,NaN,NaN,NaN,NaN,NaN,NaN
2,NaN,NaN,NaN,NaN,NaN,NaN,NaN,NaN
3,NaN,NaN,NaN,NaN,NaN,NaN,NaN,NaN
4,NaN,NaN,NaN,NaN,NaN,NaN,NaN,NaN
5,NaN,NaN,NaN,NaN,NaN,NaN,NaN,NaN
6,NaN,NaN,NaN,NaN,NaN,NaN,NaN,NaN
7,NaN,NaN,NaN,NaN,NaN,NaN,NaN,NaN
8,NaN,NaN,NaN,NaN,NaN,NaN,NaN,NaN
9,NaN,NaN,NaN,NaN,NaN,NaN,NaN,NaN
10,NaN,NaN,NaN,NaN,NaN,NaN,NaN,NaN
11,NaN,NaN,NaN,NaN,NaN,NaN,NaN,NaN
1,NaN,NaN,NaN,NaN,NaN,NaN,NaN,NaN
2,NaN,NaN,NaN,NaN,NaN,NaN,NaN,NaN
3,NaN,NaN,NaN,NaN,NaN,NaN,NaN,NaN
4,NaN,NaN,NaN,NaN,NaN,NaN,NaN,NaN
5,NaN,NaN,NaN,NaN,NaN,NaN,NaN,NaN
6,NaN,NaN,NaN,NaN,NaN,NaN,NaN,NaN
7,NaN,NaN,NaN,NaN,NaN,NaN,NaN,NaN
8,NaN,NaN,NaN,NaN,NaN,NaN,NaN,NaN
9,NaN,NaN,NaN,NaN,NaN,NaN,NaN,NaN
10,NaN,NaN,NaN,NaN,NaN,NaN,NaN,NaN
11,NaN,NaN,NaN,NaN,NaN,NaN,NaN,NaN
1,NaN,NaN,NaN,NaN,NaN,NaN,NaN,NaN
2,NaN,NaN,NaN,NaN,NaN,NaN,NaN,NaN
3,NaN,NaN,NaN,NaN,NaN,NaN,NaN,NaN
4,NaN,NaN,NaN,NaN,NaN,NaN,NaN,NaN
5,NaN,NaN,NaN,NaN,NaN,NaN,NaN,NaN
6,NaN,NaN,NaN,NaN,NaN,NaN,NaN,NaN
7,NaN,NaN,NaN,NaN,NaN,NaN,NaN,NaN
8,NaN,NaN,NaN,NaN,NaN,NaN,NaN,NaN
9,NaN,NaN,NaN,NaN,NaN,NaN,NaN,NaN
10,NaN,NaN,NaN,NaN,NaN,NaN,NaN,NaN
11,NaN,NaN,NaN,NaN,NaN,NaN,NaN,NaN
1,NaN,NaN,NaN,NaN,NaN,NaN,NaN,NaN
2,NaN,NaN,NaN,NaN,NaN,NaN,NaN,NaN
3,NaN,NaN,NaN,NaN,NaN,NaN,NaN,NaN
4,NaN,NaN,NaN,NaN,NaN,NaN,NaN,NaN
5,NaN,NaN,NaN,NaN,NaN,NaN,NaN,NaN
6,NaN,NaN,NaN,NaN,NaN,NaN,NaN,NaN
7,NaN,NaN,NaN,NaN,NaN,NaN,NaN,NaN
8,NaN,NaN,NaN,NaN,NaN,NaN,NaN,NaN
9,NaN,NaN,NaN,NaN,NaN,NaN,NaN,NaN
10,NaN,NaN,NaN,NaN,NaN,NaN,NaN,NaN
11,NaN,NaN,NaN,NaN,NaN,NaN,NaN,NaN
1,NaN,NaN,NaN,NaN,NaN,NaN,NaN,NaN
2,NaN,NaN,NaN,NaN,NaN,NaN,NaN,NaN
3,NaN,NaN,NaN,NaN,NaN,NaN,NaN,NaN
4,NaN,NaN,NaN,NaN,NaN,NaN,NaN,NaN
5,NaN,NaN,NaN,NaN,NaN,NaN,NaN,NaN
6,NaN,NaN,NaN,NaN,NaN,NaN,NaN,NaN
7,NaN,NaN,NaN,NaN,NaN,NaN,NaN,NaN
8,NaN,NaN,NaN,NaN,NaN,NaN,NaN,NaN
9,NaN,NaN,NaN,NaN,NaN,NaN,NaN,NaN
10,NaN,NaN,NaN,NaN,NaN,NaN,NaN,NaN
11,NaN,NaN,NaN,NaN,NaN,NaN,NaN,NaN
1,NaN,NaN,NaN,NaN,NaN,NaN,NaN,NaN
2,NaN,NaN,NaN,NaN,NaN,NaN,NaN,NaN
3,NaN,NaN,NaN,NaN,NaN,NaN,NaN,NaN
4,NaN,NaN,NaN,NaN,NaN,NaN,NaN,NaN
5,NaN,NaN,NaN,NaN,NaN,NaN,NaN,NaN
6,NaN,NaN,NaN,NaN,NaN,NaN,NaN,NaN
7,NaN,NaN,NaN,NaN,NaN,NaN,NaN,NaN
8,NaN,NaN,NaN,NaN,NaN,NaN,NaN,NaN
9,NaN,NaN,NaN,NaN,NaN,NaN,NaN,NaN
10,NaN,NaN,NaN,NaN,NaN,NaN,NaN,NaN
11,NaN,NaN,NaN,NaN,NaN,NaN,NaN,NaN
1,NaN,NaN,NaN,NaN,NaN,NaN,NaN,NaN
2,NaN,NaN,NaN,NaN,NaN,NaN,NaN,NaN
3,NaN,NaN,NaN,NaN,NaN,NaN,NaN,NaN
4,NaN,NaN,NaN,NaN,NaN,NaN,NaN,NaN
5,NaN,NaN,NaN,NaN,NaN,NaN,NaN,NaN
6,NaN,NaN,NaN,NaN,NaN,NaN,NaN,NaN
7,NaN,NaN,NaN,NaN,NaN,NaN,NaN,NaN
8,NaN,NaN,NaN,NaN,NaN,NaN,NaN,NaN
9,NaN,NaN,NaN,NaN,NaN,NaN,NaN,NaN
10,NaN,NaN,NaN,NaN,NaN,NaN,NaN,NaN
11,NaN,NaN,NaN,NaN,NaN,NaN,NaN,NaN
1,NaN,NaN,NaN,NaN,NaN,NaN,NaN,NaN
2,NaN,NaN,NaN,NaN,NaN,NaN,NaN,NaN
3,NaN,NaN,NaN,NaN,NaN,NaN,NaN,NaN
4,NaN,NaN,NaN,NaN,NaN,NaN,NaN,NaN
5,NaN,NaN,NaN,NaN,NaN,NaN,NaN,NaN
6,NaN,NaN,NaN,NaN,NaN,NaN,NaN,NaN
7,NaN,NaN,NaN,NaN,NaN,NaN,NaN,NaN
8,NaN,NaN,NaN,NaN,NaN,NaN,NaN,NaN
9,NaN,NaN,NaN,NaN,NaN,NaN,NaN,NaN
10,NaN,NaN,NaN,NaN,NaN,NaN,NaN,NaN
11,NaN,NaN,NaN,NaN,NaN,NaN,NaN,NaN
1,NaN,NaN,NaN,NaN,NaN,NaN,NaN,NaN
2,NaN,NaN,NaN,NaN,NaN,NaN,NaN,NaN
3,NaN,NaN,NaN,NaN,NaN,NaN,NaN,NaN
4,NaN,NaN,NaN,NaN,NaN,NaN,NaN,NaN
5,NaN,NaN,NaN,NaN,NaN,NaN,NaN,NaN
6,NaN,NaN,NaN,NaN,NaN,NaN,NaN,NaN
7,NaN,NaN,NaN,NaN,NaN,NaN,NaN,NaN
8,NaN,NaN,NaN,NaN,NaN,NaN,NaN,NaN
9,NaN,NaN,NaN,NaN,NaN,NaN,NaN,NaN
10,NaN,NaN,NaN,NaN,NaN,NaN,NaN,NaN
11,NaN,NaN,NaN,NaN,NaN,NaN,NaN,NaN
1,NaN,NaN,NaN,NaN,NaN,NaN,NaN,NaN
2,NaN,NaN,NaN,NaN,NaN,NaN,NaN,NaN
3,NaN,NaN,NaN,NaN,NaN,NaN,NaN,NaN
4,NaN,NaN,NaN,NaN,NaN,NaN,NaN,NaN
5,NaN,NaN,NaN,NaN,NaN,NaN,NaN,NaN
6,NaN,NaN,NaN,NaN,NaN,NaN,NaN,NaN
7,NaN,NaN,NaN,NaN,NaN,NaN,NaN,NaN
8,NaN,NaN,NaN,NaN,NaN,NaN,NaN,NaN
9,NaN,NaN,NaN,NaN,NaN,NaN,NaN,NaN
10,NaN,NaN,NaN,NaN,NaN,NaN,NaN,NaN
11,NaN,NaN,NaN,NaN,NaN,NaN,NaN,NaN
1,NaN,NaN,NaN,NaN,NaN,NaN,NaN,NaN
2,NaN,NaN,NaN,NaN,NaN,NaN,NaN,NaN
3,NaN,NaN,NaN,NaN,NaN,NaN,NaN,NaN
4,NaN,NaN,NaN,NaN,NaN,NaN,NaN,NaN
5,NaN,NaN,NaN,NaN,NaN,NaN,NaN,NaN
6,NaN,NaN,NaN,NaN,NaN,NaN,NaN,NaN
7,NaN,NaN,NaN,NaN,NaN,NaN,NaN,NaN
8,NaN,NaN,NaN,NaN,NaN,NaN,NaN,NaN
9,NaN,NaN,NaN,NaN,NaN,NaN,NaN,NaN
10,NaN,NaN,NaN,NaN,NaN,NaN,NaN,NaN
11,NaN,NaN,NaN,NaN,NaN,NaN,NaN,NaN
1,NaN,NaN,NaN,NaN,NaN,NaN,NaN,NaN
2,NaN,NaN,NaN,NaN,NaN,NaN,NaN,NaN
3,NaN,NaN,NaN,NaN,NaN,NaN,NaN,NaN
4,NaN,NaN,NaN,NaN,NaN,NaN,NaN,NaN
5,NaN,NaN,NaN,NaN,NaN,NaN,NaN,NaN
6,NaN,NaN,NaN,NaN,NaN,NaN,NaN,NaN
7,NaN,NaN,NaN,NaN,NaN,NaN,NaN,NaN
8,NaN,NaN,NaN,NaN,NaN,NaN,NaN,NaN
9,NaN,NaN,NaN,NaN,NaN,NaN,NaN,NaN
10,NaN,NaN,NaN,NaN,NaN,NaN,NaN,NaN
11,NaN,NaN,NaN,NaN,NaN,NaN,NaN,NaN
1,NaN,NaN,NaN,NaN,NaN,NaN,NaN,NaN
2,NaN,NaN,NaN,NaN,NaN,NaN,NaN,NaN
3,NaN,NaN,NaN,NaN,NaN,NaN,NaN,NaN
4,NaN,NaN,NaN,NaN,NaN,NaN,NaN,NaN
5,NaN,NaN,NaN,NaN,NaN,NaN,NaN,NaN
6,NaN,NaN,NaN,NaN,NaN,NaN,NaN,NaN
7,NaN,NaN,NaN,NaN,NaN,NaN,NaN,NaN
8,NaN,NaN,NaN,NaN,NaN,NaN,NaN,NaN
9,NaN,NaN,NaN,NaN,NaN,NaN,NaN,NaN
10,NaN,NaN,NaN,NaN,NaN,NaN,NaN,NaN
11,NaN,NaN,NaN,NaN,NaN,NaN,NaN,NaN
1,NaN,NaN,NaN,NaN,NaN,NaN,NaN,NaN
2,NaN,NaN,NaN,NaN,NaN,NaN,NaN,NaN
3,NaN,NaN,NaN,NaN,NaN,NaN,NaN,NaN
4,NaN,NaN,NaN,NaN,NaN,NaN,NaN,NaN
5,NaN,NaN,NaN,NaN,NaN,NaN,NaN,NaN
6,NaN,NaN,NaN,NaN,NaN,NaN,NaN,NaN
7,NaN,NaN,NaN,NaN,NaN,NaN,NaN,NaN
8,NaN,NaN,NaN,NaN,NaN,NaN,NaN,NaN
9,NaN,NaN,NaN,NaN,NaN,NaN,NaN,NaN
10,NaN,NaN,NaN,NaN,NaN,NaN,NaN,NaN
11,NaN,NaN,NaN,NaN,NaN,NaN,NaN,NaN
1,NaN,NaN,NaN,NaN,NaN,NaN,NaN,NaN
2,NaN,NaN,NaN,NaN,NaN,NaN,NaN,NaN
3,NaN,NaN,NaN,NaN,NaN,NaN,NaN,NaN
4,NaN,NaN,NaN,NaN,NaN,NaN,NaN,NaN
5,NaN,NaN,NaN,NaN,NaN,NaN,NaN,NaN
6,NaN,NaN,NaN,NaN,NaN,NaN,NaN,NaN
7,NaN,NaN,NaN,NaN,NaN,NaN,NaN,NaN
8,NaN,NaN,NaN,NaN,NaN,NaN,NaN,NaN
9,NaN,NaN,NaN,NaN,NaN,NaN,NaN,NaN
10,NaN,NaN,NaN,NaN,NaN,NaN,NaN,NaN
11,NaN,NaN,NaN,NaN,NaN,NaN,NaN,NaN
1,NaN,NaN,NaN,NaN,NaN,NaN,NaN,NaN
2,NaN,NaN,NaN,NaN,NaN,NaN,NaN,NaN
3,NaN,NaN,NaN,NaN,NaN,NaN,NaN,NaN
4,NaN,NaN,NaN,NaN,NaN,NaN,NaN,NaN
5,NaN,NaN,NaN,NaN,NaN,NaN,NaN,NaN
6,NaN,NaN,NaN,NaN,NaN,NaN,NaN,NaN
7,NaN,NaN,NaN,NaN,NaN,NaN,NaN,NaN
8,NaN,NaN,NaN,NaN,NaN,NaN,NaN,NaN
9,NaN,NaN,NaN,NaN,NaN,NaN,NaN,NaN
10,NaN,NaN,NaN,NaN,NaN,NaN,NaN,NaN
11,NaN,NaN,NaN,NaN,NaN,NaN,NaN,NaN
1,NaN,NaN,NaN,NaN,NaN,NaN,NaN,NaN
2,NaN,NaN,NaN,NaN,NaN,NaN,NaN,NaN
3,NaN,NaN,NaN,NaN,NaN,NaN,NaN,NaN
4,NaN,NaN,NaN,NaN,NaN,NaN,NaN,NaN
5,NaN,NaN,NaN,NaN,NaN,NaN,NaN,NaN
6,NaN,NaN,NaN,NaN,NaN,NaN,NaN,NaN
7,NaN,NaN,NaN,NaN,NaN,NaN,NaN,NaN
8,NaN,NaN,NaN,NaN,NaN,NaN,NaN,NaN
9,NaN,NaN,NaN,NaN,NaN,NaN,NaN,NaN
10,NaN,NaN,NaN,NaN,NaN,NaN,NaN,NaN
11,NaN,NaN,NaN,NaN,NaN,NaN,NaN,NaN
1,NaN,NaN,NaN,NaN,NaN,NaN,NaN,NaN
2,NaN,NaN,NaN,NaN,NaN,NaN,NaN,NaN
3,NaN,NaN,NaN,NaN,NaN,NaN,NaN,NaN
4,NaN,NaN,NaN,NaN,NaN,NaN,NaN,NaN
5,NaN,NaN,NaN,NaN,NaN,NaN,NaN,NaN
6,NaN,NaN,NaN,NaN,NaN,NaN,NaN,NaN
7,NaN,NaN,NaN,NaN,NaN,NaN,NaN,NaN
8,NaN,NaN,NaN,NaN,NaN,NaN,NaN,NaN
9,NaN,NaN,NaN,NaN,NaN,NaN,NaN,NaN
10,NaN,NaN,NaN,NaN,NaN,NaN,NaN,NaN
11,NaN,NaN,NaN,NaN,NaN,NaN,NaN,NaN
1,NaN,NaN,NaN,NaN,NaN,NaN,NaN,NaN
2,NaN,NaN,NaN,NaN,NaN,NaN,NaN,NaN
3,NaN,NaN,NaN,NaN,NaN,NaN,NaN,NaN
4,NaN,NaN,NaN,NaN,NaN,NaN,NaN,NaN
5,NaN,NaN,NaN,NaN,NaN,NaN,NaN,NaN
6,NaN,NaN,NaN,NaN,NaN,NaN,NaN,NaN
7,NaN,NaN,NaN,NaN,NaN,NaN,NaN,NaN
8,NaN,NaN,NaN,NaN,NaN,NaN,NaN,NaN
9,NaN,NaN,NaN,NaN,NaN,NaN,NaN,NaN
10,NaN,NaN,NaN,NaN,NaN,NaN,NaN,NaN
11,NaN,NaN,NaN,NaN,NaN,NaN,NaN,NaN
1,NaN,NaN,NaN,NaN,NaN,NaN,NaN,NaN
2,NaN,NaN,NaN,NaN,NaN,NaN,NaN,NaN
3,NaN,NaN,NaN,NaN,NaN,NaN,NaN,NaN
4,NaN,NaN,NaN,NaN,NaN,NaN,NaN,NaN
5,NaN,NaN,NaN,NaN,NaN,NaN,NaN,NaN
6,NaN,NaN,NaN,NaN,NaN,NaN,NaN,NaN
7,NaN,NaN,NaN,NaN,NaN,NaN,NaN,NaN
8,NaN,NaN,NaN,NaN,NaN,NaN,NaN,NaN
9,NaN,NaN,NaN,NaN,NaN,NaN,NaN,NaN
10,NaN,NaN,NaN,NaN,NaN,NaN,NaN,NaN
11,NaN,NaN,NaN,NaN,NaN,NaN,NaN,NaN
1,NaN,NaN,NaN,NaN,NaN,NaN,NaN,NaN
2,NaN,NaN,NaN,NaN,NaN,NaN,NaN,NaN
3,NaN,NaN,NaN,NaN,NaN,NaN,NaN,NaN
4,NaN,NaN,NaN,NaN,NaN,NaN,NaN,NaN
5,NaN,NaN,NaN,NaN,NaN,NaN,NaN,NaN
6,NaN,NaN,NaN,NaN,NaN,NaN,NaN,NaN
7,NaN,NaN,NaN,NaN,NaN,NaN,NaN,NaN
8,NaN,NaN,NaN,NaN,NaN,NaN,NaN,NaN
9,NaN,NaN,NaN,NaN,NaN,NaN,NaN,NaN
10,NaN,NaN,NaN,NaN,NaN,NaN,NaN,NaN
11,NaN,NaN,NaN,NaN,NaN,NaN,NaN,NaN
1,NaN,NaN,NaN,NaN,NaN,NaN,NaN,NaN
2,NaN,NaN,NaN,NaN,NaN,NaN,NaN,NaN
3,NaN,NaN,NaN,NaN,NaN,NaN,NaN,NaN
4,NaN,NaN,NaN,NaN,NaN,NaN,NaN,NaN
5,NaN,NaN,NaN,NaN,NaN,NaN,NaN,NaN
6,NaN,NaN,NaN,NaN,NaN,NaN,NaN,NaN
7,NaN,NaN,NaN,NaN,NaN,NaN,NaN,NaN
8,NaN,NaN,NaN,NaN,NaN,NaN,NaN,NaN
9,NaN,NaN,NaN,NaN,NaN,NaN,NaN,NaN
10,NaN,NaN,NaN,NaN,NaN,NaN,NaN,NaN
11,NaN,NaN,NaN,NaN,NaN,NaN,NaN,NaN
1,NaN,NaN,NaN,NaN,NaN,NaN,NaN,NaN
2,NaN,NaN,NaN,NaN,NaN,NaN,NaN,NaN
3,NaN,NaN,NaN,NaN,NaN,NaN,NaN,NaN
4,NaN,NaN,NaN,NaN,NaN,NaN,NaN,NaN
5,NaN,NaN,NaN,NaN,NaN,NaN,NaN,NaN
6,NaN,NaN,NaN,NaN,NaN,NaN,NaN,NaN
7,NaN,NaN,NaN,NaN,NaN,NaN,NaN,NaN
8,NaN,NaN,NaN,NaN,NaN,NaN,NaN,NaN
9,NaN,NaN,NaN,NaN,NaN,NaN,NaN,NaN
10,NaN,NaN,NaN,NaN,NaN,NaN,NaN,NaN
11,NaN,NaN,NaN,NaN,NaN,NaN,NaN,NaN
1,NaN,NaN,NaN,NaN,NaN,NaN,NaN,NaN
2,NaN,NaN,NaN,NaN,NaN,NaN,NaN,NaN
3,NaN,NaN,NaN,NaN,NaN,NaN,NaN,NaN
4,NaN,NaN,NaN,NaN,NaN,NaN,NaN,NaN
5,NaN,NaN,NaN,NaN,NaN,NaN,NaN,NaN
6,NaN,NaN,NaN,NaN,NaN,NaN,NaN,NaN
7,NaN,NaN,NaN,NaN,NaN,NaN,NaN,NaN
8,NaN,NaN,NaN,NaN,NaN,NaN,NaN,NaN
9,NaN,NaN,NaN,NaN,NaN,NaN,NaN,NaN
10,NaN,NaN,NaN,NaN,NaN,NaN,NaN,NaN
11,NaN,NaN,NaN,NaN,NaN,NaN,NaN,NaN
1,NaN,NaN,NaN,NaN,NaN,NaN,NaN,NaN
2,NaN,NaN,NaN,NaN,NaN,NaN,NaN,NaN
3,NaN,NaN,NaN,NaN,NaN,NaN,NaN,NaN
4,NaN,NaN,NaN,NaN,NaN,NaN,NaN,NaN
5,NaN,NaN,NaN,NaN,NaN,NaN,NaN,NaN
6,NaN,NaN,NaN,NaN,NaN,NaN,NaN,NaN
7,NaN,NaN,NaN,NaN,NaN,NaN,NaN,NaN
8,NaN,NaN,NaN,NaN,NaN,NaN,NaN,NaN
9,NaN,NaN,NaN,NaN,NaN,NaN,NaN,NaN
10,NaN,NaN,NaN,NaN,NaN,NaN,NaN,NaN
11,NaN,NaN,NaN,NaN,NaN,NaN,NaN,NaN
1,NaN,NaN,NaN,NaN,NaN,NaN,NaN,NaN
2,NaN,NaN,NaN,NaN,NaN,NaN,NaN,NaN
3,NaN,NaN,NaN,NaN,NaN,NaN,NaN,NaN
4,NaN,NaN,NaN,NaN,NaN,NaN,NaN,NaN
5,NaN,NaN,NaN,NaN,NaN,NaN,NaN,NaN
6,NaN,NaN,NaN,NaN,NaN,NaN,NaN,NaN
7,NaN,NaN,NaN,NaN,NaN,NaN,NaN,NaN
8,NaN,NaN,NaN,NaN,NaN,NaN,NaN,NaN
9,NaN,NaN,NaN,NaN,NaN,NaN,NaN,NaN
10,NaN,NaN,NaN,NaN,NaN,NaN,NaN,NaN
11,NaN,NaN,NaN,NaN,NaN,NaN,NaN,NaN
1,NaN,NaN,NaN,NaN,NaN,NaN,NaN,NaN
2,NaN,NaN,NaN,NaN,NaN,NaN,NaN,NaN
3,NaN,NaN,NaN,NaN,NaN,NaN,NaN,NaN
4,NaN,NaN,NaN,NaN,NaN,NaN,NaN,NaN
5,NaN,NaN,NaN,NaN,NaN,NaN,NaN,NaN
6,NaN,NaN,NaN,NaN,NaN,NaN,NaN,NaN
7,NaN,NaN,NaN,NaN,NaN,NaN,NaN,NaN
8,NaN,NaN,NaN,NaN,NaN,NaN,NaN,NaN
9,NaN,NaN,NaN,NaN,NaN,NaN,NaN,NaN
10,NaN,NaN,NaN,NaN,NaN,NaN,NaN,NaN
11,NaN,NaN,NaN,NaN,NaN,NaN,NaN,NaN
1,NaN,NaN,NaN,NaN,NaN,NaN,NaN,NaN
2,NaN,NaN,NaN,NaN,NaN,NaN,NaN,NaN
3,NaN,NaN,NaN,NaN,NaN,NaN,NaN,NaN
4,NaN,NaN,NaN,NaN,NaN,NaN,NaN,NaN
5,NaN,NaN,NaN,NaN,NaN,NaN,NaN,NaN
6,NaN,NaN,NaN,NaN,NaN,NaN,NaN,NaN
7,NaN,NaN,NaN,NaN,NaN,NaN,NaN,NaN
8,NaN,NaN,NaN,NaN,NaN,NaN,NaN,NaN
9,NaN,NaN,NaN,NaN,NaN,NaN,NaN,NaN
10,NaN,NaN,NaN,NaN,NaN,NaN,NaN,NaN
11,NaN,NaN,NaN,NaN,NaN,NaN,NaN,NaN
1,NaN,NaN,NaN,NaN,NaN,NaN,NaN,NaN
2,NaN,NaN,NaN,NaN,NaN,NaN,NaN,NaN
3,NaN,NaN,NaN,NaN,NaN,NaN,NaN,NaN
4,NaN,NaN,NaN,NaN,NaN,NaN,NaN,NaN
5,NaN,NaN,NaN,NaN,NaN,NaN,NaN,NaN
6,NaN,NaN,NaN,NaN,NaN,NaN,NaN,NaN
7,NaN,NaN,NaN,NaN,NaN,NaN,NaN,NaN
8,NaN,NaN,NaN,NaN,NaN,NaN,NaN,NaN
9,NaN,NaN,NaN,NaN,NaN,NaN,NaN,NaN
10,NaN,NaN,NaN,NaN,NaN,NaN,NaN,NaN
11,NaN,NaN,NaN,NaN,NaN,NaN,NaN,NaN
1,NaN,NaN,NaN,NaN,NaN,NaN,NaN,NaN
2,NaN,NaN,NaN,NaN,NaN,NaN,NaN,NaN
3,NaN,NaN,NaN,NaN,NaN,NaN,NaN,NaN
4,NaN,NaN,NaN,NaN,NaN,NaN,NaN,NaN
5,NaN,NaN,NaN,NaN,NaN,NaN,NaN,NaN
6,NaN,NaN,NaN,NaN,NaN,NaN,NaN,NaN
7,NaN,NaN,NaN,NaN,NaN,NaN,NaN,NaN
8,NaN,NaN,NaN,NaN,NaN,NaN,NaN,NaN
9,NaN,NaN,NaN,NaN,NaN,NaN,NaN,NaN
10,NaN,NaN,NaN,NaN,NaN,NaN,NaN,NaN
11,NaN,NaN,NaN,NaN,NaN,NaN,NaN,NaN
1,NaN,NaN,NaN,NaN,NaN,NaN,NaN,NaN
2,NaN,NaN,NaN,NaN,NaN,NaN,NaN,NaN
3,NaN,NaN,NaN,NaN,NaN,NaN,NaN,NaN
4,NaN,NaN,NaN,NaN,NaN,NaN,NaN,NaN
5,NaN,NaN,NaN,NaN,NaN,NaN,NaN,NaN
6,NaN,NaN,NaN,NaN,NaN,NaN,NaN,NaN
7,NaN,NaN,NaN,NaN,NaN,NaN,NaN,NaN
8,NaN,NaN,NaN,NaN,NaN,NaN,NaN,NaN
9,NaN,NaN,NaN,NaN,NaN,NaN,NaN,NaN
10,NaN,NaN,NaN,NaN,NaN,NaN,NaN,NaN
11,NaN,NaN,NaN,NaN,NaN,NaN,NaN,NaN
1,NaN,NaN,NaN,NaN,NaN,NaN,NaN,NaN
2,NaN,NaN,NaN,NaN,NaN,NaN,NaN,NaN
3,NaN,NaN,NaN,NaN,NaN,NaN,NaN,NaN
4,NaN,NaN,NaN,NaN,NaN,NaN,NaN,NaN
5,NaN,NaN,NaN,NaN,NaN,NaN,NaN,NaN
6,NaN,NaN,NaN,NaN,NaN,NaN,NaN,NaN
7,NaN,NaN,NaN,NaN,NaN,NaN,NaN,NaN
8,NaN,NaN,NaN,NaN,NaN,NaN,NaN,NaN
9,NaN,NaN,NaN,NaN,NaN,NaN,NaN,NaN
10,NaN,NaN,NaN,NaN,NaN,NaN,NaN,NaN
11,NaN,NaN,NaN,NaN,NaN,NaN,NaN,NaN
1,NaN,NaN,NaN,NaN,NaN,NaN,NaN,NaN
2,NaN,NaN,NaN,NaN,NaN,NaN,NaN,NaN
3,NaN,NaN,NaN,NaN,NaN,NaN,NaN,NaN
4,NaN,NaN,NaN,NaN,NaN,NaN,NaN,NaN
5,NaN,NaN,NaN,NaN,NaN,NaN,NaN,NaN
6,NaN,NaN,NaN,NaN,NaN,NaN,NaN,NaN
7,NaN,NaN,NaN,NaN,NaN,NaN,NaN,NaN
8,NaN,NaN,NaN,NaN,NaN,NaN,NaN,NaN
9,NaN,NaN,NaN,NaN,NaN,NaN,NaN,NaN
10,NaN,NaN,NaN,NaN,NaN,NaN,NaN,NaN
11,NaN,NaN,NaN,NaN,NaN,NaN,NaN,NaN
1,NaN,NaN,NaN,NaN,NaN,NaN,NaN,NaN
2,NaN,NaN,NaN,NaN,NaN,NaN,NaN,NaN
3,NaN,NaN,NaN,NaN,NaN,NaN,NaN,NaN
4,NaN,NaN,NaN,NaN,NaN,NaN,NaN,NaN
5,NaN,NaN,NaN,NaN,NaN,NaN,NaN,NaN
6,NaN,NaN,NaN,NaN,NaN,NaN,NaN,NaN
7,NaN,NaN,NaN,NaN,NaN,NaN,NaN,NaN
8,NaN,NaN,NaN,NaN,NaN,NaN,NaN,NaN
9,NaN,NaN,NaN,NaN,NaN,NaN,NaN,NaN
10,NaN,NaN,NaN,NaN,NaN,NaN,NaN,NaN
11,NaN,NaN,NaN,NaN,NaN,NaN,NaN,NaN
1,NaN,NaN,NaN,NaN,NaN,NaN,NaN,NaN
2,NaN,NaN,NaN,NaN,NaN,NaN,NaN,NaN
3,NaN,NaN,NaN,NaN,NaN,NaN,NaN,NaN
4,NaN,NaN,NaN,NaN,NaN,NaN,NaN,NaN
5,NaN,NaN,NaN,NaN,NaN,NaN,NaN,NaN
6,NaN,NaN,NaN,NaN,NaN,NaN,NaN,NaN
7,NaN,NaN,NaN,NaN,NaN,NaN,NaN,NaN
8,NaN,NaN,NaN,NaN,NaN,NaN,NaN,NaN
9,NaN,NaN,NaN,NaN,NaN,NaN,NaN,NaN
10,NaN,NaN,NaN,NaN,NaN,NaN,NaN,NaN
11,NaN,NaN,NaN,NaN,NaN,NaN,NaN,NaN
1,NaN,NaN,NaN,NaN,NaN,NaN,NaN,NaN
2,NaN,NaN,NaN,NaN,NaN,NaN,NaN,NaN
3,NaN,NaN,NaN,NaN,NaN,NaN,NaN,NaN
4,NaN,NaN,NaN,NaN,NaN,NaN,NaN,NaN
5,NaN,NaN,NaN,NaN,NaN,NaN,NaN,NaN
6,NaN,NaN,NaN,NaN,NaN,NaN,NaN,NaN
7,NaN,NaN,NaN,NaN,NaN,NaN,NaN,NaN
8,NaN,NaN,NaN,NaN,NaN,NaN,NaN,NaN
9,NaN,NaN,NaN,NaN,NaN,NaN,NaN,NaN
10,NaN,NaN,NaN,NaN,NaN,NaN,NaN,NaN
11,NaN,NaN,NaN,NaN,NaN,NaN,NaN,NaN
1,NaN,NaN,NaN,NaN,NaN,NaN,NaN,NaN
2,NaN,NaN,NaN,NaN,NaN,NaN,NaN,NaN
3,NaN,NaN,NaN,NaN,NaN,NaN,NaN,NaN
4,NaN,NaN,NaN,NaN,NaN,NaN,NaN,NaN
5,NaN,NaN,NaN,NaN,NaN,NaN,NaN,NaN
6,NaN,NaN,NaN,NaN,NaN,NaN,NaN,NaN
7,NaN,NaN,NaN,NaN,NaN,NaN,NaN,NaN
8,NaN,NaN,NaN,NaN,NaN,NaN,NaN,NaN
9,NaN,NaN,NaN,NaN,NaN,NaN,NaN,NaN
10,NaN,NaN,NaN,NaN,NaN,NaN,NaN,NaN
11,NaN,NaN,NaN,NaN,NaN,NaN,NaN,NaN
1,NaN,NaN,NaN,NaN,NaN,NaN,NaN,NaN
2,NaN,NaN,NaN,NaN,NaN,NaN,NaN,NaN
3,NaN,NaN,NaN,NaN,NaN,NaN,NaN,NaN
4,NaN,NaN,NaN,NaN,NaN,NaN,NaN,NaN
5,NaN,NaN,NaN,NaN,NaN,NaN,NaN,NaN
6,NaN,NaN,NaN,NaN,NaN,NaN,NaN,NaN
7,NaN,NaN,NaN,NaN,NaN,NaN,NaN,NaN
8,NaN,NaN,NaN,NaN,NaN,NaN,NaN,NaN
9,NaN,NaN,NaN,NaN,NaN,NaN,NaN,NaN
10,NaN,NaN,NaN,NaN,NaN,NaN,NaN,NaN
11,NaN,NaN,NaN,NaN,NaN,NaN,NaN,NaN
1,NaN,NaN,NaN,NaN,NaN,NaN,NaN,NaN
2,NaN,NaN,NaN,NaN,NaN,NaN,NaN,NaN
3,NaN,NaN,NaN,NaN,NaN,NaN,NaN,NaN
4,NaN,NaN,NaN,NaN,NaN,NaN,NaN,NaN
5,NaN,NaN,NaN,NaN,NaN,NaN,NaN,NaN
6,NaN,NaN,NaN,NaN,NaN,NaN,NaN,NaN
7,NaN,NaN,NaN,NaN,NaN,NaN,NaN,NaN
8,NaN,NaN,NaN,NaN,NaN,NaN,NaN,NaN
9,NaN,NaN,NaN,NaN,NaN,NaN,NaN,NaN
10,NaN,NaN,NaN,NaN,NaN,NaN,NaN,NaN
11,NaN,NaN,NaN,NaN,NaN,NaN,NaN,NaN
1,NaN,NaN,NaN,NaN,NaN,NaN,NaN,NaN
2,NaN,NaN,NaN,NaN,NaN,NaN,NaN,NaN
3,NaN,NaN,NaN,NaN,NaN,NaN,NaN,NaN
4,NaN,NaN,NaN,NaN,NaN,NaN,NaN,NaN
5,NaN,NaN,NaN,NaN,NaN,NaN,NaN,NaN
6,NaN,NaN,NaN,NaN,NaN,NaN,NaN,NaN
7,NaN,NaN,NaN,NaN,NaN,NaN,NaN,NaN
8,NaN,NaN,NaN,NaN,NaN,NaN,NaN,NaN
9,NaN,NaN,NaN,NaN,NaN,NaN,NaN,NaN
10,NaN,NaN,NaN,NaN,NaN,NaN,NaN,NaN
11,NaN,NaN,NaN,NaN,NaN,NaN,NaN,NaN
1,NaN,NaN,NaN,NaN,NaN,NaN,NaN,NaN
2,NaN,NaN,NaN,NaN,NaN,NaN,NaN,NaN
3,NaN,NaN,NaN,NaN,NaN,NaN,NaN,NaN
4,NaN,NaN,NaN,NaN,NaN,NaN,NaN,NaN
5,NaN,NaN,NaN,NaN,NaN,NaN,NaN,NaN
6,NaN,NaN,NaN,NaN,NaN,NaN,NaN,NaN
7,NaN,NaN,NaN,NaN,NaN,NaN,NaN,NaN
8,NaN,NaN,NaN,NaN,NaN,NaN,NaN,NaN
9,NaN,NaN,NaN,NaN,NaN,NaN,NaN,NaN
10,NaN,NaN,NaN,NaN,NaN,NaN,NaN,NaN
11,NaN,NaN,NaN,NaN,NaN,NaN,NaN,NaN
1,NaN,NaN,NaN,NaN,NaN,NaN,NaN,NaN
2,NaN,NaN,NaN,NaN,NaN,NaN,NaN,NaN
3,NaN,NaN,NaN,NaN,NaN,NaN,NaN,NaN
4,NaN,NaN,NaN,NaN,NaN,NaN,NaN,NaN
5,NaN,NaN,NaN,NaN,NaN,NaN,NaN,NaN
6,NaN,NaN,NaN,NaN,NaN,NaN,NaN,NaN
7,NaN,NaN,NaN,NaN,NaN,NaN,NaN,NaN
8,NaN,NaN,NaN,NaN,NaN,NaN,NaN,NaN
9,NaN,NaN,NaN,NaN,NaN,NaN,NaN,NaN
10,NaN,NaN,NaN,NaN,NaN,NaN,NaN,NaN
11,NaN,NaN,NaN,NaN,NaN,NaN,NaN,NaN
1,NaN,NaN,NaN,NaN,NaN,NaN,NaN,NaN
2,NaN,NaN,NaN,NaN,NaN,NaN,NaN,NaN
3,NaN,NaN,NaN,NaN,NaN,NaN,NaN,NaN
4,NaN,NaN,NaN,NaN,NaN,NaN,NaN,NaN
5,NaN,NaN,NaN,NaN,NaN,NaN,NaN,NaN
6,NaN,NaN,NaN,NaN,NaN,NaN,NaN,NaN
7,NaN,NaN,NaN,NaN,NaN,NaN,NaN,NaN
8,NaN,NaN,NaN,NaN,NaN,NaN,NaN,NaN
9,NaN,NaN,NaN,NaN,NaN,NaN,NaN,NaN
10,NaN,NaN,NaN,NaN,NaN,NaN,NaN,NaN
11,NaN,NaN,NaN,NaN,NaN,NaN,NaN,NaN
1,NaN,NaN,NaN,NaN,NaN,NaN,NaN,NaN
2,NaN,NaN,NaN,NaN,NaN,NaN,NaN,NaN
3,NaN,NaN,NaN,NaN,NaN,NaN,NaN,NaN
4,NaN,NaN,NaN,NaN,NaN,NaN,NaN,NaN
5,NaN,NaN,NaN,NaN,NaN,NaN,NaN,NaN
6,NaN,NaN,NaN,NaN,NaN,NaN,NaN,NaN
7,NaN,NaN,NaN,NaN,NaN,NaN,NaN,NaN
8,NaN,NaN,NaN,NaN,NaN,NaN,NaN,NaN
9,NaN,NaN,NaN,NaN,NaN,NaN,NaN,NaN
10,NaN,NaN,NaN,NaN,NaN,NaN,NaN,NaN
11,NaN,NaN,NaN,NaN,NaN,NaN,NaN,NaN
1,NaN,NaN,NaN,NaN,NaN,NaN,NaN,NaN
2,NaN,NaN,NaN,NaN,NaN,NaN,NaN,NaN
3,NaN,NaN,NaN,NaN,NaN,NaN,NaN,NaN
4,NaN,NaN,NaN,NaN,NaN,NaN,NaN,NaN
5,NaN,NaN,NaN,NaN,NaN,NaN,NaN,NaN
6,NaN,NaN,NaN,NaN,NaN,NaN,NaN,NaN
7,NaN,NaN,NaN,NaN,NaN,NaN,NaN,NaN
8,NaN,NaN,NaN,NaN,NaN,NaN,NaN,NaN
9,NaN,NaN,NaN,NaN,NaN,NaN,NaN,NaN
10,NaN,NaN,NaN,NaN,NaN,NaN,NaN,NaN
11,NaN,NaN,NaN,NaN,NaN,NaN,NaN,NaN
1,NaN,NaN,NaN,NaN,NaN,NaN,NaN,NaN
2,NaN,NaN,NaN,NaN,NaN,NaN,NaN,NaN
3,NaN,NaN,NaN,NaN,NaN,NaN,NaN,NaN
4,NaN,NaN,NaN,NaN,NaN,NaN,NaN,NaN
5,NaN,NaN,NaN,NaN,NaN,NaN,NaN,NaN
6,NaN,NaN,NaN,NaN,NaN,NaN,NaN,NaN
7,NaN,NaN,NaN,NaN,NaN,NaN,NaN,NaN
8,NaN,NaN,NaN,NaN,NaN,NaN,NaN,NaN
9,NaN,NaN,NaN,NaN,NaN,NaN,NaN,NaN
10,NaN,NaN,NaN,NaN,NaN,NaN,NaN,NaN
11,NaN,NaN,NaN,NaN,NaN,NaN,NaN,NaN
1,NaN,NaN,NaN,NaN,NaN,NaN,NaN,NaN
2,NaN,NaN,NaN,NaN,NaN,NaN,NaN,NaN
3,NaN,NaN,NaN,NaN,NaN,NaN,NaN,NaN
4,NaN,NaN,NaN,NaN,NaN,NaN,NaN,NaN
5,NaN,NaN,NaN,NaN,NaN,NaN,NaN,NaN
6,NaN,NaN,NaN,NaN,NaN,NaN,NaN,NaN
7,NaN,NaN,NaN,NaN,NaN,NaN,NaN,NaN
8,NaN,NaN,NaN,NaN,NaN,NaN,NaN,NaN
9,NaN,NaN,NaN,NaN,NaN,NaN,NaN,NaN
10,NaN,NaN,NaN,NaN,NaN,NaN,NaN,NaN
11,NaN,NaN,NaN,NaN,NaN,NaN,NaN,NaN
1,NaN,NaN,NaN,NaN,NaN,NaN,NaN,NaN
2,NaN,NaN,NaN,NaN,NaN,NaN,NaN,NaN
3,NaN,NaN,NaN,NaN,NaN,NaN,NaN,NaN
4,NaN,NaN,NaN,NaN,NaN,NaN,NaN,NaN
5,NaN,NaN,NaN,NaN,NaN,NaN,NaN,NaN
6,NaN,NaN,NaN,NaN,NaN,NaN,NaN,NaN
7,NaN,NaN,NaN,NaN,NaN,NaN,NaN,NaN
8,NaN,NaN,NaN,NaN,NaN,NaN,NaN,NaN
9,NaN,NaN,NaN,NaN,NaN,NaN,NaN,NaN
10,NaN,NaN,NaN,NaN,NaN,NaN,NaN,NaN
11,NaN,NaN,NaN,NaN,NaN,NaN,NaN,NaN
1,NaN,NaN,NaN,NaN,NaN,NaN,NaN,NaN
2,NaN,NaN,NaN,NaN,NaN,NaN,NaN,NaN
3,NaN,NaN,NaN,NaN,NaN,NaN,NaN,NaN
4,NaN,NaN,NaN,NaN,NaN,NaN,NaN,NaN
5,NaN,NaN,NaN,NaN,NaN,NaN,NaN,NaN
6,NaN,NaN,NaN,NaN,NaN,NaN,NaN,NaN
7,NaN,NaN,NaN,NaN,NaN,NaN,NaN,NaN
8,NaN,NaN,NaN,NaN,NaN,NaN,NaN,NaN
9,NaN,NaN,NaN,NaN,NaN,NaN,NaN,NaN
10,NaN,NaN,NaN,NaN,NaN,NaN,NaN,NaN
11,NaN,NaN,NaN,NaN,NaN,NaN,NaN,NaN
1,NaN,NaN,NaN,NaN,NaN,NaN,NaN,NaN
2,NaN,NaN,NaN,NaN,NaN,NaN,NaN,NaN
3,NaN,NaN,NaN,NaN,NaN,NaN,NaN,NaN
4,NaN,NaN,NaN,NaN,NaN,NaN,NaN,NaN
5,NaN,NaN,NaN,NaN,NaN,NaN,NaN,NaN
6,NaN,NaN,NaN,NaN,NaN,NaN,NaN,NaN
7,NaN,NaN,NaN,NaN,NaN,NaN,NaN,NaN
8,NaN,NaN,NaN,NaN,NaN,NaN,NaN,NaN
9,NaN,NaN,NaN,NaN,NaN,NaN,NaN,NaN
10,NaN,NaN,NaN,NaN,NaN,NaN,NaN,NaN
11,NaN,NaN,NaN,NaN,NaN,NaN,NaN,NaN
1,NaN,NaN,NaN,NaN,NaN,NaN,NaN,NaN
2,NaN,NaN,NaN,NaN,NaN,NaN,NaN,NaN
3,NaN,NaN,NaN,NaN,NaN,NaN,NaN,NaN
4,NaN,NaN,NaN,NaN,NaN,NaN,NaN,NaN
5,NaN,NaN,NaN,NaN,NaN,NaN,NaN,NaN
6,NaN,NaN,NaN,NaN,NaN,NaN,NaN,NaN
7,NaN,NaN,NaN,NaN,NaN,NaN,NaN,NaN
8,NaN,NaN,NaN,NaN,NaN,NaN,NaN,NaN
9,NaN,NaN,NaN,NaN,NaN,NaN,NaN,NaN
10,NaN,NaN,NaN,NaN,NaN,NaN,NaN,NaN
11,NaN,NaN,NaN,NaN,NaN,NaN,NaN,NaN
1,NaN,NaN,NaN,NaN,NaN,NaN,NaN,NaN
2,NaN,NaN,NaN,NaN,NaN,NaN,NaN,NaN
3,NaN,NaN,NaN,NaN,NaN,NaN,NaN,NaN
4,NaN,NaN,NaN,NaN,NaN,NaN,NaN,NaN
5,NaN,NaN,NaN,NaN,NaN,NaN,NaN,NaN
6,NaN,NaN,NaN,NaN,NaN,NaN,NaN,NaN
7,NaN,NaN,NaN,NaN,NaN,NaN,NaN,NaN
8,NaN,NaN,NaN,NaN,NaN,NaN,NaN,NaN
9,NaN,NaN,NaN,NaN,NaN,NaN,NaN,NaN
10,NaN,NaN,NaN,NaN,NaN,NaN,NaN,NaN
11,NaN,NaN,NaN,NaN,NaN,NaN,NaN,NaN
1,NaN,NaN,NaN,NaN,NaN,NaN,NaN,NaN
2,NaN,NaN,NaN,NaN,NaN,NaN,NaN,NaN
3,NaN,NaN,NaN,NaN,NaN,NaN,NaN,NaN
4,NaN,NaN,NaN,NaN,NaN,NaN,NaN,NaN
5,NaN,NaN,NaN,NaN,NaN,NaN,NaN,NaN
6,NaN,NaN,NaN,NaN,NaN,NaN,NaN,NaN
7,NaN,NaN,NaN,NaN,NaN,NaN,NaN,NaN
8,NaN,NaN,NaN,NaN,NaN,NaN,NaN,NaN
9,NaN,NaN,NaN,NaN,NaN,NaN,NaN,NaN
10,NaN,NaN,NaN,NaN,NaN,NaN,NaN,NaN
11,NaN,NaN,NaN,NaN,NaN,NaN,NaN,NaN
1,NaN,NaN,NaN,NaN,NaN,NaN,NaN,NaN
2,NaN,NaN,NaN,NaN,NaN,NaN,NaN,NaN
3,NaN,NaN,NaN,NaN,NaN,NaN,NaN,NaN
4,NaN,NaN,NaN,NaN,NaN,NaN,NaN,NaN
5,NaN,NaN,NaN,NaN,NaN,NaN,NaN,NaN
6,NaN,NaN,NaN,NaN,NaN,NaN,NaN,NaN
7,NaN,NaN,NaN,NaN,NaN,NaN,NaN,NaN
8,NaN,NaN,NaN,NaN,NaN,NaN,NaN,NaN
9,NaN,NaN,NaN,NaN,NaN,NaN,NaN,NaN
10,NaN,NaN,NaN,NaN,NaN,NaN,NaN,NaN
11,NaN,NaN,NaN,NaN,NaN,NaN,NaN,NaN
1,NaN,NaN,NaN,NaN,NaN,NaN,NaN,NaN
2,NaN,NaN,NaN,NaN,NaN,NaN,NaN,NaN
3,NaN,NaN,NaN,NaN,NaN,NaN,NaN,NaN
4,NaN,NaN,NaN,NaN,NaN,NaN,NaN,NaN
5,NaN,NaN,NaN,NaN,NaN,NaN,NaN,NaN
6,NaN,NaN,NaN,NaN,NaN,NaN,NaN,NaN
7,NaN,NaN,NaN,NaN,NaN,NaN,NaN,NaN
8,NaN,NaN,NaN,NaN,NaN,NaN,NaN,NaN
9,NaN,NaN,NaN,NaN,NaN,NaN,NaN,NaN
10,NaN,NaN,NaN,NaN,NaN,NaN,NaN,NaN
11,NaN,NaN,NaN,NaN,NaN,NaN,NaN,NaN
1,NaN,NaN,NaN,NaN,NaN,NaN,NaN,NaN
2,NaN,NaN,NaN,NaN,NaN,NaN,NaN,NaN
3,NaN,NaN,NaN,NaN,NaN,NaN,NaN,NaN
4,NaN,NaN,NaN,NaN,NaN,NaN,NaN,NaN
5,NaN,NaN,NaN,NaN,NaN,NaN,NaN,NaN
6,NaN,NaN,NaN,NaN,NaN,NaN,NaN,NaN
7,NaN,NaN,NaN,NaN,NaN,NaN,NaN,NaN
8,NaN,NaN,NaN,NaN,NaN,NaN,NaN,NaN
9,NaN,NaN,NaN,NaN,NaN,NaN,NaN,NaN
10,NaN,NaN,NaN,NaN,NaN,NaN,NaN,NaN
11,NaN,NaN,NaN,NaN,NaN,NaN,NaN,NaN
1,NaN,NaN,NaN,NaN,NaN,NaN,NaN,NaN
2,NaN,NaN,NaN,NaN,NaN,NaN,NaN,NaN
3,NaN,NaN,NaN,NaN,NaN,NaN,NaN,NaN
4,NaN,NaN,NaN,NaN,NaN,NaN,NaN,NaN
5,NaN,NaN,NaN,NaN,NaN,NaN,NaN,NaN
6,NaN,NaN,NaN,NaN,NaN,NaN,NaN,NaN
7,NaN,NaN,NaN,NaN,NaN,NaN,NaN,NaN
8,NaN,NaN,NaN,NaN,NaN,NaN,NaN,NaN
9,NaN,NaN,NaN,NaN,NaN,NaN,NaN,NaN
10,NaN,NaN,NaN,NaN,NaN,NaN,NaN,NaN
11,NaN,NaN,NaN,NaN,NaN,NaN,NaN,NaN
1,NaN,NaN,NaN,NaN,NaN,NaN,NaN,NaN
2,NaN,NaN,NaN,NaN,NaN,NaN,NaN,NaN
3,NaN,NaN,NaN,NaN,NaN,NaN,NaN,NaN
4,NaN,NaN,NaN,NaN,NaN,NaN,NaN,NaN
5,NaN,NaN,NaN,NaN,NaN,NaN,NaN,NaN
6,NaN,NaN,NaN,NaN,NaN,NaN,NaN,NaN
7,NaN,NaN,NaN,NaN,NaN,NaN,NaN,NaN
8,NaN,NaN,NaN,NaN,NaN,NaN,NaN,NaN
9,NaN,NaN,NaN,NaN,NaN,NaN,NaN,NaN
10,NaN,NaN,NaN,NaN,NaN,NaN,NaN,NaN
11,NaN,NaN,NaN,NaN,NaN,NaN,NaN,NaN
1,NaN,NaN,NaN,NaN,NaN,NaN,NaN,NaN
2,NaN,NaN,NaN,NaN,NaN,NaN,NaN,NaN
3,NaN,NaN,NaN,NaN,NaN,NaN,NaN,NaN
4,NaN,NaN,NaN,NaN,NaN,NaN,NaN,NaN
5,NaN,NaN,NaN,NaN,NaN,NaN,NaN,NaN
6,NaN,NaN,NaN,NaN,NaN,NaN,NaN,NaN
7,NaN,NaN,NaN,NaN,NaN,NaN,NaN,NaN
8,NaN,NaN,NaN,NaN,NaN,NaN,NaN,NaN
9,NaN,NaN,NaN,NaN,NaN,NaN,NaN,NaN
10,NaN,NaN,NaN,NaN,NaN,NaN,NaN,NaN
11,NaN,NaN,NaN,NaN,NaN,NaN,NaN,NaN
1,NaN,NaN,NaN,NaN,NaN,NaN,NaN,NaN
2,NaN,NaN,NaN,NaN,NaN,NaN,NaN,NaN
3,NaN,NaN,NaN,NaN,NaN,NaN,NaN,NaN
4,NaN,NaN,NaN,NaN,NaN,NaN,NaN,NaN
5,NaN,NaN,NaN,NaN,NaN,NaN,NaN,NaN
6,NaN,NaN,NaN,NaN,NaN,NaN,NaN,NaN
7,NaN,NaN,NaN,NaN,NaN,NaN,NaN,NaN
8,NaN,NaN,NaN,NaN,NaN,NaN,NaN,NaN
9,NaN,NaN,NaN,NaN,NaN,NaN,NaN,NaN
10,NaN,NaN,NaN,NaN,NaN,NaN,NaN,NaN
11,NaN,NaN,NaN,NaN,NaN,NaN,NaN,NaN
1,NaN,NaN,NaN,NaN,NaN,NaN,NaN,NaN
2,NaN,NaN,NaN,NaN,NaN,NaN,NaN,NaN
3,NaN,NaN,NaN,NaN,NaN,NaN,NaN,NaN
4,NaN,NaN,NaN,NaN,NaN,NaN,NaN,NaN
5,NaN,NaN,NaN,NaN,NaN,NaN,NaN,NaN
6,NaN,NaN,NaN,NaN,NaN,NaN,NaN,NaN
7,NaN,NaN,NaN,NaN,NaN,NaN,NaN,NaN
8,NaN,NaN,NaN,NaN,NaN,NaN,NaN,NaN
9,NaN,NaN,NaN,NaN,NaN,NaN,NaN,NaN
10,NaN,NaN,NaN,NaN,NaN,NaN,NaN,NaN
11,NaN,NaN,NaN,NaN,NaN,NaN,NaN,NaN
1,NaN,NaN,NaN,NaN,NaN,NaN,NaN,NaN
2,NaN,NaN,NaN,NaN,NaN,NaN,NaN,NaN
3,NaN,NaN,NaN,NaN,NaN,NaN,NaN,NaN
4,NaN,NaN,NaN,NaN,NaN,NaN,NaN,NaN
5,NaN,NaN,NaN,NaN,NaN,NaN,NaN,NaN
6,NaN,NaN,NaN,NaN,NaN,NaN,NaN,NaN
7,NaN,NaN,NaN,NaN,NaN,NaN,NaN,NaN
8,NaN,NaN,NaN,NaN,NaN,NaN,NaN,NaN
9,NaN,NaN,NaN,NaN,NaN,NaN,NaN,NaN
10,NaN,NaN,NaN,NaN,NaN,NaN,NaN,NaN
11,NaN,NaN,NaN,NaN,NaN,NaN,NaN,NaN
1,NaN,NaN,NaN,NaN,NaN,NaN,NaN,NaN
2,NaN,NaN,NaN,NaN,NaN,NaN,NaN,NaN
3,NaN,NaN,NaN,NaN,NaN,NaN,NaN,NaN
4,NaN,NaN,NaN,NaN,NaN,NaN,NaN,NaN
5,NaN,NaN,NaN,NaN,NaN,NaN,NaN,NaN
6,NaN,NaN,NaN,NaN,NaN,NaN,NaN,NaN
7,NaN,NaN,NaN,NaN,NaN,NaN,NaN,NaN
8,NaN,NaN,NaN,NaN,NaN,NaN,NaN,NaN
9,NaN,NaN,NaN,NaN,NaN,NaN,NaN,NaN
10,NaN,NaN,NaN,NaN,NaN,NaN,NaN,NaN
11,NaN,NaN,NaN,NaN,NaN,NaN,NaN,NaN
1,NaN,NaN,NaN,NaN,NaN,NaN,NaN,NaN
2,NaN,NaN,NaN,NaN,NaN,NaN,NaN,NaN
3,NaN,NaN,NaN,NaN,NaN,NaN,NaN,NaN
4,NaN,NaN,NaN,NaN,NaN,NaN,NaN,NaN
5,NaN,NaN,NaN,NaN,NaN,NaN,NaN,NaN
6,NaN,NaN,NaN,NaN,NaN,NaN,NaN,NaN
7,NaN,NaN,NaN,NaN,NaN,NaN,NaN,NaN
8,NaN,NaN,NaN,NaN,NaN,NaN,NaN,NaN
9,NaN,NaN,NaN,NaN,NaN,NaN,NaN,NaN
10,NaN,NaN,NaN,NaN,NaN,NaN,NaN,NaN
11,NaN,NaN,NaN,NaN,NaN,NaN,NaN,NaN
1,NaN,NaN,NaN,NaN,NaN,NaN,NaN,NaN
2,NaN,NaN,NaN,NaN,NaN,NaN,NaN,NaN
3,NaN,NaN,NaN,NaN,NaN,NaN,NaN,NaN
4,NaN,NaN,NaN,NaN,NaN,NaN,NaN,NaN
5,NaN,NaN,NaN,NaN,NaN,NaN,NaN,NaN
6,NaN,NaN,NaN,NaN,NaN,NaN,NaN,NaN
7,NaN,NaN,NaN,NaN,NaN,NaN,NaN,NaN
8,NaN,NaN,NaN,NaN,NaN,NaN,NaN,NaN
9,NaN,NaN,NaN,NaN,NaN,NaN,NaN,NaN
10,NaN,NaN,NaN,NaN,NaN,NaN,NaN,NaN
11,NaN,NaN,NaN,NaN,NaN,NaN,NaN,NaN
1,NaN,NaN,NaN,NaN,NaN,NaN,NaN,NaN
2,NaN,NaN,NaN,NaN,NaN,NaN,NaN,NaN
3,NaN,NaN,NaN,NaN,NaN,NaN,NaN,NaN
4,NaN,NaN,NaN,NaN,NaN,NaN,NaN,NaN
5,NaN,NaN,NaN,NaN,NaN,NaN,NaN,NaN
6,NaN,NaN,NaN,NaN,NaN,NaN,NaN,NaN
7,NaN,NaN,NaN,NaN,NaN,NaN,NaN,NaN
8,NaN,NaN,NaN,NaN,NaN,NaN,NaN,NaN
9,NaN,NaN,NaN,NaN,NaN,NaN,NaN,NaN
10,NaN,NaN,NaN,NaN,NaN,NaN,NaN,NaN
11,NaN,NaN,NaN,NaN,NaN,NaN,NaN,NaN
1,NaN,NaN,NaN,NaN,NaN,NaN,NaN,NaN
2,NaN,NaN,NaN,NaN,NaN,NaN,NaN,NaN
3,NaN,NaN,NaN,NaN,NaN,NaN,NaN,NaN
4,NaN,NaN,NaN,NaN,NaN,NaN,NaN,NaN
5,NaN,NaN,NaN,NaN,NaN,NaN,NaN,NaN
6,NaN,NaN,NaN,NaN,NaN,NaN,NaN,NaN
7,NaN,NaN,NaN,NaN,NaN,NaN,NaN,NaN
8,NaN,NaN,NaN,NaN,NaN,NaN,NaN,NaN
9,NaN,NaN,NaN,NaN,NaN,NaN,NaN,NaN
10,NaN,NaN,NaN,NaN,NaN,NaN,NaN,NaN
11,NaN,NaN,NaN,NaN,NaN,NaN,NaN,NaN
1,NaN,NaN,NaN,NaN,NaN,NaN,NaN,NaN
2,NaN,NaN,NaN,NaN,NaN,NaN,NaN,NaN
3,NaN,NaN,NaN,NaN,NaN,NaN,NaN,NaN
4,NaN,NaN,NaN,NaN,NaN,NaN,NaN,NaN
5,NaN,NaN,NaN,NaN,NaN,NaN,NaN,NaN
6,NaN,NaN,NaN,NaN,NaN,NaN,NaN,NaN
7,NaN,NaN,NaN,NaN,NaN,NaN,NaN,NaN
8,NaN,NaN,NaN,NaN,NaN,NaN,NaN,NaN
9,NaN,NaN,NaN,NaN,NaN,NaN,NaN,NaN
10,NaN,NaN,NaN,NaN,NaN,NaN,NaN,NaN
11,NaN,NaN,NaN,NaN,NaN,NaN,NaN,NaN
1,NaN,NaN,NaN,NaN,NaN,NaN,NaN,NaN
2,NaN,NaN,NaN,NaN,NaN,NaN,NaN,NaN
3,NaN,NaN,NaN,NaN,NaN,NaN,NaN,NaN
4,NaN,NaN,NaN,NaN,NaN,NaN,NaN,NaN
5,NaN,NaN,NaN,NaN,NaN,NaN,NaN,NaN
6,NaN,NaN,NaN,NaN,NaN,NaN,NaN,NaN
7,NaN,NaN,NaN,NaN,NaN,NaN,NaN,NaN
8,NaN,NaN,NaN,NaN,NaN,NaN,NaN,NaN
9,NaN,NaN,NaN,NaN,NaN,NaN,NaN,NaN
10,NaN,NaN,NaN,NaN,NaN,NaN,NaN,NaN
11,NaN,NaN,NaN,NaN,NaN,NaN,NaN,NaN
1,NaN,NaN,NaN,NaN,NaN,NaN,NaN,NaN
2,NaN,NaN,NaN,NaN,NaN,NaN,NaN,NaN
3,NaN,NaN,NaN,NaN,NaN,NaN,NaN,NaN
4,NaN,NaN,NaN,NaN,NaN,NaN,NaN,NaN
5,NaN,NaN,NaN,NaN,NaN,NaN,NaN,NaN
6,NaN,NaN,NaN,NaN,NaN,NaN,NaN,NaN
7,NaN,NaN,NaN,NaN,NaN,NaN,NaN,NaN
8,NaN,NaN,NaN,NaN,NaN,NaN,NaN,NaN
9,NaN,NaN,NaN,NaN,NaN,NaN,NaN,NaN
10,NaN,NaN,NaN,NaN,NaN,NaN,NaN,NaN
11,NaN,NaN,NaN,NaN,NaN,NaN,NaN,NaN
1,NaN,NaN,NaN,NaN,NaN,NaN,NaN,NaN
2,NaN,NaN,NaN,NaN,NaN,NaN,NaN,NaN
3,NaN,NaN,NaN,NaN,NaN,NaN,NaN,NaN
4,NaN,NaN,NaN,NaN,NaN,NaN,NaN,NaN
5,NaN,NaN,NaN,NaN,NaN,NaN,NaN,NaN
6,NaN,NaN,NaN,NaN,NaN,NaN,NaN,NaN
7,NaN,NaN,NaN,NaN,NaN,NaN,NaN,NaN
8,NaN,NaN,NaN,NaN,NaN,NaN,NaN,NaN
9,NaN,NaN,NaN,NaN,NaN,NaN,NaN,NaN
10,NaN,NaN,NaN,NaN,NaN,NaN,NaN,NaN
11,NaN,NaN,NaN,NaN,NaN,NaN,NaN,NaN
1,NaN,NaN,NaN,NaN,NaN,NaN,NaN,NaN
2,NaN,NaN,NaN,NaN,NaN,NaN,NaN,NaN
3,NaN,NaN,NaN,NaN,NaN,NaN,NaN,NaN
4,NaN,NaN,NaN,NaN,NaN,NaN,NaN,NaN
5,NaN,NaN,NaN,NaN,NaN,NaN,NaN,NaN
6,NaN,NaN,NaN,NaN,NaN,NaN,NaN,NaN
7,NaN,NaN,NaN,NaN,NaN,NaN,NaN,NaN
8,NaN,NaN,NaN,NaN,NaN,NaN,NaN,NaN
9,NaN,NaN,NaN,NaN,NaN,NaN,NaN,NaN
10,NaN,NaN,NaN,NaN,NaN,NaN,NaN,NaN
11,NaN,NaN,NaN,NaN,NaN,NaN,NaN,NaN
1,NaN,NaN,NaN,NaN,NaN,NaN,NaN,NaN
2,NaN,NaN,NaN,NaN,NaN,NaN,NaN,NaN
3,NaN,NaN,NaN,NaN,NaN,NaN,NaN,NaN
4,NaN,NaN,NaN,NaN,NaN,NaN,NaN,NaN
5,NaN,NaN,NaN,NaN,NaN,NaN,NaN,NaN
6,NaN,NaN,NaN,NaN,NaN,NaN,NaN,NaN
7,NaN,NaN,NaN,NaN,NaN,NaN,NaN,NaN
8,NaN,NaN,NaN,NaN,NaN,NaN,NaN,NaN
9,NaN,NaN,NaN,NaN,NaN,NaN,NaN,NaN
10,NaN,NaN,NaN,NaN,NaN,NaN,NaN,NaN
11,NaN,NaN,NaN,NaN,NaN,NaN,NaN,NaN
1,NaN,NaN,NaN,NaN,NaN,NaN,NaN,NaN
2,NaN,NaN,NaN,NaN,NaN,NaN,NaN,NaN
3,NaN,NaN,NaN,NaN,NaN,NaN,NaN,NaN
4,NaN,NaN,NaN,NaN,NaN,NaN,NaN,NaN
5,NaN,NaN,NaN,NaN,NaN,NaN,NaN,NaN
6,NaN,NaN,NaN,NaN,NaN,NaN,NaN,NaN
7,NaN,NaN,NaN,NaN,NaN,NaN,NaN,NaN
8,NaN,NaN,NaN,NaN,NaN,NaN,NaN,NaN
9,NaN,NaN,NaN,NaN,NaN,NaN,NaN,NaN
10,NaN,NaN,NaN,NaN,NaN,NaN,NaN,NaN
11,NaN,NaN,NaN,NaN,NaN,NaN,NaN,NaN
1,NaN,NaN,NaN,NaN,NaN,NaN,NaN,NaN
2,NaN,NaN,NaN,NaN,NaN,NaN,NaN,NaN
3,NaN,NaN,NaN,NaN,NaN,NaN,NaN,NaN
4,NaN,NaN,NaN,NaN,NaN,NaN,NaN,NaN
5,NaN,NaN,NaN,NaN,NaN,NaN,NaN,NaN
6,NaN,NaN,NaN,NaN,NaN,NaN,NaN,NaN
7,NaN,NaN,NaN,NaN,NaN,NaN,NaN,NaN
8,NaN,NaN,NaN,NaN,NaN,NaN,NaN,NaN
9,NaN,NaN,NaN,NaN,NaN,NaN,NaN,NaN
10,NaN,NaN,NaN,NaN,NaN,NaN,NaN,NaN
11,NaN,NaN,NaN,NaN,NaN,NaN,NaN,NaN
1,NaN,NaN,NaN,NaN,NaN,NaN,NaN,NaN
2,NaN,NaN,NaN,NaN,NaN,NaN,NaN,NaN
3,NaN,NaN,NaN,NaN,NaN,NaN,NaN,NaN
4,NaN,NaN,NaN,NaN,NaN,NaN,NaN,NaN
5,NaN,NaN,NaN,NaN,NaN,NaN,NaN,NaN
6,NaN,NaN,NaN,NaN,NaN,NaN,NaN,NaN
7,NaN,NaN,NaN,NaN,NaN,NaN,NaN,NaN
8,NaN,NaN,NaN,NaN,NaN,NaN,NaN,NaN
9,NaN,NaN,NaN,NaN,NaN,NaN,NaN,NaN
10,NaN,NaN,NaN,NaN,NaN,NaN,NaN,NaN
11,NaN,NaN,NaN,NaN,NaN,NaN,NaN,NaN
1,NaN,NaN,NaN,NaN,NaN,NaN,NaN,NaN
2,NaN,NaN,NaN,NaN,NaN,NaN,NaN,NaN
3,NaN,NaN,NaN,NaN,NaN,NaN,NaN,NaN
4,NaN,NaN,NaN,NaN,NaN,NaN,NaN,NaN
5,NaN,NaN,NaN,NaN,NaN,NaN,NaN,NaN
6,NaN,NaN,NaN,NaN,NaN,NaN,NaN,NaN
7,NaN,NaN,NaN,NaN,NaN,NaN,NaN,NaN
8,NaN,NaN,NaN,NaN,NaN,NaN,NaN,NaN
9,NaN,NaN,NaN,NaN,NaN,NaN,NaN,NaN
10,NaN,NaN,NaN,NaN,NaN,NaN,NaN,NaN
11,NaN,NaN,NaN,NaN,NaN,NaN,NaN,NaN
1,NaN,NaN,NaN,NaN,NaN,NaN,NaN,NaN
2,NaN,NaN,NaN,NaN,NaN,NaN,NaN,NaN
3,NaN,NaN,NaN,NaN,NaN,NaN,NaN,NaN
4,NaN,NaN,NaN,NaN,NaN,NaN,NaN,NaN
5,NaN,NaN,NaN,NaN,NaN,NaN,NaN,NaN
6,NaN,NaN,NaN,NaN,NaN,NaN,NaN,NaN
7,NaN,NaN,NaN,NaN,NaN,NaN,NaN,NaN
8,NaN,NaN,NaN,NaN,NaN,NaN,NaN,NaN
9,NaN,NaN,NaN,NaN,NaN,NaN,NaN,NaN
10,NaN,NaN,NaN,NaN,NaN,NaN,NaN,NaN
11,NaN,NaN,NaN,NaN,NaN,NaN,NaN,NaN
1,NaN,NaN,NaN,NaN,NaN,NaN,NaN,NaN
2,NaN,NaN,NaN,NaN,NaN,NaN,NaN,NaN
3,NaN,NaN,NaN,NaN,NaN,NaN,NaN,NaN
4,NaN,NaN,NaN,NaN,NaN,NaN,NaN,NaN
5,NaN,NaN,NaN,NaN,NaN,NaN,NaN,NaN
6,NaN,NaN,NaN,NaN,NaN,NaN,NaN,NaN
7,NaN,NaN,NaN,NaN,NaN,NaN,NaN,NaN
8,NaN,NaN,NaN,NaN,NaN,NaN,NaN,NaN
9,NaN,NaN,NaN,NaN,NaN,NaN,NaN,NaN
10,NaN,NaN,NaN,NaN,NaN,NaN,NaN,NaN
11,NaN,NaN,NaN,NaN,NaN,NaN,NaN,NaN
1,NaN,NaN,NaN,NaN,NaN,NaN,NaN,NaN
2,NaN,NaN,NaN,NaN,NaN,NaN,NaN,NaN
3,NaN,NaN,NaN,NaN,NaN,NaN,NaN,NaN
4,NaN,NaN,NaN,NaN,NaN,NaN,NaN,NaN
5,NaN,NaN,NaN,NaN,NaN,NaN,NaN,NaN
6,NaN,NaN,NaN,NaN,NaN,NaN,NaN,NaN
7,NaN,NaN,NaN,NaN,NaN,NaN,NaN,NaN
8,NaN,NaN,NaN,NaN,NaN,NaN,NaN,NaN
9,NaN,NaN,NaN,NaN,NaN,NaN,NaN,NaN
10,NaN,NaN,NaN,NaN,NaN,NaN,NaN,NaN
11,NaN,NaN,NaN,NaN,NaN,NaN,NaN,NaN
1,NaN,NaN,NaN,NaN,NaN,NaN,NaN,NaN
2,NaN,NaN,NaN,NaN,NaN,NaN,NaN,NaN
3,NaN,NaN,NaN,NaN,NaN,NaN,NaN,NaN
4,NaN,NaN,NaN,NaN,NaN,NaN,NaN,NaN
5,NaN,NaN,NaN,NaN,NaN,NaN,NaN,NaN
6,NaN,NaN,NaN,NaN,NaN,NaN,NaN,NaN
7,NaN,NaN,NaN,NaN,NaN,NaN,NaN,NaN
8,NaN,NaN,NaN,NaN,NaN,NaN,NaN,NaN
9,NaN,NaN,NaN,NaN,NaN,NaN,NaN,NaN
10,NaN,NaN,NaN,NaN,NaN,NaN,NaN,NaN
11,NaN,NaN,NaN,NaN,NaN,NaN,NaN,NaN
1,NaN,NaN,NaN,NaN,NaN,NaN,NaN,NaN
2,NaN,NaN,NaN,NaN,NaN,NaN,NaN,NaN
3,NaN,NaN,NaN,NaN,NaN,NaN,NaN,NaN
4,NaN,NaN,NaN,NaN,NaN,NaN,NaN,NaN
5,NaN,NaN,NaN,NaN,NaN,NaN,NaN,NaN
6,NaN,NaN,NaN,NaN,NaN,NaN,NaN,NaN
7,NaN,NaN,NaN,NaN,NaN,NaN,NaN,NaN
8,NaN,NaN,NaN,NaN,NaN,NaN,NaN,NaN
9,NaN,NaN,NaN,NaN,NaN,NaN,NaN,NaN
10,NaN,NaN,NaN,NaN,NaN,NaN,NaN,NaN
11,NaN,NaN,NaN,NaN,NaN,NaN,NaN,NaN
1,NaN,NaN,NaN,NaN,NaN,NaN,NaN,NaN
2,NaN,NaN,NaN,NaN,NaN,NaN,NaN,NaN
3,NaN,NaN,NaN,NaN,NaN,NaN,NaN,NaN
4,NaN,NaN,NaN,NaN,NaN,NaN,NaN,NaN
5,NaN,NaN,NaN,NaN,NaN,NaN,NaN,NaN
6,NaN,NaN,NaN,NaN,NaN,NaN,NaN,NaN
7,NaN,NaN,NaN,NaN,NaN,NaN,NaN,NaN
8,NaN,NaN,NaN,NaN,NaN,NaN,NaN,NaN
9,NaN,NaN,NaN,NaN,NaN,NaN,NaN,NaN
10,NaN,NaN,NaN,NaN,NaN,NaN,NaN,NaN
11,NaN,NaN,NaN,NaN,NaN,NaN,NaN,NaN
1,NaN,NaN,NaN,NaN,NaN,NaN,NaN,NaN
2,NaN,NaN,NaN,NaN,NaN,NaN,NaN,NaN
3,NaN,NaN,NaN,NaN,NaN,NaN,NaN,NaN
4,NaN,NaN,NaN,NaN,NaN,NaN,NaN,NaN
5,NaN,NaN,NaN,NaN,NaN,NaN,NaN,NaN
6,NaN,NaN,NaN,NaN,NaN,NaN,NaN,NaN
7,NaN,NaN,NaN,NaN,NaN,NaN,NaN,NaN
8,NaN,NaN,NaN,NaN,NaN,NaN,NaN,NaN
9,NaN,NaN,NaN,NaN,NaN,NaN,NaN,NaN
10,NaN,NaN,NaN,NaN,NaN,NaN,NaN,NaN
11,NaN,NaN,NaN,NaN,NaN,NaN,NaN,NaN
1,NaN,NaN,NaN,NaN,NaN,NaN,NaN,NaN
2,NaN,NaN,NaN,NaN,NaN,NaN,NaN,NaN
3,NaN,NaN,NaN,NaN,NaN,NaN,NaN,NaN
4,NaN,NaN,NaN,NaN,NaN,NaN,NaN,NaN
5,NaN,NaN,NaN,NaN,NaN,NaN,NaN,NaN
6,NaN,NaN,NaN,NaN,NaN,NaN,NaN,NaN
7,NaN,NaN,NaN,NaN,NaN,NaN,NaN,NaN
8,NaN,NaN,NaN,NaN,NaN,NaN,NaN,NaN
9,NaN,NaN,NaN,NaN,NaN,NaN,NaN,NaN
10,NaN,NaN,NaN,NaN,NaN,NaN,NaN,NaN
11,NaN,NaN,NaN,NaN,NaN,NaN,NaN,NaN
1,NaN,NaN,NaN,NaN,NaN,NaN,NaN,NaN
2,NaN,NaN,NaN,NaN,NaN,NaN,NaN,NaN
3,NaN,NaN,NaN,NaN,NaN,NaN,NaN,NaN
4,NaN,NaN,NaN,NaN,NaN,NaN,NaN,NaN
5,NaN,NaN,NaN,NaN,NaN,NaN,NaN,NaN
6,NaN,NaN,NaN,NaN,NaN,NaN,NaN,NaN
7,NaN,NaN,NaN,NaN,NaN,NaN,NaN,NaN
8,NaN,NaN,NaN,NaN,NaN,NaN,NaN,NaN
9,NaN,NaN,NaN,NaN,NaN,NaN,NaN,NaN
10,NaN,NaN,NaN,NaN,NaN,NaN,NaN,NaN
11,NaN,NaN,NaN,NaN,NaN,NaN,NaN,NaN
1,NaN,NaN,NaN,NaN,NaN,NaN,NaN,NaN
2,NaN,NaN,NaN,NaN,NaN,NaN,NaN,NaN
3,NaN,NaN,NaN,NaN,NaN,NaN,NaN,NaN
4,NaN,NaN,NaN,NaN,NaN,NaN,NaN,NaN
5,NaN,NaN,NaN,NaN,NaN,NaN,NaN,NaN
6,NaN,NaN,NaN,NaN,NaN,NaN,NaN,NaN
7,NaN,NaN,NaN,NaN,NaN,NaN,NaN,NaN
8,NaN,NaN,NaN,NaN,NaN,NaN,NaN,NaN
9,NaN,NaN,NaN,NaN,NaN,NaN,NaN,NaN
10,NaN,NaN,NaN,NaN,NaN,NaN,NaN,NaN
11,NaN,NaN,NaN,NaN,NaN,NaN,NaN,NaN
1,NaN,NaN,NaN,NaN,NaN,NaN,NaN,NaN
2,NaN,NaN,NaN,NaN,NaN,NaN,NaN,NaN
3,NaN,NaN,NaN,NaN,NaN,NaN,NaN,NaN
4,NaN,NaN,NaN,NaN,NaN,NaN,NaN,NaN
5,NaN,NaN,NaN,NaN,NaN,NaN,NaN,NaN
6,NaN,NaN,NaN,NaN,NaN,NaN,NaN,NaN
7,NaN,NaN,NaN,NaN,NaN,NaN,NaN,NaN
8,NaN,NaN,NaN,NaN,NaN,NaN,NaN,NaN
9,NaN,NaN,NaN,NaN,NaN,NaN,NaN,NaN
10,NaN,NaN,NaN,NaN,NaN,NaN,NaN,NaN
11,NaN,NaN,NaN,NaN,NaN,NaN,NaN,NaN
1,NaN,NaN,NaN,NaN,NaN,NaN,NaN,NaN
2,NaN,NaN,NaN,NaN,NaN,NaN,NaN,NaN
3,NaN,NaN,NaN,NaN,NaN,NaN,NaN,NaN
4,NaN,NaN,NaN,NaN,NaN,NaN,NaN,NaN
5,NaN,NaN,NaN,NaN,NaN,NaN,NaN,NaN
6,NaN,NaN,NaN,NaN,NaN,NaN,NaN,NaN
7,NaN,NaN,NaN,NaN,NaN,NaN,NaN,NaN
8,NaN,NaN,NaN,NaN,NaN,NaN,NaN,NaN
9,NaN,NaN,NaN,NaN,NaN,NaN,NaN,NaN
10,NaN,NaN,NaN,NaN,NaN,NaN,NaN,NaN
11,NaN,NaN,NaN,NaN,NaN,NaN,NaN,NaN
1,NaN,NaN,NaN,NaN,NaN,NaN,NaN,NaN
2,NaN,NaN,NaN,NaN,NaN,NaN,NaN,NaN
3,NaN,NaN,NaN,NaN,NaN,NaN,NaN,NaN
4,NaN,NaN,NaN,NaN,NaN,NaN,NaN,NaN
5,NaN,NaN,NaN,NaN,NaN,NaN,NaN,NaN
6,NaN,NaN,NaN,NaN,NaN,NaN,NaN,NaN
7,NaN,NaN,NaN,NaN,NaN,NaN,NaN,NaN
8,NaN,NaN,NaN,NaN,NaN,NaN,NaN,NaN
9,NaN,NaN,NaN,NaN,NaN,NaN,NaN,NaN
10,NaN,NaN,NaN,NaN,NaN,NaN,NaN,NaN
11,NaN,NaN,NaN,NaN,NaN,NaN,NaN,NaN
1,NaN,NaN,NaN,NaN,NaN,NaN,NaN,NaN
2,NaN,NaN,NaN,NaN,NaN,NaN,NaN,NaN
3,NaN,NaN,NaN,NaN,NaN,NaN,NaN,NaN
4,NaN,NaN,NaN,NaN,NaN,NaN,NaN,NaN
5,NaN,NaN,NaN,NaN,NaN,NaN,NaN,NaN
6,NaN,NaN,NaN,NaN,NaN,NaN,NaN,NaN
7,NaN,NaN,NaN,NaN,NaN,NaN,NaN,NaN
8,NaN,NaN,NaN,NaN,NaN,NaN,NaN,NaN
9,NaN,NaN,NaN,NaN,NaN,NaN,NaN,NaN
10,NaN,NaN,NaN,NaN,NaN,NaN,NaN,NaN
11,NaN,NaN,NaN,NaN,NaN,NaN,NaN,NaN
1,NaN,NaN,NaN,NaN,NaN,NaN,NaN,NaN
2,NaN,NaN,NaN,NaN,NaN,NaN,NaN,NaN
3,NaN,NaN,NaN,NaN,NaN,NaN,NaN,NaN
4,NaN,NaN,NaN,NaN,NaN,NaN,NaN,NaN
5,NaN,NaN,NaN,NaN,NaN,NaN,NaN,NaN
6,NaN,NaN,NaN,NaN,NaN,NaN,NaN,NaN
7,NaN,NaN,NaN,NaN,NaN,NaN,NaN,NaN
8,NaN,NaN,NaN,NaN,NaN,NaN,NaN,NaN
9,NaN,NaN,NaN,NaN,NaN,NaN,NaN,NaN
10,NaN,NaN,NaN,NaN,NaN,NaN,NaN,NaN
11,NaN,NaN,NaN,NaN,NaN,NaN,NaN,NaN
1,NaN,NaN,NaN,NaN,NaN,NaN,NaN,NaN
2,NaN,NaN,NaN,NaN,NaN,NaN,NaN,NaN
3,NaN,NaN,NaN,NaN,NaN,NaN,NaN,NaN
4,NaN,NaN,NaN,NaN,NaN,NaN,NaN,NaN
5,NaN,NaN,NaN,NaN,NaN,NaN,NaN,NaN
6,NaN,NaN,NaN,NaN,NaN,NaN,NaN,NaN
7,NaN,NaN,NaN,NaN,NaN,NaN,NaN,NaN
8,NaN,NaN,NaN,NaN,NaN,NaN,NaN,NaN
9,NaN,NaN,NaN,NaN,NaN,NaN,NaN,NaN
10,NaN,NaN,NaN,NaN,NaN,NaN,NaN,NaN
11,NaN,NaN,NaN,NaN,NaN,NaN,NaN,NaN
1,NaN,NaN,NaN,NaN,NaN,NaN,NaN,NaN
2,NaN,NaN,NaN,NaN,NaN,NaN,NaN,NaN
3,NaN,NaN,NaN,NaN,NaN,NaN,NaN,NaN
4,NaN,NaN,NaN,NaN,NaN,NaN,NaN,NaN
5,NaN,NaN,NaN,NaN,NaN,NaN,NaN,NaN
6,NaN,NaN,NaN,NaN,NaN,NaN,NaN,NaN
7,NaN,NaN,NaN,NaN,NaN,NaN,NaN,NaN
8,NaN,NaN,NaN,NaN,NaN,NaN,NaN,NaN
9,NaN,NaN,NaN,NaN,NaN,NaN,NaN,NaN
10,NaN,NaN,NaN,NaN,NaN,NaN,NaN,NaN
11,NaN,NaN,NaN,NaN,NaN,NaN,NaN,NaN
1,NaN,NaN,NaN,NaN,NaN,NaN,NaN,NaN
2,NaN,NaN,NaN,NaN,NaN,NaN,NaN,NaN
3,NaN,NaN,NaN,NaN,NaN,NaN,NaN,NaN
4,NaN,NaN,NaN,NaN,NaN,NaN,NaN,NaN
5,NaN,NaN,NaN,NaN,NaN,NaN,NaN,NaN
6,NaN,NaN,NaN,NaN,NaN,NaN,NaN,NaN
7,NaN,NaN,NaN,NaN,NaN,NaN,NaN,NaN
8,NaN,NaN,NaN,NaN,NaN,NaN,NaN,NaN
9,NaN,NaN,NaN,NaN,NaN,NaN,NaN,NaN
10,NaN,NaN,NaN,NaN,NaN,NaN,NaN,NaN
11,NaN,NaN,NaN,NaN,NaN,NaN,NaN,NaN
1,NaN,NaN,NaN,NaN,NaN,NaN,NaN,NaN
2,NaN,NaN,NaN,NaN,NaN,NaN,NaN,NaN
3,NaN,NaN,NaN,NaN,NaN,NaN,NaN,NaN
4,NaN,NaN,NaN,NaN,NaN,NaN,NaN,NaN
5,NaN,NaN,NaN,NaN,NaN,NaN,NaN,NaN
6,NaN,NaN,NaN,NaN,NaN,NaN,NaN,NaN
7,NaN,NaN,NaN,NaN,NaN,NaN,NaN,NaN
8,NaN,NaN,NaN,NaN,NaN,NaN,NaN,NaN
9,NaN,NaN,NaN,NaN,NaN,NaN,NaN,NaN
10,NaN,NaN,NaN,NaN,NaN,NaN,NaN,NaN
11,NaN,NaN,NaN,NaN,NaN,NaN,NaN,NaN
1,NaN,NaN,NaN,NaN,NaN,NaN,NaN,NaN
2,NaN,NaN,NaN,NaN,NaN,NaN,NaN,NaN
3,NaN,NaN,NaN,NaN,NaN,NaN,NaN,NaN
4,NaN,NaN,NaN,NaN,NaN,NaN,NaN,NaN
5,NaN,NaN,NaN,NaN,NaN,NaN,NaN,NaN
6,NaN,NaN,NaN,NaN,NaN,NaN,NaN,NaN
7,NaN,NaN,NaN,NaN,NaN,NaN,NaN,NaN
8,NaN,NaN,NaN,NaN,NaN,NaN,NaN,NaN
9,NaN,NaN,NaN,NaN,NaN,NaN,NaN,NaN
10,NaN,NaN,NaN,NaN,NaN,NaN,NaN,NaN
11,NaN,NaN,NaN,NaN,NaN,NaN,NaN,NaN
1,NaN,NaN,NaN,NaN,NaN,NaN,NaN,NaN
2,NaN,NaN,NaN,NaN,NaN,NaN,NaN,NaN
3,NaN,NaN,NaN,NaN,NaN,NaN,NaN,NaN
4,NaN,NaN,NaN,NaN,NaN,NaN,NaN,NaN
5,NaN,NaN,NaN,NaN,NaN,NaN,NaN,NaN
6,NaN,NaN,NaN,NaN,NaN,NaN,NaN,NaN
7,NaN,NaN,NaN,NaN,NaN,NaN,NaN,NaN
8,NaN,NaN,NaN,NaN,NaN,NaN,NaN,NaN
9,NaN,NaN,NaN,NaN,NaN,NaN,NaN,NaN
10,NaN,NaN,NaN,NaN,NaN,NaN,NaN,NaN
11,NaN,NaN,NaN,NaN,NaN,NaN,NaN,NaN
1,NaN,NaN,NaN,NaN,NaN,NaN,NaN,NaN
2,NaN,NaN,NaN,NaN,NaN,NaN,NaN,NaN
3,NaN,NaN,NaN,NaN,NaN,NaN,NaN,NaN
4,NaN,NaN,NaN,NaN,NaN,NaN,NaN,NaN
5,NaN,NaN,NaN,NaN,NaN,NaN,NaN,NaN
6,NaN,NaN,NaN,NaN,NaN,NaN,NaN,NaN
7,NaN,NaN,NaN,NaN,NaN,NaN,NaN,NaN
8,NaN,NaN,NaN,NaN,NaN,NaN,NaN,NaN
9,NaN,NaN,NaN,NaN,NaN,NaN,NaN,NaN
10,NaN,NaN,NaN,NaN,NaN,NaN,NaN,NaN
11,NaN,NaN,NaN,NaN,NaN,NaN,NaN,NaN
1,NaN,NaN,NaN,NaN,NaN,NaN,NaN,NaN
2,NaN,NaN,NaN,NaN,NaN,NaN,NaN,NaN
3,NaN,NaN,NaN,NaN,NaN,NaN,NaN,NaN
4,NaN,NaN,NaN,NaN,NaN,NaN,NaN,NaN
5,NaN,NaN,NaN,NaN,NaN,NaN,NaN,NaN
6,NaN,NaN,NaN,NaN,NaN,NaN,NaN,NaN
7,NaN,NaN,NaN,NaN,NaN,NaN,NaN,NaN
8,NaN,NaN,NaN,NaN,NaN,NaN,NaN,NaN
9,NaN,NaN,NaN,NaN,NaN,NaN,NaN,NaN
10,NaN,NaN,NaN,NaN,NaN,NaN,NaN,NaN
11,NaN,NaN,NaN,NaN,NaN,NaN,NaN,NaN
1,NaN,NaN,NaN,NaN,NaN,NaN,NaN,NaN
2,NaN,NaN,NaN,NaN,NaN,NaN,NaN,NaN
3,NaN,NaN,NaN,NaN,NaN,NaN,NaN,NaN
4,NaN,NaN,NaN,NaN,NaN,NaN,NaN,NaN
5,NaN,NaN,NaN,NaN,NaN,NaN,NaN,NaN
6,NaN,NaN,NaN,NaN,NaN,NaN,NaN,NaN
7,NaN,NaN,NaN,NaN,NaN,NaN,NaN,NaN
8,NaN,NaN,NaN,NaN,NaN,NaN,NaN,NaN
9,NaN,NaN,NaN,NaN,NaN,NaN,NaN,NaN
10,NaN,NaN,NaN,NaN,NaN,NaN,NaN,NaN
11,NaN,NaN,NaN,NaN,NaN,NaN,NaN,NaN
1,NaN,NaN,NaN,NaN,NaN,NaN,NaN,NaN
2,NaN,NaN,NaN,NaN,NaN,NaN,NaN,NaN
3,NaN,NaN,NaN,NaN,NaN,NaN,NaN,NaN
4,NaN,NaN,NaN,NaN,NaN,NaN,NaN,NaN
5,NaN,NaN,NaN,NaN,NaN,NaN,NaN,NaN
6,NaN,NaN,NaN,NaN,NaN,NaN,NaN,NaN
7,NaN,NaN,NaN,NaN,NaN,NaN,NaN,NaN
8,NaN,NaN,NaN,NaN,NaN,NaN,NaN,NaN
9,NaN,NaN,NaN,NaN,NaN,NaN,NaN,NaN
10,NaN,NaN,NaN,NaN,NaN,NaN,NaN,NaN
11,NaN,NaN,NaN,NaN,NaN,NaN,NaN,NaN
1,NaN,NaN,NaN,NaN,NaN,NaN,NaN,NaN
2,NaN,NaN,NaN,NaN,NaN,NaN,NaN,NaN
3,NaN,NaN,NaN,NaN,NaN,NaN,NaN,NaN
4,NaN,NaN,NaN,NaN,NaN,NaN,NaN,NaN
5,NaN,NaN,NaN,NaN,NaN,NaN,NaN,NaN
6,NaN,NaN,NaN,NaN,NaN,NaN,NaN,NaN
7,NaN,NaN,NaN,NaN,NaN,NaN,NaN,NaN
8,NaN,NaN,NaN,NaN,NaN,NaN,NaN,NaN
9,NaN,NaN,NaN,NaN,NaN,NaN,NaN,NaN
10,NaN,NaN,NaN,NaN,NaN,NaN,NaN,NaN
11,NaN,NaN,NaN,NaN,NaN,NaN,NaN,NaN
1,NaN,NaN,NaN,NaN,NaN,NaN,NaN,NaN
2,NaN,NaN,NaN,NaN,NaN,NaN,NaN,NaN
3,NaN,NaN,NaN,NaN,NaN,NaN,NaN,NaN
4,NaN,NaN,NaN,NaN,NaN,NaN,NaN,NaN
5,NaN,NaN,NaN,NaN,NaN,NaN,NaN,NaN
6,NaN,NaN,NaN,NaN,NaN,NaN,NaN,NaN
7,NaN,NaN,NaN,NaN,NaN,NaN,NaN,NaN
8,NaN,NaN,NaN,NaN,NaN,NaN,NaN,NaN
9,NaN,NaN,NaN,NaN,NaN,NaN,NaN,NaN
10,NaN,NaN,NaN,NaN,NaN,NaN,NaN,NaN
11,NaN,NaN,NaN,NaN,NaN,NaN,NaN,NaN
1,NaN,NaN,NaN,NaN,NaN,NaN,NaN,NaN
2,NaN,NaN,NaN,NaN,NaN,NaN,NaN,NaN
3,NaN,NaN,NaN,NaN,NaN,NaN,NaN,NaN
4,NaN,NaN,NaN,NaN,NaN,NaN,NaN,NaN
5,NaN,NaN,NaN,NaN,NaN,NaN,NaN,NaN
6,NaN,NaN,NaN,NaN,NaN,NaN,NaN,NaN
7,NaN,NaN,NaN,NaN,NaN,NaN,NaN,NaN
8,NaN,NaN,NaN,NaN,NaN,NaN,NaN,NaN
9,NaN,NaN,NaN,NaN,NaN,NaN,NaN,NaN
10,NaN,NaN,NaN,NaN,NaN,NaN,NaN,NaN
11,NaN,NaN,NaN,NaN,NaN,NaN,NaN,NaN
1,NaN,NaN,NaN,NaN,NaN,NaN,NaN,NaN
2,NaN,NaN,NaN,NaN,NaN,NaN,NaN,NaN
3,NaN,NaN,NaN,NaN,NaN,NaN,NaN,NaN
4,NaN,NaN,NaN,NaN,NaN,NaN,NaN,NaN
5,NaN,NaN,NaN,NaN,NaN,NaN,NaN,NaN
6,NaN,NaN,NaN,NaN,NaN,NaN,NaN,NaN
7,NaN,NaN,NaN,NaN,NaN,NaN,NaN,NaN
8,NaN,NaN,NaN,NaN,NaN,NaN,NaN,NaN
9,NaN,NaN,NaN,NaN,NaN,NaN,NaN,NaN
10,NaN,NaN,NaN,NaN,NaN,NaN,NaN,NaN
11,NaN,NaN,NaN,NaN,NaN,NaN,NaN,NaN
1,NaN,NaN,NaN,NaN,NaN,NaN,NaN,NaN
2,NaN,NaN,NaN,NaN,NaN,NaN,NaN,NaN
3,NaN,NaN,NaN,NaN,NaN,NaN,NaN,NaN
4,NaN,NaN,NaN,NaN,NaN,NaN,NaN,NaN
5,NaN,NaN,NaN,NaN,NaN,NaN,NaN,NaN
6,NaN,NaN,NaN,NaN,NaN,NaN,NaN,NaN
7,NaN,NaN,NaN,NaN,NaN,NaN,NaN,NaN
8,NaN,NaN,NaN,NaN,NaN,NaN,NaN,NaN
9,NaN,NaN,NaN,NaN,NaN,NaN,NaN,NaN
10,NaN,NaN,NaN,NaN,NaN,NaN,NaN,NaN
11,NaN,NaN,NaN,NaN,NaN,NaN,NaN,NaN
1,NaN,NaN,NaN,NaN,NaN,NaN,NaN,NaN
2,NaN,NaN,NaN,NaN,NaN,NaN,NaN,NaN
3,NaN,NaN,NaN,NaN,NaN,NaN,NaN,NaN
4,NaN,NaN,NaN,NaN,NaN,NaN,NaN,NaN
5,NaN,NaN,NaN,NaN,NaN,NaN,NaN,NaN
6,NaN,NaN,NaN,NaN,NaN,NaN,NaN,NaN
7,NaN,NaN,NaN,NaN,NaN,NaN,NaN,NaN
8,NaN,NaN,NaN,NaN,NaN,NaN,NaN,NaN
9,NaN,NaN,NaN,NaN,NaN,NaN,NaN,NaN
10,NaN,NaN,NaN,NaN,NaN,NaN,NaN,NaN
11,NaN,NaN,NaN,NaN,NaN,NaN,NaN,NaN
1,NaN,NaN,NaN,NaN,NaN,NaN,NaN,NaN
2,NaN,NaN,NaN,NaN,NaN,NaN,NaN,NaN
3,NaN,NaN,NaN,NaN,NaN,NaN,NaN,NaN
4,NaN,NaN,NaN,NaN,NaN,NaN,NaN,NaN
5,NaN,NaN,NaN,NaN,NaN,NaN,NaN,NaN
6,NaN,NaN,NaN,NaN,NaN,NaN,NaN,NaN
7,NaN,NaN,NaN,NaN,NaN,NaN,NaN,NaN
8,NaN,NaN,NaN,NaN,NaN,NaN,NaN,NaN
9,NaN,NaN,NaN,NaN,NaN,NaN,NaN,NaN
10,NaN,NaN,NaN,NaN,NaN,NaN,NaN,NaN
11,NaN,NaN,NaN,NaN,NaN,NaN,NaN,NaN
1,NaN,NaN,NaN,NaN,NaN,NaN,NaN,NaN
2,NaN,NaN,NaN,NaN,NaN,NaN,NaN,NaN
3,NaN,NaN,NaN,NaN,NaN,NaN,NaN,NaN
4,NaN,NaN,NaN,NaN,NaN,NaN,NaN,NaN
5,NaN,NaN,NaN,NaN,NaN,NaN,NaN,NaN
6,NaN,NaN,NaN,NaN,NaN,NaN,NaN,NaN
7,NaN,NaN,NaN,NaN,NaN,NaN,NaN,NaN
8,NaN,NaN,NaN,NaN,NaN,NaN,NaN,NaN
9,NaN,NaN,NaN,NaN,NaN,NaN,NaN,NaN
10,NaN,NaN,NaN,NaN,NaN,NaN,NaN,NaN
11,NaN,NaN,NaN,NaN,NaN,NaN,NaN,NaN
1,NaN,NaN,NaN,NaN,NaN,NaN,NaN,NaN
2,NaN,NaN,NaN,NaN,NaN,NaN,NaN,NaN
3,NaN,NaN,NaN,NaN,NaN,NaN,NaN,NaN
4,NaN,NaN,NaN,NaN,NaN,NaN,NaN,NaN
5,NaN,NaN,NaN,NaN,NaN,NaN,NaN,NaN
6,NaN,NaN,NaN,NaN,NaN,NaN,NaN,NaN
7,NaN,NaN,NaN,NaN,NaN,NaN,NaN,NaN
8,NaN,NaN,NaN,NaN,NaN,NaN,NaN,NaN
9,NaN,NaN,NaN,NaN,NaN,NaN,NaN,NaN
10,NaN,NaN,NaN,NaN,NaN,NaN,NaN,NaN
11,NaN,NaN,NaN,NaN,NaN,NaN,NaN,NaN
1,NaN,NaN,NaN,NaN,NaN,NaN,NaN,NaN
2,NaN,NaN,NaN,NaN,NaN,NaN,NaN,NaN
3,NaN,NaN,NaN,NaN,NaN,NaN,NaN,NaN
4,NaN,NaN,NaN,NaN,NaN,NaN,NaN,NaN
5,NaN,NaN,NaN,NaN,NaN,NaN,NaN,NaN
6,NaN,NaN,NaN,NaN,NaN,NaN,NaN,NaN
7,NaN,NaN,NaN,NaN,NaN,NaN,NaN,NaN
8,NaN,NaN,NaN,NaN,NaN,NaN,NaN,NaN
9,NaN,NaN,NaN,NaN,NaN,NaN,NaN,NaN
10,NaN,NaN,NaN,NaN,NaN,NaN,NaN,NaN
11,NaN,NaN,NaN,NaN,NaN,NaN,NaN,NaN
1,NaN,NaN,NaN,NaN,NaN,NaN,NaN,NaN
2,NaN,NaN,NaN,NaN,NaN,NaN,NaN,NaN
3,NaN,NaN,NaN,NaN,NaN,NaN,NaN,NaN
4,NaN,NaN,NaN,NaN,NaN,NaN,NaN,NaN
5,NaN,NaN,NaN,NaN,NaN,NaN,NaN,NaN
6,NaN,NaN,NaN,NaN,NaN,NaN,NaN,NaN
7,NaN,NaN,NaN,NaN,NaN,NaN,NaN,NaN
8,NaN,NaN,NaN,NaN,NaN,NaN,NaN,NaN
9,NaN,NaN,NaN,NaN,NaN,NaN,NaN,NaN
10,NaN,NaN,NaN,NaN,NaN,NaN,NaN,NaN
11,NaN,NaN,NaN,NaN,NaN,NaN,NaN,NaN
1,NaN,NaN,NaN,NaN,NaN,NaN,NaN,NaN
2,NaN,NaN,NaN,NaN,NaN,NaN,NaN,NaN
3,NaN,NaN,NaN,NaN,NaN,NaN,NaN,NaN
4,NaN,NaN,NaN,NaN,NaN,NaN,NaN,NaN
5,NaN,NaN,NaN,NaN,NaN,NaN,NaN,NaN
6,NaN,NaN,NaN,NaN,NaN,NaN,NaN,NaN
7,NaN,NaN,NaN,NaN,NaN,NaN,NaN,NaN
8,NaN,NaN,NaN,NaN,NaN,NaN,NaN,NaN
9,NaN,NaN,NaN,NaN,NaN,NaN,NaN,NaN
10,NaN,NaN,NaN,NaN,NaN,NaN,NaN,NaN
11,NaN,NaN,NaN,NaN,NaN,NaN,NaN,NaN
1,NaN,NaN,NaN,NaN,NaN,NaN,NaN,NaN
2,NaN,NaN,NaN,NaN,NaN,NaN,NaN,NaN
3,NaN,NaN,NaN,NaN,NaN,NaN,NaN,NaN
4,NaN,NaN,NaN,NaN,NaN,NaN,NaN,NaN
5,NaN,NaN,NaN,NaN,NaN,NaN,NaN,NaN
6,NaN,NaN,NaN,NaN,NaN,NaN,NaN,NaN
7,NaN,NaN,NaN,NaN,NaN,NaN,NaN,NaN
8,NaN,NaN,NaN,NaN,NaN,NaN,NaN,NaN
9,NaN,NaN,NaN,NaN,NaN,NaN,NaN,NaN
10,NaN,NaN,NaN,NaN,NaN,NaN,NaN,NaN
11,NaN,NaN,NaN,NaN,NaN,NaN,NaN,NaN
1,NaN,NaN,NaN,NaN,NaN,NaN,NaN,NaN
2,NaN,NaN,NaN,NaN,NaN,NaN,NaN,NaN
3,NaN,NaN,NaN,NaN,NaN,NaN,NaN,NaN
4,NaN,NaN,NaN,NaN,NaN,NaN,NaN,NaN
5,NaN,NaN,NaN,NaN,NaN,NaN,NaN,NaN
6,NaN,NaN,NaN,NaN,NaN,NaN,NaN,NaN
7,NaN,NaN,NaN,NaN,NaN,NaN,NaN,NaN
8,NaN,NaN,NaN,NaN,NaN,NaN,NaN,NaN
9,NaN,NaN,NaN,NaN,NaN,NaN,NaN,NaN
10,NaN,NaN,NaN,NaN,NaN,NaN,NaN,NaN
11,NaN,NaN,NaN,NaN,NaN,NaN,NaN,NaN
1,NaN,NaN,NaN,NaN,NaN,NaN,NaN,NaN
2,NaN,NaN,NaN,NaN,NaN,NaN,NaN,NaN
3,NaN,NaN,NaN,NaN,NaN,NaN,NaN,NaN
4,NaN,NaN,NaN,NaN,NaN,NaN,NaN,NaN
5,NaN,NaN,NaN,NaN,NaN,NaN,NaN,NaN
6,NaN,NaN,NaN,NaN,NaN,NaN,NaN,NaN
7,NaN,NaN,NaN,NaN,NaN,NaN,NaN,NaN
8,NaN,NaN,NaN,NaN,NaN,NaN,NaN,NaN
9,NaN,NaN,NaN,NaN,NaN,NaN,NaN,NaN
10,NaN,NaN,NaN,NaN,NaN,NaN,NaN,NaN
11,NaN,NaN,NaN,NaN,NaN,NaN,NaN,NaN
1,NaN,NaN,NaN,NaN,NaN,NaN,NaN,NaN
2,NaN,NaN,NaN,NaN,NaN,NaN,NaN,NaN
3,NaN,NaN,NaN,NaN,NaN,NaN,NaN,NaN
4,NaN,NaN,NaN,NaN,NaN,NaN,NaN,NaN
5,NaN,NaN,NaN,NaN,NaN,NaN,NaN,NaN
6,NaN,NaN,NaN,NaN,NaN,NaN,NaN,NaN
7,NaN,NaN,NaN,NaN,NaN,NaN,NaN,NaN
8,NaN,NaN,NaN,NaN,NaN,NaN,NaN,NaN
9,NaN,NaN,NaN,NaN,NaN,NaN,NaN,NaN
10,NaN,NaN,NaN,NaN,NaN,NaN,NaN,NaN
11,NaN,NaN,NaN,NaN,NaN,NaN,NaN,NaN
1,NaN,NaN,NaN,NaN,NaN,NaN,NaN,NaN
2,NaN,NaN,NaN,NaN,NaN,NaN,NaN,NaN
3,NaN,NaN,NaN,NaN,NaN,NaN,NaN,NaN
4,NaN,NaN,NaN,NaN,NaN,NaN,NaN,NaN
5,NaN,NaN,NaN,NaN,NaN,NaN,NaN,NaN
6,NaN,NaN,NaN,NaN,NaN,NaN,NaN,NaN
7,NaN,NaN,NaN,NaN,NaN,NaN,NaN,NaN
8,NaN,NaN,NaN,NaN,NaN,NaN,NaN,NaN
9,NaN,NaN,NaN,NaN,NaN,NaN,NaN,NaN
10,NaN,NaN,NaN,NaN,NaN,NaN,NaN,NaN
11,NaN,NaN,NaN,NaN,NaN,NaN,NaN,NaN
1,NaN,NaN,NaN,NaN,NaN,NaN,NaN,NaN
2,NaN,NaN,NaN,NaN,NaN,NaN,NaN,NaN
3,NaN,NaN,NaN,NaN,NaN,NaN,NaN,NaN
4,NaN,NaN,NaN,NaN,NaN,NaN,NaN,NaN
5,NaN,NaN,NaN,NaN,NaN,NaN,NaN,NaN
6,NaN,NaN,NaN,NaN,NaN,NaN,NaN,NaN
7,NaN,NaN,NaN,NaN,NaN,NaN,NaN,NaN
8,NaN,NaN,NaN,NaN,NaN,NaN,NaN,NaN
9,NaN,NaN,NaN,NaN,NaN,NaN,NaN,NaN
10,NaN,NaN,NaN,NaN,NaN,NaN,NaN,NaN
11,NaN,NaN,NaN,NaN,NaN,NaN,NaN,NaN
1,NaN,NaN,NaN,NaN,NaN,NaN,NaN,NaN
2,NaN,NaN,NaN,NaN,NaN,NaN,NaN,NaN
3,NaN,NaN,NaN,NaN,NaN,NaN,NaN,NaN
4,NaN,NaN,NaN,NaN,NaN,NaN,NaN,NaN
5,NaN,NaN,NaN,NaN,NaN,NaN,NaN,NaN
6,NaN,NaN,NaN,NaN,NaN,NaN,NaN,NaN
7,NaN,NaN,NaN,NaN,NaN,NaN,NaN,NaN
8,NaN,NaN,NaN,NaN,NaN,NaN,NaN,NaN
9,NaN,NaN,NaN,NaN,NaN,NaN,NaN,NaN
10,NaN,NaN,NaN,NaN,NaN,NaN,NaN,NaN
11,NaN,NaN,NaN,NaN,NaN,NaN,NaN,NaN
1,NaN,NaN,NaN,NaN,NaN,NaN,NaN,NaN
2,NaN,NaN,NaN,NaN,NaN,NaN,NaN,NaN
3,NaN,NaN,NaN,NaN,NaN,NaN,NaN,NaN
4,NaN,NaN,NaN,NaN,NaN,NaN,NaN,NaN
5,NaN,NaN,NaN,NaN,NaN,NaN,NaN,NaN
6,NaN,NaN,NaN,NaN,NaN,NaN,NaN,NaN
7,NaN,NaN,NaN,NaN,NaN,NaN,NaN,NaN
8,NaN,NaN,NaN,NaN,NaN,NaN,NaN,NaN
9,NaN,NaN,NaN,NaN,NaN,NaN,NaN,NaN
10,NaN,NaN,NaN,NaN,NaN,NaN,NaN,NaN
11,NaN,NaN,NaN,NaN,NaN,NaN,NaN,NaN
1,NaN,NaN,NaN,NaN,NaN,NaN,NaN,NaN
2,NaN,NaN,NaN,NaN,NaN,NaN,NaN,NaN
3,NaN,NaN,NaN,NaN,NaN,NaN,NaN,NaN
4,NaN,NaN,NaN,NaN,NaN,NaN,NaN,NaN
5,NaN,NaN,NaN,NaN,NaN,NaN,NaN,NaN
6,NaN,NaN,NaN,NaN,NaN,NaN,NaN,NaN
7,NaN,NaN,NaN,NaN,NaN,NaN,NaN,NaN
8,NaN,NaN,NaN,NaN,NaN,NaN,NaN,NaN
9,NaN,NaN,NaN,NaN,NaN,NaN,NaN,NaN
10,NaN,NaN,NaN,NaN,NaN,NaN,NaN,NaN
11,NaN,NaN,NaN,NaN,NaN,NaN,NaN,NaN
1,NaN,NaN,NaN,NaN,NaN,NaN,NaN,NaN
2,NaN,NaN,NaN,NaN,NaN,NaN,NaN,NaN
3,NaN,NaN,NaN,NaN,NaN,NaN,NaN,NaN
4,NaN,NaN,NaN,NaN,NaN,NaN,NaN,NaN
5,NaN,NaN,NaN,NaN,NaN,NaN,NaN,NaN
6,NaN,NaN,NaN,NaN,NaN,NaN,NaN,NaN
7,NaN,NaN,NaN,NaN,NaN,NaN,NaN,NaN
8,NaN,NaN,NaN,NaN,NaN,NaN,NaN,NaN
9,NaN,NaN,NaN,NaN,NaN,NaN,NaN,NaN
10,NaN,NaN,NaN,NaN,NaN,NaN,NaN,NaN
11,NaN,NaN,NaN,NaN,NaN,NaN,NaN,NaN
1,NaN,NaN,NaN,NaN,NaN,NaN,NaN,NaN
2,NaN,NaN,NaN,NaN,NaN,NaN,NaN,NaN
3,NaN,NaN,NaN,NaN,NaN,NaN,NaN,NaN
4,NaN,NaN,NaN,NaN,NaN,NaN,NaN,NaN
5,NaN,NaN,NaN,NaN,NaN,NaN,NaN,NaN
6,NaN,NaN,NaN,NaN,NaN,NaN,NaN,NaN
7,NaN,NaN,NaN,NaN,NaN,NaN,NaN,NaN
8,NaN,NaN,NaN,NaN,NaN,NaN,NaN,NaN
9,NaN,NaN,NaN,NaN,NaN,NaN,NaN,NaN
10,NaN,NaN,NaN,NaN,NaN,NaN,NaN,NaN
11,NaN,NaN,NaN,NaN,NaN,NaN,NaN,NaN
1,NaN,NaN,NaN,NaN,NaN,NaN,NaN,NaN
2,NaN,NaN,NaN,NaN,NaN,NaN,NaN,NaN
3,NaN,NaN,NaN,NaN,NaN,NaN,NaN,NaN
4,NaN,NaN,NaN,NaN,NaN,NaN,NaN,NaN
5,NaN,NaN,NaN,NaN,NaN,NaN,NaN,NaN
6,NaN,NaN,NaN,NaN,NaN,NaN,NaN,NaN
7,NaN,NaN,NaN,NaN,NaN,NaN,NaN,NaN
8,NaN,NaN,NaN,NaN,NaN,NaN,NaN,NaN
9,NaN,NaN,NaN,NaN,NaN,NaN,NaN,NaN
10,NaN,NaN,NaN,NaN,NaN,NaN,NaN,NaN
11,NaN,NaN,NaN,NaN,NaN,NaN,NaN,NaN
1,NaN,NaN,NaN,NaN,NaN,NaN,NaN,NaN
2,NaN,NaN,NaN,NaN,NaN,NaN,NaN,NaN
3,NaN,NaN,NaN,NaN,NaN,NaN,NaN,NaN
4,NaN,NaN,NaN,NaN,NaN,NaN,NaN,NaN
5,NaN,NaN,NaN,NaN,NaN,NaN,NaN,NaN
6,NaN,NaN,NaN,NaN,NaN,NaN,NaN,NaN
7,NaN,NaN,NaN,NaN,NaN,NaN,NaN,NaN
8,NaN,NaN,NaN,NaN,NaN,NaN,NaN,NaN
9,NaN,NaN,NaN,NaN,NaN,NaN,NaN,NaN
10,NaN,NaN,NaN,NaN,NaN,NaN,NaN,NaN
11,NaN,NaN,NaN,NaN,NaN,NaN,NaN,NaN
1,NaN,NaN,NaN,NaN,NaN,NaN,NaN,NaN
2,NaN,NaN,NaN,NaN,NaN,NaN,NaN,NaN
3,NaN,NaN,NaN,NaN,NaN,NaN,NaN,NaN
4,NaN,NaN,NaN,NaN,NaN,NaN,NaN,NaN
5,NaN,NaN,NaN,NaN,NaN,NaN,NaN,NaN
6,NaN,NaN,NaN,NaN,NaN,NaN,NaN,NaN
7,NaN,NaN,NaN,NaN,NaN,NaN,NaN,NaN
8,NaN,NaN,NaN,NaN,NaN,NaN,NaN,NaN
9,NaN,NaN,NaN,NaN,NaN,NaN,NaN,NaN
10,NaN,NaN,NaN,NaN,NaN,NaN,NaN,NaN
11,NaN,NaN,NaN,NaN,NaN,NaN,NaN,NaN
1,NaN,NaN,NaN,NaN,NaN,NaN,NaN,NaN
2,NaN,NaN,NaN,NaN,NaN,NaN,NaN,NaN
3,NaN,NaN,NaN,NaN,NaN,NaN,NaN,NaN
4,NaN,NaN,NaN,NaN,NaN,NaN,NaN,NaN
5,NaN,NaN,NaN,NaN,NaN,NaN,NaN,NaN
6,NaN,NaN,NaN,NaN,NaN,NaN,NaN,NaN
7,NaN,NaN,NaN,NaN,NaN,NaN,NaN,NaN
8,NaN,NaN,NaN,NaN,NaN,NaN,NaN,NaN
9,NaN,NaN,NaN,NaN,NaN,NaN,NaN,NaN
10,NaN,NaN,NaN,NaN,NaN,NaN,NaN,NaN
11,NaN,NaN,NaN,NaN,NaN,NaN,NaN,NaN
1,NaN,NaN,NaN,NaN,NaN,NaN,NaN,NaN
2,NaN,NaN,NaN,NaN,NaN,NaN,NaN,NaN
3,NaN,NaN,NaN,NaN,NaN,NaN,NaN,NaN
4,NaN,NaN,NaN,NaN,NaN,NaN,NaN,NaN
5,NaN,NaN,NaN,NaN,NaN,NaN,NaN,NaN
6,NaN,NaN,NaN,NaN,NaN,NaN,NaN,NaN
7,NaN,NaN,NaN,NaN,NaN,NaN,NaN,NaN
8,NaN,NaN,NaN,NaN,NaN,NaN,NaN,NaN
9,NaN,NaN,NaN,NaN,NaN,NaN,NaN,NaN
10,NaN,NaN,NaN,NaN,NaN,NaN,NaN,NaN
11,NaN,NaN,NaN,NaN,NaN,NaN,NaN,NaN
1,NaN,NaN,NaN,NaN,NaN,NaN,NaN,NaN
2,NaN,NaN,NaN,NaN,NaN,NaN,NaN,NaN
3,NaN,NaN,NaN,NaN,NaN,NaN,NaN,NaN
4,NaN,NaN,NaN,NaN,NaN,NaN,NaN,NaN
5,NaN,NaN,NaN,NaN,NaN,NaN,NaN,NaN
6,NaN,NaN,NaN,NaN,NaN,NaN,NaN,NaN
7,NaN,NaN,NaN,NaN,NaN,NaN,NaN,NaN
8,NaN,NaN,NaN,NaN,NaN,NaN,NaN,NaN
9,NaN,NaN,NaN,NaN,NaN,NaN,NaN,NaN
10,NaN,NaN,NaN,NaN,NaN,NaN,NaN,NaN
11,NaN,NaN,NaN,NaN,NaN,NaN,NaN,NaN
1,NaN,NaN,NaN,NaN,NaN,NaN,NaN,NaN
2,NaN,NaN,NaN,NaN,NaN,NaN,NaN,NaN
3,NaN,NaN,NaN,NaN,NaN,NaN,NaN,NaN
4,NaN,NaN,NaN,NaN,NaN,NaN,NaN,NaN
5,NaN,NaN,NaN,NaN,NaN,NaN,NaN,NaN
6,NaN,NaN,NaN,NaN,NaN,NaN,NaN,NaN
7,NaN,NaN,NaN,NaN,NaN,NaN,NaN,NaN
8,NaN,NaN,NaN,NaN,NaN,NaN,NaN,NaN
9,NaN,NaN,NaN,NaN,NaN,NaN,NaN,NaN
10,NaN,NaN,NaN,NaN,NaN,NaN,NaN,NaN
11,NaN,NaN,NaN,NaN,NaN,NaN,NaN,NaN
1,NaN,NaN,NaN,NaN,NaN,NaN,NaN,NaN
2,NaN,NaN,NaN,NaN,NaN,NaN,NaN,NaN
3,NaN,NaN,NaN,NaN,NaN,NaN,NaN,NaN
4,NaN,NaN,NaN,NaN,NaN,NaN,NaN,NaN
5,NaN,NaN,NaN,NaN,NaN,NaN,NaN,NaN
6,NaN,NaN,NaN,NaN,NaN,NaN,NaN,NaN
7,NaN,NaN,NaN,NaN,NaN,NaN,NaN,NaN
8,NaN,NaN,NaN,NaN,NaN,NaN,NaN,NaN
9,NaN,NaN,NaN,NaN,NaN,NaN,NaN,NaN
10,NaN,NaN,NaN,NaN,NaN,NaN,NaN,NaN
11,NaN,NaN,NaN,NaN,NaN,NaN,NaN,NaN
1,NaN,NaN,NaN,NaN,NaN,NaN,NaN,NaN
2,NaN,NaN,NaN,NaN,NaN,NaN,NaN,NaN
3,NaN,NaN,NaN,NaN,NaN,NaN,NaN,NaN
4,NaN,NaN,NaN,NaN,NaN,NaN,NaN,NaN
5,NaN,NaN,NaN,NaN,NaN,NaN,NaN,NaN
6,NaN,NaN,NaN,NaN,NaN,NaN,NaN,NaN
7,NaN,NaN,NaN,NaN,NaN,NaN,NaN,NaN
8,NaN,NaN,NaN,NaN,NaN,NaN,NaN,NaN
9,NaN,NaN,NaN,NaN,NaN,NaN,NaN,NaN
10,NaN,NaN,NaN,NaN,NaN,NaN,NaN,NaN
11,NaN,NaN,NaN,NaN,NaN,NaN,NaN,NaN
1,NaN,NaN,NaN,NaN,NaN,NaN,NaN,NaN
2,NaN,NaN,NaN,NaN,NaN,NaN,NaN,NaN
3,NaN,NaN,NaN,NaN,NaN,NaN,NaN,NaN
4,NaN,NaN,NaN,NaN,NaN,NaN,NaN,NaN
5,NaN,NaN,NaN,NaN,NaN,NaN,NaN,NaN
6,NaN,NaN,NaN,NaN,NaN,NaN,NaN,NaN
7,NaN,NaN,NaN,NaN,NaN,NaN,NaN,NaN
8,NaN,NaN,NaN,NaN,NaN,NaN,NaN,NaN
9,NaN,NaN,NaN,NaN,NaN,NaN,NaN,NaN
10,NaN,NaN,NaN,NaN,NaN,NaN,NaN,NaN
11,NaN,NaN,NaN,NaN,NaN,NaN,NaN,NaN
1,NaN,NaN,NaN,NaN,NaN,NaN,NaN,NaN
2,NaN,NaN,NaN,NaN,NaN,NaN,NaN,NaN
3,NaN,NaN,NaN,NaN,NaN,NaN,NaN,NaN
4,NaN,NaN,NaN,NaN,NaN,NaN,NaN,NaN
5,NaN,NaN,NaN,NaN,NaN,NaN,NaN,NaN
6,NaN,NaN,NaN,NaN,NaN,NaN,NaN,NaN
7,NaN,NaN,NaN,NaN,NaN,NaN,NaN,NaN
8,NaN,NaN,NaN,NaN,NaN,NaN,NaN,NaN
9,NaN,NaN,NaN,NaN,NaN,NaN,NaN,NaN
10,NaN,NaN,NaN,NaN,NaN,NaN,NaN,NaN
11,NaN,NaN,NaN,NaN,NaN,NaN,NaN,NaN
1,NaN,NaN,NaN,NaN,NaN,NaN,NaN,NaN
2,NaN,NaN,NaN,NaN,NaN,NaN,NaN,NaN
3,NaN,NaN,NaN,NaN,NaN,NaN,NaN,NaN
4,NaN,NaN,NaN,NaN,NaN,NaN,NaN,NaN
5,NaN,NaN,NaN,NaN,NaN,NaN,NaN,NaN
6,NaN,NaN,NaN,NaN,NaN,NaN,NaN,NaN
7,NaN,NaN,NaN,NaN,NaN,NaN,NaN,NaN
8,NaN,NaN,NaN,NaN,NaN,NaN,NaN,NaN
9,NaN,NaN,NaN,NaN,NaN,NaN,NaN,NaN
10,NaN,NaN,NaN,NaN,NaN,NaN,NaN,NaN
11,NaN,NaN,NaN,NaN,NaN,NaN,NaN,NaN
1,NaN,NaN,NaN,NaN,NaN,NaN,NaN,NaN
2,NaN,NaN,NaN,NaN,NaN,NaN,NaN,NaN
3,NaN,NaN,NaN,NaN,NaN,NaN,NaN,NaN
4,NaN,NaN,NaN,NaN,NaN,NaN,NaN,NaN
5,NaN,NaN,NaN,NaN,NaN,NaN,NaN,NaN
6,NaN,NaN,NaN,NaN,NaN,NaN,NaN,NaN
7,NaN,NaN,NaN,NaN,NaN,NaN,NaN,NaN
8,NaN,NaN,NaN,NaN,NaN,NaN,NaN,NaN
9,NaN,NaN,NaN,NaN,NaN,NaN,NaN,NaN
10,NaN,NaN,NaN,NaN,NaN,NaN,NaN,NaN
11,NaN,NaN,NaN,NaN,NaN,NaN,NaN,NaN
1,NaN,NaN,NaN,NaN,NaN,NaN,NaN,NaN
2,NaN,NaN,NaN,NaN,NaN,NaN,NaN,NaN
3,NaN,NaN,NaN,NaN,NaN,NaN,NaN,NaN
4,NaN,NaN,NaN,NaN,NaN,NaN,NaN,NaN
5,NaN,NaN,NaN,NaN,NaN,NaN,NaN,NaN
6,NaN,NaN,NaN,NaN,NaN,NaN,NaN,NaN
7,NaN,NaN,NaN,NaN,NaN,NaN,NaN,NaN
8,NaN,NaN,NaN,NaN,NaN,NaN,NaN,NaN
9,NaN,NaN,NaN,NaN,NaN,NaN,NaN,NaN
10,NaN,NaN,NaN,NaN,NaN,NaN,NaN,NaN
11,NaN,NaN,NaN,NaN,NaN,NaN,NaN,NaN
1,NaN,NaN,NaN,NaN,NaN,NaN,NaN,NaN
2,NaN,NaN,NaN,NaN,NaN,NaN,NaN,NaN
3,NaN,NaN,NaN,NaN,NaN,NaN,NaN,NaN
4,NaN,NaN,NaN,NaN,NaN,NaN,NaN,NaN
5,NaN,NaN,NaN,NaN,NaN,NaN,NaN,NaN
6,NaN,NaN,NaN,NaN,NaN,NaN,NaN,NaN
7,NaN,NaN,NaN,NaN,NaN,NaN,NaN,NaN
8,NaN,NaN,NaN,NaN,NaN,NaN,NaN,NaN
9,NaN,NaN,NaN,NaN,NaN,NaN,NaN,NaN
10,NaN,NaN,NaN,NaN,NaN,NaN,NaN,NaN
11,NaN,NaN,NaN,NaN,NaN,NaN,NaN,NaN
1,NaN,NaN,NaN,NaN,NaN,NaN,NaN,NaN
2,NaN,NaN,NaN,NaN,NaN,NaN,NaN,NaN
3,NaN,NaN,NaN,NaN,NaN,NaN,NaN,NaN
4,NaN,NaN,NaN,NaN,NaN,NaN,NaN,NaN
5,NaN,NaN,NaN,NaN,NaN,NaN,NaN,NaN
6,NaN,NaN,NaN,NaN,NaN,NaN,NaN,NaN
7,NaN,NaN,NaN,NaN,NaN,NaN,NaN,NaN
8,NaN,NaN,NaN,NaN,NaN,NaN,NaN,NaN
9,NaN,NaN,NaN,NaN,NaN,NaN,NaN,NaN
10,NaN,NaN,NaN,NaN,NaN,NaN,NaN,NaN
11,NaN,NaN,NaN,NaN,NaN,NaN,NaN,NaN
1,NaN,NaN,NaN,NaN,NaN,NaN,NaN,NaN
2,NaN,NaN,NaN,NaN,NaN,NaN,NaN,NaN
3,NaN,NaN,NaN,NaN,NaN,NaN,NaN,NaN
4,NaN,NaN,NaN,NaN,NaN,NaN,NaN,NaN
5,NaN,NaN,NaN,NaN,NaN,NaN,NaN,NaN
6,NaN,NaN,NaN,NaN,NaN,NaN,NaN,NaN
7,NaN,NaN,NaN,NaN,NaN,NaN,NaN,NaN
8,NaN,NaN,NaN,NaN,NaN,NaN,NaN,NaN
9,NaN,NaN,NaN,NaN,NaN,NaN,NaN,NaN
10,NaN,NaN,NaN,NaN,NaN,NaN,NaN,NaN
11,NaN,NaN,NaN,NaN,NaN,NaN,NaN,NaN
1,NaN,NaN,NaN,NaN,NaN,NaN,NaN,NaN
2,NaN,NaN,NaN,NaN,NaN,NaN,NaN,NaN
3,NaN,NaN,NaN,NaN,NaN,NaN,NaN,NaN
4,NaN,NaN,NaN,NaN,NaN,NaN,NaN,NaN
5,NaN,NaN,NaN,NaN,NaN,NaN,NaN,NaN
6,NaN,NaN,NaN,NaN,NaN,NaN,NaN,NaN
7,NaN,NaN,NaN,NaN,NaN,NaN,NaN,NaN
8,NaN,NaN,NaN,NaN,NaN,NaN,NaN,NaN
9,NaN,NaN,NaN,NaN,NaN,NaN,NaN,NaN
10,NaN,NaN,NaN,NaN,NaN,NaN,NaN,NaN
11,NaN,NaN,NaN,NaN,NaN,NaN,NaN,NaN
1,NaN,NaN,NaN,NaN,NaN,NaN,NaN,NaN
2,NaN,NaN,NaN,NaN,NaN,NaN,NaN,NaN
3,NaN,NaN,NaN,NaN,NaN,NaN,NaN,NaN
4,NaN,NaN,NaN,NaN,NaN,NaN,NaN,NaN
5,NaN,NaN,NaN,NaN,NaN,NaN,NaN,NaN
6,NaN,NaN,NaN,NaN,NaN,NaN,NaN,NaN
7,NaN,NaN,NaN,NaN,NaN,NaN,NaN,NaN
8,NaN,NaN,NaN,NaN,NaN,NaN,NaN,NaN
9,NaN,NaN,NaN,NaN,NaN,NaN,NaN,NaN
10,NaN,NaN,NaN,NaN,NaN,NaN,NaN,NaN
11,NaN,NaN,NaN,NaN,NaN,NaN,NaN,NaN
1,NaN,NaN,NaN,NaN,NaN,NaN,NaN,NaN
2,NaN,NaN,NaN,NaN,NaN,NaN,NaN,NaN
3,NaN,NaN,NaN,NaN,NaN,NaN,NaN,NaN
4,NaN,NaN,NaN,NaN,NaN,NaN,NaN,NaN
5,NaN,NaN,NaN,NaN,NaN,NaN,NaN,NaN
6,NaN,NaN,NaN,NaN,NaN,NaN,NaN,NaN
7,NaN,NaN,NaN,NaN,NaN,NaN,NaN,NaN
8,NaN,NaN,NaN,NaN,NaN,NaN,NaN,NaN
9,NaN,NaN,NaN,NaN,NaN,NaN,NaN,NaN
10,NaN,NaN,NaN,NaN,NaN,NaN,NaN,NaN
11,NaN,NaN,NaN,NaN,NaN,NaN,NaN,NaN
1,NaN,NaN,NaN,NaN,NaN,NaN,NaN,NaN
2,NaN,NaN,NaN,NaN,NaN,NaN,NaN,NaN
3,NaN,NaN,NaN,NaN,NaN,NaN,NaN,NaN
4,NaN,NaN,NaN,NaN,NaN,NaN,NaN,NaN
5,NaN,NaN,NaN,NaN,NaN,NaN,NaN,NaN
6,NaN,NaN,NaN,NaN,NaN,NaN,NaN,NaN
7,NaN,NaN,NaN,NaN,NaN,NaN,NaN,NaN
8,NaN,NaN,NaN,NaN,NaN,NaN,NaN,NaN
9,NaN,NaN,NaN,NaN,NaN,NaN,NaN,NaN
10,NaN,NaN,NaN,NaN,NaN,NaN,NaN,NaN
11,NaN,NaN,NaN,NaN,NaN,NaN,NaN,NaN
1,NaN,NaN,NaN,NaN,NaN,NaN,NaN,NaN
2,NaN,NaN,NaN,NaN,NaN,NaN,NaN,NaN
3,NaN,NaN,NaN,NaN,NaN,NaN,NaN,NaN
4,NaN,NaN,NaN,NaN,NaN,NaN,NaN,NaN
5,NaN,NaN,NaN,NaN,NaN,NaN,NaN,NaN
6,NaN,NaN,NaN,NaN,NaN,NaN,NaN,NaN
7,NaN,NaN,NaN,NaN,NaN,NaN,NaN,NaN
8,NaN,NaN,NaN,NaN,NaN,NaN,NaN,NaN
9,NaN,NaN,NaN,NaN,NaN,NaN,NaN,NaN
10,NaN,NaN,NaN,NaN,NaN,NaN,NaN,NaN
11,NaN,NaN,NaN,NaN,NaN,NaN,NaN,NaN
1,NaN,NaN,NaN,NaN,NaN,NaN,NaN,NaN
2,NaN,NaN,NaN,NaN,NaN,NaN,NaN,NaN
3,NaN,NaN,NaN,NaN,NaN,NaN,NaN,NaN
4,NaN,NaN,NaN,NaN,NaN,NaN,NaN,NaN
5,NaN,NaN,NaN,NaN,NaN,NaN,NaN,NaN
6,NaN,NaN,NaN,NaN,NaN,NaN,NaN,NaN
7,NaN,NaN,NaN,NaN,NaN,NaN,NaN,NaN
8,NaN,NaN,NaN,NaN,NaN,NaN,NaN,NaN
9,NaN,NaN,NaN,NaN,NaN,NaN,NaN,NaN
10,NaN,NaN,NaN,NaN,NaN,NaN,NaN,NaN
11,NaN,NaN,NaN,NaN,NaN,NaN,NaN,NaN
1,NaN,NaN,NaN,NaN,NaN,NaN,NaN,NaN
2,NaN,NaN,NaN,NaN,NaN,NaN,NaN,NaN
3,NaN,NaN,NaN,NaN,NaN,NaN,NaN,NaN
4,NaN,NaN,NaN,NaN,NaN,NaN,NaN,NaN
5,NaN,NaN,NaN,NaN,NaN,NaN,NaN,NaN
6,NaN,NaN,NaN,NaN,NaN,NaN,NaN,NaN
7,NaN,NaN,NaN,NaN,NaN,NaN,NaN,NaN
8,NaN,NaN,NaN,NaN,NaN,NaN,NaN,NaN
9,NaN,NaN,NaN,NaN,NaN,NaN,NaN,NaN
10,NaN,NaN,NaN,NaN,NaN,NaN,NaN,NaN
11,NaN,NaN,NaN,NaN,NaN,NaN,NaN,NaN
1,NaN,NaN,NaN,NaN,NaN,NaN,NaN,NaN
2,NaN,NaN,NaN,NaN,NaN,NaN,NaN,NaN
3,NaN,NaN,NaN,NaN,NaN,NaN,NaN,NaN
4,NaN,NaN,NaN,NaN,NaN,NaN,NaN,NaN
5,NaN,NaN,NaN,NaN,NaN,NaN,NaN,NaN
6,NaN,NaN,NaN,NaN,NaN,NaN,NaN,NaN
7,NaN,NaN,NaN,NaN,NaN,NaN,NaN,NaN
8,NaN,NaN,NaN,NaN,NaN,NaN,NaN,NaN
9,NaN,NaN,NaN,NaN,NaN,NaN,NaN,NaN
10,NaN,NaN,NaN,NaN,NaN,NaN,NaN,NaN
11,NaN,NaN,NaN,NaN,NaN,NaN,NaN,NaN
1,NaN,NaN,NaN,NaN,NaN,NaN,NaN,NaN
2,NaN,NaN,NaN,NaN,NaN,NaN,NaN,NaN
3,NaN,NaN,NaN,NaN,NaN,NaN,NaN,NaN
4,NaN,NaN,NaN,NaN,NaN,NaN,NaN,NaN
5,NaN,NaN,NaN,NaN,NaN,NaN,NaN,NaN
6,NaN,NaN,NaN,NaN,NaN,NaN,NaN,NaN
7,NaN,NaN,NaN,NaN,NaN,NaN,NaN,NaN
8,NaN,NaN,NaN,NaN,NaN,NaN,NaN,NaN
9,NaN,NaN,NaN,NaN,NaN,NaN,NaN,NaN
10,NaN,NaN,NaN,NaN,NaN,NaN,NaN,NaN
11,NaN,NaN,NaN,NaN,NaN,NaN,NaN,NaN
1,NaN,NaN,NaN,NaN,NaN,NaN,NaN,NaN
2,NaN,NaN,NaN,NaN,NaN,NaN,NaN,NaN
3,NaN,NaN,NaN,NaN,NaN,NaN,NaN,NaN
4,NaN,NaN,NaN,NaN,NaN,NaN,NaN,NaN
5,NaN,NaN,NaN,NaN,NaN,NaN,NaN,NaN
6,NaN,NaN,NaN,NaN,NaN,NaN,NaN,NaN
7,NaN,NaN,NaN,NaN,NaN,NaN,NaN,NaN
8,NaN,NaN,NaN,NaN,NaN,NaN,NaN,NaN
9,NaN,NaN,NaN,NaN,NaN,NaN,NaN,NaN
10,NaN,NaN,NaN,NaN,NaN,NaN,NaN,NaN
11,NaN,NaN,NaN,NaN,NaN,NaN,NaN,NaN
1,NaN,NaN,NaN,NaN,NaN,NaN,NaN,NaN
2,NaN,NaN,NaN,NaN,NaN,NaN,NaN,NaN
3,NaN,NaN,NaN,NaN,NaN,NaN,NaN,NaN
4,NaN,NaN,NaN,NaN,NaN,NaN,NaN,NaN
5,NaN,NaN,NaN,NaN,NaN,NaN,NaN,NaN
6,NaN,NaN,NaN,NaN,NaN,NaN,NaN,NaN
7,NaN,NaN,NaN,NaN,NaN,NaN,NaN,NaN
8,NaN,NaN,NaN,NaN,NaN,NaN,NaN,NaN
9,NaN,NaN,NaN,NaN,NaN,NaN,NaN,NaN
10,NaN,NaN,NaN,NaN,NaN,NaN,NaN,NaN
11,NaN,NaN,NaN,NaN,NaN,NaN,NaN,NaN
1,NaN,NaN,NaN,NaN,NaN,NaN,NaN,NaN
2,NaN,NaN,NaN,NaN,NaN,NaN,NaN,NaN
3,NaN,NaN,NaN,NaN,NaN,NaN,NaN,NaN
4,NaN,NaN,NaN,NaN,NaN,NaN,NaN,NaN
5,NaN,NaN,NaN,NaN,NaN,NaN,NaN,NaN
6,NaN,NaN,NaN,NaN,NaN,NaN,NaN,NaN
7,NaN,NaN,NaN,NaN,NaN,NaN,NaN,NaN
8,NaN,NaN,NaN,NaN,NaN,NaN,NaN,NaN
9,NaN,NaN,NaN,NaN,NaN,NaN,NaN,NaN
10,NaN,NaN,NaN,NaN,NaN,NaN,NaN,NaN
11,NaN,NaN,NaN,NaN,NaN,NaN,NaN,NaN
1,NaN,NaN,NaN,NaN,NaN,NaN,NaN,NaN
2,NaN,NaN,NaN,NaN,NaN,NaN,NaN,NaN
3,NaN,NaN,NaN,NaN,NaN,NaN,NaN,NaN
4,NaN,NaN,NaN,NaN,NaN,NaN,NaN,NaN
5,NaN,NaN,NaN,NaN,NaN,NaN,NaN,NaN
6,NaN,NaN,NaN,NaN,NaN,NaN,NaN,NaN
7,NaN,NaN,NaN,NaN,NaN,NaN,NaN,NaN
8,NaN,NaN,NaN,NaN,NaN,NaN,NaN,NaN
9,NaN,NaN,NaN,NaN,NaN,NaN,NaN,NaN
10,NaN,NaN,NaN,NaN,NaN,NaN,NaN,NaN
11,NaN,NaN,NaN,NaN,NaN,NaN,NaN,NaN
1,NaN,NaN,NaN,NaN,NaN,NaN,NaN,NaN
2,NaN,NaN,NaN,NaN,NaN,NaN,NaN,NaN
3,NaN,NaN,NaN,NaN,NaN,NaN,NaN,NaN
4,NaN,NaN,NaN,NaN,NaN,NaN,NaN,NaN
5,NaN,NaN,NaN,NaN,NaN,NaN,NaN,NaN
6,NaN,NaN,NaN,NaN,NaN,NaN,NaN,NaN
7,NaN,NaN,NaN,NaN,NaN,NaN,NaN,NaN
8,NaN,NaN,NaN,NaN,NaN,NaN,NaN,NaN
9,NaN,NaN,NaN,NaN,NaN,NaN,NaN,NaN
10,NaN,NaN,NaN,NaN,NaN,NaN,NaN,NaN
11,NaN,NaN,NaN,NaN,NaN,NaN,NaN,NaN
1,NaN,NaN,NaN,NaN,NaN,NaN,NaN,NaN
2,NaN,NaN,NaN,NaN,NaN,NaN,NaN,NaN
3,NaN,NaN,NaN,NaN,NaN,NaN,NaN,NaN
4,NaN,NaN,NaN,NaN,NaN,NaN,NaN,NaN
5,NaN,NaN,NaN,NaN,NaN,NaN,NaN,NaN
6,NaN,NaN,NaN,NaN,NaN,NaN,NaN,NaN
7,NaN,NaN,NaN,NaN,NaN,NaN,NaN,NaN
8,NaN,NaN,NaN,NaN,NaN,NaN,NaN,NaN
9,NaN,NaN,NaN,NaN,NaN,NaN,NaN,NaN
10,NaN,NaN,NaN,NaN,NaN,NaN,NaN,NaN
11,NaN,NaN,NaN,NaN,NaN,NaN,NaN,NaN
1,NaN,NaN,NaN,NaN,NaN,NaN,NaN,NaN
2,NaN,NaN,NaN,NaN,NaN,NaN,NaN,NaN
3,NaN,NaN,NaN,NaN,NaN,NaN,NaN,NaN
4,NaN,NaN,NaN,NaN,NaN,NaN,NaN,NaN
5,NaN,NaN,NaN,NaN,NaN,NaN,NaN,NaN
6,NaN,NaN,NaN,NaN,NaN,NaN,NaN,NaN
7,NaN,NaN,NaN,NaN,NaN,NaN,NaN,NaN
8,NaN,NaN,NaN,NaN,NaN,NaN,NaN,NaN
9,NaN,NaN,NaN,NaN,NaN,NaN,NaN,NaN
10,NaN,NaN,NaN,NaN,NaN,NaN,NaN,NaN
11,NaN,NaN,NaN,NaN,NaN,NaN,NaN,NaN
1,NaN,NaN,NaN,NaN,NaN,NaN,NaN,NaN
2,NaN,NaN,NaN,NaN,NaN,NaN,NaN,NaN
3,NaN,NaN,NaN,NaN,NaN,NaN,NaN,NaN
4,NaN,NaN,NaN,NaN,NaN,NaN,NaN,NaN
5,NaN,NaN,NaN,NaN,NaN,NaN,NaN,NaN
6,NaN,NaN,NaN,NaN,NaN,NaN,NaN,NaN
7,NaN,NaN,NaN,NaN,NaN,NaN,NaN,NaN
8,NaN,NaN,NaN,NaN,NaN,NaN,NaN,NaN
9,NaN,NaN,NaN,NaN,NaN,NaN,NaN,NaN
10,NaN,NaN,NaN,NaN,NaN,NaN,NaN,NaN
11,NaN,NaN,NaN,NaN,NaN,NaN,NaN,NaN
1,NaN,NaN,NaN,NaN,NaN,NaN,NaN,NaN
2,NaN,NaN,NaN,NaN,NaN,NaN,NaN,NaN
3,NaN,NaN,NaN,NaN,NaN,NaN,NaN,NaN
4,NaN,NaN,NaN,NaN,NaN,NaN,NaN,NaN
5,NaN,NaN,NaN,NaN,NaN,NaN,NaN,NaN
6,NaN,NaN,NaN,NaN,NaN,NaN,NaN,NaN
7,NaN,NaN,NaN,NaN,NaN,NaN,NaN,NaN
8,NaN,NaN,NaN,NaN,NaN,NaN,NaN,NaN
9,NaN,NaN,NaN,NaN,NaN,NaN,NaN,NaN
10,NaN,NaN,NaN,NaN,NaN,NaN,NaN,NaN
11,NaN,NaN,NaN,NaN,NaN,NaN,NaN,NaN
1,NaN,NaN,NaN,NaN,NaN,NaN,NaN,NaN
2,NaN,NaN,NaN,NaN,NaN,NaN,NaN,NaN
3,NaN,NaN,NaN,NaN,NaN,NaN,NaN,NaN
4,NaN,NaN,NaN,NaN,NaN,NaN,NaN,NaN
5,NaN,NaN,NaN,NaN,NaN,NaN,NaN,NaN
6,NaN,NaN,NaN,NaN,NaN,NaN,NaN,NaN
7,NaN,NaN,NaN,NaN,NaN,NaN,NaN,NaN
8,NaN,NaN,NaN,NaN,NaN,NaN,NaN,NaN
9,NaN,NaN,NaN,NaN,NaN,NaN,NaN,NaN
10,NaN,NaN,NaN,NaN,NaN,NaN,NaN,NaN
11,NaN,NaN,NaN,NaN,NaN,NaN,NaN,NaN
1,NaN,NaN,NaN,NaN,NaN,NaN,NaN,NaN
2,NaN,NaN,NaN,NaN,NaN,NaN,NaN,NaN
3,NaN,NaN,NaN,NaN,NaN,NaN,NaN,NaN
4,NaN,NaN,NaN,NaN,NaN,NaN,NaN,NaN
5,NaN,NaN,NaN,NaN,NaN,NaN,NaN,NaN
6,NaN,NaN,NaN,NaN,NaN,NaN,NaN,NaN
7,NaN,NaN,NaN,NaN,NaN,NaN,NaN,NaN
8,NaN,NaN,NaN,NaN,NaN,NaN,NaN,NaN
9,NaN,NaN,NaN,NaN,NaN,NaN,NaN,NaN
10,NaN,NaN,NaN,NaN,NaN,NaN,NaN,NaN
11,NaN,NaN,NaN,NaN,NaN,NaN,NaN,NaN
1,NaN,NaN,NaN,NaN,NaN,NaN,NaN,NaN
2,NaN,NaN,NaN,NaN,NaN,NaN,NaN,NaN
3,NaN,NaN,NaN,NaN,NaN,NaN,NaN,NaN
4,NaN,NaN,NaN,NaN,NaN,NaN,NaN,NaN
5,NaN,NaN,NaN,NaN,NaN,NaN,NaN,NaN
6,NaN,NaN,NaN,NaN,NaN,NaN,NaN,NaN
7,NaN,NaN,NaN,NaN,NaN,NaN,NaN,NaN
8,NaN,NaN,NaN,NaN,NaN,NaN,NaN,NaN
9,NaN,NaN,NaN,NaN,NaN,NaN,NaN,NaN
10,NaN,NaN,NaN,NaN,NaN,NaN,NaN,NaN
11,NaN,NaN,NaN,NaN,NaN,NaN,NaN,NaN
1,NaN,NaN,NaN,NaN,NaN,NaN,NaN,NaN
2,NaN,NaN,NaN,NaN,NaN,NaN,NaN,NaN
3,NaN,NaN,NaN,NaN,NaN,NaN,NaN,NaN
4,NaN,NaN,NaN,NaN,NaN,NaN,NaN,NaN
5,NaN,NaN,NaN,NaN,NaN,NaN,NaN,NaN
6,NaN,NaN,NaN,NaN,NaN,NaN,NaN,NaN
7,NaN,NaN,NaN,NaN,NaN,NaN,NaN,NaN
8,NaN,NaN,NaN,NaN,NaN,NaN,NaN,NaN
9,NaN,NaN,NaN,NaN,NaN,NaN,NaN,NaN
10,NaN,NaN,NaN,NaN,NaN,NaN,NaN,NaN
11,NaN,NaN,NaN,NaN,NaN,NaN,NaN,NaN
1,NaN,NaN,NaN,NaN,NaN,NaN,NaN,NaN
2,NaN,NaN,NaN,NaN,NaN,NaN,NaN,NaN
3,NaN,NaN,NaN,NaN,NaN,NaN,NaN,NaN
4,NaN,NaN,NaN,NaN,NaN,NaN,NaN,NaN
5,NaN,NaN,NaN,NaN,NaN,NaN,NaN,NaN
6,NaN,NaN,NaN,NaN,NaN,NaN,NaN,NaN
7,NaN,NaN,NaN,NaN,NaN,NaN,NaN,NaN
8,NaN,NaN,NaN,NaN,NaN,NaN,NaN,NaN
9,NaN,NaN,NaN,NaN,NaN,NaN,NaN,NaN
10,NaN,NaN,NaN,NaN,NaN,NaN,NaN,NaN
11,NaN,NaN,NaN,NaN,NaN,NaN,NaN,NaN
1,NaN,NaN,NaN,NaN,NaN,NaN,NaN,NaN
2,NaN,NaN,NaN,NaN,NaN,NaN,NaN,NaN
3,NaN,NaN,NaN,NaN,NaN,NaN,NaN,NaN
4,NaN,NaN,NaN,NaN,NaN,NaN,NaN,NaN
5,NaN,NaN,NaN,NaN,NaN,NaN,NaN,NaN
6,NaN,NaN,NaN,NaN,NaN,NaN,NaN,NaN
7,NaN,NaN,NaN,NaN,NaN,NaN,NaN,NaN
8,NaN,NaN,NaN,NaN,NaN,NaN,NaN,NaN
9,NaN,NaN,NaN,NaN,NaN,NaN,NaN,NaN
10,NaN,NaN,NaN,NaN,NaN,NaN,NaN,NaN
11,NaN,NaN,NaN,NaN,NaN,NaN,NaN,NaN
1,NaN,NaN,NaN,NaN,NaN,NaN,NaN,NaN
2,NaN,NaN,NaN,NaN,NaN,NaN,NaN,NaN
3,NaN,NaN,NaN,NaN,NaN,NaN,NaN,NaN
4,NaN,NaN,NaN,NaN,NaN,NaN,NaN,NaN
5,NaN,NaN,NaN,NaN,NaN,NaN,NaN,NaN
6,NaN,NaN,NaN,NaN,NaN,NaN,NaN,NaN
7,NaN,NaN,NaN,NaN,NaN,NaN,NaN,NaN
8,NaN,NaN,NaN,NaN,NaN,NaN,NaN,NaN
9,NaN,NaN,NaN,NaN,NaN,NaN,NaN,NaN
10,NaN,NaN,NaN,NaN,NaN,NaN,NaN,NaN
11,NaN,NaN,NaN,NaN,NaN,NaN,NaN,NaN
1,NaN,NaN,NaN,NaN,NaN,NaN,NaN,NaN
2,NaN,NaN,NaN,NaN,NaN,NaN,NaN,NaN
3,NaN,NaN,NaN,NaN,NaN,NaN,NaN,NaN
4,NaN,NaN,NaN,NaN,NaN,NaN,NaN,NaN
5,NaN,NaN,NaN,NaN,NaN,NaN,NaN,NaN
6,NaN,NaN,NaN,NaN,NaN,NaN,NaN,NaN
7,NaN,NaN,NaN,NaN,NaN,NaN,NaN,NaN
8,NaN,NaN,NaN,NaN,NaN,NaN,NaN,NaN
9,NaN,NaN,NaN,NaN,NaN,NaN,NaN,NaN
10,NaN,NaN,NaN,NaN,NaN,NaN,NaN,NaN
11,NaN,NaN,NaN,NaN,NaN,NaN,NaN,NaN
1,NaN,NaN,NaN,NaN,NaN,NaN,NaN,NaN
2,NaN,NaN,NaN,NaN,NaN,NaN,NaN,NaN
3,NaN,NaN,NaN,NaN,NaN,NaN,NaN,NaN
4,NaN,NaN,NaN,NaN,NaN,NaN,NaN,NaN
5,NaN,NaN,NaN,NaN,NaN,NaN,NaN,NaN
6,NaN,NaN,NaN,NaN,NaN,NaN,NaN,NaN
7,NaN,NaN,NaN,NaN,NaN,NaN,NaN,NaN
8,NaN,NaN,NaN,NaN,NaN,NaN,NaN,NaN
9,NaN,NaN,NaN,NaN,NaN,NaN,NaN,NaN
10,NaN,NaN,NaN,NaN,NaN,NaN,NaN,NaN
11,NaN,NaN,NaN,NaN,NaN,NaN,NaN,NaN
1,NaN,NaN,NaN,NaN,NaN,NaN,NaN,NaN
2,NaN,NaN,NaN,NaN,NaN,NaN,NaN,NaN
3,NaN,NaN,NaN,NaN,NaN,NaN,NaN,NaN
4,NaN,NaN,NaN,NaN,NaN,NaN,NaN,NaN
5,NaN,NaN,NaN,NaN,NaN,NaN,NaN,NaN
6,NaN,NaN,NaN,NaN,NaN,NaN,NaN,NaN
7,NaN,NaN,NaN,NaN,NaN,NaN,NaN,NaN
8,NaN,NaN,NaN,NaN,NaN,NaN,NaN,NaN
9,NaN,NaN,NaN,NaN,NaN,NaN,NaN,NaN
10,NaN,NaN,NaN,NaN,NaN,NaN,NaN,NaN
11,NaN,NaN,NaN,NaN,NaN,NaN,NaN,NaN
1,NaN,NaN,NaN,NaN,NaN,NaN,NaN,NaN
2,NaN,NaN,NaN,NaN,NaN,NaN,NaN,NaN
3,NaN,NaN,NaN,NaN,NaN,NaN,NaN,NaN
4,NaN,NaN,NaN,NaN,NaN,NaN,NaN,NaN
5,NaN,NaN,NaN,NaN,NaN,NaN,NaN,NaN
6,NaN,NaN,NaN,NaN,NaN,NaN,NaN,NaN
7,NaN,NaN,NaN,NaN,NaN,NaN,NaN,NaN
8,NaN,NaN,NaN,NaN,NaN,NaN,NaN,NaN
9,NaN,NaN,NaN,NaN,NaN,NaN,NaN,NaN
10,NaN,NaN,NaN,NaN,NaN,NaN,NaN,NaN
11,NaN,NaN,NaN,NaN,NaN,NaN,NaN,NaN
1,NaN,NaN,NaN,NaN,NaN,NaN,NaN,NaN
2,NaN,NaN,NaN,NaN,NaN,NaN,NaN,NaN
3,NaN,NaN,NaN,NaN,NaN,NaN,NaN,NaN
4,NaN,NaN,NaN,NaN,NaN,NaN,NaN,NaN
5,NaN,NaN,NaN,NaN,NaN,NaN,NaN,NaN
6,NaN,NaN,NaN,NaN,NaN,NaN,NaN,NaN
7,NaN,NaN,NaN,NaN,NaN,NaN,NaN,NaN
8,NaN,NaN,NaN,NaN,NaN,NaN,NaN,NaN
9,NaN,NaN,NaN,NaN,NaN,NaN,NaN,NaN
10,NaN,NaN,NaN,NaN,NaN,NaN,NaN,NaN
11,NaN,NaN,NaN,NaN,NaN,NaN,NaN,NaN
1,NaN,NaN,NaN,NaN,NaN,NaN,NaN,NaN
2,NaN,NaN,NaN,NaN,NaN,NaN,NaN,NaN
3,NaN,NaN,NaN,NaN,NaN,NaN,NaN,NaN
4,NaN,NaN,NaN,NaN,NaN,NaN,NaN,NaN
5,NaN,NaN,NaN,NaN,NaN,NaN,NaN,NaN
6,NaN,NaN,NaN,NaN,NaN,NaN,NaN,NaN
7,NaN,NaN,NaN,NaN,NaN,NaN,NaN,NaN
8,NaN,NaN,NaN,NaN,NaN,NaN,NaN,NaN
9,NaN,NaN,NaN,NaN,NaN,NaN,NaN,NaN
10,NaN,NaN,NaN,NaN,NaN,NaN,NaN,NaN
11,NaN,NaN,NaN,NaN,NaN,NaN,NaN,NaN
1,NaN,NaN,NaN,NaN,NaN,NaN,NaN,NaN
2,NaN,NaN,NaN,NaN,NaN,NaN,NaN,NaN
3,NaN,NaN,NaN,NaN,NaN,NaN,NaN,NaN
4,NaN,NaN,NaN,NaN,NaN,NaN,NaN,NaN
5,NaN,NaN,NaN,NaN,NaN,NaN,NaN,NaN
6,NaN,NaN,NaN,NaN,NaN,NaN,NaN,NaN
7,NaN,NaN,NaN,NaN,NaN,NaN,NaN,NaN
8,NaN,NaN,NaN,NaN,NaN,NaN,NaN,NaN
9,NaN,NaN,NaN,NaN,NaN,NaN,NaN,NaN
10,NaN,NaN,NaN,NaN,NaN,NaN,NaN,NaN
11,NaN,NaN,NaN,NaN,NaN,NaN,NaN,NaN
1,NaN,NaN,NaN,NaN,NaN,NaN,NaN,NaN
2,NaN,NaN,NaN,NaN,NaN,NaN,NaN,NaN
3,NaN,NaN,NaN,NaN,NaN,NaN,NaN,NaN
4,NaN,NaN,NaN,NaN,NaN,NaN,NaN,NaN
5,NaN,NaN,NaN,NaN,NaN,NaN,NaN,NaN
6,NaN,NaN,NaN,NaN,NaN,NaN,NaN,NaN
7,NaN,NaN,NaN,NaN,NaN,NaN,NaN,NaN
8,NaN,NaN,NaN,NaN,NaN,NaN,NaN,NaN
9,NaN,NaN,NaN,NaN,NaN,NaN,NaN,NaN
10,NaN,NaN,NaN,NaN,NaN,NaN,NaN,NaN
11,NaN,NaN,NaN,NaN,NaN,NaN,NaN,NaN
1,NaN,NaN,NaN,NaN,NaN,NaN,NaN,NaN
2,NaN,NaN,NaN,NaN,NaN,NaN,NaN,NaN
3,NaN,NaN,NaN,NaN,NaN,NaN,NaN,NaN
4,NaN,NaN,NaN,NaN,NaN,NaN,NaN,NaN
5,NaN,NaN,NaN,NaN,NaN,NaN,NaN,NaN
6,NaN,NaN,NaN,NaN,NaN,NaN,NaN,NaN
7,NaN,NaN,NaN,NaN,NaN,NaN,NaN,NaN
8,NaN,NaN,NaN,NaN,NaN,NaN,NaN,NaN
9,NaN,NaN,NaN,NaN,NaN,NaN,NaN,NaN
10,NaN,NaN,NaN,NaN,NaN,NaN,NaN,NaN
11,NaN,NaN,NaN,NaN,NaN,NaN,NaN,NaN
1,NaN,NaN,NaN,NaN,NaN,NaN,NaN,NaN
2,NaN,NaN,NaN,NaN,NaN,NaN,NaN,NaN
3,NaN,NaN,NaN,NaN,NaN,NaN,NaN,NaN
4,NaN,NaN,NaN,NaN,NaN,NaN,NaN,NaN
5,NaN,NaN,NaN,NaN,NaN,NaN,NaN,NaN
6,NaN,NaN,NaN,NaN,NaN,NaN,NaN,NaN
7,NaN,NaN,NaN,NaN,NaN,NaN,NaN,NaN
8,NaN,NaN,NaN,NaN,NaN,NaN,NaN,NaN
9,NaN,NaN,NaN,NaN,NaN,NaN,NaN,NaN
10,NaN,NaN,NaN,NaN,NaN,NaN,NaN,NaN
11,NaN,NaN,NaN,NaN,NaN,NaN,NaN,NaN
1,NaN,NaN,NaN,NaN,NaN,NaN,NaN,NaN
2,NaN,NaN,NaN,NaN,NaN,NaN,NaN,NaN
3,NaN,NaN,NaN,NaN,NaN,NaN,NaN,NaN
4,NaN,NaN,NaN,NaN,NaN,NaN,NaN,NaN
5,NaN,NaN,NaN,NaN,NaN,NaN,NaN,NaN
6,NaN,NaN,NaN,NaN,NaN,NaN,NaN,NaN
7,NaN,NaN,NaN,NaN,NaN,NaN,NaN,NaN
8,NaN,NaN,NaN,NaN,NaN,NaN,NaN,NaN
9,NaN,NaN,NaN,NaN,NaN,NaN,NaN,NaN
10,NaN,NaN,NaN,NaN,NaN,NaN,NaN,NaN
11,NaN,NaN,NaN,NaN,NaN,NaN,NaN,NaN
1,NaN,NaN,NaN,NaN,NaN,NaN,NaN,NaN
2,NaN,NaN,NaN,NaN,NaN,NaN,NaN,NaN
3,NaN,NaN,NaN,NaN,NaN,NaN,NaN,NaN
4,NaN,NaN,NaN,NaN,NaN,NaN,NaN,NaN
5,NaN,NaN,NaN,NaN,NaN,NaN,NaN,NaN
6,NaN,NaN,NaN,NaN,NaN,NaN,NaN,NaN
7,NaN,NaN,NaN,NaN,NaN,NaN,NaN,NaN
8,NaN,NaN,NaN,NaN,NaN,NaN,NaN,NaN
9,NaN,NaN,NaN,NaN,NaN,NaN,NaN,NaN
10,NaN,NaN,NaN,NaN,NaN,NaN,NaN,NaN
11,NaN,NaN,NaN,NaN,NaN,NaN,NaN,NaN
1,NaN,NaN,NaN,NaN,NaN,NaN,NaN,NaN
2,NaN,NaN,NaN,NaN,NaN,NaN,NaN,NaN
3,NaN,NaN,NaN,NaN,NaN,NaN,NaN,NaN
4,NaN,NaN,NaN,NaN,NaN,NaN,NaN,NaN
5,NaN,NaN,NaN,NaN,NaN,NaN,NaN,NaN
6,NaN,NaN,NaN,NaN,NaN,NaN,NaN,NaN
7,NaN,NaN,NaN,NaN,NaN,NaN,NaN,NaN
8,NaN,NaN,NaN,NaN,NaN,NaN,NaN,NaN
9,NaN,NaN,NaN,NaN,NaN,NaN,NaN,NaN
10,NaN,NaN,NaN,NaN,NaN,NaN,NaN,NaN
11,NaN,NaN,NaN,NaN,NaN,NaN,NaN,NaN
1,NaN,NaN,NaN,NaN,NaN,NaN,NaN,NaN
2,NaN,NaN,NaN,NaN,NaN,NaN,NaN,NaN
3,NaN,NaN,NaN,NaN,NaN,NaN,NaN,NaN
4,NaN,NaN,NaN,NaN,NaN,NaN,NaN,NaN
5,NaN,NaN,NaN,NaN,NaN,NaN,NaN,NaN
6,NaN,NaN,NaN,NaN,NaN,NaN,NaN,NaN
7,NaN,NaN,NaN,NaN,NaN,NaN,NaN,NaN
8,NaN,NaN,NaN,NaN,NaN,NaN,NaN,NaN
9,NaN,NaN,NaN,NaN,NaN,NaN,NaN,NaN
10,NaN,NaN,NaN,NaN,NaN,NaN,NaN,NaN
11,NaN,NaN,NaN,NaN,NaN,NaN,NaN,NaN
1,NaN,NaN,NaN,NaN,NaN,NaN,NaN,NaN
2,NaN,NaN,NaN,NaN,NaN,NaN,NaN,NaN
3,NaN,NaN,NaN,NaN,NaN,NaN,NaN,NaN
4,NaN,NaN,NaN,NaN,NaN,NaN,NaN,NaN
5,NaN,NaN,NaN,NaN,NaN,NaN,NaN,NaN
6,NaN,NaN,NaN,NaN,NaN,NaN,NaN,NaN
7,NaN,NaN,NaN,NaN,NaN,NaN,NaN,NaN
8,NaN,NaN,NaN,NaN,NaN,NaN,NaN,NaN
9,NaN,NaN,NaN,NaN,NaN,NaN,NaN,NaN
10,NaN,NaN,NaN,NaN,NaN,NaN,NaN,NaN
11,NaN,NaN,NaN,NaN,NaN,NaN,NaN,NaN
1,NaN,NaN,NaN,NaN,NaN,NaN,NaN,NaN
2,NaN,NaN,NaN,NaN,NaN,NaN,NaN,NaN
3,NaN,NaN,NaN,NaN,NaN,NaN,NaN,NaN
4,NaN,NaN,NaN,NaN,NaN,NaN,NaN,NaN
5,NaN,NaN,NaN,NaN,NaN,NaN,NaN,NaN
6,NaN,NaN,NaN,NaN,NaN,NaN,NaN,NaN
7,NaN,NaN,NaN,NaN,NaN,NaN,NaN,NaN
8,NaN,NaN,NaN,NaN,NaN,NaN,NaN,NaN
9,NaN,NaN,NaN,NaN,NaN,NaN,NaN,NaN
10,NaN,NaN,NaN,NaN,NaN,NaN,NaN,NaN
11,NaN,NaN,NaN,NaN,NaN,NaN,NaN,NaN
1,NaN,NaN,NaN,NaN,NaN,NaN,NaN,NaN
2,NaN,NaN,NaN,NaN,NaN,NaN,NaN,NaN
3,NaN,NaN,NaN,NaN,NaN,NaN,NaN,NaN
4,NaN,NaN,NaN,NaN,NaN,NaN,NaN,NaN
5,NaN,NaN,NaN,NaN,NaN,NaN,NaN,NaN
6,NaN,NaN,NaN,NaN,NaN,NaN,NaN,NaN
7,NaN,NaN,NaN,NaN,NaN,NaN,NaN,NaN
8,NaN,NaN,NaN,NaN,NaN,NaN,NaN,NaN
9,NaN,NaN,NaN,NaN,NaN,NaN,NaN,NaN
10,NaN,NaN,NaN,NaN,NaN,NaN,NaN,NaN
11,NaN,NaN,NaN,NaN,NaN,NaN,NaN,NaN
1,NaN,NaN,NaN,NaN,NaN,NaN,NaN,NaN
2,NaN,NaN,NaN,NaN,NaN,NaN,NaN,NaN
3,NaN,NaN,NaN,NaN,NaN,NaN,NaN,NaN
4,NaN,NaN,NaN,NaN,NaN,NaN,NaN,NaN
5,NaN,NaN,NaN,NaN,NaN,NaN,NaN,NaN
6,NaN,NaN,NaN,NaN,NaN,NaN,NaN,NaN
7,NaN,NaN,NaN,NaN,NaN,NaN,NaN,NaN
8,NaN,NaN,NaN,NaN,NaN,NaN,NaN,NaN
9,NaN,NaN,NaN,NaN,NaN,NaN,NaN,NaN
10,NaN,NaN,NaN,NaN,NaN,NaN,NaN,NaN
11,NaN,NaN,NaN,NaN,NaN,NaN,NaN,NaN
1,NaN,NaN,NaN,NaN,NaN,NaN,NaN,NaN
2,NaN,NaN,NaN,NaN,NaN,NaN,NaN,NaN
3,NaN,NaN,NaN,NaN,NaN,NaN,NaN,NaN
4,NaN,NaN,NaN,NaN,NaN,NaN,NaN,NaN
5,NaN,NaN,NaN,NaN,NaN,NaN,NaN,NaN
6,NaN,NaN,NaN,NaN,NaN,NaN,NaN,NaN
7,NaN,NaN,NaN,NaN,NaN,NaN,NaN,NaN
8,NaN,NaN,NaN,NaN,NaN,NaN,NaN,NaN
9,NaN,NaN,NaN,NaN,NaN,NaN,NaN,NaN
10,NaN,NaN,NaN,NaN,NaN,NaN,NaN,NaN
11,NaN,NaN,NaN,NaN,NaN,NaN,NaN,NaN
1,NaN,NaN,NaN,NaN,NaN,NaN,NaN,NaN
2,NaN,NaN,NaN,NaN,NaN,NaN,NaN,NaN
3,NaN,NaN,NaN,NaN,NaN,NaN,NaN,NaN
4,NaN,NaN,NaN,NaN,NaN,NaN,NaN,NaN
5,NaN,NaN,NaN,NaN,NaN,NaN,NaN,NaN
6,NaN,NaN,NaN,NaN,NaN,NaN,NaN,NaN
7,NaN,NaN,NaN,NaN,NaN,NaN,NaN,NaN
8,NaN,NaN,NaN,NaN,NaN,NaN,NaN,NaN
9,NaN,NaN,NaN,NaN,NaN,NaN,NaN,NaN
10,NaN,NaN,NaN,NaN,NaN,NaN,NaN,NaN
11,NaN,NaN,NaN,NaN,NaN,NaN,NaN,NaN
1,NaN,NaN,NaN,NaN,NaN,NaN,NaN,NaN
2,NaN,NaN,NaN,NaN,NaN,NaN,NaN,NaN
3,NaN,NaN,NaN,NaN,NaN,NaN,NaN,NaN
4,NaN,NaN,NaN,NaN,NaN,NaN,NaN,NaN
5,NaN,NaN,NaN,NaN,NaN,NaN,NaN,NaN
6,NaN,NaN,NaN,NaN,NaN,NaN,NaN,NaN
7,NaN,NaN,NaN,NaN,NaN,NaN,NaN,NaN
8,NaN,NaN,NaN,NaN,NaN,NaN,NaN,NaN
9,NaN,NaN,NaN,NaN,NaN,NaN,NaN,NaN
10,NaN,NaN,NaN,NaN,NaN,NaN,NaN,NaN
11,NaN,NaN,NaN,NaN,NaN,NaN,NaN,NaN
1,NaN,NaN,NaN,NaN,NaN,NaN,NaN,NaN
2,NaN,NaN,NaN,NaN,NaN,NaN,NaN,NaN
3,NaN,NaN,NaN,NaN,NaN,NaN,NaN,NaN
4,NaN,NaN,NaN,NaN,NaN,NaN,NaN,NaN
5,NaN,NaN,NaN,NaN,NaN,NaN,NaN,NaN
6,NaN,NaN,NaN,NaN,NaN,NaN,NaN,NaN
7,NaN,NaN,NaN,NaN,NaN,NaN,NaN,NaN
8,NaN,NaN,NaN,NaN,NaN,NaN,NaN,NaN
9,NaN,NaN,NaN,NaN,NaN,NaN,NaN,NaN
10,NaN,NaN,NaN,NaN,NaN,NaN,NaN,NaN
11,NaN,NaN,NaN,NaN,NaN,NaN,NaN,NaN
1,NaN,NaN,NaN,NaN,NaN,NaN,NaN,NaN
2,NaN,NaN,NaN,NaN,NaN,NaN,NaN,NaN
3,NaN,NaN,NaN,NaN,NaN,NaN,NaN,NaN
4,NaN,NaN,NaN,NaN,NaN,NaN,NaN,NaN
5,NaN,NaN,NaN,NaN,NaN,NaN,NaN,NaN
6,NaN,NaN,NaN,NaN,NaN,NaN,NaN,NaN
7,NaN,NaN,NaN,NaN,NaN,NaN,NaN,NaN
8,NaN,NaN,NaN,NaN,NaN,NaN,NaN,NaN
9,NaN,NaN,NaN,NaN,NaN,NaN,NaN,NaN
10,NaN,NaN,NaN,NaN,NaN,NaN,NaN,NaN
11,NaN,NaN,NaN,NaN,NaN,NaN,NaN,NaN
1,NaN,NaN,NaN,NaN,NaN,NaN,NaN,NaN
2,NaN,NaN,NaN,NaN,NaN,NaN,NaN,NaN
3,NaN,NaN,NaN,NaN,NaN,NaN,NaN,NaN
4,NaN,NaN,NaN,NaN,NaN,NaN,NaN,NaN
5,NaN,NaN,NaN,NaN,NaN,NaN,NaN,NaN
6,NaN,NaN,NaN,NaN,NaN,NaN,NaN,NaN
7,NaN,NaN,NaN,NaN,NaN,NaN,NaN,NaN
8,NaN,NaN,NaN,NaN,NaN,NaN,NaN,NaN
9,NaN,NaN,NaN,NaN,NaN,NaN,NaN,NaN
10,NaN,NaN,NaN,NaN,NaN,NaN,NaN,NaN
11,NaN,NaN,NaN,NaN,NaN,NaN,NaN,NaN
1,NaN,NaN,NaN,NaN,NaN,NaN,NaN,NaN
2,NaN,NaN,NaN,NaN,NaN,NaN,NaN,NaN
3,NaN,NaN,NaN,NaN,NaN,NaN,NaN,NaN
4,NaN,NaN,NaN,NaN,NaN,NaN,NaN,NaN
5,NaN,NaN,NaN,NaN,NaN,NaN,NaN,NaN
6,NaN,NaN,NaN,NaN,NaN,NaN,NaN,NaN
7,NaN,NaN,NaN,NaN,NaN,NaN,NaN,NaN
8,NaN,NaN,NaN,NaN,NaN,NaN,NaN,NaN
9,NaN,NaN,NaN,NaN,NaN,NaN,NaN,NaN
10,NaN,NaN,NaN,NaN,NaN,NaN,NaN,NaN
11,NaN,NaN,NaN,NaN,NaN,NaN,NaN,NaN
1,NaN,NaN,NaN,NaN,NaN,NaN,NaN,NaN
2,NaN,NaN,NaN,NaN,NaN,NaN,NaN,NaN
3,NaN,NaN,NaN,NaN,NaN,NaN,NaN,NaN
4,NaN,NaN,NaN,NaN,NaN,NaN,NaN,NaN
5,NaN,NaN,NaN,NaN,NaN,NaN,NaN,NaN
6,NaN,NaN,NaN,NaN,NaN,NaN,NaN,NaN
7,NaN,NaN,NaN,NaN,NaN,NaN,NaN,NaN
8,NaN,NaN,NaN,NaN,NaN,NaN,NaN,NaN
9,NaN,NaN,NaN,NaN,NaN,NaN,NaN,NaN
10,NaN,NaN,NaN,NaN,NaN,NaN,NaN,NaN
11,NaN,NaN,NaN,NaN,NaN,NaN,NaN,NaN
1,NaN,NaN,NaN,NaN,NaN,NaN,NaN,NaN
2,NaN,NaN,NaN,NaN,NaN,NaN,NaN,NaN
3,NaN,NaN,NaN,NaN,NaN,NaN,NaN,NaN
4,NaN,NaN,NaN,NaN,NaN,NaN,NaN,NaN
5,NaN,NaN,NaN,NaN,NaN,NaN,NaN,NaN
6,NaN,NaN,NaN,NaN,NaN,NaN,NaN,NaN
7,NaN,NaN,NaN,NaN,NaN,NaN,NaN,NaN
8,NaN,NaN,NaN,NaN,NaN,NaN,NaN,NaN
9,NaN,NaN,NaN,NaN,NaN,NaN,NaN,NaN
10,NaN,NaN,NaN,NaN,NaN,NaN,NaN,NaN
11,NaN,NaN,NaN,NaN,NaN,NaN,NaN,NaN
1,NaN,NaN,NaN,NaN,NaN,NaN,NaN,NaN
2,NaN,NaN,NaN,NaN,NaN,NaN,NaN,NaN
3,NaN,NaN,NaN,NaN,NaN,NaN,NaN,NaN
4,NaN,NaN,NaN,NaN,NaN,NaN,NaN,NaN
5,NaN,NaN,NaN,NaN,NaN,NaN,NaN,NaN
6,NaN,NaN,NaN,NaN,NaN,NaN,NaN,NaN
7,NaN,NaN,NaN,NaN,NaN,NaN,NaN,NaN
8,NaN,NaN,NaN,NaN,NaN,NaN,NaN,NaN
9,NaN,NaN,NaN,NaN,NaN,NaN,NaN,NaN
10,NaN,NaN,NaN,NaN,NaN,NaN,NaN,NaN
11,NaN,NaN,NaN,NaN,NaN,NaN,NaN,NaN
1,NaN,NaN,NaN,NaN,NaN,NaN,NaN,NaN
2,NaN,NaN,NaN,NaN,NaN,NaN,NaN,NaN
3,NaN,NaN,NaN,NaN,NaN,NaN,NaN,NaN
4,NaN,NaN,NaN,NaN,NaN,NaN,NaN,NaN
5,NaN,NaN,NaN,NaN,NaN,NaN,NaN,NaN
6,NaN,NaN,NaN,NaN,NaN,NaN,NaN,NaN
7,NaN,NaN,NaN,NaN,NaN,NaN,NaN,NaN
8,NaN,NaN,NaN,NaN,NaN,NaN,NaN,NaN
9,NaN,NaN,NaN,NaN,NaN,NaN,NaN,NaN
10,NaN,NaN,NaN,NaN,NaN,NaN,NaN,NaN
11,NaN,NaN,NaN,NaN,NaN,NaN,NaN,NaN
1,NaN,NaN,NaN,NaN,NaN,NaN,NaN,NaN
2,NaN,NaN,NaN,NaN,NaN,NaN,NaN,NaN
3,NaN,NaN,NaN,NaN,NaN,NaN,NaN,NaN
4,NaN,NaN,NaN,NaN,NaN,NaN,NaN,NaN
5,NaN,NaN,NaN,NaN,NaN,NaN,NaN,NaN
6,NaN,NaN,NaN,NaN,NaN,NaN,NaN,NaN
7,NaN,NaN,NaN,NaN,NaN,NaN,NaN,NaN
8,NaN,NaN,NaN,NaN,NaN,NaN,NaN,NaN
9,NaN,NaN,NaN,NaN,NaN,NaN,NaN,NaN
10,NaN,NaN,NaN,NaN,NaN,NaN,NaN,NaN
11,NaN,NaN,NaN,NaN,NaN,NaN,NaN,NaN
1,NaN,NaN,NaN,NaN,NaN,NaN,NaN,NaN
2,NaN,NaN,NaN,NaN,NaN,NaN,NaN,NaN
3,NaN,NaN,NaN,NaN,NaN,NaN,NaN,NaN
4,NaN,NaN,NaN,NaN,NaN,NaN,NaN,NaN
5,NaN,NaN,NaN,NaN,NaN,NaN,NaN,NaN
6,NaN,NaN,NaN,NaN,NaN,NaN,NaN,NaN
7,NaN,NaN,NaN,NaN,NaN,NaN,NaN,NaN
8,NaN,NaN,NaN,NaN,NaN,NaN,NaN,NaN
9,NaN,NaN,NaN,NaN,NaN,NaN,NaN,NaN
10,NaN,NaN,NaN,NaN,NaN,NaN,NaN,NaN
11,NaN,NaN,NaN,NaN,NaN,NaN,NaN,NaN
1,NaN,NaN,NaN,NaN,NaN,NaN,NaN,NaN
2,NaN,NaN,NaN,NaN,NaN,NaN,NaN,NaN
3,NaN,NaN,NaN,NaN,NaN,NaN,NaN,NaN
4,NaN,NaN,NaN,NaN,NaN,NaN,NaN,NaN
5,NaN,NaN,NaN,NaN,NaN,NaN,NaN,NaN
6,NaN,NaN,NaN,NaN,NaN,NaN,NaN,NaN
7,NaN,NaN,NaN,NaN,NaN,NaN,NaN,NaN
8,NaN,NaN,NaN,NaN,NaN,NaN,NaN,NaN
9,NaN,NaN,NaN,NaN,NaN,NaN,NaN,NaN
10,NaN,NaN,NaN,NaN,NaN,NaN,NaN,NaN
11,NaN,NaN,NaN,NaN,NaN,NaN,NaN,NaN
1,NaN,NaN,NaN,NaN,NaN,NaN,NaN,NaN
2,NaN,NaN,NaN,NaN,NaN,NaN,NaN,NaN
3,NaN,NaN,NaN,NaN,NaN,NaN,NaN,NaN
4,NaN,NaN,NaN,NaN,NaN,NaN,NaN,NaN
5,NaN,NaN,NaN,NaN,NaN,NaN,NaN,NaN
6,NaN,NaN,NaN,NaN,NaN,NaN,NaN,NaN
7,NaN,NaN,NaN,NaN,NaN,NaN,NaN,NaN
8,NaN,NaN,NaN,NaN,NaN,NaN,NaN,NaN
9,NaN,NaN,NaN,NaN,NaN,NaN,NaN,NaN
10,NaN,NaN,NaN,NaN,NaN,NaN,NaN,NaN
11,NaN,NaN,NaN,NaN,NaN,NaN,NaN,NaN
1,NaN,NaN,NaN,NaN,NaN,NaN,NaN,NaN
2,NaN,NaN,NaN,NaN,NaN,NaN,NaN,NaN
3,NaN,NaN,NaN,NaN,NaN,NaN,NaN,NaN
4,NaN,NaN,NaN,NaN,NaN,NaN,NaN,NaN
5,NaN,NaN,NaN,NaN,NaN,NaN,NaN,NaN
6,NaN,NaN,NaN,NaN,NaN,NaN,NaN,NaN
7,NaN,NaN,NaN,NaN,NaN,NaN,NaN,NaN
8,NaN,NaN,NaN,NaN,NaN,NaN,NaN,NaN
9,NaN,NaN,NaN,NaN,NaN,NaN,NaN,NaN
10,NaN,NaN,NaN,NaN,NaN,NaN,NaN,NaN
11,NaN,NaN,NaN,NaN,NaN,NaN,NaN,NaN
1,NaN,NaN,NaN,NaN,NaN,NaN,NaN,NaN
2,NaN,NaN,NaN,NaN,NaN,NaN,NaN,NaN
3,NaN,NaN,NaN,NaN,NaN,NaN,NaN,NaN
4,NaN,NaN,NaN,NaN,NaN,NaN,NaN,NaN
5,NaN,NaN,NaN,NaN,NaN,NaN,NaN,NaN
6,NaN,NaN,NaN,NaN,NaN,NaN,NaN,NaN
7,NaN,NaN,NaN,NaN,NaN,NaN,NaN,NaN
8,NaN,NaN,NaN,NaN,NaN,NaN,NaN,NaN
9,NaN,NaN,NaN,NaN,NaN,NaN,NaN,NaN
10,NaN,NaN,NaN,NaN,NaN,NaN,NaN,NaN
11,NaN,NaN,NaN,NaN,NaN,NaN,NaN,NaN
1,NaN,NaN,NaN,NaN,NaN,NaN,NaN,NaN
2,NaN,NaN,NaN,NaN,NaN,NaN,NaN,NaN
3,NaN,NaN,NaN,NaN,NaN,NaN,NaN,NaN
4,NaN,NaN,NaN,NaN,NaN,NaN,NaN,NaN
5,NaN,NaN,NaN,NaN,NaN,NaN,NaN,NaN
6,NaN,NaN,NaN,NaN,NaN,NaN,NaN,NaN
7,NaN,NaN,NaN,NaN,NaN,NaN,NaN,NaN
8,NaN,NaN,NaN,NaN,NaN,NaN,NaN,NaN
9,NaN,NaN,NaN,NaN,NaN,NaN,NaN,NaN
10,NaN,NaN,NaN,NaN,NaN,NaN,NaN,NaN
11,NaN,NaN,NaN,NaN,NaN,NaN,NaN,NaN
1,NaN,NaN,NaN,NaN,NaN,NaN,NaN,NaN
2,NaN,NaN,NaN,NaN,NaN,NaN,NaN,NaN
3,NaN,NaN,NaN,NaN,NaN,NaN,NaN,NaN
4,NaN,NaN,NaN,NaN,NaN,NaN,NaN,NaN
5,NaN,NaN,NaN,NaN,NaN,NaN,NaN,NaN
6,NaN,NaN,NaN,NaN,NaN,NaN,NaN,NaN
7,NaN,NaN,NaN,NaN,NaN,NaN,NaN,NaN
8,NaN,NaN,NaN,NaN,NaN,NaN,NaN,NaN
9,NaN,NaN,NaN,NaN,NaN,NaN,NaN,NaN
10,NaN,NaN,NaN,NaN,NaN,NaN,NaN,NaN
11,NaN,NaN,NaN,NaN,NaN,NaN,NaN,NaN
1,NaN,NaN,NaN,NaN,NaN,NaN,NaN,NaN
2,NaN,NaN,NaN,NaN,NaN,NaN,NaN,NaN
3,NaN,NaN,NaN,NaN,NaN,NaN,NaN,NaN
4,NaN,NaN,NaN,NaN,NaN,NaN,NaN,NaN
5,NaN,NaN,NaN,NaN,NaN,NaN,NaN,NaN
6,NaN,NaN,NaN,NaN,NaN,NaN,NaN,NaN
7,NaN,NaN,NaN,NaN,NaN,NaN,NaN,NaN
8,NaN,NaN,NaN,NaN,NaN,NaN,NaN,NaN
9,NaN,NaN,NaN,NaN,NaN,NaN,NaN,NaN
10,NaN,NaN,NaN,NaN,NaN,NaN,NaN,NaN
11,NaN,NaN,NaN,NaN,NaN,NaN,NaN,NaN
1,NaN,NaN,NaN,NaN,NaN,NaN,NaN,NaN
2,NaN,NaN,NaN,NaN,NaN,NaN,NaN,NaN
3,NaN,NaN,NaN,NaN,NaN,NaN,NaN,NaN
4,NaN,NaN,NaN,NaN,NaN,NaN,NaN,NaN
5,NaN,NaN,NaN,NaN,NaN,NaN,NaN,NaN
6,NaN,NaN,NaN,NaN,NaN,NaN,NaN,NaN
7,NaN,NaN,NaN,NaN,NaN,NaN,NaN,NaN
8,NaN,NaN,NaN,NaN,NaN,NaN,NaN,NaN
9,NaN,NaN,NaN,NaN,NaN,NaN,NaN,NaN
10,NaN,NaN,NaN,NaN,NaN,NaN,NaN,NaN
11,NaN,NaN,NaN,NaN,NaN,NaN,NaN,NaN
1,NaN,NaN,NaN,NaN,NaN,NaN,NaN,NaN
2,NaN,NaN,NaN,NaN,NaN,NaN,NaN,NaN
3,NaN,NaN,NaN,NaN,NaN,NaN,NaN,NaN
4,NaN,NaN,NaN,NaN,NaN,NaN,NaN,NaN
5,NaN,NaN,NaN,NaN,NaN,NaN,NaN,NaN
6,NaN,NaN,NaN,NaN,NaN,NaN,NaN,NaN
7,NaN,NaN,NaN,NaN,NaN,NaN,NaN,NaN
8,NaN,NaN,NaN,NaN,NaN,NaN,NaN,NaN
9,NaN,NaN,NaN,NaN,NaN,NaN,NaN,NaN
10,NaN,NaN,NaN,NaN,NaN,NaN,NaN,NaN
11,NaN,NaN,NaN,NaN,NaN,NaN,NaN,NaN
1,NaN,NaN,NaN,NaN,NaN,NaN,NaN,NaN
2,NaN,NaN,NaN,NaN,NaN,NaN,NaN,NaN
3,NaN,NaN,NaN,NaN,NaN,NaN,NaN,NaN
4,NaN,NaN,NaN,NaN,NaN,NaN,NaN,NaN
5,NaN,NaN,NaN,NaN,NaN,NaN,NaN,NaN
6,NaN,NaN,NaN,NaN,NaN,NaN,NaN,NaN
7,NaN,NaN,NaN,NaN,NaN,NaN,NaN,NaN
8,NaN,NaN,NaN,NaN,NaN,NaN,NaN,NaN
9,NaN,NaN,NaN,NaN,NaN,NaN,NaN,NaN
10,NaN,NaN,NaN,NaN,NaN,NaN,NaN,NaN
11,NaN,NaN,NaN,NaN,NaN,NaN,NaN,NaN
1,NaN,NaN,NaN,NaN,NaN,NaN,NaN,NaN
2,NaN,NaN,NaN,NaN,NaN,NaN,NaN,NaN
3,NaN,NaN,NaN,NaN,NaN,NaN,NaN,NaN
4,NaN,NaN,NaN,NaN,NaN,NaN,NaN,NaN
5,NaN,NaN,NaN,NaN,NaN,NaN,NaN,NaN
6,NaN,NaN,NaN,NaN,NaN,NaN,NaN,NaN
7,NaN,NaN,NaN,NaN,NaN,NaN,NaN,NaN
8,NaN,NaN,NaN,NaN,NaN,NaN,NaN,NaN
9,NaN,NaN,NaN,NaN,NaN,NaN,NaN,NaN
10,NaN,NaN,NaN,NaN,NaN,NaN,NaN,NaN
11,NaN,NaN,NaN,NaN,NaN,NaN,NaN,NaN
1,NaN,NaN,NaN,NaN,NaN,NaN,NaN,NaN
2,NaN,NaN,NaN,NaN,NaN,NaN,NaN,NaN
3,NaN,NaN,NaN,NaN,NaN,NaN,NaN,NaN
4,NaN,NaN,NaN,NaN,NaN,NaN,NaN,NaN
5,NaN,NaN,NaN,NaN,NaN,NaN,NaN,NaN
6,NaN,NaN,NaN,NaN,NaN,NaN,NaN,NaN
7,NaN,NaN,NaN,NaN,NaN,NaN,NaN,NaN
8,NaN,NaN,NaN,NaN,NaN,NaN,NaN,NaN
9,NaN,NaN,NaN,NaN,NaN,NaN,NaN,NaN
10,NaN,NaN,NaN,NaN,NaN,NaN,NaN,NaN
11,NaN,NaN,NaN,NaN,NaN,NaN,NaN,NaN
1,NaN,NaN,NaN,NaN,NaN,NaN,NaN,NaN
2,NaN,NaN,NaN,NaN,NaN,NaN,NaN,NaN
3,NaN,NaN,NaN,NaN,NaN,NaN,NaN,NaN
4,NaN,NaN,NaN,NaN,NaN,NaN,NaN,NaN
5,NaN,NaN,NaN,NaN,NaN,NaN,NaN,NaN
6,NaN,NaN,NaN,NaN,NaN,NaN,NaN,NaN
7,NaN,NaN,NaN,NaN,NaN,NaN,NaN,NaN
8,NaN,NaN,NaN,NaN,NaN,NaN,NaN,NaN
9,NaN,NaN,NaN,NaN,NaN,NaN,NaN,NaN
10,NaN,NaN,NaN,NaN,NaN,NaN,NaN,NaN
11,NaN,NaN,NaN,NaN,NaN,NaN,NaN,NaN
1,NaN,NaN,NaN,NaN,NaN,NaN,NaN,NaN
2,NaN,NaN,NaN,NaN,NaN,NaN,NaN,NaN
3,NaN,NaN,NaN,NaN,NaN,NaN,NaN,NaN
4,NaN,NaN,NaN,NaN,NaN,NaN,NaN,NaN
5,NaN,NaN,NaN,NaN,NaN,NaN,NaN,NaN
6,NaN,NaN,NaN,NaN,NaN,NaN,NaN,NaN
7,NaN,NaN,NaN,NaN,NaN,NaN,NaN,NaN
8,NaN,NaN,NaN,NaN,NaN,NaN,NaN,NaN
9,NaN,NaN,NaN,NaN,NaN,NaN,NaN,NaN
10,NaN,NaN,NaN,NaN,NaN,NaN,NaN,NaN
11,NaN,NaN,NaN,NaN,NaN,NaN,NaN,NaN
1,NaN,NaN,NaN,NaN,NaN,NaN,NaN,NaN
2,NaN,NaN,NaN,NaN,NaN,NaN,NaN,NaN
3,NaN,NaN,NaN,NaN,NaN,NaN,NaN,NaN
4,NaN,NaN,NaN,NaN,NaN,NaN,NaN,NaN
5,NaN,NaN,NaN,NaN,NaN,NaN,NaN,NaN
6,NaN,NaN,NaN,NaN,NaN,NaN,NaN,NaN
7,NaN,NaN,NaN,NaN,NaN,NaN,NaN,NaN
8,NaN,NaN,NaN,NaN,NaN,NaN,NaN,NaN
9,NaN,NaN,NaN,NaN,NaN,NaN,NaN,NaN
10,NaN,NaN,NaN,NaN,NaN,NaN,NaN,NaN
11,NaN,NaN,NaN,NaN,NaN,NaN,NaN,NaN
1,NaN,NaN,NaN,NaN,NaN,NaN,NaN,NaN
2,NaN,NaN,NaN,NaN,NaN,NaN,NaN,NaN
3,NaN,NaN,NaN,NaN,NaN,NaN,NaN,NaN
4,NaN,NaN,NaN,NaN,NaN,NaN,NaN,NaN
5,NaN,NaN,NaN,NaN,NaN,NaN,NaN,NaN
6,NaN,NaN,NaN,NaN,NaN,NaN,NaN,NaN
7,NaN,NaN,NaN,NaN,NaN,NaN,NaN,NaN
8,NaN,NaN,NaN,NaN,NaN,NaN,NaN,NaN
9,NaN,NaN,NaN,NaN,NaN,NaN,NaN,NaN
10,NaN,NaN,NaN,NaN,NaN,NaN,NaN,NaN
11,NaN,NaN,NaN,NaN,NaN,NaN,NaN,NaN
1,NaN,NaN,NaN,NaN,NaN,NaN,NaN,NaN
2,NaN,NaN,NaN,NaN,NaN,NaN,NaN,NaN
3,NaN,NaN,NaN,NaN,NaN,NaN,NaN,NaN
4,NaN,NaN,NaN,NaN,NaN,NaN,NaN,NaN
5,NaN,NaN,NaN,NaN,NaN,NaN,NaN,NaN
6,NaN,NaN,NaN,NaN,NaN,NaN,NaN,NaN
7,NaN,NaN,NaN,NaN,NaN,NaN,NaN,NaN
8,NaN,NaN,NaN,NaN,NaN,NaN,NaN,NaN
9,NaN,NaN,NaN,NaN,NaN,NaN,NaN,NaN
10,NaN,NaN,NaN,NaN,NaN,NaN,NaN,NaN
11,NaN,NaN,NaN,NaN,NaN,NaN,NaN,NaN
1,NaN,NaN,NaN,NaN,NaN,NaN,NaN,NaN
2,NaN,NaN,NaN,NaN,NaN,NaN,NaN,NaN
3,NaN,NaN,NaN,NaN,NaN,NaN,NaN,NaN
4,NaN,NaN,NaN,NaN,NaN,NaN,NaN,NaN
5,NaN,NaN,NaN,NaN,NaN,NaN,NaN,NaN
6,NaN,NaN,NaN,NaN,NaN,NaN,NaN,NaN
7,NaN,NaN,NaN,NaN,NaN,NaN,NaN,NaN
8,NaN,NaN,NaN,NaN,NaN,NaN,NaN,NaN
9,NaN,NaN,NaN,NaN,NaN,NaN,NaN,NaN
10,NaN,NaN,NaN,NaN,NaN,NaN,NaN,NaN
11,NaN,NaN,NaN,NaN,NaN,NaN,NaN,NaN
1,NaN,NaN,NaN,NaN,NaN,NaN,NaN,NaN
2,NaN,NaN,NaN,NaN,NaN,NaN,NaN,NaN
3,NaN,NaN,NaN,NaN,NaN,NaN,NaN,NaN
4,NaN,NaN,NaN,NaN,NaN,NaN,NaN,NaN
5,NaN,NaN,NaN,NaN,NaN,NaN,NaN,NaN
6,NaN,NaN,NaN,NaN,NaN,NaN,NaN,NaN
7,NaN,NaN,NaN,NaN,NaN,NaN,NaN,NaN
8,NaN,NaN,NaN,NaN,NaN,NaN,NaN,NaN
9,NaN,NaN,NaN,NaN,NaN,NaN,NaN,NaN
10,NaN,NaN,NaN,NaN,NaN,NaN,NaN,NaN
11,NaN,NaN,NaN,NaN,NaN,NaN,NaN,NaN
1,NaN,NaN,NaN,NaN,NaN,NaN,NaN,NaN
2,NaN,NaN,NaN,NaN,NaN,NaN,NaN,NaN
3,NaN,NaN,NaN,NaN,NaN,NaN,NaN,NaN
4,NaN,NaN,NaN,NaN,NaN,NaN,NaN,NaN
5,NaN,NaN,NaN,NaN,NaN,NaN,NaN,NaN
6,NaN,NaN,NaN,NaN,NaN,NaN,NaN,NaN
7,NaN,NaN,NaN,NaN,NaN,NaN,NaN,NaN
8,NaN,NaN,NaN,NaN,NaN,NaN,NaN,NaN
9,NaN,NaN,NaN,NaN,NaN,NaN,NaN,NaN
10,NaN,NaN,NaN,NaN,NaN,NaN,NaN,NaN
11,NaN,NaN,NaN,NaN,NaN,NaN,NaN,NaN
1,NaN,NaN,NaN,NaN,NaN,NaN,NaN,NaN
2,NaN,NaN,NaN,NaN,NaN,NaN,NaN,NaN
3,NaN,NaN,NaN,NaN,NaN,NaN,NaN,NaN
4,NaN,NaN,NaN,NaN,NaN,NaN,NaN,NaN
5,NaN,NaN,NaN,NaN,NaN,NaN,NaN,NaN
6,NaN,NaN,NaN,NaN,NaN,NaN,NaN,NaN
7,NaN,NaN,NaN,NaN,NaN,NaN,NaN,NaN
8,NaN,NaN,NaN,NaN,NaN,NaN,NaN,NaN
9,NaN,NaN,NaN,NaN,NaN,NaN,NaN,NaN
10,NaN,NaN,NaN,NaN,NaN,NaN,NaN,NaN
11,NaN,NaN,NaN,NaN,NaN,NaN,NaN,NaN
1,NaN,NaN,NaN,NaN,NaN,NaN,NaN,NaN
2,NaN,NaN,NaN,NaN,NaN,NaN,NaN,NaN
3,NaN,NaN,NaN,NaN,NaN,NaN,NaN,NaN
4,NaN,NaN,NaN,NaN,NaN,NaN,NaN,NaN
5,NaN,NaN,NaN,NaN,NaN,NaN,NaN,NaN
6,NaN,NaN,NaN,NaN,NaN,NaN,NaN,NaN
7,NaN,NaN,NaN,NaN,NaN,NaN,NaN,NaN
8,NaN,NaN,NaN,NaN,NaN,NaN,NaN,NaN
9,NaN,NaN,NaN,NaN,NaN,NaN,NaN,NaN
10,NaN,NaN,NaN,NaN,NaN,NaN,NaN,NaN
11,NaN,NaN,NaN,NaN,NaN,NaN,NaN,NaN
1,NaN,NaN,NaN,NaN,NaN,NaN,NaN,NaN
2,NaN,NaN,NaN,NaN,NaN,NaN,NaN,NaN
3,NaN,NaN,NaN,NaN,NaN,NaN,NaN,NaN
4,NaN,NaN,NaN,NaN,NaN,NaN,NaN,NaN
5,NaN,NaN,NaN,NaN,NaN,NaN,NaN,NaN
6,NaN,NaN,NaN,NaN,NaN,NaN,NaN,NaN
7,NaN,NaN,NaN,NaN,NaN,NaN,NaN,NaN
8,NaN,NaN,NaN,NaN,NaN,NaN,NaN,NaN
9,NaN,NaN,NaN,NaN,NaN,NaN,NaN,NaN
10,NaN,NaN,NaN,NaN,NaN,NaN,NaN,NaN
11,NaN,NaN,NaN,NaN,NaN,NaN,NaN,NaN
1,NaN,NaN,NaN,NaN,NaN,NaN,NaN,NaN
2,NaN,NaN,NaN,NaN,NaN,NaN,NaN,NaN
3,NaN,NaN,NaN,NaN,NaN,NaN,NaN,NaN
4,NaN,NaN,NaN,NaN,NaN,NaN,NaN,NaN
5,NaN,NaN,NaN,NaN,NaN,NaN,NaN,NaN
6,NaN,NaN,NaN,NaN,NaN,NaN,NaN,NaN
7,NaN,NaN,NaN,NaN,NaN,NaN,NaN,NaN
8,NaN,NaN,NaN,NaN,NaN,NaN,NaN,NaN
9,NaN,NaN,NaN,NaN,NaN,NaN,NaN,NaN
10,NaN,NaN,NaN,NaN,NaN,NaN,NaN,NaN
11,NaN,NaN,NaN,NaN,NaN,NaN,NaN,NaN
1,NaN,NaN,NaN,NaN,NaN,NaN,NaN,NaN
2,NaN,NaN,NaN,NaN,NaN,NaN,NaN,NaN
3,NaN,NaN,NaN,NaN,NaN,NaN,NaN,NaN
4,NaN,NaN,NaN,NaN,NaN,NaN,NaN,NaN
5,NaN,NaN,NaN,NaN,NaN,NaN,NaN,NaN
6,NaN,NaN,NaN,NaN,NaN,NaN,NaN,NaN
7,NaN,NaN,NaN,NaN,NaN,NaN,NaN,NaN
8,NaN,NaN,NaN,NaN,NaN,NaN,NaN,NaN
9,NaN,NaN,NaN,NaN,NaN,NaN,NaN,NaN
10,NaN,NaN,NaN,NaN,NaN,NaN,NaN,NaN
11,NaN,NaN,NaN,NaN,NaN,NaN,NaN,NaN
1,NaN,NaN,NaN,NaN,NaN,NaN,NaN,NaN
2,NaN,NaN,NaN,NaN,NaN,NaN,NaN,NaN
3,NaN,NaN,NaN,NaN,NaN,NaN,NaN,NaN
4,NaN,NaN,NaN,NaN,NaN,NaN,NaN,NaN
5,NaN,NaN,NaN,NaN,NaN,NaN,NaN,NaN
6,NaN,NaN,NaN,NaN,NaN,NaN,NaN,NaN
7,NaN,NaN,NaN,NaN,NaN,NaN,NaN,NaN
8,NaN,NaN,NaN,NaN,NaN,NaN,NaN,NaN
9,NaN,NaN,NaN,NaN,NaN,NaN,NaN,NaN
10,NaN,NaN,NaN,NaN,NaN,NaN,NaN,NaN
11,NaN,NaN,NaN,NaN,NaN,NaN,NaN,NaN
1,NaN,NaN,NaN,NaN,NaN,NaN,NaN,NaN
2,NaN,NaN,NaN,NaN,NaN,NaN,NaN,NaN
3,NaN,NaN,NaN,NaN,NaN,NaN,NaN,NaN
4,NaN,NaN,NaN,NaN,NaN,NaN,NaN,NaN
5,NaN,NaN,NaN,NaN,NaN,NaN,NaN,NaN
6,NaN,NaN,NaN,NaN,NaN,NaN,NaN,NaN
7,NaN,NaN,NaN,NaN,NaN,NaN,NaN,NaN
8,NaN,NaN,NaN,NaN,NaN,NaN,NaN,NaN
9,NaN,NaN,NaN,NaN,NaN,NaN,NaN,NaN
10,NaN,NaN,NaN,NaN,NaN,NaN,NaN,NaN
11,NaN,NaN,NaN,NaN,NaN,NaN,NaN,NaN
1,NaN,NaN,NaN,NaN,NaN,NaN,NaN,NaN
2,NaN,NaN,NaN,NaN,NaN,NaN,NaN,NaN
3,NaN,NaN,NaN,NaN,NaN,NaN,NaN,NaN
4,NaN,NaN,NaN,NaN,NaN,NaN,NaN,NaN
5,NaN,NaN,NaN,NaN,NaN,NaN,NaN,NaN
6,NaN,NaN,NaN,NaN,NaN,NaN,NaN,NaN
7,NaN,NaN,NaN,NaN,NaN,NaN,NaN,NaN
8,NaN,NaN,NaN,NaN,NaN,NaN,NaN,NaN
9,NaN,NaN,NaN,NaN,NaN,NaN,NaN,NaN
10,NaN,NaN,NaN,NaN,NaN,NaN,NaN,NaN
11,NaN,NaN,NaN,NaN,NaN,NaN,NaN,NaN
1,NaN,NaN,NaN,NaN,NaN,NaN,NaN,NaN
2,NaN,NaN,NaN,NaN,NaN,NaN,NaN,NaN
3,NaN,NaN,NaN,NaN,NaN,NaN,NaN,NaN
4,NaN,NaN,NaN,NaN,NaN,NaN,NaN,NaN
5,NaN,NaN,NaN,NaN,NaN,NaN,NaN,NaN
6,NaN,NaN,NaN,NaN,NaN,NaN,NaN,NaN
7,NaN,NaN,NaN,NaN,NaN,NaN,NaN,NaN
8,NaN,NaN,NaN,NaN,NaN,NaN,NaN,NaN
9,NaN,NaN,NaN,NaN,NaN,NaN,NaN,NaN
10,NaN,NaN,NaN,NaN,NaN,NaN,NaN,NaN
11,NaN,NaN,NaN,NaN,NaN,NaN,NaN,NaN
1,NaN,NaN,NaN,NaN,NaN,NaN,NaN,NaN
2,NaN,NaN,NaN,NaN,NaN,NaN,NaN,NaN
3,NaN,NaN,NaN,NaN,NaN,NaN,NaN,NaN
4,NaN,NaN,NaN,NaN,NaN,NaN,NaN,NaN
5,NaN,NaN,NaN,NaN,NaN,NaN,NaN,NaN
6,NaN,NaN,NaN,NaN,NaN,NaN,NaN,NaN
7,NaN,NaN,NaN,NaN,NaN,NaN,NaN,NaN
8,NaN,NaN,NaN,NaN,NaN,NaN,NaN,NaN
9,NaN,NaN,NaN,NaN,NaN,NaN,NaN,NaN
10,NaN,NaN,NaN,NaN,NaN,NaN,NaN,NaN
11,NaN,NaN,NaN,NaN,NaN,NaN,NaN,NaN
1,NaN,NaN,NaN,NaN,NaN,NaN,NaN,NaN
2,NaN,NaN,NaN,NaN,NaN,NaN,NaN,NaN
3,NaN,NaN,NaN,NaN,NaN,NaN,NaN,NaN
4,NaN,NaN,NaN,NaN,NaN,NaN,NaN,NaN
5,NaN,NaN,NaN,NaN,NaN,NaN,NaN,NaN
6,NaN,NaN,NaN,NaN,NaN,NaN,NaN,NaN
7,NaN,NaN,NaN,NaN,NaN,NaN,NaN,NaN
8,NaN,NaN,NaN,NaN,NaN,NaN,NaN,NaN
9,NaN,NaN,NaN,NaN,NaN,NaN,NaN,NaN
10,NaN,NaN,NaN,NaN,NaN,NaN,NaN,NaN
11,NaN,NaN,NaN,NaN,NaN,NaN,NaN,NaN
1,NaN,NaN,NaN,NaN,NaN,NaN,NaN,NaN
2,NaN,NaN,NaN,NaN,NaN,NaN,NaN,NaN
3,NaN,NaN,NaN,NaN,NaN,NaN,NaN,NaN
4,NaN,NaN,NaN,NaN,NaN,NaN,NaN,NaN
5,NaN,NaN,NaN,NaN,NaN,NaN,NaN,NaN
6,NaN,NaN,NaN,NaN,NaN,NaN,NaN,NaN
7,NaN,NaN,NaN,NaN,NaN,NaN,NaN,NaN
8,NaN,NaN,NaN,NaN,NaN,NaN,NaN,NaN
9,NaN,NaN,NaN,NaN,NaN,NaN,NaN,NaN
10,NaN,NaN,NaN,NaN,NaN,NaN,NaN,NaN
11,NaN,NaN,NaN,NaN,NaN,NaN,NaN,NaN
1,NaN,NaN,NaN,NaN,NaN,NaN,NaN,NaN
2,NaN,NaN,NaN,NaN,NaN,NaN,NaN,NaN
3,NaN,NaN,NaN,NaN,NaN,NaN,NaN,NaN
4,NaN,NaN,NaN,NaN,NaN,NaN,NaN,NaN
5,NaN,NaN,NaN,NaN,NaN,NaN,NaN,NaN
6,NaN,NaN,NaN,NaN,NaN,NaN,NaN,NaN
7,NaN,NaN,NaN,NaN,NaN,NaN,NaN,NaN
8,NaN,NaN,NaN,NaN,NaN,NaN,NaN,NaN
9,NaN,NaN,NaN,NaN,NaN,NaN,NaN,NaN
10,NaN,NaN,NaN,NaN,NaN,NaN,NaN,NaN
11,NaN,NaN,NaN,NaN,NaN,NaN,NaN,NaN
1,NaN,NaN,NaN,NaN,NaN,NaN,NaN,NaN
2,NaN,NaN,NaN,NaN,NaN,NaN,NaN,NaN
3,NaN,NaN,NaN,NaN,NaN,NaN,NaN,NaN
4,NaN,NaN,NaN,NaN,NaN,NaN,NaN,NaN
5,NaN,NaN,NaN,NaN,NaN,NaN,NaN,NaN
6,NaN,NaN,NaN,NaN,NaN,NaN,NaN,NaN
7,NaN,NaN,NaN,NaN,NaN,NaN,NaN,NaN
8,NaN,NaN,NaN,NaN,NaN,NaN,NaN,NaN
9,NaN,NaN,NaN,NaN,NaN,NaN,NaN,NaN
10,NaN,NaN,NaN,NaN,NaN,NaN,NaN,NaN
11,NaN,NaN,NaN,NaN,NaN,NaN,NaN,NaN
1,NaN,NaN,NaN,NaN,NaN,NaN,NaN,NaN
2,NaN,NaN,NaN,NaN,NaN,NaN,NaN,NaN
3,NaN,NaN,NaN,NaN,NaN,NaN,NaN,NaN
4,NaN,NaN,NaN,NaN,NaN,NaN,NaN,NaN
5,NaN,NaN,NaN,NaN,NaN,NaN,NaN,NaN
6,NaN,NaN,NaN,NaN,NaN,NaN,NaN,NaN
7,NaN,NaN,NaN,NaN,NaN,NaN,NaN,NaN
8,NaN,NaN,NaN,NaN,NaN,NaN,NaN,NaN
9,NaN,NaN,NaN,NaN,NaN,NaN,NaN,NaN
10,NaN,NaN,NaN,NaN,NaN,NaN,NaN,NaN
11,NaN,NaN,NaN,NaN,NaN,NaN,NaN,NaN
1,NaN,NaN,NaN,NaN,NaN,NaN,NaN,NaN
2,NaN,NaN,NaN,NaN,NaN,NaN,NaN,NaN
3,NaN,NaN,NaN,NaN,NaN,NaN,NaN,NaN
4,NaN,NaN,NaN,NaN,NaN,NaN,NaN,NaN
5,NaN,NaN,NaN,NaN,NaN,NaN,NaN,NaN
6,NaN,NaN,NaN,NaN,NaN,NaN,NaN,NaN
7,NaN,NaN,NaN,NaN,NaN,NaN,NaN,NaN
8,NaN,NaN,NaN,NaN,NaN,NaN,NaN,NaN
9,NaN,NaN,NaN,NaN,NaN,NaN,NaN,NaN
10,NaN,NaN,NaN,NaN,NaN,NaN,NaN,NaN
11,NaN,NaN,NaN,NaN,NaN,NaN,NaN,NaN
1,NaN,NaN,NaN,NaN,NaN,NaN,NaN,NaN
2,NaN,NaN,NaN,NaN,NaN,NaN,NaN,NaN
3,NaN,NaN,NaN,NaN,NaN,NaN,NaN,NaN
4,NaN,NaN,NaN,NaN,NaN,NaN,NaN,NaN
5,NaN,NaN,NaN,NaN,NaN,NaN,NaN,NaN
6,NaN,NaN,NaN,NaN,NaN,NaN,NaN,NaN
7,NaN,NaN,NaN,NaN,NaN,NaN,NaN,NaN
8,NaN,NaN,NaN,NaN,NaN,NaN,NaN,NaN
9,NaN,NaN,NaN,NaN,NaN,NaN,NaN,NaN
10,NaN,NaN,NaN,NaN,NaN,NaN,NaN,NaN
11,NaN,NaN,NaN,NaN,NaN,NaN,NaN,NaN
1,NaN,NaN,NaN,NaN,NaN,NaN,NaN,NaN
2,NaN,NaN,NaN,NaN,NaN,NaN,NaN,NaN
3,NaN,NaN,NaN,NaN,NaN,NaN,NaN,NaN
4,NaN,NaN,NaN,NaN,NaN,NaN,NaN,NaN
5,NaN,NaN,NaN,NaN,NaN,NaN,NaN,NaN
6,NaN,NaN,NaN,NaN,NaN,NaN,NaN,NaN
7,NaN,NaN,NaN,NaN,NaN,NaN,NaN,NaN
8,NaN,NaN,NaN,NaN,NaN,NaN,NaN,NaN
9,NaN,NaN,NaN,NaN,NaN,NaN,NaN,NaN
10,NaN,NaN,NaN,NaN,NaN,NaN,NaN,NaN
11,NaN,NaN,NaN,NaN,NaN,NaN,NaN,NaN
1,NaN,NaN,NaN,NaN,NaN,NaN,NaN,NaN
2,NaN,NaN,NaN,NaN,NaN,NaN,NaN,NaN
3,NaN,NaN,NaN,NaN,NaN,NaN,NaN,NaN
4,NaN,NaN,NaN,NaN,NaN,NaN,NaN,NaN
5,NaN,NaN,NaN,NaN,NaN,NaN,NaN,NaN
6,NaN,NaN,NaN,NaN,NaN,NaN,NaN,NaN
7,NaN,NaN,NaN,NaN,NaN,NaN,NaN,NaN
8,NaN,NaN,NaN,NaN,NaN,NaN,NaN,NaN
9,NaN,NaN,NaN,NaN,NaN,NaN,NaN,NaN
10,NaN,NaN,NaN,NaN,NaN,NaN,NaN,NaN
11,NaN,NaN,NaN,NaN,NaN,NaN,NaN,NaN
1,NaN,NaN,NaN,NaN,NaN,NaN,NaN,NaN
2,NaN,NaN,NaN,NaN,NaN,NaN,NaN,NaN
3,NaN,NaN,NaN,NaN,NaN,NaN,NaN,NaN
4,NaN,NaN,NaN,NaN,NaN,NaN,NaN,NaN
5,NaN,NaN,NaN,NaN,NaN,NaN,NaN,NaN
6,NaN,NaN,NaN,NaN,NaN,NaN,NaN,NaN
7,NaN,NaN,NaN,NaN,NaN,NaN,NaN,NaN
8,NaN,NaN,NaN,NaN,NaN,NaN,NaN,NaN
9,NaN,NaN,NaN,NaN,NaN,NaN,NaN,NaN
10,NaN,NaN,NaN,NaN,NaN,NaN,NaN,NaN
11,NaN,NaN,NaN,NaN,NaN,NaN,NaN,NaN
1,NaN,NaN,NaN,NaN,NaN,NaN,NaN,NaN
2,NaN,NaN,NaN,NaN,NaN,NaN,NaN,NaN
3,NaN,NaN,NaN,NaN,NaN,NaN,NaN,NaN
4,NaN,NaN,NaN,NaN,NaN,NaN,NaN,NaN
5,NaN,NaN,NaN,NaN,NaN,NaN,NaN,NaN
6,NaN,NaN,NaN,NaN,NaN,NaN,NaN,NaN
7,NaN,NaN,NaN,NaN,NaN,NaN,NaN,NaN
8,NaN,NaN,NaN,NaN,NaN,NaN,NaN,NaN
9,NaN,NaN,NaN,NaN,NaN,NaN,NaN,NaN
10,NaN,NaN,NaN,NaN,NaN,NaN,NaN,NaN
11,NaN,NaN,NaN,NaN,NaN,NaN,NaN,NaN
1,NaN,NaN,NaN,NaN,NaN,NaN,NaN,NaN
2,NaN,NaN,NaN,NaN,NaN,NaN,NaN,NaN
3,NaN,NaN,NaN,NaN,NaN,NaN,NaN,NaN
4,NaN,NaN,NaN,NaN,NaN,NaN,NaN,NaN
5,NaN,NaN,NaN,NaN,NaN,NaN,NaN,NaN
6,NaN,NaN,NaN,NaN,NaN,NaN,NaN,NaN
7,NaN,NaN,NaN,NaN,NaN,NaN,NaN,NaN
8,NaN,NaN,NaN,NaN,NaN,NaN,NaN,NaN
9,NaN,NaN,NaN,NaN,NaN,NaN,NaN,NaN
10,NaN,NaN,NaN,NaN,NaN,NaN,NaN,NaN
11,NaN,NaN,NaN,NaN,NaN,NaN,NaN,NaN
1,NaN,NaN,NaN,NaN,NaN,NaN,NaN,NaN
2,NaN,NaN,NaN,NaN,NaN,NaN,NaN,NaN
3,NaN,NaN,NaN,NaN,NaN,NaN,NaN,NaN
4,NaN,NaN,NaN,NaN,NaN,NaN,NaN,NaN
5,NaN,NaN,NaN,NaN,NaN,NaN,NaN,NaN
6,NaN,NaN,NaN,NaN,NaN,NaN,NaN,NaN
7,NaN,NaN,NaN,NaN,NaN,NaN,NaN,NaN
8,NaN,NaN,NaN,NaN,NaN,NaN,NaN,NaN
9,NaN,NaN,NaN,NaN,NaN,NaN,NaN,NaN
10,NaN,NaN,NaN,NaN,NaN,NaN,NaN,NaN
11,NaN,NaN,NaN,NaN,NaN,NaN,NaN,NaN
1,NaN,NaN,NaN,NaN,NaN,NaN,NaN,NaN
2,NaN,NaN,NaN,NaN,NaN,NaN,NaN,NaN
3,NaN,NaN,NaN,NaN,NaN,NaN,NaN,NaN
4,NaN,NaN,NaN,NaN,NaN,NaN,NaN,NaN
5,NaN,NaN,NaN,NaN,NaN,NaN,NaN,NaN
6,NaN,NaN,NaN,NaN,NaN,NaN,NaN,NaN
7,NaN,NaN,NaN,NaN,NaN,NaN,NaN,NaN
8,NaN,NaN,NaN,NaN,NaN,NaN,NaN,NaN
9,NaN,NaN,NaN,NaN,NaN,NaN,NaN,NaN
10,NaN,NaN,NaN,NaN,NaN,NaN,NaN,NaN
11,NaN,NaN,NaN,NaN,NaN,NaN,NaN,NaN
1,NaN,NaN,NaN,NaN,NaN,NaN,NaN,NaN
2,NaN,NaN,NaN,NaN,NaN,NaN,NaN,NaN
3,NaN,NaN,NaN,NaN,NaN,NaN,NaN,NaN
4,NaN,NaN,NaN,NaN,NaN,NaN,NaN,NaN
5,NaN,NaN,NaN,NaN,NaN,NaN,NaN,NaN
6,NaN,NaN,NaN,NaN,NaN,NaN,NaN,NaN
7,NaN,NaN,NaN,NaN,NaN,NaN,NaN,NaN
8,NaN,NaN,NaN,NaN,NaN,NaN,NaN,NaN
9,NaN,NaN,NaN,NaN,NaN,NaN,NaN,NaN
10,NaN,NaN,NaN,NaN,NaN,NaN,NaN,NaN
11,NaN,NaN,NaN,NaN,NaN,NaN,NaN,NaN
1,NaN,NaN,NaN,NaN,NaN,NaN,NaN,NaN
2,NaN,NaN,NaN,NaN,NaN,NaN,NaN,NaN
3,NaN,NaN,NaN,NaN,NaN,NaN,NaN,NaN
4,NaN,NaN,NaN,NaN,NaN,NaN,NaN,NaN
5,NaN,NaN,NaN,NaN,NaN,NaN,NaN,NaN
6,NaN,NaN,NaN,NaN,NaN,NaN,NaN,NaN
7,NaN,NaN,NaN,NaN,NaN,NaN,NaN,NaN
8,NaN,NaN,NaN,NaN,NaN,NaN,NaN,NaN
9,NaN,NaN,NaN,NaN,NaN,NaN,NaN,NaN
10,NaN,NaN,NaN,NaN,NaN,NaN,NaN,NaN
11,NaN,NaN,NaN,NaN,NaN,NaN,NaN,NaN
1,NaN,NaN,NaN,NaN,NaN,NaN,NaN,NaN
2,NaN,NaN,NaN,NaN,NaN,NaN,NaN,NaN
3,NaN,NaN,NaN,NaN,NaN,NaN,NaN,NaN
4,NaN,NaN,NaN,NaN,NaN,NaN,NaN,NaN
5,NaN,NaN,NaN,NaN,NaN,NaN,NaN,NaN
6,NaN,NaN,NaN,NaN,NaN,NaN,NaN,NaN
7,NaN,NaN,NaN,NaN,NaN,NaN,NaN,NaN
8,NaN,NaN,NaN,NaN,NaN,NaN,NaN,NaN
9,NaN,NaN,NaN,NaN,NaN,NaN,NaN,NaN
10,NaN,NaN,NaN,NaN,NaN,NaN,NaN,NaN
11,NaN,NaN,NaN,NaN,NaN,NaN,NaN,NaN
1,NaN,NaN,NaN,NaN,NaN,NaN,NaN,NaN
2,NaN,NaN,NaN,NaN,NaN,NaN,NaN,NaN
3,NaN,NaN,NaN,NaN,NaN,NaN,NaN,NaN
4,NaN,NaN,NaN,NaN,NaN,NaN,NaN,NaN
5,NaN,NaN,NaN,NaN,NaN,NaN,NaN,NaN
6,NaN,NaN,NaN,NaN,NaN,NaN,NaN,NaN
7,NaN,NaN,NaN,NaN,NaN,NaN,NaN,NaN
8,NaN,NaN,NaN,NaN,NaN,NaN,NaN,NaN
9,NaN,NaN,NaN,NaN,NaN,NaN,NaN,NaN
10,NaN,NaN,NaN,NaN,NaN,NaN,NaN,NaN
11,NaN,NaN,NaN,NaN,NaN,NaN,NaN,NaN
1,NaN,NaN,NaN,NaN,NaN,NaN,NaN,NaN
2,NaN,NaN,NaN,NaN,NaN,NaN,NaN,NaN
3,NaN,NaN,NaN,NaN,NaN,NaN,NaN,NaN
4,NaN,NaN,NaN,NaN,NaN,NaN,NaN,NaN
5,NaN,NaN,NaN,NaN,NaN,NaN,NaN,NaN
6,NaN,NaN,NaN,NaN,NaN,NaN,NaN,NaN
7,NaN,NaN,NaN,NaN,NaN,NaN,NaN,NaN
8,NaN,NaN,NaN,NaN,NaN,NaN,NaN,NaN
9,NaN,NaN,NaN,NaN,NaN,NaN,NaN,NaN
10,NaN,NaN,NaN,NaN,NaN,NaN,NaN,NaN
11,NaN,NaN,NaN,NaN,NaN,NaN,NaN,NaN
1,NaN,NaN,NaN,NaN,NaN,NaN,NaN,NaN
2,NaN,NaN,NaN,NaN,NaN,NaN,NaN,NaN
3,NaN,NaN,NaN,NaN,NaN,NaN,NaN,NaN
4,NaN,NaN,NaN,NaN,NaN,NaN,NaN,NaN
5,NaN,NaN,NaN,NaN,NaN,NaN,NaN,NaN
6,NaN,NaN,NaN,NaN,NaN,NaN,NaN,NaN
7,NaN,NaN,NaN,NaN,NaN,NaN,NaN,NaN
8,NaN,NaN,NaN,NaN,NaN,NaN,NaN,NaN
9,NaN,NaN,NaN,NaN,NaN,NaN,NaN,NaN
10,NaN,NaN,NaN,NaN,NaN,NaN,NaN,NaN
11,NaN,NaN,NaN,NaN,NaN,NaN,NaN,NaN
1,NaN,NaN,NaN,NaN,NaN,NaN,NaN,NaN
2,NaN,NaN,NaN,NaN,NaN,NaN,NaN,NaN
3,NaN,NaN,NaN,NaN,NaN,NaN,NaN,NaN
4,NaN,NaN,NaN,NaN,NaN,NaN,NaN,NaN
5,NaN,NaN,NaN,NaN,NaN,NaN,NaN,NaN
6,NaN,NaN,NaN,NaN,NaN,NaN,NaN,NaN
7,NaN,NaN,NaN,NaN,NaN,NaN,NaN,NaN
8,NaN,NaN,NaN,NaN,NaN,NaN,NaN,NaN
9,NaN,NaN,NaN,NaN,NaN,NaN,NaN,NaN
10,NaN,NaN,NaN,NaN,NaN,NaN,NaN,NaN
11,NaN,NaN,NaN,NaN,NaN,NaN,NaN,NaN
1,NaN,NaN,NaN,NaN,NaN,NaN,NaN,NaN
2,NaN,NaN,NaN,NaN,NaN,NaN,NaN,NaN
3,NaN,NaN,NaN,NaN,NaN,NaN,NaN,NaN
4,NaN,NaN,NaN,NaN,NaN,NaN,NaN,NaN
5,NaN,NaN,NaN,NaN,NaN,NaN,NaN,NaN
6,NaN,NaN,NaN,NaN,NaN,NaN,NaN,NaN
7,NaN,NaN,NaN,NaN,NaN,NaN,NaN,NaN
8,NaN,NaN,NaN,NaN,NaN,NaN,NaN,NaN
9,NaN,NaN,NaN,NaN,NaN,NaN,NaN,NaN
10,NaN,NaN,NaN,NaN,NaN,NaN,NaN,NaN
11,NaN,NaN,NaN,NaN,NaN,NaN,NaN,NaN
1,NaN,NaN,NaN,NaN,NaN,NaN,NaN,NaN
2,NaN,NaN,NaN,NaN,NaN,NaN,NaN,NaN
3,NaN,NaN,NaN,NaN,NaN,NaN,NaN,NaN
4,NaN,NaN,NaN,NaN,NaN,NaN,NaN,NaN
5,NaN,NaN,NaN,NaN,NaN,NaN,NaN,NaN
6,NaN,NaN,NaN,NaN,NaN,NaN,NaN,NaN
7,NaN,NaN,NaN,NaN,NaN,NaN,NaN,NaN
8,NaN,NaN,NaN,NaN,NaN,NaN,NaN,NaN
9,NaN,NaN,NaN,NaN,NaN,NaN,NaN,NaN
10,NaN,NaN,NaN,NaN,NaN,NaN,NaN,NaN
11,NaN,NaN,NaN,NaN,NaN,NaN,NaN,NaN
1,NaN,NaN,NaN,NaN,NaN,NaN,NaN,NaN
2,NaN,NaN,NaN,NaN,NaN,NaN,NaN,NaN
3,NaN,NaN,NaN,NaN,NaN,NaN,NaN,NaN
4,NaN,NaN,NaN,NaN,NaN,NaN,NaN,NaN
5,NaN,NaN,NaN,NaN,NaN,NaN,NaN,NaN
6,NaN,NaN,NaN,NaN,NaN,NaN,NaN,NaN
7,NaN,NaN,NaN,NaN,NaN,NaN,NaN,NaN
8,NaN,NaN,NaN,NaN,NaN,NaN,NaN,NaN
9,NaN,NaN,NaN,NaN,NaN,NaN,NaN,NaN
10,NaN,NaN,NaN,NaN,NaN,NaN,NaN,NaN
11,NaN,NaN,NaN,NaN,NaN,NaN,NaN,NaN
1,NaN,NaN,NaN,NaN,NaN,NaN,NaN,NaN
2,NaN,NaN,NaN,NaN,NaN,NaN,NaN,NaN
3,NaN,NaN,NaN,NaN,NaN,NaN,NaN,NaN
4,NaN,NaN,NaN,NaN,NaN,NaN,NaN,NaN
5,NaN,NaN,NaN,NaN,NaN,NaN,NaN,NaN
6,NaN,NaN,NaN,NaN,NaN,NaN,NaN,NaN
7,NaN,NaN,NaN,NaN,NaN,NaN,NaN,NaN
8,NaN,NaN,NaN,NaN,NaN,NaN,NaN,NaN
9,NaN,NaN,NaN,NaN,NaN,NaN,NaN,NaN
10,NaN,NaN,NaN,NaN,NaN,NaN,NaN,NaN
11,NaN,NaN,NaN,NaN,NaN,NaN,NaN,NaN
1,NaN,NaN,NaN,NaN,NaN,NaN,NaN,NaN
2,NaN,NaN,NaN,NaN,NaN,NaN,NaN,NaN
3,NaN,NaN,NaN,NaN,NaN,NaN,NaN,NaN
4,NaN,NaN,NaN,NaN,NaN,NaN,NaN,NaN
5,NaN,NaN,NaN,NaN,NaN,NaN,NaN,NaN
6,NaN,NaN,NaN,NaN,NaN,NaN,NaN,NaN
7,NaN,NaN,NaN,NaN,NaN,NaN,NaN,NaN
8,NaN,NaN,NaN,NaN,NaN,NaN,NaN,NaN
9,NaN,NaN,NaN,NaN,NaN,NaN,NaN,NaN
10,NaN,NaN,NaN,NaN,NaN,NaN,NaN,NaN
11,NaN,NaN,NaN,NaN,NaN,NaN,NaN,NaN
1,NaN,NaN,NaN,NaN,NaN,NaN,NaN,NaN
2,NaN,NaN,NaN,NaN,NaN,NaN,NaN,NaN
3,NaN,NaN,NaN,NaN,NaN,NaN,NaN,NaN
4,NaN,NaN,NaN,NaN,NaN,NaN,NaN,NaN
5,NaN,NaN,NaN,NaN,NaN,NaN,NaN,NaN
6,NaN,NaN,NaN,NaN,NaN,NaN,NaN,NaN
7,NaN,NaN,NaN,NaN,NaN,NaN,NaN,NaN
8,NaN,NaN,NaN,NaN,NaN,NaN,NaN,NaN
9,NaN,NaN,NaN,NaN,NaN,NaN,NaN,NaN
10,NaN,NaN,NaN,NaN,NaN,NaN,NaN,NaN
11,NaN,NaN,NaN,NaN,NaN,NaN,NaN,NaN
1,NaN,NaN,NaN,NaN,NaN,NaN,NaN,NaN
2,NaN,NaN,NaN,NaN,NaN,NaN,NaN,NaN
3,NaN,NaN,NaN,NaN,NaN,NaN,NaN,NaN
4,NaN,NaN,NaN,NaN,NaN,NaN,NaN,NaN
5,NaN,NaN,NaN,NaN,NaN,NaN,NaN,NaN
6,NaN,NaN,NaN,NaN,NaN,NaN,NaN,NaN
7,NaN,NaN,NaN,NaN,NaN,NaN,NaN,NaN
8,NaN,NaN,NaN,NaN,NaN,NaN,NaN,NaN
9,NaN,NaN,NaN,NaN,NaN,NaN,NaN,NaN
10,NaN,NaN,NaN,NaN,NaN,NaN,NaN,NaN
11,NaN,NaN,NaN,NaN,NaN,NaN,NaN,NaN
1,NaN,NaN,NaN,NaN,NaN,NaN,NaN,NaN
2,NaN,NaN,NaN,NaN,NaN,NaN,NaN,NaN
3,NaN,NaN,NaN,NaN,NaN,NaN,NaN,NaN
4,NaN,NaN,NaN,NaN,NaN,NaN,NaN,NaN
5,NaN,NaN,NaN,NaN,NaN,NaN,NaN,NaN
6,NaN,NaN,NaN,NaN,NaN,NaN,NaN,NaN
7,NaN,NaN,NaN,NaN,NaN,NaN,NaN,NaN
8,NaN,NaN,NaN,NaN,NaN,NaN,NaN,NaN
9,NaN,NaN,NaN,NaN,NaN,NaN,NaN,NaN
10,NaN,NaN,NaN,NaN,NaN,NaN,NaN,NaN
11,NaN,NaN,NaN,NaN,NaN,NaN,NaN,NaN
1,NaN,NaN,NaN,NaN,NaN,NaN,NaN,NaN
2,NaN,NaN,NaN,NaN,NaN,NaN,NaN,NaN
3,NaN,NaN,NaN,NaN,NaN,NaN,NaN,NaN
4,NaN,NaN,NaN,NaN,NaN,NaN,NaN,NaN
5,NaN,NaN,NaN,NaN,NaN,NaN,NaN,NaN
6,NaN,NaN,NaN,NaN,NaN,NaN,NaN,NaN
7,NaN,NaN,NaN,NaN,NaN,NaN,NaN,NaN
8,NaN,NaN,NaN,NaN,NaN,NaN,NaN,NaN
9,NaN,NaN,NaN,NaN,NaN,NaN,NaN,NaN
10,NaN,NaN,NaN,NaN,NaN,NaN,NaN,NaN
11,NaN,NaN,NaN,NaN,NaN,NaN,NaN,NaN
1,NaN,NaN,NaN,NaN,NaN,NaN,NaN,NaN
2,NaN,NaN,NaN,NaN,NaN,NaN,NaN,NaN
3,NaN,NaN,NaN,NaN,NaN,NaN,NaN,NaN
4,NaN,NaN,NaN,NaN,NaN,NaN,NaN,NaN
5,NaN,NaN,NaN,NaN,NaN,NaN,NaN,NaN
6,NaN,NaN,NaN,NaN,NaN,NaN,NaN,NaN
7,NaN,NaN,NaN,NaN,NaN,NaN,NaN,NaN
8,NaN,NaN,NaN,NaN,NaN,NaN,NaN,NaN
9,NaN,NaN,NaN,NaN,NaN,NaN,NaN,NaN
10,NaN,NaN,NaN,NaN,NaN,NaN,NaN,NaN
11,NaN,NaN,NaN,NaN,NaN,NaN,NaN,NaN
1,NaN,NaN,NaN,NaN,NaN,NaN,NaN,NaN
2,NaN,NaN,NaN,NaN,NaN,NaN,NaN,NaN
3,NaN,NaN,NaN,NaN,NaN,NaN,NaN,NaN
4,NaN,NaN,NaN,NaN,NaN,NaN,NaN,NaN
5,NaN,NaN,NaN,NaN,NaN,NaN,NaN,NaN
6,NaN,NaN,NaN,NaN,NaN,NaN,NaN,NaN
7,NaN,NaN,NaN,NaN,NaN,NaN,NaN,NaN
8,NaN,NaN,NaN,NaN,NaN,NaN,NaN,NaN
9,NaN,NaN,NaN,NaN,NaN,NaN,NaN,NaN
10,NaN,NaN,NaN,NaN,NaN,NaN,NaN,NaN
11,NaN,NaN,NaN,NaN,NaN,NaN,NaN,NaN
1,NaN,NaN,NaN,NaN,NaN,NaN,NaN,NaN
2,NaN,NaN,NaN,NaN,NaN,NaN,NaN,NaN
3,NaN,NaN,NaN,NaN,NaN,NaN,NaN,NaN
4,NaN,NaN,NaN,NaN,NaN,NaN,NaN,NaN
5,NaN,NaN,NaN,NaN,NaN,NaN,NaN,NaN
6,NaN,NaN,NaN,NaN,NaN,NaN,NaN,NaN
7,NaN,NaN,NaN,NaN,NaN,NaN,NaN,NaN
8,NaN,NaN,NaN,NaN,NaN,NaN,NaN,NaN
9,NaN,NaN,NaN,NaN,NaN,NaN,NaN,NaN
10,NaN,NaN,NaN,NaN,NaN,NaN,NaN,NaN
11,NaN,NaN,NaN,NaN,NaN,NaN,NaN,NaN
1,NaN,NaN,NaN,NaN,NaN,NaN,NaN,NaN
2,NaN,NaN,NaN,NaN,NaN,NaN,NaN,NaN
3,NaN,NaN,NaN,NaN,NaN,NaN,NaN,NaN
4,NaN,NaN,NaN,NaN,NaN,NaN,NaN,NaN
5,NaN,NaN,NaN,NaN,NaN,NaN,NaN,NaN
6,NaN,NaN,NaN,NaN,NaN,NaN,NaN,NaN
7,NaN,NaN,NaN,NaN,NaN,NaN,NaN,NaN
8,NaN,NaN,NaN,NaN,NaN,NaN,NaN,NaN
9,NaN,NaN,NaN,NaN,NaN,NaN,NaN,NaN
10,NaN,NaN,NaN,NaN,NaN,NaN,NaN,NaN
11,NaN,NaN,NaN,NaN,NaN,NaN,NaN,NaN
1,NaN,NaN,NaN,NaN,NaN,NaN,NaN,NaN
2,NaN,NaN,NaN,NaN,NaN,NaN,NaN,NaN
3,NaN,NaN,NaN,NaN,NaN,NaN,NaN,NaN
4,NaN,NaN,NaN,NaN,NaN,NaN,NaN,NaN
5,NaN,NaN,NaN,NaN,NaN,NaN,NaN,NaN
6,NaN,NaN,NaN,NaN,NaN,NaN,NaN,NaN
7,NaN,NaN,NaN,NaN,NaN,NaN,NaN,NaN
8,NaN,NaN,NaN,NaN,NaN,NaN,NaN,NaN
9,NaN,NaN,NaN,NaN,NaN,NaN,NaN,NaN
10,NaN,NaN,NaN,NaN,NaN,NaN,NaN,NaN
11,NaN,NaN,NaN,NaN,NaN,NaN,NaN,NaN
1,NaN,NaN,NaN,NaN,NaN,NaN,NaN,NaN
2,NaN,NaN,NaN,NaN,NaN,NaN,NaN,NaN
3,NaN,NaN,NaN,NaN,NaN,NaN,NaN,NaN
4,NaN,NaN,NaN,NaN,NaN,NaN,NaN,NaN
5,NaN,NaN,NaN,NaN,NaN,NaN,NaN,NaN
6,NaN,NaN,NaN,NaN,NaN,NaN,NaN,NaN
7,NaN,NaN,NaN,NaN,NaN,NaN,NaN,NaN
8,NaN,NaN,NaN,NaN,NaN,NaN,NaN,NaN
9,NaN,NaN,NaN,NaN,NaN,NaN,NaN,NaN
10,NaN,NaN,NaN,NaN,NaN,NaN,NaN,NaN
11,NaN,NaN,NaN,NaN,NaN,NaN,NaN,NaN
1,NaN,NaN,NaN,NaN,NaN,NaN,NaN,NaN
2,NaN,NaN,NaN,NaN,NaN,NaN,NaN,NaN
3,NaN,NaN,NaN,NaN,NaN,NaN,NaN,NaN
4,NaN,NaN,NaN,NaN,NaN,NaN,NaN,NaN
5,NaN,NaN,NaN,NaN,NaN,NaN,NaN,NaN
6,NaN,NaN,NaN,NaN,NaN,NaN,NaN,NaN
7,NaN,NaN,NaN,NaN,NaN,NaN,NaN,NaN
8,NaN,NaN,NaN,NaN,NaN,NaN,NaN,NaN
9,NaN,NaN,NaN,NaN,NaN,NaN,NaN,NaN
10,NaN,NaN,NaN,NaN,NaN,NaN,NaN,NaN
11,NaN,NaN,NaN,NaN,NaN,NaN,NaN,NaN
1,NaN,NaN,NaN,NaN,NaN,NaN,NaN,NaN
2,NaN,NaN,NaN,NaN,NaN,NaN,NaN,NaN
3,NaN,NaN,NaN,NaN,NaN,NaN,NaN,NaN
4,NaN,NaN,NaN,NaN,NaN,NaN,NaN,NaN
5,NaN,NaN,NaN,NaN,NaN,NaN,NaN,NaN
6,NaN,NaN,NaN,NaN,NaN,NaN,NaN,NaN
7,NaN,NaN,NaN,NaN,NaN,NaN,NaN,NaN
8,NaN,NaN,NaN,NaN,NaN,NaN,NaN,NaN
9,NaN,NaN,NaN,NaN,NaN,NaN,NaN,NaN
10,NaN,NaN,NaN,NaN,NaN,NaN,NaN,NaN
11,NaN,NaN,NaN,NaN,NaN,NaN,NaN,NaN
1,NaN,NaN,NaN,NaN,NaN,NaN,NaN,NaN
2,NaN,NaN,NaN,NaN,NaN,NaN,NaN,NaN
3,NaN,NaN,NaN,NaN,NaN,NaN,NaN,NaN
4,NaN,NaN,NaN,NaN,NaN,NaN,NaN,NaN
5,NaN,NaN,NaN,NaN,NaN,NaN,NaN,NaN
6,NaN,NaN,NaN,NaN,NaN,NaN,NaN,NaN
7,NaN,NaN,NaN,NaN,NaN,NaN,NaN,NaN
8,NaN,NaN,NaN,NaN,NaN,NaN,NaN,NaN
9,NaN,NaN,NaN,NaN,NaN,NaN,NaN,NaN
10,NaN,NaN,NaN,NaN,NaN,NaN,NaN,NaN
11,NaN,NaN,NaN,NaN,NaN,NaN,NaN,NaN
1,NaN,NaN,NaN,NaN,NaN,NaN,NaN,NaN
2,NaN,NaN,NaN,NaN,NaN,NaN,NaN,NaN
3,NaN,NaN,NaN,NaN,NaN,NaN,NaN,NaN
4,NaN,NaN,NaN,NaN,NaN,NaN,NaN,NaN
5,NaN,NaN,NaN,NaN,NaN,NaN,NaN,NaN
6,NaN,NaN,NaN,NaN,NaN,NaN,NaN,NaN
7,NaN,NaN,NaN,NaN,NaN,NaN,NaN,NaN
8,NaN,NaN,NaN,NaN,NaN,NaN,NaN,NaN
9,NaN,NaN,NaN,NaN,NaN,NaN,NaN,NaN
10,NaN,NaN,NaN,NaN,NaN,NaN,NaN,NaN
11,NaN,NaN,NaN,NaN,NaN,NaN,NaN,NaN
1,NaN,NaN,NaN,NaN,NaN,NaN,NaN,NaN
2,NaN,NaN,NaN,NaN,NaN,NaN,NaN,NaN
3,NaN,NaN,NaN,NaN,NaN,NaN,NaN,NaN
4,NaN,NaN,NaN,NaN,NaN,NaN,NaN,NaN
5,NaN,NaN,NaN,NaN,NaN,NaN,NaN,NaN
6,NaN,NaN,NaN,NaN,NaN,NaN,NaN,NaN
7,NaN,NaN,NaN,NaN,NaN,NaN,NaN,NaN
8,NaN,NaN,NaN,NaN,NaN,NaN,NaN,NaN
9,NaN,NaN,NaN,NaN,NaN,NaN,NaN,NaN
10,NaN,NaN,NaN,NaN,NaN,NaN,NaN,NaN
11,NaN,NaN,NaN,NaN,NaN,NaN,NaN,NaN
1,NaN,NaN,NaN,NaN,NaN,NaN,NaN,NaN
2,NaN,NaN,NaN,NaN,NaN,NaN,NaN,NaN
3,NaN,NaN,NaN,NaN,NaN,NaN,NaN,NaN
4,NaN,NaN,NaN,NaN,NaN,NaN,NaN,NaN
5,NaN,NaN,NaN,NaN,NaN,NaN,NaN,NaN
6,NaN,NaN,NaN,NaN,NaN,NaN,NaN,NaN
7,NaN,NaN,NaN,NaN,NaN,NaN,NaN,NaN
8,NaN,NaN,NaN,NaN,NaN,NaN,NaN,NaN
9,NaN,NaN,NaN,NaN,NaN,NaN,NaN,NaN
10,NaN,NaN,NaN,NaN,NaN,NaN,NaN,NaN
11,NaN,NaN,NaN,NaN,NaN,NaN,NaN,NaN
1,NaN,NaN,NaN,NaN,NaN,NaN,NaN,NaN
2,NaN,NaN,NaN,NaN,NaN,NaN,NaN,NaN
3,NaN,NaN,NaN,NaN,NaN,NaN,NaN,NaN
4,NaN,NaN,NaN,NaN,NaN,NaN,NaN,NaN
5,NaN,NaN,NaN,NaN,NaN,NaN,NaN,NaN
6,NaN,NaN,NaN,NaN,NaN,NaN,NaN,NaN
7,NaN,NaN,NaN,NaN,NaN,NaN,NaN,NaN
8,NaN,NaN,NaN,NaN,NaN,NaN,NaN,NaN
9,NaN,NaN,NaN,NaN,NaN,NaN,NaN,NaN
10,NaN,NaN,NaN,NaN,NaN,NaN,NaN,NaN
11,NaN,NaN,NaN,NaN,NaN,NaN,NaN,NaN
1,NaN,NaN,NaN,NaN,NaN,NaN,NaN,NaN
2,NaN,NaN,NaN,NaN,NaN,NaN,NaN,NaN
3,NaN,NaN,NaN,NaN,NaN,NaN,NaN,NaN
4,NaN,NaN,NaN,NaN,NaN,NaN,NaN,NaN
5,NaN,NaN,NaN,NaN,NaN,NaN,NaN,NaN
6,NaN,NaN,NaN,NaN,NaN,NaN,NaN,NaN
7,NaN,NaN,NaN,NaN,NaN,NaN,NaN,NaN
8,NaN,NaN,NaN,NaN,NaN,NaN,NaN,NaN
9,NaN,NaN,NaN,NaN,NaN,NaN,NaN,NaN
10,NaN,NaN,NaN,NaN,NaN,NaN,NaN,NaN
11,NaN,NaN,NaN,NaN,NaN,NaN,NaN,NaN
1,NaN,NaN,NaN,NaN,NaN,NaN,NaN,NaN
2,NaN,NaN,NaN,NaN,NaN,NaN,NaN,NaN
3,NaN,NaN,NaN,NaN,NaN,NaN,NaN,NaN
4,NaN,NaN,NaN,NaN,NaN,NaN,NaN,NaN
5,NaN,NaN,NaN,NaN,NaN,NaN,NaN,NaN
6,NaN,NaN,NaN,NaN,NaN,NaN,NaN,NaN
7,NaN,NaN,NaN,NaN,NaN,NaN,NaN,NaN
8,NaN,NaN,NaN,NaN,NaN,NaN,NaN,NaN
9,NaN,NaN,NaN,NaN,NaN,NaN,NaN,NaN
10,NaN,NaN,NaN,NaN,NaN,NaN,NaN,NaN
11,NaN,NaN,NaN,NaN,NaN,NaN,NaN,NaN
1,NaN,NaN,NaN,NaN,NaN,NaN,NaN,NaN
2,NaN,NaN,NaN,NaN,NaN,NaN,NaN,NaN
3,NaN,NaN,NaN,NaN,NaN,NaN,NaN,NaN
4,NaN,NaN,NaN,NaN,NaN,NaN,NaN,NaN
5,NaN,NaN,NaN,NaN,NaN,NaN,NaN,NaN
6,NaN,NaN,NaN,NaN,NaN,NaN,NaN,NaN
7,NaN,NaN,NaN,NaN,NaN,NaN,NaN,NaN
8,NaN,NaN,NaN,NaN,NaN,NaN,NaN,NaN
9,NaN,NaN,NaN,NaN,NaN,NaN,NaN,NaN
10,NaN,NaN,NaN,NaN,NaN,NaN,NaN,NaN
11,NaN,NaN,NaN,NaN,NaN,NaN,NaN,NaN
1,NaN,NaN,NaN,NaN,NaN,NaN,NaN,NaN
2,NaN,NaN,NaN,NaN,NaN,NaN,NaN,NaN
3,NaN,NaN,NaN,NaN,NaN,NaN,NaN,NaN
4,NaN,NaN,NaN,NaN,NaN,NaN,NaN,NaN
5,NaN,NaN,NaN,NaN,NaN,NaN,NaN,NaN
6,NaN,NaN,NaN,NaN,NaN,NaN,NaN,NaN
7,NaN,NaN,NaN,NaN,NaN,NaN,NaN,NaN
8,NaN,NaN,NaN,NaN,NaN,NaN,NaN,NaN
9,NaN,NaN,NaN,NaN,NaN,NaN,NaN,NaN
10,NaN,NaN,NaN,NaN,NaN,NaN,NaN,NaN
11,NaN,NaN,NaN,NaN,NaN,NaN,NaN,NaN
1,NaN,NaN,NaN,NaN,NaN,NaN,NaN,NaN
2,NaN,NaN,NaN,NaN,NaN,NaN,NaN,NaN
3,NaN,NaN,NaN,NaN,NaN,NaN,NaN,NaN
4,NaN,NaN,NaN,NaN,NaN,NaN,NaN,NaN
5,NaN,NaN,NaN,NaN,NaN,NaN,NaN,NaN
6,NaN,NaN,NaN,NaN,NaN,NaN,NaN,NaN
7,NaN,NaN,NaN,NaN,NaN,NaN,NaN,NaN
8,NaN,NaN,NaN,NaN,NaN,NaN,NaN,NaN
9,NaN,NaN,NaN,NaN,NaN,NaN,NaN,NaN
10,NaN,NaN,NaN,NaN,NaN,NaN,NaN,NaN
11,NaN,NaN,NaN,NaN,NaN,NaN,NaN,NaN
1,NaN,NaN,NaN,NaN,NaN,NaN,NaN,NaN
2,NaN,NaN,NaN,NaN,NaN,NaN,NaN,NaN
3,NaN,NaN,NaN,NaN,NaN,NaN,NaN,NaN
4,NaN,NaN,NaN,NaN,NaN,NaN,NaN,NaN
5,NaN,NaN,NaN,NaN,NaN,NaN,NaN,NaN
6,NaN,NaN,NaN,NaN,NaN,NaN,NaN,NaN
7,NaN,NaN,NaN,NaN,NaN,NaN,NaN,NaN
8,NaN,NaN,NaN,NaN,NaN,NaN,NaN,NaN
9,NaN,NaN,NaN,NaN,NaN,NaN,NaN,NaN
10,NaN,NaN,NaN,NaN,NaN,NaN,NaN,NaN
11,NaN,NaN,NaN,NaN,NaN,NaN,NaN,NaN
1,NaN,NaN,NaN,NaN,NaN,NaN,NaN,NaN
2,NaN,NaN,NaN,NaN,NaN,NaN,NaN,NaN
3,NaN,NaN,NaN,NaN,NaN,NaN,NaN,NaN
4,NaN,NaN,NaN,NaN,NaN,NaN,NaN,NaN
5,NaN,NaN,NaN,NaN,NaN,NaN,NaN,NaN
6,NaN,NaN,NaN,NaN,NaN,NaN,NaN,NaN
7,NaN,NaN,NaN,NaN,NaN,NaN,NaN,NaN
8,NaN,NaN,NaN,NaN,NaN,NaN,NaN,NaN
9,NaN,NaN,NaN,NaN,NaN,NaN,NaN,NaN
10,NaN,NaN,NaN,NaN,NaN,NaN,NaN,NaN
11,NaN,NaN,NaN,NaN,NaN,NaN,NaN,NaN
1,NaN,NaN,NaN,NaN,NaN,NaN,NaN,NaN
2,NaN,NaN,NaN,NaN,NaN,NaN,NaN,NaN
3,NaN,NaN,NaN,NaN,NaN,NaN,NaN,NaN
4,NaN,NaN,NaN,NaN,NaN,NaN,NaN,NaN
5,NaN,NaN,NaN,NaN,NaN,NaN,NaN,NaN
6,NaN,NaN,NaN,NaN,NaN,NaN,NaN,NaN
7,NaN,NaN,NaN,NaN,NaN,NaN,NaN,NaN
8,NaN,NaN,NaN,NaN,NaN,NaN,NaN,NaN
9,NaN,NaN,NaN,NaN,NaN,NaN,NaN,NaN
10,NaN,NaN,NaN,NaN,NaN,NaN,NaN,NaN
11,NaN,NaN,NaN,NaN,NaN,NaN,NaN,NaN
1,NaN,NaN,NaN,NaN,NaN,NaN,NaN,NaN
2,NaN,NaN,NaN,NaN,NaN,NaN,NaN,NaN
3,NaN,NaN,NaN,NaN,NaN,NaN,NaN,NaN
4,NaN,NaN,NaN,NaN,NaN,NaN,NaN,NaN
5,NaN,NaN,NaN,NaN,NaN,NaN,NaN,NaN
6,NaN,NaN,NaN,NaN,NaN,NaN,NaN,NaN
7,NaN,NaN,NaN,NaN,NaN,NaN,NaN,NaN
8,NaN,NaN,NaN,NaN,NaN,NaN,NaN,NaN
9,NaN,NaN,NaN,NaN,NaN,NaN,NaN,NaN
10,NaN,NaN,NaN,NaN,NaN,NaN,NaN,NaN
11,NaN,NaN,NaN,NaN,NaN,NaN,NaN,NaN
1,NaN,NaN,NaN,NaN,NaN,NaN,NaN,NaN
2,NaN,NaN,NaN,NaN,NaN,NaN,NaN,NaN
3,NaN,NaN,NaN,NaN,NaN,NaN,NaN,NaN
4,NaN,NaN,NaN,NaN,NaN,NaN,NaN,NaN
5,NaN,NaN,NaN,NaN,NaN,NaN,NaN,NaN
6,NaN,NaN,NaN,NaN,NaN,NaN,NaN,NaN
7,NaN,NaN,NaN,NaN,NaN,NaN,NaN,NaN
8,NaN,NaN,NaN,NaN,NaN,NaN,NaN,NaN
9,NaN,NaN,NaN,NaN,NaN,NaN,NaN,NaN
10,NaN,NaN,NaN,NaN,NaN,NaN,NaN,NaN
11,NaN,NaN,NaN,NaN,NaN,NaN,NaN,NaN
1,NaN,NaN,NaN,NaN,NaN,NaN,NaN,NaN
2,NaN,NaN,NaN,NaN,NaN,NaN,NaN,NaN
3,NaN,NaN,NaN,NaN,NaN,NaN,NaN,NaN
4,NaN,NaN,NaN,NaN,NaN,NaN,NaN,NaN
5,NaN,NaN,NaN,NaN,NaN,NaN,NaN,NaN
6,NaN,NaN,NaN,NaN,NaN,NaN,NaN,NaN
7,NaN,NaN,NaN,NaN,NaN,NaN,NaN,NaN
8,NaN,NaN,NaN,NaN,NaN,NaN,NaN,NaN
9,NaN,NaN,NaN,NaN,NaN,NaN,NaN,NaN
10,NaN,NaN,NaN,NaN,NaN,NaN,NaN,NaN
11,NaN,NaN,NaN,NaN,NaN,NaN,NaN,NaN
1,NaN,NaN,NaN,NaN,NaN,NaN,NaN,NaN
2,NaN,NaN,NaN,NaN,NaN,NaN,NaN,NaN
3,NaN,NaN,NaN,NaN,NaN,NaN,NaN,NaN
4,NaN,NaN,NaN,NaN,NaN,NaN,NaN,NaN
5,NaN,NaN,NaN,NaN,NaN,NaN,NaN,NaN
6,NaN,NaN,NaN,NaN,NaN,NaN,NaN,NaN
7,NaN,NaN,NaN,NaN,NaN,NaN,NaN,NaN
8,NaN,NaN,NaN,NaN,NaN,NaN,NaN,NaN
9,NaN,NaN,NaN,NaN,NaN,NaN,NaN,NaN
10,NaN,NaN,NaN,NaN,NaN,NaN,NaN,NaN
11,NaN,NaN,NaN,NaN,NaN,NaN,NaN,NaN
1,NaN,NaN,NaN,NaN,NaN,NaN,NaN,NaN
2,NaN,NaN,NaN,NaN,NaN,NaN,NaN,NaN
3,NaN,NaN,NaN,NaN,NaN,NaN,NaN,NaN
4,NaN,NaN,NaN,NaN,NaN,NaN,NaN,NaN
5,NaN,NaN,NaN,NaN,NaN,NaN,NaN,NaN
6,NaN,NaN,NaN,NaN,NaN,NaN,NaN,NaN
7,NaN,NaN,NaN,NaN,NaN,NaN,NaN,NaN
8,NaN,NaN,NaN,NaN,NaN,NaN,NaN,NaN
9,NaN,NaN,NaN,NaN,NaN,NaN,NaN,NaN
10,NaN,NaN,NaN,NaN,NaN,NaN,NaN,NaN
11,NaN,NaN,NaN,NaN,NaN,NaN,NaN,NaN
1,NaN,NaN,NaN,NaN,NaN,NaN,NaN,NaN
2,NaN,NaN,NaN,NaN,NaN,NaN,NaN,NaN
3,NaN,NaN,NaN,NaN,NaN,NaN,NaN,NaN
4,NaN,NaN,NaN,NaN,NaN,NaN,NaN,NaN
5,NaN,NaN,NaN,NaN,NaN,NaN,NaN,NaN
6,NaN,NaN,NaN,NaN,NaN,NaN,NaN,NaN
7,NaN,NaN,NaN,NaN,NaN,NaN,NaN,NaN
8,NaN,NaN,NaN,NaN,NaN,NaN,NaN,NaN
9,NaN,NaN,NaN,NaN,NaN,NaN,NaN,NaN
10,NaN,NaN,NaN,NaN,NaN,NaN,NaN,NaN
11,NaN,NaN,NaN,NaN,NaN,NaN,NaN,NaN
1,NaN,NaN,NaN,NaN,NaN,NaN,NaN,NaN
2,NaN,NaN,NaN,NaN,NaN,NaN,NaN,NaN
3,NaN,NaN,NaN,NaN,NaN,NaN,NaN,NaN
4,NaN,NaN,NaN,NaN,NaN,NaN,NaN,NaN
5,NaN,NaN,NaN,NaN,NaN,NaN,NaN,NaN
6,NaN,NaN,NaN,NaN,NaN,NaN,NaN,NaN
7,NaN,NaN,NaN,NaN,NaN,NaN,NaN,NaN
8,NaN,NaN,NaN,NaN,NaN,NaN,NaN,NaN
9,NaN,NaN,NaN,NaN,NaN,NaN,NaN,NaN
10,NaN,NaN,NaN,NaN,NaN,NaN,NaN,NaN
11,NaN,NaN,NaN,NaN,NaN,NaN,NaN,NaN
1,NaN,NaN,NaN,NaN,NaN,NaN,NaN,NaN
2,NaN,NaN,NaN,NaN,NaN,NaN,NaN,NaN
3,NaN,NaN,NaN,NaN,NaN,NaN,NaN,NaN
4,NaN,NaN,NaN,NaN,NaN,NaN,NaN,NaN
5,NaN,NaN,NaN,NaN,NaN,NaN,NaN,NaN
6,NaN,NaN,NaN,NaN,NaN,NaN,NaN,NaN
7,NaN,NaN,NaN,NaN,NaN,NaN,NaN,NaN
8,NaN,NaN,NaN,NaN,NaN,NaN,NaN,NaN
9,NaN,NaN,NaN,NaN,NaN,NaN,NaN,NaN
10,NaN,NaN,NaN,NaN,NaN,NaN,NaN,NaN
11,NaN,NaN,NaN,NaN,NaN,NaN,NaN,NaN
1,NaN,NaN,NaN,NaN,NaN,NaN,NaN,NaN
2,NaN,NaN,NaN,NaN,NaN,NaN,NaN,NaN
3,NaN,NaN,NaN,NaN,NaN,NaN,NaN,NaN
4,NaN,NaN,NaN,NaN,NaN,NaN,NaN,NaN
5,NaN,NaN,NaN,NaN,NaN,NaN,NaN,NaN
6,NaN,NaN,NaN,NaN,NaN,NaN,NaN,NaN
7,NaN,NaN,NaN,NaN,NaN,NaN,NaN,NaN
8,NaN,NaN,NaN,NaN,NaN,NaN,NaN,NaN
9,NaN,NaN,NaN,NaN,NaN,NaN,NaN,NaN
10,NaN,NaN,NaN,NaN,NaN,NaN,NaN,NaN
11,NaN,NaN,NaN,NaN,NaN,NaN,NaN,NaN
1,NaN,NaN,NaN,NaN,NaN,NaN,NaN,NaN
2,NaN,NaN,NaN,NaN,NaN,NaN,NaN,NaN
3,NaN,NaN,NaN,NaN,NaN,NaN,NaN,NaN
4,NaN,NaN,NaN,NaN,NaN,NaN,NaN,NaN
5,NaN,NaN,NaN,NaN,NaN,NaN,NaN,NaN
6,NaN,NaN,NaN,NaN,NaN,NaN,NaN,NaN
7,NaN,NaN,NaN,NaN,NaN,NaN,NaN,NaN
8,NaN,NaN,NaN,NaN,NaN,NaN,NaN,NaN
9,NaN,NaN,NaN,NaN,NaN,NaN,NaN,NaN
10,NaN,NaN,NaN,NaN,NaN,NaN,NaN,NaN
11,NaN,NaN,NaN,NaN,NaN,NaN,NaN,NaN
1,NaN,NaN,NaN,NaN,NaN,NaN,NaN,NaN
2,NaN,NaN,NaN,NaN,NaN,NaN,NaN,NaN
3,NaN,NaN,NaN,NaN,NaN,NaN,NaN,NaN
4,NaN,NaN,NaN,NaN,NaN,NaN,NaN,NaN
5,NaN,NaN,NaN,NaN,NaN,NaN,NaN,NaN
6,NaN,NaN,NaN,NaN,NaN,NaN,NaN,NaN
7,NaN,NaN,NaN,NaN,NaN,NaN,NaN,NaN
8,NaN,NaN,NaN,NaN,NaN,NaN,NaN,NaN
9,NaN,NaN,NaN,NaN,NaN,NaN,NaN,NaN
10,NaN,NaN,NaN,NaN,NaN,NaN,NaN,NaN
11,NaN,NaN,NaN,NaN,NaN,NaN,NaN,NaN
1,NaN,NaN,NaN,NaN,NaN,NaN,NaN,NaN
2,NaN,NaN,NaN,NaN,NaN,NaN,NaN,NaN
3,NaN,NaN,NaN,NaN,NaN,NaN,NaN,NaN
4,NaN,NaN,NaN,NaN,NaN,NaN,NaN,NaN
5,NaN,NaN,NaN,NaN,NaN,NaN,NaN,NaN
6,NaN,NaN,NaN,NaN,NaN,NaN,NaN,NaN
7,NaN,NaN,NaN,NaN,NaN,NaN,NaN,NaN
8,NaN,NaN,NaN,NaN,NaN,NaN,NaN,NaN
9,NaN,NaN,NaN,NaN,NaN,NaN,NaN,NaN
10,NaN,NaN,NaN,NaN,NaN,NaN,NaN,NaN
11,NaN,NaN,NaN,NaN,NaN,NaN,NaN,NaN
1,NaN,NaN,NaN,NaN,NaN,NaN,NaN,NaN
2,NaN,NaN,NaN,NaN,NaN,NaN,NaN,NaN
3,NaN,NaN,NaN,NaN,NaN,NaN,NaN,NaN
4,NaN,NaN,NaN,NaN,NaN,NaN,NaN,NaN
5,NaN,NaN,NaN,NaN,NaN,NaN,NaN,NaN
6,NaN,NaN,NaN,NaN,NaN,NaN,NaN,NaN
7,NaN,NaN,NaN,NaN,NaN,NaN,NaN,NaN
8,NaN,NaN,NaN,NaN,NaN,NaN,NaN,NaN
9,NaN,NaN,NaN,NaN,NaN,NaN,NaN,NaN
10,NaN,NaN,NaN,NaN,NaN,NaN,NaN,NaN
11,NaN,NaN,NaN,NaN,NaN,NaN,NaN,NaN
1,NaN,NaN,NaN,NaN,NaN,NaN,NaN,NaN
2,NaN,NaN,NaN,NaN,NaN,NaN,NaN,NaN
3,NaN,NaN,NaN,NaN,NaN,NaN,NaN,NaN
4,NaN,NaN,NaN,NaN,NaN,NaN,NaN,NaN
5,NaN,NaN,NaN,NaN,NaN,NaN,NaN,NaN
6,NaN,NaN,NaN,NaN,NaN,NaN,NaN,NaN
7,NaN,NaN,NaN,NaN,NaN,NaN,NaN,NaN
8,NaN,NaN,NaN,NaN,NaN,NaN,NaN,NaN
9,NaN,NaN,NaN,NaN,NaN,NaN,NaN,NaN
10,NaN,NaN,NaN,NaN,NaN,NaN,NaN,NaN
11,NaN,NaN,NaN,NaN,NaN,NaN,NaN,NaN
1,NaN,NaN,NaN,NaN,NaN,NaN,NaN,NaN
2,NaN,NaN,NaN,NaN,NaN,NaN,NaN,NaN
3,NaN,NaN,NaN,NaN,NaN,NaN,NaN,NaN
4,NaN,NaN,NaN,NaN,NaN,NaN,NaN,NaN
5,NaN,NaN,NaN,NaN,NaN,NaN,NaN,NaN
6,NaN,NaN,NaN,NaN,NaN,NaN,NaN,NaN
7,NaN,NaN,NaN,NaN,NaN,NaN,NaN,NaN
8,NaN,NaN,NaN,NaN,NaN,NaN,NaN,NaN
9,NaN,NaN,NaN,NaN,NaN,NaN,NaN,NaN
10,NaN,NaN,NaN,NaN,NaN,NaN,NaN,NaN
11,NaN,NaN,NaN,NaN,NaN,NaN,NaN,NaN
1,NaN,NaN,NaN,NaN,NaN,NaN,NaN,NaN
2,NaN,NaN,NaN,NaN,NaN,NaN,NaN,NaN
3,NaN,NaN,NaN,NaN,NaN,NaN,NaN,NaN
4,NaN,NaN,NaN,NaN,NaN,NaN,NaN,NaN
5,NaN,NaN,NaN,NaN,NaN,NaN,NaN,NaN
6,NaN,NaN,NaN,NaN,NaN,NaN,NaN,NaN
7,NaN,NaN,NaN,NaN,NaN,NaN,NaN,NaN
8,NaN,NaN,NaN,NaN,NaN,NaN,NaN,NaN
9,NaN,NaN,NaN,NaN,NaN,NaN,NaN,NaN
10,NaN,NaN,NaN,NaN,NaN,NaN,NaN,NaN
11,NaN,NaN,NaN,NaN,NaN,NaN,NaN,NaN
1,NaN,NaN,NaN,NaN,NaN,NaN,NaN,NaN
2,NaN,NaN,NaN,NaN,NaN,NaN,NaN,NaN
3,NaN,NaN,NaN,NaN,NaN,NaN,NaN,NaN
4,NaN,NaN,NaN,NaN,NaN,NaN,NaN,NaN
5,NaN,NaN,NaN,NaN,NaN,NaN,NaN,NaN
6,NaN,NaN,NaN,NaN,NaN,NaN,NaN,NaN
7,NaN,NaN,NaN,NaN,NaN,NaN,NaN,NaN
8,NaN,NaN,NaN,NaN,NaN,NaN,NaN,NaN
9,NaN,NaN,NaN,NaN,NaN,NaN,NaN,NaN
10,NaN,NaN,NaN,NaN,NaN,NaN,NaN,NaN
11,NaN,NaN,NaN,NaN,NaN,NaN,NaN,NaN
1,NaN,NaN,NaN,NaN,NaN,NaN,NaN,NaN
2,NaN,NaN,NaN,NaN,NaN,NaN,NaN,NaN
3,NaN,NaN,NaN,NaN,NaN,NaN,NaN,NaN
4,NaN,NaN,NaN,NaN,NaN,NaN,NaN,NaN
5,NaN,NaN,NaN,NaN,NaN,NaN,NaN,NaN
6,NaN,NaN,NaN,NaN,NaN,NaN,NaN,NaN
7,NaN,NaN,NaN,NaN,NaN,NaN,NaN,NaN
8,NaN,NaN,NaN,NaN,NaN,NaN,NaN,NaN
9,NaN,NaN,NaN,NaN,NaN,NaN,NaN,NaN
10,NaN,NaN,NaN,NaN,NaN,NaN,NaN,NaN
11,NaN,NaN,NaN,NaN,NaN,NaN,NaN,NaN
1,NaN,NaN,NaN,NaN,NaN,NaN,NaN,NaN
2,NaN,NaN,NaN,NaN,NaN,NaN,NaN,NaN
3,NaN,NaN,NaN,NaN,NaN,NaN,NaN,NaN
4,NaN,NaN,NaN,NaN,NaN,NaN,NaN,NaN
5,NaN,NaN,NaN,NaN,NaN,NaN,NaN,NaN
6,NaN,NaN,NaN,NaN,NaN,NaN,NaN,NaN
7,NaN,NaN,NaN,NaN,NaN,NaN,NaN,NaN
8,NaN,NaN,NaN,NaN,NaN,NaN,NaN,NaN
9,NaN,NaN,NaN,NaN,NaN,NaN,NaN,NaN
10,NaN,NaN,NaN,NaN,NaN,NaN,NaN,NaN
11,NaN,NaN,NaN,NaN,NaN,NaN,NaN,NaN
1,NaN,NaN,NaN,NaN,NaN,NaN,NaN,NaN
2,NaN,NaN,NaN,NaN,NaN,NaN,NaN,NaN
3,NaN,NaN,NaN,NaN,NaN,NaN,NaN,NaN
4,NaN,NaN,NaN,NaN,NaN,NaN,NaN,NaN
5,NaN,NaN,NaN,NaN,NaN,NaN,NaN,NaN
6,NaN,NaN,NaN,NaN,NaN,NaN,NaN,NaN
7,NaN,NaN,NaN,NaN,NaN,NaN,NaN,NaN
8,NaN,NaN,NaN,NaN,NaN,NaN,NaN,NaN
9,NaN,NaN,NaN,NaN,NaN,NaN,NaN,NaN
10,NaN,NaN,NaN,NaN,NaN,NaN,NaN,NaN
11,NaN,NaN,NaN,NaN,NaN,NaN,NaN,NaN
1,NaN,NaN,NaN,NaN,NaN,NaN,NaN,NaN
2,NaN,NaN,NaN,NaN,NaN,NaN,NaN,NaN
3,NaN,NaN,NaN,NaN,NaN,NaN,NaN,NaN
4,NaN,NaN,NaN,NaN,NaN,NaN,NaN,NaN
5,NaN,NaN,NaN,NaN,NaN,NaN,NaN,NaN
6,NaN,NaN,NaN,NaN,NaN,NaN,NaN,NaN
7,NaN,NaN,NaN,NaN,NaN,NaN,NaN,NaN
8,NaN,NaN,NaN,NaN,NaN,NaN,NaN,NaN
9,NaN,NaN,NaN,NaN,NaN,NaN,NaN,NaN
10,NaN,NaN,NaN,NaN,NaN,NaN,NaN,NaN
11,NaN,NaN,NaN,NaN,NaN,NaN,NaN,NaN
1,NaN,NaN,NaN,NaN,NaN,NaN,NaN,NaN
2,NaN,NaN,NaN,NaN,NaN,NaN,NaN,NaN
3,NaN,NaN,NaN,NaN,NaN,NaN,NaN,NaN
4,NaN,NaN,NaN,NaN,NaN,NaN,NaN,NaN
5,NaN,NaN,NaN,NaN,NaN,NaN,NaN,NaN
6,NaN,NaN,NaN,NaN,NaN,NaN,NaN,NaN
7,NaN,NaN,NaN,NaN,NaN,NaN,NaN,NaN
8,NaN,NaN,NaN,NaN,NaN,NaN,NaN,NaN
9,NaN,NaN,NaN,NaN,NaN,NaN,NaN,NaN
10,NaN,NaN,NaN,NaN,NaN,NaN,NaN,NaN
11,NaN,NaN,NaN,NaN,NaN,NaN,NaN,NaN
1,NaN,NaN,NaN,NaN,NaN,NaN,NaN,NaN
2,NaN,NaN,NaN,NaN,NaN,NaN,NaN,NaN
3,NaN,NaN,NaN,NaN,NaN,NaN,NaN,NaN
4,NaN,NaN,NaN,NaN,NaN,NaN,NaN,NaN
5,NaN,NaN,NaN,NaN,NaN,NaN,NaN,NaN
6,NaN,NaN,NaN,NaN,NaN,NaN,NaN,NaN
7,NaN,NaN,NaN,NaN,NaN,NaN,NaN,NaN
8,NaN,NaN,NaN,NaN,NaN,NaN,NaN,NaN
9,NaN,NaN,NaN,NaN,NaN,NaN,NaN,NaN
10,NaN,NaN,NaN,NaN,NaN,NaN,NaN,NaN
11,NaN,NaN,NaN,NaN,NaN,NaN,NaN,NaN
1,NaN,NaN,NaN,NaN,NaN,NaN,NaN,NaN
2,NaN,NaN,NaN,NaN,NaN,NaN,NaN,NaN
3,NaN,NaN,NaN,NaN,NaN,NaN,NaN,NaN
4,NaN,NaN,NaN,NaN,NaN,NaN,NaN,NaN
5,NaN,NaN,NaN,NaN,NaN,NaN,NaN,NaN
6,NaN,NaN,NaN,NaN,NaN,NaN,NaN,NaN
7,NaN,NaN,NaN,NaN,NaN,NaN,NaN,NaN
8,NaN,NaN,NaN,NaN,NaN,NaN,NaN,NaN
9,NaN,NaN,NaN,NaN,NaN,NaN,NaN,NaN
10,NaN,NaN,NaN,NaN,NaN,NaN,NaN,NaN
11,NaN,NaN,NaN,NaN,NaN,NaN,NaN,NaN
1,NaN,NaN,NaN,NaN,NaN,NaN,NaN,NaN
2,NaN,NaN,NaN,NaN,NaN,NaN,NaN,NaN
3,NaN,NaN,NaN,NaN,NaN,NaN,NaN,NaN
4,NaN,NaN,NaN,NaN,NaN,NaN,NaN,NaN
5,NaN,NaN,NaN,NaN,NaN,NaN,NaN,NaN
6,NaN,NaN,NaN,NaN,NaN,NaN,NaN,NaN
7,NaN,NaN,NaN,NaN,NaN,NaN,NaN,NaN
8,NaN,NaN,NaN,NaN,NaN,NaN,NaN,NaN
9,NaN,NaN,NaN,NaN,NaN,NaN,NaN,NaN
10,NaN,NaN,NaN,NaN,NaN,NaN,NaN,NaN
11,NaN,NaN,NaN,NaN,NaN,NaN,NaN,NaN
1,NaN,NaN,NaN,NaN,NaN,NaN,NaN,NaN
2,NaN,NaN,NaN,NaN,NaN,NaN,NaN,NaN
3,NaN,NaN,NaN,NaN,NaN,NaN,NaN,NaN
4,NaN,NaN,NaN,NaN,NaN,NaN,NaN,NaN
5,NaN,NaN,NaN,NaN,NaN,NaN,NaN,NaN
6,NaN,NaN,NaN,NaN,NaN,NaN,NaN,NaN
7,NaN,NaN,NaN,NaN,NaN,NaN,NaN,NaN
8,NaN,NaN,NaN,NaN,NaN,NaN,NaN,NaN
9,NaN,NaN,NaN,NaN,NaN,NaN,NaN,NaN
10,NaN,NaN,NaN,NaN,NaN,NaN,NaN,NaN
11,NaN,NaN,NaN,NaN,NaN,NaN,NaN,NaN
1,NaN,NaN,NaN,NaN,NaN,NaN,NaN,NaN
2,NaN,NaN,NaN,NaN,NaN,NaN,NaN,NaN
3,NaN,NaN,NaN,NaN,NaN,NaN,NaN,NaN
4,NaN,NaN,NaN,NaN,NaN,NaN,NaN,NaN
5,NaN,NaN,NaN,NaN,NaN,NaN,NaN,NaN
6,NaN,NaN,NaN,NaN,NaN,NaN,NaN,NaN
7,NaN,NaN,NaN,NaN,NaN,NaN,NaN,NaN
8,NaN,NaN,NaN,NaN,NaN,NaN,NaN,NaN
9,NaN,NaN,NaN,NaN,NaN,NaN,NaN,NaN
10,NaN,NaN,NaN,NaN,NaN,NaN,NaN,NaN
11,NaN,NaN,NaN,NaN,NaN,NaN,NaN,NaN
1,NaN,NaN,NaN,NaN,NaN,NaN,NaN,NaN
2,NaN,NaN,NaN,NaN,NaN,NaN,NaN,NaN
3,NaN,NaN,NaN,NaN,NaN,NaN,NaN,NaN
4,NaN,NaN,NaN,NaN,NaN,NaN,NaN,NaN
5,NaN,NaN,NaN,NaN,NaN,NaN,NaN,NaN
6,NaN,NaN,NaN,NaN,NaN,NaN,NaN,NaN
7,NaN,NaN,NaN,NaN,NaN,NaN,NaN,NaN
8,NaN,NaN,NaN,NaN,NaN,NaN,NaN,NaN
9,NaN,NaN,NaN,NaN,NaN,NaN,NaN,NaN
10,NaN,NaN,NaN,NaN,NaN,NaN,NaN,NaN
11,NaN,NaN,NaN,NaN,NaN,NaN,NaN,NaN
1,NaN,NaN,NaN,NaN,NaN,NaN,NaN,NaN
2,NaN,NaN,NaN,NaN,NaN,NaN,NaN,NaN
3,NaN,NaN,NaN,NaN,NaN,NaN,NaN,NaN
4,NaN,NaN,NaN,NaN,NaN,NaN,NaN,NaN
5,NaN,NaN,NaN,NaN,NaN,NaN,NaN,NaN
6,NaN,NaN,NaN,NaN,NaN,NaN,NaN,NaN
7,NaN,NaN,NaN,NaN,NaN,NaN,NaN,NaN
8,NaN,NaN,NaN,NaN,NaN,NaN,NaN,NaN
9,NaN,NaN,NaN,NaN,NaN,NaN,NaN,NaN
10,NaN,NaN,NaN,NaN,NaN,NaN,NaN,NaN
11,NaN,NaN,NaN,NaN,NaN,NaN,NaN,NaN
1,NaN,NaN,NaN,NaN,NaN,NaN,NaN,NaN
2,NaN,NaN,NaN,NaN,NaN,NaN,NaN,NaN
3,NaN,NaN,NaN,NaN,NaN,NaN,NaN,NaN
4,NaN,NaN,NaN,NaN,NaN,NaN,NaN,NaN
5,NaN,NaN,NaN,NaN,NaN,NaN,NaN,NaN
6,NaN,NaN,NaN,NaN,NaN,NaN,NaN,NaN
7,NaN,NaN,NaN,NaN,NaN,NaN,NaN,NaN
8,NaN,NaN,NaN,NaN,NaN,NaN,NaN,NaN
9,NaN,NaN,NaN,NaN,NaN,NaN,NaN,NaN
10,NaN,NaN,NaN,NaN,NaN,NaN,NaN,NaN
11,NaN,NaN,NaN,NaN,NaN,NaN,NaN,NaN
1,NaN,NaN,NaN,NaN,NaN,NaN,NaN,NaN
2,NaN,NaN,NaN,NaN,NaN,NaN,NaN,NaN
3,NaN,NaN,NaN,NaN,NaN,NaN,NaN,NaN
4,NaN,NaN,NaN,NaN,NaN,NaN,NaN,NaN
5,NaN,NaN,NaN,NaN,NaN,NaN,NaN,NaN
6,NaN,NaN,NaN,NaN,NaN,NaN,NaN,NaN
7,NaN,NaN,NaN,NaN,NaN,NaN,NaN,NaN
8,NaN,NaN,NaN,NaN,NaN,NaN,NaN,NaN
9,NaN,NaN,NaN,NaN,NaN,NaN,NaN,NaN
10,NaN,NaN,NaN,NaN,NaN,NaN,NaN,NaN
11,NaN,NaN,NaN,NaN,NaN,NaN,NaN,NaN
1,NaN,NaN,NaN,NaN,NaN,NaN,NaN,NaN
2,NaN,NaN,NaN,NaN,NaN,NaN,NaN,NaN
3,NaN,NaN,NaN,NaN,NaN,NaN,NaN,NaN
4,NaN,NaN,NaN,NaN,NaN,NaN,NaN,NaN
5,NaN,NaN,NaN,NaN,NaN,NaN,NaN,NaN
6,NaN,NaN,NaN,NaN,NaN,NaN,NaN,NaN
7,NaN,NaN,NaN,NaN,NaN,NaN,NaN,NaN
8,NaN,NaN,NaN,NaN,NaN,NaN,NaN,NaN
9,NaN,NaN,NaN,NaN,NaN,NaN,NaN,NaN
10,NaN,NaN,NaN,NaN,NaN,NaN,NaN,NaN
11,NaN,NaN,NaN,NaN,NaN,NaN,NaN,NaN
1,NaN,NaN,NaN,NaN,NaN,NaN,NaN,NaN
2,NaN,NaN,NaN,NaN,NaN,NaN,NaN,NaN
3,NaN,NaN,NaN,NaN,NaN,NaN,NaN,NaN
4,NaN,NaN,NaN,NaN,NaN,NaN,NaN,NaN
5,NaN,NaN,NaN,NaN,NaN,NaN,NaN,NaN
6,NaN,NaN,NaN,NaN,NaN,NaN,NaN,NaN
7,NaN,NaN,NaN,NaN,NaN,NaN,NaN,NaN
8,NaN,NaN,NaN,NaN,NaN,NaN,NaN,NaN
9,NaN,NaN,NaN,NaN,NaN,NaN,NaN,NaN
10,NaN,NaN,NaN,NaN,NaN,NaN,NaN,NaN
11,NaN,NaN,NaN,NaN,NaN,NaN,NaN,NaN
1,NaN,NaN,NaN,NaN,NaN,NaN,NaN,NaN
2,NaN,NaN,NaN,NaN,NaN,NaN,NaN,NaN
3,NaN,NaN,NaN,NaN,NaN,NaN,NaN,NaN
4,NaN,NaN,NaN,NaN,NaN,NaN,NaN,NaN
5,NaN,NaN,NaN,NaN,NaN,NaN,NaN,NaN
6,NaN,NaN,NaN,NaN,NaN,NaN,NaN,NaN
7,NaN,NaN,NaN,NaN,NaN,NaN,NaN,NaN
8,NaN,NaN,NaN,NaN,NaN,NaN,NaN,NaN
9,NaN,NaN,NaN,NaN,NaN,NaN,NaN,NaN
10,NaN,NaN,NaN,NaN,NaN,NaN,NaN,NaN
11,NaN,NaN,NaN,NaN,NaN,NaN,NaN,NaN
1,NaN,NaN,NaN,NaN,NaN,NaN,NaN,NaN
2,NaN,NaN,NaN,NaN,NaN,NaN,NaN,NaN
3,NaN,NaN,NaN,NaN,NaN,NaN,NaN,NaN
4,NaN,NaN,NaN,NaN,NaN,NaN,NaN,NaN
5,NaN,NaN,NaN,NaN,NaN,NaN,NaN,NaN
6,NaN,NaN,NaN,NaN,NaN,NaN,NaN,NaN
7,NaN,NaN,NaN,NaN,NaN,NaN,NaN,NaN
8,NaN,NaN,NaN,NaN,NaN,NaN,NaN,NaN
9,NaN,NaN,NaN,NaN,NaN,NaN,NaN,NaN
10,NaN,NaN,NaN,NaN,NaN,NaN,NaN,NaN
11,NaN,NaN,NaN,NaN,NaN,NaN,NaN,NaN
1,NaN,NaN,NaN,NaN,NaN,NaN,NaN,NaN
2,NaN,NaN,NaN,NaN,NaN,NaN,NaN,NaN
3,NaN,NaN,NaN,NaN,NaN,NaN,NaN,NaN
4,NaN,NaN,NaN,NaN,NaN,NaN,NaN,NaN
5,NaN,NaN,NaN,NaN,NaN,NaN,NaN,NaN
6,NaN,NaN,NaN,NaN,NaN,NaN,NaN,NaN
7,NaN,NaN,NaN,NaN,NaN,NaN,NaN,NaN
8,NaN,NaN,NaN,NaN,NaN,NaN,NaN,NaN
9,NaN,NaN,NaN,NaN,NaN,NaN,NaN,NaN
10,NaN,NaN,NaN,NaN,NaN,NaN,NaN,NaN
11,NaN,NaN,NaN,NaN,NaN,NaN,NaN,NaN
1,NaN,NaN,NaN,NaN,NaN,NaN,NaN,NaN
2,NaN,NaN,NaN,NaN,NaN,NaN,NaN,NaN
3,NaN,NaN,NaN,NaN,NaN,NaN,NaN,NaN
4,NaN,NaN,NaN,NaN,NaN,NaN,NaN,NaN
5,NaN,NaN,NaN,NaN,NaN,NaN,NaN,NaN
6,NaN,NaN,NaN,NaN,NaN,NaN,NaN,NaN
7,NaN,NaN,NaN,NaN,NaN,NaN,NaN,NaN
8,NaN,NaN,NaN,NaN,NaN,NaN,NaN,NaN
9,NaN,NaN,NaN,NaN,NaN,NaN,NaN,NaN
10,NaN,NaN,NaN,NaN,NaN,NaN,NaN,NaN
11,NaN,NaN,NaN,NaN,NaN,NaN,NaN,NaN
1,NaN,NaN,NaN,NaN,NaN,NaN,NaN,NaN
2,NaN,NaN,NaN,NaN,NaN,NaN,NaN,NaN
3,NaN,NaN,NaN,NaN,NaN,NaN,NaN,NaN
4,NaN,NaN,NaN,NaN,NaN,NaN,NaN,NaN
5,NaN,NaN,NaN,NaN,NaN,NaN,NaN,NaN
6,NaN,NaN,NaN,NaN,NaN,NaN,NaN,NaN
7,NaN,NaN,NaN,NaN,NaN,NaN,NaN,NaN
8,NaN,NaN,NaN,NaN,NaN,NaN,NaN,NaN
9,NaN,NaN,NaN,NaN,NaN,NaN,NaN,NaN
10,NaN,NaN,NaN,NaN,NaN,NaN,NaN,NaN
11,NaN,NaN,NaN,NaN,NaN,NaN,NaN,NaN
1,NaN,NaN,NaN,NaN,NaN,NaN,NaN,NaN
2,NaN,NaN,NaN,NaN,NaN,NaN,NaN,NaN
3,NaN,NaN,NaN,NaN,NaN,NaN,NaN,NaN
4,NaN,NaN,NaN,NaN,NaN,NaN,NaN,NaN
5,NaN,NaN,NaN,NaN,NaN,NaN,NaN,NaN
6,NaN,NaN,NaN,NaN,NaN,NaN,NaN,NaN
7,NaN,NaN,NaN,NaN,NaN,NaN,NaN,NaN
8,NaN,NaN,NaN,NaN,NaN,NaN,NaN,NaN
9,NaN,NaN,NaN,NaN,NaN,NaN,NaN,NaN
10,NaN,NaN,NaN,NaN,NaN,NaN,NaN,NaN
11,NaN,NaN,NaN,NaN,NaN,NaN,NaN,NaN
1,NaN,NaN,NaN,NaN,NaN,NaN,NaN,NaN
2,NaN,NaN,NaN,NaN,NaN,NaN,NaN,NaN
3,NaN,NaN,NaN,NaN,NaN,NaN,NaN,NaN
4,NaN,NaN,NaN,NaN,NaN,NaN,NaN,NaN
5,NaN,NaN,NaN,NaN,NaN,NaN,NaN,NaN
6,NaN,NaN,NaN,NaN,NaN,NaN,NaN,NaN
7,NaN,NaN,NaN,NaN,NaN,NaN,NaN,NaN
8,NaN,NaN,NaN,NaN,NaN,NaN,NaN,NaN
9,NaN,NaN,NaN,NaN,NaN,NaN,NaN,NaN
10,NaN,NaN,NaN,NaN,NaN,NaN,NaN,NaN
11,NaN,NaN,NaN,NaN,NaN,NaN,NaN,NaN
1,NaN,NaN,NaN,NaN,NaN,NaN,NaN,NaN
2,NaN,NaN,NaN,NaN,NaN,NaN,NaN,NaN
3,NaN,NaN,NaN,NaN,NaN,NaN,NaN,NaN
4,NaN,NaN,NaN,NaN,NaN,NaN,NaN,NaN
5,NaN,NaN,NaN,NaN,NaN,NaN,NaN,NaN
6,NaN,NaN,NaN,NaN,NaN,NaN,NaN,NaN
7,NaN,NaN,NaN,NaN,NaN,NaN,NaN,NaN
8,NaN,NaN,NaN,NaN,NaN,NaN,NaN,NaN
9,NaN,NaN,NaN,NaN,NaN,NaN,NaN,NaN
10,NaN,NaN,NaN,NaN,NaN,NaN,NaN,NaN
11,NaN,NaN,NaN,NaN,NaN,NaN,NaN,NaN
1,NaN,NaN,NaN,NaN,NaN,NaN,NaN,NaN
2,NaN,NaN,NaN,NaN,NaN,NaN,NaN,NaN
3,NaN,NaN,NaN,NaN,NaN,NaN,NaN,NaN
4,NaN,NaN,NaN,NaN,NaN,NaN,NaN,NaN
5,NaN,NaN,NaN,NaN,NaN,NaN,NaN,NaN
6,NaN,NaN,NaN,NaN,NaN,NaN,NaN,NaN
7,NaN,NaN,NaN,NaN,NaN,NaN,NaN,NaN
8,NaN,NaN,NaN,NaN,NaN,NaN,NaN,NaN
9,NaN,NaN,NaN,NaN,NaN,NaN,NaN,NaN
10,NaN,NaN,NaN,NaN,NaN,NaN,NaN,NaN
11,NaN,NaN,NaN,NaN,NaN,NaN,NaN,NaN
1,NaN,NaN,NaN,NaN,NaN,NaN,NaN,NaN
2,NaN,NaN,NaN,NaN,NaN,NaN,NaN,NaN
3,NaN,NaN,NaN,NaN,NaN,NaN,NaN,NaN
4,NaN,NaN,NaN,NaN,NaN,NaN,NaN,NaN
5,NaN,NaN,NaN,NaN,NaN,NaN,NaN,NaN
6,NaN,NaN,NaN,NaN,NaN,NaN,NaN,NaN
7,NaN,NaN,NaN,NaN,NaN,NaN,NaN,NaN
8,NaN,NaN,NaN,NaN,NaN,NaN,NaN,NaN
9,NaN,NaN,NaN,NaN,NaN,NaN,NaN,NaN
10,NaN,NaN,NaN,NaN,NaN,NaN,NaN,NaN
11,NaN,NaN,NaN,NaN,NaN,NaN,NaN,NaN
1,NaN,NaN,NaN,NaN,NaN,NaN,NaN,NaN
2,NaN,NaN,NaN,NaN,NaN,NaN,NaN,NaN
3,NaN,NaN,NaN,NaN,NaN,NaN,NaN,NaN
4,NaN,NaN,NaN,NaN,NaN,NaN,NaN,NaN
5,NaN,NaN,NaN,NaN,NaN,NaN,NaN,NaN
6,NaN,NaN,NaN,NaN,NaN,NaN,NaN,NaN
7,NaN,NaN,NaN,NaN,NaN,NaN,NaN,NaN
8,NaN,NaN,NaN,NaN,NaN,NaN,NaN,NaN
9,NaN,NaN,NaN,NaN,NaN,NaN,NaN,NaN
10,NaN,NaN,NaN,NaN,NaN,NaN,NaN,NaN
11,NaN,NaN,NaN,NaN,NaN,NaN,NaN,NaN
1,NaN,NaN,NaN,NaN,NaN,NaN,NaN,NaN
2,NaN,NaN,NaN,NaN,NaN,NaN,NaN,NaN
3,NaN,NaN,NaN,NaN,NaN,NaN,NaN,NaN
4,NaN,NaN,NaN,NaN,NaN,NaN,NaN,NaN
5,NaN,NaN,NaN,NaN,NaN,NaN,NaN,NaN
6,NaN,NaN,NaN,NaN,NaN,NaN,NaN,NaN
7,NaN,NaN,NaN,NaN,NaN,NaN,NaN,NaN
8,NaN,NaN,NaN,NaN,NaN,NaN,NaN,NaN
9,NaN,NaN,NaN,NaN,NaN,NaN,NaN,NaN
10,NaN,NaN,NaN,NaN,NaN,NaN,NaN,NaN
11,NaN,NaN,NaN,NaN,NaN,NaN,NaN,NaN
1,NaN,NaN,NaN,NaN,NaN,NaN,NaN,NaN
2,NaN,NaN,NaN,NaN,NaN,NaN,NaN,NaN
3,NaN,NaN,NaN,NaN,NaN,NaN,NaN,NaN
4,NaN,NaN,NaN,NaN,NaN,NaN,NaN,NaN
5,NaN,NaN,NaN,NaN,NaN,NaN,NaN,NaN
6,NaN,NaN,NaN,NaN,NaN,NaN,NaN,NaN
7,NaN,NaN,NaN,NaN,NaN,NaN,NaN,NaN
8,NaN,NaN,NaN,NaN,NaN,NaN,NaN,NaN
9,NaN,NaN,NaN,NaN,NaN,NaN,NaN,NaN
10,NaN,NaN,NaN,NaN,NaN,NaN,NaN,NaN
11,NaN,NaN,NaN,NaN,NaN,NaN,NaN,NaN
1,NaN,NaN,NaN,NaN,NaN,NaN,NaN,NaN
2,NaN,NaN,NaN,NaN,NaN,NaN,NaN,NaN
3,NaN,NaN,NaN,NaN,NaN,NaN,NaN,NaN
4,NaN,NaN,NaN,NaN,NaN,NaN,NaN,NaN
5,NaN,NaN,NaN,NaN,NaN,NaN,NaN,NaN
6,NaN,NaN,NaN,NaN,NaN,NaN,NaN,NaN
7,NaN,NaN,NaN,NaN,NaN,NaN,NaN,NaN
8,NaN,NaN,NaN,NaN,NaN,NaN,NaN,NaN
9,NaN,NaN,NaN,NaN,NaN,NaN,NaN,NaN
10,NaN,NaN,NaN,NaN,NaN,NaN,NaN,NaN
11,NaN,NaN,NaN,NaN,NaN,NaN,NaN,NaN
1,NaN,NaN,NaN,NaN,NaN,NaN,NaN,NaN
2,NaN,NaN,NaN,NaN,NaN,NaN,NaN,NaN
3,NaN,NaN,NaN,NaN,NaN,NaN,NaN,NaN
4,NaN,NaN,NaN,NaN,NaN,NaN,NaN,NaN
5,NaN,NaN,NaN,NaN,NaN,NaN,NaN,NaN
6,NaN,NaN,NaN,NaN,NaN,NaN,NaN,NaN
7,NaN,NaN,NaN,NaN,NaN,NaN,NaN,NaN
8,NaN,NaN,NaN,NaN,NaN,NaN,NaN,NaN
9,NaN,NaN,NaN,NaN,NaN,NaN,NaN,NaN
10,NaN,NaN,NaN,NaN,NaN,NaN,NaN,NaN
11,NaN,NaN,NaN,NaN,NaN,NaN,NaN,NaN
1,NaN,NaN,NaN,NaN,NaN,NaN,NaN,NaN
2,NaN,NaN,NaN,NaN,NaN,NaN,NaN,NaN
3,NaN,NaN,NaN,NaN,NaN,NaN,NaN,NaN
4,NaN,NaN,NaN,NaN,NaN,NaN,NaN,NaN
5,NaN,NaN,NaN,NaN,NaN,NaN,NaN,NaN
6,NaN,NaN,NaN,NaN,NaN,NaN,NaN,NaN
7,NaN,NaN,NaN,NaN,NaN,NaN,NaN,NaN
8,NaN,NaN,NaN,NaN,NaN,NaN,NaN,NaN
9,NaN,NaN,NaN,NaN,NaN,NaN,NaN,NaN
10,NaN,NaN,NaN,NaN,NaN,NaN,NaN,NaN
11,NaN,NaN,NaN,NaN,NaN,NaN,NaN,NaN
1,NaN,NaN,NaN,NaN,NaN,NaN,NaN,NaN
2,NaN,NaN,NaN,NaN,NaN,NaN,NaN,NaN
3,NaN,NaN,NaN,NaN,NaN,NaN,NaN,NaN
4,NaN,NaN,NaN,NaN,NaN,NaN,NaN,NaN
5,NaN,NaN,NaN,NaN,NaN,NaN,NaN,NaN
6,NaN,NaN,NaN,NaN,NaN,NaN,NaN,NaN
7,NaN,NaN,NaN,NaN,NaN,NaN,NaN,NaN
8,NaN,NaN,NaN,NaN,NaN,NaN,NaN,NaN
9,NaN,NaN,NaN,NaN,NaN,NaN,NaN,NaN
10,NaN,NaN,NaN,NaN,NaN,NaN,NaN,NaN
11,NaN,NaN,NaN,NaN,NaN,NaN,NaN,NaN
1,NaN,NaN,NaN,NaN,NaN,NaN,NaN,NaN
2,NaN,NaN,NaN,NaN,NaN,NaN,NaN,NaN
3,NaN,NaN,NaN,NaN,NaN,NaN,NaN,NaN
4,NaN,NaN,NaN,NaN,NaN,NaN,NaN,NaN
5,NaN,NaN,NaN,NaN,NaN,NaN,NaN,NaN
6,NaN,NaN,NaN,NaN,NaN,NaN,NaN,NaN
7,NaN,NaN,NaN,NaN,NaN,NaN,NaN,NaN
8,NaN,NaN,NaN,NaN,NaN,NaN,NaN,NaN
9,NaN,NaN,NaN,NaN,NaN,NaN,NaN,NaN
10,NaN,NaN,NaN,NaN,NaN,NaN,NaN,NaN
11,NaN,NaN,NaN,NaN,NaN,NaN,NaN,NaN
1,NaN,NaN,NaN,NaN,NaN,NaN,NaN,NaN
2,NaN,NaN,NaN,NaN,NaN,NaN,NaN,NaN
3,NaN,NaN,NaN,NaN,NaN,NaN,NaN,NaN
4,NaN,NaN,NaN,NaN,NaN,NaN,NaN,NaN
5,NaN,NaN,NaN,NaN,NaN,NaN,NaN,NaN
6,NaN,NaN,NaN,NaN,NaN,NaN,NaN,NaN
7,NaN,NaN,NaN,NaN,NaN,NaN,NaN,NaN
8,NaN,NaN,NaN,NaN,NaN,NaN,NaN,NaN
9,NaN,NaN,NaN,NaN,NaN,NaN,NaN,NaN
10,NaN,NaN,NaN,NaN,NaN,NaN,NaN,NaN
11,NaN,NaN,NaN,NaN,NaN,NaN,NaN,NaN
1,NaN,NaN,NaN,NaN,NaN,NaN,NaN,NaN
2,NaN,NaN,NaN,NaN,NaN,NaN,NaN,NaN
3,NaN,NaN,NaN,NaN,NaN,NaN,NaN,NaN
4,NaN,NaN,NaN,NaN,NaN,NaN,NaN,NaN
5,NaN,NaN,NaN,NaN,NaN,NaN,NaN,NaN
6,NaN,NaN,NaN,NaN,NaN,NaN,NaN,NaN
7,NaN,NaN,NaN,NaN,NaN,NaN,NaN,NaN
8,NaN,NaN,NaN,NaN,NaN,NaN,NaN,NaN
9,NaN,NaN,NaN,NaN,NaN,NaN,NaN,NaN
10,NaN,NaN,NaN,NaN,NaN,NaN,NaN,NaN
11,NaN,NaN,NaN,NaN,NaN,NaN,NaN,NaN
1,NaN,NaN,NaN,NaN,NaN,NaN,NaN,NaN
2,NaN,NaN,NaN,NaN,NaN,NaN,NaN,NaN
3,NaN,NaN,NaN,NaN,NaN,NaN,NaN,NaN
4,NaN,NaN,NaN,NaN,NaN,NaN,NaN,NaN
5,NaN,NaN,NaN,NaN,NaN,NaN,NaN,NaN
6,NaN,NaN,NaN,NaN,NaN,NaN,NaN,NaN
7,NaN,NaN,NaN,NaN,NaN,NaN,NaN,NaN
8,NaN,NaN,NaN,NaN,NaN,NaN,NaN,NaN
9,NaN,NaN,NaN,NaN,NaN,NaN,NaN,NaN
10,NaN,NaN,NaN,NaN,NaN,NaN,NaN,NaN
11,NaN,NaN,NaN,NaN,NaN,NaN,NaN,NaN
1,NaN,NaN,NaN,NaN,NaN,NaN,NaN,NaN
2,NaN,NaN,NaN,NaN,NaN,NaN,NaN,NaN
3,NaN,NaN,NaN,NaN,NaN,NaN,NaN,NaN
4,NaN,NaN,NaN,NaN,NaN,NaN,NaN,NaN
5,NaN,NaN,NaN,NaN,NaN,NaN,NaN,NaN
6,NaN,NaN,NaN,NaN,NaN,NaN,NaN,NaN
7,NaN,NaN,NaN,NaN,NaN,NaN,NaN,NaN
8,NaN,NaN,NaN,NaN,NaN,NaN,NaN,NaN
9,NaN,NaN,NaN,NaN,NaN,NaN,NaN,NaN
10,NaN,NaN,NaN,NaN,NaN,NaN,NaN,NaN
11,NaN,NaN,NaN,NaN,NaN,NaN,NaN,NaN
1,NaN,NaN,NaN,NaN,NaN,NaN,NaN,NaN
2,NaN,NaN,NaN,NaN,NaN,NaN,NaN,NaN
3,NaN,NaN,NaN,NaN,NaN,NaN,NaN,NaN
4,NaN,NaN,NaN,NaN,NaN,NaN,NaN,NaN
5,NaN,NaN,NaN,NaN,NaN,NaN,NaN,NaN
6,NaN,NaN,NaN,NaN,NaN,NaN,NaN,NaN
7,NaN,NaN,NaN,NaN,NaN,NaN,NaN,NaN
8,NaN,NaN,NaN,NaN,NaN,NaN,NaN,NaN
9,NaN,NaN,NaN,NaN,NaN,NaN,NaN,NaN
10,NaN,NaN,NaN,NaN,NaN,NaN,NaN,NaN
11,NaN,NaN,NaN,NaN,NaN,NaN,NaN,NaN
1,NaN,NaN,NaN,NaN,NaN,NaN,NaN,NaN
2,NaN,NaN,NaN,NaN,NaN,NaN,NaN,NaN
3,NaN,NaN,NaN,NaN,NaN,NaN,NaN,NaN
4,NaN,NaN,NaN,NaN,NaN,NaN,NaN,NaN
5,NaN,NaN,NaN,NaN,NaN,NaN,NaN,NaN
6,NaN,NaN,NaN,NaN,NaN,NaN,NaN,NaN
7,NaN,NaN,NaN,NaN,NaN,NaN,NaN,NaN
8,NaN,NaN,NaN,NaN,NaN,NaN,NaN,NaN
9,NaN,NaN,NaN,NaN,NaN,NaN,NaN,NaN
10,NaN,NaN,NaN,NaN,NaN,NaN,NaN,NaN
11,NaN,NaN,NaN,NaN,NaN,NaN,NaN,NaN
1,NaN,NaN,NaN,NaN,NaN,NaN,NaN,NaN
2,NaN,NaN,NaN,NaN,NaN,NaN,NaN,NaN
3,NaN,NaN,NaN,NaN,NaN,NaN,NaN,NaN
4,NaN,NaN,NaN,NaN,NaN,NaN,NaN,NaN
5,NaN,NaN,NaN,NaN,NaN,NaN,NaN,NaN
6,NaN,NaN,NaN,NaN,NaN,NaN,NaN,NaN
7,NaN,NaN,NaN,NaN,NaN,NaN,NaN,NaN
8,NaN,NaN,NaN,NaN,NaN,NaN,NaN,NaN
9,NaN,NaN,NaN,NaN,NaN,NaN,NaN,NaN
10,NaN,NaN,NaN,NaN,NaN,NaN,NaN,NaN
11,NaN,NaN,NaN,NaN,NaN,NaN,NaN,NaN
1,NaN,NaN,NaN,NaN,NaN,NaN,NaN,NaN
2,NaN,NaN,NaN,NaN,NaN,NaN,NaN,NaN
3,NaN,NaN,NaN,NaN,NaN,NaN,NaN,NaN
4,NaN,NaN,NaN,NaN,NaN,NaN,NaN,NaN
5,NaN,NaN,NaN,NaN,NaN,NaN,NaN,NaN
6,NaN,NaN,NaN,NaN,NaN,NaN,NaN,NaN
7,NaN,NaN,NaN,NaN,NaN,NaN,NaN,NaN
8,NaN,NaN,NaN,NaN,NaN,NaN,NaN,NaN
9,NaN,NaN,NaN,NaN,NaN,NaN,NaN,NaN
10,NaN,NaN,NaN,NaN,NaN,NaN,NaN,NaN
11,NaN,NaN,NaN,NaN,NaN,NaN,NaN,NaN
1,NaN,NaN,NaN,NaN,NaN,NaN,NaN,NaN
2,NaN,NaN,NaN,NaN,NaN,NaN,NaN,NaN
3,NaN,NaN,NaN,NaN,NaN,NaN,NaN,NaN
4,NaN,NaN,NaN,NaN,NaN,NaN,NaN,NaN
5,NaN,NaN,NaN,NaN,NaN,NaN,NaN,NaN
6,NaN,NaN,NaN,NaN,NaN,NaN,NaN,NaN
7,NaN,NaN,NaN,NaN,NaN,NaN,NaN,NaN
8,NaN,NaN,NaN,NaN,NaN,NaN,NaN,NaN
9,NaN,NaN,NaN,NaN,NaN,NaN,NaN,NaN
10,NaN,NaN,NaN,NaN,NaN,NaN,NaN,NaN
11,NaN,NaN,NaN,NaN,NaN,NaN,NaN,NaN
1,NaN,NaN,NaN,NaN,NaN,NaN,NaN,NaN
2,NaN,NaN,NaN,NaN,NaN,NaN,NaN,NaN
3,NaN,NaN,NaN,NaN,NaN,NaN,NaN,NaN
4,NaN,NaN,NaN,NaN,NaN,NaN,NaN,NaN
5,NaN,NaN,NaN,NaN,NaN,NaN,NaN,NaN
6,NaN,NaN,NaN,NaN,NaN,NaN,NaN,NaN
7,NaN,NaN,NaN,NaN,NaN,NaN,NaN,NaN
8,NaN,NaN,NaN,NaN,NaN,NaN,NaN,NaN
9,NaN,NaN,NaN,NaN,NaN,NaN,NaN,NaN
10,NaN,NaN,NaN,NaN,NaN,NaN,NaN,NaN
11,NaN,NaN,NaN,NaN,NaN,NaN,NaN,NaN
1,NaN,NaN,NaN,NaN,NaN,NaN,NaN,NaN
2,NaN,NaN,NaN,NaN,NaN,NaN,NaN,NaN
3,NaN,NaN,NaN,NaN,NaN,NaN,NaN,NaN
4,NaN,NaN,NaN,NaN,NaN,NaN,NaN,NaN
5,NaN,NaN,NaN,NaN,NaN,NaN,NaN,NaN
6,NaN,NaN,NaN,NaN,NaN,NaN,NaN,NaN
7,NaN,NaN,NaN,NaN,NaN,NaN,NaN,NaN
8,NaN,NaN,NaN,NaN,NaN,NaN,NaN,NaN
9,NaN,NaN,NaN,NaN,NaN,NaN,NaN,NaN
10,NaN,NaN,NaN,NaN,NaN,NaN,NaN,NaN
11,NaN,NaN,NaN,NaN,NaN,NaN,NaN,NaN
1,NaN,NaN,NaN,NaN,NaN,NaN,NaN,NaN
2,NaN,NaN,NaN,NaN,NaN,NaN,NaN,NaN
3,NaN,NaN,NaN,NaN,NaN,NaN,NaN,NaN
4,NaN,NaN,NaN,NaN,NaN,NaN,NaN,NaN
5,NaN,NaN,NaN,NaN,NaN,NaN,NaN,NaN
6,NaN,NaN,NaN,NaN,NaN,NaN,NaN,NaN
7,NaN,NaN,NaN,NaN,NaN,NaN,NaN,NaN
8,NaN,NaN,NaN,NaN,NaN,NaN,NaN,NaN
9,NaN,NaN,NaN,NaN,NaN,NaN,NaN,NaN
10,NaN,NaN,NaN,NaN,NaN,NaN,NaN,NaN
11,NaN,NaN,NaN,NaN,NaN,NaN,NaN,NaN
1,NaN,NaN,NaN,NaN,NaN,NaN,NaN,NaN
2,NaN,NaN,NaN,NaN,NaN,NaN,NaN,NaN
3,NaN,NaN,NaN,NaN,NaN,NaN,NaN,NaN
4,NaN,NaN,NaN,NaN,NaN,NaN,NaN,NaN
5,NaN,NaN,NaN,NaN,NaN,NaN,NaN,NaN
6,NaN,NaN,NaN,NaN,NaN,NaN,NaN,NaN
7,NaN,NaN,NaN,NaN,NaN,NaN,NaN,NaN
8,NaN,NaN,NaN,NaN,NaN,NaN,NaN,NaN
9,NaN,NaN,NaN,NaN,NaN,NaN,NaN,NaN
10,NaN,NaN,NaN,NaN,NaN,NaN,NaN,NaN
11,NaN,NaN,NaN,NaN,NaN,NaN,NaN,NaN
1,NaN,NaN,NaN,NaN,NaN,NaN,NaN,NaN
2,NaN,NaN,NaN,NaN,NaN,NaN,NaN,NaN
3,NaN,NaN,NaN,NaN,NaN,NaN,NaN,NaN
4,NaN,NaN,NaN,NaN,NaN,NaN,NaN,NaN
5,NaN,NaN,NaN,NaN,NaN,NaN,NaN,NaN
6,NaN,NaN,NaN,NaN,NaN,NaN,NaN,NaN
7,NaN,NaN,NaN,NaN,NaN,NaN,NaN,NaN
8,NaN,NaN,NaN,NaN,NaN,NaN,NaN,NaN
9,NaN,NaN,NaN,NaN,NaN,NaN,NaN,NaN
10,NaN,NaN,NaN,NaN,NaN,NaN,NaN,NaN
11,NaN,NaN,NaN,NaN,NaN,NaN,NaN,NaN
1,NaN,NaN,NaN,NaN,NaN,NaN,NaN,NaN
2,NaN,NaN,NaN,NaN,NaN,NaN,NaN,NaN
3,NaN,NaN,NaN,NaN,NaN,NaN,NaN,NaN
4,NaN,NaN,NaN,NaN,NaN,NaN,NaN,NaN
5,NaN,NaN,NaN,NaN,NaN,NaN,NaN,NaN
6,NaN,NaN,NaN,NaN,NaN,NaN,NaN,NaN
7,NaN,NaN,NaN,NaN,NaN,NaN,NaN,NaN
8,NaN,NaN,NaN,NaN,NaN,NaN,NaN,NaN
9,NaN,NaN,NaN,NaN,NaN,NaN,NaN,NaN
10,NaN,NaN,NaN,NaN,NaN,NaN,NaN,NaN
11,NaN,NaN,NaN,NaN,NaN,NaN,NaN,NaN
1,NaN,NaN,NaN,0.0,0.0,1.0,3.0,5.940166557370924
2,1.0652745841719669,0.2119684526001815,3.039113271556592,20.0,2.275041288,0.0,2.0,4.051807330363134
3,6.039366026491545,2.2026974056492117,10.444119448407337,222.0,0.0024938,3.0,26.0,10.618412285949184
4,2.267723611104207,0.43165824978349066,4.195886294894666,152.0,0.001818768,2.0,57.0,5.6029085930226135
5,18.55018987670068,15.91267461294632,21.909781531306358,114587.0,3.288475549,84.0,905.0,15.453082274054687
6,12.044347320405677,11.544864249872933,12.423196103673321,82994.0,2.46931486,471.0,4932.0,11.484626238594762
7,2.5889208453097985,2.3936672060935176,2.806508571691491,12300.0,0.257816478,456.0,4661.0,2.6280858616583345
8,0.44510186069365554,0.39224641100855795,0.48925712748993383,9423.0,0.396423874,133.0,1357.0,0.45059626722236
9,4.244222351153324,4.083165785460804,4.44729615734459,80633.0,3.817490961,1557.0,15490.0,4.152948354671547
10,0.7610868460543034,0.7291111567991164,0.8169055351852369,23361.0,1.231837099,501.0,5245.0,0.7986617977129313
11,6.908727341884061,6.721665406563327,7.060821707045078,351935.0,16.337246262,7318.0,72498.0,6.838133548099886
1,NaN,NaN,NaN,0.0,0.0,3.0,3.0,5.940166557370924
2,0.5439042022871015,0.04130078352682497,1.5710083179881495,28.0,0.000894225,0.0,2.0,4.051807330363134
3,1.953670023120052,1.0372652058251601,2.960176671115918,112.0,0.014234409,3.0,26.0,10.618412285949184
4,5.380065839078774,3.811698055624847,8.032649857402253,467.0,0.005669215,11.0,57.0,5.6029085930226135
5,16.945828209766688,15.070309224654238,19.591853538736736,330749.0,10.238776754,179.0,905.0,15.453082274054687
6,11.90825754562903,11.337869556617251,12.418558700890063,165007.0,5.145019803,973.0,4932.0,11.484626238594762
7,2.6131735595973593,2.458091003392011,2.780522173713702,46161.0,1.538667851,951.0,4661.0,2.6280858616583345
8,0.4317251449101783,0.37984338540462886,0.49673468071537874,31192.0,1.213731571,269.0,1357.0,0.45059626722236
9,4.126252000665236,3.990168556850209,4.220224860028686,35353.0,1.700750254,3111.0,15490.0,4.152948354671547
10,0.8170196265244642,0.7595661889970723,0.8473451805487427,66101.0,2.784520087,1073.0,5245.0,0.7986617977129313
11,6.846978732178144,6.727004106154476,6.934346361585352,654202.0,31.308896823,14566.0,72498.0,6.838133548099886
1,NaN,NaN,NaN,0.0,0.0,2.0,3.0,5.940166557370924
2,1.2567612003627011,0.12710998283926728,2.42640889899164,33.0,0.000954019,0.0,2.0,4.051807330363134
3,5.665227676544111,3.714550873617077,9.26833110658851,469.0,0.004953402,7.0,26.0,10.618412285949184
4,4.571472670844024,2.515109734311966,6.350807504029047,465.0,0.004967802,15.0,57.0,5.6029085930226135
5,17.034165713525063,15.348008384993907,18.53169981690747,312660.0,9.427755946,239.0,905.0,15.453082274054687
6,12.70120140425003,12.101648577963806,13.280560491915748,507292.0,16.845272381,1489.0,4932.0,11.484626238594762
7,2.6173159420114906,2.5432230435092156,2.6925118540296142,26723.0,0.898581722,1389.0,4661.0,2.6280858616583345
8,0.4444031041528859,0.4147869041300885,0.458711476871556,47472.0,1.880718828,411.0,1357.0,0.45059626722236
9,4.152517168018656,4.052893742266497,4.231713273102128,215894.0,9.32473076,4695.0,15490.0,4.152948354671547
10,0.7975864436014211,0.7618401402432565,0.8374782148495091,78509.0,3.803452933,1596.0,5245.0,0.7986617977129313
11,6.815574707615658,6.728736194217407,6.867177228115025,1.954423e6,83.266624884,21768.0,72498.0,6.838133548099886
1,NaN,NaN,NaN,0.0,0.0,1.0,3.0,5.940166557370924
2,2.604664275506925,0.9147717047685962,4.273829178001247,61.0,0.014126662,1.0,2.0,4.051807330363134
3,7.94461268176791,3.653414353791195,12.586779430474692,2262.0,0.052330521,13.0,26.0,10.618412285949184
4,4.317000278222025,3.3101494899774946,5.019766344869149,568.0,0.007179579,22.0,57.0,5.6029085930226135
5,15.859946056929946,14.717029039867912,17.131450491680173,206444.0,6.685799653,363.0,905.0,15.453082274054687
6,11.018958327779856,10.819712109235358,11.369881664082671,148325.0,4.231589097,1926.0,4932.0,11.484626238594762
7,2.5698290301858426,2.464651053282676,2.6812944294207663,52965.0,1.813607913,1867.0,4661.0,2.6280858616583345
8,0.43826518467229014,0.4067466394841789,0.47076003837485747,51217.0,2.034199095,560.0,1357.0,0.45059626722236
9,4.14337538451537,4.097949170163578,4.21583429308252,131316.0,5.722082493,6206.0,15490.0,4.152948354671547
10,0.7859278638749163,0.7590280888934928,0.8210522035848352,160062.0,7.581557522,2099.0,5245.0,0.7986617977129313
11,6.8729274679084345,6.800250433425067,6.914652661572765,1.199164e6,53.842420979,29111.0,72498.0,6.838133548099886
1,NaN,NaN,NaN,0.0,0.0,1.0,3.0,5.940166557370924
2,2.8607427580314457,0.8207826569283271,6.8518341814377965,32.0,0.000795117,1.0,2.0,4.051807330363134
3,12.786366422395195,8.338369833540483,17.767106175282535,1604.0,0.103185063,12.0,26.0,10.618412285949184
4,6.6905500984103465,5.1020294745719434,8.689536621013634,1489.0,0.032772438,32.0,57.0,5.6029085930226135
5,16.899973083480084,15.512539334082467,18.317767091110102,285399.0,7.430525389,437.0,905.0,15.453082274054687
6,11.615545426791744,11.304885824114795,12.04736547335246,291100.0,9.609092241,2443.0,4932.0,11.484626238594762
7,2.612531156285519,2.527421955809886,2.6797935892242957,60731.0,2.044205855,2343.0,4661.0,2.6280858616583345
8,0.42744193453622614,0.40240038038351494,0.4635692287048621,53370.0,2.069748618,670.0,1357.0,0.45059626722236
9,4.1256069733960965,4.084408183626842,4.1860990066816,256730.0,11.5814049,7779.0,15490.0,4.152948354671547
10,0.8002552518434498,0.774867381869298,0.8188252814542949,207028.0,8.690096129,2676.0,5245.0,0.7986617977129313
11,6.809022269812862,6.768702711524654,6.857755732405086,2.427362e6,110.344135587,36177.0,72498.0,6.838133548099886
1,NaN,NaN,NaN,0.0,0.0,3.0,3.0,5.940166557370924
2,1.2172243765286739,0.47793717503242245,3.2420346576846604,108.0,0.001674835,1.0,2.0,4.051807330363134
3,7.443988556647092,4.698393948435968,11.967445692255934,931.0,0.023635578,16.0,26.0,10.618412285949184
4,4.283000869469201,2.9975768113868124,5.773791878515769,866.0,0.024005439,31.0,57.0,5.6029085930226135
5,17.50827927042606,16.065596280271965,19.82446415666941,397791.0,12.92749856,550.0,905.0,15.453082274054687
6,11.318299180058343,10.92023330700305,11.812143944542445,498085.0,15.18610843,2926.0,4932.0,11.484626238594762
7,2.4817013554995353,2.3639351244031404,2.5771981754221125,60702.0,1.881834425,2741.0,4661.0,2.6280858616583345
8,0.46269354817595465,0.44431227372856796,0.49170368981612383,99537.0,3.735392941,854.0,1357.0,0.45059626722236
9,4.1759710094456235,4.102016741493484,4.234085789099322,383553.0,17.242733191,9367.0,15490.0,4.152948354671547
10,0.8002751838945714,0.769979372755915,0.811453275831814,128403.0,6.484403494,3181.0,5245.0,0.7986617977129313
11,6.794538835689458,6.745149221335984,6.860612987510523,2.427799e6,112.769833368,43286.0,72498.0,6.838133548099886
1,NaN,NaN,NaN,0.0,0.0,3.0,3.0,5.940166557370924
2,2.0633544674798996,0.3554334361007315,4.997893823097149,64.0,0.001254953,2.0,2.0,4.051807330363134
3,6.625221064716316,4.729160340072291,9.864324688324258,828.0,0.009417573,16.0,26.0,10.618412285949184
4,5.294685113780481,3.9968415029556246,7.080025019808791,1428.0,0.018313987,40.0,57.0,5.6029085930226135
5,17.173590376461647,15.912016631175254,19.244599464991133,355478.0,9.828412073,624.0,905.0,15.453082274054687
6,11.721527524620164,11.452110430134363,12.010964547688856,1.017192e6,31.339566944,3452.0,4932.0,11.484626238594762
7,2.5913298476956332,2.5372025439073065,2.625550623124994,97097.0,3.46274256,3330.0,4661.0,2.6280858616583345
8,0.4237188209518318,0.39878662941503207,0.44103794275142794,77021.0,2.76940857,943.0,1357.0,0.45059626722236
9,4.053347062008035,4.000695675187162,4.108587383790662,345713.0,13.268890703,10802.0,15490.0,4.152948354671547
10,0.7792348687533595,0.7642542087277248,0.7908303100239277,106363.0,4.564856084,3634.0,5245.0,0.7986617977129313
11,6.86626564720712,6.821296164947625,6.9183744866091725,1.947513e6,92.70678274,50716.0,72498.0,6.838133548099886
1,NaN,NaN,NaN,0.0,0.0,2.0,3.0,5.940166557370924
2,2.650999732075595,0.6491669426425765,7.18416208479413,75.0,0.0013397,2.0,2.0,4.051807330363134
3,8.89506417028968,7.396486894302322,12.646974126185992,3260.0,0.160862864,21.0,26.0,10.618412285949184
4,5.252578348541822,4.333395134607142,6.412717897243869,3022.0,0.064953592,49.0,57.0,5.6029085930226135
5,16.424916872834807,15.460926920248662,17.39744217172061,507499.0,13.811144662,724.0,905.0,15.453082274054687
6,11.504512220098068,11.154219173364908,11.926118419225993,538694.0,18.2253947,3933.0,4932.0,11.484626238594762
7,2.5466532544212455,2.4626792519540723,2.6097214457657385,136303.0,4.142157118,3739.0,4661.0,2.6280858616583345
8,0.4276644010609011,0.41839119380596546,0.4359557939416397,51519.0,2.010206028,1082.0,1357.0,0.45059626722236
9,4.132091987063239,4.08322542188846,4.197340912469946,372738.0,14.752349319,12422.0,15490.0,4.152948354671547
10,0.7969594753263849,0.7817959222512346,0.8118153339167731,183277.0,8.053101916,4230.0,5245.0,0.7986617977129313
11,6.8539247655849,6.807095264932638,6.887492752310882,2.733957e6,124.195688151,58062.0,72498.0,6.838133548099886
1,NaN,NaN,NaN,0.0,0.0,2.0,3.0,5.940166557370924
2,1.9658960426891041,0.8767283735206282,3.602781374851572,54.0,0.001106671,2.0,2.0,4.051807330363134
3,10.290501932055928,6.235230769372582,14.757757147572205,2929.0,0.034314571,24.0,26.0,10.618412285949184
4,5.188750489398617,4.146832098585461,6.520475757381425,3470.0,0.085587462,51.0,57.0,5.6029085930226135
5,16.514168902436857,15.294278201406463,17.639322935701465,581694.0,17.429388736,804.0,905.0,15.453082274054687
6,11.79037399087789,11.515108443826863,12.135742149495215,1.013474e6,29.703568537,4490.0,4932.0,11.484626238594762
7,2.5039786489487303,2.4663980099668037,2.565322884015781,91263.0,2.725205725,4174.0,4661.0,2.6280858616583345
8,0.4299569626292243,0.4125881820218808,0.4670869941523352,97048.0,3.851685021,1227.0,1357.0,0.45059626722236
9,4.1018696392794345,4.05213534902712,4.150291127944265,593173.0,24.424521024,13948.0,15490.0,4.152948354671547
10,0.786938111761337,0.7763699644160298,0.8022057087651101,344859.0,16.295160846,4708.0,5245.0,0.7986617977129313
11,6.856842064175486,6.8251908758651005,6.909377064456191,4.545869e6,210.143863767,65179.0,72498.0,6.838133548099886
1,NaN,NaN,NaN,0.0,0.0,2.0,5.0,3.8937771090102116
2,2.2123910109324645,0.5033674261127109,4.6597787011814065,49.0,0.001080548,1.0,14.0,4.679672835861558
3,5.852319367633567,3.7801634368125834,10.77879373433954,376.0,0.004238851,8.0,39.0,4.711573864635703
4,1.4811358885834107,0.6489660169444998,2.364434653158056,177.0,0.00237283,4.0,55.0,3.332468921279573
5,0.21695425061276613,0.011496821264124286,0.6259920249292055,203.0,0.015996297,0.0,4.0,0.14725882518465955
6,4.350638053273345,2.790879995349288,6.144729825595284,1127.0,0.029456307,20.0,176.0,4.790594480014454
7,1.8829339881471576,1.4685379095528215,2.427472952790796,612.0,0.008277792,16.0,153.0,2.3198389076421173
8,6.2925338718863015,5.580260869796425,6.819465652467316,5341.0,0.23371366,108.0,1118.0,7.510432859384122
9,1.5998672700108436,1.3560018545431218,1.8284446034920083,2230.0,0.105500221,66.0,824.0,2.0207905561613844
10,0.5626113676485176,0.42008379326950396,0.6736670050290317,1441.0,0.065953269,37.0,409.0,0.6368447004690059
11,0.3693330125893608,0.29558332691704364,0.47116852996770164,1360.0,0.111261175,17.0,137.0,0.1957401243911686
1,NaN,NaN,NaN,0.0,0.0,1.0,5.0,3.8937771090102116
2,4.255167298147685,1.9550637983398207,8.154355298451947,156.0,0.001851534,3.0,14.0,4.679672835861558
3,4.074476893818704,2.484114639332372,7.4098327347730715,369.0,0.016534779,7.0,39.0,4.711573864635703
4,3.0152886158408707,1.7524175041769852,4.236969088893946,367.0,0.004036302,9.0,55.0,3.332468921279573
5,0.19496010940320657,0.0652027837993373,0.5034870447370207,171.0,0.001819734,0.0,4.0,0.14725882518465955
6,5.420155473560827,4.218138600558408,7.230188808456175,2193.0,0.055742692,35.0,176.0,4.790594480014454
7,2.256717155726702,1.794205442873418,2.7168270021792864,694.0,0.015324819,30.0,153.0,2.3198389076421173
8,7.138649626411079,6.077671495957489,8.057549292438074,23065.0,0.88851285,217.0,1118.0,7.510432859384122
9,1.8931030204459058,1.6487005837112951,2.081578841918098,3299.0,0.131917812,157.0,824.0,2.0207905561613844
10,0.5738603757115379,0.48476451637980966,0.6709067715939037,4117.0,0.232165228,74.0,409.0,0.6368447004690059
11,0.19482369774437755,0.14888396177229749,0.25745187395032376,3828.0,0.157296613,23.0,137.0,0.1957401243911686
1,NaN,NaN,NaN,0.0,0.0,2.0,5.0,3.8937771090102116
2,4.483072774098614,1.935207058005383,7.815005912568779,287.0,0.016482902,4.0,14.0,4.679672835861558
3,5.958200506755966,4.594309994110479,8.140198843206601,396.0,0.003917356,15.0,39.0,4.711573864635703
4,2.3672267480113733,1.53613022720248,2.9543906384092673,769.0,0.022114292,16.0,55.0,3.332468921279573
5,0.10049855687087098,0.011898076999216838,0.18044950348599842,261.0,0.002956337,0.0,4.0,0.14725882518465955
6,4.215709703074805,2.839978693318013,5.215541751870516,1644.0,0.107205338,48.0,176.0,4.790594480014454
7,2.221737854699456,1.626086569992143,3.0723358029726358,1240.0,0.027182166,44.0,153.0,2.3198389076421173
8,7.461704881149837,6.842061708375793,8.165747526121114,38719.0,1.489709748,347.0,1118.0,7.510432859384122
9,1.88278815321829,1.6908057711618258,2.0588287345544694,7111.0,0.338328204,256.0,824.0,2.0207905561613844
10,0.6496374822211116,0.5525093567219052,0.694915917745204,4135.0,0.147822109,134.0,409.0,0.6368447004690059
11,0.19827782274485983,0.1596788028602198,0.23585415226751746,6811.0,0.175268757,36.0,137.0,0.1957401243911686
1,NaN,NaN,NaN,0.0,0.0,1.0,5.0,3.8937771090102116
2,5.978414129130438,2.153770308036453,12.568932816170342,401.0,0.003815379,4.0,14.0,4.679672835861558
3,7.069835853703002,5.392141986445646,9.783553466345378,837.0,0.008656847,15.0,39.0,4.711573864635703
4,3.78408062042008,2.8901934300061245,4.916715732377855,582.0,0.006426095,26.0,55.0,3.332468921279573
5,0.05064134256630025,0.002597388454365116,0.09309094792999482,575.0,0.00695929,0.0,4.0,0.14725882518465955
6,4.751210097492361,4.283304911793337,5.184209732745208,3414.0,0.046123313,70.0,176.0,4.790594480014454
7,2.329642703862142,1.9053438358986128,2.637018261941143,2829.0,0.036349674,66.0,153.0,2.3198389076421173
8,6.9411035573894795,6.190339682914626,7.4447016111434925,14130.0,0.303922908,448.0,1118.0,7.510432859384122
9,1.8914790639468397,1.7611020788352925,2.0505480640217737,8382.0,0.337887234,327.0,824.0,2.0207905561613844
10,0.6929413383403801,0.6081686774801129,0.753668432288415,4330.0,0.253256988,173.0,409.0,0.6368447004690059
11,0.2423108436784999,0.2160660046710631,0.25540689090537627,6024.0,0.313335712,60.0,137.0,0.1957401243911686
1,NaN,NaN,NaN,0.0,0.0,1.0,5.0,3.8937771090102116
2,13.867475604976224,9.252902217706058,20.076860526325564,3737.0,0.078375445,10.0,14.0,4.679672835861558
3,4.228680179698997,2.7675297271873376,5.293992522465267,461.0,0.017793446,16.0,39.0,4.711573864635703
4,3.4723259470778474,2.926099988893371,4.625356625717451,907.0,0.023760052,31.0,55.0,3.332468921279573
5,0.24299015308698318,0.09245216982392666,0.3961399197343059,383.0,0.004529144,3.0,4.0,0.14725882518465955
6,4.630283015951125,3.6643960782164173,5.25413801952379,4809.0,0.144722684,94.0,176.0,4.790594480014454
7,2.1381448152925975,1.918263457601513,2.439997967820761,4467.0,0.173157215,82.0,153.0,2.3198389076421173
8,6.799440087827243,6.427930615234906,7.360395905415984,30504.0,1.175350991,568.0,1118.0,7.510432859384122
9,1.735911034896331,1.6081590870375784,1.9310971878724632,8213.0,0.381020245,392.0,824.0,2.0207905561613844
10,0.6441722886049475,0.5716966001401237,0.6993485871241354,9875.0,0.486028739,203.0,409.0,0.6368447004690059
11,0.2405213962373745,0.19346358834442642,0.2868576862354826,11913.0,0.285099352,70.0,137.0,0.1957401243911686
1,NaN,NaN,NaN,0.0,0.0,4.0,5.0,3.8937771090102116
2,5.515776420505924,2.488389705709642,9.071297429477552,305.0,0.003463432,9.0,14.0,4.679672835861558
3,5.638996369170942,4.923628310762113,6.699543176592368,1071.0,0.011306348,27.0,39.0,4.711573864635703
4,2.3471025637023253,1.7679966045267073,3.1228139352526236,1430.0,0.017487769,27.0,55.0,3.332468921279573
5,0.18423466982352557,0.07510581954238198,0.31926088876042746,725.0,0.008894384,3.0,4.0,0.14725882518465955
6,4.8076671490786085,4.117072274890303,5.359748584655033,4703.0,0.094407728,100.0,176.0,4.790594480014454
7,2.0938813897565027,1.8675036777090062,2.3550379961920918,1158.0,0.013964204,90.0,153.0,2.3198389076421173
8,7.535595749914096,7.044572078940095,7.948260711609667,71102.0,2.287331766,677.0,1118.0,7.510432859384122
9,1.816046892792577,1.7221444737312717,1.9387919768912982,7542.0,0.386033768,473.0,824.0,2.0207905561613844
10,0.5888120134023216,0.534319793682064,0.6430429347123724,14981.0,0.643327013,231.0,409.0,0.6368447004690059
11,0.23811074828101905,0.19892798240664938,0.2931254853383203,7088.0,0.369273102,81.0,137.0,0.1957401243911686
1,NaN,NaN,NaN,0.0,0.0,4.0,5.0,3.8937771090102116
2,5.625561000548998,3.336990190075102,8.073651857283375,601.0,0.019103362,10.0,14.0,4.679672835861558
3,5.095635399002672,3.9400619501239107,6.246424658566297,1021.0,0.024516836,28.0,39.0,4.711573864635703
4,2.6661669392609566,2.2488577527130937,3.41796576997028,673.0,0.008100858,35.0,55.0,3.332468921279573
5,0.2707074590039029,0.11379117389389716,0.40803514333813073,469.0,0.030766929,4.0,4.0,0.14725882518465955
6,5.219253346328785,4.488821653350043,5.56664751053628,4944.0,0.189204737,130.0,176.0,4.790594480014454
7,2.0713093908907108,1.7765497672436579,2.3742809361229567,2313.0,0.053078241,113.0,153.0,2.3198389076421173
8,6.994344443196515,6.431674064188936,7.408444954939054,35471.0,0.936130916,790.0,1118.0,7.510432859384122
9,1.798133071503488,1.6746953265393245,1.9280824149322848,13760.0,0.612212193,561.0,824.0,2.0207905561613844
10,0.6263614524320447,0.5764577412529666,0.7029197128043837,7658.0,0.19716894,292.0,409.0,0.6368447004690059
11,0.24537944731744604,0.21240802989093516,0.27809011297514463,11800.0,0.284326907,101.0,137.0,0.1957401243911686
1,NaN,NaN,NaN,0.0,0.0,4.0,5.0,3.8937771090102116
2,5.561332555008947,3.206195028360232,8.712702260498718,323.0,0.003592508,10.0,14.0,4.679672835861558
3,5.896851080811925,5.0272522265551265,6.926643081573075,1593.0,0.017430412,32.0,39.0,4.711573864635703
4,2.7957372109797616,2.2221380020564383,3.624811916845787,967.0,0.011440037,44.0,55.0,3.332468921279573
5,0.1705268207666964,0.04921279186734738,0.36432703227617375,878.0,0.010849566,3.0,4.0,0.14725882518465955
6,5.183666092867039,4.627381044549423,5.734342695868584,7058.0,0.218663731,146.0,176.0,4.790594480014454
7,2.0465137257514767,1.796451019776903,2.2554203904934216,2812.0,0.075548014,128.0,153.0,2.3198389076421173
8,6.924586459117681,6.553182715156746,7.379522615852827,47689.0,1.859624244,881.0,1118.0,7.510432859384122
9,1.8981930418176183,1.7520202851406892,2.0458012209160303,25348.0,1.174686533,661.0,824.0,2.0207905561613844
10,0.6586084855499169,0.6145447168027507,0.6963292816840774,45138.0,2.321145341,336.0,409.0,0.6368447004690059
11,0.21831670823305632,0.17789741666360614,0.2432163496977641,14263.0,0.68075047,114.0,137.0,0.1957401243911686
1,NaN,NaN,NaN,0.0,0.0,3.0,5.0,3.8937771090102116
2,7.4753248576033995,4.11114291093511,10.849960402979082,1185.0,0.025124347,13.0,14.0,4.679672835861558
3,5.99923232949661,4.720724157518265,7.065452770218028,1779.0,0.045128924,34.0,39.0,4.711573864635703
4,2.777991489527021,2.192455300697845,3.18310942398493,1235.0,0.085083741,47.0,55.0,3.332468921279573
5,0.15920884861120305,0.07583168316504581,0.26821007499276484,684.0,0.021202923,4.0,4.0,0.14725882518465955
6,4.429695724699794,3.8975634720330286,5.167988896290712,3858.0,0.102094394,153.0,176.0,4.790594480014454
7,2.058740005480504,1.8555701703709357,2.3964985819008326,5085.0,0.156020982,136.0,153.0,2.3198389076421173
8,7.470460018346479,7.31689429547649,7.789091201674296,76129.0,1.977952755,1014.0,1118.0,7.510432859384122
9,1.8937560819818802,1.795992588426314,2.038438007535292,10758.0,0.284093727,734.0,824.0,2.0207905561613844
10,0.6315323237111061,0.5859410642402846,0.6906691092239391,16875.0,0.838704897,372.0,409.0,0.6368447004690059
11,0.22303168349407704,0.19066048500621854,0.26048897237916024,39353.0,1.853758176,126.0,137.0,0.1957401243911686
1,NaN,NaN,NaN,0.0,0.0,1.0,11.0,12.447826175122383
2,5.52154302482302,1.949763147129755,10.333214407699032,144.0,0.025767479,3.0,22.0,5.5032943660737015
3,0.7554156799429885,0.0721816268477602,1.9516244478082143,42.0,0.000471872,0.0,15.0,1.572539192440177
4,1.9728647733884457,0.7905050480473435,3.5453350297365747,66.0,0.000721118,3.0,47.0,3.968106824857509
5,1.1488816513489553,0.20066944174613713,2.9572862141510887,50.0,0.000581307,1.0,9.0,0.32031502386428023
6,1.3760767812832497,0.6681248577950696,2.6695089810321004,149.0,0.001655014,2.0,23.0,0.9444069624436882
7,2.107865183957069,0.4707683644951454,3.7647463129609573,176.0,0.002007948,4.0,41.0,1.7211456671548961
8,2.0811342087927884,1.448881168482694,3.3744736034143417,153.0,0.001812861,6.0,83.0,2.8993717455777444
9,2.802472347597919,1.479557385647368,4.352613471149133,243.0,0.017817376,12.0,105.0,2.3340432851196535
10,0.6491136396295009,0.27273246472549767,1.305226730708305,271.0,0.005767541,4.0,48.0,0.7559050971646943
11,2.2632319914635537,1.3451045683140126,3.6164630706492087,800.0,0.029078654,20.0,245.0,2.935477960532355
1,NaN,NaN,NaN,0.0,0.0,1.0,11.0,12.447826175122383
2,8.343998989129622,4.093548322431151,11.986072539407346,859.0,0.021248549,7.0,22.0,5.5032943660737015
3,3.5089770729405187,1.597755391960333,6.7816495075267405,175.0,0.001778206,8.0,15.0,1.572539192440177
4,2.4190419885371037,1.558072816874491,3.3334996779751322,213.0,0.002264538,14.0,47.0,3.968106824857509
5,0.15819470764494772,0.022153210246785533,0.3651996651296879,351.0,0.004274813,1.0,9.0,0.32031502386428023
6,0.703478077412282,0.3725682345229253,1.0220223042709735,286.0,0.003985606,5.0,23.0,0.9444069624436882
7,1.254747534883823,0.813462942840467,1.812704696760192,204.0,0.002557507,7.0,41.0,1.7211456671548961
8,2.8134732768700292,1.8417467938496703,3.6817446554874076,818.0,0.02288026,17.0,83.0,2.8993717455777444
9,1.985593930939095,1.0505872404261276,2.5234086949574714,532.0,0.023249158,17.0,105.0,2.3340432851196535
10,1.1366181265844364,0.880426263379432,1.4576743170774378,621.0,0.026642741,15.0,48.0,0.7559050971646943
11,3.1763207833918523,2.587930804949403,3.804549502113111,953.0,0.057654807,54.0,245.0,2.935477960532355
1,NaN,NaN,NaN,0.0,0.0,3.0,11.0,12.447826175122383
2,6.394956290270919,2.565171750239715,9.485268080325762,720.0,0.008110371,8.0,22.0,5.5032943660737015
3,0.653448039157701,0.1574305083475669,1.3049542317568934,113.0,0.014530817,2.0,15.0,1.572539192440177
4,2.308454022098176,1.047497286868891,3.925707716616943,325.0,0.004229089,9.0,47.0,3.968106824857509
5,0.38892392557662736,0.09004105911243301,0.8619107972799219,288.0,0.004143514,1.0,9.0,0.32031502386428023
6,0.8886467761689131,0.37478784785219565,1.2369174065246862,84.0,0.001606971,5.0,23.0,0.9444069624436882
7,2.657561209907886,1.0701955439156072,4.163544914641341,582.0,0.019823695,11.0,41.0,1.7211456671548961
8,3.4489108492651703,2.9908937051402327,4.452085207292273,541.0,0.006824046,26.0,83.0,2.8993717455777444
9,1.9814675013690983,1.468698373074693,2.550669577085605,887.0,0.091636408,29.0,105.0,2.3340432851196535
10,0.7153517021767948,0.49317430430994047,0.9853815510750001,1111.0,0.036776066,14.0,48.0,0.7559050971646943
11,3.422094422267212,2.634707544245323,4.429301623258589,2309.0,0.097449027,79.0,245.0,2.935477960532355
1,NaN,NaN,NaN,0.0,0.0,1.0,11.0,12.447826175122383
2,13.353632397014882,7.320224987254251,20.388014754882196,4731.0,0.087629121,12.0,22.0,5.5032943660737015
3,1.8786163102607332,0.9868194212297846,3.4029038680379147,160.0,0.001615783,6.0,15.0,1.572539192440177
4,3.1231778217022184,2.408414355735951,4.143931221187177,833.0,0.009733342,21.0,47.0,3.968106824857509
5,0.510197649712997,0.22233495531560402,0.9116385901287583,341.0,0.015798185,4.0,9.0,0.32031502386428023
6,1.0643670342629052,0.5638363617933551,1.7866610549042838,443.0,0.005894069,9.0,23.0,0.9444069624436882
7,1.7063631970646171,1.230270992761854,2.5456591688410724,532.0,0.018964485,17.0,41.0,1.7211456671548961
8,2.645960059823572,2.0826597376142924,3.2395238640126154,1432.0,0.041402653,34.0,83.0,2.8993717455777444
9,1.8676708815454126,1.3643329473611112,2.234155681043073,1665.0,0.124862055,38.0,105.0,2.3340432851196535
10,0.7216347312532718,0.5043870230642109,0.9810405154434856,1558.0,0.057120395,18.0,48.0,0.7559050971646943
11,3.5054132774094042,2.8396921983943195,3.9532302764513583,5574.0,0.300004951,111.0,245.0,2.935477960532355
1,NaN,NaN,NaN,0.0,0.0,4.0,11.0,12.447826175122383
2,3.7003342577621856,1.4936159555228974,6.338817712240641,186.0,0.002264458,6.0,22.0,5.5032943660737015
3,2.816348250285258,1.7176239749750795,3.8686606943283603,379.0,0.003554671,9.0,15.0,1.572539192440177
4,4.743476821725652,3.313168498298359,6.386982972485985,1035.0,0.025219569,30.0,47.0,3.968106824857509
5,0.3710749608889398,0.270830172274206,0.511435635094096,428.0,0.004990476,5.0,9.0,0.32031502386428023
6,0.8252099938580608,0.6332087277197046,1.0695200982257929,379.0,0.017971349,11.0,23.0,0.9444069624436882
7,1.5826744619340771,1.0611925468373322,1.965643307248067,862.0,0.009374788,20.0,41.0,1.7211456671548961
8,2.708260088271659,2.4469033494040238,2.971157616077435,976.0,0.024575845,41.0,83.0,2.8993717455777444
9,2.0641509939806966,1.7900955699194503,2.3817408238272115,2116.0,0.094914338,46.0,105.0,2.3340432851196535
10,0.9396056479632915,0.7394319507785577,1.2594076904028406,1898.0,0.07931165,27.0,48.0,0.7559050971646943
11,3.3754339369318656,2.8715338056993827,4.06249825510504,2047.0,0.141844997,131.0,245.0,2.935477960532355
1,NaN,NaN,NaN,0.0,0.0,7.0,11.0,12.447826175122383
2,4.887878971892697,3.122500051287463,8.349233595413143,746.0,0.020265695,13.0,22.0,5.5032943660737015
3,1.406487744384266,0.8115186500388675,1.9376161829334815,270.0,0.002672831,7.0,15.0,1.572539192440177
4,2.6290331237892315,1.9165574790554947,3.994126716636197,715.0,0.021137047,26.0,47.0,3.968106824857509
5,0.6648819013540282,0.2540406005105955,1.2799634539428144,753.0,0.009068606,7.0,9.0,0.32031502386428023
6,1.0648415401092597,0.7644086968532837,1.4054655381251273,326.0,0.017275551,14.0,23.0,0.9444069624436882
7,2.1996440393063503,1.8942267467628857,2.6257672616911476,1141.0,0.025535703,31.0,41.0,1.7211456671548961
8,2.3274002189362166,1.742968426198412,2.8385389912645524,1670.0,0.033426301,45.0,83.0,2.8993717455777444
9,2.1866735872845724,1.8319151162855567,2.485933536416353,1577.0,0.070871182,63.0,105.0,2.3340432851196535
10,0.8431938627507887,0.6776438262392738,1.0016398200592795,1619.0,0.060183582,32.0,48.0,0.7559050971646943
11,2.88299401565682,2.4843021885096124,3.140816433186254,3140.0,0.195044771,148.0,245.0,2.935477960532355
1,NaN,NaN,NaN,0.0,0.0,10.0,11.0,12.447826175122383
2,4.262164911012539,2.3346342771844277,6.37409202412784,773.0,0.007803517,17.0,22.0,5.5032943660737015
3,1.689460768989345,1.1687125013418644,2.0908072701437335,420.0,0.017249178,12.0,15.0,1.572539192440177
4,2.5530678617117433,1.8694027349934021,3.3731272779829915,1544.0,0.045020461,34.0,47.0,3.968106824857509
5,0.5069339288032506,0.2531118190024915,0.6919860672851531,611.0,0.007315698,8.0,9.0,0.32031502386428023
6,1.0965015137432501,0.8397007019649044,1.322642401568744,633.0,0.021434528,19.0,23.0,0.9444069624436882
7,1.551306147244785,1.1807902204678586,1.949026384618818,814.0,0.008949363,29.0,41.0,1.7211456671548961
8,2.738430753499913,2.4167750011358216,3.1507556499750597,2145.0,0.068144339,67.0,83.0,2.8993717455777444
9,1.7956500484533613,1.5928940984536892,1.961979090003398,2248.0,0.084007146,70.0,105.0,2.3340432851196535
10,0.7019328495966934,0.5508505544960729,0.9924897087310415,1579.0,0.122791466,34.0,48.0,0.7559050971646943
11,2.7613423784601236,2.479750303499339,3.1353871304876035,4452.0,0.178425221,168.0,245.0,2.935477960532355
1,NaN,NaN,NaN,0.0,0.0,10.0,11.0,12.447826175122383
2,5.189903547179817,3.6923720884432263,7.082458697478724,657.0,0.006820492,21.0,22.0,5.5032943660737015
3,1.0789468335519263,0.6403554992507363,1.4744170021216692,523.0,0.018359456,9.0,15.0,1.572539192440177
4,2.9624862086805077,2.284953108125516,3.504024356225897,1611.0,0.032881266,40.0,47.0,3.968106824857509
5,0.4533544524786316,0.3750387727101693,0.5199967239879097,639.0,0.020762836,8.0,9.0,0.32031502386428023
6,0.9520731297218392,0.5725230533290084,1.1946930200265196,1269.0,0.086334002,17.0,23.0,0.9444069624436882
7,1.8289964097508953,1.3743419354520363,2.168759676310541,1072.0,0.02556319,34.0,41.0,1.7211456671548961
8,2.5334173483490376,1.945435637229012,3.059074063700668,3134.0,0.086282369,63.0,83.0,2.8993717455777444
9,1.973959645852681,1.7816115407539874,2.3159393142542073,2317.0,0.046959747,79.0,105.0,2.3340432851196535
10,0.8006980668576518,0.6473930769631154,0.9768608329180096,2525.0,0.053043791,41.0,48.0,0.7559050971646943
11,3.2532763840174588,2.947893899027564,3.6144465079006665,3436.0,0.098690701,208.0,245.0,2.935477960532355
1,NaN,NaN,NaN,0.0,0.0,9.0,11.0,12.447826175122383
2,5.555078002831502,3.8765746182055816,7.586538612463186,868.0,0.00869932,19.0,22.0,5.5032943660737015
3,1.7993816125210365,1.3362201816445756,2.268100202923524,343.0,0.003440429,14.0,15.0,1.572539192440177
4,3.155276949822195,2.3490073835381664,3.767226936463587,1832.0,0.022541494,44.0,47.0,3.968106824857509
5,0.44175123581595094,0.20993541802898458,0.6345480307227678,397.0,0.004582534,8.0,9.0,0.32031502386428023
6,0.8588299039292009,0.6233974247842763,1.052236555328486,993.0,0.013172253,21.0,23.0,0.9444069624436882
7,1.6678810772651111,1.1463246520267336,2.180704681462782,1280.0,0.013976371,36.0,41.0,1.7211456671548961
8,2.9296899479685643,2.527050651601851,3.5541841689505085,2288.0,0.031450313,76.0,83.0,2.8993717455777444
9,2.185596727469412,1.9384315236920586,2.5346418968916598,2046.0,0.064429894,98.0,105.0,2.3340432851196535
10,0.70633166929161,0.5808407522652407,0.8771671558013232,2014.0,0.042782262,44.0,48.0,0.7559050971646943
11,2.9835297454671244,2.573534851317228,3.439653701769425,8741.0,0.217079727,221.0,245.0,2.935477960532355
1,NaN,NaN,NaN,0.0,0.0,1.0,3.0,6.24466115019489
2,4.186477027229517,1.7002335243267537,7.227756437681195,133.0,0.001704755,2.0,10.0,8.087977727189779
3,0.9932805335253425,0.12076031419578653,2.166405095067771,42.0,0.000512025,0.0,26.0,5.751434514039611
4,3.349743664642798,0.7807062488969708,7.054396124168933,70.0,0.000784384,4.0,50.0,3.3258175215700603
5,2.336686726730245,0.9753843352073108,4.168670762017613,137.0,0.00146996,4.0,68.0,2.4021498886952473
6,2.3421133919858743,1.527806712287319,3.775889138039199,127.0,0.001461634,5.0,63.0,1.463943246316368
7,2.5518483478405334,1.8501478598748018,3.3453398230693447,306.0,0.003620802,11.0,118.0,2.1205146293967267
8,2.7722361254525656,2.018144621393858,4.15403218500739,1015.0,0.012023449,20.0,153.0,1.8694474847998201
9,3.4475803446091895,2.8741972091857977,4.082544610571937,596.0,0.011898485,40.0,383.0,3.209098503428143
10,2.664575078805439,1.9880550389874383,3.146081073160935,2551.0,0.079967512,63.0,575.0,2.589748759849062
11,1.040044178014856,0.8287681519876982,1.1911222114492668,2165.0,0.046535794,39.0,374.0,1.0261964126831047
1,NaN,NaN,NaN,0.0,0.0,1.0,3.0,6.24466115019489
2,1.793601289323003,0.04182398570737024,5.7524680199704,20.0,0.000695469,0.0,10.0,8.087977727189779
3,7.031236561654275,4.336750297058317,12.72981091209524,870.0,0.008685201,6.0,26.0,5.751434514039611
4,2.2449109394639604,1.5634431505637,3.253616848817088,135.0,0.00149481,5.0,50.0,3.3258175215700603
5,3.0748167128314674,2.0284100787968837,4.0336332106061175,616.0,0.007339779,13.0,68.0,2.4021498886952473
6,1.9879646571915672,0.8765861985874966,3.1787607537144367,486.0,0.006546219,11.0,63.0,1.463943246316368
7,2.779060659582239,2.249143527043456,3.4496942540083277,816.0,0.008968253,29.0,118.0,2.1205146293967267
8,2.1466557075473167,1.8080919771587614,2.718296959619718,1339.0,0.015809031,35.0,153.0,1.8694474847998201
9,3.251925143595161,2.622221414782691,4.014073533651977,4378.0,0.140659959,84.0,383.0,3.209098503428143
10,2.243077853481619,1.9161725267301966,2.6290478423503227,4546.0,0.200303499,110.0,575.0,2.589748759849062
11,0.9738838108289828,0.8181495120233897,1.087312296875317,2740.0,0.109639676,69.0,374.0,1.0261964126831047
1,NaN,NaN,NaN,0.0,0.0,1.0,3.0,6.24466115019489
2,3.8978326193607247,0.5612224945609718,6.61383734703977,113.0,0.001540354,2.0,10.0,8.087977727189779
3,6.490416538206503,4.483560083814137,9.803231673924786,488.0,0.074823474,9.0,26.0,5.751434514039611
4,3.8247097865251596,2.8542250369212576,5.412235205877694,290.0,0.004234556,15.0,50.0,3.3258175215700603
5,2.6214358441798304,1.7995510909555057,4.324152803911675,614.0,0.020233618,23.0,68.0,2.4021498886952473
6,1.003242711911821,0.6971361855077811,1.408554012672782,1030.0,0.026937014,14.0,63.0,1.463943246316368
7,2.421773919128684,2.0203989868107355,2.693234415769489,906.0,0.023142149,38.0,118.0,2.1205146293967267
8,1.927787803194517,1.5154427993708182,2.315270127676524,1007.0,0.025138842,46.0,153.0,1.8694474847998201
9,3.2173035377824584,2.805041685927896,3.7828955817371646,3349.0,0.145364557,117.0,383.0,3.209098503428143
10,2.813667497589707,2.6365886783915324,3.0090972572556836,5237.0,0.256075819,182.0,575.0,2.589748759849062
11,0.9900900718908325,0.8905551382744836,1.1232294147147752,6536.0,0.356072209,103.0,374.0,1.0261964126831047
1,NaN,NaN,NaN,0.0,0.0,1.0,3.0,6.24466115019489
2,4.322098235286212,0.47792048312174495,7.643124343701068,48.0,0.000938753,1.0,10.0,8.087977727189779
3,7.369304661223941,4.0673898771689245,11.08446576566256,1038.0,0.010437797,10.0,26.0,5.751434514039611
4,3.910563713511805,2.555789550986348,4.977478224557295,1060.0,0.035030251,18.0,50.0,3.3258175215700603
5,2.618431857028427,1.9626058614439577,3.151650176946426,670.0,0.008074064,26.0,68.0,2.4021498886952473
6,1.8191804505625744,1.2867186676644113,2.6595291216202153,1413.0,0.050048597,32.0,63.0,1.463943246316368
7,1.8298190029193921,1.5190756687060656,2.30945439900223,2236.0,0.047234181,45.0,118.0,2.1205146293967267
8,1.4255885607016663,1.0501335768407623,1.6145395251950907,2021.0,0.05824277,45.0,153.0,1.8694474847998201
9,3.916015861613377,3.5388868777232196,4.1591406449275885,3340.0,0.181136818,175.0,383.0,3.209098503428143
10,2.69317923008135,2.5084865489541257,2.932502637480435,9234.0,0.45394851,229.0,575.0,2.589748759849062
11,0.9155978578785667,0.7996386555225355,1.0368192704387198,5648.0,0.233224545,136.0,374.0,1.0261964126831047
1,NaN,NaN,NaN,0.0,0.0,1.0,3.0,6.24466115019489
2,9.764880476820215,5.980042475347041,12.979973637436522,1114.0,0.024199306,8.0,10.0,8.087977727189779
3,4.023415164857221,2.1738709687270936,6.25133703055969,502.0,0.018124287,12.0,26.0,5.751434514039611
4,3.921901288434552,2.8344155298542226,4.959335810486958,741.0,0.071548964,27.0,50.0,3.3258175215700603
5,2.4671058638262884,2.1494203837119636,2.8252420390608255,781.0,0.019502903,37.0,68.0,2.4021498886952473
6,1.241557544226001,0.9840795824882106,1.6099059128237876,1493.0,0.059104731,31.0,63.0,1.463943246316368
7,1.9602595668702627,1.6225119049004133,2.1743440032358494,1322.0,0.037816221,56.0,118.0,2.1205146293967267
8,1.8637908382849262,1.612264316601175,2.1763762566284526,2423.0,0.067170237,76.0,153.0,1.8694474847998201
9,3.3265410672490474,2.867217136305323,3.7581045253212713,3497.0,0.141329729,193.0,383.0,3.209098503428143
10,2.423908816156326,2.2871513100421104,2.5404623537249105,11086.0,0.601742496,274.0,575.0,2.589748759849062
11,1.1694536534656597,1.0340567696891356,1.319321938400578,7430.0,0.255817711,196.0,374.0,1.0261964126831047
1,NaN,NaN,NaN,0.0,0.0,3.0,3.0,6.24466115019489
2,4.809155253188217,2.081849834639119,6.41012484387697,375.0,0.003836234,6.0,10.0,8.087977727189779
3,4.209469820217142,2.5971559019923443,6.234905168481096,985.0,0.010025669,14.0,26.0,5.751434514039611
4,3.445429336227133,2.863139533072888,4.346995652685374,648.0,0.007257903,25.0,50.0,3.3258175215700603
5,2.6345966541338663,2.3355986053197224,3.2233745160525196,1657.0,0.021482762,35.0,68.0,2.4021498886952473
6,1.647003847752393,1.3377642567610553,2.2019218655957,1432.0,0.019118629,37.0,63.0,1.463943246316368
7,2.2594162718787585,2.0154889295665894,2.78972763620419,1069.0,0.011401416,70.0,118.0,2.1205146293967267
8,2.1581153731511717,1.95811661919862,2.453722469856568,2150.0,0.029014095,103.0,153.0,1.8694474847998201
9,3.0317774323764923,2.872945236763659,3.44033481963209,5972.0,0.143355623,220.0,383.0,3.209098503428143
10,2.650807777300391,2.503968863113692,2.8572890588872526,19258.0,0.836586365,357.0,575.0,2.589748759849062
11,1.0524529793179849,0.938057054009534,1.162045221940726,7025.0,0.246325358,215.0,374.0,1.0261964126831047
1,NaN,NaN,NaN,0.0,0.0,2.0,3.0,6.24466115019489
2,4.838612160260037,2.8635604762969438,7.434016967996487,192.0,0.002317807,5.0,10.0,8.087977727189779
3,6.998247633235531,6.0272489195609245,10.054391843611398,1100.0,0.011494272,21.0,26.0,5.751434514039611
4,3.5936165000950573,2.543159034476242,4.468260870115557,583.0,0.006466206,31.0,50.0,3.3258175215700603
5,2.6455725124886755,2.1575712229570447,3.070975927641031,2657.0,0.035356002,51.0,68.0,2.4021498886952473
6,1.2843468306314751,1.0087064996982231,1.585418487596592,1633.0,0.021557134,41.0,63.0,1.463943246316368
7,2.0116137896599398,1.843899041907712,2.55941996788947,4474.0,0.088798723,83.0,118.0,2.1205146293967267
8,1.8082077757886204,1.5813704026407243,2.0221918345392895,4157.0,0.068815466,106.0,153.0,1.8694474847998201
9,3.101304136810355,2.8507679560912287,3.4125752576974646,6172.0,0.143296465,260.0,383.0,3.209098503428143
10,2.771200313984253,2.505938343607358,3.0737839293596085,16463.0,0.838249199,402.0,575.0,2.589748759849062
11,1.0670083844987388,0.9698164132362019,1.1796141637631818,10495.0,0.268219527,253.0,374.0,1.0261964126831047
1,NaN,NaN,NaN,0.0,0.0,2.0,3.0,6.24466115019489
2,8.486981921096795,5.684564909395841,12.809095179273296,853.0,0.008255997,10.0,10.0,8.087977727189779
3,4.624916385176271,3.573003462841629,6.018586509929477,981.0,0.009983964,20.0,26.0,5.751434514039611
4,3.5877553933052737,2.469491632211254,4.936443990193265,1482.0,0.018000965,42.0,50.0,3.3258175215700603
5,2.3147256729820995,2.0990275195193555,2.5368233569245158,2239.0,0.029477541,55.0,68.0,2.4021498886952473
6,1.478841706098184,1.2055601835730991,1.79854340678028,1586.0,0.021284388,49.0,63.0,1.463943246316368
7,2.1289087258108035,1.8187146366274447,2.448533106538722,3041.0,0.062044013,100.0,118.0,2.1205146293967267
8,1.8959230522577624,1.674526040814589,2.114703913474416,4738.0,0.074999277,125.0,153.0,1.8694474847998201
9,3.2225931957268434,3.046013449577655,3.5835422648334783,10204.0,0.460441086,315.0,383.0,3.209098503428143
10,2.5985971462823088,2.42112317298498,2.7551476006565303,14927.0,0.776190306,461.0,575.0,2.589748759849062
11,1.061075942257093,1.0227226378416925,1.1294974744648667,17895.0,0.901441599,296.0,374.0,1.0261964126831047
1,NaN,NaN,NaN,0.0,0.0,2.0,3.0,6.24466115019489
2,7.293793989442536,3.478861989549513,11.895693030696215,542.0,0.005431514,8.0,10.0,8.087977727189779
3,6.741478052436067,5.267803192911852,8.325879906841358,1954.0,0.047615268,25.0,26.0,5.751434514039611
4,4.125468932945969,2.9543799631426486,5.245760550295567,1716.0,0.034330055,48.0,50.0,3.3258175215700603
5,2.125261134554527,1.9526501707401958,2.316148035627811,2390.0,0.128894251,58.0,68.0,2.4021498886952473
6,1.3948949153980397,1.2769816773754952,1.6261407334438218,2202.0,0.056559057,58.0,63.0,1.463943246316368
7,2.1057926436254335,1.9000983529670483,2.337432483605679,3145.0,0.077189781,110.0,118.0,2.1205146293967267
8,1.8916495670955036,1.5939935781559316,2.238612655713595,3473.0,0.105476778,136.0,153.0,1.8694474847998201
9,3.2427595925885084,2.945580844960224,3.6124364900717185,10706.0,0.470368654,345.0,383.0,3.209098503428143
10,2.5988921124862125,2.4906528109696193,2.7325637440938375,13964.0,0.678573599,512.0,575.0,2.589748759849062
11,1.114679492766682,1.0466803812383425,1.2121712623270269,12619.0,0.669035639,338.0,374.0,1.0261964126831047
1,NaN,NaN,NaN,0.0,0.0,4.0,32.0,37.26817788101151
2,3.012960856909866,1.2508569378019814,6.176651035764155,118.0,0.00165879,3.0,19.0,3.239478707006538
3,0.591449965797415,0.24216437150303718,1.056777291097526,105.0,0.001005753,1.0,5.0,0.3033333339517344
4,4.925688848290081,2.741203415009355,6.728202963919404,578.0,0.019168844,14.0,127.0,5.905575392677347
5,1.1184933292650272,0.6190563347620555,1.6040408646395898,231.0,0.002501542,6.0,90.0,2.007426344206862
6,2.2726633975269364,1.8192534792591852,2.850444724903281,333.0,0.004262996,16.0,109.0,1.2155092997354826
7,0.11004681032900784,0.03672365352612818,0.24172204287481974,128.0,0.014497511,0.0,4.0,0.07650117781126257
8,4.013790123418554,3.275544372792513,5.065869731060062,2533.0,0.070045353,39.0,318.0,3.724884296985471
9,1.0820208680747894,0.5987152818421662,1.512209552923094,501.0,0.023050541,14.0,137.0,1.0332481614431566
10,0.7928908058866935,0.5870965919184867,0.9500487542565953,688.0,0.027629416,16.0,144.0,0.9103953641368805
11,0.42507738619139757,0.23503686815015826,0.7339167575512082,608.0,0.025949891,6.0,53.0,0.4394642830046484
1,NaN,NaN,NaN,0.0,0.0,8.0,32.0,37.26817788101151
2,0.9589215518815472,0.1814967184370248,1.8936013722768736,126.0,0.001931704,3.0,19.0,3.239478707006538
3,0.24513068934347637,0.02998447328781302,0.7042169904867239,106.0,0.001161246,0.0,5.0,0.3033333339517344
4,6.594753147512823,4.524847699415755,8.20736712491955,2029.0,0.051987406,27.0,127.0,5.905575392677347
5,2.17528301752437,1.4837124331281801,2.760013393345876,882.0,0.024787807,20.0,90.0,2.007426344206862
6,1.4566211096838786,1.092781458455489,1.91037257021061,1020.0,0.027524375,25.0,109.0,1.2155092997354826
7,0.10199953940620146,0.025485743144639986,0.2353718065643859,683.0,0.020758139,1.0,4.0,0.07650117781126257
8,3.7867470554536156,2.8854288117861584,4.444012994432502,2877.0,0.130327003,67.0,318.0,3.724884296985471
9,0.7707274583174718,0.5150174982452064,0.9814506780029959,721.0,0.032376839,22.0,137.0,1.0332481614431566
10,0.7735225523972497,0.644555724985864,0.9426360037870001,1369.0,0.055118512,26.0,144.0,0.9103953641368805
11,0.19985725664807827,0.08523542165537948,0.3476967706651949,671.0,0.027337645,5.0,53.0,0.4394642830046484
1,NaN,NaN,NaN,0.0,0.0,8.0,32.0,37.26817788101151
2,2.3824641574611984,1.2014056702198628,4.189351635712724,242.0,0.002996037,5.0,19.0,3.239478707006538
3,0.4307552558402266,0.19507927724426063,1.0112400885283752,235.0,0.015410299,1.0,5.0,0.3033333339517344
4,7.870260658184085,5.994254797317481,9.753556847852389,4048.0,0.094251931,46.0,127.0,5.905575392677347
5,1.2763169074211125,0.9788798754445984,1.8324954144548262,498.0,0.005887478,21.0,90.0,2.007426344206862
6,1.1717227409809357,0.9652200102406493,1.5314610599064442,1262.0,0.09590942,28.0,109.0,1.2155092997354826
7,0.022876795366935453,0.0016647601043167943,0.054942052499256024,674.0,0.008086914,0.0,4.0,0.07650117781126257
8,4.457784044791296,4.122866489981508,4.881413138545023,3041.0,0.098070363,102.0,318.0,3.724884296985471
9,1.0685041901982206,0.7225790430249281,1.5034867136504728,2657.0,0.105650088,40.0,137.0,1.0332481614431566
10,1.016943667958175,0.7164877575083047,1.242727718282627,2459.0,0.103940017,51.0,144.0,0.9103953641368805
11,0.4294181382156304,0.33085191585879414,0.612317462527527,1598.0,0.128919309,20.0,53.0,0.4394642830046484
1,NaN,NaN,NaN,0.0,0.0,8.0,32.0,37.26817788101151
2,2.4125286133452652,1.671529856384213,3.2298657767375247,131.0,0.001953606,7.0,19.0,3.239478707006538
3,0.45575343557232706,0.22517617254818606,0.958385598299967,175.0,0.001740877,1.0,5.0,0.3033333339517344
4,7.984853640730781,5.98752647210684,10.828052478723768,2919.0,0.080552826,50.0,127.0,5.905575392677347
5,1.6522081993900564,1.3195010536351277,2.188147682535046,843.0,0.023254165,30.0,90.0,2.007426344206862
6,1.69312658448565,1.3838610312332562,2.197163209053304,1219.0,0.029412662,46.0,109.0,1.2155092997354826
7,0.05035084684222518,0.01071057473747859,0.08329265038906769,803.0,0.021843673,1.0,4.0,0.07650117781126257
8,4.090969911101505,3.4649304991905225,4.8090353475139205,8274.0,0.309298817,127.0,318.0,3.724884296985471
9,0.9812210821813572,0.7027496487870861,1.1993578386623565,2674.0,0.105904136,53.0,137.0,1.0332481614431566
10,0.8376984350499364,0.6733433335635525,0.975045625191144,2159.0,0.089526513,57.0,144.0,0.9103953641368805
11,0.3363285989125717,0.15307313672094253,0.43538423140643523,1628.0,0.129715238,22.0,53.0,0.4394642830046484
1,NaN,NaN,NaN,0.0,0.0,20.0,32.0,37.26817788101151
2,2.0051712238050428,1.5138162841106788,2.6873998133351424,246.0,0.002981819,14.0,19.0,3.239478707006538
3,0.3051834735350095,0.14933157515361542,0.6038579046583363,421.0,0.017255742,3.0,5.0,0.3033333339517344
4,4.75772124941239,3.822734881683607,5.887783807006512,3247.0,0.080138236,61.0,127.0,5.905575392677347
5,1.7788575418946952,1.4614860008905304,2.2221813561961383,2588.0,0.060219958,47.0,90.0,2.007426344206862
6,1.2908132373404835,1.0892674746474291,1.4915700040745057,2242.0,0.069157425,49.0,109.0,1.2155092997354826
7,0.110572738201417,0.05194452863408162,0.19687237083482406,2200.0,0.05691412,3.0,4.0,0.07650117781126257
8,4.183874949077937,3.826343286922414,4.723503682620331,5412.0,0.195199005,162.0,318.0,3.724884296985471
9,0.9988166758029111,0.8199533057346234,1.2180423181853943,2820.0,0.121834923,66.0,137.0,1.0332481614431566
10,0.9039964106591407,0.7461363484923254,1.0649518966375744,4367.0,0.2432575,75.0,144.0,0.9103953641368805
11,0.33319131844131805,0.2656712210964401,0.4077373329909812,2261.0,0.087084543,25.0,53.0,0.4394642830046484
1,NaN,NaN,NaN,0.0,0.0,19.0,32.0,37.26817788101151
2,2.2134301021178415,1.5754205644175496,2.8223156588960583,406.0,0.017612774,15.0,19.0,3.239478707006538
3,0.5337086123554138,0.20891953351675657,1.0118439996194528,380.0,0.003871159,5.0,5.0,0.3033333339517344
4,5.504410495131871,4.863722153370723,6.1300811272170055,4118.0,0.104048886,71.0,127.0,5.905575392677347
5,1.792786064034047,1.4453441907711595,2.1795974237960714,2935.0,0.100426768,53.0,90.0,2.007426344206862
6,1.6875350811043206,1.3193032974753076,1.9521847511618369,1863.0,0.108482565,68.0,109.0,1.2155092997354826
7,0.03607396490831099,0.014184024029723793,0.061520576186204115,833.0,0.02193443,1.0,4.0,0.07650117781126257
8,3.576029459714075,3.227612323296636,4.053209495005374,6846.0,0.222840031,178.0,318.0,3.724884296985471
9,1.0826418284490569,0.9849343827135585,1.2250637200272196,3417.0,0.182018442,82.0,137.0,1.0332481614431566
10,0.9272766496886773,0.7694736014329996,1.0172934414481543,6007.0,0.218989677,83.0,144.0,0.9103953641368805
11,0.3373066668133166,0.2461990621661466,0.46035778715828735,2225.0,0.079653818,32.0,53.0,0.4394642830046484
1,NaN,NaN,NaN,0.0,0.0,20.0,32.0,37.26817788101151
2,2.2762103479890508,1.6822195201146135,3.324969620898138,462.0,0.005080171,15.0,19.0,3.239478707006538
3,0.3903464889476985,0.210547965105776,0.7256361135719444,326.0,0.003203355,4.0,5.0,0.3033333339517344
4,6.627769871458421,5.415397835799598,7.913030300918101,4249.0,0.094942414,93.0,127.0,5.905575392677347
5,1.9494122163154533,1.4685310276944756,2.4184295635789517,2433.0,0.071373829,70.0,90.0,2.007426344206862
6,1.3692396737363828,1.1968570953028195,1.5565084838692107,1893.0,0.051789038,76.0,109.0,1.2155092997354826
7,0.05058206802817063,0.019880600568244863,0.08946340615194814,2314.0,0.104261472,3.0,4.0,0.07650117781126257
8,3.677185818715222,3.301299157120618,4.146133463442865,12393.0,0.467194483,228.0,318.0,3.724884296985471
9,0.8772814669807346,0.8010996371759637,0.9941351958309015,3351.0,0.119547882,86.0,137.0,1.0332481614431566
10,0.8671967288070166,0.7514278439140296,0.9557166502997316,2822.0,0.124813672,103.0,144.0,0.9103953641368805
11,0.38241175637745733,0.31793195472036595,0.4380482439419217,3197.0,0.196618622,41.0,53.0,0.4394642830046484
1,NaN,NaN,NaN,0.0,0.0,22.0,32.0,37.26817788101151
2,2.2441087186502857,1.577718205260693,3.11183643235962,590.0,0.006271832,14.0,19.0,3.239478707006538
3,0.43670978044680736,0.13892602025530362,0.9990499701088217,278.0,0.002739683,3.0,5.0,0.3033333339517344
4,7.016013966567411,5.85737174590741,8.691676472576024,5593.0,0.0709748,101.0,127.0,5.905575392677347
5,2.0079071312733503,1.6087568447292442,2.294453850868308,1376.0,0.017327607,75.0,90.0,2.007426344206862
6,1.524330053021052,1.36485924996997,1.7222571208936843,5486.0,0.179708051,90.0,109.0,1.2155092997354826
7,0.07289676151317856,0.030533924284961125,0.13574324064634827,2496.0,0.070380796,4.0,4.0,0.07650117781126257
8,3.7272611959824276,3.24867832529857,4.222568686693117,8742.0,0.32160523,253.0,318.0,3.724884296985471
9,1.0356491024844012,0.9448076231083102,1.167917054386116,4126.0,0.165853244,112.0,137.0,1.0332481614431566
10,0.8616317183673106,0.7291921959057501,0.9867189099024395,4293.0,0.237552254,110.0,144.0,0.9103953641368805
11,0.32949401315492716,0.2847094405917841,0.4026233224774567,4423.0,0.18994602,41.0,53.0,0.4394642830046484
1,NaN,NaN,NaN,0.0,0.0,27.0,32.0,37.26817788101151
2,2.3109199490267183,1.5786704324810463,3.38724918195737,659.0,0.020087291,17.0,19.0,3.239478707006538
3,0.42703301706666225,0.1840441714687696,0.6333758878929419,451.0,0.004524307,5.0,5.0,0.3033333339517344
4,6.78589954448802,5.560428049620742,7.710502036578021,6613.0,0.236323549,114.0,127.0,5.905575392677347
5,1.7305719698306548,1.483405235695386,2.153856134090348,2035.0,0.052856992,76.0,90.0,2.007426344206862
6,1.543922694235325,1.3181262567595495,1.7167781620114593,1869.0,0.056248668,100.0,109.0,1.2155092997354826
7,0.07329270339652671,0.041218968589737184,0.12413381569140952,2546.0,0.047820403,4.0,4.0,0.07650117781126257
8,3.6930205988173626,3.3859489127716977,3.9543758885469753,7772.0,0.297437386,274.0,318.0,3.724884296985471
9,0.9924023842323567,0.9301092239493813,1.1038012443178986,4217.0,0.162190451,118.0,137.0,1.0332481614431566
10,0.985540470267664,0.7705906973826836,1.203472682166373,7333.0,0.374179353,137.0,144.0,0.9103953641368805
11,0.3572727670027813,0.30227120956283016,0.4520001149932677,3854.0,0.234605626,49.0,53.0,0.4394642830046484
1,NaN,NaN,NaN,0.0,0.0,3.0,6.0,9.541273766062762
2,0.906967419241823,0.15723288543253777,2.3638465568103713,35.0,0.001007637,0.0,18.0,9.19150925093409
3,3.7475074473467003,1.45044525329942,6.930449721485941,87.0,0.000908885,4.0,55.0,5.946292402661897
4,4.66136199074881,1.9698109981511887,6.2388497199152075,439.0,0.004545124,11.0,157.0,5.070627923002661
5,12.09510830134079,10.79864572627442,13.372137605923953,15913.0,0.51275644,107.0,1001.0,9.29310243604851
6,1.3056100765300933,0.893714041737762,1.588708805678547,1933.0,0.051190272,42.0,559.0,1.4819865399601446
7,0.5702230010039039,0.4429343659960413,0.7764940403106037,1542.0,0.030023693,27.0,323.0,0.6086259537562979
8,0.8843172670145545,0.6785021079047677,1.0264507269808916,1516.0,0.030865453,39.0,355.0,0.6933581721100481
9,2.5074459548411965,2.2026717627019585,2.776051852674242,3195.0,0.179873368,118.0,1024.0,2.1641520841311426
10,4.048699649121492,3.6846306616044755,4.315874839339222,7105.0,0.306420118,293.0,2739.0,3.9408245267449455
11,0.9012575108971015,0.8012222054247372,1.0188754887588165,4412.0,0.258653154,127.0,1141.0,0.8560449992091224
1,NaN,NaN,NaN,0.0,0.0,2.0,6.0,9.541273766062762
2,1.3915497756069337,0.19045277106357622,3.1428191078704346,19.0,0.000801606,0.0,18.0,9.19150925093409
3,7.807319172512092,4.903642827445899,10.452031034208886,1247.0,0.026452644,13.0,55.0,5.946292402661897
4,6.817384686251126,5.280535177887195,8.123528209221448,2416.0,0.056578398,39.0,157.0,5.070627923002661
5,8.149994619121303,7.153685852265798,9.16201310799773,17115.0,0.544338841,191.0,1001.0,9.29310243604851
6,1.57304951791294,1.2760175906335804,1.897500510120321,5419.0,0.22639196,112.0,559.0,1.4819865399601446
7,0.5898801204707731,0.5031372171707762,0.6877913744665524,4362.0,0.108832532,61.0,323.0,0.6086259537562979
8,0.7669964339773865,0.6669011459851426,0.9190858865650424,2194.0,0.07598196,75.0,355.0,0.6933581721100481
9,2.1051638485910695,1.972613982218002,2.2293712311661253,4554.0,0.211983438,199.0,1024.0,2.1641520841311426
10,3.6383600712357476,3.3500673153099165,3.875824567632583,22379.0,0.680383719,505.0,2739.0,3.9408245267449455
11,0.9862884334906438,0.9009809953456929,1.1400023030955724,19416.0,0.478530663,232.0,1141.0,0.8560449992091224
1,NaN,NaN,NaN,0.0,0.0,2.0,6.0,9.541273766062762
2,2.4455686575964317,0.4908427746218529,5.020603249302283,34.0,0.000947551,1.0,18.0,9.19150925093409
3,9.618436836346987,7.224527227515055,11.663994670785039,1603.0,0.017222849,17.0,55.0,5.946292402661897
4,6.092304576718985,5.011052269173884,6.962386864609099,3473.0,0.04375097,51.0,157.0,5.070627923002661
5,9.513060175204862,8.509582247525705,10.387300685027189,29168.0,0.80593581,295.0,1001.0,9.29310243604851
6,1.5518708114370743,1.4652304801928775,1.6865612133511954,4796.0,0.199806112,163.0,559.0,1.4819865399601446
7,0.7047966702155186,0.6086819300393997,0.7809814430953704,11646.0,0.391416881,111.0,323.0,0.6086259537562979
8,0.7533260068377302,0.6758796618648728,0.8952224205503467,13244.0,0.478327353,115.0,355.0,0.6933581721100481
9,1.8043843818136374,1.5694701919369671,1.954539774478626,16222.0,0.77688393,271.0,1024.0,2.1641520841311426
10,3.937220646066669,3.7934737661829474,4.120080802346745,35605.0,1.789719502,810.0,2739.0,3.9408245267449455
11,0.9501441501138552,0.8756998757699409,1.0581391068321222,12978.0,0.620358586,353.0,1141.0,0.8560449992091224
1,NaN,NaN,NaN,0.0,0.0,3.0,6.0,9.541273766062762
2,6.123354783703955,3.2027104418107566,8.2741381402225,475.0,0.004924881,9.0,18.0,9.19150925093409
3,5.048624783352244,3.1976598266799336,7.6942799112823925,885.0,0.022116096,24.0,55.0,5.946292402661897
4,4.602927773380773,4.089935570551669,5.825466977620162,1696.0,0.047001316,61.0,157.0,5.070627923002661
5,9.938832820593905,9.130991361047496,10.576877536875342,42559.0,1.420261292,415.0,1001.0,9.29310243604851
6,1.4962792032434953,1.3564436186698312,1.6013538121478217,3684.0,0.079292461,218.0,559.0,1.4819865399601446
7,0.6138437069283265,0.5715653176819402,0.6690335593225198,9990.0,0.177094013,138.0,323.0,0.6086259537562979
8,0.7162429425846331,0.6585453193183771,0.7551908989038925,8422.0,0.142357998,146.0,355.0,0.6933581721100481
9,2.1170337385202105,1.9667586552985188,2.215983885284027,20318.0,0.804443355,406.0,1024.0,2.1641520841311426
10,3.8295625403051767,3.7083769530890094,3.9201633370746043,38449.0,1.449695029,1076.0,2739.0,3.9408245267449455
11,0.8214701132007972,0.7472807613356206,0.8761419622949477,16419.0,0.724847581,424.0,1141.0,0.8560449992091224
1,NaN,NaN,NaN,0.0,0.0,3.0,6.0,9.541273766062762
2,7.073241726073287,5.0818359648160785,10.973891340391429,1059.0,0.010849732,12.0,18.0,9.19150925093409
3,4.681034845682001,2.9270662310815068,5.745614574450794,653.0,0.006611694,25.0,55.0,5.946292402661897
4,5.395293068698614,4.718068887876128,5.954720204826804,1794.0,0.022173027,82.0,157.0,5.070627923002661
5,9.931782635575804,9.366729552395812,10.239433374251204,56513.0,1.189534892,530.0,1001.0,9.29310243604851
6,1.4137580311735856,1.2792163272846233,1.5278559231747875,10307.0,0.34147127,270.0,559.0,1.4819865399601446
7,0.5633056592726616,0.47575224299534447,0.6429855035811387,11871.0,0.382586423,158.0,323.0,0.6086259537562979
8,0.639646459710766,0.5606563608388687,0.7255418818855669,10078.0,0.308692701,167.0,355.0,0.6933581721100481
9,2.0756760390950206,1.9176969345166428,2.385029147100201,12257.0,0.274663702,501.0,1024.0,2.1641520841311426
10,3.987263922835168,3.785862080936415,4.228445067599712,46937.0,1.557572679,1377.0,2739.0,3.9408245267449455
11,0.8353730007352214,0.7970154523289145,0.8896094119570053,25042.0,1.153306327,541.0,1141.0,0.8560449992091224
1,NaN,NaN,NaN,0.0,0.0,5.0,6.0,9.541273766062762
2,5.225809348925431,3.5421524287551076,7.411798669481432,262.0,0.002977663,11.0,18.0,9.19150925093409
3,4.592654325744337,2.9366012473264584,5.795572691210071,1531.0,0.031449193,32.0,55.0,5.946292402661897
4,4.9181539005713315,4.415152960160615,5.6236038899946745,2626.0,0.068086218,87.0,157.0,5.070627923002661
5,10.357643506427262,9.638117020434823,10.850066014534253,91018.0,2.938104939,600.0,1001.0,9.29310243604851
6,1.5026159020196854,1.4180173446609632,1.6386162093523848,17127.0,0.562807371,325.0,559.0,1.4819865399601446
7,0.6300818523846807,0.5648278332085042,0.7116538589401301,7289.0,0.265914748,202.0,323.0,0.6086259537562979
8,0.6490324985592879,0.6080585730060734,0.6886029431600296,12688.0,0.454259866,197.0,355.0,0.6933581721100481
9,2.2396844349797562,2.091214692519991,2.353830600900015,18804.0,0.883053782,630.0,1024.0,2.1641520841311426
10,3.784297685716475,3.566597286869398,3.9410750652034228,63482.0,2.554388293,1610.0,2739.0,3.9408245267449455
11,0.8784139080765764,0.8298794230821837,0.9233175617928077,47633.0,2.395418388,686.0,1141.0,0.8560449992091224
1,NaN,NaN,NaN,0.0,0.0,5.0,6.0,9.541273766062762
2,7.464332342471643,4.681065803412604,10.625489731632475,443.0,0.004737102,14.0,18.0,9.19150925093409
3,6.075620952550819,4.262781631163722,8.075188280431727,1750.0,0.032304549,40.0,55.0,5.946292402661897
4,5.271390771230059,4.581023245530744,5.938094924407335,2890.0,0.148203485,112.0,157.0,5.070627923002661
5,9.540448762285795,9.145401450095797,10.273208995018262,54923.0,0.892911739,708.0,1001.0,9.29310243604851
6,1.4500957885241028,1.3865343459865251,1.562347937417945,11047.0,0.233588144,367.0,559.0,1.4819865399601446
7,0.6170948814974053,0.5738973569170719,0.6614896429168166,14287.0,0.37099163,231.0,323.0,0.6086259537562979
8,0.7105571413753314,0.6740656790622048,0.7583494344825119,15499.0,0.576885708,251.0,355.0,0.6933581721100481
9,2.2016647195810575,2.072763563971952,2.3153113348802092,18707.0,0.896764271,731.0,1024.0,2.1641520841311426
10,3.804197711286661,3.7216691784325726,3.920107140976275,28736.0,0.81978555,1879.0,2739.0,3.9408245267449455
11,0.8809034046165799,0.8525851652165487,0.9184302126141025,40928.0,2.080907524,802.0,1141.0,0.8560449992091224
1,NaN,NaN,NaN,0.0,0.0,6.0,6.0,9.541273766062762
2,5.905963490493307,4.312202984146595,7.5054140914118115,582.0,0.019054005,15.0,18.0,9.19150925093409
3,5.560955148921104,3.58141545892071,7.2508816386153905,2061.0,0.049166074,48.0,55.0,5.946292402661897
4,5.190483063930559,4.865474753769429,5.872249664868286,4562.0,0.181008253,123.0,157.0,5.070627923002661
5,9.570362865562151,8.976617998542876,10.13282063381265,110428.0,3.548848756,805.0,1001.0,9.29310243604851
6,1.4911053722754892,1.396150535559306,1.5646621583981828,13027.0,0.417757149,440.0,559.0,1.4819865399601446
7,0.6166888456310049,0.5717463921153733,0.6686699817414916,20242.0,0.686330392,258.0,323.0,0.6086259537562979
8,0.7123032008924164,0.6569294541135557,0.7607475088720448,10347.0,0.375195287,273.0,355.0,0.6933581721100481
9,2.150436951953585,2.0483618725569643,2.2089262655681683,32067.0,1.573290241,794.0,1024.0,2.1641520841311426
10,4.01203486363328,3.9392439546181963,4.119326368610208,53405.0,2.608219887,2218.0,2739.0,3.9408245267449455
11,0.8685658142328156,0.8237662523160451,0.9051394508268937,50007.0,1.742276207,911.0,1141.0,0.8560449992091224
1,NaN,NaN,NaN,0.0,0.0,6.0,6.0,9.541273766062762
2,7.177510341659868,4.793920459807087,8.516485647673928,848.0,0.008334195,16.0,18.0,9.19150925093409
3,5.278220977419279,4.113704871837114,6.642474701659722,1386.0,0.028010618,49.0,55.0,5.946292402661897
4,5.49034632538799,4.582217767356803,6.876947761131068,12028.0,0.311842497,142.0,157.0,5.070627923002661
5,9.57318090861622,9.082012428441079,10.127705591864835,86202.0,2.395660128,888.0,1001.0,9.29310243604851
6,1.5994724567278733,1.5255535476519002,1.6500982906039043,29059.0,1.050527512,505.0,559.0,1.4819865399601446
7,0.5999232715476058,0.5643171797521404,0.6345459457419402,5731.0,0.168613448,292.0,323.0,0.6086259537562979
8,0.6902328889576446,0.6459322189370005,0.7434066069262231,20860.0,0.799385717,322.0,355.0,0.6933581721100481
9,2.1714317000727297,2.074552737264449,2.309922508377382,45345.0,2.019279375,929.0,1024.0,2.1641520841311426
10,3.850544809090856,3.712959838875587,4.0041720049237455,43571.0,1.649116948,2464.0,2739.0,3.9408245267449455
11,0.8622222913594015,0.7916342855404424,0.9126298996757078,39673.0,1.283842449,1006.0,1141.0,0.8560449992091224
1,NaN,NaN,NaN,0.0,0.0,1.0,4.0,8.065151842101994
2,2.867475090346794,0.791764272487866,6.21524414105766,61.0,0.001082538,1.0,3.0,4.013151783824936
3,3.2597203841919073,0.9480252442980365,5.290990998364467,215.0,0.002076452,3.0,42.0,11.102877524139256
4,1.8952907648392276,0.6143858418662042,4.738019488854745,110.0,0.001186309,2.0,11.0,0.6046153687469138
5,2.9133648961726797,1.4749973937063183,4.390364469524168,294.0,0.016302941,6.0,56.0,2.977898687352978
6,0.8372673423481789,0.38725971687200705,1.301431899511662,128.0,0.001541936,2.0,27.0,1.022886335720712
7,9.630147108934263,7.956321097832847,13.327970000253213,4068.0,0.086003357,48.0,459.0,9.619946793406449
8,0.39849907079725655,0.17044323531448005,0.7974705742103353,598.0,0.020687319,5.0,117.0,0.7696166126976031
9,2.267970871924549,1.7805289305887626,2.61158593290199,981.0,0.032625263,46.0,442.0,2.029925974507593
10,0.6853816894729656,0.5200899571773202,0.8861575582233807,1132.0,0.098652699,19.0,152.0,0.6338426181570291
11,7.865676561831146,7.165323038729813,8.500425835754276,11248.0,0.547689027,300.0,2896.0,7.648585670600038
1,NaN,NaN,NaN,0.0,0.0,1.0,4.0,8.065151842101994
2,3.416532964182706,0.7096459245638189,8.378161679733633,107.0,0.00148746,2.0,3.0,4.013151783824936
3,8.617626093158584,4.805055669311423,11.729103798447886,1544.0,0.029594549,13.0,42.0,11.102877524139256
4,0.7665531160495574,0.23569704566730865,1.2823305556340179,110.0,0.001269095,3.0,11.0,0.6046153687469138
5,2.535610345226227,1.469956753081888,3.0489490508709842,400.0,0.017659226,17.0,56.0,2.977898687352978
6,0.8643478113575732,0.6557181566127968,1.123120264742129,440.0,0.00576337,7.0,27.0,1.022886335720712
7,6.135056792338497,4.874297999763809,7.687622746469962,7126.0,0.229250911,81.0,459.0,9.619946793406449
8,0.9426888999727018,0.7277019576634872,1.2611473263777602,1101.0,0.026115391,29.0,117.0,0.7696166126976031
9,2.0899742574309217,1.7330849768038339,2.43923873355183,4586.0,0.183831634,89.0,442.0,2.029925974507593
10,0.5974970566816843,0.4023417375585109,0.7831705950081179,2324.0,0.154890252,34.0,152.0,0.6338426181570291
11,7.704876785383986,7.225138563505906,8.138272089458331,40624.0,1.847286145,603.0,2896.0,7.648585670600038
1,NaN,NaN,NaN,0.0,0.0,3.0,4.0,8.065151842101994
2,1.086285068440415,0.06088874169092961,3.346632989183321,33.0,0.000984292,0.0,3.0,4.013151783824936
3,7.315203332901031,4.409595995571917,11.507717709702828,918.0,0.022288923,14.0,42.0,11.102877524139256
4,0.6248289769910839,0.19123026693123277,0.9747597583627651,147.0,0.001640298,2.0,11.0,0.6046153687469138
5,2.793331824617007,2.0926476371527367,3.602308735033303,641.0,0.00767026,17.0,56.0,2.977898687352978
6,0.9924922568729603,0.7686687658664338,1.3953787927106496,508.0,0.093165329,9.0,27.0,1.022886335720712
7,8.97520865117524,7.807023537772529,9.788467648020303,16932.0,0.537097551,139.0,459.0,9.619946793406449
8,0.855322536509226,0.7061451506936611,0.9722102342541422,1049.0,0.026550625,38.0,117.0,0.7696166126976031
9,2.064005378215774,1.4987839663028277,2.486259902916055,2940.0,0.111185605,138.0,442.0,2.029925974507593
10,0.6271554597349168,0.534881716558941,0.7416203195936022,3072.0,0.153216603,50.0,152.0,0.6338426181570291
11,7.36806565387071,7.001547636507344,7.821056507705493,32706.0,0.864779187,889.0,2896.0,7.648585670600038
1,NaN,NaN,NaN,0.0,0.0,2.0,4.0,8.065151842101994
2,0.8519803250372494,0.35737520356685293,1.5608057308741925,20.0,0.013839798,0.0,3.0,4.013151783824936
3,10.917353023506577,7.083044272799645,15.330374656579513,4528.0,0.103672407,19.0,42.0,11.102877524139256
4,1.504698240404727,0.8248998172491051,2.0641082061938705,394.0,0.004239556,8.0,11.0,0.6046153687469138
5,2.8010692555782932,1.9012725534820825,3.94020580975435,1121.0,0.027026313,28.0,56.0,2.977898687352978
6,0.7040973780015715,0.3441264497214424,1.2421968758397643,701.0,0.022358858,11.0,27.0,1.022886335720712
7,7.29148957673593,6.383835518348721,8.338348884644319,9198.0,0.269463237,177.0,459.0,9.619946793406449
8,0.9146583540124521,0.7902281645636541,1.0632535939057088,3446.0,0.103886675,59.0,117.0,0.7696166126976031
9,1.872306314233016,1.699242751331095,2.0723710458235787,4020.0,0.207554207,170.0,442.0,2.029925974507593
10,0.5852124237775878,0.4584158844022965,0.7496645092538994,6473.0,0.279951812,62.0,152.0,0.6338426181570291
11,7.542381238994406,7.392266432539834,7.741075493417862,96306.0,4.520125283,1130.0,2896.0,7.648585670600038
1,NaN,NaN,NaN,0.0,0.0,4.0,4.0,8.065151842101994
2,1.9832933374597033,0.6279832156772492,5.203306116462781,91.0,0.001593475,2.0,3.0,4.013151783824936
3,7.796308147258706,5.08238507870109,10.515500980002336,1145.0,0.012212729,20.0,42.0,11.102877524139256
4,1.1757049927364398,0.6611429595560693,2.4033479545544547,354.0,0.004030073,8.0,11.0,0.6046153687469138
5,2.364092811326945,1.5956802224043751,2.7916065197848496,961.0,0.012408239,25.0,56.0,2.977898687352978
6,0.8131164827501831,0.43440760747813695,1.2455693497778901,342.0,0.004890328,11.0,27.0,1.022886335720712
7,9.15751245800586,8.28148935698003,10.204799757576538,27224.0,0.743656859,224.0,459.0,9.619946793406449
8,0.7118444960743429,0.5413377906888308,0.8484638597998028,1772.0,0.084382942,54.0,117.0,0.7696166126976031
9,2.1255627208272467,1.8645517415374087,2.3748957582544903,7355.0,0.31109825,212.0,442.0,2.029925974507593
10,0.6164342471866666,0.5479214042901097,0.7096209856189339,5438.0,0.27965243,82.0,152.0,0.6338426181570291
11,7.5756233938882405,7.28664019182384,7.812707469013873,171354.0,8.164518249,1437.0,2896.0,7.648585670600038
1,NaN,NaN,NaN,0.0,0.0,3.0,4.0,8.065151842101994
2,2.397682141343554,0.6979210270182236,3.3691221301618888,71.0,0.001314229,1.0,3.0,4.013151783824936
3,10.457419946256472,6.502162239041314,16.499793840225607,3041.0,0.034137785,28.0,42.0,11.102877524139256
4,0.6135043411606502,0.29105325093352996,1.0857391912497338,190.0,0.035502392,6.0,11.0,0.6046153687469138
5,2.9680469923270736,2.1677571780315117,3.962537907440495,1415.0,0.018836003,34.0,56.0,2.977898687352978
6,0.9584046665960244,0.553822775847137,1.2340428534751653,819.0,0.010949028,18.0,27.0,1.022886335720712
7,8.157374442032438,7.732010296232089,8.476807418686986,27374.0,0.454063701,263.0,459.0,9.619946793406449
8,0.7041609716651106,0.5944307222444579,0.9275976769449381,3395.0,0.10679547,66.0,117.0,0.7696166126976031
9,2.1442363585233037,2.063209970039793,2.273208441355047,7222.0,0.336008274,256.0,442.0,2.029925974507593
10,0.6385467564460509,0.5718186582008414,0.7100540425042212,4731.0,0.272276588,97.0,152.0,0.6338426181570291
11,7.714797734921317,7.421772604982702,7.999694018476057,93498.0,4.23354344,1747.0,2896.0,7.648585670600038
1,NaN,NaN,NaN,0.0,0.0,2.0,4.0,8.065151842101994
2,4.356028967177023,2.1536205568592974,7.718245099554923,60.0,0.001158652,3.0,3.0,4.013151783824936
3,10.539876972647056,7.4754770507378385,15.931561305658049,2935.0,0.072023683,27.0,42.0,11.102877524139256
4,0.7055537867359967,0.4797053457897783,1.0434857546283818,306.0,0.003273296,9.0,11.0,0.6046153687469138
5,2.6341923160635785,2.1677394117130193,3.1828337624885847,702.0,0.021558718,39.0,56.0,2.977898687352978
6,1.068745549611126,0.721418371386566,1.3533104448912225,1246.0,0.029709175,24.0,27.0,1.022886335720712
7,8.542006365732961,7.887470540862536,9.329098954519576,32097.0,0.6854779,326.0,459.0,9.619946793406449
8,0.7970874029651762,0.678741910525305,0.9463551823982175,3765.0,0.061393738,91.0,117.0,0.7696166126976031
9,1.963728473406172,1.8584622269889974,2.1236885730788746,8778.0,0.29519363,309.0,442.0,2.029925974507593
10,0.5211301142744855,0.4454418451447395,0.64453726655399,6897.0,0.343520782,102.0,152.0,0.6338426181570291
11,7.531209600069796,7.26506368721171,7.804720171484863,116485.0,5.701541608,2011.0,2896.0,7.648585670600038
1,NaN,NaN,NaN,0.0,0.0,3.0,4.0,8.065151842101994
2,2.059422933249656,0.9433514786912855,3.496196673333567,81.0,0.00142506,2.0,3.0,4.013151783824936
3,13.252644670674348,10.260717503085251,16.76034764274625,8380.0,0.201945552,38.0,42.0,11.102877524139256
4,0.645823324989143,0.34735359462864074,0.9578785276595918,283.0,0.003115819,8.0,11.0,0.6046153687469138
5,2.6782305501342933,2.057503507803082,3.4935344617208526,638.0,0.007804582,49.0,56.0,2.977898687352978
6,0.8893384439375916,0.7067487327300938,1.102124891862377,900.0,0.025244752,23.0,27.0,1.022886335720712
7,8.837618814281175,8.107045658252467,9.79905900794183,43591.0,1.23019513,367.0,459.0,9.619946793406449
8,0.7201367619421053,0.6583155519130202,0.8177370464719524,5641.0,0.105386523,89.0,117.0,0.7696166126976031
9,2.101743475492419,2.0194452503363123,2.1823661685035813,11442.0,0.256478486,356.0,442.0,2.029925974507593
10,0.5500975778084614,0.4939398276733762,0.6133769044926294,13027.0,0.472176903,122.0,152.0,0.6338426181570291
11,7.531497909223018,7.246571457393746,7.669919994253805,142861.0,5.630514694,2313.0,2896.0,7.648585670600038
1,NaN,NaN,NaN,0.0,0.0,4.0,4.0,8.065151842101994
2,2.4578429722480015,1.0153350395237442,4.667459035621974,84.0,0.001376942,3.0,3.0,4.013151783824936
3,11.235418774322225,8.883888465753309,14.808681745292297,7567.0,0.087783421,39.0,42.0,11.102877524139256
4,0.8565953278595101,0.6445813583398936,1.2949377742452992,291.0,0.003114131,10.0,11.0,0.6046153687469138
5,2.758224017815466,2.4501501074996708,3.0678792243185296,1997.0,0.025800503,50.0,56.0,2.977898687352978
6,0.9376865096818175,0.5877461588633496,1.3684708759930926,1550.0,0.020817545,26.0,27.0,1.022886335720712
7,8.721210988683234,8.187618707685044,9.690265024980244,51575.0,1.317173738,407.0,459.0,9.619946793406449
8,0.8130442624559876,0.6979903286258761,0.9749777676675628,4819.0,0.154284466,109.0,117.0,0.7696166126976031
9,2.057635896471685,1.9457096195633339,2.2032882802810545,11580.0,0.508630377,396.0,442.0,2.029925974507593
10,0.5720113847685384,0.4869253656450483,0.6262532063424372,7120.0,0.376152447,135.0,152.0,0.6338426181570291
11,7.669630101473582,7.346784379684746,8.087241387153561,184156.0,8.199044023,2616.0,2896.0,7.648585670600038
1,NaN,NaN,NaN,0.0,0.0,1.0,3.0,4.296419723366595
2,2.157627022771604,0.7559623042699174,4.494634904318716,50.0,0.000899158,1.0,4.0,5.876818660606581
3,5.7880637890975795,2.5642379158227215,8.968280486216647,286.0,0.002932448,5.0,30.0,9.968980397236345
4,0.5537425268480771,0.06683683274675765,1.0995592581685705,58.0,0.000727407,0.0,14.0,1.4135978054954466
5,6.753493707668811,4.600780367954666,8.564040302072058,1068.0,0.026547997,23.0,244.0,9.25890440134248
6,3.8711643425298043,3.160122493707076,5.370734451448446,2472.0,0.072254679,38.0,358.0,3.6924497112255805
7,1.235391887432041,0.8581764159206426,1.694304734556595,1463.0,0.085634899,24.0,244.0,1.3869456580228008
8,3.483553490163726,2.9521848445302874,4.4106622876239445,4356.0,0.133238848,96.0,892.0,3.187917955313135
9,0.9984078849925933,0.7450700458500796,1.1747318019640542,1419.0,0.054343576,49.0,610.0,1.2973594964484616
10,2.622817870109527,2.2603889963065282,3.024899740304896,7060.0,0.343401556,168.0,1720.0,2.586567739017446
11,1.2963673138675569,1.094990935725255,1.5298994483564934,2998.0,0.13124611,117.0,1159.0,1.2352375747505646
1,NaN,NaN,NaN,0.0,0.0,1.0,3.0,4.296419723366595
2,2.192002497787177,0.5696158411655595,3.9972417064086647,54.0,0.001017865,1.0,4.0,5.876818660606581
3,6.119532884902236,3.6051765829397686,11.847791479499437,194.0,0.001864851,5.0,30.0,9.968980397236345
4,1.248990566717151,0.5124834510345394,3.123219729294674,76.0,0.000891228,2.0,14.0,1.4135978054954466
5,9.811896650870503,7.312749438687641,11.739174152561638,6515.0,0.255821109,46.0,244.0,9.25890440134248
6,3.9122152310446348,3.38008321240374,4.560175939158719,1513.0,0.033077879,65.0,358.0,3.6924497112255805
7,1.3094188329701795,1.0071435785129683,1.6583929130912871,1757.0,0.045011823,48.0,244.0,1.3869456580228008
8,3.374210415895091,3.156819574200964,3.7066224184553187,5208.0,0.181404801,175.0,892.0,3.187917955313135
9,1.3501792771171082,1.2288471829725465,1.4325952652611362,4353.0,0.165862644,125.0,610.0,1.2973594964484616
10,2.807689547158592,2.6646700921589854,2.946687197704263,7290.0,0.181661393,363.0,1720.0,2.586567739017446
11,1.2501194385883025,1.1494975555920035,1.3674887176664194,11065.0,0.26502393,237.0,1159.0,1.2352375747505646
1,NaN,NaN,NaN,0.0,0.0,1.0,3.0,4.296419723366595
2,4.370703845351654,1.1184832335049906,7.448899748712735,145.0,0.00181892,2.0,4.0,5.876818660606581
3,6.38647102194623,4.238448220036731,9.431245525623517,714.0,0.020620692,8.0,30.0,9.968980397236345
4,1.269342876081545,0.6205150068764687,2.4826619456829953,119.0,0.001455442,3.0,14.0,1.4135978054954466
5,9.0747285537394,7.227587220663285,10.85687561159413,6266.0,0.234593398,62.0,244.0,9.25890440134248
6,4.797556587054108,4.36562785021802,5.276140487693373,4539.0,0.118118573,111.0,358.0,3.6924497112255805
7,1.2456791089719494,1.0918324543999947,1.5235181404620715,2980.0,0.077994693,72.0,244.0,1.3869456580228008
8,3.397887775670739,2.8533940748521545,3.761107728665275,6728.0,0.253150054,273.0,892.0,3.187917955313135
9,1.0816853749976438,0.9522344271961822,1.2165088996666598,4021.0,0.161810044,148.0,610.0,1.2973594964484616
10,2.899994046336738,2.7854858619086347,3.0318315743396766,13212.0,0.726858377,524.0,1720.0,2.586567739017446
11,1.2804294083502081,1.1782703482268357,1.401498426359125,7654.0,0.395840935,357.0,1159.0,1.2352375747505646
1,NaN,NaN,NaN,0.0,0.0,1.0,3.0,4.296419723366595
2,4.752709811606089,1.3434571690498345,9.95105384665546,102.0,0.001434326,2.0,4.0,5.876818660606581
3,11.179261471194774,8.36866149503663,17.53030783715627,3197.0,0.085474588,20.0,30.0,9.968980397236345
4,1.0077049098770032,0.4106385914709778,1.6285584672554858,140.0,0.001616275,5.0,14.0,1.4135978054954466
5,7.347911900806253,6.436923617024403,7.887226397698087,5396.0,0.1515806,97.0,244.0,9.25890440134248
6,3.870442065537028,3.4500119768523585,4.232695728766715,4837.0,0.184191307,158.0,358.0,3.6924497112255805
7,1.1653599523882943,0.9735067831342801,1.3894028616417873,5805.0,0.180188454,99.0,244.0,1.3869456580228008
8,3.0961127576696534,2.896544826660173,3.2212096897653897,12045.0,0.437968208,359.0,892.0,3.187917955313135
9,1.436841900862771,1.3341854806482945,1.6168057597243763,5027.0,0.258976557,270.0,610.0,1.2973594964484616
10,2.5813314624376127,2.4585928964834545,2.744773387352968,32551.0,1.717844215,694.0,1720.0,2.586567739017446
11,1.1118615354230363,1.044622780535352,1.184168816317704,15443.0,0.514048018,441.0,1159.0,1.2352375747505646
1,NaN,NaN,NaN,0.0,0.0,1.0,3.0,4.296419723366595
2,4.189896831889419,1.9909226028846836,6.2088398654089865,207.0,0.002318642,3.0,4.0,5.876818660606581
3,9.689097937314786,4.268753275090238,11.47843223033318,1781.0,0.03225958,18.0,30.0,9.968980397236345
4,1.0643478937729216,0.5565789683499465,1.799141389253188,413.0,0.017737209,6.0,14.0,1.4135978054954466
5,8.737807349350684,8.14753002014692,9.28756742213598,7987.0,0.221092657,117.0,244.0,9.25890440134248
6,3.573582283999803,3.2900288401298483,3.7787854789171686,5169.0,0.204968183,162.0,358.0,3.6924497112255805
7,1.4064717823932251,1.2530639377222847,1.5599656206891719,5707.0,0.155977855,127.0,244.0,1.3869456580228008
8,3.202139187168992,2.911819513508302,3.41607455196035,15284.0,0.421812983,427.0,892.0,3.187917955313135
9,1.2991791449202015,1.137574149537779,1.4929549259322215,12670.0,0.438707394,294.0,610.0,1.2973594964484616
10,2.774556125157895,2.6380293873510303,2.9084863138742536,17923.0,0.898064764,850.0,1720.0,2.586567739017446
11,1.268022681861785,1.2063001318145599,1.3179466913845648,18714.0,0.938337189,592.0,1159.0,1.2352375747505646
1,NaN,NaN,NaN,0.0,0.0,2.0,3.0,4.296419723366595
2,2.3750287299800346,0.4172387860142048,5.837183210559436,51.0,0.001070627,1.0,4.0,5.876818660606581
3,10.139836126470385,6.677300230910633,14.226068548798201,2790.0,0.070162036,18.0,30.0,9.968980397236345
4,1.4492977230413822,0.7446215578608614,2.375318384664798,460.0,0.078221314,9.0,14.0,1.4135978054954466
5,10.325272708535975,9.09367725666665,11.180158300326937,21793.0,0.659620734,162.0,244.0,9.25890440134248
6,3.5414628805592416,3.226945642832446,3.787545213990762,6075.0,0.249667974,212.0,358.0,3.6924497112255805
7,1.2266443677409649,1.115226352149279,1.3981526228435621,8915.0,0.25986675,146.0,244.0,1.3869456580228008
8,3.0181672940127564,2.789508703653425,3.172682797089313,20548.0,0.724877608,517.0,892.0,3.187917955313135
9,1.2966117507933943,1.2020958526138794,1.4143123123424837,16596.0,0.520279364,356.0,610.0,1.2973594964484616
10,2.7779738203014768,2.5950669984860517,2.8933137961325253,49821.0,2.134509765,1054.0,1720.0,2.586567739017446
11,1.1834363408559903,1.0996849208657793,1.2220460498392383,32281.0,1.323832497,687.0,1159.0,1.2352375747505646
1,NaN,NaN,NaN,0.0,0.0,1.0,3.0,4.296419723366595
2,4.164277942618938,1.3955629521713164,9.151188713564895,153.0,0.001883398,3.0,4.0,5.876818660606581
3,9.078131796235306,5.674302441429036,13.352401782221637,2205.0,0.02428434,20.0,30.0,9.968980397236345
4,1.0700870704898378,0.612798078568254,1.5914316639452186,387.0,0.004104449,8.0,14.0,1.4135978054954466
5,10.604581098399281,9.509439569807132,11.71127017656633,18451.0,0.284258829,164.0,244.0,9.25890440134248
6,4.309737474225878,3.9526821107789734,4.796232790644244,10563.0,0.351295846,262.0,358.0,3.6924497112255805
7,1.2265209835295503,1.1289616336197157,1.3051718941874884,7824.0,0.280276778,170.0,244.0,1.3869456580228008
8,3.2607641052572047,3.0100347653024673,3.414585806784942,8454.0,0.287216181,649.0,892.0,3.187917955313135
9,1.3285043236356746,1.2559058204159566,1.3958556891125968,12731.0,0.588690317,428.0,610.0,1.2973594964484616
10,2.623648371045211,2.475054088540468,2.7544578094108028,26185.0,0.651267955,1192.0,1720.0,2.586567739017446
11,1.2008899092185907,1.1272792131060374,1.25920811387119,40399.0,1.96714405,816.0,1159.0,1.2352375747505646
1,NaN,NaN,NaN,0.0,0.0,2.0,3.0,4.296419723366595
2,4.995967773237472,2.6885071517916326,11.271696735269387,147.0,0.001871289,4.0,4.0,5.876818660606581
3,9.461348925519346,7.161149480893208,14.199120021385314,2416.0,0.039888697,26.0,30.0,9.968980397236345
4,1.6695976928887355,1.3552215023936367,2.140230130024291,419.0,0.004469171,14.0,14.0,1.4135978054954466
5,8.816004007333294,8.238697938506563,9.921412676304863,27369.0,0.666936112,194.0,244.0,9.25890440134248
6,3.8648529815134003,3.503969601364201,4.175531395923625,13896.0,0.254135298,287.0,358.0,3.6924497112255805
7,1.3194659957877,1.235562372399389,1.426194887010162,13422.0,0.423264587,202.0,244.0,1.3869456580228008
8,3.124841673394633,2.9656015925581953,3.2715430014429967,26582.0,0.751075755,725.0,892.0,3.187917955313135
9,1.284105473685679,1.1924121082500525,1.3752017280336297,11145.0,0.38762813,476.0,610.0,1.2973594964484616
10,2.641208964845208,2.539758796743764,2.7354012209905436,46241.0,2.152798788,1359.0,1720.0,2.586567739017446
11,1.2243942679804776,1.1634558659121956,1.312502288944237,48030.0,2.417070733,932.0,1159.0,1.2352375747505646
1,NaN,NaN,NaN,0.0,0.0,3.0,3.0,4.296419723366595
2,3.5666302328460455,1.4986192812248371,6.465446776935932,312.0,0.003456051,4.0,4.0,5.876818660606581
3,7.846942078560995,5.8647682785212165,10.813036547712315,1852.0,0.046736372,27.0,30.0,9.968980397236345
4,1.2272399300919248,0.77235740577562,1.7722394436066198,680.0,0.007989252,13.0,14.0,1.4135978054954466
5,9.624936490318435,8.513704553538625,11.041622691334148,15994.0,0.276651956,221.0,244.0,9.25890440134248
6,3.8118245544466887,3.5502876549015707,4.235994633297448,5861.0,0.082288016,323.0,358.0,3.6924497112255805
7,1.216284486737815,1.1053749285569687,1.3418043468995662,8914.0,0.156261014,219.0,244.0,1.3869456580228008
8,3.167827703760814,3.024246754346748,3.270066752338302,24345.0,0.529785284,788.0,892.0,3.187917955313135
9,1.3448005141064012,1.294091887910094,1.4218758026635336,17551.0,0.563519246,551.0,610.0,1.2973594964484616
10,2.71638748272772,2.6482157550595633,2.8316037962201466,48764.0,1.794800141,1541.0,1720.0,2.586567739017446
11,1.222043061241904,1.1556047355307635,1.280465285324559,31448.0,1.164483095,1039.0,1159.0,1.2352375747505646
1,NaN,NaN,NaN,0.0,0.0,1.0,5.0,11.812775319704233
2,4.989139878576999,2.075794697574479,7.359635453978921,177.0,0.015146807,3.0,11.0,4.734556181852103
3,0.7276435843856288,0.07583956316858684,1.5559775456665432,47.0,0.000564526,0.0,5.0,1.7164841457659872
4,1.9450212042763302,0.48549327728122277,3.2914963847907073,80.0,0.000882908,2.0,20.0,2.5579806429186647
5,4.2937787299440915,2.2543162836266455,6.630377832334157,212.0,0.00224471,6.0,50.0,4.175214281204994
6,1.2856468271917865,0.5161262581084648,2.182310815369205,144.0,0.001752903,3.0,21.0,0.6752483478438616
7,1.3143663278473485,0.9028327363582246,2.0269983179075473,271.0,0.003165596,5.0,66.0,2.008141223374323
8,5.079210960670916,3.7515976514246776,7.228851355824868,1158.0,0.025122232,29.0,375.0,6.495728256380335
9,1.7104845789569274,1.345759784503841,2.3136735396625054,993.0,0.044354919,22.0,342.0,2.1221769734386573
10,0.8262896277473457,0.5541228387885129,1.257535183089365,761.0,0.029155599,14.0,158.0,0.6337270175948009
11,3.17840986535549,2.575084922145315,3.7795230994247335,1454.0,0.067730312,62.0,524.0,2.033363870173881
1,NaN,NaN,NaN,0.0,0.0,1.0,5.0,11.812775319704233
2,2.5872885627475672,0.49319888872144846,8.299042375112144,41.0,0.000913954,1.0,11.0,4.734556181852103
3,0.9322810661009008,0.04094004692664411,4.373443083297303,30.0,0.000399716,0.0,5.0,1.7164841457659872
4,4.957204423125425,2.5059936061325003,9.462857926768477,340.0,0.003473524,5.0,20.0,2.5579806429186647
5,3.2579092304082806,2.0795430817158973,5.167595468476165,236.0,0.00301148,5.0,50.0,4.175214281204994
6,2.167110632865325,1.2468211708879016,3.6052240893747434,274.0,0.017225389,8.0,21.0,0.6752483478438616
7,2.21559187603181,1.6555804441023323,3.0986544053787215,490.0,0.057299312,13.0,66.0,2.008141223374323
8,7.094564397241916,6.467660238061906,7.902773443762577,1802.0,0.048045455,83.0,375.0,6.495728256380335
9,2.0014544730763943,1.7485207207717275,2.224276162517103,1657.0,0.070321683,64.0,342.0,2.1221769734386573
10,0.5366023740874409,0.3457247542178823,0.7476159373513118,1405.0,0.054649885,26.0,158.0,0.6337270175948009
11,1.9436822961002087,1.6627776802205905,2.3111051095839255,3372.0,0.158555249,99.0,524.0,2.033363870173881
1,NaN,NaN,NaN,0.0,0.0,2.0,5.0,11.812775319704233
2,2.8129865228775905,0.9768763075940458,4.646471038446288,151.0,0.001989666,3.0,11.0,4.734556181852103
3,1.5065856109174656,0.6726166568679319,2.856871686671834,75.0,0.000803361,2.0,5.0,1.7164841457659872
4,2.4392354208165674,1.2448727002850029,3.849598090986391,95.0,0.001042428,5.0,20.0,2.5579806429186647
5,4.200935514878205,3.047835840470551,5.262151364665572,453.0,0.057735542,17.0,50.0,4.175214281204994
6,0.8882389407159985,0.3203877664340964,1.4261765170632785,349.0,0.005499194,6.0,21.0,0.6752483478438616
7,2.056167551684843,1.4871976155289812,2.574028568002143,654.0,0.030865688,19.0,66.0,2.008141223374323
8,6.12455330033231,5.230986436497551,7.146823070104687,5326.0,0.163014243,98.0,375.0,6.495728256380335
9,2.3060624926153537,2.0181381925331596,2.626900601858418,4684.0,0.251588233,92.0,342.0,2.1221769734386573
10,0.8650009987260001,0.6873918983987783,1.178053135010344,2573.0,0.110809555,57.0,158.0,0.6337270175948009
11,2.17975970357383,1.9786766694702551,2.319944883414285,4323.0,0.188449992,167.0,524.0,2.033363870173881
1,NaN,NaN,NaN,0.0,0.0,1.0,5.0,11.812775319704233
2,5.6779118306599905,3.48188844861703,11.497305766056067,274.0,0.002986838,3.0,11.0,4.734556181852103
3,2.019767680149993,0.9163014272193276,3.2672990917652265,114.0,0.00116915,3.0,5.0,1.7164841457659872
4,2.354892649989393,1.298595590540648,3.6585445968728987,184.0,0.014948398,6.0,20.0,2.5579806429186647
5,4.984009154025387,3.989733814651839,7.319758764646956,560.0,0.075271257,23.0,50.0,4.175214281204994
6,1.0441411282560078,0.7079430498752853,1.5023802610706345,414.0,0.019605388,10.0,21.0,0.6752483478438616
7,1.7261835360896831,1.3445080250209493,2.381551424978647,615.0,0.006648618,22.0,66.0,2.008141223374323
8,6.685386042346918,5.705398248863524,7.802974664107522,7657.0,0.246937798,146.0,375.0,6.495728256380335
9,1.9162678155190682,1.6757088591338363,2.187435665270875,2854.0,0.183134583,117.0,342.0,2.1221769734386573
10,0.6477312124362264,0.5291307931633588,0.826256695825784,4577.0,0.188551511,62.0,158.0,0.6337270175948009
11,2.1816550101090613,1.9815623088145236,2.3991221996619414,4614.0,0.263823953,213.0,524.0,2.033363870173881
1,NaN,NaN,NaN,0.0,0.0,4.0,5.0,11.812775319704233
2,3.3533432176379883,1.6506434960732852,8.23656722824602,203.0,0.002518838,5.0,11.0,4.734556181852103
3,0.6456430046716781,0.04139763194842419,1.6142431948543805,135.0,0.014418584,1.0,5.0,1.7164841457659872
4,3.244950648373621,1.8367419881303129,5.376732621771368,429.0,0.004517206,10.0,20.0,2.5579806429186647
5,4.097529728440003,3.1086434768765,5.553194166245224,513.0,0.006033642,25.0,50.0,4.175214281204994
6,0.8851531417486702,0.6036009046620394,1.2303607313468494,467.0,0.01909629,10.0,21.0,0.6752483478438616
7,2.2402343700801137,1.5778069253797278,3.0775711583491794,970.0,0.023486151,34.0,66.0,2.008141223374323
8,7.037709054649971,6.223512381370945,8.044974461577661,21878.0,0.824385685,190.0,375.0,6.495728256380335
9,2.139247478587726,1.8150790413565026,2.5264299663137604,4893.0,0.248744323,165.0,342.0,2.1221769734386573
10,0.6941169406855201,0.6131078682864779,0.7866973925998342,3556.0,0.162732194,81.0,158.0,0.6337270175948009
11,1.939385349115606,1.8094658090785931,2.0854493373138765,10420.0,0.499497951,249.0,524.0,2.033363870173881
1,NaN,NaN,NaN,0.0,0.0,3.0,5.0,11.812775319704233
2,3.689460988067771,1.3815871869628449,6.196744039291587,150.0,0.00201735,5.0,11.0,4.734556181852103
3,1.7220198528745354,0.9641330972735938,3.0866872558877056,154.0,0.001538345,4.0,5.0,1.7164841457659872
4,2.7731561136995544,2.152451599187,3.739646333539844,375.0,0.016939237,12.0,20.0,2.5579806429186647
5,3.5733581163176806,2.52393107528113,4.40044736608784,694.0,0.008292384,23.0,50.0,4.175214281204994
6,0.9059460695955582,0.5268901467608884,1.5719080646480934,509.0,0.019621783,11.0,21.0,0.6752483478438616
7,2.5937197931760547,1.9503694041590454,3.0812905493517153,855.0,0.022431052,40.0,66.0,2.008141223374323
8,7.187674465188422,6.318551798960267,8.046381972507907,20990.0,0.851281403,230.0,375.0,6.495728256380335
9,2.556385623075392,2.34823796087345,2.8406871381070897,9523.0,0.451004549,227.0,342.0,2.1221769734386573
10,0.5710642257963702,0.4827363984127582,0.6481467660807616,7191.0,0.287969241,87.0,158.0,0.6337270175948009
11,1.9496186723198885,1.7639606336805311,2.1275958473131973,8756.0,0.444921122,317.0,524.0,2.033363870173881
1,NaN,NaN,NaN,0.0,0.0,5.0,5.0,11.812775319704233
2,3.474804885795841,2.092493640351853,4.659040115469306,146.0,0.01520281,7.0,11.0,4.734556181852103
3,1.28571861580027,0.5612106594907069,1.9774313737210054,116.0,0.001212347,4.0,5.0,1.7164841457659872
4,3.1117545665261743,2.1343802701045984,3.73267422071072,268.0,0.002764905,15.0,20.0,2.5579806429186647
5,4.273274136526359,3.6550095994831353,5.062685841709742,1474.0,0.105627946,39.0,50.0,4.175214281204994
6,0.8502994495250638,0.5440739000930391,1.3455924744860104,917.0,0.024993008,13.0,21.0,0.6752483478438616
7,2.300810490971089,2.038195621942152,2.609049662578692,2211.0,0.049679929,50.0,66.0,2.008141223374323
8,6.629614503200109,6.188191723502251,7.157060267668201,13441.0,0.494053584,265.0,375.0,6.495728256380335
9,2.1806391050636944,1.931601397408591,2.561874861763683,8448.0,0.40505978,245.0,342.0,2.1221769734386573
10,0.620290412467604,0.5154146896764878,0.7584727800212208,3989.0,0.162025984,111.0,158.0,0.6337270175948009
11,1.980893792046907,1.8677086866575077,2.1065866358391174,14718.0,0.617114259,369.0,524.0,2.033363870173881
1,NaN,NaN,NaN,0.0,0.0,4.0,5.0,11.812775319704233
2,6.80513942999512,4.224566125485814,9.941169956577792,517.0,0.005404864,10.0,11.0,4.734556181852103
3,0.9337654712065359,0.4907511277928252,1.5638915832332583,236.0,0.002617673,4.0,5.0,1.7164841457659872
4,2.9009629695044032,2.2087899918183473,3.654389120813086,765.0,0.009084685,16.0,20.0,2.5579806429186647
5,3.717349858487613,2.954628300394617,5.239631664038397,1522.0,0.020179642,40.0,50.0,4.175214281204994
6,1.093484974871607,0.8254284231866206,1.4721246403541899,882.0,0.011997415,18.0,21.0,0.6752483478438616
7,2.2649890197397884,1.9193107865279837,2.6242694222126315,2470.0,0.059875877,54.0,66.0,2.008141223374323
8,6.879160265894839,6.013145553988784,7.529771064099436,8745.0,0.270037705,304.0,375.0,6.495728256380335
9,2.269353517199024,2.0796574673858803,2.438878652981773,8597.0,0.342110592,275.0,342.0,2.1221769734386573
10,0.638507931021381,0.583255790377285,0.7185561139215527,7924.0,0.407586788,122.0,158.0,0.6337270175948009
11,1.9327002197732959,1.8416483064594351,2.051929526027216,18728.0,0.978661212,420.0,524.0,2.033363870173881
1,NaN,NaN,NaN,0.0,0.0,5.0,5.0,11.812775319704233
2,5.505659546858551,2.8595904099114713,9.569151672594003,363.0,0.017009194,10.0,11.0,4.734556181852103
3,1.1278984445570888,0.5532380455684273,1.7943050935546243,182.0,0.001815981,5.0,5.0,1.7164841457659872
4,2.842810258219232,2.160362794031489,3.923649164214213,362.0,0.003783287,18.0,20.0,2.5579806429186647
5,4.2274562986837125,3.275876830688041,5.409258379970374,1588.0,0.046480189,48.0,50.0,4.175214281204994
6,0.9572822346726637,0.7476114327194238,1.1577267783657073,948.0,0.025693766,20.0,21.0,0.6752483478438616
7,2.244585138114247,1.9438343488233765,2.6399360398831098,1861.0,0.032857054,64.0,66.0,2.008141223374323
8,6.650188896497971,6.266680481901037,7.285786414694548,13934.0,0.516748032,348.0,375.0,6.495728256380335
9,2.1396465863304606,2.021471720134726,2.254684687897834,6334.0,0.289704296,305.0,342.0,2.1221769734386573
10,0.6744001557636976,0.6065324930110588,0.7703433225909313,8712.0,0.437654438,148.0,158.0,0.6337270175948009
11,1.9582982880716902,1.8193875347420865,2.188614075078167,13027.0,0.484086842,475.0,524.0,2.033363870173881
1,NaN,NaN,NaN,0.0,0.0,1.0,1.0,2.230764572279728
2,2.688477818647378,0.2633584872168038,5.741967970650437,49.0,0.000951485,1.0,4.0,5.641206023174074
3,2.0364079177002186,0.5402651586744484,3.9441678112465297,63.0,0.000639127,1.0,63.0,16.31961176792555
4,1.3392341000914085,0.3336875033907417,2.5893749944169713,64.0,0.000692407,1.0,25.0,1.1261618347732971
5,4.627740662442446,2.6756354582623048,7.534002698325813,231.0,0.002319907,8.0,108.0,3.274507319182579
6,4.610312231982848,3.5683890208743354,6.6825890950471365,253.0,0.003315542,19.0,204.0,3.0957946725357015
7,1.7819383925601453,1.1943452724078414,2.1924633707370953,538.0,0.006013681,16.0,262.0,2.2756036573894374
8,6.926746722034045,6.1468442684074995,7.879122708299898,9150.0,0.172663764,115.0,1203.0,5.700911802034733
9,2.5303887211370935,2.076422724387215,2.8465001189150447,4246.0,0.111377691,123.0,1193.0,2.267954119017424
10,6.524761100717711,6.10293821610238,6.841812292372667,36141.0,1.783335639,690.0,6598.0,6.078401982226433
11,0.18952310715753157,0.159430930450726,0.234736203730896,11835.0,0.406487876,50.0,553.0,0.21461587619086303
1,NaN,NaN,NaN,0.0,0.0,1.0,1.0,2.230764572279728
2,3.094479998296996,0.7658977343149415,6.337602650674671,32.0,0.000814436,1.0,4.0,5.641206023174074
3,9.641166312129304,6.6399473196681775,14.678979961725737,2471.0,0.066226207,13.0,63.0,16.31961176792555
4,1.1930365367044427,0.43414341483198515,2.029187547936843,224.0,0.00580304,6.0,25.0,1.1261618347732971
5,3.2146513581472576,2.186908059552297,4.030054785445247,969.0,0.024485447,25.0,108.0,3.274507319182579
6,3.6855290950541244,2.9608929591920274,4.447119700072461,1975.0,0.049101814,50.0,204.0,3.0957946725357015
7,1.7284315609822207,1.3977658870952903,2.013791035353458,645.0,0.019796186,46.0,262.0,2.2756036573894374
8,5.513246614445295,4.793718488435831,6.518910445799778,8576.0,0.323970973,241.0,1203.0,5.700911802034733
9,2.1474227653359295,1.9001010327180472,2.393765894530264,12524.0,0.566857578,222.0,1193.0,2.267954119017424
10,5.813928555818303,5.607268101656948,6.012993952623768,37757.0,1.926110949,1249.0,6598.0,6.078401982226433
11,0.23873312454513046,0.19932334101913424,0.2635718277538824,17300.0,0.847864046,117.0,553.0,0.21461587619086303
1,NaN,NaN,NaN,0.0,0.0,1.0,1.0,2.230764572279728
2,4.258623655088331,1.9135115536832972,6.757811688435032,164.0,0.015026236,2.0,4.0,5.641206023174074
3,8.70891400094096,5.222431792013974,13.904227182599971,2105.0,0.036035098,17.0,63.0,16.31961176792555
4,1.2398538373191434,0.6481332901048078,1.7839323274167842,109.0,0.00123759,6.0,25.0,1.1261618347732971
5,3.510550533496964,2.8481485512005484,4.6006655125175095,2076.0,0.066282587,34.0,108.0,3.274507319182579
6,3.510907130844507,2.84716613270259,4.417948851393306,3117.0,0.081121476,66.0,204.0,3.0957946725357015
7,2.3387666695835105,2.011084097076311,2.6864562542424477,2840.0,0.077599659,89.0,262.0,2.2756036573894374
8,4.878048877187952,4.471863874458323,5.321559838034429,8866.0,0.322141885,347.0,1203.0,5.700911802034733
9,2.250493169084185,1.9944824611439098,2.466975756494009,12836.0,0.642848559,372.0,1193.0,2.267954119017424
10,5.973403743752074,5.793222648431335,6.2593404617115596,158165.0,6.955813441,1968.0,6598.0,6.078401982226433
11,0.20922917080598563,0.17726402295613652,0.24083993002508403,31187.0,1.462416621,156.0,553.0,0.21461587619086303
1,NaN,NaN,NaN,0.0,0.0,1.0,1.0,2.230764572279728
2,1.9171644774657015,0.054648008856551536,5.49314918950507,19.0,0.000680521,0.0,4.0,5.641206023174074
3,16.346225909511695,12.070385352992062,21.410847613514896,68389.0,1.60452985,23.0,63.0,16.31961176792555
4,1.5895779179620697,1.1013151714373313,2.286907977830521,304.0,0.003205054,11.0,25.0,1.1261618347732971
5,3.8945220992306675,2.8884299345270774,5.492794514089267,1338.0,0.029941105,49.0,108.0,3.274507319182579
6,3.306192133708027,2.8301217244002888,3.68839193742614,2981.0,0.080365521,81.0,204.0,3.0957946725357015
7,2.231012408224397,2.0052860573146942,2.3962078774043833,2060.0,0.119788946,106.0,262.0,2.2756036573894374
8,5.662745450611718,5.3078693677324775,5.9585033318727385,38287.0,0.961732118,508.0,1203.0,5.700911802034733
9,2.140605736670296,1.9889852244347488,2.2591290629923373,13057.0,0.66675334,474.0,1193.0,2.267954119017424
10,5.913897156258142,5.747735227809419,6.038342098178946,134981.0,5.843682292,2631.0,6598.0,6.078401982226433
11,0.2220346057398424,0.2015547272900391,0.2463593085421066,29019.0,1.489413328,225.0,553.0,0.21461587619086303
1,NaN,NaN,NaN,0.0,0.0,1.0,1.0,2.230764572279728
2,4.568117191374475,1.6649302971785498,6.999899493252214,77.0,0.001234137,2.0,4.0,5.641206023174074
3,11.736338222823194,8.616141497308995,14.939683862830861,5718.0,0.130677959,26.0,63.0,16.31961176792555
4,1.7726106081401096,1.1430583339488642,2.9771872171688414,647.0,0.020361506,11.0,25.0,1.1261618347732971
5,4.284276213135663,3.3803330879613003,5.470907763096747,2319.0,0.057948753,59.0,108.0,3.274507319182579
6,3.4890423630552343,3.127006851000971,3.9885438816808234,4003.0,0.122470926,109.0,204.0,3.0957946725357015
7,2.3556871468883873,2.0841970047621015,2.5504327643618785,4017.0,0.153412485,150.0,262.0,2.2756036573894374
8,4.982093981284315,4.69791124926803,5.256216678652976,26075.0,0.685922598,592.0,1203.0,5.700911802034733
9,2.197937504212814,2.067153226664538,2.4481473630286894,28987.0,1.317021476,590.0,1193.0,2.267954119017424
10,5.9344428783334084,5.8123083793913155,6.095914549614053,194666.0,8.677897873,3272.0,6598.0,6.078401982226433
11,0.2242478199116896,0.2096732441741549,0.2449023790899498,45343.0,2.211518479,273.0,553.0,0.21461587619086303
1,NaN,NaN,NaN,0.0,0.0,1.0,1.0,2.230764572279728
2,6.450196783617374,1.078809887247281,18.914260091502058,266.0,0.002866307,3.0,4.0,5.641206023174074
3,14.939419168017173,10.291665258438984,18.89208906762434,24455.0,0.436933878,40.0,63.0,16.31961176792555
4,1.3248571573734254,0.8947014855464656,1.8790563016888548,542.0,0.018787572,16.0,25.0,1.1261618347732971
5,3.369598141451147,2.94335176999966,4.009143034291653,1929.0,0.038193217,72.0,108.0,3.274507319182579
6,3.1012921648692546,2.727831173051903,3.4062277764317703,3579.0,0.098564511,122.0,204.0,3.0957946725357015
7,2.0067989815593337,1.580226477286185,2.3354137701182367,4015.0,0.104973377,139.0,262.0,2.2756036573894374
8,5.874773671691344,5.580136671913617,6.23117766782848,30860.0,1.192010625,765.0,1203.0,5.700911802034733
9,2.2932214122763903,2.141475455410172,2.4266126871822418,18468.0,0.870813196,742.0,1193.0,2.267954119017424
10,5.790907441011018,5.694674121723485,5.883954078374022,153790.0,7.25170645,3867.0,6598.0,6.078401982226433
11,0.22317825840974637,0.20884677339363977,0.23737002843373844,32490.0,1.19505167,338.0,553.0,0.21461587619086303
1,NaN,NaN,NaN,0.0,0.0,1.0,1.0,2.230764572279728
2,7.838578605216543,2.0944373849792273,17.16414134309175,315.0,0.003295062,4.0,4.0,5.641206023174074
3,14.674126382991648,11.651039967454475,18.053660950626668,24751.0,0.649664902,43.0,63.0,16.31961176792555
4,1.2671204093616864,0.9237139039154922,1.7625127578025388,1187.0,0.027381418,18.0,25.0,1.1261618347732971
5,3.3862015284624327,2.6983216947906223,4.079763195134021,1016.0,0.026009005,80.0,108.0,3.274507319182579
6,3.210977562489302,2.845431532222854,3.570728367865536,4612.0,0.182351083,144.0,204.0,3.0957946725357015
7,2.2119472180346804,1.9704899294197922,2.5940300323240866,3713.0,0.097579333,183.0,262.0,2.2756036573894374
8,5.317723518220335,5.062004702710451,5.664241572562327,28996.0,1.138307336,827.0,1203.0,5.700911802034733
9,2.2737504485571374,2.1533870668405375,2.347642670803859,35734.0,1.725448206,843.0,1193.0,2.267954119017424
10,6.086648583196358,5.923562912959806,6.16268901628634,226203.0,10.506418087,4603.0,6598.0,6.078401982226433
11,0.223813918503796,0.20624187363848648,0.2377794119622063,77374.0,3.428333134,391.0,553.0,0.21461587619086303
1,NaN,NaN,NaN,0.0,0.0,1.0,1.0,2.230764572279728
2,6.347414480394141,3.4624657549148634,9.850643216591617,546.0,0.018580231,4.0,4.0,5.641206023174074
3,16.91492377252306,12.580352461488859,24.1956911103146,26940.0,0.365378225,50.0,63.0,16.31961176792555
4,1.3208916497664593,1.140214235592878,1.51130756382882,871.0,0.010510289,19.0,25.0,1.1261618347732971
5,2.9332698940245576,2.3986955212625247,3.5128462153594544,2895.0,0.070230545,77.0,108.0,3.274507319182579
6,3.49583059627154,3.2234707600234933,4.011231570378654,5054.0,0.071977817,173.0,204.0,3.0957946725357015
7,2.2657309584292813,2.014137019560647,2.5739771952803334,8981.0,0.234582907,213.0,262.0,2.2756036573894374
8,5.314236590078504,5.097434022298375,5.552668695287284,68351.0,2.622910836,939.0,1203.0,5.700911802034733
9,2.2098166823848295,2.093869980276678,2.3163997202543887,19342.0,0.904861928,925.0,1193.0,2.267954119017424
10,6.149571241255797,6.073552503251115,6.221380973435733,189918.0,8.636831879,5285.0,6598.0,6.078401982226433
11,0.22026316383816386,0.2074471869773892,0.24337061844545566,47908.0,2.193471312,437.0,553.0,0.21461587619086303
1,NaN,NaN,NaN,0.0,0.0,1.0,1.0,2.230764572279728
2,5.608829412584786,1.6832251221836914,13.662729518991974,551.0,0.00541852,4.0,4.0,5.641206023174074
3,15.954898721498509,12.845275104323637,20.39243521284736,54217.0,1.4879842,54.0,63.0,16.31961176792555
4,1.3461863148378264,0.9122432333940595,2.0054801655548244,883.0,0.023405472,22.0,25.0,1.1261618347732971
5,3.226488963896793,2.5995387800605885,3.560228624407871,2396.0,0.057855371,96.0,108.0,3.274507319182579
6,3.5900879438369535,3.1305195640005343,4.134888279952628,4715.0,0.131076226,189.0,204.0,3.0957946725357015
7,2.148885237959779,1.9825237525852157,2.312429682572316,6591.0,0.225926978,226.0,262.0,2.2756036573894374
8,5.504103316291024,5.192171463489157,5.675604510622593,55365.0,2.147282689,1081.0,1203.0,5.700911802034733
9,2.246577787542762,2.149282766434663,2.3927350040727884,41000.0,1.96893525,1087.0,1193.0,2.267954119017424
10,6.093143527755558,6.020751818296247,6.180637415353074,301961.0,13.941047996,5936.0,6598.0,6.078401982226433
11,0.2198514177748357,0.21117932972612544,0.23007646058934528,89212.0,3.914738141,505.0,553.0,0.21461587619086303
1,NaN,NaN,NaN,NaN,NaN,NaN,NaN,NaN
2,NaN,NaN,NaN,NaN,NaN,NaN,NaN,NaN
3,NaN,NaN,NaN,NaN,NaN,NaN,NaN,NaN
4,NaN,NaN,NaN,NaN,NaN,NaN,NaN,NaN
5,NaN,NaN,NaN,NaN,NaN,NaN,NaN,NaN
6,NaN,NaN,NaN,NaN,NaN,NaN,NaN,NaN
7,NaN,NaN,NaN,NaN,NaN,NaN,NaN,NaN
8,NaN,NaN,NaN,NaN,NaN,NaN,NaN,NaN
9,NaN,NaN,NaN,NaN,NaN,NaN,NaN,NaN
10,NaN,NaN,NaN,NaN,NaN,NaN,NaN,NaN
11,NaN,NaN,NaN,NaN,NaN,NaN,NaN,NaN
1,NaN,NaN,NaN,NaN,NaN,NaN,NaN,NaN
2,NaN,NaN,NaN,NaN,NaN,NaN,NaN,NaN
3,NaN,NaN,NaN,NaN,NaN,NaN,NaN,NaN
4,NaN,NaN,NaN,NaN,NaN,NaN,NaN,NaN
5,NaN,NaN,NaN,NaN,NaN,NaN,NaN,NaN
6,NaN,NaN,NaN,NaN,NaN,NaN,NaN,NaN
7,NaN,NaN,NaN,NaN,NaN,NaN,NaN,NaN
8,NaN,NaN,NaN,NaN,NaN,NaN,NaN,NaN
9,NaN,NaN,NaN,NaN,NaN,NaN,NaN,NaN
10,NaN,NaN,NaN,NaN,NaN,NaN,NaN,NaN
11,NaN,NaN,NaN,NaN,NaN,NaN,NaN,NaN
1,NaN,NaN,NaN,NaN,NaN,NaN,NaN,NaN
2,NaN,NaN,NaN,NaN,NaN,NaN,NaN,NaN
3,NaN,NaN,NaN,NaN,NaN,NaN,NaN,NaN
4,NaN,NaN,NaN,NaN,NaN,NaN,NaN,NaN
5,NaN,NaN,NaN,NaN,NaN,NaN,NaN,NaN
6,NaN,NaN,NaN,NaN,NaN,NaN,NaN,NaN
7,NaN,NaN,NaN,NaN,NaN,NaN,NaN,NaN
8,NaN,NaN,NaN,NaN,NaN,NaN,NaN,NaN
9,NaN,NaN,NaN,NaN,NaN,NaN,NaN,NaN
10,NaN,NaN,NaN,NaN,NaN,NaN,NaN,NaN
11,NaN,NaN,NaN,NaN,NaN,NaN,NaN,NaN
1,NaN,NaN,NaN,NaN,NaN,NaN,NaN,NaN
2,NaN,NaN,NaN,NaN,NaN,NaN,NaN,NaN
3,NaN,NaN,NaN,NaN,NaN,NaN,NaN,NaN
4,NaN,NaN,NaN,NaN,NaN,NaN,NaN,NaN
5,NaN,NaN,NaN,NaN,NaN,NaN,NaN,NaN
6,NaN,NaN,NaN,NaN,NaN,NaN,NaN,NaN
7,NaN,NaN,NaN,NaN,NaN,NaN,NaN,NaN
8,NaN,NaN,NaN,NaN,NaN,NaN,NaN,NaN
9,NaN,NaN,NaN,NaN,NaN,NaN,NaN,NaN
10,NaN,NaN,NaN,NaN,NaN,NaN,NaN,NaN
11,NaN,NaN,NaN,NaN,NaN,NaN,NaN,NaN
1,NaN,NaN,NaN,NaN,NaN,NaN,NaN,NaN
2,NaN,NaN,NaN,NaN,NaN,NaN,NaN,NaN
3,NaN,NaN,NaN,NaN,NaN,NaN,NaN,NaN
4,NaN,NaN,NaN,NaN,NaN,NaN,NaN,NaN
5,NaN,NaN,NaN,NaN,NaN,NaN,NaN,NaN
6,NaN,NaN,NaN,NaN,NaN,NaN,NaN,NaN
7,NaN,NaN,NaN,NaN,NaN,NaN,NaN,NaN
8,NaN,NaN,NaN,NaN,NaN,NaN,NaN,NaN
9,NaN,NaN,NaN,NaN,NaN,NaN,NaN,NaN
10,NaN,NaN,NaN,NaN,NaN,NaN,NaN,NaN
11,NaN,NaN,NaN,NaN,NaN,NaN,NaN,NaN
1,NaN,NaN,NaN,NaN,NaN,NaN,NaN,NaN
2,NaN,NaN,NaN,NaN,NaN,NaN,NaN,NaN
3,NaN,NaN,NaN,NaN,NaN,NaN,NaN,NaN
4,NaN,NaN,NaN,NaN,NaN,NaN,NaN,NaN
5,NaN,NaN,NaN,NaN,NaN,NaN,NaN,NaN
6,NaN,NaN,NaN,NaN,NaN,NaN,NaN,NaN
7,NaN,NaN,NaN,NaN,NaN,NaN,NaN,NaN
8,NaN,NaN,NaN,NaN,NaN,NaN,NaN,NaN
9,NaN,NaN,NaN,NaN,NaN,NaN,NaN,NaN
10,NaN,NaN,NaN,NaN,NaN,NaN,NaN,NaN
11,NaN,NaN,NaN,NaN,NaN,NaN,NaN,NaN
1,NaN,NaN,NaN,NaN,NaN,NaN,NaN,NaN
2,NaN,NaN,NaN,NaN,NaN,NaN,NaN,NaN
3,NaN,NaN,NaN,NaN,NaN,NaN,NaN,NaN
4,NaN,NaN,NaN,NaN,NaN,NaN,NaN,NaN
5,NaN,NaN,NaN,NaN,NaN,NaN,NaN,NaN
6,NaN,NaN,NaN,NaN,NaN,NaN,NaN,NaN
7,NaN,NaN,NaN,NaN,NaN,NaN,NaN,NaN
8,NaN,NaN,NaN,NaN,NaN,NaN,NaN,NaN
9,NaN,NaN,NaN,NaN,NaN,NaN,NaN,NaN
10,NaN,NaN,NaN,NaN,NaN,NaN,NaN,NaN
11,NaN,NaN,NaN,NaN,NaN,NaN,NaN,NaN
1,NaN,NaN,NaN,NaN,NaN,NaN,NaN,NaN
2,NaN,NaN,NaN,NaN,NaN,NaN,NaN,NaN
3,NaN,NaN,NaN,NaN,NaN,NaN,NaN,NaN
4,NaN,NaN,NaN,NaN,NaN,NaN,NaN,NaN
5,NaN,NaN,NaN,NaN,NaN,NaN,NaN,NaN
6,NaN,NaN,NaN,NaN,NaN,NaN,NaN,NaN
7,NaN,NaN,NaN,NaN,NaN,NaN,NaN,NaN
8,NaN,NaN,NaN,NaN,NaN,NaN,NaN,NaN
9,NaN,NaN,NaN,NaN,NaN,NaN,NaN,NaN
10,NaN,NaN,NaN,NaN,NaN,NaN,NaN,NaN
11,NaN,NaN,NaN,NaN,NaN,NaN,NaN,NaN
1,NaN,NaN,NaN,NaN,NaN,NaN,NaN,NaN
2,NaN,NaN,NaN,NaN,NaN,NaN,NaN,NaN
3,NaN,NaN,NaN,NaN,NaN,NaN,NaN,NaN
4,NaN,NaN,NaN,NaN,NaN,NaN,NaN,NaN
5,NaN,NaN,NaN,NaN,NaN,NaN,NaN,NaN
6,NaN,NaN,NaN,NaN,NaN,NaN,NaN,NaN
7,NaN,NaN,NaN,NaN,NaN,NaN,NaN,NaN
8,NaN,NaN,NaN,NaN,NaN,NaN,NaN,NaN
9,NaN,NaN,NaN,NaN,NaN,NaN,NaN,NaN
10,NaN,NaN,NaN,NaN,NaN,NaN,NaN,NaN
11,NaN,NaN,NaN,NaN,NaN,NaN,NaN,NaN
1,NaN,NaN,NaN,NaN,NaN,NaN,NaN,NaN
2,NaN,NaN,NaN,NaN,NaN,NaN,NaN,NaN
3,NaN,NaN,NaN,NaN,NaN,NaN,NaN,NaN
4,NaN,NaN,NaN,NaN,NaN,NaN,NaN,NaN
5,NaN,NaN,NaN,NaN,NaN,NaN,NaN,NaN
6,NaN,NaN,NaN,NaN,NaN,NaN,NaN,NaN
7,NaN,NaN,NaN,NaN,NaN,NaN,NaN,NaN
8,NaN,NaN,NaN,NaN,NaN,NaN,NaN,NaN
9,NaN,NaN,NaN,NaN,NaN,NaN,NaN,NaN
10,NaN,NaN,NaN,NaN,NaN,NaN,NaN,NaN
11,NaN,NaN,NaN,NaN,NaN,NaN,NaN,NaN
1,NaN,NaN,NaN,NaN,NaN,NaN,NaN,NaN
2,NaN,NaN,NaN,NaN,NaN,NaN,NaN,NaN
3,NaN,NaN,NaN,NaN,NaN,NaN,NaN,NaN
4,NaN,NaN,NaN,NaN,NaN,NaN,NaN,NaN
5,NaN,NaN,NaN,NaN,NaN,NaN,NaN,NaN
6,NaN,NaN,NaN,NaN,NaN,NaN,NaN,NaN
7,NaN,NaN,NaN,NaN,NaN,NaN,NaN,NaN
8,NaN,NaN,NaN,NaN,NaN,NaN,NaN,NaN
9,NaN,NaN,NaN,NaN,NaN,NaN,NaN,NaN
10,NaN,NaN,NaN,NaN,NaN,NaN,NaN,NaN
11,NaN,NaN,NaN,NaN,NaN,NaN,NaN,NaN
1,NaN,NaN,NaN,NaN,NaN,NaN,NaN,NaN
2,NaN,NaN,NaN,NaN,NaN,NaN,NaN,NaN
3,NaN,NaN,NaN,NaN,NaN,NaN,NaN,NaN
4,NaN,NaN,NaN,NaN,NaN,NaN,NaN,NaN
5,NaN,NaN,NaN,NaN,NaN,NaN,NaN,NaN
6,NaN,NaN,NaN,NaN,NaN,NaN,NaN,NaN
7,NaN,NaN,NaN,NaN,NaN,NaN,NaN,NaN
8,NaN,NaN,NaN,NaN,NaN,NaN,NaN,NaN
9,NaN,NaN,NaN,NaN,NaN,NaN,NaN,NaN
10,NaN,NaN,NaN,NaN,NaN,NaN,NaN,NaN
11,NaN,NaN,NaN,NaN,NaN,NaN,NaN,NaN
1,NaN,NaN,NaN,NaN,NaN,NaN,NaN,NaN
2,NaN,NaN,NaN,NaN,NaN,NaN,NaN,NaN
3,NaN,NaN,NaN,NaN,NaN,NaN,NaN,NaN
4,NaN,NaN,NaN,NaN,NaN,NaN,NaN,NaN
5,NaN,NaN,NaN,NaN,NaN,NaN,NaN,NaN
6,NaN,NaN,NaN,NaN,NaN,NaN,NaN,NaN
7,NaN,NaN,NaN,NaN,NaN,NaN,NaN,NaN
8,NaN,NaN,NaN,NaN,NaN,NaN,NaN,NaN
9,NaN,NaN,NaN,NaN,NaN,NaN,NaN,NaN
10,NaN,NaN,NaN,NaN,NaN,NaN,NaN,NaN
11,NaN,NaN,NaN,NaN,NaN,NaN,NaN,NaN
1,NaN,NaN,NaN,NaN,NaN,NaN,NaN,NaN
2,NaN,NaN,NaN,NaN,NaN,NaN,NaN,NaN
3,NaN,NaN,NaN,NaN,NaN,NaN,NaN,NaN
4,NaN,NaN,NaN,NaN,NaN,NaN,NaN,NaN
5,NaN,NaN,NaN,NaN,NaN,NaN,NaN,NaN
6,NaN,NaN,NaN,NaN,NaN,NaN,NaN,NaN
7,NaN,NaN,NaN,NaN,NaN,NaN,NaN,NaN
8,NaN,NaN,NaN,NaN,NaN,NaN,NaN,NaN
9,NaN,NaN,NaN,NaN,NaN,NaN,NaN,NaN
10,NaN,NaN,NaN,NaN,NaN,NaN,NaN,NaN
11,NaN,NaN,NaN,NaN,NaN,NaN,NaN,NaN
1,NaN,NaN,NaN,NaN,NaN,NaN,NaN,NaN
2,NaN,NaN,NaN,NaN,NaN,NaN,NaN,NaN
3,NaN,NaN,NaN,NaN,NaN,NaN,NaN,NaN
4,NaN,NaN,NaN,NaN,NaN,NaN,NaN,NaN
5,NaN,NaN,NaN,NaN,NaN,NaN,NaN,NaN
6,NaN,NaN,NaN,NaN,NaN,NaN,NaN,NaN
7,NaN,NaN,NaN,NaN,NaN,NaN,NaN,NaN
8,NaN,NaN,NaN,NaN,NaN,NaN,NaN,NaN
9,NaN,NaN,NaN,NaN,NaN,NaN,NaN,NaN
10,NaN,NaN,NaN,NaN,NaN,NaN,NaN,NaN
11,NaN,NaN,NaN,NaN,NaN,NaN,NaN,NaN
1,NaN,NaN,NaN,NaN,NaN,NaN,NaN,NaN
2,NaN,NaN,NaN,NaN,NaN,NaN,NaN,NaN
3,NaN,NaN,NaN,NaN,NaN,NaN,NaN,NaN
4,NaN,NaN,NaN,NaN,NaN,NaN,NaN,NaN
5,NaN,NaN,NaN,NaN,NaN,NaN,NaN,NaN
6,NaN,NaN,NaN,NaN,NaN,NaN,NaN,NaN
7,NaN,NaN,NaN,NaN,NaN,NaN,NaN,NaN
8,NaN,NaN,NaN,NaN,NaN,NaN,NaN,NaN
9,NaN,NaN,NaN,NaN,NaN,NaN,NaN,NaN
10,NaN,NaN,NaN,NaN,NaN,NaN,NaN,NaN
11,NaN,NaN,NaN,NaN,NaN,NaN,NaN,NaN
1,NaN,NaN,NaN,NaN,NaN,NaN,NaN,NaN
2,NaN,NaN,NaN,NaN,NaN,NaN,NaN,NaN
3,NaN,NaN,NaN,NaN,NaN,NaN,NaN,NaN
4,NaN,NaN,NaN,NaN,NaN,NaN,NaN,NaN
5,NaN,NaN,NaN,NaN,NaN,NaN,NaN,NaN
6,NaN,NaN,NaN,NaN,NaN,NaN,NaN,NaN
7,NaN,NaN,NaN,NaN,NaN,NaN,NaN,NaN
8,NaN,NaN,NaN,NaN,NaN,NaN,NaN,NaN
9,NaN,NaN,NaN,NaN,NaN,NaN,NaN,NaN
10,NaN,NaN,NaN,NaN,NaN,NaN,NaN,NaN
11,NaN,NaN,NaN,NaN,NaN,NaN,NaN,NaN
1,NaN,NaN,NaN,NaN,NaN,NaN,NaN,NaN
2,NaN,NaN,NaN,NaN,NaN,NaN,NaN,NaN
3,NaN,NaN,NaN,NaN,NaN,NaN,NaN,NaN
4,NaN,NaN,NaN,NaN,NaN,NaN,NaN,NaN
5,NaN,NaN,NaN,NaN,NaN,NaN,NaN,NaN
6,NaN,NaN,NaN,NaN,NaN,NaN,NaN,NaN
7,NaN,NaN,NaN,NaN,NaN,NaN,NaN,NaN
8,NaN,NaN,NaN,NaN,NaN,NaN,NaN,NaN
9,NaN,NaN,NaN,NaN,NaN,NaN,NaN,NaN
10,NaN,NaN,NaN,NaN,NaN,NaN,NaN,NaN
11,NaN,NaN,NaN,NaN,NaN,NaN,NaN,NaN
1,NaN,NaN,NaN,NaN,NaN,NaN,NaN,NaN
2,NaN,NaN,NaN,NaN,NaN,NaN,NaN,NaN
3,NaN,NaN,NaN,NaN,NaN,NaN,NaN,NaN
4,NaN,NaN,NaN,NaN,NaN,NaN,NaN,NaN
5,NaN,NaN,NaN,NaN,NaN,NaN,NaN,NaN
6,NaN,NaN,NaN,NaN,NaN,NaN,NaN,NaN
7,NaN,NaN,NaN,NaN,NaN,NaN,NaN,NaN
8,NaN,NaN,NaN,NaN,NaN,NaN,NaN,NaN
9,NaN,NaN,NaN,NaN,NaN,NaN,NaN,NaN
10,NaN,NaN,NaN,NaN,NaN,NaN,NaN,NaN
11,NaN,NaN,NaN,NaN,NaN,NaN,NaN,NaN
1,NaN,NaN,NaN,NaN,NaN,NaN,NaN,NaN
2,NaN,NaN,NaN,NaN,NaN,NaN,NaN,NaN
3,NaN,NaN,NaN,NaN,NaN,NaN,NaN,NaN
4,NaN,NaN,NaN,NaN,NaN,NaN,NaN,NaN
5,NaN,NaN,NaN,NaN,NaN,NaN,NaN,NaN
6,NaN,NaN,NaN,NaN,NaN,NaN,NaN,NaN
7,NaN,NaN,NaN,NaN,NaN,NaN,NaN,NaN
8,NaN,NaN,NaN,NaN,NaN,NaN,NaN,NaN
9,NaN,NaN,NaN,NaN,NaN,NaN,NaN,NaN
10,NaN,NaN,NaN,NaN,NaN,NaN,NaN,NaN
11,NaN,NaN,NaN,NaN,NaN,NaN,NaN,NaN
1,NaN,NaN,NaN,NaN,NaN,NaN,NaN,NaN
2,NaN,NaN,NaN,NaN,NaN,NaN,NaN,NaN
3,NaN,NaN,NaN,NaN,NaN,NaN,NaN,NaN
4,NaN,NaN,NaN,NaN,NaN,NaN,NaN,NaN
5,NaN,NaN,NaN,NaN,NaN,NaN,NaN,NaN
6,NaN,NaN,NaN,NaN,NaN,NaN,NaN,NaN
7,NaN,NaN,NaN,NaN,NaN,NaN,NaN,NaN
8,NaN,NaN,NaN,NaN,NaN,NaN,NaN,NaN
9,NaN,NaN,NaN,NaN,NaN,NaN,NaN,NaN
10,NaN,NaN,NaN,NaN,NaN,NaN,NaN,NaN
11,NaN,NaN,NaN,NaN,NaN,NaN,NaN,NaN
1,NaN,NaN,NaN,NaN,NaN,NaN,NaN,NaN
2,NaN,NaN,NaN,NaN,NaN,NaN,NaN,NaN
3,NaN,NaN,NaN,NaN,NaN,NaN,NaN,NaN
4,NaN,NaN,NaN,NaN,NaN,NaN,NaN,NaN
5,NaN,NaN,NaN,NaN,NaN,NaN,NaN,NaN
6,NaN,NaN,NaN,NaN,NaN,NaN,NaN,NaN
7,NaN,NaN,NaN,NaN,NaN,NaN,NaN,NaN
8,NaN,NaN,NaN,NaN,NaN,NaN,NaN,NaN
9,NaN,NaN,NaN,NaN,NaN,NaN,NaN,NaN
10,NaN,NaN,NaN,NaN,NaN,NaN,NaN,NaN
11,NaN,NaN,NaN,NaN,NaN,NaN,NaN,NaN
1,NaN,NaN,NaN,NaN,NaN,NaN,NaN,NaN
2,NaN,NaN,NaN,NaN,NaN,NaN,NaN,NaN
3,NaN,NaN,NaN,NaN,NaN,NaN,NaN,NaN
4,NaN,NaN,NaN,NaN,NaN,NaN,NaN,NaN
5,NaN,NaN,NaN,NaN,NaN,NaN,NaN,NaN
6,NaN,NaN,NaN,NaN,NaN,NaN,NaN,NaN
7,NaN,NaN,NaN,NaN,NaN,NaN,NaN,NaN
8,NaN,NaN,NaN,NaN,NaN,NaN,NaN,NaN
9,NaN,NaN,NaN,NaN,NaN,NaN,NaN,NaN
10,NaN,NaN,NaN,NaN,NaN,NaN,NaN,NaN
11,NaN,NaN,NaN,NaN,NaN,NaN,NaN,NaN
1,NaN,NaN,NaN,NaN,NaN,NaN,NaN,NaN
2,NaN,NaN,NaN,NaN,NaN,NaN,NaN,NaN
3,NaN,NaN,NaN,NaN,NaN,NaN,NaN,NaN
4,NaN,NaN,NaN,NaN,NaN,NaN,NaN,NaN
5,NaN,NaN,NaN,NaN,NaN,NaN,NaN,NaN
6,NaN,NaN,NaN,NaN,NaN,NaN,NaN,NaN
7,NaN,NaN,NaN,NaN,NaN,NaN,NaN,NaN
8,NaN,NaN,NaN,NaN,NaN,NaN,NaN,NaN
9,NaN,NaN,NaN,NaN,NaN,NaN,NaN,NaN
10,NaN,NaN,NaN,NaN,NaN,NaN,NaN,NaN
11,NaN,NaN,NaN,NaN,NaN,NaN,NaN,NaN
1,NaN,NaN,NaN,NaN,NaN,NaN,NaN,NaN
2,NaN,NaN,NaN,NaN,NaN,NaN,NaN,NaN
3,NaN,NaN,NaN,NaN,NaN,NaN,NaN,NaN
4,NaN,NaN,NaN,NaN,NaN,NaN,NaN,NaN
5,NaN,NaN,NaN,NaN,NaN,NaN,NaN,NaN
6,NaN,NaN,NaN,NaN,NaN,NaN,NaN,NaN
7,NaN,NaN,NaN,NaN,NaN,NaN,NaN,NaN
8,NaN,NaN,NaN,NaN,NaN,NaN,NaN,NaN
9,NaN,NaN,NaN,NaN,NaN,NaN,NaN,NaN
10,NaN,NaN,NaN,NaN,NaN,NaN,NaN,NaN
11,NaN,NaN,NaN,NaN,NaN,NaN,NaN,NaN
1,NaN,NaN,NaN,NaN,NaN,NaN,NaN,NaN
2,NaN,NaN,NaN,NaN,NaN,NaN,NaN,NaN
3,NaN,NaN,NaN,NaN,NaN,NaN,NaN,NaN
4,NaN,NaN,NaN,NaN,NaN,NaN,NaN,NaN
5,NaN,NaN,NaN,NaN,NaN,NaN,NaN,NaN
6,NaN,NaN,NaN,NaN,NaN,NaN,NaN,NaN
7,NaN,NaN,NaN,NaN,NaN,NaN,NaN,NaN
8,NaN,NaN,NaN,NaN,NaN,NaN,NaN,NaN
9,NaN,NaN,NaN,NaN,NaN,NaN,NaN,NaN
10,NaN,NaN,NaN,NaN,NaN,NaN,NaN,NaN
11,NaN,NaN,NaN,NaN,NaN,NaN,NaN,NaN
1,NaN,NaN,NaN,NaN,NaN,NaN,NaN,NaN
2,NaN,NaN,NaN,NaN,NaN,NaN,NaN,NaN
3,NaN,NaN,NaN,NaN,NaN,NaN,NaN,NaN
4,NaN,NaN,NaN,NaN,NaN,NaN,NaN,NaN
5,NaN,NaN,NaN,NaN,NaN,NaN,NaN,NaN
6,NaN,NaN,NaN,NaN,NaN,NaN,NaN,NaN
7,NaN,NaN,NaN,NaN,NaN,NaN,NaN,NaN
8,NaN,NaN,NaN,NaN,NaN,NaN,NaN,NaN
9,NaN,NaN,NaN,NaN,NaN,NaN,NaN,NaN
10,NaN,NaN,NaN,NaN,NaN,NaN,NaN,NaN
11,NaN,NaN,NaN,NaN,NaN,NaN,NaN,NaN
1,NaN,NaN,NaN,NaN,NaN,NaN,NaN,NaN
2,NaN,NaN,NaN,NaN,NaN,NaN,NaN,NaN
3,NaN,NaN,NaN,NaN,NaN,NaN,NaN,NaN
4,NaN,NaN,NaN,NaN,NaN,NaN,NaN,NaN
5,NaN,NaN,NaN,NaN,NaN,NaN,NaN,NaN
6,NaN,NaN,NaN,NaN,NaN,NaN,NaN,NaN
7,NaN,NaN,NaN,NaN,NaN,NaN,NaN,NaN
8,NaN,NaN,NaN,NaN,NaN,NaN,NaN,NaN
9,NaN,NaN,NaN,NaN,NaN,NaN,NaN,NaN
10,NaN,NaN,NaN,NaN,NaN,NaN,NaN,NaN
11,NaN,NaN,NaN,NaN,NaN,NaN,NaN,NaN
1,NaN,NaN,NaN,NaN,NaN,NaN,NaN,NaN
2,NaN,NaN,NaN,NaN,NaN,NaN,NaN,NaN
3,NaN,NaN,NaN,NaN,NaN,NaN,NaN,NaN
4,NaN,NaN,NaN,NaN,NaN,NaN,NaN,NaN
5,NaN,NaN,NaN,NaN,NaN,NaN,NaN,NaN
6,NaN,NaN,NaN,NaN,NaN,NaN,NaN,NaN
7,NaN,NaN,NaN,NaN,NaN,NaN,NaN,NaN
8,NaN,NaN,NaN,NaN,NaN,NaN,NaN,NaN
9,NaN,NaN,NaN,NaN,NaN,NaN,NaN,NaN
10,NaN,NaN,NaN,NaN,NaN,NaN,NaN,NaN
11,NaN,NaN,NaN,NaN,NaN,NaN,NaN,NaN
1,NaN,NaN,NaN,NaN,NaN,NaN,NaN,NaN
2,NaN,NaN,NaN,NaN,NaN,NaN,NaN,NaN
3,NaN,NaN,NaN,NaN,NaN,NaN,NaN,NaN
4,NaN,NaN,NaN,NaN,NaN,NaN,NaN,NaN
5,NaN,NaN,NaN,NaN,NaN,NaN,NaN,NaN
6,NaN,NaN,NaN,NaN,NaN,NaN,NaN,NaN
7,NaN,NaN,NaN,NaN,NaN,NaN,NaN,NaN
8,NaN,NaN,NaN,NaN,NaN,NaN,NaN,NaN
9,NaN,NaN,NaN,NaN,NaN,NaN,NaN,NaN
10,NaN,NaN,NaN,NaN,NaN,NaN,NaN,NaN
11,NaN,NaN,NaN,NaN,NaN,NaN,NaN,NaN
1,NaN,NaN,NaN,NaN,NaN,NaN,NaN,NaN
2,NaN,NaN,NaN,NaN,NaN,NaN,NaN,NaN
3,NaN,NaN,NaN,NaN,NaN,NaN,NaN,NaN
4,NaN,NaN,NaN,NaN,NaN,NaN,NaN,NaN
5,NaN,NaN,NaN,NaN,NaN,NaN,NaN,NaN
6,NaN,NaN,NaN,NaN,NaN,NaN,NaN,NaN
7,NaN,NaN,NaN,NaN,NaN,NaN,NaN,NaN
8,NaN,NaN,NaN,NaN,NaN,NaN,NaN,NaN
9,NaN,NaN,NaN,NaN,NaN,NaN,NaN,NaN
10,NaN,NaN,NaN,NaN,NaN,NaN,NaN,NaN
11,NaN,NaN,NaN,NaN,NaN,NaN,NaN,NaN
1,NaN,NaN,NaN,NaN,NaN,NaN,NaN,NaN
2,NaN,NaN,NaN,NaN,NaN,NaN,NaN,NaN
3,NaN,NaN,NaN,NaN,NaN,NaN,NaN,NaN
4,NaN,NaN,NaN,NaN,NaN,NaN,NaN,NaN
5,NaN,NaN,NaN,NaN,NaN,NaN,NaN,NaN
6,NaN,NaN,NaN,NaN,NaN,NaN,NaN,NaN
7,NaN,NaN,NaN,NaN,NaN,NaN,NaN,NaN
8,NaN,NaN,NaN,NaN,NaN,NaN,NaN,NaN
9,NaN,NaN,NaN,NaN,NaN,NaN,NaN,NaN
10,NaN,NaN,NaN,NaN,NaN,NaN,NaN,NaN
11,NaN,NaN,NaN,NaN,NaN,NaN,NaN,NaN
1,NaN,NaN,NaN,NaN,NaN,NaN,NaN,NaN
2,NaN,NaN,NaN,NaN,NaN,NaN,NaN,NaN
3,NaN,NaN,NaN,NaN,NaN,NaN,NaN,NaN
4,NaN,NaN,NaN,NaN,NaN,NaN,NaN,NaN
5,NaN,NaN,NaN,NaN,NaN,NaN,NaN,NaN
6,NaN,NaN,NaN,NaN,NaN,NaN,NaN,NaN
7,NaN,NaN,NaN,NaN,NaN,NaN,NaN,NaN
8,NaN,NaN,NaN,NaN,NaN,NaN,NaN,NaN
9,NaN,NaN,NaN,NaN,NaN,NaN,NaN,NaN
10,NaN,NaN,NaN,NaN,NaN,NaN,NaN,NaN
11,NaN,NaN,NaN,NaN,NaN,NaN,NaN,NaN
1,NaN,NaN,NaN,NaN,NaN,NaN,NaN,NaN
2,NaN,NaN,NaN,NaN,NaN,NaN,NaN,NaN
3,NaN,NaN,NaN,NaN,NaN,NaN,NaN,NaN
4,NaN,NaN,NaN,NaN,NaN,NaN,NaN,NaN
5,NaN,NaN,NaN,NaN,NaN,NaN,NaN,NaN
6,NaN,NaN,NaN,NaN,NaN,NaN,NaN,NaN
7,NaN,NaN,NaN,NaN,NaN,NaN,NaN,NaN
8,NaN,NaN,NaN,NaN,NaN,NaN,NaN,NaN
9,NaN,NaN,NaN,NaN,NaN,NaN,NaN,NaN
10,NaN,NaN,NaN,NaN,NaN,NaN,NaN,NaN
11,NaN,NaN,NaN,NaN,NaN,NaN,NaN,NaN
1,NaN,NaN,NaN,NaN,NaN,NaN,NaN,NaN
2,NaN,NaN,NaN,NaN,NaN,NaN,NaN,NaN
3,NaN,NaN,NaN,NaN,NaN,NaN,NaN,NaN
4,NaN,NaN,NaN,NaN,NaN,NaN,NaN,NaN
5,NaN,NaN,NaN,NaN,NaN,NaN,NaN,NaN
6,NaN,NaN,NaN,NaN,NaN,NaN,NaN,NaN
7,NaN,NaN,NaN,NaN,NaN,NaN,NaN,NaN
8,NaN,NaN,NaN,NaN,NaN,NaN,NaN,NaN
9,NaN,NaN,NaN,NaN,NaN,NaN,NaN,NaN
10,NaN,NaN,NaN,NaN,NaN,NaN,NaN,NaN
11,NaN,NaN,NaN,NaN,NaN,NaN,NaN,NaN
1,NaN,NaN,NaN,NaN,NaN,NaN,NaN,NaN
2,NaN,NaN,NaN,NaN,NaN,NaN,NaN,NaN
3,NaN,NaN,NaN,NaN,NaN,NaN,NaN,NaN
4,NaN,NaN,NaN,NaN,NaN,NaN,NaN,NaN
5,NaN,NaN,NaN,NaN,NaN,NaN,NaN,NaN
6,NaN,NaN,NaN,NaN,NaN,NaN,NaN,NaN
7,NaN,NaN,NaN,NaN,NaN,NaN,NaN,NaN
8,NaN,NaN,NaN,NaN,NaN,NaN,NaN,NaN
9,NaN,NaN,NaN,NaN,NaN,NaN,NaN,NaN
10,NaN,NaN,NaN,NaN,NaN,NaN,NaN,NaN
11,NaN,NaN,NaN,NaN,NaN,NaN,NaN,NaN
1,NaN,NaN,NaN,NaN,NaN,NaN,NaN,NaN
2,NaN,NaN,NaN,NaN,NaN,NaN,NaN,NaN
3,NaN,NaN,NaN,NaN,NaN,NaN,NaN,NaN
4,NaN,NaN,NaN,NaN,NaN,NaN,NaN,NaN
5,NaN,NaN,NaN,NaN,NaN,NaN,NaN,NaN
6,NaN,NaN,NaN,NaN,NaN,NaN,NaN,NaN
7,NaN,NaN,NaN,NaN,NaN,NaN,NaN,NaN
8,NaN,NaN,NaN,NaN,NaN,NaN,NaN,NaN
9,NaN,NaN,NaN,NaN,NaN,NaN,NaN,NaN
10,NaN,NaN,NaN,NaN,NaN,NaN,NaN,NaN
11,NaN,NaN,NaN,NaN,NaN,NaN,NaN,NaN
1,NaN,NaN,NaN,NaN,NaN,NaN,NaN,NaN
2,NaN,NaN,NaN,NaN,NaN,NaN,NaN,NaN
3,NaN,NaN,NaN,NaN,NaN,NaN,NaN,NaN
4,NaN,NaN,NaN,NaN,NaN,NaN,NaN,NaN
5,NaN,NaN,NaN,NaN,NaN,NaN,NaN,NaN
6,NaN,NaN,NaN,NaN,NaN,NaN,NaN,NaN
7,NaN,NaN,NaN,NaN,NaN,NaN,NaN,NaN
8,NaN,NaN,NaN,NaN,NaN,NaN,NaN,NaN
9,NaN,NaN,NaN,NaN,NaN,NaN,NaN,NaN
10,NaN,NaN,NaN,NaN,NaN,NaN,NaN,NaN
11,NaN,NaN,NaN,NaN,NaN,NaN,NaN,NaN
1,NaN,NaN,NaN,NaN,NaN,NaN,NaN,NaN
2,NaN,NaN,NaN,NaN,NaN,NaN,NaN,NaN
3,NaN,NaN,NaN,NaN,NaN,NaN,NaN,NaN
4,NaN,NaN,NaN,NaN,NaN,NaN,NaN,NaN
5,NaN,NaN,NaN,NaN,NaN,NaN,NaN,NaN
6,NaN,NaN,NaN,NaN,NaN,NaN,NaN,NaN
7,NaN,NaN,NaN,NaN,NaN,NaN,NaN,NaN
8,NaN,NaN,NaN,NaN,NaN,NaN,NaN,NaN
9,NaN,NaN,NaN,NaN,NaN,NaN,NaN,NaN
10,NaN,NaN,NaN,NaN,NaN,NaN,NaN,NaN
11,NaN,NaN,NaN,NaN,NaN,NaN,NaN,NaN
1,NaN,NaN,NaN,NaN,NaN,NaN,NaN,NaN
2,NaN,NaN,NaN,NaN,NaN,NaN,NaN,NaN
3,NaN,NaN,NaN,NaN,NaN,NaN,NaN,NaN
4,NaN,NaN,NaN,NaN,NaN,NaN,NaN,NaN
5,NaN,NaN,NaN,NaN,NaN,NaN,NaN,NaN
6,NaN,NaN,NaN,NaN,NaN,NaN,NaN,NaN
7,NaN,NaN,NaN,NaN,NaN,NaN,NaN,NaN
8,NaN,NaN,NaN,NaN,NaN,NaN,NaN,NaN
9,NaN,NaN,NaN,NaN,NaN,NaN,NaN,NaN
10,NaN,NaN,NaN,NaN,NaN,NaN,NaN,NaN
11,NaN,NaN,NaN,NaN,NaN,NaN,NaN,NaN
1,NaN,NaN,NaN,NaN,NaN,NaN,NaN,NaN
2,NaN,NaN,NaN,NaN,NaN,NaN,NaN,NaN
3,NaN,NaN,NaN,NaN,NaN,NaN,NaN,NaN
4,NaN,NaN,NaN,NaN,NaN,NaN,NaN,NaN
5,NaN,NaN,NaN,NaN,NaN,NaN,NaN,NaN
6,NaN,NaN,NaN,NaN,NaN,NaN,NaN,NaN
7,NaN,NaN,NaN,NaN,NaN,NaN,NaN,NaN
8,NaN,NaN,NaN,NaN,NaN,NaN,NaN,NaN
9,NaN,NaN,NaN,NaN,NaN,NaN,NaN,NaN
10,NaN,NaN,NaN,NaN,NaN,NaN,NaN,NaN
11,NaN,NaN,NaN,NaN,NaN,NaN,NaN,NaN
1,NaN,NaN,NaN,NaN,NaN,NaN,NaN,NaN
2,NaN,NaN,NaN,NaN,NaN,NaN,NaN,NaN
3,NaN,NaN,NaN,NaN,NaN,NaN,NaN,NaN
4,NaN,NaN,NaN,NaN,NaN,NaN,NaN,NaN
5,NaN,NaN,NaN,NaN,NaN,NaN,NaN,NaN
6,NaN,NaN,NaN,NaN,NaN,NaN,NaN,NaN
7,NaN,NaN,NaN,NaN,NaN,NaN,NaN,NaN
8,NaN,NaN,NaN,NaN,NaN,NaN,NaN,NaN
9,NaN,NaN,NaN,NaN,NaN,NaN,NaN,NaN
10,NaN,NaN,NaN,NaN,NaN,NaN,NaN,NaN
11,NaN,NaN,NaN,NaN,NaN,NaN,NaN,NaN
1,NaN,NaN,NaN,NaN,NaN,NaN,NaN,NaN
2,NaN,NaN,NaN,NaN,NaN,NaN,NaN,NaN
3,NaN,NaN,NaN,NaN,NaN,NaN,NaN,NaN
4,NaN,NaN,NaN,NaN,NaN,NaN,NaN,NaN
5,NaN,NaN,NaN,NaN,NaN,NaN,NaN,NaN
6,NaN,NaN,NaN,NaN,NaN,NaN,NaN,NaN
7,NaN,NaN,NaN,NaN,NaN,NaN,NaN,NaN
8,NaN,NaN,NaN,NaN,NaN,NaN,NaN,NaN
9,NaN,NaN,NaN,NaN,NaN,NaN,NaN,NaN
10,NaN,NaN,NaN,NaN,NaN,NaN,NaN,NaN
11,NaN,NaN,NaN,NaN,NaN,NaN,NaN,NaN
1,NaN,NaN,NaN,NaN,NaN,NaN,NaN,NaN
2,NaN,NaN,NaN,NaN,NaN,NaN,NaN,NaN
3,NaN,NaN,NaN,NaN,NaN,NaN,NaN,NaN
4,NaN,NaN,NaN,NaN,NaN,NaN,NaN,NaN
5,NaN,NaN,NaN,NaN,NaN,NaN,NaN,NaN
6,NaN,NaN,NaN,NaN,NaN,NaN,NaN,NaN
7,NaN,NaN,NaN,NaN,NaN,NaN,NaN,NaN
8,NaN,NaN,NaN,NaN,NaN,NaN,NaN,NaN
9,NaN,NaN,NaN,NaN,NaN,NaN,NaN,NaN
10,NaN,NaN,NaN,NaN,NaN,NaN,NaN,NaN
11,NaN,NaN,NaN,NaN,NaN,NaN,NaN,NaN
1,NaN,NaN,NaN,NaN,NaN,NaN,NaN,NaN
2,NaN,NaN,NaN,NaN,NaN,NaN,NaN,NaN
3,NaN,NaN,NaN,NaN,NaN,NaN,NaN,NaN
4,NaN,NaN,NaN,NaN,NaN,NaN,NaN,NaN
5,NaN,NaN,NaN,NaN,NaN,NaN,NaN,NaN
6,NaN,NaN,NaN,NaN,NaN,NaN,NaN,NaN
7,NaN,NaN,NaN,NaN,NaN,NaN,NaN,NaN
8,NaN,NaN,NaN,NaN,NaN,NaN,NaN,NaN
9,NaN,NaN,NaN,NaN,NaN,NaN,NaN,NaN
10,NaN,NaN,NaN,NaN,NaN,NaN,NaN,NaN
11,NaN,NaN,NaN,NaN,NaN,NaN,NaN,NaN
1,NaN,NaN,NaN,NaN,NaN,NaN,NaN,NaN
2,NaN,NaN,NaN,NaN,NaN,NaN,NaN,NaN
3,NaN,NaN,NaN,NaN,NaN,NaN,NaN,NaN
4,NaN,NaN,NaN,NaN,NaN,NaN,NaN,NaN
5,NaN,NaN,NaN,NaN,NaN,NaN,NaN,NaN
6,NaN,NaN,NaN,NaN,NaN,NaN,NaN,NaN
7,NaN,NaN,NaN,NaN,NaN,NaN,NaN,NaN
8,NaN,NaN,NaN,NaN,NaN,NaN,NaN,NaN
9,NaN,NaN,NaN,NaN,NaN,NaN,NaN,NaN
10,NaN,NaN,NaN,NaN,NaN,NaN,NaN,NaN
11,NaN,NaN,NaN,NaN,NaN,NaN,NaN,NaN
1,NaN,NaN,NaN,NaN,NaN,NaN,NaN,NaN
2,NaN,NaN,NaN,NaN,NaN,NaN,NaN,NaN
3,NaN,NaN,NaN,NaN,NaN,NaN,NaN,NaN
4,NaN,NaN,NaN,NaN,NaN,NaN,NaN,NaN
5,NaN,NaN,NaN,NaN,NaN,NaN,NaN,NaN
6,NaN,NaN,NaN,NaN,NaN,NaN,NaN,NaN
7,NaN,NaN,NaN,NaN,NaN,NaN,NaN,NaN
8,NaN,NaN,NaN,NaN,NaN,NaN,NaN,NaN
9,NaN,NaN,NaN,NaN,NaN,NaN,NaN,NaN
10,NaN,NaN,NaN,NaN,NaN,NaN,NaN,NaN
11,NaN,NaN,NaN,NaN,NaN,NaN,NaN,NaN
1,NaN,NaN,NaN,NaN,NaN,NaN,NaN,NaN
2,NaN,NaN,NaN,NaN,NaN,NaN,NaN,NaN
3,NaN,NaN,NaN,NaN,NaN,NaN,NaN,NaN
4,NaN,NaN,NaN,NaN,NaN,NaN,NaN,NaN
5,NaN,NaN,NaN,NaN,NaN,NaN,NaN,NaN
6,NaN,NaN,NaN,NaN,NaN,NaN,NaN,NaN
7,NaN,NaN,NaN,NaN,NaN,NaN,NaN,NaN
8,NaN,NaN,NaN,NaN,NaN,NaN,NaN,NaN
9,NaN,NaN,NaN,NaN,NaN,NaN,NaN,NaN
10,NaN,NaN,NaN,NaN,NaN,NaN,NaN,NaN
11,NaN,NaN,NaN,NaN,NaN,NaN,NaN,NaN
1,NaN,NaN,NaN,NaN,NaN,NaN,NaN,NaN
2,NaN,NaN,NaN,NaN,NaN,NaN,NaN,NaN
3,NaN,NaN,NaN,NaN,NaN,NaN,NaN,NaN
4,NaN,NaN,NaN,NaN,NaN,NaN,NaN,NaN
5,NaN,NaN,NaN,NaN,NaN,NaN,NaN,NaN
6,NaN,NaN,NaN,NaN,NaN,NaN,NaN,NaN
7,NaN,NaN,NaN,NaN,NaN,NaN,NaN,NaN
8,NaN,NaN,NaN,NaN,NaN,NaN,NaN,NaN
9,NaN,NaN,NaN,NaN,NaN,NaN,NaN,NaN
10,NaN,NaN,NaN,NaN,NaN,NaN,NaN,NaN
11,NaN,NaN,NaN,NaN,NaN,NaN,NaN,NaN
1,NaN,NaN,NaN,NaN,NaN,NaN,NaN,NaN
2,NaN,NaN,NaN,NaN,NaN,NaN,NaN,NaN
3,NaN,NaN,NaN,NaN,NaN,NaN,NaN,NaN
4,NaN,NaN,NaN,NaN,NaN,NaN,NaN,NaN
5,NaN,NaN,NaN,NaN,NaN,NaN,NaN,NaN
6,NaN,NaN,NaN,NaN,NaN,NaN,NaN,NaN
7,NaN,NaN,NaN,NaN,NaN,NaN,NaN,NaN
8,NaN,NaN,NaN,NaN,NaN,NaN,NaN,NaN
9,NaN,NaN,NaN,NaN,NaN,NaN,NaN,NaN
10,NaN,NaN,NaN,NaN,NaN,NaN,NaN,NaN
11,NaN,NaN,NaN,NaN,NaN,NaN,NaN,NaN
1,NaN,NaN,NaN,NaN,NaN,NaN,NaN,NaN
2,NaN,NaN,NaN,NaN,NaN,NaN,NaN,NaN
3,NaN,NaN,NaN,NaN,NaN,NaN,NaN,NaN
4,NaN,NaN,NaN,NaN,NaN,NaN,NaN,NaN
5,NaN,NaN,NaN,NaN,NaN,NaN,NaN,NaN
6,NaN,NaN,NaN,NaN,NaN,NaN,NaN,NaN
7,NaN,NaN,NaN,NaN,NaN,NaN,NaN,NaN
8,NaN,NaN,NaN,NaN,NaN,NaN,NaN,NaN
9,NaN,NaN,NaN,NaN,NaN,NaN,NaN,NaN
10,NaN,NaN,NaN,NaN,NaN,NaN,NaN,NaN
11,NaN,NaN,NaN,NaN,NaN,NaN,NaN,NaN
1,NaN,NaN,NaN,NaN,NaN,NaN,NaN,NaN
2,NaN,NaN,NaN,NaN,NaN,NaN,NaN,NaN
3,NaN,NaN,NaN,NaN,NaN,NaN,NaN,NaN
4,NaN,NaN,NaN,NaN,NaN,NaN,NaN,NaN
5,NaN,NaN,NaN,NaN,NaN,NaN,NaN,NaN
6,NaN,NaN,NaN,NaN,NaN,NaN,NaN,NaN
7,NaN,NaN,NaN,NaN,NaN,NaN,NaN,NaN
8,NaN,NaN,NaN,NaN,NaN,NaN,NaN,NaN
9,NaN,NaN,NaN,NaN,NaN,NaN,NaN,NaN
10,NaN,NaN,NaN,NaN,NaN,NaN,NaN,NaN
11,NaN,NaN,NaN,NaN,NaN,NaN,NaN,NaN
1,NaN,NaN,NaN,NaN,NaN,NaN,NaN,NaN
2,NaN,NaN,NaN,NaN,NaN,NaN,NaN,NaN
3,NaN,NaN,NaN,NaN,NaN,NaN,NaN,NaN
4,NaN,NaN,NaN,NaN,NaN,NaN,NaN,NaN
5,NaN,NaN,NaN,NaN,NaN,NaN,NaN,NaN
6,NaN,NaN,NaN,NaN,NaN,NaN,NaN,NaN
7,NaN,NaN,NaN,NaN,NaN,NaN,NaN,NaN
8,NaN,NaN,NaN,NaN,NaN,NaN,NaN,NaN
9,NaN,NaN,NaN,NaN,NaN,NaN,NaN,NaN
10,NaN,NaN,NaN,NaN,NaN,NaN,NaN,NaN
11,NaN,NaN,NaN,NaN,NaN,NaN,NaN,NaN
1,NaN,NaN,NaN,NaN,NaN,NaN,NaN,NaN
2,NaN,NaN,NaN,NaN,NaN,NaN,NaN,NaN
3,NaN,NaN,NaN,NaN,NaN,NaN,NaN,NaN
4,NaN,NaN,NaN,NaN,NaN,NaN,NaN,NaN
5,NaN,NaN,NaN,NaN,NaN,NaN,NaN,NaN
6,NaN,NaN,NaN,NaN,NaN,NaN,NaN,NaN
7,NaN,NaN,NaN,NaN,NaN,NaN,NaN,NaN
8,NaN,NaN,NaN,NaN,NaN,NaN,NaN,NaN
9,NaN,NaN,NaN,NaN,NaN,NaN,NaN,NaN
10,NaN,NaN,NaN,NaN,NaN,NaN,NaN,NaN
11,NaN,NaN,NaN,NaN,NaN,NaN,NaN,NaN
1,NaN,NaN,NaN,NaN,NaN,NaN,NaN,NaN
2,NaN,NaN,NaN,NaN,NaN,NaN,NaN,NaN
3,NaN,NaN,NaN,NaN,NaN,NaN,NaN,NaN
4,NaN,NaN,NaN,NaN,NaN,NaN,NaN,NaN
5,NaN,NaN,NaN,NaN,NaN,NaN,NaN,NaN
6,NaN,NaN,NaN,NaN,NaN,NaN,NaN,NaN
7,NaN,NaN,NaN,NaN,NaN,NaN,NaN,NaN
8,NaN,NaN,NaN,NaN,NaN,NaN,NaN,NaN
9,NaN,NaN,NaN,NaN,NaN,NaN,NaN,NaN
10,NaN,NaN,NaN,NaN,NaN,NaN,NaN,NaN
11,NaN,NaN,NaN,NaN,NaN,NaN,NaN,NaN
1,NaN,NaN,NaN,NaN,NaN,NaN,NaN,NaN
2,NaN,NaN,NaN,NaN,NaN,NaN,NaN,NaN
3,NaN,NaN,NaN,NaN,NaN,NaN,NaN,NaN
4,NaN,NaN,NaN,NaN,NaN,NaN,NaN,NaN
5,NaN,NaN,NaN,NaN,NaN,NaN,NaN,NaN
6,NaN,NaN,NaN,NaN,NaN,NaN,NaN,NaN
7,NaN,NaN,NaN,NaN,NaN,NaN,NaN,NaN
8,NaN,NaN,NaN,NaN,NaN,NaN,NaN,NaN
9,NaN,NaN,NaN,NaN,NaN,NaN,NaN,NaN
10,NaN,NaN,NaN,NaN,NaN,NaN,NaN,NaN
11,NaN,NaN,NaN,NaN,NaN,NaN,NaN,NaN
1,NaN,NaN,NaN,NaN,NaN,NaN,NaN,NaN
2,NaN,NaN,NaN,NaN,NaN,NaN,NaN,NaN
3,NaN,NaN,NaN,NaN,NaN,NaN,NaN,NaN
4,NaN,NaN,NaN,NaN,NaN,NaN,NaN,NaN
5,NaN,NaN,NaN,NaN,NaN,NaN,NaN,NaN
6,NaN,NaN,NaN,NaN,NaN,NaN,NaN,NaN
7,NaN,NaN,NaN,NaN,NaN,NaN,NaN,NaN
8,NaN,NaN,NaN,NaN,NaN,NaN,NaN,NaN
9,NaN,NaN,NaN,NaN,NaN,NaN,NaN,NaN
10,NaN,NaN,NaN,NaN,NaN,NaN,NaN,NaN
11,NaN,NaN,NaN,NaN,NaN,NaN,NaN,NaN
1,NaN,NaN,NaN,NaN,NaN,NaN,NaN,NaN
2,NaN,NaN,NaN,NaN,NaN,NaN,NaN,NaN
3,NaN,NaN,NaN,NaN,NaN,NaN,NaN,NaN
4,NaN,NaN,NaN,NaN,NaN,NaN,NaN,NaN
5,NaN,NaN,NaN,NaN,NaN,NaN,NaN,NaN
6,NaN,NaN,NaN,NaN,NaN,NaN,NaN,NaN
7,NaN,NaN,NaN,NaN,NaN,NaN,NaN,NaN
8,NaN,NaN,NaN,NaN,NaN,NaN,NaN,NaN
9,NaN,NaN,NaN,NaN,NaN,NaN,NaN,NaN
10,NaN,NaN,NaN,NaN,NaN,NaN,NaN,NaN
11,NaN,NaN,NaN,NaN,NaN,NaN,NaN,NaN
1,NaN,NaN,NaN,NaN,NaN,NaN,NaN,NaN
2,NaN,NaN,NaN,NaN,NaN,NaN,NaN,NaN
3,NaN,NaN,NaN,NaN,NaN,NaN,NaN,NaN
4,NaN,NaN,NaN,NaN,NaN,NaN,NaN,NaN
5,NaN,NaN,NaN,NaN,NaN,NaN,NaN,NaN
6,NaN,NaN,NaN,NaN,NaN,NaN,NaN,NaN
7,NaN,NaN,NaN,NaN,NaN,NaN,NaN,NaN
8,NaN,NaN,NaN,NaN,NaN,NaN,NaN,NaN
9,NaN,NaN,NaN,NaN,NaN,NaN,NaN,NaN
10,NaN,NaN,NaN,NaN,NaN,NaN,NaN,NaN
11,NaN,NaN,NaN,NaN,NaN,NaN,NaN,NaN
1,NaN,NaN,NaN,NaN,NaN,NaN,NaN,NaN
2,NaN,NaN,NaN,NaN,NaN,NaN,NaN,NaN
3,NaN,NaN,NaN,NaN,NaN,NaN,NaN,NaN
4,NaN,NaN,NaN,NaN,NaN,NaN,NaN,NaN
5,NaN,NaN,NaN,NaN,NaN,NaN,NaN,NaN
6,NaN,NaN,NaN,NaN,NaN,NaN,NaN,NaN
7,NaN,NaN,NaN,NaN,NaN,NaN,NaN,NaN
8,NaN,NaN,NaN,NaN,NaN,NaN,NaN,NaN
9,NaN,NaN,NaN,NaN,NaN,NaN,NaN,NaN
10,NaN,NaN,NaN,NaN,NaN,NaN,NaN,NaN
11,NaN,NaN,NaN,NaN,NaN,NaN,NaN,NaN
1,NaN,NaN,NaN,NaN,NaN,NaN,NaN,NaN
2,NaN,NaN,NaN,NaN,NaN,NaN,NaN,NaN
3,NaN,NaN,NaN,NaN,NaN,NaN,NaN,NaN
4,NaN,NaN,NaN,NaN,NaN,NaN,NaN,NaN
5,NaN,NaN,NaN,NaN,NaN,NaN,NaN,NaN
6,NaN,NaN,NaN,NaN,NaN,NaN,NaN,NaN
7,NaN,NaN,NaN,NaN,NaN,NaN,NaN,NaN
8,NaN,NaN,NaN,NaN,NaN,NaN,NaN,NaN
9,NaN,NaN,NaN,NaN,NaN,NaN,NaN,NaN
10,NaN,NaN,NaN,NaN,NaN,NaN,NaN,NaN
11,NaN,NaN,NaN,NaN,NaN,NaN,NaN,NaN
1,NaN,NaN,NaN,NaN,NaN,NaN,NaN,NaN
2,NaN,NaN,NaN,NaN,NaN,NaN,NaN,NaN
3,NaN,NaN,NaN,NaN,NaN,NaN,NaN,NaN
4,NaN,NaN,NaN,NaN,NaN,NaN,NaN,NaN
5,NaN,NaN,NaN,NaN,NaN,NaN,NaN,NaN
6,NaN,NaN,NaN,NaN,NaN,NaN,NaN,NaN
7,NaN,NaN,NaN,NaN,NaN,NaN,NaN,NaN
8,NaN,NaN,NaN,NaN,NaN,NaN,NaN,NaN
9,NaN,NaN,NaN,NaN,NaN,NaN,NaN,NaN
10,NaN,NaN,NaN,NaN,NaN,NaN,NaN,NaN
11,NaN,NaN,NaN,NaN,NaN,NaN,NaN,NaN
1,NaN,NaN,NaN,NaN,NaN,NaN,NaN,NaN
2,NaN,NaN,NaN,NaN,NaN,NaN,NaN,NaN
3,NaN,NaN,NaN,NaN,NaN,NaN,NaN,NaN
4,NaN,NaN,NaN,NaN,NaN,NaN,NaN,NaN
5,NaN,NaN,NaN,NaN,NaN,NaN,NaN,NaN
6,NaN,NaN,NaN,NaN,NaN,NaN,NaN,NaN
7,NaN,NaN,NaN,NaN,NaN,NaN,NaN,NaN
8,NaN,NaN,NaN,NaN,NaN,NaN,NaN,NaN
9,NaN,NaN,NaN,NaN,NaN,NaN,NaN,NaN
10,NaN,NaN,NaN,NaN,NaN,NaN,NaN,NaN
11,NaN,NaN,NaN,NaN,NaN,NaN,NaN,NaN
1,NaN,NaN,NaN,NaN,NaN,NaN,NaN,NaN
2,NaN,NaN,NaN,NaN,NaN,NaN,NaN,NaN
3,NaN,NaN,NaN,NaN,NaN,NaN,NaN,NaN
4,NaN,NaN,NaN,NaN,NaN,NaN,NaN,NaN
5,NaN,NaN,NaN,NaN,NaN,NaN,NaN,NaN
6,NaN,NaN,NaN,NaN,NaN,NaN,NaN,NaN
7,NaN,NaN,NaN,NaN,NaN,NaN,NaN,NaN
8,NaN,NaN,NaN,NaN,NaN,NaN,NaN,NaN
9,NaN,NaN,NaN,NaN,NaN,NaN,NaN,NaN
10,NaN,NaN,NaN,NaN,NaN,NaN,NaN,NaN
11,NaN,NaN,NaN,NaN,NaN,NaN,NaN,NaN
1,NaN,NaN,NaN,NaN,NaN,NaN,NaN,NaN
2,NaN,NaN,NaN,NaN,NaN,NaN,NaN,NaN
3,NaN,NaN,NaN,NaN,NaN,NaN,NaN,NaN
4,NaN,NaN,NaN,NaN,NaN,NaN,NaN,NaN
5,NaN,NaN,NaN,NaN,NaN,NaN,NaN,NaN
6,NaN,NaN,NaN,NaN,NaN,NaN,NaN,NaN
7,NaN,NaN,NaN,NaN,NaN,NaN,NaN,NaN
8,NaN,NaN,NaN,NaN,NaN,NaN,NaN,NaN
9,NaN,NaN,NaN,NaN,NaN,NaN,NaN,NaN
10,NaN,NaN,NaN,NaN,NaN,NaN,NaN,NaN
11,NaN,NaN,NaN,NaN,NaN,NaN,NaN,NaN
1,NaN,NaN,NaN,NaN,NaN,NaN,NaN,NaN
2,NaN,NaN,NaN,NaN,NaN,NaN,NaN,NaN
3,NaN,NaN,NaN,NaN,NaN,NaN,NaN,NaN
4,NaN,NaN,NaN,NaN,NaN,NaN,NaN,NaN
5,NaN,NaN,NaN,NaN,NaN,NaN,NaN,NaN
6,NaN,NaN,NaN,NaN,NaN,NaN,NaN,NaN
7,NaN,NaN,NaN,NaN,NaN,NaN,NaN,NaN
8,NaN,NaN,NaN,NaN,NaN,NaN,NaN,NaN
9,NaN,NaN,NaN,NaN,NaN,NaN,NaN,NaN
10,NaN,NaN,NaN,NaN,NaN,NaN,NaN,NaN
11,NaN,NaN,NaN,NaN,NaN,NaN,NaN,NaN
1,NaN,NaN,NaN,NaN,NaN,NaN,NaN,NaN
2,NaN,NaN,NaN,NaN,NaN,NaN,NaN,NaN
3,NaN,NaN,NaN,NaN,NaN,NaN,NaN,NaN
4,NaN,NaN,NaN,NaN,NaN,NaN,NaN,NaN
5,NaN,NaN,NaN,NaN,NaN,NaN,NaN,NaN
6,NaN,NaN,NaN,NaN,NaN,NaN,NaN,NaN
7,NaN,NaN,NaN,NaN,NaN,NaN,NaN,NaN
8,NaN,NaN,NaN,NaN,NaN,NaN,NaN,NaN
9,NaN,NaN,NaN,NaN,NaN,NaN,NaN,NaN
10,NaN,NaN,NaN,NaN,NaN,NaN,NaN,NaN
11,NaN,NaN,NaN,NaN,NaN,NaN,NaN,NaN
1,NaN,NaN,NaN,NaN,NaN,NaN,NaN,NaN
2,NaN,NaN,NaN,NaN,NaN,NaN,NaN,NaN
3,NaN,NaN,NaN,NaN,NaN,NaN,NaN,NaN
4,NaN,NaN,NaN,NaN,NaN,NaN,NaN,NaN
5,NaN,NaN,NaN,NaN,NaN,NaN,NaN,NaN
6,NaN,NaN,NaN,NaN,NaN,NaN,NaN,NaN
7,NaN,NaN,NaN,NaN,NaN,NaN,NaN,NaN
8,NaN,NaN,NaN,NaN,NaN,NaN,NaN,NaN
9,NaN,NaN,NaN,NaN,NaN,NaN,NaN,NaN
10,NaN,NaN,NaN,NaN,NaN,NaN,NaN,NaN
11,NaN,NaN,NaN,NaN,NaN,NaN,NaN,NaN
1,NaN,NaN,NaN,NaN,NaN,NaN,NaN,NaN
2,NaN,NaN,NaN,NaN,NaN,NaN,NaN,NaN
3,NaN,NaN,NaN,NaN,NaN,NaN,NaN,NaN
4,NaN,NaN,NaN,NaN,NaN,NaN,NaN,NaN
5,NaN,NaN,NaN,NaN,NaN,NaN,NaN,NaN
6,NaN,NaN,NaN,NaN,NaN,NaN,NaN,NaN
7,NaN,NaN,NaN,NaN,NaN,NaN,NaN,NaN
8,NaN,NaN,NaN,NaN,NaN,NaN,NaN,NaN
9,NaN,NaN,NaN,NaN,NaN,NaN,NaN,NaN
10,NaN,NaN,NaN,NaN,NaN,NaN,NaN,NaN
11,NaN,NaN,NaN,NaN,NaN,NaN,NaN,NaN
1,NaN,NaN,NaN,NaN,NaN,NaN,NaN,NaN
2,NaN,NaN,NaN,NaN,NaN,NaN,NaN,NaN
3,NaN,NaN,NaN,NaN,NaN,NaN,NaN,NaN
4,NaN,NaN,NaN,NaN,NaN,NaN,NaN,NaN
5,NaN,NaN,NaN,NaN,NaN,NaN,NaN,NaN
6,NaN,NaN,NaN,NaN,NaN,NaN,NaN,NaN
7,NaN,NaN,NaN,NaN,NaN,NaN,NaN,NaN
8,NaN,NaN,NaN,NaN,NaN,NaN,NaN,NaN
9,NaN,NaN,NaN,NaN,NaN,NaN,NaN,NaN
10,NaN,NaN,NaN,NaN,NaN,NaN,NaN,NaN
11,NaN,NaN,NaN,NaN,NaN,NaN,NaN,NaN
1,NaN,NaN,NaN,NaN,NaN,NaN,NaN,NaN
2,NaN,NaN,NaN,NaN,NaN,NaN,NaN,NaN
3,NaN,NaN,NaN,NaN,NaN,NaN,NaN,NaN
4,NaN,NaN,NaN,NaN,NaN,NaN,NaN,NaN
5,NaN,NaN,NaN,NaN,NaN,NaN,NaN,NaN
6,NaN,NaN,NaN,NaN,NaN,NaN,NaN,NaN
7,NaN,NaN,NaN,NaN,NaN,NaN,NaN,NaN
8,NaN,NaN,NaN,NaN,NaN,NaN,NaN,NaN
9,NaN,NaN,NaN,NaN,NaN,NaN,NaN,NaN
10,NaN,NaN,NaN,NaN,NaN,NaN,NaN,NaN
11,NaN,NaN,NaN,NaN,NaN,NaN,NaN,NaN
1,NaN,NaN,NaN,NaN,NaN,NaN,NaN,NaN
2,NaN,NaN,NaN,NaN,NaN,NaN,NaN,NaN
3,NaN,NaN,NaN,NaN,NaN,NaN,NaN,NaN
4,NaN,NaN,NaN,NaN,NaN,NaN,NaN,NaN
5,NaN,NaN,NaN,NaN,NaN,NaN,NaN,NaN
6,NaN,NaN,NaN,NaN,NaN,NaN,NaN,NaN
7,NaN,NaN,NaN,NaN,NaN,NaN,NaN,NaN
8,NaN,NaN,NaN,NaN,NaN,NaN,NaN,NaN
9,NaN,NaN,NaN,NaN,NaN,NaN,NaN,NaN
10,NaN,NaN,NaN,NaN,NaN,NaN,NaN,NaN
11,NaN,NaN,NaN,NaN,NaN,NaN,NaN,NaN
1,NaN,NaN,NaN,NaN,NaN,NaN,NaN,NaN
2,NaN,NaN,NaN,NaN,NaN,NaN,NaN,NaN
3,NaN,NaN,NaN,NaN,NaN,NaN,NaN,NaN
4,NaN,NaN,NaN,NaN,NaN,NaN,NaN,NaN
5,NaN,NaN,NaN,NaN,NaN,NaN,NaN,NaN
6,NaN,NaN,NaN,NaN,NaN,NaN,NaN,NaN
7,NaN,NaN,NaN,NaN,NaN,NaN,NaN,NaN
8,NaN,NaN,NaN,NaN,NaN,NaN,NaN,NaN
9,NaN,NaN,NaN,NaN,NaN,NaN,NaN,NaN
10,NaN,NaN,NaN,NaN,NaN,NaN,NaN,NaN
11,NaN,NaN,NaN,NaN,NaN,NaN,NaN,NaN
1,NaN,NaN,NaN,NaN,NaN,NaN,NaN,NaN
2,NaN,NaN,NaN,NaN,NaN,NaN,NaN,NaN
3,NaN,NaN,NaN,NaN,NaN,NaN,NaN,NaN
4,NaN,NaN,NaN,NaN,NaN,NaN,NaN,NaN
5,NaN,NaN,NaN,NaN,NaN,NaN,NaN,NaN
6,NaN,NaN,NaN,NaN,NaN,NaN,NaN,NaN
7,NaN,NaN,NaN,NaN,NaN,NaN,NaN,NaN
8,NaN,NaN,NaN,NaN,NaN,NaN,NaN,NaN
9,NaN,NaN,NaN,NaN,NaN,NaN,NaN,NaN
10,NaN,NaN,NaN,NaN,NaN,NaN,NaN,NaN
11,NaN,NaN,NaN,NaN,NaN,NaN,NaN,NaN
1,NaN,NaN,NaN,NaN,NaN,NaN,NaN,NaN
2,NaN,NaN,NaN,NaN,NaN,NaN,NaN,NaN
3,NaN,NaN,NaN,NaN,NaN,NaN,NaN,NaN
4,NaN,NaN,NaN,NaN,NaN,NaN,NaN,NaN
5,NaN,NaN,NaN,NaN,NaN,NaN,NaN,NaN
6,NaN,NaN,NaN,NaN,NaN,NaN,NaN,NaN
7,NaN,NaN,NaN,NaN,NaN,NaN,NaN,NaN
8,NaN,NaN,NaN,NaN,NaN,NaN,NaN,NaN
9,NaN,NaN,NaN,NaN,NaN,NaN,NaN,NaN
10,NaN,NaN,NaN,NaN,NaN,NaN,NaN,NaN
11,NaN,NaN,NaN,NaN,NaN,NaN,NaN,NaN
1,NaN,NaN,NaN,NaN,NaN,NaN,NaN,NaN
2,NaN,NaN,NaN,NaN,NaN,NaN,NaN,NaN
3,NaN,NaN,NaN,NaN,NaN,NaN,NaN,NaN
4,NaN,NaN,NaN,NaN,NaN,NaN,NaN,NaN
5,NaN,NaN,NaN,NaN,NaN,NaN,NaN,NaN
6,NaN,NaN,NaN,NaN,NaN,NaN,NaN,NaN
7,NaN,NaN,NaN,NaN,NaN,NaN,NaN,NaN
8,NaN,NaN,NaN,NaN,NaN,NaN,NaN,NaN
9,NaN,NaN,NaN,NaN,NaN,NaN,NaN,NaN
10,NaN,NaN,NaN,NaN,NaN,NaN,NaN,NaN
11,NaN,NaN,NaN,NaN,NaN,NaN,NaN,NaN
1,NaN,NaN,NaN,NaN,NaN,NaN,NaN,NaN
2,NaN,NaN,NaN,NaN,NaN,NaN,NaN,NaN
3,NaN,NaN,NaN,NaN,NaN,NaN,NaN,NaN
4,NaN,NaN,NaN,NaN,NaN,NaN,NaN,NaN
5,NaN,NaN,NaN,NaN,NaN,NaN,NaN,NaN
6,NaN,NaN,NaN,NaN,NaN,NaN,NaN,NaN
7,NaN,NaN,NaN,NaN,NaN,NaN,NaN,NaN
8,NaN,NaN,NaN,NaN,NaN,NaN,NaN,NaN
9,NaN,NaN,NaN,NaN,NaN,NaN,NaN,NaN
10,NaN,NaN,NaN,NaN,NaN,NaN,NaN,NaN
11,NaN,NaN,NaN,NaN,NaN,NaN,NaN,NaN
1,NaN,NaN,NaN,NaN,NaN,NaN,NaN,NaN
2,NaN,NaN,NaN,NaN,NaN,NaN,NaN,NaN
3,NaN,NaN,NaN,NaN,NaN,NaN,NaN,NaN
4,NaN,NaN,NaN,NaN,NaN,NaN,NaN,NaN
5,NaN,NaN,NaN,NaN,NaN,NaN,NaN,NaN
6,NaN,NaN,NaN,NaN,NaN,NaN,NaN,NaN
7,NaN,NaN,NaN,NaN,NaN,NaN,NaN,NaN
8,NaN,NaN,NaN,NaN,NaN,NaN,NaN,NaN
9,NaN,NaN,NaN,NaN,NaN,NaN,NaN,NaN
10,NaN,NaN,NaN,NaN,NaN,NaN,NaN,NaN
11,NaN,NaN,NaN,NaN,NaN,NaN,NaN,NaN
1,NaN,NaN,NaN,NaN,NaN,NaN,NaN,NaN
2,NaN,NaN,NaN,NaN,NaN,NaN,NaN,NaN
3,NaN,NaN,NaN,NaN,NaN,NaN,NaN,NaN
4,NaN,NaN,NaN,NaN,NaN,NaN,NaN,NaN
5,NaN,NaN,NaN,NaN,NaN,NaN,NaN,NaN
6,NaN,NaN,NaN,NaN,NaN,NaN,NaN,NaN
7,NaN,NaN,NaN,NaN,NaN,NaN,NaN,NaN
8,NaN,NaN,NaN,NaN,NaN,NaN,NaN,NaN
9,NaN,NaN,NaN,NaN,NaN,NaN,NaN,NaN
10,NaN,NaN,NaN,NaN,NaN,NaN,NaN,NaN
11,NaN,NaN,NaN,NaN,NaN,NaN,NaN,NaN
1,NaN,NaN,NaN,NaN,NaN,NaN,NaN,NaN
2,NaN,NaN,NaN,NaN,NaN,NaN,NaN,NaN
3,NaN,NaN,NaN,NaN,NaN,NaN,NaN,NaN
4,NaN,NaN,NaN,NaN,NaN,NaN,NaN,NaN
5,NaN,NaN,NaN,NaN,NaN,NaN,NaN,NaN
6,NaN,NaN,NaN,NaN,NaN,NaN,NaN,NaN
7,NaN,NaN,NaN,NaN,NaN,NaN,NaN,NaN
8,NaN,NaN,NaN,NaN,NaN,NaN,NaN,NaN
9,NaN,NaN,NaN,NaN,NaN,NaN,NaN,NaN
10,NaN,NaN,NaN,NaN,NaN,NaN,NaN,NaN
11,NaN,NaN,NaN,NaN,NaN,NaN,NaN,NaN
1,NaN,NaN,NaN,NaN,NaN,NaN,NaN,NaN
2,NaN,NaN,NaN,NaN,NaN,NaN,NaN,NaN
3,NaN,NaN,NaN,NaN,NaN,NaN,NaN,NaN
4,NaN,NaN,NaN,NaN,NaN,NaN,NaN,NaN
5,NaN,NaN,NaN,NaN,NaN,NaN,NaN,NaN
6,NaN,NaN,NaN,NaN,NaN,NaN,NaN,NaN
7,NaN,NaN,NaN,NaN,NaN,NaN,NaN,NaN
8,NaN,NaN,NaN,NaN,NaN,NaN,NaN,NaN
9,NaN,NaN,NaN,NaN,NaN,NaN,NaN,NaN
10,NaN,NaN,NaN,NaN,NaN,NaN,NaN,NaN
11,NaN,NaN,NaN,NaN,NaN,NaN,NaN,NaN
1,NaN,NaN,NaN,NaN,NaN,NaN,NaN,NaN
2,NaN,NaN,NaN,NaN,NaN,NaN,NaN,NaN
3,NaN,NaN,NaN,NaN,NaN,NaN,NaN,NaN
4,NaN,NaN,NaN,NaN,NaN,NaN,NaN,NaN
5,NaN,NaN,NaN,NaN,NaN,NaN,NaN,NaN
6,NaN,NaN,NaN,NaN,NaN,NaN,NaN,NaN
7,NaN,NaN,NaN,NaN,NaN,NaN,NaN,NaN
8,NaN,NaN,NaN,NaN,NaN,NaN,NaN,NaN
9,NaN,NaN,NaN,NaN,NaN,NaN,NaN,NaN
10,NaN,NaN,NaN,NaN,NaN,NaN,NaN,NaN
11,NaN,NaN,NaN,NaN,NaN,NaN,NaN,NaN
1,NaN,NaN,NaN,NaN,NaN,NaN,NaN,NaN
2,NaN,NaN,NaN,NaN,NaN,NaN,NaN,NaN
3,NaN,NaN,NaN,NaN,NaN,NaN,NaN,NaN
4,NaN,NaN,NaN,NaN,NaN,NaN,NaN,NaN
5,NaN,NaN,NaN,NaN,NaN,NaN,NaN,NaN
6,NaN,NaN,NaN,NaN,NaN,NaN,NaN,NaN
7,NaN,NaN,NaN,NaN,NaN,NaN,NaN,NaN
8,NaN,NaN,NaN,NaN,NaN,NaN,NaN,NaN
9,NaN,NaN,NaN,NaN,NaN,NaN,NaN,NaN
10,NaN,NaN,NaN,NaN,NaN,NaN,NaN,NaN
11,NaN,NaN,NaN,NaN,NaN,NaN,NaN,NaN
1,NaN,NaN,NaN,NaN,NaN,NaN,NaN,NaN
2,NaN,NaN,NaN,NaN,NaN,NaN,NaN,NaN
3,NaN,NaN,NaN,NaN,NaN,NaN,NaN,NaN
4,NaN,NaN,NaN,NaN,NaN,NaN,NaN,NaN
5,NaN,NaN,NaN,NaN,NaN,NaN,NaN,NaN
6,NaN,NaN,NaN,NaN,NaN,NaN,NaN,NaN
7,NaN,NaN,NaN,NaN,NaN,NaN,NaN,NaN
8,NaN,NaN,NaN,NaN,NaN,NaN,NaN,NaN
9,NaN,NaN,NaN,NaN,NaN,NaN,NaN,NaN
10,NaN,NaN,NaN,NaN,NaN,NaN,NaN,NaN
11,NaN,NaN,NaN,NaN,NaN,NaN,NaN,NaN
1,NaN,NaN,NaN,NaN,NaN,NaN,NaN,NaN
2,NaN,NaN,NaN,NaN,NaN,NaN,NaN,NaN
3,NaN,NaN,NaN,NaN,NaN,NaN,NaN,NaN
4,NaN,NaN,NaN,NaN,NaN,NaN,NaN,NaN
5,NaN,NaN,NaN,NaN,NaN,NaN,NaN,NaN
6,NaN,NaN,NaN,NaN,NaN,NaN,NaN,NaN
7,NaN,NaN,NaN,NaN,NaN,NaN,NaN,NaN
8,NaN,NaN,NaN,NaN,NaN,NaN,NaN,NaN
9,NaN,NaN,NaN,NaN,NaN,NaN,NaN,NaN
10,NaN,NaN,NaN,NaN,NaN,NaN,NaN,NaN
11,NaN,NaN,NaN,NaN,NaN,NaN,NaN,NaN
1,NaN,NaN,NaN,NaN,NaN,NaN,NaN,NaN
2,NaN,NaN,NaN,NaN,NaN,NaN,NaN,NaN
3,NaN,NaN,NaN,NaN,NaN,NaN,NaN,NaN
4,NaN,NaN,NaN,NaN,NaN,NaN,NaN,NaN
5,NaN,NaN,NaN,NaN,NaN,NaN,NaN,NaN
6,NaN,NaN,NaN,NaN,NaN,NaN,NaN,NaN
7,NaN,NaN,NaN,NaN,NaN,NaN,NaN,NaN
8,NaN,NaN,NaN,NaN,NaN,NaN,NaN,NaN
9,NaN,NaN,NaN,NaN,NaN,NaN,NaN,NaN
10,NaN,NaN,NaN,NaN,NaN,NaN,NaN,NaN
11,NaN,NaN,NaN,NaN,NaN,NaN,NaN,NaN
1,NaN,NaN,NaN,NaN,NaN,NaN,NaN,NaN
2,NaN,NaN,NaN,NaN,NaN,NaN,NaN,NaN
3,NaN,NaN,NaN,NaN,NaN,NaN,NaN,NaN
4,NaN,NaN,NaN,NaN,NaN,NaN,NaN,NaN
5,NaN,NaN,NaN,NaN,NaN,NaN,NaN,NaN
6,NaN,NaN,NaN,NaN,NaN,NaN,NaN,NaN
7,NaN,NaN,NaN,NaN,NaN,NaN,NaN,NaN
8,NaN,NaN,NaN,NaN,NaN,NaN,NaN,NaN
9,NaN,NaN,NaN,NaN,NaN,NaN,NaN,NaN
10,NaN,NaN,NaN,NaN,NaN,NaN,NaN,NaN
11,NaN,NaN,NaN,NaN,NaN,NaN,NaN,NaN
1,NaN,NaN,NaN,NaN,NaN,NaN,NaN,NaN
2,NaN,NaN,NaN,NaN,NaN,NaN,NaN,NaN
3,NaN,NaN,NaN,NaN,NaN,NaN,NaN,NaN
4,NaN,NaN,NaN,NaN,NaN,NaN,NaN,NaN
5,NaN,NaN,NaN,NaN,NaN,NaN,NaN,NaN
6,NaN,NaN,NaN,NaN,NaN,NaN,NaN,NaN
7,NaN,NaN,NaN,NaN,NaN,NaN,NaN,NaN
8,NaN,NaN,NaN,NaN,NaN,NaN,NaN,NaN
9,NaN,NaN,NaN,NaN,NaN,NaN,NaN,NaN
10,NaN,NaN,NaN,NaN,NaN,NaN,NaN,NaN
11,NaN,NaN,NaN,NaN,NaN,NaN,NaN,NaN
1,NaN,NaN,NaN,NaN,NaN,NaN,NaN,NaN
2,NaN,NaN,NaN,NaN,NaN,NaN,NaN,NaN
3,NaN,NaN,NaN,NaN,NaN,NaN,NaN,NaN
4,NaN,NaN,NaN,NaN,NaN,NaN,NaN,NaN
5,NaN,NaN,NaN,NaN,NaN,NaN,NaN,NaN
6,NaN,NaN,NaN,NaN,NaN,NaN,NaN,NaN
7,NaN,NaN,NaN,NaN,NaN,NaN,NaN,NaN
8,NaN,NaN,NaN,NaN,NaN,NaN,NaN,NaN
9,NaN,NaN,NaN,NaN,NaN,NaN,NaN,NaN
10,NaN,NaN,NaN,NaN,NaN,NaN,NaN,NaN
11,NaN,NaN,NaN,NaN,NaN,NaN,NaN,NaN
1,NaN,NaN,NaN,NaN,NaN,NaN,NaN,NaN
2,NaN,NaN,NaN,NaN,NaN,NaN,NaN,NaN
3,NaN,NaN,NaN,NaN,NaN,NaN,NaN,NaN
4,NaN,NaN,NaN,NaN,NaN,NaN,NaN,NaN
5,NaN,NaN,NaN,NaN,NaN,NaN,NaN,NaN
6,NaN,NaN,NaN,NaN,NaN,NaN,NaN,NaN
7,NaN,NaN,NaN,NaN,NaN,NaN,NaN,NaN
8,NaN,NaN,NaN,NaN,NaN,NaN,NaN,NaN
9,NaN,NaN,NaN,NaN,NaN,NaN,NaN,NaN
10,NaN,NaN,NaN,NaN,NaN,NaN,NaN,NaN
11,NaN,NaN,NaN,NaN,NaN,NaN,NaN,NaN
1,NaN,NaN,NaN,NaN,NaN,NaN,NaN,NaN
2,NaN,NaN,NaN,NaN,NaN,NaN,NaN,NaN
3,NaN,NaN,NaN,NaN,NaN,NaN,NaN,NaN
4,NaN,NaN,NaN,NaN,NaN,NaN,NaN,NaN
5,NaN,NaN,NaN,NaN,NaN,NaN,NaN,NaN
6,NaN,NaN,NaN,NaN,NaN,NaN,NaN,NaN
7,NaN,NaN,NaN,NaN,NaN,NaN,NaN,NaN
8,NaN,NaN,NaN,NaN,NaN,NaN,NaN,NaN
9,NaN,NaN,NaN,NaN,NaN,NaN,NaN,NaN
10,NaN,NaN,NaN,NaN,NaN,NaN,NaN,NaN
11,NaN,NaN,NaN,NaN,NaN,NaN,NaN,NaN
1,NaN,NaN,NaN,NaN,NaN,NaN,NaN,NaN
2,NaN,NaN,NaN,NaN,NaN,NaN,NaN,NaN
3,NaN,NaN,NaN,NaN,NaN,NaN,NaN,NaN
4,NaN,NaN,NaN,NaN,NaN,NaN,NaN,NaN
5,NaN,NaN,NaN,NaN,NaN,NaN,NaN,NaN
6,NaN,NaN,NaN,NaN,NaN,NaN,NaN,NaN
7,NaN,NaN,NaN,NaN,NaN,NaN,NaN,NaN
8,NaN,NaN,NaN,NaN,NaN,NaN,NaN,NaN
9,NaN,NaN,NaN,NaN,NaN,NaN,NaN,NaN
10,NaN,NaN,NaN,NaN,NaN,NaN,NaN,NaN
11,NaN,NaN,NaN,NaN,NaN,NaN,NaN,NaN
1,NaN,NaN,NaN,NaN,NaN,NaN,NaN,NaN
2,NaN,NaN,NaN,NaN,NaN,NaN,NaN,NaN
3,NaN,NaN,NaN,NaN,NaN,NaN,NaN,NaN
4,NaN,NaN,NaN,NaN,NaN,NaN,NaN,NaN
5,NaN,NaN,NaN,NaN,NaN,NaN,NaN,NaN
6,NaN,NaN,NaN,NaN,NaN,NaN,NaN,NaN
7,NaN,NaN,NaN,NaN,NaN,NaN,NaN,NaN
8,NaN,NaN,NaN,NaN,NaN,NaN,NaN,NaN
9,NaN,NaN,NaN,NaN,NaN,NaN,NaN,NaN
10,NaN,NaN,NaN,NaN,NaN,NaN,NaN,NaN
11,NaN,NaN,NaN,NaN,NaN,NaN,NaN,NaN
1,NaN,NaN,NaN,NaN,NaN,NaN,NaN,NaN
2,NaN,NaN,NaN,NaN,NaN,NaN,NaN,NaN
3,NaN,NaN,NaN,NaN,NaN,NaN,NaN,NaN
4,NaN,NaN,NaN,NaN,NaN,NaN,NaN,NaN
5,NaN,NaN,NaN,NaN,NaN,NaN,NaN,NaN
6,NaN,NaN,NaN,NaN,NaN,NaN,NaN,NaN
7,NaN,NaN,NaN,NaN,NaN,NaN,NaN,NaN
8,NaN,NaN,NaN,NaN,NaN,NaN,NaN,NaN
9,NaN,NaN,NaN,NaN,NaN,NaN,NaN,NaN
10,NaN,NaN,NaN,NaN,NaN,NaN,NaN,NaN
11,NaN,NaN,NaN,NaN,NaN,NaN,NaN,NaN
1,NaN,NaN,NaN,NaN,NaN,NaN,NaN,NaN
2,NaN,NaN,NaN,NaN,NaN,NaN,NaN,NaN
3,NaN,NaN,NaN,NaN,NaN,NaN,NaN,NaN
4,NaN,NaN,NaN,NaN,NaN,NaN,NaN,NaN
5,NaN,NaN,NaN,NaN,NaN,NaN,NaN,NaN
6,NaN,NaN,NaN,NaN,NaN,NaN,NaN,NaN
7,NaN,NaN,NaN,NaN,NaN,NaN,NaN,NaN
8,NaN,NaN,NaN,NaN,NaN,NaN,NaN,NaN
9,NaN,NaN,NaN,NaN,NaN,NaN,NaN,NaN
10,NaN,NaN,NaN,NaN,NaN,NaN,NaN,NaN
11,NaN,NaN,NaN,NaN,NaN,NaN,NaN,NaN
1,NaN,NaN,NaN,NaN,NaN,NaN,NaN,NaN
2,NaN,NaN,NaN,NaN,NaN,NaN,NaN,NaN
3,NaN,NaN,NaN,NaN,NaN,NaN,NaN,NaN
4,NaN,NaN,NaN,NaN,NaN,NaN,NaN,NaN
5,NaN,NaN,NaN,NaN,NaN,NaN,NaN,NaN
6,NaN,NaN,NaN,NaN,NaN,NaN,NaN,NaN
7,NaN,NaN,NaN,NaN,NaN,NaN,NaN,NaN
8,NaN,NaN,NaN,NaN,NaN,NaN,NaN,NaN
9,NaN,NaN,NaN,NaN,NaN,NaN,NaN,NaN
10,NaN,NaN,NaN,NaN,NaN,NaN,NaN,NaN
11,NaN,NaN,NaN,NaN,NaN,NaN,NaN,NaN
1,NaN,NaN,NaN,NaN,NaN,NaN,NaN,NaN
2,NaN,NaN,NaN,NaN,NaN,NaN,NaN,NaN
3,NaN,NaN,NaN,NaN,NaN,NaN,NaN,NaN
4,NaN,NaN,NaN,NaN,NaN,NaN,NaN,NaN
5,NaN,NaN,NaN,NaN,NaN,NaN,NaN,NaN
6,NaN,NaN,NaN,NaN,NaN,NaN,NaN,NaN
7,NaN,NaN,NaN,NaN,NaN,NaN,NaN,NaN
8,NaN,NaN,NaN,NaN,NaN,NaN,NaN,NaN
9,NaN,NaN,NaN,NaN,NaN,NaN,NaN,NaN
10,NaN,NaN,NaN,NaN,NaN,NaN,NaN,NaN
11,NaN,NaN,NaN,NaN,NaN,NaN,NaN,NaN
1,NaN,NaN,NaN,NaN,NaN,NaN,NaN,NaN
2,NaN,NaN,NaN,NaN,NaN,NaN,NaN,NaN
3,NaN,NaN,NaN,NaN,NaN,NaN,NaN,NaN
4,NaN,NaN,NaN,NaN,NaN,NaN,NaN,NaN
5,NaN,NaN,NaN,NaN,NaN,NaN,NaN,NaN
6,NaN,NaN,NaN,NaN,NaN,NaN,NaN,NaN
7,NaN,NaN,NaN,NaN,NaN,NaN,NaN,NaN
8,NaN,NaN,NaN,NaN,NaN,NaN,NaN,NaN
9,NaN,NaN,NaN,NaN,NaN,NaN,NaN,NaN
10,NaN,NaN,NaN,NaN,NaN,NaN,NaN,NaN
11,NaN,NaN,NaN,NaN,NaN,NaN,NaN,NaN
1,NaN,NaN,NaN,NaN,NaN,NaN,NaN,NaN
2,NaN,NaN,NaN,NaN,NaN,NaN,NaN,NaN
3,NaN,NaN,NaN,NaN,NaN,NaN,NaN,NaN
4,NaN,NaN,NaN,NaN,NaN,NaN,NaN,NaN
5,NaN,NaN,NaN,NaN,NaN,NaN,NaN,NaN
6,NaN,NaN,NaN,NaN,NaN,NaN,NaN,NaN
7,NaN,NaN,NaN,NaN,NaN,NaN,NaN,NaN
8,NaN,NaN,NaN,NaN,NaN,NaN,NaN,NaN
9,NaN,NaN,NaN,NaN,NaN,NaN,NaN,NaN
10,NaN,NaN,NaN,NaN,NaN,NaN,NaN,NaN
11,NaN,NaN,NaN,NaN,NaN,NaN,NaN,NaN
1,NaN,NaN,NaN,NaN,NaN,NaN,NaN,NaN
2,NaN,NaN,NaN,NaN,NaN,NaN,NaN,NaN
3,NaN,NaN,NaN,NaN,NaN,NaN,NaN,NaN
4,NaN,NaN,NaN,NaN,NaN,NaN,NaN,NaN
5,NaN,NaN,NaN,NaN,NaN,NaN,NaN,NaN
6,NaN,NaN,NaN,NaN,NaN,NaN,NaN,NaN
7,NaN,NaN,NaN,NaN,NaN,NaN,NaN,NaN
8,NaN,NaN,NaN,NaN,NaN,NaN,NaN,NaN
9,NaN,NaN,NaN,NaN,NaN,NaN,NaN,NaN
10,NaN,NaN,NaN,NaN,NaN,NaN,NaN,NaN
11,NaN,NaN,NaN,NaN,NaN,NaN,NaN,NaN
1,NaN,NaN,NaN,NaN,NaN,NaN,NaN,NaN
2,NaN,NaN,NaN,NaN,NaN,NaN,NaN,NaN
3,NaN,NaN,NaN,NaN,NaN,NaN,NaN,NaN
4,NaN,NaN,NaN,NaN,NaN,NaN,NaN,NaN
5,NaN,NaN,NaN,NaN,NaN,NaN,NaN,NaN
6,NaN,NaN,NaN,NaN,NaN,NaN,NaN,NaN
7,NaN,NaN,NaN,NaN,NaN,NaN,NaN,NaN
8,NaN,NaN,NaN,NaN,NaN,NaN,NaN,NaN
9,NaN,NaN,NaN,NaN,NaN,NaN,NaN,NaN
10,NaN,NaN,NaN,NaN,NaN,NaN,NaN,NaN
11,NaN,NaN,NaN,NaN,NaN,NaN,NaN,NaN
1,NaN,NaN,NaN,NaN,NaN,NaN,NaN,NaN
2,NaN,NaN,NaN,NaN,NaN,NaN,NaN,NaN
3,NaN,NaN,NaN,NaN,NaN,NaN,NaN,NaN
4,NaN,NaN,NaN,NaN,NaN,NaN,NaN,NaN
5,NaN,NaN,NaN,NaN,NaN,NaN,NaN,NaN
6,NaN,NaN,NaN,NaN,NaN,NaN,NaN,NaN
7,NaN,NaN,NaN,NaN,NaN,NaN,NaN,NaN
8,NaN,NaN,NaN,NaN,NaN,NaN,NaN,NaN
9,NaN,NaN,NaN,NaN,NaN,NaN,NaN,NaN
10,NaN,NaN,NaN,NaN,NaN,NaN,NaN,NaN
11,NaN,NaN,NaN,NaN,NaN,NaN,NaN,NaN
1,NaN,NaN,NaN,NaN,NaN,NaN,NaN,NaN
2,NaN,NaN,NaN,NaN,NaN,NaN,NaN,NaN
3,NaN,NaN,NaN,NaN,NaN,NaN,NaN,NaN
4,NaN,NaN,NaN,NaN,NaN,NaN,NaN,NaN
5,NaN,NaN,NaN,NaN,NaN,NaN,NaN,NaN
6,NaN,NaN,NaN,NaN,NaN,NaN,NaN,NaN
7,NaN,NaN,NaN,NaN,NaN,NaN,NaN,NaN
8,NaN,NaN,NaN,NaN,NaN,NaN,NaN,NaN
9,NaN,NaN,NaN,NaN,NaN,NaN,NaN,NaN
10,NaN,NaN,NaN,NaN,NaN,NaN,NaN,NaN
11,NaN,NaN,NaN,NaN,NaN,NaN,NaN,NaN
1,NaN,NaN,NaN,NaN,NaN,NaN,NaN,NaN
2,NaN,NaN,NaN,NaN,NaN,NaN,NaN,NaN
3,NaN,NaN,NaN,NaN,NaN,NaN,NaN,NaN
4,NaN,NaN,NaN,NaN,NaN,NaN,NaN,NaN
5,NaN,NaN,NaN,NaN,NaN,NaN,NaN,NaN
6,NaN,NaN,NaN,NaN,NaN,NaN,NaN,NaN
7,NaN,NaN,NaN,NaN,NaN,NaN,NaN,NaN
8,NaN,NaN,NaN,NaN,NaN,NaN,NaN,NaN
9,NaN,NaN,NaN,NaN,NaN,NaN,NaN,NaN
10,NaN,NaN,NaN,NaN,NaN,NaN,NaN,NaN
11,NaN,NaN,NaN,NaN,NaN,NaN,NaN,NaN
1,NaN,NaN,NaN,NaN,NaN,NaN,NaN,NaN
2,NaN,NaN,NaN,NaN,NaN,NaN,NaN,NaN
3,NaN,NaN,NaN,NaN,NaN,NaN,NaN,NaN
4,NaN,NaN,NaN,NaN,NaN,NaN,NaN,NaN
5,NaN,NaN,NaN,NaN,NaN,NaN,NaN,NaN
6,NaN,NaN,NaN,NaN,NaN,NaN,NaN,NaN
7,NaN,NaN,NaN,NaN,NaN,NaN,NaN,NaN
8,NaN,NaN,NaN,NaN,NaN,NaN,NaN,NaN
9,NaN,NaN,NaN,NaN,NaN,NaN,NaN,NaN
10,NaN,NaN,NaN,NaN,NaN,NaN,NaN,NaN
11,NaN,NaN,NaN,NaN,NaN,NaN,NaN,NaN
1,NaN,NaN,NaN,NaN,NaN,NaN,NaN,NaN
2,NaN,NaN,NaN,NaN,NaN,NaN,NaN,NaN
3,NaN,NaN,NaN,NaN,NaN,NaN,NaN,NaN
4,NaN,NaN,NaN,NaN,NaN,NaN,NaN,NaN
5,NaN,NaN,NaN,NaN,NaN,NaN,NaN,NaN
6,NaN,NaN,NaN,NaN,NaN,NaN,NaN,NaN
7,NaN,NaN,NaN,NaN,NaN,NaN,NaN,NaN
8,NaN,NaN,NaN,NaN,NaN,NaN,NaN,NaN
9,NaN,NaN,NaN,NaN,NaN,NaN,NaN,NaN
10,NaN,NaN,NaN,NaN,NaN,NaN,NaN,NaN
11,NaN,NaN,NaN,NaN,NaN,NaN,NaN,NaN
1,NaN,NaN,NaN,NaN,NaN,NaN,NaN,NaN
2,NaN,NaN,NaN,NaN,NaN,NaN,NaN,NaN
3,NaN,NaN,NaN,NaN,NaN,NaN,NaN,NaN
4,NaN,NaN,NaN,NaN,NaN,NaN,NaN,NaN
5,NaN,NaN,NaN,NaN,NaN,NaN,NaN,NaN
6,NaN,NaN,NaN,NaN,NaN,NaN,NaN,NaN
7,NaN,NaN,NaN,NaN,NaN,NaN,NaN,NaN
8,NaN,NaN,NaN,NaN,NaN,NaN,NaN,NaN
9,NaN,NaN,NaN,NaN,NaN,NaN,NaN,NaN
10,NaN,NaN,NaN,NaN,NaN,NaN,NaN,NaN
11,NaN,NaN,NaN,NaN,NaN,NaN,NaN,NaN
1,NaN,NaN,NaN,NaN,NaN,NaN,NaN,NaN
2,NaN,NaN,NaN,NaN,NaN,NaN,NaN,NaN
3,NaN,NaN,NaN,NaN,NaN,NaN,NaN,NaN
4,NaN,NaN,NaN,NaN,NaN,NaN,NaN,NaN
5,NaN,NaN,NaN,NaN,NaN,NaN,NaN,NaN
6,NaN,NaN,NaN,NaN,NaN,NaN,NaN,NaN
7,NaN,NaN,NaN,NaN,NaN,NaN,NaN,NaN
8,NaN,NaN,NaN,NaN,NaN,NaN,NaN,NaN
9,NaN,NaN,NaN,NaN,NaN,NaN,NaN,NaN
10,NaN,NaN,NaN,NaN,NaN,NaN,NaN,NaN
11,NaN,NaN,NaN,NaN,NaN,NaN,NaN,NaN
1,NaN,NaN,NaN,NaN,NaN,NaN,NaN,NaN
2,NaN,NaN,NaN,NaN,NaN,NaN,NaN,NaN
3,NaN,NaN,NaN,NaN,NaN,NaN,NaN,NaN
4,NaN,NaN,NaN,NaN,NaN,NaN,NaN,NaN
5,NaN,NaN,NaN,NaN,NaN,NaN,NaN,NaN
6,NaN,NaN,NaN,NaN,NaN,NaN,NaN,NaN
7,NaN,NaN,NaN,NaN,NaN,NaN,NaN,NaN
8,NaN,NaN,NaN,NaN,NaN,NaN,NaN,NaN
9,NaN,NaN,NaN,NaN,NaN,NaN,NaN,NaN
10,NaN,NaN,NaN,NaN,NaN,NaN,NaN,NaN
11,NaN,NaN,NaN,NaN,NaN,NaN,NaN,NaN
1,NaN,NaN,NaN,NaN,NaN,NaN,NaN,NaN
2,NaN,NaN,NaN,NaN,NaN,NaN,NaN,NaN
3,NaN,NaN,NaN,NaN,NaN,NaN,NaN,NaN
4,NaN,NaN,NaN,NaN,NaN,NaN,NaN,NaN
5,NaN,NaN,NaN,NaN,NaN,NaN,NaN,NaN
6,NaN,NaN,NaN,NaN,NaN,NaN,NaN,NaN
7,NaN,NaN,NaN,NaN,NaN,NaN,NaN,NaN
8,NaN,NaN,NaN,NaN,NaN,NaN,NaN,NaN
9,NaN,NaN,NaN,NaN,NaN,NaN,NaN,NaN
10,NaN,NaN,NaN,NaN,NaN,NaN,NaN,NaN
11,NaN,NaN,NaN,NaN,NaN,NaN,NaN,NaN
1,NaN,NaN,NaN,NaN,NaN,NaN,NaN,NaN
2,NaN,NaN,NaN,NaN,NaN,NaN,NaN,NaN
3,NaN,NaN,NaN,NaN,NaN,NaN,NaN,NaN
4,NaN,NaN,NaN,NaN,NaN,NaN,NaN,NaN
5,NaN,NaN,NaN,NaN,NaN,NaN,NaN,NaN
6,NaN,NaN,NaN,NaN,NaN,NaN,NaN,NaN
7,NaN,NaN,NaN,NaN,NaN,NaN,NaN,NaN
8,NaN,NaN,NaN,NaN,NaN,NaN,NaN,NaN
9,NaN,NaN,NaN,NaN,NaN,NaN,NaN,NaN
10,NaN,NaN,NaN,NaN,NaN,NaN,NaN,NaN
11,NaN,NaN,NaN,NaN,NaN,NaN,NaN,NaN
1,NaN,NaN,NaN,NaN,NaN,NaN,NaN,NaN
2,NaN,NaN,NaN,NaN,NaN,NaN,NaN,NaN
3,NaN,NaN,NaN,NaN,NaN,NaN,NaN,NaN
4,NaN,NaN,NaN,NaN,NaN,NaN,NaN,NaN
5,NaN,NaN,NaN,NaN,NaN,NaN,NaN,NaN
6,NaN,NaN,NaN,NaN,NaN,NaN,NaN,NaN
7,NaN,NaN,NaN,NaN,NaN,NaN,NaN,NaN
8,NaN,NaN,NaN,NaN,NaN,NaN,NaN,NaN
9,NaN,NaN,NaN,NaN,NaN,NaN,NaN,NaN
10,NaN,NaN,NaN,NaN,NaN,NaN,NaN,NaN
11,NaN,NaN,NaN,NaN,NaN,NaN,NaN,NaN
1,NaN,NaN,NaN,NaN,NaN,NaN,NaN,NaN
2,NaN,NaN,NaN,NaN,NaN,NaN,NaN,NaN
3,NaN,NaN,NaN,NaN,NaN,NaN,NaN,NaN
4,NaN,NaN,NaN,NaN,NaN,NaN,NaN,NaN
5,NaN,NaN,NaN,NaN,NaN,NaN,NaN,NaN
6,NaN,NaN,NaN,NaN,NaN,NaN,NaN,NaN
7,NaN,NaN,NaN,NaN,NaN,NaN,NaN,NaN
8,NaN,NaN,NaN,NaN,NaN,NaN,NaN,NaN
9,NaN,NaN,NaN,NaN,NaN,NaN,NaN,NaN
10,NaN,NaN,NaN,NaN,NaN,NaN,NaN,NaN
11,NaN,NaN,NaN,NaN,NaN,NaN,NaN,NaN
1,NaN,NaN,NaN,NaN,NaN,NaN,NaN,NaN
2,NaN,NaN,NaN,NaN,NaN,NaN,NaN,NaN
3,NaN,NaN,NaN,NaN,NaN,NaN,NaN,NaN
4,NaN,NaN,NaN,NaN,NaN,NaN,NaN,NaN
5,NaN,NaN,NaN,NaN,NaN,NaN,NaN,NaN
6,NaN,NaN,NaN,NaN,NaN,NaN,NaN,NaN
7,NaN,NaN,NaN,NaN,NaN,NaN,NaN,NaN
8,NaN,NaN,NaN,NaN,NaN,NaN,NaN,NaN
9,NaN,NaN,NaN,NaN,NaN,NaN,NaN,NaN
10,NaN,NaN,NaN,NaN,NaN,NaN,NaN,NaN
11,NaN,NaN,NaN,NaN,NaN,NaN,NaN,NaN
1,NaN,NaN,NaN,NaN,NaN,NaN,NaN,NaN
2,NaN,NaN,NaN,NaN,NaN,NaN,NaN,NaN
3,NaN,NaN,NaN,NaN,NaN,NaN,NaN,NaN
4,NaN,NaN,NaN,NaN,NaN,NaN,NaN,NaN
5,NaN,NaN,NaN,NaN,NaN,NaN,NaN,NaN
6,NaN,NaN,NaN,NaN,NaN,NaN,NaN,NaN
7,NaN,NaN,NaN,NaN,NaN,NaN,NaN,NaN
8,NaN,NaN,NaN,NaN,NaN,NaN,NaN,NaN
9,NaN,NaN,NaN,NaN,NaN,NaN,NaN,NaN
10,NaN,NaN,NaN,NaN,NaN,NaN,NaN,NaN
11,NaN,NaN,NaN,NaN,NaN,NaN,NaN,NaN
1,NaN,NaN,NaN,NaN,NaN,NaN,NaN,NaN
2,NaN,NaN,NaN,NaN,NaN,NaN,NaN,NaN
3,NaN,NaN,NaN,NaN,NaN,NaN,NaN,NaN
4,NaN,NaN,NaN,NaN,NaN,NaN,NaN,NaN
5,NaN,NaN,NaN,NaN,NaN,NaN,NaN,NaN
6,NaN,NaN,NaN,NaN,NaN,NaN,NaN,NaN
7,NaN,NaN,NaN,NaN,NaN,NaN,NaN,NaN
8,NaN,NaN,NaN,NaN,NaN,NaN,NaN,NaN
9,NaN,NaN,NaN,NaN,NaN,NaN,NaN,NaN
10,NaN,NaN,NaN,NaN,NaN,NaN,NaN,NaN
11,NaN,NaN,NaN,NaN,NaN,NaN,NaN,NaN
1,NaN,NaN,NaN,NaN,NaN,NaN,NaN,NaN
2,NaN,NaN,NaN,NaN,NaN,NaN,NaN,NaN
3,NaN,NaN,NaN,NaN,NaN,NaN,NaN,NaN
4,NaN,NaN,NaN,NaN,NaN,NaN,NaN,NaN
5,NaN,NaN,NaN,NaN,NaN,NaN,NaN,NaN
6,NaN,NaN,NaN,NaN,NaN,NaN,NaN,NaN
7,NaN,NaN,NaN,NaN,NaN,NaN,NaN,NaN
8,NaN,NaN,NaN,NaN,NaN,NaN,NaN,NaN
9,NaN,NaN,NaN,NaN,NaN,NaN,NaN,NaN
10,NaN,NaN,NaN,NaN,NaN,NaN,NaN,NaN
11,NaN,NaN,NaN,NaN,NaN,NaN,NaN,NaN
1,NaN,NaN,NaN,NaN,NaN,NaN,NaN,NaN
2,NaN,NaN,NaN,NaN,NaN,NaN,NaN,NaN
3,NaN,NaN,NaN,NaN,NaN,NaN,NaN,NaN
4,NaN,NaN,NaN,NaN,NaN,NaN,NaN,NaN
5,NaN,NaN,NaN,NaN,NaN,NaN,NaN,NaN
6,NaN,NaN,NaN,NaN,NaN,NaN,NaN,NaN
7,NaN,NaN,NaN,NaN,NaN,NaN,NaN,NaN
8,NaN,NaN,NaN,NaN,NaN,NaN,NaN,NaN
9,NaN,NaN,NaN,NaN,NaN,NaN,NaN,NaN
10,NaN,NaN,NaN,NaN,NaN,NaN,NaN,NaN
11,NaN,NaN,NaN,NaN,NaN,NaN,NaN,NaN
1,NaN,NaN,NaN,NaN,NaN,NaN,NaN,NaN
2,NaN,NaN,NaN,NaN,NaN,NaN,NaN,NaN
3,NaN,NaN,NaN,NaN,NaN,NaN,NaN,NaN
4,NaN,NaN,NaN,NaN,NaN,NaN,NaN,NaN
5,NaN,NaN,NaN,NaN,NaN,NaN,NaN,NaN
6,NaN,NaN,NaN,NaN,NaN,NaN,NaN,NaN
7,NaN,NaN,NaN,NaN,NaN,NaN,NaN,NaN
8,NaN,NaN,NaN,NaN,NaN,NaN,NaN,NaN
9,NaN,NaN,NaN,NaN,NaN,NaN,NaN,NaN
10,NaN,NaN,NaN,NaN,NaN,NaN,NaN,NaN
11,NaN,NaN,NaN,NaN,NaN,NaN,NaN,NaN
1,NaN,NaN,NaN,NaN,NaN,NaN,NaN,NaN
2,NaN,NaN,NaN,NaN,NaN,NaN,NaN,NaN
3,NaN,NaN,NaN,NaN,NaN,NaN,NaN,NaN
4,NaN,NaN,NaN,NaN,NaN,NaN,NaN,NaN
5,NaN,NaN,NaN,NaN,NaN,NaN,NaN,NaN
6,NaN,NaN,NaN,NaN,NaN,NaN,NaN,NaN
7,NaN,NaN,NaN,NaN,NaN,NaN,NaN,NaN
8,NaN,NaN,NaN,NaN,NaN,NaN,NaN,NaN
9,NaN,NaN,NaN,NaN,NaN,NaN,NaN,NaN
10,NaN,NaN,NaN,NaN,NaN,NaN,NaN,NaN
11,NaN,NaN,NaN,NaN,NaN,NaN,NaN,NaN
1,NaN,NaN,NaN,NaN,NaN,NaN,NaN,NaN
2,NaN,NaN,NaN,NaN,NaN,NaN,NaN,NaN
3,NaN,NaN,NaN,NaN,NaN,NaN,NaN,NaN
4,NaN,NaN,NaN,NaN,NaN,NaN,NaN,NaN
5,NaN,NaN,NaN,NaN,NaN,NaN,NaN,NaN
6,NaN,NaN,NaN,NaN,NaN,NaN,NaN,NaN
7,NaN,NaN,NaN,NaN,NaN,NaN,NaN,NaN
8,NaN,NaN,NaN,NaN,NaN,NaN,NaN,NaN
9,NaN,NaN,NaN,NaN,NaN,NaN,NaN,NaN
10,NaN,NaN,NaN,NaN,NaN,NaN,NaN,NaN
11,NaN,NaN,NaN,NaN,NaN,NaN,NaN,NaN
1,NaN,NaN,NaN,NaN,NaN,NaN,NaN,NaN
2,NaN,NaN,NaN,NaN,NaN,NaN,NaN,NaN
3,NaN,NaN,NaN,NaN,NaN,NaN,NaN,NaN
4,NaN,NaN,NaN,NaN,NaN,NaN,NaN,NaN
5,NaN,NaN,NaN,NaN,NaN,NaN,NaN,NaN
6,NaN,NaN,NaN,NaN,NaN,NaN,NaN,NaN
7,NaN,NaN,NaN,NaN,NaN,NaN,NaN,NaN
8,NaN,NaN,NaN,NaN,NaN,NaN,NaN,NaN
9,NaN,NaN,NaN,NaN,NaN,NaN,NaN,NaN
10,NaN,NaN,NaN,NaN,NaN,NaN,NaN,NaN
11,NaN,NaN,NaN,NaN,NaN,NaN,NaN,NaN
1,NaN,NaN,NaN,NaN,NaN,NaN,NaN,NaN
2,NaN,NaN,NaN,NaN,NaN,NaN,NaN,NaN
3,NaN,NaN,NaN,NaN,NaN,NaN,NaN,NaN
4,NaN,NaN,NaN,NaN,NaN,NaN,NaN,NaN
5,NaN,NaN,NaN,NaN,NaN,NaN,NaN,NaN
6,NaN,NaN,NaN,NaN,NaN,NaN,NaN,NaN
7,NaN,NaN,NaN,NaN,NaN,NaN,NaN,NaN
8,NaN,NaN,NaN,NaN,NaN,NaN,NaN,NaN
9,NaN,NaN,NaN,NaN,NaN,NaN,NaN,NaN
10,NaN,NaN,NaN,NaN,NaN,NaN,NaN,NaN
11,NaN,NaN,NaN,NaN,NaN,NaN,NaN,NaN
1,NaN,NaN,NaN,NaN,NaN,NaN,NaN,NaN
2,NaN,NaN,NaN,NaN,NaN,NaN,NaN,NaN
3,NaN,NaN,NaN,NaN,NaN,NaN,NaN,NaN
4,NaN,NaN,NaN,NaN,NaN,NaN,NaN,NaN
5,NaN,NaN,NaN,NaN,NaN,NaN,NaN,NaN
6,NaN,NaN,NaN,NaN,NaN,NaN,NaN,NaN
7,NaN,NaN,NaN,NaN,NaN,NaN,NaN,NaN
8,NaN,NaN,NaN,NaN,NaN,NaN,NaN,NaN
9,NaN,NaN,NaN,NaN,NaN,NaN,NaN,NaN
10,NaN,NaN,NaN,NaN,NaN,NaN,NaN,NaN
11,NaN,NaN,NaN,NaN,NaN,NaN,NaN,NaN
1,NaN,NaN,NaN,NaN,NaN,NaN,NaN,NaN
2,NaN,NaN,NaN,NaN,NaN,NaN,NaN,NaN
3,NaN,NaN,NaN,NaN,NaN,NaN,NaN,NaN
4,NaN,NaN,NaN,NaN,NaN,NaN,NaN,NaN
5,NaN,NaN,NaN,NaN,NaN,NaN,NaN,NaN
6,NaN,NaN,NaN,NaN,NaN,NaN,NaN,NaN
7,NaN,NaN,NaN,NaN,NaN,NaN,NaN,NaN
8,NaN,NaN,NaN,NaN,NaN,NaN,NaN,NaN
9,NaN,NaN,NaN,NaN,NaN,NaN,NaN,NaN
10,NaN,NaN,NaN,NaN,NaN,NaN,NaN,NaN
11,NaN,NaN,NaN,NaN,NaN,NaN,NaN,NaN
1,NaN,NaN,NaN,NaN,NaN,NaN,NaN,NaN
2,NaN,NaN,NaN,NaN,NaN,NaN,NaN,NaN
3,NaN,NaN,NaN,NaN,NaN,NaN,NaN,NaN
4,NaN,NaN,NaN,NaN,NaN,NaN,NaN,NaN
5,NaN,NaN,NaN,NaN,NaN,NaN,NaN,NaN
6,NaN,NaN,NaN,NaN,NaN,NaN,NaN,NaN
7,NaN,NaN,NaN,NaN,NaN,NaN,NaN,NaN
8,NaN,NaN,NaN,NaN,NaN,NaN,NaN,NaN
9,NaN,NaN,NaN,NaN,NaN,NaN,NaN,NaN
10,NaN,NaN,NaN,NaN,NaN,NaN,NaN,NaN
11,NaN,NaN,NaN,NaN,NaN,NaN,NaN,NaN
1,NaN,NaN,NaN,NaN,NaN,NaN,NaN,NaN
2,NaN,NaN,NaN,NaN,NaN,NaN,NaN,NaN
3,NaN,NaN,NaN,NaN,NaN,NaN,NaN,NaN
4,NaN,NaN,NaN,NaN,NaN,NaN,NaN,NaN
5,NaN,NaN,NaN,NaN,NaN,NaN,NaN,NaN
6,NaN,NaN,NaN,NaN,NaN,NaN,NaN,NaN
7,NaN,NaN,NaN,NaN,NaN,NaN,NaN,NaN
8,NaN,NaN,NaN,NaN,NaN,NaN,NaN,NaN
9,NaN,NaN,NaN,NaN,NaN,NaN,NaN,NaN
10,NaN,NaN,NaN,NaN,NaN,NaN,NaN,NaN
11,NaN,NaN,NaN,NaN,NaN,NaN,NaN,NaN
1,NaN,NaN,NaN,NaN,NaN,NaN,NaN,NaN
2,NaN,NaN,NaN,NaN,NaN,NaN,NaN,NaN
3,NaN,NaN,NaN,NaN,NaN,NaN,NaN,NaN
4,NaN,NaN,NaN,NaN,NaN,NaN,NaN,NaN
5,NaN,NaN,NaN,NaN,NaN,NaN,NaN,NaN
6,NaN,NaN,NaN,NaN,NaN,NaN,NaN,NaN
7,NaN,NaN,NaN,NaN,NaN,NaN,NaN,NaN
8,NaN,NaN,NaN,NaN,NaN,NaN,NaN,NaN
9,NaN,NaN,NaN,NaN,NaN,NaN,NaN,NaN
10,NaN,NaN,NaN,NaN,NaN,NaN,NaN,NaN
11,NaN,NaN,NaN,NaN,NaN,NaN,NaN,NaN
1,NaN,NaN,NaN,NaN,NaN,NaN,NaN,NaN
2,NaN,NaN,NaN,NaN,NaN,NaN,NaN,NaN
3,NaN,NaN,NaN,NaN,NaN,NaN,NaN,NaN
4,NaN,NaN,NaN,NaN,NaN,NaN,NaN,NaN
5,NaN,NaN,NaN,NaN,NaN,NaN,NaN,NaN
6,NaN,NaN,NaN,NaN,NaN,NaN,NaN,NaN
7,NaN,NaN,NaN,NaN,NaN,NaN,NaN,NaN
8,NaN,NaN,NaN,NaN,NaN,NaN,NaN,NaN
9,NaN,NaN,NaN,NaN,NaN,NaN,NaN,NaN
10,NaN,NaN,NaN,NaN,NaN,NaN,NaN,NaN
11,NaN,NaN,NaN,NaN,NaN,NaN,NaN,NaN
1,NaN,NaN,NaN,NaN,NaN,NaN,NaN,NaN
2,NaN,NaN,NaN,NaN,NaN,NaN,NaN,NaN
3,NaN,NaN,NaN,NaN,NaN,NaN,NaN,NaN
4,NaN,NaN,NaN,NaN,NaN,NaN,NaN,NaN
5,NaN,NaN,NaN,NaN,NaN,NaN,NaN,NaN
6,NaN,NaN,NaN,NaN,NaN,NaN,NaN,NaN
7,NaN,NaN,NaN,NaN,NaN,NaN,NaN,NaN
8,NaN,NaN,NaN,NaN,NaN,NaN,NaN,NaN
9,NaN,NaN,NaN,NaN,NaN,NaN,NaN,NaN
10,NaN,NaN,NaN,NaN,NaN,NaN,NaN,NaN
11,NaN,NaN,NaN,NaN,NaN,NaN,NaN,NaN
1,NaN,NaN,NaN,NaN,NaN,NaN,NaN,NaN
2,NaN,NaN,NaN,NaN,NaN,NaN,NaN,NaN
3,NaN,NaN,NaN,NaN,NaN,NaN,NaN,NaN
4,NaN,NaN,NaN,NaN,NaN,NaN,NaN,NaN
5,NaN,NaN,NaN,NaN,NaN,NaN,NaN,NaN
6,NaN,NaN,NaN,NaN,NaN,NaN,NaN,NaN
7,NaN,NaN,NaN,NaN,NaN,NaN,NaN,NaN
8,NaN,NaN,NaN,NaN,NaN,NaN,NaN,NaN
9,NaN,NaN,NaN,NaN,NaN,NaN,NaN,NaN
10,NaN,NaN,NaN,NaN,NaN,NaN,NaN,NaN
11,NaN,NaN,NaN,NaN,NaN,NaN,NaN,NaN
1,NaN,NaN,NaN,NaN,NaN,NaN,NaN,NaN
2,NaN,NaN,NaN,NaN,NaN,NaN,NaN,NaN
3,NaN,NaN,NaN,NaN,NaN,NaN,NaN,NaN
4,NaN,NaN,NaN,NaN,NaN,NaN,NaN,NaN
5,NaN,NaN,NaN,NaN,NaN,NaN,NaN,NaN
6,NaN,NaN,NaN,NaN,NaN,NaN,NaN,NaN
7,NaN,NaN,NaN,NaN,NaN,NaN,NaN,NaN
8,NaN,NaN,NaN,NaN,NaN,NaN,NaN,NaN
9,NaN,NaN,NaN,NaN,NaN,NaN,NaN,NaN
10,NaN,NaN,NaN,NaN,NaN,NaN,NaN,NaN
11,NaN,NaN,NaN,NaN,NaN,NaN,NaN,NaN
1,NaN,NaN,NaN,NaN,NaN,NaN,NaN,NaN
2,NaN,NaN,NaN,NaN,NaN,NaN,NaN,NaN
3,NaN,NaN,NaN,NaN,NaN,NaN,NaN,NaN
4,NaN,NaN,NaN,NaN,NaN,NaN,NaN,NaN
5,NaN,NaN,NaN,NaN,NaN,NaN,NaN,NaN
6,NaN,NaN,NaN,NaN,NaN,NaN,NaN,NaN
7,NaN,NaN,NaN,NaN,NaN,NaN,NaN,NaN
8,NaN,NaN,NaN,NaN,NaN,NaN,NaN,NaN
9,NaN,NaN,NaN,NaN,NaN,NaN,NaN,NaN
10,NaN,NaN,NaN,NaN,NaN,NaN,NaN,NaN
11,NaN,NaN,NaN,NaN,NaN,NaN,NaN,NaN
1,NaN,NaN,NaN,NaN,NaN,NaN,NaN,NaN
2,NaN,NaN,NaN,NaN,NaN,NaN,NaN,NaN
3,NaN,NaN,NaN,NaN,NaN,NaN,NaN,NaN
4,NaN,NaN,NaN,NaN,NaN,NaN,NaN,NaN
5,NaN,NaN,NaN,NaN,NaN,NaN,NaN,NaN
6,NaN,NaN,NaN,NaN,NaN,NaN,NaN,NaN
7,NaN,NaN,NaN,NaN,NaN,NaN,NaN,NaN
8,NaN,NaN,NaN,NaN,NaN,NaN,NaN,NaN
9,NaN,NaN,NaN,NaN,NaN,NaN,NaN,NaN
10,NaN,NaN,NaN,NaN,NaN,NaN,NaN,NaN
11,NaN,NaN,NaN,NaN,NaN,NaN,NaN,NaN
1,NaN,NaN,NaN,NaN,NaN,NaN,NaN,NaN
2,NaN,NaN,NaN,NaN,NaN,NaN,NaN,NaN
3,NaN,NaN,NaN,NaN,NaN,NaN,NaN,NaN
4,NaN,NaN,NaN,NaN,NaN,NaN,NaN,NaN
5,NaN,NaN,NaN,NaN,NaN,NaN,NaN,NaN
6,NaN,NaN,NaN,NaN,NaN,NaN,NaN,NaN
7,NaN,NaN,NaN,NaN,NaN,NaN,NaN,NaN
8,NaN,NaN,NaN,NaN,NaN,NaN,NaN,NaN
9,NaN,NaN,NaN,NaN,NaN,NaN,NaN,NaN
10,NaN,NaN,NaN,NaN,NaN,NaN,NaN,NaN
11,NaN,NaN,NaN,NaN,NaN,NaN,NaN,NaN
1,NaN,NaN,NaN,NaN,NaN,NaN,NaN,NaN
2,NaN,NaN,NaN,NaN,NaN,NaN,NaN,NaN
3,NaN,NaN,NaN,NaN,NaN,NaN,NaN,NaN
4,NaN,NaN,NaN,NaN,NaN,NaN,NaN,NaN
5,NaN,NaN,NaN,NaN,NaN,NaN,NaN,NaN
6,NaN,NaN,NaN,NaN,NaN,NaN,NaN,NaN
7,NaN,NaN,NaN,NaN,NaN,NaN,NaN,NaN
8,NaN,NaN,NaN,NaN,NaN,NaN,NaN,NaN
9,NaN,NaN,NaN,NaN,NaN,NaN,NaN,NaN
10,NaN,NaN,NaN,NaN,NaN,NaN,NaN,NaN
11,NaN,NaN,NaN,NaN,NaN,NaN,NaN,NaN
1,NaN,NaN,NaN,NaN,NaN,NaN,NaN,NaN
2,NaN,NaN,NaN,NaN,NaN,NaN,NaN,NaN
3,NaN,NaN,NaN,NaN,NaN,NaN,NaN,NaN
4,NaN,NaN,NaN,NaN,NaN,NaN,NaN,NaN
5,NaN,NaN,NaN,NaN,NaN,NaN,NaN,NaN
6,NaN,NaN,NaN,NaN,NaN,NaN,NaN,NaN
7,NaN,NaN,NaN,NaN,NaN,NaN,NaN,NaN
8,NaN,NaN,NaN,NaN,NaN,NaN,NaN,NaN
9,NaN,NaN,NaN,NaN,NaN,NaN,NaN,NaN
10,NaN,NaN,NaN,NaN,NaN,NaN,NaN,NaN
11,NaN,NaN,NaN,NaN,NaN,NaN,NaN,NaN
1,NaN,NaN,NaN,NaN,NaN,NaN,NaN,NaN
2,NaN,NaN,NaN,NaN,NaN,NaN,NaN,NaN
3,NaN,NaN,NaN,NaN,NaN,NaN,NaN,NaN
4,NaN,NaN,NaN,NaN,NaN,NaN,NaN,NaN
5,NaN,NaN,NaN,NaN,NaN,NaN,NaN,NaN
6,NaN,NaN,NaN,NaN,NaN,NaN,NaN,NaN
7,NaN,NaN,NaN,NaN,NaN,NaN,NaN,NaN
8,NaN,NaN,NaN,NaN,NaN,NaN,NaN,NaN
9,NaN,NaN,NaN,NaN,NaN,NaN,NaN,NaN
10,NaN,NaN,NaN,NaN,NaN,NaN,NaN,NaN
11,NaN,NaN,NaN,NaN,NaN,NaN,NaN,NaN
1,NaN,NaN,NaN,NaN,NaN,NaN,NaN,NaN
2,NaN,NaN,NaN,NaN,NaN,NaN,NaN,NaN
3,NaN,NaN,NaN,NaN,NaN,NaN,NaN,NaN
4,NaN,NaN,NaN,NaN,NaN,NaN,NaN,NaN
5,NaN,NaN,NaN,NaN,NaN,NaN,NaN,NaN
6,NaN,NaN,NaN,NaN,NaN,NaN,NaN,NaN
7,NaN,NaN,NaN,NaN,NaN,NaN,NaN,NaN
8,NaN,NaN,NaN,NaN,NaN,NaN,NaN,NaN
9,NaN,NaN,NaN,NaN,NaN,NaN,NaN,NaN
10,NaN,NaN,NaN,NaN,NaN,NaN,NaN,NaN
11,NaN,NaN,NaN,NaN,NaN,NaN,NaN,NaN
1,NaN,NaN,NaN,NaN,NaN,NaN,NaN,NaN
2,NaN,NaN,NaN,NaN,NaN,NaN,NaN,NaN
3,NaN,NaN,NaN,NaN,NaN,NaN,NaN,NaN
4,NaN,NaN,NaN,NaN,NaN,NaN,NaN,NaN
5,NaN,NaN,NaN,NaN,NaN,NaN,NaN,NaN
6,NaN,NaN,NaN,NaN,NaN,NaN,NaN,NaN
7,NaN,NaN,NaN,NaN,NaN,NaN,NaN,NaN
8,NaN,NaN,NaN,NaN,NaN,NaN,NaN,NaN
9,NaN,NaN,NaN,NaN,NaN,NaN,NaN,NaN
10,NaN,NaN,NaN,NaN,NaN,NaN,NaN,NaN
11,NaN,NaN,NaN,NaN,NaN,NaN,NaN,NaN
1,NaN,NaN,NaN,NaN,NaN,NaN,NaN,NaN
2,NaN,NaN,NaN,NaN,NaN,NaN,NaN,NaN
3,NaN,NaN,NaN,NaN,NaN,NaN,NaN,NaN
4,NaN,NaN,NaN,NaN,NaN,NaN,NaN,NaN
5,NaN,NaN,NaN,NaN,NaN,NaN,NaN,NaN
6,NaN,NaN,NaN,NaN,NaN,NaN,NaN,NaN
7,NaN,NaN,NaN,NaN,NaN,NaN,NaN,NaN
8,NaN,NaN,NaN,NaN,NaN,NaN,NaN,NaN
9,NaN,NaN,NaN,NaN,NaN,NaN,NaN,NaN
10,NaN,NaN,NaN,NaN,NaN,NaN,NaN,NaN
11,NaN,NaN,NaN,NaN,NaN,NaN,NaN,NaN
1,NaN,NaN,NaN,NaN,NaN,NaN,NaN,NaN
2,NaN,NaN,NaN,NaN,NaN,NaN,NaN,NaN
3,NaN,NaN,NaN,NaN,NaN,NaN,NaN,NaN
4,NaN,NaN,NaN,NaN,NaN,NaN,NaN,NaN
5,NaN,NaN,NaN,NaN,NaN,NaN,NaN,NaN
6,NaN,NaN,NaN,NaN,NaN,NaN,NaN,NaN
7,NaN,NaN,NaN,NaN,NaN,NaN,NaN,NaN
8,NaN,NaN,NaN,NaN,NaN,NaN,NaN,NaN
9,NaN,NaN,NaN,NaN,NaN,NaN,NaN,NaN
10,NaN,NaN,NaN,NaN,NaN,NaN,NaN,NaN
11,NaN,NaN,NaN,NaN,NaN,NaN,NaN,NaN
1,NaN,NaN,NaN,NaN,NaN,NaN,NaN,NaN
2,NaN,NaN,NaN,NaN,NaN,NaN,NaN,NaN
3,NaN,NaN,NaN,NaN,NaN,NaN,NaN,NaN
4,NaN,NaN,NaN,NaN,NaN,NaN,NaN,NaN
5,NaN,NaN,NaN,NaN,NaN,NaN,NaN,NaN
6,NaN,NaN,NaN,NaN,NaN,NaN,NaN,NaN
7,NaN,NaN,NaN,NaN,NaN,NaN,NaN,NaN
8,NaN,NaN,NaN,NaN,NaN,NaN,NaN,NaN
9,NaN,NaN,NaN,NaN,NaN,NaN,NaN,NaN
10,NaN,NaN,NaN,NaN,NaN,NaN,NaN,NaN
11,NaN,NaN,NaN,NaN,NaN,NaN,NaN,NaN
1,NaN,NaN,NaN,NaN,NaN,NaN,NaN,NaN
2,NaN,NaN,NaN,NaN,NaN,NaN,NaN,NaN
3,NaN,NaN,NaN,NaN,NaN,NaN,NaN,NaN
4,NaN,NaN,NaN,NaN,NaN,NaN,NaN,NaN
5,NaN,NaN,NaN,NaN,NaN,NaN,NaN,NaN
6,NaN,NaN,NaN,NaN,NaN,NaN,NaN,NaN
7,NaN,NaN,NaN,NaN,NaN,NaN,NaN,NaN
8,NaN,NaN,NaN,NaN,NaN,NaN,NaN,NaN
9,NaN,NaN,NaN,NaN,NaN,NaN,NaN,NaN
10,NaN,NaN,NaN,NaN,NaN,NaN,NaN,NaN
11,NaN,NaN,NaN,NaN,NaN,NaN,NaN,NaN
1,NaN,NaN,NaN,NaN,NaN,NaN,NaN,NaN
2,NaN,NaN,NaN,NaN,NaN,NaN,NaN,NaN
3,NaN,NaN,NaN,NaN,NaN,NaN,NaN,NaN
4,NaN,NaN,NaN,NaN,NaN,NaN,NaN,NaN
5,NaN,NaN,NaN,NaN,NaN,NaN,NaN,NaN
6,NaN,NaN,NaN,NaN,NaN,NaN,NaN,NaN
7,NaN,NaN,NaN,NaN,NaN,NaN,NaN,NaN
8,NaN,NaN,NaN,NaN,NaN,NaN,NaN,NaN
9,NaN,NaN,NaN,NaN,NaN,NaN,NaN,NaN
10,NaN,NaN,NaN,NaN,NaN,NaN,NaN,NaN
11,NaN,NaN,NaN,NaN,NaN,NaN,NaN,NaN
1,NaN,NaN,NaN,NaN,NaN,NaN,NaN,NaN
2,NaN,NaN,NaN,NaN,NaN,NaN,NaN,NaN
3,NaN,NaN,NaN,NaN,NaN,NaN,NaN,NaN
4,NaN,NaN,NaN,NaN,NaN,NaN,NaN,NaN
5,NaN,NaN,NaN,NaN,NaN,NaN,NaN,NaN
6,NaN,NaN,NaN,NaN,NaN,NaN,NaN,NaN
7,NaN,NaN,NaN,NaN,NaN,NaN,NaN,NaN
8,NaN,NaN,NaN,NaN,NaN,NaN,NaN,NaN
9,NaN,NaN,NaN,NaN,NaN,NaN,NaN,NaN
10,NaN,NaN,NaN,NaN,NaN,NaN,NaN,NaN
11,NaN,NaN,NaN,NaN,NaN,NaN,NaN,NaN
1,NaN,NaN,NaN,NaN,NaN,NaN,NaN,NaN
2,NaN,NaN,NaN,NaN,NaN,NaN,NaN,NaN
3,NaN,NaN,NaN,NaN,NaN,NaN,NaN,NaN
4,NaN,NaN,NaN,NaN,NaN,NaN,NaN,NaN
5,NaN,NaN,NaN,NaN,NaN,NaN,NaN,NaN
6,NaN,NaN,NaN,NaN,NaN,NaN,NaN,NaN
7,NaN,NaN,NaN,NaN,NaN,NaN,NaN,NaN
8,NaN,NaN,NaN,NaN,NaN,NaN,NaN,NaN
9,NaN,NaN,NaN,NaN,NaN,NaN,NaN,NaN
10,NaN,NaN,NaN,NaN,NaN,NaN,NaN,NaN
11,NaN,NaN,NaN,NaN,NaN,NaN,NaN,NaN
1,NaN,NaN,NaN,NaN,NaN,NaN,NaN,NaN
2,NaN,NaN,NaN,NaN,NaN,NaN,NaN,NaN
3,NaN,NaN,NaN,NaN,NaN,NaN,NaN,NaN
4,NaN,NaN,NaN,NaN,NaN,NaN,NaN,NaN
5,NaN,NaN,NaN,NaN,NaN,NaN,NaN,NaN
6,NaN,NaN,NaN,NaN,NaN,NaN,NaN,NaN
7,NaN,NaN,NaN,NaN,NaN,NaN,NaN,NaN
8,NaN,NaN,NaN,NaN,NaN,NaN,NaN,NaN
9,NaN,NaN,NaN,NaN,NaN,NaN,NaN,NaN
10,NaN,NaN,NaN,NaN,NaN,NaN,NaN,NaN
11,NaN,NaN,NaN,NaN,NaN,NaN,NaN,NaN
1,NaN,NaN,NaN,NaN,NaN,NaN,NaN,NaN
2,NaN,NaN,NaN,NaN,NaN,NaN,NaN,NaN
3,NaN,NaN,NaN,NaN,NaN,NaN,NaN,NaN
4,NaN,NaN,NaN,NaN,NaN,NaN,NaN,NaN
5,NaN,NaN,NaN,NaN,NaN,NaN,NaN,NaN
6,NaN,NaN,NaN,NaN,NaN,NaN,NaN,NaN
7,NaN,NaN,NaN,NaN,NaN,NaN,NaN,NaN
8,NaN,NaN,NaN,NaN,NaN,NaN,NaN,NaN
9,NaN,NaN,NaN,NaN,NaN,NaN,NaN,NaN
10,NaN,NaN,NaN,NaN,NaN,NaN,NaN,NaN
11,NaN,NaN,NaN,NaN,NaN,NaN,NaN,NaN
1,NaN,NaN,NaN,NaN,NaN,NaN,NaN,NaN
2,NaN,NaN,NaN,NaN,NaN,NaN,NaN,NaN
3,NaN,NaN,NaN,NaN,NaN,NaN,NaN,NaN
4,NaN,NaN,NaN,NaN,NaN,NaN,NaN,NaN
5,NaN,NaN,NaN,NaN,NaN,NaN,NaN,NaN
6,NaN,NaN,NaN,NaN,NaN,NaN,NaN,NaN
7,NaN,NaN,NaN,NaN,NaN,NaN,NaN,NaN
8,NaN,NaN,NaN,NaN,NaN,NaN,NaN,NaN
9,NaN,NaN,NaN,NaN,NaN,NaN,NaN,NaN
10,NaN,NaN,NaN,NaN,NaN,NaN,NaN,NaN
11,NaN,NaN,NaN,NaN,NaN,NaN,NaN,NaN
1,NaN,NaN,NaN,NaN,NaN,NaN,NaN,NaN
2,NaN,NaN,NaN,NaN,NaN,NaN,NaN,NaN
3,NaN,NaN,NaN,NaN,NaN,NaN,NaN,NaN
4,NaN,NaN,NaN,NaN,NaN,NaN,NaN,NaN
5,NaN,NaN,NaN,NaN,NaN,NaN,NaN,NaN
6,NaN,NaN,NaN,NaN,NaN,NaN,NaN,NaN
7,NaN,NaN,NaN,NaN,NaN,NaN,NaN,NaN
8,NaN,NaN,NaN,NaN,NaN,NaN,NaN,NaN
9,NaN,NaN,NaN,NaN,NaN,NaN,NaN,NaN
10,NaN,NaN,NaN,NaN,NaN,NaN,NaN,NaN
11,NaN,NaN,NaN,NaN,NaN,NaN,NaN,NaN
1,NaN,NaN,NaN,NaN,NaN,NaN,NaN,NaN
2,NaN,NaN,NaN,NaN,NaN,NaN,NaN,NaN
3,NaN,NaN,NaN,NaN,NaN,NaN,NaN,NaN
4,NaN,NaN,NaN,NaN,NaN,NaN,NaN,NaN
5,NaN,NaN,NaN,NaN,NaN,NaN,NaN,NaN
6,NaN,NaN,NaN,NaN,NaN,NaN,NaN,NaN
7,NaN,NaN,NaN,NaN,NaN,NaN,NaN,NaN
8,NaN,NaN,NaN,NaN,NaN,NaN,NaN,NaN
9,NaN,NaN,NaN,NaN,NaN,NaN,NaN,NaN
10,NaN,NaN,NaN,NaN,NaN,NaN,NaN,NaN
11,NaN,NaN,NaN,NaN,NaN,NaN,NaN,NaN
1,NaN,NaN,NaN,NaN,NaN,NaN,NaN,NaN
2,NaN,NaN,NaN,NaN,NaN,NaN,NaN,NaN
3,NaN,NaN,NaN,NaN,NaN,NaN,NaN,NaN
4,NaN,NaN,NaN,NaN,NaN,NaN,NaN,NaN
5,NaN,NaN,NaN,NaN,NaN,NaN,NaN,NaN
6,NaN,NaN,NaN,NaN,NaN,NaN,NaN,NaN
7,NaN,NaN,NaN,NaN,NaN,NaN,NaN,NaN
8,NaN,NaN,NaN,NaN,NaN,NaN,NaN,NaN
9,NaN,NaN,NaN,NaN,NaN,NaN,NaN,NaN
10,NaN,NaN,NaN,NaN,NaN,NaN,NaN,NaN
11,NaN,NaN,NaN,NaN,NaN,NaN,NaN,NaN
1,NaN,NaN,NaN,NaN,NaN,NaN,NaN,NaN
2,NaN,NaN,NaN,NaN,NaN,NaN,NaN,NaN
3,NaN,NaN,NaN,NaN,NaN,NaN,NaN,NaN
4,NaN,NaN,NaN,NaN,NaN,NaN,NaN,NaN
5,NaN,NaN,NaN,NaN,NaN,NaN,NaN,NaN
6,NaN,NaN,NaN,NaN,NaN,NaN,NaN,NaN
7,NaN,NaN,NaN,NaN,NaN,NaN,NaN,NaN
8,NaN,NaN,NaN,NaN,NaN,NaN,NaN,NaN
9,NaN,NaN,NaN,NaN,NaN,NaN,NaN,NaN
10,NaN,NaN,NaN,NaN,NaN,NaN,NaN,NaN
11,NaN,NaN,NaN,NaN,NaN,NaN,NaN,NaN
1,NaN,NaN,NaN,NaN,NaN,NaN,NaN,NaN
2,NaN,NaN,NaN,NaN,NaN,NaN,NaN,NaN
3,NaN,NaN,NaN,NaN,NaN,NaN,NaN,NaN
4,NaN,NaN,NaN,NaN,NaN,NaN,NaN,NaN
5,NaN,NaN,NaN,NaN,NaN,NaN,NaN,NaN
6,NaN,NaN,NaN,NaN,NaN,NaN,NaN,NaN
7,NaN,NaN,NaN,NaN,NaN,NaN,NaN,NaN
8,NaN,NaN,NaN,NaN,NaN,NaN,NaN,NaN
9,NaN,NaN,NaN,NaN,NaN,NaN,NaN,NaN
10,NaN,NaN,NaN,NaN,NaN,NaN,NaN,NaN
11,NaN,NaN,NaN,NaN,NaN,NaN,NaN,NaN
1,NaN,NaN,NaN,NaN,NaN,NaN,NaN,NaN
2,NaN,NaN,NaN,NaN,NaN,NaN,NaN,NaN
3,NaN,NaN,NaN,NaN,NaN,NaN,NaN,NaN
4,NaN,NaN,NaN,NaN,NaN,NaN,NaN,NaN
5,NaN,NaN,NaN,NaN,NaN,NaN,NaN,NaN
6,NaN,NaN,NaN,NaN,NaN,NaN,NaN,NaN
7,NaN,NaN,NaN,NaN,NaN,NaN,NaN,NaN
8,NaN,NaN,NaN,NaN,NaN,NaN,NaN,NaN
9,NaN,NaN,NaN,NaN,NaN,NaN,NaN,NaN
10,NaN,NaN,NaN,NaN,NaN,NaN,NaN,NaN
11,NaN,NaN,NaN,NaN,NaN,NaN,NaN,NaN
1,NaN,NaN,NaN,NaN,NaN,NaN,NaN,NaN
2,NaN,NaN,NaN,NaN,NaN,NaN,NaN,NaN
3,NaN,NaN,NaN,NaN,NaN,NaN,NaN,NaN
4,NaN,NaN,NaN,NaN,NaN,NaN,NaN,NaN
5,NaN,NaN,NaN,NaN,NaN,NaN,NaN,NaN
6,NaN,NaN,NaN,NaN,NaN,NaN,NaN,NaN
7,NaN,NaN,NaN,NaN,NaN,NaN,NaN,NaN
8,NaN,NaN,NaN,NaN,NaN,NaN,NaN,NaN
9,NaN,NaN,NaN,NaN,NaN,NaN,NaN,NaN
10,NaN,NaN,NaN,NaN,NaN,NaN,NaN,NaN
11,NaN,NaN,NaN,NaN,NaN,NaN,NaN,NaN
1,NaN,NaN,NaN,NaN,NaN,NaN,NaN,NaN
2,NaN,NaN,NaN,NaN,NaN,NaN,NaN,NaN
3,NaN,NaN,NaN,NaN,NaN,NaN,NaN,NaN
4,NaN,NaN,NaN,NaN,NaN,NaN,NaN,NaN
5,NaN,NaN,NaN,NaN,NaN,NaN,NaN,NaN
6,NaN,NaN,NaN,NaN,NaN,NaN,NaN,NaN
7,NaN,NaN,NaN,NaN,NaN,NaN,NaN,NaN
8,NaN,NaN,NaN,NaN,NaN,NaN,NaN,NaN
9,NaN,NaN,NaN,NaN,NaN,NaN,NaN,NaN
10,NaN,NaN,NaN,NaN,NaN,NaN,NaN,NaN
11,NaN,NaN,NaN,NaN,NaN,NaN,NaN,NaN
1,NaN,NaN,NaN,NaN,NaN,NaN,NaN,NaN
2,NaN,NaN,NaN,NaN,NaN,NaN,NaN,NaN
3,NaN,NaN,NaN,NaN,NaN,NaN,NaN,NaN
4,NaN,NaN,NaN,NaN,NaN,NaN,NaN,NaN
5,NaN,NaN,NaN,NaN,NaN,NaN,NaN,NaN
6,NaN,NaN,NaN,NaN,NaN,NaN,NaN,NaN
7,NaN,NaN,NaN,NaN,NaN,NaN,NaN,NaN
8,NaN,NaN,NaN,NaN,NaN,NaN,NaN,NaN
9,NaN,NaN,NaN,NaN,NaN,NaN,NaN,NaN
10,NaN,NaN,NaN,NaN,NaN,NaN,NaN,NaN
11,NaN,NaN,NaN,NaN,NaN,NaN,NaN,NaN
1,NaN,NaN,NaN,NaN,NaN,NaN,NaN,NaN
2,NaN,NaN,NaN,NaN,NaN,NaN,NaN,NaN
3,NaN,NaN,NaN,NaN,NaN,NaN,NaN,NaN
4,NaN,NaN,NaN,NaN,NaN,NaN,NaN,NaN
5,NaN,NaN,NaN,NaN,NaN,NaN,NaN,NaN
6,NaN,NaN,NaN,NaN,NaN,NaN,NaN,NaN
7,NaN,NaN,NaN,NaN,NaN,NaN,NaN,NaN
8,NaN,NaN,NaN,NaN,NaN,NaN,NaN,NaN
9,NaN,NaN,NaN,NaN,NaN,NaN,NaN,NaN
10,NaN,NaN,NaN,NaN,NaN,NaN,NaN,NaN
11,NaN,NaN,NaN,NaN,NaN,NaN,NaN,NaN
1,NaN,NaN,NaN,NaN,NaN,NaN,NaN,NaN
2,NaN,NaN,NaN,NaN,NaN,NaN,NaN,NaN
3,NaN,NaN,NaN,NaN,NaN,NaN,NaN,NaN
4,NaN,NaN,NaN,NaN,NaN,NaN,NaN,NaN
5,NaN,NaN,NaN,NaN,NaN,NaN,NaN,NaN
6,NaN,NaN,NaN,NaN,NaN,NaN,NaN,NaN
7,NaN,NaN,NaN,NaN,NaN,NaN,NaN,NaN
8,NaN,NaN,NaN,NaN,NaN,NaN,NaN,NaN
9,NaN,NaN,NaN,NaN,NaN,NaN,NaN,NaN
10,NaN,NaN,NaN,NaN,NaN,NaN,NaN,NaN
11,NaN,NaN,NaN,NaN,NaN,NaN,NaN,NaN
1,NaN,NaN,NaN,NaN,NaN,NaN,NaN,NaN
2,NaN,NaN,NaN,NaN,NaN,NaN,NaN,NaN
3,NaN,NaN,NaN,NaN,NaN,NaN,NaN,NaN
4,NaN,NaN,NaN,NaN,NaN,NaN,NaN,NaN
5,NaN,NaN,NaN,NaN,NaN,NaN,NaN,NaN
6,NaN,NaN,NaN,NaN,NaN,NaN,NaN,NaN
7,NaN,NaN,NaN,NaN,NaN,NaN,NaN,NaN
8,NaN,NaN,NaN,NaN,NaN,NaN,NaN,NaN
9,NaN,NaN,NaN,NaN,NaN,NaN,NaN,NaN
10,NaN,NaN,NaN,NaN,NaN,NaN,NaN,NaN
11,NaN,NaN,NaN,NaN,NaN,NaN,NaN,NaN
1,NaN,NaN,NaN,NaN,NaN,NaN,NaN,NaN
2,NaN,NaN,NaN,NaN,NaN,NaN,NaN,NaN
3,NaN,NaN,NaN,NaN,NaN,NaN,NaN,NaN
4,NaN,NaN,NaN,NaN,NaN,NaN,NaN,NaN
5,NaN,NaN,NaN,NaN,NaN,NaN,NaN,NaN
6,NaN,NaN,NaN,NaN,NaN,NaN,NaN,NaN
7,NaN,NaN,NaN,NaN,NaN,NaN,NaN,NaN
8,NaN,NaN,NaN,NaN,NaN,NaN,NaN,NaN
9,NaN,NaN,NaN,NaN,NaN,NaN,NaN,NaN
10,NaN,NaN,NaN,NaN,NaN,NaN,NaN,NaN
11,NaN,NaN,NaN,NaN,NaN,NaN,NaN,NaN
1,NaN,NaN,NaN,NaN,NaN,NaN,NaN,NaN
2,NaN,NaN,NaN,NaN,NaN,NaN,NaN,NaN
3,NaN,NaN,NaN,NaN,NaN,NaN,NaN,NaN
4,NaN,NaN,NaN,NaN,NaN,NaN,NaN,NaN
5,NaN,NaN,NaN,NaN,NaN,NaN,NaN,NaN
6,NaN,NaN,NaN,NaN,NaN,NaN,NaN,NaN
7,NaN,NaN,NaN,NaN,NaN,NaN,NaN,NaN
8,NaN,NaN,NaN,NaN,NaN,NaN,NaN,NaN
9,NaN,NaN,NaN,NaN,NaN,NaN,NaN,NaN
10,NaN,NaN,NaN,NaN,NaN,NaN,NaN,NaN
11,NaN,NaN,NaN,NaN,NaN,NaN,NaN,NaN
1,NaN,NaN,NaN,NaN,NaN,NaN,NaN,NaN
2,NaN,NaN,NaN,NaN,NaN,NaN,NaN,NaN
3,NaN,NaN,NaN,NaN,NaN,NaN,NaN,NaN
4,NaN,NaN,NaN,NaN,NaN,NaN,NaN,NaN
5,NaN,NaN,NaN,NaN,NaN,NaN,NaN,NaN
6,NaN,NaN,NaN,NaN,NaN,NaN,NaN,NaN
7,NaN,NaN,NaN,NaN,NaN,NaN,NaN,NaN
8,NaN,NaN,NaN,NaN,NaN,NaN,NaN,NaN
9,NaN,NaN,NaN,NaN,NaN,NaN,NaN,NaN
10,NaN,NaN,NaN,NaN,NaN,NaN,NaN,NaN
11,NaN,NaN,NaN,NaN,NaN,NaN,NaN,NaN
1,NaN,NaN,NaN,NaN,NaN,NaN,NaN,NaN
2,NaN,NaN,NaN,NaN,NaN,NaN,NaN,NaN
3,NaN,NaN,NaN,NaN,NaN,NaN,NaN,NaN
4,NaN,NaN,NaN,NaN,NaN,NaN,NaN,NaN
5,NaN,NaN,NaN,NaN,NaN,NaN,NaN,NaN
6,NaN,NaN,NaN,NaN,NaN,NaN,NaN,NaN
7,NaN,NaN,NaN,NaN,NaN,NaN,NaN,NaN
8,NaN,NaN,NaN,NaN,NaN,NaN,NaN,NaN
9,NaN,NaN,NaN,NaN,NaN,NaN,NaN,NaN
10,NaN,NaN,NaN,NaN,NaN,NaN,NaN,NaN
11,NaN,NaN,NaN,NaN,NaN,NaN,NaN,NaN
1,NaN,NaN,NaN,NaN,NaN,NaN,NaN,NaN
2,NaN,NaN,NaN,NaN,NaN,NaN,NaN,NaN
3,NaN,NaN,NaN,NaN,NaN,NaN,NaN,NaN
4,NaN,NaN,NaN,NaN,NaN,NaN,NaN,NaN
5,NaN,NaN,NaN,NaN,NaN,NaN,NaN,NaN
6,NaN,NaN,NaN,NaN,NaN,NaN,NaN,NaN
7,NaN,NaN,NaN,NaN,NaN,NaN,NaN,NaN
8,NaN,NaN,NaN,NaN,NaN,NaN,NaN,NaN
9,NaN,NaN,NaN,NaN,NaN,NaN,NaN,NaN
10,NaN,NaN,NaN,NaN,NaN,NaN,NaN,NaN
11,NaN,NaN,NaN,NaN,NaN,NaN,NaN,NaN
1,NaN,NaN,NaN,NaN,NaN,NaN,NaN,NaN
2,NaN,NaN,NaN,NaN,NaN,NaN,NaN,NaN
3,NaN,NaN,NaN,NaN,NaN,NaN,NaN,NaN
4,NaN,NaN,NaN,NaN,NaN,NaN,NaN,NaN
5,NaN,NaN,NaN,NaN,NaN,NaN,NaN,NaN
6,NaN,NaN,NaN,NaN,NaN,NaN,NaN,NaN
7,NaN,NaN,NaN,NaN,NaN,NaN,NaN,NaN
8,NaN,NaN,NaN,NaN,NaN,NaN,NaN,NaN
9,NaN,NaN,NaN,NaN,NaN,NaN,NaN,NaN
10,NaN,NaN,NaN,NaN,NaN,NaN,NaN,NaN
11,NaN,NaN,NaN,NaN,NaN,NaN,NaN,NaN
1,NaN,NaN,NaN,NaN,NaN,NaN,NaN,NaN
2,NaN,NaN,NaN,NaN,NaN,NaN,NaN,NaN
3,NaN,NaN,NaN,NaN,NaN,NaN,NaN,NaN
4,NaN,NaN,NaN,NaN,NaN,NaN,NaN,NaN
5,NaN,NaN,NaN,NaN,NaN,NaN,NaN,NaN
6,NaN,NaN,NaN,NaN,NaN,NaN,NaN,NaN
7,NaN,NaN,NaN,NaN,NaN,NaN,NaN,NaN
8,NaN,NaN,NaN,NaN,NaN,NaN,NaN,NaN
9,NaN,NaN,NaN,NaN,NaN,NaN,NaN,NaN
10,NaN,NaN,NaN,NaN,NaN,NaN,NaN,NaN
11,NaN,NaN,NaN,NaN,NaN,NaN,NaN,NaN
1,NaN,NaN,NaN,NaN,NaN,NaN,NaN,NaN
2,NaN,NaN,NaN,NaN,NaN,NaN,NaN,NaN
3,NaN,NaN,NaN,NaN,NaN,NaN,NaN,NaN
4,NaN,NaN,NaN,NaN,NaN,NaN,NaN,NaN
5,NaN,NaN,NaN,NaN,NaN,NaN,NaN,NaN
6,NaN,NaN,NaN,NaN,NaN,NaN,NaN,NaN
7,NaN,NaN,NaN,NaN,NaN,NaN,NaN,NaN
8,NaN,NaN,NaN,NaN,NaN,NaN,NaN,NaN
9,NaN,NaN,NaN,NaN,NaN,NaN,NaN,NaN
10,NaN,NaN,NaN,NaN,NaN,NaN,NaN,NaN
11,NaN,NaN,NaN,NaN,NaN,NaN,NaN,NaN
1,NaN,NaN,NaN,NaN,NaN,NaN,NaN,NaN
2,NaN,NaN,NaN,NaN,NaN,NaN,NaN,NaN
3,NaN,NaN,NaN,NaN,NaN,NaN,NaN,NaN
4,NaN,NaN,NaN,NaN,NaN,NaN,NaN,NaN
5,NaN,NaN,NaN,NaN,NaN,NaN,NaN,NaN
6,NaN,NaN,NaN,NaN,NaN,NaN,NaN,NaN
7,NaN,NaN,NaN,NaN,NaN,NaN,NaN,NaN
8,NaN,NaN,NaN,NaN,NaN,NaN,NaN,NaN
9,NaN,NaN,NaN,NaN,NaN,NaN,NaN,NaN
10,NaN,NaN,NaN,NaN,NaN,NaN,NaN,NaN
11,NaN,NaN,NaN,NaN,NaN,NaN,NaN,NaN
1,NaN,NaN,NaN,NaN,NaN,NaN,NaN,NaN
2,NaN,NaN,NaN,NaN,NaN,NaN,NaN,NaN
3,NaN,NaN,NaN,NaN,NaN,NaN,NaN,NaN
4,NaN,NaN,NaN,NaN,NaN,NaN,NaN,NaN
5,NaN,NaN,NaN,NaN,NaN,NaN,NaN,NaN
6,NaN,NaN,NaN,NaN,NaN,NaN,NaN,NaN
7,NaN,NaN,NaN,NaN,NaN,NaN,NaN,NaN
8,NaN,NaN,NaN,NaN,NaN,NaN,NaN,NaN
9,NaN,NaN,NaN,NaN,NaN,NaN,NaN,NaN
10,NaN,NaN,NaN,NaN,NaN,NaN,NaN,NaN
11,NaN,NaN,NaN,NaN,NaN,NaN,NaN,NaN
1,NaN,NaN,NaN,NaN,NaN,NaN,NaN,NaN
2,NaN,NaN,NaN,NaN,NaN,NaN,NaN,NaN
3,NaN,NaN,NaN,NaN,NaN,NaN,NaN,NaN
4,NaN,NaN,NaN,NaN,NaN,NaN,NaN,NaN
5,NaN,NaN,NaN,NaN,NaN,NaN,NaN,NaN
6,NaN,NaN,NaN,NaN,NaN,NaN,NaN,NaN
7,NaN,NaN,NaN,NaN,NaN,NaN,NaN,NaN
8,NaN,NaN,NaN,NaN,NaN,NaN,NaN,NaN
9,NaN,NaN,NaN,NaN,NaN,NaN,NaN,NaN
10,NaN,NaN,NaN,NaN,NaN,NaN,NaN,NaN
11,NaN,NaN,NaN,NaN,NaN,NaN,NaN,NaN
1,NaN,NaN,NaN,NaN,NaN,NaN,NaN,NaN
2,NaN,NaN,NaN,NaN,NaN,NaN,NaN,NaN
3,NaN,NaN,NaN,NaN,NaN,NaN,NaN,NaN
4,NaN,NaN,NaN,NaN,NaN,NaN,NaN,NaN
5,NaN,NaN,NaN,NaN,NaN,NaN,NaN,NaN
6,NaN,NaN,NaN,NaN,NaN,NaN,NaN,NaN
7,NaN,NaN,NaN,NaN,NaN,NaN,NaN,NaN
8,NaN,NaN,NaN,NaN,NaN,NaN,NaN,NaN
9,NaN,NaN,NaN,NaN,NaN,NaN,NaN,NaN
10,NaN,NaN,NaN,NaN,NaN,NaN,NaN,NaN
11,NaN,NaN,NaN,NaN,NaN,NaN,NaN,NaN
1,NaN,NaN,NaN,NaN,NaN,NaN,NaN,NaN
2,NaN,NaN,NaN,NaN,NaN,NaN,NaN,NaN
3,NaN,NaN,NaN,NaN,NaN,NaN,NaN,NaN
4,NaN,NaN,NaN,NaN,NaN,NaN,NaN,NaN
5,NaN,NaN,NaN,NaN,NaN,NaN,NaN,NaN
6,NaN,NaN,NaN,NaN,NaN,NaN,NaN,NaN
7,NaN,NaN,NaN,NaN,NaN,NaN,NaN,NaN
8,NaN,NaN,NaN,NaN,NaN,NaN,NaN,NaN
9,NaN,NaN,NaN,NaN,NaN,NaN,NaN,NaN
10,NaN,NaN,NaN,NaN,NaN,NaN,NaN,NaN
11,NaN,NaN,NaN,NaN,NaN,NaN,NaN,NaN
1,NaN,NaN,NaN,NaN,NaN,NaN,NaN,NaN
2,NaN,NaN,NaN,NaN,NaN,NaN,NaN,NaN
3,NaN,NaN,NaN,NaN,NaN,NaN,NaN,NaN
4,NaN,NaN,NaN,NaN,NaN,NaN,NaN,NaN
5,NaN,NaN,NaN,NaN,NaN,NaN,NaN,NaN
6,NaN,NaN,NaN,NaN,NaN,NaN,NaN,NaN
7,NaN,NaN,NaN,NaN,NaN,NaN,NaN,NaN
8,NaN,NaN,NaN,NaN,NaN,NaN,NaN,NaN
9,NaN,NaN,NaN,NaN,NaN,NaN,NaN,NaN
10,NaN,NaN,NaN,NaN,NaN,NaN,NaN,NaN
11,NaN,NaN,NaN,NaN,NaN,NaN,NaN,NaN
1,NaN,NaN,NaN,NaN,NaN,NaN,NaN,NaN
2,NaN,NaN,NaN,NaN,NaN,NaN,NaN,NaN
3,NaN,NaN,NaN,NaN,NaN,NaN,NaN,NaN
4,NaN,NaN,NaN,NaN,NaN,NaN,NaN,NaN
5,NaN,NaN,NaN,NaN,NaN,NaN,NaN,NaN
6,NaN,NaN,NaN,NaN,NaN,NaN,NaN,NaN
7,NaN,NaN,NaN,NaN,NaN,NaN,NaN,NaN
8,NaN,NaN,NaN,NaN,NaN,NaN,NaN,NaN
9,NaN,NaN,NaN,NaN,NaN,NaN,NaN,NaN
10,NaN,NaN,NaN,NaN,NaN,NaN,NaN,NaN
11,NaN,NaN,NaN,NaN,NaN,NaN,NaN,NaN
1,NaN,NaN,NaN,NaN,NaN,NaN,NaN,NaN
2,NaN,NaN,NaN,NaN,NaN,NaN,NaN,NaN
3,NaN,NaN,NaN,NaN,NaN,NaN,NaN,NaN
4,NaN,NaN,NaN,NaN,NaN,NaN,NaN,NaN
5,NaN,NaN,NaN,NaN,NaN,NaN,NaN,NaN
6,NaN,NaN,NaN,NaN,NaN,NaN,NaN,NaN
7,NaN,NaN,NaN,NaN,NaN,NaN,NaN,NaN
8,NaN,NaN,NaN,NaN,NaN,NaN,NaN,NaN
9,NaN,NaN,NaN,NaN,NaN,NaN,NaN,NaN
10,NaN,NaN,NaN,NaN,NaN,NaN,NaN,NaN
11,NaN,NaN,NaN,NaN,NaN,NaN,NaN,NaN
1,NaN,NaN,NaN,NaN,NaN,NaN,NaN,NaN
2,NaN,NaN,NaN,NaN,NaN,NaN,NaN,NaN
3,NaN,NaN,NaN,NaN,NaN,NaN,NaN,NaN
4,NaN,NaN,NaN,NaN,NaN,NaN,NaN,NaN
5,NaN,NaN,NaN,NaN,NaN,NaN,NaN,NaN
6,NaN,NaN,NaN,NaN,NaN,NaN,NaN,NaN
7,NaN,NaN,NaN,NaN,NaN,NaN,NaN,NaN
8,NaN,NaN,NaN,NaN,NaN,NaN,NaN,NaN
9,NaN,NaN,NaN,NaN,NaN,NaN,NaN,NaN
10,NaN,NaN,NaN,NaN,NaN,NaN,NaN,NaN
11,NaN,NaN,NaN,NaN,NaN,NaN,NaN,NaN
1,NaN,NaN,NaN,NaN,NaN,NaN,NaN,NaN
2,NaN,NaN,NaN,NaN,NaN,NaN,NaN,NaN
3,NaN,NaN,NaN,NaN,NaN,NaN,NaN,NaN
4,NaN,NaN,NaN,NaN,NaN,NaN,NaN,NaN
5,NaN,NaN,NaN,NaN,NaN,NaN,NaN,NaN
6,NaN,NaN,NaN,NaN,NaN,NaN,NaN,NaN
7,NaN,NaN,NaN,NaN,NaN,NaN,NaN,NaN
8,NaN,NaN,NaN,NaN,NaN,NaN,NaN,NaN
9,NaN,NaN,NaN,NaN,NaN,NaN,NaN,NaN
10,NaN,NaN,NaN,NaN,NaN,NaN,NaN,NaN
11,NaN,NaN,NaN,NaN,NaN,NaN,NaN,NaN
1,NaN,NaN,NaN,NaN,NaN,NaN,NaN,NaN
2,NaN,NaN,NaN,NaN,NaN,NaN,NaN,NaN
3,NaN,NaN,NaN,NaN,NaN,NaN,NaN,NaN
4,NaN,NaN,NaN,NaN,NaN,NaN,NaN,NaN
5,NaN,NaN,NaN,NaN,NaN,NaN,NaN,NaN
6,NaN,NaN,NaN,NaN,NaN,NaN,NaN,NaN
7,NaN,NaN,NaN,NaN,NaN,NaN,NaN,NaN
8,NaN,NaN,NaN,NaN,NaN,NaN,NaN,NaN
9,NaN,NaN,NaN,NaN,NaN,NaN,NaN,NaN
10,NaN,NaN,NaN,NaN,NaN,NaN,NaN,NaN
11,NaN,NaN,NaN,NaN,NaN,NaN,NaN,NaN
1,NaN,NaN,NaN,NaN,NaN,NaN,NaN,NaN
2,NaN,NaN,NaN,NaN,NaN,NaN,NaN,NaN
3,NaN,NaN,NaN,NaN,NaN,NaN,NaN,NaN
4,NaN,NaN,NaN,NaN,NaN,NaN,NaN,NaN
5,NaN,NaN,NaN,NaN,NaN,NaN,NaN,NaN
6,NaN,NaN,NaN,NaN,NaN,NaN,NaN,NaN
7,NaN,NaN,NaN,NaN,NaN,NaN,NaN,NaN
8,NaN,NaN,NaN,NaN,NaN,NaN,NaN,NaN
9,NaN,NaN,NaN,NaN,NaN,NaN,NaN,NaN
10,NaN,NaN,NaN,NaN,NaN,NaN,NaN,NaN
11,NaN,NaN,NaN,NaN,NaN,NaN,NaN,NaN
1,NaN,NaN,NaN,NaN,NaN,NaN,NaN,NaN
2,NaN,NaN,NaN,NaN,NaN,NaN,NaN,NaN
3,NaN,NaN,NaN,NaN,NaN,NaN,NaN,NaN
4,NaN,NaN,NaN,NaN,NaN,NaN,NaN,NaN
5,NaN,NaN,NaN,NaN,NaN,NaN,NaN,NaN
6,NaN,NaN,NaN,NaN,NaN,NaN,NaN,NaN
7,NaN,NaN,NaN,NaN,NaN,NaN,NaN,NaN
8,NaN,NaN,NaN,NaN,NaN,NaN,NaN,NaN
9,NaN,NaN,NaN,NaN,NaN,NaN,NaN,NaN
10,NaN,NaN,NaN,NaN,NaN,NaN,NaN,NaN
11,NaN,NaN,NaN,NaN,NaN,NaN,NaN,NaN
1,NaN,NaN,NaN,NaN,NaN,NaN,NaN,NaN
2,NaN,NaN,NaN,NaN,NaN,NaN,NaN,NaN
3,NaN,NaN,NaN,NaN,NaN,NaN,NaN,NaN
4,NaN,NaN,NaN,NaN,NaN,NaN,NaN,NaN
5,NaN,NaN,NaN,NaN,NaN,NaN,NaN,NaN
6,NaN,NaN,NaN,NaN,NaN,NaN,NaN,NaN
7,NaN,NaN,NaN,NaN,NaN,NaN,NaN,NaN
8,NaN,NaN,NaN,NaN,NaN,NaN,NaN,NaN
9,NaN,NaN,NaN,NaN,NaN,NaN,NaN,NaN
10,NaN,NaN,NaN,NaN,NaN,NaN,NaN,NaN
11,NaN,NaN,NaN,NaN,NaN,NaN,NaN,NaN
1,NaN,NaN,NaN,NaN,NaN,NaN,NaN,NaN
2,NaN,NaN,NaN,NaN,NaN,NaN,NaN,NaN
3,NaN,NaN,NaN,NaN,NaN,NaN,NaN,NaN
4,NaN,NaN,NaN,NaN,NaN,NaN,NaN,NaN
5,NaN,NaN,NaN,NaN,NaN,NaN,NaN,NaN
6,NaN,NaN,NaN,NaN,NaN,NaN,NaN,NaN
7,NaN,NaN,NaN,NaN,NaN,NaN,NaN,NaN
8,NaN,NaN,NaN,NaN,NaN,NaN,NaN,NaN
9,NaN,NaN,NaN,NaN,NaN,NaN,NaN,NaN
10,NaN,NaN,NaN,NaN,NaN,NaN,NaN,NaN
11,NaN,NaN,NaN,NaN,NaN,NaN,NaN,NaN
1,NaN,NaN,NaN,NaN,NaN,NaN,NaN,NaN
2,NaN,NaN,NaN,NaN,NaN,NaN,NaN,NaN
3,NaN,NaN,NaN,NaN,NaN,NaN,NaN,NaN
4,NaN,NaN,NaN,NaN,NaN,NaN,NaN,NaN
5,NaN,NaN,NaN,NaN,NaN,NaN,NaN,NaN
6,NaN,NaN,NaN,NaN,NaN,NaN,NaN,NaN
7,NaN,NaN,NaN,NaN,NaN,NaN,NaN,NaN
8,NaN,NaN,NaN,NaN,NaN,NaN,NaN,NaN
9,NaN,NaN,NaN,NaN,NaN,NaN,NaN,NaN
10,NaN,NaN,NaN,NaN,NaN,NaN,NaN,NaN
11,NaN,NaN,NaN,NaN,NaN,NaN,NaN,NaN
1,NaN,NaN,NaN,NaN,NaN,NaN,NaN,NaN
2,NaN,NaN,NaN,NaN,NaN,NaN,NaN,NaN
3,NaN,NaN,NaN,NaN,NaN,NaN,NaN,NaN
4,NaN,NaN,NaN,NaN,NaN,NaN,NaN,NaN
5,NaN,NaN,NaN,NaN,NaN,NaN,NaN,NaN
6,NaN,NaN,NaN,NaN,NaN,NaN,NaN,NaN
7,NaN,NaN,NaN,NaN,NaN,NaN,NaN,NaN
8,NaN,NaN,NaN,NaN,NaN,NaN,NaN,NaN
9,NaN,NaN,NaN,NaN,NaN,NaN,NaN,NaN
10,NaN,NaN,NaN,NaN,NaN,NaN,NaN,NaN
11,NaN,NaN,NaN,NaN,NaN,NaN,NaN,NaN
1,NaN,NaN,NaN,NaN,NaN,NaN,NaN,NaN
2,NaN,NaN,NaN,NaN,NaN,NaN,NaN,NaN
3,NaN,NaN,NaN,NaN,NaN,NaN,NaN,NaN
4,NaN,NaN,NaN,NaN,NaN,NaN,NaN,NaN
5,NaN,NaN,NaN,NaN,NaN,NaN,NaN,NaN
6,NaN,NaN,NaN,NaN,NaN,NaN,NaN,NaN
7,NaN,NaN,NaN,NaN,NaN,NaN,NaN,NaN
8,NaN,NaN,NaN,NaN,NaN,NaN,NaN,NaN
9,NaN,NaN,NaN,NaN,NaN,NaN,NaN,NaN
10,NaN,NaN,NaN,NaN,NaN,NaN,NaN,NaN
11,NaN,NaN,NaN,NaN,NaN,NaN,NaN,NaN
1,NaN,NaN,NaN,NaN,NaN,NaN,NaN,NaN
2,NaN,NaN,NaN,NaN,NaN,NaN,NaN,NaN
3,NaN,NaN,NaN,NaN,NaN,NaN,NaN,NaN
4,NaN,NaN,NaN,NaN,NaN,NaN,NaN,NaN
5,NaN,NaN,NaN,NaN,NaN,NaN,NaN,NaN
6,NaN,NaN,NaN,NaN,NaN,NaN,NaN,NaN
7,NaN,NaN,NaN,NaN,NaN,NaN,NaN,NaN
8,NaN,NaN,NaN,NaN,NaN,NaN,NaN,NaN
9,NaN,NaN,NaN,NaN,NaN,NaN,NaN,NaN
10,NaN,NaN,NaN,NaN,NaN,NaN,NaN,NaN
11,NaN,NaN,NaN,NaN,NaN,NaN,NaN,NaN
1,NaN,NaN,NaN,NaN,NaN,NaN,NaN,NaN
2,NaN,NaN,NaN,NaN,NaN,NaN,NaN,NaN
3,NaN,NaN,NaN,NaN,NaN,NaN,NaN,NaN
4,NaN,NaN,NaN,NaN,NaN,NaN,NaN,NaN
5,NaN,NaN,NaN,NaN,NaN,NaN,NaN,NaN
6,NaN,NaN,NaN,NaN,NaN,NaN,NaN,NaN
7,NaN,NaN,NaN,NaN,NaN,NaN,NaN,NaN
8,NaN,NaN,NaN,NaN,NaN,NaN,NaN,NaN
9,NaN,NaN,NaN,NaN,NaN,NaN,NaN,NaN
10,NaN,NaN,NaN,NaN,NaN,NaN,NaN,NaN
11,NaN,NaN,NaN,NaN,NaN,NaN,NaN,NaN
1,NaN,NaN,NaN,NaN,NaN,NaN,NaN,NaN
2,NaN,NaN,NaN,NaN,NaN,NaN,NaN,NaN
3,NaN,NaN,NaN,NaN,NaN,NaN,NaN,NaN
4,NaN,NaN,NaN,NaN,NaN,NaN,NaN,NaN
5,NaN,NaN,NaN,NaN,NaN,NaN,NaN,NaN
6,NaN,NaN,NaN,NaN,NaN,NaN,NaN,NaN
7,NaN,NaN,NaN,NaN,NaN,NaN,NaN,NaN
8,NaN,NaN,NaN,NaN,NaN,NaN,NaN,NaN
9,NaN,NaN,NaN,NaN,NaN,NaN,NaN,NaN
10,NaN,NaN,NaN,NaN,NaN,NaN,NaN,NaN
11,NaN,NaN,NaN,NaN,NaN,NaN,NaN,NaN
1,NaN,NaN,NaN,NaN,NaN,NaN,NaN,NaN
2,NaN,NaN,NaN,NaN,NaN,NaN,NaN,NaN
3,NaN,NaN,NaN,NaN,NaN,NaN,NaN,NaN
4,NaN,NaN,NaN,NaN,NaN,NaN,NaN,NaN
5,NaN,NaN,NaN,NaN,NaN,NaN,NaN,NaN
6,NaN,NaN,NaN,NaN,NaN,NaN,NaN,NaN
7,NaN,NaN,NaN,NaN,NaN,NaN,NaN,NaN
8,NaN,NaN,NaN,NaN,NaN,NaN,NaN,NaN
9,NaN,NaN,NaN,NaN,NaN,NaN,NaN,NaN
10,NaN,NaN,NaN,NaN,NaN,NaN,NaN,NaN
11,NaN,NaN,NaN,NaN,NaN,NaN,NaN,NaN
1,NaN,NaN,NaN,NaN,NaN,NaN,NaN,NaN
2,NaN,NaN,NaN,NaN,NaN,NaN,NaN,NaN
3,NaN,NaN,NaN,NaN,NaN,NaN,NaN,NaN
4,NaN,NaN,NaN,NaN,NaN,NaN,NaN,NaN
5,NaN,NaN,NaN,NaN,NaN,NaN,NaN,NaN
6,NaN,NaN,NaN,NaN,NaN,NaN,NaN,NaN
7,NaN,NaN,NaN,NaN,NaN,NaN,NaN,NaN
8,NaN,NaN,NaN,NaN,NaN,NaN,NaN,NaN
9,NaN,NaN,NaN,NaN,NaN,NaN,NaN,NaN
10,NaN,NaN,NaN,NaN,NaN,NaN,NaN,NaN
11,NaN,NaN,NaN,NaN,NaN,NaN,NaN,NaN
1,NaN,NaN,NaN,NaN,NaN,NaN,NaN,NaN
2,NaN,NaN,NaN,NaN,NaN,NaN,NaN,NaN
3,NaN,NaN,NaN,NaN,NaN,NaN,NaN,NaN
4,NaN,NaN,NaN,NaN,NaN,NaN,NaN,NaN
5,NaN,NaN,NaN,NaN,NaN,NaN,NaN,NaN
6,NaN,NaN,NaN,NaN,NaN,NaN,NaN,NaN
7,NaN,NaN,NaN,NaN,NaN,NaN,NaN,NaN
8,NaN,NaN,NaN,NaN,NaN,NaN,NaN,NaN
9,NaN,NaN,NaN,NaN,NaN,NaN,NaN,NaN
10,NaN,NaN,NaN,NaN,NaN,NaN,NaN,NaN
11,NaN,NaN,NaN,NaN,NaN,NaN,NaN,NaN
1,NaN,NaN,NaN,NaN,NaN,NaN,NaN,NaN
2,NaN,NaN,NaN,NaN,NaN,NaN,NaN,NaN
3,NaN,NaN,NaN,NaN,NaN,NaN,NaN,NaN
4,NaN,NaN,NaN,NaN,NaN,NaN,NaN,NaN
5,NaN,NaN,NaN,NaN,NaN,NaN,NaN,NaN
6,NaN,NaN,NaN,NaN,NaN,NaN,NaN,NaN
7,NaN,NaN,NaN,NaN,NaN,NaN,NaN,NaN
8,NaN,NaN,NaN,NaN,NaN,NaN,NaN,NaN
9,NaN,NaN,NaN,NaN,NaN,NaN,NaN,NaN
10,NaN,NaN,NaN,NaN,NaN,NaN,NaN,NaN
11,NaN,NaN,NaN,NaN,NaN,NaN,NaN,NaN
1,NaN,NaN,NaN,NaN,NaN,NaN,NaN,NaN
2,NaN,NaN,NaN,NaN,NaN,NaN,NaN,NaN
3,NaN,NaN,NaN,NaN,NaN,NaN,NaN,NaN
4,NaN,NaN,NaN,NaN,NaN,NaN,NaN,NaN
5,NaN,NaN,NaN,NaN,NaN,NaN,NaN,NaN
6,NaN,NaN,NaN,NaN,NaN,NaN,NaN,NaN
7,NaN,NaN,NaN,NaN,NaN,NaN,NaN,NaN
8,NaN,NaN,NaN,NaN,NaN,NaN,NaN,NaN
9,NaN,NaN,NaN,NaN,NaN,NaN,NaN,NaN
10,NaN,NaN,NaN,NaN,NaN,NaN,NaN,NaN
11,NaN,NaN,NaN,NaN,NaN,NaN,NaN,NaN
1,NaN,NaN,NaN,NaN,NaN,NaN,NaN,NaN
2,NaN,NaN,NaN,NaN,NaN,NaN,NaN,NaN
3,NaN,NaN,NaN,NaN,NaN,NaN,NaN,NaN
4,NaN,NaN,NaN,NaN,NaN,NaN,NaN,NaN
5,NaN,NaN,NaN,NaN,NaN,NaN,NaN,NaN
6,NaN,NaN,NaN,NaN,NaN,NaN,NaN,NaN
7,NaN,NaN,NaN,NaN,NaN,NaN,NaN,NaN
8,NaN,NaN,NaN,NaN,NaN,NaN,NaN,NaN
9,NaN,NaN,NaN,NaN,NaN,NaN,NaN,NaN
10,NaN,NaN,NaN,NaN,NaN,NaN,NaN,NaN
11,NaN,NaN,NaN,NaN,NaN,NaN,NaN,NaN
1,NaN,NaN,NaN,NaN,NaN,NaN,NaN,NaN
2,NaN,NaN,NaN,NaN,NaN,NaN,NaN,NaN
3,NaN,NaN,NaN,NaN,NaN,NaN,NaN,NaN
4,NaN,NaN,NaN,NaN,NaN,NaN,NaN,NaN
5,NaN,NaN,NaN,NaN,NaN,NaN,NaN,NaN
6,NaN,NaN,NaN,NaN,NaN,NaN,NaN,NaN
7,NaN,NaN,NaN,NaN,NaN,NaN,NaN,NaN
8,NaN,NaN,NaN,NaN,NaN,NaN,NaN,NaN
9,NaN,NaN,NaN,NaN,NaN,NaN,NaN,NaN
10,NaN,NaN,NaN,NaN,NaN,NaN,NaN,NaN
11,NaN,NaN,NaN,NaN,NaN,NaN,NaN,NaN
1,NaN,NaN,NaN,NaN,NaN,NaN,NaN,NaN
2,NaN,NaN,NaN,NaN,NaN,NaN,NaN,NaN
3,NaN,NaN,NaN,NaN,NaN,NaN,NaN,NaN
4,NaN,NaN,NaN,NaN,NaN,NaN,NaN,NaN
5,NaN,NaN,NaN,NaN,NaN,NaN,NaN,NaN
6,NaN,NaN,NaN,NaN,NaN,NaN,NaN,NaN
7,NaN,NaN,NaN,NaN,NaN,NaN,NaN,NaN
8,NaN,NaN,NaN,NaN,NaN,NaN,NaN,NaN
9,NaN,NaN,NaN,NaN,NaN,NaN,NaN,NaN
10,NaN,NaN,NaN,NaN,NaN,NaN,NaN,NaN
11,NaN,NaN,NaN,NaN,NaN,NaN,NaN,NaN
1,NaN,NaN,NaN,NaN,NaN,NaN,NaN,NaN
2,NaN,NaN,NaN,NaN,NaN,NaN,NaN,NaN
3,NaN,NaN,NaN,NaN,NaN,NaN,NaN,NaN
4,NaN,NaN,NaN,NaN,NaN,NaN,NaN,NaN
5,NaN,NaN,NaN,NaN,NaN,NaN,NaN,NaN
6,NaN,NaN,NaN,NaN,NaN,NaN,NaN,NaN
7,NaN,NaN,NaN,NaN,NaN,NaN,NaN,NaN
8,NaN,NaN,NaN,NaN,NaN,NaN,NaN,NaN
9,NaN,NaN,NaN,NaN,NaN,NaN,NaN,NaN
10,NaN,NaN,NaN,NaN,NaN,NaN,NaN,NaN
11,NaN,NaN,NaN,NaN,NaN,NaN,NaN,NaN
1,NaN,NaN,NaN,NaN,NaN,NaN,NaN,NaN
2,NaN,NaN,NaN,NaN,NaN,NaN,NaN,NaN
3,NaN,NaN,NaN,NaN,NaN,NaN,NaN,NaN
4,NaN,NaN,NaN,NaN,NaN,NaN,NaN,NaN
5,NaN,NaN,NaN,NaN,NaN,NaN,NaN,NaN
6,NaN,NaN,NaN,NaN,NaN,NaN,NaN,NaN
7,NaN,NaN,NaN,NaN,NaN,NaN,NaN,NaN
8,NaN,NaN,NaN,NaN,NaN,NaN,NaN,NaN
9,NaN,NaN,NaN,NaN,NaN,NaN,NaN,NaN
10,NaN,NaN,NaN,NaN,NaN,NaN,NaN,NaN
11,NaN,NaN,NaN,NaN,NaN,NaN,NaN,NaN
1,NaN,NaN,NaN,NaN,NaN,NaN,NaN,NaN
2,NaN,NaN,NaN,NaN,NaN,NaN,NaN,NaN
3,NaN,NaN,NaN,NaN,NaN,NaN,NaN,NaN
4,NaN,NaN,NaN,NaN,NaN,NaN,NaN,NaN
5,NaN,NaN,NaN,NaN,NaN,NaN,NaN,NaN
6,NaN,NaN,NaN,NaN,NaN,NaN,NaN,NaN
7,NaN,NaN,NaN,NaN,NaN,NaN,NaN,NaN
8,NaN,NaN,NaN,NaN,NaN,NaN,NaN,NaN
9,NaN,NaN,NaN,NaN,NaN,NaN,NaN,NaN
10,NaN,NaN,NaN,NaN,NaN,NaN,NaN,NaN
11,NaN,NaN,NaN,NaN,NaN,NaN,NaN,NaN
1,NaN,NaN,NaN,NaN,NaN,NaN,NaN,NaN
2,NaN,NaN,NaN,NaN,NaN,NaN,NaN,NaN
3,NaN,NaN,NaN,NaN,NaN,NaN,NaN,NaN
4,NaN,NaN,NaN,NaN,NaN,NaN,NaN,NaN
5,NaN,NaN,NaN,NaN,NaN,NaN,NaN,NaN
6,NaN,NaN,NaN,NaN,NaN,NaN,NaN,NaN
7,NaN,NaN,NaN,NaN,NaN,NaN,NaN,NaN
8,NaN,NaN,NaN,NaN,NaN,NaN,NaN,NaN
9,NaN,NaN,NaN,NaN,NaN,NaN,NaN,NaN
10,NaN,NaN,NaN,NaN,NaN,NaN,NaN,NaN
11,NaN,NaN,NaN,NaN,NaN,NaN,NaN,NaN
1,NaN,NaN,NaN,NaN,NaN,NaN,NaN,NaN
2,NaN,NaN,NaN,NaN,NaN,NaN,NaN,NaN
3,NaN,NaN,NaN,NaN,NaN,NaN,NaN,NaN
4,NaN,NaN,NaN,NaN,NaN,NaN,NaN,NaN
5,NaN,NaN,NaN,NaN,NaN,NaN,NaN,NaN
6,NaN,NaN,NaN,NaN,NaN,NaN,NaN,NaN
7,NaN,NaN,NaN,NaN,NaN,NaN,NaN,NaN
8,NaN,NaN,NaN,NaN,NaN,NaN,NaN,NaN
9,NaN,NaN,NaN,NaN,NaN,NaN,NaN,NaN
10,NaN,NaN,NaN,NaN,NaN,NaN,NaN,NaN
11,NaN,NaN,NaN,NaN,NaN,NaN,NaN,NaN
1,NaN,NaN,NaN,NaN,NaN,NaN,NaN,NaN
2,NaN,NaN,NaN,NaN,NaN,NaN,NaN,NaN
3,NaN,NaN,NaN,NaN,NaN,NaN,NaN,NaN
4,NaN,NaN,NaN,NaN,NaN,NaN,NaN,NaN
5,NaN,NaN,NaN,NaN,NaN,NaN,NaN,NaN
6,NaN,NaN,NaN,NaN,NaN,NaN,NaN,NaN
7,NaN,NaN,NaN,NaN,NaN,NaN,NaN,NaN
8,NaN,NaN,NaN,NaN,NaN,NaN,NaN,NaN
9,NaN,NaN,NaN,NaN,NaN,NaN,NaN,NaN
10,NaN,NaN,NaN,NaN,NaN,NaN,NaN,NaN
11,NaN,NaN,NaN,NaN,NaN,NaN,NaN,NaN
1,NaN,NaN,NaN,NaN,NaN,NaN,NaN,NaN
2,NaN,NaN,NaN,NaN,NaN,NaN,NaN,NaN
3,NaN,NaN,NaN,NaN,NaN,NaN,NaN,NaN
4,NaN,NaN,NaN,NaN,NaN,NaN,NaN,NaN
5,NaN,NaN,NaN,NaN,NaN,NaN,NaN,NaN
6,NaN,NaN,NaN,NaN,NaN,NaN,NaN,NaN
7,NaN,NaN,NaN,NaN,NaN,NaN,NaN,NaN
8,NaN,NaN,NaN,NaN,NaN,NaN,NaN,NaN
9,NaN,NaN,NaN,NaN,NaN,NaN,NaN,NaN
10,NaN,NaN,NaN,NaN,NaN,NaN,NaN,NaN
11,NaN,NaN,NaN,NaN,NaN,NaN,NaN,NaN
1,NaN,NaN,NaN,NaN,NaN,NaN,NaN,NaN
2,NaN,NaN,NaN,NaN,NaN,NaN,NaN,NaN
3,NaN,NaN,NaN,NaN,NaN,NaN,NaN,NaN
4,NaN,NaN,NaN,NaN,NaN,NaN,NaN,NaN
5,NaN,NaN,NaN,NaN,NaN,NaN,NaN,NaN
6,NaN,NaN,NaN,NaN,NaN,NaN,NaN,NaN
7,NaN,NaN,NaN,NaN,NaN,NaN,NaN,NaN
8,NaN,NaN,NaN,NaN,NaN,NaN,NaN,NaN
9,NaN,NaN,NaN,NaN,NaN,NaN,NaN,NaN
10,NaN,NaN,NaN,NaN,NaN,NaN,NaN,NaN
11,NaN,NaN,NaN,NaN,NaN,NaN,NaN,NaN
1,NaN,NaN,NaN,NaN,NaN,NaN,NaN,NaN
2,NaN,NaN,NaN,NaN,NaN,NaN,NaN,NaN
3,NaN,NaN,NaN,NaN,NaN,NaN,NaN,NaN
4,NaN,NaN,NaN,NaN,NaN,NaN,NaN,NaN
5,NaN,NaN,NaN,NaN,NaN,NaN,NaN,NaN
6,NaN,NaN,NaN,NaN,NaN,NaN,NaN,NaN
7,NaN,NaN,NaN,NaN,NaN,NaN,NaN,NaN
8,NaN,NaN,NaN,NaN,NaN,NaN,NaN,NaN
9,NaN,NaN,NaN,NaN,NaN,NaN,NaN,NaN
10,NaN,NaN,NaN,NaN,NaN,NaN,NaN,NaN
11,NaN,NaN,NaN,NaN,NaN,NaN,NaN,NaN
1,NaN,NaN,NaN,NaN,NaN,NaN,NaN,NaN
2,NaN,NaN,NaN,NaN,NaN,NaN,NaN,NaN
3,NaN,NaN,NaN,NaN,NaN,NaN,NaN,NaN
4,NaN,NaN,NaN,NaN,NaN,NaN,NaN,NaN
5,NaN,NaN,NaN,NaN,NaN,NaN,NaN,NaN
6,NaN,NaN,NaN,NaN,NaN,NaN,NaN,NaN
7,NaN,NaN,NaN,NaN,NaN,NaN,NaN,NaN
8,NaN,NaN,NaN,NaN,NaN,NaN,NaN,NaN
9,NaN,NaN,NaN,NaN,NaN,NaN,NaN,NaN
10,NaN,NaN,NaN,NaN,NaN,NaN,NaN,NaN
11,NaN,NaN,NaN,NaN,NaN,NaN,NaN,NaN
1,NaN,NaN,NaN,NaN,NaN,NaN,NaN,NaN
2,NaN,NaN,NaN,NaN,NaN,NaN,NaN,NaN
3,NaN,NaN,NaN,NaN,NaN,NaN,NaN,NaN
4,NaN,NaN,NaN,NaN,NaN,NaN,NaN,NaN
5,NaN,NaN,NaN,NaN,NaN,NaN,NaN,NaN
6,NaN,NaN,NaN,NaN,NaN,NaN,NaN,NaN
7,NaN,NaN,NaN,NaN,NaN,NaN,NaN,NaN
8,NaN,NaN,NaN,NaN,NaN,NaN,NaN,NaN
9,NaN,NaN,NaN,NaN,NaN,NaN,NaN,NaN
10,NaN,NaN,NaN,NaN,NaN,NaN,NaN,NaN
11,NaN,NaN,NaN,NaN,NaN,NaN,NaN,NaN
1,NaN,NaN,NaN,NaN,NaN,NaN,NaN,NaN
2,NaN,NaN,NaN,NaN,NaN,NaN,NaN,NaN
3,NaN,NaN,NaN,NaN,NaN,NaN,NaN,NaN
4,NaN,NaN,NaN,NaN,NaN,NaN,NaN,NaN
5,NaN,NaN,NaN,NaN,NaN,NaN,NaN,NaN
6,NaN,NaN,NaN,NaN,NaN,NaN,NaN,NaN
7,NaN,NaN,NaN,NaN,NaN,NaN,NaN,NaN
8,NaN,NaN,NaN,NaN,NaN,NaN,NaN,NaN
9,NaN,NaN,NaN,NaN,NaN,NaN,NaN,NaN
10,NaN,NaN,NaN,NaN,NaN,NaN,NaN,NaN
11,NaN,NaN,NaN,NaN,NaN,NaN,NaN,NaN
1,NaN,NaN,NaN,NaN,NaN,NaN,NaN,NaN
2,NaN,NaN,NaN,NaN,NaN,NaN,NaN,NaN
3,NaN,NaN,NaN,NaN,NaN,NaN,NaN,NaN
4,NaN,NaN,NaN,NaN,NaN,NaN,NaN,NaN
5,NaN,NaN,NaN,NaN,NaN,NaN,NaN,NaN
6,NaN,NaN,NaN,NaN,NaN,NaN,NaN,NaN
7,NaN,NaN,NaN,NaN,NaN,NaN,NaN,NaN
8,NaN,NaN,NaN,NaN,NaN,NaN,NaN,NaN
9,NaN,NaN,NaN,NaN,NaN,NaN,NaN,NaN
10,NaN,NaN,NaN,NaN,NaN,NaN,NaN,NaN
11,NaN,NaN,NaN,NaN,NaN,NaN,NaN,NaN
1,NaN,NaN,NaN,NaN,NaN,NaN,NaN,NaN
2,NaN,NaN,NaN,NaN,NaN,NaN,NaN,NaN
3,NaN,NaN,NaN,NaN,NaN,NaN,NaN,NaN
4,NaN,NaN,NaN,NaN,NaN,NaN,NaN,NaN
5,NaN,NaN,NaN,NaN,NaN,NaN,NaN,NaN
6,NaN,NaN,NaN,NaN,NaN,NaN,NaN,NaN
7,NaN,NaN,NaN,NaN,NaN,NaN,NaN,NaN
8,NaN,NaN,NaN,NaN,NaN,NaN,NaN,NaN
9,NaN,NaN,NaN,NaN,NaN,NaN,NaN,NaN
10,NaN,NaN,NaN,NaN,NaN,NaN,NaN,NaN
11,NaN,NaN,NaN,NaN,NaN,NaN,NaN,NaN
1,NaN,NaN,NaN,NaN,NaN,NaN,NaN,NaN
2,NaN,NaN,NaN,NaN,NaN,NaN,NaN,NaN
3,NaN,NaN,NaN,NaN,NaN,NaN,NaN,NaN
4,NaN,NaN,NaN,NaN,NaN,NaN,NaN,NaN
5,NaN,NaN,NaN,NaN,NaN,NaN,NaN,NaN
6,NaN,NaN,NaN,NaN,NaN,NaN,NaN,NaN
7,NaN,NaN,NaN,NaN,NaN,NaN,NaN,NaN
8,NaN,NaN,NaN,NaN,NaN,NaN,NaN,NaN
9,NaN,NaN,NaN,NaN,NaN,NaN,NaN,NaN
10,NaN,NaN,NaN,NaN,NaN,NaN,NaN,NaN
11,NaN,NaN,NaN,NaN,NaN,NaN,NaN,NaN
1,NaN,NaN,NaN,NaN,NaN,NaN,NaN,NaN
2,NaN,NaN,NaN,NaN,NaN,NaN,NaN,NaN
3,NaN,NaN,NaN,NaN,NaN,NaN,NaN,NaN
4,NaN,NaN,NaN,NaN,NaN,NaN,NaN,NaN
5,NaN,NaN,NaN,NaN,NaN,NaN,NaN,NaN
6,NaN,NaN,NaN,NaN,NaN,NaN,NaN,NaN
7,NaN,NaN,NaN,NaN,NaN,NaN,NaN,NaN
8,NaN,NaN,NaN,NaN,NaN,NaN,NaN,NaN
9,NaN,NaN,NaN,NaN,NaN,NaN,NaN,NaN
10,NaN,NaN,NaN,NaN,NaN,NaN,NaN,NaN
11,NaN,NaN,NaN,NaN,NaN,NaN,NaN,NaN
1,NaN,NaN,NaN,NaN,NaN,NaN,NaN,NaN
2,NaN,NaN,NaN,NaN,NaN,NaN,NaN,NaN
3,NaN,NaN,NaN,NaN,NaN,NaN,NaN,NaN
4,NaN,NaN,NaN,NaN,NaN,NaN,NaN,NaN
5,NaN,NaN,NaN,NaN,NaN,NaN,NaN,NaN
6,NaN,NaN,NaN,NaN,NaN,NaN,NaN,NaN
7,NaN,NaN,NaN,NaN,NaN,NaN,NaN,NaN
8,NaN,NaN,NaN,NaN,NaN,NaN,NaN,NaN
9,NaN,NaN,NaN,NaN,NaN,NaN,NaN,NaN
10,NaN,NaN,NaN,NaN,NaN,NaN,NaN,NaN
11,NaN,NaN,NaN,NaN,NaN,NaN,NaN,NaN
1,NaN,NaN,NaN,NaN,NaN,NaN,NaN,NaN
2,NaN,NaN,NaN,NaN,NaN,NaN,NaN,NaN
3,NaN,NaN,NaN,NaN,NaN,NaN,NaN,NaN
4,NaN,NaN,NaN,NaN,NaN,NaN,NaN,NaN
5,NaN,NaN,NaN,NaN,NaN,NaN,NaN,NaN
6,NaN,NaN,NaN,NaN,NaN,NaN,NaN,NaN
7,NaN,NaN,NaN,NaN,NaN,NaN,NaN,NaN
8,NaN,NaN,NaN,NaN,NaN,NaN,NaN,NaN
9,NaN,NaN,NaN,NaN,NaN,NaN,NaN,NaN
10,NaN,NaN,NaN,NaN,NaN,NaN,NaN,NaN
11,NaN,NaN,NaN,NaN,NaN,NaN,NaN,NaN
1,NaN,NaN,NaN,NaN,NaN,NaN,NaN,NaN
2,NaN,NaN,NaN,NaN,NaN,NaN,NaN,NaN
3,NaN,NaN,NaN,NaN,NaN,NaN,NaN,NaN
4,NaN,NaN,NaN,NaN,NaN,NaN,NaN,NaN
5,NaN,NaN,NaN,NaN,NaN,NaN,NaN,NaN
6,NaN,NaN,NaN,NaN,NaN,NaN,NaN,NaN
7,NaN,NaN,NaN,NaN,NaN,NaN,NaN,NaN
8,NaN,NaN,NaN,NaN,NaN,NaN,NaN,NaN
9,NaN,NaN,NaN,NaN,NaN,NaN,NaN,NaN
10,NaN,NaN,NaN,NaN,NaN,NaN,NaN,NaN
11,NaN,NaN,NaN,NaN,NaN,NaN,NaN,NaN
1,NaN,NaN,NaN,NaN,NaN,NaN,NaN,NaN
2,NaN,NaN,NaN,NaN,NaN,NaN,NaN,NaN
3,NaN,NaN,NaN,NaN,NaN,NaN,NaN,NaN
4,NaN,NaN,NaN,NaN,NaN,NaN,NaN,NaN
5,NaN,NaN,NaN,NaN,NaN,NaN,NaN,NaN
6,NaN,NaN,NaN,NaN,NaN,NaN,NaN,NaN
7,NaN,NaN,NaN,NaN,NaN,NaN,NaN,NaN
8,NaN,NaN,NaN,NaN,NaN,NaN,NaN,NaN
9,NaN,NaN,NaN,NaN,NaN,NaN,NaN,NaN
10,NaN,NaN,NaN,NaN,NaN,NaN,NaN,NaN
11,NaN,NaN,NaN,NaN,NaN,NaN,NaN,NaN
1,NaN,NaN,NaN,NaN,NaN,NaN,NaN,NaN
2,NaN,NaN,NaN,NaN,NaN,NaN,NaN,NaN
3,NaN,NaN,NaN,NaN,NaN,NaN,NaN,NaN
4,NaN,NaN,NaN,NaN,NaN,NaN,NaN,NaN
5,NaN,NaN,NaN,NaN,NaN,NaN,NaN,NaN
6,NaN,NaN,NaN,NaN,NaN,NaN,NaN,NaN
7,NaN,NaN,NaN,NaN,NaN,NaN,NaN,NaN
8,NaN,NaN,NaN,NaN,NaN,NaN,NaN,NaN
9,NaN,NaN,NaN,NaN,NaN,NaN,NaN,NaN
10,NaN,NaN,NaN,NaN,NaN,NaN,NaN,NaN
11,NaN,NaN,NaN,NaN,NaN,NaN,NaN,NaN
1,NaN,NaN,NaN,NaN,NaN,NaN,NaN,NaN
2,NaN,NaN,NaN,NaN,NaN,NaN,NaN,NaN
3,NaN,NaN,NaN,NaN,NaN,NaN,NaN,NaN
4,NaN,NaN,NaN,NaN,NaN,NaN,NaN,NaN
5,NaN,NaN,NaN,NaN,NaN,NaN,NaN,NaN
6,NaN,NaN,NaN,NaN,NaN,NaN,NaN,NaN
7,NaN,NaN,NaN,NaN,NaN,NaN,NaN,NaN
8,NaN,NaN,NaN,NaN,NaN,NaN,NaN,NaN
9,NaN,NaN,NaN,NaN,NaN,NaN,NaN,NaN
10,NaN,NaN,NaN,NaN,NaN,NaN,NaN,NaN
11,NaN,NaN,NaN,NaN,NaN,NaN,NaN,NaN
1,NaN,NaN,NaN,NaN,NaN,NaN,NaN,NaN
2,NaN,NaN,NaN,NaN,NaN,NaN,NaN,NaN
3,NaN,NaN,NaN,NaN,NaN,NaN,NaN,NaN
4,NaN,NaN,NaN,NaN,NaN,NaN,NaN,NaN
5,NaN,NaN,NaN,NaN,NaN,NaN,NaN,NaN
6,NaN,NaN,NaN,NaN,NaN,NaN,NaN,NaN
7,NaN,NaN,NaN,NaN,NaN,NaN,NaN,NaN
8,NaN,NaN,NaN,NaN,NaN,NaN,NaN,NaN
9,NaN,NaN,NaN,NaN,NaN,NaN,NaN,NaN
10,NaN,NaN,NaN,NaN,NaN,NaN,NaN,NaN
11,NaN,NaN,NaN,NaN,NaN,NaN,NaN,NaN
1,NaN,NaN,NaN,NaN,NaN,NaN,NaN,NaN
2,NaN,NaN,NaN,NaN,NaN,NaN,NaN,NaN
3,NaN,NaN,NaN,NaN,NaN,NaN,NaN,NaN
4,NaN,NaN,NaN,NaN,NaN,NaN,NaN,NaN
5,NaN,NaN,NaN,NaN,NaN,NaN,NaN,NaN
6,NaN,NaN,NaN,NaN,NaN,NaN,NaN,NaN
7,NaN,NaN,NaN,NaN,NaN,NaN,NaN,NaN
8,NaN,NaN,NaN,NaN,NaN,NaN,NaN,NaN
9,NaN,NaN,NaN,NaN,NaN,NaN,NaN,NaN
10,NaN,NaN,NaN,NaN,NaN,NaN,NaN,NaN
11,NaN,NaN,NaN,NaN,NaN,NaN,NaN,NaN
1,NaN,NaN,NaN,NaN,NaN,NaN,NaN,NaN
2,NaN,NaN,NaN,NaN,NaN,NaN,NaN,NaN
3,NaN,NaN,NaN,NaN,NaN,NaN,NaN,NaN
4,NaN,NaN,NaN,NaN,NaN,NaN,NaN,NaN
5,NaN,NaN,NaN,NaN,NaN,NaN,NaN,NaN
6,NaN,NaN,NaN,NaN,NaN,NaN,NaN,NaN
7,NaN,NaN,NaN,NaN,NaN,NaN,NaN,NaN
8,NaN,NaN,NaN,NaN,NaN,NaN,NaN,NaN
9,NaN,NaN,NaN,NaN,NaN,NaN,NaN,NaN
10,NaN,NaN,NaN,NaN,NaN,NaN,NaN,NaN
11,NaN,NaN,NaN,NaN,NaN,NaN,NaN,NaN
1,NaN,NaN,NaN,NaN,NaN,NaN,NaN,NaN
2,NaN,NaN,NaN,NaN,NaN,NaN,NaN,NaN
3,NaN,NaN,NaN,NaN,NaN,NaN,NaN,NaN
4,NaN,NaN,NaN,NaN,NaN,NaN,NaN,NaN
5,NaN,NaN,NaN,NaN,NaN,NaN,NaN,NaN
6,NaN,NaN,NaN,NaN,NaN,NaN,NaN,NaN
7,NaN,NaN,NaN,NaN,NaN,NaN,NaN,NaN
8,NaN,NaN,NaN,NaN,NaN,NaN,NaN,NaN
9,NaN,NaN,NaN,NaN,NaN,NaN,NaN,NaN
10,NaN,NaN,NaN,NaN,NaN,NaN,NaN,NaN
11,NaN,NaN,NaN,NaN,NaN,NaN,NaN,NaN
1,NaN,NaN,NaN,NaN,NaN,NaN,NaN,NaN
2,NaN,NaN,NaN,NaN,NaN,NaN,NaN,NaN
3,NaN,NaN,NaN,NaN,NaN,NaN,NaN,NaN
4,NaN,NaN,NaN,NaN,NaN,NaN,NaN,NaN
5,NaN,NaN,NaN,NaN,NaN,NaN,NaN,NaN
6,NaN,NaN,NaN,NaN,NaN,NaN,NaN,NaN
7,NaN,NaN,NaN,NaN,NaN,NaN,NaN,NaN
8,NaN,NaN,NaN,NaN,NaN,NaN,NaN,NaN
9,NaN,NaN,NaN,NaN,NaN,NaN,NaN,NaN
10,NaN,NaN,NaN,NaN,NaN,NaN,NaN,NaN
11,NaN,NaN,NaN,NaN,NaN,NaN,NaN,NaN
1,NaN,NaN,NaN,NaN,NaN,NaN,NaN,NaN
2,NaN,NaN,NaN,NaN,NaN,NaN,NaN,NaN
3,NaN,NaN,NaN,NaN,NaN,NaN,NaN,NaN
4,NaN,NaN,NaN,NaN,NaN,NaN,NaN,NaN
5,NaN,NaN,NaN,NaN,NaN,NaN,NaN,NaN
6,NaN,NaN,NaN,NaN,NaN,NaN,NaN,NaN
7,NaN,NaN,NaN,NaN,NaN,NaN,NaN,NaN
8,NaN,NaN,NaN,NaN,NaN,NaN,NaN,NaN
9,NaN,NaN,NaN,NaN,NaN,NaN,NaN,NaN
10,NaN,NaN,NaN,NaN,NaN,NaN,NaN,NaN
11,NaN,NaN,NaN,NaN,NaN,NaN,NaN,NaN
1,NaN,NaN,NaN,NaN,NaN,NaN,NaN,NaN
2,NaN,NaN,NaN,NaN,NaN,NaN,NaN,NaN
3,NaN,NaN,NaN,NaN,NaN,NaN,NaN,NaN
4,NaN,NaN,NaN,NaN,NaN,NaN,NaN,NaN
5,NaN,NaN,NaN,NaN,NaN,NaN,NaN,NaN
6,NaN,NaN,NaN,NaN,NaN,NaN,NaN,NaN
7,NaN,NaN,NaN,NaN,NaN,NaN,NaN,NaN
8,NaN,NaN,NaN,NaN,NaN,NaN,NaN,NaN
9,NaN,NaN,NaN,NaN,NaN,NaN,NaN,NaN
10,NaN,NaN,NaN,NaN,NaN,NaN,NaN,NaN
11,NaN,NaN,NaN,NaN,NaN,NaN,NaN,NaN
1,NaN,NaN,NaN,NaN,NaN,NaN,NaN,NaN
2,NaN,NaN,NaN,NaN,NaN,NaN,NaN,NaN
3,NaN,NaN,NaN,NaN,NaN,NaN,NaN,NaN
4,NaN,NaN,NaN,NaN,NaN,NaN,NaN,NaN
5,NaN,NaN,NaN,NaN,NaN,NaN,NaN,NaN
6,NaN,NaN,NaN,NaN,NaN,NaN,NaN,NaN
7,NaN,NaN,NaN,NaN,NaN,NaN,NaN,NaN
8,NaN,NaN,NaN,NaN,NaN,NaN,NaN,NaN
9,NaN,NaN,NaN,NaN,NaN,NaN,NaN,NaN
10,NaN,NaN,NaN,NaN,NaN,NaN,NaN,NaN
11,NaN,NaN,NaN,NaN,NaN,NaN,NaN,NaN
1,NaN,NaN,NaN,NaN,NaN,NaN,NaN,NaN
2,NaN,NaN,NaN,NaN,NaN,NaN,NaN,NaN
3,NaN,NaN,NaN,NaN,NaN,NaN,NaN,NaN
4,NaN,NaN,NaN,NaN,NaN,NaN,NaN,NaN
5,NaN,NaN,NaN,NaN,NaN,NaN,NaN,NaN
6,NaN,NaN,NaN,NaN,NaN,NaN,NaN,NaN
7,NaN,NaN,NaN,NaN,NaN,NaN,NaN,NaN
8,NaN,NaN,NaN,NaN,NaN,NaN,NaN,NaN
9,NaN,NaN,NaN,NaN,NaN,NaN,NaN,NaN
10,NaN,NaN,NaN,NaN,NaN,NaN,NaN,NaN
11,NaN,NaN,NaN,NaN,NaN,NaN,NaN,NaN
1,NaN,NaN,NaN,NaN,NaN,NaN,NaN,NaN
2,NaN,NaN,NaN,NaN,NaN,NaN,NaN,NaN
3,NaN,NaN,NaN,NaN,NaN,NaN,NaN,NaN
4,NaN,NaN,NaN,NaN,NaN,NaN,NaN,NaN
5,NaN,NaN,NaN,NaN,NaN,NaN,NaN,NaN
6,NaN,NaN,NaN,NaN,NaN,NaN,NaN,NaN
7,NaN,NaN,NaN,NaN,NaN,NaN,NaN,NaN
8,NaN,NaN,NaN,NaN,NaN,NaN,NaN,NaN
9,NaN,NaN,NaN,NaN,NaN,NaN,NaN,NaN
10,NaN,NaN,NaN,NaN,NaN,NaN,NaN,NaN
11,NaN,NaN,NaN,NaN,NaN,NaN,NaN,NaN
1,NaN,NaN,NaN,NaN,NaN,NaN,NaN,NaN
2,NaN,NaN,NaN,NaN,NaN,NaN,NaN,NaN
3,NaN,NaN,NaN,NaN,NaN,NaN,NaN,NaN
4,NaN,NaN,NaN,NaN,NaN,NaN,NaN,NaN
5,NaN,NaN,NaN,NaN,NaN,NaN,NaN,NaN
6,NaN,NaN,NaN,NaN,NaN,NaN,NaN,NaN
7,NaN,NaN,NaN,NaN,NaN,NaN,NaN,NaN
8,NaN,NaN,NaN,NaN,NaN,NaN,NaN,NaN
9,NaN,NaN,NaN,NaN,NaN,NaN,NaN,NaN
10,NaN,NaN,NaN,NaN,NaN,NaN,NaN,NaN
11,NaN,NaN,NaN,NaN,NaN,NaN,NaN,NaN
1,NaN,NaN,NaN,NaN,NaN,NaN,NaN,NaN
2,NaN,NaN,NaN,NaN,NaN,NaN,NaN,NaN
3,NaN,NaN,NaN,NaN,NaN,NaN,NaN,NaN
4,NaN,NaN,NaN,NaN,NaN,NaN,NaN,NaN
5,NaN,NaN,NaN,NaN,NaN,NaN,NaN,NaN
6,NaN,NaN,NaN,NaN,NaN,NaN,NaN,NaN
7,NaN,NaN,NaN,NaN,NaN,NaN,NaN,NaN
8,NaN,NaN,NaN,NaN,NaN,NaN,NaN,NaN
9,NaN,NaN,NaN,NaN,NaN,NaN,NaN,NaN
10,NaN,NaN,NaN,NaN,NaN,NaN,NaN,NaN
11,NaN,NaN,NaN,NaN,NaN,NaN,NaN,NaN
1,NaN,NaN,NaN,NaN,NaN,NaN,NaN,NaN
2,NaN,NaN,NaN,NaN,NaN,NaN,NaN,NaN
3,NaN,NaN,NaN,NaN,NaN,NaN,NaN,NaN
4,NaN,NaN,NaN,NaN,NaN,NaN,NaN,NaN
5,NaN,NaN,NaN,NaN,NaN,NaN,NaN,NaN
6,NaN,NaN,NaN,NaN,NaN,NaN,NaN,NaN
7,NaN,NaN,NaN,NaN,NaN,NaN,NaN,NaN
8,NaN,NaN,NaN,NaN,NaN,NaN,NaN,NaN
9,NaN,NaN,NaN,NaN,NaN,NaN,NaN,NaN
10,NaN,NaN,NaN,NaN,NaN,NaN,NaN,NaN
11,NaN,NaN,NaN,NaN,NaN,NaN,NaN,NaN
1,NaN,NaN,NaN,NaN,NaN,NaN,NaN,NaN
2,NaN,NaN,NaN,NaN,NaN,NaN,NaN,NaN
3,NaN,NaN,NaN,NaN,NaN,NaN,NaN,NaN
4,NaN,NaN,NaN,NaN,NaN,NaN,NaN,NaN
5,NaN,NaN,NaN,NaN,NaN,NaN,NaN,NaN
6,NaN,NaN,NaN,NaN,NaN,NaN,NaN,NaN
7,NaN,NaN,NaN,NaN,NaN,NaN,NaN,NaN
8,NaN,NaN,NaN,NaN,NaN,NaN,NaN,NaN
9,NaN,NaN,NaN,NaN,NaN,NaN,NaN,NaN
10,NaN,NaN,NaN,NaN,NaN,NaN,NaN,NaN
11,NaN,NaN,NaN,NaN,NaN,NaN,NaN,NaN
1,NaN,NaN,NaN,NaN,NaN,NaN,NaN,NaN
2,NaN,NaN,NaN,NaN,NaN,NaN,NaN,NaN
3,NaN,NaN,NaN,NaN,NaN,NaN,NaN,NaN
4,NaN,NaN,NaN,NaN,NaN,NaN,NaN,NaN
5,NaN,NaN,NaN,NaN,NaN,NaN,NaN,NaN
6,NaN,NaN,NaN,NaN,NaN,NaN,NaN,NaN
7,NaN,NaN,NaN,NaN,NaN,NaN,NaN,NaN
8,NaN,NaN,NaN,NaN,NaN,NaN,NaN,NaN
9,NaN,NaN,NaN,NaN,NaN,NaN,NaN,NaN
10,NaN,NaN,NaN,NaN,NaN,NaN,NaN,NaN
11,NaN,NaN,NaN,NaN,NaN,NaN,NaN,NaN
1,NaN,NaN,NaN,NaN,NaN,NaN,NaN,NaN
2,NaN,NaN,NaN,NaN,NaN,NaN,NaN,NaN
3,NaN,NaN,NaN,NaN,NaN,NaN,NaN,NaN
4,NaN,NaN,NaN,NaN,NaN,NaN,NaN,NaN
5,NaN,NaN,NaN,NaN,NaN,NaN,NaN,NaN
6,NaN,NaN,NaN,NaN,NaN,NaN,NaN,NaN
7,NaN,NaN,NaN,NaN,NaN,NaN,NaN,NaN
8,NaN,NaN,NaN,NaN,NaN,NaN,NaN,NaN
9,NaN,NaN,NaN,NaN,NaN,NaN,NaN,NaN
10,NaN,NaN,NaN,NaN,NaN,NaN,NaN,NaN
11,NaN,NaN,NaN,NaN,NaN,NaN,NaN,NaN
1,NaN,NaN,NaN,NaN,NaN,NaN,NaN,NaN
2,NaN,NaN,NaN,NaN,NaN,NaN,NaN,NaN
3,NaN,NaN,NaN,NaN,NaN,NaN,NaN,NaN
4,NaN,NaN,NaN,NaN,NaN,NaN,NaN,NaN
5,NaN,NaN,NaN,NaN,NaN,NaN,NaN,NaN
6,NaN,NaN,NaN,NaN,NaN,NaN,NaN,NaN
7,NaN,NaN,NaN,NaN,NaN,NaN,NaN,NaN
8,NaN,NaN,NaN,NaN,NaN,NaN,NaN,NaN
9,NaN,NaN,NaN,NaN,NaN,NaN,NaN,NaN
10,NaN,NaN,NaN,NaN,NaN,NaN,NaN,NaN
11,NaN,NaN,NaN,NaN,NaN,NaN,NaN,NaN
1,NaN,NaN,NaN,NaN,NaN,NaN,NaN,NaN
2,NaN,NaN,NaN,NaN,NaN,NaN,NaN,NaN
3,NaN,NaN,NaN,NaN,NaN,NaN,NaN,NaN
4,NaN,NaN,NaN,NaN,NaN,NaN,NaN,NaN
5,NaN,NaN,NaN,NaN,NaN,NaN,NaN,NaN
6,NaN,NaN,NaN,NaN,NaN,NaN,NaN,NaN
7,NaN,NaN,NaN,NaN,NaN,NaN,NaN,NaN
8,NaN,NaN,NaN,NaN,NaN,NaN,NaN,NaN
9,NaN,NaN,NaN,NaN,NaN,NaN,NaN,NaN
10,NaN,NaN,NaN,NaN,NaN,NaN,NaN,NaN
11,NaN,NaN,NaN,NaN,NaN,NaN,NaN,NaN
1,NaN,NaN,NaN,NaN,NaN,NaN,NaN,NaN
2,NaN,NaN,NaN,NaN,NaN,NaN,NaN,NaN
3,NaN,NaN,NaN,NaN,NaN,NaN,NaN,NaN
4,NaN,NaN,NaN,NaN,NaN,NaN,NaN,NaN
5,NaN,NaN,NaN,NaN,NaN,NaN,NaN,NaN
6,NaN,NaN,NaN,NaN,NaN,NaN,NaN,NaN
7,NaN,NaN,NaN,NaN,NaN,NaN,NaN,NaN
8,NaN,NaN,NaN,NaN,NaN,NaN,NaN,NaN
9,NaN,NaN,NaN,NaN,NaN,NaN,NaN,NaN
10,NaN,NaN,NaN,NaN,NaN,NaN,NaN,NaN
11,NaN,NaN,NaN,NaN,NaN,NaN,NaN,NaN
1,NaN,NaN,NaN,NaN,NaN,NaN,NaN,NaN
2,NaN,NaN,NaN,NaN,NaN,NaN,NaN,NaN
3,NaN,NaN,NaN,NaN,NaN,NaN,NaN,NaN
4,NaN,NaN,NaN,NaN,NaN,NaN,NaN,NaN
5,NaN,NaN,NaN,NaN,NaN,NaN,NaN,NaN
6,NaN,NaN,NaN,NaN,NaN,NaN,NaN,NaN
7,NaN,NaN,NaN,NaN,NaN,NaN,NaN,NaN
8,NaN,NaN,NaN,NaN,NaN,NaN,NaN,NaN
9,NaN,NaN,NaN,NaN,NaN,NaN,NaN,NaN
10,NaN,NaN,NaN,NaN,NaN,NaN,NaN,NaN
11,NaN,NaN,NaN,NaN,NaN,NaN,NaN,NaN
1,NaN,NaN,NaN,NaN,NaN,NaN,NaN,NaN
2,NaN,NaN,NaN,NaN,NaN,NaN,NaN,NaN
3,NaN,NaN,NaN,NaN,NaN,NaN,NaN,NaN
4,NaN,NaN,NaN,NaN,NaN,NaN,NaN,NaN
5,NaN,NaN,NaN,NaN,NaN,NaN,NaN,NaN
6,NaN,NaN,NaN,NaN,NaN,NaN,NaN,NaN
7,NaN,NaN,NaN,NaN,NaN,NaN,NaN,NaN
8,NaN,NaN,NaN,NaN,NaN,NaN,NaN,NaN
9,NaN,NaN,NaN,NaN,NaN,NaN,NaN,NaN
10,NaN,NaN,NaN,NaN,NaN,NaN,NaN,NaN
11,NaN,NaN,NaN,NaN,NaN,NaN,NaN,NaN
1,NaN,NaN,NaN,NaN,NaN,NaN,NaN,NaN
2,NaN,NaN,NaN,NaN,NaN,NaN,NaN,NaN
3,NaN,NaN,NaN,NaN,NaN,NaN,NaN,NaN
4,NaN,NaN,NaN,NaN,NaN,NaN,NaN,NaN
5,NaN,NaN,NaN,NaN,NaN,NaN,NaN,NaN
6,NaN,NaN,NaN,NaN,NaN,NaN,NaN,NaN
7,NaN,NaN,NaN,NaN,NaN,NaN,NaN,NaN
8,NaN,NaN,NaN,NaN,NaN,NaN,NaN,NaN
9,NaN,NaN,NaN,NaN,NaN,NaN,NaN,NaN
10,NaN,NaN,NaN,NaN,NaN,NaN,NaN,NaN
11,NaN,NaN,NaN,NaN,NaN,NaN,NaN,NaN
1,NaN,NaN,NaN,NaN,NaN,NaN,NaN,NaN
2,NaN,NaN,NaN,NaN,NaN,NaN,NaN,NaN
3,NaN,NaN,NaN,NaN,NaN,NaN,NaN,NaN
4,NaN,NaN,NaN,NaN,NaN,NaN,NaN,NaN
5,NaN,NaN,NaN,NaN,NaN,NaN,NaN,NaN
6,NaN,NaN,NaN,NaN,NaN,NaN,NaN,NaN
7,NaN,NaN,NaN,NaN,NaN,NaN,NaN,NaN
8,NaN,NaN,NaN,NaN,NaN,NaN,NaN,NaN
9,NaN,NaN,NaN,NaN,NaN,NaN,NaN,NaN
10,NaN,NaN,NaN,NaN,NaN,NaN,NaN,NaN
11,NaN,NaN,NaN,NaN,NaN,NaN,NaN,NaN
1,NaN,NaN,NaN,NaN,NaN,NaN,NaN,NaN
2,NaN,NaN,NaN,NaN,NaN,NaN,NaN,NaN
3,NaN,NaN,NaN,NaN,NaN,NaN,NaN,NaN
4,NaN,NaN,NaN,NaN,NaN,NaN,NaN,NaN
5,NaN,NaN,NaN,NaN,NaN,NaN,NaN,NaN
6,NaN,NaN,NaN,NaN,NaN,NaN,NaN,NaN
7,NaN,NaN,NaN,NaN,NaN,NaN,NaN,NaN
8,NaN,NaN,NaN,NaN,NaN,NaN,NaN,NaN
9,NaN,NaN,NaN,NaN,NaN,NaN,NaN,NaN
10,NaN,NaN,NaN,NaN,NaN,NaN,NaN,NaN
11,NaN,NaN,NaN,NaN,NaN,NaN,NaN,NaN
1,NaN,NaN,NaN,NaN,NaN,NaN,NaN,NaN
2,NaN,NaN,NaN,NaN,NaN,NaN,NaN,NaN
3,NaN,NaN,NaN,NaN,NaN,NaN,NaN,NaN
4,NaN,NaN,NaN,NaN,NaN,NaN,NaN,NaN
5,NaN,NaN,NaN,NaN,NaN,NaN,NaN,NaN
6,NaN,NaN,NaN,NaN,NaN,NaN,NaN,NaN
7,NaN,NaN,NaN,NaN,NaN,NaN,NaN,NaN
8,NaN,NaN,NaN,NaN,NaN,NaN,NaN,NaN
9,NaN,NaN,NaN,NaN,NaN,NaN,NaN,NaN
10,NaN,NaN,NaN,NaN,NaN,NaN,NaN,NaN
11,NaN,NaN,NaN,NaN,NaN,NaN,NaN,NaN
1,NaN,NaN,NaN,NaN,NaN,NaN,NaN,NaN
2,NaN,NaN,NaN,NaN,NaN,NaN,NaN,NaN
3,NaN,NaN,NaN,NaN,NaN,NaN,NaN,NaN
4,NaN,NaN,NaN,NaN,NaN,NaN,NaN,NaN
5,NaN,NaN,NaN,NaN,NaN,NaN,NaN,NaN
6,NaN,NaN,NaN,NaN,NaN,NaN,NaN,NaN
7,NaN,NaN,NaN,NaN,NaN,NaN,NaN,NaN
8,NaN,NaN,NaN,NaN,NaN,NaN,NaN,NaN
9,NaN,NaN,NaN,NaN,NaN,NaN,NaN,NaN
10,NaN,NaN,NaN,NaN,NaN,NaN,NaN,NaN
11,NaN,NaN,NaN,NaN,NaN,NaN,NaN,NaN
1,NaN,NaN,NaN,NaN,NaN,NaN,NaN,NaN
2,NaN,NaN,NaN,NaN,NaN,NaN,NaN,NaN
3,NaN,NaN,NaN,NaN,NaN,NaN,NaN,NaN
4,NaN,NaN,NaN,NaN,NaN,NaN,NaN,NaN
5,NaN,NaN,NaN,NaN,NaN,NaN,NaN,NaN
6,NaN,NaN,NaN,NaN,NaN,NaN,NaN,NaN
7,NaN,NaN,NaN,NaN,NaN,NaN,NaN,NaN
8,NaN,NaN,NaN,NaN,NaN,NaN,NaN,NaN
9,NaN,NaN,NaN,NaN,NaN,NaN,NaN,NaN
10,NaN,NaN,NaN,NaN,NaN,NaN,NaN,NaN
11,NaN,NaN,NaN,NaN,NaN,NaN,NaN,NaN
1,NaN,NaN,NaN,NaN,NaN,NaN,NaN,NaN
2,NaN,NaN,NaN,NaN,NaN,NaN,NaN,NaN
3,NaN,NaN,NaN,NaN,NaN,NaN,NaN,NaN
4,NaN,NaN,NaN,NaN,NaN,NaN,NaN,NaN
5,NaN,NaN,NaN,NaN,NaN,NaN,NaN,NaN
6,NaN,NaN,NaN,NaN,NaN,NaN,NaN,NaN
7,NaN,NaN,NaN,NaN,NaN,NaN,NaN,NaN
8,NaN,NaN,NaN,NaN,NaN,NaN,NaN,NaN
9,NaN,NaN,NaN,NaN,NaN,NaN,NaN,NaN
10,NaN,NaN,NaN,NaN,NaN,NaN,NaN,NaN
11,NaN,NaN,NaN,NaN,NaN,NaN,NaN,NaN
1,NaN,NaN,NaN,NaN,NaN,NaN,NaN,NaN
2,NaN,NaN,NaN,NaN,NaN,NaN,NaN,NaN
3,NaN,NaN,NaN,NaN,NaN,NaN,NaN,NaN
4,NaN,NaN,NaN,NaN,NaN,NaN,NaN,NaN
5,NaN,NaN,NaN,NaN,NaN,NaN,NaN,NaN
6,NaN,NaN,NaN,NaN,NaN,NaN,NaN,NaN
7,NaN,NaN,NaN,NaN,NaN,NaN,NaN,NaN
8,NaN,NaN,NaN,NaN,NaN,NaN,NaN,NaN
9,NaN,NaN,NaN,NaN,NaN,NaN,NaN,NaN
10,NaN,NaN,NaN,NaN,NaN,NaN,NaN,NaN
11,NaN,NaN,NaN,NaN,NaN,NaN,NaN,NaN
1,NaN,NaN,NaN,NaN,NaN,NaN,NaN,NaN
2,NaN,NaN,NaN,NaN,NaN,NaN,NaN,NaN
3,NaN,NaN,NaN,NaN,NaN,NaN,NaN,NaN
4,NaN,NaN,NaN,NaN,NaN,NaN,NaN,NaN
5,NaN,NaN,NaN,NaN,NaN,NaN,NaN,NaN
6,NaN,NaN,NaN,NaN,NaN,NaN,NaN,NaN
7,NaN,NaN,NaN,NaN,NaN,NaN,NaN,NaN
8,NaN,NaN,NaN,NaN,NaN,NaN,NaN,NaN
9,NaN,NaN,NaN,NaN,NaN,NaN,NaN,NaN
10,NaN,NaN,NaN,NaN,NaN,NaN,NaN,NaN
11,NaN,NaN,NaN,NaN,NaN,NaN,NaN,NaN
1,NaN,NaN,NaN,NaN,NaN,NaN,NaN,NaN
2,NaN,NaN,NaN,NaN,NaN,NaN,NaN,NaN
3,NaN,NaN,NaN,NaN,NaN,NaN,NaN,NaN
4,NaN,NaN,NaN,NaN,NaN,NaN,NaN,NaN
5,NaN,NaN,NaN,NaN,NaN,NaN,NaN,NaN
6,NaN,NaN,NaN,NaN,NaN,NaN,NaN,NaN
7,NaN,NaN,NaN,NaN,NaN,NaN,NaN,NaN
8,NaN,NaN,NaN,NaN,NaN,NaN,NaN,NaN
9,NaN,NaN,NaN,NaN,NaN,NaN,NaN,NaN
10,NaN,NaN,NaN,NaN,NaN,NaN,NaN,NaN
11,NaN,NaN,NaN,NaN,NaN,NaN,NaN,NaN
1,NaN,NaN,NaN,NaN,NaN,NaN,NaN,NaN
2,NaN,NaN,NaN,NaN,NaN,NaN,NaN,NaN
3,NaN,NaN,NaN,NaN,NaN,NaN,NaN,NaN
4,NaN,NaN,NaN,NaN,NaN,NaN,NaN,NaN
5,NaN,NaN,NaN,NaN,NaN,NaN,NaN,NaN
6,NaN,NaN,NaN,NaN,NaN,NaN,NaN,NaN
7,NaN,NaN,NaN,NaN,NaN,NaN,NaN,NaN
8,NaN,NaN,NaN,NaN,NaN,NaN,NaN,NaN
9,NaN,NaN,NaN,NaN,NaN,NaN,NaN,NaN
10,NaN,NaN,NaN,NaN,NaN,NaN,NaN,NaN
11,NaN,NaN,NaN,NaN,NaN,NaN,NaN,NaN
1,NaN,NaN,NaN,NaN,NaN,NaN,NaN,NaN
2,NaN,NaN,NaN,NaN,NaN,NaN,NaN,NaN
3,NaN,NaN,NaN,NaN,NaN,NaN,NaN,NaN
4,NaN,NaN,NaN,NaN,NaN,NaN,NaN,NaN
5,NaN,NaN,NaN,NaN,NaN,NaN,NaN,NaN
6,NaN,NaN,NaN,NaN,NaN,NaN,NaN,NaN
7,NaN,NaN,NaN,NaN,NaN,NaN,NaN,NaN
8,NaN,NaN,NaN,NaN,NaN,NaN,NaN,NaN
9,NaN,NaN,NaN,NaN,NaN,NaN,NaN,NaN
10,NaN,NaN,NaN,NaN,NaN,NaN,NaN,NaN
11,NaN,NaN,NaN,NaN,NaN,NaN,NaN,NaN
1,NaN,NaN,NaN,NaN,NaN,NaN,NaN,NaN
2,NaN,NaN,NaN,NaN,NaN,NaN,NaN,NaN
3,NaN,NaN,NaN,NaN,NaN,NaN,NaN,NaN
4,NaN,NaN,NaN,NaN,NaN,NaN,NaN,NaN
5,NaN,NaN,NaN,NaN,NaN,NaN,NaN,NaN
6,NaN,NaN,NaN,NaN,NaN,NaN,NaN,NaN
7,NaN,NaN,NaN,NaN,NaN,NaN,NaN,NaN
8,NaN,NaN,NaN,NaN,NaN,NaN,NaN,NaN
9,NaN,NaN,NaN,NaN,NaN,NaN,NaN,NaN
10,NaN,NaN,NaN,NaN,NaN,NaN,NaN,NaN
11,NaN,NaN,NaN,NaN,NaN,NaN,NaN,NaN
1,NaN,NaN,NaN,NaN,NaN,NaN,NaN,NaN
2,NaN,NaN,NaN,NaN,NaN,NaN,NaN,NaN
3,NaN,NaN,NaN,NaN,NaN,NaN,NaN,NaN
4,NaN,NaN,NaN,NaN,NaN,NaN,NaN,NaN
5,NaN,NaN,NaN,NaN,NaN,NaN,NaN,NaN
6,NaN,NaN,NaN,NaN,NaN,NaN,NaN,NaN
7,NaN,NaN,NaN,NaN,NaN,NaN,NaN,NaN
8,NaN,NaN,NaN,NaN,NaN,NaN,NaN,NaN
9,NaN,NaN,NaN,NaN,NaN,NaN,NaN,NaN
10,NaN,NaN,NaN,NaN,NaN,NaN,NaN,NaN
11,NaN,NaN,NaN,NaN,NaN,NaN,NaN,NaN
1,NaN,NaN,NaN,NaN,NaN,NaN,NaN,NaN
2,NaN,NaN,NaN,NaN,NaN,NaN,NaN,NaN
3,NaN,NaN,NaN,NaN,NaN,NaN,NaN,NaN
4,NaN,NaN,NaN,NaN,NaN,NaN,NaN,NaN
5,NaN,NaN,NaN,NaN,NaN,NaN,NaN,NaN
6,NaN,NaN,NaN,NaN,NaN,NaN,NaN,NaN
7,NaN,NaN,NaN,NaN,NaN,NaN,NaN,NaN
8,NaN,NaN,NaN,NaN,NaN,NaN,NaN,NaN
9,NaN,NaN,NaN,NaN,NaN,NaN,NaN,NaN
10,NaN,NaN,NaN,NaN,NaN,NaN,NaN,NaN
11,NaN,NaN,NaN,NaN,NaN,NaN,NaN,NaN
1,NaN,NaN,NaN,NaN,NaN,NaN,NaN,NaN
2,NaN,NaN,NaN,NaN,NaN,NaN,NaN,NaN
3,NaN,NaN,NaN,NaN,NaN,NaN,NaN,NaN
4,NaN,NaN,NaN,NaN,NaN,NaN,NaN,NaN
5,NaN,NaN,NaN,NaN,NaN,NaN,NaN,NaN
6,NaN,NaN,NaN,NaN,NaN,NaN,NaN,NaN
7,NaN,NaN,NaN,NaN,NaN,NaN,NaN,NaN
8,NaN,NaN,NaN,NaN,NaN,NaN,NaN,NaN
9,NaN,NaN,NaN,NaN,NaN,NaN,NaN,NaN
10,NaN,NaN,NaN,NaN,NaN,NaN,NaN,NaN
11,NaN,NaN,NaN,NaN,NaN,NaN,NaN,NaN
1,NaN,NaN,NaN,NaN,NaN,NaN,NaN,NaN
2,NaN,NaN,NaN,NaN,NaN,NaN,NaN,NaN
3,NaN,NaN,NaN,NaN,NaN,NaN,NaN,NaN
4,NaN,NaN,NaN,NaN,NaN,NaN,NaN,NaN
5,NaN,NaN,NaN,NaN,NaN,NaN,NaN,NaN
6,NaN,NaN,NaN,NaN,NaN,NaN,NaN,NaN
7,NaN,NaN,NaN,NaN,NaN,NaN,NaN,NaN
8,NaN,NaN,NaN,NaN,NaN,NaN,NaN,NaN
9,NaN,NaN,NaN,NaN,NaN,NaN,NaN,NaN
10,NaN,NaN,NaN,NaN,NaN,NaN,NaN,NaN
11,NaN,NaN,NaN,NaN,NaN,NaN,NaN,NaN
1,NaN,NaN,NaN,NaN,NaN,NaN,NaN,NaN
2,NaN,NaN,NaN,NaN,NaN,NaN,NaN,NaN
3,NaN,NaN,NaN,NaN,NaN,NaN,NaN,NaN
4,NaN,NaN,NaN,NaN,NaN,NaN,NaN,NaN
5,NaN,NaN,NaN,NaN,NaN,NaN,NaN,NaN
6,NaN,NaN,NaN,NaN,NaN,NaN,NaN,NaN
7,NaN,NaN,NaN,NaN,NaN,NaN,NaN,NaN
8,NaN,NaN,NaN,NaN,NaN,NaN,NaN,NaN
9,NaN,NaN,NaN,NaN,NaN,NaN,NaN,NaN
10,NaN,NaN,NaN,NaN,NaN,NaN,NaN,NaN
11,NaN,NaN,NaN,NaN,NaN,NaN,NaN,NaN
1,NaN,NaN,NaN,NaN,NaN,NaN,NaN,NaN
2,NaN,NaN,NaN,NaN,NaN,NaN,NaN,NaN
3,NaN,NaN,NaN,NaN,NaN,NaN,NaN,NaN
4,NaN,NaN,NaN,NaN,NaN,NaN,NaN,NaN
5,NaN,NaN,NaN,NaN,NaN,NaN,NaN,NaN
6,NaN,NaN,NaN,NaN,NaN,NaN,NaN,NaN
7,NaN,NaN,NaN,NaN,NaN,NaN,NaN,NaN
8,NaN,NaN,NaN,NaN,NaN,NaN,NaN,NaN
9,NaN,NaN,NaN,NaN,NaN,NaN,NaN,NaN
10,NaN,NaN,NaN,NaN,NaN,NaN,NaN,NaN
11,NaN,NaN,NaN,NaN,NaN,NaN,NaN,NaN
1,NaN,NaN,NaN,NaN,NaN,NaN,NaN,NaN
2,NaN,NaN,NaN,NaN,NaN,NaN,NaN,NaN
3,NaN,NaN,NaN,NaN,NaN,NaN,NaN,NaN
4,NaN,NaN,NaN,NaN,NaN,NaN,NaN,NaN
5,NaN,NaN,NaN,NaN,NaN,NaN,NaN,NaN
6,NaN,NaN,NaN,NaN,NaN,NaN,NaN,NaN
7,NaN,NaN,NaN,NaN,NaN,NaN,NaN,NaN
8,NaN,NaN,NaN,NaN,NaN,NaN,NaN,NaN
9,NaN,NaN,NaN,NaN,NaN,NaN,NaN,NaN
10,NaN,NaN,NaN,NaN,NaN,NaN,NaN,NaN
11,NaN,NaN,NaN,NaN,NaN,NaN,NaN,NaN
1,NaN,NaN,NaN,NaN,NaN,NaN,NaN,NaN
2,NaN,NaN,NaN,NaN,NaN,NaN,NaN,NaN
3,NaN,NaN,NaN,NaN,NaN,NaN,NaN,NaN
4,NaN,NaN,NaN,NaN,NaN,NaN,NaN,NaN
5,NaN,NaN,NaN,NaN,NaN,NaN,NaN,NaN
6,NaN,NaN,NaN,NaN,NaN,NaN,NaN,NaN
7,NaN,NaN,NaN,NaN,NaN,NaN,NaN,NaN
8,NaN,NaN,NaN,NaN,NaN,NaN,NaN,NaN
9,NaN,NaN,NaN,NaN,NaN,NaN,NaN,NaN
10,NaN,NaN,NaN,NaN,NaN,NaN,NaN,NaN
11,NaN,NaN,NaN,NaN,NaN,NaN,NaN,NaN
1,NaN,NaN,NaN,NaN,NaN,NaN,NaN,NaN
2,NaN,NaN,NaN,NaN,NaN,NaN,NaN,NaN
3,NaN,NaN,NaN,NaN,NaN,NaN,NaN,NaN
4,NaN,NaN,NaN,NaN,NaN,NaN,NaN,NaN
5,NaN,NaN,NaN,NaN,NaN,NaN,NaN,NaN
6,NaN,NaN,NaN,NaN,NaN,NaN,NaN,NaN
7,NaN,NaN,NaN,NaN,NaN,NaN,NaN,NaN
8,NaN,NaN,NaN,NaN,NaN,NaN,NaN,NaN
9,NaN,NaN,NaN,NaN,NaN,NaN,NaN,NaN
10,NaN,NaN,NaN,NaN,NaN,NaN,NaN,NaN
11,NaN,NaN,NaN,NaN,NaN,NaN,NaN,NaN
1,NaN,NaN,NaN,NaN,NaN,NaN,NaN,NaN
2,NaN,NaN,NaN,NaN,NaN,NaN,NaN,NaN
3,NaN,NaN,NaN,NaN,NaN,NaN,NaN,NaN
4,NaN,NaN,NaN,NaN,NaN,NaN,NaN,NaN
5,NaN,NaN,NaN,NaN,NaN,NaN,NaN,NaN
6,NaN,NaN,NaN,NaN,NaN,NaN,NaN,NaN
7,NaN,NaN,NaN,NaN,NaN,NaN,NaN,NaN
8,NaN,NaN,NaN,NaN,NaN,NaN,NaN,NaN
9,NaN,NaN,NaN,NaN,NaN,NaN,NaN,NaN
10,NaN,NaN,NaN,NaN,NaN,NaN,NaN,NaN
11,NaN,NaN,NaN,NaN,NaN,NaN,NaN,NaN
1,NaN,NaN,NaN,NaN,NaN,NaN,NaN,NaN
2,NaN,NaN,NaN,NaN,NaN,NaN,NaN,NaN
3,NaN,NaN,NaN,NaN,NaN,NaN,NaN,NaN
4,NaN,NaN,NaN,NaN,NaN,NaN,NaN,NaN
5,NaN,NaN,NaN,NaN,NaN,NaN,NaN,NaN
6,NaN,NaN,NaN,NaN,NaN,NaN,NaN,NaN
7,NaN,NaN,NaN,NaN,NaN,NaN,NaN,NaN
8,NaN,NaN,NaN,NaN,NaN,NaN,NaN,NaN
9,NaN,NaN,NaN,NaN,NaN,NaN,NaN,NaN
10,NaN,NaN,NaN,NaN,NaN,NaN,NaN,NaN
11,NaN,NaN,NaN,NaN,NaN,NaN,NaN,NaN
1,NaN,NaN,NaN,NaN,NaN,NaN,NaN,NaN
2,NaN,NaN,NaN,NaN,NaN,NaN,NaN,NaN
3,NaN,NaN,NaN,NaN,NaN,NaN,NaN,NaN
4,NaN,NaN,NaN,NaN,NaN,NaN,NaN,NaN
5,NaN,NaN,NaN,NaN,NaN,NaN,NaN,NaN
6,NaN,NaN,NaN,NaN,NaN,NaN,NaN,NaN
7,NaN,NaN,NaN,NaN,NaN,NaN,NaN,NaN
8,NaN,NaN,NaN,NaN,NaN,NaN,NaN,NaN
9,NaN,NaN,NaN,NaN,NaN,NaN,NaN,NaN
10,NaN,NaN,NaN,NaN,NaN,NaN,NaN,NaN
11,NaN,NaN,NaN,NaN,NaN,NaN,NaN,NaN
1,NaN,NaN,NaN,NaN,NaN,NaN,NaN,NaN
2,NaN,NaN,NaN,NaN,NaN,NaN,NaN,NaN
3,NaN,NaN,NaN,NaN,NaN,NaN,NaN,NaN
4,NaN,NaN,NaN,NaN,NaN,NaN,NaN,NaN
5,NaN,NaN,NaN,NaN,NaN,NaN,NaN,NaN
6,NaN,NaN,NaN,NaN,NaN,NaN,NaN,NaN
7,NaN,NaN,NaN,NaN,NaN,NaN,NaN,NaN
8,NaN,NaN,NaN,NaN,NaN,NaN,NaN,NaN
9,NaN,NaN,NaN,NaN,NaN,NaN,NaN,NaN
10,NaN,NaN,NaN,NaN,NaN,NaN,NaN,NaN
11,NaN,NaN,NaN,NaN,NaN,NaN,NaN,NaN
1,NaN,NaN,NaN,NaN,NaN,NaN,NaN,NaN
2,NaN,NaN,NaN,NaN,NaN,NaN,NaN,NaN
3,NaN,NaN,NaN,NaN,NaN,NaN,NaN,NaN
4,NaN,NaN,NaN,NaN,NaN,NaN,NaN,NaN
5,NaN,NaN,NaN,NaN,NaN,NaN,NaN,NaN
6,NaN,NaN,NaN,NaN,NaN,NaN,NaN,NaN
7,NaN,NaN,NaN,NaN,NaN,NaN,NaN,NaN
8,NaN,NaN,NaN,NaN,NaN,NaN,NaN,NaN
9,NaN,NaN,NaN,NaN,NaN,NaN,NaN,NaN
10,NaN,NaN,NaN,NaN,NaN,NaN,NaN,NaN
11,NaN,NaN,NaN,NaN,NaN,NaN,NaN,NaN
1,NaN,NaN,NaN,NaN,NaN,NaN,NaN,NaN
2,NaN,NaN,NaN,NaN,NaN,NaN,NaN,NaN
3,NaN,NaN,NaN,NaN,NaN,NaN,NaN,NaN
4,NaN,NaN,NaN,NaN,NaN,NaN,NaN,NaN
5,NaN,NaN,NaN,NaN,NaN,NaN,NaN,NaN
6,NaN,NaN,NaN,NaN,NaN,NaN,NaN,NaN
7,NaN,NaN,NaN,NaN,NaN,NaN,NaN,NaN
8,NaN,NaN,NaN,NaN,NaN,NaN,NaN,NaN
9,NaN,NaN,NaN,NaN,NaN,NaN,NaN,NaN
10,NaN,NaN,NaN,NaN,NaN,NaN,NaN,NaN
11,NaN,NaN,NaN,NaN,NaN,NaN,NaN,NaN
1,NaN,NaN,NaN,NaN,NaN,NaN,NaN,NaN
2,NaN,NaN,NaN,NaN,NaN,NaN,NaN,NaN
3,NaN,NaN,NaN,NaN,NaN,NaN,NaN,NaN
4,NaN,NaN,NaN,NaN,NaN,NaN,NaN,NaN
5,NaN,NaN,NaN,NaN,NaN,NaN,NaN,NaN
6,NaN,NaN,NaN,NaN,NaN,NaN,NaN,NaN
7,NaN,NaN,NaN,NaN,NaN,NaN,NaN,NaN
8,NaN,NaN,NaN,NaN,NaN,NaN,NaN,NaN
9,NaN,NaN,NaN,NaN,NaN,NaN,NaN,NaN
10,NaN,NaN,NaN,NaN,NaN,NaN,NaN,NaN
11,NaN,NaN,NaN,NaN,NaN,NaN,NaN,NaN
1,NaN,NaN,NaN,NaN,NaN,NaN,NaN,NaN
2,NaN,NaN,NaN,NaN,NaN,NaN,NaN,NaN
3,NaN,NaN,NaN,NaN,NaN,NaN,NaN,NaN
4,NaN,NaN,NaN,NaN,NaN,NaN,NaN,NaN
5,NaN,NaN,NaN,NaN,NaN,NaN,NaN,NaN
6,NaN,NaN,NaN,NaN,NaN,NaN,NaN,NaN
7,NaN,NaN,NaN,NaN,NaN,NaN,NaN,NaN
8,NaN,NaN,NaN,NaN,NaN,NaN,NaN,NaN
9,NaN,NaN,NaN,NaN,NaN,NaN,NaN,NaN
10,NaN,NaN,NaN,NaN,NaN,NaN,NaN,NaN
11,NaN,NaN,NaN,NaN,NaN,NaN,NaN,NaN
1,NaN,NaN,NaN,NaN,NaN,NaN,NaN,NaN
2,NaN,NaN,NaN,NaN,NaN,NaN,NaN,NaN
3,NaN,NaN,NaN,NaN,NaN,NaN,NaN,NaN
4,NaN,NaN,NaN,NaN,NaN,NaN,NaN,NaN
5,NaN,NaN,NaN,NaN,NaN,NaN,NaN,NaN
6,NaN,NaN,NaN,NaN,NaN,NaN,NaN,NaN
7,NaN,NaN,NaN,NaN,NaN,NaN,NaN,NaN
8,NaN,NaN,NaN,NaN,NaN,NaN,NaN,NaN
9,NaN,NaN,NaN,NaN,NaN,NaN,NaN,NaN
10,NaN,NaN,NaN,NaN,NaN,NaN,NaN,NaN
11,NaN,NaN,NaN,NaN,NaN,NaN,NaN,NaN
1,NaN,NaN,NaN,NaN,NaN,NaN,NaN,NaN
2,NaN,NaN,NaN,NaN,NaN,NaN,NaN,NaN
3,NaN,NaN,NaN,NaN,NaN,NaN,NaN,NaN
4,NaN,NaN,NaN,NaN,NaN,NaN,NaN,NaN
5,NaN,NaN,NaN,NaN,NaN,NaN,NaN,NaN
6,NaN,NaN,NaN,NaN,NaN,NaN,NaN,NaN
7,NaN,NaN,NaN,NaN,NaN,NaN,NaN,NaN
8,NaN,NaN,NaN,NaN,NaN,NaN,NaN,NaN
9,NaN,NaN,NaN,NaN,NaN,NaN,NaN,NaN
10,NaN,NaN,NaN,NaN,NaN,NaN,NaN,NaN
11,NaN,NaN,NaN,NaN,NaN,NaN,NaN,NaN
1,NaN,NaN,NaN,NaN,NaN,NaN,NaN,NaN
2,NaN,NaN,NaN,NaN,NaN,NaN,NaN,NaN
3,NaN,NaN,NaN,NaN,NaN,NaN,NaN,NaN
4,NaN,NaN,NaN,NaN,NaN,NaN,NaN,NaN
5,NaN,NaN,NaN,NaN,NaN,NaN,NaN,NaN
6,NaN,NaN,NaN,NaN,NaN,NaN,NaN,NaN
7,NaN,NaN,NaN,NaN,NaN,NaN,NaN,NaN
8,NaN,NaN,NaN,NaN,NaN,NaN,NaN,NaN
9,NaN,NaN,NaN,NaN,NaN,NaN,NaN,NaN
10,NaN,NaN,NaN,NaN,NaN,NaN,NaN,NaN
11,NaN,NaN,NaN,NaN,NaN,NaN,NaN,NaN
1,NaN,NaN,NaN,NaN,NaN,NaN,NaN,NaN
2,NaN,NaN,NaN,NaN,NaN,NaN,NaN,NaN
3,NaN,NaN,NaN,NaN,NaN,NaN,NaN,NaN
4,NaN,NaN,NaN,NaN,NaN,NaN,NaN,NaN
5,NaN,NaN,NaN,NaN,NaN,NaN,NaN,NaN
6,NaN,NaN,NaN,NaN,NaN,NaN,NaN,NaN
7,NaN,NaN,NaN,NaN,NaN,NaN,NaN,NaN
8,NaN,NaN,NaN,NaN,NaN,NaN,NaN,NaN
9,NaN,NaN,NaN,NaN,NaN,NaN,NaN,NaN
10,NaN,NaN,NaN,NaN,NaN,NaN,NaN,NaN
11,NaN,NaN,NaN,NaN,NaN,NaN,NaN,NaN
1,NaN,NaN,NaN,NaN,NaN,NaN,NaN,NaN
2,NaN,NaN,NaN,NaN,NaN,NaN,NaN,NaN
3,NaN,NaN,NaN,NaN,NaN,NaN,NaN,NaN
4,NaN,NaN,NaN,NaN,NaN,NaN,NaN,NaN
5,NaN,NaN,NaN,NaN,NaN,NaN,NaN,NaN
6,NaN,NaN,NaN,NaN,NaN,NaN,NaN,NaN
7,NaN,NaN,NaN,NaN,NaN,NaN,NaN,NaN
8,NaN,NaN,NaN,NaN,NaN,NaN,NaN,NaN
9,NaN,NaN,NaN,NaN,NaN,NaN,NaN,NaN
10,NaN,NaN,NaN,NaN,NaN,NaN,NaN,NaN
11,NaN,NaN,NaN,NaN,NaN,NaN,NaN,NaN
1,NaN,NaN,NaN,NaN,NaN,NaN,NaN,NaN
2,NaN,NaN,NaN,NaN,NaN,NaN,NaN,NaN
3,NaN,NaN,NaN,NaN,NaN,NaN,NaN,NaN
4,NaN,NaN,NaN,NaN,NaN,NaN,NaN,NaN
5,NaN,NaN,NaN,NaN,NaN,NaN,NaN,NaN
6,NaN,NaN,NaN,NaN,NaN,NaN,NaN,NaN
7,NaN,NaN,NaN,NaN,NaN,NaN,NaN,NaN
8,NaN,NaN,NaN,NaN,NaN,NaN,NaN,NaN
9,NaN,NaN,NaN,NaN,NaN,NaN,NaN,NaN
10,NaN,NaN,NaN,NaN,NaN,NaN,NaN,NaN
11,NaN,NaN,NaN,NaN,NaN,NaN,NaN,NaN
1,NaN,NaN,NaN,NaN,NaN,NaN,NaN,NaN
2,NaN,NaN,NaN,NaN,NaN,NaN,NaN,NaN
3,NaN,NaN,NaN,NaN,NaN,NaN,NaN,NaN
4,NaN,NaN,NaN,NaN,NaN,NaN,NaN,NaN
5,NaN,NaN,NaN,NaN,NaN,NaN,NaN,NaN
6,NaN,NaN,NaN,NaN,NaN,NaN,NaN,NaN
7,NaN,NaN,NaN,NaN,NaN,NaN,NaN,NaN
8,NaN,NaN,NaN,NaN,NaN,NaN,NaN,NaN
9,NaN,NaN,NaN,NaN,NaN,NaN,NaN,NaN
10,NaN,NaN,NaN,NaN,NaN,NaN,NaN,NaN
11,NaN,NaN,NaN,NaN,NaN,NaN,NaN,NaN
1,NaN,NaN,NaN,NaN,NaN,NaN,NaN,NaN
2,NaN,NaN,NaN,NaN,NaN,NaN,NaN,NaN
3,NaN,NaN,NaN,NaN,NaN,NaN,NaN,NaN
4,NaN,NaN,NaN,NaN,NaN,NaN,NaN,NaN
5,NaN,NaN,NaN,NaN,NaN,NaN,NaN,NaN
6,NaN,NaN,NaN,NaN,NaN,NaN,NaN,NaN
7,NaN,NaN,NaN,NaN,NaN,NaN,NaN,NaN
8,NaN,NaN,NaN,NaN,NaN,NaN,NaN,NaN
9,NaN,NaN,NaN,NaN,NaN,NaN,NaN,NaN
10,NaN,NaN,NaN,NaN,NaN,NaN,NaN,NaN
11,NaN,NaN,NaN,NaN,NaN,NaN,NaN,NaN
1,NaN,NaN,NaN,NaN,NaN,NaN,NaN,NaN
2,NaN,NaN,NaN,NaN,NaN,NaN,NaN,NaN
3,NaN,NaN,NaN,NaN,NaN,NaN,NaN,NaN
4,NaN,NaN,NaN,NaN,NaN,NaN,NaN,NaN
5,NaN,NaN,NaN,NaN,NaN,NaN,NaN,NaN
6,NaN,NaN,NaN,NaN,NaN,NaN,NaN,NaN
7,NaN,NaN,NaN,NaN,NaN,NaN,NaN,NaN
8,NaN,NaN,NaN,NaN,NaN,NaN,NaN,NaN
9,NaN,NaN,NaN,NaN,NaN,NaN,NaN,NaN
10,NaN,NaN,NaN,NaN,NaN,NaN,NaN,NaN
11,NaN,NaN,NaN,NaN,NaN,NaN,NaN,NaN
1,NaN,NaN,NaN,NaN,NaN,NaN,NaN,NaN
2,NaN,NaN,NaN,NaN,NaN,NaN,NaN,NaN
3,NaN,NaN,NaN,NaN,NaN,NaN,NaN,NaN
4,NaN,NaN,NaN,NaN,NaN,NaN,NaN,NaN
5,NaN,NaN,NaN,NaN,NaN,NaN,NaN,NaN
6,NaN,NaN,NaN,NaN,NaN,NaN,NaN,NaN
7,NaN,NaN,NaN,NaN,NaN,NaN,NaN,NaN
8,NaN,NaN,NaN,NaN,NaN,NaN,NaN,NaN
9,NaN,NaN,NaN,NaN,NaN,NaN,NaN,NaN
10,NaN,NaN,NaN,NaN,NaN,NaN,NaN,NaN
11,NaN,NaN,NaN,NaN,NaN,NaN,NaN,NaN
1,NaN,NaN,NaN,NaN,NaN,NaN,NaN,NaN
2,NaN,NaN,NaN,NaN,NaN,NaN,NaN,NaN
3,NaN,NaN,NaN,NaN,NaN,NaN,NaN,NaN
4,NaN,NaN,NaN,NaN,NaN,NaN,NaN,NaN
5,NaN,NaN,NaN,NaN,NaN,NaN,NaN,NaN
6,NaN,NaN,NaN,NaN,NaN,NaN,NaN,NaN
7,NaN,NaN,NaN,NaN,NaN,NaN,NaN,NaN
8,NaN,NaN,NaN,NaN,NaN,NaN,NaN,NaN
9,NaN,NaN,NaN,NaN,NaN,NaN,NaN,NaN
10,NaN,NaN,NaN,NaN,NaN,NaN,NaN,NaN
11,NaN,NaN,NaN,NaN,NaN,NaN,NaN,NaN
1,NaN,NaN,NaN,NaN,NaN,NaN,NaN,NaN
2,NaN,NaN,NaN,NaN,NaN,NaN,NaN,NaN
3,NaN,NaN,NaN,NaN,NaN,NaN,NaN,NaN
4,NaN,NaN,NaN,NaN,NaN,NaN,NaN,NaN
5,NaN,NaN,NaN,NaN,NaN,NaN,NaN,NaN
6,NaN,NaN,NaN,NaN,NaN,NaN,NaN,NaN
7,NaN,NaN,NaN,NaN,NaN,NaN,NaN,NaN
8,NaN,NaN,NaN,NaN,NaN,NaN,NaN,NaN
9,NaN,NaN,NaN,NaN,NaN,NaN,NaN,NaN
10,NaN,NaN,NaN,NaN,NaN,NaN,NaN,NaN
11,NaN,NaN,NaN,NaN,NaN,NaN,NaN,NaN
1,NaN,NaN,NaN,NaN,NaN,NaN,NaN,NaN
2,NaN,NaN,NaN,NaN,NaN,NaN,NaN,NaN
3,NaN,NaN,NaN,NaN,NaN,NaN,NaN,NaN
4,NaN,NaN,NaN,NaN,NaN,NaN,NaN,NaN
5,NaN,NaN,NaN,NaN,NaN,NaN,NaN,NaN
6,NaN,NaN,NaN,NaN,NaN,NaN,NaN,NaN
7,NaN,NaN,NaN,NaN,NaN,NaN,NaN,NaN
8,NaN,NaN,NaN,NaN,NaN,NaN,NaN,NaN
9,NaN,NaN,NaN,NaN,NaN,NaN,NaN,NaN
10,NaN,NaN,NaN,NaN,NaN,NaN,NaN,NaN
11,NaN,NaN,NaN,NaN,NaN,NaN,NaN,NaN
1,NaN,NaN,NaN,NaN,NaN,NaN,NaN,NaN
2,NaN,NaN,NaN,NaN,NaN,NaN,NaN,NaN
3,NaN,NaN,NaN,NaN,NaN,NaN,NaN,NaN
4,NaN,NaN,NaN,NaN,NaN,NaN,NaN,NaN
5,NaN,NaN,NaN,NaN,NaN,NaN,NaN,NaN
6,NaN,NaN,NaN,NaN,NaN,NaN,NaN,NaN
7,NaN,NaN,NaN,NaN,NaN,NaN,NaN,NaN
8,NaN,NaN,NaN,NaN,NaN,NaN,NaN,NaN
9,NaN,NaN,NaN,NaN,NaN,NaN,NaN,NaN
10,NaN,NaN,NaN,NaN,NaN,NaN,NaN,NaN
11,NaN,NaN,NaN,NaN,NaN,NaN,NaN,NaN
1,NaN,NaN,NaN,NaN,NaN,NaN,NaN,NaN
2,NaN,NaN,NaN,NaN,NaN,NaN,NaN,NaN
3,NaN,NaN,NaN,NaN,NaN,NaN,NaN,NaN
4,NaN,NaN,NaN,NaN,NaN,NaN,NaN,NaN
5,NaN,NaN,NaN,NaN,NaN,NaN,NaN,NaN
6,NaN,NaN,NaN,NaN,NaN,NaN,NaN,NaN
7,NaN,NaN,NaN,NaN,NaN,NaN,NaN,NaN
8,NaN,NaN,NaN,NaN,NaN,NaN,NaN,NaN
9,NaN,NaN,NaN,NaN,NaN,NaN,NaN,NaN
10,NaN,NaN,NaN,NaN,NaN,NaN,NaN,NaN
11,NaN,NaN,NaN,NaN,NaN,NaN,NaN,NaN
1,NaN,NaN,NaN,NaN,NaN,NaN,NaN,NaN
2,NaN,NaN,NaN,NaN,NaN,NaN,NaN,NaN
3,NaN,NaN,NaN,NaN,NaN,NaN,NaN,NaN
4,NaN,NaN,NaN,NaN,NaN,NaN,NaN,NaN
5,NaN,NaN,NaN,NaN,NaN,NaN,NaN,NaN
6,NaN,NaN,NaN,NaN,NaN,NaN,NaN,NaN
7,NaN,NaN,NaN,NaN,NaN,NaN,NaN,NaN
8,NaN,NaN,NaN,NaN,NaN,NaN,NaN,NaN
9,NaN,NaN,NaN,NaN,NaN,NaN,NaN,NaN
10,NaN,NaN,NaN,NaN,NaN,NaN,NaN,NaN
11,NaN,NaN,NaN,NaN,NaN,NaN,NaN,NaN
1,NaN,NaN,NaN,NaN,NaN,NaN,NaN,NaN
2,NaN,NaN,NaN,NaN,NaN,NaN,NaN,NaN
3,NaN,NaN,NaN,NaN,NaN,NaN,NaN,NaN
4,NaN,NaN,NaN,NaN,NaN,NaN,NaN,NaN
5,NaN,NaN,NaN,NaN,NaN,NaN,NaN,NaN
6,NaN,NaN,NaN,NaN,NaN,NaN,NaN,NaN
7,NaN,NaN,NaN,NaN,NaN,NaN,NaN,NaN
8,NaN,NaN,NaN,NaN,NaN,NaN,NaN,NaN
9,NaN,NaN,NaN,NaN,NaN,NaN,NaN,NaN
10,NaN,NaN,NaN,NaN,NaN,NaN,NaN,NaN
11,NaN,NaN,NaN,NaN,NaN,NaN,NaN,NaN
1,NaN,NaN,NaN,NaN,NaN,NaN,NaN,NaN
2,NaN,NaN,NaN,NaN,NaN,NaN,NaN,NaN
3,NaN,NaN,NaN,NaN,NaN,NaN,NaN,NaN
4,NaN,NaN,NaN,NaN,NaN,NaN,NaN,NaN
5,NaN,NaN,NaN,NaN,NaN,NaN,NaN,NaN
6,NaN,NaN,NaN,NaN,NaN,NaN,NaN,NaN
7,NaN,NaN,NaN,NaN,NaN,NaN,NaN,NaN
8,NaN,NaN,NaN,NaN,NaN,NaN,NaN,NaN
9,NaN,NaN,NaN,NaN,NaN,NaN,NaN,NaN
10,NaN,NaN,NaN,NaN,NaN,NaN,NaN,NaN
11,NaN,NaN,NaN,NaN,NaN,NaN,NaN,NaN
1,NaN,NaN,NaN,NaN,NaN,NaN,NaN,NaN
2,NaN,NaN,NaN,NaN,NaN,NaN,NaN,NaN
3,NaN,NaN,NaN,NaN,NaN,NaN,NaN,NaN
4,NaN,NaN,NaN,NaN,NaN,NaN,NaN,NaN
5,NaN,NaN,NaN,NaN,NaN,NaN,NaN,NaN
6,NaN,NaN,NaN,NaN,NaN,NaN,NaN,NaN
7,NaN,NaN,NaN,NaN,NaN,NaN,NaN,NaN
8,NaN,NaN,NaN,NaN,NaN,NaN,NaN,NaN
9,NaN,NaN,NaN,NaN,NaN,NaN,NaN,NaN
10,NaN,NaN,NaN,NaN,NaN,NaN,NaN,NaN
11,NaN,NaN,NaN,NaN,NaN,NaN,NaN,NaN
1,NaN,NaN,NaN,NaN,NaN,NaN,NaN,NaN
2,NaN,NaN,NaN,NaN,NaN,NaN,NaN,NaN
3,NaN,NaN,NaN,NaN,NaN,NaN,NaN,NaN
4,NaN,NaN,NaN,NaN,NaN,NaN,NaN,NaN
5,NaN,NaN,NaN,NaN,NaN,NaN,NaN,NaN
6,NaN,NaN,NaN,NaN,NaN,NaN,NaN,NaN
7,NaN,NaN,NaN,NaN,NaN,NaN,NaN,NaN
8,NaN,NaN,NaN,NaN,NaN,NaN,NaN,NaN
9,NaN,NaN,NaN,NaN,NaN,NaN,NaN,NaN
10,NaN,NaN,NaN,NaN,NaN,NaN,NaN,NaN
11,NaN,NaN,NaN,NaN,NaN,NaN,NaN,NaN
1,NaN,NaN,NaN,NaN,NaN,NaN,NaN,NaN
2,NaN,NaN,NaN,NaN,NaN,NaN,NaN,NaN
3,NaN,NaN,NaN,NaN,NaN,NaN,NaN,NaN
4,NaN,NaN,NaN,NaN,NaN,NaN,NaN,NaN
5,NaN,NaN,NaN,NaN,NaN,NaN,NaN,NaN
6,NaN,NaN,NaN,NaN,NaN,NaN,NaN,NaN
7,NaN,NaN,NaN,NaN,NaN,NaN,NaN,NaN
8,NaN,NaN,NaN,NaN,NaN,NaN,NaN,NaN
9,NaN,NaN,NaN,NaN,NaN,NaN,NaN,NaN
10,NaN,NaN,NaN,NaN,NaN,NaN,NaN,NaN
11,NaN,NaN,NaN,NaN,NaN,NaN,NaN,NaN
1,NaN,NaN,NaN,NaN,NaN,NaN,NaN,NaN
2,NaN,NaN,NaN,NaN,NaN,NaN,NaN,NaN
3,NaN,NaN,NaN,NaN,NaN,NaN,NaN,NaN
4,NaN,NaN,NaN,NaN,NaN,NaN,NaN,NaN
5,NaN,NaN,NaN,NaN,NaN,NaN,NaN,NaN
6,NaN,NaN,NaN,NaN,NaN,NaN,NaN,NaN
7,NaN,NaN,NaN,NaN,NaN,NaN,NaN,NaN
8,NaN,NaN,NaN,NaN,NaN,NaN,NaN,NaN
9,NaN,NaN,NaN,NaN,NaN,NaN,NaN,NaN
10,NaN,NaN,NaN,NaN,NaN,NaN,NaN,NaN
11,NaN,NaN,NaN,NaN,NaN,NaN,NaN,NaN
1,NaN,NaN,NaN,NaN,NaN,NaN,NaN,NaN
2,NaN,NaN,NaN,NaN,NaN,NaN,NaN,NaN
3,NaN,NaN,NaN,NaN,NaN,NaN,NaN,NaN
4,NaN,NaN,NaN,NaN,NaN,NaN,NaN,NaN
5,NaN,NaN,NaN,NaN,NaN,NaN,NaN,NaN
6,NaN,NaN,NaN,NaN,NaN,NaN,NaN,NaN
7,NaN,NaN,NaN,NaN,NaN,NaN,NaN,NaN
8,NaN,NaN,NaN,NaN,NaN,NaN,NaN,NaN
9,NaN,NaN,NaN,NaN,NaN,NaN,NaN,NaN
10,NaN,NaN,NaN,NaN,NaN,NaN,NaN,NaN
11,NaN,NaN,NaN,NaN,NaN,NaN,NaN,NaN
1,NaN,NaN,NaN,NaN,NaN,NaN,NaN,NaN
2,NaN,NaN,NaN,NaN,NaN,NaN,NaN,NaN
3,NaN,NaN,NaN,NaN,NaN,NaN,NaN,NaN
4,NaN,NaN,NaN,NaN,NaN,NaN,NaN,NaN
5,NaN,NaN,NaN,NaN,NaN,NaN,NaN,NaN
6,NaN,NaN,NaN,NaN,NaN,NaN,NaN,NaN
7,NaN,NaN,NaN,NaN,NaN,NaN,NaN,NaN
8,NaN,NaN,NaN,NaN,NaN,NaN,NaN,NaN
9,NaN,NaN,NaN,NaN,NaN,NaN,NaN,NaN
10,NaN,NaN,NaN,NaN,NaN,NaN,NaN,NaN
11,NaN,NaN,NaN,NaN,NaN,NaN,NaN,NaN
1,NaN,NaN,NaN,NaN,NaN,NaN,NaN,NaN
2,NaN,NaN,NaN,NaN,NaN,NaN,NaN,NaN
3,NaN,NaN,NaN,NaN,NaN,NaN,NaN,NaN
4,NaN,NaN,NaN,NaN,NaN,NaN,NaN,NaN
5,NaN,NaN,NaN,NaN,NaN,NaN,NaN,NaN
6,NaN,NaN,NaN,NaN,NaN,NaN,NaN,NaN
7,NaN,NaN,NaN,NaN,NaN,NaN,NaN,NaN
8,NaN,NaN,NaN,NaN,NaN,NaN,NaN,NaN
9,NaN,NaN,NaN,NaN,NaN,NaN,NaN,NaN
10,NaN,NaN,NaN,NaN,NaN,NaN,NaN,NaN
11,NaN,NaN,NaN,NaN,NaN,NaN,NaN,NaN
1,NaN,NaN,NaN,NaN,NaN,NaN,NaN,NaN
2,NaN,NaN,NaN,NaN,NaN,NaN,NaN,NaN
3,NaN,NaN,NaN,NaN,NaN,NaN,NaN,NaN
4,NaN,NaN,NaN,NaN,NaN,NaN,NaN,NaN
5,NaN,NaN,NaN,NaN,NaN,NaN,NaN,NaN
6,NaN,NaN,NaN,NaN,NaN,NaN,NaN,NaN
7,NaN,NaN,NaN,NaN,NaN,NaN,NaN,NaN
8,NaN,NaN,NaN,NaN,NaN,NaN,NaN,NaN
9,NaN,NaN,NaN,NaN,NaN,NaN,NaN,NaN
10,NaN,NaN,NaN,NaN,NaN,NaN,NaN,NaN
11,NaN,NaN,NaN,NaN,NaN,NaN,NaN,NaN
1,NaN,NaN,NaN,NaN,NaN,NaN,NaN,NaN
2,NaN,NaN,NaN,NaN,NaN,NaN,NaN,NaN
3,NaN,NaN,NaN,NaN,NaN,NaN,NaN,NaN
4,NaN,NaN,NaN,NaN,NaN,NaN,NaN,NaN
5,NaN,NaN,NaN,NaN,NaN,NaN,NaN,NaN
6,NaN,NaN,NaN,NaN,NaN,NaN,NaN,NaN
7,NaN,NaN,NaN,NaN,NaN,NaN,NaN,NaN
8,NaN,NaN,NaN,NaN,NaN,NaN,NaN,NaN
9,NaN,NaN,NaN,NaN,NaN,NaN,NaN,NaN
10,NaN,NaN,NaN,NaN,NaN,NaN,NaN,NaN
11,NaN,NaN,NaN,NaN,NaN,NaN,NaN,NaN
1,NaN,NaN,NaN,NaN,NaN,NaN,NaN,NaN
2,NaN,NaN,NaN,NaN,NaN,NaN,NaN,NaN
3,NaN,NaN,NaN,NaN,NaN,NaN,NaN,NaN
4,NaN,NaN,NaN,NaN,NaN,NaN,NaN,NaN
5,NaN,NaN,NaN,NaN,NaN,NaN,NaN,NaN
6,NaN,NaN,NaN,NaN,NaN,NaN,NaN,NaN
7,NaN,NaN,NaN,NaN,NaN,NaN,NaN,NaN
8,NaN,NaN,NaN,NaN,NaN,NaN,NaN,NaN
9,NaN,NaN,NaN,NaN,NaN,NaN,NaN,NaN
10,NaN,NaN,NaN,NaN,NaN,NaN,NaN,NaN
11,NaN,NaN,NaN,NaN,NaN,NaN,NaN,NaN
1,NaN,NaN,NaN,NaN,NaN,NaN,NaN,NaN
2,NaN,NaN,NaN,NaN,NaN,NaN,NaN,NaN
3,NaN,NaN,NaN,NaN,NaN,NaN,NaN,NaN
4,NaN,NaN,NaN,NaN,NaN,NaN,NaN,NaN
5,NaN,NaN,NaN,NaN,NaN,NaN,NaN,NaN
6,NaN,NaN,NaN,NaN,NaN,NaN,NaN,NaN
7,NaN,NaN,NaN,NaN,NaN,NaN,NaN,NaN
8,NaN,NaN,NaN,NaN,NaN,NaN,NaN,NaN
9,NaN,NaN,NaN,NaN,NaN,NaN,NaN,NaN
10,NaN,NaN,NaN,NaN,NaN,NaN,NaN,NaN
11,NaN,NaN,NaN,NaN,NaN,NaN,NaN,NaN
1,NaN,NaN,NaN,NaN,NaN,NaN,NaN,NaN
2,NaN,NaN,NaN,NaN,NaN,NaN,NaN,NaN
3,NaN,NaN,NaN,NaN,NaN,NaN,NaN,NaN
4,NaN,NaN,NaN,NaN,NaN,NaN,NaN,NaN
5,NaN,NaN,NaN,NaN,NaN,NaN,NaN,NaN
6,NaN,NaN,NaN,NaN,NaN,NaN,NaN,NaN
7,NaN,NaN,NaN,NaN,NaN,NaN,NaN,NaN
8,NaN,NaN,NaN,NaN,NaN,NaN,NaN,NaN
9,NaN,NaN,NaN,NaN,NaN,NaN,NaN,NaN
10,NaN,NaN,NaN,NaN,NaN,NaN,NaN,NaN
11,NaN,NaN,NaN,NaN,NaN,NaN,NaN,NaN
1,NaN,NaN,NaN,NaN,NaN,NaN,NaN,NaN
2,NaN,NaN,NaN,NaN,NaN,NaN,NaN,NaN
3,NaN,NaN,NaN,NaN,NaN,NaN,NaN,NaN
4,NaN,NaN,NaN,NaN,NaN,NaN,NaN,NaN
5,NaN,NaN,NaN,NaN,NaN,NaN,NaN,NaN
6,NaN,NaN,NaN,NaN,NaN,NaN,NaN,NaN
7,NaN,NaN,NaN,NaN,NaN,NaN,NaN,NaN
8,NaN,NaN,NaN,NaN,NaN,NaN,NaN,NaN
9,NaN,NaN,NaN,NaN,NaN,NaN,NaN,NaN
10,NaN,NaN,NaN,NaN,NaN,NaN,NaN,NaN
11,NaN,NaN,NaN,NaN,NaN,NaN,NaN,NaN
1,NaN,NaN,NaN,NaN,NaN,NaN,NaN,NaN
2,NaN,NaN,NaN,NaN,NaN,NaN,NaN,NaN
3,NaN,NaN,NaN,NaN,NaN,NaN,NaN,NaN
4,NaN,NaN,NaN,NaN,NaN,NaN,NaN,NaN
5,NaN,NaN,NaN,NaN,NaN,NaN,NaN,NaN
6,NaN,NaN,NaN,NaN,NaN,NaN,NaN,NaN
7,NaN,NaN,NaN,NaN,NaN,NaN,NaN,NaN
8,NaN,NaN,NaN,NaN,NaN,NaN,NaN,NaN
9,NaN,NaN,NaN,NaN,NaN,NaN,NaN,NaN
10,NaN,NaN,NaN,NaN,NaN,NaN,NaN,NaN
11,NaN,NaN,NaN,NaN,NaN,NaN,NaN,NaN
1,NaN,NaN,NaN,NaN,NaN,NaN,NaN,NaN
2,NaN,NaN,NaN,NaN,NaN,NaN,NaN,NaN
3,NaN,NaN,NaN,NaN,NaN,NaN,NaN,NaN
4,NaN,NaN,NaN,NaN,NaN,NaN,NaN,NaN
5,NaN,NaN,NaN,NaN,NaN,NaN,NaN,NaN
6,NaN,NaN,NaN,NaN,NaN,NaN,NaN,NaN
7,NaN,NaN,NaN,NaN,NaN,NaN,NaN,NaN
8,NaN,NaN,NaN,NaN,NaN,NaN,NaN,NaN
9,NaN,NaN,NaN,NaN,NaN,NaN,NaN,NaN
10,NaN,NaN,NaN,NaN,NaN,NaN,NaN,NaN
11,NaN,NaN,NaN,NaN,NaN,NaN,NaN,NaN
1,NaN,NaN,NaN,NaN,NaN,NaN,NaN,NaN
2,NaN,NaN,NaN,NaN,NaN,NaN,NaN,NaN
3,NaN,NaN,NaN,NaN,NaN,NaN,NaN,NaN
4,NaN,NaN,NaN,NaN,NaN,NaN,NaN,NaN
5,NaN,NaN,NaN,NaN,NaN,NaN,NaN,NaN
6,NaN,NaN,NaN,NaN,NaN,NaN,NaN,NaN
7,NaN,NaN,NaN,NaN,NaN,NaN,NaN,NaN
8,NaN,NaN,NaN,NaN,NaN,NaN,NaN,NaN
9,NaN,NaN,NaN,NaN,NaN,NaN,NaN,NaN
10,NaN,NaN,NaN,NaN,NaN,NaN,NaN,NaN
11,NaN,NaN,NaN,NaN,NaN,NaN,NaN,NaN
1,NaN,NaN,NaN,NaN,NaN,NaN,NaN,NaN
2,NaN,NaN,NaN,NaN,NaN,NaN,NaN,NaN
3,NaN,NaN,NaN,NaN,NaN,NaN,NaN,NaN
4,NaN,NaN,NaN,NaN,NaN,NaN,NaN,NaN
5,NaN,NaN,NaN,NaN,NaN,NaN,NaN,NaN
6,NaN,NaN,NaN,NaN,NaN,NaN,NaN,NaN
7,NaN,NaN,NaN,NaN,NaN,NaN,NaN,NaN
8,NaN,NaN,NaN,NaN,NaN,NaN,NaN,NaN
9,NaN,NaN,NaN,NaN,NaN,NaN,NaN,NaN
10,NaN,NaN,NaN,NaN,NaN,NaN,NaN,NaN
11,NaN,NaN,NaN,NaN,NaN,NaN,NaN,NaN
1,NaN,NaN,NaN,NaN,NaN,NaN,NaN,NaN
2,NaN,NaN,NaN,NaN,NaN,NaN,NaN,NaN
3,NaN,NaN,NaN,NaN,NaN,NaN,NaN,NaN
4,NaN,NaN,NaN,NaN,NaN,NaN,NaN,NaN
5,NaN,NaN,NaN,NaN,NaN,NaN,NaN,NaN
6,NaN,NaN,NaN,NaN,NaN,NaN,NaN,NaN
7,NaN,NaN,NaN,NaN,NaN,NaN,NaN,NaN
8,NaN,NaN,NaN,NaN,NaN,NaN,NaN,NaN
9,NaN,NaN,NaN,NaN,NaN,NaN,NaN,NaN
10,NaN,NaN,NaN,NaN,NaN,NaN,NaN,NaN
11,NaN,NaN,NaN,NaN,NaN,NaN,NaN,NaN
1,NaN,NaN,NaN,NaN,NaN,NaN,NaN,NaN
2,NaN,NaN,NaN,NaN,NaN,NaN,NaN,NaN
3,NaN,NaN,NaN,NaN,NaN,NaN,NaN,NaN
4,NaN,NaN,NaN,NaN,NaN,NaN,NaN,NaN
5,NaN,NaN,NaN,NaN,NaN,NaN,NaN,NaN
6,NaN,NaN,NaN,NaN,NaN,NaN,NaN,NaN
7,NaN,NaN,NaN,NaN,NaN,NaN,NaN,NaN
8,NaN,NaN,NaN,NaN,NaN,NaN,NaN,NaN
9,NaN,NaN,NaN,NaN,NaN,NaN,NaN,NaN
10,NaN,NaN,NaN,NaN,NaN,NaN,NaN,NaN
11,NaN,NaN,NaN,NaN,NaN,NaN,NaN,NaN
1,NaN,NaN,NaN,NaN,NaN,NaN,NaN,NaN
2,NaN,NaN,NaN,NaN,NaN,NaN,NaN,NaN
3,NaN,NaN,NaN,NaN,NaN,NaN,NaN,NaN
4,NaN,NaN,NaN,NaN,NaN,NaN,NaN,NaN
5,NaN,NaN,NaN,NaN,NaN,NaN,NaN,NaN
6,NaN,NaN,NaN,NaN,NaN,NaN,NaN,NaN
7,NaN,NaN,NaN,NaN,NaN,NaN,NaN,NaN
8,NaN,NaN,NaN,NaN,NaN,NaN,NaN,NaN
9,NaN,NaN,NaN,NaN,NaN,NaN,NaN,NaN
10,NaN,NaN,NaN,NaN,NaN,NaN,NaN,NaN
11,NaN,NaN,NaN,NaN,NaN,NaN,NaN,NaN
1,NaN,NaN,NaN,NaN,NaN,NaN,NaN,NaN
2,NaN,NaN,NaN,NaN,NaN,NaN,NaN,NaN
3,NaN,NaN,NaN,NaN,NaN,NaN,NaN,NaN
4,NaN,NaN,NaN,NaN,NaN,NaN,NaN,NaN
5,NaN,NaN,NaN,NaN,NaN,NaN,NaN,NaN
6,NaN,NaN,NaN,NaN,NaN,NaN,NaN,NaN
7,NaN,NaN,NaN,NaN,NaN,NaN,NaN,NaN
8,NaN,NaN,NaN,NaN,NaN,NaN,NaN,NaN
9,NaN,NaN,NaN,NaN,NaN,NaN,NaN,NaN
10,NaN,NaN,NaN,NaN,NaN,NaN,NaN,NaN
11,NaN,NaN,NaN,NaN,NaN,NaN,NaN,NaN
1,NaN,NaN,NaN,NaN,NaN,NaN,NaN,NaN
2,NaN,NaN,NaN,NaN,NaN,NaN,NaN,NaN
3,NaN,NaN,NaN,NaN,NaN,NaN,NaN,NaN
4,NaN,NaN,NaN,NaN,NaN,NaN,NaN,NaN
5,NaN,NaN,NaN,NaN,NaN,NaN,NaN,NaN
6,NaN,NaN,NaN,NaN,NaN,NaN,NaN,NaN
7,NaN,NaN,NaN,NaN,NaN,NaN,NaN,NaN
8,NaN,NaN,NaN,NaN,NaN,NaN,NaN,NaN
9,NaN,NaN,NaN,NaN,NaN,NaN,NaN,NaN
10,NaN,NaN,NaN,NaN,NaN,NaN,NaN,NaN
11,NaN,NaN,NaN,NaN,NaN,NaN,NaN,NaN
1,NaN,NaN,NaN,NaN,NaN,NaN,NaN,NaN
2,NaN,NaN,NaN,NaN,NaN,NaN,NaN,NaN
3,NaN,NaN,NaN,NaN,NaN,NaN,NaN,NaN
4,NaN,NaN,NaN,NaN,NaN,NaN,NaN,NaN
5,NaN,NaN,NaN,NaN,NaN,NaN,NaN,NaN
6,NaN,NaN,NaN,NaN,NaN,NaN,NaN,NaN
7,NaN,NaN,NaN,NaN,NaN,NaN,NaN,NaN
8,NaN,NaN,NaN,NaN,NaN,NaN,NaN,NaN
9,NaN,NaN,NaN,NaN,NaN,NaN,NaN,NaN
10,NaN,NaN,NaN,NaN,NaN,NaN,NaN,NaN
11,NaN,NaN,NaN,NaN,NaN,NaN,NaN,NaN
1,NaN,NaN,NaN,NaN,NaN,NaN,NaN,NaN
2,NaN,NaN,NaN,NaN,NaN,NaN,NaN,NaN
3,NaN,NaN,NaN,NaN,NaN,NaN,NaN,NaN
4,NaN,NaN,NaN,NaN,NaN,NaN,NaN,NaN
5,NaN,NaN,NaN,NaN,NaN,NaN,NaN,NaN
6,NaN,NaN,NaN,NaN,NaN,NaN,NaN,NaN
7,NaN,NaN,NaN,NaN,NaN,NaN,NaN,NaN
8,NaN,NaN,NaN,NaN,NaN,NaN,NaN,NaN
9,NaN,NaN,NaN,NaN,NaN,NaN,NaN,NaN
10,NaN,NaN,NaN,NaN,NaN,NaN,NaN,NaN
11,NaN,NaN,NaN,NaN,NaN,NaN,NaN,NaN
1,NaN,NaN,NaN,NaN,NaN,NaN,NaN,NaN
2,NaN,NaN,NaN,NaN,NaN,NaN,NaN,NaN
3,NaN,NaN,NaN,NaN,NaN,NaN,NaN,NaN
4,NaN,NaN,NaN,NaN,NaN,NaN,NaN,NaN
5,NaN,NaN,NaN,NaN,NaN,NaN,NaN,NaN
6,NaN,NaN,NaN,NaN,NaN,NaN,NaN,NaN
7,NaN,NaN,NaN,NaN,NaN,NaN,NaN,NaN
8,NaN,NaN,NaN,NaN,NaN,NaN,NaN,NaN
9,NaN,NaN,NaN,NaN,NaN,NaN,NaN,NaN
10,NaN,NaN,NaN,NaN,NaN,NaN,NaN,NaN
11,NaN,NaN,NaN,NaN,NaN,NaN,NaN,NaN
1,NaN,NaN,NaN,NaN,NaN,NaN,NaN,NaN
2,NaN,NaN,NaN,NaN,NaN,NaN,NaN,NaN
3,NaN,NaN,NaN,NaN,NaN,NaN,NaN,NaN
4,NaN,NaN,NaN,NaN,NaN,NaN,NaN,NaN
5,NaN,NaN,NaN,NaN,NaN,NaN,NaN,NaN
6,NaN,NaN,NaN,NaN,NaN,NaN,NaN,NaN
7,NaN,NaN,NaN,NaN,NaN,NaN,NaN,NaN
8,NaN,NaN,NaN,NaN,NaN,NaN,NaN,NaN
9,NaN,NaN,NaN,NaN,NaN,NaN,NaN,NaN
10,NaN,NaN,NaN,NaN,NaN,NaN,NaN,NaN
11,NaN,NaN,NaN,NaN,NaN,NaN,NaN,NaN
1,NaN,NaN,NaN,NaN,NaN,NaN,NaN,NaN
2,NaN,NaN,NaN,NaN,NaN,NaN,NaN,NaN
3,NaN,NaN,NaN,NaN,NaN,NaN,NaN,NaN
4,NaN,NaN,NaN,NaN,NaN,NaN,NaN,NaN
5,NaN,NaN,NaN,NaN,NaN,NaN,NaN,NaN
6,NaN,NaN,NaN,NaN,NaN,NaN,NaN,NaN
7,NaN,NaN,NaN,NaN,NaN,NaN,NaN,NaN
8,NaN,NaN,NaN,NaN,NaN,NaN,NaN,NaN
9,NaN,NaN,NaN,NaN,NaN,NaN,NaN,NaN
10,NaN,NaN,NaN,NaN,NaN,NaN,NaN,NaN
11,NaN,NaN,NaN,NaN,NaN,NaN,NaN,NaN
1,NaN,NaN,NaN,NaN,NaN,NaN,NaN,NaN
2,NaN,NaN,NaN,NaN,NaN,NaN,NaN,NaN
3,NaN,NaN,NaN,NaN,NaN,NaN,NaN,NaN
4,NaN,NaN,NaN,NaN,NaN,NaN,NaN,NaN
5,NaN,NaN,NaN,NaN,NaN,NaN,NaN,NaN
6,NaN,NaN,NaN,NaN,NaN,NaN,NaN,NaN
7,NaN,NaN,NaN,NaN,NaN,NaN,NaN,NaN
8,NaN,NaN,NaN,NaN,NaN,NaN,NaN,NaN
9,NaN,NaN,NaN,NaN,NaN,NaN,NaN,NaN
10,NaN,NaN,NaN,NaN,NaN,NaN,NaN,NaN
11,NaN,NaN,NaN,NaN,NaN,NaN,NaN,NaN
1,NaN,NaN,NaN,NaN,NaN,NaN,NaN,NaN
2,NaN,NaN,NaN,NaN,NaN,NaN,NaN,NaN
3,NaN,NaN,NaN,NaN,NaN,NaN,NaN,NaN
4,NaN,NaN,NaN,NaN,NaN,NaN,NaN,NaN
5,NaN,NaN,NaN,NaN,NaN,NaN,NaN,NaN
6,NaN,NaN,NaN,NaN,NaN,NaN,NaN,NaN
7,NaN,NaN,NaN,NaN,NaN,NaN,NaN,NaN
8,NaN,NaN,NaN,NaN,NaN,NaN,NaN,NaN
9,NaN,NaN,NaN,NaN,NaN,NaN,NaN,NaN
10,NaN,NaN,NaN,NaN,NaN,NaN,NaN,NaN
11,NaN,NaN,NaN,NaN,NaN,NaN,NaN,NaN
1,NaN,NaN,NaN,NaN,NaN,NaN,NaN,NaN
2,NaN,NaN,NaN,NaN,NaN,NaN,NaN,NaN
3,NaN,NaN,NaN,NaN,NaN,NaN,NaN,NaN
4,NaN,NaN,NaN,NaN,NaN,NaN,NaN,NaN
5,NaN,NaN,NaN,NaN,NaN,NaN,NaN,NaN
6,NaN,NaN,NaN,NaN,NaN,NaN,NaN,NaN
7,NaN,NaN,NaN,NaN,NaN,NaN,NaN,NaN
8,NaN,NaN,NaN,NaN,NaN,NaN,NaN,NaN
9,NaN,NaN,NaN,NaN,NaN,NaN,NaN,NaN
10,NaN,NaN,NaN,NaN,NaN,NaN,NaN,NaN
11,NaN,NaN,NaN,NaN,NaN,NaN,NaN,NaN
1,NaN,NaN,NaN,NaN,NaN,NaN,NaN,NaN
2,NaN,NaN,NaN,NaN,NaN,NaN,NaN,NaN
3,NaN,NaN,NaN,NaN,NaN,NaN,NaN,NaN
4,NaN,NaN,NaN,NaN,NaN,NaN,NaN,NaN
5,NaN,NaN,NaN,NaN,NaN,NaN,NaN,NaN
6,NaN,NaN,NaN,NaN,NaN,NaN,NaN,NaN
7,NaN,NaN,NaN,NaN,NaN,NaN,NaN,NaN
8,NaN,NaN,NaN,NaN,NaN,NaN,NaN,NaN
9,NaN,NaN,NaN,NaN,NaN,NaN,NaN,NaN
10,NaN,NaN,NaN,NaN,NaN,NaN,NaN,NaN
11,NaN,NaN,NaN,NaN,NaN,NaN,NaN,NaN
1,NaN,NaN,NaN,NaN,NaN,NaN,NaN,NaN
2,NaN,NaN,NaN,NaN,NaN,NaN,NaN,NaN
3,NaN,NaN,NaN,NaN,NaN,NaN,NaN,NaN
4,NaN,NaN,NaN,NaN,NaN,NaN,NaN,NaN
5,NaN,NaN,NaN,NaN,NaN,NaN,NaN,NaN
6,NaN,NaN,NaN,NaN,NaN,NaN,NaN,NaN
7,NaN,NaN,NaN,NaN,NaN,NaN,NaN,NaN
8,NaN,NaN,NaN,NaN,NaN,NaN,NaN,NaN
9,NaN,NaN,NaN,NaN,NaN,NaN,NaN,NaN
10,NaN,NaN,NaN,NaN,NaN,NaN,NaN,NaN
11,NaN,NaN,NaN,NaN,NaN,NaN,NaN,NaN
1,NaN,NaN,NaN,NaN,NaN,NaN,NaN,NaN
2,NaN,NaN,NaN,NaN,NaN,NaN,NaN,NaN
3,NaN,NaN,NaN,NaN,NaN,NaN,NaN,NaN
4,NaN,NaN,NaN,NaN,NaN,NaN,NaN,NaN
5,NaN,NaN,NaN,NaN,NaN,NaN,NaN,NaN
6,NaN,NaN,NaN,NaN,NaN,NaN,NaN,NaN
7,NaN,NaN,NaN,NaN,NaN,NaN,NaN,NaN
8,NaN,NaN,NaN,NaN,NaN,NaN,NaN,NaN
9,NaN,NaN,NaN,NaN,NaN,NaN,NaN,NaN
10,NaN,NaN,NaN,NaN,NaN,NaN,NaN,NaN
11,NaN,NaN,NaN,NaN,NaN,NaN,NaN,NaN
1,NaN,NaN,NaN,NaN,NaN,NaN,NaN,NaN
2,NaN,NaN,NaN,NaN,NaN,NaN,NaN,NaN
3,NaN,NaN,NaN,NaN,NaN,NaN,NaN,NaN
4,NaN,NaN,NaN,NaN,NaN,NaN,NaN,NaN
5,NaN,NaN,NaN,NaN,NaN,NaN,NaN,NaN
6,NaN,NaN,NaN,NaN,NaN,NaN,NaN,NaN
7,NaN,NaN,NaN,NaN,NaN,NaN,NaN,NaN
8,NaN,NaN,NaN,NaN,NaN,NaN,NaN,NaN
9,NaN,NaN,NaN,NaN,NaN,NaN,NaN,NaN
10,NaN,NaN,NaN,NaN,NaN,NaN,NaN,NaN
11,NaN,NaN,NaN,NaN,NaN,NaN,NaN,NaN
1,NaN,NaN,NaN,NaN,NaN,NaN,NaN,NaN
2,NaN,NaN,NaN,NaN,NaN,NaN,NaN,NaN
3,NaN,NaN,NaN,NaN,NaN,NaN,NaN,NaN
4,NaN,NaN,NaN,NaN,NaN,NaN,NaN,NaN
5,NaN,NaN,NaN,NaN,NaN,NaN,NaN,NaN
6,NaN,NaN,NaN,NaN,NaN,NaN,NaN,NaN
7,NaN,NaN,NaN,NaN,NaN,NaN,NaN,NaN
8,NaN,NaN,NaN,NaN,NaN,NaN,NaN,NaN
9,NaN,NaN,NaN,NaN,NaN,NaN,NaN,NaN
10,NaN,NaN,NaN,NaN,NaN,NaN,NaN,NaN
11,NaN,NaN,NaN,NaN,NaN,NaN,NaN,NaN
1,NaN,NaN,NaN,NaN,NaN,NaN,NaN,NaN
2,NaN,NaN,NaN,NaN,NaN,NaN,NaN,NaN
3,NaN,NaN,NaN,NaN,NaN,NaN,NaN,NaN
4,NaN,NaN,NaN,NaN,NaN,NaN,NaN,NaN
5,NaN,NaN,NaN,NaN,NaN,NaN,NaN,NaN
6,NaN,NaN,NaN,NaN,NaN,NaN,NaN,NaN
7,NaN,NaN,NaN,NaN,NaN,NaN,NaN,NaN
8,NaN,NaN,NaN,NaN,NaN,NaN,NaN,NaN
9,NaN,NaN,NaN,NaN,NaN,NaN,NaN,NaN
10,NaN,NaN,NaN,NaN,NaN,NaN,NaN,NaN
11,NaN,NaN,NaN,NaN,NaN,NaN,NaN,NaN
1,NaN,NaN,NaN,NaN,NaN,NaN,NaN,NaN
2,NaN,NaN,NaN,NaN,NaN,NaN,NaN,NaN
3,NaN,NaN,NaN,NaN,NaN,NaN,NaN,NaN
4,NaN,NaN,NaN,NaN,NaN,NaN,NaN,NaN
5,NaN,NaN,NaN,NaN,NaN,NaN,NaN,NaN
6,NaN,NaN,NaN,NaN,NaN,NaN,NaN,NaN
7,NaN,NaN,NaN,NaN,NaN,NaN,NaN,NaN
8,NaN,NaN,NaN,NaN,NaN,NaN,NaN,NaN
9,NaN,NaN,NaN,NaN,NaN,NaN,NaN,NaN
10,NaN,NaN,NaN,NaN,NaN,NaN,NaN,NaN
11,NaN,NaN,NaN,NaN,NaN,NaN,NaN,NaN
1,NaN,NaN,NaN,NaN,NaN,NaN,NaN,NaN
2,NaN,NaN,NaN,NaN,NaN,NaN,NaN,NaN
3,NaN,NaN,NaN,NaN,NaN,NaN,NaN,NaN
4,NaN,NaN,NaN,NaN,NaN,NaN,NaN,NaN
5,NaN,NaN,NaN,NaN,NaN,NaN,NaN,NaN
6,NaN,NaN,NaN,NaN,NaN,NaN,NaN,NaN
7,NaN,NaN,NaN,NaN,NaN,NaN,NaN,NaN
8,NaN,NaN,NaN,NaN,NaN,NaN,NaN,NaN
9,NaN,NaN,NaN,NaN,NaN,NaN,NaN,NaN
10,NaN,NaN,NaN,NaN,NaN,NaN,NaN,NaN
11,NaN,NaN,NaN,NaN,NaN,NaN,NaN,NaN
1,NaN,NaN,NaN,NaN,NaN,NaN,NaN,NaN
2,NaN,NaN,NaN,NaN,NaN,NaN,NaN,NaN
3,NaN,NaN,NaN,NaN,NaN,NaN,NaN,NaN
4,NaN,NaN,NaN,NaN,NaN,NaN,NaN,NaN
5,NaN,NaN,NaN,NaN,NaN,NaN,NaN,NaN
6,NaN,NaN,NaN,NaN,NaN,NaN,NaN,NaN
7,NaN,NaN,NaN,NaN,NaN,NaN,NaN,NaN
8,NaN,NaN,NaN,NaN,NaN,NaN,NaN,NaN
9,NaN,NaN,NaN,NaN,NaN,NaN,NaN,NaN
10,NaN,NaN,NaN,NaN,NaN,NaN,NaN,NaN
11,NaN,NaN,NaN,NaN,NaN,NaN,NaN,NaN
1,NaN,NaN,NaN,NaN,NaN,NaN,NaN,NaN
2,NaN,NaN,NaN,NaN,NaN,NaN,NaN,NaN
3,NaN,NaN,NaN,NaN,NaN,NaN,NaN,NaN
4,NaN,NaN,NaN,NaN,NaN,NaN,NaN,NaN
5,NaN,NaN,NaN,NaN,NaN,NaN,NaN,NaN
6,NaN,NaN,NaN,NaN,NaN,NaN,NaN,NaN
7,NaN,NaN,NaN,NaN,NaN,NaN,NaN,NaN
8,NaN,NaN,NaN,NaN,NaN,NaN,NaN,NaN
9,NaN,NaN,NaN,NaN,NaN,NaN,NaN,NaN
10,NaN,NaN,NaN,NaN,NaN,NaN,NaN,NaN
11,NaN,NaN,NaN,NaN,NaN,NaN,NaN,NaN
1,NaN,NaN,NaN,NaN,NaN,NaN,NaN,NaN
2,NaN,NaN,NaN,NaN,NaN,NaN,NaN,NaN
3,NaN,NaN,NaN,NaN,NaN,NaN,NaN,NaN
4,NaN,NaN,NaN,NaN,NaN,NaN,NaN,NaN
5,NaN,NaN,NaN,NaN,NaN,NaN,NaN,NaN
6,NaN,NaN,NaN,NaN,NaN,NaN,NaN,NaN
7,NaN,NaN,NaN,NaN,NaN,NaN,NaN,NaN
8,NaN,NaN,NaN,NaN,NaN,NaN,NaN,NaN
9,NaN,NaN,NaN,NaN,NaN,NaN,NaN,NaN
10,NaN,NaN,NaN,NaN,NaN,NaN,NaN,NaN
11,NaN,NaN,NaN,NaN,NaN,NaN,NaN,NaN
1,NaN,NaN,NaN,NaN,NaN,NaN,NaN,NaN
2,NaN,NaN,NaN,NaN,NaN,NaN,NaN,NaN
3,NaN,NaN,NaN,NaN,NaN,NaN,NaN,NaN
4,NaN,NaN,NaN,NaN,NaN,NaN,NaN,NaN
5,NaN,NaN,NaN,NaN,NaN,NaN,NaN,NaN
6,NaN,NaN,NaN,NaN,NaN,NaN,NaN,NaN
7,NaN,NaN,NaN,NaN,NaN,NaN,NaN,NaN
8,NaN,NaN,NaN,NaN,NaN,NaN,NaN,NaN
9,NaN,NaN,NaN,NaN,NaN,NaN,NaN,NaN
10,NaN,NaN,NaN,NaN,NaN,NaN,NaN,NaN
11,NaN,NaN,NaN,NaN,NaN,NaN,NaN,NaN
1,NaN,NaN,NaN,NaN,NaN,NaN,NaN,NaN
2,NaN,NaN,NaN,NaN,NaN,NaN,NaN,NaN
3,NaN,NaN,NaN,NaN,NaN,NaN,NaN,NaN
4,NaN,NaN,NaN,NaN,NaN,NaN,NaN,NaN
5,NaN,NaN,NaN,NaN,NaN,NaN,NaN,NaN
6,NaN,NaN,NaN,NaN,NaN,NaN,NaN,NaN
7,NaN,NaN,NaN,NaN,NaN,NaN,NaN,NaN
8,NaN,NaN,NaN,NaN,NaN,NaN,NaN,NaN
9,NaN,NaN,NaN,NaN,NaN,NaN,NaN,NaN
10,NaN,NaN,NaN,NaN,NaN,NaN,NaN,NaN
11,NaN,NaN,NaN,NaN,NaN,NaN,NaN,NaN
1,NaN,NaN,NaN,NaN,NaN,NaN,NaN,NaN
2,NaN,NaN,NaN,NaN,NaN,NaN,NaN,NaN
3,NaN,NaN,NaN,NaN,NaN,NaN,NaN,NaN
4,NaN,NaN,NaN,NaN,NaN,NaN,NaN,NaN
5,NaN,NaN,NaN,NaN,NaN,NaN,NaN,NaN
6,NaN,NaN,NaN,NaN,NaN,NaN,NaN,NaN
7,NaN,NaN,NaN,NaN,NaN,NaN,NaN,NaN
8,NaN,NaN,NaN,NaN,NaN,NaN,NaN,NaN
9,NaN,NaN,NaN,NaN,NaN,NaN,NaN,NaN
10,NaN,NaN,NaN,NaN,NaN,NaN,NaN,NaN
11,NaN,NaN,NaN,NaN,NaN,NaN,NaN,NaN
1,NaN,NaN,NaN,NaN,NaN,NaN,NaN,NaN
2,NaN,NaN,NaN,NaN,NaN,NaN,NaN,NaN
3,NaN,NaN,NaN,NaN,NaN,NaN,NaN,NaN
4,NaN,NaN,NaN,NaN,NaN,NaN,NaN,NaN
5,NaN,NaN,NaN,NaN,NaN,NaN,NaN,NaN
6,NaN,NaN,NaN,NaN,NaN,NaN,NaN,NaN
7,NaN,NaN,NaN,NaN,NaN,NaN,NaN,NaN
8,NaN,NaN,NaN,NaN,NaN,NaN,NaN,NaN
9,NaN,NaN,NaN,NaN,NaN,NaN,NaN,NaN
10,NaN,NaN,NaN,NaN,NaN,NaN,NaN,NaN
11,NaN,NaN,NaN,NaN,NaN,NaN,NaN,NaN
1,NaN,NaN,NaN,NaN,NaN,NaN,NaN,NaN
2,NaN,NaN,NaN,NaN,NaN,NaN,NaN,NaN
3,NaN,NaN,NaN,NaN,NaN,NaN,NaN,NaN
4,NaN,NaN,NaN,NaN,NaN,NaN,NaN,NaN
5,NaN,NaN,NaN,NaN,NaN,NaN,NaN,NaN
6,NaN,NaN,NaN,NaN,NaN,NaN,NaN,NaN
7,NaN,NaN,NaN,NaN,NaN,NaN,NaN,NaN
8,NaN,NaN,NaN,NaN,NaN,NaN,NaN,NaN
9,NaN,NaN,NaN,NaN,NaN,NaN,NaN,NaN
10,NaN,NaN,NaN,NaN,NaN,NaN,NaN,NaN
11,NaN,NaN,NaN,NaN,NaN,NaN,NaN,NaN
1,NaN,NaN,NaN,NaN,NaN,NaN,NaN,NaN
2,NaN,NaN,NaN,NaN,NaN,NaN,NaN,NaN
3,NaN,NaN,NaN,NaN,NaN,NaN,NaN,NaN
4,NaN,NaN,NaN,NaN,NaN,NaN,NaN,NaN
5,NaN,NaN,NaN,NaN,NaN,NaN,NaN,NaN
6,NaN,NaN,NaN,NaN,NaN,NaN,NaN,NaN
7,NaN,NaN,NaN,NaN,NaN,NaN,NaN,NaN
8,NaN,NaN,NaN,NaN,NaN,NaN,NaN,NaN
9,NaN,NaN,NaN,NaN,NaN,NaN,NaN,NaN
10,NaN,NaN,NaN,NaN,NaN,NaN,NaN,NaN
11,NaN,NaN,NaN,NaN,NaN,NaN,NaN,NaN
1,NaN,NaN,NaN,NaN,NaN,NaN,NaN,NaN
2,NaN,NaN,NaN,NaN,NaN,NaN,NaN,NaN
3,NaN,NaN,NaN,NaN,NaN,NaN,NaN,NaN
4,NaN,NaN,NaN,NaN,NaN,NaN,NaN,NaN
5,NaN,NaN,NaN,NaN,NaN,NaN,NaN,NaN
6,NaN,NaN,NaN,NaN,NaN,NaN,NaN,NaN
7,NaN,NaN,NaN,NaN,NaN,NaN,NaN,NaN
8,NaN,NaN,NaN,NaN,NaN,NaN,NaN,NaN
9,NaN,NaN,NaN,NaN,NaN,NaN,NaN,NaN
10,NaN,NaN,NaN,NaN,NaN,NaN,NaN,NaN
11,NaN,NaN,NaN,NaN,NaN,NaN,NaN,NaN
1,NaN,NaN,NaN,NaN,NaN,NaN,NaN,NaN
2,NaN,NaN,NaN,NaN,NaN,NaN,NaN,NaN
3,NaN,NaN,NaN,NaN,NaN,NaN,NaN,NaN
4,NaN,NaN,NaN,NaN,NaN,NaN,NaN,NaN
5,NaN,NaN,NaN,NaN,NaN,NaN,NaN,NaN
6,NaN,NaN,NaN,NaN,NaN,NaN,NaN,NaN
7,NaN,NaN,NaN,NaN,NaN,NaN,NaN,NaN
8,NaN,NaN,NaN,NaN,NaN,NaN,NaN,NaN
9,NaN,NaN,NaN,NaN,NaN,NaN,NaN,NaN
10,NaN,NaN,NaN,NaN,NaN,NaN,NaN,NaN
11,NaN,NaN,NaN,NaN,NaN,NaN,NaN,NaN
1,NaN,NaN,NaN,NaN,NaN,NaN,NaN,NaN
2,NaN,NaN,NaN,NaN,NaN,NaN,NaN,NaN
3,NaN,NaN,NaN,NaN,NaN,NaN,NaN,NaN
4,NaN,NaN,NaN,NaN,NaN,NaN,NaN,NaN
5,NaN,NaN,NaN,NaN,NaN,NaN,NaN,NaN
6,NaN,NaN,NaN,NaN,NaN,NaN,NaN,NaN
7,NaN,NaN,NaN,NaN,NaN,NaN,NaN,NaN
8,NaN,NaN,NaN,NaN,NaN,NaN,NaN,NaN
9,NaN,NaN,NaN,NaN,NaN,NaN,NaN,NaN
10,NaN,NaN,NaN,NaN,NaN,NaN,NaN,NaN
11,NaN,NaN,NaN,NaN,NaN,NaN,NaN,NaN
1,NaN,NaN,NaN,NaN,NaN,NaN,NaN,NaN
2,NaN,NaN,NaN,NaN,NaN,NaN,NaN,NaN
3,NaN,NaN,NaN,NaN,NaN,NaN,NaN,NaN
4,NaN,NaN,NaN,NaN,NaN,NaN,NaN,NaN
5,NaN,NaN,NaN,NaN,NaN,NaN,NaN,NaN
6,NaN,NaN,NaN,NaN,NaN,NaN,NaN,NaN
7,NaN,NaN,NaN,NaN,NaN,NaN,NaN,NaN
8,NaN,NaN,NaN,NaN,NaN,NaN,NaN,NaN
9,NaN,NaN,NaN,NaN,NaN,NaN,NaN,NaN
10,NaN,NaN,NaN,NaN,NaN,NaN,NaN,NaN
11,NaN,NaN,NaN,NaN,NaN,NaN,NaN,NaN
1,NaN,NaN,NaN,NaN,NaN,NaN,NaN,NaN
2,NaN,NaN,NaN,NaN,NaN,NaN,NaN,NaN
3,NaN,NaN,NaN,NaN,NaN,NaN,NaN,NaN
4,NaN,NaN,NaN,NaN,NaN,NaN,NaN,NaN
5,NaN,NaN,NaN,NaN,NaN,NaN,NaN,NaN
6,NaN,NaN,NaN,NaN,NaN,NaN,NaN,NaN
7,NaN,NaN,NaN,NaN,NaN,NaN,NaN,NaN
8,NaN,NaN,NaN,NaN,NaN,NaN,NaN,NaN
9,NaN,NaN,NaN,NaN,NaN,NaN,NaN,NaN
10,NaN,NaN,NaN,NaN,NaN,NaN,NaN,NaN
11,NaN,NaN,NaN,NaN,NaN,NaN,NaN,NaN
1,NaN,NaN,NaN,NaN,NaN,NaN,NaN,NaN
2,NaN,NaN,NaN,NaN,NaN,NaN,NaN,NaN
3,NaN,NaN,NaN,NaN,NaN,NaN,NaN,NaN
4,NaN,NaN,NaN,NaN,NaN,NaN,NaN,NaN
5,NaN,NaN,NaN,NaN,NaN,NaN,NaN,NaN
6,NaN,NaN,NaN,NaN,NaN,NaN,NaN,NaN
7,NaN,NaN,NaN,NaN,NaN,NaN,NaN,NaN
8,NaN,NaN,NaN,NaN,NaN,NaN,NaN,NaN
9,NaN,NaN,NaN,NaN,NaN,NaN,NaN,NaN
10,NaN,NaN,NaN,NaN,NaN,NaN,NaN,NaN
11,NaN,NaN,NaN,NaN,NaN,NaN,NaN,NaN
1,NaN,NaN,NaN,NaN,NaN,NaN,NaN,NaN
2,NaN,NaN,NaN,NaN,NaN,NaN,NaN,NaN
3,NaN,NaN,NaN,NaN,NaN,NaN,NaN,NaN
4,NaN,NaN,NaN,NaN,NaN,NaN,NaN,NaN
5,NaN,NaN,NaN,NaN,NaN,NaN,NaN,NaN
6,NaN,NaN,NaN,NaN,NaN,NaN,NaN,NaN
7,NaN,NaN,NaN,NaN,NaN,NaN,NaN,NaN
8,NaN,NaN,NaN,NaN,NaN,NaN,NaN,NaN
9,NaN,NaN,NaN,NaN,NaN,NaN,NaN,NaN
10,NaN,NaN,NaN,NaN,NaN,NaN,NaN,NaN
11,NaN,NaN,NaN,NaN,NaN,NaN,NaN,NaN
1,NaN,NaN,NaN,NaN,NaN,NaN,NaN,NaN
2,NaN,NaN,NaN,NaN,NaN,NaN,NaN,NaN
3,NaN,NaN,NaN,NaN,NaN,NaN,NaN,NaN
4,NaN,NaN,NaN,NaN,NaN,NaN,NaN,NaN
5,NaN,NaN,NaN,NaN,NaN,NaN,NaN,NaN
6,NaN,NaN,NaN,NaN,NaN,NaN,NaN,NaN
7,NaN,NaN,NaN,NaN,NaN,NaN,NaN,NaN
8,NaN,NaN,NaN,NaN,NaN,NaN,NaN,NaN
9,NaN,NaN,NaN,NaN,NaN,NaN,NaN,NaN
10,NaN,NaN,NaN,NaN,NaN,NaN,NaN,NaN
11,NaN,NaN,NaN,NaN,NaN,NaN,NaN,NaN
1,NaN,NaN,NaN,NaN,NaN,NaN,NaN,NaN
2,NaN,NaN,NaN,NaN,NaN,NaN,NaN,NaN
3,NaN,NaN,NaN,NaN,NaN,NaN,NaN,NaN
4,NaN,NaN,NaN,NaN,NaN,NaN,NaN,NaN
5,NaN,NaN,NaN,NaN,NaN,NaN,NaN,NaN
6,NaN,NaN,NaN,NaN,NaN,NaN,NaN,NaN
7,NaN,NaN,NaN,NaN,NaN,NaN,NaN,NaN
8,NaN,NaN,NaN,NaN,NaN,NaN,NaN,NaN
9,NaN,NaN,NaN,NaN,NaN,NaN,NaN,NaN
10,NaN,NaN,NaN,NaN,NaN,NaN,NaN,NaN
11,NaN,NaN,NaN,NaN,NaN,NaN,NaN,NaN
1,NaN,NaN,NaN,NaN,NaN,NaN,NaN,NaN
2,NaN,NaN,NaN,NaN,NaN,NaN,NaN,NaN
3,NaN,NaN,NaN,NaN,NaN,NaN,NaN,NaN
4,NaN,NaN,NaN,NaN,NaN,NaN,NaN,NaN
5,NaN,NaN,NaN,NaN,NaN,NaN,NaN,NaN
6,NaN,NaN,NaN,NaN,NaN,NaN,NaN,NaN
7,NaN,NaN,NaN,NaN,NaN,NaN,NaN,NaN
8,NaN,NaN,NaN,NaN,NaN,NaN,NaN,NaN
9,NaN,NaN,NaN,NaN,NaN,NaN,NaN,NaN
10,NaN,NaN,NaN,NaN,NaN,NaN,NaN,NaN
11,NaN,NaN,NaN,NaN,NaN,NaN,NaN,NaN
1,NaN,NaN,NaN,NaN,NaN,NaN,NaN,NaN
2,NaN,NaN,NaN,NaN,NaN,NaN,NaN,NaN
3,NaN,NaN,NaN,NaN,NaN,NaN,NaN,NaN
4,NaN,NaN,NaN,NaN,NaN,NaN,NaN,NaN
5,NaN,NaN,NaN,NaN,NaN,NaN,NaN,NaN
6,NaN,NaN,NaN,NaN,NaN,NaN,NaN,NaN
7,NaN,NaN,NaN,NaN,NaN,NaN,NaN,NaN
8,NaN,NaN,NaN,NaN,NaN,NaN,NaN,NaN
9,NaN,NaN,NaN,NaN,NaN,NaN,NaN,NaN
10,NaN,NaN,NaN,NaN,NaN,NaN,NaN,NaN
11,NaN,NaN,NaN,NaN,NaN,NaN,NaN,NaN
1,NaN,NaN,NaN,NaN,NaN,NaN,NaN,NaN
2,NaN,NaN,NaN,NaN,NaN,NaN,NaN,NaN
3,NaN,NaN,NaN,NaN,NaN,NaN,NaN,NaN
4,NaN,NaN,NaN,NaN,NaN,NaN,NaN,NaN
5,NaN,NaN,NaN,NaN,NaN,NaN,NaN,NaN
6,NaN,NaN,NaN,NaN,NaN,NaN,NaN,NaN
7,NaN,NaN,NaN,NaN,NaN,NaN,NaN,NaN
8,NaN,NaN,NaN,NaN,NaN,NaN,NaN,NaN
9,NaN,NaN,NaN,NaN,NaN,NaN,NaN,NaN
10,NaN,NaN,NaN,NaN,NaN,NaN,NaN,NaN
11,NaN,NaN,NaN,NaN,NaN,NaN,NaN,NaN
1,NaN,NaN,NaN,NaN,NaN,NaN,NaN,NaN
2,NaN,NaN,NaN,NaN,NaN,NaN,NaN,NaN
3,NaN,NaN,NaN,NaN,NaN,NaN,NaN,NaN
4,NaN,NaN,NaN,NaN,NaN,NaN,NaN,NaN
5,NaN,NaN,NaN,NaN,NaN,NaN,NaN,NaN
6,NaN,NaN,NaN,NaN,NaN,NaN,NaN,NaN
7,NaN,NaN,NaN,NaN,NaN,NaN,NaN,NaN
8,NaN,NaN,NaN,NaN,NaN,NaN,NaN,NaN
9,NaN,NaN,NaN,NaN,NaN,NaN,NaN,NaN
10,NaN,NaN,NaN,NaN,NaN,NaN,NaN,NaN
11,NaN,NaN,NaN,NaN,NaN,NaN,NaN,NaN
1,NaN,NaN,NaN,NaN,NaN,NaN,NaN,NaN
2,NaN,NaN,NaN,NaN,NaN,NaN,NaN,NaN
3,NaN,NaN,NaN,NaN,NaN,NaN,NaN,NaN
4,NaN,NaN,NaN,NaN,NaN,NaN,NaN,NaN
5,NaN,NaN,NaN,NaN,NaN,NaN,NaN,NaN
6,NaN,NaN,NaN,NaN,NaN,NaN,NaN,NaN
7,NaN,NaN,NaN,NaN,NaN,NaN,NaN,NaN
8,NaN,NaN,NaN,NaN,NaN,NaN,NaN,NaN
9,NaN,NaN,NaN,NaN,NaN,NaN,NaN,NaN
10,NaN,NaN,NaN,NaN,NaN,NaN,NaN,NaN
11,NaN,NaN,NaN,NaN,NaN,NaN,NaN,NaN
1,NaN,NaN,NaN,NaN,NaN,NaN,NaN,NaN
2,NaN,NaN,NaN,NaN,NaN,NaN,NaN,NaN
3,NaN,NaN,NaN,NaN,NaN,NaN,NaN,NaN
4,NaN,NaN,NaN,NaN,NaN,NaN,NaN,NaN
5,NaN,NaN,NaN,NaN,NaN,NaN,NaN,NaN
6,NaN,NaN,NaN,NaN,NaN,NaN,NaN,NaN
7,NaN,NaN,NaN,NaN,NaN,NaN,NaN,NaN
8,NaN,NaN,NaN,NaN,NaN,NaN,NaN,NaN
9,NaN,NaN,NaN,NaN,NaN,NaN,NaN,NaN
10,NaN,NaN,NaN,NaN,NaN,NaN,NaN,NaN
11,NaN,NaN,NaN,NaN,NaN,NaN,NaN,NaN
1,NaN,NaN,NaN,NaN,NaN,NaN,NaN,NaN
2,NaN,NaN,NaN,NaN,NaN,NaN,NaN,NaN
3,NaN,NaN,NaN,NaN,NaN,NaN,NaN,NaN
4,NaN,NaN,NaN,NaN,NaN,NaN,NaN,NaN
5,NaN,NaN,NaN,NaN,NaN,NaN,NaN,NaN
6,NaN,NaN,NaN,NaN,NaN,NaN,NaN,NaN
7,NaN,NaN,NaN,NaN,NaN,NaN,NaN,NaN
8,NaN,NaN,NaN,NaN,NaN,NaN,NaN,NaN
9,NaN,NaN,NaN,NaN,NaN,NaN,NaN,NaN
10,NaN,NaN,NaN,NaN,NaN,NaN,NaN,NaN
11,NaN,NaN,NaN,NaN,NaN,NaN,NaN,NaN
1,NaN,NaN,NaN,NaN,NaN,NaN,NaN,NaN
2,NaN,NaN,NaN,NaN,NaN,NaN,NaN,NaN
3,NaN,NaN,NaN,NaN,NaN,NaN,NaN,NaN
4,NaN,NaN,NaN,NaN,NaN,NaN,NaN,NaN
5,NaN,NaN,NaN,NaN,NaN,NaN,NaN,NaN
6,NaN,NaN,NaN,NaN,NaN,NaN,NaN,NaN
7,NaN,NaN,NaN,NaN,NaN,NaN,NaN,NaN
8,NaN,NaN,NaN,NaN,NaN,NaN,NaN,NaN
9,NaN,NaN,NaN,NaN,NaN,NaN,NaN,NaN
10,NaN,NaN,NaN,NaN,NaN,NaN,NaN,NaN
11,NaN,NaN,NaN,NaN,NaN,NaN,NaN,NaN
1,NaN,NaN,NaN,NaN,NaN,NaN,NaN,NaN
2,NaN,NaN,NaN,NaN,NaN,NaN,NaN,NaN
3,NaN,NaN,NaN,NaN,NaN,NaN,NaN,NaN
4,NaN,NaN,NaN,NaN,NaN,NaN,NaN,NaN
5,NaN,NaN,NaN,NaN,NaN,NaN,NaN,NaN
6,NaN,NaN,NaN,NaN,NaN,NaN,NaN,NaN
7,NaN,NaN,NaN,NaN,NaN,NaN,NaN,NaN
8,NaN,NaN,NaN,NaN,NaN,NaN,NaN,NaN
9,NaN,NaN,NaN,NaN,NaN,NaN,NaN,NaN
10,NaN,NaN,NaN,NaN,NaN,NaN,NaN,NaN
11,NaN,NaN,NaN,NaN,NaN,NaN,NaN,NaN
1,NaN,NaN,NaN,NaN,NaN,NaN,NaN,NaN
2,NaN,NaN,NaN,NaN,NaN,NaN,NaN,NaN
3,NaN,NaN,NaN,NaN,NaN,NaN,NaN,NaN
4,NaN,NaN,NaN,NaN,NaN,NaN,NaN,NaN
5,NaN,NaN,NaN,NaN,NaN,NaN,NaN,NaN
6,NaN,NaN,NaN,NaN,NaN,NaN,NaN,NaN
7,NaN,NaN,NaN,NaN,NaN,NaN,NaN,NaN
8,NaN,NaN,NaN,NaN,NaN,NaN,NaN,NaN
9,NaN,NaN,NaN,NaN,NaN,NaN,NaN,NaN
10,NaN,NaN,NaN,NaN,NaN,NaN,NaN,NaN
11,NaN,NaN,NaN,NaN,NaN,NaN,NaN,NaN
1,NaN,NaN,NaN,NaN,NaN,NaN,NaN,NaN
2,NaN,NaN,NaN,NaN,NaN,NaN,NaN,NaN
3,NaN,NaN,NaN,NaN,NaN,NaN,NaN,NaN
4,NaN,NaN,NaN,NaN,NaN,NaN,NaN,NaN
5,NaN,NaN,NaN,NaN,NaN,NaN,NaN,NaN
6,NaN,NaN,NaN,NaN,NaN,NaN,NaN,NaN
7,NaN,NaN,NaN,NaN,NaN,NaN,NaN,NaN
8,NaN,NaN,NaN,NaN,NaN,NaN,NaN,NaN
9,NaN,NaN,NaN,NaN,NaN,NaN,NaN,NaN
10,NaN,NaN,NaN,NaN,NaN,NaN,NaN,NaN
11,NaN,NaN,NaN,NaN,NaN,NaN,NaN,NaN
1,NaN,NaN,NaN,NaN,NaN,NaN,NaN,NaN
2,NaN,NaN,NaN,NaN,NaN,NaN,NaN,NaN
3,NaN,NaN,NaN,NaN,NaN,NaN,NaN,NaN
4,NaN,NaN,NaN,NaN,NaN,NaN,NaN,NaN
5,NaN,NaN,NaN,NaN,NaN,NaN,NaN,NaN
6,NaN,NaN,NaN,NaN,NaN,NaN,NaN,NaN
7,NaN,NaN,NaN,NaN,NaN,NaN,NaN,NaN
8,NaN,NaN,NaN,NaN,NaN,NaN,NaN,NaN
9,NaN,NaN,NaN,NaN,NaN,NaN,NaN,NaN
10,NaN,NaN,NaN,NaN,NaN,NaN,NaN,NaN
11,NaN,NaN,NaN,NaN,NaN,NaN,NaN,NaN
1,NaN,NaN,NaN,NaN,NaN,NaN,NaN,NaN
2,NaN,NaN,NaN,NaN,NaN,NaN,NaN,NaN
3,NaN,NaN,NaN,NaN,NaN,NaN,NaN,NaN
4,NaN,NaN,NaN,NaN,NaN,NaN,NaN,NaN
5,NaN,NaN,NaN,NaN,NaN,NaN,NaN,NaN
6,NaN,NaN,NaN,NaN,NaN,NaN,NaN,NaN
7,NaN,NaN,NaN,NaN,NaN,NaN,NaN,NaN
8,NaN,NaN,NaN,NaN,NaN,NaN,NaN,NaN
9,NaN,NaN,NaN,NaN,NaN,NaN,NaN,NaN
10,NaN,NaN,NaN,NaN,NaN,NaN,NaN,NaN
11,NaN,NaN,NaN,NaN,NaN,NaN,NaN,NaN
1,NaN,NaN,NaN,NaN,NaN,NaN,NaN,NaN
2,NaN,NaN,NaN,NaN,NaN,NaN,NaN,NaN
3,NaN,NaN,NaN,NaN,NaN,NaN,NaN,NaN
4,NaN,NaN,NaN,NaN,NaN,NaN,NaN,NaN
5,NaN,NaN,NaN,NaN,NaN,NaN,NaN,NaN
6,NaN,NaN,NaN,NaN,NaN,NaN,NaN,NaN
7,NaN,NaN,NaN,NaN,NaN,NaN,NaN,NaN
8,NaN,NaN,NaN,NaN,NaN,NaN,NaN,NaN
9,NaN,NaN,NaN,NaN,NaN,NaN,NaN,NaN
10,NaN,NaN,NaN,NaN,NaN,NaN,NaN,NaN
11,NaN,NaN,NaN,NaN,NaN,NaN,NaN,NaN
1,NaN,NaN,NaN,NaN,NaN,NaN,NaN,NaN
2,NaN,NaN,NaN,NaN,NaN,NaN,NaN,NaN
3,NaN,NaN,NaN,NaN,NaN,NaN,NaN,NaN
4,NaN,NaN,NaN,NaN,NaN,NaN,NaN,NaN
5,NaN,NaN,NaN,NaN,NaN,NaN,NaN,NaN
6,NaN,NaN,NaN,NaN,NaN,NaN,NaN,NaN
7,NaN,NaN,NaN,NaN,NaN,NaN,NaN,NaN
8,NaN,NaN,NaN,NaN,NaN,NaN,NaN,NaN
9,NaN,NaN,NaN,NaN,NaN,NaN,NaN,NaN
10,NaN,NaN,NaN,NaN,NaN,NaN,NaN,NaN
11,NaN,NaN,NaN,NaN,NaN,NaN,NaN,NaN
1,NaN,NaN,NaN,NaN,NaN,NaN,NaN,NaN
2,NaN,NaN,NaN,NaN,NaN,NaN,NaN,NaN
3,NaN,NaN,NaN,NaN,NaN,NaN,NaN,NaN
4,NaN,NaN,NaN,NaN,NaN,NaN,NaN,NaN
5,NaN,NaN,NaN,NaN,NaN,NaN,NaN,NaN
6,NaN,NaN,NaN,NaN,NaN,NaN,NaN,NaN
7,NaN,NaN,NaN,NaN,NaN,NaN,NaN,NaN
8,NaN,NaN,NaN,NaN,NaN,NaN,NaN,NaN
9,NaN,NaN,NaN,NaN,NaN,NaN,NaN,NaN
10,NaN,NaN,NaN,NaN,NaN,NaN,NaN,NaN
11,NaN,NaN,NaN,NaN,NaN,NaN,NaN,NaN
1,NaN,NaN,NaN,NaN,NaN,NaN,NaN,NaN
2,NaN,NaN,NaN,NaN,NaN,NaN,NaN,NaN
3,NaN,NaN,NaN,NaN,NaN,NaN,NaN,NaN
4,NaN,NaN,NaN,NaN,NaN,NaN,NaN,NaN
5,NaN,NaN,NaN,NaN,NaN,NaN,NaN,NaN
6,NaN,NaN,NaN,NaN,NaN,NaN,NaN,NaN
7,NaN,NaN,NaN,NaN,NaN,NaN,NaN,NaN
8,NaN,NaN,NaN,NaN,NaN,NaN,NaN,NaN
9,NaN,NaN,NaN,NaN,NaN,NaN,NaN,NaN
10,NaN,NaN,NaN,NaN,NaN,NaN,NaN,NaN
11,NaN,NaN,NaN,NaN,NaN,NaN,NaN,NaN
1,NaN,NaN,NaN,NaN,NaN,NaN,NaN,NaN
2,NaN,NaN,NaN,NaN,NaN,NaN,NaN,NaN
3,NaN,NaN,NaN,NaN,NaN,NaN,NaN,NaN
4,NaN,NaN,NaN,NaN,NaN,NaN,NaN,NaN
5,NaN,NaN,NaN,NaN,NaN,NaN,NaN,NaN
6,NaN,NaN,NaN,NaN,NaN,NaN,NaN,NaN
7,NaN,NaN,NaN,NaN,NaN,NaN,NaN,NaN
8,NaN,NaN,NaN,NaN,NaN,NaN,NaN,NaN
9,NaN,NaN,NaN,NaN,NaN,NaN,NaN,NaN
10,NaN,NaN,NaN,NaN,NaN,NaN,NaN,NaN
11,NaN,NaN,NaN,NaN,NaN,NaN,NaN,NaN
1,NaN,NaN,NaN,NaN,NaN,NaN,NaN,NaN
2,NaN,NaN,NaN,NaN,NaN,NaN,NaN,NaN
3,NaN,NaN,NaN,NaN,NaN,NaN,NaN,NaN
4,NaN,NaN,NaN,NaN,NaN,NaN,NaN,NaN
5,NaN,NaN,NaN,NaN,NaN,NaN,NaN,NaN
6,NaN,NaN,NaN,NaN,NaN,NaN,NaN,NaN
7,NaN,NaN,NaN,NaN,NaN,NaN,NaN,NaN
8,NaN,NaN,NaN,NaN,NaN,NaN,NaN,NaN
9,NaN,NaN,NaN,NaN,NaN,NaN,NaN,NaN
10,NaN,NaN,NaN,NaN,NaN,NaN,NaN,NaN
11,NaN,NaN,NaN,NaN,NaN,NaN,NaN,NaN
1,NaN,NaN,NaN,NaN,NaN,NaN,NaN,NaN
2,NaN,NaN,NaN,NaN,NaN,NaN,NaN,NaN
3,NaN,NaN,NaN,NaN,NaN,NaN,NaN,NaN
4,NaN,NaN,NaN,NaN,NaN,NaN,NaN,NaN
5,NaN,NaN,NaN,NaN,NaN,NaN,NaN,NaN
6,NaN,NaN,NaN,NaN,NaN,NaN,NaN,NaN
7,NaN,NaN,NaN,NaN,NaN,NaN,NaN,NaN
8,NaN,NaN,NaN,NaN,NaN,NaN,NaN,NaN
9,NaN,NaN,NaN,NaN,NaN,NaN,NaN,NaN
10,NaN,NaN,NaN,NaN,NaN,NaN,NaN,NaN
11,NaN,NaN,NaN,NaN,NaN,NaN,NaN,NaN
1,NaN,NaN,NaN,NaN,NaN,NaN,NaN,NaN
2,NaN,NaN,NaN,NaN,NaN,NaN,NaN,NaN
3,NaN,NaN,NaN,NaN,NaN,NaN,NaN,NaN
4,NaN,NaN,NaN,NaN,NaN,NaN,NaN,NaN
5,NaN,NaN,NaN,NaN,NaN,NaN,NaN,NaN
6,NaN,NaN,NaN,NaN,NaN,NaN,NaN,NaN
7,NaN,NaN,NaN,NaN,NaN,NaN,NaN,NaN
8,NaN,NaN,NaN,NaN,NaN,NaN,NaN,NaN
9,NaN,NaN,NaN,NaN,NaN,NaN,NaN,NaN
10,NaN,NaN,NaN,NaN,NaN,NaN,NaN,NaN
11,NaN,NaN,NaN,NaN,NaN,NaN,NaN,NaN
1,NaN,NaN,NaN,NaN,NaN,NaN,NaN,NaN
2,NaN,NaN,NaN,NaN,NaN,NaN,NaN,NaN
3,NaN,NaN,NaN,NaN,NaN,NaN,NaN,NaN
4,NaN,NaN,NaN,NaN,NaN,NaN,NaN,NaN
5,NaN,NaN,NaN,NaN,NaN,NaN,NaN,NaN
6,NaN,NaN,NaN,NaN,NaN,NaN,NaN,NaN
7,NaN,NaN,NaN,NaN,NaN,NaN,NaN,NaN
8,NaN,NaN,NaN,NaN,NaN,NaN,NaN,NaN
9,NaN,NaN,NaN,NaN,NaN,NaN,NaN,NaN
10,NaN,NaN,NaN,NaN,NaN,NaN,NaN,NaN
11,NaN,NaN,NaN,NaN,NaN,NaN,NaN,NaN
1,NaN,NaN,NaN,NaN,NaN,NaN,NaN,NaN
2,NaN,NaN,NaN,NaN,NaN,NaN,NaN,NaN
3,NaN,NaN,NaN,NaN,NaN,NaN,NaN,NaN
4,NaN,NaN,NaN,NaN,NaN,NaN,NaN,NaN
5,NaN,NaN,NaN,NaN,NaN,NaN,NaN,NaN
6,NaN,NaN,NaN,NaN,NaN,NaN,NaN,NaN
7,NaN,NaN,NaN,NaN,NaN,NaN,NaN,NaN
8,NaN,NaN,NaN,NaN,NaN,NaN,NaN,NaN
9,NaN,NaN,NaN,NaN,NaN,NaN,NaN,NaN
10,NaN,NaN,NaN,NaN,NaN,NaN,NaN,NaN
11,NaN,NaN,NaN,NaN,NaN,NaN,NaN,NaN
1,NaN,NaN,NaN,NaN,NaN,NaN,NaN,NaN
2,NaN,NaN,NaN,NaN,NaN,NaN,NaN,NaN
3,NaN,NaN,NaN,NaN,NaN,NaN,NaN,NaN
4,NaN,NaN,NaN,NaN,NaN,NaN,NaN,NaN
5,NaN,NaN,NaN,NaN,NaN,NaN,NaN,NaN
6,NaN,NaN,NaN,NaN,NaN,NaN,NaN,NaN
7,NaN,NaN,NaN,NaN,NaN,NaN,NaN,NaN
8,NaN,NaN,NaN,NaN,NaN,NaN,NaN,NaN
9,NaN,NaN,NaN,NaN,NaN,NaN,NaN,NaN
10,NaN,NaN,NaN,NaN,NaN,NaN,NaN,NaN
11,NaN,NaN,NaN,NaN,NaN,NaN,NaN,NaN
1,NaN,NaN,NaN,NaN,NaN,NaN,NaN,NaN
2,NaN,NaN,NaN,NaN,NaN,NaN,NaN,NaN
3,NaN,NaN,NaN,NaN,NaN,NaN,NaN,NaN
4,NaN,NaN,NaN,NaN,NaN,NaN,NaN,NaN
5,NaN,NaN,NaN,NaN,NaN,NaN,NaN,NaN
6,NaN,NaN,NaN,NaN,NaN,NaN,NaN,NaN
7,NaN,NaN,NaN,NaN,NaN,NaN,NaN,NaN
8,NaN,NaN,NaN,NaN,NaN,NaN,NaN,NaN
9,NaN,NaN,NaN,NaN,NaN,NaN,NaN,NaN
10,NaN,NaN,NaN,NaN,NaN,NaN,NaN,NaN
11,NaN,NaN,NaN,NaN,NaN,NaN,NaN,NaN
1,NaN,NaN,NaN,NaN,NaN,NaN,NaN,NaN
2,NaN,NaN,NaN,NaN,NaN,NaN,NaN,NaN
3,NaN,NaN,NaN,NaN,NaN,NaN,NaN,NaN
4,NaN,NaN,NaN,NaN,NaN,NaN,NaN,NaN
5,NaN,NaN,NaN,NaN,NaN,NaN,NaN,NaN
6,NaN,NaN,NaN,NaN,NaN,NaN,NaN,NaN
7,NaN,NaN,NaN,NaN,NaN,NaN,NaN,NaN
8,NaN,NaN,NaN,NaN,NaN,NaN,NaN,NaN
9,NaN,NaN,NaN,NaN,NaN,NaN,NaN,NaN
10,NaN,NaN,NaN,NaN,NaN,NaN,NaN,NaN
11,NaN,NaN,NaN,NaN,NaN,NaN,NaN,NaN
1,NaN,NaN,NaN,NaN,NaN,NaN,NaN,NaN
2,NaN,NaN,NaN,NaN,NaN,NaN,NaN,NaN
3,NaN,NaN,NaN,NaN,NaN,NaN,NaN,NaN
4,NaN,NaN,NaN,NaN,NaN,NaN,NaN,NaN
5,NaN,NaN,NaN,NaN,NaN,NaN,NaN,NaN
6,NaN,NaN,NaN,NaN,NaN,NaN,NaN,NaN
7,NaN,NaN,NaN,NaN,NaN,NaN,NaN,NaN
8,NaN,NaN,NaN,NaN,NaN,NaN,NaN,NaN
9,NaN,NaN,NaN,NaN,NaN,NaN,NaN,NaN
10,NaN,NaN,NaN,NaN,NaN,NaN,NaN,NaN
11,NaN,NaN,NaN,NaN,NaN,NaN,NaN,NaN
1,NaN,NaN,NaN,NaN,NaN,NaN,NaN,NaN
2,NaN,NaN,NaN,NaN,NaN,NaN,NaN,NaN
3,NaN,NaN,NaN,NaN,NaN,NaN,NaN,NaN
4,NaN,NaN,NaN,NaN,NaN,NaN,NaN,NaN
5,NaN,NaN,NaN,NaN,NaN,NaN,NaN,NaN
6,NaN,NaN,NaN,NaN,NaN,NaN,NaN,NaN
7,NaN,NaN,NaN,NaN,NaN,NaN,NaN,NaN
8,NaN,NaN,NaN,NaN,NaN,NaN,NaN,NaN
9,NaN,NaN,NaN,NaN,NaN,NaN,NaN,NaN
10,NaN,NaN,NaN,NaN,NaN,NaN,NaN,NaN
11,NaN,NaN,NaN,NaN,NaN,NaN,NaN,NaN
1,NaN,NaN,NaN,NaN,NaN,NaN,NaN,NaN
2,NaN,NaN,NaN,NaN,NaN,NaN,NaN,NaN
3,NaN,NaN,NaN,NaN,NaN,NaN,NaN,NaN
4,NaN,NaN,NaN,NaN,NaN,NaN,NaN,NaN
5,NaN,NaN,NaN,NaN,NaN,NaN,NaN,NaN
6,NaN,NaN,NaN,NaN,NaN,NaN,NaN,NaN
7,NaN,NaN,NaN,NaN,NaN,NaN,NaN,NaN
8,NaN,NaN,NaN,NaN,NaN,NaN,NaN,NaN
9,NaN,NaN,NaN,NaN,NaN,NaN,NaN,NaN
10,NaN,NaN,NaN,NaN,NaN,NaN,NaN,NaN
11,NaN,NaN,NaN,NaN,NaN,NaN,NaN,NaN
1,NaN,NaN,NaN,NaN,NaN,NaN,NaN,NaN
2,NaN,NaN,NaN,NaN,NaN,NaN,NaN,NaN
3,NaN,NaN,NaN,NaN,NaN,NaN,NaN,NaN
4,NaN,NaN,NaN,NaN,NaN,NaN,NaN,NaN
5,NaN,NaN,NaN,NaN,NaN,NaN,NaN,NaN
6,NaN,NaN,NaN,NaN,NaN,NaN,NaN,NaN
7,NaN,NaN,NaN,NaN,NaN,NaN,NaN,NaN
8,NaN,NaN,NaN,NaN,NaN,NaN,NaN,NaN
9,NaN,NaN,NaN,NaN,NaN,NaN,NaN,NaN
10,NaN,NaN,NaN,NaN,NaN,NaN,NaN,NaN
11,NaN,NaN,NaN,NaN,NaN,NaN,NaN,NaN
1,NaN,NaN,NaN,NaN,NaN,NaN,NaN,NaN
2,NaN,NaN,NaN,NaN,NaN,NaN,NaN,NaN
3,NaN,NaN,NaN,NaN,NaN,NaN,NaN,NaN
4,NaN,NaN,NaN,NaN,NaN,NaN,NaN,NaN
5,NaN,NaN,NaN,NaN,NaN,NaN,NaN,NaN
6,NaN,NaN,NaN,NaN,NaN,NaN,NaN,NaN
7,NaN,NaN,NaN,NaN,NaN,NaN,NaN,NaN
8,NaN,NaN,NaN,NaN,NaN,NaN,NaN,NaN
9,NaN,NaN,NaN,NaN,NaN,NaN,NaN,NaN
10,NaN,NaN,NaN,NaN,NaN,NaN,NaN,NaN
11,NaN,NaN,NaN,NaN,NaN,NaN,NaN,NaN
1,NaN,NaN,NaN,NaN,NaN,NaN,NaN,NaN
2,NaN,NaN,NaN,NaN,NaN,NaN,NaN,NaN
3,NaN,NaN,NaN,NaN,NaN,NaN,NaN,NaN
4,NaN,NaN,NaN,NaN,NaN,NaN,NaN,NaN
5,NaN,NaN,NaN,NaN,NaN,NaN,NaN,NaN
6,NaN,NaN,NaN,NaN,NaN,NaN,NaN,NaN
7,NaN,NaN,NaN,NaN,NaN,NaN,NaN,NaN
8,NaN,NaN,NaN,NaN,NaN,NaN,NaN,NaN
9,NaN,NaN,NaN,NaN,NaN,NaN,NaN,NaN
10,NaN,NaN,NaN,NaN,NaN,NaN,NaN,NaN
11,NaN,NaN,NaN,NaN,NaN,NaN,NaN,NaN
1,NaN,NaN,NaN,NaN,NaN,NaN,NaN,NaN
2,NaN,NaN,NaN,NaN,NaN,NaN,NaN,NaN
3,NaN,NaN,NaN,NaN,NaN,NaN,NaN,NaN
4,NaN,NaN,NaN,NaN,NaN,NaN,NaN,NaN
5,NaN,NaN,NaN,NaN,NaN,NaN,NaN,NaN
6,NaN,NaN,NaN,NaN,NaN,NaN,NaN,NaN
7,NaN,NaN,NaN,NaN,NaN,NaN,NaN,NaN
8,NaN,NaN,NaN,NaN,NaN,NaN,NaN,NaN
9,NaN,NaN,NaN,NaN,NaN,NaN,NaN,NaN
10,NaN,NaN,NaN,NaN,NaN,NaN,NaN,NaN
11,NaN,NaN,NaN,NaN,NaN,NaN,NaN,NaN
1,NaN,NaN,NaN,NaN,NaN,NaN,NaN,NaN
2,NaN,NaN,NaN,NaN,NaN,NaN,NaN,NaN
3,NaN,NaN,NaN,NaN,NaN,NaN,NaN,NaN
4,NaN,NaN,NaN,NaN,NaN,NaN,NaN,NaN
5,NaN,NaN,NaN,NaN,NaN,NaN,NaN,NaN
6,NaN,NaN,NaN,NaN,NaN,NaN,NaN,NaN
7,NaN,NaN,NaN,NaN,NaN,NaN,NaN,NaN
8,NaN,NaN,NaN,NaN,NaN,NaN,NaN,NaN
9,NaN,NaN,NaN,NaN,NaN,NaN,NaN,NaN
10,NaN,NaN,NaN,NaN,NaN,NaN,NaN,NaN
11,NaN,NaN,NaN,NaN,NaN,NaN,NaN,NaN
1,NaN,NaN,NaN,NaN,NaN,NaN,NaN,NaN
2,NaN,NaN,NaN,NaN,NaN,NaN,NaN,NaN
3,NaN,NaN,NaN,NaN,NaN,NaN,NaN,NaN
4,NaN,NaN,NaN,NaN,NaN,NaN,NaN,NaN
5,NaN,NaN,NaN,NaN,NaN,NaN,NaN,NaN
6,NaN,NaN,NaN,NaN,NaN,NaN,NaN,NaN
7,NaN,NaN,NaN,NaN,NaN,NaN,NaN,NaN
8,NaN,NaN,NaN,NaN,NaN,NaN,NaN,NaN
9,NaN,NaN,NaN,NaN,NaN,NaN,NaN,NaN
10,NaN,NaN,NaN,NaN,NaN,NaN,NaN,NaN
11,NaN,NaN,NaN,NaN,NaN,NaN,NaN,NaN
1,NaN,NaN,NaN,NaN,NaN,NaN,NaN,NaN
2,NaN,NaN,NaN,NaN,NaN,NaN,NaN,NaN
3,NaN,NaN,NaN,NaN,NaN,NaN,NaN,NaN
4,NaN,NaN,NaN,NaN,NaN,NaN,NaN,NaN
5,NaN,NaN,NaN,NaN,NaN,NaN,NaN,NaN
6,NaN,NaN,NaN,NaN,NaN,NaN,NaN,NaN
7,NaN,NaN,NaN,NaN,NaN,NaN,NaN,NaN
8,NaN,NaN,NaN,NaN,NaN,NaN,NaN,NaN
9,NaN,NaN,NaN,NaN,NaN,NaN,NaN,NaN
10,NaN,NaN,NaN,NaN,NaN,NaN,NaN,NaN
11,NaN,NaN,NaN,NaN,NaN,NaN,NaN,NaN
1,NaN,NaN,NaN,NaN,NaN,NaN,NaN,NaN
2,NaN,NaN,NaN,NaN,NaN,NaN,NaN,NaN
3,NaN,NaN,NaN,NaN,NaN,NaN,NaN,NaN
4,NaN,NaN,NaN,NaN,NaN,NaN,NaN,NaN
5,NaN,NaN,NaN,NaN,NaN,NaN,NaN,NaN
6,NaN,NaN,NaN,NaN,NaN,NaN,NaN,NaN
7,NaN,NaN,NaN,NaN,NaN,NaN,NaN,NaN
8,NaN,NaN,NaN,NaN,NaN,NaN,NaN,NaN
9,NaN,NaN,NaN,NaN,NaN,NaN,NaN,NaN
10,NaN,NaN,NaN,NaN,NaN,NaN,NaN,NaN
11,NaN,NaN,NaN,NaN,NaN,NaN,NaN,NaN
1,NaN,NaN,NaN,NaN,NaN,NaN,NaN,NaN
2,NaN,NaN,NaN,NaN,NaN,NaN,NaN,NaN
3,NaN,NaN,NaN,NaN,NaN,NaN,NaN,NaN
4,NaN,NaN,NaN,NaN,NaN,NaN,NaN,NaN
5,NaN,NaN,NaN,NaN,NaN,NaN,NaN,NaN
6,NaN,NaN,NaN,NaN,NaN,NaN,NaN,NaN
7,NaN,NaN,NaN,NaN,NaN,NaN,NaN,NaN
8,NaN,NaN,NaN,NaN,NaN,NaN,NaN,NaN
9,NaN,NaN,NaN,NaN,NaN,NaN,NaN,NaN
10,NaN,NaN,NaN,NaN,NaN,NaN,NaN,NaN
11,NaN,NaN,NaN,NaN,NaN,NaN,NaN,NaN
1,NaN,NaN,NaN,NaN,NaN,NaN,NaN,NaN
2,NaN,NaN,NaN,NaN,NaN,NaN,NaN,NaN
3,NaN,NaN,NaN,NaN,NaN,NaN,NaN,NaN
4,NaN,NaN,NaN,NaN,NaN,NaN,NaN,NaN
5,NaN,NaN,NaN,NaN,NaN,NaN,NaN,NaN
6,NaN,NaN,NaN,NaN,NaN,NaN,NaN,NaN
7,NaN,NaN,NaN,NaN,NaN,NaN,NaN,NaN
8,NaN,NaN,NaN,NaN,NaN,NaN,NaN,NaN
9,NaN,NaN,NaN,NaN,NaN,NaN,NaN,NaN
10,NaN,NaN,NaN,NaN,NaN,NaN,NaN,NaN
11,NaN,NaN,NaN,NaN,NaN,NaN,NaN,NaN
1,NaN,NaN,NaN,NaN,NaN,NaN,NaN,NaN
2,NaN,NaN,NaN,NaN,NaN,NaN,NaN,NaN
3,NaN,NaN,NaN,NaN,NaN,NaN,NaN,NaN
4,NaN,NaN,NaN,NaN,NaN,NaN,NaN,NaN
5,NaN,NaN,NaN,NaN,NaN,NaN,NaN,NaN
6,NaN,NaN,NaN,NaN,NaN,NaN,NaN,NaN
7,NaN,NaN,NaN,NaN,NaN,NaN,NaN,NaN
8,NaN,NaN,NaN,NaN,NaN,NaN,NaN,NaN
9,NaN,NaN,NaN,NaN,NaN,NaN,NaN,NaN
10,NaN,NaN,NaN,NaN,NaN,NaN,NaN,NaN
11,NaN,NaN,NaN,NaN,NaN,NaN,NaN,NaN
1,NaN,NaN,NaN,NaN,NaN,NaN,NaN,NaN
2,NaN,NaN,NaN,NaN,NaN,NaN,NaN,NaN
3,NaN,NaN,NaN,NaN,NaN,NaN,NaN,NaN
4,NaN,NaN,NaN,NaN,NaN,NaN,NaN,NaN
5,NaN,NaN,NaN,NaN,NaN,NaN,NaN,NaN
6,NaN,NaN,NaN,NaN,NaN,NaN,NaN,NaN
7,NaN,NaN,NaN,NaN,NaN,NaN,NaN,NaN
8,NaN,NaN,NaN,NaN,NaN,NaN,NaN,NaN
9,NaN,NaN,NaN,NaN,NaN,NaN,NaN,NaN
10,NaN,NaN,NaN,NaN,NaN,NaN,NaN,NaN
11,NaN,NaN,NaN,NaN,NaN,NaN,NaN,NaN
1,NaN,NaN,NaN,NaN,NaN,NaN,NaN,NaN
2,NaN,NaN,NaN,NaN,NaN,NaN,NaN,NaN
3,NaN,NaN,NaN,NaN,NaN,NaN,NaN,NaN
4,NaN,NaN,NaN,NaN,NaN,NaN,NaN,NaN
5,NaN,NaN,NaN,NaN,NaN,NaN,NaN,NaN
6,NaN,NaN,NaN,NaN,NaN,NaN,NaN,NaN
7,NaN,NaN,NaN,NaN,NaN,NaN,NaN,NaN
8,NaN,NaN,NaN,NaN,NaN,NaN,NaN,NaN
9,NaN,NaN,NaN,NaN,NaN,NaN,NaN,NaN
10,NaN,NaN,NaN,NaN,NaN,NaN,NaN,NaN
11,NaN,NaN,NaN,NaN,NaN,NaN,NaN,NaN
1,NaN,NaN,NaN,NaN,NaN,NaN,NaN,NaN
2,NaN,NaN,NaN,NaN,NaN,NaN,NaN,NaN
3,NaN,NaN,NaN,NaN,NaN,NaN,NaN,NaN
4,NaN,NaN,NaN,NaN,NaN,NaN,NaN,NaN
5,NaN,NaN,NaN,NaN,NaN,NaN,NaN,NaN
6,NaN,NaN,NaN,NaN,NaN,NaN,NaN,NaN
7,NaN,NaN,NaN,NaN,NaN,NaN,NaN,NaN
8,NaN,NaN,NaN,NaN,NaN,NaN,NaN,NaN
9,NaN,NaN,NaN,NaN,NaN,NaN,NaN,NaN
10,NaN,NaN,NaN,NaN,NaN,NaN,NaN,NaN
11,NaN,NaN,NaN,NaN,NaN,NaN,NaN,NaN
1,NaN,NaN,NaN,NaN,NaN,NaN,NaN,NaN
2,NaN,NaN,NaN,NaN,NaN,NaN,NaN,NaN
3,NaN,NaN,NaN,NaN,NaN,NaN,NaN,NaN
4,NaN,NaN,NaN,NaN,NaN,NaN,NaN,NaN
5,NaN,NaN,NaN,NaN,NaN,NaN,NaN,NaN
6,NaN,NaN,NaN,NaN,NaN,NaN,NaN,NaN
7,NaN,NaN,NaN,NaN,NaN,NaN,NaN,NaN
8,NaN,NaN,NaN,NaN,NaN,NaN,NaN,NaN
9,NaN,NaN,NaN,NaN,NaN,NaN,NaN,NaN
10,NaN,NaN,NaN,NaN,NaN,NaN,NaN,NaN
11,NaN,NaN,NaN,NaN,NaN,NaN,NaN,NaN
1,NaN,NaN,NaN,NaN,NaN,NaN,NaN,NaN
2,NaN,NaN,NaN,NaN,NaN,NaN,NaN,NaN
3,NaN,NaN,NaN,NaN,NaN,NaN,NaN,NaN
4,NaN,NaN,NaN,NaN,NaN,NaN,NaN,NaN
5,NaN,NaN,NaN,NaN,NaN,NaN,NaN,NaN
6,NaN,NaN,NaN,NaN,NaN,NaN,NaN,NaN
7,NaN,NaN,NaN,NaN,NaN,NaN,NaN,NaN
8,NaN,NaN,NaN,NaN,NaN,NaN,NaN,NaN
9,NaN,NaN,NaN,NaN,NaN,NaN,NaN,NaN
10,NaN,NaN,NaN,NaN,NaN,NaN,NaN,NaN
11,NaN,NaN,NaN,NaN,NaN,NaN,NaN,NaN
1,NaN,NaN,NaN,NaN,NaN,NaN,NaN,NaN
2,NaN,NaN,NaN,NaN,NaN,NaN,NaN,NaN
3,NaN,NaN,NaN,NaN,NaN,NaN,NaN,NaN
4,NaN,NaN,NaN,NaN,NaN,NaN,NaN,NaN
5,NaN,NaN,NaN,NaN,NaN,NaN,NaN,NaN
6,NaN,NaN,NaN,NaN,NaN,NaN,NaN,NaN
7,NaN,NaN,NaN,NaN,NaN,NaN,NaN,NaN
8,NaN,NaN,NaN,NaN,NaN,NaN,NaN,NaN
9,NaN,NaN,NaN,NaN,NaN,NaN,NaN,NaN
10,NaN,NaN,NaN,NaN,NaN,NaN,NaN,NaN
11,NaN,NaN,NaN,NaN,NaN,NaN,NaN,NaN
1,NaN,NaN,NaN,NaN,NaN,NaN,NaN,NaN
2,NaN,NaN,NaN,NaN,NaN,NaN,NaN,NaN
3,NaN,NaN,NaN,NaN,NaN,NaN,NaN,NaN
4,NaN,NaN,NaN,NaN,NaN,NaN,NaN,NaN
5,NaN,NaN,NaN,NaN,NaN,NaN,NaN,NaN
6,NaN,NaN,NaN,NaN,NaN,NaN,NaN,NaN
7,NaN,NaN,NaN,NaN,NaN,NaN,NaN,NaN
8,NaN,NaN,NaN,NaN,NaN,NaN,NaN,NaN
9,NaN,NaN,NaN,NaN,NaN,NaN,NaN,NaN
10,NaN,NaN,NaN,NaN,NaN,NaN,NaN,NaN
11,NaN,NaN,NaN,NaN,NaN,NaN,NaN,NaN
1,NaN,NaN,NaN,NaN,NaN,NaN,NaN,NaN
2,NaN,NaN,NaN,NaN,NaN,NaN,NaN,NaN
3,NaN,NaN,NaN,NaN,NaN,NaN,NaN,NaN
4,NaN,NaN,NaN,NaN,NaN,NaN,NaN,NaN
5,NaN,NaN,NaN,NaN,NaN,NaN,NaN,NaN
6,NaN,NaN,NaN,NaN,NaN,NaN,NaN,NaN
7,NaN,NaN,NaN,NaN,NaN,NaN,NaN,NaN
8,NaN,NaN,NaN,NaN,NaN,NaN,NaN,NaN
9,NaN,NaN,NaN,NaN,NaN,NaN,NaN,NaN
10,NaN,NaN,NaN,NaN,NaN,NaN,NaN,NaN
11,NaN,NaN,NaN,NaN,NaN,NaN,NaN,NaN
1,NaN,NaN,NaN,NaN,NaN,NaN,NaN,NaN
2,NaN,NaN,NaN,NaN,NaN,NaN,NaN,NaN
3,NaN,NaN,NaN,NaN,NaN,NaN,NaN,NaN
4,NaN,NaN,NaN,NaN,NaN,NaN,NaN,NaN
5,NaN,NaN,NaN,NaN,NaN,NaN,NaN,NaN
6,NaN,NaN,NaN,NaN,NaN,NaN,NaN,NaN
7,NaN,NaN,NaN,NaN,NaN,NaN,NaN,NaN
8,NaN,NaN,NaN,NaN,NaN,NaN,NaN,NaN
9,NaN,NaN,NaN,NaN,NaN,NaN,NaN,NaN
10,NaN,NaN,NaN,NaN,NaN,NaN,NaN,NaN
11,NaN,NaN,NaN,NaN,NaN,NaN,NaN,NaN
1,NaN,NaN,NaN,NaN,NaN,NaN,NaN,NaN
2,NaN,NaN,NaN,NaN,NaN,NaN,NaN,NaN
3,NaN,NaN,NaN,NaN,NaN,NaN,NaN,NaN
4,NaN,NaN,NaN,NaN,NaN,NaN,NaN,NaN
5,NaN,NaN,NaN,NaN,NaN,NaN,NaN,NaN
6,NaN,NaN,NaN,NaN,NaN,NaN,NaN,NaN
7,NaN,NaN,NaN,NaN,NaN,NaN,NaN,NaN
8,NaN,NaN,NaN,NaN,NaN,NaN,NaN,NaN
9,NaN,NaN,NaN,NaN,NaN,NaN,NaN,NaN
10,NaN,NaN,NaN,NaN,NaN,NaN,NaN,NaN
11,NaN,NaN,NaN,NaN,NaN,NaN,NaN,NaN
1,NaN,NaN,NaN,NaN,NaN,NaN,NaN,NaN
2,NaN,NaN,NaN,NaN,NaN,NaN,NaN,NaN
3,NaN,NaN,NaN,NaN,NaN,NaN,NaN,NaN
4,NaN,NaN,NaN,NaN,NaN,NaN,NaN,NaN
5,NaN,NaN,NaN,NaN,NaN,NaN,NaN,NaN
6,NaN,NaN,NaN,NaN,NaN,NaN,NaN,NaN
7,NaN,NaN,NaN,NaN,NaN,NaN,NaN,NaN
8,NaN,NaN,NaN,NaN,NaN,NaN,NaN,NaN
9,NaN,NaN,NaN,NaN,NaN,NaN,NaN,NaN
10,NaN,NaN,NaN,NaN,NaN,NaN,NaN,NaN
11,NaN,NaN,NaN,NaN,NaN,NaN,NaN,NaN
1,NaN,NaN,NaN,NaN,NaN,NaN,NaN,NaN
2,NaN,NaN,NaN,NaN,NaN,NaN,NaN,NaN
3,NaN,NaN,NaN,NaN,NaN,NaN,NaN,NaN
4,NaN,NaN,NaN,NaN,NaN,NaN,NaN,NaN
5,NaN,NaN,NaN,NaN,NaN,NaN,NaN,NaN
6,NaN,NaN,NaN,NaN,NaN,NaN,NaN,NaN
7,NaN,NaN,NaN,NaN,NaN,NaN,NaN,NaN
8,NaN,NaN,NaN,NaN,NaN,NaN,NaN,NaN
9,NaN,NaN,NaN,NaN,NaN,NaN,NaN,NaN
10,NaN,NaN,NaN,NaN,NaN,NaN,NaN,NaN
11,NaN,NaN,NaN,NaN,NaN,NaN,NaN,NaN
1,NaN,NaN,NaN,NaN,NaN,NaN,NaN,NaN
2,NaN,NaN,NaN,NaN,NaN,NaN,NaN,NaN
3,NaN,NaN,NaN,NaN,NaN,NaN,NaN,NaN
4,NaN,NaN,NaN,NaN,NaN,NaN,NaN,NaN
5,NaN,NaN,NaN,NaN,NaN,NaN,NaN,NaN
6,NaN,NaN,NaN,NaN,NaN,NaN,NaN,NaN
7,NaN,NaN,NaN,NaN,NaN,NaN,NaN,NaN
8,NaN,NaN,NaN,NaN,NaN,NaN,NaN,NaN
9,NaN,NaN,NaN,NaN,NaN,NaN,NaN,NaN
10,NaN,NaN,NaN,NaN,NaN,NaN,NaN,NaN
11,NaN,NaN,NaN,NaN,NaN,NaN,NaN,NaN
1,NaN,NaN,NaN,NaN,NaN,NaN,NaN,NaN
2,NaN,NaN,NaN,NaN,NaN,NaN,NaN,NaN
3,NaN,NaN,NaN,NaN,NaN,NaN,NaN,NaN
4,NaN,NaN,NaN,NaN,NaN,NaN,NaN,NaN
5,NaN,NaN,NaN,NaN,NaN,NaN,NaN,NaN
6,NaN,NaN,NaN,NaN,NaN,NaN,NaN,NaN
7,NaN,NaN,NaN,NaN,NaN,NaN,NaN,NaN
8,NaN,NaN,NaN,NaN,NaN,NaN,NaN,NaN
9,NaN,NaN,NaN,NaN,NaN,NaN,NaN,NaN
10,NaN,NaN,NaN,NaN,NaN,NaN,NaN,NaN
11,NaN,NaN,NaN,NaN,NaN,NaN,NaN,NaN
1,NaN,NaN,NaN,NaN,NaN,NaN,NaN,NaN
2,NaN,NaN,NaN,NaN,NaN,NaN,NaN,NaN
3,NaN,NaN,NaN,NaN,NaN,NaN,NaN,NaN
4,NaN,NaN,NaN,NaN,NaN,NaN,NaN,NaN
5,NaN,NaN,NaN,NaN,NaN,NaN,NaN,NaN
6,NaN,NaN,NaN,NaN,NaN,NaN,NaN,NaN
7,NaN,NaN,NaN,NaN,NaN,NaN,NaN,NaN
8,NaN,NaN,NaN,NaN,NaN,NaN,NaN,NaN
9,NaN,NaN,NaN,NaN,NaN,NaN,NaN,NaN
10,NaN,NaN,NaN,NaN,NaN,NaN,NaN,NaN
11,NaN,NaN,NaN,NaN,NaN,NaN,NaN,NaN
1,NaN,NaN,NaN,NaN,NaN,NaN,NaN,NaN
2,NaN,NaN,NaN,NaN,NaN,NaN,NaN,NaN
3,NaN,NaN,NaN,NaN,NaN,NaN,NaN,NaN
4,NaN,NaN,NaN,NaN,NaN,NaN,NaN,NaN
5,NaN,NaN,NaN,NaN,NaN,NaN,NaN,NaN
6,NaN,NaN,NaN,NaN,NaN,NaN,NaN,NaN
7,NaN,NaN,NaN,NaN,NaN,NaN,NaN,NaN
8,NaN,NaN,NaN,NaN,NaN,NaN,NaN,NaN
9,NaN,NaN,NaN,NaN,NaN,NaN,NaN,NaN
10,NaN,NaN,NaN,NaN,NaN,NaN,NaN,NaN
11,NaN,NaN,NaN,NaN,NaN,NaN,NaN,NaN
1,NaN,NaN,NaN,NaN,NaN,NaN,NaN,NaN
2,NaN,NaN,NaN,NaN,NaN,NaN,NaN,NaN
3,NaN,NaN,NaN,NaN,NaN,NaN,NaN,NaN
4,NaN,NaN,NaN,NaN,NaN,NaN,NaN,NaN
5,NaN,NaN,NaN,NaN,NaN,NaN,NaN,NaN
6,NaN,NaN,NaN,NaN,NaN,NaN,NaN,NaN
7,NaN,NaN,NaN,NaN,NaN,NaN,NaN,NaN
8,NaN,NaN,NaN,NaN,NaN,NaN,NaN,NaN
9,NaN,NaN,NaN,NaN,NaN,NaN,NaN,NaN
10,NaN,NaN,NaN,NaN,NaN,NaN,NaN,NaN
11,NaN,NaN,NaN,NaN,NaN,NaN,NaN,NaN
1,NaN,NaN,NaN,NaN,NaN,NaN,NaN,NaN
2,NaN,NaN,NaN,NaN,NaN,NaN,NaN,NaN
3,NaN,NaN,NaN,NaN,NaN,NaN,NaN,NaN
4,NaN,NaN,NaN,NaN,NaN,NaN,NaN,NaN
5,NaN,NaN,NaN,NaN,NaN,NaN,NaN,NaN
6,NaN,NaN,NaN,NaN,NaN,NaN,NaN,NaN
7,NaN,NaN,NaN,NaN,NaN,NaN,NaN,NaN
8,NaN,NaN,NaN,NaN,NaN,NaN,NaN,NaN
9,NaN,NaN,NaN,NaN,NaN,NaN,NaN,NaN
10,NaN,NaN,NaN,NaN,NaN,NaN,NaN,NaN
11,NaN,NaN,NaN,NaN,NaN,NaN,NaN,NaN
1,NaN,NaN,NaN,NaN,NaN,NaN,NaN,NaN
2,NaN,NaN,NaN,NaN,NaN,NaN,NaN,NaN
3,NaN,NaN,NaN,NaN,NaN,NaN,NaN,NaN
4,NaN,NaN,NaN,NaN,NaN,NaN,NaN,NaN
5,NaN,NaN,NaN,NaN,NaN,NaN,NaN,NaN
6,NaN,NaN,NaN,NaN,NaN,NaN,NaN,NaN
7,NaN,NaN,NaN,NaN,NaN,NaN,NaN,NaN
8,NaN,NaN,NaN,NaN,NaN,NaN,NaN,NaN
9,NaN,NaN,NaN,NaN,NaN,NaN,NaN,NaN
10,NaN,NaN,NaN,NaN,NaN,NaN,NaN,NaN
11,NaN,NaN,NaN,NaN,NaN,NaN,NaN,NaN
1,NaN,NaN,NaN,NaN,NaN,NaN,NaN,NaN
2,NaN,NaN,NaN,NaN,NaN,NaN,NaN,NaN
3,NaN,NaN,NaN,NaN,NaN,NaN,NaN,NaN
4,NaN,NaN,NaN,NaN,NaN,NaN,NaN,NaN
5,NaN,NaN,NaN,NaN,NaN,NaN,NaN,NaN
6,NaN,NaN,NaN,NaN,NaN,NaN,NaN,NaN
7,NaN,NaN,NaN,NaN,NaN,NaN,NaN,NaN
8,NaN,NaN,NaN,NaN,NaN,NaN,NaN,NaN
9,NaN,NaN,NaN,NaN,NaN,NaN,NaN,NaN
10,NaN,NaN,NaN,NaN,NaN,NaN,NaN,NaN
11,NaN,NaN,NaN,NaN,NaN,NaN,NaN,NaN
1,NaN,NaN,NaN,NaN,NaN,NaN,NaN,NaN
2,NaN,NaN,NaN,NaN,NaN,NaN,NaN,NaN
3,NaN,NaN,NaN,NaN,NaN,NaN,NaN,NaN
4,NaN,NaN,NaN,NaN,NaN,NaN,NaN,NaN
5,NaN,NaN,NaN,NaN,NaN,NaN,NaN,NaN
6,NaN,NaN,NaN,NaN,NaN,NaN,NaN,NaN
7,NaN,NaN,NaN,NaN,NaN,NaN,NaN,NaN
8,NaN,NaN,NaN,NaN,NaN,NaN,NaN,NaN
9,NaN,NaN,NaN,NaN,NaN,NaN,NaN,NaN
10,NaN,NaN,NaN,NaN,NaN,NaN,NaN,NaN
11,NaN,NaN,NaN,NaN,NaN,NaN,NaN,NaN
1,NaN,NaN,NaN,NaN,NaN,NaN,NaN,NaN
2,NaN,NaN,NaN,NaN,NaN,NaN,NaN,NaN
3,NaN,NaN,NaN,NaN,NaN,NaN,NaN,NaN
4,NaN,NaN,NaN,NaN,NaN,NaN,NaN,NaN
5,NaN,NaN,NaN,NaN,NaN,NaN,NaN,NaN
6,NaN,NaN,NaN,NaN,NaN,NaN,NaN,NaN
7,NaN,NaN,NaN,NaN,NaN,NaN,NaN,NaN
8,NaN,NaN,NaN,NaN,NaN,NaN,NaN,NaN
9,NaN,NaN,NaN,NaN,NaN,NaN,NaN,NaN
10,NaN,NaN,NaN,NaN,NaN,NaN,NaN,NaN
11,NaN,NaN,NaN,NaN,NaN,NaN,NaN,NaN
1,NaN,NaN,NaN,NaN,NaN,NaN,NaN,NaN
2,NaN,NaN,NaN,NaN,NaN,NaN,NaN,NaN
3,NaN,NaN,NaN,NaN,NaN,NaN,NaN,NaN
4,NaN,NaN,NaN,NaN,NaN,NaN,NaN,NaN
5,NaN,NaN,NaN,NaN,NaN,NaN,NaN,NaN
6,NaN,NaN,NaN,NaN,NaN,NaN,NaN,NaN
7,NaN,NaN,NaN,NaN,NaN,NaN,NaN,NaN
8,NaN,NaN,NaN,NaN,NaN,NaN,NaN,NaN
9,NaN,NaN,NaN,NaN,NaN,NaN,NaN,NaN
10,NaN,NaN,NaN,NaN,NaN,NaN,NaN,NaN
11,NaN,NaN,NaN,NaN,NaN,NaN,NaN,NaN
1,NaN,NaN,NaN,NaN,NaN,NaN,NaN,NaN
2,NaN,NaN,NaN,NaN,NaN,NaN,NaN,NaN
3,NaN,NaN,NaN,NaN,NaN,NaN,NaN,NaN
4,NaN,NaN,NaN,NaN,NaN,NaN,NaN,NaN
5,NaN,NaN,NaN,NaN,NaN,NaN,NaN,NaN
6,NaN,NaN,NaN,NaN,NaN,NaN,NaN,NaN
7,NaN,NaN,NaN,NaN,NaN,NaN,NaN,NaN
8,NaN,NaN,NaN,NaN,NaN,NaN,NaN,NaN
9,NaN,NaN,NaN,NaN,NaN,NaN,NaN,NaN
10,NaN,NaN,NaN,NaN,NaN,NaN,NaN,NaN
11,NaN,NaN,NaN,NaN,NaN,NaN,NaN,NaN
1,NaN,NaN,NaN,NaN,NaN,NaN,NaN,NaN
2,NaN,NaN,NaN,NaN,NaN,NaN,NaN,NaN
3,NaN,NaN,NaN,NaN,NaN,NaN,NaN,NaN
4,NaN,NaN,NaN,NaN,NaN,NaN,NaN,NaN
5,NaN,NaN,NaN,NaN,NaN,NaN,NaN,NaN
6,NaN,NaN,NaN,NaN,NaN,NaN,NaN,NaN
7,NaN,NaN,NaN,NaN,NaN,NaN,NaN,NaN
8,NaN,NaN,NaN,NaN,NaN,NaN,NaN,NaN
9,NaN,NaN,NaN,NaN,NaN,NaN,NaN,NaN
10,NaN,NaN,NaN,NaN,NaN,NaN,NaN,NaN
11,NaN,NaN,NaN,NaN,NaN,NaN,NaN,NaN
1,NaN,NaN,NaN,NaN,NaN,NaN,NaN,NaN
2,NaN,NaN,NaN,NaN,NaN,NaN,NaN,NaN
3,NaN,NaN,NaN,NaN,NaN,NaN,NaN,NaN
4,NaN,NaN,NaN,NaN,NaN,NaN,NaN,NaN
5,NaN,NaN,NaN,NaN,NaN,NaN,NaN,NaN
6,NaN,NaN,NaN,NaN,NaN,NaN,NaN,NaN
7,NaN,NaN,NaN,NaN,NaN,NaN,NaN,NaN
8,NaN,NaN,NaN,NaN,NaN,NaN,NaN,NaN
9,NaN,NaN,NaN,NaN,NaN,NaN,NaN,NaN
10,NaN,NaN,NaN,NaN,NaN,NaN,NaN,NaN
11,NaN,NaN,NaN,NaN,NaN,NaN,NaN,NaN
1,NaN,NaN,NaN,NaN,NaN,NaN,NaN,NaN
2,NaN,NaN,NaN,NaN,NaN,NaN,NaN,NaN
3,NaN,NaN,NaN,NaN,NaN,NaN,NaN,NaN
4,NaN,NaN,NaN,NaN,NaN,NaN,NaN,NaN
5,NaN,NaN,NaN,NaN,NaN,NaN,NaN,NaN
6,NaN,NaN,NaN,NaN,NaN,NaN,NaN,NaN
7,NaN,NaN,NaN,NaN,NaN,NaN,NaN,NaN
8,NaN,NaN,NaN,NaN,NaN,NaN,NaN,NaN
9,NaN,NaN,NaN,NaN,NaN,NaN,NaN,NaN
10,NaN,NaN,NaN,NaN,NaN,NaN,NaN,NaN
11,NaN,NaN,NaN,NaN,NaN,NaN,NaN,NaN
1,NaN,NaN,NaN,NaN,NaN,NaN,NaN,NaN
2,NaN,NaN,NaN,NaN,NaN,NaN,NaN,NaN
3,NaN,NaN,NaN,NaN,NaN,NaN,NaN,NaN
4,NaN,NaN,NaN,NaN,NaN,NaN,NaN,NaN
5,NaN,NaN,NaN,NaN,NaN,NaN,NaN,NaN
6,NaN,NaN,NaN,NaN,NaN,NaN,NaN,NaN
7,NaN,NaN,NaN,NaN,NaN,NaN,NaN,NaN
8,NaN,NaN,NaN,NaN,NaN,NaN,NaN,NaN
9,NaN,NaN,NaN,NaN,NaN,NaN,NaN,NaN
10,NaN,NaN,NaN,NaN,NaN,NaN,NaN,NaN
11,NaN,NaN,NaN,NaN,NaN,NaN,NaN,NaN
1,NaN,NaN,NaN,NaN,NaN,NaN,NaN,NaN
2,NaN,NaN,NaN,NaN,NaN,NaN,NaN,NaN
3,NaN,NaN,NaN,NaN,NaN,NaN,NaN,NaN
4,NaN,NaN,NaN,NaN,NaN,NaN,NaN,NaN
5,NaN,NaN,NaN,NaN,NaN,NaN,NaN,NaN
6,NaN,NaN,NaN,NaN,NaN,NaN,NaN,NaN
7,NaN,NaN,NaN,NaN,NaN,NaN,NaN,NaN
8,NaN,NaN,NaN,NaN,NaN,NaN,NaN,NaN
9,NaN,NaN,NaN,NaN,NaN,NaN,NaN,NaN
10,NaN,NaN,NaN,NaN,NaN,NaN,NaN,NaN
11,NaN,NaN,NaN,NaN,NaN,NaN,NaN,NaN
1,NaN,NaN,NaN,NaN,NaN,NaN,NaN,NaN
2,NaN,NaN,NaN,NaN,NaN,NaN,NaN,NaN
3,NaN,NaN,NaN,NaN,NaN,NaN,NaN,NaN
4,NaN,NaN,NaN,NaN,NaN,NaN,NaN,NaN
5,NaN,NaN,NaN,NaN,NaN,NaN,NaN,NaN
6,NaN,NaN,NaN,NaN,NaN,NaN,NaN,NaN
7,NaN,NaN,NaN,NaN,NaN,NaN,NaN,NaN
8,NaN,NaN,NaN,NaN,NaN,NaN,NaN,NaN
9,NaN,NaN,NaN,NaN,NaN,NaN,NaN,NaN
10,NaN,NaN,NaN,NaN,NaN,NaN,NaN,NaN
11,NaN,NaN,NaN,NaN,NaN,NaN,NaN,NaN
1,NaN,NaN,NaN,NaN,NaN,NaN,NaN,NaN
2,NaN,NaN,NaN,NaN,NaN,NaN,NaN,NaN
3,NaN,NaN,NaN,NaN,NaN,NaN,NaN,NaN
4,NaN,NaN,NaN,NaN,NaN,NaN,NaN,NaN
5,NaN,NaN,NaN,NaN,NaN,NaN,NaN,NaN
6,NaN,NaN,NaN,NaN,NaN,NaN,NaN,NaN
7,NaN,NaN,NaN,NaN,NaN,NaN,NaN,NaN
8,NaN,NaN,NaN,NaN,NaN,NaN,NaN,NaN
9,NaN,NaN,NaN,NaN,NaN,NaN,NaN,NaN
10,NaN,NaN,NaN,NaN,NaN,NaN,NaN,NaN
11,NaN,NaN,NaN,NaN,NaN,NaN,NaN,NaN
1,NaN,NaN,NaN,NaN,NaN,NaN,NaN,NaN
2,NaN,NaN,NaN,NaN,NaN,NaN,NaN,NaN
3,NaN,NaN,NaN,NaN,NaN,NaN,NaN,NaN
4,NaN,NaN,NaN,NaN,NaN,NaN,NaN,NaN
5,NaN,NaN,NaN,NaN,NaN,NaN,NaN,NaN
6,NaN,NaN,NaN,NaN,NaN,NaN,NaN,NaN
7,NaN,NaN,NaN,NaN,NaN,NaN,NaN,NaN
8,NaN,NaN,NaN,NaN,NaN,NaN,NaN,NaN
9,NaN,NaN,NaN,NaN,NaN,NaN,NaN,NaN
10,NaN,NaN,NaN,NaN,NaN,NaN,NaN,NaN
11,NaN,NaN,NaN,NaN,NaN,NaN,NaN,NaN
1,NaN,NaN,NaN,NaN,NaN,NaN,NaN,NaN
2,NaN,NaN,NaN,NaN,NaN,NaN,NaN,NaN
3,NaN,NaN,NaN,NaN,NaN,NaN,NaN,NaN
4,NaN,NaN,NaN,NaN,NaN,NaN,NaN,NaN
5,NaN,NaN,NaN,NaN,NaN,NaN,NaN,NaN
6,NaN,NaN,NaN,NaN,NaN,NaN,NaN,NaN
7,NaN,NaN,NaN,NaN,NaN,NaN,NaN,NaN
8,NaN,NaN,NaN,NaN,NaN,NaN,NaN,NaN
9,NaN,NaN,NaN,NaN,NaN,NaN,NaN,NaN
10,NaN,NaN,NaN,NaN,NaN,NaN,NaN,NaN
11,NaN,NaN,NaN,NaN,NaN,NaN,NaN,NaN
1,NaN,NaN,NaN,NaN,NaN,NaN,NaN,NaN
2,NaN,NaN,NaN,NaN,NaN,NaN,NaN,NaN
3,NaN,NaN,NaN,NaN,NaN,NaN,NaN,NaN
4,NaN,NaN,NaN,NaN,NaN,NaN,NaN,NaN
5,NaN,NaN,NaN,NaN,NaN,NaN,NaN,NaN
6,NaN,NaN,NaN,NaN,NaN,NaN,NaN,NaN
7,NaN,NaN,NaN,NaN,NaN,NaN,NaN,NaN
8,NaN,NaN,NaN,NaN,NaN,NaN,NaN,NaN
9,NaN,NaN,NaN,NaN,NaN,NaN,NaN,NaN
10,NaN,NaN,NaN,NaN,NaN,NaN,NaN,NaN
11,NaN,NaN,NaN,NaN,NaN,NaN,NaN,NaN
1,NaN,NaN,NaN,NaN,NaN,NaN,NaN,NaN
2,NaN,NaN,NaN,NaN,NaN,NaN,NaN,NaN
3,NaN,NaN,NaN,NaN,NaN,NaN,NaN,NaN
4,NaN,NaN,NaN,NaN,NaN,NaN,NaN,NaN
5,NaN,NaN,NaN,NaN,NaN,NaN,NaN,NaN
6,NaN,NaN,NaN,NaN,NaN,NaN,NaN,NaN
7,NaN,NaN,NaN,NaN,NaN,NaN,NaN,NaN
8,NaN,NaN,NaN,NaN,NaN,NaN,NaN,NaN
9,NaN,NaN,NaN,NaN,NaN,NaN,NaN,NaN
10,NaN,NaN,NaN,NaN,NaN,NaN,NaN,NaN
11,NaN,NaN,NaN,NaN,NaN,NaN,NaN,NaN
1,NaN,NaN,NaN,NaN,NaN,NaN,NaN,NaN
2,NaN,NaN,NaN,NaN,NaN,NaN,NaN,NaN
3,NaN,NaN,NaN,NaN,NaN,NaN,NaN,NaN
4,NaN,NaN,NaN,NaN,NaN,NaN,NaN,NaN
5,NaN,NaN,NaN,NaN,NaN,NaN,NaN,NaN
6,NaN,NaN,NaN,NaN,NaN,NaN,NaN,NaN
7,NaN,NaN,NaN,NaN,NaN,NaN,NaN,NaN
8,NaN,NaN,NaN,NaN,NaN,NaN,NaN,NaN
9,NaN,NaN,NaN,NaN,NaN,NaN,NaN,NaN
10,NaN,NaN,NaN,NaN,NaN,NaN,NaN,NaN
11,NaN,NaN,NaN,NaN,NaN,NaN,NaN,NaN
1,NaN,NaN,NaN,NaN,NaN,NaN,NaN,NaN
2,NaN,NaN,NaN,NaN,NaN,NaN,NaN,NaN
3,NaN,NaN,NaN,NaN,NaN,NaN,NaN,NaN
4,NaN,NaN,NaN,NaN,NaN,NaN,NaN,NaN
5,NaN,NaN,NaN,NaN,NaN,NaN,NaN,NaN
6,NaN,NaN,NaN,NaN,NaN,NaN,NaN,NaN
7,NaN,NaN,NaN,NaN,NaN,NaN,NaN,NaN
8,NaN,NaN,NaN,NaN,NaN,NaN,NaN,NaN
9,NaN,NaN,NaN,NaN,NaN,NaN,NaN,NaN
10,NaN,NaN,NaN,NaN,NaN,NaN,NaN,NaN
11,NaN,NaN,NaN,NaN,NaN,NaN,NaN,NaN
1,NaN,NaN,NaN,NaN,NaN,NaN,NaN,NaN
2,NaN,NaN,NaN,NaN,NaN,NaN,NaN,NaN
3,NaN,NaN,NaN,NaN,NaN,NaN,NaN,NaN
4,NaN,NaN,NaN,NaN,NaN,NaN,NaN,NaN
5,NaN,NaN,NaN,NaN,NaN,NaN,NaN,NaN
6,NaN,NaN,NaN,NaN,NaN,NaN,NaN,NaN
7,NaN,NaN,NaN,NaN,NaN,NaN,NaN,NaN
8,NaN,NaN,NaN,NaN,NaN,NaN,NaN,NaN
9,NaN,NaN,NaN,NaN,NaN,NaN,NaN,NaN
10,NaN,NaN,NaN,NaN,NaN,NaN,NaN,NaN
11,NaN,NaN,NaN,NaN,NaN,NaN,NaN,NaN
1,NaN,NaN,NaN,NaN,NaN,NaN,NaN,NaN
2,NaN,NaN,NaN,NaN,NaN,NaN,NaN,NaN
3,NaN,NaN,NaN,NaN,NaN,NaN,NaN,NaN
4,NaN,NaN,NaN,NaN,NaN,NaN,NaN,NaN
5,NaN,NaN,NaN,NaN,NaN,NaN,NaN,NaN
6,NaN,NaN,NaN,NaN,NaN,NaN,NaN,NaN
7,NaN,NaN,NaN,NaN,NaN,NaN,NaN,NaN
8,NaN,NaN,NaN,NaN,NaN,NaN,NaN,NaN
9,NaN,NaN,NaN,NaN,NaN,NaN,NaN,NaN
10,NaN,NaN,NaN,NaN,NaN,NaN,NaN,NaN
11,NaN,NaN,NaN,NaN,NaN,NaN,NaN,NaN
1,NaN,NaN,NaN,NaN,NaN,NaN,NaN,NaN
2,NaN,NaN,NaN,NaN,NaN,NaN,NaN,NaN
3,NaN,NaN,NaN,NaN,NaN,NaN,NaN,NaN
4,NaN,NaN,NaN,NaN,NaN,NaN,NaN,NaN
5,NaN,NaN,NaN,NaN,NaN,NaN,NaN,NaN
6,NaN,NaN,NaN,NaN,NaN,NaN,NaN,NaN
7,NaN,NaN,NaN,NaN,NaN,NaN,NaN,NaN
8,NaN,NaN,NaN,NaN,NaN,NaN,NaN,NaN
9,NaN,NaN,NaN,NaN,NaN,NaN,NaN,NaN
10,NaN,NaN,NaN,NaN,NaN,NaN,NaN,NaN
11,NaN,NaN,NaN,NaN,NaN,NaN,NaN,NaN
1,NaN,NaN,NaN,NaN,NaN,NaN,NaN,NaN
2,NaN,NaN,NaN,NaN,NaN,NaN,NaN,NaN
3,NaN,NaN,NaN,NaN,NaN,NaN,NaN,NaN
4,NaN,NaN,NaN,NaN,NaN,NaN,NaN,NaN
5,NaN,NaN,NaN,NaN,NaN,NaN,NaN,NaN
6,NaN,NaN,NaN,NaN,NaN,NaN,NaN,NaN
7,NaN,NaN,NaN,NaN,NaN,NaN,NaN,NaN
8,NaN,NaN,NaN,NaN,NaN,NaN,NaN,NaN
9,NaN,NaN,NaN,NaN,NaN,NaN,NaN,NaN
10,NaN,NaN,NaN,NaN,NaN,NaN,NaN,NaN
11,NaN,NaN,NaN,NaN,NaN,NaN,NaN,NaN
1,NaN,NaN,NaN,NaN,NaN,NaN,NaN,NaN
2,NaN,NaN,NaN,NaN,NaN,NaN,NaN,NaN
3,NaN,NaN,NaN,NaN,NaN,NaN,NaN,NaN
4,NaN,NaN,NaN,NaN,NaN,NaN,NaN,NaN
5,NaN,NaN,NaN,NaN,NaN,NaN,NaN,NaN
6,NaN,NaN,NaN,NaN,NaN,NaN,NaN,NaN
7,NaN,NaN,NaN,NaN,NaN,NaN,NaN,NaN
8,NaN,NaN,NaN,NaN,NaN,NaN,NaN,NaN
9,NaN,NaN,NaN,NaN,NaN,NaN,NaN,NaN
10,NaN,NaN,NaN,NaN,NaN,NaN,NaN,NaN
11,NaN,NaN,NaN,NaN,NaN,NaN,NaN,NaN
1,NaN,NaN,NaN,NaN,NaN,NaN,NaN,NaN
2,NaN,NaN,NaN,NaN,NaN,NaN,NaN,NaN
3,NaN,NaN,NaN,NaN,NaN,NaN,NaN,NaN
4,NaN,NaN,NaN,NaN,NaN,NaN,NaN,NaN
5,NaN,NaN,NaN,NaN,NaN,NaN,NaN,NaN
6,NaN,NaN,NaN,NaN,NaN,NaN,NaN,NaN
7,NaN,NaN,NaN,NaN,NaN,NaN,NaN,NaN
8,NaN,NaN,NaN,NaN,NaN,NaN,NaN,NaN
9,NaN,NaN,NaN,NaN,NaN,NaN,NaN,NaN
10,NaN,NaN,NaN,NaN,NaN,NaN,NaN,NaN
11,NaN,NaN,NaN,NaN,NaN,NaN,NaN,NaN
1,NaN,NaN,NaN,NaN,NaN,NaN,NaN,NaN
2,NaN,NaN,NaN,NaN,NaN,NaN,NaN,NaN
3,NaN,NaN,NaN,NaN,NaN,NaN,NaN,NaN
4,NaN,NaN,NaN,NaN,NaN,NaN,NaN,NaN
5,NaN,NaN,NaN,NaN,NaN,NaN,NaN,NaN
6,NaN,NaN,NaN,NaN,NaN,NaN,NaN,NaN
7,NaN,NaN,NaN,NaN,NaN,NaN,NaN,NaN
8,NaN,NaN,NaN,NaN,NaN,NaN,NaN,NaN
9,NaN,NaN,NaN,NaN,NaN,NaN,NaN,NaN
10,NaN,NaN,NaN,NaN,NaN,NaN,NaN,NaN
11,NaN,NaN,NaN,NaN,NaN,NaN,NaN,NaN
1,NaN,NaN,NaN,NaN,NaN,NaN,NaN,NaN
2,NaN,NaN,NaN,NaN,NaN,NaN,NaN,NaN
3,NaN,NaN,NaN,NaN,NaN,NaN,NaN,NaN
4,NaN,NaN,NaN,NaN,NaN,NaN,NaN,NaN
5,NaN,NaN,NaN,NaN,NaN,NaN,NaN,NaN
6,NaN,NaN,NaN,NaN,NaN,NaN,NaN,NaN
7,NaN,NaN,NaN,NaN,NaN,NaN,NaN,NaN
8,NaN,NaN,NaN,NaN,NaN,NaN,NaN,NaN
9,NaN,NaN,NaN,NaN,NaN,NaN,NaN,NaN
10,NaN,NaN,NaN,NaN,NaN,NaN,NaN,NaN
11,NaN,NaN,NaN,NaN,NaN,NaN,NaN,NaN
1,NaN,NaN,NaN,NaN,NaN,NaN,NaN,NaN
2,NaN,NaN,NaN,NaN,NaN,NaN,NaN,NaN
3,NaN,NaN,NaN,NaN,NaN,NaN,NaN,NaN
4,NaN,NaN,NaN,NaN,NaN,NaN,NaN,NaN
5,NaN,NaN,NaN,NaN,NaN,NaN,NaN,NaN
6,NaN,NaN,NaN,NaN,NaN,NaN,NaN,NaN
7,NaN,NaN,NaN,NaN,NaN,NaN,NaN,NaN
8,NaN,NaN,NaN,NaN,NaN,NaN,NaN,NaN
9,NaN,NaN,NaN,NaN,NaN,NaN,NaN,NaN
10,NaN,NaN,NaN,NaN,NaN,NaN,NaN,NaN
11,NaN,NaN,NaN,NaN,NaN,NaN,NaN,NaN
1,NaN,NaN,NaN,NaN,NaN,NaN,NaN,NaN
2,NaN,NaN,NaN,NaN,NaN,NaN,NaN,NaN
3,NaN,NaN,NaN,NaN,NaN,NaN,NaN,NaN
4,NaN,NaN,NaN,NaN,NaN,NaN,NaN,NaN
5,NaN,NaN,NaN,NaN,NaN,NaN,NaN,NaN
6,NaN,NaN,NaN,NaN,NaN,NaN,NaN,NaN
7,NaN,NaN,NaN,NaN,NaN,NaN,NaN,NaN
8,NaN,NaN,NaN,NaN,NaN,NaN,NaN,NaN
9,NaN,NaN,NaN,NaN,NaN,NaN,NaN,NaN
10,NaN,NaN,NaN,NaN,NaN,NaN,NaN,NaN
11,NaN,NaN,NaN,NaN,NaN,NaN,NaN,NaN
1,NaN,NaN,NaN,NaN,NaN,NaN,NaN,NaN
2,NaN,NaN,NaN,NaN,NaN,NaN,NaN,NaN
3,NaN,NaN,NaN,NaN,NaN,NaN,NaN,NaN
4,NaN,NaN,NaN,NaN,NaN,NaN,NaN,NaN
5,NaN,NaN,NaN,NaN,NaN,NaN,NaN,NaN
6,NaN,NaN,NaN,NaN,NaN,NaN,NaN,NaN
7,NaN,NaN,NaN,NaN,NaN,NaN,NaN,NaN
8,NaN,NaN,NaN,NaN,NaN,NaN,NaN,NaN
9,NaN,NaN,NaN,NaN,NaN,NaN,NaN,NaN
10,NaN,NaN,NaN,NaN,NaN,NaN,NaN,NaN
11,NaN,NaN,NaN,NaN,NaN,NaN,NaN,NaN
1,NaN,NaN,NaN,NaN,NaN,NaN,NaN,NaN
2,NaN,NaN,NaN,NaN,NaN,NaN,NaN,NaN
3,NaN,NaN,NaN,NaN,NaN,NaN,NaN,NaN
4,NaN,NaN,NaN,NaN,NaN,NaN,NaN,NaN
5,NaN,NaN,NaN,NaN,NaN,NaN,NaN,NaN
6,NaN,NaN,NaN,NaN,NaN,NaN,NaN,NaN
7,NaN,NaN,NaN,NaN,NaN,NaN,NaN,NaN
8,NaN,NaN,NaN,NaN,NaN,NaN,NaN,NaN
9,NaN,NaN,NaN,NaN,NaN,NaN,NaN,NaN
10,NaN,NaN,NaN,NaN,NaN,NaN,NaN,NaN
11,NaN,NaN,NaN,NaN,NaN,NaN,NaN,NaN
1,NaN,NaN,NaN,NaN,NaN,NaN,NaN,NaN
2,NaN,NaN,NaN,NaN,NaN,NaN,NaN,NaN
3,NaN,NaN,NaN,NaN,NaN,NaN,NaN,NaN
4,NaN,NaN,NaN,NaN,NaN,NaN,NaN,NaN
5,NaN,NaN,NaN,NaN,NaN,NaN,NaN,NaN
6,NaN,NaN,NaN,NaN,NaN,NaN,NaN,NaN
7,NaN,NaN,NaN,NaN,NaN,NaN,NaN,NaN
8,NaN,NaN,NaN,NaN,NaN,NaN,NaN,NaN
9,NaN,NaN,NaN,NaN,NaN,NaN,NaN,NaN
10,NaN,NaN,NaN,NaN,NaN,NaN,NaN,NaN
11,NaN,NaN,NaN,NaN,NaN,NaN,NaN,NaN
1,NaN,NaN,NaN,NaN,NaN,NaN,NaN,NaN
2,NaN,NaN,NaN,NaN,NaN,NaN,NaN,NaN
3,NaN,NaN,NaN,NaN,NaN,NaN,NaN,NaN
4,NaN,NaN,NaN,NaN,NaN,NaN,NaN,NaN
5,NaN,NaN,NaN,NaN,NaN,NaN,NaN,NaN
6,NaN,NaN,NaN,NaN,NaN,NaN,NaN,NaN
7,NaN,NaN,NaN,NaN,NaN,NaN,NaN,NaN
8,NaN,NaN,NaN,NaN,NaN,NaN,NaN,NaN
9,NaN,NaN,NaN,NaN,NaN,NaN,NaN,NaN
10,NaN,NaN,NaN,NaN,NaN,NaN,NaN,NaN
11,NaN,NaN,NaN,NaN,NaN,NaN,NaN,NaN
1,NaN,NaN,NaN,NaN,NaN,NaN,NaN,NaN
2,NaN,NaN,NaN,NaN,NaN,NaN,NaN,NaN
3,NaN,NaN,NaN,NaN,NaN,NaN,NaN,NaN
4,NaN,NaN,NaN,NaN,NaN,NaN,NaN,NaN
5,NaN,NaN,NaN,NaN,NaN,NaN,NaN,NaN
6,NaN,NaN,NaN,NaN,NaN,NaN,NaN,NaN
7,NaN,NaN,NaN,NaN,NaN,NaN,NaN,NaN
8,NaN,NaN,NaN,NaN,NaN,NaN,NaN,NaN
9,NaN,NaN,NaN,NaN,NaN,NaN,NaN,NaN
10,NaN,NaN,NaN,NaN,NaN,NaN,NaN,NaN
11,NaN,NaN,NaN,NaN,NaN,NaN,NaN,NaN
1,NaN,NaN,NaN,NaN,NaN,NaN,NaN,NaN
2,NaN,NaN,NaN,NaN,NaN,NaN,NaN,NaN
3,NaN,NaN,NaN,NaN,NaN,NaN,NaN,NaN
4,NaN,NaN,NaN,NaN,NaN,NaN,NaN,NaN
5,NaN,NaN,NaN,NaN,NaN,NaN,NaN,NaN
6,NaN,NaN,NaN,NaN,NaN,NaN,NaN,NaN
7,NaN,NaN,NaN,NaN,NaN,NaN,NaN,NaN
8,NaN,NaN,NaN,NaN,NaN,NaN,NaN,NaN
9,NaN,NaN,NaN,NaN,NaN,NaN,NaN,NaN
10,NaN,NaN,NaN,NaN,NaN,NaN,NaN,NaN
11,NaN,NaN,NaN,NaN,NaN,NaN,NaN,NaN
1,NaN,NaN,NaN,NaN,NaN,NaN,NaN,NaN
2,NaN,NaN,NaN,NaN,NaN,NaN,NaN,NaN
3,NaN,NaN,NaN,NaN,NaN,NaN,NaN,NaN
4,NaN,NaN,NaN,NaN,NaN,NaN,NaN,NaN
5,NaN,NaN,NaN,NaN,NaN,NaN,NaN,NaN
6,NaN,NaN,NaN,NaN,NaN,NaN,NaN,NaN
7,NaN,NaN,NaN,NaN,NaN,NaN,NaN,NaN
8,NaN,NaN,NaN,NaN,NaN,NaN,NaN,NaN
9,NaN,NaN,NaN,NaN,NaN,NaN,NaN,NaN
10,NaN,NaN,NaN,NaN,NaN,NaN,NaN,NaN
11,NaN,NaN,NaN,NaN,NaN,NaN,NaN,NaN
1,NaN,NaN,NaN,NaN,NaN,NaN,NaN,NaN
2,NaN,NaN,NaN,NaN,NaN,NaN,NaN,NaN
3,NaN,NaN,NaN,NaN,NaN,NaN,NaN,NaN
4,NaN,NaN,NaN,NaN,NaN,NaN,NaN,NaN
5,NaN,NaN,NaN,NaN,NaN,NaN,NaN,NaN
6,NaN,NaN,NaN,NaN,NaN,NaN,NaN,NaN
7,NaN,NaN,NaN,NaN,NaN,NaN,NaN,NaN
8,NaN,NaN,NaN,NaN,NaN,NaN,NaN,NaN
9,NaN,NaN,NaN,NaN,NaN,NaN,NaN,NaN
10,NaN,NaN,NaN,NaN,NaN,NaN,NaN,NaN
11,NaN,NaN,NaN,NaN,NaN,NaN,NaN,NaN
1,NaN,NaN,NaN,NaN,NaN,NaN,NaN,NaN
2,NaN,NaN,NaN,NaN,NaN,NaN,NaN,NaN
3,NaN,NaN,NaN,NaN,NaN,NaN,NaN,NaN
4,NaN,NaN,NaN,NaN,NaN,NaN,NaN,NaN
5,NaN,NaN,NaN,NaN,NaN,NaN,NaN,NaN
6,NaN,NaN,NaN,NaN,NaN,NaN,NaN,NaN
7,NaN,NaN,NaN,NaN,NaN,NaN,NaN,NaN
8,NaN,NaN,NaN,NaN,NaN,NaN,NaN,NaN
9,NaN,NaN,NaN,NaN,NaN,NaN,NaN,NaN
10,NaN,NaN,NaN,NaN,NaN,NaN,NaN,NaN
11,NaN,NaN,NaN,NaN,NaN,NaN,NaN,NaN
1,NaN,NaN,NaN,NaN,NaN,NaN,NaN,NaN
2,NaN,NaN,NaN,NaN,NaN,NaN,NaN,NaN
3,NaN,NaN,NaN,NaN,NaN,NaN,NaN,NaN
4,NaN,NaN,NaN,NaN,NaN,NaN,NaN,NaN
5,NaN,NaN,NaN,NaN,NaN,NaN,NaN,NaN
6,NaN,NaN,NaN,NaN,NaN,NaN,NaN,NaN
7,NaN,NaN,NaN,NaN,NaN,NaN,NaN,NaN
8,NaN,NaN,NaN,NaN,NaN,NaN,NaN,NaN
9,NaN,NaN,NaN,NaN,NaN,NaN,NaN,NaN
10,NaN,NaN,NaN,NaN,NaN,NaN,NaN,NaN
11,NaN,NaN,NaN,NaN,NaN,NaN,NaN,NaN
1,NaN,NaN,NaN,NaN,NaN,NaN,NaN,NaN
2,NaN,NaN,NaN,NaN,NaN,NaN,NaN,NaN
3,NaN,NaN,NaN,NaN,NaN,NaN,NaN,NaN
4,NaN,NaN,NaN,NaN,NaN,NaN,NaN,NaN
5,NaN,NaN,NaN,NaN,NaN,NaN,NaN,NaN
6,NaN,NaN,NaN,NaN,NaN,NaN,NaN,NaN
7,NaN,NaN,NaN,NaN,NaN,NaN,NaN,NaN
8,NaN,NaN,NaN,NaN,NaN,NaN,NaN,NaN
9,NaN,NaN,NaN,NaN,NaN,NaN,NaN,NaN
10,NaN,NaN,NaN,NaN,NaN,NaN,NaN,NaN
11,NaN,NaN,NaN,NaN,NaN,NaN,NaN,NaN
1,NaN,NaN,NaN,NaN,NaN,NaN,NaN,NaN
2,NaN,NaN,NaN,NaN,NaN,NaN,NaN,NaN
3,NaN,NaN,NaN,NaN,NaN,NaN,NaN,NaN
4,NaN,NaN,NaN,NaN,NaN,NaN,NaN,NaN
5,NaN,NaN,NaN,NaN,NaN,NaN,NaN,NaN
6,NaN,NaN,NaN,NaN,NaN,NaN,NaN,NaN
7,NaN,NaN,NaN,NaN,NaN,NaN,NaN,NaN
8,NaN,NaN,NaN,NaN,NaN,NaN,NaN,NaN
9,NaN,NaN,NaN,NaN,NaN,NaN,NaN,NaN
10,NaN,NaN,NaN,NaN,NaN,NaN,NaN,NaN
11,NaN,NaN,NaN,NaN,NaN,NaN,NaN,NaN
1,NaN,NaN,NaN,NaN,NaN,NaN,NaN,NaN
2,NaN,NaN,NaN,NaN,NaN,NaN,NaN,NaN
3,NaN,NaN,NaN,NaN,NaN,NaN,NaN,NaN
4,NaN,NaN,NaN,NaN,NaN,NaN,NaN,NaN
5,NaN,NaN,NaN,NaN,NaN,NaN,NaN,NaN
6,NaN,NaN,NaN,NaN,NaN,NaN,NaN,NaN
7,NaN,NaN,NaN,NaN,NaN,NaN,NaN,NaN
8,NaN,NaN,NaN,NaN,NaN,NaN,NaN,NaN
9,NaN,NaN,NaN,NaN,NaN,NaN,NaN,NaN
10,NaN,NaN,NaN,NaN,NaN,NaN,NaN,NaN
11,NaN,NaN,NaN,NaN,NaN,NaN,NaN,NaN
1,NaN,NaN,NaN,NaN,NaN,NaN,NaN,NaN
2,NaN,NaN,NaN,NaN,NaN,NaN,NaN,NaN
3,NaN,NaN,NaN,NaN,NaN,NaN,NaN,NaN
4,NaN,NaN,NaN,NaN,NaN,NaN,NaN,NaN
5,NaN,NaN,NaN,NaN,NaN,NaN,NaN,NaN
6,NaN,NaN,NaN,NaN,NaN,NaN,NaN,NaN
7,NaN,NaN,NaN,NaN,NaN,NaN,NaN,NaN
8,NaN,NaN,NaN,NaN,NaN,NaN,NaN,NaN
9,NaN,NaN,NaN,NaN,NaN,NaN,NaN,NaN
10,NaN,NaN,NaN,NaN,NaN,NaN,NaN,NaN
11,NaN,NaN,NaN,NaN,NaN,NaN,NaN,NaN
1,NaN,NaN,NaN,NaN,NaN,NaN,NaN,NaN
2,NaN,NaN,NaN,NaN,NaN,NaN,NaN,NaN
3,NaN,NaN,NaN,NaN,NaN,NaN,NaN,NaN
4,NaN,NaN,NaN,NaN,NaN,NaN,NaN,NaN
5,NaN,NaN,NaN,NaN,NaN,NaN,NaN,NaN
6,NaN,NaN,NaN,NaN,NaN,NaN,NaN,NaN
7,NaN,NaN,NaN,NaN,NaN,NaN,NaN,NaN
8,NaN,NaN,NaN,NaN,NaN,NaN,NaN,NaN
9,NaN,NaN,NaN,NaN,NaN,NaN,NaN,NaN
10,NaN,NaN,NaN,NaN,NaN,NaN,NaN,NaN
11,NaN,NaN,NaN,NaN,NaN,NaN,NaN,NaN
1,NaN,NaN,NaN,NaN,NaN,NaN,NaN,NaN
2,NaN,NaN,NaN,NaN,NaN,NaN,NaN,NaN
3,NaN,NaN,NaN,NaN,NaN,NaN,NaN,NaN
4,NaN,NaN,NaN,NaN,NaN,NaN,NaN,NaN
5,NaN,NaN,NaN,NaN,NaN,NaN,NaN,NaN
6,NaN,NaN,NaN,NaN,NaN,NaN,NaN,NaN
7,NaN,NaN,NaN,NaN,NaN,NaN,NaN,NaN
8,NaN,NaN,NaN,NaN,NaN,NaN,NaN,NaN
9,NaN,NaN,NaN,NaN,NaN,NaN,NaN,NaN
10,NaN,NaN,NaN,NaN,NaN,NaN,NaN,NaN
11,NaN,NaN,NaN,NaN,NaN,NaN,NaN,NaN
1,NaN,NaN,NaN,NaN,NaN,NaN,NaN,NaN
2,NaN,NaN,NaN,NaN,NaN,NaN,NaN,NaN
3,NaN,NaN,NaN,NaN,NaN,NaN,NaN,NaN
4,NaN,NaN,NaN,NaN,NaN,NaN,NaN,NaN
5,NaN,NaN,NaN,NaN,NaN,NaN,NaN,NaN
6,NaN,NaN,NaN,NaN,NaN,NaN,NaN,NaN
7,NaN,NaN,NaN,NaN,NaN,NaN,NaN,NaN
8,NaN,NaN,NaN,NaN,NaN,NaN,NaN,NaN
9,NaN,NaN,NaN,NaN,NaN,NaN,NaN,NaN
10,NaN,NaN,NaN,NaN,NaN,NaN,NaN,NaN
11,NaN,NaN,NaN,NaN,NaN,NaN,NaN,NaN
1,NaN,NaN,NaN,NaN,NaN,NaN,NaN,NaN
2,NaN,NaN,NaN,NaN,NaN,NaN,NaN,NaN
3,NaN,NaN,NaN,NaN,NaN,NaN,NaN,NaN
4,NaN,NaN,NaN,NaN,NaN,NaN,NaN,NaN
5,NaN,NaN,NaN,NaN,NaN,NaN,NaN,NaN
6,NaN,NaN,NaN,NaN,NaN,NaN,NaN,NaN
7,NaN,NaN,NaN,NaN,NaN,NaN,NaN,NaN
8,NaN,NaN,NaN,NaN,NaN,NaN,NaN,NaN
9,NaN,NaN,NaN,NaN,NaN,NaN,NaN,NaN
10,NaN,NaN,NaN,NaN,NaN,NaN,NaN,NaN
11,NaN,NaN,NaN,NaN,NaN,NaN,NaN,NaN
1,NaN,NaN,NaN,NaN,NaN,NaN,NaN,NaN
2,NaN,NaN,NaN,NaN,NaN,NaN,NaN,NaN
3,NaN,NaN,NaN,NaN,NaN,NaN,NaN,NaN
4,NaN,NaN,NaN,NaN,NaN,NaN,NaN,NaN
5,NaN,NaN,NaN,NaN,NaN,NaN,NaN,NaN
6,NaN,NaN,NaN,NaN,NaN,NaN,NaN,NaN
7,NaN,NaN,NaN,NaN,NaN,NaN,NaN,NaN
8,NaN,NaN,NaN,NaN,NaN,NaN,NaN,NaN
9,NaN,NaN,NaN,NaN,NaN,NaN,NaN,NaN
10,NaN,NaN,NaN,NaN,NaN,NaN,NaN,NaN
11,NaN,NaN,NaN,NaN,NaN,NaN,NaN,NaN
1,NaN,NaN,NaN,NaN,NaN,NaN,NaN,NaN
2,NaN,NaN,NaN,NaN,NaN,NaN,NaN,NaN
3,NaN,NaN,NaN,NaN,NaN,NaN,NaN,NaN
4,NaN,NaN,NaN,NaN,NaN,NaN,NaN,NaN
5,NaN,NaN,NaN,NaN,NaN,NaN,NaN,NaN
6,NaN,NaN,NaN,NaN,NaN,NaN,NaN,NaN
7,NaN,NaN,NaN,NaN,NaN,NaN,NaN,NaN
8,NaN,NaN,NaN,NaN,NaN,NaN,NaN,NaN
9,NaN,NaN,NaN,NaN,NaN,NaN,NaN,NaN
10,NaN,NaN,NaN,NaN,NaN,NaN,NaN,NaN
11,NaN,NaN,NaN,NaN,NaN,NaN,NaN,NaN
1,NaN,NaN,NaN,NaN,NaN,NaN,NaN,NaN
2,NaN,NaN,NaN,NaN,NaN,NaN,NaN,NaN
3,NaN,NaN,NaN,NaN,NaN,NaN,NaN,NaN
4,NaN,NaN,NaN,NaN,NaN,NaN,NaN,NaN
5,NaN,NaN,NaN,NaN,NaN,NaN,NaN,NaN
6,NaN,NaN,NaN,NaN,NaN,NaN,NaN,NaN
7,NaN,NaN,NaN,NaN,NaN,NaN,NaN,NaN
8,NaN,NaN,NaN,NaN,NaN,NaN,NaN,NaN
9,NaN,NaN,NaN,NaN,NaN,NaN,NaN,NaN
10,NaN,NaN,NaN,NaN,NaN,NaN,NaN,NaN
11,NaN,NaN,NaN,NaN,NaN,NaN,NaN,NaN
1,NaN,NaN,NaN,NaN,NaN,NaN,NaN,NaN
2,NaN,NaN,NaN,NaN,NaN,NaN,NaN,NaN
3,NaN,NaN,NaN,NaN,NaN,NaN,NaN,NaN
4,NaN,NaN,NaN,NaN,NaN,NaN,NaN,NaN
5,NaN,NaN,NaN,NaN,NaN,NaN,NaN,NaN
6,NaN,NaN,NaN,NaN,NaN,NaN,NaN,NaN
7,NaN,NaN,NaN,NaN,NaN,NaN,NaN,NaN
8,NaN,NaN,NaN,NaN,NaN,NaN,NaN,NaN
9,NaN,NaN,NaN,NaN,NaN,NaN,NaN,NaN
10,NaN,NaN,NaN,NaN,NaN,NaN,NaN,NaN
11,NaN,NaN,NaN,NaN,NaN,NaN,NaN,NaN
1,NaN,NaN,NaN,NaN,NaN,NaN,NaN,NaN
2,NaN,NaN,NaN,NaN,NaN,NaN,NaN,NaN
3,NaN,NaN,NaN,NaN,NaN,NaN,NaN,NaN
4,NaN,NaN,NaN,NaN,NaN,NaN,NaN,NaN
5,NaN,NaN,NaN,NaN,NaN,NaN,NaN,NaN
6,NaN,NaN,NaN,NaN,NaN,NaN,NaN,NaN
7,NaN,NaN,NaN,NaN,NaN,NaN,NaN,NaN
8,NaN,NaN,NaN,NaN,NaN,NaN,NaN,NaN
9,NaN,NaN,NaN,NaN,NaN,NaN,NaN,NaN
10,NaN,NaN,NaN,NaN,NaN,NaN,NaN,NaN
11,NaN,NaN,NaN,NaN,NaN,NaN,NaN,NaN
1,NaN,NaN,NaN,NaN,NaN,NaN,NaN,NaN
2,NaN,NaN,NaN,NaN,NaN,NaN,NaN,NaN
3,NaN,NaN,NaN,NaN,NaN,NaN,NaN,NaN
4,NaN,NaN,NaN,NaN,NaN,NaN,NaN,NaN
5,NaN,NaN,NaN,NaN,NaN,NaN,NaN,NaN
6,NaN,NaN,NaN,NaN,NaN,NaN,NaN,NaN
7,NaN,NaN,NaN,NaN,NaN,NaN,NaN,NaN
8,NaN,NaN,NaN,NaN,NaN,NaN,NaN,NaN
9,NaN,NaN,NaN,NaN,NaN,NaN,NaN,NaN
10,NaN,NaN,NaN,NaN,NaN,NaN,NaN,NaN
11,NaN,NaN,NaN,NaN,NaN,NaN,NaN,NaN
1,NaN,NaN,NaN,NaN,NaN,NaN,NaN,NaN
2,NaN,NaN,NaN,NaN,NaN,NaN,NaN,NaN
3,NaN,NaN,NaN,NaN,NaN,NaN,NaN,NaN
4,NaN,NaN,NaN,NaN,NaN,NaN,NaN,NaN
5,NaN,NaN,NaN,NaN,NaN,NaN,NaN,NaN
6,NaN,NaN,NaN,NaN,NaN,NaN,NaN,NaN
7,NaN,NaN,NaN,NaN,NaN,NaN,NaN,NaN
8,NaN,NaN,NaN,NaN,NaN,NaN,NaN,NaN
9,NaN,NaN,NaN,NaN,NaN,NaN,NaN,NaN
10,NaN,NaN,NaN,NaN,NaN,NaN,NaN,NaN
11,NaN,NaN,NaN,NaN,NaN,NaN,NaN,NaN
1,NaN,NaN,NaN,NaN,NaN,NaN,NaN,NaN
2,NaN,NaN,NaN,NaN,NaN,NaN,NaN,NaN
3,NaN,NaN,NaN,NaN,NaN,NaN,NaN,NaN
4,NaN,NaN,NaN,NaN,NaN,NaN,NaN,NaN
5,NaN,NaN,NaN,NaN,NaN,NaN,NaN,NaN
6,NaN,NaN,NaN,NaN,NaN,NaN,NaN,NaN
7,NaN,NaN,NaN,NaN,NaN,NaN,NaN,NaN
8,NaN,NaN,NaN,NaN,NaN,NaN,NaN,NaN
9,NaN,NaN,NaN,NaN,NaN,NaN,NaN,NaN
10,NaN,NaN,NaN,NaN,NaN,NaN,NaN,NaN
11,NaN,NaN,NaN,NaN,NaN,NaN,NaN,NaN
1,NaN,NaN,NaN,NaN,NaN,NaN,NaN,NaN
2,NaN,NaN,NaN,NaN,NaN,NaN,NaN,NaN
3,NaN,NaN,NaN,NaN,NaN,NaN,NaN,NaN
4,NaN,NaN,NaN,NaN,NaN,NaN,NaN,NaN
5,NaN,NaN,NaN,NaN,NaN,NaN,NaN,NaN
6,NaN,NaN,NaN,NaN,NaN,NaN,NaN,NaN
7,NaN,NaN,NaN,NaN,NaN,NaN,NaN,NaN
8,NaN,NaN,NaN,NaN,NaN,NaN,NaN,NaN
9,NaN,NaN,NaN,NaN,NaN,NaN,NaN,NaN
10,NaN,NaN,NaN,NaN,NaN,NaN,NaN,NaN
11,NaN,NaN,NaN,NaN,NaN,NaN,NaN,NaN
1,NaN,NaN,NaN,NaN,NaN,NaN,NaN,NaN
2,NaN,NaN,NaN,NaN,NaN,NaN,NaN,NaN
3,NaN,NaN,NaN,NaN,NaN,NaN,NaN,NaN
4,NaN,NaN,NaN,NaN,NaN,NaN,NaN,NaN
5,NaN,NaN,NaN,NaN,NaN,NaN,NaN,NaN
6,NaN,NaN,NaN,NaN,NaN,NaN,NaN,NaN
7,NaN,NaN,NaN,NaN,NaN,NaN,NaN,NaN
8,NaN,NaN,NaN,NaN,NaN,NaN,NaN,NaN
9,NaN,NaN,NaN,NaN,NaN,NaN,NaN,NaN
10,NaN,NaN,NaN,NaN,NaN,NaN,NaN,NaN
11,NaN,NaN,NaN,NaN,NaN,NaN,NaN,NaN
1,NaN,NaN,NaN,NaN,NaN,NaN,NaN,NaN
2,NaN,NaN,NaN,NaN,NaN,NaN,NaN,NaN
3,NaN,NaN,NaN,NaN,NaN,NaN,NaN,NaN
4,NaN,NaN,NaN,NaN,NaN,NaN,NaN,NaN
5,NaN,NaN,NaN,NaN,NaN,NaN,NaN,NaN
6,NaN,NaN,NaN,NaN,NaN,NaN,NaN,NaN
7,NaN,NaN,NaN,NaN,NaN,NaN,NaN,NaN
8,NaN,NaN,NaN,NaN,NaN,NaN,NaN,NaN
9,NaN,NaN,NaN,NaN,NaN,NaN,NaN,NaN
10,NaN,NaN,NaN,NaN,NaN,NaN,NaN,NaN
11,NaN,NaN,NaN,NaN,NaN,NaN,NaN,NaN
1,NaN,NaN,NaN,NaN,NaN,NaN,NaN,NaN
2,NaN,NaN,NaN,NaN,NaN,NaN,NaN,NaN
3,NaN,NaN,NaN,NaN,NaN,NaN,NaN,NaN
4,NaN,NaN,NaN,NaN,NaN,NaN,NaN,NaN
5,NaN,NaN,NaN,NaN,NaN,NaN,NaN,NaN
6,NaN,NaN,NaN,NaN,NaN,NaN,NaN,NaN
7,NaN,NaN,NaN,NaN,NaN,NaN,NaN,NaN
8,NaN,NaN,NaN,NaN,NaN,NaN,NaN,NaN
9,NaN,NaN,NaN,NaN,NaN,NaN,NaN,NaN
10,NaN,NaN,NaN,NaN,NaN,NaN,NaN,NaN
11,NaN,NaN,NaN,NaN,NaN,NaN,NaN,NaN
1,NaN,NaN,NaN,NaN,NaN,NaN,NaN,NaN
2,NaN,NaN,NaN,NaN,NaN,NaN,NaN,NaN
3,NaN,NaN,NaN,NaN,NaN,NaN,NaN,NaN
4,NaN,NaN,NaN,NaN,NaN,NaN,NaN,NaN
5,NaN,NaN,NaN,NaN,NaN,NaN,NaN,NaN
6,NaN,NaN,NaN,NaN,NaN,NaN,NaN,NaN
7,NaN,NaN,NaN,NaN,NaN,NaN,NaN,NaN
8,NaN,NaN,NaN,NaN,NaN,NaN,NaN,NaN
9,NaN,NaN,NaN,NaN,NaN,NaN,NaN,NaN
10,NaN,NaN,NaN,NaN,NaN,NaN,NaN,NaN
11,NaN,NaN,NaN,NaN,NaN,NaN,NaN,NaN
1,NaN,NaN,NaN,NaN,NaN,NaN,NaN,NaN
2,NaN,NaN,NaN,NaN,NaN,NaN,NaN,NaN
3,NaN,NaN,NaN,NaN,NaN,NaN,NaN,NaN
4,NaN,NaN,NaN,NaN,NaN,NaN,NaN,NaN
5,NaN,NaN,NaN,NaN,NaN,NaN,NaN,NaN
6,NaN,NaN,NaN,NaN,NaN,NaN,NaN,NaN
7,NaN,NaN,NaN,NaN,NaN,NaN,NaN,NaN
8,NaN,NaN,NaN,NaN,NaN,NaN,NaN,NaN
9,NaN,NaN,NaN,NaN,NaN,NaN,NaN,NaN
10,NaN,NaN,NaN,NaN,NaN,NaN,NaN,NaN
11,NaN,NaN,NaN,NaN,NaN,NaN,NaN,NaN
1,NaN,NaN,NaN,NaN,NaN,NaN,NaN,NaN
2,NaN,NaN,NaN,NaN,NaN,NaN,NaN,NaN
3,NaN,NaN,NaN,NaN,NaN,NaN,NaN,NaN
4,NaN,NaN,NaN,NaN,NaN,NaN,NaN,NaN
5,NaN,NaN,NaN,NaN,NaN,NaN,NaN,NaN
6,NaN,NaN,NaN,NaN,NaN,NaN,NaN,NaN
7,NaN,NaN,NaN,NaN,NaN,NaN,NaN,NaN
8,NaN,NaN,NaN,NaN,NaN,NaN,NaN,NaN
9,NaN,NaN,NaN,NaN,NaN,NaN,NaN,NaN
10,NaN,NaN,NaN,NaN,NaN,NaN,NaN,NaN
11,NaN,NaN,NaN,NaN,NaN,NaN,NaN,NaN
1,NaN,NaN,NaN,NaN,NaN,NaN,NaN,NaN
2,NaN,NaN,NaN,NaN,NaN,NaN,NaN,NaN
3,NaN,NaN,NaN,NaN,NaN,NaN,NaN,NaN
4,NaN,NaN,NaN,NaN,NaN,NaN,NaN,NaN
5,NaN,NaN,NaN,NaN,NaN,NaN,NaN,NaN
6,NaN,NaN,NaN,NaN,NaN,NaN,NaN,NaN
7,NaN,NaN,NaN,NaN,NaN,NaN,NaN,NaN
8,NaN,NaN,NaN,NaN,NaN,NaN,NaN,NaN
9,NaN,NaN,NaN,NaN,NaN,NaN,NaN,NaN
10,NaN,NaN,NaN,NaN,NaN,NaN,NaN,NaN
11,NaN,NaN,NaN,NaN,NaN,NaN,NaN,NaN
1,NaN,NaN,NaN,NaN,NaN,NaN,NaN,NaN
2,NaN,NaN,NaN,NaN,NaN,NaN,NaN,NaN
3,NaN,NaN,NaN,NaN,NaN,NaN,NaN,NaN
4,NaN,NaN,NaN,NaN,NaN,NaN,NaN,NaN
5,NaN,NaN,NaN,NaN,NaN,NaN,NaN,NaN
6,NaN,NaN,NaN,NaN,NaN,NaN,NaN,NaN
7,NaN,NaN,NaN,NaN,NaN,NaN,NaN,NaN
8,NaN,NaN,NaN,NaN,NaN,NaN,NaN,NaN
9,NaN,NaN,NaN,NaN,NaN,NaN,NaN,NaN
10,NaN,NaN,NaN,NaN,NaN,NaN,NaN,NaN
11,NaN,NaN,NaN,NaN,NaN,NaN,NaN,NaN
1,NaN,NaN,NaN,NaN,NaN,NaN,NaN,NaN
2,NaN,NaN,NaN,NaN,NaN,NaN,NaN,NaN
3,NaN,NaN,NaN,NaN,NaN,NaN,NaN,NaN
4,NaN,NaN,NaN,NaN,NaN,NaN,NaN,NaN
5,NaN,NaN,NaN,NaN,NaN,NaN,NaN,NaN
6,NaN,NaN,NaN,NaN,NaN,NaN,NaN,NaN
7,NaN,NaN,NaN,NaN,NaN,NaN,NaN,NaN
8,NaN,NaN,NaN,NaN,NaN,NaN,NaN,NaN
9,NaN,NaN,NaN,NaN,NaN,NaN,NaN,NaN
10,NaN,NaN,NaN,NaN,NaN,NaN,NaN,NaN
11,NaN,NaN,NaN,NaN,NaN,NaN,NaN,NaN
1,NaN,NaN,NaN,NaN,NaN,NaN,NaN,NaN
2,NaN,NaN,NaN,NaN,NaN,NaN,NaN,NaN
3,NaN,NaN,NaN,NaN,NaN,NaN,NaN,NaN
4,NaN,NaN,NaN,NaN,NaN,NaN,NaN,NaN
5,NaN,NaN,NaN,NaN,NaN,NaN,NaN,NaN
6,NaN,NaN,NaN,NaN,NaN,NaN,NaN,NaN
7,NaN,NaN,NaN,NaN,NaN,NaN,NaN,NaN
8,NaN,NaN,NaN,NaN,NaN,NaN,NaN,NaN
9,NaN,NaN,NaN,NaN,NaN,NaN,NaN,NaN
10,NaN,NaN,NaN,NaN,NaN,NaN,NaN,NaN
11,NaN,NaN,NaN,NaN,NaN,NaN,NaN,NaN
1,NaN,NaN,NaN,NaN,NaN,NaN,NaN,NaN
2,NaN,NaN,NaN,NaN,NaN,NaN,NaN,NaN
3,NaN,NaN,NaN,NaN,NaN,NaN,NaN,NaN
4,NaN,NaN,NaN,NaN,NaN,NaN,NaN,NaN
5,NaN,NaN,NaN,NaN,NaN,NaN,NaN,NaN
6,NaN,NaN,NaN,NaN,NaN,NaN,NaN,NaN
7,NaN,NaN,NaN,NaN,NaN,NaN,NaN,NaN
8,NaN,NaN,NaN,NaN,NaN,NaN,NaN,NaN
9,NaN,NaN,NaN,NaN,NaN,NaN,NaN,NaN
10,NaN,NaN,NaN,NaN,NaN,NaN,NaN,NaN
11,NaN,NaN,NaN,NaN,NaN,NaN,NaN,NaN
1,NaN,NaN,NaN,NaN,NaN,NaN,NaN,NaN
2,NaN,NaN,NaN,NaN,NaN,NaN,NaN,NaN
3,NaN,NaN,NaN,NaN,NaN,NaN,NaN,NaN
4,NaN,NaN,NaN,NaN,NaN,NaN,NaN,NaN
5,NaN,NaN,NaN,NaN,NaN,NaN,NaN,NaN
6,NaN,NaN,NaN,NaN,NaN,NaN,NaN,NaN
7,NaN,NaN,NaN,NaN,NaN,NaN,NaN,NaN
8,NaN,NaN,NaN,NaN,NaN,NaN,NaN,NaN
9,NaN,NaN,NaN,NaN,NaN,NaN,NaN,NaN
10,NaN,NaN,NaN,NaN,NaN,NaN,NaN,NaN
11,NaN,NaN,NaN,NaN,NaN,NaN,NaN,NaN
1,NaN,NaN,NaN,NaN,NaN,NaN,NaN,NaN
2,NaN,NaN,NaN,NaN,NaN,NaN,NaN,NaN
3,NaN,NaN,NaN,NaN,NaN,NaN,NaN,NaN
4,NaN,NaN,NaN,NaN,NaN,NaN,NaN,NaN
5,NaN,NaN,NaN,NaN,NaN,NaN,NaN,NaN
6,NaN,NaN,NaN,NaN,NaN,NaN,NaN,NaN
7,NaN,NaN,NaN,NaN,NaN,NaN,NaN,NaN
8,NaN,NaN,NaN,NaN,NaN,NaN,NaN,NaN
9,NaN,NaN,NaN,NaN,NaN,NaN,NaN,NaN
10,NaN,NaN,NaN,NaN,NaN,NaN,NaN,NaN
11,NaN,NaN,NaN,NaN,NaN,NaN,NaN,NaN
1,NaN,NaN,NaN,NaN,NaN,NaN,NaN,NaN
2,NaN,NaN,NaN,NaN,NaN,NaN,NaN,NaN
3,NaN,NaN,NaN,NaN,NaN,NaN,NaN,NaN
4,NaN,NaN,NaN,NaN,NaN,NaN,NaN,NaN
5,NaN,NaN,NaN,NaN,NaN,NaN,NaN,NaN
6,NaN,NaN,NaN,NaN,NaN,NaN,NaN,NaN
7,NaN,NaN,NaN,NaN,NaN,NaN,NaN,NaN
8,NaN,NaN,NaN,NaN,NaN,NaN,NaN,NaN
9,NaN,NaN,NaN,NaN,NaN,NaN,NaN,NaN
10,NaN,NaN,NaN,NaN,NaN,NaN,NaN,NaN
11,NaN,NaN,NaN,NaN,NaN,NaN,NaN,NaN
1,NaN,NaN,NaN,NaN,NaN,NaN,NaN,NaN
2,NaN,NaN,NaN,NaN,NaN,NaN,NaN,NaN
3,NaN,NaN,NaN,NaN,NaN,NaN,NaN,NaN
4,NaN,NaN,NaN,NaN,NaN,NaN,NaN,NaN
5,NaN,NaN,NaN,NaN,NaN,NaN,NaN,NaN
6,NaN,NaN,NaN,NaN,NaN,NaN,NaN,NaN
7,NaN,NaN,NaN,NaN,NaN,NaN,NaN,NaN
8,NaN,NaN,NaN,NaN,NaN,NaN,NaN,NaN
9,NaN,NaN,NaN,NaN,NaN,NaN,NaN,NaN
10,NaN,NaN,NaN,NaN,NaN,NaN,NaN,NaN
11,NaN,NaN,NaN,NaN,NaN,NaN,NaN,NaN
1,NaN,NaN,NaN,NaN,NaN,NaN,NaN,NaN
2,NaN,NaN,NaN,NaN,NaN,NaN,NaN,NaN
3,NaN,NaN,NaN,NaN,NaN,NaN,NaN,NaN
4,NaN,NaN,NaN,NaN,NaN,NaN,NaN,NaN
5,NaN,NaN,NaN,NaN,NaN,NaN,NaN,NaN
6,NaN,NaN,NaN,NaN,NaN,NaN,NaN,NaN
7,NaN,NaN,NaN,NaN,NaN,NaN,NaN,NaN
8,NaN,NaN,NaN,NaN,NaN,NaN,NaN,NaN
9,NaN,NaN,NaN,NaN,NaN,NaN,NaN,NaN
10,NaN,NaN,NaN,NaN,NaN,NaN,NaN,NaN
11,NaN,NaN,NaN,NaN,NaN,NaN,NaN,NaN
1,NaN,NaN,NaN,NaN,NaN,NaN,NaN,NaN
2,NaN,NaN,NaN,NaN,NaN,NaN,NaN,NaN
3,NaN,NaN,NaN,NaN,NaN,NaN,NaN,NaN
4,NaN,NaN,NaN,NaN,NaN,NaN,NaN,NaN
5,NaN,NaN,NaN,NaN,NaN,NaN,NaN,NaN
6,NaN,NaN,NaN,NaN,NaN,NaN,NaN,NaN
7,NaN,NaN,NaN,NaN,NaN,NaN,NaN,NaN
8,NaN,NaN,NaN,NaN,NaN,NaN,NaN,NaN
9,NaN,NaN,NaN,NaN,NaN,NaN,NaN,NaN
10,NaN,NaN,NaN,NaN,NaN,NaN,NaN,NaN
11,NaN,NaN,NaN,NaN,NaN,NaN,NaN,NaN
1,NaN,NaN,NaN,NaN,NaN,NaN,NaN,NaN
2,NaN,NaN,NaN,NaN,NaN,NaN,NaN,NaN
3,NaN,NaN,NaN,NaN,NaN,NaN,NaN,NaN
4,NaN,NaN,NaN,NaN,NaN,NaN,NaN,NaN
5,NaN,NaN,NaN,NaN,NaN,NaN,NaN,NaN
6,NaN,NaN,NaN,NaN,NaN,NaN,NaN,NaN
7,NaN,NaN,NaN,NaN,NaN,NaN,NaN,NaN
8,NaN,NaN,NaN,NaN,NaN,NaN,NaN,NaN
9,NaN,NaN,NaN,NaN,NaN,NaN,NaN,NaN
10,NaN,NaN,NaN,NaN,NaN,NaN,NaN,NaN
11,NaN,NaN,NaN,NaN,NaN,NaN,NaN,NaN
1,NaN,NaN,NaN,NaN,NaN,NaN,NaN,NaN
2,NaN,NaN,NaN,NaN,NaN,NaN,NaN,NaN
3,NaN,NaN,NaN,NaN,NaN,NaN,NaN,NaN
4,NaN,NaN,NaN,NaN,NaN,NaN,NaN,NaN
5,NaN,NaN,NaN,NaN,NaN,NaN,NaN,NaN
6,NaN,NaN,NaN,NaN,NaN,NaN,NaN,NaN
7,NaN,NaN,NaN,NaN,NaN,NaN,NaN,NaN
8,NaN,NaN,NaN,NaN,NaN,NaN,NaN,NaN
9,NaN,NaN,NaN,NaN,NaN,NaN,NaN,NaN
10,NaN,NaN,NaN,NaN,NaN,NaN,NaN,NaN
11,NaN,NaN,NaN,NaN,NaN,NaN,NaN,NaN
1,NaN,NaN,NaN,NaN,NaN,NaN,NaN,NaN
2,NaN,NaN,NaN,NaN,NaN,NaN,NaN,NaN
3,NaN,NaN,NaN,NaN,NaN,NaN,NaN,NaN
4,NaN,NaN,NaN,NaN,NaN,NaN,NaN,NaN
5,NaN,NaN,NaN,NaN,NaN,NaN,NaN,NaN
6,NaN,NaN,NaN,NaN,NaN,NaN,NaN,NaN
7,NaN,NaN,NaN,NaN,NaN,NaN,NaN,NaN
8,NaN,NaN,NaN,NaN,NaN,NaN,NaN,NaN
9,NaN,NaN,NaN,NaN,NaN,NaN,NaN,NaN
10,NaN,NaN,NaN,NaN,NaN,NaN,NaN,NaN
11,NaN,NaN,NaN,NaN,NaN,NaN,NaN,NaN
1,NaN,NaN,NaN,NaN,NaN,NaN,NaN,NaN
2,NaN,NaN,NaN,NaN,NaN,NaN,NaN,NaN
3,NaN,NaN,NaN,NaN,NaN,NaN,NaN,NaN
4,NaN,NaN,NaN,NaN,NaN,NaN,NaN,NaN
5,NaN,NaN,NaN,NaN,NaN,NaN,NaN,NaN
6,NaN,NaN,NaN,NaN,NaN,NaN,NaN,NaN
7,NaN,NaN,NaN,NaN,NaN,NaN,NaN,NaN
8,NaN,NaN,NaN,NaN,NaN,NaN,NaN,NaN
9,NaN,NaN,NaN,NaN,NaN,NaN,NaN,NaN
10,NaN,NaN,NaN,NaN,NaN,NaN,NaN,NaN
11,NaN,NaN,NaN,NaN,NaN,NaN,NaN,NaN
1,NaN,NaN,NaN,NaN,NaN,NaN,NaN,NaN
2,NaN,NaN,NaN,NaN,NaN,NaN,NaN,NaN
3,NaN,NaN,NaN,NaN,NaN,NaN,NaN,NaN
4,NaN,NaN,NaN,NaN,NaN,NaN,NaN,NaN
5,NaN,NaN,NaN,NaN,NaN,NaN,NaN,NaN
6,NaN,NaN,NaN,NaN,NaN,NaN,NaN,NaN
7,NaN,NaN,NaN,NaN,NaN,NaN,NaN,NaN
8,NaN,NaN,NaN,NaN,NaN,NaN,NaN,NaN
9,NaN,NaN,NaN,NaN,NaN,NaN,NaN,NaN
10,NaN,NaN,NaN,NaN,NaN,NaN,NaN,NaN
11,NaN,NaN,NaN,NaN,NaN,NaN,NaN,NaN
1,NaN,NaN,NaN,NaN,NaN,NaN,NaN,NaN
2,NaN,NaN,NaN,NaN,NaN,NaN,NaN,NaN
3,NaN,NaN,NaN,NaN,NaN,NaN,NaN,NaN
4,NaN,NaN,NaN,NaN,NaN,NaN,NaN,NaN
5,NaN,NaN,NaN,NaN,NaN,NaN,NaN,NaN
6,NaN,NaN,NaN,NaN,NaN,NaN,NaN,NaN
7,NaN,NaN,NaN,NaN,NaN,NaN,NaN,NaN
8,NaN,NaN,NaN,NaN,NaN,NaN,NaN,NaN
9,NaN,NaN,NaN,NaN,NaN,NaN,NaN,NaN
10,NaN,NaN,NaN,NaN,NaN,NaN,NaN,NaN
11,NaN,NaN,NaN,NaN,NaN,NaN,NaN,NaN
1,NaN,NaN,NaN,NaN,NaN,NaN,NaN,NaN
2,NaN,NaN,NaN,NaN,NaN,NaN,NaN,NaN
3,NaN,NaN,NaN,NaN,NaN,NaN,NaN,NaN
4,NaN,NaN,NaN,NaN,NaN,NaN,NaN,NaN
5,NaN,NaN,NaN,NaN,NaN,NaN,NaN,NaN
6,NaN,NaN,NaN,NaN,NaN,NaN,NaN,NaN
7,NaN,NaN,NaN,NaN,NaN,NaN,NaN,NaN
8,NaN,NaN,NaN,NaN,NaN,NaN,NaN,NaN
9,NaN,NaN,NaN,NaN,NaN,NaN,NaN,NaN
10,NaN,NaN,NaN,NaN,NaN,NaN,NaN,NaN
11,NaN,NaN,NaN,NaN,NaN,NaN,NaN,NaN
1,NaN,NaN,NaN,NaN,NaN,NaN,NaN,NaN
2,NaN,NaN,NaN,NaN,NaN,NaN,NaN,NaN
3,NaN,NaN,NaN,NaN,NaN,NaN,NaN,NaN
4,NaN,NaN,NaN,NaN,NaN,NaN,NaN,NaN
5,NaN,NaN,NaN,NaN,NaN,NaN,NaN,NaN
6,NaN,NaN,NaN,NaN,NaN,NaN,NaN,NaN
7,NaN,NaN,NaN,NaN,NaN,NaN,NaN,NaN
8,NaN,NaN,NaN,NaN,NaN,NaN,NaN,NaN
9,NaN,NaN,NaN,NaN,NaN,NaN,NaN,NaN
10,NaN,NaN,NaN,NaN,NaN,NaN,NaN,NaN
11,NaN,NaN,NaN,NaN,NaN,NaN,NaN,NaN
1,NaN,NaN,NaN,NaN,NaN,NaN,NaN,NaN
2,NaN,NaN,NaN,NaN,NaN,NaN,NaN,NaN
3,NaN,NaN,NaN,NaN,NaN,NaN,NaN,NaN
4,NaN,NaN,NaN,NaN,NaN,NaN,NaN,NaN
5,NaN,NaN,NaN,NaN,NaN,NaN,NaN,NaN
6,NaN,NaN,NaN,NaN,NaN,NaN,NaN,NaN
7,NaN,NaN,NaN,NaN,NaN,NaN,NaN,NaN
8,NaN,NaN,NaN,NaN,NaN,NaN,NaN,NaN
9,NaN,NaN,NaN,NaN,NaN,NaN,NaN,NaN
10,NaN,NaN,NaN,NaN,NaN,NaN,NaN,NaN
11,NaN,NaN,NaN,NaN,NaN,NaN,NaN,NaN
1,NaN,NaN,NaN,NaN,NaN,NaN,NaN,NaN
2,NaN,NaN,NaN,NaN,NaN,NaN,NaN,NaN
3,NaN,NaN,NaN,NaN,NaN,NaN,NaN,NaN
4,NaN,NaN,NaN,NaN,NaN,NaN,NaN,NaN
5,NaN,NaN,NaN,NaN,NaN,NaN,NaN,NaN
6,NaN,NaN,NaN,NaN,NaN,NaN,NaN,NaN
7,NaN,NaN,NaN,NaN,NaN,NaN,NaN,NaN
8,NaN,NaN,NaN,NaN,NaN,NaN,NaN,NaN
9,NaN,NaN,NaN,NaN,NaN,NaN,NaN,NaN
10,NaN,NaN,NaN,NaN,NaN,NaN,NaN,NaN
11,NaN,NaN,NaN,NaN,NaN,NaN,NaN,NaN
1,NaN,NaN,NaN,NaN,NaN,NaN,NaN,NaN
2,NaN,NaN,NaN,NaN,NaN,NaN,NaN,NaN
3,NaN,NaN,NaN,NaN,NaN,NaN,NaN,NaN
4,NaN,NaN,NaN,NaN,NaN,NaN,NaN,NaN
5,NaN,NaN,NaN,NaN,NaN,NaN,NaN,NaN
6,NaN,NaN,NaN,NaN,NaN,NaN,NaN,NaN
7,NaN,NaN,NaN,NaN,NaN,NaN,NaN,NaN
8,NaN,NaN,NaN,NaN,NaN,NaN,NaN,NaN
9,NaN,NaN,NaN,NaN,NaN,NaN,NaN,NaN
10,NaN,NaN,NaN,NaN,NaN,NaN,NaN,NaN
11,NaN,NaN,NaN,NaN,NaN,NaN,NaN,NaN
1,NaN,NaN,NaN,NaN,NaN,NaN,NaN,NaN
2,NaN,NaN,NaN,NaN,NaN,NaN,NaN,NaN
3,NaN,NaN,NaN,NaN,NaN,NaN,NaN,NaN
4,NaN,NaN,NaN,NaN,NaN,NaN,NaN,NaN
5,NaN,NaN,NaN,NaN,NaN,NaN,NaN,NaN
6,NaN,NaN,NaN,NaN,NaN,NaN,NaN,NaN
7,NaN,NaN,NaN,NaN,NaN,NaN,NaN,NaN
8,NaN,NaN,NaN,NaN,NaN,NaN,NaN,NaN
9,NaN,NaN,NaN,NaN,NaN,NaN,NaN,NaN
10,NaN,NaN,NaN,NaN,NaN,NaN,NaN,NaN
11,NaN,NaN,NaN,NaN,NaN,NaN,NaN,NaN
1,NaN,NaN,NaN,NaN,NaN,NaN,NaN,NaN
2,NaN,NaN,NaN,NaN,NaN,NaN,NaN,NaN
3,NaN,NaN,NaN,NaN,NaN,NaN,NaN,NaN
4,NaN,NaN,NaN,NaN,NaN,NaN,NaN,NaN
5,NaN,NaN,NaN,NaN,NaN,NaN,NaN,NaN
6,NaN,NaN,NaN,NaN,NaN,NaN,NaN,NaN
7,NaN,NaN,NaN,NaN,NaN,NaN,NaN,NaN
8,NaN,NaN,NaN,NaN,NaN,NaN,NaN,NaN
9,NaN,NaN,NaN,NaN,NaN,NaN,NaN,NaN
10,NaN,NaN,NaN,NaN,NaN,NaN,NaN,NaN
11,NaN,NaN,NaN,NaN,NaN,NaN,NaN,NaN
1,NaN,NaN,NaN,NaN,NaN,NaN,NaN,NaN
2,NaN,NaN,NaN,NaN,NaN,NaN,NaN,NaN
3,NaN,NaN,NaN,NaN,NaN,NaN,NaN,NaN
4,NaN,NaN,NaN,NaN,NaN,NaN,NaN,NaN
5,NaN,NaN,NaN,NaN,NaN,NaN,NaN,NaN
6,NaN,NaN,NaN,NaN,NaN,NaN,NaN,NaN
7,NaN,NaN,NaN,NaN,NaN,NaN,NaN,NaN
8,NaN,NaN,NaN,NaN,NaN,NaN,NaN,NaN
9,NaN,NaN,NaN,NaN,NaN,NaN,NaN,NaN
10,NaN,NaN,NaN,NaN,NaN,NaN,NaN,NaN
11,NaN,NaN,NaN,NaN,NaN,NaN,NaN,NaN
1,NaN,NaN,NaN,NaN,NaN,NaN,NaN,NaN
2,NaN,NaN,NaN,NaN,NaN,NaN,NaN,NaN
3,NaN,NaN,NaN,NaN,NaN,NaN,NaN,NaN
4,NaN,NaN,NaN,NaN,NaN,NaN,NaN,NaN
5,NaN,NaN,NaN,NaN,NaN,NaN,NaN,NaN
6,NaN,NaN,NaN,NaN,NaN,NaN,NaN,NaN
7,NaN,NaN,NaN,NaN,NaN,NaN,NaN,NaN
8,NaN,NaN,NaN,NaN,NaN,NaN,NaN,NaN
9,NaN,NaN,NaN,NaN,NaN,NaN,NaN,NaN
10,NaN,NaN,NaN,NaN,NaN,NaN,NaN,NaN
11,NaN,NaN,NaN,NaN,NaN,NaN,NaN,NaN
1,NaN,NaN,NaN,NaN,NaN,NaN,NaN,NaN
2,NaN,NaN,NaN,NaN,NaN,NaN,NaN,NaN
3,NaN,NaN,NaN,NaN,NaN,NaN,NaN,NaN
4,NaN,NaN,NaN,NaN,NaN,NaN,NaN,NaN
5,NaN,NaN,NaN,NaN,NaN,NaN,NaN,NaN
6,NaN,NaN,NaN,NaN,NaN,NaN,NaN,NaN
7,NaN,NaN,NaN,NaN,NaN,NaN,NaN,NaN
8,NaN,NaN,NaN,NaN,NaN,NaN,NaN,NaN
9,NaN,NaN,NaN,NaN,NaN,NaN,NaN,NaN
10,NaN,NaN,NaN,NaN,NaN,NaN,NaN,NaN
11,NaN,NaN,NaN,NaN,NaN,NaN,NaN,NaN
1,NaN,NaN,NaN,NaN,NaN,NaN,NaN,NaN
2,NaN,NaN,NaN,NaN,NaN,NaN,NaN,NaN
3,NaN,NaN,NaN,NaN,NaN,NaN,NaN,NaN
4,NaN,NaN,NaN,NaN,NaN,NaN,NaN,NaN
5,NaN,NaN,NaN,NaN,NaN,NaN,NaN,NaN
6,NaN,NaN,NaN,NaN,NaN,NaN,NaN,NaN
7,NaN,NaN,NaN,NaN,NaN,NaN,NaN,NaN
8,NaN,NaN,NaN,NaN,NaN,NaN,NaN,NaN
9,NaN,NaN,NaN,NaN,NaN,NaN,NaN,NaN
10,NaN,NaN,NaN,NaN,NaN,NaN,NaN,NaN
11,NaN,NaN,NaN,NaN,NaN,NaN,NaN,NaN
1,NaN,NaN,NaN,NaN,NaN,NaN,NaN,NaN
2,NaN,NaN,NaN,NaN,NaN,NaN,NaN,NaN
3,NaN,NaN,NaN,NaN,NaN,NaN,NaN,NaN
4,NaN,NaN,NaN,NaN,NaN,NaN,NaN,NaN
5,NaN,NaN,NaN,NaN,NaN,NaN,NaN,NaN
6,NaN,NaN,NaN,NaN,NaN,NaN,NaN,NaN
7,NaN,NaN,NaN,NaN,NaN,NaN,NaN,NaN
8,NaN,NaN,NaN,NaN,NaN,NaN,NaN,NaN
9,NaN,NaN,NaN,NaN,NaN,NaN,NaN,NaN
10,NaN,NaN,NaN,NaN,NaN,NaN,NaN,NaN
11,NaN,NaN,NaN,NaN,NaN,NaN,NaN,NaN
1,NaN,NaN,NaN,NaN,NaN,NaN,NaN,NaN
2,NaN,NaN,NaN,NaN,NaN,NaN,NaN,NaN
3,NaN,NaN,NaN,NaN,NaN,NaN,NaN,NaN
4,NaN,NaN,NaN,NaN,NaN,NaN,NaN,NaN
5,NaN,NaN,NaN,NaN,NaN,NaN,NaN,NaN
6,NaN,NaN,NaN,NaN,NaN,NaN,NaN,NaN
7,NaN,NaN,NaN,NaN,NaN,NaN,NaN,NaN
8,NaN,NaN,NaN,NaN,NaN,NaN,NaN,NaN
9,NaN,NaN,NaN,NaN,NaN,NaN,NaN,NaN
10,NaN,NaN,NaN,NaN,NaN,NaN,NaN,NaN
11,NaN,NaN,NaN,NaN,NaN,NaN,NaN,NaN
1,NaN,NaN,NaN,NaN,NaN,NaN,NaN,NaN
2,NaN,NaN,NaN,NaN,NaN,NaN,NaN,NaN
3,NaN,NaN,NaN,NaN,NaN,NaN,NaN,NaN
4,NaN,NaN,NaN,NaN,NaN,NaN,NaN,NaN
5,NaN,NaN,NaN,NaN,NaN,NaN,NaN,NaN
6,NaN,NaN,NaN,NaN,NaN,NaN,NaN,NaN
7,NaN,NaN,NaN,NaN,NaN,NaN,NaN,NaN
8,NaN,NaN,NaN,NaN,NaN,NaN,NaN,NaN
9,NaN,NaN,NaN,NaN,NaN,NaN,NaN,NaN
10,NaN,NaN,NaN,NaN,NaN,NaN,NaN,NaN
11,NaN,NaN,NaN,NaN,NaN,NaN,NaN,NaN
1,NaN,NaN,NaN,NaN,NaN,NaN,NaN,NaN
2,NaN,NaN,NaN,NaN,NaN,NaN,NaN,NaN
3,NaN,NaN,NaN,NaN,NaN,NaN,NaN,NaN
4,NaN,NaN,NaN,NaN,NaN,NaN,NaN,NaN
5,NaN,NaN,NaN,NaN,NaN,NaN,NaN,NaN
6,NaN,NaN,NaN,NaN,NaN,NaN,NaN,NaN
7,NaN,NaN,NaN,NaN,NaN,NaN,NaN,NaN
8,NaN,NaN,NaN,NaN,NaN,NaN,NaN,NaN
9,NaN,NaN,NaN,NaN,NaN,NaN,NaN,NaN
10,NaN,NaN,NaN,NaN,NaN,NaN,NaN,NaN
11,NaN,NaN,NaN,NaN,NaN,NaN,NaN,NaN
1,NaN,NaN,NaN,NaN,NaN,NaN,NaN,NaN
2,NaN,NaN,NaN,NaN,NaN,NaN,NaN,NaN
3,NaN,NaN,NaN,NaN,NaN,NaN,NaN,NaN
4,NaN,NaN,NaN,NaN,NaN,NaN,NaN,NaN
5,NaN,NaN,NaN,NaN,NaN,NaN,NaN,NaN
6,NaN,NaN,NaN,NaN,NaN,NaN,NaN,NaN
7,NaN,NaN,NaN,NaN,NaN,NaN,NaN,NaN
8,NaN,NaN,NaN,NaN,NaN,NaN,NaN,NaN
9,NaN,NaN,NaN,NaN,NaN,NaN,NaN,NaN
10,NaN,NaN,NaN,NaN,NaN,NaN,NaN,NaN
11,NaN,NaN,NaN,NaN,NaN,NaN,NaN,NaN
1,NaN,NaN,NaN,NaN,NaN,NaN,NaN,NaN
2,NaN,NaN,NaN,NaN,NaN,NaN,NaN,NaN
3,NaN,NaN,NaN,NaN,NaN,NaN,NaN,NaN
4,NaN,NaN,NaN,NaN,NaN,NaN,NaN,NaN
5,NaN,NaN,NaN,NaN,NaN,NaN,NaN,NaN
6,NaN,NaN,NaN,NaN,NaN,NaN,NaN,NaN
7,NaN,NaN,NaN,NaN,NaN,NaN,NaN,NaN
8,NaN,NaN,NaN,NaN,NaN,NaN,NaN,NaN
9,NaN,NaN,NaN,NaN,NaN,NaN,NaN,NaN
10,NaN,NaN,NaN,NaN,NaN,NaN,NaN,NaN
11,NaN,NaN,NaN,NaN,NaN,NaN,NaN,NaN
1,NaN,NaN,NaN,NaN,NaN,NaN,NaN,NaN
2,NaN,NaN,NaN,NaN,NaN,NaN,NaN,NaN
3,NaN,NaN,NaN,NaN,NaN,NaN,NaN,NaN
4,NaN,NaN,NaN,NaN,NaN,NaN,NaN,NaN
5,NaN,NaN,NaN,NaN,NaN,NaN,NaN,NaN
6,NaN,NaN,NaN,NaN,NaN,NaN,NaN,NaN
7,NaN,NaN,NaN,NaN,NaN,NaN,NaN,NaN
8,NaN,NaN,NaN,NaN,NaN,NaN,NaN,NaN
9,NaN,NaN,NaN,NaN,NaN,NaN,NaN,NaN
10,NaN,NaN,NaN,NaN,NaN,NaN,NaN,NaN
11,NaN,NaN,NaN,NaN,NaN,NaN,NaN,NaN
1,NaN,NaN,NaN,NaN,NaN,NaN,NaN,NaN
2,NaN,NaN,NaN,NaN,NaN,NaN,NaN,NaN
3,NaN,NaN,NaN,NaN,NaN,NaN,NaN,NaN
4,NaN,NaN,NaN,NaN,NaN,NaN,NaN,NaN
5,NaN,NaN,NaN,NaN,NaN,NaN,NaN,NaN
6,NaN,NaN,NaN,NaN,NaN,NaN,NaN,NaN
7,NaN,NaN,NaN,NaN,NaN,NaN,NaN,NaN
8,NaN,NaN,NaN,NaN,NaN,NaN,NaN,NaN
9,NaN,NaN,NaN,NaN,NaN,NaN,NaN,NaN
10,NaN,NaN,NaN,NaN,NaN,NaN,NaN,NaN
11,NaN,NaN,NaN,NaN,NaN,NaN,NaN,NaN
1,NaN,NaN,NaN,NaN,NaN,NaN,NaN,NaN
2,NaN,NaN,NaN,NaN,NaN,NaN,NaN,NaN
3,NaN,NaN,NaN,NaN,NaN,NaN,NaN,NaN
4,NaN,NaN,NaN,NaN,NaN,NaN,NaN,NaN
5,NaN,NaN,NaN,NaN,NaN,NaN,NaN,NaN
6,NaN,NaN,NaN,NaN,NaN,NaN,NaN,NaN
7,NaN,NaN,NaN,NaN,NaN,NaN,NaN,NaN
8,NaN,NaN,NaN,NaN,NaN,NaN,NaN,NaN
9,NaN,NaN,NaN,NaN,NaN,NaN,NaN,NaN
10,NaN,NaN,NaN,NaN,NaN,NaN,NaN,NaN
11,NaN,NaN,NaN,NaN,NaN,NaN,NaN,NaN
1,NaN,NaN,NaN,NaN,NaN,NaN,NaN,NaN
2,NaN,NaN,NaN,NaN,NaN,NaN,NaN,NaN
3,NaN,NaN,NaN,NaN,NaN,NaN,NaN,NaN
4,NaN,NaN,NaN,NaN,NaN,NaN,NaN,NaN
5,NaN,NaN,NaN,NaN,NaN,NaN,NaN,NaN
6,NaN,NaN,NaN,NaN,NaN,NaN,NaN,NaN
7,NaN,NaN,NaN,NaN,NaN,NaN,NaN,NaN
8,NaN,NaN,NaN,NaN,NaN,NaN,NaN,NaN
9,NaN,NaN,NaN,NaN,NaN,NaN,NaN,NaN
10,NaN,NaN,NaN,NaN,NaN,NaN,NaN,NaN
11,NaN,NaN,NaN,NaN,NaN,NaN,NaN,NaN
1,NaN,NaN,NaN,NaN,NaN,NaN,NaN,NaN
2,NaN,NaN,NaN,NaN,NaN,NaN,NaN,NaN
3,NaN,NaN,NaN,NaN,NaN,NaN,NaN,NaN
4,NaN,NaN,NaN,NaN,NaN,NaN,NaN,NaN
5,NaN,NaN,NaN,NaN,NaN,NaN,NaN,NaN
6,NaN,NaN,NaN,NaN,NaN,NaN,NaN,NaN
7,NaN,NaN,NaN,NaN,NaN,NaN,NaN,NaN
8,NaN,NaN,NaN,NaN,NaN,NaN,NaN,NaN
9,NaN,NaN,NaN,NaN,NaN,NaN,NaN,NaN
10,NaN,NaN,NaN,NaN,NaN,NaN,NaN,NaN
11,NaN,NaN,NaN,NaN,NaN,NaN,NaN,NaN
1,NaN,NaN,NaN,NaN,NaN,NaN,NaN,NaN
2,NaN,NaN,NaN,NaN,NaN,NaN,NaN,NaN
3,NaN,NaN,NaN,NaN,NaN,NaN,NaN,NaN
4,NaN,NaN,NaN,NaN,NaN,NaN,NaN,NaN
5,NaN,NaN,NaN,NaN,NaN,NaN,NaN,NaN
6,NaN,NaN,NaN,NaN,NaN,NaN,NaN,NaN
7,NaN,NaN,NaN,NaN,NaN,NaN,NaN,NaN
8,NaN,NaN,NaN,NaN,NaN,NaN,NaN,NaN
9,NaN,NaN,NaN,NaN,NaN,NaN,NaN,NaN
10,NaN,NaN,NaN,NaN,NaN,NaN,NaN,NaN
11,NaN,NaN,NaN,NaN,NaN,NaN,NaN,NaN
1,NaN,NaN,NaN,NaN,NaN,NaN,NaN,NaN
2,NaN,NaN,NaN,NaN,NaN,NaN,NaN,NaN
3,NaN,NaN,NaN,NaN,NaN,NaN,NaN,NaN
4,NaN,NaN,NaN,NaN,NaN,NaN,NaN,NaN
5,NaN,NaN,NaN,NaN,NaN,NaN,NaN,NaN
6,NaN,NaN,NaN,NaN,NaN,NaN,NaN,NaN
7,NaN,NaN,NaN,NaN,NaN,NaN,NaN,NaN
8,NaN,NaN,NaN,NaN,NaN,NaN,NaN,NaN
9,NaN,NaN,NaN,NaN,NaN,NaN,NaN,NaN
10,NaN,NaN,NaN,NaN,NaN,NaN,NaN,NaN
11,NaN,NaN,NaN,NaN,NaN,NaN,NaN,NaN
1,NaN,NaN,NaN,NaN,NaN,NaN,NaN,NaN
2,NaN,NaN,NaN,NaN,NaN,NaN,NaN,NaN
3,NaN,NaN,NaN,NaN,NaN,NaN,NaN,NaN
4,NaN,NaN,NaN,NaN,NaN,NaN,NaN,NaN
5,NaN,NaN,NaN,NaN,NaN,NaN,NaN,NaN
6,NaN,NaN,NaN,NaN,NaN,NaN,NaN,NaN
7,NaN,NaN,NaN,NaN,NaN,NaN,NaN,NaN
8,NaN,NaN,NaN,NaN,NaN,NaN,NaN,NaN
9,NaN,NaN,NaN,NaN,NaN,NaN,NaN,NaN
10,NaN,NaN,NaN,NaN,NaN,NaN,NaN,NaN
11,NaN,NaN,NaN,NaN,NaN,NaN,NaN,NaN
1,NaN,NaN,NaN,NaN,NaN,NaN,NaN,NaN
2,NaN,NaN,NaN,NaN,NaN,NaN,NaN,NaN
3,NaN,NaN,NaN,NaN,NaN,NaN,NaN,NaN
4,NaN,NaN,NaN,NaN,NaN,NaN,NaN,NaN
5,NaN,NaN,NaN,NaN,NaN,NaN,NaN,NaN
6,NaN,NaN,NaN,NaN,NaN,NaN,NaN,NaN
7,NaN,NaN,NaN,NaN,NaN,NaN,NaN,NaN
8,NaN,NaN,NaN,NaN,NaN,NaN,NaN,NaN
9,NaN,NaN,NaN,NaN,NaN,NaN,NaN,NaN
10,NaN,NaN,NaN,NaN,NaN,NaN,NaN,NaN
11,NaN,NaN,NaN,NaN,NaN,NaN,NaN,NaN
1,NaN,NaN,NaN,NaN,NaN,NaN,NaN,NaN
2,NaN,NaN,NaN,NaN,NaN,NaN,NaN,NaN
3,NaN,NaN,NaN,NaN,NaN,NaN,NaN,NaN
4,NaN,NaN,NaN,NaN,NaN,NaN,NaN,NaN
5,NaN,NaN,NaN,NaN,NaN,NaN,NaN,NaN
6,NaN,NaN,NaN,NaN,NaN,NaN,NaN,NaN
7,NaN,NaN,NaN,NaN,NaN,NaN,NaN,NaN
8,NaN,NaN,NaN,NaN,NaN,NaN,NaN,NaN
9,NaN,NaN,NaN,NaN,NaN,NaN,NaN,NaN
10,NaN,NaN,NaN,NaN,NaN,NaN,NaN,NaN
11,NaN,NaN,NaN,NaN,NaN,NaN,NaN,NaN
1,NaN,NaN,NaN,NaN,NaN,NaN,NaN,NaN
2,NaN,NaN,NaN,NaN,NaN,NaN,NaN,NaN
3,NaN,NaN,NaN,NaN,NaN,NaN,NaN,NaN
4,NaN,NaN,NaN,NaN,NaN,NaN,NaN,NaN
5,NaN,NaN,NaN,NaN,NaN,NaN,NaN,NaN
6,NaN,NaN,NaN,NaN,NaN,NaN,NaN,NaN
7,NaN,NaN,NaN,NaN,NaN,NaN,NaN,NaN
8,NaN,NaN,NaN,NaN,NaN,NaN,NaN,NaN
9,NaN,NaN,NaN,NaN,NaN,NaN,NaN,NaN
10,NaN,NaN,NaN,NaN,NaN,NaN,NaN,NaN
11,NaN,NaN,NaN,NaN,NaN,NaN,NaN,NaN
1,NaN,NaN,NaN,NaN,NaN,NaN,NaN,NaN
2,NaN,NaN,NaN,NaN,NaN,NaN,NaN,NaN
3,NaN,NaN,NaN,NaN,NaN,NaN,NaN,NaN
4,NaN,NaN,NaN,NaN,NaN,NaN,NaN,NaN
5,NaN,NaN,NaN,NaN,NaN,NaN,NaN,NaN
6,NaN,NaN,NaN,NaN,NaN,NaN,NaN,NaN
7,NaN,NaN,NaN,NaN,NaN,NaN,NaN,NaN
8,NaN,NaN,NaN,NaN,NaN,NaN,NaN,NaN
9,NaN,NaN,NaN,NaN,NaN,NaN,NaN,NaN
10,NaN,NaN,NaN,NaN,NaN,NaN,NaN,NaN
11,NaN,NaN,NaN,NaN,NaN,NaN,NaN,NaN
1,NaN,NaN,NaN,NaN,NaN,NaN,NaN,NaN
2,NaN,NaN,NaN,NaN,NaN,NaN,NaN,NaN
3,NaN,NaN,NaN,NaN,NaN,NaN,NaN,NaN
4,NaN,NaN,NaN,NaN,NaN,NaN,NaN,NaN
5,NaN,NaN,NaN,NaN,NaN,NaN,NaN,NaN
6,NaN,NaN,NaN,NaN,NaN,NaN,NaN,NaN
7,NaN,NaN,NaN,NaN,NaN,NaN,NaN,NaN
8,NaN,NaN,NaN,NaN,NaN,NaN,NaN,NaN
9,NaN,NaN,NaN,NaN,NaN,NaN,NaN,NaN
10,NaN,NaN,NaN,NaN,NaN,NaN,NaN,NaN
11,NaN,NaN,NaN,NaN,NaN,NaN,NaN,NaN
1,NaN,NaN,NaN,NaN,NaN,NaN,NaN,NaN
2,NaN,NaN,NaN,NaN,NaN,NaN,NaN,NaN
3,NaN,NaN,NaN,NaN,NaN,NaN,NaN,NaN
4,NaN,NaN,NaN,NaN,NaN,NaN,NaN,NaN
5,NaN,NaN,NaN,NaN,NaN,NaN,NaN,NaN
6,NaN,NaN,NaN,NaN,NaN,NaN,NaN,NaN
7,NaN,NaN,NaN,NaN,NaN,NaN,NaN,NaN
8,NaN,NaN,NaN,NaN,NaN,NaN,NaN,NaN
9,NaN,NaN,NaN,NaN,NaN,NaN,NaN,NaN
10,NaN,NaN,NaN,NaN,NaN,NaN,NaN,NaN
11,NaN,NaN,NaN,NaN,NaN,NaN,NaN,NaN
1,NaN,NaN,NaN,NaN,NaN,NaN,NaN,NaN
2,NaN,NaN,NaN,NaN,NaN,NaN,NaN,NaN
3,NaN,NaN,NaN,NaN,NaN,NaN,NaN,NaN
4,NaN,NaN,NaN,NaN,NaN,NaN,NaN,NaN
5,NaN,NaN,NaN,NaN,NaN,NaN,NaN,NaN
6,NaN,NaN,NaN,NaN,NaN,NaN,NaN,NaN
7,NaN,NaN,NaN,NaN,NaN,NaN,NaN,NaN
8,NaN,NaN,NaN,NaN,NaN,NaN,NaN,NaN
9,NaN,NaN,NaN,NaN,NaN,NaN,NaN,NaN
10,NaN,NaN,NaN,NaN,NaN,NaN,NaN,NaN
11,NaN,NaN,NaN,NaN,NaN,NaN,NaN,NaN
1,NaN,NaN,NaN,NaN,NaN,NaN,NaN,NaN
2,NaN,NaN,NaN,NaN,NaN,NaN,NaN,NaN
3,NaN,NaN,NaN,NaN,NaN,NaN,NaN,NaN
4,NaN,NaN,NaN,NaN,NaN,NaN,NaN,NaN
5,NaN,NaN,NaN,NaN,NaN,NaN,NaN,NaN
6,NaN,NaN,NaN,NaN,NaN,NaN,NaN,NaN
7,NaN,NaN,NaN,NaN,NaN,NaN,NaN,NaN
8,NaN,NaN,NaN,NaN,NaN,NaN,NaN,NaN
9,NaN,NaN,NaN,NaN,NaN,NaN,NaN,NaN
10,NaN,NaN,NaN,NaN,NaN,NaN,NaN,NaN
11,NaN,NaN,NaN,NaN,NaN,NaN,NaN,NaN
1,NaN,NaN,NaN,NaN,NaN,NaN,NaN,NaN
2,NaN,NaN,NaN,NaN,NaN,NaN,NaN,NaN
3,NaN,NaN,NaN,NaN,NaN,NaN,NaN,NaN
4,NaN,NaN,NaN,NaN,NaN,NaN,NaN,NaN
5,NaN,NaN,NaN,NaN,NaN,NaN,NaN,NaN
6,NaN,NaN,NaN,NaN,NaN,NaN,NaN,NaN
7,NaN,NaN,NaN,NaN,NaN,NaN,NaN,NaN
8,NaN,NaN,NaN,NaN,NaN,NaN,NaN,NaN
9,NaN,NaN,NaN,NaN,NaN,NaN,NaN,NaN
10,NaN,NaN,NaN,NaN,NaN,NaN,NaN,NaN
11,NaN,NaN,NaN,NaN,NaN,NaN,NaN,NaN
1,NaN,NaN,NaN,NaN,NaN,NaN,NaN,NaN
2,NaN,NaN,NaN,NaN,NaN,NaN,NaN,NaN
3,NaN,NaN,NaN,NaN,NaN,NaN,NaN,NaN
4,NaN,NaN,NaN,NaN,NaN,NaN,NaN,NaN
5,NaN,NaN,NaN,NaN,NaN,NaN,NaN,NaN
6,NaN,NaN,NaN,NaN,NaN,NaN,NaN,NaN
7,NaN,NaN,NaN,NaN,NaN,NaN,NaN,NaN
8,NaN,NaN,NaN,NaN,NaN,NaN,NaN,NaN
9,NaN,NaN,NaN,NaN,NaN,NaN,NaN,NaN
10,NaN,NaN,NaN,NaN,NaN,NaN,NaN,NaN
11,NaN,NaN,NaN,NaN,NaN,NaN,NaN,NaN
1,NaN,NaN,NaN,NaN,NaN,NaN,NaN,NaN
2,NaN,NaN,NaN,NaN,NaN,NaN,NaN,NaN
3,NaN,NaN,NaN,NaN,NaN,NaN,NaN,NaN
4,NaN,NaN,NaN,NaN,NaN,NaN,NaN,NaN
5,NaN,NaN,NaN,NaN,NaN,NaN,NaN,NaN
6,NaN,NaN,NaN,NaN,NaN,NaN,NaN,NaN
7,NaN,NaN,NaN,NaN,NaN,NaN,NaN,NaN
8,NaN,NaN,NaN,NaN,NaN,NaN,NaN,NaN
9,NaN,NaN,NaN,NaN,NaN,NaN,NaN,NaN
10,NaN,NaN,NaN,NaN,NaN,NaN,NaN,NaN
11,NaN,NaN,NaN,NaN,NaN,NaN,NaN,NaN
1,NaN,NaN,NaN,NaN,NaN,NaN,NaN,NaN
2,NaN,NaN,NaN,NaN,NaN,NaN,NaN,NaN
3,NaN,NaN,NaN,NaN,NaN,NaN,NaN,NaN
4,NaN,NaN,NaN,NaN,NaN,NaN,NaN,NaN
5,NaN,NaN,NaN,NaN,NaN,NaN,NaN,NaN
6,NaN,NaN,NaN,NaN,NaN,NaN,NaN,NaN
7,NaN,NaN,NaN,NaN,NaN,NaN,NaN,NaN
8,NaN,NaN,NaN,NaN,NaN,NaN,NaN,NaN
9,NaN,NaN,NaN,NaN,NaN,NaN,NaN,NaN
10,NaN,NaN,NaN,NaN,NaN,NaN,NaN,NaN
11,NaN,NaN,NaN,NaN,NaN,NaN,NaN,NaN
1,NaN,NaN,NaN,NaN,NaN,NaN,NaN,NaN
2,NaN,NaN,NaN,NaN,NaN,NaN,NaN,NaN
3,NaN,NaN,NaN,NaN,NaN,NaN,NaN,NaN
4,NaN,NaN,NaN,NaN,NaN,NaN,NaN,NaN
5,NaN,NaN,NaN,NaN,NaN,NaN,NaN,NaN
6,NaN,NaN,NaN,NaN,NaN,NaN,NaN,NaN
7,NaN,NaN,NaN,NaN,NaN,NaN,NaN,NaN
8,NaN,NaN,NaN,NaN,NaN,NaN,NaN,NaN
9,NaN,NaN,NaN,NaN,NaN,NaN,NaN,NaN
10,NaN,NaN,NaN,NaN,NaN,NaN,NaN,NaN
11,NaN,NaN,NaN,NaN,NaN,NaN,NaN,NaN
1,NaN,NaN,NaN,NaN,NaN,NaN,NaN,NaN
2,NaN,NaN,NaN,NaN,NaN,NaN,NaN,NaN
3,NaN,NaN,NaN,NaN,NaN,NaN,NaN,NaN
4,NaN,NaN,NaN,NaN,NaN,NaN,NaN,NaN
5,NaN,NaN,NaN,NaN,NaN,NaN,NaN,NaN
6,NaN,NaN,NaN,NaN,NaN,NaN,NaN,NaN
7,NaN,NaN,NaN,NaN,NaN,NaN,NaN,NaN
8,NaN,NaN,NaN,NaN,NaN,NaN,NaN,NaN
9,NaN,NaN,NaN,NaN,NaN,NaN,NaN,NaN
10,NaN,NaN,NaN,NaN,NaN,NaN,NaN,NaN
11,NaN,NaN,NaN,NaN,NaN,NaN,NaN,NaN
1,NaN,NaN,NaN,NaN,NaN,NaN,NaN,NaN
2,NaN,NaN,NaN,NaN,NaN,NaN,NaN,NaN
3,NaN,NaN,NaN,NaN,NaN,NaN,NaN,NaN
4,NaN,NaN,NaN,NaN,NaN,NaN,NaN,NaN
5,NaN,NaN,NaN,NaN,NaN,NaN,NaN,NaN
6,NaN,NaN,NaN,NaN,NaN,NaN,NaN,NaN
7,NaN,NaN,NaN,NaN,NaN,NaN,NaN,NaN
8,NaN,NaN,NaN,NaN,NaN,NaN,NaN,NaN
9,NaN,NaN,NaN,NaN,NaN,NaN,NaN,NaN
10,NaN,NaN,NaN,NaN,NaN,NaN,NaN,NaN
11,NaN,NaN,NaN,NaN,NaN,NaN,NaN,NaN
1,NaN,NaN,NaN,NaN,NaN,NaN,NaN,NaN
2,NaN,NaN,NaN,NaN,NaN,NaN,NaN,NaN
3,NaN,NaN,NaN,NaN,NaN,NaN,NaN,NaN
4,NaN,NaN,NaN,NaN,NaN,NaN,NaN,NaN
5,NaN,NaN,NaN,NaN,NaN,NaN,NaN,NaN
6,NaN,NaN,NaN,NaN,NaN,NaN,NaN,NaN
7,NaN,NaN,NaN,NaN,NaN,NaN,NaN,NaN
8,NaN,NaN,NaN,NaN,NaN,NaN,NaN,NaN
9,NaN,NaN,NaN,NaN,NaN,NaN,NaN,NaN
10,NaN,NaN,NaN,NaN,NaN,NaN,NaN,NaN
11,NaN,NaN,NaN,NaN,NaN,NaN,NaN,NaN
1,NaN,NaN,NaN,NaN,NaN,NaN,NaN,NaN
2,NaN,NaN,NaN,NaN,NaN,NaN,NaN,NaN
3,NaN,NaN,NaN,NaN,NaN,NaN,NaN,NaN
4,NaN,NaN,NaN,NaN,NaN,NaN,NaN,NaN
5,NaN,NaN,NaN,NaN,NaN,NaN,NaN,NaN
6,NaN,NaN,NaN,NaN,NaN,NaN,NaN,NaN
7,NaN,NaN,NaN,NaN,NaN,NaN,NaN,NaN
8,NaN,NaN,NaN,NaN,NaN,NaN,NaN,NaN
9,NaN,NaN,NaN,NaN,NaN,NaN,NaN,NaN
10,NaN,NaN,NaN,NaN,NaN,NaN,NaN,NaN
11,NaN,NaN,NaN,NaN,NaN,NaN,NaN,NaN
1,NaN,NaN,NaN,NaN,NaN,NaN,NaN,NaN
2,NaN,NaN,NaN,NaN,NaN,NaN,NaN,NaN
3,NaN,NaN,NaN,NaN,NaN,NaN,NaN,NaN
4,NaN,NaN,NaN,NaN,NaN,NaN,NaN,NaN
5,NaN,NaN,NaN,NaN,NaN,NaN,NaN,NaN
6,NaN,NaN,NaN,NaN,NaN,NaN,NaN,NaN
7,NaN,NaN,NaN,NaN,NaN,NaN,NaN,NaN
8,NaN,NaN,NaN,NaN,NaN,NaN,NaN,NaN
9,NaN,NaN,NaN,NaN,NaN,NaN,NaN,NaN
10,NaN,NaN,NaN,NaN,NaN,NaN,NaN,NaN
11,NaN,NaN,NaN,NaN,NaN,NaN,NaN,NaN
1,NaN,NaN,NaN,NaN,NaN,NaN,NaN,NaN
2,NaN,NaN,NaN,NaN,NaN,NaN,NaN,NaN
3,NaN,NaN,NaN,NaN,NaN,NaN,NaN,NaN
4,NaN,NaN,NaN,NaN,NaN,NaN,NaN,NaN
5,NaN,NaN,NaN,NaN,NaN,NaN,NaN,NaN
6,NaN,NaN,NaN,NaN,NaN,NaN,NaN,NaN
7,NaN,NaN,NaN,NaN,NaN,NaN,NaN,NaN
8,NaN,NaN,NaN,NaN,NaN,NaN,NaN,NaN
9,NaN,NaN,NaN,NaN,NaN,NaN,NaN,NaN
10,NaN,NaN,NaN,NaN,NaN,NaN,NaN,NaN
11,NaN,NaN,NaN,NaN,NaN,NaN,NaN,NaN
1,NaN,NaN,NaN,NaN,NaN,NaN,NaN,NaN
2,NaN,NaN,NaN,NaN,NaN,NaN,NaN,NaN
3,NaN,NaN,NaN,NaN,NaN,NaN,NaN,NaN
4,NaN,NaN,NaN,NaN,NaN,NaN,NaN,NaN
5,NaN,NaN,NaN,NaN,NaN,NaN,NaN,NaN
6,NaN,NaN,NaN,NaN,NaN,NaN,NaN,NaN
7,NaN,NaN,NaN,NaN,NaN,NaN,NaN,NaN
8,NaN,NaN,NaN,NaN,NaN,NaN,NaN,NaN
9,NaN,NaN,NaN,NaN,NaN,NaN,NaN,NaN
10,NaN,NaN,NaN,NaN,NaN,NaN,NaN,NaN
11,NaN,NaN,NaN,NaN,NaN,NaN,NaN,NaN
1,NaN,NaN,NaN,NaN,NaN,NaN,NaN,NaN
2,NaN,NaN,NaN,NaN,NaN,NaN,NaN,NaN
3,NaN,NaN,NaN,NaN,NaN,NaN,NaN,NaN
4,NaN,NaN,NaN,NaN,NaN,NaN,NaN,NaN
5,NaN,NaN,NaN,NaN,NaN,NaN,NaN,NaN
6,NaN,NaN,NaN,NaN,NaN,NaN,NaN,NaN
7,NaN,NaN,NaN,NaN,NaN,NaN,NaN,NaN
8,NaN,NaN,NaN,NaN,NaN,NaN,NaN,NaN
9,NaN,NaN,NaN,NaN,NaN,NaN,NaN,NaN
10,NaN,NaN,NaN,NaN,NaN,NaN,NaN,NaN
11,NaN,NaN,NaN,NaN,NaN,NaN,NaN,NaN
1,NaN,NaN,NaN,NaN,NaN,NaN,NaN,NaN
2,NaN,NaN,NaN,NaN,NaN,NaN,NaN,NaN
3,NaN,NaN,NaN,NaN,NaN,NaN,NaN,NaN
4,NaN,NaN,NaN,NaN,NaN,NaN,NaN,NaN
5,NaN,NaN,NaN,NaN,NaN,NaN,NaN,NaN
6,NaN,NaN,NaN,NaN,NaN,NaN,NaN,NaN
7,NaN,NaN,NaN,NaN,NaN,NaN,NaN,NaN
8,NaN,NaN,NaN,NaN,NaN,NaN,NaN,NaN
9,NaN,NaN,NaN,NaN,NaN,NaN,NaN,NaN
10,NaN,NaN,NaN,NaN,NaN,NaN,NaN,NaN
11,NaN,NaN,NaN,NaN,NaN,NaN,NaN,NaN
1,NaN,NaN,NaN,NaN,NaN,NaN,NaN,NaN
2,NaN,NaN,NaN,NaN,NaN,NaN,NaN,NaN
3,NaN,NaN,NaN,NaN,NaN,NaN,NaN,NaN
4,NaN,NaN,NaN,NaN,NaN,NaN,NaN,NaN
5,NaN,NaN,NaN,NaN,NaN,NaN,NaN,NaN
6,NaN,NaN,NaN,NaN,NaN,NaN,NaN,NaN
7,NaN,NaN,NaN,NaN,NaN,NaN,NaN,NaN
8,NaN,NaN,NaN,NaN,NaN,NaN,NaN,NaN
9,NaN,NaN,NaN,NaN,NaN,NaN,NaN,NaN
10,NaN,NaN,NaN,NaN,NaN,NaN,NaN,NaN
11,NaN,NaN,NaN,NaN,NaN,NaN,NaN,NaN
1,NaN,NaN,NaN,NaN,NaN,NaN,NaN,NaN
2,NaN,NaN,NaN,NaN,NaN,NaN,NaN,NaN
3,NaN,NaN,NaN,NaN,NaN,NaN,NaN,NaN
4,NaN,NaN,NaN,NaN,NaN,NaN,NaN,NaN
5,NaN,NaN,NaN,NaN,NaN,NaN,NaN,NaN
6,NaN,NaN,NaN,NaN,NaN,NaN,NaN,NaN
7,NaN,NaN,NaN,NaN,NaN,NaN,NaN,NaN
8,NaN,NaN,NaN,NaN,NaN,NaN,NaN,NaN
9,NaN,NaN,NaN,NaN,NaN,NaN,NaN,NaN
10,NaN,NaN,NaN,NaN,NaN,NaN,NaN,NaN
11,NaN,NaN,NaN,NaN,NaN,NaN,NaN,NaN
1,NaN,NaN,NaN,NaN,NaN,NaN,NaN,NaN
2,NaN,NaN,NaN,NaN,NaN,NaN,NaN,NaN
3,NaN,NaN,NaN,NaN,NaN,NaN,NaN,NaN
4,NaN,NaN,NaN,NaN,NaN,NaN,NaN,NaN
5,NaN,NaN,NaN,NaN,NaN,NaN,NaN,NaN
6,NaN,NaN,NaN,NaN,NaN,NaN,NaN,NaN
7,NaN,NaN,NaN,NaN,NaN,NaN,NaN,NaN
8,NaN,NaN,NaN,NaN,NaN,NaN,NaN,NaN
9,NaN,NaN,NaN,NaN,NaN,NaN,NaN,NaN
10,NaN,NaN,NaN,NaN,NaN,NaN,NaN,NaN
11,NaN,NaN,NaN,NaN,NaN,NaN,NaN,NaN
1,NaN,NaN,NaN,NaN,NaN,NaN,NaN,NaN
2,NaN,NaN,NaN,NaN,NaN,NaN,NaN,NaN
3,NaN,NaN,NaN,NaN,NaN,NaN,NaN,NaN
4,NaN,NaN,NaN,NaN,NaN,NaN,NaN,NaN
5,NaN,NaN,NaN,NaN,NaN,NaN,NaN,NaN
6,NaN,NaN,NaN,NaN,NaN,NaN,NaN,NaN
7,NaN,NaN,NaN,NaN,NaN,NaN,NaN,NaN
8,NaN,NaN,NaN,NaN,NaN,NaN,NaN,NaN
9,NaN,NaN,NaN,NaN,NaN,NaN,NaN,NaN
10,NaN,NaN,NaN,NaN,NaN,NaN,NaN,NaN
11,NaN,NaN,NaN,NaN,NaN,NaN,NaN,NaN
1,NaN,NaN,NaN,NaN,NaN,NaN,NaN,NaN
2,NaN,NaN,NaN,NaN,NaN,NaN,NaN,NaN
3,NaN,NaN,NaN,NaN,NaN,NaN,NaN,NaN
4,NaN,NaN,NaN,NaN,NaN,NaN,NaN,NaN
5,NaN,NaN,NaN,NaN,NaN,NaN,NaN,NaN
6,NaN,NaN,NaN,NaN,NaN,NaN,NaN,NaN
7,NaN,NaN,NaN,NaN,NaN,NaN,NaN,NaN
8,NaN,NaN,NaN,NaN,NaN,NaN,NaN,NaN
9,NaN,NaN,NaN,NaN,NaN,NaN,NaN,NaN
10,NaN,NaN,NaN,NaN,NaN,NaN,NaN,NaN
11,NaN,NaN,NaN,NaN,NaN,NaN,NaN,NaN
1,NaN,NaN,NaN,NaN,NaN,NaN,NaN,NaN
2,NaN,NaN,NaN,NaN,NaN,NaN,NaN,NaN
3,NaN,NaN,NaN,NaN,NaN,NaN,NaN,NaN
4,NaN,NaN,NaN,NaN,NaN,NaN,NaN,NaN
5,NaN,NaN,NaN,NaN,NaN,NaN,NaN,NaN
6,NaN,NaN,NaN,NaN,NaN,NaN,NaN,NaN
7,NaN,NaN,NaN,NaN,NaN,NaN,NaN,NaN
8,NaN,NaN,NaN,NaN,NaN,NaN,NaN,NaN
9,NaN,NaN,NaN,NaN,NaN,NaN,NaN,NaN
10,NaN,NaN,NaN,NaN,NaN,NaN,NaN,NaN
11,NaN,NaN,NaN,NaN,NaN,NaN,NaN,NaN
1,NaN,NaN,NaN,NaN,NaN,NaN,NaN,NaN
2,NaN,NaN,NaN,NaN,NaN,NaN,NaN,NaN
3,NaN,NaN,NaN,NaN,NaN,NaN,NaN,NaN
4,NaN,NaN,NaN,NaN,NaN,NaN,NaN,NaN
5,NaN,NaN,NaN,NaN,NaN,NaN,NaN,NaN
6,NaN,NaN,NaN,NaN,NaN,NaN,NaN,NaN
7,NaN,NaN,NaN,NaN,NaN,NaN,NaN,NaN
8,NaN,NaN,NaN,NaN,NaN,NaN,NaN,NaN
9,NaN,NaN,NaN,NaN,NaN,NaN,NaN,NaN
10,NaN,NaN,NaN,NaN,NaN,NaN,NaN,NaN
11,NaN,NaN,NaN,NaN,NaN,NaN,NaN,NaN
1,NaN,NaN,NaN,NaN,NaN,NaN,NaN,NaN
2,NaN,NaN,NaN,NaN,NaN,NaN,NaN,NaN
3,NaN,NaN,NaN,NaN,NaN,NaN,NaN,NaN
4,NaN,NaN,NaN,NaN,NaN,NaN,NaN,NaN
5,NaN,NaN,NaN,NaN,NaN,NaN,NaN,NaN
6,NaN,NaN,NaN,NaN,NaN,NaN,NaN,NaN
7,NaN,NaN,NaN,NaN,NaN,NaN,NaN,NaN
8,NaN,NaN,NaN,NaN,NaN,NaN,NaN,NaN
9,NaN,NaN,NaN,NaN,NaN,NaN,NaN,NaN
10,NaN,NaN,NaN,NaN,NaN,NaN,NaN,NaN
11,NaN,NaN,NaN,NaN,NaN,NaN,NaN,NaN
1,NaN,NaN,NaN,NaN,NaN,NaN,NaN,NaN
2,NaN,NaN,NaN,NaN,NaN,NaN,NaN,NaN
3,NaN,NaN,NaN,NaN,NaN,NaN,NaN,NaN
4,NaN,NaN,NaN,NaN,NaN,NaN,NaN,NaN
5,NaN,NaN,NaN,NaN,NaN,NaN,NaN,NaN
6,NaN,NaN,NaN,NaN,NaN,NaN,NaN,NaN
7,NaN,NaN,NaN,NaN,NaN,NaN,NaN,NaN
8,NaN,NaN,NaN,NaN,NaN,NaN,NaN,NaN
9,NaN,NaN,NaN,NaN,NaN,NaN,NaN,NaN
10,NaN,NaN,NaN,NaN,NaN,NaN,NaN,NaN
11,NaN,NaN,NaN,NaN,NaN,NaN,NaN,NaN
1,NaN,NaN,NaN,NaN,NaN,NaN,NaN,NaN
2,NaN,NaN,NaN,NaN,NaN,NaN,NaN,NaN
3,NaN,NaN,NaN,NaN,NaN,NaN,NaN,NaN
4,NaN,NaN,NaN,NaN,NaN,NaN,NaN,NaN
5,NaN,NaN,NaN,NaN,NaN,NaN,NaN,NaN
6,NaN,NaN,NaN,NaN,NaN,NaN,NaN,NaN
7,NaN,NaN,NaN,NaN,NaN,NaN,NaN,NaN
8,NaN,NaN,NaN,NaN,NaN,NaN,NaN,NaN
9,NaN,NaN,NaN,NaN,NaN,NaN,NaN,NaN
10,NaN,NaN,NaN,NaN,NaN,NaN,NaN,NaN
11,NaN,NaN,NaN,NaN,NaN,NaN,NaN,NaN
1,NaN,NaN,NaN,NaN,NaN,NaN,NaN,NaN
2,NaN,NaN,NaN,NaN,NaN,NaN,NaN,NaN
3,NaN,NaN,NaN,NaN,NaN,NaN,NaN,NaN
4,NaN,NaN,NaN,NaN,NaN,NaN,NaN,NaN
5,NaN,NaN,NaN,NaN,NaN,NaN,NaN,NaN
6,NaN,NaN,NaN,NaN,NaN,NaN,NaN,NaN
7,NaN,NaN,NaN,NaN,NaN,NaN,NaN,NaN
8,NaN,NaN,NaN,NaN,NaN,NaN,NaN,NaN
9,NaN,NaN,NaN,NaN,NaN,NaN,NaN,NaN
10,NaN,NaN,NaN,NaN,NaN,NaN,NaN,NaN
11,NaN,NaN,NaN,NaN,NaN,NaN,NaN,NaN
1,NaN,NaN,NaN,NaN,NaN,NaN,NaN,NaN
2,NaN,NaN,NaN,NaN,NaN,NaN,NaN,NaN
3,NaN,NaN,NaN,NaN,NaN,NaN,NaN,NaN
4,NaN,NaN,NaN,NaN,NaN,NaN,NaN,NaN
5,NaN,NaN,NaN,NaN,NaN,NaN,NaN,NaN
6,NaN,NaN,NaN,NaN,NaN,NaN,NaN,NaN
7,NaN,NaN,NaN,NaN,NaN,NaN,NaN,NaN
8,NaN,NaN,NaN,NaN,NaN,NaN,NaN,NaN
9,NaN,NaN,NaN,NaN,NaN,NaN,NaN,NaN
10,NaN,NaN,NaN,NaN,NaN,NaN,NaN,NaN
11,NaN,NaN,NaN,NaN,NaN,NaN,NaN,NaN
1,NaN,NaN,NaN,NaN,NaN,NaN,NaN,NaN
2,NaN,NaN,NaN,NaN,NaN,NaN,NaN,NaN
3,NaN,NaN,NaN,NaN,NaN,NaN,NaN,NaN
4,NaN,NaN,NaN,NaN,NaN,NaN,NaN,NaN
5,NaN,NaN,NaN,NaN,NaN,NaN,NaN,NaN
6,NaN,NaN,NaN,NaN,NaN,NaN,NaN,NaN
7,NaN,NaN,NaN,NaN,NaN,NaN,NaN,NaN
8,NaN,NaN,NaN,NaN,NaN,NaN,NaN,NaN
9,NaN,NaN,NaN,NaN,NaN,NaN,NaN,NaN
10,NaN,NaN,NaN,NaN,NaN,NaN,NaN,NaN
11,NaN,NaN,NaN,NaN,NaN,NaN,NaN,NaN
1,NaN,NaN,NaN,NaN,NaN,NaN,NaN,NaN
2,NaN,NaN,NaN,NaN,NaN,NaN,NaN,NaN
3,NaN,NaN,NaN,NaN,NaN,NaN,NaN,NaN
4,NaN,NaN,NaN,NaN,NaN,NaN,NaN,NaN
5,NaN,NaN,NaN,NaN,NaN,NaN,NaN,NaN
6,NaN,NaN,NaN,NaN,NaN,NaN,NaN,NaN
7,NaN,NaN,NaN,NaN,NaN,NaN,NaN,NaN
8,NaN,NaN,NaN,NaN,NaN,NaN,NaN,NaN
9,NaN,NaN,NaN,NaN,NaN,NaN,NaN,NaN
10,NaN,NaN,NaN,NaN,NaN,NaN,NaN,NaN
11,NaN,NaN,NaN,NaN,NaN,NaN,NaN,NaN
1,NaN,NaN,NaN,NaN,NaN,NaN,NaN,NaN
2,NaN,NaN,NaN,NaN,NaN,NaN,NaN,NaN
3,NaN,NaN,NaN,NaN,NaN,NaN,NaN,NaN
4,NaN,NaN,NaN,NaN,NaN,NaN,NaN,NaN
5,NaN,NaN,NaN,NaN,NaN,NaN,NaN,NaN
6,NaN,NaN,NaN,NaN,NaN,NaN,NaN,NaN
7,NaN,NaN,NaN,NaN,NaN,NaN,NaN,NaN
8,NaN,NaN,NaN,NaN,NaN,NaN,NaN,NaN
9,NaN,NaN,NaN,NaN,NaN,NaN,NaN,NaN
10,NaN,NaN,NaN,NaN,NaN,NaN,NaN,NaN
11,NaN,NaN,NaN,NaN,NaN,NaN,NaN,NaN
1,NaN,NaN,NaN,NaN,NaN,NaN,NaN,NaN
2,NaN,NaN,NaN,NaN,NaN,NaN,NaN,NaN
3,NaN,NaN,NaN,NaN,NaN,NaN,NaN,NaN
4,NaN,NaN,NaN,NaN,NaN,NaN,NaN,NaN
5,NaN,NaN,NaN,NaN,NaN,NaN,NaN,NaN
6,NaN,NaN,NaN,NaN,NaN,NaN,NaN,NaN
7,NaN,NaN,NaN,NaN,NaN,NaN,NaN,NaN
8,NaN,NaN,NaN,NaN,NaN,NaN,NaN,NaN
9,NaN,NaN,NaN,NaN,NaN,NaN,NaN,NaN
10,NaN,NaN,NaN,NaN,NaN,NaN,NaN,NaN
11,NaN,NaN,NaN,NaN,NaN,NaN,NaN,NaN
1,NaN,NaN,NaN,NaN,NaN,NaN,NaN,NaN
2,NaN,NaN,NaN,NaN,NaN,NaN,NaN,NaN
3,NaN,NaN,NaN,NaN,NaN,NaN,NaN,NaN
4,NaN,NaN,NaN,NaN,NaN,NaN,NaN,NaN
5,NaN,NaN,NaN,NaN,NaN,NaN,NaN,NaN
6,NaN,NaN,NaN,NaN,NaN,NaN,NaN,NaN
7,NaN,NaN,NaN,NaN,NaN,NaN,NaN,NaN
8,NaN,NaN,NaN,NaN,NaN,NaN,NaN,NaN
9,NaN,NaN,NaN,NaN,NaN,NaN,NaN,NaN
10,NaN,NaN,NaN,NaN,NaN,NaN,NaN,NaN
11,NaN,NaN,NaN,NaN,NaN,NaN,NaN,NaN
1,NaN,NaN,NaN,NaN,NaN,NaN,NaN,NaN
2,NaN,NaN,NaN,NaN,NaN,NaN,NaN,NaN
3,NaN,NaN,NaN,NaN,NaN,NaN,NaN,NaN
4,NaN,NaN,NaN,NaN,NaN,NaN,NaN,NaN
5,NaN,NaN,NaN,NaN,NaN,NaN,NaN,NaN
6,NaN,NaN,NaN,NaN,NaN,NaN,NaN,NaN
7,NaN,NaN,NaN,NaN,NaN,NaN,NaN,NaN
8,NaN,NaN,NaN,NaN,NaN,NaN,NaN,NaN
9,NaN,NaN,NaN,NaN,NaN,NaN,NaN,NaN
10,NaN,NaN,NaN,NaN,NaN,NaN,NaN,NaN
11,NaN,NaN,NaN,NaN,NaN,NaN,NaN,NaN
1,NaN,NaN,NaN,NaN,NaN,NaN,NaN,NaN
2,NaN,NaN,NaN,NaN,NaN,NaN,NaN,NaN
3,NaN,NaN,NaN,NaN,NaN,NaN,NaN,NaN
4,NaN,NaN,NaN,NaN,NaN,NaN,NaN,NaN
5,NaN,NaN,NaN,NaN,NaN,NaN,NaN,NaN
6,NaN,NaN,NaN,NaN,NaN,NaN,NaN,NaN
7,NaN,NaN,NaN,NaN,NaN,NaN,NaN,NaN
8,NaN,NaN,NaN,NaN,NaN,NaN,NaN,NaN
9,NaN,NaN,NaN,NaN,NaN,NaN,NaN,NaN
10,NaN,NaN,NaN,NaN,NaN,NaN,NaN,NaN
11,NaN,NaN,NaN,NaN,NaN,NaN,NaN,NaN
1,NaN,NaN,NaN,NaN,NaN,NaN,NaN,NaN
2,NaN,NaN,NaN,NaN,NaN,NaN,NaN,NaN
3,NaN,NaN,NaN,NaN,NaN,NaN,NaN,NaN
4,NaN,NaN,NaN,NaN,NaN,NaN,NaN,NaN
5,NaN,NaN,NaN,NaN,NaN,NaN,NaN,NaN
6,NaN,NaN,NaN,NaN,NaN,NaN,NaN,NaN
7,NaN,NaN,NaN,NaN,NaN,NaN,NaN,NaN
8,NaN,NaN,NaN,NaN,NaN,NaN,NaN,NaN
9,NaN,NaN,NaN,NaN,NaN,NaN,NaN,NaN
10,NaN,NaN,NaN,NaN,NaN,NaN,NaN,NaN
11,NaN,NaN,NaN,NaN,NaN,NaN,NaN,NaN
1,NaN,NaN,NaN,NaN,NaN,NaN,NaN,NaN
2,NaN,NaN,NaN,NaN,NaN,NaN,NaN,NaN
3,NaN,NaN,NaN,NaN,NaN,NaN,NaN,NaN
4,NaN,NaN,NaN,NaN,NaN,NaN,NaN,NaN
5,NaN,NaN,NaN,NaN,NaN,NaN,NaN,NaN
6,NaN,NaN,NaN,NaN,NaN,NaN,NaN,NaN
7,NaN,NaN,NaN,NaN,NaN,NaN,NaN,NaN
8,NaN,NaN,NaN,NaN,NaN,NaN,NaN,NaN
9,NaN,NaN,NaN,NaN,NaN,NaN,NaN,NaN
10,NaN,NaN,NaN,NaN,NaN,NaN,NaN,NaN
11,NaN,NaN,NaN,NaN,NaN,NaN,NaN,NaN
1,NaN,NaN,NaN,NaN,NaN,NaN,NaN,NaN
2,NaN,NaN,NaN,NaN,NaN,NaN,NaN,NaN
3,NaN,NaN,NaN,NaN,NaN,NaN,NaN,NaN
4,NaN,NaN,NaN,NaN,NaN,NaN,NaN,NaN
5,NaN,NaN,NaN,NaN,NaN,NaN,NaN,NaN
6,NaN,NaN,NaN,NaN,NaN,NaN,NaN,NaN
7,NaN,NaN,NaN,NaN,NaN,NaN,NaN,NaN
8,NaN,NaN,NaN,NaN,NaN,NaN,NaN,NaN
9,NaN,NaN,NaN,NaN,NaN,NaN,NaN,NaN
10,NaN,NaN,NaN,NaN,NaN,NaN,NaN,NaN
11,NaN,NaN,NaN,NaN,NaN,NaN,NaN,NaN
1,NaN,NaN,NaN,NaN,NaN,NaN,NaN,NaN
2,NaN,NaN,NaN,NaN,NaN,NaN,NaN,NaN
3,NaN,NaN,NaN,NaN,NaN,NaN,NaN,NaN
4,NaN,NaN,NaN,NaN,NaN,NaN,NaN,NaN
5,NaN,NaN,NaN,NaN,NaN,NaN,NaN,NaN
6,NaN,NaN,NaN,NaN,NaN,NaN,NaN,NaN
7,NaN,NaN,NaN,NaN,NaN,NaN,NaN,NaN
8,NaN,NaN,NaN,NaN,NaN,NaN,NaN,NaN
9,NaN,NaN,NaN,NaN,NaN,NaN,NaN,NaN
10,NaN,NaN,NaN,NaN,NaN,NaN,NaN,NaN
11,NaN,NaN,NaN,NaN,NaN,NaN,NaN,NaN
1,NaN,NaN,NaN,NaN,NaN,NaN,NaN,NaN
2,NaN,NaN,NaN,NaN,NaN,NaN,NaN,NaN
3,NaN,NaN,NaN,NaN,NaN,NaN,NaN,NaN
4,NaN,NaN,NaN,NaN,NaN,NaN,NaN,NaN
5,NaN,NaN,NaN,NaN,NaN,NaN,NaN,NaN
6,NaN,NaN,NaN,NaN,NaN,NaN,NaN,NaN
7,NaN,NaN,NaN,NaN,NaN,NaN,NaN,NaN
8,NaN,NaN,NaN,NaN,NaN,NaN,NaN,NaN
9,NaN,NaN,NaN,NaN,NaN,NaN,NaN,NaN
10,NaN,NaN,NaN,NaN,NaN,NaN,NaN,NaN
11,NaN,NaN,NaN,NaN,NaN,NaN,NaN,NaN
1,NaN,NaN,NaN,NaN,NaN,NaN,NaN,NaN
2,NaN,NaN,NaN,NaN,NaN,NaN,NaN,NaN
3,NaN,NaN,NaN,NaN,NaN,NaN,NaN,NaN
4,NaN,NaN,NaN,NaN,NaN,NaN,NaN,NaN
5,NaN,NaN,NaN,NaN,NaN,NaN,NaN,NaN
6,NaN,NaN,NaN,NaN,NaN,NaN,NaN,NaN
7,NaN,NaN,NaN,NaN,NaN,NaN,NaN,NaN
8,NaN,NaN,NaN,NaN,NaN,NaN,NaN,NaN
9,NaN,NaN,NaN,NaN,NaN,NaN,NaN,NaN
10,NaN,NaN,NaN,NaN,NaN,NaN,NaN,NaN
11,NaN,NaN,NaN,NaN,NaN,NaN,NaN,NaN
1,NaN,NaN,NaN,NaN,NaN,NaN,NaN,NaN
2,NaN,NaN,NaN,NaN,NaN,NaN,NaN,NaN
3,NaN,NaN,NaN,NaN,NaN,NaN,NaN,NaN
4,NaN,NaN,NaN,NaN,NaN,NaN,NaN,NaN
5,NaN,NaN,NaN,NaN,NaN,NaN,NaN,NaN
6,NaN,NaN,NaN,NaN,NaN,NaN,NaN,NaN
7,NaN,NaN,NaN,NaN,NaN,NaN,NaN,NaN
8,NaN,NaN,NaN,NaN,NaN,NaN,NaN,NaN
9,NaN,NaN,NaN,NaN,NaN,NaN,NaN,NaN
10,NaN,NaN,NaN,NaN,NaN,NaN,NaN,NaN
11,NaN,NaN,NaN,NaN,NaN,NaN,NaN,NaN
1,NaN,NaN,NaN,NaN,NaN,NaN,NaN,NaN
2,NaN,NaN,NaN,NaN,NaN,NaN,NaN,NaN
3,NaN,NaN,NaN,NaN,NaN,NaN,NaN,NaN
4,NaN,NaN,NaN,NaN,NaN,NaN,NaN,NaN
5,NaN,NaN,NaN,NaN,NaN,NaN,NaN,NaN
6,NaN,NaN,NaN,NaN,NaN,NaN,NaN,NaN
7,NaN,NaN,NaN,NaN,NaN,NaN,NaN,NaN
8,NaN,NaN,NaN,NaN,NaN,NaN,NaN,NaN
9,NaN,NaN,NaN,NaN,NaN,NaN,NaN,NaN
10,NaN,NaN,NaN,NaN,NaN,NaN,NaN,NaN
11,NaN,NaN,NaN,NaN,NaN,NaN,NaN,NaN
1,NaN,NaN,NaN,NaN,NaN,NaN,NaN,NaN
2,NaN,NaN,NaN,NaN,NaN,NaN,NaN,NaN
3,NaN,NaN,NaN,NaN,NaN,NaN,NaN,NaN
4,NaN,NaN,NaN,NaN,NaN,NaN,NaN,NaN
5,NaN,NaN,NaN,NaN,NaN,NaN,NaN,NaN
6,NaN,NaN,NaN,NaN,NaN,NaN,NaN,NaN
7,NaN,NaN,NaN,NaN,NaN,NaN,NaN,NaN
8,NaN,NaN,NaN,NaN,NaN,NaN,NaN,NaN
9,NaN,NaN,NaN,NaN,NaN,NaN,NaN,NaN
10,NaN,NaN,NaN,NaN,NaN,NaN,NaN,NaN
11,NaN,NaN,NaN,NaN,NaN,NaN,NaN,NaN
1,NaN,NaN,NaN,NaN,NaN,NaN,NaN,NaN
2,NaN,NaN,NaN,NaN,NaN,NaN,NaN,NaN
3,NaN,NaN,NaN,NaN,NaN,NaN,NaN,NaN
4,NaN,NaN,NaN,NaN,NaN,NaN,NaN,NaN
5,NaN,NaN,NaN,NaN,NaN,NaN,NaN,NaN
6,NaN,NaN,NaN,NaN,NaN,NaN,NaN,NaN
7,NaN,NaN,NaN,NaN,NaN,NaN,NaN,NaN
8,NaN,NaN,NaN,NaN,NaN,NaN,NaN,NaN
9,NaN,NaN,NaN,NaN,NaN,NaN,NaN,NaN
10,NaN,NaN,NaN,NaN,NaN,NaN,NaN,NaN
11,NaN,NaN,NaN,NaN,NaN,NaN,NaN,NaN
1,NaN,NaN,NaN,NaN,NaN,NaN,NaN,NaN
2,NaN,NaN,NaN,NaN,NaN,NaN,NaN,NaN
3,NaN,NaN,NaN,NaN,NaN,NaN,NaN,NaN
4,NaN,NaN,NaN,NaN,NaN,NaN,NaN,NaN
5,NaN,NaN,NaN,NaN,NaN,NaN,NaN,NaN
6,NaN,NaN,NaN,NaN,NaN,NaN,NaN,NaN
7,NaN,NaN,NaN,NaN,NaN,NaN,NaN,NaN
8,NaN,NaN,NaN,NaN,NaN,NaN,NaN,NaN
9,NaN,NaN,NaN,NaN,NaN,NaN,NaN,NaN
10,NaN,NaN,NaN,NaN,NaN,NaN,NaN,NaN
11,NaN,NaN,NaN,NaN,NaN,NaN,NaN,NaN
1,NaN,NaN,NaN,NaN,NaN,NaN,NaN,NaN
2,NaN,NaN,NaN,NaN,NaN,NaN,NaN,NaN
3,NaN,NaN,NaN,NaN,NaN,NaN,NaN,NaN
4,NaN,NaN,NaN,NaN,NaN,NaN,NaN,NaN
5,NaN,NaN,NaN,NaN,NaN,NaN,NaN,NaN
6,NaN,NaN,NaN,NaN,NaN,NaN,NaN,NaN
7,NaN,NaN,NaN,NaN,NaN,NaN,NaN,NaN
8,NaN,NaN,NaN,NaN,NaN,NaN,NaN,NaN
9,NaN,NaN,NaN,NaN,NaN,NaN,NaN,NaN
10,NaN,NaN,NaN,NaN,NaN,NaN,NaN,NaN
11,NaN,NaN,NaN,NaN,NaN,NaN,NaN,NaN
1,NaN,NaN,NaN,NaN,NaN,NaN,NaN,NaN
2,NaN,NaN,NaN,NaN,NaN,NaN,NaN,NaN
3,NaN,NaN,NaN,NaN,NaN,NaN,NaN,NaN
4,NaN,NaN,NaN,NaN,NaN,NaN,NaN,NaN
5,NaN,NaN,NaN,NaN,NaN,NaN,NaN,NaN
6,NaN,NaN,NaN,NaN,NaN,NaN,NaN,NaN
7,NaN,NaN,NaN,NaN,NaN,NaN,NaN,NaN
8,NaN,NaN,NaN,NaN,NaN,NaN,NaN,NaN
9,NaN,NaN,NaN,NaN,NaN,NaN,NaN,NaN
10,NaN,NaN,NaN,NaN,NaN,NaN,NaN,NaN
11,NaN,NaN,NaN,NaN,NaN,NaN,NaN,NaN
1,NaN,NaN,NaN,NaN,NaN,NaN,NaN,NaN
2,NaN,NaN,NaN,NaN,NaN,NaN,NaN,NaN
3,NaN,NaN,NaN,NaN,NaN,NaN,NaN,NaN
4,NaN,NaN,NaN,NaN,NaN,NaN,NaN,NaN
5,NaN,NaN,NaN,NaN,NaN,NaN,NaN,NaN
6,NaN,NaN,NaN,NaN,NaN,NaN,NaN,NaN
7,NaN,NaN,NaN,NaN,NaN,NaN,NaN,NaN
8,NaN,NaN,NaN,NaN,NaN,NaN,NaN,NaN
9,NaN,NaN,NaN,NaN,NaN,NaN,NaN,NaN
10,NaN,NaN,NaN,NaN,NaN,NaN,NaN,NaN
11,NaN,NaN,NaN,NaN,NaN,NaN,NaN,NaN
1,NaN,NaN,NaN,NaN,NaN,NaN,NaN,NaN
2,NaN,NaN,NaN,NaN,NaN,NaN,NaN,NaN
3,NaN,NaN,NaN,NaN,NaN,NaN,NaN,NaN
4,NaN,NaN,NaN,NaN,NaN,NaN,NaN,NaN
5,NaN,NaN,NaN,NaN,NaN,NaN,NaN,NaN
6,NaN,NaN,NaN,NaN,NaN,NaN,NaN,NaN
7,NaN,NaN,NaN,NaN,NaN,NaN,NaN,NaN
8,NaN,NaN,NaN,NaN,NaN,NaN,NaN,NaN
9,NaN,NaN,NaN,NaN,NaN,NaN,NaN,NaN
10,NaN,NaN,NaN,NaN,NaN,NaN,NaN,NaN
11,NaN,NaN,NaN,NaN,NaN,NaN,NaN,NaN
1,NaN,NaN,NaN,NaN,NaN,NaN,NaN,NaN
2,NaN,NaN,NaN,NaN,NaN,NaN,NaN,NaN
3,NaN,NaN,NaN,NaN,NaN,NaN,NaN,NaN
4,NaN,NaN,NaN,NaN,NaN,NaN,NaN,NaN
5,NaN,NaN,NaN,NaN,NaN,NaN,NaN,NaN
6,NaN,NaN,NaN,NaN,NaN,NaN,NaN,NaN
7,NaN,NaN,NaN,NaN,NaN,NaN,NaN,NaN
8,NaN,NaN,NaN,NaN,NaN,NaN,NaN,NaN
9,NaN,NaN,NaN,NaN,NaN,NaN,NaN,NaN
10,NaN,NaN,NaN,NaN,NaN,NaN,NaN,NaN
11,NaN,NaN,NaN,NaN,NaN,NaN,NaN,NaN
1,NaN,NaN,NaN,NaN,NaN,NaN,NaN,NaN
2,NaN,NaN,NaN,NaN,NaN,NaN,NaN,NaN
3,NaN,NaN,NaN,NaN,NaN,NaN,NaN,NaN
4,NaN,NaN,NaN,NaN,NaN,NaN,NaN,NaN
5,NaN,NaN,NaN,NaN,NaN,NaN,NaN,NaN
6,NaN,NaN,NaN,NaN,NaN,NaN,NaN,NaN
7,NaN,NaN,NaN,NaN,NaN,NaN,NaN,NaN
8,NaN,NaN,NaN,NaN,NaN,NaN,NaN,NaN
9,NaN,NaN,NaN,NaN,NaN,NaN,NaN,NaN
10,NaN,NaN,NaN,NaN,NaN,NaN,NaN,NaN
11,NaN,NaN,NaN,NaN,NaN,NaN,NaN,NaN
1,NaN,NaN,NaN,NaN,NaN,NaN,NaN,NaN
2,NaN,NaN,NaN,NaN,NaN,NaN,NaN,NaN
3,NaN,NaN,NaN,NaN,NaN,NaN,NaN,NaN
4,NaN,NaN,NaN,NaN,NaN,NaN,NaN,NaN
5,NaN,NaN,NaN,NaN,NaN,NaN,NaN,NaN
6,NaN,NaN,NaN,NaN,NaN,NaN,NaN,NaN
7,NaN,NaN,NaN,NaN,NaN,NaN,NaN,NaN
8,NaN,NaN,NaN,NaN,NaN,NaN,NaN,NaN
9,NaN,NaN,NaN,NaN,NaN,NaN,NaN,NaN
10,NaN,NaN,NaN,NaN,NaN,NaN,NaN,NaN
11,NaN,NaN,NaN,NaN,NaN,NaN,NaN,NaN
1,NaN,NaN,NaN,NaN,NaN,NaN,NaN,NaN
2,NaN,NaN,NaN,NaN,NaN,NaN,NaN,NaN
3,NaN,NaN,NaN,NaN,NaN,NaN,NaN,NaN
4,NaN,NaN,NaN,NaN,NaN,NaN,NaN,NaN
5,NaN,NaN,NaN,NaN,NaN,NaN,NaN,NaN
6,NaN,NaN,NaN,NaN,NaN,NaN,NaN,NaN
7,NaN,NaN,NaN,NaN,NaN,NaN,NaN,NaN
8,NaN,NaN,NaN,NaN,NaN,NaN,NaN,NaN
9,NaN,NaN,NaN,NaN,NaN,NaN,NaN,NaN
10,NaN,NaN,NaN,NaN,NaN,NaN,NaN,NaN
11,NaN,NaN,NaN,NaN,NaN,NaN,NaN,NaN
1,NaN,NaN,NaN,NaN,NaN,NaN,NaN,NaN
2,NaN,NaN,NaN,NaN,NaN,NaN,NaN,NaN
3,NaN,NaN,NaN,NaN,NaN,NaN,NaN,NaN
4,NaN,NaN,NaN,NaN,NaN,NaN,NaN,NaN
5,NaN,NaN,NaN,NaN,NaN,NaN,NaN,NaN
6,NaN,NaN,NaN,NaN,NaN,NaN,NaN,NaN
7,NaN,NaN,NaN,NaN,NaN,NaN,NaN,NaN
8,NaN,NaN,NaN,NaN,NaN,NaN,NaN,NaN
9,NaN,NaN,NaN,NaN,NaN,NaN,NaN,NaN
10,NaN,NaN,NaN,NaN,NaN,NaN,NaN,NaN
11,NaN,NaN,NaN,NaN,NaN,NaN,NaN,NaN
1,NaN,NaN,NaN,NaN,NaN,NaN,NaN,NaN
2,NaN,NaN,NaN,NaN,NaN,NaN,NaN,NaN
3,NaN,NaN,NaN,NaN,NaN,NaN,NaN,NaN
4,NaN,NaN,NaN,NaN,NaN,NaN,NaN,NaN
5,NaN,NaN,NaN,NaN,NaN,NaN,NaN,NaN
6,NaN,NaN,NaN,NaN,NaN,NaN,NaN,NaN
7,NaN,NaN,NaN,NaN,NaN,NaN,NaN,NaN
8,NaN,NaN,NaN,NaN,NaN,NaN,NaN,NaN
9,NaN,NaN,NaN,NaN,NaN,NaN,NaN,NaN
10,NaN,NaN,NaN,NaN,NaN,NaN,NaN,NaN
11,NaN,NaN,NaN,NaN,NaN,NaN,NaN,NaN
1,NaN,NaN,NaN,NaN,NaN,NaN,NaN,NaN
2,NaN,NaN,NaN,NaN,NaN,NaN,NaN,NaN
3,NaN,NaN,NaN,NaN,NaN,NaN,NaN,NaN
4,NaN,NaN,NaN,NaN,NaN,NaN,NaN,NaN
5,NaN,NaN,NaN,NaN,NaN,NaN,NaN,NaN
6,NaN,NaN,NaN,NaN,NaN,NaN,NaN,NaN
7,NaN,NaN,NaN,NaN,NaN,NaN,NaN,NaN
8,NaN,NaN,NaN,NaN,NaN,NaN,NaN,NaN
9,NaN,NaN,NaN,NaN,NaN,NaN,NaN,NaN
10,NaN,NaN,NaN,NaN,NaN,NaN,NaN,NaN
11,NaN,NaN,NaN,NaN,NaN,NaN,NaN,NaN
1,NaN,NaN,NaN,NaN,NaN,NaN,NaN,NaN
2,NaN,NaN,NaN,NaN,NaN,NaN,NaN,NaN
3,NaN,NaN,NaN,NaN,NaN,NaN,NaN,NaN
4,NaN,NaN,NaN,NaN,NaN,NaN,NaN,NaN
5,NaN,NaN,NaN,NaN,NaN,NaN,NaN,NaN
6,NaN,NaN,NaN,NaN,NaN,NaN,NaN,NaN
7,NaN,NaN,NaN,NaN,NaN,NaN,NaN,NaN
8,NaN,NaN,NaN,NaN,NaN,NaN,NaN,NaN
9,NaN,NaN,NaN,NaN,NaN,NaN,NaN,NaN
10,NaN,NaN,NaN,NaN,NaN,NaN,NaN,NaN
11,NaN,NaN,NaN,NaN,NaN,NaN,NaN,NaN
1,NaN,NaN,NaN,NaN,NaN,NaN,NaN,NaN
2,NaN,NaN,NaN,NaN,NaN,NaN,NaN,NaN
3,NaN,NaN,NaN,NaN,NaN,NaN,NaN,NaN
4,NaN,NaN,NaN,NaN,NaN,NaN,NaN,NaN
5,NaN,NaN,NaN,NaN,NaN,NaN,NaN,NaN
6,NaN,NaN,NaN,NaN,NaN,NaN,NaN,NaN
7,NaN,NaN,NaN,NaN,NaN,NaN,NaN,NaN
8,NaN,NaN,NaN,NaN,NaN,NaN,NaN,NaN
9,NaN,NaN,NaN,NaN,NaN,NaN,NaN,NaN
10,NaN,NaN,NaN,NaN,NaN,NaN,NaN,NaN
11,NaN,NaN,NaN,NaN,NaN,NaN,NaN,NaN
1,NaN,NaN,NaN,NaN,NaN,NaN,NaN,NaN
2,NaN,NaN,NaN,NaN,NaN,NaN,NaN,NaN
3,NaN,NaN,NaN,NaN,NaN,NaN,NaN,NaN
4,NaN,NaN,NaN,NaN,NaN,NaN,NaN,NaN
5,NaN,NaN,NaN,NaN,NaN,NaN,NaN,NaN
6,NaN,NaN,NaN,NaN,NaN,NaN,NaN,NaN
7,NaN,NaN,NaN,NaN,NaN,NaN,NaN,NaN
8,NaN,NaN,NaN,NaN,NaN,NaN,NaN,NaN
9,NaN,NaN,NaN,NaN,NaN,NaN,NaN,NaN
10,NaN,NaN,NaN,NaN,NaN,NaN,NaN,NaN
11,NaN,NaN,NaN,NaN,NaN,NaN,NaN,NaN
1,NaN,NaN,NaN,NaN,NaN,NaN,NaN,NaN
2,NaN,NaN,NaN,NaN,NaN,NaN,NaN,NaN
3,NaN,NaN,NaN,NaN,NaN,NaN,NaN,NaN
4,NaN,NaN,NaN,NaN,NaN,NaN,NaN,NaN
5,NaN,NaN,NaN,NaN,NaN,NaN,NaN,NaN
6,NaN,NaN,NaN,NaN,NaN,NaN,NaN,NaN
7,NaN,NaN,NaN,NaN,NaN,NaN,NaN,NaN
8,NaN,NaN,NaN,NaN,NaN,NaN,NaN,NaN
9,NaN,NaN,NaN,NaN,NaN,NaN,NaN,NaN
10,NaN,NaN,NaN,NaN,NaN,NaN,NaN,NaN
11,NaN,NaN,NaN,NaN,NaN,NaN,NaN,NaN
1,NaN,NaN,NaN,NaN,NaN,NaN,NaN,NaN
2,NaN,NaN,NaN,NaN,NaN,NaN,NaN,NaN
3,NaN,NaN,NaN,NaN,NaN,NaN,NaN,NaN
4,NaN,NaN,NaN,NaN,NaN,NaN,NaN,NaN
5,NaN,NaN,NaN,NaN,NaN,NaN,NaN,NaN
6,NaN,NaN,NaN,NaN,NaN,NaN,NaN,NaN
7,NaN,NaN,NaN,NaN,NaN,NaN,NaN,NaN
8,NaN,NaN,NaN,NaN,NaN,NaN,NaN,NaN
9,NaN,NaN,NaN,NaN,NaN,NaN,NaN,NaN
10,NaN,NaN,NaN,NaN,NaN,NaN,NaN,NaN
11,NaN,NaN,NaN,NaN,NaN,NaN,NaN,NaN
1,NaN,NaN,NaN,NaN,NaN,NaN,NaN,NaN
2,NaN,NaN,NaN,NaN,NaN,NaN,NaN,NaN
3,NaN,NaN,NaN,NaN,NaN,NaN,NaN,NaN
4,NaN,NaN,NaN,NaN,NaN,NaN,NaN,NaN
5,NaN,NaN,NaN,NaN,NaN,NaN,NaN,NaN
6,NaN,NaN,NaN,NaN,NaN,NaN,NaN,NaN
7,NaN,NaN,NaN,NaN,NaN,NaN,NaN,NaN
8,NaN,NaN,NaN,NaN,NaN,NaN,NaN,NaN
9,NaN,NaN,NaN,NaN,NaN,NaN,NaN,NaN
10,NaN,NaN,NaN,NaN,NaN,NaN,NaN,NaN
11,NaN,NaN,NaN,NaN,NaN,NaN,NaN,NaN
1,NaN,NaN,NaN,NaN,NaN,NaN,NaN,NaN
2,NaN,NaN,NaN,NaN,NaN,NaN,NaN,NaN
3,NaN,NaN,NaN,NaN,NaN,NaN,NaN,NaN
4,NaN,NaN,NaN,NaN,NaN,NaN,NaN,NaN
5,NaN,NaN,NaN,NaN,NaN,NaN,NaN,NaN
6,NaN,NaN,NaN,NaN,NaN,NaN,NaN,NaN
7,NaN,NaN,NaN,NaN,NaN,NaN,NaN,NaN
8,NaN,NaN,NaN,NaN,NaN,NaN,NaN,NaN
9,NaN,NaN,NaN,NaN,NaN,NaN,NaN,NaN
10,NaN,NaN,NaN,NaN,NaN,NaN,NaN,NaN
11,NaN,NaN,NaN,NaN,NaN,NaN,NaN,NaN
1,NaN,NaN,NaN,NaN,NaN,NaN,NaN,NaN
2,NaN,NaN,NaN,NaN,NaN,NaN,NaN,NaN
3,NaN,NaN,NaN,NaN,NaN,NaN,NaN,NaN
4,NaN,NaN,NaN,NaN,NaN,NaN,NaN,NaN
5,NaN,NaN,NaN,NaN,NaN,NaN,NaN,NaN
6,NaN,NaN,NaN,NaN,NaN,NaN,NaN,NaN
7,NaN,NaN,NaN,NaN,NaN,NaN,NaN,NaN
8,NaN,NaN,NaN,NaN,NaN,NaN,NaN,NaN
9,NaN,NaN,NaN,NaN,NaN,NaN,NaN,NaN
10,NaN,NaN,NaN,NaN,NaN,NaN,NaN,NaN
11,NaN,NaN,NaN,NaN,NaN,NaN,NaN,NaN
1,NaN,NaN,NaN,NaN,NaN,NaN,NaN,NaN
2,NaN,NaN,NaN,NaN,NaN,NaN,NaN,NaN
3,NaN,NaN,NaN,NaN,NaN,NaN,NaN,NaN
4,NaN,NaN,NaN,NaN,NaN,NaN,NaN,NaN
5,NaN,NaN,NaN,NaN,NaN,NaN,NaN,NaN
6,NaN,NaN,NaN,NaN,NaN,NaN,NaN,NaN
7,NaN,NaN,NaN,NaN,NaN,NaN,NaN,NaN
8,NaN,NaN,NaN,NaN,NaN,NaN,NaN,NaN
9,NaN,NaN,NaN,NaN,NaN,NaN,NaN,NaN
10,NaN,NaN,NaN,NaN,NaN,NaN,NaN,NaN
11,NaN,NaN,NaN,NaN,NaN,NaN,NaN,NaN
1,NaN,NaN,NaN,NaN,NaN,NaN,NaN,NaN
2,NaN,NaN,NaN,NaN,NaN,NaN,NaN,NaN
3,NaN,NaN,NaN,NaN,NaN,NaN,NaN,NaN
4,NaN,NaN,NaN,NaN,NaN,NaN,NaN,NaN
5,NaN,NaN,NaN,NaN,NaN,NaN,NaN,NaN
6,NaN,NaN,NaN,NaN,NaN,NaN,NaN,NaN
7,NaN,NaN,NaN,NaN,NaN,NaN,NaN,NaN
8,NaN,NaN,NaN,NaN,NaN,NaN,NaN,NaN
9,NaN,NaN,NaN,NaN,NaN,NaN,NaN,NaN
10,NaN,NaN,NaN,NaN,NaN,NaN,NaN,NaN
11,NaN,NaN,NaN,NaN,NaN,NaN,NaN,NaN
1,NaN,NaN,NaN,NaN,NaN,NaN,NaN,NaN
2,NaN,NaN,NaN,NaN,NaN,NaN,NaN,NaN
3,NaN,NaN,NaN,NaN,NaN,NaN,NaN,NaN
4,NaN,NaN,NaN,NaN,NaN,NaN,NaN,NaN
5,NaN,NaN,NaN,NaN,NaN,NaN,NaN,NaN
6,NaN,NaN,NaN,NaN,NaN,NaN,NaN,NaN
7,NaN,NaN,NaN,NaN,NaN,NaN,NaN,NaN
8,NaN,NaN,NaN,NaN,NaN,NaN,NaN,NaN
9,NaN,NaN,NaN,NaN,NaN,NaN,NaN,NaN
10,NaN,NaN,NaN,NaN,NaN,NaN,NaN,NaN
11,NaN,NaN,NaN,NaN,NaN,NaN,NaN,NaN
1,NaN,NaN,NaN,NaN,NaN,NaN,NaN,NaN
2,NaN,NaN,NaN,NaN,NaN,NaN,NaN,NaN
3,NaN,NaN,NaN,NaN,NaN,NaN,NaN,NaN
4,NaN,NaN,NaN,NaN,NaN,NaN,NaN,NaN
5,NaN,NaN,NaN,NaN,NaN,NaN,NaN,NaN
6,NaN,NaN,NaN,NaN,NaN,NaN,NaN,NaN
7,NaN,NaN,NaN,NaN,NaN,NaN,NaN,NaN
8,NaN,NaN,NaN,NaN,NaN,NaN,NaN,NaN
9,NaN,NaN,NaN,NaN,NaN,NaN,NaN,NaN
10,NaN,NaN,NaN,NaN,NaN,NaN,NaN,NaN
11,NaN,NaN,NaN,NaN,NaN,NaN,NaN,NaN
1,NaN,NaN,NaN,NaN,NaN,NaN,NaN,NaN
2,NaN,NaN,NaN,NaN,NaN,NaN,NaN,NaN
3,NaN,NaN,NaN,NaN,NaN,NaN,NaN,NaN
4,NaN,NaN,NaN,NaN,NaN,NaN,NaN,NaN
5,NaN,NaN,NaN,NaN,NaN,NaN,NaN,NaN
6,NaN,NaN,NaN,NaN,NaN,NaN,NaN,NaN
7,NaN,NaN,NaN,NaN,NaN,NaN,NaN,NaN
8,NaN,NaN,NaN,NaN,NaN,NaN,NaN,NaN
9,NaN,NaN,NaN,NaN,NaN,NaN,NaN,NaN
10,NaN,NaN,NaN,NaN,NaN,NaN,NaN,NaN
11,NaN,NaN,NaN,NaN,NaN,NaN,NaN,NaN
1,NaN,NaN,NaN,NaN,NaN,NaN,NaN,NaN
2,NaN,NaN,NaN,NaN,NaN,NaN,NaN,NaN
3,NaN,NaN,NaN,NaN,NaN,NaN,NaN,NaN
4,NaN,NaN,NaN,NaN,NaN,NaN,NaN,NaN
5,NaN,NaN,NaN,NaN,NaN,NaN,NaN,NaN
6,NaN,NaN,NaN,NaN,NaN,NaN,NaN,NaN
7,NaN,NaN,NaN,NaN,NaN,NaN,NaN,NaN
8,NaN,NaN,NaN,NaN,NaN,NaN,NaN,NaN
9,NaN,NaN,NaN,NaN,NaN,NaN,NaN,NaN
10,NaN,NaN,NaN,NaN,NaN,NaN,NaN,NaN
11,NaN,NaN,NaN,NaN,NaN,NaN,NaN,NaN
1,NaN,NaN,NaN,NaN,NaN,NaN,NaN,NaN
2,NaN,NaN,NaN,NaN,NaN,NaN,NaN,NaN
3,NaN,NaN,NaN,NaN,NaN,NaN,NaN,NaN
4,NaN,NaN,NaN,NaN,NaN,NaN,NaN,NaN
5,NaN,NaN,NaN,NaN,NaN,NaN,NaN,NaN
6,NaN,NaN,NaN,NaN,NaN,NaN,NaN,NaN
7,NaN,NaN,NaN,NaN,NaN,NaN,NaN,NaN
8,NaN,NaN,NaN,NaN,NaN,NaN,NaN,NaN
9,NaN,NaN,NaN,NaN,NaN,NaN,NaN,NaN
10,NaN,NaN,NaN,NaN,NaN,NaN,NaN,NaN
11,NaN,NaN,NaN,NaN,NaN,NaN,NaN,NaN
1,NaN,NaN,NaN,NaN,NaN,NaN,NaN,NaN
2,NaN,NaN,NaN,NaN,NaN,NaN,NaN,NaN
3,NaN,NaN,NaN,NaN,NaN,NaN,NaN,NaN
4,NaN,NaN,NaN,NaN,NaN,NaN,NaN,NaN
5,NaN,NaN,NaN,NaN,NaN,NaN,NaN,NaN
6,NaN,NaN,NaN,NaN,NaN,NaN,NaN,NaN
7,NaN,NaN,NaN,NaN,NaN,NaN,NaN,NaN
8,NaN,NaN,NaN,NaN,NaN,NaN,NaN,NaN
9,NaN,NaN,NaN,NaN,NaN,NaN,NaN,NaN
10,NaN,NaN,NaN,NaN,NaN,NaN,NaN,NaN
11,NaN,NaN,NaN,NaN,NaN,NaN,NaN,NaN
1,NaN,NaN,NaN,NaN,NaN,NaN,NaN,NaN
2,NaN,NaN,NaN,NaN,NaN,NaN,NaN,NaN
3,NaN,NaN,NaN,NaN,NaN,NaN,NaN,NaN
4,NaN,NaN,NaN,NaN,NaN,NaN,NaN,NaN
5,NaN,NaN,NaN,NaN,NaN,NaN,NaN,NaN
6,NaN,NaN,NaN,NaN,NaN,NaN,NaN,NaN
7,NaN,NaN,NaN,NaN,NaN,NaN,NaN,NaN
8,NaN,NaN,NaN,NaN,NaN,NaN,NaN,NaN
9,NaN,NaN,NaN,NaN,NaN,NaN,NaN,NaN
10,NaN,NaN,NaN,NaN,NaN,NaN,NaN,NaN
11,NaN,NaN,NaN,NaN,NaN,NaN,NaN,NaN
1,NaN,NaN,NaN,NaN,NaN,NaN,NaN,NaN
2,NaN,NaN,NaN,NaN,NaN,NaN,NaN,NaN
3,NaN,NaN,NaN,NaN,NaN,NaN,NaN,NaN
4,NaN,NaN,NaN,NaN,NaN,NaN,NaN,NaN
5,NaN,NaN,NaN,NaN,NaN,NaN,NaN,NaN
6,NaN,NaN,NaN,NaN,NaN,NaN,NaN,NaN
7,NaN,NaN,NaN,NaN,NaN,NaN,NaN,NaN
8,NaN,NaN,NaN,NaN,NaN,NaN,NaN,NaN
9,NaN,NaN,NaN,NaN,NaN,NaN,NaN,NaN
10,NaN,NaN,NaN,NaN,NaN,NaN,NaN,NaN
11,NaN,NaN,NaN,NaN,NaN,NaN,NaN,NaN
1,NaN,NaN,NaN,NaN,NaN,NaN,NaN,NaN
2,NaN,NaN,NaN,NaN,NaN,NaN,NaN,NaN
3,NaN,NaN,NaN,NaN,NaN,NaN,NaN,NaN
4,NaN,NaN,NaN,NaN,NaN,NaN,NaN,NaN
5,NaN,NaN,NaN,NaN,NaN,NaN,NaN,NaN
6,NaN,NaN,NaN,NaN,NaN,NaN,NaN,NaN
7,NaN,NaN,NaN,NaN,NaN,NaN,NaN,NaN
8,NaN,NaN,NaN,NaN,NaN,NaN,NaN,NaN
9,NaN,NaN,NaN,NaN,NaN,NaN,NaN,NaN
10,NaN,NaN,NaN,NaN,NaN,NaN,NaN,NaN
11,NaN,NaN,NaN,NaN,NaN,NaN,NaN,NaN
1,NaN,NaN,NaN,NaN,NaN,NaN,NaN,NaN
2,NaN,NaN,NaN,NaN,NaN,NaN,NaN,NaN
3,NaN,NaN,NaN,NaN,NaN,NaN,NaN,NaN
4,NaN,NaN,NaN,NaN,NaN,NaN,NaN,NaN
5,NaN,NaN,NaN,NaN,NaN,NaN,NaN,NaN
6,NaN,NaN,NaN,NaN,NaN,NaN,NaN,NaN
7,NaN,NaN,NaN,NaN,NaN,NaN,NaN,NaN
8,NaN,NaN,NaN,NaN,NaN,NaN,NaN,NaN
9,NaN,NaN,NaN,NaN,NaN,NaN,NaN,NaN
10,NaN,NaN,NaN,NaN,NaN,NaN,NaN,NaN
11,NaN,NaN,NaN,NaN,NaN,NaN,NaN,NaN
1,NaN,NaN,NaN,NaN,NaN,NaN,NaN,NaN
2,NaN,NaN,NaN,NaN,NaN,NaN,NaN,NaN
3,NaN,NaN,NaN,NaN,NaN,NaN,NaN,NaN
4,NaN,NaN,NaN,NaN,NaN,NaN,NaN,NaN
5,NaN,NaN,NaN,NaN,NaN,NaN,NaN,NaN
6,NaN,NaN,NaN,NaN,NaN,NaN,NaN,NaN
7,NaN,NaN,NaN,NaN,NaN,NaN,NaN,NaN
8,NaN,NaN,NaN,NaN,NaN,NaN,NaN,NaN
9,NaN,NaN,NaN,NaN,NaN,NaN,NaN,NaN
10,NaN,NaN,NaN,NaN,NaN,NaN,NaN,NaN
11,NaN,NaN,NaN,NaN,NaN,NaN,NaN,NaN
1,NaN,NaN,NaN,NaN,NaN,NaN,NaN,NaN
2,NaN,NaN,NaN,NaN,NaN,NaN,NaN,NaN
3,NaN,NaN,NaN,NaN,NaN,NaN,NaN,NaN
4,NaN,NaN,NaN,NaN,NaN,NaN,NaN,NaN
5,NaN,NaN,NaN,NaN,NaN,NaN,NaN,NaN
6,NaN,NaN,NaN,NaN,NaN,NaN,NaN,NaN
7,NaN,NaN,NaN,NaN,NaN,NaN,NaN,NaN
8,NaN,NaN,NaN,NaN,NaN,NaN,NaN,NaN
9,NaN,NaN,NaN,NaN,NaN,NaN,NaN,NaN
10,NaN,NaN,NaN,NaN,NaN,NaN,NaN,NaN
11,NaN,NaN,NaN,NaN,NaN,NaN,NaN,NaN
1,NaN,NaN,NaN,NaN,NaN,NaN,NaN,NaN
2,NaN,NaN,NaN,NaN,NaN,NaN,NaN,NaN
3,NaN,NaN,NaN,NaN,NaN,NaN,NaN,NaN
4,NaN,NaN,NaN,NaN,NaN,NaN,NaN,NaN
5,NaN,NaN,NaN,NaN,NaN,NaN,NaN,NaN
6,NaN,NaN,NaN,NaN,NaN,NaN,NaN,NaN
7,NaN,NaN,NaN,NaN,NaN,NaN,NaN,NaN
8,NaN,NaN,NaN,NaN,NaN,NaN,NaN,NaN
9,NaN,NaN,NaN,NaN,NaN,NaN,NaN,NaN
10,NaN,NaN,NaN,NaN,NaN,NaN,NaN,NaN
11,NaN,NaN,NaN,NaN,NaN,NaN,NaN,NaN
1,NaN,NaN,NaN,NaN,NaN,NaN,NaN,NaN
2,NaN,NaN,NaN,NaN,NaN,NaN,NaN,NaN
3,NaN,NaN,NaN,NaN,NaN,NaN,NaN,NaN
4,NaN,NaN,NaN,NaN,NaN,NaN,NaN,NaN
5,NaN,NaN,NaN,NaN,NaN,NaN,NaN,NaN
6,NaN,NaN,NaN,NaN,NaN,NaN,NaN,NaN
7,NaN,NaN,NaN,NaN,NaN,NaN,NaN,NaN
8,NaN,NaN,NaN,NaN,NaN,NaN,NaN,NaN
9,NaN,NaN,NaN,NaN,NaN,NaN,NaN,NaN
10,NaN,NaN,NaN,NaN,NaN,NaN,NaN,NaN
11,NaN,NaN,NaN,NaN,NaN,NaN,NaN,NaN
1,NaN,NaN,NaN,NaN,NaN,NaN,NaN,NaN
2,NaN,NaN,NaN,NaN,NaN,NaN,NaN,NaN
3,NaN,NaN,NaN,NaN,NaN,NaN,NaN,NaN
4,NaN,NaN,NaN,NaN,NaN,NaN,NaN,NaN
5,NaN,NaN,NaN,NaN,NaN,NaN,NaN,NaN
6,NaN,NaN,NaN,NaN,NaN,NaN,NaN,NaN
7,NaN,NaN,NaN,NaN,NaN,NaN,NaN,NaN
8,NaN,NaN,NaN,NaN,NaN,NaN,NaN,NaN
9,NaN,NaN,NaN,NaN,NaN,NaN,NaN,NaN
10,NaN,NaN,NaN,NaN,NaN,NaN,NaN,NaN
11,NaN,NaN,NaN,NaN,NaN,NaN,NaN,NaN
1,NaN,NaN,NaN,NaN,NaN,NaN,NaN,NaN
2,NaN,NaN,NaN,NaN,NaN,NaN,NaN,NaN
3,NaN,NaN,NaN,NaN,NaN,NaN,NaN,NaN
4,NaN,NaN,NaN,NaN,NaN,NaN,NaN,NaN
5,NaN,NaN,NaN,NaN,NaN,NaN,NaN,NaN
6,NaN,NaN,NaN,NaN,NaN,NaN,NaN,NaN
7,NaN,NaN,NaN,NaN,NaN,NaN,NaN,NaN
8,NaN,NaN,NaN,NaN,NaN,NaN,NaN,NaN
9,NaN,NaN,NaN,NaN,NaN,NaN,NaN,NaN
10,NaN,NaN,NaN,NaN,NaN,NaN,NaN,NaN
11,NaN,NaN,NaN,NaN,NaN,NaN,NaN,NaN
1,NaN,NaN,NaN,NaN,NaN,NaN,NaN,NaN
2,NaN,NaN,NaN,NaN,NaN,NaN,NaN,NaN
3,NaN,NaN,NaN,NaN,NaN,NaN,NaN,NaN
4,NaN,NaN,NaN,NaN,NaN,NaN,NaN,NaN
5,NaN,NaN,NaN,NaN,NaN,NaN,NaN,NaN
6,NaN,NaN,NaN,NaN,NaN,NaN,NaN,NaN
7,NaN,NaN,NaN,NaN,NaN,NaN,NaN,NaN
8,NaN,NaN,NaN,NaN,NaN,NaN,NaN,NaN
9,NaN,NaN,NaN,NaN,NaN,NaN,NaN,NaN
10,NaN,NaN,NaN,NaN,NaN,NaN,NaN,NaN
11,NaN,NaN,NaN,NaN,NaN,NaN,NaN,NaN
1,NaN,NaN,NaN,NaN,NaN,NaN,NaN,NaN
2,NaN,NaN,NaN,NaN,NaN,NaN,NaN,NaN
3,NaN,NaN,NaN,NaN,NaN,NaN,NaN,NaN
4,NaN,NaN,NaN,NaN,NaN,NaN,NaN,NaN
5,NaN,NaN,NaN,NaN,NaN,NaN,NaN,NaN
6,NaN,NaN,NaN,NaN,NaN,NaN,NaN,NaN
7,NaN,NaN,NaN,NaN,NaN,NaN,NaN,NaN
8,NaN,NaN,NaN,NaN,NaN,NaN,NaN,NaN
9,NaN,NaN,NaN,NaN,NaN,NaN,NaN,NaN
10,NaN,NaN,NaN,NaN,NaN,NaN,NaN,NaN
11,NaN,NaN,NaN,NaN,NaN,NaN,NaN,NaN
1,NaN,NaN,NaN,NaN,NaN,NaN,NaN,NaN
2,NaN,NaN,NaN,NaN,NaN,NaN,NaN,NaN
3,NaN,NaN,NaN,NaN,NaN,NaN,NaN,NaN
4,NaN,NaN,NaN,NaN,NaN,NaN,NaN,NaN
5,NaN,NaN,NaN,NaN,NaN,NaN,NaN,NaN
6,NaN,NaN,NaN,NaN,NaN,NaN,NaN,NaN
7,NaN,NaN,NaN,NaN,NaN,NaN,NaN,NaN
8,NaN,NaN,NaN,NaN,NaN,NaN,NaN,NaN
9,NaN,NaN,NaN,NaN,NaN,NaN,NaN,NaN
10,NaN,NaN,NaN,NaN,NaN,NaN,NaN,NaN
11,NaN,NaN,NaN,NaN,NaN,NaN,NaN,NaN
1,NaN,NaN,NaN,NaN,NaN,NaN,NaN,NaN
2,NaN,NaN,NaN,NaN,NaN,NaN,NaN,NaN
3,NaN,NaN,NaN,NaN,NaN,NaN,NaN,NaN
4,NaN,NaN,NaN,NaN,NaN,NaN,NaN,NaN
5,NaN,NaN,NaN,NaN,NaN,NaN,NaN,NaN
6,NaN,NaN,NaN,NaN,NaN,NaN,NaN,NaN
7,NaN,NaN,NaN,NaN,NaN,NaN,NaN,NaN
8,NaN,NaN,NaN,NaN,NaN,NaN,NaN,NaN
9,NaN,NaN,NaN,NaN,NaN,NaN,NaN,NaN
10,NaN,NaN,NaN,NaN,NaN,NaN,NaN,NaN
11,NaN,NaN,NaN,NaN,NaN,NaN,NaN,NaN
1,NaN,NaN,NaN,NaN,NaN,NaN,NaN,NaN
2,NaN,NaN,NaN,NaN,NaN,NaN,NaN,NaN
3,NaN,NaN,NaN,NaN,NaN,NaN,NaN,NaN
4,NaN,NaN,NaN,NaN,NaN,NaN,NaN,NaN
5,NaN,NaN,NaN,NaN,NaN,NaN,NaN,NaN
6,NaN,NaN,NaN,NaN,NaN,NaN,NaN,NaN
7,NaN,NaN,NaN,NaN,NaN,NaN,NaN,NaN
8,NaN,NaN,NaN,NaN,NaN,NaN,NaN,NaN
9,NaN,NaN,NaN,NaN,NaN,NaN,NaN,NaN
10,NaN,NaN,NaN,NaN,NaN,NaN,NaN,NaN
11,NaN,NaN,NaN,NaN,NaN,NaN,NaN,NaN
1,NaN,NaN,NaN,NaN,NaN,NaN,NaN,NaN
2,NaN,NaN,NaN,NaN,NaN,NaN,NaN,NaN
3,NaN,NaN,NaN,NaN,NaN,NaN,NaN,NaN
4,NaN,NaN,NaN,NaN,NaN,NaN,NaN,NaN
5,NaN,NaN,NaN,NaN,NaN,NaN,NaN,NaN
6,NaN,NaN,NaN,NaN,NaN,NaN,NaN,NaN
7,NaN,NaN,NaN,NaN,NaN,NaN,NaN,NaN
8,NaN,NaN,NaN,NaN,NaN,NaN,NaN,NaN
9,NaN,NaN,NaN,NaN,NaN,NaN,NaN,NaN
10,NaN,NaN,NaN,NaN,NaN,NaN,NaN,NaN
11,NaN,NaN,NaN,NaN,NaN,NaN,NaN,NaN
1,NaN,NaN,NaN,NaN,NaN,NaN,NaN,NaN
2,NaN,NaN,NaN,NaN,NaN,NaN,NaN,NaN
3,NaN,NaN,NaN,NaN,NaN,NaN,NaN,NaN
4,NaN,NaN,NaN,NaN,NaN,NaN,NaN,NaN
5,NaN,NaN,NaN,NaN,NaN,NaN,NaN,NaN
6,NaN,NaN,NaN,NaN,NaN,NaN,NaN,NaN
7,NaN,NaN,NaN,NaN,NaN,NaN,NaN,NaN
8,NaN,NaN,NaN,NaN,NaN,NaN,NaN,NaN
9,NaN,NaN,NaN,NaN,NaN,NaN,NaN,NaN
10,NaN,NaN,NaN,NaN,NaN,NaN,NaN,NaN
11,NaN,NaN,NaN,NaN,NaN,NaN,NaN,NaN
1,NaN,NaN,NaN,NaN,NaN,NaN,NaN,NaN
2,NaN,NaN,NaN,NaN,NaN,NaN,NaN,NaN
3,NaN,NaN,NaN,NaN,NaN,NaN,NaN,NaN
4,NaN,NaN,NaN,NaN,NaN,NaN,NaN,NaN
5,NaN,NaN,NaN,NaN,NaN,NaN,NaN,NaN
6,NaN,NaN,NaN,NaN,NaN,NaN,NaN,NaN
7,NaN,NaN,NaN,NaN,NaN,NaN,NaN,NaN
8,NaN,NaN,NaN,NaN,NaN,NaN,NaN,NaN
9,NaN,NaN,NaN,NaN,NaN,NaN,NaN,NaN
10,NaN,NaN,NaN,NaN,NaN,NaN,NaN,NaN
11,NaN,NaN,NaN,NaN,NaN,NaN,NaN,NaN
1,NaN,NaN,NaN,NaN,NaN,NaN,NaN,NaN
2,NaN,NaN,NaN,NaN,NaN,NaN,NaN,NaN
3,NaN,NaN,NaN,NaN,NaN,NaN,NaN,NaN
4,NaN,NaN,NaN,NaN,NaN,NaN,NaN,NaN
5,NaN,NaN,NaN,NaN,NaN,NaN,NaN,NaN
6,NaN,NaN,NaN,NaN,NaN,NaN,NaN,NaN
7,NaN,NaN,NaN,NaN,NaN,NaN,NaN,NaN
8,NaN,NaN,NaN,NaN,NaN,NaN,NaN,NaN
9,NaN,NaN,NaN,NaN,NaN,NaN,NaN,NaN
10,NaN,NaN,NaN,NaN,NaN,NaN,NaN,NaN
11,NaN,NaN,NaN,NaN,NaN,NaN,NaN,NaN
1,NaN,NaN,NaN,NaN,NaN,NaN,NaN,NaN
2,NaN,NaN,NaN,NaN,NaN,NaN,NaN,NaN
3,NaN,NaN,NaN,NaN,NaN,NaN,NaN,NaN
4,NaN,NaN,NaN,NaN,NaN,NaN,NaN,NaN
5,NaN,NaN,NaN,NaN,NaN,NaN,NaN,NaN
6,NaN,NaN,NaN,NaN,NaN,NaN,NaN,NaN
7,NaN,NaN,NaN,NaN,NaN,NaN,NaN,NaN
8,NaN,NaN,NaN,NaN,NaN,NaN,NaN,NaN
9,NaN,NaN,NaN,NaN,NaN,NaN,NaN,NaN
10,NaN,NaN,NaN,NaN,NaN,NaN,NaN,NaN
11,NaN,NaN,NaN,NaN,NaN,NaN,NaN,NaN
1,NaN,NaN,NaN,NaN,NaN,NaN,NaN,NaN
2,NaN,NaN,NaN,NaN,NaN,NaN,NaN,NaN
3,NaN,NaN,NaN,NaN,NaN,NaN,NaN,NaN
4,NaN,NaN,NaN,NaN,NaN,NaN,NaN,NaN
5,NaN,NaN,NaN,NaN,NaN,NaN,NaN,NaN
6,NaN,NaN,NaN,NaN,NaN,NaN,NaN,NaN
7,NaN,NaN,NaN,NaN,NaN,NaN,NaN,NaN
8,NaN,NaN,NaN,NaN,NaN,NaN,NaN,NaN
9,NaN,NaN,NaN,NaN,NaN,NaN,NaN,NaN
10,NaN,NaN,NaN,NaN,NaN,NaN,NaN,NaN
11,NaN,NaN,NaN,NaN,NaN,NaN,NaN,NaN
1,NaN,NaN,NaN,NaN,NaN,NaN,NaN,NaN
2,NaN,NaN,NaN,NaN,NaN,NaN,NaN,NaN
3,NaN,NaN,NaN,NaN,NaN,NaN,NaN,NaN
4,NaN,NaN,NaN,NaN,NaN,NaN,NaN,NaN
5,NaN,NaN,NaN,NaN,NaN,NaN,NaN,NaN
6,NaN,NaN,NaN,NaN,NaN,NaN,NaN,NaN
7,NaN,NaN,NaN,NaN,NaN,NaN,NaN,NaN
8,NaN,NaN,NaN,NaN,NaN,NaN,NaN,NaN
9,NaN,NaN,NaN,NaN,NaN,NaN,NaN,NaN
10,NaN,NaN,NaN,NaN,NaN,NaN,NaN,NaN
11,NaN,NaN,NaN,NaN,NaN,NaN,NaN,NaN
1,NaN,NaN,NaN,NaN,NaN,NaN,NaN,NaN
2,NaN,NaN,NaN,NaN,NaN,NaN,NaN,NaN
3,NaN,NaN,NaN,NaN,NaN,NaN,NaN,NaN
4,NaN,NaN,NaN,NaN,NaN,NaN,NaN,NaN
5,NaN,NaN,NaN,NaN,NaN,NaN,NaN,NaN
6,NaN,NaN,NaN,NaN,NaN,NaN,NaN,NaN
7,NaN,NaN,NaN,NaN,NaN,NaN,NaN,NaN
8,NaN,NaN,NaN,NaN,NaN,NaN,NaN,NaN
9,NaN,NaN,NaN,NaN,NaN,NaN,NaN,NaN
10,NaN,NaN,NaN,NaN,NaN,NaN,NaN,NaN
11,NaN,NaN,NaN,NaN,NaN,NaN,NaN,NaN
1,NaN,NaN,NaN,NaN,NaN,NaN,NaN,NaN
2,NaN,NaN,NaN,NaN,NaN,NaN,NaN,NaN
3,NaN,NaN,NaN,NaN,NaN,NaN,NaN,NaN
4,NaN,NaN,NaN,NaN,NaN,NaN,NaN,NaN
5,NaN,NaN,NaN,NaN,NaN,NaN,NaN,NaN
6,NaN,NaN,NaN,NaN,NaN,NaN,NaN,NaN
7,NaN,NaN,NaN,NaN,NaN,NaN,NaN,NaN
8,NaN,NaN,NaN,NaN,NaN,NaN,NaN,NaN
9,NaN,NaN,NaN,NaN,NaN,NaN,NaN,NaN
10,NaN,NaN,NaN,NaN,NaN,NaN,NaN,NaN
11,NaN,NaN,NaN,NaN,NaN,NaN,NaN,NaN
1,NaN,NaN,NaN,NaN,NaN,NaN,NaN,NaN
2,NaN,NaN,NaN,NaN,NaN,NaN,NaN,NaN
3,NaN,NaN,NaN,NaN,NaN,NaN,NaN,NaN
4,NaN,NaN,NaN,NaN,NaN,NaN,NaN,NaN
5,NaN,NaN,NaN,NaN,NaN,NaN,NaN,NaN
6,NaN,NaN,NaN,NaN,NaN,NaN,NaN,NaN
7,NaN,NaN,NaN,NaN,NaN,NaN,NaN,NaN
8,NaN,NaN,NaN,NaN,NaN,NaN,NaN,NaN
9,NaN,NaN,NaN,NaN,NaN,NaN,NaN,NaN
10,NaN,NaN,NaN,NaN,NaN,NaN,NaN,NaN
11,NaN,NaN,NaN,NaN,NaN,NaN,NaN,NaN
1,NaN,NaN,NaN,NaN,NaN,NaN,NaN,NaN
2,NaN,NaN,NaN,NaN,NaN,NaN,NaN,NaN
3,NaN,NaN,NaN,NaN,NaN,NaN,NaN,NaN
4,NaN,NaN,NaN,NaN,NaN,NaN,NaN,NaN
5,NaN,NaN,NaN,NaN,NaN,NaN,NaN,NaN
6,NaN,NaN,NaN,NaN,NaN,NaN,NaN,NaN
7,NaN,NaN,NaN,NaN,NaN,NaN,NaN,NaN
8,NaN,NaN,NaN,NaN,NaN,NaN,NaN,NaN
9,NaN,NaN,NaN,NaN,NaN,NaN,NaN,NaN
10,NaN,NaN,NaN,NaN,NaN,NaN,NaN,NaN
11,NaN,NaN,NaN,NaN,NaN,NaN,NaN,NaN
1,NaN,NaN,NaN,NaN,NaN,NaN,NaN,NaN
2,NaN,NaN,NaN,NaN,NaN,NaN,NaN,NaN
3,NaN,NaN,NaN,NaN,NaN,NaN,NaN,NaN
4,NaN,NaN,NaN,NaN,NaN,NaN,NaN,NaN
5,NaN,NaN,NaN,NaN,NaN,NaN,NaN,NaN
6,NaN,NaN,NaN,NaN,NaN,NaN,NaN,NaN
7,NaN,NaN,NaN,NaN,NaN,NaN,NaN,NaN
8,NaN,NaN,NaN,NaN,NaN,NaN,NaN,NaN
9,NaN,NaN,NaN,NaN,NaN,NaN,NaN,NaN
10,NaN,NaN,NaN,NaN,NaN,NaN,NaN,NaN
11,NaN,NaN,NaN,NaN,NaN,NaN,NaN,NaN
1,NaN,NaN,NaN,NaN,NaN,NaN,NaN,NaN
2,NaN,NaN,NaN,NaN,NaN,NaN,NaN,NaN
3,NaN,NaN,NaN,NaN,NaN,NaN,NaN,NaN
4,NaN,NaN,NaN,NaN,NaN,NaN,NaN,NaN
5,NaN,NaN,NaN,NaN,NaN,NaN,NaN,NaN
6,NaN,NaN,NaN,NaN,NaN,NaN,NaN,NaN
7,NaN,NaN,NaN,NaN,NaN,NaN,NaN,NaN
8,NaN,NaN,NaN,NaN,NaN,NaN,NaN,NaN
9,NaN,NaN,NaN,NaN,NaN,NaN,NaN,NaN
10,NaN,NaN,NaN,NaN,NaN,NaN,NaN,NaN
11,NaN,NaN,NaN,NaN,NaN,NaN,NaN,NaN
1,NaN,NaN,NaN,NaN,NaN,NaN,NaN,NaN
2,NaN,NaN,NaN,NaN,NaN,NaN,NaN,NaN
3,NaN,NaN,NaN,NaN,NaN,NaN,NaN,NaN
4,NaN,NaN,NaN,NaN,NaN,NaN,NaN,NaN
5,NaN,NaN,NaN,NaN,NaN,NaN,NaN,NaN
6,NaN,NaN,NaN,NaN,NaN,NaN,NaN,NaN
7,NaN,NaN,NaN,NaN,NaN,NaN,NaN,NaN
8,NaN,NaN,NaN,NaN,NaN,NaN,NaN,NaN
9,NaN,NaN,NaN,NaN,NaN,NaN,NaN,NaN
10,NaN,NaN,NaN,NaN,NaN,NaN,NaN,NaN
11,NaN,NaN,NaN,NaN,NaN,NaN,NaN,NaN
1,NaN,NaN,NaN,NaN,NaN,NaN,NaN,NaN
2,NaN,NaN,NaN,NaN,NaN,NaN,NaN,NaN
3,NaN,NaN,NaN,NaN,NaN,NaN,NaN,NaN
4,NaN,NaN,NaN,NaN,NaN,NaN,NaN,NaN
5,NaN,NaN,NaN,NaN,NaN,NaN,NaN,NaN
6,NaN,NaN,NaN,NaN,NaN,NaN,NaN,NaN
7,NaN,NaN,NaN,NaN,NaN,NaN,NaN,NaN
8,NaN,NaN,NaN,NaN,NaN,NaN,NaN,NaN
9,NaN,NaN,NaN,NaN,NaN,NaN,NaN,NaN
10,NaN,NaN,NaN,NaN,NaN,NaN,NaN,NaN
11,NaN,NaN,NaN,NaN,NaN,NaN,NaN,NaN
1,NaN,NaN,NaN,NaN,NaN,NaN,NaN,NaN
2,NaN,NaN,NaN,NaN,NaN,NaN,NaN,NaN
3,NaN,NaN,NaN,NaN,NaN,NaN,NaN,NaN
4,NaN,NaN,NaN,NaN,NaN,NaN,NaN,NaN
5,NaN,NaN,NaN,NaN,NaN,NaN,NaN,NaN
6,NaN,NaN,NaN,NaN,NaN,NaN,NaN,NaN
7,NaN,NaN,NaN,NaN,NaN,NaN,NaN,NaN
8,NaN,NaN,NaN,NaN,NaN,NaN,NaN,NaN
9,NaN,NaN,NaN,NaN,NaN,NaN,NaN,NaN
10,NaN,NaN,NaN,NaN,NaN,NaN,NaN,NaN
11,NaN,NaN,NaN,NaN,NaN,NaN,NaN,NaN
1,NaN,NaN,NaN,NaN,NaN,NaN,NaN,NaN
2,NaN,NaN,NaN,NaN,NaN,NaN,NaN,NaN
3,NaN,NaN,NaN,NaN,NaN,NaN,NaN,NaN
4,NaN,NaN,NaN,NaN,NaN,NaN,NaN,NaN
5,NaN,NaN,NaN,NaN,NaN,NaN,NaN,NaN
6,NaN,NaN,NaN,NaN,NaN,NaN,NaN,NaN
7,NaN,NaN,NaN,NaN,NaN,NaN,NaN,NaN
8,NaN,NaN,NaN,NaN,NaN,NaN,NaN,NaN
9,NaN,NaN,NaN,NaN,NaN,NaN,NaN,NaN
10,NaN,NaN,NaN,NaN,NaN,NaN,NaN,NaN
11,NaN,NaN,NaN,NaN,NaN,NaN,NaN,NaN
1,NaN,NaN,NaN,NaN,NaN,NaN,NaN,NaN
2,NaN,NaN,NaN,NaN,NaN,NaN,NaN,NaN
3,NaN,NaN,NaN,NaN,NaN,NaN,NaN,NaN
4,NaN,NaN,NaN,NaN,NaN,NaN,NaN,NaN
5,NaN,NaN,NaN,NaN,NaN,NaN,NaN,NaN
6,NaN,NaN,NaN,NaN,NaN,NaN,NaN,NaN
7,NaN,NaN,NaN,NaN,NaN,NaN,NaN,NaN
8,NaN,NaN,NaN,NaN,NaN,NaN,NaN,NaN
9,NaN,NaN,NaN,NaN,NaN,NaN,NaN,NaN
10,NaN,NaN,NaN,NaN,NaN,NaN,NaN,NaN
11,NaN,NaN,NaN,NaN,NaN,NaN,NaN,NaN
1,NaN,NaN,NaN,NaN,NaN,NaN,NaN,NaN
2,NaN,NaN,NaN,NaN,NaN,NaN,NaN,NaN
3,NaN,NaN,NaN,NaN,NaN,NaN,NaN,NaN
4,NaN,NaN,NaN,NaN,NaN,NaN,NaN,NaN
5,NaN,NaN,NaN,NaN,NaN,NaN,NaN,NaN
6,NaN,NaN,NaN,NaN,NaN,NaN,NaN,NaN
7,NaN,NaN,NaN,NaN,NaN,NaN,NaN,NaN
8,NaN,NaN,NaN,NaN,NaN,NaN,NaN,NaN
9,NaN,NaN,NaN,NaN,NaN,NaN,NaN,NaN
10,NaN,NaN,NaN,NaN,NaN,NaN,NaN,NaN
11,NaN,NaN,NaN,NaN,NaN,NaN,NaN,NaN
1,NaN,NaN,NaN,NaN,NaN,NaN,NaN,NaN
2,NaN,NaN,NaN,NaN,NaN,NaN,NaN,NaN
3,NaN,NaN,NaN,NaN,NaN,NaN,NaN,NaN
4,NaN,NaN,NaN,NaN,NaN,NaN,NaN,NaN
5,NaN,NaN,NaN,NaN,NaN,NaN,NaN,NaN
6,NaN,NaN,NaN,NaN,NaN,NaN,NaN,NaN
7,NaN,NaN,NaN,NaN,NaN,NaN,NaN,NaN
8,NaN,NaN,NaN,NaN,NaN,NaN,NaN,NaN
9,NaN,NaN,NaN,NaN,NaN,NaN,NaN,NaN
10,NaN,NaN,NaN,NaN,NaN,NaN,NaN,NaN
11,NaN,NaN,NaN,NaN,NaN,NaN,NaN,NaN
1,NaN,NaN,NaN,NaN,NaN,NaN,NaN,NaN
2,NaN,NaN,NaN,NaN,NaN,NaN,NaN,NaN
3,NaN,NaN,NaN,NaN,NaN,NaN,NaN,NaN
4,NaN,NaN,NaN,NaN,NaN,NaN,NaN,NaN
5,NaN,NaN,NaN,NaN,NaN,NaN,NaN,NaN
6,NaN,NaN,NaN,NaN,NaN,NaN,NaN,NaN
7,NaN,NaN,NaN,NaN,NaN,NaN,NaN,NaN
8,NaN,NaN,NaN,NaN,NaN,NaN,NaN,NaN
9,NaN,NaN,NaN,NaN,NaN,NaN,NaN,NaN
10,NaN,NaN,NaN,NaN,NaN,NaN,NaN,NaN
11,NaN,NaN,NaN,NaN,NaN,NaN,NaN,NaN
1,NaN,NaN,NaN,NaN,NaN,NaN,NaN,NaN
2,NaN,NaN,NaN,NaN,NaN,NaN,NaN,NaN
3,NaN,NaN,NaN,NaN,NaN,NaN,NaN,NaN
4,NaN,NaN,NaN,NaN,NaN,NaN,NaN,NaN
5,NaN,NaN,NaN,NaN,NaN,NaN,NaN,NaN
6,NaN,NaN,NaN,NaN,NaN,NaN,NaN,NaN
7,NaN,NaN,NaN,NaN,NaN,NaN,NaN,NaN
8,NaN,NaN,NaN,NaN,NaN,NaN,NaN,NaN
9,NaN,NaN,NaN,NaN,NaN,NaN,NaN,NaN
10,NaN,NaN,NaN,NaN,NaN,NaN,NaN,NaN
11,NaN,NaN,NaN,NaN,NaN,NaN,NaN,NaN
1,NaN,NaN,NaN,NaN,NaN,NaN,NaN,NaN
2,NaN,NaN,NaN,NaN,NaN,NaN,NaN,NaN
3,NaN,NaN,NaN,NaN,NaN,NaN,NaN,NaN
4,NaN,NaN,NaN,NaN,NaN,NaN,NaN,NaN
5,NaN,NaN,NaN,NaN,NaN,NaN,NaN,NaN
6,NaN,NaN,NaN,NaN,NaN,NaN,NaN,NaN
7,NaN,NaN,NaN,NaN,NaN,NaN,NaN,NaN
8,NaN,NaN,NaN,NaN,NaN,NaN,NaN,NaN
9,NaN,NaN,NaN,NaN,NaN,NaN,NaN,NaN
10,NaN,NaN,NaN,NaN,NaN,NaN,NaN,NaN
11,NaN,NaN,NaN,NaN,NaN,NaN,NaN,NaN
1,NaN,NaN,NaN,NaN,NaN,NaN,NaN,NaN
2,NaN,NaN,NaN,NaN,NaN,NaN,NaN,NaN
3,NaN,NaN,NaN,NaN,NaN,NaN,NaN,NaN
4,NaN,NaN,NaN,NaN,NaN,NaN,NaN,NaN
5,NaN,NaN,NaN,NaN,NaN,NaN,NaN,NaN
6,NaN,NaN,NaN,NaN,NaN,NaN,NaN,NaN
7,NaN,NaN,NaN,NaN,NaN,NaN,NaN,NaN
8,NaN,NaN,NaN,NaN,NaN,NaN,NaN,NaN
9,NaN,NaN,NaN,NaN,NaN,NaN,NaN,NaN
10,NaN,NaN,NaN,NaN,NaN,NaN,NaN,NaN
11,NaN,NaN,NaN,NaN,NaN,NaN,NaN,NaN
1,NaN,NaN,NaN,NaN,NaN,NaN,NaN,NaN
2,NaN,NaN,NaN,NaN,NaN,NaN,NaN,NaN
3,NaN,NaN,NaN,NaN,NaN,NaN,NaN,NaN
4,NaN,NaN,NaN,NaN,NaN,NaN,NaN,NaN
5,NaN,NaN,NaN,NaN,NaN,NaN,NaN,NaN
6,NaN,NaN,NaN,NaN,NaN,NaN,NaN,NaN
7,NaN,NaN,NaN,NaN,NaN,NaN,NaN,NaN
8,NaN,NaN,NaN,NaN,NaN,NaN,NaN,NaN
9,NaN,NaN,NaN,NaN,NaN,NaN,NaN,NaN
10,NaN,NaN,NaN,NaN,NaN,NaN,NaN,NaN
11,NaN,NaN,NaN,NaN,NaN,NaN,NaN,NaN
1,NaN,NaN,NaN,NaN,NaN,NaN,NaN,NaN
2,NaN,NaN,NaN,NaN,NaN,NaN,NaN,NaN
3,NaN,NaN,NaN,NaN,NaN,NaN,NaN,NaN
4,NaN,NaN,NaN,NaN,NaN,NaN,NaN,NaN
5,NaN,NaN,NaN,NaN,NaN,NaN,NaN,NaN
6,NaN,NaN,NaN,NaN,NaN,NaN,NaN,NaN
7,NaN,NaN,NaN,NaN,NaN,NaN,NaN,NaN
8,NaN,NaN,NaN,NaN,NaN,NaN,NaN,NaN
9,NaN,NaN,NaN,NaN,NaN,NaN,NaN,NaN
10,NaN,NaN,NaN,NaN,NaN,NaN,NaN,NaN
11,NaN,NaN,NaN,NaN,NaN,NaN,NaN,NaN
1,NaN,NaN,NaN,NaN,NaN,NaN,NaN,NaN
2,NaN,NaN,NaN,NaN,NaN,NaN,NaN,NaN
3,NaN,NaN,NaN,NaN,NaN,NaN,NaN,NaN
4,NaN,NaN,NaN,NaN,NaN,NaN,NaN,NaN
5,NaN,NaN,NaN,NaN,NaN,NaN,NaN,NaN
6,NaN,NaN,NaN,NaN,NaN,NaN,NaN,NaN
7,NaN,NaN,NaN,NaN,NaN,NaN,NaN,NaN
8,NaN,NaN,NaN,NaN,NaN,NaN,NaN,NaN
9,NaN,NaN,NaN,NaN,NaN,NaN,NaN,NaN
10,NaN,NaN,NaN,NaN,NaN,NaN,NaN,NaN
11,NaN,NaN,NaN,NaN,NaN,NaN,NaN,NaN
1,NaN,NaN,NaN,NaN,NaN,NaN,NaN,NaN
2,NaN,NaN,NaN,NaN,NaN,NaN,NaN,NaN
3,NaN,NaN,NaN,NaN,NaN,NaN,NaN,NaN
4,NaN,NaN,NaN,NaN,NaN,NaN,NaN,NaN
5,NaN,NaN,NaN,NaN,NaN,NaN,NaN,NaN
6,NaN,NaN,NaN,NaN,NaN,NaN,NaN,NaN
7,NaN,NaN,NaN,NaN,NaN,NaN,NaN,NaN
8,NaN,NaN,NaN,NaN,NaN,NaN,NaN,NaN
9,NaN,NaN,NaN,NaN,NaN,NaN,NaN,NaN
10,NaN,NaN,NaN,NaN,NaN,NaN,NaN,NaN
11,NaN,NaN,NaN,NaN,NaN,NaN,NaN,NaN
1,NaN,NaN,NaN,NaN,NaN,NaN,NaN,NaN
2,NaN,NaN,NaN,NaN,NaN,NaN,NaN,NaN
3,NaN,NaN,NaN,NaN,NaN,NaN,NaN,NaN
4,NaN,NaN,NaN,NaN,NaN,NaN,NaN,NaN
5,NaN,NaN,NaN,NaN,NaN,NaN,NaN,NaN
6,NaN,NaN,NaN,NaN,NaN,NaN,NaN,NaN
7,NaN,NaN,NaN,NaN,NaN,NaN,NaN,NaN
8,NaN,NaN,NaN,NaN,NaN,NaN,NaN,NaN
9,NaN,NaN,NaN,NaN,NaN,NaN,NaN,NaN
10,NaN,NaN,NaN,NaN,NaN,NaN,NaN,NaN
11,NaN,NaN,NaN,NaN,NaN,NaN,NaN,NaN
1,NaN,NaN,NaN,NaN,NaN,NaN,NaN,NaN
2,NaN,NaN,NaN,NaN,NaN,NaN,NaN,NaN
3,NaN,NaN,NaN,NaN,NaN,NaN,NaN,NaN
4,NaN,NaN,NaN,NaN,NaN,NaN,NaN,NaN
5,NaN,NaN,NaN,NaN,NaN,NaN,NaN,NaN
6,NaN,NaN,NaN,NaN,NaN,NaN,NaN,NaN
7,NaN,NaN,NaN,NaN,NaN,NaN,NaN,NaN
8,NaN,NaN,NaN,NaN,NaN,NaN,NaN,NaN
9,NaN,NaN,NaN,NaN,NaN,NaN,NaN,NaN
10,NaN,NaN,NaN,NaN,NaN,NaN,NaN,NaN
11,NaN,NaN,NaN,NaN,NaN,NaN,NaN,NaN
1,NaN,NaN,NaN,NaN,NaN,NaN,NaN,NaN
2,NaN,NaN,NaN,NaN,NaN,NaN,NaN,NaN
3,NaN,NaN,NaN,NaN,NaN,NaN,NaN,NaN
4,NaN,NaN,NaN,NaN,NaN,NaN,NaN,NaN
5,NaN,NaN,NaN,NaN,NaN,NaN,NaN,NaN
6,NaN,NaN,NaN,NaN,NaN,NaN,NaN,NaN
7,NaN,NaN,NaN,NaN,NaN,NaN,NaN,NaN
8,NaN,NaN,NaN,NaN,NaN,NaN,NaN,NaN
9,NaN,NaN,NaN,NaN,NaN,NaN,NaN,NaN
10,NaN,NaN,NaN,NaN,NaN,NaN,NaN,NaN
11,NaN,NaN,NaN,NaN,NaN,NaN,NaN,NaN
1,NaN,NaN,NaN,NaN,NaN,NaN,NaN,NaN
2,NaN,NaN,NaN,NaN,NaN,NaN,NaN,NaN
3,NaN,NaN,NaN,NaN,NaN,NaN,NaN,NaN
4,NaN,NaN,NaN,NaN,NaN,NaN,NaN,NaN
5,NaN,NaN,NaN,NaN,NaN,NaN,NaN,NaN
6,NaN,NaN,NaN,NaN,NaN,NaN,NaN,NaN
7,NaN,NaN,NaN,NaN,NaN,NaN,NaN,NaN
8,NaN,NaN,NaN,NaN,NaN,NaN,NaN,NaN
9,NaN,NaN,NaN,NaN,NaN,NaN,NaN,NaN
10,NaN,NaN,NaN,NaN,NaN,NaN,NaN,NaN
11,NaN,NaN,NaN,NaN,NaN,NaN,NaN,NaN
1,NaN,NaN,NaN,NaN,NaN,NaN,NaN,NaN
2,NaN,NaN,NaN,NaN,NaN,NaN,NaN,NaN
3,NaN,NaN,NaN,NaN,NaN,NaN,NaN,NaN
4,NaN,NaN,NaN,NaN,NaN,NaN,NaN,NaN
5,NaN,NaN,NaN,NaN,NaN,NaN,NaN,NaN
6,NaN,NaN,NaN,NaN,NaN,NaN,NaN,NaN
7,NaN,NaN,NaN,NaN,NaN,NaN,NaN,NaN
8,NaN,NaN,NaN,NaN,NaN,NaN,NaN,NaN
9,NaN,NaN,NaN,NaN,NaN,NaN,NaN,NaN
10,NaN,NaN,NaN,NaN,NaN,NaN,NaN,NaN
11,NaN,NaN,NaN,NaN,NaN,NaN,NaN,NaN
1,NaN,NaN,NaN,NaN,NaN,NaN,NaN,NaN
2,NaN,NaN,NaN,NaN,NaN,NaN,NaN,NaN
3,NaN,NaN,NaN,NaN,NaN,NaN,NaN,NaN
4,NaN,NaN,NaN,NaN,NaN,NaN,NaN,NaN
5,NaN,NaN,NaN,NaN,NaN,NaN,NaN,NaN
6,NaN,NaN,NaN,NaN,NaN,NaN,NaN,NaN
7,NaN,NaN,NaN,NaN,NaN,NaN,NaN,NaN
8,NaN,NaN,NaN,NaN,NaN,NaN,NaN,NaN
9,NaN,NaN,NaN,NaN,NaN,NaN,NaN,NaN
10,NaN,NaN,NaN,NaN,NaN,NaN,NaN,NaN
11,NaN,NaN,NaN,NaN,NaN,NaN,NaN,NaN
1,NaN,NaN,NaN,NaN,NaN,NaN,NaN,NaN
2,NaN,NaN,NaN,NaN,NaN,NaN,NaN,NaN
3,NaN,NaN,NaN,NaN,NaN,NaN,NaN,NaN
4,NaN,NaN,NaN,NaN,NaN,NaN,NaN,NaN
5,NaN,NaN,NaN,NaN,NaN,NaN,NaN,NaN
6,NaN,NaN,NaN,NaN,NaN,NaN,NaN,NaN
7,NaN,NaN,NaN,NaN,NaN,NaN,NaN,NaN
8,NaN,NaN,NaN,NaN,NaN,NaN,NaN,NaN
9,NaN,NaN,NaN,NaN,NaN,NaN,NaN,NaN
10,NaN,NaN,NaN,NaN,NaN,NaN,NaN,NaN
11,NaN,NaN,NaN,NaN,NaN,NaN,NaN,NaN
1,NaN,NaN,NaN,NaN,NaN,NaN,NaN,NaN
2,NaN,NaN,NaN,NaN,NaN,NaN,NaN,NaN
3,NaN,NaN,NaN,NaN,NaN,NaN,NaN,NaN
4,NaN,NaN,NaN,NaN,NaN,NaN,NaN,NaN
5,NaN,NaN,NaN,NaN,NaN,NaN,NaN,NaN
6,NaN,NaN,NaN,NaN,NaN,NaN,NaN,NaN
7,NaN,NaN,NaN,NaN,NaN,NaN,NaN,NaN
8,NaN,NaN,NaN,NaN,NaN,NaN,NaN,NaN
9,NaN,NaN,NaN,NaN,NaN,NaN,NaN,NaN
10,NaN,NaN,NaN,NaN,NaN,NaN,NaN,NaN
11,NaN,NaN,NaN,NaN,NaN,NaN,NaN,NaN
1,NaN,NaN,NaN,NaN,NaN,NaN,NaN,NaN
2,NaN,NaN,NaN,NaN,NaN,NaN,NaN,NaN
3,NaN,NaN,NaN,NaN,NaN,NaN,NaN,NaN
4,NaN,NaN,NaN,NaN,NaN,NaN,NaN,NaN
5,NaN,NaN,NaN,NaN,NaN,NaN,NaN,NaN
6,NaN,NaN,NaN,NaN,NaN,NaN,NaN,NaN
7,NaN,NaN,NaN,NaN,NaN,NaN,NaN,NaN
8,NaN,NaN,NaN,NaN,NaN,NaN,NaN,NaN
9,NaN,NaN,NaN,NaN,NaN,NaN,NaN,NaN
10,NaN,NaN,NaN,NaN,NaN,NaN,NaN,NaN
11,NaN,NaN,NaN,NaN,NaN,NaN,NaN,NaN
1,NaN,NaN,NaN,NaN,NaN,NaN,NaN,NaN
2,NaN,NaN,NaN,NaN,NaN,NaN,NaN,NaN
3,NaN,NaN,NaN,NaN,NaN,NaN,NaN,NaN
4,NaN,NaN,NaN,NaN,NaN,NaN,NaN,NaN
5,NaN,NaN,NaN,NaN,NaN,NaN,NaN,NaN
6,NaN,NaN,NaN,NaN,NaN,NaN,NaN,NaN
7,NaN,NaN,NaN,NaN,NaN,NaN,NaN,NaN
8,NaN,NaN,NaN,NaN,NaN,NaN,NaN,NaN
9,NaN,NaN,NaN,NaN,NaN,NaN,NaN,NaN
10,NaN,NaN,NaN,NaN,NaN,NaN,NaN,NaN
11,NaN,NaN,NaN,NaN,NaN,NaN,NaN,NaN
1,NaN,NaN,NaN,NaN,NaN,NaN,NaN,NaN
2,NaN,NaN,NaN,NaN,NaN,NaN,NaN,NaN
3,NaN,NaN,NaN,NaN,NaN,NaN,NaN,NaN
4,NaN,NaN,NaN,NaN,NaN,NaN,NaN,NaN
5,NaN,NaN,NaN,NaN,NaN,NaN,NaN,NaN
6,NaN,NaN,NaN,NaN,NaN,NaN,NaN,NaN
7,NaN,NaN,NaN,NaN,NaN,NaN,NaN,NaN
8,NaN,NaN,NaN,NaN,NaN,NaN,NaN,NaN
9,NaN,NaN,NaN,NaN,NaN,NaN,NaN,NaN
10,NaN,NaN,NaN,NaN,NaN,NaN,NaN,NaN
11,NaN,NaN,NaN,NaN,NaN,NaN,NaN,NaN
1,NaN,NaN,NaN,NaN,NaN,NaN,NaN,NaN
2,NaN,NaN,NaN,NaN,NaN,NaN,NaN,NaN
3,NaN,NaN,NaN,NaN,NaN,NaN,NaN,NaN
4,NaN,NaN,NaN,NaN,NaN,NaN,NaN,NaN
5,NaN,NaN,NaN,NaN,NaN,NaN,NaN,NaN
6,NaN,NaN,NaN,NaN,NaN,NaN,NaN,NaN
7,NaN,NaN,NaN,NaN,NaN,NaN,NaN,NaN
8,NaN,NaN,NaN,NaN,NaN,NaN,NaN,NaN
9,NaN,NaN,NaN,NaN,NaN,NaN,NaN,NaN
10,NaN,NaN,NaN,NaN,NaN,NaN,NaN,NaN
11,NaN,NaN,NaN,NaN,NaN,NaN,NaN,NaN
1,NaN,NaN,NaN,NaN,NaN,NaN,NaN,NaN
2,NaN,NaN,NaN,NaN,NaN,NaN,NaN,NaN
3,NaN,NaN,NaN,NaN,NaN,NaN,NaN,NaN
4,NaN,NaN,NaN,NaN,NaN,NaN,NaN,NaN
5,NaN,NaN,NaN,NaN,NaN,NaN,NaN,NaN
6,NaN,NaN,NaN,NaN,NaN,NaN,NaN,NaN
7,NaN,NaN,NaN,NaN,NaN,NaN,NaN,NaN
8,NaN,NaN,NaN,NaN,NaN,NaN,NaN,NaN
9,NaN,NaN,NaN,NaN,NaN,NaN,NaN,NaN
10,NaN,NaN,NaN,NaN,NaN,NaN,NaN,NaN
11,NaN,NaN,NaN,NaN,NaN,NaN,NaN,NaN
1,NaN,NaN,NaN,NaN,NaN,NaN,NaN,NaN
2,NaN,NaN,NaN,NaN,NaN,NaN,NaN,NaN
3,NaN,NaN,NaN,NaN,NaN,NaN,NaN,NaN
4,NaN,NaN,NaN,NaN,NaN,NaN,NaN,NaN
5,NaN,NaN,NaN,NaN,NaN,NaN,NaN,NaN
6,NaN,NaN,NaN,NaN,NaN,NaN,NaN,NaN
7,NaN,NaN,NaN,NaN,NaN,NaN,NaN,NaN
8,NaN,NaN,NaN,NaN,NaN,NaN,NaN,NaN
9,NaN,NaN,NaN,NaN,NaN,NaN,NaN,NaN
10,NaN,NaN,NaN,NaN,NaN,NaN,NaN,NaN
11,NaN,NaN,NaN,NaN,NaN,NaN,NaN,NaN
1,NaN,NaN,NaN,NaN,NaN,NaN,NaN,NaN
2,NaN,NaN,NaN,NaN,NaN,NaN,NaN,NaN
3,NaN,NaN,NaN,NaN,NaN,NaN,NaN,NaN
4,NaN,NaN,NaN,NaN,NaN,NaN,NaN,NaN
5,NaN,NaN,NaN,NaN,NaN,NaN,NaN,NaN
6,NaN,NaN,NaN,NaN,NaN,NaN,NaN,NaN
7,NaN,NaN,NaN,NaN,NaN,NaN,NaN,NaN
8,NaN,NaN,NaN,NaN,NaN,NaN,NaN,NaN
9,NaN,NaN,NaN,NaN,NaN,NaN,NaN,NaN
10,NaN,NaN,NaN,NaN,NaN,NaN,NaN,NaN
11,NaN,NaN,NaN,NaN,NaN,NaN,NaN,NaN
1,NaN,NaN,NaN,NaN,NaN,NaN,NaN,NaN
2,NaN,NaN,NaN,NaN,NaN,NaN,NaN,NaN
3,NaN,NaN,NaN,NaN,NaN,NaN,NaN,NaN
4,NaN,NaN,NaN,NaN,NaN,NaN,NaN,NaN
5,NaN,NaN,NaN,NaN,NaN,NaN,NaN,NaN
6,NaN,NaN,NaN,NaN,NaN,NaN,NaN,NaN
7,NaN,NaN,NaN,NaN,NaN,NaN,NaN,NaN
8,NaN,NaN,NaN,NaN,NaN,NaN,NaN,NaN
9,NaN,NaN,NaN,NaN,NaN,NaN,NaN,NaN
10,NaN,NaN,NaN,NaN,NaN,NaN,NaN,NaN
11,NaN,NaN,NaN,NaN,NaN,NaN,NaN,NaN
1,NaN,NaN,NaN,NaN,NaN,NaN,NaN,NaN
2,NaN,NaN,NaN,NaN,NaN,NaN,NaN,NaN
3,NaN,NaN,NaN,NaN,NaN,NaN,NaN,NaN
4,NaN,NaN,NaN,NaN,NaN,NaN,NaN,NaN
5,NaN,NaN,NaN,NaN,NaN,NaN,NaN,NaN
6,NaN,NaN,NaN,NaN,NaN,NaN,NaN,NaN
7,NaN,NaN,NaN,NaN,NaN,NaN,NaN,NaN
8,NaN,NaN,NaN,NaN,NaN,NaN,NaN,NaN
9,NaN,NaN,NaN,NaN,NaN,NaN,NaN,NaN
10,NaN,NaN,NaN,NaN,NaN,NaN,NaN,NaN
11,NaN,NaN,NaN,NaN,NaN,NaN,NaN,NaN
1,NaN,NaN,NaN,NaN,NaN,NaN,NaN,NaN
2,NaN,NaN,NaN,NaN,NaN,NaN,NaN,NaN
3,NaN,NaN,NaN,NaN,NaN,NaN,NaN,NaN
4,NaN,NaN,NaN,NaN,NaN,NaN,NaN,NaN
5,NaN,NaN,NaN,NaN,NaN,NaN,NaN,NaN
6,NaN,NaN,NaN,NaN,NaN,NaN,NaN,NaN
7,NaN,NaN,NaN,NaN,NaN,NaN,NaN,NaN
8,NaN,NaN,NaN,NaN,NaN,NaN,NaN,NaN
9,NaN,NaN,NaN,NaN,NaN,NaN,NaN,NaN
10,NaN,NaN,NaN,NaN,NaN,NaN,NaN,NaN
11,NaN,NaN,NaN,NaN,NaN,NaN,NaN,NaN
1,NaN,NaN,NaN,NaN,NaN,NaN,NaN,NaN
2,NaN,NaN,NaN,NaN,NaN,NaN,NaN,NaN
3,NaN,NaN,NaN,NaN,NaN,NaN,NaN,NaN
4,NaN,NaN,NaN,NaN,NaN,NaN,NaN,NaN
5,NaN,NaN,NaN,NaN,NaN,NaN,NaN,NaN
6,NaN,NaN,NaN,NaN,NaN,NaN,NaN,NaN
7,NaN,NaN,NaN,NaN,NaN,NaN,NaN,NaN
8,NaN,NaN,NaN,NaN,NaN,NaN,NaN,NaN
9,NaN,NaN,NaN,NaN,NaN,NaN,NaN,NaN
10,NaN,NaN,NaN,NaN,NaN,NaN,NaN,NaN
11,NaN,NaN,NaN,NaN,NaN,NaN,NaN,NaN
1,NaN,NaN,NaN,NaN,NaN,NaN,NaN,NaN
2,NaN,NaN,NaN,NaN,NaN,NaN,NaN,NaN
3,NaN,NaN,NaN,NaN,NaN,NaN,NaN,NaN
4,NaN,NaN,NaN,NaN,NaN,NaN,NaN,NaN
5,NaN,NaN,NaN,NaN,NaN,NaN,NaN,NaN
6,NaN,NaN,NaN,NaN,NaN,NaN,NaN,NaN
7,NaN,NaN,NaN,NaN,NaN,NaN,NaN,NaN
8,NaN,NaN,NaN,NaN,NaN,NaN,NaN,NaN
9,NaN,NaN,NaN,NaN,NaN,NaN,NaN,NaN
10,NaN,NaN,NaN,NaN,NaN,NaN,NaN,NaN
11,NaN,NaN,NaN,NaN,NaN,NaN,NaN,NaN
1,NaN,NaN,NaN,NaN,NaN,NaN,NaN,NaN
2,NaN,NaN,NaN,NaN,NaN,NaN,NaN,NaN
3,NaN,NaN,NaN,NaN,NaN,NaN,NaN,NaN
4,NaN,NaN,NaN,NaN,NaN,NaN,NaN,NaN
5,NaN,NaN,NaN,NaN,NaN,NaN,NaN,NaN
6,NaN,NaN,NaN,NaN,NaN,NaN,NaN,NaN
7,NaN,NaN,NaN,NaN,NaN,NaN,NaN,NaN
8,NaN,NaN,NaN,NaN,NaN,NaN,NaN,NaN
9,NaN,NaN,NaN,NaN,NaN,NaN,NaN,NaN
10,NaN,NaN,NaN,NaN,NaN,NaN,NaN,NaN
11,NaN,NaN,NaN,NaN,NaN,NaN,NaN,NaN
1,NaN,NaN,NaN,NaN,NaN,NaN,NaN,NaN
2,NaN,NaN,NaN,NaN,NaN,NaN,NaN,NaN
3,NaN,NaN,NaN,NaN,NaN,NaN,NaN,NaN
4,NaN,NaN,NaN,NaN,NaN,NaN,NaN,NaN
5,NaN,NaN,NaN,NaN,NaN,NaN,NaN,NaN
6,NaN,NaN,NaN,NaN,NaN,NaN,NaN,NaN
7,NaN,NaN,NaN,NaN,NaN,NaN,NaN,NaN
8,NaN,NaN,NaN,NaN,NaN,NaN,NaN,NaN
9,NaN,NaN,NaN,NaN,NaN,NaN,NaN,NaN
10,NaN,NaN,NaN,NaN,NaN,NaN,NaN,NaN
11,NaN,NaN,NaN,NaN,NaN,NaN,NaN,NaN
1,NaN,NaN,NaN,NaN,NaN,NaN,NaN,NaN
2,NaN,NaN,NaN,NaN,NaN,NaN,NaN,NaN
3,NaN,NaN,NaN,NaN,NaN,NaN,NaN,NaN
4,NaN,NaN,NaN,NaN,NaN,NaN,NaN,NaN
5,NaN,NaN,NaN,NaN,NaN,NaN,NaN,NaN
6,NaN,NaN,NaN,NaN,NaN,NaN,NaN,NaN
7,NaN,NaN,NaN,NaN,NaN,NaN,NaN,NaN
8,NaN,NaN,NaN,NaN,NaN,NaN,NaN,NaN
9,NaN,NaN,NaN,NaN,NaN,NaN,NaN,NaN
10,NaN,NaN,NaN,NaN,NaN,NaN,NaN,NaN
11,NaN,NaN,NaN,NaN,NaN,NaN,NaN,NaN
1,NaN,NaN,NaN,NaN,NaN,NaN,NaN,NaN
2,NaN,NaN,NaN,NaN,NaN,NaN,NaN,NaN
3,NaN,NaN,NaN,NaN,NaN,NaN,NaN,NaN
4,NaN,NaN,NaN,NaN,NaN,NaN,NaN,NaN
5,NaN,NaN,NaN,NaN,NaN,NaN,NaN,NaN
6,NaN,NaN,NaN,NaN,NaN,NaN,NaN,NaN
7,NaN,NaN,NaN,NaN,NaN,NaN,NaN,NaN
8,NaN,NaN,NaN,NaN,NaN,NaN,NaN,NaN
9,NaN,NaN,NaN,NaN,NaN,NaN,NaN,NaN
10,NaN,NaN,NaN,NaN,NaN,NaN,NaN,NaN
11,NaN,NaN,NaN,NaN,NaN,NaN,NaN,NaN
1,NaN,NaN,NaN,NaN,NaN,NaN,NaN,NaN
2,NaN,NaN,NaN,NaN,NaN,NaN,NaN,NaN
3,NaN,NaN,NaN,NaN,NaN,NaN,NaN,NaN
4,NaN,NaN,NaN,NaN,NaN,NaN,NaN,NaN
5,NaN,NaN,NaN,NaN,NaN,NaN,NaN,NaN
6,NaN,NaN,NaN,NaN,NaN,NaN,NaN,NaN
7,NaN,NaN,NaN,NaN,NaN,NaN,NaN,NaN
8,NaN,NaN,NaN,NaN,NaN,NaN,NaN,NaN
9,NaN,NaN,NaN,NaN,NaN,NaN,NaN,NaN
10,NaN,NaN,NaN,NaN,NaN,NaN,NaN,NaN
11,NaN,NaN,NaN,NaN,NaN,NaN,NaN,NaN
1,NaN,NaN,NaN,NaN,NaN,NaN,NaN,NaN
2,NaN,NaN,NaN,NaN,NaN,NaN,NaN,NaN
3,NaN,NaN,NaN,NaN,NaN,NaN,NaN,NaN
4,NaN,NaN,NaN,NaN,NaN,NaN,NaN,NaN
5,NaN,NaN,NaN,NaN,NaN,NaN,NaN,NaN
6,NaN,NaN,NaN,NaN,NaN,NaN,NaN,NaN
7,NaN,NaN,NaN,NaN,NaN,NaN,NaN,NaN
8,NaN,NaN,NaN,NaN,NaN,NaN,NaN,NaN
9,NaN,NaN,NaN,NaN,NaN,NaN,NaN,NaN
10,NaN,NaN,NaN,NaN,NaN,NaN,NaN,NaN
11,NaN,NaN,NaN,NaN,NaN,NaN,NaN,NaN
1,NaN,NaN,NaN,NaN,NaN,NaN,NaN,NaN
2,NaN,NaN,NaN,NaN,NaN,NaN,NaN,NaN
3,NaN,NaN,NaN,NaN,NaN,NaN,NaN,NaN
4,NaN,NaN,NaN,NaN,NaN,NaN,NaN,NaN
5,NaN,NaN,NaN,NaN,NaN,NaN,NaN,NaN
6,NaN,NaN,NaN,NaN,NaN,NaN,NaN,NaN
7,NaN,NaN,NaN,NaN,NaN,NaN,NaN,NaN
8,NaN,NaN,NaN,NaN,NaN,NaN,NaN,NaN
9,NaN,NaN,NaN,NaN,NaN,NaN,NaN,NaN
10,NaN,NaN,NaN,NaN,NaN,NaN,NaN,NaN
11,NaN,NaN,NaN,NaN,NaN,NaN,NaN,NaN
1,NaN,NaN,NaN,NaN,NaN,NaN,NaN,NaN
2,NaN,NaN,NaN,NaN,NaN,NaN,NaN,NaN
3,NaN,NaN,NaN,NaN,NaN,NaN,NaN,NaN
4,NaN,NaN,NaN,NaN,NaN,NaN,NaN,NaN
5,NaN,NaN,NaN,NaN,NaN,NaN,NaN,NaN
6,NaN,NaN,NaN,NaN,NaN,NaN,NaN,NaN
7,NaN,NaN,NaN,NaN,NaN,NaN,NaN,NaN
8,NaN,NaN,NaN,NaN,NaN,NaN,NaN,NaN
9,NaN,NaN,NaN,NaN,NaN,NaN,NaN,NaN
10,NaN,NaN,NaN,NaN,NaN,NaN,NaN,NaN
11,NaN,NaN,NaN,NaN,NaN,NaN,NaN,NaN
1,NaN,NaN,NaN,NaN,NaN,NaN,NaN,NaN
2,NaN,NaN,NaN,NaN,NaN,NaN,NaN,NaN
3,NaN,NaN,NaN,NaN,NaN,NaN,NaN,NaN
4,NaN,NaN,NaN,NaN,NaN,NaN,NaN,NaN
5,NaN,NaN,NaN,NaN,NaN,NaN,NaN,NaN
6,NaN,NaN,NaN,NaN,NaN,NaN,NaN,NaN
7,NaN,NaN,NaN,NaN,NaN,NaN,NaN,NaN
8,NaN,NaN,NaN,NaN,NaN,NaN,NaN,NaN
9,NaN,NaN,NaN,NaN,NaN,NaN,NaN,NaN
10,NaN,NaN,NaN,NaN,NaN,NaN,NaN,NaN
11,NaN,NaN,NaN,NaN,NaN,NaN,NaN,NaN
1,NaN,NaN,NaN,NaN,NaN,NaN,NaN,NaN
2,NaN,NaN,NaN,NaN,NaN,NaN,NaN,NaN
3,NaN,NaN,NaN,NaN,NaN,NaN,NaN,NaN
4,NaN,NaN,NaN,NaN,NaN,NaN,NaN,NaN
5,NaN,NaN,NaN,NaN,NaN,NaN,NaN,NaN
6,NaN,NaN,NaN,NaN,NaN,NaN,NaN,NaN
7,NaN,NaN,NaN,NaN,NaN,NaN,NaN,NaN
8,NaN,NaN,NaN,NaN,NaN,NaN,NaN,NaN
9,NaN,NaN,NaN,NaN,NaN,NaN,NaN,NaN
10,NaN,NaN,NaN,NaN,NaN,NaN,NaN,NaN
11,NaN,NaN,NaN,NaN,NaN,NaN,NaN,NaN
1,NaN,NaN,NaN,NaN,NaN,NaN,NaN,NaN
2,NaN,NaN,NaN,NaN,NaN,NaN,NaN,NaN
3,NaN,NaN,NaN,NaN,NaN,NaN,NaN,NaN
4,NaN,NaN,NaN,NaN,NaN,NaN,NaN,NaN
5,NaN,NaN,NaN,NaN,NaN,NaN,NaN,NaN
6,NaN,NaN,NaN,NaN,NaN,NaN,NaN,NaN
7,NaN,NaN,NaN,NaN,NaN,NaN,NaN,NaN
8,NaN,NaN,NaN,NaN,NaN,NaN,NaN,NaN
9,NaN,NaN,NaN,NaN,NaN,NaN,NaN,NaN
10,NaN,NaN,NaN,NaN,NaN,NaN,NaN,NaN
11,NaN,NaN,NaN,NaN,NaN,NaN,NaN,NaN
1,NaN,NaN,NaN,NaN,NaN,NaN,NaN,NaN
2,NaN,NaN,NaN,NaN,NaN,NaN,NaN,NaN
3,NaN,NaN,NaN,NaN,NaN,NaN,NaN,NaN
4,NaN,NaN,NaN,NaN,NaN,NaN,NaN,NaN
5,NaN,NaN,NaN,NaN,NaN,NaN,NaN,NaN
6,NaN,NaN,NaN,NaN,NaN,NaN,NaN,NaN
7,NaN,NaN,NaN,NaN,NaN,NaN,NaN,NaN
8,NaN,NaN,NaN,NaN,NaN,NaN,NaN,NaN
9,NaN,NaN,NaN,NaN,NaN,NaN,NaN,NaN
10,NaN,NaN,NaN,NaN,NaN,NaN,NaN,NaN
11,NaN,NaN,NaN,NaN,NaN,NaN,NaN,NaN
1,NaN,NaN,NaN,NaN,NaN,NaN,NaN,NaN
2,NaN,NaN,NaN,NaN,NaN,NaN,NaN,NaN
3,NaN,NaN,NaN,NaN,NaN,NaN,NaN,NaN
4,NaN,NaN,NaN,NaN,NaN,NaN,NaN,NaN
5,NaN,NaN,NaN,NaN,NaN,NaN,NaN,NaN
6,NaN,NaN,NaN,NaN,NaN,NaN,NaN,NaN
7,NaN,NaN,NaN,NaN,NaN,NaN,NaN,NaN
8,NaN,NaN,NaN,NaN,NaN,NaN,NaN,NaN
9,NaN,NaN,NaN,NaN,NaN,NaN,NaN,NaN
10,NaN,NaN,NaN,NaN,NaN,NaN,NaN,NaN
11,NaN,NaN,NaN,NaN,NaN,NaN,NaN,NaN
1,NaN,NaN,NaN,NaN,NaN,NaN,NaN,NaN
2,NaN,NaN,NaN,NaN,NaN,NaN,NaN,NaN
3,NaN,NaN,NaN,NaN,NaN,NaN,NaN,NaN
4,NaN,NaN,NaN,NaN,NaN,NaN,NaN,NaN
5,NaN,NaN,NaN,NaN,NaN,NaN,NaN,NaN
6,NaN,NaN,NaN,NaN,NaN,NaN,NaN,NaN
7,NaN,NaN,NaN,NaN,NaN,NaN,NaN,NaN
8,NaN,NaN,NaN,NaN,NaN,NaN,NaN,NaN
9,NaN,NaN,NaN,NaN,NaN,NaN,NaN,NaN
10,NaN,NaN,NaN,NaN,NaN,NaN,NaN,NaN
11,NaN,NaN,NaN,NaN,NaN,NaN,NaN,NaN
1,NaN,NaN,NaN,NaN,NaN,NaN,NaN,NaN
2,NaN,NaN,NaN,NaN,NaN,NaN,NaN,NaN
3,NaN,NaN,NaN,NaN,NaN,NaN,NaN,NaN
4,NaN,NaN,NaN,NaN,NaN,NaN,NaN,NaN
5,NaN,NaN,NaN,NaN,NaN,NaN,NaN,NaN
6,NaN,NaN,NaN,NaN,NaN,NaN,NaN,NaN
7,NaN,NaN,NaN,NaN,NaN,NaN,NaN,NaN
8,NaN,NaN,NaN,NaN,NaN,NaN,NaN,NaN
9,NaN,NaN,NaN,NaN,NaN,NaN,NaN,NaN
10,NaN,NaN,NaN,NaN,NaN,NaN,NaN,NaN
11,NaN,NaN,NaN,NaN,NaN,NaN,NaN,NaN
1,NaN,NaN,NaN,NaN,NaN,NaN,NaN,NaN
2,NaN,NaN,NaN,NaN,NaN,NaN,NaN,NaN
3,NaN,NaN,NaN,NaN,NaN,NaN,NaN,NaN
4,NaN,NaN,NaN,NaN,NaN,NaN,NaN,NaN
5,NaN,NaN,NaN,NaN,NaN,NaN,NaN,NaN
6,NaN,NaN,NaN,NaN,NaN,NaN,NaN,NaN
7,NaN,NaN,NaN,NaN,NaN,NaN,NaN,NaN
8,NaN,NaN,NaN,NaN,NaN,NaN,NaN,NaN
9,NaN,NaN,NaN,NaN,NaN,NaN,NaN,NaN
10,NaN,NaN,NaN,NaN,NaN,NaN,NaN,NaN
11,NaN,NaN,NaN,NaN,NaN,NaN,NaN,NaN
1,NaN,NaN,NaN,NaN,NaN,NaN,NaN,NaN
2,NaN,NaN,NaN,NaN,NaN,NaN,NaN,NaN
3,NaN,NaN,NaN,NaN,NaN,NaN,NaN,NaN
4,NaN,NaN,NaN,NaN,NaN,NaN,NaN,NaN
5,NaN,NaN,NaN,NaN,NaN,NaN,NaN,NaN
6,NaN,NaN,NaN,NaN,NaN,NaN,NaN,NaN
7,NaN,NaN,NaN,NaN,NaN,NaN,NaN,NaN
8,NaN,NaN,NaN,NaN,NaN,NaN,NaN,NaN
9,NaN,NaN,NaN,NaN,NaN,NaN,NaN,NaN
10,NaN,NaN,NaN,NaN,NaN,NaN,NaN,NaN
11,NaN,NaN,NaN,NaN,NaN,NaN,NaN,NaN
1,NaN,NaN,NaN,NaN,NaN,NaN,NaN,NaN
2,NaN,NaN,NaN,NaN,NaN,NaN,NaN,NaN
3,NaN,NaN,NaN,NaN,NaN,NaN,NaN,NaN
4,NaN,NaN,NaN,NaN,NaN,NaN,NaN,NaN
5,NaN,NaN,NaN,NaN,NaN,NaN,NaN,NaN
6,NaN,NaN,NaN,NaN,NaN,NaN,NaN,NaN
7,NaN,NaN,NaN,NaN,NaN,NaN,NaN,NaN
8,NaN,NaN,NaN,NaN,NaN,NaN,NaN,NaN
9,NaN,NaN,NaN,NaN,NaN,NaN,NaN,NaN
10,NaN,NaN,NaN,NaN,NaN,NaN,NaN,NaN
11,NaN,NaN,NaN,NaN,NaN,NaN,NaN,NaN
1,NaN,NaN,NaN,NaN,NaN,NaN,NaN,NaN
2,NaN,NaN,NaN,NaN,NaN,NaN,NaN,NaN
3,NaN,NaN,NaN,NaN,NaN,NaN,NaN,NaN
4,NaN,NaN,NaN,NaN,NaN,NaN,NaN,NaN
5,NaN,NaN,NaN,NaN,NaN,NaN,NaN,NaN
6,NaN,NaN,NaN,NaN,NaN,NaN,NaN,NaN
7,NaN,NaN,NaN,NaN,NaN,NaN,NaN,NaN
8,NaN,NaN,NaN,NaN,NaN,NaN,NaN,NaN
9,NaN,NaN,NaN,NaN,NaN,NaN,NaN,NaN
10,NaN,NaN,NaN,NaN,NaN,NaN,NaN,NaN
11,NaN,NaN,NaN,NaN,NaN,NaN,NaN,NaN
1,NaN,NaN,NaN,NaN,NaN,NaN,NaN,NaN
2,NaN,NaN,NaN,NaN,NaN,NaN,NaN,NaN
3,NaN,NaN,NaN,NaN,NaN,NaN,NaN,NaN
4,NaN,NaN,NaN,NaN,NaN,NaN,NaN,NaN
5,NaN,NaN,NaN,NaN,NaN,NaN,NaN,NaN
6,NaN,NaN,NaN,NaN,NaN,NaN,NaN,NaN
7,NaN,NaN,NaN,NaN,NaN,NaN,NaN,NaN
8,NaN,NaN,NaN,NaN,NaN,NaN,NaN,NaN
9,NaN,NaN,NaN,NaN,NaN,NaN,NaN,NaN
10,NaN,NaN,NaN,NaN,NaN,NaN,NaN,NaN
11,NaN,NaN,NaN,NaN,NaN,NaN,NaN,NaN
1,NaN,NaN,NaN,NaN,NaN,NaN,NaN,NaN
2,NaN,NaN,NaN,NaN,NaN,NaN,NaN,NaN
3,NaN,NaN,NaN,NaN,NaN,NaN,NaN,NaN
4,NaN,NaN,NaN,NaN,NaN,NaN,NaN,NaN
5,NaN,NaN,NaN,NaN,NaN,NaN,NaN,NaN
6,NaN,NaN,NaN,NaN,NaN,NaN,NaN,NaN
7,NaN,NaN,NaN,NaN,NaN,NaN,NaN,NaN
8,NaN,NaN,NaN,NaN,NaN,NaN,NaN,NaN
9,NaN,NaN,NaN,NaN,NaN,NaN,NaN,NaN
10,NaN,NaN,NaN,NaN,NaN,NaN,NaN,NaN
11,NaN,NaN,NaN,NaN,NaN,NaN,NaN,NaN
1,NaN,NaN,NaN,NaN,NaN,NaN,NaN,NaN
2,NaN,NaN,NaN,NaN,NaN,NaN,NaN,NaN
3,NaN,NaN,NaN,NaN,NaN,NaN,NaN,NaN
4,NaN,NaN,NaN,NaN,NaN,NaN,NaN,NaN
5,NaN,NaN,NaN,NaN,NaN,NaN,NaN,NaN
6,NaN,NaN,NaN,NaN,NaN,NaN,NaN,NaN
7,NaN,NaN,NaN,NaN,NaN,NaN,NaN,NaN
8,NaN,NaN,NaN,NaN,NaN,NaN,NaN,NaN
9,NaN,NaN,NaN,NaN,NaN,NaN,NaN,NaN
10,NaN,NaN,NaN,NaN,NaN,NaN,NaN,NaN
11,NaN,NaN,NaN,NaN,NaN,NaN,NaN,NaN
1,NaN,NaN,NaN,NaN,NaN,NaN,NaN,NaN
2,NaN,NaN,NaN,NaN,NaN,NaN,NaN,NaN
3,NaN,NaN,NaN,NaN,NaN,NaN,NaN,NaN
4,NaN,NaN,NaN,NaN,NaN,NaN,NaN,NaN
5,NaN,NaN,NaN,NaN,NaN,NaN,NaN,NaN
6,NaN,NaN,NaN,NaN,NaN,NaN,NaN,NaN
7,NaN,NaN,NaN,NaN,NaN,NaN,NaN,NaN
8,NaN,NaN,NaN,NaN,NaN,NaN,NaN,NaN
9,NaN,NaN,NaN,NaN,NaN,NaN,NaN,NaN
10,NaN,NaN,NaN,NaN,NaN,NaN,NaN,NaN
11,NaN,NaN,NaN,NaN,NaN,NaN,NaN,NaN
1,NaN,NaN,NaN,NaN,NaN,NaN,NaN,NaN
2,NaN,NaN,NaN,NaN,NaN,NaN,NaN,NaN
3,NaN,NaN,NaN,NaN,NaN,NaN,NaN,NaN
4,NaN,NaN,NaN,NaN,NaN,NaN,NaN,NaN
5,NaN,NaN,NaN,NaN,NaN,NaN,NaN,NaN
6,NaN,NaN,NaN,NaN,NaN,NaN,NaN,NaN
7,NaN,NaN,NaN,NaN,NaN,NaN,NaN,NaN
8,NaN,NaN,NaN,NaN,NaN,NaN,NaN,NaN
9,NaN,NaN,NaN,NaN,NaN,NaN,NaN,NaN
10,NaN,NaN,NaN,NaN,NaN,NaN,NaN,NaN
11,NaN,NaN,NaN,NaN,NaN,NaN,NaN,NaN
1,NaN,NaN,NaN,NaN,NaN,NaN,NaN,NaN
2,NaN,NaN,NaN,NaN,NaN,NaN,NaN,NaN
3,NaN,NaN,NaN,NaN,NaN,NaN,NaN,NaN
4,NaN,NaN,NaN,NaN,NaN,NaN,NaN,NaN
5,NaN,NaN,NaN,NaN,NaN,NaN,NaN,NaN
6,NaN,NaN,NaN,NaN,NaN,NaN,NaN,NaN
7,NaN,NaN,NaN,NaN,NaN,NaN,NaN,NaN
8,NaN,NaN,NaN,NaN,NaN,NaN,NaN,NaN
9,NaN,NaN,NaN,NaN,NaN,NaN,NaN,NaN
10,NaN,NaN,NaN,NaN,NaN,NaN,NaN,NaN
11,NaN,NaN,NaN,NaN,NaN,NaN,NaN,NaN
1,NaN,NaN,NaN,NaN,NaN,NaN,NaN,NaN
2,NaN,NaN,NaN,NaN,NaN,NaN,NaN,NaN
3,NaN,NaN,NaN,NaN,NaN,NaN,NaN,NaN
4,NaN,NaN,NaN,NaN,NaN,NaN,NaN,NaN
5,NaN,NaN,NaN,NaN,NaN,NaN,NaN,NaN
6,NaN,NaN,NaN,NaN,NaN,NaN,NaN,NaN
7,NaN,NaN,NaN,NaN,NaN,NaN,NaN,NaN
8,NaN,NaN,NaN,NaN,NaN,NaN,NaN,NaN
9,NaN,NaN,NaN,NaN,NaN,NaN,NaN,NaN
10,NaN,NaN,NaN,NaN,NaN,NaN,NaN,NaN
11,NaN,NaN,NaN,NaN,NaN,NaN,NaN,NaN
1,NaN,NaN,NaN,NaN,NaN,NaN,NaN,NaN
2,NaN,NaN,NaN,NaN,NaN,NaN,NaN,NaN
3,NaN,NaN,NaN,NaN,NaN,NaN,NaN,NaN
4,NaN,NaN,NaN,NaN,NaN,NaN,NaN,NaN
5,NaN,NaN,NaN,NaN,NaN,NaN,NaN,NaN
6,NaN,NaN,NaN,NaN,NaN,NaN,NaN,NaN
7,NaN,NaN,NaN,NaN,NaN,NaN,NaN,NaN
8,NaN,NaN,NaN,NaN,NaN,NaN,NaN,NaN
9,NaN,NaN,NaN,NaN,NaN,NaN,NaN,NaN
10,NaN,NaN,NaN,NaN,NaN,NaN,NaN,NaN
11,NaN,NaN,NaN,NaN,NaN,NaN,NaN,NaN
1,NaN,NaN,NaN,NaN,NaN,NaN,NaN,NaN
2,NaN,NaN,NaN,NaN,NaN,NaN,NaN,NaN
3,NaN,NaN,NaN,NaN,NaN,NaN,NaN,NaN
4,NaN,NaN,NaN,NaN,NaN,NaN,NaN,NaN
5,NaN,NaN,NaN,NaN,NaN,NaN,NaN,NaN
6,NaN,NaN,NaN,NaN,NaN,NaN,NaN,NaN
7,NaN,NaN,NaN,NaN,NaN,NaN,NaN,NaN
8,NaN,NaN,NaN,NaN,NaN,NaN,NaN,NaN
9,NaN,NaN,NaN,NaN,NaN,NaN,NaN,NaN
10,NaN,NaN,NaN,NaN,NaN,NaN,NaN,NaN
11,NaN,NaN,NaN,NaN,NaN,NaN,NaN,NaN
1,NaN,NaN,NaN,NaN,NaN,NaN,NaN,NaN
2,NaN,NaN,NaN,NaN,NaN,NaN,NaN,NaN
3,NaN,NaN,NaN,NaN,NaN,NaN,NaN,NaN
4,NaN,NaN,NaN,NaN,NaN,NaN,NaN,NaN
5,NaN,NaN,NaN,NaN,NaN,NaN,NaN,NaN
6,NaN,NaN,NaN,NaN,NaN,NaN,NaN,NaN
7,NaN,NaN,NaN,NaN,NaN,NaN,NaN,NaN
8,NaN,NaN,NaN,NaN,NaN,NaN,NaN,NaN
9,NaN,NaN,NaN,NaN,NaN,NaN,NaN,NaN
10,NaN,NaN,NaN,NaN,NaN,NaN,NaN,NaN
11,NaN,NaN,NaN,NaN,NaN,NaN,NaN,NaN
1,NaN,NaN,NaN,NaN,NaN,NaN,NaN,NaN
2,NaN,NaN,NaN,NaN,NaN,NaN,NaN,NaN
3,NaN,NaN,NaN,NaN,NaN,NaN,NaN,NaN
4,NaN,NaN,NaN,NaN,NaN,NaN,NaN,NaN
5,NaN,NaN,NaN,NaN,NaN,NaN,NaN,NaN
6,NaN,NaN,NaN,NaN,NaN,NaN,NaN,NaN
7,NaN,NaN,NaN,NaN,NaN,NaN,NaN,NaN
8,NaN,NaN,NaN,NaN,NaN,NaN,NaN,NaN
9,NaN,NaN,NaN,NaN,NaN,NaN,NaN,NaN
10,NaN,NaN,NaN,NaN,NaN,NaN,NaN,NaN
11,NaN,NaN,NaN,NaN,NaN,NaN,NaN,NaN
1,NaN,NaN,NaN,NaN,NaN,NaN,NaN,NaN
2,NaN,NaN,NaN,NaN,NaN,NaN,NaN,NaN
3,NaN,NaN,NaN,NaN,NaN,NaN,NaN,NaN
4,NaN,NaN,NaN,NaN,NaN,NaN,NaN,NaN
5,NaN,NaN,NaN,NaN,NaN,NaN,NaN,NaN
6,NaN,NaN,NaN,NaN,NaN,NaN,NaN,NaN
7,NaN,NaN,NaN,NaN,NaN,NaN,NaN,NaN
8,NaN,NaN,NaN,NaN,NaN,NaN,NaN,NaN
9,NaN,NaN,NaN,NaN,NaN,NaN,NaN,NaN
10,NaN,NaN,NaN,NaN,NaN,NaN,NaN,NaN
11,NaN,NaN,NaN,NaN,NaN,NaN,NaN,NaN
1,NaN,NaN,NaN,NaN,NaN,NaN,NaN,NaN
2,NaN,NaN,NaN,NaN,NaN,NaN,NaN,NaN
3,NaN,NaN,NaN,NaN,NaN,NaN,NaN,NaN
4,NaN,NaN,NaN,NaN,NaN,NaN,NaN,NaN
5,NaN,NaN,NaN,NaN,NaN,NaN,NaN,NaN
6,NaN,NaN,NaN,NaN,NaN,NaN,NaN,NaN
7,NaN,NaN,NaN,NaN,NaN,NaN,NaN,NaN
8,NaN,NaN,NaN,NaN,NaN,NaN,NaN,NaN
9,NaN,NaN,NaN,NaN,NaN,NaN,NaN,NaN
10,NaN,NaN,NaN,NaN,NaN,NaN,NaN,NaN
11,NaN,NaN,NaN,NaN,NaN,NaN,NaN,NaN
1,NaN,NaN,NaN,NaN,NaN,NaN,NaN,NaN
2,NaN,NaN,NaN,NaN,NaN,NaN,NaN,NaN
3,NaN,NaN,NaN,NaN,NaN,NaN,NaN,NaN
4,NaN,NaN,NaN,NaN,NaN,NaN,NaN,NaN
5,NaN,NaN,NaN,NaN,NaN,NaN,NaN,NaN
6,NaN,NaN,NaN,NaN,NaN,NaN,NaN,NaN
7,NaN,NaN,NaN,NaN,NaN,NaN,NaN,NaN
8,NaN,NaN,NaN,NaN,NaN,NaN,NaN,NaN
9,NaN,NaN,NaN,NaN,NaN,NaN,NaN,NaN
10,NaN,NaN,NaN,NaN,NaN,NaN,NaN,NaN
11,NaN,NaN,NaN,NaN,NaN,NaN,NaN,NaN
1,NaN,NaN,NaN,NaN,NaN,NaN,NaN,NaN
2,NaN,NaN,NaN,NaN,NaN,NaN,NaN,NaN
3,NaN,NaN,NaN,NaN,NaN,NaN,NaN,NaN
4,NaN,NaN,NaN,NaN,NaN,NaN,NaN,NaN
5,NaN,NaN,NaN,NaN,NaN,NaN,NaN,NaN
6,NaN,NaN,NaN,NaN,NaN,NaN,NaN,NaN
7,NaN,NaN,NaN,NaN,NaN,NaN,NaN,NaN
8,NaN,NaN,NaN,NaN,NaN,NaN,NaN,NaN
9,NaN,NaN,NaN,NaN,NaN,NaN,NaN,NaN
10,NaN,NaN,NaN,NaN,NaN,NaN,NaN,NaN
11,NaN,NaN,NaN,NaN,NaN,NaN,NaN,NaN
1,NaN,NaN,NaN,NaN,NaN,NaN,NaN,NaN
2,NaN,NaN,NaN,NaN,NaN,NaN,NaN,NaN
3,NaN,NaN,NaN,NaN,NaN,NaN,NaN,NaN
4,NaN,NaN,NaN,NaN,NaN,NaN,NaN,NaN
5,NaN,NaN,NaN,NaN,NaN,NaN,NaN,NaN
6,NaN,NaN,NaN,NaN,NaN,NaN,NaN,NaN
7,NaN,NaN,NaN,NaN,NaN,NaN,NaN,NaN
8,NaN,NaN,NaN,NaN,NaN,NaN,NaN,NaN
9,NaN,NaN,NaN,NaN,NaN,NaN,NaN,NaN
10,NaN,NaN,NaN,NaN,NaN,NaN,NaN,NaN
11,NaN,NaN,NaN,NaN,NaN,NaN,NaN,NaN
1,NaN,NaN,NaN,NaN,NaN,NaN,NaN,NaN
2,NaN,NaN,NaN,NaN,NaN,NaN,NaN,NaN
3,NaN,NaN,NaN,NaN,NaN,NaN,NaN,NaN
4,NaN,NaN,NaN,NaN,NaN,NaN,NaN,NaN
5,NaN,NaN,NaN,NaN,NaN,NaN,NaN,NaN
6,NaN,NaN,NaN,NaN,NaN,NaN,NaN,NaN
7,NaN,NaN,NaN,NaN,NaN,NaN,NaN,NaN
8,NaN,NaN,NaN,NaN,NaN,NaN,NaN,NaN
9,NaN,NaN,NaN,NaN,NaN,NaN,NaN,NaN
10,NaN,NaN,NaN,NaN,NaN,NaN,NaN,NaN
11,NaN,NaN,NaN,NaN,NaN,NaN,NaN,NaN
1,NaN,NaN,NaN,NaN,NaN,NaN,NaN,NaN
2,NaN,NaN,NaN,NaN,NaN,NaN,NaN,NaN
3,NaN,NaN,NaN,NaN,NaN,NaN,NaN,NaN
4,NaN,NaN,NaN,NaN,NaN,NaN,NaN,NaN
5,NaN,NaN,NaN,NaN,NaN,NaN,NaN,NaN
6,NaN,NaN,NaN,NaN,NaN,NaN,NaN,NaN
7,NaN,NaN,NaN,NaN,NaN,NaN,NaN,NaN
8,NaN,NaN,NaN,NaN,NaN,NaN,NaN,NaN
9,NaN,NaN,NaN,NaN,NaN,NaN,NaN,NaN
10,NaN,NaN,NaN,NaN,NaN,NaN,NaN,NaN
11,NaN,NaN,NaN,NaN,NaN,NaN,NaN,NaN
1,NaN,NaN,NaN,NaN,NaN,NaN,NaN,NaN
2,NaN,NaN,NaN,NaN,NaN,NaN,NaN,NaN
3,NaN,NaN,NaN,NaN,NaN,NaN,NaN,NaN
4,NaN,NaN,NaN,NaN,NaN,NaN,NaN,NaN
5,NaN,NaN,NaN,NaN,NaN,NaN,NaN,NaN
6,NaN,NaN,NaN,NaN,NaN,NaN,NaN,NaN
7,NaN,NaN,NaN,NaN,NaN,NaN,NaN,NaN
8,NaN,NaN,NaN,NaN,NaN,NaN,NaN,NaN
9,NaN,NaN,NaN,NaN,NaN,NaN,NaN,NaN
10,NaN,NaN,NaN,NaN,NaN,NaN,NaN,NaN
11,NaN,NaN,NaN,NaN,NaN,NaN,NaN,NaN
1,NaN,NaN,NaN,NaN,NaN,NaN,NaN,NaN
2,NaN,NaN,NaN,NaN,NaN,NaN,NaN,NaN
3,NaN,NaN,NaN,NaN,NaN,NaN,NaN,NaN
4,NaN,NaN,NaN,NaN,NaN,NaN,NaN,NaN
5,NaN,NaN,NaN,NaN,NaN,NaN,NaN,NaN
6,NaN,NaN,NaN,NaN,NaN,NaN,NaN,NaN
7,NaN,NaN,NaN,NaN,NaN,NaN,NaN,NaN
8,NaN,NaN,NaN,NaN,NaN,NaN,NaN,NaN
9,NaN,NaN,NaN,NaN,NaN,NaN,NaN,NaN
10,NaN,NaN,NaN,NaN,NaN,NaN,NaN,NaN
11,NaN,NaN,NaN,NaN,NaN,NaN,NaN,NaN
1,NaN,NaN,NaN,NaN,NaN,NaN,NaN,NaN
2,NaN,NaN,NaN,NaN,NaN,NaN,NaN,NaN
3,NaN,NaN,NaN,NaN,NaN,NaN,NaN,NaN
4,NaN,NaN,NaN,NaN,NaN,NaN,NaN,NaN
5,NaN,NaN,NaN,NaN,NaN,NaN,NaN,NaN
6,NaN,NaN,NaN,NaN,NaN,NaN,NaN,NaN
7,NaN,NaN,NaN,NaN,NaN,NaN,NaN,NaN
8,NaN,NaN,NaN,NaN,NaN,NaN,NaN,NaN
9,NaN,NaN,NaN,NaN,NaN,NaN,NaN,NaN
10,NaN,NaN,NaN,NaN,NaN,NaN,NaN,NaN
11,NaN,NaN,NaN,NaN,NaN,NaN,NaN,NaN
1,NaN,NaN,NaN,NaN,NaN,NaN,NaN,NaN
2,NaN,NaN,NaN,NaN,NaN,NaN,NaN,NaN
3,NaN,NaN,NaN,NaN,NaN,NaN,NaN,NaN
4,NaN,NaN,NaN,NaN,NaN,NaN,NaN,NaN
5,NaN,NaN,NaN,NaN,NaN,NaN,NaN,NaN
6,NaN,NaN,NaN,NaN,NaN,NaN,NaN,NaN
7,NaN,NaN,NaN,NaN,NaN,NaN,NaN,NaN
8,NaN,NaN,NaN,NaN,NaN,NaN,NaN,NaN
9,NaN,NaN,NaN,NaN,NaN,NaN,NaN,NaN
10,NaN,NaN,NaN,NaN,NaN,NaN,NaN,NaN
11,NaN,NaN,NaN,NaN,NaN,NaN,NaN,NaN
1,NaN,NaN,NaN,NaN,NaN,NaN,NaN,NaN
2,NaN,NaN,NaN,NaN,NaN,NaN,NaN,NaN
3,NaN,NaN,NaN,NaN,NaN,NaN,NaN,NaN
4,NaN,NaN,NaN,NaN,NaN,NaN,NaN,NaN
5,NaN,NaN,NaN,NaN,NaN,NaN,NaN,NaN
6,NaN,NaN,NaN,NaN,NaN,NaN,NaN,NaN
7,NaN,NaN,NaN,NaN,NaN,NaN,NaN,NaN
8,NaN,NaN,NaN,NaN,NaN,NaN,NaN,NaN
9,NaN,NaN,NaN,NaN,NaN,NaN,NaN,NaN
10,NaN,NaN,NaN,NaN,NaN,NaN,NaN,NaN
11,NaN,NaN,NaN,NaN,NaN,NaN,NaN,NaN
1,NaN,NaN,NaN,NaN,NaN,NaN,NaN,NaN
2,NaN,NaN,NaN,NaN,NaN,NaN,NaN,NaN
3,NaN,NaN,NaN,NaN,NaN,NaN,NaN,NaN
4,NaN,NaN,NaN,NaN,NaN,NaN,NaN,NaN
5,NaN,NaN,NaN,NaN,NaN,NaN,NaN,NaN
6,NaN,NaN,NaN,NaN,NaN,NaN,NaN,NaN
7,NaN,NaN,NaN,NaN,NaN,NaN,NaN,NaN
8,NaN,NaN,NaN,NaN,NaN,NaN,NaN,NaN
9,NaN,NaN,NaN,NaN,NaN,NaN,NaN,NaN
10,NaN,NaN,NaN,NaN,NaN,NaN,NaN,NaN
11,NaN,NaN,NaN,NaN,NaN,NaN,NaN,NaN
1,NaN,NaN,NaN,NaN,NaN,NaN,NaN,NaN
2,NaN,NaN,NaN,NaN,NaN,NaN,NaN,NaN
3,NaN,NaN,NaN,NaN,NaN,NaN,NaN,NaN
4,NaN,NaN,NaN,NaN,NaN,NaN,NaN,NaN
5,NaN,NaN,NaN,NaN,NaN,NaN,NaN,NaN
6,NaN,NaN,NaN,NaN,NaN,NaN,NaN,NaN
7,NaN,NaN,NaN,NaN,NaN,NaN,NaN,NaN
8,NaN,NaN,NaN,NaN,NaN,NaN,NaN,NaN
9,NaN,NaN,NaN,NaN,NaN,NaN,NaN,NaN
10,NaN,NaN,NaN,NaN,NaN,NaN,NaN,NaN
11,NaN,NaN,NaN,NaN,NaN,NaN,NaN,NaN
1,NaN,NaN,NaN,NaN,NaN,NaN,NaN,NaN
2,NaN,NaN,NaN,NaN,NaN,NaN,NaN,NaN
3,NaN,NaN,NaN,NaN,NaN,NaN,NaN,NaN
4,NaN,NaN,NaN,NaN,NaN,NaN,NaN,NaN
5,NaN,NaN,NaN,NaN,NaN,NaN,NaN,NaN
6,NaN,NaN,NaN,NaN,NaN,NaN,NaN,NaN
7,NaN,NaN,NaN,NaN,NaN,NaN,NaN,NaN
8,NaN,NaN,NaN,NaN,NaN,NaN,NaN,NaN
9,NaN,NaN,NaN,NaN,NaN,NaN,NaN,NaN
10,NaN,NaN,NaN,NaN,NaN,NaN,NaN,NaN
11,NaN,NaN,NaN,NaN,NaN,NaN,NaN,NaN
1,NaN,NaN,NaN,NaN,NaN,NaN,NaN,NaN
2,NaN,NaN,NaN,NaN,NaN,NaN,NaN,NaN
3,NaN,NaN,NaN,NaN,NaN,NaN,NaN,NaN
4,NaN,NaN,NaN,NaN,NaN,NaN,NaN,NaN
5,NaN,NaN,NaN,NaN,NaN,NaN,NaN,NaN
6,NaN,NaN,NaN,NaN,NaN,NaN,NaN,NaN
7,NaN,NaN,NaN,NaN,NaN,NaN,NaN,NaN
8,NaN,NaN,NaN,NaN,NaN,NaN,NaN,NaN
9,NaN,NaN,NaN,NaN,NaN,NaN,NaN,NaN
10,NaN,NaN,NaN,NaN,NaN,NaN,NaN,NaN
11,NaN,NaN,NaN,NaN,NaN,NaN,NaN,NaN
1,NaN,NaN,NaN,NaN,NaN,NaN,NaN,NaN
2,NaN,NaN,NaN,NaN,NaN,NaN,NaN,NaN
3,NaN,NaN,NaN,NaN,NaN,NaN,NaN,NaN
4,NaN,NaN,NaN,NaN,NaN,NaN,NaN,NaN
5,NaN,NaN,NaN,NaN,NaN,NaN,NaN,NaN
6,NaN,NaN,NaN,NaN,NaN,NaN,NaN,NaN
7,NaN,NaN,NaN,NaN,NaN,NaN,NaN,NaN
8,NaN,NaN,NaN,NaN,NaN,NaN,NaN,NaN
9,NaN,NaN,NaN,NaN,NaN,NaN,NaN,NaN
10,NaN,NaN,NaN,NaN,NaN,NaN,NaN,NaN
11,NaN,NaN,NaN,NaN,NaN,NaN,NaN,NaN
1,NaN,NaN,NaN,NaN,NaN,NaN,NaN,NaN
2,NaN,NaN,NaN,NaN,NaN,NaN,NaN,NaN
3,NaN,NaN,NaN,NaN,NaN,NaN,NaN,NaN
4,NaN,NaN,NaN,NaN,NaN,NaN,NaN,NaN
5,NaN,NaN,NaN,NaN,NaN,NaN,NaN,NaN
6,NaN,NaN,NaN,NaN,NaN,NaN,NaN,NaN
7,NaN,NaN,NaN,NaN,NaN,NaN,NaN,NaN
8,NaN,NaN,NaN,NaN,NaN,NaN,NaN,NaN
9,NaN,NaN,NaN,NaN,NaN,NaN,NaN,NaN
10,NaN,NaN,NaN,NaN,NaN,NaN,NaN,NaN
11,NaN,NaN,NaN,NaN,NaN,NaN,NaN,NaN
1,NaN,NaN,NaN,NaN,NaN,NaN,NaN,NaN
2,NaN,NaN,NaN,NaN,NaN,NaN,NaN,NaN
3,NaN,NaN,NaN,NaN,NaN,NaN,NaN,NaN
4,NaN,NaN,NaN,NaN,NaN,NaN,NaN,NaN
5,NaN,NaN,NaN,NaN,NaN,NaN,NaN,NaN
6,NaN,NaN,NaN,NaN,NaN,NaN,NaN,NaN
7,NaN,NaN,NaN,NaN,NaN,NaN,NaN,NaN
8,NaN,NaN,NaN,NaN,NaN,NaN,NaN,NaN
9,NaN,NaN,NaN,NaN,NaN,NaN,NaN,NaN
10,NaN,NaN,NaN,NaN,NaN,NaN,NaN,NaN
11,NaN,NaN,NaN,NaN,NaN,NaN,NaN,NaN
1,NaN,NaN,NaN,NaN,NaN,NaN,NaN,NaN
2,NaN,NaN,NaN,NaN,NaN,NaN,NaN,NaN
3,NaN,NaN,NaN,NaN,NaN,NaN,NaN,NaN
4,NaN,NaN,NaN,NaN,NaN,NaN,NaN,NaN
5,NaN,NaN,NaN,NaN,NaN,NaN,NaN,NaN
6,NaN,NaN,NaN,NaN,NaN,NaN,NaN,NaN
7,NaN,NaN,NaN,NaN,NaN,NaN,NaN,NaN
8,NaN,NaN,NaN,NaN,NaN,NaN,NaN,NaN
9,NaN,NaN,NaN,NaN,NaN,NaN,NaN,NaN
10,NaN,NaN,NaN,NaN,NaN,NaN,NaN,NaN
11,NaN,NaN,NaN,NaN,NaN,NaN,NaN,NaN
1,NaN,NaN,NaN,NaN,NaN,NaN,NaN,NaN
2,NaN,NaN,NaN,NaN,NaN,NaN,NaN,NaN
3,NaN,NaN,NaN,NaN,NaN,NaN,NaN,NaN
4,NaN,NaN,NaN,NaN,NaN,NaN,NaN,NaN
5,NaN,NaN,NaN,NaN,NaN,NaN,NaN,NaN
6,NaN,NaN,NaN,NaN,NaN,NaN,NaN,NaN
7,NaN,NaN,NaN,NaN,NaN,NaN,NaN,NaN
8,NaN,NaN,NaN,NaN,NaN,NaN,NaN,NaN
9,NaN,NaN,NaN,NaN,NaN,NaN,NaN,NaN
10,NaN,NaN,NaN,NaN,NaN,NaN,NaN,NaN
11,NaN,NaN,NaN,NaN,NaN,NaN,NaN,NaN
1,NaN,NaN,NaN,NaN,NaN,NaN,NaN,NaN
2,NaN,NaN,NaN,NaN,NaN,NaN,NaN,NaN
3,NaN,NaN,NaN,NaN,NaN,NaN,NaN,NaN
4,NaN,NaN,NaN,NaN,NaN,NaN,NaN,NaN
5,NaN,NaN,NaN,NaN,NaN,NaN,NaN,NaN
6,NaN,NaN,NaN,NaN,NaN,NaN,NaN,NaN
7,NaN,NaN,NaN,NaN,NaN,NaN,NaN,NaN
8,NaN,NaN,NaN,NaN,NaN,NaN,NaN,NaN
9,NaN,NaN,NaN,NaN,NaN,NaN,NaN,NaN
10,NaN,NaN,NaN,NaN,NaN,NaN,NaN,NaN
11,NaN,NaN,NaN,NaN,NaN,NaN,NaN,NaN
1,NaN,NaN,NaN,NaN,NaN,NaN,NaN,NaN
2,NaN,NaN,NaN,NaN,NaN,NaN,NaN,NaN
3,NaN,NaN,NaN,NaN,NaN,NaN,NaN,NaN
4,NaN,NaN,NaN,NaN,NaN,NaN,NaN,NaN
5,NaN,NaN,NaN,NaN,NaN,NaN,NaN,NaN
6,NaN,NaN,NaN,NaN,NaN,NaN,NaN,NaN
7,NaN,NaN,NaN,NaN,NaN,NaN,NaN,NaN
8,NaN,NaN,NaN,NaN,NaN,NaN,NaN,NaN
9,NaN,NaN,NaN,NaN,NaN,NaN,NaN,NaN
10,NaN,NaN,NaN,NaN,NaN,NaN,NaN,NaN
11,NaN,NaN,NaN,NaN,NaN,NaN,NaN,NaN
1,NaN,NaN,NaN,NaN,NaN,NaN,NaN,NaN
2,NaN,NaN,NaN,NaN,NaN,NaN,NaN,NaN
3,NaN,NaN,NaN,NaN,NaN,NaN,NaN,NaN
4,NaN,NaN,NaN,NaN,NaN,NaN,NaN,NaN
5,NaN,NaN,NaN,NaN,NaN,NaN,NaN,NaN
6,NaN,NaN,NaN,NaN,NaN,NaN,NaN,NaN
7,NaN,NaN,NaN,NaN,NaN,NaN,NaN,NaN
8,NaN,NaN,NaN,NaN,NaN,NaN,NaN,NaN
9,NaN,NaN,NaN,NaN,NaN,NaN,NaN,NaN
10,NaN,NaN,NaN,NaN,NaN,NaN,NaN,NaN
11,NaN,NaN,NaN,NaN,NaN,NaN,NaN,NaN
1,NaN,NaN,NaN,NaN,NaN,NaN,NaN,NaN
2,NaN,NaN,NaN,NaN,NaN,NaN,NaN,NaN
3,NaN,NaN,NaN,NaN,NaN,NaN,NaN,NaN
4,NaN,NaN,NaN,NaN,NaN,NaN,NaN,NaN
5,NaN,NaN,NaN,NaN,NaN,NaN,NaN,NaN
6,NaN,NaN,NaN,NaN,NaN,NaN,NaN,NaN
7,NaN,NaN,NaN,NaN,NaN,NaN,NaN,NaN
8,NaN,NaN,NaN,NaN,NaN,NaN,NaN,NaN
9,NaN,NaN,NaN,NaN,NaN,NaN,NaN,NaN
10,NaN,NaN,NaN,NaN,NaN,NaN,NaN,NaN
11,NaN,NaN,NaN,NaN,NaN,NaN,NaN,NaN
1,NaN,NaN,NaN,NaN,NaN,NaN,NaN,NaN
2,NaN,NaN,NaN,NaN,NaN,NaN,NaN,NaN
3,NaN,NaN,NaN,NaN,NaN,NaN,NaN,NaN
4,NaN,NaN,NaN,NaN,NaN,NaN,NaN,NaN
5,NaN,NaN,NaN,NaN,NaN,NaN,NaN,NaN
6,NaN,NaN,NaN,NaN,NaN,NaN,NaN,NaN
7,NaN,NaN,NaN,NaN,NaN,NaN,NaN,NaN
8,NaN,NaN,NaN,NaN,NaN,NaN,NaN,NaN
9,NaN,NaN,NaN,NaN,NaN,NaN,NaN,NaN
10,NaN,NaN,NaN,NaN,NaN,NaN,NaN,NaN
11,NaN,NaN,NaN,NaN,NaN,NaN,NaN,NaN
1,NaN,NaN,NaN,NaN,NaN,NaN,NaN,NaN
2,NaN,NaN,NaN,NaN,NaN,NaN,NaN,NaN
3,NaN,NaN,NaN,NaN,NaN,NaN,NaN,NaN
4,NaN,NaN,NaN,NaN,NaN,NaN,NaN,NaN
5,NaN,NaN,NaN,NaN,NaN,NaN,NaN,NaN
6,NaN,NaN,NaN,NaN,NaN,NaN,NaN,NaN
7,NaN,NaN,NaN,NaN,NaN,NaN,NaN,NaN
8,NaN,NaN,NaN,NaN,NaN,NaN,NaN,NaN
9,NaN,NaN,NaN,NaN,NaN,NaN,NaN,NaN
10,NaN,NaN,NaN,NaN,NaN,NaN,NaN,NaN
11,NaN,NaN,NaN,NaN,NaN,NaN,NaN,NaN
1,NaN,NaN,NaN,NaN,NaN,NaN,NaN,NaN
2,NaN,NaN,NaN,NaN,NaN,NaN,NaN,NaN
3,NaN,NaN,NaN,NaN,NaN,NaN,NaN,NaN
4,NaN,NaN,NaN,NaN,NaN,NaN,NaN,NaN
5,NaN,NaN,NaN,NaN,NaN,NaN,NaN,NaN
6,NaN,NaN,NaN,NaN,NaN,NaN,NaN,NaN
7,NaN,NaN,NaN,NaN,NaN,NaN,NaN,NaN
8,NaN,NaN,NaN,NaN,NaN,NaN,NaN,NaN
9,NaN,NaN,NaN,NaN,NaN,NaN,NaN,NaN
10,NaN,NaN,NaN,NaN,NaN,NaN,NaN,NaN
11,NaN,NaN,NaN,NaN,NaN,NaN,NaN,NaN
1,NaN,NaN,NaN,NaN,NaN,NaN,NaN,NaN
2,NaN,NaN,NaN,NaN,NaN,NaN,NaN,NaN
3,NaN,NaN,NaN,NaN,NaN,NaN,NaN,NaN
4,NaN,NaN,NaN,NaN,NaN,NaN,NaN,NaN
5,NaN,NaN,NaN,NaN,NaN,NaN,NaN,NaN
6,NaN,NaN,NaN,NaN,NaN,NaN,NaN,NaN
7,NaN,NaN,NaN,NaN,NaN,NaN,NaN,NaN
8,NaN,NaN,NaN,NaN,NaN,NaN,NaN,NaN
9,NaN,NaN,NaN,NaN,NaN,NaN,NaN,NaN
10,NaN,NaN,NaN,NaN,NaN,NaN,NaN,NaN
11,NaN,NaN,NaN,NaN,NaN,NaN,NaN,NaN
1,NaN,NaN,NaN,NaN,NaN,NaN,NaN,NaN
2,NaN,NaN,NaN,NaN,NaN,NaN,NaN,NaN
3,NaN,NaN,NaN,NaN,NaN,NaN,NaN,NaN
4,NaN,NaN,NaN,NaN,NaN,NaN,NaN,NaN
5,NaN,NaN,NaN,NaN,NaN,NaN,NaN,NaN
6,NaN,NaN,NaN,NaN,NaN,NaN,NaN,NaN
7,NaN,NaN,NaN,NaN,NaN,NaN,NaN,NaN
8,NaN,NaN,NaN,NaN,NaN,NaN,NaN,NaN
9,NaN,NaN,NaN,NaN,NaN,NaN,NaN,NaN
10,NaN,NaN,NaN,NaN,NaN,NaN,NaN,NaN
11,NaN,NaN,NaN,NaN,NaN,NaN,NaN,NaN
1,NaN,NaN,NaN,NaN,NaN,NaN,NaN,NaN
2,NaN,NaN,NaN,NaN,NaN,NaN,NaN,NaN
3,NaN,NaN,NaN,NaN,NaN,NaN,NaN,NaN
4,NaN,NaN,NaN,NaN,NaN,NaN,NaN,NaN
5,NaN,NaN,NaN,NaN,NaN,NaN,NaN,NaN
6,NaN,NaN,NaN,NaN,NaN,NaN,NaN,NaN
7,NaN,NaN,NaN,NaN,NaN,NaN,NaN,NaN
8,NaN,NaN,NaN,NaN,NaN,NaN,NaN,NaN
9,NaN,NaN,NaN,NaN,NaN,NaN,NaN,NaN
10,NaN,NaN,NaN,NaN,NaN,NaN,NaN,NaN
11,NaN,NaN,NaN,NaN,NaN,NaN,NaN,NaN
1,NaN,NaN,NaN,NaN,NaN,NaN,NaN,NaN
2,NaN,NaN,NaN,NaN,NaN,NaN,NaN,NaN
3,NaN,NaN,NaN,NaN,NaN,NaN,NaN,NaN
4,NaN,NaN,NaN,NaN,NaN,NaN,NaN,NaN
5,NaN,NaN,NaN,NaN,NaN,NaN,NaN,NaN
6,NaN,NaN,NaN,NaN,NaN,NaN,NaN,NaN
7,NaN,NaN,NaN,NaN,NaN,NaN,NaN,NaN
8,NaN,NaN,NaN,NaN,NaN,NaN,NaN,NaN
9,NaN,NaN,NaN,NaN,NaN,NaN,NaN,NaN
10,NaN,NaN,NaN,NaN,NaN,NaN,NaN,NaN
11,NaN,NaN,NaN,NaN,NaN,NaN,NaN,NaN
1,NaN,NaN,NaN,NaN,NaN,NaN,NaN,NaN
2,NaN,NaN,NaN,NaN,NaN,NaN,NaN,NaN
3,NaN,NaN,NaN,NaN,NaN,NaN,NaN,NaN
4,NaN,NaN,NaN,NaN,NaN,NaN,NaN,NaN
5,NaN,NaN,NaN,NaN,NaN,NaN,NaN,NaN
6,NaN,NaN,NaN,NaN,NaN,NaN,NaN,NaN
7,NaN,NaN,NaN,NaN,NaN,NaN,NaN,NaN
8,NaN,NaN,NaN,NaN,NaN,NaN,NaN,NaN
9,NaN,NaN,NaN,NaN,NaN,NaN,NaN,NaN
10,NaN,NaN,NaN,NaN,NaN,NaN,NaN,NaN
11,NaN,NaN,NaN,NaN,NaN,NaN,NaN,NaN
1,NaN,NaN,NaN,NaN,NaN,NaN,NaN,NaN
2,NaN,NaN,NaN,NaN,NaN,NaN,NaN,NaN
3,NaN,NaN,NaN,NaN,NaN,NaN,NaN,NaN
4,NaN,NaN,NaN,NaN,NaN,NaN,NaN,NaN
5,NaN,NaN,NaN,NaN,NaN,NaN,NaN,NaN
6,NaN,NaN,NaN,NaN,NaN,NaN,NaN,NaN
7,NaN,NaN,NaN,NaN,NaN,NaN,NaN,NaN
8,NaN,NaN,NaN,NaN,NaN,NaN,NaN,NaN
9,NaN,NaN,NaN,NaN,NaN,NaN,NaN,NaN
10,NaN,NaN,NaN,NaN,NaN,NaN,NaN,NaN
11,NaN,NaN,NaN,NaN,NaN,NaN,NaN,NaN
1,NaN,NaN,NaN,NaN,NaN,NaN,NaN,NaN
2,NaN,NaN,NaN,NaN,NaN,NaN,NaN,NaN
3,NaN,NaN,NaN,NaN,NaN,NaN,NaN,NaN
4,NaN,NaN,NaN,NaN,NaN,NaN,NaN,NaN
5,NaN,NaN,NaN,NaN,NaN,NaN,NaN,NaN
6,NaN,NaN,NaN,NaN,NaN,NaN,NaN,NaN
7,NaN,NaN,NaN,NaN,NaN,NaN,NaN,NaN
8,NaN,NaN,NaN,NaN,NaN,NaN,NaN,NaN
9,NaN,NaN,NaN,NaN,NaN,NaN,NaN,NaN
10,NaN,NaN,NaN,NaN,NaN,NaN,NaN,NaN
11,NaN,NaN,NaN,NaN,NaN,NaN,NaN,NaN
1,NaN,NaN,NaN,NaN,NaN,NaN,NaN,NaN
2,NaN,NaN,NaN,NaN,NaN,NaN,NaN,NaN
3,NaN,NaN,NaN,NaN,NaN,NaN,NaN,NaN
4,NaN,NaN,NaN,NaN,NaN,NaN,NaN,NaN
5,NaN,NaN,NaN,NaN,NaN,NaN,NaN,NaN
6,NaN,NaN,NaN,NaN,NaN,NaN,NaN,NaN
7,NaN,NaN,NaN,NaN,NaN,NaN,NaN,NaN
8,NaN,NaN,NaN,NaN,NaN,NaN,NaN,NaN
9,NaN,NaN,NaN,NaN,NaN,NaN,NaN,NaN
10,NaN,NaN,NaN,NaN,NaN,NaN,NaN,NaN
11,NaN,NaN,NaN,NaN,NaN,NaN,NaN,NaN
1,NaN,NaN,NaN,NaN,NaN,NaN,NaN,NaN
2,NaN,NaN,NaN,NaN,NaN,NaN,NaN,NaN
3,NaN,NaN,NaN,NaN,NaN,NaN,NaN,NaN
4,NaN,NaN,NaN,NaN,NaN,NaN,NaN,NaN
5,NaN,NaN,NaN,NaN,NaN,NaN,NaN,NaN
6,NaN,NaN,NaN,NaN,NaN,NaN,NaN,NaN
7,NaN,NaN,NaN,NaN,NaN,NaN,NaN,NaN
8,NaN,NaN,NaN,NaN,NaN,NaN,NaN,NaN
9,NaN,NaN,NaN,NaN,NaN,NaN,NaN,NaN
10,NaN,NaN,NaN,NaN,NaN,NaN,NaN,NaN
11,NaN,NaN,NaN,NaN,NaN,NaN,NaN,NaN
1,NaN,NaN,NaN,NaN,NaN,NaN,NaN,NaN
2,NaN,NaN,NaN,NaN,NaN,NaN,NaN,NaN
3,NaN,NaN,NaN,NaN,NaN,NaN,NaN,NaN
4,NaN,NaN,NaN,NaN,NaN,NaN,NaN,NaN
5,NaN,NaN,NaN,NaN,NaN,NaN,NaN,NaN
6,NaN,NaN,NaN,NaN,NaN,NaN,NaN,NaN
7,NaN,NaN,NaN,NaN,NaN,NaN,NaN,NaN
8,NaN,NaN,NaN,NaN,NaN,NaN,NaN,NaN
9,NaN,NaN,NaN,NaN,NaN,NaN,NaN,NaN
10,NaN,NaN,NaN,NaN,NaN,NaN,NaN,NaN
11,NaN,NaN,NaN,NaN,NaN,NaN,NaN,NaN
1,NaN,NaN,NaN,NaN,NaN,NaN,NaN,NaN
2,NaN,NaN,NaN,NaN,NaN,NaN,NaN,NaN
3,NaN,NaN,NaN,NaN,NaN,NaN,NaN,NaN
4,NaN,NaN,NaN,NaN,NaN,NaN,NaN,NaN
5,NaN,NaN,NaN,NaN,NaN,NaN,NaN,NaN
6,NaN,NaN,NaN,NaN,NaN,NaN,NaN,NaN
7,NaN,NaN,NaN,NaN,NaN,NaN,NaN,NaN
8,NaN,NaN,NaN,NaN,NaN,NaN,NaN,NaN
9,NaN,NaN,NaN,NaN,NaN,NaN,NaN,NaN
10,NaN,NaN,NaN,NaN,NaN,NaN,NaN,NaN
11,NaN,NaN,NaN,NaN,NaN,NaN,NaN,NaN
1,NaN,NaN,NaN,NaN,NaN,NaN,NaN,NaN
2,NaN,NaN,NaN,NaN,NaN,NaN,NaN,NaN
3,NaN,NaN,NaN,NaN,NaN,NaN,NaN,NaN
4,NaN,NaN,NaN,NaN,NaN,NaN,NaN,NaN
5,NaN,NaN,NaN,NaN,NaN,NaN,NaN,NaN
6,NaN,NaN,NaN,NaN,NaN,NaN,NaN,NaN
7,NaN,NaN,NaN,NaN,NaN,NaN,NaN,NaN
8,NaN,NaN,NaN,NaN,NaN,NaN,NaN,NaN
9,NaN,NaN,NaN,NaN,NaN,NaN,NaN,NaN
10,NaN,NaN,NaN,NaN,NaN,NaN,NaN,NaN
11,NaN,NaN,NaN,NaN,NaN,NaN,NaN,NaN
1,NaN,NaN,NaN,NaN,NaN,NaN,NaN,NaN
2,NaN,NaN,NaN,NaN,NaN,NaN,NaN,NaN
3,NaN,NaN,NaN,NaN,NaN,NaN,NaN,NaN
4,NaN,NaN,NaN,NaN,NaN,NaN,NaN,NaN
5,NaN,NaN,NaN,NaN,NaN,NaN,NaN,NaN
6,NaN,NaN,NaN,NaN,NaN,NaN,NaN,NaN
7,NaN,NaN,NaN,NaN,NaN,NaN,NaN,NaN
8,NaN,NaN,NaN,NaN,NaN,NaN,NaN,NaN
9,NaN,NaN,NaN,NaN,NaN,NaN,NaN,NaN
10,NaN,NaN,NaN,NaN,NaN,NaN,NaN,NaN
11,NaN,NaN,NaN,NaN,NaN,NaN,NaN,NaN
1,NaN,NaN,NaN,NaN,NaN,NaN,NaN,NaN
2,NaN,NaN,NaN,NaN,NaN,NaN,NaN,NaN
3,NaN,NaN,NaN,NaN,NaN,NaN,NaN,NaN
4,NaN,NaN,NaN,NaN,NaN,NaN,NaN,NaN
5,NaN,NaN,NaN,NaN,NaN,NaN,NaN,NaN
6,NaN,NaN,NaN,NaN,NaN,NaN,NaN,NaN
7,NaN,NaN,NaN,NaN,NaN,NaN,NaN,NaN
8,NaN,NaN,NaN,NaN,NaN,NaN,NaN,NaN
9,NaN,NaN,NaN,NaN,NaN,NaN,NaN,NaN
10,NaN,NaN,NaN,NaN,NaN,NaN,NaN,NaN
11,NaN,NaN,NaN,NaN,NaN,NaN,NaN,NaN
1,NaN,NaN,NaN,NaN,NaN,NaN,NaN,NaN
2,NaN,NaN,NaN,NaN,NaN,NaN,NaN,NaN
3,NaN,NaN,NaN,NaN,NaN,NaN,NaN,NaN
4,NaN,NaN,NaN,NaN,NaN,NaN,NaN,NaN
5,NaN,NaN,NaN,NaN,NaN,NaN,NaN,NaN
6,NaN,NaN,NaN,NaN,NaN,NaN,NaN,NaN
7,NaN,NaN,NaN,NaN,NaN,NaN,NaN,NaN
8,NaN,NaN,NaN,NaN,NaN,NaN,NaN,NaN
9,NaN,NaN,NaN,NaN,NaN,NaN,NaN,NaN
10,NaN,NaN,NaN,NaN,NaN,NaN,NaN,NaN
11,NaN,NaN,NaN,NaN,NaN,NaN,NaN,NaN
1,NaN,NaN,NaN,NaN,NaN,NaN,NaN,NaN
2,NaN,NaN,NaN,NaN,NaN,NaN,NaN,NaN
3,NaN,NaN,NaN,NaN,NaN,NaN,NaN,NaN
4,NaN,NaN,NaN,NaN,NaN,NaN,NaN,NaN
5,NaN,NaN,NaN,NaN,NaN,NaN,NaN,NaN
6,NaN,NaN,NaN,NaN,NaN,NaN,NaN,NaN
7,NaN,NaN,NaN,NaN,NaN,NaN,NaN,NaN
8,NaN,NaN,NaN,NaN,NaN,NaN,NaN,NaN
9,NaN,NaN,NaN,NaN,NaN,NaN,NaN,NaN
10,NaN,NaN,NaN,NaN,NaN,NaN,NaN,NaN
11,NaN,NaN,NaN,NaN,NaN,NaN,NaN,NaN
1,NaN,NaN,NaN,NaN,NaN,NaN,NaN,NaN
2,NaN,NaN,NaN,NaN,NaN,NaN,NaN,NaN
3,NaN,NaN,NaN,NaN,NaN,NaN,NaN,NaN
4,NaN,NaN,NaN,NaN,NaN,NaN,NaN,NaN
5,NaN,NaN,NaN,NaN,NaN,NaN,NaN,NaN
6,NaN,NaN,NaN,NaN,NaN,NaN,NaN,NaN
7,NaN,NaN,NaN,NaN,NaN,NaN,NaN,NaN
8,NaN,NaN,NaN,NaN,NaN,NaN,NaN,NaN
9,NaN,NaN,NaN,NaN,NaN,NaN,NaN,NaN
10,NaN,NaN,NaN,NaN,NaN,NaN,NaN,NaN
11,NaN,NaN,NaN,NaN,NaN,NaN,NaN,NaN
1,NaN,NaN,NaN,NaN,NaN,NaN,NaN,NaN
2,NaN,NaN,NaN,NaN,NaN,NaN,NaN,NaN
3,NaN,NaN,NaN,NaN,NaN,NaN,NaN,NaN
4,NaN,NaN,NaN,NaN,NaN,NaN,NaN,NaN
5,NaN,NaN,NaN,NaN,NaN,NaN,NaN,NaN
6,NaN,NaN,NaN,NaN,NaN,NaN,NaN,NaN
7,NaN,NaN,NaN,NaN,NaN,NaN,NaN,NaN
8,NaN,NaN,NaN,NaN,NaN,NaN,NaN,NaN
9,NaN,NaN,NaN,NaN,NaN,NaN,NaN,NaN
10,NaN,NaN,NaN,NaN,NaN,NaN,NaN,NaN
11,NaN,NaN,NaN,NaN,NaN,NaN,NaN,NaN
1,NaN,NaN,NaN,NaN,NaN,NaN,NaN,NaN
2,NaN,NaN,NaN,NaN,NaN,NaN,NaN,NaN
3,NaN,NaN,NaN,NaN,NaN,NaN,NaN,NaN
4,NaN,NaN,NaN,NaN,NaN,NaN,NaN,NaN
5,NaN,NaN,NaN,NaN,NaN,NaN,NaN,NaN
6,NaN,NaN,NaN,NaN,NaN,NaN,NaN,NaN
7,NaN,NaN,NaN,NaN,NaN,NaN,NaN,NaN
8,NaN,NaN,NaN,NaN,NaN,NaN,NaN,NaN
9,NaN,NaN,NaN,NaN,NaN,NaN,NaN,NaN
10,NaN,NaN,NaN,NaN,NaN,NaN,NaN,NaN
11,NaN,NaN,NaN,NaN,NaN,NaN,NaN,NaN
1,NaN,NaN,NaN,NaN,NaN,NaN,NaN,NaN
2,NaN,NaN,NaN,NaN,NaN,NaN,NaN,NaN
3,NaN,NaN,NaN,NaN,NaN,NaN,NaN,NaN
4,NaN,NaN,NaN,NaN,NaN,NaN,NaN,NaN
5,NaN,NaN,NaN,NaN,NaN,NaN,NaN,NaN
6,NaN,NaN,NaN,NaN,NaN,NaN,NaN,NaN
7,NaN,NaN,NaN,NaN,NaN,NaN,NaN,NaN
8,NaN,NaN,NaN,NaN,NaN,NaN,NaN,NaN
9,NaN,NaN,NaN,NaN,NaN,NaN,NaN,NaN
10,NaN,NaN,NaN,NaN,NaN,NaN,NaN,NaN
11,NaN,NaN,NaN,NaN,NaN,NaN,NaN,NaN
1,NaN,NaN,NaN,NaN,NaN,NaN,NaN,NaN
2,NaN,NaN,NaN,NaN,NaN,NaN,NaN,NaN
3,NaN,NaN,NaN,NaN,NaN,NaN,NaN,NaN
4,NaN,NaN,NaN,NaN,NaN,NaN,NaN,NaN
5,NaN,NaN,NaN,NaN,NaN,NaN,NaN,NaN
6,NaN,NaN,NaN,NaN,NaN,NaN,NaN,NaN
7,NaN,NaN,NaN,NaN,NaN,NaN,NaN,NaN
8,NaN,NaN,NaN,NaN,NaN,NaN,NaN,NaN
9,NaN,NaN,NaN,NaN,NaN,NaN,NaN,NaN
10,NaN,NaN,NaN,NaN,NaN,NaN,NaN,NaN
11,NaN,NaN,NaN,NaN,NaN,NaN,NaN,NaN
1,NaN,NaN,NaN,NaN,NaN,NaN,NaN,NaN
2,NaN,NaN,NaN,NaN,NaN,NaN,NaN,NaN
3,NaN,NaN,NaN,NaN,NaN,NaN,NaN,NaN
4,NaN,NaN,NaN,NaN,NaN,NaN,NaN,NaN
5,NaN,NaN,NaN,NaN,NaN,NaN,NaN,NaN
6,NaN,NaN,NaN,NaN,NaN,NaN,NaN,NaN
7,NaN,NaN,NaN,NaN,NaN,NaN,NaN,NaN
8,NaN,NaN,NaN,NaN,NaN,NaN,NaN,NaN
9,NaN,NaN,NaN,NaN,NaN,NaN,NaN,NaN
10,NaN,NaN,NaN,NaN,NaN,NaN,NaN,NaN
11,NaN,NaN,NaN,NaN,NaN,NaN,NaN,NaN
1,NaN,NaN,NaN,NaN,NaN,NaN,NaN,NaN
2,NaN,NaN,NaN,NaN,NaN,NaN,NaN,NaN
3,NaN,NaN,NaN,NaN,NaN,NaN,NaN,NaN
4,NaN,NaN,NaN,NaN,NaN,NaN,NaN,NaN
5,NaN,NaN,NaN,NaN,NaN,NaN,NaN,NaN
6,NaN,NaN,NaN,NaN,NaN,NaN,NaN,NaN
7,NaN,NaN,NaN,NaN,NaN,NaN,NaN,NaN
8,NaN,NaN,NaN,NaN,NaN,NaN,NaN,NaN
9,NaN,NaN,NaN,NaN,NaN,NaN,NaN,NaN
10,NaN,NaN,NaN,NaN,NaN,NaN,NaN,NaN
11,NaN,NaN,NaN,NaN,NaN,NaN,NaN,NaN
1,NaN,NaN,NaN,NaN,NaN,NaN,NaN,NaN
2,NaN,NaN,NaN,NaN,NaN,NaN,NaN,NaN
3,NaN,NaN,NaN,NaN,NaN,NaN,NaN,NaN
4,NaN,NaN,NaN,NaN,NaN,NaN,NaN,NaN
5,NaN,NaN,NaN,NaN,NaN,NaN,NaN,NaN
6,NaN,NaN,NaN,NaN,NaN,NaN,NaN,NaN
7,NaN,NaN,NaN,NaN,NaN,NaN,NaN,NaN
8,NaN,NaN,NaN,NaN,NaN,NaN,NaN,NaN
9,NaN,NaN,NaN,NaN,NaN,NaN,NaN,NaN
10,NaN,NaN,NaN,NaN,NaN,NaN,NaN,NaN
11,NaN,NaN,NaN,NaN,NaN,NaN,NaN,NaN
1,NaN,NaN,NaN,NaN,NaN,NaN,NaN,NaN
2,NaN,NaN,NaN,NaN,NaN,NaN,NaN,NaN
3,NaN,NaN,NaN,NaN,NaN,NaN,NaN,NaN
4,NaN,NaN,NaN,NaN,NaN,NaN,NaN,NaN
5,NaN,NaN,NaN,NaN,NaN,NaN,NaN,NaN
6,NaN,NaN,NaN,NaN,NaN,NaN,NaN,NaN
7,NaN,NaN,NaN,NaN,NaN,NaN,NaN,NaN
8,NaN,NaN,NaN,NaN,NaN,NaN,NaN,NaN
9,NaN,NaN,NaN,NaN,NaN,NaN,NaN,NaN
10,NaN,NaN,NaN,NaN,NaN,NaN,NaN,NaN
11,NaN,NaN,NaN,NaN,NaN,NaN,NaN,NaN
1,NaN,NaN,NaN,NaN,NaN,NaN,NaN,NaN
2,NaN,NaN,NaN,NaN,NaN,NaN,NaN,NaN
3,NaN,NaN,NaN,NaN,NaN,NaN,NaN,NaN
4,NaN,NaN,NaN,NaN,NaN,NaN,NaN,NaN
5,NaN,NaN,NaN,NaN,NaN,NaN,NaN,NaN
6,NaN,NaN,NaN,NaN,NaN,NaN,NaN,NaN
7,NaN,NaN,NaN,NaN,NaN,NaN,NaN,NaN
8,NaN,NaN,NaN,NaN,NaN,NaN,NaN,NaN
9,NaN,NaN,NaN,NaN,NaN,NaN,NaN,NaN
10,NaN,NaN,NaN,NaN,NaN,NaN,NaN,NaN
11,NaN,NaN,NaN,NaN,NaN,NaN,NaN,NaN
1,NaN,NaN,NaN,NaN,NaN,NaN,NaN,NaN
2,NaN,NaN,NaN,NaN,NaN,NaN,NaN,NaN
3,NaN,NaN,NaN,NaN,NaN,NaN,NaN,NaN
4,NaN,NaN,NaN,NaN,NaN,NaN,NaN,NaN
5,NaN,NaN,NaN,NaN,NaN,NaN,NaN,NaN
6,NaN,NaN,NaN,NaN,NaN,NaN,NaN,NaN
7,NaN,NaN,NaN,NaN,NaN,NaN,NaN,NaN
8,NaN,NaN,NaN,NaN,NaN,NaN,NaN,NaN
9,NaN,NaN,NaN,NaN,NaN,NaN,NaN,NaN
10,NaN,NaN,NaN,NaN,NaN,NaN,NaN,NaN
11,NaN,NaN,NaN,NaN,NaN,NaN,NaN,NaN
1,NaN,NaN,NaN,NaN,NaN,NaN,NaN,NaN
2,NaN,NaN,NaN,NaN,NaN,NaN,NaN,NaN
3,NaN,NaN,NaN,NaN,NaN,NaN,NaN,NaN
4,NaN,NaN,NaN,NaN,NaN,NaN,NaN,NaN
5,NaN,NaN,NaN,NaN,NaN,NaN,NaN,NaN
6,NaN,NaN,NaN,NaN,NaN,NaN,NaN,NaN
7,NaN,NaN,NaN,NaN,NaN,NaN,NaN,NaN
8,NaN,NaN,NaN,NaN,NaN,NaN,NaN,NaN
9,NaN,NaN,NaN,NaN,NaN,NaN,NaN,NaN
10,NaN,NaN,NaN,NaN,NaN,NaN,NaN,NaN
11,NaN,NaN,NaN,NaN,NaN,NaN,NaN,NaN
1,NaN,NaN,NaN,NaN,NaN,NaN,NaN,NaN
2,NaN,NaN,NaN,NaN,NaN,NaN,NaN,NaN
3,NaN,NaN,NaN,NaN,NaN,NaN,NaN,NaN
4,NaN,NaN,NaN,NaN,NaN,NaN,NaN,NaN
5,NaN,NaN,NaN,NaN,NaN,NaN,NaN,NaN
6,NaN,NaN,NaN,NaN,NaN,NaN,NaN,NaN
7,NaN,NaN,NaN,NaN,NaN,NaN,NaN,NaN
8,NaN,NaN,NaN,NaN,NaN,NaN,NaN,NaN
9,NaN,NaN,NaN,NaN,NaN,NaN,NaN,NaN
10,NaN,NaN,NaN,NaN,NaN,NaN,NaN,NaN
11,NaN,NaN,NaN,NaN,NaN,NaN,NaN,NaN
1,NaN,NaN,NaN,NaN,NaN,NaN,NaN,NaN
2,NaN,NaN,NaN,NaN,NaN,NaN,NaN,NaN
3,NaN,NaN,NaN,NaN,NaN,NaN,NaN,NaN
4,NaN,NaN,NaN,NaN,NaN,NaN,NaN,NaN
5,NaN,NaN,NaN,NaN,NaN,NaN,NaN,NaN
6,NaN,NaN,NaN,NaN,NaN,NaN,NaN,NaN
7,NaN,NaN,NaN,NaN,NaN,NaN,NaN,NaN
8,NaN,NaN,NaN,NaN,NaN,NaN,NaN,NaN
9,NaN,NaN,NaN,NaN,NaN,NaN,NaN,NaN
10,NaN,NaN,NaN,NaN,NaN,NaN,NaN,NaN
11,NaN,NaN,NaN,NaN,NaN,NaN,NaN,NaN
1,NaN,NaN,NaN,NaN,NaN,NaN,NaN,NaN
2,NaN,NaN,NaN,NaN,NaN,NaN,NaN,NaN
3,NaN,NaN,NaN,NaN,NaN,NaN,NaN,NaN
4,NaN,NaN,NaN,NaN,NaN,NaN,NaN,NaN
5,NaN,NaN,NaN,NaN,NaN,NaN,NaN,NaN
6,NaN,NaN,NaN,NaN,NaN,NaN,NaN,NaN
7,NaN,NaN,NaN,NaN,NaN,NaN,NaN,NaN
8,NaN,NaN,NaN,NaN,NaN,NaN,NaN,NaN
9,NaN,NaN,NaN,NaN,NaN,NaN,NaN,NaN
10,NaN,NaN,NaN,NaN,NaN,NaN,NaN,NaN
11,NaN,NaN,NaN,NaN,NaN,NaN,NaN,NaN
1,NaN,NaN,NaN,NaN,NaN,NaN,NaN,NaN
2,NaN,NaN,NaN,NaN,NaN,NaN,NaN,NaN
3,NaN,NaN,NaN,NaN,NaN,NaN,NaN,NaN
4,NaN,NaN,NaN,NaN,NaN,NaN,NaN,NaN
5,NaN,NaN,NaN,NaN,NaN,NaN,NaN,NaN
6,NaN,NaN,NaN,NaN,NaN,NaN,NaN,NaN
7,NaN,NaN,NaN,NaN,NaN,NaN,NaN,NaN
8,NaN,NaN,NaN,NaN,NaN,NaN,NaN,NaN
9,NaN,NaN,NaN,NaN,NaN,NaN,NaN,NaN
10,NaN,NaN,NaN,NaN,NaN,NaN,NaN,NaN
11,NaN,NaN,NaN,NaN,NaN,NaN,NaN,NaN
1,NaN,NaN,NaN,NaN,NaN,NaN,NaN,NaN
2,NaN,NaN,NaN,NaN,NaN,NaN,NaN,NaN
3,NaN,NaN,NaN,NaN,NaN,NaN,NaN,NaN
4,NaN,NaN,NaN,NaN,NaN,NaN,NaN,NaN
5,NaN,NaN,NaN,NaN,NaN,NaN,NaN,NaN
6,NaN,NaN,NaN,NaN,NaN,NaN,NaN,NaN
7,NaN,NaN,NaN,NaN,NaN,NaN,NaN,NaN
8,NaN,NaN,NaN,NaN,NaN,NaN,NaN,NaN
9,NaN,NaN,NaN,NaN,NaN,NaN,NaN,NaN
10,NaN,NaN,NaN,NaN,NaN,NaN,NaN,NaN
11,NaN,NaN,NaN,NaN,NaN,NaN,NaN,NaN
1,NaN,NaN,NaN,NaN,NaN,NaN,NaN,NaN
2,NaN,NaN,NaN,NaN,NaN,NaN,NaN,NaN
3,NaN,NaN,NaN,NaN,NaN,NaN,NaN,NaN
4,NaN,NaN,NaN,NaN,NaN,NaN,NaN,NaN
5,NaN,NaN,NaN,NaN,NaN,NaN,NaN,NaN
6,NaN,NaN,NaN,NaN,NaN,NaN,NaN,NaN
7,NaN,NaN,NaN,NaN,NaN,NaN,NaN,NaN
8,NaN,NaN,NaN,NaN,NaN,NaN,NaN,NaN
9,NaN,NaN,NaN,NaN,NaN,NaN,NaN,NaN
10,NaN,NaN,NaN,NaN,NaN,NaN,NaN,NaN
11,NaN,NaN,NaN,NaN,NaN,NaN,NaN,NaN
1,NaN,NaN,NaN,NaN,NaN,NaN,NaN,NaN
2,NaN,NaN,NaN,NaN,NaN,NaN,NaN,NaN
3,NaN,NaN,NaN,NaN,NaN,NaN,NaN,NaN
4,NaN,NaN,NaN,NaN,NaN,NaN,NaN,NaN
5,NaN,NaN,NaN,NaN,NaN,NaN,NaN,NaN
6,NaN,NaN,NaN,NaN,NaN,NaN,NaN,NaN
7,NaN,NaN,NaN,NaN,NaN,NaN,NaN,NaN
8,NaN,NaN,NaN,NaN,NaN,NaN,NaN,NaN
9,NaN,NaN,NaN,NaN,NaN,NaN,NaN,NaN
10,NaN,NaN,NaN,NaN,NaN,NaN,NaN,NaN
11,NaN,NaN,NaN,NaN,NaN,NaN,NaN,NaN
1,NaN,NaN,NaN,NaN,NaN,NaN,NaN,NaN
2,NaN,NaN,NaN,NaN,NaN,NaN,NaN,NaN
3,NaN,NaN,NaN,NaN,NaN,NaN,NaN,NaN
4,NaN,NaN,NaN,NaN,NaN,NaN,NaN,NaN
5,NaN,NaN,NaN,NaN,NaN,NaN,NaN,NaN
6,NaN,NaN,NaN,NaN,NaN,NaN,NaN,NaN
7,NaN,NaN,NaN,NaN,NaN,NaN,NaN,NaN
8,NaN,NaN,NaN,NaN,NaN,NaN,NaN,NaN
9,NaN,NaN,NaN,NaN,NaN,NaN,NaN,NaN
10,NaN,NaN,NaN,NaN,NaN,NaN,NaN,NaN
11,NaN,NaN,NaN,NaN,NaN,NaN,NaN,NaN
1,NaN,NaN,NaN,NaN,NaN,NaN,NaN,NaN
2,NaN,NaN,NaN,NaN,NaN,NaN,NaN,NaN
3,NaN,NaN,NaN,NaN,NaN,NaN,NaN,NaN
4,NaN,NaN,NaN,NaN,NaN,NaN,NaN,NaN
5,NaN,NaN,NaN,NaN,NaN,NaN,NaN,NaN
6,NaN,NaN,NaN,NaN,NaN,NaN,NaN,NaN
7,NaN,NaN,NaN,NaN,NaN,NaN,NaN,NaN
8,NaN,NaN,NaN,NaN,NaN,NaN,NaN,NaN
9,NaN,NaN,NaN,NaN,NaN,NaN,NaN,NaN
10,NaN,NaN,NaN,NaN,NaN,NaN,NaN,NaN
11,NaN,NaN,NaN,NaN,NaN,NaN,NaN,NaN
1,NaN,NaN,NaN,NaN,NaN,NaN,NaN,NaN
2,NaN,NaN,NaN,NaN,NaN,NaN,NaN,NaN
3,NaN,NaN,NaN,NaN,NaN,NaN,NaN,NaN
4,NaN,NaN,NaN,NaN,NaN,NaN,NaN,NaN
5,NaN,NaN,NaN,NaN,NaN,NaN,NaN,NaN
6,NaN,NaN,NaN,NaN,NaN,NaN,NaN,NaN
7,NaN,NaN,NaN,NaN,NaN,NaN,NaN,NaN
8,NaN,NaN,NaN,NaN,NaN,NaN,NaN,NaN
9,NaN,NaN,NaN,NaN,NaN,NaN,NaN,NaN
10,NaN,NaN,NaN,NaN,NaN,NaN,NaN,NaN
11,NaN,NaN,NaN,NaN,NaN,NaN,NaN,NaN
1,NaN,NaN,NaN,NaN,NaN,NaN,NaN,NaN
2,NaN,NaN,NaN,NaN,NaN,NaN,NaN,NaN
3,NaN,NaN,NaN,NaN,NaN,NaN,NaN,NaN
4,NaN,NaN,NaN,NaN,NaN,NaN,NaN,NaN
5,NaN,NaN,NaN,NaN,NaN,NaN,NaN,NaN
6,NaN,NaN,NaN,NaN,NaN,NaN,NaN,NaN
7,NaN,NaN,NaN,NaN,NaN,NaN,NaN,NaN
8,NaN,NaN,NaN,NaN,NaN,NaN,NaN,NaN
9,NaN,NaN,NaN,NaN,NaN,NaN,NaN,NaN
10,NaN,NaN,NaN,NaN,NaN,NaN,NaN,NaN
11,NaN,NaN,NaN,NaN,NaN,NaN,NaN,NaN
1,NaN,NaN,NaN,NaN,NaN,NaN,NaN,NaN
2,NaN,NaN,NaN,NaN,NaN,NaN,NaN,NaN
3,NaN,NaN,NaN,NaN,NaN,NaN,NaN,NaN
4,NaN,NaN,NaN,NaN,NaN,NaN,NaN,NaN
5,NaN,NaN,NaN,NaN,NaN,NaN,NaN,NaN
6,NaN,NaN,NaN,NaN,NaN,NaN,NaN,NaN
7,NaN,NaN,NaN,NaN,NaN,NaN,NaN,NaN
8,NaN,NaN,NaN,NaN,NaN,NaN,NaN,NaN
9,NaN,NaN,NaN,NaN,NaN,NaN,NaN,NaN
10,NaN,NaN,NaN,NaN,NaN,NaN,NaN,NaN
11,NaN,NaN,NaN,NaN,NaN,NaN,NaN,NaN
1,NaN,NaN,NaN,NaN,NaN,NaN,NaN,NaN
2,NaN,NaN,NaN,NaN,NaN,NaN,NaN,NaN
3,NaN,NaN,NaN,NaN,NaN,NaN,NaN,NaN
4,NaN,NaN,NaN,NaN,NaN,NaN,NaN,NaN
5,NaN,NaN,NaN,NaN,NaN,NaN,NaN,NaN
6,NaN,NaN,NaN,NaN,NaN,NaN,NaN,NaN
7,NaN,NaN,NaN,NaN,NaN,NaN,NaN,NaN
8,NaN,NaN,NaN,NaN,NaN,NaN,NaN,NaN
9,NaN,NaN,NaN,NaN,NaN,NaN,NaN,NaN
10,NaN,NaN,NaN,NaN,NaN,NaN,NaN,NaN
11,NaN,NaN,NaN,NaN,NaN,NaN,NaN,NaN
1,NaN,NaN,NaN,NaN,NaN,NaN,NaN,NaN
2,NaN,NaN,NaN,NaN,NaN,NaN,NaN,NaN
3,NaN,NaN,NaN,NaN,NaN,NaN,NaN,NaN
4,NaN,NaN,NaN,NaN,NaN,NaN,NaN,NaN
5,NaN,NaN,NaN,NaN,NaN,NaN,NaN,NaN
6,NaN,NaN,NaN,NaN,NaN,NaN,NaN,NaN
7,NaN,NaN,NaN,NaN,NaN,NaN,NaN,NaN
8,NaN,NaN,NaN,NaN,NaN,NaN,NaN,NaN
9,NaN,NaN,NaN,NaN,NaN,NaN,NaN,NaN
10,NaN,NaN,NaN,NaN,NaN,NaN,NaN,NaN
11,NaN,NaN,NaN,NaN,NaN,NaN,NaN,NaN
1,NaN,NaN,NaN,NaN,NaN,NaN,NaN,NaN
2,NaN,NaN,NaN,NaN,NaN,NaN,NaN,NaN
3,NaN,NaN,NaN,NaN,NaN,NaN,NaN,NaN
4,NaN,NaN,NaN,NaN,NaN,NaN,NaN,NaN
5,NaN,NaN,NaN,NaN,NaN,NaN,NaN,NaN
6,NaN,NaN,NaN,NaN,NaN,NaN,NaN,NaN
7,NaN,NaN,NaN,NaN,NaN,NaN,NaN,NaN
8,NaN,NaN,NaN,NaN,NaN,NaN,NaN,NaN
9,NaN,NaN,NaN,NaN,NaN,NaN,NaN,NaN
10,NaN,NaN,NaN,NaN,NaN,NaN,NaN,NaN
11,NaN,NaN,NaN,NaN,NaN,NaN,NaN,NaN
1,NaN,NaN,NaN,NaN,NaN,NaN,NaN,NaN
2,NaN,NaN,NaN,NaN,NaN,NaN,NaN,NaN
3,NaN,NaN,NaN,NaN,NaN,NaN,NaN,NaN
4,NaN,NaN,NaN,NaN,NaN,NaN,NaN,NaN
5,NaN,NaN,NaN,NaN,NaN,NaN,NaN,NaN
6,NaN,NaN,NaN,NaN,NaN,NaN,NaN,NaN
7,NaN,NaN,NaN,NaN,NaN,NaN,NaN,NaN
8,NaN,NaN,NaN,NaN,NaN,NaN,NaN,NaN
9,NaN,NaN,NaN,NaN,NaN,NaN,NaN,NaN
10,NaN,NaN,NaN,NaN,NaN,NaN,NaN,NaN
11,NaN,NaN,NaN,NaN,NaN,NaN,NaN,NaN
1,NaN,NaN,NaN,NaN,NaN,NaN,NaN,NaN
2,NaN,NaN,NaN,NaN,NaN,NaN,NaN,NaN
3,NaN,NaN,NaN,NaN,NaN,NaN,NaN,NaN
4,NaN,NaN,NaN,NaN,NaN,NaN,NaN,NaN
5,NaN,NaN,NaN,NaN,NaN,NaN,NaN,NaN
6,NaN,NaN,NaN,NaN,NaN,NaN,NaN,NaN
7,NaN,NaN,NaN,NaN,NaN,NaN,NaN,NaN
8,NaN,NaN,NaN,NaN,NaN,NaN,NaN,NaN
9,NaN,NaN,NaN,NaN,NaN,NaN,NaN,NaN
10,NaN,NaN,NaN,NaN,NaN,NaN,NaN,NaN
11,NaN,NaN,NaN,NaN,NaN,NaN,NaN,NaN
1,NaN,NaN,NaN,NaN,NaN,NaN,NaN,NaN
2,NaN,NaN,NaN,NaN,NaN,NaN,NaN,NaN
3,NaN,NaN,NaN,NaN,NaN,NaN,NaN,NaN
4,NaN,NaN,NaN,NaN,NaN,NaN,NaN,NaN
5,NaN,NaN,NaN,NaN,NaN,NaN,NaN,NaN
6,NaN,NaN,NaN,NaN,NaN,NaN,NaN,NaN
7,NaN,NaN,NaN,NaN,NaN,NaN,NaN,NaN
8,NaN,NaN,NaN,NaN,NaN,NaN,NaN,NaN
9,NaN,NaN,NaN,NaN,NaN,NaN,NaN,NaN
10,NaN,NaN,NaN,NaN,NaN,NaN,NaN,NaN
11,NaN,NaN,NaN,NaN,NaN,NaN,NaN,NaN
1,NaN,NaN,NaN,NaN,NaN,NaN,NaN,NaN
2,NaN,NaN,NaN,NaN,NaN,NaN,NaN,NaN
3,NaN,NaN,NaN,NaN,NaN,NaN,NaN,NaN
4,NaN,NaN,NaN,NaN,NaN,NaN,NaN,NaN
5,NaN,NaN,NaN,NaN,NaN,NaN,NaN,NaN
6,NaN,NaN,NaN,NaN,NaN,NaN,NaN,NaN
7,NaN,NaN,NaN,NaN,NaN,NaN,NaN,NaN
8,NaN,NaN,NaN,NaN,NaN,NaN,NaN,NaN
9,NaN,NaN,NaN,NaN,NaN,NaN,NaN,NaN
10,NaN,NaN,NaN,NaN,NaN,NaN,NaN,NaN
11,NaN,NaN,NaN,NaN,NaN,NaN,NaN,NaN
1,NaN,NaN,NaN,NaN,NaN,NaN,NaN,NaN
2,NaN,NaN,NaN,NaN,NaN,NaN,NaN,NaN
3,NaN,NaN,NaN,NaN,NaN,NaN,NaN,NaN
4,NaN,NaN,NaN,NaN,NaN,NaN,NaN,NaN
5,NaN,NaN,NaN,NaN,NaN,NaN,NaN,NaN
6,NaN,NaN,NaN,NaN,NaN,NaN,NaN,NaN
7,NaN,NaN,NaN,NaN,NaN,NaN,NaN,NaN
8,NaN,NaN,NaN,NaN,NaN,NaN,NaN,NaN
9,NaN,NaN,NaN,NaN,NaN,NaN,NaN,NaN
10,NaN,NaN,NaN,NaN,NaN,NaN,NaN,NaN
11,NaN,NaN,NaN,NaN,NaN,NaN,NaN,NaN
1,NaN,NaN,NaN,NaN,NaN,NaN,NaN,NaN
2,NaN,NaN,NaN,NaN,NaN,NaN,NaN,NaN
3,NaN,NaN,NaN,NaN,NaN,NaN,NaN,NaN
4,NaN,NaN,NaN,NaN,NaN,NaN,NaN,NaN
5,NaN,NaN,NaN,NaN,NaN,NaN,NaN,NaN
6,NaN,NaN,NaN,NaN,NaN,NaN,NaN,NaN
7,NaN,NaN,NaN,NaN,NaN,NaN,NaN,NaN
8,NaN,NaN,NaN,NaN,NaN,NaN,NaN,NaN
9,NaN,NaN,NaN,NaN,NaN,NaN,NaN,NaN
10,NaN,NaN,NaN,NaN,NaN,NaN,NaN,NaN
11,NaN,NaN,NaN,NaN,NaN,NaN,NaN,NaN
1,NaN,NaN,NaN,NaN,NaN,NaN,NaN,NaN
2,NaN,NaN,NaN,NaN,NaN,NaN,NaN,NaN
3,NaN,NaN,NaN,NaN,NaN,NaN,NaN,NaN
4,NaN,NaN,NaN,NaN,NaN,NaN,NaN,NaN
5,NaN,NaN,NaN,NaN,NaN,NaN,NaN,NaN
6,NaN,NaN,NaN,NaN,NaN,NaN,NaN,NaN
7,NaN,NaN,NaN,NaN,NaN,NaN,NaN,NaN
8,NaN,NaN,NaN,NaN,NaN,NaN,NaN,NaN
9,NaN,NaN,NaN,NaN,NaN,NaN,NaN,NaN
10,NaN,NaN,NaN,NaN,NaN,NaN,NaN,NaN
11,NaN,NaN,NaN,NaN,NaN,NaN,NaN,NaN
1,NaN,NaN,NaN,NaN,NaN,NaN,NaN,NaN
2,NaN,NaN,NaN,NaN,NaN,NaN,NaN,NaN
3,NaN,NaN,NaN,NaN,NaN,NaN,NaN,NaN
4,NaN,NaN,NaN,NaN,NaN,NaN,NaN,NaN
5,NaN,NaN,NaN,NaN,NaN,NaN,NaN,NaN
6,NaN,NaN,NaN,NaN,NaN,NaN,NaN,NaN
7,NaN,NaN,NaN,NaN,NaN,NaN,NaN,NaN
8,NaN,NaN,NaN,NaN,NaN,NaN,NaN,NaN
9,NaN,NaN,NaN,NaN,NaN,NaN,NaN,NaN
10,NaN,NaN,NaN,NaN,NaN,NaN,NaN,NaN
11,NaN,NaN,NaN,NaN,NaN,NaN,NaN,NaN
1,NaN,NaN,NaN,NaN,NaN,NaN,NaN,NaN
2,NaN,NaN,NaN,NaN,NaN,NaN,NaN,NaN
3,NaN,NaN,NaN,NaN,NaN,NaN,NaN,NaN
4,NaN,NaN,NaN,NaN,NaN,NaN,NaN,NaN
5,NaN,NaN,NaN,NaN,NaN,NaN,NaN,NaN
6,NaN,NaN,NaN,NaN,NaN,NaN,NaN,NaN
7,NaN,NaN,NaN,NaN,NaN,NaN,NaN,NaN
8,NaN,NaN,NaN,NaN,NaN,NaN,NaN,NaN
9,NaN,NaN,NaN,NaN,NaN,NaN,NaN,NaN
10,NaN,NaN,NaN,NaN,NaN,NaN,NaN,NaN
11,NaN,NaN,NaN,NaN,NaN,NaN,NaN,NaN
1,NaN,NaN,NaN,NaN,NaN,NaN,NaN,NaN
2,NaN,NaN,NaN,NaN,NaN,NaN,NaN,NaN
3,NaN,NaN,NaN,NaN,NaN,NaN,NaN,NaN
4,NaN,NaN,NaN,NaN,NaN,NaN,NaN,NaN
5,NaN,NaN,NaN,NaN,NaN,NaN,NaN,NaN
6,NaN,NaN,NaN,NaN,NaN,NaN,NaN,NaN
7,NaN,NaN,NaN,NaN,NaN,NaN,NaN,NaN
8,NaN,NaN,NaN,NaN,NaN,NaN,NaN,NaN
9,NaN,NaN,NaN,NaN,NaN,NaN,NaN,NaN
10,NaN,NaN,NaN,NaN,NaN,NaN,NaN,NaN
11,NaN,NaN,NaN,NaN,NaN,NaN,NaN,NaN
1,NaN,NaN,NaN,NaN,NaN,NaN,NaN,NaN
2,NaN,NaN,NaN,NaN,NaN,NaN,NaN,NaN
3,NaN,NaN,NaN,NaN,NaN,NaN,NaN,NaN
4,NaN,NaN,NaN,NaN,NaN,NaN,NaN,NaN
5,NaN,NaN,NaN,NaN,NaN,NaN,NaN,NaN
6,NaN,NaN,NaN,NaN,NaN,NaN,NaN,NaN
7,NaN,NaN,NaN,NaN,NaN,NaN,NaN,NaN
8,NaN,NaN,NaN,NaN,NaN,NaN,NaN,NaN
9,NaN,NaN,NaN,NaN,NaN,NaN,NaN,NaN
10,NaN,NaN,NaN,NaN,NaN,NaN,NaN,NaN
11,NaN,NaN,NaN,NaN,NaN,NaN,NaN,NaN
1,NaN,NaN,NaN,NaN,NaN,NaN,NaN,NaN
2,NaN,NaN,NaN,NaN,NaN,NaN,NaN,NaN
3,NaN,NaN,NaN,NaN,NaN,NaN,NaN,NaN
4,NaN,NaN,NaN,NaN,NaN,NaN,NaN,NaN
5,NaN,NaN,NaN,NaN,NaN,NaN,NaN,NaN
6,NaN,NaN,NaN,NaN,NaN,NaN,NaN,NaN
7,NaN,NaN,NaN,NaN,NaN,NaN,NaN,NaN
8,NaN,NaN,NaN,NaN,NaN,NaN,NaN,NaN
9,NaN,NaN,NaN,NaN,NaN,NaN,NaN,NaN
10,NaN,NaN,NaN,NaN,NaN,NaN,NaN,NaN
11,NaN,NaN,NaN,NaN,NaN,NaN,NaN,NaN
1,NaN,NaN,NaN,NaN,NaN,NaN,NaN,NaN
2,NaN,NaN,NaN,NaN,NaN,NaN,NaN,NaN
3,NaN,NaN,NaN,NaN,NaN,NaN,NaN,NaN
4,NaN,NaN,NaN,NaN,NaN,NaN,NaN,NaN
5,NaN,NaN,NaN,NaN,NaN,NaN,NaN,NaN
6,NaN,NaN,NaN,NaN,NaN,NaN,NaN,NaN
7,NaN,NaN,NaN,NaN,NaN,NaN,NaN,NaN
8,NaN,NaN,NaN,NaN,NaN,NaN,NaN,NaN
9,NaN,NaN,NaN,NaN,NaN,NaN,NaN,NaN
10,NaN,NaN,NaN,NaN,NaN,NaN,NaN,NaN
11,NaN,NaN,NaN,NaN,NaN,NaN,NaN,NaN
1,NaN,NaN,NaN,NaN,NaN,NaN,NaN,NaN
2,NaN,NaN,NaN,NaN,NaN,NaN,NaN,NaN
3,NaN,NaN,NaN,NaN,NaN,NaN,NaN,NaN
4,NaN,NaN,NaN,NaN,NaN,NaN,NaN,NaN
5,NaN,NaN,NaN,NaN,NaN,NaN,NaN,NaN
6,NaN,NaN,NaN,NaN,NaN,NaN,NaN,NaN
7,NaN,NaN,NaN,NaN,NaN,NaN,NaN,NaN
8,NaN,NaN,NaN,NaN,NaN,NaN,NaN,NaN
9,NaN,NaN,NaN,NaN,NaN,NaN,NaN,NaN
10,NaN,NaN,NaN,NaN,NaN,NaN,NaN,NaN
11,NaN,NaN,NaN,NaN,NaN,NaN,NaN,NaN
1,NaN,NaN,NaN,NaN,NaN,NaN,NaN,NaN
2,NaN,NaN,NaN,NaN,NaN,NaN,NaN,NaN
3,NaN,NaN,NaN,NaN,NaN,NaN,NaN,NaN
4,NaN,NaN,NaN,NaN,NaN,NaN,NaN,NaN
5,NaN,NaN,NaN,NaN,NaN,NaN,NaN,NaN
6,NaN,NaN,NaN,NaN,NaN,NaN,NaN,NaN
7,NaN,NaN,NaN,NaN,NaN,NaN,NaN,NaN
8,NaN,NaN,NaN,NaN,NaN,NaN,NaN,NaN
9,NaN,NaN,NaN,NaN,NaN,NaN,NaN,NaN
10,NaN,NaN,NaN,NaN,NaN,NaN,NaN,NaN
11,NaN,NaN,NaN,NaN,NaN,NaN,NaN,NaN
1,NaN,NaN,NaN,NaN,NaN,NaN,NaN,NaN
2,NaN,NaN,NaN,NaN,NaN,NaN,NaN,NaN
3,NaN,NaN,NaN,NaN,NaN,NaN,NaN,NaN
4,NaN,NaN,NaN,NaN,NaN,NaN,NaN,NaN
5,NaN,NaN,NaN,NaN,NaN,NaN,NaN,NaN
6,NaN,NaN,NaN,NaN,NaN,NaN,NaN,NaN
7,NaN,NaN,NaN,NaN,NaN,NaN,NaN,NaN
8,NaN,NaN,NaN,NaN,NaN,NaN,NaN,NaN
9,NaN,NaN,NaN,NaN,NaN,NaN,NaN,NaN
10,NaN,NaN,NaN,NaN,NaN,NaN,NaN,NaN
11,NaN,NaN,NaN,NaN,NaN,NaN,NaN,NaN
1,NaN,NaN,NaN,NaN,NaN,NaN,NaN,NaN
2,NaN,NaN,NaN,NaN,NaN,NaN,NaN,NaN
3,NaN,NaN,NaN,NaN,NaN,NaN,NaN,NaN
4,NaN,NaN,NaN,NaN,NaN,NaN,NaN,NaN
5,NaN,NaN,NaN,NaN,NaN,NaN,NaN,NaN
6,NaN,NaN,NaN,NaN,NaN,NaN,NaN,NaN
7,NaN,NaN,NaN,NaN,NaN,NaN,NaN,NaN
8,NaN,NaN,NaN,NaN,NaN,NaN,NaN,NaN
9,NaN,NaN,NaN,NaN,NaN,NaN,NaN,NaN
10,NaN,NaN,NaN,NaN,NaN,NaN,NaN,NaN
11,NaN,NaN,NaN,NaN,NaN,NaN,NaN,NaN
1,NaN,NaN,NaN,NaN,NaN,NaN,NaN,NaN
2,NaN,NaN,NaN,NaN,NaN,NaN,NaN,NaN
3,NaN,NaN,NaN,NaN,NaN,NaN,NaN,NaN
4,NaN,NaN,NaN,NaN,NaN,NaN,NaN,NaN
5,NaN,NaN,NaN,NaN,NaN,NaN,NaN,NaN
6,NaN,NaN,NaN,NaN,NaN,NaN,NaN,NaN
7,NaN,NaN,NaN,NaN,NaN,NaN,NaN,NaN
8,NaN,NaN,NaN,NaN,NaN,NaN,NaN,NaN
9,NaN,NaN,NaN,NaN,NaN,NaN,NaN,NaN
10,NaN,NaN,NaN,NaN,NaN,NaN,NaN,NaN
11,NaN,NaN,NaN,NaN,NaN,NaN,NaN,NaN
1,NaN,NaN,NaN,NaN,NaN,NaN,NaN,NaN
2,NaN,NaN,NaN,NaN,NaN,NaN,NaN,NaN
3,NaN,NaN,NaN,NaN,NaN,NaN,NaN,NaN
4,NaN,NaN,NaN,NaN,NaN,NaN,NaN,NaN
5,NaN,NaN,NaN,NaN,NaN,NaN,NaN,NaN
6,NaN,NaN,NaN,NaN,NaN,NaN,NaN,NaN
7,NaN,NaN,NaN,NaN,NaN,NaN,NaN,NaN
8,NaN,NaN,NaN,NaN,NaN,NaN,NaN,NaN
9,NaN,NaN,NaN,NaN,NaN,NaN,NaN,NaN
10,NaN,NaN,NaN,NaN,NaN,NaN,NaN,NaN
11,NaN,NaN,NaN,NaN,NaN,NaN,NaN,NaN
1,NaN,NaN,NaN,NaN,NaN,NaN,NaN,NaN
2,NaN,NaN,NaN,NaN,NaN,NaN,NaN,NaN
3,NaN,NaN,NaN,NaN,NaN,NaN,NaN,NaN
4,NaN,NaN,NaN,NaN,NaN,NaN,NaN,NaN
5,NaN,NaN,NaN,NaN,NaN,NaN,NaN,NaN
6,NaN,NaN,NaN,NaN,NaN,NaN,NaN,NaN
7,NaN,NaN,NaN,NaN,NaN,NaN,NaN,NaN
8,NaN,NaN,NaN,NaN,NaN,NaN,NaN,NaN
9,NaN,NaN,NaN,NaN,NaN,NaN,NaN,NaN
10,NaN,NaN,NaN,NaN,NaN,NaN,NaN,NaN
11,NaN,NaN,NaN,NaN,NaN,NaN,NaN,NaN
1,NaN,NaN,NaN,NaN,NaN,NaN,NaN,NaN
2,NaN,NaN,NaN,NaN,NaN,NaN,NaN,NaN
3,NaN,NaN,NaN,NaN,NaN,NaN,NaN,NaN
4,NaN,NaN,NaN,NaN,NaN,NaN,NaN,NaN
5,NaN,NaN,NaN,NaN,NaN,NaN,NaN,NaN
6,NaN,NaN,NaN,NaN,NaN,NaN,NaN,NaN
7,NaN,NaN,NaN,NaN,NaN,NaN,NaN,NaN
8,NaN,NaN,NaN,NaN,NaN,NaN,NaN,NaN
9,NaN,NaN,NaN,NaN,NaN,NaN,NaN,NaN
10,NaN,NaN,NaN,NaN,NaN,NaN,NaN,NaN
11,NaN,NaN,NaN,NaN,NaN,NaN,NaN,NaN
1,NaN,NaN,NaN,NaN,NaN,NaN,NaN,NaN
2,NaN,NaN,NaN,NaN,NaN,NaN,NaN,NaN
3,NaN,NaN,NaN,NaN,NaN,NaN,NaN,NaN
4,NaN,NaN,NaN,NaN,NaN,NaN,NaN,NaN
5,NaN,NaN,NaN,NaN,NaN,NaN,NaN,NaN
6,NaN,NaN,NaN,NaN,NaN,NaN,NaN,NaN
7,NaN,NaN,NaN,NaN,NaN,NaN,NaN,NaN
8,NaN,NaN,NaN,NaN,NaN,NaN,NaN,NaN
9,NaN,NaN,NaN,NaN,NaN,NaN,NaN,NaN
10,NaN,NaN,NaN,NaN,NaN,NaN,NaN,NaN
11,NaN,NaN,NaN,NaN,NaN,NaN,NaN,NaN
1,NaN,NaN,NaN,NaN,NaN,NaN,NaN,NaN
2,NaN,NaN,NaN,NaN,NaN,NaN,NaN,NaN
3,NaN,NaN,NaN,NaN,NaN,NaN,NaN,NaN
4,NaN,NaN,NaN,NaN,NaN,NaN,NaN,NaN
5,NaN,NaN,NaN,NaN,NaN,NaN,NaN,NaN
6,NaN,NaN,NaN,NaN,NaN,NaN,NaN,NaN
7,NaN,NaN,NaN,NaN,NaN,NaN,NaN,NaN
8,NaN,NaN,NaN,NaN,NaN,NaN,NaN,NaN
9,NaN,NaN,NaN,NaN,NaN,NaN,NaN,NaN
10,NaN,NaN,NaN,NaN,NaN,NaN,NaN,NaN
11,NaN,NaN,NaN,NaN,NaN,NaN,NaN,NaN
1,NaN,NaN,NaN,NaN,NaN,NaN,NaN,NaN
2,NaN,NaN,NaN,NaN,NaN,NaN,NaN,NaN
3,NaN,NaN,NaN,NaN,NaN,NaN,NaN,NaN
4,NaN,NaN,NaN,NaN,NaN,NaN,NaN,NaN
5,NaN,NaN,NaN,NaN,NaN,NaN,NaN,NaN
6,NaN,NaN,NaN,NaN,NaN,NaN,NaN,NaN
7,NaN,NaN,NaN,NaN,NaN,NaN,NaN,NaN
8,NaN,NaN,NaN,NaN,NaN,NaN,NaN,NaN
9,NaN,NaN,NaN,NaN,NaN,NaN,NaN,NaN
10,NaN,NaN,NaN,NaN,NaN,NaN,NaN,NaN
11,NaN,NaN,NaN,NaN,NaN,NaN,NaN,NaN
1,NaN,NaN,NaN,NaN,NaN,NaN,NaN,NaN
2,NaN,NaN,NaN,NaN,NaN,NaN,NaN,NaN
3,NaN,NaN,NaN,NaN,NaN,NaN,NaN,NaN
4,NaN,NaN,NaN,NaN,NaN,NaN,NaN,NaN
5,NaN,NaN,NaN,NaN,NaN,NaN,NaN,NaN
6,NaN,NaN,NaN,NaN,NaN,NaN,NaN,NaN
7,NaN,NaN,NaN,NaN,NaN,NaN,NaN,NaN
8,NaN,NaN,NaN,NaN,NaN,NaN,NaN,NaN
9,NaN,NaN,NaN,NaN,NaN,NaN,NaN,NaN
10,NaN,NaN,NaN,NaN,NaN,NaN,NaN,NaN
11,NaN,NaN,NaN,NaN,NaN,NaN,NaN,NaN
1,NaN,NaN,NaN,NaN,NaN,NaN,NaN,NaN
2,NaN,NaN,NaN,NaN,NaN,NaN,NaN,NaN
3,NaN,NaN,NaN,NaN,NaN,NaN,NaN,NaN
4,NaN,NaN,NaN,NaN,NaN,NaN,NaN,NaN
5,NaN,NaN,NaN,NaN,NaN,NaN,NaN,NaN
6,NaN,NaN,NaN,NaN,NaN,NaN,NaN,NaN
7,NaN,NaN,NaN,NaN,NaN,NaN,NaN,NaN
8,NaN,NaN,NaN,NaN,NaN,NaN,NaN,NaN
9,NaN,NaN,NaN,NaN,NaN,NaN,NaN,NaN
10,NaN,NaN,NaN,NaN,NaN,NaN,NaN,NaN
11,NaN,NaN,NaN,NaN,NaN,NaN,NaN,NaN
1,NaN,NaN,NaN,NaN,NaN,NaN,NaN,NaN
2,NaN,NaN,NaN,NaN,NaN,NaN,NaN,NaN
3,NaN,NaN,NaN,NaN,NaN,NaN,NaN,NaN
4,NaN,NaN,NaN,NaN,NaN,NaN,NaN,NaN
5,NaN,NaN,NaN,NaN,NaN,NaN,NaN,NaN
6,NaN,NaN,NaN,NaN,NaN,NaN,NaN,NaN
7,NaN,NaN,NaN,NaN,NaN,NaN,NaN,NaN
8,NaN,NaN,NaN,NaN,NaN,NaN,NaN,NaN
9,NaN,NaN,NaN,NaN,NaN,NaN,NaN,NaN
10,NaN,NaN,NaN,NaN,NaN,NaN,NaN,NaN
11,NaN,NaN,NaN,NaN,NaN,NaN,NaN,NaN
1,NaN,NaN,NaN,NaN,NaN,NaN,NaN,NaN
2,NaN,NaN,NaN,NaN,NaN,NaN,NaN,NaN
3,NaN,NaN,NaN,NaN,NaN,NaN,NaN,NaN
4,NaN,NaN,NaN,NaN,NaN,NaN,NaN,NaN
5,NaN,NaN,NaN,NaN,NaN,NaN,NaN,NaN
6,NaN,NaN,NaN,NaN,NaN,NaN,NaN,NaN
7,NaN,NaN,NaN,NaN,NaN,NaN,NaN,NaN
8,NaN,NaN,NaN,NaN,NaN,NaN,NaN,NaN
9,NaN,NaN,NaN,NaN,NaN,NaN,NaN,NaN
10,NaN,NaN,NaN,NaN,NaN,NaN,NaN,NaN
11,NaN,NaN,NaN,NaN,NaN,NaN,NaN,NaN
1,NaN,NaN,NaN,NaN,NaN,NaN,NaN,NaN
2,NaN,NaN,NaN,NaN,NaN,NaN,NaN,NaN
3,NaN,NaN,NaN,NaN,NaN,NaN,NaN,NaN
4,NaN,NaN,NaN,NaN,NaN,NaN,NaN,NaN
5,NaN,NaN,NaN,NaN,NaN,NaN,NaN,NaN
6,NaN,NaN,NaN,NaN,NaN,NaN,NaN,NaN
7,NaN,NaN,NaN,NaN,NaN,NaN,NaN,NaN
8,NaN,NaN,NaN,NaN,NaN,NaN,NaN,NaN
9,NaN,NaN,NaN,NaN,NaN,NaN,NaN,NaN
10,NaN,NaN,NaN,NaN,NaN,NaN,NaN,NaN
11,NaN,NaN,NaN,NaN,NaN,NaN,NaN,NaN
1,NaN,NaN,NaN,NaN,NaN,NaN,NaN,NaN
2,NaN,NaN,NaN,NaN,NaN,NaN,NaN,NaN
3,NaN,NaN,NaN,NaN,NaN,NaN,NaN,NaN
4,NaN,NaN,NaN,NaN,NaN,NaN,NaN,NaN
5,NaN,NaN,NaN,NaN,NaN,NaN,NaN,NaN
6,NaN,NaN,NaN,NaN,NaN,NaN,NaN,NaN
7,NaN,NaN,NaN,NaN,NaN,NaN,NaN,NaN
8,NaN,NaN,NaN,NaN,NaN,NaN,NaN,NaN
9,NaN,NaN,NaN,NaN,NaN,NaN,NaN,NaN
10,NaN,NaN,NaN,NaN,NaN,NaN,NaN,NaN
11,NaN,NaN,NaN,NaN,NaN,NaN,NaN,NaN
1,NaN,NaN,NaN,NaN,NaN,NaN,NaN,NaN
2,NaN,NaN,NaN,NaN,NaN,NaN,NaN,NaN
3,NaN,NaN,NaN,NaN,NaN,NaN,NaN,NaN
4,NaN,NaN,NaN,NaN,NaN,NaN,NaN,NaN
5,NaN,NaN,NaN,NaN,NaN,NaN,NaN,NaN
6,NaN,NaN,NaN,NaN,NaN,NaN,NaN,NaN
7,NaN,NaN,NaN,NaN,NaN,NaN,NaN,NaN
8,NaN,NaN,NaN,NaN,NaN,NaN,NaN,NaN
9,NaN,NaN,NaN,NaN,NaN,NaN,NaN,NaN
10,NaN,NaN,NaN,NaN,NaN,NaN,NaN,NaN
11,NaN,NaN,NaN,NaN,NaN,NaN,NaN,NaN
1,NaN,NaN,NaN,NaN,NaN,NaN,NaN,NaN
2,NaN,NaN,NaN,NaN,NaN,NaN,NaN,NaN
3,NaN,NaN,NaN,NaN,NaN,NaN,NaN,NaN
4,NaN,NaN,NaN,NaN,NaN,NaN,NaN,NaN
5,NaN,NaN,NaN,NaN,NaN,NaN,NaN,NaN
6,NaN,NaN,NaN,NaN,NaN,NaN,NaN,NaN
7,NaN,NaN,NaN,NaN,NaN,NaN,NaN,NaN
8,NaN,NaN,NaN,NaN,NaN,NaN,NaN,NaN
9,NaN,NaN,NaN,NaN,NaN,NaN,NaN,NaN
10,NaN,NaN,NaN,NaN,NaN,NaN,NaN,NaN
11,NaN,NaN,NaN,NaN,NaN,NaN,NaN,NaN
1,NaN,NaN,NaN,NaN,NaN,NaN,NaN,NaN
2,NaN,NaN,NaN,NaN,NaN,NaN,NaN,NaN
3,NaN,NaN,NaN,NaN,NaN,NaN,NaN,NaN
4,NaN,NaN,NaN,NaN,NaN,NaN,NaN,NaN
5,NaN,NaN,NaN,NaN,NaN,NaN,NaN,NaN
6,NaN,NaN,NaN,NaN,NaN,NaN,NaN,NaN
7,NaN,NaN,NaN,NaN,NaN,NaN,NaN,NaN
8,NaN,NaN,NaN,NaN,NaN,NaN,NaN,NaN
9,NaN,NaN,NaN,NaN,NaN,NaN,NaN,NaN
10,NaN,NaN,NaN,NaN,NaN,NaN,NaN,NaN
11,NaN,NaN,NaN,NaN,NaN,NaN,NaN,NaN
1,NaN,NaN,NaN,NaN,NaN,NaN,NaN,NaN
2,NaN,NaN,NaN,NaN,NaN,NaN,NaN,NaN
3,NaN,NaN,NaN,NaN,NaN,NaN,NaN,NaN
4,NaN,NaN,NaN,NaN,NaN,NaN,NaN,NaN
5,NaN,NaN,NaN,NaN,NaN,NaN,NaN,NaN
6,NaN,NaN,NaN,NaN,NaN,NaN,NaN,NaN
7,NaN,NaN,NaN,NaN,NaN,NaN,NaN,NaN
8,NaN,NaN,NaN,NaN,NaN,NaN,NaN,NaN
9,NaN,NaN,NaN,NaN,NaN,NaN,NaN,NaN
10,NaN,NaN,NaN,NaN,NaN,NaN,NaN,NaN
11,NaN,NaN,NaN,NaN,NaN,NaN,NaN,NaN
1,NaN,NaN,NaN,NaN,NaN,NaN,NaN,NaN
2,NaN,NaN,NaN,NaN,NaN,NaN,NaN,NaN
3,NaN,NaN,NaN,NaN,NaN,NaN,NaN,NaN
4,NaN,NaN,NaN,NaN,NaN,NaN,NaN,NaN
5,NaN,NaN,NaN,NaN,NaN,NaN,NaN,NaN
6,NaN,NaN,NaN,NaN,NaN,NaN,NaN,NaN
7,NaN,NaN,NaN,NaN,NaN,NaN,NaN,NaN
8,NaN,NaN,NaN,NaN,NaN,NaN,NaN,NaN
9,NaN,NaN,NaN,NaN,NaN,NaN,NaN,NaN
10,NaN,NaN,NaN,NaN,NaN,NaN,NaN,NaN
11,NaN,NaN,NaN,NaN,NaN,NaN,NaN,NaN
1,NaN,NaN,NaN,NaN,NaN,NaN,NaN,NaN
2,NaN,NaN,NaN,NaN,NaN,NaN,NaN,NaN
3,NaN,NaN,NaN,NaN,NaN,NaN,NaN,NaN
4,NaN,NaN,NaN,NaN,NaN,NaN,NaN,NaN
5,NaN,NaN,NaN,NaN,NaN,NaN,NaN,NaN
6,NaN,NaN,NaN,NaN,NaN,NaN,NaN,NaN
7,NaN,NaN,NaN,NaN,NaN,NaN,NaN,NaN
8,NaN,NaN,NaN,NaN,NaN,NaN,NaN,NaN
9,NaN,NaN,NaN,NaN,NaN,NaN,NaN,NaN
10,NaN,NaN,NaN,NaN,NaN,NaN,NaN,NaN
11,NaN,NaN,NaN,NaN,NaN,NaN,NaN,NaN
1,NaN,NaN,NaN,NaN,NaN,NaN,NaN,NaN
2,NaN,NaN,NaN,NaN,NaN,NaN,NaN,NaN
3,NaN,NaN,NaN,NaN,NaN,NaN,NaN,NaN
4,NaN,NaN,NaN,NaN,NaN,NaN,NaN,NaN
5,NaN,NaN,NaN,NaN,NaN,NaN,NaN,NaN
6,NaN,NaN,NaN,NaN,NaN,NaN,NaN,NaN
7,NaN,NaN,NaN,NaN,NaN,NaN,NaN,NaN
8,NaN,NaN,NaN,NaN,NaN,NaN,NaN,NaN
9,NaN,NaN,NaN,NaN,NaN,NaN,NaN,NaN
10,NaN,NaN,NaN,NaN,NaN,NaN,NaN,NaN
11,NaN,NaN,NaN,NaN,NaN,NaN,NaN,NaN
1,NaN,NaN,NaN,NaN,NaN,NaN,NaN,NaN
2,NaN,NaN,NaN,NaN,NaN,NaN,NaN,NaN
3,NaN,NaN,NaN,NaN,NaN,NaN,NaN,NaN
4,NaN,NaN,NaN,NaN,NaN,NaN,NaN,NaN
5,NaN,NaN,NaN,NaN,NaN,NaN,NaN,NaN
6,NaN,NaN,NaN,NaN,NaN,NaN,NaN,NaN
7,NaN,NaN,NaN,NaN,NaN,NaN,NaN,NaN
8,NaN,NaN,NaN,NaN,NaN,NaN,NaN,NaN
9,NaN,NaN,NaN,NaN,NaN,NaN,NaN,NaN
10,NaN,NaN,NaN,NaN,NaN,NaN,NaN,NaN
11,NaN,NaN,NaN,NaN,NaN,NaN,NaN,NaN
1,NaN,NaN,NaN,NaN,NaN,NaN,NaN,NaN
2,NaN,NaN,NaN,NaN,NaN,NaN,NaN,NaN
3,NaN,NaN,NaN,NaN,NaN,NaN,NaN,NaN
4,NaN,NaN,NaN,NaN,NaN,NaN,NaN,NaN
5,NaN,NaN,NaN,NaN,NaN,NaN,NaN,NaN
6,NaN,NaN,NaN,NaN,NaN,NaN,NaN,NaN
7,NaN,NaN,NaN,NaN,NaN,NaN,NaN,NaN
8,NaN,NaN,NaN,NaN,NaN,NaN,NaN,NaN
9,NaN,NaN,NaN,NaN,NaN,NaN,NaN,NaN
10,NaN,NaN,NaN,NaN,NaN,NaN,NaN,NaN
11,NaN,NaN,NaN,NaN,NaN,NaN,NaN,NaN
1,NaN,NaN,NaN,NaN,NaN,NaN,NaN,NaN
2,NaN,NaN,NaN,NaN,NaN,NaN,NaN,NaN
3,NaN,NaN,NaN,NaN,NaN,NaN,NaN,NaN
4,NaN,NaN,NaN,NaN,NaN,NaN,NaN,NaN
5,NaN,NaN,NaN,NaN,NaN,NaN,NaN,NaN
6,NaN,NaN,NaN,NaN,NaN,NaN,NaN,NaN
7,NaN,NaN,NaN,NaN,NaN,NaN,NaN,NaN
8,NaN,NaN,NaN,NaN,NaN,NaN,NaN,NaN
9,NaN,NaN,NaN,NaN,NaN,NaN,NaN,NaN
10,NaN,NaN,NaN,NaN,NaN,NaN,NaN,NaN
11,NaN,NaN,NaN,NaN,NaN,NaN,NaN,NaN
1,NaN,NaN,NaN,NaN,NaN,NaN,NaN,NaN
2,NaN,NaN,NaN,NaN,NaN,NaN,NaN,NaN
3,NaN,NaN,NaN,NaN,NaN,NaN,NaN,NaN
4,NaN,NaN,NaN,NaN,NaN,NaN,NaN,NaN
5,NaN,NaN,NaN,NaN,NaN,NaN,NaN,NaN
6,NaN,NaN,NaN,NaN,NaN,NaN,NaN,NaN
7,NaN,NaN,NaN,NaN,NaN,NaN,NaN,NaN
8,NaN,NaN,NaN,NaN,NaN,NaN,NaN,NaN
9,NaN,NaN,NaN,NaN,NaN,NaN,NaN,NaN
10,NaN,NaN,NaN,NaN,NaN,NaN,NaN,NaN
11,NaN,NaN,NaN,NaN,NaN,NaN,NaN,NaN
1,NaN,NaN,NaN,NaN,NaN,NaN,NaN,NaN
2,NaN,NaN,NaN,NaN,NaN,NaN,NaN,NaN
3,NaN,NaN,NaN,NaN,NaN,NaN,NaN,NaN
4,NaN,NaN,NaN,NaN,NaN,NaN,NaN,NaN
5,NaN,NaN,NaN,NaN,NaN,NaN,NaN,NaN
6,NaN,NaN,NaN,NaN,NaN,NaN,NaN,NaN
7,NaN,NaN,NaN,NaN,NaN,NaN,NaN,NaN
8,NaN,NaN,NaN,NaN,NaN,NaN,NaN,NaN
9,NaN,NaN,NaN,NaN,NaN,NaN,NaN,NaN
10,NaN,NaN,NaN,NaN,NaN,NaN,NaN,NaN
11,NaN,NaN,NaN,NaN,NaN,NaN,NaN,NaN
1,NaN,NaN,NaN,NaN,NaN,NaN,NaN,NaN
2,NaN,NaN,NaN,NaN,NaN,NaN,NaN,NaN
3,NaN,NaN,NaN,NaN,NaN,NaN,NaN,NaN
4,NaN,NaN,NaN,NaN,NaN,NaN,NaN,NaN
5,NaN,NaN,NaN,NaN,NaN,NaN,NaN,NaN
6,NaN,NaN,NaN,NaN,NaN,NaN,NaN,NaN
7,NaN,NaN,NaN,NaN,NaN,NaN,NaN,NaN
8,NaN,NaN,NaN,NaN,NaN,NaN,NaN,NaN
9,NaN,NaN,NaN,NaN,NaN,NaN,NaN,NaN
10,NaN,NaN,NaN,NaN,NaN,NaN,NaN,NaN
11,NaN,NaN,NaN,NaN,NaN,NaN,NaN,NaN
1,NaN,NaN,NaN,NaN,NaN,NaN,NaN,NaN
2,NaN,NaN,NaN,NaN,NaN,NaN,NaN,NaN
3,NaN,NaN,NaN,NaN,NaN,NaN,NaN,NaN
4,NaN,NaN,NaN,NaN,NaN,NaN,NaN,NaN
5,NaN,NaN,NaN,NaN,NaN,NaN,NaN,NaN
6,NaN,NaN,NaN,NaN,NaN,NaN,NaN,NaN
7,NaN,NaN,NaN,NaN,NaN,NaN,NaN,NaN
8,NaN,NaN,NaN,NaN,NaN,NaN,NaN,NaN
9,NaN,NaN,NaN,NaN,NaN,NaN,NaN,NaN
10,NaN,NaN,NaN,NaN,NaN,NaN,NaN,NaN
11,NaN,NaN,NaN,NaN,NaN,NaN,NaN,NaN
1,NaN,NaN,NaN,NaN,NaN,NaN,NaN,NaN
2,NaN,NaN,NaN,NaN,NaN,NaN,NaN,NaN
3,NaN,NaN,NaN,NaN,NaN,NaN,NaN,NaN
4,NaN,NaN,NaN,NaN,NaN,NaN,NaN,NaN
5,NaN,NaN,NaN,NaN,NaN,NaN,NaN,NaN
6,NaN,NaN,NaN,NaN,NaN,NaN,NaN,NaN
7,NaN,NaN,NaN,NaN,NaN,NaN,NaN,NaN
8,NaN,NaN,NaN,NaN,NaN,NaN,NaN,NaN
9,NaN,NaN,NaN,NaN,NaN,NaN,NaN,NaN
10,NaN,NaN,NaN,NaN,NaN,NaN,NaN,NaN
11,NaN,NaN,NaN,NaN,NaN,NaN,NaN,NaN
1,NaN,NaN,NaN,NaN,NaN,NaN,NaN,NaN
2,NaN,NaN,NaN,NaN,NaN,NaN,NaN,NaN
3,NaN,NaN,NaN,NaN,NaN,NaN,NaN,NaN
4,NaN,NaN,NaN,NaN,NaN,NaN,NaN,NaN
5,NaN,NaN,NaN,NaN,NaN,NaN,NaN,NaN
6,NaN,NaN,NaN,NaN,NaN,NaN,NaN,NaN
7,NaN,NaN,NaN,NaN,NaN,NaN,NaN,NaN
8,NaN,NaN,NaN,NaN,NaN,NaN,NaN,NaN
9,NaN,NaN,NaN,NaN,NaN,NaN,NaN,NaN
10,NaN,NaN,NaN,NaN,NaN,NaN,NaN,NaN
11,NaN,NaN,NaN,NaN,NaN,NaN,NaN,NaN
1,NaN,NaN,NaN,NaN,NaN,NaN,NaN,NaN
2,NaN,NaN,NaN,NaN,NaN,NaN,NaN,NaN
3,NaN,NaN,NaN,NaN,NaN,NaN,NaN,NaN
4,NaN,NaN,NaN,NaN,NaN,NaN,NaN,NaN
5,NaN,NaN,NaN,NaN,NaN,NaN,NaN,NaN
6,NaN,NaN,NaN,NaN,NaN,NaN,NaN,NaN
7,NaN,NaN,NaN,NaN,NaN,NaN,NaN,NaN
8,NaN,NaN,NaN,NaN,NaN,NaN,NaN,NaN
9,NaN,NaN,NaN,NaN,NaN,NaN,NaN,NaN
10,NaN,NaN,NaN,NaN,NaN,NaN,NaN,NaN
11,NaN,NaN,NaN,NaN,NaN,NaN,NaN,NaN
1,NaN,NaN,NaN,NaN,NaN,NaN,NaN,NaN
2,NaN,NaN,NaN,NaN,NaN,NaN,NaN,NaN
3,NaN,NaN,NaN,NaN,NaN,NaN,NaN,NaN
4,NaN,NaN,NaN,NaN,NaN,NaN,NaN,NaN
5,NaN,NaN,NaN,NaN,NaN,NaN,NaN,NaN
6,NaN,NaN,NaN,NaN,NaN,NaN,NaN,NaN
7,NaN,NaN,NaN,NaN,NaN,NaN,NaN,NaN
8,NaN,NaN,NaN,NaN,NaN,NaN,NaN,NaN
9,NaN,NaN,NaN,NaN,NaN,NaN,NaN,NaN
10,NaN,NaN,NaN,NaN,NaN,NaN,NaN,NaN
11,NaN,NaN,NaN,NaN,NaN,NaN,NaN,NaN
1,NaN,NaN,NaN,NaN,NaN,NaN,NaN,NaN
2,NaN,NaN,NaN,NaN,NaN,NaN,NaN,NaN
3,NaN,NaN,NaN,NaN,NaN,NaN,NaN,NaN
4,NaN,NaN,NaN,NaN,NaN,NaN,NaN,NaN
5,NaN,NaN,NaN,NaN,NaN,NaN,NaN,NaN
6,NaN,NaN,NaN,NaN,NaN,NaN,NaN,NaN
7,NaN,NaN,NaN,NaN,NaN,NaN,NaN,NaN
8,NaN,NaN,NaN,NaN,NaN,NaN,NaN,NaN
9,NaN,NaN,NaN,NaN,NaN,NaN,NaN,NaN
10,NaN,NaN,NaN,NaN,NaN,NaN,NaN,NaN
11,NaN,NaN,NaN,NaN,NaN,NaN,NaN,NaN
1,NaN,NaN,NaN,NaN,NaN,NaN,NaN,NaN
2,NaN,NaN,NaN,NaN,NaN,NaN,NaN,NaN
3,NaN,NaN,NaN,NaN,NaN,NaN,NaN,NaN
4,NaN,NaN,NaN,NaN,NaN,NaN,NaN,NaN
5,NaN,NaN,NaN,NaN,NaN,NaN,NaN,NaN
6,NaN,NaN,NaN,NaN,NaN,NaN,NaN,NaN
7,NaN,NaN,NaN,NaN,NaN,NaN,NaN,NaN
8,NaN,NaN,NaN,NaN,NaN,NaN,NaN,NaN
9,NaN,NaN,NaN,NaN,NaN,NaN,NaN,NaN
10,NaN,NaN,NaN,NaN,NaN,NaN,NaN,NaN
11,NaN,NaN,NaN,NaN,NaN,NaN,NaN,NaN
1,NaN,NaN,NaN,NaN,NaN,NaN,NaN,NaN
2,NaN,NaN,NaN,NaN,NaN,NaN,NaN,NaN
3,NaN,NaN,NaN,NaN,NaN,NaN,NaN,NaN
4,NaN,NaN,NaN,NaN,NaN,NaN,NaN,NaN
5,NaN,NaN,NaN,NaN,NaN,NaN,NaN,NaN
6,NaN,NaN,NaN,NaN,NaN,NaN,NaN,NaN
7,NaN,NaN,NaN,NaN,NaN,NaN,NaN,NaN
8,NaN,NaN,NaN,NaN,NaN,NaN,NaN,NaN
9,NaN,NaN,NaN,NaN,NaN,NaN,NaN,NaN
10,NaN,NaN,NaN,NaN,NaN,NaN,NaN,NaN
11,NaN,NaN,NaN,NaN,NaN,NaN,NaN,NaN
1,NaN,NaN,NaN,NaN,NaN,NaN,NaN,NaN
2,NaN,NaN,NaN,NaN,NaN,NaN,NaN,NaN
3,NaN,NaN,NaN,NaN,NaN,NaN,NaN,NaN
4,NaN,NaN,NaN,NaN,NaN,NaN,NaN,NaN
5,NaN,NaN,NaN,NaN,NaN,NaN,NaN,NaN
6,NaN,NaN,NaN,NaN,NaN,NaN,NaN,NaN
7,NaN,NaN,NaN,NaN,NaN,NaN,NaN,NaN
8,NaN,NaN,NaN,NaN,NaN,NaN,NaN,NaN
9,NaN,NaN,NaN,NaN,NaN,NaN,NaN,NaN
10,NaN,NaN,NaN,NaN,NaN,NaN,NaN,NaN
11,NaN,NaN,NaN,NaN,NaN,NaN,NaN,NaN
1,NaN,NaN,NaN,NaN,NaN,NaN,NaN,NaN
2,NaN,NaN,NaN,NaN,NaN,NaN,NaN,NaN
3,NaN,NaN,NaN,NaN,NaN,NaN,NaN,NaN
4,NaN,NaN,NaN,NaN,NaN,NaN,NaN,NaN
5,NaN,NaN,NaN,NaN,NaN,NaN,NaN,NaN
6,NaN,NaN,NaN,NaN,NaN,NaN,NaN,NaN
7,NaN,NaN,NaN,NaN,NaN,NaN,NaN,NaN
8,NaN,NaN,NaN,NaN,NaN,NaN,NaN,NaN
9,NaN,NaN,NaN,NaN,NaN,NaN,NaN,NaN
10,NaN,NaN,NaN,NaN,NaN,NaN,NaN,NaN
11,NaN,NaN,NaN,NaN,NaN,NaN,NaN,NaN
1,NaN,NaN,NaN,NaN,NaN,NaN,NaN,NaN
2,NaN,NaN,NaN,NaN,NaN,NaN,NaN,NaN
3,NaN,NaN,NaN,NaN,NaN,NaN,NaN,NaN
4,NaN,NaN,NaN,NaN,NaN,NaN,NaN,NaN
5,NaN,NaN,NaN,NaN,NaN,NaN,NaN,NaN
6,NaN,NaN,NaN,NaN,NaN,NaN,NaN,NaN
7,NaN,NaN,NaN,NaN,NaN,NaN,NaN,NaN
8,NaN,NaN,NaN,NaN,NaN,NaN,NaN,NaN
9,NaN,NaN,NaN,NaN,NaN,NaN,NaN,NaN
10,NaN,NaN,NaN,NaN,NaN,NaN,NaN,NaN
11,NaN,NaN,NaN,NaN,NaN,NaN,NaN,NaN
1,NaN,NaN,NaN,NaN,NaN,NaN,NaN,NaN
2,NaN,NaN,NaN,NaN,NaN,NaN,NaN,NaN
3,NaN,NaN,NaN,NaN,NaN,NaN,NaN,NaN
4,NaN,NaN,NaN,NaN,NaN,NaN,NaN,NaN
5,NaN,NaN,NaN,NaN,NaN,NaN,NaN,NaN
6,NaN,NaN,NaN,NaN,NaN,NaN,NaN,NaN
7,NaN,NaN,NaN,NaN,NaN,NaN,NaN,NaN
8,NaN,NaN,NaN,NaN,NaN,NaN,NaN,NaN
9,NaN,NaN,NaN,NaN,NaN,NaN,NaN,NaN
10,NaN,NaN,NaN,NaN,NaN,NaN,NaN,NaN
11,NaN,NaN,NaN,NaN,NaN,NaN,NaN,NaN
1,NaN,NaN,NaN,NaN,NaN,NaN,NaN,NaN
2,NaN,NaN,NaN,NaN,NaN,NaN,NaN,NaN
3,NaN,NaN,NaN,NaN,NaN,NaN,NaN,NaN
4,NaN,NaN,NaN,NaN,NaN,NaN,NaN,NaN
5,NaN,NaN,NaN,NaN,NaN,NaN,NaN,NaN
6,NaN,NaN,NaN,NaN,NaN,NaN,NaN,NaN
7,NaN,NaN,NaN,NaN,NaN,NaN,NaN,NaN
8,NaN,NaN,NaN,NaN,NaN,NaN,NaN,NaN
9,NaN,NaN,NaN,NaN,NaN,NaN,NaN,NaN
10,NaN,NaN,NaN,NaN,NaN,NaN,NaN,NaN
11,NaN,NaN,NaN,NaN,NaN,NaN,NaN,NaN
1,NaN,NaN,NaN,NaN,NaN,NaN,NaN,NaN
2,NaN,NaN,NaN,NaN,NaN,NaN,NaN,NaN
3,NaN,NaN,NaN,NaN,NaN,NaN,NaN,NaN
4,NaN,NaN,NaN,NaN,NaN,NaN,NaN,NaN
5,NaN,NaN,NaN,NaN,NaN,NaN,NaN,NaN
6,NaN,NaN,NaN,NaN,NaN,NaN,NaN,NaN
7,NaN,NaN,NaN,NaN,NaN,NaN,NaN,NaN
8,NaN,NaN,NaN,NaN,NaN,NaN,NaN,NaN
9,NaN,NaN,NaN,NaN,NaN,NaN,NaN,NaN
10,NaN,NaN,NaN,NaN,NaN,NaN,NaN,NaN
11,NaN,NaN,NaN,NaN,NaN,NaN,NaN,NaN
1,NaN,NaN,NaN,NaN,NaN,NaN,NaN,NaN
2,NaN,NaN,NaN,NaN,NaN,NaN,NaN,NaN
3,NaN,NaN,NaN,NaN,NaN,NaN,NaN,NaN
4,NaN,NaN,NaN,NaN,NaN,NaN,NaN,NaN
5,NaN,NaN,NaN,NaN,NaN,NaN,NaN,NaN
6,NaN,NaN,NaN,NaN,NaN,NaN,NaN,NaN
7,NaN,NaN,NaN,NaN,NaN,NaN,NaN,NaN
8,NaN,NaN,NaN,NaN,NaN,NaN,NaN,NaN
9,NaN,NaN,NaN,NaN,NaN,NaN,NaN,NaN
10,NaN,NaN,NaN,NaN,NaN,NaN,NaN,NaN
11,NaN,NaN,NaN,NaN,NaN,NaN,NaN,NaN
1,NaN,NaN,NaN,NaN,NaN,NaN,NaN,NaN
2,NaN,NaN,NaN,NaN,NaN,NaN,NaN,NaN
3,NaN,NaN,NaN,NaN,NaN,NaN,NaN,NaN
4,NaN,NaN,NaN,NaN,NaN,NaN,NaN,NaN
5,NaN,NaN,NaN,NaN,NaN,NaN,NaN,NaN
6,NaN,NaN,NaN,NaN,NaN,NaN,NaN,NaN
7,NaN,NaN,NaN,NaN,NaN,NaN,NaN,NaN
8,NaN,NaN,NaN,NaN,NaN,NaN,NaN,NaN
9,NaN,NaN,NaN,NaN,NaN,NaN,NaN,NaN
10,NaN,NaN,NaN,NaN,NaN,NaN,NaN,NaN
11,NaN,NaN,NaN,NaN,NaN,NaN,NaN,NaN
1,NaN,NaN,NaN,NaN,NaN,NaN,NaN,NaN
2,NaN,NaN,NaN,NaN,NaN,NaN,NaN,NaN
3,NaN,NaN,NaN,NaN,NaN,NaN,NaN,NaN
4,NaN,NaN,NaN,NaN,NaN,NaN,NaN,NaN
5,NaN,NaN,NaN,NaN,NaN,NaN,NaN,NaN
6,NaN,NaN,NaN,NaN,NaN,NaN,NaN,NaN
7,NaN,NaN,NaN,NaN,NaN,NaN,NaN,NaN
8,NaN,NaN,NaN,NaN,NaN,NaN,NaN,NaN
9,NaN,NaN,NaN,NaN,NaN,NaN,NaN,NaN
10,NaN,NaN,NaN,NaN,NaN,NaN,NaN,NaN
11,NaN,NaN,NaN,NaN,NaN,NaN,NaN,NaN
1,NaN,NaN,NaN,NaN,NaN,NaN,NaN,NaN
2,NaN,NaN,NaN,NaN,NaN,NaN,NaN,NaN
3,NaN,NaN,NaN,NaN,NaN,NaN,NaN,NaN
4,NaN,NaN,NaN,NaN,NaN,NaN,NaN,NaN
5,NaN,NaN,NaN,NaN,NaN,NaN,NaN,NaN
6,NaN,NaN,NaN,NaN,NaN,NaN,NaN,NaN
7,NaN,NaN,NaN,NaN,NaN,NaN,NaN,NaN
8,NaN,NaN,NaN,NaN,NaN,NaN,NaN,NaN
9,NaN,NaN,NaN,NaN,NaN,NaN,NaN,NaN
10,NaN,NaN,NaN,NaN,NaN,NaN,NaN,NaN
11,NaN,NaN,NaN,NaN,NaN,NaN,NaN,NaN
1,NaN,NaN,NaN,NaN,NaN,NaN,NaN,NaN
2,NaN,NaN,NaN,NaN,NaN,NaN,NaN,NaN
3,NaN,NaN,NaN,NaN,NaN,NaN,NaN,NaN
4,NaN,NaN,NaN,NaN,NaN,NaN,NaN,NaN
5,NaN,NaN,NaN,NaN,NaN,NaN,NaN,NaN
6,NaN,NaN,NaN,NaN,NaN,NaN,NaN,NaN
7,NaN,NaN,NaN,NaN,NaN,NaN,NaN,NaN
8,NaN,NaN,NaN,NaN,NaN,NaN,NaN,NaN
9,NaN,NaN,NaN,NaN,NaN,NaN,NaN,NaN
10,NaN,NaN,NaN,NaN,NaN,NaN,NaN,NaN
11,NaN,NaN,NaN,NaN,NaN,NaN,NaN,NaN
1,NaN,NaN,NaN,NaN,NaN,NaN,NaN,NaN
2,NaN,NaN,NaN,NaN,NaN,NaN,NaN,NaN
3,NaN,NaN,NaN,NaN,NaN,NaN,NaN,NaN
4,NaN,NaN,NaN,NaN,NaN,NaN,NaN,NaN
5,NaN,NaN,NaN,NaN,NaN,NaN,NaN,NaN
6,NaN,NaN,NaN,NaN,NaN,NaN,NaN,NaN
7,NaN,NaN,NaN,NaN,NaN,NaN,NaN,NaN
8,NaN,NaN,NaN,NaN,NaN,NaN,NaN,NaN
9,NaN,NaN,NaN,NaN,NaN,NaN,NaN,NaN
10,NaN,NaN,NaN,NaN,NaN,NaN,NaN,NaN
11,NaN,NaN,NaN,NaN,NaN,NaN,NaN,NaN
1,NaN,NaN,NaN,NaN,NaN,NaN,NaN,NaN
2,NaN,NaN,NaN,NaN,NaN,NaN,NaN,NaN
3,NaN,NaN,NaN,NaN,NaN,NaN,NaN,NaN
4,NaN,NaN,NaN,NaN,NaN,NaN,NaN,NaN
5,NaN,NaN,NaN,NaN,NaN,NaN,NaN,NaN
6,NaN,NaN,NaN,NaN,NaN,NaN,NaN,NaN
7,NaN,NaN,NaN,NaN,NaN,NaN,NaN,NaN
8,NaN,NaN,NaN,NaN,NaN,NaN,NaN,NaN
9,NaN,NaN,NaN,NaN,NaN,NaN,NaN,NaN
10,NaN,NaN,NaN,NaN,NaN,NaN,NaN,NaN
11,NaN,NaN,NaN,NaN,NaN,NaN,NaN,NaN
1,NaN,NaN,NaN,NaN,NaN,NaN,NaN,NaN
2,NaN,NaN,NaN,NaN,NaN,NaN,NaN,NaN
3,NaN,NaN,NaN,NaN,NaN,NaN,NaN,NaN
4,NaN,NaN,NaN,NaN,NaN,NaN,NaN,NaN
5,NaN,NaN,NaN,NaN,NaN,NaN,NaN,NaN
6,NaN,NaN,NaN,NaN,NaN,NaN,NaN,NaN
7,NaN,NaN,NaN,NaN,NaN,NaN,NaN,NaN
8,NaN,NaN,NaN,NaN,NaN,NaN,NaN,NaN
9,NaN,NaN,NaN,NaN,NaN,NaN,NaN,NaN
10,NaN,NaN,NaN,NaN,NaN,NaN,NaN,NaN
11,NaN,NaN,NaN,NaN,NaN,NaN,NaN,NaN
1,NaN,NaN,NaN,NaN,NaN,NaN,NaN,NaN
2,NaN,NaN,NaN,NaN,NaN,NaN,NaN,NaN
3,NaN,NaN,NaN,NaN,NaN,NaN,NaN,NaN
4,NaN,NaN,NaN,NaN,NaN,NaN,NaN,NaN
5,NaN,NaN,NaN,NaN,NaN,NaN,NaN,NaN
6,NaN,NaN,NaN,NaN,NaN,NaN,NaN,NaN
7,NaN,NaN,NaN,NaN,NaN,NaN,NaN,NaN
8,NaN,NaN,NaN,NaN,NaN,NaN,NaN,NaN
9,NaN,NaN,NaN,NaN,NaN,NaN,NaN,NaN
10,NaN,NaN,NaN,NaN,NaN,NaN,NaN,NaN
11,NaN,NaN,NaN,NaN,NaN,NaN,NaN,NaN
1,NaN,NaN,NaN,NaN,NaN,NaN,NaN,NaN
2,NaN,NaN,NaN,NaN,NaN,NaN,NaN,NaN
3,NaN,NaN,NaN,NaN,NaN,NaN,NaN,NaN
4,NaN,NaN,NaN,NaN,NaN,NaN,NaN,NaN
5,NaN,NaN,NaN,NaN,NaN,NaN,NaN,NaN
6,NaN,NaN,NaN,NaN,NaN,NaN,NaN,NaN
7,NaN,NaN,NaN,NaN,NaN,NaN,NaN,NaN
8,NaN,NaN,NaN,NaN,NaN,NaN,NaN,NaN
9,NaN,NaN,NaN,NaN,NaN,NaN,NaN,NaN
10,NaN,NaN,NaN,NaN,NaN,NaN,NaN,NaN
11,NaN,NaN,NaN,NaN,NaN,NaN,NaN,NaN
1,NaN,NaN,NaN,NaN,NaN,NaN,NaN,NaN
2,NaN,NaN,NaN,NaN,NaN,NaN,NaN,NaN
3,NaN,NaN,NaN,NaN,NaN,NaN,NaN,NaN
4,NaN,NaN,NaN,NaN,NaN,NaN,NaN,NaN
5,NaN,NaN,NaN,NaN,NaN,NaN,NaN,NaN
6,NaN,NaN,NaN,NaN,NaN,NaN,NaN,NaN
7,NaN,NaN,NaN,NaN,NaN,NaN,NaN,NaN
8,NaN,NaN,NaN,NaN,NaN,NaN,NaN,NaN
9,NaN,NaN,NaN,NaN,NaN,NaN,NaN,NaN
10,NaN,NaN,NaN,NaN,NaN,NaN,NaN,NaN
11,NaN,NaN,NaN,NaN,NaN,NaN,NaN,NaN
1,NaN,NaN,NaN,NaN,NaN,NaN,NaN,NaN
2,NaN,NaN,NaN,NaN,NaN,NaN,NaN,NaN
3,NaN,NaN,NaN,NaN,NaN,NaN,NaN,NaN
4,NaN,NaN,NaN,NaN,NaN,NaN,NaN,NaN
5,NaN,NaN,NaN,NaN,NaN,NaN,NaN,NaN
6,NaN,NaN,NaN,NaN,NaN,NaN,NaN,NaN
7,NaN,NaN,NaN,NaN,NaN,NaN,NaN,NaN
8,NaN,NaN,NaN,NaN,NaN,NaN,NaN,NaN
9,NaN,NaN,NaN,NaN,NaN,NaN,NaN,NaN
10,NaN,NaN,NaN,NaN,NaN,NaN,NaN,NaN
11,NaN,NaN,NaN,NaN,NaN,NaN,NaN,NaN
1,NaN,NaN,NaN,NaN,NaN,NaN,NaN,NaN
2,NaN,NaN,NaN,NaN,NaN,NaN,NaN,NaN
3,NaN,NaN,NaN,NaN,NaN,NaN,NaN,NaN
4,NaN,NaN,NaN,NaN,NaN,NaN,NaN,NaN
5,NaN,NaN,NaN,NaN,NaN,NaN,NaN,NaN
6,NaN,NaN,NaN,NaN,NaN,NaN,NaN,NaN
7,NaN,NaN,NaN,NaN,NaN,NaN,NaN,NaN
8,NaN,NaN,NaN,NaN,NaN,NaN,NaN,NaN
9,NaN,NaN,NaN,NaN,NaN,NaN,NaN,NaN
10,NaN,NaN,NaN,NaN,NaN,NaN,NaN,NaN
11,NaN,NaN,NaN,NaN,NaN,NaN,NaN,NaN
1,NaN,NaN,NaN,NaN,NaN,NaN,NaN,NaN
2,NaN,NaN,NaN,NaN,NaN,NaN,NaN,NaN
3,NaN,NaN,NaN,NaN,NaN,NaN,NaN,NaN
4,NaN,NaN,NaN,NaN,NaN,NaN,NaN,NaN
5,NaN,NaN,NaN,NaN,NaN,NaN,NaN,NaN
6,NaN,NaN,NaN,NaN,NaN,NaN,NaN,NaN
7,NaN,NaN,NaN,NaN,NaN,NaN,NaN,NaN
8,NaN,NaN,NaN,NaN,NaN,NaN,NaN,NaN
9,NaN,NaN,NaN,NaN,NaN,NaN,NaN,NaN
10,NaN,NaN,NaN,NaN,NaN,NaN,NaN,NaN
11,NaN,NaN,NaN,NaN,NaN,NaN,NaN,NaN
1,NaN,NaN,NaN,NaN,NaN,NaN,NaN,NaN
2,NaN,NaN,NaN,NaN,NaN,NaN,NaN,NaN
3,NaN,NaN,NaN,NaN,NaN,NaN,NaN,NaN
4,NaN,NaN,NaN,NaN,NaN,NaN,NaN,NaN
5,NaN,NaN,NaN,NaN,NaN,NaN,NaN,NaN
6,NaN,NaN,NaN,NaN,NaN,NaN,NaN,NaN
7,NaN,NaN,NaN,NaN,NaN,NaN,NaN,NaN
8,NaN,NaN,NaN,NaN,NaN,NaN,NaN,NaN
9,NaN,NaN,NaN,NaN,NaN,NaN,NaN,NaN
10,NaN,NaN,NaN,NaN,NaN,NaN,NaN,NaN
11,NaN,NaN,NaN,NaN,NaN,NaN,NaN,NaN
1,NaN,NaN,NaN,NaN,NaN,NaN,NaN,NaN
2,NaN,NaN,NaN,NaN,NaN,NaN,NaN,NaN
3,NaN,NaN,NaN,NaN,NaN,NaN,NaN,NaN
4,NaN,NaN,NaN,NaN,NaN,NaN,NaN,NaN
5,NaN,NaN,NaN,NaN,NaN,NaN,NaN,NaN
6,NaN,NaN,NaN,NaN,NaN,NaN,NaN,NaN
7,NaN,NaN,NaN,NaN,NaN,NaN,NaN,NaN
8,NaN,NaN,NaN,NaN,NaN,NaN,NaN,NaN
9,NaN,NaN,NaN,NaN,NaN,NaN,NaN,NaN
10,NaN,NaN,NaN,NaN,NaN,NaN,NaN,NaN
11,NaN,NaN,NaN,NaN,NaN,NaN,NaN,NaN
1,NaN,NaN,NaN,NaN,NaN,NaN,NaN,NaN
2,NaN,NaN,NaN,NaN,NaN,NaN,NaN,NaN
3,NaN,NaN,NaN,NaN,NaN,NaN,NaN,NaN
4,NaN,NaN,NaN,NaN,NaN,NaN,NaN,NaN
5,NaN,NaN,NaN,NaN,NaN,NaN,NaN,NaN
6,NaN,NaN,NaN,NaN,NaN,NaN,NaN,NaN
7,NaN,NaN,NaN,NaN,NaN,NaN,NaN,NaN
8,NaN,NaN,NaN,NaN,NaN,NaN,NaN,NaN
9,NaN,NaN,NaN,NaN,NaN,NaN,NaN,NaN
10,NaN,NaN,NaN,NaN,NaN,NaN,NaN,NaN
11,NaN,NaN,NaN,NaN,NaN,NaN,NaN,NaN
1,NaN,NaN,NaN,NaN,NaN,NaN,NaN,NaN
2,NaN,NaN,NaN,NaN,NaN,NaN,NaN,NaN
3,NaN,NaN,NaN,NaN,NaN,NaN,NaN,NaN
4,NaN,NaN,NaN,NaN,NaN,NaN,NaN,NaN
5,NaN,NaN,NaN,NaN,NaN,NaN,NaN,NaN
6,NaN,NaN,NaN,NaN,NaN,NaN,NaN,NaN
7,NaN,NaN,NaN,NaN,NaN,NaN,NaN,NaN
8,NaN,NaN,NaN,NaN,NaN,NaN,NaN,NaN
9,NaN,NaN,NaN,NaN,NaN,NaN,NaN,NaN
10,NaN,NaN,NaN,NaN,NaN,NaN,NaN,NaN
11,NaN,NaN,NaN,NaN,NaN,NaN,NaN,NaN
1,NaN,NaN,NaN,NaN,NaN,NaN,NaN,NaN
2,NaN,NaN,NaN,NaN,NaN,NaN,NaN,NaN
3,NaN,NaN,NaN,NaN,NaN,NaN,NaN,NaN
4,NaN,NaN,NaN,NaN,NaN,NaN,NaN,NaN
5,NaN,NaN,NaN,NaN,NaN,NaN,NaN,NaN
6,NaN,NaN,NaN,NaN,NaN,NaN,NaN,NaN
7,NaN,NaN,NaN,NaN,NaN,NaN,NaN,NaN
8,NaN,NaN,NaN,NaN,NaN,NaN,NaN,NaN
9,NaN,NaN,NaN,NaN,NaN,NaN,NaN,NaN
10,NaN,NaN,NaN,NaN,NaN,NaN,NaN,NaN
11,NaN,NaN,NaN,NaN,NaN,NaN,NaN,NaN
1,NaN,NaN,NaN,NaN,NaN,NaN,NaN,NaN
2,NaN,NaN,NaN,NaN,NaN,NaN,NaN,NaN
3,NaN,NaN,NaN,NaN,NaN,NaN,NaN,NaN
4,NaN,NaN,NaN,NaN,NaN,NaN,NaN,NaN
5,NaN,NaN,NaN,NaN,NaN,NaN,NaN,NaN
6,NaN,NaN,NaN,NaN,NaN,NaN,NaN,NaN
7,NaN,NaN,NaN,NaN,NaN,NaN,NaN,NaN
8,NaN,NaN,NaN,NaN,NaN,NaN,NaN,NaN
9,NaN,NaN,NaN,NaN,NaN,NaN,NaN,NaN
10,NaN,NaN,NaN,NaN,NaN,NaN,NaN,NaN
11,NaN,NaN,NaN,NaN,NaN,NaN,NaN,NaN
1,NaN,NaN,NaN,NaN,NaN,NaN,NaN,NaN
2,NaN,NaN,NaN,NaN,NaN,NaN,NaN,NaN
3,NaN,NaN,NaN,NaN,NaN,NaN,NaN,NaN
4,NaN,NaN,NaN,NaN,NaN,NaN,NaN,NaN
5,NaN,NaN,NaN,NaN,NaN,NaN,NaN,NaN
6,NaN,NaN,NaN,NaN,NaN,NaN,NaN,NaN
7,NaN,NaN,NaN,NaN,NaN,NaN,NaN,NaN
8,NaN,NaN,NaN,NaN,NaN,NaN,NaN,NaN
9,NaN,NaN,NaN,NaN,NaN,NaN,NaN,NaN
10,NaN,NaN,NaN,NaN,NaN,NaN,NaN,NaN
11,NaN,NaN,NaN,NaN,NaN,NaN,NaN,NaN
1,NaN,NaN,NaN,NaN,NaN,NaN,NaN,NaN
2,NaN,NaN,NaN,NaN,NaN,NaN,NaN,NaN
3,NaN,NaN,NaN,NaN,NaN,NaN,NaN,NaN
4,NaN,NaN,NaN,NaN,NaN,NaN,NaN,NaN
5,NaN,NaN,NaN,NaN,NaN,NaN,NaN,NaN
6,NaN,NaN,NaN,NaN,NaN,NaN,NaN,NaN
7,NaN,NaN,NaN,NaN,NaN,NaN,NaN,NaN
8,NaN,NaN,NaN,NaN,NaN,NaN,NaN,NaN
9,NaN,NaN,NaN,NaN,NaN,NaN,NaN,NaN
10,NaN,NaN,NaN,NaN,NaN,NaN,NaN,NaN
11,NaN,NaN,NaN,NaN,NaN,NaN,NaN,NaN
1,NaN,NaN,NaN,NaN,NaN,NaN,NaN,NaN
2,NaN,NaN,NaN,NaN,NaN,NaN,NaN,NaN
3,NaN,NaN,NaN,NaN,NaN,NaN,NaN,NaN
4,NaN,NaN,NaN,NaN,NaN,NaN,NaN,NaN
5,NaN,NaN,NaN,NaN,NaN,NaN,NaN,NaN
6,NaN,NaN,NaN,NaN,NaN,NaN,NaN,NaN
7,NaN,NaN,NaN,NaN,NaN,NaN,NaN,NaN
8,NaN,NaN,NaN,NaN,NaN,NaN,NaN,NaN
9,NaN,NaN,NaN,NaN,NaN,NaN,NaN,NaN
10,NaN,NaN,NaN,NaN,NaN,NaN,NaN,NaN
11,NaN,NaN,NaN,NaN,NaN,NaN,NaN,NaN
1,NaN,NaN,NaN,NaN,NaN,NaN,NaN,NaN
2,NaN,NaN,NaN,NaN,NaN,NaN,NaN,NaN
3,NaN,NaN,NaN,NaN,NaN,NaN,NaN,NaN
4,NaN,NaN,NaN,NaN,NaN,NaN,NaN,NaN
5,NaN,NaN,NaN,NaN,NaN,NaN,NaN,NaN
6,NaN,NaN,NaN,NaN,NaN,NaN,NaN,NaN
7,NaN,NaN,NaN,NaN,NaN,NaN,NaN,NaN
8,NaN,NaN,NaN,NaN,NaN,NaN,NaN,NaN
9,NaN,NaN,NaN,NaN,NaN,NaN,NaN,NaN
10,NaN,NaN,NaN,NaN,NaN,NaN,NaN,NaN
11,NaN,NaN,NaN,NaN,NaN,NaN,NaN,NaN
1,NaN,NaN,NaN,NaN,NaN,NaN,NaN,NaN
2,NaN,NaN,NaN,NaN,NaN,NaN,NaN,NaN
3,NaN,NaN,NaN,NaN,NaN,NaN,NaN,NaN
4,NaN,NaN,NaN,NaN,NaN,NaN,NaN,NaN
5,NaN,NaN,NaN,NaN,NaN,NaN,NaN,NaN
6,NaN,NaN,NaN,NaN,NaN,NaN,NaN,NaN
7,NaN,NaN,NaN,NaN,NaN,NaN,NaN,NaN
8,NaN,NaN,NaN,NaN,NaN,NaN,NaN,NaN
9,NaN,NaN,NaN,NaN,NaN,NaN,NaN,NaN
10,NaN,NaN,NaN,NaN,NaN,NaN,NaN,NaN
11,NaN,NaN,NaN,NaN,NaN,NaN,NaN,NaN
1,NaN,NaN,NaN,NaN,NaN,NaN,NaN,NaN
2,NaN,NaN,NaN,NaN,NaN,NaN,NaN,NaN
3,NaN,NaN,NaN,NaN,NaN,NaN,NaN,NaN
4,NaN,NaN,NaN,NaN,NaN,NaN,NaN,NaN
5,NaN,NaN,NaN,NaN,NaN,NaN,NaN,NaN
6,NaN,NaN,NaN,NaN,NaN,NaN,NaN,NaN
7,NaN,NaN,NaN,NaN,NaN,NaN,NaN,NaN
8,NaN,NaN,NaN,NaN,NaN,NaN,NaN,NaN
9,NaN,NaN,NaN,NaN,NaN,NaN,NaN,NaN
10,NaN,NaN,NaN,NaN,NaN,NaN,NaN,NaN
11,NaN,NaN,NaN,NaN,NaN,NaN,NaN,NaN
1,NaN,NaN,NaN,NaN,NaN,NaN,NaN,NaN
2,NaN,NaN,NaN,NaN,NaN,NaN,NaN,NaN
3,NaN,NaN,NaN,NaN,NaN,NaN,NaN,NaN
4,NaN,NaN,NaN,NaN,NaN,NaN,NaN,NaN
5,NaN,NaN,NaN,NaN,NaN,NaN,NaN,NaN
6,NaN,NaN,NaN,NaN,NaN,NaN,NaN,NaN
7,NaN,NaN,NaN,NaN,NaN,NaN,NaN,NaN
8,NaN,NaN,NaN,NaN,NaN,NaN,NaN,NaN
9,NaN,NaN,NaN,NaN,NaN,NaN,NaN,NaN
10,NaN,NaN,NaN,NaN,NaN,NaN,NaN,NaN
11,NaN,NaN,NaN,NaN,NaN,NaN,NaN,NaN
1,NaN,NaN,NaN,NaN,NaN,NaN,NaN,NaN
2,NaN,NaN,NaN,NaN,NaN,NaN,NaN,NaN
3,NaN,NaN,NaN,NaN,NaN,NaN,NaN,NaN
4,NaN,NaN,NaN,NaN,NaN,NaN,NaN,NaN
5,NaN,NaN,NaN,NaN,NaN,NaN,NaN,NaN
6,NaN,NaN,NaN,NaN,NaN,NaN,NaN,NaN
7,NaN,NaN,NaN,NaN,NaN,NaN,NaN,NaN
8,NaN,NaN,NaN,NaN,NaN,NaN,NaN,NaN
9,NaN,NaN,NaN,NaN,NaN,NaN,NaN,NaN
10,NaN,NaN,NaN,NaN,NaN,NaN,NaN,NaN
11,NaN,NaN,NaN,NaN,NaN,NaN,NaN,NaN
1,NaN,NaN,NaN,NaN,NaN,NaN,NaN,NaN
2,NaN,NaN,NaN,NaN,NaN,NaN,NaN,NaN
3,NaN,NaN,NaN,NaN,NaN,NaN,NaN,NaN
4,NaN,NaN,NaN,NaN,NaN,NaN,NaN,NaN
5,NaN,NaN,NaN,NaN,NaN,NaN,NaN,NaN
6,NaN,NaN,NaN,NaN,NaN,NaN,NaN,NaN
7,NaN,NaN,NaN,NaN,NaN,NaN,NaN,NaN
8,NaN,NaN,NaN,NaN,NaN,NaN,NaN,NaN
9,NaN,NaN,NaN,NaN,NaN,NaN,NaN,NaN
10,NaN,NaN,NaN,NaN,NaN,NaN,NaN,NaN
11,NaN,NaN,NaN,NaN,NaN,NaN,NaN,NaN
1,NaN,NaN,NaN,NaN,NaN,NaN,NaN,NaN
2,NaN,NaN,NaN,NaN,NaN,NaN,NaN,NaN
3,NaN,NaN,NaN,NaN,NaN,NaN,NaN,NaN
4,NaN,NaN,NaN,NaN,NaN,NaN,NaN,NaN
5,NaN,NaN,NaN,NaN,NaN,NaN,NaN,NaN
6,NaN,NaN,NaN,NaN,NaN,NaN,NaN,NaN
7,NaN,NaN,NaN,NaN,NaN,NaN,NaN,NaN
8,NaN,NaN,NaN,NaN,NaN,NaN,NaN,NaN
9,NaN,NaN,NaN,NaN,NaN,NaN,NaN,NaN
10,NaN,NaN,NaN,NaN,NaN,NaN,NaN,NaN
11,NaN,NaN,NaN,NaN,NaN,NaN,NaN,NaN
1,NaN,NaN,NaN,NaN,NaN,NaN,NaN,NaN
2,NaN,NaN,NaN,NaN,NaN,NaN,NaN,NaN
3,NaN,NaN,NaN,NaN,NaN,NaN,NaN,NaN
4,NaN,NaN,NaN,NaN,NaN,NaN,NaN,NaN
5,NaN,NaN,NaN,NaN,NaN,NaN,NaN,NaN
6,NaN,NaN,NaN,NaN,NaN,NaN,NaN,NaN
7,NaN,NaN,NaN,NaN,NaN,NaN,NaN,NaN
8,NaN,NaN,NaN,NaN,NaN,NaN,NaN,NaN
9,NaN,NaN,NaN,NaN,NaN,NaN,NaN,NaN
10,NaN,NaN,NaN,NaN,NaN,NaN,NaN,NaN
11,NaN,NaN,NaN,NaN,NaN,NaN,NaN,NaN
1,NaN,NaN,NaN,NaN,NaN,NaN,NaN,NaN
2,NaN,NaN,NaN,NaN,NaN,NaN,NaN,NaN
3,NaN,NaN,NaN,NaN,NaN,NaN,NaN,NaN
4,NaN,NaN,NaN,NaN,NaN,NaN,NaN,NaN
5,NaN,NaN,NaN,NaN,NaN,NaN,NaN,NaN
6,NaN,NaN,NaN,NaN,NaN,NaN,NaN,NaN
7,NaN,NaN,NaN,NaN,NaN,NaN,NaN,NaN
8,NaN,NaN,NaN,NaN,NaN,NaN,NaN,NaN
9,NaN,NaN,NaN,NaN,NaN,NaN,NaN,NaN
10,NaN,NaN,NaN,NaN,NaN,NaN,NaN,NaN
11,NaN,NaN,NaN,NaN,NaN,NaN,NaN,NaN
1,NaN,NaN,NaN,NaN,NaN,NaN,NaN,NaN
2,NaN,NaN,NaN,NaN,NaN,NaN,NaN,NaN
3,NaN,NaN,NaN,NaN,NaN,NaN,NaN,NaN
4,NaN,NaN,NaN,NaN,NaN,NaN,NaN,NaN
5,NaN,NaN,NaN,NaN,NaN,NaN,NaN,NaN
6,NaN,NaN,NaN,NaN,NaN,NaN,NaN,NaN
7,NaN,NaN,NaN,NaN,NaN,NaN,NaN,NaN
8,NaN,NaN,NaN,NaN,NaN,NaN,NaN,NaN
9,NaN,NaN,NaN,NaN,NaN,NaN,NaN,NaN
10,NaN,NaN,NaN,NaN,NaN,NaN,NaN,NaN
11,NaN,NaN,NaN,NaN,NaN,NaN,NaN,NaN
1,NaN,NaN,NaN,NaN,NaN,NaN,NaN,NaN
2,NaN,NaN,NaN,NaN,NaN,NaN,NaN,NaN
3,NaN,NaN,NaN,NaN,NaN,NaN,NaN,NaN
4,NaN,NaN,NaN,NaN,NaN,NaN,NaN,NaN
5,NaN,NaN,NaN,NaN,NaN,NaN,NaN,NaN
6,NaN,NaN,NaN,NaN,NaN,NaN,NaN,NaN
7,NaN,NaN,NaN,NaN,NaN,NaN,NaN,NaN
8,NaN,NaN,NaN,NaN,NaN,NaN,NaN,NaN
9,NaN,NaN,NaN,NaN,NaN,NaN,NaN,NaN
10,NaN,NaN,NaN,NaN,NaN,NaN,NaN,NaN
11,NaN,NaN,NaN,NaN,NaN,NaN,NaN,NaN
1,NaN,NaN,NaN,NaN,NaN,NaN,NaN,NaN
2,NaN,NaN,NaN,NaN,NaN,NaN,NaN,NaN
3,NaN,NaN,NaN,NaN,NaN,NaN,NaN,NaN
4,NaN,NaN,NaN,NaN,NaN,NaN,NaN,NaN
5,NaN,NaN,NaN,NaN,NaN,NaN,NaN,NaN
6,NaN,NaN,NaN,NaN,NaN,NaN,NaN,NaN
7,NaN,NaN,NaN,NaN,NaN,NaN,NaN,NaN
8,NaN,NaN,NaN,NaN,NaN,NaN,NaN,NaN
9,NaN,NaN,NaN,NaN,NaN,NaN,NaN,NaN
10,NaN,NaN,NaN,NaN,NaN,NaN,NaN,NaN
11,NaN,NaN,NaN,NaN,NaN,NaN,NaN,NaN
1,NaN,NaN,NaN,NaN,NaN,NaN,NaN,NaN
2,NaN,NaN,NaN,NaN,NaN,NaN,NaN,NaN
3,NaN,NaN,NaN,NaN,NaN,NaN,NaN,NaN
4,NaN,NaN,NaN,NaN,NaN,NaN,NaN,NaN
5,NaN,NaN,NaN,NaN,NaN,NaN,NaN,NaN
6,NaN,NaN,NaN,NaN,NaN,NaN,NaN,NaN
7,NaN,NaN,NaN,NaN,NaN,NaN,NaN,NaN
8,NaN,NaN,NaN,NaN,NaN,NaN,NaN,NaN
9,NaN,NaN,NaN,NaN,NaN,NaN,NaN,NaN
10,NaN,NaN,NaN,NaN,NaN,NaN,NaN,NaN
11,NaN,NaN,NaN,NaN,NaN,NaN,NaN,NaN
1,NaN,NaN,NaN,NaN,NaN,NaN,NaN,NaN
2,NaN,NaN,NaN,NaN,NaN,NaN,NaN,NaN
3,NaN,NaN,NaN,NaN,NaN,NaN,NaN,NaN
4,NaN,NaN,NaN,NaN,NaN,NaN,NaN,NaN
5,NaN,NaN,NaN,NaN,NaN,NaN,NaN,NaN
6,NaN,NaN,NaN,NaN,NaN,NaN,NaN,NaN
7,NaN,NaN,NaN,NaN,NaN,NaN,NaN,NaN
8,NaN,NaN,NaN,NaN,NaN,NaN,NaN,NaN
9,NaN,NaN,NaN,NaN,NaN,NaN,NaN,NaN
10,NaN,NaN,NaN,NaN,NaN,NaN,NaN,NaN
11,NaN,NaN,NaN,NaN,NaN,NaN,NaN,NaN
1,NaN,NaN,NaN,NaN,NaN,NaN,NaN,NaN
2,NaN,NaN,NaN,NaN,NaN,NaN,NaN,NaN
3,NaN,NaN,NaN,NaN,NaN,NaN,NaN,NaN
4,NaN,NaN,NaN,NaN,NaN,NaN,NaN,NaN
5,NaN,NaN,NaN,NaN,NaN,NaN,NaN,NaN
6,NaN,NaN,NaN,NaN,NaN,NaN,NaN,NaN
7,NaN,NaN,NaN,NaN,NaN,NaN,NaN,NaN
8,NaN,NaN,NaN,NaN,NaN,NaN,NaN,NaN
9,NaN,NaN,NaN,NaN,NaN,NaN,NaN,NaN
10,NaN,NaN,NaN,NaN,NaN,NaN,NaN,NaN
11,NaN,NaN,NaN,NaN,NaN,NaN,NaN,NaN
1,NaN,NaN,NaN,NaN,NaN,NaN,NaN,NaN
2,NaN,NaN,NaN,NaN,NaN,NaN,NaN,NaN
3,NaN,NaN,NaN,NaN,NaN,NaN,NaN,NaN
4,NaN,NaN,NaN,NaN,NaN,NaN,NaN,NaN
5,NaN,NaN,NaN,NaN,NaN,NaN,NaN,NaN
6,NaN,NaN,NaN,NaN,NaN,NaN,NaN,NaN
7,NaN,NaN,NaN,NaN,NaN,NaN,NaN,NaN
8,NaN,NaN,NaN,NaN,NaN,NaN,NaN,NaN
9,NaN,NaN,NaN,NaN,NaN,NaN,NaN,NaN
10,NaN,NaN,NaN,NaN,NaN,NaN,NaN,NaN
11,NaN,NaN,NaN,NaN,NaN,NaN,NaN,NaN
1,NaN,NaN,NaN,NaN,NaN,NaN,NaN,NaN
2,NaN,NaN,NaN,NaN,NaN,NaN,NaN,NaN
3,NaN,NaN,NaN,NaN,NaN,NaN,NaN,NaN
4,NaN,NaN,NaN,NaN,NaN,NaN,NaN,NaN
5,NaN,NaN,NaN,NaN,NaN,NaN,NaN,NaN
6,NaN,NaN,NaN,NaN,NaN,NaN,NaN,NaN
7,NaN,NaN,NaN,NaN,NaN,NaN,NaN,NaN
8,NaN,NaN,NaN,NaN,NaN,NaN,NaN,NaN
9,NaN,NaN,NaN,NaN,NaN,NaN,NaN,NaN
10,NaN,NaN,NaN,NaN,NaN,NaN,NaN,NaN
11,NaN,NaN,NaN,NaN,NaN,NaN,NaN,NaN
1,NaN,NaN,NaN,NaN,NaN,NaN,NaN,NaN
2,NaN,NaN,NaN,NaN,NaN,NaN,NaN,NaN
3,NaN,NaN,NaN,NaN,NaN,NaN,NaN,NaN
4,NaN,NaN,NaN,NaN,NaN,NaN,NaN,NaN
5,NaN,NaN,NaN,NaN,NaN,NaN,NaN,NaN
6,NaN,NaN,NaN,NaN,NaN,NaN,NaN,NaN
7,NaN,NaN,NaN,NaN,NaN,NaN,NaN,NaN
8,NaN,NaN,NaN,NaN,NaN,NaN,NaN,NaN
9,NaN,NaN,NaN,NaN,NaN,NaN,NaN,NaN
10,NaN,NaN,NaN,NaN,NaN,NaN,NaN,NaN
11,NaN,NaN,NaN,NaN,NaN,NaN,NaN,NaN
1,NaN,NaN,NaN,NaN,NaN,NaN,NaN,NaN
2,NaN,NaN,NaN,NaN,NaN,NaN,NaN,NaN
3,NaN,NaN,NaN,NaN,NaN,NaN,NaN,NaN
4,NaN,NaN,NaN,NaN,NaN,NaN,NaN,NaN
5,NaN,NaN,NaN,NaN,NaN,NaN,NaN,NaN
6,NaN,NaN,NaN,NaN,NaN,NaN,NaN,NaN
7,NaN,NaN,NaN,NaN,NaN,NaN,NaN,NaN
8,NaN,NaN,NaN,NaN,NaN,NaN,NaN,NaN
9,NaN,NaN,NaN,NaN,NaN,NaN,NaN,NaN
10,NaN,NaN,NaN,NaN,NaN,NaN,NaN,NaN
11,NaN,NaN,NaN,NaN,NaN,NaN,NaN,NaN
1,NaN,NaN,NaN,NaN,NaN,NaN,NaN,NaN
2,NaN,NaN,NaN,NaN,NaN,NaN,NaN,NaN
3,NaN,NaN,NaN,NaN,NaN,NaN,NaN,NaN
4,NaN,NaN,NaN,NaN,NaN,NaN,NaN,NaN
5,NaN,NaN,NaN,NaN,NaN,NaN,NaN,NaN
6,NaN,NaN,NaN,NaN,NaN,NaN,NaN,NaN
7,NaN,NaN,NaN,NaN,NaN,NaN,NaN,NaN
8,NaN,NaN,NaN,NaN,NaN,NaN,NaN,NaN
9,NaN,NaN,NaN,NaN,NaN,NaN,NaN,NaN
10,NaN,NaN,NaN,NaN,NaN,NaN,NaN,NaN
11,NaN,NaN,NaN,NaN,NaN,NaN,NaN,NaN
1,NaN,NaN,NaN,NaN,NaN,NaN,NaN,NaN
2,NaN,NaN,NaN,NaN,NaN,NaN,NaN,NaN
3,NaN,NaN,NaN,NaN,NaN,NaN,NaN,NaN
4,NaN,NaN,NaN,NaN,NaN,NaN,NaN,NaN
5,NaN,NaN,NaN,NaN,NaN,NaN,NaN,NaN
6,NaN,NaN,NaN,NaN,NaN,NaN,NaN,NaN
7,NaN,NaN,NaN,NaN,NaN,NaN,NaN,NaN
8,NaN,NaN,NaN,NaN,NaN,NaN,NaN,NaN
9,NaN,NaN,NaN,NaN,NaN,NaN,NaN,NaN
10,NaN,NaN,NaN,NaN,NaN,NaN,NaN,NaN
11,NaN,NaN,NaN,NaN,NaN,NaN,NaN,NaN
1,NaN,NaN,NaN,NaN,NaN,NaN,NaN,NaN
2,NaN,NaN,NaN,NaN,NaN,NaN,NaN,NaN
3,NaN,NaN,NaN,NaN,NaN,NaN,NaN,NaN
4,NaN,NaN,NaN,NaN,NaN,NaN,NaN,NaN
5,NaN,NaN,NaN,NaN,NaN,NaN,NaN,NaN
6,NaN,NaN,NaN,NaN,NaN,NaN,NaN,NaN
7,NaN,NaN,NaN,NaN,NaN,NaN,NaN,NaN
8,NaN,NaN,NaN,NaN,NaN,NaN,NaN,NaN
9,NaN,NaN,NaN,NaN,NaN,NaN,NaN,NaN
10,NaN,NaN,NaN,NaN,NaN,NaN,NaN,NaN
11,NaN,NaN,NaN,NaN,NaN,NaN,NaN,NaN
1,NaN,NaN,NaN,NaN,NaN,NaN,NaN,NaN
2,NaN,NaN,NaN,NaN,NaN,NaN,NaN,NaN
3,NaN,NaN,NaN,NaN,NaN,NaN,NaN,NaN
4,NaN,NaN,NaN,NaN,NaN,NaN,NaN,NaN
5,NaN,NaN,NaN,NaN,NaN,NaN,NaN,NaN
6,NaN,NaN,NaN,NaN,NaN,NaN,NaN,NaN
7,NaN,NaN,NaN,NaN,NaN,NaN,NaN,NaN
8,NaN,NaN,NaN,NaN,NaN,NaN,NaN,NaN
9,NaN,NaN,NaN,NaN,NaN,NaN,NaN,NaN
10,NaN,NaN,NaN,NaN,NaN,NaN,NaN,NaN
11,NaN,NaN,NaN,NaN,NaN,NaN,NaN,NaN
1,NaN,NaN,NaN,NaN,NaN,NaN,NaN,NaN
2,NaN,NaN,NaN,NaN,NaN,NaN,NaN,NaN
3,NaN,NaN,NaN,NaN,NaN,NaN,NaN,NaN
4,NaN,NaN,NaN,NaN,NaN,NaN,NaN,NaN
5,NaN,NaN,NaN,NaN,NaN,NaN,NaN,NaN
6,NaN,NaN,NaN,NaN,NaN,NaN,NaN,NaN
7,NaN,NaN,NaN,NaN,NaN,NaN,NaN,NaN
8,NaN,NaN,NaN,NaN,NaN,NaN,NaN,NaN
9,NaN,NaN,NaN,NaN,NaN,NaN,NaN,NaN
10,NaN,NaN,NaN,NaN,NaN,NaN,NaN,NaN
11,NaN,NaN,NaN,NaN,NaN,NaN,NaN,NaN
1,NaN,NaN,NaN,NaN,NaN,NaN,NaN,NaN
2,NaN,NaN,NaN,NaN,NaN,NaN,NaN,NaN
3,NaN,NaN,NaN,NaN,NaN,NaN,NaN,NaN
4,NaN,NaN,NaN,NaN,NaN,NaN,NaN,NaN
5,NaN,NaN,NaN,NaN,NaN,NaN,NaN,NaN
6,NaN,NaN,NaN,NaN,NaN,NaN,NaN,NaN
7,NaN,NaN,NaN,NaN,NaN,NaN,NaN,NaN
8,NaN,NaN,NaN,NaN,NaN,NaN,NaN,NaN
9,NaN,NaN,NaN,NaN,NaN,NaN,NaN,NaN
10,NaN,NaN,NaN,NaN,NaN,NaN,NaN,NaN
11,NaN,NaN,NaN,NaN,NaN,NaN,NaN,NaN
1,NaN,NaN,NaN,NaN,NaN,NaN,NaN,NaN
2,NaN,NaN,NaN,NaN,NaN,NaN,NaN,NaN
3,NaN,NaN,NaN,NaN,NaN,NaN,NaN,NaN
4,NaN,NaN,NaN,NaN,NaN,NaN,NaN,NaN
5,NaN,NaN,NaN,NaN,NaN,NaN,NaN,NaN
6,NaN,NaN,NaN,NaN,NaN,NaN,NaN,NaN
7,NaN,NaN,NaN,NaN,NaN,NaN,NaN,NaN
8,NaN,NaN,NaN,NaN,NaN,NaN,NaN,NaN
9,NaN,NaN,NaN,NaN,NaN,NaN,NaN,NaN
10,NaN,NaN,NaN,NaN,NaN,NaN,NaN,NaN
11,NaN,NaN,NaN,NaN,NaN,NaN,NaN,NaN
1,NaN,NaN,NaN,NaN,NaN,NaN,NaN,NaN
2,NaN,NaN,NaN,NaN,NaN,NaN,NaN,NaN
3,NaN,NaN,NaN,NaN,NaN,NaN,NaN,NaN
4,NaN,NaN,NaN,NaN,NaN,NaN,NaN,NaN
5,NaN,NaN,NaN,NaN,NaN,NaN,NaN,NaN
6,NaN,NaN,NaN,NaN,NaN,NaN,NaN,NaN
7,NaN,NaN,NaN,NaN,NaN,NaN,NaN,NaN
8,NaN,NaN,NaN,NaN,NaN,NaN,NaN,NaN
9,NaN,NaN,NaN,NaN,NaN,NaN,NaN,NaN
10,NaN,NaN,NaN,NaN,NaN,NaN,NaN,NaN
11,NaN,NaN,NaN,NaN,NaN,NaN,NaN,NaN
1,NaN,NaN,NaN,NaN,NaN,NaN,NaN,NaN
2,NaN,NaN,NaN,NaN,NaN,NaN,NaN,NaN
3,NaN,NaN,NaN,NaN,NaN,NaN,NaN,NaN
4,NaN,NaN,NaN,NaN,NaN,NaN,NaN,NaN
5,NaN,NaN,NaN,NaN,NaN,NaN,NaN,NaN
6,NaN,NaN,NaN,NaN,NaN,NaN,NaN,NaN
7,NaN,NaN,NaN,NaN,NaN,NaN,NaN,NaN
8,NaN,NaN,NaN,NaN,NaN,NaN,NaN,NaN
9,NaN,NaN,NaN,NaN,NaN,NaN,NaN,NaN
10,NaN,NaN,NaN,NaN,NaN,NaN,NaN,NaN
11,NaN,NaN,NaN,NaN,NaN,NaN,NaN,NaN
1,NaN,NaN,NaN,NaN,NaN,NaN,NaN,NaN
2,NaN,NaN,NaN,NaN,NaN,NaN,NaN,NaN
3,NaN,NaN,NaN,NaN,NaN,NaN,NaN,NaN
4,NaN,NaN,NaN,NaN,NaN,NaN,NaN,NaN
5,NaN,NaN,NaN,NaN,NaN,NaN,NaN,NaN
6,NaN,NaN,NaN,NaN,NaN,NaN,NaN,NaN
7,NaN,NaN,NaN,NaN,NaN,NaN,NaN,NaN
8,NaN,NaN,NaN,NaN,NaN,NaN,NaN,NaN
9,NaN,NaN,NaN,NaN,NaN,NaN,NaN,NaN
10,NaN,NaN,NaN,NaN,NaN,NaN,NaN,NaN
11,NaN,NaN,NaN,NaN,NaN,NaN,NaN,NaN
1,NaN,NaN,NaN,NaN,NaN,NaN,NaN,NaN
2,NaN,NaN,NaN,NaN,NaN,NaN,NaN,NaN
3,NaN,NaN,NaN,NaN,NaN,NaN,NaN,NaN
4,NaN,NaN,NaN,NaN,NaN,NaN,NaN,NaN
5,NaN,NaN,NaN,NaN,NaN,NaN,NaN,NaN
6,NaN,NaN,NaN,NaN,NaN,NaN,NaN,NaN
7,NaN,NaN,NaN,NaN,NaN,NaN,NaN,NaN
8,NaN,NaN,NaN,NaN,NaN,NaN,NaN,NaN
9,NaN,NaN,NaN,NaN,NaN,NaN,NaN,NaN
10,NaN,NaN,NaN,NaN,NaN,NaN,NaN,NaN
11,NaN,NaN,NaN,NaN,NaN,NaN,NaN,NaN
1,NaN,NaN,NaN,NaN,NaN,NaN,NaN,NaN
2,NaN,NaN,NaN,NaN,NaN,NaN,NaN,NaN
3,NaN,NaN,NaN,NaN,NaN,NaN,NaN,NaN
4,NaN,NaN,NaN,NaN,NaN,NaN,NaN,NaN
5,NaN,NaN,NaN,NaN,NaN,NaN,NaN,NaN
6,NaN,NaN,NaN,NaN,NaN,NaN,NaN,NaN
7,NaN,NaN,NaN,NaN,NaN,NaN,NaN,NaN
8,NaN,NaN,NaN,NaN,NaN,NaN,NaN,NaN
9,NaN,NaN,NaN,NaN,NaN,NaN,NaN,NaN
10,NaN,NaN,NaN,NaN,NaN,NaN,NaN,NaN
11,NaN,NaN,NaN,NaN,NaN,NaN,NaN,NaN
1,NaN,NaN,NaN,NaN,NaN,NaN,NaN,NaN
2,NaN,NaN,NaN,NaN,NaN,NaN,NaN,NaN
3,NaN,NaN,NaN,NaN,NaN,NaN,NaN,NaN
4,NaN,NaN,NaN,NaN,NaN,NaN,NaN,NaN
5,NaN,NaN,NaN,NaN,NaN,NaN,NaN,NaN
6,NaN,NaN,NaN,NaN,NaN,NaN,NaN,NaN
7,NaN,NaN,NaN,NaN,NaN,NaN,NaN,NaN
8,NaN,NaN,NaN,NaN,NaN,NaN,NaN,NaN
9,NaN,NaN,NaN,NaN,NaN,NaN,NaN,NaN
10,NaN,NaN,NaN,NaN,NaN,NaN,NaN,NaN
11,NaN,NaN,NaN,NaN,NaN,NaN,NaN,NaN
1,NaN,NaN,NaN,NaN,NaN,NaN,NaN,NaN
2,NaN,NaN,NaN,NaN,NaN,NaN,NaN,NaN
3,NaN,NaN,NaN,NaN,NaN,NaN,NaN,NaN
4,NaN,NaN,NaN,NaN,NaN,NaN,NaN,NaN
5,NaN,NaN,NaN,NaN,NaN,NaN,NaN,NaN
6,NaN,NaN,NaN,NaN,NaN,NaN,NaN,NaN
7,NaN,NaN,NaN,NaN,NaN,NaN,NaN,NaN
8,NaN,NaN,NaN,NaN,NaN,NaN,NaN,NaN
9,NaN,NaN,NaN,NaN,NaN,NaN,NaN,NaN
10,NaN,NaN,NaN,NaN,NaN,NaN,NaN,NaN
11,NaN,NaN,NaN,NaN,NaN,NaN,NaN,NaN
1,NaN,NaN,NaN,NaN,NaN,NaN,NaN,NaN
2,NaN,NaN,NaN,NaN,NaN,NaN,NaN,NaN
3,NaN,NaN,NaN,NaN,NaN,NaN,NaN,NaN
4,NaN,NaN,NaN,NaN,NaN,NaN,NaN,NaN
5,NaN,NaN,NaN,NaN,NaN,NaN,NaN,NaN
6,NaN,NaN,NaN,NaN,NaN,NaN,NaN,NaN
7,NaN,NaN,NaN,NaN,NaN,NaN,NaN,NaN
8,NaN,NaN,NaN,NaN,NaN,NaN,NaN,NaN
9,NaN,NaN,NaN,NaN,NaN,NaN,NaN,NaN
10,NaN,NaN,NaN,NaN,NaN,NaN,NaN,NaN
11,NaN,NaN,NaN,NaN,NaN,NaN,NaN,NaN
1,NaN,NaN,NaN,NaN,NaN,NaN,NaN,NaN
2,NaN,NaN,NaN,NaN,NaN,NaN,NaN,NaN
3,NaN,NaN,NaN,NaN,NaN,NaN,NaN,NaN
4,NaN,NaN,NaN,NaN,NaN,NaN,NaN,NaN
5,NaN,NaN,NaN,NaN,NaN,NaN,NaN,NaN
6,NaN,NaN,NaN,NaN,NaN,NaN,NaN,NaN
7,NaN,NaN,NaN,NaN,NaN,NaN,NaN,NaN
8,NaN,NaN,NaN,NaN,NaN,NaN,NaN,NaN
9,NaN,NaN,NaN,NaN,NaN,NaN,NaN,NaN
10,NaN,NaN,NaN,NaN,NaN,NaN,NaN,NaN
11,NaN,NaN,NaN,NaN,NaN,NaN,NaN,NaN
1,NaN,NaN,NaN,NaN,NaN,NaN,NaN,NaN
2,NaN,NaN,NaN,NaN,NaN,NaN,NaN,NaN
3,NaN,NaN,NaN,NaN,NaN,NaN,NaN,NaN
4,NaN,NaN,NaN,NaN,NaN,NaN,NaN,NaN
5,NaN,NaN,NaN,NaN,NaN,NaN,NaN,NaN
6,NaN,NaN,NaN,NaN,NaN,NaN,NaN,NaN
7,NaN,NaN,NaN,NaN,NaN,NaN,NaN,NaN
8,NaN,NaN,NaN,NaN,NaN,NaN,NaN,NaN
9,NaN,NaN,NaN,NaN,NaN,NaN,NaN,NaN
10,NaN,NaN,NaN,NaN,NaN,NaN,NaN,NaN
11,NaN,NaN,NaN,NaN,NaN,NaN,NaN,NaN
1,NaN,NaN,NaN,NaN,NaN,NaN,NaN,NaN
2,NaN,NaN,NaN,NaN,NaN,NaN,NaN,NaN
3,NaN,NaN,NaN,NaN,NaN,NaN,NaN,NaN
4,NaN,NaN,NaN,NaN,NaN,NaN,NaN,NaN
5,NaN,NaN,NaN,NaN,NaN,NaN,NaN,NaN
6,NaN,NaN,NaN,NaN,NaN,NaN,NaN,NaN
7,NaN,NaN,NaN,NaN,NaN,NaN,NaN,NaN
8,NaN,NaN,NaN,NaN,NaN,NaN,NaN,NaN
9,NaN,NaN,NaN,NaN,NaN,NaN,NaN,NaN
10,NaN,NaN,NaN,NaN,NaN,NaN,NaN,NaN
11,NaN,NaN,NaN,NaN,NaN,NaN,NaN,NaN
1,NaN,NaN,NaN,NaN,NaN,NaN,NaN,NaN
2,NaN,NaN,NaN,NaN,NaN,NaN,NaN,NaN
3,NaN,NaN,NaN,NaN,NaN,NaN,NaN,NaN
4,NaN,NaN,NaN,NaN,NaN,NaN,NaN,NaN
5,NaN,NaN,NaN,NaN,NaN,NaN,NaN,NaN
6,NaN,NaN,NaN,NaN,NaN,NaN,NaN,NaN
7,NaN,NaN,NaN,NaN,NaN,NaN,NaN,NaN
8,NaN,NaN,NaN,NaN,NaN,NaN,NaN,NaN
9,NaN,NaN,NaN,NaN,NaN,NaN,NaN,NaN
10,NaN,NaN,NaN,NaN,NaN,NaN,NaN,NaN
11,NaN,NaN,NaN,NaN,NaN,NaN,NaN,NaN
1,NaN,NaN,NaN,NaN,NaN,NaN,NaN,NaN
2,NaN,NaN,NaN,NaN,NaN,NaN,NaN,NaN
3,NaN,NaN,NaN,NaN,NaN,NaN,NaN,NaN
4,NaN,NaN,NaN,NaN,NaN,NaN,NaN,NaN
5,NaN,NaN,NaN,NaN,NaN,NaN,NaN,NaN
6,NaN,NaN,NaN,NaN,NaN,NaN,NaN,NaN
7,NaN,NaN,NaN,NaN,NaN,NaN,NaN,NaN
8,NaN,NaN,NaN,NaN,NaN,NaN,NaN,NaN
9,NaN,NaN,NaN,NaN,NaN,NaN,NaN,NaN
10,NaN,NaN,NaN,NaN,NaN,NaN,NaN,NaN
11,NaN,NaN,NaN,NaN,NaN,NaN,NaN,NaN
1,NaN,NaN,NaN,NaN,NaN,NaN,NaN,NaN
2,NaN,NaN,NaN,NaN,NaN,NaN,NaN,NaN
3,NaN,NaN,NaN,NaN,NaN,NaN,NaN,NaN
4,NaN,NaN,NaN,NaN,NaN,NaN,NaN,NaN
5,NaN,NaN,NaN,NaN,NaN,NaN,NaN,NaN
6,NaN,NaN,NaN,NaN,NaN,NaN,NaN,NaN
7,NaN,NaN,NaN,NaN,NaN,NaN,NaN,NaN
8,NaN,NaN,NaN,NaN,NaN,NaN,NaN,NaN
9,NaN,NaN,NaN,NaN,NaN,NaN,NaN,NaN
10,NaN,NaN,NaN,NaN,NaN,NaN,NaN,NaN
11,NaN,NaN,NaN,NaN,NaN,NaN,NaN,NaN
1,NaN,NaN,NaN,NaN,NaN,NaN,NaN,NaN
2,NaN,NaN,NaN,NaN,NaN,NaN,NaN,NaN
3,NaN,NaN,NaN,NaN,NaN,NaN,NaN,NaN
4,NaN,NaN,NaN,NaN,NaN,NaN,NaN,NaN
5,NaN,NaN,NaN,NaN,NaN,NaN,NaN,NaN
6,NaN,NaN,NaN,NaN,NaN,NaN,NaN,NaN
7,NaN,NaN,NaN,NaN,NaN,NaN,NaN,NaN
8,NaN,NaN,NaN,NaN,NaN,NaN,NaN,NaN
9,NaN,NaN,NaN,NaN,NaN,NaN,NaN,NaN
10,NaN,NaN,NaN,NaN,NaN,NaN,NaN,NaN
11,NaN,NaN,NaN,NaN,NaN,NaN,NaN,NaN
1,NaN,NaN,NaN,NaN,NaN,NaN,NaN,NaN
2,NaN,NaN,NaN,NaN,NaN,NaN,NaN,NaN
3,NaN,NaN,NaN,NaN,NaN,NaN,NaN,NaN
4,NaN,NaN,NaN,NaN,NaN,NaN,NaN,NaN
5,NaN,NaN,NaN,NaN,NaN,NaN,NaN,NaN
6,NaN,NaN,NaN,NaN,NaN,NaN,NaN,NaN
7,NaN,NaN,NaN,NaN,NaN,NaN,NaN,NaN
8,NaN,NaN,NaN,NaN,NaN,NaN,NaN,NaN
9,NaN,NaN,NaN,NaN,NaN,NaN,NaN,NaN
10,NaN,NaN,NaN,NaN,NaN,NaN,NaN,NaN
11,NaN,NaN,NaN,NaN,NaN,NaN,NaN,NaN
1,NaN,NaN,NaN,NaN,NaN,NaN,NaN,NaN
2,NaN,NaN,NaN,NaN,NaN,NaN,NaN,NaN
3,NaN,NaN,NaN,NaN,NaN,NaN,NaN,NaN
4,NaN,NaN,NaN,NaN,NaN,NaN,NaN,NaN
5,NaN,NaN,NaN,NaN,NaN,NaN,NaN,NaN
6,NaN,NaN,NaN,NaN,NaN,NaN,NaN,NaN
7,NaN,NaN,NaN,NaN,NaN,NaN,NaN,NaN
8,NaN,NaN,NaN,NaN,NaN,NaN,NaN,NaN
9,NaN,NaN,NaN,NaN,NaN,NaN,NaN,NaN
10,NaN,NaN,NaN,NaN,NaN,NaN,NaN,NaN
11,NaN,NaN,NaN,NaN,NaN,NaN,NaN,NaN
1,NaN,NaN,NaN,NaN,NaN,NaN,NaN,NaN
2,NaN,NaN,NaN,NaN,NaN,NaN,NaN,NaN
3,NaN,NaN,NaN,NaN,NaN,NaN,NaN,NaN
4,NaN,NaN,NaN,NaN,NaN,NaN,NaN,NaN
5,NaN,NaN,NaN,NaN,NaN,NaN,NaN,NaN
6,NaN,NaN,NaN,NaN,NaN,NaN,NaN,NaN
7,NaN,NaN,NaN,NaN,NaN,NaN,NaN,NaN
8,NaN,NaN,NaN,NaN,NaN,NaN,NaN,NaN
9,NaN,NaN,NaN,NaN,NaN,NaN,NaN,NaN
10,NaN,NaN,NaN,NaN,NaN,NaN,NaN,NaN
11,NaN,NaN,NaN,NaN,NaN,NaN,NaN,NaN
1,NaN,NaN,NaN,NaN,NaN,NaN,NaN,NaN
2,NaN,NaN,NaN,NaN,NaN,NaN,NaN,NaN
3,NaN,NaN,NaN,NaN,NaN,NaN,NaN,NaN
4,NaN,NaN,NaN,NaN,NaN,NaN,NaN,NaN
5,NaN,NaN,NaN,NaN,NaN,NaN,NaN,NaN
6,NaN,NaN,NaN,NaN,NaN,NaN,NaN,NaN
7,NaN,NaN,NaN,NaN,NaN,NaN,NaN,NaN
8,NaN,NaN,NaN,NaN,NaN,NaN,NaN,NaN
9,NaN,NaN,NaN,NaN,NaN,NaN,NaN,NaN
10,NaN,NaN,NaN,NaN,NaN,NaN,NaN,NaN
11,NaN,NaN,NaN,NaN,NaN,NaN,NaN,NaN
1,NaN,NaN,NaN,NaN,NaN,NaN,NaN,NaN
2,NaN,NaN,NaN,NaN,NaN,NaN,NaN,NaN
3,NaN,NaN,NaN,NaN,NaN,NaN,NaN,NaN
4,NaN,NaN,NaN,NaN,NaN,NaN,NaN,NaN
5,NaN,NaN,NaN,NaN,NaN,NaN,NaN,NaN
6,NaN,NaN,NaN,NaN,NaN,NaN,NaN,NaN
7,NaN,NaN,NaN,NaN,NaN,NaN,NaN,NaN
8,NaN,NaN,NaN,NaN,NaN,NaN,NaN,NaN
9,NaN,NaN,NaN,NaN,NaN,NaN,NaN,NaN
10,NaN,NaN,NaN,NaN,NaN,NaN,NaN,NaN
11,NaN,NaN,NaN,NaN,NaN,NaN,NaN,NaN
1,NaN,NaN,NaN,NaN,NaN,NaN,NaN,NaN
2,NaN,NaN,NaN,NaN,NaN,NaN,NaN,NaN
3,NaN,NaN,NaN,NaN,NaN,NaN,NaN,NaN
4,NaN,NaN,NaN,NaN,NaN,NaN,NaN,NaN
5,NaN,NaN,NaN,NaN,NaN,NaN,NaN,NaN
6,NaN,NaN,NaN,NaN,NaN,NaN,NaN,NaN
7,NaN,NaN,NaN,NaN,NaN,NaN,NaN,NaN
8,NaN,NaN,NaN,NaN,NaN,NaN,NaN,NaN
9,NaN,NaN,NaN,NaN,NaN,NaN,NaN,NaN
10,NaN,NaN,NaN,NaN,NaN,NaN,NaN,NaN
11,NaN,NaN,NaN,NaN,NaN,NaN,NaN,NaN
1,NaN,NaN,NaN,NaN,NaN,NaN,NaN,NaN
2,NaN,NaN,NaN,NaN,NaN,NaN,NaN,NaN
3,NaN,NaN,NaN,NaN,NaN,NaN,NaN,NaN
4,NaN,NaN,NaN,NaN,NaN,NaN,NaN,NaN
5,NaN,NaN,NaN,NaN,NaN,NaN,NaN,NaN
6,NaN,NaN,NaN,NaN,NaN,NaN,NaN,NaN
7,NaN,NaN,NaN,NaN,NaN,NaN,NaN,NaN
8,NaN,NaN,NaN,NaN,NaN,NaN,NaN,NaN
9,NaN,NaN,NaN,NaN,NaN,NaN,NaN,NaN
10,NaN,NaN,NaN,NaN,NaN,NaN,NaN,NaN
11,NaN,NaN,NaN,NaN,NaN,NaN,NaN,NaN
1,NaN,NaN,NaN,NaN,NaN,NaN,NaN,NaN
2,NaN,NaN,NaN,NaN,NaN,NaN,NaN,NaN
3,NaN,NaN,NaN,NaN,NaN,NaN,NaN,NaN
4,NaN,NaN,NaN,NaN,NaN,NaN,NaN,NaN
5,NaN,NaN,NaN,NaN,NaN,NaN,NaN,NaN
6,NaN,NaN,NaN,NaN,NaN,NaN,NaN,NaN
7,NaN,NaN,NaN,NaN,NaN,NaN,NaN,NaN
8,NaN,NaN,NaN,NaN,NaN,NaN,NaN,NaN
9,NaN,NaN,NaN,NaN,NaN,NaN,NaN,NaN
10,NaN,NaN,NaN,NaN,NaN,NaN,NaN,NaN
11,NaN,NaN,NaN,NaN,NaN,NaN,NaN,NaN
1,NaN,NaN,NaN,NaN,NaN,NaN,NaN,NaN
2,NaN,NaN,NaN,NaN,NaN,NaN,NaN,NaN
3,NaN,NaN,NaN,NaN,NaN,NaN,NaN,NaN
4,NaN,NaN,NaN,NaN,NaN,NaN,NaN,NaN
5,NaN,NaN,NaN,NaN,NaN,NaN,NaN,NaN
6,NaN,NaN,NaN,NaN,NaN,NaN,NaN,NaN
7,NaN,NaN,NaN,NaN,NaN,NaN,NaN,NaN
8,NaN,NaN,NaN,NaN,NaN,NaN,NaN,NaN
9,NaN,NaN,NaN,NaN,NaN,NaN,NaN,NaN
10,NaN,NaN,NaN,NaN,NaN,NaN,NaN,NaN
11,NaN,NaN,NaN,NaN,NaN,NaN,NaN,NaN
1,NaN,NaN,NaN,NaN,NaN,NaN,NaN,NaN
2,NaN,NaN,NaN,NaN,NaN,NaN,NaN,NaN
3,NaN,NaN,NaN,NaN,NaN,NaN,NaN,NaN
4,NaN,NaN,NaN,NaN,NaN,NaN,NaN,NaN
5,NaN,NaN,NaN,NaN,NaN,NaN,NaN,NaN
6,NaN,NaN,NaN,NaN,NaN,NaN,NaN,NaN
7,NaN,NaN,NaN,NaN,NaN,NaN,NaN,NaN
8,NaN,NaN,NaN,NaN,NaN,NaN,NaN,NaN
9,NaN,NaN,NaN,NaN,NaN,NaN,NaN,NaN
10,NaN,NaN,NaN,NaN,NaN,NaN,NaN,NaN
11,NaN,NaN,NaN,NaN,NaN,NaN,NaN,NaN
1,NaN,NaN,NaN,NaN,NaN,NaN,NaN,NaN
2,NaN,NaN,NaN,NaN,NaN,NaN,NaN,NaN
3,NaN,NaN,NaN,NaN,NaN,NaN,NaN,NaN
4,NaN,NaN,NaN,NaN,NaN,NaN,NaN,NaN
5,NaN,NaN,NaN,NaN,NaN,NaN,NaN,NaN
6,NaN,NaN,NaN,NaN,NaN,NaN,NaN,NaN
7,NaN,NaN,NaN,NaN,NaN,NaN,NaN,NaN
8,NaN,NaN,NaN,NaN,NaN,NaN,NaN,NaN
9,NaN,NaN,NaN,NaN,NaN,NaN,NaN,NaN
10,NaN,NaN,NaN,NaN,NaN,NaN,NaN,NaN
11,NaN,NaN,NaN,NaN,NaN,NaN,NaN,NaN
1,NaN,NaN,NaN,NaN,NaN,NaN,NaN,NaN
2,NaN,NaN,NaN,NaN,NaN,NaN,NaN,NaN
3,NaN,NaN,NaN,NaN,NaN,NaN,NaN,NaN
4,NaN,NaN,NaN,NaN,NaN,NaN,NaN,NaN
5,NaN,NaN,NaN,NaN,NaN,NaN,NaN,NaN
6,NaN,NaN,NaN,NaN,NaN,NaN,NaN,NaN
7,NaN,NaN,NaN,NaN,NaN,NaN,NaN,NaN
8,NaN,NaN,NaN,NaN,NaN,NaN,NaN,NaN
9,NaN,NaN,NaN,NaN,NaN,NaN,NaN,NaN
10,NaN,NaN,NaN,NaN,NaN,NaN,NaN,NaN
11,NaN,NaN,NaN,NaN,NaN,NaN,NaN,NaN
1,NaN,NaN,NaN,NaN,NaN,NaN,NaN,NaN
2,NaN,NaN,NaN,NaN,NaN,NaN,NaN,NaN
3,NaN,NaN,NaN,NaN,NaN,NaN,NaN,NaN
4,NaN,NaN,NaN,NaN,NaN,NaN,NaN,NaN
5,NaN,NaN,NaN,NaN,NaN,NaN,NaN,NaN
6,NaN,NaN,NaN,NaN,NaN,NaN,NaN,NaN
7,NaN,NaN,NaN,NaN,NaN,NaN,NaN,NaN
8,NaN,NaN,NaN,NaN,NaN,NaN,NaN,NaN
9,NaN,NaN,NaN,NaN,NaN,NaN,NaN,NaN
10,NaN,NaN,NaN,NaN,NaN,NaN,NaN,NaN
11,NaN,NaN,NaN,NaN,NaN,NaN,NaN,NaN
1,NaN,NaN,NaN,NaN,NaN,NaN,NaN,NaN
2,NaN,NaN,NaN,NaN,NaN,NaN,NaN,NaN
3,NaN,NaN,NaN,NaN,NaN,NaN,NaN,NaN
4,NaN,NaN,NaN,NaN,NaN,NaN,NaN,NaN
5,NaN,NaN,NaN,NaN,NaN,NaN,NaN,NaN
6,NaN,NaN,NaN,NaN,NaN,NaN,NaN,NaN
7,NaN,NaN,NaN,NaN,NaN,NaN,NaN,NaN
8,NaN,NaN,NaN,NaN,NaN,NaN,NaN,NaN
9,NaN,NaN,NaN,NaN,NaN,NaN,NaN,NaN
10,NaN,NaN,NaN,NaN,NaN,NaN,NaN,NaN
11,NaN,NaN,NaN,NaN,NaN,NaN,NaN,NaN
1,NaN,NaN,NaN,NaN,NaN,NaN,NaN,NaN
2,NaN,NaN,NaN,NaN,NaN,NaN,NaN,NaN
3,NaN,NaN,NaN,NaN,NaN,NaN,NaN,NaN
4,NaN,NaN,NaN,NaN,NaN,NaN,NaN,NaN
5,NaN,NaN,NaN,NaN,NaN,NaN,NaN,NaN
6,NaN,NaN,NaN,NaN,NaN,NaN,NaN,NaN
7,NaN,NaN,NaN,NaN,NaN,NaN,NaN,NaN
8,NaN,NaN,NaN,NaN,NaN,NaN,NaN,NaN
9,NaN,NaN,NaN,NaN,NaN,NaN,NaN,NaN
10,NaN,NaN,NaN,NaN,NaN,NaN,NaN,NaN
11,NaN,NaN,NaN,NaN,NaN,NaN,NaN,NaN
1,NaN,NaN,NaN,NaN,NaN,NaN,NaN,NaN
2,NaN,NaN,NaN,NaN,NaN,NaN,NaN,NaN
3,NaN,NaN,NaN,NaN,NaN,NaN,NaN,NaN
4,NaN,NaN,NaN,NaN,NaN,NaN,NaN,NaN
5,NaN,NaN,NaN,NaN,NaN,NaN,NaN,NaN
6,NaN,NaN,NaN,NaN,NaN,NaN,NaN,NaN
7,NaN,NaN,NaN,NaN,NaN,NaN,NaN,NaN
8,NaN,NaN,NaN,NaN,NaN,NaN,NaN,NaN
9,NaN,NaN,NaN,NaN,NaN,NaN,NaN,NaN
10,NaN,NaN,NaN,NaN,NaN,NaN,NaN,NaN
11,NaN,NaN,NaN,NaN,NaN,NaN,NaN,NaN
1,NaN,NaN,NaN,NaN,NaN,NaN,NaN,NaN
2,NaN,NaN,NaN,NaN,NaN,NaN,NaN,NaN
3,NaN,NaN,NaN,NaN,NaN,NaN,NaN,NaN
4,NaN,NaN,NaN,NaN,NaN,NaN,NaN,NaN
5,NaN,NaN,NaN,NaN,NaN,NaN,NaN,NaN
6,NaN,NaN,NaN,NaN,NaN,NaN,NaN,NaN
7,NaN,NaN,NaN,NaN,NaN,NaN,NaN,NaN
8,NaN,NaN,NaN,NaN,NaN,NaN,NaN,NaN
9,NaN,NaN,NaN,NaN,NaN,NaN,NaN,NaN
10,NaN,NaN,NaN,NaN,NaN,NaN,NaN,NaN
11,NaN,NaN,NaN,NaN,NaN,NaN,NaN,NaN
1,NaN,NaN,NaN,NaN,NaN,NaN,NaN,NaN
2,NaN,NaN,NaN,NaN,NaN,NaN,NaN,NaN
3,NaN,NaN,NaN,NaN,NaN,NaN,NaN,NaN
4,NaN,NaN,NaN,NaN,NaN,NaN,NaN,NaN
5,NaN,NaN,NaN,NaN,NaN,NaN,NaN,NaN
6,NaN,NaN,NaN,NaN,NaN,NaN,NaN,NaN
7,NaN,NaN,NaN,NaN,NaN,NaN,NaN,NaN
8,NaN,NaN,NaN,NaN,NaN,NaN,NaN,NaN
9,NaN,NaN,NaN,NaN,NaN,NaN,NaN,NaN
10,NaN,NaN,NaN,NaN,NaN,NaN,NaN,NaN
11,NaN,NaN,NaN,NaN,NaN,NaN,NaN,NaN
1,NaN,NaN,NaN,NaN,NaN,NaN,NaN,NaN
2,NaN,NaN,NaN,NaN,NaN,NaN,NaN,NaN
3,NaN,NaN,NaN,NaN,NaN,NaN,NaN,NaN
4,NaN,NaN,NaN,NaN,NaN,NaN,NaN,NaN
5,NaN,NaN,NaN,NaN,NaN,NaN,NaN,NaN
6,NaN,NaN,NaN,NaN,NaN,NaN,NaN,NaN
7,NaN,NaN,NaN,NaN,NaN,NaN,NaN,NaN
8,NaN,NaN,NaN,NaN,NaN,NaN,NaN,NaN
9,NaN,NaN,NaN,NaN,NaN,NaN,NaN,NaN
10,NaN,NaN,NaN,NaN,NaN,NaN,NaN,NaN
11,NaN,NaN,NaN,NaN,NaN,NaN,NaN,NaN
1,NaN,NaN,NaN,NaN,NaN,NaN,NaN,NaN
2,NaN,NaN,NaN,NaN,NaN,NaN,NaN,NaN
3,NaN,NaN,NaN,NaN,NaN,NaN,NaN,NaN
4,NaN,NaN,NaN,NaN,NaN,NaN,NaN,NaN
5,NaN,NaN,NaN,NaN,NaN,NaN,NaN,NaN
6,NaN,NaN,NaN,NaN,NaN,NaN,NaN,NaN
7,NaN,NaN,NaN,NaN,NaN,NaN,NaN,NaN
8,NaN,NaN,NaN,NaN,NaN,NaN,NaN,NaN
9,NaN,NaN,NaN,NaN,NaN,NaN,NaN,NaN
10,NaN,NaN,NaN,NaN,NaN,NaN,NaN,NaN
11,NaN,NaN,NaN,NaN,NaN,NaN,NaN,NaN
1,NaN,NaN,NaN,NaN,NaN,NaN,NaN,NaN
2,NaN,NaN,NaN,NaN,NaN,NaN,NaN,NaN
3,NaN,NaN,NaN,NaN,NaN,NaN,NaN,NaN
4,NaN,NaN,NaN,NaN,NaN,NaN,NaN,NaN
5,NaN,NaN,NaN,NaN,NaN,NaN,NaN,NaN
6,NaN,NaN,NaN,NaN,NaN,NaN,NaN,NaN
7,NaN,NaN,NaN,NaN,NaN,NaN,NaN,NaN
8,NaN,NaN,NaN,NaN,NaN,NaN,NaN,NaN
9,NaN,NaN,NaN,NaN,NaN,NaN,NaN,NaN
10,NaN,NaN,NaN,NaN,NaN,NaN,NaN,NaN
11,NaN,NaN,NaN,NaN,NaN,NaN,NaN,NaN
1,NaN,NaN,NaN,NaN,NaN,NaN,NaN,NaN
2,NaN,NaN,NaN,NaN,NaN,NaN,NaN,NaN
3,NaN,NaN,NaN,NaN,NaN,NaN,NaN,NaN
4,NaN,NaN,NaN,NaN,NaN,NaN,NaN,NaN
5,NaN,NaN,NaN,NaN,NaN,NaN,NaN,NaN
6,NaN,NaN,NaN,NaN,NaN,NaN,NaN,NaN
7,NaN,NaN,NaN,NaN,NaN,NaN,NaN,NaN
8,NaN,NaN,NaN,NaN,NaN,NaN,NaN,NaN
9,NaN,NaN,NaN,NaN,NaN,NaN,NaN,NaN
10,NaN,NaN,NaN,NaN,NaN,NaN,NaN,NaN
11,NaN,NaN,NaN,NaN,NaN,NaN,NaN,NaN
1,NaN,NaN,NaN,NaN,NaN,NaN,NaN,NaN
2,NaN,NaN,NaN,NaN,NaN,NaN,NaN,NaN
3,NaN,NaN,NaN,NaN,NaN,NaN,NaN,NaN
4,NaN,NaN,NaN,NaN,NaN,NaN,NaN,NaN
5,NaN,NaN,NaN,NaN,NaN,NaN,NaN,NaN
6,NaN,NaN,NaN,NaN,NaN,NaN,NaN,NaN
7,NaN,NaN,NaN,NaN,NaN,NaN,NaN,NaN
8,NaN,NaN,NaN,NaN,NaN,NaN,NaN,NaN
9,NaN,NaN,NaN,NaN,NaN,NaN,NaN,NaN
10,NaN,NaN,NaN,NaN,NaN,NaN,NaN,NaN
11,NaN,NaN,NaN,NaN,NaN,NaN,NaN,NaN
1,NaN,NaN,NaN,NaN,NaN,NaN,NaN,NaN
2,NaN,NaN,NaN,NaN,NaN,NaN,NaN,NaN
3,NaN,NaN,NaN,NaN,NaN,NaN,NaN,NaN
4,NaN,NaN,NaN,NaN,NaN,NaN,NaN,NaN
5,NaN,NaN,NaN,NaN,NaN,NaN,NaN,NaN
6,NaN,NaN,NaN,NaN,NaN,NaN,NaN,NaN
7,NaN,NaN,NaN,NaN,NaN,NaN,NaN,NaN
8,NaN,NaN,NaN,NaN,NaN,NaN,NaN,NaN
9,NaN,NaN,NaN,NaN,NaN,NaN,NaN,NaN
10,NaN,NaN,NaN,NaN,NaN,NaN,NaN,NaN
11,NaN,NaN,NaN,NaN,NaN,NaN,NaN,NaN
1,NaN,NaN,NaN,NaN,NaN,NaN,NaN,NaN
2,NaN,NaN,NaN,NaN,NaN,NaN,NaN,NaN
3,NaN,NaN,NaN,NaN,NaN,NaN,NaN,NaN
4,NaN,NaN,NaN,NaN,NaN,NaN,NaN,NaN
5,NaN,NaN,NaN,NaN,NaN,NaN,NaN,NaN
6,NaN,NaN,NaN,NaN,NaN,NaN,NaN,NaN
7,NaN,NaN,NaN,NaN,NaN,NaN,NaN,NaN
8,NaN,NaN,NaN,NaN,NaN,NaN,NaN,NaN
9,NaN,NaN,NaN,NaN,NaN,NaN,NaN,NaN
10,NaN,NaN,NaN,NaN,NaN,NaN,NaN,NaN
11,NaN,NaN,NaN,NaN,NaN,NaN,NaN,NaN
1,NaN,NaN,NaN,NaN,NaN,NaN,NaN,NaN
2,NaN,NaN,NaN,NaN,NaN,NaN,NaN,NaN
3,NaN,NaN,NaN,NaN,NaN,NaN,NaN,NaN
4,NaN,NaN,NaN,NaN,NaN,NaN,NaN,NaN
5,NaN,NaN,NaN,NaN,NaN,NaN,NaN,NaN
6,NaN,NaN,NaN,NaN,NaN,NaN,NaN,NaN
7,NaN,NaN,NaN,NaN,NaN,NaN,NaN,NaN
8,NaN,NaN,NaN,NaN,NaN,NaN,NaN,NaN
9,NaN,NaN,NaN,NaN,NaN,NaN,NaN,NaN
10,NaN,NaN,NaN,NaN,NaN,NaN,NaN,NaN
11,NaN,NaN,NaN,NaN,NaN,NaN,NaN,NaN
1,NaN,NaN,NaN,NaN,NaN,NaN,NaN,NaN
2,NaN,NaN,NaN,NaN,NaN,NaN,NaN,NaN
3,NaN,NaN,NaN,NaN,NaN,NaN,NaN,NaN
4,NaN,NaN,NaN,NaN,NaN,NaN,NaN,NaN
5,NaN,NaN,NaN,NaN,NaN,NaN,NaN,NaN
6,NaN,NaN,NaN,NaN,NaN,NaN,NaN,NaN
7,NaN,NaN,NaN,NaN,NaN,NaN,NaN,NaN
8,NaN,NaN,NaN,NaN,NaN,NaN,NaN,NaN
9,NaN,NaN,NaN,NaN,NaN,NaN,NaN,NaN
10,NaN,NaN,NaN,NaN,NaN,NaN,NaN,NaN
11,NaN,NaN,NaN,NaN,NaN,NaN,NaN,NaN
1,NaN,NaN,NaN,NaN,NaN,NaN,NaN,NaN
2,NaN,NaN,NaN,NaN,NaN,NaN,NaN,NaN
3,NaN,NaN,NaN,NaN,NaN,NaN,NaN,NaN
4,NaN,NaN,NaN,NaN,NaN,NaN,NaN,NaN
5,NaN,NaN,NaN,NaN,NaN,NaN,NaN,NaN
6,NaN,NaN,NaN,NaN,NaN,NaN,NaN,NaN
7,NaN,NaN,NaN,NaN,NaN,NaN,NaN,NaN
8,NaN,NaN,NaN,NaN,NaN,NaN,NaN,NaN
9,NaN,NaN,NaN,NaN,NaN,NaN,NaN,NaN
10,NaN,NaN,NaN,NaN,NaN,NaN,NaN,NaN
11,NaN,NaN,NaN,NaN,NaN,NaN,NaN,NaN
1,NaN,NaN,NaN,NaN,NaN,NaN,NaN,NaN
2,NaN,NaN,NaN,NaN,NaN,NaN,NaN,NaN
3,NaN,NaN,NaN,NaN,NaN,NaN,NaN,NaN
4,NaN,NaN,NaN,NaN,NaN,NaN,NaN,NaN
5,NaN,NaN,NaN,NaN,NaN,NaN,NaN,NaN
6,NaN,NaN,NaN,NaN,NaN,NaN,NaN,NaN
7,NaN,NaN,NaN,NaN,NaN,NaN,NaN,NaN
8,NaN,NaN,NaN,NaN,NaN,NaN,NaN,NaN
9,NaN,NaN,NaN,NaN,NaN,NaN,NaN,NaN
10,NaN,NaN,NaN,NaN,NaN,NaN,NaN,NaN
11,NaN,NaN,NaN,NaN,NaN,NaN,NaN,NaN
1,NaN,NaN,NaN,NaN,NaN,NaN,NaN,NaN
2,NaN,NaN,NaN,NaN,NaN,NaN,NaN,NaN
3,NaN,NaN,NaN,NaN,NaN,NaN,NaN,NaN
4,NaN,NaN,NaN,NaN,NaN,NaN,NaN,NaN
5,NaN,NaN,NaN,NaN,NaN,NaN,NaN,NaN
6,NaN,NaN,NaN,NaN,NaN,NaN,NaN,NaN
7,NaN,NaN,NaN,NaN,NaN,NaN,NaN,NaN
8,NaN,NaN,NaN,NaN,NaN,NaN,NaN,NaN
9,NaN,NaN,NaN,NaN,NaN,NaN,NaN,NaN
10,NaN,NaN,NaN,NaN,NaN,NaN,NaN,NaN
11,NaN,NaN,NaN,NaN,NaN,NaN,NaN,NaN
1,NaN,NaN,NaN,NaN,NaN,NaN,NaN,NaN
2,NaN,NaN,NaN,NaN,NaN,NaN,NaN,NaN
3,NaN,NaN,NaN,NaN,NaN,NaN,NaN,NaN
4,NaN,NaN,NaN,NaN,NaN,NaN,NaN,NaN
5,NaN,NaN,NaN,NaN,NaN,NaN,NaN,NaN
6,NaN,NaN,NaN,NaN,NaN,NaN,NaN,NaN
7,NaN,NaN,NaN,NaN,NaN,NaN,NaN,NaN
8,NaN,NaN,NaN,NaN,NaN,NaN,NaN,NaN
9,NaN,NaN,NaN,NaN,NaN,NaN,NaN,NaN
10,NaN,NaN,NaN,NaN,NaN,NaN,NaN,NaN
11,NaN,NaN,NaN,NaN,NaN,NaN,NaN,NaN
1,NaN,NaN,NaN,NaN,NaN,NaN,NaN,NaN
2,NaN,NaN,NaN,NaN,NaN,NaN,NaN,NaN
3,NaN,NaN,NaN,NaN,NaN,NaN,NaN,NaN
4,NaN,NaN,NaN,NaN,NaN,NaN,NaN,NaN
5,NaN,NaN,NaN,NaN,NaN,NaN,NaN,NaN
6,NaN,NaN,NaN,NaN,NaN,NaN,NaN,NaN
7,NaN,NaN,NaN,NaN,NaN,NaN,NaN,NaN
8,NaN,NaN,NaN,NaN,NaN,NaN,NaN,NaN
9,NaN,NaN,NaN,NaN,NaN,NaN,NaN,NaN
10,NaN,NaN,NaN,NaN,NaN,NaN,NaN,NaN
11,NaN,NaN,NaN,NaN,NaN,NaN,NaN,NaN
1,NaN,NaN,NaN,NaN,NaN,NaN,NaN,NaN
2,NaN,NaN,NaN,NaN,NaN,NaN,NaN,NaN
3,NaN,NaN,NaN,NaN,NaN,NaN,NaN,NaN
4,NaN,NaN,NaN,NaN,NaN,NaN,NaN,NaN
5,NaN,NaN,NaN,NaN,NaN,NaN,NaN,NaN
6,NaN,NaN,NaN,NaN,NaN,NaN,NaN,NaN
7,NaN,NaN,NaN,NaN,NaN,NaN,NaN,NaN
8,NaN,NaN,NaN,NaN,NaN,NaN,NaN,NaN
9,NaN,NaN,NaN,NaN,NaN,NaN,NaN,NaN
10,NaN,NaN,NaN,NaN,NaN,NaN,NaN,NaN
11,NaN,NaN,NaN,NaN,NaN,NaN,NaN,NaN
1,NaN,NaN,NaN,NaN,NaN,NaN,NaN,NaN
2,NaN,NaN,NaN,NaN,NaN,NaN,NaN,NaN
3,NaN,NaN,NaN,NaN,NaN,NaN,NaN,NaN
4,NaN,NaN,NaN,NaN,NaN,NaN,NaN,NaN
5,NaN,NaN,NaN,NaN,NaN,NaN,NaN,NaN
6,NaN,NaN,NaN,NaN,NaN,NaN,NaN,NaN
7,NaN,NaN,NaN,NaN,NaN,NaN,NaN,NaN
8,NaN,NaN,NaN,NaN,NaN,NaN,NaN,NaN
9,NaN,NaN,NaN,NaN,NaN,NaN,NaN,NaN
10,NaN,NaN,NaN,NaN,NaN,NaN,NaN,NaN
11,NaN,NaN,NaN,NaN,NaN,NaN,NaN,NaN
1,NaN,NaN,NaN,NaN,NaN,NaN,NaN,NaN
2,NaN,NaN,NaN,NaN,NaN,NaN,NaN,NaN
3,NaN,NaN,NaN,NaN,NaN,NaN,NaN,NaN
4,NaN,NaN,NaN,NaN,NaN,NaN,NaN,NaN
5,NaN,NaN,NaN,NaN,NaN,NaN,NaN,NaN
6,NaN,NaN,NaN,NaN,NaN,NaN,NaN,NaN
7,NaN,NaN,NaN,NaN,NaN,NaN,NaN,NaN
8,NaN,NaN,NaN,NaN,NaN,NaN,NaN,NaN
9,NaN,NaN,NaN,NaN,NaN,NaN,NaN,NaN
10,NaN,NaN,NaN,NaN,NaN,NaN,NaN,NaN
11,NaN,NaN,NaN,NaN,NaN,NaN,NaN,NaN
1,NaN,NaN,NaN,NaN,NaN,NaN,NaN,NaN
2,NaN,NaN,NaN,NaN,NaN,NaN,NaN,NaN
3,NaN,NaN,NaN,NaN,NaN,NaN,NaN,NaN
4,NaN,NaN,NaN,NaN,NaN,NaN,NaN,NaN
5,NaN,NaN,NaN,NaN,NaN,NaN,NaN,NaN
6,NaN,NaN,NaN,NaN,NaN,NaN,NaN,NaN
7,NaN,NaN,NaN,NaN,NaN,NaN,NaN,NaN
8,NaN,NaN,NaN,NaN,NaN,NaN,NaN,NaN
9,NaN,NaN,NaN,NaN,NaN,NaN,NaN,NaN
10,NaN,NaN,NaN,NaN,NaN,NaN,NaN,NaN
11,NaN,NaN,NaN,NaN,NaN,NaN,NaN,NaN
1,NaN,NaN,NaN,NaN,NaN,NaN,NaN,NaN
2,NaN,NaN,NaN,NaN,NaN,NaN,NaN,NaN
3,NaN,NaN,NaN,NaN,NaN,NaN,NaN,NaN
4,NaN,NaN,NaN,NaN,NaN,NaN,NaN,NaN
5,NaN,NaN,NaN,NaN,NaN,NaN,NaN,NaN
6,NaN,NaN,NaN,NaN,NaN,NaN,NaN,NaN
7,NaN,NaN,NaN,NaN,NaN,NaN,NaN,NaN
8,NaN,NaN,NaN,NaN,NaN,NaN,NaN,NaN
9,NaN,NaN,NaN,NaN,NaN,NaN,NaN,NaN
10,NaN,NaN,NaN,NaN,NaN,NaN,NaN,NaN
11,NaN,NaN,NaN,NaN,NaN,NaN,NaN,NaN
1,NaN,NaN,NaN,NaN,NaN,NaN,NaN,NaN
2,NaN,NaN,NaN,NaN,NaN,NaN,NaN,NaN
3,NaN,NaN,NaN,NaN,NaN,NaN,NaN,NaN
4,NaN,NaN,NaN,NaN,NaN,NaN,NaN,NaN
5,NaN,NaN,NaN,NaN,NaN,NaN,NaN,NaN
6,NaN,NaN,NaN,NaN,NaN,NaN,NaN,NaN
7,NaN,NaN,NaN,NaN,NaN,NaN,NaN,NaN
8,NaN,NaN,NaN,NaN,NaN,NaN,NaN,NaN
9,NaN,NaN,NaN,NaN,NaN,NaN,NaN,NaN
10,NaN,NaN,NaN,NaN,NaN,NaN,NaN,NaN
11,NaN,NaN,NaN,NaN,NaN,NaN,NaN,NaN
1,NaN,NaN,NaN,NaN,NaN,NaN,NaN,NaN
2,NaN,NaN,NaN,NaN,NaN,NaN,NaN,NaN
3,NaN,NaN,NaN,NaN,NaN,NaN,NaN,NaN
4,NaN,NaN,NaN,NaN,NaN,NaN,NaN,NaN
5,NaN,NaN,NaN,NaN,NaN,NaN,NaN,NaN
6,NaN,NaN,NaN,NaN,NaN,NaN,NaN,NaN
7,NaN,NaN,NaN,NaN,NaN,NaN,NaN,NaN
8,NaN,NaN,NaN,NaN,NaN,NaN,NaN,NaN
9,NaN,NaN,NaN,NaN,NaN,NaN,NaN,NaN
10,NaN,NaN,NaN,NaN,NaN,NaN,NaN,NaN
11,NaN,NaN,NaN,NaN,NaN,NaN,NaN,NaN
1,NaN,NaN,NaN,NaN,NaN,NaN,NaN,NaN
2,NaN,NaN,NaN,NaN,NaN,NaN,NaN,NaN
3,NaN,NaN,NaN,NaN,NaN,NaN,NaN,NaN
4,NaN,NaN,NaN,NaN,NaN,NaN,NaN,NaN
5,NaN,NaN,NaN,NaN,NaN,NaN,NaN,NaN
6,NaN,NaN,NaN,NaN,NaN,NaN,NaN,NaN
7,NaN,NaN,NaN,NaN,NaN,NaN,NaN,NaN
8,NaN,NaN,NaN,NaN,NaN,NaN,NaN,NaN
9,NaN,NaN,NaN,NaN,NaN,NaN,NaN,NaN
10,NaN,NaN,NaN,NaN,NaN,NaN,NaN,NaN
11,NaN,NaN,NaN,NaN,NaN,NaN,NaN,NaN
1,NaN,NaN,NaN,NaN,NaN,NaN,NaN,NaN
2,NaN,NaN,NaN,NaN,NaN,NaN,NaN,NaN
3,NaN,NaN,NaN,NaN,NaN,NaN,NaN,NaN
4,NaN,NaN,NaN,NaN,NaN,NaN,NaN,NaN
5,NaN,NaN,NaN,NaN,NaN,NaN,NaN,NaN
6,NaN,NaN,NaN,NaN,NaN,NaN,NaN,NaN
7,NaN,NaN,NaN,NaN,NaN,NaN,NaN,NaN
8,NaN,NaN,NaN,NaN,NaN,NaN,NaN,NaN
9,NaN,NaN,NaN,NaN,NaN,NaN,NaN,NaN
10,NaN,NaN,NaN,NaN,NaN,NaN,NaN,NaN
11,NaN,NaN,NaN,NaN,NaN,NaN,NaN,NaN
1,NaN,NaN,NaN,NaN,NaN,NaN,NaN,NaN
2,NaN,NaN,NaN,NaN,NaN,NaN,NaN,NaN
3,NaN,NaN,NaN,NaN,NaN,NaN,NaN,NaN
4,NaN,NaN,NaN,NaN,NaN,NaN,NaN,NaN
5,NaN,NaN,NaN,NaN,NaN,NaN,NaN,NaN
6,NaN,NaN,NaN,NaN,NaN,NaN,NaN,NaN
7,NaN,NaN,NaN,NaN,NaN,NaN,NaN,NaN
8,NaN,NaN,NaN,NaN,NaN,NaN,NaN,NaN
9,NaN,NaN,NaN,NaN,NaN,NaN,NaN,NaN
10,NaN,NaN,NaN,NaN,NaN,NaN,NaN,NaN
11,NaN,NaN,NaN,NaN,NaN,NaN,NaN,NaN
1,NaN,NaN,NaN,NaN,NaN,NaN,NaN,NaN
2,NaN,NaN,NaN,NaN,NaN,NaN,NaN,NaN
3,NaN,NaN,NaN,NaN,NaN,NaN,NaN,NaN
4,NaN,NaN,NaN,NaN,NaN,NaN,NaN,NaN
5,NaN,NaN,NaN,NaN,NaN,NaN,NaN,NaN
6,NaN,NaN,NaN,NaN,NaN,NaN,NaN,NaN
7,NaN,NaN,NaN,NaN,NaN,NaN,NaN,NaN
8,NaN,NaN,NaN,NaN,NaN,NaN,NaN,NaN
9,NaN,NaN,NaN,NaN,NaN,NaN,NaN,NaN
10,NaN,NaN,NaN,NaN,NaN,NaN,NaN,NaN
11,NaN,NaN,NaN,NaN,NaN,NaN,NaN,NaN
1,NaN,NaN,NaN,NaN,NaN,NaN,NaN,NaN
2,NaN,NaN,NaN,NaN,NaN,NaN,NaN,NaN
3,NaN,NaN,NaN,NaN,NaN,NaN,NaN,NaN
4,NaN,NaN,NaN,NaN,NaN,NaN,NaN,NaN
5,NaN,NaN,NaN,NaN,NaN,NaN,NaN,NaN
6,NaN,NaN,NaN,NaN,NaN,NaN,NaN,NaN
7,NaN,NaN,NaN,NaN,NaN,NaN,NaN,NaN
8,NaN,NaN,NaN,NaN,NaN,NaN,NaN,NaN
9,NaN,NaN,NaN,NaN,NaN,NaN,NaN,NaN
10,NaN,NaN,NaN,NaN,NaN,NaN,NaN,NaN
11,NaN,NaN,NaN,NaN,NaN,NaN,NaN,NaN
1,NaN,NaN,NaN,NaN,NaN,NaN,NaN,NaN
2,NaN,NaN,NaN,NaN,NaN,NaN,NaN,NaN
3,NaN,NaN,NaN,NaN,NaN,NaN,NaN,NaN
4,NaN,NaN,NaN,NaN,NaN,NaN,NaN,NaN
5,NaN,NaN,NaN,NaN,NaN,NaN,NaN,NaN
6,NaN,NaN,NaN,NaN,NaN,NaN,NaN,NaN
7,NaN,NaN,NaN,NaN,NaN,NaN,NaN,NaN
8,NaN,NaN,NaN,NaN,NaN,NaN,NaN,NaN
9,NaN,NaN,NaN,NaN,NaN,NaN,NaN,NaN
10,NaN,NaN,NaN,NaN,NaN,NaN,NaN,NaN
11,NaN,NaN,NaN,NaN,NaN,NaN,NaN,NaN
1,NaN,NaN,NaN,NaN,NaN,NaN,NaN,NaN
2,NaN,NaN,NaN,NaN,NaN,NaN,NaN,NaN
3,NaN,NaN,NaN,NaN,NaN,NaN,NaN,NaN
4,NaN,NaN,NaN,NaN,NaN,NaN,NaN,NaN
5,NaN,NaN,NaN,NaN,NaN,NaN,NaN,NaN
6,NaN,NaN,NaN,NaN,NaN,NaN,NaN,NaN
7,NaN,NaN,NaN,NaN,NaN,NaN,NaN,NaN
8,NaN,NaN,NaN,NaN,NaN,NaN,NaN,NaN
9,NaN,NaN,NaN,NaN,NaN,NaN,NaN,NaN
10,NaN,NaN,NaN,NaN,NaN,NaN,NaN,NaN
11,NaN,NaN,NaN,NaN,NaN,NaN,NaN,NaN
1,NaN,NaN,NaN,NaN,NaN,NaN,NaN,NaN
2,NaN,NaN,NaN,NaN,NaN,NaN,NaN,NaN
3,NaN,NaN,NaN,NaN,NaN,NaN,NaN,NaN
4,NaN,NaN,NaN,NaN,NaN,NaN,NaN,NaN
5,NaN,NaN,NaN,NaN,NaN,NaN,NaN,NaN
6,NaN,NaN,NaN,NaN,NaN,NaN,NaN,NaN
7,NaN,NaN,NaN,NaN,NaN,NaN,NaN,NaN
8,NaN,NaN,NaN,NaN,NaN,NaN,NaN,NaN
9,NaN,NaN,NaN,NaN,NaN,NaN,NaN,NaN
10,NaN,NaN,NaN,NaN,NaN,NaN,NaN,NaN
11,NaN,NaN,NaN,NaN,NaN,NaN,NaN,NaN
1,NaN,NaN,NaN,NaN,NaN,NaN,NaN,NaN
2,NaN,NaN,NaN,NaN,NaN,NaN,NaN,NaN
3,NaN,NaN,NaN,NaN,NaN,NaN,NaN,NaN
4,NaN,NaN,NaN,NaN,NaN,NaN,NaN,NaN
5,NaN,NaN,NaN,NaN,NaN,NaN,NaN,NaN
6,NaN,NaN,NaN,NaN,NaN,NaN,NaN,NaN
7,NaN,NaN,NaN,NaN,NaN,NaN,NaN,NaN
8,NaN,NaN,NaN,NaN,NaN,NaN,NaN,NaN
9,NaN,NaN,NaN,NaN,NaN,NaN,NaN,NaN
10,NaN,NaN,NaN,NaN,NaN,NaN,NaN,NaN
11,NaN,NaN,NaN,NaN,NaN,NaN,NaN,NaN
1,NaN,NaN,NaN,NaN,NaN,NaN,NaN,NaN
2,NaN,NaN,NaN,NaN,NaN,NaN,NaN,NaN
3,NaN,NaN,NaN,NaN,NaN,NaN,NaN,NaN
4,NaN,NaN,NaN,NaN,NaN,NaN,NaN,NaN
5,NaN,NaN,NaN,NaN,NaN,NaN,NaN,NaN
6,NaN,NaN,NaN,NaN,NaN,NaN,NaN,NaN
7,NaN,NaN,NaN,NaN,NaN,NaN,NaN,NaN
8,NaN,NaN,NaN,NaN,NaN,NaN,NaN,NaN
9,NaN,NaN,NaN,NaN,NaN,NaN,NaN,NaN
10,NaN,NaN,NaN,NaN,NaN,NaN,NaN,NaN
11,NaN,NaN,NaN,NaN,NaN,NaN,NaN,NaN
1,NaN,NaN,NaN,NaN,NaN,NaN,NaN,NaN
2,NaN,NaN,NaN,NaN,NaN,NaN,NaN,NaN
3,NaN,NaN,NaN,NaN,NaN,NaN,NaN,NaN
4,NaN,NaN,NaN,NaN,NaN,NaN,NaN,NaN
5,NaN,NaN,NaN,NaN,NaN,NaN,NaN,NaN
6,NaN,NaN,NaN,NaN,NaN,NaN,NaN,NaN
7,NaN,NaN,NaN,NaN,NaN,NaN,NaN,NaN
8,NaN,NaN,NaN,NaN,NaN,NaN,NaN,NaN
9,NaN,NaN,NaN,NaN,NaN,NaN,NaN,NaN
10,NaN,NaN,NaN,NaN,NaN,NaN,NaN,NaN
11,NaN,NaN,NaN,NaN,NaN,NaN,NaN,NaN
1,NaN,NaN,NaN,NaN,NaN,NaN,NaN,NaN
2,NaN,NaN,NaN,NaN,NaN,NaN,NaN,NaN
3,NaN,NaN,NaN,NaN,NaN,NaN,NaN,NaN
4,NaN,NaN,NaN,NaN,NaN,NaN,NaN,NaN
5,NaN,NaN,NaN,NaN,NaN,NaN,NaN,NaN
6,NaN,NaN,NaN,NaN,NaN,NaN,NaN,NaN
7,NaN,NaN,NaN,NaN,NaN,NaN,NaN,NaN
8,NaN,NaN,NaN,NaN,NaN,NaN,NaN,NaN
9,NaN,NaN,NaN,NaN,NaN,NaN,NaN,NaN
10,NaN,NaN,NaN,NaN,NaN,NaN,NaN,NaN
11,NaN,NaN,NaN,NaN,NaN,NaN,NaN,NaN
1,NaN,NaN,NaN,NaN,NaN,NaN,NaN,NaN
2,NaN,NaN,NaN,NaN,NaN,NaN,NaN,NaN
3,NaN,NaN,NaN,NaN,NaN,NaN,NaN,NaN
4,NaN,NaN,NaN,NaN,NaN,NaN,NaN,NaN
5,NaN,NaN,NaN,NaN,NaN,NaN,NaN,NaN
6,NaN,NaN,NaN,NaN,NaN,NaN,NaN,NaN
7,NaN,NaN,NaN,NaN,NaN,NaN,NaN,NaN
8,NaN,NaN,NaN,NaN,NaN,NaN,NaN,NaN
9,NaN,NaN,NaN,NaN,NaN,NaN,NaN,NaN
10,NaN,NaN,NaN,NaN,NaN,NaN,NaN,NaN
11,NaN,NaN,NaN,NaN,NaN,NaN,NaN,NaN
1,NaN,NaN,NaN,NaN,NaN,NaN,NaN,NaN
2,NaN,NaN,NaN,NaN,NaN,NaN,NaN,NaN
3,NaN,NaN,NaN,NaN,NaN,NaN,NaN,NaN
4,NaN,NaN,NaN,NaN,NaN,NaN,NaN,NaN
5,NaN,NaN,NaN,NaN,NaN,NaN,NaN,NaN
6,NaN,NaN,NaN,NaN,NaN,NaN,NaN,NaN
7,NaN,NaN,NaN,NaN,NaN,NaN,NaN,NaN
8,NaN,NaN,NaN,NaN,NaN,NaN,NaN,NaN
9,NaN,NaN,NaN,NaN,NaN,NaN,NaN,NaN
10,NaN,NaN,NaN,NaN,NaN,NaN,NaN,NaN
11,NaN,NaN,NaN,NaN,NaN,NaN,NaN,NaN
1,NaN,NaN,NaN,NaN,NaN,NaN,NaN,NaN
2,NaN,NaN,NaN,NaN,NaN,NaN,NaN,NaN
3,NaN,NaN,NaN,NaN,NaN,NaN,NaN,NaN
4,NaN,NaN,NaN,NaN,NaN,NaN,NaN,NaN
5,NaN,NaN,NaN,NaN,NaN,NaN,NaN,NaN
6,NaN,NaN,NaN,NaN,NaN,NaN,NaN,NaN
7,NaN,NaN,NaN,NaN,NaN,NaN,NaN,NaN
8,NaN,NaN,NaN,NaN,NaN,NaN,NaN,NaN
9,NaN,NaN,NaN,NaN,NaN,NaN,NaN,NaN
10,NaN,NaN,NaN,NaN,NaN,NaN,NaN,NaN
11,NaN,NaN,NaN,NaN,NaN,NaN,NaN,NaN
1,NaN,NaN,NaN,NaN,NaN,NaN,NaN,NaN
2,NaN,NaN,NaN,NaN,NaN,NaN,NaN,NaN
3,NaN,NaN,NaN,NaN,NaN,NaN,NaN,NaN
4,NaN,NaN,NaN,NaN,NaN,NaN,NaN,NaN
5,NaN,NaN,NaN,NaN,NaN,NaN,NaN,NaN
6,NaN,NaN,NaN,NaN,NaN,NaN,NaN,NaN
7,NaN,NaN,NaN,NaN,NaN,NaN,NaN,NaN
8,NaN,NaN,NaN,NaN,NaN,NaN,NaN,NaN
9,NaN,NaN,NaN,NaN,NaN,NaN,NaN,NaN
10,NaN,NaN,NaN,NaN,NaN,NaN,NaN,NaN
11,NaN,NaN,NaN,NaN,NaN,NaN,NaN,NaN
1,NaN,NaN,NaN,NaN,NaN,NaN,NaN,NaN
2,NaN,NaN,NaN,NaN,NaN,NaN,NaN,NaN
3,NaN,NaN,NaN,NaN,NaN,NaN,NaN,NaN
4,NaN,NaN,NaN,NaN,NaN,NaN,NaN,NaN
5,NaN,NaN,NaN,NaN,NaN,NaN,NaN,NaN
6,NaN,NaN,NaN,NaN,NaN,NaN,NaN,NaN
7,NaN,NaN,NaN,NaN,NaN,NaN,NaN,NaN
8,NaN,NaN,NaN,NaN,NaN,NaN,NaN,NaN
9,NaN,NaN,NaN,NaN,NaN,NaN,NaN,NaN
10,NaN,NaN,NaN,NaN,NaN,NaN,NaN,NaN
11,NaN,NaN,NaN,NaN,NaN,NaN,NaN,NaN
1,NaN,NaN,NaN,NaN,NaN,NaN,NaN,NaN
2,NaN,NaN,NaN,NaN,NaN,NaN,NaN,NaN
3,NaN,NaN,NaN,NaN,NaN,NaN,NaN,NaN
4,NaN,NaN,NaN,NaN,NaN,NaN,NaN,NaN
5,NaN,NaN,NaN,NaN,NaN,NaN,NaN,NaN
6,NaN,NaN,NaN,NaN,NaN,NaN,NaN,NaN
7,NaN,NaN,NaN,NaN,NaN,NaN,NaN,NaN
8,NaN,NaN,NaN,NaN,NaN,NaN,NaN,NaN
9,NaN,NaN,NaN,NaN,NaN,NaN,NaN,NaN
10,NaN,NaN,NaN,NaN,NaN,NaN,NaN,NaN
11,NaN,NaN,NaN,NaN,NaN,NaN,NaN,NaN
1,NaN,NaN,NaN,NaN,NaN,NaN,NaN,NaN
2,NaN,NaN,NaN,NaN,NaN,NaN,NaN,NaN
3,NaN,NaN,NaN,NaN,NaN,NaN,NaN,NaN
4,NaN,NaN,NaN,NaN,NaN,NaN,NaN,NaN
5,NaN,NaN,NaN,NaN,NaN,NaN,NaN,NaN
6,NaN,NaN,NaN,NaN,NaN,NaN,NaN,NaN
7,NaN,NaN,NaN,NaN,NaN,NaN,NaN,NaN
8,NaN,NaN,NaN,NaN,NaN,NaN,NaN,NaN
9,NaN,NaN,NaN,NaN,NaN,NaN,NaN,NaN
10,NaN,NaN,NaN,NaN,NaN,NaN,NaN,NaN
11,NaN,NaN,NaN,NaN,NaN,NaN,NaN,NaN
1,NaN,NaN,NaN,NaN,NaN,NaN,NaN,NaN
2,NaN,NaN,NaN,NaN,NaN,NaN,NaN,NaN
3,NaN,NaN,NaN,NaN,NaN,NaN,NaN,NaN
4,NaN,NaN,NaN,NaN,NaN,NaN,NaN,NaN
5,NaN,NaN,NaN,NaN,NaN,NaN,NaN,NaN
6,NaN,NaN,NaN,NaN,NaN,NaN,NaN,NaN
7,NaN,NaN,NaN,NaN,NaN,NaN,NaN,NaN
8,NaN,NaN,NaN,NaN,NaN,NaN,NaN,NaN
9,NaN,NaN,NaN,NaN,NaN,NaN,NaN,NaN
10,NaN,NaN,NaN,NaN,NaN,NaN,NaN,NaN
11,NaN,NaN,NaN,NaN,NaN,NaN,NaN,NaN
1,NaN,NaN,NaN,NaN,NaN,NaN,NaN,NaN
2,NaN,NaN,NaN,NaN,NaN,NaN,NaN,NaN
3,NaN,NaN,NaN,NaN,NaN,NaN,NaN,NaN
4,NaN,NaN,NaN,NaN,NaN,NaN,NaN,NaN
5,NaN,NaN,NaN,NaN,NaN,NaN,NaN,NaN
6,NaN,NaN,NaN,NaN,NaN,NaN,NaN,NaN
7,NaN,NaN,NaN,NaN,NaN,NaN,NaN,NaN
8,NaN,NaN,NaN,NaN,NaN,NaN,NaN,NaN
9,NaN,NaN,NaN,NaN,NaN,NaN,NaN,NaN
10,NaN,NaN,NaN,NaN,NaN,NaN,NaN,NaN
11,NaN,NaN,NaN,NaN,NaN,NaN,NaN,NaN
1,NaN,NaN,NaN,NaN,NaN,NaN,NaN,NaN
2,NaN,NaN,NaN,NaN,NaN,NaN,NaN,NaN
3,NaN,NaN,NaN,NaN,NaN,NaN,NaN,NaN
4,NaN,NaN,NaN,NaN,NaN,NaN,NaN,NaN
5,NaN,NaN,NaN,NaN,NaN,NaN,NaN,NaN
6,NaN,NaN,NaN,NaN,NaN,NaN,NaN,NaN
7,NaN,NaN,NaN,NaN,NaN,NaN,NaN,NaN
8,NaN,NaN,NaN,NaN,NaN,NaN,NaN,NaN
9,NaN,NaN,NaN,NaN,NaN,NaN,NaN,NaN
10,NaN,NaN,NaN,NaN,NaN,NaN,NaN,NaN
11,NaN,NaN,NaN,NaN,NaN,NaN,NaN,NaN
1,NaN,NaN,NaN,NaN,NaN,NaN,NaN,NaN
2,NaN,NaN,NaN,NaN,NaN,NaN,NaN,NaN
3,NaN,NaN,NaN,NaN,NaN,NaN,NaN,NaN
4,NaN,NaN,NaN,NaN,NaN,NaN,NaN,NaN
5,NaN,NaN,NaN,NaN,NaN,NaN,NaN,NaN
6,NaN,NaN,NaN,NaN,NaN,NaN,NaN,NaN
7,NaN,NaN,NaN,NaN,NaN,NaN,NaN,NaN
8,NaN,NaN,NaN,NaN,NaN,NaN,NaN,NaN
9,NaN,NaN,NaN,NaN,NaN,NaN,NaN,NaN
10,NaN,NaN,NaN,NaN,NaN,NaN,NaN,NaN
11,NaN,NaN,NaN,NaN,NaN,NaN,NaN,NaN
1,NaN,NaN,NaN,NaN,NaN,NaN,NaN,NaN
2,NaN,NaN,NaN,NaN,NaN,NaN,NaN,NaN
3,NaN,NaN,NaN,NaN,NaN,NaN,NaN,NaN
4,NaN,NaN,NaN,NaN,NaN,NaN,NaN,NaN
5,NaN,NaN,NaN,NaN,NaN,NaN,NaN,NaN
6,NaN,NaN,NaN,NaN,NaN,NaN,NaN,NaN
7,NaN,NaN,NaN,NaN,NaN,NaN,NaN,NaN
8,NaN,NaN,NaN,NaN,NaN,NaN,NaN,NaN
9,NaN,NaN,NaN,NaN,NaN,NaN,NaN,NaN
10,NaN,NaN,NaN,NaN,NaN,NaN,NaN,NaN
11,NaN,NaN,NaN,NaN,NaN,NaN,NaN,NaN
1,NaN,NaN,NaN,NaN,NaN,NaN,NaN,NaN
2,NaN,NaN,NaN,NaN,NaN,NaN,NaN,NaN
3,NaN,NaN,NaN,NaN,NaN,NaN,NaN,NaN
4,NaN,NaN,NaN,NaN,NaN,NaN,NaN,NaN
5,NaN,NaN,NaN,NaN,NaN,NaN,NaN,NaN
6,NaN,NaN,NaN,NaN,NaN,NaN,NaN,NaN
7,NaN,NaN,NaN,NaN,NaN,NaN,NaN,NaN
8,NaN,NaN,NaN,NaN,NaN,NaN,NaN,NaN
9,NaN,NaN,NaN,NaN,NaN,NaN,NaN,NaN
10,NaN,NaN,NaN,NaN,NaN,NaN,NaN,NaN
11,NaN,NaN,NaN,NaN,NaN,NaN,NaN,NaN
1,NaN,NaN,NaN,NaN,NaN,NaN,NaN,NaN
2,NaN,NaN,NaN,NaN,NaN,NaN,NaN,NaN
3,NaN,NaN,NaN,NaN,NaN,NaN,NaN,NaN
4,NaN,NaN,NaN,NaN,NaN,NaN,NaN,NaN
5,NaN,NaN,NaN,NaN,NaN,NaN,NaN,NaN
6,NaN,NaN,NaN,NaN,NaN,NaN,NaN,NaN
7,NaN,NaN,NaN,NaN,NaN,NaN,NaN,NaN
8,NaN,NaN,NaN,NaN,NaN,NaN,NaN,NaN
9,NaN,NaN,NaN,NaN,NaN,NaN,NaN,NaN
10,NaN,NaN,NaN,NaN,NaN,NaN,NaN,NaN
11,NaN,NaN,NaN,NaN,NaN,NaN,NaN,NaN
1,NaN,NaN,NaN,NaN,NaN,NaN,NaN,NaN
2,NaN,NaN,NaN,NaN,NaN,NaN,NaN,NaN
3,NaN,NaN,NaN,NaN,NaN,NaN,NaN,NaN
4,NaN,NaN,NaN,NaN,NaN,NaN,NaN,NaN
5,NaN,NaN,NaN,NaN,NaN,NaN,NaN,NaN
6,NaN,NaN,NaN,NaN,NaN,NaN,NaN,NaN
7,NaN,NaN,NaN,NaN,NaN,NaN,NaN,NaN
8,NaN,NaN,NaN,NaN,NaN,NaN,NaN,NaN
9,NaN,NaN,NaN,NaN,NaN,NaN,NaN,NaN
10,NaN,NaN,NaN,NaN,NaN,NaN,NaN,NaN
11,NaN,NaN,NaN,NaN,NaN,NaN,NaN,NaN
1,NaN,NaN,NaN,NaN,NaN,NaN,NaN,NaN
2,NaN,NaN,NaN,NaN,NaN,NaN,NaN,NaN
3,NaN,NaN,NaN,NaN,NaN,NaN,NaN,NaN
4,NaN,NaN,NaN,NaN,NaN,NaN,NaN,NaN
5,NaN,NaN,NaN,NaN,NaN,NaN,NaN,NaN
6,NaN,NaN,NaN,NaN,NaN,NaN,NaN,NaN
7,NaN,NaN,NaN,NaN,NaN,NaN,NaN,NaN
8,NaN,NaN,NaN,NaN,NaN,NaN,NaN,NaN
9,NaN,NaN,NaN,NaN,NaN,NaN,NaN,NaN
10,NaN,NaN,NaN,NaN,NaN,NaN,NaN,NaN
11,NaN,NaN,NaN,NaN,NaN,NaN,NaN,NaN
1,NaN,NaN,NaN,NaN,NaN,NaN,NaN,NaN
2,NaN,NaN,NaN,NaN,NaN,NaN,NaN,NaN
3,NaN,NaN,NaN,NaN,NaN,NaN,NaN,NaN
4,NaN,NaN,NaN,NaN,NaN,NaN,NaN,NaN
5,NaN,NaN,NaN,NaN,NaN,NaN,NaN,NaN
6,NaN,NaN,NaN,NaN,NaN,NaN,NaN,NaN
7,NaN,NaN,NaN,NaN,NaN,NaN,NaN,NaN
8,NaN,NaN,NaN,NaN,NaN,NaN,NaN,NaN
9,NaN,NaN,NaN,NaN,NaN,NaN,NaN,NaN
10,NaN,NaN,NaN,NaN,NaN,NaN,NaN,NaN
11,NaN,NaN,NaN,NaN,NaN,NaN,NaN,NaN
1,NaN,NaN,NaN,NaN,NaN,NaN,NaN,NaN
2,NaN,NaN,NaN,NaN,NaN,NaN,NaN,NaN
3,NaN,NaN,NaN,NaN,NaN,NaN,NaN,NaN
4,NaN,NaN,NaN,NaN,NaN,NaN,NaN,NaN
5,NaN,NaN,NaN,NaN,NaN,NaN,NaN,NaN
6,NaN,NaN,NaN,NaN,NaN,NaN,NaN,NaN
7,NaN,NaN,NaN,NaN,NaN,NaN,NaN,NaN
8,NaN,NaN,NaN,NaN,NaN,NaN,NaN,NaN
9,NaN,NaN,NaN,NaN,NaN,NaN,NaN,NaN
10,NaN,NaN,NaN,NaN,NaN,NaN,NaN,NaN
11,NaN,NaN,NaN,NaN,NaN,NaN,NaN,NaN
1,NaN,NaN,NaN,NaN,NaN,NaN,NaN,NaN
2,NaN,NaN,NaN,NaN,NaN,NaN,NaN,NaN
3,NaN,NaN,NaN,NaN,NaN,NaN,NaN,NaN
4,NaN,NaN,NaN,NaN,NaN,NaN,NaN,NaN
5,NaN,NaN,NaN,NaN,NaN,NaN,NaN,NaN
6,NaN,NaN,NaN,NaN,NaN,NaN,NaN,NaN
7,NaN,NaN,NaN,NaN,NaN,NaN,NaN,NaN
8,NaN,NaN,NaN,NaN,NaN,NaN,NaN,NaN
9,NaN,NaN,NaN,NaN,NaN,NaN,NaN,NaN
10,NaN,NaN,NaN,NaN,NaN,NaN,NaN,NaN
11,NaN,NaN,NaN,NaN,NaN,NaN,NaN,NaN
1,NaN,NaN,NaN,NaN,NaN,NaN,NaN,NaN
2,NaN,NaN,NaN,NaN,NaN,NaN,NaN,NaN
3,NaN,NaN,NaN,NaN,NaN,NaN,NaN,NaN
4,NaN,NaN,NaN,NaN,NaN,NaN,NaN,NaN
5,NaN,NaN,NaN,NaN,NaN,NaN,NaN,NaN
6,NaN,NaN,NaN,NaN,NaN,NaN,NaN,NaN
7,NaN,NaN,NaN,NaN,NaN,NaN,NaN,NaN
8,NaN,NaN,NaN,NaN,NaN,NaN,NaN,NaN
9,NaN,NaN,NaN,NaN,NaN,NaN,NaN,NaN
10,NaN,NaN,NaN,NaN,NaN,NaN,NaN,NaN
11,NaN,NaN,NaN,NaN,NaN,NaN,NaN,NaN
1,NaN,NaN,NaN,NaN,NaN,NaN,NaN,NaN
2,NaN,NaN,NaN,NaN,NaN,NaN,NaN,NaN
3,NaN,NaN,NaN,NaN,NaN,NaN,NaN,NaN
4,NaN,NaN,NaN,NaN,NaN,NaN,NaN,NaN
5,NaN,NaN,NaN,NaN,NaN,NaN,NaN,NaN
6,NaN,NaN,NaN,NaN,NaN,NaN,NaN,NaN
7,NaN,NaN,NaN,NaN,NaN,NaN,NaN,NaN
8,NaN,NaN,NaN,NaN,NaN,NaN,NaN,NaN
9,NaN,NaN,NaN,NaN,NaN,NaN,NaN,NaN
10,NaN,NaN,NaN,NaN,NaN,NaN,NaN,NaN
11,NaN,NaN,NaN,NaN,NaN,NaN,NaN,NaN
1,NaN,NaN,NaN,NaN,NaN,NaN,NaN,NaN
2,NaN,NaN,NaN,NaN,NaN,NaN,NaN,NaN
3,NaN,NaN,NaN,NaN,NaN,NaN,NaN,NaN
4,NaN,NaN,NaN,NaN,NaN,NaN,NaN,NaN
5,NaN,NaN,NaN,NaN,NaN,NaN,NaN,NaN
6,NaN,NaN,NaN,NaN,NaN,NaN,NaN,NaN
7,NaN,NaN,NaN,NaN,NaN,NaN,NaN,NaN
8,NaN,NaN,NaN,NaN,NaN,NaN,NaN,NaN
9,NaN,NaN,NaN,NaN,NaN,NaN,NaN,NaN
10,NaN,NaN,NaN,NaN,NaN,NaN,NaN,NaN
11,NaN,NaN,NaN,NaN,NaN,NaN,NaN,NaN
1,NaN,NaN,NaN,NaN,NaN,NaN,NaN,NaN
2,NaN,NaN,NaN,NaN,NaN,NaN,NaN,NaN
3,NaN,NaN,NaN,NaN,NaN,NaN,NaN,NaN
4,NaN,NaN,NaN,NaN,NaN,NaN,NaN,NaN
5,NaN,NaN,NaN,NaN,NaN,NaN,NaN,NaN
6,NaN,NaN,NaN,NaN,NaN,NaN,NaN,NaN
7,NaN,NaN,NaN,NaN,NaN,NaN,NaN,NaN
8,NaN,NaN,NaN,NaN,NaN,NaN,NaN,NaN
9,NaN,NaN,NaN,NaN,NaN,NaN,NaN,NaN
10,NaN,NaN,NaN,NaN,NaN,NaN,NaN,NaN
11,NaN,NaN,NaN,NaN,NaN,NaN,NaN,NaN
1,NaN,NaN,NaN,NaN,NaN,NaN,NaN,NaN
2,NaN,NaN,NaN,NaN,NaN,NaN,NaN,NaN
3,NaN,NaN,NaN,NaN,NaN,NaN,NaN,NaN
4,NaN,NaN,NaN,NaN,NaN,NaN,NaN,NaN
5,NaN,NaN,NaN,NaN,NaN,NaN,NaN,NaN
6,NaN,NaN,NaN,NaN,NaN,NaN,NaN,NaN
7,NaN,NaN,NaN,NaN,NaN,NaN,NaN,NaN
8,NaN,NaN,NaN,NaN,NaN,NaN,NaN,NaN
9,NaN,NaN,NaN,NaN,NaN,NaN,NaN,NaN
10,NaN,NaN,NaN,NaN,NaN,NaN,NaN,NaN
11,NaN,NaN,NaN,NaN,NaN,NaN,NaN,NaN
1,NaN,NaN,NaN,NaN,NaN,NaN,NaN,NaN
2,NaN,NaN,NaN,NaN,NaN,NaN,NaN,NaN
3,NaN,NaN,NaN,NaN,NaN,NaN,NaN,NaN
4,NaN,NaN,NaN,NaN,NaN,NaN,NaN,NaN
5,NaN,NaN,NaN,NaN,NaN,NaN,NaN,NaN
6,NaN,NaN,NaN,NaN,NaN,NaN,NaN,NaN
7,NaN,NaN,NaN,NaN,NaN,NaN,NaN,NaN
8,NaN,NaN,NaN,NaN,NaN,NaN,NaN,NaN
9,NaN,NaN,NaN,NaN,NaN,NaN,NaN,NaN
10,NaN,NaN,NaN,NaN,NaN,NaN,NaN,NaN
11,NaN,NaN,NaN,NaN,NaN,NaN,NaN,NaN
1,NaN,NaN,NaN,NaN,NaN,NaN,NaN,NaN
2,NaN,NaN,NaN,NaN,NaN,NaN,NaN,NaN
3,NaN,NaN,NaN,NaN,NaN,NaN,NaN,NaN
4,NaN,NaN,NaN,NaN,NaN,NaN,NaN,NaN
5,NaN,NaN,NaN,NaN,NaN,NaN,NaN,NaN
6,NaN,NaN,NaN,NaN,NaN,NaN,NaN,NaN
7,NaN,NaN,NaN,NaN,NaN,NaN,NaN,NaN
8,NaN,NaN,NaN,NaN,NaN,NaN,NaN,NaN
9,NaN,NaN,NaN,NaN,NaN,NaN,NaN,NaN
10,NaN,NaN,NaN,NaN,NaN,NaN,NaN,NaN
11,NaN,NaN,NaN,NaN,NaN,NaN,NaN,NaN
1,NaN,NaN,NaN,NaN,NaN,NaN,NaN,NaN
2,NaN,NaN,NaN,NaN,NaN,NaN,NaN,NaN
3,NaN,NaN,NaN,NaN,NaN,NaN,NaN,NaN
4,NaN,NaN,NaN,NaN,NaN,NaN,NaN,NaN
5,NaN,NaN,NaN,NaN,NaN,NaN,NaN,NaN
6,NaN,NaN,NaN,NaN,NaN,NaN,NaN,NaN
7,NaN,NaN,NaN,NaN,NaN,NaN,NaN,NaN
8,NaN,NaN,NaN,NaN,NaN,NaN,NaN,NaN
9,NaN,NaN,NaN,NaN,NaN,NaN,NaN,NaN
10,NaN,NaN,NaN,NaN,NaN,NaN,NaN,NaN
11,NaN,NaN,NaN,NaN,NaN,NaN,NaN,NaN
1,NaN,NaN,NaN,NaN,NaN,NaN,NaN,NaN
2,NaN,NaN,NaN,NaN,NaN,NaN,NaN,NaN
3,NaN,NaN,NaN,NaN,NaN,NaN,NaN,NaN
4,NaN,NaN,NaN,NaN,NaN,NaN,NaN,NaN
5,NaN,NaN,NaN,NaN,NaN,NaN,NaN,NaN
6,NaN,NaN,NaN,NaN,NaN,NaN,NaN,NaN
7,NaN,NaN,NaN,NaN,NaN,NaN,NaN,NaN
8,NaN,NaN,NaN,NaN,NaN,NaN,NaN,NaN
9,NaN,NaN,NaN,NaN,NaN,NaN,NaN,NaN
10,NaN,NaN,NaN,NaN,NaN,NaN,NaN,NaN
11,NaN,NaN,NaN,NaN,NaN,NaN,NaN,NaN
1,NaN,NaN,NaN,NaN,NaN,NaN,NaN,NaN
2,NaN,NaN,NaN,NaN,NaN,NaN,NaN,NaN
3,NaN,NaN,NaN,NaN,NaN,NaN,NaN,NaN
4,NaN,NaN,NaN,NaN,NaN,NaN,NaN,NaN
5,NaN,NaN,NaN,NaN,NaN,NaN,NaN,NaN
6,NaN,NaN,NaN,NaN,NaN,NaN,NaN,NaN
7,NaN,NaN,NaN,NaN,NaN,NaN,NaN,NaN
8,NaN,NaN,NaN,NaN,NaN,NaN,NaN,NaN
9,NaN,NaN,NaN,NaN,NaN,NaN,NaN,NaN
10,NaN,NaN,NaN,NaN,NaN,NaN,NaN,NaN
11,NaN,NaN,NaN,NaN,NaN,NaN,NaN,NaN
1,NaN,NaN,NaN,NaN,NaN,NaN,NaN,NaN
2,NaN,NaN,NaN,NaN,NaN,NaN,NaN,NaN
3,NaN,NaN,NaN,NaN,NaN,NaN,NaN,NaN
4,NaN,NaN,NaN,NaN,NaN,NaN,NaN,NaN
5,NaN,NaN,NaN,NaN,NaN,NaN,NaN,NaN
6,NaN,NaN,NaN,NaN,NaN,NaN,NaN,NaN
7,NaN,NaN,NaN,NaN,NaN,NaN,NaN,NaN
8,NaN,NaN,NaN,NaN,NaN,NaN,NaN,NaN
9,NaN,NaN,NaN,NaN,NaN,NaN,NaN,NaN
10,NaN,NaN,NaN,NaN,NaN,NaN,NaN,NaN
11,NaN,NaN,NaN,NaN,NaN,NaN,NaN,NaN
1,NaN,NaN,NaN,NaN,NaN,NaN,NaN,NaN
2,NaN,NaN,NaN,NaN,NaN,NaN,NaN,NaN
3,NaN,NaN,NaN,NaN,NaN,NaN,NaN,NaN
4,NaN,NaN,NaN,NaN,NaN,NaN,NaN,NaN
5,NaN,NaN,NaN,NaN,NaN,NaN,NaN,NaN
6,NaN,NaN,NaN,NaN,NaN,NaN,NaN,NaN
7,NaN,NaN,NaN,NaN,NaN,NaN,NaN,NaN
8,NaN,NaN,NaN,NaN,NaN,NaN,NaN,NaN
9,NaN,NaN,NaN,NaN,NaN,NaN,NaN,NaN
10,NaN,NaN,NaN,NaN,NaN,NaN,NaN,NaN
11,NaN,NaN,NaN,NaN,NaN,NaN,NaN,NaN
1,NaN,NaN,NaN,NaN,NaN,NaN,NaN,NaN
2,NaN,NaN,NaN,NaN,NaN,NaN,NaN,NaN
3,NaN,NaN,NaN,NaN,NaN,NaN,NaN,NaN
4,NaN,NaN,NaN,NaN,NaN,NaN,NaN,NaN
5,NaN,NaN,NaN,NaN,NaN,NaN,NaN,NaN
6,NaN,NaN,NaN,NaN,NaN,NaN,NaN,NaN
7,NaN,NaN,NaN,NaN,NaN,NaN,NaN,NaN
8,NaN,NaN,NaN,NaN,NaN,NaN,NaN,NaN
9,NaN,NaN,NaN,NaN,NaN,NaN,NaN,NaN
10,NaN,NaN,NaN,NaN,NaN,NaN,NaN,NaN
11,NaN,NaN,NaN,NaN,NaN,NaN,NaN,NaN
1,NaN,NaN,NaN,NaN,NaN,NaN,NaN,NaN
2,NaN,NaN,NaN,NaN,NaN,NaN,NaN,NaN
3,NaN,NaN,NaN,NaN,NaN,NaN,NaN,NaN
4,NaN,NaN,NaN,NaN,NaN,NaN,NaN,NaN
5,NaN,NaN,NaN,NaN,NaN,NaN,NaN,NaN
6,NaN,NaN,NaN,NaN,NaN,NaN,NaN,NaN
7,NaN,NaN,NaN,NaN,NaN,NaN,NaN,NaN
8,NaN,NaN,NaN,NaN,NaN,NaN,NaN,NaN
9,NaN,NaN,NaN,NaN,NaN,NaN,NaN,NaN
10,NaN,NaN,NaN,NaN,NaN,NaN,NaN,NaN
11,NaN,NaN,NaN,NaN,NaN,NaN,NaN,NaN
1,NaN,NaN,NaN,NaN,NaN,NaN,NaN,NaN
2,NaN,NaN,NaN,NaN,NaN,NaN,NaN,NaN
3,NaN,NaN,NaN,NaN,NaN,NaN,NaN,NaN
4,NaN,NaN,NaN,NaN,NaN,NaN,NaN,NaN
5,NaN,NaN,NaN,NaN,NaN,NaN,NaN,NaN
6,NaN,NaN,NaN,NaN,NaN,NaN,NaN,NaN
7,NaN,NaN,NaN,NaN,NaN,NaN,NaN,NaN
8,NaN,NaN,NaN,NaN,NaN,NaN,NaN,NaN
9,NaN,NaN,NaN,NaN,NaN,NaN,NaN,NaN
10,NaN,NaN,NaN,NaN,NaN,NaN,NaN,NaN
11,NaN,NaN,NaN,NaN,NaN,NaN,NaN,NaN
1,NaN,NaN,NaN,NaN,NaN,NaN,NaN,NaN
2,NaN,NaN,NaN,NaN,NaN,NaN,NaN,NaN
3,NaN,NaN,NaN,NaN,NaN,NaN,NaN,NaN
4,NaN,NaN,NaN,NaN,NaN,NaN,NaN,NaN
5,NaN,NaN,NaN,NaN,NaN,NaN,NaN,NaN
6,NaN,NaN,NaN,NaN,NaN,NaN,NaN,NaN
7,NaN,NaN,NaN,NaN,NaN,NaN,NaN,NaN
8,NaN,NaN,NaN,NaN,NaN,NaN,NaN,NaN
9,NaN,NaN,NaN,NaN,NaN,NaN,NaN,NaN
10,NaN,NaN,NaN,NaN,NaN,NaN,NaN,NaN
11,NaN,NaN,NaN,NaN,NaN,NaN,NaN,NaN
1,NaN,NaN,NaN,NaN,NaN,NaN,NaN,NaN
2,NaN,NaN,NaN,NaN,NaN,NaN,NaN,NaN
3,NaN,NaN,NaN,NaN,NaN,NaN,NaN,NaN
4,NaN,NaN,NaN,NaN,NaN,NaN,NaN,NaN
5,NaN,NaN,NaN,NaN,NaN,NaN,NaN,NaN
6,NaN,NaN,NaN,NaN,NaN,NaN,NaN,NaN
7,NaN,NaN,NaN,NaN,NaN,NaN,NaN,NaN
8,NaN,NaN,NaN,NaN,NaN,NaN,NaN,NaN
9,NaN,NaN,NaN,NaN,NaN,NaN,NaN,NaN
10,NaN,NaN,NaN,NaN,NaN,NaN,NaN,NaN
11,NaN,NaN,NaN,NaN,NaN,NaN,NaN,NaN
1,NaN,NaN,NaN,NaN,NaN,NaN,NaN,NaN
2,NaN,NaN,NaN,NaN,NaN,NaN,NaN,NaN
3,NaN,NaN,NaN,NaN,NaN,NaN,NaN,NaN
4,NaN,NaN,NaN,NaN,NaN,NaN,NaN,NaN
5,NaN,NaN,NaN,NaN,NaN,NaN,NaN,NaN
6,NaN,NaN,NaN,NaN,NaN,NaN,NaN,NaN
7,NaN,NaN,NaN,NaN,NaN,NaN,NaN,NaN
8,NaN,NaN,NaN,NaN,NaN,NaN,NaN,NaN
9,NaN,NaN,NaN,NaN,NaN,NaN,NaN,NaN
10,NaN,NaN,NaN,NaN,NaN,NaN,NaN,NaN
11,NaN,NaN,NaN,NaN,NaN,NaN,NaN,NaN
1,NaN,NaN,NaN,NaN,NaN,NaN,NaN,NaN
2,NaN,NaN,NaN,NaN,NaN,NaN,NaN,NaN
3,NaN,NaN,NaN,NaN,NaN,NaN,NaN,NaN
4,NaN,NaN,NaN,NaN,NaN,NaN,NaN,NaN
5,NaN,NaN,NaN,NaN,NaN,NaN,NaN,NaN
6,NaN,NaN,NaN,NaN,NaN,NaN,NaN,NaN
7,NaN,NaN,NaN,NaN,NaN,NaN,NaN,NaN
8,NaN,NaN,NaN,NaN,NaN,NaN,NaN,NaN
9,NaN,NaN,NaN,NaN,NaN,NaN,NaN,NaN
10,NaN,NaN,NaN,NaN,NaN,NaN,NaN,NaN
11,NaN,NaN,NaN,NaN,NaN,NaN,NaN,NaN
1,NaN,NaN,NaN,NaN,NaN,NaN,NaN,NaN
2,NaN,NaN,NaN,NaN,NaN,NaN,NaN,NaN
3,NaN,NaN,NaN,NaN,NaN,NaN,NaN,NaN
4,NaN,NaN,NaN,NaN,NaN,NaN,NaN,NaN
5,NaN,NaN,NaN,NaN,NaN,NaN,NaN,NaN
6,NaN,NaN,NaN,NaN,NaN,NaN,NaN,NaN
7,NaN,NaN,NaN,NaN,NaN,NaN,NaN,NaN
8,NaN,NaN,NaN,NaN,NaN,NaN,NaN,NaN
9,NaN,NaN,NaN,NaN,NaN,NaN,NaN,NaN
10,NaN,NaN,NaN,NaN,NaN,NaN,NaN,NaN
11,NaN,NaN,NaN,NaN,NaN,NaN,NaN,NaN
1,NaN,NaN,NaN,NaN,NaN,NaN,NaN,NaN
2,NaN,NaN,NaN,NaN,NaN,NaN,NaN,NaN
3,NaN,NaN,NaN,NaN,NaN,NaN,NaN,NaN
4,NaN,NaN,NaN,NaN,NaN,NaN,NaN,NaN
5,NaN,NaN,NaN,NaN,NaN,NaN,NaN,NaN
6,NaN,NaN,NaN,NaN,NaN,NaN,NaN,NaN
7,NaN,NaN,NaN,NaN,NaN,NaN,NaN,NaN
8,NaN,NaN,NaN,NaN,NaN,NaN,NaN,NaN
9,NaN,NaN,NaN,NaN,NaN,NaN,NaN,NaN
10,NaN,NaN,NaN,NaN,NaN,NaN,NaN,NaN
11,NaN,NaN,NaN,NaN,NaN,NaN,NaN,NaN
1,NaN,NaN,NaN,NaN,NaN,NaN,NaN,NaN
2,NaN,NaN,NaN,NaN,NaN,NaN,NaN,NaN
3,NaN,NaN,NaN,NaN,NaN,NaN,NaN,NaN
4,NaN,NaN,NaN,NaN,NaN,NaN,NaN,NaN
5,NaN,NaN,NaN,NaN,NaN,NaN,NaN,NaN
6,NaN,NaN,NaN,NaN,NaN,NaN,NaN,NaN
7,NaN,NaN,NaN,NaN,NaN,NaN,NaN,NaN
8,NaN,NaN,NaN,NaN,NaN,NaN,NaN,NaN
9,NaN,NaN,NaN,NaN,NaN,NaN,NaN,NaN
10,NaN,NaN,NaN,NaN,NaN,NaN,NaN,NaN
11,NaN,NaN,NaN,NaN,NaN,NaN,NaN,NaN
1,NaN,NaN,NaN,NaN,NaN,NaN,NaN,NaN
2,NaN,NaN,NaN,NaN,NaN,NaN,NaN,NaN
3,NaN,NaN,NaN,NaN,NaN,NaN,NaN,NaN
4,NaN,NaN,NaN,NaN,NaN,NaN,NaN,NaN
5,NaN,NaN,NaN,NaN,NaN,NaN,NaN,NaN
6,NaN,NaN,NaN,NaN,NaN,NaN,NaN,NaN
7,NaN,NaN,NaN,NaN,NaN,NaN,NaN,NaN
8,NaN,NaN,NaN,NaN,NaN,NaN,NaN,NaN
9,NaN,NaN,NaN,NaN,NaN,NaN,NaN,NaN
10,NaN,NaN,NaN,NaN,NaN,NaN,NaN,NaN
11,NaN,NaN,NaN,NaN,NaN,NaN,NaN,NaN
1,NaN,NaN,NaN,NaN,NaN,NaN,NaN,NaN
2,NaN,NaN,NaN,NaN,NaN,NaN,NaN,NaN
3,NaN,NaN,NaN,NaN,NaN,NaN,NaN,NaN
4,NaN,NaN,NaN,NaN,NaN,NaN,NaN,NaN
5,NaN,NaN,NaN,NaN,NaN,NaN,NaN,NaN
6,NaN,NaN,NaN,NaN,NaN,NaN,NaN,NaN
7,NaN,NaN,NaN,NaN,NaN,NaN,NaN,NaN
8,NaN,NaN,NaN,NaN,NaN,NaN,NaN,NaN
9,NaN,NaN,NaN,NaN,NaN,NaN,NaN,NaN
10,NaN,NaN,NaN,NaN,NaN,NaN,NaN,NaN
11,NaN,NaN,NaN,NaN,NaN,NaN,NaN,NaN
1,NaN,NaN,NaN,NaN,NaN,NaN,NaN,NaN
2,NaN,NaN,NaN,NaN,NaN,NaN,NaN,NaN
3,NaN,NaN,NaN,NaN,NaN,NaN,NaN,NaN
4,NaN,NaN,NaN,NaN,NaN,NaN,NaN,NaN
5,NaN,NaN,NaN,NaN,NaN,NaN,NaN,NaN
6,NaN,NaN,NaN,NaN,NaN,NaN,NaN,NaN
7,NaN,NaN,NaN,NaN,NaN,NaN,NaN,NaN
8,NaN,NaN,NaN,NaN,NaN,NaN,NaN,NaN
9,NaN,NaN,NaN,NaN,NaN,NaN,NaN,NaN
10,NaN,NaN,NaN,NaN,NaN,NaN,NaN,NaN
11,NaN,NaN,NaN,NaN,NaN,NaN,NaN,NaN
1,NaN,NaN,NaN,NaN,NaN,NaN,NaN,NaN
2,NaN,NaN,NaN,NaN,NaN,NaN,NaN,NaN
3,NaN,NaN,NaN,NaN,NaN,NaN,NaN,NaN
4,NaN,NaN,NaN,NaN,NaN,NaN,NaN,NaN
5,NaN,NaN,NaN,NaN,NaN,NaN,NaN,NaN
6,NaN,NaN,NaN,NaN,NaN,NaN,NaN,NaN
7,NaN,NaN,NaN,NaN,NaN,NaN,NaN,NaN
8,NaN,NaN,NaN,NaN,NaN,NaN,NaN,NaN
9,NaN,NaN,NaN,NaN,NaN,NaN,NaN,NaN
10,NaN,NaN,NaN,NaN,NaN,NaN,NaN,NaN
11,NaN,NaN,NaN,NaN,NaN,NaN,NaN,NaN
1,NaN,NaN,NaN,NaN,NaN,NaN,NaN,NaN
2,NaN,NaN,NaN,NaN,NaN,NaN,NaN,NaN
3,NaN,NaN,NaN,NaN,NaN,NaN,NaN,NaN
4,NaN,NaN,NaN,NaN,NaN,NaN,NaN,NaN
5,NaN,NaN,NaN,NaN,NaN,NaN,NaN,NaN
6,NaN,NaN,NaN,NaN,NaN,NaN,NaN,NaN
7,NaN,NaN,NaN,NaN,NaN,NaN,NaN,NaN
8,NaN,NaN,NaN,NaN,NaN,NaN,NaN,NaN
9,NaN,NaN,NaN,NaN,NaN,NaN,NaN,NaN
10,NaN,NaN,NaN,NaN,NaN,NaN,NaN,NaN
11,NaN,NaN,NaN,NaN,NaN,NaN,NaN,NaN
1,NaN,NaN,NaN,NaN,NaN,NaN,NaN,NaN
2,NaN,NaN,NaN,NaN,NaN,NaN,NaN,NaN
3,NaN,NaN,NaN,NaN,NaN,NaN,NaN,NaN
4,NaN,NaN,NaN,NaN,NaN,NaN,NaN,NaN
5,NaN,NaN,NaN,NaN,NaN,NaN,NaN,NaN
6,NaN,NaN,NaN,NaN,NaN,NaN,NaN,NaN
7,NaN,NaN,NaN,NaN,NaN,NaN,NaN,NaN
8,NaN,NaN,NaN,NaN,NaN,NaN,NaN,NaN
9,NaN,NaN,NaN,NaN,NaN,NaN,NaN,NaN
10,NaN,NaN,NaN,NaN,NaN,NaN,NaN,NaN
11,NaN,NaN,NaN,NaN,NaN,NaN,NaN,NaN
1,NaN,NaN,NaN,NaN,NaN,NaN,NaN,NaN
2,NaN,NaN,NaN,NaN,NaN,NaN,NaN,NaN
3,NaN,NaN,NaN,NaN,NaN,NaN,NaN,NaN
4,NaN,NaN,NaN,NaN,NaN,NaN,NaN,NaN
5,NaN,NaN,NaN,NaN,NaN,NaN,NaN,NaN
6,NaN,NaN,NaN,NaN,NaN,NaN,NaN,NaN
7,NaN,NaN,NaN,NaN,NaN,NaN,NaN,NaN
8,NaN,NaN,NaN,NaN,NaN,NaN,NaN,NaN
9,NaN,NaN,NaN,NaN,NaN,NaN,NaN,NaN
10,NaN,NaN,NaN,NaN,NaN,NaN,NaN,NaN
11,NaN,NaN,NaN,NaN,NaN,NaN,NaN,NaN
1,NaN,NaN,NaN,NaN,NaN,NaN,NaN,NaN
2,NaN,NaN,NaN,NaN,NaN,NaN,NaN,NaN
3,NaN,NaN,NaN,NaN,NaN,NaN,NaN,NaN
4,NaN,NaN,NaN,NaN,NaN,NaN,NaN,NaN
5,NaN,NaN,NaN,NaN,NaN,NaN,NaN,NaN
6,NaN,NaN,NaN,NaN,NaN,NaN,NaN,NaN
7,NaN,NaN,NaN,NaN,NaN,NaN,NaN,NaN
8,NaN,NaN,NaN,NaN,NaN,NaN,NaN,NaN
9,NaN,NaN,NaN,NaN,NaN,NaN,NaN,NaN
10,NaN,NaN,NaN,NaN,NaN,NaN,NaN,NaN
11,NaN,NaN,NaN,NaN,NaN,NaN,NaN,NaN
1,NaN,NaN,NaN,NaN,NaN,NaN,NaN,NaN
2,NaN,NaN,NaN,NaN,NaN,NaN,NaN,NaN
3,NaN,NaN,NaN,NaN,NaN,NaN,NaN,NaN
4,NaN,NaN,NaN,NaN,NaN,NaN,NaN,NaN
5,NaN,NaN,NaN,NaN,NaN,NaN,NaN,NaN
6,NaN,NaN,NaN,NaN,NaN,NaN,NaN,NaN
7,NaN,NaN,NaN,NaN,NaN,NaN,NaN,NaN
8,NaN,NaN,NaN,NaN,NaN,NaN,NaN,NaN
9,NaN,NaN,NaN,NaN,NaN,NaN,NaN,NaN
10,NaN,NaN,NaN,NaN,NaN,NaN,NaN,NaN
11,NaN,NaN,NaN,NaN,NaN,NaN,NaN,NaN
1,NaN,NaN,NaN,NaN,NaN,NaN,NaN,NaN
2,NaN,NaN,NaN,NaN,NaN,NaN,NaN,NaN
3,NaN,NaN,NaN,NaN,NaN,NaN,NaN,NaN
4,NaN,NaN,NaN,NaN,NaN,NaN,NaN,NaN
5,NaN,NaN,NaN,NaN,NaN,NaN,NaN,NaN
6,NaN,NaN,NaN,NaN,NaN,NaN,NaN,NaN
7,NaN,NaN,NaN,NaN,NaN,NaN,NaN,NaN
8,NaN,NaN,NaN,NaN,NaN,NaN,NaN,NaN
9,NaN,NaN,NaN,NaN,NaN,NaN,NaN,NaN
10,NaN,NaN,NaN,NaN,NaN,NaN,NaN,NaN
11,NaN,NaN,NaN,NaN,NaN,NaN,NaN,NaN
1,NaN,NaN,NaN,NaN,NaN,NaN,NaN,NaN
2,NaN,NaN,NaN,NaN,NaN,NaN,NaN,NaN
3,NaN,NaN,NaN,NaN,NaN,NaN,NaN,NaN
4,NaN,NaN,NaN,NaN,NaN,NaN,NaN,NaN
5,NaN,NaN,NaN,NaN,NaN,NaN,NaN,NaN
6,NaN,NaN,NaN,NaN,NaN,NaN,NaN,NaN
7,NaN,NaN,NaN,NaN,NaN,NaN,NaN,NaN
8,NaN,NaN,NaN,NaN,NaN,NaN,NaN,NaN
9,NaN,NaN,NaN,NaN,NaN,NaN,NaN,NaN
10,NaN,NaN,NaN,NaN,NaN,NaN,NaN,NaN
11,NaN,NaN,NaN,NaN,NaN,NaN,NaN,NaN
1,NaN,NaN,NaN,NaN,NaN,NaN,NaN,NaN
2,NaN,NaN,NaN,NaN,NaN,NaN,NaN,NaN
3,NaN,NaN,NaN,NaN,NaN,NaN,NaN,NaN
4,NaN,NaN,NaN,NaN,NaN,NaN,NaN,NaN
5,NaN,NaN,NaN,NaN,NaN,NaN,NaN,NaN
6,NaN,NaN,NaN,NaN,NaN,NaN,NaN,NaN
7,NaN,NaN,NaN,NaN,NaN,NaN,NaN,NaN
8,NaN,NaN,NaN,NaN,NaN,NaN,NaN,NaN
9,NaN,NaN,NaN,NaN,NaN,NaN,NaN,NaN
10,NaN,NaN,NaN,NaN,NaN,NaN,NaN,NaN
11,NaN,NaN,NaN,NaN,NaN,NaN,NaN,NaN
1,NaN,NaN,NaN,NaN,NaN,NaN,NaN,NaN
2,NaN,NaN,NaN,NaN,NaN,NaN,NaN,NaN
3,NaN,NaN,NaN,NaN,NaN,NaN,NaN,NaN
4,NaN,NaN,NaN,NaN,NaN,NaN,NaN,NaN
5,NaN,NaN,NaN,NaN,NaN,NaN,NaN,NaN
6,NaN,NaN,NaN,NaN,NaN,NaN,NaN,NaN
7,NaN,NaN,NaN,NaN,NaN,NaN,NaN,NaN
8,NaN,NaN,NaN,NaN,NaN,NaN,NaN,NaN
9,NaN,NaN,NaN,NaN,NaN,NaN,NaN,NaN
10,NaN,NaN,NaN,NaN,NaN,NaN,NaN,NaN
11,NaN,NaN,NaN,NaN,NaN,NaN,NaN,NaN
1,NaN,NaN,NaN,NaN,NaN,NaN,NaN,NaN
2,NaN,NaN,NaN,NaN,NaN,NaN,NaN,NaN
3,NaN,NaN,NaN,NaN,NaN,NaN,NaN,NaN
4,NaN,NaN,NaN,NaN,NaN,NaN,NaN,NaN
5,NaN,NaN,NaN,NaN,NaN,NaN,NaN,NaN
6,NaN,NaN,NaN,NaN,NaN,NaN,NaN,NaN
7,NaN,NaN,NaN,NaN,NaN,NaN,NaN,NaN
8,NaN,NaN,NaN,NaN,NaN,NaN,NaN,NaN
9,NaN,NaN,NaN,NaN,NaN,NaN,NaN,NaN
10,NaN,NaN,NaN,NaN,NaN,NaN,NaN,NaN
11,NaN,NaN,NaN,NaN,NaN,NaN,NaN,NaN
1,NaN,NaN,NaN,NaN,NaN,NaN,NaN,NaN
2,NaN,NaN,NaN,NaN,NaN,NaN,NaN,NaN
3,NaN,NaN,NaN,NaN,NaN,NaN,NaN,NaN
4,NaN,NaN,NaN,NaN,NaN,NaN,NaN,NaN
5,NaN,NaN,NaN,NaN,NaN,NaN,NaN,NaN
6,NaN,NaN,NaN,NaN,NaN,NaN,NaN,NaN
7,NaN,NaN,NaN,NaN,NaN,NaN,NaN,NaN
8,NaN,NaN,NaN,NaN,NaN,NaN,NaN,NaN
9,NaN,NaN,NaN,NaN,NaN,NaN,NaN,NaN
10,NaN,NaN,NaN,NaN,NaN,NaN,NaN,NaN
11,NaN,NaN,NaN,NaN,NaN,NaN,NaN,NaN
1,NaN,NaN,NaN,NaN,NaN,NaN,NaN,NaN
2,NaN,NaN,NaN,NaN,NaN,NaN,NaN,NaN
3,NaN,NaN,NaN,NaN,NaN,NaN,NaN,NaN
4,NaN,NaN,NaN,NaN,NaN,NaN,NaN,NaN
5,NaN,NaN,NaN,NaN,NaN,NaN,NaN,NaN
6,NaN,NaN,NaN,NaN,NaN,NaN,NaN,NaN
7,NaN,NaN,NaN,NaN,NaN,NaN,NaN,NaN
8,NaN,NaN,NaN,NaN,NaN,NaN,NaN,NaN
9,NaN,NaN,NaN,NaN,NaN,NaN,NaN,NaN
10,NaN,NaN,NaN,NaN,NaN,NaN,NaN,NaN
11,NaN,NaN,NaN,NaN,NaN,NaN,NaN,NaN
1,NaN,NaN,NaN,NaN,NaN,NaN,NaN,NaN
2,NaN,NaN,NaN,NaN,NaN,NaN,NaN,NaN
3,NaN,NaN,NaN,NaN,NaN,NaN,NaN,NaN
4,NaN,NaN,NaN,NaN,NaN,NaN,NaN,NaN
5,NaN,NaN,NaN,NaN,NaN,NaN,NaN,NaN
6,NaN,NaN,NaN,NaN,NaN,NaN,NaN,NaN
7,NaN,NaN,NaN,NaN,NaN,NaN,NaN,NaN
8,NaN,NaN,NaN,NaN,NaN,NaN,NaN,NaN
9,NaN,NaN,NaN,NaN,NaN,NaN,NaN,NaN
10,NaN,NaN,NaN,NaN,NaN,NaN,NaN,NaN
11,NaN,NaN,NaN,NaN,NaN,NaN,NaN,NaN
1,NaN,NaN,NaN,NaN,NaN,NaN,NaN,NaN
2,NaN,NaN,NaN,NaN,NaN,NaN,NaN,NaN
3,NaN,NaN,NaN,NaN,NaN,NaN,NaN,NaN
4,NaN,NaN,NaN,NaN,NaN,NaN,NaN,NaN
5,NaN,NaN,NaN,NaN,NaN,NaN,NaN,NaN
6,NaN,NaN,NaN,NaN,NaN,NaN,NaN,NaN
7,NaN,NaN,NaN,NaN,NaN,NaN,NaN,NaN
8,NaN,NaN,NaN,NaN,NaN,NaN,NaN,NaN
9,NaN,NaN,NaN,NaN,NaN,NaN,NaN,NaN
10,NaN,NaN,NaN,NaN,NaN,NaN,NaN,NaN
11,NaN,NaN,NaN,NaN,NaN,NaN,NaN,NaN
1,NaN,NaN,NaN,NaN,NaN,NaN,NaN,NaN
2,NaN,NaN,NaN,NaN,NaN,NaN,NaN,NaN
3,NaN,NaN,NaN,NaN,NaN,NaN,NaN,NaN
4,NaN,NaN,NaN,NaN,NaN,NaN,NaN,NaN
5,NaN,NaN,NaN,NaN,NaN,NaN,NaN,NaN
6,NaN,NaN,NaN,NaN,NaN,NaN,NaN,NaN
7,NaN,NaN,NaN,NaN,NaN,NaN,NaN,NaN
8,NaN,NaN,NaN,NaN,NaN,NaN,NaN,NaN
9,NaN,NaN,NaN,NaN,NaN,NaN,NaN,NaN
10,NaN,NaN,NaN,NaN,NaN,NaN,NaN,NaN
11,NaN,NaN,NaN,NaN,NaN,NaN,NaN,NaN
1,NaN,NaN,NaN,NaN,NaN,NaN,NaN,NaN
2,NaN,NaN,NaN,NaN,NaN,NaN,NaN,NaN
3,NaN,NaN,NaN,NaN,NaN,NaN,NaN,NaN
4,NaN,NaN,NaN,NaN,NaN,NaN,NaN,NaN
5,NaN,NaN,NaN,NaN,NaN,NaN,NaN,NaN
6,NaN,NaN,NaN,NaN,NaN,NaN,NaN,NaN
7,NaN,NaN,NaN,NaN,NaN,NaN,NaN,NaN
8,NaN,NaN,NaN,NaN,NaN,NaN,NaN,NaN
9,NaN,NaN,NaN,NaN,NaN,NaN,NaN,NaN
10,NaN,NaN,NaN,NaN,NaN,NaN,NaN,NaN
11,NaN,NaN,NaN,NaN,NaN,NaN,NaN,NaN
1,NaN,NaN,NaN,NaN,NaN,NaN,NaN,NaN
2,NaN,NaN,NaN,NaN,NaN,NaN,NaN,NaN
3,NaN,NaN,NaN,NaN,NaN,NaN,NaN,NaN
4,NaN,NaN,NaN,NaN,NaN,NaN,NaN,NaN
5,NaN,NaN,NaN,NaN,NaN,NaN,NaN,NaN
6,NaN,NaN,NaN,NaN,NaN,NaN,NaN,NaN
7,NaN,NaN,NaN,NaN,NaN,NaN,NaN,NaN
8,NaN,NaN,NaN,NaN,NaN,NaN,NaN,NaN
9,NaN,NaN,NaN,NaN,NaN,NaN,NaN,NaN
10,NaN,NaN,NaN,NaN,NaN,NaN,NaN,NaN
11,NaN,NaN,NaN,NaN,NaN,NaN,NaN,NaN
1,NaN,NaN,NaN,NaN,NaN,NaN,NaN,NaN
2,NaN,NaN,NaN,NaN,NaN,NaN,NaN,NaN
3,NaN,NaN,NaN,NaN,NaN,NaN,NaN,NaN
4,NaN,NaN,NaN,NaN,NaN,NaN,NaN,NaN
5,NaN,NaN,NaN,NaN,NaN,NaN,NaN,NaN
6,NaN,NaN,NaN,NaN,NaN,NaN,NaN,NaN
7,NaN,NaN,NaN,NaN,NaN,NaN,NaN,NaN
8,NaN,NaN,NaN,NaN,NaN,NaN,NaN,NaN
9,NaN,NaN,NaN,NaN,NaN,NaN,NaN,NaN
10,NaN,NaN,NaN,NaN,NaN,NaN,NaN,NaN
11,NaN,NaN,NaN,NaN,NaN,NaN,NaN,NaN
1,NaN,NaN,NaN,NaN,NaN,NaN,NaN,NaN
2,NaN,NaN,NaN,NaN,NaN,NaN,NaN,NaN
3,NaN,NaN,NaN,NaN,NaN,NaN,NaN,NaN
4,NaN,NaN,NaN,NaN,NaN,NaN,NaN,NaN
5,NaN,NaN,NaN,NaN,NaN,NaN,NaN,NaN
6,NaN,NaN,NaN,NaN,NaN,NaN,NaN,NaN
7,NaN,NaN,NaN,NaN,NaN,NaN,NaN,NaN
8,NaN,NaN,NaN,NaN,NaN,NaN,NaN,NaN
9,NaN,NaN,NaN,NaN,NaN,NaN,NaN,NaN
10,NaN,NaN,NaN,NaN,NaN,NaN,NaN,NaN
11,NaN,NaN,NaN,NaN,NaN,NaN,NaN,NaN
1,NaN,NaN,NaN,NaN,NaN,NaN,NaN,NaN
2,NaN,NaN,NaN,NaN,NaN,NaN,NaN,NaN
3,NaN,NaN,NaN,NaN,NaN,NaN,NaN,NaN
4,NaN,NaN,NaN,NaN,NaN,NaN,NaN,NaN
5,NaN,NaN,NaN,NaN,NaN,NaN,NaN,NaN
6,NaN,NaN,NaN,NaN,NaN,NaN,NaN,NaN
7,NaN,NaN,NaN,NaN,NaN,NaN,NaN,NaN
8,NaN,NaN,NaN,NaN,NaN,NaN,NaN,NaN
9,NaN,NaN,NaN,NaN,NaN,NaN,NaN,NaN
10,NaN,NaN,NaN,NaN,NaN,NaN,NaN,NaN
11,NaN,NaN,NaN,NaN,NaN,NaN,NaN,NaN
1,NaN,NaN,NaN,NaN,NaN,NaN,NaN,NaN
2,NaN,NaN,NaN,NaN,NaN,NaN,NaN,NaN
3,NaN,NaN,NaN,NaN,NaN,NaN,NaN,NaN
4,NaN,NaN,NaN,NaN,NaN,NaN,NaN,NaN
5,NaN,NaN,NaN,NaN,NaN,NaN,NaN,NaN
6,NaN,NaN,NaN,NaN,NaN,NaN,NaN,NaN
7,NaN,NaN,NaN,NaN,NaN,NaN,NaN,NaN
8,NaN,NaN,NaN,NaN,NaN,NaN,NaN,NaN
9,NaN,NaN,NaN,NaN,NaN,NaN,NaN,NaN
10,NaN,NaN,NaN,NaN,NaN,NaN,NaN,NaN
11,NaN,NaN,NaN,NaN,NaN,NaN,NaN,NaN
1,NaN,NaN,NaN,NaN,NaN,NaN,NaN,NaN
2,NaN,NaN,NaN,NaN,NaN,NaN,NaN,NaN
3,NaN,NaN,NaN,NaN,NaN,NaN,NaN,NaN
4,NaN,NaN,NaN,NaN,NaN,NaN,NaN,NaN
5,NaN,NaN,NaN,NaN,NaN,NaN,NaN,NaN
6,NaN,NaN,NaN,NaN,NaN,NaN,NaN,NaN
7,NaN,NaN,NaN,NaN,NaN,NaN,NaN,NaN
8,NaN,NaN,NaN,NaN,NaN,NaN,NaN,NaN
9,NaN,NaN,NaN,NaN,NaN,NaN,NaN,NaN
10,NaN,NaN,NaN,NaN,NaN,NaN,NaN,NaN
11,NaN,NaN,NaN,NaN,NaN,NaN,NaN,NaN
1,NaN,NaN,NaN,NaN,NaN,NaN,NaN,NaN
2,NaN,NaN,NaN,NaN,NaN,NaN,NaN,NaN
3,NaN,NaN,NaN,NaN,NaN,NaN,NaN,NaN
4,NaN,NaN,NaN,NaN,NaN,NaN,NaN,NaN
5,NaN,NaN,NaN,NaN,NaN,NaN,NaN,NaN
6,NaN,NaN,NaN,NaN,NaN,NaN,NaN,NaN
7,NaN,NaN,NaN,NaN,NaN,NaN,NaN,NaN
8,NaN,NaN,NaN,NaN,NaN,NaN,NaN,NaN
9,NaN,NaN,NaN,NaN,NaN,NaN,NaN,NaN
10,NaN,NaN,NaN,NaN,NaN,NaN,NaN,NaN
11,NaN,NaN,NaN,NaN,NaN,NaN,NaN,NaN
1,NaN,NaN,NaN,NaN,NaN,NaN,NaN,NaN
2,NaN,NaN,NaN,NaN,NaN,NaN,NaN,NaN
3,NaN,NaN,NaN,NaN,NaN,NaN,NaN,NaN
4,NaN,NaN,NaN,NaN,NaN,NaN,NaN,NaN
5,NaN,NaN,NaN,NaN,NaN,NaN,NaN,NaN
6,NaN,NaN,NaN,NaN,NaN,NaN,NaN,NaN
7,NaN,NaN,NaN,NaN,NaN,NaN,NaN,NaN
8,NaN,NaN,NaN,NaN,NaN,NaN,NaN,NaN
9,NaN,NaN,NaN,NaN,NaN,NaN,NaN,NaN
10,NaN,NaN,NaN,NaN,NaN,NaN,NaN,NaN
11,NaN,NaN,NaN,NaN,NaN,NaN,NaN,NaN
1,NaN,NaN,NaN,NaN,NaN,NaN,NaN,NaN
2,NaN,NaN,NaN,NaN,NaN,NaN,NaN,NaN
3,NaN,NaN,NaN,NaN,NaN,NaN,NaN,NaN
4,NaN,NaN,NaN,NaN,NaN,NaN,NaN,NaN
5,NaN,NaN,NaN,NaN,NaN,NaN,NaN,NaN
6,NaN,NaN,NaN,NaN,NaN,NaN,NaN,NaN
7,NaN,NaN,NaN,NaN,NaN,NaN,NaN,NaN
8,NaN,NaN,NaN,NaN,NaN,NaN,NaN,NaN
9,NaN,NaN,NaN,NaN,NaN,NaN,NaN,NaN
10,NaN,NaN,NaN,NaN,NaN,NaN,NaN,NaN
11,NaN,NaN,NaN,NaN,NaN,NaN,NaN,NaN
1,NaN,NaN,NaN,NaN,NaN,NaN,NaN,NaN
2,NaN,NaN,NaN,NaN,NaN,NaN,NaN,NaN
3,NaN,NaN,NaN,NaN,NaN,NaN,NaN,NaN
4,NaN,NaN,NaN,NaN,NaN,NaN,NaN,NaN
5,NaN,NaN,NaN,NaN,NaN,NaN,NaN,NaN
6,NaN,NaN,NaN,NaN,NaN,NaN,NaN,NaN
7,NaN,NaN,NaN,NaN,NaN,NaN,NaN,NaN
8,NaN,NaN,NaN,NaN,NaN,NaN,NaN,NaN
9,NaN,NaN,NaN,NaN,NaN,NaN,NaN,NaN
10,NaN,NaN,NaN,NaN,NaN,NaN,NaN,NaN
11,NaN,NaN,NaN,NaN,NaN,NaN,NaN,NaN
1,NaN,NaN,NaN,NaN,NaN,NaN,NaN,NaN
2,NaN,NaN,NaN,NaN,NaN,NaN,NaN,NaN
3,NaN,NaN,NaN,NaN,NaN,NaN,NaN,NaN
4,NaN,NaN,NaN,NaN,NaN,NaN,NaN,NaN
5,NaN,NaN,NaN,NaN,NaN,NaN,NaN,NaN
6,NaN,NaN,NaN,NaN,NaN,NaN,NaN,NaN
7,NaN,NaN,NaN,NaN,NaN,NaN,NaN,NaN
8,NaN,NaN,NaN,NaN,NaN,NaN,NaN,NaN
9,NaN,NaN,NaN,NaN,NaN,NaN,NaN,NaN
10,NaN,NaN,NaN,NaN,NaN,NaN,NaN,NaN
11,NaN,NaN,NaN,NaN,NaN,NaN,NaN,NaN
1,NaN,NaN,NaN,NaN,NaN,NaN,NaN,NaN
2,NaN,NaN,NaN,NaN,NaN,NaN,NaN,NaN
3,NaN,NaN,NaN,NaN,NaN,NaN,NaN,NaN
4,NaN,NaN,NaN,NaN,NaN,NaN,NaN,NaN
5,NaN,NaN,NaN,NaN,NaN,NaN,NaN,NaN
6,NaN,NaN,NaN,NaN,NaN,NaN,NaN,NaN
7,NaN,NaN,NaN,NaN,NaN,NaN,NaN,NaN
8,NaN,NaN,NaN,NaN,NaN,NaN,NaN,NaN
9,NaN,NaN,NaN,NaN,NaN,NaN,NaN,NaN
10,NaN,NaN,NaN,NaN,NaN,NaN,NaN,NaN
11,NaN,NaN,NaN,NaN,NaN,NaN,NaN,NaN
1,NaN,NaN,NaN,NaN,NaN,NaN,NaN,NaN
2,NaN,NaN,NaN,NaN,NaN,NaN,NaN,NaN
3,NaN,NaN,NaN,NaN,NaN,NaN,NaN,NaN
4,NaN,NaN,NaN,NaN,NaN,NaN,NaN,NaN
5,NaN,NaN,NaN,NaN,NaN,NaN,NaN,NaN
6,NaN,NaN,NaN,NaN,NaN,NaN,NaN,NaN
7,NaN,NaN,NaN,NaN,NaN,NaN,NaN,NaN
8,NaN,NaN,NaN,NaN,NaN,NaN,NaN,NaN
9,NaN,NaN,NaN,NaN,NaN,NaN,NaN,NaN
10,NaN,NaN,NaN,NaN,NaN,NaN,NaN,NaN
11,NaN,NaN,NaN,NaN,NaN,NaN,NaN,NaN
1,NaN,NaN,NaN,NaN,NaN,NaN,NaN,NaN
2,NaN,NaN,NaN,NaN,NaN,NaN,NaN,NaN
3,NaN,NaN,NaN,NaN,NaN,NaN,NaN,NaN
4,NaN,NaN,NaN,NaN,NaN,NaN,NaN,NaN
5,NaN,NaN,NaN,NaN,NaN,NaN,NaN,NaN
6,NaN,NaN,NaN,NaN,NaN,NaN,NaN,NaN
7,NaN,NaN,NaN,NaN,NaN,NaN,NaN,NaN
8,NaN,NaN,NaN,NaN,NaN,NaN,NaN,NaN
9,NaN,NaN,NaN,NaN,NaN,NaN,NaN,NaN
10,NaN,NaN,NaN,NaN,NaN,NaN,NaN,NaN
11,NaN,NaN,NaN,NaN,NaN,NaN,NaN,NaN
1,NaN,NaN,NaN,NaN,NaN,NaN,NaN,NaN
2,NaN,NaN,NaN,NaN,NaN,NaN,NaN,NaN
3,NaN,NaN,NaN,NaN,NaN,NaN,NaN,NaN
4,NaN,NaN,NaN,NaN,NaN,NaN,NaN,NaN
5,NaN,NaN,NaN,NaN,NaN,NaN,NaN,NaN
6,NaN,NaN,NaN,NaN,NaN,NaN,NaN,NaN
7,NaN,NaN,NaN,NaN,NaN,NaN,NaN,NaN
8,NaN,NaN,NaN,NaN,NaN,NaN,NaN,NaN
9,NaN,NaN,NaN,NaN,NaN,NaN,NaN,NaN
10,NaN,NaN,NaN,NaN,NaN,NaN,NaN,NaN
11,NaN,NaN,NaN,NaN,NaN,NaN,NaN,NaN
1,NaN,NaN,NaN,NaN,NaN,NaN,NaN,NaN
2,NaN,NaN,NaN,NaN,NaN,NaN,NaN,NaN
3,NaN,NaN,NaN,NaN,NaN,NaN,NaN,NaN
4,NaN,NaN,NaN,NaN,NaN,NaN,NaN,NaN
5,NaN,NaN,NaN,NaN,NaN,NaN,NaN,NaN
6,NaN,NaN,NaN,NaN,NaN,NaN,NaN,NaN
7,NaN,NaN,NaN,NaN,NaN,NaN,NaN,NaN
8,NaN,NaN,NaN,NaN,NaN,NaN,NaN,NaN
9,NaN,NaN,NaN,NaN,NaN,NaN,NaN,NaN
10,NaN,NaN,NaN,NaN,NaN,NaN,NaN,NaN
11,NaN,NaN,NaN,NaN,NaN,NaN,NaN,NaN
1,NaN,NaN,NaN,NaN,NaN,NaN,NaN,NaN
2,NaN,NaN,NaN,NaN,NaN,NaN,NaN,NaN
3,NaN,NaN,NaN,NaN,NaN,NaN,NaN,NaN
4,NaN,NaN,NaN,NaN,NaN,NaN,NaN,NaN
5,NaN,NaN,NaN,NaN,NaN,NaN,NaN,NaN
6,NaN,NaN,NaN,NaN,NaN,NaN,NaN,NaN
7,NaN,NaN,NaN,NaN,NaN,NaN,NaN,NaN
8,NaN,NaN,NaN,NaN,NaN,NaN,NaN,NaN
9,NaN,NaN,NaN,NaN,NaN,NaN,NaN,NaN
10,NaN,NaN,NaN,NaN,NaN,NaN,NaN,NaN
11,NaN,NaN,NaN,NaN,NaN,NaN,NaN,NaN
1,NaN,NaN,NaN,NaN,NaN,NaN,NaN,NaN
2,NaN,NaN,NaN,NaN,NaN,NaN,NaN,NaN
3,NaN,NaN,NaN,NaN,NaN,NaN,NaN,NaN
4,NaN,NaN,NaN,NaN,NaN,NaN,NaN,NaN
5,NaN,NaN,NaN,NaN,NaN,NaN,NaN,NaN
6,NaN,NaN,NaN,NaN,NaN,NaN,NaN,NaN
7,NaN,NaN,NaN,NaN,NaN,NaN,NaN,NaN
8,NaN,NaN,NaN,NaN,NaN,NaN,NaN,NaN
9,NaN,NaN,NaN,NaN,NaN,NaN,NaN,NaN
10,NaN,NaN,NaN,NaN,NaN,NaN,NaN,NaN
11,NaN,NaN,NaN,NaN,NaN,NaN,NaN,NaN
1,NaN,NaN,NaN,NaN,NaN,NaN,NaN,NaN
2,NaN,NaN,NaN,NaN,NaN,NaN,NaN,NaN
3,NaN,NaN,NaN,NaN,NaN,NaN,NaN,NaN
4,NaN,NaN,NaN,NaN,NaN,NaN,NaN,NaN
5,NaN,NaN,NaN,NaN,NaN,NaN,NaN,NaN
6,NaN,NaN,NaN,NaN,NaN,NaN,NaN,NaN
7,NaN,NaN,NaN,NaN,NaN,NaN,NaN,NaN
8,NaN,NaN,NaN,NaN,NaN,NaN,NaN,NaN
9,NaN,NaN,NaN,NaN,NaN,NaN,NaN,NaN
10,NaN,NaN,NaN,NaN,NaN,NaN,NaN,NaN
11,NaN,NaN,NaN,NaN,NaN,NaN,NaN,NaN
1,NaN,NaN,NaN,NaN,NaN,NaN,NaN,NaN
2,NaN,NaN,NaN,NaN,NaN,NaN,NaN,NaN
3,NaN,NaN,NaN,NaN,NaN,NaN,NaN,NaN
4,NaN,NaN,NaN,NaN,NaN,NaN,NaN,NaN
5,NaN,NaN,NaN,NaN,NaN,NaN,NaN,NaN
6,NaN,NaN,NaN,NaN,NaN,NaN,NaN,NaN
7,NaN,NaN,NaN,NaN,NaN,NaN,NaN,NaN
8,NaN,NaN,NaN,NaN,NaN,NaN,NaN,NaN
9,NaN,NaN,NaN,NaN,NaN,NaN,NaN,NaN
10,NaN,NaN,NaN,NaN,NaN,NaN,NaN,NaN
11,NaN,NaN,NaN,NaN,NaN,NaN,NaN,NaN
1,NaN,NaN,NaN,NaN,NaN,NaN,NaN,NaN
2,NaN,NaN,NaN,NaN,NaN,NaN,NaN,NaN
3,NaN,NaN,NaN,NaN,NaN,NaN,NaN,NaN
4,NaN,NaN,NaN,NaN,NaN,NaN,NaN,NaN
5,NaN,NaN,NaN,NaN,NaN,NaN,NaN,NaN
6,NaN,NaN,NaN,NaN,NaN,NaN,NaN,NaN
7,NaN,NaN,NaN,NaN,NaN,NaN,NaN,NaN
8,NaN,NaN,NaN,NaN,NaN,NaN,NaN,NaN
9,NaN,NaN,NaN,NaN,NaN,NaN,NaN,NaN
10,NaN,NaN,NaN,NaN,NaN,NaN,NaN,NaN
11,NaN,NaN,NaN,NaN,NaN,NaN,NaN,NaN
1,NaN,NaN,NaN,NaN,NaN,NaN,NaN,NaN
2,NaN,NaN,NaN,NaN,NaN,NaN,NaN,NaN
3,NaN,NaN,NaN,NaN,NaN,NaN,NaN,NaN
4,NaN,NaN,NaN,NaN,NaN,NaN,NaN,NaN
5,NaN,NaN,NaN,NaN,NaN,NaN,NaN,NaN
6,NaN,NaN,NaN,NaN,NaN,NaN,NaN,NaN
7,NaN,NaN,NaN,NaN,NaN,NaN,NaN,NaN
8,NaN,NaN,NaN,NaN,NaN,NaN,NaN,NaN
9,NaN,NaN,NaN,NaN,NaN,NaN,NaN,NaN
10,NaN,NaN,NaN,NaN,NaN,NaN,NaN,NaN
11,NaN,NaN,NaN,NaN,NaN,NaN,NaN,NaN
1,NaN,NaN,NaN,NaN,NaN,NaN,NaN,NaN
2,NaN,NaN,NaN,NaN,NaN,NaN,NaN,NaN
3,NaN,NaN,NaN,NaN,NaN,NaN,NaN,NaN
4,NaN,NaN,NaN,NaN,NaN,NaN,NaN,NaN
5,NaN,NaN,NaN,NaN,NaN,NaN,NaN,NaN
6,NaN,NaN,NaN,NaN,NaN,NaN,NaN,NaN
7,NaN,NaN,NaN,NaN,NaN,NaN,NaN,NaN
8,NaN,NaN,NaN,NaN,NaN,NaN,NaN,NaN
9,NaN,NaN,NaN,NaN,NaN,NaN,NaN,NaN
10,NaN,NaN,NaN,NaN,NaN,NaN,NaN,NaN
11,NaN,NaN,NaN,NaN,NaN,NaN,NaN,NaN
1,NaN,NaN,NaN,NaN,NaN,NaN,NaN,NaN
2,NaN,NaN,NaN,NaN,NaN,NaN,NaN,NaN
3,NaN,NaN,NaN,NaN,NaN,NaN,NaN,NaN
4,NaN,NaN,NaN,NaN,NaN,NaN,NaN,NaN
5,NaN,NaN,NaN,NaN,NaN,NaN,NaN,NaN
6,NaN,NaN,NaN,NaN,NaN,NaN,NaN,NaN
7,NaN,NaN,NaN,NaN,NaN,NaN,NaN,NaN
8,NaN,NaN,NaN,NaN,NaN,NaN,NaN,NaN
9,NaN,NaN,NaN,NaN,NaN,NaN,NaN,NaN
10,NaN,NaN,NaN,NaN,NaN,NaN,NaN,NaN
11,NaN,NaN,NaN,NaN,NaN,NaN,NaN,NaN
1,NaN,NaN,NaN,NaN,NaN,NaN,NaN,NaN
2,NaN,NaN,NaN,NaN,NaN,NaN,NaN,NaN
3,NaN,NaN,NaN,NaN,NaN,NaN,NaN,NaN
4,NaN,NaN,NaN,NaN,NaN,NaN,NaN,NaN
5,NaN,NaN,NaN,NaN,NaN,NaN,NaN,NaN
6,NaN,NaN,NaN,NaN,NaN,NaN,NaN,NaN
7,NaN,NaN,NaN,NaN,NaN,NaN,NaN,NaN
8,NaN,NaN,NaN,NaN,NaN,NaN,NaN,NaN
9,NaN,NaN,NaN,NaN,NaN,NaN,NaN,NaN
10,NaN,NaN,NaN,NaN,NaN,NaN,NaN,NaN
11,NaN,NaN,NaN,NaN,NaN,NaN,NaN,NaN
1,NaN,NaN,NaN,NaN,NaN,NaN,NaN,NaN
2,NaN,NaN,NaN,NaN,NaN,NaN,NaN,NaN
3,NaN,NaN,NaN,NaN,NaN,NaN,NaN,NaN
4,NaN,NaN,NaN,NaN,NaN,NaN,NaN,NaN
5,NaN,NaN,NaN,NaN,NaN,NaN,NaN,NaN
6,NaN,NaN,NaN,NaN,NaN,NaN,NaN,NaN
7,NaN,NaN,NaN,NaN,NaN,NaN,NaN,NaN
8,NaN,NaN,NaN,NaN,NaN,NaN,NaN,NaN
9,NaN,NaN,NaN,NaN,NaN,NaN,NaN,NaN
10,NaN,NaN,NaN,NaN,NaN,NaN,NaN,NaN
11,NaN,NaN,NaN,NaN,NaN,NaN,NaN,NaN
1,NaN,NaN,NaN,NaN,NaN,NaN,NaN,NaN
2,NaN,NaN,NaN,NaN,NaN,NaN,NaN,NaN
3,NaN,NaN,NaN,NaN,NaN,NaN,NaN,NaN
4,NaN,NaN,NaN,NaN,NaN,NaN,NaN,NaN
5,NaN,NaN,NaN,NaN,NaN,NaN,NaN,NaN
6,NaN,NaN,NaN,NaN,NaN,NaN,NaN,NaN
7,NaN,NaN,NaN,NaN,NaN,NaN,NaN,NaN
8,NaN,NaN,NaN,NaN,NaN,NaN,NaN,NaN
9,NaN,NaN,NaN,NaN,NaN,NaN,NaN,NaN
10,NaN,NaN,NaN,NaN,NaN,NaN,NaN,NaN
11,NaN,NaN,NaN,NaN,NaN,NaN,NaN,NaN
1,NaN,NaN,NaN,NaN,NaN,NaN,NaN,NaN
2,NaN,NaN,NaN,NaN,NaN,NaN,NaN,NaN
3,NaN,NaN,NaN,NaN,NaN,NaN,NaN,NaN
4,NaN,NaN,NaN,NaN,NaN,NaN,NaN,NaN
5,NaN,NaN,NaN,NaN,NaN,NaN,NaN,NaN
6,NaN,NaN,NaN,NaN,NaN,NaN,NaN,NaN
7,NaN,NaN,NaN,NaN,NaN,NaN,NaN,NaN
8,NaN,NaN,NaN,NaN,NaN,NaN,NaN,NaN
9,NaN,NaN,NaN,NaN,NaN,NaN,NaN,NaN
10,NaN,NaN,NaN,NaN,NaN,NaN,NaN,NaN
11,NaN,NaN,NaN,NaN,NaN,NaN,NaN,NaN
1,NaN,NaN,NaN,NaN,NaN,NaN,NaN,NaN
2,NaN,NaN,NaN,NaN,NaN,NaN,NaN,NaN
3,NaN,NaN,NaN,NaN,NaN,NaN,NaN,NaN
4,NaN,NaN,NaN,NaN,NaN,NaN,NaN,NaN
5,NaN,NaN,NaN,NaN,NaN,NaN,NaN,NaN
6,NaN,NaN,NaN,NaN,NaN,NaN,NaN,NaN
7,NaN,NaN,NaN,NaN,NaN,NaN,NaN,NaN
8,NaN,NaN,NaN,NaN,NaN,NaN,NaN,NaN
9,NaN,NaN,NaN,NaN,NaN,NaN,NaN,NaN
10,NaN,NaN,NaN,NaN,NaN,NaN,NaN,NaN
11,NaN,NaN,NaN,NaN,NaN,NaN,NaN,NaN
1,NaN,NaN,NaN,NaN,NaN,NaN,NaN,NaN
2,NaN,NaN,NaN,NaN,NaN,NaN,NaN,NaN
3,NaN,NaN,NaN,NaN,NaN,NaN,NaN,NaN
4,NaN,NaN,NaN,NaN,NaN,NaN,NaN,NaN
5,NaN,NaN,NaN,NaN,NaN,NaN,NaN,NaN
6,NaN,NaN,NaN,NaN,NaN,NaN,NaN,NaN
7,NaN,NaN,NaN,NaN,NaN,NaN,NaN,NaN
8,NaN,NaN,NaN,NaN,NaN,NaN,NaN,NaN
9,NaN,NaN,NaN,NaN,NaN,NaN,NaN,NaN
10,NaN,NaN,NaN,NaN,NaN,NaN,NaN,NaN
11,NaN,NaN,NaN,NaN,NaN,NaN,NaN,NaN
1,NaN,NaN,NaN,NaN,NaN,NaN,NaN,NaN
2,NaN,NaN,NaN,NaN,NaN,NaN,NaN,NaN
3,NaN,NaN,NaN,NaN,NaN,NaN,NaN,NaN
4,NaN,NaN,NaN,NaN,NaN,NaN,NaN,NaN
5,NaN,NaN,NaN,NaN,NaN,NaN,NaN,NaN
6,NaN,NaN,NaN,NaN,NaN,NaN,NaN,NaN
7,NaN,NaN,NaN,NaN,NaN,NaN,NaN,NaN
8,NaN,NaN,NaN,NaN,NaN,NaN,NaN,NaN
9,NaN,NaN,NaN,NaN,NaN,NaN,NaN,NaN
10,NaN,NaN,NaN,NaN,NaN,NaN,NaN,NaN
11,NaN,NaN,NaN,NaN,NaN,NaN,NaN,NaN
1,NaN,NaN,NaN,NaN,NaN,NaN,NaN,NaN
2,NaN,NaN,NaN,NaN,NaN,NaN,NaN,NaN
3,NaN,NaN,NaN,NaN,NaN,NaN,NaN,NaN
4,NaN,NaN,NaN,NaN,NaN,NaN,NaN,NaN
5,NaN,NaN,NaN,NaN,NaN,NaN,NaN,NaN
6,NaN,NaN,NaN,NaN,NaN,NaN,NaN,NaN
7,NaN,NaN,NaN,NaN,NaN,NaN,NaN,NaN
8,NaN,NaN,NaN,NaN,NaN,NaN,NaN,NaN
9,NaN,NaN,NaN,NaN,NaN,NaN,NaN,NaN
10,NaN,NaN,NaN,NaN,NaN,NaN,NaN,NaN
11,NaN,NaN,NaN,NaN,NaN,NaN,NaN,NaN
1,NaN,NaN,NaN,NaN,NaN,NaN,NaN,NaN
2,NaN,NaN,NaN,NaN,NaN,NaN,NaN,NaN
3,NaN,NaN,NaN,NaN,NaN,NaN,NaN,NaN
4,NaN,NaN,NaN,NaN,NaN,NaN,NaN,NaN
5,NaN,NaN,NaN,NaN,NaN,NaN,NaN,NaN
6,NaN,NaN,NaN,NaN,NaN,NaN,NaN,NaN
7,NaN,NaN,NaN,NaN,NaN,NaN,NaN,NaN
8,NaN,NaN,NaN,NaN,NaN,NaN,NaN,NaN
9,NaN,NaN,NaN,NaN,NaN,NaN,NaN,NaN
10,NaN,NaN,NaN,NaN,NaN,NaN,NaN,NaN
11,NaN,NaN,NaN,NaN,NaN,NaN,NaN,NaN
1,NaN,NaN,NaN,NaN,NaN,NaN,NaN,NaN
2,NaN,NaN,NaN,NaN,NaN,NaN,NaN,NaN
3,NaN,NaN,NaN,NaN,NaN,NaN,NaN,NaN
4,NaN,NaN,NaN,NaN,NaN,NaN,NaN,NaN
5,NaN,NaN,NaN,NaN,NaN,NaN,NaN,NaN
6,NaN,NaN,NaN,NaN,NaN,NaN,NaN,NaN
7,NaN,NaN,NaN,NaN,NaN,NaN,NaN,NaN
8,NaN,NaN,NaN,NaN,NaN,NaN,NaN,NaN
9,NaN,NaN,NaN,NaN,NaN,NaN,NaN,NaN
10,NaN,NaN,NaN,NaN,NaN,NaN,NaN,NaN
11,NaN,NaN,NaN,NaN,NaN,NaN,NaN,NaN
1,NaN,NaN,NaN,NaN,NaN,NaN,NaN,NaN
2,NaN,NaN,NaN,NaN,NaN,NaN,NaN,NaN
3,NaN,NaN,NaN,NaN,NaN,NaN,NaN,NaN
4,NaN,NaN,NaN,NaN,NaN,NaN,NaN,NaN
5,NaN,NaN,NaN,NaN,NaN,NaN,NaN,NaN
6,NaN,NaN,NaN,NaN,NaN,NaN,NaN,NaN
7,NaN,NaN,NaN,NaN,NaN,NaN,NaN,NaN
8,NaN,NaN,NaN,NaN,NaN,NaN,NaN,NaN
9,NaN,NaN,NaN,NaN,NaN,NaN,NaN,NaN
10,NaN,NaN,NaN,NaN,NaN,NaN,NaN,NaN
11,NaN,NaN,NaN,NaN,NaN,NaN,NaN,NaN
1,NaN,NaN,NaN,NaN,NaN,NaN,NaN,NaN
2,NaN,NaN,NaN,NaN,NaN,NaN,NaN,NaN
3,NaN,NaN,NaN,NaN,NaN,NaN,NaN,NaN
4,NaN,NaN,NaN,NaN,NaN,NaN,NaN,NaN
5,NaN,NaN,NaN,NaN,NaN,NaN,NaN,NaN
6,NaN,NaN,NaN,NaN,NaN,NaN,NaN,NaN
7,NaN,NaN,NaN,NaN,NaN,NaN,NaN,NaN
8,NaN,NaN,NaN,NaN,NaN,NaN,NaN,NaN
9,NaN,NaN,NaN,NaN,NaN,NaN,NaN,NaN
10,NaN,NaN,NaN,NaN,NaN,NaN,NaN,NaN
11,NaN,NaN,NaN,NaN,NaN,NaN,NaN,NaN
1,NaN,NaN,NaN,NaN,NaN,NaN,NaN,NaN
2,NaN,NaN,NaN,NaN,NaN,NaN,NaN,NaN
3,NaN,NaN,NaN,NaN,NaN,NaN,NaN,NaN
4,NaN,NaN,NaN,NaN,NaN,NaN,NaN,NaN
5,NaN,NaN,NaN,NaN,NaN,NaN,NaN,NaN
6,NaN,NaN,NaN,NaN,NaN,NaN,NaN,NaN
7,NaN,NaN,NaN,NaN,NaN,NaN,NaN,NaN
8,NaN,NaN,NaN,NaN,NaN,NaN,NaN,NaN
9,NaN,NaN,NaN,NaN,NaN,NaN,NaN,NaN
10,NaN,NaN,NaN,NaN,NaN,NaN,NaN,NaN
11,NaN,NaN,NaN,NaN,NaN,NaN,NaN,NaN
1,NaN,NaN,NaN,NaN,NaN,NaN,NaN,NaN
2,NaN,NaN,NaN,NaN,NaN,NaN,NaN,NaN
3,NaN,NaN,NaN,NaN,NaN,NaN,NaN,NaN
4,NaN,NaN,NaN,NaN,NaN,NaN,NaN,NaN
5,NaN,NaN,NaN,NaN,NaN,NaN,NaN,NaN
6,NaN,NaN,NaN,NaN,NaN,NaN,NaN,NaN
7,NaN,NaN,NaN,NaN,NaN,NaN,NaN,NaN
8,NaN,NaN,NaN,NaN,NaN,NaN,NaN,NaN
9,NaN,NaN,NaN,NaN,NaN,NaN,NaN,NaN
10,NaN,NaN,NaN,NaN,NaN,NaN,NaN,NaN
11,NaN,NaN,NaN,NaN,NaN,NaN,NaN,NaN
1,NaN,NaN,NaN,NaN,NaN,NaN,NaN,NaN
2,NaN,NaN,NaN,NaN,NaN,NaN,NaN,NaN
3,NaN,NaN,NaN,NaN,NaN,NaN,NaN,NaN
4,NaN,NaN,NaN,NaN,NaN,NaN,NaN,NaN
5,NaN,NaN,NaN,NaN,NaN,NaN,NaN,NaN
6,NaN,NaN,NaN,NaN,NaN,NaN,NaN,NaN
7,NaN,NaN,NaN,NaN,NaN,NaN,NaN,NaN
8,NaN,NaN,NaN,NaN,NaN,NaN,NaN,NaN
9,NaN,NaN,NaN,NaN,NaN,NaN,NaN,NaN
10,NaN,NaN,NaN,NaN,NaN,NaN,NaN,NaN
11,NaN,NaN,NaN,NaN,NaN,NaN,NaN,NaN
1,NaN,NaN,NaN,NaN,NaN,NaN,NaN,NaN
2,NaN,NaN,NaN,NaN,NaN,NaN,NaN,NaN
3,NaN,NaN,NaN,NaN,NaN,NaN,NaN,NaN
4,NaN,NaN,NaN,NaN,NaN,NaN,NaN,NaN
5,NaN,NaN,NaN,NaN,NaN,NaN,NaN,NaN
6,NaN,NaN,NaN,NaN,NaN,NaN,NaN,NaN
7,NaN,NaN,NaN,NaN,NaN,NaN,NaN,NaN
8,NaN,NaN,NaN,NaN,NaN,NaN,NaN,NaN
9,NaN,NaN,NaN,NaN,NaN,NaN,NaN,NaN
10,NaN,NaN,NaN,NaN,NaN,NaN,NaN,NaN
11,NaN,NaN,NaN,NaN,NaN,NaN,NaN,NaN
1,NaN,NaN,NaN,NaN,NaN,NaN,NaN,NaN
2,NaN,NaN,NaN,NaN,NaN,NaN,NaN,NaN
3,NaN,NaN,NaN,NaN,NaN,NaN,NaN,NaN
4,NaN,NaN,NaN,NaN,NaN,NaN,NaN,NaN
5,NaN,NaN,NaN,NaN,NaN,NaN,NaN,NaN
6,NaN,NaN,NaN,NaN,NaN,NaN,NaN,NaN
7,NaN,NaN,NaN,NaN,NaN,NaN,NaN,NaN
8,NaN,NaN,NaN,NaN,NaN,NaN,NaN,NaN
9,NaN,NaN,NaN,NaN,NaN,NaN,NaN,NaN
10,NaN,NaN,NaN,NaN,NaN,NaN,NaN,NaN
11,NaN,NaN,NaN,NaN,NaN,NaN,NaN,NaN
1,NaN,NaN,NaN,NaN,NaN,NaN,NaN,NaN
2,NaN,NaN,NaN,NaN,NaN,NaN,NaN,NaN
3,NaN,NaN,NaN,NaN,NaN,NaN,NaN,NaN
4,NaN,NaN,NaN,NaN,NaN,NaN,NaN,NaN
5,NaN,NaN,NaN,NaN,NaN,NaN,NaN,NaN
6,NaN,NaN,NaN,NaN,NaN,NaN,NaN,NaN
7,NaN,NaN,NaN,NaN,NaN,NaN,NaN,NaN
8,NaN,NaN,NaN,NaN,NaN,NaN,NaN,NaN
9,NaN,NaN,NaN,NaN,NaN,NaN,NaN,NaN
10,NaN,NaN,NaN,NaN,NaN,NaN,NaN,NaN
11,NaN,NaN,NaN,NaN,NaN,NaN,NaN,NaN
1,NaN,NaN,NaN,NaN,NaN,NaN,NaN,NaN
2,NaN,NaN,NaN,NaN,NaN,NaN,NaN,NaN
3,NaN,NaN,NaN,NaN,NaN,NaN,NaN,NaN
4,NaN,NaN,NaN,NaN,NaN,NaN,NaN,NaN
5,NaN,NaN,NaN,NaN,NaN,NaN,NaN,NaN
6,NaN,NaN,NaN,NaN,NaN,NaN,NaN,NaN
7,NaN,NaN,NaN,NaN,NaN,NaN,NaN,NaN
8,NaN,NaN,NaN,NaN,NaN,NaN,NaN,NaN
9,NaN,NaN,NaN,NaN,NaN,NaN,NaN,NaN
10,NaN,NaN,NaN,NaN,NaN,NaN,NaN,NaN
11,NaN,NaN,NaN,NaN,NaN,NaN,NaN,NaN
1,NaN,NaN,NaN,NaN,NaN,NaN,NaN,NaN
2,NaN,NaN,NaN,NaN,NaN,NaN,NaN,NaN
3,NaN,NaN,NaN,NaN,NaN,NaN,NaN,NaN
4,NaN,NaN,NaN,NaN,NaN,NaN,NaN,NaN
5,NaN,NaN,NaN,NaN,NaN,NaN,NaN,NaN
6,NaN,NaN,NaN,NaN,NaN,NaN,NaN,NaN
7,NaN,NaN,NaN,NaN,NaN,NaN,NaN,NaN
8,NaN,NaN,NaN,NaN,NaN,NaN,NaN,NaN
9,NaN,NaN,NaN,NaN,NaN,NaN,NaN,NaN
10,NaN,NaN,NaN,NaN,NaN,NaN,NaN,NaN
11,NaN,NaN,NaN,NaN,NaN,NaN,NaN,NaN
1,NaN,NaN,NaN,NaN,NaN,NaN,NaN,NaN
2,NaN,NaN,NaN,NaN,NaN,NaN,NaN,NaN
3,NaN,NaN,NaN,NaN,NaN,NaN,NaN,NaN
4,NaN,NaN,NaN,NaN,NaN,NaN,NaN,NaN
5,NaN,NaN,NaN,NaN,NaN,NaN,NaN,NaN
6,NaN,NaN,NaN,NaN,NaN,NaN,NaN,NaN
7,NaN,NaN,NaN,NaN,NaN,NaN,NaN,NaN
8,NaN,NaN,NaN,NaN,NaN,NaN,NaN,NaN
9,NaN,NaN,NaN,NaN,NaN,NaN,NaN,NaN
10,NaN,NaN,NaN,NaN,NaN,NaN,NaN,NaN
11,NaN,NaN,NaN,NaN,NaN,NaN,NaN,NaN
1,NaN,NaN,NaN,NaN,NaN,NaN,NaN,NaN
2,NaN,NaN,NaN,NaN,NaN,NaN,NaN,NaN
3,NaN,NaN,NaN,NaN,NaN,NaN,NaN,NaN
4,NaN,NaN,NaN,NaN,NaN,NaN,NaN,NaN
5,NaN,NaN,NaN,NaN,NaN,NaN,NaN,NaN
6,NaN,NaN,NaN,NaN,NaN,NaN,NaN,NaN
7,NaN,NaN,NaN,NaN,NaN,NaN,NaN,NaN
8,NaN,NaN,NaN,NaN,NaN,NaN,NaN,NaN
9,NaN,NaN,NaN,NaN,NaN,NaN,NaN,NaN
10,NaN,NaN,NaN,NaN,NaN,NaN,NaN,NaN
11,NaN,NaN,NaN,NaN,NaN,NaN,NaN,NaN
1,NaN,NaN,NaN,NaN,NaN,NaN,NaN,NaN
2,NaN,NaN,NaN,NaN,NaN,NaN,NaN,NaN
3,NaN,NaN,NaN,NaN,NaN,NaN,NaN,NaN
4,NaN,NaN,NaN,NaN,NaN,NaN,NaN,NaN
5,NaN,NaN,NaN,NaN,NaN,NaN,NaN,NaN
6,NaN,NaN,NaN,NaN,NaN,NaN,NaN,NaN
7,NaN,NaN,NaN,NaN,NaN,NaN,NaN,NaN
8,NaN,NaN,NaN,NaN,NaN,NaN,NaN,NaN
9,NaN,NaN,NaN,NaN,NaN,NaN,NaN,NaN
10,NaN,NaN,NaN,NaN,NaN,NaN,NaN,NaN
11,NaN,NaN,NaN,NaN,NaN,NaN,NaN,NaN
1,NaN,NaN,NaN,NaN,NaN,NaN,NaN,NaN
2,NaN,NaN,NaN,NaN,NaN,NaN,NaN,NaN
3,NaN,NaN,NaN,NaN,NaN,NaN,NaN,NaN
4,NaN,NaN,NaN,NaN,NaN,NaN,NaN,NaN
5,NaN,NaN,NaN,NaN,NaN,NaN,NaN,NaN
6,NaN,NaN,NaN,NaN,NaN,NaN,NaN,NaN
7,NaN,NaN,NaN,NaN,NaN,NaN,NaN,NaN
8,NaN,NaN,NaN,NaN,NaN,NaN,NaN,NaN
9,NaN,NaN,NaN,NaN,NaN,NaN,NaN,NaN
10,NaN,NaN,NaN,NaN,NaN,NaN,NaN,NaN
11,NaN,NaN,NaN,NaN,NaN,NaN,NaN,NaN
1,NaN,NaN,NaN,NaN,NaN,NaN,NaN,NaN
2,NaN,NaN,NaN,NaN,NaN,NaN,NaN,NaN
3,NaN,NaN,NaN,NaN,NaN,NaN,NaN,NaN
4,NaN,NaN,NaN,NaN,NaN,NaN,NaN,NaN
5,NaN,NaN,NaN,NaN,NaN,NaN,NaN,NaN
6,NaN,NaN,NaN,NaN,NaN,NaN,NaN,NaN
7,NaN,NaN,NaN,NaN,NaN,NaN,NaN,NaN
8,NaN,NaN,NaN,NaN,NaN,NaN,NaN,NaN
9,NaN,NaN,NaN,NaN,NaN,NaN,NaN,NaN
10,NaN,NaN,NaN,NaN,NaN,NaN,NaN,NaN
11,NaN,NaN,NaN,NaN,NaN,NaN,NaN,NaN
1,NaN,NaN,NaN,NaN,NaN,NaN,NaN,NaN
2,NaN,NaN,NaN,NaN,NaN,NaN,NaN,NaN
3,NaN,NaN,NaN,NaN,NaN,NaN,NaN,NaN
4,NaN,NaN,NaN,NaN,NaN,NaN,NaN,NaN
5,NaN,NaN,NaN,NaN,NaN,NaN,NaN,NaN
6,NaN,NaN,NaN,NaN,NaN,NaN,NaN,NaN
7,NaN,NaN,NaN,NaN,NaN,NaN,NaN,NaN
8,NaN,NaN,NaN,NaN,NaN,NaN,NaN,NaN
9,NaN,NaN,NaN,NaN,NaN,NaN,NaN,NaN
10,NaN,NaN,NaN,NaN,NaN,NaN,NaN,NaN
11,NaN,NaN,NaN,NaN,NaN,NaN,NaN,NaN
1,NaN,NaN,NaN,NaN,NaN,NaN,NaN,NaN
2,NaN,NaN,NaN,NaN,NaN,NaN,NaN,NaN
3,NaN,NaN,NaN,NaN,NaN,NaN,NaN,NaN
4,NaN,NaN,NaN,NaN,NaN,NaN,NaN,NaN
5,NaN,NaN,NaN,NaN,NaN,NaN,NaN,NaN
6,NaN,NaN,NaN,NaN,NaN,NaN,NaN,NaN
7,NaN,NaN,NaN,NaN,NaN,NaN,NaN,NaN
8,NaN,NaN,NaN,NaN,NaN,NaN,NaN,NaN
9,NaN,NaN,NaN,NaN,NaN,NaN,NaN,NaN
10,NaN,NaN,NaN,NaN,NaN,NaN,NaN,NaN
11,NaN,NaN,NaN,NaN,NaN,NaN,NaN,NaN
1,NaN,NaN,NaN,NaN,NaN,NaN,NaN,NaN
2,NaN,NaN,NaN,NaN,NaN,NaN,NaN,NaN
3,NaN,NaN,NaN,NaN,NaN,NaN,NaN,NaN
4,NaN,NaN,NaN,NaN,NaN,NaN,NaN,NaN
5,NaN,NaN,NaN,NaN,NaN,NaN,NaN,NaN
6,NaN,NaN,NaN,NaN,NaN,NaN,NaN,NaN
7,NaN,NaN,NaN,NaN,NaN,NaN,NaN,NaN
8,NaN,NaN,NaN,NaN,NaN,NaN,NaN,NaN
9,NaN,NaN,NaN,NaN,NaN,NaN,NaN,NaN
10,NaN,NaN,NaN,NaN,NaN,NaN,NaN,NaN
11,NaN,NaN,NaN,NaN,NaN,NaN,NaN,NaN
1,NaN,NaN,NaN,NaN,NaN,NaN,NaN,NaN
2,NaN,NaN,NaN,NaN,NaN,NaN,NaN,NaN
3,NaN,NaN,NaN,NaN,NaN,NaN,NaN,NaN
4,NaN,NaN,NaN,NaN,NaN,NaN,NaN,NaN
5,NaN,NaN,NaN,NaN,NaN,NaN,NaN,NaN
6,NaN,NaN,NaN,NaN,NaN,NaN,NaN,NaN
7,NaN,NaN,NaN,NaN,NaN,NaN,NaN,NaN
8,NaN,NaN,NaN,NaN,NaN,NaN,NaN,NaN
9,NaN,NaN,NaN,NaN,NaN,NaN,NaN,NaN
10,NaN,NaN,NaN,NaN,NaN,NaN,NaN,NaN
11,NaN,NaN,NaN,NaN,NaN,NaN,NaN,NaN
1,NaN,NaN,NaN,NaN,NaN,NaN,NaN,NaN
2,NaN,NaN,NaN,NaN,NaN,NaN,NaN,NaN
3,NaN,NaN,NaN,NaN,NaN,NaN,NaN,NaN
4,NaN,NaN,NaN,NaN,NaN,NaN,NaN,NaN
5,NaN,NaN,NaN,NaN,NaN,NaN,NaN,NaN
6,NaN,NaN,NaN,NaN,NaN,NaN,NaN,NaN
7,NaN,NaN,NaN,NaN,NaN,NaN,NaN,NaN
8,NaN,NaN,NaN,NaN,NaN,NaN,NaN,NaN
9,NaN,NaN,NaN,NaN,NaN,NaN,NaN,NaN
10,NaN,NaN,NaN,NaN,NaN,NaN,NaN,NaN
11,NaN,NaN,NaN,NaN,NaN,NaN,NaN,NaN
1,NaN,NaN,NaN,NaN,NaN,NaN,NaN,NaN
2,NaN,NaN,NaN,NaN,NaN,NaN,NaN,NaN
3,NaN,NaN,NaN,NaN,NaN,NaN,NaN,NaN
4,NaN,NaN,NaN,NaN,NaN,NaN,NaN,NaN
5,NaN,NaN,NaN,NaN,NaN,NaN,NaN,NaN
6,NaN,NaN,NaN,NaN,NaN,NaN,NaN,NaN
7,NaN,NaN,NaN,NaN,NaN,NaN,NaN,NaN
8,NaN,NaN,NaN,NaN,NaN,NaN,NaN,NaN
9,NaN,NaN,NaN,NaN,NaN,NaN,NaN,NaN
10,NaN,NaN,NaN,NaN,NaN,NaN,NaN,NaN
11,NaN,NaN,NaN,NaN,NaN,NaN,NaN,NaN
1,NaN,NaN,NaN,NaN,NaN,NaN,NaN,NaN
2,NaN,NaN,NaN,NaN,NaN,NaN,NaN,NaN
3,NaN,NaN,NaN,NaN,NaN,NaN,NaN,NaN
4,NaN,NaN,NaN,NaN,NaN,NaN,NaN,NaN
5,NaN,NaN,NaN,NaN,NaN,NaN,NaN,NaN
6,NaN,NaN,NaN,NaN,NaN,NaN,NaN,NaN
7,NaN,NaN,NaN,NaN,NaN,NaN,NaN,NaN
8,NaN,NaN,NaN,NaN,NaN,NaN,NaN,NaN
9,NaN,NaN,NaN,NaN,NaN,NaN,NaN,NaN
10,NaN,NaN,NaN,NaN,NaN,NaN,NaN,NaN
11,NaN,NaN,NaN,NaN,NaN,NaN,NaN,NaN
1,NaN,NaN,NaN,NaN,NaN,NaN,NaN,NaN
2,NaN,NaN,NaN,NaN,NaN,NaN,NaN,NaN
3,NaN,NaN,NaN,NaN,NaN,NaN,NaN,NaN
4,NaN,NaN,NaN,NaN,NaN,NaN,NaN,NaN
5,NaN,NaN,NaN,NaN,NaN,NaN,NaN,NaN
6,NaN,NaN,NaN,NaN,NaN,NaN,NaN,NaN
7,NaN,NaN,NaN,NaN,NaN,NaN,NaN,NaN
8,NaN,NaN,NaN,NaN,NaN,NaN,NaN,NaN
9,NaN,NaN,NaN,NaN,NaN,NaN,NaN,NaN
10,NaN,NaN,NaN,NaN,NaN,NaN,NaN,NaN
11,NaN,NaN,NaN,NaN,NaN,NaN,NaN,NaN
1,NaN,NaN,NaN,NaN,NaN,NaN,NaN,NaN
2,NaN,NaN,NaN,NaN,NaN,NaN,NaN,NaN
3,NaN,NaN,NaN,NaN,NaN,NaN,NaN,NaN
4,NaN,NaN,NaN,NaN,NaN,NaN,NaN,NaN
5,NaN,NaN,NaN,NaN,NaN,NaN,NaN,NaN
6,NaN,NaN,NaN,NaN,NaN,NaN,NaN,NaN
7,NaN,NaN,NaN,NaN,NaN,NaN,NaN,NaN
8,NaN,NaN,NaN,NaN,NaN,NaN,NaN,NaN
9,NaN,NaN,NaN,NaN,NaN,NaN,NaN,NaN
10,NaN,NaN,NaN,NaN,NaN,NaN,NaN,NaN
11,NaN,NaN,NaN,NaN,NaN,NaN,NaN,NaN
1,NaN,NaN,NaN,NaN,NaN,NaN,NaN,NaN
2,NaN,NaN,NaN,NaN,NaN,NaN,NaN,NaN
3,NaN,NaN,NaN,NaN,NaN,NaN,NaN,NaN
4,NaN,NaN,NaN,NaN,NaN,NaN,NaN,NaN
5,NaN,NaN,NaN,NaN,NaN,NaN,NaN,NaN
6,NaN,NaN,NaN,NaN,NaN,NaN,NaN,NaN
7,NaN,NaN,NaN,NaN,NaN,NaN,NaN,NaN
8,NaN,NaN,NaN,NaN,NaN,NaN,NaN,NaN
9,NaN,NaN,NaN,NaN,NaN,NaN,NaN,NaN
10,NaN,NaN,NaN,NaN,NaN,NaN,NaN,NaN
11,NaN,NaN,NaN,NaN,NaN,NaN,NaN,NaN
1,NaN,NaN,NaN,NaN,NaN,NaN,NaN,NaN
2,NaN,NaN,NaN,NaN,NaN,NaN,NaN,NaN
3,NaN,NaN,NaN,NaN,NaN,NaN,NaN,NaN
4,NaN,NaN,NaN,NaN,NaN,NaN,NaN,NaN
5,NaN,NaN,NaN,NaN,NaN,NaN,NaN,NaN
6,NaN,NaN,NaN,NaN,NaN,NaN,NaN,NaN
7,NaN,NaN,NaN,NaN,NaN,NaN,NaN,NaN
8,NaN,NaN,NaN,NaN,NaN,NaN,NaN,NaN
9,NaN,NaN,NaN,NaN,NaN,NaN,NaN,NaN
10,NaN,NaN,NaN,NaN,NaN,NaN,NaN,NaN
11,NaN,NaN,NaN,NaN,NaN,NaN,NaN,NaN
1,NaN,NaN,NaN,NaN,NaN,NaN,NaN,NaN
2,NaN,NaN,NaN,NaN,NaN,NaN,NaN,NaN
3,NaN,NaN,NaN,NaN,NaN,NaN,NaN,NaN
4,NaN,NaN,NaN,NaN,NaN,NaN,NaN,NaN
5,NaN,NaN,NaN,NaN,NaN,NaN,NaN,NaN
6,NaN,NaN,NaN,NaN,NaN,NaN,NaN,NaN
7,NaN,NaN,NaN,NaN,NaN,NaN,NaN,NaN
8,NaN,NaN,NaN,NaN,NaN,NaN,NaN,NaN
9,NaN,NaN,NaN,NaN,NaN,NaN,NaN,NaN
10,NaN,NaN,NaN,NaN,NaN,NaN,NaN,NaN
11,NaN,NaN,NaN,NaN,NaN,NaN,NaN,NaN
1,NaN,NaN,NaN,NaN,NaN,NaN,NaN,NaN
2,NaN,NaN,NaN,NaN,NaN,NaN,NaN,NaN
3,NaN,NaN,NaN,NaN,NaN,NaN,NaN,NaN
4,NaN,NaN,NaN,NaN,NaN,NaN,NaN,NaN
5,NaN,NaN,NaN,NaN,NaN,NaN,NaN,NaN
6,NaN,NaN,NaN,NaN,NaN,NaN,NaN,NaN
7,NaN,NaN,NaN,NaN,NaN,NaN,NaN,NaN
8,NaN,NaN,NaN,NaN,NaN,NaN,NaN,NaN
9,NaN,NaN,NaN,NaN,NaN,NaN,NaN,NaN
10,NaN,NaN,NaN,NaN,NaN,NaN,NaN,NaN
11,NaN,NaN,NaN,NaN,NaN,NaN,NaN,NaN
1,NaN,NaN,NaN,NaN,NaN,NaN,NaN,NaN
2,NaN,NaN,NaN,NaN,NaN,NaN,NaN,NaN
3,NaN,NaN,NaN,NaN,NaN,NaN,NaN,NaN
4,NaN,NaN,NaN,NaN,NaN,NaN,NaN,NaN
5,NaN,NaN,NaN,NaN,NaN,NaN,NaN,NaN
6,NaN,NaN,NaN,NaN,NaN,NaN,NaN,NaN
7,NaN,NaN,NaN,NaN,NaN,NaN,NaN,NaN
8,NaN,NaN,NaN,NaN,NaN,NaN,NaN,NaN
9,NaN,NaN,NaN,NaN,NaN,NaN,NaN,NaN
10,NaN,NaN,NaN,NaN,NaN,NaN,NaN,NaN
11,NaN,NaN,NaN,NaN,NaN,NaN,NaN,NaN
1,NaN,NaN,NaN,NaN,NaN,NaN,NaN,NaN
2,NaN,NaN,NaN,NaN,NaN,NaN,NaN,NaN
3,NaN,NaN,NaN,NaN,NaN,NaN,NaN,NaN
4,NaN,NaN,NaN,NaN,NaN,NaN,NaN,NaN
5,NaN,NaN,NaN,NaN,NaN,NaN,NaN,NaN
6,NaN,NaN,NaN,NaN,NaN,NaN,NaN,NaN
7,NaN,NaN,NaN,NaN,NaN,NaN,NaN,NaN
8,NaN,NaN,NaN,NaN,NaN,NaN,NaN,NaN
9,NaN,NaN,NaN,NaN,NaN,NaN,NaN,NaN
10,NaN,NaN,NaN,NaN,NaN,NaN,NaN,NaN
11,NaN,NaN,NaN,NaN,NaN,NaN,NaN,NaN
1,NaN,NaN,NaN,NaN,NaN,NaN,NaN,NaN
2,NaN,NaN,NaN,NaN,NaN,NaN,NaN,NaN
3,NaN,NaN,NaN,NaN,NaN,NaN,NaN,NaN
4,NaN,NaN,NaN,NaN,NaN,NaN,NaN,NaN
5,NaN,NaN,NaN,NaN,NaN,NaN,NaN,NaN
6,NaN,NaN,NaN,NaN,NaN,NaN,NaN,NaN
7,NaN,NaN,NaN,NaN,NaN,NaN,NaN,NaN
8,NaN,NaN,NaN,NaN,NaN,NaN,NaN,NaN
9,NaN,NaN,NaN,NaN,NaN,NaN,NaN,NaN
10,NaN,NaN,NaN,NaN,NaN,NaN,NaN,NaN
11,NaN,NaN,NaN,NaN,NaN,NaN,NaN,NaN
1,NaN,NaN,NaN,NaN,NaN,NaN,NaN,NaN
2,NaN,NaN,NaN,NaN,NaN,NaN,NaN,NaN
3,NaN,NaN,NaN,NaN,NaN,NaN,NaN,NaN
4,NaN,NaN,NaN,NaN,NaN,NaN,NaN,NaN
5,NaN,NaN,NaN,NaN,NaN,NaN,NaN,NaN
6,NaN,NaN,NaN,NaN,NaN,NaN,NaN,NaN
7,NaN,NaN,NaN,NaN,NaN,NaN,NaN,NaN
8,NaN,NaN,NaN,NaN,NaN,NaN,NaN,NaN
9,NaN,NaN,NaN,NaN,NaN,NaN,NaN,NaN
10,NaN,NaN,NaN,NaN,NaN,NaN,NaN,NaN
11,NaN,NaN,NaN,NaN,NaN,NaN,NaN,NaN
1,NaN,NaN,NaN,NaN,NaN,NaN,NaN,NaN
2,NaN,NaN,NaN,NaN,NaN,NaN,NaN,NaN
3,NaN,NaN,NaN,NaN,NaN,NaN,NaN,NaN
4,NaN,NaN,NaN,NaN,NaN,NaN,NaN,NaN
5,NaN,NaN,NaN,NaN,NaN,NaN,NaN,NaN
6,NaN,NaN,NaN,NaN,NaN,NaN,NaN,NaN
7,NaN,NaN,NaN,NaN,NaN,NaN,NaN,NaN
8,NaN,NaN,NaN,NaN,NaN,NaN,NaN,NaN
9,NaN,NaN,NaN,NaN,NaN,NaN,NaN,NaN
10,NaN,NaN,NaN,NaN,NaN,NaN,NaN,NaN
11,NaN,NaN,NaN,NaN,NaN,NaN,NaN,NaN
1,NaN,NaN,NaN,NaN,NaN,NaN,NaN,NaN
2,NaN,NaN,NaN,NaN,NaN,NaN,NaN,NaN
3,NaN,NaN,NaN,NaN,NaN,NaN,NaN,NaN
4,NaN,NaN,NaN,NaN,NaN,NaN,NaN,NaN
5,NaN,NaN,NaN,NaN,NaN,NaN,NaN,NaN
6,NaN,NaN,NaN,NaN,NaN,NaN,NaN,NaN
7,NaN,NaN,NaN,NaN,NaN,NaN,NaN,NaN
8,NaN,NaN,NaN,NaN,NaN,NaN,NaN,NaN
9,NaN,NaN,NaN,NaN,NaN,NaN,NaN,NaN
10,NaN,NaN,NaN,NaN,NaN,NaN,NaN,NaN
11,NaN,NaN,NaN,NaN,NaN,NaN,NaN,NaN
1,NaN,NaN,NaN,NaN,NaN,NaN,NaN,NaN
2,NaN,NaN,NaN,NaN,NaN,NaN,NaN,NaN
3,NaN,NaN,NaN,NaN,NaN,NaN,NaN,NaN
4,NaN,NaN,NaN,NaN,NaN,NaN,NaN,NaN
5,NaN,NaN,NaN,NaN,NaN,NaN,NaN,NaN
6,NaN,NaN,NaN,NaN,NaN,NaN,NaN,NaN
7,NaN,NaN,NaN,NaN,NaN,NaN,NaN,NaN
8,NaN,NaN,NaN,NaN,NaN,NaN,NaN,NaN
9,NaN,NaN,NaN,NaN,NaN,NaN,NaN,NaN
10,NaN,NaN,NaN,NaN,NaN,NaN,NaN,NaN
11,NaN,NaN,NaN,NaN,NaN,NaN,NaN,NaN
1,NaN,NaN,NaN,NaN,NaN,NaN,NaN,NaN
2,NaN,NaN,NaN,NaN,NaN,NaN,NaN,NaN
3,NaN,NaN,NaN,NaN,NaN,NaN,NaN,NaN
4,NaN,NaN,NaN,NaN,NaN,NaN,NaN,NaN
5,NaN,NaN,NaN,NaN,NaN,NaN,NaN,NaN
6,NaN,NaN,NaN,NaN,NaN,NaN,NaN,NaN
7,NaN,NaN,NaN,NaN,NaN,NaN,NaN,NaN
8,NaN,NaN,NaN,NaN,NaN,NaN,NaN,NaN
9,NaN,NaN,NaN,NaN,NaN,NaN,NaN,NaN
10,NaN,NaN,NaN,NaN,NaN,NaN,NaN,NaN
11,NaN,NaN,NaN,NaN,NaN,NaN,NaN,NaN
1,NaN,NaN,NaN,NaN,NaN,NaN,NaN,NaN
2,NaN,NaN,NaN,NaN,NaN,NaN,NaN,NaN
3,NaN,NaN,NaN,NaN,NaN,NaN,NaN,NaN
4,NaN,NaN,NaN,NaN,NaN,NaN,NaN,NaN
5,NaN,NaN,NaN,NaN,NaN,NaN,NaN,NaN
6,NaN,NaN,NaN,NaN,NaN,NaN,NaN,NaN
7,NaN,NaN,NaN,NaN,NaN,NaN,NaN,NaN
8,NaN,NaN,NaN,NaN,NaN,NaN,NaN,NaN
9,NaN,NaN,NaN,NaN,NaN,NaN,NaN,NaN
10,NaN,NaN,NaN,NaN,NaN,NaN,NaN,NaN
11,NaN,NaN,NaN,NaN,NaN,NaN,NaN,NaN
1,NaN,NaN,NaN,NaN,NaN,NaN,NaN,NaN
2,NaN,NaN,NaN,NaN,NaN,NaN,NaN,NaN
3,NaN,NaN,NaN,NaN,NaN,NaN,NaN,NaN
4,NaN,NaN,NaN,NaN,NaN,NaN,NaN,NaN
5,NaN,NaN,NaN,NaN,NaN,NaN,NaN,NaN
6,NaN,NaN,NaN,NaN,NaN,NaN,NaN,NaN
7,NaN,NaN,NaN,NaN,NaN,NaN,NaN,NaN
8,NaN,NaN,NaN,NaN,NaN,NaN,NaN,NaN
9,NaN,NaN,NaN,NaN,NaN,NaN,NaN,NaN
10,NaN,NaN,NaN,NaN,NaN,NaN,NaN,NaN
11,NaN,NaN,NaN,NaN,NaN,NaN,NaN,NaN
1,NaN,NaN,NaN,NaN,NaN,NaN,NaN,NaN
2,NaN,NaN,NaN,NaN,NaN,NaN,NaN,NaN
3,NaN,NaN,NaN,NaN,NaN,NaN,NaN,NaN
4,NaN,NaN,NaN,NaN,NaN,NaN,NaN,NaN
5,NaN,NaN,NaN,NaN,NaN,NaN,NaN,NaN
6,NaN,NaN,NaN,NaN,NaN,NaN,NaN,NaN
7,NaN,NaN,NaN,NaN,NaN,NaN,NaN,NaN
8,NaN,NaN,NaN,NaN,NaN,NaN,NaN,NaN
9,NaN,NaN,NaN,NaN,NaN,NaN,NaN,NaN
10,NaN,NaN,NaN,NaN,NaN,NaN,NaN,NaN
11,NaN,NaN,NaN,NaN,NaN,NaN,NaN,NaN
1,NaN,NaN,NaN,NaN,NaN,NaN,NaN,NaN
2,NaN,NaN,NaN,NaN,NaN,NaN,NaN,NaN
3,NaN,NaN,NaN,NaN,NaN,NaN,NaN,NaN
4,NaN,NaN,NaN,NaN,NaN,NaN,NaN,NaN
5,NaN,NaN,NaN,NaN,NaN,NaN,NaN,NaN
6,NaN,NaN,NaN,NaN,NaN,NaN,NaN,NaN
7,NaN,NaN,NaN,NaN,NaN,NaN,NaN,NaN
8,NaN,NaN,NaN,NaN,NaN,NaN,NaN,NaN
9,NaN,NaN,NaN,NaN,NaN,NaN,NaN,NaN
10,NaN,NaN,NaN,NaN,NaN,NaN,NaN,NaN
11,NaN,NaN,NaN,NaN,NaN,NaN,NaN,NaN
1,NaN,NaN,NaN,NaN,NaN,NaN,NaN,NaN
2,NaN,NaN,NaN,NaN,NaN,NaN,NaN,NaN
3,NaN,NaN,NaN,NaN,NaN,NaN,NaN,NaN
4,NaN,NaN,NaN,NaN,NaN,NaN,NaN,NaN
5,NaN,NaN,NaN,NaN,NaN,NaN,NaN,NaN
6,NaN,NaN,NaN,NaN,NaN,NaN,NaN,NaN
7,NaN,NaN,NaN,NaN,NaN,NaN,NaN,NaN
8,NaN,NaN,NaN,NaN,NaN,NaN,NaN,NaN
9,NaN,NaN,NaN,NaN,NaN,NaN,NaN,NaN
10,NaN,NaN,NaN,NaN,NaN,NaN,NaN,NaN
11,NaN,NaN,NaN,NaN,NaN,NaN,NaN,NaN
1,NaN,NaN,NaN,NaN,NaN,NaN,NaN,NaN
2,NaN,NaN,NaN,NaN,NaN,NaN,NaN,NaN
3,NaN,NaN,NaN,NaN,NaN,NaN,NaN,NaN
4,NaN,NaN,NaN,NaN,NaN,NaN,NaN,NaN
5,NaN,NaN,NaN,NaN,NaN,NaN,NaN,NaN
6,NaN,NaN,NaN,NaN,NaN,NaN,NaN,NaN
7,NaN,NaN,NaN,NaN,NaN,NaN,NaN,NaN
8,NaN,NaN,NaN,NaN,NaN,NaN,NaN,NaN
9,NaN,NaN,NaN,NaN,NaN,NaN,NaN,NaN
10,NaN,NaN,NaN,NaN,NaN,NaN,NaN,NaN
11,NaN,NaN,NaN,NaN,NaN,NaN,NaN,NaN
1,NaN,NaN,NaN,NaN,NaN,NaN,NaN,NaN
2,NaN,NaN,NaN,NaN,NaN,NaN,NaN,NaN
3,NaN,NaN,NaN,NaN,NaN,NaN,NaN,NaN
4,NaN,NaN,NaN,NaN,NaN,NaN,NaN,NaN
5,NaN,NaN,NaN,NaN,NaN,NaN,NaN,NaN
6,NaN,NaN,NaN,NaN,NaN,NaN,NaN,NaN
7,NaN,NaN,NaN,NaN,NaN,NaN,NaN,NaN
8,NaN,NaN,NaN,NaN,NaN,NaN,NaN,NaN
9,NaN,NaN,NaN,NaN,NaN,NaN,NaN,NaN
10,NaN,NaN,NaN,NaN,NaN,NaN,NaN,NaN
11,NaN,NaN,NaN,NaN,NaN,NaN,NaN,NaN
1,NaN,NaN,NaN,NaN,NaN,NaN,NaN,NaN
2,NaN,NaN,NaN,NaN,NaN,NaN,NaN,NaN
3,NaN,NaN,NaN,NaN,NaN,NaN,NaN,NaN
4,NaN,NaN,NaN,NaN,NaN,NaN,NaN,NaN
5,NaN,NaN,NaN,NaN,NaN,NaN,NaN,NaN
6,NaN,NaN,NaN,NaN,NaN,NaN,NaN,NaN
7,NaN,NaN,NaN,NaN,NaN,NaN,NaN,NaN
8,NaN,NaN,NaN,NaN,NaN,NaN,NaN,NaN
9,NaN,NaN,NaN,NaN,NaN,NaN,NaN,NaN
10,NaN,NaN,NaN,NaN,NaN,NaN,NaN,NaN
11,NaN,NaN,NaN,NaN,NaN,NaN,NaN,NaN
1,NaN,NaN,NaN,NaN,NaN,NaN,NaN,NaN
2,NaN,NaN,NaN,NaN,NaN,NaN,NaN,NaN
3,NaN,NaN,NaN,NaN,NaN,NaN,NaN,NaN
4,NaN,NaN,NaN,NaN,NaN,NaN,NaN,NaN
5,NaN,NaN,NaN,NaN,NaN,NaN,NaN,NaN
6,NaN,NaN,NaN,NaN,NaN,NaN,NaN,NaN
7,NaN,NaN,NaN,NaN,NaN,NaN,NaN,NaN
8,NaN,NaN,NaN,NaN,NaN,NaN,NaN,NaN
9,NaN,NaN,NaN,NaN,NaN,NaN,NaN,NaN
10,NaN,NaN,NaN,NaN,NaN,NaN,NaN,NaN
11,NaN,NaN,NaN,NaN,NaN,NaN,NaN,NaN
1,NaN,NaN,NaN,NaN,NaN,NaN,NaN,NaN
2,NaN,NaN,NaN,NaN,NaN,NaN,NaN,NaN
3,NaN,NaN,NaN,NaN,NaN,NaN,NaN,NaN
4,NaN,NaN,NaN,NaN,NaN,NaN,NaN,NaN
5,NaN,NaN,NaN,NaN,NaN,NaN,NaN,NaN
6,NaN,NaN,NaN,NaN,NaN,NaN,NaN,NaN
7,NaN,NaN,NaN,NaN,NaN,NaN,NaN,NaN
8,NaN,NaN,NaN,NaN,NaN,NaN,NaN,NaN
9,NaN,NaN,NaN,NaN,NaN,NaN,NaN,NaN
10,NaN,NaN,NaN,NaN,NaN,NaN,NaN,NaN
11,NaN,NaN,NaN,NaN,NaN,NaN,NaN,NaN
1,NaN,NaN,NaN,NaN,NaN,NaN,NaN,NaN
2,NaN,NaN,NaN,NaN,NaN,NaN,NaN,NaN
3,NaN,NaN,NaN,NaN,NaN,NaN,NaN,NaN
4,NaN,NaN,NaN,NaN,NaN,NaN,NaN,NaN
5,NaN,NaN,NaN,NaN,NaN,NaN,NaN,NaN
6,NaN,NaN,NaN,NaN,NaN,NaN,NaN,NaN
7,NaN,NaN,NaN,NaN,NaN,NaN,NaN,NaN
8,NaN,NaN,NaN,NaN,NaN,NaN,NaN,NaN
9,NaN,NaN,NaN,NaN,NaN,NaN,NaN,NaN
10,NaN,NaN,NaN,NaN,NaN,NaN,NaN,NaN
11,NaN,NaN,NaN,NaN,NaN,NaN,NaN,NaN
1,NaN,NaN,NaN,NaN,NaN,NaN,NaN,NaN
2,NaN,NaN,NaN,NaN,NaN,NaN,NaN,NaN
3,NaN,NaN,NaN,NaN,NaN,NaN,NaN,NaN
4,NaN,NaN,NaN,NaN,NaN,NaN,NaN,NaN
5,NaN,NaN,NaN,NaN,NaN,NaN,NaN,NaN
6,NaN,NaN,NaN,NaN,NaN,NaN,NaN,NaN
7,NaN,NaN,NaN,NaN,NaN,NaN,NaN,NaN
8,NaN,NaN,NaN,NaN,NaN,NaN,NaN,NaN
9,NaN,NaN,NaN,NaN,NaN,NaN,NaN,NaN
10,NaN,NaN,NaN,NaN,NaN,NaN,NaN,NaN
11,NaN,NaN,NaN,NaN,NaN,NaN,NaN,NaN
1,NaN,NaN,NaN,NaN,NaN,NaN,NaN,NaN
2,NaN,NaN,NaN,NaN,NaN,NaN,NaN,NaN
3,NaN,NaN,NaN,NaN,NaN,NaN,NaN,NaN
4,NaN,NaN,NaN,NaN,NaN,NaN,NaN,NaN
5,NaN,NaN,NaN,NaN,NaN,NaN,NaN,NaN
6,NaN,NaN,NaN,NaN,NaN,NaN,NaN,NaN
7,NaN,NaN,NaN,NaN,NaN,NaN,NaN,NaN
8,NaN,NaN,NaN,NaN,NaN,NaN,NaN,NaN
9,NaN,NaN,NaN,NaN,NaN,NaN,NaN,NaN
10,NaN,NaN,NaN,NaN,NaN,NaN,NaN,NaN
11,NaN,NaN,NaN,NaN,NaN,NaN,NaN,NaN
1,NaN,NaN,NaN,NaN,NaN,NaN,NaN,NaN
2,NaN,NaN,NaN,NaN,NaN,NaN,NaN,NaN
3,NaN,NaN,NaN,NaN,NaN,NaN,NaN,NaN
4,NaN,NaN,NaN,NaN,NaN,NaN,NaN,NaN
5,NaN,NaN,NaN,NaN,NaN,NaN,NaN,NaN
6,NaN,NaN,NaN,NaN,NaN,NaN,NaN,NaN
7,NaN,NaN,NaN,NaN,NaN,NaN,NaN,NaN
8,NaN,NaN,NaN,NaN,NaN,NaN,NaN,NaN
9,NaN,NaN,NaN,NaN,NaN,NaN,NaN,NaN
10,NaN,NaN,NaN,NaN,NaN,NaN,NaN,NaN
11,NaN,NaN,NaN,NaN,NaN,NaN,NaN,NaN
1,NaN,NaN,NaN,NaN,NaN,NaN,NaN,NaN
2,NaN,NaN,NaN,NaN,NaN,NaN,NaN,NaN
3,NaN,NaN,NaN,NaN,NaN,NaN,NaN,NaN
4,NaN,NaN,NaN,NaN,NaN,NaN,NaN,NaN
5,NaN,NaN,NaN,NaN,NaN,NaN,NaN,NaN
6,NaN,NaN,NaN,NaN,NaN,NaN,NaN,NaN
7,NaN,NaN,NaN,NaN,NaN,NaN,NaN,NaN
8,NaN,NaN,NaN,NaN,NaN,NaN,NaN,NaN
9,NaN,NaN,NaN,NaN,NaN,NaN,NaN,NaN
10,NaN,NaN,NaN,NaN,NaN,NaN,NaN,NaN
11,NaN,NaN,NaN,NaN,NaN,NaN,NaN,NaN
1,NaN,NaN,NaN,NaN,NaN,NaN,NaN,NaN
2,NaN,NaN,NaN,NaN,NaN,NaN,NaN,NaN
3,NaN,NaN,NaN,NaN,NaN,NaN,NaN,NaN
4,NaN,NaN,NaN,NaN,NaN,NaN,NaN,NaN
5,NaN,NaN,NaN,NaN,NaN,NaN,NaN,NaN
6,NaN,NaN,NaN,NaN,NaN,NaN,NaN,NaN
7,NaN,NaN,NaN,NaN,NaN,NaN,NaN,NaN
8,NaN,NaN,NaN,NaN,NaN,NaN,NaN,NaN
9,NaN,NaN,NaN,NaN,NaN,NaN,NaN,NaN
10,NaN,NaN,NaN,NaN,NaN,NaN,NaN,NaN
11,NaN,NaN,NaN,NaN,NaN,NaN,NaN,NaN
1,NaN,NaN,NaN,NaN,NaN,NaN,NaN,NaN
2,NaN,NaN,NaN,NaN,NaN,NaN,NaN,NaN
3,NaN,NaN,NaN,NaN,NaN,NaN,NaN,NaN
4,NaN,NaN,NaN,NaN,NaN,NaN,NaN,NaN
5,NaN,NaN,NaN,NaN,NaN,NaN,NaN,NaN
6,NaN,NaN,NaN,NaN,NaN,NaN,NaN,NaN
7,NaN,NaN,NaN,NaN,NaN,NaN,NaN,NaN
8,NaN,NaN,NaN,NaN,NaN,NaN,NaN,NaN
9,NaN,NaN,NaN,NaN,NaN,NaN,NaN,NaN
10,NaN,NaN,NaN,NaN,NaN,NaN,NaN,NaN
11,NaN,NaN,NaN,NaN,NaN,NaN,NaN,NaN
1,NaN,NaN,NaN,NaN,NaN,NaN,NaN,NaN
2,NaN,NaN,NaN,NaN,NaN,NaN,NaN,NaN
3,NaN,NaN,NaN,NaN,NaN,NaN,NaN,NaN
4,NaN,NaN,NaN,NaN,NaN,NaN,NaN,NaN
5,NaN,NaN,NaN,NaN,NaN,NaN,NaN,NaN
6,NaN,NaN,NaN,NaN,NaN,NaN,NaN,NaN
7,NaN,NaN,NaN,NaN,NaN,NaN,NaN,NaN
8,NaN,NaN,NaN,NaN,NaN,NaN,NaN,NaN
9,NaN,NaN,NaN,NaN,NaN,NaN,NaN,NaN
10,NaN,NaN,NaN,NaN,NaN,NaN,NaN,NaN
11,NaN,NaN,NaN,NaN,NaN,NaN,NaN,NaN
1,NaN,NaN,NaN,NaN,NaN,NaN,NaN,NaN
2,NaN,NaN,NaN,NaN,NaN,NaN,NaN,NaN
3,NaN,NaN,NaN,NaN,NaN,NaN,NaN,NaN
4,NaN,NaN,NaN,NaN,NaN,NaN,NaN,NaN
5,NaN,NaN,NaN,NaN,NaN,NaN,NaN,NaN
6,NaN,NaN,NaN,NaN,NaN,NaN,NaN,NaN
7,NaN,NaN,NaN,NaN,NaN,NaN,NaN,NaN
8,NaN,NaN,NaN,NaN,NaN,NaN,NaN,NaN
9,NaN,NaN,NaN,NaN,NaN,NaN,NaN,NaN
10,NaN,NaN,NaN,NaN,NaN,NaN,NaN,NaN
11,NaN,NaN,NaN,NaN,NaN,NaN,NaN,NaN
1,NaN,NaN,NaN,NaN,NaN,NaN,NaN,NaN
2,NaN,NaN,NaN,NaN,NaN,NaN,NaN,NaN
3,NaN,NaN,NaN,NaN,NaN,NaN,NaN,NaN
4,NaN,NaN,NaN,NaN,NaN,NaN,NaN,NaN
5,NaN,NaN,NaN,NaN,NaN,NaN,NaN,NaN
6,NaN,NaN,NaN,NaN,NaN,NaN,NaN,NaN
7,NaN,NaN,NaN,NaN,NaN,NaN,NaN,NaN
8,NaN,NaN,NaN,NaN,NaN,NaN,NaN,NaN
9,NaN,NaN,NaN,NaN,NaN,NaN,NaN,NaN
10,NaN,NaN,NaN,NaN,NaN,NaN,NaN,NaN
11,NaN,NaN,NaN,NaN,NaN,NaN,NaN,NaN
1,NaN,NaN,NaN,NaN,NaN,NaN,NaN,NaN
2,NaN,NaN,NaN,NaN,NaN,NaN,NaN,NaN
3,NaN,NaN,NaN,NaN,NaN,NaN,NaN,NaN
4,NaN,NaN,NaN,NaN,NaN,NaN,NaN,NaN
5,NaN,NaN,NaN,NaN,NaN,NaN,NaN,NaN
6,NaN,NaN,NaN,NaN,NaN,NaN,NaN,NaN
7,NaN,NaN,NaN,NaN,NaN,NaN,NaN,NaN
8,NaN,NaN,NaN,NaN,NaN,NaN,NaN,NaN
9,NaN,NaN,NaN,NaN,NaN,NaN,NaN,NaN
10,NaN,NaN,NaN,NaN,NaN,NaN,NaN,NaN
11,NaN,NaN,NaN,NaN,NaN,NaN,NaN,NaN
1,NaN,NaN,NaN,NaN,NaN,NaN,NaN,NaN
2,NaN,NaN,NaN,NaN,NaN,NaN,NaN,NaN
3,NaN,NaN,NaN,NaN,NaN,NaN,NaN,NaN
4,NaN,NaN,NaN,NaN,NaN,NaN,NaN,NaN
5,NaN,NaN,NaN,NaN,NaN,NaN,NaN,NaN
6,NaN,NaN,NaN,NaN,NaN,NaN,NaN,NaN
7,NaN,NaN,NaN,NaN,NaN,NaN,NaN,NaN
8,NaN,NaN,NaN,NaN,NaN,NaN,NaN,NaN
9,NaN,NaN,NaN,NaN,NaN,NaN,NaN,NaN
10,NaN,NaN,NaN,NaN,NaN,NaN,NaN,NaN
11,NaN,NaN,NaN,NaN,NaN,NaN,NaN,NaN
1,NaN,NaN,NaN,NaN,NaN,NaN,NaN,NaN
2,NaN,NaN,NaN,NaN,NaN,NaN,NaN,NaN
3,NaN,NaN,NaN,NaN,NaN,NaN,NaN,NaN
4,NaN,NaN,NaN,NaN,NaN,NaN,NaN,NaN
5,NaN,NaN,NaN,NaN,NaN,NaN,NaN,NaN
6,NaN,NaN,NaN,NaN,NaN,NaN,NaN,NaN
7,NaN,NaN,NaN,NaN,NaN,NaN,NaN,NaN
8,NaN,NaN,NaN,NaN,NaN,NaN,NaN,NaN
9,NaN,NaN,NaN,NaN,NaN,NaN,NaN,NaN
10,NaN,NaN,NaN,NaN,NaN,NaN,NaN,NaN
11,NaN,NaN,NaN,NaN,NaN,NaN,NaN,NaN
1,NaN,NaN,NaN,NaN,NaN,NaN,NaN,NaN
2,NaN,NaN,NaN,NaN,NaN,NaN,NaN,NaN
3,NaN,NaN,NaN,NaN,NaN,NaN,NaN,NaN
4,NaN,NaN,NaN,NaN,NaN,NaN,NaN,NaN
5,NaN,NaN,NaN,NaN,NaN,NaN,NaN,NaN
6,NaN,NaN,NaN,NaN,NaN,NaN,NaN,NaN
7,NaN,NaN,NaN,NaN,NaN,NaN,NaN,NaN
8,NaN,NaN,NaN,NaN,NaN,NaN,NaN,NaN
9,NaN,NaN,NaN,NaN,NaN,NaN,NaN,NaN
10,NaN,NaN,NaN,NaN,NaN,NaN,NaN,NaN
11,NaN,NaN,NaN,NaN,NaN,NaN,NaN,NaN
1,NaN,NaN,NaN,NaN,NaN,NaN,NaN,NaN
2,NaN,NaN,NaN,NaN,NaN,NaN,NaN,NaN
3,NaN,NaN,NaN,NaN,NaN,NaN,NaN,NaN
4,NaN,NaN,NaN,NaN,NaN,NaN,NaN,NaN
5,NaN,NaN,NaN,NaN,NaN,NaN,NaN,NaN
6,NaN,NaN,NaN,NaN,NaN,NaN,NaN,NaN
7,NaN,NaN,NaN,NaN,NaN,NaN,NaN,NaN
8,NaN,NaN,NaN,NaN,NaN,NaN,NaN,NaN
9,NaN,NaN,NaN,NaN,NaN,NaN,NaN,NaN
10,NaN,NaN,NaN,NaN,NaN,NaN,NaN,NaN
11,NaN,NaN,NaN,NaN,NaN,NaN,NaN,NaN
1,NaN,NaN,NaN,NaN,NaN,NaN,NaN,NaN
2,NaN,NaN,NaN,NaN,NaN,NaN,NaN,NaN
3,NaN,NaN,NaN,NaN,NaN,NaN,NaN,NaN
4,NaN,NaN,NaN,NaN,NaN,NaN,NaN,NaN
5,NaN,NaN,NaN,NaN,NaN,NaN,NaN,NaN
6,NaN,NaN,NaN,NaN,NaN,NaN,NaN,NaN
7,NaN,NaN,NaN,NaN,NaN,NaN,NaN,NaN
8,NaN,NaN,NaN,NaN,NaN,NaN,NaN,NaN
9,NaN,NaN,NaN,NaN,NaN,NaN,NaN,NaN
10,NaN,NaN,NaN,NaN,NaN,NaN,NaN,NaN
11,NaN,NaN,NaN,NaN,NaN,NaN,NaN,NaN
1,NaN,NaN,NaN,NaN,NaN,NaN,NaN,NaN
2,NaN,NaN,NaN,NaN,NaN,NaN,NaN,NaN
3,NaN,NaN,NaN,NaN,NaN,NaN,NaN,NaN
4,NaN,NaN,NaN,NaN,NaN,NaN,NaN,NaN
5,NaN,NaN,NaN,NaN,NaN,NaN,NaN,NaN
6,NaN,NaN,NaN,NaN,NaN,NaN,NaN,NaN
7,NaN,NaN,NaN,NaN,NaN,NaN,NaN,NaN
8,NaN,NaN,NaN,NaN,NaN,NaN,NaN,NaN
9,NaN,NaN,NaN,NaN,NaN,NaN,NaN,NaN
10,NaN,NaN,NaN,NaN,NaN,NaN,NaN,NaN
11,NaN,NaN,NaN,NaN,NaN,NaN,NaN,NaN
1,NaN,NaN,NaN,NaN,NaN,NaN,NaN,NaN
2,NaN,NaN,NaN,NaN,NaN,NaN,NaN,NaN
3,NaN,NaN,NaN,NaN,NaN,NaN,NaN,NaN
4,NaN,NaN,NaN,NaN,NaN,NaN,NaN,NaN
5,NaN,NaN,NaN,NaN,NaN,NaN,NaN,NaN
6,NaN,NaN,NaN,NaN,NaN,NaN,NaN,NaN
7,NaN,NaN,NaN,NaN,NaN,NaN,NaN,NaN
8,NaN,NaN,NaN,NaN,NaN,NaN,NaN,NaN
9,NaN,NaN,NaN,NaN,NaN,NaN,NaN,NaN
10,NaN,NaN,NaN,NaN,NaN,NaN,NaN,NaN
11,NaN,NaN,NaN,NaN,NaN,NaN,NaN,NaN
1,NaN,NaN,NaN,NaN,NaN,NaN,NaN,NaN
2,NaN,NaN,NaN,NaN,NaN,NaN,NaN,NaN
3,NaN,NaN,NaN,NaN,NaN,NaN,NaN,NaN
4,NaN,NaN,NaN,NaN,NaN,NaN,NaN,NaN
5,NaN,NaN,NaN,NaN,NaN,NaN,NaN,NaN
6,NaN,NaN,NaN,NaN,NaN,NaN,NaN,NaN
7,NaN,NaN,NaN,NaN,NaN,NaN,NaN,NaN
8,NaN,NaN,NaN,NaN,NaN,NaN,NaN,NaN
9,NaN,NaN,NaN,NaN,NaN,NaN,NaN,NaN
10,NaN,NaN,NaN,NaN,NaN,NaN,NaN,NaN
11,NaN,NaN,NaN,NaN,NaN,NaN,NaN,NaN
1,NaN,NaN,NaN,NaN,NaN,NaN,NaN,NaN
2,NaN,NaN,NaN,NaN,NaN,NaN,NaN,NaN
3,NaN,NaN,NaN,NaN,NaN,NaN,NaN,NaN
4,NaN,NaN,NaN,NaN,NaN,NaN,NaN,NaN
5,NaN,NaN,NaN,NaN,NaN,NaN,NaN,NaN
6,NaN,NaN,NaN,NaN,NaN,NaN,NaN,NaN
7,NaN,NaN,NaN,NaN,NaN,NaN,NaN,NaN
8,NaN,NaN,NaN,NaN,NaN,NaN,NaN,NaN
9,NaN,NaN,NaN,NaN,NaN,NaN,NaN,NaN
10,NaN,NaN,NaN,NaN,NaN,NaN,NaN,NaN
11,NaN,NaN,NaN,NaN,NaN,NaN,NaN,NaN
1,NaN,NaN,NaN,NaN,NaN,NaN,NaN,NaN
2,NaN,NaN,NaN,NaN,NaN,NaN,NaN,NaN
3,NaN,NaN,NaN,NaN,NaN,NaN,NaN,NaN
4,NaN,NaN,NaN,NaN,NaN,NaN,NaN,NaN
5,NaN,NaN,NaN,NaN,NaN,NaN,NaN,NaN
6,NaN,NaN,NaN,NaN,NaN,NaN,NaN,NaN
7,NaN,NaN,NaN,NaN,NaN,NaN,NaN,NaN
8,NaN,NaN,NaN,NaN,NaN,NaN,NaN,NaN
9,NaN,NaN,NaN,NaN,NaN,NaN,NaN,NaN
10,NaN,NaN,NaN,NaN,NaN,NaN,NaN,NaN
11,NaN,NaN,NaN,NaN,NaN,NaN,NaN,NaN
1,NaN,NaN,NaN,NaN,NaN,NaN,NaN,NaN
2,NaN,NaN,NaN,NaN,NaN,NaN,NaN,NaN
3,NaN,NaN,NaN,NaN,NaN,NaN,NaN,NaN
4,NaN,NaN,NaN,NaN,NaN,NaN,NaN,NaN
5,NaN,NaN,NaN,NaN,NaN,NaN,NaN,NaN
6,NaN,NaN,NaN,NaN,NaN,NaN,NaN,NaN
7,NaN,NaN,NaN,NaN,NaN,NaN,NaN,NaN
8,NaN,NaN,NaN,NaN,NaN,NaN,NaN,NaN
9,NaN,NaN,NaN,NaN,NaN,NaN,NaN,NaN
10,NaN,NaN,NaN,NaN,NaN,NaN,NaN,NaN
11,NaN,NaN,NaN,NaN,NaN,NaN,NaN,NaN
1,NaN,NaN,NaN,NaN,NaN,NaN,NaN,NaN
2,NaN,NaN,NaN,NaN,NaN,NaN,NaN,NaN
3,NaN,NaN,NaN,NaN,NaN,NaN,NaN,NaN
4,NaN,NaN,NaN,NaN,NaN,NaN,NaN,NaN
5,NaN,NaN,NaN,NaN,NaN,NaN,NaN,NaN
6,NaN,NaN,NaN,NaN,NaN,NaN,NaN,NaN
7,NaN,NaN,NaN,NaN,NaN,NaN,NaN,NaN
8,NaN,NaN,NaN,NaN,NaN,NaN,NaN,NaN
9,NaN,NaN,NaN,NaN,NaN,NaN,NaN,NaN
10,NaN,NaN,NaN,NaN,NaN,NaN,NaN,NaN
11,NaN,NaN,NaN,NaN,NaN,NaN,NaN,NaN
1,NaN,NaN,NaN,NaN,NaN,NaN,NaN,NaN
2,NaN,NaN,NaN,NaN,NaN,NaN,NaN,NaN
3,NaN,NaN,NaN,NaN,NaN,NaN,NaN,NaN
4,NaN,NaN,NaN,NaN,NaN,NaN,NaN,NaN
5,NaN,NaN,NaN,NaN,NaN,NaN,NaN,NaN
6,NaN,NaN,NaN,NaN,NaN,NaN,NaN,NaN
7,NaN,NaN,NaN,NaN,NaN,NaN,NaN,NaN
8,NaN,NaN,NaN,NaN,NaN,NaN,NaN,NaN
9,NaN,NaN,NaN,NaN,NaN,NaN,NaN,NaN
10,NaN,NaN,NaN,NaN,NaN,NaN,NaN,NaN
11,NaN,NaN,NaN,NaN,NaN,NaN,NaN,NaN
1,NaN,NaN,NaN,NaN,NaN,NaN,NaN,NaN
2,NaN,NaN,NaN,NaN,NaN,NaN,NaN,NaN
3,NaN,NaN,NaN,NaN,NaN,NaN,NaN,NaN
4,NaN,NaN,NaN,NaN,NaN,NaN,NaN,NaN
5,NaN,NaN,NaN,NaN,NaN,NaN,NaN,NaN
6,NaN,NaN,NaN,NaN,NaN,NaN,NaN,NaN
7,NaN,NaN,NaN,NaN,NaN,NaN,NaN,NaN
8,NaN,NaN,NaN,NaN,NaN,NaN,NaN,NaN
9,NaN,NaN,NaN,NaN,NaN,NaN,NaN,NaN
10,NaN,NaN,NaN,NaN,NaN,NaN,NaN,NaN
11,NaN,NaN,NaN,NaN,NaN,NaN,NaN,NaN
1,NaN,NaN,NaN,NaN,NaN,NaN,NaN,NaN
2,NaN,NaN,NaN,NaN,NaN,NaN,NaN,NaN
3,NaN,NaN,NaN,NaN,NaN,NaN,NaN,NaN
4,NaN,NaN,NaN,NaN,NaN,NaN,NaN,NaN
5,NaN,NaN,NaN,NaN,NaN,NaN,NaN,NaN
6,NaN,NaN,NaN,NaN,NaN,NaN,NaN,NaN
7,NaN,NaN,NaN,NaN,NaN,NaN,NaN,NaN
8,NaN,NaN,NaN,NaN,NaN,NaN,NaN,NaN
9,NaN,NaN,NaN,NaN,NaN,NaN,NaN,NaN
10,NaN,NaN,NaN,NaN,NaN,NaN,NaN,NaN
11,NaN,NaN,NaN,NaN,NaN,NaN,NaN,NaN
1,NaN,NaN,NaN,NaN,NaN,NaN,NaN,NaN
2,NaN,NaN,NaN,NaN,NaN,NaN,NaN,NaN
3,NaN,NaN,NaN,NaN,NaN,NaN,NaN,NaN
4,NaN,NaN,NaN,NaN,NaN,NaN,NaN,NaN
5,NaN,NaN,NaN,NaN,NaN,NaN,NaN,NaN
6,NaN,NaN,NaN,NaN,NaN,NaN,NaN,NaN
7,NaN,NaN,NaN,NaN,NaN,NaN,NaN,NaN
8,NaN,NaN,NaN,NaN,NaN,NaN,NaN,NaN
9,NaN,NaN,NaN,NaN,NaN,NaN,NaN,NaN
10,NaN,NaN,NaN,NaN,NaN,NaN,NaN,NaN
11,NaN,NaN,NaN,NaN,NaN,NaN,NaN,NaN
1,NaN,NaN,NaN,NaN,NaN,NaN,NaN,NaN
2,NaN,NaN,NaN,NaN,NaN,NaN,NaN,NaN
3,NaN,NaN,NaN,NaN,NaN,NaN,NaN,NaN
4,NaN,NaN,NaN,NaN,NaN,NaN,NaN,NaN
5,NaN,NaN,NaN,NaN,NaN,NaN,NaN,NaN
6,NaN,NaN,NaN,NaN,NaN,NaN,NaN,NaN
7,NaN,NaN,NaN,NaN,NaN,NaN,NaN,NaN
8,NaN,NaN,NaN,NaN,NaN,NaN,NaN,NaN
9,NaN,NaN,NaN,NaN,NaN,NaN,NaN,NaN
10,NaN,NaN,NaN,NaN,NaN,NaN,NaN,NaN
11,NaN,NaN,NaN,NaN,NaN,NaN,NaN,NaN
1,NaN,NaN,NaN,NaN,NaN,NaN,NaN,NaN
2,NaN,NaN,NaN,NaN,NaN,NaN,NaN,NaN
3,NaN,NaN,NaN,NaN,NaN,NaN,NaN,NaN
4,NaN,NaN,NaN,NaN,NaN,NaN,NaN,NaN
5,NaN,NaN,NaN,NaN,NaN,NaN,NaN,NaN
6,NaN,NaN,NaN,NaN,NaN,NaN,NaN,NaN
7,NaN,NaN,NaN,NaN,NaN,NaN,NaN,NaN
8,NaN,NaN,NaN,NaN,NaN,NaN,NaN,NaN
9,NaN,NaN,NaN,NaN,NaN,NaN,NaN,NaN
10,NaN,NaN,NaN,NaN,NaN,NaN,NaN,NaN
11,NaN,NaN,NaN,NaN,NaN,NaN,NaN,NaN
1,NaN,NaN,NaN,NaN,NaN,NaN,NaN,NaN
2,NaN,NaN,NaN,NaN,NaN,NaN,NaN,NaN
3,NaN,NaN,NaN,NaN,NaN,NaN,NaN,NaN
4,NaN,NaN,NaN,NaN,NaN,NaN,NaN,NaN
5,NaN,NaN,NaN,NaN,NaN,NaN,NaN,NaN
6,NaN,NaN,NaN,NaN,NaN,NaN,NaN,NaN
7,NaN,NaN,NaN,NaN,NaN,NaN,NaN,NaN
8,NaN,NaN,NaN,NaN,NaN,NaN,NaN,NaN
9,NaN,NaN,NaN,NaN,NaN,NaN,NaN,NaN
10,NaN,NaN,NaN,NaN,NaN,NaN,NaN,NaN
11,NaN,NaN,NaN,NaN,NaN,NaN,NaN,NaN
1,NaN,NaN,NaN,NaN,NaN,NaN,NaN,NaN
2,NaN,NaN,NaN,NaN,NaN,NaN,NaN,NaN
3,NaN,NaN,NaN,NaN,NaN,NaN,NaN,NaN
4,NaN,NaN,NaN,NaN,NaN,NaN,NaN,NaN
5,NaN,NaN,NaN,NaN,NaN,NaN,NaN,NaN
6,NaN,NaN,NaN,NaN,NaN,NaN,NaN,NaN
7,NaN,NaN,NaN,NaN,NaN,NaN,NaN,NaN
8,NaN,NaN,NaN,NaN,NaN,NaN,NaN,NaN
9,NaN,NaN,NaN,NaN,NaN,NaN,NaN,NaN
10,NaN,NaN,NaN,NaN,NaN,NaN,NaN,NaN
11,NaN,NaN,NaN,NaN,NaN,NaN,NaN,NaN
1,NaN,NaN,NaN,NaN,NaN,NaN,NaN,NaN
2,NaN,NaN,NaN,NaN,NaN,NaN,NaN,NaN
3,NaN,NaN,NaN,NaN,NaN,NaN,NaN,NaN
4,NaN,NaN,NaN,NaN,NaN,NaN,NaN,NaN
5,NaN,NaN,NaN,NaN,NaN,NaN,NaN,NaN
6,NaN,NaN,NaN,NaN,NaN,NaN,NaN,NaN
7,NaN,NaN,NaN,NaN,NaN,NaN,NaN,NaN
8,NaN,NaN,NaN,NaN,NaN,NaN,NaN,NaN
9,NaN,NaN,NaN,NaN,NaN,NaN,NaN,NaN
10,NaN,NaN,NaN,NaN,NaN,NaN,NaN,NaN
11,NaN,NaN,NaN,NaN,NaN,NaN,NaN,NaN
1,NaN,NaN,NaN,NaN,NaN,NaN,NaN,NaN
2,NaN,NaN,NaN,NaN,NaN,NaN,NaN,NaN
3,NaN,NaN,NaN,NaN,NaN,NaN,NaN,NaN
4,NaN,NaN,NaN,NaN,NaN,NaN,NaN,NaN
5,NaN,NaN,NaN,NaN,NaN,NaN,NaN,NaN
6,NaN,NaN,NaN,NaN,NaN,NaN,NaN,NaN
7,NaN,NaN,NaN,NaN,NaN,NaN,NaN,NaN
8,NaN,NaN,NaN,NaN,NaN,NaN,NaN,NaN
9,NaN,NaN,NaN,NaN,NaN,NaN,NaN,NaN
10,NaN,NaN,NaN,NaN,NaN,NaN,NaN,NaN
11,NaN,NaN,NaN,NaN,NaN,NaN,NaN,NaN
1,NaN,NaN,NaN,NaN,NaN,NaN,NaN,NaN
2,NaN,NaN,NaN,NaN,NaN,NaN,NaN,NaN
3,NaN,NaN,NaN,NaN,NaN,NaN,NaN,NaN
4,NaN,NaN,NaN,NaN,NaN,NaN,NaN,NaN
5,NaN,NaN,NaN,NaN,NaN,NaN,NaN,NaN
6,NaN,NaN,NaN,NaN,NaN,NaN,NaN,NaN
7,NaN,NaN,NaN,NaN,NaN,NaN,NaN,NaN
8,NaN,NaN,NaN,NaN,NaN,NaN,NaN,NaN
9,NaN,NaN,NaN,NaN,NaN,NaN,NaN,NaN
10,NaN,NaN,NaN,NaN,NaN,NaN,NaN,NaN
11,NaN,NaN,NaN,NaN,NaN,NaN,NaN,NaN
1,NaN,NaN,NaN,NaN,NaN,NaN,NaN,NaN
2,NaN,NaN,NaN,NaN,NaN,NaN,NaN,NaN
3,NaN,NaN,NaN,NaN,NaN,NaN,NaN,NaN
4,NaN,NaN,NaN,NaN,NaN,NaN,NaN,NaN
5,NaN,NaN,NaN,NaN,NaN,NaN,NaN,NaN
6,NaN,NaN,NaN,NaN,NaN,NaN,NaN,NaN
7,NaN,NaN,NaN,NaN,NaN,NaN,NaN,NaN
8,NaN,NaN,NaN,NaN,NaN,NaN,NaN,NaN
9,NaN,NaN,NaN,NaN,NaN,NaN,NaN,NaN
10,NaN,NaN,NaN,NaN,NaN,NaN,NaN,NaN
11,NaN,NaN,NaN,NaN,NaN,NaN,NaN,NaN
1,NaN,NaN,NaN,NaN,NaN,NaN,NaN,NaN
2,NaN,NaN,NaN,NaN,NaN,NaN,NaN,NaN
3,NaN,NaN,NaN,NaN,NaN,NaN,NaN,NaN
4,NaN,NaN,NaN,NaN,NaN,NaN,NaN,NaN
5,NaN,NaN,NaN,NaN,NaN,NaN,NaN,NaN
6,NaN,NaN,NaN,NaN,NaN,NaN,NaN,NaN
7,NaN,NaN,NaN,NaN,NaN,NaN,NaN,NaN
8,NaN,NaN,NaN,NaN,NaN,NaN,NaN,NaN
9,NaN,NaN,NaN,NaN,NaN,NaN,NaN,NaN
10,NaN,NaN,NaN,NaN,NaN,NaN,NaN,NaN
11,NaN,NaN,NaN,NaN,NaN,NaN,NaN,NaN
1,NaN,NaN,NaN,NaN,NaN,NaN,NaN,NaN
2,NaN,NaN,NaN,NaN,NaN,NaN,NaN,NaN
3,NaN,NaN,NaN,NaN,NaN,NaN,NaN,NaN
4,NaN,NaN,NaN,NaN,NaN,NaN,NaN,NaN
5,NaN,NaN,NaN,NaN,NaN,NaN,NaN,NaN
6,NaN,NaN,NaN,NaN,NaN,NaN,NaN,NaN
7,NaN,NaN,NaN,NaN,NaN,NaN,NaN,NaN
8,NaN,NaN,NaN,NaN,NaN,NaN,NaN,NaN
9,NaN,NaN,NaN,NaN,NaN,NaN,NaN,NaN
10,NaN,NaN,NaN,NaN,NaN,NaN,NaN,NaN
11,NaN,NaN,NaN,NaN,NaN,NaN,NaN,NaN
1,NaN,NaN,NaN,NaN,NaN,NaN,NaN,NaN
2,NaN,NaN,NaN,NaN,NaN,NaN,NaN,NaN
3,NaN,NaN,NaN,NaN,NaN,NaN,NaN,NaN
4,NaN,NaN,NaN,NaN,NaN,NaN,NaN,NaN
5,NaN,NaN,NaN,NaN,NaN,NaN,NaN,NaN
6,NaN,NaN,NaN,NaN,NaN,NaN,NaN,NaN
7,NaN,NaN,NaN,NaN,NaN,NaN,NaN,NaN
8,NaN,NaN,NaN,NaN,NaN,NaN,NaN,NaN
9,NaN,NaN,NaN,NaN,NaN,NaN,NaN,NaN
10,NaN,NaN,NaN,NaN,NaN,NaN,NaN,NaN
11,NaN,NaN,NaN,NaN,NaN,NaN,NaN,NaN
1,NaN,NaN,NaN,NaN,NaN,NaN,NaN,NaN
2,NaN,NaN,NaN,NaN,NaN,NaN,NaN,NaN
3,NaN,NaN,NaN,NaN,NaN,NaN,NaN,NaN
4,NaN,NaN,NaN,NaN,NaN,NaN,NaN,NaN
5,NaN,NaN,NaN,NaN,NaN,NaN,NaN,NaN
6,NaN,NaN,NaN,NaN,NaN,NaN,NaN,NaN
7,NaN,NaN,NaN,NaN,NaN,NaN,NaN,NaN
8,NaN,NaN,NaN,NaN,NaN,NaN,NaN,NaN
9,NaN,NaN,NaN,NaN,NaN,NaN,NaN,NaN
10,NaN,NaN,NaN,NaN,NaN,NaN,NaN,NaN
11,NaN,NaN,NaN,NaN,NaN,NaN,NaN,NaN
1,NaN,NaN,NaN,NaN,NaN,NaN,NaN,NaN
2,NaN,NaN,NaN,NaN,NaN,NaN,NaN,NaN
3,NaN,NaN,NaN,NaN,NaN,NaN,NaN,NaN
4,NaN,NaN,NaN,NaN,NaN,NaN,NaN,NaN
5,NaN,NaN,NaN,NaN,NaN,NaN,NaN,NaN
6,NaN,NaN,NaN,NaN,NaN,NaN,NaN,NaN
7,NaN,NaN,NaN,NaN,NaN,NaN,NaN,NaN
8,NaN,NaN,NaN,NaN,NaN,NaN,NaN,NaN
9,NaN,NaN,NaN,NaN,NaN,NaN,NaN,NaN
10,NaN,NaN,NaN,NaN,NaN,NaN,NaN,NaN
11,NaN,NaN,NaN,NaN,NaN,NaN,NaN,NaN
1,NaN,NaN,NaN,NaN,NaN,NaN,NaN,NaN
2,NaN,NaN,NaN,NaN,NaN,NaN,NaN,NaN
3,NaN,NaN,NaN,NaN,NaN,NaN,NaN,NaN
4,NaN,NaN,NaN,NaN,NaN,NaN,NaN,NaN
5,NaN,NaN,NaN,NaN,NaN,NaN,NaN,NaN
6,NaN,NaN,NaN,NaN,NaN,NaN,NaN,NaN
7,NaN,NaN,NaN,NaN,NaN,NaN,NaN,NaN
8,NaN,NaN,NaN,NaN,NaN,NaN,NaN,NaN
9,NaN,NaN,NaN,NaN,NaN,NaN,NaN,NaN
10,NaN,NaN,NaN,NaN,NaN,NaN,NaN,NaN
11,NaN,NaN,NaN,NaN,NaN,NaN,NaN,NaN
1,NaN,NaN,NaN,NaN,NaN,NaN,NaN,NaN
2,NaN,NaN,NaN,NaN,NaN,NaN,NaN,NaN
3,NaN,NaN,NaN,NaN,NaN,NaN,NaN,NaN
4,NaN,NaN,NaN,NaN,NaN,NaN,NaN,NaN
5,NaN,NaN,NaN,NaN,NaN,NaN,NaN,NaN
6,NaN,NaN,NaN,NaN,NaN,NaN,NaN,NaN
7,NaN,NaN,NaN,NaN,NaN,NaN,NaN,NaN
8,NaN,NaN,NaN,NaN,NaN,NaN,NaN,NaN
9,NaN,NaN,NaN,NaN,NaN,NaN,NaN,NaN
10,NaN,NaN,NaN,NaN,NaN,NaN,NaN,NaN
11,NaN,NaN,NaN,NaN,NaN,NaN,NaN,NaN
1,NaN,NaN,NaN,NaN,NaN,NaN,NaN,NaN
2,NaN,NaN,NaN,NaN,NaN,NaN,NaN,NaN
3,NaN,NaN,NaN,NaN,NaN,NaN,NaN,NaN
4,NaN,NaN,NaN,NaN,NaN,NaN,NaN,NaN
5,NaN,NaN,NaN,NaN,NaN,NaN,NaN,NaN
6,NaN,NaN,NaN,NaN,NaN,NaN,NaN,NaN
7,NaN,NaN,NaN,NaN,NaN,NaN,NaN,NaN
8,NaN,NaN,NaN,NaN,NaN,NaN,NaN,NaN
9,NaN,NaN,NaN,NaN,NaN,NaN,NaN,NaN
10,NaN,NaN,NaN,NaN,NaN,NaN,NaN,NaN
11,NaN,NaN,NaN,NaN,NaN,NaN,NaN,NaN
1,NaN,NaN,NaN,NaN,NaN,NaN,NaN,NaN
2,NaN,NaN,NaN,NaN,NaN,NaN,NaN,NaN
3,NaN,NaN,NaN,NaN,NaN,NaN,NaN,NaN
4,NaN,NaN,NaN,NaN,NaN,NaN,NaN,NaN
5,NaN,NaN,NaN,NaN,NaN,NaN,NaN,NaN
6,NaN,NaN,NaN,NaN,NaN,NaN,NaN,NaN
7,NaN,NaN,NaN,NaN,NaN,NaN,NaN,NaN
8,NaN,NaN,NaN,NaN,NaN,NaN,NaN,NaN
9,NaN,NaN,NaN,NaN,NaN,NaN,NaN,NaN
10,NaN,NaN,NaN,NaN,NaN,NaN,NaN,NaN
11,NaN,NaN,NaN,NaN,NaN,NaN,NaN,NaN
1,NaN,NaN,NaN,NaN,NaN,NaN,NaN,NaN
2,NaN,NaN,NaN,NaN,NaN,NaN,NaN,NaN
3,NaN,NaN,NaN,NaN,NaN,NaN,NaN,NaN
4,NaN,NaN,NaN,NaN,NaN,NaN,NaN,NaN
5,NaN,NaN,NaN,NaN,NaN,NaN,NaN,NaN
6,NaN,NaN,NaN,NaN,NaN,NaN,NaN,NaN
7,NaN,NaN,NaN,NaN,NaN,NaN,NaN,NaN
8,NaN,NaN,NaN,NaN,NaN,NaN,NaN,NaN
9,NaN,NaN,NaN,NaN,NaN,NaN,NaN,NaN
10,NaN,NaN,NaN,NaN,NaN,NaN,NaN,NaN
11,NaN,NaN,NaN,NaN,NaN,NaN,NaN,NaN
1,NaN,NaN,NaN,NaN,NaN,NaN,NaN,NaN
2,NaN,NaN,NaN,NaN,NaN,NaN,NaN,NaN
3,NaN,NaN,NaN,NaN,NaN,NaN,NaN,NaN
4,NaN,NaN,NaN,NaN,NaN,NaN,NaN,NaN
5,NaN,NaN,NaN,NaN,NaN,NaN,NaN,NaN
6,NaN,NaN,NaN,NaN,NaN,NaN,NaN,NaN
7,NaN,NaN,NaN,NaN,NaN,NaN,NaN,NaN
8,NaN,NaN,NaN,NaN,NaN,NaN,NaN,NaN
9,NaN,NaN,NaN,NaN,NaN,NaN,NaN,NaN
10,NaN,NaN,NaN,NaN,NaN,NaN,NaN,NaN
11,NaN,NaN,NaN,NaN,NaN,NaN,NaN,NaN
1,NaN,NaN,NaN,NaN,NaN,NaN,NaN,NaN
2,NaN,NaN,NaN,NaN,NaN,NaN,NaN,NaN
3,NaN,NaN,NaN,NaN,NaN,NaN,NaN,NaN
4,NaN,NaN,NaN,NaN,NaN,NaN,NaN,NaN
5,NaN,NaN,NaN,NaN,NaN,NaN,NaN,NaN
6,NaN,NaN,NaN,NaN,NaN,NaN,NaN,NaN
7,NaN,NaN,NaN,NaN,NaN,NaN,NaN,NaN
8,NaN,NaN,NaN,NaN,NaN,NaN,NaN,NaN
9,NaN,NaN,NaN,NaN,NaN,NaN,NaN,NaN
10,NaN,NaN,NaN,NaN,NaN,NaN,NaN,NaN
11,NaN,NaN,NaN,NaN,NaN,NaN,NaN,NaN
1,NaN,NaN,NaN,NaN,NaN,NaN,NaN,NaN
2,NaN,NaN,NaN,NaN,NaN,NaN,NaN,NaN
3,NaN,NaN,NaN,NaN,NaN,NaN,NaN,NaN
4,NaN,NaN,NaN,NaN,NaN,NaN,NaN,NaN
5,NaN,NaN,NaN,NaN,NaN,NaN,NaN,NaN
6,NaN,NaN,NaN,NaN,NaN,NaN,NaN,NaN
7,NaN,NaN,NaN,NaN,NaN,NaN,NaN,NaN
8,NaN,NaN,NaN,NaN,NaN,NaN,NaN,NaN
9,NaN,NaN,NaN,NaN,NaN,NaN,NaN,NaN
10,NaN,NaN,NaN,NaN,NaN,NaN,NaN,NaN
11,NaN,NaN,NaN,NaN,NaN,NaN,NaN,NaN
1,NaN,NaN,NaN,NaN,NaN,NaN,NaN,NaN
2,NaN,NaN,NaN,NaN,NaN,NaN,NaN,NaN
3,NaN,NaN,NaN,NaN,NaN,NaN,NaN,NaN
4,NaN,NaN,NaN,NaN,NaN,NaN,NaN,NaN
5,NaN,NaN,NaN,NaN,NaN,NaN,NaN,NaN
6,NaN,NaN,NaN,NaN,NaN,NaN,NaN,NaN
7,NaN,NaN,NaN,NaN,NaN,NaN,NaN,NaN
8,NaN,NaN,NaN,NaN,NaN,NaN,NaN,NaN
9,NaN,NaN,NaN,NaN,NaN,NaN,NaN,NaN
10,NaN,NaN,NaN,NaN,NaN,NaN,NaN,NaN
11,NaN,NaN,NaN,NaN,NaN,NaN,NaN,NaN
1,NaN,NaN,NaN,NaN,NaN,NaN,NaN,NaN
2,NaN,NaN,NaN,NaN,NaN,NaN,NaN,NaN
3,NaN,NaN,NaN,NaN,NaN,NaN,NaN,NaN
4,NaN,NaN,NaN,NaN,NaN,NaN,NaN,NaN
5,NaN,NaN,NaN,NaN,NaN,NaN,NaN,NaN
6,NaN,NaN,NaN,NaN,NaN,NaN,NaN,NaN
7,NaN,NaN,NaN,NaN,NaN,NaN,NaN,NaN
8,NaN,NaN,NaN,NaN,NaN,NaN,NaN,NaN
9,NaN,NaN,NaN,NaN,NaN,NaN,NaN,NaN
10,NaN,NaN,NaN,NaN,NaN,NaN,NaN,NaN
11,NaN,NaN,NaN,NaN,NaN,NaN,NaN,NaN
1,NaN,NaN,NaN,NaN,NaN,NaN,NaN,NaN
2,NaN,NaN,NaN,NaN,NaN,NaN,NaN,NaN
3,NaN,NaN,NaN,NaN,NaN,NaN,NaN,NaN
4,NaN,NaN,NaN,NaN,NaN,NaN,NaN,NaN
5,NaN,NaN,NaN,NaN,NaN,NaN,NaN,NaN
6,NaN,NaN,NaN,NaN,NaN,NaN,NaN,NaN
7,NaN,NaN,NaN,NaN,NaN,NaN,NaN,NaN
8,NaN,NaN,NaN,NaN,NaN,NaN,NaN,NaN
9,NaN,NaN,NaN,NaN,NaN,NaN,NaN,NaN
10,NaN,NaN,NaN,NaN,NaN,NaN,NaN,NaN
11,NaN,NaN,NaN,NaN,NaN,NaN,NaN,NaN
1,NaN,NaN,NaN,NaN,NaN,NaN,NaN,NaN
2,NaN,NaN,NaN,NaN,NaN,NaN,NaN,NaN
3,NaN,NaN,NaN,NaN,NaN,NaN,NaN,NaN
4,NaN,NaN,NaN,NaN,NaN,NaN,NaN,NaN
5,NaN,NaN,NaN,NaN,NaN,NaN,NaN,NaN
6,NaN,NaN,NaN,NaN,NaN,NaN,NaN,NaN
7,NaN,NaN,NaN,NaN,NaN,NaN,NaN,NaN
8,NaN,NaN,NaN,NaN,NaN,NaN,NaN,NaN
9,NaN,NaN,NaN,NaN,NaN,NaN,NaN,NaN
10,NaN,NaN,NaN,NaN,NaN,NaN,NaN,NaN
11,NaN,NaN,NaN,NaN,NaN,NaN,NaN,NaN
1,NaN,NaN,NaN,NaN,NaN,NaN,NaN,NaN
2,NaN,NaN,NaN,NaN,NaN,NaN,NaN,NaN
3,NaN,NaN,NaN,NaN,NaN,NaN,NaN,NaN
4,NaN,NaN,NaN,NaN,NaN,NaN,NaN,NaN
5,NaN,NaN,NaN,NaN,NaN,NaN,NaN,NaN
6,NaN,NaN,NaN,NaN,NaN,NaN,NaN,NaN
7,NaN,NaN,NaN,NaN,NaN,NaN,NaN,NaN
8,NaN,NaN,NaN,NaN,NaN,NaN,NaN,NaN
9,NaN,NaN,NaN,NaN,NaN,NaN,NaN,NaN
10,NaN,NaN,NaN,NaN,NaN,NaN,NaN,NaN
11,NaN,NaN,NaN,NaN,NaN,NaN,NaN,NaN
1,NaN,NaN,NaN,NaN,NaN,NaN,NaN,NaN
2,NaN,NaN,NaN,NaN,NaN,NaN,NaN,NaN
3,NaN,NaN,NaN,NaN,NaN,NaN,NaN,NaN
4,NaN,NaN,NaN,NaN,NaN,NaN,NaN,NaN
5,NaN,NaN,NaN,NaN,NaN,NaN,NaN,NaN
6,NaN,NaN,NaN,NaN,NaN,NaN,NaN,NaN
7,NaN,NaN,NaN,NaN,NaN,NaN,NaN,NaN
8,NaN,NaN,NaN,NaN,NaN,NaN,NaN,NaN
9,NaN,NaN,NaN,NaN,NaN,NaN,NaN,NaN
10,NaN,NaN,NaN,NaN,NaN,NaN,NaN,NaN
11,NaN,NaN,NaN,NaN,NaN,NaN,NaN,NaN
1,NaN,NaN,NaN,NaN,NaN,NaN,NaN,NaN
2,NaN,NaN,NaN,NaN,NaN,NaN,NaN,NaN
3,NaN,NaN,NaN,NaN,NaN,NaN,NaN,NaN
4,NaN,NaN,NaN,NaN,NaN,NaN,NaN,NaN
5,NaN,NaN,NaN,NaN,NaN,NaN,NaN,NaN
6,NaN,NaN,NaN,NaN,NaN,NaN,NaN,NaN
7,NaN,NaN,NaN,NaN,NaN,NaN,NaN,NaN
8,NaN,NaN,NaN,NaN,NaN,NaN,NaN,NaN
9,NaN,NaN,NaN,NaN,NaN,NaN,NaN,NaN
10,NaN,NaN,NaN,NaN,NaN,NaN,NaN,NaN
11,NaN,NaN,NaN,NaN,NaN,NaN,NaN,NaN
1,NaN,NaN,NaN,NaN,NaN,NaN,NaN,NaN
2,NaN,NaN,NaN,NaN,NaN,NaN,NaN,NaN
3,NaN,NaN,NaN,NaN,NaN,NaN,NaN,NaN
4,NaN,NaN,NaN,NaN,NaN,NaN,NaN,NaN
5,NaN,NaN,NaN,NaN,NaN,NaN,NaN,NaN
6,NaN,NaN,NaN,NaN,NaN,NaN,NaN,NaN
7,NaN,NaN,NaN,NaN,NaN,NaN,NaN,NaN
8,NaN,NaN,NaN,NaN,NaN,NaN,NaN,NaN
9,NaN,NaN,NaN,NaN,NaN,NaN,NaN,NaN
10,NaN,NaN,NaN,NaN,NaN,NaN,NaN,NaN
11,NaN,NaN,NaN,NaN,NaN,NaN,NaN,NaN
1,NaN,NaN,NaN,NaN,NaN,NaN,NaN,NaN
2,NaN,NaN,NaN,NaN,NaN,NaN,NaN,NaN
3,NaN,NaN,NaN,NaN,NaN,NaN,NaN,NaN
4,NaN,NaN,NaN,NaN,NaN,NaN,NaN,NaN
5,NaN,NaN,NaN,NaN,NaN,NaN,NaN,NaN
6,NaN,NaN,NaN,NaN,NaN,NaN,NaN,NaN
7,NaN,NaN,NaN,NaN,NaN,NaN,NaN,NaN
8,NaN,NaN,NaN,NaN,NaN,NaN,NaN,NaN
9,NaN,NaN,NaN,NaN,NaN,NaN,NaN,NaN
10,NaN,NaN,NaN,NaN,NaN,NaN,NaN,NaN
11,NaN,NaN,NaN,NaN,NaN,NaN,NaN,NaN
1,NaN,NaN,NaN,NaN,NaN,NaN,NaN,NaN
2,NaN,NaN,NaN,NaN,NaN,NaN,NaN,NaN
3,NaN,NaN,NaN,NaN,NaN,NaN,NaN,NaN
4,NaN,NaN,NaN,NaN,NaN,NaN,NaN,NaN
5,NaN,NaN,NaN,NaN,NaN,NaN,NaN,NaN
6,NaN,NaN,NaN,NaN,NaN,NaN,NaN,NaN
7,NaN,NaN,NaN,NaN,NaN,NaN,NaN,NaN
8,NaN,NaN,NaN,NaN,NaN,NaN,NaN,NaN
9,NaN,NaN,NaN,NaN,NaN,NaN,NaN,NaN
10,NaN,NaN,NaN,NaN,NaN,NaN,NaN,NaN
11,NaN,NaN,NaN,NaN,NaN,NaN,NaN,NaN
1,NaN,NaN,NaN,NaN,NaN,NaN,NaN,NaN
2,NaN,NaN,NaN,NaN,NaN,NaN,NaN,NaN
3,NaN,NaN,NaN,NaN,NaN,NaN,NaN,NaN
4,NaN,NaN,NaN,NaN,NaN,NaN,NaN,NaN
5,NaN,NaN,NaN,NaN,NaN,NaN,NaN,NaN
6,NaN,NaN,NaN,NaN,NaN,NaN,NaN,NaN
7,NaN,NaN,NaN,NaN,NaN,NaN,NaN,NaN
8,NaN,NaN,NaN,NaN,NaN,NaN,NaN,NaN
9,NaN,NaN,NaN,NaN,NaN,NaN,NaN,NaN
10,NaN,NaN,NaN,NaN,NaN,NaN,NaN,NaN
11,NaN,NaN,NaN,NaN,NaN,NaN,NaN,NaN
1,NaN,NaN,NaN,NaN,NaN,NaN,NaN,NaN
2,NaN,NaN,NaN,NaN,NaN,NaN,NaN,NaN
3,NaN,NaN,NaN,NaN,NaN,NaN,NaN,NaN
4,NaN,NaN,NaN,NaN,NaN,NaN,NaN,NaN
5,NaN,NaN,NaN,NaN,NaN,NaN,NaN,NaN
6,NaN,NaN,NaN,NaN,NaN,NaN,NaN,NaN
7,NaN,NaN,NaN,NaN,NaN,NaN,NaN,NaN
8,NaN,NaN,NaN,NaN,NaN,NaN,NaN,NaN
9,NaN,NaN,NaN,NaN,NaN,NaN,NaN,NaN
10,NaN,NaN,NaN,NaN,NaN,NaN,NaN,NaN
11,NaN,NaN,NaN,NaN,NaN,NaN,NaN,NaN
1,NaN,NaN,NaN,NaN,NaN,NaN,NaN,NaN
2,NaN,NaN,NaN,NaN,NaN,NaN,NaN,NaN
3,NaN,NaN,NaN,NaN,NaN,NaN,NaN,NaN
4,NaN,NaN,NaN,NaN,NaN,NaN,NaN,NaN
5,NaN,NaN,NaN,NaN,NaN,NaN,NaN,NaN
6,NaN,NaN,NaN,NaN,NaN,NaN,NaN,NaN
7,NaN,NaN,NaN,NaN,NaN,NaN,NaN,NaN
8,NaN,NaN,NaN,NaN,NaN,NaN,NaN,NaN
9,NaN,NaN,NaN,NaN,NaN,NaN,NaN,NaN
10,NaN,NaN,NaN,NaN,NaN,NaN,NaN,NaN
11,NaN,NaN,NaN,NaN,NaN,NaN,NaN,NaN
1,NaN,NaN,NaN,NaN,NaN,NaN,NaN,NaN
2,NaN,NaN,NaN,NaN,NaN,NaN,NaN,NaN
3,NaN,NaN,NaN,NaN,NaN,NaN,NaN,NaN
4,NaN,NaN,NaN,NaN,NaN,NaN,NaN,NaN
5,NaN,NaN,NaN,NaN,NaN,NaN,NaN,NaN
6,NaN,NaN,NaN,NaN,NaN,NaN,NaN,NaN
7,NaN,NaN,NaN,NaN,NaN,NaN,NaN,NaN
8,NaN,NaN,NaN,NaN,NaN,NaN,NaN,NaN
9,NaN,NaN,NaN,NaN,NaN,NaN,NaN,NaN
10,NaN,NaN,NaN,NaN,NaN,NaN,NaN,NaN
11,NaN,NaN,NaN,NaN,NaN,NaN,NaN,NaN
1,NaN,NaN,NaN,NaN,NaN,NaN,NaN,NaN
2,NaN,NaN,NaN,NaN,NaN,NaN,NaN,NaN
3,NaN,NaN,NaN,NaN,NaN,NaN,NaN,NaN
4,NaN,NaN,NaN,NaN,NaN,NaN,NaN,NaN
5,NaN,NaN,NaN,NaN,NaN,NaN,NaN,NaN
6,NaN,NaN,NaN,NaN,NaN,NaN,NaN,NaN
7,NaN,NaN,NaN,NaN,NaN,NaN,NaN,NaN
8,NaN,NaN,NaN,NaN,NaN,NaN,NaN,NaN
9,NaN,NaN,NaN,NaN,NaN,NaN,NaN,NaN
10,NaN,NaN,NaN,NaN,NaN,NaN,NaN,NaN
11,NaN,NaN,NaN,NaN,NaN,NaN,NaN,NaN
1,NaN,NaN,NaN,NaN,NaN,NaN,NaN,NaN
2,NaN,NaN,NaN,NaN,NaN,NaN,NaN,NaN
3,NaN,NaN,NaN,NaN,NaN,NaN,NaN,NaN
4,NaN,NaN,NaN,NaN,NaN,NaN,NaN,NaN
5,NaN,NaN,NaN,NaN,NaN,NaN,NaN,NaN
6,NaN,NaN,NaN,NaN,NaN,NaN,NaN,NaN
7,NaN,NaN,NaN,NaN,NaN,NaN,NaN,NaN
8,NaN,NaN,NaN,NaN,NaN,NaN,NaN,NaN
9,NaN,NaN,NaN,NaN,NaN,NaN,NaN,NaN
10,NaN,NaN,NaN,NaN,NaN,NaN,NaN,NaN
11,NaN,NaN,NaN,NaN,NaN,NaN,NaN,NaN
1,NaN,NaN,NaN,NaN,NaN,NaN,NaN,NaN
2,NaN,NaN,NaN,NaN,NaN,NaN,NaN,NaN
3,NaN,NaN,NaN,NaN,NaN,NaN,NaN,NaN
4,NaN,NaN,NaN,NaN,NaN,NaN,NaN,NaN
5,NaN,NaN,NaN,NaN,NaN,NaN,NaN,NaN
6,NaN,NaN,NaN,NaN,NaN,NaN,NaN,NaN
7,NaN,NaN,NaN,NaN,NaN,NaN,NaN,NaN
8,NaN,NaN,NaN,NaN,NaN,NaN,NaN,NaN
9,NaN,NaN,NaN,NaN,NaN,NaN,NaN,NaN
10,NaN,NaN,NaN,NaN,NaN,NaN,NaN,NaN
11,NaN,NaN,NaN,NaN,NaN,NaN,NaN,NaN
1,NaN,NaN,NaN,NaN,NaN,NaN,NaN,NaN
2,NaN,NaN,NaN,NaN,NaN,NaN,NaN,NaN
3,NaN,NaN,NaN,NaN,NaN,NaN,NaN,NaN
4,NaN,NaN,NaN,NaN,NaN,NaN,NaN,NaN
5,NaN,NaN,NaN,NaN,NaN,NaN,NaN,NaN
6,NaN,NaN,NaN,NaN,NaN,NaN,NaN,NaN
7,NaN,NaN,NaN,NaN,NaN,NaN,NaN,NaN
8,NaN,NaN,NaN,NaN,NaN,NaN,NaN,NaN
9,NaN,NaN,NaN,NaN,NaN,NaN,NaN,NaN
10,NaN,NaN,NaN,NaN,NaN,NaN,NaN,NaN
11,NaN,NaN,NaN,NaN,NaN,NaN,NaN,NaN
1,NaN,NaN,NaN,NaN,NaN,NaN,NaN,NaN
2,NaN,NaN,NaN,NaN,NaN,NaN,NaN,NaN
3,NaN,NaN,NaN,NaN,NaN,NaN,NaN,NaN
4,NaN,NaN,NaN,NaN,NaN,NaN,NaN,NaN
5,NaN,NaN,NaN,NaN,NaN,NaN,NaN,NaN
6,NaN,NaN,NaN,NaN,NaN,NaN,NaN,NaN
7,NaN,NaN,NaN,NaN,NaN,NaN,NaN,NaN
8,NaN,NaN,NaN,NaN,NaN,NaN,NaN,NaN
9,NaN,NaN,NaN,NaN,NaN,NaN,NaN,NaN
10,NaN,NaN,NaN,NaN,NaN,NaN,NaN,NaN
11,NaN,NaN,NaN,NaN,NaN,NaN,NaN,NaN
1,NaN,NaN,NaN,NaN,NaN,NaN,NaN,NaN
2,NaN,NaN,NaN,NaN,NaN,NaN,NaN,NaN
3,NaN,NaN,NaN,NaN,NaN,NaN,NaN,NaN
4,NaN,NaN,NaN,NaN,NaN,NaN,NaN,NaN
5,NaN,NaN,NaN,NaN,NaN,NaN,NaN,NaN
6,NaN,NaN,NaN,NaN,NaN,NaN,NaN,NaN
7,NaN,NaN,NaN,NaN,NaN,NaN,NaN,NaN
8,NaN,NaN,NaN,NaN,NaN,NaN,NaN,NaN
9,NaN,NaN,NaN,NaN,NaN,NaN,NaN,NaN
10,NaN,NaN,NaN,NaN,NaN,NaN,NaN,NaN
11,NaN,NaN,NaN,NaN,NaN,NaN,NaN,NaN
1,NaN,NaN,NaN,NaN,NaN,NaN,NaN,NaN
2,NaN,NaN,NaN,NaN,NaN,NaN,NaN,NaN
3,NaN,NaN,NaN,NaN,NaN,NaN,NaN,NaN
4,NaN,NaN,NaN,NaN,NaN,NaN,NaN,NaN
5,NaN,NaN,NaN,NaN,NaN,NaN,NaN,NaN
6,NaN,NaN,NaN,NaN,NaN,NaN,NaN,NaN
7,NaN,NaN,NaN,NaN,NaN,NaN,NaN,NaN
8,NaN,NaN,NaN,NaN,NaN,NaN,NaN,NaN
9,NaN,NaN,NaN,NaN,NaN,NaN,NaN,NaN
10,NaN,NaN,NaN,NaN,NaN,NaN,NaN,NaN
11,NaN,NaN,NaN,NaN,NaN,NaN,NaN,NaN
1,NaN,NaN,NaN,NaN,NaN,NaN,NaN,NaN
2,NaN,NaN,NaN,NaN,NaN,NaN,NaN,NaN
3,NaN,NaN,NaN,NaN,NaN,NaN,NaN,NaN
4,NaN,NaN,NaN,NaN,NaN,NaN,NaN,NaN
5,NaN,NaN,NaN,NaN,NaN,NaN,NaN,NaN
6,NaN,NaN,NaN,NaN,NaN,NaN,NaN,NaN
7,NaN,NaN,NaN,NaN,NaN,NaN,NaN,NaN
8,NaN,NaN,NaN,NaN,NaN,NaN,NaN,NaN
9,NaN,NaN,NaN,NaN,NaN,NaN,NaN,NaN
10,NaN,NaN,NaN,NaN,NaN,NaN,NaN,NaN
11,NaN,NaN,NaN,NaN,NaN,NaN,NaN,NaN
1,NaN,NaN,NaN,NaN,NaN,NaN,NaN,NaN
2,NaN,NaN,NaN,NaN,NaN,NaN,NaN,NaN
3,NaN,NaN,NaN,NaN,NaN,NaN,NaN,NaN
4,NaN,NaN,NaN,NaN,NaN,NaN,NaN,NaN
5,NaN,NaN,NaN,NaN,NaN,NaN,NaN,NaN
6,NaN,NaN,NaN,NaN,NaN,NaN,NaN,NaN
7,NaN,NaN,NaN,NaN,NaN,NaN,NaN,NaN
8,NaN,NaN,NaN,NaN,NaN,NaN,NaN,NaN
9,NaN,NaN,NaN,NaN,NaN,NaN,NaN,NaN
10,NaN,NaN,NaN,NaN,NaN,NaN,NaN,NaN
11,NaN,NaN,NaN,NaN,NaN,NaN,NaN,NaN
1,NaN,NaN,NaN,NaN,NaN,NaN,NaN,NaN
2,NaN,NaN,NaN,NaN,NaN,NaN,NaN,NaN
3,NaN,NaN,NaN,NaN,NaN,NaN,NaN,NaN
4,NaN,NaN,NaN,NaN,NaN,NaN,NaN,NaN
5,NaN,NaN,NaN,NaN,NaN,NaN,NaN,NaN
6,NaN,NaN,NaN,NaN,NaN,NaN,NaN,NaN
7,NaN,NaN,NaN,NaN,NaN,NaN,NaN,NaN
8,NaN,NaN,NaN,NaN,NaN,NaN,NaN,NaN
9,NaN,NaN,NaN,NaN,NaN,NaN,NaN,NaN
10,NaN,NaN,NaN,NaN,NaN,NaN,NaN,NaN
11,NaN,NaN,NaN,NaN,NaN,NaN,NaN,NaN
1,NaN,NaN,NaN,NaN,NaN,NaN,NaN,NaN
2,NaN,NaN,NaN,NaN,NaN,NaN,NaN,NaN
3,NaN,NaN,NaN,NaN,NaN,NaN,NaN,NaN
4,NaN,NaN,NaN,NaN,NaN,NaN,NaN,NaN
5,NaN,NaN,NaN,NaN,NaN,NaN,NaN,NaN
6,NaN,NaN,NaN,NaN,NaN,NaN,NaN,NaN
7,NaN,NaN,NaN,NaN,NaN,NaN,NaN,NaN
8,NaN,NaN,NaN,NaN,NaN,NaN,NaN,NaN
9,NaN,NaN,NaN,NaN,NaN,NaN,NaN,NaN
10,NaN,NaN,NaN,NaN,NaN,NaN,NaN,NaN
11,NaN,NaN,NaN,NaN,NaN,NaN,NaN,NaN
1,NaN,NaN,NaN,NaN,NaN,NaN,NaN,NaN
2,NaN,NaN,NaN,NaN,NaN,NaN,NaN,NaN
3,NaN,NaN,NaN,NaN,NaN,NaN,NaN,NaN
4,NaN,NaN,NaN,NaN,NaN,NaN,NaN,NaN
5,NaN,NaN,NaN,NaN,NaN,NaN,NaN,NaN
6,NaN,NaN,NaN,NaN,NaN,NaN,NaN,NaN
7,NaN,NaN,NaN,NaN,NaN,NaN,NaN,NaN
8,NaN,NaN,NaN,NaN,NaN,NaN,NaN,NaN
9,NaN,NaN,NaN,NaN,NaN,NaN,NaN,NaN
10,NaN,NaN,NaN,NaN,NaN,NaN,NaN,NaN
11,NaN,NaN,NaN,NaN,NaN,NaN,NaN,NaN
1,NaN,NaN,NaN,NaN,NaN,NaN,NaN,NaN
2,NaN,NaN,NaN,NaN,NaN,NaN,NaN,NaN
3,NaN,NaN,NaN,NaN,NaN,NaN,NaN,NaN
4,NaN,NaN,NaN,NaN,NaN,NaN,NaN,NaN
5,NaN,NaN,NaN,NaN,NaN,NaN,NaN,NaN
6,NaN,NaN,NaN,NaN,NaN,NaN,NaN,NaN
7,NaN,NaN,NaN,NaN,NaN,NaN,NaN,NaN
8,NaN,NaN,NaN,NaN,NaN,NaN,NaN,NaN
9,NaN,NaN,NaN,NaN,NaN,NaN,NaN,NaN
10,NaN,NaN,NaN,NaN,NaN,NaN,NaN,NaN
11,NaN,NaN,NaN,NaN,NaN,NaN,NaN,NaN
1,NaN,NaN,NaN,NaN,NaN,NaN,NaN,NaN
2,NaN,NaN,NaN,NaN,NaN,NaN,NaN,NaN
3,NaN,NaN,NaN,NaN,NaN,NaN,NaN,NaN
4,NaN,NaN,NaN,NaN,NaN,NaN,NaN,NaN
5,NaN,NaN,NaN,NaN,NaN,NaN,NaN,NaN
6,NaN,NaN,NaN,NaN,NaN,NaN,NaN,NaN
7,NaN,NaN,NaN,NaN,NaN,NaN,NaN,NaN
8,NaN,NaN,NaN,NaN,NaN,NaN,NaN,NaN
9,NaN,NaN,NaN,NaN,NaN,NaN,NaN,NaN
10,NaN,NaN,NaN,NaN,NaN,NaN,NaN,NaN
11,NaN,NaN,NaN,NaN,NaN,NaN,NaN,NaN
1,NaN,NaN,NaN,NaN,NaN,NaN,NaN,NaN
2,NaN,NaN,NaN,NaN,NaN,NaN,NaN,NaN
3,NaN,NaN,NaN,NaN,NaN,NaN,NaN,NaN
4,NaN,NaN,NaN,NaN,NaN,NaN,NaN,NaN
5,NaN,NaN,NaN,NaN,NaN,NaN,NaN,NaN
6,NaN,NaN,NaN,NaN,NaN,NaN,NaN,NaN
7,NaN,NaN,NaN,NaN,NaN,NaN,NaN,NaN
8,NaN,NaN,NaN,NaN,NaN,NaN,NaN,NaN
9,NaN,NaN,NaN,NaN,NaN,NaN,NaN,NaN
10,NaN,NaN,NaN,NaN,NaN,NaN,NaN,NaN
11,NaN,NaN,NaN,NaN,NaN,NaN,NaN,NaN
1,NaN,NaN,NaN,NaN,NaN,NaN,NaN,NaN
2,NaN,NaN,NaN,NaN,NaN,NaN,NaN,NaN
3,NaN,NaN,NaN,NaN,NaN,NaN,NaN,NaN
4,NaN,NaN,NaN,NaN,NaN,NaN,NaN,NaN
5,NaN,NaN,NaN,NaN,NaN,NaN,NaN,NaN
6,NaN,NaN,NaN,NaN,NaN,NaN,NaN,NaN
7,NaN,NaN,NaN,NaN,NaN,NaN,NaN,NaN
8,NaN,NaN,NaN,NaN,NaN,NaN,NaN,NaN
9,NaN,NaN,NaN,NaN,NaN,NaN,NaN,NaN
10,NaN,NaN,NaN,NaN,NaN,NaN,NaN,NaN
11,NaN,NaN,NaN,NaN,NaN,NaN,NaN,NaN
1,NaN,NaN,NaN,NaN,NaN,NaN,NaN,NaN
2,NaN,NaN,NaN,NaN,NaN,NaN,NaN,NaN
3,NaN,NaN,NaN,NaN,NaN,NaN,NaN,NaN
4,NaN,NaN,NaN,NaN,NaN,NaN,NaN,NaN
5,NaN,NaN,NaN,NaN,NaN,NaN,NaN,NaN
6,NaN,NaN,NaN,NaN,NaN,NaN,NaN,NaN
7,NaN,NaN,NaN,NaN,NaN,NaN,NaN,NaN
8,NaN,NaN,NaN,NaN,NaN,NaN,NaN,NaN
9,NaN,NaN,NaN,NaN,NaN,NaN,NaN,NaN
10,NaN,NaN,NaN,NaN,NaN,NaN,NaN,NaN
11,NaN,NaN,NaN,NaN,NaN,NaN,NaN,NaN
1,NaN,NaN,NaN,NaN,NaN,NaN,NaN,NaN
2,NaN,NaN,NaN,NaN,NaN,NaN,NaN,NaN
3,NaN,NaN,NaN,NaN,NaN,NaN,NaN,NaN
4,NaN,NaN,NaN,NaN,NaN,NaN,NaN,NaN
5,NaN,NaN,NaN,NaN,NaN,NaN,NaN,NaN
6,NaN,NaN,NaN,NaN,NaN,NaN,NaN,NaN
7,NaN,NaN,NaN,NaN,NaN,NaN,NaN,NaN
8,NaN,NaN,NaN,NaN,NaN,NaN,NaN,NaN
9,NaN,NaN,NaN,NaN,NaN,NaN,NaN,NaN
10,NaN,NaN,NaN,NaN,NaN,NaN,NaN,NaN
11,NaN,NaN,NaN,NaN,NaN,NaN,NaN,NaN
1,NaN,NaN,NaN,NaN,NaN,NaN,NaN,NaN
2,NaN,NaN,NaN,NaN,NaN,NaN,NaN,NaN
3,NaN,NaN,NaN,NaN,NaN,NaN,NaN,NaN
4,NaN,NaN,NaN,NaN,NaN,NaN,NaN,NaN
5,NaN,NaN,NaN,NaN,NaN,NaN,NaN,NaN
6,NaN,NaN,NaN,NaN,NaN,NaN,NaN,NaN
7,NaN,NaN,NaN,NaN,NaN,NaN,NaN,NaN
8,NaN,NaN,NaN,NaN,NaN,NaN,NaN,NaN
9,NaN,NaN,NaN,NaN,NaN,NaN,NaN,NaN
10,NaN,NaN,NaN,NaN,NaN,NaN,NaN,NaN
11,NaN,NaN,NaN,NaN,NaN,NaN,NaN,NaN
1,NaN,NaN,NaN,NaN,NaN,NaN,NaN,NaN
2,NaN,NaN,NaN,NaN,NaN,NaN,NaN,NaN
3,NaN,NaN,NaN,NaN,NaN,NaN,NaN,NaN
4,NaN,NaN,NaN,NaN,NaN,NaN,NaN,NaN
5,NaN,NaN,NaN,NaN,NaN,NaN,NaN,NaN
6,NaN,NaN,NaN,NaN,NaN,NaN,NaN,NaN
7,NaN,NaN,NaN,NaN,NaN,NaN,NaN,NaN
8,NaN,NaN,NaN,NaN,NaN,NaN,NaN,NaN
9,NaN,NaN,NaN,NaN,NaN,NaN,NaN,NaN
10,NaN,NaN,NaN,NaN,NaN,NaN,NaN,NaN
11,NaN,NaN,NaN,NaN,NaN,NaN,NaN,NaN
1,NaN,NaN,NaN,NaN,NaN,NaN,NaN,NaN
2,NaN,NaN,NaN,NaN,NaN,NaN,NaN,NaN
3,NaN,NaN,NaN,NaN,NaN,NaN,NaN,NaN
4,NaN,NaN,NaN,NaN,NaN,NaN,NaN,NaN
5,NaN,NaN,NaN,NaN,NaN,NaN,NaN,NaN
6,NaN,NaN,NaN,NaN,NaN,NaN,NaN,NaN
7,NaN,NaN,NaN,NaN,NaN,NaN,NaN,NaN
8,NaN,NaN,NaN,NaN,NaN,NaN,NaN,NaN
9,NaN,NaN,NaN,NaN,NaN,NaN,NaN,NaN
10,NaN,NaN,NaN,NaN,NaN,NaN,NaN,NaN
11,NaN,NaN,NaN,NaN,NaN,NaN,NaN,NaN
1,NaN,NaN,NaN,NaN,NaN,NaN,NaN,NaN
2,NaN,NaN,NaN,NaN,NaN,NaN,NaN,NaN
3,NaN,NaN,NaN,NaN,NaN,NaN,NaN,NaN
4,NaN,NaN,NaN,NaN,NaN,NaN,NaN,NaN
5,NaN,NaN,NaN,NaN,NaN,NaN,NaN,NaN
6,NaN,NaN,NaN,NaN,NaN,NaN,NaN,NaN
7,NaN,NaN,NaN,NaN,NaN,NaN,NaN,NaN
8,NaN,NaN,NaN,NaN,NaN,NaN,NaN,NaN
9,NaN,NaN,NaN,NaN,NaN,NaN,NaN,NaN
10,NaN,NaN,NaN,NaN,NaN,NaN,NaN,NaN
11,NaN,NaN,NaN,NaN,NaN,NaN,NaN,NaN
1,NaN,NaN,NaN,NaN,NaN,NaN,NaN,NaN
2,NaN,NaN,NaN,NaN,NaN,NaN,NaN,NaN
3,NaN,NaN,NaN,NaN,NaN,NaN,NaN,NaN
4,NaN,NaN,NaN,NaN,NaN,NaN,NaN,NaN
5,NaN,NaN,NaN,NaN,NaN,NaN,NaN,NaN
6,NaN,NaN,NaN,NaN,NaN,NaN,NaN,NaN
7,NaN,NaN,NaN,NaN,NaN,NaN,NaN,NaN
8,NaN,NaN,NaN,NaN,NaN,NaN,NaN,NaN
9,NaN,NaN,NaN,NaN,NaN,NaN,NaN,NaN
10,NaN,NaN,NaN,NaN,NaN,NaN,NaN,NaN
11,NaN,NaN,NaN,NaN,NaN,NaN,NaN,NaN
1,NaN,NaN,NaN,NaN,NaN,NaN,NaN,NaN
2,NaN,NaN,NaN,NaN,NaN,NaN,NaN,NaN
3,NaN,NaN,NaN,NaN,NaN,NaN,NaN,NaN
4,NaN,NaN,NaN,NaN,NaN,NaN,NaN,NaN
5,NaN,NaN,NaN,NaN,NaN,NaN,NaN,NaN
6,NaN,NaN,NaN,NaN,NaN,NaN,NaN,NaN
7,NaN,NaN,NaN,NaN,NaN,NaN,NaN,NaN
8,NaN,NaN,NaN,NaN,NaN,NaN,NaN,NaN
9,NaN,NaN,NaN,NaN,NaN,NaN,NaN,NaN
10,NaN,NaN,NaN,NaN,NaN,NaN,NaN,NaN
11,NaN,NaN,NaN,NaN,NaN,NaN,NaN,NaN
1,NaN,NaN,NaN,NaN,NaN,NaN,NaN,NaN
2,NaN,NaN,NaN,NaN,NaN,NaN,NaN,NaN
3,NaN,NaN,NaN,NaN,NaN,NaN,NaN,NaN
4,NaN,NaN,NaN,NaN,NaN,NaN,NaN,NaN
5,NaN,NaN,NaN,NaN,NaN,NaN,NaN,NaN
6,NaN,NaN,NaN,NaN,NaN,NaN,NaN,NaN
7,NaN,NaN,NaN,NaN,NaN,NaN,NaN,NaN
8,NaN,NaN,NaN,NaN,NaN,NaN,NaN,NaN
9,NaN,NaN,NaN,NaN,NaN,NaN,NaN,NaN
10,NaN,NaN,NaN,NaN,NaN,NaN,NaN,NaN
11,NaN,NaN,NaN,NaN,NaN,NaN,NaN,NaN
1,NaN,NaN,NaN,NaN,NaN,NaN,NaN,NaN
2,NaN,NaN,NaN,NaN,NaN,NaN,NaN,NaN
3,NaN,NaN,NaN,NaN,NaN,NaN,NaN,NaN
4,NaN,NaN,NaN,NaN,NaN,NaN,NaN,NaN
5,NaN,NaN,NaN,NaN,NaN,NaN,NaN,NaN
6,NaN,NaN,NaN,NaN,NaN,NaN,NaN,NaN
7,NaN,NaN,NaN,NaN,NaN,NaN,NaN,NaN
8,NaN,NaN,NaN,NaN,NaN,NaN,NaN,NaN
9,NaN,NaN,NaN,NaN,NaN,NaN,NaN,NaN
10,NaN,NaN,NaN,NaN,NaN,NaN,NaN,NaN
11,NaN,NaN,NaN,NaN,NaN,NaN,NaN,NaN
1,NaN,NaN,NaN,NaN,NaN,NaN,NaN,NaN
2,NaN,NaN,NaN,NaN,NaN,NaN,NaN,NaN
3,NaN,NaN,NaN,NaN,NaN,NaN,NaN,NaN
4,NaN,NaN,NaN,NaN,NaN,NaN,NaN,NaN
5,NaN,NaN,NaN,NaN,NaN,NaN,NaN,NaN
6,NaN,NaN,NaN,NaN,NaN,NaN,NaN,NaN
7,NaN,NaN,NaN,NaN,NaN,NaN,NaN,NaN
8,NaN,NaN,NaN,NaN,NaN,NaN,NaN,NaN
9,NaN,NaN,NaN,NaN,NaN,NaN,NaN,NaN
10,NaN,NaN,NaN,NaN,NaN,NaN,NaN,NaN
11,NaN,NaN,NaN,NaN,NaN,NaN,NaN,NaN
1,NaN,NaN,NaN,NaN,NaN,NaN,NaN,NaN
2,NaN,NaN,NaN,NaN,NaN,NaN,NaN,NaN
3,NaN,NaN,NaN,NaN,NaN,NaN,NaN,NaN
4,NaN,NaN,NaN,NaN,NaN,NaN,NaN,NaN
5,NaN,NaN,NaN,NaN,NaN,NaN,NaN,NaN
6,NaN,NaN,NaN,NaN,NaN,NaN,NaN,NaN
7,NaN,NaN,NaN,NaN,NaN,NaN,NaN,NaN
8,NaN,NaN,NaN,NaN,NaN,NaN,NaN,NaN
9,NaN,NaN,NaN,NaN,NaN,NaN,NaN,NaN
10,NaN,NaN,NaN,NaN,NaN,NaN,NaN,NaN
11,NaN,NaN,NaN,NaN,NaN,NaN,NaN,NaN
1,NaN,NaN,NaN,NaN,NaN,NaN,NaN,NaN
2,NaN,NaN,NaN,NaN,NaN,NaN,NaN,NaN
3,NaN,NaN,NaN,NaN,NaN,NaN,NaN,NaN
4,NaN,NaN,NaN,NaN,NaN,NaN,NaN,NaN
5,NaN,NaN,NaN,NaN,NaN,NaN,NaN,NaN
6,NaN,NaN,NaN,NaN,NaN,NaN,NaN,NaN
7,NaN,NaN,NaN,NaN,NaN,NaN,NaN,NaN
8,NaN,NaN,NaN,NaN,NaN,NaN,NaN,NaN
9,NaN,NaN,NaN,NaN,NaN,NaN,NaN,NaN
10,NaN,NaN,NaN,NaN,NaN,NaN,NaN,NaN
11,NaN,NaN,NaN,NaN,NaN,NaN,NaN,NaN
1,NaN,NaN,NaN,NaN,NaN,NaN,NaN,NaN
2,NaN,NaN,NaN,NaN,NaN,NaN,NaN,NaN
3,NaN,NaN,NaN,NaN,NaN,NaN,NaN,NaN
4,NaN,NaN,NaN,NaN,NaN,NaN,NaN,NaN
5,NaN,NaN,NaN,NaN,NaN,NaN,NaN,NaN
6,NaN,NaN,NaN,NaN,NaN,NaN,NaN,NaN
7,NaN,NaN,NaN,NaN,NaN,NaN,NaN,NaN
8,NaN,NaN,NaN,NaN,NaN,NaN,NaN,NaN
9,NaN,NaN,NaN,NaN,NaN,NaN,NaN,NaN
10,NaN,NaN,NaN,NaN,NaN,NaN,NaN,NaN
11,NaN,NaN,NaN,NaN,NaN,NaN,NaN,NaN
1,NaN,NaN,NaN,NaN,NaN,NaN,NaN,NaN
2,NaN,NaN,NaN,NaN,NaN,NaN,NaN,NaN
3,NaN,NaN,NaN,NaN,NaN,NaN,NaN,NaN
4,NaN,NaN,NaN,NaN,NaN,NaN,NaN,NaN
5,NaN,NaN,NaN,NaN,NaN,NaN,NaN,NaN
6,NaN,NaN,NaN,NaN,NaN,NaN,NaN,NaN
7,NaN,NaN,NaN,NaN,NaN,NaN,NaN,NaN
8,NaN,NaN,NaN,NaN,NaN,NaN,NaN,NaN
9,NaN,NaN,NaN,NaN,NaN,NaN,NaN,NaN
10,NaN,NaN,NaN,NaN,NaN,NaN,NaN,NaN
11,NaN,NaN,NaN,NaN,NaN,NaN,NaN,NaN
1,NaN,NaN,NaN,NaN,NaN,NaN,NaN,NaN
2,NaN,NaN,NaN,NaN,NaN,NaN,NaN,NaN
3,NaN,NaN,NaN,NaN,NaN,NaN,NaN,NaN
4,NaN,NaN,NaN,NaN,NaN,NaN,NaN,NaN
5,NaN,NaN,NaN,NaN,NaN,NaN,NaN,NaN
6,NaN,NaN,NaN,NaN,NaN,NaN,NaN,NaN
7,NaN,NaN,NaN,NaN,NaN,NaN,NaN,NaN
8,NaN,NaN,NaN,NaN,NaN,NaN,NaN,NaN
9,NaN,NaN,NaN,NaN,NaN,NaN,NaN,NaN
10,NaN,NaN,NaN,NaN,NaN,NaN,NaN,NaN
11,NaN,NaN,NaN,NaN,NaN,NaN,NaN,NaN
1,NaN,NaN,NaN,NaN,NaN,NaN,NaN,NaN
2,NaN,NaN,NaN,NaN,NaN,NaN,NaN,NaN
3,NaN,NaN,NaN,NaN,NaN,NaN,NaN,NaN
4,NaN,NaN,NaN,NaN,NaN,NaN,NaN,NaN
5,NaN,NaN,NaN,NaN,NaN,NaN,NaN,NaN
6,NaN,NaN,NaN,NaN,NaN,NaN,NaN,NaN
7,NaN,NaN,NaN,NaN,NaN,NaN,NaN,NaN
8,NaN,NaN,NaN,NaN,NaN,NaN,NaN,NaN
9,NaN,NaN,NaN,NaN,NaN,NaN,NaN,NaN
10,NaN,NaN,NaN,NaN,NaN,NaN,NaN,NaN
11,NaN,NaN,NaN,NaN,NaN,NaN,NaN,NaN
1,NaN,NaN,NaN,NaN,NaN,NaN,NaN,NaN
2,NaN,NaN,NaN,NaN,NaN,NaN,NaN,NaN
3,NaN,NaN,NaN,NaN,NaN,NaN,NaN,NaN
4,NaN,NaN,NaN,NaN,NaN,NaN,NaN,NaN
5,NaN,NaN,NaN,NaN,NaN,NaN,NaN,NaN
6,NaN,NaN,NaN,NaN,NaN,NaN,NaN,NaN
7,NaN,NaN,NaN,NaN,NaN,NaN,NaN,NaN
8,NaN,NaN,NaN,NaN,NaN,NaN,NaN,NaN
9,NaN,NaN,NaN,NaN,NaN,NaN,NaN,NaN
10,NaN,NaN,NaN,NaN,NaN,NaN,NaN,NaN
11,NaN,NaN,NaN,NaN,NaN,NaN,NaN,NaN
1,NaN,NaN,NaN,NaN,NaN,NaN,NaN,NaN
2,NaN,NaN,NaN,NaN,NaN,NaN,NaN,NaN
3,NaN,NaN,NaN,NaN,NaN,NaN,NaN,NaN
4,NaN,NaN,NaN,NaN,NaN,NaN,NaN,NaN
5,NaN,NaN,NaN,NaN,NaN,NaN,NaN,NaN
6,NaN,NaN,NaN,NaN,NaN,NaN,NaN,NaN
7,NaN,NaN,NaN,NaN,NaN,NaN,NaN,NaN
8,NaN,NaN,NaN,NaN,NaN,NaN,NaN,NaN
9,NaN,NaN,NaN,NaN,NaN,NaN,NaN,NaN
10,NaN,NaN,NaN,NaN,NaN,NaN,NaN,NaN
11,NaN,NaN,NaN,NaN,NaN,NaN,NaN,NaN
1,NaN,NaN,NaN,NaN,NaN,NaN,NaN,NaN
2,NaN,NaN,NaN,NaN,NaN,NaN,NaN,NaN
3,NaN,NaN,NaN,NaN,NaN,NaN,NaN,NaN
4,NaN,NaN,NaN,NaN,NaN,NaN,NaN,NaN
5,NaN,NaN,NaN,NaN,NaN,NaN,NaN,NaN
6,NaN,NaN,NaN,NaN,NaN,NaN,NaN,NaN
7,NaN,NaN,NaN,NaN,NaN,NaN,NaN,NaN
8,NaN,NaN,NaN,NaN,NaN,NaN,NaN,NaN
9,NaN,NaN,NaN,NaN,NaN,NaN,NaN,NaN
10,NaN,NaN,NaN,NaN,NaN,NaN,NaN,NaN
11,NaN,NaN,NaN,NaN,NaN,NaN,NaN,NaN
1,NaN,NaN,NaN,NaN,NaN,NaN,NaN,NaN
2,NaN,NaN,NaN,NaN,NaN,NaN,NaN,NaN
3,NaN,NaN,NaN,NaN,NaN,NaN,NaN,NaN
4,NaN,NaN,NaN,NaN,NaN,NaN,NaN,NaN
5,NaN,NaN,NaN,NaN,NaN,NaN,NaN,NaN
6,NaN,NaN,NaN,NaN,NaN,NaN,NaN,NaN
7,NaN,NaN,NaN,NaN,NaN,NaN,NaN,NaN
8,NaN,NaN,NaN,NaN,NaN,NaN,NaN,NaN
9,NaN,NaN,NaN,NaN,NaN,NaN,NaN,NaN
10,NaN,NaN,NaN,NaN,NaN,NaN,NaN,NaN
11,NaN,NaN,NaN,NaN,NaN,NaN,NaN,NaN
1,NaN,NaN,NaN,NaN,NaN,NaN,NaN,NaN
2,NaN,NaN,NaN,NaN,NaN,NaN,NaN,NaN
3,NaN,NaN,NaN,NaN,NaN,NaN,NaN,NaN
4,NaN,NaN,NaN,NaN,NaN,NaN,NaN,NaN
5,NaN,NaN,NaN,NaN,NaN,NaN,NaN,NaN
6,NaN,NaN,NaN,NaN,NaN,NaN,NaN,NaN
7,NaN,NaN,NaN,NaN,NaN,NaN,NaN,NaN
8,NaN,NaN,NaN,NaN,NaN,NaN,NaN,NaN
9,NaN,NaN,NaN,NaN,NaN,NaN,NaN,NaN
10,NaN,NaN,NaN,NaN,NaN,NaN,NaN,NaN
11,NaN,NaN,NaN,NaN,NaN,NaN,NaN,NaN
1,NaN,NaN,NaN,NaN,NaN,NaN,NaN,NaN
2,NaN,NaN,NaN,NaN,NaN,NaN,NaN,NaN
3,NaN,NaN,NaN,NaN,NaN,NaN,NaN,NaN
4,NaN,NaN,NaN,NaN,NaN,NaN,NaN,NaN
5,NaN,NaN,NaN,NaN,NaN,NaN,NaN,NaN
6,NaN,NaN,NaN,NaN,NaN,NaN,NaN,NaN
7,NaN,NaN,NaN,NaN,NaN,NaN,NaN,NaN
8,NaN,NaN,NaN,NaN,NaN,NaN,NaN,NaN
9,NaN,NaN,NaN,NaN,NaN,NaN,NaN,NaN
10,NaN,NaN,NaN,NaN,NaN,NaN,NaN,NaN
11,NaN,NaN,NaN,NaN,NaN,NaN,NaN,NaN
1,NaN,NaN,NaN,NaN,NaN,NaN,NaN,NaN
2,NaN,NaN,NaN,NaN,NaN,NaN,NaN,NaN
3,NaN,NaN,NaN,NaN,NaN,NaN,NaN,NaN
4,NaN,NaN,NaN,NaN,NaN,NaN,NaN,NaN
5,NaN,NaN,NaN,NaN,NaN,NaN,NaN,NaN
6,NaN,NaN,NaN,NaN,NaN,NaN,NaN,NaN
7,NaN,NaN,NaN,NaN,NaN,NaN,NaN,NaN
8,NaN,NaN,NaN,NaN,NaN,NaN,NaN,NaN
9,NaN,NaN,NaN,NaN,NaN,NaN,NaN,NaN
10,NaN,NaN,NaN,NaN,NaN,NaN,NaN,NaN
11,NaN,NaN,NaN,NaN,NaN,NaN,NaN,NaN
1,NaN,NaN,NaN,NaN,NaN,NaN,NaN,NaN
2,NaN,NaN,NaN,NaN,NaN,NaN,NaN,NaN
3,NaN,NaN,NaN,NaN,NaN,NaN,NaN,NaN
4,NaN,NaN,NaN,NaN,NaN,NaN,NaN,NaN
5,NaN,NaN,NaN,NaN,NaN,NaN,NaN,NaN
6,NaN,NaN,NaN,NaN,NaN,NaN,NaN,NaN
7,NaN,NaN,NaN,NaN,NaN,NaN,NaN,NaN
8,NaN,NaN,NaN,NaN,NaN,NaN,NaN,NaN
9,NaN,NaN,NaN,NaN,NaN,NaN,NaN,NaN
10,NaN,NaN,NaN,NaN,NaN,NaN,NaN,NaN
11,NaN,NaN,NaN,NaN,NaN,NaN,NaN,NaN
1,NaN,NaN,NaN,NaN,NaN,NaN,NaN,NaN
2,NaN,NaN,NaN,NaN,NaN,NaN,NaN,NaN
3,NaN,NaN,NaN,NaN,NaN,NaN,NaN,NaN
4,NaN,NaN,NaN,NaN,NaN,NaN,NaN,NaN
5,NaN,NaN,NaN,NaN,NaN,NaN,NaN,NaN
6,NaN,NaN,NaN,NaN,NaN,NaN,NaN,NaN
7,NaN,NaN,NaN,NaN,NaN,NaN,NaN,NaN
8,NaN,NaN,NaN,NaN,NaN,NaN,NaN,NaN
9,NaN,NaN,NaN,NaN,NaN,NaN,NaN,NaN
10,NaN,NaN,NaN,NaN,NaN,NaN,NaN,NaN
11,NaN,NaN,NaN,NaN,NaN,NaN,NaN,NaN
1,NaN,NaN,NaN,NaN,NaN,NaN,NaN,NaN
2,NaN,NaN,NaN,NaN,NaN,NaN,NaN,NaN
3,NaN,NaN,NaN,NaN,NaN,NaN,NaN,NaN
4,NaN,NaN,NaN,NaN,NaN,NaN,NaN,NaN
5,NaN,NaN,NaN,NaN,NaN,NaN,NaN,NaN
6,NaN,NaN,NaN,NaN,NaN,NaN,NaN,NaN
7,NaN,NaN,NaN,NaN,NaN,NaN,NaN,NaN
8,NaN,NaN,NaN,NaN,NaN,NaN,NaN,NaN
9,NaN,NaN,NaN,NaN,NaN,NaN,NaN,NaN
10,NaN,NaN,NaN,NaN,NaN,NaN,NaN,NaN
11,NaN,NaN,NaN,NaN,NaN,NaN,NaN,NaN
1,NaN,NaN,NaN,NaN,NaN,NaN,NaN,NaN
2,NaN,NaN,NaN,NaN,NaN,NaN,NaN,NaN
3,NaN,NaN,NaN,NaN,NaN,NaN,NaN,NaN
4,NaN,NaN,NaN,NaN,NaN,NaN,NaN,NaN
5,NaN,NaN,NaN,NaN,NaN,NaN,NaN,NaN
6,NaN,NaN,NaN,NaN,NaN,NaN,NaN,NaN
7,NaN,NaN,NaN,NaN,NaN,NaN,NaN,NaN
8,NaN,NaN,NaN,NaN,NaN,NaN,NaN,NaN
9,NaN,NaN,NaN,NaN,NaN,NaN,NaN,NaN
10,NaN,NaN,NaN,NaN,NaN,NaN,NaN,NaN
11,NaN,NaN,NaN,NaN,NaN,NaN,NaN,NaN
1,NaN,NaN,NaN,NaN,NaN,NaN,NaN,NaN
2,NaN,NaN,NaN,NaN,NaN,NaN,NaN,NaN
3,NaN,NaN,NaN,NaN,NaN,NaN,NaN,NaN
4,NaN,NaN,NaN,NaN,NaN,NaN,NaN,NaN
5,NaN,NaN,NaN,NaN,NaN,NaN,NaN,NaN
6,NaN,NaN,NaN,NaN,NaN,NaN,NaN,NaN
7,NaN,NaN,NaN,NaN,NaN,NaN,NaN,NaN
8,NaN,NaN,NaN,NaN,NaN,NaN,NaN,NaN
9,NaN,NaN,NaN,NaN,NaN,NaN,NaN,NaN
10,NaN,NaN,NaN,NaN,NaN,NaN,NaN,NaN
11,NaN,NaN,NaN,NaN,NaN,NaN,NaN,NaN
1,NaN,NaN,NaN,NaN,NaN,NaN,NaN,NaN
2,NaN,NaN,NaN,NaN,NaN,NaN,NaN,NaN
3,NaN,NaN,NaN,NaN,NaN,NaN,NaN,NaN
4,NaN,NaN,NaN,NaN,NaN,NaN,NaN,NaN
5,NaN,NaN,NaN,NaN,NaN,NaN,NaN,NaN
6,NaN,NaN,NaN,NaN,NaN,NaN,NaN,NaN
7,NaN,NaN,NaN,NaN,NaN,NaN,NaN,NaN
8,NaN,NaN,NaN,NaN,NaN,NaN,NaN,NaN
9,NaN,NaN,NaN,NaN,NaN,NaN,NaN,NaN
10,NaN,NaN,NaN,NaN,NaN,NaN,NaN,NaN
11,NaN,NaN,NaN,NaN,NaN,NaN,NaN,NaN
1,NaN,NaN,NaN,NaN,NaN,NaN,NaN,NaN
2,NaN,NaN,NaN,NaN,NaN,NaN,NaN,NaN
3,NaN,NaN,NaN,NaN,NaN,NaN,NaN,NaN
4,NaN,NaN,NaN,NaN,NaN,NaN,NaN,NaN
5,NaN,NaN,NaN,NaN,NaN,NaN,NaN,NaN
6,NaN,NaN,NaN,NaN,NaN,NaN,NaN,NaN
7,NaN,NaN,NaN,NaN,NaN,NaN,NaN,NaN
8,NaN,NaN,NaN,NaN,NaN,NaN,NaN,NaN
9,NaN,NaN,NaN,NaN,NaN,NaN,NaN,NaN
10,NaN,NaN,NaN,NaN,NaN,NaN,NaN,NaN
11,NaN,NaN,NaN,NaN,NaN,NaN,NaN,NaN
1,NaN,NaN,NaN,NaN,NaN,NaN,NaN,NaN
2,NaN,NaN,NaN,NaN,NaN,NaN,NaN,NaN
3,NaN,NaN,NaN,NaN,NaN,NaN,NaN,NaN
4,NaN,NaN,NaN,NaN,NaN,NaN,NaN,NaN
5,NaN,NaN,NaN,NaN,NaN,NaN,NaN,NaN
6,NaN,NaN,NaN,NaN,NaN,NaN,NaN,NaN
7,NaN,NaN,NaN,NaN,NaN,NaN,NaN,NaN
8,NaN,NaN,NaN,NaN,NaN,NaN,NaN,NaN
9,NaN,NaN,NaN,NaN,NaN,NaN,NaN,NaN
10,NaN,NaN,NaN,NaN,NaN,NaN,NaN,NaN
11,NaN,NaN,NaN,NaN,NaN,NaN,NaN,NaN
1,NaN,NaN,NaN,NaN,NaN,NaN,NaN,NaN
2,NaN,NaN,NaN,NaN,NaN,NaN,NaN,NaN
3,NaN,NaN,NaN,NaN,NaN,NaN,NaN,NaN
4,NaN,NaN,NaN,NaN,NaN,NaN,NaN,NaN
5,NaN,NaN,NaN,NaN,NaN,NaN,NaN,NaN
6,NaN,NaN,NaN,NaN,NaN,NaN,NaN,NaN
7,NaN,NaN,NaN,NaN,NaN,NaN,NaN,NaN
8,NaN,NaN,NaN,NaN,NaN,NaN,NaN,NaN
9,NaN,NaN,NaN,NaN,NaN,NaN,NaN,NaN
10,NaN,NaN,NaN,NaN,NaN,NaN,NaN,NaN
11,NaN,NaN,NaN,NaN,NaN,NaN,NaN,NaN
1,NaN,NaN,NaN,NaN,NaN,NaN,NaN,NaN
2,NaN,NaN,NaN,NaN,NaN,NaN,NaN,NaN
3,NaN,NaN,NaN,NaN,NaN,NaN,NaN,NaN
4,NaN,NaN,NaN,NaN,NaN,NaN,NaN,NaN
5,NaN,NaN,NaN,NaN,NaN,NaN,NaN,NaN
6,NaN,NaN,NaN,NaN,NaN,NaN,NaN,NaN
7,NaN,NaN,NaN,NaN,NaN,NaN,NaN,NaN
8,NaN,NaN,NaN,NaN,NaN,NaN,NaN,NaN
9,NaN,NaN,NaN,NaN,NaN,NaN,NaN,NaN
10,NaN,NaN,NaN,NaN,NaN,NaN,NaN,NaN
11,NaN,NaN,NaN,NaN,NaN,NaN,NaN,NaN
1,NaN,NaN,NaN,NaN,NaN,NaN,NaN,NaN
2,NaN,NaN,NaN,NaN,NaN,NaN,NaN,NaN
3,NaN,NaN,NaN,NaN,NaN,NaN,NaN,NaN
4,NaN,NaN,NaN,NaN,NaN,NaN,NaN,NaN
5,NaN,NaN,NaN,NaN,NaN,NaN,NaN,NaN
6,NaN,NaN,NaN,NaN,NaN,NaN,NaN,NaN
7,NaN,NaN,NaN,NaN,NaN,NaN,NaN,NaN
8,NaN,NaN,NaN,NaN,NaN,NaN,NaN,NaN
9,NaN,NaN,NaN,NaN,NaN,NaN,NaN,NaN
10,NaN,NaN,NaN,NaN,NaN,NaN,NaN,NaN
11,NaN,NaN,NaN,NaN,NaN,NaN,NaN,NaN
1,NaN,NaN,NaN,NaN,NaN,NaN,NaN,NaN
2,NaN,NaN,NaN,NaN,NaN,NaN,NaN,NaN
3,NaN,NaN,NaN,NaN,NaN,NaN,NaN,NaN
4,NaN,NaN,NaN,NaN,NaN,NaN,NaN,NaN
5,NaN,NaN,NaN,NaN,NaN,NaN,NaN,NaN
6,NaN,NaN,NaN,NaN,NaN,NaN,NaN,NaN
7,NaN,NaN,NaN,NaN,NaN,NaN,NaN,NaN
8,NaN,NaN,NaN,NaN,NaN,NaN,NaN,NaN
9,NaN,NaN,NaN,NaN,NaN,NaN,NaN,NaN
10,NaN,NaN,NaN,NaN,NaN,NaN,NaN,NaN
11,NaN,NaN,NaN,NaN,NaN,NaN,NaN,NaN
1,NaN,NaN,NaN,NaN,NaN,NaN,NaN,NaN
2,NaN,NaN,NaN,NaN,NaN,NaN,NaN,NaN
3,NaN,NaN,NaN,NaN,NaN,NaN,NaN,NaN
4,NaN,NaN,NaN,NaN,NaN,NaN,NaN,NaN
5,NaN,NaN,NaN,NaN,NaN,NaN,NaN,NaN
6,NaN,NaN,NaN,NaN,NaN,NaN,NaN,NaN
7,NaN,NaN,NaN,NaN,NaN,NaN,NaN,NaN
8,NaN,NaN,NaN,NaN,NaN,NaN,NaN,NaN
9,NaN,NaN,NaN,NaN,NaN,NaN,NaN,NaN
10,NaN,NaN,NaN,NaN,NaN,NaN,NaN,NaN
11,NaN,NaN,NaN,NaN,NaN,NaN,NaN,NaN
1,NaN,NaN,NaN,NaN,NaN,NaN,NaN,NaN
2,NaN,NaN,NaN,NaN,NaN,NaN,NaN,NaN
3,NaN,NaN,NaN,NaN,NaN,NaN,NaN,NaN
4,NaN,NaN,NaN,NaN,NaN,NaN,NaN,NaN
5,NaN,NaN,NaN,NaN,NaN,NaN,NaN,NaN
6,NaN,NaN,NaN,NaN,NaN,NaN,NaN,NaN
7,NaN,NaN,NaN,NaN,NaN,NaN,NaN,NaN
8,NaN,NaN,NaN,NaN,NaN,NaN,NaN,NaN
9,NaN,NaN,NaN,NaN,NaN,NaN,NaN,NaN
10,NaN,NaN,NaN,NaN,NaN,NaN,NaN,NaN
11,NaN,NaN,NaN,NaN,NaN,NaN,NaN,NaN
1,NaN,NaN,NaN,NaN,NaN,NaN,NaN,NaN
2,NaN,NaN,NaN,NaN,NaN,NaN,NaN,NaN
3,NaN,NaN,NaN,NaN,NaN,NaN,NaN,NaN
4,NaN,NaN,NaN,NaN,NaN,NaN,NaN,NaN
5,NaN,NaN,NaN,NaN,NaN,NaN,NaN,NaN
6,NaN,NaN,NaN,NaN,NaN,NaN,NaN,NaN
7,NaN,NaN,NaN,NaN,NaN,NaN,NaN,NaN
8,NaN,NaN,NaN,NaN,NaN,NaN,NaN,NaN
9,NaN,NaN,NaN,NaN,NaN,NaN,NaN,NaN
10,NaN,NaN,NaN,NaN,NaN,NaN,NaN,NaN
11,NaN,NaN,NaN,NaN,NaN,NaN,NaN,NaN
1,NaN,NaN,NaN,NaN,NaN,NaN,NaN,NaN
2,NaN,NaN,NaN,NaN,NaN,NaN,NaN,NaN
3,NaN,NaN,NaN,NaN,NaN,NaN,NaN,NaN
4,NaN,NaN,NaN,NaN,NaN,NaN,NaN,NaN
5,NaN,NaN,NaN,NaN,NaN,NaN,NaN,NaN
6,NaN,NaN,NaN,NaN,NaN,NaN,NaN,NaN
7,NaN,NaN,NaN,NaN,NaN,NaN,NaN,NaN
8,NaN,NaN,NaN,NaN,NaN,NaN,NaN,NaN
9,NaN,NaN,NaN,NaN,NaN,NaN,NaN,NaN
10,NaN,NaN,NaN,NaN,NaN,NaN,NaN,NaN
11,NaN,NaN,NaN,NaN,NaN,NaN,NaN,NaN
1,NaN,NaN,NaN,NaN,NaN,NaN,NaN,NaN
2,NaN,NaN,NaN,NaN,NaN,NaN,NaN,NaN
3,NaN,NaN,NaN,NaN,NaN,NaN,NaN,NaN
4,NaN,NaN,NaN,NaN,NaN,NaN,NaN,NaN
5,NaN,NaN,NaN,NaN,NaN,NaN,NaN,NaN
6,NaN,NaN,NaN,NaN,NaN,NaN,NaN,NaN
7,NaN,NaN,NaN,NaN,NaN,NaN,NaN,NaN
8,NaN,NaN,NaN,NaN,NaN,NaN,NaN,NaN
9,NaN,NaN,NaN,NaN,NaN,NaN,NaN,NaN
10,NaN,NaN,NaN,NaN,NaN,NaN,NaN,NaN
11,NaN,NaN,NaN,NaN,NaN,NaN,NaN,NaN
1,NaN,NaN,NaN,NaN,NaN,NaN,NaN,NaN
2,NaN,NaN,NaN,NaN,NaN,NaN,NaN,NaN
3,NaN,NaN,NaN,NaN,NaN,NaN,NaN,NaN
4,NaN,NaN,NaN,NaN,NaN,NaN,NaN,NaN
5,NaN,NaN,NaN,NaN,NaN,NaN,NaN,NaN
6,NaN,NaN,NaN,NaN,NaN,NaN,NaN,NaN
7,NaN,NaN,NaN,NaN,NaN,NaN,NaN,NaN
8,NaN,NaN,NaN,NaN,NaN,NaN,NaN,NaN
9,NaN,NaN,NaN,NaN,NaN,NaN,NaN,NaN
10,NaN,NaN,NaN,NaN,NaN,NaN,NaN,NaN
11,NaN,NaN,NaN,NaN,NaN,NaN,NaN,NaN
1,NaN,NaN,NaN,NaN,NaN,NaN,NaN,NaN
2,NaN,NaN,NaN,NaN,NaN,NaN,NaN,NaN
3,NaN,NaN,NaN,NaN,NaN,NaN,NaN,NaN
4,NaN,NaN,NaN,NaN,NaN,NaN,NaN,NaN
5,NaN,NaN,NaN,NaN,NaN,NaN,NaN,NaN
6,NaN,NaN,NaN,NaN,NaN,NaN,NaN,NaN
7,NaN,NaN,NaN,NaN,NaN,NaN,NaN,NaN
8,NaN,NaN,NaN,NaN,NaN,NaN,NaN,NaN
9,NaN,NaN,NaN,NaN,NaN,NaN,NaN,NaN
10,NaN,NaN,NaN,NaN,NaN,NaN,NaN,NaN
11,NaN,NaN,NaN,NaN,NaN,NaN,NaN,NaN
1,NaN,NaN,NaN,NaN,NaN,NaN,NaN,NaN
2,NaN,NaN,NaN,NaN,NaN,NaN,NaN,NaN
3,NaN,NaN,NaN,NaN,NaN,NaN,NaN,NaN
4,NaN,NaN,NaN,NaN,NaN,NaN,NaN,NaN
5,NaN,NaN,NaN,NaN,NaN,NaN,NaN,NaN
6,NaN,NaN,NaN,NaN,NaN,NaN,NaN,NaN
7,NaN,NaN,NaN,NaN,NaN,NaN,NaN,NaN
8,NaN,NaN,NaN,NaN,NaN,NaN,NaN,NaN
9,NaN,NaN,NaN,NaN,NaN,NaN,NaN,NaN
10,NaN,NaN,NaN,NaN,NaN,NaN,NaN,NaN
11,NaN,NaN,NaN,NaN,NaN,NaN,NaN,NaN
1,NaN,NaN,NaN,NaN,NaN,NaN,NaN,NaN
2,NaN,NaN,NaN,NaN,NaN,NaN,NaN,NaN
3,NaN,NaN,NaN,NaN,NaN,NaN,NaN,NaN
4,NaN,NaN,NaN,NaN,NaN,NaN,NaN,NaN
5,NaN,NaN,NaN,NaN,NaN,NaN,NaN,NaN
6,NaN,NaN,NaN,NaN,NaN,NaN,NaN,NaN
7,NaN,NaN,NaN,NaN,NaN,NaN,NaN,NaN
8,NaN,NaN,NaN,NaN,NaN,NaN,NaN,NaN
9,NaN,NaN,NaN,NaN,NaN,NaN,NaN,NaN
10,NaN,NaN,NaN,NaN,NaN,NaN,NaN,NaN
11,NaN,NaN,NaN,NaN,NaN,NaN,NaN,NaN
1,NaN,NaN,NaN,NaN,NaN,NaN,NaN,NaN
2,NaN,NaN,NaN,NaN,NaN,NaN,NaN,NaN
3,NaN,NaN,NaN,NaN,NaN,NaN,NaN,NaN
4,NaN,NaN,NaN,NaN,NaN,NaN,NaN,NaN
5,NaN,NaN,NaN,NaN,NaN,NaN,NaN,NaN
6,NaN,NaN,NaN,NaN,NaN,NaN,NaN,NaN
7,NaN,NaN,NaN,NaN,NaN,NaN,NaN,NaN
8,NaN,NaN,NaN,NaN,NaN,NaN,NaN,NaN
9,NaN,NaN,NaN,NaN,NaN,NaN,NaN,NaN
10,NaN,NaN,NaN,NaN,NaN,NaN,NaN,NaN
11,NaN,NaN,NaN,NaN,NaN,NaN,NaN,NaN
1,NaN,NaN,NaN,NaN,NaN,NaN,NaN,NaN
2,NaN,NaN,NaN,NaN,NaN,NaN,NaN,NaN
3,NaN,NaN,NaN,NaN,NaN,NaN,NaN,NaN
4,NaN,NaN,NaN,NaN,NaN,NaN,NaN,NaN
5,NaN,NaN,NaN,NaN,NaN,NaN,NaN,NaN
6,NaN,NaN,NaN,NaN,NaN,NaN,NaN,NaN
7,NaN,NaN,NaN,NaN,NaN,NaN,NaN,NaN
8,NaN,NaN,NaN,NaN,NaN,NaN,NaN,NaN
9,NaN,NaN,NaN,NaN,NaN,NaN,NaN,NaN
10,NaN,NaN,NaN,NaN,NaN,NaN,NaN,NaN
11,NaN,NaN,NaN,NaN,NaN,NaN,NaN,NaN
1,NaN,NaN,NaN,NaN,NaN,NaN,NaN,NaN
2,NaN,NaN,NaN,NaN,NaN,NaN,NaN,NaN
3,NaN,NaN,NaN,NaN,NaN,NaN,NaN,NaN
4,NaN,NaN,NaN,NaN,NaN,NaN,NaN,NaN
5,NaN,NaN,NaN,NaN,NaN,NaN,NaN,NaN
6,NaN,NaN,NaN,NaN,NaN,NaN,NaN,NaN
7,NaN,NaN,NaN,NaN,NaN,NaN,NaN,NaN
8,NaN,NaN,NaN,NaN,NaN,NaN,NaN,NaN
9,NaN,NaN,NaN,NaN,NaN,NaN,NaN,NaN
10,NaN,NaN,NaN,NaN,NaN,NaN,NaN,NaN
11,NaN,NaN,NaN,NaN,NaN,NaN,NaN,NaN
1,NaN,NaN,NaN,NaN,NaN,NaN,NaN,NaN
2,NaN,NaN,NaN,NaN,NaN,NaN,NaN,NaN
3,NaN,NaN,NaN,NaN,NaN,NaN,NaN,NaN
4,NaN,NaN,NaN,NaN,NaN,NaN,NaN,NaN
5,NaN,NaN,NaN,NaN,NaN,NaN,NaN,NaN
6,NaN,NaN,NaN,NaN,NaN,NaN,NaN,NaN
7,NaN,NaN,NaN,NaN,NaN,NaN,NaN,NaN
8,NaN,NaN,NaN,NaN,NaN,NaN,NaN,NaN
9,NaN,NaN,NaN,NaN,NaN,NaN,NaN,NaN
10,NaN,NaN,NaN,NaN,NaN,NaN,NaN,NaN
11,NaN,NaN,NaN,NaN,NaN,NaN,NaN,NaN
1,NaN,NaN,NaN,NaN,NaN,NaN,NaN,NaN
2,NaN,NaN,NaN,NaN,NaN,NaN,NaN,NaN
3,NaN,NaN,NaN,NaN,NaN,NaN,NaN,NaN
4,NaN,NaN,NaN,NaN,NaN,NaN,NaN,NaN
5,NaN,NaN,NaN,NaN,NaN,NaN,NaN,NaN
6,NaN,NaN,NaN,NaN,NaN,NaN,NaN,NaN
7,NaN,NaN,NaN,NaN,NaN,NaN,NaN,NaN
8,NaN,NaN,NaN,NaN,NaN,NaN,NaN,NaN
9,NaN,NaN,NaN,NaN,NaN,NaN,NaN,NaN
10,NaN,NaN,NaN,NaN,NaN,NaN,NaN,NaN
11,NaN,NaN,NaN,NaN,NaN,NaN,NaN,NaN
1,NaN,NaN,NaN,NaN,NaN,NaN,NaN,NaN
2,NaN,NaN,NaN,NaN,NaN,NaN,NaN,NaN
3,NaN,NaN,NaN,NaN,NaN,NaN,NaN,NaN
4,NaN,NaN,NaN,NaN,NaN,NaN,NaN,NaN
5,NaN,NaN,NaN,NaN,NaN,NaN,NaN,NaN
6,NaN,NaN,NaN,NaN,NaN,NaN,NaN,NaN
7,NaN,NaN,NaN,NaN,NaN,NaN,NaN,NaN
8,NaN,NaN,NaN,NaN,NaN,NaN,NaN,NaN
9,NaN,NaN,NaN,NaN,NaN,NaN,NaN,NaN
10,NaN,NaN,NaN,NaN,NaN,NaN,NaN,NaN
11,NaN,NaN,NaN,NaN,NaN,NaN,NaN,NaN
1,NaN,NaN,NaN,NaN,NaN,NaN,NaN,NaN
2,NaN,NaN,NaN,NaN,NaN,NaN,NaN,NaN
3,NaN,NaN,NaN,NaN,NaN,NaN,NaN,NaN
4,NaN,NaN,NaN,NaN,NaN,NaN,NaN,NaN
5,NaN,NaN,NaN,NaN,NaN,NaN,NaN,NaN
6,NaN,NaN,NaN,NaN,NaN,NaN,NaN,NaN
7,NaN,NaN,NaN,NaN,NaN,NaN,NaN,NaN
8,NaN,NaN,NaN,NaN,NaN,NaN,NaN,NaN
9,NaN,NaN,NaN,NaN,NaN,NaN,NaN,NaN
10,NaN,NaN,NaN,NaN,NaN,NaN,NaN,NaN
11,NaN,NaN,NaN,NaN,NaN,NaN,NaN,NaN
1,NaN,NaN,NaN,NaN,NaN,NaN,NaN,NaN
2,NaN,NaN,NaN,NaN,NaN,NaN,NaN,NaN
3,NaN,NaN,NaN,NaN,NaN,NaN,NaN,NaN
4,NaN,NaN,NaN,NaN,NaN,NaN,NaN,NaN
5,NaN,NaN,NaN,NaN,NaN,NaN,NaN,NaN
6,NaN,NaN,NaN,NaN,NaN,NaN,NaN,NaN
7,NaN,NaN,NaN,NaN,NaN,NaN,NaN,NaN
8,NaN,NaN,NaN,NaN,NaN,NaN,NaN,NaN
9,NaN,NaN,NaN,NaN,NaN,NaN,NaN,NaN
10,NaN,NaN,NaN,NaN,NaN,NaN,NaN,NaN
11,NaN,NaN,NaN,NaN,NaN,NaN,NaN,NaN
1,NaN,NaN,NaN,NaN,NaN,NaN,NaN,NaN
2,NaN,NaN,NaN,NaN,NaN,NaN,NaN,NaN
3,NaN,NaN,NaN,NaN,NaN,NaN,NaN,NaN
4,NaN,NaN,NaN,NaN,NaN,NaN,NaN,NaN
5,NaN,NaN,NaN,NaN,NaN,NaN,NaN,NaN
6,NaN,NaN,NaN,NaN,NaN,NaN,NaN,NaN
7,NaN,NaN,NaN,NaN,NaN,NaN,NaN,NaN
8,NaN,NaN,NaN,NaN,NaN,NaN,NaN,NaN
9,NaN,NaN,NaN,NaN,NaN,NaN,NaN,NaN
10,NaN,NaN,NaN,NaN,NaN,NaN,NaN,NaN
11,NaN,NaN,NaN,NaN,NaN,NaN,NaN,NaN
1,NaN,NaN,NaN,NaN,NaN,NaN,NaN,NaN
2,NaN,NaN,NaN,NaN,NaN,NaN,NaN,NaN
3,NaN,NaN,NaN,NaN,NaN,NaN,NaN,NaN
4,NaN,NaN,NaN,NaN,NaN,NaN,NaN,NaN
5,NaN,NaN,NaN,NaN,NaN,NaN,NaN,NaN
6,NaN,NaN,NaN,NaN,NaN,NaN,NaN,NaN
7,NaN,NaN,NaN,NaN,NaN,NaN,NaN,NaN
8,NaN,NaN,NaN,NaN,NaN,NaN,NaN,NaN
9,NaN,NaN,NaN,NaN,NaN,NaN,NaN,NaN
10,NaN,NaN,NaN,NaN,NaN,NaN,NaN,NaN
11,NaN,NaN,NaN,NaN,NaN,NaN,NaN,NaN
1,NaN,NaN,NaN,NaN,NaN,NaN,NaN,NaN
2,NaN,NaN,NaN,NaN,NaN,NaN,NaN,NaN
3,NaN,NaN,NaN,NaN,NaN,NaN,NaN,NaN
4,NaN,NaN,NaN,NaN,NaN,NaN,NaN,NaN
5,NaN,NaN,NaN,NaN,NaN,NaN,NaN,NaN
6,NaN,NaN,NaN,NaN,NaN,NaN,NaN,NaN
7,NaN,NaN,NaN,NaN,NaN,NaN,NaN,NaN
8,NaN,NaN,NaN,NaN,NaN,NaN,NaN,NaN
9,NaN,NaN,NaN,NaN,NaN,NaN,NaN,NaN
10,NaN,NaN,NaN,NaN,NaN,NaN,NaN,NaN
11,NaN,NaN,NaN,NaN,NaN,NaN,NaN,NaN
1,NaN,NaN,NaN,NaN,NaN,NaN,NaN,NaN
2,NaN,NaN,NaN,NaN,NaN,NaN,NaN,NaN
3,NaN,NaN,NaN,NaN,NaN,NaN,NaN,NaN
4,NaN,NaN,NaN,NaN,NaN,NaN,NaN,NaN
5,NaN,NaN,NaN,NaN,NaN,NaN,NaN,NaN
6,NaN,NaN,NaN,NaN,NaN,NaN,NaN,NaN
7,NaN,NaN,NaN,NaN,NaN,NaN,NaN,NaN
8,NaN,NaN,NaN,NaN,NaN,NaN,NaN,NaN
9,NaN,NaN,NaN,NaN,NaN,NaN,NaN,NaN
10,NaN,NaN,NaN,NaN,NaN,NaN,NaN,NaN
11,NaN,NaN,NaN,NaN,NaN,NaN,NaN,NaN
1,NaN,NaN,NaN,NaN,NaN,NaN,NaN,NaN
2,NaN,NaN,NaN,NaN,NaN,NaN,NaN,NaN
3,NaN,NaN,NaN,NaN,NaN,NaN,NaN,NaN
4,NaN,NaN,NaN,NaN,NaN,NaN,NaN,NaN
5,NaN,NaN,NaN,NaN,NaN,NaN,NaN,NaN
6,NaN,NaN,NaN,NaN,NaN,NaN,NaN,NaN
7,NaN,NaN,NaN,NaN,NaN,NaN,NaN,NaN
8,NaN,NaN,NaN,NaN,NaN,NaN,NaN,NaN
9,NaN,NaN,NaN,NaN,NaN,NaN,NaN,NaN
10,NaN,NaN,NaN,NaN,NaN,NaN,NaN,NaN
11,NaN,NaN,NaN,NaN,NaN,NaN,NaN,NaN
1,NaN,NaN,NaN,NaN,NaN,NaN,NaN,NaN
2,NaN,NaN,NaN,NaN,NaN,NaN,NaN,NaN
3,NaN,NaN,NaN,NaN,NaN,NaN,NaN,NaN
4,NaN,NaN,NaN,NaN,NaN,NaN,NaN,NaN
5,NaN,NaN,NaN,NaN,NaN,NaN,NaN,NaN
6,NaN,NaN,NaN,NaN,NaN,NaN,NaN,NaN
7,NaN,NaN,NaN,NaN,NaN,NaN,NaN,NaN
8,NaN,NaN,NaN,NaN,NaN,NaN,NaN,NaN
9,NaN,NaN,NaN,NaN,NaN,NaN,NaN,NaN
10,NaN,NaN,NaN,NaN,NaN,NaN,NaN,NaN
11,NaN,NaN,NaN,NaN,NaN,NaN,NaN,NaN
1,NaN,NaN,NaN,NaN,NaN,NaN,NaN,NaN
2,NaN,NaN,NaN,NaN,NaN,NaN,NaN,NaN
3,NaN,NaN,NaN,NaN,NaN,NaN,NaN,NaN
4,NaN,NaN,NaN,NaN,NaN,NaN,NaN,NaN
5,NaN,NaN,NaN,NaN,NaN,NaN,NaN,NaN
6,NaN,NaN,NaN,NaN,NaN,NaN,NaN,NaN
7,NaN,NaN,NaN,NaN,NaN,NaN,NaN,NaN
8,NaN,NaN,NaN,NaN,NaN,NaN,NaN,NaN
9,NaN,NaN,NaN,NaN,NaN,NaN,NaN,NaN
10,NaN,NaN,NaN,NaN,NaN,NaN,NaN,NaN
11,NaN,NaN,NaN,NaN,NaN,NaN,NaN,NaN
1,NaN,NaN,NaN,NaN,NaN,NaN,NaN,NaN
2,NaN,NaN,NaN,NaN,NaN,NaN,NaN,NaN
3,NaN,NaN,NaN,NaN,NaN,NaN,NaN,NaN
4,NaN,NaN,NaN,NaN,NaN,NaN,NaN,NaN
5,NaN,NaN,NaN,NaN,NaN,NaN,NaN,NaN
6,NaN,NaN,NaN,NaN,NaN,NaN,NaN,NaN
7,NaN,NaN,NaN,NaN,NaN,NaN,NaN,NaN
8,NaN,NaN,NaN,NaN,NaN,NaN,NaN,NaN
9,NaN,NaN,NaN,NaN,NaN,NaN,NaN,NaN
10,NaN,NaN,NaN,NaN,NaN,NaN,NaN,NaN
11,NaN,NaN,NaN,NaN,NaN,NaN,NaN,NaN
1,NaN,NaN,NaN,NaN,NaN,NaN,NaN,NaN
2,NaN,NaN,NaN,NaN,NaN,NaN,NaN,NaN
3,NaN,NaN,NaN,NaN,NaN,NaN,NaN,NaN
4,NaN,NaN,NaN,NaN,NaN,NaN,NaN,NaN
5,NaN,NaN,NaN,NaN,NaN,NaN,NaN,NaN
6,NaN,NaN,NaN,NaN,NaN,NaN,NaN,NaN
7,NaN,NaN,NaN,NaN,NaN,NaN,NaN,NaN
8,NaN,NaN,NaN,NaN,NaN,NaN,NaN,NaN
9,NaN,NaN,NaN,NaN,NaN,NaN,NaN,NaN
10,NaN,NaN,NaN,NaN,NaN,NaN,NaN,NaN
11,NaN,NaN,NaN,NaN,NaN,NaN,NaN,NaN
1,NaN,NaN,NaN,NaN,NaN,NaN,NaN,NaN
2,NaN,NaN,NaN,NaN,NaN,NaN,NaN,NaN
3,NaN,NaN,NaN,NaN,NaN,NaN,NaN,NaN
4,NaN,NaN,NaN,NaN,NaN,NaN,NaN,NaN
5,NaN,NaN,NaN,NaN,NaN,NaN,NaN,NaN
6,NaN,NaN,NaN,NaN,NaN,NaN,NaN,NaN
7,NaN,NaN,NaN,NaN,NaN,NaN,NaN,NaN
8,NaN,NaN,NaN,NaN,NaN,NaN,NaN,NaN
9,NaN,NaN,NaN,NaN,NaN,NaN,NaN,NaN
10,NaN,NaN,NaN,NaN,NaN,NaN,NaN,NaN
11,NaN,NaN,NaN,NaN,NaN,NaN,NaN,NaN
1,NaN,NaN,NaN,NaN,NaN,NaN,NaN,NaN
2,NaN,NaN,NaN,NaN,NaN,NaN,NaN,NaN
3,NaN,NaN,NaN,NaN,NaN,NaN,NaN,NaN
4,NaN,NaN,NaN,NaN,NaN,NaN,NaN,NaN
5,NaN,NaN,NaN,NaN,NaN,NaN,NaN,NaN
6,NaN,NaN,NaN,NaN,NaN,NaN,NaN,NaN
7,NaN,NaN,NaN,NaN,NaN,NaN,NaN,NaN
8,NaN,NaN,NaN,NaN,NaN,NaN,NaN,NaN
9,NaN,NaN,NaN,NaN,NaN,NaN,NaN,NaN
10,NaN,NaN,NaN,NaN,NaN,NaN,NaN,NaN
11,NaN,NaN,NaN,NaN,NaN,NaN,NaN,NaN
1,NaN,NaN,NaN,NaN,NaN,NaN,NaN,NaN
2,NaN,NaN,NaN,NaN,NaN,NaN,NaN,NaN
3,NaN,NaN,NaN,NaN,NaN,NaN,NaN,NaN
4,NaN,NaN,NaN,NaN,NaN,NaN,NaN,NaN
5,NaN,NaN,NaN,NaN,NaN,NaN,NaN,NaN
6,NaN,NaN,NaN,NaN,NaN,NaN,NaN,NaN
7,NaN,NaN,NaN,NaN,NaN,NaN,NaN,NaN
8,NaN,NaN,NaN,NaN,NaN,NaN,NaN,NaN
9,NaN,NaN,NaN,NaN,NaN,NaN,NaN,NaN
10,NaN,NaN,NaN,NaN,NaN,NaN,NaN,NaN
11,NaN,NaN,NaN,NaN,NaN,NaN,NaN,NaN
1,NaN,NaN,NaN,NaN,NaN,NaN,NaN,NaN
2,NaN,NaN,NaN,NaN,NaN,NaN,NaN,NaN
3,NaN,NaN,NaN,NaN,NaN,NaN,NaN,NaN
4,NaN,NaN,NaN,NaN,NaN,NaN,NaN,NaN
5,NaN,NaN,NaN,NaN,NaN,NaN,NaN,NaN
6,NaN,NaN,NaN,NaN,NaN,NaN,NaN,NaN
7,NaN,NaN,NaN,NaN,NaN,NaN,NaN,NaN
8,NaN,NaN,NaN,NaN,NaN,NaN,NaN,NaN
9,NaN,NaN,NaN,NaN,NaN,NaN,NaN,NaN
10,NaN,NaN,NaN,NaN,NaN,NaN,NaN,NaN
11,NaN,NaN,NaN,NaN,NaN,NaN,NaN,NaN
1,NaN,NaN,NaN,NaN,NaN,NaN,NaN,NaN
2,NaN,NaN,NaN,NaN,NaN,NaN,NaN,NaN
3,NaN,NaN,NaN,NaN,NaN,NaN,NaN,NaN
4,NaN,NaN,NaN,NaN,NaN,NaN,NaN,NaN
5,NaN,NaN,NaN,NaN,NaN,NaN,NaN,NaN
6,NaN,NaN,NaN,NaN,NaN,NaN,NaN,NaN
7,NaN,NaN,NaN,NaN,NaN,NaN,NaN,NaN
8,NaN,NaN,NaN,NaN,NaN,NaN,NaN,NaN
9,NaN,NaN,NaN,NaN,NaN,NaN,NaN,NaN
10,NaN,NaN,NaN,NaN,NaN,NaN,NaN,NaN
11,NaN,NaN,NaN,NaN,NaN,NaN,NaN,NaN
1,NaN,NaN,NaN,NaN,NaN,NaN,NaN,NaN
2,NaN,NaN,NaN,NaN,NaN,NaN,NaN,NaN
3,NaN,NaN,NaN,NaN,NaN,NaN,NaN,NaN
4,NaN,NaN,NaN,NaN,NaN,NaN,NaN,NaN
5,NaN,NaN,NaN,NaN,NaN,NaN,NaN,NaN
6,NaN,NaN,NaN,NaN,NaN,NaN,NaN,NaN
7,NaN,NaN,NaN,NaN,NaN,NaN,NaN,NaN
8,NaN,NaN,NaN,NaN,NaN,NaN,NaN,NaN
9,NaN,NaN,NaN,NaN,NaN,NaN,NaN,NaN
10,NaN,NaN,NaN,NaN,NaN,NaN,NaN,NaN
11,NaN,NaN,NaN,NaN,NaN,NaN,NaN,NaN
1,NaN,NaN,NaN,NaN,NaN,NaN,NaN,NaN
2,NaN,NaN,NaN,NaN,NaN,NaN,NaN,NaN
3,NaN,NaN,NaN,NaN,NaN,NaN,NaN,NaN
4,NaN,NaN,NaN,NaN,NaN,NaN,NaN,NaN
5,NaN,NaN,NaN,NaN,NaN,NaN,NaN,NaN
6,NaN,NaN,NaN,NaN,NaN,NaN,NaN,NaN
7,NaN,NaN,NaN,NaN,NaN,NaN,NaN,NaN
8,NaN,NaN,NaN,NaN,NaN,NaN,NaN,NaN
9,NaN,NaN,NaN,NaN,NaN,NaN,NaN,NaN
10,NaN,NaN,NaN,NaN,NaN,NaN,NaN,NaN
11,NaN,NaN,NaN,NaN,NaN,NaN,NaN,NaN
1,NaN,NaN,NaN,NaN,NaN,NaN,NaN,NaN
2,NaN,NaN,NaN,NaN,NaN,NaN,NaN,NaN
3,NaN,NaN,NaN,NaN,NaN,NaN,NaN,NaN
4,NaN,NaN,NaN,NaN,NaN,NaN,NaN,NaN
5,NaN,NaN,NaN,NaN,NaN,NaN,NaN,NaN
6,NaN,NaN,NaN,NaN,NaN,NaN,NaN,NaN
7,NaN,NaN,NaN,NaN,NaN,NaN,NaN,NaN
8,NaN,NaN,NaN,NaN,NaN,NaN,NaN,NaN
9,NaN,NaN,NaN,NaN,NaN,NaN,NaN,NaN
10,NaN,NaN,NaN,NaN,NaN,NaN,NaN,NaN
11,NaN,NaN,NaN,NaN,NaN,NaN,NaN,NaN
1,NaN,NaN,NaN,NaN,NaN,NaN,NaN,NaN
2,NaN,NaN,NaN,NaN,NaN,NaN,NaN,NaN
3,NaN,NaN,NaN,NaN,NaN,NaN,NaN,NaN
4,NaN,NaN,NaN,NaN,NaN,NaN,NaN,NaN
5,NaN,NaN,NaN,NaN,NaN,NaN,NaN,NaN
6,NaN,NaN,NaN,NaN,NaN,NaN,NaN,NaN
7,NaN,NaN,NaN,NaN,NaN,NaN,NaN,NaN
8,NaN,NaN,NaN,NaN,NaN,NaN,NaN,NaN
9,NaN,NaN,NaN,NaN,NaN,NaN,NaN,NaN
10,NaN,NaN,NaN,NaN,NaN,NaN,NaN,NaN
11,NaN,NaN,NaN,NaN,NaN,NaN,NaN,NaN
1,NaN,NaN,NaN,NaN,NaN,NaN,NaN,NaN
2,NaN,NaN,NaN,NaN,NaN,NaN,NaN,NaN
3,NaN,NaN,NaN,NaN,NaN,NaN,NaN,NaN
4,NaN,NaN,NaN,NaN,NaN,NaN,NaN,NaN
5,NaN,NaN,NaN,NaN,NaN,NaN,NaN,NaN
6,NaN,NaN,NaN,NaN,NaN,NaN,NaN,NaN
7,NaN,NaN,NaN,NaN,NaN,NaN,NaN,NaN
8,NaN,NaN,NaN,NaN,NaN,NaN,NaN,NaN
9,NaN,NaN,NaN,NaN,NaN,NaN,NaN,NaN
10,NaN,NaN,NaN,NaN,NaN,NaN,NaN,NaN
11,NaN,NaN,NaN,NaN,NaN,NaN,NaN,NaN
1,NaN,NaN,NaN,NaN,NaN,NaN,NaN,NaN
2,NaN,NaN,NaN,NaN,NaN,NaN,NaN,NaN
3,NaN,NaN,NaN,NaN,NaN,NaN,NaN,NaN
4,NaN,NaN,NaN,NaN,NaN,NaN,NaN,NaN
5,NaN,NaN,NaN,NaN,NaN,NaN,NaN,NaN
6,NaN,NaN,NaN,NaN,NaN,NaN,NaN,NaN
7,NaN,NaN,NaN,NaN,NaN,NaN,NaN,NaN
8,NaN,NaN,NaN,NaN,NaN,NaN,NaN,NaN
9,NaN,NaN,NaN,NaN,NaN,NaN,NaN,NaN
10,NaN,NaN,NaN,NaN,NaN,NaN,NaN,NaN
11,NaN,NaN,NaN,NaN,NaN,NaN,NaN,NaN
1,NaN,NaN,NaN,NaN,NaN,NaN,NaN,NaN
2,NaN,NaN,NaN,NaN,NaN,NaN,NaN,NaN
3,NaN,NaN,NaN,NaN,NaN,NaN,NaN,NaN
4,NaN,NaN,NaN,NaN,NaN,NaN,NaN,NaN
5,NaN,NaN,NaN,NaN,NaN,NaN,NaN,NaN
6,NaN,NaN,NaN,NaN,NaN,NaN,NaN,NaN
7,NaN,NaN,NaN,NaN,NaN,NaN,NaN,NaN
8,NaN,NaN,NaN,NaN,NaN,NaN,NaN,NaN
9,NaN,NaN,NaN,NaN,NaN,NaN,NaN,NaN
10,NaN,NaN,NaN,NaN,NaN,NaN,NaN,NaN
11,NaN,NaN,NaN,NaN,NaN,NaN,NaN,NaN
1,NaN,NaN,NaN,NaN,NaN,NaN,NaN,NaN
2,NaN,NaN,NaN,NaN,NaN,NaN,NaN,NaN
3,NaN,NaN,NaN,NaN,NaN,NaN,NaN,NaN
4,NaN,NaN,NaN,NaN,NaN,NaN,NaN,NaN
5,NaN,NaN,NaN,NaN,NaN,NaN,NaN,NaN
6,NaN,NaN,NaN,NaN,NaN,NaN,NaN,NaN
7,NaN,NaN,NaN,NaN,NaN,NaN,NaN,NaN
8,NaN,NaN,NaN,NaN,NaN,NaN,NaN,NaN
9,NaN,NaN,NaN,NaN,NaN,NaN,NaN,NaN
10,NaN,NaN,NaN,NaN,NaN,NaN,NaN,NaN
11,NaN,NaN,NaN,NaN,NaN,NaN,NaN,NaN
1,NaN,NaN,NaN,NaN,NaN,NaN,NaN,NaN
2,NaN,NaN,NaN,NaN,NaN,NaN,NaN,NaN
3,NaN,NaN,NaN,NaN,NaN,NaN,NaN,NaN
4,NaN,NaN,NaN,NaN,NaN,NaN,NaN,NaN
5,NaN,NaN,NaN,NaN,NaN,NaN,NaN,NaN
6,NaN,NaN,NaN,NaN,NaN,NaN,NaN,NaN
7,NaN,NaN,NaN,NaN,NaN,NaN,NaN,NaN
8,NaN,NaN,NaN,NaN,NaN,NaN,NaN,NaN
9,NaN,NaN,NaN,NaN,NaN,NaN,NaN,NaN
10,NaN,NaN,NaN,NaN,NaN,NaN,NaN,NaN
11,NaN,NaN,NaN,NaN,NaN,NaN,NaN,NaN
1,NaN,NaN,NaN,NaN,NaN,NaN,NaN,NaN
2,NaN,NaN,NaN,NaN,NaN,NaN,NaN,NaN
3,NaN,NaN,NaN,NaN,NaN,NaN,NaN,NaN
4,NaN,NaN,NaN,NaN,NaN,NaN,NaN,NaN
5,NaN,NaN,NaN,NaN,NaN,NaN,NaN,NaN
6,NaN,NaN,NaN,NaN,NaN,NaN,NaN,NaN
7,NaN,NaN,NaN,NaN,NaN,NaN,NaN,NaN
8,NaN,NaN,NaN,NaN,NaN,NaN,NaN,NaN
9,NaN,NaN,NaN,NaN,NaN,NaN,NaN,NaN
10,NaN,NaN,NaN,NaN,NaN,NaN,NaN,NaN
11,NaN,NaN,NaN,NaN,NaN,NaN,NaN,NaN
1,NaN,NaN,NaN,NaN,NaN,NaN,NaN,NaN
2,NaN,NaN,NaN,NaN,NaN,NaN,NaN,NaN
3,NaN,NaN,NaN,NaN,NaN,NaN,NaN,NaN
4,NaN,NaN,NaN,NaN,NaN,NaN,NaN,NaN
5,NaN,NaN,NaN,NaN,NaN,NaN,NaN,NaN
6,NaN,NaN,NaN,NaN,NaN,NaN,NaN,NaN
7,NaN,NaN,NaN,NaN,NaN,NaN,NaN,NaN
8,NaN,NaN,NaN,NaN,NaN,NaN,NaN,NaN
9,NaN,NaN,NaN,NaN,NaN,NaN,NaN,NaN
10,NaN,NaN,NaN,NaN,NaN,NaN,NaN,NaN
11,NaN,NaN,NaN,NaN,NaN,NaN,NaN,NaN
1,NaN,NaN,NaN,NaN,NaN,NaN,NaN,NaN
2,NaN,NaN,NaN,NaN,NaN,NaN,NaN,NaN
3,NaN,NaN,NaN,NaN,NaN,NaN,NaN,NaN
4,NaN,NaN,NaN,NaN,NaN,NaN,NaN,NaN
5,NaN,NaN,NaN,NaN,NaN,NaN,NaN,NaN
6,NaN,NaN,NaN,NaN,NaN,NaN,NaN,NaN
7,NaN,NaN,NaN,NaN,NaN,NaN,NaN,NaN
8,NaN,NaN,NaN,NaN,NaN,NaN,NaN,NaN
9,NaN,NaN,NaN,NaN,NaN,NaN,NaN,NaN
10,NaN,NaN,NaN,NaN,NaN,NaN,NaN,NaN
11,NaN,NaN,NaN,NaN,NaN,NaN,NaN,NaN
1,NaN,NaN,NaN,NaN,NaN,NaN,NaN,NaN
2,NaN,NaN,NaN,NaN,NaN,NaN,NaN,NaN
3,NaN,NaN,NaN,NaN,NaN,NaN,NaN,NaN
4,NaN,NaN,NaN,NaN,NaN,NaN,NaN,NaN
5,NaN,NaN,NaN,NaN,NaN,NaN,NaN,NaN
6,NaN,NaN,NaN,NaN,NaN,NaN,NaN,NaN
7,NaN,NaN,NaN,NaN,NaN,NaN,NaN,NaN
8,NaN,NaN,NaN,NaN,NaN,NaN,NaN,NaN
9,NaN,NaN,NaN,NaN,NaN,NaN,NaN,NaN
10,NaN,NaN,NaN,NaN,NaN,NaN,NaN,NaN
11,NaN,NaN,NaN,NaN,NaN,NaN,NaN,NaN
1,NaN,NaN,NaN,NaN,NaN,NaN,NaN,NaN
2,NaN,NaN,NaN,NaN,NaN,NaN,NaN,NaN
3,NaN,NaN,NaN,NaN,NaN,NaN,NaN,NaN
4,NaN,NaN,NaN,NaN,NaN,NaN,NaN,NaN
5,NaN,NaN,NaN,NaN,NaN,NaN,NaN,NaN
6,NaN,NaN,NaN,NaN,NaN,NaN,NaN,NaN
7,NaN,NaN,NaN,NaN,NaN,NaN,NaN,NaN
8,NaN,NaN,NaN,NaN,NaN,NaN,NaN,NaN
9,NaN,NaN,NaN,NaN,NaN,NaN,NaN,NaN
10,NaN,NaN,NaN,NaN,NaN,NaN,NaN,NaN
11,NaN,NaN,NaN,NaN,NaN,NaN,NaN,NaN
1,NaN,NaN,NaN,NaN,NaN,NaN,NaN,NaN
2,NaN,NaN,NaN,NaN,NaN,NaN,NaN,NaN
3,NaN,NaN,NaN,NaN,NaN,NaN,NaN,NaN
4,NaN,NaN,NaN,NaN,NaN,NaN,NaN,NaN
5,NaN,NaN,NaN,NaN,NaN,NaN,NaN,NaN
6,NaN,NaN,NaN,NaN,NaN,NaN,NaN,NaN
7,NaN,NaN,NaN,NaN,NaN,NaN,NaN,NaN
8,NaN,NaN,NaN,NaN,NaN,NaN,NaN,NaN
9,NaN,NaN,NaN,NaN,NaN,NaN,NaN,NaN
10,NaN,NaN,NaN,NaN,NaN,NaN,NaN,NaN
11,NaN,NaN,NaN,NaN,NaN,NaN,NaN,NaN
1,NaN,NaN,NaN,NaN,NaN,NaN,NaN,NaN
2,NaN,NaN,NaN,NaN,NaN,NaN,NaN,NaN
3,NaN,NaN,NaN,NaN,NaN,NaN,NaN,NaN
4,NaN,NaN,NaN,NaN,NaN,NaN,NaN,NaN
5,NaN,NaN,NaN,NaN,NaN,NaN,NaN,NaN
6,NaN,NaN,NaN,NaN,NaN,NaN,NaN,NaN
7,NaN,NaN,NaN,NaN,NaN,NaN,NaN,NaN
8,NaN,NaN,NaN,NaN,NaN,NaN,NaN,NaN
9,NaN,NaN,NaN,NaN,NaN,NaN,NaN,NaN
10,NaN,NaN,NaN,NaN,NaN,NaN,NaN,NaN
11,NaN,NaN,NaN,NaN,NaN,NaN,NaN,NaN
1,NaN,NaN,NaN,NaN,NaN,NaN,NaN,NaN
2,NaN,NaN,NaN,NaN,NaN,NaN,NaN,NaN
3,NaN,NaN,NaN,NaN,NaN,NaN,NaN,NaN
4,NaN,NaN,NaN,NaN,NaN,NaN,NaN,NaN
5,NaN,NaN,NaN,NaN,NaN,NaN,NaN,NaN
6,NaN,NaN,NaN,NaN,NaN,NaN,NaN,NaN
7,NaN,NaN,NaN,NaN,NaN,NaN,NaN,NaN
8,NaN,NaN,NaN,NaN,NaN,NaN,NaN,NaN
9,NaN,NaN,NaN,NaN,NaN,NaN,NaN,NaN
10,NaN,NaN,NaN,NaN,NaN,NaN,NaN,NaN
11,NaN,NaN,NaN,NaN,NaN,NaN,NaN,NaN
1,NaN,NaN,NaN,NaN,NaN,NaN,NaN,NaN
2,NaN,NaN,NaN,NaN,NaN,NaN,NaN,NaN
3,NaN,NaN,NaN,NaN,NaN,NaN,NaN,NaN
4,NaN,NaN,NaN,NaN,NaN,NaN,NaN,NaN
5,NaN,NaN,NaN,NaN,NaN,NaN,NaN,NaN
6,NaN,NaN,NaN,NaN,NaN,NaN,NaN,NaN
7,NaN,NaN,NaN,NaN,NaN,NaN,NaN,NaN
8,NaN,NaN,NaN,NaN,NaN,NaN,NaN,NaN
9,NaN,NaN,NaN,NaN,NaN,NaN,NaN,NaN
10,NaN,NaN,NaN,NaN,NaN,NaN,NaN,NaN
11,NaN,NaN,NaN,NaN,NaN,NaN,NaN,NaN
1,NaN,NaN,NaN,NaN,NaN,NaN,NaN,NaN
2,NaN,NaN,NaN,NaN,NaN,NaN,NaN,NaN
3,NaN,NaN,NaN,NaN,NaN,NaN,NaN,NaN
4,NaN,NaN,NaN,NaN,NaN,NaN,NaN,NaN
5,NaN,NaN,NaN,NaN,NaN,NaN,NaN,NaN
6,NaN,NaN,NaN,NaN,NaN,NaN,NaN,NaN
7,NaN,NaN,NaN,NaN,NaN,NaN,NaN,NaN
8,NaN,NaN,NaN,NaN,NaN,NaN,NaN,NaN
9,NaN,NaN,NaN,NaN,NaN,NaN,NaN,NaN
10,NaN,NaN,NaN,NaN,NaN,NaN,NaN,NaN
11,NaN,NaN,NaN,NaN,NaN,NaN,NaN,NaN
1,NaN,NaN,NaN,NaN,NaN,NaN,NaN,NaN
2,NaN,NaN,NaN,NaN,NaN,NaN,NaN,NaN
3,NaN,NaN,NaN,NaN,NaN,NaN,NaN,NaN
4,NaN,NaN,NaN,NaN,NaN,NaN,NaN,NaN
5,NaN,NaN,NaN,NaN,NaN,NaN,NaN,NaN
6,NaN,NaN,NaN,NaN,NaN,NaN,NaN,NaN
7,NaN,NaN,NaN,NaN,NaN,NaN,NaN,NaN
8,NaN,NaN,NaN,NaN,NaN,NaN,NaN,NaN
9,NaN,NaN,NaN,NaN,NaN,NaN,NaN,NaN
10,NaN,NaN,NaN,NaN,NaN,NaN,NaN,NaN
11,NaN,NaN,NaN,NaN,NaN,NaN,NaN,NaN
1,NaN,NaN,NaN,NaN,NaN,NaN,NaN,NaN
2,NaN,NaN,NaN,NaN,NaN,NaN,NaN,NaN
3,NaN,NaN,NaN,NaN,NaN,NaN,NaN,NaN
4,NaN,NaN,NaN,NaN,NaN,NaN,NaN,NaN
5,NaN,NaN,NaN,NaN,NaN,NaN,NaN,NaN
6,NaN,NaN,NaN,NaN,NaN,NaN,NaN,NaN
7,NaN,NaN,NaN,NaN,NaN,NaN,NaN,NaN
8,NaN,NaN,NaN,NaN,NaN,NaN,NaN,NaN
9,NaN,NaN,NaN,NaN,NaN,NaN,NaN,NaN
10,NaN,NaN,NaN,NaN,NaN,NaN,NaN,NaN
11,NaN,NaN,NaN,NaN,NaN,NaN,NaN,NaN
1,NaN,NaN,NaN,NaN,NaN,NaN,NaN,NaN
2,NaN,NaN,NaN,NaN,NaN,NaN,NaN,NaN
3,NaN,NaN,NaN,NaN,NaN,NaN,NaN,NaN
4,NaN,NaN,NaN,NaN,NaN,NaN,NaN,NaN
5,NaN,NaN,NaN,NaN,NaN,NaN,NaN,NaN
6,NaN,NaN,NaN,NaN,NaN,NaN,NaN,NaN
7,NaN,NaN,NaN,NaN,NaN,NaN,NaN,NaN
8,NaN,NaN,NaN,NaN,NaN,NaN,NaN,NaN
9,NaN,NaN,NaN,NaN,NaN,NaN,NaN,NaN
10,NaN,NaN,NaN,NaN,NaN,NaN,NaN,NaN
11,NaN,NaN,NaN,NaN,NaN,NaN,NaN,NaN
1,NaN,NaN,NaN,NaN,NaN,NaN,NaN,NaN
2,NaN,NaN,NaN,NaN,NaN,NaN,NaN,NaN
3,NaN,NaN,NaN,NaN,NaN,NaN,NaN,NaN
4,NaN,NaN,NaN,NaN,NaN,NaN,NaN,NaN
5,NaN,NaN,NaN,NaN,NaN,NaN,NaN,NaN
6,NaN,NaN,NaN,NaN,NaN,NaN,NaN,NaN
7,NaN,NaN,NaN,NaN,NaN,NaN,NaN,NaN
8,NaN,NaN,NaN,NaN,NaN,NaN,NaN,NaN
9,NaN,NaN,NaN,NaN,NaN,NaN,NaN,NaN
10,NaN,NaN,NaN,NaN,NaN,NaN,NaN,NaN
11,NaN,NaN,NaN,NaN,NaN,NaN,NaN,NaN
1,NaN,NaN,NaN,NaN,NaN,NaN,NaN,NaN
2,NaN,NaN,NaN,NaN,NaN,NaN,NaN,NaN
3,NaN,NaN,NaN,NaN,NaN,NaN,NaN,NaN
4,NaN,NaN,NaN,NaN,NaN,NaN,NaN,NaN
5,NaN,NaN,NaN,NaN,NaN,NaN,NaN,NaN
6,NaN,NaN,NaN,NaN,NaN,NaN,NaN,NaN
7,NaN,NaN,NaN,NaN,NaN,NaN,NaN,NaN
8,NaN,NaN,NaN,NaN,NaN,NaN,NaN,NaN
9,NaN,NaN,NaN,NaN,NaN,NaN,NaN,NaN
10,NaN,NaN,NaN,NaN,NaN,NaN,NaN,NaN
11,NaN,NaN,NaN,NaN,NaN,NaN,NaN,NaN
1,NaN,NaN,NaN,NaN,NaN,NaN,NaN,NaN
2,NaN,NaN,NaN,NaN,NaN,NaN,NaN,NaN
3,NaN,NaN,NaN,NaN,NaN,NaN,NaN,NaN
4,NaN,NaN,NaN,NaN,NaN,NaN,NaN,NaN
5,NaN,NaN,NaN,NaN,NaN,NaN,NaN,NaN
6,NaN,NaN,NaN,NaN,NaN,NaN,NaN,NaN
7,NaN,NaN,NaN,NaN,NaN,NaN,NaN,NaN
8,NaN,NaN,NaN,NaN,NaN,NaN,NaN,NaN
9,NaN,NaN,NaN,NaN,NaN,NaN,NaN,NaN
10,NaN,NaN,NaN,NaN,NaN,NaN,NaN,NaN
11,NaN,NaN,NaN,NaN,NaN,NaN,NaN,NaN
1,NaN,NaN,NaN,NaN,NaN,NaN,NaN,NaN
2,NaN,NaN,NaN,NaN,NaN,NaN,NaN,NaN
3,NaN,NaN,NaN,NaN,NaN,NaN,NaN,NaN
4,NaN,NaN,NaN,NaN,NaN,NaN,NaN,NaN
5,NaN,NaN,NaN,NaN,NaN,NaN,NaN,NaN
6,NaN,NaN,NaN,NaN,NaN,NaN,NaN,NaN
7,NaN,NaN,NaN,NaN,NaN,NaN,NaN,NaN
8,NaN,NaN,NaN,NaN,NaN,NaN,NaN,NaN
9,NaN,NaN,NaN,NaN,NaN,NaN,NaN,NaN
10,NaN,NaN,NaN,NaN,NaN,NaN,NaN,NaN
11,NaN,NaN,NaN,NaN,NaN,NaN,NaN,NaN
1,NaN,NaN,NaN,NaN,NaN,NaN,NaN,NaN
2,NaN,NaN,NaN,NaN,NaN,NaN,NaN,NaN
3,NaN,NaN,NaN,NaN,NaN,NaN,NaN,NaN
4,NaN,NaN,NaN,NaN,NaN,NaN,NaN,NaN
5,NaN,NaN,NaN,NaN,NaN,NaN,NaN,NaN
6,NaN,NaN,NaN,NaN,NaN,NaN,NaN,NaN
7,NaN,NaN,NaN,NaN,NaN,NaN,NaN,NaN
8,NaN,NaN,NaN,NaN,NaN,NaN,NaN,NaN
9,NaN,NaN,NaN,NaN,NaN,NaN,NaN,NaN
10,NaN,NaN,NaN,NaN,NaN,NaN,NaN,NaN
11,NaN,NaN,NaN,NaN,NaN,NaN,NaN,NaN
1,NaN,NaN,NaN,NaN,NaN,NaN,NaN,NaN
2,NaN,NaN,NaN,NaN,NaN,NaN,NaN,NaN
3,NaN,NaN,NaN,NaN,NaN,NaN,NaN,NaN
4,NaN,NaN,NaN,NaN,NaN,NaN,NaN,NaN
5,NaN,NaN,NaN,NaN,NaN,NaN,NaN,NaN
6,NaN,NaN,NaN,NaN,NaN,NaN,NaN,NaN
7,NaN,NaN,NaN,NaN,NaN,NaN,NaN,NaN
8,NaN,NaN,NaN,NaN,NaN,NaN,NaN,NaN
9,NaN,NaN,NaN,NaN,NaN,NaN,NaN,NaN
10,NaN,NaN,NaN,NaN,NaN,NaN,NaN,NaN
11,NaN,NaN,NaN,NaN,NaN,NaN,NaN,NaN
1,NaN,NaN,NaN,NaN,NaN,NaN,NaN,NaN
2,NaN,NaN,NaN,NaN,NaN,NaN,NaN,NaN
3,NaN,NaN,NaN,NaN,NaN,NaN,NaN,NaN
4,NaN,NaN,NaN,NaN,NaN,NaN,NaN,NaN
5,NaN,NaN,NaN,NaN,NaN,NaN,NaN,NaN
6,NaN,NaN,NaN,NaN,NaN,NaN,NaN,NaN
7,NaN,NaN,NaN,NaN,NaN,NaN,NaN,NaN
8,NaN,NaN,NaN,NaN,NaN,NaN,NaN,NaN
9,NaN,NaN,NaN,NaN,NaN,NaN,NaN,NaN
10,NaN,NaN,NaN,NaN,NaN,NaN,NaN,NaN
11,NaN,NaN,NaN,NaN,NaN,NaN,NaN,NaN
1,NaN,NaN,NaN,NaN,NaN,NaN,NaN,NaN
2,NaN,NaN,NaN,NaN,NaN,NaN,NaN,NaN
3,NaN,NaN,NaN,NaN,NaN,NaN,NaN,NaN
4,NaN,NaN,NaN,NaN,NaN,NaN,NaN,NaN
5,NaN,NaN,NaN,NaN,NaN,NaN,NaN,NaN
6,NaN,NaN,NaN,NaN,NaN,NaN,NaN,NaN
7,NaN,NaN,NaN,NaN,NaN,NaN,NaN,NaN
8,NaN,NaN,NaN,NaN,NaN,NaN,NaN,NaN
9,NaN,NaN,NaN,NaN,NaN,NaN,NaN,NaN
10,NaN,NaN,NaN,NaN,NaN,NaN,NaN,NaN
11,NaN,NaN,NaN,NaN,NaN,NaN,NaN,NaN
1,NaN,NaN,NaN,NaN,NaN,NaN,NaN,NaN
2,NaN,NaN,NaN,NaN,NaN,NaN,NaN,NaN
3,NaN,NaN,NaN,NaN,NaN,NaN,NaN,NaN
4,NaN,NaN,NaN,NaN,NaN,NaN,NaN,NaN
5,NaN,NaN,NaN,NaN,NaN,NaN,NaN,NaN
6,NaN,NaN,NaN,NaN,NaN,NaN,NaN,NaN
7,NaN,NaN,NaN,NaN,NaN,NaN,NaN,NaN
8,NaN,NaN,NaN,NaN,NaN,NaN,NaN,NaN
9,NaN,NaN,NaN,NaN,NaN,NaN,NaN,NaN
10,NaN,NaN,NaN,NaN,NaN,NaN,NaN,NaN
11,NaN,NaN,NaN,NaN,NaN,NaN,NaN,NaN
1,NaN,NaN,NaN,NaN,NaN,NaN,NaN,NaN
2,NaN,NaN,NaN,NaN,NaN,NaN,NaN,NaN
3,NaN,NaN,NaN,NaN,NaN,NaN,NaN,NaN
4,NaN,NaN,NaN,NaN,NaN,NaN,NaN,NaN
5,NaN,NaN,NaN,NaN,NaN,NaN,NaN,NaN
6,NaN,NaN,NaN,NaN,NaN,NaN,NaN,NaN
7,NaN,NaN,NaN,NaN,NaN,NaN,NaN,NaN
8,NaN,NaN,NaN,NaN,NaN,NaN,NaN,NaN
9,NaN,NaN,NaN,NaN,NaN,NaN,NaN,NaN
10,NaN,NaN,NaN,NaN,NaN,NaN,NaN,NaN
11,NaN,NaN,NaN,NaN,NaN,NaN,NaN,NaN
1,NaN,NaN,NaN,NaN,NaN,NaN,NaN,NaN
2,NaN,NaN,NaN,NaN,NaN,NaN,NaN,NaN
3,NaN,NaN,NaN,NaN,NaN,NaN,NaN,NaN
4,NaN,NaN,NaN,NaN,NaN,NaN,NaN,NaN
5,NaN,NaN,NaN,NaN,NaN,NaN,NaN,NaN
6,NaN,NaN,NaN,NaN,NaN,NaN,NaN,NaN
7,NaN,NaN,NaN,NaN,NaN,NaN,NaN,NaN
8,NaN,NaN,NaN,NaN,NaN,NaN,NaN,NaN
9,NaN,NaN,NaN,NaN,NaN,NaN,NaN,NaN
10,NaN,NaN,NaN,NaN,NaN,NaN,NaN,NaN
11,NaN,NaN,NaN,NaN,NaN,NaN,NaN,NaN
1,NaN,NaN,NaN,NaN,NaN,NaN,NaN,NaN
2,NaN,NaN,NaN,NaN,NaN,NaN,NaN,NaN
3,NaN,NaN,NaN,NaN,NaN,NaN,NaN,NaN
4,NaN,NaN,NaN,NaN,NaN,NaN,NaN,NaN
5,NaN,NaN,NaN,NaN,NaN,NaN,NaN,NaN
6,NaN,NaN,NaN,NaN,NaN,NaN,NaN,NaN
7,NaN,NaN,NaN,NaN,NaN,NaN,NaN,NaN
8,NaN,NaN,NaN,NaN,NaN,NaN,NaN,NaN
9,NaN,NaN,NaN,NaN,NaN,NaN,NaN,NaN
10,NaN,NaN,NaN,NaN,NaN,NaN,NaN,NaN
11,NaN,NaN,NaN,NaN,NaN,NaN,NaN,NaN
1,NaN,NaN,NaN,NaN,NaN,NaN,NaN,NaN
2,NaN,NaN,NaN,NaN,NaN,NaN,NaN,NaN
3,NaN,NaN,NaN,NaN,NaN,NaN,NaN,NaN
4,NaN,NaN,NaN,NaN,NaN,NaN,NaN,NaN
5,NaN,NaN,NaN,NaN,NaN,NaN,NaN,NaN
6,NaN,NaN,NaN,NaN,NaN,NaN,NaN,NaN
7,NaN,NaN,NaN,NaN,NaN,NaN,NaN,NaN
8,NaN,NaN,NaN,NaN,NaN,NaN,NaN,NaN
9,NaN,NaN,NaN,NaN,NaN,NaN,NaN,NaN
10,NaN,NaN,NaN,NaN,NaN,NaN,NaN,NaN
11,NaN,NaN,NaN,NaN,NaN,NaN,NaN,NaN
1,NaN,NaN,NaN,NaN,NaN,NaN,NaN,NaN
2,NaN,NaN,NaN,NaN,NaN,NaN,NaN,NaN
3,NaN,NaN,NaN,NaN,NaN,NaN,NaN,NaN
4,NaN,NaN,NaN,NaN,NaN,NaN,NaN,NaN
5,NaN,NaN,NaN,NaN,NaN,NaN,NaN,NaN
6,NaN,NaN,NaN,NaN,NaN,NaN,NaN,NaN
7,NaN,NaN,NaN,NaN,NaN,NaN,NaN,NaN
8,NaN,NaN,NaN,NaN,NaN,NaN,NaN,NaN
9,NaN,NaN,NaN,NaN,NaN,NaN,NaN,NaN
10,NaN,NaN,NaN,NaN,NaN,NaN,NaN,NaN
11,NaN,NaN,NaN,NaN,NaN,NaN,NaN,NaN
1,NaN,NaN,NaN,NaN,NaN,NaN,NaN,NaN
2,NaN,NaN,NaN,NaN,NaN,NaN,NaN,NaN
3,NaN,NaN,NaN,NaN,NaN,NaN,NaN,NaN
4,NaN,NaN,NaN,NaN,NaN,NaN,NaN,NaN
5,NaN,NaN,NaN,NaN,NaN,NaN,NaN,NaN
6,NaN,NaN,NaN,NaN,NaN,NaN,NaN,NaN
7,NaN,NaN,NaN,NaN,NaN,NaN,NaN,NaN
8,NaN,NaN,NaN,NaN,NaN,NaN,NaN,NaN
9,NaN,NaN,NaN,NaN,NaN,NaN,NaN,NaN
10,NaN,NaN,NaN,NaN,NaN,NaN,NaN,NaN
11,NaN,NaN,NaN,NaN,NaN,NaN,NaN,NaN
1,NaN,NaN,NaN,NaN,NaN,NaN,NaN,NaN
2,NaN,NaN,NaN,NaN,NaN,NaN,NaN,NaN
3,NaN,NaN,NaN,NaN,NaN,NaN,NaN,NaN
4,NaN,NaN,NaN,NaN,NaN,NaN,NaN,NaN
5,NaN,NaN,NaN,NaN,NaN,NaN,NaN,NaN
6,NaN,NaN,NaN,NaN,NaN,NaN,NaN,NaN
7,NaN,NaN,NaN,NaN,NaN,NaN,NaN,NaN
8,NaN,NaN,NaN,NaN,NaN,NaN,NaN,NaN
9,NaN,NaN,NaN,NaN,NaN,NaN,NaN,NaN
10,NaN,NaN,NaN,NaN,NaN,NaN,NaN,NaN
11,NaN,NaN,NaN,NaN,NaN,NaN,NaN,NaN
1,NaN,NaN,NaN,NaN,NaN,NaN,NaN,NaN
2,NaN,NaN,NaN,NaN,NaN,NaN,NaN,NaN
3,NaN,NaN,NaN,NaN,NaN,NaN,NaN,NaN
4,NaN,NaN,NaN,NaN,NaN,NaN,NaN,NaN
5,NaN,NaN,NaN,NaN,NaN,NaN,NaN,NaN
6,NaN,NaN,NaN,NaN,NaN,NaN,NaN,NaN
7,NaN,NaN,NaN,NaN,NaN,NaN,NaN,NaN
8,NaN,NaN,NaN,NaN,NaN,NaN,NaN,NaN
9,NaN,NaN,NaN,NaN,NaN,NaN,NaN,NaN
10,NaN,NaN,NaN,NaN,NaN,NaN,NaN,NaN
11,NaN,NaN,NaN,NaN,NaN,NaN,NaN,NaN
1,NaN,NaN,NaN,NaN,NaN,NaN,NaN,NaN
2,NaN,NaN,NaN,NaN,NaN,NaN,NaN,NaN
3,NaN,NaN,NaN,NaN,NaN,NaN,NaN,NaN
4,NaN,NaN,NaN,NaN,NaN,NaN,NaN,NaN
5,NaN,NaN,NaN,NaN,NaN,NaN,NaN,NaN
6,NaN,NaN,NaN,NaN,NaN,NaN,NaN,NaN
7,NaN,NaN,NaN,NaN,NaN,NaN,NaN,NaN
8,NaN,NaN,NaN,NaN,NaN,NaN,NaN,NaN
9,NaN,NaN,NaN,NaN,NaN,NaN,NaN,NaN
10,NaN,NaN,NaN,NaN,NaN,NaN,NaN,NaN
11,NaN,NaN,NaN,NaN,NaN,NaN,NaN,NaN
1,NaN,NaN,NaN,NaN,NaN,NaN,NaN,NaN
2,NaN,NaN,NaN,NaN,NaN,NaN,NaN,NaN
3,NaN,NaN,NaN,NaN,NaN,NaN,NaN,NaN
4,NaN,NaN,NaN,NaN,NaN,NaN,NaN,NaN
5,NaN,NaN,NaN,NaN,NaN,NaN,NaN,NaN
6,NaN,NaN,NaN,NaN,NaN,NaN,NaN,NaN
7,NaN,NaN,NaN,NaN,NaN,NaN,NaN,NaN
8,NaN,NaN,NaN,NaN,NaN,NaN,NaN,NaN
9,NaN,NaN,NaN,NaN,NaN,NaN,NaN,NaN
10,NaN,NaN,NaN,NaN,NaN,NaN,NaN,NaN
11,NaN,NaN,NaN,NaN,NaN,NaN,NaN,NaN
1,NaN,NaN,NaN,NaN,NaN,NaN,NaN,NaN
2,NaN,NaN,NaN,NaN,NaN,NaN,NaN,NaN
3,NaN,NaN,NaN,NaN,NaN,NaN,NaN,NaN
4,NaN,NaN,NaN,NaN,NaN,NaN,NaN,NaN
5,NaN,NaN,NaN,NaN,NaN,NaN,NaN,NaN
6,NaN,NaN,NaN,NaN,NaN,NaN,NaN,NaN
7,NaN,NaN,NaN,NaN,NaN,NaN,NaN,NaN
8,NaN,NaN,NaN,NaN,NaN,NaN,NaN,NaN
9,NaN,NaN,NaN,NaN,NaN,NaN,NaN,NaN
10,NaN,NaN,NaN,NaN,NaN,NaN,NaN,NaN
11,NaN,NaN,NaN,NaN,NaN,NaN,NaN,NaN
1,NaN,NaN,NaN,NaN,NaN,NaN,NaN,NaN
2,NaN,NaN,NaN,NaN,NaN,NaN,NaN,NaN
3,NaN,NaN,NaN,NaN,NaN,NaN,NaN,NaN
4,NaN,NaN,NaN,NaN,NaN,NaN,NaN,NaN
5,NaN,NaN,NaN,NaN,NaN,NaN,NaN,NaN
6,NaN,NaN,NaN,NaN,NaN,NaN,NaN,NaN
7,NaN,NaN,NaN,NaN,NaN,NaN,NaN,NaN
8,NaN,NaN,NaN,NaN,NaN,NaN,NaN,NaN
9,NaN,NaN,NaN,NaN,NaN,NaN,NaN,NaN
10,NaN,NaN,NaN,NaN,NaN,NaN,NaN,NaN
11,NaN,NaN,NaN,NaN,NaN,NaN,NaN,NaN
1,NaN,NaN,NaN,NaN,NaN,NaN,NaN,NaN
2,NaN,NaN,NaN,NaN,NaN,NaN,NaN,NaN
3,NaN,NaN,NaN,NaN,NaN,NaN,NaN,NaN
4,NaN,NaN,NaN,NaN,NaN,NaN,NaN,NaN
5,NaN,NaN,NaN,NaN,NaN,NaN,NaN,NaN
6,NaN,NaN,NaN,NaN,NaN,NaN,NaN,NaN
7,NaN,NaN,NaN,NaN,NaN,NaN,NaN,NaN
8,NaN,NaN,NaN,NaN,NaN,NaN,NaN,NaN
9,NaN,NaN,NaN,NaN,NaN,NaN,NaN,NaN
10,NaN,NaN,NaN,NaN,NaN,NaN,NaN,NaN
11,NaN,NaN,NaN,NaN,NaN,NaN,NaN,NaN
1,NaN,NaN,NaN,NaN,NaN,NaN,NaN,NaN
2,NaN,NaN,NaN,NaN,NaN,NaN,NaN,NaN
3,NaN,NaN,NaN,NaN,NaN,NaN,NaN,NaN
4,NaN,NaN,NaN,NaN,NaN,NaN,NaN,NaN
5,NaN,NaN,NaN,NaN,NaN,NaN,NaN,NaN
6,NaN,NaN,NaN,NaN,NaN,NaN,NaN,NaN
7,NaN,NaN,NaN,NaN,NaN,NaN,NaN,NaN
8,NaN,NaN,NaN,NaN,NaN,NaN,NaN,NaN
9,NaN,NaN,NaN,NaN,NaN,NaN,NaN,NaN
10,NaN,NaN,NaN,NaN,NaN,NaN,NaN,NaN
11,NaN,NaN,NaN,NaN,NaN,NaN,NaN,NaN
1,NaN,NaN,NaN,NaN,NaN,NaN,NaN,NaN
2,NaN,NaN,NaN,NaN,NaN,NaN,NaN,NaN
3,NaN,NaN,NaN,NaN,NaN,NaN,NaN,NaN
4,NaN,NaN,NaN,NaN,NaN,NaN,NaN,NaN
5,NaN,NaN,NaN,NaN,NaN,NaN,NaN,NaN
6,NaN,NaN,NaN,NaN,NaN,NaN,NaN,NaN
7,NaN,NaN,NaN,NaN,NaN,NaN,NaN,NaN
8,NaN,NaN,NaN,NaN,NaN,NaN,NaN,NaN
9,NaN,NaN,NaN,NaN,NaN,NaN,NaN,NaN
10,NaN,NaN,NaN,NaN,NaN,NaN,NaN,NaN
11,NaN,NaN,NaN,NaN,NaN,NaN,NaN,NaN
1,NaN,NaN,NaN,NaN,NaN,NaN,NaN,NaN
2,NaN,NaN,NaN,NaN,NaN,NaN,NaN,NaN
3,NaN,NaN,NaN,NaN,NaN,NaN,NaN,NaN
4,NaN,NaN,NaN,NaN,NaN,NaN,NaN,NaN
5,NaN,NaN,NaN,NaN,NaN,NaN,NaN,NaN
6,NaN,NaN,NaN,NaN,NaN,NaN,NaN,NaN
7,NaN,NaN,NaN,NaN,NaN,NaN,NaN,NaN
8,NaN,NaN,NaN,NaN,NaN,NaN,NaN,NaN
9,NaN,NaN,NaN,NaN,NaN,NaN,NaN,NaN
10,NaN,NaN,NaN,NaN,NaN,NaN,NaN,NaN
11,NaN,NaN,NaN,NaN,NaN,NaN,NaN,NaN
1,NaN,NaN,NaN,NaN,NaN,NaN,NaN,NaN
2,NaN,NaN,NaN,NaN,NaN,NaN,NaN,NaN
3,NaN,NaN,NaN,NaN,NaN,NaN,NaN,NaN
4,NaN,NaN,NaN,NaN,NaN,NaN,NaN,NaN
5,NaN,NaN,NaN,NaN,NaN,NaN,NaN,NaN
6,NaN,NaN,NaN,NaN,NaN,NaN,NaN,NaN
7,NaN,NaN,NaN,NaN,NaN,NaN,NaN,NaN
8,NaN,NaN,NaN,NaN,NaN,NaN,NaN,NaN
9,NaN,NaN,NaN,NaN,NaN,NaN,NaN,NaN
10,NaN,NaN,NaN,NaN,NaN,NaN,NaN,NaN
11,NaN,NaN,NaN,NaN,NaN,NaN,NaN,NaN
1,NaN,NaN,NaN,NaN,NaN,NaN,NaN,NaN
2,NaN,NaN,NaN,NaN,NaN,NaN,NaN,NaN
3,NaN,NaN,NaN,NaN,NaN,NaN,NaN,NaN
4,NaN,NaN,NaN,NaN,NaN,NaN,NaN,NaN
5,NaN,NaN,NaN,NaN,NaN,NaN,NaN,NaN
6,NaN,NaN,NaN,NaN,NaN,NaN,NaN,NaN
7,NaN,NaN,NaN,NaN,NaN,NaN,NaN,NaN
8,NaN,NaN,NaN,NaN,NaN,NaN,NaN,NaN
9,NaN,NaN,NaN,NaN,NaN,NaN,NaN,NaN
10,NaN,NaN,NaN,NaN,NaN,NaN,NaN,NaN
11,NaN,NaN,NaN,NaN,NaN,NaN,NaN,NaN
1,NaN,NaN,NaN,NaN,NaN,NaN,NaN,NaN
2,NaN,NaN,NaN,NaN,NaN,NaN,NaN,NaN
3,NaN,NaN,NaN,NaN,NaN,NaN,NaN,NaN
4,NaN,NaN,NaN,NaN,NaN,NaN,NaN,NaN
5,NaN,NaN,NaN,NaN,NaN,NaN,NaN,NaN
6,NaN,NaN,NaN,NaN,NaN,NaN,NaN,NaN
7,NaN,NaN,NaN,NaN,NaN,NaN,NaN,NaN
8,NaN,NaN,NaN,NaN,NaN,NaN,NaN,NaN
9,NaN,NaN,NaN,NaN,NaN,NaN,NaN,NaN
10,NaN,NaN,NaN,NaN,NaN,NaN,NaN,NaN
11,NaN,NaN,NaN,NaN,NaN,NaN,NaN,NaN
1,NaN,NaN,NaN,NaN,NaN,NaN,NaN,NaN
2,NaN,NaN,NaN,NaN,NaN,NaN,NaN,NaN
3,NaN,NaN,NaN,NaN,NaN,NaN,NaN,NaN
4,NaN,NaN,NaN,NaN,NaN,NaN,NaN,NaN
5,NaN,NaN,NaN,NaN,NaN,NaN,NaN,NaN
6,NaN,NaN,NaN,NaN,NaN,NaN,NaN,NaN
7,NaN,NaN,NaN,NaN,NaN,NaN,NaN,NaN
8,NaN,NaN,NaN,NaN,NaN,NaN,NaN,NaN
9,NaN,NaN,NaN,NaN,NaN,NaN,NaN,NaN
10,NaN,NaN,NaN,NaN,NaN,NaN,NaN,NaN
11,NaN,NaN,NaN,NaN,NaN,NaN,NaN,NaN
1,NaN,NaN,NaN,NaN,NaN,NaN,NaN,NaN
2,NaN,NaN,NaN,NaN,NaN,NaN,NaN,NaN
3,NaN,NaN,NaN,NaN,NaN,NaN,NaN,NaN
4,NaN,NaN,NaN,NaN,NaN,NaN,NaN,NaN
5,NaN,NaN,NaN,NaN,NaN,NaN,NaN,NaN
6,NaN,NaN,NaN,NaN,NaN,NaN,NaN,NaN
7,NaN,NaN,NaN,NaN,NaN,NaN,NaN,NaN
8,NaN,NaN,NaN,NaN,NaN,NaN,NaN,NaN
9,NaN,NaN,NaN,NaN,NaN,NaN,NaN,NaN
10,NaN,NaN,NaN,NaN,NaN,NaN,NaN,NaN
11,NaN,NaN,NaN,NaN,NaN,NaN,NaN,NaN
1,NaN,NaN,NaN,NaN,NaN,NaN,NaN,NaN
2,NaN,NaN,NaN,NaN,NaN,NaN,NaN,NaN
3,NaN,NaN,NaN,NaN,NaN,NaN,NaN,NaN
4,NaN,NaN,NaN,NaN,NaN,NaN,NaN,NaN
5,NaN,NaN,NaN,NaN,NaN,NaN,NaN,NaN
6,NaN,NaN,NaN,NaN,NaN,NaN,NaN,NaN
7,NaN,NaN,NaN,NaN,NaN,NaN,NaN,NaN
8,NaN,NaN,NaN,NaN,NaN,NaN,NaN,NaN
9,NaN,NaN,NaN,NaN,NaN,NaN,NaN,NaN
10,NaN,NaN,NaN,NaN,NaN,NaN,NaN,NaN
11,NaN,NaN,NaN,NaN,NaN,NaN,NaN,NaN
1,NaN,NaN,NaN,NaN,NaN,NaN,NaN,NaN
2,NaN,NaN,NaN,NaN,NaN,NaN,NaN,NaN
3,NaN,NaN,NaN,NaN,NaN,NaN,NaN,NaN
4,NaN,NaN,NaN,NaN,NaN,NaN,NaN,NaN
5,NaN,NaN,NaN,NaN,NaN,NaN,NaN,NaN
6,NaN,NaN,NaN,NaN,NaN,NaN,NaN,NaN
7,NaN,NaN,NaN,NaN,NaN,NaN,NaN,NaN
8,NaN,NaN,NaN,NaN,NaN,NaN,NaN,NaN
9,NaN,NaN,NaN,NaN,NaN,NaN,NaN,NaN
10,NaN,NaN,NaN,NaN,NaN,NaN,NaN,NaN
11,NaN,NaN,NaN,NaN,NaN,NaN,NaN,NaN
1,NaN,NaN,NaN,NaN,NaN,NaN,NaN,NaN
2,NaN,NaN,NaN,NaN,NaN,NaN,NaN,NaN
3,NaN,NaN,NaN,NaN,NaN,NaN,NaN,NaN
4,NaN,NaN,NaN,NaN,NaN,NaN,NaN,NaN
5,NaN,NaN,NaN,NaN,NaN,NaN,NaN,NaN
6,NaN,NaN,NaN,NaN,NaN,NaN,NaN,NaN
7,NaN,NaN,NaN,NaN,NaN,NaN,NaN,NaN
8,NaN,NaN,NaN,NaN,NaN,NaN,NaN,NaN
9,NaN,NaN,NaN,NaN,NaN,NaN,NaN,NaN
10,NaN,NaN,NaN,NaN,NaN,NaN,NaN,NaN
11,NaN,NaN,NaN,NaN,NaN,NaN,NaN,NaN
1,NaN,NaN,NaN,NaN,NaN,NaN,NaN,NaN
2,NaN,NaN,NaN,NaN,NaN,NaN,NaN,NaN
3,NaN,NaN,NaN,NaN,NaN,NaN,NaN,NaN
4,NaN,NaN,NaN,NaN,NaN,NaN,NaN,NaN
5,NaN,NaN,NaN,NaN,NaN,NaN,NaN,NaN
6,NaN,NaN,NaN,NaN,NaN,NaN,NaN,NaN
7,NaN,NaN,NaN,NaN,NaN,NaN,NaN,NaN
8,NaN,NaN,NaN,NaN,NaN,NaN,NaN,NaN
9,NaN,NaN,NaN,NaN,NaN,NaN,NaN,NaN
10,NaN,NaN,NaN,NaN,NaN,NaN,NaN,NaN
11,NaN,NaN,NaN,NaN,NaN,NaN,NaN,NaN
1,NaN,NaN,NaN,NaN,NaN,NaN,NaN,NaN
2,NaN,NaN,NaN,NaN,NaN,NaN,NaN,NaN
3,NaN,NaN,NaN,NaN,NaN,NaN,NaN,NaN
4,NaN,NaN,NaN,NaN,NaN,NaN,NaN,NaN
5,NaN,NaN,NaN,NaN,NaN,NaN,NaN,NaN
6,NaN,NaN,NaN,NaN,NaN,NaN,NaN,NaN
7,NaN,NaN,NaN,NaN,NaN,NaN,NaN,NaN
8,NaN,NaN,NaN,NaN,NaN,NaN,NaN,NaN
9,NaN,NaN,NaN,NaN,NaN,NaN,NaN,NaN
10,NaN,NaN,NaN,NaN,NaN,NaN,NaN,NaN
11,NaN,NaN,NaN,NaN,NaN,NaN,NaN,NaN
1,NaN,NaN,NaN,NaN,NaN,NaN,NaN,NaN
2,NaN,NaN,NaN,NaN,NaN,NaN,NaN,NaN
3,NaN,NaN,NaN,NaN,NaN,NaN,NaN,NaN
4,NaN,NaN,NaN,NaN,NaN,NaN,NaN,NaN
5,NaN,NaN,NaN,NaN,NaN,NaN,NaN,NaN
6,NaN,NaN,NaN,NaN,NaN,NaN,NaN,NaN
7,NaN,NaN,NaN,NaN,NaN,NaN,NaN,NaN
8,NaN,NaN,NaN,NaN,NaN,NaN,NaN,NaN
9,NaN,NaN,NaN,NaN,NaN,NaN,NaN,NaN
10,NaN,NaN,NaN,NaN,NaN,NaN,NaN,NaN
11,NaN,NaN,NaN,NaN,NaN,NaN,NaN,NaN
1,NaN,NaN,NaN,NaN,NaN,NaN,NaN,NaN
2,NaN,NaN,NaN,NaN,NaN,NaN,NaN,NaN
3,NaN,NaN,NaN,NaN,NaN,NaN,NaN,NaN
4,NaN,NaN,NaN,NaN,NaN,NaN,NaN,NaN
5,NaN,NaN,NaN,NaN,NaN,NaN,NaN,NaN
6,NaN,NaN,NaN,NaN,NaN,NaN,NaN,NaN
7,NaN,NaN,NaN,NaN,NaN,NaN,NaN,NaN
8,NaN,NaN,NaN,NaN,NaN,NaN,NaN,NaN
9,NaN,NaN,NaN,NaN,NaN,NaN,NaN,NaN
10,NaN,NaN,NaN,NaN,NaN,NaN,NaN,NaN
11,NaN,NaN,NaN,NaN,NaN,NaN,NaN,NaN
1,NaN,NaN,NaN,NaN,NaN,NaN,NaN,NaN
2,NaN,NaN,NaN,NaN,NaN,NaN,NaN,NaN
3,NaN,NaN,NaN,NaN,NaN,NaN,NaN,NaN
4,NaN,NaN,NaN,NaN,NaN,NaN,NaN,NaN
5,NaN,NaN,NaN,NaN,NaN,NaN,NaN,NaN
6,NaN,NaN,NaN,NaN,NaN,NaN,NaN,NaN
7,NaN,NaN,NaN,NaN,NaN,NaN,NaN,NaN
8,NaN,NaN,NaN,NaN,NaN,NaN,NaN,NaN
9,NaN,NaN,NaN,NaN,NaN,NaN,NaN,NaN
10,NaN,NaN,NaN,NaN,NaN,NaN,NaN,NaN
11,NaN,NaN,NaN,NaN,NaN,NaN,NaN,NaN
1,NaN,NaN,NaN,NaN,NaN,NaN,NaN,NaN
2,NaN,NaN,NaN,NaN,NaN,NaN,NaN,NaN
3,NaN,NaN,NaN,NaN,NaN,NaN,NaN,NaN
4,NaN,NaN,NaN,NaN,NaN,NaN,NaN,NaN
5,NaN,NaN,NaN,NaN,NaN,NaN,NaN,NaN
6,NaN,NaN,NaN,NaN,NaN,NaN,NaN,NaN
7,NaN,NaN,NaN,NaN,NaN,NaN,NaN,NaN
8,NaN,NaN,NaN,NaN,NaN,NaN,NaN,NaN
9,NaN,NaN,NaN,NaN,NaN,NaN,NaN,NaN
10,NaN,NaN,NaN,NaN,NaN,NaN,NaN,NaN
11,NaN,NaN,NaN,NaN,NaN,NaN,NaN,NaN
1,NaN,NaN,NaN,NaN,NaN,NaN,NaN,NaN
2,NaN,NaN,NaN,NaN,NaN,NaN,NaN,NaN
3,NaN,NaN,NaN,NaN,NaN,NaN,NaN,NaN
4,NaN,NaN,NaN,NaN,NaN,NaN,NaN,NaN
5,NaN,NaN,NaN,NaN,NaN,NaN,NaN,NaN
6,NaN,NaN,NaN,NaN,NaN,NaN,NaN,NaN
7,NaN,NaN,NaN,NaN,NaN,NaN,NaN,NaN
8,NaN,NaN,NaN,NaN,NaN,NaN,NaN,NaN
9,NaN,NaN,NaN,NaN,NaN,NaN,NaN,NaN
10,NaN,NaN,NaN,NaN,NaN,NaN,NaN,NaN
11,NaN,NaN,NaN,NaN,NaN,NaN,NaN,NaN
1,NaN,NaN,NaN,NaN,NaN,NaN,NaN,NaN
2,NaN,NaN,NaN,NaN,NaN,NaN,NaN,NaN
3,NaN,NaN,NaN,NaN,NaN,NaN,NaN,NaN
4,NaN,NaN,NaN,NaN,NaN,NaN,NaN,NaN
5,NaN,NaN,NaN,NaN,NaN,NaN,NaN,NaN
6,NaN,NaN,NaN,NaN,NaN,NaN,NaN,NaN
7,NaN,NaN,NaN,NaN,NaN,NaN,NaN,NaN
8,NaN,NaN,NaN,NaN,NaN,NaN,NaN,NaN
9,NaN,NaN,NaN,NaN,NaN,NaN,NaN,NaN
10,NaN,NaN,NaN,NaN,NaN,NaN,NaN,NaN
11,NaN,NaN,NaN,NaN,NaN,NaN,NaN,NaN
1,NaN,NaN,NaN,NaN,NaN,NaN,NaN,NaN
2,NaN,NaN,NaN,NaN,NaN,NaN,NaN,NaN
3,NaN,NaN,NaN,NaN,NaN,NaN,NaN,NaN
4,NaN,NaN,NaN,NaN,NaN,NaN,NaN,NaN
5,NaN,NaN,NaN,NaN,NaN,NaN,NaN,NaN
6,NaN,NaN,NaN,NaN,NaN,NaN,NaN,NaN
7,NaN,NaN,NaN,NaN,NaN,NaN,NaN,NaN
8,NaN,NaN,NaN,NaN,NaN,NaN,NaN,NaN
9,NaN,NaN,NaN,NaN,NaN,NaN,NaN,NaN
10,NaN,NaN,NaN,NaN,NaN,NaN,NaN,NaN
11,NaN,NaN,NaN,NaN,NaN,NaN,NaN,NaN
1,NaN,NaN,NaN,NaN,NaN,NaN,NaN,NaN
2,NaN,NaN,NaN,NaN,NaN,NaN,NaN,NaN
3,NaN,NaN,NaN,NaN,NaN,NaN,NaN,NaN
4,NaN,NaN,NaN,NaN,NaN,NaN,NaN,NaN
5,NaN,NaN,NaN,NaN,NaN,NaN,NaN,NaN
6,NaN,NaN,NaN,NaN,NaN,NaN,NaN,NaN
7,NaN,NaN,NaN,NaN,NaN,NaN,NaN,NaN
8,NaN,NaN,NaN,NaN,NaN,NaN,NaN,NaN
9,NaN,NaN,NaN,NaN,NaN,NaN,NaN,NaN
10,NaN,NaN,NaN,NaN,NaN,NaN,NaN,NaN
11,NaN,NaN,NaN,NaN,NaN,NaN,NaN,NaN
1,NaN,NaN,NaN,NaN,NaN,NaN,NaN,NaN
2,NaN,NaN,NaN,NaN,NaN,NaN,NaN,NaN
3,NaN,NaN,NaN,NaN,NaN,NaN,NaN,NaN
4,NaN,NaN,NaN,NaN,NaN,NaN,NaN,NaN
5,NaN,NaN,NaN,NaN,NaN,NaN,NaN,NaN
6,NaN,NaN,NaN,NaN,NaN,NaN,NaN,NaN
7,NaN,NaN,NaN,NaN,NaN,NaN,NaN,NaN
8,NaN,NaN,NaN,NaN,NaN,NaN,NaN,NaN
9,NaN,NaN,NaN,NaN,NaN,NaN,NaN,NaN
10,NaN,NaN,NaN,NaN,NaN,NaN,NaN,NaN
11,NaN,NaN,NaN,NaN,NaN,NaN,NaN,NaN
1,NaN,NaN,NaN,NaN,NaN,NaN,NaN,NaN
2,NaN,NaN,NaN,NaN,NaN,NaN,NaN,NaN
3,NaN,NaN,NaN,NaN,NaN,NaN,NaN,NaN
4,NaN,NaN,NaN,NaN,NaN,NaN,NaN,NaN
5,NaN,NaN,NaN,NaN,NaN,NaN,NaN,NaN
6,NaN,NaN,NaN,NaN,NaN,NaN,NaN,NaN
7,NaN,NaN,NaN,NaN,NaN,NaN,NaN,NaN
8,NaN,NaN,NaN,NaN,NaN,NaN,NaN,NaN
9,NaN,NaN,NaN,NaN,NaN,NaN,NaN,NaN
10,NaN,NaN,NaN,NaN,NaN,NaN,NaN,NaN
11,NaN,NaN,NaN,NaN,NaN,NaN,NaN,NaN
1,NaN,NaN,NaN,NaN,NaN,NaN,NaN,NaN
2,NaN,NaN,NaN,NaN,NaN,NaN,NaN,NaN
3,NaN,NaN,NaN,NaN,NaN,NaN,NaN,NaN
4,NaN,NaN,NaN,NaN,NaN,NaN,NaN,NaN
5,NaN,NaN,NaN,NaN,NaN,NaN,NaN,NaN
6,NaN,NaN,NaN,NaN,NaN,NaN,NaN,NaN
7,NaN,NaN,NaN,NaN,NaN,NaN,NaN,NaN
8,NaN,NaN,NaN,NaN,NaN,NaN,NaN,NaN
9,NaN,NaN,NaN,NaN,NaN,NaN,NaN,NaN
10,NaN,NaN,NaN,NaN,NaN,NaN,NaN,NaN
11,NaN,NaN,NaN,NaN,NaN,NaN,NaN,NaN
1,NaN,NaN,NaN,NaN,NaN,NaN,NaN,NaN
2,NaN,NaN,NaN,NaN,NaN,NaN,NaN,NaN
3,NaN,NaN,NaN,NaN,NaN,NaN,NaN,NaN
4,NaN,NaN,NaN,NaN,NaN,NaN,NaN,NaN
5,NaN,NaN,NaN,NaN,NaN,NaN,NaN,NaN
6,NaN,NaN,NaN,NaN,NaN,NaN,NaN,NaN
7,NaN,NaN,NaN,NaN,NaN,NaN,NaN,NaN
8,NaN,NaN,NaN,NaN,NaN,NaN,NaN,NaN
9,NaN,NaN,NaN,NaN,NaN,NaN,NaN,NaN
10,NaN,NaN,NaN,NaN,NaN,NaN,NaN,NaN
11,NaN,NaN,NaN,NaN,NaN,NaN,NaN,NaN
1,NaN,NaN,NaN,NaN,NaN,NaN,NaN,NaN
2,NaN,NaN,NaN,NaN,NaN,NaN,NaN,NaN
3,NaN,NaN,NaN,NaN,NaN,NaN,NaN,NaN
4,NaN,NaN,NaN,NaN,NaN,NaN,NaN,NaN
5,NaN,NaN,NaN,NaN,NaN,NaN,NaN,NaN
6,NaN,NaN,NaN,NaN,NaN,NaN,NaN,NaN
7,NaN,NaN,NaN,NaN,NaN,NaN,NaN,NaN
8,NaN,NaN,NaN,NaN,NaN,NaN,NaN,NaN
9,NaN,NaN,NaN,NaN,NaN,NaN,NaN,NaN
10,NaN,NaN,NaN,NaN,NaN,NaN,NaN,NaN
11,NaN,NaN,NaN,NaN,NaN,NaN,NaN,NaN
1,NaN,NaN,NaN,NaN,NaN,NaN,NaN,NaN
2,NaN,NaN,NaN,NaN,NaN,NaN,NaN,NaN
3,NaN,NaN,NaN,NaN,NaN,NaN,NaN,NaN
4,NaN,NaN,NaN,NaN,NaN,NaN,NaN,NaN
5,NaN,NaN,NaN,NaN,NaN,NaN,NaN,NaN
6,NaN,NaN,NaN,NaN,NaN,NaN,NaN,NaN
7,NaN,NaN,NaN,NaN,NaN,NaN,NaN,NaN
8,NaN,NaN,NaN,NaN,NaN,NaN,NaN,NaN
9,NaN,NaN,NaN,NaN,NaN,NaN,NaN,NaN
10,NaN,NaN,NaN,NaN,NaN,NaN,NaN,NaN
11,NaN,NaN,NaN,NaN,NaN,NaN,NaN,NaN
1,NaN,NaN,NaN,NaN,NaN,NaN,NaN,NaN
2,NaN,NaN,NaN,NaN,NaN,NaN,NaN,NaN
3,NaN,NaN,NaN,NaN,NaN,NaN,NaN,NaN
4,NaN,NaN,NaN,NaN,NaN,NaN,NaN,NaN
5,NaN,NaN,NaN,NaN,NaN,NaN,NaN,NaN
6,NaN,NaN,NaN,NaN,NaN,NaN,NaN,NaN
7,NaN,NaN,NaN,NaN,NaN,NaN,NaN,NaN
8,NaN,NaN,NaN,NaN,NaN,NaN,NaN,NaN
9,NaN,NaN,NaN,NaN,NaN,NaN,NaN,NaN
10,NaN,NaN,NaN,NaN,NaN,NaN,NaN,NaN
11,NaN,NaN,NaN,NaN,NaN,NaN,NaN,NaN
1,NaN,NaN,NaN,NaN,NaN,NaN,NaN,NaN
2,NaN,NaN,NaN,NaN,NaN,NaN,NaN,NaN
3,NaN,NaN,NaN,NaN,NaN,NaN,NaN,NaN
4,NaN,NaN,NaN,NaN,NaN,NaN,NaN,NaN
5,NaN,NaN,NaN,NaN,NaN,NaN,NaN,NaN
6,NaN,NaN,NaN,NaN,NaN,NaN,NaN,NaN
7,NaN,NaN,NaN,NaN,NaN,NaN,NaN,NaN
8,NaN,NaN,NaN,NaN,NaN,NaN,NaN,NaN
9,NaN,NaN,NaN,NaN,NaN,NaN,NaN,NaN
10,NaN,NaN,NaN,NaN,NaN,NaN,NaN,NaN
11,NaN,NaN,NaN,NaN,NaN,NaN,NaN,NaN
1,NaN,NaN,NaN,NaN,NaN,NaN,NaN,NaN
2,NaN,NaN,NaN,NaN,NaN,NaN,NaN,NaN
3,NaN,NaN,NaN,NaN,NaN,NaN,NaN,NaN
4,NaN,NaN,NaN,NaN,NaN,NaN,NaN,NaN
5,NaN,NaN,NaN,NaN,NaN,NaN,NaN,NaN
6,NaN,NaN,NaN,NaN,NaN,NaN,NaN,NaN
7,NaN,NaN,NaN,NaN,NaN,NaN,NaN,NaN
8,NaN,NaN,NaN,NaN,NaN,NaN,NaN,NaN
9,NaN,NaN,NaN,NaN,NaN,NaN,NaN,NaN
10,NaN,NaN,NaN,NaN,NaN,NaN,NaN,NaN
11,NaN,NaN,NaN,NaN,NaN,NaN,NaN,NaN
1,NaN,NaN,NaN,NaN,NaN,NaN,NaN,NaN
2,NaN,NaN,NaN,NaN,NaN,NaN,NaN,NaN
3,NaN,NaN,NaN,NaN,NaN,NaN,NaN,NaN
4,NaN,NaN,NaN,NaN,NaN,NaN,NaN,NaN
5,NaN,NaN,NaN,NaN,NaN,NaN,NaN,NaN
6,NaN,NaN,NaN,NaN,NaN,NaN,NaN,NaN
7,NaN,NaN,NaN,NaN,NaN,NaN,NaN,NaN
8,NaN,NaN,NaN,NaN,NaN,NaN,NaN,NaN
9,NaN,NaN,NaN,NaN,NaN,NaN,NaN,NaN
10,NaN,NaN,NaN,NaN,NaN,NaN,NaN,NaN
11,NaN,NaN,NaN,NaN,NaN,NaN,NaN,NaN
1,NaN,NaN,NaN,NaN,NaN,NaN,NaN,NaN
2,NaN,NaN,NaN,NaN,NaN,NaN,NaN,NaN
3,NaN,NaN,NaN,NaN,NaN,NaN,NaN,NaN
4,NaN,NaN,NaN,NaN,NaN,NaN,NaN,NaN
5,NaN,NaN,NaN,NaN,NaN,NaN,NaN,NaN
6,NaN,NaN,NaN,NaN,NaN,NaN,NaN,NaN
7,NaN,NaN,NaN,NaN,NaN,NaN,NaN,NaN
8,NaN,NaN,NaN,NaN,NaN,NaN,NaN,NaN
9,NaN,NaN,NaN,NaN,NaN,NaN,NaN,NaN
10,NaN,NaN,NaN,NaN,NaN,NaN,NaN,NaN
11,NaN,NaN,NaN,NaN,NaN,NaN,NaN,NaN
1,NaN,NaN,NaN,NaN,NaN,NaN,NaN,NaN
2,NaN,NaN,NaN,NaN,NaN,NaN,NaN,NaN
3,NaN,NaN,NaN,NaN,NaN,NaN,NaN,NaN
4,NaN,NaN,NaN,NaN,NaN,NaN,NaN,NaN
5,NaN,NaN,NaN,NaN,NaN,NaN,NaN,NaN
6,NaN,NaN,NaN,NaN,NaN,NaN,NaN,NaN
7,NaN,NaN,NaN,NaN,NaN,NaN,NaN,NaN
8,NaN,NaN,NaN,NaN,NaN,NaN,NaN,NaN
9,NaN,NaN,NaN,NaN,NaN,NaN,NaN,NaN
10,NaN,NaN,NaN,NaN,NaN,NaN,NaN,NaN
11,NaN,NaN,NaN,NaN,NaN,NaN,NaN,NaN
1,NaN,NaN,NaN,NaN,NaN,NaN,NaN,NaN
2,NaN,NaN,NaN,NaN,NaN,NaN,NaN,NaN
3,NaN,NaN,NaN,NaN,NaN,NaN,NaN,NaN
4,NaN,NaN,NaN,NaN,NaN,NaN,NaN,NaN
5,NaN,NaN,NaN,NaN,NaN,NaN,NaN,NaN
6,NaN,NaN,NaN,NaN,NaN,NaN,NaN,NaN
7,NaN,NaN,NaN,NaN,NaN,NaN,NaN,NaN
8,NaN,NaN,NaN,NaN,NaN,NaN,NaN,NaN
9,NaN,NaN,NaN,NaN,NaN,NaN,NaN,NaN
10,NaN,NaN,NaN,NaN,NaN,NaN,NaN,NaN
11,NaN,NaN,NaN,NaN,NaN,NaN,NaN,NaN
1,NaN,NaN,NaN,NaN,NaN,NaN,NaN,NaN
2,NaN,NaN,NaN,NaN,NaN,NaN,NaN,NaN
3,NaN,NaN,NaN,NaN,NaN,NaN,NaN,NaN
4,NaN,NaN,NaN,NaN,NaN,NaN,NaN,NaN
5,NaN,NaN,NaN,NaN,NaN,NaN,NaN,NaN
6,NaN,NaN,NaN,NaN,NaN,NaN,NaN,NaN
7,NaN,NaN,NaN,NaN,NaN,NaN,NaN,NaN
8,NaN,NaN,NaN,NaN,NaN,NaN,NaN,NaN
9,NaN,NaN,NaN,NaN,NaN,NaN,NaN,NaN
10,NaN,NaN,NaN,NaN,NaN,NaN,NaN,NaN
11,NaN,NaN,NaN,NaN,NaN,NaN,NaN,NaN
1,NaN,NaN,NaN,NaN,NaN,NaN,NaN,NaN
2,NaN,NaN,NaN,NaN,NaN,NaN,NaN,NaN
3,NaN,NaN,NaN,NaN,NaN,NaN,NaN,NaN
4,NaN,NaN,NaN,NaN,NaN,NaN,NaN,NaN
5,NaN,NaN,NaN,NaN,NaN,NaN,NaN,NaN
6,NaN,NaN,NaN,NaN,NaN,NaN,NaN,NaN
7,NaN,NaN,NaN,NaN,NaN,NaN,NaN,NaN
8,NaN,NaN,NaN,NaN,NaN,NaN,NaN,NaN
9,NaN,NaN,NaN,NaN,NaN,NaN,NaN,NaN
10,NaN,NaN,NaN,NaN,NaN,NaN,NaN,NaN
11,NaN,NaN,NaN,NaN,NaN,NaN,NaN,NaN
1,NaN,NaN,NaN,NaN,NaN,NaN,NaN,NaN
2,NaN,NaN,NaN,NaN,NaN,NaN,NaN,NaN
3,NaN,NaN,NaN,NaN,NaN,NaN,NaN,NaN
4,NaN,NaN,NaN,NaN,NaN,NaN,NaN,NaN
5,NaN,NaN,NaN,NaN,NaN,NaN,NaN,NaN
6,NaN,NaN,NaN,NaN,NaN,NaN,NaN,NaN
7,NaN,NaN,NaN,NaN,NaN,NaN,NaN,NaN
8,NaN,NaN,NaN,NaN,NaN,NaN,NaN,NaN
9,NaN,NaN,NaN,NaN,NaN,NaN,NaN,NaN
10,NaN,NaN,NaN,NaN,NaN,NaN,NaN,NaN
11,NaN,NaN,NaN,NaN,NaN,NaN,NaN,NaN
1,NaN,NaN,NaN,NaN,NaN,NaN,NaN,NaN
2,NaN,NaN,NaN,NaN,NaN,NaN,NaN,NaN
3,NaN,NaN,NaN,NaN,NaN,NaN,NaN,NaN
4,NaN,NaN,NaN,NaN,NaN,NaN,NaN,NaN
5,NaN,NaN,NaN,NaN,NaN,NaN,NaN,NaN
6,NaN,NaN,NaN,NaN,NaN,NaN,NaN,NaN
7,NaN,NaN,NaN,NaN,NaN,NaN,NaN,NaN
8,NaN,NaN,NaN,NaN,NaN,NaN,NaN,NaN
9,NaN,NaN,NaN,NaN,NaN,NaN,NaN,NaN
10,NaN,NaN,NaN,NaN,NaN,NaN,NaN,NaN
11,NaN,NaN,NaN,NaN,NaN,NaN,NaN,NaN
1,NaN,NaN,NaN,NaN,NaN,NaN,NaN,NaN
2,NaN,NaN,NaN,NaN,NaN,NaN,NaN,NaN
3,NaN,NaN,NaN,NaN,NaN,NaN,NaN,NaN
4,NaN,NaN,NaN,NaN,NaN,NaN,NaN,NaN
5,NaN,NaN,NaN,NaN,NaN,NaN,NaN,NaN
6,NaN,NaN,NaN,NaN,NaN,NaN,NaN,NaN
7,NaN,NaN,NaN,NaN,NaN,NaN,NaN,NaN
8,NaN,NaN,NaN,NaN,NaN,NaN,NaN,NaN
9,NaN,NaN,NaN,NaN,NaN,NaN,NaN,NaN
10,NaN,NaN,NaN,NaN,NaN,NaN,NaN,NaN
11,NaN,NaN,NaN,NaN,NaN,NaN,NaN,NaN
1,NaN,NaN,NaN,NaN,NaN,NaN,NaN,NaN
2,NaN,NaN,NaN,NaN,NaN,NaN,NaN,NaN
3,NaN,NaN,NaN,NaN,NaN,NaN,NaN,NaN
4,NaN,NaN,NaN,NaN,NaN,NaN,NaN,NaN
5,NaN,NaN,NaN,NaN,NaN,NaN,NaN,NaN
6,NaN,NaN,NaN,NaN,NaN,NaN,NaN,NaN
7,NaN,NaN,NaN,NaN,NaN,NaN,NaN,NaN
8,NaN,NaN,NaN,NaN,NaN,NaN,NaN,NaN
9,NaN,NaN,NaN,NaN,NaN,NaN,NaN,NaN
10,NaN,NaN,NaN,NaN,NaN,NaN,NaN,NaN
11,NaN,NaN,NaN,NaN,NaN,NaN,NaN,NaN
1,NaN,NaN,NaN,NaN,NaN,NaN,NaN,NaN
2,NaN,NaN,NaN,NaN,NaN,NaN,NaN,NaN
3,NaN,NaN,NaN,NaN,NaN,NaN,NaN,NaN
4,NaN,NaN,NaN,NaN,NaN,NaN,NaN,NaN
5,NaN,NaN,NaN,NaN,NaN,NaN,NaN,NaN
6,NaN,NaN,NaN,NaN,NaN,NaN,NaN,NaN
7,NaN,NaN,NaN,NaN,NaN,NaN,NaN,NaN
8,NaN,NaN,NaN,NaN,NaN,NaN,NaN,NaN
9,NaN,NaN,NaN,NaN,NaN,NaN,NaN,NaN
10,NaN,NaN,NaN,NaN,NaN,NaN,NaN,NaN
11,NaN,NaN,NaN,NaN,NaN,NaN,NaN,NaN
1,NaN,NaN,NaN,NaN,NaN,NaN,NaN,NaN
2,NaN,NaN,NaN,NaN,NaN,NaN,NaN,NaN
3,NaN,NaN,NaN,NaN,NaN,NaN,NaN,NaN
4,NaN,NaN,NaN,NaN,NaN,NaN,NaN,NaN
5,NaN,NaN,NaN,NaN,NaN,NaN,NaN,NaN
6,NaN,NaN,NaN,NaN,NaN,NaN,NaN,NaN
7,NaN,NaN,NaN,NaN,NaN,NaN,NaN,NaN
8,NaN,NaN,NaN,NaN,NaN,NaN,NaN,NaN
9,NaN,NaN,NaN,NaN,NaN,NaN,NaN,NaN
10,NaN,NaN,NaN,NaN,NaN,NaN,NaN,NaN
11,NaN,NaN,NaN,NaN,NaN,NaN,NaN,NaN
1,NaN,NaN,NaN,NaN,NaN,NaN,NaN,NaN
2,NaN,NaN,NaN,NaN,NaN,NaN,NaN,NaN
3,NaN,NaN,NaN,NaN,NaN,NaN,NaN,NaN
4,NaN,NaN,NaN,NaN,NaN,NaN,NaN,NaN
5,NaN,NaN,NaN,NaN,NaN,NaN,NaN,NaN
6,NaN,NaN,NaN,NaN,NaN,NaN,NaN,NaN
7,NaN,NaN,NaN,NaN,NaN,NaN,NaN,NaN
8,NaN,NaN,NaN,NaN,NaN,NaN,NaN,NaN
9,NaN,NaN,NaN,NaN,NaN,NaN,NaN,NaN
10,NaN,NaN,NaN,NaN,NaN,NaN,NaN,NaN
11,NaN,NaN,NaN,NaN,NaN,NaN,NaN,NaN
1,NaN,NaN,NaN,NaN,NaN,NaN,NaN,NaN
2,NaN,NaN,NaN,NaN,NaN,NaN,NaN,NaN
3,NaN,NaN,NaN,NaN,NaN,NaN,NaN,NaN
4,NaN,NaN,NaN,NaN,NaN,NaN,NaN,NaN
5,NaN,NaN,NaN,NaN,NaN,NaN,NaN,NaN
6,NaN,NaN,NaN,NaN,NaN,NaN,NaN,NaN
7,NaN,NaN,NaN,NaN,NaN,NaN,NaN,NaN
8,NaN,NaN,NaN,NaN,NaN,NaN,NaN,NaN
9,NaN,NaN,NaN,NaN,NaN,NaN,NaN,NaN
10,NaN,NaN,NaN,NaN,NaN,NaN,NaN,NaN
11,NaN,NaN,NaN,NaN,NaN,NaN,NaN,NaN
1,NaN,NaN,NaN,NaN,NaN,NaN,NaN,NaN
2,NaN,NaN,NaN,NaN,NaN,NaN,NaN,NaN
3,NaN,NaN,NaN,NaN,NaN,NaN,NaN,NaN
4,NaN,NaN,NaN,NaN,NaN,NaN,NaN,NaN
5,NaN,NaN,NaN,NaN,NaN,NaN,NaN,NaN
6,NaN,NaN,NaN,NaN,NaN,NaN,NaN,NaN
7,NaN,NaN,NaN,NaN,NaN,NaN,NaN,NaN
8,NaN,NaN,NaN,NaN,NaN,NaN,NaN,NaN
9,NaN,NaN,NaN,NaN,NaN,NaN,NaN,NaN
10,NaN,NaN,NaN,NaN,NaN,NaN,NaN,NaN
11,NaN,NaN,NaN,NaN,NaN,NaN,NaN,NaN
1,NaN,NaN,NaN,NaN,NaN,NaN,NaN,NaN
2,NaN,NaN,NaN,NaN,NaN,NaN,NaN,NaN
3,NaN,NaN,NaN,NaN,NaN,NaN,NaN,NaN
4,NaN,NaN,NaN,NaN,NaN,NaN,NaN,NaN
5,NaN,NaN,NaN,NaN,NaN,NaN,NaN,NaN
6,NaN,NaN,NaN,NaN,NaN,NaN,NaN,NaN
7,NaN,NaN,NaN,NaN,NaN,NaN,NaN,NaN
8,NaN,NaN,NaN,NaN,NaN,NaN,NaN,NaN
9,NaN,NaN,NaN,NaN,NaN,NaN,NaN,NaN
10,NaN,NaN,NaN,NaN,NaN,NaN,NaN,NaN
11,NaN,NaN,NaN,NaN,NaN,NaN,NaN,NaN
1,NaN,NaN,NaN,NaN,NaN,NaN,NaN,NaN
2,NaN,NaN,NaN,NaN,NaN,NaN,NaN,NaN
3,NaN,NaN,NaN,NaN,NaN,NaN,NaN,NaN
4,NaN,NaN,NaN,NaN,NaN,NaN,NaN,NaN
5,NaN,NaN,NaN,NaN,NaN,NaN,NaN,NaN
6,NaN,NaN,NaN,NaN,NaN,NaN,NaN,NaN
7,NaN,NaN,NaN,NaN,NaN,NaN,NaN,NaN
8,NaN,NaN,NaN,NaN,NaN,NaN,NaN,NaN
9,NaN,NaN,NaN,NaN,NaN,NaN,NaN,NaN
10,NaN,NaN,NaN,NaN,NaN,NaN,NaN,NaN
11,NaN,NaN,NaN,NaN,NaN,NaN,NaN,NaN
1,NaN,NaN,NaN,NaN,NaN,NaN,NaN,NaN
2,NaN,NaN,NaN,NaN,NaN,NaN,NaN,NaN
3,NaN,NaN,NaN,NaN,NaN,NaN,NaN,NaN
4,NaN,NaN,NaN,NaN,NaN,NaN,NaN,NaN
5,NaN,NaN,NaN,NaN,NaN,NaN,NaN,NaN
6,NaN,NaN,NaN,NaN,NaN,NaN,NaN,NaN
7,NaN,NaN,NaN,NaN,NaN,NaN,NaN,NaN
8,NaN,NaN,NaN,NaN,NaN,NaN,NaN,NaN
9,NaN,NaN,NaN,NaN,NaN,NaN,NaN,NaN
10,NaN,NaN,NaN,NaN,NaN,NaN,NaN,NaN
11,NaN,NaN,NaN,NaN,NaN,NaN,NaN,NaN
1,NaN,NaN,NaN,NaN,NaN,NaN,NaN,NaN
2,NaN,NaN,NaN,NaN,NaN,NaN,NaN,NaN
3,NaN,NaN,NaN,NaN,NaN,NaN,NaN,NaN
4,NaN,NaN,NaN,NaN,NaN,NaN,NaN,NaN
5,NaN,NaN,NaN,NaN,NaN,NaN,NaN,NaN
6,NaN,NaN,NaN,NaN,NaN,NaN,NaN,NaN
7,NaN,NaN,NaN,NaN,NaN,NaN,NaN,NaN
8,NaN,NaN,NaN,NaN,NaN,NaN,NaN,NaN
9,NaN,NaN,NaN,NaN,NaN,NaN,NaN,NaN
10,NaN,NaN,NaN,NaN,NaN,NaN,NaN,NaN
11,NaN,NaN,NaN,NaN,NaN,NaN,NaN,NaN
1,NaN,NaN,NaN,NaN,NaN,NaN,NaN,NaN
2,NaN,NaN,NaN,NaN,NaN,NaN,NaN,NaN
3,NaN,NaN,NaN,NaN,NaN,NaN,NaN,NaN
4,NaN,NaN,NaN,NaN,NaN,NaN,NaN,NaN
5,NaN,NaN,NaN,NaN,NaN,NaN,NaN,NaN
6,NaN,NaN,NaN,NaN,NaN,NaN,NaN,NaN
7,NaN,NaN,NaN,NaN,NaN,NaN,NaN,NaN
8,NaN,NaN,NaN,NaN,NaN,NaN,NaN,NaN
9,NaN,NaN,NaN,NaN,NaN,NaN,NaN,NaN
10,NaN,NaN,NaN,NaN,NaN,NaN,NaN,NaN
11,NaN,NaN,NaN,NaN,NaN,NaN,NaN,NaN
1,NaN,NaN,NaN,NaN,NaN,NaN,NaN,NaN
2,NaN,NaN,NaN,NaN,NaN,NaN,NaN,NaN
3,NaN,NaN,NaN,NaN,NaN,NaN,NaN,NaN
4,NaN,NaN,NaN,NaN,NaN,NaN,NaN,NaN
5,NaN,NaN,NaN,NaN,NaN,NaN,NaN,NaN
6,NaN,NaN,NaN,NaN,NaN,NaN,NaN,NaN
7,NaN,NaN,NaN,NaN,NaN,NaN,NaN,NaN
8,NaN,NaN,NaN,NaN,NaN,NaN,NaN,NaN
9,NaN,NaN,NaN,NaN,NaN,NaN,NaN,NaN
10,NaN,NaN,NaN,NaN,NaN,NaN,NaN,NaN
11,NaN,NaN,NaN,NaN,NaN,NaN,NaN,NaN
1,NaN,NaN,NaN,NaN,NaN,NaN,NaN,NaN
2,NaN,NaN,NaN,NaN,NaN,NaN,NaN,NaN
3,NaN,NaN,NaN,NaN,NaN,NaN,NaN,NaN
4,NaN,NaN,NaN,NaN,NaN,NaN,NaN,NaN
5,NaN,NaN,NaN,NaN,NaN,NaN,NaN,NaN
6,NaN,NaN,NaN,NaN,NaN,NaN,NaN,NaN
7,NaN,NaN,NaN,NaN,NaN,NaN,NaN,NaN
8,NaN,NaN,NaN,NaN,NaN,NaN,NaN,NaN
9,NaN,NaN,NaN,NaN,NaN,NaN,NaN,NaN
10,NaN,NaN,NaN,NaN,NaN,NaN,NaN,NaN
11,NaN,NaN,NaN,NaN,NaN,NaN,NaN,NaN
1,NaN,NaN,NaN,NaN,NaN,NaN,NaN,NaN
2,NaN,NaN,NaN,NaN,NaN,NaN,NaN,NaN
3,NaN,NaN,NaN,NaN,NaN,NaN,NaN,NaN
4,NaN,NaN,NaN,NaN,NaN,NaN,NaN,NaN
5,NaN,NaN,NaN,NaN,NaN,NaN,NaN,NaN
6,NaN,NaN,NaN,NaN,NaN,NaN,NaN,NaN
7,NaN,NaN,NaN,NaN,NaN,NaN,NaN,NaN
8,NaN,NaN,NaN,NaN,NaN,NaN,NaN,NaN
9,NaN,NaN,NaN,NaN,NaN,NaN,NaN,NaN
10,NaN,NaN,NaN,NaN,NaN,NaN,NaN,NaN
11,NaN,NaN,NaN,NaN,NaN,NaN,NaN,NaN
1,NaN,NaN,NaN,NaN,NaN,NaN,NaN,NaN
2,NaN,NaN,NaN,NaN,NaN,NaN,NaN,NaN
3,NaN,NaN,NaN,NaN,NaN,NaN,NaN,NaN
4,NaN,NaN,NaN,NaN,NaN,NaN,NaN,NaN
5,NaN,NaN,NaN,NaN,NaN,NaN,NaN,NaN
6,NaN,NaN,NaN,NaN,NaN,NaN,NaN,NaN
7,NaN,NaN,NaN,NaN,NaN,NaN,NaN,NaN
8,NaN,NaN,NaN,NaN,NaN,NaN,NaN,NaN
9,NaN,NaN,NaN,NaN,NaN,NaN,NaN,NaN
10,NaN,NaN,NaN,NaN,NaN,NaN,NaN,NaN
11,NaN,NaN,NaN,NaN,NaN,NaN,NaN,NaN
1,NaN,NaN,NaN,NaN,NaN,NaN,NaN,NaN
2,NaN,NaN,NaN,NaN,NaN,NaN,NaN,NaN
3,NaN,NaN,NaN,NaN,NaN,NaN,NaN,NaN
4,NaN,NaN,NaN,NaN,NaN,NaN,NaN,NaN
5,NaN,NaN,NaN,NaN,NaN,NaN,NaN,NaN
6,NaN,NaN,NaN,NaN,NaN,NaN,NaN,NaN
7,NaN,NaN,NaN,NaN,NaN,NaN,NaN,NaN
8,NaN,NaN,NaN,NaN,NaN,NaN,NaN,NaN
9,NaN,NaN,NaN,NaN,NaN,NaN,NaN,NaN
10,NaN,NaN,NaN,NaN,NaN,NaN,NaN,NaN
11,NaN,NaN,NaN,NaN,NaN,NaN,NaN,NaN
1,NaN,NaN,NaN,NaN,NaN,NaN,NaN,NaN
2,NaN,NaN,NaN,NaN,NaN,NaN,NaN,NaN
3,NaN,NaN,NaN,NaN,NaN,NaN,NaN,NaN
4,NaN,NaN,NaN,NaN,NaN,NaN,NaN,NaN
5,NaN,NaN,NaN,NaN,NaN,NaN,NaN,NaN
6,NaN,NaN,NaN,NaN,NaN,NaN,NaN,NaN
7,NaN,NaN,NaN,NaN,NaN,NaN,NaN,NaN
8,NaN,NaN,NaN,NaN,NaN,NaN,NaN,NaN
9,NaN,NaN,NaN,NaN,NaN,NaN,NaN,NaN
10,NaN,NaN,NaN,NaN,NaN,NaN,NaN,NaN
11,NaN,NaN,NaN,NaN,NaN,NaN,NaN,NaN
1,NaN,NaN,NaN,NaN,NaN,NaN,NaN,NaN
2,NaN,NaN,NaN,NaN,NaN,NaN,NaN,NaN
3,NaN,NaN,NaN,NaN,NaN,NaN,NaN,NaN
4,NaN,NaN,NaN,NaN,NaN,NaN,NaN,NaN
5,NaN,NaN,NaN,NaN,NaN,NaN,NaN,NaN
6,NaN,NaN,NaN,NaN,NaN,NaN,NaN,NaN
7,NaN,NaN,NaN,NaN,NaN,NaN,NaN,NaN
8,NaN,NaN,NaN,NaN,NaN,NaN,NaN,NaN
9,NaN,NaN,NaN,NaN,NaN,NaN,NaN,NaN
10,NaN,NaN,NaN,NaN,NaN,NaN,NaN,NaN
11,NaN,NaN,NaN,NaN,NaN,NaN,NaN,NaN
1,NaN,NaN,NaN,NaN,NaN,NaN,NaN,NaN
2,NaN,NaN,NaN,NaN,NaN,NaN,NaN,NaN
3,NaN,NaN,NaN,NaN,NaN,NaN,NaN,NaN
4,NaN,NaN,NaN,NaN,NaN,NaN,NaN,NaN
5,NaN,NaN,NaN,NaN,NaN,NaN,NaN,NaN
6,NaN,NaN,NaN,NaN,NaN,NaN,NaN,NaN
7,NaN,NaN,NaN,NaN,NaN,NaN,NaN,NaN
8,NaN,NaN,NaN,NaN,NaN,NaN,NaN,NaN
9,NaN,NaN,NaN,NaN,NaN,NaN,NaN,NaN
10,NaN,NaN,NaN,NaN,NaN,NaN,NaN,NaN
11,NaN,NaN,NaN,NaN,NaN,NaN,NaN,NaN
1,NaN,NaN,NaN,NaN,NaN,NaN,NaN,NaN
2,NaN,NaN,NaN,NaN,NaN,NaN,NaN,NaN
3,NaN,NaN,NaN,NaN,NaN,NaN,NaN,NaN
4,NaN,NaN,NaN,NaN,NaN,NaN,NaN,NaN
5,NaN,NaN,NaN,NaN,NaN,NaN,NaN,NaN
6,NaN,NaN,NaN,NaN,NaN,NaN,NaN,NaN
7,NaN,NaN,NaN,NaN,NaN,NaN,NaN,NaN
8,NaN,NaN,NaN,NaN,NaN,NaN,NaN,NaN
9,NaN,NaN,NaN,NaN,NaN,NaN,NaN,NaN
10,NaN,NaN,NaN,NaN,NaN,NaN,NaN,NaN
11,NaN,NaN,NaN,NaN,NaN,NaN,NaN,NaN
1,NaN,NaN,NaN,NaN,NaN,NaN,NaN,NaN
2,NaN,NaN,NaN,NaN,NaN,NaN,NaN,NaN
3,NaN,NaN,NaN,NaN,NaN,NaN,NaN,NaN
4,NaN,NaN,NaN,NaN,NaN,NaN,NaN,NaN
5,NaN,NaN,NaN,NaN,NaN,NaN,NaN,NaN
6,NaN,NaN,NaN,NaN,NaN,NaN,NaN,NaN
7,NaN,NaN,NaN,NaN,NaN,NaN,NaN,NaN
8,NaN,NaN,NaN,NaN,NaN,NaN,NaN,NaN
9,NaN,NaN,NaN,NaN,NaN,NaN,NaN,NaN
10,NaN,NaN,NaN,NaN,NaN,NaN,NaN,NaN
11,NaN,NaN,NaN,NaN,NaN,NaN,NaN,NaN
1,NaN,NaN,NaN,NaN,NaN,NaN,NaN,NaN
2,NaN,NaN,NaN,NaN,NaN,NaN,NaN,NaN
3,NaN,NaN,NaN,NaN,NaN,NaN,NaN,NaN
4,NaN,NaN,NaN,NaN,NaN,NaN,NaN,NaN
5,NaN,NaN,NaN,NaN,NaN,NaN,NaN,NaN
6,NaN,NaN,NaN,NaN,NaN,NaN,NaN,NaN
7,NaN,NaN,NaN,NaN,NaN,NaN,NaN,NaN
8,NaN,NaN,NaN,NaN,NaN,NaN,NaN,NaN
9,NaN,NaN,NaN,NaN,NaN,NaN,NaN,NaN
10,NaN,NaN,NaN,NaN,NaN,NaN,NaN,NaN
11,NaN,NaN,NaN,NaN,NaN,NaN,NaN,NaN
1,NaN,NaN,NaN,NaN,NaN,NaN,NaN,NaN
2,NaN,NaN,NaN,NaN,NaN,NaN,NaN,NaN
3,NaN,NaN,NaN,NaN,NaN,NaN,NaN,NaN
4,NaN,NaN,NaN,NaN,NaN,NaN,NaN,NaN
5,NaN,NaN,NaN,NaN,NaN,NaN,NaN,NaN
6,NaN,NaN,NaN,NaN,NaN,NaN,NaN,NaN
7,NaN,NaN,NaN,NaN,NaN,NaN,NaN,NaN
8,NaN,NaN,NaN,NaN,NaN,NaN,NaN,NaN
9,NaN,NaN,NaN,NaN,NaN,NaN,NaN,NaN
10,NaN,NaN,NaN,NaN,NaN,NaN,NaN,NaN
11,NaN,NaN,NaN,NaN,NaN,NaN,NaN,NaN
1,NaN,NaN,NaN,NaN,NaN,NaN,NaN,NaN
2,NaN,NaN,NaN,NaN,NaN,NaN,NaN,NaN
3,NaN,NaN,NaN,NaN,NaN,NaN,NaN,NaN
4,NaN,NaN,NaN,NaN,NaN,NaN,NaN,NaN
5,NaN,NaN,NaN,NaN,NaN,NaN,NaN,NaN
6,NaN,NaN,NaN,NaN,NaN,NaN,NaN,NaN
7,NaN,NaN,NaN,NaN,NaN,NaN,NaN,NaN
8,NaN,NaN,NaN,NaN,NaN,NaN,NaN,NaN
9,NaN,NaN,NaN,NaN,NaN,NaN,NaN,NaN
10,NaN,NaN,NaN,NaN,NaN,NaN,NaN,NaN
11,NaN,NaN,NaN,NaN,NaN,NaN,NaN,NaN
1,NaN,NaN,NaN,NaN,NaN,NaN,NaN,NaN
2,NaN,NaN,NaN,NaN,NaN,NaN,NaN,NaN
3,NaN,NaN,NaN,NaN,NaN,NaN,NaN,NaN
4,NaN,NaN,NaN,NaN,NaN,NaN,NaN,NaN
5,NaN,NaN,NaN,NaN,NaN,NaN,NaN,NaN
6,NaN,NaN,NaN,NaN,NaN,NaN,NaN,NaN
7,NaN,NaN,NaN,NaN,NaN,NaN,NaN,NaN
8,NaN,NaN,NaN,NaN,NaN,NaN,NaN,NaN
9,NaN,NaN,NaN,NaN,NaN,NaN,NaN,NaN
10,NaN,NaN,NaN,NaN,NaN,NaN,NaN,NaN
11,NaN,NaN,NaN,NaN,NaN,NaN,NaN,NaN
1,NaN,NaN,NaN,NaN,NaN,NaN,NaN,NaN
2,NaN,NaN,NaN,NaN,NaN,NaN,NaN,NaN
3,NaN,NaN,NaN,NaN,NaN,NaN,NaN,NaN
4,NaN,NaN,NaN,NaN,NaN,NaN,NaN,NaN
5,NaN,NaN,NaN,NaN,NaN,NaN,NaN,NaN
6,NaN,NaN,NaN,NaN,NaN,NaN,NaN,NaN
7,NaN,NaN,NaN,NaN,NaN,NaN,NaN,NaN
8,NaN,NaN,NaN,NaN,NaN,NaN,NaN,NaN
9,NaN,NaN,NaN,NaN,NaN,NaN,NaN,NaN
10,NaN,NaN,NaN,NaN,NaN,NaN,NaN,NaN
11,NaN,NaN,NaN,NaN,NaN,NaN,NaN,NaN
1,NaN,NaN,NaN,NaN,NaN,NaN,NaN,NaN
2,NaN,NaN,NaN,NaN,NaN,NaN,NaN,NaN
3,NaN,NaN,NaN,NaN,NaN,NaN,NaN,NaN
4,NaN,NaN,NaN,NaN,NaN,NaN,NaN,NaN
5,NaN,NaN,NaN,NaN,NaN,NaN,NaN,NaN
6,NaN,NaN,NaN,NaN,NaN,NaN,NaN,NaN
7,NaN,NaN,NaN,NaN,NaN,NaN,NaN,NaN
8,NaN,NaN,NaN,NaN,NaN,NaN,NaN,NaN
9,NaN,NaN,NaN,NaN,NaN,NaN,NaN,NaN
10,NaN,NaN,NaN,NaN,NaN,NaN,NaN,NaN
11,NaN,NaN,NaN,NaN,NaN,NaN,NaN,NaN
1,NaN,NaN,NaN,NaN,NaN,NaN,NaN,NaN
2,NaN,NaN,NaN,NaN,NaN,NaN,NaN,NaN
3,NaN,NaN,NaN,NaN,NaN,NaN,NaN,NaN
4,NaN,NaN,NaN,NaN,NaN,NaN,NaN,NaN
5,NaN,NaN,NaN,NaN,NaN,NaN,NaN,NaN
6,NaN,NaN,NaN,NaN,NaN,NaN,NaN,NaN
7,NaN,NaN,NaN,NaN,NaN,NaN,NaN,NaN
8,NaN,NaN,NaN,NaN,NaN,NaN,NaN,NaN
9,NaN,NaN,NaN,NaN,NaN,NaN,NaN,NaN
10,NaN,NaN,NaN,NaN,NaN,NaN,NaN,NaN
11,NaN,NaN,NaN,NaN,NaN,NaN,NaN,NaN
1,NaN,NaN,NaN,NaN,NaN,NaN,NaN,NaN
2,NaN,NaN,NaN,NaN,NaN,NaN,NaN,NaN
3,NaN,NaN,NaN,NaN,NaN,NaN,NaN,NaN
4,NaN,NaN,NaN,NaN,NaN,NaN,NaN,NaN
5,NaN,NaN,NaN,NaN,NaN,NaN,NaN,NaN
6,NaN,NaN,NaN,NaN,NaN,NaN,NaN,NaN
7,NaN,NaN,NaN,NaN,NaN,NaN,NaN,NaN
8,NaN,NaN,NaN,NaN,NaN,NaN,NaN,NaN
9,NaN,NaN,NaN,NaN,NaN,NaN,NaN,NaN
10,NaN,NaN,NaN,NaN,NaN,NaN,NaN,NaN
11,NaN,NaN,NaN,NaN,NaN,NaN,NaN,NaN
1,NaN,NaN,NaN,NaN,NaN,NaN,NaN,NaN
2,NaN,NaN,NaN,NaN,NaN,NaN,NaN,NaN
3,NaN,NaN,NaN,NaN,NaN,NaN,NaN,NaN
4,NaN,NaN,NaN,NaN,NaN,NaN,NaN,NaN
5,NaN,NaN,NaN,NaN,NaN,NaN,NaN,NaN
6,NaN,NaN,NaN,NaN,NaN,NaN,NaN,NaN
7,NaN,NaN,NaN,NaN,NaN,NaN,NaN,NaN
8,NaN,NaN,NaN,NaN,NaN,NaN,NaN,NaN
9,NaN,NaN,NaN,NaN,NaN,NaN,NaN,NaN
10,NaN,NaN,NaN,NaN,NaN,NaN,NaN,NaN
11,NaN,NaN,NaN,NaN,NaN,NaN,NaN,NaN
1,NaN,NaN,NaN,NaN,NaN,NaN,NaN,NaN
2,NaN,NaN,NaN,NaN,NaN,NaN,NaN,NaN
3,NaN,NaN,NaN,NaN,NaN,NaN,NaN,NaN
4,NaN,NaN,NaN,NaN,NaN,NaN,NaN,NaN
5,NaN,NaN,NaN,NaN,NaN,NaN,NaN,NaN
6,NaN,NaN,NaN,NaN,NaN,NaN,NaN,NaN
7,NaN,NaN,NaN,NaN,NaN,NaN,NaN,NaN
8,NaN,NaN,NaN,NaN,NaN,NaN,NaN,NaN
9,NaN,NaN,NaN,NaN,NaN,NaN,NaN,NaN
10,NaN,NaN,NaN,NaN,NaN,NaN,NaN,NaN
11,NaN,NaN,NaN,NaN,NaN,NaN,NaN,NaN
1,NaN,NaN,NaN,NaN,NaN,NaN,NaN,NaN
2,NaN,NaN,NaN,NaN,NaN,NaN,NaN,NaN
3,NaN,NaN,NaN,NaN,NaN,NaN,NaN,NaN
4,NaN,NaN,NaN,NaN,NaN,NaN,NaN,NaN
5,NaN,NaN,NaN,NaN,NaN,NaN,NaN,NaN
6,NaN,NaN,NaN,NaN,NaN,NaN,NaN,NaN
7,NaN,NaN,NaN,NaN,NaN,NaN,NaN,NaN
8,NaN,NaN,NaN,NaN,NaN,NaN,NaN,NaN
9,NaN,NaN,NaN,NaN,NaN,NaN,NaN,NaN
10,NaN,NaN,NaN,NaN,NaN,NaN,NaN,NaN
11,NaN,NaN,NaN,NaN,NaN,NaN,NaN,NaN
1,NaN,NaN,NaN,NaN,NaN,NaN,NaN,NaN
2,NaN,NaN,NaN,NaN,NaN,NaN,NaN,NaN
3,NaN,NaN,NaN,NaN,NaN,NaN,NaN,NaN
4,NaN,NaN,NaN,NaN,NaN,NaN,NaN,NaN
5,NaN,NaN,NaN,NaN,NaN,NaN,NaN,NaN
6,NaN,NaN,NaN,NaN,NaN,NaN,NaN,NaN
7,NaN,NaN,NaN,NaN,NaN,NaN,NaN,NaN
8,NaN,NaN,NaN,NaN,NaN,NaN,NaN,NaN
9,NaN,NaN,NaN,NaN,NaN,NaN,NaN,NaN
10,NaN,NaN,NaN,NaN,NaN,NaN,NaN,NaN
11,NaN,NaN,NaN,NaN,NaN,NaN,NaN,NaN
1,NaN,NaN,NaN,NaN,NaN,NaN,NaN,NaN
2,NaN,NaN,NaN,NaN,NaN,NaN,NaN,NaN
3,NaN,NaN,NaN,NaN,NaN,NaN,NaN,NaN
4,NaN,NaN,NaN,NaN,NaN,NaN,NaN,NaN
5,NaN,NaN,NaN,NaN,NaN,NaN,NaN,NaN
6,NaN,NaN,NaN,NaN,NaN,NaN,NaN,NaN
7,NaN,NaN,NaN,NaN,NaN,NaN,NaN,NaN
8,NaN,NaN,NaN,NaN,NaN,NaN,NaN,NaN
9,NaN,NaN,NaN,NaN,NaN,NaN,NaN,NaN
10,NaN,NaN,NaN,NaN,NaN,NaN,NaN,NaN
11,NaN,NaN,NaN,NaN,NaN,NaN,NaN,NaN
1,NaN,NaN,NaN,NaN,NaN,NaN,NaN,NaN
2,NaN,NaN,NaN,NaN,NaN,NaN,NaN,NaN
3,NaN,NaN,NaN,NaN,NaN,NaN,NaN,NaN
4,NaN,NaN,NaN,NaN,NaN,NaN,NaN,NaN
5,NaN,NaN,NaN,NaN,NaN,NaN,NaN,NaN
6,NaN,NaN,NaN,NaN,NaN,NaN,NaN,NaN
7,NaN,NaN,NaN,NaN,NaN,NaN,NaN,NaN
8,NaN,NaN,NaN,NaN,NaN,NaN,NaN,NaN
9,NaN,NaN,NaN,NaN,NaN,NaN,NaN,NaN
10,NaN,NaN,NaN,NaN,NaN,NaN,NaN,NaN
11,NaN,NaN,NaN,NaN,NaN,NaN,NaN,NaN
1,NaN,NaN,NaN,NaN,NaN,NaN,NaN,NaN
2,NaN,NaN,NaN,NaN,NaN,NaN,NaN,NaN
3,NaN,NaN,NaN,NaN,NaN,NaN,NaN,NaN
4,NaN,NaN,NaN,NaN,NaN,NaN,NaN,NaN
5,NaN,NaN,NaN,NaN,NaN,NaN,NaN,NaN
6,NaN,NaN,NaN,NaN,NaN,NaN,NaN,NaN
7,NaN,NaN,NaN,NaN,NaN,NaN,NaN,NaN
8,NaN,NaN,NaN,NaN,NaN,NaN,NaN,NaN
9,NaN,NaN,NaN,NaN,NaN,NaN,NaN,NaN
10,NaN,NaN,NaN,NaN,NaN,NaN,NaN,NaN
11,NaN,NaN,NaN,NaN,NaN,NaN,NaN,NaN
1,NaN,NaN,NaN,NaN,NaN,NaN,NaN,NaN
2,NaN,NaN,NaN,NaN,NaN,NaN,NaN,NaN
3,NaN,NaN,NaN,NaN,NaN,NaN,NaN,NaN
4,NaN,NaN,NaN,NaN,NaN,NaN,NaN,NaN
5,NaN,NaN,NaN,NaN,NaN,NaN,NaN,NaN
6,NaN,NaN,NaN,NaN,NaN,NaN,NaN,NaN
7,NaN,NaN,NaN,NaN,NaN,NaN,NaN,NaN
8,NaN,NaN,NaN,NaN,NaN,NaN,NaN,NaN
9,NaN,NaN,NaN,NaN,NaN,NaN,NaN,NaN
10,NaN,NaN,NaN,NaN,NaN,NaN,NaN,NaN
11,NaN,NaN,NaN,NaN,NaN,NaN,NaN,NaN
1,NaN,NaN,NaN,NaN,NaN,NaN,NaN,NaN
2,NaN,NaN,NaN,NaN,NaN,NaN,NaN,NaN
3,NaN,NaN,NaN,NaN,NaN,NaN,NaN,NaN
4,NaN,NaN,NaN,NaN,NaN,NaN,NaN,NaN
5,NaN,NaN,NaN,NaN,NaN,NaN,NaN,NaN
6,NaN,NaN,NaN,NaN,NaN,NaN,NaN,NaN
7,NaN,NaN,NaN,NaN,NaN,NaN,NaN,NaN
8,NaN,NaN,NaN,NaN,NaN,NaN,NaN,NaN
9,NaN,NaN,NaN,NaN,NaN,NaN,NaN,NaN
10,NaN,NaN,NaN,NaN,NaN,NaN,NaN,NaN
11,NaN,NaN,NaN,NaN,NaN,NaN,NaN,NaN
1,NaN,NaN,NaN,NaN,NaN,NaN,NaN,NaN
2,NaN,NaN,NaN,NaN,NaN,NaN,NaN,NaN
3,NaN,NaN,NaN,NaN,NaN,NaN,NaN,NaN
4,NaN,NaN,NaN,NaN,NaN,NaN,NaN,NaN
5,NaN,NaN,NaN,NaN,NaN,NaN,NaN,NaN
6,NaN,NaN,NaN,NaN,NaN,NaN,NaN,NaN
7,NaN,NaN,NaN,NaN,NaN,NaN,NaN,NaN
8,NaN,NaN,NaN,NaN,NaN,NaN,NaN,NaN
9,NaN,NaN,NaN,NaN,NaN,NaN,NaN,NaN
10,NaN,NaN,NaN,NaN,NaN,NaN,NaN,NaN
11,NaN,NaN,NaN,NaN,NaN,NaN,NaN,NaN
1,NaN,NaN,NaN,NaN,NaN,NaN,NaN,NaN
2,NaN,NaN,NaN,NaN,NaN,NaN,NaN,NaN
3,NaN,NaN,NaN,NaN,NaN,NaN,NaN,NaN
4,NaN,NaN,NaN,NaN,NaN,NaN,NaN,NaN
5,NaN,NaN,NaN,NaN,NaN,NaN,NaN,NaN
6,NaN,NaN,NaN,NaN,NaN,NaN,NaN,NaN
7,NaN,NaN,NaN,NaN,NaN,NaN,NaN,NaN
8,NaN,NaN,NaN,NaN,NaN,NaN,NaN,NaN
9,NaN,NaN,NaN,NaN,NaN,NaN,NaN,NaN
10,NaN,NaN,NaN,NaN,NaN,NaN,NaN,NaN
11,NaN,NaN,NaN,NaN,NaN,NaN,NaN,NaN
1,NaN,NaN,NaN,NaN,NaN,NaN,NaN,NaN
2,NaN,NaN,NaN,NaN,NaN,NaN,NaN,NaN
3,NaN,NaN,NaN,NaN,NaN,NaN,NaN,NaN
4,NaN,NaN,NaN,NaN,NaN,NaN,NaN,NaN
5,NaN,NaN,NaN,NaN,NaN,NaN,NaN,NaN
6,NaN,NaN,NaN,NaN,NaN,NaN,NaN,NaN
7,NaN,NaN,NaN,NaN,NaN,NaN,NaN,NaN
8,NaN,NaN,NaN,NaN,NaN,NaN,NaN,NaN
9,NaN,NaN,NaN,NaN,NaN,NaN,NaN,NaN
10,NaN,NaN,NaN,NaN,NaN,NaN,NaN,NaN
11,NaN,NaN,NaN,NaN,NaN,NaN,NaN,NaN
1,NaN,NaN,NaN,NaN,NaN,NaN,NaN,NaN
2,NaN,NaN,NaN,NaN,NaN,NaN,NaN,NaN
3,NaN,NaN,NaN,NaN,NaN,NaN,NaN,NaN
4,NaN,NaN,NaN,NaN,NaN,NaN,NaN,NaN
5,NaN,NaN,NaN,NaN,NaN,NaN,NaN,NaN
6,NaN,NaN,NaN,NaN,NaN,NaN,NaN,NaN
7,NaN,NaN,NaN,NaN,NaN,NaN,NaN,NaN
8,NaN,NaN,NaN,NaN,NaN,NaN,NaN,NaN
9,NaN,NaN,NaN,NaN,NaN,NaN,NaN,NaN
10,NaN,NaN,NaN,NaN,NaN,NaN,NaN,NaN
11,NaN,NaN,NaN,NaN,NaN,NaN,NaN,NaN
1,NaN,NaN,NaN,NaN,NaN,NaN,NaN,NaN
2,NaN,NaN,NaN,NaN,NaN,NaN,NaN,NaN
3,NaN,NaN,NaN,NaN,NaN,NaN,NaN,NaN
4,NaN,NaN,NaN,NaN,NaN,NaN,NaN,NaN
5,NaN,NaN,NaN,NaN,NaN,NaN,NaN,NaN
6,NaN,NaN,NaN,NaN,NaN,NaN,NaN,NaN
7,NaN,NaN,NaN,NaN,NaN,NaN,NaN,NaN
8,NaN,NaN,NaN,NaN,NaN,NaN,NaN,NaN
9,NaN,NaN,NaN,NaN,NaN,NaN,NaN,NaN
10,NaN,NaN,NaN,NaN,NaN,NaN,NaN,NaN
11,NaN,NaN,NaN,NaN,NaN,NaN,NaN,NaN
1,NaN,NaN,NaN,NaN,NaN,NaN,NaN,NaN
2,NaN,NaN,NaN,NaN,NaN,NaN,NaN,NaN
3,NaN,NaN,NaN,NaN,NaN,NaN,NaN,NaN
4,NaN,NaN,NaN,NaN,NaN,NaN,NaN,NaN
5,NaN,NaN,NaN,NaN,NaN,NaN,NaN,NaN
6,NaN,NaN,NaN,NaN,NaN,NaN,NaN,NaN
7,NaN,NaN,NaN,NaN,NaN,NaN,NaN,NaN
8,NaN,NaN,NaN,NaN,NaN,NaN,NaN,NaN
9,NaN,NaN,NaN,NaN,NaN,NaN,NaN,NaN
10,NaN,NaN,NaN,NaN,NaN,NaN,NaN,NaN
11,NaN,NaN,NaN,NaN,NaN,NaN,NaN,NaN
1,NaN,NaN,NaN,NaN,NaN,NaN,NaN,NaN
2,NaN,NaN,NaN,NaN,NaN,NaN,NaN,NaN
3,NaN,NaN,NaN,NaN,NaN,NaN,NaN,NaN
4,NaN,NaN,NaN,NaN,NaN,NaN,NaN,NaN
5,NaN,NaN,NaN,NaN,NaN,NaN,NaN,NaN
6,NaN,NaN,NaN,NaN,NaN,NaN,NaN,NaN
7,NaN,NaN,NaN,NaN,NaN,NaN,NaN,NaN
8,NaN,NaN,NaN,NaN,NaN,NaN,NaN,NaN
9,NaN,NaN,NaN,NaN,NaN,NaN,NaN,NaN
10,NaN,NaN,NaN,NaN,NaN,NaN,NaN,NaN
11,NaN,NaN,NaN,NaN,NaN,NaN,NaN,NaN
1,NaN,NaN,NaN,NaN,NaN,NaN,NaN,NaN
2,NaN,NaN,NaN,NaN,NaN,NaN,NaN,NaN
3,NaN,NaN,NaN,NaN,NaN,NaN,NaN,NaN
4,NaN,NaN,NaN,NaN,NaN,NaN,NaN,NaN
5,NaN,NaN,NaN,NaN,NaN,NaN,NaN,NaN
6,NaN,NaN,NaN,NaN,NaN,NaN,NaN,NaN
7,NaN,NaN,NaN,NaN,NaN,NaN,NaN,NaN
8,NaN,NaN,NaN,NaN,NaN,NaN,NaN,NaN
9,NaN,NaN,NaN,NaN,NaN,NaN,NaN,NaN
10,NaN,NaN,NaN,NaN,NaN,NaN,NaN,NaN
11,NaN,NaN,NaN,NaN,NaN,NaN,NaN,NaN
1,NaN,NaN,NaN,NaN,NaN,NaN,NaN,NaN
2,NaN,NaN,NaN,NaN,NaN,NaN,NaN,NaN
3,NaN,NaN,NaN,NaN,NaN,NaN,NaN,NaN
4,NaN,NaN,NaN,NaN,NaN,NaN,NaN,NaN
5,NaN,NaN,NaN,NaN,NaN,NaN,NaN,NaN
6,NaN,NaN,NaN,NaN,NaN,NaN,NaN,NaN
7,NaN,NaN,NaN,NaN,NaN,NaN,NaN,NaN
8,NaN,NaN,NaN,NaN,NaN,NaN,NaN,NaN
9,NaN,NaN,NaN,NaN,NaN,NaN,NaN,NaN
10,NaN,NaN,NaN,NaN,NaN,NaN,NaN,NaN
11,NaN,NaN,NaN,NaN,NaN,NaN,NaN,NaN
1,NaN,NaN,NaN,NaN,NaN,NaN,NaN,NaN
2,NaN,NaN,NaN,NaN,NaN,NaN,NaN,NaN
3,NaN,NaN,NaN,NaN,NaN,NaN,NaN,NaN
4,NaN,NaN,NaN,NaN,NaN,NaN,NaN,NaN
5,NaN,NaN,NaN,NaN,NaN,NaN,NaN,NaN
6,NaN,NaN,NaN,NaN,NaN,NaN,NaN,NaN
7,NaN,NaN,NaN,NaN,NaN,NaN,NaN,NaN
8,NaN,NaN,NaN,NaN,NaN,NaN,NaN,NaN
9,NaN,NaN,NaN,NaN,NaN,NaN,NaN,NaN
10,NaN,NaN,NaN,NaN,NaN,NaN,NaN,NaN
11,NaN,NaN,NaN,NaN,NaN,NaN,NaN,NaN
1,NaN,NaN,NaN,NaN,NaN,NaN,NaN,NaN
2,NaN,NaN,NaN,NaN,NaN,NaN,NaN,NaN
3,NaN,NaN,NaN,NaN,NaN,NaN,NaN,NaN
4,NaN,NaN,NaN,NaN,NaN,NaN,NaN,NaN
5,NaN,NaN,NaN,NaN,NaN,NaN,NaN,NaN
6,NaN,NaN,NaN,NaN,NaN,NaN,NaN,NaN
7,NaN,NaN,NaN,NaN,NaN,NaN,NaN,NaN
8,NaN,NaN,NaN,NaN,NaN,NaN,NaN,NaN
9,NaN,NaN,NaN,NaN,NaN,NaN,NaN,NaN
10,NaN,NaN,NaN,NaN,NaN,NaN,NaN,NaN
11,NaN,NaN,NaN,NaN,NaN,NaN,NaN,NaN
1,NaN,NaN,NaN,NaN,NaN,NaN,NaN,NaN
2,NaN,NaN,NaN,NaN,NaN,NaN,NaN,NaN
3,NaN,NaN,NaN,NaN,NaN,NaN,NaN,NaN
4,NaN,NaN,NaN,NaN,NaN,NaN,NaN,NaN
5,NaN,NaN,NaN,NaN,NaN,NaN,NaN,NaN
6,NaN,NaN,NaN,NaN,NaN,NaN,NaN,NaN
7,NaN,NaN,NaN,NaN,NaN,NaN,NaN,NaN
8,NaN,NaN,NaN,NaN,NaN,NaN,NaN,NaN
9,NaN,NaN,NaN,NaN,NaN,NaN,NaN,NaN
10,NaN,NaN,NaN,NaN,NaN,NaN,NaN,NaN
11,NaN,NaN,NaN,NaN,NaN,NaN,NaN,NaN
1,NaN,NaN,NaN,NaN,NaN,NaN,NaN,NaN
2,NaN,NaN,NaN,NaN,NaN,NaN,NaN,NaN
3,NaN,NaN,NaN,NaN,NaN,NaN,NaN,NaN
4,NaN,NaN,NaN,NaN,NaN,NaN,NaN,NaN
5,NaN,NaN,NaN,NaN,NaN,NaN,NaN,NaN
6,NaN,NaN,NaN,NaN,NaN,NaN,NaN,NaN
7,NaN,NaN,NaN,NaN,NaN,NaN,NaN,NaN
8,NaN,NaN,NaN,NaN,NaN,NaN,NaN,NaN
9,NaN,NaN,NaN,NaN,NaN,NaN,NaN,NaN
10,NaN,NaN,NaN,NaN,NaN,NaN,NaN,NaN
11,NaN,NaN,NaN,NaN,NaN,NaN,NaN,NaN
1,NaN,NaN,NaN,NaN,NaN,NaN,NaN,NaN
2,NaN,NaN,NaN,NaN,NaN,NaN,NaN,NaN
3,NaN,NaN,NaN,NaN,NaN,NaN,NaN,NaN
4,NaN,NaN,NaN,NaN,NaN,NaN,NaN,NaN
5,NaN,NaN,NaN,NaN,NaN,NaN,NaN,NaN
6,NaN,NaN,NaN,NaN,NaN,NaN,NaN,NaN
7,NaN,NaN,NaN,NaN,NaN,NaN,NaN,NaN
8,NaN,NaN,NaN,NaN,NaN,NaN,NaN,NaN
9,NaN,NaN,NaN,NaN,NaN,NaN,NaN,NaN
10,NaN,NaN,NaN,NaN,NaN,NaN,NaN,NaN
11,NaN,NaN,NaN,NaN,NaN,NaN,NaN,NaN
1,NaN,NaN,NaN,NaN,NaN,NaN,NaN,NaN
2,NaN,NaN,NaN,NaN,NaN,NaN,NaN,NaN
3,NaN,NaN,NaN,NaN,NaN,NaN,NaN,NaN
4,NaN,NaN,NaN,NaN,NaN,NaN,NaN,NaN
5,NaN,NaN,NaN,NaN,NaN,NaN,NaN,NaN
6,NaN,NaN,NaN,NaN,NaN,NaN,NaN,NaN
7,NaN,NaN,NaN,NaN,NaN,NaN,NaN,NaN
8,NaN,NaN,NaN,NaN,NaN,NaN,NaN,NaN
9,NaN,NaN,NaN,NaN,NaN,NaN,NaN,NaN
10,NaN,NaN,NaN,NaN,NaN,NaN,NaN,NaN
11,NaN,NaN,NaN,NaN,NaN,NaN,NaN,NaN
1,NaN,NaN,NaN,NaN,NaN,NaN,NaN,NaN
2,NaN,NaN,NaN,NaN,NaN,NaN,NaN,NaN
3,NaN,NaN,NaN,NaN,NaN,NaN,NaN,NaN
4,NaN,NaN,NaN,NaN,NaN,NaN,NaN,NaN
5,NaN,NaN,NaN,NaN,NaN,NaN,NaN,NaN
6,NaN,NaN,NaN,NaN,NaN,NaN,NaN,NaN
7,NaN,NaN,NaN,NaN,NaN,NaN,NaN,NaN
8,NaN,NaN,NaN,NaN,NaN,NaN,NaN,NaN
9,NaN,NaN,NaN,NaN,NaN,NaN,NaN,NaN
10,NaN,NaN,NaN,NaN,NaN,NaN,NaN,NaN
11,NaN,NaN,NaN,NaN,NaN,NaN,NaN,NaN
1,NaN,NaN,NaN,NaN,NaN,NaN,NaN,NaN
2,NaN,NaN,NaN,NaN,NaN,NaN,NaN,NaN
3,NaN,NaN,NaN,NaN,NaN,NaN,NaN,NaN
4,NaN,NaN,NaN,NaN,NaN,NaN,NaN,NaN
5,NaN,NaN,NaN,NaN,NaN,NaN,NaN,NaN
6,NaN,NaN,NaN,NaN,NaN,NaN,NaN,NaN
7,NaN,NaN,NaN,NaN,NaN,NaN,NaN,NaN
8,NaN,NaN,NaN,NaN,NaN,NaN,NaN,NaN
9,NaN,NaN,NaN,NaN,NaN,NaN,NaN,NaN
10,NaN,NaN,NaN,NaN,NaN,NaN,NaN,NaN
11,NaN,NaN,NaN,NaN,NaN,NaN,NaN,NaN
1,NaN,NaN,NaN,NaN,NaN,NaN,NaN,NaN
2,NaN,NaN,NaN,NaN,NaN,NaN,NaN,NaN
3,NaN,NaN,NaN,NaN,NaN,NaN,NaN,NaN
4,NaN,NaN,NaN,NaN,NaN,NaN,NaN,NaN
5,NaN,NaN,NaN,NaN,NaN,NaN,NaN,NaN
6,NaN,NaN,NaN,NaN,NaN,NaN,NaN,NaN
7,NaN,NaN,NaN,NaN,NaN,NaN,NaN,NaN
8,NaN,NaN,NaN,NaN,NaN,NaN,NaN,NaN
9,NaN,NaN,NaN,NaN,NaN,NaN,NaN,NaN
10,NaN,NaN,NaN,NaN,NaN,NaN,NaN,NaN
11,NaN,NaN,NaN,NaN,NaN,NaN,NaN,NaN
1,NaN,NaN,NaN,NaN,NaN,NaN,NaN,NaN
2,NaN,NaN,NaN,NaN,NaN,NaN,NaN,NaN
3,NaN,NaN,NaN,NaN,NaN,NaN,NaN,NaN
4,NaN,NaN,NaN,NaN,NaN,NaN,NaN,NaN
5,NaN,NaN,NaN,NaN,NaN,NaN,NaN,NaN
6,NaN,NaN,NaN,NaN,NaN,NaN,NaN,NaN
7,NaN,NaN,NaN,NaN,NaN,NaN,NaN,NaN
8,NaN,NaN,NaN,NaN,NaN,NaN,NaN,NaN
9,NaN,NaN,NaN,NaN,NaN,NaN,NaN,NaN
10,NaN,NaN,NaN,NaN,NaN,NaN,NaN,NaN
11,NaN,NaN,NaN,NaN,NaN,NaN,NaN,NaN
1,NaN,NaN,NaN,NaN,NaN,NaN,NaN,NaN
2,NaN,NaN,NaN,NaN,NaN,NaN,NaN,NaN
3,NaN,NaN,NaN,NaN,NaN,NaN,NaN,NaN
4,NaN,NaN,NaN,NaN,NaN,NaN,NaN,NaN
5,NaN,NaN,NaN,NaN,NaN,NaN,NaN,NaN
6,NaN,NaN,NaN,NaN,NaN,NaN,NaN,NaN
7,NaN,NaN,NaN,NaN,NaN,NaN,NaN,NaN
8,NaN,NaN,NaN,NaN,NaN,NaN,NaN,NaN
9,NaN,NaN,NaN,NaN,NaN,NaN,NaN,NaN
10,NaN,NaN,NaN,NaN,NaN,NaN,NaN,NaN
11,NaN,NaN,NaN,NaN,NaN,NaN,NaN,NaN
1,NaN,NaN,NaN,NaN,NaN,NaN,NaN,NaN
2,NaN,NaN,NaN,NaN,NaN,NaN,NaN,NaN
3,NaN,NaN,NaN,NaN,NaN,NaN,NaN,NaN
4,NaN,NaN,NaN,NaN,NaN,NaN,NaN,NaN
5,NaN,NaN,NaN,NaN,NaN,NaN,NaN,NaN
6,NaN,NaN,NaN,NaN,NaN,NaN,NaN,NaN
7,NaN,NaN,NaN,NaN,NaN,NaN,NaN,NaN
8,NaN,NaN,NaN,NaN,NaN,NaN,NaN,NaN
9,NaN,NaN,NaN,NaN,NaN,NaN,NaN,NaN
10,NaN,NaN,NaN,NaN,NaN,NaN,NaN,NaN
11,NaN,NaN,NaN,NaN,NaN,NaN,NaN,NaN
1,NaN,NaN,NaN,NaN,NaN,NaN,NaN,NaN
2,NaN,NaN,NaN,NaN,NaN,NaN,NaN,NaN
3,NaN,NaN,NaN,NaN,NaN,NaN,NaN,NaN
4,NaN,NaN,NaN,NaN,NaN,NaN,NaN,NaN
5,NaN,NaN,NaN,NaN,NaN,NaN,NaN,NaN
6,NaN,NaN,NaN,NaN,NaN,NaN,NaN,NaN
7,NaN,NaN,NaN,NaN,NaN,NaN,NaN,NaN
8,NaN,NaN,NaN,NaN,NaN,NaN,NaN,NaN
9,NaN,NaN,NaN,NaN,NaN,NaN,NaN,NaN
10,NaN,NaN,NaN,NaN,NaN,NaN,NaN,NaN
11,NaN,NaN,NaN,NaN,NaN,NaN,NaN,NaN
1,NaN,NaN,NaN,NaN,NaN,NaN,NaN,NaN
2,NaN,NaN,NaN,NaN,NaN,NaN,NaN,NaN
3,NaN,NaN,NaN,NaN,NaN,NaN,NaN,NaN
4,NaN,NaN,NaN,NaN,NaN,NaN,NaN,NaN
5,NaN,NaN,NaN,NaN,NaN,NaN,NaN,NaN
6,NaN,NaN,NaN,NaN,NaN,NaN,NaN,NaN
7,NaN,NaN,NaN,NaN,NaN,NaN,NaN,NaN
8,NaN,NaN,NaN,NaN,NaN,NaN,NaN,NaN
9,NaN,NaN,NaN,NaN,NaN,NaN,NaN,NaN
10,NaN,NaN,NaN,NaN,NaN,NaN,NaN,NaN
11,NaN,NaN,NaN,NaN,NaN,NaN,NaN,NaN
1,NaN,NaN,NaN,NaN,NaN,NaN,NaN,NaN
2,NaN,NaN,NaN,NaN,NaN,NaN,NaN,NaN
3,NaN,NaN,NaN,NaN,NaN,NaN,NaN,NaN
4,NaN,NaN,NaN,NaN,NaN,NaN,NaN,NaN
5,NaN,NaN,NaN,NaN,NaN,NaN,NaN,NaN
6,NaN,NaN,NaN,NaN,NaN,NaN,NaN,NaN
7,NaN,NaN,NaN,NaN,NaN,NaN,NaN,NaN
8,NaN,NaN,NaN,NaN,NaN,NaN,NaN,NaN
9,NaN,NaN,NaN,NaN,NaN,NaN,NaN,NaN
10,NaN,NaN,NaN,NaN,NaN,NaN,NaN,NaN
11,NaN,NaN,NaN,NaN,NaN,NaN,NaN,NaN
1,NaN,NaN,NaN,NaN,NaN,NaN,NaN,NaN
2,NaN,NaN,NaN,NaN,NaN,NaN,NaN,NaN
3,NaN,NaN,NaN,NaN,NaN,NaN,NaN,NaN
4,NaN,NaN,NaN,NaN,NaN,NaN,NaN,NaN
5,NaN,NaN,NaN,NaN,NaN,NaN,NaN,NaN
6,NaN,NaN,NaN,NaN,NaN,NaN,NaN,NaN
7,NaN,NaN,NaN,NaN,NaN,NaN,NaN,NaN
8,NaN,NaN,NaN,NaN,NaN,NaN,NaN,NaN
9,NaN,NaN,NaN,NaN,NaN,NaN,NaN,NaN
10,NaN,NaN,NaN,NaN,NaN,NaN,NaN,NaN
11,NaN,NaN,NaN,NaN,NaN,NaN,NaN,NaN
1,NaN,NaN,NaN,NaN,NaN,NaN,NaN,NaN
2,NaN,NaN,NaN,NaN,NaN,NaN,NaN,NaN
3,NaN,NaN,NaN,NaN,NaN,NaN,NaN,NaN
4,NaN,NaN,NaN,NaN,NaN,NaN,NaN,NaN
5,NaN,NaN,NaN,NaN,NaN,NaN,NaN,NaN
6,NaN,NaN,NaN,NaN,NaN,NaN,NaN,NaN
7,NaN,NaN,NaN,NaN,NaN,NaN,NaN,NaN
8,NaN,NaN,NaN,NaN,NaN,NaN,NaN,NaN
9,NaN,NaN,NaN,NaN,NaN,NaN,NaN,NaN
10,NaN,NaN,NaN,NaN,NaN,NaN,NaN,NaN
11,NaN,NaN,NaN,NaN,NaN,NaN,NaN,NaN
1,NaN,NaN,NaN,NaN,NaN,NaN,NaN,NaN
2,NaN,NaN,NaN,NaN,NaN,NaN,NaN,NaN
3,NaN,NaN,NaN,NaN,NaN,NaN,NaN,NaN
4,NaN,NaN,NaN,NaN,NaN,NaN,NaN,NaN
5,NaN,NaN,NaN,NaN,NaN,NaN,NaN,NaN
6,NaN,NaN,NaN,NaN,NaN,NaN,NaN,NaN
7,NaN,NaN,NaN,NaN,NaN,NaN,NaN,NaN
8,NaN,NaN,NaN,NaN,NaN,NaN,NaN,NaN
9,NaN,NaN,NaN,NaN,NaN,NaN,NaN,NaN
10,NaN,NaN,NaN,NaN,NaN,NaN,NaN,NaN
11,NaN,NaN,NaN,NaN,NaN,NaN,NaN,NaN
1,NaN,NaN,NaN,NaN,NaN,NaN,NaN,NaN
2,NaN,NaN,NaN,NaN,NaN,NaN,NaN,NaN
3,NaN,NaN,NaN,NaN,NaN,NaN,NaN,NaN
4,NaN,NaN,NaN,NaN,NaN,NaN,NaN,NaN
5,NaN,NaN,NaN,NaN,NaN,NaN,NaN,NaN
6,NaN,NaN,NaN,NaN,NaN,NaN,NaN,NaN
7,NaN,NaN,NaN,NaN,NaN,NaN,NaN,NaN
8,NaN,NaN,NaN,NaN,NaN,NaN,NaN,NaN
9,NaN,NaN,NaN,NaN,NaN,NaN,NaN,NaN
10,NaN,NaN,NaN,NaN,NaN,NaN,NaN,NaN
11,NaN,NaN,NaN,NaN,NaN,NaN,NaN,NaN
1,NaN,NaN,NaN,NaN,NaN,NaN,NaN,NaN
2,NaN,NaN,NaN,NaN,NaN,NaN,NaN,NaN
3,NaN,NaN,NaN,NaN,NaN,NaN,NaN,NaN
4,NaN,NaN,NaN,NaN,NaN,NaN,NaN,NaN
5,NaN,NaN,NaN,NaN,NaN,NaN,NaN,NaN
6,NaN,NaN,NaN,NaN,NaN,NaN,NaN,NaN
7,NaN,NaN,NaN,NaN,NaN,NaN,NaN,NaN
8,NaN,NaN,NaN,NaN,NaN,NaN,NaN,NaN
9,NaN,NaN,NaN,NaN,NaN,NaN,NaN,NaN
10,NaN,NaN,NaN,NaN,NaN,NaN,NaN,NaN
11,NaN,NaN,NaN,NaN,NaN,NaN,NaN,NaN
1,NaN,NaN,NaN,NaN,NaN,NaN,NaN,NaN
2,NaN,NaN,NaN,NaN,NaN,NaN,NaN,NaN
3,NaN,NaN,NaN,NaN,NaN,NaN,NaN,NaN
4,NaN,NaN,NaN,NaN,NaN,NaN,NaN,NaN
5,NaN,NaN,NaN,NaN,NaN,NaN,NaN,NaN
6,NaN,NaN,NaN,NaN,NaN,NaN,NaN,NaN
7,NaN,NaN,NaN,NaN,NaN,NaN,NaN,NaN
8,NaN,NaN,NaN,NaN,NaN,NaN,NaN,NaN
9,NaN,NaN,NaN,NaN,NaN,NaN,NaN,NaN
10,NaN,NaN,NaN,NaN,NaN,NaN,NaN,NaN
11,NaN,NaN,NaN,NaN,NaN,NaN,NaN,NaN
1,NaN,NaN,NaN,NaN,NaN,NaN,NaN,NaN
2,NaN,NaN,NaN,NaN,NaN,NaN,NaN,NaN
3,NaN,NaN,NaN,NaN,NaN,NaN,NaN,NaN
4,NaN,NaN,NaN,NaN,NaN,NaN,NaN,NaN
5,NaN,NaN,NaN,NaN,NaN,NaN,NaN,NaN
6,NaN,NaN,NaN,NaN,NaN,NaN,NaN,NaN
7,NaN,NaN,NaN,NaN,NaN,NaN,NaN,NaN
8,NaN,NaN,NaN,NaN,NaN,NaN,NaN,NaN
9,NaN,NaN,NaN,NaN,NaN,NaN,NaN,NaN
10,NaN,NaN,NaN,NaN,NaN,NaN,NaN,NaN
11,NaN,NaN,NaN,NaN,NaN,NaN,NaN,NaN
1,NaN,NaN,NaN,NaN,NaN,NaN,NaN,NaN
2,NaN,NaN,NaN,NaN,NaN,NaN,NaN,NaN
3,NaN,NaN,NaN,NaN,NaN,NaN,NaN,NaN
4,NaN,NaN,NaN,NaN,NaN,NaN,NaN,NaN
5,NaN,NaN,NaN,NaN,NaN,NaN,NaN,NaN
6,NaN,NaN,NaN,NaN,NaN,NaN,NaN,NaN
7,NaN,NaN,NaN,NaN,NaN,NaN,NaN,NaN
8,NaN,NaN,NaN,NaN,NaN,NaN,NaN,NaN
9,NaN,NaN,NaN,NaN,NaN,NaN,NaN,NaN
10,NaN,NaN,NaN,NaN,NaN,NaN,NaN,NaN
11,NaN,NaN,NaN,NaN,NaN,NaN,NaN,NaN
1,NaN,NaN,NaN,NaN,NaN,NaN,NaN,NaN
2,NaN,NaN,NaN,NaN,NaN,NaN,NaN,NaN
3,NaN,NaN,NaN,NaN,NaN,NaN,NaN,NaN
4,NaN,NaN,NaN,NaN,NaN,NaN,NaN,NaN
5,NaN,NaN,NaN,NaN,NaN,NaN,NaN,NaN
6,NaN,NaN,NaN,NaN,NaN,NaN,NaN,NaN
7,NaN,NaN,NaN,NaN,NaN,NaN,NaN,NaN
8,NaN,NaN,NaN,NaN,NaN,NaN,NaN,NaN
9,NaN,NaN,NaN,NaN,NaN,NaN,NaN,NaN
10,NaN,NaN,NaN,NaN,NaN,NaN,NaN,NaN
11,NaN,NaN,NaN,NaN,NaN,NaN,NaN,NaN
1,NaN,NaN,NaN,NaN,NaN,NaN,NaN,NaN
2,NaN,NaN,NaN,NaN,NaN,NaN,NaN,NaN
3,NaN,NaN,NaN,NaN,NaN,NaN,NaN,NaN
4,NaN,NaN,NaN,NaN,NaN,NaN,NaN,NaN
5,NaN,NaN,NaN,NaN,NaN,NaN,NaN,NaN
6,NaN,NaN,NaN,NaN,NaN,NaN,NaN,NaN
7,NaN,NaN,NaN,NaN,NaN,NaN,NaN,NaN
8,NaN,NaN,NaN,NaN,NaN,NaN,NaN,NaN
9,NaN,NaN,NaN,NaN,NaN,NaN,NaN,NaN
10,NaN,NaN,NaN,NaN,NaN,NaN,NaN,NaN
11,NaN,NaN,NaN,NaN,NaN,NaN,NaN,NaN
1,NaN,NaN,NaN,NaN,NaN,NaN,NaN,NaN
2,NaN,NaN,NaN,NaN,NaN,NaN,NaN,NaN
3,NaN,NaN,NaN,NaN,NaN,NaN,NaN,NaN
4,NaN,NaN,NaN,NaN,NaN,NaN,NaN,NaN
5,NaN,NaN,NaN,NaN,NaN,NaN,NaN,NaN
6,NaN,NaN,NaN,NaN,NaN,NaN,NaN,NaN
7,NaN,NaN,NaN,NaN,NaN,NaN,NaN,NaN
8,NaN,NaN,NaN,NaN,NaN,NaN,NaN,NaN
9,NaN,NaN,NaN,NaN,NaN,NaN,NaN,NaN
10,NaN,NaN,NaN,NaN,NaN,NaN,NaN,NaN
11,NaN,NaN,NaN,NaN,NaN,NaN,NaN,NaN
1,NaN,NaN,NaN,NaN,NaN,NaN,NaN,NaN
2,NaN,NaN,NaN,NaN,NaN,NaN,NaN,NaN
3,NaN,NaN,NaN,NaN,NaN,NaN,NaN,NaN
4,NaN,NaN,NaN,NaN,NaN,NaN,NaN,NaN
5,NaN,NaN,NaN,NaN,NaN,NaN,NaN,NaN
6,NaN,NaN,NaN,NaN,NaN,NaN,NaN,NaN
7,NaN,NaN,NaN,NaN,NaN,NaN,NaN,NaN
8,NaN,NaN,NaN,NaN,NaN,NaN,NaN,NaN
9,NaN,NaN,NaN,NaN,NaN,NaN,NaN,NaN
10,NaN,NaN,NaN,NaN,NaN,NaN,NaN,NaN
11,NaN,NaN,NaN,NaN,NaN,NaN,NaN,NaN
1,NaN,NaN,NaN,NaN,NaN,NaN,NaN,NaN
2,NaN,NaN,NaN,NaN,NaN,NaN,NaN,NaN
3,NaN,NaN,NaN,NaN,NaN,NaN,NaN,NaN
4,NaN,NaN,NaN,NaN,NaN,NaN,NaN,NaN
5,NaN,NaN,NaN,NaN,NaN,NaN,NaN,NaN
6,NaN,NaN,NaN,NaN,NaN,NaN,NaN,NaN
7,NaN,NaN,NaN,NaN,NaN,NaN,NaN,NaN
8,NaN,NaN,NaN,NaN,NaN,NaN,NaN,NaN
9,NaN,NaN,NaN,NaN,NaN,NaN,NaN,NaN
10,NaN,NaN,NaN,NaN,NaN,NaN,NaN,NaN
11,NaN,NaN,NaN,NaN,NaN,NaN,NaN,NaN
1,NaN,NaN,NaN,NaN,NaN,NaN,NaN,NaN
2,NaN,NaN,NaN,NaN,NaN,NaN,NaN,NaN
3,NaN,NaN,NaN,NaN,NaN,NaN,NaN,NaN
4,NaN,NaN,NaN,NaN,NaN,NaN,NaN,NaN
5,NaN,NaN,NaN,NaN,NaN,NaN,NaN,NaN
6,NaN,NaN,NaN,NaN,NaN,NaN,NaN,NaN
7,NaN,NaN,NaN,NaN,NaN,NaN,NaN,NaN
8,NaN,NaN,NaN,NaN,NaN,NaN,NaN,NaN
9,NaN,NaN,NaN,NaN,NaN,NaN,NaN,NaN
10,NaN,NaN,NaN,NaN,NaN,NaN,NaN,NaN
11,NaN,NaN,NaN,NaN,NaN,NaN,NaN,NaN
1,NaN,NaN,NaN,NaN,NaN,NaN,NaN,NaN
2,NaN,NaN,NaN,NaN,NaN,NaN,NaN,NaN
3,NaN,NaN,NaN,NaN,NaN,NaN,NaN,NaN
4,NaN,NaN,NaN,NaN,NaN,NaN,NaN,NaN
5,NaN,NaN,NaN,NaN,NaN,NaN,NaN,NaN
6,NaN,NaN,NaN,NaN,NaN,NaN,NaN,NaN
7,NaN,NaN,NaN,NaN,NaN,NaN,NaN,NaN
8,NaN,NaN,NaN,NaN,NaN,NaN,NaN,NaN
9,NaN,NaN,NaN,NaN,NaN,NaN,NaN,NaN
10,NaN,NaN,NaN,NaN,NaN,NaN,NaN,NaN
11,NaN,NaN,NaN,NaN,NaN,NaN,NaN,NaN
1,NaN,NaN,NaN,NaN,NaN,NaN,NaN,NaN
2,NaN,NaN,NaN,NaN,NaN,NaN,NaN,NaN
3,NaN,NaN,NaN,NaN,NaN,NaN,NaN,NaN
4,NaN,NaN,NaN,NaN,NaN,NaN,NaN,NaN
5,NaN,NaN,NaN,NaN,NaN,NaN,NaN,NaN
6,NaN,NaN,NaN,NaN,NaN,NaN,NaN,NaN
7,NaN,NaN,NaN,NaN,NaN,NaN,NaN,NaN
8,NaN,NaN,NaN,NaN,NaN,NaN,NaN,NaN
9,NaN,NaN,NaN,NaN,NaN,NaN,NaN,NaN
10,NaN,NaN,NaN,NaN,NaN,NaN,NaN,NaN
11,NaN,NaN,NaN,NaN,NaN,NaN,NaN,NaN
1,NaN,NaN,NaN,NaN,NaN,NaN,NaN,NaN
2,NaN,NaN,NaN,NaN,NaN,NaN,NaN,NaN
3,NaN,NaN,NaN,NaN,NaN,NaN,NaN,NaN
4,NaN,NaN,NaN,NaN,NaN,NaN,NaN,NaN
5,NaN,NaN,NaN,NaN,NaN,NaN,NaN,NaN
6,NaN,NaN,NaN,NaN,NaN,NaN,NaN,NaN
7,NaN,NaN,NaN,NaN,NaN,NaN,NaN,NaN
8,NaN,NaN,NaN,NaN,NaN,NaN,NaN,NaN
9,NaN,NaN,NaN,NaN,NaN,NaN,NaN,NaN
10,NaN,NaN,NaN,NaN,NaN,NaN,NaN,NaN
11,NaN,NaN,NaN,NaN,NaN,NaN,NaN,NaN
1,NaN,NaN,NaN,NaN,NaN,NaN,NaN,NaN
2,NaN,NaN,NaN,NaN,NaN,NaN,NaN,NaN
3,NaN,NaN,NaN,NaN,NaN,NaN,NaN,NaN
4,NaN,NaN,NaN,NaN,NaN,NaN,NaN,NaN
5,NaN,NaN,NaN,NaN,NaN,NaN,NaN,NaN
6,NaN,NaN,NaN,NaN,NaN,NaN,NaN,NaN
7,NaN,NaN,NaN,NaN,NaN,NaN,NaN,NaN
8,NaN,NaN,NaN,NaN,NaN,NaN,NaN,NaN
9,NaN,NaN,NaN,NaN,NaN,NaN,NaN,NaN
10,NaN,NaN,NaN,NaN,NaN,NaN,NaN,NaN
11,NaN,NaN,NaN,NaN,NaN,NaN,NaN,NaN
1,NaN,NaN,NaN,NaN,NaN,NaN,NaN,NaN
2,NaN,NaN,NaN,NaN,NaN,NaN,NaN,NaN
3,NaN,NaN,NaN,NaN,NaN,NaN,NaN,NaN
4,NaN,NaN,NaN,NaN,NaN,NaN,NaN,NaN
5,NaN,NaN,NaN,NaN,NaN,NaN,NaN,NaN
6,NaN,NaN,NaN,NaN,NaN,NaN,NaN,NaN
7,NaN,NaN,NaN,NaN,NaN,NaN,NaN,NaN
8,NaN,NaN,NaN,NaN,NaN,NaN,NaN,NaN
9,NaN,NaN,NaN,NaN,NaN,NaN,NaN,NaN
10,NaN,NaN,NaN,NaN,NaN,NaN,NaN,NaN
11,NaN,NaN,NaN,NaN,NaN,NaN,NaN,NaN
1,NaN,NaN,NaN,NaN,NaN,NaN,NaN,NaN
2,NaN,NaN,NaN,NaN,NaN,NaN,NaN,NaN
3,NaN,NaN,NaN,NaN,NaN,NaN,NaN,NaN
4,NaN,NaN,NaN,NaN,NaN,NaN,NaN,NaN
5,NaN,NaN,NaN,NaN,NaN,NaN,NaN,NaN
6,NaN,NaN,NaN,NaN,NaN,NaN,NaN,NaN
7,NaN,NaN,NaN,NaN,NaN,NaN,NaN,NaN
8,NaN,NaN,NaN,NaN,NaN,NaN,NaN,NaN
9,NaN,NaN,NaN,NaN,NaN,NaN,NaN,NaN
10,NaN,NaN,NaN,NaN,NaN,NaN,NaN,NaN
11,NaN,NaN,NaN,NaN,NaN,NaN,NaN,NaN
1,NaN,NaN,NaN,NaN,NaN,NaN,NaN,NaN
2,NaN,NaN,NaN,NaN,NaN,NaN,NaN,NaN
3,NaN,NaN,NaN,NaN,NaN,NaN,NaN,NaN
4,NaN,NaN,NaN,NaN,NaN,NaN,NaN,NaN
5,NaN,NaN,NaN,NaN,NaN,NaN,NaN,NaN
6,NaN,NaN,NaN,NaN,NaN,NaN,NaN,NaN
7,NaN,NaN,NaN,NaN,NaN,NaN,NaN,NaN
8,NaN,NaN,NaN,NaN,NaN,NaN,NaN,NaN
9,NaN,NaN,NaN,NaN,NaN,NaN,NaN,NaN
10,NaN,NaN,NaN,NaN,NaN,NaN,NaN,NaN
11,NaN,NaN,NaN,NaN,NaN,NaN,NaN,NaN
1,NaN,NaN,NaN,NaN,NaN,NaN,NaN,NaN
2,NaN,NaN,NaN,NaN,NaN,NaN,NaN,NaN
3,NaN,NaN,NaN,NaN,NaN,NaN,NaN,NaN
4,NaN,NaN,NaN,NaN,NaN,NaN,NaN,NaN
5,NaN,NaN,NaN,NaN,NaN,NaN,NaN,NaN
6,NaN,NaN,NaN,NaN,NaN,NaN,NaN,NaN
7,NaN,NaN,NaN,NaN,NaN,NaN,NaN,NaN
8,NaN,NaN,NaN,NaN,NaN,NaN,NaN,NaN
9,NaN,NaN,NaN,NaN,NaN,NaN,NaN,NaN
10,NaN,NaN,NaN,NaN,NaN,NaN,NaN,NaN
11,NaN,NaN,NaN,NaN,NaN,NaN,NaN,NaN
1,NaN,NaN,NaN,NaN,NaN,NaN,NaN,NaN
2,NaN,NaN,NaN,NaN,NaN,NaN,NaN,NaN
3,NaN,NaN,NaN,NaN,NaN,NaN,NaN,NaN
4,NaN,NaN,NaN,NaN,NaN,NaN,NaN,NaN
5,NaN,NaN,NaN,NaN,NaN,NaN,NaN,NaN
6,NaN,NaN,NaN,NaN,NaN,NaN,NaN,NaN
7,NaN,NaN,NaN,NaN,NaN,NaN,NaN,NaN
8,NaN,NaN,NaN,NaN,NaN,NaN,NaN,NaN
9,NaN,NaN,NaN,NaN,NaN,NaN,NaN,NaN
10,NaN,NaN,NaN,NaN,NaN,NaN,NaN,NaN
11,NaN,NaN,NaN,NaN,NaN,NaN,NaN,NaN
1,NaN,NaN,NaN,NaN,NaN,NaN,NaN,NaN
2,NaN,NaN,NaN,NaN,NaN,NaN,NaN,NaN
3,NaN,NaN,NaN,NaN,NaN,NaN,NaN,NaN
4,NaN,NaN,NaN,NaN,NaN,NaN,NaN,NaN
5,NaN,NaN,NaN,NaN,NaN,NaN,NaN,NaN
6,NaN,NaN,NaN,NaN,NaN,NaN,NaN,NaN
7,NaN,NaN,NaN,NaN,NaN,NaN,NaN,NaN
8,NaN,NaN,NaN,NaN,NaN,NaN,NaN,NaN
9,NaN,NaN,NaN,NaN,NaN,NaN,NaN,NaN
10,NaN,NaN,NaN,NaN,NaN,NaN,NaN,NaN
11,NaN,NaN,NaN,NaN,NaN,NaN,NaN,NaN
1,NaN,NaN,NaN,NaN,NaN,NaN,NaN,NaN
2,NaN,NaN,NaN,NaN,NaN,NaN,NaN,NaN
3,NaN,NaN,NaN,NaN,NaN,NaN,NaN,NaN
4,NaN,NaN,NaN,NaN,NaN,NaN,NaN,NaN
5,NaN,NaN,NaN,NaN,NaN,NaN,NaN,NaN
6,NaN,NaN,NaN,NaN,NaN,NaN,NaN,NaN
7,NaN,NaN,NaN,NaN,NaN,NaN,NaN,NaN
8,NaN,NaN,NaN,NaN,NaN,NaN,NaN,NaN
9,NaN,NaN,NaN,NaN,NaN,NaN,NaN,NaN
10,NaN,NaN,NaN,NaN,NaN,NaN,NaN,NaN
11,NaN,NaN,NaN,NaN,NaN,NaN,NaN,NaN
1,NaN,NaN,NaN,NaN,NaN,NaN,NaN,NaN
2,NaN,NaN,NaN,NaN,NaN,NaN,NaN,NaN
3,NaN,NaN,NaN,NaN,NaN,NaN,NaN,NaN
4,NaN,NaN,NaN,NaN,NaN,NaN,NaN,NaN
5,NaN,NaN,NaN,NaN,NaN,NaN,NaN,NaN
6,NaN,NaN,NaN,NaN,NaN,NaN,NaN,NaN
7,NaN,NaN,NaN,NaN,NaN,NaN,NaN,NaN
8,NaN,NaN,NaN,NaN,NaN,NaN,NaN,NaN
9,NaN,NaN,NaN,NaN,NaN,NaN,NaN,NaN
10,NaN,NaN,NaN,NaN,NaN,NaN,NaN,NaN
11,NaN,NaN,NaN,NaN,NaN,NaN,NaN,NaN
1,NaN,NaN,NaN,NaN,NaN,NaN,NaN,NaN
2,NaN,NaN,NaN,NaN,NaN,NaN,NaN,NaN
3,NaN,NaN,NaN,NaN,NaN,NaN,NaN,NaN
4,NaN,NaN,NaN,NaN,NaN,NaN,NaN,NaN
5,NaN,NaN,NaN,NaN,NaN,NaN,NaN,NaN
6,NaN,NaN,NaN,NaN,NaN,NaN,NaN,NaN
7,NaN,NaN,NaN,NaN,NaN,NaN,NaN,NaN
8,NaN,NaN,NaN,NaN,NaN,NaN,NaN,NaN
9,NaN,NaN,NaN,NaN,NaN,NaN,NaN,NaN
10,NaN,NaN,NaN,NaN,NaN,NaN,NaN,NaN
11,NaN,NaN,NaN,NaN,NaN,NaN,NaN,NaN
1,NaN,NaN,NaN,NaN,NaN,NaN,NaN,NaN
2,NaN,NaN,NaN,NaN,NaN,NaN,NaN,NaN
3,NaN,NaN,NaN,NaN,NaN,NaN,NaN,NaN
4,NaN,NaN,NaN,NaN,NaN,NaN,NaN,NaN
5,NaN,NaN,NaN,NaN,NaN,NaN,NaN,NaN
6,NaN,NaN,NaN,NaN,NaN,NaN,NaN,NaN
7,NaN,NaN,NaN,NaN,NaN,NaN,NaN,NaN
8,NaN,NaN,NaN,NaN,NaN,NaN,NaN,NaN
9,NaN,NaN,NaN,NaN,NaN,NaN,NaN,NaN
10,NaN,NaN,NaN,NaN,NaN,NaN,NaN,NaN
11,NaN,NaN,NaN,NaN,NaN,NaN,NaN,NaN
1,NaN,NaN,NaN,NaN,NaN,NaN,NaN,NaN
2,NaN,NaN,NaN,NaN,NaN,NaN,NaN,NaN
3,NaN,NaN,NaN,NaN,NaN,NaN,NaN,NaN
4,NaN,NaN,NaN,NaN,NaN,NaN,NaN,NaN
5,NaN,NaN,NaN,NaN,NaN,NaN,NaN,NaN
6,NaN,NaN,NaN,NaN,NaN,NaN,NaN,NaN
7,NaN,NaN,NaN,NaN,NaN,NaN,NaN,NaN
8,NaN,NaN,NaN,NaN,NaN,NaN,NaN,NaN
9,NaN,NaN,NaN,NaN,NaN,NaN,NaN,NaN
10,NaN,NaN,NaN,NaN,NaN,NaN,NaN,NaN
11,NaN,NaN,NaN,NaN,NaN,NaN,NaN,NaN
1,NaN,NaN,NaN,NaN,NaN,NaN,NaN,NaN
2,NaN,NaN,NaN,NaN,NaN,NaN,NaN,NaN
3,NaN,NaN,NaN,NaN,NaN,NaN,NaN,NaN
4,NaN,NaN,NaN,NaN,NaN,NaN,NaN,NaN
5,NaN,NaN,NaN,NaN,NaN,NaN,NaN,NaN
6,NaN,NaN,NaN,NaN,NaN,NaN,NaN,NaN
7,NaN,NaN,NaN,NaN,NaN,NaN,NaN,NaN
8,NaN,NaN,NaN,NaN,NaN,NaN,NaN,NaN
9,NaN,NaN,NaN,NaN,NaN,NaN,NaN,NaN
10,NaN,NaN,NaN,NaN,NaN,NaN,NaN,NaN
11,NaN,NaN,NaN,NaN,NaN,NaN,NaN,NaN
1,NaN,NaN,NaN,NaN,NaN,NaN,NaN,NaN
2,NaN,NaN,NaN,NaN,NaN,NaN,NaN,NaN
3,NaN,NaN,NaN,NaN,NaN,NaN,NaN,NaN
4,NaN,NaN,NaN,NaN,NaN,NaN,NaN,NaN
5,NaN,NaN,NaN,NaN,NaN,NaN,NaN,NaN
6,NaN,NaN,NaN,NaN,NaN,NaN,NaN,NaN
7,NaN,NaN,NaN,NaN,NaN,NaN,NaN,NaN
8,NaN,NaN,NaN,NaN,NaN,NaN,NaN,NaN
9,NaN,NaN,NaN,NaN,NaN,NaN,NaN,NaN
10,NaN,NaN,NaN,NaN,NaN,NaN,NaN,NaN
11,NaN,NaN,NaN,NaN,NaN,NaN,NaN,NaN
1,NaN,NaN,NaN,NaN,NaN,NaN,NaN,NaN
2,NaN,NaN,NaN,NaN,NaN,NaN,NaN,NaN
3,NaN,NaN,NaN,NaN,NaN,NaN,NaN,NaN
4,NaN,NaN,NaN,NaN,NaN,NaN,NaN,NaN
5,NaN,NaN,NaN,NaN,NaN,NaN,NaN,NaN
6,NaN,NaN,NaN,NaN,NaN,NaN,NaN,NaN
7,NaN,NaN,NaN,NaN,NaN,NaN,NaN,NaN
8,NaN,NaN,NaN,NaN,NaN,NaN,NaN,NaN
9,NaN,NaN,NaN,NaN,NaN,NaN,NaN,NaN
10,NaN,NaN,NaN,NaN,NaN,NaN,NaN,NaN
11,NaN,NaN,NaN,NaN,NaN,NaN,NaN,NaN
1,NaN,NaN,NaN,NaN,NaN,NaN,NaN,NaN
2,NaN,NaN,NaN,NaN,NaN,NaN,NaN,NaN
3,NaN,NaN,NaN,NaN,NaN,NaN,NaN,NaN
4,NaN,NaN,NaN,NaN,NaN,NaN,NaN,NaN
5,NaN,NaN,NaN,NaN,NaN,NaN,NaN,NaN
6,NaN,NaN,NaN,NaN,NaN,NaN,NaN,NaN
7,NaN,NaN,NaN,NaN,NaN,NaN,NaN,NaN
8,NaN,NaN,NaN,NaN,NaN,NaN,NaN,NaN
9,NaN,NaN,NaN,NaN,NaN,NaN,NaN,NaN
10,NaN,NaN,NaN,NaN,NaN,NaN,NaN,NaN
11,NaN,NaN,NaN,NaN,NaN,NaN,NaN,NaN
1,NaN,NaN,NaN,NaN,NaN,NaN,NaN,NaN
2,NaN,NaN,NaN,NaN,NaN,NaN,NaN,NaN
3,NaN,NaN,NaN,NaN,NaN,NaN,NaN,NaN
4,NaN,NaN,NaN,NaN,NaN,NaN,NaN,NaN
5,NaN,NaN,NaN,NaN,NaN,NaN,NaN,NaN
6,NaN,NaN,NaN,NaN,NaN,NaN,NaN,NaN
7,NaN,NaN,NaN,NaN,NaN,NaN,NaN,NaN
8,NaN,NaN,NaN,NaN,NaN,NaN,NaN,NaN
9,NaN,NaN,NaN,NaN,NaN,NaN,NaN,NaN
10,NaN,NaN,NaN,NaN,NaN,NaN,NaN,NaN
11,NaN,NaN,NaN,NaN,NaN,NaN,NaN,NaN
1,NaN,NaN,NaN,NaN,NaN,NaN,NaN,NaN
2,NaN,NaN,NaN,NaN,NaN,NaN,NaN,NaN
3,NaN,NaN,NaN,NaN,NaN,NaN,NaN,NaN
4,NaN,NaN,NaN,NaN,NaN,NaN,NaN,NaN
5,NaN,NaN,NaN,NaN,NaN,NaN,NaN,NaN
6,NaN,NaN,NaN,NaN,NaN,NaN,NaN,NaN
7,NaN,NaN,NaN,NaN,NaN,NaN,NaN,NaN
8,NaN,NaN,NaN,NaN,NaN,NaN,NaN,NaN
9,NaN,NaN,NaN,NaN,NaN,NaN,NaN,NaN
10,NaN,NaN,NaN,NaN,NaN,NaN,NaN,NaN
11,NaN,NaN,NaN,NaN,NaN,NaN,NaN,NaN
1,NaN,NaN,NaN,NaN,NaN,NaN,NaN,NaN
2,NaN,NaN,NaN,NaN,NaN,NaN,NaN,NaN
3,NaN,NaN,NaN,NaN,NaN,NaN,NaN,NaN
4,NaN,NaN,NaN,NaN,NaN,NaN,NaN,NaN
5,NaN,NaN,NaN,NaN,NaN,NaN,NaN,NaN
6,NaN,NaN,NaN,NaN,NaN,NaN,NaN,NaN
7,NaN,NaN,NaN,NaN,NaN,NaN,NaN,NaN
8,NaN,NaN,NaN,NaN,NaN,NaN,NaN,NaN
9,NaN,NaN,NaN,NaN,NaN,NaN,NaN,NaN
10,NaN,NaN,NaN,NaN,NaN,NaN,NaN,NaN
11,NaN,NaN,NaN,NaN,NaN,NaN,NaN,NaN
1,NaN,NaN,NaN,NaN,NaN,NaN,NaN,NaN
2,NaN,NaN,NaN,NaN,NaN,NaN,NaN,NaN
3,NaN,NaN,NaN,NaN,NaN,NaN,NaN,NaN
4,NaN,NaN,NaN,NaN,NaN,NaN,NaN,NaN
5,NaN,NaN,NaN,NaN,NaN,NaN,NaN,NaN
6,NaN,NaN,NaN,NaN,NaN,NaN,NaN,NaN
7,NaN,NaN,NaN,NaN,NaN,NaN,NaN,NaN
8,NaN,NaN,NaN,NaN,NaN,NaN,NaN,NaN
9,NaN,NaN,NaN,NaN,NaN,NaN,NaN,NaN
10,NaN,NaN,NaN,NaN,NaN,NaN,NaN,NaN
11,NaN,NaN,NaN,NaN,NaN,NaN,NaN,NaN
1,NaN,NaN,NaN,NaN,NaN,NaN,NaN,NaN
2,NaN,NaN,NaN,NaN,NaN,NaN,NaN,NaN
3,NaN,NaN,NaN,NaN,NaN,NaN,NaN,NaN
4,NaN,NaN,NaN,NaN,NaN,NaN,NaN,NaN
5,NaN,NaN,NaN,NaN,NaN,NaN,NaN,NaN
6,NaN,NaN,NaN,NaN,NaN,NaN,NaN,NaN
7,NaN,NaN,NaN,NaN,NaN,NaN,NaN,NaN
8,NaN,NaN,NaN,NaN,NaN,NaN,NaN,NaN
9,NaN,NaN,NaN,NaN,NaN,NaN,NaN,NaN
10,NaN,NaN,NaN,NaN,NaN,NaN,NaN,NaN
11,NaN,NaN,NaN,NaN,NaN,NaN,NaN,NaN
1,NaN,NaN,NaN,NaN,NaN,NaN,NaN,NaN
2,NaN,NaN,NaN,NaN,NaN,NaN,NaN,NaN
3,NaN,NaN,NaN,NaN,NaN,NaN,NaN,NaN
4,NaN,NaN,NaN,NaN,NaN,NaN,NaN,NaN
5,NaN,NaN,NaN,NaN,NaN,NaN,NaN,NaN
6,NaN,NaN,NaN,NaN,NaN,NaN,NaN,NaN
7,NaN,NaN,NaN,NaN,NaN,NaN,NaN,NaN
8,NaN,NaN,NaN,NaN,NaN,NaN,NaN,NaN
9,NaN,NaN,NaN,NaN,NaN,NaN,NaN,NaN
10,NaN,NaN,NaN,NaN,NaN,NaN,NaN,NaN
11,NaN,NaN,NaN,NaN,NaN,NaN,NaN,NaN
1,NaN,NaN,NaN,NaN,NaN,NaN,NaN,NaN
2,NaN,NaN,NaN,NaN,NaN,NaN,NaN,NaN
3,NaN,NaN,NaN,NaN,NaN,NaN,NaN,NaN
4,NaN,NaN,NaN,NaN,NaN,NaN,NaN,NaN
5,NaN,NaN,NaN,NaN,NaN,NaN,NaN,NaN
6,NaN,NaN,NaN,NaN,NaN,NaN,NaN,NaN
7,NaN,NaN,NaN,NaN,NaN,NaN,NaN,NaN
8,NaN,NaN,NaN,NaN,NaN,NaN,NaN,NaN
9,NaN,NaN,NaN,NaN,NaN,NaN,NaN,NaN
10,NaN,NaN,NaN,NaN,NaN,NaN,NaN,NaN
11,NaN,NaN,NaN,NaN,NaN,NaN,NaN,NaN
1,NaN,NaN,NaN,NaN,NaN,NaN,NaN,NaN
2,NaN,NaN,NaN,NaN,NaN,NaN,NaN,NaN
3,NaN,NaN,NaN,NaN,NaN,NaN,NaN,NaN
4,NaN,NaN,NaN,NaN,NaN,NaN,NaN,NaN
5,NaN,NaN,NaN,NaN,NaN,NaN,NaN,NaN
6,NaN,NaN,NaN,NaN,NaN,NaN,NaN,NaN
7,NaN,NaN,NaN,NaN,NaN,NaN,NaN,NaN
8,NaN,NaN,NaN,NaN,NaN,NaN,NaN,NaN
9,NaN,NaN,NaN,NaN,NaN,NaN,NaN,NaN
10,NaN,NaN,NaN,NaN,NaN,NaN,NaN,NaN
11,NaN,NaN,NaN,NaN,NaN,NaN,NaN,NaN
1,NaN,NaN,NaN,NaN,NaN,NaN,NaN,NaN
2,NaN,NaN,NaN,NaN,NaN,NaN,NaN,NaN
3,NaN,NaN,NaN,NaN,NaN,NaN,NaN,NaN
4,NaN,NaN,NaN,NaN,NaN,NaN,NaN,NaN
5,NaN,NaN,NaN,NaN,NaN,NaN,NaN,NaN
6,NaN,NaN,NaN,NaN,NaN,NaN,NaN,NaN
7,NaN,NaN,NaN,NaN,NaN,NaN,NaN,NaN
8,NaN,NaN,NaN,NaN,NaN,NaN,NaN,NaN
9,NaN,NaN,NaN,NaN,NaN,NaN,NaN,NaN
10,NaN,NaN,NaN,NaN,NaN,NaN,NaN,NaN
11,NaN,NaN,NaN,NaN,NaN,NaN,NaN,NaN
1,NaN,NaN,NaN,NaN,NaN,NaN,NaN,NaN
2,NaN,NaN,NaN,NaN,NaN,NaN,NaN,NaN
3,NaN,NaN,NaN,NaN,NaN,NaN,NaN,NaN
4,NaN,NaN,NaN,NaN,NaN,NaN,NaN,NaN
5,NaN,NaN,NaN,NaN,NaN,NaN,NaN,NaN
6,NaN,NaN,NaN,NaN,NaN,NaN,NaN,NaN
7,NaN,NaN,NaN,NaN,NaN,NaN,NaN,NaN
8,NaN,NaN,NaN,NaN,NaN,NaN,NaN,NaN
9,NaN,NaN,NaN,NaN,NaN,NaN,NaN,NaN
10,NaN,NaN,NaN,NaN,NaN,NaN,NaN,NaN
11,NaN,NaN,NaN,NaN,NaN,NaN,NaN,NaN
1,NaN,NaN,NaN,NaN,NaN,NaN,NaN,NaN
2,NaN,NaN,NaN,NaN,NaN,NaN,NaN,NaN
3,NaN,NaN,NaN,NaN,NaN,NaN,NaN,NaN
4,NaN,NaN,NaN,NaN,NaN,NaN,NaN,NaN
5,NaN,NaN,NaN,NaN,NaN,NaN,NaN,NaN
6,NaN,NaN,NaN,NaN,NaN,NaN,NaN,NaN
7,NaN,NaN,NaN,NaN,NaN,NaN,NaN,NaN
8,NaN,NaN,NaN,NaN,NaN,NaN,NaN,NaN
9,NaN,NaN,NaN,NaN,NaN,NaN,NaN,NaN
10,NaN,NaN,NaN,NaN,NaN,NaN,NaN,NaN
11,NaN,NaN,NaN,NaN,NaN,NaN,NaN,NaN
1,NaN,NaN,NaN,NaN,NaN,NaN,NaN,NaN
2,NaN,NaN,NaN,NaN,NaN,NaN,NaN,NaN
3,NaN,NaN,NaN,NaN,NaN,NaN,NaN,NaN
4,NaN,NaN,NaN,NaN,NaN,NaN,NaN,NaN
5,NaN,NaN,NaN,NaN,NaN,NaN,NaN,NaN
6,NaN,NaN,NaN,NaN,NaN,NaN,NaN,NaN
7,NaN,NaN,NaN,NaN,NaN,NaN,NaN,NaN
8,NaN,NaN,NaN,NaN,NaN,NaN,NaN,NaN
9,NaN,NaN,NaN,NaN,NaN,NaN,NaN,NaN
10,NaN,NaN,NaN,NaN,NaN,NaN,NaN,NaN
11,NaN,NaN,NaN,NaN,NaN,NaN,NaN,NaN
1,NaN,NaN,NaN,NaN,NaN,NaN,NaN,NaN
2,NaN,NaN,NaN,NaN,NaN,NaN,NaN,NaN
3,NaN,NaN,NaN,NaN,NaN,NaN,NaN,NaN
4,NaN,NaN,NaN,NaN,NaN,NaN,NaN,NaN
5,NaN,NaN,NaN,NaN,NaN,NaN,NaN,NaN
6,NaN,NaN,NaN,NaN,NaN,NaN,NaN,NaN
7,NaN,NaN,NaN,NaN,NaN,NaN,NaN,NaN
8,NaN,NaN,NaN,NaN,NaN,NaN,NaN,NaN
9,NaN,NaN,NaN,NaN,NaN,NaN,NaN,NaN
10,NaN,NaN,NaN,NaN,NaN,NaN,NaN,NaN
11,NaN,NaN,NaN,NaN,NaN,NaN,NaN,NaN
1,NaN,NaN,NaN,NaN,NaN,NaN,NaN,NaN
2,NaN,NaN,NaN,NaN,NaN,NaN,NaN,NaN
3,NaN,NaN,NaN,NaN,NaN,NaN,NaN,NaN
4,NaN,NaN,NaN,NaN,NaN,NaN,NaN,NaN
5,NaN,NaN,NaN,NaN,NaN,NaN,NaN,NaN
6,NaN,NaN,NaN,NaN,NaN,NaN,NaN,NaN
7,NaN,NaN,NaN,NaN,NaN,NaN,NaN,NaN
8,NaN,NaN,NaN,NaN,NaN,NaN,NaN,NaN
9,NaN,NaN,NaN,NaN,NaN,NaN,NaN,NaN
10,NaN,NaN,NaN,NaN,NaN,NaN,NaN,NaN
11,NaN,NaN,NaN,NaN,NaN,NaN,NaN,NaN
1,NaN,NaN,NaN,NaN,NaN,NaN,NaN,NaN
2,NaN,NaN,NaN,NaN,NaN,NaN,NaN,NaN
3,NaN,NaN,NaN,NaN,NaN,NaN,NaN,NaN
4,NaN,NaN,NaN,NaN,NaN,NaN,NaN,NaN
5,NaN,NaN,NaN,NaN,NaN,NaN,NaN,NaN
6,NaN,NaN,NaN,NaN,NaN,NaN,NaN,NaN
7,NaN,NaN,NaN,NaN,NaN,NaN,NaN,NaN
8,NaN,NaN,NaN,NaN,NaN,NaN,NaN,NaN
9,NaN,NaN,NaN,NaN,NaN,NaN,NaN,NaN
10,NaN,NaN,NaN,NaN,NaN,NaN,NaN,NaN
11,NaN,NaN,NaN,NaN,NaN,NaN,NaN,NaN
1,NaN,NaN,NaN,NaN,NaN,NaN,NaN,NaN
2,NaN,NaN,NaN,NaN,NaN,NaN,NaN,NaN
3,NaN,NaN,NaN,NaN,NaN,NaN,NaN,NaN
4,NaN,NaN,NaN,NaN,NaN,NaN,NaN,NaN
5,NaN,NaN,NaN,NaN,NaN,NaN,NaN,NaN
6,NaN,NaN,NaN,NaN,NaN,NaN,NaN,NaN
7,NaN,NaN,NaN,NaN,NaN,NaN,NaN,NaN
8,NaN,NaN,NaN,NaN,NaN,NaN,NaN,NaN
9,NaN,NaN,NaN,NaN,NaN,NaN,NaN,NaN
10,NaN,NaN,NaN,NaN,NaN,NaN,NaN,NaN
11,NaN,NaN,NaN,NaN,NaN,NaN,NaN,NaN
1,NaN,NaN,NaN,NaN,NaN,NaN,NaN,NaN
2,NaN,NaN,NaN,NaN,NaN,NaN,NaN,NaN
3,NaN,NaN,NaN,NaN,NaN,NaN,NaN,NaN
4,NaN,NaN,NaN,NaN,NaN,NaN,NaN,NaN
5,NaN,NaN,NaN,NaN,NaN,NaN,NaN,NaN
6,NaN,NaN,NaN,NaN,NaN,NaN,NaN,NaN
7,NaN,NaN,NaN,NaN,NaN,NaN,NaN,NaN
8,NaN,NaN,NaN,NaN,NaN,NaN,NaN,NaN
9,NaN,NaN,NaN,NaN,NaN,NaN,NaN,NaN
10,NaN,NaN,NaN,NaN,NaN,NaN,NaN,NaN
11,NaN,NaN,NaN,NaN,NaN,NaN,NaN,NaN
1,NaN,NaN,NaN,NaN,NaN,NaN,NaN,NaN
2,NaN,NaN,NaN,NaN,NaN,NaN,NaN,NaN
3,NaN,NaN,NaN,NaN,NaN,NaN,NaN,NaN
4,NaN,NaN,NaN,NaN,NaN,NaN,NaN,NaN
5,NaN,NaN,NaN,NaN,NaN,NaN,NaN,NaN
6,NaN,NaN,NaN,NaN,NaN,NaN,NaN,NaN
7,NaN,NaN,NaN,NaN,NaN,NaN,NaN,NaN
8,NaN,NaN,NaN,NaN,NaN,NaN,NaN,NaN
9,NaN,NaN,NaN,NaN,NaN,NaN,NaN,NaN
10,NaN,NaN,NaN,NaN,NaN,NaN,NaN,NaN
11,NaN,NaN,NaN,NaN,NaN,NaN,NaN,NaN
1,NaN,NaN,NaN,NaN,NaN,NaN,NaN,NaN
2,NaN,NaN,NaN,NaN,NaN,NaN,NaN,NaN
3,NaN,NaN,NaN,NaN,NaN,NaN,NaN,NaN
4,NaN,NaN,NaN,NaN,NaN,NaN,NaN,NaN
5,NaN,NaN,NaN,NaN,NaN,NaN,NaN,NaN
6,NaN,NaN,NaN,NaN,NaN,NaN,NaN,NaN
7,NaN,NaN,NaN,NaN,NaN,NaN,NaN,NaN
8,NaN,NaN,NaN,NaN,NaN,NaN,NaN,NaN
9,NaN,NaN,NaN,NaN,NaN,NaN,NaN,NaN
10,NaN,NaN,NaN,NaN,NaN,NaN,NaN,NaN
11,NaN,NaN,NaN,NaN,NaN,NaN,NaN,NaN
1,NaN,NaN,NaN,NaN,NaN,NaN,NaN,NaN
2,NaN,NaN,NaN,NaN,NaN,NaN,NaN,NaN
3,NaN,NaN,NaN,NaN,NaN,NaN,NaN,NaN
4,NaN,NaN,NaN,NaN,NaN,NaN,NaN,NaN
5,NaN,NaN,NaN,NaN,NaN,NaN,NaN,NaN
6,NaN,NaN,NaN,NaN,NaN,NaN,NaN,NaN
7,NaN,NaN,NaN,NaN,NaN,NaN,NaN,NaN
8,NaN,NaN,NaN,NaN,NaN,NaN,NaN,NaN
9,NaN,NaN,NaN,NaN,NaN,NaN,NaN,NaN
10,NaN,NaN,NaN,NaN,NaN,NaN,NaN,NaN
11,NaN,NaN,NaN,NaN,NaN,NaN,NaN,NaN
1,NaN,NaN,NaN,NaN,NaN,NaN,NaN,NaN
2,NaN,NaN,NaN,NaN,NaN,NaN,NaN,NaN
3,NaN,NaN,NaN,NaN,NaN,NaN,NaN,NaN
4,NaN,NaN,NaN,NaN,NaN,NaN,NaN,NaN
5,NaN,NaN,NaN,NaN,NaN,NaN,NaN,NaN
6,NaN,NaN,NaN,NaN,NaN,NaN,NaN,NaN
7,NaN,NaN,NaN,NaN,NaN,NaN,NaN,NaN
8,NaN,NaN,NaN,NaN,NaN,NaN,NaN,NaN
9,NaN,NaN,NaN,NaN,NaN,NaN,NaN,NaN
10,NaN,NaN,NaN,NaN,NaN,NaN,NaN,NaN
11,NaN,NaN,NaN,NaN,NaN,NaN,NaN,NaN
1,NaN,NaN,NaN,NaN,NaN,NaN,NaN,NaN
2,NaN,NaN,NaN,NaN,NaN,NaN,NaN,NaN
3,NaN,NaN,NaN,NaN,NaN,NaN,NaN,NaN
4,NaN,NaN,NaN,NaN,NaN,NaN,NaN,NaN
5,NaN,NaN,NaN,NaN,NaN,NaN,NaN,NaN
6,NaN,NaN,NaN,NaN,NaN,NaN,NaN,NaN
7,NaN,NaN,NaN,NaN,NaN,NaN,NaN,NaN
8,NaN,NaN,NaN,NaN,NaN,NaN,NaN,NaN
9,NaN,NaN,NaN,NaN,NaN,NaN,NaN,NaN
10,NaN,NaN,NaN,NaN,NaN,NaN,NaN,NaN
11,NaN,NaN,NaN,NaN,NaN,NaN,NaN,NaN
1,NaN,NaN,NaN,NaN,NaN,NaN,NaN,NaN
2,NaN,NaN,NaN,NaN,NaN,NaN,NaN,NaN
3,NaN,NaN,NaN,NaN,NaN,NaN,NaN,NaN
4,NaN,NaN,NaN,NaN,NaN,NaN,NaN,NaN
5,NaN,NaN,NaN,NaN,NaN,NaN,NaN,NaN
6,NaN,NaN,NaN,NaN,NaN,NaN,NaN,NaN
7,NaN,NaN,NaN,NaN,NaN,NaN,NaN,NaN
8,NaN,NaN,NaN,NaN,NaN,NaN,NaN,NaN
9,NaN,NaN,NaN,NaN,NaN,NaN,NaN,NaN
10,NaN,NaN,NaN,NaN,NaN,NaN,NaN,NaN
11,NaN,NaN,NaN,NaN,NaN,NaN,NaN,NaN
1,NaN,NaN,NaN,NaN,NaN,NaN,NaN,NaN
2,NaN,NaN,NaN,NaN,NaN,NaN,NaN,NaN
3,NaN,NaN,NaN,NaN,NaN,NaN,NaN,NaN
4,NaN,NaN,NaN,NaN,NaN,NaN,NaN,NaN
5,NaN,NaN,NaN,NaN,NaN,NaN,NaN,NaN
6,NaN,NaN,NaN,NaN,NaN,NaN,NaN,NaN
7,NaN,NaN,NaN,NaN,NaN,NaN,NaN,NaN
8,NaN,NaN,NaN,NaN,NaN,NaN,NaN,NaN
9,NaN,NaN,NaN,NaN,NaN,NaN,NaN,NaN
10,NaN,NaN,NaN,NaN,NaN,NaN,NaN,NaN
11,NaN,NaN,NaN,NaN,NaN,NaN,NaN,NaN
1,NaN,NaN,NaN,NaN,NaN,NaN,NaN,NaN
2,NaN,NaN,NaN,NaN,NaN,NaN,NaN,NaN
3,NaN,NaN,NaN,NaN,NaN,NaN,NaN,NaN
4,NaN,NaN,NaN,NaN,NaN,NaN,NaN,NaN
5,NaN,NaN,NaN,NaN,NaN,NaN,NaN,NaN
6,NaN,NaN,NaN,NaN,NaN,NaN,NaN,NaN
7,NaN,NaN,NaN,NaN,NaN,NaN,NaN,NaN
8,NaN,NaN,NaN,NaN,NaN,NaN,NaN,NaN
9,NaN,NaN,NaN,NaN,NaN,NaN,NaN,NaN
10,NaN,NaN,NaN,NaN,NaN,NaN,NaN,NaN
11,NaN,NaN,NaN,NaN,NaN,NaN,NaN,NaN
1,NaN,NaN,NaN,NaN,NaN,NaN,NaN,NaN
2,NaN,NaN,NaN,NaN,NaN,NaN,NaN,NaN
3,NaN,NaN,NaN,NaN,NaN,NaN,NaN,NaN
4,NaN,NaN,NaN,NaN,NaN,NaN,NaN,NaN
5,NaN,NaN,NaN,NaN,NaN,NaN,NaN,NaN
6,NaN,NaN,NaN,NaN,NaN,NaN,NaN,NaN
7,NaN,NaN,NaN,NaN,NaN,NaN,NaN,NaN
8,NaN,NaN,NaN,NaN,NaN,NaN,NaN,NaN
9,NaN,NaN,NaN,NaN,NaN,NaN,NaN,NaN
10,NaN,NaN,NaN,NaN,NaN,NaN,NaN,NaN
11,NaN,NaN,NaN,NaN,NaN,NaN,NaN,NaN
1,NaN,NaN,NaN,NaN,NaN,NaN,NaN,NaN
2,NaN,NaN,NaN,NaN,NaN,NaN,NaN,NaN
3,NaN,NaN,NaN,NaN,NaN,NaN,NaN,NaN
4,NaN,NaN,NaN,NaN,NaN,NaN,NaN,NaN
5,NaN,NaN,NaN,NaN,NaN,NaN,NaN,NaN
6,NaN,NaN,NaN,NaN,NaN,NaN,NaN,NaN
7,NaN,NaN,NaN,NaN,NaN,NaN,NaN,NaN
8,NaN,NaN,NaN,NaN,NaN,NaN,NaN,NaN
9,NaN,NaN,NaN,NaN,NaN,NaN,NaN,NaN
10,NaN,NaN,NaN,NaN,NaN,NaN,NaN,NaN
11,NaN,NaN,NaN,NaN,NaN,NaN,NaN,NaN
1,NaN,NaN,NaN,NaN,NaN,NaN,NaN,NaN
2,NaN,NaN,NaN,NaN,NaN,NaN,NaN,NaN
3,NaN,NaN,NaN,NaN,NaN,NaN,NaN,NaN
4,NaN,NaN,NaN,NaN,NaN,NaN,NaN,NaN
5,NaN,NaN,NaN,NaN,NaN,NaN,NaN,NaN
6,NaN,NaN,NaN,NaN,NaN,NaN,NaN,NaN
7,NaN,NaN,NaN,NaN,NaN,NaN,NaN,NaN
8,NaN,NaN,NaN,NaN,NaN,NaN,NaN,NaN
9,NaN,NaN,NaN,NaN,NaN,NaN,NaN,NaN
10,NaN,NaN,NaN,NaN,NaN,NaN,NaN,NaN
11,NaN,NaN,NaN,NaN,NaN,NaN,NaN,NaN
1,NaN,NaN,NaN,NaN,NaN,NaN,NaN,NaN
2,NaN,NaN,NaN,NaN,NaN,NaN,NaN,NaN
3,NaN,NaN,NaN,NaN,NaN,NaN,NaN,NaN
4,NaN,NaN,NaN,NaN,NaN,NaN,NaN,NaN
5,NaN,NaN,NaN,NaN,NaN,NaN,NaN,NaN
6,NaN,NaN,NaN,NaN,NaN,NaN,NaN,NaN
7,NaN,NaN,NaN,NaN,NaN,NaN,NaN,NaN
8,NaN,NaN,NaN,NaN,NaN,NaN,NaN,NaN
9,NaN,NaN,NaN,NaN,NaN,NaN,NaN,NaN
10,NaN,NaN,NaN,NaN,NaN,NaN,NaN,NaN
11,NaN,NaN,NaN,NaN,NaN,NaN,NaN,NaN
1,NaN,NaN,NaN,NaN,NaN,NaN,NaN,NaN
2,NaN,NaN,NaN,NaN,NaN,NaN,NaN,NaN
3,NaN,NaN,NaN,NaN,NaN,NaN,NaN,NaN
4,NaN,NaN,NaN,NaN,NaN,NaN,NaN,NaN
5,NaN,NaN,NaN,NaN,NaN,NaN,NaN,NaN
6,NaN,NaN,NaN,NaN,NaN,NaN,NaN,NaN
7,NaN,NaN,NaN,NaN,NaN,NaN,NaN,NaN
8,NaN,NaN,NaN,NaN,NaN,NaN,NaN,NaN
9,NaN,NaN,NaN,NaN,NaN,NaN,NaN,NaN
10,NaN,NaN,NaN,NaN,NaN,NaN,NaN,NaN
11,NaN,NaN,NaN,NaN,NaN,NaN,NaN,NaN
1,NaN,NaN,NaN,NaN,NaN,NaN,NaN,NaN
2,NaN,NaN,NaN,NaN,NaN,NaN,NaN,NaN
3,NaN,NaN,NaN,NaN,NaN,NaN,NaN,NaN
4,NaN,NaN,NaN,NaN,NaN,NaN,NaN,NaN
5,NaN,NaN,NaN,NaN,NaN,NaN,NaN,NaN
6,NaN,NaN,NaN,NaN,NaN,NaN,NaN,NaN
7,NaN,NaN,NaN,NaN,NaN,NaN,NaN,NaN
8,NaN,NaN,NaN,NaN,NaN,NaN,NaN,NaN
9,NaN,NaN,NaN,NaN,NaN,NaN,NaN,NaN
10,NaN,NaN,NaN,NaN,NaN,NaN,NaN,NaN
11,NaN,NaN,NaN,NaN,NaN,NaN,NaN,NaN
1,NaN,NaN,NaN,NaN,NaN,NaN,NaN,NaN
2,NaN,NaN,NaN,NaN,NaN,NaN,NaN,NaN
3,NaN,NaN,NaN,NaN,NaN,NaN,NaN,NaN
4,NaN,NaN,NaN,NaN,NaN,NaN,NaN,NaN
5,NaN,NaN,NaN,NaN,NaN,NaN,NaN,NaN
6,NaN,NaN,NaN,NaN,NaN,NaN,NaN,NaN
7,NaN,NaN,NaN,NaN,NaN,NaN,NaN,NaN
8,NaN,NaN,NaN,NaN,NaN,NaN,NaN,NaN
9,NaN,NaN,NaN,NaN,NaN,NaN,NaN,NaN
10,NaN,NaN,NaN,NaN,NaN,NaN,NaN,NaN
11,NaN,NaN,NaN,NaN,NaN,NaN,NaN,NaN
1,NaN,NaN,NaN,NaN,NaN,NaN,NaN,NaN
2,NaN,NaN,NaN,NaN,NaN,NaN,NaN,NaN
3,NaN,NaN,NaN,NaN,NaN,NaN,NaN,NaN
4,NaN,NaN,NaN,NaN,NaN,NaN,NaN,NaN
5,NaN,NaN,NaN,NaN,NaN,NaN,NaN,NaN
6,NaN,NaN,NaN,NaN,NaN,NaN,NaN,NaN
7,NaN,NaN,NaN,NaN,NaN,NaN,NaN,NaN
8,NaN,NaN,NaN,NaN,NaN,NaN,NaN,NaN
9,NaN,NaN,NaN,NaN,NaN,NaN,NaN,NaN
10,NaN,NaN,NaN,NaN,NaN,NaN,NaN,NaN
11,NaN,NaN,NaN,NaN,NaN,NaN,NaN,NaN
1,NaN,NaN,NaN,NaN,NaN,NaN,NaN,NaN
2,NaN,NaN,NaN,NaN,NaN,NaN,NaN,NaN
3,NaN,NaN,NaN,NaN,NaN,NaN,NaN,NaN
4,NaN,NaN,NaN,NaN,NaN,NaN,NaN,NaN
5,NaN,NaN,NaN,NaN,NaN,NaN,NaN,NaN
6,NaN,NaN,NaN,NaN,NaN,NaN,NaN,NaN
7,NaN,NaN,NaN,NaN,NaN,NaN,NaN,NaN
8,NaN,NaN,NaN,NaN,NaN,NaN,NaN,NaN
9,NaN,NaN,NaN,NaN,NaN,NaN,NaN,NaN
10,NaN,NaN,NaN,NaN,NaN,NaN,NaN,NaN
11,NaN,NaN,NaN,NaN,NaN,NaN,NaN,NaN
1,NaN,NaN,NaN,NaN,NaN,NaN,NaN,NaN
2,NaN,NaN,NaN,NaN,NaN,NaN,NaN,NaN
3,NaN,NaN,NaN,NaN,NaN,NaN,NaN,NaN
4,NaN,NaN,NaN,NaN,NaN,NaN,NaN,NaN
5,NaN,NaN,NaN,NaN,NaN,NaN,NaN,NaN
6,NaN,NaN,NaN,NaN,NaN,NaN,NaN,NaN
7,NaN,NaN,NaN,NaN,NaN,NaN,NaN,NaN
8,NaN,NaN,NaN,NaN,NaN,NaN,NaN,NaN
9,NaN,NaN,NaN,NaN,NaN,NaN,NaN,NaN
10,NaN,NaN,NaN,NaN,NaN,NaN,NaN,NaN
11,NaN,NaN,NaN,NaN,NaN,NaN,NaN,NaN
1,NaN,NaN,NaN,NaN,NaN,NaN,NaN,NaN
2,NaN,NaN,NaN,NaN,NaN,NaN,NaN,NaN
3,NaN,NaN,NaN,NaN,NaN,NaN,NaN,NaN
4,NaN,NaN,NaN,NaN,NaN,NaN,NaN,NaN
5,NaN,NaN,NaN,NaN,NaN,NaN,NaN,NaN
6,NaN,NaN,NaN,NaN,NaN,NaN,NaN,NaN
7,NaN,NaN,NaN,NaN,NaN,NaN,NaN,NaN
8,NaN,NaN,NaN,NaN,NaN,NaN,NaN,NaN
9,NaN,NaN,NaN,NaN,NaN,NaN,NaN,NaN
10,NaN,NaN,NaN,NaN,NaN,NaN,NaN,NaN
11,NaN,NaN,NaN,NaN,NaN,NaN,NaN,NaN
1,NaN,NaN,NaN,NaN,NaN,NaN,NaN,NaN
2,NaN,NaN,NaN,NaN,NaN,NaN,NaN,NaN
3,NaN,NaN,NaN,NaN,NaN,NaN,NaN,NaN
4,NaN,NaN,NaN,NaN,NaN,NaN,NaN,NaN
5,NaN,NaN,NaN,NaN,NaN,NaN,NaN,NaN
6,NaN,NaN,NaN,NaN,NaN,NaN,NaN,NaN
7,NaN,NaN,NaN,NaN,NaN,NaN,NaN,NaN
8,NaN,NaN,NaN,NaN,NaN,NaN,NaN,NaN
9,NaN,NaN,NaN,NaN,NaN,NaN,NaN,NaN
10,NaN,NaN,NaN,NaN,NaN,NaN,NaN,NaN
11,NaN,NaN,NaN,NaN,NaN,NaN,NaN,NaN
1,NaN,NaN,NaN,NaN,NaN,NaN,NaN,NaN
2,NaN,NaN,NaN,NaN,NaN,NaN,NaN,NaN
3,NaN,NaN,NaN,NaN,NaN,NaN,NaN,NaN
4,NaN,NaN,NaN,NaN,NaN,NaN,NaN,NaN
5,NaN,NaN,NaN,NaN,NaN,NaN,NaN,NaN
6,NaN,NaN,NaN,NaN,NaN,NaN,NaN,NaN
7,NaN,NaN,NaN,NaN,NaN,NaN,NaN,NaN
8,NaN,NaN,NaN,NaN,NaN,NaN,NaN,NaN
9,NaN,NaN,NaN,NaN,NaN,NaN,NaN,NaN
10,NaN,NaN,NaN,NaN,NaN,NaN,NaN,NaN
11,NaN,NaN,NaN,NaN,NaN,NaN,NaN,NaN
1,NaN,NaN,NaN,NaN,NaN,NaN,NaN,NaN
2,NaN,NaN,NaN,NaN,NaN,NaN,NaN,NaN
3,NaN,NaN,NaN,NaN,NaN,NaN,NaN,NaN
4,NaN,NaN,NaN,NaN,NaN,NaN,NaN,NaN
5,NaN,NaN,NaN,NaN,NaN,NaN,NaN,NaN
6,NaN,NaN,NaN,NaN,NaN,NaN,NaN,NaN
7,NaN,NaN,NaN,NaN,NaN,NaN,NaN,NaN
8,NaN,NaN,NaN,NaN,NaN,NaN,NaN,NaN
9,NaN,NaN,NaN,NaN,NaN,NaN,NaN,NaN
10,NaN,NaN,NaN,NaN,NaN,NaN,NaN,NaN
11,NaN,NaN,NaN,NaN,NaN,NaN,NaN,NaN
1,NaN,NaN,NaN,NaN,NaN,NaN,NaN,NaN
2,NaN,NaN,NaN,NaN,NaN,NaN,NaN,NaN
3,NaN,NaN,NaN,NaN,NaN,NaN,NaN,NaN
4,NaN,NaN,NaN,NaN,NaN,NaN,NaN,NaN
5,NaN,NaN,NaN,NaN,NaN,NaN,NaN,NaN
6,NaN,NaN,NaN,NaN,NaN,NaN,NaN,NaN
7,NaN,NaN,NaN,NaN,NaN,NaN,NaN,NaN
8,NaN,NaN,NaN,NaN,NaN,NaN,NaN,NaN
9,NaN,NaN,NaN,NaN,NaN,NaN,NaN,NaN
10,NaN,NaN,NaN,NaN,NaN,NaN,NaN,NaN
11,NaN,NaN,NaN,NaN,NaN,NaN,NaN,NaN
1,NaN,NaN,NaN,NaN,NaN,NaN,NaN,NaN
2,NaN,NaN,NaN,NaN,NaN,NaN,NaN,NaN
3,NaN,NaN,NaN,NaN,NaN,NaN,NaN,NaN
4,NaN,NaN,NaN,NaN,NaN,NaN,NaN,NaN
5,NaN,NaN,NaN,NaN,NaN,NaN,NaN,NaN
6,NaN,NaN,NaN,NaN,NaN,NaN,NaN,NaN
7,NaN,NaN,NaN,NaN,NaN,NaN,NaN,NaN
8,NaN,NaN,NaN,NaN,NaN,NaN,NaN,NaN
9,NaN,NaN,NaN,NaN,NaN,NaN,NaN,NaN
10,NaN,NaN,NaN,NaN,NaN,NaN,NaN,NaN
11,NaN,NaN,NaN,NaN,NaN,NaN,NaN,NaN
1,NaN,NaN,NaN,NaN,NaN,NaN,NaN,NaN
2,NaN,NaN,NaN,NaN,NaN,NaN,NaN,NaN
3,NaN,NaN,NaN,NaN,NaN,NaN,NaN,NaN
4,NaN,NaN,NaN,NaN,NaN,NaN,NaN,NaN
5,NaN,NaN,NaN,NaN,NaN,NaN,NaN,NaN
6,NaN,NaN,NaN,NaN,NaN,NaN,NaN,NaN
7,NaN,NaN,NaN,NaN,NaN,NaN,NaN,NaN
8,NaN,NaN,NaN,NaN,NaN,NaN,NaN,NaN
9,NaN,NaN,NaN,NaN,NaN,NaN,NaN,NaN
10,NaN,NaN,NaN,NaN,NaN,NaN,NaN,NaN
11,NaN,NaN,NaN,NaN,NaN,NaN,NaN,NaN
1,NaN,NaN,NaN,NaN,NaN,NaN,NaN,NaN
2,NaN,NaN,NaN,NaN,NaN,NaN,NaN,NaN
3,NaN,NaN,NaN,NaN,NaN,NaN,NaN,NaN
4,NaN,NaN,NaN,NaN,NaN,NaN,NaN,NaN
5,NaN,NaN,NaN,NaN,NaN,NaN,NaN,NaN
6,NaN,NaN,NaN,NaN,NaN,NaN,NaN,NaN
7,NaN,NaN,NaN,NaN,NaN,NaN,NaN,NaN
8,NaN,NaN,NaN,NaN,NaN,NaN,NaN,NaN
9,NaN,NaN,NaN,NaN,NaN,NaN,NaN,NaN
10,NaN,NaN,NaN,NaN,NaN,NaN,NaN,NaN
11,NaN,NaN,NaN,NaN,NaN,NaN,NaN,NaN
1,NaN,NaN,NaN,NaN,NaN,NaN,NaN,NaN
2,NaN,NaN,NaN,NaN,NaN,NaN,NaN,NaN
3,NaN,NaN,NaN,NaN,NaN,NaN,NaN,NaN
4,NaN,NaN,NaN,NaN,NaN,NaN,NaN,NaN
5,NaN,NaN,NaN,NaN,NaN,NaN,NaN,NaN
6,NaN,NaN,NaN,NaN,NaN,NaN,NaN,NaN
7,NaN,NaN,NaN,NaN,NaN,NaN,NaN,NaN
8,NaN,NaN,NaN,NaN,NaN,NaN,NaN,NaN
9,NaN,NaN,NaN,NaN,NaN,NaN,NaN,NaN
10,NaN,NaN,NaN,NaN,NaN,NaN,NaN,NaN
11,NaN,NaN,NaN,NaN,NaN,NaN,NaN,NaN
1,NaN,NaN,NaN,NaN,NaN,NaN,NaN,NaN
2,NaN,NaN,NaN,NaN,NaN,NaN,NaN,NaN
3,NaN,NaN,NaN,NaN,NaN,NaN,NaN,NaN
4,NaN,NaN,NaN,NaN,NaN,NaN,NaN,NaN
5,NaN,NaN,NaN,NaN,NaN,NaN,NaN,NaN
6,NaN,NaN,NaN,NaN,NaN,NaN,NaN,NaN
7,NaN,NaN,NaN,NaN,NaN,NaN,NaN,NaN
8,NaN,NaN,NaN,NaN,NaN,NaN,NaN,NaN
9,NaN,NaN,NaN,NaN,NaN,NaN,NaN,NaN
10,NaN,NaN,NaN,NaN,NaN,NaN,NaN,NaN
11,NaN,NaN,NaN,NaN,NaN,NaN,NaN,NaN
1,NaN,NaN,NaN,NaN,NaN,NaN,NaN,NaN
2,NaN,NaN,NaN,NaN,NaN,NaN,NaN,NaN
3,NaN,NaN,NaN,NaN,NaN,NaN,NaN,NaN
4,NaN,NaN,NaN,NaN,NaN,NaN,NaN,NaN
5,NaN,NaN,NaN,NaN,NaN,NaN,NaN,NaN
6,NaN,NaN,NaN,NaN,NaN,NaN,NaN,NaN
7,NaN,NaN,NaN,NaN,NaN,NaN,NaN,NaN
8,NaN,NaN,NaN,NaN,NaN,NaN,NaN,NaN
9,NaN,NaN,NaN,NaN,NaN,NaN,NaN,NaN
10,NaN,NaN,NaN,NaN,NaN,NaN,NaN,NaN
11,NaN,NaN,NaN,NaN,NaN,NaN,NaN,NaN
1,NaN,NaN,NaN,NaN,NaN,NaN,NaN,NaN
2,NaN,NaN,NaN,NaN,NaN,NaN,NaN,NaN
3,NaN,NaN,NaN,NaN,NaN,NaN,NaN,NaN
4,NaN,NaN,NaN,NaN,NaN,NaN,NaN,NaN
5,NaN,NaN,NaN,NaN,NaN,NaN,NaN,NaN
6,NaN,NaN,NaN,NaN,NaN,NaN,NaN,NaN
7,NaN,NaN,NaN,NaN,NaN,NaN,NaN,NaN
8,NaN,NaN,NaN,NaN,NaN,NaN,NaN,NaN
9,NaN,NaN,NaN,NaN,NaN,NaN,NaN,NaN
10,NaN,NaN,NaN,NaN,NaN,NaN,NaN,NaN
11,NaN,NaN,NaN,NaN,NaN,NaN,NaN,NaN
1,NaN,NaN,NaN,NaN,NaN,NaN,NaN,NaN
2,NaN,NaN,NaN,NaN,NaN,NaN,NaN,NaN
3,NaN,NaN,NaN,NaN,NaN,NaN,NaN,NaN
4,NaN,NaN,NaN,NaN,NaN,NaN,NaN,NaN
5,NaN,NaN,NaN,NaN,NaN,NaN,NaN,NaN
6,NaN,NaN,NaN,NaN,NaN,NaN,NaN,NaN
7,NaN,NaN,NaN,NaN,NaN,NaN,NaN,NaN
8,NaN,NaN,NaN,NaN,NaN,NaN,NaN,NaN
9,NaN,NaN,NaN,NaN,NaN,NaN,NaN,NaN
10,NaN,NaN,NaN,NaN,NaN,NaN,NaN,NaN
11,NaN,NaN,NaN,NaN,NaN,NaN,NaN,NaN
1,NaN,NaN,NaN,NaN,NaN,NaN,NaN,NaN
2,NaN,NaN,NaN,NaN,NaN,NaN,NaN,NaN
3,NaN,NaN,NaN,NaN,NaN,NaN,NaN,NaN
4,NaN,NaN,NaN,NaN,NaN,NaN,NaN,NaN
5,NaN,NaN,NaN,NaN,NaN,NaN,NaN,NaN
6,NaN,NaN,NaN,NaN,NaN,NaN,NaN,NaN
7,NaN,NaN,NaN,NaN,NaN,NaN,NaN,NaN
8,NaN,NaN,NaN,NaN,NaN,NaN,NaN,NaN
9,NaN,NaN,NaN,NaN,NaN,NaN,NaN,NaN
10,NaN,NaN,NaN,NaN,NaN,NaN,NaN,NaN
11,NaN,NaN,NaN,NaN,NaN,NaN,NaN,NaN
1,NaN,NaN,NaN,NaN,NaN,NaN,NaN,NaN
2,NaN,NaN,NaN,NaN,NaN,NaN,NaN,NaN
3,NaN,NaN,NaN,NaN,NaN,NaN,NaN,NaN
4,NaN,NaN,NaN,NaN,NaN,NaN,NaN,NaN
5,NaN,NaN,NaN,NaN,NaN,NaN,NaN,NaN
6,NaN,NaN,NaN,NaN,NaN,NaN,NaN,NaN
7,NaN,NaN,NaN,NaN,NaN,NaN,NaN,NaN
8,NaN,NaN,NaN,NaN,NaN,NaN,NaN,NaN
9,NaN,NaN,NaN,NaN,NaN,NaN,NaN,NaN
10,NaN,NaN,NaN,NaN,NaN,NaN,NaN,NaN
11,NaN,NaN,NaN,NaN,NaN,NaN,NaN,NaN
1,NaN,NaN,NaN,NaN,NaN,NaN,NaN,NaN
2,NaN,NaN,NaN,NaN,NaN,NaN,NaN,NaN
3,NaN,NaN,NaN,NaN,NaN,NaN,NaN,NaN
4,NaN,NaN,NaN,NaN,NaN,NaN,NaN,NaN
5,NaN,NaN,NaN,NaN,NaN,NaN,NaN,NaN
6,NaN,NaN,NaN,NaN,NaN,NaN,NaN,NaN
7,NaN,NaN,NaN,NaN,NaN,NaN,NaN,NaN
8,NaN,NaN,NaN,NaN,NaN,NaN,NaN,NaN
9,NaN,NaN,NaN,NaN,NaN,NaN,NaN,NaN
10,NaN,NaN,NaN,NaN,NaN,NaN,NaN,NaN
11,NaN,NaN,NaN,NaN,NaN,NaN,NaN,NaN
1,NaN,NaN,NaN,NaN,NaN,NaN,NaN,NaN
2,NaN,NaN,NaN,NaN,NaN,NaN,NaN,NaN
3,NaN,NaN,NaN,NaN,NaN,NaN,NaN,NaN
4,NaN,NaN,NaN,NaN,NaN,NaN,NaN,NaN
5,NaN,NaN,NaN,NaN,NaN,NaN,NaN,NaN
6,NaN,NaN,NaN,NaN,NaN,NaN,NaN,NaN
7,NaN,NaN,NaN,NaN,NaN,NaN,NaN,NaN
8,NaN,NaN,NaN,NaN,NaN,NaN,NaN,NaN
9,NaN,NaN,NaN,NaN,NaN,NaN,NaN,NaN
10,NaN,NaN,NaN,NaN,NaN,NaN,NaN,NaN
11,NaN,NaN,NaN,NaN,NaN,NaN,NaN,NaN
1,NaN,NaN,NaN,NaN,NaN,NaN,NaN,NaN
2,NaN,NaN,NaN,NaN,NaN,NaN,NaN,NaN
3,NaN,NaN,NaN,NaN,NaN,NaN,NaN,NaN
4,NaN,NaN,NaN,NaN,NaN,NaN,NaN,NaN
5,NaN,NaN,NaN,NaN,NaN,NaN,NaN,NaN
6,NaN,NaN,NaN,NaN,NaN,NaN,NaN,NaN
7,NaN,NaN,NaN,NaN,NaN,NaN,NaN,NaN
8,NaN,NaN,NaN,NaN,NaN,NaN,NaN,NaN
9,NaN,NaN,NaN,NaN,NaN,NaN,NaN,NaN
10,NaN,NaN,NaN,NaN,NaN,NaN,NaN,NaN
11,NaN,NaN,NaN,NaN,NaN,NaN,NaN,NaN
1,NaN,NaN,NaN,NaN,NaN,NaN,NaN,NaN
2,NaN,NaN,NaN,NaN,NaN,NaN,NaN,NaN
3,NaN,NaN,NaN,NaN,NaN,NaN,NaN,NaN
4,NaN,NaN,NaN,NaN,NaN,NaN,NaN,NaN
5,NaN,NaN,NaN,NaN,NaN,NaN,NaN,NaN
6,NaN,NaN,NaN,NaN,NaN,NaN,NaN,NaN
7,NaN,NaN,NaN,NaN,NaN,NaN,NaN,NaN
8,NaN,NaN,NaN,NaN,NaN,NaN,NaN,NaN
9,NaN,NaN,NaN,NaN,NaN,NaN,NaN,NaN
10,NaN,NaN,NaN,NaN,NaN,NaN,NaN,NaN
11,NaN,NaN,NaN,NaN,NaN,NaN,NaN,NaN
1,NaN,NaN,NaN,NaN,NaN,NaN,NaN,NaN
2,NaN,NaN,NaN,NaN,NaN,NaN,NaN,NaN
3,NaN,NaN,NaN,NaN,NaN,NaN,NaN,NaN
4,NaN,NaN,NaN,NaN,NaN,NaN,NaN,NaN
5,NaN,NaN,NaN,NaN,NaN,NaN,NaN,NaN
6,NaN,NaN,NaN,NaN,NaN,NaN,NaN,NaN
7,NaN,NaN,NaN,NaN,NaN,NaN,NaN,NaN
8,NaN,NaN,NaN,NaN,NaN,NaN,NaN,NaN
9,NaN,NaN,NaN,NaN,NaN,NaN,NaN,NaN
10,NaN,NaN,NaN,NaN,NaN,NaN,NaN,NaN
11,NaN,NaN,NaN,NaN,NaN,NaN,NaN,NaN
1,NaN,NaN,NaN,NaN,NaN,NaN,NaN,NaN
2,NaN,NaN,NaN,NaN,NaN,NaN,NaN,NaN
3,NaN,NaN,NaN,NaN,NaN,NaN,NaN,NaN
4,NaN,NaN,NaN,NaN,NaN,NaN,NaN,NaN
5,NaN,NaN,NaN,NaN,NaN,NaN,NaN,NaN
6,NaN,NaN,NaN,NaN,NaN,NaN,NaN,NaN
7,NaN,NaN,NaN,NaN,NaN,NaN,NaN,NaN
8,NaN,NaN,NaN,NaN,NaN,NaN,NaN,NaN
9,NaN,NaN,NaN,NaN,NaN,NaN,NaN,NaN
10,NaN,NaN,NaN,NaN,NaN,NaN,NaN,NaN
11,NaN,NaN,NaN,NaN,NaN,NaN,NaN,NaN
1,NaN,NaN,NaN,NaN,NaN,NaN,NaN,NaN
2,NaN,NaN,NaN,NaN,NaN,NaN,NaN,NaN
3,NaN,NaN,NaN,NaN,NaN,NaN,NaN,NaN
4,NaN,NaN,NaN,NaN,NaN,NaN,NaN,NaN
5,NaN,NaN,NaN,NaN,NaN,NaN,NaN,NaN
6,NaN,NaN,NaN,NaN,NaN,NaN,NaN,NaN
7,NaN,NaN,NaN,NaN,NaN,NaN,NaN,NaN
8,NaN,NaN,NaN,NaN,NaN,NaN,NaN,NaN
9,NaN,NaN,NaN,NaN,NaN,NaN,NaN,NaN
10,NaN,NaN,NaN,NaN,NaN,NaN,NaN,NaN
11,NaN,NaN,NaN,NaN,NaN,NaN,NaN,NaN
1,NaN,NaN,NaN,NaN,NaN,NaN,NaN,NaN
2,NaN,NaN,NaN,NaN,NaN,NaN,NaN,NaN
3,NaN,NaN,NaN,NaN,NaN,NaN,NaN,NaN
4,NaN,NaN,NaN,NaN,NaN,NaN,NaN,NaN
5,NaN,NaN,NaN,NaN,NaN,NaN,NaN,NaN
6,NaN,NaN,NaN,NaN,NaN,NaN,NaN,NaN
7,NaN,NaN,NaN,NaN,NaN,NaN,NaN,NaN
8,NaN,NaN,NaN,NaN,NaN,NaN,NaN,NaN
9,NaN,NaN,NaN,NaN,NaN,NaN,NaN,NaN
10,NaN,NaN,NaN,NaN,NaN,NaN,NaN,NaN
11,NaN,NaN,NaN,NaN,NaN,NaN,NaN,NaN
1,NaN,NaN,NaN,NaN,NaN,NaN,NaN,NaN
2,NaN,NaN,NaN,NaN,NaN,NaN,NaN,NaN
3,NaN,NaN,NaN,NaN,NaN,NaN,NaN,NaN
4,NaN,NaN,NaN,NaN,NaN,NaN,NaN,NaN
5,NaN,NaN,NaN,NaN,NaN,NaN,NaN,NaN
6,NaN,NaN,NaN,NaN,NaN,NaN,NaN,NaN
7,NaN,NaN,NaN,NaN,NaN,NaN,NaN,NaN
8,NaN,NaN,NaN,NaN,NaN,NaN,NaN,NaN
9,NaN,NaN,NaN,NaN,NaN,NaN,NaN,NaN
10,NaN,NaN,NaN,NaN,NaN,NaN,NaN,NaN
11,NaN,NaN,NaN,NaN,NaN,NaN,NaN,NaN
1,NaN,NaN,NaN,NaN,NaN,NaN,NaN,NaN
2,NaN,NaN,NaN,NaN,NaN,NaN,NaN,NaN
3,NaN,NaN,NaN,NaN,NaN,NaN,NaN,NaN
4,NaN,NaN,NaN,NaN,NaN,NaN,NaN,NaN
5,NaN,NaN,NaN,NaN,NaN,NaN,NaN,NaN
6,NaN,NaN,NaN,NaN,NaN,NaN,NaN,NaN
7,NaN,NaN,NaN,NaN,NaN,NaN,NaN,NaN
8,NaN,NaN,NaN,NaN,NaN,NaN,NaN,NaN
9,NaN,NaN,NaN,NaN,NaN,NaN,NaN,NaN
10,NaN,NaN,NaN,NaN,NaN,NaN,NaN,NaN
11,NaN,NaN,NaN,NaN,NaN,NaN,NaN,NaN
1,NaN,NaN,NaN,NaN,NaN,NaN,NaN,NaN
2,NaN,NaN,NaN,NaN,NaN,NaN,NaN,NaN
3,NaN,NaN,NaN,NaN,NaN,NaN,NaN,NaN
4,NaN,NaN,NaN,NaN,NaN,NaN,NaN,NaN
5,NaN,NaN,NaN,NaN,NaN,NaN,NaN,NaN
6,NaN,NaN,NaN,NaN,NaN,NaN,NaN,NaN
7,NaN,NaN,NaN,NaN,NaN,NaN,NaN,NaN
8,NaN,NaN,NaN,NaN,NaN,NaN,NaN,NaN
9,NaN,NaN,NaN,NaN,NaN,NaN,NaN,NaN
10,NaN,NaN,NaN,NaN,NaN,NaN,NaN,NaN
11,NaN,NaN,NaN,NaN,NaN,NaN,NaN,NaN
1,NaN,NaN,NaN,NaN,NaN,NaN,NaN,NaN
2,NaN,NaN,NaN,NaN,NaN,NaN,NaN,NaN
3,NaN,NaN,NaN,NaN,NaN,NaN,NaN,NaN
4,NaN,NaN,NaN,NaN,NaN,NaN,NaN,NaN
5,NaN,NaN,NaN,NaN,NaN,NaN,NaN,NaN
6,NaN,NaN,NaN,NaN,NaN,NaN,NaN,NaN
7,NaN,NaN,NaN,NaN,NaN,NaN,NaN,NaN
8,NaN,NaN,NaN,NaN,NaN,NaN,NaN,NaN
9,NaN,NaN,NaN,NaN,NaN,NaN,NaN,NaN
10,NaN,NaN,NaN,NaN,NaN,NaN,NaN,NaN
11,NaN,NaN,NaN,NaN,NaN,NaN,NaN,NaN
1,NaN,NaN,NaN,NaN,NaN,NaN,NaN,NaN
2,NaN,NaN,NaN,NaN,NaN,NaN,NaN,NaN
3,NaN,NaN,NaN,NaN,NaN,NaN,NaN,NaN
4,NaN,NaN,NaN,NaN,NaN,NaN,NaN,NaN
5,NaN,NaN,NaN,NaN,NaN,NaN,NaN,NaN
6,NaN,NaN,NaN,NaN,NaN,NaN,NaN,NaN
7,NaN,NaN,NaN,NaN,NaN,NaN,NaN,NaN
8,NaN,NaN,NaN,NaN,NaN,NaN,NaN,NaN
9,NaN,NaN,NaN,NaN,NaN,NaN,NaN,NaN
10,NaN,NaN,NaN,NaN,NaN,NaN,NaN,NaN
11,NaN,NaN,NaN,NaN,NaN,NaN,NaN,NaN
1,NaN,NaN,NaN,NaN,NaN,NaN,NaN,NaN
2,NaN,NaN,NaN,NaN,NaN,NaN,NaN,NaN
3,NaN,NaN,NaN,NaN,NaN,NaN,NaN,NaN
4,NaN,NaN,NaN,NaN,NaN,NaN,NaN,NaN
5,NaN,NaN,NaN,NaN,NaN,NaN,NaN,NaN
6,NaN,NaN,NaN,NaN,NaN,NaN,NaN,NaN
7,NaN,NaN,NaN,NaN,NaN,NaN,NaN,NaN
8,NaN,NaN,NaN,NaN,NaN,NaN,NaN,NaN
9,NaN,NaN,NaN,NaN,NaN,NaN,NaN,NaN
10,NaN,NaN,NaN,NaN,NaN,NaN,NaN,NaN
11,NaN,NaN,NaN,NaN,NaN,NaN,NaN,NaN
1,NaN,NaN,NaN,NaN,NaN,NaN,NaN,NaN
2,NaN,NaN,NaN,NaN,NaN,NaN,NaN,NaN
3,NaN,NaN,NaN,NaN,NaN,NaN,NaN,NaN
4,NaN,NaN,NaN,NaN,NaN,NaN,NaN,NaN
5,NaN,NaN,NaN,NaN,NaN,NaN,NaN,NaN
6,NaN,NaN,NaN,NaN,NaN,NaN,NaN,NaN
7,NaN,NaN,NaN,NaN,NaN,NaN,NaN,NaN
8,NaN,NaN,NaN,NaN,NaN,NaN,NaN,NaN
9,NaN,NaN,NaN,NaN,NaN,NaN,NaN,NaN
10,NaN,NaN,NaN,NaN,NaN,NaN,NaN,NaN
11,NaN,NaN,NaN,NaN,NaN,NaN,NaN,NaN
1,NaN,NaN,NaN,NaN,NaN,NaN,NaN,NaN
2,NaN,NaN,NaN,NaN,NaN,NaN,NaN,NaN
3,NaN,NaN,NaN,NaN,NaN,NaN,NaN,NaN
4,NaN,NaN,NaN,NaN,NaN,NaN,NaN,NaN
5,NaN,NaN,NaN,NaN,NaN,NaN,NaN,NaN
6,NaN,NaN,NaN,NaN,NaN,NaN,NaN,NaN
7,NaN,NaN,NaN,NaN,NaN,NaN,NaN,NaN
8,NaN,NaN,NaN,NaN,NaN,NaN,NaN,NaN
9,NaN,NaN,NaN,NaN,NaN,NaN,NaN,NaN
10,NaN,NaN,NaN,NaN,NaN,NaN,NaN,NaN
11,NaN,NaN,NaN,NaN,NaN,NaN,NaN,NaN
1,NaN,NaN,NaN,NaN,NaN,NaN,NaN,NaN
2,NaN,NaN,NaN,NaN,NaN,NaN,NaN,NaN
3,NaN,NaN,NaN,NaN,NaN,NaN,NaN,NaN
4,NaN,NaN,NaN,NaN,NaN,NaN,NaN,NaN
5,NaN,NaN,NaN,NaN,NaN,NaN,NaN,NaN
6,NaN,NaN,NaN,NaN,NaN,NaN,NaN,NaN
7,NaN,NaN,NaN,NaN,NaN,NaN,NaN,NaN
8,NaN,NaN,NaN,NaN,NaN,NaN,NaN,NaN
9,NaN,NaN,NaN,NaN,NaN,NaN,NaN,NaN
10,NaN,NaN,NaN,NaN,NaN,NaN,NaN,NaN
11,NaN,NaN,NaN,NaN,NaN,NaN,NaN,NaN
1,NaN,NaN,NaN,NaN,NaN,NaN,NaN,NaN
2,NaN,NaN,NaN,NaN,NaN,NaN,NaN,NaN
3,NaN,NaN,NaN,NaN,NaN,NaN,NaN,NaN
4,NaN,NaN,NaN,NaN,NaN,NaN,NaN,NaN
5,NaN,NaN,NaN,NaN,NaN,NaN,NaN,NaN
6,NaN,NaN,NaN,NaN,NaN,NaN,NaN,NaN
7,NaN,NaN,NaN,NaN,NaN,NaN,NaN,NaN
8,NaN,NaN,NaN,NaN,NaN,NaN,NaN,NaN
9,NaN,NaN,NaN,NaN,NaN,NaN,NaN,NaN
10,NaN,NaN,NaN,NaN,NaN,NaN,NaN,NaN
11,NaN,NaN,NaN,NaN,NaN,NaN,NaN,NaN
1,NaN,NaN,NaN,NaN,NaN,NaN,NaN,NaN
2,NaN,NaN,NaN,NaN,NaN,NaN,NaN,NaN
3,NaN,NaN,NaN,NaN,NaN,NaN,NaN,NaN
4,NaN,NaN,NaN,NaN,NaN,NaN,NaN,NaN
5,NaN,NaN,NaN,NaN,NaN,NaN,NaN,NaN
6,NaN,NaN,NaN,NaN,NaN,NaN,NaN,NaN
7,NaN,NaN,NaN,NaN,NaN,NaN,NaN,NaN
8,NaN,NaN,NaN,NaN,NaN,NaN,NaN,NaN
9,NaN,NaN,NaN,NaN,NaN,NaN,NaN,NaN
10,NaN,NaN,NaN,NaN,NaN,NaN,NaN,NaN
11,NaN,NaN,NaN,NaN,NaN,NaN,NaN,NaN
1,NaN,NaN,NaN,NaN,NaN,NaN,NaN,NaN
2,NaN,NaN,NaN,NaN,NaN,NaN,NaN,NaN
3,NaN,NaN,NaN,NaN,NaN,NaN,NaN,NaN
4,NaN,NaN,NaN,NaN,NaN,NaN,NaN,NaN
5,NaN,NaN,NaN,NaN,NaN,NaN,NaN,NaN
6,NaN,NaN,NaN,NaN,NaN,NaN,NaN,NaN
7,NaN,NaN,NaN,NaN,NaN,NaN,NaN,NaN
8,NaN,NaN,NaN,NaN,NaN,NaN,NaN,NaN
9,NaN,NaN,NaN,NaN,NaN,NaN,NaN,NaN
10,NaN,NaN,NaN,NaN,NaN,NaN,NaN,NaN
11,NaN,NaN,NaN,NaN,NaN,NaN,NaN,NaN
1,NaN,NaN,NaN,NaN,NaN,NaN,NaN,NaN
2,NaN,NaN,NaN,NaN,NaN,NaN,NaN,NaN
3,NaN,NaN,NaN,NaN,NaN,NaN,NaN,NaN
4,NaN,NaN,NaN,NaN,NaN,NaN,NaN,NaN
5,NaN,NaN,NaN,NaN,NaN,NaN,NaN,NaN
6,NaN,NaN,NaN,NaN,NaN,NaN,NaN,NaN
7,NaN,NaN,NaN,NaN,NaN,NaN,NaN,NaN
8,NaN,NaN,NaN,NaN,NaN,NaN,NaN,NaN
9,NaN,NaN,NaN,NaN,NaN,NaN,NaN,NaN
10,NaN,NaN,NaN,NaN,NaN,NaN,NaN,NaN
11,NaN,NaN,NaN,NaN,NaN,NaN,NaN,NaN
1,NaN,NaN,NaN,NaN,NaN,NaN,NaN,NaN
2,NaN,NaN,NaN,NaN,NaN,NaN,NaN,NaN
3,NaN,NaN,NaN,NaN,NaN,NaN,NaN,NaN
4,NaN,NaN,NaN,NaN,NaN,NaN,NaN,NaN
5,NaN,NaN,NaN,NaN,NaN,NaN,NaN,NaN
6,NaN,NaN,NaN,NaN,NaN,NaN,NaN,NaN
7,NaN,NaN,NaN,NaN,NaN,NaN,NaN,NaN
8,NaN,NaN,NaN,NaN,NaN,NaN,NaN,NaN
9,NaN,NaN,NaN,NaN,NaN,NaN,NaN,NaN
10,NaN,NaN,NaN,NaN,NaN,NaN,NaN,NaN
11,NaN,NaN,NaN,NaN,NaN,NaN,NaN,NaN
1,NaN,NaN,NaN,NaN,NaN,NaN,NaN,NaN
2,NaN,NaN,NaN,NaN,NaN,NaN,NaN,NaN
3,NaN,NaN,NaN,NaN,NaN,NaN,NaN,NaN
4,NaN,NaN,NaN,NaN,NaN,NaN,NaN,NaN
5,NaN,NaN,NaN,NaN,NaN,NaN,NaN,NaN
6,NaN,NaN,NaN,NaN,NaN,NaN,NaN,NaN
7,NaN,NaN,NaN,NaN,NaN,NaN,NaN,NaN
8,NaN,NaN,NaN,NaN,NaN,NaN,NaN,NaN
9,NaN,NaN,NaN,NaN,NaN,NaN,NaN,NaN
10,NaN,NaN,NaN,NaN,NaN,NaN,NaN,NaN
11,NaN,NaN,NaN,NaN,NaN,NaN,NaN,NaN
1,NaN,NaN,NaN,NaN,NaN,NaN,NaN,NaN
2,NaN,NaN,NaN,NaN,NaN,NaN,NaN,NaN
3,NaN,NaN,NaN,NaN,NaN,NaN,NaN,NaN
4,NaN,NaN,NaN,NaN,NaN,NaN,NaN,NaN
5,NaN,NaN,NaN,NaN,NaN,NaN,NaN,NaN
6,NaN,NaN,NaN,NaN,NaN,NaN,NaN,NaN
7,NaN,NaN,NaN,NaN,NaN,NaN,NaN,NaN
8,NaN,NaN,NaN,NaN,NaN,NaN,NaN,NaN
9,NaN,NaN,NaN,NaN,NaN,NaN,NaN,NaN
10,NaN,NaN,NaN,NaN,NaN,NaN,NaN,NaN
11,NaN,NaN,NaN,NaN,NaN,NaN,NaN,NaN
1,NaN,NaN,NaN,NaN,NaN,NaN,NaN,NaN
2,NaN,NaN,NaN,NaN,NaN,NaN,NaN,NaN
3,NaN,NaN,NaN,NaN,NaN,NaN,NaN,NaN
4,NaN,NaN,NaN,NaN,NaN,NaN,NaN,NaN
5,NaN,NaN,NaN,NaN,NaN,NaN,NaN,NaN
6,NaN,NaN,NaN,NaN,NaN,NaN,NaN,NaN
7,NaN,NaN,NaN,NaN,NaN,NaN,NaN,NaN
8,NaN,NaN,NaN,NaN,NaN,NaN,NaN,NaN
9,NaN,NaN,NaN,NaN,NaN,NaN,NaN,NaN
10,NaN,NaN,NaN,NaN,NaN,NaN,NaN,NaN
11,NaN,NaN,NaN,NaN,NaN,NaN,NaN,NaN
1,NaN,NaN,NaN,NaN,NaN,NaN,NaN,NaN
2,NaN,NaN,NaN,NaN,NaN,NaN,NaN,NaN
3,NaN,NaN,NaN,NaN,NaN,NaN,NaN,NaN
4,NaN,NaN,NaN,NaN,NaN,NaN,NaN,NaN
5,NaN,NaN,NaN,NaN,NaN,NaN,NaN,NaN
6,NaN,NaN,NaN,NaN,NaN,NaN,NaN,NaN
7,NaN,NaN,NaN,NaN,NaN,NaN,NaN,NaN
8,NaN,NaN,NaN,NaN,NaN,NaN,NaN,NaN
9,NaN,NaN,NaN,NaN,NaN,NaN,NaN,NaN
10,NaN,NaN,NaN,NaN,NaN,NaN,NaN,NaN
11,NaN,NaN,NaN,NaN,NaN,NaN,NaN,NaN
1,NaN,NaN,NaN,NaN,NaN,NaN,NaN,NaN
2,NaN,NaN,NaN,NaN,NaN,NaN,NaN,NaN
3,NaN,NaN,NaN,NaN,NaN,NaN,NaN,NaN
4,NaN,NaN,NaN,NaN,NaN,NaN,NaN,NaN
5,NaN,NaN,NaN,NaN,NaN,NaN,NaN,NaN
6,NaN,NaN,NaN,NaN,NaN,NaN,NaN,NaN
7,NaN,NaN,NaN,NaN,NaN,NaN,NaN,NaN
8,NaN,NaN,NaN,NaN,NaN,NaN,NaN,NaN
9,NaN,NaN,NaN,NaN,NaN,NaN,NaN,NaN
10,NaN,NaN,NaN,NaN,NaN,NaN,NaN,NaN
11,NaN,NaN,NaN,NaN,NaN,NaN,NaN,NaN
1,NaN,NaN,NaN,NaN,NaN,NaN,NaN,NaN
2,NaN,NaN,NaN,NaN,NaN,NaN,NaN,NaN
3,NaN,NaN,NaN,NaN,NaN,NaN,NaN,NaN
4,NaN,NaN,NaN,NaN,NaN,NaN,NaN,NaN
5,NaN,NaN,NaN,NaN,NaN,NaN,NaN,NaN
6,NaN,NaN,NaN,NaN,NaN,NaN,NaN,NaN
7,NaN,NaN,NaN,NaN,NaN,NaN,NaN,NaN
8,NaN,NaN,NaN,NaN,NaN,NaN,NaN,NaN
9,NaN,NaN,NaN,NaN,NaN,NaN,NaN,NaN
10,NaN,NaN,NaN,NaN,NaN,NaN,NaN,NaN
11,NaN,NaN,NaN,NaN,NaN,NaN,NaN,NaN
1,NaN,NaN,NaN,NaN,NaN,NaN,NaN,NaN
2,NaN,NaN,NaN,NaN,NaN,NaN,NaN,NaN
3,NaN,NaN,NaN,NaN,NaN,NaN,NaN,NaN
4,NaN,NaN,NaN,NaN,NaN,NaN,NaN,NaN
5,NaN,NaN,NaN,NaN,NaN,NaN,NaN,NaN
6,NaN,NaN,NaN,NaN,NaN,NaN,NaN,NaN
7,NaN,NaN,NaN,NaN,NaN,NaN,NaN,NaN
8,NaN,NaN,NaN,NaN,NaN,NaN,NaN,NaN
9,NaN,NaN,NaN,NaN,NaN,NaN,NaN,NaN
10,NaN,NaN,NaN,NaN,NaN,NaN,NaN,NaN
11,NaN,NaN,NaN,NaN,NaN,NaN,NaN,NaN
1,NaN,NaN,NaN,NaN,NaN,NaN,NaN,NaN
2,NaN,NaN,NaN,NaN,NaN,NaN,NaN,NaN
3,NaN,NaN,NaN,NaN,NaN,NaN,NaN,NaN
4,NaN,NaN,NaN,NaN,NaN,NaN,NaN,NaN
5,NaN,NaN,NaN,NaN,NaN,NaN,NaN,NaN
6,NaN,NaN,NaN,NaN,NaN,NaN,NaN,NaN
7,NaN,NaN,NaN,NaN,NaN,NaN,NaN,NaN
8,NaN,NaN,NaN,NaN,NaN,NaN,NaN,NaN
9,NaN,NaN,NaN,NaN,NaN,NaN,NaN,NaN
10,NaN,NaN,NaN,NaN,NaN,NaN,NaN,NaN
11,NaN,NaN,NaN,NaN,NaN,NaN,NaN,NaN
1,NaN,NaN,NaN,NaN,NaN,NaN,NaN,NaN
2,NaN,NaN,NaN,NaN,NaN,NaN,NaN,NaN
3,NaN,NaN,NaN,NaN,NaN,NaN,NaN,NaN
4,NaN,NaN,NaN,NaN,NaN,NaN,NaN,NaN
5,NaN,NaN,NaN,NaN,NaN,NaN,NaN,NaN
6,NaN,NaN,NaN,NaN,NaN,NaN,NaN,NaN
7,NaN,NaN,NaN,NaN,NaN,NaN,NaN,NaN
8,NaN,NaN,NaN,NaN,NaN,NaN,NaN,NaN
9,NaN,NaN,NaN,NaN,NaN,NaN,NaN,NaN
10,NaN,NaN,NaN,NaN,NaN,NaN,NaN,NaN
11,NaN,NaN,NaN,NaN,NaN,NaN,NaN,NaN
1,NaN,NaN,NaN,NaN,NaN,NaN,NaN,NaN
2,NaN,NaN,NaN,NaN,NaN,NaN,NaN,NaN
3,NaN,NaN,NaN,NaN,NaN,NaN,NaN,NaN
4,NaN,NaN,NaN,NaN,NaN,NaN,NaN,NaN
5,NaN,NaN,NaN,NaN,NaN,NaN,NaN,NaN
6,NaN,NaN,NaN,NaN,NaN,NaN,NaN,NaN
7,NaN,NaN,NaN,NaN,NaN,NaN,NaN,NaN
8,NaN,NaN,NaN,NaN,NaN,NaN,NaN,NaN
9,NaN,NaN,NaN,NaN,NaN,NaN,NaN,NaN
10,NaN,NaN,NaN,NaN,NaN,NaN,NaN,NaN
11,NaN,NaN,NaN,NaN,NaN,NaN,NaN,NaN
1,NaN,NaN,NaN,NaN,NaN,NaN,NaN,NaN
2,NaN,NaN,NaN,NaN,NaN,NaN,NaN,NaN
3,NaN,NaN,NaN,NaN,NaN,NaN,NaN,NaN
4,NaN,NaN,NaN,NaN,NaN,NaN,NaN,NaN
5,NaN,NaN,NaN,NaN,NaN,NaN,NaN,NaN
6,NaN,NaN,NaN,NaN,NaN,NaN,NaN,NaN
7,NaN,NaN,NaN,NaN,NaN,NaN,NaN,NaN
8,NaN,NaN,NaN,NaN,NaN,NaN,NaN,NaN
9,NaN,NaN,NaN,NaN,NaN,NaN,NaN,NaN
10,NaN,NaN,NaN,NaN,NaN,NaN,NaN,NaN
11,NaN,NaN,NaN,NaN,NaN,NaN,NaN,NaN
1,NaN,NaN,NaN,NaN,NaN,NaN,NaN,NaN
2,NaN,NaN,NaN,NaN,NaN,NaN,NaN,NaN
3,NaN,NaN,NaN,NaN,NaN,NaN,NaN,NaN
4,NaN,NaN,NaN,NaN,NaN,NaN,NaN,NaN
5,NaN,NaN,NaN,NaN,NaN,NaN,NaN,NaN
6,NaN,NaN,NaN,NaN,NaN,NaN,NaN,NaN
7,NaN,NaN,NaN,NaN,NaN,NaN,NaN,NaN
8,NaN,NaN,NaN,NaN,NaN,NaN,NaN,NaN
9,NaN,NaN,NaN,NaN,NaN,NaN,NaN,NaN
10,NaN,NaN,NaN,NaN,NaN,NaN,NaN,NaN
11,NaN,NaN,NaN,NaN,NaN,NaN,NaN,NaN
1,NaN,NaN,NaN,NaN,NaN,NaN,NaN,NaN
2,NaN,NaN,NaN,NaN,NaN,NaN,NaN,NaN
3,NaN,NaN,NaN,NaN,NaN,NaN,NaN,NaN
4,NaN,NaN,NaN,NaN,NaN,NaN,NaN,NaN
5,NaN,NaN,NaN,NaN,NaN,NaN,NaN,NaN
6,NaN,NaN,NaN,NaN,NaN,NaN,NaN,NaN
7,NaN,NaN,NaN,NaN,NaN,NaN,NaN,NaN
8,NaN,NaN,NaN,NaN,NaN,NaN,NaN,NaN
9,NaN,NaN,NaN,NaN,NaN,NaN,NaN,NaN
10,NaN,NaN,NaN,NaN,NaN,NaN,NaN,NaN
11,NaN,NaN,NaN,NaN,NaN,NaN,NaN,NaN
1,NaN,NaN,NaN,NaN,NaN,NaN,NaN,NaN
2,NaN,NaN,NaN,NaN,NaN,NaN,NaN,NaN
3,NaN,NaN,NaN,NaN,NaN,NaN,NaN,NaN
4,NaN,NaN,NaN,NaN,NaN,NaN,NaN,NaN
5,NaN,NaN,NaN,NaN,NaN,NaN,NaN,NaN
6,NaN,NaN,NaN,NaN,NaN,NaN,NaN,NaN
7,NaN,NaN,NaN,NaN,NaN,NaN,NaN,NaN
8,NaN,NaN,NaN,NaN,NaN,NaN,NaN,NaN
9,NaN,NaN,NaN,NaN,NaN,NaN,NaN,NaN
10,NaN,NaN,NaN,NaN,NaN,NaN,NaN,NaN
11,NaN,NaN,NaN,NaN,NaN,NaN,NaN,NaN
1,NaN,NaN,NaN,NaN,NaN,NaN,NaN,NaN
2,NaN,NaN,NaN,NaN,NaN,NaN,NaN,NaN
3,NaN,NaN,NaN,NaN,NaN,NaN,NaN,NaN
4,NaN,NaN,NaN,NaN,NaN,NaN,NaN,NaN
5,NaN,NaN,NaN,NaN,NaN,NaN,NaN,NaN
6,NaN,NaN,NaN,NaN,NaN,NaN,NaN,NaN
7,NaN,NaN,NaN,NaN,NaN,NaN,NaN,NaN
8,NaN,NaN,NaN,NaN,NaN,NaN,NaN,NaN
9,NaN,NaN,NaN,NaN,NaN,NaN,NaN,NaN
10,NaN,NaN,NaN,NaN,NaN,NaN,NaN,NaN
11,NaN,NaN,NaN,NaN,NaN,NaN,NaN,NaN
1,NaN,NaN,NaN,NaN,NaN,NaN,NaN,NaN
2,NaN,NaN,NaN,NaN,NaN,NaN,NaN,NaN
3,NaN,NaN,NaN,NaN,NaN,NaN,NaN,NaN
4,NaN,NaN,NaN,NaN,NaN,NaN,NaN,NaN
5,NaN,NaN,NaN,NaN,NaN,NaN,NaN,NaN
6,NaN,NaN,NaN,NaN,NaN,NaN,NaN,NaN
7,NaN,NaN,NaN,NaN,NaN,NaN,NaN,NaN
8,NaN,NaN,NaN,NaN,NaN,NaN,NaN,NaN
9,NaN,NaN,NaN,NaN,NaN,NaN,NaN,NaN
10,NaN,NaN,NaN,NaN,NaN,NaN,NaN,NaN
11,NaN,NaN,NaN,NaN,NaN,NaN,NaN,NaN
1,NaN,NaN,NaN,NaN,NaN,NaN,NaN,NaN
2,NaN,NaN,NaN,NaN,NaN,NaN,NaN,NaN
3,NaN,NaN,NaN,NaN,NaN,NaN,NaN,NaN
4,NaN,NaN,NaN,NaN,NaN,NaN,NaN,NaN
5,NaN,NaN,NaN,NaN,NaN,NaN,NaN,NaN
6,NaN,NaN,NaN,NaN,NaN,NaN,NaN,NaN
7,NaN,NaN,NaN,NaN,NaN,NaN,NaN,NaN
8,NaN,NaN,NaN,NaN,NaN,NaN,NaN,NaN
9,NaN,NaN,NaN,NaN,NaN,NaN,NaN,NaN
10,NaN,NaN,NaN,NaN,NaN,NaN,NaN,NaN
11,NaN,NaN,NaN,NaN,NaN,NaN,NaN,NaN
1,NaN,NaN,NaN,NaN,NaN,NaN,NaN,NaN
2,NaN,NaN,NaN,NaN,NaN,NaN,NaN,NaN
3,NaN,NaN,NaN,NaN,NaN,NaN,NaN,NaN
4,NaN,NaN,NaN,NaN,NaN,NaN,NaN,NaN
5,NaN,NaN,NaN,NaN,NaN,NaN,NaN,NaN
6,NaN,NaN,NaN,NaN,NaN,NaN,NaN,NaN
7,NaN,NaN,NaN,NaN,NaN,NaN,NaN,NaN
8,NaN,NaN,NaN,NaN,NaN,NaN,NaN,NaN
9,NaN,NaN,NaN,NaN,NaN,NaN,NaN,NaN
10,NaN,NaN,NaN,NaN,NaN,NaN,NaN,NaN
11,NaN,NaN,NaN,NaN,NaN,NaN,NaN,NaN
1,NaN,NaN,NaN,NaN,NaN,NaN,NaN,NaN
2,NaN,NaN,NaN,NaN,NaN,NaN,NaN,NaN
3,NaN,NaN,NaN,NaN,NaN,NaN,NaN,NaN
4,NaN,NaN,NaN,NaN,NaN,NaN,NaN,NaN
5,NaN,NaN,NaN,NaN,NaN,NaN,NaN,NaN
6,NaN,NaN,NaN,NaN,NaN,NaN,NaN,NaN
7,NaN,NaN,NaN,NaN,NaN,NaN,NaN,NaN
8,NaN,NaN,NaN,NaN,NaN,NaN,NaN,NaN
9,NaN,NaN,NaN,NaN,NaN,NaN,NaN,NaN
10,NaN,NaN,NaN,NaN,NaN,NaN,NaN,NaN
11,NaN,NaN,NaN,NaN,NaN,NaN,NaN,NaN
1,NaN,NaN,NaN,NaN,NaN,NaN,NaN,NaN
2,NaN,NaN,NaN,NaN,NaN,NaN,NaN,NaN
3,NaN,NaN,NaN,NaN,NaN,NaN,NaN,NaN
4,NaN,NaN,NaN,NaN,NaN,NaN,NaN,NaN
5,NaN,NaN,NaN,NaN,NaN,NaN,NaN,NaN
6,NaN,NaN,NaN,NaN,NaN,NaN,NaN,NaN
7,NaN,NaN,NaN,NaN,NaN,NaN,NaN,NaN
8,NaN,NaN,NaN,NaN,NaN,NaN,NaN,NaN
9,NaN,NaN,NaN,NaN,NaN,NaN,NaN,NaN
10,NaN,NaN,NaN,NaN,NaN,NaN,NaN,NaN
11,NaN,NaN,NaN,NaN,NaN,NaN,NaN,NaN
1,NaN,NaN,NaN,NaN,NaN,NaN,NaN,NaN
2,NaN,NaN,NaN,NaN,NaN,NaN,NaN,NaN
3,NaN,NaN,NaN,NaN,NaN,NaN,NaN,NaN
4,NaN,NaN,NaN,NaN,NaN,NaN,NaN,NaN
5,NaN,NaN,NaN,NaN,NaN,NaN,NaN,NaN
6,NaN,NaN,NaN,NaN,NaN,NaN,NaN,NaN
7,NaN,NaN,NaN,NaN,NaN,NaN,NaN,NaN
8,NaN,NaN,NaN,NaN,NaN,NaN,NaN,NaN
9,NaN,NaN,NaN,NaN,NaN,NaN,NaN,NaN
10,NaN,NaN,NaN,NaN,NaN,NaN,NaN,NaN
11,NaN,NaN,NaN,NaN,NaN,NaN,NaN,NaN
1,NaN,NaN,NaN,NaN,NaN,NaN,NaN,NaN
2,NaN,NaN,NaN,NaN,NaN,NaN,NaN,NaN
3,NaN,NaN,NaN,NaN,NaN,NaN,NaN,NaN
4,NaN,NaN,NaN,NaN,NaN,NaN,NaN,NaN
5,NaN,NaN,NaN,NaN,NaN,NaN,NaN,NaN
6,NaN,NaN,NaN,NaN,NaN,NaN,NaN,NaN
7,NaN,NaN,NaN,NaN,NaN,NaN,NaN,NaN
8,NaN,NaN,NaN,NaN,NaN,NaN,NaN,NaN
9,NaN,NaN,NaN,NaN,NaN,NaN,NaN,NaN
10,NaN,NaN,NaN,NaN,NaN,NaN,NaN,NaN
11,NaN,NaN,NaN,NaN,NaN,NaN,NaN,NaN
1,NaN,NaN,NaN,NaN,NaN,NaN,NaN,NaN
2,NaN,NaN,NaN,NaN,NaN,NaN,NaN,NaN
3,NaN,NaN,NaN,NaN,NaN,NaN,NaN,NaN
4,NaN,NaN,NaN,NaN,NaN,NaN,NaN,NaN
5,NaN,NaN,NaN,NaN,NaN,NaN,NaN,NaN
6,NaN,NaN,NaN,NaN,NaN,NaN,NaN,NaN
7,NaN,NaN,NaN,NaN,NaN,NaN,NaN,NaN
8,NaN,NaN,NaN,NaN,NaN,NaN,NaN,NaN
9,NaN,NaN,NaN,NaN,NaN,NaN,NaN,NaN
10,NaN,NaN,NaN,NaN,NaN,NaN,NaN,NaN
11,NaN,NaN,NaN,NaN,NaN,NaN,NaN,NaN
1,NaN,NaN,NaN,NaN,NaN,NaN,NaN,NaN
2,NaN,NaN,NaN,NaN,NaN,NaN,NaN,NaN
3,NaN,NaN,NaN,NaN,NaN,NaN,NaN,NaN
4,NaN,NaN,NaN,NaN,NaN,NaN,NaN,NaN
5,NaN,NaN,NaN,NaN,NaN,NaN,NaN,NaN
6,NaN,NaN,NaN,NaN,NaN,NaN,NaN,NaN
7,NaN,NaN,NaN,NaN,NaN,NaN,NaN,NaN
8,NaN,NaN,NaN,NaN,NaN,NaN,NaN,NaN
9,NaN,NaN,NaN,NaN,NaN,NaN,NaN,NaN
10,NaN,NaN,NaN,NaN,NaN,NaN,NaN,NaN
11,NaN,NaN,NaN,NaN,NaN,NaN,NaN,NaN
1,NaN,NaN,NaN,NaN,NaN,NaN,NaN,NaN
2,NaN,NaN,NaN,NaN,NaN,NaN,NaN,NaN
3,NaN,NaN,NaN,NaN,NaN,NaN,NaN,NaN
4,NaN,NaN,NaN,NaN,NaN,NaN,NaN,NaN
5,NaN,NaN,NaN,NaN,NaN,NaN,NaN,NaN
6,NaN,NaN,NaN,NaN,NaN,NaN,NaN,NaN
7,NaN,NaN,NaN,NaN,NaN,NaN,NaN,NaN
8,NaN,NaN,NaN,NaN,NaN,NaN,NaN,NaN
9,NaN,NaN,NaN,NaN,NaN,NaN,NaN,NaN
10,NaN,NaN,NaN,NaN,NaN,NaN,NaN,NaN
11,NaN,NaN,NaN,NaN,NaN,NaN,NaN,NaN
1,NaN,NaN,NaN,NaN,NaN,NaN,NaN,NaN
2,NaN,NaN,NaN,NaN,NaN,NaN,NaN,NaN
3,NaN,NaN,NaN,NaN,NaN,NaN,NaN,NaN
4,NaN,NaN,NaN,NaN,NaN,NaN,NaN,NaN
5,NaN,NaN,NaN,NaN,NaN,NaN,NaN,NaN
6,NaN,NaN,NaN,NaN,NaN,NaN,NaN,NaN
7,NaN,NaN,NaN,NaN,NaN,NaN,NaN,NaN
8,NaN,NaN,NaN,NaN,NaN,NaN,NaN,NaN
9,NaN,NaN,NaN,NaN,NaN,NaN,NaN,NaN
10,NaN,NaN,NaN,NaN,NaN,NaN,NaN,NaN
11,NaN,NaN,NaN,NaN,NaN,NaN,NaN,NaN
1,NaN,NaN,NaN,NaN,NaN,NaN,NaN,NaN
2,NaN,NaN,NaN,NaN,NaN,NaN,NaN,NaN
3,NaN,NaN,NaN,NaN,NaN,NaN,NaN,NaN
4,NaN,NaN,NaN,NaN,NaN,NaN,NaN,NaN
5,NaN,NaN,NaN,NaN,NaN,NaN,NaN,NaN
6,NaN,NaN,NaN,NaN,NaN,NaN,NaN,NaN
7,NaN,NaN,NaN,NaN,NaN,NaN,NaN,NaN
8,NaN,NaN,NaN,NaN,NaN,NaN,NaN,NaN
9,NaN,NaN,NaN,NaN,NaN,NaN,NaN,NaN
10,NaN,NaN,NaN,NaN,NaN,NaN,NaN,NaN
11,NaN,NaN,NaN,NaN,NaN,NaN,NaN,NaN
1,NaN,NaN,NaN,NaN,NaN,NaN,NaN,NaN
2,NaN,NaN,NaN,NaN,NaN,NaN,NaN,NaN
3,NaN,NaN,NaN,NaN,NaN,NaN,NaN,NaN
4,NaN,NaN,NaN,NaN,NaN,NaN,NaN,NaN
5,NaN,NaN,NaN,NaN,NaN,NaN,NaN,NaN
6,NaN,NaN,NaN,NaN,NaN,NaN,NaN,NaN
7,NaN,NaN,NaN,NaN,NaN,NaN,NaN,NaN
8,NaN,NaN,NaN,NaN,NaN,NaN,NaN,NaN
9,NaN,NaN,NaN,NaN,NaN,NaN,NaN,NaN
10,NaN,NaN,NaN,NaN,NaN,NaN,NaN,NaN
11,NaN,NaN,NaN,NaN,NaN,NaN,NaN,NaN
1,NaN,NaN,NaN,NaN,NaN,NaN,NaN,NaN
2,NaN,NaN,NaN,NaN,NaN,NaN,NaN,NaN
3,NaN,NaN,NaN,NaN,NaN,NaN,NaN,NaN
4,NaN,NaN,NaN,NaN,NaN,NaN,NaN,NaN
5,NaN,NaN,NaN,NaN,NaN,NaN,NaN,NaN
6,NaN,NaN,NaN,NaN,NaN,NaN,NaN,NaN
7,NaN,NaN,NaN,NaN,NaN,NaN,NaN,NaN
8,NaN,NaN,NaN,NaN,NaN,NaN,NaN,NaN
9,NaN,NaN,NaN,NaN,NaN,NaN,NaN,NaN
10,NaN,NaN,NaN,NaN,NaN,NaN,NaN,NaN
11,NaN,NaN,NaN,NaN,NaN,NaN,NaN,NaN
1,NaN,NaN,NaN,NaN,NaN,NaN,NaN,NaN
2,NaN,NaN,NaN,NaN,NaN,NaN,NaN,NaN
3,NaN,NaN,NaN,NaN,NaN,NaN,NaN,NaN
4,NaN,NaN,NaN,NaN,NaN,NaN,NaN,NaN
5,NaN,NaN,NaN,NaN,NaN,NaN,NaN,NaN
6,NaN,NaN,NaN,NaN,NaN,NaN,NaN,NaN
7,NaN,NaN,NaN,NaN,NaN,NaN,NaN,NaN
8,NaN,NaN,NaN,NaN,NaN,NaN,NaN,NaN
9,NaN,NaN,NaN,NaN,NaN,NaN,NaN,NaN
10,NaN,NaN,NaN,NaN,NaN,NaN,NaN,NaN
11,NaN,NaN,NaN,NaN,NaN,NaN,NaN,NaN
1,NaN,NaN,NaN,NaN,NaN,NaN,NaN,NaN
2,NaN,NaN,NaN,NaN,NaN,NaN,NaN,NaN
3,NaN,NaN,NaN,NaN,NaN,NaN,NaN,NaN
4,NaN,NaN,NaN,NaN,NaN,NaN,NaN,NaN
5,NaN,NaN,NaN,NaN,NaN,NaN,NaN,NaN
6,NaN,NaN,NaN,NaN,NaN,NaN,NaN,NaN
7,NaN,NaN,NaN,NaN,NaN,NaN,NaN,NaN
8,NaN,NaN,NaN,NaN,NaN,NaN,NaN,NaN
9,NaN,NaN,NaN,NaN,NaN,NaN,NaN,NaN
10,NaN,NaN,NaN,NaN,NaN,NaN,NaN,NaN
11,NaN,NaN,NaN,NaN,NaN,NaN,NaN,NaN
1,NaN,NaN,NaN,NaN,NaN,NaN,NaN,NaN
2,NaN,NaN,NaN,NaN,NaN,NaN,NaN,NaN
3,NaN,NaN,NaN,NaN,NaN,NaN,NaN,NaN
4,NaN,NaN,NaN,NaN,NaN,NaN,NaN,NaN
5,NaN,NaN,NaN,NaN,NaN,NaN,NaN,NaN
6,NaN,NaN,NaN,NaN,NaN,NaN,NaN,NaN
7,NaN,NaN,NaN,NaN,NaN,NaN,NaN,NaN
8,NaN,NaN,NaN,NaN,NaN,NaN,NaN,NaN
9,NaN,NaN,NaN,NaN,NaN,NaN,NaN,NaN
10,NaN,NaN,NaN,NaN,NaN,NaN,NaN,NaN
11,NaN,NaN,NaN,NaN,NaN,NaN,NaN,NaN
1,NaN,NaN,NaN,NaN,NaN,NaN,NaN,NaN
2,NaN,NaN,NaN,NaN,NaN,NaN,NaN,NaN
3,NaN,NaN,NaN,NaN,NaN,NaN,NaN,NaN
4,NaN,NaN,NaN,NaN,NaN,NaN,NaN,NaN
5,NaN,NaN,NaN,NaN,NaN,NaN,NaN,NaN
6,NaN,NaN,NaN,NaN,NaN,NaN,NaN,NaN
7,NaN,NaN,NaN,NaN,NaN,NaN,NaN,NaN
8,NaN,NaN,NaN,NaN,NaN,NaN,NaN,NaN
9,NaN,NaN,NaN,NaN,NaN,NaN,NaN,NaN
10,NaN,NaN,NaN,NaN,NaN,NaN,NaN,NaN
11,NaN,NaN,NaN,NaN,NaN,NaN,NaN,NaN
1,NaN,NaN,NaN,NaN,NaN,NaN,NaN,NaN
2,NaN,NaN,NaN,NaN,NaN,NaN,NaN,NaN
3,NaN,NaN,NaN,NaN,NaN,NaN,NaN,NaN
4,NaN,NaN,NaN,NaN,NaN,NaN,NaN,NaN
5,NaN,NaN,NaN,NaN,NaN,NaN,NaN,NaN
6,NaN,NaN,NaN,NaN,NaN,NaN,NaN,NaN
7,NaN,NaN,NaN,NaN,NaN,NaN,NaN,NaN
8,NaN,NaN,NaN,NaN,NaN,NaN,NaN,NaN
9,NaN,NaN,NaN,NaN,NaN,NaN,NaN,NaN
10,NaN,NaN,NaN,NaN,NaN,NaN,NaN,NaN
11,NaN,NaN,NaN,NaN,NaN,NaN,NaN,NaN
1,NaN,NaN,NaN,NaN,NaN,NaN,NaN,NaN
2,NaN,NaN,NaN,NaN,NaN,NaN,NaN,NaN
3,NaN,NaN,NaN,NaN,NaN,NaN,NaN,NaN
4,NaN,NaN,NaN,NaN,NaN,NaN,NaN,NaN
5,NaN,NaN,NaN,NaN,NaN,NaN,NaN,NaN
6,NaN,NaN,NaN,NaN,NaN,NaN,NaN,NaN
7,NaN,NaN,NaN,NaN,NaN,NaN,NaN,NaN
8,NaN,NaN,NaN,NaN,NaN,NaN,NaN,NaN
9,NaN,NaN,NaN,NaN,NaN,NaN,NaN,NaN
10,NaN,NaN,NaN,NaN,NaN,NaN,NaN,NaN
11,NaN,NaN,NaN,NaN,NaN,NaN,NaN,NaN
1,NaN,NaN,NaN,NaN,NaN,NaN,NaN,NaN
2,NaN,NaN,NaN,NaN,NaN,NaN,NaN,NaN
3,NaN,NaN,NaN,NaN,NaN,NaN,NaN,NaN
4,NaN,NaN,NaN,NaN,NaN,NaN,NaN,NaN
5,NaN,NaN,NaN,NaN,NaN,NaN,NaN,NaN
6,NaN,NaN,NaN,NaN,NaN,NaN,NaN,NaN
7,NaN,NaN,NaN,NaN,NaN,NaN,NaN,NaN
8,NaN,NaN,NaN,NaN,NaN,NaN,NaN,NaN
9,NaN,NaN,NaN,NaN,NaN,NaN,NaN,NaN
10,NaN,NaN,NaN,NaN,NaN,NaN,NaN,NaN
11,NaN,NaN,NaN,NaN,NaN,NaN,NaN,NaN
1,NaN,NaN,NaN,NaN,NaN,NaN,NaN,NaN
2,NaN,NaN,NaN,NaN,NaN,NaN,NaN,NaN
3,NaN,NaN,NaN,NaN,NaN,NaN,NaN,NaN
4,NaN,NaN,NaN,NaN,NaN,NaN,NaN,NaN
5,NaN,NaN,NaN,NaN,NaN,NaN,NaN,NaN
6,NaN,NaN,NaN,NaN,NaN,NaN,NaN,NaN
7,NaN,NaN,NaN,NaN,NaN,NaN,NaN,NaN
8,NaN,NaN,NaN,NaN,NaN,NaN,NaN,NaN
9,NaN,NaN,NaN,NaN,NaN,NaN,NaN,NaN
10,NaN,NaN,NaN,NaN,NaN,NaN,NaN,NaN
11,NaN,NaN,NaN,NaN,NaN,NaN,NaN,NaN
1,NaN,NaN,NaN,NaN,NaN,NaN,NaN,NaN
2,NaN,NaN,NaN,NaN,NaN,NaN,NaN,NaN
3,NaN,NaN,NaN,NaN,NaN,NaN,NaN,NaN
4,NaN,NaN,NaN,NaN,NaN,NaN,NaN,NaN
5,NaN,NaN,NaN,NaN,NaN,NaN,NaN,NaN
6,NaN,NaN,NaN,NaN,NaN,NaN,NaN,NaN
7,NaN,NaN,NaN,NaN,NaN,NaN,NaN,NaN
8,NaN,NaN,NaN,NaN,NaN,NaN,NaN,NaN
9,NaN,NaN,NaN,NaN,NaN,NaN,NaN,NaN
10,NaN,NaN,NaN,NaN,NaN,NaN,NaN,NaN
11,NaN,NaN,NaN,NaN,NaN,NaN,NaN,NaN
1,NaN,NaN,NaN,NaN,NaN,NaN,NaN,NaN
2,NaN,NaN,NaN,NaN,NaN,NaN,NaN,NaN
3,NaN,NaN,NaN,NaN,NaN,NaN,NaN,NaN
4,NaN,NaN,NaN,NaN,NaN,NaN,NaN,NaN
5,NaN,NaN,NaN,NaN,NaN,NaN,NaN,NaN
6,NaN,NaN,NaN,NaN,NaN,NaN,NaN,NaN
7,NaN,NaN,NaN,NaN,NaN,NaN,NaN,NaN
8,NaN,NaN,NaN,NaN,NaN,NaN,NaN,NaN
9,NaN,NaN,NaN,NaN,NaN,NaN,NaN,NaN
10,NaN,NaN,NaN,NaN,NaN,NaN,NaN,NaN
11,NaN,NaN,NaN,NaN,NaN,NaN,NaN,NaN
1,NaN,NaN,NaN,NaN,NaN,NaN,NaN,NaN
2,NaN,NaN,NaN,NaN,NaN,NaN,NaN,NaN
3,NaN,NaN,NaN,NaN,NaN,NaN,NaN,NaN
4,NaN,NaN,NaN,NaN,NaN,NaN,NaN,NaN
5,NaN,NaN,NaN,NaN,NaN,NaN,NaN,NaN
6,NaN,NaN,NaN,NaN,NaN,NaN,NaN,NaN
7,NaN,NaN,NaN,NaN,NaN,NaN,NaN,NaN
8,NaN,NaN,NaN,NaN,NaN,NaN,NaN,NaN
9,NaN,NaN,NaN,NaN,NaN,NaN,NaN,NaN
10,NaN,NaN,NaN,NaN,NaN,NaN,NaN,NaN
11,NaN,NaN,NaN,NaN,NaN,NaN,NaN,NaN
1,NaN,NaN,NaN,NaN,NaN,NaN,NaN,NaN
2,NaN,NaN,NaN,NaN,NaN,NaN,NaN,NaN
3,NaN,NaN,NaN,NaN,NaN,NaN,NaN,NaN
4,NaN,NaN,NaN,NaN,NaN,NaN,NaN,NaN
5,NaN,NaN,NaN,NaN,NaN,NaN,NaN,NaN
6,NaN,NaN,NaN,NaN,NaN,NaN,NaN,NaN
7,NaN,NaN,NaN,NaN,NaN,NaN,NaN,NaN
8,NaN,NaN,NaN,NaN,NaN,NaN,NaN,NaN
9,NaN,NaN,NaN,NaN,NaN,NaN,NaN,NaN
10,NaN,NaN,NaN,NaN,NaN,NaN,NaN,NaN
11,NaN,NaN,NaN,NaN,NaN,NaN,NaN,NaN
1,NaN,NaN,NaN,NaN,NaN,NaN,NaN,NaN
2,NaN,NaN,NaN,NaN,NaN,NaN,NaN,NaN
3,NaN,NaN,NaN,NaN,NaN,NaN,NaN,NaN
4,NaN,NaN,NaN,NaN,NaN,NaN,NaN,NaN
5,NaN,NaN,NaN,NaN,NaN,NaN,NaN,NaN
6,NaN,NaN,NaN,NaN,NaN,NaN,NaN,NaN
7,NaN,NaN,NaN,NaN,NaN,NaN,NaN,NaN
8,NaN,NaN,NaN,NaN,NaN,NaN,NaN,NaN
9,NaN,NaN,NaN,NaN,NaN,NaN,NaN,NaN
10,NaN,NaN,NaN,NaN,NaN,NaN,NaN,NaN
11,NaN,NaN,NaN,NaN,NaN,NaN,NaN,NaN
1,NaN,NaN,NaN,NaN,NaN,NaN,NaN,NaN
2,NaN,NaN,NaN,NaN,NaN,NaN,NaN,NaN
3,NaN,NaN,NaN,NaN,NaN,NaN,NaN,NaN
4,NaN,NaN,NaN,NaN,NaN,NaN,NaN,NaN
5,NaN,NaN,NaN,NaN,NaN,NaN,NaN,NaN
6,NaN,NaN,NaN,NaN,NaN,NaN,NaN,NaN
7,NaN,NaN,NaN,NaN,NaN,NaN,NaN,NaN
8,NaN,NaN,NaN,NaN,NaN,NaN,NaN,NaN
9,NaN,NaN,NaN,NaN,NaN,NaN,NaN,NaN
10,NaN,NaN,NaN,NaN,NaN,NaN,NaN,NaN
11,NaN,NaN,NaN,NaN,NaN,NaN,NaN,NaN
1,NaN,NaN,NaN,NaN,NaN,NaN,NaN,NaN
2,NaN,NaN,NaN,NaN,NaN,NaN,NaN,NaN
3,NaN,NaN,NaN,NaN,NaN,NaN,NaN,NaN
4,NaN,NaN,NaN,NaN,NaN,NaN,NaN,NaN
5,NaN,NaN,NaN,NaN,NaN,NaN,NaN,NaN
6,NaN,NaN,NaN,NaN,NaN,NaN,NaN,NaN
7,NaN,NaN,NaN,NaN,NaN,NaN,NaN,NaN
8,NaN,NaN,NaN,NaN,NaN,NaN,NaN,NaN
9,NaN,NaN,NaN,NaN,NaN,NaN,NaN,NaN
10,NaN,NaN,NaN,NaN,NaN,NaN,NaN,NaN
11,NaN,NaN,NaN,NaN,NaN,NaN,NaN,NaN
1,NaN,NaN,NaN,NaN,NaN,NaN,NaN,NaN
2,NaN,NaN,NaN,NaN,NaN,NaN,NaN,NaN
3,NaN,NaN,NaN,NaN,NaN,NaN,NaN,NaN
4,NaN,NaN,NaN,NaN,NaN,NaN,NaN,NaN
5,NaN,NaN,NaN,NaN,NaN,NaN,NaN,NaN
6,NaN,NaN,NaN,NaN,NaN,NaN,NaN,NaN
7,NaN,NaN,NaN,NaN,NaN,NaN,NaN,NaN
8,NaN,NaN,NaN,NaN,NaN,NaN,NaN,NaN
9,NaN,NaN,NaN,NaN,NaN,NaN,NaN,NaN
10,NaN,NaN,NaN,NaN,NaN,NaN,NaN,NaN
11,NaN,NaN,NaN,NaN,NaN,NaN,NaN,NaN
1,NaN,NaN,NaN,NaN,NaN,NaN,NaN,NaN
2,NaN,NaN,NaN,NaN,NaN,NaN,NaN,NaN
3,NaN,NaN,NaN,NaN,NaN,NaN,NaN,NaN
4,NaN,NaN,NaN,NaN,NaN,NaN,NaN,NaN
5,NaN,NaN,NaN,NaN,NaN,NaN,NaN,NaN
6,NaN,NaN,NaN,NaN,NaN,NaN,NaN,NaN
7,NaN,NaN,NaN,NaN,NaN,NaN,NaN,NaN
8,NaN,NaN,NaN,NaN,NaN,NaN,NaN,NaN
9,NaN,NaN,NaN,NaN,NaN,NaN,NaN,NaN
10,NaN,NaN,NaN,NaN,NaN,NaN,NaN,NaN
11,NaN,NaN,NaN,NaN,NaN,NaN,NaN,NaN
1,NaN,NaN,NaN,NaN,NaN,NaN,NaN,NaN
2,NaN,NaN,NaN,NaN,NaN,NaN,NaN,NaN
3,NaN,NaN,NaN,NaN,NaN,NaN,NaN,NaN
4,NaN,NaN,NaN,NaN,NaN,NaN,NaN,NaN
5,NaN,NaN,NaN,NaN,NaN,NaN,NaN,NaN
6,NaN,NaN,NaN,NaN,NaN,NaN,NaN,NaN
7,NaN,NaN,NaN,NaN,NaN,NaN,NaN,NaN
8,NaN,NaN,NaN,NaN,NaN,NaN,NaN,NaN
9,NaN,NaN,NaN,NaN,NaN,NaN,NaN,NaN
10,NaN,NaN,NaN,NaN,NaN,NaN,NaN,NaN
11,NaN,NaN,NaN,NaN,NaN,NaN,NaN,NaN
1,NaN,NaN,NaN,NaN,NaN,NaN,NaN,NaN
2,NaN,NaN,NaN,NaN,NaN,NaN,NaN,NaN
3,NaN,NaN,NaN,NaN,NaN,NaN,NaN,NaN
4,NaN,NaN,NaN,NaN,NaN,NaN,NaN,NaN
5,NaN,NaN,NaN,NaN,NaN,NaN,NaN,NaN
6,NaN,NaN,NaN,NaN,NaN,NaN,NaN,NaN
7,NaN,NaN,NaN,NaN,NaN,NaN,NaN,NaN
8,NaN,NaN,NaN,NaN,NaN,NaN,NaN,NaN
9,NaN,NaN,NaN,NaN,NaN,NaN,NaN,NaN
10,NaN,NaN,NaN,NaN,NaN,NaN,NaN,NaN
11,NaN,NaN,NaN,NaN,NaN,NaN,NaN,NaN
1,NaN,NaN,NaN,NaN,NaN,NaN,NaN,NaN
2,NaN,NaN,NaN,NaN,NaN,NaN,NaN,NaN
3,NaN,NaN,NaN,NaN,NaN,NaN,NaN,NaN
4,NaN,NaN,NaN,NaN,NaN,NaN,NaN,NaN
5,NaN,NaN,NaN,NaN,NaN,NaN,NaN,NaN
6,NaN,NaN,NaN,NaN,NaN,NaN,NaN,NaN
7,NaN,NaN,NaN,NaN,NaN,NaN,NaN,NaN
8,NaN,NaN,NaN,NaN,NaN,NaN,NaN,NaN
9,NaN,NaN,NaN,NaN,NaN,NaN,NaN,NaN
10,NaN,NaN,NaN,NaN,NaN,NaN,NaN,NaN
11,NaN,NaN,NaN,NaN,NaN,NaN,NaN,NaN
1,NaN,NaN,NaN,NaN,NaN,NaN,NaN,NaN
2,NaN,NaN,NaN,NaN,NaN,NaN,NaN,NaN
3,NaN,NaN,NaN,NaN,NaN,NaN,NaN,NaN
4,NaN,NaN,NaN,NaN,NaN,NaN,NaN,NaN
5,NaN,NaN,NaN,NaN,NaN,NaN,NaN,NaN
6,NaN,NaN,NaN,NaN,NaN,NaN,NaN,NaN
7,NaN,NaN,NaN,NaN,NaN,NaN,NaN,NaN
8,NaN,NaN,NaN,NaN,NaN,NaN,NaN,NaN
9,NaN,NaN,NaN,NaN,NaN,NaN,NaN,NaN
10,NaN,NaN,NaN,NaN,NaN,NaN,NaN,NaN
11,NaN,NaN,NaN,NaN,NaN,NaN,NaN,NaN
1,NaN,NaN,NaN,NaN,NaN,NaN,NaN,NaN
2,NaN,NaN,NaN,NaN,NaN,NaN,NaN,NaN
3,NaN,NaN,NaN,NaN,NaN,NaN,NaN,NaN
4,NaN,NaN,NaN,NaN,NaN,NaN,NaN,NaN
5,NaN,NaN,NaN,NaN,NaN,NaN,NaN,NaN
6,NaN,NaN,NaN,NaN,NaN,NaN,NaN,NaN
7,NaN,NaN,NaN,NaN,NaN,NaN,NaN,NaN
8,NaN,NaN,NaN,NaN,NaN,NaN,NaN,NaN
9,NaN,NaN,NaN,NaN,NaN,NaN,NaN,NaN
10,NaN,NaN,NaN,NaN,NaN,NaN,NaN,NaN
11,NaN,NaN,NaN,NaN,NaN,NaN,NaN,NaN
1,NaN,NaN,NaN,NaN,NaN,NaN,NaN,NaN
2,NaN,NaN,NaN,NaN,NaN,NaN,NaN,NaN
3,NaN,NaN,NaN,NaN,NaN,NaN,NaN,NaN
4,NaN,NaN,NaN,NaN,NaN,NaN,NaN,NaN
5,NaN,NaN,NaN,NaN,NaN,NaN,NaN,NaN
6,NaN,NaN,NaN,NaN,NaN,NaN,NaN,NaN
7,NaN,NaN,NaN,NaN,NaN,NaN,NaN,NaN
8,NaN,NaN,NaN,NaN,NaN,NaN,NaN,NaN
9,NaN,NaN,NaN,NaN,NaN,NaN,NaN,NaN
10,NaN,NaN,NaN,NaN,NaN,NaN,NaN,NaN
11,NaN,NaN,NaN,NaN,NaN,NaN,NaN,NaN
1,NaN,NaN,NaN,NaN,NaN,NaN,NaN,NaN
2,NaN,NaN,NaN,NaN,NaN,NaN,NaN,NaN
3,NaN,NaN,NaN,NaN,NaN,NaN,NaN,NaN
4,NaN,NaN,NaN,NaN,NaN,NaN,NaN,NaN
5,NaN,NaN,NaN,NaN,NaN,NaN,NaN,NaN
6,NaN,NaN,NaN,NaN,NaN,NaN,NaN,NaN
7,NaN,NaN,NaN,NaN,NaN,NaN,NaN,NaN
8,NaN,NaN,NaN,NaN,NaN,NaN,NaN,NaN
9,NaN,NaN,NaN,NaN,NaN,NaN,NaN,NaN
10,NaN,NaN,NaN,NaN,NaN,NaN,NaN,NaN
11,NaN,NaN,NaN,NaN,NaN,NaN,NaN,NaN
1,NaN,NaN,NaN,NaN,NaN,NaN,NaN,NaN
2,NaN,NaN,NaN,NaN,NaN,NaN,NaN,NaN
3,NaN,NaN,NaN,NaN,NaN,NaN,NaN,NaN
4,NaN,NaN,NaN,NaN,NaN,NaN,NaN,NaN
5,NaN,NaN,NaN,NaN,NaN,NaN,NaN,NaN
6,NaN,NaN,NaN,NaN,NaN,NaN,NaN,NaN
7,NaN,NaN,NaN,NaN,NaN,NaN,NaN,NaN
8,NaN,NaN,NaN,NaN,NaN,NaN,NaN,NaN
9,NaN,NaN,NaN,NaN,NaN,NaN,NaN,NaN
10,NaN,NaN,NaN,NaN,NaN,NaN,NaN,NaN
11,NaN,NaN,NaN,NaN,NaN,NaN,NaN,NaN
1,NaN,NaN,NaN,NaN,NaN,NaN,NaN,NaN
2,NaN,NaN,NaN,NaN,NaN,NaN,NaN,NaN
3,NaN,NaN,NaN,NaN,NaN,NaN,NaN,NaN
4,NaN,NaN,NaN,NaN,NaN,NaN,NaN,NaN
5,NaN,NaN,NaN,NaN,NaN,NaN,NaN,NaN
6,NaN,NaN,NaN,NaN,NaN,NaN,NaN,NaN
7,NaN,NaN,NaN,NaN,NaN,NaN,NaN,NaN
8,NaN,NaN,NaN,NaN,NaN,NaN,NaN,NaN
9,NaN,NaN,NaN,NaN,NaN,NaN,NaN,NaN
10,NaN,NaN,NaN,NaN,NaN,NaN,NaN,NaN
11,NaN,NaN,NaN,NaN,NaN,NaN,NaN,NaN
1,NaN,NaN,NaN,NaN,NaN,NaN,NaN,NaN
2,NaN,NaN,NaN,NaN,NaN,NaN,NaN,NaN
3,NaN,NaN,NaN,NaN,NaN,NaN,NaN,NaN
4,NaN,NaN,NaN,NaN,NaN,NaN,NaN,NaN
5,NaN,NaN,NaN,NaN,NaN,NaN,NaN,NaN
6,NaN,NaN,NaN,NaN,NaN,NaN,NaN,NaN
7,NaN,NaN,NaN,NaN,NaN,NaN,NaN,NaN
8,NaN,NaN,NaN,NaN,NaN,NaN,NaN,NaN
9,NaN,NaN,NaN,NaN,NaN,NaN,NaN,NaN
10,NaN,NaN,NaN,NaN,NaN,NaN,NaN,NaN
11,NaN,NaN,NaN,NaN,NaN,NaN,NaN,NaN
1,NaN,NaN,NaN,NaN,NaN,NaN,NaN,NaN
2,NaN,NaN,NaN,NaN,NaN,NaN,NaN,NaN
3,NaN,NaN,NaN,NaN,NaN,NaN,NaN,NaN
4,NaN,NaN,NaN,NaN,NaN,NaN,NaN,NaN
5,NaN,NaN,NaN,NaN,NaN,NaN,NaN,NaN
6,NaN,NaN,NaN,NaN,NaN,NaN,NaN,NaN
7,NaN,NaN,NaN,NaN,NaN,NaN,NaN,NaN
8,NaN,NaN,NaN,NaN,NaN,NaN,NaN,NaN
9,NaN,NaN,NaN,NaN,NaN,NaN,NaN,NaN
10,NaN,NaN,NaN,NaN,NaN,NaN,NaN,NaN
11,NaN,NaN,NaN,NaN,NaN,NaN,NaN,NaN
1,NaN,NaN,NaN,NaN,NaN,NaN,NaN,NaN
2,NaN,NaN,NaN,NaN,NaN,NaN,NaN,NaN
3,NaN,NaN,NaN,NaN,NaN,NaN,NaN,NaN
4,NaN,NaN,NaN,NaN,NaN,NaN,NaN,NaN
5,NaN,NaN,NaN,NaN,NaN,NaN,NaN,NaN
6,NaN,NaN,NaN,NaN,NaN,NaN,NaN,NaN
7,NaN,NaN,NaN,NaN,NaN,NaN,NaN,NaN
8,NaN,NaN,NaN,NaN,NaN,NaN,NaN,NaN
9,NaN,NaN,NaN,NaN,NaN,NaN,NaN,NaN
10,NaN,NaN,NaN,NaN,NaN,NaN,NaN,NaN
11,NaN,NaN,NaN,NaN,NaN,NaN,NaN,NaN
1,NaN,NaN,NaN,NaN,NaN,NaN,NaN,NaN
2,NaN,NaN,NaN,NaN,NaN,NaN,NaN,NaN
3,NaN,NaN,NaN,NaN,NaN,NaN,NaN,NaN
4,NaN,NaN,NaN,NaN,NaN,NaN,NaN,NaN
5,NaN,NaN,NaN,NaN,NaN,NaN,NaN,NaN
6,NaN,NaN,NaN,NaN,NaN,NaN,NaN,NaN
7,NaN,NaN,NaN,NaN,NaN,NaN,NaN,NaN
8,NaN,NaN,NaN,NaN,NaN,NaN,NaN,NaN
9,NaN,NaN,NaN,NaN,NaN,NaN,NaN,NaN
10,NaN,NaN,NaN,NaN,NaN,NaN,NaN,NaN
11,NaN,NaN,NaN,NaN,NaN,NaN,NaN,NaN
1,NaN,NaN,NaN,NaN,NaN,NaN,NaN,NaN
2,NaN,NaN,NaN,NaN,NaN,NaN,NaN,NaN
3,NaN,NaN,NaN,NaN,NaN,NaN,NaN,NaN
4,NaN,NaN,NaN,NaN,NaN,NaN,NaN,NaN
5,NaN,NaN,NaN,NaN,NaN,NaN,NaN,NaN
6,NaN,NaN,NaN,NaN,NaN,NaN,NaN,NaN
7,NaN,NaN,NaN,NaN,NaN,NaN,NaN,NaN
8,NaN,NaN,NaN,NaN,NaN,NaN,NaN,NaN
9,NaN,NaN,NaN,NaN,NaN,NaN,NaN,NaN
10,NaN,NaN,NaN,NaN,NaN,NaN,NaN,NaN
11,NaN,NaN,NaN,NaN,NaN,NaN,NaN,NaN
1,NaN,NaN,NaN,NaN,NaN,NaN,NaN,NaN
2,NaN,NaN,NaN,NaN,NaN,NaN,NaN,NaN
3,NaN,NaN,NaN,NaN,NaN,NaN,NaN,NaN
4,NaN,NaN,NaN,NaN,NaN,NaN,NaN,NaN
5,NaN,NaN,NaN,NaN,NaN,NaN,NaN,NaN
6,NaN,NaN,NaN,NaN,NaN,NaN,NaN,NaN
7,NaN,NaN,NaN,NaN,NaN,NaN,NaN,NaN
8,NaN,NaN,NaN,NaN,NaN,NaN,NaN,NaN
9,NaN,NaN,NaN,NaN,NaN,NaN,NaN,NaN
10,NaN,NaN,NaN,NaN,NaN,NaN,NaN,NaN
11,NaN,NaN,NaN,NaN,NaN,NaN,NaN,NaN
1,NaN,NaN,NaN,NaN,NaN,NaN,NaN,NaN
2,NaN,NaN,NaN,NaN,NaN,NaN,NaN,NaN
3,NaN,NaN,NaN,NaN,NaN,NaN,NaN,NaN
4,NaN,NaN,NaN,NaN,NaN,NaN,NaN,NaN
5,NaN,NaN,NaN,NaN,NaN,NaN,NaN,NaN
6,NaN,NaN,NaN,NaN,NaN,NaN,NaN,NaN
7,NaN,NaN,NaN,NaN,NaN,NaN,NaN,NaN
8,NaN,NaN,NaN,NaN,NaN,NaN,NaN,NaN
9,NaN,NaN,NaN,NaN,NaN,NaN,NaN,NaN
10,NaN,NaN,NaN,NaN,NaN,NaN,NaN,NaN
11,NaN,NaN,NaN,NaN,NaN,NaN,NaN,NaN
1,NaN,NaN,NaN,NaN,NaN,NaN,NaN,NaN
2,NaN,NaN,NaN,NaN,NaN,NaN,NaN,NaN
3,NaN,NaN,NaN,NaN,NaN,NaN,NaN,NaN
4,NaN,NaN,NaN,NaN,NaN,NaN,NaN,NaN
5,NaN,NaN,NaN,NaN,NaN,NaN,NaN,NaN
6,NaN,NaN,NaN,NaN,NaN,NaN,NaN,NaN
7,NaN,NaN,NaN,NaN,NaN,NaN,NaN,NaN
8,NaN,NaN,NaN,NaN,NaN,NaN,NaN,NaN
9,NaN,NaN,NaN,NaN,NaN,NaN,NaN,NaN
10,NaN,NaN,NaN,NaN,NaN,NaN,NaN,NaN
11,NaN,NaN,NaN,NaN,NaN,NaN,NaN,NaN
1,NaN,NaN,NaN,NaN,NaN,NaN,NaN,NaN
2,NaN,NaN,NaN,NaN,NaN,NaN,NaN,NaN
3,NaN,NaN,NaN,NaN,NaN,NaN,NaN,NaN
4,NaN,NaN,NaN,NaN,NaN,NaN,NaN,NaN
5,NaN,NaN,NaN,NaN,NaN,NaN,NaN,NaN
6,NaN,NaN,NaN,NaN,NaN,NaN,NaN,NaN
7,NaN,NaN,NaN,NaN,NaN,NaN,NaN,NaN
8,NaN,NaN,NaN,NaN,NaN,NaN,NaN,NaN
9,NaN,NaN,NaN,NaN,NaN,NaN,NaN,NaN
10,NaN,NaN,NaN,NaN,NaN,NaN,NaN,NaN
11,NaN,NaN,NaN,NaN,NaN,NaN,NaN,NaN
1,NaN,NaN,NaN,NaN,NaN,NaN,NaN,NaN
2,NaN,NaN,NaN,NaN,NaN,NaN,NaN,NaN
3,NaN,NaN,NaN,NaN,NaN,NaN,NaN,NaN
4,NaN,NaN,NaN,NaN,NaN,NaN,NaN,NaN
5,NaN,NaN,NaN,NaN,NaN,NaN,NaN,NaN
6,NaN,NaN,NaN,NaN,NaN,NaN,NaN,NaN
7,NaN,NaN,NaN,NaN,NaN,NaN,NaN,NaN
8,NaN,NaN,NaN,NaN,NaN,NaN,NaN,NaN
9,NaN,NaN,NaN,NaN,NaN,NaN,NaN,NaN
10,NaN,NaN,NaN,NaN,NaN,NaN,NaN,NaN
11,NaN,NaN,NaN,NaN,NaN,NaN,NaN,NaN
1,NaN,NaN,NaN,NaN,NaN,NaN,NaN,NaN
2,NaN,NaN,NaN,NaN,NaN,NaN,NaN,NaN
3,NaN,NaN,NaN,NaN,NaN,NaN,NaN,NaN
4,NaN,NaN,NaN,NaN,NaN,NaN,NaN,NaN
5,NaN,NaN,NaN,NaN,NaN,NaN,NaN,NaN
6,NaN,NaN,NaN,NaN,NaN,NaN,NaN,NaN
7,NaN,NaN,NaN,NaN,NaN,NaN,NaN,NaN
8,NaN,NaN,NaN,NaN,NaN,NaN,NaN,NaN
9,NaN,NaN,NaN,NaN,NaN,NaN,NaN,NaN
10,NaN,NaN,NaN,NaN,NaN,NaN,NaN,NaN
11,NaN,NaN,NaN,NaN,NaN,NaN,NaN,NaN
1,NaN,NaN,NaN,NaN,NaN,NaN,NaN,NaN
2,NaN,NaN,NaN,NaN,NaN,NaN,NaN,NaN
3,NaN,NaN,NaN,NaN,NaN,NaN,NaN,NaN
4,NaN,NaN,NaN,NaN,NaN,NaN,NaN,NaN
5,NaN,NaN,NaN,NaN,NaN,NaN,NaN,NaN
6,NaN,NaN,NaN,NaN,NaN,NaN,NaN,NaN
7,NaN,NaN,NaN,NaN,NaN,NaN,NaN,NaN
8,NaN,NaN,NaN,NaN,NaN,NaN,NaN,NaN
9,NaN,NaN,NaN,NaN,NaN,NaN,NaN,NaN
10,NaN,NaN,NaN,NaN,NaN,NaN,NaN,NaN
11,NaN,NaN,NaN,NaN,NaN,NaN,NaN,NaN
1,NaN,NaN,NaN,NaN,NaN,NaN,NaN,NaN
2,NaN,NaN,NaN,NaN,NaN,NaN,NaN,NaN
3,NaN,NaN,NaN,NaN,NaN,NaN,NaN,NaN
4,NaN,NaN,NaN,NaN,NaN,NaN,NaN,NaN
5,NaN,NaN,NaN,NaN,NaN,NaN,NaN,NaN
6,NaN,NaN,NaN,NaN,NaN,NaN,NaN,NaN
7,NaN,NaN,NaN,NaN,NaN,NaN,NaN,NaN
8,NaN,NaN,NaN,NaN,NaN,NaN,NaN,NaN
9,NaN,NaN,NaN,NaN,NaN,NaN,NaN,NaN
10,NaN,NaN,NaN,NaN,NaN,NaN,NaN,NaN
11,NaN,NaN,NaN,NaN,NaN,NaN,NaN,NaN
1,NaN,NaN,NaN,NaN,NaN,NaN,NaN,NaN
2,NaN,NaN,NaN,NaN,NaN,NaN,NaN,NaN
3,NaN,NaN,NaN,NaN,NaN,NaN,NaN,NaN
4,NaN,NaN,NaN,NaN,NaN,NaN,NaN,NaN
5,NaN,NaN,NaN,NaN,NaN,NaN,NaN,NaN
6,NaN,NaN,NaN,NaN,NaN,NaN,NaN,NaN
7,NaN,NaN,NaN,NaN,NaN,NaN,NaN,NaN
8,NaN,NaN,NaN,NaN,NaN,NaN,NaN,NaN
9,NaN,NaN,NaN,NaN,NaN,NaN,NaN,NaN
10,NaN,NaN,NaN,NaN,NaN,NaN,NaN,NaN
11,NaN,NaN,NaN,NaN,NaN,NaN,NaN,NaN
1,NaN,NaN,NaN,NaN,NaN,NaN,NaN,NaN
2,NaN,NaN,NaN,NaN,NaN,NaN,NaN,NaN
3,NaN,NaN,NaN,NaN,NaN,NaN,NaN,NaN
4,NaN,NaN,NaN,NaN,NaN,NaN,NaN,NaN
5,NaN,NaN,NaN,NaN,NaN,NaN,NaN,NaN
6,NaN,NaN,NaN,NaN,NaN,NaN,NaN,NaN
7,NaN,NaN,NaN,NaN,NaN,NaN,NaN,NaN
8,NaN,NaN,NaN,NaN,NaN,NaN,NaN,NaN
9,NaN,NaN,NaN,NaN,NaN,NaN,NaN,NaN
10,NaN,NaN,NaN,NaN,NaN,NaN,NaN,NaN
11,NaN,NaN,NaN,NaN,NaN,NaN,NaN,NaN
1,NaN,NaN,NaN,NaN,NaN,NaN,NaN,NaN
2,NaN,NaN,NaN,NaN,NaN,NaN,NaN,NaN
3,NaN,NaN,NaN,NaN,NaN,NaN,NaN,NaN
4,NaN,NaN,NaN,NaN,NaN,NaN,NaN,NaN
5,NaN,NaN,NaN,NaN,NaN,NaN,NaN,NaN
6,NaN,NaN,NaN,NaN,NaN,NaN,NaN,NaN
7,NaN,NaN,NaN,NaN,NaN,NaN,NaN,NaN
8,NaN,NaN,NaN,NaN,NaN,NaN,NaN,NaN
9,NaN,NaN,NaN,NaN,NaN,NaN,NaN,NaN
10,NaN,NaN,NaN,NaN,NaN,NaN,NaN,NaN
11,NaN,NaN,NaN,NaN,NaN,NaN,NaN,NaN
1,NaN,NaN,NaN,NaN,NaN,NaN,NaN,NaN
2,NaN,NaN,NaN,NaN,NaN,NaN,NaN,NaN
3,NaN,NaN,NaN,NaN,NaN,NaN,NaN,NaN
4,NaN,NaN,NaN,NaN,NaN,NaN,NaN,NaN
5,NaN,NaN,NaN,NaN,NaN,NaN,NaN,NaN
6,NaN,NaN,NaN,NaN,NaN,NaN,NaN,NaN
7,NaN,NaN,NaN,NaN,NaN,NaN,NaN,NaN
8,NaN,NaN,NaN,NaN,NaN,NaN,NaN,NaN
9,NaN,NaN,NaN,NaN,NaN,NaN,NaN,NaN
10,NaN,NaN,NaN,NaN,NaN,NaN,NaN,NaN
11,NaN,NaN,NaN,NaN,NaN,NaN,NaN,NaN
1,NaN,NaN,NaN,NaN,NaN,NaN,NaN,NaN
2,NaN,NaN,NaN,NaN,NaN,NaN,NaN,NaN
3,NaN,NaN,NaN,NaN,NaN,NaN,NaN,NaN
4,NaN,NaN,NaN,NaN,NaN,NaN,NaN,NaN
5,NaN,NaN,NaN,NaN,NaN,NaN,NaN,NaN
6,NaN,NaN,NaN,NaN,NaN,NaN,NaN,NaN
7,NaN,NaN,NaN,NaN,NaN,NaN,NaN,NaN
8,NaN,NaN,NaN,NaN,NaN,NaN,NaN,NaN
9,NaN,NaN,NaN,NaN,NaN,NaN,NaN,NaN
10,NaN,NaN,NaN,NaN,NaN,NaN,NaN,NaN
11,NaN,NaN,NaN,NaN,NaN,NaN,NaN,NaN
1,NaN,NaN,NaN,NaN,NaN,NaN,NaN,NaN
2,NaN,NaN,NaN,NaN,NaN,NaN,NaN,NaN
3,NaN,NaN,NaN,NaN,NaN,NaN,NaN,NaN
4,NaN,NaN,NaN,NaN,NaN,NaN,NaN,NaN
5,NaN,NaN,NaN,NaN,NaN,NaN,NaN,NaN
6,NaN,NaN,NaN,NaN,NaN,NaN,NaN,NaN
7,NaN,NaN,NaN,NaN,NaN,NaN,NaN,NaN
8,NaN,NaN,NaN,NaN,NaN,NaN,NaN,NaN
9,NaN,NaN,NaN,NaN,NaN,NaN,NaN,NaN
10,NaN,NaN,NaN,NaN,NaN,NaN,NaN,NaN
11,NaN,NaN,NaN,NaN,NaN,NaN,NaN,NaN
1,NaN,NaN,NaN,NaN,NaN,NaN,NaN,NaN
2,NaN,NaN,NaN,NaN,NaN,NaN,NaN,NaN
3,NaN,NaN,NaN,NaN,NaN,NaN,NaN,NaN
4,NaN,NaN,NaN,NaN,NaN,NaN,NaN,NaN
5,NaN,NaN,NaN,NaN,NaN,NaN,NaN,NaN
6,NaN,NaN,NaN,NaN,NaN,NaN,NaN,NaN
7,NaN,NaN,NaN,NaN,NaN,NaN,NaN,NaN
8,NaN,NaN,NaN,NaN,NaN,NaN,NaN,NaN
9,NaN,NaN,NaN,NaN,NaN,NaN,NaN,NaN
10,NaN,NaN,NaN,NaN,NaN,NaN,NaN,NaN
11,NaN,NaN,NaN,NaN,NaN,NaN,NaN,NaN
1,NaN,NaN,NaN,NaN,NaN,NaN,NaN,NaN
2,NaN,NaN,NaN,NaN,NaN,NaN,NaN,NaN
3,NaN,NaN,NaN,NaN,NaN,NaN,NaN,NaN
4,NaN,NaN,NaN,NaN,NaN,NaN,NaN,NaN
5,NaN,NaN,NaN,NaN,NaN,NaN,NaN,NaN
6,NaN,NaN,NaN,NaN,NaN,NaN,NaN,NaN
7,NaN,NaN,NaN,NaN,NaN,NaN,NaN,NaN
8,NaN,NaN,NaN,NaN,NaN,NaN,NaN,NaN
9,NaN,NaN,NaN,NaN,NaN,NaN,NaN,NaN
10,NaN,NaN,NaN,NaN,NaN,NaN,NaN,NaN
11,NaN,NaN,NaN,NaN,NaN,NaN,NaN,NaN
1,NaN,NaN,NaN,NaN,NaN,NaN,NaN,NaN
2,NaN,NaN,NaN,NaN,NaN,NaN,NaN,NaN
3,NaN,NaN,NaN,NaN,NaN,NaN,NaN,NaN
4,NaN,NaN,NaN,NaN,NaN,NaN,NaN,NaN
5,NaN,NaN,NaN,NaN,NaN,NaN,NaN,NaN
6,NaN,NaN,NaN,NaN,NaN,NaN,NaN,NaN
7,NaN,NaN,NaN,NaN,NaN,NaN,NaN,NaN
8,NaN,NaN,NaN,NaN,NaN,NaN,NaN,NaN
9,NaN,NaN,NaN,NaN,NaN,NaN,NaN,NaN
10,NaN,NaN,NaN,NaN,NaN,NaN,NaN,NaN
11,NaN,NaN,NaN,NaN,NaN,NaN,NaN,NaN
1,NaN,NaN,NaN,NaN,NaN,NaN,NaN,NaN
2,NaN,NaN,NaN,NaN,NaN,NaN,NaN,NaN
3,NaN,NaN,NaN,NaN,NaN,NaN,NaN,NaN
4,NaN,NaN,NaN,NaN,NaN,NaN,NaN,NaN
5,NaN,NaN,NaN,NaN,NaN,NaN,NaN,NaN
6,NaN,NaN,NaN,NaN,NaN,NaN,NaN,NaN
7,NaN,NaN,NaN,NaN,NaN,NaN,NaN,NaN
8,NaN,NaN,NaN,NaN,NaN,NaN,NaN,NaN
9,NaN,NaN,NaN,NaN,NaN,NaN,NaN,NaN
10,NaN,NaN,NaN,NaN,NaN,NaN,NaN,NaN
11,NaN,NaN,NaN,NaN,NaN,NaN,NaN,NaN
1,NaN,NaN,NaN,NaN,NaN,NaN,NaN,NaN
2,NaN,NaN,NaN,NaN,NaN,NaN,NaN,NaN
3,NaN,NaN,NaN,NaN,NaN,NaN,NaN,NaN
4,NaN,NaN,NaN,NaN,NaN,NaN,NaN,NaN
5,NaN,NaN,NaN,NaN,NaN,NaN,NaN,NaN
6,NaN,NaN,NaN,NaN,NaN,NaN,NaN,NaN
7,NaN,NaN,NaN,NaN,NaN,NaN,NaN,NaN
8,NaN,NaN,NaN,NaN,NaN,NaN,NaN,NaN
9,NaN,NaN,NaN,NaN,NaN,NaN,NaN,NaN
10,NaN,NaN,NaN,NaN,NaN,NaN,NaN,NaN
11,NaN,NaN,NaN,NaN,NaN,NaN,NaN,NaN
1,NaN,NaN,NaN,NaN,NaN,NaN,NaN,NaN
2,NaN,NaN,NaN,NaN,NaN,NaN,NaN,NaN
3,NaN,NaN,NaN,NaN,NaN,NaN,NaN,NaN
4,NaN,NaN,NaN,NaN,NaN,NaN,NaN,NaN
5,NaN,NaN,NaN,NaN,NaN,NaN,NaN,NaN
6,NaN,NaN,NaN,NaN,NaN,NaN,NaN,NaN
7,NaN,NaN,NaN,NaN,NaN,NaN,NaN,NaN
8,NaN,NaN,NaN,NaN,NaN,NaN,NaN,NaN
9,NaN,NaN,NaN,NaN,NaN,NaN,NaN,NaN
10,NaN,NaN,NaN,NaN,NaN,NaN,NaN,NaN
11,NaN,NaN,NaN,NaN,NaN,NaN,NaN,NaN
1,NaN,NaN,NaN,NaN,NaN,NaN,NaN,NaN
2,NaN,NaN,NaN,NaN,NaN,NaN,NaN,NaN
3,NaN,NaN,NaN,NaN,NaN,NaN,NaN,NaN
4,NaN,NaN,NaN,NaN,NaN,NaN,NaN,NaN
5,NaN,NaN,NaN,NaN,NaN,NaN,NaN,NaN
6,NaN,NaN,NaN,NaN,NaN,NaN,NaN,NaN
7,NaN,NaN,NaN,NaN,NaN,NaN,NaN,NaN
8,NaN,NaN,NaN,NaN,NaN,NaN,NaN,NaN
9,NaN,NaN,NaN,NaN,NaN,NaN,NaN,NaN
10,NaN,NaN,NaN,NaN,NaN,NaN,NaN,NaN
11,NaN,NaN,NaN,NaN,NaN,NaN,NaN,NaN
1,NaN,NaN,NaN,NaN,NaN,NaN,NaN,NaN
2,NaN,NaN,NaN,NaN,NaN,NaN,NaN,NaN
3,NaN,NaN,NaN,NaN,NaN,NaN,NaN,NaN
4,NaN,NaN,NaN,NaN,NaN,NaN,NaN,NaN
5,NaN,NaN,NaN,NaN,NaN,NaN,NaN,NaN
6,NaN,NaN,NaN,NaN,NaN,NaN,NaN,NaN
7,NaN,NaN,NaN,NaN,NaN,NaN,NaN,NaN
8,NaN,NaN,NaN,NaN,NaN,NaN,NaN,NaN
9,NaN,NaN,NaN,NaN,NaN,NaN,NaN,NaN
10,NaN,NaN,NaN,NaN,NaN,NaN,NaN,NaN
11,NaN,NaN,NaN,NaN,NaN,NaN,NaN,NaN
1,NaN,NaN,NaN,NaN,NaN,NaN,NaN,NaN
2,NaN,NaN,NaN,NaN,NaN,NaN,NaN,NaN
3,NaN,NaN,NaN,NaN,NaN,NaN,NaN,NaN
4,NaN,NaN,NaN,NaN,NaN,NaN,NaN,NaN
5,NaN,NaN,NaN,NaN,NaN,NaN,NaN,NaN
6,NaN,NaN,NaN,NaN,NaN,NaN,NaN,NaN
7,NaN,NaN,NaN,NaN,NaN,NaN,NaN,NaN
8,NaN,NaN,NaN,NaN,NaN,NaN,NaN,NaN
9,NaN,NaN,NaN,NaN,NaN,NaN,NaN,NaN
10,NaN,NaN,NaN,NaN,NaN,NaN,NaN,NaN
11,NaN,NaN,NaN,NaN,NaN,NaN,NaN,NaN
1,NaN,NaN,NaN,NaN,NaN,NaN,NaN,NaN
2,NaN,NaN,NaN,NaN,NaN,NaN,NaN,NaN
3,NaN,NaN,NaN,NaN,NaN,NaN,NaN,NaN
4,NaN,NaN,NaN,NaN,NaN,NaN,NaN,NaN
5,NaN,NaN,NaN,NaN,NaN,NaN,NaN,NaN
6,NaN,NaN,NaN,NaN,NaN,NaN,NaN,NaN
7,NaN,NaN,NaN,NaN,NaN,NaN,NaN,NaN
8,NaN,NaN,NaN,NaN,NaN,NaN,NaN,NaN
9,NaN,NaN,NaN,NaN,NaN,NaN,NaN,NaN
10,NaN,NaN,NaN,NaN,NaN,NaN,NaN,NaN
11,NaN,NaN,NaN,NaN,NaN,NaN,NaN,NaN
1,NaN,NaN,NaN,NaN,NaN,NaN,NaN,NaN
2,NaN,NaN,NaN,NaN,NaN,NaN,NaN,NaN
3,NaN,NaN,NaN,NaN,NaN,NaN,NaN,NaN
4,NaN,NaN,NaN,NaN,NaN,NaN,NaN,NaN
5,NaN,NaN,NaN,NaN,NaN,NaN,NaN,NaN
6,NaN,NaN,NaN,NaN,NaN,NaN,NaN,NaN
7,NaN,NaN,NaN,NaN,NaN,NaN,NaN,NaN
8,NaN,NaN,NaN,NaN,NaN,NaN,NaN,NaN
9,NaN,NaN,NaN,NaN,NaN,NaN,NaN,NaN
10,NaN,NaN,NaN,NaN,NaN,NaN,NaN,NaN
11,NaN,NaN,NaN,NaN,NaN,NaN,NaN,NaN
1,NaN,NaN,NaN,NaN,NaN,NaN,NaN,NaN
2,NaN,NaN,NaN,NaN,NaN,NaN,NaN,NaN
3,NaN,NaN,NaN,NaN,NaN,NaN,NaN,NaN
4,NaN,NaN,NaN,NaN,NaN,NaN,NaN,NaN
5,NaN,NaN,NaN,NaN,NaN,NaN,NaN,NaN
6,NaN,NaN,NaN,NaN,NaN,NaN,NaN,NaN
7,NaN,NaN,NaN,NaN,NaN,NaN,NaN,NaN
8,NaN,NaN,NaN,NaN,NaN,NaN,NaN,NaN
9,NaN,NaN,NaN,NaN,NaN,NaN,NaN,NaN
10,NaN,NaN,NaN,NaN,NaN,NaN,NaN,NaN
11,NaN,NaN,NaN,NaN,NaN,NaN,NaN,NaN
1,NaN,NaN,NaN,NaN,NaN,NaN,NaN,NaN
2,NaN,NaN,NaN,NaN,NaN,NaN,NaN,NaN
3,NaN,NaN,NaN,NaN,NaN,NaN,NaN,NaN
4,NaN,NaN,NaN,NaN,NaN,NaN,NaN,NaN
5,NaN,NaN,NaN,NaN,NaN,NaN,NaN,NaN
6,NaN,NaN,NaN,NaN,NaN,NaN,NaN,NaN
7,NaN,NaN,NaN,NaN,NaN,NaN,NaN,NaN
8,NaN,NaN,NaN,NaN,NaN,NaN,NaN,NaN
9,NaN,NaN,NaN,NaN,NaN,NaN,NaN,NaN
10,NaN,NaN,NaN,NaN,NaN,NaN,NaN,NaN
11,NaN,NaN,NaN,NaN,NaN,NaN,NaN,NaN
1,NaN,NaN,NaN,NaN,NaN,NaN,NaN,NaN
2,NaN,NaN,NaN,NaN,NaN,NaN,NaN,NaN
3,NaN,NaN,NaN,NaN,NaN,NaN,NaN,NaN
4,NaN,NaN,NaN,NaN,NaN,NaN,NaN,NaN
5,NaN,NaN,NaN,NaN,NaN,NaN,NaN,NaN
6,NaN,NaN,NaN,NaN,NaN,NaN,NaN,NaN
7,NaN,NaN,NaN,NaN,NaN,NaN,NaN,NaN
8,NaN,NaN,NaN,NaN,NaN,NaN,NaN,NaN
9,NaN,NaN,NaN,NaN,NaN,NaN,NaN,NaN
10,NaN,NaN,NaN,NaN,NaN,NaN,NaN,NaN
11,NaN,NaN,NaN,NaN,NaN,NaN,NaN,NaN
1,NaN,NaN,NaN,NaN,NaN,NaN,NaN,NaN
2,NaN,NaN,NaN,NaN,NaN,NaN,NaN,NaN
3,NaN,NaN,NaN,NaN,NaN,NaN,NaN,NaN
4,NaN,NaN,NaN,NaN,NaN,NaN,NaN,NaN
5,NaN,NaN,NaN,NaN,NaN,NaN,NaN,NaN
6,NaN,NaN,NaN,NaN,NaN,NaN,NaN,NaN
7,NaN,NaN,NaN,NaN,NaN,NaN,NaN,NaN
8,NaN,NaN,NaN,NaN,NaN,NaN,NaN,NaN
9,NaN,NaN,NaN,NaN,NaN,NaN,NaN,NaN
10,NaN,NaN,NaN,NaN,NaN,NaN,NaN,NaN
11,NaN,NaN,NaN,NaN,NaN,NaN,NaN,NaN
1,NaN,NaN,NaN,NaN,NaN,NaN,NaN,NaN
2,NaN,NaN,NaN,NaN,NaN,NaN,NaN,NaN
3,NaN,NaN,NaN,NaN,NaN,NaN,NaN,NaN
4,NaN,NaN,NaN,NaN,NaN,NaN,NaN,NaN
5,NaN,NaN,NaN,NaN,NaN,NaN,NaN,NaN
6,NaN,NaN,NaN,NaN,NaN,NaN,NaN,NaN
7,NaN,NaN,NaN,NaN,NaN,NaN,NaN,NaN
8,NaN,NaN,NaN,NaN,NaN,NaN,NaN,NaN
9,NaN,NaN,NaN,NaN,NaN,NaN,NaN,NaN
10,NaN,NaN,NaN,NaN,NaN,NaN,NaN,NaN
11,NaN,NaN,NaN,NaN,NaN,NaN,NaN,NaN
1,NaN,NaN,NaN,NaN,NaN,NaN,NaN,NaN
2,NaN,NaN,NaN,NaN,NaN,NaN,NaN,NaN
3,NaN,NaN,NaN,NaN,NaN,NaN,NaN,NaN
4,NaN,NaN,NaN,NaN,NaN,NaN,NaN,NaN
5,NaN,NaN,NaN,NaN,NaN,NaN,NaN,NaN
6,NaN,NaN,NaN,NaN,NaN,NaN,NaN,NaN
7,NaN,NaN,NaN,NaN,NaN,NaN,NaN,NaN
8,NaN,NaN,NaN,NaN,NaN,NaN,NaN,NaN
9,NaN,NaN,NaN,NaN,NaN,NaN,NaN,NaN
10,NaN,NaN,NaN,NaN,NaN,NaN,NaN,NaN
11,NaN,NaN,NaN,NaN,NaN,NaN,NaN,NaN
1,NaN,NaN,NaN,NaN,NaN,NaN,NaN,NaN
2,NaN,NaN,NaN,NaN,NaN,NaN,NaN,NaN
3,NaN,NaN,NaN,NaN,NaN,NaN,NaN,NaN
4,NaN,NaN,NaN,NaN,NaN,NaN,NaN,NaN
5,NaN,NaN,NaN,NaN,NaN,NaN,NaN,NaN
6,NaN,NaN,NaN,NaN,NaN,NaN,NaN,NaN
7,NaN,NaN,NaN,NaN,NaN,NaN,NaN,NaN
8,NaN,NaN,NaN,NaN,NaN,NaN,NaN,NaN
9,NaN,NaN,NaN,NaN,NaN,NaN,NaN,NaN
10,NaN,NaN,NaN,NaN,NaN,NaN,NaN,NaN
11,NaN,NaN,NaN,NaN,NaN,NaN,NaN,NaN
1,NaN,NaN,NaN,NaN,NaN,NaN,NaN,NaN
2,NaN,NaN,NaN,NaN,NaN,NaN,NaN,NaN
3,NaN,NaN,NaN,NaN,NaN,NaN,NaN,NaN
4,NaN,NaN,NaN,NaN,NaN,NaN,NaN,NaN
5,NaN,NaN,NaN,NaN,NaN,NaN,NaN,NaN
6,NaN,NaN,NaN,NaN,NaN,NaN,NaN,NaN
7,NaN,NaN,NaN,NaN,NaN,NaN,NaN,NaN
8,NaN,NaN,NaN,NaN,NaN,NaN,NaN,NaN
9,NaN,NaN,NaN,NaN,NaN,NaN,NaN,NaN
10,NaN,NaN,NaN,NaN,NaN,NaN,NaN,NaN
11,NaN,NaN,NaN,NaN,NaN,NaN,NaN,NaN
1,NaN,NaN,NaN,NaN,NaN,NaN,NaN,NaN
2,NaN,NaN,NaN,NaN,NaN,NaN,NaN,NaN
3,NaN,NaN,NaN,NaN,NaN,NaN,NaN,NaN
4,NaN,NaN,NaN,NaN,NaN,NaN,NaN,NaN
5,NaN,NaN,NaN,NaN,NaN,NaN,NaN,NaN
6,NaN,NaN,NaN,NaN,NaN,NaN,NaN,NaN
7,NaN,NaN,NaN,NaN,NaN,NaN,NaN,NaN
8,NaN,NaN,NaN,NaN,NaN,NaN,NaN,NaN
9,NaN,NaN,NaN,NaN,NaN,NaN,NaN,NaN
10,NaN,NaN,NaN,NaN,NaN,NaN,NaN,NaN
11,NaN,NaN,NaN,NaN,NaN,NaN,NaN,NaN
1,NaN,NaN,NaN,NaN,NaN,NaN,NaN,NaN
2,NaN,NaN,NaN,NaN,NaN,NaN,NaN,NaN
3,NaN,NaN,NaN,NaN,NaN,NaN,NaN,NaN
4,NaN,NaN,NaN,NaN,NaN,NaN,NaN,NaN
5,NaN,NaN,NaN,NaN,NaN,NaN,NaN,NaN
6,NaN,NaN,NaN,NaN,NaN,NaN,NaN,NaN
7,NaN,NaN,NaN,NaN,NaN,NaN,NaN,NaN
8,NaN,NaN,NaN,NaN,NaN,NaN,NaN,NaN
9,NaN,NaN,NaN,NaN,NaN,NaN,NaN,NaN
10,NaN,NaN,NaN,NaN,NaN,NaN,NaN,NaN
11,NaN,NaN,NaN,NaN,NaN,NaN,NaN,NaN
1,NaN,NaN,NaN,NaN,NaN,NaN,NaN,NaN
2,NaN,NaN,NaN,NaN,NaN,NaN,NaN,NaN
3,NaN,NaN,NaN,NaN,NaN,NaN,NaN,NaN
4,NaN,NaN,NaN,NaN,NaN,NaN,NaN,NaN
5,NaN,NaN,NaN,NaN,NaN,NaN,NaN,NaN
6,NaN,NaN,NaN,NaN,NaN,NaN,NaN,NaN
7,NaN,NaN,NaN,NaN,NaN,NaN,NaN,NaN
8,NaN,NaN,NaN,NaN,NaN,NaN,NaN,NaN
9,NaN,NaN,NaN,NaN,NaN,NaN,NaN,NaN
10,NaN,NaN,NaN,NaN,NaN,NaN,NaN,NaN
11,NaN,NaN,NaN,NaN,NaN,NaN,NaN,NaN
1,NaN,NaN,NaN,NaN,NaN,NaN,NaN,NaN
2,NaN,NaN,NaN,NaN,NaN,NaN,NaN,NaN
3,NaN,NaN,NaN,NaN,NaN,NaN,NaN,NaN
4,NaN,NaN,NaN,NaN,NaN,NaN,NaN,NaN
5,NaN,NaN,NaN,NaN,NaN,NaN,NaN,NaN
6,NaN,NaN,NaN,NaN,NaN,NaN,NaN,NaN
7,NaN,NaN,NaN,NaN,NaN,NaN,NaN,NaN
8,NaN,NaN,NaN,NaN,NaN,NaN,NaN,NaN
9,NaN,NaN,NaN,NaN,NaN,NaN,NaN,NaN
10,NaN,NaN,NaN,NaN,NaN,NaN,NaN,NaN
11,NaN,NaN,NaN,NaN,NaN,NaN,NaN,NaN
1,NaN,NaN,NaN,NaN,NaN,NaN,NaN,NaN
2,NaN,NaN,NaN,NaN,NaN,NaN,NaN,NaN
3,NaN,NaN,NaN,NaN,NaN,NaN,NaN,NaN
4,NaN,NaN,NaN,NaN,NaN,NaN,NaN,NaN
5,NaN,NaN,NaN,NaN,NaN,NaN,NaN,NaN
6,NaN,NaN,NaN,NaN,NaN,NaN,NaN,NaN
7,NaN,NaN,NaN,NaN,NaN,NaN,NaN,NaN
8,NaN,NaN,NaN,NaN,NaN,NaN,NaN,NaN
9,NaN,NaN,NaN,NaN,NaN,NaN,NaN,NaN
10,NaN,NaN,NaN,NaN,NaN,NaN,NaN,NaN
11,NaN,NaN,NaN,NaN,NaN,NaN,NaN,NaN
1,NaN,NaN,NaN,NaN,NaN,NaN,NaN,NaN
2,NaN,NaN,NaN,NaN,NaN,NaN,NaN,NaN
3,NaN,NaN,NaN,NaN,NaN,NaN,NaN,NaN
4,NaN,NaN,NaN,NaN,NaN,NaN,NaN,NaN
5,NaN,NaN,NaN,NaN,NaN,NaN,NaN,NaN
6,NaN,NaN,NaN,NaN,NaN,NaN,NaN,NaN
7,NaN,NaN,NaN,NaN,NaN,NaN,NaN,NaN
8,NaN,NaN,NaN,NaN,NaN,NaN,NaN,NaN
9,NaN,NaN,NaN,NaN,NaN,NaN,NaN,NaN
10,NaN,NaN,NaN,NaN,NaN,NaN,NaN,NaN
11,NaN,NaN,NaN,NaN,NaN,NaN,NaN,NaN
1,NaN,NaN,NaN,NaN,NaN,NaN,NaN,NaN
2,NaN,NaN,NaN,NaN,NaN,NaN,NaN,NaN
3,NaN,NaN,NaN,NaN,NaN,NaN,NaN,NaN
4,NaN,NaN,NaN,NaN,NaN,NaN,NaN,NaN
5,NaN,NaN,NaN,NaN,NaN,NaN,NaN,NaN
6,NaN,NaN,NaN,NaN,NaN,NaN,NaN,NaN
7,NaN,NaN,NaN,NaN,NaN,NaN,NaN,NaN
8,NaN,NaN,NaN,NaN,NaN,NaN,NaN,NaN
9,NaN,NaN,NaN,NaN,NaN,NaN,NaN,NaN
10,NaN,NaN,NaN,NaN,NaN,NaN,NaN,NaN
11,NaN,NaN,NaN,NaN,NaN,NaN,NaN,NaN
1,NaN,NaN,NaN,NaN,NaN,NaN,NaN,NaN
2,NaN,NaN,NaN,NaN,NaN,NaN,NaN,NaN
3,NaN,NaN,NaN,NaN,NaN,NaN,NaN,NaN
4,NaN,NaN,NaN,NaN,NaN,NaN,NaN,NaN
5,NaN,NaN,NaN,NaN,NaN,NaN,NaN,NaN
6,NaN,NaN,NaN,NaN,NaN,NaN,NaN,NaN
7,NaN,NaN,NaN,NaN,NaN,NaN,NaN,NaN
8,NaN,NaN,NaN,NaN,NaN,NaN,NaN,NaN
9,NaN,NaN,NaN,NaN,NaN,NaN,NaN,NaN
10,NaN,NaN,NaN,NaN,NaN,NaN,NaN,NaN
11,NaN,NaN,NaN,NaN,NaN,NaN,NaN,NaN
1,NaN,NaN,NaN,NaN,NaN,NaN,NaN,NaN
2,NaN,NaN,NaN,NaN,NaN,NaN,NaN,NaN
3,NaN,NaN,NaN,NaN,NaN,NaN,NaN,NaN
4,NaN,NaN,NaN,NaN,NaN,NaN,NaN,NaN
5,NaN,NaN,NaN,NaN,NaN,NaN,NaN,NaN
6,NaN,NaN,NaN,NaN,NaN,NaN,NaN,NaN
7,NaN,NaN,NaN,NaN,NaN,NaN,NaN,NaN
8,NaN,NaN,NaN,NaN,NaN,NaN,NaN,NaN
9,NaN,NaN,NaN,NaN,NaN,NaN,NaN,NaN
10,NaN,NaN,NaN,NaN,NaN,NaN,NaN,NaN
11,NaN,NaN,NaN,NaN,NaN,NaN,NaN,NaN
1,NaN,NaN,NaN,NaN,NaN,NaN,NaN,NaN
2,NaN,NaN,NaN,NaN,NaN,NaN,NaN,NaN
3,NaN,NaN,NaN,NaN,NaN,NaN,NaN,NaN
4,NaN,NaN,NaN,NaN,NaN,NaN,NaN,NaN
5,NaN,NaN,NaN,NaN,NaN,NaN,NaN,NaN
6,NaN,NaN,NaN,NaN,NaN,NaN,NaN,NaN
7,NaN,NaN,NaN,NaN,NaN,NaN,NaN,NaN
8,NaN,NaN,NaN,NaN,NaN,NaN,NaN,NaN
9,NaN,NaN,NaN,NaN,NaN,NaN,NaN,NaN
10,NaN,NaN,NaN,NaN,NaN,NaN,NaN,NaN
11,NaN,NaN,NaN,NaN,NaN,NaN,NaN,NaN
1,NaN,NaN,NaN,NaN,NaN,NaN,NaN,NaN
2,NaN,NaN,NaN,NaN,NaN,NaN,NaN,NaN
3,NaN,NaN,NaN,NaN,NaN,NaN,NaN,NaN
4,NaN,NaN,NaN,NaN,NaN,NaN,NaN,NaN
5,NaN,NaN,NaN,NaN,NaN,NaN,NaN,NaN
6,NaN,NaN,NaN,NaN,NaN,NaN,NaN,NaN
7,NaN,NaN,NaN,NaN,NaN,NaN,NaN,NaN
8,NaN,NaN,NaN,NaN,NaN,NaN,NaN,NaN
9,NaN,NaN,NaN,NaN,NaN,NaN,NaN,NaN
10,NaN,NaN,NaN,NaN,NaN,NaN,NaN,NaN
11,NaN,NaN,NaN,NaN,NaN,NaN,NaN,NaN
1,NaN,NaN,NaN,NaN,NaN,NaN,NaN,NaN
2,NaN,NaN,NaN,NaN,NaN,NaN,NaN,NaN
3,NaN,NaN,NaN,NaN,NaN,NaN,NaN,NaN
4,NaN,NaN,NaN,NaN,NaN,NaN,NaN,NaN
5,NaN,NaN,NaN,NaN,NaN,NaN,NaN,NaN
6,NaN,NaN,NaN,NaN,NaN,NaN,NaN,NaN
7,NaN,NaN,NaN,NaN,NaN,NaN,NaN,NaN
8,NaN,NaN,NaN,NaN,NaN,NaN,NaN,NaN
9,NaN,NaN,NaN,NaN,NaN,NaN,NaN,NaN
10,NaN,NaN,NaN,NaN,NaN,NaN,NaN,NaN
11,NaN,NaN,NaN,NaN,NaN,NaN,NaN,NaN
1,NaN,NaN,NaN,NaN,NaN,NaN,NaN,NaN
2,NaN,NaN,NaN,NaN,NaN,NaN,NaN,NaN
3,NaN,NaN,NaN,NaN,NaN,NaN,NaN,NaN
4,NaN,NaN,NaN,NaN,NaN,NaN,NaN,NaN
5,NaN,NaN,NaN,NaN,NaN,NaN,NaN,NaN
6,NaN,NaN,NaN,NaN,NaN,NaN,NaN,NaN
7,NaN,NaN,NaN,NaN,NaN,NaN,NaN,NaN
8,NaN,NaN,NaN,NaN,NaN,NaN,NaN,NaN
9,NaN,NaN,NaN,NaN,NaN,NaN,NaN,NaN
10,NaN,NaN,NaN,NaN,NaN,NaN,NaN,NaN
11,NaN,NaN,NaN,NaN,NaN,NaN,NaN,NaN
1,NaN,NaN,NaN,NaN,NaN,NaN,NaN,NaN
2,NaN,NaN,NaN,NaN,NaN,NaN,NaN,NaN
3,NaN,NaN,NaN,NaN,NaN,NaN,NaN,NaN
4,NaN,NaN,NaN,NaN,NaN,NaN,NaN,NaN
5,NaN,NaN,NaN,NaN,NaN,NaN,NaN,NaN
6,NaN,NaN,NaN,NaN,NaN,NaN,NaN,NaN
7,NaN,NaN,NaN,NaN,NaN,NaN,NaN,NaN
8,NaN,NaN,NaN,NaN,NaN,NaN,NaN,NaN
9,NaN,NaN,NaN,NaN,NaN,NaN,NaN,NaN
10,NaN,NaN,NaN,NaN,NaN,NaN,NaN,NaN
11,NaN,NaN,NaN,NaN,NaN,NaN,NaN,NaN
1,NaN,NaN,NaN,NaN,NaN,NaN,NaN,NaN
2,NaN,NaN,NaN,NaN,NaN,NaN,NaN,NaN
3,NaN,NaN,NaN,NaN,NaN,NaN,NaN,NaN
4,NaN,NaN,NaN,NaN,NaN,NaN,NaN,NaN
5,NaN,NaN,NaN,NaN,NaN,NaN,NaN,NaN
6,NaN,NaN,NaN,NaN,NaN,NaN,NaN,NaN
7,NaN,NaN,NaN,NaN,NaN,NaN,NaN,NaN
8,NaN,NaN,NaN,NaN,NaN,NaN,NaN,NaN
9,NaN,NaN,NaN,NaN,NaN,NaN,NaN,NaN
10,NaN,NaN,NaN,NaN,NaN,NaN,NaN,NaN
11,NaN,NaN,NaN,NaN,NaN,NaN,NaN,NaN
1,NaN,NaN,NaN,NaN,NaN,NaN,NaN,NaN
2,NaN,NaN,NaN,NaN,NaN,NaN,NaN,NaN
3,NaN,NaN,NaN,NaN,NaN,NaN,NaN,NaN
4,NaN,NaN,NaN,NaN,NaN,NaN,NaN,NaN
5,NaN,NaN,NaN,NaN,NaN,NaN,NaN,NaN
6,NaN,NaN,NaN,NaN,NaN,NaN,NaN,NaN
7,NaN,NaN,NaN,NaN,NaN,NaN,NaN,NaN
8,NaN,NaN,NaN,NaN,NaN,NaN,NaN,NaN
9,NaN,NaN,NaN,NaN,NaN,NaN,NaN,NaN
10,NaN,NaN,NaN,NaN,NaN,NaN,NaN,NaN
11,NaN,NaN,NaN,NaN,NaN,NaN,NaN,NaN
1,NaN,NaN,NaN,NaN,NaN,NaN,NaN,NaN
2,NaN,NaN,NaN,NaN,NaN,NaN,NaN,NaN
3,NaN,NaN,NaN,NaN,NaN,NaN,NaN,NaN
4,NaN,NaN,NaN,NaN,NaN,NaN,NaN,NaN
5,NaN,NaN,NaN,NaN,NaN,NaN,NaN,NaN
6,NaN,NaN,NaN,NaN,NaN,NaN,NaN,NaN
7,NaN,NaN,NaN,NaN,NaN,NaN,NaN,NaN
8,NaN,NaN,NaN,NaN,NaN,NaN,NaN,NaN
9,NaN,NaN,NaN,NaN,NaN,NaN,NaN,NaN
10,NaN,NaN,NaN,NaN,NaN,NaN,NaN,NaN
11,NaN,NaN,NaN,NaN,NaN,NaN,NaN,NaN
1,NaN,NaN,NaN,NaN,NaN,NaN,NaN,NaN
2,NaN,NaN,NaN,NaN,NaN,NaN,NaN,NaN
3,NaN,NaN,NaN,NaN,NaN,NaN,NaN,NaN
4,NaN,NaN,NaN,NaN,NaN,NaN,NaN,NaN
5,NaN,NaN,NaN,NaN,NaN,NaN,NaN,NaN
6,NaN,NaN,NaN,NaN,NaN,NaN,NaN,NaN
7,NaN,NaN,NaN,NaN,NaN,NaN,NaN,NaN
8,NaN,NaN,NaN,NaN,NaN,NaN,NaN,NaN
9,NaN,NaN,NaN,NaN,NaN,NaN,NaN,NaN
10,NaN,NaN,NaN,NaN,NaN,NaN,NaN,NaN
11,NaN,NaN,NaN,NaN,NaN,NaN,NaN,NaN
1,NaN,NaN,NaN,NaN,NaN,NaN,NaN,NaN
2,NaN,NaN,NaN,NaN,NaN,NaN,NaN,NaN
3,NaN,NaN,NaN,NaN,NaN,NaN,NaN,NaN
4,NaN,NaN,NaN,NaN,NaN,NaN,NaN,NaN
5,NaN,NaN,NaN,NaN,NaN,NaN,NaN,NaN
6,NaN,NaN,NaN,NaN,NaN,NaN,NaN,NaN
7,NaN,NaN,NaN,NaN,NaN,NaN,NaN,NaN
8,NaN,NaN,NaN,NaN,NaN,NaN,NaN,NaN
9,NaN,NaN,NaN,NaN,NaN,NaN,NaN,NaN
10,NaN,NaN,NaN,NaN,NaN,NaN,NaN,NaN
11,NaN,NaN,NaN,NaN,NaN,NaN,NaN,NaN
1,NaN,NaN,NaN,NaN,NaN,NaN,NaN,NaN
2,NaN,NaN,NaN,NaN,NaN,NaN,NaN,NaN
3,NaN,NaN,NaN,NaN,NaN,NaN,NaN,NaN
4,NaN,NaN,NaN,NaN,NaN,NaN,NaN,NaN
5,NaN,NaN,NaN,NaN,NaN,NaN,NaN,NaN
6,NaN,NaN,NaN,NaN,NaN,NaN,NaN,NaN
7,NaN,NaN,NaN,NaN,NaN,NaN,NaN,NaN
8,NaN,NaN,NaN,NaN,NaN,NaN,NaN,NaN
9,NaN,NaN,NaN,NaN,NaN,NaN,NaN,NaN
10,NaN,NaN,NaN,NaN,NaN,NaN,NaN,NaN
11,NaN,NaN,NaN,NaN,NaN,NaN,NaN,NaN
1,NaN,NaN,NaN,NaN,NaN,NaN,NaN,NaN
2,NaN,NaN,NaN,NaN,NaN,NaN,NaN,NaN
3,NaN,NaN,NaN,NaN,NaN,NaN,NaN,NaN
4,NaN,NaN,NaN,NaN,NaN,NaN,NaN,NaN
5,NaN,NaN,NaN,NaN,NaN,NaN,NaN,NaN
6,NaN,NaN,NaN,NaN,NaN,NaN,NaN,NaN
7,NaN,NaN,NaN,NaN,NaN,NaN,NaN,NaN
8,NaN,NaN,NaN,NaN,NaN,NaN,NaN,NaN
9,NaN,NaN,NaN,NaN,NaN,NaN,NaN,NaN
10,NaN,NaN,NaN,NaN,NaN,NaN,NaN,NaN
11,NaN,NaN,NaN,NaN,NaN,NaN,NaN,NaN
1,NaN,NaN,NaN,NaN,NaN,NaN,NaN,NaN
2,NaN,NaN,NaN,NaN,NaN,NaN,NaN,NaN
3,NaN,NaN,NaN,NaN,NaN,NaN,NaN,NaN
4,NaN,NaN,NaN,NaN,NaN,NaN,NaN,NaN
5,NaN,NaN,NaN,NaN,NaN,NaN,NaN,NaN
6,NaN,NaN,NaN,NaN,NaN,NaN,NaN,NaN
7,NaN,NaN,NaN,NaN,NaN,NaN,NaN,NaN
8,NaN,NaN,NaN,NaN,NaN,NaN,NaN,NaN
9,NaN,NaN,NaN,NaN,NaN,NaN,NaN,NaN
10,NaN,NaN,NaN,NaN,NaN,NaN,NaN,NaN
11,NaN,NaN,NaN,NaN,NaN,NaN,NaN,NaN
1,NaN,NaN,NaN,NaN,NaN,NaN,NaN,NaN
2,NaN,NaN,NaN,NaN,NaN,NaN,NaN,NaN
3,NaN,NaN,NaN,NaN,NaN,NaN,NaN,NaN
4,NaN,NaN,NaN,NaN,NaN,NaN,NaN,NaN
5,NaN,NaN,NaN,NaN,NaN,NaN,NaN,NaN
6,NaN,NaN,NaN,NaN,NaN,NaN,NaN,NaN
7,NaN,NaN,NaN,NaN,NaN,NaN,NaN,NaN
8,NaN,NaN,NaN,NaN,NaN,NaN,NaN,NaN
9,NaN,NaN,NaN,NaN,NaN,NaN,NaN,NaN
10,NaN,NaN,NaN,NaN,NaN,NaN,NaN,NaN
11,NaN,NaN,NaN,NaN,NaN,NaN,NaN,NaN
1,NaN,NaN,NaN,NaN,NaN,NaN,NaN,NaN
2,NaN,NaN,NaN,NaN,NaN,NaN,NaN,NaN
3,NaN,NaN,NaN,NaN,NaN,NaN,NaN,NaN
4,NaN,NaN,NaN,NaN,NaN,NaN,NaN,NaN
5,NaN,NaN,NaN,NaN,NaN,NaN,NaN,NaN
6,NaN,NaN,NaN,NaN,NaN,NaN,NaN,NaN
7,NaN,NaN,NaN,NaN,NaN,NaN,NaN,NaN
8,NaN,NaN,NaN,NaN,NaN,NaN,NaN,NaN
9,NaN,NaN,NaN,NaN,NaN,NaN,NaN,NaN
10,NaN,NaN,NaN,NaN,NaN,NaN,NaN,NaN
11,NaN,NaN,NaN,NaN,NaN,NaN,NaN,NaN
1,NaN,NaN,NaN,NaN,NaN,NaN,NaN,NaN
2,NaN,NaN,NaN,NaN,NaN,NaN,NaN,NaN
3,NaN,NaN,NaN,NaN,NaN,NaN,NaN,NaN
4,NaN,NaN,NaN,NaN,NaN,NaN,NaN,NaN
5,NaN,NaN,NaN,NaN,NaN,NaN,NaN,NaN
6,NaN,NaN,NaN,NaN,NaN,NaN,NaN,NaN
7,NaN,NaN,NaN,NaN,NaN,NaN,NaN,NaN
8,NaN,NaN,NaN,NaN,NaN,NaN,NaN,NaN
9,NaN,NaN,NaN,NaN,NaN,NaN,NaN,NaN
10,NaN,NaN,NaN,NaN,NaN,NaN,NaN,NaN
11,NaN,NaN,NaN,NaN,NaN,NaN,NaN,NaN
1,NaN,NaN,NaN,NaN,NaN,NaN,NaN,NaN
2,NaN,NaN,NaN,NaN,NaN,NaN,NaN,NaN
3,NaN,NaN,NaN,NaN,NaN,NaN,NaN,NaN
4,NaN,NaN,NaN,NaN,NaN,NaN,NaN,NaN
5,NaN,NaN,NaN,NaN,NaN,NaN,NaN,NaN
6,NaN,NaN,NaN,NaN,NaN,NaN,NaN,NaN
7,NaN,NaN,NaN,NaN,NaN,NaN,NaN,NaN
8,NaN,NaN,NaN,NaN,NaN,NaN,NaN,NaN
9,NaN,NaN,NaN,NaN,NaN,NaN,NaN,NaN
10,NaN,NaN,NaN,NaN,NaN,NaN,NaN,NaN
11,NaN,NaN,NaN,NaN,NaN,NaN,NaN,NaN
1,NaN,NaN,NaN,NaN,NaN,NaN,NaN,NaN
2,NaN,NaN,NaN,NaN,NaN,NaN,NaN,NaN
3,NaN,NaN,NaN,NaN,NaN,NaN,NaN,NaN
4,NaN,NaN,NaN,NaN,NaN,NaN,NaN,NaN
5,NaN,NaN,NaN,NaN,NaN,NaN,NaN,NaN
6,NaN,NaN,NaN,NaN,NaN,NaN,NaN,NaN
7,NaN,NaN,NaN,NaN,NaN,NaN,NaN,NaN
8,NaN,NaN,NaN,NaN,NaN,NaN,NaN,NaN
9,NaN,NaN,NaN,NaN,NaN,NaN,NaN,NaN
10,NaN,NaN,NaN,NaN,NaN,NaN,NaN,NaN
11,NaN,NaN,NaN,NaN,NaN,NaN,NaN,NaN
1,NaN,NaN,NaN,NaN,NaN,NaN,NaN,NaN
2,NaN,NaN,NaN,NaN,NaN,NaN,NaN,NaN
3,NaN,NaN,NaN,NaN,NaN,NaN,NaN,NaN
4,NaN,NaN,NaN,NaN,NaN,NaN,NaN,NaN
5,NaN,NaN,NaN,NaN,NaN,NaN,NaN,NaN
6,NaN,NaN,NaN,NaN,NaN,NaN,NaN,NaN
7,NaN,NaN,NaN,NaN,NaN,NaN,NaN,NaN
8,NaN,NaN,NaN,NaN,NaN,NaN,NaN,NaN
9,NaN,NaN,NaN,NaN,NaN,NaN,NaN,NaN
10,NaN,NaN,NaN,NaN,NaN,NaN,NaN,NaN
11,NaN,NaN,NaN,NaN,NaN,NaN,NaN,NaN
1,NaN,NaN,NaN,NaN,NaN,NaN,NaN,NaN
2,NaN,NaN,NaN,NaN,NaN,NaN,NaN,NaN
3,NaN,NaN,NaN,NaN,NaN,NaN,NaN,NaN
4,NaN,NaN,NaN,NaN,NaN,NaN,NaN,NaN
5,NaN,NaN,NaN,NaN,NaN,NaN,NaN,NaN
6,NaN,NaN,NaN,NaN,NaN,NaN,NaN,NaN
7,NaN,NaN,NaN,NaN,NaN,NaN,NaN,NaN
8,NaN,NaN,NaN,NaN,NaN,NaN,NaN,NaN
9,NaN,NaN,NaN,NaN,NaN,NaN,NaN,NaN
10,NaN,NaN,NaN,NaN,NaN,NaN,NaN,NaN
11,NaN,NaN,NaN,NaN,NaN,NaN,NaN,NaN
1,NaN,NaN,NaN,NaN,NaN,NaN,NaN,NaN
2,NaN,NaN,NaN,NaN,NaN,NaN,NaN,NaN
3,NaN,NaN,NaN,NaN,NaN,NaN,NaN,NaN
4,NaN,NaN,NaN,NaN,NaN,NaN,NaN,NaN
5,NaN,NaN,NaN,NaN,NaN,NaN,NaN,NaN
6,NaN,NaN,NaN,NaN,NaN,NaN,NaN,NaN
7,NaN,NaN,NaN,NaN,NaN,NaN,NaN,NaN
8,NaN,NaN,NaN,NaN,NaN,NaN,NaN,NaN
9,NaN,NaN,NaN,NaN,NaN,NaN,NaN,NaN
10,NaN,NaN,NaN,NaN,NaN,NaN,NaN,NaN
11,NaN,NaN,NaN,NaN,NaN,NaN,NaN,NaN
1,NaN,NaN,NaN,NaN,NaN,NaN,NaN,NaN
2,NaN,NaN,NaN,NaN,NaN,NaN,NaN,NaN
3,NaN,NaN,NaN,NaN,NaN,NaN,NaN,NaN
4,NaN,NaN,NaN,NaN,NaN,NaN,NaN,NaN
5,NaN,NaN,NaN,NaN,NaN,NaN,NaN,NaN
6,NaN,NaN,NaN,NaN,NaN,NaN,NaN,NaN
7,NaN,NaN,NaN,NaN,NaN,NaN,NaN,NaN
8,NaN,NaN,NaN,NaN,NaN,NaN,NaN,NaN
9,NaN,NaN,NaN,NaN,NaN,NaN,NaN,NaN
10,NaN,NaN,NaN,NaN,NaN,NaN,NaN,NaN
11,NaN,NaN,NaN,NaN,NaN,NaN,NaN,NaN
1,NaN,NaN,NaN,NaN,NaN,NaN,NaN,NaN
2,NaN,NaN,NaN,NaN,NaN,NaN,NaN,NaN
3,NaN,NaN,NaN,NaN,NaN,NaN,NaN,NaN
4,NaN,NaN,NaN,NaN,NaN,NaN,NaN,NaN
5,NaN,NaN,NaN,NaN,NaN,NaN,NaN,NaN
6,NaN,NaN,NaN,NaN,NaN,NaN,NaN,NaN
7,NaN,NaN,NaN,NaN,NaN,NaN,NaN,NaN
8,NaN,NaN,NaN,NaN,NaN,NaN,NaN,NaN
9,NaN,NaN,NaN,NaN,NaN,NaN,NaN,NaN
10,NaN,NaN,NaN,NaN,NaN,NaN,NaN,NaN
11,NaN,NaN,NaN,NaN,NaN,NaN,NaN,NaN
1,NaN,NaN,NaN,NaN,NaN,NaN,NaN,NaN
2,NaN,NaN,NaN,NaN,NaN,NaN,NaN,NaN
3,NaN,NaN,NaN,NaN,NaN,NaN,NaN,NaN
4,NaN,NaN,NaN,NaN,NaN,NaN,NaN,NaN
5,NaN,NaN,NaN,NaN,NaN,NaN,NaN,NaN
6,NaN,NaN,NaN,NaN,NaN,NaN,NaN,NaN
7,NaN,NaN,NaN,NaN,NaN,NaN,NaN,NaN
8,NaN,NaN,NaN,NaN,NaN,NaN,NaN,NaN
9,NaN,NaN,NaN,NaN,NaN,NaN,NaN,NaN
10,NaN,NaN,NaN,NaN,NaN,NaN,NaN,NaN
11,NaN,NaN,NaN,NaN,NaN,NaN,NaN,NaN
1,NaN,NaN,NaN,NaN,NaN,NaN,NaN,NaN
2,NaN,NaN,NaN,NaN,NaN,NaN,NaN,NaN
3,NaN,NaN,NaN,NaN,NaN,NaN,NaN,NaN
4,NaN,NaN,NaN,NaN,NaN,NaN,NaN,NaN
5,NaN,NaN,NaN,NaN,NaN,NaN,NaN,NaN
6,NaN,NaN,NaN,NaN,NaN,NaN,NaN,NaN
7,NaN,NaN,NaN,NaN,NaN,NaN,NaN,NaN
8,NaN,NaN,NaN,NaN,NaN,NaN,NaN,NaN
9,NaN,NaN,NaN,NaN,NaN,NaN,NaN,NaN
10,NaN,NaN,NaN,NaN,NaN,NaN,NaN,NaN
11,NaN,NaN,NaN,NaN,NaN,NaN,NaN,NaN
1,NaN,NaN,NaN,NaN,NaN,NaN,NaN,NaN
2,NaN,NaN,NaN,NaN,NaN,NaN,NaN,NaN
3,NaN,NaN,NaN,NaN,NaN,NaN,NaN,NaN
4,NaN,NaN,NaN,NaN,NaN,NaN,NaN,NaN
5,NaN,NaN,NaN,NaN,NaN,NaN,NaN,NaN
6,NaN,NaN,NaN,NaN,NaN,NaN,NaN,NaN
7,NaN,NaN,NaN,NaN,NaN,NaN,NaN,NaN
8,NaN,NaN,NaN,NaN,NaN,NaN,NaN,NaN
9,NaN,NaN,NaN,NaN,NaN,NaN,NaN,NaN
10,NaN,NaN,NaN,NaN,NaN,NaN,NaN,NaN
11,NaN,NaN,NaN,NaN,NaN,NaN,NaN,NaN
1,NaN,NaN,NaN,NaN,NaN,NaN,NaN,NaN
2,NaN,NaN,NaN,NaN,NaN,NaN,NaN,NaN
3,NaN,NaN,NaN,NaN,NaN,NaN,NaN,NaN
4,NaN,NaN,NaN,NaN,NaN,NaN,NaN,NaN
5,NaN,NaN,NaN,NaN,NaN,NaN,NaN,NaN
6,NaN,NaN,NaN,NaN,NaN,NaN,NaN,NaN
7,NaN,NaN,NaN,NaN,NaN,NaN,NaN,NaN
8,NaN,NaN,NaN,NaN,NaN,NaN,NaN,NaN
9,NaN,NaN,NaN,NaN,NaN,NaN,NaN,NaN
10,NaN,NaN,NaN,NaN,NaN,NaN,NaN,NaN
11,NaN,NaN,NaN,NaN,NaN,NaN,NaN,NaN
1,NaN,NaN,NaN,NaN,NaN,NaN,NaN,NaN
2,NaN,NaN,NaN,NaN,NaN,NaN,NaN,NaN
3,NaN,NaN,NaN,NaN,NaN,NaN,NaN,NaN
4,NaN,NaN,NaN,NaN,NaN,NaN,NaN,NaN
5,NaN,NaN,NaN,NaN,NaN,NaN,NaN,NaN
6,NaN,NaN,NaN,NaN,NaN,NaN,NaN,NaN
7,NaN,NaN,NaN,NaN,NaN,NaN,NaN,NaN
8,NaN,NaN,NaN,NaN,NaN,NaN,NaN,NaN
9,NaN,NaN,NaN,NaN,NaN,NaN,NaN,NaN
10,NaN,NaN,NaN,NaN,NaN,NaN,NaN,NaN
11,NaN,NaN,NaN,NaN,NaN,NaN,NaN,NaN
1,NaN,NaN,NaN,NaN,NaN,NaN,NaN,NaN
2,NaN,NaN,NaN,NaN,NaN,NaN,NaN,NaN
3,NaN,NaN,NaN,NaN,NaN,NaN,NaN,NaN
4,NaN,NaN,NaN,NaN,NaN,NaN,NaN,NaN
5,NaN,NaN,NaN,NaN,NaN,NaN,NaN,NaN
6,NaN,NaN,NaN,NaN,NaN,NaN,NaN,NaN
7,NaN,NaN,NaN,NaN,NaN,NaN,NaN,NaN
8,NaN,NaN,NaN,NaN,NaN,NaN,NaN,NaN
9,NaN,NaN,NaN,NaN,NaN,NaN,NaN,NaN
10,NaN,NaN,NaN,NaN,NaN,NaN,NaN,NaN
11,NaN,NaN,NaN,NaN,NaN,NaN,NaN,NaN
1,NaN,NaN,NaN,NaN,NaN,NaN,NaN,NaN
2,NaN,NaN,NaN,NaN,NaN,NaN,NaN,NaN
3,NaN,NaN,NaN,NaN,NaN,NaN,NaN,NaN
4,NaN,NaN,NaN,NaN,NaN,NaN,NaN,NaN
5,NaN,NaN,NaN,NaN,NaN,NaN,NaN,NaN
6,NaN,NaN,NaN,NaN,NaN,NaN,NaN,NaN
7,NaN,NaN,NaN,NaN,NaN,NaN,NaN,NaN
8,NaN,NaN,NaN,NaN,NaN,NaN,NaN,NaN
9,NaN,NaN,NaN,NaN,NaN,NaN,NaN,NaN
10,NaN,NaN,NaN,NaN,NaN,NaN,NaN,NaN
11,NaN,NaN,NaN,NaN,NaN,NaN,NaN,NaN
1,NaN,NaN,NaN,NaN,NaN,NaN,NaN,NaN
2,NaN,NaN,NaN,NaN,NaN,NaN,NaN,NaN
3,NaN,NaN,NaN,NaN,NaN,NaN,NaN,NaN
4,NaN,NaN,NaN,NaN,NaN,NaN,NaN,NaN
5,NaN,NaN,NaN,NaN,NaN,NaN,NaN,NaN
6,NaN,NaN,NaN,NaN,NaN,NaN,NaN,NaN
7,NaN,NaN,NaN,NaN,NaN,NaN,NaN,NaN
8,NaN,NaN,NaN,NaN,NaN,NaN,NaN,NaN
9,NaN,NaN,NaN,NaN,NaN,NaN,NaN,NaN
10,NaN,NaN,NaN,NaN,NaN,NaN,NaN,NaN
11,NaN,NaN,NaN,NaN,NaN,NaN,NaN,NaN
1,NaN,NaN,NaN,NaN,NaN,NaN,NaN,NaN
2,NaN,NaN,NaN,NaN,NaN,NaN,NaN,NaN
3,NaN,NaN,NaN,NaN,NaN,NaN,NaN,NaN
4,NaN,NaN,NaN,NaN,NaN,NaN,NaN,NaN
5,NaN,NaN,NaN,NaN,NaN,NaN,NaN,NaN
6,NaN,NaN,NaN,NaN,NaN,NaN,NaN,NaN
7,NaN,NaN,NaN,NaN,NaN,NaN,NaN,NaN
8,NaN,NaN,NaN,NaN,NaN,NaN,NaN,NaN
9,NaN,NaN,NaN,NaN,NaN,NaN,NaN,NaN
10,NaN,NaN,NaN,NaN,NaN,NaN,NaN,NaN
11,NaN,NaN,NaN,NaN,NaN,NaN,NaN,NaN
1,NaN,NaN,NaN,NaN,NaN,NaN,NaN,NaN
2,NaN,NaN,NaN,NaN,NaN,NaN,NaN,NaN
3,NaN,NaN,NaN,NaN,NaN,NaN,NaN,NaN
4,NaN,NaN,NaN,NaN,NaN,NaN,NaN,NaN
5,NaN,NaN,NaN,NaN,NaN,NaN,NaN,NaN
6,NaN,NaN,NaN,NaN,NaN,NaN,NaN,NaN
7,NaN,NaN,NaN,NaN,NaN,NaN,NaN,NaN
8,NaN,NaN,NaN,NaN,NaN,NaN,NaN,NaN
9,NaN,NaN,NaN,NaN,NaN,NaN,NaN,NaN
10,NaN,NaN,NaN,NaN,NaN,NaN,NaN,NaN
11,NaN,NaN,NaN,NaN,NaN,NaN,NaN,NaN
1,NaN,NaN,NaN,NaN,NaN,NaN,NaN,NaN
2,NaN,NaN,NaN,NaN,NaN,NaN,NaN,NaN
3,NaN,NaN,NaN,NaN,NaN,NaN,NaN,NaN
4,NaN,NaN,NaN,NaN,NaN,NaN,NaN,NaN
5,NaN,NaN,NaN,NaN,NaN,NaN,NaN,NaN
6,NaN,NaN,NaN,NaN,NaN,NaN,NaN,NaN
7,NaN,NaN,NaN,NaN,NaN,NaN,NaN,NaN
8,NaN,NaN,NaN,NaN,NaN,NaN,NaN,NaN
9,NaN,NaN,NaN,NaN,NaN,NaN,NaN,NaN
10,NaN,NaN,NaN,NaN,NaN,NaN,NaN,NaN
11,NaN,NaN,NaN,NaN,NaN,NaN,NaN,NaN
1,NaN,NaN,NaN,NaN,NaN,NaN,NaN,NaN
2,NaN,NaN,NaN,NaN,NaN,NaN,NaN,NaN
3,NaN,NaN,NaN,NaN,NaN,NaN,NaN,NaN
4,NaN,NaN,NaN,NaN,NaN,NaN,NaN,NaN
5,NaN,NaN,NaN,NaN,NaN,NaN,NaN,NaN
6,NaN,NaN,NaN,NaN,NaN,NaN,NaN,NaN
7,NaN,NaN,NaN,NaN,NaN,NaN,NaN,NaN
8,NaN,NaN,NaN,NaN,NaN,NaN,NaN,NaN
9,NaN,NaN,NaN,NaN,NaN,NaN,NaN,NaN
10,NaN,NaN,NaN,NaN,NaN,NaN,NaN,NaN
11,NaN,NaN,NaN,NaN,NaN,NaN,NaN,NaN
1,NaN,NaN,NaN,NaN,NaN,NaN,NaN,NaN
2,NaN,NaN,NaN,NaN,NaN,NaN,NaN,NaN
3,NaN,NaN,NaN,NaN,NaN,NaN,NaN,NaN
4,NaN,NaN,NaN,NaN,NaN,NaN,NaN,NaN
5,NaN,NaN,NaN,NaN,NaN,NaN,NaN,NaN
6,NaN,NaN,NaN,NaN,NaN,NaN,NaN,NaN
7,NaN,NaN,NaN,NaN,NaN,NaN,NaN,NaN
8,NaN,NaN,NaN,NaN,NaN,NaN,NaN,NaN
9,NaN,NaN,NaN,NaN,NaN,NaN,NaN,NaN
10,NaN,NaN,NaN,NaN,NaN,NaN,NaN,NaN
11,NaN,NaN,NaN,NaN,NaN,NaN,NaN,NaN
1,NaN,NaN,NaN,NaN,NaN,NaN,NaN,NaN
2,NaN,NaN,NaN,NaN,NaN,NaN,NaN,NaN
3,NaN,NaN,NaN,NaN,NaN,NaN,NaN,NaN
4,NaN,NaN,NaN,NaN,NaN,NaN,NaN,NaN
5,NaN,NaN,NaN,NaN,NaN,NaN,NaN,NaN
6,NaN,NaN,NaN,NaN,NaN,NaN,NaN,NaN
7,NaN,NaN,NaN,NaN,NaN,NaN,NaN,NaN
8,NaN,NaN,NaN,NaN,NaN,NaN,NaN,NaN
9,NaN,NaN,NaN,NaN,NaN,NaN,NaN,NaN
10,NaN,NaN,NaN,NaN,NaN,NaN,NaN,NaN
11,NaN,NaN,NaN,NaN,NaN,NaN,NaN,NaN
1,NaN,NaN,NaN,NaN,NaN,NaN,NaN,NaN
2,NaN,NaN,NaN,NaN,NaN,NaN,NaN,NaN
3,NaN,NaN,NaN,NaN,NaN,NaN,NaN,NaN
4,NaN,NaN,NaN,NaN,NaN,NaN,NaN,NaN
5,NaN,NaN,NaN,NaN,NaN,NaN,NaN,NaN
6,NaN,NaN,NaN,NaN,NaN,NaN,NaN,NaN
7,NaN,NaN,NaN,NaN,NaN,NaN,NaN,NaN
8,NaN,NaN,NaN,NaN,NaN,NaN,NaN,NaN
9,NaN,NaN,NaN,NaN,NaN,NaN,NaN,NaN
10,NaN,NaN,NaN,NaN,NaN,NaN,NaN,NaN
11,NaN,NaN,NaN,NaN,NaN,NaN,NaN,NaN
1,NaN,NaN,NaN,NaN,NaN,NaN,NaN,NaN
2,NaN,NaN,NaN,NaN,NaN,NaN,NaN,NaN
3,NaN,NaN,NaN,NaN,NaN,NaN,NaN,NaN
4,NaN,NaN,NaN,NaN,NaN,NaN,NaN,NaN
5,NaN,NaN,NaN,NaN,NaN,NaN,NaN,NaN
6,NaN,NaN,NaN,NaN,NaN,NaN,NaN,NaN
7,NaN,NaN,NaN,NaN,NaN,NaN,NaN,NaN
8,NaN,NaN,NaN,NaN,NaN,NaN,NaN,NaN
9,NaN,NaN,NaN,NaN,NaN,NaN,NaN,NaN
10,NaN,NaN,NaN,NaN,NaN,NaN,NaN,NaN
11,NaN,NaN,NaN,NaN,NaN,NaN,NaN,NaN
1,NaN,NaN,NaN,NaN,NaN,NaN,NaN,NaN
2,NaN,NaN,NaN,NaN,NaN,NaN,NaN,NaN
3,NaN,NaN,NaN,NaN,NaN,NaN,NaN,NaN
4,NaN,NaN,NaN,NaN,NaN,NaN,NaN,NaN
5,NaN,NaN,NaN,NaN,NaN,NaN,NaN,NaN
6,NaN,NaN,NaN,NaN,NaN,NaN,NaN,NaN
7,NaN,NaN,NaN,NaN,NaN,NaN,NaN,NaN
8,NaN,NaN,NaN,NaN,NaN,NaN,NaN,NaN
9,NaN,NaN,NaN,NaN,NaN,NaN,NaN,NaN
10,NaN,NaN,NaN,NaN,NaN,NaN,NaN,NaN
11,NaN,NaN,NaN,NaN,NaN,NaN,NaN,NaN
1,NaN,NaN,NaN,NaN,NaN,NaN,NaN,NaN
2,NaN,NaN,NaN,NaN,NaN,NaN,NaN,NaN
3,NaN,NaN,NaN,NaN,NaN,NaN,NaN,NaN
4,NaN,NaN,NaN,NaN,NaN,NaN,NaN,NaN
5,NaN,NaN,NaN,NaN,NaN,NaN,NaN,NaN
6,NaN,NaN,NaN,NaN,NaN,NaN,NaN,NaN
7,NaN,NaN,NaN,NaN,NaN,NaN,NaN,NaN
8,NaN,NaN,NaN,NaN,NaN,NaN,NaN,NaN
9,NaN,NaN,NaN,NaN,NaN,NaN,NaN,NaN
10,NaN,NaN,NaN,NaN,NaN,NaN,NaN,NaN
11,NaN,NaN,NaN,NaN,NaN,NaN,NaN,NaN
1,NaN,NaN,NaN,NaN,NaN,NaN,NaN,NaN
2,NaN,NaN,NaN,NaN,NaN,NaN,NaN,NaN
3,NaN,NaN,NaN,NaN,NaN,NaN,NaN,NaN
4,NaN,NaN,NaN,NaN,NaN,NaN,NaN,NaN
5,NaN,NaN,NaN,NaN,NaN,NaN,NaN,NaN
6,NaN,NaN,NaN,NaN,NaN,NaN,NaN,NaN
7,NaN,NaN,NaN,NaN,NaN,NaN,NaN,NaN
8,NaN,NaN,NaN,NaN,NaN,NaN,NaN,NaN
9,NaN,NaN,NaN,NaN,NaN,NaN,NaN,NaN
10,NaN,NaN,NaN,NaN,NaN,NaN,NaN,NaN
11,NaN,NaN,NaN,NaN,NaN,NaN,NaN,NaN
1,NaN,NaN,NaN,NaN,NaN,NaN,NaN,NaN
2,NaN,NaN,NaN,NaN,NaN,NaN,NaN,NaN
3,NaN,NaN,NaN,NaN,NaN,NaN,NaN,NaN
4,NaN,NaN,NaN,NaN,NaN,NaN,NaN,NaN
5,NaN,NaN,NaN,NaN,NaN,NaN,NaN,NaN
6,NaN,NaN,NaN,NaN,NaN,NaN,NaN,NaN
7,NaN,NaN,NaN,NaN,NaN,NaN,NaN,NaN
8,NaN,NaN,NaN,NaN,NaN,NaN,NaN,NaN
9,NaN,NaN,NaN,NaN,NaN,NaN,NaN,NaN
10,NaN,NaN,NaN,NaN,NaN,NaN,NaN,NaN
11,NaN,NaN,NaN,NaN,NaN,NaN,NaN,NaN
1,NaN,NaN,NaN,NaN,NaN,NaN,NaN,NaN
2,NaN,NaN,NaN,NaN,NaN,NaN,NaN,NaN
3,NaN,NaN,NaN,NaN,NaN,NaN,NaN,NaN
4,NaN,NaN,NaN,NaN,NaN,NaN,NaN,NaN
5,NaN,NaN,NaN,NaN,NaN,NaN,NaN,NaN
6,NaN,NaN,NaN,NaN,NaN,NaN,NaN,NaN
7,NaN,NaN,NaN,NaN,NaN,NaN,NaN,NaN
8,NaN,NaN,NaN,NaN,NaN,NaN,NaN,NaN
9,NaN,NaN,NaN,NaN,NaN,NaN,NaN,NaN
10,NaN,NaN,NaN,NaN,NaN,NaN,NaN,NaN
11,NaN,NaN,NaN,NaN,NaN,NaN,NaN,NaN
1,NaN,NaN,NaN,NaN,NaN,NaN,NaN,NaN
2,NaN,NaN,NaN,NaN,NaN,NaN,NaN,NaN
3,NaN,NaN,NaN,NaN,NaN,NaN,NaN,NaN
4,NaN,NaN,NaN,NaN,NaN,NaN,NaN,NaN
5,NaN,NaN,NaN,NaN,NaN,NaN,NaN,NaN
6,NaN,NaN,NaN,NaN,NaN,NaN,NaN,NaN
7,NaN,NaN,NaN,NaN,NaN,NaN,NaN,NaN
8,NaN,NaN,NaN,NaN,NaN,NaN,NaN,NaN
9,NaN,NaN,NaN,NaN,NaN,NaN,NaN,NaN
10,NaN,NaN,NaN,NaN,NaN,NaN,NaN,NaN
11,NaN,NaN,NaN,NaN,NaN,NaN,NaN,NaN
1,NaN,NaN,NaN,NaN,NaN,NaN,NaN,NaN
2,NaN,NaN,NaN,NaN,NaN,NaN,NaN,NaN
3,NaN,NaN,NaN,NaN,NaN,NaN,NaN,NaN
4,NaN,NaN,NaN,NaN,NaN,NaN,NaN,NaN
5,NaN,NaN,NaN,NaN,NaN,NaN,NaN,NaN
6,NaN,NaN,NaN,NaN,NaN,NaN,NaN,NaN
7,NaN,NaN,NaN,NaN,NaN,NaN,NaN,NaN
8,NaN,NaN,NaN,NaN,NaN,NaN,NaN,NaN
9,NaN,NaN,NaN,NaN,NaN,NaN,NaN,NaN
10,NaN,NaN,NaN,NaN,NaN,NaN,NaN,NaN
11,NaN,NaN,NaN,NaN,NaN,NaN,NaN,NaN
1,NaN,NaN,NaN,NaN,NaN,NaN,NaN,NaN
2,NaN,NaN,NaN,NaN,NaN,NaN,NaN,NaN
3,NaN,NaN,NaN,NaN,NaN,NaN,NaN,NaN
4,NaN,NaN,NaN,NaN,NaN,NaN,NaN,NaN
5,NaN,NaN,NaN,NaN,NaN,NaN,NaN,NaN
6,NaN,NaN,NaN,NaN,NaN,NaN,NaN,NaN
7,NaN,NaN,NaN,NaN,NaN,NaN,NaN,NaN
8,NaN,NaN,NaN,NaN,NaN,NaN,NaN,NaN
9,NaN,NaN,NaN,NaN,NaN,NaN,NaN,NaN
10,NaN,NaN,NaN,NaN,NaN,NaN,NaN,NaN
11,NaN,NaN,NaN,NaN,NaN,NaN,NaN,NaN
1,NaN,NaN,NaN,NaN,NaN,NaN,NaN,NaN
2,NaN,NaN,NaN,NaN,NaN,NaN,NaN,NaN
3,NaN,NaN,NaN,NaN,NaN,NaN,NaN,NaN
4,NaN,NaN,NaN,NaN,NaN,NaN,NaN,NaN
5,NaN,NaN,NaN,NaN,NaN,NaN,NaN,NaN
6,NaN,NaN,NaN,NaN,NaN,NaN,NaN,NaN
7,NaN,NaN,NaN,NaN,NaN,NaN,NaN,NaN
8,NaN,NaN,NaN,NaN,NaN,NaN,NaN,NaN
9,NaN,NaN,NaN,NaN,NaN,NaN,NaN,NaN
10,NaN,NaN,NaN,NaN,NaN,NaN,NaN,NaN
11,NaN,NaN,NaN,NaN,NaN,NaN,NaN,NaN
1,NaN,NaN,NaN,NaN,NaN,NaN,NaN,NaN
2,NaN,NaN,NaN,NaN,NaN,NaN,NaN,NaN
3,NaN,NaN,NaN,NaN,NaN,NaN,NaN,NaN
4,NaN,NaN,NaN,NaN,NaN,NaN,NaN,NaN
5,NaN,NaN,NaN,NaN,NaN,NaN,NaN,NaN
6,NaN,NaN,NaN,NaN,NaN,NaN,NaN,NaN
7,NaN,NaN,NaN,NaN,NaN,NaN,NaN,NaN
8,NaN,NaN,NaN,NaN,NaN,NaN,NaN,NaN
9,NaN,NaN,NaN,NaN,NaN,NaN,NaN,NaN
10,NaN,NaN,NaN,NaN,NaN,NaN,NaN,NaN
11,NaN,NaN,NaN,NaN,NaN,NaN,NaN,NaN
1,NaN,NaN,NaN,NaN,NaN,NaN,NaN,NaN
2,NaN,NaN,NaN,NaN,NaN,NaN,NaN,NaN
3,NaN,NaN,NaN,NaN,NaN,NaN,NaN,NaN
4,NaN,NaN,NaN,NaN,NaN,NaN,NaN,NaN
5,NaN,NaN,NaN,NaN,NaN,NaN,NaN,NaN
6,NaN,NaN,NaN,NaN,NaN,NaN,NaN,NaN
7,NaN,NaN,NaN,NaN,NaN,NaN,NaN,NaN
8,NaN,NaN,NaN,NaN,NaN,NaN,NaN,NaN
9,NaN,NaN,NaN,NaN,NaN,NaN,NaN,NaN
10,NaN,NaN,NaN,NaN,NaN,NaN,NaN,NaN
11,NaN,NaN,NaN,NaN,NaN,NaN,NaN,NaN
1,NaN,NaN,NaN,NaN,NaN,NaN,NaN,NaN
2,NaN,NaN,NaN,NaN,NaN,NaN,NaN,NaN
3,NaN,NaN,NaN,NaN,NaN,NaN,NaN,NaN
4,NaN,NaN,NaN,NaN,NaN,NaN,NaN,NaN
5,NaN,NaN,NaN,NaN,NaN,NaN,NaN,NaN
6,NaN,NaN,NaN,NaN,NaN,NaN,NaN,NaN
7,NaN,NaN,NaN,NaN,NaN,NaN,NaN,NaN
8,NaN,NaN,NaN,NaN,NaN,NaN,NaN,NaN
9,NaN,NaN,NaN,NaN,NaN,NaN,NaN,NaN
10,NaN,NaN,NaN,NaN,NaN,NaN,NaN,NaN
11,NaN,NaN,NaN,NaN,NaN,NaN,NaN,NaN
1,NaN,NaN,NaN,NaN,NaN,NaN,NaN,NaN
2,NaN,NaN,NaN,NaN,NaN,NaN,NaN,NaN
3,NaN,NaN,NaN,NaN,NaN,NaN,NaN,NaN
4,NaN,NaN,NaN,NaN,NaN,NaN,NaN,NaN
5,NaN,NaN,NaN,NaN,NaN,NaN,NaN,NaN
6,NaN,NaN,NaN,NaN,NaN,NaN,NaN,NaN
7,NaN,NaN,NaN,NaN,NaN,NaN,NaN,NaN
8,NaN,NaN,NaN,NaN,NaN,NaN,NaN,NaN
9,NaN,NaN,NaN,NaN,NaN,NaN,NaN,NaN
10,NaN,NaN,NaN,NaN,NaN,NaN,NaN,NaN
11,NaN,NaN,NaN,NaN,NaN,NaN,NaN,NaN
1,NaN,NaN,NaN,NaN,NaN,NaN,NaN,NaN
2,NaN,NaN,NaN,NaN,NaN,NaN,NaN,NaN
3,NaN,NaN,NaN,NaN,NaN,NaN,NaN,NaN
4,NaN,NaN,NaN,NaN,NaN,NaN,NaN,NaN
5,NaN,NaN,NaN,NaN,NaN,NaN,NaN,NaN
6,NaN,NaN,NaN,NaN,NaN,NaN,NaN,NaN
7,NaN,NaN,NaN,NaN,NaN,NaN,NaN,NaN
8,NaN,NaN,NaN,NaN,NaN,NaN,NaN,NaN
9,NaN,NaN,NaN,NaN,NaN,NaN,NaN,NaN
10,NaN,NaN,NaN,NaN,NaN,NaN,NaN,NaN
11,NaN,NaN,NaN,NaN,NaN,NaN,NaN,NaN
1,NaN,NaN,NaN,NaN,NaN,NaN,NaN,NaN
2,NaN,NaN,NaN,NaN,NaN,NaN,NaN,NaN
3,NaN,NaN,NaN,NaN,NaN,NaN,NaN,NaN
4,NaN,NaN,NaN,NaN,NaN,NaN,NaN,NaN
5,NaN,NaN,NaN,NaN,NaN,NaN,NaN,NaN
6,NaN,NaN,NaN,NaN,NaN,NaN,NaN,NaN
7,NaN,NaN,NaN,NaN,NaN,NaN,NaN,NaN
8,NaN,NaN,NaN,NaN,NaN,NaN,NaN,NaN
9,NaN,NaN,NaN,NaN,NaN,NaN,NaN,NaN
10,NaN,NaN,NaN,NaN,NaN,NaN,NaN,NaN
11,NaN,NaN,NaN,NaN,NaN,NaN,NaN,NaN
1,NaN,NaN,NaN,NaN,NaN,NaN,NaN,NaN
2,NaN,NaN,NaN,NaN,NaN,NaN,NaN,NaN
3,NaN,NaN,NaN,NaN,NaN,NaN,NaN,NaN
4,NaN,NaN,NaN,NaN,NaN,NaN,NaN,NaN
5,NaN,NaN,NaN,NaN,NaN,NaN,NaN,NaN
6,NaN,NaN,NaN,NaN,NaN,NaN,NaN,NaN
7,NaN,NaN,NaN,NaN,NaN,NaN,NaN,NaN
8,NaN,NaN,NaN,NaN,NaN,NaN,NaN,NaN
9,NaN,NaN,NaN,NaN,NaN,NaN,NaN,NaN
10,NaN,NaN,NaN,NaN,NaN,NaN,NaN,NaN
11,NaN,NaN,NaN,NaN,NaN,NaN,NaN,NaN
1,NaN,NaN,NaN,NaN,NaN,NaN,NaN,NaN
2,NaN,NaN,NaN,NaN,NaN,NaN,NaN,NaN
3,NaN,NaN,NaN,NaN,NaN,NaN,NaN,NaN
4,NaN,NaN,NaN,NaN,NaN,NaN,NaN,NaN
5,NaN,NaN,NaN,NaN,NaN,NaN,NaN,NaN
6,NaN,NaN,NaN,NaN,NaN,NaN,NaN,NaN
7,NaN,NaN,NaN,NaN,NaN,NaN,NaN,NaN
8,NaN,NaN,NaN,NaN,NaN,NaN,NaN,NaN
9,NaN,NaN,NaN,NaN,NaN,NaN,NaN,NaN
10,NaN,NaN,NaN,NaN,NaN,NaN,NaN,NaN
11,NaN,NaN,NaN,NaN,NaN,NaN,NaN,NaN
1,NaN,NaN,NaN,NaN,NaN,NaN,NaN,NaN
2,NaN,NaN,NaN,NaN,NaN,NaN,NaN,NaN
3,NaN,NaN,NaN,NaN,NaN,NaN,NaN,NaN
4,NaN,NaN,NaN,NaN,NaN,NaN,NaN,NaN
5,NaN,NaN,NaN,NaN,NaN,NaN,NaN,NaN
6,NaN,NaN,NaN,NaN,NaN,NaN,NaN,NaN
7,NaN,NaN,NaN,NaN,NaN,NaN,NaN,NaN
8,NaN,NaN,NaN,NaN,NaN,NaN,NaN,NaN
9,NaN,NaN,NaN,NaN,NaN,NaN,NaN,NaN
10,NaN,NaN,NaN,NaN,NaN,NaN,NaN,NaN
11,NaN,NaN,NaN,NaN,NaN,NaN,NaN,NaN
1,NaN,NaN,NaN,NaN,NaN,NaN,NaN,NaN
2,NaN,NaN,NaN,NaN,NaN,NaN,NaN,NaN
3,NaN,NaN,NaN,NaN,NaN,NaN,NaN,NaN
4,NaN,NaN,NaN,NaN,NaN,NaN,NaN,NaN
5,NaN,NaN,NaN,NaN,NaN,NaN,NaN,NaN
6,NaN,NaN,NaN,NaN,NaN,NaN,NaN,NaN
7,NaN,NaN,NaN,NaN,NaN,NaN,NaN,NaN
8,NaN,NaN,NaN,NaN,NaN,NaN,NaN,NaN
9,NaN,NaN,NaN,NaN,NaN,NaN,NaN,NaN
10,NaN,NaN,NaN,NaN,NaN,NaN,NaN,NaN
11,NaN,NaN,NaN,NaN,NaN,NaN,NaN,NaN
1,NaN,NaN,NaN,NaN,NaN,NaN,NaN,NaN
2,NaN,NaN,NaN,NaN,NaN,NaN,NaN,NaN
3,NaN,NaN,NaN,NaN,NaN,NaN,NaN,NaN
4,NaN,NaN,NaN,NaN,NaN,NaN,NaN,NaN
5,NaN,NaN,NaN,NaN,NaN,NaN,NaN,NaN
6,NaN,NaN,NaN,NaN,NaN,NaN,NaN,NaN
7,NaN,NaN,NaN,NaN,NaN,NaN,NaN,NaN
8,NaN,NaN,NaN,NaN,NaN,NaN,NaN,NaN
9,NaN,NaN,NaN,NaN,NaN,NaN,NaN,NaN
10,NaN,NaN,NaN,NaN,NaN,NaN,NaN,NaN
11,NaN,NaN,NaN,NaN,NaN,NaN,NaN,NaN
1,NaN,NaN,NaN,NaN,NaN,NaN,NaN,NaN
2,NaN,NaN,NaN,NaN,NaN,NaN,NaN,NaN
3,NaN,NaN,NaN,NaN,NaN,NaN,NaN,NaN
4,NaN,NaN,NaN,NaN,NaN,NaN,NaN,NaN
5,NaN,NaN,NaN,NaN,NaN,NaN,NaN,NaN
6,NaN,NaN,NaN,NaN,NaN,NaN,NaN,NaN
7,NaN,NaN,NaN,NaN,NaN,NaN,NaN,NaN
8,NaN,NaN,NaN,NaN,NaN,NaN,NaN,NaN
9,NaN,NaN,NaN,NaN,NaN,NaN,NaN,NaN
10,NaN,NaN,NaN,NaN,NaN,NaN,NaN,NaN
11,NaN,NaN,NaN,NaN,NaN,NaN,NaN,NaN
1,NaN,NaN,NaN,NaN,NaN,NaN,NaN,NaN
2,NaN,NaN,NaN,NaN,NaN,NaN,NaN,NaN
3,NaN,NaN,NaN,NaN,NaN,NaN,NaN,NaN
4,NaN,NaN,NaN,NaN,NaN,NaN,NaN,NaN
5,NaN,NaN,NaN,NaN,NaN,NaN,NaN,NaN
6,NaN,NaN,NaN,NaN,NaN,NaN,NaN,NaN
7,NaN,NaN,NaN,NaN,NaN,NaN,NaN,NaN
8,NaN,NaN,NaN,NaN,NaN,NaN,NaN,NaN
9,NaN,NaN,NaN,NaN,NaN,NaN,NaN,NaN
10,NaN,NaN,NaN,NaN,NaN,NaN,NaN,NaN
11,NaN,NaN,NaN,NaN,NaN,NaN,NaN,NaN
1,NaN,NaN,NaN,NaN,NaN,NaN,NaN,NaN
2,NaN,NaN,NaN,NaN,NaN,NaN,NaN,NaN
3,NaN,NaN,NaN,NaN,NaN,NaN,NaN,NaN
4,NaN,NaN,NaN,NaN,NaN,NaN,NaN,NaN
5,NaN,NaN,NaN,NaN,NaN,NaN,NaN,NaN
6,NaN,NaN,NaN,NaN,NaN,NaN,NaN,NaN
7,NaN,NaN,NaN,NaN,NaN,NaN,NaN,NaN
8,NaN,NaN,NaN,NaN,NaN,NaN,NaN,NaN
9,NaN,NaN,NaN,NaN,NaN,NaN,NaN,NaN
10,NaN,NaN,NaN,NaN,NaN,NaN,NaN,NaN
11,NaN,NaN,NaN,NaN,NaN,NaN,NaN,NaN
1,NaN,NaN,NaN,NaN,NaN,NaN,NaN,NaN
2,NaN,NaN,NaN,NaN,NaN,NaN,NaN,NaN
3,NaN,NaN,NaN,NaN,NaN,NaN,NaN,NaN
4,NaN,NaN,NaN,NaN,NaN,NaN,NaN,NaN
5,NaN,NaN,NaN,NaN,NaN,NaN,NaN,NaN
6,NaN,NaN,NaN,NaN,NaN,NaN,NaN,NaN
7,NaN,NaN,NaN,NaN,NaN,NaN,NaN,NaN
8,NaN,NaN,NaN,NaN,NaN,NaN,NaN,NaN
9,NaN,NaN,NaN,NaN,NaN,NaN,NaN,NaN
10,NaN,NaN,NaN,NaN,NaN,NaN,NaN,NaN
11,NaN,NaN,NaN,NaN,NaN,NaN,NaN,NaN
1,NaN,NaN,NaN,NaN,NaN,NaN,NaN,NaN
2,NaN,NaN,NaN,NaN,NaN,NaN,NaN,NaN
3,NaN,NaN,NaN,NaN,NaN,NaN,NaN,NaN
4,NaN,NaN,NaN,NaN,NaN,NaN,NaN,NaN
5,NaN,NaN,NaN,NaN,NaN,NaN,NaN,NaN
6,NaN,NaN,NaN,NaN,NaN,NaN,NaN,NaN
7,NaN,NaN,NaN,NaN,NaN,NaN,NaN,NaN
8,NaN,NaN,NaN,NaN,NaN,NaN,NaN,NaN
9,NaN,NaN,NaN,NaN,NaN,NaN,NaN,NaN
10,NaN,NaN,NaN,NaN,NaN,NaN,NaN,NaN
11,NaN,NaN,NaN,NaN,NaN,NaN,NaN,NaN
1,NaN,NaN,NaN,NaN,NaN,NaN,NaN,NaN
2,NaN,NaN,NaN,NaN,NaN,NaN,NaN,NaN
3,NaN,NaN,NaN,NaN,NaN,NaN,NaN,NaN
4,NaN,NaN,NaN,NaN,NaN,NaN,NaN,NaN
5,NaN,NaN,NaN,NaN,NaN,NaN,NaN,NaN
6,NaN,NaN,NaN,NaN,NaN,NaN,NaN,NaN
7,NaN,NaN,NaN,NaN,NaN,NaN,NaN,NaN
8,NaN,NaN,NaN,NaN,NaN,NaN,NaN,NaN
9,NaN,NaN,NaN,NaN,NaN,NaN,NaN,NaN
10,NaN,NaN,NaN,NaN,NaN,NaN,NaN,NaN
11,NaN,NaN,NaN,NaN,NaN,NaN,NaN,NaN
1,NaN,NaN,NaN,NaN,NaN,NaN,NaN,NaN
2,NaN,NaN,NaN,NaN,NaN,NaN,NaN,NaN
3,NaN,NaN,NaN,NaN,NaN,NaN,NaN,NaN
4,NaN,NaN,NaN,NaN,NaN,NaN,NaN,NaN
5,NaN,NaN,NaN,NaN,NaN,NaN,NaN,NaN
6,NaN,NaN,NaN,NaN,NaN,NaN,NaN,NaN
7,NaN,NaN,NaN,NaN,NaN,NaN,NaN,NaN
8,NaN,NaN,NaN,NaN,NaN,NaN,NaN,NaN
9,NaN,NaN,NaN,NaN,NaN,NaN,NaN,NaN
10,NaN,NaN,NaN,NaN,NaN,NaN,NaN,NaN
11,NaN,NaN,NaN,NaN,NaN,NaN,NaN,NaN
1,NaN,NaN,NaN,NaN,NaN,NaN,NaN,NaN
2,NaN,NaN,NaN,NaN,NaN,NaN,NaN,NaN
3,NaN,NaN,NaN,NaN,NaN,NaN,NaN,NaN
4,NaN,NaN,NaN,NaN,NaN,NaN,NaN,NaN
5,NaN,NaN,NaN,NaN,NaN,NaN,NaN,NaN
6,NaN,NaN,NaN,NaN,NaN,NaN,NaN,NaN
7,NaN,NaN,NaN,NaN,NaN,NaN,NaN,NaN
8,NaN,NaN,NaN,NaN,NaN,NaN,NaN,NaN
9,NaN,NaN,NaN,NaN,NaN,NaN,NaN,NaN
10,NaN,NaN,NaN,NaN,NaN,NaN,NaN,NaN
11,NaN,NaN,NaN,NaN,NaN,NaN,NaN,NaN
1,NaN,NaN,NaN,NaN,NaN,NaN,NaN,NaN
2,NaN,NaN,NaN,NaN,NaN,NaN,NaN,NaN
3,NaN,NaN,NaN,NaN,NaN,NaN,NaN,NaN
4,NaN,NaN,NaN,NaN,NaN,NaN,NaN,NaN
5,NaN,NaN,NaN,NaN,NaN,NaN,NaN,NaN
6,NaN,NaN,NaN,NaN,NaN,NaN,NaN,NaN
7,NaN,NaN,NaN,NaN,NaN,NaN,NaN,NaN
8,NaN,NaN,NaN,NaN,NaN,NaN,NaN,NaN
9,NaN,NaN,NaN,NaN,NaN,NaN,NaN,NaN
10,NaN,NaN,NaN,NaN,NaN,NaN,NaN,NaN
11,NaN,NaN,NaN,NaN,NaN,NaN,NaN,NaN
1,NaN,NaN,NaN,NaN,NaN,NaN,NaN,NaN
2,NaN,NaN,NaN,NaN,NaN,NaN,NaN,NaN
3,NaN,NaN,NaN,NaN,NaN,NaN,NaN,NaN
4,NaN,NaN,NaN,NaN,NaN,NaN,NaN,NaN
5,NaN,NaN,NaN,NaN,NaN,NaN,NaN,NaN
6,NaN,NaN,NaN,NaN,NaN,NaN,NaN,NaN
7,NaN,NaN,NaN,NaN,NaN,NaN,NaN,NaN
8,NaN,NaN,NaN,NaN,NaN,NaN,NaN,NaN
9,NaN,NaN,NaN,NaN,NaN,NaN,NaN,NaN
10,NaN,NaN,NaN,NaN,NaN,NaN,NaN,NaN
11,NaN,NaN,NaN,NaN,NaN,NaN,NaN,NaN
1,NaN,NaN,NaN,NaN,NaN,NaN,NaN,NaN
2,NaN,NaN,NaN,NaN,NaN,NaN,NaN,NaN
3,NaN,NaN,NaN,NaN,NaN,NaN,NaN,NaN
4,NaN,NaN,NaN,NaN,NaN,NaN,NaN,NaN
5,NaN,NaN,NaN,NaN,NaN,NaN,NaN,NaN
6,NaN,NaN,NaN,NaN,NaN,NaN,NaN,NaN
7,NaN,NaN,NaN,NaN,NaN,NaN,NaN,NaN
8,NaN,NaN,NaN,NaN,NaN,NaN,NaN,NaN
9,NaN,NaN,NaN,NaN,NaN,NaN,NaN,NaN
10,NaN,NaN,NaN,NaN,NaN,NaN,NaN,NaN
11,NaN,NaN,NaN,NaN,NaN,NaN,NaN,NaN
1,NaN,NaN,NaN,NaN,NaN,NaN,NaN,NaN
2,NaN,NaN,NaN,NaN,NaN,NaN,NaN,NaN
3,NaN,NaN,NaN,NaN,NaN,NaN,NaN,NaN
4,NaN,NaN,NaN,NaN,NaN,NaN,NaN,NaN
5,NaN,NaN,NaN,NaN,NaN,NaN,NaN,NaN
6,NaN,NaN,NaN,NaN,NaN,NaN,NaN,NaN
7,NaN,NaN,NaN,NaN,NaN,NaN,NaN,NaN
8,NaN,NaN,NaN,NaN,NaN,NaN,NaN,NaN
9,NaN,NaN,NaN,NaN,NaN,NaN,NaN,NaN
10,NaN,NaN,NaN,NaN,NaN,NaN,NaN,NaN
11,NaN,NaN,NaN,NaN,NaN,NaN,NaN,NaN
1,NaN,NaN,NaN,NaN,NaN,NaN,NaN,NaN
2,NaN,NaN,NaN,NaN,NaN,NaN,NaN,NaN
3,NaN,NaN,NaN,NaN,NaN,NaN,NaN,NaN
4,NaN,NaN,NaN,NaN,NaN,NaN,NaN,NaN
5,NaN,NaN,NaN,NaN,NaN,NaN,NaN,NaN
6,NaN,NaN,NaN,NaN,NaN,NaN,NaN,NaN
7,NaN,NaN,NaN,NaN,NaN,NaN,NaN,NaN
8,NaN,NaN,NaN,NaN,NaN,NaN,NaN,NaN
9,NaN,NaN,NaN,NaN,NaN,NaN,NaN,NaN
10,NaN,NaN,NaN,NaN,NaN,NaN,NaN,NaN
11,NaN,NaN,NaN,NaN,NaN,NaN,NaN,NaN
1,NaN,NaN,NaN,NaN,NaN,NaN,NaN,NaN
2,NaN,NaN,NaN,NaN,NaN,NaN,NaN,NaN
3,NaN,NaN,NaN,NaN,NaN,NaN,NaN,NaN
4,NaN,NaN,NaN,NaN,NaN,NaN,NaN,NaN
5,NaN,NaN,NaN,NaN,NaN,NaN,NaN,NaN
6,NaN,NaN,NaN,NaN,NaN,NaN,NaN,NaN
7,NaN,NaN,NaN,NaN,NaN,NaN,NaN,NaN
8,NaN,NaN,NaN,NaN,NaN,NaN,NaN,NaN
9,NaN,NaN,NaN,NaN,NaN,NaN,NaN,NaN
10,NaN,NaN,NaN,NaN,NaN,NaN,NaN,NaN
11,NaN,NaN,NaN,NaN,NaN,NaN,NaN,NaN
1,NaN,NaN,NaN,NaN,NaN,NaN,NaN,NaN
2,NaN,NaN,NaN,NaN,NaN,NaN,NaN,NaN
3,NaN,NaN,NaN,NaN,NaN,NaN,NaN,NaN
4,NaN,NaN,NaN,NaN,NaN,NaN,NaN,NaN
5,NaN,NaN,NaN,NaN,NaN,NaN,NaN,NaN
6,NaN,NaN,NaN,NaN,NaN,NaN,NaN,NaN
7,NaN,NaN,NaN,NaN,NaN,NaN,NaN,NaN
8,NaN,NaN,NaN,NaN,NaN,NaN,NaN,NaN
9,NaN,NaN,NaN,NaN,NaN,NaN,NaN,NaN
10,NaN,NaN,NaN,NaN,NaN,NaN,NaN,NaN
11,NaN,NaN,NaN,NaN,NaN,NaN,NaN,NaN
1,NaN,NaN,NaN,NaN,NaN,NaN,NaN,NaN
2,NaN,NaN,NaN,NaN,NaN,NaN,NaN,NaN
3,NaN,NaN,NaN,NaN,NaN,NaN,NaN,NaN
4,NaN,NaN,NaN,NaN,NaN,NaN,NaN,NaN
5,NaN,NaN,NaN,NaN,NaN,NaN,NaN,NaN
6,NaN,NaN,NaN,NaN,NaN,NaN,NaN,NaN
7,NaN,NaN,NaN,NaN,NaN,NaN,NaN,NaN
8,NaN,NaN,NaN,NaN,NaN,NaN,NaN,NaN
9,NaN,NaN,NaN,NaN,NaN,NaN,NaN,NaN
10,NaN,NaN,NaN,NaN,NaN,NaN,NaN,NaN
11,NaN,NaN,NaN,NaN,NaN,NaN,NaN,NaN
1,NaN,NaN,NaN,NaN,NaN,NaN,NaN,NaN
2,NaN,NaN,NaN,NaN,NaN,NaN,NaN,NaN
3,NaN,NaN,NaN,NaN,NaN,NaN,NaN,NaN
4,NaN,NaN,NaN,NaN,NaN,NaN,NaN,NaN
5,NaN,NaN,NaN,NaN,NaN,NaN,NaN,NaN
6,NaN,NaN,NaN,NaN,NaN,NaN,NaN,NaN
7,NaN,NaN,NaN,NaN,NaN,NaN,NaN,NaN
8,NaN,NaN,NaN,NaN,NaN,NaN,NaN,NaN
9,NaN,NaN,NaN,NaN,NaN,NaN,NaN,NaN
10,NaN,NaN,NaN,NaN,NaN,NaN,NaN,NaN
11,NaN,NaN,NaN,NaN,NaN,NaN,NaN,NaN
1,NaN,NaN,NaN,NaN,NaN,NaN,NaN,NaN
2,NaN,NaN,NaN,NaN,NaN,NaN,NaN,NaN
3,NaN,NaN,NaN,NaN,NaN,NaN,NaN,NaN
4,NaN,NaN,NaN,NaN,NaN,NaN,NaN,NaN
5,NaN,NaN,NaN,NaN,NaN,NaN,NaN,NaN
6,NaN,NaN,NaN,NaN,NaN,NaN,NaN,NaN
7,NaN,NaN,NaN,NaN,NaN,NaN,NaN,NaN
8,NaN,NaN,NaN,NaN,NaN,NaN,NaN,NaN
9,NaN,NaN,NaN,NaN,NaN,NaN,NaN,NaN
10,NaN,NaN,NaN,NaN,NaN,NaN,NaN,NaN
11,NaN,NaN,NaN,NaN,NaN,NaN,NaN,NaN
1,NaN,NaN,NaN,NaN,NaN,NaN,NaN,NaN
2,NaN,NaN,NaN,NaN,NaN,NaN,NaN,NaN
3,NaN,NaN,NaN,NaN,NaN,NaN,NaN,NaN
4,NaN,NaN,NaN,NaN,NaN,NaN,NaN,NaN
5,NaN,NaN,NaN,NaN,NaN,NaN,NaN,NaN
6,NaN,NaN,NaN,NaN,NaN,NaN,NaN,NaN
7,NaN,NaN,NaN,NaN,NaN,NaN,NaN,NaN
8,NaN,NaN,NaN,NaN,NaN,NaN,NaN,NaN
9,NaN,NaN,NaN,NaN,NaN,NaN,NaN,NaN
10,NaN,NaN,NaN,NaN,NaN,NaN,NaN,NaN
11,NaN,NaN,NaN,NaN,NaN,NaN,NaN,NaN
1,NaN,NaN,NaN,NaN,NaN,NaN,NaN,NaN
2,NaN,NaN,NaN,NaN,NaN,NaN,NaN,NaN
3,NaN,NaN,NaN,NaN,NaN,NaN,NaN,NaN
4,NaN,NaN,NaN,NaN,NaN,NaN,NaN,NaN
5,NaN,NaN,NaN,NaN,NaN,NaN,NaN,NaN
6,NaN,NaN,NaN,NaN,NaN,NaN,NaN,NaN
7,NaN,NaN,NaN,NaN,NaN,NaN,NaN,NaN
8,NaN,NaN,NaN,NaN,NaN,NaN,NaN,NaN
9,NaN,NaN,NaN,NaN,NaN,NaN,NaN,NaN
10,NaN,NaN,NaN,NaN,NaN,NaN,NaN,NaN
11,NaN,NaN,NaN,NaN,NaN,NaN,NaN,NaN
1,NaN,NaN,NaN,NaN,NaN,NaN,NaN,NaN
2,NaN,NaN,NaN,NaN,NaN,NaN,NaN,NaN
3,NaN,NaN,NaN,NaN,NaN,NaN,NaN,NaN
4,NaN,NaN,NaN,NaN,NaN,NaN,NaN,NaN
5,NaN,NaN,NaN,NaN,NaN,NaN,NaN,NaN
6,NaN,NaN,NaN,NaN,NaN,NaN,NaN,NaN
7,NaN,NaN,NaN,NaN,NaN,NaN,NaN,NaN
8,NaN,NaN,NaN,NaN,NaN,NaN,NaN,NaN
9,NaN,NaN,NaN,NaN,NaN,NaN,NaN,NaN
10,NaN,NaN,NaN,NaN,NaN,NaN,NaN,NaN
11,NaN,NaN,NaN,NaN,NaN,NaN,NaN,NaN
1,NaN,NaN,NaN,NaN,NaN,NaN,NaN,NaN
2,NaN,NaN,NaN,NaN,NaN,NaN,NaN,NaN
3,NaN,NaN,NaN,NaN,NaN,NaN,NaN,NaN
4,NaN,NaN,NaN,NaN,NaN,NaN,NaN,NaN
5,NaN,NaN,NaN,NaN,NaN,NaN,NaN,NaN
6,NaN,NaN,NaN,NaN,NaN,NaN,NaN,NaN
7,NaN,NaN,NaN,NaN,NaN,NaN,NaN,NaN
8,NaN,NaN,NaN,NaN,NaN,NaN,NaN,NaN
9,NaN,NaN,NaN,NaN,NaN,NaN,NaN,NaN
10,NaN,NaN,NaN,NaN,NaN,NaN,NaN,NaN
11,NaN,NaN,NaN,NaN,NaN,NaN,NaN,NaN
1,NaN,NaN,NaN,NaN,NaN,NaN,NaN,NaN
2,NaN,NaN,NaN,NaN,NaN,NaN,NaN,NaN
3,NaN,NaN,NaN,NaN,NaN,NaN,NaN,NaN
4,NaN,NaN,NaN,NaN,NaN,NaN,NaN,NaN
5,NaN,NaN,NaN,NaN,NaN,NaN,NaN,NaN
6,NaN,NaN,NaN,NaN,NaN,NaN,NaN,NaN
7,NaN,NaN,NaN,NaN,NaN,NaN,NaN,NaN
8,NaN,NaN,NaN,NaN,NaN,NaN,NaN,NaN
9,NaN,NaN,NaN,NaN,NaN,NaN,NaN,NaN
10,NaN,NaN,NaN,NaN,NaN,NaN,NaN,NaN
11,NaN,NaN,NaN,NaN,NaN,NaN,NaN,NaN
1,NaN,NaN,NaN,NaN,NaN,NaN,NaN,NaN
2,NaN,NaN,NaN,NaN,NaN,NaN,NaN,NaN
3,NaN,NaN,NaN,NaN,NaN,NaN,NaN,NaN
4,NaN,NaN,NaN,NaN,NaN,NaN,NaN,NaN
5,NaN,NaN,NaN,NaN,NaN,NaN,NaN,NaN
6,NaN,NaN,NaN,NaN,NaN,NaN,NaN,NaN
7,NaN,NaN,NaN,NaN,NaN,NaN,NaN,NaN
8,NaN,NaN,NaN,NaN,NaN,NaN,NaN,NaN
9,NaN,NaN,NaN,NaN,NaN,NaN,NaN,NaN
10,NaN,NaN,NaN,NaN,NaN,NaN,NaN,NaN
11,NaN,NaN,NaN,NaN,NaN,NaN,NaN,NaN
1,NaN,NaN,NaN,NaN,NaN,NaN,NaN,NaN
2,NaN,NaN,NaN,NaN,NaN,NaN,NaN,NaN
3,NaN,NaN,NaN,NaN,NaN,NaN,NaN,NaN
4,NaN,NaN,NaN,NaN,NaN,NaN,NaN,NaN
5,NaN,NaN,NaN,NaN,NaN,NaN,NaN,NaN
6,NaN,NaN,NaN,NaN,NaN,NaN,NaN,NaN
7,NaN,NaN,NaN,NaN,NaN,NaN,NaN,NaN
8,NaN,NaN,NaN,NaN,NaN,NaN,NaN,NaN
9,NaN,NaN,NaN,NaN,NaN,NaN,NaN,NaN
10,NaN,NaN,NaN,NaN,NaN,NaN,NaN,NaN
11,NaN,NaN,NaN,NaN,NaN,NaN,NaN,NaN
1,NaN,NaN,NaN,NaN,NaN,NaN,NaN,NaN
2,NaN,NaN,NaN,NaN,NaN,NaN,NaN,NaN
3,NaN,NaN,NaN,NaN,NaN,NaN,NaN,NaN
4,NaN,NaN,NaN,NaN,NaN,NaN,NaN,NaN
5,NaN,NaN,NaN,NaN,NaN,NaN,NaN,NaN
6,NaN,NaN,NaN,NaN,NaN,NaN,NaN,NaN
7,NaN,NaN,NaN,NaN,NaN,NaN,NaN,NaN
8,NaN,NaN,NaN,NaN,NaN,NaN,NaN,NaN
9,NaN,NaN,NaN,NaN,NaN,NaN,NaN,NaN
10,NaN,NaN,NaN,NaN,NaN,NaN,NaN,NaN
11,NaN,NaN,NaN,NaN,NaN,NaN,NaN,NaN
1,NaN,NaN,NaN,NaN,NaN,NaN,NaN,NaN
2,NaN,NaN,NaN,NaN,NaN,NaN,NaN,NaN
3,NaN,NaN,NaN,NaN,NaN,NaN,NaN,NaN
4,NaN,NaN,NaN,NaN,NaN,NaN,NaN,NaN
5,NaN,NaN,NaN,NaN,NaN,NaN,NaN,NaN
6,NaN,NaN,NaN,NaN,NaN,NaN,NaN,NaN
7,NaN,NaN,NaN,NaN,NaN,NaN,NaN,NaN
8,NaN,NaN,NaN,NaN,NaN,NaN,NaN,NaN
9,NaN,NaN,NaN,NaN,NaN,NaN,NaN,NaN
10,NaN,NaN,NaN,NaN,NaN,NaN,NaN,NaN
11,NaN,NaN,NaN,NaN,NaN,NaN,NaN,NaN
1,NaN,NaN,NaN,NaN,NaN,NaN,NaN,NaN
2,NaN,NaN,NaN,NaN,NaN,NaN,NaN,NaN
3,NaN,NaN,NaN,NaN,NaN,NaN,NaN,NaN
4,NaN,NaN,NaN,NaN,NaN,NaN,NaN,NaN
5,NaN,NaN,NaN,NaN,NaN,NaN,NaN,NaN
6,NaN,NaN,NaN,NaN,NaN,NaN,NaN,NaN
7,NaN,NaN,NaN,NaN,NaN,NaN,NaN,NaN
8,NaN,NaN,NaN,NaN,NaN,NaN,NaN,NaN
9,NaN,NaN,NaN,NaN,NaN,NaN,NaN,NaN
10,NaN,NaN,NaN,NaN,NaN,NaN,NaN,NaN
11,NaN,NaN,NaN,NaN,NaN,NaN,NaN,NaN
1,NaN,NaN,NaN,NaN,NaN,NaN,NaN,NaN
2,NaN,NaN,NaN,NaN,NaN,NaN,NaN,NaN
3,NaN,NaN,NaN,NaN,NaN,NaN,NaN,NaN
4,NaN,NaN,NaN,NaN,NaN,NaN,NaN,NaN
5,NaN,NaN,NaN,NaN,NaN,NaN,NaN,NaN
6,NaN,NaN,NaN,NaN,NaN,NaN,NaN,NaN
7,NaN,NaN,NaN,NaN,NaN,NaN,NaN,NaN
8,NaN,NaN,NaN,NaN,NaN,NaN,NaN,NaN
9,NaN,NaN,NaN,NaN,NaN,NaN,NaN,NaN
10,NaN,NaN,NaN,NaN,NaN,NaN,NaN,NaN
11,NaN,NaN,NaN,NaN,NaN,NaN,NaN,NaN
1,NaN,NaN,NaN,NaN,NaN,NaN,NaN,NaN
2,NaN,NaN,NaN,NaN,NaN,NaN,NaN,NaN
3,NaN,NaN,NaN,NaN,NaN,NaN,NaN,NaN
4,NaN,NaN,NaN,NaN,NaN,NaN,NaN,NaN
5,NaN,NaN,NaN,NaN,NaN,NaN,NaN,NaN
6,NaN,NaN,NaN,NaN,NaN,NaN,NaN,NaN
7,NaN,NaN,NaN,NaN,NaN,NaN,NaN,NaN
8,NaN,NaN,NaN,NaN,NaN,NaN,NaN,NaN
9,NaN,NaN,NaN,NaN,NaN,NaN,NaN,NaN
10,NaN,NaN,NaN,NaN,NaN,NaN,NaN,NaN
11,NaN,NaN,NaN,NaN,NaN,NaN,NaN,NaN
1,NaN,NaN,NaN,NaN,NaN,NaN,NaN,NaN
2,NaN,NaN,NaN,NaN,NaN,NaN,NaN,NaN
3,NaN,NaN,NaN,NaN,NaN,NaN,NaN,NaN
4,NaN,NaN,NaN,NaN,NaN,NaN,NaN,NaN
5,NaN,NaN,NaN,NaN,NaN,NaN,NaN,NaN
6,NaN,NaN,NaN,NaN,NaN,NaN,NaN,NaN
7,NaN,NaN,NaN,NaN,NaN,NaN,NaN,NaN
8,NaN,NaN,NaN,NaN,NaN,NaN,NaN,NaN
9,NaN,NaN,NaN,NaN,NaN,NaN,NaN,NaN
10,NaN,NaN,NaN,NaN,NaN,NaN,NaN,NaN
11,NaN,NaN,NaN,NaN,NaN,NaN,NaN,NaN
1,NaN,NaN,NaN,NaN,NaN,NaN,NaN,NaN
2,NaN,NaN,NaN,NaN,NaN,NaN,NaN,NaN
3,NaN,NaN,NaN,NaN,NaN,NaN,NaN,NaN
4,NaN,NaN,NaN,NaN,NaN,NaN,NaN,NaN
5,NaN,NaN,NaN,NaN,NaN,NaN,NaN,NaN
6,NaN,NaN,NaN,NaN,NaN,NaN,NaN,NaN
7,NaN,NaN,NaN,NaN,NaN,NaN,NaN,NaN
8,NaN,NaN,NaN,NaN,NaN,NaN,NaN,NaN
9,NaN,NaN,NaN,NaN,NaN,NaN,NaN,NaN
10,NaN,NaN,NaN,NaN,NaN,NaN,NaN,NaN
11,NaN,NaN,NaN,NaN,NaN,NaN,NaN,NaN
1,NaN,NaN,NaN,NaN,NaN,NaN,NaN,NaN
2,NaN,NaN,NaN,NaN,NaN,NaN,NaN,NaN
3,NaN,NaN,NaN,NaN,NaN,NaN,NaN,NaN
4,NaN,NaN,NaN,NaN,NaN,NaN,NaN,NaN
5,NaN,NaN,NaN,NaN,NaN,NaN,NaN,NaN
6,NaN,NaN,NaN,NaN,NaN,NaN,NaN,NaN
7,NaN,NaN,NaN,NaN,NaN,NaN,NaN,NaN
8,NaN,NaN,NaN,NaN,NaN,NaN,NaN,NaN
9,NaN,NaN,NaN,NaN,NaN,NaN,NaN,NaN
10,NaN,NaN,NaN,NaN,NaN,NaN,NaN,NaN
11,NaN,NaN,NaN,NaN,NaN,NaN,NaN,NaN
1,NaN,NaN,NaN,NaN,NaN,NaN,NaN,NaN
2,NaN,NaN,NaN,NaN,NaN,NaN,NaN,NaN
3,NaN,NaN,NaN,NaN,NaN,NaN,NaN,NaN
4,NaN,NaN,NaN,NaN,NaN,NaN,NaN,NaN
5,NaN,NaN,NaN,NaN,NaN,NaN,NaN,NaN
6,NaN,NaN,NaN,NaN,NaN,NaN,NaN,NaN
7,NaN,NaN,NaN,NaN,NaN,NaN,NaN,NaN
8,NaN,NaN,NaN,NaN,NaN,NaN,NaN,NaN
9,NaN,NaN,NaN,NaN,NaN,NaN,NaN,NaN
10,NaN,NaN,NaN,NaN,NaN,NaN,NaN,NaN
11,NaN,NaN,NaN,NaN,NaN,NaN,NaN,NaN
1,NaN,NaN,NaN,NaN,NaN,NaN,NaN,NaN
2,NaN,NaN,NaN,NaN,NaN,NaN,NaN,NaN
3,NaN,NaN,NaN,NaN,NaN,NaN,NaN,NaN
4,NaN,NaN,NaN,NaN,NaN,NaN,NaN,NaN
5,NaN,NaN,NaN,NaN,NaN,NaN,NaN,NaN
6,NaN,NaN,NaN,NaN,NaN,NaN,NaN,NaN
7,NaN,NaN,NaN,NaN,NaN,NaN,NaN,NaN
8,NaN,NaN,NaN,NaN,NaN,NaN,NaN,NaN
9,NaN,NaN,NaN,NaN,NaN,NaN,NaN,NaN
10,NaN,NaN,NaN,NaN,NaN,NaN,NaN,NaN
11,NaN,NaN,NaN,NaN,NaN,NaN,NaN,NaN
1,NaN,NaN,NaN,NaN,NaN,NaN,NaN,NaN
2,NaN,NaN,NaN,NaN,NaN,NaN,NaN,NaN
3,NaN,NaN,NaN,NaN,NaN,NaN,NaN,NaN
4,NaN,NaN,NaN,NaN,NaN,NaN,NaN,NaN
5,NaN,NaN,NaN,NaN,NaN,NaN,NaN,NaN
6,NaN,NaN,NaN,NaN,NaN,NaN,NaN,NaN
7,NaN,NaN,NaN,NaN,NaN,NaN,NaN,NaN
8,NaN,NaN,NaN,NaN,NaN,NaN,NaN,NaN
9,NaN,NaN,NaN,NaN,NaN,NaN,NaN,NaN
10,NaN,NaN,NaN,NaN,NaN,NaN,NaN,NaN
11,NaN,NaN,NaN,NaN,NaN,NaN,NaN,NaN
1,NaN,NaN,NaN,NaN,NaN,NaN,NaN,NaN
2,NaN,NaN,NaN,NaN,NaN,NaN,NaN,NaN
3,NaN,NaN,NaN,NaN,NaN,NaN,NaN,NaN
4,NaN,NaN,NaN,NaN,NaN,NaN,NaN,NaN
5,NaN,NaN,NaN,NaN,NaN,NaN,NaN,NaN
6,NaN,NaN,NaN,NaN,NaN,NaN,NaN,NaN
7,NaN,NaN,NaN,NaN,NaN,NaN,NaN,NaN
8,NaN,NaN,NaN,NaN,NaN,NaN,NaN,NaN
9,NaN,NaN,NaN,NaN,NaN,NaN,NaN,NaN
10,NaN,NaN,NaN,NaN,NaN,NaN,NaN,NaN
11,NaN,NaN,NaN,NaN,NaN,NaN,NaN,NaN
1,NaN,NaN,NaN,NaN,NaN,NaN,NaN,NaN
2,NaN,NaN,NaN,NaN,NaN,NaN,NaN,NaN
3,NaN,NaN,NaN,NaN,NaN,NaN,NaN,NaN
4,NaN,NaN,NaN,NaN,NaN,NaN,NaN,NaN
5,NaN,NaN,NaN,NaN,NaN,NaN,NaN,NaN
6,NaN,NaN,NaN,NaN,NaN,NaN,NaN,NaN
7,NaN,NaN,NaN,NaN,NaN,NaN,NaN,NaN
8,NaN,NaN,NaN,NaN,NaN,NaN,NaN,NaN
9,NaN,NaN,NaN,NaN,NaN,NaN,NaN,NaN
10,NaN,NaN,NaN,NaN,NaN,NaN,NaN,NaN
11,NaN,NaN,NaN,NaN,NaN,NaN,NaN,NaN
1,NaN,NaN,NaN,NaN,NaN,NaN,NaN,NaN
2,NaN,NaN,NaN,NaN,NaN,NaN,NaN,NaN
3,NaN,NaN,NaN,NaN,NaN,NaN,NaN,NaN
4,NaN,NaN,NaN,NaN,NaN,NaN,NaN,NaN
5,NaN,NaN,NaN,NaN,NaN,NaN,NaN,NaN
6,NaN,NaN,NaN,NaN,NaN,NaN,NaN,NaN
7,NaN,NaN,NaN,NaN,NaN,NaN,NaN,NaN
8,NaN,NaN,NaN,NaN,NaN,NaN,NaN,NaN
9,NaN,NaN,NaN,NaN,NaN,NaN,NaN,NaN
10,NaN,NaN,NaN,NaN,NaN,NaN,NaN,NaN
11,NaN,NaN,NaN,NaN,NaN,NaN,NaN,NaN
1,NaN,NaN,NaN,NaN,NaN,NaN,NaN,NaN
2,NaN,NaN,NaN,NaN,NaN,NaN,NaN,NaN
3,NaN,NaN,NaN,NaN,NaN,NaN,NaN,NaN
4,NaN,NaN,NaN,NaN,NaN,NaN,NaN,NaN
5,NaN,NaN,NaN,NaN,NaN,NaN,NaN,NaN
6,NaN,NaN,NaN,NaN,NaN,NaN,NaN,NaN
7,NaN,NaN,NaN,NaN,NaN,NaN,NaN,NaN
8,NaN,NaN,NaN,NaN,NaN,NaN,NaN,NaN
9,NaN,NaN,NaN,NaN,NaN,NaN,NaN,NaN
10,NaN,NaN,NaN,NaN,NaN,NaN,NaN,NaN
11,NaN,NaN,NaN,NaN,NaN,NaN,NaN,NaN
1,NaN,NaN,NaN,NaN,NaN,NaN,NaN,NaN
2,NaN,NaN,NaN,NaN,NaN,NaN,NaN,NaN
3,NaN,NaN,NaN,NaN,NaN,NaN,NaN,NaN
4,NaN,NaN,NaN,NaN,NaN,NaN,NaN,NaN
5,NaN,NaN,NaN,NaN,NaN,NaN,NaN,NaN
6,NaN,NaN,NaN,NaN,NaN,NaN,NaN,NaN
7,NaN,NaN,NaN,NaN,NaN,NaN,NaN,NaN
8,NaN,NaN,NaN,NaN,NaN,NaN,NaN,NaN
9,NaN,NaN,NaN,NaN,NaN,NaN,NaN,NaN
10,NaN,NaN,NaN,NaN,NaN,NaN,NaN,NaN
11,NaN,NaN,NaN,NaN,NaN,NaN,NaN,NaN
1,NaN,NaN,NaN,NaN,NaN,NaN,NaN,NaN
2,NaN,NaN,NaN,NaN,NaN,NaN,NaN,NaN
3,NaN,NaN,NaN,NaN,NaN,NaN,NaN,NaN
4,NaN,NaN,NaN,NaN,NaN,NaN,NaN,NaN
5,NaN,NaN,NaN,NaN,NaN,NaN,NaN,NaN
6,NaN,NaN,NaN,NaN,NaN,NaN,NaN,NaN
7,NaN,NaN,NaN,NaN,NaN,NaN,NaN,NaN
8,NaN,NaN,NaN,NaN,NaN,NaN,NaN,NaN
9,NaN,NaN,NaN,NaN,NaN,NaN,NaN,NaN
10,NaN,NaN,NaN,NaN,NaN,NaN,NaN,NaN
11,NaN,NaN,NaN,NaN,NaN,NaN,NaN,NaN
1,NaN,NaN,NaN,NaN,NaN,NaN,NaN,NaN
2,NaN,NaN,NaN,NaN,NaN,NaN,NaN,NaN
3,NaN,NaN,NaN,NaN,NaN,NaN,NaN,NaN
4,NaN,NaN,NaN,NaN,NaN,NaN,NaN,NaN
5,NaN,NaN,NaN,NaN,NaN,NaN,NaN,NaN
6,NaN,NaN,NaN,NaN,NaN,NaN,NaN,NaN
7,NaN,NaN,NaN,NaN,NaN,NaN,NaN,NaN
8,NaN,NaN,NaN,NaN,NaN,NaN,NaN,NaN
9,NaN,NaN,NaN,NaN,NaN,NaN,NaN,NaN
10,NaN,NaN,NaN,NaN,NaN,NaN,NaN,NaN
11,NaN,NaN,NaN,NaN,NaN,NaN,NaN,NaN
1,NaN,NaN,NaN,NaN,NaN,NaN,NaN,NaN
2,NaN,NaN,NaN,NaN,NaN,NaN,NaN,NaN
3,NaN,NaN,NaN,NaN,NaN,NaN,NaN,NaN
4,NaN,NaN,NaN,NaN,NaN,NaN,NaN,NaN
5,NaN,NaN,NaN,NaN,NaN,NaN,NaN,NaN
6,NaN,NaN,NaN,NaN,NaN,NaN,NaN,NaN
7,NaN,NaN,NaN,NaN,NaN,NaN,NaN,NaN
8,NaN,NaN,NaN,NaN,NaN,NaN,NaN,NaN
9,NaN,NaN,NaN,NaN,NaN,NaN,NaN,NaN
10,NaN,NaN,NaN,NaN,NaN,NaN,NaN,NaN
11,NaN,NaN,NaN,NaN,NaN,NaN,NaN,NaN
1,NaN,NaN,NaN,NaN,NaN,NaN,NaN,NaN
2,NaN,NaN,NaN,NaN,NaN,NaN,NaN,NaN
3,NaN,NaN,NaN,NaN,NaN,NaN,NaN,NaN
4,NaN,NaN,NaN,NaN,NaN,NaN,NaN,NaN
5,NaN,NaN,NaN,NaN,NaN,NaN,NaN,NaN
6,NaN,NaN,NaN,NaN,NaN,NaN,NaN,NaN
7,NaN,NaN,NaN,NaN,NaN,NaN,NaN,NaN
8,NaN,NaN,NaN,NaN,NaN,NaN,NaN,NaN
9,NaN,NaN,NaN,NaN,NaN,NaN,NaN,NaN
10,NaN,NaN,NaN,NaN,NaN,NaN,NaN,NaN
11,NaN,NaN,NaN,NaN,NaN,NaN,NaN,NaN
1,NaN,NaN,NaN,NaN,NaN,NaN,NaN,NaN
2,NaN,NaN,NaN,NaN,NaN,NaN,NaN,NaN
3,NaN,NaN,NaN,NaN,NaN,NaN,NaN,NaN
4,NaN,NaN,NaN,NaN,NaN,NaN,NaN,NaN
5,NaN,NaN,NaN,NaN,NaN,NaN,NaN,NaN
6,NaN,NaN,NaN,NaN,NaN,NaN,NaN,NaN
7,NaN,NaN,NaN,NaN,NaN,NaN,NaN,NaN
8,NaN,NaN,NaN,NaN,NaN,NaN,NaN,NaN
9,NaN,NaN,NaN,NaN,NaN,NaN,NaN,NaN
10,NaN,NaN,NaN,NaN,NaN,NaN,NaN,NaN
11,NaN,NaN,NaN,NaN,NaN,NaN,NaN,NaN
1,NaN,NaN,NaN,NaN,NaN,NaN,NaN,NaN
2,NaN,NaN,NaN,NaN,NaN,NaN,NaN,NaN
3,NaN,NaN,NaN,NaN,NaN,NaN,NaN,NaN
4,NaN,NaN,NaN,NaN,NaN,NaN,NaN,NaN
5,NaN,NaN,NaN,NaN,NaN,NaN,NaN,NaN
6,NaN,NaN,NaN,NaN,NaN,NaN,NaN,NaN
7,NaN,NaN,NaN,NaN,NaN,NaN,NaN,NaN
8,NaN,NaN,NaN,NaN,NaN,NaN,NaN,NaN
9,NaN,NaN,NaN,NaN,NaN,NaN,NaN,NaN
10,NaN,NaN,NaN,NaN,NaN,NaN,NaN,NaN
11,NaN,NaN,NaN,NaN,NaN,NaN,NaN,NaN
1,NaN,NaN,NaN,NaN,NaN,NaN,NaN,NaN
2,NaN,NaN,NaN,NaN,NaN,NaN,NaN,NaN
3,NaN,NaN,NaN,NaN,NaN,NaN,NaN,NaN
4,NaN,NaN,NaN,NaN,NaN,NaN,NaN,NaN
5,NaN,NaN,NaN,NaN,NaN,NaN,NaN,NaN
6,NaN,NaN,NaN,NaN,NaN,NaN,NaN,NaN
7,NaN,NaN,NaN,NaN,NaN,NaN,NaN,NaN
8,NaN,NaN,NaN,NaN,NaN,NaN,NaN,NaN
9,NaN,NaN,NaN,NaN,NaN,NaN,NaN,NaN
10,NaN,NaN,NaN,NaN,NaN,NaN,NaN,NaN
11,NaN,NaN,NaN,NaN,NaN,NaN,NaN,NaN
1,NaN,NaN,NaN,NaN,NaN,NaN,NaN,NaN
2,NaN,NaN,NaN,NaN,NaN,NaN,NaN,NaN
3,NaN,NaN,NaN,NaN,NaN,NaN,NaN,NaN
4,NaN,NaN,NaN,NaN,NaN,NaN,NaN,NaN
5,NaN,NaN,NaN,NaN,NaN,NaN,NaN,NaN
6,NaN,NaN,NaN,NaN,NaN,NaN,NaN,NaN
7,NaN,NaN,NaN,NaN,NaN,NaN,NaN,NaN
8,NaN,NaN,NaN,NaN,NaN,NaN,NaN,NaN
9,NaN,NaN,NaN,NaN,NaN,NaN,NaN,NaN
10,NaN,NaN,NaN,NaN,NaN,NaN,NaN,NaN
11,NaN,NaN,NaN,NaN,NaN,NaN,NaN,NaN
1,NaN,NaN,NaN,NaN,NaN,NaN,NaN,NaN
2,NaN,NaN,NaN,NaN,NaN,NaN,NaN,NaN
3,NaN,NaN,NaN,NaN,NaN,NaN,NaN,NaN
4,NaN,NaN,NaN,NaN,NaN,NaN,NaN,NaN
5,NaN,NaN,NaN,NaN,NaN,NaN,NaN,NaN
6,NaN,NaN,NaN,NaN,NaN,NaN,NaN,NaN
7,NaN,NaN,NaN,NaN,NaN,NaN,NaN,NaN
8,NaN,NaN,NaN,NaN,NaN,NaN,NaN,NaN
9,NaN,NaN,NaN,NaN,NaN,NaN,NaN,NaN
10,NaN,NaN,NaN,NaN,NaN,NaN,NaN,NaN
11,NaN,NaN,NaN,NaN,NaN,NaN,NaN,NaN
1,NaN,NaN,NaN,NaN,NaN,NaN,NaN,NaN
2,NaN,NaN,NaN,NaN,NaN,NaN,NaN,NaN
3,NaN,NaN,NaN,NaN,NaN,NaN,NaN,NaN
4,NaN,NaN,NaN,NaN,NaN,NaN,NaN,NaN
5,NaN,NaN,NaN,NaN,NaN,NaN,NaN,NaN
6,NaN,NaN,NaN,NaN,NaN,NaN,NaN,NaN
7,NaN,NaN,NaN,NaN,NaN,NaN,NaN,NaN
8,NaN,NaN,NaN,NaN,NaN,NaN,NaN,NaN
9,NaN,NaN,NaN,NaN,NaN,NaN,NaN,NaN
10,NaN,NaN,NaN,NaN,NaN,NaN,NaN,NaN
11,NaN,NaN,NaN,NaN,NaN,NaN,NaN,NaN
1,NaN,NaN,NaN,NaN,NaN,NaN,NaN,NaN
2,NaN,NaN,NaN,NaN,NaN,NaN,NaN,NaN
3,NaN,NaN,NaN,NaN,NaN,NaN,NaN,NaN
4,NaN,NaN,NaN,NaN,NaN,NaN,NaN,NaN
5,NaN,NaN,NaN,NaN,NaN,NaN,NaN,NaN
6,NaN,NaN,NaN,NaN,NaN,NaN,NaN,NaN
7,NaN,NaN,NaN,NaN,NaN,NaN,NaN,NaN
8,NaN,NaN,NaN,NaN,NaN,NaN,NaN,NaN
9,NaN,NaN,NaN,NaN,NaN,NaN,NaN,NaN
10,NaN,NaN,NaN,NaN,NaN,NaN,NaN,NaN
11,NaN,NaN,NaN,NaN,NaN,NaN,NaN,NaN
1,NaN,NaN,NaN,NaN,NaN,NaN,NaN,NaN
2,NaN,NaN,NaN,NaN,NaN,NaN,NaN,NaN
3,NaN,NaN,NaN,NaN,NaN,NaN,NaN,NaN
4,NaN,NaN,NaN,NaN,NaN,NaN,NaN,NaN
5,NaN,NaN,NaN,NaN,NaN,NaN,NaN,NaN
6,NaN,NaN,NaN,NaN,NaN,NaN,NaN,NaN
7,NaN,NaN,NaN,NaN,NaN,NaN,NaN,NaN
8,NaN,NaN,NaN,NaN,NaN,NaN,NaN,NaN
9,NaN,NaN,NaN,NaN,NaN,NaN,NaN,NaN
10,NaN,NaN,NaN,NaN,NaN,NaN,NaN,NaN
11,NaN,NaN,NaN,NaN,NaN,NaN,NaN,NaN
1,NaN,NaN,NaN,NaN,NaN,NaN,NaN,NaN
2,NaN,NaN,NaN,NaN,NaN,NaN,NaN,NaN
3,NaN,NaN,NaN,NaN,NaN,NaN,NaN,NaN
4,NaN,NaN,NaN,NaN,NaN,NaN,NaN,NaN
5,NaN,NaN,NaN,NaN,NaN,NaN,NaN,NaN
6,NaN,NaN,NaN,NaN,NaN,NaN,NaN,NaN
7,NaN,NaN,NaN,NaN,NaN,NaN,NaN,NaN
8,NaN,NaN,NaN,NaN,NaN,NaN,NaN,NaN
9,NaN,NaN,NaN,NaN,NaN,NaN,NaN,NaN
10,NaN,NaN,NaN,NaN,NaN,NaN,NaN,NaN
11,NaN,NaN,NaN,NaN,NaN,NaN,NaN,NaN
1,NaN,NaN,NaN,NaN,NaN,NaN,NaN,NaN
2,NaN,NaN,NaN,NaN,NaN,NaN,NaN,NaN
3,NaN,NaN,NaN,NaN,NaN,NaN,NaN,NaN
4,NaN,NaN,NaN,NaN,NaN,NaN,NaN,NaN
5,NaN,NaN,NaN,NaN,NaN,NaN,NaN,NaN
6,NaN,NaN,NaN,NaN,NaN,NaN,NaN,NaN
7,NaN,NaN,NaN,NaN,NaN,NaN,NaN,NaN
8,NaN,NaN,NaN,NaN,NaN,NaN,NaN,NaN
9,NaN,NaN,NaN,NaN,NaN,NaN,NaN,NaN
10,NaN,NaN,NaN,NaN,NaN,NaN,NaN,NaN
11,NaN,NaN,NaN,NaN,NaN,NaN,NaN,NaN
1,NaN,NaN,NaN,NaN,NaN,NaN,NaN,NaN
2,NaN,NaN,NaN,NaN,NaN,NaN,NaN,NaN
3,NaN,NaN,NaN,NaN,NaN,NaN,NaN,NaN
4,NaN,NaN,NaN,NaN,NaN,NaN,NaN,NaN
5,NaN,NaN,NaN,NaN,NaN,NaN,NaN,NaN
6,NaN,NaN,NaN,NaN,NaN,NaN,NaN,NaN
7,NaN,NaN,NaN,NaN,NaN,NaN,NaN,NaN
8,NaN,NaN,NaN,NaN,NaN,NaN,NaN,NaN
9,NaN,NaN,NaN,NaN,NaN,NaN,NaN,NaN
10,NaN,NaN,NaN,NaN,NaN,NaN,NaN,NaN
11,NaN,NaN,NaN,NaN,NaN,NaN,NaN,NaN
1,NaN,NaN,NaN,NaN,NaN,NaN,NaN,NaN
2,NaN,NaN,NaN,NaN,NaN,NaN,NaN,NaN
3,NaN,NaN,NaN,NaN,NaN,NaN,NaN,NaN
4,NaN,NaN,NaN,NaN,NaN,NaN,NaN,NaN
5,NaN,NaN,NaN,NaN,NaN,NaN,NaN,NaN
6,NaN,NaN,NaN,NaN,NaN,NaN,NaN,NaN
7,NaN,NaN,NaN,NaN,NaN,NaN,NaN,NaN
8,NaN,NaN,NaN,NaN,NaN,NaN,NaN,NaN
9,NaN,NaN,NaN,NaN,NaN,NaN,NaN,NaN
10,NaN,NaN,NaN,NaN,NaN,NaN,NaN,NaN
11,NaN,NaN,NaN,NaN,NaN,NaN,NaN,NaN
1,NaN,NaN,NaN,NaN,NaN,NaN,NaN,NaN
2,NaN,NaN,NaN,NaN,NaN,NaN,NaN,NaN
3,NaN,NaN,NaN,NaN,NaN,NaN,NaN,NaN
4,NaN,NaN,NaN,NaN,NaN,NaN,NaN,NaN
5,NaN,NaN,NaN,NaN,NaN,NaN,NaN,NaN
6,NaN,NaN,NaN,NaN,NaN,NaN,NaN,NaN
7,NaN,NaN,NaN,NaN,NaN,NaN,NaN,NaN
8,NaN,NaN,NaN,NaN,NaN,NaN,NaN,NaN
9,NaN,NaN,NaN,NaN,NaN,NaN,NaN,NaN
10,NaN,NaN,NaN,NaN,NaN,NaN,NaN,NaN
11,NaN,NaN,NaN,NaN,NaN,NaN,NaN,NaN
1,NaN,NaN,NaN,NaN,NaN,NaN,NaN,NaN
2,NaN,NaN,NaN,NaN,NaN,NaN,NaN,NaN
3,NaN,NaN,NaN,NaN,NaN,NaN,NaN,NaN
4,NaN,NaN,NaN,NaN,NaN,NaN,NaN,NaN
5,NaN,NaN,NaN,NaN,NaN,NaN,NaN,NaN
6,NaN,NaN,NaN,NaN,NaN,NaN,NaN,NaN
7,NaN,NaN,NaN,NaN,NaN,NaN,NaN,NaN
8,NaN,NaN,NaN,NaN,NaN,NaN,NaN,NaN
9,NaN,NaN,NaN,NaN,NaN,NaN,NaN,NaN
10,NaN,NaN,NaN,NaN,NaN,NaN,NaN,NaN
11,NaN,NaN,NaN,NaN,NaN,NaN,NaN,NaN
1,NaN,NaN,NaN,NaN,NaN,NaN,NaN,NaN
2,NaN,NaN,NaN,NaN,NaN,NaN,NaN,NaN
3,NaN,NaN,NaN,NaN,NaN,NaN,NaN,NaN
4,NaN,NaN,NaN,NaN,NaN,NaN,NaN,NaN
5,NaN,NaN,NaN,NaN,NaN,NaN,NaN,NaN
6,NaN,NaN,NaN,NaN,NaN,NaN,NaN,NaN
7,NaN,NaN,NaN,NaN,NaN,NaN,NaN,NaN
8,NaN,NaN,NaN,NaN,NaN,NaN,NaN,NaN
9,NaN,NaN,NaN,NaN,NaN,NaN,NaN,NaN
10,NaN,NaN,NaN,NaN,NaN,NaN,NaN,NaN
11,NaN,NaN,NaN,NaN,NaN,NaN,NaN,NaN
1,NaN,NaN,NaN,NaN,NaN,NaN,NaN,NaN
2,NaN,NaN,NaN,NaN,NaN,NaN,NaN,NaN
3,NaN,NaN,NaN,NaN,NaN,NaN,NaN,NaN
4,NaN,NaN,NaN,NaN,NaN,NaN,NaN,NaN
5,NaN,NaN,NaN,NaN,NaN,NaN,NaN,NaN
6,NaN,NaN,NaN,NaN,NaN,NaN,NaN,NaN
7,NaN,NaN,NaN,NaN,NaN,NaN,NaN,NaN
8,NaN,NaN,NaN,NaN,NaN,NaN,NaN,NaN
9,NaN,NaN,NaN,NaN,NaN,NaN,NaN,NaN
10,NaN,NaN,NaN,NaN,NaN,NaN,NaN,NaN
11,NaN,NaN,NaN,NaN,NaN,NaN,NaN,NaN
1,NaN,NaN,NaN,NaN,NaN,NaN,NaN,NaN
2,NaN,NaN,NaN,NaN,NaN,NaN,NaN,NaN
3,NaN,NaN,NaN,NaN,NaN,NaN,NaN,NaN
4,NaN,NaN,NaN,NaN,NaN,NaN,NaN,NaN
5,NaN,NaN,NaN,NaN,NaN,NaN,NaN,NaN
6,NaN,NaN,NaN,NaN,NaN,NaN,NaN,NaN
7,NaN,NaN,NaN,NaN,NaN,NaN,NaN,NaN
8,NaN,NaN,NaN,NaN,NaN,NaN,NaN,NaN
9,NaN,NaN,NaN,NaN,NaN,NaN,NaN,NaN
10,NaN,NaN,NaN,NaN,NaN,NaN,NaN,NaN
11,NaN,NaN,NaN,NaN,NaN,NaN,NaN,NaN
1,NaN,NaN,NaN,NaN,NaN,NaN,NaN,NaN
2,NaN,NaN,NaN,NaN,NaN,NaN,NaN,NaN
3,NaN,NaN,NaN,NaN,NaN,NaN,NaN,NaN
4,NaN,NaN,NaN,NaN,NaN,NaN,NaN,NaN
5,NaN,NaN,NaN,NaN,NaN,NaN,NaN,NaN
6,NaN,NaN,NaN,NaN,NaN,NaN,NaN,NaN
7,NaN,NaN,NaN,NaN,NaN,NaN,NaN,NaN
8,NaN,NaN,NaN,NaN,NaN,NaN,NaN,NaN
9,NaN,NaN,NaN,NaN,NaN,NaN,NaN,NaN
10,NaN,NaN,NaN,NaN,NaN,NaN,NaN,NaN
11,NaN,NaN,NaN,NaN,NaN,NaN,NaN,NaN
1,NaN,NaN,NaN,NaN,NaN,NaN,NaN,NaN
2,NaN,NaN,NaN,NaN,NaN,NaN,NaN,NaN
3,NaN,NaN,NaN,NaN,NaN,NaN,NaN,NaN
4,NaN,NaN,NaN,NaN,NaN,NaN,NaN,NaN
5,NaN,NaN,NaN,NaN,NaN,NaN,NaN,NaN
6,NaN,NaN,NaN,NaN,NaN,NaN,NaN,NaN
7,NaN,NaN,NaN,NaN,NaN,NaN,NaN,NaN
8,NaN,NaN,NaN,NaN,NaN,NaN,NaN,NaN
9,NaN,NaN,NaN,NaN,NaN,NaN,NaN,NaN
10,NaN,NaN,NaN,NaN,NaN,NaN,NaN,NaN
11,NaN,NaN,NaN,NaN,NaN,NaN,NaN,NaN
1,NaN,NaN,NaN,NaN,NaN,NaN,NaN,NaN
2,NaN,NaN,NaN,NaN,NaN,NaN,NaN,NaN
3,NaN,NaN,NaN,NaN,NaN,NaN,NaN,NaN
4,NaN,NaN,NaN,NaN,NaN,NaN,NaN,NaN
5,NaN,NaN,NaN,NaN,NaN,NaN,NaN,NaN
6,NaN,NaN,NaN,NaN,NaN,NaN,NaN,NaN
7,NaN,NaN,NaN,NaN,NaN,NaN,NaN,NaN
8,NaN,NaN,NaN,NaN,NaN,NaN,NaN,NaN
9,NaN,NaN,NaN,NaN,NaN,NaN,NaN,NaN
10,NaN,NaN,NaN,NaN,NaN,NaN,NaN,NaN
11,NaN,NaN,NaN,NaN,NaN,NaN,NaN,NaN
1,NaN,NaN,NaN,NaN,NaN,NaN,NaN,NaN
2,NaN,NaN,NaN,NaN,NaN,NaN,NaN,NaN
3,NaN,NaN,NaN,NaN,NaN,NaN,NaN,NaN
4,NaN,NaN,NaN,NaN,NaN,NaN,NaN,NaN
5,NaN,NaN,NaN,NaN,NaN,NaN,NaN,NaN
6,NaN,NaN,NaN,NaN,NaN,NaN,NaN,NaN
7,NaN,NaN,NaN,NaN,NaN,NaN,NaN,NaN
8,NaN,NaN,NaN,NaN,NaN,NaN,NaN,NaN
9,NaN,NaN,NaN,NaN,NaN,NaN,NaN,NaN
10,NaN,NaN,NaN,NaN,NaN,NaN,NaN,NaN
11,NaN,NaN,NaN,NaN,NaN,NaN,NaN,NaN
1,NaN,NaN,NaN,NaN,NaN,NaN,NaN,NaN
2,NaN,NaN,NaN,NaN,NaN,NaN,NaN,NaN
3,NaN,NaN,NaN,NaN,NaN,NaN,NaN,NaN
4,NaN,NaN,NaN,NaN,NaN,NaN,NaN,NaN
5,NaN,NaN,NaN,NaN,NaN,NaN,NaN,NaN
6,NaN,NaN,NaN,NaN,NaN,NaN,NaN,NaN
7,NaN,NaN,NaN,NaN,NaN,NaN,NaN,NaN
8,NaN,NaN,NaN,NaN,NaN,NaN,NaN,NaN
9,NaN,NaN,NaN,NaN,NaN,NaN,NaN,NaN
10,NaN,NaN,NaN,NaN,NaN,NaN,NaN,NaN
11,NaN,NaN,NaN,NaN,NaN,NaN,NaN,NaN
1,NaN,NaN,NaN,NaN,NaN,NaN,NaN,NaN
2,NaN,NaN,NaN,NaN,NaN,NaN,NaN,NaN
3,NaN,NaN,NaN,NaN,NaN,NaN,NaN,NaN
4,NaN,NaN,NaN,NaN,NaN,NaN,NaN,NaN
5,NaN,NaN,NaN,NaN,NaN,NaN,NaN,NaN
6,NaN,NaN,NaN,NaN,NaN,NaN,NaN,NaN
7,NaN,NaN,NaN,NaN,NaN,NaN,NaN,NaN
8,NaN,NaN,NaN,NaN,NaN,NaN,NaN,NaN
9,NaN,NaN,NaN,NaN,NaN,NaN,NaN,NaN
10,NaN,NaN,NaN,NaN,NaN,NaN,NaN,NaN
11,NaN,NaN,NaN,NaN,NaN,NaN,NaN,NaN
1,NaN,NaN,NaN,NaN,NaN,NaN,NaN,NaN
2,NaN,NaN,NaN,NaN,NaN,NaN,NaN,NaN
3,NaN,NaN,NaN,NaN,NaN,NaN,NaN,NaN
4,NaN,NaN,NaN,NaN,NaN,NaN,NaN,NaN
5,NaN,NaN,NaN,NaN,NaN,NaN,NaN,NaN
6,NaN,NaN,NaN,NaN,NaN,NaN,NaN,NaN
7,NaN,NaN,NaN,NaN,NaN,NaN,NaN,NaN
8,NaN,NaN,NaN,NaN,NaN,NaN,NaN,NaN
9,NaN,NaN,NaN,NaN,NaN,NaN,NaN,NaN
10,NaN,NaN,NaN,NaN,NaN,NaN,NaN,NaN
11,NaN,NaN,NaN,NaN,NaN,NaN,NaN,NaN
1,NaN,NaN,NaN,NaN,NaN,NaN,NaN,NaN
2,NaN,NaN,NaN,NaN,NaN,NaN,NaN,NaN
3,NaN,NaN,NaN,NaN,NaN,NaN,NaN,NaN
4,NaN,NaN,NaN,NaN,NaN,NaN,NaN,NaN
5,NaN,NaN,NaN,NaN,NaN,NaN,NaN,NaN
6,NaN,NaN,NaN,NaN,NaN,NaN,NaN,NaN
7,NaN,NaN,NaN,NaN,NaN,NaN,NaN,NaN
8,NaN,NaN,NaN,NaN,NaN,NaN,NaN,NaN
9,NaN,NaN,NaN,NaN,NaN,NaN,NaN,NaN
10,NaN,NaN,NaN,NaN,NaN,NaN,NaN,NaN
11,NaN,NaN,NaN,NaN,NaN,NaN,NaN,NaN
1,NaN,NaN,NaN,NaN,NaN,NaN,NaN,NaN
2,NaN,NaN,NaN,NaN,NaN,NaN,NaN,NaN
3,NaN,NaN,NaN,NaN,NaN,NaN,NaN,NaN
4,NaN,NaN,NaN,NaN,NaN,NaN,NaN,NaN
5,NaN,NaN,NaN,NaN,NaN,NaN,NaN,NaN
6,NaN,NaN,NaN,NaN,NaN,NaN,NaN,NaN
7,NaN,NaN,NaN,NaN,NaN,NaN,NaN,NaN
8,NaN,NaN,NaN,NaN,NaN,NaN,NaN,NaN
9,NaN,NaN,NaN,NaN,NaN,NaN,NaN,NaN
10,NaN,NaN,NaN,NaN,NaN,NaN,NaN,NaN
11,NaN,NaN,NaN,NaN,NaN,NaN,NaN,NaN
1,NaN,NaN,NaN,NaN,NaN,NaN,NaN,NaN
2,NaN,NaN,NaN,NaN,NaN,NaN,NaN,NaN
3,NaN,NaN,NaN,NaN,NaN,NaN,NaN,NaN
4,NaN,NaN,NaN,NaN,NaN,NaN,NaN,NaN
5,NaN,NaN,NaN,NaN,NaN,NaN,NaN,NaN
6,NaN,NaN,NaN,NaN,NaN,NaN,NaN,NaN
7,NaN,NaN,NaN,NaN,NaN,NaN,NaN,NaN
8,NaN,NaN,NaN,NaN,NaN,NaN,NaN,NaN
9,NaN,NaN,NaN,NaN,NaN,NaN,NaN,NaN
10,NaN,NaN,NaN,NaN,NaN,NaN,NaN,NaN
11,NaN,NaN,NaN,NaN,NaN,NaN,NaN,NaN
1,NaN,NaN,NaN,NaN,NaN,NaN,NaN,NaN
2,NaN,NaN,NaN,NaN,NaN,NaN,NaN,NaN
3,NaN,NaN,NaN,NaN,NaN,NaN,NaN,NaN
4,NaN,NaN,NaN,NaN,NaN,NaN,NaN,NaN
5,NaN,NaN,NaN,NaN,NaN,NaN,NaN,NaN
6,NaN,NaN,NaN,NaN,NaN,NaN,NaN,NaN
7,NaN,NaN,NaN,NaN,NaN,NaN,NaN,NaN
8,NaN,NaN,NaN,NaN,NaN,NaN,NaN,NaN
9,NaN,NaN,NaN,NaN,NaN,NaN,NaN,NaN
10,NaN,NaN,NaN,NaN,NaN,NaN,NaN,NaN
11,NaN,NaN,NaN,NaN,NaN,NaN,NaN,NaN
1,NaN,NaN,NaN,NaN,NaN,NaN,NaN,NaN
2,NaN,NaN,NaN,NaN,NaN,NaN,NaN,NaN
3,NaN,NaN,NaN,NaN,NaN,NaN,NaN,NaN
4,NaN,NaN,NaN,NaN,NaN,NaN,NaN,NaN
5,NaN,NaN,NaN,NaN,NaN,NaN,NaN,NaN
6,NaN,NaN,NaN,NaN,NaN,NaN,NaN,NaN
7,NaN,NaN,NaN,NaN,NaN,NaN,NaN,NaN
8,NaN,NaN,NaN,NaN,NaN,NaN,NaN,NaN
9,NaN,NaN,NaN,NaN,NaN,NaN,NaN,NaN
10,NaN,NaN,NaN,NaN,NaN,NaN,NaN,NaN
11,NaN,NaN,NaN,NaN,NaN,NaN,NaN,NaN
1,NaN,NaN,NaN,NaN,NaN,NaN,NaN,NaN
2,NaN,NaN,NaN,NaN,NaN,NaN,NaN,NaN
3,NaN,NaN,NaN,NaN,NaN,NaN,NaN,NaN
4,NaN,NaN,NaN,NaN,NaN,NaN,NaN,NaN
5,NaN,NaN,NaN,NaN,NaN,NaN,NaN,NaN
6,NaN,NaN,NaN,NaN,NaN,NaN,NaN,NaN
7,NaN,NaN,NaN,NaN,NaN,NaN,NaN,NaN
8,NaN,NaN,NaN,NaN,NaN,NaN,NaN,NaN
9,NaN,NaN,NaN,NaN,NaN,NaN,NaN,NaN
10,NaN,NaN,NaN,NaN,NaN,NaN,NaN,NaN
11,NaN,NaN,NaN,NaN,NaN,NaN,NaN,NaN
1,NaN,NaN,NaN,NaN,NaN,NaN,NaN,NaN
2,NaN,NaN,NaN,NaN,NaN,NaN,NaN,NaN
3,NaN,NaN,NaN,NaN,NaN,NaN,NaN,NaN
4,NaN,NaN,NaN,NaN,NaN,NaN,NaN,NaN
5,NaN,NaN,NaN,NaN,NaN,NaN,NaN,NaN
6,NaN,NaN,NaN,NaN,NaN,NaN,NaN,NaN
7,NaN,NaN,NaN,NaN,NaN,NaN,NaN,NaN
8,NaN,NaN,NaN,NaN,NaN,NaN,NaN,NaN
9,NaN,NaN,NaN,NaN,NaN,NaN,NaN,NaN
10,NaN,NaN,NaN,NaN,NaN,NaN,NaN,NaN
11,NaN,NaN,NaN,NaN,NaN,NaN,NaN,NaN
1,NaN,NaN,NaN,NaN,NaN,NaN,NaN,NaN
2,NaN,NaN,NaN,NaN,NaN,NaN,NaN,NaN
3,NaN,NaN,NaN,NaN,NaN,NaN,NaN,NaN
4,NaN,NaN,NaN,NaN,NaN,NaN,NaN,NaN
5,NaN,NaN,NaN,NaN,NaN,NaN,NaN,NaN
6,NaN,NaN,NaN,NaN,NaN,NaN,NaN,NaN
7,NaN,NaN,NaN,NaN,NaN,NaN,NaN,NaN
8,NaN,NaN,NaN,NaN,NaN,NaN,NaN,NaN
9,NaN,NaN,NaN,NaN,NaN,NaN,NaN,NaN
10,NaN,NaN,NaN,NaN,NaN,NaN,NaN,NaN
11,NaN,NaN,NaN,NaN,NaN,NaN,NaN,NaN
1,NaN,NaN,NaN,NaN,NaN,NaN,NaN,NaN
2,NaN,NaN,NaN,NaN,NaN,NaN,NaN,NaN
3,NaN,NaN,NaN,NaN,NaN,NaN,NaN,NaN
4,NaN,NaN,NaN,NaN,NaN,NaN,NaN,NaN
5,NaN,NaN,NaN,NaN,NaN,NaN,NaN,NaN
6,NaN,NaN,NaN,NaN,NaN,NaN,NaN,NaN
7,NaN,NaN,NaN,NaN,NaN,NaN,NaN,NaN
8,NaN,NaN,NaN,NaN,NaN,NaN,NaN,NaN
9,NaN,NaN,NaN,NaN,NaN,NaN,NaN,NaN
10,NaN,NaN,NaN,NaN,NaN,NaN,NaN,NaN
11,NaN,NaN,NaN,NaN,NaN,NaN,NaN,NaN
1,NaN,NaN,NaN,NaN,NaN,NaN,NaN,NaN
2,NaN,NaN,NaN,NaN,NaN,NaN,NaN,NaN
3,NaN,NaN,NaN,NaN,NaN,NaN,NaN,NaN
4,NaN,NaN,NaN,NaN,NaN,NaN,NaN,NaN
5,NaN,NaN,NaN,NaN,NaN,NaN,NaN,NaN
6,NaN,NaN,NaN,NaN,NaN,NaN,NaN,NaN
7,NaN,NaN,NaN,NaN,NaN,NaN,NaN,NaN
8,NaN,NaN,NaN,NaN,NaN,NaN,NaN,NaN
9,NaN,NaN,NaN,NaN,NaN,NaN,NaN,NaN
10,NaN,NaN,NaN,NaN,NaN,NaN,NaN,NaN
11,NaN,NaN,NaN,NaN,NaN,NaN,NaN,NaN
1,NaN,NaN,NaN,NaN,NaN,NaN,NaN,NaN
2,NaN,NaN,NaN,NaN,NaN,NaN,NaN,NaN
3,NaN,NaN,NaN,NaN,NaN,NaN,NaN,NaN
4,NaN,NaN,NaN,NaN,NaN,NaN,NaN,NaN
5,NaN,NaN,NaN,NaN,NaN,NaN,NaN,NaN
6,NaN,NaN,NaN,NaN,NaN,NaN,NaN,NaN
7,NaN,NaN,NaN,NaN,NaN,NaN,NaN,NaN
8,NaN,NaN,NaN,NaN,NaN,NaN,NaN,NaN
9,NaN,NaN,NaN,NaN,NaN,NaN,NaN,NaN
10,NaN,NaN,NaN,NaN,NaN,NaN,NaN,NaN
11,NaN,NaN,NaN,NaN,NaN,NaN,NaN,NaN
1,NaN,NaN,NaN,NaN,NaN,NaN,NaN,NaN
2,NaN,NaN,NaN,NaN,NaN,NaN,NaN,NaN
3,NaN,NaN,NaN,NaN,NaN,NaN,NaN,NaN
4,NaN,NaN,NaN,NaN,NaN,NaN,NaN,NaN
5,NaN,NaN,NaN,NaN,NaN,NaN,NaN,NaN
6,NaN,NaN,NaN,NaN,NaN,NaN,NaN,NaN
7,NaN,NaN,NaN,NaN,NaN,NaN,NaN,NaN
8,NaN,NaN,NaN,NaN,NaN,NaN,NaN,NaN
9,NaN,NaN,NaN,NaN,NaN,NaN,NaN,NaN
10,NaN,NaN,NaN,NaN,NaN,NaN,NaN,NaN
11,NaN,NaN,NaN,NaN,NaN,NaN,NaN,NaN
1,NaN,NaN,NaN,NaN,NaN,NaN,NaN,NaN
2,NaN,NaN,NaN,NaN,NaN,NaN,NaN,NaN
3,NaN,NaN,NaN,NaN,NaN,NaN,NaN,NaN
4,NaN,NaN,NaN,NaN,NaN,NaN,NaN,NaN
5,NaN,NaN,NaN,NaN,NaN,NaN,NaN,NaN
6,NaN,NaN,NaN,NaN,NaN,NaN,NaN,NaN
7,NaN,NaN,NaN,NaN,NaN,NaN,NaN,NaN
8,NaN,NaN,NaN,NaN,NaN,NaN,NaN,NaN
9,NaN,NaN,NaN,NaN,NaN,NaN,NaN,NaN
10,NaN,NaN,NaN,NaN,NaN,NaN,NaN,NaN
11,NaN,NaN,NaN,NaN,NaN,NaN,NaN,NaN
1,NaN,NaN,NaN,NaN,NaN,NaN,NaN,NaN
2,NaN,NaN,NaN,NaN,NaN,NaN,NaN,NaN
3,NaN,NaN,NaN,NaN,NaN,NaN,NaN,NaN
4,NaN,NaN,NaN,NaN,NaN,NaN,NaN,NaN
5,NaN,NaN,NaN,NaN,NaN,NaN,NaN,NaN
6,NaN,NaN,NaN,NaN,NaN,NaN,NaN,NaN
7,NaN,NaN,NaN,NaN,NaN,NaN,NaN,NaN
8,NaN,NaN,NaN,NaN,NaN,NaN,NaN,NaN
9,NaN,NaN,NaN,NaN,NaN,NaN,NaN,NaN
10,NaN,NaN,NaN,NaN,NaN,NaN,NaN,NaN
11,NaN,NaN,NaN,NaN,NaN,NaN,NaN,NaN
1,NaN,NaN,NaN,NaN,NaN,NaN,NaN,NaN
2,NaN,NaN,NaN,NaN,NaN,NaN,NaN,NaN
3,NaN,NaN,NaN,NaN,NaN,NaN,NaN,NaN
4,NaN,NaN,NaN,NaN,NaN,NaN,NaN,NaN
5,NaN,NaN,NaN,NaN,NaN,NaN,NaN,NaN
6,NaN,NaN,NaN,NaN,NaN,NaN,NaN,NaN
7,NaN,NaN,NaN,NaN,NaN,NaN,NaN,NaN
8,NaN,NaN,NaN,NaN,NaN,NaN,NaN,NaN
9,NaN,NaN,NaN,NaN,NaN,NaN,NaN,NaN
10,NaN,NaN,NaN,NaN,NaN,NaN,NaN,NaN
11,NaN,NaN,NaN,NaN,NaN,NaN,NaN,NaN
1,NaN,NaN,NaN,NaN,NaN,NaN,NaN,NaN
2,NaN,NaN,NaN,NaN,NaN,NaN,NaN,NaN
3,NaN,NaN,NaN,NaN,NaN,NaN,NaN,NaN
4,NaN,NaN,NaN,NaN,NaN,NaN,NaN,NaN
5,NaN,NaN,NaN,NaN,NaN,NaN,NaN,NaN
6,NaN,NaN,NaN,NaN,NaN,NaN,NaN,NaN
7,NaN,NaN,NaN,NaN,NaN,NaN,NaN,NaN
8,NaN,NaN,NaN,NaN,NaN,NaN,NaN,NaN
9,NaN,NaN,NaN,NaN,NaN,NaN,NaN,NaN
10,NaN,NaN,NaN,NaN,NaN,NaN,NaN,NaN
11,NaN,NaN,NaN,NaN,NaN,NaN,NaN,NaN
1,NaN,NaN,NaN,NaN,NaN,NaN,NaN,NaN
2,NaN,NaN,NaN,NaN,NaN,NaN,NaN,NaN
3,NaN,NaN,NaN,NaN,NaN,NaN,NaN,NaN
4,NaN,NaN,NaN,NaN,NaN,NaN,NaN,NaN
5,NaN,NaN,NaN,NaN,NaN,NaN,NaN,NaN
6,NaN,NaN,NaN,NaN,NaN,NaN,NaN,NaN
7,NaN,NaN,NaN,NaN,NaN,NaN,NaN,NaN
8,NaN,NaN,NaN,NaN,NaN,NaN,NaN,NaN
9,NaN,NaN,NaN,NaN,NaN,NaN,NaN,NaN
10,NaN,NaN,NaN,NaN,NaN,NaN,NaN,NaN
11,NaN,NaN,NaN,NaN,NaN,NaN,NaN,NaN
1,NaN,NaN,NaN,NaN,NaN,NaN,NaN,NaN
2,NaN,NaN,NaN,NaN,NaN,NaN,NaN,NaN
3,NaN,NaN,NaN,NaN,NaN,NaN,NaN,NaN
4,NaN,NaN,NaN,NaN,NaN,NaN,NaN,NaN
5,NaN,NaN,NaN,NaN,NaN,NaN,NaN,NaN
6,NaN,NaN,NaN,NaN,NaN,NaN,NaN,NaN
7,NaN,NaN,NaN,NaN,NaN,NaN,NaN,NaN
8,NaN,NaN,NaN,NaN,NaN,NaN,NaN,NaN
9,NaN,NaN,NaN,NaN,NaN,NaN,NaN,NaN
10,NaN,NaN,NaN,NaN,NaN,NaN,NaN,NaN
11,NaN,NaN,NaN,NaN,NaN,NaN,NaN,NaN
1,NaN,NaN,NaN,NaN,NaN,NaN,NaN,NaN
2,NaN,NaN,NaN,NaN,NaN,NaN,NaN,NaN
3,NaN,NaN,NaN,NaN,NaN,NaN,NaN,NaN
4,NaN,NaN,NaN,NaN,NaN,NaN,NaN,NaN
5,NaN,NaN,NaN,NaN,NaN,NaN,NaN,NaN
6,NaN,NaN,NaN,NaN,NaN,NaN,NaN,NaN
7,NaN,NaN,NaN,NaN,NaN,NaN,NaN,NaN
8,NaN,NaN,NaN,NaN,NaN,NaN,NaN,NaN
9,NaN,NaN,NaN,NaN,NaN,NaN,NaN,NaN
10,NaN,NaN,NaN,NaN,NaN,NaN,NaN,NaN
11,NaN,NaN,NaN,NaN,NaN,NaN,NaN,NaN
1,NaN,NaN,NaN,NaN,NaN,NaN,NaN,NaN
2,NaN,NaN,NaN,NaN,NaN,NaN,NaN,NaN
3,NaN,NaN,NaN,NaN,NaN,NaN,NaN,NaN
4,NaN,NaN,NaN,NaN,NaN,NaN,NaN,NaN
5,NaN,NaN,NaN,NaN,NaN,NaN,NaN,NaN
6,NaN,NaN,NaN,NaN,NaN,NaN,NaN,NaN
7,NaN,NaN,NaN,NaN,NaN,NaN,NaN,NaN
8,NaN,NaN,NaN,NaN,NaN,NaN,NaN,NaN
9,NaN,NaN,NaN,NaN,NaN,NaN,NaN,NaN
10,NaN,NaN,NaN,NaN,NaN,NaN,NaN,NaN
11,NaN,NaN,NaN,NaN,NaN,NaN,NaN,NaN
1,NaN,NaN,NaN,NaN,NaN,NaN,NaN,NaN
2,NaN,NaN,NaN,NaN,NaN,NaN,NaN,NaN
3,NaN,NaN,NaN,NaN,NaN,NaN,NaN,NaN
4,NaN,NaN,NaN,NaN,NaN,NaN,NaN,NaN
5,NaN,NaN,NaN,NaN,NaN,NaN,NaN,NaN
6,NaN,NaN,NaN,NaN,NaN,NaN,NaN,NaN
7,NaN,NaN,NaN,NaN,NaN,NaN,NaN,NaN
8,NaN,NaN,NaN,NaN,NaN,NaN,NaN,NaN
9,NaN,NaN,NaN,NaN,NaN,NaN,NaN,NaN
10,NaN,NaN,NaN,NaN,NaN,NaN,NaN,NaN
11,NaN,NaN,NaN,NaN,NaN,NaN,NaN,NaN
1,NaN,NaN,NaN,NaN,NaN,NaN,NaN,NaN
2,NaN,NaN,NaN,NaN,NaN,NaN,NaN,NaN
3,NaN,NaN,NaN,NaN,NaN,NaN,NaN,NaN
4,NaN,NaN,NaN,NaN,NaN,NaN,NaN,NaN
5,NaN,NaN,NaN,NaN,NaN,NaN,NaN,NaN
6,NaN,NaN,NaN,NaN,NaN,NaN,NaN,NaN
7,NaN,NaN,NaN,NaN,NaN,NaN,NaN,NaN
8,NaN,NaN,NaN,NaN,NaN,NaN,NaN,NaN
9,NaN,NaN,NaN,NaN,NaN,NaN,NaN,NaN
10,NaN,NaN,NaN,NaN,NaN,NaN,NaN,NaN
11,NaN,NaN,NaN,NaN,NaN,NaN,NaN,NaN
1,NaN,NaN,NaN,NaN,NaN,NaN,NaN,NaN
2,NaN,NaN,NaN,NaN,NaN,NaN,NaN,NaN
3,NaN,NaN,NaN,NaN,NaN,NaN,NaN,NaN
4,NaN,NaN,NaN,NaN,NaN,NaN,NaN,NaN
5,NaN,NaN,NaN,NaN,NaN,NaN,NaN,NaN
6,NaN,NaN,NaN,NaN,NaN,NaN,NaN,NaN
7,NaN,NaN,NaN,NaN,NaN,NaN,NaN,NaN
8,NaN,NaN,NaN,NaN,NaN,NaN,NaN,NaN
9,NaN,NaN,NaN,NaN,NaN,NaN,NaN,NaN
10,NaN,NaN,NaN,NaN,NaN,NaN,NaN,NaN
11,NaN,NaN,NaN,NaN,NaN,NaN,NaN,NaN
1,NaN,NaN,NaN,NaN,NaN,NaN,NaN,NaN
2,NaN,NaN,NaN,NaN,NaN,NaN,NaN,NaN
3,NaN,NaN,NaN,NaN,NaN,NaN,NaN,NaN
4,NaN,NaN,NaN,NaN,NaN,NaN,NaN,NaN
5,NaN,NaN,NaN,NaN,NaN,NaN,NaN,NaN
6,NaN,NaN,NaN,NaN,NaN,NaN,NaN,NaN
7,NaN,NaN,NaN,NaN,NaN,NaN,NaN,NaN
8,NaN,NaN,NaN,NaN,NaN,NaN,NaN,NaN
9,NaN,NaN,NaN,NaN,NaN,NaN,NaN,NaN
10,NaN,NaN,NaN,NaN,NaN,NaN,NaN,NaN
11,NaN,NaN,NaN,NaN,NaN,NaN,NaN,NaN
1,NaN,NaN,NaN,NaN,NaN,NaN,NaN,NaN
2,NaN,NaN,NaN,NaN,NaN,NaN,NaN,NaN
3,NaN,NaN,NaN,NaN,NaN,NaN,NaN,NaN
4,NaN,NaN,NaN,NaN,NaN,NaN,NaN,NaN
5,NaN,NaN,NaN,NaN,NaN,NaN,NaN,NaN
6,NaN,NaN,NaN,NaN,NaN,NaN,NaN,NaN
7,NaN,NaN,NaN,NaN,NaN,NaN,NaN,NaN
8,NaN,NaN,NaN,NaN,NaN,NaN,NaN,NaN
9,NaN,NaN,NaN,NaN,NaN,NaN,NaN,NaN
10,NaN,NaN,NaN,NaN,NaN,NaN,NaN,NaN
11,NaN,NaN,NaN,NaN,NaN,NaN,NaN,NaN
1,NaN,NaN,NaN,NaN,NaN,NaN,NaN,NaN
2,NaN,NaN,NaN,NaN,NaN,NaN,NaN,NaN
3,NaN,NaN,NaN,NaN,NaN,NaN,NaN,NaN
4,NaN,NaN,NaN,NaN,NaN,NaN,NaN,NaN
5,NaN,NaN,NaN,NaN,NaN,NaN,NaN,NaN
6,NaN,NaN,NaN,NaN,NaN,NaN,NaN,NaN
7,NaN,NaN,NaN,NaN,NaN,NaN,NaN,NaN
8,NaN,NaN,NaN,NaN,NaN,NaN,NaN,NaN
9,NaN,NaN,NaN,NaN,NaN,NaN,NaN,NaN
10,NaN,NaN,NaN,NaN,NaN,NaN,NaN,NaN
11,NaN,NaN,NaN,NaN,NaN,NaN,NaN,NaN
1,NaN,NaN,NaN,NaN,NaN,NaN,NaN,NaN
2,NaN,NaN,NaN,NaN,NaN,NaN,NaN,NaN
3,NaN,NaN,NaN,NaN,NaN,NaN,NaN,NaN
4,NaN,NaN,NaN,NaN,NaN,NaN,NaN,NaN
5,NaN,NaN,NaN,NaN,NaN,NaN,NaN,NaN
6,NaN,NaN,NaN,NaN,NaN,NaN,NaN,NaN
7,NaN,NaN,NaN,NaN,NaN,NaN,NaN,NaN
8,NaN,NaN,NaN,NaN,NaN,NaN,NaN,NaN
9,NaN,NaN,NaN,NaN,NaN,NaN,NaN,NaN
10,NaN,NaN,NaN,NaN,NaN,NaN,NaN,NaN
11,NaN,NaN,NaN,NaN,NaN,NaN,NaN,NaN
1,NaN,NaN,NaN,NaN,NaN,NaN,NaN,NaN
2,NaN,NaN,NaN,NaN,NaN,NaN,NaN,NaN
3,NaN,NaN,NaN,NaN,NaN,NaN,NaN,NaN
4,NaN,NaN,NaN,NaN,NaN,NaN,NaN,NaN
5,NaN,NaN,NaN,NaN,NaN,NaN,NaN,NaN
6,NaN,NaN,NaN,NaN,NaN,NaN,NaN,NaN
7,NaN,NaN,NaN,NaN,NaN,NaN,NaN,NaN
8,NaN,NaN,NaN,NaN,NaN,NaN,NaN,NaN
9,NaN,NaN,NaN,NaN,NaN,NaN,NaN,NaN
10,NaN,NaN,NaN,NaN,NaN,NaN,NaN,NaN
11,NaN,NaN,NaN,NaN,NaN,NaN,NaN,NaN
1,NaN,NaN,NaN,NaN,NaN,NaN,NaN,NaN
2,NaN,NaN,NaN,NaN,NaN,NaN,NaN,NaN
3,NaN,NaN,NaN,NaN,NaN,NaN,NaN,NaN
4,NaN,NaN,NaN,NaN,NaN,NaN,NaN,NaN
5,NaN,NaN,NaN,NaN,NaN,NaN,NaN,NaN
6,NaN,NaN,NaN,NaN,NaN,NaN,NaN,NaN
7,NaN,NaN,NaN,NaN,NaN,NaN,NaN,NaN
8,NaN,NaN,NaN,NaN,NaN,NaN,NaN,NaN
9,NaN,NaN,NaN,NaN,NaN,NaN,NaN,NaN
10,NaN,NaN,NaN,NaN,NaN,NaN,NaN,NaN
11,NaN,NaN,NaN,NaN,NaN,NaN,NaN,NaN
1,NaN,NaN,NaN,NaN,NaN,NaN,NaN,NaN
2,NaN,NaN,NaN,NaN,NaN,NaN,NaN,NaN
3,NaN,NaN,NaN,NaN,NaN,NaN,NaN,NaN
4,NaN,NaN,NaN,NaN,NaN,NaN,NaN,NaN
5,NaN,NaN,NaN,NaN,NaN,NaN,NaN,NaN
6,NaN,NaN,NaN,NaN,NaN,NaN,NaN,NaN
7,NaN,NaN,NaN,NaN,NaN,NaN,NaN,NaN
8,NaN,NaN,NaN,NaN,NaN,NaN,NaN,NaN
9,NaN,NaN,NaN,NaN,NaN,NaN,NaN,NaN
10,NaN,NaN,NaN,NaN,NaN,NaN,NaN,NaN
11,NaN,NaN,NaN,NaN,NaN,NaN,NaN,NaN
1,NaN,NaN,NaN,NaN,NaN,NaN,NaN,NaN
2,NaN,NaN,NaN,NaN,NaN,NaN,NaN,NaN
3,NaN,NaN,NaN,NaN,NaN,NaN,NaN,NaN
4,NaN,NaN,NaN,NaN,NaN,NaN,NaN,NaN
5,NaN,NaN,NaN,NaN,NaN,NaN,NaN,NaN
6,NaN,NaN,NaN,NaN,NaN,NaN,NaN,NaN
7,NaN,NaN,NaN,NaN,NaN,NaN,NaN,NaN
8,NaN,NaN,NaN,NaN,NaN,NaN,NaN,NaN
9,NaN,NaN,NaN,NaN,NaN,NaN,NaN,NaN
10,NaN,NaN,NaN,NaN,NaN,NaN,NaN,NaN
11,NaN,NaN,NaN,NaN,NaN,NaN,NaN,NaN
1,NaN,NaN,NaN,NaN,NaN,NaN,NaN,NaN
2,NaN,NaN,NaN,NaN,NaN,NaN,NaN,NaN
3,NaN,NaN,NaN,NaN,NaN,NaN,NaN,NaN
4,NaN,NaN,NaN,NaN,NaN,NaN,NaN,NaN
5,NaN,NaN,NaN,NaN,NaN,NaN,NaN,NaN
6,NaN,NaN,NaN,NaN,NaN,NaN,NaN,NaN
7,NaN,NaN,NaN,NaN,NaN,NaN,NaN,NaN
8,NaN,NaN,NaN,NaN,NaN,NaN,NaN,NaN
9,NaN,NaN,NaN,NaN,NaN,NaN,NaN,NaN
10,NaN,NaN,NaN,NaN,NaN,NaN,NaN,NaN
11,NaN,NaN,NaN,NaN,NaN,NaN,NaN,NaN
1,NaN,NaN,NaN,NaN,NaN,NaN,NaN,NaN
2,NaN,NaN,NaN,NaN,NaN,NaN,NaN,NaN
3,NaN,NaN,NaN,NaN,NaN,NaN,NaN,NaN
4,NaN,NaN,NaN,NaN,NaN,NaN,NaN,NaN
5,NaN,NaN,NaN,NaN,NaN,NaN,NaN,NaN
6,NaN,NaN,NaN,NaN,NaN,NaN,NaN,NaN
7,NaN,NaN,NaN,NaN,NaN,NaN,NaN,NaN
8,NaN,NaN,NaN,NaN,NaN,NaN,NaN,NaN
9,NaN,NaN,NaN,NaN,NaN,NaN,NaN,NaN
10,NaN,NaN,NaN,NaN,NaN,NaN,NaN,NaN
11,NaN,NaN,NaN,NaN,NaN,NaN,NaN,NaN
1,NaN,NaN,NaN,NaN,NaN,NaN,NaN,NaN
2,NaN,NaN,NaN,NaN,NaN,NaN,NaN,NaN
3,NaN,NaN,NaN,NaN,NaN,NaN,NaN,NaN
4,NaN,NaN,NaN,NaN,NaN,NaN,NaN,NaN
5,NaN,NaN,NaN,NaN,NaN,NaN,NaN,NaN
6,NaN,NaN,NaN,NaN,NaN,NaN,NaN,NaN
7,NaN,NaN,NaN,NaN,NaN,NaN,NaN,NaN
8,NaN,NaN,NaN,NaN,NaN,NaN,NaN,NaN
9,NaN,NaN,NaN,NaN,NaN,NaN,NaN,NaN
10,NaN,NaN,NaN,NaN,NaN,NaN,NaN,NaN
11,NaN,NaN,NaN,NaN,NaN,NaN,NaN,NaN
1,NaN,NaN,NaN,NaN,NaN,NaN,NaN,NaN
2,NaN,NaN,NaN,NaN,NaN,NaN,NaN,NaN
3,NaN,NaN,NaN,NaN,NaN,NaN,NaN,NaN
4,NaN,NaN,NaN,NaN,NaN,NaN,NaN,NaN
5,NaN,NaN,NaN,NaN,NaN,NaN,NaN,NaN
6,NaN,NaN,NaN,NaN,NaN,NaN,NaN,NaN
7,NaN,NaN,NaN,NaN,NaN,NaN,NaN,NaN
8,NaN,NaN,NaN,NaN,NaN,NaN,NaN,NaN
9,NaN,NaN,NaN,NaN,NaN,NaN,NaN,NaN
10,NaN,NaN,NaN,NaN,NaN,NaN,NaN,NaN
11,NaN,NaN,NaN,NaN,NaN,NaN,NaN,NaN
1,NaN,NaN,NaN,NaN,NaN,NaN,NaN,NaN
2,NaN,NaN,NaN,NaN,NaN,NaN,NaN,NaN
3,NaN,NaN,NaN,NaN,NaN,NaN,NaN,NaN
4,NaN,NaN,NaN,NaN,NaN,NaN,NaN,NaN
5,NaN,NaN,NaN,NaN,NaN,NaN,NaN,NaN
6,NaN,NaN,NaN,NaN,NaN,NaN,NaN,NaN
7,NaN,NaN,NaN,NaN,NaN,NaN,NaN,NaN
8,NaN,NaN,NaN,NaN,NaN,NaN,NaN,NaN
9,NaN,NaN,NaN,NaN,NaN,NaN,NaN,NaN
10,NaN,NaN,NaN,NaN,NaN,NaN,NaN,NaN
11,NaN,NaN,NaN,NaN,NaN,NaN,NaN,NaN
1,NaN,NaN,NaN,NaN,NaN,NaN,NaN,NaN
2,NaN,NaN,NaN,NaN,NaN,NaN,NaN,NaN
3,NaN,NaN,NaN,NaN,NaN,NaN,NaN,NaN
4,NaN,NaN,NaN,NaN,NaN,NaN,NaN,NaN
5,NaN,NaN,NaN,NaN,NaN,NaN,NaN,NaN
6,NaN,NaN,NaN,NaN,NaN,NaN,NaN,NaN
7,NaN,NaN,NaN,NaN,NaN,NaN,NaN,NaN
8,NaN,NaN,NaN,NaN,NaN,NaN,NaN,NaN
9,NaN,NaN,NaN,NaN,NaN,NaN,NaN,NaN
10,NaN,NaN,NaN,NaN,NaN,NaN,NaN,NaN
11,NaN,NaN,NaN,NaN,NaN,NaN,NaN,NaN
1,NaN,NaN,NaN,NaN,NaN,NaN,NaN,NaN
2,NaN,NaN,NaN,NaN,NaN,NaN,NaN,NaN
3,NaN,NaN,NaN,NaN,NaN,NaN,NaN,NaN
4,NaN,NaN,NaN,NaN,NaN,NaN,NaN,NaN
5,NaN,NaN,NaN,NaN,NaN,NaN,NaN,NaN
6,NaN,NaN,NaN,NaN,NaN,NaN,NaN,NaN
7,NaN,NaN,NaN,NaN,NaN,NaN,NaN,NaN
8,NaN,NaN,NaN,NaN,NaN,NaN,NaN,NaN
9,NaN,NaN,NaN,NaN,NaN,NaN,NaN,NaN
10,NaN,NaN,NaN,NaN,NaN,NaN,NaN,NaN
11,NaN,NaN,NaN,NaN,NaN,NaN,NaN,NaN
1,NaN,NaN,NaN,NaN,NaN,NaN,NaN,NaN
2,NaN,NaN,NaN,NaN,NaN,NaN,NaN,NaN
3,NaN,NaN,NaN,NaN,NaN,NaN,NaN,NaN
4,NaN,NaN,NaN,NaN,NaN,NaN,NaN,NaN
5,NaN,NaN,NaN,NaN,NaN,NaN,NaN,NaN
6,NaN,NaN,NaN,NaN,NaN,NaN,NaN,NaN
7,NaN,NaN,NaN,NaN,NaN,NaN,NaN,NaN
8,NaN,NaN,NaN,NaN,NaN,NaN,NaN,NaN
9,NaN,NaN,NaN,NaN,NaN,NaN,NaN,NaN
10,NaN,NaN,NaN,NaN,NaN,NaN,NaN,NaN
11,NaN,NaN,NaN,NaN,NaN,NaN,NaN,NaN
1,NaN,NaN,NaN,NaN,NaN,NaN,NaN,NaN
2,NaN,NaN,NaN,NaN,NaN,NaN,NaN,NaN
3,NaN,NaN,NaN,NaN,NaN,NaN,NaN,NaN
4,NaN,NaN,NaN,NaN,NaN,NaN,NaN,NaN
5,NaN,NaN,NaN,NaN,NaN,NaN,NaN,NaN
6,NaN,NaN,NaN,NaN,NaN,NaN,NaN,NaN
7,NaN,NaN,NaN,NaN,NaN,NaN,NaN,NaN
8,NaN,NaN,NaN,NaN,NaN,NaN,NaN,NaN
9,NaN,NaN,NaN,NaN,NaN,NaN,NaN,NaN
10,NaN,NaN,NaN,NaN,NaN,NaN,NaN,NaN
11,NaN,NaN,NaN,NaN,NaN,NaN,NaN,NaN
1,NaN,NaN,NaN,NaN,NaN,NaN,NaN,NaN
2,NaN,NaN,NaN,NaN,NaN,NaN,NaN,NaN
3,NaN,NaN,NaN,NaN,NaN,NaN,NaN,NaN
4,NaN,NaN,NaN,NaN,NaN,NaN,NaN,NaN
5,NaN,NaN,NaN,NaN,NaN,NaN,NaN,NaN
6,NaN,NaN,NaN,NaN,NaN,NaN,NaN,NaN
7,NaN,NaN,NaN,NaN,NaN,NaN,NaN,NaN
8,NaN,NaN,NaN,NaN,NaN,NaN,NaN,NaN
9,NaN,NaN,NaN,NaN,NaN,NaN,NaN,NaN
10,NaN,NaN,NaN,NaN,NaN,NaN,NaN,NaN
11,NaN,NaN,NaN,NaN,NaN,NaN,NaN,NaN
1,NaN,NaN,NaN,NaN,NaN,NaN,NaN,NaN
2,NaN,NaN,NaN,NaN,NaN,NaN,NaN,NaN
3,NaN,NaN,NaN,NaN,NaN,NaN,NaN,NaN
4,NaN,NaN,NaN,NaN,NaN,NaN,NaN,NaN
5,NaN,NaN,NaN,NaN,NaN,NaN,NaN,NaN
6,NaN,NaN,NaN,NaN,NaN,NaN,NaN,NaN
7,NaN,NaN,NaN,NaN,NaN,NaN,NaN,NaN
8,NaN,NaN,NaN,NaN,NaN,NaN,NaN,NaN
9,NaN,NaN,NaN,NaN,NaN,NaN,NaN,NaN
10,NaN,NaN,NaN,NaN,NaN,NaN,NaN,NaN
11,NaN,NaN,NaN,NaN,NaN,NaN,NaN,NaN
1,NaN,NaN,NaN,NaN,NaN,NaN,NaN,NaN
2,NaN,NaN,NaN,NaN,NaN,NaN,NaN,NaN
3,NaN,NaN,NaN,NaN,NaN,NaN,NaN,NaN
4,NaN,NaN,NaN,NaN,NaN,NaN,NaN,NaN
5,NaN,NaN,NaN,NaN,NaN,NaN,NaN,NaN
6,NaN,NaN,NaN,NaN,NaN,NaN,NaN,NaN
7,NaN,NaN,NaN,NaN,NaN,NaN,NaN,NaN
8,NaN,NaN,NaN,NaN,NaN,NaN,NaN,NaN
9,NaN,NaN,NaN,NaN,NaN,NaN,NaN,NaN
10,NaN,NaN,NaN,NaN,NaN,NaN,NaN,NaN
11,NaN,NaN,NaN,NaN,NaN,NaN,NaN,NaN
1,NaN,NaN,NaN,NaN,NaN,NaN,NaN,NaN
2,NaN,NaN,NaN,NaN,NaN,NaN,NaN,NaN
3,NaN,NaN,NaN,NaN,NaN,NaN,NaN,NaN
4,NaN,NaN,NaN,NaN,NaN,NaN,NaN,NaN
5,NaN,NaN,NaN,NaN,NaN,NaN,NaN,NaN
6,NaN,NaN,NaN,NaN,NaN,NaN,NaN,NaN
7,NaN,NaN,NaN,NaN,NaN,NaN,NaN,NaN
8,NaN,NaN,NaN,NaN,NaN,NaN,NaN,NaN
9,NaN,NaN,NaN,NaN,NaN,NaN,NaN,NaN
10,NaN,NaN,NaN,NaN,NaN,NaN,NaN,NaN
11,NaN,NaN,NaN,NaN,NaN,NaN,NaN,NaN
1,NaN,NaN,NaN,NaN,NaN,NaN,NaN,NaN
2,NaN,NaN,NaN,NaN,NaN,NaN,NaN,NaN
3,NaN,NaN,NaN,NaN,NaN,NaN,NaN,NaN
4,NaN,NaN,NaN,NaN,NaN,NaN,NaN,NaN
5,NaN,NaN,NaN,NaN,NaN,NaN,NaN,NaN
6,NaN,NaN,NaN,NaN,NaN,NaN,NaN,NaN
7,NaN,NaN,NaN,NaN,NaN,NaN,NaN,NaN
8,NaN,NaN,NaN,NaN,NaN,NaN,NaN,NaN
9,NaN,NaN,NaN,NaN,NaN,NaN,NaN,NaN
10,NaN,NaN,NaN,NaN,NaN,NaN,NaN,NaN
11,NaN,NaN,NaN,NaN,NaN,NaN,NaN,NaN
1,NaN,NaN,NaN,NaN,NaN,NaN,NaN,NaN
2,NaN,NaN,NaN,NaN,NaN,NaN,NaN,NaN
3,NaN,NaN,NaN,NaN,NaN,NaN,NaN,NaN
4,NaN,NaN,NaN,NaN,NaN,NaN,NaN,NaN
5,NaN,NaN,NaN,NaN,NaN,NaN,NaN,NaN
6,NaN,NaN,NaN,NaN,NaN,NaN,NaN,NaN
7,NaN,NaN,NaN,NaN,NaN,NaN,NaN,NaN
8,NaN,NaN,NaN,NaN,NaN,NaN,NaN,NaN
9,NaN,NaN,NaN,NaN,NaN,NaN,NaN,NaN
10,NaN,NaN,NaN,NaN,NaN,NaN,NaN,NaN
11,NaN,NaN,NaN,NaN,NaN,NaN,NaN,NaN
1,NaN,NaN,NaN,NaN,NaN,NaN,NaN,NaN
2,NaN,NaN,NaN,NaN,NaN,NaN,NaN,NaN
3,NaN,NaN,NaN,NaN,NaN,NaN,NaN,NaN
4,NaN,NaN,NaN,NaN,NaN,NaN,NaN,NaN
5,NaN,NaN,NaN,NaN,NaN,NaN,NaN,NaN
6,NaN,NaN,NaN,NaN,NaN,NaN,NaN,NaN
7,NaN,NaN,NaN,NaN,NaN,NaN,NaN,NaN
8,NaN,NaN,NaN,NaN,NaN,NaN,NaN,NaN
9,NaN,NaN,NaN,NaN,NaN,NaN,NaN,NaN
10,NaN,NaN,NaN,NaN,NaN,NaN,NaN,NaN
11,NaN,NaN,NaN,NaN,NaN,NaN,NaN,NaN
1,NaN,NaN,NaN,NaN,NaN,NaN,NaN,NaN
2,NaN,NaN,NaN,NaN,NaN,NaN,NaN,NaN
3,NaN,NaN,NaN,NaN,NaN,NaN,NaN,NaN
4,NaN,NaN,NaN,NaN,NaN,NaN,NaN,NaN
5,NaN,NaN,NaN,NaN,NaN,NaN,NaN,NaN
6,NaN,NaN,NaN,NaN,NaN,NaN,NaN,NaN
7,NaN,NaN,NaN,NaN,NaN,NaN,NaN,NaN
8,NaN,NaN,NaN,NaN,NaN,NaN,NaN,NaN
9,NaN,NaN,NaN,NaN,NaN,NaN,NaN,NaN
10,NaN,NaN,NaN,NaN,NaN,NaN,NaN,NaN
11,NaN,NaN,NaN,NaN,NaN,NaN,NaN,NaN
1,NaN,NaN,NaN,NaN,NaN,NaN,NaN,NaN
2,NaN,NaN,NaN,NaN,NaN,NaN,NaN,NaN
3,NaN,NaN,NaN,NaN,NaN,NaN,NaN,NaN
4,NaN,NaN,NaN,NaN,NaN,NaN,NaN,NaN
5,NaN,NaN,NaN,NaN,NaN,NaN,NaN,NaN
6,NaN,NaN,NaN,NaN,NaN,NaN,NaN,NaN
7,NaN,NaN,NaN,NaN,NaN,NaN,NaN,NaN
8,NaN,NaN,NaN,NaN,NaN,NaN,NaN,NaN
9,NaN,NaN,NaN,NaN,NaN,NaN,NaN,NaN
10,NaN,NaN,NaN,NaN,NaN,NaN,NaN,NaN
11,NaN,NaN,NaN,NaN,NaN,NaN,NaN,NaN
1,NaN,NaN,NaN,NaN,NaN,NaN,NaN,NaN
2,NaN,NaN,NaN,NaN,NaN,NaN,NaN,NaN
3,NaN,NaN,NaN,NaN,NaN,NaN,NaN,NaN
4,NaN,NaN,NaN,NaN,NaN,NaN,NaN,NaN
5,NaN,NaN,NaN,NaN,NaN,NaN,NaN,NaN
6,NaN,NaN,NaN,NaN,NaN,NaN,NaN,NaN
7,NaN,NaN,NaN,NaN,NaN,NaN,NaN,NaN
8,NaN,NaN,NaN,NaN,NaN,NaN,NaN,NaN
9,NaN,NaN,NaN,NaN,NaN,NaN,NaN,NaN
10,NaN,NaN,NaN,NaN,NaN,NaN,NaN,NaN
11,NaN,NaN,NaN,NaN,NaN,NaN,NaN,NaN
1,NaN,NaN,NaN,NaN,NaN,NaN,NaN,NaN
2,NaN,NaN,NaN,NaN,NaN,NaN,NaN,NaN
3,NaN,NaN,NaN,NaN,NaN,NaN,NaN,NaN
4,NaN,NaN,NaN,NaN,NaN,NaN,NaN,NaN
5,NaN,NaN,NaN,NaN,NaN,NaN,NaN,NaN
6,NaN,NaN,NaN,NaN,NaN,NaN,NaN,NaN
7,NaN,NaN,NaN,NaN,NaN,NaN,NaN,NaN
8,NaN,NaN,NaN,NaN,NaN,NaN,NaN,NaN
9,NaN,NaN,NaN,NaN,NaN,NaN,NaN,NaN
10,NaN,NaN,NaN,NaN,NaN,NaN,NaN,NaN
11,NaN,NaN,NaN,NaN,NaN,NaN,NaN,NaN
1,NaN,NaN,NaN,NaN,NaN,NaN,NaN,NaN
2,NaN,NaN,NaN,NaN,NaN,NaN,NaN,NaN
3,NaN,NaN,NaN,NaN,NaN,NaN,NaN,NaN
4,NaN,NaN,NaN,NaN,NaN,NaN,NaN,NaN
5,NaN,NaN,NaN,NaN,NaN,NaN,NaN,NaN
6,NaN,NaN,NaN,NaN,NaN,NaN,NaN,NaN
7,NaN,NaN,NaN,NaN,NaN,NaN,NaN,NaN
8,NaN,NaN,NaN,NaN,NaN,NaN,NaN,NaN
9,NaN,NaN,NaN,NaN,NaN,NaN,NaN,NaN
10,NaN,NaN,NaN,NaN,NaN,NaN,NaN,NaN
11,NaN,NaN,NaN,NaN,NaN,NaN,NaN,NaN
1,NaN,NaN,NaN,NaN,NaN,NaN,NaN,NaN
2,NaN,NaN,NaN,NaN,NaN,NaN,NaN,NaN
3,NaN,NaN,NaN,NaN,NaN,NaN,NaN,NaN
4,NaN,NaN,NaN,NaN,NaN,NaN,NaN,NaN
5,NaN,NaN,NaN,NaN,NaN,NaN,NaN,NaN
6,NaN,NaN,NaN,NaN,NaN,NaN,NaN,NaN
7,NaN,NaN,NaN,NaN,NaN,NaN,NaN,NaN
8,NaN,NaN,NaN,NaN,NaN,NaN,NaN,NaN
9,NaN,NaN,NaN,NaN,NaN,NaN,NaN,NaN
10,NaN,NaN,NaN,NaN,NaN,NaN,NaN,NaN
11,NaN,NaN,NaN,NaN,NaN,NaN,NaN,NaN
1,NaN,NaN,NaN,NaN,NaN,NaN,NaN,NaN
2,NaN,NaN,NaN,NaN,NaN,NaN,NaN,NaN
3,NaN,NaN,NaN,NaN,NaN,NaN,NaN,NaN
4,NaN,NaN,NaN,NaN,NaN,NaN,NaN,NaN
5,NaN,NaN,NaN,NaN,NaN,NaN,NaN,NaN
6,NaN,NaN,NaN,NaN,NaN,NaN,NaN,NaN
7,NaN,NaN,NaN,NaN,NaN,NaN,NaN,NaN
8,NaN,NaN,NaN,NaN,NaN,NaN,NaN,NaN
9,NaN,NaN,NaN,NaN,NaN,NaN,NaN,NaN
10,NaN,NaN,NaN,NaN,NaN,NaN,NaN,NaN
11,NaN,NaN,NaN,NaN,NaN,NaN,NaN,NaN
1,NaN,NaN,NaN,NaN,NaN,NaN,NaN,NaN
2,NaN,NaN,NaN,NaN,NaN,NaN,NaN,NaN
3,NaN,NaN,NaN,NaN,NaN,NaN,NaN,NaN
4,NaN,NaN,NaN,NaN,NaN,NaN,NaN,NaN
5,NaN,NaN,NaN,NaN,NaN,NaN,NaN,NaN
6,NaN,NaN,NaN,NaN,NaN,NaN,NaN,NaN
7,NaN,NaN,NaN,NaN,NaN,NaN,NaN,NaN
8,NaN,NaN,NaN,NaN,NaN,NaN,NaN,NaN
9,NaN,NaN,NaN,NaN,NaN,NaN,NaN,NaN
10,NaN,NaN,NaN,NaN,NaN,NaN,NaN,NaN
11,NaN,NaN,NaN,NaN,NaN,NaN,NaN,NaN
1,NaN,NaN,NaN,NaN,NaN,NaN,NaN,NaN
2,NaN,NaN,NaN,NaN,NaN,NaN,NaN,NaN
3,NaN,NaN,NaN,NaN,NaN,NaN,NaN,NaN
4,NaN,NaN,NaN,NaN,NaN,NaN,NaN,NaN
5,NaN,NaN,NaN,NaN,NaN,NaN,NaN,NaN
6,NaN,NaN,NaN,NaN,NaN,NaN,NaN,NaN
7,NaN,NaN,NaN,NaN,NaN,NaN,NaN,NaN
8,NaN,NaN,NaN,NaN,NaN,NaN,NaN,NaN
9,NaN,NaN,NaN,NaN,NaN,NaN,NaN,NaN
10,NaN,NaN,NaN,NaN,NaN,NaN,NaN,NaN
11,NaN,NaN,NaN,NaN,NaN,NaN,NaN,NaN
1,NaN,NaN,NaN,NaN,NaN,NaN,NaN,NaN
2,NaN,NaN,NaN,NaN,NaN,NaN,NaN,NaN
3,NaN,NaN,NaN,NaN,NaN,NaN,NaN,NaN
4,NaN,NaN,NaN,NaN,NaN,NaN,NaN,NaN
5,NaN,NaN,NaN,NaN,NaN,NaN,NaN,NaN
6,NaN,NaN,NaN,NaN,NaN,NaN,NaN,NaN
7,NaN,NaN,NaN,NaN,NaN,NaN,NaN,NaN
8,NaN,NaN,NaN,NaN,NaN,NaN,NaN,NaN
9,NaN,NaN,NaN,NaN,NaN,NaN,NaN,NaN
10,NaN,NaN,NaN,NaN,NaN,NaN,NaN,NaN
11,NaN,NaN,NaN,NaN,NaN,NaN,NaN,NaN
1,NaN,NaN,NaN,NaN,NaN,NaN,NaN,NaN
2,NaN,NaN,NaN,NaN,NaN,NaN,NaN,NaN
3,NaN,NaN,NaN,NaN,NaN,NaN,NaN,NaN
4,NaN,NaN,NaN,NaN,NaN,NaN,NaN,NaN
5,NaN,NaN,NaN,NaN,NaN,NaN,NaN,NaN
6,NaN,NaN,NaN,NaN,NaN,NaN,NaN,NaN
7,NaN,NaN,NaN,NaN,NaN,NaN,NaN,NaN
8,NaN,NaN,NaN,NaN,NaN,NaN,NaN,NaN
9,NaN,NaN,NaN,NaN,NaN,NaN,NaN,NaN
10,NaN,NaN,NaN,NaN,NaN,NaN,NaN,NaN
11,NaN,NaN,NaN,NaN,NaN,NaN,NaN,NaN
1,NaN,NaN,NaN,NaN,NaN,NaN,NaN,NaN
2,NaN,NaN,NaN,NaN,NaN,NaN,NaN,NaN
3,NaN,NaN,NaN,NaN,NaN,NaN,NaN,NaN
4,NaN,NaN,NaN,NaN,NaN,NaN,NaN,NaN
5,NaN,NaN,NaN,NaN,NaN,NaN,NaN,NaN
6,NaN,NaN,NaN,NaN,NaN,NaN,NaN,NaN
7,NaN,NaN,NaN,NaN,NaN,NaN,NaN,NaN
8,NaN,NaN,NaN,NaN,NaN,NaN,NaN,NaN
9,NaN,NaN,NaN,NaN,NaN,NaN,NaN,NaN
10,NaN,NaN,NaN,NaN,NaN,NaN,NaN,NaN
11,NaN,NaN,NaN,NaN,NaN,NaN,NaN,NaN
1,NaN,NaN,NaN,NaN,NaN,NaN,NaN,NaN
2,NaN,NaN,NaN,NaN,NaN,NaN,NaN,NaN
3,NaN,NaN,NaN,NaN,NaN,NaN,NaN,NaN
4,NaN,NaN,NaN,NaN,NaN,NaN,NaN,NaN
5,NaN,NaN,NaN,NaN,NaN,NaN,NaN,NaN
6,NaN,NaN,NaN,NaN,NaN,NaN,NaN,NaN
7,NaN,NaN,NaN,NaN,NaN,NaN,NaN,NaN
8,NaN,NaN,NaN,NaN,NaN,NaN,NaN,NaN
9,NaN,NaN,NaN,NaN,NaN,NaN,NaN,NaN
10,NaN,NaN,NaN,NaN,NaN,NaN,NaN,NaN
11,NaN,NaN,NaN,NaN,NaN,NaN,NaN,NaN
1,NaN,NaN,NaN,NaN,NaN,NaN,NaN,NaN
2,NaN,NaN,NaN,NaN,NaN,NaN,NaN,NaN
3,NaN,NaN,NaN,NaN,NaN,NaN,NaN,NaN
4,NaN,NaN,NaN,NaN,NaN,NaN,NaN,NaN
5,NaN,NaN,NaN,NaN,NaN,NaN,NaN,NaN
6,NaN,NaN,NaN,NaN,NaN,NaN,NaN,NaN
7,NaN,NaN,NaN,NaN,NaN,NaN,NaN,NaN
8,NaN,NaN,NaN,NaN,NaN,NaN,NaN,NaN
9,NaN,NaN,NaN,NaN,NaN,NaN,NaN,NaN
10,NaN,NaN,NaN,NaN,NaN,NaN,NaN,NaN
11,NaN,NaN,NaN,NaN,NaN,NaN,NaN,NaN
1,NaN,NaN,NaN,NaN,NaN,NaN,NaN,NaN
2,NaN,NaN,NaN,NaN,NaN,NaN,NaN,NaN
3,NaN,NaN,NaN,NaN,NaN,NaN,NaN,NaN
4,NaN,NaN,NaN,NaN,NaN,NaN,NaN,NaN
5,NaN,NaN,NaN,NaN,NaN,NaN,NaN,NaN
6,NaN,NaN,NaN,NaN,NaN,NaN,NaN,NaN
7,NaN,NaN,NaN,NaN,NaN,NaN,NaN,NaN
8,NaN,NaN,NaN,NaN,NaN,NaN,NaN,NaN
9,NaN,NaN,NaN,NaN,NaN,NaN,NaN,NaN
10,NaN,NaN,NaN,NaN,NaN,NaN,NaN,NaN
11,NaN,NaN,NaN,NaN,NaN,NaN,NaN,NaN
1,NaN,NaN,NaN,NaN,NaN,NaN,NaN,NaN
2,NaN,NaN,NaN,NaN,NaN,NaN,NaN,NaN
3,NaN,NaN,NaN,NaN,NaN,NaN,NaN,NaN
4,NaN,NaN,NaN,NaN,NaN,NaN,NaN,NaN
5,NaN,NaN,NaN,NaN,NaN,NaN,NaN,NaN
6,NaN,NaN,NaN,NaN,NaN,NaN,NaN,NaN
7,NaN,NaN,NaN,NaN,NaN,NaN,NaN,NaN
8,NaN,NaN,NaN,NaN,NaN,NaN,NaN,NaN
9,NaN,NaN,NaN,NaN,NaN,NaN,NaN,NaN
10,NaN,NaN,NaN,NaN,NaN,NaN,NaN,NaN
11,NaN,NaN,NaN,NaN,NaN,NaN,NaN,NaN
1,NaN,NaN,NaN,NaN,NaN,NaN,NaN,NaN
2,NaN,NaN,NaN,NaN,NaN,NaN,NaN,NaN
3,NaN,NaN,NaN,NaN,NaN,NaN,NaN,NaN
4,NaN,NaN,NaN,NaN,NaN,NaN,NaN,NaN
5,NaN,NaN,NaN,NaN,NaN,NaN,NaN,NaN
6,NaN,NaN,NaN,NaN,NaN,NaN,NaN,NaN
7,NaN,NaN,NaN,NaN,NaN,NaN,NaN,NaN
8,NaN,NaN,NaN,NaN,NaN,NaN,NaN,NaN
9,NaN,NaN,NaN,NaN,NaN,NaN,NaN,NaN
10,NaN,NaN,NaN,NaN,NaN,NaN,NaN,NaN
11,NaN,NaN,NaN,NaN,NaN,NaN,NaN,NaN
1,NaN,NaN,NaN,NaN,NaN,NaN,NaN,NaN
2,NaN,NaN,NaN,NaN,NaN,NaN,NaN,NaN
3,NaN,NaN,NaN,NaN,NaN,NaN,NaN,NaN
4,NaN,NaN,NaN,NaN,NaN,NaN,NaN,NaN
5,NaN,NaN,NaN,NaN,NaN,NaN,NaN,NaN
6,NaN,NaN,NaN,NaN,NaN,NaN,NaN,NaN
7,NaN,NaN,NaN,NaN,NaN,NaN,NaN,NaN
8,NaN,NaN,NaN,NaN,NaN,NaN,NaN,NaN
9,NaN,NaN,NaN,NaN,NaN,NaN,NaN,NaN
10,NaN,NaN,NaN,NaN,NaN,NaN,NaN,NaN
11,NaN,NaN,NaN,NaN,NaN,NaN,NaN,NaN
1,NaN,NaN,NaN,NaN,NaN,NaN,NaN,NaN
2,NaN,NaN,NaN,NaN,NaN,NaN,NaN,NaN
3,NaN,NaN,NaN,NaN,NaN,NaN,NaN,NaN
4,NaN,NaN,NaN,NaN,NaN,NaN,NaN,NaN
5,NaN,NaN,NaN,NaN,NaN,NaN,NaN,NaN
6,NaN,NaN,NaN,NaN,NaN,NaN,NaN,NaN
7,NaN,NaN,NaN,NaN,NaN,NaN,NaN,NaN
8,NaN,NaN,NaN,NaN,NaN,NaN,NaN,NaN
9,NaN,NaN,NaN,NaN,NaN,NaN,NaN,NaN
10,NaN,NaN,NaN,NaN,NaN,NaN,NaN,NaN
11,NaN,NaN,NaN,NaN,NaN,NaN,NaN,NaN
1,NaN,NaN,NaN,NaN,NaN,NaN,NaN,NaN
2,NaN,NaN,NaN,NaN,NaN,NaN,NaN,NaN
3,NaN,NaN,NaN,NaN,NaN,NaN,NaN,NaN
4,NaN,NaN,NaN,NaN,NaN,NaN,NaN,NaN
5,NaN,NaN,NaN,NaN,NaN,NaN,NaN,NaN
6,NaN,NaN,NaN,NaN,NaN,NaN,NaN,NaN
7,NaN,NaN,NaN,NaN,NaN,NaN,NaN,NaN
8,NaN,NaN,NaN,NaN,NaN,NaN,NaN,NaN
9,NaN,NaN,NaN,NaN,NaN,NaN,NaN,NaN
10,NaN,NaN,NaN,NaN,NaN,NaN,NaN,NaN
11,NaN,NaN,NaN,NaN,NaN,NaN,NaN,NaN
1,NaN,NaN,NaN,NaN,NaN,NaN,NaN,NaN
2,NaN,NaN,NaN,NaN,NaN,NaN,NaN,NaN
3,NaN,NaN,NaN,NaN,NaN,NaN,NaN,NaN
4,NaN,NaN,NaN,NaN,NaN,NaN,NaN,NaN
5,NaN,NaN,NaN,NaN,NaN,NaN,NaN,NaN
6,NaN,NaN,NaN,NaN,NaN,NaN,NaN,NaN
7,NaN,NaN,NaN,NaN,NaN,NaN,NaN,NaN
8,NaN,NaN,NaN,NaN,NaN,NaN,NaN,NaN
9,NaN,NaN,NaN,NaN,NaN,NaN,NaN,NaN
10,NaN,NaN,NaN,NaN,NaN,NaN,NaN,NaN
11,NaN,NaN,NaN,NaN,NaN,NaN,NaN,NaN
1,NaN,NaN,NaN,NaN,NaN,NaN,NaN,NaN
2,NaN,NaN,NaN,NaN,NaN,NaN,NaN,NaN
3,NaN,NaN,NaN,NaN,NaN,NaN,NaN,NaN
4,NaN,NaN,NaN,NaN,NaN,NaN,NaN,NaN
5,NaN,NaN,NaN,NaN,NaN,NaN,NaN,NaN
6,NaN,NaN,NaN,NaN,NaN,NaN,NaN,NaN
7,NaN,NaN,NaN,NaN,NaN,NaN,NaN,NaN
8,NaN,NaN,NaN,NaN,NaN,NaN,NaN,NaN
9,NaN,NaN,NaN,NaN,NaN,NaN,NaN,NaN
10,NaN,NaN,NaN,NaN,NaN,NaN,NaN,NaN
11,NaN,NaN,NaN,NaN,NaN,NaN,NaN,NaN
1,NaN,NaN,NaN,NaN,NaN,NaN,NaN,NaN
2,NaN,NaN,NaN,NaN,NaN,NaN,NaN,NaN
3,NaN,NaN,NaN,NaN,NaN,NaN,NaN,NaN
4,NaN,NaN,NaN,NaN,NaN,NaN,NaN,NaN
5,NaN,NaN,NaN,NaN,NaN,NaN,NaN,NaN
6,NaN,NaN,NaN,NaN,NaN,NaN,NaN,NaN
7,NaN,NaN,NaN,NaN,NaN,NaN,NaN,NaN
8,NaN,NaN,NaN,NaN,NaN,NaN,NaN,NaN
9,NaN,NaN,NaN,NaN,NaN,NaN,NaN,NaN
10,NaN,NaN,NaN,NaN,NaN,NaN,NaN,NaN
11,NaN,NaN,NaN,NaN,NaN,NaN,NaN,NaN
1,NaN,NaN,NaN,NaN,NaN,NaN,NaN,NaN
2,NaN,NaN,NaN,NaN,NaN,NaN,NaN,NaN
3,NaN,NaN,NaN,NaN,NaN,NaN,NaN,NaN
4,NaN,NaN,NaN,NaN,NaN,NaN,NaN,NaN
5,NaN,NaN,NaN,NaN,NaN,NaN,NaN,NaN
6,NaN,NaN,NaN,NaN,NaN,NaN,NaN,NaN
7,NaN,NaN,NaN,NaN,NaN,NaN,NaN,NaN
8,NaN,NaN,NaN,NaN,NaN,NaN,NaN,NaN
9,NaN,NaN,NaN,NaN,NaN,NaN,NaN,NaN
10,NaN,NaN,NaN,NaN,NaN,NaN,NaN,NaN
11,NaN,NaN,NaN,NaN,NaN,NaN,NaN,NaN
1,NaN,NaN,NaN,NaN,NaN,NaN,NaN,NaN
2,NaN,NaN,NaN,NaN,NaN,NaN,NaN,NaN
3,NaN,NaN,NaN,NaN,NaN,NaN,NaN,NaN
4,NaN,NaN,NaN,NaN,NaN,NaN,NaN,NaN
5,NaN,NaN,NaN,NaN,NaN,NaN,NaN,NaN
6,NaN,NaN,NaN,NaN,NaN,NaN,NaN,NaN
7,NaN,NaN,NaN,NaN,NaN,NaN,NaN,NaN
8,NaN,NaN,NaN,NaN,NaN,NaN,NaN,NaN
9,NaN,NaN,NaN,NaN,NaN,NaN,NaN,NaN
10,NaN,NaN,NaN,NaN,NaN,NaN,NaN,NaN
11,NaN,NaN,NaN,NaN,NaN,NaN,NaN,NaN
1,NaN,NaN,NaN,NaN,NaN,NaN,NaN,NaN
2,NaN,NaN,NaN,NaN,NaN,NaN,NaN,NaN
3,NaN,NaN,NaN,NaN,NaN,NaN,NaN,NaN
4,NaN,NaN,NaN,NaN,NaN,NaN,NaN,NaN
5,NaN,NaN,NaN,NaN,NaN,NaN,NaN,NaN
6,NaN,NaN,NaN,NaN,NaN,NaN,NaN,NaN
7,NaN,NaN,NaN,NaN,NaN,NaN,NaN,NaN
8,NaN,NaN,NaN,NaN,NaN,NaN,NaN,NaN
9,NaN,NaN,NaN,NaN,NaN,NaN,NaN,NaN
10,NaN,NaN,NaN,NaN,NaN,NaN,NaN,NaN
11,NaN,NaN,NaN,NaN,NaN,NaN,NaN,NaN
1,NaN,NaN,NaN,NaN,NaN,NaN,NaN,NaN
2,NaN,NaN,NaN,NaN,NaN,NaN,NaN,NaN
3,NaN,NaN,NaN,NaN,NaN,NaN,NaN,NaN
4,NaN,NaN,NaN,NaN,NaN,NaN,NaN,NaN
5,NaN,NaN,NaN,NaN,NaN,NaN,NaN,NaN
6,NaN,NaN,NaN,NaN,NaN,NaN,NaN,NaN
7,NaN,NaN,NaN,NaN,NaN,NaN,NaN,NaN
8,NaN,NaN,NaN,NaN,NaN,NaN,NaN,NaN
9,NaN,NaN,NaN,NaN,NaN,NaN,NaN,NaN
10,NaN,NaN,NaN,NaN,NaN,NaN,NaN,NaN
11,NaN,NaN,NaN,NaN,NaN,NaN,NaN,NaN
1,NaN,NaN,NaN,NaN,NaN,NaN,NaN,NaN
2,NaN,NaN,NaN,NaN,NaN,NaN,NaN,NaN
3,NaN,NaN,NaN,NaN,NaN,NaN,NaN,NaN
4,NaN,NaN,NaN,NaN,NaN,NaN,NaN,NaN
5,NaN,NaN,NaN,NaN,NaN,NaN,NaN,NaN
6,NaN,NaN,NaN,NaN,NaN,NaN,NaN,NaN
7,NaN,NaN,NaN,NaN,NaN,NaN,NaN,NaN
8,NaN,NaN,NaN,NaN,NaN,NaN,NaN,NaN
9,NaN,NaN,NaN,NaN,NaN,NaN,NaN,NaN
10,NaN,NaN,NaN,NaN,NaN,NaN,NaN,NaN
11,NaN,NaN,NaN,NaN,NaN,NaN,NaN,NaN
1,NaN,NaN,NaN,NaN,NaN,NaN,NaN,NaN
2,NaN,NaN,NaN,NaN,NaN,NaN,NaN,NaN
3,NaN,NaN,NaN,NaN,NaN,NaN,NaN,NaN
4,NaN,NaN,NaN,NaN,NaN,NaN,NaN,NaN
5,NaN,NaN,NaN,NaN,NaN,NaN,NaN,NaN
6,NaN,NaN,NaN,NaN,NaN,NaN,NaN,NaN
7,NaN,NaN,NaN,NaN,NaN,NaN,NaN,NaN
8,NaN,NaN,NaN,NaN,NaN,NaN,NaN,NaN
9,NaN,NaN,NaN,NaN,NaN,NaN,NaN,NaN
10,NaN,NaN,NaN,NaN,NaN,NaN,NaN,NaN
11,NaN,NaN,NaN,NaN,NaN,NaN,NaN,NaN
1,NaN,NaN,NaN,NaN,NaN,NaN,NaN,NaN
2,NaN,NaN,NaN,NaN,NaN,NaN,NaN,NaN
3,NaN,NaN,NaN,NaN,NaN,NaN,NaN,NaN
4,NaN,NaN,NaN,NaN,NaN,NaN,NaN,NaN
5,NaN,NaN,NaN,NaN,NaN,NaN,NaN,NaN
6,NaN,NaN,NaN,NaN,NaN,NaN,NaN,NaN
7,NaN,NaN,NaN,NaN,NaN,NaN,NaN,NaN
8,NaN,NaN,NaN,NaN,NaN,NaN,NaN,NaN
9,NaN,NaN,NaN,NaN,NaN,NaN,NaN,NaN
10,NaN,NaN,NaN,NaN,NaN,NaN,NaN,NaN
11,NaN,NaN,NaN,NaN,NaN,NaN,NaN,NaN
1,NaN,NaN,NaN,NaN,NaN,NaN,NaN,NaN
2,NaN,NaN,NaN,NaN,NaN,NaN,NaN,NaN
3,NaN,NaN,NaN,NaN,NaN,NaN,NaN,NaN
4,NaN,NaN,NaN,NaN,NaN,NaN,NaN,NaN
5,NaN,NaN,NaN,NaN,NaN,NaN,NaN,NaN
6,NaN,NaN,NaN,NaN,NaN,NaN,NaN,NaN
7,NaN,NaN,NaN,NaN,NaN,NaN,NaN,NaN
8,NaN,NaN,NaN,NaN,NaN,NaN,NaN,NaN
9,NaN,NaN,NaN,NaN,NaN,NaN,NaN,NaN
10,NaN,NaN,NaN,NaN,NaN,NaN,NaN,NaN
11,NaN,NaN,NaN,NaN,NaN,NaN,NaN,NaN
1,NaN,NaN,NaN,NaN,NaN,NaN,NaN,NaN
2,NaN,NaN,NaN,NaN,NaN,NaN,NaN,NaN
3,NaN,NaN,NaN,NaN,NaN,NaN,NaN,NaN
4,NaN,NaN,NaN,NaN,NaN,NaN,NaN,NaN
5,NaN,NaN,NaN,NaN,NaN,NaN,NaN,NaN
6,NaN,NaN,NaN,NaN,NaN,NaN,NaN,NaN
7,NaN,NaN,NaN,NaN,NaN,NaN,NaN,NaN
8,NaN,NaN,NaN,NaN,NaN,NaN,NaN,NaN
9,NaN,NaN,NaN,NaN,NaN,NaN,NaN,NaN
10,NaN,NaN,NaN,NaN,NaN,NaN,NaN,NaN
11,NaN,NaN,NaN,NaN,NaN,NaN,NaN,NaN
1,NaN,NaN,NaN,NaN,NaN,NaN,NaN,NaN
2,NaN,NaN,NaN,NaN,NaN,NaN,NaN,NaN
3,NaN,NaN,NaN,NaN,NaN,NaN,NaN,NaN
4,NaN,NaN,NaN,NaN,NaN,NaN,NaN,NaN
5,NaN,NaN,NaN,NaN,NaN,NaN,NaN,NaN
6,NaN,NaN,NaN,NaN,NaN,NaN,NaN,NaN
7,NaN,NaN,NaN,NaN,NaN,NaN,NaN,NaN
8,NaN,NaN,NaN,NaN,NaN,NaN,NaN,NaN
9,NaN,NaN,NaN,NaN,NaN,NaN,NaN,NaN
10,NaN,NaN,NaN,NaN,NaN,NaN,NaN,NaN
11,NaN,NaN,NaN,NaN,NaN,NaN,NaN,NaN
1,NaN,NaN,NaN,NaN,NaN,NaN,NaN,NaN
2,NaN,NaN,NaN,NaN,NaN,NaN,NaN,NaN
3,NaN,NaN,NaN,NaN,NaN,NaN,NaN,NaN
4,NaN,NaN,NaN,NaN,NaN,NaN,NaN,NaN
5,NaN,NaN,NaN,NaN,NaN,NaN,NaN,NaN
6,NaN,NaN,NaN,NaN,NaN,NaN,NaN,NaN
7,NaN,NaN,NaN,NaN,NaN,NaN,NaN,NaN
8,NaN,NaN,NaN,NaN,NaN,NaN,NaN,NaN
9,NaN,NaN,NaN,NaN,NaN,NaN,NaN,NaN
10,NaN,NaN,NaN,NaN,NaN,NaN,NaN,NaN
11,NaN,NaN,NaN,NaN,NaN,NaN,NaN,NaN
1,NaN,NaN,NaN,NaN,NaN,NaN,NaN,NaN
2,NaN,NaN,NaN,NaN,NaN,NaN,NaN,NaN
3,NaN,NaN,NaN,NaN,NaN,NaN,NaN,NaN
4,NaN,NaN,NaN,NaN,NaN,NaN,NaN,NaN
5,NaN,NaN,NaN,NaN,NaN,NaN,NaN,NaN
6,NaN,NaN,NaN,NaN,NaN,NaN,NaN,NaN
7,NaN,NaN,NaN,NaN,NaN,NaN,NaN,NaN
8,NaN,NaN,NaN,NaN,NaN,NaN,NaN,NaN
9,NaN,NaN,NaN,NaN,NaN,NaN,NaN,NaN
10,NaN,NaN,NaN,NaN,NaN,NaN,NaN,NaN
11,NaN,NaN,NaN,NaN,NaN,NaN,NaN,NaN
1,NaN,NaN,NaN,NaN,NaN,NaN,NaN,NaN
2,NaN,NaN,NaN,NaN,NaN,NaN,NaN,NaN
3,NaN,NaN,NaN,NaN,NaN,NaN,NaN,NaN
4,NaN,NaN,NaN,NaN,NaN,NaN,NaN,NaN
5,NaN,NaN,NaN,NaN,NaN,NaN,NaN,NaN
6,NaN,NaN,NaN,NaN,NaN,NaN,NaN,NaN
7,NaN,NaN,NaN,NaN,NaN,NaN,NaN,NaN
8,NaN,NaN,NaN,NaN,NaN,NaN,NaN,NaN
9,NaN,NaN,NaN,NaN,NaN,NaN,NaN,NaN
10,NaN,NaN,NaN,NaN,NaN,NaN,NaN,NaN
11,NaN,NaN,NaN,NaN,NaN,NaN,NaN,NaN
1,NaN,NaN,NaN,NaN,NaN,NaN,NaN,NaN
2,NaN,NaN,NaN,NaN,NaN,NaN,NaN,NaN
3,NaN,NaN,NaN,NaN,NaN,NaN,NaN,NaN
4,NaN,NaN,NaN,NaN,NaN,NaN,NaN,NaN
5,NaN,NaN,NaN,NaN,NaN,NaN,NaN,NaN
6,NaN,NaN,NaN,NaN,NaN,NaN,NaN,NaN
7,NaN,NaN,NaN,NaN,NaN,NaN,NaN,NaN
8,NaN,NaN,NaN,NaN,NaN,NaN,NaN,NaN
9,NaN,NaN,NaN,NaN,NaN,NaN,NaN,NaN
10,NaN,NaN,NaN,NaN,NaN,NaN,NaN,NaN
11,NaN,NaN,NaN,NaN,NaN,NaN,NaN,NaN
1,NaN,NaN,NaN,NaN,NaN,NaN,NaN,NaN
2,NaN,NaN,NaN,NaN,NaN,NaN,NaN,NaN
3,NaN,NaN,NaN,NaN,NaN,NaN,NaN,NaN
4,NaN,NaN,NaN,NaN,NaN,NaN,NaN,NaN
5,NaN,NaN,NaN,NaN,NaN,NaN,NaN,NaN
6,NaN,NaN,NaN,NaN,NaN,NaN,NaN,NaN
7,NaN,NaN,NaN,NaN,NaN,NaN,NaN,NaN
8,NaN,NaN,NaN,NaN,NaN,NaN,NaN,NaN
9,NaN,NaN,NaN,NaN,NaN,NaN,NaN,NaN
10,NaN,NaN,NaN,NaN,NaN,NaN,NaN,NaN
11,NaN,NaN,NaN,NaN,NaN,NaN,NaN,NaN
1,NaN,NaN,NaN,NaN,NaN,NaN,NaN,NaN
2,NaN,NaN,NaN,NaN,NaN,NaN,NaN,NaN
3,NaN,NaN,NaN,NaN,NaN,NaN,NaN,NaN
4,NaN,NaN,NaN,NaN,NaN,NaN,NaN,NaN
5,NaN,NaN,NaN,NaN,NaN,NaN,NaN,NaN
6,NaN,NaN,NaN,NaN,NaN,NaN,NaN,NaN
7,NaN,NaN,NaN,NaN,NaN,NaN,NaN,NaN
8,NaN,NaN,NaN,NaN,NaN,NaN,NaN,NaN
9,NaN,NaN,NaN,NaN,NaN,NaN,NaN,NaN
10,NaN,NaN,NaN,NaN,NaN,NaN,NaN,NaN
11,NaN,NaN,NaN,NaN,NaN,NaN,NaN,NaN
1,NaN,NaN,NaN,NaN,NaN,NaN,NaN,NaN
2,NaN,NaN,NaN,NaN,NaN,NaN,NaN,NaN
3,NaN,NaN,NaN,NaN,NaN,NaN,NaN,NaN
4,NaN,NaN,NaN,NaN,NaN,NaN,NaN,NaN
5,NaN,NaN,NaN,NaN,NaN,NaN,NaN,NaN
6,NaN,NaN,NaN,NaN,NaN,NaN,NaN,NaN
7,NaN,NaN,NaN,NaN,NaN,NaN,NaN,NaN
8,NaN,NaN,NaN,NaN,NaN,NaN,NaN,NaN
9,NaN,NaN,NaN,NaN,NaN,NaN,NaN,NaN
10,NaN,NaN,NaN,NaN,NaN,NaN,NaN,NaN
11,NaN,NaN,NaN,NaN,NaN,NaN,NaN,NaN
1,NaN,NaN,NaN,NaN,NaN,NaN,NaN,NaN
2,NaN,NaN,NaN,NaN,NaN,NaN,NaN,NaN
3,NaN,NaN,NaN,NaN,NaN,NaN,NaN,NaN
4,NaN,NaN,NaN,NaN,NaN,NaN,NaN,NaN
5,NaN,NaN,NaN,NaN,NaN,NaN,NaN,NaN
6,NaN,NaN,NaN,NaN,NaN,NaN,NaN,NaN
7,NaN,NaN,NaN,NaN,NaN,NaN,NaN,NaN
8,NaN,NaN,NaN,NaN,NaN,NaN,NaN,NaN
9,NaN,NaN,NaN,NaN,NaN,NaN,NaN,NaN
10,NaN,NaN,NaN,NaN,NaN,NaN,NaN,NaN
11,NaN,NaN,NaN,NaN,NaN,NaN,NaN,NaN
1,NaN,NaN,NaN,NaN,NaN,NaN,NaN,NaN
2,NaN,NaN,NaN,NaN,NaN,NaN,NaN,NaN
3,NaN,NaN,NaN,NaN,NaN,NaN,NaN,NaN
4,NaN,NaN,NaN,NaN,NaN,NaN,NaN,NaN
5,NaN,NaN,NaN,NaN,NaN,NaN,NaN,NaN
6,NaN,NaN,NaN,NaN,NaN,NaN,NaN,NaN
7,NaN,NaN,NaN,NaN,NaN,NaN,NaN,NaN
8,NaN,NaN,NaN,NaN,NaN,NaN,NaN,NaN
9,NaN,NaN,NaN,NaN,NaN,NaN,NaN,NaN
10,NaN,NaN,NaN,NaN,NaN,NaN,NaN,NaN
11,NaN,NaN,NaN,NaN,NaN,NaN,NaN,NaN
1,NaN,NaN,NaN,NaN,NaN,NaN,NaN,NaN
2,NaN,NaN,NaN,NaN,NaN,NaN,NaN,NaN
3,NaN,NaN,NaN,NaN,NaN,NaN,NaN,NaN
4,NaN,NaN,NaN,NaN,NaN,NaN,NaN,NaN
5,NaN,NaN,NaN,NaN,NaN,NaN,NaN,NaN
6,NaN,NaN,NaN,NaN,NaN,NaN,NaN,NaN
7,NaN,NaN,NaN,NaN,NaN,NaN,NaN,NaN
8,NaN,NaN,NaN,NaN,NaN,NaN,NaN,NaN
9,NaN,NaN,NaN,NaN,NaN,NaN,NaN,NaN
10,NaN,NaN,NaN,NaN,NaN,NaN,NaN,NaN
11,NaN,NaN,NaN,NaN,NaN,NaN,NaN,NaN
1,NaN,NaN,NaN,NaN,NaN,NaN,NaN,NaN
2,NaN,NaN,NaN,NaN,NaN,NaN,NaN,NaN
3,NaN,NaN,NaN,NaN,NaN,NaN,NaN,NaN
4,NaN,NaN,NaN,NaN,NaN,NaN,NaN,NaN
5,NaN,NaN,NaN,NaN,NaN,NaN,NaN,NaN
6,NaN,NaN,NaN,NaN,NaN,NaN,NaN,NaN
7,NaN,NaN,NaN,NaN,NaN,NaN,NaN,NaN
8,NaN,NaN,NaN,NaN,NaN,NaN,NaN,NaN
9,NaN,NaN,NaN,NaN,NaN,NaN,NaN,NaN
10,NaN,NaN,NaN,NaN,NaN,NaN,NaN,NaN
11,NaN,NaN,NaN,NaN,NaN,NaN,NaN,NaN
1,NaN,NaN,NaN,NaN,NaN,NaN,NaN,NaN
2,NaN,NaN,NaN,NaN,NaN,NaN,NaN,NaN
3,NaN,NaN,NaN,NaN,NaN,NaN,NaN,NaN
4,NaN,NaN,NaN,NaN,NaN,NaN,NaN,NaN
5,NaN,NaN,NaN,NaN,NaN,NaN,NaN,NaN
6,NaN,NaN,NaN,NaN,NaN,NaN,NaN,NaN
7,NaN,NaN,NaN,NaN,NaN,NaN,NaN,NaN
8,NaN,NaN,NaN,NaN,NaN,NaN,NaN,NaN
9,NaN,NaN,NaN,NaN,NaN,NaN,NaN,NaN
10,NaN,NaN,NaN,NaN,NaN,NaN,NaN,NaN
11,NaN,NaN,NaN,NaN,NaN,NaN,NaN,NaN
1,NaN,NaN,NaN,NaN,NaN,NaN,NaN,NaN
2,NaN,NaN,NaN,NaN,NaN,NaN,NaN,NaN
3,NaN,NaN,NaN,NaN,NaN,NaN,NaN,NaN
4,NaN,NaN,NaN,NaN,NaN,NaN,NaN,NaN
5,NaN,NaN,NaN,NaN,NaN,NaN,NaN,NaN
6,NaN,NaN,NaN,NaN,NaN,NaN,NaN,NaN
7,NaN,NaN,NaN,NaN,NaN,NaN,NaN,NaN
8,NaN,NaN,NaN,NaN,NaN,NaN,NaN,NaN
9,NaN,NaN,NaN,NaN,NaN,NaN,NaN,NaN
10,NaN,NaN,NaN,NaN,NaN,NaN,NaN,NaN
11,NaN,NaN,NaN,NaN,NaN,NaN,NaN,NaN
1,NaN,NaN,NaN,NaN,NaN,NaN,NaN,NaN
2,NaN,NaN,NaN,NaN,NaN,NaN,NaN,NaN
3,NaN,NaN,NaN,NaN,NaN,NaN,NaN,NaN
4,NaN,NaN,NaN,NaN,NaN,NaN,NaN,NaN
5,NaN,NaN,NaN,NaN,NaN,NaN,NaN,NaN
6,NaN,NaN,NaN,NaN,NaN,NaN,NaN,NaN
7,NaN,NaN,NaN,NaN,NaN,NaN,NaN,NaN
8,NaN,NaN,NaN,NaN,NaN,NaN,NaN,NaN
9,NaN,NaN,NaN,NaN,NaN,NaN,NaN,NaN
10,NaN,NaN,NaN,NaN,NaN,NaN,NaN,NaN
11,NaN,NaN,NaN,NaN,NaN,NaN,NaN,NaN
1,NaN,NaN,NaN,NaN,NaN,NaN,NaN,NaN
2,NaN,NaN,NaN,NaN,NaN,NaN,NaN,NaN
3,NaN,NaN,NaN,NaN,NaN,NaN,NaN,NaN
4,NaN,NaN,NaN,NaN,NaN,NaN,NaN,NaN
5,NaN,NaN,NaN,NaN,NaN,NaN,NaN,NaN
6,NaN,NaN,NaN,NaN,NaN,NaN,NaN,NaN
7,NaN,NaN,NaN,NaN,NaN,NaN,NaN,NaN
8,NaN,NaN,NaN,NaN,NaN,NaN,NaN,NaN
9,NaN,NaN,NaN,NaN,NaN,NaN,NaN,NaN
10,NaN,NaN,NaN,NaN,NaN,NaN,NaN,NaN
11,NaN,NaN,NaN,NaN,NaN,NaN,NaN,NaN
1,NaN,NaN,NaN,NaN,NaN,NaN,NaN,NaN
2,NaN,NaN,NaN,NaN,NaN,NaN,NaN,NaN
3,NaN,NaN,NaN,NaN,NaN,NaN,NaN,NaN
4,NaN,NaN,NaN,NaN,NaN,NaN,NaN,NaN
5,NaN,NaN,NaN,NaN,NaN,NaN,NaN,NaN
6,NaN,NaN,NaN,NaN,NaN,NaN,NaN,NaN
7,NaN,NaN,NaN,NaN,NaN,NaN,NaN,NaN
8,NaN,NaN,NaN,NaN,NaN,NaN,NaN,NaN
9,NaN,NaN,NaN,NaN,NaN,NaN,NaN,NaN
10,NaN,NaN,NaN,NaN,NaN,NaN,NaN,NaN
11,NaN,NaN,NaN,NaN,NaN,NaN,NaN,NaN
1,NaN,NaN,NaN,NaN,NaN,NaN,NaN,NaN
2,NaN,NaN,NaN,NaN,NaN,NaN,NaN,NaN
3,NaN,NaN,NaN,NaN,NaN,NaN,NaN,NaN
4,NaN,NaN,NaN,NaN,NaN,NaN,NaN,NaN
5,NaN,NaN,NaN,NaN,NaN,NaN,NaN,NaN
6,NaN,NaN,NaN,NaN,NaN,NaN,NaN,NaN
7,NaN,NaN,NaN,NaN,NaN,NaN,NaN,NaN
8,NaN,NaN,NaN,NaN,NaN,NaN,NaN,NaN
9,NaN,NaN,NaN,NaN,NaN,NaN,NaN,NaN
10,NaN,NaN,NaN,NaN,NaN,NaN,NaN,NaN
11,NaN,NaN,NaN,NaN,NaN,NaN,NaN,NaN
1,NaN,NaN,NaN,NaN,NaN,NaN,NaN,NaN
2,NaN,NaN,NaN,NaN,NaN,NaN,NaN,NaN
3,NaN,NaN,NaN,NaN,NaN,NaN,NaN,NaN
4,NaN,NaN,NaN,NaN,NaN,NaN,NaN,NaN
5,NaN,NaN,NaN,NaN,NaN,NaN,NaN,NaN
6,NaN,NaN,NaN,NaN,NaN,NaN,NaN,NaN
7,NaN,NaN,NaN,NaN,NaN,NaN,NaN,NaN
8,NaN,NaN,NaN,NaN,NaN,NaN,NaN,NaN
9,NaN,NaN,NaN,NaN,NaN,NaN,NaN,NaN
10,NaN,NaN,NaN,NaN,NaN,NaN,NaN,NaN
11,NaN,NaN,NaN,NaN,NaN,NaN,NaN,NaN
1,NaN,NaN,NaN,NaN,NaN,NaN,NaN,NaN
2,NaN,NaN,NaN,NaN,NaN,NaN,NaN,NaN
3,NaN,NaN,NaN,NaN,NaN,NaN,NaN,NaN
4,NaN,NaN,NaN,NaN,NaN,NaN,NaN,NaN
5,NaN,NaN,NaN,NaN,NaN,NaN,NaN,NaN
6,NaN,NaN,NaN,NaN,NaN,NaN,NaN,NaN
7,NaN,NaN,NaN,NaN,NaN,NaN,NaN,NaN
8,NaN,NaN,NaN,NaN,NaN,NaN,NaN,NaN
9,NaN,NaN,NaN,NaN,NaN,NaN,NaN,NaN
10,NaN,NaN,NaN,NaN,NaN,NaN,NaN,NaN
11,NaN,NaN,NaN,NaN,NaN,NaN,NaN,NaN
1,NaN,NaN,NaN,NaN,NaN,NaN,NaN,NaN
2,NaN,NaN,NaN,NaN,NaN,NaN,NaN,NaN
3,NaN,NaN,NaN,NaN,NaN,NaN,NaN,NaN
4,NaN,NaN,NaN,NaN,NaN,NaN,NaN,NaN
5,NaN,NaN,NaN,NaN,NaN,NaN,NaN,NaN
6,NaN,NaN,NaN,NaN,NaN,NaN,NaN,NaN
7,NaN,NaN,NaN,NaN,NaN,NaN,NaN,NaN
8,NaN,NaN,NaN,NaN,NaN,NaN,NaN,NaN
9,NaN,NaN,NaN,NaN,NaN,NaN,NaN,NaN
10,NaN,NaN,NaN,NaN,NaN,NaN,NaN,NaN
11,NaN,NaN,NaN,NaN,NaN,NaN,NaN,NaN
1,NaN,NaN,NaN,NaN,NaN,NaN,NaN,NaN
2,NaN,NaN,NaN,NaN,NaN,NaN,NaN,NaN
3,NaN,NaN,NaN,NaN,NaN,NaN,NaN,NaN
4,NaN,NaN,NaN,NaN,NaN,NaN,NaN,NaN
5,NaN,NaN,NaN,NaN,NaN,NaN,NaN,NaN
6,NaN,NaN,NaN,NaN,NaN,NaN,NaN,NaN
7,NaN,NaN,NaN,NaN,NaN,NaN,NaN,NaN
8,NaN,NaN,NaN,NaN,NaN,NaN,NaN,NaN
9,NaN,NaN,NaN,NaN,NaN,NaN,NaN,NaN
10,NaN,NaN,NaN,NaN,NaN,NaN,NaN,NaN
11,NaN,NaN,NaN,NaN,NaN,NaN,NaN,NaN
1,NaN,NaN,NaN,NaN,NaN,NaN,NaN,NaN
2,NaN,NaN,NaN,NaN,NaN,NaN,NaN,NaN
3,NaN,NaN,NaN,NaN,NaN,NaN,NaN,NaN
4,NaN,NaN,NaN,NaN,NaN,NaN,NaN,NaN
5,NaN,NaN,NaN,NaN,NaN,NaN,NaN,NaN
6,NaN,NaN,NaN,NaN,NaN,NaN,NaN,NaN
7,NaN,NaN,NaN,NaN,NaN,NaN,NaN,NaN
8,NaN,NaN,NaN,NaN,NaN,NaN,NaN,NaN
9,NaN,NaN,NaN,NaN,NaN,NaN,NaN,NaN
10,NaN,NaN,NaN,NaN,NaN,NaN,NaN,NaN
11,NaN,NaN,NaN,NaN,NaN,NaN,NaN,NaN
1,NaN,NaN,NaN,NaN,NaN,NaN,NaN,NaN
2,NaN,NaN,NaN,NaN,NaN,NaN,NaN,NaN
3,NaN,NaN,NaN,NaN,NaN,NaN,NaN,NaN
4,NaN,NaN,NaN,NaN,NaN,NaN,NaN,NaN
5,NaN,NaN,NaN,NaN,NaN,NaN,NaN,NaN
6,NaN,NaN,NaN,NaN,NaN,NaN,NaN,NaN
7,NaN,NaN,NaN,NaN,NaN,NaN,NaN,NaN
8,NaN,NaN,NaN,NaN,NaN,NaN,NaN,NaN
9,NaN,NaN,NaN,NaN,NaN,NaN,NaN,NaN
10,NaN,NaN,NaN,NaN,NaN,NaN,NaN,NaN
11,NaN,NaN,NaN,NaN,NaN,NaN,NaN,NaN
1,NaN,NaN,NaN,NaN,NaN,NaN,NaN,NaN
2,NaN,NaN,NaN,NaN,NaN,NaN,NaN,NaN
3,NaN,NaN,NaN,NaN,NaN,NaN,NaN,NaN
4,NaN,NaN,NaN,NaN,NaN,NaN,NaN,NaN
5,NaN,NaN,NaN,NaN,NaN,NaN,NaN,NaN
6,NaN,NaN,NaN,NaN,NaN,NaN,NaN,NaN
7,NaN,NaN,NaN,NaN,NaN,NaN,NaN,NaN
8,NaN,NaN,NaN,NaN,NaN,NaN,NaN,NaN
9,NaN,NaN,NaN,NaN,NaN,NaN,NaN,NaN
10,NaN,NaN,NaN,NaN,NaN,NaN,NaN,NaN
11,NaN,NaN,NaN,NaN,NaN,NaN,NaN,NaN
1,NaN,NaN,NaN,NaN,NaN,NaN,NaN,NaN
2,NaN,NaN,NaN,NaN,NaN,NaN,NaN,NaN
3,NaN,NaN,NaN,NaN,NaN,NaN,NaN,NaN
4,NaN,NaN,NaN,NaN,NaN,NaN,NaN,NaN
5,NaN,NaN,NaN,NaN,NaN,NaN,NaN,NaN
6,NaN,NaN,NaN,NaN,NaN,NaN,NaN,NaN
7,NaN,NaN,NaN,NaN,NaN,NaN,NaN,NaN
8,NaN,NaN,NaN,NaN,NaN,NaN,NaN,NaN
9,NaN,NaN,NaN,NaN,NaN,NaN,NaN,NaN
10,NaN,NaN,NaN,NaN,NaN,NaN,NaN,NaN
11,NaN,NaN,NaN,NaN,NaN,NaN,NaN,NaN
1,NaN,NaN,NaN,NaN,NaN,NaN,NaN,NaN
2,NaN,NaN,NaN,NaN,NaN,NaN,NaN,NaN
3,NaN,NaN,NaN,NaN,NaN,NaN,NaN,NaN
4,NaN,NaN,NaN,NaN,NaN,NaN,NaN,NaN
5,NaN,NaN,NaN,NaN,NaN,NaN,NaN,NaN
6,NaN,NaN,NaN,NaN,NaN,NaN,NaN,NaN
7,NaN,NaN,NaN,NaN,NaN,NaN,NaN,NaN
8,NaN,NaN,NaN,NaN,NaN,NaN,NaN,NaN
9,NaN,NaN,NaN,NaN,NaN,NaN,NaN,NaN
10,NaN,NaN,NaN,NaN,NaN,NaN,NaN,NaN
11,NaN,NaN,NaN,NaN,NaN,NaN,NaN,NaN
1,NaN,NaN,NaN,NaN,NaN,NaN,NaN,NaN
2,NaN,NaN,NaN,NaN,NaN,NaN,NaN,NaN
3,NaN,NaN,NaN,NaN,NaN,NaN,NaN,NaN
4,NaN,NaN,NaN,NaN,NaN,NaN,NaN,NaN
5,NaN,NaN,NaN,NaN,NaN,NaN,NaN,NaN
6,NaN,NaN,NaN,NaN,NaN,NaN,NaN,NaN
7,NaN,NaN,NaN,NaN,NaN,NaN,NaN,NaN
8,NaN,NaN,NaN,NaN,NaN,NaN,NaN,NaN
9,NaN,NaN,NaN,NaN,NaN,NaN,NaN,NaN
10,NaN,NaN,NaN,NaN,NaN,NaN,NaN,NaN
11,NaN,NaN,NaN,NaN,NaN,NaN,NaN,NaN
1,NaN,NaN,NaN,NaN,NaN,NaN,NaN,NaN
2,NaN,NaN,NaN,NaN,NaN,NaN,NaN,NaN
3,NaN,NaN,NaN,NaN,NaN,NaN,NaN,NaN
4,NaN,NaN,NaN,NaN,NaN,NaN,NaN,NaN
5,NaN,NaN,NaN,NaN,NaN,NaN,NaN,NaN
6,NaN,NaN,NaN,NaN,NaN,NaN,NaN,NaN
7,NaN,NaN,NaN,NaN,NaN,NaN,NaN,NaN
8,NaN,NaN,NaN,NaN,NaN,NaN,NaN,NaN
9,NaN,NaN,NaN,NaN,NaN,NaN,NaN,NaN
10,NaN,NaN,NaN,NaN,NaN,NaN,NaN,NaN
11,NaN,NaN,NaN,NaN,NaN,NaN,NaN,NaN
1,NaN,NaN,NaN,NaN,NaN,NaN,NaN,NaN
2,NaN,NaN,NaN,NaN,NaN,NaN,NaN,NaN
3,NaN,NaN,NaN,NaN,NaN,NaN,NaN,NaN
4,NaN,NaN,NaN,NaN,NaN,NaN,NaN,NaN
5,NaN,NaN,NaN,NaN,NaN,NaN,NaN,NaN
6,NaN,NaN,NaN,NaN,NaN,NaN,NaN,NaN
7,NaN,NaN,NaN,NaN,NaN,NaN,NaN,NaN
8,NaN,NaN,NaN,NaN,NaN,NaN,NaN,NaN
9,NaN,NaN,NaN,NaN,NaN,NaN,NaN,NaN
10,NaN,NaN,NaN,NaN,NaN,NaN,NaN,NaN
11,NaN,NaN,NaN,NaN,NaN,NaN,NaN,NaN
1,NaN,NaN,NaN,NaN,NaN,NaN,NaN,NaN
2,NaN,NaN,NaN,NaN,NaN,NaN,NaN,NaN
3,NaN,NaN,NaN,NaN,NaN,NaN,NaN,NaN
4,NaN,NaN,NaN,NaN,NaN,NaN,NaN,NaN
5,NaN,NaN,NaN,NaN,NaN,NaN,NaN,NaN
6,NaN,NaN,NaN,NaN,NaN,NaN,NaN,NaN
7,NaN,NaN,NaN,NaN,NaN,NaN,NaN,NaN
8,NaN,NaN,NaN,NaN,NaN,NaN,NaN,NaN
9,NaN,NaN,NaN,NaN,NaN,NaN,NaN,NaN
10,NaN,NaN,NaN,NaN,NaN,NaN,NaN,NaN
11,NaN,NaN,NaN,NaN,NaN,NaN,NaN,NaN
1,NaN,NaN,NaN,NaN,NaN,NaN,NaN,NaN
2,NaN,NaN,NaN,NaN,NaN,NaN,NaN,NaN
3,NaN,NaN,NaN,NaN,NaN,NaN,NaN,NaN
4,NaN,NaN,NaN,NaN,NaN,NaN,NaN,NaN
5,NaN,NaN,NaN,NaN,NaN,NaN,NaN,NaN
6,NaN,NaN,NaN,NaN,NaN,NaN,NaN,NaN
7,NaN,NaN,NaN,NaN,NaN,NaN,NaN,NaN
8,NaN,NaN,NaN,NaN,NaN,NaN,NaN,NaN
9,NaN,NaN,NaN,NaN,NaN,NaN,NaN,NaN
10,NaN,NaN,NaN,NaN,NaN,NaN,NaN,NaN
11,NaN,NaN,NaN,NaN,NaN,NaN,NaN,NaN
1,NaN,NaN,NaN,NaN,NaN,NaN,NaN,NaN
2,NaN,NaN,NaN,NaN,NaN,NaN,NaN,NaN
3,NaN,NaN,NaN,NaN,NaN,NaN,NaN,NaN
4,NaN,NaN,NaN,NaN,NaN,NaN,NaN,NaN
5,NaN,NaN,NaN,NaN,NaN,NaN,NaN,NaN
6,NaN,NaN,NaN,NaN,NaN,NaN,NaN,NaN
7,NaN,NaN,NaN,NaN,NaN,NaN,NaN,NaN
8,NaN,NaN,NaN,NaN,NaN,NaN,NaN,NaN
9,NaN,NaN,NaN,NaN,NaN,NaN,NaN,NaN
10,NaN,NaN,NaN,NaN,NaN,NaN,NaN,NaN
11,NaN,NaN,NaN,NaN,NaN,NaN,NaN,NaN
1,NaN,NaN,NaN,NaN,NaN,NaN,NaN,NaN
2,NaN,NaN,NaN,NaN,NaN,NaN,NaN,NaN
3,NaN,NaN,NaN,NaN,NaN,NaN,NaN,NaN
4,NaN,NaN,NaN,NaN,NaN,NaN,NaN,NaN
5,NaN,NaN,NaN,NaN,NaN,NaN,NaN,NaN
6,NaN,NaN,NaN,NaN,NaN,NaN,NaN,NaN
7,NaN,NaN,NaN,NaN,NaN,NaN,NaN,NaN
8,NaN,NaN,NaN,NaN,NaN,NaN,NaN,NaN
9,NaN,NaN,NaN,NaN,NaN,NaN,NaN,NaN
10,NaN,NaN,NaN,NaN,NaN,NaN,NaN,NaN
11,NaN,NaN,NaN,NaN,NaN,NaN,NaN,NaN
1,NaN,NaN,NaN,NaN,NaN,NaN,NaN,NaN
2,NaN,NaN,NaN,NaN,NaN,NaN,NaN,NaN
3,NaN,NaN,NaN,NaN,NaN,NaN,NaN,NaN
4,NaN,NaN,NaN,NaN,NaN,NaN,NaN,NaN
5,NaN,NaN,NaN,NaN,NaN,NaN,NaN,NaN
6,NaN,NaN,NaN,NaN,NaN,NaN,NaN,NaN
7,NaN,NaN,NaN,NaN,NaN,NaN,NaN,NaN
8,NaN,NaN,NaN,NaN,NaN,NaN,NaN,NaN
9,NaN,NaN,NaN,NaN,NaN,NaN,NaN,NaN
10,NaN,NaN,NaN,NaN,NaN,NaN,NaN,NaN
11,NaN,NaN,NaN,NaN,NaN,NaN,NaN,NaN
1,NaN,NaN,NaN,NaN,NaN,NaN,NaN,NaN
2,NaN,NaN,NaN,NaN,NaN,NaN,NaN,NaN
3,NaN,NaN,NaN,NaN,NaN,NaN,NaN,NaN
4,NaN,NaN,NaN,NaN,NaN,NaN,NaN,NaN
5,NaN,NaN,NaN,NaN,NaN,NaN,NaN,NaN
6,NaN,NaN,NaN,NaN,NaN,NaN,NaN,NaN
7,NaN,NaN,NaN,NaN,NaN,NaN,NaN,NaN
8,NaN,NaN,NaN,NaN,NaN,NaN,NaN,NaN
9,NaN,NaN,NaN,NaN,NaN,NaN,NaN,NaN
10,NaN,NaN,NaN,NaN,NaN,NaN,NaN,NaN
11,NaN,NaN,NaN,NaN,NaN,NaN,NaN,NaN
1,NaN,NaN,NaN,NaN,NaN,NaN,NaN,NaN
2,NaN,NaN,NaN,NaN,NaN,NaN,NaN,NaN
3,NaN,NaN,NaN,NaN,NaN,NaN,NaN,NaN
4,NaN,NaN,NaN,NaN,NaN,NaN,NaN,NaN
5,NaN,NaN,NaN,NaN,NaN,NaN,NaN,NaN
6,NaN,NaN,NaN,NaN,NaN,NaN,NaN,NaN
7,NaN,NaN,NaN,NaN,NaN,NaN,NaN,NaN
8,NaN,NaN,NaN,NaN,NaN,NaN,NaN,NaN
9,NaN,NaN,NaN,NaN,NaN,NaN,NaN,NaN
10,NaN,NaN,NaN,NaN,NaN,NaN,NaN,NaN
11,NaN,NaN,NaN,NaN,NaN,NaN,NaN,NaN
1,NaN,NaN,NaN,NaN,NaN,NaN,NaN,NaN
2,NaN,NaN,NaN,NaN,NaN,NaN,NaN,NaN
3,NaN,NaN,NaN,NaN,NaN,NaN,NaN,NaN
4,NaN,NaN,NaN,NaN,NaN,NaN,NaN,NaN
5,NaN,NaN,NaN,NaN,NaN,NaN,NaN,NaN
6,NaN,NaN,NaN,NaN,NaN,NaN,NaN,NaN
7,NaN,NaN,NaN,NaN,NaN,NaN,NaN,NaN
8,NaN,NaN,NaN,NaN,NaN,NaN,NaN,NaN
9,NaN,NaN,NaN,NaN,NaN,NaN,NaN,NaN
10,NaN,NaN,NaN,NaN,NaN,NaN,NaN,NaN
11,NaN,NaN,NaN,NaN,NaN,NaN,NaN,NaN
1,NaN,NaN,NaN,NaN,NaN,NaN,NaN,NaN
2,NaN,NaN,NaN,NaN,NaN,NaN,NaN,NaN
3,NaN,NaN,NaN,NaN,NaN,NaN,NaN,NaN
4,NaN,NaN,NaN,NaN,NaN,NaN,NaN,NaN
5,NaN,NaN,NaN,NaN,NaN,NaN,NaN,NaN
6,NaN,NaN,NaN,NaN,NaN,NaN,NaN,NaN
7,NaN,NaN,NaN,NaN,NaN,NaN,NaN,NaN
8,NaN,NaN,NaN,NaN,NaN,NaN,NaN,NaN
9,NaN,NaN,NaN,NaN,NaN,NaN,NaN,NaN
10,NaN,NaN,NaN,NaN,NaN,NaN,NaN,NaN
11,NaN,NaN,NaN,NaN,NaN,NaN,NaN,NaN
1,NaN,NaN,NaN,NaN,NaN,NaN,NaN,NaN
2,NaN,NaN,NaN,NaN,NaN,NaN,NaN,NaN
3,NaN,NaN,NaN,NaN,NaN,NaN,NaN,NaN
4,NaN,NaN,NaN,NaN,NaN,NaN,NaN,NaN
5,NaN,NaN,NaN,NaN,NaN,NaN,NaN,NaN
6,NaN,NaN,NaN,NaN,NaN,NaN,NaN,NaN
7,NaN,NaN,NaN,NaN,NaN,NaN,NaN,NaN
8,NaN,NaN,NaN,NaN,NaN,NaN,NaN,NaN
9,NaN,NaN,NaN,NaN,NaN,NaN,NaN,NaN
10,NaN,NaN,NaN,NaN,NaN,NaN,NaN,NaN
11,NaN,NaN,NaN,NaN,NaN,NaN,NaN,NaN
1,NaN,NaN,NaN,NaN,NaN,NaN,NaN,NaN
2,NaN,NaN,NaN,NaN,NaN,NaN,NaN,NaN
3,NaN,NaN,NaN,NaN,NaN,NaN,NaN,NaN
4,NaN,NaN,NaN,NaN,NaN,NaN,NaN,NaN
5,NaN,NaN,NaN,NaN,NaN,NaN,NaN,NaN
6,NaN,NaN,NaN,NaN,NaN,NaN,NaN,NaN
7,NaN,NaN,NaN,NaN,NaN,NaN,NaN,NaN
8,NaN,NaN,NaN,NaN,NaN,NaN,NaN,NaN
9,NaN,NaN,NaN,NaN,NaN,NaN,NaN,NaN
10,NaN,NaN,NaN,NaN,NaN,NaN,NaN,NaN
11,NaN,NaN,NaN,NaN,NaN,NaN,NaN,NaN
1,NaN,NaN,NaN,NaN,NaN,NaN,NaN,NaN
2,NaN,NaN,NaN,NaN,NaN,NaN,NaN,NaN
3,NaN,NaN,NaN,NaN,NaN,NaN,NaN,NaN
4,NaN,NaN,NaN,NaN,NaN,NaN,NaN,NaN
5,NaN,NaN,NaN,NaN,NaN,NaN,NaN,NaN
6,NaN,NaN,NaN,NaN,NaN,NaN,NaN,NaN
7,NaN,NaN,NaN,NaN,NaN,NaN,NaN,NaN
8,NaN,NaN,NaN,NaN,NaN,NaN,NaN,NaN
9,NaN,NaN,NaN,NaN,NaN,NaN,NaN,NaN
10,NaN,NaN,NaN,NaN,NaN,NaN,NaN,NaN
11,NaN,NaN,NaN,NaN,NaN,NaN,NaN,NaN
1,NaN,NaN,NaN,NaN,NaN,NaN,NaN,NaN
2,NaN,NaN,NaN,NaN,NaN,NaN,NaN,NaN
3,NaN,NaN,NaN,NaN,NaN,NaN,NaN,NaN
4,NaN,NaN,NaN,NaN,NaN,NaN,NaN,NaN
5,NaN,NaN,NaN,NaN,NaN,NaN,NaN,NaN
6,NaN,NaN,NaN,NaN,NaN,NaN,NaN,NaN
7,NaN,NaN,NaN,NaN,NaN,NaN,NaN,NaN
8,NaN,NaN,NaN,NaN,NaN,NaN,NaN,NaN
9,NaN,NaN,NaN,NaN,NaN,NaN,NaN,NaN
10,NaN,NaN,NaN,NaN,NaN,NaN,NaN,NaN
11,NaN,NaN,NaN,NaN,NaN,NaN,NaN,NaN
1,NaN,NaN,NaN,NaN,NaN,NaN,NaN,NaN
2,NaN,NaN,NaN,NaN,NaN,NaN,NaN,NaN
3,NaN,NaN,NaN,NaN,NaN,NaN,NaN,NaN
4,NaN,NaN,NaN,NaN,NaN,NaN,NaN,NaN
5,NaN,NaN,NaN,NaN,NaN,NaN,NaN,NaN
6,NaN,NaN,NaN,NaN,NaN,NaN,NaN,NaN
7,NaN,NaN,NaN,NaN,NaN,NaN,NaN,NaN
8,NaN,NaN,NaN,NaN,NaN,NaN,NaN,NaN
9,NaN,NaN,NaN,NaN,NaN,NaN,NaN,NaN
10,NaN,NaN,NaN,NaN,NaN,NaN,NaN,NaN
11,NaN,NaN,NaN,NaN,NaN,NaN,NaN,NaN
1,NaN,NaN,NaN,NaN,NaN,NaN,NaN,NaN
2,NaN,NaN,NaN,NaN,NaN,NaN,NaN,NaN
3,NaN,NaN,NaN,NaN,NaN,NaN,NaN,NaN
4,NaN,NaN,NaN,NaN,NaN,NaN,NaN,NaN
5,NaN,NaN,NaN,NaN,NaN,NaN,NaN,NaN
6,NaN,NaN,NaN,NaN,NaN,NaN,NaN,NaN
7,NaN,NaN,NaN,NaN,NaN,NaN,NaN,NaN
8,NaN,NaN,NaN,NaN,NaN,NaN,NaN,NaN
9,NaN,NaN,NaN,NaN,NaN,NaN,NaN,NaN
10,NaN,NaN,NaN,NaN,NaN,NaN,NaN,NaN
11,NaN,NaN,NaN,NaN,NaN,NaN,NaN,NaN
1,NaN,NaN,NaN,NaN,NaN,NaN,NaN,NaN
2,NaN,NaN,NaN,NaN,NaN,NaN,NaN,NaN
3,NaN,NaN,NaN,NaN,NaN,NaN,NaN,NaN
4,NaN,NaN,NaN,NaN,NaN,NaN,NaN,NaN
5,NaN,NaN,NaN,NaN,NaN,NaN,NaN,NaN
6,NaN,NaN,NaN,NaN,NaN,NaN,NaN,NaN
7,NaN,NaN,NaN,NaN,NaN,NaN,NaN,NaN
8,NaN,NaN,NaN,NaN,NaN,NaN,NaN,NaN
9,NaN,NaN,NaN,NaN,NaN,NaN,NaN,NaN
10,NaN,NaN,NaN,NaN,NaN,NaN,NaN,NaN
11,NaN,NaN,NaN,NaN,NaN,NaN,NaN,NaN
1,NaN,NaN,NaN,NaN,NaN,NaN,NaN,NaN
2,NaN,NaN,NaN,NaN,NaN,NaN,NaN,NaN
3,NaN,NaN,NaN,NaN,NaN,NaN,NaN,NaN
4,NaN,NaN,NaN,NaN,NaN,NaN,NaN,NaN
5,NaN,NaN,NaN,NaN,NaN,NaN,NaN,NaN
6,NaN,NaN,NaN,NaN,NaN,NaN,NaN,NaN
7,NaN,NaN,NaN,NaN,NaN,NaN,NaN,NaN
8,NaN,NaN,NaN,NaN,NaN,NaN,NaN,NaN
9,NaN,NaN,NaN,NaN,NaN,NaN,NaN,NaN
10,NaN,NaN,NaN,NaN,NaN,NaN,NaN,NaN
11,NaN,NaN,NaN,NaN,NaN,NaN,NaN,NaN
1,NaN,NaN,NaN,NaN,NaN,NaN,NaN,NaN
2,NaN,NaN,NaN,NaN,NaN,NaN,NaN,NaN
3,NaN,NaN,NaN,NaN,NaN,NaN,NaN,NaN
4,NaN,NaN,NaN,NaN,NaN,NaN,NaN,NaN
5,NaN,NaN,NaN,NaN,NaN,NaN,NaN,NaN
6,NaN,NaN,NaN,NaN,NaN,NaN,NaN,NaN
7,NaN,NaN,NaN,NaN,NaN,NaN,NaN,NaN
8,NaN,NaN,NaN,NaN,NaN,NaN,NaN,NaN
9,NaN,NaN,NaN,NaN,NaN,NaN,NaN,NaN
10,NaN,NaN,NaN,NaN,NaN,NaN,NaN,NaN
11,NaN,NaN,NaN,NaN,NaN,NaN,NaN,NaN
1,NaN,NaN,NaN,NaN,NaN,NaN,NaN,NaN
2,NaN,NaN,NaN,NaN,NaN,NaN,NaN,NaN
3,NaN,NaN,NaN,NaN,NaN,NaN,NaN,NaN
4,NaN,NaN,NaN,NaN,NaN,NaN,NaN,NaN
5,NaN,NaN,NaN,NaN,NaN,NaN,NaN,NaN
6,NaN,NaN,NaN,NaN,NaN,NaN,NaN,NaN
7,NaN,NaN,NaN,NaN,NaN,NaN,NaN,NaN
8,NaN,NaN,NaN,NaN,NaN,NaN,NaN,NaN
9,NaN,NaN,NaN,NaN,NaN,NaN,NaN,NaN
10,NaN,NaN,NaN,NaN,NaN,NaN,NaN,NaN
11,NaN,NaN,NaN,NaN,NaN,NaN,NaN,NaN
1,NaN,NaN,NaN,NaN,NaN,NaN,NaN,NaN
2,NaN,NaN,NaN,NaN,NaN,NaN,NaN,NaN
3,NaN,NaN,NaN,NaN,NaN,NaN,NaN,NaN
4,NaN,NaN,NaN,NaN,NaN,NaN,NaN,NaN
5,NaN,NaN,NaN,NaN,NaN,NaN,NaN,NaN
6,NaN,NaN,NaN,NaN,NaN,NaN,NaN,NaN
7,NaN,NaN,NaN,NaN,NaN,NaN,NaN,NaN
8,NaN,NaN,NaN,NaN,NaN,NaN,NaN,NaN
9,NaN,NaN,NaN,NaN,NaN,NaN,NaN,NaN
10,NaN,NaN,NaN,NaN,NaN,NaN,NaN,NaN
11,NaN,NaN,NaN,NaN,NaN,NaN,NaN,NaN
1,NaN,NaN,NaN,NaN,NaN,NaN,NaN,NaN
2,NaN,NaN,NaN,NaN,NaN,NaN,NaN,NaN
3,NaN,NaN,NaN,NaN,NaN,NaN,NaN,NaN
4,NaN,NaN,NaN,NaN,NaN,NaN,NaN,NaN
5,NaN,NaN,NaN,NaN,NaN,NaN,NaN,NaN
6,NaN,NaN,NaN,NaN,NaN,NaN,NaN,NaN
7,NaN,NaN,NaN,NaN,NaN,NaN,NaN,NaN
8,NaN,NaN,NaN,NaN,NaN,NaN,NaN,NaN
9,NaN,NaN,NaN,NaN,NaN,NaN,NaN,NaN
10,NaN,NaN,NaN,NaN,NaN,NaN,NaN,NaN
11,NaN,NaN,NaN,NaN,NaN,NaN,NaN,NaN
1,NaN,NaN,NaN,NaN,NaN,NaN,NaN,NaN
2,NaN,NaN,NaN,NaN,NaN,NaN,NaN,NaN
3,NaN,NaN,NaN,NaN,NaN,NaN,NaN,NaN
4,NaN,NaN,NaN,NaN,NaN,NaN,NaN,NaN
5,NaN,NaN,NaN,NaN,NaN,NaN,NaN,NaN
6,NaN,NaN,NaN,NaN,NaN,NaN,NaN,NaN
7,NaN,NaN,NaN,NaN,NaN,NaN,NaN,NaN
8,NaN,NaN,NaN,NaN,NaN,NaN,NaN,NaN
9,NaN,NaN,NaN,NaN,NaN,NaN,NaN,NaN
10,NaN,NaN,NaN,NaN,NaN,NaN,NaN,NaN
11,NaN,NaN,NaN,NaN,NaN,NaN,NaN,NaN
1,NaN,NaN,NaN,NaN,NaN,NaN,NaN,NaN
2,NaN,NaN,NaN,NaN,NaN,NaN,NaN,NaN
3,NaN,NaN,NaN,NaN,NaN,NaN,NaN,NaN
4,NaN,NaN,NaN,NaN,NaN,NaN,NaN,NaN
5,NaN,NaN,NaN,NaN,NaN,NaN,NaN,NaN
6,NaN,NaN,NaN,NaN,NaN,NaN,NaN,NaN
7,NaN,NaN,NaN,NaN,NaN,NaN,NaN,NaN
8,NaN,NaN,NaN,NaN,NaN,NaN,NaN,NaN
9,NaN,NaN,NaN,NaN,NaN,NaN,NaN,NaN
10,NaN,NaN,NaN,NaN,NaN,NaN,NaN,NaN
11,NaN,NaN,NaN,NaN,NaN,NaN,NaN,NaN
1,NaN,NaN,NaN,NaN,NaN,NaN,NaN,NaN
2,NaN,NaN,NaN,NaN,NaN,NaN,NaN,NaN
3,NaN,NaN,NaN,NaN,NaN,NaN,NaN,NaN
4,NaN,NaN,NaN,NaN,NaN,NaN,NaN,NaN
5,NaN,NaN,NaN,NaN,NaN,NaN,NaN,NaN
6,NaN,NaN,NaN,NaN,NaN,NaN,NaN,NaN
7,NaN,NaN,NaN,NaN,NaN,NaN,NaN,NaN
8,NaN,NaN,NaN,NaN,NaN,NaN,NaN,NaN
9,NaN,NaN,NaN,NaN,NaN,NaN,NaN,NaN
10,NaN,NaN,NaN,NaN,NaN,NaN,NaN,NaN
11,NaN,NaN,NaN,NaN,NaN,NaN,NaN,NaN
1,NaN,NaN,NaN,NaN,NaN,NaN,NaN,NaN
2,NaN,NaN,NaN,NaN,NaN,NaN,NaN,NaN
3,NaN,NaN,NaN,NaN,NaN,NaN,NaN,NaN
4,NaN,NaN,NaN,NaN,NaN,NaN,NaN,NaN
5,NaN,NaN,NaN,NaN,NaN,NaN,NaN,NaN
6,NaN,NaN,NaN,NaN,NaN,NaN,NaN,NaN
7,NaN,NaN,NaN,NaN,NaN,NaN,NaN,NaN
8,NaN,NaN,NaN,NaN,NaN,NaN,NaN,NaN
9,NaN,NaN,NaN,NaN,NaN,NaN,NaN,NaN
10,NaN,NaN,NaN,NaN,NaN,NaN,NaN,NaN
11,NaN,NaN,NaN,NaN,NaN,NaN,NaN,NaN
1,NaN,NaN,NaN,NaN,NaN,NaN,NaN,NaN
2,NaN,NaN,NaN,NaN,NaN,NaN,NaN,NaN
3,NaN,NaN,NaN,NaN,NaN,NaN,NaN,NaN
4,NaN,NaN,NaN,NaN,NaN,NaN,NaN,NaN
5,NaN,NaN,NaN,NaN,NaN,NaN,NaN,NaN
6,NaN,NaN,NaN,NaN,NaN,NaN,NaN,NaN
7,NaN,NaN,NaN,NaN,NaN,NaN,NaN,NaN
8,NaN,NaN,NaN,NaN,NaN,NaN,NaN,NaN
9,NaN,NaN,NaN,NaN,NaN,NaN,NaN,NaN
10,NaN,NaN,NaN,NaN,NaN,NaN,NaN,NaN
11,NaN,NaN,NaN,NaN,NaN,NaN,NaN,NaN
1,NaN,NaN,NaN,NaN,NaN,NaN,NaN,NaN
2,NaN,NaN,NaN,NaN,NaN,NaN,NaN,NaN
3,NaN,NaN,NaN,NaN,NaN,NaN,NaN,NaN
4,NaN,NaN,NaN,NaN,NaN,NaN,NaN,NaN
5,NaN,NaN,NaN,NaN,NaN,NaN,NaN,NaN
6,NaN,NaN,NaN,NaN,NaN,NaN,NaN,NaN
7,NaN,NaN,NaN,NaN,NaN,NaN,NaN,NaN
8,NaN,NaN,NaN,NaN,NaN,NaN,NaN,NaN
9,NaN,NaN,NaN,NaN,NaN,NaN,NaN,NaN
10,NaN,NaN,NaN,NaN,NaN,NaN,NaN,NaN
11,NaN,NaN,NaN,NaN,NaN,NaN,NaN,NaN
1,NaN,NaN,NaN,NaN,NaN,NaN,NaN,NaN
2,NaN,NaN,NaN,NaN,NaN,NaN,NaN,NaN
3,NaN,NaN,NaN,NaN,NaN,NaN,NaN,NaN
4,NaN,NaN,NaN,NaN,NaN,NaN,NaN,NaN
5,NaN,NaN,NaN,NaN,NaN,NaN,NaN,NaN
6,NaN,NaN,NaN,NaN,NaN,NaN,NaN,NaN
7,NaN,NaN,NaN,NaN,NaN,NaN,NaN,NaN
8,NaN,NaN,NaN,NaN,NaN,NaN,NaN,NaN
9,NaN,NaN,NaN,NaN,NaN,NaN,NaN,NaN
10,NaN,NaN,NaN,NaN,NaN,NaN,NaN,NaN
11,NaN,NaN,NaN,NaN,NaN,NaN,NaN,NaN
1,NaN,NaN,NaN,NaN,NaN,NaN,NaN,NaN
2,NaN,NaN,NaN,NaN,NaN,NaN,NaN,NaN
3,NaN,NaN,NaN,NaN,NaN,NaN,NaN,NaN
4,NaN,NaN,NaN,NaN,NaN,NaN,NaN,NaN
5,NaN,NaN,NaN,NaN,NaN,NaN,NaN,NaN
6,NaN,NaN,NaN,NaN,NaN,NaN,NaN,NaN
7,NaN,NaN,NaN,NaN,NaN,NaN,NaN,NaN
8,NaN,NaN,NaN,NaN,NaN,NaN,NaN,NaN
9,NaN,NaN,NaN,NaN,NaN,NaN,NaN,NaN
10,NaN,NaN,NaN,NaN,NaN,NaN,NaN,NaN
11,NaN,NaN,NaN,NaN,NaN,NaN,NaN,NaN
1,NaN,NaN,NaN,NaN,NaN,NaN,NaN,NaN
2,NaN,NaN,NaN,NaN,NaN,NaN,NaN,NaN
3,NaN,NaN,NaN,NaN,NaN,NaN,NaN,NaN
4,NaN,NaN,NaN,NaN,NaN,NaN,NaN,NaN
5,NaN,NaN,NaN,NaN,NaN,NaN,NaN,NaN
6,NaN,NaN,NaN,NaN,NaN,NaN,NaN,NaN
7,NaN,NaN,NaN,NaN,NaN,NaN,NaN,NaN
8,NaN,NaN,NaN,NaN,NaN,NaN,NaN,NaN
9,NaN,NaN,NaN,NaN,NaN,NaN,NaN,NaN
10,NaN,NaN,NaN,NaN,NaN,NaN,NaN,NaN
11,NaN,NaN,NaN,NaN,NaN,NaN,NaN,NaN
1,NaN,NaN,NaN,NaN,NaN,NaN,NaN,NaN
2,NaN,NaN,NaN,NaN,NaN,NaN,NaN,NaN
3,NaN,NaN,NaN,NaN,NaN,NaN,NaN,NaN
4,NaN,NaN,NaN,NaN,NaN,NaN,NaN,NaN
5,NaN,NaN,NaN,NaN,NaN,NaN,NaN,NaN
6,NaN,NaN,NaN,NaN,NaN,NaN,NaN,NaN
7,NaN,NaN,NaN,NaN,NaN,NaN,NaN,NaN
8,NaN,NaN,NaN,NaN,NaN,NaN,NaN,NaN
9,NaN,NaN,NaN,NaN,NaN,NaN,NaN,NaN
10,NaN,NaN,NaN,NaN,NaN,NaN,NaN,NaN
11,NaN,NaN,NaN,NaN,NaN,NaN,NaN,NaN
1,NaN,NaN,NaN,NaN,NaN,NaN,NaN,NaN
2,NaN,NaN,NaN,NaN,NaN,NaN,NaN,NaN
3,NaN,NaN,NaN,NaN,NaN,NaN,NaN,NaN
4,NaN,NaN,NaN,NaN,NaN,NaN,NaN,NaN
5,NaN,NaN,NaN,NaN,NaN,NaN,NaN,NaN
6,NaN,NaN,NaN,NaN,NaN,NaN,NaN,NaN
7,NaN,NaN,NaN,NaN,NaN,NaN,NaN,NaN
8,NaN,NaN,NaN,NaN,NaN,NaN,NaN,NaN
9,NaN,NaN,NaN,NaN,NaN,NaN,NaN,NaN
10,NaN,NaN,NaN,NaN,NaN,NaN,NaN,NaN
11,NaN,NaN,NaN,NaN,NaN,NaN,NaN,NaN
1,NaN,NaN,NaN,NaN,NaN,NaN,NaN,NaN
2,NaN,NaN,NaN,NaN,NaN,NaN,NaN,NaN
3,NaN,NaN,NaN,NaN,NaN,NaN,NaN,NaN
4,NaN,NaN,NaN,NaN,NaN,NaN,NaN,NaN
5,NaN,NaN,NaN,NaN,NaN,NaN,NaN,NaN
6,NaN,NaN,NaN,NaN,NaN,NaN,NaN,NaN
7,NaN,NaN,NaN,NaN,NaN,NaN,NaN,NaN
8,NaN,NaN,NaN,NaN,NaN,NaN,NaN,NaN
9,NaN,NaN,NaN,NaN,NaN,NaN,NaN,NaN
10,NaN,NaN,NaN,NaN,NaN,NaN,NaN,NaN
11,NaN,NaN,NaN,NaN,NaN,NaN,NaN,NaN
1,NaN,NaN,NaN,NaN,NaN,NaN,NaN,NaN
2,NaN,NaN,NaN,NaN,NaN,NaN,NaN,NaN
3,NaN,NaN,NaN,NaN,NaN,NaN,NaN,NaN
4,NaN,NaN,NaN,NaN,NaN,NaN,NaN,NaN
5,NaN,NaN,NaN,NaN,NaN,NaN,NaN,NaN
6,NaN,NaN,NaN,NaN,NaN,NaN,NaN,NaN
7,NaN,NaN,NaN,NaN,NaN,NaN,NaN,NaN
8,NaN,NaN,NaN,NaN,NaN,NaN,NaN,NaN
9,NaN,NaN,NaN,NaN,NaN,NaN,NaN,NaN
10,NaN,NaN,NaN,NaN,NaN,NaN,NaN,NaN
11,NaN,NaN,NaN,NaN,NaN,NaN,NaN,NaN
1,NaN,NaN,NaN,NaN,NaN,NaN,NaN,NaN
2,NaN,NaN,NaN,NaN,NaN,NaN,NaN,NaN
3,NaN,NaN,NaN,NaN,NaN,NaN,NaN,NaN
4,NaN,NaN,NaN,NaN,NaN,NaN,NaN,NaN
5,NaN,NaN,NaN,NaN,NaN,NaN,NaN,NaN
6,NaN,NaN,NaN,NaN,NaN,NaN,NaN,NaN
7,NaN,NaN,NaN,NaN,NaN,NaN,NaN,NaN
8,NaN,NaN,NaN,NaN,NaN,NaN,NaN,NaN
9,NaN,NaN,NaN,NaN,NaN,NaN,NaN,NaN
10,NaN,NaN,NaN,NaN,NaN,NaN,NaN,NaN
11,NaN,NaN,NaN,NaN,NaN,NaN,NaN,NaN
1,NaN,NaN,NaN,NaN,NaN,NaN,NaN,NaN
2,NaN,NaN,NaN,NaN,NaN,NaN,NaN,NaN
3,NaN,NaN,NaN,NaN,NaN,NaN,NaN,NaN
4,NaN,NaN,NaN,NaN,NaN,NaN,NaN,NaN
5,NaN,NaN,NaN,NaN,NaN,NaN,NaN,NaN
6,NaN,NaN,NaN,NaN,NaN,NaN,NaN,NaN
7,NaN,NaN,NaN,NaN,NaN,NaN,NaN,NaN
8,NaN,NaN,NaN,NaN,NaN,NaN,NaN,NaN
9,NaN,NaN,NaN,NaN,NaN,NaN,NaN,NaN
10,NaN,NaN,NaN,NaN,NaN,NaN,NaN,NaN
11,NaN,NaN,NaN,NaN,NaN,NaN,NaN,NaN
1,NaN,NaN,NaN,NaN,NaN,NaN,NaN,NaN
2,NaN,NaN,NaN,NaN,NaN,NaN,NaN,NaN
3,NaN,NaN,NaN,NaN,NaN,NaN,NaN,NaN
4,NaN,NaN,NaN,NaN,NaN,NaN,NaN,NaN
5,NaN,NaN,NaN,NaN,NaN,NaN,NaN,NaN
6,NaN,NaN,NaN,NaN,NaN,NaN,NaN,NaN
7,NaN,NaN,NaN,NaN,NaN,NaN,NaN,NaN
8,NaN,NaN,NaN,NaN,NaN,NaN,NaN,NaN
9,NaN,NaN,NaN,NaN,NaN,NaN,NaN,NaN
10,NaN,NaN,NaN,NaN,NaN,NaN,NaN,NaN
11,NaN,NaN,NaN,NaN,NaN,NaN,NaN,NaN
1,NaN,NaN,NaN,NaN,NaN,NaN,NaN,NaN
2,NaN,NaN,NaN,NaN,NaN,NaN,NaN,NaN
3,NaN,NaN,NaN,NaN,NaN,NaN,NaN,NaN
4,NaN,NaN,NaN,NaN,NaN,NaN,NaN,NaN
5,NaN,NaN,NaN,NaN,NaN,NaN,NaN,NaN
6,NaN,NaN,NaN,NaN,NaN,NaN,NaN,NaN
7,NaN,NaN,NaN,NaN,NaN,NaN,NaN,NaN
8,NaN,NaN,NaN,NaN,NaN,NaN,NaN,NaN
9,NaN,NaN,NaN,NaN,NaN,NaN,NaN,NaN
10,NaN,NaN,NaN,NaN,NaN,NaN,NaN,NaN
11,NaN,NaN,NaN,NaN,NaN,NaN,NaN,NaN
1,NaN,NaN,NaN,NaN,NaN,NaN,NaN,NaN
2,NaN,NaN,NaN,NaN,NaN,NaN,NaN,NaN
3,NaN,NaN,NaN,NaN,NaN,NaN,NaN,NaN
4,NaN,NaN,NaN,NaN,NaN,NaN,NaN,NaN
5,NaN,NaN,NaN,NaN,NaN,NaN,NaN,NaN
6,NaN,NaN,NaN,NaN,NaN,NaN,NaN,NaN
7,NaN,NaN,NaN,NaN,NaN,NaN,NaN,NaN
8,NaN,NaN,NaN,NaN,NaN,NaN,NaN,NaN
9,NaN,NaN,NaN,NaN,NaN,NaN,NaN,NaN
10,NaN,NaN,NaN,NaN,NaN,NaN,NaN,NaN
11,NaN,NaN,NaN,NaN,NaN,NaN,NaN,NaN
1,NaN,NaN,NaN,NaN,NaN,NaN,NaN,NaN
2,NaN,NaN,NaN,NaN,NaN,NaN,NaN,NaN
3,NaN,NaN,NaN,NaN,NaN,NaN,NaN,NaN
4,NaN,NaN,NaN,NaN,NaN,NaN,NaN,NaN
5,NaN,NaN,NaN,NaN,NaN,NaN,NaN,NaN
6,NaN,NaN,NaN,NaN,NaN,NaN,NaN,NaN
7,NaN,NaN,NaN,NaN,NaN,NaN,NaN,NaN
8,NaN,NaN,NaN,NaN,NaN,NaN,NaN,NaN
9,NaN,NaN,NaN,NaN,NaN,NaN,NaN,NaN
10,NaN,NaN,NaN,NaN,NaN,NaN,NaN,NaN
11,NaN,NaN,NaN,NaN,NaN,NaN,NaN,NaN
1,NaN,NaN,NaN,NaN,NaN,NaN,NaN,NaN
2,NaN,NaN,NaN,NaN,NaN,NaN,NaN,NaN
3,NaN,NaN,NaN,NaN,NaN,NaN,NaN,NaN
4,NaN,NaN,NaN,NaN,NaN,NaN,NaN,NaN
5,NaN,NaN,NaN,NaN,NaN,NaN,NaN,NaN
6,NaN,NaN,NaN,NaN,NaN,NaN,NaN,NaN
7,NaN,NaN,NaN,NaN,NaN,NaN,NaN,NaN
8,NaN,NaN,NaN,NaN,NaN,NaN,NaN,NaN
9,NaN,NaN,NaN,NaN,NaN,NaN,NaN,NaN
10,NaN,NaN,NaN,NaN,NaN,NaN,NaN,NaN
11,NaN,NaN,NaN,NaN,NaN,NaN,NaN,NaN
1,NaN,NaN,NaN,NaN,NaN,NaN,NaN,NaN
2,NaN,NaN,NaN,NaN,NaN,NaN,NaN,NaN
3,NaN,NaN,NaN,NaN,NaN,NaN,NaN,NaN
4,NaN,NaN,NaN,NaN,NaN,NaN,NaN,NaN
5,NaN,NaN,NaN,NaN,NaN,NaN,NaN,NaN
6,NaN,NaN,NaN,NaN,NaN,NaN,NaN,NaN
7,NaN,NaN,NaN,NaN,NaN,NaN,NaN,NaN
8,NaN,NaN,NaN,NaN,NaN,NaN,NaN,NaN
9,NaN,NaN,NaN,NaN,NaN,NaN,NaN,NaN
10,NaN,NaN,NaN,NaN,NaN,NaN,NaN,NaN
11,NaN,NaN,NaN,NaN,NaN,NaN,NaN,NaN
1,NaN,NaN,NaN,NaN,NaN,NaN,NaN,NaN
2,NaN,NaN,NaN,NaN,NaN,NaN,NaN,NaN
3,NaN,NaN,NaN,NaN,NaN,NaN,NaN,NaN
4,NaN,NaN,NaN,NaN,NaN,NaN,NaN,NaN
5,NaN,NaN,NaN,NaN,NaN,NaN,NaN,NaN
6,NaN,NaN,NaN,NaN,NaN,NaN,NaN,NaN
7,NaN,NaN,NaN,NaN,NaN,NaN,NaN,NaN
8,NaN,NaN,NaN,NaN,NaN,NaN,NaN,NaN
9,NaN,NaN,NaN,NaN,NaN,NaN,NaN,NaN
10,NaN,NaN,NaN,NaN,NaN,NaN,NaN,NaN
11,NaN,NaN,NaN,NaN,NaN,NaN,NaN,NaN
1,NaN,NaN,NaN,NaN,NaN,NaN,NaN,NaN
2,NaN,NaN,NaN,NaN,NaN,NaN,NaN,NaN
3,NaN,NaN,NaN,NaN,NaN,NaN,NaN,NaN
4,NaN,NaN,NaN,NaN,NaN,NaN,NaN,NaN
5,NaN,NaN,NaN,NaN,NaN,NaN,NaN,NaN
6,NaN,NaN,NaN,NaN,NaN,NaN,NaN,NaN
7,NaN,NaN,NaN,NaN,NaN,NaN,NaN,NaN
8,NaN,NaN,NaN,NaN,NaN,NaN,NaN,NaN
9,NaN,NaN,NaN,NaN,NaN,NaN,NaN,NaN
10,NaN,NaN,NaN,NaN,NaN,NaN,NaN,NaN
11,NaN,NaN,NaN,NaN,NaN,NaN,NaN,NaN
1,NaN,NaN,NaN,NaN,NaN,NaN,NaN,NaN
2,NaN,NaN,NaN,NaN,NaN,NaN,NaN,NaN
3,NaN,NaN,NaN,NaN,NaN,NaN,NaN,NaN
4,NaN,NaN,NaN,NaN,NaN,NaN,NaN,NaN
5,NaN,NaN,NaN,NaN,NaN,NaN,NaN,NaN
6,NaN,NaN,NaN,NaN,NaN,NaN,NaN,NaN
7,NaN,NaN,NaN,NaN,NaN,NaN,NaN,NaN
8,NaN,NaN,NaN,NaN,NaN,NaN,NaN,NaN
9,NaN,NaN,NaN,NaN,NaN,NaN,NaN,NaN
10,NaN,NaN,NaN,NaN,NaN,NaN,NaN,NaN
11,NaN,NaN,NaN,NaN,NaN,NaN,NaN,NaN
1,NaN,NaN,NaN,NaN,NaN,NaN,NaN,NaN
2,NaN,NaN,NaN,NaN,NaN,NaN,NaN,NaN
3,NaN,NaN,NaN,NaN,NaN,NaN,NaN,NaN
4,NaN,NaN,NaN,NaN,NaN,NaN,NaN,NaN
5,NaN,NaN,NaN,NaN,NaN,NaN,NaN,NaN
6,NaN,NaN,NaN,NaN,NaN,NaN,NaN,NaN
7,NaN,NaN,NaN,NaN,NaN,NaN,NaN,NaN
8,NaN,NaN,NaN,NaN,NaN,NaN,NaN,NaN
9,NaN,NaN,NaN,NaN,NaN,NaN,NaN,NaN
10,NaN,NaN,NaN,NaN,NaN,NaN,NaN,NaN
11,NaN,NaN,NaN,NaN,NaN,NaN,NaN,NaN
1,NaN,NaN,NaN,NaN,NaN,NaN,NaN,NaN
2,NaN,NaN,NaN,NaN,NaN,NaN,NaN,NaN
3,NaN,NaN,NaN,NaN,NaN,NaN,NaN,NaN
4,NaN,NaN,NaN,NaN,NaN,NaN,NaN,NaN
5,NaN,NaN,NaN,NaN,NaN,NaN,NaN,NaN
6,NaN,NaN,NaN,NaN,NaN,NaN,NaN,NaN
7,NaN,NaN,NaN,NaN,NaN,NaN,NaN,NaN
8,NaN,NaN,NaN,NaN,NaN,NaN,NaN,NaN
9,NaN,NaN,NaN,NaN,NaN,NaN,NaN,NaN
10,NaN,NaN,NaN,NaN,NaN,NaN,NaN,NaN
11,NaN,NaN,NaN,NaN,NaN,NaN,NaN,NaN
1,NaN,NaN,NaN,NaN,NaN,NaN,NaN,NaN
2,NaN,NaN,NaN,NaN,NaN,NaN,NaN,NaN
3,NaN,NaN,NaN,NaN,NaN,NaN,NaN,NaN
4,NaN,NaN,NaN,NaN,NaN,NaN,NaN,NaN
5,NaN,NaN,NaN,NaN,NaN,NaN,NaN,NaN
6,NaN,NaN,NaN,NaN,NaN,NaN,NaN,NaN
7,NaN,NaN,NaN,NaN,NaN,NaN,NaN,NaN
8,NaN,NaN,NaN,NaN,NaN,NaN,NaN,NaN
9,NaN,NaN,NaN,NaN,NaN,NaN,NaN,NaN
10,NaN,NaN,NaN,NaN,NaN,NaN,NaN,NaN
11,NaN,NaN,NaN,NaN,NaN,NaN,NaN,NaN
1,NaN,NaN,NaN,NaN,NaN,NaN,NaN,NaN
2,NaN,NaN,NaN,NaN,NaN,NaN,NaN,NaN
3,NaN,NaN,NaN,NaN,NaN,NaN,NaN,NaN
4,NaN,NaN,NaN,NaN,NaN,NaN,NaN,NaN
5,NaN,NaN,NaN,NaN,NaN,NaN,NaN,NaN
6,NaN,NaN,NaN,NaN,NaN,NaN,NaN,NaN
7,NaN,NaN,NaN,NaN,NaN,NaN,NaN,NaN
8,NaN,NaN,NaN,NaN,NaN,NaN,NaN,NaN
9,NaN,NaN,NaN,NaN,NaN,NaN,NaN,NaN
10,NaN,NaN,NaN,NaN,NaN,NaN,NaN,NaN
11,NaN,NaN,NaN,NaN,NaN,NaN,NaN,NaN
1,NaN,NaN,NaN,NaN,NaN,NaN,NaN,NaN
2,NaN,NaN,NaN,NaN,NaN,NaN,NaN,NaN
3,NaN,NaN,NaN,NaN,NaN,NaN,NaN,NaN
4,NaN,NaN,NaN,NaN,NaN,NaN,NaN,NaN
5,NaN,NaN,NaN,NaN,NaN,NaN,NaN,NaN
6,NaN,NaN,NaN,NaN,NaN,NaN,NaN,NaN
7,NaN,NaN,NaN,NaN,NaN,NaN,NaN,NaN
8,NaN,NaN,NaN,NaN,NaN,NaN,NaN,NaN
9,NaN,NaN,NaN,NaN,NaN,NaN,NaN,NaN
10,NaN,NaN,NaN,NaN,NaN,NaN,NaN,NaN
11,NaN,NaN,NaN,NaN,NaN,NaN,NaN,NaN
1,NaN,NaN,NaN,NaN,NaN,NaN,NaN,NaN
2,NaN,NaN,NaN,NaN,NaN,NaN,NaN,NaN
3,NaN,NaN,NaN,NaN,NaN,NaN,NaN,NaN
4,NaN,NaN,NaN,NaN,NaN,NaN,NaN,NaN
5,NaN,NaN,NaN,NaN,NaN,NaN,NaN,NaN
6,NaN,NaN,NaN,NaN,NaN,NaN,NaN,NaN
7,NaN,NaN,NaN,NaN,NaN,NaN,NaN,NaN
8,NaN,NaN,NaN,NaN,NaN,NaN,NaN,NaN
9,NaN,NaN,NaN,NaN,NaN,NaN,NaN,NaN
10,NaN,NaN,NaN,NaN,NaN,NaN,NaN,NaN
11,NaN,NaN,NaN,NaN,NaN,NaN,NaN,NaN
1,NaN,NaN,NaN,NaN,NaN,NaN,NaN,NaN
2,NaN,NaN,NaN,NaN,NaN,NaN,NaN,NaN
3,NaN,NaN,NaN,NaN,NaN,NaN,NaN,NaN
4,NaN,NaN,NaN,NaN,NaN,NaN,NaN,NaN
5,NaN,NaN,NaN,NaN,NaN,NaN,NaN,NaN
6,NaN,NaN,NaN,NaN,NaN,NaN,NaN,NaN
7,NaN,NaN,NaN,NaN,NaN,NaN,NaN,NaN
8,NaN,NaN,NaN,NaN,NaN,NaN,NaN,NaN
9,NaN,NaN,NaN,NaN,NaN,NaN,NaN,NaN
10,NaN,NaN,NaN,NaN,NaN,NaN,NaN,NaN
11,NaN,NaN,NaN,NaN,NaN,NaN,NaN,NaN
1,NaN,NaN,NaN,NaN,NaN,NaN,NaN,NaN
2,NaN,NaN,NaN,NaN,NaN,NaN,NaN,NaN
3,NaN,NaN,NaN,NaN,NaN,NaN,NaN,NaN
4,NaN,NaN,NaN,NaN,NaN,NaN,NaN,NaN
5,NaN,NaN,NaN,NaN,NaN,NaN,NaN,NaN
6,NaN,NaN,NaN,NaN,NaN,NaN,NaN,NaN
7,NaN,NaN,NaN,NaN,NaN,NaN,NaN,NaN
8,NaN,NaN,NaN,NaN,NaN,NaN,NaN,NaN
9,NaN,NaN,NaN,NaN,NaN,NaN,NaN,NaN
10,NaN,NaN,NaN,NaN,NaN,NaN,NaN,NaN
11,NaN,NaN,NaN,NaN,NaN,NaN,NaN,NaN
1,NaN,NaN,NaN,NaN,NaN,NaN,NaN,NaN
2,NaN,NaN,NaN,NaN,NaN,NaN,NaN,NaN
3,NaN,NaN,NaN,NaN,NaN,NaN,NaN,NaN
4,NaN,NaN,NaN,NaN,NaN,NaN,NaN,NaN
5,NaN,NaN,NaN,NaN,NaN,NaN,NaN,NaN
6,NaN,NaN,NaN,NaN,NaN,NaN,NaN,NaN
7,NaN,NaN,NaN,NaN,NaN,NaN,NaN,NaN
8,NaN,NaN,NaN,NaN,NaN,NaN,NaN,NaN
9,NaN,NaN,NaN,NaN,NaN,NaN,NaN,NaN
10,NaN,NaN,NaN,NaN,NaN,NaN,NaN,NaN
11,NaN,NaN,NaN,NaN,NaN,NaN,NaN,NaN
1,NaN,NaN,NaN,NaN,NaN,NaN,NaN,NaN
2,NaN,NaN,NaN,NaN,NaN,NaN,NaN,NaN
3,NaN,NaN,NaN,NaN,NaN,NaN,NaN,NaN
4,NaN,NaN,NaN,NaN,NaN,NaN,NaN,NaN
5,NaN,NaN,NaN,NaN,NaN,NaN,NaN,NaN
6,NaN,NaN,NaN,NaN,NaN,NaN,NaN,NaN
7,NaN,NaN,NaN,NaN,NaN,NaN,NaN,NaN
8,NaN,NaN,NaN,NaN,NaN,NaN,NaN,NaN
9,NaN,NaN,NaN,NaN,NaN,NaN,NaN,NaN
10,NaN,NaN,NaN,NaN,NaN,NaN,NaN,NaN
11,NaN,NaN,NaN,NaN,NaN,NaN,NaN,NaN
1,NaN,NaN,NaN,NaN,NaN,NaN,NaN,NaN
2,NaN,NaN,NaN,NaN,NaN,NaN,NaN,NaN
3,NaN,NaN,NaN,NaN,NaN,NaN,NaN,NaN
4,NaN,NaN,NaN,NaN,NaN,NaN,NaN,NaN
5,NaN,NaN,NaN,NaN,NaN,NaN,NaN,NaN
6,NaN,NaN,NaN,NaN,NaN,NaN,NaN,NaN
7,NaN,NaN,NaN,NaN,NaN,NaN,NaN,NaN
8,NaN,NaN,NaN,NaN,NaN,NaN,NaN,NaN
9,NaN,NaN,NaN,NaN,NaN,NaN,NaN,NaN
10,NaN,NaN,NaN,NaN,NaN,NaN,NaN,NaN
11,NaN,NaN,NaN,NaN,NaN,NaN,NaN,NaN
1,NaN,NaN,NaN,NaN,NaN,NaN,NaN,NaN
2,NaN,NaN,NaN,NaN,NaN,NaN,NaN,NaN
3,NaN,NaN,NaN,NaN,NaN,NaN,NaN,NaN
4,NaN,NaN,NaN,NaN,NaN,NaN,NaN,NaN
5,NaN,NaN,NaN,NaN,NaN,NaN,NaN,NaN
6,NaN,NaN,NaN,NaN,NaN,NaN,NaN,NaN
7,NaN,NaN,NaN,NaN,NaN,NaN,NaN,NaN
8,NaN,NaN,NaN,NaN,NaN,NaN,NaN,NaN
9,NaN,NaN,NaN,NaN,NaN,NaN,NaN,NaN
10,NaN,NaN,NaN,NaN,NaN,NaN,NaN,NaN
11,NaN,NaN,NaN,NaN,NaN,NaN,NaN,NaN
1,NaN,NaN,NaN,NaN,NaN,NaN,NaN,NaN
2,NaN,NaN,NaN,NaN,NaN,NaN,NaN,NaN
3,NaN,NaN,NaN,NaN,NaN,NaN,NaN,NaN
4,NaN,NaN,NaN,NaN,NaN,NaN,NaN,NaN
5,NaN,NaN,NaN,NaN,NaN,NaN,NaN,NaN
6,NaN,NaN,NaN,NaN,NaN,NaN,NaN,NaN
7,NaN,NaN,NaN,NaN,NaN,NaN,NaN,NaN
8,NaN,NaN,NaN,NaN,NaN,NaN,NaN,NaN
9,NaN,NaN,NaN,NaN,NaN,NaN,NaN,NaN
10,NaN,NaN,NaN,NaN,NaN,NaN,NaN,NaN
11,NaN,NaN,NaN,NaN,NaN,NaN,NaN,NaN
1,NaN,NaN,NaN,NaN,NaN,NaN,NaN,NaN
2,NaN,NaN,NaN,NaN,NaN,NaN,NaN,NaN
3,NaN,NaN,NaN,NaN,NaN,NaN,NaN,NaN
4,NaN,NaN,NaN,NaN,NaN,NaN,NaN,NaN
5,NaN,NaN,NaN,NaN,NaN,NaN,NaN,NaN
6,NaN,NaN,NaN,NaN,NaN,NaN,NaN,NaN
7,NaN,NaN,NaN,NaN,NaN,NaN,NaN,NaN
8,NaN,NaN,NaN,NaN,NaN,NaN,NaN,NaN
9,NaN,NaN,NaN,NaN,NaN,NaN,NaN,NaN
10,NaN,NaN,NaN,NaN,NaN,NaN,NaN,NaN
11,NaN,NaN,NaN,NaN,NaN,NaN,NaN,NaN
1,NaN,NaN,NaN,NaN,NaN,NaN,NaN,NaN
2,NaN,NaN,NaN,NaN,NaN,NaN,NaN,NaN
3,NaN,NaN,NaN,NaN,NaN,NaN,NaN,NaN
4,NaN,NaN,NaN,NaN,NaN,NaN,NaN,NaN
5,NaN,NaN,NaN,NaN,NaN,NaN,NaN,NaN
6,NaN,NaN,NaN,NaN,NaN,NaN,NaN,NaN
7,NaN,NaN,NaN,NaN,NaN,NaN,NaN,NaN
8,NaN,NaN,NaN,NaN,NaN,NaN,NaN,NaN
9,NaN,NaN,NaN,NaN,NaN,NaN,NaN,NaN
10,NaN,NaN,NaN,NaN,NaN,NaN,NaN,NaN
11,NaN,NaN,NaN,NaN,NaN,NaN,NaN,NaN
1,NaN,NaN,NaN,NaN,NaN,NaN,NaN,NaN
2,NaN,NaN,NaN,NaN,NaN,NaN,NaN,NaN
3,NaN,NaN,NaN,NaN,NaN,NaN,NaN,NaN
4,NaN,NaN,NaN,NaN,NaN,NaN,NaN,NaN
5,NaN,NaN,NaN,NaN,NaN,NaN,NaN,NaN
6,NaN,NaN,NaN,NaN,NaN,NaN,NaN,NaN
7,NaN,NaN,NaN,NaN,NaN,NaN,NaN,NaN
8,NaN,NaN,NaN,NaN,NaN,NaN,NaN,NaN
9,NaN,NaN,NaN,NaN,NaN,NaN,NaN,NaN
10,NaN,NaN,NaN,NaN,NaN,NaN,NaN,NaN
11,NaN,NaN,NaN,NaN,NaN,NaN,NaN,NaN
1,NaN,NaN,NaN,NaN,NaN,NaN,NaN,NaN
2,NaN,NaN,NaN,NaN,NaN,NaN,NaN,NaN
3,NaN,NaN,NaN,NaN,NaN,NaN,NaN,NaN
4,NaN,NaN,NaN,NaN,NaN,NaN,NaN,NaN
5,NaN,NaN,NaN,NaN,NaN,NaN,NaN,NaN
6,NaN,NaN,NaN,NaN,NaN,NaN,NaN,NaN
7,NaN,NaN,NaN,NaN,NaN,NaN,NaN,NaN
8,NaN,NaN,NaN,NaN,NaN,NaN,NaN,NaN
9,NaN,NaN,NaN,NaN,NaN,NaN,NaN,NaN
10,NaN,NaN,NaN,NaN,NaN,NaN,NaN,NaN
11,NaN,NaN,NaN,NaN,NaN,NaN,NaN,NaN
1,NaN,NaN,NaN,NaN,NaN,NaN,NaN,NaN
2,NaN,NaN,NaN,NaN,NaN,NaN,NaN,NaN
3,NaN,NaN,NaN,NaN,NaN,NaN,NaN,NaN
4,NaN,NaN,NaN,NaN,NaN,NaN,NaN,NaN
5,NaN,NaN,NaN,NaN,NaN,NaN,NaN,NaN
6,NaN,NaN,NaN,NaN,NaN,NaN,NaN,NaN
7,NaN,NaN,NaN,NaN,NaN,NaN,NaN,NaN
8,NaN,NaN,NaN,NaN,NaN,NaN,NaN,NaN
9,NaN,NaN,NaN,NaN,NaN,NaN,NaN,NaN
10,NaN,NaN,NaN,NaN,NaN,NaN,NaN,NaN
11,NaN,NaN,NaN,NaN,NaN,NaN,NaN,NaN
1,NaN,NaN,NaN,NaN,NaN,NaN,NaN,NaN
2,NaN,NaN,NaN,NaN,NaN,NaN,NaN,NaN
3,NaN,NaN,NaN,NaN,NaN,NaN,NaN,NaN
4,NaN,NaN,NaN,NaN,NaN,NaN,NaN,NaN
5,NaN,NaN,NaN,NaN,NaN,NaN,NaN,NaN
6,NaN,NaN,NaN,NaN,NaN,NaN,NaN,NaN
7,NaN,NaN,NaN,NaN,NaN,NaN,NaN,NaN
8,NaN,NaN,NaN,NaN,NaN,NaN,NaN,NaN
9,NaN,NaN,NaN,NaN,NaN,NaN,NaN,NaN
10,NaN,NaN,NaN,NaN,NaN,NaN,NaN,NaN
11,NaN,NaN,NaN,NaN,NaN,NaN,NaN,NaN
1,NaN,NaN,NaN,NaN,NaN,NaN,NaN,NaN
2,NaN,NaN,NaN,NaN,NaN,NaN,NaN,NaN
3,NaN,NaN,NaN,NaN,NaN,NaN,NaN,NaN
4,NaN,NaN,NaN,NaN,NaN,NaN,NaN,NaN
5,NaN,NaN,NaN,NaN,NaN,NaN,NaN,NaN
6,NaN,NaN,NaN,NaN,NaN,NaN,NaN,NaN
7,NaN,NaN,NaN,NaN,NaN,NaN,NaN,NaN
8,NaN,NaN,NaN,NaN,NaN,NaN,NaN,NaN
9,NaN,NaN,NaN,NaN,NaN,NaN,NaN,NaN
10,NaN,NaN,NaN,NaN,NaN,NaN,NaN,NaN
11,NaN,NaN,NaN,NaN,NaN,NaN,NaN,NaN
1,NaN,NaN,NaN,NaN,NaN,NaN,NaN,NaN
2,NaN,NaN,NaN,NaN,NaN,NaN,NaN,NaN
3,NaN,NaN,NaN,NaN,NaN,NaN,NaN,NaN
4,NaN,NaN,NaN,NaN,NaN,NaN,NaN,NaN
5,NaN,NaN,NaN,NaN,NaN,NaN,NaN,NaN
6,NaN,NaN,NaN,NaN,NaN,NaN,NaN,NaN
7,NaN,NaN,NaN,NaN,NaN,NaN,NaN,NaN
8,NaN,NaN,NaN,NaN,NaN,NaN,NaN,NaN
9,NaN,NaN,NaN,NaN,NaN,NaN,NaN,NaN
10,NaN,NaN,NaN,NaN,NaN,NaN,NaN,NaN
11,NaN,NaN,NaN,NaN,NaN,NaN,NaN,NaN
1,NaN,NaN,NaN,NaN,NaN,NaN,NaN,NaN
2,NaN,NaN,NaN,NaN,NaN,NaN,NaN,NaN
3,NaN,NaN,NaN,NaN,NaN,NaN,NaN,NaN
4,NaN,NaN,NaN,NaN,NaN,NaN,NaN,NaN
5,NaN,NaN,NaN,NaN,NaN,NaN,NaN,NaN
6,NaN,NaN,NaN,NaN,NaN,NaN,NaN,NaN
7,NaN,NaN,NaN,NaN,NaN,NaN,NaN,NaN
8,NaN,NaN,NaN,NaN,NaN,NaN,NaN,NaN
9,NaN,NaN,NaN,NaN,NaN,NaN,NaN,NaN
10,NaN,NaN,NaN,NaN,NaN,NaN,NaN,NaN
11,NaN,NaN,NaN,NaN,NaN,NaN,NaN,NaN
1,NaN,NaN,NaN,NaN,NaN,NaN,NaN,NaN
2,NaN,NaN,NaN,NaN,NaN,NaN,NaN,NaN
3,NaN,NaN,NaN,NaN,NaN,NaN,NaN,NaN
4,NaN,NaN,NaN,NaN,NaN,NaN,NaN,NaN
5,NaN,NaN,NaN,NaN,NaN,NaN,NaN,NaN
6,NaN,NaN,NaN,NaN,NaN,NaN,NaN,NaN
7,NaN,NaN,NaN,NaN,NaN,NaN,NaN,NaN
8,NaN,NaN,NaN,NaN,NaN,NaN,NaN,NaN
9,NaN,NaN,NaN,NaN,NaN,NaN,NaN,NaN
10,NaN,NaN,NaN,NaN,NaN,NaN,NaN,NaN
11,NaN,NaN,NaN,NaN,NaN,NaN,NaN,NaN
1,NaN,NaN,NaN,NaN,NaN,NaN,NaN,NaN
2,NaN,NaN,NaN,NaN,NaN,NaN,NaN,NaN
3,NaN,NaN,NaN,NaN,NaN,NaN,NaN,NaN
4,NaN,NaN,NaN,NaN,NaN,NaN,NaN,NaN
5,NaN,NaN,NaN,NaN,NaN,NaN,NaN,NaN
6,NaN,NaN,NaN,NaN,NaN,NaN,NaN,NaN
7,NaN,NaN,NaN,NaN,NaN,NaN,NaN,NaN
8,NaN,NaN,NaN,NaN,NaN,NaN,NaN,NaN
9,NaN,NaN,NaN,NaN,NaN,NaN,NaN,NaN
10,NaN,NaN,NaN,NaN,NaN,NaN,NaN,NaN
11,NaN,NaN,NaN,NaN,NaN,NaN,NaN,NaN
1,NaN,NaN,NaN,NaN,NaN,NaN,NaN,NaN
2,NaN,NaN,NaN,NaN,NaN,NaN,NaN,NaN
3,NaN,NaN,NaN,NaN,NaN,NaN,NaN,NaN
4,NaN,NaN,NaN,NaN,NaN,NaN,NaN,NaN
5,NaN,NaN,NaN,NaN,NaN,NaN,NaN,NaN
6,NaN,NaN,NaN,NaN,NaN,NaN,NaN,NaN
7,NaN,NaN,NaN,NaN,NaN,NaN,NaN,NaN
8,NaN,NaN,NaN,NaN,NaN,NaN,NaN,NaN
9,NaN,NaN,NaN,NaN,NaN,NaN,NaN,NaN
10,NaN,NaN,NaN,NaN,NaN,NaN,NaN,NaN
11,NaN,NaN,NaN,NaN,NaN,NaN,NaN,NaN
1,NaN,NaN,NaN,NaN,NaN,NaN,NaN,NaN
2,NaN,NaN,NaN,NaN,NaN,NaN,NaN,NaN
3,NaN,NaN,NaN,NaN,NaN,NaN,NaN,NaN
4,NaN,NaN,NaN,NaN,NaN,NaN,NaN,NaN
5,NaN,NaN,NaN,NaN,NaN,NaN,NaN,NaN
6,NaN,NaN,NaN,NaN,NaN,NaN,NaN,NaN
7,NaN,NaN,NaN,NaN,NaN,NaN,NaN,NaN
8,NaN,NaN,NaN,NaN,NaN,NaN,NaN,NaN
9,NaN,NaN,NaN,NaN,NaN,NaN,NaN,NaN
10,NaN,NaN,NaN,NaN,NaN,NaN,NaN,NaN
11,NaN,NaN,NaN,NaN,NaN,NaN,NaN,NaN
1,NaN,NaN,NaN,NaN,NaN,NaN,NaN,NaN
2,NaN,NaN,NaN,NaN,NaN,NaN,NaN,NaN
3,NaN,NaN,NaN,NaN,NaN,NaN,NaN,NaN
4,NaN,NaN,NaN,NaN,NaN,NaN,NaN,NaN
5,NaN,NaN,NaN,NaN,NaN,NaN,NaN,NaN
6,NaN,NaN,NaN,NaN,NaN,NaN,NaN,NaN
7,NaN,NaN,NaN,NaN,NaN,NaN,NaN,NaN
8,NaN,NaN,NaN,NaN,NaN,NaN,NaN,NaN
9,NaN,NaN,NaN,NaN,NaN,NaN,NaN,NaN
10,NaN,NaN,NaN,NaN,NaN,NaN,NaN,NaN
11,NaN,NaN,NaN,NaN,NaN,NaN,NaN,NaN
1,NaN,NaN,NaN,NaN,NaN,NaN,NaN,NaN
2,NaN,NaN,NaN,NaN,NaN,NaN,NaN,NaN
3,NaN,NaN,NaN,NaN,NaN,NaN,NaN,NaN
4,NaN,NaN,NaN,NaN,NaN,NaN,NaN,NaN
5,NaN,NaN,NaN,NaN,NaN,NaN,NaN,NaN
6,NaN,NaN,NaN,NaN,NaN,NaN,NaN,NaN
7,NaN,NaN,NaN,NaN,NaN,NaN,NaN,NaN
8,NaN,NaN,NaN,NaN,NaN,NaN,NaN,NaN
9,NaN,NaN,NaN,NaN,NaN,NaN,NaN,NaN
10,NaN,NaN,NaN,NaN,NaN,NaN,NaN,NaN
11,NaN,NaN,NaN,NaN,NaN,NaN,NaN,NaN
1,NaN,NaN,NaN,NaN,NaN,NaN,NaN,NaN
2,NaN,NaN,NaN,NaN,NaN,NaN,NaN,NaN
3,NaN,NaN,NaN,NaN,NaN,NaN,NaN,NaN
4,NaN,NaN,NaN,NaN,NaN,NaN,NaN,NaN
5,NaN,NaN,NaN,NaN,NaN,NaN,NaN,NaN
6,NaN,NaN,NaN,NaN,NaN,NaN,NaN,NaN
7,NaN,NaN,NaN,NaN,NaN,NaN,NaN,NaN
8,NaN,NaN,NaN,NaN,NaN,NaN,NaN,NaN
9,NaN,NaN,NaN,NaN,NaN,NaN,NaN,NaN
10,NaN,NaN,NaN,NaN,NaN,NaN,NaN,NaN
11,NaN,NaN,NaN,NaN,NaN,NaN,NaN,NaN
1,NaN,NaN,NaN,NaN,NaN,NaN,NaN,NaN
2,NaN,NaN,NaN,NaN,NaN,NaN,NaN,NaN
3,NaN,NaN,NaN,NaN,NaN,NaN,NaN,NaN
4,NaN,NaN,NaN,NaN,NaN,NaN,NaN,NaN
5,NaN,NaN,NaN,NaN,NaN,NaN,NaN,NaN
6,NaN,NaN,NaN,NaN,NaN,NaN,NaN,NaN
7,NaN,NaN,NaN,NaN,NaN,NaN,NaN,NaN
8,NaN,NaN,NaN,NaN,NaN,NaN,NaN,NaN
9,NaN,NaN,NaN,NaN,NaN,NaN,NaN,NaN
10,NaN,NaN,NaN,NaN,NaN,NaN,NaN,NaN
11,NaN,NaN,NaN,NaN,NaN,NaN,NaN,NaN
1,NaN,NaN,NaN,NaN,NaN,NaN,NaN,NaN
2,NaN,NaN,NaN,NaN,NaN,NaN,NaN,NaN
3,NaN,NaN,NaN,NaN,NaN,NaN,NaN,NaN
4,NaN,NaN,NaN,NaN,NaN,NaN,NaN,NaN
5,NaN,NaN,NaN,NaN,NaN,NaN,NaN,NaN
6,NaN,NaN,NaN,NaN,NaN,NaN,NaN,NaN
7,NaN,NaN,NaN,NaN,NaN,NaN,NaN,NaN
8,NaN,NaN,NaN,NaN,NaN,NaN,NaN,NaN
9,NaN,NaN,NaN,NaN,NaN,NaN,NaN,NaN
10,NaN,NaN,NaN,NaN,NaN,NaN,NaN,NaN
11,NaN,NaN,NaN,NaN,NaN,NaN,NaN,NaN
1,NaN,NaN,NaN,NaN,NaN,NaN,NaN,NaN
2,NaN,NaN,NaN,NaN,NaN,NaN,NaN,NaN
3,NaN,NaN,NaN,NaN,NaN,NaN,NaN,NaN
4,NaN,NaN,NaN,NaN,NaN,NaN,NaN,NaN
5,NaN,NaN,NaN,NaN,NaN,NaN,NaN,NaN
6,NaN,NaN,NaN,NaN,NaN,NaN,NaN,NaN
7,NaN,NaN,NaN,NaN,NaN,NaN,NaN,NaN
8,NaN,NaN,NaN,NaN,NaN,NaN,NaN,NaN
9,NaN,NaN,NaN,NaN,NaN,NaN,NaN,NaN
10,NaN,NaN,NaN,NaN,NaN,NaN,NaN,NaN
11,NaN,NaN,NaN,NaN,NaN,NaN,NaN,NaN
1,NaN,NaN,NaN,NaN,NaN,NaN,NaN,NaN
2,NaN,NaN,NaN,NaN,NaN,NaN,NaN,NaN
3,NaN,NaN,NaN,NaN,NaN,NaN,NaN,NaN
4,NaN,NaN,NaN,NaN,NaN,NaN,NaN,NaN
5,NaN,NaN,NaN,NaN,NaN,NaN,NaN,NaN
6,NaN,NaN,NaN,NaN,NaN,NaN,NaN,NaN
7,NaN,NaN,NaN,NaN,NaN,NaN,NaN,NaN
8,NaN,NaN,NaN,NaN,NaN,NaN,NaN,NaN
9,NaN,NaN,NaN,NaN,NaN,NaN,NaN,NaN
10,NaN,NaN,NaN,NaN,NaN,NaN,NaN,NaN
11,NaN,NaN,NaN,NaN,NaN,NaN,NaN,NaN
1,NaN,NaN,NaN,NaN,NaN,NaN,NaN,NaN
2,NaN,NaN,NaN,NaN,NaN,NaN,NaN,NaN
3,NaN,NaN,NaN,NaN,NaN,NaN,NaN,NaN
4,NaN,NaN,NaN,NaN,NaN,NaN,NaN,NaN
5,NaN,NaN,NaN,NaN,NaN,NaN,NaN,NaN
6,NaN,NaN,NaN,NaN,NaN,NaN,NaN,NaN
7,NaN,NaN,NaN,NaN,NaN,NaN,NaN,NaN
8,NaN,NaN,NaN,NaN,NaN,NaN,NaN,NaN
9,NaN,NaN,NaN,NaN,NaN,NaN,NaN,NaN
10,NaN,NaN,NaN,NaN,NaN,NaN,NaN,NaN
11,NaN,NaN,NaN,NaN,NaN,NaN,NaN,NaN
1,NaN,NaN,NaN,NaN,NaN,NaN,NaN,NaN
2,NaN,NaN,NaN,NaN,NaN,NaN,NaN,NaN
3,NaN,NaN,NaN,NaN,NaN,NaN,NaN,NaN
4,NaN,NaN,NaN,NaN,NaN,NaN,NaN,NaN
5,NaN,NaN,NaN,NaN,NaN,NaN,NaN,NaN
6,NaN,NaN,NaN,NaN,NaN,NaN,NaN,NaN
7,NaN,NaN,NaN,NaN,NaN,NaN,NaN,NaN
8,NaN,NaN,NaN,NaN,NaN,NaN,NaN,NaN
9,NaN,NaN,NaN,NaN,NaN,NaN,NaN,NaN
10,NaN,NaN,NaN,NaN,NaN,NaN,NaN,NaN
11,NaN,NaN,NaN,NaN,NaN,NaN,NaN,NaN
1,NaN,NaN,NaN,NaN,NaN,NaN,NaN,NaN
2,NaN,NaN,NaN,NaN,NaN,NaN,NaN,NaN
3,NaN,NaN,NaN,NaN,NaN,NaN,NaN,NaN
4,NaN,NaN,NaN,NaN,NaN,NaN,NaN,NaN
5,NaN,NaN,NaN,NaN,NaN,NaN,NaN,NaN
6,NaN,NaN,NaN,NaN,NaN,NaN,NaN,NaN
7,NaN,NaN,NaN,NaN,NaN,NaN,NaN,NaN
8,NaN,NaN,NaN,NaN,NaN,NaN,NaN,NaN
9,NaN,NaN,NaN,NaN,NaN,NaN,NaN,NaN
10,NaN,NaN,NaN,NaN,NaN,NaN,NaN,NaN
11,NaN,NaN,NaN,NaN,NaN,NaN,NaN,NaN
1,NaN,NaN,NaN,NaN,NaN,NaN,NaN,NaN
2,NaN,NaN,NaN,NaN,NaN,NaN,NaN,NaN
3,NaN,NaN,NaN,NaN,NaN,NaN,NaN,NaN
4,NaN,NaN,NaN,NaN,NaN,NaN,NaN,NaN
5,NaN,NaN,NaN,NaN,NaN,NaN,NaN,NaN
6,NaN,NaN,NaN,NaN,NaN,NaN,NaN,NaN
7,NaN,NaN,NaN,NaN,NaN,NaN,NaN,NaN
8,NaN,NaN,NaN,NaN,NaN,NaN,NaN,NaN
9,NaN,NaN,NaN,NaN,NaN,NaN,NaN,NaN
10,NaN,NaN,NaN,NaN,NaN,NaN,NaN,NaN
11,NaN,NaN,NaN,NaN,NaN,NaN,NaN,NaN
1,NaN,NaN,NaN,NaN,NaN,NaN,NaN,NaN
2,NaN,NaN,NaN,NaN,NaN,NaN,NaN,NaN
3,NaN,NaN,NaN,NaN,NaN,NaN,NaN,NaN
4,NaN,NaN,NaN,NaN,NaN,NaN,NaN,NaN
5,NaN,NaN,NaN,NaN,NaN,NaN,NaN,NaN
6,NaN,NaN,NaN,NaN,NaN,NaN,NaN,NaN
7,NaN,NaN,NaN,NaN,NaN,NaN,NaN,NaN
8,NaN,NaN,NaN,NaN,NaN,NaN,NaN,NaN
9,NaN,NaN,NaN,NaN,NaN,NaN,NaN,NaN
10,NaN,NaN,NaN,NaN,NaN,NaN,NaN,NaN
11,NaN,NaN,NaN,NaN,NaN,NaN,NaN,NaN
1,NaN,NaN,NaN,NaN,NaN,NaN,NaN,NaN
2,NaN,NaN,NaN,NaN,NaN,NaN,NaN,NaN
3,NaN,NaN,NaN,NaN,NaN,NaN,NaN,NaN
4,NaN,NaN,NaN,NaN,NaN,NaN,NaN,NaN
5,NaN,NaN,NaN,NaN,NaN,NaN,NaN,NaN
6,NaN,NaN,NaN,NaN,NaN,NaN,NaN,NaN
7,NaN,NaN,NaN,NaN,NaN,NaN,NaN,NaN
8,NaN,NaN,NaN,NaN,NaN,NaN,NaN,NaN
9,NaN,NaN,NaN,NaN,NaN,NaN,NaN,NaN
10,NaN,NaN,NaN,NaN,NaN,NaN,NaN,NaN
11,NaN,NaN,NaN,NaN,NaN,NaN,NaN,NaN
1,NaN,NaN,NaN,NaN,NaN,NaN,NaN,NaN
2,NaN,NaN,NaN,NaN,NaN,NaN,NaN,NaN
3,NaN,NaN,NaN,NaN,NaN,NaN,NaN,NaN
4,NaN,NaN,NaN,NaN,NaN,NaN,NaN,NaN
5,NaN,NaN,NaN,NaN,NaN,NaN,NaN,NaN
6,NaN,NaN,NaN,NaN,NaN,NaN,NaN,NaN
7,NaN,NaN,NaN,NaN,NaN,NaN,NaN,NaN
8,NaN,NaN,NaN,NaN,NaN,NaN,NaN,NaN
9,NaN,NaN,NaN,NaN,NaN,NaN,NaN,NaN
10,NaN,NaN,NaN,NaN,NaN,NaN,NaN,NaN
11,NaN,NaN,NaN,NaN,NaN,NaN,NaN,NaN
1,NaN,NaN,NaN,NaN,NaN,NaN,NaN,NaN
2,NaN,NaN,NaN,NaN,NaN,NaN,NaN,NaN
3,NaN,NaN,NaN,NaN,NaN,NaN,NaN,NaN
4,NaN,NaN,NaN,NaN,NaN,NaN,NaN,NaN
5,NaN,NaN,NaN,NaN,NaN,NaN,NaN,NaN
6,NaN,NaN,NaN,NaN,NaN,NaN,NaN,NaN
7,NaN,NaN,NaN,NaN,NaN,NaN,NaN,NaN
8,NaN,NaN,NaN,NaN,NaN,NaN,NaN,NaN
9,NaN,NaN,NaN,NaN,NaN,NaN,NaN,NaN
10,NaN,NaN,NaN,NaN,NaN,NaN,NaN,NaN
11,NaN,NaN,NaN,NaN,NaN,NaN,NaN,NaN
1,NaN,NaN,NaN,NaN,NaN,NaN,NaN,NaN
2,NaN,NaN,NaN,NaN,NaN,NaN,NaN,NaN
3,NaN,NaN,NaN,NaN,NaN,NaN,NaN,NaN
4,NaN,NaN,NaN,NaN,NaN,NaN,NaN,NaN
5,NaN,NaN,NaN,NaN,NaN,NaN,NaN,NaN
6,NaN,NaN,NaN,NaN,NaN,NaN,NaN,NaN
7,NaN,NaN,NaN,NaN,NaN,NaN,NaN,NaN
8,NaN,NaN,NaN,NaN,NaN,NaN,NaN,NaN
9,NaN,NaN,NaN,NaN,NaN,NaN,NaN,NaN
10,NaN,NaN,NaN,NaN,NaN,NaN,NaN,NaN
11,NaN,NaN,NaN,NaN,NaN,NaN,NaN,NaN
1,NaN,NaN,NaN,NaN,NaN,NaN,NaN,NaN
2,NaN,NaN,NaN,NaN,NaN,NaN,NaN,NaN
3,NaN,NaN,NaN,NaN,NaN,NaN,NaN,NaN
4,NaN,NaN,NaN,NaN,NaN,NaN,NaN,NaN
5,NaN,NaN,NaN,NaN,NaN,NaN,NaN,NaN
6,NaN,NaN,NaN,NaN,NaN,NaN,NaN,NaN
7,NaN,NaN,NaN,NaN,NaN,NaN,NaN,NaN
8,NaN,NaN,NaN,NaN,NaN,NaN,NaN,NaN
9,NaN,NaN,NaN,NaN,NaN,NaN,NaN,NaN
10,NaN,NaN,NaN,NaN,NaN,NaN,NaN,NaN
11,NaN,NaN,NaN,NaN,NaN,NaN,NaN,NaN
1,NaN,NaN,NaN,NaN,NaN,NaN,NaN,NaN
2,NaN,NaN,NaN,NaN,NaN,NaN,NaN,NaN
3,NaN,NaN,NaN,NaN,NaN,NaN,NaN,NaN
4,NaN,NaN,NaN,NaN,NaN,NaN,NaN,NaN
5,NaN,NaN,NaN,NaN,NaN,NaN,NaN,NaN
6,NaN,NaN,NaN,NaN,NaN,NaN,NaN,NaN
7,NaN,NaN,NaN,NaN,NaN,NaN,NaN,NaN
8,NaN,NaN,NaN,NaN,NaN,NaN,NaN,NaN
9,NaN,NaN,NaN,NaN,NaN,NaN,NaN,NaN
10,NaN,NaN,NaN,NaN,NaN,NaN,NaN,NaN
11,NaN,NaN,NaN,NaN,NaN,NaN,NaN,NaN
1,NaN,NaN,NaN,NaN,NaN,NaN,NaN,NaN
2,NaN,NaN,NaN,NaN,NaN,NaN,NaN,NaN
3,NaN,NaN,NaN,NaN,NaN,NaN,NaN,NaN
4,NaN,NaN,NaN,NaN,NaN,NaN,NaN,NaN
5,NaN,NaN,NaN,NaN,NaN,NaN,NaN,NaN
6,NaN,NaN,NaN,NaN,NaN,NaN,NaN,NaN
7,NaN,NaN,NaN,NaN,NaN,NaN,NaN,NaN
8,NaN,NaN,NaN,NaN,NaN,NaN,NaN,NaN
9,NaN,NaN,NaN,NaN,NaN,NaN,NaN,NaN
10,NaN,NaN,NaN,NaN,NaN,NaN,NaN,NaN
11,NaN,NaN,NaN,NaN,NaN,NaN,NaN,NaN
1,NaN,NaN,NaN,NaN,NaN,NaN,NaN,NaN
2,NaN,NaN,NaN,NaN,NaN,NaN,NaN,NaN
3,NaN,NaN,NaN,NaN,NaN,NaN,NaN,NaN
4,NaN,NaN,NaN,NaN,NaN,NaN,NaN,NaN
5,NaN,NaN,NaN,NaN,NaN,NaN,NaN,NaN
6,NaN,NaN,NaN,NaN,NaN,NaN,NaN,NaN
7,NaN,NaN,NaN,NaN,NaN,NaN,NaN,NaN
8,NaN,NaN,NaN,NaN,NaN,NaN,NaN,NaN
9,NaN,NaN,NaN,NaN,NaN,NaN,NaN,NaN
10,NaN,NaN,NaN,NaN,NaN,NaN,NaN,NaN
11,NaN,NaN,NaN,NaN,NaN,NaN,NaN,NaN
1,NaN,NaN,NaN,NaN,NaN,NaN,NaN,NaN
2,NaN,NaN,NaN,NaN,NaN,NaN,NaN,NaN
3,NaN,NaN,NaN,NaN,NaN,NaN,NaN,NaN
4,NaN,NaN,NaN,NaN,NaN,NaN,NaN,NaN
5,NaN,NaN,NaN,NaN,NaN,NaN,NaN,NaN
6,NaN,NaN,NaN,NaN,NaN,NaN,NaN,NaN
7,NaN,NaN,NaN,NaN,NaN,NaN,NaN,NaN
8,NaN,NaN,NaN,NaN,NaN,NaN,NaN,NaN
9,NaN,NaN,NaN,NaN,NaN,NaN,NaN,NaN
10,NaN,NaN,NaN,NaN,NaN,NaN,NaN,NaN
11,NaN,NaN,NaN,NaN,NaN,NaN,NaN,NaN
1,NaN,NaN,NaN,NaN,NaN,NaN,NaN,NaN
2,NaN,NaN,NaN,NaN,NaN,NaN,NaN,NaN
3,NaN,NaN,NaN,NaN,NaN,NaN,NaN,NaN
4,NaN,NaN,NaN,NaN,NaN,NaN,NaN,NaN
5,NaN,NaN,NaN,NaN,NaN,NaN,NaN,NaN
6,NaN,NaN,NaN,NaN,NaN,NaN,NaN,NaN
7,NaN,NaN,NaN,NaN,NaN,NaN,NaN,NaN
8,NaN,NaN,NaN,NaN,NaN,NaN,NaN,NaN
9,NaN,NaN,NaN,NaN,NaN,NaN,NaN,NaN
10,NaN,NaN,NaN,NaN,NaN,NaN,NaN,NaN
11,NaN,NaN,NaN,NaN,NaN,NaN,NaN,NaN
1,NaN,NaN,NaN,NaN,NaN,NaN,NaN,NaN
2,NaN,NaN,NaN,NaN,NaN,NaN,NaN,NaN
3,NaN,NaN,NaN,NaN,NaN,NaN,NaN,NaN
4,NaN,NaN,NaN,NaN,NaN,NaN,NaN,NaN
5,NaN,NaN,NaN,NaN,NaN,NaN,NaN,NaN
6,NaN,NaN,NaN,NaN,NaN,NaN,NaN,NaN
7,NaN,NaN,NaN,NaN,NaN,NaN,NaN,NaN
8,NaN,NaN,NaN,NaN,NaN,NaN,NaN,NaN
9,NaN,NaN,NaN,NaN,NaN,NaN,NaN,NaN
10,NaN,NaN,NaN,NaN,NaN,NaN,NaN,NaN
11,NaN,NaN,NaN,NaN,NaN,NaN,NaN,NaN
1,NaN,NaN,NaN,NaN,NaN,NaN,NaN,NaN
2,NaN,NaN,NaN,NaN,NaN,NaN,NaN,NaN
3,NaN,NaN,NaN,NaN,NaN,NaN,NaN,NaN
4,NaN,NaN,NaN,NaN,NaN,NaN,NaN,NaN
5,NaN,NaN,NaN,NaN,NaN,NaN,NaN,NaN
6,NaN,NaN,NaN,NaN,NaN,NaN,NaN,NaN
7,NaN,NaN,NaN,NaN,NaN,NaN,NaN,NaN
8,NaN,NaN,NaN,NaN,NaN,NaN,NaN,NaN
9,NaN,NaN,NaN,NaN,NaN,NaN,NaN,NaN
10,NaN,NaN,NaN,NaN,NaN,NaN,NaN,NaN
11,NaN,NaN,NaN,NaN,NaN,NaN,NaN,NaN
1,NaN,NaN,NaN,NaN,NaN,NaN,NaN,NaN
2,NaN,NaN,NaN,NaN,NaN,NaN,NaN,NaN
3,NaN,NaN,NaN,NaN,NaN,NaN,NaN,NaN
4,NaN,NaN,NaN,NaN,NaN,NaN,NaN,NaN
5,NaN,NaN,NaN,NaN,NaN,NaN,NaN,NaN
6,NaN,NaN,NaN,NaN,NaN,NaN,NaN,NaN
7,NaN,NaN,NaN,NaN,NaN,NaN,NaN,NaN
8,NaN,NaN,NaN,NaN,NaN,NaN,NaN,NaN
9,NaN,NaN,NaN,NaN,NaN,NaN,NaN,NaN
10,NaN,NaN,NaN,NaN,NaN,NaN,NaN,NaN
11,NaN,NaN,NaN,NaN,NaN,NaN,NaN,NaN
1,NaN,NaN,NaN,NaN,NaN,NaN,NaN,NaN
2,NaN,NaN,NaN,NaN,NaN,NaN,NaN,NaN
3,NaN,NaN,NaN,NaN,NaN,NaN,NaN,NaN
4,NaN,NaN,NaN,NaN,NaN,NaN,NaN,NaN
5,NaN,NaN,NaN,NaN,NaN,NaN,NaN,NaN
6,NaN,NaN,NaN,NaN,NaN,NaN,NaN,NaN
7,NaN,NaN,NaN,NaN,NaN,NaN,NaN,NaN
8,NaN,NaN,NaN,NaN,NaN,NaN,NaN,NaN
9,NaN,NaN,NaN,NaN,NaN,NaN,NaN,NaN
10,NaN,NaN,NaN,NaN,NaN,NaN,NaN,NaN
11,NaN,NaN,NaN,NaN,NaN,NaN,NaN,NaN
1,NaN,NaN,NaN,NaN,NaN,NaN,NaN,NaN
2,NaN,NaN,NaN,NaN,NaN,NaN,NaN,NaN
3,NaN,NaN,NaN,NaN,NaN,NaN,NaN,NaN
4,NaN,NaN,NaN,NaN,NaN,NaN,NaN,NaN
5,NaN,NaN,NaN,NaN,NaN,NaN,NaN,NaN
6,NaN,NaN,NaN,NaN,NaN,NaN,NaN,NaN
7,NaN,NaN,NaN,NaN,NaN,NaN,NaN,NaN
8,NaN,NaN,NaN,NaN,NaN,NaN,NaN,NaN
9,NaN,NaN,NaN,NaN,NaN,NaN,NaN,NaN
10,NaN,NaN,NaN,NaN,NaN,NaN,NaN,NaN
11,NaN,NaN,NaN,NaN,NaN,NaN,NaN,NaN
1,NaN,NaN,NaN,NaN,NaN,NaN,NaN,NaN
2,NaN,NaN,NaN,NaN,NaN,NaN,NaN,NaN
3,NaN,NaN,NaN,NaN,NaN,NaN,NaN,NaN
4,NaN,NaN,NaN,NaN,NaN,NaN,NaN,NaN
5,NaN,NaN,NaN,NaN,NaN,NaN,NaN,NaN
6,NaN,NaN,NaN,NaN,NaN,NaN,NaN,NaN
7,NaN,NaN,NaN,NaN,NaN,NaN,NaN,NaN
8,NaN,NaN,NaN,NaN,NaN,NaN,NaN,NaN
9,NaN,NaN,NaN,NaN,NaN,NaN,NaN,NaN
10,NaN,NaN,NaN,NaN,NaN,NaN,NaN,NaN
11,NaN,NaN,NaN,NaN,NaN,NaN,NaN,NaN
1,NaN,NaN,NaN,NaN,NaN,NaN,NaN,NaN
2,NaN,NaN,NaN,NaN,NaN,NaN,NaN,NaN
3,NaN,NaN,NaN,NaN,NaN,NaN,NaN,NaN
4,NaN,NaN,NaN,NaN,NaN,NaN,NaN,NaN
5,NaN,NaN,NaN,NaN,NaN,NaN,NaN,NaN
6,NaN,NaN,NaN,NaN,NaN,NaN,NaN,NaN
7,NaN,NaN,NaN,NaN,NaN,NaN,NaN,NaN
8,NaN,NaN,NaN,NaN,NaN,NaN,NaN,NaN
9,NaN,NaN,NaN,NaN,NaN,NaN,NaN,NaN
10,NaN,NaN,NaN,NaN,NaN,NaN,NaN,NaN
11,NaN,NaN,NaN,NaN,NaN,NaN,NaN,NaN
1,NaN,NaN,NaN,NaN,NaN,NaN,NaN,NaN
2,NaN,NaN,NaN,NaN,NaN,NaN,NaN,NaN
3,NaN,NaN,NaN,NaN,NaN,NaN,NaN,NaN
4,NaN,NaN,NaN,NaN,NaN,NaN,NaN,NaN
5,NaN,NaN,NaN,NaN,NaN,NaN,NaN,NaN
6,NaN,NaN,NaN,NaN,NaN,NaN,NaN,NaN
7,NaN,NaN,NaN,NaN,NaN,NaN,NaN,NaN
8,NaN,NaN,NaN,NaN,NaN,NaN,NaN,NaN
9,NaN,NaN,NaN,NaN,NaN,NaN,NaN,NaN
10,NaN,NaN,NaN,NaN,NaN,NaN,NaN,NaN
11,NaN,NaN,NaN,NaN,NaN,NaN,NaN,NaN
1,NaN,NaN,NaN,NaN,NaN,NaN,NaN,NaN
2,NaN,NaN,NaN,NaN,NaN,NaN,NaN,NaN
3,NaN,NaN,NaN,NaN,NaN,NaN,NaN,NaN
4,NaN,NaN,NaN,NaN,NaN,NaN,NaN,NaN
5,NaN,NaN,NaN,NaN,NaN,NaN,NaN,NaN
6,NaN,NaN,NaN,NaN,NaN,NaN,NaN,NaN
7,NaN,NaN,NaN,NaN,NaN,NaN,NaN,NaN
8,NaN,NaN,NaN,NaN,NaN,NaN,NaN,NaN
9,NaN,NaN,NaN,NaN,NaN,NaN,NaN,NaN
10,NaN,NaN,NaN,NaN,NaN,NaN,NaN,NaN
11,NaN,NaN,NaN,NaN,NaN,NaN,NaN,NaN
1,NaN,NaN,NaN,NaN,NaN,NaN,NaN,NaN
2,NaN,NaN,NaN,NaN,NaN,NaN,NaN,NaN
3,NaN,NaN,NaN,NaN,NaN,NaN,NaN,NaN
4,NaN,NaN,NaN,NaN,NaN,NaN,NaN,NaN
5,NaN,NaN,NaN,NaN,NaN,NaN,NaN,NaN
6,NaN,NaN,NaN,NaN,NaN,NaN,NaN,NaN
7,NaN,NaN,NaN,NaN,NaN,NaN,NaN,NaN
8,NaN,NaN,NaN,NaN,NaN,NaN,NaN,NaN
9,NaN,NaN,NaN,NaN,NaN,NaN,NaN,NaN
10,NaN,NaN,NaN,NaN,NaN,NaN,NaN,NaN
11,NaN,NaN,NaN,NaN,NaN,NaN,NaN,NaN
1,NaN,NaN,NaN,NaN,NaN,NaN,NaN,NaN
2,NaN,NaN,NaN,NaN,NaN,NaN,NaN,NaN
3,NaN,NaN,NaN,NaN,NaN,NaN,NaN,NaN
4,NaN,NaN,NaN,NaN,NaN,NaN,NaN,NaN
5,NaN,NaN,NaN,NaN,NaN,NaN,NaN,NaN
6,NaN,NaN,NaN,NaN,NaN,NaN,NaN,NaN
7,NaN,NaN,NaN,NaN,NaN,NaN,NaN,NaN
8,NaN,NaN,NaN,NaN,NaN,NaN,NaN,NaN
9,NaN,NaN,NaN,NaN,NaN,NaN,NaN,NaN
10,NaN,NaN,NaN,NaN,NaN,NaN,NaN,NaN
11,NaN,NaN,NaN,NaN,NaN,NaN,NaN,NaN
1,NaN,NaN,NaN,NaN,NaN,NaN,NaN,NaN
2,NaN,NaN,NaN,NaN,NaN,NaN,NaN,NaN
3,NaN,NaN,NaN,NaN,NaN,NaN,NaN,NaN
4,NaN,NaN,NaN,NaN,NaN,NaN,NaN,NaN
5,NaN,NaN,NaN,NaN,NaN,NaN,NaN,NaN
6,NaN,NaN,NaN,NaN,NaN,NaN,NaN,NaN
7,NaN,NaN,NaN,NaN,NaN,NaN,NaN,NaN
8,NaN,NaN,NaN,NaN,NaN,NaN,NaN,NaN
9,NaN,NaN,NaN,NaN,NaN,NaN,NaN,NaN
10,NaN,NaN,NaN,NaN,NaN,NaN,NaN,NaN
11,NaN,NaN,NaN,NaN,NaN,NaN,NaN,NaN
1,NaN,NaN,NaN,NaN,NaN,NaN,NaN,NaN
2,NaN,NaN,NaN,NaN,NaN,NaN,NaN,NaN
3,NaN,NaN,NaN,NaN,NaN,NaN,NaN,NaN
4,NaN,NaN,NaN,NaN,NaN,NaN,NaN,NaN
5,NaN,NaN,NaN,NaN,NaN,NaN,NaN,NaN
6,NaN,NaN,NaN,NaN,NaN,NaN,NaN,NaN
7,NaN,NaN,NaN,NaN,NaN,NaN,NaN,NaN
8,NaN,NaN,NaN,NaN,NaN,NaN,NaN,NaN
9,NaN,NaN,NaN,NaN,NaN,NaN,NaN,NaN
10,NaN,NaN,NaN,NaN,NaN,NaN,NaN,NaN
11,NaN,NaN,NaN,NaN,NaN,NaN,NaN,NaN
1,NaN,NaN,NaN,NaN,NaN,NaN,NaN,NaN
2,NaN,NaN,NaN,NaN,NaN,NaN,NaN,NaN
3,NaN,NaN,NaN,NaN,NaN,NaN,NaN,NaN
4,NaN,NaN,NaN,NaN,NaN,NaN,NaN,NaN
5,NaN,NaN,NaN,NaN,NaN,NaN,NaN,NaN
6,NaN,NaN,NaN,NaN,NaN,NaN,NaN,NaN
7,NaN,NaN,NaN,NaN,NaN,NaN,NaN,NaN
8,NaN,NaN,NaN,NaN,NaN,NaN,NaN,NaN
9,NaN,NaN,NaN,NaN,NaN,NaN,NaN,NaN
10,NaN,NaN,NaN,NaN,NaN,NaN,NaN,NaN
11,NaN,NaN,NaN,NaN,NaN,NaN,NaN,NaN
1,NaN,NaN,NaN,NaN,NaN,NaN,NaN,NaN
2,NaN,NaN,NaN,NaN,NaN,NaN,NaN,NaN
3,NaN,NaN,NaN,NaN,NaN,NaN,NaN,NaN
4,NaN,NaN,NaN,NaN,NaN,NaN,NaN,NaN
5,NaN,NaN,NaN,NaN,NaN,NaN,NaN,NaN
6,NaN,NaN,NaN,NaN,NaN,NaN,NaN,NaN
7,NaN,NaN,NaN,NaN,NaN,NaN,NaN,NaN
8,NaN,NaN,NaN,NaN,NaN,NaN,NaN,NaN
9,NaN,NaN,NaN,NaN,NaN,NaN,NaN,NaN
10,NaN,NaN,NaN,NaN,NaN,NaN,NaN,NaN
11,NaN,NaN,NaN,NaN,NaN,NaN,NaN,NaN
1,NaN,NaN,NaN,NaN,NaN,NaN,NaN,NaN
2,NaN,NaN,NaN,NaN,NaN,NaN,NaN,NaN
3,NaN,NaN,NaN,NaN,NaN,NaN,NaN,NaN
4,NaN,NaN,NaN,NaN,NaN,NaN,NaN,NaN
5,NaN,NaN,NaN,NaN,NaN,NaN,NaN,NaN
6,NaN,NaN,NaN,NaN,NaN,NaN,NaN,NaN
7,NaN,NaN,NaN,NaN,NaN,NaN,NaN,NaN
8,NaN,NaN,NaN,NaN,NaN,NaN,NaN,NaN
9,NaN,NaN,NaN,NaN,NaN,NaN,NaN,NaN
10,NaN,NaN,NaN,NaN,NaN,NaN,NaN,NaN
11,NaN,NaN,NaN,NaN,NaN,NaN,NaN,NaN
1,NaN,NaN,NaN,NaN,NaN,NaN,NaN,NaN
2,NaN,NaN,NaN,NaN,NaN,NaN,NaN,NaN
3,NaN,NaN,NaN,NaN,NaN,NaN,NaN,NaN
4,NaN,NaN,NaN,NaN,NaN,NaN,NaN,NaN
5,NaN,NaN,NaN,NaN,NaN,NaN,NaN,NaN
6,NaN,NaN,NaN,NaN,NaN,NaN,NaN,NaN
7,NaN,NaN,NaN,NaN,NaN,NaN,NaN,NaN
8,NaN,NaN,NaN,NaN,NaN,NaN,NaN,NaN
9,NaN,NaN,NaN,NaN,NaN,NaN,NaN,NaN
10,NaN,NaN,NaN,NaN,NaN,NaN,NaN,NaN
11,NaN,NaN,NaN,NaN,NaN,NaN,NaN,NaN
1,NaN,NaN,NaN,NaN,NaN,NaN,NaN,NaN
2,NaN,NaN,NaN,NaN,NaN,NaN,NaN,NaN
3,NaN,NaN,NaN,NaN,NaN,NaN,NaN,NaN
4,NaN,NaN,NaN,NaN,NaN,NaN,NaN,NaN
5,NaN,NaN,NaN,NaN,NaN,NaN,NaN,NaN
6,NaN,NaN,NaN,NaN,NaN,NaN,NaN,NaN
7,NaN,NaN,NaN,NaN,NaN,NaN,NaN,NaN
8,NaN,NaN,NaN,NaN,NaN,NaN,NaN,NaN
9,NaN,NaN,NaN,NaN,NaN,NaN,NaN,NaN
10,NaN,NaN,NaN,NaN,NaN,NaN,NaN,NaN
11,NaN,NaN,NaN,NaN,NaN,NaN,NaN,NaN
1,NaN,NaN,NaN,NaN,NaN,NaN,NaN,NaN
2,NaN,NaN,NaN,NaN,NaN,NaN,NaN,NaN
3,NaN,NaN,NaN,NaN,NaN,NaN,NaN,NaN
4,NaN,NaN,NaN,NaN,NaN,NaN,NaN,NaN
5,NaN,NaN,NaN,NaN,NaN,NaN,NaN,NaN
6,NaN,NaN,NaN,NaN,NaN,NaN,NaN,NaN
7,NaN,NaN,NaN,NaN,NaN,NaN,NaN,NaN
8,NaN,NaN,NaN,NaN,NaN,NaN,NaN,NaN
9,NaN,NaN,NaN,NaN,NaN,NaN,NaN,NaN
10,NaN,NaN,NaN,NaN,NaN,NaN,NaN,NaN
11,NaN,NaN,NaN,NaN,NaN,NaN,NaN,NaN
1,NaN,NaN,NaN,NaN,NaN,NaN,NaN,NaN
2,NaN,NaN,NaN,NaN,NaN,NaN,NaN,NaN
3,NaN,NaN,NaN,NaN,NaN,NaN,NaN,NaN
4,NaN,NaN,NaN,NaN,NaN,NaN,NaN,NaN
5,NaN,NaN,NaN,NaN,NaN,NaN,NaN,NaN
6,NaN,NaN,NaN,NaN,NaN,NaN,NaN,NaN
7,NaN,NaN,NaN,NaN,NaN,NaN,NaN,NaN
8,NaN,NaN,NaN,NaN,NaN,NaN,NaN,NaN
9,NaN,NaN,NaN,NaN,NaN,NaN,NaN,NaN
10,NaN,NaN,NaN,NaN,NaN,NaN,NaN,NaN
11,NaN,NaN,NaN,NaN,NaN,NaN,NaN,NaN
1,NaN,NaN,NaN,NaN,NaN,NaN,NaN,NaN
2,NaN,NaN,NaN,NaN,NaN,NaN,NaN,NaN
3,NaN,NaN,NaN,NaN,NaN,NaN,NaN,NaN
4,NaN,NaN,NaN,NaN,NaN,NaN,NaN,NaN
5,NaN,NaN,NaN,NaN,NaN,NaN,NaN,NaN
6,NaN,NaN,NaN,NaN,NaN,NaN,NaN,NaN
7,NaN,NaN,NaN,NaN,NaN,NaN,NaN,NaN
8,NaN,NaN,NaN,NaN,NaN,NaN,NaN,NaN
9,NaN,NaN,NaN,NaN,NaN,NaN,NaN,NaN
10,NaN,NaN,NaN,NaN,NaN,NaN,NaN,NaN
11,NaN,NaN,NaN,NaN,NaN,NaN,NaN,NaN
1,NaN,NaN,NaN,NaN,NaN,NaN,NaN,NaN
2,NaN,NaN,NaN,NaN,NaN,NaN,NaN,NaN
3,NaN,NaN,NaN,NaN,NaN,NaN,NaN,NaN
4,NaN,NaN,NaN,NaN,NaN,NaN,NaN,NaN
5,NaN,NaN,NaN,NaN,NaN,NaN,NaN,NaN
6,NaN,NaN,NaN,NaN,NaN,NaN,NaN,NaN
7,NaN,NaN,NaN,NaN,NaN,NaN,NaN,NaN
8,NaN,NaN,NaN,NaN,NaN,NaN,NaN,NaN
9,NaN,NaN,NaN,NaN,NaN,NaN,NaN,NaN
10,NaN,NaN,NaN,NaN,NaN,NaN,NaN,NaN
11,NaN,NaN,NaN,NaN,NaN,NaN,NaN,NaN
1,NaN,NaN,NaN,NaN,NaN,NaN,NaN,NaN
2,NaN,NaN,NaN,NaN,NaN,NaN,NaN,NaN
3,NaN,NaN,NaN,NaN,NaN,NaN,NaN,NaN
4,NaN,NaN,NaN,NaN,NaN,NaN,NaN,NaN
5,NaN,NaN,NaN,NaN,NaN,NaN,NaN,NaN
6,NaN,NaN,NaN,NaN,NaN,NaN,NaN,NaN
7,NaN,NaN,NaN,NaN,NaN,NaN,NaN,NaN
8,NaN,NaN,NaN,NaN,NaN,NaN,NaN,NaN
9,NaN,NaN,NaN,NaN,NaN,NaN,NaN,NaN
10,NaN,NaN,NaN,NaN,NaN,NaN,NaN,NaN
11,NaN,NaN,NaN,NaN,NaN,NaN,NaN,NaN
1,NaN,NaN,NaN,NaN,NaN,NaN,NaN,NaN
2,NaN,NaN,NaN,NaN,NaN,NaN,NaN,NaN
3,NaN,NaN,NaN,NaN,NaN,NaN,NaN,NaN
4,NaN,NaN,NaN,NaN,NaN,NaN,NaN,NaN
5,NaN,NaN,NaN,NaN,NaN,NaN,NaN,NaN
6,NaN,NaN,NaN,NaN,NaN,NaN,NaN,NaN
7,NaN,NaN,NaN,NaN,NaN,NaN,NaN,NaN
8,NaN,NaN,NaN,NaN,NaN,NaN,NaN,NaN
9,NaN,NaN,NaN,NaN,NaN,NaN,NaN,NaN
10,NaN,NaN,NaN,NaN,NaN,NaN,NaN,NaN
11,NaN,NaN,NaN,NaN,NaN,NaN,NaN,NaN
1,NaN,NaN,NaN,NaN,NaN,NaN,NaN,NaN
2,NaN,NaN,NaN,NaN,NaN,NaN,NaN,NaN
3,NaN,NaN,NaN,NaN,NaN,NaN,NaN,NaN
4,NaN,NaN,NaN,NaN,NaN,NaN,NaN,NaN
5,NaN,NaN,NaN,NaN,NaN,NaN,NaN,NaN
6,NaN,NaN,NaN,NaN,NaN,NaN,NaN,NaN
7,NaN,NaN,NaN,NaN,NaN,NaN,NaN,NaN
8,NaN,NaN,NaN,NaN,NaN,NaN,NaN,NaN
9,NaN,NaN,NaN,NaN,NaN,NaN,NaN,NaN
10,NaN,NaN,NaN,NaN,NaN,NaN,NaN,NaN
11,NaN,NaN,NaN,NaN,NaN,NaN,NaN,NaN
1,NaN,NaN,NaN,NaN,NaN,NaN,NaN,NaN
2,NaN,NaN,NaN,NaN,NaN,NaN,NaN,NaN
3,NaN,NaN,NaN,NaN,NaN,NaN,NaN,NaN
4,NaN,NaN,NaN,NaN,NaN,NaN,NaN,NaN
5,NaN,NaN,NaN,NaN,NaN,NaN,NaN,NaN
6,NaN,NaN,NaN,NaN,NaN,NaN,NaN,NaN
7,NaN,NaN,NaN,NaN,NaN,NaN,NaN,NaN
8,NaN,NaN,NaN,NaN,NaN,NaN,NaN,NaN
9,NaN,NaN,NaN,NaN,NaN,NaN,NaN,NaN
10,NaN,NaN,NaN,NaN,NaN,NaN,NaN,NaN
11,NaN,NaN,NaN,NaN,NaN,NaN,NaN,NaN
1,NaN,NaN,NaN,NaN,NaN,NaN,NaN,NaN
2,NaN,NaN,NaN,NaN,NaN,NaN,NaN,NaN
3,NaN,NaN,NaN,NaN,NaN,NaN,NaN,NaN
4,NaN,NaN,NaN,NaN,NaN,NaN,NaN,NaN
5,NaN,NaN,NaN,NaN,NaN,NaN,NaN,NaN
6,NaN,NaN,NaN,NaN,NaN,NaN,NaN,NaN
7,NaN,NaN,NaN,NaN,NaN,NaN,NaN,NaN
8,NaN,NaN,NaN,NaN,NaN,NaN,NaN,NaN
9,NaN,NaN,NaN,NaN,NaN,NaN,NaN,NaN
10,NaN,NaN,NaN,NaN,NaN,NaN,NaN,NaN
11,NaN,NaN,NaN,NaN,NaN,NaN,NaN,NaN
1,NaN,NaN,NaN,NaN,NaN,NaN,NaN,NaN
2,NaN,NaN,NaN,NaN,NaN,NaN,NaN,NaN
3,NaN,NaN,NaN,NaN,NaN,NaN,NaN,NaN
4,NaN,NaN,NaN,NaN,NaN,NaN,NaN,NaN
5,NaN,NaN,NaN,NaN,NaN,NaN,NaN,NaN
6,NaN,NaN,NaN,NaN,NaN,NaN,NaN,NaN
7,NaN,NaN,NaN,NaN,NaN,NaN,NaN,NaN
8,NaN,NaN,NaN,NaN,NaN,NaN,NaN,NaN
9,NaN,NaN,NaN,NaN,NaN,NaN,NaN,NaN
10,NaN,NaN,NaN,NaN,NaN,NaN,NaN,NaN
11,NaN,NaN,NaN,NaN,NaN,NaN,NaN,NaN
1,NaN,NaN,NaN,NaN,NaN,NaN,NaN,NaN
2,NaN,NaN,NaN,NaN,NaN,NaN,NaN,NaN
3,NaN,NaN,NaN,NaN,NaN,NaN,NaN,NaN
4,NaN,NaN,NaN,NaN,NaN,NaN,NaN,NaN
5,NaN,NaN,NaN,NaN,NaN,NaN,NaN,NaN
6,NaN,NaN,NaN,NaN,NaN,NaN,NaN,NaN
7,NaN,NaN,NaN,NaN,NaN,NaN,NaN,NaN
8,NaN,NaN,NaN,NaN,NaN,NaN,NaN,NaN
9,NaN,NaN,NaN,NaN,NaN,NaN,NaN,NaN
10,NaN,NaN,NaN,NaN,NaN,NaN,NaN,NaN
11,NaN,NaN,NaN,NaN,NaN,NaN,NaN,NaN
1,NaN,NaN,NaN,NaN,NaN,NaN,NaN,NaN
2,NaN,NaN,NaN,NaN,NaN,NaN,NaN,NaN
3,NaN,NaN,NaN,NaN,NaN,NaN,NaN,NaN
4,NaN,NaN,NaN,NaN,NaN,NaN,NaN,NaN
5,NaN,NaN,NaN,NaN,NaN,NaN,NaN,NaN
6,NaN,NaN,NaN,NaN,NaN,NaN,NaN,NaN
7,NaN,NaN,NaN,NaN,NaN,NaN,NaN,NaN
8,NaN,NaN,NaN,NaN,NaN,NaN,NaN,NaN
9,NaN,NaN,NaN,NaN,NaN,NaN,NaN,NaN
10,NaN,NaN,NaN,NaN,NaN,NaN,NaN,NaN
11,NaN,NaN,NaN,NaN,NaN,NaN,NaN,NaN
1,NaN,NaN,NaN,NaN,NaN,NaN,NaN,NaN
2,NaN,NaN,NaN,NaN,NaN,NaN,NaN,NaN
3,NaN,NaN,NaN,NaN,NaN,NaN,NaN,NaN
4,NaN,NaN,NaN,NaN,NaN,NaN,NaN,NaN
5,NaN,NaN,NaN,NaN,NaN,NaN,NaN,NaN
6,NaN,NaN,NaN,NaN,NaN,NaN,NaN,NaN
7,NaN,NaN,NaN,NaN,NaN,NaN,NaN,NaN
8,NaN,NaN,NaN,NaN,NaN,NaN,NaN,NaN
9,NaN,NaN,NaN,NaN,NaN,NaN,NaN,NaN
10,NaN,NaN,NaN,NaN,NaN,NaN,NaN,NaN
11,NaN,NaN,NaN,NaN,NaN,NaN,NaN,NaN
1,NaN,NaN,NaN,NaN,NaN,NaN,NaN,NaN
2,NaN,NaN,NaN,NaN,NaN,NaN,NaN,NaN
3,NaN,NaN,NaN,NaN,NaN,NaN,NaN,NaN
4,NaN,NaN,NaN,NaN,NaN,NaN,NaN,NaN
5,NaN,NaN,NaN,NaN,NaN,NaN,NaN,NaN
6,NaN,NaN,NaN,NaN,NaN,NaN,NaN,NaN
7,NaN,NaN,NaN,NaN,NaN,NaN,NaN,NaN
8,NaN,NaN,NaN,NaN,NaN,NaN,NaN,NaN
9,NaN,NaN,NaN,NaN,NaN,NaN,NaN,NaN
10,NaN,NaN,NaN,NaN,NaN,NaN,NaN,NaN
11,NaN,NaN,NaN,NaN,NaN,NaN,NaN,NaN
1,NaN,NaN,NaN,NaN,NaN,NaN,NaN,NaN
2,NaN,NaN,NaN,NaN,NaN,NaN,NaN,NaN
3,NaN,NaN,NaN,NaN,NaN,NaN,NaN,NaN
4,NaN,NaN,NaN,NaN,NaN,NaN,NaN,NaN
5,NaN,NaN,NaN,NaN,NaN,NaN,NaN,NaN
6,NaN,NaN,NaN,NaN,NaN,NaN,NaN,NaN
7,NaN,NaN,NaN,NaN,NaN,NaN,NaN,NaN
8,NaN,NaN,NaN,NaN,NaN,NaN,NaN,NaN
9,NaN,NaN,NaN,NaN,NaN,NaN,NaN,NaN
10,NaN,NaN,NaN,NaN,NaN,NaN,NaN,NaN
11,NaN,NaN,NaN,NaN,NaN,NaN,NaN,NaN
1,NaN,NaN,NaN,NaN,NaN,NaN,NaN,NaN
2,NaN,NaN,NaN,NaN,NaN,NaN,NaN,NaN
3,NaN,NaN,NaN,NaN,NaN,NaN,NaN,NaN
4,NaN,NaN,NaN,NaN,NaN,NaN,NaN,NaN
5,NaN,NaN,NaN,NaN,NaN,NaN,NaN,NaN
6,NaN,NaN,NaN,NaN,NaN,NaN,NaN,NaN
7,NaN,NaN,NaN,NaN,NaN,NaN,NaN,NaN
8,NaN,NaN,NaN,NaN,NaN,NaN,NaN,NaN
9,NaN,NaN,NaN,NaN,NaN,NaN,NaN,NaN
10,NaN,NaN,NaN,NaN,NaN,NaN,NaN,NaN
11,NaN,NaN,NaN,NaN,NaN,NaN,NaN,NaN
1,NaN,NaN,NaN,NaN,NaN,NaN,NaN,NaN
2,NaN,NaN,NaN,NaN,NaN,NaN,NaN,NaN
3,NaN,NaN,NaN,NaN,NaN,NaN,NaN,NaN
4,NaN,NaN,NaN,NaN,NaN,NaN,NaN,NaN
5,NaN,NaN,NaN,NaN,NaN,NaN,NaN,NaN
6,NaN,NaN,NaN,NaN,NaN,NaN,NaN,NaN
7,NaN,NaN,NaN,NaN,NaN,NaN,NaN,NaN
8,NaN,NaN,NaN,NaN,NaN,NaN,NaN,NaN
9,NaN,NaN,NaN,NaN,NaN,NaN,NaN,NaN
10,NaN,NaN,NaN,NaN,NaN,NaN,NaN,NaN
11,NaN,NaN,NaN,NaN,NaN,NaN,NaN,NaN
1,NaN,NaN,NaN,NaN,NaN,NaN,NaN,NaN
2,NaN,NaN,NaN,NaN,NaN,NaN,NaN,NaN
3,NaN,NaN,NaN,NaN,NaN,NaN,NaN,NaN
4,NaN,NaN,NaN,NaN,NaN,NaN,NaN,NaN
5,NaN,NaN,NaN,NaN,NaN,NaN,NaN,NaN
6,NaN,NaN,NaN,NaN,NaN,NaN,NaN,NaN
7,NaN,NaN,NaN,NaN,NaN,NaN,NaN,NaN
8,NaN,NaN,NaN,NaN,NaN,NaN,NaN,NaN
9,NaN,NaN,NaN,NaN,NaN,NaN,NaN,NaN
10,NaN,NaN,NaN,NaN,NaN,NaN,NaN,NaN
11,NaN,NaN,NaN,NaN,NaN,NaN,NaN,NaN
1,NaN,NaN,NaN,NaN,NaN,NaN,NaN,NaN
2,NaN,NaN,NaN,NaN,NaN,NaN,NaN,NaN
3,NaN,NaN,NaN,NaN,NaN,NaN,NaN,NaN
4,NaN,NaN,NaN,NaN,NaN,NaN,NaN,NaN
5,NaN,NaN,NaN,NaN,NaN,NaN,NaN,NaN
6,NaN,NaN,NaN,NaN,NaN,NaN,NaN,NaN
7,NaN,NaN,NaN,NaN,NaN,NaN,NaN,NaN
8,NaN,NaN,NaN,NaN,NaN,NaN,NaN,NaN
9,NaN,NaN,NaN,NaN,NaN,NaN,NaN,NaN
10,NaN,NaN,NaN,NaN,NaN,NaN,NaN,NaN
11,NaN,NaN,NaN,NaN,NaN,NaN,NaN,NaN
1,NaN,NaN,NaN,NaN,NaN,NaN,NaN,NaN
2,NaN,NaN,NaN,NaN,NaN,NaN,NaN,NaN
3,NaN,NaN,NaN,NaN,NaN,NaN,NaN,NaN
4,NaN,NaN,NaN,NaN,NaN,NaN,NaN,NaN
5,NaN,NaN,NaN,NaN,NaN,NaN,NaN,NaN
6,NaN,NaN,NaN,NaN,NaN,NaN,NaN,NaN
7,NaN,NaN,NaN,NaN,NaN,NaN,NaN,NaN
8,NaN,NaN,NaN,NaN,NaN,NaN,NaN,NaN
9,NaN,NaN,NaN,NaN,NaN,NaN,NaN,NaN
10,NaN,NaN,NaN,NaN,NaN,NaN,NaN,NaN
11,NaN,NaN,NaN,NaN,NaN,NaN,NaN,NaN
1,NaN,NaN,NaN,NaN,NaN,NaN,NaN,NaN
2,NaN,NaN,NaN,NaN,NaN,NaN,NaN,NaN
3,NaN,NaN,NaN,NaN,NaN,NaN,NaN,NaN
4,NaN,NaN,NaN,NaN,NaN,NaN,NaN,NaN
5,NaN,NaN,NaN,NaN,NaN,NaN,NaN,NaN
6,NaN,NaN,NaN,NaN,NaN,NaN,NaN,NaN
7,NaN,NaN,NaN,NaN,NaN,NaN,NaN,NaN
8,NaN,NaN,NaN,NaN,NaN,NaN,NaN,NaN
9,NaN,NaN,NaN,NaN,NaN,NaN,NaN,NaN
10,NaN,NaN,NaN,NaN,NaN,NaN,NaN,NaN
11,NaN,NaN,NaN,NaN,NaN,NaN,NaN,NaN
1,NaN,NaN,NaN,NaN,NaN,NaN,NaN,NaN
2,NaN,NaN,NaN,NaN,NaN,NaN,NaN,NaN
3,NaN,NaN,NaN,NaN,NaN,NaN,NaN,NaN
4,NaN,NaN,NaN,NaN,NaN,NaN,NaN,NaN
5,NaN,NaN,NaN,NaN,NaN,NaN,NaN,NaN
6,NaN,NaN,NaN,NaN,NaN,NaN,NaN,NaN
7,NaN,NaN,NaN,NaN,NaN,NaN,NaN,NaN
8,NaN,NaN,NaN,NaN,NaN,NaN,NaN,NaN
9,NaN,NaN,NaN,NaN,NaN,NaN,NaN,NaN
10,NaN,NaN,NaN,NaN,NaN,NaN,NaN,NaN
11,NaN,NaN,NaN,NaN,NaN,NaN,NaN,NaN
1,NaN,NaN,NaN,NaN,NaN,NaN,NaN,NaN
2,NaN,NaN,NaN,NaN,NaN,NaN,NaN,NaN
3,NaN,NaN,NaN,NaN,NaN,NaN,NaN,NaN
4,NaN,NaN,NaN,NaN,NaN,NaN,NaN,NaN
5,NaN,NaN,NaN,NaN,NaN,NaN,NaN,NaN
6,NaN,NaN,NaN,NaN,NaN,NaN,NaN,NaN
7,NaN,NaN,NaN,NaN,NaN,NaN,NaN,NaN
8,NaN,NaN,NaN,NaN,NaN,NaN,NaN,NaN
9,NaN,NaN,NaN,NaN,NaN,NaN,NaN,NaN
10,NaN,NaN,NaN,NaN,NaN,NaN,NaN,NaN
11,NaN,NaN,NaN,NaN,NaN,NaN,NaN,NaN
1,NaN,NaN,NaN,NaN,NaN,NaN,NaN,NaN
2,NaN,NaN,NaN,NaN,NaN,NaN,NaN,NaN
3,NaN,NaN,NaN,NaN,NaN,NaN,NaN,NaN
4,NaN,NaN,NaN,NaN,NaN,NaN,NaN,NaN
5,NaN,NaN,NaN,NaN,NaN,NaN,NaN,NaN
6,NaN,NaN,NaN,NaN,NaN,NaN,NaN,NaN
7,NaN,NaN,NaN,NaN,NaN,NaN,NaN,NaN
8,NaN,NaN,NaN,NaN,NaN,NaN,NaN,NaN
9,NaN,NaN,NaN,NaN,NaN,NaN,NaN,NaN
10,NaN,NaN,NaN,NaN,NaN,NaN,NaN,NaN
11,NaN,NaN,NaN,NaN,NaN,NaN,NaN,NaN
1,NaN,NaN,NaN,NaN,NaN,NaN,NaN,NaN
2,NaN,NaN,NaN,NaN,NaN,NaN,NaN,NaN
3,NaN,NaN,NaN,NaN,NaN,NaN,NaN,NaN
4,NaN,NaN,NaN,NaN,NaN,NaN,NaN,NaN
5,NaN,NaN,NaN,NaN,NaN,NaN,NaN,NaN
6,NaN,NaN,NaN,NaN,NaN,NaN,NaN,NaN
7,NaN,NaN,NaN,NaN,NaN,NaN,NaN,NaN
8,NaN,NaN,NaN,NaN,NaN,NaN,NaN,NaN
9,NaN,NaN,NaN,NaN,NaN,NaN,NaN,NaN
10,NaN,NaN,NaN,NaN,NaN,NaN,NaN,NaN
11,NaN,NaN,NaN,NaN,NaN,NaN,NaN,NaN
1,NaN,NaN,NaN,NaN,NaN,NaN,NaN,NaN
2,NaN,NaN,NaN,NaN,NaN,NaN,NaN,NaN
3,NaN,NaN,NaN,NaN,NaN,NaN,NaN,NaN
4,NaN,NaN,NaN,NaN,NaN,NaN,NaN,NaN
5,NaN,NaN,NaN,NaN,NaN,NaN,NaN,NaN
6,NaN,NaN,NaN,NaN,NaN,NaN,NaN,NaN
7,NaN,NaN,NaN,NaN,NaN,NaN,NaN,NaN
8,NaN,NaN,NaN,NaN,NaN,NaN,NaN,NaN
9,NaN,NaN,NaN,NaN,NaN,NaN,NaN,NaN
10,NaN,NaN,NaN,NaN,NaN,NaN,NaN,NaN
11,NaN,NaN,NaN,NaN,NaN,NaN,NaN,NaN
1,NaN,NaN,NaN,NaN,NaN,NaN,NaN,NaN
2,NaN,NaN,NaN,NaN,NaN,NaN,NaN,NaN
3,NaN,NaN,NaN,NaN,NaN,NaN,NaN,NaN
4,NaN,NaN,NaN,NaN,NaN,NaN,NaN,NaN
5,NaN,NaN,NaN,NaN,NaN,NaN,NaN,NaN
6,NaN,NaN,NaN,NaN,NaN,NaN,NaN,NaN
7,NaN,NaN,NaN,NaN,NaN,NaN,NaN,NaN
8,NaN,NaN,NaN,NaN,NaN,NaN,NaN,NaN
9,NaN,NaN,NaN,NaN,NaN,NaN,NaN,NaN
10,NaN,NaN,NaN,NaN,NaN,NaN,NaN,NaN
11,NaN,NaN,NaN,NaN,NaN,NaN,NaN,NaN
1,NaN,NaN,NaN,NaN,NaN,NaN,NaN,NaN
2,NaN,NaN,NaN,NaN,NaN,NaN,NaN,NaN
3,NaN,NaN,NaN,NaN,NaN,NaN,NaN,NaN
4,NaN,NaN,NaN,NaN,NaN,NaN,NaN,NaN
5,NaN,NaN,NaN,NaN,NaN,NaN,NaN,NaN
6,NaN,NaN,NaN,NaN,NaN,NaN,NaN,NaN
7,NaN,NaN,NaN,NaN,NaN,NaN,NaN,NaN
8,NaN,NaN,NaN,NaN,NaN,NaN,NaN,NaN
9,NaN,NaN,NaN,NaN,NaN,NaN,NaN,NaN
10,NaN,NaN,NaN,NaN,NaN,NaN,NaN,NaN
11,NaN,NaN,NaN,NaN,NaN,NaN,NaN,NaN
1,NaN,NaN,NaN,NaN,NaN,NaN,NaN,NaN
2,NaN,NaN,NaN,NaN,NaN,NaN,NaN,NaN
3,NaN,NaN,NaN,NaN,NaN,NaN,NaN,NaN
4,NaN,NaN,NaN,NaN,NaN,NaN,NaN,NaN
5,NaN,NaN,NaN,NaN,NaN,NaN,NaN,NaN
6,NaN,NaN,NaN,NaN,NaN,NaN,NaN,NaN
7,NaN,NaN,NaN,NaN,NaN,NaN,NaN,NaN
8,NaN,NaN,NaN,NaN,NaN,NaN,NaN,NaN
9,NaN,NaN,NaN,NaN,NaN,NaN,NaN,NaN
10,NaN,NaN,NaN,NaN,NaN,NaN,NaN,NaN
11,NaN,NaN,NaN,NaN,NaN,NaN,NaN,NaN
1,NaN,NaN,NaN,NaN,NaN,NaN,NaN,NaN
2,NaN,NaN,NaN,NaN,NaN,NaN,NaN,NaN
3,NaN,NaN,NaN,NaN,NaN,NaN,NaN,NaN
4,NaN,NaN,NaN,NaN,NaN,NaN,NaN,NaN
5,NaN,NaN,NaN,NaN,NaN,NaN,NaN,NaN
6,NaN,NaN,NaN,NaN,NaN,NaN,NaN,NaN
7,NaN,NaN,NaN,NaN,NaN,NaN,NaN,NaN
8,NaN,NaN,NaN,NaN,NaN,NaN,NaN,NaN
9,NaN,NaN,NaN,NaN,NaN,NaN,NaN,NaN
10,NaN,NaN,NaN,NaN,NaN,NaN,NaN,NaN
11,NaN,NaN,NaN,NaN,NaN,NaN,NaN,NaN
1,NaN,NaN,NaN,NaN,NaN,NaN,NaN,NaN
2,NaN,NaN,NaN,NaN,NaN,NaN,NaN,NaN
3,NaN,NaN,NaN,NaN,NaN,NaN,NaN,NaN
4,NaN,NaN,NaN,NaN,NaN,NaN,NaN,NaN
5,NaN,NaN,NaN,NaN,NaN,NaN,NaN,NaN
6,NaN,NaN,NaN,NaN,NaN,NaN,NaN,NaN
7,NaN,NaN,NaN,NaN,NaN,NaN,NaN,NaN
8,NaN,NaN,NaN,NaN,NaN,NaN,NaN,NaN
9,NaN,NaN,NaN,NaN,NaN,NaN,NaN,NaN
10,NaN,NaN,NaN,NaN,NaN,NaN,NaN,NaN
11,NaN,NaN,NaN,NaN,NaN,NaN,NaN,NaN
1,NaN,NaN,NaN,NaN,NaN,NaN,NaN,NaN
2,NaN,NaN,NaN,NaN,NaN,NaN,NaN,NaN
3,NaN,NaN,NaN,NaN,NaN,NaN,NaN,NaN
4,NaN,NaN,NaN,NaN,NaN,NaN,NaN,NaN
5,NaN,NaN,NaN,NaN,NaN,NaN,NaN,NaN
6,NaN,NaN,NaN,NaN,NaN,NaN,NaN,NaN
7,NaN,NaN,NaN,NaN,NaN,NaN,NaN,NaN
8,NaN,NaN,NaN,NaN,NaN,NaN,NaN,NaN
9,NaN,NaN,NaN,NaN,NaN,NaN,NaN,NaN
10,NaN,NaN,NaN,NaN,NaN,NaN,NaN,NaN
11,NaN,NaN,NaN,NaN,NaN,NaN,NaN,NaN
1,NaN,NaN,NaN,NaN,NaN,NaN,NaN,NaN
2,NaN,NaN,NaN,NaN,NaN,NaN,NaN,NaN
3,NaN,NaN,NaN,NaN,NaN,NaN,NaN,NaN
4,NaN,NaN,NaN,NaN,NaN,NaN,NaN,NaN
5,NaN,NaN,NaN,NaN,NaN,NaN,NaN,NaN
6,NaN,NaN,NaN,NaN,NaN,NaN,NaN,NaN
7,NaN,NaN,NaN,NaN,NaN,NaN,NaN,NaN
8,NaN,NaN,NaN,NaN,NaN,NaN,NaN,NaN
9,NaN,NaN,NaN,NaN,NaN,NaN,NaN,NaN
10,NaN,NaN,NaN,NaN,NaN,NaN,NaN,NaN
11,NaN,NaN,NaN,NaN,NaN,NaN,NaN,NaN
1,NaN,NaN,NaN,NaN,NaN,NaN,NaN,NaN
2,NaN,NaN,NaN,NaN,NaN,NaN,NaN,NaN
3,NaN,NaN,NaN,NaN,NaN,NaN,NaN,NaN
4,NaN,NaN,NaN,NaN,NaN,NaN,NaN,NaN
5,NaN,NaN,NaN,NaN,NaN,NaN,NaN,NaN
6,NaN,NaN,NaN,NaN,NaN,NaN,NaN,NaN
7,NaN,NaN,NaN,NaN,NaN,NaN,NaN,NaN
8,NaN,NaN,NaN,NaN,NaN,NaN,NaN,NaN
9,NaN,NaN,NaN,NaN,NaN,NaN,NaN,NaN
10,NaN,NaN,NaN,NaN,NaN,NaN,NaN,NaN
11,NaN,NaN,NaN,NaN,NaN,NaN,NaN,NaN
1,NaN,NaN,NaN,NaN,NaN,NaN,NaN,NaN
2,NaN,NaN,NaN,NaN,NaN,NaN,NaN,NaN
3,NaN,NaN,NaN,NaN,NaN,NaN,NaN,NaN
4,NaN,NaN,NaN,NaN,NaN,NaN,NaN,NaN
5,NaN,NaN,NaN,NaN,NaN,NaN,NaN,NaN
6,NaN,NaN,NaN,NaN,NaN,NaN,NaN,NaN
7,NaN,NaN,NaN,NaN,NaN,NaN,NaN,NaN
8,NaN,NaN,NaN,NaN,NaN,NaN,NaN,NaN
9,NaN,NaN,NaN,NaN,NaN,NaN,NaN,NaN
10,NaN,NaN,NaN,NaN,NaN,NaN,NaN,NaN
11,NaN,NaN,NaN,NaN,NaN,NaN,NaN,NaN
1,NaN,NaN,NaN,NaN,NaN,NaN,NaN,NaN
2,NaN,NaN,NaN,NaN,NaN,NaN,NaN,NaN
3,NaN,NaN,NaN,NaN,NaN,NaN,NaN,NaN
4,NaN,NaN,NaN,NaN,NaN,NaN,NaN,NaN
5,NaN,NaN,NaN,NaN,NaN,NaN,NaN,NaN
6,NaN,NaN,NaN,NaN,NaN,NaN,NaN,NaN
7,NaN,NaN,NaN,NaN,NaN,NaN,NaN,NaN
8,NaN,NaN,NaN,NaN,NaN,NaN,NaN,NaN
9,NaN,NaN,NaN,NaN,NaN,NaN,NaN,NaN
10,NaN,NaN,NaN,NaN,NaN,NaN,NaN,NaN
11,NaN,NaN,NaN,NaN,NaN,NaN,NaN,NaN
1,NaN,NaN,NaN,NaN,NaN,NaN,NaN,NaN
2,NaN,NaN,NaN,NaN,NaN,NaN,NaN,NaN
3,NaN,NaN,NaN,NaN,NaN,NaN,NaN,NaN
4,NaN,NaN,NaN,NaN,NaN,NaN,NaN,NaN
5,NaN,NaN,NaN,NaN,NaN,NaN,NaN,NaN
6,NaN,NaN,NaN,NaN,NaN,NaN,NaN,NaN
7,NaN,NaN,NaN,NaN,NaN,NaN,NaN,NaN
8,NaN,NaN,NaN,NaN,NaN,NaN,NaN,NaN
9,NaN,NaN,NaN,NaN,NaN,NaN,NaN,NaN
10,NaN,NaN,NaN,NaN,NaN,NaN,NaN,NaN
11,NaN,NaN,NaN,NaN,NaN,NaN,NaN,NaN
1,NaN,NaN,NaN,NaN,NaN,NaN,NaN,NaN
2,NaN,NaN,NaN,NaN,NaN,NaN,NaN,NaN
3,NaN,NaN,NaN,NaN,NaN,NaN,NaN,NaN
4,NaN,NaN,NaN,NaN,NaN,NaN,NaN,NaN
5,NaN,NaN,NaN,NaN,NaN,NaN,NaN,NaN
6,NaN,NaN,NaN,NaN,NaN,NaN,NaN,NaN
7,NaN,NaN,NaN,NaN,NaN,NaN,NaN,NaN
8,NaN,NaN,NaN,NaN,NaN,NaN,NaN,NaN
9,NaN,NaN,NaN,NaN,NaN,NaN,NaN,NaN
10,NaN,NaN,NaN,NaN,NaN,NaN,NaN,NaN
11,NaN,NaN,NaN,NaN,NaN,NaN,NaN,NaN
1,NaN,NaN,NaN,NaN,NaN,NaN,NaN,NaN
2,NaN,NaN,NaN,NaN,NaN,NaN,NaN,NaN
3,NaN,NaN,NaN,NaN,NaN,NaN,NaN,NaN
4,NaN,NaN,NaN,NaN,NaN,NaN,NaN,NaN
5,NaN,NaN,NaN,NaN,NaN,NaN,NaN,NaN
6,NaN,NaN,NaN,NaN,NaN,NaN,NaN,NaN
7,NaN,NaN,NaN,NaN,NaN,NaN,NaN,NaN
8,NaN,NaN,NaN,NaN,NaN,NaN,NaN,NaN
9,NaN,NaN,NaN,NaN,NaN,NaN,NaN,NaN
10,NaN,NaN,NaN,NaN,NaN,NaN,NaN,NaN
11,NaN,NaN,NaN,NaN,NaN,NaN,NaN,NaN
1,NaN,NaN,NaN,NaN,NaN,NaN,NaN,NaN
2,NaN,NaN,NaN,NaN,NaN,NaN,NaN,NaN
3,NaN,NaN,NaN,NaN,NaN,NaN,NaN,NaN
4,NaN,NaN,NaN,NaN,NaN,NaN,NaN,NaN
5,NaN,NaN,NaN,NaN,NaN,NaN,NaN,NaN
6,NaN,NaN,NaN,NaN,NaN,NaN,NaN,NaN
7,NaN,NaN,NaN,NaN,NaN,NaN,NaN,NaN
8,NaN,NaN,NaN,NaN,NaN,NaN,NaN,NaN
9,NaN,NaN,NaN,NaN,NaN,NaN,NaN,NaN
10,NaN,NaN,NaN,NaN,NaN,NaN,NaN,NaN
11,NaN,NaN,NaN,NaN,NaN,NaN,NaN,NaN
1,NaN,NaN,NaN,NaN,NaN,NaN,NaN,NaN
2,NaN,NaN,NaN,NaN,NaN,NaN,NaN,NaN
3,NaN,NaN,NaN,NaN,NaN,NaN,NaN,NaN
4,NaN,NaN,NaN,NaN,NaN,NaN,NaN,NaN
5,NaN,NaN,NaN,NaN,NaN,NaN,NaN,NaN
6,NaN,NaN,NaN,NaN,NaN,NaN,NaN,NaN
7,NaN,NaN,NaN,NaN,NaN,NaN,NaN,NaN
8,NaN,NaN,NaN,NaN,NaN,NaN,NaN,NaN
9,NaN,NaN,NaN,NaN,NaN,NaN,NaN,NaN
10,NaN,NaN,NaN,NaN,NaN,NaN,NaN,NaN
11,NaN,NaN,NaN,NaN,NaN,NaN,NaN,NaN
1,NaN,NaN,NaN,NaN,NaN,NaN,NaN,NaN
2,NaN,NaN,NaN,NaN,NaN,NaN,NaN,NaN
3,NaN,NaN,NaN,NaN,NaN,NaN,NaN,NaN
4,NaN,NaN,NaN,NaN,NaN,NaN,NaN,NaN
5,NaN,NaN,NaN,NaN,NaN,NaN,NaN,NaN
6,NaN,NaN,NaN,NaN,NaN,NaN,NaN,NaN
7,NaN,NaN,NaN,NaN,NaN,NaN,NaN,NaN
8,NaN,NaN,NaN,NaN,NaN,NaN,NaN,NaN
9,NaN,NaN,NaN,NaN,NaN,NaN,NaN,NaN
10,NaN,NaN,NaN,NaN,NaN,NaN,NaN,NaN
11,NaN,NaN,NaN,NaN,NaN,NaN,NaN,NaN
1,NaN,NaN,NaN,NaN,NaN,NaN,NaN,NaN
2,NaN,NaN,NaN,NaN,NaN,NaN,NaN,NaN
3,NaN,NaN,NaN,NaN,NaN,NaN,NaN,NaN
4,NaN,NaN,NaN,NaN,NaN,NaN,NaN,NaN
5,NaN,NaN,NaN,NaN,NaN,NaN,NaN,NaN
6,NaN,NaN,NaN,NaN,NaN,NaN,NaN,NaN
7,NaN,NaN,NaN,NaN,NaN,NaN,NaN,NaN
8,NaN,NaN,NaN,NaN,NaN,NaN,NaN,NaN
9,NaN,NaN,NaN,NaN,NaN,NaN,NaN,NaN
10,NaN,NaN,NaN,NaN,NaN,NaN,NaN,NaN
11,NaN,NaN,NaN,NaN,NaN,NaN,NaN,NaN
1,NaN,NaN,NaN,NaN,NaN,NaN,NaN,NaN
2,NaN,NaN,NaN,NaN,NaN,NaN,NaN,NaN
3,NaN,NaN,NaN,NaN,NaN,NaN,NaN,NaN
4,NaN,NaN,NaN,NaN,NaN,NaN,NaN,NaN
5,NaN,NaN,NaN,NaN,NaN,NaN,NaN,NaN
6,NaN,NaN,NaN,NaN,NaN,NaN,NaN,NaN
7,NaN,NaN,NaN,NaN,NaN,NaN,NaN,NaN
8,NaN,NaN,NaN,NaN,NaN,NaN,NaN,NaN
9,NaN,NaN,NaN,NaN,NaN,NaN,NaN,NaN
10,NaN,NaN,NaN,NaN,NaN,NaN,NaN,NaN
11,NaN,NaN,NaN,NaN,NaN,NaN,NaN,NaN
1,NaN,NaN,NaN,NaN,NaN,NaN,NaN,NaN
2,NaN,NaN,NaN,NaN,NaN,NaN,NaN,NaN
3,NaN,NaN,NaN,NaN,NaN,NaN,NaN,NaN
4,NaN,NaN,NaN,NaN,NaN,NaN,NaN,NaN
5,NaN,NaN,NaN,NaN,NaN,NaN,NaN,NaN
6,NaN,NaN,NaN,NaN,NaN,NaN,NaN,NaN
7,NaN,NaN,NaN,NaN,NaN,NaN,NaN,NaN
8,NaN,NaN,NaN,NaN,NaN,NaN,NaN,NaN
9,NaN,NaN,NaN,NaN,NaN,NaN,NaN,NaN
10,NaN,NaN,NaN,NaN,NaN,NaN,NaN,NaN
11,NaN,NaN,NaN,NaN,NaN,NaN,NaN,NaN
1,NaN,NaN,NaN,NaN,NaN,NaN,NaN,NaN
2,NaN,NaN,NaN,NaN,NaN,NaN,NaN,NaN
3,NaN,NaN,NaN,NaN,NaN,NaN,NaN,NaN
4,NaN,NaN,NaN,NaN,NaN,NaN,NaN,NaN
5,NaN,NaN,NaN,NaN,NaN,NaN,NaN,NaN
6,NaN,NaN,NaN,NaN,NaN,NaN,NaN,NaN
7,NaN,NaN,NaN,NaN,NaN,NaN,NaN,NaN
8,NaN,NaN,NaN,NaN,NaN,NaN,NaN,NaN
9,NaN,NaN,NaN,NaN,NaN,NaN,NaN,NaN
10,NaN,NaN,NaN,NaN,NaN,NaN,NaN,NaN
11,NaN,NaN,NaN,NaN,NaN,NaN,NaN,NaN
1,NaN,NaN,NaN,NaN,NaN,NaN,NaN,NaN
2,NaN,NaN,NaN,NaN,NaN,NaN,NaN,NaN
3,NaN,NaN,NaN,NaN,NaN,NaN,NaN,NaN
4,NaN,NaN,NaN,NaN,NaN,NaN,NaN,NaN
5,NaN,NaN,NaN,NaN,NaN,NaN,NaN,NaN
6,NaN,NaN,NaN,NaN,NaN,NaN,NaN,NaN
7,NaN,NaN,NaN,NaN,NaN,NaN,NaN,NaN
8,NaN,NaN,NaN,NaN,NaN,NaN,NaN,NaN
9,NaN,NaN,NaN,NaN,NaN,NaN,NaN,NaN
10,NaN,NaN,NaN,NaN,NaN,NaN,NaN,NaN
11,NaN,NaN,NaN,NaN,NaN,NaN,NaN,NaN
1,NaN,NaN,NaN,NaN,NaN,NaN,NaN,NaN
2,NaN,NaN,NaN,NaN,NaN,NaN,NaN,NaN
3,NaN,NaN,NaN,NaN,NaN,NaN,NaN,NaN
4,NaN,NaN,NaN,NaN,NaN,NaN,NaN,NaN
5,NaN,NaN,NaN,NaN,NaN,NaN,NaN,NaN
6,NaN,NaN,NaN,NaN,NaN,NaN,NaN,NaN
7,NaN,NaN,NaN,NaN,NaN,NaN,NaN,NaN
8,NaN,NaN,NaN,NaN,NaN,NaN,NaN,NaN
9,NaN,NaN,NaN,NaN,NaN,NaN,NaN,NaN
10,NaN,NaN,NaN,NaN,NaN,NaN,NaN,NaN
11,NaN,NaN,NaN,NaN,NaN,NaN,NaN,NaN
1,NaN,NaN,NaN,NaN,NaN,NaN,NaN,NaN
2,NaN,NaN,NaN,NaN,NaN,NaN,NaN,NaN
3,NaN,NaN,NaN,NaN,NaN,NaN,NaN,NaN
4,NaN,NaN,NaN,NaN,NaN,NaN,NaN,NaN
5,NaN,NaN,NaN,NaN,NaN,NaN,NaN,NaN
6,NaN,NaN,NaN,NaN,NaN,NaN,NaN,NaN
7,NaN,NaN,NaN,NaN,NaN,NaN,NaN,NaN
8,NaN,NaN,NaN,NaN,NaN,NaN,NaN,NaN
9,NaN,NaN,NaN,NaN,NaN,NaN,NaN,NaN
10,NaN,NaN,NaN,NaN,NaN,NaN,NaN,NaN
11,NaN,NaN,NaN,NaN,NaN,NaN,NaN,NaN
1,NaN,NaN,NaN,NaN,NaN,NaN,NaN,NaN
2,NaN,NaN,NaN,NaN,NaN,NaN,NaN,NaN
3,NaN,NaN,NaN,NaN,NaN,NaN,NaN,NaN
4,NaN,NaN,NaN,NaN,NaN,NaN,NaN,NaN
5,NaN,NaN,NaN,NaN,NaN,NaN,NaN,NaN
6,NaN,NaN,NaN,NaN,NaN,NaN,NaN,NaN
7,NaN,NaN,NaN,NaN,NaN,NaN,NaN,NaN
8,NaN,NaN,NaN,NaN,NaN,NaN,NaN,NaN
9,NaN,NaN,NaN,NaN,NaN,NaN,NaN,NaN
10,NaN,NaN,NaN,NaN,NaN,NaN,NaN,NaN
11,NaN,NaN,NaN,NaN,NaN,NaN,NaN,NaN
1,NaN,NaN,NaN,NaN,NaN,NaN,NaN,NaN
2,NaN,NaN,NaN,NaN,NaN,NaN,NaN,NaN
3,NaN,NaN,NaN,NaN,NaN,NaN,NaN,NaN
4,NaN,NaN,NaN,NaN,NaN,NaN,NaN,NaN
5,NaN,NaN,NaN,NaN,NaN,NaN,NaN,NaN
6,NaN,NaN,NaN,NaN,NaN,NaN,NaN,NaN
7,NaN,NaN,NaN,NaN,NaN,NaN,NaN,NaN
8,NaN,NaN,NaN,NaN,NaN,NaN,NaN,NaN
9,NaN,NaN,NaN,NaN,NaN,NaN,NaN,NaN
10,NaN,NaN,NaN,NaN,NaN,NaN,NaN,NaN
11,NaN,NaN,NaN,NaN,NaN,NaN,NaN,NaN
1,NaN,NaN,NaN,NaN,NaN,NaN,NaN,NaN
2,NaN,NaN,NaN,NaN,NaN,NaN,NaN,NaN
3,NaN,NaN,NaN,NaN,NaN,NaN,NaN,NaN
4,NaN,NaN,NaN,NaN,NaN,NaN,NaN,NaN
5,NaN,NaN,NaN,NaN,NaN,NaN,NaN,NaN
6,NaN,NaN,NaN,NaN,NaN,NaN,NaN,NaN
7,NaN,NaN,NaN,NaN,NaN,NaN,NaN,NaN
8,NaN,NaN,NaN,NaN,NaN,NaN,NaN,NaN
9,NaN,NaN,NaN,NaN,NaN,NaN,NaN,NaN
10,NaN,NaN,NaN,NaN,NaN,NaN,NaN,NaN
11,NaN,NaN,NaN,NaN,NaN,NaN,NaN,NaN
1,NaN,NaN,NaN,NaN,NaN,NaN,NaN,NaN
2,NaN,NaN,NaN,NaN,NaN,NaN,NaN,NaN
3,NaN,NaN,NaN,NaN,NaN,NaN,NaN,NaN
4,NaN,NaN,NaN,NaN,NaN,NaN,NaN,NaN
5,NaN,NaN,NaN,NaN,NaN,NaN,NaN,NaN
6,NaN,NaN,NaN,NaN,NaN,NaN,NaN,NaN
7,NaN,NaN,NaN,NaN,NaN,NaN,NaN,NaN
8,NaN,NaN,NaN,NaN,NaN,NaN,NaN,NaN
9,NaN,NaN,NaN,NaN,NaN,NaN,NaN,NaN
10,NaN,NaN,NaN,NaN,NaN,NaN,NaN,NaN
11,NaN,NaN,NaN,NaN,NaN,NaN,NaN,NaN
1,NaN,NaN,NaN,NaN,NaN,NaN,NaN,NaN
2,NaN,NaN,NaN,NaN,NaN,NaN,NaN,NaN
3,NaN,NaN,NaN,NaN,NaN,NaN,NaN,NaN
4,NaN,NaN,NaN,NaN,NaN,NaN,NaN,NaN
5,NaN,NaN,NaN,NaN,NaN,NaN,NaN,NaN
6,NaN,NaN,NaN,NaN,NaN,NaN,NaN,NaN
7,NaN,NaN,NaN,NaN,NaN,NaN,NaN,NaN
8,NaN,NaN,NaN,NaN,NaN,NaN,NaN,NaN
9,NaN,NaN,NaN,NaN,NaN,NaN,NaN,NaN
10,NaN,NaN,NaN,NaN,NaN,NaN,NaN,NaN
11,NaN,NaN,NaN,NaN,NaN,NaN,NaN,NaN
1,NaN,NaN,NaN,NaN,NaN,NaN,NaN,NaN
2,NaN,NaN,NaN,NaN,NaN,NaN,NaN,NaN
3,NaN,NaN,NaN,NaN,NaN,NaN,NaN,NaN
4,NaN,NaN,NaN,NaN,NaN,NaN,NaN,NaN
5,NaN,NaN,NaN,NaN,NaN,NaN,NaN,NaN
6,NaN,NaN,NaN,NaN,NaN,NaN,NaN,NaN
7,NaN,NaN,NaN,NaN,NaN,NaN,NaN,NaN
8,NaN,NaN,NaN,NaN,NaN,NaN,NaN,NaN
9,NaN,NaN,NaN,NaN,NaN,NaN,NaN,NaN
10,NaN,NaN,NaN,NaN,NaN,NaN,NaN,NaN
11,NaN,NaN,NaN,NaN,NaN,NaN,NaN,NaN
1,NaN,NaN,NaN,NaN,NaN,NaN,NaN,NaN
2,NaN,NaN,NaN,NaN,NaN,NaN,NaN,NaN
3,NaN,NaN,NaN,NaN,NaN,NaN,NaN,NaN
4,NaN,NaN,NaN,NaN,NaN,NaN,NaN,NaN
5,NaN,NaN,NaN,NaN,NaN,NaN,NaN,NaN
6,NaN,NaN,NaN,NaN,NaN,NaN,NaN,NaN
7,NaN,NaN,NaN,NaN,NaN,NaN,NaN,NaN
8,NaN,NaN,NaN,NaN,NaN,NaN,NaN,NaN
9,NaN,NaN,NaN,NaN,NaN,NaN,NaN,NaN
10,NaN,NaN,NaN,NaN,NaN,NaN,NaN,NaN
11,NaN,NaN,NaN,NaN,NaN,NaN,NaN,NaN
1,NaN,NaN,NaN,NaN,NaN,NaN,NaN,NaN
2,NaN,NaN,NaN,NaN,NaN,NaN,NaN,NaN
3,NaN,NaN,NaN,NaN,NaN,NaN,NaN,NaN
4,NaN,NaN,NaN,NaN,NaN,NaN,NaN,NaN
5,NaN,NaN,NaN,NaN,NaN,NaN,NaN,NaN
6,NaN,NaN,NaN,NaN,NaN,NaN,NaN,NaN
7,NaN,NaN,NaN,NaN,NaN,NaN,NaN,NaN
8,NaN,NaN,NaN,NaN,NaN,NaN,NaN,NaN
9,NaN,NaN,NaN,NaN,NaN,NaN,NaN,NaN
10,NaN,NaN,NaN,NaN,NaN,NaN,NaN,NaN
11,NaN,NaN,NaN,NaN,NaN,NaN,NaN,NaN
1,NaN,NaN,NaN,NaN,NaN,NaN,NaN,NaN
2,NaN,NaN,NaN,NaN,NaN,NaN,NaN,NaN
3,NaN,NaN,NaN,NaN,NaN,NaN,NaN,NaN
4,NaN,NaN,NaN,NaN,NaN,NaN,NaN,NaN
5,NaN,NaN,NaN,NaN,NaN,NaN,NaN,NaN
6,NaN,NaN,NaN,NaN,NaN,NaN,NaN,NaN
7,NaN,NaN,NaN,NaN,NaN,NaN,NaN,NaN
8,NaN,NaN,NaN,NaN,NaN,NaN,NaN,NaN
9,NaN,NaN,NaN,NaN,NaN,NaN,NaN,NaN
10,NaN,NaN,NaN,NaN,NaN,NaN,NaN,NaN
11,NaN,NaN,NaN,NaN,NaN,NaN,NaN,NaN
1,NaN,NaN,NaN,NaN,NaN,NaN,NaN,NaN
2,NaN,NaN,NaN,NaN,NaN,NaN,NaN,NaN
3,NaN,NaN,NaN,NaN,NaN,NaN,NaN,NaN
4,NaN,NaN,NaN,NaN,NaN,NaN,NaN,NaN
5,NaN,NaN,NaN,NaN,NaN,NaN,NaN,NaN
6,NaN,NaN,NaN,NaN,NaN,NaN,NaN,NaN
7,NaN,NaN,NaN,NaN,NaN,NaN,NaN,NaN
8,NaN,NaN,NaN,NaN,NaN,NaN,NaN,NaN
9,NaN,NaN,NaN,NaN,NaN,NaN,NaN,NaN
10,NaN,NaN,NaN,NaN,NaN,NaN,NaN,NaN
11,NaN,NaN,NaN,NaN,NaN,NaN,NaN,NaN
1,NaN,NaN,NaN,NaN,NaN,NaN,NaN,NaN
2,NaN,NaN,NaN,NaN,NaN,NaN,NaN,NaN
3,NaN,NaN,NaN,NaN,NaN,NaN,NaN,NaN
4,NaN,NaN,NaN,NaN,NaN,NaN,NaN,NaN
5,NaN,NaN,NaN,NaN,NaN,NaN,NaN,NaN
6,NaN,NaN,NaN,NaN,NaN,NaN,NaN,NaN
7,NaN,NaN,NaN,NaN,NaN,NaN,NaN,NaN
8,NaN,NaN,NaN,NaN,NaN,NaN,NaN,NaN
9,NaN,NaN,NaN,NaN,NaN,NaN,NaN,NaN
10,NaN,NaN,NaN,NaN,NaN,NaN,NaN,NaN
11,NaN,NaN,NaN,NaN,NaN,NaN,NaN,NaN
1,NaN,NaN,NaN,NaN,NaN,NaN,NaN,NaN
2,NaN,NaN,NaN,NaN,NaN,NaN,NaN,NaN
3,NaN,NaN,NaN,NaN,NaN,NaN,NaN,NaN
4,NaN,NaN,NaN,NaN,NaN,NaN,NaN,NaN
5,NaN,NaN,NaN,NaN,NaN,NaN,NaN,NaN
6,NaN,NaN,NaN,NaN,NaN,NaN,NaN,NaN
7,NaN,NaN,NaN,NaN,NaN,NaN,NaN,NaN
8,NaN,NaN,NaN,NaN,NaN,NaN,NaN,NaN
9,NaN,NaN,NaN,NaN,NaN,NaN,NaN,NaN
10,NaN,NaN,NaN,NaN,NaN,NaN,NaN,NaN
11,NaN,NaN,NaN,NaN,NaN,NaN,NaN,NaN
1,NaN,NaN,NaN,NaN,NaN,NaN,NaN,NaN
2,NaN,NaN,NaN,NaN,NaN,NaN,NaN,NaN
3,NaN,NaN,NaN,NaN,NaN,NaN,NaN,NaN
4,NaN,NaN,NaN,NaN,NaN,NaN,NaN,NaN
5,NaN,NaN,NaN,NaN,NaN,NaN,NaN,NaN
6,NaN,NaN,NaN,NaN,NaN,NaN,NaN,NaN
7,NaN,NaN,NaN,NaN,NaN,NaN,NaN,NaN
8,NaN,NaN,NaN,NaN,NaN,NaN,NaN,NaN
9,NaN,NaN,NaN,NaN,NaN,NaN,NaN,NaN
10,NaN,NaN,NaN,NaN,NaN,NaN,NaN,NaN
11,NaN,NaN,NaN,NaN,NaN,NaN,NaN,NaN
1,NaN,NaN,NaN,NaN,NaN,NaN,NaN,NaN
2,NaN,NaN,NaN,NaN,NaN,NaN,NaN,NaN
3,NaN,NaN,NaN,NaN,NaN,NaN,NaN,NaN
4,NaN,NaN,NaN,NaN,NaN,NaN,NaN,NaN
5,NaN,NaN,NaN,NaN,NaN,NaN,NaN,NaN
6,NaN,NaN,NaN,NaN,NaN,NaN,NaN,NaN
7,NaN,NaN,NaN,NaN,NaN,NaN,NaN,NaN
8,NaN,NaN,NaN,NaN,NaN,NaN,NaN,NaN
9,NaN,NaN,NaN,NaN,NaN,NaN,NaN,NaN
10,NaN,NaN,NaN,NaN,NaN,NaN,NaN,NaN
11,NaN,NaN,NaN,NaN,NaN,NaN,NaN,NaN
1,NaN,NaN,NaN,NaN,NaN,NaN,NaN,NaN
2,NaN,NaN,NaN,NaN,NaN,NaN,NaN,NaN
3,NaN,NaN,NaN,NaN,NaN,NaN,NaN,NaN
4,NaN,NaN,NaN,NaN,NaN,NaN,NaN,NaN
5,NaN,NaN,NaN,NaN,NaN,NaN,NaN,NaN
6,NaN,NaN,NaN,NaN,NaN,NaN,NaN,NaN
7,NaN,NaN,NaN,NaN,NaN,NaN,NaN,NaN
8,NaN,NaN,NaN,NaN,NaN,NaN,NaN,NaN
9,NaN,NaN,NaN,NaN,NaN,NaN,NaN,NaN
10,NaN,NaN,NaN,NaN,NaN,NaN,NaN,NaN
11,NaN,NaN,NaN,NaN,NaN,NaN,NaN,NaN
1,NaN,NaN,NaN,NaN,NaN,NaN,NaN,NaN
2,NaN,NaN,NaN,NaN,NaN,NaN,NaN,NaN
3,NaN,NaN,NaN,NaN,NaN,NaN,NaN,NaN
4,NaN,NaN,NaN,NaN,NaN,NaN,NaN,NaN
5,NaN,NaN,NaN,NaN,NaN,NaN,NaN,NaN
6,NaN,NaN,NaN,NaN,NaN,NaN,NaN,NaN
7,NaN,NaN,NaN,NaN,NaN,NaN,NaN,NaN
8,NaN,NaN,NaN,NaN,NaN,NaN,NaN,NaN
9,NaN,NaN,NaN,NaN,NaN,NaN,NaN,NaN
10,NaN,NaN,NaN,NaN,NaN,NaN,NaN,NaN
11,NaN,NaN,NaN,NaN,NaN,NaN,NaN,NaN
1,NaN,NaN,NaN,NaN,NaN,NaN,NaN,NaN
2,NaN,NaN,NaN,NaN,NaN,NaN,NaN,NaN
3,NaN,NaN,NaN,NaN,NaN,NaN,NaN,NaN
4,NaN,NaN,NaN,NaN,NaN,NaN,NaN,NaN
5,NaN,NaN,NaN,NaN,NaN,NaN,NaN,NaN
6,NaN,NaN,NaN,NaN,NaN,NaN,NaN,NaN
7,NaN,NaN,NaN,NaN,NaN,NaN,NaN,NaN
8,NaN,NaN,NaN,NaN,NaN,NaN,NaN,NaN
9,NaN,NaN,NaN,NaN,NaN,NaN,NaN,NaN
10,NaN,NaN,NaN,NaN,NaN,NaN,NaN,NaN
11,NaN,NaN,NaN,NaN,NaN,NaN,NaN,NaN
1,NaN,NaN,NaN,NaN,NaN,NaN,NaN,NaN
2,NaN,NaN,NaN,NaN,NaN,NaN,NaN,NaN
3,NaN,NaN,NaN,NaN,NaN,NaN,NaN,NaN
4,NaN,NaN,NaN,NaN,NaN,NaN,NaN,NaN
5,NaN,NaN,NaN,NaN,NaN,NaN,NaN,NaN
6,NaN,NaN,NaN,NaN,NaN,NaN,NaN,NaN
7,NaN,NaN,NaN,NaN,NaN,NaN,NaN,NaN
8,NaN,NaN,NaN,NaN,NaN,NaN,NaN,NaN
9,NaN,NaN,NaN,NaN,NaN,NaN,NaN,NaN
10,NaN,NaN,NaN,NaN,NaN,NaN,NaN,NaN
11,NaN,NaN,NaN,NaN,NaN,NaN,NaN,NaN
1,NaN,NaN,NaN,NaN,NaN,NaN,NaN,NaN
2,NaN,NaN,NaN,NaN,NaN,NaN,NaN,NaN
3,NaN,NaN,NaN,NaN,NaN,NaN,NaN,NaN
4,NaN,NaN,NaN,NaN,NaN,NaN,NaN,NaN
5,NaN,NaN,NaN,NaN,NaN,NaN,NaN,NaN
6,NaN,NaN,NaN,NaN,NaN,NaN,NaN,NaN
7,NaN,NaN,NaN,NaN,NaN,NaN,NaN,NaN
8,NaN,NaN,NaN,NaN,NaN,NaN,NaN,NaN
9,NaN,NaN,NaN,NaN,NaN,NaN,NaN,NaN
10,NaN,NaN,NaN,NaN,NaN,NaN,NaN,NaN
11,NaN,NaN,NaN,NaN,NaN,NaN,NaN,NaN
1,NaN,NaN,NaN,NaN,NaN,NaN,NaN,NaN
2,NaN,NaN,NaN,NaN,NaN,NaN,NaN,NaN
3,NaN,NaN,NaN,NaN,NaN,NaN,NaN,NaN
4,NaN,NaN,NaN,NaN,NaN,NaN,NaN,NaN
5,NaN,NaN,NaN,NaN,NaN,NaN,NaN,NaN
6,NaN,NaN,NaN,NaN,NaN,NaN,NaN,NaN
7,NaN,NaN,NaN,NaN,NaN,NaN,NaN,NaN
8,NaN,NaN,NaN,NaN,NaN,NaN,NaN,NaN
9,NaN,NaN,NaN,NaN,NaN,NaN,NaN,NaN
10,NaN,NaN,NaN,NaN,NaN,NaN,NaN,NaN
11,NaN,NaN,NaN,NaN,NaN,NaN,NaN,NaN
1,NaN,NaN,NaN,NaN,NaN,NaN,NaN,NaN
2,NaN,NaN,NaN,NaN,NaN,NaN,NaN,NaN
3,NaN,NaN,NaN,NaN,NaN,NaN,NaN,NaN
4,NaN,NaN,NaN,NaN,NaN,NaN,NaN,NaN
5,NaN,NaN,NaN,NaN,NaN,NaN,NaN,NaN
6,NaN,NaN,NaN,NaN,NaN,NaN,NaN,NaN
7,NaN,NaN,NaN,NaN,NaN,NaN,NaN,NaN
8,NaN,NaN,NaN,NaN,NaN,NaN,NaN,NaN
9,NaN,NaN,NaN,NaN,NaN,NaN,NaN,NaN
10,NaN,NaN,NaN,NaN,NaN,NaN,NaN,NaN
11,NaN,NaN,NaN,NaN,NaN,NaN,NaN,NaN
1,NaN,NaN,NaN,NaN,NaN,NaN,NaN,NaN
2,NaN,NaN,NaN,NaN,NaN,NaN,NaN,NaN
3,NaN,NaN,NaN,NaN,NaN,NaN,NaN,NaN
4,NaN,NaN,NaN,NaN,NaN,NaN,NaN,NaN
5,NaN,NaN,NaN,NaN,NaN,NaN,NaN,NaN
6,NaN,NaN,NaN,NaN,NaN,NaN,NaN,NaN
7,NaN,NaN,NaN,NaN,NaN,NaN,NaN,NaN
8,NaN,NaN,NaN,NaN,NaN,NaN,NaN,NaN
9,NaN,NaN,NaN,NaN,NaN,NaN,NaN,NaN
10,NaN,NaN,NaN,NaN,NaN,NaN,NaN,NaN
11,NaN,NaN,NaN,NaN,NaN,NaN,NaN,NaN
1,NaN,NaN,NaN,NaN,NaN,NaN,NaN,NaN
2,NaN,NaN,NaN,NaN,NaN,NaN,NaN,NaN
3,NaN,NaN,NaN,NaN,NaN,NaN,NaN,NaN
4,NaN,NaN,NaN,NaN,NaN,NaN,NaN,NaN
5,NaN,NaN,NaN,NaN,NaN,NaN,NaN,NaN
6,NaN,NaN,NaN,NaN,NaN,NaN,NaN,NaN
7,NaN,NaN,NaN,NaN,NaN,NaN,NaN,NaN
8,NaN,NaN,NaN,NaN,NaN,NaN,NaN,NaN
9,NaN,NaN,NaN,NaN,NaN,NaN,NaN,NaN
10,NaN,NaN,NaN,NaN,NaN,NaN,NaN,NaN
11,NaN,NaN,NaN,NaN,NaN,NaN,NaN,NaN
1,NaN,NaN,NaN,NaN,NaN,NaN,NaN,NaN
2,NaN,NaN,NaN,NaN,NaN,NaN,NaN,NaN
3,NaN,NaN,NaN,NaN,NaN,NaN,NaN,NaN
4,NaN,NaN,NaN,NaN,NaN,NaN,NaN,NaN
5,NaN,NaN,NaN,NaN,NaN,NaN,NaN,NaN
6,NaN,NaN,NaN,NaN,NaN,NaN,NaN,NaN
7,NaN,NaN,NaN,NaN,NaN,NaN,NaN,NaN
8,NaN,NaN,NaN,NaN,NaN,NaN,NaN,NaN
9,NaN,NaN,NaN,NaN,NaN,NaN,NaN,NaN
10,NaN,NaN,NaN,NaN,NaN,NaN,NaN,NaN
11,NaN,NaN,NaN,NaN,NaN,NaN,NaN,NaN
1,NaN,NaN,NaN,NaN,NaN,NaN,NaN,NaN
2,NaN,NaN,NaN,NaN,NaN,NaN,NaN,NaN
3,NaN,NaN,NaN,NaN,NaN,NaN,NaN,NaN
4,NaN,NaN,NaN,NaN,NaN,NaN,NaN,NaN
5,NaN,NaN,NaN,NaN,NaN,NaN,NaN,NaN
6,NaN,NaN,NaN,NaN,NaN,NaN,NaN,NaN
7,NaN,NaN,NaN,NaN,NaN,NaN,NaN,NaN
8,NaN,NaN,NaN,NaN,NaN,NaN,NaN,NaN
9,NaN,NaN,NaN,NaN,NaN,NaN,NaN,NaN
10,NaN,NaN,NaN,NaN,NaN,NaN,NaN,NaN
11,NaN,NaN,NaN,NaN,NaN,NaN,NaN,NaN
1,NaN,NaN,NaN,NaN,NaN,NaN,NaN,NaN
2,NaN,NaN,NaN,NaN,NaN,NaN,NaN,NaN
3,NaN,NaN,NaN,NaN,NaN,NaN,NaN,NaN
4,NaN,NaN,NaN,NaN,NaN,NaN,NaN,NaN
5,NaN,NaN,NaN,NaN,NaN,NaN,NaN,NaN
6,NaN,NaN,NaN,NaN,NaN,NaN,NaN,NaN
7,NaN,NaN,NaN,NaN,NaN,NaN,NaN,NaN
8,NaN,NaN,NaN,NaN,NaN,NaN,NaN,NaN
9,NaN,NaN,NaN,NaN,NaN,NaN,NaN,NaN
10,NaN,NaN,NaN,NaN,NaN,NaN,NaN,NaN
11,NaN,NaN,NaN,NaN,NaN,NaN,NaN,NaN
1,NaN,NaN,NaN,NaN,NaN,NaN,NaN,NaN
2,NaN,NaN,NaN,NaN,NaN,NaN,NaN,NaN
3,NaN,NaN,NaN,NaN,NaN,NaN,NaN,NaN
4,NaN,NaN,NaN,NaN,NaN,NaN,NaN,NaN
5,NaN,NaN,NaN,NaN,NaN,NaN,NaN,NaN
6,NaN,NaN,NaN,NaN,NaN,NaN,NaN,NaN
7,NaN,NaN,NaN,NaN,NaN,NaN,NaN,NaN
8,NaN,NaN,NaN,NaN,NaN,NaN,NaN,NaN
9,NaN,NaN,NaN,NaN,NaN,NaN,NaN,NaN
10,NaN,NaN,NaN,NaN,NaN,NaN,NaN,NaN
11,NaN,NaN,NaN,NaN,NaN,NaN,NaN,NaN
1,NaN,NaN,NaN,NaN,NaN,NaN,NaN,NaN
2,NaN,NaN,NaN,NaN,NaN,NaN,NaN,NaN
3,NaN,NaN,NaN,NaN,NaN,NaN,NaN,NaN
4,NaN,NaN,NaN,NaN,NaN,NaN,NaN,NaN
5,NaN,NaN,NaN,NaN,NaN,NaN,NaN,NaN
6,NaN,NaN,NaN,NaN,NaN,NaN,NaN,NaN
7,NaN,NaN,NaN,NaN,NaN,NaN,NaN,NaN
8,NaN,NaN,NaN,NaN,NaN,NaN,NaN,NaN
9,NaN,NaN,NaN,NaN,NaN,NaN,NaN,NaN
10,NaN,NaN,NaN,NaN,NaN,NaN,NaN,NaN
11,NaN,NaN,NaN,NaN,NaN,NaN,NaN,NaN
1,NaN,NaN,NaN,NaN,NaN,NaN,NaN,NaN
2,NaN,NaN,NaN,NaN,NaN,NaN,NaN,NaN
3,NaN,NaN,NaN,NaN,NaN,NaN,NaN,NaN
4,NaN,NaN,NaN,NaN,NaN,NaN,NaN,NaN
5,NaN,NaN,NaN,NaN,NaN,NaN,NaN,NaN
6,NaN,NaN,NaN,NaN,NaN,NaN,NaN,NaN
7,NaN,NaN,NaN,NaN,NaN,NaN,NaN,NaN
8,NaN,NaN,NaN,NaN,NaN,NaN,NaN,NaN
9,NaN,NaN,NaN,NaN,NaN,NaN,NaN,NaN
10,NaN,NaN,NaN,NaN,NaN,NaN,NaN,NaN
11,NaN,NaN,NaN,NaN,NaN,NaN,NaN,NaN
1,NaN,NaN,NaN,NaN,NaN,NaN,NaN,NaN
2,NaN,NaN,NaN,NaN,NaN,NaN,NaN,NaN
3,NaN,NaN,NaN,NaN,NaN,NaN,NaN,NaN
4,NaN,NaN,NaN,NaN,NaN,NaN,NaN,NaN
5,NaN,NaN,NaN,NaN,NaN,NaN,NaN,NaN
6,NaN,NaN,NaN,NaN,NaN,NaN,NaN,NaN
7,NaN,NaN,NaN,NaN,NaN,NaN,NaN,NaN
8,NaN,NaN,NaN,NaN,NaN,NaN,NaN,NaN
9,NaN,NaN,NaN,NaN,NaN,NaN,NaN,NaN
10,NaN,NaN,NaN,NaN,NaN,NaN,NaN,NaN
11,NaN,NaN,NaN,NaN,NaN,NaN,NaN,NaN
1,NaN,NaN,NaN,NaN,NaN,NaN,NaN,NaN
2,NaN,NaN,NaN,NaN,NaN,NaN,NaN,NaN
3,NaN,NaN,NaN,NaN,NaN,NaN,NaN,NaN
4,NaN,NaN,NaN,NaN,NaN,NaN,NaN,NaN
5,NaN,NaN,NaN,NaN,NaN,NaN,NaN,NaN
6,NaN,NaN,NaN,NaN,NaN,NaN,NaN,NaN
7,NaN,NaN,NaN,NaN,NaN,NaN,NaN,NaN
8,NaN,NaN,NaN,NaN,NaN,NaN,NaN,NaN
9,NaN,NaN,NaN,NaN,NaN,NaN,NaN,NaN
10,NaN,NaN,NaN,NaN,NaN,NaN,NaN,NaN
11,NaN,NaN,NaN,NaN,NaN,NaN,NaN,NaN
1,NaN,NaN,NaN,NaN,NaN,NaN,NaN,NaN
2,NaN,NaN,NaN,NaN,NaN,NaN,NaN,NaN
3,NaN,NaN,NaN,NaN,NaN,NaN,NaN,NaN
4,NaN,NaN,NaN,NaN,NaN,NaN,NaN,NaN
5,NaN,NaN,NaN,NaN,NaN,NaN,NaN,NaN
6,NaN,NaN,NaN,NaN,NaN,NaN,NaN,NaN
7,NaN,NaN,NaN,NaN,NaN,NaN,NaN,NaN
8,NaN,NaN,NaN,NaN,NaN,NaN,NaN,NaN
9,NaN,NaN,NaN,NaN,NaN,NaN,NaN,NaN
10,NaN,NaN,NaN,NaN,NaN,NaN,NaN,NaN
11,NaN,NaN,NaN,NaN,NaN,NaN,NaN,NaN
1,NaN,NaN,NaN,NaN,NaN,NaN,NaN,NaN
2,NaN,NaN,NaN,NaN,NaN,NaN,NaN,NaN
3,NaN,NaN,NaN,NaN,NaN,NaN,NaN,NaN
4,NaN,NaN,NaN,NaN,NaN,NaN,NaN,NaN
5,NaN,NaN,NaN,NaN,NaN,NaN,NaN,NaN
6,NaN,NaN,NaN,NaN,NaN,NaN,NaN,NaN
7,NaN,NaN,NaN,NaN,NaN,NaN,NaN,NaN
8,NaN,NaN,NaN,NaN,NaN,NaN,NaN,NaN
9,NaN,NaN,NaN,NaN,NaN,NaN,NaN,NaN
10,NaN,NaN,NaN,NaN,NaN,NaN,NaN,NaN
11,NaN,NaN,NaN,NaN,NaN,NaN,NaN,NaN
1,NaN,NaN,NaN,NaN,NaN,NaN,NaN,NaN
2,NaN,NaN,NaN,NaN,NaN,NaN,NaN,NaN
3,NaN,NaN,NaN,NaN,NaN,NaN,NaN,NaN
4,NaN,NaN,NaN,NaN,NaN,NaN,NaN,NaN
5,NaN,NaN,NaN,NaN,NaN,NaN,NaN,NaN
6,NaN,NaN,NaN,NaN,NaN,NaN,NaN,NaN
7,NaN,NaN,NaN,NaN,NaN,NaN,NaN,NaN
8,NaN,NaN,NaN,NaN,NaN,NaN,NaN,NaN
9,NaN,NaN,NaN,NaN,NaN,NaN,NaN,NaN
10,NaN,NaN,NaN,NaN,NaN,NaN,NaN,NaN
11,NaN,NaN,NaN,NaN,NaN,NaN,NaN,NaN
1,NaN,NaN,NaN,NaN,NaN,NaN,NaN,NaN
2,NaN,NaN,NaN,NaN,NaN,NaN,NaN,NaN
3,NaN,NaN,NaN,NaN,NaN,NaN,NaN,NaN
4,NaN,NaN,NaN,NaN,NaN,NaN,NaN,NaN
5,NaN,NaN,NaN,NaN,NaN,NaN,NaN,NaN
6,NaN,NaN,NaN,NaN,NaN,NaN,NaN,NaN
7,NaN,NaN,NaN,NaN,NaN,NaN,NaN,NaN
8,NaN,NaN,NaN,NaN,NaN,NaN,NaN,NaN
9,NaN,NaN,NaN,NaN,NaN,NaN,NaN,NaN
10,NaN,NaN,NaN,NaN,NaN,NaN,NaN,NaN
11,NaN,NaN,NaN,NaN,NaN,NaN,NaN,NaN
1,NaN,NaN,NaN,NaN,NaN,NaN,NaN,NaN
2,NaN,NaN,NaN,NaN,NaN,NaN,NaN,NaN
3,NaN,NaN,NaN,NaN,NaN,NaN,NaN,NaN
4,NaN,NaN,NaN,NaN,NaN,NaN,NaN,NaN
5,NaN,NaN,NaN,NaN,NaN,NaN,NaN,NaN
6,NaN,NaN,NaN,NaN,NaN,NaN,NaN,NaN
7,NaN,NaN,NaN,NaN,NaN,NaN,NaN,NaN
8,NaN,NaN,NaN,NaN,NaN,NaN,NaN,NaN
9,NaN,NaN,NaN,NaN,NaN,NaN,NaN,NaN
10,NaN,NaN,NaN,NaN,NaN,NaN,NaN,NaN
11,NaN,NaN,NaN,NaN,NaN,NaN,NaN,NaN
1,NaN,NaN,NaN,NaN,NaN,NaN,NaN,NaN
2,NaN,NaN,NaN,NaN,NaN,NaN,NaN,NaN
3,NaN,NaN,NaN,NaN,NaN,NaN,NaN,NaN
4,NaN,NaN,NaN,NaN,NaN,NaN,NaN,NaN
5,NaN,NaN,NaN,NaN,NaN,NaN,NaN,NaN
6,NaN,NaN,NaN,NaN,NaN,NaN,NaN,NaN
7,NaN,NaN,NaN,NaN,NaN,NaN,NaN,NaN
8,NaN,NaN,NaN,NaN,NaN,NaN,NaN,NaN
9,NaN,NaN,NaN,NaN,NaN,NaN,NaN,NaN
10,NaN,NaN,NaN,NaN,NaN,NaN,NaN,NaN
11,NaN,NaN,NaN,NaN,NaN,NaN,NaN,NaN
1,NaN,NaN,NaN,NaN,NaN,NaN,NaN,NaN
2,NaN,NaN,NaN,NaN,NaN,NaN,NaN,NaN
3,NaN,NaN,NaN,NaN,NaN,NaN,NaN,NaN
4,NaN,NaN,NaN,NaN,NaN,NaN,NaN,NaN
5,NaN,NaN,NaN,NaN,NaN,NaN,NaN,NaN
6,NaN,NaN,NaN,NaN,NaN,NaN,NaN,NaN
7,NaN,NaN,NaN,NaN,NaN,NaN,NaN,NaN
8,NaN,NaN,NaN,NaN,NaN,NaN,NaN,NaN
9,NaN,NaN,NaN,NaN,NaN,NaN,NaN,NaN
10,NaN,NaN,NaN,NaN,NaN,NaN,NaN,NaN
11,NaN,NaN,NaN,NaN,NaN,NaN,NaN,NaN
1,NaN,NaN,NaN,NaN,NaN,NaN,NaN,NaN
2,NaN,NaN,NaN,NaN,NaN,NaN,NaN,NaN
3,NaN,NaN,NaN,NaN,NaN,NaN,NaN,NaN
4,NaN,NaN,NaN,NaN,NaN,NaN,NaN,NaN
5,NaN,NaN,NaN,NaN,NaN,NaN,NaN,NaN
6,NaN,NaN,NaN,NaN,NaN,NaN,NaN,NaN
7,NaN,NaN,NaN,NaN,NaN,NaN,NaN,NaN
8,NaN,NaN,NaN,NaN,NaN,NaN,NaN,NaN
9,NaN,NaN,NaN,NaN,NaN,NaN,NaN,NaN
10,NaN,NaN,NaN,NaN,NaN,NaN,NaN,NaN
11,NaN,NaN,NaN,NaN,NaN,NaN,NaN,NaN
1,NaN,NaN,NaN,NaN,NaN,NaN,NaN,NaN
2,NaN,NaN,NaN,NaN,NaN,NaN,NaN,NaN
3,NaN,NaN,NaN,NaN,NaN,NaN,NaN,NaN
4,NaN,NaN,NaN,NaN,NaN,NaN,NaN,NaN
5,NaN,NaN,NaN,NaN,NaN,NaN,NaN,NaN
6,NaN,NaN,NaN,NaN,NaN,NaN,NaN,NaN
7,NaN,NaN,NaN,NaN,NaN,NaN,NaN,NaN
8,NaN,NaN,NaN,NaN,NaN,NaN,NaN,NaN
9,NaN,NaN,NaN,NaN,NaN,NaN,NaN,NaN
10,NaN,NaN,NaN,NaN,NaN,NaN,NaN,NaN
11,NaN,NaN,NaN,NaN,NaN,NaN,NaN,NaN
1,NaN,NaN,NaN,NaN,NaN,NaN,NaN,NaN
2,NaN,NaN,NaN,NaN,NaN,NaN,NaN,NaN
3,NaN,NaN,NaN,NaN,NaN,NaN,NaN,NaN
4,NaN,NaN,NaN,NaN,NaN,NaN,NaN,NaN
5,NaN,NaN,NaN,NaN,NaN,NaN,NaN,NaN
6,NaN,NaN,NaN,NaN,NaN,NaN,NaN,NaN
7,NaN,NaN,NaN,NaN,NaN,NaN,NaN,NaN
8,NaN,NaN,NaN,NaN,NaN,NaN,NaN,NaN
9,NaN,NaN,NaN,NaN,NaN,NaN,NaN,NaN
10,NaN,NaN,NaN,NaN,NaN,NaN,NaN,NaN
11,NaN,NaN,NaN,NaN,NaN,NaN,NaN,NaN
1,NaN,NaN,NaN,NaN,NaN,NaN,NaN,NaN
2,NaN,NaN,NaN,NaN,NaN,NaN,NaN,NaN
3,NaN,NaN,NaN,NaN,NaN,NaN,NaN,NaN
4,NaN,NaN,NaN,NaN,NaN,NaN,NaN,NaN
5,NaN,NaN,NaN,NaN,NaN,NaN,NaN,NaN
6,NaN,NaN,NaN,NaN,NaN,NaN,NaN,NaN
7,NaN,NaN,NaN,NaN,NaN,NaN,NaN,NaN
8,NaN,NaN,NaN,NaN,NaN,NaN,NaN,NaN
9,NaN,NaN,NaN,NaN,NaN,NaN,NaN,NaN
10,NaN,NaN,NaN,NaN,NaN,NaN,NaN,NaN
11,NaN,NaN,NaN,NaN,NaN,NaN,NaN,NaN
1,NaN,NaN,NaN,NaN,NaN,NaN,NaN,NaN
2,NaN,NaN,NaN,NaN,NaN,NaN,NaN,NaN
3,NaN,NaN,NaN,NaN,NaN,NaN,NaN,NaN
4,NaN,NaN,NaN,NaN,NaN,NaN,NaN,NaN
5,NaN,NaN,NaN,NaN,NaN,NaN,NaN,NaN
6,NaN,NaN,NaN,NaN,NaN,NaN,NaN,NaN
7,NaN,NaN,NaN,NaN,NaN,NaN,NaN,NaN
8,NaN,NaN,NaN,NaN,NaN,NaN,NaN,NaN
9,NaN,NaN,NaN,NaN,NaN,NaN,NaN,NaN
10,NaN,NaN,NaN,NaN,NaN,NaN,NaN,NaN
11,NaN,NaN,NaN,NaN,NaN,NaN,NaN,NaN
1,NaN,NaN,NaN,NaN,NaN,NaN,NaN,NaN
2,NaN,NaN,NaN,NaN,NaN,NaN,NaN,NaN
3,NaN,NaN,NaN,NaN,NaN,NaN,NaN,NaN
4,NaN,NaN,NaN,NaN,NaN,NaN,NaN,NaN
5,NaN,NaN,NaN,NaN,NaN,NaN,NaN,NaN
6,NaN,NaN,NaN,NaN,NaN,NaN,NaN,NaN
7,NaN,NaN,NaN,NaN,NaN,NaN,NaN,NaN
8,NaN,NaN,NaN,NaN,NaN,NaN,NaN,NaN
9,NaN,NaN,NaN,NaN,NaN,NaN,NaN,NaN
10,NaN,NaN,NaN,NaN,NaN,NaN,NaN,NaN
11,NaN,NaN,NaN,NaN,NaN,NaN,NaN,NaN
1,NaN,NaN,NaN,NaN,NaN,NaN,NaN,NaN
2,NaN,NaN,NaN,NaN,NaN,NaN,NaN,NaN
3,NaN,NaN,NaN,NaN,NaN,NaN,NaN,NaN
4,NaN,NaN,NaN,NaN,NaN,NaN,NaN,NaN
5,NaN,NaN,NaN,NaN,NaN,NaN,NaN,NaN
6,NaN,NaN,NaN,NaN,NaN,NaN,NaN,NaN
7,NaN,NaN,NaN,NaN,NaN,NaN,NaN,NaN
8,NaN,NaN,NaN,NaN,NaN,NaN,NaN,NaN
9,NaN,NaN,NaN,NaN,NaN,NaN,NaN,NaN
10,NaN,NaN,NaN,NaN,NaN,NaN,NaN,NaN
11,NaN,NaN,NaN,NaN,NaN,NaN,NaN,NaN
1,NaN,NaN,NaN,NaN,NaN,NaN,NaN,NaN
2,NaN,NaN,NaN,NaN,NaN,NaN,NaN,NaN
3,NaN,NaN,NaN,NaN,NaN,NaN,NaN,NaN
4,NaN,NaN,NaN,NaN,NaN,NaN,NaN,NaN
5,NaN,NaN,NaN,NaN,NaN,NaN,NaN,NaN
6,NaN,NaN,NaN,NaN,NaN,NaN,NaN,NaN
7,NaN,NaN,NaN,NaN,NaN,NaN,NaN,NaN
8,NaN,NaN,NaN,NaN,NaN,NaN,NaN,NaN
9,NaN,NaN,NaN,NaN,NaN,NaN,NaN,NaN
10,NaN,NaN,NaN,NaN,NaN,NaN,NaN,NaN
11,NaN,NaN,NaN,NaN,NaN,NaN,NaN,NaN
1,NaN,NaN,NaN,NaN,NaN,NaN,NaN,NaN
2,NaN,NaN,NaN,NaN,NaN,NaN,NaN,NaN
3,NaN,NaN,NaN,NaN,NaN,NaN,NaN,NaN
4,NaN,NaN,NaN,NaN,NaN,NaN,NaN,NaN
5,NaN,NaN,NaN,NaN,NaN,NaN,NaN,NaN
6,NaN,NaN,NaN,NaN,NaN,NaN,NaN,NaN
7,NaN,NaN,NaN,NaN,NaN,NaN,NaN,NaN
8,NaN,NaN,NaN,NaN,NaN,NaN,NaN,NaN
9,NaN,NaN,NaN,NaN,NaN,NaN,NaN,NaN
10,NaN,NaN,NaN,NaN,NaN,NaN,NaN,NaN
11,NaN,NaN,NaN,NaN,NaN,NaN,NaN,NaN
1,NaN,NaN,NaN,NaN,NaN,NaN,NaN,NaN
2,NaN,NaN,NaN,NaN,NaN,NaN,NaN,NaN
3,NaN,NaN,NaN,NaN,NaN,NaN,NaN,NaN
4,NaN,NaN,NaN,NaN,NaN,NaN,NaN,NaN
5,NaN,NaN,NaN,NaN,NaN,NaN,NaN,NaN
6,NaN,NaN,NaN,NaN,NaN,NaN,NaN,NaN
7,NaN,NaN,NaN,NaN,NaN,NaN,NaN,NaN
8,NaN,NaN,NaN,NaN,NaN,NaN,NaN,NaN
9,NaN,NaN,NaN,NaN,NaN,NaN,NaN,NaN
10,NaN,NaN,NaN,NaN,NaN,NaN,NaN,NaN
11,NaN,NaN,NaN,NaN,NaN,NaN,NaN,NaN
1,NaN,NaN,NaN,NaN,NaN,NaN,NaN,NaN
2,NaN,NaN,NaN,NaN,NaN,NaN,NaN,NaN
3,NaN,NaN,NaN,NaN,NaN,NaN,NaN,NaN
4,NaN,NaN,NaN,NaN,NaN,NaN,NaN,NaN
5,NaN,NaN,NaN,NaN,NaN,NaN,NaN,NaN
6,NaN,NaN,NaN,NaN,NaN,NaN,NaN,NaN
7,NaN,NaN,NaN,NaN,NaN,NaN,NaN,NaN
8,NaN,NaN,NaN,NaN,NaN,NaN,NaN,NaN
9,NaN,NaN,NaN,NaN,NaN,NaN,NaN,NaN
10,NaN,NaN,NaN,NaN,NaN,NaN,NaN,NaN
11,NaN,NaN,NaN,NaN,NaN,NaN,NaN,NaN
1,NaN,NaN,NaN,NaN,NaN,NaN,NaN,NaN
2,NaN,NaN,NaN,NaN,NaN,NaN,NaN,NaN
3,NaN,NaN,NaN,NaN,NaN,NaN,NaN,NaN
4,NaN,NaN,NaN,NaN,NaN,NaN,NaN,NaN
5,NaN,NaN,NaN,NaN,NaN,NaN,NaN,NaN
6,NaN,NaN,NaN,NaN,NaN,NaN,NaN,NaN
7,NaN,NaN,NaN,NaN,NaN,NaN,NaN,NaN
8,NaN,NaN,NaN,NaN,NaN,NaN,NaN,NaN
9,NaN,NaN,NaN,NaN,NaN,NaN,NaN,NaN
10,NaN,NaN,NaN,NaN,NaN,NaN,NaN,NaN
11,NaN,NaN,NaN,NaN,NaN,NaN,NaN,NaN
1,NaN,NaN,NaN,NaN,NaN,NaN,NaN,NaN
2,NaN,NaN,NaN,NaN,NaN,NaN,NaN,NaN
3,NaN,NaN,NaN,NaN,NaN,NaN,NaN,NaN
4,NaN,NaN,NaN,NaN,NaN,NaN,NaN,NaN
5,NaN,NaN,NaN,NaN,NaN,NaN,NaN,NaN
6,NaN,NaN,NaN,NaN,NaN,NaN,NaN,NaN
7,NaN,NaN,NaN,NaN,NaN,NaN,NaN,NaN
8,NaN,NaN,NaN,NaN,NaN,NaN,NaN,NaN
9,NaN,NaN,NaN,NaN,NaN,NaN,NaN,NaN
10,NaN,NaN,NaN,NaN,NaN,NaN,NaN,NaN
11,NaN,NaN,NaN,NaN,NaN,NaN,NaN,NaN
1,NaN,NaN,NaN,NaN,NaN,NaN,NaN,NaN
2,NaN,NaN,NaN,NaN,NaN,NaN,NaN,NaN
3,NaN,NaN,NaN,NaN,NaN,NaN,NaN,NaN
4,NaN,NaN,NaN,NaN,NaN,NaN,NaN,NaN
5,NaN,NaN,NaN,NaN,NaN,NaN,NaN,NaN
6,NaN,NaN,NaN,NaN,NaN,NaN,NaN,NaN
7,NaN,NaN,NaN,NaN,NaN,NaN,NaN,NaN
8,NaN,NaN,NaN,NaN,NaN,NaN,NaN,NaN
9,NaN,NaN,NaN,NaN,NaN,NaN,NaN,NaN
10,NaN,NaN,NaN,NaN,NaN,NaN,NaN,NaN
11,NaN,NaN,NaN,NaN,NaN,NaN,NaN,NaN
1,NaN,NaN,NaN,NaN,NaN,NaN,NaN,NaN
2,NaN,NaN,NaN,NaN,NaN,NaN,NaN,NaN
3,NaN,NaN,NaN,NaN,NaN,NaN,NaN,NaN
4,NaN,NaN,NaN,NaN,NaN,NaN,NaN,NaN
5,NaN,NaN,NaN,NaN,NaN,NaN,NaN,NaN
6,NaN,NaN,NaN,NaN,NaN,NaN,NaN,NaN
7,NaN,NaN,NaN,NaN,NaN,NaN,NaN,NaN
8,NaN,NaN,NaN,NaN,NaN,NaN,NaN,NaN
9,NaN,NaN,NaN,NaN,NaN,NaN,NaN,NaN
10,NaN,NaN,NaN,NaN,NaN,NaN,NaN,NaN
11,NaN,NaN,NaN,NaN,NaN,NaN,NaN,NaN
1,NaN,NaN,NaN,NaN,NaN,NaN,NaN,NaN
2,NaN,NaN,NaN,NaN,NaN,NaN,NaN,NaN
3,NaN,NaN,NaN,NaN,NaN,NaN,NaN,NaN
4,NaN,NaN,NaN,NaN,NaN,NaN,NaN,NaN
5,NaN,NaN,NaN,NaN,NaN,NaN,NaN,NaN
6,NaN,NaN,NaN,NaN,NaN,NaN,NaN,NaN
7,NaN,NaN,NaN,NaN,NaN,NaN,NaN,NaN
8,NaN,NaN,NaN,NaN,NaN,NaN,NaN,NaN
9,NaN,NaN,NaN,NaN,NaN,NaN,NaN,NaN
10,NaN,NaN,NaN,NaN,NaN,NaN,NaN,NaN
11,NaN,NaN,NaN,NaN,NaN,NaN,NaN,NaN
1,NaN,NaN,NaN,NaN,NaN,NaN,NaN,NaN
2,NaN,NaN,NaN,NaN,NaN,NaN,NaN,NaN
3,NaN,NaN,NaN,NaN,NaN,NaN,NaN,NaN
4,NaN,NaN,NaN,NaN,NaN,NaN,NaN,NaN
5,NaN,NaN,NaN,NaN,NaN,NaN,NaN,NaN
6,NaN,NaN,NaN,NaN,NaN,NaN,NaN,NaN
7,NaN,NaN,NaN,NaN,NaN,NaN,NaN,NaN
8,NaN,NaN,NaN,NaN,NaN,NaN,NaN,NaN
9,NaN,NaN,NaN,NaN,NaN,NaN,NaN,NaN
10,NaN,NaN,NaN,NaN,NaN,NaN,NaN,NaN
11,NaN,NaN,NaN,NaN,NaN,NaN,NaN,NaN
1,NaN,NaN,NaN,NaN,NaN,NaN,NaN,NaN
2,NaN,NaN,NaN,NaN,NaN,NaN,NaN,NaN
3,NaN,NaN,NaN,NaN,NaN,NaN,NaN,NaN
4,NaN,NaN,NaN,NaN,NaN,NaN,NaN,NaN
5,NaN,NaN,NaN,NaN,NaN,NaN,NaN,NaN
6,NaN,NaN,NaN,NaN,NaN,NaN,NaN,NaN
7,NaN,NaN,NaN,NaN,NaN,NaN,NaN,NaN
8,NaN,NaN,NaN,NaN,NaN,NaN,NaN,NaN
9,NaN,NaN,NaN,NaN,NaN,NaN,NaN,NaN
10,NaN,NaN,NaN,NaN,NaN,NaN,NaN,NaN
11,NaN,NaN,NaN,NaN,NaN,NaN,NaN,NaN
1,NaN,NaN,NaN,NaN,NaN,NaN,NaN,NaN
2,NaN,NaN,NaN,NaN,NaN,NaN,NaN,NaN
3,NaN,NaN,NaN,NaN,NaN,NaN,NaN,NaN
4,NaN,NaN,NaN,NaN,NaN,NaN,NaN,NaN
5,NaN,NaN,NaN,NaN,NaN,NaN,NaN,NaN
6,NaN,NaN,NaN,NaN,NaN,NaN,NaN,NaN
7,NaN,NaN,NaN,NaN,NaN,NaN,NaN,NaN
8,NaN,NaN,NaN,NaN,NaN,NaN,NaN,NaN
9,NaN,NaN,NaN,NaN,NaN,NaN,NaN,NaN
10,NaN,NaN,NaN,NaN,NaN,NaN,NaN,NaN
11,NaN,NaN,NaN,NaN,NaN,NaN,NaN,NaN
1,NaN,NaN,NaN,NaN,NaN,NaN,NaN,NaN
2,NaN,NaN,NaN,NaN,NaN,NaN,NaN,NaN
3,NaN,NaN,NaN,NaN,NaN,NaN,NaN,NaN
4,NaN,NaN,NaN,NaN,NaN,NaN,NaN,NaN
5,NaN,NaN,NaN,NaN,NaN,NaN,NaN,NaN
6,NaN,NaN,NaN,NaN,NaN,NaN,NaN,NaN
7,NaN,NaN,NaN,NaN,NaN,NaN,NaN,NaN
8,NaN,NaN,NaN,NaN,NaN,NaN,NaN,NaN
9,NaN,NaN,NaN,NaN,NaN,NaN,NaN,NaN
10,NaN,NaN,NaN,NaN,NaN,NaN,NaN,NaN
11,NaN,NaN,NaN,NaN,NaN,NaN,NaN,NaN
1,NaN,NaN,NaN,NaN,NaN,NaN,NaN,NaN
2,NaN,NaN,NaN,NaN,NaN,NaN,NaN,NaN
3,NaN,NaN,NaN,NaN,NaN,NaN,NaN,NaN
4,NaN,NaN,NaN,NaN,NaN,NaN,NaN,NaN
5,NaN,NaN,NaN,NaN,NaN,NaN,NaN,NaN
6,NaN,NaN,NaN,NaN,NaN,NaN,NaN,NaN
7,NaN,NaN,NaN,NaN,NaN,NaN,NaN,NaN
8,NaN,NaN,NaN,NaN,NaN,NaN,NaN,NaN
9,NaN,NaN,NaN,NaN,NaN,NaN,NaN,NaN
10,NaN,NaN,NaN,NaN,NaN,NaN,NaN,NaN
11,NaN,NaN,NaN,NaN,NaN,NaN,NaN,NaN
1,NaN,NaN,NaN,NaN,NaN,NaN,NaN,NaN
2,NaN,NaN,NaN,NaN,NaN,NaN,NaN,NaN
3,NaN,NaN,NaN,NaN,NaN,NaN,NaN,NaN
4,NaN,NaN,NaN,NaN,NaN,NaN,NaN,NaN
5,NaN,NaN,NaN,NaN,NaN,NaN,NaN,NaN
6,NaN,NaN,NaN,NaN,NaN,NaN,NaN,NaN
7,NaN,NaN,NaN,NaN,NaN,NaN,NaN,NaN
8,NaN,NaN,NaN,NaN,NaN,NaN,NaN,NaN
9,NaN,NaN,NaN,NaN,NaN,NaN,NaN,NaN
10,NaN,NaN,NaN,NaN,NaN,NaN,NaN,NaN
11,NaN,NaN,NaN,NaN,NaN,NaN,NaN,NaN
1,NaN,NaN,NaN,NaN,NaN,NaN,NaN,NaN
2,NaN,NaN,NaN,NaN,NaN,NaN,NaN,NaN
3,NaN,NaN,NaN,NaN,NaN,NaN,NaN,NaN
4,NaN,NaN,NaN,NaN,NaN,NaN,NaN,NaN
5,NaN,NaN,NaN,NaN,NaN,NaN,NaN,NaN
6,NaN,NaN,NaN,NaN,NaN,NaN,NaN,NaN
7,NaN,NaN,NaN,NaN,NaN,NaN,NaN,NaN
8,NaN,NaN,NaN,NaN,NaN,NaN,NaN,NaN
9,NaN,NaN,NaN,NaN,NaN,NaN,NaN,NaN
10,NaN,NaN,NaN,NaN,NaN,NaN,NaN,NaN
11,NaN,NaN,NaN,NaN,NaN,NaN,NaN,NaN
1,NaN,NaN,NaN,NaN,NaN,NaN,NaN,NaN
2,NaN,NaN,NaN,NaN,NaN,NaN,NaN,NaN
3,NaN,NaN,NaN,NaN,NaN,NaN,NaN,NaN
4,NaN,NaN,NaN,NaN,NaN,NaN,NaN,NaN
5,NaN,NaN,NaN,NaN,NaN,NaN,NaN,NaN
6,NaN,NaN,NaN,NaN,NaN,NaN,NaN,NaN
7,NaN,NaN,NaN,NaN,NaN,NaN,NaN,NaN
8,NaN,NaN,NaN,NaN,NaN,NaN,NaN,NaN
9,NaN,NaN,NaN,NaN,NaN,NaN,NaN,NaN
10,NaN,NaN,NaN,NaN,NaN,NaN,NaN,NaN
11,NaN,NaN,NaN,NaN,NaN,NaN,NaN,NaN
1,NaN,NaN,NaN,NaN,NaN,NaN,NaN,NaN
2,NaN,NaN,NaN,NaN,NaN,NaN,NaN,NaN
3,NaN,NaN,NaN,NaN,NaN,NaN,NaN,NaN
4,NaN,NaN,NaN,NaN,NaN,NaN,NaN,NaN
5,NaN,NaN,NaN,NaN,NaN,NaN,NaN,NaN
6,NaN,NaN,NaN,NaN,NaN,NaN,NaN,NaN
7,NaN,NaN,NaN,NaN,NaN,NaN,NaN,NaN
8,NaN,NaN,NaN,NaN,NaN,NaN,NaN,NaN
9,NaN,NaN,NaN,NaN,NaN,NaN,NaN,NaN
10,NaN,NaN,NaN,NaN,NaN,NaN,NaN,NaN
11,NaN,NaN,NaN,NaN,NaN,NaN,NaN,NaN
1,NaN,NaN,NaN,NaN,NaN,NaN,NaN,NaN
2,NaN,NaN,NaN,NaN,NaN,NaN,NaN,NaN
3,NaN,NaN,NaN,NaN,NaN,NaN,NaN,NaN
4,NaN,NaN,NaN,NaN,NaN,NaN,NaN,NaN
5,NaN,NaN,NaN,NaN,NaN,NaN,NaN,NaN
6,NaN,NaN,NaN,NaN,NaN,NaN,NaN,NaN
7,NaN,NaN,NaN,NaN,NaN,NaN,NaN,NaN
8,NaN,NaN,NaN,NaN,NaN,NaN,NaN,NaN
9,NaN,NaN,NaN,NaN,NaN,NaN,NaN,NaN
10,NaN,NaN,NaN,NaN,NaN,NaN,NaN,NaN
11,NaN,NaN,NaN,NaN,NaN,NaN,NaN,NaN
1,NaN,NaN,NaN,NaN,NaN,NaN,NaN,NaN
2,NaN,NaN,NaN,NaN,NaN,NaN,NaN,NaN
3,NaN,NaN,NaN,NaN,NaN,NaN,NaN,NaN
4,NaN,NaN,NaN,NaN,NaN,NaN,NaN,NaN
5,NaN,NaN,NaN,NaN,NaN,NaN,NaN,NaN
6,NaN,NaN,NaN,NaN,NaN,NaN,NaN,NaN
7,NaN,NaN,NaN,NaN,NaN,NaN,NaN,NaN
8,NaN,NaN,NaN,NaN,NaN,NaN,NaN,NaN
9,NaN,NaN,NaN,NaN,NaN,NaN,NaN,NaN
10,NaN,NaN,NaN,NaN,NaN,NaN,NaN,NaN
11,NaN,NaN,NaN,NaN,NaN,NaN,NaN,NaN
1,NaN,NaN,NaN,NaN,NaN,NaN,NaN,NaN
2,NaN,NaN,NaN,NaN,NaN,NaN,NaN,NaN
3,NaN,NaN,NaN,NaN,NaN,NaN,NaN,NaN
4,NaN,NaN,NaN,NaN,NaN,NaN,NaN,NaN
5,NaN,NaN,NaN,NaN,NaN,NaN,NaN,NaN
6,NaN,NaN,NaN,NaN,NaN,NaN,NaN,NaN
7,NaN,NaN,NaN,NaN,NaN,NaN,NaN,NaN
8,NaN,NaN,NaN,NaN,NaN,NaN,NaN,NaN
9,NaN,NaN,NaN,NaN,NaN,NaN,NaN,NaN
10,NaN,NaN,NaN,NaN,NaN,NaN,NaN,NaN
11,NaN,NaN,NaN,NaN,NaN,NaN,NaN,NaN
1,NaN,NaN,NaN,NaN,NaN,NaN,NaN,NaN
2,NaN,NaN,NaN,NaN,NaN,NaN,NaN,NaN
3,NaN,NaN,NaN,NaN,NaN,NaN,NaN,NaN
4,NaN,NaN,NaN,NaN,NaN,NaN,NaN,NaN
5,NaN,NaN,NaN,NaN,NaN,NaN,NaN,NaN
6,NaN,NaN,NaN,NaN,NaN,NaN,NaN,NaN
7,NaN,NaN,NaN,NaN,NaN,NaN,NaN,NaN
8,NaN,NaN,NaN,NaN,NaN,NaN,NaN,NaN
9,NaN,NaN,NaN,NaN,NaN,NaN,NaN,NaN
10,NaN,NaN,NaN,NaN,NaN,NaN,NaN,NaN
11,NaN,NaN,NaN,NaN,NaN,NaN,NaN,NaN
1,NaN,NaN,NaN,NaN,NaN,NaN,NaN,NaN
2,NaN,NaN,NaN,NaN,NaN,NaN,NaN,NaN
3,NaN,NaN,NaN,NaN,NaN,NaN,NaN,NaN
4,NaN,NaN,NaN,NaN,NaN,NaN,NaN,NaN
5,NaN,NaN,NaN,NaN,NaN,NaN,NaN,NaN
6,NaN,NaN,NaN,NaN,NaN,NaN,NaN,NaN
7,NaN,NaN,NaN,NaN,NaN,NaN,NaN,NaN
8,NaN,NaN,NaN,NaN,NaN,NaN,NaN,NaN
9,NaN,NaN,NaN,NaN,NaN,NaN,NaN,NaN
10,NaN,NaN,NaN,NaN,NaN,NaN,NaN,NaN
11,NaN,NaN,NaN,NaN,NaN,NaN,NaN,NaN
1,NaN,NaN,NaN,NaN,NaN,NaN,NaN,NaN
2,NaN,NaN,NaN,NaN,NaN,NaN,NaN,NaN
3,NaN,NaN,NaN,NaN,NaN,NaN,NaN,NaN
4,NaN,NaN,NaN,NaN,NaN,NaN,NaN,NaN
5,NaN,NaN,NaN,NaN,NaN,NaN,NaN,NaN
6,NaN,NaN,NaN,NaN,NaN,NaN,NaN,NaN
7,NaN,NaN,NaN,NaN,NaN,NaN,NaN,NaN
8,NaN,NaN,NaN,NaN,NaN,NaN,NaN,NaN
9,NaN,NaN,NaN,NaN,NaN,NaN,NaN,NaN
10,NaN,NaN,NaN,NaN,NaN,NaN,NaN,NaN
11,NaN,NaN,NaN,NaN,NaN,NaN,NaN,NaN
1,NaN,NaN,NaN,NaN,NaN,NaN,NaN,NaN
2,NaN,NaN,NaN,NaN,NaN,NaN,NaN,NaN
3,NaN,NaN,NaN,NaN,NaN,NaN,NaN,NaN
4,NaN,NaN,NaN,NaN,NaN,NaN,NaN,NaN
5,NaN,NaN,NaN,NaN,NaN,NaN,NaN,NaN
6,NaN,NaN,NaN,NaN,NaN,NaN,NaN,NaN
7,NaN,NaN,NaN,NaN,NaN,NaN,NaN,NaN
8,NaN,NaN,NaN,NaN,NaN,NaN,NaN,NaN
9,NaN,NaN,NaN,NaN,NaN,NaN,NaN,NaN
10,NaN,NaN,NaN,NaN,NaN,NaN,NaN,NaN
11,NaN,NaN,NaN,NaN,NaN,NaN,NaN,NaN
1,NaN,NaN,NaN,NaN,NaN,NaN,NaN,NaN
2,NaN,NaN,NaN,NaN,NaN,NaN,NaN,NaN
3,NaN,NaN,NaN,NaN,NaN,NaN,NaN,NaN
4,NaN,NaN,NaN,NaN,NaN,NaN,NaN,NaN
5,NaN,NaN,NaN,NaN,NaN,NaN,NaN,NaN
6,NaN,NaN,NaN,NaN,NaN,NaN,NaN,NaN
7,NaN,NaN,NaN,NaN,NaN,NaN,NaN,NaN
8,NaN,NaN,NaN,NaN,NaN,NaN,NaN,NaN
9,NaN,NaN,NaN,NaN,NaN,NaN,NaN,NaN
10,NaN,NaN,NaN,NaN,NaN,NaN,NaN,NaN
11,NaN,NaN,NaN,NaN,NaN,NaN,NaN,NaN
1,NaN,NaN,NaN,NaN,NaN,NaN,NaN,NaN
2,NaN,NaN,NaN,NaN,NaN,NaN,NaN,NaN
3,NaN,NaN,NaN,NaN,NaN,NaN,NaN,NaN
4,NaN,NaN,NaN,NaN,NaN,NaN,NaN,NaN
5,NaN,NaN,NaN,NaN,NaN,NaN,NaN,NaN
6,NaN,NaN,NaN,NaN,NaN,NaN,NaN,NaN
7,NaN,NaN,NaN,NaN,NaN,NaN,NaN,NaN
8,NaN,NaN,NaN,NaN,NaN,NaN,NaN,NaN
9,NaN,NaN,NaN,NaN,NaN,NaN,NaN,NaN
10,NaN,NaN,NaN,NaN,NaN,NaN,NaN,NaN
11,NaN,NaN,NaN,NaN,NaN,NaN,NaN,NaN
1,NaN,NaN,NaN,NaN,NaN,NaN,NaN,NaN
2,NaN,NaN,NaN,NaN,NaN,NaN,NaN,NaN
3,NaN,NaN,NaN,NaN,NaN,NaN,NaN,NaN
4,NaN,NaN,NaN,NaN,NaN,NaN,NaN,NaN
5,NaN,NaN,NaN,NaN,NaN,NaN,NaN,NaN
6,NaN,NaN,NaN,NaN,NaN,NaN,NaN,NaN
7,NaN,NaN,NaN,NaN,NaN,NaN,NaN,NaN
8,NaN,NaN,NaN,NaN,NaN,NaN,NaN,NaN
9,NaN,NaN,NaN,NaN,NaN,NaN,NaN,NaN
10,NaN,NaN,NaN,NaN,NaN,NaN,NaN,NaN
11,NaN,NaN,NaN,NaN,NaN,NaN,NaN,NaN
1,NaN,NaN,NaN,NaN,NaN,NaN,NaN,NaN
2,NaN,NaN,NaN,NaN,NaN,NaN,NaN,NaN
3,NaN,NaN,NaN,NaN,NaN,NaN,NaN,NaN
4,NaN,NaN,NaN,NaN,NaN,NaN,NaN,NaN
5,NaN,NaN,NaN,NaN,NaN,NaN,NaN,NaN
6,NaN,NaN,NaN,NaN,NaN,NaN,NaN,NaN
7,NaN,NaN,NaN,NaN,NaN,NaN,NaN,NaN
8,NaN,NaN,NaN,NaN,NaN,NaN,NaN,NaN
9,NaN,NaN,NaN,NaN,NaN,NaN,NaN,NaN
10,NaN,NaN,NaN,NaN,NaN,NaN,NaN,NaN
11,NaN,NaN,NaN,NaN,NaN,NaN,NaN,NaN
1,NaN,NaN,NaN,NaN,NaN,NaN,NaN,NaN
2,NaN,NaN,NaN,NaN,NaN,NaN,NaN,NaN
3,NaN,NaN,NaN,NaN,NaN,NaN,NaN,NaN
4,NaN,NaN,NaN,NaN,NaN,NaN,NaN,NaN
5,NaN,NaN,NaN,NaN,NaN,NaN,NaN,NaN
6,NaN,NaN,NaN,NaN,NaN,NaN,NaN,NaN
7,NaN,NaN,NaN,NaN,NaN,NaN,NaN,NaN
8,NaN,NaN,NaN,NaN,NaN,NaN,NaN,NaN
9,NaN,NaN,NaN,NaN,NaN,NaN,NaN,NaN
10,NaN,NaN,NaN,NaN,NaN,NaN,NaN,NaN
11,NaN,NaN,NaN,NaN,NaN,NaN,NaN,NaN
1,NaN,NaN,NaN,NaN,NaN,NaN,NaN,NaN
2,NaN,NaN,NaN,NaN,NaN,NaN,NaN,NaN
3,NaN,NaN,NaN,NaN,NaN,NaN,NaN,NaN
4,NaN,NaN,NaN,NaN,NaN,NaN,NaN,NaN
5,NaN,NaN,NaN,NaN,NaN,NaN,NaN,NaN
6,NaN,NaN,NaN,NaN,NaN,NaN,NaN,NaN
7,NaN,NaN,NaN,NaN,NaN,NaN,NaN,NaN
8,NaN,NaN,NaN,NaN,NaN,NaN,NaN,NaN
9,NaN,NaN,NaN,NaN,NaN,NaN,NaN,NaN
10,NaN,NaN,NaN,NaN,NaN,NaN,NaN,NaN
11,NaN,NaN,NaN,NaN,NaN,NaN,NaN,NaN
1,NaN,NaN,NaN,NaN,NaN,NaN,NaN,NaN
2,NaN,NaN,NaN,NaN,NaN,NaN,NaN,NaN
3,NaN,NaN,NaN,NaN,NaN,NaN,NaN,NaN
4,NaN,NaN,NaN,NaN,NaN,NaN,NaN,NaN
5,NaN,NaN,NaN,NaN,NaN,NaN,NaN,NaN
6,NaN,NaN,NaN,NaN,NaN,NaN,NaN,NaN
7,NaN,NaN,NaN,NaN,NaN,NaN,NaN,NaN
8,NaN,NaN,NaN,NaN,NaN,NaN,NaN,NaN
9,NaN,NaN,NaN,NaN,NaN,NaN,NaN,NaN
10,NaN,NaN,NaN,NaN,NaN,NaN,NaN,NaN
11,NaN,NaN,NaN,NaN,NaN,NaN,NaN,NaN
1,NaN,NaN,NaN,NaN,NaN,NaN,NaN,NaN
2,NaN,NaN,NaN,NaN,NaN,NaN,NaN,NaN
3,NaN,NaN,NaN,NaN,NaN,NaN,NaN,NaN
4,NaN,NaN,NaN,NaN,NaN,NaN,NaN,NaN
5,NaN,NaN,NaN,NaN,NaN,NaN,NaN,NaN
6,NaN,NaN,NaN,NaN,NaN,NaN,NaN,NaN
7,NaN,NaN,NaN,NaN,NaN,NaN,NaN,NaN
8,NaN,NaN,NaN,NaN,NaN,NaN,NaN,NaN
9,NaN,NaN,NaN,NaN,NaN,NaN,NaN,NaN
10,NaN,NaN,NaN,NaN,NaN,NaN,NaN,NaN
11,NaN,NaN,NaN,NaN,NaN,NaN,NaN,NaN
1,NaN,NaN,NaN,NaN,NaN,NaN,NaN,NaN
2,NaN,NaN,NaN,NaN,NaN,NaN,NaN,NaN
3,NaN,NaN,NaN,NaN,NaN,NaN,NaN,NaN
4,NaN,NaN,NaN,NaN,NaN,NaN,NaN,NaN
5,NaN,NaN,NaN,NaN,NaN,NaN,NaN,NaN
6,NaN,NaN,NaN,NaN,NaN,NaN,NaN,NaN
7,NaN,NaN,NaN,NaN,NaN,NaN,NaN,NaN
8,NaN,NaN,NaN,NaN,NaN,NaN,NaN,NaN
9,NaN,NaN,NaN,NaN,NaN,NaN,NaN,NaN
10,NaN,NaN,NaN,NaN,NaN,NaN,NaN,NaN
11,NaN,NaN,NaN,NaN,NaN,NaN,NaN,NaN
1,NaN,NaN,NaN,NaN,NaN,NaN,NaN,NaN
2,NaN,NaN,NaN,NaN,NaN,NaN,NaN,NaN
3,NaN,NaN,NaN,NaN,NaN,NaN,NaN,NaN
4,NaN,NaN,NaN,NaN,NaN,NaN,NaN,NaN
5,NaN,NaN,NaN,NaN,NaN,NaN,NaN,NaN
6,NaN,NaN,NaN,NaN,NaN,NaN,NaN,NaN
7,NaN,NaN,NaN,NaN,NaN,NaN,NaN,NaN
8,NaN,NaN,NaN,NaN,NaN,NaN,NaN,NaN
9,NaN,NaN,NaN,NaN,NaN,NaN,NaN,NaN
10,NaN,NaN,NaN,NaN,NaN,NaN,NaN,NaN
11,NaN,NaN,NaN,NaN,NaN,NaN,NaN,NaN
1,NaN,NaN,NaN,NaN,NaN,NaN,NaN,NaN
2,NaN,NaN,NaN,NaN,NaN,NaN,NaN,NaN
3,NaN,NaN,NaN,NaN,NaN,NaN,NaN,NaN
4,NaN,NaN,NaN,NaN,NaN,NaN,NaN,NaN
5,NaN,NaN,NaN,NaN,NaN,NaN,NaN,NaN
6,NaN,NaN,NaN,NaN,NaN,NaN,NaN,NaN
7,NaN,NaN,NaN,NaN,NaN,NaN,NaN,NaN
8,NaN,NaN,NaN,NaN,NaN,NaN,NaN,NaN
9,NaN,NaN,NaN,NaN,NaN,NaN,NaN,NaN
10,NaN,NaN,NaN,NaN,NaN,NaN,NaN,NaN
11,NaN,NaN,NaN,NaN,NaN,NaN,NaN,NaN
1,NaN,NaN,NaN,NaN,NaN,NaN,NaN,NaN
2,NaN,NaN,NaN,NaN,NaN,NaN,NaN,NaN
3,NaN,NaN,NaN,NaN,NaN,NaN,NaN,NaN
4,NaN,NaN,NaN,NaN,NaN,NaN,NaN,NaN
5,NaN,NaN,NaN,NaN,NaN,NaN,NaN,NaN
6,NaN,NaN,NaN,NaN,NaN,NaN,NaN,NaN
7,NaN,NaN,NaN,NaN,NaN,NaN,NaN,NaN
8,NaN,NaN,NaN,NaN,NaN,NaN,NaN,NaN
9,NaN,NaN,NaN,NaN,NaN,NaN,NaN,NaN
10,NaN,NaN,NaN,NaN,NaN,NaN,NaN,NaN
11,NaN,NaN,NaN,NaN,NaN,NaN,NaN,NaN
1,NaN,NaN,NaN,NaN,NaN,NaN,NaN,NaN
2,NaN,NaN,NaN,NaN,NaN,NaN,NaN,NaN
3,NaN,NaN,NaN,NaN,NaN,NaN,NaN,NaN
4,NaN,NaN,NaN,NaN,NaN,NaN,NaN,NaN
5,NaN,NaN,NaN,NaN,NaN,NaN,NaN,NaN
6,NaN,NaN,NaN,NaN,NaN,NaN,NaN,NaN
7,NaN,NaN,NaN,NaN,NaN,NaN,NaN,NaN
8,NaN,NaN,NaN,NaN,NaN,NaN,NaN,NaN
9,NaN,NaN,NaN,NaN,NaN,NaN,NaN,NaN
10,NaN,NaN,NaN,NaN,NaN,NaN,NaN,NaN
11,NaN,NaN,NaN,NaN,NaN,NaN,NaN,NaN
1,NaN,NaN,NaN,NaN,NaN,NaN,NaN,NaN
2,NaN,NaN,NaN,NaN,NaN,NaN,NaN,NaN
3,NaN,NaN,NaN,NaN,NaN,NaN,NaN,NaN
4,NaN,NaN,NaN,NaN,NaN,NaN,NaN,NaN
5,NaN,NaN,NaN,NaN,NaN,NaN,NaN,NaN
6,NaN,NaN,NaN,NaN,NaN,NaN,NaN,NaN
7,NaN,NaN,NaN,NaN,NaN,NaN,NaN,NaN
8,NaN,NaN,NaN,NaN,NaN,NaN,NaN,NaN
9,NaN,NaN,NaN,NaN,NaN,NaN,NaN,NaN
10,NaN,NaN,NaN,NaN,NaN,NaN,NaN,NaN
11,NaN,NaN,NaN,NaN,NaN,NaN,NaN,NaN
1,NaN,NaN,NaN,NaN,NaN,NaN,NaN,NaN
2,NaN,NaN,NaN,NaN,NaN,NaN,NaN,NaN
3,NaN,NaN,NaN,NaN,NaN,NaN,NaN,NaN
4,NaN,NaN,NaN,NaN,NaN,NaN,NaN,NaN
5,NaN,NaN,NaN,NaN,NaN,NaN,NaN,NaN
6,NaN,NaN,NaN,NaN,NaN,NaN,NaN,NaN
7,NaN,NaN,NaN,NaN,NaN,NaN,NaN,NaN
8,NaN,NaN,NaN,NaN,NaN,NaN,NaN,NaN
9,NaN,NaN,NaN,NaN,NaN,NaN,NaN,NaN
10,NaN,NaN,NaN,NaN,NaN,NaN,NaN,NaN
11,NaN,NaN,NaN,NaN,NaN,NaN,NaN,NaN
1,NaN,NaN,NaN,NaN,NaN,NaN,NaN,NaN
2,NaN,NaN,NaN,NaN,NaN,NaN,NaN,NaN
3,NaN,NaN,NaN,NaN,NaN,NaN,NaN,NaN
4,NaN,NaN,NaN,NaN,NaN,NaN,NaN,NaN
5,NaN,NaN,NaN,NaN,NaN,NaN,NaN,NaN
6,NaN,NaN,NaN,NaN,NaN,NaN,NaN,NaN
7,NaN,NaN,NaN,NaN,NaN,NaN,NaN,NaN
8,NaN,NaN,NaN,NaN,NaN,NaN,NaN,NaN
9,NaN,NaN,NaN,NaN,NaN,NaN,NaN,NaN
10,NaN,NaN,NaN,NaN,NaN,NaN,NaN,NaN
11,NaN,NaN,NaN,NaN,NaN,NaN,NaN,NaN
1,NaN,NaN,NaN,NaN,NaN,NaN,NaN,NaN
2,NaN,NaN,NaN,NaN,NaN,NaN,NaN,NaN
3,NaN,NaN,NaN,NaN,NaN,NaN,NaN,NaN
4,NaN,NaN,NaN,NaN,NaN,NaN,NaN,NaN
5,NaN,NaN,NaN,NaN,NaN,NaN,NaN,NaN
6,NaN,NaN,NaN,NaN,NaN,NaN,NaN,NaN
7,NaN,NaN,NaN,NaN,NaN,NaN,NaN,NaN
8,NaN,NaN,NaN,NaN,NaN,NaN,NaN,NaN
9,NaN,NaN,NaN,NaN,NaN,NaN,NaN,NaN
10,NaN,NaN,NaN,NaN,NaN,NaN,NaN,NaN
11,NaN,NaN,NaN,NaN,NaN,NaN,NaN,NaN
1,NaN,NaN,NaN,NaN,NaN,NaN,NaN,NaN
2,NaN,NaN,NaN,NaN,NaN,NaN,NaN,NaN
3,NaN,NaN,NaN,NaN,NaN,NaN,NaN,NaN
4,NaN,NaN,NaN,NaN,NaN,NaN,NaN,NaN
5,NaN,NaN,NaN,NaN,NaN,NaN,NaN,NaN
6,NaN,NaN,NaN,NaN,NaN,NaN,NaN,NaN
7,NaN,NaN,NaN,NaN,NaN,NaN,NaN,NaN
8,NaN,NaN,NaN,NaN,NaN,NaN,NaN,NaN
9,NaN,NaN,NaN,NaN,NaN,NaN,NaN,NaN
10,NaN,NaN,NaN,NaN,NaN,NaN,NaN,NaN
11,NaN,NaN,NaN,NaN,NaN,NaN,NaN,NaN
1,NaN,NaN,NaN,NaN,NaN,NaN,NaN,NaN
2,NaN,NaN,NaN,NaN,NaN,NaN,NaN,NaN
3,NaN,NaN,NaN,NaN,NaN,NaN,NaN,NaN
4,NaN,NaN,NaN,NaN,NaN,NaN,NaN,NaN
5,NaN,NaN,NaN,NaN,NaN,NaN,NaN,NaN
6,NaN,NaN,NaN,NaN,NaN,NaN,NaN,NaN
7,NaN,NaN,NaN,NaN,NaN,NaN,NaN,NaN
8,NaN,NaN,NaN,NaN,NaN,NaN,NaN,NaN
9,NaN,NaN,NaN,NaN,NaN,NaN,NaN,NaN
10,NaN,NaN,NaN,NaN,NaN,NaN,NaN,NaN
11,NaN,NaN,NaN,NaN,NaN,NaN,NaN,NaN
1,NaN,NaN,NaN,NaN,NaN,NaN,NaN,NaN
2,NaN,NaN,NaN,NaN,NaN,NaN,NaN,NaN
3,NaN,NaN,NaN,NaN,NaN,NaN,NaN,NaN
4,NaN,NaN,NaN,NaN,NaN,NaN,NaN,NaN
5,NaN,NaN,NaN,NaN,NaN,NaN,NaN,NaN
6,NaN,NaN,NaN,NaN,NaN,NaN,NaN,NaN
7,NaN,NaN,NaN,NaN,NaN,NaN,NaN,NaN
8,NaN,NaN,NaN,NaN,NaN,NaN,NaN,NaN
9,NaN,NaN,NaN,NaN,NaN,NaN,NaN,NaN
10,NaN,NaN,NaN,NaN,NaN,NaN,NaN,NaN
11,NaN,NaN,NaN,NaN,NaN,NaN,NaN,NaN
1,NaN,NaN,NaN,NaN,NaN,NaN,NaN,NaN
2,NaN,NaN,NaN,NaN,NaN,NaN,NaN,NaN
3,NaN,NaN,NaN,NaN,NaN,NaN,NaN,NaN
4,NaN,NaN,NaN,NaN,NaN,NaN,NaN,NaN
5,NaN,NaN,NaN,NaN,NaN,NaN,NaN,NaN
6,NaN,NaN,NaN,NaN,NaN,NaN,NaN,NaN
7,NaN,NaN,NaN,NaN,NaN,NaN,NaN,NaN
8,NaN,NaN,NaN,NaN,NaN,NaN,NaN,NaN
9,NaN,NaN,NaN,NaN,NaN,NaN,NaN,NaN
10,NaN,NaN,NaN,NaN,NaN,NaN,NaN,NaN
11,NaN,NaN,NaN,NaN,NaN,NaN,NaN,NaN
1,NaN,NaN,NaN,NaN,NaN,NaN,NaN,NaN
2,NaN,NaN,NaN,NaN,NaN,NaN,NaN,NaN
3,NaN,NaN,NaN,NaN,NaN,NaN,NaN,NaN
4,NaN,NaN,NaN,NaN,NaN,NaN,NaN,NaN
5,NaN,NaN,NaN,NaN,NaN,NaN,NaN,NaN
6,NaN,NaN,NaN,NaN,NaN,NaN,NaN,NaN
7,NaN,NaN,NaN,NaN,NaN,NaN,NaN,NaN
8,NaN,NaN,NaN,NaN,NaN,NaN,NaN,NaN
9,NaN,NaN,NaN,NaN,NaN,NaN,NaN,NaN
10,NaN,NaN,NaN,NaN,NaN,NaN,NaN,NaN
11,NaN,NaN,NaN,NaN,NaN,NaN,NaN,NaN
1,NaN,NaN,NaN,NaN,NaN,NaN,NaN,NaN
2,NaN,NaN,NaN,NaN,NaN,NaN,NaN,NaN
3,NaN,NaN,NaN,NaN,NaN,NaN,NaN,NaN
4,NaN,NaN,NaN,NaN,NaN,NaN,NaN,NaN
5,NaN,NaN,NaN,NaN,NaN,NaN,NaN,NaN
6,NaN,NaN,NaN,NaN,NaN,NaN,NaN,NaN
7,NaN,NaN,NaN,NaN,NaN,NaN,NaN,NaN
8,NaN,NaN,NaN,NaN,NaN,NaN,NaN,NaN
9,NaN,NaN,NaN,NaN,NaN,NaN,NaN,NaN
10,NaN,NaN,NaN,NaN,NaN,NaN,NaN,NaN
11,NaN,NaN,NaN,NaN,NaN,NaN,NaN,NaN
1,NaN,NaN,NaN,NaN,NaN,NaN,NaN,NaN
2,NaN,NaN,NaN,NaN,NaN,NaN,NaN,NaN
3,NaN,NaN,NaN,NaN,NaN,NaN,NaN,NaN
4,NaN,NaN,NaN,NaN,NaN,NaN,NaN,NaN
5,NaN,NaN,NaN,NaN,NaN,NaN,NaN,NaN
6,NaN,NaN,NaN,NaN,NaN,NaN,NaN,NaN
7,NaN,NaN,NaN,NaN,NaN,NaN,NaN,NaN
8,NaN,NaN,NaN,NaN,NaN,NaN,NaN,NaN
9,NaN,NaN,NaN,NaN,NaN,NaN,NaN,NaN
10,NaN,NaN,NaN,NaN,NaN,NaN,NaN,NaN
11,NaN,NaN,NaN,NaN,NaN,NaN,NaN,NaN
1,NaN,NaN,NaN,NaN,NaN,NaN,NaN,NaN
2,NaN,NaN,NaN,NaN,NaN,NaN,NaN,NaN
3,NaN,NaN,NaN,NaN,NaN,NaN,NaN,NaN
4,NaN,NaN,NaN,NaN,NaN,NaN,NaN,NaN
5,NaN,NaN,NaN,NaN,NaN,NaN,NaN,NaN
6,NaN,NaN,NaN,NaN,NaN,NaN,NaN,NaN
7,NaN,NaN,NaN,NaN,NaN,NaN,NaN,NaN
8,NaN,NaN,NaN,NaN,NaN,NaN,NaN,NaN
9,NaN,NaN,NaN,NaN,NaN,NaN,NaN,NaN
10,NaN,NaN,NaN,NaN,NaN,NaN,NaN,NaN
11,NaN,NaN,NaN,NaN,NaN,NaN,NaN,NaN
1,NaN,NaN,NaN,NaN,NaN,NaN,NaN,NaN
2,NaN,NaN,NaN,NaN,NaN,NaN,NaN,NaN
3,NaN,NaN,NaN,NaN,NaN,NaN,NaN,NaN
4,NaN,NaN,NaN,NaN,NaN,NaN,NaN,NaN
5,NaN,NaN,NaN,NaN,NaN,NaN,NaN,NaN
6,NaN,NaN,NaN,NaN,NaN,NaN,NaN,NaN
7,NaN,NaN,NaN,NaN,NaN,NaN,NaN,NaN
8,NaN,NaN,NaN,NaN,NaN,NaN,NaN,NaN
9,NaN,NaN,NaN,NaN,NaN,NaN,NaN,NaN
10,NaN,NaN,NaN,NaN,NaN,NaN,NaN,NaN
11,NaN,NaN,NaN,NaN,NaN,NaN,NaN,NaN
1,NaN,NaN,NaN,NaN,NaN,NaN,NaN,NaN
2,NaN,NaN,NaN,NaN,NaN,NaN,NaN,NaN
3,NaN,NaN,NaN,NaN,NaN,NaN,NaN,NaN
4,NaN,NaN,NaN,NaN,NaN,NaN,NaN,NaN
5,NaN,NaN,NaN,NaN,NaN,NaN,NaN,NaN
6,NaN,NaN,NaN,NaN,NaN,NaN,NaN,NaN
7,NaN,NaN,NaN,NaN,NaN,NaN,NaN,NaN
8,NaN,NaN,NaN,NaN,NaN,NaN,NaN,NaN
9,NaN,NaN,NaN,NaN,NaN,NaN,NaN,NaN
10,NaN,NaN,NaN,NaN,NaN,NaN,NaN,NaN
11,NaN,NaN,NaN,NaN,NaN,NaN,NaN,NaN
1,NaN,NaN,NaN,NaN,NaN,NaN,NaN,NaN
2,NaN,NaN,NaN,NaN,NaN,NaN,NaN,NaN
3,NaN,NaN,NaN,NaN,NaN,NaN,NaN,NaN
4,NaN,NaN,NaN,NaN,NaN,NaN,NaN,NaN
5,NaN,NaN,NaN,NaN,NaN,NaN,NaN,NaN
6,NaN,NaN,NaN,NaN,NaN,NaN,NaN,NaN
7,NaN,NaN,NaN,NaN,NaN,NaN,NaN,NaN
8,NaN,NaN,NaN,NaN,NaN,NaN,NaN,NaN
9,NaN,NaN,NaN,NaN,NaN,NaN,NaN,NaN
10,NaN,NaN,NaN,NaN,NaN,NaN,NaN,NaN
11,NaN,NaN,NaN,NaN,NaN,NaN,NaN,NaN
1,NaN,NaN,NaN,NaN,NaN,NaN,NaN,NaN
2,NaN,NaN,NaN,NaN,NaN,NaN,NaN,NaN
3,NaN,NaN,NaN,NaN,NaN,NaN,NaN,NaN
4,NaN,NaN,NaN,NaN,NaN,NaN,NaN,NaN
5,NaN,NaN,NaN,NaN,NaN,NaN,NaN,NaN
6,NaN,NaN,NaN,NaN,NaN,NaN,NaN,NaN
7,NaN,NaN,NaN,NaN,NaN,NaN,NaN,NaN
8,NaN,NaN,NaN,NaN,NaN,NaN,NaN,NaN
9,NaN,NaN,NaN,NaN,NaN,NaN,NaN,NaN
10,NaN,NaN,NaN,NaN,NaN,NaN,NaN,NaN
11,NaN,NaN,NaN,NaN,NaN,NaN,NaN,NaN
1,NaN,NaN,NaN,NaN,NaN,NaN,NaN,NaN
2,NaN,NaN,NaN,NaN,NaN,NaN,NaN,NaN
3,NaN,NaN,NaN,NaN,NaN,NaN,NaN,NaN
4,NaN,NaN,NaN,NaN,NaN,NaN,NaN,NaN
5,NaN,NaN,NaN,NaN,NaN,NaN,NaN,NaN
6,NaN,NaN,NaN,NaN,NaN,NaN,NaN,NaN
7,NaN,NaN,NaN,NaN,NaN,NaN,NaN,NaN
8,NaN,NaN,NaN,NaN,NaN,NaN,NaN,NaN
9,NaN,NaN,NaN,NaN,NaN,NaN,NaN,NaN
10,NaN,NaN,NaN,NaN,NaN,NaN,NaN,NaN
11,NaN,NaN,NaN,NaN,NaN,NaN,NaN,NaN
1,NaN,NaN,NaN,NaN,NaN,NaN,NaN,NaN
2,NaN,NaN,NaN,NaN,NaN,NaN,NaN,NaN
3,NaN,NaN,NaN,NaN,NaN,NaN,NaN,NaN
4,NaN,NaN,NaN,NaN,NaN,NaN,NaN,NaN
5,NaN,NaN,NaN,NaN,NaN,NaN,NaN,NaN
6,NaN,NaN,NaN,NaN,NaN,NaN,NaN,NaN
7,NaN,NaN,NaN,NaN,NaN,NaN,NaN,NaN
8,NaN,NaN,NaN,NaN,NaN,NaN,NaN,NaN
9,NaN,NaN,NaN,NaN,NaN,NaN,NaN,NaN
10,NaN,NaN,NaN,NaN,NaN,NaN,NaN,NaN
11,NaN,NaN,NaN,NaN,NaN,NaN,NaN,NaN
1,NaN,NaN,NaN,NaN,NaN,NaN,NaN,NaN
2,NaN,NaN,NaN,NaN,NaN,NaN,NaN,NaN
3,NaN,NaN,NaN,NaN,NaN,NaN,NaN,NaN
4,NaN,NaN,NaN,NaN,NaN,NaN,NaN,NaN
5,NaN,NaN,NaN,NaN,NaN,NaN,NaN,NaN
6,NaN,NaN,NaN,NaN,NaN,NaN,NaN,NaN
7,NaN,NaN,NaN,NaN,NaN,NaN,NaN,NaN
8,NaN,NaN,NaN,NaN,NaN,NaN,NaN,NaN
9,NaN,NaN,NaN,NaN,NaN,NaN,NaN,NaN
10,NaN,NaN,NaN,NaN,NaN,NaN,NaN,NaN
11,NaN,NaN,NaN,NaN,NaN,NaN,NaN,NaN
1,NaN,NaN,NaN,NaN,NaN,NaN,NaN,NaN
2,NaN,NaN,NaN,NaN,NaN,NaN,NaN,NaN
3,NaN,NaN,NaN,NaN,NaN,NaN,NaN,NaN
4,NaN,NaN,NaN,NaN,NaN,NaN,NaN,NaN
5,NaN,NaN,NaN,NaN,NaN,NaN,NaN,NaN
6,NaN,NaN,NaN,NaN,NaN,NaN,NaN,NaN
7,NaN,NaN,NaN,NaN,NaN,NaN,NaN,NaN
8,NaN,NaN,NaN,NaN,NaN,NaN,NaN,NaN
9,NaN,NaN,NaN,NaN,NaN,NaN,NaN,NaN
10,NaN,NaN,NaN,NaN,NaN,NaN,NaN,NaN
11,NaN,NaN,NaN,NaN,NaN,NaN,NaN,NaN
1,NaN,NaN,NaN,NaN,NaN,NaN,NaN,NaN
2,NaN,NaN,NaN,NaN,NaN,NaN,NaN,NaN
3,NaN,NaN,NaN,NaN,NaN,NaN,NaN,NaN
4,NaN,NaN,NaN,NaN,NaN,NaN,NaN,NaN
5,NaN,NaN,NaN,NaN,NaN,NaN,NaN,NaN
6,NaN,NaN,NaN,NaN,NaN,NaN,NaN,NaN
7,NaN,NaN,NaN,NaN,NaN,NaN,NaN,NaN
8,NaN,NaN,NaN,NaN,NaN,NaN,NaN,NaN
9,NaN,NaN,NaN,NaN,NaN,NaN,NaN,NaN
10,NaN,NaN,NaN,NaN,NaN,NaN,NaN,NaN
11,NaN,NaN,NaN,NaN,NaN,NaN,NaN,NaN
1,NaN,NaN,NaN,NaN,NaN,NaN,NaN,NaN
2,NaN,NaN,NaN,NaN,NaN,NaN,NaN,NaN
3,NaN,NaN,NaN,NaN,NaN,NaN,NaN,NaN
4,NaN,NaN,NaN,NaN,NaN,NaN,NaN,NaN
5,NaN,NaN,NaN,NaN,NaN,NaN,NaN,NaN
6,NaN,NaN,NaN,NaN,NaN,NaN,NaN,NaN
7,NaN,NaN,NaN,NaN,NaN,NaN,NaN,NaN
8,NaN,NaN,NaN,NaN,NaN,NaN,NaN,NaN
9,NaN,NaN,NaN,NaN,NaN,NaN,NaN,NaN
10,NaN,NaN,NaN,NaN,NaN,NaN,NaN,NaN
11,NaN,NaN,NaN,NaN,NaN,NaN,NaN,NaN
1,NaN,NaN,NaN,NaN,NaN,NaN,NaN,NaN
2,NaN,NaN,NaN,NaN,NaN,NaN,NaN,NaN
3,NaN,NaN,NaN,NaN,NaN,NaN,NaN,NaN
4,NaN,NaN,NaN,NaN,NaN,NaN,NaN,NaN
5,NaN,NaN,NaN,NaN,NaN,NaN,NaN,NaN
6,NaN,NaN,NaN,NaN,NaN,NaN,NaN,NaN
7,NaN,NaN,NaN,NaN,NaN,NaN,NaN,NaN
8,NaN,NaN,NaN,NaN,NaN,NaN,NaN,NaN
9,NaN,NaN,NaN,NaN,NaN,NaN,NaN,NaN
10,NaN,NaN,NaN,NaN,NaN,NaN,NaN,NaN
11,NaN,NaN,NaN,NaN,NaN,NaN,NaN,NaN
1,NaN,NaN,NaN,NaN,NaN,NaN,NaN,NaN
2,NaN,NaN,NaN,NaN,NaN,NaN,NaN,NaN
3,NaN,NaN,NaN,NaN,NaN,NaN,NaN,NaN
4,NaN,NaN,NaN,NaN,NaN,NaN,NaN,NaN
5,NaN,NaN,NaN,NaN,NaN,NaN,NaN,NaN
6,NaN,NaN,NaN,NaN,NaN,NaN,NaN,NaN
7,NaN,NaN,NaN,NaN,NaN,NaN,NaN,NaN
8,NaN,NaN,NaN,NaN,NaN,NaN,NaN,NaN
9,NaN,NaN,NaN,NaN,NaN,NaN,NaN,NaN
10,NaN,NaN,NaN,NaN,NaN,NaN,NaN,NaN
11,NaN,NaN,NaN,NaN,NaN,NaN,NaN,NaN
1,NaN,NaN,NaN,NaN,NaN,NaN,NaN,NaN
2,NaN,NaN,NaN,NaN,NaN,NaN,NaN,NaN
3,NaN,NaN,NaN,NaN,NaN,NaN,NaN,NaN
4,NaN,NaN,NaN,NaN,NaN,NaN,NaN,NaN
5,NaN,NaN,NaN,NaN,NaN,NaN,NaN,NaN
6,NaN,NaN,NaN,NaN,NaN,NaN,NaN,NaN
7,NaN,NaN,NaN,NaN,NaN,NaN,NaN,NaN
8,NaN,NaN,NaN,NaN,NaN,NaN,NaN,NaN
9,NaN,NaN,NaN,NaN,NaN,NaN,NaN,NaN
10,NaN,NaN,NaN,NaN,NaN,NaN,NaN,NaN
11,NaN,NaN,NaN,NaN,NaN,NaN,NaN,NaN
1,NaN,NaN,NaN,NaN,NaN,NaN,NaN,NaN
2,NaN,NaN,NaN,NaN,NaN,NaN,NaN,NaN
3,NaN,NaN,NaN,NaN,NaN,NaN,NaN,NaN
4,NaN,NaN,NaN,NaN,NaN,NaN,NaN,NaN
5,NaN,NaN,NaN,NaN,NaN,NaN,NaN,NaN
6,NaN,NaN,NaN,NaN,NaN,NaN,NaN,NaN
7,NaN,NaN,NaN,NaN,NaN,NaN,NaN,NaN
8,NaN,NaN,NaN,NaN,NaN,NaN,NaN,NaN
9,NaN,NaN,NaN,NaN,NaN,NaN,NaN,NaN
10,NaN,NaN,NaN,NaN,NaN,NaN,NaN,NaN
11,NaN,NaN,NaN,NaN,NaN,NaN,NaN,NaN
1,NaN,NaN,NaN,NaN,NaN,NaN,NaN,NaN
2,NaN,NaN,NaN,NaN,NaN,NaN,NaN,NaN
3,NaN,NaN,NaN,NaN,NaN,NaN,NaN,NaN
4,NaN,NaN,NaN,NaN,NaN,NaN,NaN,NaN
5,NaN,NaN,NaN,NaN,NaN,NaN,NaN,NaN
6,NaN,NaN,NaN,NaN,NaN,NaN,NaN,NaN
7,NaN,NaN,NaN,NaN,NaN,NaN,NaN,NaN
8,NaN,NaN,NaN,NaN,NaN,NaN,NaN,NaN
9,NaN,NaN,NaN,NaN,NaN,NaN,NaN,NaN
10,NaN,NaN,NaN,NaN,NaN,NaN,NaN,NaN
11,NaN,NaN,NaN,NaN,NaN,NaN,NaN,NaN
1,NaN,NaN,NaN,NaN,NaN,NaN,NaN,NaN
2,NaN,NaN,NaN,NaN,NaN,NaN,NaN,NaN
3,NaN,NaN,NaN,NaN,NaN,NaN,NaN,NaN
4,NaN,NaN,NaN,NaN,NaN,NaN,NaN,NaN
5,NaN,NaN,NaN,NaN,NaN,NaN,NaN,NaN
6,NaN,NaN,NaN,NaN,NaN,NaN,NaN,NaN
7,NaN,NaN,NaN,NaN,NaN,NaN,NaN,NaN
8,NaN,NaN,NaN,NaN,NaN,NaN,NaN,NaN
9,NaN,NaN,NaN,NaN,NaN,NaN,NaN,NaN
10,NaN,NaN,NaN,NaN,NaN,NaN,NaN,NaN
11,NaN,NaN,NaN,NaN,NaN,NaN,NaN,NaN
1,NaN,NaN,NaN,NaN,NaN,NaN,NaN,NaN
2,NaN,NaN,NaN,NaN,NaN,NaN,NaN,NaN
3,NaN,NaN,NaN,NaN,NaN,NaN,NaN,NaN
4,NaN,NaN,NaN,NaN,NaN,NaN,NaN,NaN
5,NaN,NaN,NaN,NaN,NaN,NaN,NaN,NaN
6,NaN,NaN,NaN,NaN,NaN,NaN,NaN,NaN
7,NaN,NaN,NaN,NaN,NaN,NaN,NaN,NaN
8,NaN,NaN,NaN,NaN,NaN,NaN,NaN,NaN
9,NaN,NaN,NaN,NaN,NaN,NaN,NaN,NaN
10,NaN,NaN,NaN,NaN,NaN,NaN,NaN,NaN
11,NaN,NaN,NaN,NaN,NaN,NaN,NaN,NaN
1,NaN,NaN,NaN,NaN,NaN,NaN,NaN,NaN
2,NaN,NaN,NaN,NaN,NaN,NaN,NaN,NaN
3,NaN,NaN,NaN,NaN,NaN,NaN,NaN,NaN
4,NaN,NaN,NaN,NaN,NaN,NaN,NaN,NaN
5,NaN,NaN,NaN,NaN,NaN,NaN,NaN,NaN
6,NaN,NaN,NaN,NaN,NaN,NaN,NaN,NaN
7,NaN,NaN,NaN,NaN,NaN,NaN,NaN,NaN
8,NaN,NaN,NaN,NaN,NaN,NaN,NaN,NaN
9,NaN,NaN,NaN,NaN,NaN,NaN,NaN,NaN
10,NaN,NaN,NaN,NaN,NaN,NaN,NaN,NaN
11,NaN,NaN,NaN,NaN,NaN,NaN,NaN,NaN
1,NaN,NaN,NaN,NaN,NaN,NaN,NaN,NaN
2,NaN,NaN,NaN,NaN,NaN,NaN,NaN,NaN
3,NaN,NaN,NaN,NaN,NaN,NaN,NaN,NaN
4,NaN,NaN,NaN,NaN,NaN,NaN,NaN,NaN
5,NaN,NaN,NaN,NaN,NaN,NaN,NaN,NaN
6,NaN,NaN,NaN,NaN,NaN,NaN,NaN,NaN
7,NaN,NaN,NaN,NaN,NaN,NaN,NaN,NaN
8,NaN,NaN,NaN,NaN,NaN,NaN,NaN,NaN
9,NaN,NaN,NaN,NaN,NaN,NaN,NaN,NaN
10,NaN,NaN,NaN,NaN,NaN,NaN,NaN,NaN
11,NaN,NaN,NaN,NaN,NaN,NaN,NaN,NaN
1,NaN,NaN,NaN,NaN,NaN,NaN,NaN,NaN
2,NaN,NaN,NaN,NaN,NaN,NaN,NaN,NaN
3,NaN,NaN,NaN,NaN,NaN,NaN,NaN,NaN
4,NaN,NaN,NaN,NaN,NaN,NaN,NaN,NaN
5,NaN,NaN,NaN,NaN,NaN,NaN,NaN,NaN
6,NaN,NaN,NaN,NaN,NaN,NaN,NaN,NaN
7,NaN,NaN,NaN,NaN,NaN,NaN,NaN,NaN
8,NaN,NaN,NaN,NaN,NaN,NaN,NaN,NaN
9,NaN,NaN,NaN,NaN,NaN,NaN,NaN,NaN
10,NaN,NaN,NaN,NaN,NaN,NaN,NaN,NaN
11,NaN,NaN,NaN,NaN,NaN,NaN,NaN,NaN
1,NaN,NaN,NaN,NaN,NaN,NaN,NaN,NaN
2,NaN,NaN,NaN,NaN,NaN,NaN,NaN,NaN
3,NaN,NaN,NaN,NaN,NaN,NaN,NaN,NaN
4,NaN,NaN,NaN,NaN,NaN,NaN,NaN,NaN
5,NaN,NaN,NaN,NaN,NaN,NaN,NaN,NaN
6,NaN,NaN,NaN,NaN,NaN,NaN,NaN,NaN
7,NaN,NaN,NaN,NaN,NaN,NaN,NaN,NaN
8,NaN,NaN,NaN,NaN,NaN,NaN,NaN,NaN
9,NaN,NaN,NaN,NaN,NaN,NaN,NaN,NaN
10,NaN,NaN,NaN,NaN,NaN,NaN,NaN,NaN
11,NaN,NaN,NaN,NaN,NaN,NaN,NaN,NaN
1,NaN,NaN,NaN,NaN,NaN,NaN,NaN,NaN
2,NaN,NaN,NaN,NaN,NaN,NaN,NaN,NaN
3,NaN,NaN,NaN,NaN,NaN,NaN,NaN,NaN
4,NaN,NaN,NaN,NaN,NaN,NaN,NaN,NaN
5,NaN,NaN,NaN,NaN,NaN,NaN,NaN,NaN
6,NaN,NaN,NaN,NaN,NaN,NaN,NaN,NaN
7,NaN,NaN,NaN,NaN,NaN,NaN,NaN,NaN
8,NaN,NaN,NaN,NaN,NaN,NaN,NaN,NaN
9,NaN,NaN,NaN,NaN,NaN,NaN,NaN,NaN
10,NaN,NaN,NaN,NaN,NaN,NaN,NaN,NaN
11,NaN,NaN,NaN,NaN,NaN,NaN,NaN,NaN
1,NaN,NaN,NaN,NaN,NaN,NaN,NaN,NaN
2,NaN,NaN,NaN,NaN,NaN,NaN,NaN,NaN
3,NaN,NaN,NaN,NaN,NaN,NaN,NaN,NaN
4,NaN,NaN,NaN,NaN,NaN,NaN,NaN,NaN
5,NaN,NaN,NaN,NaN,NaN,NaN,NaN,NaN
6,NaN,NaN,NaN,NaN,NaN,NaN,NaN,NaN
7,NaN,NaN,NaN,NaN,NaN,NaN,NaN,NaN
8,NaN,NaN,NaN,NaN,NaN,NaN,NaN,NaN
9,NaN,NaN,NaN,NaN,NaN,NaN,NaN,NaN
10,NaN,NaN,NaN,NaN,NaN,NaN,NaN,NaN
11,NaN,NaN,NaN,NaN,NaN,NaN,NaN,NaN
1,NaN,NaN,NaN,NaN,NaN,NaN,NaN,NaN
2,NaN,NaN,NaN,NaN,NaN,NaN,NaN,NaN
3,NaN,NaN,NaN,NaN,NaN,NaN,NaN,NaN
4,NaN,NaN,NaN,NaN,NaN,NaN,NaN,NaN
5,NaN,NaN,NaN,NaN,NaN,NaN,NaN,NaN
6,NaN,NaN,NaN,NaN,NaN,NaN,NaN,NaN
7,NaN,NaN,NaN,NaN,NaN,NaN,NaN,NaN
8,NaN,NaN,NaN,NaN,NaN,NaN,NaN,NaN
9,NaN,NaN,NaN,NaN,NaN,NaN,NaN,NaN
10,NaN,NaN,NaN,NaN,NaN,NaN,NaN,NaN
11,NaN,NaN,NaN,NaN,NaN,NaN,NaN,NaN
1,NaN,NaN,NaN,NaN,NaN,NaN,NaN,NaN
2,NaN,NaN,NaN,NaN,NaN,NaN,NaN,NaN
3,NaN,NaN,NaN,NaN,NaN,NaN,NaN,NaN
4,NaN,NaN,NaN,NaN,NaN,NaN,NaN,NaN
5,NaN,NaN,NaN,NaN,NaN,NaN,NaN,NaN
6,NaN,NaN,NaN,NaN,NaN,NaN,NaN,NaN
7,NaN,NaN,NaN,NaN,NaN,NaN,NaN,NaN
8,NaN,NaN,NaN,NaN,NaN,NaN,NaN,NaN
9,NaN,NaN,NaN,NaN,NaN,NaN,NaN,NaN
10,NaN,NaN,NaN,NaN,NaN,NaN,NaN,NaN
11,NaN,NaN,NaN,NaN,NaN,NaN,NaN,NaN
1,NaN,NaN,NaN,NaN,NaN,NaN,NaN,NaN
2,NaN,NaN,NaN,NaN,NaN,NaN,NaN,NaN
3,NaN,NaN,NaN,NaN,NaN,NaN,NaN,NaN
4,NaN,NaN,NaN,NaN,NaN,NaN,NaN,NaN
5,NaN,NaN,NaN,NaN,NaN,NaN,NaN,NaN
6,NaN,NaN,NaN,NaN,NaN,NaN,NaN,NaN
7,NaN,NaN,NaN,NaN,NaN,NaN,NaN,NaN
8,NaN,NaN,NaN,NaN,NaN,NaN,NaN,NaN
9,NaN,NaN,NaN,NaN,NaN,NaN,NaN,NaN
10,NaN,NaN,NaN,NaN,NaN,NaN,NaN,NaN
11,NaN,NaN,NaN,NaN,NaN,NaN,NaN,NaN
1,NaN,NaN,NaN,NaN,NaN,NaN,NaN,NaN
2,NaN,NaN,NaN,NaN,NaN,NaN,NaN,NaN
3,NaN,NaN,NaN,NaN,NaN,NaN,NaN,NaN
4,NaN,NaN,NaN,NaN,NaN,NaN,NaN,NaN
5,NaN,NaN,NaN,NaN,NaN,NaN,NaN,NaN
6,NaN,NaN,NaN,NaN,NaN,NaN,NaN,NaN
7,NaN,NaN,NaN,NaN,NaN,NaN,NaN,NaN
8,NaN,NaN,NaN,NaN,NaN,NaN,NaN,NaN
9,NaN,NaN,NaN,NaN,NaN,NaN,NaN,NaN
10,NaN,NaN,NaN,NaN,NaN,NaN,NaN,NaN
11,NaN,NaN,NaN,NaN,NaN,NaN,NaN,NaN
1,NaN,NaN,NaN,NaN,NaN,NaN,NaN,NaN
2,NaN,NaN,NaN,NaN,NaN,NaN,NaN,NaN
3,NaN,NaN,NaN,NaN,NaN,NaN,NaN,NaN
4,NaN,NaN,NaN,NaN,NaN,NaN,NaN,NaN
5,NaN,NaN,NaN,NaN,NaN,NaN,NaN,NaN
6,NaN,NaN,NaN,NaN,NaN,NaN,NaN,NaN
7,NaN,NaN,NaN,NaN,NaN,NaN,NaN,NaN
8,NaN,NaN,NaN,NaN,NaN,NaN,NaN,NaN
9,NaN,NaN,NaN,NaN,NaN,NaN,NaN,NaN
10,NaN,NaN,NaN,NaN,NaN,NaN,NaN,NaN
11,NaN,NaN,NaN,NaN,NaN,NaN,NaN,NaN
1,NaN,NaN,NaN,NaN,NaN,NaN,NaN,NaN
2,NaN,NaN,NaN,NaN,NaN,NaN,NaN,NaN
3,NaN,NaN,NaN,NaN,NaN,NaN,NaN,NaN
4,NaN,NaN,NaN,NaN,NaN,NaN,NaN,NaN
5,NaN,NaN,NaN,NaN,NaN,NaN,NaN,NaN
6,NaN,NaN,NaN,NaN,NaN,NaN,NaN,NaN
7,NaN,NaN,NaN,NaN,NaN,NaN,NaN,NaN
8,NaN,NaN,NaN,NaN,NaN,NaN,NaN,NaN
9,NaN,NaN,NaN,NaN,NaN,NaN,NaN,NaN
10,NaN,NaN,NaN,NaN,NaN,NaN,NaN,NaN
11,NaN,NaN,NaN,NaN,NaN,NaN,NaN,NaN
1,NaN,NaN,NaN,NaN,NaN,NaN,NaN,NaN
2,NaN,NaN,NaN,NaN,NaN,NaN,NaN,NaN
3,NaN,NaN,NaN,NaN,NaN,NaN,NaN,NaN
4,NaN,NaN,NaN,NaN,NaN,NaN,NaN,NaN
5,NaN,NaN,NaN,NaN,NaN,NaN,NaN,NaN
6,NaN,NaN,NaN,NaN,NaN,NaN,NaN,NaN
7,NaN,NaN,NaN,NaN,NaN,NaN,NaN,NaN
8,NaN,NaN,NaN,NaN,NaN,NaN,NaN,NaN
9,NaN,NaN,NaN,NaN,NaN,NaN,NaN,NaN
10,NaN,NaN,NaN,NaN,NaN,NaN,NaN,NaN
11,NaN,NaN,NaN,NaN,NaN,NaN,NaN,NaN
1,NaN,NaN,NaN,NaN,NaN,NaN,NaN,NaN
2,NaN,NaN,NaN,NaN,NaN,NaN,NaN,NaN
3,NaN,NaN,NaN,NaN,NaN,NaN,NaN,NaN
4,NaN,NaN,NaN,NaN,NaN,NaN,NaN,NaN
5,NaN,NaN,NaN,NaN,NaN,NaN,NaN,NaN
6,NaN,NaN,NaN,NaN,NaN,NaN,NaN,NaN
7,NaN,NaN,NaN,NaN,NaN,NaN,NaN,NaN
8,NaN,NaN,NaN,NaN,NaN,NaN,NaN,NaN
9,NaN,NaN,NaN,NaN,NaN,NaN,NaN,NaN
10,NaN,NaN,NaN,NaN,NaN,NaN,NaN,NaN
11,NaN,NaN,NaN,NaN,NaN,NaN,NaN,NaN
1,NaN,NaN,NaN,NaN,NaN,NaN,NaN,NaN
2,NaN,NaN,NaN,NaN,NaN,NaN,NaN,NaN
3,NaN,NaN,NaN,NaN,NaN,NaN,NaN,NaN
4,NaN,NaN,NaN,NaN,NaN,NaN,NaN,NaN
5,NaN,NaN,NaN,NaN,NaN,NaN,NaN,NaN
6,NaN,NaN,NaN,NaN,NaN,NaN,NaN,NaN
7,NaN,NaN,NaN,NaN,NaN,NaN,NaN,NaN
8,NaN,NaN,NaN,NaN,NaN,NaN,NaN,NaN
9,NaN,NaN,NaN,NaN,NaN,NaN,NaN,NaN
10,NaN,NaN,NaN,NaN,NaN,NaN,NaN,NaN
11,NaN,NaN,NaN,NaN,NaN,NaN,NaN,NaN
1,NaN,NaN,NaN,NaN,NaN,NaN,NaN,NaN
2,NaN,NaN,NaN,NaN,NaN,NaN,NaN,NaN
3,NaN,NaN,NaN,NaN,NaN,NaN,NaN,NaN
4,NaN,NaN,NaN,NaN,NaN,NaN,NaN,NaN
5,NaN,NaN,NaN,NaN,NaN,NaN,NaN,NaN
6,NaN,NaN,NaN,NaN,NaN,NaN,NaN,NaN
7,NaN,NaN,NaN,NaN,NaN,NaN,NaN,NaN
8,NaN,NaN,NaN,NaN,NaN,NaN,NaN,NaN
9,NaN,NaN,NaN,NaN,NaN,NaN,NaN,NaN
10,NaN,NaN,NaN,NaN,NaN,NaN,NaN,NaN
11,NaN,NaN,NaN,NaN,NaN,NaN,NaN,NaN
1,NaN,NaN,NaN,NaN,NaN,NaN,NaN,NaN
2,NaN,NaN,NaN,NaN,NaN,NaN,NaN,NaN
3,NaN,NaN,NaN,NaN,NaN,NaN,NaN,NaN
4,NaN,NaN,NaN,NaN,NaN,NaN,NaN,NaN
5,NaN,NaN,NaN,NaN,NaN,NaN,NaN,NaN
6,NaN,NaN,NaN,NaN,NaN,NaN,NaN,NaN
7,NaN,NaN,NaN,NaN,NaN,NaN,NaN,NaN
8,NaN,NaN,NaN,NaN,NaN,NaN,NaN,NaN
9,NaN,NaN,NaN,NaN,NaN,NaN,NaN,NaN
10,NaN,NaN,NaN,NaN,NaN,NaN,NaN,NaN
11,NaN,NaN,NaN,NaN,NaN,NaN,NaN,NaN
1,NaN,NaN,NaN,NaN,NaN,NaN,NaN,NaN
2,NaN,NaN,NaN,NaN,NaN,NaN,NaN,NaN
3,NaN,NaN,NaN,NaN,NaN,NaN,NaN,NaN
4,NaN,NaN,NaN,NaN,NaN,NaN,NaN,NaN
5,NaN,NaN,NaN,NaN,NaN,NaN,NaN,NaN
6,NaN,NaN,NaN,NaN,NaN,NaN,NaN,NaN
7,NaN,NaN,NaN,NaN,NaN,NaN,NaN,NaN
8,NaN,NaN,NaN,NaN,NaN,NaN,NaN,NaN
9,NaN,NaN,NaN,NaN,NaN,NaN,NaN,NaN
10,NaN,NaN,NaN,NaN,NaN,NaN,NaN,NaN
11,NaN,NaN,NaN,NaN,NaN,NaN,NaN,NaN
1,NaN,NaN,NaN,NaN,NaN,NaN,NaN,NaN
2,NaN,NaN,NaN,NaN,NaN,NaN,NaN,NaN
3,NaN,NaN,NaN,NaN,NaN,NaN,NaN,NaN
4,NaN,NaN,NaN,NaN,NaN,NaN,NaN,NaN
5,NaN,NaN,NaN,NaN,NaN,NaN,NaN,NaN
6,NaN,NaN,NaN,NaN,NaN,NaN,NaN,NaN
7,NaN,NaN,NaN,NaN,NaN,NaN,NaN,NaN
8,NaN,NaN,NaN,NaN,NaN,NaN,NaN,NaN
9,NaN,NaN,NaN,NaN,NaN,NaN,NaN,NaN
10,NaN,NaN,NaN,NaN,NaN,NaN,NaN,NaN
11,NaN,NaN,NaN,NaN,NaN,NaN,NaN,NaN
1,NaN,NaN,NaN,NaN,NaN,NaN,NaN,NaN
2,NaN,NaN,NaN,NaN,NaN,NaN,NaN,NaN
3,NaN,NaN,NaN,NaN,NaN,NaN,NaN,NaN
4,NaN,NaN,NaN,NaN,NaN,NaN,NaN,NaN
5,NaN,NaN,NaN,NaN,NaN,NaN,NaN,NaN
6,NaN,NaN,NaN,NaN,NaN,NaN,NaN,NaN
7,NaN,NaN,NaN,NaN,NaN,NaN,NaN,NaN
8,NaN,NaN,NaN,NaN,NaN,NaN,NaN,NaN
9,NaN,NaN,NaN,NaN,NaN,NaN,NaN,NaN
10,NaN,NaN,NaN,NaN,NaN,NaN,NaN,NaN
11,NaN,NaN,NaN,NaN,NaN,NaN,NaN,NaN
1,NaN,NaN,NaN,NaN,NaN,NaN,NaN,NaN
2,NaN,NaN,NaN,NaN,NaN,NaN,NaN,NaN
3,NaN,NaN,NaN,NaN,NaN,NaN,NaN,NaN
4,NaN,NaN,NaN,NaN,NaN,NaN,NaN,NaN
5,NaN,NaN,NaN,NaN,NaN,NaN,NaN,NaN
6,NaN,NaN,NaN,NaN,NaN,NaN,NaN,NaN
7,NaN,NaN,NaN,NaN,NaN,NaN,NaN,NaN
8,NaN,NaN,NaN,NaN,NaN,NaN,NaN,NaN
9,NaN,NaN,NaN,NaN,NaN,NaN,NaN,NaN
10,NaN,NaN,NaN,NaN,NaN,NaN,NaN,NaN
11,NaN,NaN,NaN,NaN,NaN,NaN,NaN,NaN
1,NaN,NaN,NaN,NaN,NaN,NaN,NaN,NaN
2,NaN,NaN,NaN,NaN,NaN,NaN,NaN,NaN
3,NaN,NaN,NaN,NaN,NaN,NaN,NaN,NaN
4,NaN,NaN,NaN,NaN,NaN,NaN,NaN,NaN
5,NaN,NaN,NaN,NaN,NaN,NaN,NaN,NaN
6,NaN,NaN,NaN,NaN,NaN,NaN,NaN,NaN
7,NaN,NaN,NaN,NaN,NaN,NaN,NaN,NaN
8,NaN,NaN,NaN,NaN,NaN,NaN,NaN,NaN
9,NaN,NaN,NaN,NaN,NaN,NaN,NaN,NaN
10,NaN,NaN,NaN,NaN,NaN,NaN,NaN,NaN
11,NaN,NaN,NaN,NaN,NaN,NaN,NaN,NaN
1,NaN,NaN,NaN,NaN,NaN,NaN,NaN,NaN
2,NaN,NaN,NaN,NaN,NaN,NaN,NaN,NaN
3,NaN,NaN,NaN,NaN,NaN,NaN,NaN,NaN
4,NaN,NaN,NaN,NaN,NaN,NaN,NaN,NaN
5,NaN,NaN,NaN,NaN,NaN,NaN,NaN,NaN
6,NaN,NaN,NaN,NaN,NaN,NaN,NaN,NaN
7,NaN,NaN,NaN,NaN,NaN,NaN,NaN,NaN
8,NaN,NaN,NaN,NaN,NaN,NaN,NaN,NaN
9,NaN,NaN,NaN,NaN,NaN,NaN,NaN,NaN
10,NaN,NaN,NaN,NaN,NaN,NaN,NaN,NaN
11,NaN,NaN,NaN,NaN,NaN,NaN,NaN,NaN
1,NaN,NaN,NaN,NaN,NaN,NaN,NaN,NaN
2,NaN,NaN,NaN,NaN,NaN,NaN,NaN,NaN
3,NaN,NaN,NaN,NaN,NaN,NaN,NaN,NaN
4,NaN,NaN,NaN,NaN,NaN,NaN,NaN,NaN
5,NaN,NaN,NaN,NaN,NaN,NaN,NaN,NaN
6,NaN,NaN,NaN,NaN,NaN,NaN,NaN,NaN
7,NaN,NaN,NaN,NaN,NaN,NaN,NaN,NaN
8,NaN,NaN,NaN,NaN,NaN,NaN,NaN,NaN
9,NaN,NaN,NaN,NaN,NaN,NaN,NaN,NaN
10,NaN,NaN,NaN,NaN,NaN,NaN,NaN,NaN
11,NaN,NaN,NaN,NaN,NaN,NaN,NaN,NaN
1,NaN,NaN,NaN,NaN,NaN,NaN,NaN,NaN
2,NaN,NaN,NaN,NaN,NaN,NaN,NaN,NaN
3,NaN,NaN,NaN,NaN,NaN,NaN,NaN,NaN
4,NaN,NaN,NaN,NaN,NaN,NaN,NaN,NaN
5,NaN,NaN,NaN,NaN,NaN,NaN,NaN,NaN
6,NaN,NaN,NaN,NaN,NaN,NaN,NaN,NaN
7,NaN,NaN,NaN,NaN,NaN,NaN,NaN,NaN
8,NaN,NaN,NaN,NaN,NaN,NaN,NaN,NaN
9,NaN,NaN,NaN,NaN,NaN,NaN,NaN,NaN
10,NaN,NaN,NaN,NaN,NaN,NaN,NaN,NaN
11,NaN,NaN,NaN,NaN,NaN,NaN,NaN,NaN
1,NaN,NaN,NaN,NaN,NaN,NaN,NaN,NaN
2,NaN,NaN,NaN,NaN,NaN,NaN,NaN,NaN
3,NaN,NaN,NaN,NaN,NaN,NaN,NaN,NaN
4,NaN,NaN,NaN,NaN,NaN,NaN,NaN,NaN
5,NaN,NaN,NaN,NaN,NaN,NaN,NaN,NaN
6,NaN,NaN,NaN,NaN,NaN,NaN,NaN,NaN
7,NaN,NaN,NaN,NaN,NaN,NaN,NaN,NaN
8,NaN,NaN,NaN,NaN,NaN,NaN,NaN,NaN
9,NaN,NaN,NaN,NaN,NaN,NaN,NaN,NaN
10,NaN,NaN,NaN,NaN,NaN,NaN,NaN,NaN
11,NaN,NaN,NaN,NaN,NaN,NaN,NaN,NaN
1,NaN,NaN,NaN,NaN,NaN,NaN,NaN,NaN
2,NaN,NaN,NaN,NaN,NaN,NaN,NaN,NaN
3,NaN,NaN,NaN,NaN,NaN,NaN,NaN,NaN
4,NaN,NaN,NaN,NaN,NaN,NaN,NaN,NaN
5,NaN,NaN,NaN,NaN,NaN,NaN,NaN,NaN
6,NaN,NaN,NaN,NaN,NaN,NaN,NaN,NaN
7,NaN,NaN,NaN,NaN,NaN,NaN,NaN,NaN
8,NaN,NaN,NaN,NaN,NaN,NaN,NaN,NaN
9,NaN,NaN,NaN,NaN,NaN,NaN,NaN,NaN
10,NaN,NaN,NaN,NaN,NaN,NaN,NaN,NaN
11,NaN,NaN,NaN,NaN,NaN,NaN,NaN,NaN
1,NaN,NaN,NaN,NaN,NaN,NaN,NaN,NaN
2,NaN,NaN,NaN,NaN,NaN,NaN,NaN,NaN
3,NaN,NaN,NaN,NaN,NaN,NaN,NaN,NaN
4,NaN,NaN,NaN,NaN,NaN,NaN,NaN,NaN
5,NaN,NaN,NaN,NaN,NaN,NaN,NaN,NaN
6,NaN,NaN,NaN,NaN,NaN,NaN,NaN,NaN
7,NaN,NaN,NaN,NaN,NaN,NaN,NaN,NaN
8,NaN,NaN,NaN,NaN,NaN,NaN,NaN,NaN
9,NaN,NaN,NaN,NaN,NaN,NaN,NaN,NaN
10,NaN,NaN,NaN,NaN,NaN,NaN,NaN,NaN
11,NaN,NaN,NaN,NaN,NaN,NaN,NaN,NaN
1,NaN,NaN,NaN,NaN,NaN,NaN,NaN,NaN
2,NaN,NaN,NaN,NaN,NaN,NaN,NaN,NaN
3,NaN,NaN,NaN,NaN,NaN,NaN,NaN,NaN
4,NaN,NaN,NaN,NaN,NaN,NaN,NaN,NaN
5,NaN,NaN,NaN,NaN,NaN,NaN,NaN,NaN
6,NaN,NaN,NaN,NaN,NaN,NaN,NaN,NaN
7,NaN,NaN,NaN,NaN,NaN,NaN,NaN,NaN
8,NaN,NaN,NaN,NaN,NaN,NaN,NaN,NaN
9,NaN,NaN,NaN,NaN,NaN,NaN,NaN,NaN
10,NaN,NaN,NaN,NaN,NaN,NaN,NaN,NaN
11,NaN,NaN,NaN,NaN,NaN,NaN,NaN,NaN
1,NaN,NaN,NaN,NaN,NaN,NaN,NaN,NaN
2,NaN,NaN,NaN,NaN,NaN,NaN,NaN,NaN
3,NaN,NaN,NaN,NaN,NaN,NaN,NaN,NaN
4,NaN,NaN,NaN,NaN,NaN,NaN,NaN,NaN
5,NaN,NaN,NaN,NaN,NaN,NaN,NaN,NaN
6,NaN,NaN,NaN,NaN,NaN,NaN,NaN,NaN
7,NaN,NaN,NaN,NaN,NaN,NaN,NaN,NaN
8,NaN,NaN,NaN,NaN,NaN,NaN,NaN,NaN
9,NaN,NaN,NaN,NaN,NaN,NaN,NaN,NaN
10,NaN,NaN,NaN,NaN,NaN,NaN,NaN,NaN
11,NaN,NaN,NaN,NaN,NaN,NaN,NaN,NaN
1,NaN,NaN,NaN,NaN,NaN,NaN,NaN,NaN
2,NaN,NaN,NaN,NaN,NaN,NaN,NaN,NaN
3,NaN,NaN,NaN,NaN,NaN,NaN,NaN,NaN
4,NaN,NaN,NaN,NaN,NaN,NaN,NaN,NaN
5,NaN,NaN,NaN,NaN,NaN,NaN,NaN,NaN
6,NaN,NaN,NaN,NaN,NaN,NaN,NaN,NaN
7,NaN,NaN,NaN,NaN,NaN,NaN,NaN,NaN
8,NaN,NaN,NaN,NaN,NaN,NaN,NaN,NaN
9,NaN,NaN,NaN,NaN,NaN,NaN,NaN,NaN
10,NaN,NaN,NaN,NaN,NaN,NaN,NaN,NaN
11,NaN,NaN,NaN,NaN,NaN,NaN,NaN,NaN
1,NaN,NaN,NaN,NaN,NaN,NaN,NaN,NaN
2,NaN,NaN,NaN,NaN,NaN,NaN,NaN,NaN
3,NaN,NaN,NaN,NaN,NaN,NaN,NaN,NaN
4,NaN,NaN,NaN,NaN,NaN,NaN,NaN,NaN
5,NaN,NaN,NaN,NaN,NaN,NaN,NaN,NaN
6,NaN,NaN,NaN,NaN,NaN,NaN,NaN,NaN
7,NaN,NaN,NaN,NaN,NaN,NaN,NaN,NaN
8,NaN,NaN,NaN,NaN,NaN,NaN,NaN,NaN
9,NaN,NaN,NaN,NaN,NaN,NaN,NaN,NaN
10,NaN,NaN,NaN,NaN,NaN,NaN,NaN,NaN
11,NaN,NaN,NaN,NaN,NaN,NaN,NaN,NaN
1,NaN,NaN,NaN,NaN,NaN,NaN,NaN,NaN
2,NaN,NaN,NaN,NaN,NaN,NaN,NaN,NaN
3,NaN,NaN,NaN,NaN,NaN,NaN,NaN,NaN
4,NaN,NaN,NaN,NaN,NaN,NaN,NaN,NaN
5,NaN,NaN,NaN,NaN,NaN,NaN,NaN,NaN
6,NaN,NaN,NaN,NaN,NaN,NaN,NaN,NaN
7,NaN,NaN,NaN,NaN,NaN,NaN,NaN,NaN
8,NaN,NaN,NaN,NaN,NaN,NaN,NaN,NaN
9,NaN,NaN,NaN,NaN,NaN,NaN,NaN,NaN
10,NaN,NaN,NaN,NaN,NaN,NaN,NaN,NaN
11,NaN,NaN,NaN,NaN,NaN,NaN,NaN,NaN
1,NaN,NaN,NaN,NaN,NaN,NaN,NaN,NaN
2,NaN,NaN,NaN,NaN,NaN,NaN,NaN,NaN
3,NaN,NaN,NaN,NaN,NaN,NaN,NaN,NaN
4,NaN,NaN,NaN,NaN,NaN,NaN,NaN,NaN
5,NaN,NaN,NaN,NaN,NaN,NaN,NaN,NaN
6,NaN,NaN,NaN,NaN,NaN,NaN,NaN,NaN
7,NaN,NaN,NaN,NaN,NaN,NaN,NaN,NaN
8,NaN,NaN,NaN,NaN,NaN,NaN,NaN,NaN
9,NaN,NaN,NaN,NaN,NaN,NaN,NaN,NaN
10,NaN,NaN,NaN,NaN,NaN,NaN,NaN,NaN
11,NaN,NaN,NaN,NaN,NaN,NaN,NaN,NaN
1,NaN,NaN,NaN,NaN,NaN,NaN,NaN,NaN
2,NaN,NaN,NaN,NaN,NaN,NaN,NaN,NaN
3,NaN,NaN,NaN,NaN,NaN,NaN,NaN,NaN
4,NaN,NaN,NaN,NaN,NaN,NaN,NaN,NaN
5,NaN,NaN,NaN,NaN,NaN,NaN,NaN,NaN
6,NaN,NaN,NaN,NaN,NaN,NaN,NaN,NaN
7,NaN,NaN,NaN,NaN,NaN,NaN,NaN,NaN
8,NaN,NaN,NaN,NaN,NaN,NaN,NaN,NaN
9,NaN,NaN,NaN,NaN,NaN,NaN,NaN,NaN
10,NaN,NaN,NaN,NaN,NaN,NaN,NaN,NaN
11,NaN,NaN,NaN,NaN,NaN,NaN,NaN,NaN
1,NaN,NaN,NaN,NaN,NaN,NaN,NaN,NaN
2,NaN,NaN,NaN,NaN,NaN,NaN,NaN,NaN
3,NaN,NaN,NaN,NaN,NaN,NaN,NaN,NaN
4,NaN,NaN,NaN,NaN,NaN,NaN,NaN,NaN
5,NaN,NaN,NaN,NaN,NaN,NaN,NaN,NaN
6,NaN,NaN,NaN,NaN,NaN,NaN,NaN,NaN
7,NaN,NaN,NaN,NaN,NaN,NaN,NaN,NaN
8,NaN,NaN,NaN,NaN,NaN,NaN,NaN,NaN
9,NaN,NaN,NaN,NaN,NaN,NaN,NaN,NaN
10,NaN,NaN,NaN,NaN,NaN,NaN,NaN,NaN
11,NaN,NaN,NaN,NaN,NaN,NaN,NaN,NaN
1,NaN,NaN,NaN,NaN,NaN,NaN,NaN,NaN
2,NaN,NaN,NaN,NaN,NaN,NaN,NaN,NaN
3,NaN,NaN,NaN,NaN,NaN,NaN,NaN,NaN
4,NaN,NaN,NaN,NaN,NaN,NaN,NaN,NaN
5,NaN,NaN,NaN,NaN,NaN,NaN,NaN,NaN
6,NaN,NaN,NaN,NaN,NaN,NaN,NaN,NaN
7,NaN,NaN,NaN,NaN,NaN,NaN,NaN,NaN
8,NaN,NaN,NaN,NaN,NaN,NaN,NaN,NaN
9,NaN,NaN,NaN,NaN,NaN,NaN,NaN,NaN
10,NaN,NaN,NaN,NaN,NaN,NaN,NaN,NaN
11,NaN,NaN,NaN,NaN,NaN,NaN,NaN,NaN
1,NaN,NaN,NaN,NaN,NaN,NaN,NaN,NaN
2,NaN,NaN,NaN,NaN,NaN,NaN,NaN,NaN
3,NaN,NaN,NaN,NaN,NaN,NaN,NaN,NaN
4,NaN,NaN,NaN,NaN,NaN,NaN,NaN,NaN
5,NaN,NaN,NaN,NaN,NaN,NaN,NaN,NaN
6,NaN,NaN,NaN,NaN,NaN,NaN,NaN,NaN
7,NaN,NaN,NaN,NaN,NaN,NaN,NaN,NaN
8,NaN,NaN,NaN,NaN,NaN,NaN,NaN,NaN
9,NaN,NaN,NaN,NaN,NaN,NaN,NaN,NaN
10,NaN,NaN,NaN,NaN,NaN,NaN,NaN,NaN
11,NaN,NaN,NaN,NaN,NaN,NaN,NaN,NaN
1,NaN,NaN,NaN,NaN,NaN,NaN,NaN,NaN
2,NaN,NaN,NaN,NaN,NaN,NaN,NaN,NaN
3,NaN,NaN,NaN,NaN,NaN,NaN,NaN,NaN
4,NaN,NaN,NaN,NaN,NaN,NaN,NaN,NaN
5,NaN,NaN,NaN,NaN,NaN,NaN,NaN,NaN
6,NaN,NaN,NaN,NaN,NaN,NaN,NaN,NaN
7,NaN,NaN,NaN,NaN,NaN,NaN,NaN,NaN
8,NaN,NaN,NaN,NaN,NaN,NaN,NaN,NaN
9,NaN,NaN,NaN,NaN,NaN,NaN,NaN,NaN
10,NaN,NaN,NaN,NaN,NaN,NaN,NaN,NaN
11,NaN,NaN,NaN,NaN,NaN,NaN,NaN,NaN
1,NaN,NaN,NaN,NaN,NaN,NaN,NaN,NaN
2,NaN,NaN,NaN,NaN,NaN,NaN,NaN,NaN
3,NaN,NaN,NaN,NaN,NaN,NaN,NaN,NaN
4,NaN,NaN,NaN,NaN,NaN,NaN,NaN,NaN
5,NaN,NaN,NaN,NaN,NaN,NaN,NaN,NaN
6,NaN,NaN,NaN,NaN,NaN,NaN,NaN,NaN
7,NaN,NaN,NaN,NaN,NaN,NaN,NaN,NaN
8,NaN,NaN,NaN,NaN,NaN,NaN,NaN,NaN
9,NaN,NaN,NaN,NaN,NaN,NaN,NaN,NaN
10,NaN,NaN,NaN,NaN,NaN,NaN,NaN,NaN
11,NaN,NaN,NaN,NaN,NaN,NaN,NaN,NaN
1,NaN,NaN,NaN,NaN,NaN,NaN,NaN,NaN
2,NaN,NaN,NaN,NaN,NaN,NaN,NaN,NaN
3,NaN,NaN,NaN,NaN,NaN,NaN,NaN,NaN
4,NaN,NaN,NaN,NaN,NaN,NaN,NaN,NaN
5,NaN,NaN,NaN,NaN,NaN,NaN,NaN,NaN
6,NaN,NaN,NaN,NaN,NaN,NaN,NaN,NaN
7,NaN,NaN,NaN,NaN,NaN,NaN,NaN,NaN
8,NaN,NaN,NaN,NaN,NaN,NaN,NaN,NaN
9,NaN,NaN,NaN,NaN,NaN,NaN,NaN,NaN
10,NaN,NaN,NaN,NaN,NaN,NaN,NaN,NaN
11,NaN,NaN,NaN,NaN,NaN,NaN,NaN,NaN
1,NaN,NaN,NaN,NaN,NaN,NaN,NaN,NaN
2,NaN,NaN,NaN,NaN,NaN,NaN,NaN,NaN
3,NaN,NaN,NaN,NaN,NaN,NaN,NaN,NaN
4,NaN,NaN,NaN,NaN,NaN,NaN,NaN,NaN
5,NaN,NaN,NaN,NaN,NaN,NaN,NaN,NaN
6,NaN,NaN,NaN,NaN,NaN,NaN,NaN,NaN
7,NaN,NaN,NaN,NaN,NaN,NaN,NaN,NaN
8,NaN,NaN,NaN,NaN,NaN,NaN,NaN,NaN
9,NaN,NaN,NaN,NaN,NaN,NaN,NaN,NaN
10,NaN,NaN,NaN,NaN,NaN,NaN,NaN,NaN
11,NaN,NaN,NaN,NaN,NaN,NaN,NaN,NaN
1,NaN,NaN,NaN,NaN,NaN,NaN,NaN,NaN
2,NaN,NaN,NaN,NaN,NaN,NaN,NaN,NaN
3,NaN,NaN,NaN,NaN,NaN,NaN,NaN,NaN
4,NaN,NaN,NaN,NaN,NaN,NaN,NaN,NaN
5,NaN,NaN,NaN,NaN,NaN,NaN,NaN,NaN
6,NaN,NaN,NaN,NaN,NaN,NaN,NaN,NaN
7,NaN,NaN,NaN,NaN,NaN,NaN,NaN,NaN
8,NaN,NaN,NaN,NaN,NaN,NaN,NaN,NaN
9,NaN,NaN,NaN,NaN,NaN,NaN,NaN,NaN
10,NaN,NaN,NaN,NaN,NaN,NaN,NaN,NaN
11,NaN,NaN,NaN,NaN,NaN,NaN,NaN,NaN
1,NaN,NaN,NaN,NaN,NaN,NaN,NaN,NaN
2,NaN,NaN,NaN,NaN,NaN,NaN,NaN,NaN
3,NaN,NaN,NaN,NaN,NaN,NaN,NaN,NaN
4,NaN,NaN,NaN,NaN,NaN,NaN,NaN,NaN
5,NaN,NaN,NaN,NaN,NaN,NaN,NaN,NaN
6,NaN,NaN,NaN,NaN,NaN,NaN,NaN,NaN
7,NaN,NaN,NaN,NaN,NaN,NaN,NaN,NaN
8,NaN,NaN,NaN,NaN,NaN,NaN,NaN,NaN
9,NaN,NaN,NaN,NaN,NaN,NaN,NaN,NaN
10,NaN,NaN,NaN,NaN,NaN,NaN,NaN,NaN
11,NaN,NaN,NaN,NaN,NaN,NaN,NaN,NaN
1,NaN,NaN,NaN,NaN,NaN,NaN,NaN,NaN
2,NaN,NaN,NaN,NaN,NaN,NaN,NaN,NaN
3,NaN,NaN,NaN,NaN,NaN,NaN,NaN,NaN
4,NaN,NaN,NaN,NaN,NaN,NaN,NaN,NaN
5,NaN,NaN,NaN,NaN,NaN,NaN,NaN,NaN
6,NaN,NaN,NaN,NaN,NaN,NaN,NaN,NaN
7,NaN,NaN,NaN,NaN,NaN,NaN,NaN,NaN
8,NaN,NaN,NaN,NaN,NaN,NaN,NaN,NaN
9,NaN,NaN,NaN,NaN,NaN,NaN,NaN,NaN
10,NaN,NaN,NaN,NaN,NaN,NaN,NaN,NaN
11,NaN,NaN,NaN,NaN,NaN,NaN,NaN,NaN
1,NaN,NaN,NaN,NaN,NaN,NaN,NaN,NaN
2,NaN,NaN,NaN,NaN,NaN,NaN,NaN,NaN
3,NaN,NaN,NaN,NaN,NaN,NaN,NaN,NaN
4,NaN,NaN,NaN,NaN,NaN,NaN,NaN,NaN
5,NaN,NaN,NaN,NaN,NaN,NaN,NaN,NaN
6,NaN,NaN,NaN,NaN,NaN,NaN,NaN,NaN
7,NaN,NaN,NaN,NaN,NaN,NaN,NaN,NaN
8,NaN,NaN,NaN,NaN,NaN,NaN,NaN,NaN
9,NaN,NaN,NaN,NaN,NaN,NaN,NaN,NaN
10,NaN,NaN,NaN,NaN,NaN,NaN,NaN,NaN
11,NaN,NaN,NaN,NaN,NaN,NaN,NaN,NaN
1,NaN,NaN,NaN,NaN,NaN,NaN,NaN,NaN
2,NaN,NaN,NaN,NaN,NaN,NaN,NaN,NaN
3,NaN,NaN,NaN,NaN,NaN,NaN,NaN,NaN
4,NaN,NaN,NaN,NaN,NaN,NaN,NaN,NaN
5,NaN,NaN,NaN,NaN,NaN,NaN,NaN,NaN
6,NaN,NaN,NaN,NaN,NaN,NaN,NaN,NaN
7,NaN,NaN,NaN,NaN,NaN,NaN,NaN,NaN
8,NaN,NaN,NaN,NaN,NaN,NaN,NaN,NaN
9,NaN,NaN,NaN,NaN,NaN,NaN,NaN,NaN
10,NaN,NaN,NaN,NaN,NaN,NaN,NaN,NaN
11,NaN,NaN,NaN,NaN,NaN,NaN,NaN,NaN
1,NaN,NaN,NaN,NaN,NaN,NaN,NaN,NaN
2,NaN,NaN,NaN,NaN,NaN,NaN,NaN,NaN
3,NaN,NaN,NaN,NaN,NaN,NaN,NaN,NaN
4,NaN,NaN,NaN,NaN,NaN,NaN,NaN,NaN
5,NaN,NaN,NaN,NaN,NaN,NaN,NaN,NaN
6,NaN,NaN,NaN,NaN,NaN,NaN,NaN,NaN
7,NaN,NaN,NaN,NaN,NaN,NaN,NaN,NaN
8,NaN,NaN,NaN,NaN,NaN,NaN,NaN,NaN
9,NaN,NaN,NaN,NaN,NaN,NaN,NaN,NaN
10,NaN,NaN,NaN,NaN,NaN,NaN,NaN,NaN
11,NaN,NaN,NaN,NaN,NaN,NaN,NaN,NaN
1,NaN,NaN,NaN,NaN,NaN,NaN,NaN,NaN
2,NaN,NaN,NaN,NaN,NaN,NaN,NaN,NaN
3,NaN,NaN,NaN,NaN,NaN,NaN,NaN,NaN
4,NaN,NaN,NaN,NaN,NaN,NaN,NaN,NaN
5,NaN,NaN,NaN,NaN,NaN,NaN,NaN,NaN
6,NaN,NaN,NaN,NaN,NaN,NaN,NaN,NaN
7,NaN,NaN,NaN,NaN,NaN,NaN,NaN,NaN
8,NaN,NaN,NaN,NaN,NaN,NaN,NaN,NaN
9,NaN,NaN,NaN,NaN,NaN,NaN,NaN,NaN
10,NaN,NaN,NaN,NaN,NaN,NaN,NaN,NaN
11,NaN,NaN,NaN,NaN,NaN,NaN,NaN,NaN
1,NaN,NaN,NaN,NaN,NaN,NaN,NaN,NaN
2,NaN,NaN,NaN,NaN,NaN,NaN,NaN,NaN
3,NaN,NaN,NaN,NaN,NaN,NaN,NaN,NaN
4,NaN,NaN,NaN,NaN,NaN,NaN,NaN,NaN
5,NaN,NaN,NaN,NaN,NaN,NaN,NaN,NaN
6,NaN,NaN,NaN,NaN,NaN,NaN,NaN,NaN
7,NaN,NaN,NaN,NaN,NaN,NaN,NaN,NaN
8,NaN,NaN,NaN,NaN,NaN,NaN,NaN,NaN
9,NaN,NaN,NaN,NaN,NaN,NaN,NaN,NaN
10,NaN,NaN,NaN,NaN,NaN,NaN,NaN,NaN
11,NaN,NaN,NaN,NaN,NaN,NaN,NaN,NaN
1,NaN,NaN,NaN,NaN,NaN,NaN,NaN,NaN
2,NaN,NaN,NaN,NaN,NaN,NaN,NaN,NaN
3,NaN,NaN,NaN,NaN,NaN,NaN,NaN,NaN
4,NaN,NaN,NaN,NaN,NaN,NaN,NaN,NaN
5,NaN,NaN,NaN,NaN,NaN,NaN,NaN,NaN
6,NaN,NaN,NaN,NaN,NaN,NaN,NaN,NaN
7,NaN,NaN,NaN,NaN,NaN,NaN,NaN,NaN
8,NaN,NaN,NaN,NaN,NaN,NaN,NaN,NaN
9,NaN,NaN,NaN,NaN,NaN,NaN,NaN,NaN
10,NaN,NaN,NaN,NaN,NaN,NaN,NaN,NaN
11,NaN,NaN,NaN,NaN,NaN,NaN,NaN,NaN
1,NaN,NaN,NaN,NaN,NaN,NaN,NaN,NaN
2,NaN,NaN,NaN,NaN,NaN,NaN,NaN,NaN
3,NaN,NaN,NaN,NaN,NaN,NaN,NaN,NaN
4,NaN,NaN,NaN,NaN,NaN,NaN,NaN,NaN
5,NaN,NaN,NaN,NaN,NaN,NaN,NaN,NaN
6,NaN,NaN,NaN,NaN,NaN,NaN,NaN,NaN
7,NaN,NaN,NaN,NaN,NaN,NaN,NaN,NaN
8,NaN,NaN,NaN,NaN,NaN,NaN,NaN,NaN
9,NaN,NaN,NaN,NaN,NaN,NaN,NaN,NaN
10,NaN,NaN,NaN,NaN,NaN,NaN,NaN,NaN
11,NaN,NaN,NaN,NaN,NaN,NaN,NaN,NaN
1,NaN,NaN,NaN,NaN,NaN,NaN,NaN,NaN
2,NaN,NaN,NaN,NaN,NaN,NaN,NaN,NaN
3,NaN,NaN,NaN,NaN,NaN,NaN,NaN,NaN
4,NaN,NaN,NaN,NaN,NaN,NaN,NaN,NaN
5,NaN,NaN,NaN,NaN,NaN,NaN,NaN,NaN
6,NaN,NaN,NaN,NaN,NaN,NaN,NaN,NaN
7,NaN,NaN,NaN,NaN,NaN,NaN,NaN,NaN
8,NaN,NaN,NaN,NaN,NaN,NaN,NaN,NaN
9,NaN,NaN,NaN,NaN,NaN,NaN,NaN,NaN
10,NaN,NaN,NaN,NaN,NaN,NaN,NaN,NaN
11,NaN,NaN,NaN,NaN,NaN,NaN,NaN,NaN
1,NaN,NaN,NaN,NaN,NaN,NaN,NaN,NaN
2,NaN,NaN,NaN,NaN,NaN,NaN,NaN,NaN
3,NaN,NaN,NaN,NaN,NaN,NaN,NaN,NaN
4,NaN,NaN,NaN,NaN,NaN,NaN,NaN,NaN
5,NaN,NaN,NaN,NaN,NaN,NaN,NaN,NaN
6,NaN,NaN,NaN,NaN,NaN,NaN,NaN,NaN
7,NaN,NaN,NaN,NaN,NaN,NaN,NaN,NaN
8,NaN,NaN,NaN,NaN,NaN,NaN,NaN,NaN
9,NaN,NaN,NaN,NaN,NaN,NaN,NaN,NaN
10,NaN,NaN,NaN,NaN,NaN,NaN,NaN,NaN
11,NaN,NaN,NaN,NaN,NaN,NaN,NaN,NaN
1,NaN,NaN,NaN,NaN,NaN,NaN,NaN,NaN
2,NaN,NaN,NaN,NaN,NaN,NaN,NaN,NaN
3,NaN,NaN,NaN,NaN,NaN,NaN,NaN,NaN
4,NaN,NaN,NaN,NaN,NaN,NaN,NaN,NaN
5,NaN,NaN,NaN,NaN,NaN,NaN,NaN,NaN
6,NaN,NaN,NaN,NaN,NaN,NaN,NaN,NaN
7,NaN,NaN,NaN,NaN,NaN,NaN,NaN,NaN
8,NaN,NaN,NaN,NaN,NaN,NaN,NaN,NaN
9,NaN,NaN,NaN,NaN,NaN,NaN,NaN,NaN
10,NaN,NaN,NaN,NaN,NaN,NaN,NaN,NaN
11,NaN,NaN,NaN,NaN,NaN,NaN,NaN,NaN
1,NaN,NaN,NaN,NaN,NaN,NaN,NaN,NaN
2,NaN,NaN,NaN,NaN,NaN,NaN,NaN,NaN
3,NaN,NaN,NaN,NaN,NaN,NaN,NaN,NaN
4,NaN,NaN,NaN,NaN,NaN,NaN,NaN,NaN
5,NaN,NaN,NaN,NaN,NaN,NaN,NaN,NaN
6,NaN,NaN,NaN,NaN,NaN,NaN,NaN,NaN
7,NaN,NaN,NaN,NaN,NaN,NaN,NaN,NaN
8,NaN,NaN,NaN,NaN,NaN,NaN,NaN,NaN
9,NaN,NaN,NaN,NaN,NaN,NaN,NaN,NaN
10,NaN,NaN,NaN,NaN,NaN,NaN,NaN,NaN
11,NaN,NaN,NaN,NaN,NaN,NaN,NaN,NaN
1,NaN,NaN,NaN,NaN,NaN,NaN,NaN,NaN
2,NaN,NaN,NaN,NaN,NaN,NaN,NaN,NaN
3,NaN,NaN,NaN,NaN,NaN,NaN,NaN,NaN
4,NaN,NaN,NaN,NaN,NaN,NaN,NaN,NaN
5,NaN,NaN,NaN,NaN,NaN,NaN,NaN,NaN
6,NaN,NaN,NaN,NaN,NaN,NaN,NaN,NaN
7,NaN,NaN,NaN,NaN,NaN,NaN,NaN,NaN
8,NaN,NaN,NaN,NaN,NaN,NaN,NaN,NaN
9,NaN,NaN,NaN,NaN,NaN,NaN,NaN,NaN
10,NaN,NaN,NaN,NaN,NaN,NaN,NaN,NaN
11,NaN,NaN,NaN,NaN,NaN,NaN,NaN,NaN
1,NaN,NaN,NaN,NaN,NaN,NaN,NaN,NaN
2,NaN,NaN,NaN,NaN,NaN,NaN,NaN,NaN
3,NaN,NaN,NaN,NaN,NaN,NaN,NaN,NaN
4,NaN,NaN,NaN,NaN,NaN,NaN,NaN,NaN
5,NaN,NaN,NaN,NaN,NaN,NaN,NaN,NaN
6,NaN,NaN,NaN,NaN,NaN,NaN,NaN,NaN
7,NaN,NaN,NaN,NaN,NaN,NaN,NaN,NaN
8,NaN,NaN,NaN,NaN,NaN,NaN,NaN,NaN
9,NaN,NaN,NaN,NaN,NaN,NaN,NaN,NaN
10,NaN,NaN,NaN,NaN,NaN,NaN,NaN,NaN
11,NaN,NaN,NaN,NaN,NaN,NaN,NaN,NaN
1,NaN,NaN,NaN,NaN,NaN,NaN,NaN,NaN
2,NaN,NaN,NaN,NaN,NaN,NaN,NaN,NaN
3,NaN,NaN,NaN,NaN,NaN,NaN,NaN,NaN
4,NaN,NaN,NaN,NaN,NaN,NaN,NaN,NaN
5,NaN,NaN,NaN,NaN,NaN,NaN,NaN,NaN
6,NaN,NaN,NaN,NaN,NaN,NaN,NaN,NaN
7,NaN,NaN,NaN,NaN,NaN,NaN,NaN,NaN
8,NaN,NaN,NaN,NaN,NaN,NaN,NaN,NaN
9,NaN,NaN,NaN,NaN,NaN,NaN,NaN,NaN
10,NaN,NaN,NaN,NaN,NaN,NaN,NaN,NaN
11,NaN,NaN,NaN,NaN,NaN,NaN,NaN,NaN
1,NaN,NaN,NaN,NaN,NaN,NaN,NaN,NaN
2,NaN,NaN,NaN,NaN,NaN,NaN,NaN,NaN
3,NaN,NaN,NaN,NaN,NaN,NaN,NaN,NaN
4,NaN,NaN,NaN,NaN,NaN,NaN,NaN,NaN
5,NaN,NaN,NaN,NaN,NaN,NaN,NaN,NaN
6,NaN,NaN,NaN,NaN,NaN,NaN,NaN,NaN
7,NaN,NaN,NaN,NaN,NaN,NaN,NaN,NaN
8,NaN,NaN,NaN,NaN,NaN,NaN,NaN,NaN
9,NaN,NaN,NaN,NaN,NaN,NaN,NaN,NaN
10,NaN,NaN,NaN,NaN,NaN,NaN,NaN,NaN
11,NaN,NaN,NaN,NaN,NaN,NaN,NaN,NaN
1,NaN,NaN,NaN,NaN,NaN,NaN,NaN,NaN
2,NaN,NaN,NaN,NaN,NaN,NaN,NaN,NaN
3,NaN,NaN,NaN,NaN,NaN,NaN,NaN,NaN
4,NaN,NaN,NaN,NaN,NaN,NaN,NaN,NaN
5,NaN,NaN,NaN,NaN,NaN,NaN,NaN,NaN
6,NaN,NaN,NaN,NaN,NaN,NaN,NaN,NaN
7,NaN,NaN,NaN,NaN,NaN,NaN,NaN,NaN
8,NaN,NaN,NaN,NaN,NaN,NaN,NaN,NaN
9,NaN,NaN,NaN,NaN,NaN,NaN,NaN,NaN
10,NaN,NaN,NaN,NaN,NaN,NaN,NaN,NaN
11,NaN,NaN,NaN,NaN,NaN,NaN,NaN,NaN
1,NaN,NaN,NaN,NaN,NaN,NaN,NaN,NaN
2,NaN,NaN,NaN,NaN,NaN,NaN,NaN,NaN
3,NaN,NaN,NaN,NaN,NaN,NaN,NaN,NaN
4,NaN,NaN,NaN,NaN,NaN,NaN,NaN,NaN
5,NaN,NaN,NaN,NaN,NaN,NaN,NaN,NaN
6,NaN,NaN,NaN,NaN,NaN,NaN,NaN,NaN
7,NaN,NaN,NaN,NaN,NaN,NaN,NaN,NaN
8,NaN,NaN,NaN,NaN,NaN,NaN,NaN,NaN
9,NaN,NaN,NaN,NaN,NaN,NaN,NaN,NaN
10,NaN,NaN,NaN,NaN,NaN,NaN,NaN,NaN
11,NaN,NaN,NaN,NaN,NaN,NaN,NaN,NaN
1,NaN,NaN,NaN,NaN,NaN,NaN,NaN,NaN
2,NaN,NaN,NaN,NaN,NaN,NaN,NaN,NaN
3,NaN,NaN,NaN,NaN,NaN,NaN,NaN,NaN
4,NaN,NaN,NaN,NaN,NaN,NaN,NaN,NaN
5,NaN,NaN,NaN,NaN,NaN,NaN,NaN,NaN
6,NaN,NaN,NaN,NaN,NaN,NaN,NaN,NaN
7,NaN,NaN,NaN,NaN,NaN,NaN,NaN,NaN
8,NaN,NaN,NaN,NaN,NaN,NaN,NaN,NaN
9,NaN,NaN,NaN,NaN,NaN,NaN,NaN,NaN
10,NaN,NaN,NaN,NaN,NaN,NaN,NaN,NaN
11,NaN,NaN,NaN,NaN,NaN,NaN,NaN,NaN
1,NaN,NaN,NaN,NaN,NaN,NaN,NaN,NaN
2,NaN,NaN,NaN,NaN,NaN,NaN,NaN,NaN
3,NaN,NaN,NaN,NaN,NaN,NaN,NaN,NaN
4,NaN,NaN,NaN,NaN,NaN,NaN,NaN,NaN
5,NaN,NaN,NaN,NaN,NaN,NaN,NaN,NaN
6,NaN,NaN,NaN,NaN,NaN,NaN,NaN,NaN
7,NaN,NaN,NaN,NaN,NaN,NaN,NaN,NaN
8,NaN,NaN,NaN,NaN,NaN,NaN,NaN,NaN
9,NaN,NaN,NaN,NaN,NaN,NaN,NaN,NaN
10,NaN,NaN,NaN,NaN,NaN,NaN,NaN,NaN
11,NaN,NaN,NaN,NaN,NaN,NaN,NaN,NaN
1,NaN,NaN,NaN,NaN,NaN,NaN,NaN,NaN
2,NaN,NaN,NaN,NaN,NaN,NaN,NaN,NaN
3,NaN,NaN,NaN,NaN,NaN,NaN,NaN,NaN
4,NaN,NaN,NaN,NaN,NaN,NaN,NaN,NaN
5,NaN,NaN,NaN,NaN,NaN,NaN,NaN,NaN
6,NaN,NaN,NaN,NaN,NaN,NaN,NaN,NaN
7,NaN,NaN,NaN,NaN,NaN,NaN,NaN,NaN
8,NaN,NaN,NaN,NaN,NaN,NaN,NaN,NaN
9,NaN,NaN,NaN,NaN,NaN,NaN,NaN,NaN
10,NaN,NaN,NaN,NaN,NaN,NaN,NaN,NaN
11,NaN,NaN,NaN,NaN,NaN,NaN,NaN,NaN
1,NaN,NaN,NaN,NaN,NaN,NaN,NaN,NaN
2,NaN,NaN,NaN,NaN,NaN,NaN,NaN,NaN
3,NaN,NaN,NaN,NaN,NaN,NaN,NaN,NaN
4,NaN,NaN,NaN,NaN,NaN,NaN,NaN,NaN
5,NaN,NaN,NaN,NaN,NaN,NaN,NaN,NaN
6,NaN,NaN,NaN,NaN,NaN,NaN,NaN,NaN
7,NaN,NaN,NaN,NaN,NaN,NaN,NaN,NaN
8,NaN,NaN,NaN,NaN,NaN,NaN,NaN,NaN
9,NaN,NaN,NaN,NaN,NaN,NaN,NaN,NaN
10,NaN,NaN,NaN,NaN,NaN,NaN,NaN,NaN
11,NaN,NaN,NaN,NaN,NaN,NaN,NaN,NaN
1,NaN,NaN,NaN,NaN,NaN,NaN,NaN,NaN
2,NaN,NaN,NaN,NaN,NaN,NaN,NaN,NaN
3,NaN,NaN,NaN,NaN,NaN,NaN,NaN,NaN
4,NaN,NaN,NaN,NaN,NaN,NaN,NaN,NaN
5,NaN,NaN,NaN,NaN,NaN,NaN,NaN,NaN
6,NaN,NaN,NaN,NaN,NaN,NaN,NaN,NaN
7,NaN,NaN,NaN,NaN,NaN,NaN,NaN,NaN
8,NaN,NaN,NaN,NaN,NaN,NaN,NaN,NaN
9,NaN,NaN,NaN,NaN,NaN,NaN,NaN,NaN
10,NaN,NaN,NaN,NaN,NaN,NaN,NaN,NaN
11,NaN,NaN,NaN,NaN,NaN,NaN,NaN,NaN
1,NaN,NaN,NaN,NaN,NaN,NaN,NaN,NaN
2,NaN,NaN,NaN,NaN,NaN,NaN,NaN,NaN
3,NaN,NaN,NaN,NaN,NaN,NaN,NaN,NaN
4,NaN,NaN,NaN,NaN,NaN,NaN,NaN,NaN
5,NaN,NaN,NaN,NaN,NaN,NaN,NaN,NaN
6,NaN,NaN,NaN,NaN,NaN,NaN,NaN,NaN
7,NaN,NaN,NaN,NaN,NaN,NaN,NaN,NaN
8,NaN,NaN,NaN,NaN,NaN,NaN,NaN,NaN
9,NaN,NaN,NaN,NaN,NaN,NaN,NaN,NaN
10,NaN,NaN,NaN,NaN,NaN,NaN,NaN,NaN
11,NaN,NaN,NaN,NaN,NaN,NaN,NaN,NaN
1,NaN,NaN,NaN,NaN,NaN,NaN,NaN,NaN
2,NaN,NaN,NaN,NaN,NaN,NaN,NaN,NaN
3,NaN,NaN,NaN,NaN,NaN,NaN,NaN,NaN
4,NaN,NaN,NaN,NaN,NaN,NaN,NaN,NaN
5,NaN,NaN,NaN,NaN,NaN,NaN,NaN,NaN
6,NaN,NaN,NaN,NaN,NaN,NaN,NaN,NaN
7,NaN,NaN,NaN,NaN,NaN,NaN,NaN,NaN
8,NaN,NaN,NaN,NaN,NaN,NaN,NaN,NaN
9,NaN,NaN,NaN,NaN,NaN,NaN,NaN,NaN
10,NaN,NaN,NaN,NaN,NaN,NaN,NaN,NaN
11,NaN,NaN,NaN,NaN,NaN,NaN,NaN,NaN
1,NaN,NaN,NaN,NaN,NaN,NaN,NaN,NaN
2,NaN,NaN,NaN,NaN,NaN,NaN,NaN,NaN
3,NaN,NaN,NaN,NaN,NaN,NaN,NaN,NaN
4,NaN,NaN,NaN,NaN,NaN,NaN,NaN,NaN
5,NaN,NaN,NaN,NaN,NaN,NaN,NaN,NaN
6,NaN,NaN,NaN,NaN,NaN,NaN,NaN,NaN
7,NaN,NaN,NaN,NaN,NaN,NaN,NaN,NaN
8,NaN,NaN,NaN,NaN,NaN,NaN,NaN,NaN
9,NaN,NaN,NaN,NaN,NaN,NaN,NaN,NaN
10,NaN,NaN,NaN,NaN,NaN,NaN,NaN,NaN
11,NaN,NaN,NaN,NaN,NaN,NaN,NaN,NaN
1,NaN,NaN,NaN,NaN,NaN,NaN,NaN,NaN
2,NaN,NaN,NaN,NaN,NaN,NaN,NaN,NaN
3,NaN,NaN,NaN,NaN,NaN,NaN,NaN,NaN
4,NaN,NaN,NaN,NaN,NaN,NaN,NaN,NaN
5,NaN,NaN,NaN,NaN,NaN,NaN,NaN,NaN
6,NaN,NaN,NaN,NaN,NaN,NaN,NaN,NaN
7,NaN,NaN,NaN,NaN,NaN,NaN,NaN,NaN
8,NaN,NaN,NaN,NaN,NaN,NaN,NaN,NaN
9,NaN,NaN,NaN,NaN,NaN,NaN,NaN,NaN
10,NaN,NaN,NaN,NaN,NaN,NaN,NaN,NaN
11,NaN,NaN,NaN,NaN,NaN,NaN,NaN,NaN
1,NaN,NaN,NaN,NaN,NaN,NaN,NaN,NaN
2,NaN,NaN,NaN,NaN,NaN,NaN,NaN,NaN
3,NaN,NaN,NaN,NaN,NaN,NaN,NaN,NaN
4,NaN,NaN,NaN,NaN,NaN,NaN,NaN,NaN
5,NaN,NaN,NaN,NaN,NaN,NaN,NaN,NaN
6,NaN,NaN,NaN,NaN,NaN,NaN,NaN,NaN
7,NaN,NaN,NaN,NaN,NaN,NaN,NaN,NaN
8,NaN,NaN,NaN,NaN,NaN,NaN,NaN,NaN
9,NaN,NaN,NaN,NaN,NaN,NaN,NaN,NaN
10,NaN,NaN,NaN,NaN,NaN,NaN,NaN,NaN
11,NaN,NaN,NaN,NaN,NaN,NaN,NaN,NaN
1,NaN,NaN,NaN,NaN,NaN,NaN,NaN,NaN
2,NaN,NaN,NaN,NaN,NaN,NaN,NaN,NaN
3,NaN,NaN,NaN,NaN,NaN,NaN,NaN,NaN
4,NaN,NaN,NaN,NaN,NaN,NaN,NaN,NaN
5,NaN,NaN,NaN,NaN,NaN,NaN,NaN,NaN
6,NaN,NaN,NaN,NaN,NaN,NaN,NaN,NaN
7,NaN,NaN,NaN,NaN,NaN,NaN,NaN,NaN
8,NaN,NaN,NaN,NaN,NaN,NaN,NaN,NaN
9,NaN,NaN,NaN,NaN,NaN,NaN,NaN,NaN
10,NaN,NaN,NaN,NaN,NaN,NaN,NaN,NaN
11,NaN,NaN,NaN,NaN,NaN,NaN,NaN,NaN
1,NaN,NaN,NaN,NaN,NaN,NaN,NaN,NaN
2,NaN,NaN,NaN,NaN,NaN,NaN,NaN,NaN
3,NaN,NaN,NaN,NaN,NaN,NaN,NaN,NaN
4,NaN,NaN,NaN,NaN,NaN,NaN,NaN,NaN
5,NaN,NaN,NaN,NaN,NaN,NaN,NaN,NaN
6,NaN,NaN,NaN,NaN,NaN,NaN,NaN,NaN
7,NaN,NaN,NaN,NaN,NaN,NaN,NaN,NaN
8,NaN,NaN,NaN,NaN,NaN,NaN,NaN,NaN
9,NaN,NaN,NaN,NaN,NaN,NaN,NaN,NaN
10,NaN,NaN,NaN,NaN,NaN,NaN,NaN,NaN
11,NaN,NaN,NaN,NaN,NaN,NaN,NaN,NaN
1,NaN,NaN,NaN,NaN,NaN,NaN,NaN,NaN
2,NaN,NaN,NaN,NaN,NaN,NaN,NaN,NaN
3,NaN,NaN,NaN,NaN,NaN,NaN,NaN,NaN
4,NaN,NaN,NaN,NaN,NaN,NaN,NaN,NaN
5,NaN,NaN,NaN,NaN,NaN,NaN,NaN,NaN
6,NaN,NaN,NaN,NaN,NaN,NaN,NaN,NaN
7,NaN,NaN,NaN,NaN,NaN,NaN,NaN,NaN
8,NaN,NaN,NaN,NaN,NaN,NaN,NaN,NaN
9,NaN,NaN,NaN,NaN,NaN,NaN,NaN,NaN
10,NaN,NaN,NaN,NaN,NaN,NaN,NaN,NaN
11,NaN,NaN,NaN,NaN,NaN,NaN,NaN,NaN
1,NaN,NaN,NaN,NaN,NaN,NaN,NaN,NaN
2,NaN,NaN,NaN,NaN,NaN,NaN,NaN,NaN
3,NaN,NaN,NaN,NaN,NaN,NaN,NaN,NaN
4,NaN,NaN,NaN,NaN,NaN,NaN,NaN,NaN
5,NaN,NaN,NaN,NaN,NaN,NaN,NaN,NaN
6,NaN,NaN,NaN,NaN,NaN,NaN,NaN,NaN
7,NaN,NaN,NaN,NaN,NaN,NaN,NaN,NaN
8,NaN,NaN,NaN,NaN,NaN,NaN,NaN,NaN
9,NaN,NaN,NaN,NaN,NaN,NaN,NaN,NaN
10,NaN,NaN,NaN,NaN,NaN,NaN,NaN,NaN
11,NaN,NaN,NaN,NaN,NaN,NaN,NaN,NaN
1,NaN,NaN,NaN,NaN,NaN,NaN,NaN,NaN
2,NaN,NaN,NaN,NaN,NaN,NaN,NaN,NaN
3,NaN,NaN,NaN,NaN,NaN,NaN,NaN,NaN
4,NaN,NaN,NaN,NaN,NaN,NaN,NaN,NaN
5,NaN,NaN,NaN,NaN,NaN,NaN,NaN,NaN
6,NaN,NaN,NaN,NaN,NaN,NaN,NaN,NaN
7,NaN,NaN,NaN,NaN,NaN,NaN,NaN,NaN
8,NaN,NaN,NaN,NaN,NaN,NaN,NaN,NaN
9,NaN,NaN,NaN,NaN,NaN,NaN,NaN,NaN
10,NaN,NaN,NaN,NaN,NaN,NaN,NaN,NaN
11,NaN,NaN,NaN,NaN,NaN,NaN,NaN,NaN
1,NaN,NaN,NaN,NaN,NaN,NaN,NaN,NaN
2,NaN,NaN,NaN,NaN,NaN,NaN,NaN,NaN
3,NaN,NaN,NaN,NaN,NaN,NaN,NaN,NaN
4,NaN,NaN,NaN,NaN,NaN,NaN,NaN,NaN
5,NaN,NaN,NaN,NaN,NaN,NaN,NaN,NaN
6,NaN,NaN,NaN,NaN,NaN,NaN,NaN,NaN
7,NaN,NaN,NaN,NaN,NaN,NaN,NaN,NaN
8,NaN,NaN,NaN,NaN,NaN,NaN,NaN,NaN
9,NaN,NaN,NaN,NaN,NaN,NaN,NaN,NaN
10,NaN,NaN,NaN,NaN,NaN,NaN,NaN,NaN
11,NaN,NaN,NaN,NaN,NaN,NaN,NaN,NaN
1,NaN,NaN,NaN,NaN,NaN,NaN,NaN,NaN
2,NaN,NaN,NaN,NaN,NaN,NaN,NaN,NaN
3,NaN,NaN,NaN,NaN,NaN,NaN,NaN,NaN
4,NaN,NaN,NaN,NaN,NaN,NaN,NaN,NaN
5,NaN,NaN,NaN,NaN,NaN,NaN,NaN,NaN
6,NaN,NaN,NaN,NaN,NaN,NaN,NaN,NaN
7,NaN,NaN,NaN,NaN,NaN,NaN,NaN,NaN
8,NaN,NaN,NaN,NaN,NaN,NaN,NaN,NaN
9,NaN,NaN,NaN,NaN,NaN,NaN,NaN,NaN
10,NaN,NaN,NaN,NaN,NaN,NaN,NaN,NaN
11,NaN,NaN,NaN,NaN,NaN,NaN,NaN,NaN
1,NaN,NaN,NaN,NaN,NaN,NaN,NaN,NaN
2,NaN,NaN,NaN,NaN,NaN,NaN,NaN,NaN
3,NaN,NaN,NaN,NaN,NaN,NaN,NaN,NaN
4,NaN,NaN,NaN,NaN,NaN,NaN,NaN,NaN
5,NaN,NaN,NaN,NaN,NaN,NaN,NaN,NaN
6,NaN,NaN,NaN,NaN,NaN,NaN,NaN,NaN
7,NaN,NaN,NaN,NaN,NaN,NaN,NaN,NaN
8,NaN,NaN,NaN,NaN,NaN,NaN,NaN,NaN
9,NaN,NaN,NaN,NaN,NaN,NaN,NaN,NaN
10,NaN,NaN,NaN,NaN,NaN,NaN,NaN,NaN
11,NaN,NaN,NaN,NaN,NaN,NaN,NaN,NaN
1,NaN,NaN,NaN,NaN,NaN,NaN,NaN,NaN
2,NaN,NaN,NaN,NaN,NaN,NaN,NaN,NaN
3,NaN,NaN,NaN,NaN,NaN,NaN,NaN,NaN
4,NaN,NaN,NaN,NaN,NaN,NaN,NaN,NaN
5,NaN,NaN,NaN,NaN,NaN,NaN,NaN,NaN
6,NaN,NaN,NaN,NaN,NaN,NaN,NaN,NaN
7,NaN,NaN,NaN,NaN,NaN,NaN,NaN,NaN
8,NaN,NaN,NaN,NaN,NaN,NaN,NaN,NaN
9,NaN,NaN,NaN,NaN,NaN,NaN,NaN,NaN
10,NaN,NaN,NaN,NaN,NaN,NaN,NaN,NaN
11,NaN,NaN,NaN,NaN,NaN,NaN,NaN,NaN
1,NaN,NaN,NaN,NaN,NaN,NaN,NaN,NaN
2,NaN,NaN,NaN,NaN,NaN,NaN,NaN,NaN
3,NaN,NaN,NaN,NaN,NaN,NaN,NaN,NaN
4,NaN,NaN,NaN,NaN,NaN,NaN,NaN,NaN
5,NaN,NaN,NaN,NaN,NaN,NaN,NaN,NaN
6,NaN,NaN,NaN,NaN,NaN,NaN,NaN,NaN
7,NaN,NaN,NaN,NaN,NaN,NaN,NaN,NaN
8,NaN,NaN,NaN,NaN,NaN,NaN,NaN,NaN
9,NaN,NaN,NaN,NaN,NaN,NaN,NaN,NaN
10,NaN,NaN,NaN,NaN,NaN,NaN,NaN,NaN
11,NaN,NaN,NaN,NaN,NaN,NaN,NaN,NaN
1,NaN,NaN,NaN,NaN,NaN,NaN,NaN,NaN
2,NaN,NaN,NaN,NaN,NaN,NaN,NaN,NaN
3,NaN,NaN,NaN,NaN,NaN,NaN,NaN,NaN
4,NaN,NaN,NaN,NaN,NaN,NaN,NaN,NaN
5,NaN,NaN,NaN,NaN,NaN,NaN,NaN,NaN
6,NaN,NaN,NaN,NaN,NaN,NaN,NaN,NaN
7,NaN,NaN,NaN,NaN,NaN,NaN,NaN,NaN
8,NaN,NaN,NaN,NaN,NaN,NaN,NaN,NaN
9,NaN,NaN,NaN,NaN,NaN,NaN,NaN,NaN
10,NaN,NaN,NaN,NaN,NaN,NaN,NaN,NaN
11,NaN,NaN,NaN,NaN,NaN,NaN,NaN,NaN
1,NaN,NaN,NaN,NaN,NaN,NaN,NaN,NaN
2,NaN,NaN,NaN,NaN,NaN,NaN,NaN,NaN
3,NaN,NaN,NaN,NaN,NaN,NaN,NaN,NaN
4,NaN,NaN,NaN,NaN,NaN,NaN,NaN,NaN
5,NaN,NaN,NaN,NaN,NaN,NaN,NaN,NaN
6,NaN,NaN,NaN,NaN,NaN,NaN,NaN,NaN
7,NaN,NaN,NaN,NaN,NaN,NaN,NaN,NaN
8,NaN,NaN,NaN,NaN,NaN,NaN,NaN,NaN
9,NaN,NaN,NaN,NaN,NaN,NaN,NaN,NaN
10,NaN,NaN,NaN,NaN,NaN,NaN,NaN,NaN
11,NaN,NaN,NaN,NaN,NaN,NaN,NaN,NaN
1,NaN,NaN,NaN,NaN,NaN,NaN,NaN,NaN
2,NaN,NaN,NaN,NaN,NaN,NaN,NaN,NaN
3,NaN,NaN,NaN,NaN,NaN,NaN,NaN,NaN
4,NaN,NaN,NaN,NaN,NaN,NaN,NaN,NaN
5,NaN,NaN,NaN,NaN,NaN,NaN,NaN,NaN
6,NaN,NaN,NaN,NaN,NaN,NaN,NaN,NaN
7,NaN,NaN,NaN,NaN,NaN,NaN,NaN,NaN
8,NaN,NaN,NaN,NaN,NaN,NaN,NaN,NaN
9,NaN,NaN,NaN,NaN,NaN,NaN,NaN,NaN
10,NaN,NaN,NaN,NaN,NaN,NaN,NaN,NaN
11,NaN,NaN,NaN,NaN,NaN,NaN,NaN,NaN
1,NaN,NaN,NaN,NaN,NaN,NaN,NaN,NaN
2,NaN,NaN,NaN,NaN,NaN,NaN,NaN,NaN
3,NaN,NaN,NaN,NaN,NaN,NaN,NaN,NaN
4,NaN,NaN,NaN,NaN,NaN,NaN,NaN,NaN
5,NaN,NaN,NaN,NaN,NaN,NaN,NaN,NaN
6,NaN,NaN,NaN,NaN,NaN,NaN,NaN,NaN
7,NaN,NaN,NaN,NaN,NaN,NaN,NaN,NaN
8,NaN,NaN,NaN,NaN,NaN,NaN,NaN,NaN
9,NaN,NaN,NaN,NaN,NaN,NaN,NaN,NaN
10,NaN,NaN,NaN,NaN,NaN,NaN,NaN,NaN
11,NaN,NaN,NaN,NaN,NaN,NaN,NaN,NaN
1,NaN,NaN,NaN,NaN,NaN,NaN,NaN,NaN
2,NaN,NaN,NaN,NaN,NaN,NaN,NaN,NaN
3,NaN,NaN,NaN,NaN,NaN,NaN,NaN,NaN
4,NaN,NaN,NaN,NaN,NaN,NaN,NaN,NaN
5,NaN,NaN,NaN,NaN,NaN,NaN,NaN,NaN
6,NaN,NaN,NaN,NaN,NaN,NaN,NaN,NaN
7,NaN,NaN,NaN,NaN,NaN,NaN,NaN,NaN
8,NaN,NaN,NaN,NaN,NaN,NaN,NaN,NaN
9,NaN,NaN,NaN,NaN,NaN,NaN,NaN,NaN
10,NaN,NaN,NaN,NaN,NaN,NaN,NaN,NaN
11,NaN,NaN,NaN,NaN,NaN,NaN,NaN,NaN
1,NaN,NaN,NaN,NaN,NaN,NaN,NaN,NaN
2,NaN,NaN,NaN,NaN,NaN,NaN,NaN,NaN
3,NaN,NaN,NaN,NaN,NaN,NaN,NaN,NaN
4,NaN,NaN,NaN,NaN,NaN,NaN,NaN,NaN
5,NaN,NaN,NaN,NaN,NaN,NaN,NaN,NaN
6,NaN,NaN,NaN,NaN,NaN,NaN,NaN,NaN
7,NaN,NaN,NaN,NaN,NaN,NaN,NaN,NaN
8,NaN,NaN,NaN,NaN,NaN,NaN,NaN,NaN
9,NaN,NaN,NaN,NaN,NaN,NaN,NaN,NaN
10,NaN,NaN,NaN,NaN,NaN,NaN,NaN,NaN
11,NaN,NaN,NaN,NaN,NaN,NaN,NaN,NaN
1,NaN,NaN,NaN,NaN,NaN,NaN,NaN,NaN
2,NaN,NaN,NaN,NaN,NaN,NaN,NaN,NaN
3,NaN,NaN,NaN,NaN,NaN,NaN,NaN,NaN
4,NaN,NaN,NaN,NaN,NaN,NaN,NaN,NaN
5,NaN,NaN,NaN,NaN,NaN,NaN,NaN,NaN
6,NaN,NaN,NaN,NaN,NaN,NaN,NaN,NaN
7,NaN,NaN,NaN,NaN,NaN,NaN,NaN,NaN
8,NaN,NaN,NaN,NaN,NaN,NaN,NaN,NaN
9,NaN,NaN,NaN,NaN,NaN,NaN,NaN,NaN
10,NaN,NaN,NaN,NaN,NaN,NaN,NaN,NaN
11,NaN,NaN,NaN,NaN,NaN,NaN,NaN,NaN
1,NaN,NaN,NaN,NaN,NaN,NaN,NaN,NaN
2,NaN,NaN,NaN,NaN,NaN,NaN,NaN,NaN
3,NaN,NaN,NaN,NaN,NaN,NaN,NaN,NaN
4,NaN,NaN,NaN,NaN,NaN,NaN,NaN,NaN
5,NaN,NaN,NaN,NaN,NaN,NaN,NaN,NaN
6,NaN,NaN,NaN,NaN,NaN,NaN,NaN,NaN
7,NaN,NaN,NaN,NaN,NaN,NaN,NaN,NaN
8,NaN,NaN,NaN,NaN,NaN,NaN,NaN,NaN
9,NaN,NaN,NaN,NaN,NaN,NaN,NaN,NaN
10,NaN,NaN,NaN,NaN,NaN,NaN,NaN,NaN
11,NaN,NaN,NaN,NaN,NaN,NaN,NaN,NaN
1,NaN,NaN,NaN,NaN,NaN,NaN,NaN,NaN
2,NaN,NaN,NaN,NaN,NaN,NaN,NaN,NaN
3,NaN,NaN,NaN,NaN,NaN,NaN,NaN,NaN
4,NaN,NaN,NaN,NaN,NaN,NaN,NaN,NaN
5,NaN,NaN,NaN,NaN,NaN,NaN,NaN,NaN
6,NaN,NaN,NaN,NaN,NaN,NaN,NaN,NaN
7,NaN,NaN,NaN,NaN,NaN,NaN,NaN,NaN
8,NaN,NaN,NaN,NaN,NaN,NaN,NaN,NaN
9,NaN,NaN,NaN,NaN,NaN,NaN,NaN,NaN
10,NaN,NaN,NaN,NaN,NaN,NaN,NaN,NaN
11,NaN,NaN,NaN,NaN,NaN,NaN,NaN,NaN
1,NaN,NaN,NaN,NaN,NaN,NaN,NaN,NaN
2,NaN,NaN,NaN,NaN,NaN,NaN,NaN,NaN
3,NaN,NaN,NaN,NaN,NaN,NaN,NaN,NaN
4,NaN,NaN,NaN,NaN,NaN,NaN,NaN,NaN
5,NaN,NaN,NaN,NaN,NaN,NaN,NaN,NaN
6,NaN,NaN,NaN,NaN,NaN,NaN,NaN,NaN
7,NaN,NaN,NaN,NaN,NaN,NaN,NaN,NaN
8,NaN,NaN,NaN,NaN,NaN,NaN,NaN,NaN
9,NaN,NaN,NaN,NaN,NaN,NaN,NaN,NaN
10,NaN,NaN,NaN,NaN,NaN,NaN,NaN,NaN
11,NaN,NaN,NaN,NaN,NaN,NaN,NaN,NaN
1,NaN,NaN,NaN,NaN,NaN,NaN,NaN,NaN
2,NaN,NaN,NaN,NaN,NaN,NaN,NaN,NaN
3,NaN,NaN,NaN,NaN,NaN,NaN,NaN,NaN
4,NaN,NaN,NaN,NaN,NaN,NaN,NaN,NaN
5,NaN,NaN,NaN,NaN,NaN,NaN,NaN,NaN
6,NaN,NaN,NaN,NaN,NaN,NaN,NaN,NaN
7,NaN,NaN,NaN,NaN,NaN,NaN,NaN,NaN
8,NaN,NaN,NaN,NaN,NaN,NaN,NaN,NaN
9,NaN,NaN,NaN,NaN,NaN,NaN,NaN,NaN
10,NaN,NaN,NaN,NaN,NaN,NaN,NaN,NaN
11,NaN,NaN,NaN,NaN,NaN,NaN,NaN,NaN
1,NaN,NaN,NaN,NaN,NaN,NaN,NaN,NaN
2,NaN,NaN,NaN,NaN,NaN,NaN,NaN,NaN
3,NaN,NaN,NaN,NaN,NaN,NaN,NaN,NaN
4,NaN,NaN,NaN,NaN,NaN,NaN,NaN,NaN
5,NaN,NaN,NaN,NaN,NaN,NaN,NaN,NaN
6,NaN,NaN,NaN,NaN,NaN,NaN,NaN,NaN
7,NaN,NaN,NaN,NaN,NaN,NaN,NaN,NaN
8,NaN,NaN,NaN,NaN,NaN,NaN,NaN,NaN
9,NaN,NaN,NaN,NaN,NaN,NaN,NaN,NaN
10,NaN,NaN,NaN,NaN,NaN,NaN,NaN,NaN
11,NaN,NaN,NaN,NaN,NaN,NaN,NaN,NaN
1,NaN,NaN,NaN,NaN,NaN,NaN,NaN,NaN
2,NaN,NaN,NaN,NaN,NaN,NaN,NaN,NaN
3,NaN,NaN,NaN,NaN,NaN,NaN,NaN,NaN
4,NaN,NaN,NaN,NaN,NaN,NaN,NaN,NaN
5,NaN,NaN,NaN,NaN,NaN,NaN,NaN,NaN
6,NaN,NaN,NaN,NaN,NaN,NaN,NaN,NaN
7,NaN,NaN,NaN,NaN,NaN,NaN,NaN,NaN
8,NaN,NaN,NaN,NaN,NaN,NaN,NaN,NaN
9,NaN,NaN,NaN,NaN,NaN,NaN,NaN,NaN
10,NaN,NaN,NaN,NaN,NaN,NaN,NaN,NaN
11,NaN,NaN,NaN,NaN,NaN,NaN,NaN,NaN
1,NaN,NaN,NaN,NaN,NaN,NaN,NaN,NaN
2,NaN,NaN,NaN,NaN,NaN,NaN,NaN,NaN
3,NaN,NaN,NaN,NaN,NaN,NaN,NaN,NaN
4,NaN,NaN,NaN,NaN,NaN,NaN,NaN,NaN
5,NaN,NaN,NaN,NaN,NaN,NaN,NaN,NaN
6,NaN,NaN,NaN,NaN,NaN,NaN,NaN,NaN
7,NaN,NaN,NaN,NaN,NaN,NaN,NaN,NaN
8,NaN,NaN,NaN,NaN,NaN,NaN,NaN,NaN
9,NaN,NaN,NaN,NaN,NaN,NaN,NaN,NaN
10,NaN,NaN,NaN,NaN,NaN,NaN,NaN,NaN
11,NaN,NaN,NaN,NaN,NaN,NaN,NaN,NaN
1,NaN,NaN,NaN,NaN,NaN,NaN,NaN,NaN
2,NaN,NaN,NaN,NaN,NaN,NaN,NaN,NaN
3,NaN,NaN,NaN,NaN,NaN,NaN,NaN,NaN
4,NaN,NaN,NaN,NaN,NaN,NaN,NaN,NaN
5,NaN,NaN,NaN,NaN,NaN,NaN,NaN,NaN
6,NaN,NaN,NaN,NaN,NaN,NaN,NaN,NaN
7,NaN,NaN,NaN,NaN,NaN,NaN,NaN,NaN
8,NaN,NaN,NaN,NaN,NaN,NaN,NaN,NaN
9,NaN,NaN,NaN,NaN,NaN,NaN,NaN,NaN
10,NaN,NaN,NaN,NaN,NaN,NaN,NaN,NaN
11,NaN,NaN,NaN,NaN,NaN,NaN,NaN,NaN
1,NaN,NaN,NaN,NaN,NaN,NaN,NaN,NaN
2,NaN,NaN,NaN,NaN,NaN,NaN,NaN,NaN
3,NaN,NaN,NaN,NaN,NaN,NaN,NaN,NaN
4,NaN,NaN,NaN,NaN,NaN,NaN,NaN,NaN
5,NaN,NaN,NaN,NaN,NaN,NaN,NaN,NaN
6,NaN,NaN,NaN,NaN,NaN,NaN,NaN,NaN
7,NaN,NaN,NaN,NaN,NaN,NaN,NaN,NaN
8,NaN,NaN,NaN,NaN,NaN,NaN,NaN,NaN
9,NaN,NaN,NaN,NaN,NaN,NaN,NaN,NaN
10,NaN,NaN,NaN,NaN,NaN,NaN,NaN,NaN
11,NaN,NaN,NaN,NaN,NaN,NaN,NaN,NaN
1,NaN,NaN,NaN,NaN,NaN,NaN,NaN,NaN
2,NaN,NaN,NaN,NaN,NaN,NaN,NaN,NaN
3,NaN,NaN,NaN,NaN,NaN,NaN,NaN,NaN
4,NaN,NaN,NaN,NaN,NaN,NaN,NaN,NaN
5,NaN,NaN,NaN,NaN,NaN,NaN,NaN,NaN
6,NaN,NaN,NaN,NaN,NaN,NaN,NaN,NaN
7,NaN,NaN,NaN,NaN,NaN,NaN,NaN,NaN
8,NaN,NaN,NaN,NaN,NaN,NaN,NaN,NaN
9,NaN,NaN,NaN,NaN,NaN,NaN,NaN,NaN
10,NaN,NaN,NaN,NaN,NaN,NaN,NaN,NaN
11,NaN,NaN,NaN,NaN,NaN,NaN,NaN,NaN
1,NaN,NaN,NaN,NaN,NaN,NaN,NaN,NaN
2,NaN,NaN,NaN,NaN,NaN,NaN,NaN,NaN
3,NaN,NaN,NaN,NaN,NaN,NaN,NaN,NaN
4,NaN,NaN,NaN,NaN,NaN,NaN,NaN,NaN
5,NaN,NaN,NaN,NaN,NaN,NaN,NaN,NaN
6,NaN,NaN,NaN,NaN,NaN,NaN,NaN,NaN
7,NaN,NaN,NaN,NaN,NaN,NaN,NaN,NaN
8,NaN,NaN,NaN,NaN,NaN,NaN,NaN,NaN
9,NaN,NaN,NaN,NaN,NaN,NaN,NaN,NaN
10,NaN,NaN,NaN,NaN,NaN,NaN,NaN,NaN
11,NaN,NaN,NaN,NaN,NaN,NaN,NaN,NaN
1,NaN,NaN,NaN,NaN,NaN,NaN,NaN,NaN
2,NaN,NaN,NaN,NaN,NaN,NaN,NaN,NaN
3,NaN,NaN,NaN,NaN,NaN,NaN,NaN,NaN
4,NaN,NaN,NaN,NaN,NaN,NaN,NaN,NaN
5,NaN,NaN,NaN,NaN,NaN,NaN,NaN,NaN
6,NaN,NaN,NaN,NaN,NaN,NaN,NaN,NaN
7,NaN,NaN,NaN,NaN,NaN,NaN,NaN,NaN
8,NaN,NaN,NaN,NaN,NaN,NaN,NaN,NaN
9,NaN,NaN,NaN,NaN,NaN,NaN,NaN,NaN
10,NaN,NaN,NaN,NaN,NaN,NaN,NaN,NaN
11,NaN,NaN,NaN,NaN,NaN,NaN,NaN,NaN
1,NaN,NaN,NaN,NaN,NaN,NaN,NaN,NaN
2,NaN,NaN,NaN,NaN,NaN,NaN,NaN,NaN
3,NaN,NaN,NaN,NaN,NaN,NaN,NaN,NaN
4,NaN,NaN,NaN,NaN,NaN,NaN,NaN,NaN
5,NaN,NaN,NaN,NaN,NaN,NaN,NaN,NaN
6,NaN,NaN,NaN,NaN,NaN,NaN,NaN,NaN
7,NaN,NaN,NaN,NaN,NaN,NaN,NaN,NaN
8,NaN,NaN,NaN,NaN,NaN,NaN,NaN,NaN
9,NaN,NaN,NaN,NaN,NaN,NaN,NaN,NaN
10,NaN,NaN,NaN,NaN,NaN,NaN,NaN,NaN
11,NaN,NaN,NaN,NaN,NaN,NaN,NaN,NaN
1,NaN,NaN,NaN,NaN,NaN,NaN,NaN,NaN
2,NaN,NaN,NaN,NaN,NaN,NaN,NaN,NaN
3,NaN,NaN,NaN,NaN,NaN,NaN,NaN,NaN
4,NaN,NaN,NaN,NaN,NaN,NaN,NaN,NaN
5,NaN,NaN,NaN,NaN,NaN,NaN,NaN,NaN
6,NaN,NaN,NaN,NaN,NaN,NaN,NaN,NaN
7,NaN,NaN,NaN,NaN,NaN,NaN,NaN,NaN
8,NaN,NaN,NaN,NaN,NaN,NaN,NaN,NaN
9,NaN,NaN,NaN,NaN,NaN,NaN,NaN,NaN
10,NaN,NaN,NaN,NaN,NaN,NaN,NaN,NaN
11,NaN,NaN,NaN,NaN,NaN,NaN,NaN,NaN
1,NaN,NaN,NaN,NaN,NaN,NaN,NaN,NaN
2,NaN,NaN,NaN,NaN,NaN,NaN,NaN,NaN
3,NaN,NaN,NaN,NaN,NaN,NaN,NaN,NaN
4,NaN,NaN,NaN,NaN,NaN,NaN,NaN,NaN
5,NaN,NaN,NaN,NaN,NaN,NaN,NaN,NaN
6,NaN,NaN,NaN,NaN,NaN,NaN,NaN,NaN
7,NaN,NaN,NaN,NaN,NaN,NaN,NaN,NaN
8,NaN,NaN,NaN,NaN,NaN,NaN,NaN,NaN
9,NaN,NaN,NaN,NaN,NaN,NaN,NaN,NaN
10,NaN,NaN,NaN,NaN,NaN,NaN,NaN,NaN
11,NaN,NaN,NaN,NaN,NaN,NaN,NaN,NaN
1,NaN,NaN,NaN,NaN,NaN,NaN,NaN,NaN
2,NaN,NaN,NaN,NaN,NaN,NaN,NaN,NaN
3,NaN,NaN,NaN,NaN,NaN,NaN,NaN,NaN
4,NaN,NaN,NaN,NaN,NaN,NaN,NaN,NaN
5,NaN,NaN,NaN,NaN,NaN,NaN,NaN,NaN
6,NaN,NaN,NaN,NaN,NaN,NaN,NaN,NaN
7,NaN,NaN,NaN,NaN,NaN,NaN,NaN,NaN
8,NaN,NaN,NaN,NaN,NaN,NaN,NaN,NaN
9,NaN,NaN,NaN,NaN,NaN,NaN,NaN,NaN
10,NaN,NaN,NaN,NaN,NaN,NaN,NaN,NaN
11,NaN,NaN,NaN,NaN,NaN,NaN,NaN,NaN
1,NaN,NaN,NaN,NaN,NaN,NaN,NaN,NaN
2,NaN,NaN,NaN,NaN,NaN,NaN,NaN,NaN
3,NaN,NaN,NaN,NaN,NaN,NaN,NaN,NaN
4,NaN,NaN,NaN,NaN,NaN,NaN,NaN,NaN
5,NaN,NaN,NaN,NaN,NaN,NaN,NaN,NaN
6,NaN,NaN,NaN,NaN,NaN,NaN,NaN,NaN
7,NaN,NaN,NaN,NaN,NaN,NaN,NaN,NaN
8,NaN,NaN,NaN,NaN,NaN,NaN,NaN,NaN
9,NaN,NaN,NaN,NaN,NaN,NaN,NaN,NaN
10,NaN,NaN,NaN,NaN,NaN,NaN,NaN,NaN
11,NaN,NaN,NaN,NaN,NaN,NaN,NaN,NaN
1,NaN,NaN,NaN,NaN,NaN,NaN,NaN,NaN
2,NaN,NaN,NaN,NaN,NaN,NaN,NaN,NaN
3,NaN,NaN,NaN,NaN,NaN,NaN,NaN,NaN
4,NaN,NaN,NaN,NaN,NaN,NaN,NaN,NaN
5,NaN,NaN,NaN,NaN,NaN,NaN,NaN,NaN
6,NaN,NaN,NaN,NaN,NaN,NaN,NaN,NaN
7,NaN,NaN,NaN,NaN,NaN,NaN,NaN,NaN
8,NaN,NaN,NaN,NaN,NaN,NaN,NaN,NaN
9,NaN,NaN,NaN,NaN,NaN,NaN,NaN,NaN
10,NaN,NaN,NaN,NaN,NaN,NaN,NaN,NaN
11,NaN,NaN,NaN,NaN,NaN,NaN,NaN,NaN
1,NaN,NaN,NaN,NaN,NaN,NaN,NaN,NaN
2,NaN,NaN,NaN,NaN,NaN,NaN,NaN,NaN
3,NaN,NaN,NaN,NaN,NaN,NaN,NaN,NaN
4,NaN,NaN,NaN,NaN,NaN,NaN,NaN,NaN
5,NaN,NaN,NaN,NaN,NaN,NaN,NaN,NaN
6,NaN,NaN,NaN,NaN,NaN,NaN,NaN,NaN
7,NaN,NaN,NaN,NaN,NaN,NaN,NaN,NaN
8,NaN,NaN,NaN,NaN,NaN,NaN,NaN,NaN
9,NaN,NaN,NaN,NaN,NaN,NaN,NaN,NaN
10,NaN,NaN,NaN,NaN,NaN,NaN,NaN,NaN
11,NaN,NaN,NaN,NaN,NaN,NaN,NaN,NaN
1,NaN,NaN,NaN,NaN,NaN,NaN,NaN,NaN
2,NaN,NaN,NaN,NaN,NaN,NaN,NaN,NaN
3,NaN,NaN,NaN,NaN,NaN,NaN,NaN,NaN
4,NaN,NaN,NaN,NaN,NaN,NaN,NaN,NaN
5,NaN,NaN,NaN,NaN,NaN,NaN,NaN,NaN
6,NaN,NaN,NaN,NaN,NaN,NaN,NaN,NaN
7,NaN,NaN,NaN,NaN,NaN,NaN,NaN,NaN
8,NaN,NaN,NaN,NaN,NaN,NaN,NaN,NaN
9,NaN,NaN,NaN,NaN,NaN,NaN,NaN,NaN
10,NaN,NaN,NaN,NaN,NaN,NaN,NaN,NaN
11,NaN,NaN,NaN,NaN,NaN,NaN,NaN,NaN
1,NaN,NaN,NaN,NaN,NaN,NaN,NaN,NaN
2,NaN,NaN,NaN,NaN,NaN,NaN,NaN,NaN
3,NaN,NaN,NaN,NaN,NaN,NaN,NaN,NaN
4,NaN,NaN,NaN,NaN,NaN,NaN,NaN,NaN
5,NaN,NaN,NaN,NaN,NaN,NaN,NaN,NaN
6,NaN,NaN,NaN,NaN,NaN,NaN,NaN,NaN
7,NaN,NaN,NaN,NaN,NaN,NaN,NaN,NaN
8,NaN,NaN,NaN,NaN,NaN,NaN,NaN,NaN
9,NaN,NaN,NaN,NaN,NaN,NaN,NaN,NaN
10,NaN,NaN,NaN,NaN,NaN,NaN,NaN,NaN
11,NaN,NaN,NaN,NaN,NaN,NaN,NaN,NaN
1,NaN,NaN,NaN,NaN,NaN,NaN,NaN,NaN
2,NaN,NaN,NaN,NaN,NaN,NaN,NaN,NaN
3,NaN,NaN,NaN,NaN,NaN,NaN,NaN,NaN
4,NaN,NaN,NaN,NaN,NaN,NaN,NaN,NaN
5,NaN,NaN,NaN,NaN,NaN,NaN,NaN,NaN
6,NaN,NaN,NaN,NaN,NaN,NaN,NaN,NaN
7,NaN,NaN,NaN,NaN,NaN,NaN,NaN,NaN
8,NaN,NaN,NaN,NaN,NaN,NaN,NaN,NaN
9,NaN,NaN,NaN,NaN,NaN,NaN,NaN,NaN
10,NaN,NaN,NaN,NaN,NaN,NaN,NaN,NaN
11,NaN,NaN,NaN,NaN,NaN,NaN,NaN,NaN
1,NaN,NaN,NaN,NaN,NaN,NaN,NaN,NaN
2,NaN,NaN,NaN,NaN,NaN,NaN,NaN,NaN
3,NaN,NaN,NaN,NaN,NaN,NaN,NaN,NaN
4,NaN,NaN,NaN,NaN,NaN,NaN,NaN,NaN
5,NaN,NaN,NaN,NaN,NaN,NaN,NaN,NaN
6,NaN,NaN,NaN,NaN,NaN,NaN,NaN,NaN
7,NaN,NaN,NaN,NaN,NaN,NaN,NaN,NaN
8,NaN,NaN,NaN,NaN,NaN,NaN,NaN,NaN
9,NaN,NaN,NaN,NaN,NaN,NaN,NaN,NaN
10,NaN,NaN,NaN,NaN,NaN,NaN,NaN,NaN
11,NaN,NaN,NaN,NaN,NaN,NaN,NaN,NaN
1,NaN,NaN,NaN,NaN,NaN,NaN,NaN,NaN
2,NaN,NaN,NaN,NaN,NaN,NaN,NaN,NaN
3,NaN,NaN,NaN,NaN,NaN,NaN,NaN,NaN
4,NaN,NaN,NaN,NaN,NaN,NaN,NaN,NaN
5,NaN,NaN,NaN,NaN,NaN,NaN,NaN,NaN
6,NaN,NaN,NaN,NaN,NaN,NaN,NaN,NaN
7,NaN,NaN,NaN,NaN,NaN,NaN,NaN,NaN
8,NaN,NaN,NaN,NaN,NaN,NaN,NaN,NaN
9,NaN,NaN,NaN,NaN,NaN,NaN,NaN,NaN
10,NaN,NaN,NaN,NaN,NaN,NaN,NaN,NaN
11,NaN,NaN,NaN,NaN,NaN,NaN,NaN,NaN
1,NaN,NaN,NaN,NaN,NaN,NaN,NaN,NaN
2,NaN,NaN,NaN,NaN,NaN,NaN,NaN,NaN
3,NaN,NaN,NaN,NaN,NaN,NaN,NaN,NaN
4,NaN,NaN,NaN,NaN,NaN,NaN,NaN,NaN
5,NaN,NaN,NaN,NaN,NaN,NaN,NaN,NaN
6,NaN,NaN,NaN,NaN,NaN,NaN,NaN,NaN
7,NaN,NaN,NaN,NaN,NaN,NaN,NaN,NaN
8,NaN,NaN,NaN,NaN,NaN,NaN,NaN,NaN
9,NaN,NaN,NaN,NaN,NaN,NaN,NaN,NaN
10,NaN,NaN,NaN,NaN,NaN,NaN,NaN,NaN
11,NaN,NaN,NaN,NaN,NaN,NaN,NaN,NaN
1,NaN,NaN,NaN,NaN,NaN,NaN,NaN,NaN
2,NaN,NaN,NaN,NaN,NaN,NaN,NaN,NaN
3,NaN,NaN,NaN,NaN,NaN,NaN,NaN,NaN
4,NaN,NaN,NaN,NaN,NaN,NaN,NaN,NaN
5,NaN,NaN,NaN,NaN,NaN,NaN,NaN,NaN
6,NaN,NaN,NaN,NaN,NaN,NaN,NaN,NaN
7,NaN,NaN,NaN,NaN,NaN,NaN,NaN,NaN
8,NaN,NaN,NaN,NaN,NaN,NaN,NaN,NaN
9,NaN,NaN,NaN,NaN,NaN,NaN,NaN,NaN
10,NaN,NaN,NaN,NaN,NaN,NaN,NaN,NaN
11,NaN,NaN,NaN,NaN,NaN,NaN,NaN,NaN
1,NaN,NaN,NaN,NaN,NaN,NaN,NaN,NaN
2,NaN,NaN,NaN,NaN,NaN,NaN,NaN,NaN
3,NaN,NaN,NaN,NaN,NaN,NaN,NaN,NaN
4,NaN,NaN,NaN,NaN,NaN,NaN,NaN,NaN
5,NaN,NaN,NaN,NaN,NaN,NaN,NaN,NaN
6,NaN,NaN,NaN,NaN,NaN,NaN,NaN,NaN
7,NaN,NaN,NaN,NaN,NaN,NaN,NaN,NaN
8,NaN,NaN,NaN,NaN,NaN,NaN,NaN,NaN
9,NaN,NaN,NaN,NaN,NaN,NaN,NaN,NaN
10,NaN,NaN,NaN,NaN,NaN,NaN,NaN,NaN
11,NaN,NaN,NaN,NaN,NaN,NaN,NaN,NaN
1,NaN,NaN,NaN,NaN,NaN,NaN,NaN,NaN
2,NaN,NaN,NaN,NaN,NaN,NaN,NaN,NaN
3,NaN,NaN,NaN,NaN,NaN,NaN,NaN,NaN
4,NaN,NaN,NaN,NaN,NaN,NaN,NaN,NaN
5,NaN,NaN,NaN,NaN,NaN,NaN,NaN,NaN
6,NaN,NaN,NaN,NaN,NaN,NaN,NaN,NaN
7,NaN,NaN,NaN,NaN,NaN,NaN,NaN,NaN
8,NaN,NaN,NaN,NaN,NaN,NaN,NaN,NaN
9,NaN,NaN,NaN,NaN,NaN,NaN,NaN,NaN
10,NaN,NaN,NaN,NaN,NaN,NaN,NaN,NaN
11,NaN,NaN,NaN,NaN,NaN,NaN,NaN,NaN
1,NaN,NaN,NaN,NaN,NaN,NaN,NaN,NaN
2,NaN,NaN,NaN,NaN,NaN,NaN,NaN,NaN
3,NaN,NaN,NaN,NaN,NaN,NaN,NaN,NaN
4,NaN,NaN,NaN,NaN,NaN,NaN,NaN,NaN
5,NaN,NaN,NaN,NaN,NaN,NaN,NaN,NaN
6,NaN,NaN,NaN,NaN,NaN,NaN,NaN,NaN
7,NaN,NaN,NaN,NaN,NaN,NaN,NaN,NaN
8,NaN,NaN,NaN,NaN,NaN,NaN,NaN,NaN
9,NaN,NaN,NaN,NaN,NaN,NaN,NaN,NaN
10,NaN,NaN,NaN,NaN,NaN,NaN,NaN,NaN
11,NaN,NaN,NaN,NaN,NaN,NaN,NaN,NaN
1,NaN,NaN,NaN,NaN,NaN,NaN,NaN,NaN
2,NaN,NaN,NaN,NaN,NaN,NaN,NaN,NaN
3,NaN,NaN,NaN,NaN,NaN,NaN,NaN,NaN
4,NaN,NaN,NaN,NaN,NaN,NaN,NaN,NaN
5,NaN,NaN,NaN,NaN,NaN,NaN,NaN,NaN
6,NaN,NaN,NaN,NaN,NaN,NaN,NaN,NaN
7,NaN,NaN,NaN,NaN,NaN,NaN,NaN,NaN
8,NaN,NaN,NaN,NaN,NaN,NaN,NaN,NaN
9,NaN,NaN,NaN,NaN,NaN,NaN,NaN,NaN
10,NaN,NaN,NaN,NaN,NaN,NaN,NaN,NaN
11,NaN,NaN,NaN,NaN,NaN,NaN,NaN,NaN
1,NaN,NaN,NaN,NaN,NaN,NaN,NaN,NaN
2,NaN,NaN,NaN,NaN,NaN,NaN,NaN,NaN
3,NaN,NaN,NaN,NaN,NaN,NaN,NaN,NaN
4,NaN,NaN,NaN,NaN,NaN,NaN,NaN,NaN
5,NaN,NaN,NaN,NaN,NaN,NaN,NaN,NaN
6,NaN,NaN,NaN,NaN,NaN,NaN,NaN,NaN
7,NaN,NaN,NaN,NaN,NaN,NaN,NaN,NaN
8,NaN,NaN,NaN,NaN,NaN,NaN,NaN,NaN
9,NaN,NaN,NaN,NaN,NaN,NaN,NaN,NaN
10,NaN,NaN,NaN,NaN,NaN,NaN,NaN,NaN
11,NaN,NaN,NaN,NaN,NaN,NaN,NaN,NaN
1,NaN,NaN,NaN,NaN,NaN,NaN,NaN,NaN
2,NaN,NaN,NaN,NaN,NaN,NaN,NaN,NaN
3,NaN,NaN,NaN,NaN,NaN,NaN,NaN,NaN
4,NaN,NaN,NaN,NaN,NaN,NaN,NaN,NaN
5,NaN,NaN,NaN,NaN,NaN,NaN,NaN,NaN
6,NaN,NaN,NaN,NaN,NaN,NaN,NaN,NaN
7,NaN,NaN,NaN,NaN,NaN,NaN,NaN,NaN
8,NaN,NaN,NaN,NaN,NaN,NaN,NaN,NaN
9,NaN,NaN,NaN,NaN,NaN,NaN,NaN,NaN
10,NaN,NaN,NaN,NaN,NaN,NaN,NaN,NaN
11,NaN,NaN,NaN,NaN,NaN,NaN,NaN,NaN
1,NaN,NaN,NaN,NaN,NaN,NaN,NaN,NaN
2,NaN,NaN,NaN,NaN,NaN,NaN,NaN,NaN
3,NaN,NaN,NaN,NaN,NaN,NaN,NaN,NaN
4,NaN,NaN,NaN,NaN,NaN,NaN,NaN,NaN
5,NaN,NaN,NaN,NaN,NaN,NaN,NaN,NaN
6,NaN,NaN,NaN,NaN,NaN,NaN,NaN,NaN
7,NaN,NaN,NaN,NaN,NaN,NaN,NaN,NaN
8,NaN,NaN,NaN,NaN,NaN,NaN,NaN,NaN
9,NaN,NaN,NaN,NaN,NaN,NaN,NaN,NaN
10,NaN,NaN,NaN,NaN,NaN,NaN,NaN,NaN
11,NaN,NaN,NaN,NaN,NaN,NaN,NaN,NaN
1,NaN,NaN,NaN,NaN,NaN,NaN,NaN,NaN
2,NaN,NaN,NaN,NaN,NaN,NaN,NaN,NaN
3,NaN,NaN,NaN,NaN,NaN,NaN,NaN,NaN
4,NaN,NaN,NaN,NaN,NaN,NaN,NaN,NaN
5,NaN,NaN,NaN,NaN,NaN,NaN,NaN,NaN
6,NaN,NaN,NaN,NaN,NaN,NaN,NaN,NaN
7,NaN,NaN,NaN,NaN,NaN,NaN,NaN,NaN
8,NaN,NaN,NaN,NaN,NaN,NaN,NaN,NaN
9,NaN,NaN,NaN,NaN,NaN,NaN,NaN,NaN
10,NaN,NaN,NaN,NaN,NaN,NaN,NaN,NaN
11,NaN,NaN,NaN,NaN,NaN,NaN,NaN,NaN
1,NaN,NaN,NaN,NaN,NaN,NaN,NaN,NaN
2,NaN,NaN,NaN,NaN,NaN,NaN,NaN,NaN
3,NaN,NaN,NaN,NaN,NaN,NaN,NaN,NaN
4,NaN,NaN,NaN,NaN,NaN,NaN,NaN,NaN
5,NaN,NaN,NaN,NaN,NaN,NaN,NaN,NaN
6,NaN,NaN,NaN,NaN,NaN,NaN,NaN,NaN
7,NaN,NaN,NaN,NaN,NaN,NaN,NaN,NaN
8,NaN,NaN,NaN,NaN,NaN,NaN,NaN,NaN
9,NaN,NaN,NaN,NaN,NaN,NaN,NaN,NaN
10,NaN,NaN,NaN,NaN,NaN,NaN,NaN,NaN
11,NaN,NaN,NaN,NaN,NaN,NaN,NaN,NaN
1,NaN,NaN,NaN,NaN,NaN,NaN,NaN,NaN
2,NaN,NaN,NaN,NaN,NaN,NaN,NaN,NaN
3,NaN,NaN,NaN,NaN,NaN,NaN,NaN,NaN
4,NaN,NaN,NaN,NaN,NaN,NaN,NaN,NaN
5,NaN,NaN,NaN,NaN,NaN,NaN,NaN,NaN
6,NaN,NaN,NaN,NaN,NaN,NaN,NaN,NaN
7,NaN,NaN,NaN,NaN,NaN,NaN,NaN,NaN
8,NaN,NaN,NaN,NaN,NaN,NaN,NaN,NaN
9,NaN,NaN,NaN,NaN,NaN,NaN,NaN,NaN
10,NaN,NaN,NaN,NaN,NaN,NaN,NaN,NaN
11,NaN,NaN,NaN,NaN,NaN,NaN,NaN,NaN
1,NaN,NaN,NaN,NaN,NaN,NaN,NaN,NaN
2,NaN,NaN,NaN,NaN,NaN,NaN,NaN,NaN
3,NaN,NaN,NaN,NaN,NaN,NaN,NaN,NaN
4,NaN,NaN,NaN,NaN,NaN,NaN,NaN,NaN
5,NaN,NaN,NaN,NaN,NaN,NaN,NaN,NaN
6,NaN,NaN,NaN,NaN,NaN,NaN,NaN,NaN
7,NaN,NaN,NaN,NaN,NaN,NaN,NaN,NaN
8,NaN,NaN,NaN,NaN,NaN,NaN,NaN,NaN
9,NaN,NaN,NaN,NaN,NaN,NaN,NaN,NaN
10,NaN,NaN,NaN,NaN,NaN,NaN,NaN,NaN
11,NaN,NaN,NaN,NaN,NaN,NaN,NaN,NaN
1,NaN,NaN,NaN,NaN,NaN,NaN,NaN,NaN
2,NaN,NaN,NaN,NaN,NaN,NaN,NaN,NaN
3,NaN,NaN,NaN,NaN,NaN,NaN,NaN,NaN
4,NaN,NaN,NaN,NaN,NaN,NaN,NaN,NaN
5,NaN,NaN,NaN,NaN,NaN,NaN,NaN,NaN
6,NaN,NaN,NaN,NaN,NaN,NaN,NaN,NaN
7,NaN,NaN,NaN,NaN,NaN,NaN,NaN,NaN
8,NaN,NaN,NaN,NaN,NaN,NaN,NaN,NaN
9,NaN,NaN,NaN,NaN,NaN,NaN,NaN,NaN
10,NaN,NaN,NaN,NaN,NaN,NaN,NaN,NaN
11,NaN,NaN,NaN,NaN,NaN,NaN,NaN,NaN
1,NaN,NaN,NaN,NaN,NaN,NaN,NaN,NaN
2,NaN,NaN,NaN,NaN,NaN,NaN,NaN,NaN
3,NaN,NaN,NaN,NaN,NaN,NaN,NaN,NaN
4,NaN,NaN,NaN,NaN,NaN,NaN,NaN,NaN
5,NaN,NaN,NaN,NaN,NaN,NaN,NaN,NaN
6,NaN,NaN,NaN,NaN,NaN,NaN,NaN,NaN
7,NaN,NaN,NaN,NaN,NaN,NaN,NaN,NaN
8,NaN,NaN,NaN,NaN,NaN,NaN,NaN,NaN
9,NaN,NaN,NaN,NaN,NaN,NaN,NaN,NaN
10,NaN,NaN,NaN,NaN,NaN,NaN,NaN,NaN
11,NaN,NaN,NaN,NaN,NaN,NaN,NaN,NaN
1,NaN,NaN,NaN,NaN,NaN,NaN,NaN,NaN
2,NaN,NaN,NaN,NaN,NaN,NaN,NaN,NaN
3,NaN,NaN,NaN,NaN,NaN,NaN,NaN,NaN
4,NaN,NaN,NaN,NaN,NaN,NaN,NaN,NaN
5,NaN,NaN,NaN,NaN,NaN,NaN,NaN,NaN
6,NaN,NaN,NaN,NaN,NaN,NaN,NaN,NaN
7,NaN,NaN,NaN,NaN,NaN,NaN,NaN,NaN
8,NaN,NaN,NaN,NaN,NaN,NaN,NaN,NaN
9,NaN,NaN,NaN,NaN,NaN,NaN,NaN,NaN
10,NaN,NaN,NaN,NaN,NaN,NaN,NaN,NaN
11,NaN,NaN,NaN,NaN,NaN,NaN,NaN,NaN
1,NaN,NaN,NaN,NaN,NaN,NaN,NaN,NaN
2,NaN,NaN,NaN,NaN,NaN,NaN,NaN,NaN
3,NaN,NaN,NaN,NaN,NaN,NaN,NaN,NaN
4,NaN,NaN,NaN,NaN,NaN,NaN,NaN,NaN
5,NaN,NaN,NaN,NaN,NaN,NaN,NaN,NaN
6,NaN,NaN,NaN,NaN,NaN,NaN,NaN,NaN
7,NaN,NaN,NaN,NaN,NaN,NaN,NaN,NaN
8,NaN,NaN,NaN,NaN,NaN,NaN,NaN,NaN
9,NaN,NaN,NaN,NaN,NaN,NaN,NaN,NaN
10,NaN,NaN,NaN,NaN,NaN,NaN,NaN,NaN
11,NaN,NaN,NaN,NaN,NaN,NaN,NaN,NaN
1,NaN,NaN,NaN,NaN,NaN,NaN,NaN,NaN
2,NaN,NaN,NaN,NaN,NaN,NaN,NaN,NaN
3,NaN,NaN,NaN,NaN,NaN,NaN,NaN,NaN
4,NaN,NaN,NaN,NaN,NaN,NaN,NaN,NaN
5,NaN,NaN,NaN,NaN,NaN,NaN,NaN,NaN
6,NaN,NaN,NaN,NaN,NaN,NaN,NaN,NaN
7,NaN,NaN,NaN,NaN,NaN,NaN,NaN,NaN
8,NaN,NaN,NaN,NaN,NaN,NaN,NaN,NaN
9,NaN,NaN,NaN,NaN,NaN,NaN,NaN,NaN
10,NaN,NaN,NaN,NaN,NaN,NaN,NaN,NaN
11,NaN,NaN,NaN,NaN,NaN,NaN,NaN,NaN
1,NaN,NaN,NaN,NaN,NaN,NaN,NaN,NaN
2,NaN,NaN,NaN,NaN,NaN,NaN,NaN,NaN
3,NaN,NaN,NaN,NaN,NaN,NaN,NaN,NaN
4,NaN,NaN,NaN,NaN,NaN,NaN,NaN,NaN
5,NaN,NaN,NaN,NaN,NaN,NaN,NaN,NaN
6,NaN,NaN,NaN,NaN,NaN,NaN,NaN,NaN
7,NaN,NaN,NaN,NaN,NaN,NaN,NaN,NaN
8,NaN,NaN,NaN,NaN,NaN,NaN,NaN,NaN
9,NaN,NaN,NaN,NaN,NaN,NaN,NaN,NaN
10,NaN,NaN,NaN,NaN,NaN,NaN,NaN,NaN
11,NaN,NaN,NaN,NaN,NaN,NaN,NaN,NaN
1,NaN,NaN,NaN,NaN,NaN,NaN,NaN,NaN
2,NaN,NaN,NaN,NaN,NaN,NaN,NaN,NaN
3,NaN,NaN,NaN,NaN,NaN,NaN,NaN,NaN
4,NaN,NaN,NaN,NaN,NaN,NaN,NaN,NaN
5,NaN,NaN,NaN,NaN,NaN,NaN,NaN,NaN
6,NaN,NaN,NaN,NaN,NaN,NaN,NaN,NaN
7,NaN,NaN,NaN,NaN,NaN,NaN,NaN,NaN
8,NaN,NaN,NaN,NaN,NaN,NaN,NaN,NaN
9,NaN,NaN,NaN,NaN,NaN,NaN,NaN,NaN
10,NaN,NaN,NaN,NaN,NaN,NaN,NaN,NaN
11,NaN,NaN,NaN,NaN,NaN,NaN,NaN,NaN
1,NaN,NaN,NaN,NaN,NaN,NaN,NaN,NaN
2,NaN,NaN,NaN,NaN,NaN,NaN,NaN,NaN
3,NaN,NaN,NaN,NaN,NaN,NaN,NaN,NaN
4,NaN,NaN,NaN,NaN,NaN,NaN,NaN,NaN
5,NaN,NaN,NaN,NaN,NaN,NaN,NaN,NaN
6,NaN,NaN,NaN,NaN,NaN,NaN,NaN,NaN
7,NaN,NaN,NaN,NaN,NaN,NaN,NaN,NaN
8,NaN,NaN,NaN,NaN,NaN,NaN,NaN,NaN
9,NaN,NaN,NaN,NaN,NaN,NaN,NaN,NaN
10,NaN,NaN,NaN,NaN,NaN,NaN,NaN,NaN
11,NaN,NaN,NaN,NaN,NaN,NaN,NaN,NaN
1,NaN,NaN,NaN,NaN,NaN,NaN,NaN,NaN
2,NaN,NaN,NaN,NaN,NaN,NaN,NaN,NaN
3,NaN,NaN,NaN,NaN,NaN,NaN,NaN,NaN
4,NaN,NaN,NaN,NaN,NaN,NaN,NaN,NaN
5,NaN,NaN,NaN,NaN,NaN,NaN,NaN,NaN
6,NaN,NaN,NaN,NaN,NaN,NaN,NaN,NaN
7,NaN,NaN,NaN,NaN,NaN,NaN,NaN,NaN
8,NaN,NaN,NaN,NaN,NaN,NaN,NaN,NaN
9,NaN,NaN,NaN,NaN,NaN,NaN,NaN,NaN
10,NaN,NaN,NaN,NaN,NaN,NaN,NaN,NaN
11,NaN,NaN,NaN,NaN,NaN,NaN,NaN,NaN
1,NaN,NaN,NaN,NaN,NaN,NaN,NaN,NaN
2,NaN,NaN,NaN,NaN,NaN,NaN,NaN,NaN
3,NaN,NaN,NaN,NaN,NaN,NaN,NaN,NaN
4,NaN,NaN,NaN,NaN,NaN,NaN,NaN,NaN
5,NaN,NaN,NaN,NaN,NaN,NaN,NaN,NaN
6,NaN,NaN,NaN,NaN,NaN,NaN,NaN,NaN
7,NaN,NaN,NaN,NaN,NaN,NaN,NaN,NaN
8,NaN,NaN,NaN,NaN,NaN,NaN,NaN,NaN
9,NaN,NaN,NaN,NaN,NaN,NaN,NaN,NaN
10,NaN,NaN,NaN,NaN,NaN,NaN,NaN,NaN
11,NaN,NaN,NaN,NaN,NaN,NaN,NaN,NaN
1,NaN,NaN,NaN,NaN,NaN,NaN,NaN,NaN
2,NaN,NaN,NaN,NaN,NaN,NaN,NaN,NaN
3,NaN,NaN,NaN,NaN,NaN,NaN,NaN,NaN
4,NaN,NaN,NaN,NaN,NaN,NaN,NaN,NaN
5,NaN,NaN,NaN,NaN,NaN,NaN,NaN,NaN
6,NaN,NaN,NaN,NaN,NaN,NaN,NaN,NaN
7,NaN,NaN,NaN,NaN,NaN,NaN,NaN,NaN
8,NaN,NaN,NaN,NaN,NaN,NaN,NaN,NaN
9,NaN,NaN,NaN,NaN,NaN,NaN,NaN,NaN
10,NaN,NaN,NaN,NaN,NaN,NaN,NaN,NaN
11,NaN,NaN,NaN,NaN,NaN,NaN,NaN,NaN
1,NaN,NaN,NaN,NaN,NaN,NaN,NaN,NaN
2,NaN,NaN,NaN,NaN,NaN,NaN,NaN,NaN
3,NaN,NaN,NaN,NaN,NaN,NaN,NaN,NaN
4,NaN,NaN,NaN,NaN,NaN,NaN,NaN,NaN
5,NaN,NaN,NaN,NaN,NaN,NaN,NaN,NaN
6,NaN,NaN,NaN,NaN,NaN,NaN,NaN,NaN
7,NaN,NaN,NaN,NaN,NaN,NaN,NaN,NaN
8,NaN,NaN,NaN,NaN,NaN,NaN,NaN,NaN
9,NaN,NaN,NaN,NaN,NaN,NaN,NaN,NaN
10,NaN,NaN,NaN,NaN,NaN,NaN,NaN,NaN
11,NaN,NaN,NaN,NaN,NaN,NaN,NaN,NaN
1,NaN,NaN,NaN,NaN,NaN,NaN,NaN,NaN
2,NaN,NaN,NaN,NaN,NaN,NaN,NaN,NaN
3,NaN,NaN,NaN,NaN,NaN,NaN,NaN,NaN
4,NaN,NaN,NaN,NaN,NaN,NaN,NaN,NaN
5,NaN,NaN,NaN,NaN,NaN,NaN,NaN,NaN
6,NaN,NaN,NaN,NaN,NaN,NaN,NaN,NaN
7,NaN,NaN,NaN,NaN,NaN,NaN,NaN,NaN
8,NaN,NaN,NaN,NaN,NaN,NaN,NaN,NaN
9,NaN,NaN,NaN,NaN,NaN,NaN,NaN,NaN
10,NaN,NaN,NaN,NaN,NaN,NaN,NaN,NaN
11,NaN,NaN,NaN,NaN,NaN,NaN,NaN,NaN
1,NaN,NaN,NaN,NaN,NaN,NaN,NaN,NaN
2,NaN,NaN,NaN,NaN,NaN,NaN,NaN,NaN
3,NaN,NaN,NaN,NaN,NaN,NaN,NaN,NaN
4,NaN,NaN,NaN,NaN,NaN,NaN,NaN,NaN
5,NaN,NaN,NaN,NaN,NaN,NaN,NaN,NaN
6,NaN,NaN,NaN,NaN,NaN,NaN,NaN,NaN
7,NaN,NaN,NaN,NaN,NaN,NaN,NaN,NaN
8,NaN,NaN,NaN,NaN,NaN,NaN,NaN,NaN
9,NaN,NaN,NaN,NaN,NaN,NaN,NaN,NaN
10,NaN,NaN,NaN,NaN,NaN,NaN,NaN,NaN
11,NaN,NaN,NaN,NaN,NaN,NaN,NaN,NaN
1,NaN,NaN,NaN,NaN,NaN,NaN,NaN,NaN
2,NaN,NaN,NaN,NaN,NaN,NaN,NaN,NaN
3,NaN,NaN,NaN,NaN,NaN,NaN,NaN,NaN
4,NaN,NaN,NaN,NaN,NaN,NaN,NaN,NaN
5,NaN,NaN,NaN,NaN,NaN,NaN,NaN,NaN
6,NaN,NaN,NaN,NaN,NaN,NaN,NaN,NaN
7,NaN,NaN,NaN,NaN,NaN,NaN,NaN,NaN
8,NaN,NaN,NaN,NaN,NaN,NaN,NaN,NaN
9,NaN,NaN,NaN,NaN,NaN,NaN,NaN,NaN
10,NaN,NaN,NaN,NaN,NaN,NaN,NaN,NaN
11,NaN,NaN,NaN,NaN,NaN,NaN,NaN,NaN
1,NaN,NaN,NaN,NaN,NaN,NaN,NaN,NaN
2,NaN,NaN,NaN,NaN,NaN,NaN,NaN,NaN
3,NaN,NaN,NaN,NaN,NaN,NaN,NaN,NaN
4,NaN,NaN,NaN,NaN,NaN,NaN,NaN,NaN
5,NaN,NaN,NaN,NaN,NaN,NaN,NaN,NaN
6,NaN,NaN,NaN,NaN,NaN,NaN,NaN,NaN
7,NaN,NaN,NaN,NaN,NaN,NaN,NaN,NaN
8,NaN,NaN,NaN,NaN,NaN,NaN,NaN,NaN
9,NaN,NaN,NaN,NaN,NaN,NaN,NaN,NaN
10,NaN,NaN,NaN,NaN,NaN,NaN,NaN,NaN
11,NaN,NaN,NaN,NaN,NaN,NaN,NaN,NaN
1,NaN,NaN,NaN,NaN,NaN,NaN,NaN,NaN
2,NaN,NaN,NaN,NaN,NaN,NaN,NaN,NaN
3,NaN,NaN,NaN,NaN,NaN,NaN,NaN,NaN
4,NaN,NaN,NaN,NaN,NaN,NaN,NaN,NaN
5,NaN,NaN,NaN,NaN,NaN,NaN,NaN,NaN
6,NaN,NaN,NaN,NaN,NaN,NaN,NaN,NaN
7,NaN,NaN,NaN,NaN,NaN,NaN,NaN,NaN
8,NaN,NaN,NaN,NaN,NaN,NaN,NaN,NaN
9,NaN,NaN,NaN,NaN,NaN,NaN,NaN,NaN
10,NaN,NaN,NaN,NaN,NaN,NaN,NaN,NaN
11,NaN,NaN,NaN,NaN,NaN,NaN,NaN,NaN
1,NaN,NaN,NaN,NaN,NaN,NaN,NaN,NaN
2,NaN,NaN,NaN,NaN,NaN,NaN,NaN,NaN
3,NaN,NaN,NaN,NaN,NaN,NaN,NaN,NaN
4,NaN,NaN,NaN,NaN,NaN,NaN,NaN,NaN
5,NaN,NaN,NaN,NaN,NaN,NaN,NaN,NaN
6,NaN,NaN,NaN,NaN,NaN,NaN,NaN,NaN
7,NaN,NaN,NaN,NaN,NaN,NaN,NaN,NaN
8,NaN,NaN,NaN,NaN,NaN,NaN,NaN,NaN
9,NaN,NaN,NaN,NaN,NaN,NaN,NaN,NaN
10,NaN,NaN,NaN,NaN,NaN,NaN,NaN,NaN
11,NaN,NaN,NaN,NaN,NaN,NaN,NaN,NaN
1,NaN,NaN,NaN,NaN,NaN,NaN,NaN,NaN
2,NaN,NaN,NaN,NaN,NaN,NaN,NaN,NaN
3,NaN,NaN,NaN,NaN,NaN,NaN,NaN,NaN
4,NaN,NaN,NaN,NaN,NaN,NaN,NaN,NaN
5,NaN,NaN,NaN,NaN,NaN,NaN,NaN,NaN
6,NaN,NaN,NaN,NaN,NaN,NaN,NaN,NaN
7,NaN,NaN,NaN,NaN,NaN,NaN,NaN,NaN
8,NaN,NaN,NaN,NaN,NaN,NaN,NaN,NaN
9,NaN,NaN,NaN,NaN,NaN,NaN,NaN,NaN
10,NaN,NaN,NaN,NaN,NaN,NaN,NaN,NaN
11,NaN,NaN,NaN,NaN,NaN,NaN,NaN,NaN
1,NaN,NaN,NaN,NaN,NaN,NaN,NaN,NaN
2,NaN,NaN,NaN,NaN,NaN,NaN,NaN,NaN
3,NaN,NaN,NaN,NaN,NaN,NaN,NaN,NaN
4,NaN,NaN,NaN,NaN,NaN,NaN,NaN,NaN
5,NaN,NaN,NaN,NaN,NaN,NaN,NaN,NaN
6,NaN,NaN,NaN,NaN,NaN,NaN,NaN,NaN
7,NaN,NaN,NaN,NaN,NaN,NaN,NaN,NaN
8,NaN,NaN,NaN,NaN,NaN,NaN,NaN,NaN
9,NaN,NaN,NaN,NaN,NaN,NaN,NaN,NaN
10,NaN,NaN,NaN,NaN,NaN,NaN,NaN,NaN
11,NaN,NaN,NaN,NaN,NaN,NaN,NaN,NaN
1,NaN,NaN,NaN,NaN,NaN,NaN,NaN,NaN
2,NaN,NaN,NaN,NaN,NaN,NaN,NaN,NaN
3,NaN,NaN,NaN,NaN,NaN,NaN,NaN,NaN
4,NaN,NaN,NaN,NaN,NaN,NaN,NaN,NaN
5,NaN,NaN,NaN,NaN,NaN,NaN,NaN,NaN
6,NaN,NaN,NaN,NaN,NaN,NaN,NaN,NaN
7,NaN,NaN,NaN,NaN,NaN,NaN,NaN,NaN
8,NaN,NaN,NaN,NaN,NaN,NaN,NaN,NaN
9,NaN,NaN,NaN,NaN,NaN,NaN,NaN,NaN
10,NaN,NaN,NaN,NaN,NaN,NaN,NaN,NaN
11,NaN,NaN,NaN,NaN,NaN,NaN,NaN,NaN
1,NaN,NaN,NaN,NaN,NaN,NaN,NaN,NaN
2,NaN,NaN,NaN,NaN,NaN,NaN,NaN,NaN
3,NaN,NaN,NaN,NaN,NaN,NaN,NaN,NaN
4,NaN,NaN,NaN,NaN,NaN,NaN,NaN,NaN
5,NaN,NaN,NaN,NaN,NaN,NaN,NaN,NaN
6,NaN,NaN,NaN,NaN,NaN,NaN,NaN,NaN
7,NaN,NaN,NaN,NaN,NaN,NaN,NaN,NaN
8,NaN,NaN,NaN,NaN,NaN,NaN,NaN,NaN
9,NaN,NaN,NaN,NaN,NaN,NaN,NaN,NaN
10,NaN,NaN,NaN,NaN,NaN,NaN,NaN,NaN
11,NaN,NaN,NaN,NaN,NaN,NaN,NaN,NaN
1,NaN,NaN,NaN,NaN,NaN,NaN,NaN,NaN
2,NaN,NaN,NaN,NaN,NaN,NaN,NaN,NaN
3,NaN,NaN,NaN,NaN,NaN,NaN,NaN,NaN
4,NaN,NaN,NaN,NaN,NaN,NaN,NaN,NaN
5,NaN,NaN,NaN,NaN,NaN,NaN,NaN,NaN
6,NaN,NaN,NaN,NaN,NaN,NaN,NaN,NaN
7,NaN,NaN,NaN,NaN,NaN,NaN,NaN,NaN
8,NaN,NaN,NaN,NaN,NaN,NaN,NaN,NaN
9,NaN,NaN,NaN,NaN,NaN,NaN,NaN,NaN
10,NaN,NaN,NaN,NaN,NaN,NaN,NaN,NaN
11,NaN,NaN,NaN,NaN,NaN,NaN,NaN,NaN
1,NaN,NaN,NaN,NaN,NaN,NaN,NaN,NaN
2,NaN,NaN,NaN,NaN,NaN,NaN,NaN,NaN
3,NaN,NaN,NaN,NaN,NaN,NaN,NaN,NaN
4,NaN,NaN,NaN,NaN,NaN,NaN,NaN,NaN
5,NaN,NaN,NaN,NaN,NaN,NaN,NaN,NaN
6,NaN,NaN,NaN,NaN,NaN,NaN,NaN,NaN
7,NaN,NaN,NaN,NaN,NaN,NaN,NaN,NaN
8,NaN,NaN,NaN,NaN,NaN,NaN,NaN,NaN
9,NaN,NaN,NaN,NaN,NaN,NaN,NaN,NaN
10,NaN,NaN,NaN,NaN,NaN,NaN,NaN,NaN
11,NaN,NaN,NaN,NaN,NaN,NaN,NaN,NaN
1,NaN,NaN,NaN,NaN,NaN,NaN,NaN,NaN
2,NaN,NaN,NaN,NaN,NaN,NaN,NaN,NaN
3,NaN,NaN,NaN,NaN,NaN,NaN,NaN,NaN
4,NaN,NaN,NaN,NaN,NaN,NaN,NaN,NaN
5,NaN,NaN,NaN,NaN,NaN,NaN,NaN,NaN
6,NaN,NaN,NaN,NaN,NaN,NaN,NaN,NaN
7,NaN,NaN,NaN,NaN,NaN,NaN,NaN,NaN
8,NaN,NaN,NaN,NaN,NaN,NaN,NaN,NaN
9,NaN,NaN,NaN,NaN,NaN,NaN,NaN,NaN
10,NaN,NaN,NaN,NaN,NaN,NaN,NaN,NaN
11,NaN,NaN,NaN,NaN,NaN,NaN,NaN,NaN
1,NaN,NaN,NaN,NaN,NaN,NaN,NaN,NaN
2,NaN,NaN,NaN,NaN,NaN,NaN,NaN,NaN
3,NaN,NaN,NaN,NaN,NaN,NaN,NaN,NaN
4,NaN,NaN,NaN,NaN,NaN,NaN,NaN,NaN
5,NaN,NaN,NaN,NaN,NaN,NaN,NaN,NaN
6,NaN,NaN,NaN,NaN,NaN,NaN,NaN,NaN
7,NaN,NaN,NaN,NaN,NaN,NaN,NaN,NaN
8,NaN,NaN,NaN,NaN,NaN,NaN,NaN,NaN
9,NaN,NaN,NaN,NaN,NaN,NaN,NaN,NaN
10,NaN,NaN,NaN,NaN,NaN,NaN,NaN,NaN
11,NaN,NaN,NaN,NaN,NaN,NaN,NaN,NaN
1,NaN,NaN,NaN,NaN,NaN,NaN,NaN,NaN
2,NaN,NaN,NaN,NaN,NaN,NaN,NaN,NaN
3,NaN,NaN,NaN,NaN,NaN,NaN,NaN,NaN
4,NaN,NaN,NaN,NaN,NaN,NaN,NaN,NaN
5,NaN,NaN,NaN,NaN,NaN,NaN,NaN,NaN
6,NaN,NaN,NaN,NaN,NaN,NaN,NaN,NaN
7,NaN,NaN,NaN,NaN,NaN,NaN,NaN,NaN
8,NaN,NaN,NaN,NaN,NaN,NaN,NaN,NaN
9,NaN,NaN,NaN,NaN,NaN,NaN,NaN,NaN
10,NaN,NaN,NaN,NaN,NaN,NaN,NaN,NaN
11,NaN,NaN,NaN,NaN,NaN,NaN,NaN,NaN
1,NaN,NaN,NaN,NaN,NaN,NaN,NaN,NaN
2,NaN,NaN,NaN,NaN,NaN,NaN,NaN,NaN
3,NaN,NaN,NaN,NaN,NaN,NaN,NaN,NaN
4,NaN,NaN,NaN,NaN,NaN,NaN,NaN,NaN
5,NaN,NaN,NaN,NaN,NaN,NaN,NaN,NaN
6,NaN,NaN,NaN,NaN,NaN,NaN,NaN,NaN
7,NaN,NaN,NaN,NaN,NaN,NaN,NaN,NaN
8,NaN,NaN,NaN,NaN,NaN,NaN,NaN,NaN
9,NaN,NaN,NaN,NaN,NaN,NaN,NaN,NaN
10,NaN,NaN,NaN,NaN,NaN,NaN,NaN,NaN
11,NaN,NaN,NaN,NaN,NaN,NaN,NaN,NaN
1,NaN,NaN,NaN,NaN,NaN,NaN,NaN,NaN
2,NaN,NaN,NaN,NaN,NaN,NaN,NaN,NaN
3,NaN,NaN,NaN,NaN,NaN,NaN,NaN,NaN
4,NaN,NaN,NaN,NaN,NaN,NaN,NaN,NaN
5,NaN,NaN,NaN,NaN,NaN,NaN,NaN,NaN
6,NaN,NaN,NaN,NaN,NaN,NaN,NaN,NaN
7,NaN,NaN,NaN,NaN,NaN,NaN,NaN,NaN
8,NaN,NaN,NaN,NaN,NaN,NaN,NaN,NaN
9,NaN,NaN,NaN,NaN,NaN,NaN,NaN,NaN
10,NaN,NaN,NaN,NaN,NaN,NaN,NaN,NaN
11,NaN,NaN,NaN,NaN,NaN,NaN,NaN,NaN
1,NaN,NaN,NaN,NaN,NaN,NaN,NaN,NaN
2,NaN,NaN,NaN,NaN,NaN,NaN,NaN,NaN
3,NaN,NaN,NaN,NaN,NaN,NaN,NaN,NaN
4,NaN,NaN,NaN,NaN,NaN,NaN,NaN,NaN
5,NaN,NaN,NaN,NaN,NaN,NaN,NaN,NaN
6,NaN,NaN,NaN,NaN,NaN,NaN,NaN,NaN
7,NaN,NaN,NaN,NaN,NaN,NaN,NaN,NaN
8,NaN,NaN,NaN,NaN,NaN,NaN,NaN,NaN
9,NaN,NaN,NaN,NaN,NaN,NaN,NaN,NaN
10,NaN,NaN,NaN,NaN,NaN,NaN,NaN,NaN
11,NaN,NaN,NaN,NaN,NaN,NaN,NaN,NaN
1,NaN,NaN,NaN,NaN,NaN,NaN,NaN,NaN
2,NaN,NaN,NaN,NaN,NaN,NaN,NaN,NaN
3,NaN,NaN,NaN,NaN,NaN,NaN,NaN,NaN
4,NaN,NaN,NaN,NaN,NaN,NaN,NaN,NaN
5,NaN,NaN,NaN,NaN,NaN,NaN,NaN,NaN
6,NaN,NaN,NaN,NaN,NaN,NaN,NaN,NaN
7,NaN,NaN,NaN,NaN,NaN,NaN,NaN,NaN
8,NaN,NaN,NaN,NaN,NaN,NaN,NaN,NaN
9,NaN,NaN,NaN,NaN,NaN,NaN,NaN,NaN
10,NaN,NaN,NaN,NaN,NaN,NaN,NaN,NaN
11,NaN,NaN,NaN,NaN,NaN,NaN,NaN,NaN
1,NaN,NaN,NaN,NaN,NaN,NaN,NaN,NaN
2,NaN,NaN,NaN,NaN,NaN,NaN,NaN,NaN
3,NaN,NaN,NaN,NaN,NaN,NaN,NaN,NaN
4,NaN,NaN,NaN,NaN,NaN,NaN,NaN,NaN
5,NaN,NaN,NaN,NaN,NaN,NaN,NaN,NaN
6,NaN,NaN,NaN,NaN,NaN,NaN,NaN,NaN
7,NaN,NaN,NaN,NaN,NaN,NaN,NaN,NaN
8,NaN,NaN,NaN,NaN,NaN,NaN,NaN,NaN
9,NaN,NaN,NaN,NaN,NaN,NaN,NaN,NaN
10,NaN,NaN,NaN,NaN,NaN,NaN,NaN,NaN
11,NaN,NaN,NaN,NaN,NaN,NaN,NaN,NaN
1,NaN,NaN,NaN,NaN,NaN,NaN,NaN,NaN
2,NaN,NaN,NaN,NaN,NaN,NaN,NaN,NaN
3,NaN,NaN,NaN,NaN,NaN,NaN,NaN,NaN
4,NaN,NaN,NaN,NaN,NaN,NaN,NaN,NaN
5,NaN,NaN,NaN,NaN,NaN,NaN,NaN,NaN
6,NaN,NaN,NaN,NaN,NaN,NaN,NaN,NaN
7,NaN,NaN,NaN,NaN,NaN,NaN,NaN,NaN
8,NaN,NaN,NaN,NaN,NaN,NaN,NaN,NaN
9,NaN,NaN,NaN,NaN,NaN,NaN,NaN,NaN
10,NaN,NaN,NaN,NaN,NaN,NaN,NaN,NaN
11,NaN,NaN,NaN,NaN,NaN,NaN,NaN,NaN
1,NaN,NaN,NaN,NaN,NaN,NaN,NaN,NaN
2,NaN,NaN,NaN,NaN,NaN,NaN,NaN,NaN
3,NaN,NaN,NaN,NaN,NaN,NaN,NaN,NaN
4,NaN,NaN,NaN,NaN,NaN,NaN,NaN,NaN
5,NaN,NaN,NaN,NaN,NaN,NaN,NaN,NaN
6,NaN,NaN,NaN,NaN,NaN,NaN,NaN,NaN
7,NaN,NaN,NaN,NaN,NaN,NaN,NaN,NaN
8,NaN,NaN,NaN,NaN,NaN,NaN,NaN,NaN
9,NaN,NaN,NaN,NaN,NaN,NaN,NaN,NaN
10,NaN,NaN,NaN,NaN,NaN,NaN,NaN,NaN
11,NaN,NaN,NaN,NaN,NaN,NaN,NaN,NaN
1,NaN,NaN,NaN,NaN,NaN,NaN,NaN,NaN
2,NaN,NaN,NaN,NaN,NaN,NaN,NaN,NaN
3,NaN,NaN,NaN,NaN,NaN,NaN,NaN,NaN
4,NaN,NaN,NaN,NaN,NaN,NaN,NaN,NaN
5,NaN,NaN,NaN,NaN,NaN,NaN,NaN,NaN
6,NaN,NaN,NaN,NaN,NaN,NaN,NaN,NaN
7,NaN,NaN,NaN,NaN,NaN,NaN,NaN,NaN
8,NaN,NaN,NaN,NaN,NaN,NaN,NaN,NaN
9,NaN,NaN,NaN,NaN,NaN,NaN,NaN,NaN
10,NaN,NaN,NaN,NaN,NaN,NaN,NaN,NaN
11,NaN,NaN,NaN,NaN,NaN,NaN,NaN,NaN
1,NaN,NaN,NaN,NaN,NaN,NaN,NaN,NaN
2,NaN,NaN,NaN,NaN,NaN,NaN,NaN,NaN
3,NaN,NaN,NaN,NaN,NaN,NaN,NaN,NaN
4,NaN,NaN,NaN,NaN,NaN,NaN,NaN,NaN
5,NaN,NaN,NaN,NaN,NaN,NaN,NaN,NaN
6,NaN,NaN,NaN,NaN,NaN,NaN,NaN,NaN
7,NaN,NaN,NaN,NaN,NaN,NaN,NaN,NaN
8,NaN,NaN,NaN,NaN,NaN,NaN,NaN,NaN
9,NaN,NaN,NaN,NaN,NaN,NaN,NaN,NaN
10,NaN,NaN,NaN,NaN,NaN,NaN,NaN,NaN
11,NaN,NaN,NaN,NaN,NaN,NaN,NaN,NaN
1,NaN,NaN,NaN,NaN,NaN,NaN,NaN,NaN
2,NaN,NaN,NaN,NaN,NaN,NaN,NaN,NaN
3,NaN,NaN,NaN,NaN,NaN,NaN,NaN,NaN
4,NaN,NaN,NaN,NaN,NaN,NaN,NaN,NaN
5,NaN,NaN,NaN,NaN,NaN,NaN,NaN,NaN
6,NaN,NaN,NaN,NaN,NaN,NaN,NaN,NaN
7,NaN,NaN,NaN,NaN,NaN,NaN,NaN,NaN
8,NaN,NaN,NaN,NaN,NaN,NaN,NaN,NaN
9,NaN,NaN,NaN,NaN,NaN,NaN,NaN,NaN
10,NaN,NaN,NaN,NaN,NaN,NaN,NaN,NaN
11,NaN,NaN,NaN,NaN,NaN,NaN,NaN,NaN
1,NaN,NaN,NaN,NaN,NaN,NaN,NaN,NaN
2,NaN,NaN,NaN,NaN,NaN,NaN,NaN,NaN
3,NaN,NaN,NaN,NaN,NaN,NaN,NaN,NaN
4,NaN,NaN,NaN,NaN,NaN,NaN,NaN,NaN
5,NaN,NaN,NaN,NaN,NaN,NaN,NaN,NaN
6,NaN,NaN,NaN,NaN,NaN,NaN,NaN,NaN
7,NaN,NaN,NaN,NaN,NaN,NaN,NaN,NaN
8,NaN,NaN,NaN,NaN,NaN,NaN,NaN,NaN
9,NaN,NaN,NaN,NaN,NaN,NaN,NaN,NaN
10,NaN,NaN,NaN,NaN,NaN,NaN,NaN,NaN
11,NaN,NaN,NaN,NaN,NaN,NaN,NaN,NaN
1,NaN,NaN,NaN,NaN,NaN,NaN,NaN,NaN
2,NaN,NaN,NaN,NaN,NaN,NaN,NaN,NaN
3,NaN,NaN,NaN,NaN,NaN,NaN,NaN,NaN
4,NaN,NaN,NaN,NaN,NaN,NaN,NaN,NaN
5,NaN,NaN,NaN,NaN,NaN,NaN,NaN,NaN
6,NaN,NaN,NaN,NaN,NaN,NaN,NaN,NaN
7,NaN,NaN,NaN,NaN,NaN,NaN,NaN,NaN
8,NaN,NaN,NaN,NaN,NaN,NaN,NaN,NaN
9,NaN,NaN,NaN,NaN,NaN,NaN,NaN,NaN
10,NaN,NaN,NaN,NaN,NaN,NaN,NaN,NaN
11,NaN,NaN,NaN,NaN,NaN,NaN,NaN,NaN
1,NaN,NaN,NaN,NaN,NaN,NaN,NaN,NaN
2,NaN,NaN,NaN,NaN,NaN,NaN,NaN,NaN
3,NaN,NaN,NaN,NaN,NaN,NaN,NaN,NaN
4,NaN,NaN,NaN,NaN,NaN,NaN,NaN,NaN
5,NaN,NaN,NaN,NaN,NaN,NaN,NaN,NaN
6,NaN,NaN,NaN,NaN,NaN,NaN,NaN,NaN
7,NaN,NaN,NaN,NaN,NaN,NaN,NaN,NaN
8,NaN,NaN,NaN,NaN,NaN,NaN,NaN,NaN
9,NaN,NaN,NaN,NaN,NaN,NaN,NaN,NaN
10,NaN,NaN,NaN,NaN,NaN,NaN,NaN,NaN
11,NaN,NaN,NaN,NaN,NaN,NaN,NaN,NaN
1,NaN,NaN,NaN,NaN,NaN,NaN,NaN,NaN
2,NaN,NaN,NaN,NaN,NaN,NaN,NaN,NaN
3,NaN,NaN,NaN,NaN,NaN,NaN,NaN,NaN
4,NaN,NaN,NaN,NaN,NaN,NaN,NaN,NaN
5,NaN,NaN,NaN,NaN,NaN,NaN,NaN,NaN
6,NaN,NaN,NaN,NaN,NaN,NaN,NaN,NaN
7,NaN,NaN,NaN,NaN,NaN,NaN,NaN,NaN
8,NaN,NaN,NaN,NaN,NaN,NaN,NaN,NaN
9,NaN,NaN,NaN,NaN,NaN,NaN,NaN,NaN
10,NaN,NaN,NaN,NaN,NaN,NaN,NaN,NaN
11,NaN,NaN,NaN,NaN,NaN,NaN,NaN,NaN
1,NaN,NaN,NaN,NaN,NaN,NaN,NaN,NaN
2,NaN,NaN,NaN,NaN,NaN,NaN,NaN,NaN
3,NaN,NaN,NaN,NaN,NaN,NaN,NaN,NaN
4,NaN,NaN,NaN,NaN,NaN,NaN,NaN,NaN
5,NaN,NaN,NaN,NaN,NaN,NaN,NaN,NaN
6,NaN,NaN,NaN,NaN,NaN,NaN,NaN,NaN
7,NaN,NaN,NaN,NaN,NaN,NaN,NaN,NaN
8,NaN,NaN,NaN,NaN,NaN,NaN,NaN,NaN
9,NaN,NaN,NaN,NaN,NaN,NaN,NaN,NaN
10,NaN,NaN,NaN,NaN,NaN,NaN,NaN,NaN
11,NaN,NaN,NaN,NaN,NaN,NaN,NaN,NaN
1,NaN,NaN,NaN,NaN,NaN,NaN,NaN,NaN
2,NaN,NaN,NaN,NaN,NaN,NaN,NaN,NaN
3,NaN,NaN,NaN,NaN,NaN,NaN,NaN,NaN
4,NaN,NaN,NaN,NaN,NaN,NaN,NaN,NaN
5,NaN,NaN,NaN,NaN,NaN,NaN,NaN,NaN
6,NaN,NaN,NaN,NaN,NaN,NaN,NaN,NaN
7,NaN,NaN,NaN,NaN,NaN,NaN,NaN,NaN
8,NaN,NaN,NaN,NaN,NaN,NaN,NaN,NaN
9,NaN,NaN,NaN,NaN,NaN,NaN,NaN,NaN
10,NaN,NaN,NaN,NaN,NaN,NaN,NaN,NaN
11,NaN,NaN,NaN,NaN,NaN,NaN,NaN,NaN
1,NaN,NaN,NaN,NaN,NaN,NaN,NaN,NaN
2,NaN,NaN,NaN,NaN,NaN,NaN,NaN,NaN
3,NaN,NaN,NaN,NaN,NaN,NaN,NaN,NaN
4,NaN,NaN,NaN,NaN,NaN,NaN,NaN,NaN
5,NaN,NaN,NaN,NaN,NaN,NaN,NaN,NaN
6,NaN,NaN,NaN,NaN,NaN,NaN,NaN,NaN
7,NaN,NaN,NaN,NaN,NaN,NaN,NaN,NaN
8,NaN,NaN,NaN,NaN,NaN,NaN,NaN,NaN
9,NaN,NaN,NaN,NaN,NaN,NaN,NaN,NaN
10,NaN,NaN,NaN,NaN,NaN,NaN,NaN,NaN
11,NaN,NaN,NaN,NaN,NaN,NaN,NaN,NaN
1,NaN,NaN,NaN,NaN,NaN,NaN,NaN,NaN
2,NaN,NaN,NaN,NaN,NaN,NaN,NaN,NaN
3,NaN,NaN,NaN,NaN,NaN,NaN,NaN,NaN
4,NaN,NaN,NaN,NaN,NaN,NaN,NaN,NaN
5,NaN,NaN,NaN,NaN,NaN,NaN,NaN,NaN
6,NaN,NaN,NaN,NaN,NaN,NaN,NaN,NaN
7,NaN,NaN,NaN,NaN,NaN,NaN,NaN,NaN
8,NaN,NaN,NaN,NaN,NaN,NaN,NaN,NaN
9,NaN,NaN,NaN,NaN,NaN,NaN,NaN,NaN
10,NaN,NaN,NaN,NaN,NaN,NaN,NaN,NaN
11,NaN,NaN,NaN,NaN,NaN,NaN,NaN,NaN
1,NaN,NaN,NaN,NaN,NaN,NaN,NaN,NaN
2,NaN,NaN,NaN,NaN,NaN,NaN,NaN,NaN
3,NaN,NaN,NaN,NaN,NaN,NaN,NaN,NaN
4,NaN,NaN,NaN,NaN,NaN,NaN,NaN,NaN
5,NaN,NaN,NaN,NaN,NaN,NaN,NaN,NaN
6,NaN,NaN,NaN,NaN,NaN,NaN,NaN,NaN
7,NaN,NaN,NaN,NaN,NaN,NaN,NaN,NaN
8,NaN,NaN,NaN,NaN,NaN,NaN,NaN,NaN
9,NaN,NaN,NaN,NaN,NaN,NaN,NaN,NaN
10,NaN,NaN,NaN,NaN,NaN,NaN,NaN,NaN
11,NaN,NaN,NaN,NaN,NaN,NaN,NaN,NaN
1,NaN,NaN,NaN,NaN,NaN,NaN,NaN,NaN
2,NaN,NaN,NaN,NaN,NaN,NaN,NaN,NaN
3,NaN,NaN,NaN,NaN,NaN,NaN,NaN,NaN
4,NaN,NaN,NaN,NaN,NaN,NaN,NaN,NaN
5,NaN,NaN,NaN,NaN,NaN,NaN,NaN,NaN
6,NaN,NaN,NaN,NaN,NaN,NaN,NaN,NaN
7,NaN,NaN,NaN,NaN,NaN,NaN,NaN,NaN
8,NaN,NaN,NaN,NaN,NaN,NaN,NaN,NaN
9,NaN,NaN,NaN,NaN,NaN,NaN,NaN,NaN
10,NaN,NaN,NaN,NaN,NaN,NaN,NaN,NaN
11,NaN,NaN,NaN,NaN,NaN,NaN,NaN,NaN
1,NaN,NaN,NaN,NaN,NaN,NaN,NaN,NaN
2,NaN,NaN,NaN,NaN,NaN,NaN,NaN,NaN
3,NaN,NaN,NaN,NaN,NaN,NaN,NaN,NaN
4,NaN,NaN,NaN,NaN,NaN,NaN,NaN,NaN
5,NaN,NaN,NaN,NaN,NaN,NaN,NaN,NaN
6,NaN,NaN,NaN,NaN,NaN,NaN,NaN,NaN
7,NaN,NaN,NaN,NaN,NaN,NaN,NaN,NaN
8,NaN,NaN,NaN,NaN,NaN,NaN,NaN,NaN
9,NaN,NaN,NaN,NaN,NaN,NaN,NaN,NaN
10,NaN,NaN,NaN,NaN,NaN,NaN,NaN,NaN
11,NaN,NaN,NaN,NaN,NaN,NaN,NaN,NaN
1,NaN,NaN,NaN,NaN,NaN,NaN,NaN,NaN
2,NaN,NaN,NaN,NaN,NaN,NaN,NaN,NaN
3,NaN,NaN,NaN,NaN,NaN,NaN,NaN,NaN
4,NaN,NaN,NaN,NaN,NaN,NaN,NaN,NaN
5,NaN,NaN,NaN,NaN,NaN,NaN,NaN,NaN
6,NaN,NaN,NaN,NaN,NaN,NaN,NaN,NaN
7,NaN,NaN,NaN,NaN,NaN,NaN,NaN,NaN
8,NaN,NaN,NaN,NaN,NaN,NaN,NaN,NaN
9,NaN,NaN,NaN,NaN,NaN,NaN,NaN,NaN
10,NaN,NaN,NaN,NaN,NaN,NaN,NaN,NaN
11,NaN,NaN,NaN,NaN,NaN,NaN,NaN,NaN
1,NaN,NaN,NaN,NaN,NaN,NaN,NaN,NaN
2,NaN,NaN,NaN,NaN,NaN,NaN,NaN,NaN
3,NaN,NaN,NaN,NaN,NaN,NaN,NaN,NaN
4,NaN,NaN,NaN,NaN,NaN,NaN,NaN,NaN
5,NaN,NaN,NaN,NaN,NaN,NaN,NaN,NaN
6,NaN,NaN,NaN,NaN,NaN,NaN,NaN,NaN
7,NaN,NaN,NaN,NaN,NaN,NaN,NaN,NaN
8,NaN,NaN,NaN,NaN,NaN,NaN,NaN,NaN
9,NaN,NaN,NaN,NaN,NaN,NaN,NaN,NaN
10,NaN,NaN,NaN,NaN,NaN,NaN,NaN,NaN
11,NaN,NaN,NaN,NaN,NaN,NaN,NaN,NaN
1,NaN,NaN,NaN,NaN,NaN,NaN,NaN,NaN
2,NaN,NaN,NaN,NaN,NaN,NaN,NaN,NaN
3,NaN,NaN,NaN,NaN,NaN,NaN,NaN,NaN
4,NaN,NaN,NaN,NaN,NaN,NaN,NaN,NaN
5,NaN,NaN,NaN,NaN,NaN,NaN,NaN,NaN
6,NaN,NaN,NaN,NaN,NaN,NaN,NaN,NaN
7,NaN,NaN,NaN,NaN,NaN,NaN,NaN,NaN
8,NaN,NaN,NaN,NaN,NaN,NaN,NaN,NaN
9,NaN,NaN,NaN,NaN,NaN,NaN,NaN,NaN
10,NaN,NaN,NaN,NaN,NaN,NaN,NaN,NaN
11,NaN,NaN,NaN,NaN,NaN,NaN,NaN,NaN
1,NaN,NaN,NaN,NaN,NaN,NaN,NaN,NaN
2,NaN,NaN,NaN,NaN,NaN,NaN,NaN,NaN
3,NaN,NaN,NaN,NaN,NaN,NaN,NaN,NaN
4,NaN,NaN,NaN,NaN,NaN,NaN,NaN,NaN
5,NaN,NaN,NaN,NaN,NaN,NaN,NaN,NaN
6,NaN,NaN,NaN,NaN,NaN,NaN,NaN,NaN
7,NaN,NaN,NaN,NaN,NaN,NaN,NaN,NaN
8,NaN,NaN,NaN,NaN,NaN,NaN,NaN,NaN
9,NaN,NaN,NaN,NaN,NaN,NaN,NaN,NaN
10,NaN,NaN,NaN,NaN,NaN,NaN,NaN,NaN
11,NaN,NaN,NaN,NaN,NaN,NaN,NaN,NaN
1,NaN,NaN,NaN,NaN,NaN,NaN,NaN,NaN
2,NaN,NaN,NaN,NaN,NaN,NaN,NaN,NaN
3,NaN,NaN,NaN,NaN,NaN,NaN,NaN,NaN
4,NaN,NaN,NaN,NaN,NaN,NaN,NaN,NaN
5,NaN,NaN,NaN,NaN,NaN,NaN,NaN,NaN
6,NaN,NaN,NaN,NaN,NaN,NaN,NaN,NaN
7,NaN,NaN,NaN,NaN,NaN,NaN,NaN,NaN
8,NaN,NaN,NaN,NaN,NaN,NaN,NaN,NaN
9,NaN,NaN,NaN,NaN,NaN,NaN,NaN,NaN
10,NaN,NaN,NaN,NaN,NaN,NaN,NaN,NaN
11,NaN,NaN,NaN,NaN,NaN,NaN,NaN,NaN
1,NaN,NaN,NaN,NaN,NaN,NaN,NaN,NaN
2,NaN,NaN,NaN,NaN,NaN,NaN,NaN,NaN
3,NaN,NaN,NaN,NaN,NaN,NaN,NaN,NaN
4,NaN,NaN,NaN,NaN,NaN,NaN,NaN,NaN
5,NaN,NaN,NaN,NaN,NaN,NaN,NaN,NaN
6,NaN,NaN,NaN,NaN,NaN,NaN,NaN,NaN
7,NaN,NaN,NaN,NaN,NaN,NaN,NaN,NaN
8,NaN,NaN,NaN,NaN,NaN,NaN,NaN,NaN
9,NaN,NaN,NaN,NaN,NaN,NaN,NaN,NaN
10,NaN,NaN,NaN,NaN,NaN,NaN,NaN,NaN
11,NaN,NaN,NaN,NaN,NaN,NaN,NaN,NaN
1,NaN,NaN,NaN,NaN,NaN,NaN,NaN,NaN
2,NaN,NaN,NaN,NaN,NaN,NaN,NaN,NaN
3,NaN,NaN,NaN,NaN,NaN,NaN,NaN,NaN
4,NaN,NaN,NaN,NaN,NaN,NaN,NaN,NaN
5,NaN,NaN,NaN,NaN,NaN,NaN,NaN,NaN
6,NaN,NaN,NaN,NaN,NaN,NaN,NaN,NaN
7,NaN,NaN,NaN,NaN,NaN,NaN,NaN,NaN
8,NaN,NaN,NaN,NaN,NaN,NaN,NaN,NaN
9,NaN,NaN,NaN,NaN,NaN,NaN,NaN,NaN
10,NaN,NaN,NaN,NaN,NaN,NaN,NaN,NaN
11,NaN,NaN,NaN,NaN,NaN,NaN,NaN,NaN
1,NaN,NaN,NaN,NaN,NaN,NaN,NaN,NaN
2,NaN,NaN,NaN,NaN,NaN,NaN,NaN,NaN
3,NaN,NaN,NaN,NaN,NaN,NaN,NaN,NaN
4,NaN,NaN,NaN,NaN,NaN,NaN,NaN,NaN
5,NaN,NaN,NaN,NaN,NaN,NaN,NaN,NaN
6,NaN,NaN,NaN,NaN,NaN,NaN,NaN,NaN
7,NaN,NaN,NaN,NaN,NaN,NaN,NaN,NaN
8,NaN,NaN,NaN,NaN,NaN,NaN,NaN,NaN
9,NaN,NaN,NaN,NaN,NaN,NaN,NaN,NaN
10,NaN,NaN,NaN,NaN,NaN,NaN,NaN,NaN
11,NaN,NaN,NaN,NaN,NaN,NaN,NaN,NaN
1,NaN,NaN,NaN,NaN,NaN,NaN,NaN,NaN
2,NaN,NaN,NaN,NaN,NaN,NaN,NaN,NaN
3,NaN,NaN,NaN,NaN,NaN,NaN,NaN,NaN
4,NaN,NaN,NaN,NaN,NaN,NaN,NaN,NaN
5,NaN,NaN,NaN,NaN,NaN,NaN,NaN,NaN
6,NaN,NaN,NaN,NaN,NaN,NaN,NaN,NaN
7,NaN,NaN,NaN,NaN,NaN,NaN,NaN,NaN
8,NaN,NaN,NaN,NaN,NaN,NaN,NaN,NaN
9,NaN,NaN,NaN,NaN,NaN,NaN,NaN,NaN
10,NaN,NaN,NaN,NaN,NaN,NaN,NaN,NaN
11,NaN,NaN,NaN,NaN,NaN,NaN,NaN,NaN
1,NaN,NaN,NaN,NaN,NaN,NaN,NaN,NaN
2,NaN,NaN,NaN,NaN,NaN,NaN,NaN,NaN
3,NaN,NaN,NaN,NaN,NaN,NaN,NaN,NaN
4,NaN,NaN,NaN,NaN,NaN,NaN,NaN,NaN
5,NaN,NaN,NaN,NaN,NaN,NaN,NaN,NaN
6,NaN,NaN,NaN,NaN,NaN,NaN,NaN,NaN
7,NaN,NaN,NaN,NaN,NaN,NaN,NaN,NaN
8,NaN,NaN,NaN,NaN,NaN,NaN,NaN,NaN
9,NaN,NaN,NaN,NaN,NaN,NaN,NaN,NaN
10,NaN,NaN,NaN,NaN,NaN,NaN,NaN,NaN
11,NaN,NaN,NaN,NaN,NaN,NaN,NaN,NaN
1,NaN,NaN,NaN,NaN,NaN,NaN,NaN,NaN
2,NaN,NaN,NaN,NaN,NaN,NaN,NaN,NaN
3,NaN,NaN,NaN,NaN,NaN,NaN,NaN,NaN
4,NaN,NaN,NaN,NaN,NaN,NaN,NaN,NaN
5,NaN,NaN,NaN,NaN,NaN,NaN,NaN,NaN
6,NaN,NaN,NaN,NaN,NaN,NaN,NaN,NaN
7,NaN,NaN,NaN,NaN,NaN,NaN,NaN,NaN
8,NaN,NaN,NaN,NaN,NaN,NaN,NaN,NaN
9,NaN,NaN,NaN,NaN,NaN,NaN,NaN,NaN
10,NaN,NaN,NaN,NaN,NaN,NaN,NaN,NaN
11,NaN,NaN,NaN,NaN,NaN,NaN,NaN,NaN
1,NaN,NaN,NaN,NaN,NaN,NaN,NaN,NaN
2,NaN,NaN,NaN,NaN,NaN,NaN,NaN,NaN
3,NaN,NaN,NaN,NaN,NaN,NaN,NaN,NaN
4,NaN,NaN,NaN,NaN,NaN,NaN,NaN,NaN
5,NaN,NaN,NaN,NaN,NaN,NaN,NaN,NaN
6,NaN,NaN,NaN,NaN,NaN,NaN,NaN,NaN
7,NaN,NaN,NaN,NaN,NaN,NaN,NaN,NaN
8,NaN,NaN,NaN,NaN,NaN,NaN,NaN,NaN
9,NaN,NaN,NaN,NaN,NaN,NaN,NaN,NaN
10,NaN,NaN,NaN,NaN,NaN,NaN,NaN,NaN
11,NaN,NaN,NaN,NaN,NaN,NaN,NaN,NaN
1,NaN,NaN,NaN,NaN,NaN,NaN,NaN,NaN
2,NaN,NaN,NaN,NaN,NaN,NaN,NaN,NaN
3,NaN,NaN,NaN,NaN,NaN,NaN,NaN,NaN
4,NaN,NaN,NaN,NaN,NaN,NaN,NaN,NaN
5,NaN,NaN,NaN,NaN,NaN,NaN,NaN,NaN
6,NaN,NaN,NaN,NaN,NaN,NaN,NaN,NaN
7,NaN,NaN,NaN,NaN,NaN,NaN,NaN,NaN
8,NaN,NaN,NaN,NaN,NaN,NaN,NaN,NaN
9,NaN,NaN,NaN,NaN,NaN,NaN,NaN,NaN
10,NaN,NaN,NaN,NaN,NaN,NaN,NaN,NaN
11,NaN,NaN,NaN,NaN,NaN,NaN,NaN,NaN
1,NaN,NaN,NaN,NaN,NaN,NaN,NaN,NaN
2,NaN,NaN,NaN,NaN,NaN,NaN,NaN,NaN
3,NaN,NaN,NaN,NaN,NaN,NaN,NaN,NaN
4,NaN,NaN,NaN,NaN,NaN,NaN,NaN,NaN
5,NaN,NaN,NaN,NaN,NaN,NaN,NaN,NaN
6,NaN,NaN,NaN,NaN,NaN,NaN,NaN,NaN
7,NaN,NaN,NaN,NaN,NaN,NaN,NaN,NaN
8,NaN,NaN,NaN,NaN,NaN,NaN,NaN,NaN
9,NaN,NaN,NaN,NaN,NaN,NaN,NaN,NaN
10,NaN,NaN,NaN,NaN,NaN,NaN,NaN,NaN
11,NaN,NaN,NaN,NaN,NaN,NaN,NaN,NaN
1,NaN,NaN,NaN,NaN,NaN,NaN,NaN,NaN
2,NaN,NaN,NaN,NaN,NaN,NaN,NaN,NaN
3,NaN,NaN,NaN,NaN,NaN,NaN,NaN,NaN
4,NaN,NaN,NaN,NaN,NaN,NaN,NaN,NaN
5,NaN,NaN,NaN,NaN,NaN,NaN,NaN,NaN
6,NaN,NaN,NaN,NaN,NaN,NaN,NaN,NaN
7,NaN,NaN,NaN,NaN,NaN,NaN,NaN,NaN
8,NaN,NaN,NaN,NaN,NaN,NaN,NaN,NaN
9,NaN,NaN,NaN,NaN,NaN,NaN,NaN,NaN
10,NaN,NaN,NaN,NaN,NaN,NaN,NaN,NaN
11,NaN,NaN,NaN,NaN,NaN,NaN,NaN,NaN
1,NaN,NaN,NaN,NaN,NaN,NaN,NaN,NaN
2,NaN,NaN,NaN,NaN,NaN,NaN,NaN,NaN
3,NaN,NaN,NaN,NaN,NaN,NaN,NaN,NaN
4,NaN,NaN,NaN,NaN,NaN,NaN,NaN,NaN
5,NaN,NaN,NaN,NaN,NaN,NaN,NaN,NaN
6,NaN,NaN,NaN,NaN,NaN,NaN,NaN,NaN
7,NaN,NaN,NaN,NaN,NaN,NaN,NaN,NaN
8,NaN,NaN,NaN,NaN,NaN,NaN,NaN,NaN
9,NaN,NaN,NaN,NaN,NaN,NaN,NaN,NaN
10,NaN,NaN,NaN,NaN,NaN,NaN,NaN,NaN
11,NaN,NaN,NaN,NaN,NaN,NaN,NaN,NaN
1,NaN,NaN,NaN,NaN,NaN,NaN,NaN,NaN
2,NaN,NaN,NaN,NaN,NaN,NaN,NaN,NaN
3,NaN,NaN,NaN,NaN,NaN,NaN,NaN,NaN
4,NaN,NaN,NaN,NaN,NaN,NaN,NaN,NaN
5,NaN,NaN,NaN,NaN,NaN,NaN,NaN,NaN
6,NaN,NaN,NaN,NaN,NaN,NaN,NaN,NaN
7,NaN,NaN,NaN,NaN,NaN,NaN,NaN,NaN
8,NaN,NaN,NaN,NaN,NaN,NaN,NaN,NaN
9,NaN,NaN,NaN,NaN,NaN,NaN,NaN,NaN
10,NaN,NaN,NaN,NaN,NaN,NaN,NaN,NaN
11,NaN,NaN,NaN,NaN,NaN,NaN,NaN,NaN
1,NaN,NaN,NaN,NaN,NaN,NaN,NaN,NaN
2,NaN,NaN,NaN,NaN,NaN,NaN,NaN,NaN
3,NaN,NaN,NaN,NaN,NaN,NaN,NaN,NaN
4,NaN,NaN,NaN,NaN,NaN,NaN,NaN,NaN
5,NaN,NaN,NaN,NaN,NaN,NaN,NaN,NaN
6,NaN,NaN,NaN,NaN,NaN,NaN,NaN,NaN
7,NaN,NaN,NaN,NaN,NaN,NaN,NaN,NaN
8,NaN,NaN,NaN,NaN,NaN,NaN,NaN,NaN
9,NaN,NaN,NaN,NaN,NaN,NaN,NaN,NaN
10,NaN,NaN,NaN,NaN,NaN,NaN,NaN,NaN
11,NaN,NaN,NaN,NaN,NaN,NaN,NaN,NaN
1,NaN,NaN,NaN,NaN,NaN,NaN,NaN,NaN
2,NaN,NaN,NaN,NaN,NaN,NaN,NaN,NaN
3,NaN,NaN,NaN,NaN,NaN,NaN,NaN,NaN
4,NaN,NaN,NaN,NaN,NaN,NaN,NaN,NaN
5,NaN,NaN,NaN,NaN,NaN,NaN,NaN,NaN
6,NaN,NaN,NaN,NaN,NaN,NaN,NaN,NaN
7,NaN,NaN,NaN,NaN,NaN,NaN,NaN,NaN
8,NaN,NaN,NaN,NaN,NaN,NaN,NaN,NaN
9,NaN,NaN,NaN,NaN,NaN,NaN,NaN,NaN
10,NaN,NaN,NaN,NaN,NaN,NaN,NaN,NaN
11,NaN,NaN,NaN,NaN,NaN,NaN,NaN,NaN
1,NaN,NaN,NaN,NaN,NaN,NaN,NaN,NaN
2,NaN,NaN,NaN,NaN,NaN,NaN,NaN,NaN
3,NaN,NaN,NaN,NaN,NaN,NaN,NaN,NaN
4,NaN,NaN,NaN,NaN,NaN,NaN,NaN,NaN
5,NaN,NaN,NaN,NaN,NaN,NaN,NaN,NaN
6,NaN,NaN,NaN,NaN,NaN,NaN,NaN,NaN
7,NaN,NaN,NaN,NaN,NaN,NaN,NaN,NaN
8,NaN,NaN,NaN,NaN,NaN,NaN,NaN,NaN
9,NaN,NaN,NaN,NaN,NaN,NaN,NaN,NaN
10,NaN,NaN,NaN,NaN,NaN,NaN,NaN,NaN
11,NaN,NaN,NaN,NaN,NaN,NaN,NaN,NaN
1,NaN,NaN,NaN,NaN,NaN,NaN,NaN,NaN
2,NaN,NaN,NaN,NaN,NaN,NaN,NaN,NaN
3,NaN,NaN,NaN,NaN,NaN,NaN,NaN,NaN
4,NaN,NaN,NaN,NaN,NaN,NaN,NaN,NaN
5,NaN,NaN,NaN,NaN,NaN,NaN,NaN,NaN
6,NaN,NaN,NaN,NaN,NaN,NaN,NaN,NaN
7,NaN,NaN,NaN,NaN,NaN,NaN,NaN,NaN
8,NaN,NaN,NaN,NaN,NaN,NaN,NaN,NaN
9,NaN,NaN,NaN,NaN,NaN,NaN,NaN,NaN
10,NaN,NaN,NaN,NaN,NaN,NaN,NaN,NaN
11,NaN,NaN,NaN,NaN,NaN,NaN,NaN,NaN
1,NaN,NaN,NaN,NaN,NaN,NaN,NaN,NaN
2,NaN,NaN,NaN,NaN,NaN,NaN,NaN,NaN
3,NaN,NaN,NaN,NaN,NaN,NaN,NaN,NaN
4,NaN,NaN,NaN,NaN,NaN,NaN,NaN,NaN
5,NaN,NaN,NaN,NaN,NaN,NaN,NaN,NaN
6,NaN,NaN,NaN,NaN,NaN,NaN,NaN,NaN
7,NaN,NaN,NaN,NaN,NaN,NaN,NaN,NaN
8,NaN,NaN,NaN,NaN,NaN,NaN,NaN,NaN
9,NaN,NaN,NaN,NaN,NaN,NaN,NaN,NaN
10,NaN,NaN,NaN,NaN,NaN,NaN,NaN,NaN
11,NaN,NaN,NaN,NaN,NaN,NaN,NaN,NaN
1,NaN,NaN,NaN,NaN,NaN,NaN,NaN,NaN
2,NaN,NaN,NaN,NaN,NaN,NaN,NaN,NaN
3,NaN,NaN,NaN,NaN,NaN,NaN,NaN,NaN
4,NaN,NaN,NaN,NaN,NaN,NaN,NaN,NaN
5,NaN,NaN,NaN,NaN,NaN,NaN,NaN,NaN
6,NaN,NaN,NaN,NaN,NaN,NaN,NaN,NaN
7,NaN,NaN,NaN,NaN,NaN,NaN,NaN,NaN
8,NaN,NaN,NaN,NaN,NaN,NaN,NaN,NaN
9,NaN,NaN,NaN,NaN,NaN,NaN,NaN,NaN
10,NaN,NaN,NaN,NaN,NaN,NaN,NaN,NaN
11,NaN,NaN,NaN,NaN,NaN,NaN,NaN,NaN
1,NaN,NaN,NaN,NaN,NaN,NaN,NaN,NaN
2,NaN,NaN,NaN,NaN,NaN,NaN,NaN,NaN
3,NaN,NaN,NaN,NaN,NaN,NaN,NaN,NaN
4,NaN,NaN,NaN,NaN,NaN,NaN,NaN,NaN
5,NaN,NaN,NaN,NaN,NaN,NaN,NaN,NaN
6,NaN,NaN,NaN,NaN,NaN,NaN,NaN,NaN
7,NaN,NaN,NaN,NaN,NaN,NaN,NaN,NaN
8,NaN,NaN,NaN,NaN,NaN,NaN,NaN,NaN
9,NaN,NaN,NaN,NaN,NaN,NaN,NaN,NaN
10,NaN,NaN,NaN,NaN,NaN,NaN,NaN,NaN
11,NaN,NaN,NaN,NaN,NaN,NaN,NaN,NaN
1,NaN,NaN,NaN,NaN,NaN,NaN,NaN,NaN
2,NaN,NaN,NaN,NaN,NaN,NaN,NaN,NaN
3,NaN,NaN,NaN,NaN,NaN,NaN,NaN,NaN
4,NaN,NaN,NaN,NaN,NaN,NaN,NaN,NaN
5,NaN,NaN,NaN,NaN,NaN,NaN,NaN,NaN
6,NaN,NaN,NaN,NaN,NaN,NaN,NaN,NaN
7,NaN,NaN,NaN,NaN,NaN,NaN,NaN,NaN
8,NaN,NaN,NaN,NaN,NaN,NaN,NaN,NaN
9,NaN,NaN,NaN,NaN,NaN,NaN,NaN,NaN
10,NaN,NaN,NaN,NaN,NaN,NaN,NaN,NaN
11,NaN,NaN,NaN,NaN,NaN,NaN,NaN,NaN
1,NaN,NaN,NaN,NaN,NaN,NaN,NaN,NaN
2,NaN,NaN,NaN,NaN,NaN,NaN,NaN,NaN
3,NaN,NaN,NaN,NaN,NaN,NaN,NaN,NaN
4,NaN,NaN,NaN,NaN,NaN,NaN,NaN,NaN
5,NaN,NaN,NaN,NaN,NaN,NaN,NaN,NaN
6,NaN,NaN,NaN,NaN,NaN,NaN,NaN,NaN
7,NaN,NaN,NaN,NaN,NaN,NaN,NaN,NaN
8,NaN,NaN,NaN,NaN,NaN,NaN,NaN,NaN
9,NaN,NaN,NaN,NaN,NaN,NaN,NaN,NaN
10,NaN,NaN,NaN,NaN,NaN,NaN,NaN,NaN
11,NaN,NaN,NaN,NaN,NaN,NaN,NaN,NaN
1,NaN,NaN,NaN,NaN,NaN,NaN,NaN,NaN
2,NaN,NaN,NaN,NaN,NaN,NaN,NaN,NaN
3,NaN,NaN,NaN,NaN,NaN,NaN,NaN,NaN
4,NaN,NaN,NaN,NaN,NaN,NaN,NaN,NaN
5,NaN,NaN,NaN,NaN,NaN,NaN,NaN,NaN
6,NaN,NaN,NaN,NaN,NaN,NaN,NaN,NaN
7,NaN,NaN,NaN,NaN,NaN,NaN,NaN,NaN
8,NaN,NaN,NaN,NaN,NaN,NaN,NaN,NaN
9,NaN,NaN,NaN,NaN,NaN,NaN,NaN,NaN
10,NaN,NaN,NaN,NaN,NaN,NaN,NaN,NaN
11,NaN,NaN,NaN,NaN,NaN,NaN,NaN,NaN
1,NaN,NaN,NaN,NaN,NaN,NaN,NaN,NaN
2,NaN,NaN,NaN,NaN,NaN,NaN,NaN,NaN
3,NaN,NaN,NaN,NaN,NaN,NaN,NaN,NaN
4,NaN,NaN,NaN,NaN,NaN,NaN,NaN,NaN
5,NaN,NaN,NaN,NaN,NaN,NaN,NaN,NaN
6,NaN,NaN,NaN,NaN,NaN,NaN,NaN,NaN
7,NaN,NaN,NaN,NaN,NaN,NaN,NaN,NaN
8,NaN,NaN,NaN,NaN,NaN,NaN,NaN,NaN
9,NaN,NaN,NaN,NaN,NaN,NaN,NaN,NaN
10,NaN,NaN,NaN,NaN,NaN,NaN,NaN,NaN
11,NaN,NaN,NaN,NaN,NaN,NaN,NaN,NaN
1,NaN,NaN,NaN,NaN,NaN,NaN,NaN,NaN
2,NaN,NaN,NaN,NaN,NaN,NaN,NaN,NaN
3,NaN,NaN,NaN,NaN,NaN,NaN,NaN,NaN
4,NaN,NaN,NaN,NaN,NaN,NaN,NaN,NaN
5,NaN,NaN,NaN,NaN,NaN,NaN,NaN,NaN
6,NaN,NaN,NaN,NaN,NaN,NaN,NaN,NaN
7,NaN,NaN,NaN,NaN,NaN,NaN,NaN,NaN
8,NaN,NaN,NaN,NaN,NaN,NaN,NaN,NaN
9,NaN,NaN,NaN,NaN,NaN,NaN,NaN,NaN
10,NaN,NaN,NaN,NaN,NaN,NaN,NaN,NaN
11,NaN,NaN,NaN,NaN,NaN,NaN,NaN,NaN
1,NaN,NaN,NaN,NaN,NaN,NaN,NaN,NaN
2,NaN,NaN,NaN,NaN,NaN,NaN,NaN,NaN
3,NaN,NaN,NaN,NaN,NaN,NaN,NaN,NaN
4,NaN,NaN,NaN,NaN,NaN,NaN,NaN,NaN
5,NaN,NaN,NaN,NaN,NaN,NaN,NaN,NaN
6,NaN,NaN,NaN,NaN,NaN,NaN,NaN,NaN
7,NaN,NaN,NaN,NaN,NaN,NaN,NaN,NaN
8,NaN,NaN,NaN,NaN,NaN,NaN,NaN,NaN
9,NaN,NaN,NaN,NaN,NaN,NaN,NaN,NaN
10,NaN,NaN,NaN,NaN,NaN,NaN,NaN,NaN
11,NaN,NaN,NaN,NaN,NaN,NaN,NaN,NaN
1,NaN,NaN,NaN,NaN,NaN,NaN,NaN,NaN
2,NaN,NaN,NaN,NaN,NaN,NaN,NaN,NaN
3,NaN,NaN,NaN,NaN,NaN,NaN,NaN,NaN
4,NaN,NaN,NaN,NaN,NaN,NaN,NaN,NaN
5,NaN,NaN,NaN,NaN,NaN,NaN,NaN,NaN
6,NaN,NaN,NaN,NaN,NaN,NaN,NaN,NaN
7,NaN,NaN,NaN,NaN,NaN,NaN,NaN,NaN
8,NaN,NaN,NaN,NaN,NaN,NaN,NaN,NaN
9,NaN,NaN,NaN,NaN,NaN,NaN,NaN,NaN
10,NaN,NaN,NaN,NaN,NaN,NaN,NaN,NaN
11,NaN,NaN,NaN,NaN,NaN,NaN,NaN,NaN
1,NaN,NaN,NaN,NaN,NaN,NaN,NaN,NaN
2,NaN,NaN,NaN,NaN,NaN,NaN,NaN,NaN
3,NaN,NaN,NaN,NaN,NaN,NaN,NaN,NaN
4,NaN,NaN,NaN,NaN,NaN,NaN,NaN,NaN
5,NaN,NaN,NaN,NaN,NaN,NaN,NaN,NaN
6,NaN,NaN,NaN,NaN,NaN,NaN,NaN,NaN
7,NaN,NaN,NaN,NaN,NaN,NaN,NaN,NaN
8,NaN,NaN,NaN,NaN,NaN,NaN,NaN,NaN
9,NaN,NaN,NaN,NaN,NaN,NaN,NaN,NaN
10,NaN,NaN,NaN,NaN,NaN,NaN,NaN,NaN
11,NaN,NaN,NaN,NaN,NaN,NaN,NaN,NaN
1,NaN,NaN,NaN,NaN,NaN,NaN,NaN,NaN
2,NaN,NaN,NaN,NaN,NaN,NaN,NaN,NaN
3,NaN,NaN,NaN,NaN,NaN,NaN,NaN,NaN
4,NaN,NaN,NaN,NaN,NaN,NaN,NaN,NaN
5,NaN,NaN,NaN,NaN,NaN,NaN,NaN,NaN
6,NaN,NaN,NaN,NaN,NaN,NaN,NaN,NaN
7,NaN,NaN,NaN,NaN,NaN,NaN,NaN,NaN
8,NaN,NaN,NaN,NaN,NaN,NaN,NaN,NaN
9,NaN,NaN,NaN,NaN,NaN,NaN,NaN,NaN
10,NaN,NaN,NaN,NaN,NaN,NaN,NaN,NaN
11,NaN,NaN,NaN,NaN,NaN,NaN,NaN,NaN
1,NaN,NaN,NaN,NaN,NaN,NaN,NaN,NaN
2,NaN,NaN,NaN,NaN,NaN,NaN,NaN,NaN
3,NaN,NaN,NaN,NaN,NaN,NaN,NaN,NaN
4,NaN,NaN,NaN,NaN,NaN,NaN,NaN,NaN
5,NaN,NaN,NaN,NaN,NaN,NaN,NaN,NaN
6,NaN,NaN,NaN,NaN,NaN,NaN,NaN,NaN
7,NaN,NaN,NaN,NaN,NaN,NaN,NaN,NaN
8,NaN,NaN,NaN,NaN,NaN,NaN,NaN,NaN
9,NaN,NaN,NaN,NaN,NaN,NaN,NaN,NaN
10,NaN,NaN,NaN,NaN,NaN,NaN,NaN,NaN
11,NaN,NaN,NaN,NaN,NaN,NaN,NaN,NaN
1,NaN,NaN,NaN,NaN,NaN,NaN,NaN,NaN
2,NaN,NaN,NaN,NaN,NaN,NaN,NaN,NaN
3,NaN,NaN,NaN,NaN,NaN,NaN,NaN,NaN
4,NaN,NaN,NaN,NaN,NaN,NaN,NaN,NaN
5,NaN,NaN,NaN,NaN,NaN,NaN,NaN,NaN
6,NaN,NaN,NaN,NaN,NaN,NaN,NaN,NaN
7,NaN,NaN,NaN,NaN,NaN,NaN,NaN,NaN
8,NaN,NaN,NaN,NaN,NaN,NaN,NaN,NaN
9,NaN,NaN,NaN,NaN,NaN,NaN,NaN,NaN
10,NaN,NaN,NaN,NaN,NaN,NaN,NaN,NaN
11,NaN,NaN,NaN,NaN,NaN,NaN,NaN,NaN
1,NaN,NaN,NaN,NaN,NaN,NaN,NaN,NaN
2,NaN,NaN,NaN,NaN,NaN,NaN,NaN,NaN
3,NaN,NaN,NaN,NaN,NaN,NaN,NaN,NaN
4,NaN,NaN,NaN,NaN,NaN,NaN,NaN,NaN
5,NaN,NaN,NaN,NaN,NaN,NaN,NaN,NaN
6,NaN,NaN,NaN,NaN,NaN,NaN,NaN,NaN
7,NaN,NaN,NaN,NaN,NaN,NaN,NaN,NaN
8,NaN,NaN,NaN,NaN,NaN,NaN,NaN,NaN
9,NaN,NaN,NaN,NaN,NaN,NaN,NaN,NaN
10,NaN,NaN,NaN,NaN,NaN,NaN,NaN,NaN
11,NaN,NaN,NaN,NaN,NaN,NaN,NaN,NaN
1,NaN,NaN,NaN,NaN,NaN,NaN,NaN,NaN
2,NaN,NaN,NaN,NaN,NaN,NaN,NaN,NaN
3,NaN,NaN,NaN,NaN,NaN,NaN,NaN,NaN
4,NaN,NaN,NaN,NaN,NaN,NaN,NaN,NaN
5,NaN,NaN,NaN,NaN,NaN,NaN,NaN,NaN
6,NaN,NaN,NaN,NaN,NaN,NaN,NaN,NaN
7,NaN,NaN,NaN,NaN,NaN,NaN,NaN,NaN
8,NaN,NaN,NaN,NaN,NaN,NaN,NaN,NaN
9,NaN,NaN,NaN,NaN,NaN,NaN,NaN,NaN
10,NaN,NaN,NaN,NaN,NaN,NaN,NaN,NaN
11,NaN,NaN,NaN,NaN,NaN,NaN,NaN,NaN
1,NaN,NaN,NaN,NaN,NaN,NaN,NaN,NaN
2,NaN,NaN,NaN,NaN,NaN,NaN,NaN,NaN
3,NaN,NaN,NaN,NaN,NaN,NaN,NaN,NaN
4,NaN,NaN,NaN,NaN,NaN,NaN,NaN,NaN
5,NaN,NaN,NaN,NaN,NaN,NaN,NaN,NaN
6,NaN,NaN,NaN,NaN,NaN,NaN,NaN,NaN
7,NaN,NaN,NaN,NaN,NaN,NaN,NaN,NaN
8,NaN,NaN,NaN,NaN,NaN,NaN,NaN,NaN
9,NaN,NaN,NaN,NaN,NaN,NaN,NaN,NaN
10,NaN,NaN,NaN,NaN,NaN,NaN,NaN,NaN
11,NaN,NaN,NaN,NaN,NaN,NaN,NaN,NaN
1,NaN,NaN,NaN,NaN,NaN,NaN,NaN,NaN
2,NaN,NaN,NaN,NaN,NaN,NaN,NaN,NaN
3,NaN,NaN,NaN,NaN,NaN,NaN,NaN,NaN
4,NaN,NaN,NaN,NaN,NaN,NaN,NaN,NaN
5,NaN,NaN,NaN,NaN,NaN,NaN,NaN,NaN
6,NaN,NaN,NaN,NaN,NaN,NaN,NaN,NaN
7,NaN,NaN,NaN,NaN,NaN,NaN,NaN,NaN
8,NaN,NaN,NaN,NaN,NaN,NaN,NaN,NaN
9,NaN,NaN,NaN,NaN,NaN,NaN,NaN,NaN
10,NaN,NaN,NaN,NaN,NaN,NaN,NaN,NaN
11,NaN,NaN,NaN,NaN,NaN,NaN,NaN,NaN
1,NaN,NaN,NaN,NaN,NaN,NaN,NaN,NaN
2,NaN,NaN,NaN,NaN,NaN,NaN,NaN,NaN
3,NaN,NaN,NaN,NaN,NaN,NaN,NaN,NaN
4,NaN,NaN,NaN,NaN,NaN,NaN,NaN,NaN
5,NaN,NaN,NaN,NaN,NaN,NaN,NaN,NaN
6,NaN,NaN,NaN,NaN,NaN,NaN,NaN,NaN
7,NaN,NaN,NaN,NaN,NaN,NaN,NaN,NaN
8,NaN,NaN,NaN,NaN,NaN,NaN,NaN,NaN
9,NaN,NaN,NaN,NaN,NaN,NaN,NaN,NaN
10,NaN,NaN,NaN,NaN,NaN,NaN,NaN,NaN
11,NaN,NaN,NaN,NaN,NaN,NaN,NaN,NaN
1,NaN,NaN,NaN,NaN,NaN,NaN,NaN,NaN
2,NaN,NaN,NaN,NaN,NaN,NaN,NaN,NaN
3,NaN,NaN,NaN,NaN,NaN,NaN,NaN,NaN
4,NaN,NaN,NaN,NaN,NaN,NaN,NaN,NaN
5,NaN,NaN,NaN,NaN,NaN,NaN,NaN,NaN
6,NaN,NaN,NaN,NaN,NaN,NaN,NaN,NaN
7,NaN,NaN,NaN,NaN,NaN,NaN,NaN,NaN
8,NaN,NaN,NaN,NaN,NaN,NaN,NaN,NaN
9,NaN,NaN,NaN,NaN,NaN,NaN,NaN,NaN
10,NaN,NaN,NaN,NaN,NaN,NaN,NaN,NaN
11,NaN,NaN,NaN,NaN,NaN,NaN,NaN,NaN
1,NaN,NaN,NaN,NaN,NaN,NaN,NaN,NaN
2,NaN,NaN,NaN,NaN,NaN,NaN,NaN,NaN
3,NaN,NaN,NaN,NaN,NaN,NaN,NaN,NaN
4,NaN,NaN,NaN,NaN,NaN,NaN,NaN,NaN
5,NaN,NaN,NaN,NaN,NaN,NaN,NaN,NaN
6,NaN,NaN,NaN,NaN,NaN,NaN,NaN,NaN
7,NaN,NaN,NaN,NaN,NaN,NaN,NaN,NaN
8,NaN,NaN,NaN,NaN,NaN,NaN,NaN,NaN
9,NaN,NaN,NaN,NaN,NaN,NaN,NaN,NaN
10,NaN,NaN,NaN,NaN,NaN,NaN,NaN,NaN
11,NaN,NaN,NaN,NaN,NaN,NaN,NaN,NaN
1,NaN,NaN,NaN,NaN,NaN,NaN,NaN,NaN
2,NaN,NaN,NaN,NaN,NaN,NaN,NaN,NaN
3,NaN,NaN,NaN,NaN,NaN,NaN,NaN,NaN
4,NaN,NaN,NaN,NaN,NaN,NaN,NaN,NaN
5,NaN,NaN,NaN,NaN,NaN,NaN,NaN,NaN
6,NaN,NaN,NaN,NaN,NaN,NaN,NaN,NaN
7,NaN,NaN,NaN,NaN,NaN,NaN,NaN,NaN
8,NaN,NaN,NaN,NaN,NaN,NaN,NaN,NaN
9,NaN,NaN,NaN,NaN,NaN,NaN,NaN,NaN
10,NaN,NaN,NaN,NaN,NaN,NaN,NaN,NaN
11,NaN,NaN,NaN,NaN,NaN,NaN,NaN,NaN
1,NaN,NaN,NaN,NaN,NaN,NaN,NaN,NaN
2,NaN,NaN,NaN,NaN,NaN,NaN,NaN,NaN
3,NaN,NaN,NaN,NaN,NaN,NaN,NaN,NaN
4,NaN,NaN,NaN,NaN,NaN,NaN,NaN,NaN
5,NaN,NaN,NaN,NaN,NaN,NaN,NaN,NaN
6,NaN,NaN,NaN,NaN,NaN,NaN,NaN,NaN
7,NaN,NaN,NaN,NaN,NaN,NaN,NaN,NaN
8,NaN,NaN,NaN,NaN,NaN,NaN,NaN,NaN
9,NaN,NaN,NaN,NaN,NaN,NaN,NaN,NaN
10,NaN,NaN,NaN,NaN,NaN,NaN,NaN,NaN
11,NaN,NaN,NaN,NaN,NaN,NaN,NaN,NaN
1,NaN,NaN,NaN,NaN,NaN,NaN,NaN,NaN
2,NaN,NaN,NaN,NaN,NaN,NaN,NaN,NaN
3,NaN,NaN,NaN,NaN,NaN,NaN,NaN,NaN
4,NaN,NaN,NaN,NaN,NaN,NaN,NaN,NaN
5,NaN,NaN,NaN,NaN,NaN,NaN,NaN,NaN
6,NaN,NaN,NaN,NaN,NaN,NaN,NaN,NaN
7,NaN,NaN,NaN,NaN,NaN,NaN,NaN,NaN
8,NaN,NaN,NaN,NaN,NaN,NaN,NaN,NaN
9,NaN,NaN,NaN,NaN,NaN,NaN,NaN,NaN
10,NaN,NaN,NaN,NaN,NaN,NaN,NaN,NaN
11,NaN,NaN,NaN,NaN,NaN,NaN,NaN,NaN
1,NaN,NaN,NaN,NaN,NaN,NaN,NaN,NaN
2,NaN,NaN,NaN,NaN,NaN,NaN,NaN,NaN
3,NaN,NaN,NaN,NaN,NaN,NaN,NaN,NaN
4,NaN,NaN,NaN,NaN,NaN,NaN,NaN,NaN
5,NaN,NaN,NaN,NaN,NaN,NaN,NaN,NaN
6,NaN,NaN,NaN,NaN,NaN,NaN,NaN,NaN
7,NaN,NaN,NaN,NaN,NaN,NaN,NaN,NaN
8,NaN,NaN,NaN,NaN,NaN,NaN,NaN,NaN
9,NaN,NaN,NaN,NaN,NaN,NaN,NaN,NaN
10,NaN,NaN,NaN,NaN,NaN,NaN,NaN,NaN
11,NaN,NaN,NaN,NaN,NaN,NaN,NaN,NaN
1,NaN,NaN,NaN,NaN,NaN,NaN,NaN,NaN
2,NaN,NaN,NaN,NaN,NaN,NaN,NaN,NaN
3,NaN,NaN,NaN,NaN,NaN,NaN,NaN,NaN
4,NaN,NaN,NaN,NaN,NaN,NaN,NaN,NaN
5,NaN,NaN,NaN,NaN,NaN,NaN,NaN,NaN
6,NaN,NaN,NaN,NaN,NaN,NaN,NaN,NaN
7,NaN,NaN,NaN,NaN,NaN,NaN,NaN,NaN
8,NaN,NaN,NaN,NaN,NaN,NaN,NaN,NaN
9,NaN,NaN,NaN,NaN,NaN,NaN,NaN,NaN
10,NaN,NaN,NaN,NaN,NaN,NaN,NaN,NaN
11,NaN,NaN,NaN,NaN,NaN,NaN,NaN,NaN
1,NaN,NaN,NaN,NaN,NaN,NaN,NaN,NaN
2,NaN,NaN,NaN,NaN,NaN,NaN,NaN,NaN
3,NaN,NaN,NaN,NaN,NaN,NaN,NaN,NaN
4,NaN,NaN,NaN,NaN,NaN,NaN,NaN,NaN
5,NaN,NaN,NaN,NaN,NaN,NaN,NaN,NaN
6,NaN,NaN,NaN,NaN,NaN,NaN,NaN,NaN
7,NaN,NaN,NaN,NaN,NaN,NaN,NaN,NaN
8,NaN,NaN,NaN,NaN,NaN,NaN,NaN,NaN
9,NaN,NaN,NaN,NaN,NaN,NaN,NaN,NaN
10,NaN,NaN,NaN,NaN,NaN,NaN,NaN,NaN
11,NaN,NaN,NaN,NaN,NaN,NaN,NaN,NaN
1,NaN,NaN,NaN,NaN,NaN,NaN,NaN,NaN
2,NaN,NaN,NaN,NaN,NaN,NaN,NaN,NaN
3,NaN,NaN,NaN,NaN,NaN,NaN,NaN,NaN
4,NaN,NaN,NaN,NaN,NaN,NaN,NaN,NaN
5,NaN,NaN,NaN,NaN,NaN,NaN,NaN,NaN
6,NaN,NaN,NaN,NaN,NaN,NaN,NaN,NaN
7,NaN,NaN,NaN,NaN,NaN,NaN,NaN,NaN
8,NaN,NaN,NaN,NaN,NaN,NaN,NaN,NaN
9,NaN,NaN,NaN,NaN,NaN,NaN,NaN,NaN
10,NaN,NaN,NaN,NaN,NaN,NaN,NaN,NaN
11,NaN,NaN,NaN,NaN,NaN,NaN,NaN,NaN
1,NaN,NaN,NaN,NaN,NaN,NaN,NaN,NaN
2,NaN,NaN,NaN,NaN,NaN,NaN,NaN,NaN
3,NaN,NaN,NaN,NaN,NaN,NaN,NaN,NaN
4,NaN,NaN,NaN,NaN,NaN,NaN,NaN,NaN
5,NaN,NaN,NaN,NaN,NaN,NaN,NaN,NaN
6,NaN,NaN,NaN,NaN,NaN,NaN,NaN,NaN
7,NaN,NaN,NaN,NaN,NaN,NaN,NaN,NaN
8,NaN,NaN,NaN,NaN,NaN,NaN,NaN,NaN
9,NaN,NaN,NaN,NaN,NaN,NaN,NaN,NaN
10,NaN,NaN,NaN,NaN,NaN,NaN,NaN,NaN
11,NaN,NaN,NaN,NaN,NaN,NaN,NaN,NaN
1,NaN,NaN,NaN,NaN,NaN,NaN,NaN,NaN
2,NaN,NaN,NaN,NaN,NaN,NaN,NaN,NaN
3,NaN,NaN,NaN,NaN,NaN,NaN,NaN,NaN
4,NaN,NaN,NaN,NaN,NaN,NaN,NaN,NaN
5,NaN,NaN,NaN,NaN,NaN,NaN,NaN,NaN
6,NaN,NaN,NaN,NaN,NaN,NaN,NaN,NaN
7,NaN,NaN,NaN,NaN,NaN,NaN,NaN,NaN
8,NaN,NaN,NaN,NaN,NaN,NaN,NaN,NaN
9,NaN,NaN,NaN,NaN,NaN,NaN,NaN,NaN
10,NaN,NaN,NaN,NaN,NaN,NaN,NaN,NaN
11,NaN,NaN,NaN,NaN,NaN,NaN,NaN,NaN
1,NaN,NaN,NaN,NaN,NaN,NaN,NaN,NaN
2,NaN,NaN,NaN,NaN,NaN,NaN,NaN,NaN
3,NaN,NaN,NaN,NaN,NaN,NaN,NaN,NaN
4,NaN,NaN,NaN,NaN,NaN,NaN,NaN,NaN
5,NaN,NaN,NaN,NaN,NaN,NaN,NaN,NaN
6,NaN,NaN,NaN,NaN,NaN,NaN,NaN,NaN
7,NaN,NaN,NaN,NaN,NaN,NaN,NaN,NaN
8,NaN,NaN,NaN,NaN,NaN,NaN,NaN,NaN
9,NaN,NaN,NaN,NaN,NaN,NaN,NaN,NaN
10,NaN,NaN,NaN,NaN,NaN,NaN,NaN,NaN
11,NaN,NaN,NaN,NaN,NaN,NaN,NaN,NaN
1,NaN,NaN,NaN,NaN,NaN,NaN,NaN,NaN
2,NaN,NaN,NaN,NaN,NaN,NaN,NaN,NaN
3,NaN,NaN,NaN,NaN,NaN,NaN,NaN,NaN
4,NaN,NaN,NaN,NaN,NaN,NaN,NaN,NaN
5,NaN,NaN,NaN,NaN,NaN,NaN,NaN,NaN
6,NaN,NaN,NaN,NaN,NaN,NaN,NaN,NaN
7,NaN,NaN,NaN,NaN,NaN,NaN,NaN,NaN
8,NaN,NaN,NaN,NaN,NaN,NaN,NaN,NaN
9,NaN,NaN,NaN,NaN,NaN,NaN,NaN,NaN
10,NaN,NaN,NaN,NaN,NaN,NaN,NaN,NaN
11,NaN,NaN,NaN,NaN,NaN,NaN,NaN,NaN
1,NaN,NaN,NaN,NaN,NaN,NaN,NaN,NaN
2,NaN,NaN,NaN,NaN,NaN,NaN,NaN,NaN
3,NaN,NaN,NaN,NaN,NaN,NaN,NaN,NaN
4,NaN,NaN,NaN,NaN,NaN,NaN,NaN,NaN
5,NaN,NaN,NaN,NaN,NaN,NaN,NaN,NaN
6,NaN,NaN,NaN,NaN,NaN,NaN,NaN,NaN
7,NaN,NaN,NaN,NaN,NaN,NaN,NaN,NaN
8,NaN,NaN,NaN,NaN,NaN,NaN,NaN,NaN
9,NaN,NaN,NaN,NaN,NaN,NaN,NaN,NaN
10,NaN,NaN,NaN,NaN,NaN,NaN,NaN,NaN
11,NaN,NaN,NaN,NaN,NaN,NaN,NaN,NaN
1,NaN,NaN,NaN,NaN,NaN,NaN,NaN,NaN
2,NaN,NaN,NaN,NaN,NaN,NaN,NaN,NaN
3,NaN,NaN,NaN,NaN,NaN,NaN,NaN,NaN
4,NaN,NaN,NaN,NaN,NaN,NaN,NaN,NaN
5,NaN,NaN,NaN,NaN,NaN,NaN,NaN,NaN
6,NaN,NaN,NaN,NaN,NaN,NaN,NaN,NaN
7,NaN,NaN,NaN,NaN,NaN,NaN,NaN,NaN
8,NaN,NaN,NaN,NaN,NaN,NaN,NaN,NaN
9,NaN,NaN,NaN,NaN,NaN,NaN,NaN,NaN
10,NaN,NaN,NaN,NaN,NaN,NaN,NaN,NaN
11,NaN,NaN,NaN,NaN,NaN,NaN,NaN,NaN
1,NaN,NaN,NaN,NaN,NaN,NaN,NaN,NaN
2,NaN,NaN,NaN,NaN,NaN,NaN,NaN,NaN
3,NaN,NaN,NaN,NaN,NaN,NaN,NaN,NaN
4,NaN,NaN,NaN,NaN,NaN,NaN,NaN,NaN
5,NaN,NaN,NaN,NaN,NaN,NaN,NaN,NaN
6,NaN,NaN,NaN,NaN,NaN,NaN,NaN,NaN
7,NaN,NaN,NaN,NaN,NaN,NaN,NaN,NaN
8,NaN,NaN,NaN,NaN,NaN,NaN,NaN,NaN
9,NaN,NaN,NaN,NaN,NaN,NaN,NaN,NaN
10,NaN,NaN,NaN,NaN,NaN,NaN,NaN,NaN
11,NaN,NaN,NaN,NaN,NaN,NaN,NaN,NaN
1,NaN,NaN,NaN,NaN,NaN,NaN,NaN,NaN
2,NaN,NaN,NaN,NaN,NaN,NaN,NaN,NaN
3,NaN,NaN,NaN,NaN,NaN,NaN,NaN,NaN
4,NaN,NaN,NaN,NaN,NaN,NaN,NaN,NaN
5,NaN,NaN,NaN,NaN,NaN,NaN,NaN,NaN
6,NaN,NaN,NaN,NaN,NaN,NaN,NaN,NaN
7,NaN,NaN,NaN,NaN,NaN,NaN,NaN,NaN
8,NaN,NaN,NaN,NaN,NaN,NaN,NaN,NaN
9,NaN,NaN,NaN,NaN,NaN,NaN,NaN,NaN
10,NaN,NaN,NaN,NaN,NaN,NaN,NaN,NaN
11,NaN,NaN,NaN,NaN,NaN,NaN,NaN,NaN
1,NaN,NaN,NaN,NaN,NaN,NaN,NaN,NaN
2,NaN,NaN,NaN,NaN,NaN,NaN,NaN,NaN
3,NaN,NaN,NaN,NaN,NaN,NaN,NaN,NaN
4,NaN,NaN,NaN,NaN,NaN,NaN,NaN,NaN
5,NaN,NaN,NaN,NaN,NaN,NaN,NaN,NaN
6,NaN,NaN,NaN,NaN,NaN,NaN,NaN,NaN
7,NaN,NaN,NaN,NaN,NaN,NaN,NaN,NaN
8,NaN,NaN,NaN,NaN,NaN,NaN,NaN,NaN
9,NaN,NaN,NaN,NaN,NaN,NaN,NaN,NaN
10,NaN,NaN,NaN,NaN,NaN,NaN,NaN,NaN
11,NaN,NaN,NaN,NaN,NaN,NaN,NaN,NaN
1,NaN,NaN,NaN,NaN,NaN,NaN,NaN,NaN
2,NaN,NaN,NaN,NaN,NaN,NaN,NaN,NaN
3,NaN,NaN,NaN,NaN,NaN,NaN,NaN,NaN
4,NaN,NaN,NaN,NaN,NaN,NaN,NaN,NaN
5,NaN,NaN,NaN,NaN,NaN,NaN,NaN,NaN
6,NaN,NaN,NaN,NaN,NaN,NaN,NaN,NaN
7,NaN,NaN,NaN,NaN,NaN,NaN,NaN,NaN
8,NaN,NaN,NaN,NaN,NaN,NaN,NaN,NaN
9,NaN,NaN,NaN,NaN,NaN,NaN,NaN,NaN
10,NaN,NaN,NaN,NaN,NaN,NaN,NaN,NaN
11,NaN,NaN,NaN,NaN,NaN,NaN,NaN,NaN
1,NaN,NaN,NaN,NaN,NaN,NaN,NaN,NaN
2,NaN,NaN,NaN,NaN,NaN,NaN,NaN,NaN
3,NaN,NaN,NaN,NaN,NaN,NaN,NaN,NaN
4,NaN,NaN,NaN,NaN,NaN,NaN,NaN,NaN
5,NaN,NaN,NaN,NaN,NaN,NaN,NaN,NaN
6,NaN,NaN,NaN,NaN,NaN,NaN,NaN,NaN
7,NaN,NaN,NaN,NaN,NaN,NaN,NaN,NaN
8,NaN,NaN,NaN,NaN,NaN,NaN,NaN,NaN
9,NaN,NaN,NaN,NaN,NaN,NaN,NaN,NaN
10,NaN,NaN,NaN,NaN,NaN,NaN,NaN,NaN
11,NaN,NaN,NaN,NaN,NaN,NaN,NaN,NaN
1,NaN,NaN,NaN,NaN,NaN,NaN,NaN,NaN
2,NaN,NaN,NaN,NaN,NaN,NaN,NaN,NaN
3,NaN,NaN,NaN,NaN,NaN,NaN,NaN,NaN
4,NaN,NaN,NaN,NaN,NaN,NaN,NaN,NaN
5,NaN,NaN,NaN,NaN,NaN,NaN,NaN,NaN
6,NaN,NaN,NaN,NaN,NaN,NaN,NaN,NaN
7,NaN,NaN,NaN,NaN,NaN,NaN,NaN,NaN
8,NaN,NaN,NaN,NaN,NaN,NaN,NaN,NaN
9,NaN,NaN,NaN,NaN,NaN,NaN,NaN,NaN
10,NaN,NaN,NaN,NaN,NaN,NaN,NaN,NaN
11,NaN,NaN,NaN,NaN,NaN,NaN,NaN,NaN
1,NaN,NaN,NaN,NaN,NaN,NaN,NaN,NaN
2,NaN,NaN,NaN,NaN,NaN,NaN,NaN,NaN
3,NaN,NaN,NaN,NaN,NaN,NaN,NaN,NaN
4,NaN,NaN,NaN,NaN,NaN,NaN,NaN,NaN
5,NaN,NaN,NaN,NaN,NaN,NaN,NaN,NaN
6,NaN,NaN,NaN,NaN,NaN,NaN,NaN,NaN
7,NaN,NaN,NaN,NaN,NaN,NaN,NaN,NaN
8,NaN,NaN,NaN,NaN,NaN,NaN,NaN,NaN
9,NaN,NaN,NaN,NaN,NaN,NaN,NaN,NaN
10,NaN,NaN,NaN,NaN,NaN,NaN,NaN,NaN
11,NaN,NaN,NaN,NaN,NaN,NaN,NaN,NaN
1,NaN,NaN,NaN,NaN,NaN,NaN,NaN,NaN
2,NaN,NaN,NaN,NaN,NaN,NaN,NaN,NaN
3,NaN,NaN,NaN,NaN,NaN,NaN,NaN,NaN
4,NaN,NaN,NaN,NaN,NaN,NaN,NaN,NaN
5,NaN,NaN,NaN,NaN,NaN,NaN,NaN,NaN
6,NaN,NaN,NaN,NaN,NaN,NaN,NaN,NaN
7,NaN,NaN,NaN,NaN,NaN,NaN,NaN,NaN
8,NaN,NaN,NaN,NaN,NaN,NaN,NaN,NaN
9,NaN,NaN,NaN,NaN,NaN,NaN,NaN,NaN
10,NaN,NaN,NaN,NaN,NaN,NaN,NaN,NaN
11,NaN,NaN,NaN,NaN,NaN,NaN,NaN,NaN
1,NaN,NaN,NaN,NaN,NaN,NaN,NaN,NaN
2,NaN,NaN,NaN,NaN,NaN,NaN,NaN,NaN
3,NaN,NaN,NaN,NaN,NaN,NaN,NaN,NaN
4,NaN,NaN,NaN,NaN,NaN,NaN,NaN,NaN
5,NaN,NaN,NaN,NaN,NaN,NaN,NaN,NaN
6,NaN,NaN,NaN,NaN,NaN,NaN,NaN,NaN
7,NaN,NaN,NaN,NaN,NaN,NaN,NaN,NaN
8,NaN,NaN,NaN,NaN,NaN,NaN,NaN,NaN
9,NaN,NaN,NaN,NaN,NaN,NaN,NaN,NaN
10,NaN,NaN,NaN,NaN,NaN,NaN,NaN,NaN
11,NaN,NaN,NaN,NaN,NaN,NaN,NaN,NaN
1,NaN,NaN,NaN,NaN,NaN,NaN,NaN,NaN
2,NaN,NaN,NaN,NaN,NaN,NaN,NaN,NaN
3,NaN,NaN,NaN,NaN,NaN,NaN,NaN,NaN
4,NaN,NaN,NaN,NaN,NaN,NaN,NaN,NaN
5,NaN,NaN,NaN,NaN,NaN,NaN,NaN,NaN
6,NaN,NaN,NaN,NaN,NaN,NaN,NaN,NaN
7,NaN,NaN,NaN,NaN,NaN,NaN,NaN,NaN
8,NaN,NaN,NaN,NaN,NaN,NaN,NaN,NaN
9,NaN,NaN,NaN,NaN,NaN,NaN,NaN,NaN
10,NaN,NaN,NaN,NaN,NaN,NaN,NaN,NaN
11,NaN,NaN,NaN,NaN,NaN,NaN,NaN,NaN
1,NaN,NaN,NaN,NaN,NaN,NaN,NaN,NaN
2,NaN,NaN,NaN,NaN,NaN,NaN,NaN,NaN
3,NaN,NaN,NaN,NaN,NaN,NaN,NaN,NaN
4,NaN,NaN,NaN,NaN,NaN,NaN,NaN,NaN
5,NaN,NaN,NaN,NaN,NaN,NaN,NaN,NaN
6,NaN,NaN,NaN,NaN,NaN,NaN,NaN,NaN
7,NaN,NaN,NaN,NaN,NaN,NaN,NaN,NaN
8,NaN,NaN,NaN,NaN,NaN,NaN,NaN,NaN
9,NaN,NaN,NaN,NaN,NaN,NaN,NaN,NaN
10,NaN,NaN,NaN,NaN,NaN,NaN,NaN,NaN
11,NaN,NaN,NaN,NaN,NaN,NaN,NaN,NaN
1,NaN,NaN,NaN,NaN,NaN,NaN,NaN,NaN
2,NaN,NaN,NaN,NaN,NaN,NaN,NaN,NaN
3,NaN,NaN,NaN,NaN,NaN,NaN,NaN,NaN
4,NaN,NaN,NaN,NaN,NaN,NaN,NaN,NaN
5,NaN,NaN,NaN,NaN,NaN,NaN,NaN,NaN
6,NaN,NaN,NaN,NaN,NaN,NaN,NaN,NaN
7,NaN,NaN,NaN,NaN,NaN,NaN,NaN,NaN
8,NaN,NaN,NaN,NaN,NaN,NaN,NaN,NaN
9,NaN,NaN,NaN,NaN,NaN,NaN,NaN,NaN
10,NaN,NaN,NaN,NaN,NaN,NaN,NaN,NaN
11,NaN,NaN,NaN,NaN,NaN,NaN,NaN,NaN
1,NaN,NaN,NaN,NaN,NaN,NaN,NaN,NaN
2,NaN,NaN,NaN,NaN,NaN,NaN,NaN,NaN
3,NaN,NaN,NaN,NaN,NaN,NaN,NaN,NaN
4,NaN,NaN,NaN,NaN,NaN,NaN,NaN,NaN
5,NaN,NaN,NaN,NaN,NaN,NaN,NaN,NaN
6,NaN,NaN,NaN,NaN,NaN,NaN,NaN,NaN
7,NaN,NaN,NaN,NaN,NaN,NaN,NaN,NaN
8,NaN,NaN,NaN,NaN,NaN,NaN,NaN,NaN
9,NaN,NaN,NaN,NaN,NaN,NaN,NaN,NaN
10,NaN,NaN,NaN,NaN,NaN,NaN,NaN,NaN
11,NaN,NaN,NaN,NaN,NaN,NaN,NaN,NaN
1,NaN,NaN,NaN,NaN,NaN,NaN,NaN,NaN
2,NaN,NaN,NaN,NaN,NaN,NaN,NaN,NaN
3,NaN,NaN,NaN,NaN,NaN,NaN,NaN,NaN
4,NaN,NaN,NaN,NaN,NaN,NaN,NaN,NaN
5,NaN,NaN,NaN,NaN,NaN,NaN,NaN,NaN
6,NaN,NaN,NaN,NaN,NaN,NaN,NaN,NaN
7,NaN,NaN,NaN,NaN,NaN,NaN,NaN,NaN
8,NaN,NaN,NaN,NaN,NaN,NaN,NaN,NaN
9,NaN,NaN,NaN,NaN,NaN,NaN,NaN,NaN
10,NaN,NaN,NaN,NaN,NaN,NaN,NaN,NaN
11,NaN,NaN,NaN,NaN,NaN,NaN,NaN,NaN
1,NaN,NaN,NaN,NaN,NaN,NaN,NaN,NaN
2,NaN,NaN,NaN,NaN,NaN,NaN,NaN,NaN
3,NaN,NaN,NaN,NaN,NaN,NaN,NaN,NaN
4,NaN,NaN,NaN,NaN,NaN,NaN,NaN,NaN
5,NaN,NaN,NaN,NaN,NaN,NaN,NaN,NaN
6,NaN,NaN,NaN,NaN,NaN,NaN,NaN,NaN
7,NaN,NaN,NaN,NaN,NaN,NaN,NaN,NaN
8,NaN,NaN,NaN,NaN,NaN,NaN,NaN,NaN
9,NaN,NaN,NaN,NaN,NaN,NaN,NaN,NaN
10,NaN,NaN,NaN,NaN,NaN,NaN,NaN,NaN
11,NaN,NaN,NaN,NaN,NaN,NaN,NaN,NaN
1,NaN,NaN,NaN,NaN,NaN,NaN,NaN,NaN
2,NaN,NaN,NaN,NaN,NaN,NaN,NaN,NaN
3,NaN,NaN,NaN,NaN,NaN,NaN,NaN,NaN
4,NaN,NaN,NaN,NaN,NaN,NaN,NaN,NaN
5,NaN,NaN,NaN,NaN,NaN,NaN,NaN,NaN
6,NaN,NaN,NaN,NaN,NaN,NaN,NaN,NaN
7,NaN,NaN,NaN,NaN,NaN,NaN,NaN,NaN
8,NaN,NaN,NaN,NaN,NaN,NaN,NaN,NaN
9,NaN,NaN,NaN,NaN,NaN,NaN,NaN,NaN
10,NaN,NaN,NaN,NaN,NaN,NaN,NaN,NaN
11,NaN,NaN,NaN,NaN,NaN,NaN,NaN,NaN
1,NaN,NaN,NaN,NaN,NaN,NaN,NaN,NaN
2,NaN,NaN,NaN,NaN,NaN,NaN,NaN,NaN
3,NaN,NaN,NaN,NaN,NaN,NaN,NaN,NaN
4,NaN,NaN,NaN,NaN,NaN,NaN,NaN,NaN
5,NaN,NaN,NaN,NaN,NaN,NaN,NaN,NaN
6,NaN,NaN,NaN,NaN,NaN,NaN,NaN,NaN
7,NaN,NaN,NaN,NaN,NaN,NaN,NaN,NaN
8,NaN,NaN,NaN,NaN,NaN,NaN,NaN,NaN
9,NaN,NaN,NaN,NaN,NaN,NaN,NaN,NaN
10,NaN,NaN,NaN,NaN,NaN,NaN,NaN,NaN
11,NaN,NaN,NaN,NaN,NaN,NaN,NaN,NaN
1,NaN,NaN,NaN,NaN,NaN,NaN,NaN,NaN
2,NaN,NaN,NaN,NaN,NaN,NaN,NaN,NaN
3,NaN,NaN,NaN,NaN,NaN,NaN,NaN,NaN
4,NaN,NaN,NaN,NaN,NaN,NaN,NaN,NaN
5,NaN,NaN,NaN,NaN,NaN,NaN,NaN,NaN
6,NaN,NaN,NaN,NaN,NaN,NaN,NaN,NaN
7,NaN,NaN,NaN,NaN,NaN,NaN,NaN,NaN
8,NaN,NaN,NaN,NaN,NaN,NaN,NaN,NaN
9,NaN,NaN,NaN,NaN,NaN,NaN,NaN,NaN
10,NaN,NaN,NaN,NaN,NaN,NaN,NaN,NaN
11,NaN,NaN,NaN,NaN,NaN,NaN,NaN,NaN
1,NaN,NaN,NaN,NaN,NaN,NaN,NaN,NaN
2,NaN,NaN,NaN,NaN,NaN,NaN,NaN,NaN
3,NaN,NaN,NaN,NaN,NaN,NaN,NaN,NaN
4,NaN,NaN,NaN,NaN,NaN,NaN,NaN,NaN
5,NaN,NaN,NaN,NaN,NaN,NaN,NaN,NaN
6,NaN,NaN,NaN,NaN,NaN,NaN,NaN,NaN
7,NaN,NaN,NaN,NaN,NaN,NaN,NaN,NaN
8,NaN,NaN,NaN,NaN,NaN,NaN,NaN,NaN
9,NaN,NaN,NaN,NaN,NaN,NaN,NaN,NaN
10,NaN,NaN,NaN,NaN,NaN,NaN,NaN,NaN
11,NaN,NaN,NaN,NaN,NaN,NaN,NaN,NaN
1,NaN,NaN,NaN,NaN,NaN,NaN,NaN,NaN
2,NaN,NaN,NaN,NaN,NaN,NaN,NaN,NaN
3,NaN,NaN,NaN,NaN,NaN,NaN,NaN,NaN
4,NaN,NaN,NaN,NaN,NaN,NaN,NaN,NaN
5,NaN,NaN,NaN,NaN,NaN,NaN,NaN,NaN
6,NaN,NaN,NaN,NaN,NaN,NaN,NaN,NaN
7,NaN,NaN,NaN,NaN,NaN,NaN,NaN,NaN
8,NaN,NaN,NaN,NaN,NaN,NaN,NaN,NaN
9,NaN,NaN,NaN,NaN,NaN,NaN,NaN,NaN
10,NaN,NaN,NaN,NaN,NaN,NaN,NaN,NaN
11,NaN,NaN,NaN,NaN,NaN,NaN,NaN,NaN
1,NaN,NaN,NaN,NaN,NaN,NaN,NaN,NaN
2,NaN,NaN,NaN,NaN,NaN,NaN,NaN,NaN
3,NaN,NaN,NaN,NaN,NaN,NaN,NaN,NaN
4,NaN,NaN,NaN,NaN,NaN,NaN,NaN,NaN
5,NaN,NaN,NaN,NaN,NaN,NaN,NaN,NaN
6,NaN,NaN,NaN,NaN,NaN,NaN,NaN,NaN
7,NaN,NaN,NaN,NaN,NaN,NaN,NaN,NaN
8,NaN,NaN,NaN,NaN,NaN,NaN,NaN,NaN
9,NaN,NaN,NaN,NaN,NaN,NaN,NaN,NaN
10,NaN,NaN,NaN,NaN,NaN,NaN,NaN,NaN
11,NaN,NaN,NaN,NaN,NaN,NaN,NaN,NaN
1,NaN,NaN,NaN,NaN,NaN,NaN,NaN,NaN
2,NaN,NaN,NaN,NaN,NaN,NaN,NaN,NaN
3,NaN,NaN,NaN,NaN,NaN,NaN,NaN,NaN
4,NaN,NaN,NaN,NaN,NaN,NaN,NaN,NaN
5,NaN,NaN,NaN,NaN,NaN,NaN,NaN,NaN
6,NaN,NaN,NaN,NaN,NaN,NaN,NaN,NaN
7,NaN,NaN,NaN,NaN,NaN,NaN,NaN,NaN
8,NaN,NaN,NaN,NaN,NaN,NaN,NaN,NaN
9,NaN,NaN,NaN,NaN,NaN,NaN,NaN,NaN
10,NaN,NaN,NaN,NaN,NaN,NaN,NaN,NaN
11,NaN,NaN,NaN,NaN,NaN,NaN,NaN,NaN
1,NaN,NaN,NaN,NaN,NaN,NaN,NaN,NaN
2,NaN,NaN,NaN,NaN,NaN,NaN,NaN,NaN
3,NaN,NaN,NaN,NaN,NaN,NaN,NaN,NaN
4,NaN,NaN,NaN,NaN,NaN,NaN,NaN,NaN
5,NaN,NaN,NaN,NaN,NaN,NaN,NaN,NaN
6,NaN,NaN,NaN,NaN,NaN,NaN,NaN,NaN
7,NaN,NaN,NaN,NaN,NaN,NaN,NaN,NaN
8,NaN,NaN,NaN,NaN,NaN,NaN,NaN,NaN
9,NaN,NaN,NaN,NaN,NaN,NaN,NaN,NaN
10,NaN,NaN,NaN,NaN,NaN,NaN,NaN,NaN
11,NaN,NaN,NaN,NaN,NaN,NaN,NaN,NaN
1,NaN,NaN,NaN,NaN,NaN,NaN,NaN,NaN
2,NaN,NaN,NaN,NaN,NaN,NaN,NaN,NaN
3,NaN,NaN,NaN,NaN,NaN,NaN,NaN,NaN
4,NaN,NaN,NaN,NaN,NaN,NaN,NaN,NaN
5,NaN,NaN,NaN,NaN,NaN,NaN,NaN,NaN
6,NaN,NaN,NaN,NaN,NaN,NaN,NaN,NaN
7,NaN,NaN,NaN,NaN,NaN,NaN,NaN,NaN
8,NaN,NaN,NaN,NaN,NaN,NaN,NaN,NaN
9,NaN,NaN,NaN,NaN,NaN,NaN,NaN,NaN
10,NaN,NaN,NaN,NaN,NaN,NaN,NaN,NaN
11,NaN,NaN,NaN,NaN,NaN,NaN,NaN,NaN
1,NaN,NaN,NaN,NaN,NaN,NaN,NaN,NaN
2,NaN,NaN,NaN,NaN,NaN,NaN,NaN,NaN
3,NaN,NaN,NaN,NaN,NaN,NaN,NaN,NaN
4,NaN,NaN,NaN,NaN,NaN,NaN,NaN,NaN
5,NaN,NaN,NaN,NaN,NaN,NaN,NaN,NaN
6,NaN,NaN,NaN,NaN,NaN,NaN,NaN,NaN
7,NaN,NaN,NaN,NaN,NaN,NaN,NaN,NaN
8,NaN,NaN,NaN,NaN,NaN,NaN,NaN,NaN
9,NaN,NaN,NaN,NaN,NaN,NaN,NaN,NaN
10,NaN,NaN,NaN,NaN,NaN,NaN,NaN,NaN
11,NaN,NaN,NaN,NaN,NaN,NaN,NaN,NaN
1,NaN,NaN,NaN,NaN,NaN,NaN,NaN,NaN
2,NaN,NaN,NaN,NaN,NaN,NaN,NaN,NaN
3,NaN,NaN,NaN,NaN,NaN,NaN,NaN,NaN
4,NaN,NaN,NaN,NaN,NaN,NaN,NaN,NaN
5,NaN,NaN,NaN,NaN,NaN,NaN,NaN,NaN
6,NaN,NaN,NaN,NaN,NaN,NaN,NaN,NaN
7,NaN,NaN,NaN,NaN,NaN,NaN,NaN,NaN
8,NaN,NaN,NaN,NaN,NaN,NaN,NaN,NaN
9,NaN,NaN,NaN,NaN,NaN,NaN,NaN,NaN
10,NaN,NaN,NaN,NaN,NaN,NaN,NaN,NaN
11,NaN,NaN,NaN,NaN,NaN,NaN,NaN,NaN
1,NaN,NaN,NaN,NaN,NaN,NaN,NaN,NaN
2,NaN,NaN,NaN,NaN,NaN,NaN,NaN,NaN
3,NaN,NaN,NaN,NaN,NaN,NaN,NaN,NaN
4,NaN,NaN,NaN,NaN,NaN,NaN,NaN,NaN
5,NaN,NaN,NaN,NaN,NaN,NaN,NaN,NaN
6,NaN,NaN,NaN,NaN,NaN,NaN,NaN,NaN
7,NaN,NaN,NaN,NaN,NaN,NaN,NaN,NaN
8,NaN,NaN,NaN,NaN,NaN,NaN,NaN,NaN
9,NaN,NaN,NaN,NaN,NaN,NaN,NaN,NaN
10,NaN,NaN,NaN,NaN,NaN,NaN,NaN,NaN
11,NaN,NaN,NaN,NaN,NaN,NaN,NaN,NaN
1,NaN,NaN,NaN,NaN,NaN,NaN,NaN,NaN
2,NaN,NaN,NaN,NaN,NaN,NaN,NaN,NaN
3,NaN,NaN,NaN,NaN,NaN,NaN,NaN,NaN
4,NaN,NaN,NaN,NaN,NaN,NaN,NaN,NaN
5,NaN,NaN,NaN,NaN,NaN,NaN,NaN,NaN
6,NaN,NaN,NaN,NaN,NaN,NaN,NaN,NaN
7,NaN,NaN,NaN,NaN,NaN,NaN,NaN,NaN
8,NaN,NaN,NaN,NaN,NaN,NaN,NaN,NaN
9,NaN,NaN,NaN,NaN,NaN,NaN,NaN,NaN
10,NaN,NaN,NaN,NaN,NaN,NaN,NaN,NaN
11,NaN,NaN,NaN,NaN,NaN,NaN,NaN,NaN
1,NaN,NaN,NaN,NaN,NaN,NaN,NaN,NaN
2,NaN,NaN,NaN,NaN,NaN,NaN,NaN,NaN
3,NaN,NaN,NaN,NaN,NaN,NaN,NaN,NaN
4,NaN,NaN,NaN,NaN,NaN,NaN,NaN,NaN
5,NaN,NaN,NaN,NaN,NaN,NaN,NaN,NaN
6,NaN,NaN,NaN,NaN,NaN,NaN,NaN,NaN
7,NaN,NaN,NaN,NaN,NaN,NaN,NaN,NaN
8,NaN,NaN,NaN,NaN,NaN,NaN,NaN,NaN
9,NaN,NaN,NaN,NaN,NaN,NaN,NaN,NaN
10,NaN,NaN,NaN,NaN,NaN,NaN,NaN,NaN
11,NaN,NaN,NaN,NaN,NaN,NaN,NaN,NaN
1,NaN,NaN,NaN,NaN,NaN,NaN,NaN,NaN
2,NaN,NaN,NaN,NaN,NaN,NaN,NaN,NaN
3,NaN,NaN,NaN,NaN,NaN,NaN,NaN,NaN
4,NaN,NaN,NaN,NaN,NaN,NaN,NaN,NaN
5,NaN,NaN,NaN,NaN,NaN,NaN,NaN,NaN
6,NaN,NaN,NaN,NaN,NaN,NaN,NaN,NaN
7,NaN,NaN,NaN,NaN,NaN,NaN,NaN,NaN
8,NaN,NaN,NaN,NaN,NaN,NaN,NaN,NaN
9,NaN,NaN,NaN,NaN,NaN,NaN,NaN,NaN
10,NaN,NaN,NaN,NaN,NaN,NaN,NaN,NaN
11,NaN,NaN,NaN,NaN,NaN,NaN,NaN,NaN
1,NaN,NaN,NaN,NaN,NaN,NaN,NaN,NaN
2,NaN,NaN,NaN,NaN,NaN,NaN,NaN,NaN
3,NaN,NaN,NaN,NaN,NaN,NaN,NaN,NaN
4,NaN,NaN,NaN,NaN,NaN,NaN,NaN,NaN
5,NaN,NaN,NaN,NaN,NaN,NaN,NaN,NaN
6,NaN,NaN,NaN,NaN,NaN,NaN,NaN,NaN
7,NaN,NaN,NaN,NaN,NaN,NaN,NaN,NaN
8,NaN,NaN,NaN,NaN,NaN,NaN,NaN,NaN
9,NaN,NaN,NaN,NaN,NaN,NaN,NaN,NaN
10,NaN,NaN,NaN,NaN,NaN,NaN,NaN,NaN
11,NaN,NaN,NaN,NaN,NaN,NaN,NaN,NaN
1,NaN,NaN,NaN,NaN,NaN,NaN,NaN,NaN
2,NaN,NaN,NaN,NaN,NaN,NaN,NaN,NaN
3,NaN,NaN,NaN,NaN,NaN,NaN,NaN,NaN
4,NaN,NaN,NaN,NaN,NaN,NaN,NaN,NaN
5,NaN,NaN,NaN,NaN,NaN,NaN,NaN,NaN
6,NaN,NaN,NaN,NaN,NaN,NaN,NaN,NaN
7,NaN,NaN,NaN,NaN,NaN,NaN,NaN,NaN
8,NaN,NaN,NaN,NaN,NaN,NaN,NaN,NaN
9,NaN,NaN,NaN,NaN,NaN,NaN,NaN,NaN
10,NaN,NaN,NaN,NaN,NaN,NaN,NaN,NaN
11,NaN,NaN,NaN,NaN,NaN,NaN,NaN,NaN
1,NaN,NaN,NaN,NaN,NaN,NaN,NaN,NaN
2,NaN,NaN,NaN,NaN,NaN,NaN,NaN,NaN
3,NaN,NaN,NaN,NaN,NaN,NaN,NaN,NaN
4,NaN,NaN,NaN,NaN,NaN,NaN,NaN,NaN
5,NaN,NaN,NaN,NaN,NaN,NaN,NaN,NaN
6,NaN,NaN,NaN,NaN,NaN,NaN,NaN,NaN
7,NaN,NaN,NaN,NaN,NaN,NaN,NaN,NaN
8,NaN,NaN,NaN,NaN,NaN,NaN,NaN,NaN
9,NaN,NaN,NaN,NaN,NaN,NaN,NaN,NaN
10,NaN,NaN,NaN,NaN,NaN,NaN,NaN,NaN
11,NaN,NaN,NaN,NaN,NaN,NaN,NaN,NaN
1,NaN,NaN,NaN,NaN,NaN,NaN,NaN,NaN
2,NaN,NaN,NaN,NaN,NaN,NaN,NaN,NaN
3,NaN,NaN,NaN,NaN,NaN,NaN,NaN,NaN
4,NaN,NaN,NaN,NaN,NaN,NaN,NaN,NaN
5,NaN,NaN,NaN,NaN,NaN,NaN,NaN,NaN
6,NaN,NaN,NaN,NaN,NaN,NaN,NaN,NaN
7,NaN,NaN,NaN,NaN,NaN,NaN,NaN,NaN
8,NaN,NaN,NaN,NaN,NaN,NaN,NaN,NaN
9,NaN,NaN,NaN,NaN,NaN,NaN,NaN,NaN
10,NaN,NaN,NaN,NaN,NaN,NaN,NaN,NaN
11,NaN,NaN,NaN,NaN,NaN,NaN,NaN,NaN
1,NaN,NaN,NaN,NaN,NaN,NaN,NaN,NaN
2,NaN,NaN,NaN,NaN,NaN,NaN,NaN,NaN
3,NaN,NaN,NaN,NaN,NaN,NaN,NaN,NaN
4,NaN,NaN,NaN,NaN,NaN,NaN,NaN,NaN
5,NaN,NaN,NaN,NaN,NaN,NaN,NaN,NaN
6,NaN,NaN,NaN,NaN,NaN,NaN,NaN,NaN
7,NaN,NaN,NaN,NaN,NaN,NaN,NaN,NaN
8,NaN,NaN,NaN,NaN,NaN,NaN,NaN,NaN
9,NaN,NaN,NaN,NaN,NaN,NaN,NaN,NaN
10,NaN,NaN,NaN,NaN,NaN,NaN,NaN,NaN
11,NaN,NaN,NaN,NaN,NaN,NaN,NaN,NaN
1,NaN,NaN,NaN,NaN,NaN,NaN,NaN,NaN
2,NaN,NaN,NaN,NaN,NaN,NaN,NaN,NaN
3,NaN,NaN,NaN,NaN,NaN,NaN,NaN,NaN
4,NaN,NaN,NaN,NaN,NaN,NaN,NaN,NaN
5,NaN,NaN,NaN,NaN,NaN,NaN,NaN,NaN
6,NaN,NaN,NaN,NaN,NaN,NaN,NaN,NaN
7,NaN,NaN,NaN,NaN,NaN,NaN,NaN,NaN
8,NaN,NaN,NaN,NaN,NaN,NaN,NaN,NaN
9,NaN,NaN,NaN,NaN,NaN,NaN,NaN,NaN
10,NaN,NaN,NaN,NaN,NaN,NaN,NaN,NaN
11,NaN,NaN,NaN,NaN,NaN,NaN,NaN,NaN
1,NaN,NaN,NaN,NaN,NaN,NaN,NaN,NaN
2,NaN,NaN,NaN,NaN,NaN,NaN,NaN,NaN
3,NaN,NaN,NaN,NaN,NaN,NaN,NaN,NaN
4,NaN,NaN,NaN,NaN,NaN,NaN,NaN,NaN
5,NaN,NaN,NaN,NaN,NaN,NaN,NaN,NaN
6,NaN,NaN,NaN,NaN,NaN,NaN,NaN,NaN
7,NaN,NaN,NaN,NaN,NaN,NaN,NaN,NaN
8,NaN,NaN,NaN,NaN,NaN,NaN,NaN,NaN
9,NaN,NaN,NaN,NaN,NaN,NaN,NaN,NaN
10,NaN,NaN,NaN,NaN,NaN,NaN,NaN,NaN
11,NaN,NaN,NaN,NaN,NaN,NaN,NaN,NaN
1,NaN,NaN,NaN,NaN,NaN,NaN,NaN,NaN
2,NaN,NaN,NaN,NaN,NaN,NaN,NaN,NaN
3,NaN,NaN,NaN,NaN,NaN,NaN,NaN,NaN
4,NaN,NaN,NaN,NaN,NaN,NaN,NaN,NaN
5,NaN,NaN,NaN,NaN,NaN,NaN,NaN,NaN
6,NaN,NaN,NaN,NaN,NaN,NaN,NaN,NaN
7,NaN,NaN,NaN,NaN,NaN,NaN,NaN,NaN
8,NaN,NaN,NaN,NaN,NaN,NaN,NaN,NaN
9,NaN,NaN,NaN,NaN,NaN,NaN,NaN,NaN
10,NaN,NaN,NaN,NaN,NaN,NaN,NaN,NaN
11,NaN,NaN,NaN,NaN,NaN,NaN,NaN,NaN
1,NaN,NaN,NaN,NaN,NaN,NaN,NaN,NaN
2,NaN,NaN,NaN,NaN,NaN,NaN,NaN,NaN
3,NaN,NaN,NaN,NaN,NaN,NaN,NaN,NaN
4,NaN,NaN,NaN,NaN,NaN,NaN,NaN,NaN
5,NaN,NaN,NaN,NaN,NaN,NaN,NaN,NaN
6,NaN,NaN,NaN,NaN,NaN,NaN,NaN,NaN
7,NaN,NaN,NaN,NaN,NaN,NaN,NaN,NaN
8,NaN,NaN,NaN,NaN,NaN,NaN,NaN,NaN
9,NaN,NaN,NaN,NaN,NaN,NaN,NaN,NaN
10,NaN,NaN,NaN,NaN,NaN,NaN,NaN,NaN
11,NaN,NaN,NaN,NaN,NaN,NaN,NaN,NaN
1,NaN,NaN,NaN,NaN,NaN,NaN,NaN,NaN
2,NaN,NaN,NaN,NaN,NaN,NaN,NaN,NaN
3,NaN,NaN,NaN,NaN,NaN,NaN,NaN,NaN
4,NaN,NaN,NaN,NaN,NaN,NaN,NaN,NaN
5,NaN,NaN,NaN,NaN,NaN,NaN,NaN,NaN
6,NaN,NaN,NaN,NaN,NaN,NaN,NaN,NaN
7,NaN,NaN,NaN,NaN,NaN,NaN,NaN,NaN
8,NaN,NaN,NaN,NaN,NaN,NaN,NaN,NaN
9,NaN,NaN,NaN,NaN,NaN,NaN,NaN,NaN
10,NaN,NaN,NaN,NaN,NaN,NaN,NaN,NaN
11,NaN,NaN,NaN,NaN,NaN,NaN,NaN,NaN
1,NaN,NaN,NaN,NaN,NaN,NaN,NaN,NaN
2,NaN,NaN,NaN,NaN,NaN,NaN,NaN,NaN
3,NaN,NaN,NaN,NaN,NaN,NaN,NaN,NaN
4,NaN,NaN,NaN,NaN,NaN,NaN,NaN,NaN
5,NaN,NaN,NaN,NaN,NaN,NaN,NaN,NaN
6,NaN,NaN,NaN,NaN,NaN,NaN,NaN,NaN
7,NaN,NaN,NaN,NaN,NaN,NaN,NaN,NaN
8,NaN,NaN,NaN,NaN,NaN,NaN,NaN,NaN
9,NaN,NaN,NaN,NaN,NaN,NaN,NaN,NaN
10,NaN,NaN,NaN,NaN,NaN,NaN,NaN,NaN
11,NaN,NaN,NaN,NaN,NaN,NaN,NaN,NaN
1,NaN,NaN,NaN,NaN,NaN,NaN,NaN,NaN
2,NaN,NaN,NaN,NaN,NaN,NaN,NaN,NaN
3,NaN,NaN,NaN,NaN,NaN,NaN,NaN,NaN
4,NaN,NaN,NaN,NaN,NaN,NaN,NaN,NaN
5,NaN,NaN,NaN,NaN,NaN,NaN,NaN,NaN
6,NaN,NaN,NaN,NaN,NaN,NaN,NaN,NaN
7,NaN,NaN,NaN,NaN,NaN,NaN,NaN,NaN
8,NaN,NaN,NaN,NaN,NaN,NaN,NaN,NaN
9,NaN,NaN,NaN,NaN,NaN,NaN,NaN,NaN
10,NaN,NaN,NaN,NaN,NaN,NaN,NaN,NaN
11,NaN,NaN,NaN,NaN,NaN,NaN,NaN,NaN
1,NaN,NaN,NaN,NaN,NaN,NaN,NaN,NaN
2,NaN,NaN,NaN,NaN,NaN,NaN,NaN,NaN
3,NaN,NaN,NaN,NaN,NaN,NaN,NaN,NaN
4,NaN,NaN,NaN,NaN,NaN,NaN,NaN,NaN
5,NaN,NaN,NaN,NaN,NaN,NaN,NaN,NaN
6,NaN,NaN,NaN,NaN,NaN,NaN,NaN,NaN
7,NaN,NaN,NaN,NaN,NaN,NaN,NaN,NaN
8,NaN,NaN,NaN,NaN,NaN,NaN,NaN,NaN
9,NaN,NaN,NaN,NaN,NaN,NaN,NaN,NaN
10,NaN,NaN,NaN,NaN,NaN,NaN,NaN,NaN
11,NaN,NaN,NaN,NaN,NaN,NaN,NaN,NaN
1,NaN,NaN,NaN,NaN,NaN,NaN,NaN,NaN
2,NaN,NaN,NaN,NaN,NaN,NaN,NaN,NaN
3,NaN,NaN,NaN,NaN,NaN,NaN,NaN,NaN
4,NaN,NaN,NaN,NaN,NaN,NaN,NaN,NaN
5,NaN,NaN,NaN,NaN,NaN,NaN,NaN,NaN
6,NaN,NaN,NaN,NaN,NaN,NaN,NaN,NaN
7,NaN,NaN,NaN,NaN,NaN,NaN,NaN,NaN
8,NaN,NaN,NaN,NaN,NaN,NaN,NaN,NaN
9,NaN,NaN,NaN,NaN,NaN,NaN,NaN,NaN
10,NaN,NaN,NaN,NaN,NaN,NaN,NaN,NaN
11,NaN,NaN,NaN,NaN,NaN,NaN,NaN,NaN
1,NaN,NaN,NaN,NaN,NaN,NaN,NaN,NaN
2,NaN,NaN,NaN,NaN,NaN,NaN,NaN,NaN
3,NaN,NaN,NaN,NaN,NaN,NaN,NaN,NaN
4,NaN,NaN,NaN,NaN,NaN,NaN,NaN,NaN
5,NaN,NaN,NaN,NaN,NaN,NaN,NaN,NaN
6,NaN,NaN,NaN,NaN,NaN,NaN,NaN,NaN
7,NaN,NaN,NaN,NaN,NaN,NaN,NaN,NaN
8,NaN,NaN,NaN,NaN,NaN,NaN,NaN,NaN
9,NaN,NaN,NaN,NaN,NaN,NaN,NaN,NaN
10,NaN,NaN,NaN,NaN,NaN,NaN,NaN,NaN
11,NaN,NaN,NaN,NaN,NaN,NaN,NaN,NaN
1,NaN,NaN,NaN,NaN,NaN,NaN,NaN,NaN
2,NaN,NaN,NaN,NaN,NaN,NaN,NaN,NaN
3,NaN,NaN,NaN,NaN,NaN,NaN,NaN,NaN
4,NaN,NaN,NaN,NaN,NaN,NaN,NaN,NaN
5,NaN,NaN,NaN,NaN,NaN,NaN,NaN,NaN
6,NaN,NaN,NaN,NaN,NaN,NaN,NaN,NaN
7,NaN,NaN,NaN,NaN,NaN,NaN,NaN,NaN
8,NaN,NaN,NaN,NaN,NaN,NaN,NaN,NaN
9,NaN,NaN,NaN,NaN,NaN,NaN,NaN,NaN
10,NaN,NaN,NaN,NaN,NaN,NaN,NaN,NaN
11,NaN,NaN,NaN,NaN,NaN,NaN,NaN,NaN
1,NaN,NaN,NaN,NaN,NaN,NaN,NaN,NaN
2,NaN,NaN,NaN,NaN,NaN,NaN,NaN,NaN
3,NaN,NaN,NaN,NaN,NaN,NaN,NaN,NaN
4,NaN,NaN,NaN,NaN,NaN,NaN,NaN,NaN
5,NaN,NaN,NaN,NaN,NaN,NaN,NaN,NaN
6,NaN,NaN,NaN,NaN,NaN,NaN,NaN,NaN
7,NaN,NaN,NaN,NaN,NaN,NaN,NaN,NaN
8,NaN,NaN,NaN,NaN,NaN,NaN,NaN,NaN
9,NaN,NaN,NaN,NaN,NaN,NaN,NaN,NaN
10,NaN,NaN,NaN,NaN,NaN,NaN,NaN,NaN
11,NaN,NaN,NaN,NaN,NaN,NaN,NaN,NaN
1,NaN,NaN,NaN,NaN,NaN,NaN,NaN,NaN
2,NaN,NaN,NaN,NaN,NaN,NaN,NaN,NaN
3,NaN,NaN,NaN,NaN,NaN,NaN,NaN,NaN
4,NaN,NaN,NaN,NaN,NaN,NaN,NaN,NaN
5,NaN,NaN,NaN,NaN,NaN,NaN,NaN,NaN
6,NaN,NaN,NaN,NaN,NaN,NaN,NaN,NaN
7,NaN,NaN,NaN,NaN,NaN,NaN,NaN,NaN
8,NaN,NaN,NaN,NaN,NaN,NaN,NaN,NaN
9,NaN,NaN,NaN,NaN,NaN,NaN,NaN,NaN
10,NaN,NaN,NaN,NaN,NaN,NaN,NaN,NaN
11,NaN,NaN,NaN,NaN,NaN,NaN,NaN,NaN
1,NaN,NaN,NaN,NaN,NaN,NaN,NaN,NaN
2,NaN,NaN,NaN,NaN,NaN,NaN,NaN,NaN
3,NaN,NaN,NaN,NaN,NaN,NaN,NaN,NaN
4,NaN,NaN,NaN,NaN,NaN,NaN,NaN,NaN
5,NaN,NaN,NaN,NaN,NaN,NaN,NaN,NaN
6,NaN,NaN,NaN,NaN,NaN,NaN,NaN,NaN
7,NaN,NaN,NaN,NaN,NaN,NaN,NaN,NaN
8,NaN,NaN,NaN,NaN,NaN,NaN,NaN,NaN
9,NaN,NaN,NaN,NaN,NaN,NaN,NaN,NaN
10,NaN,NaN,NaN,NaN,NaN,NaN,NaN,NaN
11,NaN,NaN,NaN,NaN,NaN,NaN,NaN,NaN
1,NaN,NaN,NaN,NaN,NaN,NaN,NaN,NaN
2,NaN,NaN,NaN,NaN,NaN,NaN,NaN,NaN
3,NaN,NaN,NaN,NaN,NaN,NaN,NaN,NaN
4,NaN,NaN,NaN,NaN,NaN,NaN,NaN,NaN
5,NaN,NaN,NaN,NaN,NaN,NaN,NaN,NaN
6,NaN,NaN,NaN,NaN,NaN,NaN,NaN,NaN
7,NaN,NaN,NaN,NaN,NaN,NaN,NaN,NaN
8,NaN,NaN,NaN,NaN,NaN,NaN,NaN,NaN
9,NaN,NaN,NaN,NaN,NaN,NaN,NaN,NaN
10,NaN,NaN,NaN,NaN,NaN,NaN,NaN,NaN
11,NaN,NaN,NaN,NaN,NaN,NaN,NaN,NaN
1,NaN,NaN,NaN,NaN,NaN,NaN,NaN,NaN
2,NaN,NaN,NaN,NaN,NaN,NaN,NaN,NaN
3,NaN,NaN,NaN,NaN,NaN,NaN,NaN,NaN
4,NaN,NaN,NaN,NaN,NaN,NaN,NaN,NaN
5,NaN,NaN,NaN,NaN,NaN,NaN,NaN,NaN
6,NaN,NaN,NaN,NaN,NaN,NaN,NaN,NaN
7,NaN,NaN,NaN,NaN,NaN,NaN,NaN,NaN
8,NaN,NaN,NaN,NaN,NaN,NaN,NaN,NaN
9,NaN,NaN,NaN,NaN,NaN,NaN,NaN,NaN
10,NaN,NaN,NaN,NaN,NaN,NaN,NaN,NaN
11,NaN,NaN,NaN,NaN,NaN,NaN,NaN,NaN
1,NaN,NaN,NaN,NaN,NaN,NaN,NaN,NaN
2,NaN,NaN,NaN,NaN,NaN,NaN,NaN,NaN
3,NaN,NaN,NaN,NaN,NaN,NaN,NaN,NaN
4,NaN,NaN,NaN,NaN,NaN,NaN,NaN,NaN
5,NaN,NaN,NaN,NaN,NaN,NaN,NaN,NaN
6,NaN,NaN,NaN,NaN,NaN,NaN,NaN,NaN
7,NaN,NaN,NaN,NaN,NaN,NaN,NaN,NaN
8,NaN,NaN,NaN,NaN,NaN,NaN,NaN,NaN
9,NaN,NaN,NaN,NaN,NaN,NaN,NaN,NaN
10,NaN,NaN,NaN,NaN,NaN,NaN,NaN,NaN
11,NaN,NaN,NaN,NaN,NaN,NaN,NaN,NaN
1,NaN,NaN,NaN,NaN,NaN,NaN,NaN,NaN
2,NaN,NaN,NaN,NaN,NaN,NaN,NaN,NaN
3,NaN,NaN,NaN,NaN,NaN,NaN,NaN,NaN
4,NaN,NaN,NaN,NaN,NaN,NaN,NaN,NaN
5,NaN,NaN,NaN,NaN,NaN,NaN,NaN,NaN
6,NaN,NaN,NaN,NaN,NaN,NaN,NaN,NaN
7,NaN,NaN,NaN,NaN,NaN,NaN,NaN,NaN
8,NaN,NaN,NaN,NaN,NaN,NaN,NaN,NaN
9,NaN,NaN,NaN,NaN,NaN,NaN,NaN,NaN
10,NaN,NaN,NaN,NaN,NaN,NaN,NaN,NaN
11,NaN,NaN,NaN,NaN,NaN,NaN,NaN,NaN
1,NaN,NaN,NaN,NaN,NaN,NaN,NaN,NaN
2,NaN,NaN,NaN,NaN,NaN,NaN,NaN,NaN
3,NaN,NaN,NaN,NaN,NaN,NaN,NaN,NaN
4,NaN,NaN,NaN,NaN,NaN,NaN,NaN,NaN
5,NaN,NaN,NaN,NaN,NaN,NaN,NaN,NaN
6,NaN,NaN,NaN,NaN,NaN,NaN,NaN,NaN
7,NaN,NaN,NaN,NaN,NaN,NaN,NaN,NaN
8,NaN,NaN,NaN,NaN,NaN,NaN,NaN,NaN
9,NaN,NaN,NaN,NaN,NaN,NaN,NaN,NaN
10,NaN,NaN,NaN,NaN,NaN,NaN,NaN,NaN
11,NaN,NaN,NaN,NaN,NaN,NaN,NaN,NaN
1,NaN,NaN,NaN,NaN,NaN,NaN,NaN,NaN
2,NaN,NaN,NaN,NaN,NaN,NaN,NaN,NaN
3,NaN,NaN,NaN,NaN,NaN,NaN,NaN,NaN
4,NaN,NaN,NaN,NaN,NaN,NaN,NaN,NaN
5,NaN,NaN,NaN,NaN,NaN,NaN,NaN,NaN
6,NaN,NaN,NaN,NaN,NaN,NaN,NaN,NaN
7,NaN,NaN,NaN,NaN,NaN,NaN,NaN,NaN
8,NaN,NaN,NaN,NaN,NaN,NaN,NaN,NaN
9,NaN,NaN,NaN,NaN,NaN,NaN,NaN,NaN
10,NaN,NaN,NaN,NaN,NaN,NaN,NaN,NaN
11,NaN,NaN,NaN,NaN,NaN,NaN,NaN,NaN
1,NaN,NaN,NaN,NaN,NaN,NaN,NaN,NaN
2,NaN,NaN,NaN,NaN,NaN,NaN,NaN,NaN
3,NaN,NaN,NaN,NaN,NaN,NaN,NaN,NaN
4,NaN,NaN,NaN,NaN,NaN,NaN,NaN,NaN
5,NaN,NaN,NaN,NaN,NaN,NaN,NaN,NaN
6,NaN,NaN,NaN,NaN,NaN,NaN,NaN,NaN
7,NaN,NaN,NaN,NaN,NaN,NaN,NaN,NaN
8,NaN,NaN,NaN,NaN,NaN,NaN,NaN,NaN
9,NaN,NaN,NaN,NaN,NaN,NaN,NaN,NaN
10,NaN,NaN,NaN,NaN,NaN,NaN,NaN,NaN
11,NaN,NaN,NaN,NaN,NaN,NaN,NaN,NaN
1,NaN,NaN,NaN,NaN,NaN,NaN,NaN,NaN
2,NaN,NaN,NaN,NaN,NaN,NaN,NaN,NaN
3,NaN,NaN,NaN,NaN,NaN,NaN,NaN,NaN
4,NaN,NaN,NaN,NaN,NaN,NaN,NaN,NaN
5,NaN,NaN,NaN,NaN,NaN,NaN,NaN,NaN
6,NaN,NaN,NaN,NaN,NaN,NaN,NaN,NaN
7,NaN,NaN,NaN,NaN,NaN,NaN,NaN,NaN
8,NaN,NaN,NaN,NaN,NaN,NaN,NaN,NaN
9,NaN,NaN,NaN,NaN,NaN,NaN,NaN,NaN
10,NaN,NaN,NaN,NaN,NaN,NaN,NaN,NaN
11,NaN,NaN,NaN,NaN,NaN,NaN,NaN,NaN
1,NaN,NaN,NaN,NaN,NaN,NaN,NaN,NaN
2,NaN,NaN,NaN,NaN,NaN,NaN,NaN,NaN
3,NaN,NaN,NaN,NaN,NaN,NaN,NaN,NaN
4,NaN,NaN,NaN,NaN,NaN,NaN,NaN,NaN
5,NaN,NaN,NaN,NaN,NaN,NaN,NaN,NaN
6,NaN,NaN,NaN,NaN,NaN,NaN,NaN,NaN
7,NaN,NaN,NaN,NaN,NaN,NaN,NaN,NaN
8,NaN,NaN,NaN,NaN,NaN,NaN,NaN,NaN
9,NaN,NaN,NaN,NaN,NaN,NaN,NaN,NaN
10,NaN,NaN,NaN,NaN,NaN,NaN,NaN,NaN
11,NaN,NaN,NaN,NaN,NaN,NaN,NaN,NaN
1,NaN,NaN,NaN,NaN,NaN,NaN,NaN,NaN
2,NaN,NaN,NaN,NaN,NaN,NaN,NaN,NaN
3,NaN,NaN,NaN,NaN,NaN,NaN,NaN,NaN
4,NaN,NaN,NaN,NaN,NaN,NaN,NaN,NaN
5,NaN,NaN,NaN,NaN,NaN,NaN,NaN,NaN
6,NaN,NaN,NaN,NaN,NaN,NaN,NaN,NaN
7,NaN,NaN,NaN,NaN,NaN,NaN,NaN,NaN
8,NaN,NaN,NaN,NaN,NaN,NaN,NaN,NaN
9,NaN,NaN,NaN,NaN,NaN,NaN,NaN,NaN
10,NaN,NaN,NaN,NaN,NaN,NaN,NaN,NaN
11,NaN,NaN,NaN,NaN,NaN,NaN,NaN,NaN
1,NaN,NaN,NaN,NaN,NaN,NaN,NaN,NaN
2,NaN,NaN,NaN,NaN,NaN,NaN,NaN,NaN
3,NaN,NaN,NaN,NaN,NaN,NaN,NaN,NaN
4,NaN,NaN,NaN,NaN,NaN,NaN,NaN,NaN
5,NaN,NaN,NaN,NaN,NaN,NaN,NaN,NaN
6,NaN,NaN,NaN,NaN,NaN,NaN,NaN,NaN
7,NaN,NaN,NaN,NaN,NaN,NaN,NaN,NaN
8,NaN,NaN,NaN,NaN,NaN,NaN,NaN,NaN
9,NaN,NaN,NaN,NaN,NaN,NaN,NaN,NaN
10,NaN,NaN,NaN,NaN,NaN,NaN,NaN,NaN
11,NaN,NaN,NaN,NaN,NaN,NaN,NaN,NaN
1,NaN,NaN,NaN,NaN,NaN,NaN,NaN,NaN
2,NaN,NaN,NaN,NaN,NaN,NaN,NaN,NaN
3,NaN,NaN,NaN,NaN,NaN,NaN,NaN,NaN
4,NaN,NaN,NaN,NaN,NaN,NaN,NaN,NaN
5,NaN,NaN,NaN,NaN,NaN,NaN,NaN,NaN
6,NaN,NaN,NaN,NaN,NaN,NaN,NaN,NaN
7,NaN,NaN,NaN,NaN,NaN,NaN,NaN,NaN
8,NaN,NaN,NaN,NaN,NaN,NaN,NaN,NaN
9,NaN,NaN,NaN,NaN,NaN,NaN,NaN,NaN
10,NaN,NaN,NaN,NaN,NaN,NaN,NaN,NaN
11,NaN,NaN,NaN,NaN,NaN,NaN,NaN,NaN
1,NaN,NaN,NaN,NaN,NaN,NaN,NaN,NaN
2,NaN,NaN,NaN,NaN,NaN,NaN,NaN,NaN
3,NaN,NaN,NaN,NaN,NaN,NaN,NaN,NaN
4,NaN,NaN,NaN,NaN,NaN,NaN,NaN,NaN
5,NaN,NaN,NaN,NaN,NaN,NaN,NaN,NaN
6,NaN,NaN,NaN,NaN,NaN,NaN,NaN,NaN
7,NaN,NaN,NaN,NaN,NaN,NaN,NaN,NaN
8,NaN,NaN,NaN,NaN,NaN,NaN,NaN,NaN
9,NaN,NaN,NaN,NaN,NaN,NaN,NaN,NaN
10,NaN,NaN,NaN,NaN,NaN,NaN,NaN,NaN
11,NaN,NaN,NaN,NaN,NaN,NaN,NaN,NaN
1,NaN,NaN,NaN,NaN,NaN,NaN,NaN,NaN
2,NaN,NaN,NaN,NaN,NaN,NaN,NaN,NaN
3,NaN,NaN,NaN,NaN,NaN,NaN,NaN,NaN
4,NaN,NaN,NaN,NaN,NaN,NaN,NaN,NaN
5,NaN,NaN,NaN,NaN,NaN,NaN,NaN,NaN
6,NaN,NaN,NaN,NaN,NaN,NaN,NaN,NaN
7,NaN,NaN,NaN,NaN,NaN,NaN,NaN,NaN
8,NaN,NaN,NaN,NaN,NaN,NaN,NaN,NaN
9,NaN,NaN,NaN,NaN,NaN,NaN,NaN,NaN
10,NaN,NaN,NaN,NaN,NaN,NaN,NaN,NaN
11,NaN,NaN,NaN,NaN,NaN,NaN,NaN,NaN
1,NaN,NaN,NaN,NaN,NaN,NaN,NaN,NaN
2,NaN,NaN,NaN,NaN,NaN,NaN,NaN,NaN
3,NaN,NaN,NaN,NaN,NaN,NaN,NaN,NaN
4,NaN,NaN,NaN,NaN,NaN,NaN,NaN,NaN
5,NaN,NaN,NaN,NaN,NaN,NaN,NaN,NaN
6,NaN,NaN,NaN,NaN,NaN,NaN,NaN,NaN
7,NaN,NaN,NaN,NaN,NaN,NaN,NaN,NaN
8,NaN,NaN,NaN,NaN,NaN,NaN,NaN,NaN
9,NaN,NaN,NaN,NaN,NaN,NaN,NaN,NaN
10,NaN,NaN,NaN,NaN,NaN,NaN,NaN,NaN
11,NaN,NaN,NaN,NaN,NaN,NaN,NaN,NaN
1,NaN,NaN,NaN,NaN,NaN,NaN,NaN,NaN
2,NaN,NaN,NaN,NaN,NaN,NaN,NaN,NaN
3,NaN,NaN,NaN,NaN,NaN,NaN,NaN,NaN
4,NaN,NaN,NaN,NaN,NaN,NaN,NaN,NaN
5,NaN,NaN,NaN,NaN,NaN,NaN,NaN,NaN
6,NaN,NaN,NaN,NaN,NaN,NaN,NaN,NaN
7,NaN,NaN,NaN,NaN,NaN,NaN,NaN,NaN
8,NaN,NaN,NaN,NaN,NaN,NaN,NaN,NaN
9,NaN,NaN,NaN,NaN,NaN,NaN,NaN,NaN
10,NaN,NaN,NaN,NaN,NaN,NaN,NaN,NaN
11,NaN,NaN,NaN,NaN,NaN,NaN,NaN,NaN
1,NaN,NaN,NaN,NaN,NaN,NaN,NaN,NaN
2,NaN,NaN,NaN,NaN,NaN,NaN,NaN,NaN
3,NaN,NaN,NaN,NaN,NaN,NaN,NaN,NaN
4,NaN,NaN,NaN,NaN,NaN,NaN,NaN,NaN
5,NaN,NaN,NaN,NaN,NaN,NaN,NaN,NaN
6,NaN,NaN,NaN,NaN,NaN,NaN,NaN,NaN
7,NaN,NaN,NaN,NaN,NaN,NaN,NaN,NaN
8,NaN,NaN,NaN,NaN,NaN,NaN,NaN,NaN
9,NaN,NaN,NaN,NaN,NaN,NaN,NaN,NaN
10,NaN,NaN,NaN,NaN,NaN,NaN,NaN,NaN
11,NaN,NaN,NaN,NaN,NaN,NaN,NaN,NaN
1,NaN,NaN,NaN,NaN,NaN,NaN,NaN,NaN
2,NaN,NaN,NaN,NaN,NaN,NaN,NaN,NaN
3,NaN,NaN,NaN,NaN,NaN,NaN,NaN,NaN
4,NaN,NaN,NaN,NaN,NaN,NaN,NaN,NaN
5,NaN,NaN,NaN,NaN,NaN,NaN,NaN,NaN
6,NaN,NaN,NaN,NaN,NaN,NaN,NaN,NaN
7,NaN,NaN,NaN,NaN,NaN,NaN,NaN,NaN
8,NaN,NaN,NaN,NaN,NaN,NaN,NaN,NaN
9,NaN,NaN,NaN,NaN,NaN,NaN,NaN,NaN
10,NaN,NaN,NaN,NaN,NaN,NaN,NaN,NaN
11,NaN,NaN,NaN,NaN,NaN,NaN,NaN,NaN
1,NaN,NaN,NaN,NaN,NaN,NaN,NaN,NaN
2,NaN,NaN,NaN,NaN,NaN,NaN,NaN,NaN
3,NaN,NaN,NaN,NaN,NaN,NaN,NaN,NaN
4,NaN,NaN,NaN,NaN,NaN,NaN,NaN,NaN
5,NaN,NaN,NaN,NaN,NaN,NaN,NaN,NaN
6,NaN,NaN,NaN,NaN,NaN,NaN,NaN,NaN
7,NaN,NaN,NaN,NaN,NaN,NaN,NaN,NaN
8,NaN,NaN,NaN,NaN,NaN,NaN,NaN,NaN
9,NaN,NaN,NaN,NaN,NaN,NaN,NaN,NaN
10,NaN,NaN,NaN,NaN,NaN,NaN,NaN,NaN
11,NaN,NaN,NaN,NaN,NaN,NaN,NaN,NaN
1,NaN,NaN,NaN,NaN,NaN,NaN,NaN,NaN
2,NaN,NaN,NaN,NaN,NaN,NaN,NaN,NaN
3,NaN,NaN,NaN,NaN,NaN,NaN,NaN,NaN
4,NaN,NaN,NaN,NaN,NaN,NaN,NaN,NaN
5,NaN,NaN,NaN,NaN,NaN,NaN,NaN,NaN
6,NaN,NaN,NaN,NaN,NaN,NaN,NaN,NaN
7,NaN,NaN,NaN,NaN,NaN,NaN,NaN,NaN
8,NaN,NaN,NaN,NaN,NaN,NaN,NaN,NaN
9,NaN,NaN,NaN,NaN,NaN,NaN,NaN,NaN
10,NaN,NaN,NaN,NaN,NaN,NaN,NaN,NaN
11,NaN,NaN,NaN,NaN,NaN,NaN,NaN,NaN
1,NaN,NaN,NaN,NaN,NaN,NaN,NaN,NaN
2,NaN,NaN,NaN,NaN,NaN,NaN,NaN,NaN
3,NaN,NaN,NaN,NaN,NaN,NaN,NaN,NaN
4,NaN,NaN,NaN,NaN,NaN,NaN,NaN,NaN
5,NaN,NaN,NaN,NaN,NaN,NaN,NaN,NaN
6,NaN,NaN,NaN,NaN,NaN,NaN,NaN,NaN
7,NaN,NaN,NaN,NaN,NaN,NaN,NaN,NaN
8,NaN,NaN,NaN,NaN,NaN,NaN,NaN,NaN
9,NaN,NaN,NaN,NaN,NaN,NaN,NaN,NaN
10,NaN,NaN,NaN,NaN,NaN,NaN,NaN,NaN
11,NaN,NaN,NaN,NaN,NaN,NaN,NaN,NaN
1,NaN,NaN,NaN,NaN,NaN,NaN,NaN,NaN
2,NaN,NaN,NaN,NaN,NaN,NaN,NaN,NaN
3,NaN,NaN,NaN,NaN,NaN,NaN,NaN,NaN
4,NaN,NaN,NaN,NaN,NaN,NaN,NaN,NaN
5,NaN,NaN,NaN,NaN,NaN,NaN,NaN,NaN
6,NaN,NaN,NaN,NaN,NaN,NaN,NaN,NaN
7,NaN,NaN,NaN,NaN,NaN,NaN,NaN,NaN
8,NaN,NaN,NaN,NaN,NaN,NaN,NaN,NaN
9,NaN,NaN,NaN,NaN,NaN,NaN,NaN,NaN
10,NaN,NaN,NaN,NaN,NaN,NaN,NaN,NaN
11,NaN,NaN,NaN,NaN,NaN,NaN,NaN,NaN
1,NaN,NaN,NaN,NaN,NaN,NaN,NaN,NaN
2,NaN,NaN,NaN,NaN,NaN,NaN,NaN,NaN
3,NaN,NaN,NaN,NaN,NaN,NaN,NaN,NaN
4,NaN,NaN,NaN,NaN,NaN,NaN,NaN,NaN
5,NaN,NaN,NaN,NaN,NaN,NaN,NaN,NaN
6,NaN,NaN,NaN,NaN,NaN,NaN,NaN,NaN
7,NaN,NaN,NaN,NaN,NaN,NaN,NaN,NaN
8,NaN,NaN,NaN,NaN,NaN,NaN,NaN,NaN
9,NaN,NaN,NaN,NaN,NaN,NaN,NaN,NaN
10,NaN,NaN,NaN,NaN,NaN,NaN,NaN,NaN
11,NaN,NaN,NaN,NaN,NaN,NaN,NaN,NaN
1,NaN,NaN,NaN,NaN,NaN,NaN,NaN,NaN
2,NaN,NaN,NaN,NaN,NaN,NaN,NaN,NaN
3,NaN,NaN,NaN,NaN,NaN,NaN,NaN,NaN
4,NaN,NaN,NaN,NaN,NaN,NaN,NaN,NaN
5,NaN,NaN,NaN,NaN,NaN,NaN,NaN,NaN
6,NaN,NaN,NaN,NaN,NaN,NaN,NaN,NaN
7,NaN,NaN,NaN,NaN,NaN,NaN,NaN,NaN
8,NaN,NaN,NaN,NaN,NaN,NaN,NaN,NaN
9,NaN,NaN,NaN,NaN,NaN,NaN,NaN,NaN
10,NaN,NaN,NaN,NaN,NaN,NaN,NaN,NaN
11,NaN,NaN,NaN,NaN,NaN,NaN,NaN,NaN
1,NaN,NaN,NaN,NaN,NaN,NaN,NaN,NaN
2,NaN,NaN,NaN,NaN,NaN,NaN,NaN,NaN
3,NaN,NaN,NaN,NaN,NaN,NaN,NaN,NaN
4,NaN,NaN,NaN,NaN,NaN,NaN,NaN,NaN
5,NaN,NaN,NaN,NaN,NaN,NaN,NaN,NaN
6,NaN,NaN,NaN,NaN,NaN,NaN,NaN,NaN
7,NaN,NaN,NaN,NaN,NaN,NaN,NaN,NaN
8,NaN,NaN,NaN,NaN,NaN,NaN,NaN,NaN
9,NaN,NaN,NaN,NaN,NaN,NaN,NaN,NaN
10,NaN,NaN,NaN,NaN,NaN,NaN,NaN,NaN
11,NaN,NaN,NaN,NaN,NaN,NaN,NaN,NaN
1,NaN,NaN,NaN,NaN,NaN,NaN,NaN,NaN
2,NaN,NaN,NaN,NaN,NaN,NaN,NaN,NaN
3,NaN,NaN,NaN,NaN,NaN,NaN,NaN,NaN
4,NaN,NaN,NaN,NaN,NaN,NaN,NaN,NaN
5,NaN,NaN,NaN,NaN,NaN,NaN,NaN,NaN
6,NaN,NaN,NaN,NaN,NaN,NaN,NaN,NaN
7,NaN,NaN,NaN,NaN,NaN,NaN,NaN,NaN
8,NaN,NaN,NaN,NaN,NaN,NaN,NaN,NaN
9,NaN,NaN,NaN,NaN,NaN,NaN,NaN,NaN
10,NaN,NaN,NaN,NaN,NaN,NaN,NaN,NaN
11,NaN,NaN,NaN,NaN,NaN,NaN,NaN,NaN
1,NaN,NaN,NaN,NaN,NaN,NaN,NaN,NaN
2,NaN,NaN,NaN,NaN,NaN,NaN,NaN,NaN
3,NaN,NaN,NaN,NaN,NaN,NaN,NaN,NaN
4,NaN,NaN,NaN,NaN,NaN,NaN,NaN,NaN
5,NaN,NaN,NaN,NaN,NaN,NaN,NaN,NaN
6,NaN,NaN,NaN,NaN,NaN,NaN,NaN,NaN
7,NaN,NaN,NaN,NaN,NaN,NaN,NaN,NaN
8,NaN,NaN,NaN,NaN,NaN,NaN,NaN,NaN
9,NaN,NaN,NaN,NaN,NaN,NaN,NaN,NaN
10,NaN,NaN,NaN,NaN,NaN,NaN,NaN,NaN
11,NaN,NaN,NaN,NaN,NaN,NaN,NaN,NaN
1,NaN,NaN,NaN,NaN,NaN,NaN,NaN,NaN
2,NaN,NaN,NaN,NaN,NaN,NaN,NaN,NaN
3,NaN,NaN,NaN,NaN,NaN,NaN,NaN,NaN
4,NaN,NaN,NaN,NaN,NaN,NaN,NaN,NaN
5,NaN,NaN,NaN,NaN,NaN,NaN,NaN,NaN
6,NaN,NaN,NaN,NaN,NaN,NaN,NaN,NaN
7,NaN,NaN,NaN,NaN,NaN,NaN,NaN,NaN
8,NaN,NaN,NaN,NaN,NaN,NaN,NaN,NaN
9,NaN,NaN,NaN,NaN,NaN,NaN,NaN,NaN
10,NaN,NaN,NaN,NaN,NaN,NaN,NaN,NaN
11,NaN,NaN,NaN,NaN,NaN,NaN,NaN,NaN
1,NaN,NaN,NaN,NaN,NaN,NaN,NaN,NaN
2,NaN,NaN,NaN,NaN,NaN,NaN,NaN,NaN
3,NaN,NaN,NaN,NaN,NaN,NaN,NaN,NaN
4,NaN,NaN,NaN,NaN,NaN,NaN,NaN,NaN
5,NaN,NaN,NaN,NaN,NaN,NaN,NaN,NaN
6,NaN,NaN,NaN,NaN,NaN,NaN,NaN,NaN
7,NaN,NaN,NaN,NaN,NaN,NaN,NaN,NaN
8,NaN,NaN,NaN,NaN,NaN,NaN,NaN,NaN
9,NaN,NaN,NaN,NaN,NaN,NaN,NaN,NaN
10,NaN,NaN,NaN,NaN,NaN,NaN,NaN,NaN
11,NaN,NaN,NaN,NaN,NaN,NaN,NaN,NaN
1,NaN,NaN,NaN,NaN,NaN,NaN,NaN,NaN
2,NaN,NaN,NaN,NaN,NaN,NaN,NaN,NaN
3,NaN,NaN,NaN,NaN,NaN,NaN,NaN,NaN
4,NaN,NaN,NaN,NaN,NaN,NaN,NaN,NaN
5,NaN,NaN,NaN,NaN,NaN,NaN,NaN,NaN
6,NaN,NaN,NaN,NaN,NaN,NaN,NaN,NaN
7,NaN,NaN,NaN,NaN,NaN,NaN,NaN,NaN
8,NaN,NaN,NaN,NaN,NaN,NaN,NaN,NaN
9,NaN,NaN,NaN,NaN,NaN,NaN,NaN,NaN
10,NaN,NaN,NaN,NaN,NaN,NaN,NaN,NaN
11,NaN,NaN,NaN,NaN,NaN,NaN,NaN,NaN
1,NaN,NaN,NaN,NaN,NaN,NaN,NaN,NaN
2,NaN,NaN,NaN,NaN,NaN,NaN,NaN,NaN
3,NaN,NaN,NaN,NaN,NaN,NaN,NaN,NaN
4,NaN,NaN,NaN,NaN,NaN,NaN,NaN,NaN
5,NaN,NaN,NaN,NaN,NaN,NaN,NaN,NaN
6,NaN,NaN,NaN,NaN,NaN,NaN,NaN,NaN
7,NaN,NaN,NaN,NaN,NaN,NaN,NaN,NaN
8,NaN,NaN,NaN,NaN,NaN,NaN,NaN,NaN
9,NaN,NaN,NaN,NaN,NaN,NaN,NaN,NaN
10,NaN,NaN,NaN,NaN,NaN,NaN,NaN,NaN
11,NaN,NaN,NaN,NaN,NaN,NaN,NaN,NaN
1,NaN,NaN,NaN,NaN,NaN,NaN,NaN,NaN
2,NaN,NaN,NaN,NaN,NaN,NaN,NaN,NaN
3,NaN,NaN,NaN,NaN,NaN,NaN,NaN,NaN
4,NaN,NaN,NaN,NaN,NaN,NaN,NaN,NaN
5,NaN,NaN,NaN,NaN,NaN,NaN,NaN,NaN
6,NaN,NaN,NaN,NaN,NaN,NaN,NaN,NaN
7,NaN,NaN,NaN,NaN,NaN,NaN,NaN,NaN
8,NaN,NaN,NaN,NaN,NaN,NaN,NaN,NaN
9,NaN,NaN,NaN,NaN,NaN,NaN,NaN,NaN
10,NaN,NaN,NaN,NaN,NaN,NaN,NaN,NaN
11,NaN,NaN,NaN,NaN,NaN,NaN,NaN,NaN
1,NaN,NaN,NaN,NaN,NaN,NaN,NaN,NaN
2,NaN,NaN,NaN,NaN,NaN,NaN,NaN,NaN
3,NaN,NaN,NaN,NaN,NaN,NaN,NaN,NaN
4,NaN,NaN,NaN,NaN,NaN,NaN,NaN,NaN
5,NaN,NaN,NaN,NaN,NaN,NaN,NaN,NaN
6,NaN,NaN,NaN,NaN,NaN,NaN,NaN,NaN
7,NaN,NaN,NaN,NaN,NaN,NaN,NaN,NaN
8,NaN,NaN,NaN,NaN,NaN,NaN,NaN,NaN
9,NaN,NaN,NaN,NaN,NaN,NaN,NaN,NaN
10,NaN,NaN,NaN,NaN,NaN,NaN,NaN,NaN
11,NaN,NaN,NaN,NaN,NaN,NaN,NaN,NaN
1,NaN,NaN,NaN,NaN,NaN,NaN,NaN,NaN
2,NaN,NaN,NaN,NaN,NaN,NaN,NaN,NaN
3,NaN,NaN,NaN,NaN,NaN,NaN,NaN,NaN
4,NaN,NaN,NaN,NaN,NaN,NaN,NaN,NaN
5,NaN,NaN,NaN,NaN,NaN,NaN,NaN,NaN
6,NaN,NaN,NaN,NaN,NaN,NaN,NaN,NaN
7,NaN,NaN,NaN,NaN,NaN,NaN,NaN,NaN
8,NaN,NaN,NaN,NaN,NaN,NaN,NaN,NaN
9,NaN,NaN,NaN,NaN,NaN,NaN,NaN,NaN
10,NaN,NaN,NaN,NaN,NaN,NaN,NaN,NaN
11,NaN,NaN,NaN,NaN,NaN,NaN,NaN,NaN
1,NaN,NaN,NaN,NaN,NaN,NaN,NaN,NaN
2,NaN,NaN,NaN,NaN,NaN,NaN,NaN,NaN
3,NaN,NaN,NaN,NaN,NaN,NaN,NaN,NaN
4,NaN,NaN,NaN,NaN,NaN,NaN,NaN,NaN
5,NaN,NaN,NaN,NaN,NaN,NaN,NaN,NaN
6,NaN,NaN,NaN,NaN,NaN,NaN,NaN,NaN
7,NaN,NaN,NaN,NaN,NaN,NaN,NaN,NaN
8,NaN,NaN,NaN,NaN,NaN,NaN,NaN,NaN
9,NaN,NaN,NaN,NaN,NaN,NaN,NaN,NaN
10,NaN,NaN,NaN,NaN,NaN,NaN,NaN,NaN
11,NaN,NaN,NaN,NaN,NaN,NaN,NaN,NaN
1,NaN,NaN,NaN,NaN,NaN,NaN,NaN,NaN
2,NaN,NaN,NaN,NaN,NaN,NaN,NaN,NaN
3,NaN,NaN,NaN,NaN,NaN,NaN,NaN,NaN
4,NaN,NaN,NaN,NaN,NaN,NaN,NaN,NaN
5,NaN,NaN,NaN,NaN,NaN,NaN,NaN,NaN
6,NaN,NaN,NaN,NaN,NaN,NaN,NaN,NaN
7,NaN,NaN,NaN,NaN,NaN,NaN,NaN,NaN
8,NaN,NaN,NaN,NaN,NaN,NaN,NaN,NaN
9,NaN,NaN,NaN,NaN,NaN,NaN,NaN,NaN
10,NaN,NaN,NaN,NaN,NaN,NaN,NaN,NaN
11,NaN,NaN,NaN,NaN,NaN,NaN,NaN,NaN
1,NaN,NaN,NaN,NaN,NaN,NaN,NaN,NaN
2,NaN,NaN,NaN,NaN,NaN,NaN,NaN,NaN
3,NaN,NaN,NaN,NaN,NaN,NaN,NaN,NaN
4,NaN,NaN,NaN,NaN,NaN,NaN,NaN,NaN
5,NaN,NaN,NaN,NaN,NaN,NaN,NaN,NaN
6,NaN,NaN,NaN,NaN,NaN,NaN,NaN,NaN
7,NaN,NaN,NaN,NaN,NaN,NaN,NaN,NaN
8,NaN,NaN,NaN,NaN,NaN,NaN,NaN,NaN
9,NaN,NaN,NaN,NaN,NaN,NaN,NaN,NaN
10,NaN,NaN,NaN,NaN,NaN,NaN,NaN,NaN
11,NaN,NaN,NaN,NaN,NaN,NaN,NaN,NaN
1,NaN,NaN,NaN,NaN,NaN,NaN,NaN,NaN
2,NaN,NaN,NaN,NaN,NaN,NaN,NaN,NaN
3,NaN,NaN,NaN,NaN,NaN,NaN,NaN,NaN
4,NaN,NaN,NaN,NaN,NaN,NaN,NaN,NaN
5,NaN,NaN,NaN,NaN,NaN,NaN,NaN,NaN
6,NaN,NaN,NaN,NaN,NaN,NaN,NaN,NaN
7,NaN,NaN,NaN,NaN,NaN,NaN,NaN,NaN
8,NaN,NaN,NaN,NaN,NaN,NaN,NaN,NaN
9,NaN,NaN,NaN,NaN,NaN,NaN,NaN,NaN
10,NaN,NaN,NaN,NaN,NaN,NaN,NaN,NaN
11,NaN,NaN,NaN,NaN,NaN,NaN,NaN,NaN
1,NaN,NaN,NaN,NaN,NaN,NaN,NaN,NaN
2,NaN,NaN,NaN,NaN,NaN,NaN,NaN,NaN
3,NaN,NaN,NaN,NaN,NaN,NaN,NaN,NaN
4,NaN,NaN,NaN,NaN,NaN,NaN,NaN,NaN
5,NaN,NaN,NaN,NaN,NaN,NaN,NaN,NaN
6,NaN,NaN,NaN,NaN,NaN,NaN,NaN,NaN
7,NaN,NaN,NaN,NaN,NaN,NaN,NaN,NaN
8,NaN,NaN,NaN,NaN,NaN,NaN,NaN,NaN
9,NaN,NaN,NaN,NaN,NaN,NaN,NaN,NaN
10,NaN,NaN,NaN,NaN,NaN,NaN,NaN,NaN
11,NaN,NaN,NaN,NaN,NaN,NaN,NaN,NaN
1,NaN,NaN,NaN,NaN,NaN,NaN,NaN,NaN
2,NaN,NaN,NaN,NaN,NaN,NaN,NaN,NaN
3,NaN,NaN,NaN,NaN,NaN,NaN,NaN,NaN
4,NaN,NaN,NaN,NaN,NaN,NaN,NaN,NaN
5,NaN,NaN,NaN,NaN,NaN,NaN,NaN,NaN
6,NaN,NaN,NaN,NaN,NaN,NaN,NaN,NaN
7,NaN,NaN,NaN,NaN,NaN,NaN,NaN,NaN
8,NaN,NaN,NaN,NaN,NaN,NaN,NaN,NaN
9,NaN,NaN,NaN,NaN,NaN,NaN,NaN,NaN
10,NaN,NaN,NaN,NaN,NaN,NaN,NaN,NaN
11,NaN,NaN,NaN,NaN,NaN,NaN,NaN,NaN
1,NaN,NaN,NaN,NaN,NaN,NaN,NaN,NaN
2,NaN,NaN,NaN,NaN,NaN,NaN,NaN,NaN
3,NaN,NaN,NaN,NaN,NaN,NaN,NaN,NaN
4,NaN,NaN,NaN,NaN,NaN,NaN,NaN,NaN
5,NaN,NaN,NaN,NaN,NaN,NaN,NaN,NaN
6,NaN,NaN,NaN,NaN,NaN,NaN,NaN,NaN
7,NaN,NaN,NaN,NaN,NaN,NaN,NaN,NaN
8,NaN,NaN,NaN,NaN,NaN,NaN,NaN,NaN
9,NaN,NaN,NaN,NaN,NaN,NaN,NaN,NaN
10,NaN,NaN,NaN,NaN,NaN,NaN,NaN,NaN
11,NaN,NaN,NaN,NaN,NaN,NaN,NaN,NaN
1,NaN,NaN,NaN,NaN,NaN,NaN,NaN,NaN
2,NaN,NaN,NaN,NaN,NaN,NaN,NaN,NaN
3,NaN,NaN,NaN,NaN,NaN,NaN,NaN,NaN
4,NaN,NaN,NaN,NaN,NaN,NaN,NaN,NaN
5,NaN,NaN,NaN,NaN,NaN,NaN,NaN,NaN
6,NaN,NaN,NaN,NaN,NaN,NaN,NaN,NaN
7,NaN,NaN,NaN,NaN,NaN,NaN,NaN,NaN
8,NaN,NaN,NaN,NaN,NaN,NaN,NaN,NaN
9,NaN,NaN,NaN,NaN,NaN,NaN,NaN,NaN
10,NaN,NaN,NaN,NaN,NaN,NaN,NaN,NaN
11,NaN,NaN,NaN,NaN,NaN,NaN,NaN,NaN
1,NaN,NaN,NaN,NaN,NaN,NaN,NaN,NaN
2,NaN,NaN,NaN,NaN,NaN,NaN,NaN,NaN
3,NaN,NaN,NaN,NaN,NaN,NaN,NaN,NaN
4,NaN,NaN,NaN,NaN,NaN,NaN,NaN,NaN
5,NaN,NaN,NaN,NaN,NaN,NaN,NaN,NaN
6,NaN,NaN,NaN,NaN,NaN,NaN,NaN,NaN
7,NaN,NaN,NaN,NaN,NaN,NaN,NaN,NaN
8,NaN,NaN,NaN,NaN,NaN,NaN,NaN,NaN
9,NaN,NaN,NaN,NaN,NaN,NaN,NaN,NaN
10,NaN,NaN,NaN,NaN,NaN,NaN,NaN,NaN
11,NaN,NaN,NaN,NaN,NaN,NaN,NaN,NaN
1,NaN,NaN,NaN,NaN,NaN,NaN,NaN,NaN
2,NaN,NaN,NaN,NaN,NaN,NaN,NaN,NaN
3,NaN,NaN,NaN,NaN,NaN,NaN,NaN,NaN
4,NaN,NaN,NaN,NaN,NaN,NaN,NaN,NaN
5,NaN,NaN,NaN,NaN,NaN,NaN,NaN,NaN
6,NaN,NaN,NaN,NaN,NaN,NaN,NaN,NaN
7,NaN,NaN,NaN,NaN,NaN,NaN,NaN,NaN
8,NaN,NaN,NaN,NaN,NaN,NaN,NaN,NaN
9,NaN,NaN,NaN,NaN,NaN,NaN,NaN,NaN
10,NaN,NaN,NaN,NaN,NaN,NaN,NaN,NaN
11,NaN,NaN,NaN,NaN,NaN,NaN,NaN,NaN
1,NaN,NaN,NaN,NaN,NaN,NaN,NaN,NaN
2,NaN,NaN,NaN,NaN,NaN,NaN,NaN,NaN
3,NaN,NaN,NaN,NaN,NaN,NaN,NaN,NaN
4,NaN,NaN,NaN,NaN,NaN,NaN,NaN,NaN
5,NaN,NaN,NaN,NaN,NaN,NaN,NaN,NaN
6,NaN,NaN,NaN,NaN,NaN,NaN,NaN,NaN
7,NaN,NaN,NaN,NaN,NaN,NaN,NaN,NaN
8,NaN,NaN,NaN,NaN,NaN,NaN,NaN,NaN
9,NaN,NaN,NaN,NaN,NaN,NaN,NaN,NaN
10,NaN,NaN,NaN,NaN,NaN,NaN,NaN,NaN
11,NaN,NaN,NaN,NaN,NaN,NaN,NaN,NaN
1,NaN,NaN,NaN,NaN,NaN,NaN,NaN,NaN
2,NaN,NaN,NaN,NaN,NaN,NaN,NaN,NaN
3,NaN,NaN,NaN,NaN,NaN,NaN,NaN,NaN
4,NaN,NaN,NaN,NaN,NaN,NaN,NaN,NaN
5,NaN,NaN,NaN,NaN,NaN,NaN,NaN,NaN
6,NaN,NaN,NaN,NaN,NaN,NaN,NaN,NaN
7,NaN,NaN,NaN,NaN,NaN,NaN,NaN,NaN
8,NaN,NaN,NaN,NaN,NaN,NaN,NaN,NaN
9,NaN,NaN,NaN,NaN,NaN,NaN,NaN,NaN
10,NaN,NaN,NaN,NaN,NaN,NaN,NaN,NaN
11,NaN,NaN,NaN,NaN,NaN,NaN,NaN,NaN
1,NaN,NaN,NaN,NaN,NaN,NaN,NaN,NaN
2,NaN,NaN,NaN,NaN,NaN,NaN,NaN,NaN
3,NaN,NaN,NaN,NaN,NaN,NaN,NaN,NaN
4,NaN,NaN,NaN,NaN,NaN,NaN,NaN,NaN
5,NaN,NaN,NaN,NaN,NaN,NaN,NaN,NaN
6,NaN,NaN,NaN,NaN,NaN,NaN,NaN,NaN
7,NaN,NaN,NaN,NaN,NaN,NaN,NaN,NaN
8,NaN,NaN,NaN,NaN,NaN,NaN,NaN,NaN
9,NaN,NaN,NaN,NaN,NaN,NaN,NaN,NaN
10,NaN,NaN,NaN,NaN,NaN,NaN,NaN,NaN
11,NaN,NaN,NaN,NaN,NaN,NaN,NaN,NaN
1,NaN,NaN,NaN,NaN,NaN,NaN,NaN,NaN
2,NaN,NaN,NaN,NaN,NaN,NaN,NaN,NaN
3,NaN,NaN,NaN,NaN,NaN,NaN,NaN,NaN
4,NaN,NaN,NaN,NaN,NaN,NaN,NaN,NaN
5,NaN,NaN,NaN,NaN,NaN,NaN,NaN,NaN
6,NaN,NaN,NaN,NaN,NaN,NaN,NaN,NaN
7,NaN,NaN,NaN,NaN,NaN,NaN,NaN,NaN
8,NaN,NaN,NaN,NaN,NaN,NaN,NaN,NaN
9,NaN,NaN,NaN,NaN,NaN,NaN,NaN,NaN
10,NaN,NaN,NaN,NaN,NaN,NaN,NaN,NaN
11,NaN,NaN,NaN,NaN,NaN,NaN,NaN,NaN
1,NaN,NaN,NaN,NaN,NaN,NaN,NaN,NaN
2,NaN,NaN,NaN,NaN,NaN,NaN,NaN,NaN
3,NaN,NaN,NaN,NaN,NaN,NaN,NaN,NaN
4,NaN,NaN,NaN,NaN,NaN,NaN,NaN,NaN
5,NaN,NaN,NaN,NaN,NaN,NaN,NaN,NaN
6,NaN,NaN,NaN,NaN,NaN,NaN,NaN,NaN
7,NaN,NaN,NaN,NaN,NaN,NaN,NaN,NaN
8,NaN,NaN,NaN,NaN,NaN,NaN,NaN,NaN
9,NaN,NaN,NaN,NaN,NaN,NaN,NaN,NaN
10,NaN,NaN,NaN,NaN,NaN,NaN,NaN,NaN
11,NaN,NaN,NaN,NaN,NaN,NaN,NaN,NaN
1,NaN,NaN,NaN,NaN,NaN,NaN,NaN,NaN
2,NaN,NaN,NaN,NaN,NaN,NaN,NaN,NaN
3,NaN,NaN,NaN,NaN,NaN,NaN,NaN,NaN
4,NaN,NaN,NaN,NaN,NaN,NaN,NaN,NaN
5,NaN,NaN,NaN,NaN,NaN,NaN,NaN,NaN
6,NaN,NaN,NaN,NaN,NaN,NaN,NaN,NaN
7,NaN,NaN,NaN,NaN,NaN,NaN,NaN,NaN
8,NaN,NaN,NaN,NaN,NaN,NaN,NaN,NaN
9,NaN,NaN,NaN,NaN,NaN,NaN,NaN,NaN
10,NaN,NaN,NaN,NaN,NaN,NaN,NaN,NaN
11,NaN,NaN,NaN,NaN,NaN,NaN,NaN,NaN
1,NaN,NaN,NaN,NaN,NaN,NaN,NaN,NaN
2,NaN,NaN,NaN,NaN,NaN,NaN,NaN,NaN
3,NaN,NaN,NaN,NaN,NaN,NaN,NaN,NaN
4,NaN,NaN,NaN,NaN,NaN,NaN,NaN,NaN
5,NaN,NaN,NaN,NaN,NaN,NaN,NaN,NaN
6,NaN,NaN,NaN,NaN,NaN,NaN,NaN,NaN
7,NaN,NaN,NaN,NaN,NaN,NaN,NaN,NaN
8,NaN,NaN,NaN,NaN,NaN,NaN,NaN,NaN
9,NaN,NaN,NaN,NaN,NaN,NaN,NaN,NaN
10,NaN,NaN,NaN,NaN,NaN,NaN,NaN,NaN
11,NaN,NaN,NaN,NaN,NaN,NaN,NaN,NaN
1,NaN,NaN,NaN,NaN,NaN,NaN,NaN,NaN
2,NaN,NaN,NaN,NaN,NaN,NaN,NaN,NaN
3,NaN,NaN,NaN,NaN,NaN,NaN,NaN,NaN
4,NaN,NaN,NaN,NaN,NaN,NaN,NaN,NaN
5,NaN,NaN,NaN,NaN,NaN,NaN,NaN,NaN
6,NaN,NaN,NaN,NaN,NaN,NaN,NaN,NaN
7,NaN,NaN,NaN,NaN,NaN,NaN,NaN,NaN
8,NaN,NaN,NaN,NaN,NaN,NaN,NaN,NaN
9,NaN,NaN,NaN,NaN,NaN,NaN,NaN,NaN
10,NaN,NaN,NaN,NaN,NaN,NaN,NaN,NaN
11,NaN,NaN,NaN,NaN,NaN,NaN,NaN,NaN
1,NaN,NaN,NaN,NaN,NaN,NaN,NaN,NaN
2,NaN,NaN,NaN,NaN,NaN,NaN,NaN,NaN
3,NaN,NaN,NaN,NaN,NaN,NaN,NaN,NaN
4,NaN,NaN,NaN,NaN,NaN,NaN,NaN,NaN
5,NaN,NaN,NaN,NaN,NaN,NaN,NaN,NaN
6,NaN,NaN,NaN,NaN,NaN,NaN,NaN,NaN
7,NaN,NaN,NaN,NaN,NaN,NaN,NaN,NaN
8,NaN,NaN,NaN,NaN,NaN,NaN,NaN,NaN
9,NaN,NaN,NaN,NaN,NaN,NaN,NaN,NaN
10,NaN,NaN,NaN,NaN,NaN,NaN,NaN,NaN
11,NaN,NaN,NaN,NaN,NaN,NaN,NaN,NaN
1,NaN,NaN,NaN,NaN,NaN,NaN,NaN,NaN
2,NaN,NaN,NaN,NaN,NaN,NaN,NaN,NaN
3,NaN,NaN,NaN,NaN,NaN,NaN,NaN,NaN
4,NaN,NaN,NaN,NaN,NaN,NaN,NaN,NaN
5,NaN,NaN,NaN,NaN,NaN,NaN,NaN,NaN
6,NaN,NaN,NaN,NaN,NaN,NaN,NaN,NaN
7,NaN,NaN,NaN,NaN,NaN,NaN,NaN,NaN
8,NaN,NaN,NaN,NaN,NaN,NaN,NaN,NaN
9,NaN,NaN,NaN,NaN,NaN,NaN,NaN,NaN
10,NaN,NaN,NaN,NaN,NaN,NaN,NaN,NaN
11,NaN,NaN,NaN,NaN,NaN,NaN,NaN,NaN
1,NaN,NaN,NaN,NaN,NaN,NaN,NaN,NaN
2,NaN,NaN,NaN,NaN,NaN,NaN,NaN,NaN
3,NaN,NaN,NaN,NaN,NaN,NaN,NaN,NaN
4,NaN,NaN,NaN,NaN,NaN,NaN,NaN,NaN
5,NaN,NaN,NaN,NaN,NaN,NaN,NaN,NaN
6,NaN,NaN,NaN,NaN,NaN,NaN,NaN,NaN
7,NaN,NaN,NaN,NaN,NaN,NaN,NaN,NaN
8,NaN,NaN,NaN,NaN,NaN,NaN,NaN,NaN
9,NaN,NaN,NaN,NaN,NaN,NaN,NaN,NaN
10,NaN,NaN,NaN,NaN,NaN,NaN,NaN,NaN
11,NaN,NaN,NaN,NaN,NaN,NaN,NaN,NaN
1,NaN,NaN,NaN,NaN,NaN,NaN,NaN,NaN
2,NaN,NaN,NaN,NaN,NaN,NaN,NaN,NaN
3,NaN,NaN,NaN,NaN,NaN,NaN,NaN,NaN
4,NaN,NaN,NaN,NaN,NaN,NaN,NaN,NaN
5,NaN,NaN,NaN,NaN,NaN,NaN,NaN,NaN
6,NaN,NaN,NaN,NaN,NaN,NaN,NaN,NaN
7,NaN,NaN,NaN,NaN,NaN,NaN,NaN,NaN
8,NaN,NaN,NaN,NaN,NaN,NaN,NaN,NaN
9,NaN,NaN,NaN,NaN,NaN,NaN,NaN,NaN
10,NaN,NaN,NaN,NaN,NaN,NaN,NaN,NaN
11,NaN,NaN,NaN,NaN,NaN,NaN,NaN,NaN
1,NaN,NaN,NaN,NaN,NaN,NaN,NaN,NaN
2,NaN,NaN,NaN,NaN,NaN,NaN,NaN,NaN
3,NaN,NaN,NaN,NaN,NaN,NaN,NaN,NaN
4,NaN,NaN,NaN,NaN,NaN,NaN,NaN,NaN
5,NaN,NaN,NaN,NaN,NaN,NaN,NaN,NaN
6,NaN,NaN,NaN,NaN,NaN,NaN,NaN,NaN
7,NaN,NaN,NaN,NaN,NaN,NaN,NaN,NaN
8,NaN,NaN,NaN,NaN,NaN,NaN,NaN,NaN
9,NaN,NaN,NaN,NaN,NaN,NaN,NaN,NaN
10,NaN,NaN,NaN,NaN,NaN,NaN,NaN,NaN
11,NaN,NaN,NaN,NaN,NaN,NaN,NaN,NaN
1,NaN,NaN,NaN,NaN,NaN,NaN,NaN,NaN
2,NaN,NaN,NaN,NaN,NaN,NaN,NaN,NaN
3,NaN,NaN,NaN,NaN,NaN,NaN,NaN,NaN
4,NaN,NaN,NaN,NaN,NaN,NaN,NaN,NaN
5,NaN,NaN,NaN,NaN,NaN,NaN,NaN,NaN
6,NaN,NaN,NaN,NaN,NaN,NaN,NaN,NaN
7,NaN,NaN,NaN,NaN,NaN,NaN,NaN,NaN
8,NaN,NaN,NaN,NaN,NaN,NaN,NaN,NaN
9,NaN,NaN,NaN,NaN,NaN,NaN,NaN,NaN
10,NaN,NaN,NaN,NaN,NaN,NaN,NaN,NaN
11,NaN,NaN,NaN,NaN,NaN,NaN,NaN,NaN
1,NaN,NaN,NaN,NaN,NaN,NaN,NaN,NaN
2,NaN,NaN,NaN,NaN,NaN,NaN,NaN,NaN
3,NaN,NaN,NaN,NaN,NaN,NaN,NaN,NaN
4,NaN,NaN,NaN,NaN,NaN,NaN,NaN,NaN
5,NaN,NaN,NaN,NaN,NaN,NaN,NaN,NaN
6,NaN,NaN,NaN,NaN,NaN,NaN,NaN,NaN
7,NaN,NaN,NaN,NaN,NaN,NaN,NaN,NaN
8,NaN,NaN,NaN,NaN,NaN,NaN,NaN,NaN
9,NaN,NaN,NaN,NaN,NaN,NaN,NaN,NaN
10,NaN,NaN,NaN,NaN,NaN,NaN,NaN,NaN
11,NaN,NaN,NaN,NaN,NaN,NaN,NaN,NaN
1,NaN,NaN,NaN,NaN,NaN,NaN,NaN,NaN
2,NaN,NaN,NaN,NaN,NaN,NaN,NaN,NaN
3,NaN,NaN,NaN,NaN,NaN,NaN,NaN,NaN
4,NaN,NaN,NaN,NaN,NaN,NaN,NaN,NaN
5,NaN,NaN,NaN,NaN,NaN,NaN,NaN,NaN
6,NaN,NaN,NaN,NaN,NaN,NaN,NaN,NaN
7,NaN,NaN,NaN,NaN,NaN,NaN,NaN,NaN
8,NaN,NaN,NaN,NaN,NaN,NaN,NaN,NaN
9,NaN,NaN,NaN,NaN,NaN,NaN,NaN,NaN
10,NaN,NaN,NaN,NaN,NaN,NaN,NaN,NaN
11,NaN,NaN,NaN,NaN,NaN,NaN,NaN,NaN
1,NaN,NaN,NaN,NaN,NaN,NaN,NaN,NaN
2,NaN,NaN,NaN,NaN,NaN,NaN,NaN,NaN
3,NaN,NaN,NaN,NaN,NaN,NaN,NaN,NaN
4,NaN,NaN,NaN,NaN,NaN,NaN,NaN,NaN
5,NaN,NaN,NaN,NaN,NaN,NaN,NaN,NaN
6,NaN,NaN,NaN,NaN,NaN,NaN,NaN,NaN
7,NaN,NaN,NaN,NaN,NaN,NaN,NaN,NaN
8,NaN,NaN,NaN,NaN,NaN,NaN,NaN,NaN
9,NaN,NaN,NaN,NaN,NaN,NaN,NaN,NaN
10,NaN,NaN,NaN,NaN,NaN,NaN,NaN,NaN
11,NaN,NaN,NaN,NaN,NaN,NaN,NaN,NaN
1,NaN,NaN,NaN,NaN,NaN,NaN,NaN,NaN
2,NaN,NaN,NaN,NaN,NaN,NaN,NaN,NaN
3,NaN,NaN,NaN,NaN,NaN,NaN,NaN,NaN
4,NaN,NaN,NaN,NaN,NaN,NaN,NaN,NaN
5,NaN,NaN,NaN,NaN,NaN,NaN,NaN,NaN
6,NaN,NaN,NaN,NaN,NaN,NaN,NaN,NaN
7,NaN,NaN,NaN,NaN,NaN,NaN,NaN,NaN
8,NaN,NaN,NaN,NaN,NaN,NaN,NaN,NaN
9,NaN,NaN,NaN,NaN,NaN,NaN,NaN,NaN
10,NaN,NaN,NaN,NaN,NaN,NaN,NaN,NaN
11,NaN,NaN,NaN,NaN,NaN,NaN,NaN,NaN
1,NaN,NaN,NaN,NaN,NaN,NaN,NaN,NaN
2,NaN,NaN,NaN,NaN,NaN,NaN,NaN,NaN
3,NaN,NaN,NaN,NaN,NaN,NaN,NaN,NaN
4,NaN,NaN,NaN,NaN,NaN,NaN,NaN,NaN
5,NaN,NaN,NaN,NaN,NaN,NaN,NaN,NaN
6,NaN,NaN,NaN,NaN,NaN,NaN,NaN,NaN
7,NaN,NaN,NaN,NaN,NaN,NaN,NaN,NaN
8,NaN,NaN,NaN,NaN,NaN,NaN,NaN,NaN
9,NaN,NaN,NaN,NaN,NaN,NaN,NaN,NaN
10,NaN,NaN,NaN,NaN,NaN,NaN,NaN,NaN
11,NaN,NaN,NaN,NaN,NaN,NaN,NaN,NaN
1,NaN,NaN,NaN,NaN,NaN,NaN,NaN,NaN
2,NaN,NaN,NaN,NaN,NaN,NaN,NaN,NaN
3,NaN,NaN,NaN,NaN,NaN,NaN,NaN,NaN
4,NaN,NaN,NaN,NaN,NaN,NaN,NaN,NaN
5,NaN,NaN,NaN,NaN,NaN,NaN,NaN,NaN
6,NaN,NaN,NaN,NaN,NaN,NaN,NaN,NaN
7,NaN,NaN,NaN,NaN,NaN,NaN,NaN,NaN
8,NaN,NaN,NaN,NaN,NaN,NaN,NaN,NaN
9,NaN,NaN,NaN,NaN,NaN,NaN,NaN,NaN
10,NaN,NaN,NaN,NaN,NaN,NaN,NaN,NaN
11,NaN,NaN,NaN,NaN,NaN,NaN,NaN,NaN
1,NaN,NaN,NaN,NaN,NaN,NaN,NaN,NaN
2,NaN,NaN,NaN,NaN,NaN,NaN,NaN,NaN
3,NaN,NaN,NaN,NaN,NaN,NaN,NaN,NaN
4,NaN,NaN,NaN,NaN,NaN,NaN,NaN,NaN
5,NaN,NaN,NaN,NaN,NaN,NaN,NaN,NaN
6,NaN,NaN,NaN,NaN,NaN,NaN,NaN,NaN
7,NaN,NaN,NaN,NaN,NaN,NaN,NaN,NaN
8,NaN,NaN,NaN,NaN,NaN,NaN,NaN,NaN
9,NaN,NaN,NaN,NaN,NaN,NaN,NaN,NaN
10,NaN,NaN,NaN,NaN,NaN,NaN,NaN,NaN
11,NaN,NaN,NaN,NaN,NaN,NaN,NaN,NaN
1,NaN,NaN,NaN,NaN,NaN,NaN,NaN,NaN
2,NaN,NaN,NaN,NaN,NaN,NaN,NaN,NaN
3,NaN,NaN,NaN,NaN,NaN,NaN,NaN,NaN
4,NaN,NaN,NaN,NaN,NaN,NaN,NaN,NaN
5,NaN,NaN,NaN,NaN,NaN,NaN,NaN,NaN
6,NaN,NaN,NaN,NaN,NaN,NaN,NaN,NaN
7,NaN,NaN,NaN,NaN,NaN,NaN,NaN,NaN
8,NaN,NaN,NaN,NaN,NaN,NaN,NaN,NaN
9,NaN,NaN,NaN,NaN,NaN,NaN,NaN,NaN
10,NaN,NaN,NaN,NaN,NaN,NaN,NaN,NaN
11,NaN,NaN,NaN,NaN,NaN,NaN,NaN,NaN
1,NaN,NaN,NaN,NaN,NaN,NaN,NaN,NaN
2,NaN,NaN,NaN,NaN,NaN,NaN,NaN,NaN
3,NaN,NaN,NaN,NaN,NaN,NaN,NaN,NaN
4,NaN,NaN,NaN,NaN,NaN,NaN,NaN,NaN
5,NaN,NaN,NaN,NaN,NaN,NaN,NaN,NaN
6,NaN,NaN,NaN,NaN,NaN,NaN,NaN,NaN
7,NaN,NaN,NaN,NaN,NaN,NaN,NaN,NaN
8,NaN,NaN,NaN,NaN,NaN,NaN,NaN,NaN
9,NaN,NaN,NaN,NaN,NaN,NaN,NaN,NaN
10,NaN,NaN,NaN,NaN,NaN,NaN,NaN,NaN
11,NaN,NaN,NaN,NaN,NaN,NaN,NaN,NaN
1,NaN,NaN,NaN,NaN,NaN,NaN,NaN,NaN
2,NaN,NaN,NaN,NaN,NaN,NaN,NaN,NaN
3,NaN,NaN,NaN,NaN,NaN,NaN,NaN,NaN
4,NaN,NaN,NaN,NaN,NaN,NaN,NaN,NaN
5,NaN,NaN,NaN,NaN,NaN,NaN,NaN,NaN
6,NaN,NaN,NaN,NaN,NaN,NaN,NaN,NaN
7,NaN,NaN,NaN,NaN,NaN,NaN,NaN,NaN
8,NaN,NaN,NaN,NaN,NaN,NaN,NaN,NaN
9,NaN,NaN,NaN,NaN,NaN,NaN,NaN,NaN
10,NaN,NaN,NaN,NaN,NaN,NaN,NaN,NaN
11,NaN,NaN,NaN,NaN,NaN,NaN,NaN,NaN
1,NaN,NaN,NaN,NaN,NaN,NaN,NaN,NaN
2,NaN,NaN,NaN,NaN,NaN,NaN,NaN,NaN
3,NaN,NaN,NaN,NaN,NaN,NaN,NaN,NaN
4,NaN,NaN,NaN,NaN,NaN,NaN,NaN,NaN
5,NaN,NaN,NaN,NaN,NaN,NaN,NaN,NaN
6,NaN,NaN,NaN,NaN,NaN,NaN,NaN,NaN
7,NaN,NaN,NaN,NaN,NaN,NaN,NaN,NaN
8,NaN,NaN,NaN,NaN,NaN,NaN,NaN,NaN
9,NaN,NaN,NaN,NaN,NaN,NaN,NaN,NaN
10,NaN,NaN,NaN,NaN,NaN,NaN,NaN,NaN
11,NaN,NaN,NaN,NaN,NaN,NaN,NaN,NaN
1,NaN,NaN,NaN,NaN,NaN,NaN,NaN,NaN
2,NaN,NaN,NaN,NaN,NaN,NaN,NaN,NaN
3,NaN,NaN,NaN,NaN,NaN,NaN,NaN,NaN
4,NaN,NaN,NaN,NaN,NaN,NaN,NaN,NaN
5,NaN,NaN,NaN,NaN,NaN,NaN,NaN,NaN
6,NaN,NaN,NaN,NaN,NaN,NaN,NaN,NaN
7,NaN,NaN,NaN,NaN,NaN,NaN,NaN,NaN
8,NaN,NaN,NaN,NaN,NaN,NaN,NaN,NaN
9,NaN,NaN,NaN,NaN,NaN,NaN,NaN,NaN
10,NaN,NaN,NaN,NaN,NaN,NaN,NaN,NaN
11,NaN,NaN,NaN,NaN,NaN,NaN,NaN,NaN
1,NaN,NaN,NaN,NaN,NaN,NaN,NaN,NaN
2,NaN,NaN,NaN,NaN,NaN,NaN,NaN,NaN
3,NaN,NaN,NaN,NaN,NaN,NaN,NaN,NaN
4,NaN,NaN,NaN,NaN,NaN,NaN,NaN,NaN
5,NaN,NaN,NaN,NaN,NaN,NaN,NaN,NaN
6,NaN,NaN,NaN,NaN,NaN,NaN,NaN,NaN
7,NaN,NaN,NaN,NaN,NaN,NaN,NaN,NaN
8,NaN,NaN,NaN,NaN,NaN,NaN,NaN,NaN
9,NaN,NaN,NaN,NaN,NaN,NaN,NaN,NaN
10,NaN,NaN,NaN,NaN,NaN,NaN,NaN,NaN
11,NaN,NaN,NaN,NaN,NaN,NaN,NaN,NaN
1,NaN,NaN,NaN,NaN,NaN,NaN,NaN,NaN
2,NaN,NaN,NaN,NaN,NaN,NaN,NaN,NaN
3,NaN,NaN,NaN,NaN,NaN,NaN,NaN,NaN
4,NaN,NaN,NaN,NaN,NaN,NaN,NaN,NaN
5,NaN,NaN,NaN,NaN,NaN,NaN,NaN,NaN
6,NaN,NaN,NaN,NaN,NaN,NaN,NaN,NaN
7,NaN,NaN,NaN,NaN,NaN,NaN,NaN,NaN
8,NaN,NaN,NaN,NaN,NaN,NaN,NaN,NaN
9,NaN,NaN,NaN,NaN,NaN,NaN,NaN,NaN
10,NaN,NaN,NaN,NaN,NaN,NaN,NaN,NaN
11,NaN,NaN,NaN,NaN,NaN,NaN,NaN,NaN
1,NaN,NaN,NaN,NaN,NaN,NaN,NaN,NaN
2,NaN,NaN,NaN,NaN,NaN,NaN,NaN,NaN
3,NaN,NaN,NaN,NaN,NaN,NaN,NaN,NaN
4,NaN,NaN,NaN,NaN,NaN,NaN,NaN,NaN
5,NaN,NaN,NaN,NaN,NaN,NaN,NaN,NaN
6,NaN,NaN,NaN,NaN,NaN,NaN,NaN,NaN
7,NaN,NaN,NaN,NaN,NaN,NaN,NaN,NaN
8,NaN,NaN,NaN,NaN,NaN,NaN,NaN,NaN
9,NaN,NaN,NaN,NaN,NaN,NaN,NaN,NaN
10,NaN,NaN,NaN,NaN,NaN,NaN,NaN,NaN
11,NaN,NaN,NaN,NaN,NaN,NaN,NaN,NaN
1,NaN,NaN,NaN,NaN,NaN,NaN,NaN,NaN
2,NaN,NaN,NaN,NaN,NaN,NaN,NaN,NaN
3,NaN,NaN,NaN,NaN,NaN,NaN,NaN,NaN
4,NaN,NaN,NaN,NaN,NaN,NaN,NaN,NaN
5,NaN,NaN,NaN,NaN,NaN,NaN,NaN,NaN
6,NaN,NaN,NaN,NaN,NaN,NaN,NaN,NaN
7,NaN,NaN,NaN,NaN,NaN,NaN,NaN,NaN
8,NaN,NaN,NaN,NaN,NaN,NaN,NaN,NaN
9,NaN,NaN,NaN,NaN,NaN,NaN,NaN,NaN
10,NaN,NaN,NaN,NaN,NaN,NaN,NaN,NaN
11,NaN,NaN,NaN,NaN,NaN,NaN,NaN,NaN
1,NaN,NaN,NaN,NaN,NaN,NaN,NaN,NaN
2,NaN,NaN,NaN,NaN,NaN,NaN,NaN,NaN
3,NaN,NaN,NaN,NaN,NaN,NaN,NaN,NaN
4,NaN,NaN,NaN,NaN,NaN,NaN,NaN,NaN
5,NaN,NaN,NaN,NaN,NaN,NaN,NaN,NaN
6,NaN,NaN,NaN,NaN,NaN,NaN,NaN,NaN
7,NaN,NaN,NaN,NaN,NaN,NaN,NaN,NaN
8,NaN,NaN,NaN,NaN,NaN,NaN,NaN,NaN
9,NaN,NaN,NaN,NaN,NaN,NaN,NaN,NaN
10,NaN,NaN,NaN,NaN,NaN,NaN,NaN,NaN
11,NaN,NaN,NaN,NaN,NaN,NaN,NaN,NaN
1,NaN,NaN,NaN,NaN,NaN,NaN,NaN,NaN
2,NaN,NaN,NaN,NaN,NaN,NaN,NaN,NaN
3,NaN,NaN,NaN,NaN,NaN,NaN,NaN,NaN
4,NaN,NaN,NaN,NaN,NaN,NaN,NaN,NaN
5,NaN,NaN,NaN,NaN,NaN,NaN,NaN,NaN
6,NaN,NaN,NaN,NaN,NaN,NaN,NaN,NaN
7,NaN,NaN,NaN,NaN,NaN,NaN,NaN,NaN
8,NaN,NaN,NaN,NaN,NaN,NaN,NaN,NaN
9,NaN,NaN,NaN,NaN,NaN,NaN,NaN,NaN
10,NaN,NaN,NaN,NaN,NaN,NaN,NaN,NaN
11,NaN,NaN,NaN,NaN,NaN,NaN,NaN,NaN
1,NaN,NaN,NaN,NaN,NaN,NaN,NaN,NaN
2,NaN,NaN,NaN,NaN,NaN,NaN,NaN,NaN
3,NaN,NaN,NaN,NaN,NaN,NaN,NaN,NaN
4,NaN,NaN,NaN,NaN,NaN,NaN,NaN,NaN
5,NaN,NaN,NaN,NaN,NaN,NaN,NaN,NaN
6,NaN,NaN,NaN,NaN,NaN,NaN,NaN,NaN
7,NaN,NaN,NaN,NaN,NaN,NaN,NaN,NaN
8,NaN,NaN,NaN,NaN,NaN,NaN,NaN,NaN
9,NaN,NaN,NaN,NaN,NaN,NaN,NaN,NaN
10,NaN,NaN,NaN,NaN,NaN,NaN,NaN,NaN
11,NaN,NaN,NaN,NaN,NaN,NaN,NaN,NaN
1,NaN,NaN,NaN,NaN,NaN,NaN,NaN,NaN
2,NaN,NaN,NaN,NaN,NaN,NaN,NaN,NaN
3,NaN,NaN,NaN,NaN,NaN,NaN,NaN,NaN
4,NaN,NaN,NaN,NaN,NaN,NaN,NaN,NaN
5,NaN,NaN,NaN,NaN,NaN,NaN,NaN,NaN
6,NaN,NaN,NaN,NaN,NaN,NaN,NaN,NaN
7,NaN,NaN,NaN,NaN,NaN,NaN,NaN,NaN
8,NaN,NaN,NaN,NaN,NaN,NaN,NaN,NaN
9,NaN,NaN,NaN,NaN,NaN,NaN,NaN,NaN
10,NaN,NaN,NaN,NaN,NaN,NaN,NaN,NaN
11,NaN,NaN,NaN,NaN,NaN,NaN,NaN,NaN
1,NaN,NaN,NaN,NaN,NaN,NaN,NaN,NaN
2,NaN,NaN,NaN,NaN,NaN,NaN,NaN,NaN
3,NaN,NaN,NaN,NaN,NaN,NaN,NaN,NaN
4,NaN,NaN,NaN,NaN,NaN,NaN,NaN,NaN
5,NaN,NaN,NaN,NaN,NaN,NaN,NaN,NaN
6,NaN,NaN,NaN,NaN,NaN,NaN,NaN,NaN
7,NaN,NaN,NaN,NaN,NaN,NaN,NaN,NaN
8,NaN,NaN,NaN,NaN,NaN,NaN,NaN,NaN
9,NaN,NaN,NaN,NaN,NaN,NaN,NaN,NaN
10,NaN,NaN,NaN,NaN,NaN,NaN,NaN,NaN
11,NaN,NaN,NaN,NaN,NaN,NaN,NaN,NaN
1,NaN,NaN,NaN,NaN,NaN,NaN,NaN,NaN
2,NaN,NaN,NaN,NaN,NaN,NaN,NaN,NaN
3,NaN,NaN,NaN,NaN,NaN,NaN,NaN,NaN
4,NaN,NaN,NaN,NaN,NaN,NaN,NaN,NaN
5,NaN,NaN,NaN,NaN,NaN,NaN,NaN,NaN
6,NaN,NaN,NaN,NaN,NaN,NaN,NaN,NaN
7,NaN,NaN,NaN,NaN,NaN,NaN,NaN,NaN
8,NaN,NaN,NaN,NaN,NaN,NaN,NaN,NaN
9,NaN,NaN,NaN,NaN,NaN,NaN,NaN,NaN
10,NaN,NaN,NaN,NaN,NaN,NaN,NaN,NaN
11,NaN,NaN,NaN,NaN,NaN,NaN,NaN,NaN
1,NaN,NaN,NaN,NaN,NaN,NaN,NaN,NaN
2,NaN,NaN,NaN,NaN,NaN,NaN,NaN,NaN
3,NaN,NaN,NaN,NaN,NaN,NaN,NaN,NaN
4,NaN,NaN,NaN,NaN,NaN,NaN,NaN,NaN
5,NaN,NaN,NaN,NaN,NaN,NaN,NaN,NaN
6,NaN,NaN,NaN,NaN,NaN,NaN,NaN,NaN
7,NaN,NaN,NaN,NaN,NaN,NaN,NaN,NaN
8,NaN,NaN,NaN,NaN,NaN,NaN,NaN,NaN
9,NaN,NaN,NaN,NaN,NaN,NaN,NaN,NaN
10,NaN,NaN,NaN,NaN,NaN,NaN,NaN,NaN
11,NaN,NaN,NaN,NaN,NaN,NaN,NaN,NaN
1,NaN,NaN,NaN,NaN,NaN,NaN,NaN,NaN
2,NaN,NaN,NaN,NaN,NaN,NaN,NaN,NaN
3,NaN,NaN,NaN,NaN,NaN,NaN,NaN,NaN
4,NaN,NaN,NaN,NaN,NaN,NaN,NaN,NaN
5,NaN,NaN,NaN,NaN,NaN,NaN,NaN,NaN
6,NaN,NaN,NaN,NaN,NaN,NaN,NaN,NaN
7,NaN,NaN,NaN,NaN,NaN,NaN,NaN,NaN
8,NaN,NaN,NaN,NaN,NaN,NaN,NaN,NaN
9,NaN,NaN,NaN,NaN,NaN,NaN,NaN,NaN
10,NaN,NaN,NaN,NaN,NaN,NaN,NaN,NaN
11,NaN,NaN,NaN,NaN,NaN,NaN,NaN,NaN
1,NaN,NaN,NaN,NaN,NaN,NaN,NaN,NaN
2,NaN,NaN,NaN,NaN,NaN,NaN,NaN,NaN
3,NaN,NaN,NaN,NaN,NaN,NaN,NaN,NaN
4,NaN,NaN,NaN,NaN,NaN,NaN,NaN,NaN
5,NaN,NaN,NaN,NaN,NaN,NaN,NaN,NaN
6,NaN,NaN,NaN,NaN,NaN,NaN,NaN,NaN
7,NaN,NaN,NaN,NaN,NaN,NaN,NaN,NaN
8,NaN,NaN,NaN,NaN,NaN,NaN,NaN,NaN
9,NaN,NaN,NaN,NaN,NaN,NaN,NaN,NaN
10,NaN,NaN,NaN,NaN,NaN,NaN,NaN,NaN
11,NaN,NaN,NaN,NaN,NaN,NaN,NaN,NaN
1,NaN,NaN,NaN,NaN,NaN,NaN,NaN,NaN
2,NaN,NaN,NaN,NaN,NaN,NaN,NaN,NaN
3,NaN,NaN,NaN,NaN,NaN,NaN,NaN,NaN
4,NaN,NaN,NaN,NaN,NaN,NaN,NaN,NaN
5,NaN,NaN,NaN,NaN,NaN,NaN,NaN,NaN
6,NaN,NaN,NaN,NaN,NaN,NaN,NaN,NaN
7,NaN,NaN,NaN,NaN,NaN,NaN,NaN,NaN
8,NaN,NaN,NaN,NaN,NaN,NaN,NaN,NaN
9,NaN,NaN,NaN,NaN,NaN,NaN,NaN,NaN
10,NaN,NaN,NaN,NaN,NaN,NaN,NaN,NaN
11,NaN,NaN,NaN,NaN,NaN,NaN,NaN,NaN
1,NaN,NaN,NaN,NaN,NaN,NaN,NaN,NaN
2,NaN,NaN,NaN,NaN,NaN,NaN,NaN,NaN
3,NaN,NaN,NaN,NaN,NaN,NaN,NaN,NaN
4,NaN,NaN,NaN,NaN,NaN,NaN,NaN,NaN
5,NaN,NaN,NaN,NaN,NaN,NaN,NaN,NaN
6,NaN,NaN,NaN,NaN,NaN,NaN,NaN,NaN
7,NaN,NaN,NaN,NaN,NaN,NaN,NaN,NaN
8,NaN,NaN,NaN,NaN,NaN,NaN,NaN,NaN
9,NaN,NaN,NaN,NaN,NaN,NaN,NaN,NaN
10,NaN,NaN,NaN,NaN,NaN,NaN,NaN,NaN
11,NaN,NaN,NaN,NaN,NaN,NaN,NaN,NaN
1,NaN,NaN,NaN,NaN,NaN,NaN,NaN,NaN
2,NaN,NaN,NaN,NaN,NaN,NaN,NaN,NaN
3,NaN,NaN,NaN,NaN,NaN,NaN,NaN,NaN
4,NaN,NaN,NaN,NaN,NaN,NaN,NaN,NaN
5,NaN,NaN,NaN,NaN,NaN,NaN,NaN,NaN
6,NaN,NaN,NaN,NaN,NaN,NaN,NaN,NaN
7,NaN,NaN,NaN,NaN,NaN,NaN,NaN,NaN
8,NaN,NaN,NaN,NaN,NaN,NaN,NaN,NaN
9,NaN,NaN,NaN,NaN,NaN,NaN,NaN,NaN
10,NaN,NaN,NaN,NaN,NaN,NaN,NaN,NaN
11,NaN,NaN,NaN,NaN,NaN,NaN,NaN,NaN
1,NaN,NaN,NaN,NaN,NaN,NaN,NaN,NaN
2,NaN,NaN,NaN,NaN,NaN,NaN,NaN,NaN
3,NaN,NaN,NaN,NaN,NaN,NaN,NaN,NaN
4,NaN,NaN,NaN,NaN,NaN,NaN,NaN,NaN
5,NaN,NaN,NaN,NaN,NaN,NaN,NaN,NaN
6,NaN,NaN,NaN,NaN,NaN,NaN,NaN,NaN
7,NaN,NaN,NaN,NaN,NaN,NaN,NaN,NaN
8,NaN,NaN,NaN,NaN,NaN,NaN,NaN,NaN
9,NaN,NaN,NaN,NaN,NaN,NaN,NaN,NaN
10,NaN,NaN,NaN,NaN,NaN,NaN,NaN,NaN
11,NaN,NaN,NaN,NaN,NaN,NaN,NaN,NaN
1,NaN,NaN,NaN,NaN,NaN,NaN,NaN,NaN
2,NaN,NaN,NaN,NaN,NaN,NaN,NaN,NaN
3,NaN,NaN,NaN,NaN,NaN,NaN,NaN,NaN
4,NaN,NaN,NaN,NaN,NaN,NaN,NaN,NaN
5,NaN,NaN,NaN,NaN,NaN,NaN,NaN,NaN
6,NaN,NaN,NaN,NaN,NaN,NaN,NaN,NaN
7,NaN,NaN,NaN,NaN,NaN,NaN,NaN,NaN
8,NaN,NaN,NaN,NaN,NaN,NaN,NaN,NaN
9,NaN,NaN,NaN,NaN,NaN,NaN,NaN,NaN
10,NaN,NaN,NaN,NaN,NaN,NaN,NaN,NaN
11,NaN,NaN,NaN,NaN,NaN,NaN,NaN,NaN
1,NaN,NaN,NaN,NaN,NaN,NaN,NaN,NaN
2,NaN,NaN,NaN,NaN,NaN,NaN,NaN,NaN
3,NaN,NaN,NaN,NaN,NaN,NaN,NaN,NaN
4,NaN,NaN,NaN,NaN,NaN,NaN,NaN,NaN
5,NaN,NaN,NaN,NaN,NaN,NaN,NaN,NaN
6,NaN,NaN,NaN,NaN,NaN,NaN,NaN,NaN
7,NaN,NaN,NaN,NaN,NaN,NaN,NaN,NaN
8,NaN,NaN,NaN,NaN,NaN,NaN,NaN,NaN
9,NaN,NaN,NaN,NaN,NaN,NaN,NaN,NaN
10,NaN,NaN,NaN,NaN,NaN,NaN,NaN,NaN
11,NaN,NaN,NaN,NaN,NaN,NaN,NaN,NaN
1,NaN,NaN,NaN,NaN,NaN,NaN,NaN,NaN
2,NaN,NaN,NaN,NaN,NaN,NaN,NaN,NaN
3,NaN,NaN,NaN,NaN,NaN,NaN,NaN,NaN
4,NaN,NaN,NaN,NaN,NaN,NaN,NaN,NaN
5,NaN,NaN,NaN,NaN,NaN,NaN,NaN,NaN
6,NaN,NaN,NaN,NaN,NaN,NaN,NaN,NaN
7,NaN,NaN,NaN,NaN,NaN,NaN,NaN,NaN
8,NaN,NaN,NaN,NaN,NaN,NaN,NaN,NaN
9,NaN,NaN,NaN,NaN,NaN,NaN,NaN,NaN
10,NaN,NaN,NaN,NaN,NaN,NaN,NaN,NaN
11,NaN,NaN,NaN,NaN,NaN,NaN,NaN,NaN
1,NaN,NaN,NaN,NaN,NaN,NaN,NaN,NaN
2,NaN,NaN,NaN,NaN,NaN,NaN,NaN,NaN
3,NaN,NaN,NaN,NaN,NaN,NaN,NaN,NaN
4,NaN,NaN,NaN,NaN,NaN,NaN,NaN,NaN
5,NaN,NaN,NaN,NaN,NaN,NaN,NaN,NaN
6,NaN,NaN,NaN,NaN,NaN,NaN,NaN,NaN
7,NaN,NaN,NaN,NaN,NaN,NaN,NaN,NaN
8,NaN,NaN,NaN,NaN,NaN,NaN,NaN,NaN
9,NaN,NaN,NaN,NaN,NaN,NaN,NaN,NaN
10,NaN,NaN,NaN,NaN,NaN,NaN,NaN,NaN
11,NaN,NaN,NaN,NaN,NaN,NaN,NaN,NaN
1,NaN,NaN,NaN,NaN,NaN,NaN,NaN,NaN
2,NaN,NaN,NaN,NaN,NaN,NaN,NaN,NaN
3,NaN,NaN,NaN,NaN,NaN,NaN,NaN,NaN
4,NaN,NaN,NaN,NaN,NaN,NaN,NaN,NaN
5,NaN,NaN,NaN,NaN,NaN,NaN,NaN,NaN
6,NaN,NaN,NaN,NaN,NaN,NaN,NaN,NaN
7,NaN,NaN,NaN,NaN,NaN,NaN,NaN,NaN
8,NaN,NaN,NaN,NaN,NaN,NaN,NaN,NaN
9,NaN,NaN,NaN,NaN,NaN,NaN,NaN,NaN
10,NaN,NaN,NaN,NaN,NaN,NaN,NaN,NaN
11,NaN,NaN,NaN,NaN,NaN,NaN,NaN,NaN
1,NaN,NaN,NaN,NaN,NaN,NaN,NaN,NaN
2,NaN,NaN,NaN,NaN,NaN,NaN,NaN,NaN
3,NaN,NaN,NaN,NaN,NaN,NaN,NaN,NaN
4,NaN,NaN,NaN,NaN,NaN,NaN,NaN,NaN
5,NaN,NaN,NaN,NaN,NaN,NaN,NaN,NaN
6,NaN,NaN,NaN,NaN,NaN,NaN,NaN,NaN
7,NaN,NaN,NaN,NaN,NaN,NaN,NaN,NaN
8,NaN,NaN,NaN,NaN,NaN,NaN,NaN,NaN
9,NaN,NaN,NaN,NaN,NaN,NaN,NaN,NaN
10,NaN,NaN,NaN,NaN,NaN,NaN,NaN,NaN
11,NaN,NaN,NaN,NaN,NaN,NaN,NaN,NaN
1,NaN,NaN,NaN,NaN,NaN,NaN,NaN,NaN
2,NaN,NaN,NaN,NaN,NaN,NaN,NaN,NaN
3,NaN,NaN,NaN,NaN,NaN,NaN,NaN,NaN
4,NaN,NaN,NaN,NaN,NaN,NaN,NaN,NaN
5,NaN,NaN,NaN,NaN,NaN,NaN,NaN,NaN
6,NaN,NaN,NaN,NaN,NaN,NaN,NaN,NaN
7,NaN,NaN,NaN,NaN,NaN,NaN,NaN,NaN
8,NaN,NaN,NaN,NaN,NaN,NaN,NaN,NaN
9,NaN,NaN,NaN,NaN,NaN,NaN,NaN,NaN
10,NaN,NaN,NaN,NaN,NaN,NaN,NaN,NaN
11,NaN,NaN,NaN,NaN,NaN,NaN,NaN,NaN
1,NaN,NaN,NaN,NaN,NaN,NaN,NaN,NaN
2,NaN,NaN,NaN,NaN,NaN,NaN,NaN,NaN
3,NaN,NaN,NaN,NaN,NaN,NaN,NaN,NaN
4,NaN,NaN,NaN,NaN,NaN,NaN,NaN,NaN
5,NaN,NaN,NaN,NaN,NaN,NaN,NaN,NaN
6,NaN,NaN,NaN,NaN,NaN,NaN,NaN,NaN
7,NaN,NaN,NaN,NaN,NaN,NaN,NaN,NaN
8,NaN,NaN,NaN,NaN,NaN,NaN,NaN,NaN
9,NaN,NaN,NaN,NaN,NaN,NaN,NaN,NaN
10,NaN,NaN,NaN,NaN,NaN,NaN,NaN,NaN
11,NaN,NaN,NaN,NaN,NaN,NaN,NaN,NaN
1,NaN,NaN,NaN,NaN,NaN,NaN,NaN,NaN
2,NaN,NaN,NaN,NaN,NaN,NaN,NaN,NaN
3,NaN,NaN,NaN,NaN,NaN,NaN,NaN,NaN
4,NaN,NaN,NaN,NaN,NaN,NaN,NaN,NaN
5,NaN,NaN,NaN,NaN,NaN,NaN,NaN,NaN
6,NaN,NaN,NaN,NaN,NaN,NaN,NaN,NaN
7,NaN,NaN,NaN,NaN,NaN,NaN,NaN,NaN
8,NaN,NaN,NaN,NaN,NaN,NaN,NaN,NaN
9,NaN,NaN,NaN,NaN,NaN,NaN,NaN,NaN
10,NaN,NaN,NaN,NaN,NaN,NaN,NaN,NaN
11,NaN,NaN,NaN,NaN,NaN,NaN,NaN,NaN
1,NaN,NaN,NaN,NaN,NaN,NaN,NaN,NaN
2,NaN,NaN,NaN,NaN,NaN,NaN,NaN,NaN
3,NaN,NaN,NaN,NaN,NaN,NaN,NaN,NaN
4,NaN,NaN,NaN,NaN,NaN,NaN,NaN,NaN
5,NaN,NaN,NaN,NaN,NaN,NaN,NaN,NaN
6,NaN,NaN,NaN,NaN,NaN,NaN,NaN,NaN
7,NaN,NaN,NaN,NaN,NaN,NaN,NaN,NaN
8,NaN,NaN,NaN,NaN,NaN,NaN,NaN,NaN
9,NaN,NaN,NaN,NaN,NaN,NaN,NaN,NaN
10,NaN,NaN,NaN,NaN,NaN,NaN,NaN,NaN
11,NaN,NaN,NaN,NaN,NaN,NaN,NaN,NaN
1,NaN,NaN,NaN,NaN,NaN,NaN,NaN,NaN
2,NaN,NaN,NaN,NaN,NaN,NaN,NaN,NaN
3,NaN,NaN,NaN,NaN,NaN,NaN,NaN,NaN
4,NaN,NaN,NaN,NaN,NaN,NaN,NaN,NaN
5,NaN,NaN,NaN,NaN,NaN,NaN,NaN,NaN
6,NaN,NaN,NaN,NaN,NaN,NaN,NaN,NaN
7,NaN,NaN,NaN,NaN,NaN,NaN,NaN,NaN
8,NaN,NaN,NaN,NaN,NaN,NaN,NaN,NaN
9,NaN,NaN,NaN,NaN,NaN,NaN,NaN,NaN
10,NaN,NaN,NaN,NaN,NaN,NaN,NaN,NaN
11,NaN,NaN,NaN,NaN,NaN,NaN,NaN,NaN
1,NaN,NaN,NaN,NaN,NaN,NaN,NaN,NaN
2,NaN,NaN,NaN,NaN,NaN,NaN,NaN,NaN
3,NaN,NaN,NaN,NaN,NaN,NaN,NaN,NaN
4,NaN,NaN,NaN,NaN,NaN,NaN,NaN,NaN
5,NaN,NaN,NaN,NaN,NaN,NaN,NaN,NaN
6,NaN,NaN,NaN,NaN,NaN,NaN,NaN,NaN
7,NaN,NaN,NaN,NaN,NaN,NaN,NaN,NaN
8,NaN,NaN,NaN,NaN,NaN,NaN,NaN,NaN
9,NaN,NaN,NaN,NaN,NaN,NaN,NaN,NaN
10,NaN,NaN,NaN,NaN,NaN,NaN,NaN,NaN
11,NaN,NaN,NaN,NaN,NaN,NaN,NaN,NaN
1,NaN,NaN,NaN,NaN,NaN,NaN,NaN,NaN
2,NaN,NaN,NaN,NaN,NaN,NaN,NaN,NaN
3,NaN,NaN,NaN,NaN,NaN,NaN,NaN,NaN
4,NaN,NaN,NaN,NaN,NaN,NaN,NaN,NaN
5,NaN,NaN,NaN,NaN,NaN,NaN,NaN,NaN
6,NaN,NaN,NaN,NaN,NaN,NaN,NaN,NaN
7,NaN,NaN,NaN,NaN,NaN,NaN,NaN,NaN
8,NaN,NaN,NaN,NaN,NaN,NaN,NaN,NaN
9,NaN,NaN,NaN,NaN,NaN,NaN,NaN,NaN
10,NaN,NaN,NaN,NaN,NaN,NaN,NaN,NaN
11,NaN,NaN,NaN,NaN,NaN,NaN,NaN,NaN
1,NaN,NaN,NaN,NaN,NaN,NaN,NaN,NaN
2,NaN,NaN,NaN,NaN,NaN,NaN,NaN,NaN
3,NaN,NaN,NaN,NaN,NaN,NaN,NaN,NaN
4,NaN,NaN,NaN,NaN,NaN,NaN,NaN,NaN
5,NaN,NaN,NaN,NaN,NaN,NaN,NaN,NaN
6,NaN,NaN,NaN,NaN,NaN,NaN,NaN,NaN
7,NaN,NaN,NaN,NaN,NaN,NaN,NaN,NaN
8,NaN,NaN,NaN,NaN,NaN,NaN,NaN,NaN
9,NaN,NaN,NaN,NaN,NaN,NaN,NaN,NaN
10,NaN,NaN,NaN,NaN,NaN,NaN,NaN,NaN
11,NaN,NaN,NaN,NaN,NaN,NaN,NaN,NaN
1,NaN,NaN,NaN,NaN,NaN,NaN,NaN,NaN
2,NaN,NaN,NaN,NaN,NaN,NaN,NaN,NaN
3,NaN,NaN,NaN,NaN,NaN,NaN,NaN,NaN
4,NaN,NaN,NaN,NaN,NaN,NaN,NaN,NaN
5,NaN,NaN,NaN,NaN,NaN,NaN,NaN,NaN
6,NaN,NaN,NaN,NaN,NaN,NaN,NaN,NaN
7,NaN,NaN,NaN,NaN,NaN,NaN,NaN,NaN
8,NaN,NaN,NaN,NaN,NaN,NaN,NaN,NaN
9,NaN,NaN,NaN,NaN,NaN,NaN,NaN,NaN
10,NaN,NaN,NaN,NaN,NaN,NaN,NaN,NaN
11,NaN,NaN,NaN,NaN,NaN,NaN,NaN,NaN
1,NaN,NaN,NaN,NaN,NaN,NaN,NaN,NaN
2,NaN,NaN,NaN,NaN,NaN,NaN,NaN,NaN
3,NaN,NaN,NaN,NaN,NaN,NaN,NaN,NaN
4,NaN,NaN,NaN,NaN,NaN,NaN,NaN,NaN
5,NaN,NaN,NaN,NaN,NaN,NaN,NaN,NaN
6,NaN,NaN,NaN,NaN,NaN,NaN,NaN,NaN
7,NaN,NaN,NaN,NaN,NaN,NaN,NaN,NaN
8,NaN,NaN,NaN,NaN,NaN,NaN,NaN,NaN
9,NaN,NaN,NaN,NaN,NaN,NaN,NaN,NaN
10,NaN,NaN,NaN,NaN,NaN,NaN,NaN,NaN
11,NaN,NaN,NaN,NaN,NaN,NaN,NaN,NaN
1,NaN,NaN,NaN,NaN,NaN,NaN,NaN,NaN
2,NaN,NaN,NaN,NaN,NaN,NaN,NaN,NaN
3,NaN,NaN,NaN,NaN,NaN,NaN,NaN,NaN
4,NaN,NaN,NaN,NaN,NaN,NaN,NaN,NaN
5,NaN,NaN,NaN,NaN,NaN,NaN,NaN,NaN
6,NaN,NaN,NaN,NaN,NaN,NaN,NaN,NaN
7,NaN,NaN,NaN,NaN,NaN,NaN,NaN,NaN
8,NaN,NaN,NaN,NaN,NaN,NaN,NaN,NaN
9,NaN,NaN,NaN,NaN,NaN,NaN,NaN,NaN
10,NaN,NaN,NaN,NaN,NaN,NaN,NaN,NaN
11,NaN,NaN,NaN,NaN,NaN,NaN,NaN,NaN
1,NaN,NaN,NaN,NaN,NaN,NaN,NaN,NaN
2,NaN,NaN,NaN,NaN,NaN,NaN,NaN,NaN
3,NaN,NaN,NaN,NaN,NaN,NaN,NaN,NaN
4,NaN,NaN,NaN,NaN,NaN,NaN,NaN,NaN
5,NaN,NaN,NaN,NaN,NaN,NaN,NaN,NaN
6,NaN,NaN,NaN,NaN,NaN,NaN,NaN,NaN
7,NaN,NaN,NaN,NaN,NaN,NaN,NaN,NaN
8,NaN,NaN,NaN,NaN,NaN,NaN,NaN,NaN
9,NaN,NaN,NaN,NaN,NaN,NaN,NaN,NaN
10,NaN,NaN,NaN,NaN,NaN,NaN,NaN,NaN
11,NaN,NaN,NaN,NaN,NaN,NaN,NaN,NaN
1,NaN,NaN,NaN,NaN,NaN,NaN,NaN,NaN
2,NaN,NaN,NaN,NaN,NaN,NaN,NaN,NaN
3,NaN,NaN,NaN,NaN,NaN,NaN,NaN,NaN
4,NaN,NaN,NaN,NaN,NaN,NaN,NaN,NaN
5,NaN,NaN,NaN,NaN,NaN,NaN,NaN,NaN
6,NaN,NaN,NaN,NaN,NaN,NaN,NaN,NaN
7,NaN,NaN,NaN,NaN,NaN,NaN,NaN,NaN
8,NaN,NaN,NaN,NaN,NaN,NaN,NaN,NaN
9,NaN,NaN,NaN,NaN,NaN,NaN,NaN,NaN
10,NaN,NaN,NaN,NaN,NaN,NaN,NaN,NaN
11,NaN,NaN,NaN,NaN,NaN,NaN,NaN,NaN
1,NaN,NaN,NaN,NaN,NaN,NaN,NaN,NaN
2,NaN,NaN,NaN,NaN,NaN,NaN,NaN,NaN
3,NaN,NaN,NaN,NaN,NaN,NaN,NaN,NaN
4,NaN,NaN,NaN,NaN,NaN,NaN,NaN,NaN
5,NaN,NaN,NaN,NaN,NaN,NaN,NaN,NaN
6,NaN,NaN,NaN,NaN,NaN,NaN,NaN,NaN
7,NaN,NaN,NaN,NaN,NaN,NaN,NaN,NaN
8,NaN,NaN,NaN,NaN,NaN,NaN,NaN,NaN
9,NaN,NaN,NaN,NaN,NaN,NaN,NaN,NaN
10,NaN,NaN,NaN,NaN,NaN,NaN,NaN,NaN
11,NaN,NaN,NaN,NaN,NaN,NaN,NaN,NaN
1,NaN,NaN,NaN,NaN,NaN,NaN,NaN,NaN
2,NaN,NaN,NaN,NaN,NaN,NaN,NaN,NaN
3,NaN,NaN,NaN,NaN,NaN,NaN,NaN,NaN
4,NaN,NaN,NaN,NaN,NaN,NaN,NaN,NaN
5,NaN,NaN,NaN,NaN,NaN,NaN,NaN,NaN
6,NaN,NaN,NaN,NaN,NaN,NaN,NaN,NaN
7,NaN,NaN,NaN,NaN,NaN,NaN,NaN,NaN
8,NaN,NaN,NaN,NaN,NaN,NaN,NaN,NaN
9,NaN,NaN,NaN,NaN,NaN,NaN,NaN,NaN
10,NaN,NaN,NaN,NaN,NaN,NaN,NaN,NaN
11,NaN,NaN,NaN,NaN,NaN,NaN,NaN,NaN
1,NaN,NaN,NaN,NaN,NaN,NaN,NaN,NaN
2,NaN,NaN,NaN,NaN,NaN,NaN,NaN,NaN
3,NaN,NaN,NaN,NaN,NaN,NaN,NaN,NaN
4,NaN,NaN,NaN,NaN,NaN,NaN,NaN,NaN
5,NaN,NaN,NaN,NaN,NaN,NaN,NaN,NaN
6,NaN,NaN,NaN,NaN,NaN,NaN,NaN,NaN
7,NaN,NaN,NaN,NaN,NaN,NaN,NaN,NaN
8,NaN,NaN,NaN,NaN,NaN,NaN,NaN,NaN
9,NaN,NaN,NaN,NaN,NaN,NaN,NaN,NaN
10,NaN,NaN,NaN,NaN,NaN,NaN,NaN,NaN
11,NaN,NaN,NaN,NaN,NaN,NaN,NaN,NaN
1,NaN,NaN,NaN,NaN,NaN,NaN,NaN,NaN
2,NaN,NaN,NaN,NaN,NaN,NaN,NaN,NaN
3,NaN,NaN,NaN,NaN,NaN,NaN,NaN,NaN
4,NaN,NaN,NaN,NaN,NaN,NaN,NaN,NaN
5,NaN,NaN,NaN,NaN,NaN,NaN,NaN,NaN
6,NaN,NaN,NaN,NaN,NaN,NaN,NaN,NaN
7,NaN,NaN,NaN,NaN,NaN,NaN,NaN,NaN
8,NaN,NaN,NaN,NaN,NaN,NaN,NaN,NaN
9,NaN,NaN,NaN,NaN,NaN,NaN,NaN,NaN
10,NaN,NaN,NaN,NaN,NaN,NaN,NaN,NaN
11,NaN,NaN,NaN,NaN,NaN,NaN,NaN,NaN
1,NaN,NaN,NaN,NaN,NaN,NaN,NaN,NaN
2,NaN,NaN,NaN,NaN,NaN,NaN,NaN,NaN
3,NaN,NaN,NaN,NaN,NaN,NaN,NaN,NaN
4,NaN,NaN,NaN,NaN,NaN,NaN,NaN,NaN
5,NaN,NaN,NaN,NaN,NaN,NaN,NaN,NaN
6,NaN,NaN,NaN,NaN,NaN,NaN,NaN,NaN
7,NaN,NaN,NaN,NaN,NaN,NaN,NaN,NaN
8,NaN,NaN,NaN,NaN,NaN,NaN,NaN,NaN
9,NaN,NaN,NaN,NaN,NaN,NaN,NaN,NaN
10,NaN,NaN,NaN,NaN,NaN,NaN,NaN,NaN
11,NaN,NaN,NaN,NaN,NaN,NaN,NaN,NaN
1,NaN,NaN,NaN,NaN,NaN,NaN,NaN,NaN
2,NaN,NaN,NaN,NaN,NaN,NaN,NaN,NaN
3,NaN,NaN,NaN,NaN,NaN,NaN,NaN,NaN
4,NaN,NaN,NaN,NaN,NaN,NaN,NaN,NaN
5,NaN,NaN,NaN,NaN,NaN,NaN,NaN,NaN
6,NaN,NaN,NaN,NaN,NaN,NaN,NaN,NaN
7,NaN,NaN,NaN,NaN,NaN,NaN,NaN,NaN
8,NaN,NaN,NaN,NaN,NaN,NaN,NaN,NaN
9,NaN,NaN,NaN,NaN,NaN,NaN,NaN,NaN
10,NaN,NaN,NaN,NaN,NaN,NaN,NaN,NaN
11,NaN,NaN,NaN,NaN,NaN,NaN,NaN,NaN
1,NaN,NaN,NaN,NaN,NaN,NaN,NaN,NaN
2,NaN,NaN,NaN,NaN,NaN,NaN,NaN,NaN
3,NaN,NaN,NaN,NaN,NaN,NaN,NaN,NaN
4,NaN,NaN,NaN,NaN,NaN,NaN,NaN,NaN
5,NaN,NaN,NaN,NaN,NaN,NaN,NaN,NaN
6,NaN,NaN,NaN,NaN,NaN,NaN,NaN,NaN
7,NaN,NaN,NaN,NaN,NaN,NaN,NaN,NaN
8,NaN,NaN,NaN,NaN,NaN,NaN,NaN,NaN
9,NaN,NaN,NaN,NaN,NaN,NaN,NaN,NaN
10,NaN,NaN,NaN,NaN,NaN,NaN,NaN,NaN
11,NaN,NaN,NaN,NaN,NaN,NaN,NaN,NaN
1,NaN,NaN,NaN,NaN,NaN,NaN,NaN,NaN
2,NaN,NaN,NaN,NaN,NaN,NaN,NaN,NaN
3,NaN,NaN,NaN,NaN,NaN,NaN,NaN,NaN
4,NaN,NaN,NaN,NaN,NaN,NaN,NaN,NaN
5,NaN,NaN,NaN,NaN,NaN,NaN,NaN,NaN
6,NaN,NaN,NaN,NaN,NaN,NaN,NaN,NaN
7,NaN,NaN,NaN,NaN,NaN,NaN,NaN,NaN
8,NaN,NaN,NaN,NaN,NaN,NaN,NaN,NaN
9,NaN,NaN,NaN,NaN,NaN,NaN,NaN,NaN
10,NaN,NaN,NaN,NaN,NaN,NaN,NaN,NaN
11,NaN,NaN,NaN,NaN,NaN,NaN,NaN,NaN
1,NaN,NaN,NaN,NaN,NaN,NaN,NaN,NaN
2,NaN,NaN,NaN,NaN,NaN,NaN,NaN,NaN
3,NaN,NaN,NaN,NaN,NaN,NaN,NaN,NaN
4,NaN,NaN,NaN,NaN,NaN,NaN,NaN,NaN
5,NaN,NaN,NaN,NaN,NaN,NaN,NaN,NaN
6,NaN,NaN,NaN,NaN,NaN,NaN,NaN,NaN
7,NaN,NaN,NaN,NaN,NaN,NaN,NaN,NaN
8,NaN,NaN,NaN,NaN,NaN,NaN,NaN,NaN
9,NaN,NaN,NaN,NaN,NaN,NaN,NaN,NaN
10,NaN,NaN,NaN,NaN,NaN,NaN,NaN,NaN
11,NaN,NaN,NaN,NaN,NaN,NaN,NaN,NaN
1,NaN,NaN,NaN,NaN,NaN,NaN,NaN,NaN
2,NaN,NaN,NaN,NaN,NaN,NaN,NaN,NaN
3,NaN,NaN,NaN,NaN,NaN,NaN,NaN,NaN
4,NaN,NaN,NaN,NaN,NaN,NaN,NaN,NaN
5,NaN,NaN,NaN,NaN,NaN,NaN,NaN,NaN
6,NaN,NaN,NaN,NaN,NaN,NaN,NaN,NaN
7,NaN,NaN,NaN,NaN,NaN,NaN,NaN,NaN
8,NaN,NaN,NaN,NaN,NaN,NaN,NaN,NaN
9,NaN,NaN,NaN,NaN,NaN,NaN,NaN,NaN
10,NaN,NaN,NaN,NaN,NaN,NaN,NaN,NaN
11,NaN,NaN,NaN,NaN,NaN,NaN,NaN,NaN
1,NaN,NaN,NaN,NaN,NaN,NaN,NaN,NaN
2,NaN,NaN,NaN,NaN,NaN,NaN,NaN,NaN
3,NaN,NaN,NaN,NaN,NaN,NaN,NaN,NaN
4,NaN,NaN,NaN,NaN,NaN,NaN,NaN,NaN
5,NaN,NaN,NaN,NaN,NaN,NaN,NaN,NaN
6,NaN,NaN,NaN,NaN,NaN,NaN,NaN,NaN
7,NaN,NaN,NaN,NaN,NaN,NaN,NaN,NaN
8,NaN,NaN,NaN,NaN,NaN,NaN,NaN,NaN
9,NaN,NaN,NaN,NaN,NaN,NaN,NaN,NaN
10,NaN,NaN,NaN,NaN,NaN,NaN,NaN,NaN
11,NaN,NaN,NaN,NaN,NaN,NaN,NaN,NaN
1,NaN,NaN,NaN,NaN,NaN,NaN,NaN,NaN
2,NaN,NaN,NaN,NaN,NaN,NaN,NaN,NaN
3,NaN,NaN,NaN,NaN,NaN,NaN,NaN,NaN
4,NaN,NaN,NaN,NaN,NaN,NaN,NaN,NaN
5,NaN,NaN,NaN,NaN,NaN,NaN,NaN,NaN
6,NaN,NaN,NaN,NaN,NaN,NaN,NaN,NaN
7,NaN,NaN,NaN,NaN,NaN,NaN,NaN,NaN
8,NaN,NaN,NaN,NaN,NaN,NaN,NaN,NaN
9,NaN,NaN,NaN,NaN,NaN,NaN,NaN,NaN
10,NaN,NaN,NaN,NaN,NaN,NaN,NaN,NaN
11,NaN,NaN,NaN,NaN,NaN,NaN,NaN,NaN
1,NaN,NaN,NaN,NaN,NaN,NaN,NaN,NaN
2,NaN,NaN,NaN,NaN,NaN,NaN,NaN,NaN
3,NaN,NaN,NaN,NaN,NaN,NaN,NaN,NaN
4,NaN,NaN,NaN,NaN,NaN,NaN,NaN,NaN
5,NaN,NaN,NaN,NaN,NaN,NaN,NaN,NaN
6,NaN,NaN,NaN,NaN,NaN,NaN,NaN,NaN
7,NaN,NaN,NaN,NaN,NaN,NaN,NaN,NaN
8,NaN,NaN,NaN,NaN,NaN,NaN,NaN,NaN
9,NaN,NaN,NaN,NaN,NaN,NaN,NaN,NaN
10,NaN,NaN,NaN,NaN,NaN,NaN,NaN,NaN
11,NaN,NaN,NaN,NaN,NaN,NaN,NaN,NaN
1,NaN,NaN,NaN,NaN,NaN,NaN,NaN,NaN
2,NaN,NaN,NaN,NaN,NaN,NaN,NaN,NaN
3,NaN,NaN,NaN,NaN,NaN,NaN,NaN,NaN
4,NaN,NaN,NaN,NaN,NaN,NaN,NaN,NaN
5,NaN,NaN,NaN,NaN,NaN,NaN,NaN,NaN
6,NaN,NaN,NaN,NaN,NaN,NaN,NaN,NaN
7,NaN,NaN,NaN,NaN,NaN,NaN,NaN,NaN
8,NaN,NaN,NaN,NaN,NaN,NaN,NaN,NaN
9,NaN,NaN,NaN,NaN,NaN,NaN,NaN,NaN
10,NaN,NaN,NaN,NaN,NaN,NaN,NaN,NaN
11,NaN,NaN,NaN,NaN,NaN,NaN,NaN,NaN
1,NaN,NaN,NaN,NaN,NaN,NaN,NaN,NaN
2,NaN,NaN,NaN,NaN,NaN,NaN,NaN,NaN
3,NaN,NaN,NaN,NaN,NaN,NaN,NaN,NaN
4,NaN,NaN,NaN,NaN,NaN,NaN,NaN,NaN
5,NaN,NaN,NaN,NaN,NaN,NaN,NaN,NaN
6,NaN,NaN,NaN,NaN,NaN,NaN,NaN,NaN
7,NaN,NaN,NaN,NaN,NaN,NaN,NaN,NaN
8,NaN,NaN,NaN,NaN,NaN,NaN,NaN,NaN
9,NaN,NaN,NaN,NaN,NaN,NaN,NaN,NaN
10,NaN,NaN,NaN,NaN,NaN,NaN,NaN,NaN
11,NaN,NaN,NaN,NaN,NaN,NaN,NaN,NaN
1,NaN,NaN,NaN,NaN,NaN,NaN,NaN,NaN
2,NaN,NaN,NaN,NaN,NaN,NaN,NaN,NaN
3,NaN,NaN,NaN,NaN,NaN,NaN,NaN,NaN
4,NaN,NaN,NaN,NaN,NaN,NaN,NaN,NaN
5,NaN,NaN,NaN,NaN,NaN,NaN,NaN,NaN
6,NaN,NaN,NaN,NaN,NaN,NaN,NaN,NaN
7,NaN,NaN,NaN,NaN,NaN,NaN,NaN,NaN
8,NaN,NaN,NaN,NaN,NaN,NaN,NaN,NaN
9,NaN,NaN,NaN,NaN,NaN,NaN,NaN,NaN
10,NaN,NaN,NaN,NaN,NaN,NaN,NaN,NaN
11,NaN,NaN,NaN,NaN,NaN,NaN,NaN,NaN
1,NaN,NaN,NaN,NaN,NaN,NaN,NaN,NaN
2,NaN,NaN,NaN,NaN,NaN,NaN,NaN,NaN
3,NaN,NaN,NaN,NaN,NaN,NaN,NaN,NaN
4,NaN,NaN,NaN,NaN,NaN,NaN,NaN,NaN
5,NaN,NaN,NaN,NaN,NaN,NaN,NaN,NaN
6,NaN,NaN,NaN,NaN,NaN,NaN,NaN,NaN
7,NaN,NaN,NaN,NaN,NaN,NaN,NaN,NaN
8,NaN,NaN,NaN,NaN,NaN,NaN,NaN,NaN
9,NaN,NaN,NaN,NaN,NaN,NaN,NaN,NaN
10,NaN,NaN,NaN,NaN,NaN,NaN,NaN,NaN
11,NaN,NaN,NaN,NaN,NaN,NaN,NaN,NaN
1,NaN,NaN,NaN,NaN,NaN,NaN,NaN,NaN
2,NaN,NaN,NaN,NaN,NaN,NaN,NaN,NaN
3,NaN,NaN,NaN,NaN,NaN,NaN,NaN,NaN
4,NaN,NaN,NaN,NaN,NaN,NaN,NaN,NaN
5,NaN,NaN,NaN,NaN,NaN,NaN,NaN,NaN
6,NaN,NaN,NaN,NaN,NaN,NaN,NaN,NaN
7,NaN,NaN,NaN,NaN,NaN,NaN,NaN,NaN
8,NaN,NaN,NaN,NaN,NaN,NaN,NaN,NaN
9,NaN,NaN,NaN,NaN,NaN,NaN,NaN,NaN
10,NaN,NaN,NaN,NaN,NaN,NaN,NaN,NaN
11,NaN,NaN,NaN,NaN,NaN,NaN,NaN,NaN
1,NaN,NaN,NaN,NaN,NaN,NaN,NaN,NaN
2,NaN,NaN,NaN,NaN,NaN,NaN,NaN,NaN
3,NaN,NaN,NaN,NaN,NaN,NaN,NaN,NaN
4,NaN,NaN,NaN,NaN,NaN,NaN,NaN,NaN
5,NaN,NaN,NaN,NaN,NaN,NaN,NaN,NaN
6,NaN,NaN,NaN,NaN,NaN,NaN,NaN,NaN
7,NaN,NaN,NaN,NaN,NaN,NaN,NaN,NaN
8,NaN,NaN,NaN,NaN,NaN,NaN,NaN,NaN
9,NaN,NaN,NaN,NaN,NaN,NaN,NaN,NaN
10,NaN,NaN,NaN,NaN,NaN,NaN,NaN,NaN
11,NaN,NaN,NaN,NaN,NaN,NaN,NaN,NaN
1,NaN,NaN,NaN,NaN,NaN,NaN,NaN,NaN
2,NaN,NaN,NaN,NaN,NaN,NaN,NaN,NaN
3,NaN,NaN,NaN,NaN,NaN,NaN,NaN,NaN
4,NaN,NaN,NaN,NaN,NaN,NaN,NaN,NaN
5,NaN,NaN,NaN,NaN,NaN,NaN,NaN,NaN
6,NaN,NaN,NaN,NaN,NaN,NaN,NaN,NaN
7,NaN,NaN,NaN,NaN,NaN,NaN,NaN,NaN
8,NaN,NaN,NaN,NaN,NaN,NaN,NaN,NaN
9,NaN,NaN,NaN,NaN,NaN,NaN,NaN,NaN
10,NaN,NaN,NaN,NaN,NaN,NaN,NaN,NaN
11,NaN,NaN,NaN,NaN,NaN,NaN,NaN,NaN
1,NaN,NaN,NaN,NaN,NaN,NaN,NaN,NaN
2,NaN,NaN,NaN,NaN,NaN,NaN,NaN,NaN
3,NaN,NaN,NaN,NaN,NaN,NaN,NaN,NaN
4,NaN,NaN,NaN,NaN,NaN,NaN,NaN,NaN
5,NaN,NaN,NaN,NaN,NaN,NaN,NaN,NaN
6,NaN,NaN,NaN,NaN,NaN,NaN,NaN,NaN
7,NaN,NaN,NaN,NaN,NaN,NaN,NaN,NaN
8,NaN,NaN,NaN,NaN,NaN,NaN,NaN,NaN
9,NaN,NaN,NaN,NaN,NaN,NaN,NaN,NaN
10,NaN,NaN,NaN,NaN,NaN,NaN,NaN,NaN
11,NaN,NaN,NaN,NaN,NaN,NaN,NaN,NaN
1,NaN,NaN,NaN,NaN,NaN,NaN,NaN,NaN
2,NaN,NaN,NaN,NaN,NaN,NaN,NaN,NaN
3,NaN,NaN,NaN,NaN,NaN,NaN,NaN,NaN
4,NaN,NaN,NaN,NaN,NaN,NaN,NaN,NaN
5,NaN,NaN,NaN,NaN,NaN,NaN,NaN,NaN
6,NaN,NaN,NaN,NaN,NaN,NaN,NaN,NaN
7,NaN,NaN,NaN,NaN,NaN,NaN,NaN,NaN
8,NaN,NaN,NaN,NaN,NaN,NaN,NaN,NaN
9,NaN,NaN,NaN,NaN,NaN,NaN,NaN,NaN
10,NaN,NaN,NaN,NaN,NaN,NaN,NaN,NaN
11,NaN,NaN,NaN,NaN,NaN,NaN,NaN,NaN
1,NaN,NaN,NaN,NaN,NaN,NaN,NaN,NaN
2,NaN,NaN,NaN,NaN,NaN,NaN,NaN,NaN
3,NaN,NaN,NaN,NaN,NaN,NaN,NaN,NaN
4,NaN,NaN,NaN,NaN,NaN,NaN,NaN,NaN
5,NaN,NaN,NaN,NaN,NaN,NaN,NaN,NaN
6,NaN,NaN,NaN,NaN,NaN,NaN,NaN,NaN
7,NaN,NaN,NaN,NaN,NaN,NaN,NaN,NaN
8,NaN,NaN,NaN,NaN,NaN,NaN,NaN,NaN
9,NaN,NaN,NaN,NaN,NaN,NaN,NaN,NaN
10,NaN,NaN,NaN,NaN,NaN,NaN,NaN,NaN
11,NaN,NaN,NaN,NaN,NaN,NaN,NaN,NaN
1,NaN,NaN,NaN,NaN,NaN,NaN,NaN,NaN
2,NaN,NaN,NaN,NaN,NaN,NaN,NaN,NaN
3,NaN,NaN,NaN,NaN,NaN,NaN,NaN,NaN
4,NaN,NaN,NaN,NaN,NaN,NaN,NaN,NaN
5,NaN,NaN,NaN,NaN,NaN,NaN,NaN,NaN
6,NaN,NaN,NaN,NaN,NaN,NaN,NaN,NaN
7,NaN,NaN,NaN,NaN,NaN,NaN,NaN,NaN
8,NaN,NaN,NaN,NaN,NaN,NaN,NaN,NaN
9,NaN,NaN,NaN,NaN,NaN,NaN,NaN,NaN
10,NaN,NaN,NaN,NaN,NaN,NaN,NaN,NaN
11,NaN,NaN,NaN,NaN,NaN,NaN,NaN,NaN
1,NaN,NaN,NaN,NaN,NaN,NaN,NaN,NaN
2,NaN,NaN,NaN,NaN,NaN,NaN,NaN,NaN
3,NaN,NaN,NaN,NaN,NaN,NaN,NaN,NaN
4,NaN,NaN,NaN,NaN,NaN,NaN,NaN,NaN
5,NaN,NaN,NaN,NaN,NaN,NaN,NaN,NaN
6,NaN,NaN,NaN,NaN,NaN,NaN,NaN,NaN
7,NaN,NaN,NaN,NaN,NaN,NaN,NaN,NaN
8,NaN,NaN,NaN,NaN,NaN,NaN,NaN,NaN
9,NaN,NaN,NaN,NaN,NaN,NaN,NaN,NaN
10,NaN,NaN,NaN,NaN,NaN,NaN,NaN,NaN
11,NaN,NaN,NaN,NaN,NaN,NaN,NaN,NaN
1,NaN,NaN,NaN,NaN,NaN,NaN,NaN,NaN
2,NaN,NaN,NaN,NaN,NaN,NaN,NaN,NaN
3,NaN,NaN,NaN,NaN,NaN,NaN,NaN,NaN
4,NaN,NaN,NaN,NaN,NaN,NaN,NaN,NaN
5,NaN,NaN,NaN,NaN,NaN,NaN,NaN,NaN
6,NaN,NaN,NaN,NaN,NaN,NaN,NaN,NaN
7,NaN,NaN,NaN,NaN,NaN,NaN,NaN,NaN
8,NaN,NaN,NaN,NaN,NaN,NaN,NaN,NaN
9,NaN,NaN,NaN,NaN,NaN,NaN,NaN,NaN
10,NaN,NaN,NaN,NaN,NaN,NaN,NaN,NaN
11,NaN,NaN,NaN,NaN,NaN,NaN,NaN,NaN
1,NaN,NaN,NaN,NaN,NaN,NaN,NaN,NaN
2,NaN,NaN,NaN,NaN,NaN,NaN,NaN,NaN
3,NaN,NaN,NaN,NaN,NaN,NaN,NaN,NaN
4,NaN,NaN,NaN,NaN,NaN,NaN,NaN,NaN
5,NaN,NaN,NaN,NaN,NaN,NaN,NaN,NaN
6,NaN,NaN,NaN,NaN,NaN,NaN,NaN,NaN
7,NaN,NaN,NaN,NaN,NaN,NaN,NaN,NaN
8,NaN,NaN,NaN,NaN,NaN,NaN,NaN,NaN
9,NaN,NaN,NaN,NaN,NaN,NaN,NaN,NaN
10,NaN,NaN,NaN,NaN,NaN,NaN,NaN,NaN
11,NaN,NaN,NaN,NaN,NaN,NaN,NaN,NaN
1,NaN,NaN,NaN,NaN,NaN,NaN,NaN,NaN
2,NaN,NaN,NaN,NaN,NaN,NaN,NaN,NaN
3,NaN,NaN,NaN,NaN,NaN,NaN,NaN,NaN
4,NaN,NaN,NaN,NaN,NaN,NaN,NaN,NaN
5,NaN,NaN,NaN,NaN,NaN,NaN,NaN,NaN
6,NaN,NaN,NaN,NaN,NaN,NaN,NaN,NaN
7,NaN,NaN,NaN,NaN,NaN,NaN,NaN,NaN
8,NaN,NaN,NaN,NaN,NaN,NaN,NaN,NaN
9,NaN,NaN,NaN,NaN,NaN,NaN,NaN,NaN
10,NaN,NaN,NaN,NaN,NaN,NaN,NaN,NaN
11,NaN,NaN,NaN,NaN,NaN,NaN,NaN,NaN
1,NaN,NaN,NaN,NaN,NaN,NaN,NaN,NaN
2,NaN,NaN,NaN,NaN,NaN,NaN,NaN,NaN
3,NaN,NaN,NaN,NaN,NaN,NaN,NaN,NaN
4,NaN,NaN,NaN,NaN,NaN,NaN,NaN,NaN
5,NaN,NaN,NaN,NaN,NaN,NaN,NaN,NaN
6,NaN,NaN,NaN,NaN,NaN,NaN,NaN,NaN
7,NaN,NaN,NaN,NaN,NaN,NaN,NaN,NaN
8,NaN,NaN,NaN,NaN,NaN,NaN,NaN,NaN
9,NaN,NaN,NaN,NaN,NaN,NaN,NaN,NaN
10,NaN,NaN,NaN,NaN,NaN,NaN,NaN,NaN
11,NaN,NaN,NaN,NaN,NaN,NaN,NaN,NaN
1,NaN,NaN,NaN,NaN,NaN,NaN,NaN,NaN
2,NaN,NaN,NaN,NaN,NaN,NaN,NaN,NaN
3,NaN,NaN,NaN,NaN,NaN,NaN,NaN,NaN
4,NaN,NaN,NaN,NaN,NaN,NaN,NaN,NaN
5,NaN,NaN,NaN,NaN,NaN,NaN,NaN,NaN
6,NaN,NaN,NaN,NaN,NaN,NaN,NaN,NaN
7,NaN,NaN,NaN,NaN,NaN,NaN,NaN,NaN
8,NaN,NaN,NaN,NaN,NaN,NaN,NaN,NaN
9,NaN,NaN,NaN,NaN,NaN,NaN,NaN,NaN
10,NaN,NaN,NaN,NaN,NaN,NaN,NaN,NaN
11,NaN,NaN,NaN,NaN,NaN,NaN,NaN,NaN
1,NaN,NaN,NaN,NaN,NaN,NaN,NaN,NaN
2,NaN,NaN,NaN,NaN,NaN,NaN,NaN,NaN
3,NaN,NaN,NaN,NaN,NaN,NaN,NaN,NaN
4,NaN,NaN,NaN,NaN,NaN,NaN,NaN,NaN
5,NaN,NaN,NaN,NaN,NaN,NaN,NaN,NaN
6,NaN,NaN,NaN,NaN,NaN,NaN,NaN,NaN
7,NaN,NaN,NaN,NaN,NaN,NaN,NaN,NaN
8,NaN,NaN,NaN,NaN,NaN,NaN,NaN,NaN
9,NaN,NaN,NaN,NaN,NaN,NaN,NaN,NaN
10,NaN,NaN,NaN,NaN,NaN,NaN,NaN,NaN
11,NaN,NaN,NaN,NaN,NaN,NaN,NaN,NaN
1,NaN,NaN,NaN,NaN,NaN,NaN,NaN,NaN
2,NaN,NaN,NaN,NaN,NaN,NaN,NaN,NaN
3,NaN,NaN,NaN,NaN,NaN,NaN,NaN,NaN
4,NaN,NaN,NaN,NaN,NaN,NaN,NaN,NaN
5,NaN,NaN,NaN,NaN,NaN,NaN,NaN,NaN
6,NaN,NaN,NaN,NaN,NaN,NaN,NaN,NaN
7,NaN,NaN,NaN,NaN,NaN,NaN,NaN,NaN
8,NaN,NaN,NaN,NaN,NaN,NaN,NaN,NaN
9,NaN,NaN,NaN,NaN,NaN,NaN,NaN,NaN
10,NaN,NaN,NaN,NaN,NaN,NaN,NaN,NaN
11,NaN,NaN,NaN,NaN,NaN,NaN,NaN,NaN
1,NaN,NaN,NaN,NaN,NaN,NaN,NaN,NaN
2,NaN,NaN,NaN,NaN,NaN,NaN,NaN,NaN
3,NaN,NaN,NaN,NaN,NaN,NaN,NaN,NaN
4,NaN,NaN,NaN,NaN,NaN,NaN,NaN,NaN
5,NaN,NaN,NaN,NaN,NaN,NaN,NaN,NaN
6,NaN,NaN,NaN,NaN,NaN,NaN,NaN,NaN
7,NaN,NaN,NaN,NaN,NaN,NaN,NaN,NaN
8,NaN,NaN,NaN,NaN,NaN,NaN,NaN,NaN
9,NaN,NaN,NaN,NaN,NaN,NaN,NaN,NaN
10,NaN,NaN,NaN,NaN,NaN,NaN,NaN,NaN
11,NaN,NaN,NaN,NaN,NaN,NaN,NaN,NaN
1,NaN,NaN,NaN,NaN,NaN,NaN,NaN,NaN
2,NaN,NaN,NaN,NaN,NaN,NaN,NaN,NaN
3,NaN,NaN,NaN,NaN,NaN,NaN,NaN,NaN
4,NaN,NaN,NaN,NaN,NaN,NaN,NaN,NaN
5,NaN,NaN,NaN,NaN,NaN,NaN,NaN,NaN
6,NaN,NaN,NaN,NaN,NaN,NaN,NaN,NaN
7,NaN,NaN,NaN,NaN,NaN,NaN,NaN,NaN
8,NaN,NaN,NaN,NaN,NaN,NaN,NaN,NaN
9,NaN,NaN,NaN,NaN,NaN,NaN,NaN,NaN
10,NaN,NaN,NaN,NaN,NaN,NaN,NaN,NaN
11,NaN,NaN,NaN,NaN,NaN,NaN,NaN,NaN
1,NaN,NaN,NaN,NaN,NaN,NaN,NaN,NaN
2,NaN,NaN,NaN,NaN,NaN,NaN,NaN,NaN
3,NaN,NaN,NaN,NaN,NaN,NaN,NaN,NaN
4,NaN,NaN,NaN,NaN,NaN,NaN,NaN,NaN
5,NaN,NaN,NaN,NaN,NaN,NaN,NaN,NaN
6,NaN,NaN,NaN,NaN,NaN,NaN,NaN,NaN
7,NaN,NaN,NaN,NaN,NaN,NaN,NaN,NaN
8,NaN,NaN,NaN,NaN,NaN,NaN,NaN,NaN
9,NaN,NaN,NaN,NaN,NaN,NaN,NaN,NaN
10,NaN,NaN,NaN,NaN,NaN,NaN,NaN,NaN
11,NaN,NaN,NaN,NaN,NaN,NaN,NaN,NaN
1,NaN,NaN,NaN,NaN,NaN,NaN,NaN,NaN
2,NaN,NaN,NaN,NaN,NaN,NaN,NaN,NaN
3,NaN,NaN,NaN,NaN,NaN,NaN,NaN,NaN
4,NaN,NaN,NaN,NaN,NaN,NaN,NaN,NaN
5,NaN,NaN,NaN,NaN,NaN,NaN,NaN,NaN
6,NaN,NaN,NaN,NaN,NaN,NaN,NaN,NaN
7,NaN,NaN,NaN,NaN,NaN,NaN,NaN,NaN
8,NaN,NaN,NaN,NaN,NaN,NaN,NaN,NaN
9,NaN,NaN,NaN,NaN,NaN,NaN,NaN,NaN
10,NaN,NaN,NaN,NaN,NaN,NaN,NaN,NaN
11,NaN,NaN,NaN,NaN,NaN,NaN,NaN,NaN
1,NaN,NaN,NaN,NaN,NaN,NaN,NaN,NaN
2,NaN,NaN,NaN,NaN,NaN,NaN,NaN,NaN
3,NaN,NaN,NaN,NaN,NaN,NaN,NaN,NaN
4,NaN,NaN,NaN,NaN,NaN,NaN,NaN,NaN
5,NaN,NaN,NaN,NaN,NaN,NaN,NaN,NaN
6,NaN,NaN,NaN,NaN,NaN,NaN,NaN,NaN
7,NaN,NaN,NaN,NaN,NaN,NaN,NaN,NaN
8,NaN,NaN,NaN,NaN,NaN,NaN,NaN,NaN
9,NaN,NaN,NaN,NaN,NaN,NaN,NaN,NaN
10,NaN,NaN,NaN,NaN,NaN,NaN,NaN,NaN
11,NaN,NaN,NaN,NaN,NaN,NaN,NaN,NaN
1,NaN,NaN,NaN,NaN,NaN,NaN,NaN,NaN
2,NaN,NaN,NaN,NaN,NaN,NaN,NaN,NaN
3,NaN,NaN,NaN,NaN,NaN,NaN,NaN,NaN
4,NaN,NaN,NaN,NaN,NaN,NaN,NaN,NaN
5,NaN,NaN,NaN,NaN,NaN,NaN,NaN,NaN
6,NaN,NaN,NaN,NaN,NaN,NaN,NaN,NaN
7,NaN,NaN,NaN,NaN,NaN,NaN,NaN,NaN
8,NaN,NaN,NaN,NaN,NaN,NaN,NaN,NaN
9,NaN,NaN,NaN,NaN,NaN,NaN,NaN,NaN
10,NaN,NaN,NaN,NaN,NaN,NaN,NaN,NaN
11,NaN,NaN,NaN,NaN,NaN,NaN,NaN,NaN
1,NaN,NaN,NaN,NaN,NaN,NaN,NaN,NaN
2,NaN,NaN,NaN,NaN,NaN,NaN,NaN,NaN
3,NaN,NaN,NaN,NaN,NaN,NaN,NaN,NaN
4,NaN,NaN,NaN,NaN,NaN,NaN,NaN,NaN
5,NaN,NaN,NaN,NaN,NaN,NaN,NaN,NaN
6,NaN,NaN,NaN,NaN,NaN,NaN,NaN,NaN
7,NaN,NaN,NaN,NaN,NaN,NaN,NaN,NaN
8,NaN,NaN,NaN,NaN,NaN,NaN,NaN,NaN
9,NaN,NaN,NaN,NaN,NaN,NaN,NaN,NaN
10,NaN,NaN,NaN,NaN,NaN,NaN,NaN,NaN
11,NaN,NaN,NaN,NaN,NaN,NaN,NaN,NaN
1,NaN,NaN,NaN,NaN,NaN,NaN,NaN,NaN
2,NaN,NaN,NaN,NaN,NaN,NaN,NaN,NaN
3,NaN,NaN,NaN,NaN,NaN,NaN,NaN,NaN
4,NaN,NaN,NaN,NaN,NaN,NaN,NaN,NaN
5,NaN,NaN,NaN,NaN,NaN,NaN,NaN,NaN
6,NaN,NaN,NaN,NaN,NaN,NaN,NaN,NaN
7,NaN,NaN,NaN,NaN,NaN,NaN,NaN,NaN
8,NaN,NaN,NaN,NaN,NaN,NaN,NaN,NaN
9,NaN,NaN,NaN,NaN,NaN,NaN,NaN,NaN
10,NaN,NaN,NaN,NaN,NaN,NaN,NaN,NaN
11,NaN,NaN,NaN,NaN,NaN,NaN,NaN,NaN
1,NaN,NaN,NaN,NaN,NaN,NaN,NaN,NaN
2,NaN,NaN,NaN,NaN,NaN,NaN,NaN,NaN
3,NaN,NaN,NaN,NaN,NaN,NaN,NaN,NaN
4,NaN,NaN,NaN,NaN,NaN,NaN,NaN,NaN
5,NaN,NaN,NaN,NaN,NaN,NaN,NaN,NaN
6,NaN,NaN,NaN,NaN,NaN,NaN,NaN,NaN
7,NaN,NaN,NaN,NaN,NaN,NaN,NaN,NaN
8,NaN,NaN,NaN,NaN,NaN,NaN,NaN,NaN
9,NaN,NaN,NaN,NaN,NaN,NaN,NaN,NaN
10,NaN,NaN,NaN,NaN,NaN,NaN,NaN,NaN
11,NaN,NaN,NaN,NaN,NaN,NaN,NaN,NaN
1,NaN,NaN,NaN,NaN,NaN,NaN,NaN,NaN
2,NaN,NaN,NaN,NaN,NaN,NaN,NaN,NaN
3,NaN,NaN,NaN,NaN,NaN,NaN,NaN,NaN
4,NaN,NaN,NaN,NaN,NaN,NaN,NaN,NaN
5,NaN,NaN,NaN,NaN,NaN,NaN,NaN,NaN
6,NaN,NaN,NaN,NaN,NaN,NaN,NaN,NaN
7,NaN,NaN,NaN,NaN,NaN,NaN,NaN,NaN
8,NaN,NaN,NaN,NaN,NaN,NaN,NaN,NaN
9,NaN,NaN,NaN,NaN,NaN,NaN,NaN,NaN
10,NaN,NaN,NaN,NaN,NaN,NaN,NaN,NaN
11,NaN,NaN,NaN,NaN,NaN,NaN,NaN,NaN
1,NaN,NaN,NaN,NaN,NaN,NaN,NaN,NaN
2,NaN,NaN,NaN,NaN,NaN,NaN,NaN,NaN
3,NaN,NaN,NaN,NaN,NaN,NaN,NaN,NaN
4,NaN,NaN,NaN,NaN,NaN,NaN,NaN,NaN
5,NaN,NaN,NaN,NaN,NaN,NaN,NaN,NaN
6,NaN,NaN,NaN,NaN,NaN,NaN,NaN,NaN
7,NaN,NaN,NaN,NaN,NaN,NaN,NaN,NaN
8,NaN,NaN,NaN,NaN,NaN,NaN,NaN,NaN
9,NaN,NaN,NaN,NaN,NaN,NaN,NaN,NaN
10,NaN,NaN,NaN,NaN,NaN,NaN,NaN,NaN
11,NaN,NaN,NaN,NaN,NaN,NaN,NaN,NaN
1,NaN,NaN,NaN,NaN,NaN,NaN,NaN,NaN
2,NaN,NaN,NaN,NaN,NaN,NaN,NaN,NaN
3,NaN,NaN,NaN,NaN,NaN,NaN,NaN,NaN
4,NaN,NaN,NaN,NaN,NaN,NaN,NaN,NaN
5,NaN,NaN,NaN,NaN,NaN,NaN,NaN,NaN
6,NaN,NaN,NaN,NaN,NaN,NaN,NaN,NaN
7,NaN,NaN,NaN,NaN,NaN,NaN,NaN,NaN
8,NaN,NaN,NaN,NaN,NaN,NaN,NaN,NaN
9,NaN,NaN,NaN,NaN,NaN,NaN,NaN,NaN
10,NaN,NaN,NaN,NaN,NaN,NaN,NaN,NaN
11,NaN,NaN,NaN,NaN,NaN,NaN,NaN,NaN
1,NaN,NaN,NaN,NaN,NaN,NaN,NaN,NaN
2,NaN,NaN,NaN,NaN,NaN,NaN,NaN,NaN
3,NaN,NaN,NaN,NaN,NaN,NaN,NaN,NaN
4,NaN,NaN,NaN,NaN,NaN,NaN,NaN,NaN
5,NaN,NaN,NaN,NaN,NaN,NaN,NaN,NaN
6,NaN,NaN,NaN,NaN,NaN,NaN,NaN,NaN
7,NaN,NaN,NaN,NaN,NaN,NaN,NaN,NaN
8,NaN,NaN,NaN,NaN,NaN,NaN,NaN,NaN
9,NaN,NaN,NaN,NaN,NaN,NaN,NaN,NaN
10,NaN,NaN,NaN,NaN,NaN,NaN,NaN,NaN
11,NaN,NaN,NaN,NaN,NaN,NaN,NaN,NaN
1,NaN,NaN,NaN,NaN,NaN,NaN,NaN,NaN
2,NaN,NaN,NaN,NaN,NaN,NaN,NaN,NaN
3,NaN,NaN,NaN,NaN,NaN,NaN,NaN,NaN
4,NaN,NaN,NaN,NaN,NaN,NaN,NaN,NaN
5,NaN,NaN,NaN,NaN,NaN,NaN,NaN,NaN
6,NaN,NaN,NaN,NaN,NaN,NaN,NaN,NaN
7,NaN,NaN,NaN,NaN,NaN,NaN,NaN,NaN
8,NaN,NaN,NaN,NaN,NaN,NaN,NaN,NaN
9,NaN,NaN,NaN,NaN,NaN,NaN,NaN,NaN
10,NaN,NaN,NaN,NaN,NaN,NaN,NaN,NaN
11,NaN,NaN,NaN,NaN,NaN,NaN,NaN,NaN
1,NaN,NaN,NaN,NaN,NaN,NaN,NaN,NaN
2,NaN,NaN,NaN,NaN,NaN,NaN,NaN,NaN
3,NaN,NaN,NaN,NaN,NaN,NaN,NaN,NaN
4,NaN,NaN,NaN,NaN,NaN,NaN,NaN,NaN
5,NaN,NaN,NaN,NaN,NaN,NaN,NaN,NaN
6,NaN,NaN,NaN,NaN,NaN,NaN,NaN,NaN
7,NaN,NaN,NaN,NaN,NaN,NaN,NaN,NaN
8,NaN,NaN,NaN,NaN,NaN,NaN,NaN,NaN
9,NaN,NaN,NaN,NaN,NaN,NaN,NaN,NaN
10,NaN,NaN,NaN,NaN,NaN,NaN,NaN,NaN
11,NaN,NaN,NaN,NaN,NaN,NaN,NaN,NaN
1,NaN,NaN,NaN,NaN,NaN,NaN,NaN,NaN
2,NaN,NaN,NaN,NaN,NaN,NaN,NaN,NaN
3,NaN,NaN,NaN,NaN,NaN,NaN,NaN,NaN
4,NaN,NaN,NaN,NaN,NaN,NaN,NaN,NaN
5,NaN,NaN,NaN,NaN,NaN,NaN,NaN,NaN
6,NaN,NaN,NaN,NaN,NaN,NaN,NaN,NaN
7,NaN,NaN,NaN,NaN,NaN,NaN,NaN,NaN
8,NaN,NaN,NaN,NaN,NaN,NaN,NaN,NaN
9,NaN,NaN,NaN,NaN,NaN,NaN,NaN,NaN
10,NaN,NaN,NaN,NaN,NaN,NaN,NaN,NaN
11,NaN,NaN,NaN,NaN,NaN,NaN,NaN,NaN
1,NaN,NaN,NaN,NaN,NaN,NaN,NaN,NaN
2,NaN,NaN,NaN,NaN,NaN,NaN,NaN,NaN
3,NaN,NaN,NaN,NaN,NaN,NaN,NaN,NaN
4,NaN,NaN,NaN,NaN,NaN,NaN,NaN,NaN
5,NaN,NaN,NaN,NaN,NaN,NaN,NaN,NaN
6,NaN,NaN,NaN,NaN,NaN,NaN,NaN,NaN
7,NaN,NaN,NaN,NaN,NaN,NaN,NaN,NaN
8,NaN,NaN,NaN,NaN,NaN,NaN,NaN,NaN
9,NaN,NaN,NaN,NaN,NaN,NaN,NaN,NaN
10,NaN,NaN,NaN,NaN,NaN,NaN,NaN,NaN
11,NaN,NaN,NaN,NaN,NaN,NaN,NaN,NaN
1,NaN,NaN,NaN,NaN,NaN,NaN,NaN,NaN
2,NaN,NaN,NaN,NaN,NaN,NaN,NaN,NaN
3,NaN,NaN,NaN,NaN,NaN,NaN,NaN,NaN
4,NaN,NaN,NaN,NaN,NaN,NaN,NaN,NaN
5,NaN,NaN,NaN,NaN,NaN,NaN,NaN,NaN
6,NaN,NaN,NaN,NaN,NaN,NaN,NaN,NaN
7,NaN,NaN,NaN,NaN,NaN,NaN,NaN,NaN
8,NaN,NaN,NaN,NaN,NaN,NaN,NaN,NaN
9,NaN,NaN,NaN,NaN,NaN,NaN,NaN,NaN
10,NaN,NaN,NaN,NaN,NaN,NaN,NaN,NaN
11,NaN,NaN,NaN,NaN,NaN,NaN,NaN,NaN
1,NaN,NaN,NaN,NaN,NaN,NaN,NaN,NaN
2,NaN,NaN,NaN,NaN,NaN,NaN,NaN,NaN
3,NaN,NaN,NaN,NaN,NaN,NaN,NaN,NaN
4,NaN,NaN,NaN,NaN,NaN,NaN,NaN,NaN
5,NaN,NaN,NaN,NaN,NaN,NaN,NaN,NaN
6,NaN,NaN,NaN,NaN,NaN,NaN,NaN,NaN
7,NaN,NaN,NaN,NaN,NaN,NaN,NaN,NaN
8,NaN,NaN,NaN,NaN,NaN,NaN,NaN,NaN
9,NaN,NaN,NaN,NaN,NaN,NaN,NaN,NaN
10,NaN,NaN,NaN,NaN,NaN,NaN,NaN,NaN
11,NaN,NaN,NaN,NaN,NaN,NaN,NaN,NaN
1,NaN,NaN,NaN,NaN,NaN,NaN,NaN,NaN
2,NaN,NaN,NaN,NaN,NaN,NaN,NaN,NaN
3,NaN,NaN,NaN,NaN,NaN,NaN,NaN,NaN
4,NaN,NaN,NaN,NaN,NaN,NaN,NaN,NaN
5,NaN,NaN,NaN,NaN,NaN,NaN,NaN,NaN
6,NaN,NaN,NaN,NaN,NaN,NaN,NaN,NaN
7,NaN,NaN,NaN,NaN,NaN,NaN,NaN,NaN
8,NaN,NaN,NaN,NaN,NaN,NaN,NaN,NaN
9,NaN,NaN,NaN,NaN,NaN,NaN,NaN,NaN
10,NaN,NaN,NaN,NaN,NaN,NaN,NaN,NaN
11,NaN,NaN,NaN,NaN,NaN,NaN,NaN,NaN
1,NaN,NaN,NaN,NaN,NaN,NaN,NaN,NaN
2,NaN,NaN,NaN,NaN,NaN,NaN,NaN,NaN
3,NaN,NaN,NaN,NaN,NaN,NaN,NaN,NaN
4,NaN,NaN,NaN,NaN,NaN,NaN,NaN,NaN
5,NaN,NaN,NaN,NaN,NaN,NaN,NaN,NaN
6,NaN,NaN,NaN,NaN,NaN,NaN,NaN,NaN
7,NaN,NaN,NaN,NaN,NaN,NaN,NaN,NaN
8,NaN,NaN,NaN,NaN,NaN,NaN,NaN,NaN
9,NaN,NaN,NaN,NaN,NaN,NaN,NaN,NaN
10,NaN,NaN,NaN,NaN,NaN,NaN,NaN,NaN
11,NaN,NaN,NaN,NaN,NaN,NaN,NaN,NaN
1,NaN,NaN,NaN,NaN,NaN,NaN,NaN,NaN
2,NaN,NaN,NaN,NaN,NaN,NaN,NaN,NaN
3,NaN,NaN,NaN,NaN,NaN,NaN,NaN,NaN
4,NaN,NaN,NaN,NaN,NaN,NaN,NaN,NaN
5,NaN,NaN,NaN,NaN,NaN,NaN,NaN,NaN
6,NaN,NaN,NaN,NaN,NaN,NaN,NaN,NaN
7,NaN,NaN,NaN,NaN,NaN,NaN,NaN,NaN
8,NaN,NaN,NaN,NaN,NaN,NaN,NaN,NaN
9,NaN,NaN,NaN,NaN,NaN,NaN,NaN,NaN
10,NaN,NaN,NaN,NaN,NaN,NaN,NaN,NaN
11,NaN,NaN,NaN,NaN,NaN,NaN,NaN,NaN
1,NaN,NaN,NaN,NaN,NaN,NaN,NaN,NaN
2,NaN,NaN,NaN,NaN,NaN,NaN,NaN,NaN
3,NaN,NaN,NaN,NaN,NaN,NaN,NaN,NaN
4,NaN,NaN,NaN,NaN,NaN,NaN,NaN,NaN
5,NaN,NaN,NaN,NaN,NaN,NaN,NaN,NaN
6,NaN,NaN,NaN,NaN,NaN,NaN,NaN,NaN
7,NaN,NaN,NaN,NaN,NaN,NaN,NaN,NaN
8,NaN,NaN,NaN,NaN,NaN,NaN,NaN,NaN
9,NaN,NaN,NaN,NaN,NaN,NaN,NaN,NaN
10,NaN,NaN,NaN,NaN,NaN,NaN,NaN,NaN
11,NaN,NaN,NaN,NaN,NaN,NaN,NaN,NaN
1,NaN,NaN,NaN,NaN,NaN,NaN,NaN,NaN
2,NaN,NaN,NaN,NaN,NaN,NaN,NaN,NaN
3,NaN,NaN,NaN,NaN,NaN,NaN,NaN,NaN
4,NaN,NaN,NaN,NaN,NaN,NaN,NaN,NaN
5,NaN,NaN,NaN,NaN,NaN,NaN,NaN,NaN
6,NaN,NaN,NaN,NaN,NaN,NaN,NaN,NaN
7,NaN,NaN,NaN,NaN,NaN,NaN,NaN,NaN
8,NaN,NaN,NaN,NaN,NaN,NaN,NaN,NaN
9,NaN,NaN,NaN,NaN,NaN,NaN,NaN,NaN
10,NaN,NaN,NaN,NaN,NaN,NaN,NaN,NaN
11,NaN,NaN,NaN,NaN,NaN,NaN,NaN,NaN
1,NaN,NaN,NaN,NaN,NaN,NaN,NaN,NaN
2,NaN,NaN,NaN,NaN,NaN,NaN,NaN,NaN
3,NaN,NaN,NaN,NaN,NaN,NaN,NaN,NaN
4,NaN,NaN,NaN,NaN,NaN,NaN,NaN,NaN
5,NaN,NaN,NaN,NaN,NaN,NaN,NaN,NaN
6,NaN,NaN,NaN,NaN,NaN,NaN,NaN,NaN
7,NaN,NaN,NaN,NaN,NaN,NaN,NaN,NaN
8,NaN,NaN,NaN,NaN,NaN,NaN,NaN,NaN
9,NaN,NaN,NaN,NaN,NaN,NaN,NaN,NaN
10,NaN,NaN,NaN,NaN,NaN,NaN,NaN,NaN
11,NaN,NaN,NaN,NaN,NaN,NaN,NaN,NaN
1,NaN,NaN,NaN,NaN,NaN,NaN,NaN,NaN
2,NaN,NaN,NaN,NaN,NaN,NaN,NaN,NaN
3,NaN,NaN,NaN,NaN,NaN,NaN,NaN,NaN
4,NaN,NaN,NaN,NaN,NaN,NaN,NaN,NaN
5,NaN,NaN,NaN,NaN,NaN,NaN,NaN,NaN
6,NaN,NaN,NaN,NaN,NaN,NaN,NaN,NaN
7,NaN,NaN,NaN,NaN,NaN,NaN,NaN,NaN
8,NaN,NaN,NaN,NaN,NaN,NaN,NaN,NaN
9,NaN,NaN,NaN,NaN,NaN,NaN,NaN,NaN
10,NaN,NaN,NaN,NaN,NaN,NaN,NaN,NaN
11,NaN,NaN,NaN,NaN,NaN,NaN,NaN,NaN
1,NaN,NaN,NaN,NaN,NaN,NaN,NaN,NaN
2,NaN,NaN,NaN,NaN,NaN,NaN,NaN,NaN
3,NaN,NaN,NaN,NaN,NaN,NaN,NaN,NaN
4,NaN,NaN,NaN,NaN,NaN,NaN,NaN,NaN
5,NaN,NaN,NaN,NaN,NaN,NaN,NaN,NaN
6,NaN,NaN,NaN,NaN,NaN,NaN,NaN,NaN
7,NaN,NaN,NaN,NaN,NaN,NaN,NaN,NaN
8,NaN,NaN,NaN,NaN,NaN,NaN,NaN,NaN
9,NaN,NaN,NaN,NaN,NaN,NaN,NaN,NaN
10,NaN,NaN,NaN,NaN,NaN,NaN,NaN,NaN
11,NaN,NaN,NaN,NaN,NaN,NaN,NaN,NaN
1,NaN,NaN,NaN,NaN,NaN,NaN,NaN,NaN
2,NaN,NaN,NaN,NaN,NaN,NaN,NaN,NaN
3,NaN,NaN,NaN,NaN,NaN,NaN,NaN,NaN
4,NaN,NaN,NaN,NaN,NaN,NaN,NaN,NaN
5,NaN,NaN,NaN,NaN,NaN,NaN,NaN,NaN
6,NaN,NaN,NaN,NaN,NaN,NaN,NaN,NaN
7,NaN,NaN,NaN,NaN,NaN,NaN,NaN,NaN
8,NaN,NaN,NaN,NaN,NaN,NaN,NaN,NaN
9,NaN,NaN,NaN,NaN,NaN,NaN,NaN,NaN
10,NaN,NaN,NaN,NaN,NaN,NaN,NaN,NaN
11,NaN,NaN,NaN,NaN,NaN,NaN,NaN,NaN
1,NaN,NaN,NaN,NaN,NaN,NaN,NaN,NaN
2,NaN,NaN,NaN,NaN,NaN,NaN,NaN,NaN
3,NaN,NaN,NaN,NaN,NaN,NaN,NaN,NaN
4,NaN,NaN,NaN,NaN,NaN,NaN,NaN,NaN
5,NaN,NaN,NaN,NaN,NaN,NaN,NaN,NaN
6,NaN,NaN,NaN,NaN,NaN,NaN,NaN,NaN
7,NaN,NaN,NaN,NaN,NaN,NaN,NaN,NaN
8,NaN,NaN,NaN,NaN,NaN,NaN,NaN,NaN
9,NaN,NaN,NaN,NaN,NaN,NaN,NaN,NaN
10,NaN,NaN,NaN,NaN,NaN,NaN,NaN,NaN
11,NaN,NaN,NaN,NaN,NaN,NaN,NaN,NaN
1,NaN,NaN,NaN,NaN,NaN,NaN,NaN,NaN
2,NaN,NaN,NaN,NaN,NaN,NaN,NaN,NaN
3,NaN,NaN,NaN,NaN,NaN,NaN,NaN,NaN
4,NaN,NaN,NaN,NaN,NaN,NaN,NaN,NaN
5,NaN,NaN,NaN,NaN,NaN,NaN,NaN,NaN
6,NaN,NaN,NaN,NaN,NaN,NaN,NaN,NaN
7,NaN,NaN,NaN,NaN,NaN,NaN,NaN,NaN
8,NaN,NaN,NaN,NaN,NaN,NaN,NaN,NaN
9,NaN,NaN,NaN,NaN,NaN,NaN,NaN,NaN
10,NaN,NaN,NaN,NaN,NaN,NaN,NaN,NaN
11,NaN,NaN,NaN,NaN,NaN,NaN,NaN,NaN
1,NaN,NaN,NaN,NaN,NaN,NaN,NaN,NaN
2,NaN,NaN,NaN,NaN,NaN,NaN,NaN,NaN
3,NaN,NaN,NaN,NaN,NaN,NaN,NaN,NaN
4,NaN,NaN,NaN,NaN,NaN,NaN,NaN,NaN
5,NaN,NaN,NaN,NaN,NaN,NaN,NaN,NaN
6,NaN,NaN,NaN,NaN,NaN,NaN,NaN,NaN
7,NaN,NaN,NaN,NaN,NaN,NaN,NaN,NaN
8,NaN,NaN,NaN,NaN,NaN,NaN,NaN,NaN
9,NaN,NaN,NaN,NaN,NaN,NaN,NaN,NaN
10,NaN,NaN,NaN,NaN,NaN,NaN,NaN,NaN
11,NaN,NaN,NaN,NaN,NaN,NaN,NaN,NaN
1,NaN,NaN,NaN,NaN,NaN,NaN,NaN,NaN
2,NaN,NaN,NaN,NaN,NaN,NaN,NaN,NaN
3,NaN,NaN,NaN,NaN,NaN,NaN,NaN,NaN
4,NaN,NaN,NaN,NaN,NaN,NaN,NaN,NaN
5,NaN,NaN,NaN,NaN,NaN,NaN,NaN,NaN
6,NaN,NaN,NaN,NaN,NaN,NaN,NaN,NaN
7,NaN,NaN,NaN,NaN,NaN,NaN,NaN,NaN
8,NaN,NaN,NaN,NaN,NaN,NaN,NaN,NaN
9,NaN,NaN,NaN,NaN,NaN,NaN,NaN,NaN
10,NaN,NaN,NaN,NaN,NaN,NaN,NaN,NaN
11,NaN,NaN,NaN,NaN,NaN,NaN,NaN,NaN
1,NaN,NaN,NaN,NaN,NaN,NaN,NaN,NaN
2,NaN,NaN,NaN,NaN,NaN,NaN,NaN,NaN
3,NaN,NaN,NaN,NaN,NaN,NaN,NaN,NaN
4,NaN,NaN,NaN,NaN,NaN,NaN,NaN,NaN
5,NaN,NaN,NaN,NaN,NaN,NaN,NaN,NaN
6,NaN,NaN,NaN,NaN,NaN,NaN,NaN,NaN
7,NaN,NaN,NaN,NaN,NaN,NaN,NaN,NaN
8,NaN,NaN,NaN,NaN,NaN,NaN,NaN,NaN
9,NaN,NaN,NaN,NaN,NaN,NaN,NaN,NaN
10,NaN,NaN,NaN,NaN,NaN,NaN,NaN,NaN
11,NaN,NaN,NaN,NaN,NaN,NaN,NaN,NaN
1,NaN,NaN,NaN,NaN,NaN,NaN,NaN,NaN
2,NaN,NaN,NaN,NaN,NaN,NaN,NaN,NaN
3,NaN,NaN,NaN,NaN,NaN,NaN,NaN,NaN
4,NaN,NaN,NaN,NaN,NaN,NaN,NaN,NaN
5,NaN,NaN,NaN,NaN,NaN,NaN,NaN,NaN
6,NaN,NaN,NaN,NaN,NaN,NaN,NaN,NaN
7,NaN,NaN,NaN,NaN,NaN,NaN,NaN,NaN
8,NaN,NaN,NaN,NaN,NaN,NaN,NaN,NaN
9,NaN,NaN,NaN,NaN,NaN,NaN,NaN,NaN
10,NaN,NaN,NaN,NaN,NaN,NaN,NaN,NaN
11,NaN,NaN,NaN,NaN,NaN,NaN,NaN,NaN
1,NaN,NaN,NaN,NaN,NaN,NaN,NaN,NaN
2,NaN,NaN,NaN,NaN,NaN,NaN,NaN,NaN
3,NaN,NaN,NaN,NaN,NaN,NaN,NaN,NaN
4,NaN,NaN,NaN,NaN,NaN,NaN,NaN,NaN
5,NaN,NaN,NaN,NaN,NaN,NaN,NaN,NaN
6,NaN,NaN,NaN,NaN,NaN,NaN,NaN,NaN
7,NaN,NaN,NaN,NaN,NaN,NaN,NaN,NaN
8,NaN,NaN,NaN,NaN,NaN,NaN,NaN,NaN
9,NaN,NaN,NaN,NaN,NaN,NaN,NaN,NaN
10,NaN,NaN,NaN,NaN,NaN,NaN,NaN,NaN
11,NaN,NaN,NaN,NaN,NaN,NaN,NaN,NaN
1,NaN,NaN,NaN,NaN,NaN,NaN,NaN,NaN
2,NaN,NaN,NaN,NaN,NaN,NaN,NaN,NaN
3,NaN,NaN,NaN,NaN,NaN,NaN,NaN,NaN
4,NaN,NaN,NaN,NaN,NaN,NaN,NaN,NaN
5,NaN,NaN,NaN,NaN,NaN,NaN,NaN,NaN
6,NaN,NaN,NaN,NaN,NaN,NaN,NaN,NaN
7,NaN,NaN,NaN,NaN,NaN,NaN,NaN,NaN
8,NaN,NaN,NaN,NaN,NaN,NaN,NaN,NaN
9,NaN,NaN,NaN,NaN,NaN,NaN,NaN,NaN
10,NaN,NaN,NaN,NaN,NaN,NaN,NaN,NaN
11,NaN,NaN,NaN,NaN,NaN,NaN,NaN,NaN
1,NaN,NaN,NaN,NaN,NaN,NaN,NaN,NaN
2,NaN,NaN,NaN,NaN,NaN,NaN,NaN,NaN
3,NaN,NaN,NaN,NaN,NaN,NaN,NaN,NaN
4,NaN,NaN,NaN,NaN,NaN,NaN,NaN,NaN
5,NaN,NaN,NaN,NaN,NaN,NaN,NaN,NaN
6,NaN,NaN,NaN,NaN,NaN,NaN,NaN,NaN
7,NaN,NaN,NaN,NaN,NaN,NaN,NaN,NaN
8,NaN,NaN,NaN,NaN,NaN,NaN,NaN,NaN
9,NaN,NaN,NaN,NaN,NaN,NaN,NaN,NaN
10,NaN,NaN,NaN,NaN,NaN,NaN,NaN,NaN
11,NaN,NaN,NaN,NaN,NaN,NaN,NaN,NaN
1,NaN,NaN,NaN,NaN,NaN,NaN,NaN,NaN
2,NaN,NaN,NaN,NaN,NaN,NaN,NaN,NaN
3,NaN,NaN,NaN,NaN,NaN,NaN,NaN,NaN
4,NaN,NaN,NaN,NaN,NaN,NaN,NaN,NaN
5,NaN,NaN,NaN,NaN,NaN,NaN,NaN,NaN
6,NaN,NaN,NaN,NaN,NaN,NaN,NaN,NaN
7,NaN,NaN,NaN,NaN,NaN,NaN,NaN,NaN
8,NaN,NaN,NaN,NaN,NaN,NaN,NaN,NaN
9,NaN,NaN,NaN,NaN,NaN,NaN,NaN,NaN
10,NaN,NaN,NaN,NaN,NaN,NaN,NaN,NaN
11,NaN,NaN,NaN,NaN,NaN,NaN,NaN,NaN
1,NaN,NaN,NaN,NaN,NaN,NaN,NaN,NaN
2,NaN,NaN,NaN,NaN,NaN,NaN,NaN,NaN
3,NaN,NaN,NaN,NaN,NaN,NaN,NaN,NaN
4,NaN,NaN,NaN,NaN,NaN,NaN,NaN,NaN
5,NaN,NaN,NaN,NaN,NaN,NaN,NaN,NaN
6,NaN,NaN,NaN,NaN,NaN,NaN,NaN,NaN
7,NaN,NaN,NaN,NaN,NaN,NaN,NaN,NaN
8,NaN,NaN,NaN,NaN,NaN,NaN,NaN,NaN
9,NaN,NaN,NaN,NaN,NaN,NaN,NaN,NaN
10,NaN,NaN,NaN,NaN,NaN,NaN,NaN,NaN
11,NaN,NaN,NaN,NaN,NaN,NaN,NaN,NaN
1,NaN,NaN,NaN,NaN,NaN,NaN,NaN,NaN
2,NaN,NaN,NaN,NaN,NaN,NaN,NaN,NaN
3,NaN,NaN,NaN,NaN,NaN,NaN,NaN,NaN
4,NaN,NaN,NaN,NaN,NaN,NaN,NaN,NaN
5,NaN,NaN,NaN,NaN,NaN,NaN,NaN,NaN
6,NaN,NaN,NaN,NaN,NaN,NaN,NaN,NaN
7,NaN,NaN,NaN,NaN,NaN,NaN,NaN,NaN
8,NaN,NaN,NaN,NaN,NaN,NaN,NaN,NaN
9,NaN,NaN,NaN,NaN,NaN,NaN,NaN,NaN
10,NaN,NaN,NaN,NaN,NaN,NaN,NaN,NaN
11,NaN,NaN,NaN,NaN,NaN,NaN,NaN,NaN
1,NaN,NaN,NaN,NaN,NaN,NaN,NaN,NaN
2,NaN,NaN,NaN,NaN,NaN,NaN,NaN,NaN
3,NaN,NaN,NaN,NaN,NaN,NaN,NaN,NaN
4,NaN,NaN,NaN,NaN,NaN,NaN,NaN,NaN
5,NaN,NaN,NaN,NaN,NaN,NaN,NaN,NaN
6,NaN,NaN,NaN,NaN,NaN,NaN,NaN,NaN
7,NaN,NaN,NaN,NaN,NaN,NaN,NaN,NaN
8,NaN,NaN,NaN,NaN,NaN,NaN,NaN,NaN
9,NaN,NaN,NaN,NaN,NaN,NaN,NaN,NaN
10,NaN,NaN,NaN,NaN,NaN,NaN,NaN,NaN
11,NaN,NaN,NaN,NaN,NaN,NaN,NaN,NaN
1,NaN,NaN,NaN,NaN,NaN,NaN,NaN,NaN
2,NaN,NaN,NaN,NaN,NaN,NaN,NaN,NaN
3,NaN,NaN,NaN,NaN,NaN,NaN,NaN,NaN
4,NaN,NaN,NaN,NaN,NaN,NaN,NaN,NaN
5,NaN,NaN,NaN,NaN,NaN,NaN,NaN,NaN
6,NaN,NaN,NaN,NaN,NaN,NaN,NaN,NaN
7,NaN,NaN,NaN,NaN,NaN,NaN,NaN,NaN
8,NaN,NaN,NaN,NaN,NaN,NaN,NaN,NaN
9,NaN,NaN,NaN,NaN,NaN,NaN,NaN,NaN
10,NaN,NaN,NaN,NaN,NaN,NaN,NaN,NaN
11,NaN,NaN,NaN,NaN,NaN,NaN,NaN,NaN
1,NaN,NaN,NaN,NaN,NaN,NaN,NaN,NaN
2,NaN,NaN,NaN,NaN,NaN,NaN,NaN,NaN
3,NaN,NaN,NaN,NaN,NaN,NaN,NaN,NaN
4,NaN,NaN,NaN,NaN,NaN,NaN,NaN,NaN
5,NaN,NaN,NaN,NaN,NaN,NaN,NaN,NaN
6,NaN,NaN,NaN,NaN,NaN,NaN,NaN,NaN
7,NaN,NaN,NaN,NaN,NaN,NaN,NaN,NaN
8,NaN,NaN,NaN,NaN,NaN,NaN,NaN,NaN
9,NaN,NaN,NaN,NaN,NaN,NaN,NaN,NaN
10,NaN,NaN,NaN,NaN,NaN,NaN,NaN,NaN
11,NaN,NaN,NaN,NaN,NaN,NaN,NaN,NaN
1,NaN,NaN,NaN,NaN,NaN,NaN,NaN,NaN
2,NaN,NaN,NaN,NaN,NaN,NaN,NaN,NaN
3,NaN,NaN,NaN,NaN,NaN,NaN,NaN,NaN
4,NaN,NaN,NaN,NaN,NaN,NaN,NaN,NaN
5,NaN,NaN,NaN,NaN,NaN,NaN,NaN,NaN
6,NaN,NaN,NaN,NaN,NaN,NaN,NaN,NaN
7,NaN,NaN,NaN,NaN,NaN,NaN,NaN,NaN
8,NaN,NaN,NaN,NaN,NaN,NaN,NaN,NaN
9,NaN,NaN,NaN,NaN,NaN,NaN,NaN,NaN
10,NaN,NaN,NaN,NaN,NaN,NaN,NaN,NaN
11,NaN,NaN,NaN,NaN,NaN,NaN,NaN,NaN
1,NaN,NaN,NaN,NaN,NaN,NaN,NaN,NaN
2,NaN,NaN,NaN,NaN,NaN,NaN,NaN,NaN
3,NaN,NaN,NaN,NaN,NaN,NaN,NaN,NaN
4,NaN,NaN,NaN,NaN,NaN,NaN,NaN,NaN
5,NaN,NaN,NaN,NaN,NaN,NaN,NaN,NaN
6,NaN,NaN,NaN,NaN,NaN,NaN,NaN,NaN
7,NaN,NaN,NaN,NaN,NaN,NaN,NaN,NaN
8,NaN,NaN,NaN,NaN,NaN,NaN,NaN,NaN
9,NaN,NaN,NaN,NaN,NaN,NaN,NaN,NaN
10,NaN,NaN,NaN,NaN,NaN,NaN,NaN,NaN
11,NaN,NaN,NaN,NaN,NaN,NaN,NaN,NaN
1,NaN,NaN,NaN,NaN,NaN,NaN,NaN,NaN
2,NaN,NaN,NaN,NaN,NaN,NaN,NaN,NaN
3,NaN,NaN,NaN,NaN,NaN,NaN,NaN,NaN
4,NaN,NaN,NaN,NaN,NaN,NaN,NaN,NaN
5,NaN,NaN,NaN,NaN,NaN,NaN,NaN,NaN
6,NaN,NaN,NaN,NaN,NaN,NaN,NaN,NaN
7,NaN,NaN,NaN,NaN,NaN,NaN,NaN,NaN
8,NaN,NaN,NaN,NaN,NaN,NaN,NaN,NaN
9,NaN,NaN,NaN,NaN,NaN,NaN,NaN,NaN
10,NaN,NaN,NaN,NaN,NaN,NaN,NaN,NaN
11,NaN,NaN,NaN,NaN,NaN,NaN,NaN,NaN
1,NaN,NaN,NaN,NaN,NaN,NaN,NaN,NaN
2,NaN,NaN,NaN,NaN,NaN,NaN,NaN,NaN
3,NaN,NaN,NaN,NaN,NaN,NaN,NaN,NaN
4,NaN,NaN,NaN,NaN,NaN,NaN,NaN,NaN
5,NaN,NaN,NaN,NaN,NaN,NaN,NaN,NaN
6,NaN,NaN,NaN,NaN,NaN,NaN,NaN,NaN
7,NaN,NaN,NaN,NaN,NaN,NaN,NaN,NaN
8,NaN,NaN,NaN,NaN,NaN,NaN,NaN,NaN
9,NaN,NaN,NaN,NaN,NaN,NaN,NaN,NaN
10,NaN,NaN,NaN,NaN,NaN,NaN,NaN,NaN
11,NaN,NaN,NaN,NaN,NaN,NaN,NaN,NaN
1,NaN,NaN,NaN,NaN,NaN,NaN,NaN,NaN
2,NaN,NaN,NaN,NaN,NaN,NaN,NaN,NaN
3,NaN,NaN,NaN,NaN,NaN,NaN,NaN,NaN
4,NaN,NaN,NaN,NaN,NaN,NaN,NaN,NaN
5,NaN,NaN,NaN,NaN,NaN,NaN,NaN,NaN
6,NaN,NaN,NaN,NaN,NaN,NaN,NaN,NaN
7,NaN,NaN,NaN,NaN,NaN,NaN,NaN,NaN
8,NaN,NaN,NaN,NaN,NaN,NaN,NaN,NaN
9,NaN,NaN,NaN,NaN,NaN,NaN,NaN,NaN
10,NaN,NaN,NaN,NaN,NaN,NaN,NaN,NaN
11,NaN,NaN,NaN,NaN,NaN,NaN,NaN,NaN
1,NaN,NaN,NaN,NaN,NaN,NaN,NaN,NaN
2,NaN,NaN,NaN,NaN,NaN,NaN,NaN,NaN
3,NaN,NaN,NaN,NaN,NaN,NaN,NaN,NaN
4,NaN,NaN,NaN,NaN,NaN,NaN,NaN,NaN
5,NaN,NaN,NaN,NaN,NaN,NaN,NaN,NaN
6,NaN,NaN,NaN,NaN,NaN,NaN,NaN,NaN
7,NaN,NaN,NaN,NaN,NaN,NaN,NaN,NaN
8,NaN,NaN,NaN,NaN,NaN,NaN,NaN,NaN
9,NaN,NaN,NaN,NaN,NaN,NaN,NaN,NaN
10,NaN,NaN,NaN,NaN,NaN,NaN,NaN,NaN
11,NaN,NaN,NaN,NaN,NaN,NaN,NaN,NaN
1,NaN,NaN,NaN,NaN,NaN,NaN,NaN,NaN
2,NaN,NaN,NaN,NaN,NaN,NaN,NaN,NaN
3,NaN,NaN,NaN,NaN,NaN,NaN,NaN,NaN
4,NaN,NaN,NaN,NaN,NaN,NaN,NaN,NaN
5,NaN,NaN,NaN,NaN,NaN,NaN,NaN,NaN
6,NaN,NaN,NaN,NaN,NaN,NaN,NaN,NaN
7,NaN,NaN,NaN,NaN,NaN,NaN,NaN,NaN
8,NaN,NaN,NaN,NaN,NaN,NaN,NaN,NaN
9,NaN,NaN,NaN,NaN,NaN,NaN,NaN,NaN
10,NaN,NaN,NaN,NaN,NaN,NaN,NaN,NaN
11,NaN,NaN,NaN,NaN,NaN,NaN,NaN,NaN
1,NaN,NaN,NaN,NaN,NaN,NaN,NaN,NaN
2,NaN,NaN,NaN,NaN,NaN,NaN,NaN,NaN
3,NaN,NaN,NaN,NaN,NaN,NaN,NaN,NaN
4,NaN,NaN,NaN,NaN,NaN,NaN,NaN,NaN
5,NaN,NaN,NaN,NaN,NaN,NaN,NaN,NaN
6,NaN,NaN,NaN,NaN,NaN,NaN,NaN,NaN
7,NaN,NaN,NaN,NaN,NaN,NaN,NaN,NaN
8,NaN,NaN,NaN,NaN,NaN,NaN,NaN,NaN
9,NaN,NaN,NaN,NaN,NaN,NaN,NaN,NaN
10,NaN,NaN,NaN,NaN,NaN,NaN,NaN,NaN
11,NaN,NaN,NaN,NaN,NaN,NaN,NaN,NaN
1,NaN,NaN,NaN,NaN,NaN,NaN,NaN,NaN
2,NaN,NaN,NaN,NaN,NaN,NaN,NaN,NaN
3,NaN,NaN,NaN,NaN,NaN,NaN,NaN,NaN
4,NaN,NaN,NaN,NaN,NaN,NaN,NaN,NaN
5,NaN,NaN,NaN,NaN,NaN,NaN,NaN,NaN
6,NaN,NaN,NaN,NaN,NaN,NaN,NaN,NaN
7,NaN,NaN,NaN,NaN,NaN,NaN,NaN,NaN
8,NaN,NaN,NaN,NaN,NaN,NaN,NaN,NaN
9,NaN,NaN,NaN,NaN,NaN,NaN,NaN,NaN
10,NaN,NaN,NaN,NaN,NaN,NaN,NaN,NaN
11,NaN,NaN,NaN,NaN,NaN,NaN,NaN,NaN
1,NaN,NaN,NaN,NaN,NaN,NaN,NaN,NaN
2,NaN,NaN,NaN,NaN,NaN,NaN,NaN,NaN
3,NaN,NaN,NaN,NaN,NaN,NaN,NaN,NaN
4,NaN,NaN,NaN,NaN,NaN,NaN,NaN,NaN
5,NaN,NaN,NaN,NaN,NaN,NaN,NaN,NaN
6,NaN,NaN,NaN,NaN,NaN,NaN,NaN,NaN
7,NaN,NaN,NaN,NaN,NaN,NaN,NaN,NaN
8,NaN,NaN,NaN,NaN,NaN,NaN,NaN,NaN
9,NaN,NaN,NaN,NaN,NaN,NaN,NaN,NaN
10,NaN,NaN,NaN,NaN,NaN,NaN,NaN,NaN
11,NaN,NaN,NaN,NaN,NaN,NaN,NaN,NaN
1,NaN,NaN,NaN,NaN,NaN,NaN,NaN,NaN
2,NaN,NaN,NaN,NaN,NaN,NaN,NaN,NaN
3,NaN,NaN,NaN,NaN,NaN,NaN,NaN,NaN
4,NaN,NaN,NaN,NaN,NaN,NaN,NaN,NaN
5,NaN,NaN,NaN,NaN,NaN,NaN,NaN,NaN
6,NaN,NaN,NaN,NaN,NaN,NaN,NaN,NaN
7,NaN,NaN,NaN,NaN,NaN,NaN,NaN,NaN
8,NaN,NaN,NaN,NaN,NaN,NaN,NaN,NaN
9,NaN,NaN,NaN,NaN,NaN,NaN,NaN,NaN
10,NaN,NaN,NaN,NaN,NaN,NaN,NaN,NaN
11,NaN,NaN,NaN,NaN,NaN,NaN,NaN,NaN
1,NaN,NaN,NaN,NaN,NaN,NaN,NaN,NaN
2,NaN,NaN,NaN,NaN,NaN,NaN,NaN,NaN
3,NaN,NaN,NaN,NaN,NaN,NaN,NaN,NaN
4,NaN,NaN,NaN,NaN,NaN,NaN,NaN,NaN
5,NaN,NaN,NaN,NaN,NaN,NaN,NaN,NaN
6,NaN,NaN,NaN,NaN,NaN,NaN,NaN,NaN
7,NaN,NaN,NaN,NaN,NaN,NaN,NaN,NaN
8,NaN,NaN,NaN,NaN,NaN,NaN,NaN,NaN
9,NaN,NaN,NaN,NaN,NaN,NaN,NaN,NaN
10,NaN,NaN,NaN,NaN,NaN,NaN,NaN,NaN
11,NaN,NaN,NaN,NaN,NaN,NaN,NaN,NaN
1,NaN,NaN,NaN,NaN,NaN,NaN,NaN,NaN
2,NaN,NaN,NaN,NaN,NaN,NaN,NaN,NaN
3,NaN,NaN,NaN,NaN,NaN,NaN,NaN,NaN
4,NaN,NaN,NaN,NaN,NaN,NaN,NaN,NaN
5,NaN,NaN,NaN,NaN,NaN,NaN,NaN,NaN
6,NaN,NaN,NaN,NaN,NaN,NaN,NaN,NaN
7,NaN,NaN,NaN,NaN,NaN,NaN,NaN,NaN
8,NaN,NaN,NaN,NaN,NaN,NaN,NaN,NaN
9,NaN,NaN,NaN,NaN,NaN,NaN,NaN,NaN
10,NaN,NaN,NaN,NaN,NaN,NaN,NaN,NaN
11,NaN,NaN,NaN,NaN,NaN,NaN,NaN,NaN
1,NaN,NaN,NaN,NaN,NaN,NaN,NaN,NaN
2,NaN,NaN,NaN,NaN,NaN,NaN,NaN,NaN
3,NaN,NaN,NaN,NaN,NaN,NaN,NaN,NaN
4,NaN,NaN,NaN,NaN,NaN,NaN,NaN,NaN
5,NaN,NaN,NaN,NaN,NaN,NaN,NaN,NaN
6,NaN,NaN,NaN,NaN,NaN,NaN,NaN,NaN
7,NaN,NaN,NaN,NaN,NaN,NaN,NaN,NaN
8,NaN,NaN,NaN,NaN,NaN,NaN,NaN,NaN
9,NaN,NaN,NaN,NaN,NaN,NaN,NaN,NaN
10,NaN,NaN,NaN,NaN,NaN,NaN,NaN,NaN
11,NaN,NaN,NaN,NaN,NaN,NaN,NaN,NaN
1,NaN,NaN,NaN,NaN,NaN,NaN,NaN,NaN
2,NaN,NaN,NaN,NaN,NaN,NaN,NaN,NaN
3,NaN,NaN,NaN,NaN,NaN,NaN,NaN,NaN
4,NaN,NaN,NaN,NaN,NaN,NaN,NaN,NaN
5,NaN,NaN,NaN,NaN,NaN,NaN,NaN,NaN
6,NaN,NaN,NaN,NaN,NaN,NaN,NaN,NaN
7,NaN,NaN,NaN,NaN,NaN,NaN,NaN,NaN
8,NaN,NaN,NaN,NaN,NaN,NaN,NaN,NaN
9,NaN,NaN,NaN,NaN,NaN,NaN,NaN,NaN
10,NaN,NaN,NaN,NaN,NaN,NaN,NaN,NaN
11,NaN,NaN,NaN,NaN,NaN,NaN,NaN,NaN
1,NaN,NaN,NaN,NaN,NaN,NaN,NaN,NaN
2,NaN,NaN,NaN,NaN,NaN,NaN,NaN,NaN
3,NaN,NaN,NaN,NaN,NaN,NaN,NaN,NaN
4,NaN,NaN,NaN,NaN,NaN,NaN,NaN,NaN
5,NaN,NaN,NaN,NaN,NaN,NaN,NaN,NaN
6,NaN,NaN,NaN,NaN,NaN,NaN,NaN,NaN
7,NaN,NaN,NaN,NaN,NaN,NaN,NaN,NaN
8,NaN,NaN,NaN,NaN,NaN,NaN,NaN,NaN
9,NaN,NaN,NaN,NaN,NaN,NaN,NaN,NaN
10,NaN,NaN,NaN,NaN,NaN,NaN,NaN,NaN
11,NaN,NaN,NaN,NaN,NaN,NaN,NaN,NaN
1,NaN,NaN,NaN,NaN,NaN,NaN,NaN,NaN
2,NaN,NaN,NaN,NaN,NaN,NaN,NaN,NaN
3,NaN,NaN,NaN,NaN,NaN,NaN,NaN,NaN
4,NaN,NaN,NaN,NaN,NaN,NaN,NaN,NaN
5,NaN,NaN,NaN,NaN,NaN,NaN,NaN,NaN
6,NaN,NaN,NaN,NaN,NaN,NaN,NaN,NaN
7,NaN,NaN,NaN,NaN,NaN,NaN,NaN,NaN
8,NaN,NaN,NaN,NaN,NaN,NaN,NaN,NaN
9,NaN,NaN,NaN,NaN,NaN,NaN,NaN,NaN
10,NaN,NaN,NaN,NaN,NaN,NaN,NaN,NaN
11,NaN,NaN,NaN,NaN,NaN,NaN,NaN,NaN
1,NaN,NaN,NaN,NaN,NaN,NaN,NaN,NaN
2,NaN,NaN,NaN,NaN,NaN,NaN,NaN,NaN
3,NaN,NaN,NaN,NaN,NaN,NaN,NaN,NaN
4,NaN,NaN,NaN,NaN,NaN,NaN,NaN,NaN
5,NaN,NaN,NaN,NaN,NaN,NaN,NaN,NaN
6,NaN,NaN,NaN,NaN,NaN,NaN,NaN,NaN
7,NaN,NaN,NaN,NaN,NaN,NaN,NaN,NaN
8,NaN,NaN,NaN,NaN,NaN,NaN,NaN,NaN
9,NaN,NaN,NaN,NaN,NaN,NaN,NaN,NaN
10,NaN,NaN,NaN,NaN,NaN,NaN,NaN,NaN
11,NaN,NaN,NaN,NaN,NaN,NaN,NaN,NaN
1,NaN,NaN,NaN,NaN,NaN,NaN,NaN,NaN
2,NaN,NaN,NaN,NaN,NaN,NaN,NaN,NaN
3,NaN,NaN,NaN,NaN,NaN,NaN,NaN,NaN
4,NaN,NaN,NaN,NaN,NaN,NaN,NaN,NaN
5,NaN,NaN,NaN,NaN,NaN,NaN,NaN,NaN
6,NaN,NaN,NaN,NaN,NaN,NaN,NaN,NaN
7,NaN,NaN,NaN,NaN,NaN,NaN,NaN,NaN
8,NaN,NaN,NaN,NaN,NaN,NaN,NaN,NaN
9,NaN,NaN,NaN,NaN,NaN,NaN,NaN,NaN
10,NaN,NaN,NaN,NaN,NaN,NaN,NaN,NaN
11,NaN,NaN,NaN,NaN,NaN,NaN,NaN,NaN
1,NaN,NaN,NaN,NaN,NaN,NaN,NaN,NaN
2,NaN,NaN,NaN,NaN,NaN,NaN,NaN,NaN
3,NaN,NaN,NaN,NaN,NaN,NaN,NaN,NaN
4,NaN,NaN,NaN,NaN,NaN,NaN,NaN,NaN
5,NaN,NaN,NaN,NaN,NaN,NaN,NaN,NaN
6,NaN,NaN,NaN,NaN,NaN,NaN,NaN,NaN
7,NaN,NaN,NaN,NaN,NaN,NaN,NaN,NaN
8,NaN,NaN,NaN,NaN,NaN,NaN,NaN,NaN
9,NaN,NaN,NaN,NaN,NaN,NaN,NaN,NaN
10,NaN,NaN,NaN,NaN,NaN,NaN,NaN,NaN
11,NaN,NaN,NaN,NaN,NaN,NaN,NaN,NaN
1,NaN,NaN,NaN,NaN,NaN,NaN,NaN,NaN
2,NaN,NaN,NaN,NaN,NaN,NaN,NaN,NaN
3,NaN,NaN,NaN,NaN,NaN,NaN,NaN,NaN
4,NaN,NaN,NaN,NaN,NaN,NaN,NaN,NaN
5,NaN,NaN,NaN,NaN,NaN,NaN,NaN,NaN
6,NaN,NaN,NaN,NaN,NaN,NaN,NaN,NaN
7,NaN,NaN,NaN,NaN,NaN,NaN,NaN,NaN
8,NaN,NaN,NaN,NaN,NaN,NaN,NaN,NaN
9,NaN,NaN,NaN,NaN,NaN,NaN,NaN,NaN
10,NaN,NaN,NaN,NaN,NaN,NaN,NaN,NaN
11,NaN,NaN,NaN,NaN,NaN,NaN,NaN,NaN
1,NaN,NaN,NaN,NaN,NaN,NaN,NaN,NaN
2,NaN,NaN,NaN,NaN,NaN,NaN,NaN,NaN
3,NaN,NaN,NaN,NaN,NaN,NaN,NaN,NaN
4,NaN,NaN,NaN,NaN,NaN,NaN,NaN,NaN
5,NaN,NaN,NaN,NaN,NaN,NaN,NaN,NaN
6,NaN,NaN,NaN,NaN,NaN,NaN,NaN,NaN
7,NaN,NaN,NaN,NaN,NaN,NaN,NaN,NaN
8,NaN,NaN,NaN,NaN,NaN,NaN,NaN,NaN
9,NaN,NaN,NaN,NaN,NaN,NaN,NaN,NaN
10,NaN,NaN,NaN,NaN,NaN,NaN,NaN,NaN
11,NaN,NaN,NaN,NaN,NaN,NaN,NaN,NaN
1,NaN,NaN,NaN,NaN,NaN,NaN,NaN,NaN
2,NaN,NaN,NaN,NaN,NaN,NaN,NaN,NaN
3,NaN,NaN,NaN,NaN,NaN,NaN,NaN,NaN
4,NaN,NaN,NaN,NaN,NaN,NaN,NaN,NaN
5,NaN,NaN,NaN,NaN,NaN,NaN,NaN,NaN
6,NaN,NaN,NaN,NaN,NaN,NaN,NaN,NaN
7,NaN,NaN,NaN,NaN,NaN,NaN,NaN,NaN
8,NaN,NaN,NaN,NaN,NaN,NaN,NaN,NaN
9,NaN,NaN,NaN,NaN,NaN,NaN,NaN,NaN
10,NaN,NaN,NaN,NaN,NaN,NaN,NaN,NaN
11,NaN,NaN,NaN,NaN,NaN,NaN,NaN,NaN
1,NaN,NaN,NaN,NaN,NaN,NaN,NaN,NaN
2,NaN,NaN,NaN,NaN,NaN,NaN,NaN,NaN
3,NaN,NaN,NaN,NaN,NaN,NaN,NaN,NaN
4,NaN,NaN,NaN,NaN,NaN,NaN,NaN,NaN
5,NaN,NaN,NaN,NaN,NaN,NaN,NaN,NaN
6,NaN,NaN,NaN,NaN,NaN,NaN,NaN,NaN
7,NaN,NaN,NaN,NaN,NaN,NaN,NaN,NaN
8,NaN,NaN,NaN,NaN,NaN,NaN,NaN,NaN
9,NaN,NaN,NaN,NaN,NaN,NaN,NaN,NaN
10,NaN,NaN,NaN,NaN,NaN,NaN,NaN,NaN
11,NaN,NaN,NaN,NaN,NaN,NaN,NaN,NaN
1,NaN,NaN,NaN,NaN,NaN,NaN,NaN,NaN
2,NaN,NaN,NaN,NaN,NaN,NaN,NaN,NaN
3,NaN,NaN,NaN,NaN,NaN,NaN,NaN,NaN
4,NaN,NaN,NaN,NaN,NaN,NaN,NaN,NaN
5,NaN,NaN,NaN,NaN,NaN,NaN,NaN,NaN
6,NaN,NaN,NaN,NaN,NaN,NaN,NaN,NaN
7,NaN,NaN,NaN,NaN,NaN,NaN,NaN,NaN
8,NaN,NaN,NaN,NaN,NaN,NaN,NaN,NaN
9,NaN,NaN,NaN,NaN,NaN,NaN,NaN,NaN
10,NaN,NaN,NaN,NaN,NaN,NaN,NaN,NaN
11,NaN,NaN,NaN,NaN,NaN,NaN,NaN,NaN
1,NaN,NaN,NaN,NaN,NaN,NaN,NaN,NaN
2,NaN,NaN,NaN,NaN,NaN,NaN,NaN,NaN
3,NaN,NaN,NaN,NaN,NaN,NaN,NaN,NaN
4,NaN,NaN,NaN,NaN,NaN,NaN,NaN,NaN
5,NaN,NaN,NaN,NaN,NaN,NaN,NaN,NaN
6,NaN,NaN,NaN,NaN,NaN,NaN,NaN,NaN
7,NaN,NaN,NaN,NaN,NaN,NaN,NaN,NaN
8,NaN,NaN,NaN,NaN,NaN,NaN,NaN,NaN
9,NaN,NaN,NaN,NaN,NaN,NaN,NaN,NaN
10,NaN,NaN,NaN,NaN,NaN,NaN,NaN,NaN
11,NaN,NaN,NaN,NaN,NaN,NaN,NaN,NaN
1,NaN,NaN,NaN,NaN,NaN,NaN,NaN,NaN
2,NaN,NaN,NaN,NaN,NaN,NaN,NaN,NaN
3,NaN,NaN,NaN,NaN,NaN,NaN,NaN,NaN
4,NaN,NaN,NaN,NaN,NaN,NaN,NaN,NaN
5,NaN,NaN,NaN,NaN,NaN,NaN,NaN,NaN
6,NaN,NaN,NaN,NaN,NaN,NaN,NaN,NaN
7,NaN,NaN,NaN,NaN,NaN,NaN,NaN,NaN
8,NaN,NaN,NaN,NaN,NaN,NaN,NaN,NaN
9,NaN,NaN,NaN,NaN,NaN,NaN,NaN,NaN
10,NaN,NaN,NaN,NaN,NaN,NaN,NaN,NaN
11,NaN,NaN,NaN,NaN,NaN,NaN,NaN,NaN
1,NaN,NaN,NaN,NaN,NaN,NaN,NaN,NaN
2,NaN,NaN,NaN,NaN,NaN,NaN,NaN,NaN
3,NaN,NaN,NaN,NaN,NaN,NaN,NaN,NaN
4,NaN,NaN,NaN,NaN,NaN,NaN,NaN,NaN
5,NaN,NaN,NaN,NaN,NaN,NaN,NaN,NaN
6,NaN,NaN,NaN,NaN,NaN,NaN,NaN,NaN
7,NaN,NaN,NaN,NaN,NaN,NaN,NaN,NaN
8,NaN,NaN,NaN,NaN,NaN,NaN,NaN,NaN
9,NaN,NaN,NaN,NaN,NaN,NaN,NaN,NaN
10,NaN,NaN,NaN,NaN,NaN,NaN,NaN,NaN
11,NaN,NaN,NaN,NaN,NaN,NaN,NaN,NaN
1,NaN,NaN,NaN,NaN,NaN,NaN,NaN,NaN
2,NaN,NaN,NaN,NaN,NaN,NaN,NaN,NaN
3,NaN,NaN,NaN,NaN,NaN,NaN,NaN,NaN
4,NaN,NaN,NaN,NaN,NaN,NaN,NaN,NaN
5,NaN,NaN,NaN,NaN,NaN,NaN,NaN,NaN
6,NaN,NaN,NaN,NaN,NaN,NaN,NaN,NaN
7,NaN,NaN,NaN,NaN,NaN,NaN,NaN,NaN
8,NaN,NaN,NaN,NaN,NaN,NaN,NaN,NaN
9,NaN,NaN,NaN,NaN,NaN,NaN,NaN,NaN
10,NaN,NaN,NaN,NaN,NaN,NaN,NaN,NaN
11,NaN,NaN,NaN,NaN,NaN,NaN,NaN,NaN
1,NaN,NaN,NaN,NaN,NaN,NaN,NaN,NaN
2,NaN,NaN,NaN,NaN,NaN,NaN,NaN,NaN
3,NaN,NaN,NaN,NaN,NaN,NaN,NaN,NaN
4,NaN,NaN,NaN,NaN,NaN,NaN,NaN,NaN
5,NaN,NaN,NaN,NaN,NaN,NaN,NaN,NaN
6,NaN,NaN,NaN,NaN,NaN,NaN,NaN,NaN
7,NaN,NaN,NaN,NaN,NaN,NaN,NaN,NaN
8,NaN,NaN,NaN,NaN,NaN,NaN,NaN,NaN
9,NaN,NaN,NaN,NaN,NaN,NaN,NaN,NaN
10,NaN,NaN,NaN,NaN,NaN,NaN,NaN,NaN
11,NaN,NaN,NaN,NaN,NaN,NaN,NaN,NaN
1,NaN,NaN,NaN,NaN,NaN,NaN,NaN,NaN
2,NaN,NaN,NaN,NaN,NaN,NaN,NaN,NaN
3,NaN,NaN,NaN,NaN,NaN,NaN,NaN,NaN
4,NaN,NaN,NaN,NaN,NaN,NaN,NaN,NaN
5,NaN,NaN,NaN,NaN,NaN,NaN,NaN,NaN
6,NaN,NaN,NaN,NaN,NaN,NaN,NaN,NaN
7,NaN,NaN,NaN,NaN,NaN,NaN,NaN,NaN
8,NaN,NaN,NaN,NaN,NaN,NaN,NaN,NaN
9,NaN,NaN,NaN,NaN,NaN,NaN,NaN,NaN
10,NaN,NaN,NaN,NaN,NaN,NaN,NaN,NaN
11,NaN,NaN,NaN,NaN,NaN,NaN,NaN,NaN
1,NaN,NaN,NaN,NaN,NaN,NaN,NaN,NaN
2,NaN,NaN,NaN,NaN,NaN,NaN,NaN,NaN
3,NaN,NaN,NaN,NaN,NaN,NaN,NaN,NaN
4,NaN,NaN,NaN,NaN,NaN,NaN,NaN,NaN
5,NaN,NaN,NaN,NaN,NaN,NaN,NaN,NaN
6,NaN,NaN,NaN,NaN,NaN,NaN,NaN,NaN
7,NaN,NaN,NaN,NaN,NaN,NaN,NaN,NaN
8,NaN,NaN,NaN,NaN,NaN,NaN,NaN,NaN
9,NaN,NaN,NaN,NaN,NaN,NaN,NaN,NaN
10,NaN,NaN,NaN,NaN,NaN,NaN,NaN,NaN
11,NaN,NaN,NaN,NaN,NaN,NaN,NaN,NaN
1,NaN,NaN,NaN,NaN,NaN,NaN,NaN,NaN
2,NaN,NaN,NaN,NaN,NaN,NaN,NaN,NaN
3,NaN,NaN,NaN,NaN,NaN,NaN,NaN,NaN
4,NaN,NaN,NaN,NaN,NaN,NaN,NaN,NaN
5,NaN,NaN,NaN,NaN,NaN,NaN,NaN,NaN
6,NaN,NaN,NaN,NaN,NaN,NaN,NaN,NaN
7,NaN,NaN,NaN,NaN,NaN,NaN,NaN,NaN
8,NaN,NaN,NaN,NaN,NaN,NaN,NaN,NaN
9,NaN,NaN,NaN,NaN,NaN,NaN,NaN,NaN
10,NaN,NaN,NaN,NaN,NaN,NaN,NaN,NaN
11,NaN,NaN,NaN,NaN,NaN,NaN,NaN,NaN
1,NaN,NaN,NaN,NaN,NaN,NaN,NaN,NaN
2,NaN,NaN,NaN,NaN,NaN,NaN,NaN,NaN
3,NaN,NaN,NaN,NaN,NaN,NaN,NaN,NaN
4,NaN,NaN,NaN,NaN,NaN,NaN,NaN,NaN
5,NaN,NaN,NaN,NaN,NaN,NaN,NaN,NaN
6,NaN,NaN,NaN,NaN,NaN,NaN,NaN,NaN
7,NaN,NaN,NaN,NaN,NaN,NaN,NaN,NaN
8,NaN,NaN,NaN,NaN,NaN,NaN,NaN,NaN
9,NaN,NaN,NaN,NaN,NaN,NaN,NaN,NaN
10,NaN,NaN,NaN,NaN,NaN,NaN,NaN,NaN
11,NaN,NaN,NaN,NaN,NaN,NaN,NaN,NaN
1,NaN,NaN,NaN,NaN,NaN,NaN,NaN,NaN
2,NaN,NaN,NaN,NaN,NaN,NaN,NaN,NaN
3,NaN,NaN,NaN,NaN,NaN,NaN,NaN,NaN
4,NaN,NaN,NaN,NaN,NaN,NaN,NaN,NaN
5,NaN,NaN,NaN,NaN,NaN,NaN,NaN,NaN
6,NaN,NaN,NaN,NaN,NaN,NaN,NaN,NaN
7,NaN,NaN,NaN,NaN,NaN,NaN,NaN,NaN
8,NaN,NaN,NaN,NaN,NaN,NaN,NaN,NaN
9,NaN,NaN,NaN,NaN,NaN,NaN,NaN,NaN
10,NaN,NaN,NaN,NaN,NaN,NaN,NaN,NaN
11,NaN,NaN,NaN,NaN,NaN,NaN,NaN,NaN
1,NaN,NaN,NaN,NaN,NaN,NaN,NaN,NaN
2,NaN,NaN,NaN,NaN,NaN,NaN,NaN,NaN
3,NaN,NaN,NaN,NaN,NaN,NaN,NaN,NaN
4,NaN,NaN,NaN,NaN,NaN,NaN,NaN,NaN
5,NaN,NaN,NaN,NaN,NaN,NaN,NaN,NaN
6,NaN,NaN,NaN,NaN,NaN,NaN,NaN,NaN
7,NaN,NaN,NaN,NaN,NaN,NaN,NaN,NaN
8,NaN,NaN,NaN,NaN,NaN,NaN,NaN,NaN
9,NaN,NaN,NaN,NaN,NaN,NaN,NaN,NaN
10,NaN,NaN,NaN,NaN,NaN,NaN,NaN,NaN
11,NaN,NaN,NaN,NaN,NaN,NaN,NaN,NaN
1,NaN,NaN,NaN,NaN,NaN,NaN,NaN,NaN
2,NaN,NaN,NaN,NaN,NaN,NaN,NaN,NaN
3,NaN,NaN,NaN,NaN,NaN,NaN,NaN,NaN
4,NaN,NaN,NaN,NaN,NaN,NaN,NaN,NaN
5,NaN,NaN,NaN,NaN,NaN,NaN,NaN,NaN
6,NaN,NaN,NaN,NaN,NaN,NaN,NaN,NaN
7,NaN,NaN,NaN,NaN,NaN,NaN,NaN,NaN
8,NaN,NaN,NaN,NaN,NaN,NaN,NaN,NaN
9,NaN,NaN,NaN,NaN,NaN,NaN,NaN,NaN
10,NaN,NaN,NaN,NaN,NaN,NaN,NaN,NaN
11,NaN,NaN,NaN,NaN,NaN,NaN,NaN,NaN
1,NaN,NaN,NaN,NaN,NaN,NaN,NaN,NaN
2,NaN,NaN,NaN,NaN,NaN,NaN,NaN,NaN
3,NaN,NaN,NaN,NaN,NaN,NaN,NaN,NaN
4,NaN,NaN,NaN,NaN,NaN,NaN,NaN,NaN
5,NaN,NaN,NaN,NaN,NaN,NaN,NaN,NaN
6,NaN,NaN,NaN,NaN,NaN,NaN,NaN,NaN
7,NaN,NaN,NaN,NaN,NaN,NaN,NaN,NaN
8,NaN,NaN,NaN,NaN,NaN,NaN,NaN,NaN
9,NaN,NaN,NaN,NaN,NaN,NaN,NaN,NaN
10,NaN,NaN,NaN,NaN,NaN,NaN,NaN,NaN
11,NaN,NaN,NaN,NaN,NaN,NaN,NaN,NaN
1,NaN,NaN,NaN,NaN,NaN,NaN,NaN,NaN
2,NaN,NaN,NaN,NaN,NaN,NaN,NaN,NaN
3,NaN,NaN,NaN,NaN,NaN,NaN,NaN,NaN
4,NaN,NaN,NaN,NaN,NaN,NaN,NaN,NaN
5,NaN,NaN,NaN,NaN,NaN,NaN,NaN,NaN
6,NaN,NaN,NaN,NaN,NaN,NaN,NaN,NaN
7,NaN,NaN,NaN,NaN,NaN,NaN,NaN,NaN
8,NaN,NaN,NaN,NaN,NaN,NaN,NaN,NaN
9,NaN,NaN,NaN,NaN,NaN,NaN,NaN,NaN
10,NaN,NaN,NaN,NaN,NaN,NaN,NaN,NaN
11,NaN,NaN,NaN,NaN,NaN,NaN,NaN,NaN
1,NaN,NaN,NaN,NaN,NaN,NaN,NaN,NaN
2,NaN,NaN,NaN,NaN,NaN,NaN,NaN,NaN
3,NaN,NaN,NaN,NaN,NaN,NaN,NaN,NaN
4,NaN,NaN,NaN,NaN,NaN,NaN,NaN,NaN
5,NaN,NaN,NaN,NaN,NaN,NaN,NaN,NaN
6,NaN,NaN,NaN,NaN,NaN,NaN,NaN,NaN
7,NaN,NaN,NaN,NaN,NaN,NaN,NaN,NaN
8,NaN,NaN,NaN,NaN,NaN,NaN,NaN,NaN
9,NaN,NaN,NaN,NaN,NaN,NaN,NaN,NaN
10,NaN,NaN,NaN,NaN,NaN,NaN,NaN,NaN
11,NaN,NaN,NaN,NaN,NaN,NaN,NaN,NaN
1,NaN,NaN,NaN,NaN,NaN,NaN,NaN,NaN
2,NaN,NaN,NaN,NaN,NaN,NaN,NaN,NaN
3,NaN,NaN,NaN,NaN,NaN,NaN,NaN,NaN
4,NaN,NaN,NaN,NaN,NaN,NaN,NaN,NaN
5,NaN,NaN,NaN,NaN,NaN,NaN,NaN,NaN
6,NaN,NaN,NaN,NaN,NaN,NaN,NaN,NaN
7,NaN,NaN,NaN,NaN,NaN,NaN,NaN,NaN
8,NaN,NaN,NaN,NaN,NaN,NaN,NaN,NaN
9,NaN,NaN,NaN,NaN,NaN,NaN,NaN,NaN
10,NaN,NaN,NaN,NaN,NaN,NaN,NaN,NaN
11,NaN,NaN,NaN,NaN,NaN,NaN,NaN,NaN
1,NaN,NaN,NaN,NaN,NaN,NaN,NaN,NaN
2,NaN,NaN,NaN,NaN,NaN,NaN,NaN,NaN
3,NaN,NaN,NaN,NaN,NaN,NaN,NaN,NaN
4,NaN,NaN,NaN,NaN,NaN,NaN,NaN,NaN
5,NaN,NaN,NaN,NaN,NaN,NaN,NaN,NaN
6,NaN,NaN,NaN,NaN,NaN,NaN,NaN,NaN
7,NaN,NaN,NaN,NaN,NaN,NaN,NaN,NaN
8,NaN,NaN,NaN,NaN,NaN,NaN,NaN,NaN
9,NaN,NaN,NaN,NaN,NaN,NaN,NaN,NaN
10,NaN,NaN,NaN,NaN,NaN,NaN,NaN,NaN
11,NaN,NaN,NaN,NaN,NaN,NaN,NaN,NaN
1,NaN,NaN,NaN,NaN,NaN,NaN,NaN,NaN
2,NaN,NaN,NaN,NaN,NaN,NaN,NaN,NaN
3,NaN,NaN,NaN,NaN,NaN,NaN,NaN,NaN
4,NaN,NaN,NaN,NaN,NaN,NaN,NaN,NaN
5,NaN,NaN,NaN,NaN,NaN,NaN,NaN,NaN
6,NaN,NaN,NaN,NaN,NaN,NaN,NaN,NaN
7,NaN,NaN,NaN,NaN,NaN,NaN,NaN,NaN
8,NaN,NaN,NaN,NaN,NaN,NaN,NaN,NaN
9,NaN,NaN,NaN,NaN,NaN,NaN,NaN,NaN
10,NaN,NaN,NaN,NaN,NaN,NaN,NaN,NaN
11,NaN,NaN,NaN,NaN,NaN,NaN,NaN,NaN
1,NaN,NaN,NaN,NaN,NaN,NaN,NaN,NaN
2,NaN,NaN,NaN,NaN,NaN,NaN,NaN,NaN
3,NaN,NaN,NaN,NaN,NaN,NaN,NaN,NaN
4,NaN,NaN,NaN,NaN,NaN,NaN,NaN,NaN
5,NaN,NaN,NaN,NaN,NaN,NaN,NaN,NaN
6,NaN,NaN,NaN,NaN,NaN,NaN,NaN,NaN
7,NaN,NaN,NaN,NaN,NaN,NaN,NaN,NaN
8,NaN,NaN,NaN,NaN,NaN,NaN,NaN,NaN
9,NaN,NaN,NaN,NaN,NaN,NaN,NaN,NaN
10,NaN,NaN,NaN,NaN,NaN,NaN,NaN,NaN
11,NaN,NaN,NaN,NaN,NaN,NaN,NaN,NaN
1,NaN,NaN,NaN,NaN,NaN,NaN,NaN,NaN
2,NaN,NaN,NaN,NaN,NaN,NaN,NaN,NaN
3,NaN,NaN,NaN,NaN,NaN,NaN,NaN,NaN
4,NaN,NaN,NaN,NaN,NaN,NaN,NaN,NaN
5,NaN,NaN,NaN,NaN,NaN,NaN,NaN,NaN
6,NaN,NaN,NaN,NaN,NaN,NaN,NaN,NaN
7,NaN,NaN,NaN,NaN,NaN,NaN,NaN,NaN
8,NaN,NaN,NaN,NaN,NaN,NaN,NaN,NaN
9,NaN,NaN,NaN,NaN,NaN,NaN,NaN,NaN
10,NaN,NaN,NaN,NaN,NaN,NaN,NaN,NaN
11,NaN,NaN,NaN,NaN,NaN,NaN,NaN,NaN
1,NaN,NaN,NaN,NaN,NaN,NaN,NaN,NaN
2,NaN,NaN,NaN,NaN,NaN,NaN,NaN,NaN
3,NaN,NaN,NaN,NaN,NaN,NaN,NaN,NaN
4,NaN,NaN,NaN,NaN,NaN,NaN,NaN,NaN
5,NaN,NaN,NaN,NaN,NaN,NaN,NaN,NaN
6,NaN,NaN,NaN,NaN,NaN,NaN,NaN,NaN
7,NaN,NaN,NaN,NaN,NaN,NaN,NaN,NaN
8,NaN,NaN,NaN,NaN,NaN,NaN,NaN,NaN
9,NaN,NaN,NaN,NaN,NaN,NaN,NaN,NaN
10,NaN,NaN,NaN,NaN,NaN,NaN,NaN,NaN
11,NaN,NaN,NaN,NaN,NaN,NaN,NaN,NaN
1,NaN,NaN,NaN,NaN,NaN,NaN,NaN,NaN
2,NaN,NaN,NaN,NaN,NaN,NaN,NaN,NaN
3,NaN,NaN,NaN,NaN,NaN,NaN,NaN,NaN
4,NaN,NaN,NaN,NaN,NaN,NaN,NaN,NaN
5,NaN,NaN,NaN,NaN,NaN,NaN,NaN,NaN
6,NaN,NaN,NaN,NaN,NaN,NaN,NaN,NaN
7,NaN,NaN,NaN,NaN,NaN,NaN,NaN,NaN
8,NaN,NaN,NaN,NaN,NaN,NaN,NaN,NaN
9,NaN,NaN,NaN,NaN,NaN,NaN,NaN,NaN
10,NaN,NaN,NaN,NaN,NaN,NaN,NaN,NaN
11,NaN,NaN,NaN,NaN,NaN,NaN,NaN,NaN
1,NaN,NaN,NaN,NaN,NaN,NaN,NaN,NaN
2,NaN,NaN,NaN,NaN,NaN,NaN,NaN,NaN
3,NaN,NaN,NaN,NaN,NaN,NaN,NaN,NaN
4,NaN,NaN,NaN,NaN,NaN,NaN,NaN,NaN
5,NaN,NaN,NaN,NaN,NaN,NaN,NaN,NaN
6,NaN,NaN,NaN,NaN,NaN,NaN,NaN,NaN
7,NaN,NaN,NaN,NaN,NaN,NaN,NaN,NaN
8,NaN,NaN,NaN,NaN,NaN,NaN,NaN,NaN
9,NaN,NaN,NaN,NaN,NaN,NaN,NaN,NaN
10,NaN,NaN,NaN,NaN,NaN,NaN,NaN,NaN
11,NaN,NaN,NaN,NaN,NaN,NaN,NaN,NaN
1,NaN,NaN,NaN,NaN,NaN,NaN,NaN,NaN
2,NaN,NaN,NaN,NaN,NaN,NaN,NaN,NaN
3,NaN,NaN,NaN,NaN,NaN,NaN,NaN,NaN
4,NaN,NaN,NaN,NaN,NaN,NaN,NaN,NaN
5,NaN,NaN,NaN,NaN,NaN,NaN,NaN,NaN
6,NaN,NaN,NaN,NaN,NaN,NaN,NaN,NaN
7,NaN,NaN,NaN,NaN,NaN,NaN,NaN,NaN
8,NaN,NaN,NaN,NaN,NaN,NaN,NaN,NaN
9,NaN,NaN,NaN,NaN,NaN,NaN,NaN,NaN
10,NaN,NaN,NaN,NaN,NaN,NaN,NaN,NaN
11,NaN,NaN,NaN,NaN,NaN,NaN,NaN,NaN
1,NaN,NaN,NaN,NaN,NaN,NaN,NaN,NaN
2,NaN,NaN,NaN,NaN,NaN,NaN,NaN,NaN
3,NaN,NaN,NaN,NaN,NaN,NaN,NaN,NaN
4,NaN,NaN,NaN,NaN,NaN,NaN,NaN,NaN
5,NaN,NaN,NaN,NaN,NaN,NaN,NaN,NaN
6,NaN,NaN,NaN,NaN,NaN,NaN,NaN,NaN
7,NaN,NaN,NaN,NaN,NaN,NaN,NaN,NaN
8,NaN,NaN,NaN,NaN,NaN,NaN,NaN,NaN
9,NaN,NaN,NaN,NaN,NaN,NaN,NaN,NaN
10,NaN,NaN,NaN,NaN,NaN,NaN,NaN,NaN
11,NaN,NaN,NaN,NaN,NaN,NaN,NaN,NaN
1,NaN,NaN,NaN,NaN,NaN,NaN,NaN,NaN
2,NaN,NaN,NaN,NaN,NaN,NaN,NaN,NaN
3,NaN,NaN,NaN,NaN,NaN,NaN,NaN,NaN
4,NaN,NaN,NaN,NaN,NaN,NaN,NaN,NaN
5,NaN,NaN,NaN,NaN,NaN,NaN,NaN,NaN
6,NaN,NaN,NaN,NaN,NaN,NaN,NaN,NaN
7,NaN,NaN,NaN,NaN,NaN,NaN,NaN,NaN
8,NaN,NaN,NaN,NaN,NaN,NaN,NaN,NaN
9,NaN,NaN,NaN,NaN,NaN,NaN,NaN,NaN
10,NaN,NaN,NaN,NaN,NaN,NaN,NaN,NaN
11,NaN,NaN,NaN,NaN,NaN,NaN,NaN,NaN
1,NaN,NaN,NaN,NaN,NaN,NaN,NaN,NaN
2,NaN,NaN,NaN,NaN,NaN,NaN,NaN,NaN
3,NaN,NaN,NaN,NaN,NaN,NaN,NaN,NaN
4,NaN,NaN,NaN,NaN,NaN,NaN,NaN,NaN
5,NaN,NaN,NaN,NaN,NaN,NaN,NaN,NaN
6,NaN,NaN,NaN,NaN,NaN,NaN,NaN,NaN
7,NaN,NaN,NaN,NaN,NaN,NaN,NaN,NaN
8,NaN,NaN,NaN,NaN,NaN,NaN,NaN,NaN
9,NaN,NaN,NaN,NaN,NaN,NaN,NaN,NaN
10,NaN,NaN,NaN,NaN,NaN,NaN,NaN,NaN
11,NaN,NaN,NaN,NaN,NaN,NaN,NaN,NaN
1,NaN,NaN,NaN,NaN,NaN,NaN,NaN,NaN
2,NaN,NaN,NaN,NaN,NaN,NaN,NaN,NaN
3,NaN,NaN,NaN,NaN,NaN,NaN,NaN,NaN
4,NaN,NaN,NaN,NaN,NaN,NaN,NaN,NaN
5,NaN,NaN,NaN,NaN,NaN,NaN,NaN,NaN
6,NaN,NaN,NaN,NaN,NaN,NaN,NaN,NaN
7,NaN,NaN,NaN,NaN,NaN,NaN,NaN,NaN
8,NaN,NaN,NaN,NaN,NaN,NaN,NaN,NaN
9,NaN,NaN,NaN,NaN,NaN,NaN,NaN,NaN
10,NaN,NaN,NaN,NaN,NaN,NaN,NaN,NaN
11,NaN,NaN,NaN,NaN,NaN,NaN,NaN,NaN
1,NaN,NaN,NaN,NaN,NaN,NaN,NaN,NaN
2,NaN,NaN,NaN,NaN,NaN,NaN,NaN,NaN
3,NaN,NaN,NaN,NaN,NaN,NaN,NaN,NaN
4,NaN,NaN,NaN,NaN,NaN,NaN,NaN,NaN
5,NaN,NaN,NaN,NaN,NaN,NaN,NaN,NaN
6,NaN,NaN,NaN,NaN,NaN,NaN,NaN,NaN
7,NaN,NaN,NaN,NaN,NaN,NaN,NaN,NaN
8,NaN,NaN,NaN,NaN,NaN,NaN,NaN,NaN
9,NaN,NaN,NaN,NaN,NaN,NaN,NaN,NaN
10,NaN,NaN,NaN,NaN,NaN,NaN,NaN,NaN
11,NaN,NaN,NaN,NaN,NaN,NaN,NaN,NaN
1,NaN,NaN,NaN,NaN,NaN,NaN,NaN,NaN
2,NaN,NaN,NaN,NaN,NaN,NaN,NaN,NaN
3,NaN,NaN,NaN,NaN,NaN,NaN,NaN,NaN
4,NaN,NaN,NaN,NaN,NaN,NaN,NaN,NaN
5,NaN,NaN,NaN,NaN,NaN,NaN,NaN,NaN
6,NaN,NaN,NaN,NaN,NaN,NaN,NaN,NaN
7,NaN,NaN,NaN,NaN,NaN,NaN,NaN,NaN
8,NaN,NaN,NaN,NaN,NaN,NaN,NaN,NaN
9,NaN,NaN,NaN,NaN,NaN,NaN,NaN,NaN
10,NaN,NaN,NaN,NaN,NaN,NaN,NaN,NaN
11,NaN,NaN,NaN,NaN,NaN,NaN,NaN,NaN
1,NaN,NaN,NaN,NaN,NaN,NaN,NaN,NaN
2,NaN,NaN,NaN,NaN,NaN,NaN,NaN,NaN
3,NaN,NaN,NaN,NaN,NaN,NaN,NaN,NaN
4,NaN,NaN,NaN,NaN,NaN,NaN,NaN,NaN
5,NaN,NaN,NaN,NaN,NaN,NaN,NaN,NaN
6,NaN,NaN,NaN,NaN,NaN,NaN,NaN,NaN
7,NaN,NaN,NaN,NaN,NaN,NaN,NaN,NaN
8,NaN,NaN,NaN,NaN,NaN,NaN,NaN,NaN
9,NaN,NaN,NaN,NaN,NaN,NaN,NaN,NaN
10,NaN,NaN,NaN,NaN,NaN,NaN,NaN,NaN
11,NaN,NaN,NaN,NaN,NaN,NaN,NaN,NaN
1,NaN,NaN,NaN,NaN,NaN,NaN,NaN,NaN
2,NaN,NaN,NaN,NaN,NaN,NaN,NaN,NaN
3,NaN,NaN,NaN,NaN,NaN,NaN,NaN,NaN
4,NaN,NaN,NaN,NaN,NaN,NaN,NaN,NaN
5,NaN,NaN,NaN,NaN,NaN,NaN,NaN,NaN
6,NaN,NaN,NaN,NaN,NaN,NaN,NaN,NaN
7,NaN,NaN,NaN,NaN,NaN,NaN,NaN,NaN
8,NaN,NaN,NaN,NaN,NaN,NaN,NaN,NaN
9,NaN,NaN,NaN,NaN,NaN,NaN,NaN,NaN
10,NaN,NaN,NaN,NaN,NaN,NaN,NaN,NaN
11,NaN,NaN,NaN,NaN,NaN,NaN,NaN,NaN
1,NaN,NaN,NaN,NaN,NaN,NaN,NaN,NaN
2,NaN,NaN,NaN,NaN,NaN,NaN,NaN,NaN
3,NaN,NaN,NaN,NaN,NaN,NaN,NaN,NaN
4,NaN,NaN,NaN,NaN,NaN,NaN,NaN,NaN
5,NaN,NaN,NaN,NaN,NaN,NaN,NaN,NaN
6,NaN,NaN,NaN,NaN,NaN,NaN,NaN,NaN
7,NaN,NaN,NaN,NaN,NaN,NaN,NaN,NaN
8,NaN,NaN,NaN,NaN,NaN,NaN,NaN,NaN
9,NaN,NaN,NaN,NaN,NaN,NaN,NaN,NaN
10,NaN,NaN,NaN,NaN,NaN,NaN,NaN,NaN
11,NaN,NaN,NaN,NaN,NaN,NaN,NaN,NaN
1,NaN,NaN,NaN,NaN,NaN,NaN,NaN,NaN
2,NaN,NaN,NaN,NaN,NaN,NaN,NaN,NaN
3,NaN,NaN,NaN,NaN,NaN,NaN,NaN,NaN
4,NaN,NaN,NaN,NaN,NaN,NaN,NaN,NaN
5,NaN,NaN,NaN,NaN,NaN,NaN,NaN,NaN
6,NaN,NaN,NaN,NaN,NaN,NaN,NaN,NaN
7,NaN,NaN,NaN,NaN,NaN,NaN,NaN,NaN
8,NaN,NaN,NaN,NaN,NaN,NaN,NaN,NaN
9,NaN,NaN,NaN,NaN,NaN,NaN,NaN,NaN
10,NaN,NaN,NaN,NaN,NaN,NaN,NaN,NaN
11,NaN,NaN,NaN,NaN,NaN,NaN,NaN,NaN
1,NaN,NaN,NaN,NaN,NaN,NaN,NaN,NaN
2,NaN,NaN,NaN,NaN,NaN,NaN,NaN,NaN
3,NaN,NaN,NaN,NaN,NaN,NaN,NaN,NaN
4,NaN,NaN,NaN,NaN,NaN,NaN,NaN,NaN
5,NaN,NaN,NaN,NaN,NaN,NaN,NaN,NaN
6,NaN,NaN,NaN,NaN,NaN,NaN,NaN,NaN
7,NaN,NaN,NaN,NaN,NaN,NaN,NaN,NaN
8,NaN,NaN,NaN,NaN,NaN,NaN,NaN,NaN
9,NaN,NaN,NaN,NaN,NaN,NaN,NaN,NaN
10,NaN,NaN,NaN,NaN,NaN,NaN,NaN,NaN
11,NaN,NaN,NaN,NaN,NaN,NaN,NaN,NaN
1,NaN,NaN,NaN,NaN,NaN,NaN,NaN,NaN
2,NaN,NaN,NaN,NaN,NaN,NaN,NaN,NaN
3,NaN,NaN,NaN,NaN,NaN,NaN,NaN,NaN
4,NaN,NaN,NaN,NaN,NaN,NaN,NaN,NaN
5,NaN,NaN,NaN,NaN,NaN,NaN,NaN,NaN
6,NaN,NaN,NaN,NaN,NaN,NaN,NaN,NaN
7,NaN,NaN,NaN,NaN,NaN,NaN,NaN,NaN
8,NaN,NaN,NaN,NaN,NaN,NaN,NaN,NaN
9,NaN,NaN,NaN,NaN,NaN,NaN,NaN,NaN
10,NaN,NaN,NaN,NaN,NaN,NaN,NaN,NaN
11,NaN,NaN,NaN,NaN,NaN,NaN,NaN,NaN
1,NaN,NaN,NaN,NaN,NaN,NaN,NaN,NaN
2,NaN,NaN,NaN,NaN,NaN,NaN,NaN,NaN
3,NaN,NaN,NaN,NaN,NaN,NaN,NaN,NaN
4,NaN,NaN,NaN,NaN,NaN,NaN,NaN,NaN
5,NaN,NaN,NaN,NaN,NaN,NaN,NaN,NaN
6,NaN,NaN,NaN,NaN,NaN,NaN,NaN,NaN
7,NaN,NaN,NaN,NaN,NaN,NaN,NaN,NaN
8,NaN,NaN,NaN,NaN,NaN,NaN,NaN,NaN
9,NaN,NaN,NaN,NaN,NaN,NaN,NaN,NaN
10,NaN,NaN,NaN,NaN,NaN,NaN,NaN,NaN
11,NaN,NaN,NaN,NaN,NaN,NaN,NaN,NaN
1,NaN,NaN,NaN,NaN,NaN,NaN,NaN,NaN
2,NaN,NaN,NaN,NaN,NaN,NaN,NaN,NaN
3,NaN,NaN,NaN,NaN,NaN,NaN,NaN,NaN
4,NaN,NaN,NaN,NaN,NaN,NaN,NaN,NaN
5,NaN,NaN,NaN,NaN,NaN,NaN,NaN,NaN
6,NaN,NaN,NaN,NaN,NaN,NaN,NaN,NaN
7,NaN,NaN,NaN,NaN,NaN,NaN,NaN,NaN
8,NaN,NaN,NaN,NaN,NaN,NaN,NaN,NaN
9,NaN,NaN,NaN,NaN,NaN,NaN,NaN,NaN
10,NaN,NaN,NaN,NaN,NaN,NaN,NaN,NaN
11,NaN,NaN,NaN,NaN,NaN,NaN,NaN,NaN
1,NaN,NaN,NaN,NaN,NaN,NaN,NaN,NaN
2,NaN,NaN,NaN,NaN,NaN,NaN,NaN,NaN
3,NaN,NaN,NaN,NaN,NaN,NaN,NaN,NaN
4,NaN,NaN,NaN,NaN,NaN,NaN,NaN,NaN
5,NaN,NaN,NaN,NaN,NaN,NaN,NaN,NaN
6,NaN,NaN,NaN,NaN,NaN,NaN,NaN,NaN
7,NaN,NaN,NaN,NaN,NaN,NaN,NaN,NaN
8,NaN,NaN,NaN,NaN,NaN,NaN,NaN,NaN
9,NaN,NaN,NaN,NaN,NaN,NaN,NaN,NaN
10,NaN,NaN,NaN,NaN,NaN,NaN,NaN,NaN
11,NaN,NaN,NaN,NaN,NaN,NaN,NaN,NaN
1,NaN,NaN,NaN,NaN,NaN,NaN,NaN,NaN
2,NaN,NaN,NaN,NaN,NaN,NaN,NaN,NaN
3,NaN,NaN,NaN,NaN,NaN,NaN,NaN,NaN
4,NaN,NaN,NaN,NaN,NaN,NaN,NaN,NaN
5,NaN,NaN,NaN,NaN,NaN,NaN,NaN,NaN
6,NaN,NaN,NaN,NaN,NaN,NaN,NaN,NaN
7,NaN,NaN,NaN,NaN,NaN,NaN,NaN,NaN
8,NaN,NaN,NaN,NaN,NaN,NaN,NaN,NaN
9,NaN,NaN,NaN,NaN,NaN,NaN,NaN,NaN
10,NaN,NaN,NaN,NaN,NaN,NaN,NaN,NaN
11,NaN,NaN,NaN,NaN,NaN,NaN,NaN,NaN
1,NaN,NaN,NaN,NaN,NaN,NaN,NaN,NaN
2,NaN,NaN,NaN,NaN,NaN,NaN,NaN,NaN
3,NaN,NaN,NaN,NaN,NaN,NaN,NaN,NaN
4,NaN,NaN,NaN,NaN,NaN,NaN,NaN,NaN
5,NaN,NaN,NaN,NaN,NaN,NaN,NaN,NaN
6,NaN,NaN,NaN,NaN,NaN,NaN,NaN,NaN
7,NaN,NaN,NaN,NaN,NaN,NaN,NaN,NaN
8,NaN,NaN,NaN,NaN,NaN,NaN,NaN,NaN
9,NaN,NaN,NaN,NaN,NaN,NaN,NaN,NaN
10,NaN,NaN,NaN,NaN,NaN,NaN,NaN,NaN
11,NaN,NaN,NaN,NaN,NaN,NaN,NaN,NaN
1,NaN,NaN,NaN,NaN,NaN,NaN,NaN,NaN
2,NaN,NaN,NaN,NaN,NaN,NaN,NaN,NaN
3,NaN,NaN,NaN,NaN,NaN,NaN,NaN,NaN
4,NaN,NaN,NaN,NaN,NaN,NaN,NaN,NaN
5,NaN,NaN,NaN,NaN,NaN,NaN,NaN,NaN
6,NaN,NaN,NaN,NaN,NaN,NaN,NaN,NaN
7,NaN,NaN,NaN,NaN,NaN,NaN,NaN,NaN
8,NaN,NaN,NaN,NaN,NaN,NaN,NaN,NaN
9,NaN,NaN,NaN,NaN,NaN,NaN,NaN,NaN
10,NaN,NaN,NaN,NaN,NaN,NaN,NaN,NaN
11,NaN,NaN,NaN,NaN,NaN,NaN,NaN,NaN
1,NaN,NaN,NaN,NaN,NaN,NaN,NaN,NaN
2,NaN,NaN,NaN,NaN,NaN,NaN,NaN,NaN
3,NaN,NaN,NaN,NaN,NaN,NaN,NaN,NaN
4,NaN,NaN,NaN,NaN,NaN,NaN,NaN,NaN
5,NaN,NaN,NaN,NaN,NaN,NaN,NaN,NaN
6,NaN,NaN,NaN,NaN,NaN,NaN,NaN,NaN
7,NaN,NaN,NaN,NaN,NaN,NaN,NaN,NaN
8,NaN,NaN,NaN,NaN,NaN,NaN,NaN,NaN
9,NaN,NaN,NaN,NaN,NaN,NaN,NaN,NaN
10,NaN,NaN,NaN,NaN,NaN,NaN,NaN,NaN
11,NaN,NaN,NaN,NaN,NaN,NaN,NaN,NaN
1,NaN,NaN,NaN,NaN,NaN,NaN,NaN,NaN
2,NaN,NaN,NaN,NaN,NaN,NaN,NaN,NaN
3,NaN,NaN,NaN,NaN,NaN,NaN,NaN,NaN
4,NaN,NaN,NaN,NaN,NaN,NaN,NaN,NaN
5,NaN,NaN,NaN,NaN,NaN,NaN,NaN,NaN
6,NaN,NaN,NaN,NaN,NaN,NaN,NaN,NaN
7,NaN,NaN,NaN,NaN,NaN,NaN,NaN,NaN
8,NaN,NaN,NaN,NaN,NaN,NaN,NaN,NaN
9,NaN,NaN,NaN,NaN,NaN,NaN,NaN,NaN
10,NaN,NaN,NaN,NaN,NaN,NaN,NaN,NaN
11,NaN,NaN,NaN,NaN,NaN,NaN,NaN,NaN
1,NaN,NaN,NaN,NaN,NaN,NaN,NaN,NaN
2,NaN,NaN,NaN,NaN,NaN,NaN,NaN,NaN
3,NaN,NaN,NaN,NaN,NaN,NaN,NaN,NaN
4,NaN,NaN,NaN,NaN,NaN,NaN,NaN,NaN
5,NaN,NaN,NaN,NaN,NaN,NaN,NaN,NaN
6,NaN,NaN,NaN,NaN,NaN,NaN,NaN,NaN
7,NaN,NaN,NaN,NaN,NaN,NaN,NaN,NaN
8,NaN,NaN,NaN,NaN,NaN,NaN,NaN,NaN
9,NaN,NaN,NaN,NaN,NaN,NaN,NaN,NaN
10,NaN,NaN,NaN,NaN,NaN,NaN,NaN,NaN
11,NaN,NaN,NaN,NaN,NaN,NaN,NaN,NaN
1,NaN,NaN,NaN,NaN,NaN,NaN,NaN,NaN
2,NaN,NaN,NaN,NaN,NaN,NaN,NaN,NaN
3,NaN,NaN,NaN,NaN,NaN,NaN,NaN,NaN
4,NaN,NaN,NaN,NaN,NaN,NaN,NaN,NaN
5,NaN,NaN,NaN,NaN,NaN,NaN,NaN,NaN
6,NaN,NaN,NaN,NaN,NaN,NaN,NaN,NaN
7,NaN,NaN,NaN,NaN,NaN,NaN,NaN,NaN
8,NaN,NaN,NaN,NaN,NaN,NaN,NaN,NaN
9,NaN,NaN,NaN,NaN,NaN,NaN,NaN,NaN
10,NaN,NaN,NaN,NaN,NaN,NaN,NaN,NaN
11,NaN,NaN,NaN,NaN,NaN,NaN,NaN,NaN
1,NaN,NaN,NaN,NaN,NaN,NaN,NaN,NaN
2,NaN,NaN,NaN,NaN,NaN,NaN,NaN,NaN
3,NaN,NaN,NaN,NaN,NaN,NaN,NaN,NaN
4,NaN,NaN,NaN,NaN,NaN,NaN,NaN,NaN
5,NaN,NaN,NaN,NaN,NaN,NaN,NaN,NaN
6,NaN,NaN,NaN,NaN,NaN,NaN,NaN,NaN
7,NaN,NaN,NaN,NaN,NaN,NaN,NaN,NaN
8,NaN,NaN,NaN,NaN,NaN,NaN,NaN,NaN
9,NaN,NaN,NaN,NaN,NaN,NaN,NaN,NaN
10,NaN,NaN,NaN,NaN,NaN,NaN,NaN,NaN
11,NaN,NaN,NaN,NaN,NaN,NaN,NaN,NaN
1,NaN,NaN,NaN,NaN,NaN,NaN,NaN,NaN
2,NaN,NaN,NaN,NaN,NaN,NaN,NaN,NaN
3,NaN,NaN,NaN,NaN,NaN,NaN,NaN,NaN
4,NaN,NaN,NaN,NaN,NaN,NaN,NaN,NaN
5,NaN,NaN,NaN,NaN,NaN,NaN,NaN,NaN
6,NaN,NaN,NaN,NaN,NaN,NaN,NaN,NaN
7,NaN,NaN,NaN,NaN,NaN,NaN,NaN,NaN
8,NaN,NaN,NaN,NaN,NaN,NaN,NaN,NaN
9,NaN,NaN,NaN,NaN,NaN,NaN,NaN,NaN
10,NaN,NaN,NaN,NaN,NaN,NaN,NaN,NaN
11,NaN,NaN,NaN,NaN,NaN,NaN,NaN,NaN
1,NaN,NaN,NaN,NaN,NaN,NaN,NaN,NaN
2,NaN,NaN,NaN,NaN,NaN,NaN,NaN,NaN
3,NaN,NaN,NaN,NaN,NaN,NaN,NaN,NaN
4,NaN,NaN,NaN,NaN,NaN,NaN,NaN,NaN
5,NaN,NaN,NaN,NaN,NaN,NaN,NaN,NaN
6,NaN,NaN,NaN,NaN,NaN,NaN,NaN,NaN
7,NaN,NaN,NaN,NaN,NaN,NaN,NaN,NaN
8,NaN,NaN,NaN,NaN,NaN,NaN,NaN,NaN
9,NaN,NaN,NaN,NaN,NaN,NaN,NaN,NaN
10,NaN,NaN,NaN,NaN,NaN,NaN,NaN,NaN
11,NaN,NaN,NaN,NaN,NaN,NaN,NaN,NaN
1,NaN,NaN,NaN,NaN,NaN,NaN,NaN,NaN
2,NaN,NaN,NaN,NaN,NaN,NaN,NaN,NaN
3,NaN,NaN,NaN,NaN,NaN,NaN,NaN,NaN
4,NaN,NaN,NaN,NaN,NaN,NaN,NaN,NaN
5,NaN,NaN,NaN,NaN,NaN,NaN,NaN,NaN
6,NaN,NaN,NaN,NaN,NaN,NaN,NaN,NaN
7,NaN,NaN,NaN,NaN,NaN,NaN,NaN,NaN
8,NaN,NaN,NaN,NaN,NaN,NaN,NaN,NaN
9,NaN,NaN,NaN,NaN,NaN,NaN,NaN,NaN
10,NaN,NaN,NaN,NaN,NaN,NaN,NaN,NaN
11,NaN,NaN,NaN,NaN,NaN,NaN,NaN,NaN
1,NaN,NaN,NaN,NaN,NaN,NaN,NaN,NaN
2,NaN,NaN,NaN,NaN,NaN,NaN,NaN,NaN
3,NaN,NaN,NaN,NaN,NaN,NaN,NaN,NaN
4,NaN,NaN,NaN,NaN,NaN,NaN,NaN,NaN
5,NaN,NaN,NaN,NaN,NaN,NaN,NaN,NaN
6,NaN,NaN,NaN,NaN,NaN,NaN,NaN,NaN
7,NaN,NaN,NaN,NaN,NaN,NaN,NaN,NaN
8,NaN,NaN,NaN,NaN,NaN,NaN,NaN,NaN
9,NaN,NaN,NaN,NaN,NaN,NaN,NaN,NaN
10,NaN,NaN,NaN,NaN,NaN,NaN,NaN,NaN
11,NaN,NaN,NaN,NaN,NaN,NaN,NaN,NaN
1,NaN,NaN,NaN,NaN,NaN,NaN,NaN,NaN
2,NaN,NaN,NaN,NaN,NaN,NaN,NaN,NaN
3,NaN,NaN,NaN,NaN,NaN,NaN,NaN,NaN
4,NaN,NaN,NaN,NaN,NaN,NaN,NaN,NaN
5,NaN,NaN,NaN,NaN,NaN,NaN,NaN,NaN
6,NaN,NaN,NaN,NaN,NaN,NaN,NaN,NaN
7,NaN,NaN,NaN,NaN,NaN,NaN,NaN,NaN
8,NaN,NaN,NaN,NaN,NaN,NaN,NaN,NaN
9,NaN,NaN,NaN,NaN,NaN,NaN,NaN,NaN
10,NaN,NaN,NaN,NaN,NaN,NaN,NaN,NaN
11,NaN,NaN,NaN,NaN,NaN,NaN,NaN,NaN
1,NaN,NaN,NaN,NaN,NaN,NaN,NaN,NaN
2,NaN,NaN,NaN,NaN,NaN,NaN,NaN,NaN
3,NaN,NaN,NaN,NaN,NaN,NaN,NaN,NaN
4,NaN,NaN,NaN,NaN,NaN,NaN,NaN,NaN
5,NaN,NaN,NaN,NaN,NaN,NaN,NaN,NaN
6,NaN,NaN,NaN,NaN,NaN,NaN,NaN,NaN
7,NaN,NaN,NaN,NaN,NaN,NaN,NaN,NaN
8,NaN,NaN,NaN,NaN,NaN,NaN,NaN,NaN
9,NaN,NaN,NaN,NaN,NaN,NaN,NaN,NaN
10,NaN,NaN,NaN,NaN,NaN,NaN,NaN,NaN
11,NaN,NaN,NaN,NaN,NaN,NaN,NaN,NaN
1,NaN,NaN,NaN,NaN,NaN,NaN,NaN,NaN
2,NaN,NaN,NaN,NaN,NaN,NaN,NaN,NaN
3,NaN,NaN,NaN,NaN,NaN,NaN,NaN,NaN
4,NaN,NaN,NaN,NaN,NaN,NaN,NaN,NaN
5,NaN,NaN,NaN,NaN,NaN,NaN,NaN,NaN
6,NaN,NaN,NaN,NaN,NaN,NaN,NaN,NaN
7,NaN,NaN,NaN,NaN,NaN,NaN,NaN,NaN
8,NaN,NaN,NaN,NaN,NaN,NaN,NaN,NaN
9,NaN,NaN,NaN,NaN,NaN,NaN,NaN,NaN
10,NaN,NaN,NaN,NaN,NaN,NaN,NaN,NaN
11,NaN,NaN,NaN,NaN,NaN,NaN,NaN,NaN
1,NaN,NaN,NaN,NaN,NaN,NaN,NaN,NaN
2,NaN,NaN,NaN,NaN,NaN,NaN,NaN,NaN
3,NaN,NaN,NaN,NaN,NaN,NaN,NaN,NaN
4,NaN,NaN,NaN,NaN,NaN,NaN,NaN,NaN
5,NaN,NaN,NaN,NaN,NaN,NaN,NaN,NaN
6,NaN,NaN,NaN,NaN,NaN,NaN,NaN,NaN
7,NaN,NaN,NaN,NaN,NaN,NaN,NaN,NaN
8,NaN,NaN,NaN,NaN,NaN,NaN,NaN,NaN
9,NaN,NaN,NaN,NaN,NaN,NaN,NaN,NaN
10,NaN,NaN,NaN,NaN,NaN,NaN,NaN,NaN
11,NaN,NaN,NaN,NaN,NaN,NaN,NaN,NaN
1,NaN,NaN,NaN,NaN,NaN,NaN,NaN,NaN
2,NaN,NaN,NaN,NaN,NaN,NaN,NaN,NaN
3,NaN,NaN,NaN,NaN,NaN,NaN,NaN,NaN
4,NaN,NaN,NaN,NaN,NaN,NaN,NaN,NaN
5,NaN,NaN,NaN,NaN,NaN,NaN,NaN,NaN
6,NaN,NaN,NaN,NaN,NaN,NaN,NaN,NaN
7,NaN,NaN,NaN,NaN,NaN,NaN,NaN,NaN
8,NaN,NaN,NaN,NaN,NaN,NaN,NaN,NaN
9,NaN,NaN,NaN,NaN,NaN,NaN,NaN,NaN
10,NaN,NaN,NaN,NaN,NaN,NaN,NaN,NaN
11,NaN,NaN,NaN,NaN,NaN,NaN,NaN,NaN
1,NaN,NaN,NaN,NaN,NaN,NaN,NaN,NaN
2,NaN,NaN,NaN,NaN,NaN,NaN,NaN,NaN
3,NaN,NaN,NaN,NaN,NaN,NaN,NaN,NaN
4,NaN,NaN,NaN,NaN,NaN,NaN,NaN,NaN
5,NaN,NaN,NaN,NaN,NaN,NaN,NaN,NaN
6,NaN,NaN,NaN,NaN,NaN,NaN,NaN,NaN
7,NaN,NaN,NaN,NaN,NaN,NaN,NaN,NaN
8,NaN,NaN,NaN,NaN,NaN,NaN,NaN,NaN
9,NaN,NaN,NaN,NaN,NaN,NaN,NaN,NaN
10,NaN,NaN,NaN,NaN,NaN,NaN,NaN,NaN
11,NaN,NaN,NaN,NaN,NaN,NaN,NaN,NaN
1,NaN,NaN,NaN,NaN,NaN,NaN,NaN,NaN
2,NaN,NaN,NaN,NaN,NaN,NaN,NaN,NaN
3,NaN,NaN,NaN,NaN,NaN,NaN,NaN,NaN
4,NaN,NaN,NaN,NaN,NaN,NaN,NaN,NaN
5,NaN,NaN,NaN,NaN,NaN,NaN,NaN,NaN
6,NaN,NaN,NaN,NaN,NaN,NaN,NaN,NaN
7,NaN,NaN,NaN,NaN,NaN,NaN,NaN,NaN
8,NaN,NaN,NaN,NaN,NaN,NaN,NaN,NaN
9,NaN,NaN,NaN,NaN,NaN,NaN,NaN,NaN
10,NaN,NaN,NaN,NaN,NaN,NaN,NaN,NaN
11,NaN,NaN,NaN,NaN,NaN,NaN,NaN,NaN
1,NaN,NaN,NaN,NaN,NaN,NaN,NaN,NaN
2,NaN,NaN,NaN,NaN,NaN,NaN,NaN,NaN
3,NaN,NaN,NaN,NaN,NaN,NaN,NaN,NaN
4,NaN,NaN,NaN,NaN,NaN,NaN,NaN,NaN
5,NaN,NaN,NaN,NaN,NaN,NaN,NaN,NaN
6,NaN,NaN,NaN,NaN,NaN,NaN,NaN,NaN
7,NaN,NaN,NaN,NaN,NaN,NaN,NaN,NaN
8,NaN,NaN,NaN,NaN,NaN,NaN,NaN,NaN
9,NaN,NaN,NaN,NaN,NaN,NaN,NaN,NaN
10,NaN,NaN,NaN,NaN,NaN,NaN,NaN,NaN
11,NaN,NaN,NaN,NaN,NaN,NaN,NaN,NaN
1,NaN,NaN,NaN,NaN,NaN,NaN,NaN,NaN
2,NaN,NaN,NaN,NaN,NaN,NaN,NaN,NaN
3,NaN,NaN,NaN,NaN,NaN,NaN,NaN,NaN
4,NaN,NaN,NaN,NaN,NaN,NaN,NaN,NaN
5,NaN,NaN,NaN,NaN,NaN,NaN,NaN,NaN
6,NaN,NaN,NaN,NaN,NaN,NaN,NaN,NaN
7,NaN,NaN,NaN,NaN,NaN,NaN,NaN,NaN
8,NaN,NaN,NaN,NaN,NaN,NaN,NaN,NaN
9,NaN,NaN,NaN,NaN,NaN,NaN,NaN,NaN
10,NaN,NaN,NaN,NaN,NaN,NaN,NaN,NaN
11,NaN,NaN,NaN,NaN,NaN,NaN,NaN,NaN
1,NaN,NaN,NaN,NaN,NaN,NaN,NaN,NaN
2,NaN,NaN,NaN,NaN,NaN,NaN,NaN,NaN
3,NaN,NaN,NaN,NaN,NaN,NaN,NaN,NaN
4,NaN,NaN,NaN,NaN,NaN,NaN,NaN,NaN
5,NaN,NaN,NaN,NaN,NaN,NaN,NaN,NaN
6,NaN,NaN,NaN,NaN,NaN,NaN,NaN,NaN
7,NaN,NaN,NaN,NaN,NaN,NaN,NaN,NaN
8,NaN,NaN,NaN,NaN,NaN,NaN,NaN,NaN
9,NaN,NaN,NaN,NaN,NaN,NaN,NaN,NaN
10,NaN,NaN,NaN,NaN,NaN,NaN,NaN,NaN
11,NaN,NaN,NaN,NaN,NaN,NaN,NaN,NaN
1,NaN,NaN,NaN,NaN,NaN,NaN,NaN,NaN
2,NaN,NaN,NaN,NaN,NaN,NaN,NaN,NaN
3,NaN,NaN,NaN,NaN,NaN,NaN,NaN,NaN
4,NaN,NaN,NaN,NaN,NaN,NaN,NaN,NaN
5,NaN,NaN,NaN,NaN,NaN,NaN,NaN,NaN
6,NaN,NaN,NaN,NaN,NaN,NaN,NaN,NaN
7,NaN,NaN,NaN,NaN,NaN,NaN,NaN,NaN
8,NaN,NaN,NaN,NaN,NaN,NaN,NaN,NaN
9,NaN,NaN,NaN,NaN,NaN,NaN,NaN,NaN
10,NaN,NaN,NaN,NaN,NaN,NaN,NaN,NaN
11,NaN,NaN,NaN,NaN,NaN,NaN,NaN,NaN
1,NaN,NaN,NaN,NaN,NaN,NaN,NaN,NaN
2,NaN,NaN,NaN,NaN,NaN,NaN,NaN,NaN
3,NaN,NaN,NaN,NaN,NaN,NaN,NaN,NaN
4,NaN,NaN,NaN,NaN,NaN,NaN,NaN,NaN
5,NaN,NaN,NaN,NaN,NaN,NaN,NaN,NaN
6,NaN,NaN,NaN,NaN,NaN,NaN,NaN,NaN
7,NaN,NaN,NaN,NaN,NaN,NaN,NaN,NaN
8,NaN,NaN,NaN,NaN,NaN,NaN,NaN,NaN
9,NaN,NaN,NaN,NaN,NaN,NaN,NaN,NaN
10,NaN,NaN,NaN,NaN,NaN,NaN,NaN,NaN
11,NaN,NaN,NaN,NaN,NaN,NaN,NaN,NaN
1,NaN,NaN,NaN,NaN,NaN,NaN,NaN,NaN
2,NaN,NaN,NaN,NaN,NaN,NaN,NaN,NaN
3,NaN,NaN,NaN,NaN,NaN,NaN,NaN,NaN
4,NaN,NaN,NaN,NaN,NaN,NaN,NaN,NaN
5,NaN,NaN,NaN,NaN,NaN,NaN,NaN,NaN
6,NaN,NaN,NaN,NaN,NaN,NaN,NaN,NaN
7,NaN,NaN,NaN,NaN,NaN,NaN,NaN,NaN
8,NaN,NaN,NaN,NaN,NaN,NaN,NaN,NaN
9,NaN,NaN,NaN,NaN,NaN,NaN,NaN,NaN
10,NaN,NaN,NaN,NaN,NaN,NaN,NaN,NaN
11,NaN,NaN,NaN,NaN,NaN,NaN,NaN,NaN
1,NaN,NaN,NaN,NaN,NaN,NaN,NaN,NaN
2,NaN,NaN,NaN,NaN,NaN,NaN,NaN,NaN
3,NaN,NaN,NaN,NaN,NaN,NaN,NaN,NaN
4,NaN,NaN,NaN,NaN,NaN,NaN,NaN,NaN
5,NaN,NaN,NaN,NaN,NaN,NaN,NaN,NaN
6,NaN,NaN,NaN,NaN,NaN,NaN,NaN,NaN
7,NaN,NaN,NaN,NaN,NaN,NaN,NaN,NaN
8,NaN,NaN,NaN,NaN,NaN,NaN,NaN,NaN
9,NaN,NaN,NaN,NaN,NaN,NaN,NaN,NaN
10,NaN,NaN,NaN,NaN,NaN,NaN,NaN,NaN
11,NaN,NaN,NaN,NaN,NaN,NaN,NaN,NaN
1,NaN,NaN,NaN,NaN,NaN,NaN,NaN,NaN
2,NaN,NaN,NaN,NaN,NaN,NaN,NaN,NaN
3,NaN,NaN,NaN,NaN,NaN,NaN,NaN,NaN
4,NaN,NaN,NaN,NaN,NaN,NaN,NaN,NaN
5,NaN,NaN,NaN,NaN,NaN,NaN,NaN,NaN
6,NaN,NaN,NaN,NaN,NaN,NaN,NaN,NaN
7,NaN,NaN,NaN,NaN,NaN,NaN,NaN,NaN
8,NaN,NaN,NaN,NaN,NaN,NaN,NaN,NaN
9,NaN,NaN,NaN,NaN,NaN,NaN,NaN,NaN
10,NaN,NaN,NaN,NaN,NaN,NaN,NaN,NaN
11,NaN,NaN,NaN,NaN,NaN,NaN,NaN,NaN
1,NaN,NaN,NaN,NaN,NaN,NaN,NaN,NaN
2,NaN,NaN,NaN,NaN,NaN,NaN,NaN,NaN
3,NaN,NaN,NaN,NaN,NaN,NaN,NaN,NaN
4,NaN,NaN,NaN,NaN,NaN,NaN,NaN,NaN
5,NaN,NaN,NaN,NaN,NaN,NaN,NaN,NaN
6,NaN,NaN,NaN,NaN,NaN,NaN,NaN,NaN
7,NaN,NaN,NaN,NaN,NaN,NaN,NaN,NaN
8,NaN,NaN,NaN,NaN,NaN,NaN,NaN,NaN
9,NaN,NaN,NaN,NaN,NaN,NaN,NaN,NaN
10,NaN,NaN,NaN,NaN,NaN,NaN,NaN,NaN
11,NaN,NaN,NaN,NaN,NaN,NaN,NaN,NaN
1,NaN,NaN,NaN,NaN,NaN,NaN,NaN,NaN
2,NaN,NaN,NaN,NaN,NaN,NaN,NaN,NaN
3,NaN,NaN,NaN,NaN,NaN,NaN,NaN,NaN
4,NaN,NaN,NaN,NaN,NaN,NaN,NaN,NaN
5,NaN,NaN,NaN,NaN,NaN,NaN,NaN,NaN
6,NaN,NaN,NaN,NaN,NaN,NaN,NaN,NaN
7,NaN,NaN,NaN,NaN,NaN,NaN,NaN,NaN
8,NaN,NaN,NaN,NaN,NaN,NaN,NaN,NaN
9,NaN,NaN,NaN,NaN,NaN,NaN,NaN,NaN
10,NaN,NaN,NaN,NaN,NaN,NaN,NaN,NaN
11,NaN,NaN,NaN,NaN,NaN,NaN,NaN,NaN
1,NaN,NaN,NaN,NaN,NaN,NaN,NaN,NaN
2,NaN,NaN,NaN,NaN,NaN,NaN,NaN,NaN
3,NaN,NaN,NaN,NaN,NaN,NaN,NaN,NaN
4,NaN,NaN,NaN,NaN,NaN,NaN,NaN,NaN
5,NaN,NaN,NaN,NaN,NaN,NaN,NaN,NaN
6,NaN,NaN,NaN,NaN,NaN,NaN,NaN,NaN
7,NaN,NaN,NaN,NaN,NaN,NaN,NaN,NaN
8,NaN,NaN,NaN,NaN,NaN,NaN,NaN,NaN
9,NaN,NaN,NaN,NaN,NaN,NaN,NaN,NaN
10,NaN,NaN,NaN,NaN,NaN,NaN,NaN,NaN
11,NaN,NaN,NaN,NaN,NaN,NaN,NaN,NaN
1,NaN,NaN,NaN,NaN,NaN,NaN,NaN,NaN
2,NaN,NaN,NaN,NaN,NaN,NaN,NaN,NaN
3,NaN,NaN,NaN,NaN,NaN,NaN,NaN,NaN
4,NaN,NaN,NaN,NaN,NaN,NaN,NaN,NaN
5,NaN,NaN,NaN,NaN,NaN,NaN,NaN,NaN
6,NaN,NaN,NaN,NaN,NaN,NaN,NaN,NaN
7,NaN,NaN,NaN,NaN,NaN,NaN,NaN,NaN
8,NaN,NaN,NaN,NaN,NaN,NaN,NaN,NaN
9,NaN,NaN,NaN,NaN,NaN,NaN,NaN,NaN
10,NaN,NaN,NaN,NaN,NaN,NaN,NaN,NaN
11,NaN,NaN,NaN,NaN,NaN,NaN,NaN,NaN
1,NaN,NaN,NaN,NaN,NaN,NaN,NaN,NaN
2,NaN,NaN,NaN,NaN,NaN,NaN,NaN,NaN
3,NaN,NaN,NaN,NaN,NaN,NaN,NaN,NaN
4,NaN,NaN,NaN,NaN,NaN,NaN,NaN,NaN
5,NaN,NaN,NaN,NaN,NaN,NaN,NaN,NaN
6,NaN,NaN,NaN,NaN,NaN,NaN,NaN,NaN
7,NaN,NaN,NaN,NaN,NaN,NaN,NaN,NaN
8,NaN,NaN,NaN,NaN,NaN,NaN,NaN,NaN
9,NaN,NaN,NaN,NaN,NaN,NaN,NaN,NaN
10,NaN,NaN,NaN,NaN,NaN,NaN,NaN,NaN
11,NaN,NaN,NaN,NaN,NaN,NaN,NaN,NaN
1,NaN,NaN,NaN,NaN,NaN,NaN,NaN,NaN
2,NaN,NaN,NaN,NaN,NaN,NaN,NaN,NaN
3,NaN,NaN,NaN,NaN,NaN,NaN,NaN,NaN
4,NaN,NaN,NaN,NaN,NaN,NaN,NaN,NaN
5,NaN,NaN,NaN,NaN,NaN,NaN,NaN,NaN
6,NaN,NaN,NaN,NaN,NaN,NaN,NaN,NaN
7,NaN,NaN,NaN,NaN,NaN,NaN,NaN,NaN
8,NaN,NaN,NaN,NaN,NaN,NaN,NaN,NaN
9,NaN,NaN,NaN,NaN,NaN,NaN,NaN,NaN
10,NaN,NaN,NaN,NaN,NaN,NaN,NaN,NaN
11,NaN,NaN,NaN,NaN,NaN,NaN,NaN,NaN
1,NaN,NaN,NaN,NaN,NaN,NaN,NaN,NaN
2,NaN,NaN,NaN,NaN,NaN,NaN,NaN,NaN
3,NaN,NaN,NaN,NaN,NaN,NaN,NaN,NaN
4,NaN,NaN,NaN,NaN,NaN,NaN,NaN,NaN
5,NaN,NaN,NaN,NaN,NaN,NaN,NaN,NaN
6,NaN,NaN,NaN,NaN,NaN,NaN,NaN,NaN
7,NaN,NaN,NaN,NaN,NaN,NaN,NaN,NaN
8,NaN,NaN,NaN,NaN,NaN,NaN,NaN,NaN
9,NaN,NaN,NaN,NaN,NaN,NaN,NaN,NaN
10,NaN,NaN,NaN,NaN,NaN,NaN,NaN,NaN
11,NaN,NaN,NaN,NaN,NaN,NaN,NaN,NaN
1,NaN,NaN,NaN,NaN,NaN,NaN,NaN,NaN
2,NaN,NaN,NaN,NaN,NaN,NaN,NaN,NaN
3,NaN,NaN,NaN,NaN,NaN,NaN,NaN,NaN
4,NaN,NaN,NaN,NaN,NaN,NaN,NaN,NaN
5,NaN,NaN,NaN,NaN,NaN,NaN,NaN,NaN
6,NaN,NaN,NaN,NaN,NaN,NaN,NaN,NaN
7,NaN,NaN,NaN,NaN,NaN,NaN,NaN,NaN
8,NaN,NaN,NaN,NaN,NaN,NaN,NaN,NaN
9,NaN,NaN,NaN,NaN,NaN,NaN,NaN,NaN
10,NaN,NaN,NaN,NaN,NaN,NaN,NaN,NaN
11,NaN,NaN,NaN,NaN,NaN,NaN,NaN,NaN
1,NaN,NaN,NaN,NaN,NaN,NaN,NaN,NaN
2,NaN,NaN,NaN,NaN,NaN,NaN,NaN,NaN
3,NaN,NaN,NaN,NaN,NaN,NaN,NaN,NaN
4,NaN,NaN,NaN,NaN,NaN,NaN,NaN,NaN
5,NaN,NaN,NaN,NaN,NaN,NaN,NaN,NaN
6,NaN,NaN,NaN,NaN,NaN,NaN,NaN,NaN
7,NaN,NaN,NaN,NaN,NaN,NaN,NaN,NaN
8,NaN,NaN,NaN,NaN,NaN,NaN,NaN,NaN
9,NaN,NaN,NaN,NaN,NaN,NaN,NaN,NaN
10,NaN,NaN,NaN,NaN,NaN,NaN,NaN,NaN
11,NaN,NaN,NaN,NaN,NaN,NaN,NaN,NaN
1,NaN,NaN,NaN,NaN,NaN,NaN,NaN,NaN
2,NaN,NaN,NaN,NaN,NaN,NaN,NaN,NaN
3,NaN,NaN,NaN,NaN,NaN,NaN,NaN,NaN
4,NaN,NaN,NaN,NaN,NaN,NaN,NaN,NaN
5,NaN,NaN,NaN,NaN,NaN,NaN,NaN,NaN
6,NaN,NaN,NaN,NaN,NaN,NaN,NaN,NaN
7,NaN,NaN,NaN,NaN,NaN,NaN,NaN,NaN
8,NaN,NaN,NaN,NaN,NaN,NaN,NaN,NaN
9,NaN,NaN,NaN,NaN,NaN,NaN,NaN,NaN
10,NaN,NaN,NaN,NaN,NaN,NaN,NaN,NaN
11,NaN,NaN,NaN,NaN,NaN,NaN,NaN,NaN
1,NaN,NaN,NaN,NaN,NaN,NaN,NaN,NaN
2,NaN,NaN,NaN,NaN,NaN,NaN,NaN,NaN
3,NaN,NaN,NaN,NaN,NaN,NaN,NaN,NaN
4,NaN,NaN,NaN,NaN,NaN,NaN,NaN,NaN
5,NaN,NaN,NaN,NaN,NaN,NaN,NaN,NaN
6,NaN,NaN,NaN,NaN,NaN,NaN,NaN,NaN
7,NaN,NaN,NaN,NaN,NaN,NaN,NaN,NaN
8,NaN,NaN,NaN,NaN,NaN,NaN,NaN,NaN
9,NaN,NaN,NaN,NaN,NaN,NaN,NaN,NaN
10,NaN,NaN,NaN,NaN,NaN,NaN,NaN,NaN
11,NaN,NaN,NaN,NaN,NaN,NaN,NaN,NaN
1,NaN,NaN,NaN,NaN,NaN,NaN,NaN,NaN
2,NaN,NaN,NaN,NaN,NaN,NaN,NaN,NaN
3,NaN,NaN,NaN,NaN,NaN,NaN,NaN,NaN
4,NaN,NaN,NaN,NaN,NaN,NaN,NaN,NaN
5,NaN,NaN,NaN,NaN,NaN,NaN,NaN,NaN
6,NaN,NaN,NaN,NaN,NaN,NaN,NaN,NaN
7,NaN,NaN,NaN,NaN,NaN,NaN,NaN,NaN
8,NaN,NaN,NaN,NaN,NaN,NaN,NaN,NaN
9,NaN,NaN,NaN,NaN,NaN,NaN,NaN,NaN
10,NaN,NaN,NaN,NaN,NaN,NaN,NaN,NaN
11,NaN,NaN,NaN,NaN,NaN,NaN,NaN,NaN
1,NaN,NaN,NaN,NaN,NaN,NaN,NaN,NaN
2,NaN,NaN,NaN,NaN,NaN,NaN,NaN,NaN
3,NaN,NaN,NaN,NaN,NaN,NaN,NaN,NaN
4,NaN,NaN,NaN,NaN,NaN,NaN,NaN,NaN
5,NaN,NaN,NaN,NaN,NaN,NaN,NaN,NaN
6,NaN,NaN,NaN,NaN,NaN,NaN,NaN,NaN
7,NaN,NaN,NaN,NaN,NaN,NaN,NaN,NaN
8,NaN,NaN,NaN,NaN,NaN,NaN,NaN,NaN
9,NaN,NaN,NaN,NaN,NaN,NaN,NaN,NaN
10,NaN,NaN,NaN,NaN,NaN,NaN,NaN,NaN
11,NaN,NaN,NaN,NaN,NaN,NaN,NaN,NaN
1,NaN,NaN,NaN,NaN,NaN,NaN,NaN,NaN
2,NaN,NaN,NaN,NaN,NaN,NaN,NaN,NaN
3,NaN,NaN,NaN,NaN,NaN,NaN,NaN,NaN
4,NaN,NaN,NaN,NaN,NaN,NaN,NaN,NaN
5,NaN,NaN,NaN,NaN,NaN,NaN,NaN,NaN
6,NaN,NaN,NaN,NaN,NaN,NaN,NaN,NaN
7,NaN,NaN,NaN,NaN,NaN,NaN,NaN,NaN
8,NaN,NaN,NaN,NaN,NaN,NaN,NaN,NaN
9,NaN,NaN,NaN,NaN,NaN,NaN,NaN,NaN
10,NaN,NaN,NaN,NaN,NaN,NaN,NaN,NaN
11,NaN,NaN,NaN,NaN,NaN,NaN,NaN,NaN
1,NaN,NaN,NaN,NaN,NaN,NaN,NaN,NaN
2,NaN,NaN,NaN,NaN,NaN,NaN,NaN,NaN
3,NaN,NaN,NaN,NaN,NaN,NaN,NaN,NaN
4,NaN,NaN,NaN,NaN,NaN,NaN,NaN,NaN
5,NaN,NaN,NaN,NaN,NaN,NaN,NaN,NaN
6,NaN,NaN,NaN,NaN,NaN,NaN,NaN,NaN
7,NaN,NaN,NaN,NaN,NaN,NaN,NaN,NaN
8,NaN,NaN,NaN,NaN,NaN,NaN,NaN,NaN
9,NaN,NaN,NaN,NaN,NaN,NaN,NaN,NaN
10,NaN,NaN,NaN,NaN,NaN,NaN,NaN,NaN
11,NaN,NaN,NaN,NaN,NaN,NaN,NaN,NaN
1,NaN,NaN,NaN,NaN,NaN,NaN,NaN,NaN
2,NaN,NaN,NaN,NaN,NaN,NaN,NaN,NaN
3,NaN,NaN,NaN,NaN,NaN,NaN,NaN,NaN
4,NaN,NaN,NaN,NaN,NaN,NaN,NaN,NaN
5,NaN,NaN,NaN,NaN,NaN,NaN,NaN,NaN
6,NaN,NaN,NaN,NaN,NaN,NaN,NaN,NaN
7,NaN,NaN,NaN,NaN,NaN,NaN,NaN,NaN
8,NaN,NaN,NaN,NaN,NaN,NaN,NaN,NaN
9,NaN,NaN,NaN,NaN,NaN,NaN,NaN,NaN
10,NaN,NaN,NaN,NaN,NaN,NaN,NaN,NaN
11,NaN,NaN,NaN,NaN,NaN,NaN,NaN,NaN
1,NaN,NaN,NaN,NaN,NaN,NaN,NaN,NaN
2,NaN,NaN,NaN,NaN,NaN,NaN,NaN,NaN
3,NaN,NaN,NaN,NaN,NaN,NaN,NaN,NaN
4,NaN,NaN,NaN,NaN,NaN,NaN,NaN,NaN
5,NaN,NaN,NaN,NaN,NaN,NaN,NaN,NaN
6,NaN,NaN,NaN,NaN,NaN,NaN,NaN,NaN
7,NaN,NaN,NaN,NaN,NaN,NaN,NaN,NaN
8,NaN,NaN,NaN,NaN,NaN,NaN,NaN,NaN
9,NaN,NaN,NaN,NaN,NaN,NaN,NaN,NaN
10,NaN,NaN,NaN,NaN,NaN,NaN,NaN,NaN
11,NaN,NaN,NaN,NaN,NaN,NaN,NaN,NaN
1,NaN,NaN,NaN,NaN,NaN,NaN,NaN,NaN
2,NaN,NaN,NaN,NaN,NaN,NaN,NaN,NaN
3,NaN,NaN,NaN,NaN,NaN,NaN,NaN,NaN
4,NaN,NaN,NaN,NaN,NaN,NaN,NaN,NaN
5,NaN,NaN,NaN,NaN,NaN,NaN,NaN,NaN
6,NaN,NaN,NaN,NaN,NaN,NaN,NaN,NaN
7,NaN,NaN,NaN,NaN,NaN,NaN,NaN,NaN
8,NaN,NaN,NaN,NaN,NaN,NaN,NaN,NaN
9,NaN,NaN,NaN,NaN,NaN,NaN,NaN,NaN
10,NaN,NaN,NaN,NaN,NaN,NaN,NaN,NaN
11,NaN,NaN,NaN,NaN,NaN,NaN,NaN,NaN
1,NaN,NaN,NaN,NaN,NaN,NaN,NaN,NaN
2,NaN,NaN,NaN,NaN,NaN,NaN,NaN,NaN
3,NaN,NaN,NaN,NaN,NaN,NaN,NaN,NaN
4,NaN,NaN,NaN,NaN,NaN,NaN,NaN,NaN
5,NaN,NaN,NaN,NaN,NaN,NaN,NaN,NaN
6,NaN,NaN,NaN,NaN,NaN,NaN,NaN,NaN
7,NaN,NaN,NaN,NaN,NaN,NaN,NaN,NaN
8,NaN,NaN,NaN,NaN,NaN,NaN,NaN,NaN
9,NaN,NaN,NaN,NaN,NaN,NaN,NaN,NaN
10,NaN,NaN,NaN,NaN,NaN,NaN,NaN,NaN
11,NaN,NaN,NaN,NaN,NaN,NaN,NaN,NaN
1,NaN,NaN,NaN,NaN,NaN,NaN,NaN,NaN
2,NaN,NaN,NaN,NaN,NaN,NaN,NaN,NaN
3,NaN,NaN,NaN,NaN,NaN,NaN,NaN,NaN
4,NaN,NaN,NaN,NaN,NaN,NaN,NaN,NaN
5,NaN,NaN,NaN,NaN,NaN,NaN,NaN,NaN
6,NaN,NaN,NaN,NaN,NaN,NaN,NaN,NaN
7,NaN,NaN,NaN,NaN,NaN,NaN,NaN,NaN
8,NaN,NaN,NaN,NaN,NaN,NaN,NaN,NaN
9,NaN,NaN,NaN,NaN,NaN,NaN,NaN,NaN
10,NaN,NaN,NaN,NaN,NaN,NaN,NaN,NaN
11,NaN,NaN,NaN,NaN,NaN,NaN,NaN,NaN
1,NaN,NaN,NaN,NaN,NaN,NaN,NaN,NaN
2,NaN,NaN,NaN,NaN,NaN,NaN,NaN,NaN
3,NaN,NaN,NaN,NaN,NaN,NaN,NaN,NaN
4,NaN,NaN,NaN,NaN,NaN,NaN,NaN,NaN
5,NaN,NaN,NaN,NaN,NaN,NaN,NaN,NaN
6,NaN,NaN,NaN,NaN,NaN,NaN,NaN,NaN
7,NaN,NaN,NaN,NaN,NaN,NaN,NaN,NaN
8,NaN,NaN,NaN,NaN,NaN,NaN,NaN,NaN
9,NaN,NaN,NaN,NaN,NaN,NaN,NaN,NaN
10,NaN,NaN,NaN,NaN,NaN,NaN,NaN,NaN
11,NaN,NaN,NaN,NaN,NaN,NaN,NaN,NaN
1,NaN,NaN,NaN,NaN,NaN,NaN,NaN,NaN
2,NaN,NaN,NaN,NaN,NaN,NaN,NaN,NaN
3,NaN,NaN,NaN,NaN,NaN,NaN,NaN,NaN
4,NaN,NaN,NaN,NaN,NaN,NaN,NaN,NaN
5,NaN,NaN,NaN,NaN,NaN,NaN,NaN,NaN
6,NaN,NaN,NaN,NaN,NaN,NaN,NaN,NaN
7,NaN,NaN,NaN,NaN,NaN,NaN,NaN,NaN
8,NaN,NaN,NaN,NaN,NaN,NaN,NaN,NaN
9,NaN,NaN,NaN,NaN,NaN,NaN,NaN,NaN
10,NaN,NaN,NaN,NaN,NaN,NaN,NaN,NaN
11,NaN,NaN,NaN,NaN,NaN,NaN,NaN,NaN
1,NaN,NaN,NaN,NaN,NaN,NaN,NaN,NaN
2,NaN,NaN,NaN,NaN,NaN,NaN,NaN,NaN
3,NaN,NaN,NaN,NaN,NaN,NaN,NaN,NaN
4,NaN,NaN,NaN,NaN,NaN,NaN,NaN,NaN
5,NaN,NaN,NaN,NaN,NaN,NaN,NaN,NaN
6,NaN,NaN,NaN,NaN,NaN,NaN,NaN,NaN
7,NaN,NaN,NaN,NaN,NaN,NaN,NaN,NaN
8,NaN,NaN,NaN,NaN,NaN,NaN,NaN,NaN
9,NaN,NaN,NaN,NaN,NaN,NaN,NaN,NaN
10,NaN,NaN,NaN,NaN,NaN,NaN,NaN,NaN
11,NaN,NaN,NaN,NaN,NaN,NaN,NaN,NaN
1,NaN,NaN,NaN,NaN,NaN,NaN,NaN,NaN
2,NaN,NaN,NaN,NaN,NaN,NaN,NaN,NaN
3,NaN,NaN,NaN,NaN,NaN,NaN,NaN,NaN
4,NaN,NaN,NaN,NaN,NaN,NaN,NaN,NaN
5,NaN,NaN,NaN,NaN,NaN,NaN,NaN,NaN
6,NaN,NaN,NaN,NaN,NaN,NaN,NaN,NaN
7,NaN,NaN,NaN,NaN,NaN,NaN,NaN,NaN
8,NaN,NaN,NaN,NaN,NaN,NaN,NaN,NaN
9,NaN,NaN,NaN,NaN,NaN,NaN,NaN,NaN
10,NaN,NaN,NaN,NaN,NaN,NaN,NaN,NaN
11,NaN,NaN,NaN,NaN,NaN,NaN,NaN,NaN
1,NaN,NaN,NaN,NaN,NaN,NaN,NaN,NaN
2,NaN,NaN,NaN,NaN,NaN,NaN,NaN,NaN
3,NaN,NaN,NaN,NaN,NaN,NaN,NaN,NaN
4,NaN,NaN,NaN,NaN,NaN,NaN,NaN,NaN
5,NaN,NaN,NaN,NaN,NaN,NaN,NaN,NaN
6,NaN,NaN,NaN,NaN,NaN,NaN,NaN,NaN
7,NaN,NaN,NaN,NaN,NaN,NaN,NaN,NaN
8,NaN,NaN,NaN,NaN,NaN,NaN,NaN,NaN
9,NaN,NaN,NaN,NaN,NaN,NaN,NaN,NaN
10,NaN,NaN,NaN,NaN,NaN,NaN,NaN,NaN
11,NaN,NaN,NaN,NaN,NaN,NaN,NaN,NaN
1,NaN,NaN,NaN,NaN,NaN,NaN,NaN,NaN
2,NaN,NaN,NaN,NaN,NaN,NaN,NaN,NaN
3,NaN,NaN,NaN,NaN,NaN,NaN,NaN,NaN
4,NaN,NaN,NaN,NaN,NaN,NaN,NaN,NaN
5,NaN,NaN,NaN,NaN,NaN,NaN,NaN,NaN
6,NaN,NaN,NaN,NaN,NaN,NaN,NaN,NaN
7,NaN,NaN,NaN,NaN,NaN,NaN,NaN,NaN
8,NaN,NaN,NaN,NaN,NaN,NaN,NaN,NaN
9,NaN,NaN,NaN,NaN,NaN,NaN,NaN,NaN
10,NaN,NaN,NaN,NaN,NaN,NaN,NaN,NaN
11,NaN,NaN,NaN,NaN,NaN,NaN,NaN,NaN
1,NaN,NaN,NaN,NaN,NaN,NaN,NaN,NaN
2,NaN,NaN,NaN,NaN,NaN,NaN,NaN,NaN
3,NaN,NaN,NaN,NaN,NaN,NaN,NaN,NaN
4,NaN,NaN,NaN,NaN,NaN,NaN,NaN,NaN
5,NaN,NaN,NaN,NaN,NaN,NaN,NaN,NaN
6,NaN,NaN,NaN,NaN,NaN,NaN,NaN,NaN
7,NaN,NaN,NaN,NaN,NaN,NaN,NaN,NaN
8,NaN,NaN,NaN,NaN,NaN,NaN,NaN,NaN
9,NaN,NaN,NaN,NaN,NaN,NaN,NaN,NaN
10,NaN,NaN,NaN,NaN,NaN,NaN,NaN,NaN
11,NaN,NaN,NaN,NaN,NaN,NaN,NaN,NaN
1,NaN,NaN,NaN,NaN,NaN,NaN,NaN,NaN
2,NaN,NaN,NaN,NaN,NaN,NaN,NaN,NaN
3,NaN,NaN,NaN,NaN,NaN,NaN,NaN,NaN
4,NaN,NaN,NaN,NaN,NaN,NaN,NaN,NaN
5,NaN,NaN,NaN,NaN,NaN,NaN,NaN,NaN
6,NaN,NaN,NaN,NaN,NaN,NaN,NaN,NaN
7,NaN,NaN,NaN,NaN,NaN,NaN,NaN,NaN
8,NaN,NaN,NaN,NaN,NaN,NaN,NaN,NaN
9,NaN,NaN,NaN,NaN,NaN,NaN,NaN,NaN
10,NaN,NaN,NaN,NaN,NaN,NaN,NaN,NaN
11,NaN,NaN,NaN,NaN,NaN,NaN,NaN,NaN
1,NaN,NaN,NaN,NaN,NaN,NaN,NaN,NaN
2,NaN,NaN,NaN,NaN,NaN,NaN,NaN,NaN
3,NaN,NaN,NaN,NaN,NaN,NaN,NaN,NaN
4,NaN,NaN,NaN,NaN,NaN,NaN,NaN,NaN
5,NaN,NaN,NaN,NaN,NaN,NaN,NaN,NaN
6,NaN,NaN,NaN,NaN,NaN,NaN,NaN,NaN
7,NaN,NaN,NaN,NaN,NaN,NaN,NaN,NaN
8,NaN,NaN,NaN,NaN,NaN,NaN,NaN,NaN
9,NaN,NaN,NaN,NaN,NaN,NaN,NaN,NaN
10,NaN,NaN,NaN,NaN,NaN,NaN,NaN,NaN
11,NaN,NaN,NaN,NaN,NaN,NaN,NaN,NaN
1,NaN,NaN,NaN,NaN,NaN,NaN,NaN,NaN
2,NaN,NaN,NaN,NaN,NaN,NaN,NaN,NaN
3,NaN,NaN,NaN,NaN,NaN,NaN,NaN,NaN
4,NaN,NaN,NaN,NaN,NaN,NaN,NaN,NaN
5,NaN,NaN,NaN,NaN,NaN,NaN,NaN,NaN
6,NaN,NaN,NaN,NaN,NaN,NaN,NaN,NaN
7,NaN,NaN,NaN,NaN,NaN,NaN,NaN,NaN
8,NaN,NaN,NaN,NaN,NaN,NaN,NaN,NaN
9,NaN,NaN,NaN,NaN,NaN,NaN,NaN,NaN
10,NaN,NaN,NaN,NaN,NaN,NaN,NaN,NaN
11,NaN,NaN,NaN,NaN,NaN,NaN,NaN,NaN
1,NaN,NaN,NaN,NaN,NaN,NaN,NaN,NaN
2,NaN,NaN,NaN,NaN,NaN,NaN,NaN,NaN
3,NaN,NaN,NaN,NaN,NaN,NaN,NaN,NaN
4,NaN,NaN,NaN,NaN,NaN,NaN,NaN,NaN
5,NaN,NaN,NaN,NaN,NaN,NaN,NaN,NaN
6,NaN,NaN,NaN,NaN,NaN,NaN,NaN,NaN
7,NaN,NaN,NaN,NaN,NaN,NaN,NaN,NaN
8,NaN,NaN,NaN,NaN,NaN,NaN,NaN,NaN
9,NaN,NaN,NaN,NaN,NaN,NaN,NaN,NaN
10,NaN,NaN,NaN,NaN,NaN,NaN,NaN,NaN
11,NaN,NaN,NaN,NaN,NaN,NaN,NaN,NaN
1,NaN,NaN,NaN,NaN,NaN,NaN,NaN,NaN
2,NaN,NaN,NaN,NaN,NaN,NaN,NaN,NaN
3,NaN,NaN,NaN,NaN,NaN,NaN,NaN,NaN
4,NaN,NaN,NaN,NaN,NaN,NaN,NaN,NaN
5,NaN,NaN,NaN,NaN,NaN,NaN,NaN,NaN
6,NaN,NaN,NaN,NaN,NaN,NaN,NaN,NaN
7,NaN,NaN,NaN,NaN,NaN,NaN,NaN,NaN
8,NaN,NaN,NaN,NaN,NaN,NaN,NaN,NaN
9,NaN,NaN,NaN,NaN,NaN,NaN,NaN,NaN
10,NaN,NaN,NaN,NaN,NaN,NaN,NaN,NaN
11,NaN,NaN,NaN,NaN,NaN,NaN,NaN,NaN
1,NaN,NaN,NaN,NaN,NaN,NaN,NaN,NaN
2,NaN,NaN,NaN,NaN,NaN,NaN,NaN,NaN
3,NaN,NaN,NaN,NaN,NaN,NaN,NaN,NaN
4,NaN,NaN,NaN,NaN,NaN,NaN,NaN,NaN
5,NaN,NaN,NaN,NaN,NaN,NaN,NaN,NaN
6,NaN,NaN,NaN,NaN,NaN,NaN,NaN,NaN
7,NaN,NaN,NaN,NaN,NaN,NaN,NaN,NaN
8,NaN,NaN,NaN,NaN,NaN,NaN,NaN,NaN
9,NaN,NaN,NaN,NaN,NaN,NaN,NaN,NaN
10,NaN,NaN,NaN,NaN,NaN,NaN,NaN,NaN
11,NaN,NaN,NaN,NaN,NaN,NaN,NaN,NaN
1,NaN,NaN,NaN,NaN,NaN,NaN,NaN,NaN
2,NaN,NaN,NaN,NaN,NaN,NaN,NaN,NaN
3,NaN,NaN,NaN,NaN,NaN,NaN,NaN,NaN
4,NaN,NaN,NaN,NaN,NaN,NaN,NaN,NaN
5,NaN,NaN,NaN,NaN,NaN,NaN,NaN,NaN
6,NaN,NaN,NaN,NaN,NaN,NaN,NaN,NaN
7,NaN,NaN,NaN,NaN,NaN,NaN,NaN,NaN
8,NaN,NaN,NaN,NaN,NaN,NaN,NaN,NaN
9,NaN,NaN,NaN,NaN,NaN,NaN,NaN,NaN
10,NaN,NaN,NaN,NaN,NaN,NaN,NaN,NaN
11,NaN,NaN,NaN,NaN,NaN,NaN,NaN,NaN
1,NaN,NaN,NaN,NaN,NaN,NaN,NaN,NaN
2,NaN,NaN,NaN,NaN,NaN,NaN,NaN,NaN
3,NaN,NaN,NaN,NaN,NaN,NaN,NaN,NaN
4,NaN,NaN,NaN,NaN,NaN,NaN,NaN,NaN
5,NaN,NaN,NaN,NaN,NaN,NaN,NaN,NaN
6,NaN,NaN,NaN,NaN,NaN,NaN,NaN,NaN
7,NaN,NaN,NaN,NaN,NaN,NaN,NaN,NaN
8,NaN,NaN,NaN,NaN,NaN,NaN,NaN,NaN
9,NaN,NaN,NaN,NaN,NaN,NaN,NaN,NaN
10,NaN,NaN,NaN,NaN,NaN,NaN,NaN,NaN
11,NaN,NaN,NaN,NaN,NaN,NaN,NaN,NaN
1,NaN,NaN,NaN,NaN,NaN,NaN,NaN,NaN
2,NaN,NaN,NaN,NaN,NaN,NaN,NaN,NaN
3,NaN,NaN,NaN,NaN,NaN,NaN,NaN,NaN
4,NaN,NaN,NaN,NaN,NaN,NaN,NaN,NaN
5,NaN,NaN,NaN,NaN,NaN,NaN,NaN,NaN
6,NaN,NaN,NaN,NaN,NaN,NaN,NaN,NaN
7,NaN,NaN,NaN,NaN,NaN,NaN,NaN,NaN
8,NaN,NaN,NaN,NaN,NaN,NaN,NaN,NaN
9,NaN,NaN,NaN,NaN,NaN,NaN,NaN,NaN
10,NaN,NaN,NaN,NaN,NaN,NaN,NaN,NaN
11,NaN,NaN,NaN,NaN,NaN,NaN,NaN,NaN
1,NaN,NaN,NaN,NaN,NaN,NaN,NaN,NaN
2,NaN,NaN,NaN,NaN,NaN,NaN,NaN,NaN
3,NaN,NaN,NaN,NaN,NaN,NaN,NaN,NaN
4,NaN,NaN,NaN,NaN,NaN,NaN,NaN,NaN
5,NaN,NaN,NaN,NaN,NaN,NaN,NaN,NaN
6,NaN,NaN,NaN,NaN,NaN,NaN,NaN,NaN
7,NaN,NaN,NaN,NaN,NaN,NaN,NaN,NaN
8,NaN,NaN,NaN,NaN,NaN,NaN,NaN,NaN
9,NaN,NaN,NaN,NaN,NaN,NaN,NaN,NaN
10,NaN,NaN,NaN,NaN,NaN,NaN,NaN,NaN
11,NaN,NaN,NaN,NaN,NaN,NaN,NaN,NaN
1,NaN,NaN,NaN,NaN,NaN,NaN,NaN,NaN
2,NaN,NaN,NaN,NaN,NaN,NaN,NaN,NaN
3,NaN,NaN,NaN,NaN,NaN,NaN,NaN,NaN
4,NaN,NaN,NaN,NaN,NaN,NaN,NaN,NaN
5,NaN,NaN,NaN,NaN,NaN,NaN,NaN,NaN
6,NaN,NaN,NaN,NaN,NaN,NaN,NaN,NaN
7,NaN,NaN,NaN,NaN,NaN,NaN,NaN,NaN
8,NaN,NaN,NaN,NaN,NaN,NaN,NaN,NaN
9,NaN,NaN,NaN,NaN,NaN,NaN,NaN,NaN
10,NaN,NaN,NaN,NaN,NaN,NaN,NaN,NaN
11,NaN,NaN,NaN,NaN,NaN,NaN,NaN,NaN
1,NaN,NaN,NaN,NaN,NaN,NaN,NaN,NaN
2,NaN,NaN,NaN,NaN,NaN,NaN,NaN,NaN
3,NaN,NaN,NaN,NaN,NaN,NaN,NaN,NaN
4,NaN,NaN,NaN,NaN,NaN,NaN,NaN,NaN
5,NaN,NaN,NaN,NaN,NaN,NaN,NaN,NaN
6,NaN,NaN,NaN,NaN,NaN,NaN,NaN,NaN
7,NaN,NaN,NaN,NaN,NaN,NaN,NaN,NaN
8,NaN,NaN,NaN,NaN,NaN,NaN,NaN,NaN
9,NaN,NaN,NaN,NaN,NaN,NaN,NaN,NaN
10,NaN,NaN,NaN,NaN,NaN,NaN,NaN,NaN
11,NaN,NaN,NaN,NaN,NaN,NaN,NaN,NaN
1,NaN,NaN,NaN,NaN,NaN,NaN,NaN,NaN
2,NaN,NaN,NaN,NaN,NaN,NaN,NaN,NaN
3,NaN,NaN,NaN,NaN,NaN,NaN,NaN,NaN
4,NaN,NaN,NaN,NaN,NaN,NaN,NaN,NaN
5,NaN,NaN,NaN,NaN,NaN,NaN,NaN,NaN
6,NaN,NaN,NaN,NaN,NaN,NaN,NaN,NaN
7,NaN,NaN,NaN,NaN,NaN,NaN,NaN,NaN
8,NaN,NaN,NaN,NaN,NaN,NaN,NaN,NaN
9,NaN,NaN,NaN,NaN,NaN,NaN,NaN,NaN
10,NaN,NaN,NaN,NaN,NaN,NaN,NaN,NaN
11,NaN,NaN,NaN,NaN,NaN,NaN,NaN,NaN
1,NaN,NaN,NaN,NaN,NaN,NaN,NaN,NaN
2,NaN,NaN,NaN,NaN,NaN,NaN,NaN,NaN
3,NaN,NaN,NaN,NaN,NaN,NaN,NaN,NaN
4,NaN,NaN,NaN,NaN,NaN,NaN,NaN,NaN
5,NaN,NaN,NaN,NaN,NaN,NaN,NaN,NaN
6,NaN,NaN,NaN,NaN,NaN,NaN,NaN,NaN
7,NaN,NaN,NaN,NaN,NaN,NaN,NaN,NaN
8,NaN,NaN,NaN,NaN,NaN,NaN,NaN,NaN
9,NaN,NaN,NaN,NaN,NaN,NaN,NaN,NaN
10,NaN,NaN,NaN,NaN,NaN,NaN,NaN,NaN
11,NaN,NaN,NaN,NaN,NaN,NaN,NaN,NaN
1,NaN,NaN,NaN,NaN,NaN,NaN,NaN,NaN
2,NaN,NaN,NaN,NaN,NaN,NaN,NaN,NaN
3,NaN,NaN,NaN,NaN,NaN,NaN,NaN,NaN
4,NaN,NaN,NaN,NaN,NaN,NaN,NaN,NaN
5,NaN,NaN,NaN,NaN,NaN,NaN,NaN,NaN
6,NaN,NaN,NaN,NaN,NaN,NaN,NaN,NaN
7,NaN,NaN,NaN,NaN,NaN,NaN,NaN,NaN
8,NaN,NaN,NaN,NaN,NaN,NaN,NaN,NaN
9,NaN,NaN,NaN,NaN,NaN,NaN,NaN,NaN
10,NaN,NaN,NaN,NaN,NaN,NaN,NaN,NaN
11,NaN,NaN,NaN,NaN,NaN,NaN,NaN,NaN
1,NaN,NaN,NaN,NaN,NaN,NaN,NaN,NaN
2,NaN,NaN,NaN,NaN,NaN,NaN,NaN,NaN
3,NaN,NaN,NaN,NaN,NaN,NaN,NaN,NaN
4,NaN,NaN,NaN,NaN,NaN,NaN,NaN,NaN
5,NaN,NaN,NaN,NaN,NaN,NaN,NaN,NaN
6,NaN,NaN,NaN,NaN,NaN,NaN,NaN,NaN
7,NaN,NaN,NaN,NaN,NaN,NaN,NaN,NaN
8,NaN,NaN,NaN,NaN,NaN,NaN,NaN,NaN
9,NaN,NaN,NaN,NaN,NaN,NaN,NaN,NaN
10,NaN,NaN,NaN,NaN,NaN,NaN,NaN,NaN
11,NaN,NaN,NaN,NaN,NaN,NaN,NaN,NaN
1,NaN,NaN,NaN,NaN,NaN,NaN,NaN,NaN
2,NaN,NaN,NaN,NaN,NaN,NaN,NaN,NaN
3,NaN,NaN,NaN,NaN,NaN,NaN,NaN,NaN
4,NaN,NaN,NaN,NaN,NaN,NaN,NaN,NaN
5,NaN,NaN,NaN,NaN,NaN,NaN,NaN,NaN
6,NaN,NaN,NaN,NaN,NaN,NaN,NaN,NaN
7,NaN,NaN,NaN,NaN,NaN,NaN,NaN,NaN
8,NaN,NaN,NaN,NaN,NaN,NaN,NaN,NaN
9,NaN,NaN,NaN,NaN,NaN,NaN,NaN,NaN
10,NaN,NaN,NaN,NaN,NaN,NaN,NaN,NaN
11,NaN,NaN,NaN,NaN,NaN,NaN,NaN,NaN
1,NaN,NaN,NaN,NaN,NaN,NaN,NaN,NaN
2,NaN,NaN,NaN,NaN,NaN,NaN,NaN,NaN
3,NaN,NaN,NaN,NaN,NaN,NaN,NaN,NaN
4,NaN,NaN,NaN,NaN,NaN,NaN,NaN,NaN
5,NaN,NaN,NaN,NaN,NaN,NaN,NaN,NaN
6,NaN,NaN,NaN,NaN,NaN,NaN,NaN,NaN
7,NaN,NaN,NaN,NaN,NaN,NaN,NaN,NaN
8,NaN,NaN,NaN,NaN,NaN,NaN,NaN,NaN
9,NaN,NaN,NaN,NaN,NaN,NaN,NaN,NaN
10,NaN,NaN,NaN,NaN,NaN,NaN,NaN,NaN
11,NaN,NaN,NaN,NaN,NaN,NaN,NaN,NaN
1,NaN,NaN,NaN,NaN,NaN,NaN,NaN,NaN
2,NaN,NaN,NaN,NaN,NaN,NaN,NaN,NaN
3,NaN,NaN,NaN,NaN,NaN,NaN,NaN,NaN
4,NaN,NaN,NaN,NaN,NaN,NaN,NaN,NaN
5,NaN,NaN,NaN,NaN,NaN,NaN,NaN,NaN
6,NaN,NaN,NaN,NaN,NaN,NaN,NaN,NaN
7,NaN,NaN,NaN,NaN,NaN,NaN,NaN,NaN
8,NaN,NaN,NaN,NaN,NaN,NaN,NaN,NaN
9,NaN,NaN,NaN,NaN,NaN,NaN,NaN,NaN
10,NaN,NaN,NaN,NaN,NaN,NaN,NaN,NaN
11,NaN,NaN,NaN,NaN,NaN,NaN,NaN,NaN
1,NaN,NaN,NaN,NaN,NaN,NaN,NaN,NaN
2,NaN,NaN,NaN,NaN,NaN,NaN,NaN,NaN
3,NaN,NaN,NaN,NaN,NaN,NaN,NaN,NaN
4,NaN,NaN,NaN,NaN,NaN,NaN,NaN,NaN
5,NaN,NaN,NaN,NaN,NaN,NaN,NaN,NaN
6,NaN,NaN,NaN,NaN,NaN,NaN,NaN,NaN
7,NaN,NaN,NaN,NaN,NaN,NaN,NaN,NaN
8,NaN,NaN,NaN,NaN,NaN,NaN,NaN,NaN
9,NaN,NaN,NaN,NaN,NaN,NaN,NaN,NaN
10,NaN,NaN,NaN,NaN,NaN,NaN,NaN,NaN
11,NaN,NaN,NaN,NaN,NaN,NaN,NaN,NaN
1,NaN,NaN,NaN,NaN,NaN,NaN,NaN,NaN
2,NaN,NaN,NaN,NaN,NaN,NaN,NaN,NaN
3,NaN,NaN,NaN,NaN,NaN,NaN,NaN,NaN
4,NaN,NaN,NaN,NaN,NaN,NaN,NaN,NaN
5,NaN,NaN,NaN,NaN,NaN,NaN,NaN,NaN
6,NaN,NaN,NaN,NaN,NaN,NaN,NaN,NaN
7,NaN,NaN,NaN,NaN,NaN,NaN,NaN,NaN
8,NaN,NaN,NaN,NaN,NaN,NaN,NaN,NaN
9,NaN,NaN,NaN,NaN,NaN,NaN,NaN,NaN
10,NaN,NaN,NaN,NaN,NaN,NaN,NaN,NaN
11,NaN,NaN,NaN,NaN,NaN,NaN,NaN,NaN
1,NaN,NaN,NaN,NaN,NaN,NaN,NaN,NaN
2,NaN,NaN,NaN,NaN,NaN,NaN,NaN,NaN
3,NaN,NaN,NaN,NaN,NaN,NaN,NaN,NaN
4,NaN,NaN,NaN,NaN,NaN,NaN,NaN,NaN
5,NaN,NaN,NaN,NaN,NaN,NaN,NaN,NaN
6,NaN,NaN,NaN,NaN,NaN,NaN,NaN,NaN
7,NaN,NaN,NaN,NaN,NaN,NaN,NaN,NaN
8,NaN,NaN,NaN,NaN,NaN,NaN,NaN,NaN
9,NaN,NaN,NaN,NaN,NaN,NaN,NaN,NaN
10,NaN,NaN,NaN,NaN,NaN,NaN,NaN,NaN
11,NaN,NaN,NaN,NaN,NaN,NaN,NaN,NaN
1,NaN,NaN,NaN,NaN,NaN,NaN,NaN,NaN
2,NaN,NaN,NaN,NaN,NaN,NaN,NaN,NaN
3,NaN,NaN,NaN,NaN,NaN,NaN,NaN,NaN
4,NaN,NaN,NaN,NaN,NaN,NaN,NaN,NaN
5,NaN,NaN,NaN,NaN,NaN,NaN,NaN,NaN
6,NaN,NaN,NaN,NaN,NaN,NaN,NaN,NaN
7,NaN,NaN,NaN,NaN,NaN,NaN,NaN,NaN
8,NaN,NaN,NaN,NaN,NaN,NaN,NaN,NaN
9,NaN,NaN,NaN,NaN,NaN,NaN,NaN,NaN
10,NaN,NaN,NaN,NaN,NaN,NaN,NaN,NaN
11,NaN,NaN,NaN,NaN,NaN,NaN,NaN,NaN
1,NaN,NaN,NaN,NaN,NaN,NaN,NaN,NaN
2,NaN,NaN,NaN,NaN,NaN,NaN,NaN,NaN
3,NaN,NaN,NaN,NaN,NaN,NaN,NaN,NaN
4,NaN,NaN,NaN,NaN,NaN,NaN,NaN,NaN
5,NaN,NaN,NaN,NaN,NaN,NaN,NaN,NaN
6,NaN,NaN,NaN,NaN,NaN,NaN,NaN,NaN
7,NaN,NaN,NaN,NaN,NaN,NaN,NaN,NaN
8,NaN,NaN,NaN,NaN,NaN,NaN,NaN,NaN
9,NaN,NaN,NaN,NaN,NaN,NaN,NaN,NaN
10,NaN,NaN,NaN,NaN,NaN,NaN,NaN,NaN
11,NaN,NaN,NaN,NaN,NaN,NaN,NaN,NaN
1,NaN,NaN,NaN,NaN,NaN,NaN,NaN,NaN
2,NaN,NaN,NaN,NaN,NaN,NaN,NaN,NaN
3,NaN,NaN,NaN,NaN,NaN,NaN,NaN,NaN
4,NaN,NaN,NaN,NaN,NaN,NaN,NaN,NaN
5,NaN,NaN,NaN,NaN,NaN,NaN,NaN,NaN
6,NaN,NaN,NaN,NaN,NaN,NaN,NaN,NaN
7,NaN,NaN,NaN,NaN,NaN,NaN,NaN,NaN
8,NaN,NaN,NaN,NaN,NaN,NaN,NaN,NaN
9,NaN,NaN,NaN,NaN,NaN,NaN,NaN,NaN
10,NaN,NaN,NaN,NaN,NaN,NaN,NaN,NaN
11,NaN,NaN,NaN,NaN,NaN,NaN,NaN,NaN
1,NaN,NaN,NaN,NaN,NaN,NaN,NaN,NaN
2,NaN,NaN,NaN,NaN,NaN,NaN,NaN,NaN
3,NaN,NaN,NaN,NaN,NaN,NaN,NaN,NaN
4,NaN,NaN,NaN,NaN,NaN,NaN,NaN,NaN
5,NaN,NaN,NaN,NaN,NaN,NaN,NaN,NaN
6,NaN,NaN,NaN,NaN,NaN,NaN,NaN,NaN
7,NaN,NaN,NaN,NaN,NaN,NaN,NaN,NaN
8,NaN,NaN,NaN,NaN,NaN,NaN,NaN,NaN
9,NaN,NaN,NaN,NaN,NaN,NaN,NaN,NaN
10,NaN,NaN,NaN,NaN,NaN,NaN,NaN,NaN
11,NaN,NaN,NaN,NaN,NaN,NaN,NaN,NaN
1,NaN,NaN,NaN,NaN,NaN,NaN,NaN,NaN
2,NaN,NaN,NaN,NaN,NaN,NaN,NaN,NaN
3,NaN,NaN,NaN,NaN,NaN,NaN,NaN,NaN
4,NaN,NaN,NaN,NaN,NaN,NaN,NaN,NaN
5,NaN,NaN,NaN,NaN,NaN,NaN,NaN,NaN
6,NaN,NaN,NaN,NaN,NaN,NaN,NaN,NaN
7,NaN,NaN,NaN,NaN,NaN,NaN,NaN,NaN
8,NaN,NaN,NaN,NaN,NaN,NaN,NaN,NaN
9,NaN,NaN,NaN,NaN,NaN,NaN,NaN,NaN
10,NaN,NaN,NaN,NaN,NaN,NaN,NaN,NaN
11,NaN,NaN,NaN,NaN,NaN,NaN,NaN,NaN
1,NaN,NaN,NaN,NaN,NaN,NaN,NaN,NaN
2,NaN,NaN,NaN,NaN,NaN,NaN,NaN,NaN
3,NaN,NaN,NaN,NaN,NaN,NaN,NaN,NaN
4,NaN,NaN,NaN,NaN,NaN,NaN,NaN,NaN
5,NaN,NaN,NaN,NaN,NaN,NaN,NaN,NaN
6,NaN,NaN,NaN,NaN,NaN,NaN,NaN,NaN
7,NaN,NaN,NaN,NaN,NaN,NaN,NaN,NaN
8,NaN,NaN,NaN,NaN,NaN,NaN,NaN,NaN
9,NaN,NaN,NaN,NaN,NaN,NaN,NaN,NaN
10,NaN,NaN,NaN,NaN,NaN,NaN,NaN,NaN
11,NaN,NaN,NaN,NaN,NaN,NaN,NaN,NaN
1,NaN,NaN,NaN,NaN,NaN,NaN,NaN,NaN
2,NaN,NaN,NaN,NaN,NaN,NaN,NaN,NaN
3,NaN,NaN,NaN,NaN,NaN,NaN,NaN,NaN
4,NaN,NaN,NaN,NaN,NaN,NaN,NaN,NaN
5,NaN,NaN,NaN,NaN,NaN,NaN,NaN,NaN
6,NaN,NaN,NaN,NaN,NaN,NaN,NaN,NaN
7,NaN,NaN,NaN,NaN,NaN,NaN,NaN,NaN
8,NaN,NaN,NaN,NaN,NaN,NaN,NaN,NaN
9,NaN,NaN,NaN,NaN,NaN,NaN,NaN,NaN
10,NaN,NaN,NaN,NaN,NaN,NaN,NaN,NaN
11,NaN,NaN,NaN,NaN,NaN,NaN,NaN,NaN
1,NaN,NaN,NaN,NaN,NaN,NaN,NaN,NaN
2,NaN,NaN,NaN,NaN,NaN,NaN,NaN,NaN
3,NaN,NaN,NaN,NaN,NaN,NaN,NaN,NaN
4,NaN,NaN,NaN,NaN,NaN,NaN,NaN,NaN
5,NaN,NaN,NaN,NaN,NaN,NaN,NaN,NaN
6,NaN,NaN,NaN,NaN,NaN,NaN,NaN,NaN
7,NaN,NaN,NaN,NaN,NaN,NaN,NaN,NaN
8,NaN,NaN,NaN,NaN,NaN,NaN,NaN,NaN
9,NaN,NaN,NaN,NaN,NaN,NaN,NaN,NaN
10,NaN,NaN,NaN,NaN,NaN,NaN,NaN,NaN
11,NaN,NaN,NaN,NaN,NaN,NaN,NaN,NaN
1,NaN,NaN,NaN,NaN,NaN,NaN,NaN,NaN
2,NaN,NaN,NaN,NaN,NaN,NaN,NaN,NaN
3,NaN,NaN,NaN,NaN,NaN,NaN,NaN,NaN
4,NaN,NaN,NaN,NaN,NaN,NaN,NaN,NaN
5,NaN,NaN,NaN,NaN,NaN,NaN,NaN,NaN
6,NaN,NaN,NaN,NaN,NaN,NaN,NaN,NaN
7,NaN,NaN,NaN,NaN,NaN,NaN,NaN,NaN
8,NaN,NaN,NaN,NaN,NaN,NaN,NaN,NaN
9,NaN,NaN,NaN,NaN,NaN,NaN,NaN,NaN
10,NaN,NaN,NaN,NaN,NaN,NaN,NaN,NaN
11,NaN,NaN,NaN,NaN,NaN,NaN,NaN,NaN
1,NaN,NaN,NaN,NaN,NaN,NaN,NaN,NaN
2,NaN,NaN,NaN,NaN,NaN,NaN,NaN,NaN
3,NaN,NaN,NaN,NaN,NaN,NaN,NaN,NaN
4,NaN,NaN,NaN,NaN,NaN,NaN,NaN,NaN
5,NaN,NaN,NaN,NaN,NaN,NaN,NaN,NaN
6,NaN,NaN,NaN,NaN,NaN,NaN,NaN,NaN
7,NaN,NaN,NaN,NaN,NaN,NaN,NaN,NaN
8,NaN,NaN,NaN,NaN,NaN,NaN,NaN,NaN
9,NaN,NaN,NaN,NaN,NaN,NaN,NaN,NaN
10,NaN,NaN,NaN,NaN,NaN,NaN,NaN,NaN
11,NaN,NaN,NaN,NaN,NaN,NaN,NaN,NaN
1,NaN,NaN,NaN,NaN,NaN,NaN,NaN,NaN
2,NaN,NaN,NaN,NaN,NaN,NaN,NaN,NaN
3,NaN,NaN,NaN,NaN,NaN,NaN,NaN,NaN
4,NaN,NaN,NaN,NaN,NaN,NaN,NaN,NaN
5,NaN,NaN,NaN,NaN,NaN,NaN,NaN,NaN
6,NaN,NaN,NaN,NaN,NaN,NaN,NaN,NaN
7,NaN,NaN,NaN,NaN,NaN,NaN,NaN,NaN
8,NaN,NaN,NaN,NaN,NaN,NaN,NaN,NaN
9,NaN,NaN,NaN,NaN,NaN,NaN,NaN,NaN
10,NaN,NaN,NaN,NaN,NaN,NaN,NaN,NaN
11,NaN,NaN,NaN,NaN,NaN,NaN,NaN,NaN
1,NaN,NaN,NaN,NaN,NaN,NaN,NaN,NaN
2,NaN,NaN,NaN,NaN,NaN,NaN,NaN,NaN
3,NaN,NaN,NaN,NaN,NaN,NaN,NaN,NaN
4,NaN,NaN,NaN,NaN,NaN,NaN,NaN,NaN
5,NaN,NaN,NaN,NaN,NaN,NaN,NaN,NaN
6,NaN,NaN,NaN,NaN,NaN,NaN,NaN,NaN
7,NaN,NaN,NaN,NaN,NaN,NaN,NaN,NaN
8,NaN,NaN,NaN,NaN,NaN,NaN,NaN,NaN
9,NaN,NaN,NaN,NaN,NaN,NaN,NaN,NaN
10,NaN,NaN,NaN,NaN,NaN,NaN,NaN,NaN
11,NaN,NaN,NaN,NaN,NaN,NaN,NaN,NaN
1,NaN,NaN,NaN,NaN,NaN,NaN,NaN,NaN
2,NaN,NaN,NaN,NaN,NaN,NaN,NaN,NaN
3,NaN,NaN,NaN,NaN,NaN,NaN,NaN,NaN
4,NaN,NaN,NaN,NaN,NaN,NaN,NaN,NaN
5,NaN,NaN,NaN,NaN,NaN,NaN,NaN,NaN
6,NaN,NaN,NaN,NaN,NaN,NaN,NaN,NaN
7,NaN,NaN,NaN,NaN,NaN,NaN,NaN,NaN
8,NaN,NaN,NaN,NaN,NaN,NaN,NaN,NaN
9,NaN,NaN,NaN,NaN,NaN,NaN,NaN,NaN
10,NaN,NaN,NaN,NaN,NaN,NaN,NaN,NaN
11,NaN,NaN,NaN,NaN,NaN,NaN,NaN,NaN
1,NaN,NaN,NaN,NaN,NaN,NaN,NaN,NaN
2,NaN,NaN,NaN,NaN,NaN,NaN,NaN,NaN
3,NaN,NaN,NaN,NaN,NaN,NaN,NaN,NaN
4,NaN,NaN,NaN,NaN,NaN,NaN,NaN,NaN
5,NaN,NaN,NaN,NaN,NaN,NaN,NaN,NaN
6,NaN,NaN,NaN,NaN,NaN,NaN,NaN,NaN
7,NaN,NaN,NaN,NaN,NaN,NaN,NaN,NaN
8,NaN,NaN,NaN,NaN,NaN,NaN,NaN,NaN
9,NaN,NaN,NaN,NaN,NaN,NaN,NaN,NaN
10,NaN,NaN,NaN,NaN,NaN,NaN,NaN,NaN
11,NaN,NaN,NaN,NaN,NaN,NaN,NaN,NaN
1,NaN,NaN,NaN,NaN,NaN,NaN,NaN,NaN
2,NaN,NaN,NaN,NaN,NaN,NaN,NaN,NaN
3,NaN,NaN,NaN,NaN,NaN,NaN,NaN,NaN
4,NaN,NaN,NaN,NaN,NaN,NaN,NaN,NaN
5,NaN,NaN,NaN,NaN,NaN,NaN,NaN,NaN
6,NaN,NaN,NaN,NaN,NaN,NaN,NaN,NaN
7,NaN,NaN,NaN,NaN,NaN,NaN,NaN,NaN
8,NaN,NaN,NaN,NaN,NaN,NaN,NaN,NaN
9,NaN,NaN,NaN,NaN,NaN,NaN,NaN,NaN
10,NaN,NaN,NaN,NaN,NaN,NaN,NaN,NaN
11,NaN,NaN,NaN,NaN,NaN,NaN,NaN,NaN
1,NaN,NaN,NaN,NaN,NaN,NaN,NaN,NaN
2,NaN,NaN,NaN,NaN,NaN,NaN,NaN,NaN
3,NaN,NaN,NaN,NaN,NaN,NaN,NaN,NaN
4,NaN,NaN,NaN,NaN,NaN,NaN,NaN,NaN
5,NaN,NaN,NaN,NaN,NaN,NaN,NaN,NaN
6,NaN,NaN,NaN,NaN,NaN,NaN,NaN,NaN
7,NaN,NaN,NaN,NaN,NaN,NaN,NaN,NaN
8,NaN,NaN,NaN,NaN,NaN,NaN,NaN,NaN
9,NaN,NaN,NaN,NaN,NaN,NaN,NaN,NaN
10,NaN,NaN,NaN,NaN,NaN,NaN,NaN,NaN
11,NaN,NaN,NaN,NaN,NaN,NaN,NaN,NaN
1,NaN,NaN,NaN,NaN,NaN,NaN,NaN,NaN
2,NaN,NaN,NaN,NaN,NaN,NaN,NaN,NaN
3,NaN,NaN,NaN,NaN,NaN,NaN,NaN,NaN
4,NaN,NaN,NaN,NaN,NaN,NaN,NaN,NaN
5,NaN,NaN,NaN,NaN,NaN,NaN,NaN,NaN
6,NaN,NaN,NaN,NaN,NaN,NaN,NaN,NaN
7,NaN,NaN,NaN,NaN,NaN,NaN,NaN,NaN
8,NaN,NaN,NaN,NaN,NaN,NaN,NaN,NaN
9,NaN,NaN,NaN,NaN,NaN,NaN,NaN,NaN
10,NaN,NaN,NaN,NaN,NaN,NaN,NaN,NaN
11,NaN,NaN,NaN,NaN,NaN,NaN,NaN,NaN
1,NaN,NaN,NaN,NaN,NaN,NaN,NaN,NaN
2,NaN,NaN,NaN,NaN,NaN,NaN,NaN,NaN
3,NaN,NaN,NaN,NaN,NaN,NaN,NaN,NaN
4,NaN,NaN,NaN,NaN,NaN,NaN,NaN,NaN
5,NaN,NaN,NaN,NaN,NaN,NaN,NaN,NaN
6,NaN,NaN,NaN,NaN,NaN,NaN,NaN,NaN
7,NaN,NaN,NaN,NaN,NaN,NaN,NaN,NaN
8,NaN,NaN,NaN,NaN,NaN,NaN,NaN,NaN
9,NaN,NaN,NaN,NaN,NaN,NaN,NaN,NaN
10,NaN,NaN,NaN,NaN,NaN,NaN,NaN,NaN
11,NaN,NaN,NaN,NaN,NaN,NaN,NaN,NaN
1,NaN,NaN,NaN,NaN,NaN,NaN,NaN,NaN
2,NaN,NaN,NaN,NaN,NaN,NaN,NaN,NaN
3,NaN,NaN,NaN,NaN,NaN,NaN,NaN,NaN
4,NaN,NaN,NaN,NaN,NaN,NaN,NaN,NaN
5,NaN,NaN,NaN,NaN,NaN,NaN,NaN,NaN
6,NaN,NaN,NaN,NaN,NaN,NaN,NaN,NaN
7,NaN,NaN,NaN,NaN,NaN,NaN,NaN,NaN
8,NaN,NaN,NaN,NaN,NaN,NaN,NaN,NaN
9,NaN,NaN,NaN,NaN,NaN,NaN,NaN,NaN
10,NaN,NaN,NaN,NaN,NaN,NaN,NaN,NaN
11,NaN,NaN,NaN,NaN,NaN,NaN,NaN,NaN
1,NaN,NaN,NaN,NaN,NaN,NaN,NaN,NaN
2,NaN,NaN,NaN,NaN,NaN,NaN,NaN,NaN
3,NaN,NaN,NaN,NaN,NaN,NaN,NaN,NaN
4,NaN,NaN,NaN,NaN,NaN,NaN,NaN,NaN
5,NaN,NaN,NaN,NaN,NaN,NaN,NaN,NaN
6,NaN,NaN,NaN,NaN,NaN,NaN,NaN,NaN
7,NaN,NaN,NaN,NaN,NaN,NaN,NaN,NaN
8,NaN,NaN,NaN,NaN,NaN,NaN,NaN,NaN
9,NaN,NaN,NaN,NaN,NaN,NaN,NaN,NaN
10,NaN,NaN,NaN,NaN,NaN,NaN,NaN,NaN
11,NaN,NaN,NaN,NaN,NaN,NaN,NaN,NaN
1,NaN,NaN,NaN,NaN,NaN,NaN,NaN,NaN
2,NaN,NaN,NaN,NaN,NaN,NaN,NaN,NaN
3,NaN,NaN,NaN,NaN,NaN,NaN,NaN,NaN
4,NaN,NaN,NaN,NaN,NaN,NaN,NaN,NaN
5,NaN,NaN,NaN,NaN,NaN,NaN,NaN,NaN
6,NaN,NaN,NaN,NaN,NaN,NaN,NaN,NaN
7,NaN,NaN,NaN,NaN,NaN,NaN,NaN,NaN
8,NaN,NaN,NaN,NaN,NaN,NaN,NaN,NaN
9,NaN,NaN,NaN,NaN,NaN,NaN,NaN,NaN
10,NaN,NaN,NaN,NaN,NaN,NaN,NaN,NaN
11,NaN,NaN,NaN,NaN,NaN,NaN,NaN,NaN
1,NaN,NaN,NaN,NaN,NaN,NaN,NaN,NaN
2,NaN,NaN,NaN,NaN,NaN,NaN,NaN,NaN
3,NaN,NaN,NaN,NaN,NaN,NaN,NaN,NaN
4,NaN,NaN,NaN,NaN,NaN,NaN,NaN,NaN
5,NaN,NaN,NaN,NaN,NaN,NaN,NaN,NaN
6,NaN,NaN,NaN,NaN,NaN,NaN,NaN,NaN
7,NaN,NaN,NaN,NaN,NaN,NaN,NaN,NaN
8,NaN,NaN,NaN,NaN,NaN,NaN,NaN,NaN
9,NaN,NaN,NaN,NaN,NaN,NaN,NaN,NaN
10,NaN,NaN,NaN,NaN,NaN,NaN,NaN,NaN
11,NaN,NaN,NaN,NaN,NaN,NaN,NaN,NaN
1,NaN,NaN,NaN,NaN,NaN,NaN,NaN,NaN
2,NaN,NaN,NaN,NaN,NaN,NaN,NaN,NaN
3,NaN,NaN,NaN,NaN,NaN,NaN,NaN,NaN
4,NaN,NaN,NaN,NaN,NaN,NaN,NaN,NaN
5,NaN,NaN,NaN,NaN,NaN,NaN,NaN,NaN
6,NaN,NaN,NaN,NaN,NaN,NaN,NaN,NaN
7,NaN,NaN,NaN,NaN,NaN,NaN,NaN,NaN
8,NaN,NaN,NaN,NaN,NaN,NaN,NaN,NaN
9,NaN,NaN,NaN,NaN,NaN,NaN,NaN,NaN
10,NaN,NaN,NaN,NaN,NaN,NaN,NaN,NaN
11,NaN,NaN,NaN,NaN,NaN,NaN,NaN,NaN
1,NaN,NaN,NaN,NaN,NaN,NaN,NaN,NaN
2,NaN,NaN,NaN,NaN,NaN,NaN,NaN,NaN
3,NaN,NaN,NaN,NaN,NaN,NaN,NaN,NaN
4,NaN,NaN,NaN,NaN,NaN,NaN,NaN,NaN
5,NaN,NaN,NaN,NaN,NaN,NaN,NaN,NaN
6,NaN,NaN,NaN,NaN,NaN,NaN,NaN,NaN
7,NaN,NaN,NaN,NaN,NaN,NaN,NaN,NaN
8,NaN,NaN,NaN,NaN,NaN,NaN,NaN,NaN
9,NaN,NaN,NaN,NaN,NaN,NaN,NaN,NaN
10,NaN,NaN,NaN,NaN,NaN,NaN,NaN,NaN
11,NaN,NaN,NaN,NaN,NaN,NaN,NaN,NaN
1,NaN,NaN,NaN,NaN,NaN,NaN,NaN,NaN
2,NaN,NaN,NaN,NaN,NaN,NaN,NaN,NaN
3,NaN,NaN,NaN,NaN,NaN,NaN,NaN,NaN
4,NaN,NaN,NaN,NaN,NaN,NaN,NaN,NaN
5,NaN,NaN,NaN,NaN,NaN,NaN,NaN,NaN
6,NaN,NaN,NaN,NaN,NaN,NaN,NaN,NaN
7,NaN,NaN,NaN,NaN,NaN,NaN,NaN,NaN
8,NaN,NaN,NaN,NaN,NaN,NaN,NaN,NaN
9,NaN,NaN,NaN,NaN,NaN,NaN,NaN,NaN
10,NaN,NaN,NaN,NaN,NaN,NaN,NaN,NaN
11,NaN,NaN,NaN,NaN,NaN,NaN,NaN,NaN
1,NaN,NaN,NaN,NaN,NaN,NaN,NaN,NaN
2,NaN,NaN,NaN,NaN,NaN,NaN,NaN,NaN
3,NaN,NaN,NaN,NaN,NaN,NaN,NaN,NaN
4,NaN,NaN,NaN,NaN,NaN,NaN,NaN,NaN
5,NaN,NaN,NaN,NaN,NaN,NaN,NaN,NaN
6,NaN,NaN,NaN,NaN,NaN,NaN,NaN,NaN
7,NaN,NaN,NaN,NaN,NaN,NaN,NaN,NaN
8,NaN,NaN,NaN,NaN,NaN,NaN,NaN,NaN
9,NaN,NaN,NaN,NaN,NaN,NaN,NaN,NaN
10,NaN,NaN,NaN,NaN,NaN,NaN,NaN,NaN
11,NaN,NaN,NaN,NaN,NaN,NaN,NaN,NaN
1,NaN,NaN,NaN,NaN,NaN,NaN,NaN,NaN
2,NaN,NaN,NaN,NaN,NaN,NaN,NaN,NaN
3,NaN,NaN,NaN,NaN,NaN,NaN,NaN,NaN
4,NaN,NaN,NaN,NaN,NaN,NaN,NaN,NaN
5,NaN,NaN,NaN,NaN,NaN,NaN,NaN,NaN
6,NaN,NaN,NaN,NaN,NaN,NaN,NaN,NaN
7,NaN,NaN,NaN,NaN,NaN,NaN,NaN,NaN
8,NaN,NaN,NaN,NaN,NaN,NaN,NaN,NaN
9,NaN,NaN,NaN,NaN,NaN,NaN,NaN,NaN
10,NaN,NaN,NaN,NaN,NaN,NaN,NaN,NaN
11,NaN,NaN,NaN,NaN,NaN,NaN,NaN,NaN
1,NaN,NaN,NaN,NaN,NaN,NaN,NaN,NaN
2,NaN,NaN,NaN,NaN,NaN,NaN,NaN,NaN
3,NaN,NaN,NaN,NaN,NaN,NaN,NaN,NaN
4,NaN,NaN,NaN,NaN,NaN,NaN,NaN,NaN
5,NaN,NaN,NaN,NaN,NaN,NaN,NaN,NaN
6,NaN,NaN,NaN,NaN,NaN,NaN,NaN,NaN
7,NaN,NaN,NaN,NaN,NaN,NaN,NaN,NaN
8,NaN,NaN,NaN,NaN,NaN,NaN,NaN,NaN
9,NaN,NaN,NaN,NaN,NaN,NaN,NaN,NaN
10,NaN,NaN,NaN,NaN,NaN,NaN,NaN,NaN
11,NaN,NaN,NaN,NaN,NaN,NaN,NaN,NaN
1,NaN,NaN,NaN,NaN,NaN,NaN,NaN,NaN
2,NaN,NaN,NaN,NaN,NaN,NaN,NaN,NaN
3,NaN,NaN,NaN,NaN,NaN,NaN,NaN,NaN
4,NaN,NaN,NaN,NaN,NaN,NaN,NaN,NaN
5,NaN,NaN,NaN,NaN,NaN,NaN,NaN,NaN
6,NaN,NaN,NaN,NaN,NaN,NaN,NaN,NaN
7,NaN,NaN,NaN,NaN,NaN,NaN,NaN,NaN
8,NaN,NaN,NaN,NaN,NaN,NaN,NaN,NaN
9,NaN,NaN,NaN,NaN,NaN,NaN,NaN,NaN
10,NaN,NaN,NaN,NaN,NaN,NaN,NaN,NaN
11,NaN,NaN,NaN,NaN,NaN,NaN,NaN,NaN
1,NaN,NaN,NaN,NaN,NaN,NaN,NaN,NaN
2,NaN,NaN,NaN,NaN,NaN,NaN,NaN,NaN
3,NaN,NaN,NaN,NaN,NaN,NaN,NaN,NaN
4,NaN,NaN,NaN,NaN,NaN,NaN,NaN,NaN
5,NaN,NaN,NaN,NaN,NaN,NaN,NaN,NaN
6,NaN,NaN,NaN,NaN,NaN,NaN,NaN,NaN
7,NaN,NaN,NaN,NaN,NaN,NaN,NaN,NaN
8,NaN,NaN,NaN,NaN,NaN,NaN,NaN,NaN
9,NaN,NaN,NaN,NaN,NaN,NaN,NaN,NaN
10,NaN,NaN,NaN,NaN,NaN,NaN,NaN,NaN
11,NaN,NaN,NaN,NaN,NaN,NaN,NaN,NaN
1,NaN,NaN,NaN,NaN,NaN,NaN,NaN,NaN
2,NaN,NaN,NaN,NaN,NaN,NaN,NaN,NaN
3,NaN,NaN,NaN,NaN,NaN,NaN,NaN,NaN
4,NaN,NaN,NaN,NaN,NaN,NaN,NaN,NaN
5,NaN,NaN,NaN,NaN,NaN,NaN,NaN,NaN
6,NaN,NaN,NaN,NaN,NaN,NaN,NaN,NaN
7,NaN,NaN,NaN,NaN,NaN,NaN,NaN,NaN
8,NaN,NaN,NaN,NaN,NaN,NaN,NaN,NaN
9,NaN,NaN,NaN,NaN,NaN,NaN,NaN,NaN
10,NaN,NaN,NaN,NaN,NaN,NaN,NaN,NaN
11,NaN,NaN,NaN,NaN,NaN,NaN,NaN,NaN
1,NaN,NaN,NaN,NaN,NaN,NaN,NaN,NaN
2,NaN,NaN,NaN,NaN,NaN,NaN,NaN,NaN
3,NaN,NaN,NaN,NaN,NaN,NaN,NaN,NaN
4,NaN,NaN,NaN,NaN,NaN,NaN,NaN,NaN
5,NaN,NaN,NaN,NaN,NaN,NaN,NaN,NaN
6,NaN,NaN,NaN,NaN,NaN,NaN,NaN,NaN
7,NaN,NaN,NaN,NaN,NaN,NaN,NaN,NaN
8,NaN,NaN,NaN,NaN,NaN,NaN,NaN,NaN
9,NaN,NaN,NaN,NaN,NaN,NaN,NaN,NaN
10,NaN,NaN,NaN,NaN,NaN,NaN,NaN,NaN
11,NaN,NaN,NaN,NaN,NaN,NaN,NaN,NaN
1,NaN,NaN,NaN,NaN,NaN,NaN,NaN,NaN
2,NaN,NaN,NaN,NaN,NaN,NaN,NaN,NaN
3,NaN,NaN,NaN,NaN,NaN,NaN,NaN,NaN
4,NaN,NaN,NaN,NaN,NaN,NaN,NaN,NaN
5,NaN,NaN,NaN,NaN,NaN,NaN,NaN,NaN
6,NaN,NaN,NaN,NaN,NaN,NaN,NaN,NaN
7,NaN,NaN,NaN,NaN,NaN,NaN,NaN,NaN
8,NaN,NaN,NaN,NaN,NaN,NaN,NaN,NaN
9,NaN,NaN,NaN,NaN,NaN,NaN,NaN,NaN
10,NaN,NaN,NaN,NaN,NaN,NaN,NaN,NaN
11,NaN,NaN,NaN,NaN,NaN,NaN,NaN,NaN
1,NaN,NaN,NaN,NaN,NaN,NaN,NaN,NaN
2,NaN,NaN,NaN,NaN,NaN,NaN,NaN,NaN
3,NaN,NaN,NaN,NaN,NaN,NaN,NaN,NaN
4,NaN,NaN,NaN,NaN,NaN,NaN,NaN,NaN
5,NaN,NaN,NaN,NaN,NaN,NaN,NaN,NaN
6,NaN,NaN,NaN,NaN,NaN,NaN,NaN,NaN
7,NaN,NaN,NaN,NaN,NaN,NaN,NaN,NaN
8,NaN,NaN,NaN,NaN,NaN,NaN,NaN,NaN
9,NaN,NaN,NaN,NaN,NaN,NaN,NaN,NaN
10,NaN,NaN,NaN,NaN,NaN,NaN,NaN,NaN
11,NaN,NaN,NaN,NaN,NaN,NaN,NaN,NaN
1,NaN,NaN,NaN,NaN,NaN,NaN,NaN,NaN
2,NaN,NaN,NaN,NaN,NaN,NaN,NaN,NaN
3,NaN,NaN,NaN,NaN,NaN,NaN,NaN,NaN
4,NaN,NaN,NaN,NaN,NaN,NaN,NaN,NaN
5,NaN,NaN,NaN,NaN,NaN,NaN,NaN,NaN
6,NaN,NaN,NaN,NaN,NaN,NaN,NaN,NaN
7,NaN,NaN,NaN,NaN,NaN,NaN,NaN,NaN
8,NaN,NaN,NaN,NaN,NaN,NaN,NaN,NaN
9,NaN,NaN,NaN,NaN,NaN,NaN,NaN,NaN
10,NaN,NaN,NaN,NaN,NaN,NaN,NaN,NaN
11,NaN,NaN,NaN,NaN,NaN,NaN,NaN,NaN
1,NaN,NaN,NaN,NaN,NaN,NaN,NaN,NaN
2,NaN,NaN,NaN,NaN,NaN,NaN,NaN,NaN
3,NaN,NaN,NaN,NaN,NaN,NaN,NaN,NaN
4,NaN,NaN,NaN,NaN,NaN,NaN,NaN,NaN
5,NaN,NaN,NaN,NaN,NaN,NaN,NaN,NaN
6,NaN,NaN,NaN,NaN,NaN,NaN,NaN,NaN
7,NaN,NaN,NaN,NaN,NaN,NaN,NaN,NaN
8,NaN,NaN,NaN,NaN,NaN,NaN,NaN,NaN
9,NaN,NaN,NaN,NaN,NaN,NaN,NaN,NaN
10,NaN,NaN,NaN,NaN,NaN,NaN,NaN,NaN
11,NaN,NaN,NaN,NaN,NaN,NaN,NaN,NaN
1,NaN,NaN,NaN,NaN,NaN,NaN,NaN,NaN
2,NaN,NaN,NaN,NaN,NaN,NaN,NaN,NaN
3,NaN,NaN,NaN,NaN,NaN,NaN,NaN,NaN
4,NaN,NaN,NaN,NaN,NaN,NaN,NaN,NaN
5,NaN,NaN,NaN,NaN,NaN,NaN,NaN,NaN
6,NaN,NaN,NaN,NaN,NaN,NaN,NaN,NaN
7,NaN,NaN,NaN,NaN,NaN,NaN,NaN,NaN
8,NaN,NaN,NaN,NaN,NaN,NaN,NaN,NaN
9,NaN,NaN,NaN,NaN,NaN,NaN,NaN,NaN
10,NaN,NaN,NaN,NaN,NaN,NaN,NaN,NaN
11,NaN,NaN,NaN,NaN,NaN,NaN,NaN,NaN
1,NaN,NaN,NaN,NaN,NaN,NaN,NaN,NaN
2,NaN,NaN,NaN,NaN,NaN,NaN,NaN,NaN
3,NaN,NaN,NaN,NaN,NaN,NaN,NaN,NaN
4,NaN,NaN,NaN,NaN,NaN,NaN,NaN,NaN
5,NaN,NaN,NaN,NaN,NaN,NaN,NaN,NaN
6,NaN,NaN,NaN,NaN,NaN,NaN,NaN,NaN
7,NaN,NaN,NaN,NaN,NaN,NaN,NaN,NaN
8,NaN,NaN,NaN,NaN,NaN,NaN,NaN,NaN
9,NaN,NaN,NaN,NaN,NaN,NaN,NaN,NaN
10,NaN,NaN,NaN,NaN,NaN,NaN,NaN,NaN
11,NaN,NaN,NaN,NaN,NaN,NaN,NaN,NaN
1,NaN,NaN,NaN,NaN,NaN,NaN,NaN,NaN
2,NaN,NaN,NaN,NaN,NaN,NaN,NaN,NaN
3,NaN,NaN,NaN,NaN,NaN,NaN,NaN,NaN
4,NaN,NaN,NaN,NaN,NaN,NaN,NaN,NaN
5,NaN,NaN,NaN,NaN,NaN,NaN,NaN,NaN
6,NaN,NaN,NaN,NaN,NaN,NaN,NaN,NaN
7,NaN,NaN,NaN,NaN,NaN,NaN,NaN,NaN
8,NaN,NaN,NaN,NaN,NaN,NaN,NaN,NaN
9,NaN,NaN,NaN,NaN,NaN,NaN,NaN,NaN
10,NaN,NaN,NaN,NaN,NaN,NaN,NaN,NaN
11,NaN,NaN,NaN,NaN,NaN,NaN,NaN,NaN
1,NaN,NaN,NaN,NaN,NaN,NaN,NaN,NaN
2,NaN,NaN,NaN,NaN,NaN,NaN,NaN,NaN
3,NaN,NaN,NaN,NaN,NaN,NaN,NaN,NaN
4,NaN,NaN,NaN,NaN,NaN,NaN,NaN,NaN
5,NaN,NaN,NaN,NaN,NaN,NaN,NaN,NaN
6,NaN,NaN,NaN,NaN,NaN,NaN,NaN,NaN
7,NaN,NaN,NaN,NaN,NaN,NaN,NaN,NaN
8,NaN,NaN,NaN,NaN,NaN,NaN,NaN,NaN
9,NaN,NaN,NaN,NaN,NaN,NaN,NaN,NaN
10,NaN,NaN,NaN,NaN,NaN,NaN,NaN,NaN
11,NaN,NaN,NaN,NaN,NaN,NaN,NaN,NaN
1,NaN,NaN,NaN,NaN,NaN,NaN,NaN,NaN
2,NaN,NaN,NaN,NaN,NaN,NaN,NaN,NaN
3,NaN,NaN,NaN,NaN,NaN,NaN,NaN,NaN
4,NaN,NaN,NaN,NaN,NaN,NaN,NaN,NaN
5,NaN,NaN,NaN,NaN,NaN,NaN,NaN,NaN
6,NaN,NaN,NaN,NaN,NaN,NaN,NaN,NaN
7,NaN,NaN,NaN,NaN,NaN,NaN,NaN,NaN
8,NaN,NaN,NaN,NaN,NaN,NaN,NaN,NaN
9,NaN,NaN,NaN,NaN,NaN,NaN,NaN,NaN
10,NaN,NaN,NaN,NaN,NaN,NaN,NaN,NaN
11,NaN,NaN,NaN,NaN,NaN,NaN,NaN,NaN
1,NaN,NaN,NaN,NaN,NaN,NaN,NaN,NaN
2,NaN,NaN,NaN,NaN,NaN,NaN,NaN,NaN
3,NaN,NaN,NaN,NaN,NaN,NaN,NaN,NaN
4,NaN,NaN,NaN,NaN,NaN,NaN,NaN,NaN
5,NaN,NaN,NaN,NaN,NaN,NaN,NaN,NaN
6,NaN,NaN,NaN,NaN,NaN,NaN,NaN,NaN
7,NaN,NaN,NaN,NaN,NaN,NaN,NaN,NaN
8,NaN,NaN,NaN,NaN,NaN,NaN,NaN,NaN
9,NaN,NaN,NaN,NaN,NaN,NaN,NaN,NaN
10,NaN,NaN,NaN,NaN,NaN,NaN,NaN,NaN
11,NaN,NaN,NaN,NaN,NaN,NaN,NaN,NaN
1,NaN,NaN,NaN,NaN,NaN,NaN,NaN,NaN
2,NaN,NaN,NaN,NaN,NaN,NaN,NaN,NaN
3,NaN,NaN,NaN,NaN,NaN,NaN,NaN,NaN
4,NaN,NaN,NaN,NaN,NaN,NaN,NaN,NaN
5,NaN,NaN,NaN,NaN,NaN,NaN,NaN,NaN
6,NaN,NaN,NaN,NaN,NaN,NaN,NaN,NaN
7,NaN,NaN,NaN,NaN,NaN,NaN,NaN,NaN
8,NaN,NaN,NaN,NaN,NaN,NaN,NaN,NaN
9,NaN,NaN,NaN,NaN,NaN,NaN,NaN,NaN
10,NaN,NaN,NaN,NaN,NaN,NaN,NaN,NaN
11,NaN,NaN,NaN,NaN,NaN,NaN,NaN,NaN
1,NaN,NaN,NaN,NaN,NaN,NaN,NaN,NaN
2,NaN,NaN,NaN,NaN,NaN,NaN,NaN,NaN
3,NaN,NaN,NaN,NaN,NaN,NaN,NaN,NaN
4,NaN,NaN,NaN,NaN,NaN,NaN,NaN,NaN
5,NaN,NaN,NaN,NaN,NaN,NaN,NaN,NaN
6,NaN,NaN,NaN,NaN,NaN,NaN,NaN,NaN
7,NaN,NaN,NaN,NaN,NaN,NaN,NaN,NaN
8,NaN,NaN,NaN,NaN,NaN,NaN,NaN,NaN
9,NaN,NaN,NaN,NaN,NaN,NaN,NaN,NaN
10,NaN,NaN,NaN,NaN,NaN,NaN,NaN,NaN
11,NaN,NaN,NaN,NaN,NaN,NaN,NaN,NaN
1,NaN,NaN,NaN,NaN,NaN,NaN,NaN,NaN
2,NaN,NaN,NaN,NaN,NaN,NaN,NaN,NaN
3,NaN,NaN,NaN,NaN,NaN,NaN,NaN,NaN
4,NaN,NaN,NaN,NaN,NaN,NaN,NaN,NaN
5,NaN,NaN,NaN,NaN,NaN,NaN,NaN,NaN
6,NaN,NaN,NaN,NaN,NaN,NaN,NaN,NaN
7,NaN,NaN,NaN,NaN,NaN,NaN,NaN,NaN
8,NaN,NaN,NaN,NaN,NaN,NaN,NaN,NaN
9,NaN,NaN,NaN,NaN,NaN,NaN,NaN,NaN
10,NaN,NaN,NaN,NaN,NaN,NaN,NaN,NaN
11,NaN,NaN,NaN,NaN,NaN,NaN,NaN,NaN
1,NaN,NaN,NaN,NaN,NaN,NaN,NaN,NaN
2,NaN,NaN,NaN,NaN,NaN,NaN,NaN,NaN
3,NaN,NaN,NaN,NaN,NaN,NaN,NaN,NaN
4,NaN,NaN,NaN,NaN,NaN,NaN,NaN,NaN
5,NaN,NaN,NaN,NaN,NaN,NaN,NaN,NaN
6,NaN,NaN,NaN,NaN,NaN,NaN,NaN,NaN
7,NaN,NaN,NaN,NaN,NaN,NaN,NaN,NaN
8,NaN,NaN,NaN,NaN,NaN,NaN,NaN,NaN
9,NaN,NaN,NaN,NaN,NaN,NaN,NaN,NaN
10,NaN,NaN,NaN,NaN,NaN,NaN,NaN,NaN
11,NaN,NaN,NaN,NaN,NaN,NaN,NaN,NaN
1,NaN,NaN,NaN,NaN,NaN,NaN,NaN,NaN
2,NaN,NaN,NaN,NaN,NaN,NaN,NaN,NaN
3,NaN,NaN,NaN,NaN,NaN,NaN,NaN,NaN
4,NaN,NaN,NaN,NaN,NaN,NaN,NaN,NaN
5,NaN,NaN,NaN,NaN,NaN,NaN,NaN,NaN
6,NaN,NaN,NaN,NaN,NaN,NaN,NaN,NaN
7,NaN,NaN,NaN,NaN,NaN,NaN,NaN,NaN
8,NaN,NaN,NaN,NaN,NaN,NaN,NaN,NaN
9,NaN,NaN,NaN,NaN,NaN,NaN,NaN,NaN
10,NaN,NaN,NaN,NaN,NaN,NaN,NaN,NaN
11,NaN,NaN,NaN,NaN,NaN,NaN,NaN,NaN
1,NaN,NaN,NaN,NaN,NaN,NaN,NaN,NaN
2,NaN,NaN,NaN,NaN,NaN,NaN,NaN,NaN
3,NaN,NaN,NaN,NaN,NaN,NaN,NaN,NaN
4,NaN,NaN,NaN,NaN,NaN,NaN,NaN,NaN
5,NaN,NaN,NaN,NaN,NaN,NaN,NaN,NaN
6,NaN,NaN,NaN,NaN,NaN,NaN,NaN,NaN
7,NaN,NaN,NaN,NaN,NaN,NaN,NaN,NaN
8,NaN,NaN,NaN,NaN,NaN,NaN,NaN,NaN
9,NaN,NaN,NaN,NaN,NaN,NaN,NaN,NaN
10,NaN,NaN,NaN,NaN,NaN,NaN,NaN,NaN
11,NaN,NaN,NaN,NaN,NaN,NaN,NaN,NaN
1,NaN,NaN,NaN,NaN,NaN,NaN,NaN,NaN
2,NaN,NaN,NaN,NaN,NaN,NaN,NaN,NaN
3,NaN,NaN,NaN,NaN,NaN,NaN,NaN,NaN
4,NaN,NaN,NaN,NaN,NaN,NaN,NaN,NaN
5,NaN,NaN,NaN,NaN,NaN,NaN,NaN,NaN
6,NaN,NaN,NaN,NaN,NaN,NaN,NaN,NaN
7,NaN,NaN,NaN,NaN,NaN,NaN,NaN,NaN
8,NaN,NaN,NaN,NaN,NaN,NaN,NaN,NaN
9,NaN,NaN,NaN,NaN,NaN,NaN,NaN,NaN
10,NaN,NaN,NaN,NaN,NaN,NaN,NaN,NaN
11,NaN,NaN,NaN,NaN,NaN,NaN,NaN,NaN
1,NaN,NaN,NaN,NaN,NaN,NaN,NaN,NaN
2,NaN,NaN,NaN,NaN,NaN,NaN,NaN,NaN
3,NaN,NaN,NaN,NaN,NaN,NaN,NaN,NaN
4,NaN,NaN,NaN,NaN,NaN,NaN,NaN,NaN
5,NaN,NaN,NaN,NaN,NaN,NaN,NaN,NaN
6,NaN,NaN,NaN,NaN,NaN,NaN,NaN,NaN
7,NaN,NaN,NaN,NaN,NaN,NaN,NaN,NaN
8,NaN,NaN,NaN,NaN,NaN,NaN,NaN,NaN
9,NaN,NaN,NaN,NaN,NaN,NaN,NaN,NaN
10,NaN,NaN,NaN,NaN,NaN,NaN,NaN,NaN
11,NaN,NaN,NaN,NaN,NaN,NaN,NaN,NaN
1,NaN,NaN,NaN,NaN,NaN,NaN,NaN,NaN
2,NaN,NaN,NaN,NaN,NaN,NaN,NaN,NaN
3,NaN,NaN,NaN,NaN,NaN,NaN,NaN,NaN
4,NaN,NaN,NaN,NaN,NaN,NaN,NaN,NaN
5,NaN,NaN,NaN,NaN,NaN,NaN,NaN,NaN
6,NaN,NaN,NaN,NaN,NaN,NaN,NaN,NaN
7,NaN,NaN,NaN,NaN,NaN,NaN,NaN,NaN
8,NaN,NaN,NaN,NaN,NaN,NaN,NaN,NaN
9,NaN,NaN,NaN,NaN,NaN,NaN,NaN,NaN
10,NaN,NaN,NaN,NaN,NaN,NaN,NaN,NaN
11,NaN,NaN,NaN,NaN,NaN,NaN,NaN,NaN
1,NaN,NaN,NaN,NaN,NaN,NaN,NaN,NaN
2,NaN,NaN,NaN,NaN,NaN,NaN,NaN,NaN
3,NaN,NaN,NaN,NaN,NaN,NaN,NaN,NaN
4,NaN,NaN,NaN,NaN,NaN,NaN,NaN,NaN
5,NaN,NaN,NaN,NaN,NaN,NaN,NaN,NaN
6,NaN,NaN,NaN,NaN,NaN,NaN,NaN,NaN
7,NaN,NaN,NaN,NaN,NaN,NaN,NaN,NaN
8,NaN,NaN,NaN,NaN,NaN,NaN,NaN,NaN
9,NaN,NaN,NaN,NaN,NaN,NaN,NaN,NaN
10,NaN,NaN,NaN,NaN,NaN,NaN,NaN,NaN
11,NaN,NaN,NaN,NaN,NaN,NaN,NaN,NaN
1,NaN,NaN,NaN,NaN,NaN,NaN,NaN,NaN
2,NaN,NaN,NaN,NaN,NaN,NaN,NaN,NaN
3,NaN,NaN,NaN,NaN,NaN,NaN,NaN,NaN
4,NaN,NaN,NaN,NaN,NaN,NaN,NaN,NaN
5,NaN,NaN,NaN,NaN,NaN,NaN,NaN,NaN
6,NaN,NaN,NaN,NaN,NaN,NaN,NaN,NaN
7,NaN,NaN,NaN,NaN,NaN,NaN,NaN,NaN
8,NaN,NaN,NaN,NaN,NaN,NaN,NaN,NaN
9,NaN,NaN,NaN,NaN,NaN,NaN,NaN,NaN
10,NaN,NaN,NaN,NaN,NaN,NaN,NaN,NaN
11,NaN,NaN,NaN,NaN,NaN,NaN,NaN,NaN
1,NaN,NaN,NaN,NaN,NaN,NaN,NaN,NaN
2,NaN,NaN,NaN,NaN,NaN,NaN,NaN,NaN
3,NaN,NaN,NaN,NaN,NaN,NaN,NaN,NaN
4,NaN,NaN,NaN,NaN,NaN,NaN,NaN,NaN
5,NaN,NaN,NaN,NaN,NaN,NaN,NaN,NaN
6,NaN,NaN,NaN,NaN,NaN,NaN,NaN,NaN
7,NaN,NaN,NaN,NaN,NaN,NaN,NaN,NaN
8,NaN,NaN,NaN,NaN,NaN,NaN,NaN,NaN
9,NaN,NaN,NaN,NaN,NaN,NaN,NaN,NaN
10,NaN,NaN,NaN,NaN,NaN,NaN,NaN,NaN
11,NaN,NaN,NaN,NaN,NaN,NaN,NaN,NaN
1,NaN,NaN,NaN,NaN,NaN,NaN,NaN,NaN
2,NaN,NaN,NaN,NaN,NaN,NaN,NaN,NaN
3,NaN,NaN,NaN,NaN,NaN,NaN,NaN,NaN
4,NaN,NaN,NaN,NaN,NaN,NaN,NaN,NaN
5,NaN,NaN,NaN,NaN,NaN,NaN,NaN,NaN
6,NaN,NaN,NaN,NaN,NaN,NaN,NaN,NaN
7,NaN,NaN,NaN,NaN,NaN,NaN,NaN,NaN
8,NaN,NaN,NaN,NaN,NaN,NaN,NaN,NaN
9,NaN,NaN,NaN,NaN,NaN,NaN,NaN,NaN
10,NaN,NaN,NaN,NaN,NaN,NaN,NaN,NaN
11,NaN,NaN,NaN,NaN,NaN,NaN,NaN,NaN
1,NaN,NaN,NaN,NaN,NaN,NaN,NaN,NaN
2,NaN,NaN,NaN,NaN,NaN,NaN,NaN,NaN
3,NaN,NaN,NaN,NaN,NaN,NaN,NaN,NaN
4,NaN,NaN,NaN,NaN,NaN,NaN,NaN,NaN
5,NaN,NaN,NaN,NaN,NaN,NaN,NaN,NaN
6,NaN,NaN,NaN,NaN,NaN,NaN,NaN,NaN
7,NaN,NaN,NaN,NaN,NaN,NaN,NaN,NaN
8,NaN,NaN,NaN,NaN,NaN,NaN,NaN,NaN
9,NaN,NaN,NaN,NaN,NaN,NaN,NaN,NaN
10,NaN,NaN,NaN,NaN,NaN,NaN,NaN,NaN
11,NaN,NaN,NaN,NaN,NaN,NaN,NaN,NaN
1,NaN,NaN,NaN,NaN,NaN,NaN,NaN,NaN
2,NaN,NaN,NaN,NaN,NaN,NaN,NaN,NaN
3,NaN,NaN,NaN,NaN,NaN,NaN,NaN,NaN
4,NaN,NaN,NaN,NaN,NaN,NaN,NaN,NaN
5,NaN,NaN,NaN,NaN,NaN,NaN,NaN,NaN
6,NaN,NaN,NaN,NaN,NaN,NaN,NaN,NaN
7,NaN,NaN,NaN,NaN,NaN,NaN,NaN,NaN
8,NaN,NaN,NaN,NaN,NaN,NaN,NaN,NaN
9,NaN,NaN,NaN,NaN,NaN,NaN,NaN,NaN
10,NaN,NaN,NaN,NaN,NaN,NaN,NaN,NaN
11,NaN,NaN,NaN,NaN,NaN,NaN,NaN,NaN
1,NaN,NaN,NaN,NaN,NaN,NaN,NaN,NaN
2,NaN,NaN,NaN,NaN,NaN,NaN,NaN,NaN
3,NaN,NaN,NaN,NaN,NaN,NaN,NaN,NaN
4,NaN,NaN,NaN,NaN,NaN,NaN,NaN,NaN
5,NaN,NaN,NaN,NaN,NaN,NaN,NaN,NaN
6,NaN,NaN,NaN,NaN,NaN,NaN,NaN,NaN
7,NaN,NaN,NaN,NaN,NaN,NaN,NaN,NaN
8,NaN,NaN,NaN,NaN,NaN,NaN,NaN,NaN
9,NaN,NaN,NaN,NaN,NaN,NaN,NaN,NaN
10,NaN,NaN,NaN,NaN,NaN,NaN,NaN,NaN
11,NaN,NaN,NaN,NaN,NaN,NaN,NaN,NaN
1,NaN,NaN,NaN,NaN,NaN,NaN,NaN,NaN
2,NaN,NaN,NaN,NaN,NaN,NaN,NaN,NaN
3,NaN,NaN,NaN,NaN,NaN,NaN,NaN,NaN
4,NaN,NaN,NaN,NaN,NaN,NaN,NaN,NaN
5,NaN,NaN,NaN,NaN,NaN,NaN,NaN,NaN
6,NaN,NaN,NaN,NaN,NaN,NaN,NaN,NaN
7,NaN,NaN,NaN,NaN,NaN,NaN,NaN,NaN
8,NaN,NaN,NaN,NaN,NaN,NaN,NaN,NaN
9,NaN,NaN,NaN,NaN,NaN,NaN,NaN,NaN
10,NaN,NaN,NaN,NaN,NaN,NaN,NaN,NaN
11,NaN,NaN,NaN,NaN,NaN,NaN,NaN,NaN
1,NaN,NaN,NaN,NaN,NaN,NaN,NaN,NaN
2,NaN,NaN,NaN,NaN,NaN,NaN,NaN,NaN
3,NaN,NaN,NaN,NaN,NaN,NaN,NaN,NaN
4,NaN,NaN,NaN,NaN,NaN,NaN,NaN,NaN
5,NaN,NaN,NaN,NaN,NaN,NaN,NaN,NaN
6,NaN,NaN,NaN,NaN,NaN,NaN,NaN,NaN
7,NaN,NaN,NaN,NaN,NaN,NaN,NaN,NaN
8,NaN,NaN,NaN,NaN,NaN,NaN,NaN,NaN
9,NaN,NaN,NaN,NaN,NaN,NaN,NaN,NaN
10,NaN,NaN,NaN,NaN,NaN,NaN,NaN,NaN
11,NaN,NaN,NaN,NaN,NaN,NaN,NaN,NaN
1,NaN,NaN,NaN,NaN,NaN,NaN,NaN,NaN
2,NaN,NaN,NaN,NaN,NaN,NaN,NaN,NaN
3,NaN,NaN,NaN,NaN,NaN,NaN,NaN,NaN
4,NaN,NaN,NaN,NaN,NaN,NaN,NaN,NaN
5,NaN,NaN,NaN,NaN,NaN,NaN,NaN,NaN
6,NaN,NaN,NaN,NaN,NaN,NaN,NaN,NaN
7,NaN,NaN,NaN,NaN,NaN,NaN,NaN,NaN
8,NaN,NaN,NaN,NaN,NaN,NaN,NaN,NaN
9,NaN,NaN,NaN,NaN,NaN,NaN,NaN,NaN
10,NaN,NaN,NaN,NaN,NaN,NaN,NaN,NaN
11,NaN,NaN,NaN,NaN,NaN,NaN,NaN,NaN
1,NaN,NaN,NaN,NaN,NaN,NaN,NaN,NaN
2,NaN,NaN,NaN,NaN,NaN,NaN,NaN,NaN
3,NaN,NaN,NaN,NaN,NaN,NaN,NaN,NaN
4,NaN,NaN,NaN,NaN,NaN,NaN,NaN,NaN
5,NaN,NaN,NaN,NaN,NaN,NaN,NaN,NaN
6,NaN,NaN,NaN,NaN,NaN,NaN,NaN,NaN
7,NaN,NaN,NaN,NaN,NaN,NaN,NaN,NaN
8,NaN,NaN,NaN,NaN,NaN,NaN,NaN,NaN
9,NaN,NaN,NaN,NaN,NaN,NaN,NaN,NaN
10,NaN,NaN,NaN,NaN,NaN,NaN,NaN,NaN
11,NaN,NaN,NaN,NaN,NaN,NaN,NaN,NaN
1,NaN,NaN,NaN,NaN,NaN,NaN,NaN,NaN
2,NaN,NaN,NaN,NaN,NaN,NaN,NaN,NaN
3,NaN,NaN,NaN,NaN,NaN,NaN,NaN,NaN
4,NaN,NaN,NaN,NaN,NaN,NaN,NaN,NaN
5,NaN,NaN,NaN,NaN,NaN,NaN,NaN,NaN
6,NaN,NaN,NaN,NaN,NaN,NaN,NaN,NaN
7,NaN,NaN,NaN,NaN,NaN,NaN,NaN,NaN
8,NaN,NaN,NaN,NaN,NaN,NaN,NaN,NaN
9,NaN,NaN,NaN,NaN,NaN,NaN,NaN,NaN
10,NaN,NaN,NaN,NaN,NaN,NaN,NaN,NaN
11,NaN,NaN,NaN,NaN,NaN,NaN,NaN,NaN
1,NaN,NaN,NaN,NaN,NaN,NaN,NaN,NaN
2,NaN,NaN,NaN,NaN,NaN,NaN,NaN,NaN
3,NaN,NaN,NaN,NaN,NaN,NaN,NaN,NaN
4,NaN,NaN,NaN,NaN,NaN,NaN,NaN,NaN
5,NaN,NaN,NaN,NaN,NaN,NaN,NaN,NaN
6,NaN,NaN,NaN,NaN,NaN,NaN,NaN,NaN
7,NaN,NaN,NaN,NaN,NaN,NaN,NaN,NaN
8,NaN,NaN,NaN,NaN,NaN,NaN,NaN,NaN
9,NaN,NaN,NaN,NaN,NaN,NaN,NaN,NaN
10,NaN,NaN,NaN,NaN,NaN,NaN,NaN,NaN
11,NaN,NaN,NaN,NaN,NaN,NaN,NaN,NaN
1,NaN,NaN,NaN,NaN,NaN,NaN,NaN,NaN
2,NaN,NaN,NaN,NaN,NaN,NaN,NaN,NaN
3,NaN,NaN,NaN,NaN,NaN,NaN,NaN,NaN
4,NaN,NaN,NaN,NaN,NaN,NaN,NaN,NaN
5,NaN,NaN,NaN,NaN,NaN,NaN,NaN,NaN
6,NaN,NaN,NaN,NaN,NaN,NaN,NaN,NaN
7,NaN,NaN,NaN,NaN,NaN,NaN,NaN,NaN
8,NaN,NaN,NaN,NaN,NaN,NaN,NaN,NaN
9,NaN,NaN,NaN,NaN,NaN,NaN,NaN,NaN
10,NaN,NaN,NaN,NaN,NaN,NaN,NaN,NaN
11,NaN,NaN,NaN,NaN,NaN,NaN,NaN,NaN
1,NaN,NaN,NaN,NaN,NaN,NaN,NaN,NaN
2,NaN,NaN,NaN,NaN,NaN,NaN,NaN,NaN
3,NaN,NaN,NaN,NaN,NaN,NaN,NaN,NaN
4,NaN,NaN,NaN,NaN,NaN,NaN,NaN,NaN
5,NaN,NaN,NaN,NaN,NaN,NaN,NaN,NaN
6,NaN,NaN,NaN,NaN,NaN,NaN,NaN,NaN
7,NaN,NaN,NaN,NaN,NaN,NaN,NaN,NaN
8,NaN,NaN,NaN,NaN,NaN,NaN,NaN,NaN
9,NaN,NaN,NaN,NaN,NaN,NaN,NaN,NaN
10,NaN,NaN,NaN,NaN,NaN,NaN,NaN,NaN
11,NaN,NaN,NaN,NaN,NaN,NaN,NaN,NaN
1,NaN,NaN,NaN,NaN,NaN,NaN,NaN,NaN
2,NaN,NaN,NaN,NaN,NaN,NaN,NaN,NaN
3,NaN,NaN,NaN,NaN,NaN,NaN,NaN,NaN
4,NaN,NaN,NaN,NaN,NaN,NaN,NaN,NaN
5,NaN,NaN,NaN,NaN,NaN,NaN,NaN,NaN
6,NaN,NaN,NaN,NaN,NaN,NaN,NaN,NaN
7,NaN,NaN,NaN,NaN,NaN,NaN,NaN,NaN
8,NaN,NaN,NaN,NaN,NaN,NaN,NaN,NaN
9,NaN,NaN,NaN,NaN,NaN,NaN,NaN,NaN
10,NaN,NaN,NaN,NaN,NaN,NaN,NaN,NaN
11,NaN,NaN,NaN,NaN,NaN,NaN,NaN,NaN
1,NaN,NaN,NaN,NaN,NaN,NaN,NaN,NaN
2,NaN,NaN,NaN,NaN,NaN,NaN,NaN,NaN
3,NaN,NaN,NaN,NaN,NaN,NaN,NaN,NaN
4,NaN,NaN,NaN,NaN,NaN,NaN,NaN,NaN
5,NaN,NaN,NaN,NaN,NaN,NaN,NaN,NaN
6,NaN,NaN,NaN,NaN,NaN,NaN,NaN,NaN
7,NaN,NaN,NaN,NaN,NaN,NaN,NaN,NaN
8,NaN,NaN,NaN,NaN,NaN,NaN,NaN,NaN
9,NaN,NaN,NaN,NaN,NaN,NaN,NaN,NaN
10,NaN,NaN,NaN,NaN,NaN,NaN,NaN,NaN
11,NaN,NaN,NaN,NaN,NaN,NaN,NaN,NaN
1,NaN,NaN,NaN,NaN,NaN,NaN,NaN,NaN
2,NaN,NaN,NaN,NaN,NaN,NaN,NaN,NaN
3,NaN,NaN,NaN,NaN,NaN,NaN,NaN,NaN
4,NaN,NaN,NaN,NaN,NaN,NaN,NaN,NaN
5,NaN,NaN,NaN,NaN,NaN,NaN,NaN,NaN
6,NaN,NaN,NaN,NaN,NaN,NaN,NaN,NaN
7,NaN,NaN,NaN,NaN,NaN,NaN,NaN,NaN
8,NaN,NaN,NaN,NaN,NaN,NaN,NaN,NaN
9,NaN,NaN,NaN,NaN,NaN,NaN,NaN,NaN
10,NaN,NaN,NaN,NaN,NaN,NaN,NaN,NaN
11,NaN,NaN,NaN,NaN,NaN,NaN,NaN,NaN
1,NaN,NaN,NaN,NaN,NaN,NaN,NaN,NaN
2,NaN,NaN,NaN,NaN,NaN,NaN,NaN,NaN
3,NaN,NaN,NaN,NaN,NaN,NaN,NaN,NaN
4,NaN,NaN,NaN,NaN,NaN,NaN,NaN,NaN
5,NaN,NaN,NaN,NaN,NaN,NaN,NaN,NaN
6,NaN,NaN,NaN,NaN,NaN,NaN,NaN,NaN
7,NaN,NaN,NaN,NaN,NaN,NaN,NaN,NaN
8,NaN,NaN,NaN,NaN,NaN,NaN,NaN,NaN
9,NaN,NaN,NaN,NaN,NaN,NaN,NaN,NaN
10,NaN,NaN,NaN,NaN,NaN,NaN,NaN,NaN
11,NaN,NaN,NaN,NaN,NaN,NaN,NaN,NaN
1,NaN,NaN,NaN,NaN,NaN,NaN,NaN,NaN
2,NaN,NaN,NaN,NaN,NaN,NaN,NaN,NaN
3,NaN,NaN,NaN,NaN,NaN,NaN,NaN,NaN
4,NaN,NaN,NaN,NaN,NaN,NaN,NaN,NaN
5,NaN,NaN,NaN,NaN,NaN,NaN,NaN,NaN
6,NaN,NaN,NaN,NaN,NaN,NaN,NaN,NaN
7,NaN,NaN,NaN,NaN,NaN,NaN,NaN,NaN
8,NaN,NaN,NaN,NaN,NaN,NaN,NaN,NaN
9,NaN,NaN,NaN,NaN,NaN,NaN,NaN,NaN
10,NaN,NaN,NaN,NaN,NaN,NaN,NaN,NaN
11,NaN,NaN,NaN,NaN,NaN,NaN,NaN,NaN
1,NaN,NaN,NaN,NaN,NaN,NaN,NaN,NaN
2,NaN,NaN,NaN,NaN,NaN,NaN,NaN,NaN
3,NaN,NaN,NaN,NaN,NaN,NaN,NaN,NaN
4,NaN,NaN,NaN,NaN,NaN,NaN,NaN,NaN
5,NaN,NaN,NaN,NaN,NaN,NaN,NaN,NaN
6,NaN,NaN,NaN,NaN,NaN,NaN,NaN,NaN
7,NaN,NaN,NaN,NaN,NaN,NaN,NaN,NaN
8,NaN,NaN,NaN,NaN,NaN,NaN,NaN,NaN
9,NaN,NaN,NaN,NaN,NaN,NaN,NaN,NaN
10,NaN,NaN,NaN,NaN,NaN,NaN,NaN,NaN
11,NaN,NaN,NaN,NaN,NaN,NaN,NaN,NaN
1,NaN,NaN,NaN,NaN,NaN,NaN,NaN,NaN
2,NaN,NaN,NaN,NaN,NaN,NaN,NaN,NaN
3,NaN,NaN,NaN,NaN,NaN,NaN,NaN,NaN
4,NaN,NaN,NaN,NaN,NaN,NaN,NaN,NaN
5,NaN,NaN,NaN,NaN,NaN,NaN,NaN,NaN
6,NaN,NaN,NaN,NaN,NaN,NaN,NaN,NaN
7,NaN,NaN,NaN,NaN,NaN,NaN,NaN,NaN
8,NaN,NaN,NaN,NaN,NaN,NaN,NaN,NaN
9,NaN,NaN,NaN,NaN,NaN,NaN,NaN,NaN
10,NaN,NaN,NaN,NaN,NaN,NaN,NaN,NaN
11,NaN,NaN,NaN,NaN,NaN,NaN,NaN,NaN
1,NaN,NaN,NaN,NaN,NaN,NaN,NaN,NaN
2,NaN,NaN,NaN,NaN,NaN,NaN,NaN,NaN
3,NaN,NaN,NaN,NaN,NaN,NaN,NaN,NaN
4,NaN,NaN,NaN,NaN,NaN,NaN,NaN,NaN
5,NaN,NaN,NaN,NaN,NaN,NaN,NaN,NaN
6,NaN,NaN,NaN,NaN,NaN,NaN,NaN,NaN
7,NaN,NaN,NaN,NaN,NaN,NaN,NaN,NaN
8,NaN,NaN,NaN,NaN,NaN,NaN,NaN,NaN
9,NaN,NaN,NaN,NaN,NaN,NaN,NaN,NaN
10,NaN,NaN,NaN,NaN,NaN,NaN,NaN,NaN
11,NaN,NaN,NaN,NaN,NaN,NaN,NaN,NaN
1,NaN,NaN,NaN,NaN,NaN,NaN,NaN,NaN
2,NaN,NaN,NaN,NaN,NaN,NaN,NaN,NaN
3,NaN,NaN,NaN,NaN,NaN,NaN,NaN,NaN
4,NaN,NaN,NaN,NaN,NaN,NaN,NaN,NaN
5,NaN,NaN,NaN,NaN,NaN,NaN,NaN,NaN
6,NaN,NaN,NaN,NaN,NaN,NaN,NaN,NaN
7,NaN,NaN,NaN,NaN,NaN,NaN,NaN,NaN
8,NaN,NaN,NaN,NaN,NaN,NaN,NaN,NaN
9,NaN,NaN,NaN,NaN,NaN,NaN,NaN,NaN
10,NaN,NaN,NaN,NaN,NaN,NaN,NaN,NaN
11,NaN,NaN,NaN,NaN,NaN,NaN,NaN,NaN
1,NaN,NaN,NaN,NaN,NaN,NaN,NaN,NaN
2,NaN,NaN,NaN,NaN,NaN,NaN,NaN,NaN
3,NaN,NaN,NaN,NaN,NaN,NaN,NaN,NaN
4,NaN,NaN,NaN,NaN,NaN,NaN,NaN,NaN
5,NaN,NaN,NaN,NaN,NaN,NaN,NaN,NaN
6,NaN,NaN,NaN,NaN,NaN,NaN,NaN,NaN
7,NaN,NaN,NaN,NaN,NaN,NaN,NaN,NaN
8,NaN,NaN,NaN,NaN,NaN,NaN,NaN,NaN
9,NaN,NaN,NaN,NaN,NaN,NaN,NaN,NaN
10,NaN,NaN,NaN,NaN,NaN,NaN,NaN,NaN
11,NaN,NaN,NaN,NaN,NaN,NaN,NaN,NaN
1,NaN,NaN,NaN,NaN,NaN,NaN,NaN,NaN
2,NaN,NaN,NaN,NaN,NaN,NaN,NaN,NaN
3,NaN,NaN,NaN,NaN,NaN,NaN,NaN,NaN
4,NaN,NaN,NaN,NaN,NaN,NaN,NaN,NaN
5,NaN,NaN,NaN,NaN,NaN,NaN,NaN,NaN
6,NaN,NaN,NaN,NaN,NaN,NaN,NaN,NaN
7,NaN,NaN,NaN,NaN,NaN,NaN,NaN,NaN
8,NaN,NaN,NaN,NaN,NaN,NaN,NaN,NaN
9,NaN,NaN,NaN,NaN,NaN,NaN,NaN,NaN
10,NaN,NaN,NaN,NaN,NaN,NaN,NaN,NaN
11,NaN,NaN,NaN,NaN,NaN,NaN,NaN,NaN
1,NaN,NaN,NaN,NaN,NaN,NaN,NaN,NaN
2,NaN,NaN,NaN,NaN,NaN,NaN,NaN,NaN
3,NaN,NaN,NaN,NaN,NaN,NaN,NaN,NaN
4,NaN,NaN,NaN,NaN,NaN,NaN,NaN,NaN
5,NaN,NaN,NaN,NaN,NaN,NaN,NaN,NaN
6,NaN,NaN,NaN,NaN,NaN,NaN,NaN,NaN
7,NaN,NaN,NaN,NaN,NaN,NaN,NaN,NaN
8,NaN,NaN,NaN,NaN,NaN,NaN,NaN,NaN
9,NaN,NaN,NaN,NaN,NaN,NaN,NaN,NaN
10,NaN,NaN,NaN,NaN,NaN,NaN,NaN,NaN
11,NaN,NaN,NaN,NaN,NaN,NaN,NaN,NaN
1,NaN,NaN,NaN,NaN,NaN,NaN,NaN,NaN
2,NaN,NaN,NaN,NaN,NaN,NaN,NaN,NaN
3,NaN,NaN,NaN,NaN,NaN,NaN,NaN,NaN
4,NaN,NaN,NaN,NaN,NaN,NaN,NaN,NaN
5,NaN,NaN,NaN,NaN,NaN,NaN,NaN,NaN
6,NaN,NaN,NaN,NaN,NaN,NaN,NaN,NaN
7,NaN,NaN,NaN,NaN,NaN,NaN,NaN,NaN
8,NaN,NaN,NaN,NaN,NaN,NaN,NaN,NaN
9,NaN,NaN,NaN,NaN,NaN,NaN,NaN,NaN
10,NaN,NaN,NaN,NaN,NaN,NaN,NaN,NaN
11,NaN,NaN,NaN,NaN,NaN,NaN,NaN,NaN
1,NaN,NaN,NaN,NaN,NaN,NaN,NaN,NaN
2,NaN,NaN,NaN,NaN,NaN,NaN,NaN,NaN
3,NaN,NaN,NaN,NaN,NaN,NaN,NaN,NaN
4,NaN,NaN,NaN,NaN,NaN,NaN,NaN,NaN
5,NaN,NaN,NaN,NaN,NaN,NaN,NaN,NaN
6,NaN,NaN,NaN,NaN,NaN,NaN,NaN,NaN
7,NaN,NaN,NaN,NaN,NaN,NaN,NaN,NaN
8,NaN,NaN,NaN,NaN,NaN,NaN,NaN,NaN
9,NaN,NaN,NaN,NaN,NaN,NaN,NaN,NaN
10,NaN,NaN,NaN,NaN,NaN,NaN,NaN,NaN
11,NaN,NaN,NaN,NaN,NaN,NaN,NaN,NaN
1,NaN,NaN,NaN,NaN,NaN,NaN,NaN,NaN
2,NaN,NaN,NaN,NaN,NaN,NaN,NaN,NaN
3,NaN,NaN,NaN,NaN,NaN,NaN,NaN,NaN
4,NaN,NaN,NaN,NaN,NaN,NaN,NaN,NaN
5,NaN,NaN,NaN,NaN,NaN,NaN,NaN,NaN
6,NaN,NaN,NaN,NaN,NaN,NaN,NaN,NaN
7,NaN,NaN,NaN,NaN,NaN,NaN,NaN,NaN
8,NaN,NaN,NaN,NaN,NaN,NaN,NaN,NaN
9,NaN,NaN,NaN,NaN,NaN,NaN,NaN,NaN
10,NaN,NaN,NaN,NaN,NaN,NaN,NaN,NaN
11,NaN,NaN,NaN,NaN,NaN,NaN,NaN,NaN
1,NaN,NaN,NaN,NaN,NaN,NaN,NaN,NaN
2,NaN,NaN,NaN,NaN,NaN,NaN,NaN,NaN
3,NaN,NaN,NaN,NaN,NaN,NaN,NaN,NaN
4,NaN,NaN,NaN,NaN,NaN,NaN,NaN,NaN
5,NaN,NaN,NaN,NaN,NaN,NaN,NaN,NaN
6,NaN,NaN,NaN,NaN,NaN,NaN,NaN,NaN
7,NaN,NaN,NaN,NaN,NaN,NaN,NaN,NaN
8,NaN,NaN,NaN,NaN,NaN,NaN,NaN,NaN
9,NaN,NaN,NaN,NaN,NaN,NaN,NaN,NaN
10,NaN,NaN,NaN,NaN,NaN,NaN,NaN,NaN
11,NaN,NaN,NaN,NaN,NaN,NaN,NaN,NaN
1,NaN,NaN,NaN,NaN,NaN,NaN,NaN,NaN
2,NaN,NaN,NaN,NaN,NaN,NaN,NaN,NaN
3,NaN,NaN,NaN,NaN,NaN,NaN,NaN,NaN
4,NaN,NaN,NaN,NaN,NaN,NaN,NaN,NaN
5,NaN,NaN,NaN,NaN,NaN,NaN,NaN,NaN
6,NaN,NaN,NaN,NaN,NaN,NaN,NaN,NaN
7,NaN,NaN,NaN,NaN,NaN,NaN,NaN,NaN
8,NaN,NaN,NaN,NaN,NaN,NaN,NaN,NaN
9,NaN,NaN,NaN,NaN,NaN,NaN,NaN,NaN
10,NaN,NaN,NaN,NaN,NaN,NaN,NaN,NaN
11,NaN,NaN,NaN,NaN,NaN,NaN,NaN,NaN
1,NaN,NaN,NaN,NaN,NaN,NaN,NaN,NaN
2,NaN,NaN,NaN,NaN,NaN,NaN,NaN,NaN
3,NaN,NaN,NaN,NaN,NaN,NaN,NaN,NaN
4,NaN,NaN,NaN,NaN,NaN,NaN,NaN,NaN
5,NaN,NaN,NaN,NaN,NaN,NaN,NaN,NaN
6,NaN,NaN,NaN,NaN,NaN,NaN,NaN,NaN
7,NaN,NaN,NaN,NaN,NaN,NaN,NaN,NaN
8,NaN,NaN,NaN,NaN,NaN,NaN,NaN,NaN
9,NaN,NaN,NaN,NaN,NaN,NaN,NaN,NaN
10,NaN,NaN,NaN,NaN,NaN,NaN,NaN,NaN
11,NaN,NaN,NaN,NaN,NaN,NaN,NaN,NaN
1,NaN,NaN,NaN,NaN,NaN,NaN,NaN,NaN
2,NaN,NaN,NaN,NaN,NaN,NaN,NaN,NaN
3,NaN,NaN,NaN,NaN,NaN,NaN,NaN,NaN
4,NaN,NaN,NaN,NaN,NaN,NaN,NaN,NaN
5,NaN,NaN,NaN,NaN,NaN,NaN,NaN,NaN
6,NaN,NaN,NaN,NaN,NaN,NaN,NaN,NaN
7,NaN,NaN,NaN,NaN,NaN,NaN,NaN,NaN
8,NaN,NaN,NaN,NaN,NaN,NaN,NaN,NaN
9,NaN,NaN,NaN,NaN,NaN,NaN,NaN,NaN
10,NaN,NaN,NaN,NaN,NaN,NaN,NaN,NaN
11,NaN,NaN,NaN,NaN,NaN,NaN,NaN,NaN
1,NaN,NaN,NaN,NaN,NaN,NaN,NaN,NaN
2,NaN,NaN,NaN,NaN,NaN,NaN,NaN,NaN
3,NaN,NaN,NaN,NaN,NaN,NaN,NaN,NaN
4,NaN,NaN,NaN,NaN,NaN,NaN,NaN,NaN
5,NaN,NaN,NaN,NaN,NaN,NaN,NaN,NaN
6,NaN,NaN,NaN,NaN,NaN,NaN,NaN,NaN
7,NaN,NaN,NaN,NaN,NaN,NaN,NaN,NaN
8,NaN,NaN,NaN,NaN,NaN,NaN,NaN,NaN
9,NaN,NaN,NaN,NaN,NaN,NaN,NaN,NaN
10,NaN,NaN,NaN,NaN,NaN,NaN,NaN,NaN
11,NaN,NaN,NaN,NaN,NaN,NaN,NaN,NaN
1,NaN,NaN,NaN,NaN,NaN,NaN,NaN,NaN
2,NaN,NaN,NaN,NaN,NaN,NaN,NaN,NaN
3,NaN,NaN,NaN,NaN,NaN,NaN,NaN,NaN
4,NaN,NaN,NaN,NaN,NaN,NaN,NaN,NaN
5,NaN,NaN,NaN,NaN,NaN,NaN,NaN,NaN
6,NaN,NaN,NaN,NaN,NaN,NaN,NaN,NaN
7,NaN,NaN,NaN,NaN,NaN,NaN,NaN,NaN
8,NaN,NaN,NaN,NaN,NaN,NaN,NaN,NaN
9,NaN,NaN,NaN,NaN,NaN,NaN,NaN,NaN
10,NaN,NaN,NaN,NaN,NaN,NaN,NaN,NaN
11,NaN,NaN,NaN,NaN,NaN,NaN,NaN,NaN
1,NaN,NaN,NaN,NaN,NaN,NaN,NaN,NaN
2,NaN,NaN,NaN,NaN,NaN,NaN,NaN,NaN
3,NaN,NaN,NaN,NaN,NaN,NaN,NaN,NaN
4,NaN,NaN,NaN,NaN,NaN,NaN,NaN,NaN
5,NaN,NaN,NaN,NaN,NaN,NaN,NaN,NaN
6,NaN,NaN,NaN,NaN,NaN,NaN,NaN,NaN
7,NaN,NaN,NaN,NaN,NaN,NaN,NaN,NaN
8,NaN,NaN,NaN,NaN,NaN,NaN,NaN,NaN
9,NaN,NaN,NaN,NaN,NaN,NaN,NaN,NaN
10,NaN,NaN,NaN,NaN,NaN,NaN,NaN,NaN
11,NaN,NaN,NaN,NaN,NaN,NaN,NaN,NaN
1,NaN,NaN,NaN,NaN,NaN,NaN,NaN,NaN
2,NaN,NaN,NaN,NaN,NaN,NaN,NaN,NaN
3,NaN,NaN,NaN,NaN,NaN,NaN,NaN,NaN
4,NaN,NaN,NaN,NaN,NaN,NaN,NaN,NaN
5,NaN,NaN,NaN,NaN,NaN,NaN,NaN,NaN
6,NaN,NaN,NaN,NaN,NaN,NaN,NaN,NaN
7,NaN,NaN,NaN,NaN,NaN,NaN,NaN,NaN
8,NaN,NaN,NaN,NaN,NaN,NaN,NaN,NaN
9,NaN,NaN,NaN,NaN,NaN,NaN,NaN,NaN
10,NaN,NaN,NaN,NaN,NaN,NaN,NaN,NaN
11,NaN,NaN,NaN,NaN,NaN,NaN,NaN,NaN
1,NaN,NaN,NaN,NaN,NaN,NaN,NaN,NaN
2,NaN,NaN,NaN,NaN,NaN,NaN,NaN,NaN
3,NaN,NaN,NaN,NaN,NaN,NaN,NaN,NaN
4,NaN,NaN,NaN,NaN,NaN,NaN,NaN,NaN
5,NaN,NaN,NaN,NaN,NaN,NaN,NaN,NaN
6,NaN,NaN,NaN,NaN,NaN,NaN,NaN,NaN
7,NaN,NaN,NaN,NaN,NaN,NaN,NaN,NaN
8,NaN,NaN,NaN,NaN,NaN,NaN,NaN,NaN
9,NaN,NaN,NaN,NaN,NaN,NaN,NaN,NaN
10,NaN,NaN,NaN,NaN,NaN,NaN,NaN,NaN
11,NaN,NaN,NaN,NaN,NaN,NaN,NaN,NaN
1,NaN,NaN,NaN,NaN,NaN,NaN,NaN,NaN
2,NaN,NaN,NaN,NaN,NaN,NaN,NaN,NaN
3,NaN,NaN,NaN,NaN,NaN,NaN,NaN,NaN
4,NaN,NaN,NaN,NaN,NaN,NaN,NaN,NaN
5,NaN,NaN,NaN,NaN,NaN,NaN,NaN,NaN
6,NaN,NaN,NaN,NaN,NaN,NaN,NaN,NaN
7,NaN,NaN,NaN,NaN,NaN,NaN,NaN,NaN
8,NaN,NaN,NaN,NaN,NaN,NaN,NaN,NaN
9,NaN,NaN,NaN,NaN,NaN,NaN,NaN,NaN
10,NaN,NaN,NaN,NaN,NaN,NaN,NaN,NaN
11,NaN,NaN,NaN,NaN,NaN,NaN,NaN,NaN
1,NaN,NaN,NaN,NaN,NaN,NaN,NaN,NaN
2,NaN,NaN,NaN,NaN,NaN,NaN,NaN,NaN
3,NaN,NaN,NaN,NaN,NaN,NaN,NaN,NaN
4,NaN,NaN,NaN,NaN,NaN,NaN,NaN,NaN
5,NaN,NaN,NaN,NaN,NaN,NaN,NaN,NaN
6,NaN,NaN,NaN,NaN,NaN,NaN,NaN,NaN
7,NaN,NaN,NaN,NaN,NaN,NaN,NaN,NaN
8,NaN,NaN,NaN,NaN,NaN,NaN,NaN,NaN
9,NaN,NaN,NaN,NaN,NaN,NaN,NaN,NaN
10,NaN,NaN,NaN,NaN,NaN,NaN,NaN,NaN
11,NaN,NaN,NaN,NaN,NaN,NaN,NaN,NaN
1,NaN,NaN,NaN,NaN,NaN,NaN,NaN,NaN
2,NaN,NaN,NaN,NaN,NaN,NaN,NaN,NaN
3,NaN,NaN,NaN,NaN,NaN,NaN,NaN,NaN
4,NaN,NaN,NaN,NaN,NaN,NaN,NaN,NaN
5,NaN,NaN,NaN,NaN,NaN,NaN,NaN,NaN
6,NaN,NaN,NaN,NaN,NaN,NaN,NaN,NaN
7,NaN,NaN,NaN,NaN,NaN,NaN,NaN,NaN
8,NaN,NaN,NaN,NaN,NaN,NaN,NaN,NaN
9,NaN,NaN,NaN,NaN,NaN,NaN,NaN,NaN
10,NaN,NaN,NaN,NaN,NaN,NaN,NaN,NaN
11,NaN,NaN,NaN,NaN,NaN,NaN,NaN,NaN
1,NaN,NaN,NaN,NaN,NaN,NaN,NaN,NaN
2,NaN,NaN,NaN,NaN,NaN,NaN,NaN,NaN
3,NaN,NaN,NaN,NaN,NaN,NaN,NaN,NaN
4,NaN,NaN,NaN,NaN,NaN,NaN,NaN,NaN
5,NaN,NaN,NaN,NaN,NaN,NaN,NaN,NaN
6,NaN,NaN,NaN,NaN,NaN,NaN,NaN,NaN
7,NaN,NaN,NaN,NaN,NaN,NaN,NaN,NaN
8,NaN,NaN,NaN,NaN,NaN,NaN,NaN,NaN
9,NaN,NaN,NaN,NaN,NaN,NaN,NaN,NaN
10,NaN,NaN,NaN,NaN,NaN,NaN,NaN,NaN
11,NaN,NaN,NaN,NaN,NaN,NaN,NaN,NaN
1,NaN,NaN,NaN,NaN,NaN,NaN,NaN,NaN
2,NaN,NaN,NaN,NaN,NaN,NaN,NaN,NaN
3,NaN,NaN,NaN,NaN,NaN,NaN,NaN,NaN
4,NaN,NaN,NaN,NaN,NaN,NaN,NaN,NaN
5,NaN,NaN,NaN,NaN,NaN,NaN,NaN,NaN
6,NaN,NaN,NaN,NaN,NaN,NaN,NaN,NaN
7,NaN,NaN,NaN,NaN,NaN,NaN,NaN,NaN
8,NaN,NaN,NaN,NaN,NaN,NaN,NaN,NaN
9,NaN,NaN,NaN,NaN,NaN,NaN,NaN,NaN
10,NaN,NaN,NaN,NaN,NaN,NaN,NaN,NaN
11,NaN,NaN,NaN,NaN,NaN,NaN,NaN,NaN
1,NaN,NaN,NaN,NaN,NaN,NaN,NaN,NaN
2,NaN,NaN,NaN,NaN,NaN,NaN,NaN,NaN
3,NaN,NaN,NaN,NaN,NaN,NaN,NaN,NaN
4,NaN,NaN,NaN,NaN,NaN,NaN,NaN,NaN
5,NaN,NaN,NaN,NaN,NaN,NaN,NaN,NaN
6,NaN,NaN,NaN,NaN,NaN,NaN,NaN,NaN
7,NaN,NaN,NaN,NaN,NaN,NaN,NaN,NaN
8,NaN,NaN,NaN,NaN,NaN,NaN,NaN,NaN
9,NaN,NaN,NaN,NaN,NaN,NaN,NaN,NaN
10,NaN,NaN,NaN,NaN,NaN,NaN,NaN,NaN
11,NaN,NaN,NaN,NaN,NaN,NaN,NaN,NaN
1,NaN,NaN,NaN,NaN,NaN,NaN,NaN,NaN
2,NaN,NaN,NaN,NaN,NaN,NaN,NaN,NaN
3,NaN,NaN,NaN,NaN,NaN,NaN,NaN,NaN
4,NaN,NaN,NaN,NaN,NaN,NaN,NaN,NaN
5,NaN,NaN,NaN,NaN,NaN,NaN,NaN,NaN
6,NaN,NaN,NaN,NaN,NaN,NaN,NaN,NaN
7,NaN,NaN,NaN,NaN,NaN,NaN,NaN,NaN
8,NaN,NaN,NaN,NaN,NaN,NaN,NaN,NaN
9,NaN,NaN,NaN,NaN,NaN,NaN,NaN,NaN
10,NaN,NaN,NaN,NaN,NaN,NaN,NaN,NaN
11,NaN,NaN,NaN,NaN,NaN,NaN,NaN,NaN
1,NaN,NaN,NaN,NaN,NaN,NaN,NaN,NaN
2,NaN,NaN,NaN,NaN,NaN,NaN,NaN,NaN
3,NaN,NaN,NaN,NaN,NaN,NaN,NaN,NaN
4,NaN,NaN,NaN,NaN,NaN,NaN,NaN,NaN
5,NaN,NaN,NaN,NaN,NaN,NaN,NaN,NaN
6,NaN,NaN,NaN,NaN,NaN,NaN,NaN,NaN
7,NaN,NaN,NaN,NaN,NaN,NaN,NaN,NaN
8,NaN,NaN,NaN,NaN,NaN,NaN,NaN,NaN
9,NaN,NaN,NaN,NaN,NaN,NaN,NaN,NaN
10,NaN,NaN,NaN,NaN,NaN,NaN,NaN,NaN
11,NaN,NaN,NaN,NaN,NaN,NaN,NaN,NaN
1,NaN,NaN,NaN,NaN,NaN,NaN,NaN,NaN
2,NaN,NaN,NaN,NaN,NaN,NaN,NaN,NaN
3,NaN,NaN,NaN,NaN,NaN,NaN,NaN,NaN
4,NaN,NaN,NaN,NaN,NaN,NaN,NaN,NaN
5,NaN,NaN,NaN,NaN,NaN,NaN,NaN,NaN
6,NaN,NaN,NaN,NaN,NaN,NaN,NaN,NaN
7,NaN,NaN,NaN,NaN,NaN,NaN,NaN,NaN
8,NaN,NaN,NaN,NaN,NaN,NaN,NaN,NaN
9,NaN,NaN,NaN,NaN,NaN,NaN,NaN,NaN
10,NaN,NaN,NaN,NaN,NaN,NaN,NaN,NaN
11,NaN,NaN,NaN,NaN,NaN,NaN,NaN,NaN
1,NaN,NaN,NaN,NaN,NaN,NaN,NaN,NaN
2,NaN,NaN,NaN,NaN,NaN,NaN,NaN,NaN
3,NaN,NaN,NaN,NaN,NaN,NaN,NaN,NaN
4,NaN,NaN,NaN,NaN,NaN,NaN,NaN,NaN
5,NaN,NaN,NaN,NaN,NaN,NaN,NaN,NaN
6,NaN,NaN,NaN,NaN,NaN,NaN,NaN,NaN
7,NaN,NaN,NaN,NaN,NaN,NaN,NaN,NaN
8,NaN,NaN,NaN,NaN,NaN,NaN,NaN,NaN
9,NaN,NaN,NaN,NaN,NaN,NaN,NaN,NaN
10,NaN,NaN,NaN,NaN,NaN,NaN,NaN,NaN
11,NaN,NaN,NaN,NaN,NaN,NaN,NaN,NaN
1,NaN,NaN,NaN,NaN,NaN,NaN,NaN,NaN
2,NaN,NaN,NaN,NaN,NaN,NaN,NaN,NaN
3,NaN,NaN,NaN,NaN,NaN,NaN,NaN,NaN
4,NaN,NaN,NaN,NaN,NaN,NaN,NaN,NaN
5,NaN,NaN,NaN,NaN,NaN,NaN,NaN,NaN
6,NaN,NaN,NaN,NaN,NaN,NaN,NaN,NaN
7,NaN,NaN,NaN,NaN,NaN,NaN,NaN,NaN
8,NaN,NaN,NaN,NaN,NaN,NaN,NaN,NaN
9,NaN,NaN,NaN,NaN,NaN,NaN,NaN,NaN
10,NaN,NaN,NaN,NaN,NaN,NaN,NaN,NaN
11,NaN,NaN,NaN,NaN,NaN,NaN,NaN,NaN
1,NaN,NaN,NaN,NaN,NaN,NaN,NaN,NaN
2,NaN,NaN,NaN,NaN,NaN,NaN,NaN,NaN
3,NaN,NaN,NaN,NaN,NaN,NaN,NaN,NaN
4,NaN,NaN,NaN,NaN,NaN,NaN,NaN,NaN
5,NaN,NaN,NaN,NaN,NaN,NaN,NaN,NaN
6,NaN,NaN,NaN,NaN,NaN,NaN,NaN,NaN
7,NaN,NaN,NaN,NaN,NaN,NaN,NaN,NaN
8,NaN,NaN,NaN,NaN,NaN,NaN,NaN,NaN
9,NaN,NaN,NaN,NaN,NaN,NaN,NaN,NaN
10,NaN,NaN,NaN,NaN,NaN,NaN,NaN,NaN
11,NaN,NaN,NaN,NaN,NaN,NaN,NaN,NaN
1,NaN,NaN,NaN,NaN,NaN,NaN,NaN,NaN
2,NaN,NaN,NaN,NaN,NaN,NaN,NaN,NaN
3,NaN,NaN,NaN,NaN,NaN,NaN,NaN,NaN
4,NaN,NaN,NaN,NaN,NaN,NaN,NaN,NaN
5,NaN,NaN,NaN,NaN,NaN,NaN,NaN,NaN
6,NaN,NaN,NaN,NaN,NaN,NaN,NaN,NaN
7,NaN,NaN,NaN,NaN,NaN,NaN,NaN,NaN
8,NaN,NaN,NaN,NaN,NaN,NaN,NaN,NaN
9,NaN,NaN,NaN,NaN,NaN,NaN,NaN,NaN
10,NaN,NaN,NaN,NaN,NaN,NaN,NaN,NaN
11,NaN,NaN,NaN,NaN,NaN,NaN,NaN,NaN
1,NaN,NaN,NaN,NaN,NaN,NaN,NaN,NaN
2,NaN,NaN,NaN,NaN,NaN,NaN,NaN,NaN
3,NaN,NaN,NaN,NaN,NaN,NaN,NaN,NaN
4,NaN,NaN,NaN,NaN,NaN,NaN,NaN,NaN
5,NaN,NaN,NaN,NaN,NaN,NaN,NaN,NaN
6,NaN,NaN,NaN,NaN,NaN,NaN,NaN,NaN
7,NaN,NaN,NaN,NaN,NaN,NaN,NaN,NaN
8,NaN,NaN,NaN,NaN,NaN,NaN,NaN,NaN
9,NaN,NaN,NaN,NaN,NaN,NaN,NaN,NaN
10,NaN,NaN,NaN,NaN,NaN,NaN,NaN,NaN
11,NaN,NaN,NaN,NaN,NaN,NaN,NaN,NaN
1,NaN,NaN,NaN,NaN,NaN,NaN,NaN,NaN
2,NaN,NaN,NaN,NaN,NaN,NaN,NaN,NaN
3,NaN,NaN,NaN,NaN,NaN,NaN,NaN,NaN
4,NaN,NaN,NaN,NaN,NaN,NaN,NaN,NaN
5,NaN,NaN,NaN,NaN,NaN,NaN,NaN,NaN
6,NaN,NaN,NaN,NaN,NaN,NaN,NaN,NaN
7,NaN,NaN,NaN,NaN,NaN,NaN,NaN,NaN
8,NaN,NaN,NaN,NaN,NaN,NaN,NaN,NaN
9,NaN,NaN,NaN,NaN,NaN,NaN,NaN,NaN
10,NaN,NaN,NaN,NaN,NaN,NaN,NaN,NaN
11,NaN,NaN,NaN,NaN,NaN,NaN,NaN,NaN
1,NaN,NaN,NaN,NaN,NaN,NaN,NaN,NaN
2,NaN,NaN,NaN,NaN,NaN,NaN,NaN,NaN
3,NaN,NaN,NaN,NaN,NaN,NaN,NaN,NaN
4,NaN,NaN,NaN,NaN,NaN,NaN,NaN,NaN
5,NaN,NaN,NaN,NaN,NaN,NaN,NaN,NaN
6,NaN,NaN,NaN,NaN,NaN,NaN,NaN,NaN
7,NaN,NaN,NaN,NaN,NaN,NaN,NaN,NaN
8,NaN,NaN,NaN,NaN,NaN,NaN,NaN,NaN
9,NaN,NaN,NaN,NaN,NaN,NaN,NaN,NaN
10,NaN,NaN,NaN,NaN,NaN,NaN,NaN,NaN
11,NaN,NaN,NaN,NaN,NaN,NaN,NaN,NaN
1,NaN,NaN,NaN,NaN,NaN,NaN,NaN,NaN
2,NaN,NaN,NaN,NaN,NaN,NaN,NaN,NaN
3,NaN,NaN,NaN,NaN,NaN,NaN,NaN,NaN
4,NaN,NaN,NaN,NaN,NaN,NaN,NaN,NaN
5,NaN,NaN,NaN,NaN,NaN,NaN,NaN,NaN
6,NaN,NaN,NaN,NaN,NaN,NaN,NaN,NaN
7,NaN,NaN,NaN,NaN,NaN,NaN,NaN,NaN
8,NaN,NaN,NaN,NaN,NaN,NaN,NaN,NaN
9,NaN,NaN,NaN,NaN,NaN,NaN,NaN,NaN
10,NaN,NaN,NaN,NaN,NaN,NaN,NaN,NaN
11,NaN,NaN,NaN,NaN,NaN,NaN,NaN,NaN
1,NaN,NaN,NaN,NaN,NaN,NaN,NaN,NaN
2,NaN,NaN,NaN,NaN,NaN,NaN,NaN,NaN
3,NaN,NaN,NaN,NaN,NaN,NaN,NaN,NaN
4,NaN,NaN,NaN,NaN,NaN,NaN,NaN,NaN
5,NaN,NaN,NaN,NaN,NaN,NaN,NaN,NaN
6,NaN,NaN,NaN,NaN,NaN,NaN,NaN,NaN
7,NaN,NaN,NaN,NaN,NaN,NaN,NaN,NaN
8,NaN,NaN,NaN,NaN,NaN,NaN,NaN,NaN
9,NaN,NaN,NaN,NaN,NaN,NaN,NaN,NaN
10,NaN,NaN,NaN,NaN,NaN,NaN,NaN,NaN
11,NaN,NaN,NaN,NaN,NaN,NaN,NaN,NaN
1,NaN,NaN,NaN,NaN,NaN,NaN,NaN,NaN
2,NaN,NaN,NaN,NaN,NaN,NaN,NaN,NaN
3,NaN,NaN,NaN,NaN,NaN,NaN,NaN,NaN
4,NaN,NaN,NaN,NaN,NaN,NaN,NaN,NaN
5,NaN,NaN,NaN,NaN,NaN,NaN,NaN,NaN
6,NaN,NaN,NaN,NaN,NaN,NaN,NaN,NaN
7,NaN,NaN,NaN,NaN,NaN,NaN,NaN,NaN
8,NaN,NaN,NaN,NaN,NaN,NaN,NaN,NaN
9,NaN,NaN,NaN,NaN,NaN,NaN,NaN,NaN
10,NaN,NaN,NaN,NaN,NaN,NaN,NaN,NaN
11,NaN,NaN,NaN,NaN,NaN,NaN,NaN,NaN
1,NaN,NaN,NaN,NaN,NaN,NaN,NaN,NaN
2,NaN,NaN,NaN,NaN,NaN,NaN,NaN,NaN
3,NaN,NaN,NaN,NaN,NaN,NaN,NaN,NaN
4,NaN,NaN,NaN,NaN,NaN,NaN,NaN,NaN
5,NaN,NaN,NaN,NaN,NaN,NaN,NaN,NaN
6,NaN,NaN,NaN,NaN,NaN,NaN,NaN,NaN
7,NaN,NaN,NaN,NaN,NaN,NaN,NaN,NaN
8,NaN,NaN,NaN,NaN,NaN,NaN,NaN,NaN
9,NaN,NaN,NaN,NaN,NaN,NaN,NaN,NaN
10,NaN,NaN,NaN,NaN,NaN,NaN,NaN,NaN
11,NaN,NaN,NaN,NaN,NaN,NaN,NaN,NaN
1,NaN,NaN,NaN,NaN,NaN,NaN,NaN,NaN
2,NaN,NaN,NaN,NaN,NaN,NaN,NaN,NaN
3,NaN,NaN,NaN,NaN,NaN,NaN,NaN,NaN
4,NaN,NaN,NaN,NaN,NaN,NaN,NaN,NaN
5,NaN,NaN,NaN,NaN,NaN,NaN,NaN,NaN
6,NaN,NaN,NaN,NaN,NaN,NaN,NaN,NaN
7,NaN,NaN,NaN,NaN,NaN,NaN,NaN,NaN
8,NaN,NaN,NaN,NaN,NaN,NaN,NaN,NaN
9,NaN,NaN,NaN,NaN,NaN,NaN,NaN,NaN
10,NaN,NaN,NaN,NaN,NaN,NaN,NaN,NaN
11,NaN,NaN,NaN,NaN,NaN,NaN,NaN,NaN
1,NaN,NaN,NaN,NaN,NaN,NaN,NaN,NaN
2,NaN,NaN,NaN,NaN,NaN,NaN,NaN,NaN
3,NaN,NaN,NaN,NaN,NaN,NaN,NaN,NaN
4,NaN,NaN,NaN,NaN,NaN,NaN,NaN,NaN
5,NaN,NaN,NaN,NaN,NaN,NaN,NaN,NaN
6,NaN,NaN,NaN,NaN,NaN,NaN,NaN,NaN
7,NaN,NaN,NaN,NaN,NaN,NaN,NaN,NaN
8,NaN,NaN,NaN,NaN,NaN,NaN,NaN,NaN
9,NaN,NaN,NaN,NaN,NaN,NaN,NaN,NaN
10,NaN,NaN,NaN,NaN,NaN,NaN,NaN,NaN
11,NaN,NaN,NaN,NaN,NaN,NaN,NaN,NaN
1,NaN,NaN,NaN,NaN,NaN,NaN,NaN,NaN
2,NaN,NaN,NaN,NaN,NaN,NaN,NaN,NaN
3,NaN,NaN,NaN,NaN,NaN,NaN,NaN,NaN
4,NaN,NaN,NaN,NaN,NaN,NaN,NaN,NaN
5,NaN,NaN,NaN,NaN,NaN,NaN,NaN,NaN
6,NaN,NaN,NaN,NaN,NaN,NaN,NaN,NaN
7,NaN,NaN,NaN,NaN,NaN,NaN,NaN,NaN
8,NaN,NaN,NaN,NaN,NaN,NaN,NaN,NaN
9,NaN,NaN,NaN,NaN,NaN,NaN,NaN,NaN
10,NaN,NaN,NaN,NaN,NaN,NaN,NaN,NaN
11,NaN,NaN,NaN,NaN,NaN,NaN,NaN,NaN
1,NaN,NaN,NaN,NaN,NaN,NaN,NaN,NaN
2,NaN,NaN,NaN,NaN,NaN,NaN,NaN,NaN
3,NaN,NaN,NaN,NaN,NaN,NaN,NaN,NaN
4,NaN,NaN,NaN,NaN,NaN,NaN,NaN,NaN
5,NaN,NaN,NaN,NaN,NaN,NaN,NaN,NaN
6,NaN,NaN,NaN,NaN,NaN,NaN,NaN,NaN
7,NaN,NaN,NaN,NaN,NaN,NaN,NaN,NaN
8,NaN,NaN,NaN,NaN,NaN,NaN,NaN,NaN
9,NaN,NaN,NaN,NaN,NaN,NaN,NaN,NaN
10,NaN,NaN,NaN,NaN,NaN,NaN,NaN,NaN
11,NaN,NaN,NaN,NaN,NaN,NaN,NaN,NaN
1,NaN,NaN,NaN,NaN,NaN,NaN,NaN,NaN
2,NaN,NaN,NaN,NaN,NaN,NaN,NaN,NaN
3,NaN,NaN,NaN,NaN,NaN,NaN,NaN,NaN
4,NaN,NaN,NaN,NaN,NaN,NaN,NaN,NaN
5,NaN,NaN,NaN,NaN,NaN,NaN,NaN,NaN
6,NaN,NaN,NaN,NaN,NaN,NaN,NaN,NaN
7,NaN,NaN,NaN,NaN,NaN,NaN,NaN,NaN
8,NaN,NaN,NaN,NaN,NaN,NaN,NaN,NaN
9,NaN,NaN,NaN,NaN,NaN,NaN,NaN,NaN
10,NaN,NaN,NaN,NaN,NaN,NaN,NaN,NaN
11,NaN,NaN,NaN,NaN,NaN,NaN,NaN,NaN
1,NaN,NaN,NaN,NaN,NaN,NaN,NaN,NaN
2,NaN,NaN,NaN,NaN,NaN,NaN,NaN,NaN
3,NaN,NaN,NaN,NaN,NaN,NaN,NaN,NaN
4,NaN,NaN,NaN,NaN,NaN,NaN,NaN,NaN
5,NaN,NaN,NaN,NaN,NaN,NaN,NaN,NaN
6,NaN,NaN,NaN,NaN,NaN,NaN,NaN,NaN
7,NaN,NaN,NaN,NaN,NaN,NaN,NaN,NaN
8,NaN,NaN,NaN,NaN,NaN,NaN,NaN,NaN
9,NaN,NaN,NaN,NaN,NaN,NaN,NaN,NaN
10,NaN,NaN,NaN,NaN,NaN,NaN,NaN,NaN
11,NaN,NaN,NaN,NaN,NaN,NaN,NaN,NaN
1,NaN,NaN,NaN,NaN,NaN,NaN,NaN,NaN
2,NaN,NaN,NaN,NaN,NaN,NaN,NaN,NaN
3,NaN,NaN,NaN,NaN,NaN,NaN,NaN,NaN
4,NaN,NaN,NaN,NaN,NaN,NaN,NaN,NaN
5,NaN,NaN,NaN,NaN,NaN,NaN,NaN,NaN
6,NaN,NaN,NaN,NaN,NaN,NaN,NaN,NaN
7,NaN,NaN,NaN,NaN,NaN,NaN,NaN,NaN
8,NaN,NaN,NaN,NaN,NaN,NaN,NaN,NaN
9,NaN,NaN,NaN,NaN,NaN,NaN,NaN,NaN
10,NaN,NaN,NaN,NaN,NaN,NaN,NaN,NaN
11,NaN,NaN,NaN,NaN,NaN,NaN,NaN,NaN
1,NaN,NaN,NaN,NaN,NaN,NaN,NaN,NaN
2,NaN,NaN,NaN,NaN,NaN,NaN,NaN,NaN
3,NaN,NaN,NaN,NaN,NaN,NaN,NaN,NaN
4,NaN,NaN,NaN,NaN,NaN,NaN,NaN,NaN
5,NaN,NaN,NaN,NaN,NaN,NaN,NaN,NaN
6,NaN,NaN,NaN,NaN,NaN,NaN,NaN,NaN
7,NaN,NaN,NaN,NaN,NaN,NaN,NaN,NaN
8,NaN,NaN,NaN,NaN,NaN,NaN,NaN,NaN
9,NaN,NaN,NaN,NaN,NaN,NaN,NaN,NaN
10,NaN,NaN,NaN,NaN,NaN,NaN,NaN,NaN
11,NaN,NaN,NaN,NaN,NaN,NaN,NaN,NaN
1,NaN,NaN,NaN,NaN,NaN,NaN,NaN,NaN
2,NaN,NaN,NaN,NaN,NaN,NaN,NaN,NaN
3,NaN,NaN,NaN,NaN,NaN,NaN,NaN,NaN
4,NaN,NaN,NaN,NaN,NaN,NaN,NaN,NaN
5,NaN,NaN,NaN,NaN,NaN,NaN,NaN,NaN
6,NaN,NaN,NaN,NaN,NaN,NaN,NaN,NaN
7,NaN,NaN,NaN,NaN,NaN,NaN,NaN,NaN
8,NaN,NaN,NaN,NaN,NaN,NaN,NaN,NaN
9,NaN,NaN,NaN,NaN,NaN,NaN,NaN,NaN
10,NaN,NaN,NaN,NaN,NaN,NaN,NaN,NaN
11,NaN,NaN,NaN,NaN,NaN,NaN,NaN,NaN
1,NaN,NaN,NaN,NaN,NaN,NaN,NaN,NaN
2,NaN,NaN,NaN,NaN,NaN,NaN,NaN,NaN
3,NaN,NaN,NaN,NaN,NaN,NaN,NaN,NaN
4,NaN,NaN,NaN,NaN,NaN,NaN,NaN,NaN
5,NaN,NaN,NaN,NaN,NaN,NaN,NaN,NaN
6,NaN,NaN,NaN,NaN,NaN,NaN,NaN,NaN
7,NaN,NaN,NaN,NaN,NaN,NaN,NaN,NaN
8,NaN,NaN,NaN,NaN,NaN,NaN,NaN,NaN
9,NaN,NaN,NaN,NaN,NaN,NaN,NaN,NaN
10,NaN,NaN,NaN,NaN,NaN,NaN,NaN,NaN
11,NaN,NaN,NaN,NaN,NaN,NaN,NaN,NaN
1,NaN,NaN,NaN,NaN,NaN,NaN,NaN,NaN
2,NaN,NaN,NaN,NaN,NaN,NaN,NaN,NaN
3,NaN,NaN,NaN,NaN,NaN,NaN,NaN,NaN
4,NaN,NaN,NaN,NaN,NaN,NaN,NaN,NaN
5,NaN,NaN,NaN,NaN,NaN,NaN,NaN,NaN
6,NaN,NaN,NaN,NaN,NaN,NaN,NaN,NaN
7,NaN,NaN,NaN,NaN,NaN,NaN,NaN,NaN
8,NaN,NaN,NaN,NaN,NaN,NaN,NaN,NaN
9,NaN,NaN,NaN,NaN,NaN,NaN,NaN,NaN
10,NaN,NaN,NaN,NaN,NaN,NaN,NaN,NaN
11,NaN,NaN,NaN,NaN,NaN,NaN,NaN,NaN
1,NaN,NaN,NaN,NaN,NaN,NaN,NaN,NaN
2,NaN,NaN,NaN,NaN,NaN,NaN,NaN,NaN
3,NaN,NaN,NaN,NaN,NaN,NaN,NaN,NaN
4,NaN,NaN,NaN,NaN,NaN,NaN,NaN,NaN
5,NaN,NaN,NaN,NaN,NaN,NaN,NaN,NaN
6,NaN,NaN,NaN,NaN,NaN,NaN,NaN,NaN
7,NaN,NaN,NaN,NaN,NaN,NaN,NaN,NaN
8,NaN,NaN,NaN,NaN,NaN,NaN,NaN,NaN
9,NaN,NaN,NaN,NaN,NaN,NaN,NaN,NaN
10,NaN,NaN,NaN,NaN,NaN,NaN,NaN,NaN
11,NaN,NaN,NaN,NaN,NaN,NaN,NaN,NaN
1,NaN,NaN,NaN,NaN,NaN,NaN,NaN,NaN
2,NaN,NaN,NaN,NaN,NaN,NaN,NaN,NaN
3,NaN,NaN,NaN,NaN,NaN,NaN,NaN,NaN
4,NaN,NaN,NaN,NaN,NaN,NaN,NaN,NaN
5,NaN,NaN,NaN,NaN,NaN,NaN,NaN,NaN
6,NaN,NaN,NaN,NaN,NaN,NaN,NaN,NaN
7,NaN,NaN,NaN,NaN,NaN,NaN,NaN,NaN
8,NaN,NaN,NaN,NaN,NaN,NaN,NaN,NaN
9,NaN,NaN,NaN,NaN,NaN,NaN,NaN,NaN
10,NaN,NaN,NaN,NaN,NaN,NaN,NaN,NaN
11,NaN,NaN,NaN,NaN,NaN,NaN,NaN,NaN
1,NaN,NaN,NaN,NaN,NaN,NaN,NaN,NaN
2,NaN,NaN,NaN,NaN,NaN,NaN,NaN,NaN
3,NaN,NaN,NaN,NaN,NaN,NaN,NaN,NaN
4,NaN,NaN,NaN,NaN,NaN,NaN,NaN,NaN
5,NaN,NaN,NaN,NaN,NaN,NaN,NaN,NaN
6,NaN,NaN,NaN,NaN,NaN,NaN,NaN,NaN
7,NaN,NaN,NaN,NaN,NaN,NaN,NaN,NaN
8,NaN,NaN,NaN,NaN,NaN,NaN,NaN,NaN
9,NaN,NaN,NaN,NaN,NaN,NaN,NaN,NaN
10,NaN,NaN,NaN,NaN,NaN,NaN,NaN,NaN
11,NaN,NaN,NaN,NaN,NaN,NaN,NaN,NaN
1,NaN,NaN,NaN,NaN,NaN,NaN,NaN,NaN
2,NaN,NaN,NaN,NaN,NaN,NaN,NaN,NaN
3,NaN,NaN,NaN,NaN,NaN,NaN,NaN,NaN
4,NaN,NaN,NaN,NaN,NaN,NaN,NaN,NaN
5,NaN,NaN,NaN,NaN,NaN,NaN,NaN,NaN
6,NaN,NaN,NaN,NaN,NaN,NaN,NaN,NaN
7,NaN,NaN,NaN,NaN,NaN,NaN,NaN,NaN
8,NaN,NaN,NaN,NaN,NaN,NaN,NaN,NaN
9,NaN,NaN,NaN,NaN,NaN,NaN,NaN,NaN
10,NaN,NaN,NaN,NaN,NaN,NaN,NaN,NaN
11,NaN,NaN,NaN,NaN,NaN,NaN,NaN,NaN
1,NaN,NaN,NaN,NaN,NaN,NaN,NaN,NaN
2,NaN,NaN,NaN,NaN,NaN,NaN,NaN,NaN
3,NaN,NaN,NaN,NaN,NaN,NaN,NaN,NaN
4,NaN,NaN,NaN,NaN,NaN,NaN,NaN,NaN
5,NaN,NaN,NaN,NaN,NaN,NaN,NaN,NaN
6,NaN,NaN,NaN,NaN,NaN,NaN,NaN,NaN
7,NaN,NaN,NaN,NaN,NaN,NaN,NaN,NaN
8,NaN,NaN,NaN,NaN,NaN,NaN,NaN,NaN
9,NaN,NaN,NaN,NaN,NaN,NaN,NaN,NaN
10,NaN,NaN,NaN,NaN,NaN,NaN,NaN,NaN
11,NaN,NaN,NaN,NaN,NaN,NaN,NaN,NaN
1,NaN,NaN,NaN,NaN,NaN,NaN,NaN,NaN
2,NaN,NaN,NaN,NaN,NaN,NaN,NaN,NaN
3,NaN,NaN,NaN,NaN,NaN,NaN,NaN,NaN
4,NaN,NaN,NaN,NaN,NaN,NaN,NaN,NaN
5,NaN,NaN,NaN,NaN,NaN,NaN,NaN,NaN
6,NaN,NaN,NaN,NaN,NaN,NaN,NaN,NaN
7,NaN,NaN,NaN,NaN,NaN,NaN,NaN,NaN
8,NaN,NaN,NaN,NaN,NaN,NaN,NaN,NaN
9,NaN,NaN,NaN,NaN,NaN,NaN,NaN,NaN
10,NaN,NaN,NaN,NaN,NaN,NaN,NaN,NaN
11,NaN,NaN,NaN,NaN,NaN,NaN,NaN,NaN
1,NaN,NaN,NaN,NaN,NaN,NaN,NaN,NaN
2,NaN,NaN,NaN,NaN,NaN,NaN,NaN,NaN
3,NaN,NaN,NaN,NaN,NaN,NaN,NaN,NaN
4,NaN,NaN,NaN,NaN,NaN,NaN,NaN,NaN
5,NaN,NaN,NaN,NaN,NaN,NaN,NaN,NaN
6,NaN,NaN,NaN,NaN,NaN,NaN,NaN,NaN
7,NaN,NaN,NaN,NaN,NaN,NaN,NaN,NaN
8,NaN,NaN,NaN,NaN,NaN,NaN,NaN,NaN
9,NaN,NaN,NaN,NaN,NaN,NaN,NaN,NaN
10,NaN,NaN,NaN,NaN,NaN,NaN,NaN,NaN
11,NaN,NaN,NaN,NaN,NaN,NaN,NaN,NaN
1,NaN,NaN,NaN,NaN,NaN,NaN,NaN,NaN
2,NaN,NaN,NaN,NaN,NaN,NaN,NaN,NaN
3,NaN,NaN,NaN,NaN,NaN,NaN,NaN,NaN
4,NaN,NaN,NaN,NaN,NaN,NaN,NaN,NaN
5,NaN,NaN,NaN,NaN,NaN,NaN,NaN,NaN
6,NaN,NaN,NaN,NaN,NaN,NaN,NaN,NaN
7,NaN,NaN,NaN,NaN,NaN,NaN,NaN,NaN
8,NaN,NaN,NaN,NaN,NaN,NaN,NaN,NaN
9,NaN,NaN,NaN,NaN,NaN,NaN,NaN,NaN
10,NaN,NaN,NaN,NaN,NaN,NaN,NaN,NaN
11,NaN,NaN,NaN,NaN,NaN,NaN,NaN,NaN
1,NaN,NaN,NaN,NaN,NaN,NaN,NaN,NaN
2,NaN,NaN,NaN,NaN,NaN,NaN,NaN,NaN
3,NaN,NaN,NaN,NaN,NaN,NaN,NaN,NaN
4,NaN,NaN,NaN,NaN,NaN,NaN,NaN,NaN
5,NaN,NaN,NaN,NaN,NaN,NaN,NaN,NaN
6,NaN,NaN,NaN,NaN,NaN,NaN,NaN,NaN
7,NaN,NaN,NaN,NaN,NaN,NaN,NaN,NaN
8,NaN,NaN,NaN,NaN,NaN,NaN,NaN,NaN
9,NaN,NaN,NaN,NaN,NaN,NaN,NaN,NaN
10,NaN,NaN,NaN,NaN,NaN,NaN,NaN,NaN
11,NaN,NaN,NaN,NaN,NaN,NaN,NaN,NaN
1,NaN,NaN,NaN,NaN,NaN,NaN,NaN,NaN
2,NaN,NaN,NaN,NaN,NaN,NaN,NaN,NaN
3,NaN,NaN,NaN,NaN,NaN,NaN,NaN,NaN
4,NaN,NaN,NaN,NaN,NaN,NaN,NaN,NaN
5,NaN,NaN,NaN,NaN,NaN,NaN,NaN,NaN
6,NaN,NaN,NaN,NaN,NaN,NaN,NaN,NaN
7,NaN,NaN,NaN,NaN,NaN,NaN,NaN,NaN
8,NaN,NaN,NaN,NaN,NaN,NaN,NaN,NaN
9,NaN,NaN,NaN,NaN,NaN,NaN,NaN,NaN
10,NaN,NaN,NaN,NaN,NaN,NaN,NaN,NaN
11,NaN,NaN,NaN,NaN,NaN,NaN,NaN,NaN
1,NaN,NaN,NaN,NaN,NaN,NaN,NaN,NaN
2,NaN,NaN,NaN,NaN,NaN,NaN,NaN,NaN
3,NaN,NaN,NaN,NaN,NaN,NaN,NaN,NaN
4,NaN,NaN,NaN,NaN,NaN,NaN,NaN,NaN
5,NaN,NaN,NaN,NaN,NaN,NaN,NaN,NaN
6,NaN,NaN,NaN,NaN,NaN,NaN,NaN,NaN
7,NaN,NaN,NaN,NaN,NaN,NaN,NaN,NaN
8,NaN,NaN,NaN,NaN,NaN,NaN,NaN,NaN
9,NaN,NaN,NaN,NaN,NaN,NaN,NaN,NaN
10,NaN,NaN,NaN,NaN,NaN,NaN,NaN,NaN
11,NaN,NaN,NaN,NaN,NaN,NaN,NaN,NaN
1,NaN,NaN,NaN,NaN,NaN,NaN,NaN,NaN
2,NaN,NaN,NaN,NaN,NaN,NaN,NaN,NaN
3,NaN,NaN,NaN,NaN,NaN,NaN,NaN,NaN
4,NaN,NaN,NaN,NaN,NaN,NaN,NaN,NaN
5,NaN,NaN,NaN,NaN,NaN,NaN,NaN,NaN
6,NaN,NaN,NaN,NaN,NaN,NaN,NaN,NaN
7,NaN,NaN,NaN,NaN,NaN,NaN,NaN,NaN
8,NaN,NaN,NaN,NaN,NaN,NaN,NaN,NaN
9,NaN,NaN,NaN,NaN,NaN,NaN,NaN,NaN
10,NaN,NaN,NaN,NaN,NaN,NaN,NaN,NaN
11,NaN,NaN,NaN,NaN,NaN,NaN,NaN,NaN
1,NaN,NaN,NaN,NaN,NaN,NaN,NaN,NaN
2,NaN,NaN,NaN,NaN,NaN,NaN,NaN,NaN
3,NaN,NaN,NaN,NaN,NaN,NaN,NaN,NaN
4,NaN,NaN,NaN,NaN,NaN,NaN,NaN,NaN
5,NaN,NaN,NaN,NaN,NaN,NaN,NaN,NaN
6,NaN,NaN,NaN,NaN,NaN,NaN,NaN,NaN
7,NaN,NaN,NaN,NaN,NaN,NaN,NaN,NaN
8,NaN,NaN,NaN,NaN,NaN,NaN,NaN,NaN
9,NaN,NaN,NaN,NaN,NaN,NaN,NaN,NaN
10,NaN,NaN,NaN,NaN,NaN,NaN,NaN,NaN
11,NaN,NaN,NaN,NaN,NaN,NaN,NaN,NaN
1,NaN,NaN,NaN,NaN,NaN,NaN,NaN,NaN
2,NaN,NaN,NaN,NaN,NaN,NaN,NaN,NaN
3,NaN,NaN,NaN,NaN,NaN,NaN,NaN,NaN
4,NaN,NaN,NaN,NaN,NaN,NaN,NaN,NaN
5,NaN,NaN,NaN,NaN,NaN,NaN,NaN,NaN
6,NaN,NaN,NaN,NaN,NaN,NaN,NaN,NaN
7,NaN,NaN,NaN,NaN,NaN,NaN,NaN,NaN
8,NaN,NaN,NaN,NaN,NaN,NaN,NaN,NaN
9,NaN,NaN,NaN,NaN,NaN,NaN,NaN,NaN
10,NaN,NaN,NaN,NaN,NaN,NaN,NaN,NaN
11,NaN,NaN,NaN,NaN,NaN,NaN,NaN,NaN
1,NaN,NaN,NaN,NaN,NaN,NaN,NaN,NaN
2,NaN,NaN,NaN,NaN,NaN,NaN,NaN,NaN
3,NaN,NaN,NaN,NaN,NaN,NaN,NaN,NaN
4,NaN,NaN,NaN,NaN,NaN,NaN,NaN,NaN
5,NaN,NaN,NaN,NaN,NaN,NaN,NaN,NaN
6,NaN,NaN,NaN,NaN,NaN,NaN,NaN,NaN
7,NaN,NaN,NaN,NaN,NaN,NaN,NaN,NaN
8,NaN,NaN,NaN,NaN,NaN,NaN,NaN,NaN
9,NaN,NaN,NaN,NaN,NaN,NaN,NaN,NaN
10,NaN,NaN,NaN,NaN,NaN,NaN,NaN,NaN
11,NaN,NaN,NaN,NaN,NaN,NaN,NaN,NaN
1,NaN,NaN,NaN,NaN,NaN,NaN,NaN,NaN
2,NaN,NaN,NaN,NaN,NaN,NaN,NaN,NaN
3,NaN,NaN,NaN,NaN,NaN,NaN,NaN,NaN
4,NaN,NaN,NaN,NaN,NaN,NaN,NaN,NaN
5,NaN,NaN,NaN,NaN,NaN,NaN,NaN,NaN
6,NaN,NaN,NaN,NaN,NaN,NaN,NaN,NaN
7,NaN,NaN,NaN,NaN,NaN,NaN,NaN,NaN
8,NaN,NaN,NaN,NaN,NaN,NaN,NaN,NaN
9,NaN,NaN,NaN,NaN,NaN,NaN,NaN,NaN
10,NaN,NaN,NaN,NaN,NaN,NaN,NaN,NaN
11,NaN,NaN,NaN,NaN,NaN,NaN,NaN,NaN
1,NaN,NaN,NaN,NaN,NaN,NaN,NaN,NaN
2,NaN,NaN,NaN,NaN,NaN,NaN,NaN,NaN
3,NaN,NaN,NaN,NaN,NaN,NaN,NaN,NaN
4,NaN,NaN,NaN,NaN,NaN,NaN,NaN,NaN
5,NaN,NaN,NaN,NaN,NaN,NaN,NaN,NaN
6,NaN,NaN,NaN,NaN,NaN,NaN,NaN,NaN
7,NaN,NaN,NaN,NaN,NaN,NaN,NaN,NaN
8,NaN,NaN,NaN,NaN,NaN,NaN,NaN,NaN
9,NaN,NaN,NaN,NaN,NaN,NaN,NaN,NaN
10,NaN,NaN,NaN,NaN,NaN,NaN,NaN,NaN
11,NaN,NaN,NaN,NaN,NaN,NaN,NaN,NaN
1,NaN,NaN,NaN,NaN,NaN,NaN,NaN,NaN
2,NaN,NaN,NaN,NaN,NaN,NaN,NaN,NaN
3,NaN,NaN,NaN,NaN,NaN,NaN,NaN,NaN
4,NaN,NaN,NaN,NaN,NaN,NaN,NaN,NaN
5,NaN,NaN,NaN,NaN,NaN,NaN,NaN,NaN
6,NaN,NaN,NaN,NaN,NaN,NaN,NaN,NaN
7,NaN,NaN,NaN,NaN,NaN,NaN,NaN,NaN
8,NaN,NaN,NaN,NaN,NaN,NaN,NaN,NaN
9,NaN,NaN,NaN,NaN,NaN,NaN,NaN,NaN
10,NaN,NaN,NaN,NaN,NaN,NaN,NaN,NaN
11,NaN,NaN,NaN,NaN,NaN,NaN,NaN,NaN
1,NaN,NaN,NaN,NaN,NaN,NaN,NaN,NaN
2,NaN,NaN,NaN,NaN,NaN,NaN,NaN,NaN
3,NaN,NaN,NaN,NaN,NaN,NaN,NaN,NaN
4,NaN,NaN,NaN,NaN,NaN,NaN,NaN,NaN
5,NaN,NaN,NaN,NaN,NaN,NaN,NaN,NaN
6,NaN,NaN,NaN,NaN,NaN,NaN,NaN,NaN
7,NaN,NaN,NaN,NaN,NaN,NaN,NaN,NaN
8,NaN,NaN,NaN,NaN,NaN,NaN,NaN,NaN
9,NaN,NaN,NaN,NaN,NaN,NaN,NaN,NaN
10,NaN,NaN,NaN,NaN,NaN,NaN,NaN,NaN
11,NaN,NaN,NaN,NaN,NaN,NaN,NaN,NaN
1,NaN,NaN,NaN,NaN,NaN,NaN,NaN,NaN
2,NaN,NaN,NaN,NaN,NaN,NaN,NaN,NaN
3,NaN,NaN,NaN,NaN,NaN,NaN,NaN,NaN
4,NaN,NaN,NaN,NaN,NaN,NaN,NaN,NaN
5,NaN,NaN,NaN,NaN,NaN,NaN,NaN,NaN
6,NaN,NaN,NaN,NaN,NaN,NaN,NaN,NaN
7,NaN,NaN,NaN,NaN,NaN,NaN,NaN,NaN
8,NaN,NaN,NaN,NaN,NaN,NaN,NaN,NaN
9,NaN,NaN,NaN,NaN,NaN,NaN,NaN,NaN
10,NaN,NaN,NaN,NaN,NaN,NaN,NaN,NaN
11,NaN,NaN,NaN,NaN,NaN,NaN,NaN,NaN
1,NaN,NaN,NaN,NaN,NaN,NaN,NaN,NaN
2,NaN,NaN,NaN,NaN,NaN,NaN,NaN,NaN
3,NaN,NaN,NaN,NaN,NaN,NaN,NaN,NaN
4,NaN,NaN,NaN,NaN,NaN,NaN,NaN,NaN
5,NaN,NaN,NaN,NaN,NaN,NaN,NaN,NaN
6,NaN,NaN,NaN,NaN,NaN,NaN,NaN,NaN
7,NaN,NaN,NaN,NaN,NaN,NaN,NaN,NaN
8,NaN,NaN,NaN,NaN,NaN,NaN,NaN,NaN
9,NaN,NaN,NaN,NaN,NaN,NaN,NaN,NaN
10,NaN,NaN,NaN,NaN,NaN,NaN,NaN,NaN
11,NaN,NaN,NaN,NaN,NaN,NaN,NaN,NaN
1,NaN,NaN,NaN,NaN,NaN,NaN,NaN,NaN
2,NaN,NaN,NaN,NaN,NaN,NaN,NaN,NaN
3,NaN,NaN,NaN,NaN,NaN,NaN,NaN,NaN
4,NaN,NaN,NaN,NaN,NaN,NaN,NaN,NaN
5,NaN,NaN,NaN,NaN,NaN,NaN,NaN,NaN
6,NaN,NaN,NaN,NaN,NaN,NaN,NaN,NaN
7,NaN,NaN,NaN,NaN,NaN,NaN,NaN,NaN
8,NaN,NaN,NaN,NaN,NaN,NaN,NaN,NaN
9,NaN,NaN,NaN,NaN,NaN,NaN,NaN,NaN
10,NaN,NaN,NaN,NaN,NaN,NaN,NaN,NaN
11,NaN,NaN,NaN,NaN,NaN,NaN,NaN,NaN
1,NaN,NaN,NaN,NaN,NaN,NaN,NaN,NaN
2,NaN,NaN,NaN,NaN,NaN,NaN,NaN,NaN
3,NaN,NaN,NaN,NaN,NaN,NaN,NaN,NaN
4,NaN,NaN,NaN,NaN,NaN,NaN,NaN,NaN
5,NaN,NaN,NaN,NaN,NaN,NaN,NaN,NaN
6,NaN,NaN,NaN,NaN,NaN,NaN,NaN,NaN
7,NaN,NaN,NaN,NaN,NaN,NaN,NaN,NaN
8,NaN,NaN,NaN,NaN,NaN,NaN,NaN,NaN
9,NaN,NaN,NaN,NaN,NaN,NaN,NaN,NaN
10,NaN,NaN,NaN,NaN,NaN,NaN,NaN,NaN
11,NaN,NaN,NaN,NaN,NaN,NaN,NaN,NaN
1,NaN,NaN,NaN,NaN,NaN,NaN,NaN,NaN
2,NaN,NaN,NaN,NaN,NaN,NaN,NaN,NaN
3,NaN,NaN,NaN,NaN,NaN,NaN,NaN,NaN
4,NaN,NaN,NaN,NaN,NaN,NaN,NaN,NaN
5,NaN,NaN,NaN,NaN,NaN,NaN,NaN,NaN
6,NaN,NaN,NaN,NaN,NaN,NaN,NaN,NaN
7,NaN,NaN,NaN,NaN,NaN,NaN,NaN,NaN
8,NaN,NaN,NaN,NaN,NaN,NaN,NaN,NaN
9,NaN,NaN,NaN,NaN,NaN,NaN,NaN,NaN
10,NaN,NaN,NaN,NaN,NaN,NaN,NaN,NaN
11,NaN,NaN,NaN,NaN,NaN,NaN,NaN,NaN
1,NaN,NaN,NaN,NaN,NaN,NaN,NaN,NaN
2,NaN,NaN,NaN,NaN,NaN,NaN,NaN,NaN
3,NaN,NaN,NaN,NaN,NaN,NaN,NaN,NaN
4,NaN,NaN,NaN,NaN,NaN,NaN,NaN,NaN
5,NaN,NaN,NaN,NaN,NaN,NaN,NaN,NaN
6,NaN,NaN,NaN,NaN,NaN,NaN,NaN,NaN
7,NaN,NaN,NaN,NaN,NaN,NaN,NaN,NaN
8,NaN,NaN,NaN,NaN,NaN,NaN,NaN,NaN
9,NaN,NaN,NaN,NaN,NaN,NaN,NaN,NaN
10,NaN,NaN,NaN,NaN,NaN,NaN,NaN,NaN
11,NaN,NaN,NaN,NaN,NaN,NaN,NaN,NaN
1,NaN,NaN,NaN,NaN,NaN,NaN,NaN,NaN
2,NaN,NaN,NaN,NaN,NaN,NaN,NaN,NaN
3,NaN,NaN,NaN,NaN,NaN,NaN,NaN,NaN
4,NaN,NaN,NaN,NaN,NaN,NaN,NaN,NaN
5,NaN,NaN,NaN,NaN,NaN,NaN,NaN,NaN
6,NaN,NaN,NaN,NaN,NaN,NaN,NaN,NaN
7,NaN,NaN,NaN,NaN,NaN,NaN,NaN,NaN
8,NaN,NaN,NaN,NaN,NaN,NaN,NaN,NaN
9,NaN,NaN,NaN,NaN,NaN,NaN,NaN,NaN
10,NaN,NaN,NaN,NaN,NaN,NaN,NaN,NaN
11,NaN,NaN,NaN,NaN,NaN,NaN,NaN,NaN
1,NaN,NaN,NaN,NaN,NaN,NaN,NaN,NaN
2,NaN,NaN,NaN,NaN,NaN,NaN,NaN,NaN
3,NaN,NaN,NaN,NaN,NaN,NaN,NaN,NaN
4,NaN,NaN,NaN,NaN,NaN,NaN,NaN,NaN
5,NaN,NaN,NaN,NaN,NaN,NaN,NaN,NaN
6,NaN,NaN,NaN,NaN,NaN,NaN,NaN,NaN
7,NaN,NaN,NaN,NaN,NaN,NaN,NaN,NaN
8,NaN,NaN,NaN,NaN,NaN,NaN,NaN,NaN
9,NaN,NaN,NaN,NaN,NaN,NaN,NaN,NaN
10,NaN,NaN,NaN,NaN,NaN,NaN,NaN,NaN
11,NaN,NaN,NaN,NaN,NaN,NaN,NaN,NaN
1,NaN,NaN,NaN,NaN,NaN,NaN,NaN,NaN
2,NaN,NaN,NaN,NaN,NaN,NaN,NaN,NaN
3,NaN,NaN,NaN,NaN,NaN,NaN,NaN,NaN
4,NaN,NaN,NaN,NaN,NaN,NaN,NaN,NaN
5,NaN,NaN,NaN,NaN,NaN,NaN,NaN,NaN
6,NaN,NaN,NaN,NaN,NaN,NaN,NaN,NaN
7,NaN,NaN,NaN,NaN,NaN,NaN,NaN,NaN
8,NaN,NaN,NaN,NaN,NaN,NaN,NaN,NaN
9,NaN,NaN,NaN,NaN,NaN,NaN,NaN,NaN
10,NaN,NaN,NaN,NaN,NaN,NaN,NaN,NaN
11,NaN,NaN,NaN,NaN,NaN,NaN,NaN,NaN
1,NaN,NaN,NaN,NaN,NaN,NaN,NaN,NaN
2,NaN,NaN,NaN,NaN,NaN,NaN,NaN,NaN
3,NaN,NaN,NaN,NaN,NaN,NaN,NaN,NaN
4,NaN,NaN,NaN,NaN,NaN,NaN,NaN,NaN
5,NaN,NaN,NaN,NaN,NaN,NaN,NaN,NaN
6,NaN,NaN,NaN,NaN,NaN,NaN,NaN,NaN
7,NaN,NaN,NaN,NaN,NaN,NaN,NaN,NaN
8,NaN,NaN,NaN,NaN,NaN,NaN,NaN,NaN
9,NaN,NaN,NaN,NaN,NaN,NaN,NaN,NaN
10,NaN,NaN,NaN,NaN,NaN,NaN,NaN,NaN
11,NaN,NaN,NaN,NaN,NaN,NaN,NaN,NaN
1,NaN,NaN,NaN,NaN,NaN,NaN,NaN,NaN
2,NaN,NaN,NaN,NaN,NaN,NaN,NaN,NaN
3,NaN,NaN,NaN,NaN,NaN,NaN,NaN,NaN
4,NaN,NaN,NaN,NaN,NaN,NaN,NaN,NaN
5,NaN,NaN,NaN,NaN,NaN,NaN,NaN,NaN
6,NaN,NaN,NaN,NaN,NaN,NaN,NaN,NaN
7,NaN,NaN,NaN,NaN,NaN,NaN,NaN,NaN
8,NaN,NaN,NaN,NaN,NaN,NaN,NaN,NaN
9,NaN,NaN,NaN,NaN,NaN,NaN,NaN,NaN
10,NaN,NaN,NaN,NaN,NaN,NaN,NaN,NaN
11,NaN,NaN,NaN,NaN,NaN,NaN,NaN,NaN
1,NaN,NaN,NaN,NaN,NaN,NaN,NaN,NaN
2,NaN,NaN,NaN,NaN,NaN,NaN,NaN,NaN
3,NaN,NaN,NaN,NaN,NaN,NaN,NaN,NaN
4,NaN,NaN,NaN,NaN,NaN,NaN,NaN,NaN
5,NaN,NaN,NaN,NaN,NaN,NaN,NaN,NaN
6,NaN,NaN,NaN,NaN,NaN,NaN,NaN,NaN
7,NaN,NaN,NaN,NaN,NaN,NaN,NaN,NaN
8,NaN,NaN,NaN,NaN,NaN,NaN,NaN,NaN
9,NaN,NaN,NaN,NaN,NaN,NaN,NaN,NaN
10,NaN,NaN,NaN,NaN,NaN,NaN,NaN,NaN
11,NaN,NaN,NaN,NaN,NaN,NaN,NaN,NaN
1,NaN,NaN,NaN,NaN,NaN,NaN,NaN,NaN
2,NaN,NaN,NaN,NaN,NaN,NaN,NaN,NaN
3,NaN,NaN,NaN,NaN,NaN,NaN,NaN,NaN
4,NaN,NaN,NaN,NaN,NaN,NaN,NaN,NaN
5,NaN,NaN,NaN,NaN,NaN,NaN,NaN,NaN
6,NaN,NaN,NaN,NaN,NaN,NaN,NaN,NaN
7,NaN,NaN,NaN,NaN,NaN,NaN,NaN,NaN
8,NaN,NaN,NaN,NaN,NaN,NaN,NaN,NaN
9,NaN,NaN,NaN,NaN,NaN,NaN,NaN,NaN
10,NaN,NaN,NaN,NaN,NaN,NaN,NaN,NaN
11,NaN,NaN,NaN,NaN,NaN,NaN,NaN,NaN
1,NaN,NaN,NaN,NaN,NaN,NaN,NaN,NaN
2,NaN,NaN,NaN,NaN,NaN,NaN,NaN,NaN
3,NaN,NaN,NaN,NaN,NaN,NaN,NaN,NaN
4,NaN,NaN,NaN,NaN,NaN,NaN,NaN,NaN
5,NaN,NaN,NaN,NaN,NaN,NaN,NaN,NaN
6,NaN,NaN,NaN,NaN,NaN,NaN,NaN,NaN
7,NaN,NaN,NaN,NaN,NaN,NaN,NaN,NaN
8,NaN,NaN,NaN,NaN,NaN,NaN,NaN,NaN
9,NaN,NaN,NaN,NaN,NaN,NaN,NaN,NaN
10,NaN,NaN,NaN,NaN,NaN,NaN,NaN,NaN
11,NaN,NaN,NaN,NaN,NaN,NaN,NaN,NaN
1,NaN,NaN,NaN,NaN,NaN,NaN,NaN,NaN
2,NaN,NaN,NaN,NaN,NaN,NaN,NaN,NaN
3,NaN,NaN,NaN,NaN,NaN,NaN,NaN,NaN
4,NaN,NaN,NaN,NaN,NaN,NaN,NaN,NaN
5,NaN,NaN,NaN,NaN,NaN,NaN,NaN,NaN
6,NaN,NaN,NaN,NaN,NaN,NaN,NaN,NaN
7,NaN,NaN,NaN,NaN,NaN,NaN,NaN,NaN
8,NaN,NaN,NaN,NaN,NaN,NaN,NaN,NaN
9,NaN,NaN,NaN,NaN,NaN,NaN,NaN,NaN
10,NaN,NaN,NaN,NaN,NaN,NaN,NaN,NaN
11,NaN,NaN,NaN,NaN,NaN,NaN,NaN,NaN
1,NaN,NaN,NaN,NaN,NaN,NaN,NaN,NaN
2,NaN,NaN,NaN,NaN,NaN,NaN,NaN,NaN
3,NaN,NaN,NaN,NaN,NaN,NaN,NaN,NaN
4,NaN,NaN,NaN,NaN,NaN,NaN,NaN,NaN
5,NaN,NaN,NaN,NaN,NaN,NaN,NaN,NaN
6,NaN,NaN,NaN,NaN,NaN,NaN,NaN,NaN
7,NaN,NaN,NaN,NaN,NaN,NaN,NaN,NaN
8,NaN,NaN,NaN,NaN,NaN,NaN,NaN,NaN
9,NaN,NaN,NaN,NaN,NaN,NaN,NaN,NaN
10,NaN,NaN,NaN,NaN,NaN,NaN,NaN,NaN
11,NaN,NaN,NaN,NaN,NaN,NaN,NaN,NaN
1,NaN,NaN,NaN,NaN,NaN,NaN,NaN,NaN
2,NaN,NaN,NaN,NaN,NaN,NaN,NaN,NaN
3,NaN,NaN,NaN,NaN,NaN,NaN,NaN,NaN
4,NaN,NaN,NaN,NaN,NaN,NaN,NaN,NaN
5,NaN,NaN,NaN,NaN,NaN,NaN,NaN,NaN
6,NaN,NaN,NaN,NaN,NaN,NaN,NaN,NaN
7,NaN,NaN,NaN,NaN,NaN,NaN,NaN,NaN
8,NaN,NaN,NaN,NaN,NaN,NaN,NaN,NaN
9,NaN,NaN,NaN,NaN,NaN,NaN,NaN,NaN
10,NaN,NaN,NaN,NaN,NaN,NaN,NaN,NaN
11,NaN,NaN,NaN,NaN,NaN,NaN,NaN,NaN
1,NaN,NaN,NaN,NaN,NaN,NaN,NaN,NaN
2,NaN,NaN,NaN,NaN,NaN,NaN,NaN,NaN
3,NaN,NaN,NaN,NaN,NaN,NaN,NaN,NaN
4,NaN,NaN,NaN,NaN,NaN,NaN,NaN,NaN
5,NaN,NaN,NaN,NaN,NaN,NaN,NaN,NaN
6,NaN,NaN,NaN,NaN,NaN,NaN,NaN,NaN
7,NaN,NaN,NaN,NaN,NaN,NaN,NaN,NaN
8,NaN,NaN,NaN,NaN,NaN,NaN,NaN,NaN
9,NaN,NaN,NaN,NaN,NaN,NaN,NaN,NaN
10,NaN,NaN,NaN,NaN,NaN,NaN,NaN,NaN
11,NaN,NaN,NaN,NaN,NaN,NaN,NaN,NaN
1,NaN,NaN,NaN,NaN,NaN,NaN,NaN,NaN
2,NaN,NaN,NaN,NaN,NaN,NaN,NaN,NaN
3,NaN,NaN,NaN,NaN,NaN,NaN,NaN,NaN
4,NaN,NaN,NaN,NaN,NaN,NaN,NaN,NaN
5,NaN,NaN,NaN,NaN,NaN,NaN,NaN,NaN
6,NaN,NaN,NaN,NaN,NaN,NaN,NaN,NaN
7,NaN,NaN,NaN,NaN,NaN,NaN,NaN,NaN
8,NaN,NaN,NaN,NaN,NaN,NaN,NaN,NaN
9,NaN,NaN,NaN,NaN,NaN,NaN,NaN,NaN
10,NaN,NaN,NaN,NaN,NaN,NaN,NaN,NaN
11,NaN,NaN,NaN,NaN,NaN,NaN,NaN,NaN
1,NaN,NaN,NaN,NaN,NaN,NaN,NaN,NaN
2,NaN,NaN,NaN,NaN,NaN,NaN,NaN,NaN
3,NaN,NaN,NaN,NaN,NaN,NaN,NaN,NaN
4,NaN,NaN,NaN,NaN,NaN,NaN,NaN,NaN
5,NaN,NaN,NaN,NaN,NaN,NaN,NaN,NaN
6,NaN,NaN,NaN,NaN,NaN,NaN,NaN,NaN
7,NaN,NaN,NaN,NaN,NaN,NaN,NaN,NaN
8,NaN,NaN,NaN,NaN,NaN,NaN,NaN,NaN
9,NaN,NaN,NaN,NaN,NaN,NaN,NaN,NaN
10,NaN,NaN,NaN,NaN,NaN,NaN,NaN,NaN
11,NaN,NaN,NaN,NaN,NaN,NaN,NaN,NaN
1,NaN,NaN,NaN,NaN,NaN,NaN,NaN,NaN
2,NaN,NaN,NaN,NaN,NaN,NaN,NaN,NaN
3,NaN,NaN,NaN,NaN,NaN,NaN,NaN,NaN
4,NaN,NaN,NaN,NaN,NaN,NaN,NaN,NaN
5,NaN,NaN,NaN,NaN,NaN,NaN,NaN,NaN
6,NaN,NaN,NaN,NaN,NaN,NaN,NaN,NaN
7,NaN,NaN,NaN,NaN,NaN,NaN,NaN,NaN
8,NaN,NaN,NaN,NaN,NaN,NaN,NaN,NaN
9,NaN,NaN,NaN,NaN,NaN,NaN,NaN,NaN
10,NaN,NaN,NaN,NaN,NaN,NaN,NaN,NaN
11,NaN,NaN,NaN,NaN,NaN,NaN,NaN,NaN
1,NaN,NaN,NaN,NaN,NaN,NaN,NaN,NaN
2,NaN,NaN,NaN,NaN,NaN,NaN,NaN,NaN
3,NaN,NaN,NaN,NaN,NaN,NaN,NaN,NaN
4,NaN,NaN,NaN,NaN,NaN,NaN,NaN,NaN
5,NaN,NaN,NaN,NaN,NaN,NaN,NaN,NaN
6,NaN,NaN,NaN,NaN,NaN,NaN,NaN,NaN
7,NaN,NaN,NaN,NaN,NaN,NaN,NaN,NaN
8,NaN,NaN,NaN,NaN,NaN,NaN,NaN,NaN
9,NaN,NaN,NaN,NaN,NaN,NaN,NaN,NaN
10,NaN,NaN,NaN,NaN,NaN,NaN,NaN,NaN
11,NaN,NaN,NaN,NaN,NaN,NaN,NaN,NaN
1,NaN,NaN,NaN,NaN,NaN,NaN,NaN,NaN
2,NaN,NaN,NaN,NaN,NaN,NaN,NaN,NaN
3,NaN,NaN,NaN,NaN,NaN,NaN,NaN,NaN
4,NaN,NaN,NaN,NaN,NaN,NaN,NaN,NaN
5,NaN,NaN,NaN,NaN,NaN,NaN,NaN,NaN
6,NaN,NaN,NaN,NaN,NaN,NaN,NaN,NaN
7,NaN,NaN,NaN,NaN,NaN,NaN,NaN,NaN
8,NaN,NaN,NaN,NaN,NaN,NaN,NaN,NaN
9,NaN,NaN,NaN,NaN,NaN,NaN,NaN,NaN
10,NaN,NaN,NaN,NaN,NaN,NaN,NaN,NaN
11,NaN,NaN,NaN,NaN,NaN,NaN,NaN,NaN
1,NaN,NaN,NaN,NaN,NaN,NaN,NaN,NaN
2,NaN,NaN,NaN,NaN,NaN,NaN,NaN,NaN
3,NaN,NaN,NaN,NaN,NaN,NaN,NaN,NaN
4,NaN,NaN,NaN,NaN,NaN,NaN,NaN,NaN
5,NaN,NaN,NaN,NaN,NaN,NaN,NaN,NaN
6,NaN,NaN,NaN,NaN,NaN,NaN,NaN,NaN
7,NaN,NaN,NaN,NaN,NaN,NaN,NaN,NaN
8,NaN,NaN,NaN,NaN,NaN,NaN,NaN,NaN
9,NaN,NaN,NaN,NaN,NaN,NaN,NaN,NaN
10,NaN,NaN,NaN,NaN,NaN,NaN,NaN,NaN
11,NaN,NaN,NaN,NaN,NaN,NaN,NaN,NaN
1,NaN,NaN,NaN,NaN,NaN,NaN,NaN,NaN
2,NaN,NaN,NaN,NaN,NaN,NaN,NaN,NaN
3,NaN,NaN,NaN,NaN,NaN,NaN,NaN,NaN
4,NaN,NaN,NaN,NaN,NaN,NaN,NaN,NaN
5,NaN,NaN,NaN,NaN,NaN,NaN,NaN,NaN
6,NaN,NaN,NaN,NaN,NaN,NaN,NaN,NaN
7,NaN,NaN,NaN,NaN,NaN,NaN,NaN,NaN
8,NaN,NaN,NaN,NaN,NaN,NaN,NaN,NaN
9,NaN,NaN,NaN,NaN,NaN,NaN,NaN,NaN
10,NaN,NaN,NaN,NaN,NaN,NaN,NaN,NaN
11,NaN,NaN,NaN,NaN,NaN,NaN,NaN,NaN
1,NaN,NaN,NaN,NaN,NaN,NaN,NaN,NaN
2,NaN,NaN,NaN,NaN,NaN,NaN,NaN,NaN
3,NaN,NaN,NaN,NaN,NaN,NaN,NaN,NaN
4,NaN,NaN,NaN,NaN,NaN,NaN,NaN,NaN
5,NaN,NaN,NaN,NaN,NaN,NaN,NaN,NaN
6,NaN,NaN,NaN,NaN,NaN,NaN,NaN,NaN
7,NaN,NaN,NaN,NaN,NaN,NaN,NaN,NaN
8,NaN,NaN,NaN,NaN,NaN,NaN,NaN,NaN
9,NaN,NaN,NaN,NaN,NaN,NaN,NaN,NaN
10,NaN,NaN,NaN,NaN,NaN,NaN,NaN,NaN
11,NaN,NaN,NaN,NaN,NaN,NaN,NaN,NaN
1,NaN,NaN,NaN,NaN,NaN,NaN,NaN,NaN
2,NaN,NaN,NaN,NaN,NaN,NaN,NaN,NaN
3,NaN,NaN,NaN,NaN,NaN,NaN,NaN,NaN
4,NaN,NaN,NaN,NaN,NaN,NaN,NaN,NaN
5,NaN,NaN,NaN,NaN,NaN,NaN,NaN,NaN
6,NaN,NaN,NaN,NaN,NaN,NaN,NaN,NaN
7,NaN,NaN,NaN,NaN,NaN,NaN,NaN,NaN
8,NaN,NaN,NaN,NaN,NaN,NaN,NaN,NaN
9,NaN,NaN,NaN,NaN,NaN,NaN,NaN,NaN
10,NaN,NaN,NaN,NaN,NaN,NaN,NaN,NaN
11,NaN,NaN,NaN,NaN,NaN,NaN,NaN,NaN
1,NaN,NaN,NaN,NaN,NaN,NaN,NaN,NaN
2,NaN,NaN,NaN,NaN,NaN,NaN,NaN,NaN
3,NaN,NaN,NaN,NaN,NaN,NaN,NaN,NaN
4,NaN,NaN,NaN,NaN,NaN,NaN,NaN,NaN
5,NaN,NaN,NaN,NaN,NaN,NaN,NaN,NaN
6,NaN,NaN,NaN,NaN,NaN,NaN,NaN,NaN
7,NaN,NaN,NaN,NaN,NaN,NaN,NaN,NaN
8,NaN,NaN,NaN,NaN,NaN,NaN,NaN,NaN
9,NaN,NaN,NaN,NaN,NaN,NaN,NaN,NaN
10,NaN,NaN,NaN,NaN,NaN,NaN,NaN,NaN
11,NaN,NaN,NaN,NaN,NaN,NaN,NaN,NaN
1,NaN,NaN,NaN,NaN,NaN,NaN,NaN,NaN
2,NaN,NaN,NaN,NaN,NaN,NaN,NaN,NaN
3,NaN,NaN,NaN,NaN,NaN,NaN,NaN,NaN
4,NaN,NaN,NaN,NaN,NaN,NaN,NaN,NaN
5,NaN,NaN,NaN,NaN,NaN,NaN,NaN,NaN
6,NaN,NaN,NaN,NaN,NaN,NaN,NaN,NaN
7,NaN,NaN,NaN,NaN,NaN,NaN,NaN,NaN
8,NaN,NaN,NaN,NaN,NaN,NaN,NaN,NaN
9,NaN,NaN,NaN,NaN,NaN,NaN,NaN,NaN
10,NaN,NaN,NaN,NaN,NaN,NaN,NaN,NaN
11,NaN,NaN,NaN,NaN,NaN,NaN,NaN,NaN
1,NaN,NaN,NaN,NaN,NaN,NaN,NaN,NaN
2,NaN,NaN,NaN,NaN,NaN,NaN,NaN,NaN
3,NaN,NaN,NaN,NaN,NaN,NaN,NaN,NaN
4,NaN,NaN,NaN,NaN,NaN,NaN,NaN,NaN
5,NaN,NaN,NaN,NaN,NaN,NaN,NaN,NaN
6,NaN,NaN,NaN,NaN,NaN,NaN,NaN,NaN
7,NaN,NaN,NaN,NaN,NaN,NaN,NaN,NaN
8,NaN,NaN,NaN,NaN,NaN,NaN,NaN,NaN
9,NaN,NaN,NaN,NaN,NaN,NaN,NaN,NaN
10,NaN,NaN,NaN,NaN,NaN,NaN,NaN,NaN
11,NaN,NaN,NaN,NaN,NaN,NaN,NaN,NaN
1,NaN,NaN,NaN,NaN,NaN,NaN,NaN,NaN
2,NaN,NaN,NaN,NaN,NaN,NaN,NaN,NaN
3,NaN,NaN,NaN,NaN,NaN,NaN,NaN,NaN
4,NaN,NaN,NaN,NaN,NaN,NaN,NaN,NaN
5,NaN,NaN,NaN,NaN,NaN,NaN,NaN,NaN
6,NaN,NaN,NaN,NaN,NaN,NaN,NaN,NaN
7,NaN,NaN,NaN,NaN,NaN,NaN,NaN,NaN
8,NaN,NaN,NaN,NaN,NaN,NaN,NaN,NaN
9,NaN,NaN,NaN,NaN,NaN,NaN,NaN,NaN
10,NaN,NaN,NaN,NaN,NaN,NaN,NaN,NaN
11,NaN,NaN,NaN,NaN,NaN,NaN,NaN,NaN
1,NaN,NaN,NaN,NaN,NaN,NaN,NaN,NaN
2,NaN,NaN,NaN,NaN,NaN,NaN,NaN,NaN
3,NaN,NaN,NaN,NaN,NaN,NaN,NaN,NaN
4,NaN,NaN,NaN,NaN,NaN,NaN,NaN,NaN
5,NaN,NaN,NaN,NaN,NaN,NaN,NaN,NaN
6,NaN,NaN,NaN,NaN,NaN,NaN,NaN,NaN
7,NaN,NaN,NaN,NaN,NaN,NaN,NaN,NaN
8,NaN,NaN,NaN,NaN,NaN,NaN,NaN,NaN
9,NaN,NaN,NaN,NaN,NaN,NaN,NaN,NaN
10,NaN,NaN,NaN,NaN,NaN,NaN,NaN,NaN
11,NaN,NaN,NaN,NaN,NaN,NaN,NaN,NaN
1,NaN,NaN,NaN,NaN,NaN,NaN,NaN,NaN
2,NaN,NaN,NaN,NaN,NaN,NaN,NaN,NaN
3,NaN,NaN,NaN,NaN,NaN,NaN,NaN,NaN
4,NaN,NaN,NaN,NaN,NaN,NaN,NaN,NaN
5,NaN,NaN,NaN,NaN,NaN,NaN,NaN,NaN
6,NaN,NaN,NaN,NaN,NaN,NaN,NaN,NaN
7,NaN,NaN,NaN,NaN,NaN,NaN,NaN,NaN
8,NaN,NaN,NaN,NaN,NaN,NaN,NaN,NaN
9,NaN,NaN,NaN,NaN,NaN,NaN,NaN,NaN
10,NaN,NaN,NaN,NaN,NaN,NaN,NaN,NaN
11,NaN,NaN,NaN,NaN,NaN,NaN,NaN,NaN
1,NaN,NaN,NaN,NaN,NaN,NaN,NaN,NaN
2,NaN,NaN,NaN,NaN,NaN,NaN,NaN,NaN
3,NaN,NaN,NaN,NaN,NaN,NaN,NaN,NaN
4,NaN,NaN,NaN,NaN,NaN,NaN,NaN,NaN
5,NaN,NaN,NaN,NaN,NaN,NaN,NaN,NaN
6,NaN,NaN,NaN,NaN,NaN,NaN,NaN,NaN
7,NaN,NaN,NaN,NaN,NaN,NaN,NaN,NaN
8,NaN,NaN,NaN,NaN,NaN,NaN,NaN,NaN
9,NaN,NaN,NaN,NaN,NaN,NaN,NaN,NaN
10,NaN,NaN,NaN,NaN,NaN,NaN,NaN,NaN
11,NaN,NaN,NaN,NaN,NaN,NaN,NaN,NaN
1,NaN,NaN,NaN,NaN,NaN,NaN,NaN,NaN
2,NaN,NaN,NaN,NaN,NaN,NaN,NaN,NaN
3,NaN,NaN,NaN,NaN,NaN,NaN,NaN,NaN
4,NaN,NaN,NaN,NaN,NaN,NaN,NaN,NaN
5,NaN,NaN,NaN,NaN,NaN,NaN,NaN,NaN
6,NaN,NaN,NaN,NaN,NaN,NaN,NaN,NaN
7,NaN,NaN,NaN,NaN,NaN,NaN,NaN,NaN
8,NaN,NaN,NaN,NaN,NaN,NaN,NaN,NaN
9,NaN,NaN,NaN,NaN,NaN,NaN,NaN,NaN
10,NaN,NaN,NaN,NaN,NaN,NaN,NaN,NaN
11,NaN,NaN,NaN,NaN,NaN,NaN,NaN,NaN
1,NaN,NaN,NaN,NaN,NaN,NaN,NaN,NaN
2,NaN,NaN,NaN,NaN,NaN,NaN,NaN,NaN
3,NaN,NaN,NaN,NaN,NaN,NaN,NaN,NaN
4,NaN,NaN,NaN,NaN,NaN,NaN,NaN,NaN
5,NaN,NaN,NaN,NaN,NaN,NaN,NaN,NaN
6,NaN,NaN,NaN,NaN,NaN,NaN,NaN,NaN
7,NaN,NaN,NaN,NaN,NaN,NaN,NaN,NaN
8,NaN,NaN,NaN,NaN,NaN,NaN,NaN,NaN
9,NaN,NaN,NaN,NaN,NaN,NaN,NaN,NaN
10,NaN,NaN,NaN,NaN,NaN,NaN,NaN,NaN
11,NaN,NaN,NaN,NaN,NaN,NaN,NaN,NaN
1,NaN,NaN,NaN,NaN,NaN,NaN,NaN,NaN
2,NaN,NaN,NaN,NaN,NaN,NaN,NaN,NaN
3,NaN,NaN,NaN,NaN,NaN,NaN,NaN,NaN
4,NaN,NaN,NaN,NaN,NaN,NaN,NaN,NaN
5,NaN,NaN,NaN,NaN,NaN,NaN,NaN,NaN
6,NaN,NaN,NaN,NaN,NaN,NaN,NaN,NaN
7,NaN,NaN,NaN,NaN,NaN,NaN,NaN,NaN
8,NaN,NaN,NaN,NaN,NaN,NaN,NaN,NaN
9,NaN,NaN,NaN,NaN,NaN,NaN,NaN,NaN
10,NaN,NaN,NaN,NaN,NaN,NaN,NaN,NaN
11,NaN,NaN,NaN,NaN,NaN,NaN,NaN,NaN
1,NaN,NaN,NaN,NaN,NaN,NaN,NaN,NaN
2,NaN,NaN,NaN,NaN,NaN,NaN,NaN,NaN
3,NaN,NaN,NaN,NaN,NaN,NaN,NaN,NaN
4,NaN,NaN,NaN,NaN,NaN,NaN,NaN,NaN
5,NaN,NaN,NaN,NaN,NaN,NaN,NaN,NaN
6,NaN,NaN,NaN,NaN,NaN,NaN,NaN,NaN
7,NaN,NaN,NaN,NaN,NaN,NaN,NaN,NaN
8,NaN,NaN,NaN,NaN,NaN,NaN,NaN,NaN
9,NaN,NaN,NaN,NaN,NaN,NaN,NaN,NaN
10,NaN,NaN,NaN,NaN,NaN,NaN,NaN,NaN
11,NaN,NaN,NaN,NaN,NaN,NaN,NaN,NaN
1,NaN,NaN,NaN,NaN,NaN,NaN,NaN,NaN
2,NaN,NaN,NaN,NaN,NaN,NaN,NaN,NaN
3,NaN,NaN,NaN,NaN,NaN,NaN,NaN,NaN
4,NaN,NaN,NaN,NaN,NaN,NaN,NaN,NaN
5,NaN,NaN,NaN,NaN,NaN,NaN,NaN,NaN
6,NaN,NaN,NaN,NaN,NaN,NaN,NaN,NaN
7,NaN,NaN,NaN,NaN,NaN,NaN,NaN,NaN
8,NaN,NaN,NaN,NaN,NaN,NaN,NaN,NaN
9,NaN,NaN,NaN,NaN,NaN,NaN,NaN,NaN
10,NaN,NaN,NaN,NaN,NaN,NaN,NaN,NaN
11,NaN,NaN,NaN,NaN,NaN,NaN,NaN,NaN
1,NaN,NaN,NaN,NaN,NaN,NaN,NaN,NaN
2,NaN,NaN,NaN,NaN,NaN,NaN,NaN,NaN
3,NaN,NaN,NaN,NaN,NaN,NaN,NaN,NaN
4,NaN,NaN,NaN,NaN,NaN,NaN,NaN,NaN
5,NaN,NaN,NaN,NaN,NaN,NaN,NaN,NaN
6,NaN,NaN,NaN,NaN,NaN,NaN,NaN,NaN
7,NaN,NaN,NaN,NaN,NaN,NaN,NaN,NaN
8,NaN,NaN,NaN,NaN,NaN,NaN,NaN,NaN
9,NaN,NaN,NaN,NaN,NaN,NaN,NaN,NaN
10,NaN,NaN,NaN,NaN,NaN,NaN,NaN,NaN
11,NaN,NaN,NaN,NaN,NaN,NaN,NaN,NaN
1,NaN,NaN,NaN,NaN,NaN,NaN,NaN,NaN
2,NaN,NaN,NaN,NaN,NaN,NaN,NaN,NaN
3,NaN,NaN,NaN,NaN,NaN,NaN,NaN,NaN
4,NaN,NaN,NaN,NaN,NaN,NaN,NaN,NaN
5,NaN,NaN,NaN,NaN,NaN,NaN,NaN,NaN
6,NaN,NaN,NaN,NaN,NaN,NaN,NaN,NaN
7,NaN,NaN,NaN,NaN,NaN,NaN,NaN,NaN
8,NaN,NaN,NaN,NaN,NaN,NaN,NaN,NaN
9,NaN,NaN,NaN,NaN,NaN,NaN,NaN,NaN
10,NaN,NaN,NaN,NaN,NaN,NaN,NaN,NaN
11,NaN,NaN,NaN,NaN,NaN,NaN,NaN,NaN
1,NaN,NaN,NaN,NaN,NaN,NaN,NaN,NaN
2,NaN,NaN,NaN,NaN,NaN,NaN,NaN,NaN
3,NaN,NaN,NaN,NaN,NaN,NaN,NaN,NaN
4,NaN,NaN,NaN,NaN,NaN,NaN,NaN,NaN
5,NaN,NaN,NaN,NaN,NaN,NaN,NaN,NaN
6,NaN,NaN,NaN,NaN,NaN,NaN,NaN,NaN
7,NaN,NaN,NaN,NaN,NaN,NaN,NaN,NaN
8,NaN,NaN,NaN,NaN,NaN,NaN,NaN,NaN
9,NaN,NaN,NaN,NaN,NaN,NaN,NaN,NaN
10,NaN,NaN,NaN,NaN,NaN,NaN,NaN,NaN
11,NaN,NaN,NaN,NaN,NaN,NaN,NaN,NaN
1,NaN,NaN,NaN,NaN,NaN,NaN,NaN,NaN
2,NaN,NaN,NaN,NaN,NaN,NaN,NaN,NaN
3,NaN,NaN,NaN,NaN,NaN,NaN,NaN,NaN
4,NaN,NaN,NaN,NaN,NaN,NaN,NaN,NaN
5,NaN,NaN,NaN,NaN,NaN,NaN,NaN,NaN
6,NaN,NaN,NaN,NaN,NaN,NaN,NaN,NaN
7,NaN,NaN,NaN,NaN,NaN,NaN,NaN,NaN
8,NaN,NaN,NaN,NaN,NaN,NaN,NaN,NaN
9,NaN,NaN,NaN,NaN,NaN,NaN,NaN,NaN
10,NaN,NaN,NaN,NaN,NaN,NaN,NaN,NaN
11,NaN,NaN,NaN,NaN,NaN,NaN,NaN,NaN
1,NaN,NaN,NaN,NaN,NaN,NaN,NaN,NaN
2,NaN,NaN,NaN,NaN,NaN,NaN,NaN,NaN
3,NaN,NaN,NaN,NaN,NaN,NaN,NaN,NaN
4,NaN,NaN,NaN,NaN,NaN,NaN,NaN,NaN
5,NaN,NaN,NaN,NaN,NaN,NaN,NaN,NaN
6,NaN,NaN,NaN,NaN,NaN,NaN,NaN,NaN
7,NaN,NaN,NaN,NaN,NaN,NaN,NaN,NaN
8,NaN,NaN,NaN,NaN,NaN,NaN,NaN,NaN
9,NaN,NaN,NaN,NaN,NaN,NaN,NaN,NaN
10,NaN,NaN,NaN,NaN,NaN,NaN,NaN,NaN
11,NaN,NaN,NaN,NaN,NaN,NaN,NaN,NaN
1,NaN,NaN,NaN,NaN,NaN,NaN,NaN,NaN
2,NaN,NaN,NaN,NaN,NaN,NaN,NaN,NaN
3,NaN,NaN,NaN,NaN,NaN,NaN,NaN,NaN
4,NaN,NaN,NaN,NaN,NaN,NaN,NaN,NaN
5,NaN,NaN,NaN,NaN,NaN,NaN,NaN,NaN
6,NaN,NaN,NaN,NaN,NaN,NaN,NaN,NaN
7,NaN,NaN,NaN,NaN,NaN,NaN,NaN,NaN
8,NaN,NaN,NaN,NaN,NaN,NaN,NaN,NaN
9,NaN,NaN,NaN,NaN,NaN,NaN,NaN,NaN
10,NaN,NaN,NaN,NaN,NaN,NaN,NaN,NaN
11,NaN,NaN,NaN,NaN,NaN,NaN,NaN,NaN
1,NaN,NaN,NaN,NaN,NaN,NaN,NaN,NaN
2,NaN,NaN,NaN,NaN,NaN,NaN,NaN,NaN
3,NaN,NaN,NaN,NaN,NaN,NaN,NaN,NaN
4,NaN,NaN,NaN,NaN,NaN,NaN,NaN,NaN
5,NaN,NaN,NaN,NaN,NaN,NaN,NaN,NaN
6,NaN,NaN,NaN,NaN,NaN,NaN,NaN,NaN
7,NaN,NaN,NaN,NaN,NaN,NaN,NaN,NaN
8,NaN,NaN,NaN,NaN,NaN,NaN,NaN,NaN
9,NaN,NaN,NaN,NaN,NaN,NaN,NaN,NaN
10,NaN,NaN,NaN,NaN,NaN,NaN,NaN,NaN
11,NaN,NaN,NaN,NaN,NaN,NaN,NaN,NaN
1,NaN,NaN,NaN,NaN,NaN,NaN,NaN,NaN
2,NaN,NaN,NaN,NaN,NaN,NaN,NaN,NaN
3,NaN,NaN,NaN,NaN,NaN,NaN,NaN,NaN
4,NaN,NaN,NaN,NaN,NaN,NaN,NaN,NaN
5,NaN,NaN,NaN,NaN,NaN,NaN,NaN,NaN
6,NaN,NaN,NaN,NaN,NaN,NaN,NaN,NaN
7,NaN,NaN,NaN,NaN,NaN,NaN,NaN,NaN
8,NaN,NaN,NaN,NaN,NaN,NaN,NaN,NaN
9,NaN,NaN,NaN,NaN,NaN,NaN,NaN,NaN
10,NaN,NaN,NaN,NaN,NaN,NaN,NaN,NaN
11,NaN,NaN,NaN,NaN,NaN,NaN,NaN,NaN
1,NaN,NaN,NaN,NaN,NaN,NaN,NaN,NaN
2,NaN,NaN,NaN,NaN,NaN,NaN,NaN,NaN
3,NaN,NaN,NaN,NaN,NaN,NaN,NaN,NaN
4,NaN,NaN,NaN,NaN,NaN,NaN,NaN,NaN
5,NaN,NaN,NaN,NaN,NaN,NaN,NaN,NaN
6,NaN,NaN,NaN,NaN,NaN,NaN,NaN,NaN
7,NaN,NaN,NaN,NaN,NaN,NaN,NaN,NaN
8,NaN,NaN,NaN,NaN,NaN,NaN,NaN,NaN
9,NaN,NaN,NaN,NaN,NaN,NaN,NaN,NaN
10,NaN,NaN,NaN,NaN,NaN,NaN,NaN,NaN
11,NaN,NaN,NaN,NaN,NaN,NaN,NaN,NaN
1,NaN,NaN,NaN,NaN,NaN,NaN,NaN,NaN
2,NaN,NaN,NaN,NaN,NaN,NaN,NaN,NaN
3,NaN,NaN,NaN,NaN,NaN,NaN,NaN,NaN
4,NaN,NaN,NaN,NaN,NaN,NaN,NaN,NaN
5,NaN,NaN,NaN,NaN,NaN,NaN,NaN,NaN
6,NaN,NaN,NaN,NaN,NaN,NaN,NaN,NaN
7,NaN,NaN,NaN,NaN,NaN,NaN,NaN,NaN
8,NaN,NaN,NaN,NaN,NaN,NaN,NaN,NaN
9,NaN,NaN,NaN,NaN,NaN,NaN,NaN,NaN
10,NaN,NaN,NaN,NaN,NaN,NaN,NaN,NaN
11,NaN,NaN,NaN,NaN,NaN,NaN,NaN,NaN
1,NaN,NaN,NaN,NaN,NaN,NaN,NaN,NaN
2,NaN,NaN,NaN,NaN,NaN,NaN,NaN,NaN
3,NaN,NaN,NaN,NaN,NaN,NaN,NaN,NaN
4,NaN,NaN,NaN,NaN,NaN,NaN,NaN,NaN
5,NaN,NaN,NaN,NaN,NaN,NaN,NaN,NaN
6,NaN,NaN,NaN,NaN,NaN,NaN,NaN,NaN
7,NaN,NaN,NaN,NaN,NaN,NaN,NaN,NaN
8,NaN,NaN,NaN,NaN,NaN,NaN,NaN,NaN
9,NaN,NaN,NaN,NaN,NaN,NaN,NaN,NaN
10,NaN,NaN,NaN,NaN,NaN,NaN,NaN,NaN
11,NaN,NaN,NaN,NaN,NaN,NaN,NaN,NaN
1,NaN,NaN,NaN,NaN,NaN,NaN,NaN,NaN
2,NaN,NaN,NaN,NaN,NaN,NaN,NaN,NaN
3,NaN,NaN,NaN,NaN,NaN,NaN,NaN,NaN
4,NaN,NaN,NaN,NaN,NaN,NaN,NaN,NaN
5,NaN,NaN,NaN,NaN,NaN,NaN,NaN,NaN
6,NaN,NaN,NaN,NaN,NaN,NaN,NaN,NaN
7,NaN,NaN,NaN,NaN,NaN,NaN,NaN,NaN
8,NaN,NaN,NaN,NaN,NaN,NaN,NaN,NaN
9,NaN,NaN,NaN,NaN,NaN,NaN,NaN,NaN
10,NaN,NaN,NaN,NaN,NaN,NaN,NaN,NaN
11,NaN,NaN,NaN,NaN,NaN,NaN,NaN,NaN
1,NaN,NaN,NaN,NaN,NaN,NaN,NaN,NaN
2,NaN,NaN,NaN,NaN,NaN,NaN,NaN,NaN
3,NaN,NaN,NaN,NaN,NaN,NaN,NaN,NaN
4,NaN,NaN,NaN,NaN,NaN,NaN,NaN,NaN
5,NaN,NaN,NaN,NaN,NaN,NaN,NaN,NaN
6,NaN,NaN,NaN,NaN,NaN,NaN,NaN,NaN
7,NaN,NaN,NaN,NaN,NaN,NaN,NaN,NaN
8,NaN,NaN,NaN,NaN,NaN,NaN,NaN,NaN
9,NaN,NaN,NaN,NaN,NaN,NaN,NaN,NaN
10,NaN,NaN,NaN,NaN,NaN,NaN,NaN,NaN
11,NaN,NaN,NaN,NaN,NaN,NaN,NaN,NaN
1,NaN,NaN,NaN,NaN,NaN,NaN,NaN,NaN
2,NaN,NaN,NaN,NaN,NaN,NaN,NaN,NaN
3,NaN,NaN,NaN,NaN,NaN,NaN,NaN,NaN
4,NaN,NaN,NaN,NaN,NaN,NaN,NaN,NaN
5,NaN,NaN,NaN,NaN,NaN,NaN,NaN,NaN
6,NaN,NaN,NaN,NaN,NaN,NaN,NaN,NaN
7,NaN,NaN,NaN,NaN,NaN,NaN,NaN,NaN
8,NaN,NaN,NaN,NaN,NaN,NaN,NaN,NaN
9,NaN,NaN,NaN,NaN,NaN,NaN,NaN,NaN
10,NaN,NaN,NaN,NaN,NaN,NaN,NaN,NaN
11,NaN,NaN,NaN,NaN,NaN,NaN,NaN,NaN
1,NaN,NaN,NaN,NaN,NaN,NaN,NaN,NaN
2,NaN,NaN,NaN,NaN,NaN,NaN,NaN,NaN
3,NaN,NaN,NaN,NaN,NaN,NaN,NaN,NaN
4,NaN,NaN,NaN,NaN,NaN,NaN,NaN,NaN
5,NaN,NaN,NaN,NaN,NaN,NaN,NaN,NaN
6,NaN,NaN,NaN,NaN,NaN,NaN,NaN,NaN
7,NaN,NaN,NaN,NaN,NaN,NaN,NaN,NaN
8,NaN,NaN,NaN,NaN,NaN,NaN,NaN,NaN
9,NaN,NaN,NaN,NaN,NaN,NaN,NaN,NaN
10,NaN,NaN,NaN,NaN,NaN,NaN,NaN,NaN
11,NaN,NaN,NaN,NaN,NaN,NaN,NaN,NaN
1,NaN,NaN,NaN,NaN,NaN,NaN,NaN,NaN
2,NaN,NaN,NaN,NaN,NaN,NaN,NaN,NaN
3,NaN,NaN,NaN,NaN,NaN,NaN,NaN,NaN
4,NaN,NaN,NaN,NaN,NaN,NaN,NaN,NaN
5,NaN,NaN,NaN,NaN,NaN,NaN,NaN,NaN
6,NaN,NaN,NaN,NaN,NaN,NaN,NaN,NaN
7,NaN,NaN,NaN,NaN,NaN,NaN,NaN,NaN
8,NaN,NaN,NaN,NaN,NaN,NaN,NaN,NaN
9,NaN,NaN,NaN,NaN,NaN,NaN,NaN,NaN
10,NaN,NaN,NaN,NaN,NaN,NaN,NaN,NaN
11,NaN,NaN,NaN,NaN,NaN,NaN,NaN,NaN
1,NaN,NaN,NaN,NaN,NaN,NaN,NaN,NaN
2,NaN,NaN,NaN,NaN,NaN,NaN,NaN,NaN
3,NaN,NaN,NaN,NaN,NaN,NaN,NaN,NaN
4,NaN,NaN,NaN,NaN,NaN,NaN,NaN,NaN
5,NaN,NaN,NaN,NaN,NaN,NaN,NaN,NaN
6,NaN,NaN,NaN,NaN,NaN,NaN,NaN,NaN
7,NaN,NaN,NaN,NaN,NaN,NaN,NaN,NaN
8,NaN,NaN,NaN,NaN,NaN,NaN,NaN,NaN
9,NaN,NaN,NaN,NaN,NaN,NaN,NaN,NaN
10,NaN,NaN,NaN,NaN,NaN,NaN,NaN,NaN
11,NaN,NaN,NaN,NaN,NaN,NaN,NaN,NaN
1,NaN,NaN,NaN,NaN,NaN,NaN,NaN,NaN
2,NaN,NaN,NaN,NaN,NaN,NaN,NaN,NaN
3,NaN,NaN,NaN,NaN,NaN,NaN,NaN,NaN
4,NaN,NaN,NaN,NaN,NaN,NaN,NaN,NaN
5,NaN,NaN,NaN,NaN,NaN,NaN,NaN,NaN
6,NaN,NaN,NaN,NaN,NaN,NaN,NaN,NaN
7,NaN,NaN,NaN,NaN,NaN,NaN,NaN,NaN
8,NaN,NaN,NaN,NaN,NaN,NaN,NaN,NaN
9,NaN,NaN,NaN,NaN,NaN,NaN,NaN,NaN
10,NaN,NaN,NaN,NaN,NaN,NaN,NaN,NaN
11,NaN,NaN,NaN,NaN,NaN,NaN,NaN,NaN
1,NaN,NaN,NaN,NaN,NaN,NaN,NaN,NaN
2,NaN,NaN,NaN,NaN,NaN,NaN,NaN,NaN
3,NaN,NaN,NaN,NaN,NaN,NaN,NaN,NaN
4,NaN,NaN,NaN,NaN,NaN,NaN,NaN,NaN
5,NaN,NaN,NaN,NaN,NaN,NaN,NaN,NaN
6,NaN,NaN,NaN,NaN,NaN,NaN,NaN,NaN
7,NaN,NaN,NaN,NaN,NaN,NaN,NaN,NaN
8,NaN,NaN,NaN,NaN,NaN,NaN,NaN,NaN
9,NaN,NaN,NaN,NaN,NaN,NaN,NaN,NaN
10,NaN,NaN,NaN,NaN,NaN,NaN,NaN,NaN
11,NaN,NaN,NaN,NaN,NaN,NaN,NaN,NaN
1,NaN,NaN,NaN,NaN,NaN,NaN,NaN,NaN
2,NaN,NaN,NaN,NaN,NaN,NaN,NaN,NaN
3,NaN,NaN,NaN,NaN,NaN,NaN,NaN,NaN
4,NaN,NaN,NaN,NaN,NaN,NaN,NaN,NaN
5,NaN,NaN,NaN,NaN,NaN,NaN,NaN,NaN
6,NaN,NaN,NaN,NaN,NaN,NaN,NaN,NaN
7,NaN,NaN,NaN,NaN,NaN,NaN,NaN,NaN
8,NaN,NaN,NaN,NaN,NaN,NaN,NaN,NaN
9,NaN,NaN,NaN,NaN,NaN,NaN,NaN,NaN
10,NaN,NaN,NaN,NaN,NaN,NaN,NaN,NaN
11,NaN,NaN,NaN,NaN,NaN,NaN,NaN,NaN
1,NaN,NaN,NaN,NaN,NaN,NaN,NaN,NaN
2,NaN,NaN,NaN,NaN,NaN,NaN,NaN,NaN
3,NaN,NaN,NaN,NaN,NaN,NaN,NaN,NaN
4,NaN,NaN,NaN,NaN,NaN,NaN,NaN,NaN
5,NaN,NaN,NaN,NaN,NaN,NaN,NaN,NaN
6,NaN,NaN,NaN,NaN,NaN,NaN,NaN,NaN
7,NaN,NaN,NaN,NaN,NaN,NaN,NaN,NaN
8,NaN,NaN,NaN,NaN,NaN,NaN,NaN,NaN
9,NaN,NaN,NaN,NaN,NaN,NaN,NaN,NaN
10,NaN,NaN,NaN,NaN,NaN,NaN,NaN,NaN
11,NaN,NaN,NaN,NaN,NaN,NaN,NaN,NaN
1,NaN,NaN,NaN,NaN,NaN,NaN,NaN,NaN
2,NaN,NaN,NaN,NaN,NaN,NaN,NaN,NaN
3,NaN,NaN,NaN,NaN,NaN,NaN,NaN,NaN
4,NaN,NaN,NaN,NaN,NaN,NaN,NaN,NaN
5,NaN,NaN,NaN,NaN,NaN,NaN,NaN,NaN
6,NaN,NaN,NaN,NaN,NaN,NaN,NaN,NaN
7,NaN,NaN,NaN,NaN,NaN,NaN,NaN,NaN
8,NaN,NaN,NaN,NaN,NaN,NaN,NaN,NaN
9,NaN,NaN,NaN,NaN,NaN,NaN,NaN,NaN
10,NaN,NaN,NaN,NaN,NaN,NaN,NaN,NaN
11,NaN,NaN,NaN,NaN,NaN,NaN,NaN,NaN
1,NaN,NaN,NaN,NaN,NaN,NaN,NaN,NaN
2,NaN,NaN,NaN,NaN,NaN,NaN,NaN,NaN
3,NaN,NaN,NaN,NaN,NaN,NaN,NaN,NaN
4,NaN,NaN,NaN,NaN,NaN,NaN,NaN,NaN
5,NaN,NaN,NaN,NaN,NaN,NaN,NaN,NaN
6,NaN,NaN,NaN,NaN,NaN,NaN,NaN,NaN
7,NaN,NaN,NaN,NaN,NaN,NaN,NaN,NaN
8,NaN,NaN,NaN,NaN,NaN,NaN,NaN,NaN
9,NaN,NaN,NaN,NaN,NaN,NaN,NaN,NaN
10,NaN,NaN,NaN,NaN,NaN,NaN,NaN,NaN
11,NaN,NaN,NaN,NaN,NaN,NaN,NaN,NaN
1,NaN,NaN,NaN,NaN,NaN,NaN,NaN,NaN
2,NaN,NaN,NaN,NaN,NaN,NaN,NaN,NaN
3,NaN,NaN,NaN,NaN,NaN,NaN,NaN,NaN
4,NaN,NaN,NaN,NaN,NaN,NaN,NaN,NaN
5,NaN,NaN,NaN,NaN,NaN,NaN,NaN,NaN
6,NaN,NaN,NaN,NaN,NaN,NaN,NaN,NaN
7,NaN,NaN,NaN,NaN,NaN,NaN,NaN,NaN
8,NaN,NaN,NaN,NaN,NaN,NaN,NaN,NaN
9,NaN,NaN,NaN,NaN,NaN,NaN,NaN,NaN
10,NaN,NaN,NaN,NaN,NaN,NaN,NaN,NaN
11,NaN,NaN,NaN,NaN,NaN,NaN,NaN,NaN
1,NaN,NaN,NaN,NaN,NaN,NaN,NaN,NaN
2,NaN,NaN,NaN,NaN,NaN,NaN,NaN,NaN
3,NaN,NaN,NaN,NaN,NaN,NaN,NaN,NaN
4,NaN,NaN,NaN,NaN,NaN,NaN,NaN,NaN
5,NaN,NaN,NaN,NaN,NaN,NaN,NaN,NaN
6,NaN,NaN,NaN,NaN,NaN,NaN,NaN,NaN
7,NaN,NaN,NaN,NaN,NaN,NaN,NaN,NaN
8,NaN,NaN,NaN,NaN,NaN,NaN,NaN,NaN
9,NaN,NaN,NaN,NaN,NaN,NaN,NaN,NaN
10,NaN,NaN,NaN,NaN,NaN,NaN,NaN,NaN
11,NaN,NaN,NaN,NaN,NaN,NaN,NaN,NaN
1,NaN,NaN,NaN,NaN,NaN,NaN,NaN,NaN
2,NaN,NaN,NaN,NaN,NaN,NaN,NaN,NaN
3,NaN,NaN,NaN,NaN,NaN,NaN,NaN,NaN
4,NaN,NaN,NaN,NaN,NaN,NaN,NaN,NaN
5,NaN,NaN,NaN,NaN,NaN,NaN,NaN,NaN
6,NaN,NaN,NaN,NaN,NaN,NaN,NaN,NaN
7,NaN,NaN,NaN,NaN,NaN,NaN,NaN,NaN
8,NaN,NaN,NaN,NaN,NaN,NaN,NaN,NaN
9,NaN,NaN,NaN,NaN,NaN,NaN,NaN,NaN
10,NaN,NaN,NaN,NaN,NaN,NaN,NaN,NaN
11,NaN,NaN,NaN,NaN,NaN,NaN,NaN,NaN
1,NaN,NaN,NaN,NaN,NaN,NaN,NaN,NaN
2,NaN,NaN,NaN,NaN,NaN,NaN,NaN,NaN
3,NaN,NaN,NaN,NaN,NaN,NaN,NaN,NaN
4,NaN,NaN,NaN,NaN,NaN,NaN,NaN,NaN
5,NaN,NaN,NaN,NaN,NaN,NaN,NaN,NaN
6,NaN,NaN,NaN,NaN,NaN,NaN,NaN,NaN
7,NaN,NaN,NaN,NaN,NaN,NaN,NaN,NaN
8,NaN,NaN,NaN,NaN,NaN,NaN,NaN,NaN
9,NaN,NaN,NaN,NaN,NaN,NaN,NaN,NaN
10,NaN,NaN,NaN,NaN,NaN,NaN,NaN,NaN
11,NaN,NaN,NaN,NaN,NaN,NaN,NaN,NaN
1,NaN,NaN,NaN,NaN,NaN,NaN,NaN,NaN
2,NaN,NaN,NaN,NaN,NaN,NaN,NaN,NaN
3,NaN,NaN,NaN,NaN,NaN,NaN,NaN,NaN
4,NaN,NaN,NaN,NaN,NaN,NaN,NaN,NaN
5,NaN,NaN,NaN,NaN,NaN,NaN,NaN,NaN
6,NaN,NaN,NaN,NaN,NaN,NaN,NaN,NaN
7,NaN,NaN,NaN,NaN,NaN,NaN,NaN,NaN
8,NaN,NaN,NaN,NaN,NaN,NaN,NaN,NaN
9,NaN,NaN,NaN,NaN,NaN,NaN,NaN,NaN
10,NaN,NaN,NaN,NaN,NaN,NaN,NaN,NaN
11,NaN,NaN,NaN,NaN,NaN,NaN,NaN,NaN
1,NaN,NaN,NaN,NaN,NaN,NaN,NaN,NaN
2,NaN,NaN,NaN,NaN,NaN,NaN,NaN,NaN
3,NaN,NaN,NaN,NaN,NaN,NaN,NaN,NaN
4,NaN,NaN,NaN,NaN,NaN,NaN,NaN,NaN
5,NaN,NaN,NaN,NaN,NaN,NaN,NaN,NaN
6,NaN,NaN,NaN,NaN,NaN,NaN,NaN,NaN
7,NaN,NaN,NaN,NaN,NaN,NaN,NaN,NaN
8,NaN,NaN,NaN,NaN,NaN,NaN,NaN,NaN
9,NaN,NaN,NaN,NaN,NaN,NaN,NaN,NaN
10,NaN,NaN,NaN,NaN,NaN,NaN,NaN,NaN
11,NaN,NaN,NaN,NaN,NaN,NaN,NaN,NaN
1,NaN,NaN,NaN,NaN,NaN,NaN,NaN,NaN
2,NaN,NaN,NaN,NaN,NaN,NaN,NaN,NaN
3,NaN,NaN,NaN,NaN,NaN,NaN,NaN,NaN
4,NaN,NaN,NaN,NaN,NaN,NaN,NaN,NaN
5,NaN,NaN,NaN,NaN,NaN,NaN,NaN,NaN
6,NaN,NaN,NaN,NaN,NaN,NaN,NaN,NaN
7,NaN,NaN,NaN,NaN,NaN,NaN,NaN,NaN
8,NaN,NaN,NaN,NaN,NaN,NaN,NaN,NaN
9,NaN,NaN,NaN,NaN,NaN,NaN,NaN,NaN
10,NaN,NaN,NaN,NaN,NaN,NaN,NaN,NaN
11,NaN,NaN,NaN,NaN,NaN,NaN,NaN,NaN
1,NaN,NaN,NaN,NaN,NaN,NaN,NaN,NaN
2,NaN,NaN,NaN,NaN,NaN,NaN,NaN,NaN
3,NaN,NaN,NaN,NaN,NaN,NaN,NaN,NaN
4,NaN,NaN,NaN,NaN,NaN,NaN,NaN,NaN
5,NaN,NaN,NaN,NaN,NaN,NaN,NaN,NaN
6,NaN,NaN,NaN,NaN,NaN,NaN,NaN,NaN
7,NaN,NaN,NaN,NaN,NaN,NaN,NaN,NaN
8,NaN,NaN,NaN,NaN,NaN,NaN,NaN,NaN
9,NaN,NaN,NaN,NaN,NaN,NaN,NaN,NaN
10,NaN,NaN,NaN,NaN,NaN,NaN,NaN,NaN
11,NaN,NaN,NaN,NaN,NaN,NaN,NaN,NaN
1,NaN,NaN,NaN,NaN,NaN,NaN,NaN,NaN
2,NaN,NaN,NaN,NaN,NaN,NaN,NaN,NaN
3,NaN,NaN,NaN,NaN,NaN,NaN,NaN,NaN
4,NaN,NaN,NaN,NaN,NaN,NaN,NaN,NaN
5,NaN,NaN,NaN,NaN,NaN,NaN,NaN,NaN
6,NaN,NaN,NaN,NaN,NaN,NaN,NaN,NaN
7,NaN,NaN,NaN,NaN,NaN,NaN,NaN,NaN
8,NaN,NaN,NaN,NaN,NaN,NaN,NaN,NaN
9,NaN,NaN,NaN,NaN,NaN,NaN,NaN,NaN
10,NaN,NaN,NaN,NaN,NaN,NaN,NaN,NaN
11,NaN,NaN,NaN,NaN,NaN,NaN,NaN,NaN
1,NaN,NaN,NaN,NaN,NaN,NaN,NaN,NaN
2,NaN,NaN,NaN,NaN,NaN,NaN,NaN,NaN
3,NaN,NaN,NaN,NaN,NaN,NaN,NaN,NaN
4,NaN,NaN,NaN,NaN,NaN,NaN,NaN,NaN
5,NaN,NaN,NaN,NaN,NaN,NaN,NaN,NaN
6,NaN,NaN,NaN,NaN,NaN,NaN,NaN,NaN
7,NaN,NaN,NaN,NaN,NaN,NaN,NaN,NaN
8,NaN,NaN,NaN,NaN,NaN,NaN,NaN,NaN
9,NaN,NaN,NaN,NaN,NaN,NaN,NaN,NaN
10,NaN,NaN,NaN,NaN,NaN,NaN,NaN,NaN
11,NaN,NaN,NaN,NaN,NaN,NaN,NaN,NaN
1,NaN,NaN,NaN,NaN,NaN,NaN,NaN,NaN
2,NaN,NaN,NaN,NaN,NaN,NaN,NaN,NaN
3,NaN,NaN,NaN,NaN,NaN,NaN,NaN,NaN
4,NaN,NaN,NaN,NaN,NaN,NaN,NaN,NaN
5,NaN,NaN,NaN,NaN,NaN,NaN,NaN,NaN
6,NaN,NaN,NaN,NaN,NaN,NaN,NaN,NaN
7,NaN,NaN,NaN,NaN,NaN,NaN,NaN,NaN
8,NaN,NaN,NaN,NaN,NaN,NaN,NaN,NaN
9,NaN,NaN,NaN,NaN,NaN,NaN,NaN,NaN
10,NaN,NaN,NaN,NaN,NaN,NaN,NaN,NaN
11,NaN,NaN,NaN,NaN,NaN,NaN,NaN,NaN
1,NaN,NaN,NaN,NaN,NaN,NaN,NaN,NaN
2,NaN,NaN,NaN,NaN,NaN,NaN,NaN,NaN
3,NaN,NaN,NaN,NaN,NaN,NaN,NaN,NaN
4,NaN,NaN,NaN,NaN,NaN,NaN,NaN,NaN
5,NaN,NaN,NaN,NaN,NaN,NaN,NaN,NaN
6,NaN,NaN,NaN,NaN,NaN,NaN,NaN,NaN
7,NaN,NaN,NaN,NaN,NaN,NaN,NaN,NaN
8,NaN,NaN,NaN,NaN,NaN,NaN,NaN,NaN
9,NaN,NaN,NaN,NaN,NaN,NaN,NaN,NaN
10,NaN,NaN,NaN,NaN,NaN,NaN,NaN,NaN
11,NaN,NaN,NaN,NaN,NaN,NaN,NaN,NaN
1,NaN,NaN,NaN,NaN,NaN,NaN,NaN,NaN
2,NaN,NaN,NaN,NaN,NaN,NaN,NaN,NaN
3,NaN,NaN,NaN,NaN,NaN,NaN,NaN,NaN
4,NaN,NaN,NaN,NaN,NaN,NaN,NaN,NaN
5,NaN,NaN,NaN,NaN,NaN,NaN,NaN,NaN
6,NaN,NaN,NaN,NaN,NaN,NaN,NaN,NaN
7,NaN,NaN,NaN,NaN,NaN,NaN,NaN,NaN
8,NaN,NaN,NaN,NaN,NaN,NaN,NaN,NaN
9,NaN,NaN,NaN,NaN,NaN,NaN,NaN,NaN
10,NaN,NaN,NaN,NaN,NaN,NaN,NaN,NaN
11,NaN,NaN,NaN,NaN,NaN,NaN,NaN,NaN
1,NaN,NaN,NaN,NaN,NaN,NaN,NaN,NaN
2,NaN,NaN,NaN,NaN,NaN,NaN,NaN,NaN
3,NaN,NaN,NaN,NaN,NaN,NaN,NaN,NaN
4,NaN,NaN,NaN,NaN,NaN,NaN,NaN,NaN
5,NaN,NaN,NaN,NaN,NaN,NaN,NaN,NaN
6,NaN,NaN,NaN,NaN,NaN,NaN,NaN,NaN
7,NaN,NaN,NaN,NaN,NaN,NaN,NaN,NaN
8,NaN,NaN,NaN,NaN,NaN,NaN,NaN,NaN
9,NaN,NaN,NaN,NaN,NaN,NaN,NaN,NaN
10,NaN,NaN,NaN,NaN,NaN,NaN,NaN,NaN
11,NaN,NaN,NaN,NaN,NaN,NaN,NaN,NaN
1,NaN,NaN,NaN,NaN,NaN,NaN,NaN,NaN
2,NaN,NaN,NaN,NaN,NaN,NaN,NaN,NaN
3,NaN,NaN,NaN,NaN,NaN,NaN,NaN,NaN
4,NaN,NaN,NaN,NaN,NaN,NaN,NaN,NaN
5,NaN,NaN,NaN,NaN,NaN,NaN,NaN,NaN
6,NaN,NaN,NaN,NaN,NaN,NaN,NaN,NaN
7,NaN,NaN,NaN,NaN,NaN,NaN,NaN,NaN
8,NaN,NaN,NaN,NaN,NaN,NaN,NaN,NaN
9,NaN,NaN,NaN,NaN,NaN,NaN,NaN,NaN
10,NaN,NaN,NaN,NaN,NaN,NaN,NaN,NaN
11,NaN,NaN,NaN,NaN,NaN,NaN,NaN,NaN
1,NaN,NaN,NaN,NaN,NaN,NaN,NaN,NaN
2,NaN,NaN,NaN,NaN,NaN,NaN,NaN,NaN
3,NaN,NaN,NaN,NaN,NaN,NaN,NaN,NaN
4,NaN,NaN,NaN,NaN,NaN,NaN,NaN,NaN
5,NaN,NaN,NaN,NaN,NaN,NaN,NaN,NaN
6,NaN,NaN,NaN,NaN,NaN,NaN,NaN,NaN
7,NaN,NaN,NaN,NaN,NaN,NaN,NaN,NaN
8,NaN,NaN,NaN,NaN,NaN,NaN,NaN,NaN
9,NaN,NaN,NaN,NaN,NaN,NaN,NaN,NaN
10,NaN,NaN,NaN,NaN,NaN,NaN,NaN,NaN
11,NaN,NaN,NaN,NaN,NaN,NaN,NaN,NaN
1,NaN,NaN,NaN,NaN,NaN,NaN,NaN,NaN
2,NaN,NaN,NaN,NaN,NaN,NaN,NaN,NaN
3,NaN,NaN,NaN,NaN,NaN,NaN,NaN,NaN
4,NaN,NaN,NaN,NaN,NaN,NaN,NaN,NaN
5,NaN,NaN,NaN,NaN,NaN,NaN,NaN,NaN
6,NaN,NaN,NaN,NaN,NaN,NaN,NaN,NaN
7,NaN,NaN,NaN,NaN,NaN,NaN,NaN,NaN
8,NaN,NaN,NaN,NaN,NaN,NaN,NaN,NaN
9,NaN,NaN,NaN,NaN,NaN,NaN,NaN,NaN
10,NaN,NaN,NaN,NaN,NaN,NaN,NaN,NaN
11,NaN,NaN,NaN,NaN,NaN,NaN,NaN,NaN
1,NaN,NaN,NaN,NaN,NaN,NaN,NaN,NaN
2,NaN,NaN,NaN,NaN,NaN,NaN,NaN,NaN
3,NaN,NaN,NaN,NaN,NaN,NaN,NaN,NaN
4,NaN,NaN,NaN,NaN,NaN,NaN,NaN,NaN
5,NaN,NaN,NaN,NaN,NaN,NaN,NaN,NaN
6,NaN,NaN,NaN,NaN,NaN,NaN,NaN,NaN
7,NaN,NaN,NaN,NaN,NaN,NaN,NaN,NaN
8,NaN,NaN,NaN,NaN,NaN,NaN,NaN,NaN
9,NaN,NaN,NaN,NaN,NaN,NaN,NaN,NaN
10,NaN,NaN,NaN,NaN,NaN,NaN,NaN,NaN
11,NaN,NaN,NaN,NaN,NaN,NaN,NaN,NaN
1,NaN,NaN,NaN,NaN,NaN,NaN,NaN,NaN
2,NaN,NaN,NaN,NaN,NaN,NaN,NaN,NaN
3,NaN,NaN,NaN,NaN,NaN,NaN,NaN,NaN
4,NaN,NaN,NaN,NaN,NaN,NaN,NaN,NaN
5,NaN,NaN,NaN,NaN,NaN,NaN,NaN,NaN
6,NaN,NaN,NaN,NaN,NaN,NaN,NaN,NaN
7,NaN,NaN,NaN,NaN,NaN,NaN,NaN,NaN
8,NaN,NaN,NaN,NaN,NaN,NaN,NaN,NaN
9,NaN,NaN,NaN,NaN,NaN,NaN,NaN,NaN
10,NaN,NaN,NaN,NaN,NaN,NaN,NaN,NaN
11,NaN,NaN,NaN,NaN,NaN,NaN,NaN,NaN
1,NaN,NaN,NaN,NaN,NaN,NaN,NaN,NaN
2,NaN,NaN,NaN,NaN,NaN,NaN,NaN,NaN
3,NaN,NaN,NaN,NaN,NaN,NaN,NaN,NaN
4,NaN,NaN,NaN,NaN,NaN,NaN,NaN,NaN
5,NaN,NaN,NaN,NaN,NaN,NaN,NaN,NaN
6,NaN,NaN,NaN,NaN,NaN,NaN,NaN,NaN
7,NaN,NaN,NaN,NaN,NaN,NaN,NaN,NaN
8,NaN,NaN,NaN,NaN,NaN,NaN,NaN,NaN
9,NaN,NaN,NaN,NaN,NaN,NaN,NaN,NaN
10,NaN,NaN,NaN,NaN,NaN,NaN,NaN,NaN
11,NaN,NaN,NaN,NaN,NaN,NaN,NaN,NaN
1,NaN,NaN,NaN,NaN,NaN,NaN,NaN,NaN
2,NaN,NaN,NaN,NaN,NaN,NaN,NaN,NaN
3,NaN,NaN,NaN,NaN,NaN,NaN,NaN,NaN
4,NaN,NaN,NaN,NaN,NaN,NaN,NaN,NaN
5,NaN,NaN,NaN,NaN,NaN,NaN,NaN,NaN
6,NaN,NaN,NaN,NaN,NaN,NaN,NaN,NaN
7,NaN,NaN,NaN,NaN,NaN,NaN,NaN,NaN
8,NaN,NaN,NaN,NaN,NaN,NaN,NaN,NaN
9,NaN,NaN,NaN,NaN,NaN,NaN,NaN,NaN
10,NaN,NaN,NaN,NaN,NaN,NaN,NaN,NaN
11,NaN,NaN,NaN,NaN,NaN,NaN,NaN,NaN
1,NaN,NaN,NaN,NaN,NaN,NaN,NaN,NaN
2,NaN,NaN,NaN,NaN,NaN,NaN,NaN,NaN
3,NaN,NaN,NaN,NaN,NaN,NaN,NaN,NaN
4,NaN,NaN,NaN,NaN,NaN,NaN,NaN,NaN
5,NaN,NaN,NaN,NaN,NaN,NaN,NaN,NaN
6,NaN,NaN,NaN,NaN,NaN,NaN,NaN,NaN
7,NaN,NaN,NaN,NaN,NaN,NaN,NaN,NaN
8,NaN,NaN,NaN,NaN,NaN,NaN,NaN,NaN
9,NaN,NaN,NaN,NaN,NaN,NaN,NaN,NaN
10,NaN,NaN,NaN,NaN,NaN,NaN,NaN,NaN
11,NaN,NaN,NaN,NaN,NaN,NaN,NaN,NaN
1,NaN,NaN,NaN,NaN,NaN,NaN,NaN,NaN
2,NaN,NaN,NaN,NaN,NaN,NaN,NaN,NaN
3,NaN,NaN,NaN,NaN,NaN,NaN,NaN,NaN
4,NaN,NaN,NaN,NaN,NaN,NaN,NaN,NaN
5,NaN,NaN,NaN,NaN,NaN,NaN,NaN,NaN
6,NaN,NaN,NaN,NaN,NaN,NaN,NaN,NaN
7,NaN,NaN,NaN,NaN,NaN,NaN,NaN,NaN
8,NaN,NaN,NaN,NaN,NaN,NaN,NaN,NaN
9,NaN,NaN,NaN,NaN,NaN,NaN,NaN,NaN
10,NaN,NaN,NaN,NaN,NaN,NaN,NaN,NaN
11,NaN,NaN,NaN,NaN,NaN,NaN,NaN,NaN
1,NaN,NaN,NaN,NaN,NaN,NaN,NaN,NaN
2,NaN,NaN,NaN,NaN,NaN,NaN,NaN,NaN
3,NaN,NaN,NaN,NaN,NaN,NaN,NaN,NaN
4,NaN,NaN,NaN,NaN,NaN,NaN,NaN,NaN
5,NaN,NaN,NaN,NaN,NaN,NaN,NaN,NaN
6,NaN,NaN,NaN,NaN,NaN,NaN,NaN,NaN
7,NaN,NaN,NaN,NaN,NaN,NaN,NaN,NaN
8,NaN,NaN,NaN,NaN,NaN,NaN,NaN,NaN
9,NaN,NaN,NaN,NaN,NaN,NaN,NaN,NaN
10,NaN,NaN,NaN,NaN,NaN,NaN,NaN,NaN
11,NaN,NaN,NaN,NaN,NaN,NaN,NaN,NaN
1,NaN,NaN,NaN,NaN,NaN,NaN,NaN,NaN
2,NaN,NaN,NaN,NaN,NaN,NaN,NaN,NaN
3,NaN,NaN,NaN,NaN,NaN,NaN,NaN,NaN
4,NaN,NaN,NaN,NaN,NaN,NaN,NaN,NaN
5,NaN,NaN,NaN,NaN,NaN,NaN,NaN,NaN
6,NaN,NaN,NaN,NaN,NaN,NaN,NaN,NaN
7,NaN,NaN,NaN,NaN,NaN,NaN,NaN,NaN
8,NaN,NaN,NaN,NaN,NaN,NaN,NaN,NaN
9,NaN,NaN,NaN,NaN,NaN,NaN,NaN,NaN
10,NaN,NaN,NaN,NaN,NaN,NaN,NaN,NaN
11,NaN,NaN,NaN,NaN,NaN,NaN,NaN,NaN
1,NaN,NaN,NaN,NaN,NaN,NaN,NaN,NaN
2,NaN,NaN,NaN,NaN,NaN,NaN,NaN,NaN
3,NaN,NaN,NaN,NaN,NaN,NaN,NaN,NaN
4,NaN,NaN,NaN,NaN,NaN,NaN,NaN,NaN
5,NaN,NaN,NaN,NaN,NaN,NaN,NaN,NaN
6,NaN,NaN,NaN,NaN,NaN,NaN,NaN,NaN
7,NaN,NaN,NaN,NaN,NaN,NaN,NaN,NaN
8,NaN,NaN,NaN,NaN,NaN,NaN,NaN,NaN
9,NaN,NaN,NaN,NaN,NaN,NaN,NaN,NaN
10,NaN,NaN,NaN,NaN,NaN,NaN,NaN,NaN
11,NaN,NaN,NaN,NaN,NaN,NaN,NaN,NaN
1,NaN,NaN,NaN,NaN,NaN,NaN,NaN,NaN
2,NaN,NaN,NaN,NaN,NaN,NaN,NaN,NaN
3,NaN,NaN,NaN,NaN,NaN,NaN,NaN,NaN
4,NaN,NaN,NaN,NaN,NaN,NaN,NaN,NaN
5,NaN,NaN,NaN,NaN,NaN,NaN,NaN,NaN
6,NaN,NaN,NaN,NaN,NaN,NaN,NaN,NaN
7,NaN,NaN,NaN,NaN,NaN,NaN,NaN,NaN
8,NaN,NaN,NaN,NaN,NaN,NaN,NaN,NaN
9,NaN,NaN,NaN,NaN,NaN,NaN,NaN,NaN
10,NaN,NaN,NaN,NaN,NaN,NaN,NaN,NaN
11,NaN,NaN,NaN,NaN,NaN,NaN,NaN,NaN
1,NaN,NaN,NaN,NaN,NaN,NaN,NaN,NaN
2,NaN,NaN,NaN,NaN,NaN,NaN,NaN,NaN
3,NaN,NaN,NaN,NaN,NaN,NaN,NaN,NaN
4,NaN,NaN,NaN,NaN,NaN,NaN,NaN,NaN
5,NaN,NaN,NaN,NaN,NaN,NaN,NaN,NaN
6,NaN,NaN,NaN,NaN,NaN,NaN,NaN,NaN
7,NaN,NaN,NaN,NaN,NaN,NaN,NaN,NaN
8,NaN,NaN,NaN,NaN,NaN,NaN,NaN,NaN
9,NaN,NaN,NaN,NaN,NaN,NaN,NaN,NaN
10,NaN,NaN,NaN,NaN,NaN,NaN,NaN,NaN
11,NaN,NaN,NaN,NaN,NaN,NaN,NaN,NaN
1,NaN,NaN,NaN,NaN,NaN,NaN,NaN,NaN
2,NaN,NaN,NaN,NaN,NaN,NaN,NaN,NaN
3,NaN,NaN,NaN,NaN,NaN,NaN,NaN,NaN
4,NaN,NaN,NaN,NaN,NaN,NaN,NaN,NaN
5,NaN,NaN,NaN,NaN,NaN,NaN,NaN,NaN
6,NaN,NaN,NaN,NaN,NaN,NaN,NaN,NaN
7,NaN,NaN,NaN,NaN,NaN,NaN,NaN,NaN
8,NaN,NaN,NaN,NaN,NaN,NaN,NaN,NaN
9,NaN,NaN,NaN,NaN,NaN,NaN,NaN,NaN
10,NaN,NaN,NaN,NaN,NaN,NaN,NaN,NaN
11,NaN,NaN,NaN,NaN,NaN,NaN,NaN,NaN
1,NaN,NaN,NaN,NaN,NaN,NaN,NaN,NaN
2,NaN,NaN,NaN,NaN,NaN,NaN,NaN,NaN
3,NaN,NaN,NaN,NaN,NaN,NaN,NaN,NaN
4,NaN,NaN,NaN,NaN,NaN,NaN,NaN,NaN
5,NaN,NaN,NaN,NaN,NaN,NaN,NaN,NaN
6,NaN,NaN,NaN,NaN,NaN,NaN,NaN,NaN
7,NaN,NaN,NaN,NaN,NaN,NaN,NaN,NaN
8,NaN,NaN,NaN,NaN,NaN,NaN,NaN,NaN
9,NaN,NaN,NaN,NaN,NaN,NaN,NaN,NaN
10,NaN,NaN,NaN,NaN,NaN,NaN,NaN,NaN
11,NaN,NaN,NaN,NaN,NaN,NaN,NaN,NaN
1,NaN,NaN,NaN,NaN,NaN,NaN,NaN,NaN
2,NaN,NaN,NaN,NaN,NaN,NaN,NaN,NaN
3,NaN,NaN,NaN,NaN,NaN,NaN,NaN,NaN
4,NaN,NaN,NaN,NaN,NaN,NaN,NaN,NaN
5,NaN,NaN,NaN,NaN,NaN,NaN,NaN,NaN
6,NaN,NaN,NaN,NaN,NaN,NaN,NaN,NaN
7,NaN,NaN,NaN,NaN,NaN,NaN,NaN,NaN
8,NaN,NaN,NaN,NaN,NaN,NaN,NaN,NaN
9,NaN,NaN,NaN,NaN,NaN,NaN,NaN,NaN
10,NaN,NaN,NaN,NaN,NaN,NaN,NaN,NaN
11,NaN,NaN,NaN,NaN,NaN,NaN,NaN,NaN
1,NaN,NaN,NaN,NaN,NaN,NaN,NaN,NaN
2,NaN,NaN,NaN,NaN,NaN,NaN,NaN,NaN
3,NaN,NaN,NaN,NaN,NaN,NaN,NaN,NaN
4,NaN,NaN,NaN,NaN,NaN,NaN,NaN,NaN
5,NaN,NaN,NaN,NaN,NaN,NaN,NaN,NaN
6,NaN,NaN,NaN,NaN,NaN,NaN,NaN,NaN
7,NaN,NaN,NaN,NaN,NaN,NaN,NaN,NaN
8,NaN,NaN,NaN,NaN,NaN,NaN,NaN,NaN
9,NaN,NaN,NaN,NaN,NaN,NaN,NaN,NaN
10,NaN,NaN,NaN,NaN,NaN,NaN,NaN,NaN
11,NaN,NaN,NaN,NaN,NaN,NaN,NaN,NaN
1,NaN,NaN,NaN,NaN,NaN,NaN,NaN,NaN
2,NaN,NaN,NaN,NaN,NaN,NaN,NaN,NaN
3,NaN,NaN,NaN,NaN,NaN,NaN,NaN,NaN
4,NaN,NaN,NaN,NaN,NaN,NaN,NaN,NaN
5,NaN,NaN,NaN,NaN,NaN,NaN,NaN,NaN
6,NaN,NaN,NaN,NaN,NaN,NaN,NaN,NaN
7,NaN,NaN,NaN,NaN,NaN,NaN,NaN,NaN
8,NaN,NaN,NaN,NaN,NaN,NaN,NaN,NaN
9,NaN,NaN,NaN,NaN,NaN,NaN,NaN,NaN
10,NaN,NaN,NaN,NaN,NaN,NaN,NaN,NaN
11,NaN,NaN,NaN,NaN,NaN,NaN,NaN,NaN
1,NaN,NaN,NaN,NaN,NaN,NaN,NaN,NaN
2,NaN,NaN,NaN,NaN,NaN,NaN,NaN,NaN
3,NaN,NaN,NaN,NaN,NaN,NaN,NaN,NaN
4,NaN,NaN,NaN,NaN,NaN,NaN,NaN,NaN
5,NaN,NaN,NaN,NaN,NaN,NaN,NaN,NaN
6,NaN,NaN,NaN,NaN,NaN,NaN,NaN,NaN
7,NaN,NaN,NaN,NaN,NaN,NaN,NaN,NaN
8,NaN,NaN,NaN,NaN,NaN,NaN,NaN,NaN
9,NaN,NaN,NaN,NaN,NaN,NaN,NaN,NaN
10,NaN,NaN,NaN,NaN,NaN,NaN,NaN,NaN
11,NaN,NaN,NaN,NaN,NaN,NaN,NaN,NaN
1,NaN,NaN,NaN,NaN,NaN,NaN,NaN,NaN
2,NaN,NaN,NaN,NaN,NaN,NaN,NaN,NaN
3,NaN,NaN,NaN,NaN,NaN,NaN,NaN,NaN
4,NaN,NaN,NaN,NaN,NaN,NaN,NaN,NaN
5,NaN,NaN,NaN,NaN,NaN,NaN,NaN,NaN
6,NaN,NaN,NaN,NaN,NaN,NaN,NaN,NaN
7,NaN,NaN,NaN,NaN,NaN,NaN,NaN,NaN
8,NaN,NaN,NaN,NaN,NaN,NaN,NaN,NaN
9,NaN,NaN,NaN,NaN,NaN,NaN,NaN,NaN
10,NaN,NaN,NaN,NaN,NaN,NaN,NaN,NaN
11,NaN,NaN,NaN,NaN,NaN,NaN,NaN,NaN
1,NaN,NaN,NaN,NaN,NaN,NaN,NaN,NaN
2,NaN,NaN,NaN,NaN,NaN,NaN,NaN,NaN
3,NaN,NaN,NaN,NaN,NaN,NaN,NaN,NaN
4,NaN,NaN,NaN,NaN,NaN,NaN,NaN,NaN
5,NaN,NaN,NaN,NaN,NaN,NaN,NaN,NaN
6,NaN,NaN,NaN,NaN,NaN,NaN,NaN,NaN
7,NaN,NaN,NaN,NaN,NaN,NaN,NaN,NaN
8,NaN,NaN,NaN,NaN,NaN,NaN,NaN,NaN
9,NaN,NaN,NaN,NaN,NaN,NaN,NaN,NaN
10,NaN,NaN,NaN,NaN,NaN,NaN,NaN,NaN
11,NaN,NaN,NaN,NaN,NaN,NaN,NaN,NaN
1,NaN,NaN,NaN,NaN,NaN,NaN,NaN,NaN
2,NaN,NaN,NaN,NaN,NaN,NaN,NaN,NaN
3,NaN,NaN,NaN,NaN,NaN,NaN,NaN,NaN
4,NaN,NaN,NaN,NaN,NaN,NaN,NaN,NaN
5,NaN,NaN,NaN,NaN,NaN,NaN,NaN,NaN
6,NaN,NaN,NaN,NaN,NaN,NaN,NaN,NaN
7,NaN,NaN,NaN,NaN,NaN,NaN,NaN,NaN
8,NaN,NaN,NaN,NaN,NaN,NaN,NaN,NaN
9,NaN,NaN,NaN,NaN,NaN,NaN,NaN,NaN
10,NaN,NaN,NaN,NaN,NaN,NaN,NaN,NaN
11,NaN,NaN,NaN,NaN,NaN,NaN,NaN,NaN
1,NaN,NaN,NaN,NaN,NaN,NaN,NaN,NaN
2,NaN,NaN,NaN,NaN,NaN,NaN,NaN,NaN
3,NaN,NaN,NaN,NaN,NaN,NaN,NaN,NaN
4,NaN,NaN,NaN,NaN,NaN,NaN,NaN,NaN
5,NaN,NaN,NaN,NaN,NaN,NaN,NaN,NaN
6,NaN,NaN,NaN,NaN,NaN,NaN,NaN,NaN
7,NaN,NaN,NaN,NaN,NaN,NaN,NaN,NaN
8,NaN,NaN,NaN,NaN,NaN,NaN,NaN,NaN
9,NaN,NaN,NaN,NaN,NaN,NaN,NaN,NaN
10,NaN,NaN,NaN,NaN,NaN,NaN,NaN,NaN
11,NaN,NaN,NaN,NaN,NaN,NaN,NaN,NaN
1,NaN,NaN,NaN,NaN,NaN,NaN,NaN,NaN
2,NaN,NaN,NaN,NaN,NaN,NaN,NaN,NaN
3,NaN,NaN,NaN,NaN,NaN,NaN,NaN,NaN
4,NaN,NaN,NaN,NaN,NaN,NaN,NaN,NaN
5,NaN,NaN,NaN,NaN,NaN,NaN,NaN,NaN
6,NaN,NaN,NaN,NaN,NaN,NaN,NaN,NaN
7,NaN,NaN,NaN,NaN,NaN,NaN,NaN,NaN
8,NaN,NaN,NaN,NaN,NaN,NaN,NaN,NaN
9,NaN,NaN,NaN,NaN,NaN,NaN,NaN,NaN
10,NaN,NaN,NaN,NaN,NaN,NaN,NaN,NaN
11,NaN,NaN,NaN,NaN,NaN,NaN,NaN,NaN
1,NaN,NaN,NaN,NaN,NaN,NaN,NaN,NaN
2,NaN,NaN,NaN,NaN,NaN,NaN,NaN,NaN
3,NaN,NaN,NaN,NaN,NaN,NaN,NaN,NaN
4,NaN,NaN,NaN,NaN,NaN,NaN,NaN,NaN
5,NaN,NaN,NaN,NaN,NaN,NaN,NaN,NaN
6,NaN,NaN,NaN,NaN,NaN,NaN,NaN,NaN
7,NaN,NaN,NaN,NaN,NaN,NaN,NaN,NaN
8,NaN,NaN,NaN,NaN,NaN,NaN,NaN,NaN
9,NaN,NaN,NaN,NaN,NaN,NaN,NaN,NaN
10,NaN,NaN,NaN,NaN,NaN,NaN,NaN,NaN
11,NaN,NaN,NaN,NaN,NaN,NaN,NaN,NaN
1,NaN,NaN,NaN,NaN,NaN,NaN,NaN,NaN
2,NaN,NaN,NaN,NaN,NaN,NaN,NaN,NaN
3,NaN,NaN,NaN,NaN,NaN,NaN,NaN,NaN
4,NaN,NaN,NaN,NaN,NaN,NaN,NaN,NaN
5,NaN,NaN,NaN,NaN,NaN,NaN,NaN,NaN
6,NaN,NaN,NaN,NaN,NaN,NaN,NaN,NaN
7,NaN,NaN,NaN,NaN,NaN,NaN,NaN,NaN
8,NaN,NaN,NaN,NaN,NaN,NaN,NaN,NaN
9,NaN,NaN,NaN,NaN,NaN,NaN,NaN,NaN
10,NaN,NaN,NaN,NaN,NaN,NaN,NaN,NaN
11,NaN,NaN,NaN,NaN,NaN,NaN,NaN,NaN
1,NaN,NaN,NaN,NaN,NaN,NaN,NaN,NaN
2,NaN,NaN,NaN,NaN,NaN,NaN,NaN,NaN
3,NaN,NaN,NaN,NaN,NaN,NaN,NaN,NaN
4,NaN,NaN,NaN,NaN,NaN,NaN,NaN,NaN
5,NaN,NaN,NaN,NaN,NaN,NaN,NaN,NaN
6,NaN,NaN,NaN,NaN,NaN,NaN,NaN,NaN
7,NaN,NaN,NaN,NaN,NaN,NaN,NaN,NaN
8,NaN,NaN,NaN,NaN,NaN,NaN,NaN,NaN
9,NaN,NaN,NaN,NaN,NaN,NaN,NaN,NaN
10,NaN,NaN,NaN,NaN,NaN,NaN,NaN,NaN
11,NaN,NaN,NaN,NaN,NaN,NaN,NaN,NaN
1,NaN,NaN,NaN,NaN,NaN,NaN,NaN,NaN
2,NaN,NaN,NaN,NaN,NaN,NaN,NaN,NaN
3,NaN,NaN,NaN,NaN,NaN,NaN,NaN,NaN
4,NaN,NaN,NaN,NaN,NaN,NaN,NaN,NaN
5,NaN,NaN,NaN,NaN,NaN,NaN,NaN,NaN
6,NaN,NaN,NaN,NaN,NaN,NaN,NaN,NaN
7,NaN,NaN,NaN,NaN,NaN,NaN,NaN,NaN
8,NaN,NaN,NaN,NaN,NaN,NaN,NaN,NaN
9,NaN,NaN,NaN,NaN,NaN,NaN,NaN,NaN
10,NaN,NaN,NaN,NaN,NaN,NaN,NaN,NaN
11,NaN,NaN,NaN,NaN,NaN,NaN,NaN,NaN
1,NaN,NaN,NaN,NaN,NaN,NaN,NaN,NaN
2,NaN,NaN,NaN,NaN,NaN,NaN,NaN,NaN
3,NaN,NaN,NaN,NaN,NaN,NaN,NaN,NaN
4,NaN,NaN,NaN,NaN,NaN,NaN,NaN,NaN
5,NaN,NaN,NaN,NaN,NaN,NaN,NaN,NaN
6,NaN,NaN,NaN,NaN,NaN,NaN,NaN,NaN
7,NaN,NaN,NaN,NaN,NaN,NaN,NaN,NaN
8,NaN,NaN,NaN,NaN,NaN,NaN,NaN,NaN
9,NaN,NaN,NaN,NaN,NaN,NaN,NaN,NaN
10,NaN,NaN,NaN,NaN,NaN,NaN,NaN,NaN
11,NaN,NaN,NaN,NaN,NaN,NaN,NaN,NaN
1,NaN,NaN,NaN,NaN,NaN,NaN,NaN,NaN
2,NaN,NaN,NaN,NaN,NaN,NaN,NaN,NaN
3,NaN,NaN,NaN,NaN,NaN,NaN,NaN,NaN
4,NaN,NaN,NaN,NaN,NaN,NaN,NaN,NaN
5,NaN,NaN,NaN,NaN,NaN,NaN,NaN,NaN
6,NaN,NaN,NaN,NaN,NaN,NaN,NaN,NaN
7,NaN,NaN,NaN,NaN,NaN,NaN,NaN,NaN
8,NaN,NaN,NaN,NaN,NaN,NaN,NaN,NaN
9,NaN,NaN,NaN,NaN,NaN,NaN,NaN,NaN
10,NaN,NaN,NaN,NaN,NaN,NaN,NaN,NaN
11,NaN,NaN,NaN,NaN,NaN,NaN,NaN,NaN
1,NaN,NaN,NaN,NaN,NaN,NaN,NaN,NaN
2,NaN,NaN,NaN,NaN,NaN,NaN,NaN,NaN
3,NaN,NaN,NaN,NaN,NaN,NaN,NaN,NaN
4,NaN,NaN,NaN,NaN,NaN,NaN,NaN,NaN
5,NaN,NaN,NaN,NaN,NaN,NaN,NaN,NaN
6,NaN,NaN,NaN,NaN,NaN,NaN,NaN,NaN
7,NaN,NaN,NaN,NaN,NaN,NaN,NaN,NaN
8,NaN,NaN,NaN,NaN,NaN,NaN,NaN,NaN
9,NaN,NaN,NaN,NaN,NaN,NaN,NaN,NaN
10,NaN,NaN,NaN,NaN,NaN,NaN,NaN,NaN
11,NaN,NaN,NaN,NaN,NaN,NaN,NaN,NaN
1,NaN,NaN,NaN,NaN,NaN,NaN,NaN,NaN
2,NaN,NaN,NaN,NaN,NaN,NaN,NaN,NaN
3,NaN,NaN,NaN,NaN,NaN,NaN,NaN,NaN
4,NaN,NaN,NaN,NaN,NaN,NaN,NaN,NaN
5,NaN,NaN,NaN,NaN,NaN,NaN,NaN,NaN
6,NaN,NaN,NaN,NaN,NaN,NaN,NaN,NaN
7,NaN,NaN,NaN,NaN,NaN,NaN,NaN,NaN
8,NaN,NaN,NaN,NaN,NaN,NaN,NaN,NaN
9,NaN,NaN,NaN,NaN,NaN,NaN,NaN,NaN
10,NaN,NaN,NaN,NaN,NaN,NaN,NaN,NaN
11,NaN,NaN,NaN,NaN,NaN,NaN,NaN,NaN
1,NaN,NaN,NaN,NaN,NaN,NaN,NaN,NaN
2,NaN,NaN,NaN,NaN,NaN,NaN,NaN,NaN
3,NaN,NaN,NaN,NaN,NaN,NaN,NaN,NaN
4,NaN,NaN,NaN,NaN,NaN,NaN,NaN,NaN
5,NaN,NaN,NaN,NaN,NaN,NaN,NaN,NaN
6,NaN,NaN,NaN,NaN,NaN,NaN,NaN,NaN
7,NaN,NaN,NaN,NaN,NaN,NaN,NaN,NaN
8,NaN,NaN,NaN,NaN,NaN,NaN,NaN,NaN
9,NaN,NaN,NaN,NaN,NaN,NaN,NaN,NaN
10,NaN,NaN,NaN,NaN,NaN,NaN,NaN,NaN
11,NaN,NaN,NaN,NaN,NaN,NaN,NaN,NaN
1,NaN,NaN,NaN,NaN,NaN,NaN,NaN,NaN
2,NaN,NaN,NaN,NaN,NaN,NaN,NaN,NaN
3,NaN,NaN,NaN,NaN,NaN,NaN,NaN,NaN
4,NaN,NaN,NaN,NaN,NaN,NaN,NaN,NaN
5,NaN,NaN,NaN,NaN,NaN,NaN,NaN,NaN
6,NaN,NaN,NaN,NaN,NaN,NaN,NaN,NaN
7,NaN,NaN,NaN,NaN,NaN,NaN,NaN,NaN
8,NaN,NaN,NaN,NaN,NaN,NaN,NaN,NaN
9,NaN,NaN,NaN,NaN,NaN,NaN,NaN,NaN
10,NaN,NaN,NaN,NaN,NaN,NaN,NaN,NaN
11,NaN,NaN,NaN,NaN,NaN,NaN,NaN,NaN
1,NaN,NaN,NaN,NaN,NaN,NaN,NaN,NaN
2,NaN,NaN,NaN,NaN,NaN,NaN,NaN,NaN
3,NaN,NaN,NaN,NaN,NaN,NaN,NaN,NaN
4,NaN,NaN,NaN,NaN,NaN,NaN,NaN,NaN
5,NaN,NaN,NaN,NaN,NaN,NaN,NaN,NaN
6,NaN,NaN,NaN,NaN,NaN,NaN,NaN,NaN
7,NaN,NaN,NaN,NaN,NaN,NaN,NaN,NaN
8,NaN,NaN,NaN,NaN,NaN,NaN,NaN,NaN
9,NaN,NaN,NaN,NaN,NaN,NaN,NaN,NaN
10,NaN,NaN,NaN,NaN,NaN,NaN,NaN,NaN
11,NaN,NaN,NaN,NaN,NaN,NaN,NaN,NaN
1,NaN,NaN,NaN,NaN,NaN,NaN,NaN,NaN
2,NaN,NaN,NaN,NaN,NaN,NaN,NaN,NaN
3,NaN,NaN,NaN,NaN,NaN,NaN,NaN,NaN
4,NaN,NaN,NaN,NaN,NaN,NaN,NaN,NaN
5,NaN,NaN,NaN,NaN,NaN,NaN,NaN,NaN
6,NaN,NaN,NaN,NaN,NaN,NaN,NaN,NaN
7,NaN,NaN,NaN,NaN,NaN,NaN,NaN,NaN
8,NaN,NaN,NaN,NaN,NaN,NaN,NaN,NaN
9,NaN,NaN,NaN,NaN,NaN,NaN,NaN,NaN
10,NaN,NaN,NaN,NaN,NaN,NaN,NaN,NaN
11,NaN,NaN,NaN,NaN,NaN,NaN,NaN,NaN
1,NaN,NaN,NaN,NaN,NaN,NaN,NaN,NaN
2,NaN,NaN,NaN,NaN,NaN,NaN,NaN,NaN
3,NaN,NaN,NaN,NaN,NaN,NaN,NaN,NaN
4,NaN,NaN,NaN,NaN,NaN,NaN,NaN,NaN
5,NaN,NaN,NaN,NaN,NaN,NaN,NaN,NaN
6,NaN,NaN,NaN,NaN,NaN,NaN,NaN,NaN
7,NaN,NaN,NaN,NaN,NaN,NaN,NaN,NaN
8,NaN,NaN,NaN,NaN,NaN,NaN,NaN,NaN
9,NaN,NaN,NaN,NaN,NaN,NaN,NaN,NaN
10,NaN,NaN,NaN,NaN,NaN,NaN,NaN,NaN
11,NaN,NaN,NaN,NaN,NaN,NaN,NaN,NaN
1,NaN,NaN,NaN,NaN,NaN,NaN,NaN,NaN
2,NaN,NaN,NaN,NaN,NaN,NaN,NaN,NaN
3,NaN,NaN,NaN,NaN,NaN,NaN,NaN,NaN
4,NaN,NaN,NaN,NaN,NaN,NaN,NaN,NaN
5,NaN,NaN,NaN,NaN,NaN,NaN,NaN,NaN
6,NaN,NaN,NaN,NaN,NaN,NaN,NaN,NaN
7,NaN,NaN,NaN,NaN,NaN,NaN,NaN,NaN
8,NaN,NaN,NaN,NaN,NaN,NaN,NaN,NaN
9,NaN,NaN,NaN,NaN,NaN,NaN,NaN,NaN
10,NaN,NaN,NaN,NaN,NaN,NaN,NaN,NaN
11,NaN,NaN,NaN,NaN,NaN,NaN,NaN,NaN
1,NaN,NaN,NaN,NaN,NaN,NaN,NaN,NaN
2,NaN,NaN,NaN,NaN,NaN,NaN,NaN,NaN
3,NaN,NaN,NaN,NaN,NaN,NaN,NaN,NaN
4,NaN,NaN,NaN,NaN,NaN,NaN,NaN,NaN
5,NaN,NaN,NaN,NaN,NaN,NaN,NaN,NaN
6,NaN,NaN,NaN,NaN,NaN,NaN,NaN,NaN
7,NaN,NaN,NaN,NaN,NaN,NaN,NaN,NaN
8,NaN,NaN,NaN,NaN,NaN,NaN,NaN,NaN
9,NaN,NaN,NaN,NaN,NaN,NaN,NaN,NaN
10,NaN,NaN,NaN,NaN,NaN,NaN,NaN,NaN
11,NaN,NaN,NaN,NaN,NaN,NaN,NaN,NaN
1,NaN,NaN,NaN,NaN,NaN,NaN,NaN,NaN
2,NaN,NaN,NaN,NaN,NaN,NaN,NaN,NaN
3,NaN,NaN,NaN,NaN,NaN,NaN,NaN,NaN
4,NaN,NaN,NaN,NaN,NaN,NaN,NaN,NaN
5,NaN,NaN,NaN,NaN,NaN,NaN,NaN,NaN
6,NaN,NaN,NaN,NaN,NaN,NaN,NaN,NaN
7,NaN,NaN,NaN,NaN,NaN,NaN,NaN,NaN
8,NaN,NaN,NaN,NaN,NaN,NaN,NaN,NaN
9,NaN,NaN,NaN,NaN,NaN,NaN,NaN,NaN
10,NaN,NaN,NaN,NaN,NaN,NaN,NaN,NaN
11,NaN,NaN,NaN,NaN,NaN,NaN,NaN,NaN
1,NaN,NaN,NaN,NaN,NaN,NaN,NaN,NaN
2,NaN,NaN,NaN,NaN,NaN,NaN,NaN,NaN
3,NaN,NaN,NaN,NaN,NaN,NaN,NaN,NaN
4,NaN,NaN,NaN,NaN,NaN,NaN,NaN,NaN
5,NaN,NaN,NaN,NaN,NaN,NaN,NaN,NaN
6,NaN,NaN,NaN,NaN,NaN,NaN,NaN,NaN
7,NaN,NaN,NaN,NaN,NaN,NaN,NaN,NaN
8,NaN,NaN,NaN,NaN,NaN,NaN,NaN,NaN
9,NaN,NaN,NaN,NaN,NaN,NaN,NaN,NaN
10,NaN,NaN,NaN,NaN,NaN,NaN,NaN,NaN
11,NaN,NaN,NaN,NaN,NaN,NaN,NaN,NaN
1,NaN,NaN,NaN,NaN,NaN,NaN,NaN,NaN
2,NaN,NaN,NaN,NaN,NaN,NaN,NaN,NaN
3,NaN,NaN,NaN,NaN,NaN,NaN,NaN,NaN
4,NaN,NaN,NaN,NaN,NaN,NaN,NaN,NaN
5,NaN,NaN,NaN,NaN,NaN,NaN,NaN,NaN
6,NaN,NaN,NaN,NaN,NaN,NaN,NaN,NaN
7,NaN,NaN,NaN,NaN,NaN,NaN,NaN,NaN
8,NaN,NaN,NaN,NaN,NaN,NaN,NaN,NaN
9,NaN,NaN,NaN,NaN,NaN,NaN,NaN,NaN
10,NaN,NaN,NaN,NaN,NaN,NaN,NaN,NaN
11,NaN,NaN,NaN,NaN,NaN,NaN,NaN,NaN
1,NaN,NaN,NaN,NaN,NaN,NaN,NaN,NaN
2,NaN,NaN,NaN,NaN,NaN,NaN,NaN,NaN
3,NaN,NaN,NaN,NaN,NaN,NaN,NaN,NaN
4,NaN,NaN,NaN,NaN,NaN,NaN,NaN,NaN
5,NaN,NaN,NaN,NaN,NaN,NaN,NaN,NaN
6,NaN,NaN,NaN,NaN,NaN,NaN,NaN,NaN
7,NaN,NaN,NaN,NaN,NaN,NaN,NaN,NaN
8,NaN,NaN,NaN,NaN,NaN,NaN,NaN,NaN
9,NaN,NaN,NaN,NaN,NaN,NaN,NaN,NaN
10,NaN,NaN,NaN,NaN,NaN,NaN,NaN,NaN
11,NaN,NaN,NaN,NaN,NaN,NaN,NaN,NaN
1,NaN,NaN,NaN,NaN,NaN,NaN,NaN,NaN
2,NaN,NaN,NaN,NaN,NaN,NaN,NaN,NaN
3,NaN,NaN,NaN,NaN,NaN,NaN,NaN,NaN
4,NaN,NaN,NaN,NaN,NaN,NaN,NaN,NaN
5,NaN,NaN,NaN,NaN,NaN,NaN,NaN,NaN
6,NaN,NaN,NaN,NaN,NaN,NaN,NaN,NaN
7,NaN,NaN,NaN,NaN,NaN,NaN,NaN,NaN
8,NaN,NaN,NaN,NaN,NaN,NaN,NaN,NaN
9,NaN,NaN,NaN,NaN,NaN,NaN,NaN,NaN
10,NaN,NaN,NaN,NaN,NaN,NaN,NaN,NaN
11,NaN,NaN,NaN,NaN,NaN,NaN,NaN,NaN
1,NaN,NaN,NaN,NaN,NaN,NaN,NaN,NaN
2,NaN,NaN,NaN,NaN,NaN,NaN,NaN,NaN
3,NaN,NaN,NaN,NaN,NaN,NaN,NaN,NaN
4,NaN,NaN,NaN,NaN,NaN,NaN,NaN,NaN
5,NaN,NaN,NaN,NaN,NaN,NaN,NaN,NaN
6,NaN,NaN,NaN,NaN,NaN,NaN,NaN,NaN
7,NaN,NaN,NaN,NaN,NaN,NaN,NaN,NaN
8,NaN,NaN,NaN,NaN,NaN,NaN,NaN,NaN
9,NaN,NaN,NaN,NaN,NaN,NaN,NaN,NaN
10,NaN,NaN,NaN,NaN,NaN,NaN,NaN,NaN
11,NaN,NaN,NaN,NaN,NaN,NaN,NaN,NaN
1,NaN,NaN,NaN,NaN,NaN,NaN,NaN,NaN
2,NaN,NaN,NaN,NaN,NaN,NaN,NaN,NaN
3,NaN,NaN,NaN,NaN,NaN,NaN,NaN,NaN
4,NaN,NaN,NaN,NaN,NaN,NaN,NaN,NaN
5,NaN,NaN,NaN,NaN,NaN,NaN,NaN,NaN
6,NaN,NaN,NaN,NaN,NaN,NaN,NaN,NaN
7,NaN,NaN,NaN,NaN,NaN,NaN,NaN,NaN
8,NaN,NaN,NaN,NaN,NaN,NaN,NaN,NaN
9,NaN,NaN,NaN,NaN,NaN,NaN,NaN,NaN
10,NaN,NaN,NaN,NaN,NaN,NaN,NaN,NaN
11,NaN,NaN,NaN,NaN,NaN,NaN,NaN,NaN
1,NaN,NaN,NaN,NaN,NaN,NaN,NaN,NaN
2,NaN,NaN,NaN,NaN,NaN,NaN,NaN,NaN
3,NaN,NaN,NaN,NaN,NaN,NaN,NaN,NaN
4,NaN,NaN,NaN,NaN,NaN,NaN,NaN,NaN
5,NaN,NaN,NaN,NaN,NaN,NaN,NaN,NaN
6,NaN,NaN,NaN,NaN,NaN,NaN,NaN,NaN
7,NaN,NaN,NaN,NaN,NaN,NaN,NaN,NaN
8,NaN,NaN,NaN,NaN,NaN,NaN,NaN,NaN
9,NaN,NaN,NaN,NaN,NaN,NaN,NaN,NaN
10,NaN,NaN,NaN,NaN,NaN,NaN,NaN,NaN
11,NaN,NaN,NaN,NaN,NaN,NaN,NaN,NaN
1,NaN,NaN,NaN,NaN,NaN,NaN,NaN,NaN
2,NaN,NaN,NaN,NaN,NaN,NaN,NaN,NaN
3,NaN,NaN,NaN,NaN,NaN,NaN,NaN,NaN
4,NaN,NaN,NaN,NaN,NaN,NaN,NaN,NaN
5,NaN,NaN,NaN,NaN,NaN,NaN,NaN,NaN
6,NaN,NaN,NaN,NaN,NaN,NaN,NaN,NaN
7,NaN,NaN,NaN,NaN,NaN,NaN,NaN,NaN
8,NaN,NaN,NaN,NaN,NaN,NaN,NaN,NaN
9,NaN,NaN,NaN,NaN,NaN,NaN,NaN,NaN
10,NaN,NaN,NaN,NaN,NaN,NaN,NaN,NaN
11,NaN,NaN,NaN,NaN,NaN,NaN,NaN,NaN
1,NaN,NaN,NaN,NaN,NaN,NaN,NaN,NaN
2,NaN,NaN,NaN,NaN,NaN,NaN,NaN,NaN
3,NaN,NaN,NaN,NaN,NaN,NaN,NaN,NaN
4,NaN,NaN,NaN,NaN,NaN,NaN,NaN,NaN
5,NaN,NaN,NaN,NaN,NaN,NaN,NaN,NaN
6,NaN,NaN,NaN,NaN,NaN,NaN,NaN,NaN
7,NaN,NaN,NaN,NaN,NaN,NaN,NaN,NaN
8,NaN,NaN,NaN,NaN,NaN,NaN,NaN,NaN
9,NaN,NaN,NaN,NaN,NaN,NaN,NaN,NaN
10,NaN,NaN,NaN,NaN,NaN,NaN,NaN,NaN
11,NaN,NaN,NaN,NaN,NaN,NaN,NaN,NaN
1,NaN,NaN,NaN,NaN,NaN,NaN,NaN,NaN
2,NaN,NaN,NaN,NaN,NaN,NaN,NaN,NaN
3,NaN,NaN,NaN,NaN,NaN,NaN,NaN,NaN
4,NaN,NaN,NaN,NaN,NaN,NaN,NaN,NaN
5,NaN,NaN,NaN,NaN,NaN,NaN,NaN,NaN
6,NaN,NaN,NaN,NaN,NaN,NaN,NaN,NaN
7,NaN,NaN,NaN,NaN,NaN,NaN,NaN,NaN
8,NaN,NaN,NaN,NaN,NaN,NaN,NaN,NaN
9,NaN,NaN,NaN,NaN,NaN,NaN,NaN,NaN
10,NaN,NaN,NaN,NaN,NaN,NaN,NaN,NaN
11,NaN,NaN,NaN,NaN,NaN,NaN,NaN,NaN
1,NaN,NaN,NaN,NaN,NaN,NaN,NaN,NaN
2,NaN,NaN,NaN,NaN,NaN,NaN,NaN,NaN
3,NaN,NaN,NaN,NaN,NaN,NaN,NaN,NaN
4,NaN,NaN,NaN,NaN,NaN,NaN,NaN,NaN
5,NaN,NaN,NaN,NaN,NaN,NaN,NaN,NaN
6,NaN,NaN,NaN,NaN,NaN,NaN,NaN,NaN
7,NaN,NaN,NaN,NaN,NaN,NaN,NaN,NaN
8,NaN,NaN,NaN,NaN,NaN,NaN,NaN,NaN
9,NaN,NaN,NaN,NaN,NaN,NaN,NaN,NaN
10,NaN,NaN,NaN,NaN,NaN,NaN,NaN,NaN
11,NaN,NaN,NaN,NaN,NaN,NaN,NaN,NaN
1,NaN,NaN,NaN,NaN,NaN,NaN,NaN,NaN
2,NaN,NaN,NaN,NaN,NaN,NaN,NaN,NaN
3,NaN,NaN,NaN,NaN,NaN,NaN,NaN,NaN
4,NaN,NaN,NaN,NaN,NaN,NaN,NaN,NaN
5,NaN,NaN,NaN,NaN,NaN,NaN,NaN,NaN
6,NaN,NaN,NaN,NaN,NaN,NaN,NaN,NaN
7,NaN,NaN,NaN,NaN,NaN,NaN,NaN,NaN
8,NaN,NaN,NaN,NaN,NaN,NaN,NaN,NaN
9,NaN,NaN,NaN,NaN,NaN,NaN,NaN,NaN
10,NaN,NaN,NaN,NaN,NaN,NaN,NaN,NaN
11,NaN,NaN,NaN,NaN,NaN,NaN,NaN,NaN
1,NaN,NaN,NaN,NaN,NaN,NaN,NaN,NaN
2,NaN,NaN,NaN,NaN,NaN,NaN,NaN,NaN
3,NaN,NaN,NaN,NaN,NaN,NaN,NaN,NaN
4,NaN,NaN,NaN,NaN,NaN,NaN,NaN,NaN
5,NaN,NaN,NaN,NaN,NaN,NaN,NaN,NaN
6,NaN,NaN,NaN,NaN,NaN,NaN,NaN,NaN
7,NaN,NaN,NaN,NaN,NaN,NaN,NaN,NaN
8,NaN,NaN,NaN,NaN,NaN,NaN,NaN,NaN
9,NaN,NaN,NaN,NaN,NaN,NaN,NaN,NaN
10,NaN,NaN,NaN,NaN,NaN,NaN,NaN,NaN
11,NaN,NaN,NaN,NaN,NaN,NaN,NaN,NaN
1,NaN,NaN,NaN,NaN,NaN,NaN,NaN,NaN
2,NaN,NaN,NaN,NaN,NaN,NaN,NaN,NaN
3,NaN,NaN,NaN,NaN,NaN,NaN,NaN,NaN
4,NaN,NaN,NaN,NaN,NaN,NaN,NaN,NaN
5,NaN,NaN,NaN,NaN,NaN,NaN,NaN,NaN
6,NaN,NaN,NaN,NaN,NaN,NaN,NaN,NaN
7,NaN,NaN,NaN,NaN,NaN,NaN,NaN,NaN
8,NaN,NaN,NaN,NaN,NaN,NaN,NaN,NaN
9,NaN,NaN,NaN,NaN,NaN,NaN,NaN,NaN
10,NaN,NaN,NaN,NaN,NaN,NaN,NaN,NaN
11,NaN,NaN,NaN,NaN,NaN,NaN,NaN,NaN
1,NaN,NaN,NaN,NaN,NaN,NaN,NaN,NaN
2,NaN,NaN,NaN,NaN,NaN,NaN,NaN,NaN
3,NaN,NaN,NaN,NaN,NaN,NaN,NaN,NaN
4,NaN,NaN,NaN,NaN,NaN,NaN,NaN,NaN
5,NaN,NaN,NaN,NaN,NaN,NaN,NaN,NaN
6,NaN,NaN,NaN,NaN,NaN,NaN,NaN,NaN
7,NaN,NaN,NaN,NaN,NaN,NaN,NaN,NaN
8,NaN,NaN,NaN,NaN,NaN,NaN,NaN,NaN
9,NaN,NaN,NaN,NaN,NaN,NaN,NaN,NaN
10,NaN,NaN,NaN,NaN,NaN,NaN,NaN,NaN
11,NaN,NaN,NaN,NaN,NaN,NaN,NaN,NaN
1,NaN,NaN,NaN,NaN,NaN,NaN,NaN,NaN
2,NaN,NaN,NaN,NaN,NaN,NaN,NaN,NaN
3,NaN,NaN,NaN,NaN,NaN,NaN,NaN,NaN
4,NaN,NaN,NaN,NaN,NaN,NaN,NaN,NaN
5,NaN,NaN,NaN,NaN,NaN,NaN,NaN,NaN
6,NaN,NaN,NaN,NaN,NaN,NaN,NaN,NaN
7,NaN,NaN,NaN,NaN,NaN,NaN,NaN,NaN
8,NaN,NaN,NaN,NaN,NaN,NaN,NaN,NaN
9,NaN,NaN,NaN,NaN,NaN,NaN,NaN,NaN
10,NaN,NaN,NaN,NaN,NaN,NaN,NaN,NaN
11,NaN,NaN,NaN,NaN,NaN,NaN,NaN,NaN
1,NaN,NaN,NaN,NaN,NaN,NaN,NaN,NaN
2,NaN,NaN,NaN,NaN,NaN,NaN,NaN,NaN
3,NaN,NaN,NaN,NaN,NaN,NaN,NaN,NaN
4,NaN,NaN,NaN,NaN,NaN,NaN,NaN,NaN
5,NaN,NaN,NaN,NaN,NaN,NaN,NaN,NaN
6,NaN,NaN,NaN,NaN,NaN,NaN,NaN,NaN
7,NaN,NaN,NaN,NaN,NaN,NaN,NaN,NaN
8,NaN,NaN,NaN,NaN,NaN,NaN,NaN,NaN
9,NaN,NaN,NaN,NaN,NaN,NaN,NaN,NaN
10,NaN,NaN,NaN,NaN,NaN,NaN,NaN,NaN
11,NaN,NaN,NaN,NaN,NaN,NaN,NaN,NaN
1,NaN,NaN,NaN,NaN,NaN,NaN,NaN,NaN
2,NaN,NaN,NaN,NaN,NaN,NaN,NaN,NaN
3,NaN,NaN,NaN,NaN,NaN,NaN,NaN,NaN
4,NaN,NaN,NaN,NaN,NaN,NaN,NaN,NaN
5,NaN,NaN,NaN,NaN,NaN,NaN,NaN,NaN
6,NaN,NaN,NaN,NaN,NaN,NaN,NaN,NaN
7,NaN,NaN,NaN,NaN,NaN,NaN,NaN,NaN
8,NaN,NaN,NaN,NaN,NaN,NaN,NaN,NaN
9,NaN,NaN,NaN,NaN,NaN,NaN,NaN,NaN
10,NaN,NaN,NaN,NaN,NaN,NaN,NaN,NaN
11,NaN,NaN,NaN,NaN,NaN,NaN,NaN,NaN
1,NaN,NaN,NaN,NaN,NaN,NaN,NaN,NaN
2,NaN,NaN,NaN,NaN,NaN,NaN,NaN,NaN
3,NaN,NaN,NaN,NaN,NaN,NaN,NaN,NaN
4,NaN,NaN,NaN,NaN,NaN,NaN,NaN,NaN
5,NaN,NaN,NaN,NaN,NaN,NaN,NaN,NaN
6,NaN,NaN,NaN,NaN,NaN,NaN,NaN,NaN
7,NaN,NaN,NaN,NaN,NaN,NaN,NaN,NaN
8,NaN,NaN,NaN,NaN,NaN,NaN,NaN,NaN
9,NaN,NaN,NaN,NaN,NaN,NaN,NaN,NaN
10,NaN,NaN,NaN,NaN,NaN,NaN,NaN,NaN
11,NaN,NaN,NaN,NaN,NaN,NaN,NaN,NaN
1,NaN,NaN,NaN,NaN,NaN,NaN,NaN,NaN
2,NaN,NaN,NaN,NaN,NaN,NaN,NaN,NaN
3,NaN,NaN,NaN,NaN,NaN,NaN,NaN,NaN
4,NaN,NaN,NaN,NaN,NaN,NaN,NaN,NaN
5,NaN,NaN,NaN,NaN,NaN,NaN,NaN,NaN
6,NaN,NaN,NaN,NaN,NaN,NaN,NaN,NaN
7,NaN,NaN,NaN,NaN,NaN,NaN,NaN,NaN
8,NaN,NaN,NaN,NaN,NaN,NaN,NaN,NaN
9,NaN,NaN,NaN,NaN,NaN,NaN,NaN,NaN
10,NaN,NaN,NaN,NaN,NaN,NaN,NaN,NaN
11,NaN,NaN,NaN,NaN,NaN,NaN,NaN,NaN
1,NaN,NaN,NaN,NaN,NaN,NaN,NaN,NaN
2,NaN,NaN,NaN,NaN,NaN,NaN,NaN,NaN
3,NaN,NaN,NaN,NaN,NaN,NaN,NaN,NaN
4,NaN,NaN,NaN,NaN,NaN,NaN,NaN,NaN
5,NaN,NaN,NaN,NaN,NaN,NaN,NaN,NaN
6,NaN,NaN,NaN,NaN,NaN,NaN,NaN,NaN
7,NaN,NaN,NaN,NaN,NaN,NaN,NaN,NaN
8,NaN,NaN,NaN,NaN,NaN,NaN,NaN,NaN
9,NaN,NaN,NaN,NaN,NaN,NaN,NaN,NaN
10,NaN,NaN,NaN,NaN,NaN,NaN,NaN,NaN
11,NaN,NaN,NaN,NaN,NaN,NaN,NaN,NaN
1,NaN,NaN,NaN,NaN,NaN,NaN,NaN,NaN
2,NaN,NaN,NaN,NaN,NaN,NaN,NaN,NaN
3,NaN,NaN,NaN,NaN,NaN,NaN,NaN,NaN
4,NaN,NaN,NaN,NaN,NaN,NaN,NaN,NaN
5,NaN,NaN,NaN,NaN,NaN,NaN,NaN,NaN
6,NaN,NaN,NaN,NaN,NaN,NaN,NaN,NaN
7,NaN,NaN,NaN,NaN,NaN,NaN,NaN,NaN
8,NaN,NaN,NaN,NaN,NaN,NaN,NaN,NaN
9,NaN,NaN,NaN,NaN,NaN,NaN,NaN,NaN
10,NaN,NaN,NaN,NaN,NaN,NaN,NaN,NaN
11,NaN,NaN,NaN,NaN,NaN,NaN,NaN,NaN
1,NaN,NaN,NaN,NaN,NaN,NaN,NaN,NaN
2,NaN,NaN,NaN,NaN,NaN,NaN,NaN,NaN
3,NaN,NaN,NaN,NaN,NaN,NaN,NaN,NaN
4,NaN,NaN,NaN,NaN,NaN,NaN,NaN,NaN
5,NaN,NaN,NaN,NaN,NaN,NaN,NaN,NaN
6,NaN,NaN,NaN,NaN,NaN,NaN,NaN,NaN
7,NaN,NaN,NaN,NaN,NaN,NaN,NaN,NaN
8,NaN,NaN,NaN,NaN,NaN,NaN,NaN,NaN
9,NaN,NaN,NaN,NaN,NaN,NaN,NaN,NaN
10,NaN,NaN,NaN,NaN,NaN,NaN,NaN,NaN
11,NaN,NaN,NaN,NaN,NaN,NaN,NaN,NaN
1,NaN,NaN,NaN,NaN,NaN,NaN,NaN,NaN
2,NaN,NaN,NaN,NaN,NaN,NaN,NaN,NaN
3,NaN,NaN,NaN,NaN,NaN,NaN,NaN,NaN
4,NaN,NaN,NaN,NaN,NaN,NaN,NaN,NaN
5,NaN,NaN,NaN,NaN,NaN,NaN,NaN,NaN
6,NaN,NaN,NaN,NaN,NaN,NaN,NaN,NaN
7,NaN,NaN,NaN,NaN,NaN,NaN,NaN,NaN
8,NaN,NaN,NaN,NaN,NaN,NaN,NaN,NaN
9,NaN,NaN,NaN,NaN,NaN,NaN,NaN,NaN
10,NaN,NaN,NaN,NaN,NaN,NaN,NaN,NaN
11,NaN,NaN,NaN,NaN,NaN,NaN,NaN,NaN
1,NaN,NaN,NaN,NaN,NaN,NaN,NaN,NaN
2,NaN,NaN,NaN,NaN,NaN,NaN,NaN,NaN
3,NaN,NaN,NaN,NaN,NaN,NaN,NaN,NaN
4,NaN,NaN,NaN,NaN,NaN,NaN,NaN,NaN
5,NaN,NaN,NaN,NaN,NaN,NaN,NaN,NaN
6,NaN,NaN,NaN,NaN,NaN,NaN,NaN,NaN
7,NaN,NaN,NaN,NaN,NaN,NaN,NaN,NaN
8,NaN,NaN,NaN,NaN,NaN,NaN,NaN,NaN
9,NaN,NaN,NaN,NaN,NaN,NaN,NaN,NaN
10,NaN,NaN,NaN,NaN,NaN,NaN,NaN,NaN
11,NaN,NaN,NaN,NaN,NaN,NaN,NaN,NaN
1,NaN,NaN,NaN,NaN,NaN,NaN,NaN,NaN
2,NaN,NaN,NaN,NaN,NaN,NaN,NaN,NaN
3,NaN,NaN,NaN,NaN,NaN,NaN,NaN,NaN
4,NaN,NaN,NaN,NaN,NaN,NaN,NaN,NaN
5,NaN,NaN,NaN,NaN,NaN,NaN,NaN,NaN
6,NaN,NaN,NaN,NaN,NaN,NaN,NaN,NaN
7,NaN,NaN,NaN,NaN,NaN,NaN,NaN,NaN
8,NaN,NaN,NaN,NaN,NaN,NaN,NaN,NaN
9,NaN,NaN,NaN,NaN,NaN,NaN,NaN,NaN
10,NaN,NaN,NaN,NaN,NaN,NaN,NaN,NaN
11,NaN,NaN,NaN,NaN,NaN,NaN,NaN,NaN
1,NaN,NaN,NaN,NaN,NaN,NaN,NaN,NaN
2,NaN,NaN,NaN,NaN,NaN,NaN,NaN,NaN
3,NaN,NaN,NaN,NaN,NaN,NaN,NaN,NaN
4,NaN,NaN,NaN,NaN,NaN,NaN,NaN,NaN
5,NaN,NaN,NaN,NaN,NaN,NaN,NaN,NaN
6,NaN,NaN,NaN,NaN,NaN,NaN,NaN,NaN
7,NaN,NaN,NaN,NaN,NaN,NaN,NaN,NaN
8,NaN,NaN,NaN,NaN,NaN,NaN,NaN,NaN
9,NaN,NaN,NaN,NaN,NaN,NaN,NaN,NaN
10,NaN,NaN,NaN,NaN,NaN,NaN,NaN,NaN
11,NaN,NaN,NaN,NaN,NaN,NaN,NaN,NaN
1,NaN,NaN,NaN,NaN,NaN,NaN,NaN,NaN
2,NaN,NaN,NaN,NaN,NaN,NaN,NaN,NaN
3,NaN,NaN,NaN,NaN,NaN,NaN,NaN,NaN
4,NaN,NaN,NaN,NaN,NaN,NaN,NaN,NaN
5,NaN,NaN,NaN,NaN,NaN,NaN,NaN,NaN
6,NaN,NaN,NaN,NaN,NaN,NaN,NaN,NaN
7,NaN,NaN,NaN,NaN,NaN,NaN,NaN,NaN
8,NaN,NaN,NaN,NaN,NaN,NaN,NaN,NaN
9,NaN,NaN,NaN,NaN,NaN,NaN,NaN,NaN
10,NaN,NaN,NaN,NaN,NaN,NaN,NaN,NaN
11,NaN,NaN,NaN,NaN,NaN,NaN,NaN,NaN
1,NaN,NaN,NaN,NaN,NaN,NaN,NaN,NaN
2,NaN,NaN,NaN,NaN,NaN,NaN,NaN,NaN
3,NaN,NaN,NaN,NaN,NaN,NaN,NaN,NaN
4,NaN,NaN,NaN,NaN,NaN,NaN,NaN,NaN
5,NaN,NaN,NaN,NaN,NaN,NaN,NaN,NaN
6,NaN,NaN,NaN,NaN,NaN,NaN,NaN,NaN
7,NaN,NaN,NaN,NaN,NaN,NaN,NaN,NaN
8,NaN,NaN,NaN,NaN,NaN,NaN,NaN,NaN
9,NaN,NaN,NaN,NaN,NaN,NaN,NaN,NaN
10,NaN,NaN,NaN,NaN,NaN,NaN,NaN,NaN
11,NaN,NaN,NaN,NaN,NaN,NaN,NaN,NaN
1,NaN,NaN,NaN,NaN,NaN,NaN,NaN,NaN
2,NaN,NaN,NaN,NaN,NaN,NaN,NaN,NaN
3,NaN,NaN,NaN,NaN,NaN,NaN,NaN,NaN
4,NaN,NaN,NaN,NaN,NaN,NaN,NaN,NaN
5,NaN,NaN,NaN,NaN,NaN,NaN,NaN,NaN
6,NaN,NaN,NaN,NaN,NaN,NaN,NaN,NaN
7,NaN,NaN,NaN,NaN,NaN,NaN,NaN,NaN
8,NaN,NaN,NaN,NaN,NaN,NaN,NaN,NaN
9,NaN,NaN,NaN,NaN,NaN,NaN,NaN,NaN
10,NaN,NaN,NaN,NaN,NaN,NaN,NaN,NaN
11,NaN,NaN,NaN,NaN,NaN,NaN,NaN,NaN
1,NaN,NaN,NaN,NaN,NaN,NaN,NaN,NaN
2,NaN,NaN,NaN,NaN,NaN,NaN,NaN,NaN
3,NaN,NaN,NaN,NaN,NaN,NaN,NaN,NaN
4,NaN,NaN,NaN,NaN,NaN,NaN,NaN,NaN
5,NaN,NaN,NaN,NaN,NaN,NaN,NaN,NaN
6,NaN,NaN,NaN,NaN,NaN,NaN,NaN,NaN
7,NaN,NaN,NaN,NaN,NaN,NaN,NaN,NaN
8,NaN,NaN,NaN,NaN,NaN,NaN,NaN,NaN
9,NaN,NaN,NaN,NaN,NaN,NaN,NaN,NaN
10,NaN,NaN,NaN,NaN,NaN,NaN,NaN,NaN
11,NaN,NaN,NaN,NaN,NaN,NaN,NaN,NaN
1,NaN,NaN,NaN,NaN,NaN,NaN,NaN,NaN
2,NaN,NaN,NaN,NaN,NaN,NaN,NaN,NaN
3,NaN,NaN,NaN,NaN,NaN,NaN,NaN,NaN
4,NaN,NaN,NaN,NaN,NaN,NaN,NaN,NaN
5,NaN,NaN,NaN,NaN,NaN,NaN,NaN,NaN
6,NaN,NaN,NaN,NaN,NaN,NaN,NaN,NaN
7,NaN,NaN,NaN,NaN,NaN,NaN,NaN,NaN
8,NaN,NaN,NaN,NaN,NaN,NaN,NaN,NaN
9,NaN,NaN,NaN,NaN,NaN,NaN,NaN,NaN
10,NaN,NaN,NaN,NaN,NaN,NaN,NaN,NaN
11,NaN,NaN,NaN,NaN,NaN,NaN,NaN,NaN
1,NaN,NaN,NaN,NaN,NaN,NaN,NaN,NaN
2,NaN,NaN,NaN,NaN,NaN,NaN,NaN,NaN
3,NaN,NaN,NaN,NaN,NaN,NaN,NaN,NaN
4,NaN,NaN,NaN,NaN,NaN,NaN,NaN,NaN
5,NaN,NaN,NaN,NaN,NaN,NaN,NaN,NaN
6,NaN,NaN,NaN,NaN,NaN,NaN,NaN,NaN
7,NaN,NaN,NaN,NaN,NaN,NaN,NaN,NaN
8,NaN,NaN,NaN,NaN,NaN,NaN,NaN,NaN
9,NaN,NaN,NaN,NaN,NaN,NaN,NaN,NaN
10,NaN,NaN,NaN,NaN,NaN,NaN,NaN,NaN
11,NaN,NaN,NaN,NaN,NaN,NaN,NaN,NaN
1,NaN,NaN,NaN,NaN,NaN,NaN,NaN,NaN
2,NaN,NaN,NaN,NaN,NaN,NaN,NaN,NaN
3,NaN,NaN,NaN,NaN,NaN,NaN,NaN,NaN
4,NaN,NaN,NaN,NaN,NaN,NaN,NaN,NaN
5,NaN,NaN,NaN,NaN,NaN,NaN,NaN,NaN
6,NaN,NaN,NaN,NaN,NaN,NaN,NaN,NaN
7,NaN,NaN,NaN,NaN,NaN,NaN,NaN,NaN
8,NaN,NaN,NaN,NaN,NaN,NaN,NaN,NaN
9,NaN,NaN,NaN,NaN,NaN,NaN,NaN,NaN
10,NaN,NaN,NaN,NaN,NaN,NaN,NaN,NaN
11,NaN,NaN,NaN,NaN,NaN,NaN,NaN,NaN
1,NaN,NaN,NaN,NaN,NaN,NaN,NaN,NaN
2,NaN,NaN,NaN,NaN,NaN,NaN,NaN,NaN
3,NaN,NaN,NaN,NaN,NaN,NaN,NaN,NaN
4,NaN,NaN,NaN,NaN,NaN,NaN,NaN,NaN
5,NaN,NaN,NaN,NaN,NaN,NaN,NaN,NaN
6,NaN,NaN,NaN,NaN,NaN,NaN,NaN,NaN
7,NaN,NaN,NaN,NaN,NaN,NaN,NaN,NaN
8,NaN,NaN,NaN,NaN,NaN,NaN,NaN,NaN
9,NaN,NaN,NaN,NaN,NaN,NaN,NaN,NaN
10,NaN,NaN,NaN,NaN,NaN,NaN,NaN,NaN
11,NaN,NaN,NaN,NaN,NaN,NaN,NaN,NaN
1,NaN,NaN,NaN,NaN,NaN,NaN,NaN,NaN
2,NaN,NaN,NaN,NaN,NaN,NaN,NaN,NaN
3,NaN,NaN,NaN,NaN,NaN,NaN,NaN,NaN
4,NaN,NaN,NaN,NaN,NaN,NaN,NaN,NaN
5,NaN,NaN,NaN,NaN,NaN,NaN,NaN,NaN
6,NaN,NaN,NaN,NaN,NaN,NaN,NaN,NaN
7,NaN,NaN,NaN,NaN,NaN,NaN,NaN,NaN
8,NaN,NaN,NaN,NaN,NaN,NaN,NaN,NaN
9,NaN,NaN,NaN,NaN,NaN,NaN,NaN,NaN
10,NaN,NaN,NaN,NaN,NaN,NaN,NaN,NaN
11,NaN,NaN,NaN,NaN,NaN,NaN,NaN,NaN
1,NaN,NaN,NaN,NaN,NaN,NaN,NaN,NaN
2,NaN,NaN,NaN,NaN,NaN,NaN,NaN,NaN
3,NaN,NaN,NaN,NaN,NaN,NaN,NaN,NaN
4,NaN,NaN,NaN,NaN,NaN,NaN,NaN,NaN
5,NaN,NaN,NaN,NaN,NaN,NaN,NaN,NaN
6,NaN,NaN,NaN,NaN,NaN,NaN,NaN,NaN
7,NaN,NaN,NaN,NaN,NaN,NaN,NaN,NaN
8,NaN,NaN,NaN,NaN,NaN,NaN,NaN,NaN
9,NaN,NaN,NaN,NaN,NaN,NaN,NaN,NaN
10,NaN,NaN,NaN,NaN,NaN,NaN,NaN,NaN
11,NaN,NaN,NaN,NaN,NaN,NaN,NaN,NaN
1,NaN,NaN,NaN,NaN,NaN,NaN,NaN,NaN
2,NaN,NaN,NaN,NaN,NaN,NaN,NaN,NaN
3,NaN,NaN,NaN,NaN,NaN,NaN,NaN,NaN
4,NaN,NaN,NaN,NaN,NaN,NaN,NaN,NaN
5,NaN,NaN,NaN,NaN,NaN,NaN,NaN,NaN
6,NaN,NaN,NaN,NaN,NaN,NaN,NaN,NaN
7,NaN,NaN,NaN,NaN,NaN,NaN,NaN,NaN
8,NaN,NaN,NaN,NaN,NaN,NaN,NaN,NaN
9,NaN,NaN,NaN,NaN,NaN,NaN,NaN,NaN
10,NaN,NaN,NaN,NaN,NaN,NaN,NaN,NaN
11,NaN,NaN,NaN,NaN,NaN,NaN,NaN,NaN
1,NaN,NaN,NaN,NaN,NaN,NaN,NaN,NaN
2,NaN,NaN,NaN,NaN,NaN,NaN,NaN,NaN
3,NaN,NaN,NaN,NaN,NaN,NaN,NaN,NaN
4,NaN,NaN,NaN,NaN,NaN,NaN,NaN,NaN
5,NaN,NaN,NaN,NaN,NaN,NaN,NaN,NaN
6,NaN,NaN,NaN,NaN,NaN,NaN,NaN,NaN
7,NaN,NaN,NaN,NaN,NaN,NaN,NaN,NaN
8,NaN,NaN,NaN,NaN,NaN,NaN,NaN,NaN
9,NaN,NaN,NaN,NaN,NaN,NaN,NaN,NaN
10,NaN,NaN,NaN,NaN,NaN,NaN,NaN,NaN
11,NaN,NaN,NaN,NaN,NaN,NaN,NaN,NaN
1,NaN,NaN,NaN,NaN,NaN,NaN,NaN,NaN
2,NaN,NaN,NaN,NaN,NaN,NaN,NaN,NaN
3,NaN,NaN,NaN,NaN,NaN,NaN,NaN,NaN
4,NaN,NaN,NaN,NaN,NaN,NaN,NaN,NaN
5,NaN,NaN,NaN,NaN,NaN,NaN,NaN,NaN
6,NaN,NaN,NaN,NaN,NaN,NaN,NaN,NaN
7,NaN,NaN,NaN,NaN,NaN,NaN,NaN,NaN
8,NaN,NaN,NaN,NaN,NaN,NaN,NaN,NaN
9,NaN,NaN,NaN,NaN,NaN,NaN,NaN,NaN
10,NaN,NaN,NaN,NaN,NaN,NaN,NaN,NaN
11,NaN,NaN,NaN,NaN,NaN,NaN,NaN,NaN
1,NaN,NaN,NaN,NaN,NaN,NaN,NaN,NaN
2,NaN,NaN,NaN,NaN,NaN,NaN,NaN,NaN
3,NaN,NaN,NaN,NaN,NaN,NaN,NaN,NaN
4,NaN,NaN,NaN,NaN,NaN,NaN,NaN,NaN
5,NaN,NaN,NaN,NaN,NaN,NaN,NaN,NaN
6,NaN,NaN,NaN,NaN,NaN,NaN,NaN,NaN
7,NaN,NaN,NaN,NaN,NaN,NaN,NaN,NaN
8,NaN,NaN,NaN,NaN,NaN,NaN,NaN,NaN
9,NaN,NaN,NaN,NaN,NaN,NaN,NaN,NaN
10,NaN,NaN,NaN,NaN,NaN,NaN,NaN,NaN
11,NaN,NaN,NaN,NaN,NaN,NaN,NaN,NaN
1,NaN,NaN,NaN,NaN,NaN,NaN,NaN,NaN
2,NaN,NaN,NaN,NaN,NaN,NaN,NaN,NaN
3,NaN,NaN,NaN,NaN,NaN,NaN,NaN,NaN
4,NaN,NaN,NaN,NaN,NaN,NaN,NaN,NaN
5,NaN,NaN,NaN,NaN,NaN,NaN,NaN,NaN
6,NaN,NaN,NaN,NaN,NaN,NaN,NaN,NaN
7,NaN,NaN,NaN,NaN,NaN,NaN,NaN,NaN
8,NaN,NaN,NaN,NaN,NaN,NaN,NaN,NaN
9,NaN,NaN,NaN,NaN,NaN,NaN,NaN,NaN
10,NaN,NaN,NaN,NaN,NaN,NaN,NaN,NaN
11,NaN,NaN,NaN,NaN,NaN,NaN,NaN,NaN
1,NaN,NaN,NaN,NaN,NaN,NaN,NaN,NaN
2,NaN,NaN,NaN,NaN,NaN,NaN,NaN,NaN
3,NaN,NaN,NaN,NaN,NaN,NaN,NaN,NaN
4,NaN,NaN,NaN,NaN,NaN,NaN,NaN,NaN
5,NaN,NaN,NaN,NaN,NaN,NaN,NaN,NaN
6,NaN,NaN,NaN,NaN,NaN,NaN,NaN,NaN
7,NaN,NaN,NaN,NaN,NaN,NaN,NaN,NaN
8,NaN,NaN,NaN,NaN,NaN,NaN,NaN,NaN
9,NaN,NaN,NaN,NaN,NaN,NaN,NaN,NaN
10,NaN,NaN,NaN,NaN,NaN,NaN,NaN,NaN
11,NaN,NaN,NaN,NaN,NaN,NaN,NaN,NaN
1,NaN,NaN,NaN,NaN,NaN,NaN,NaN,NaN
2,NaN,NaN,NaN,NaN,NaN,NaN,NaN,NaN
3,NaN,NaN,NaN,NaN,NaN,NaN,NaN,NaN
4,NaN,NaN,NaN,NaN,NaN,NaN,NaN,NaN
5,NaN,NaN,NaN,NaN,NaN,NaN,NaN,NaN
6,NaN,NaN,NaN,NaN,NaN,NaN,NaN,NaN
7,NaN,NaN,NaN,NaN,NaN,NaN,NaN,NaN
8,NaN,NaN,NaN,NaN,NaN,NaN,NaN,NaN
9,NaN,NaN,NaN,NaN,NaN,NaN,NaN,NaN
10,NaN,NaN,NaN,NaN,NaN,NaN,NaN,NaN
11,NaN,NaN,NaN,NaN,NaN,NaN,NaN,NaN
1,NaN,NaN,NaN,NaN,NaN,NaN,NaN,NaN
2,NaN,NaN,NaN,NaN,NaN,NaN,NaN,NaN
3,NaN,NaN,NaN,NaN,NaN,NaN,NaN,NaN
4,NaN,NaN,NaN,NaN,NaN,NaN,NaN,NaN
5,NaN,NaN,NaN,NaN,NaN,NaN,NaN,NaN
6,NaN,NaN,NaN,NaN,NaN,NaN,NaN,NaN
7,NaN,NaN,NaN,NaN,NaN,NaN,NaN,NaN
8,NaN,NaN,NaN,NaN,NaN,NaN,NaN,NaN
9,NaN,NaN,NaN,NaN,NaN,NaN,NaN,NaN
10,NaN,NaN,NaN,NaN,NaN,NaN,NaN,NaN
11,NaN,NaN,NaN,NaN,NaN,NaN,NaN,NaN
1,NaN,NaN,NaN,NaN,NaN,NaN,NaN,NaN
2,NaN,NaN,NaN,NaN,NaN,NaN,NaN,NaN
3,NaN,NaN,NaN,NaN,NaN,NaN,NaN,NaN
4,NaN,NaN,NaN,NaN,NaN,NaN,NaN,NaN
5,NaN,NaN,NaN,NaN,NaN,NaN,NaN,NaN
6,NaN,NaN,NaN,NaN,NaN,NaN,NaN,NaN
7,NaN,NaN,NaN,NaN,NaN,NaN,NaN,NaN
8,NaN,NaN,NaN,NaN,NaN,NaN,NaN,NaN
9,NaN,NaN,NaN,NaN,NaN,NaN,NaN,NaN
10,NaN,NaN,NaN,NaN,NaN,NaN,NaN,NaN
11,NaN,NaN,NaN,NaN,NaN,NaN,NaN,NaN
1,NaN,NaN,NaN,NaN,NaN,NaN,NaN,NaN
2,NaN,NaN,NaN,NaN,NaN,NaN,NaN,NaN
3,NaN,NaN,NaN,NaN,NaN,NaN,NaN,NaN
4,NaN,NaN,NaN,NaN,NaN,NaN,NaN,NaN
5,NaN,NaN,NaN,NaN,NaN,NaN,NaN,NaN
6,NaN,NaN,NaN,NaN,NaN,NaN,NaN,NaN
7,NaN,NaN,NaN,NaN,NaN,NaN,NaN,NaN
8,NaN,NaN,NaN,NaN,NaN,NaN,NaN,NaN
9,NaN,NaN,NaN,NaN,NaN,NaN,NaN,NaN
10,NaN,NaN,NaN,NaN,NaN,NaN,NaN,NaN
11,NaN,NaN,NaN,NaN,NaN,NaN,NaN,NaN
1,NaN,NaN,NaN,NaN,NaN,NaN,NaN,NaN
2,NaN,NaN,NaN,NaN,NaN,NaN,NaN,NaN
3,NaN,NaN,NaN,NaN,NaN,NaN,NaN,NaN
4,NaN,NaN,NaN,NaN,NaN,NaN,NaN,NaN
5,NaN,NaN,NaN,NaN,NaN,NaN,NaN,NaN
6,NaN,NaN,NaN,NaN,NaN,NaN,NaN,NaN
7,NaN,NaN,NaN,NaN,NaN,NaN,NaN,NaN
8,NaN,NaN,NaN,NaN,NaN,NaN,NaN,NaN
9,NaN,NaN,NaN,NaN,NaN,NaN,NaN,NaN
10,NaN,NaN,NaN,NaN,NaN,NaN,NaN,NaN
11,NaN,NaN,NaN,NaN,NaN,NaN,NaN,NaN
1,NaN,NaN,NaN,NaN,NaN,NaN,NaN,NaN
2,NaN,NaN,NaN,NaN,NaN,NaN,NaN,NaN
3,NaN,NaN,NaN,NaN,NaN,NaN,NaN,NaN
4,NaN,NaN,NaN,NaN,NaN,NaN,NaN,NaN
5,NaN,NaN,NaN,NaN,NaN,NaN,NaN,NaN
6,NaN,NaN,NaN,NaN,NaN,NaN,NaN,NaN
7,NaN,NaN,NaN,NaN,NaN,NaN,NaN,NaN
8,NaN,NaN,NaN,NaN,NaN,NaN,NaN,NaN
9,NaN,NaN,NaN,NaN,NaN,NaN,NaN,NaN
10,NaN,NaN,NaN,NaN,NaN,NaN,NaN,NaN
11,NaN,NaN,NaN,NaN,NaN,NaN,NaN,NaN
1,NaN,NaN,NaN,NaN,NaN,NaN,NaN,NaN
2,NaN,NaN,NaN,NaN,NaN,NaN,NaN,NaN
3,NaN,NaN,NaN,NaN,NaN,NaN,NaN,NaN
4,NaN,NaN,NaN,NaN,NaN,NaN,NaN,NaN
5,NaN,NaN,NaN,NaN,NaN,NaN,NaN,NaN
6,NaN,NaN,NaN,NaN,NaN,NaN,NaN,NaN
7,NaN,NaN,NaN,NaN,NaN,NaN,NaN,NaN
8,NaN,NaN,NaN,NaN,NaN,NaN,NaN,NaN
9,NaN,NaN,NaN,NaN,NaN,NaN,NaN,NaN
10,NaN,NaN,NaN,NaN,NaN,NaN,NaN,NaN
11,NaN,NaN,NaN,NaN,NaN,NaN,NaN,NaN
1,NaN,NaN,NaN,NaN,NaN,NaN,NaN,NaN
2,NaN,NaN,NaN,NaN,NaN,NaN,NaN,NaN
3,NaN,NaN,NaN,NaN,NaN,NaN,NaN,NaN
4,NaN,NaN,NaN,NaN,NaN,NaN,NaN,NaN
5,NaN,NaN,NaN,NaN,NaN,NaN,NaN,NaN
6,NaN,NaN,NaN,NaN,NaN,NaN,NaN,NaN
7,NaN,NaN,NaN,NaN,NaN,NaN,NaN,NaN
8,NaN,NaN,NaN,NaN,NaN,NaN,NaN,NaN
9,NaN,NaN,NaN,NaN,NaN,NaN,NaN,NaN
10,NaN,NaN,NaN,NaN,NaN,NaN,NaN,NaN
11,NaN,NaN,NaN,NaN,NaN,NaN,NaN,NaN
1,NaN,NaN,NaN,NaN,NaN,NaN,NaN,NaN
2,NaN,NaN,NaN,NaN,NaN,NaN,NaN,NaN
3,NaN,NaN,NaN,NaN,NaN,NaN,NaN,NaN
4,NaN,NaN,NaN,NaN,NaN,NaN,NaN,NaN
5,NaN,NaN,NaN,NaN,NaN,NaN,NaN,NaN
6,NaN,NaN,NaN,NaN,NaN,NaN,NaN,NaN
7,NaN,NaN,NaN,NaN,NaN,NaN,NaN,NaN
8,NaN,NaN,NaN,NaN,NaN,NaN,NaN,NaN
9,NaN,NaN,NaN,NaN,NaN,NaN,NaN,NaN
10,NaN,NaN,NaN,NaN,NaN,NaN,NaN,NaN
11,NaN,NaN,NaN,NaN,NaN,NaN,NaN,NaN
1,NaN,NaN,NaN,NaN,NaN,NaN,NaN,NaN
2,NaN,NaN,NaN,NaN,NaN,NaN,NaN,NaN
3,NaN,NaN,NaN,NaN,NaN,NaN,NaN,NaN
4,NaN,NaN,NaN,NaN,NaN,NaN,NaN,NaN
5,NaN,NaN,NaN,NaN,NaN,NaN,NaN,NaN
6,NaN,NaN,NaN,NaN,NaN,NaN,NaN,NaN
7,NaN,NaN,NaN,NaN,NaN,NaN,NaN,NaN
8,NaN,NaN,NaN,NaN,NaN,NaN,NaN,NaN
9,NaN,NaN,NaN,NaN,NaN,NaN,NaN,NaN
10,NaN,NaN,NaN,NaN,NaN,NaN,NaN,NaN
11,NaN,NaN,NaN,NaN,NaN,NaN,NaN,NaN
1,NaN,NaN,NaN,NaN,NaN,NaN,NaN,NaN
2,NaN,NaN,NaN,NaN,NaN,NaN,NaN,NaN
3,NaN,NaN,NaN,NaN,NaN,NaN,NaN,NaN
4,NaN,NaN,NaN,NaN,NaN,NaN,NaN,NaN
5,NaN,NaN,NaN,NaN,NaN,NaN,NaN,NaN
6,NaN,NaN,NaN,NaN,NaN,NaN,NaN,NaN
7,NaN,NaN,NaN,NaN,NaN,NaN,NaN,NaN
8,NaN,NaN,NaN,NaN,NaN,NaN,NaN,NaN
9,NaN,NaN,NaN,NaN,NaN,NaN,NaN,NaN
10,NaN,NaN,NaN,NaN,NaN,NaN,NaN,NaN
11,NaN,NaN,NaN,NaN,NaN,NaN,NaN,NaN
1,NaN,NaN,NaN,NaN,NaN,NaN,NaN,NaN
2,NaN,NaN,NaN,NaN,NaN,NaN,NaN,NaN
3,NaN,NaN,NaN,NaN,NaN,NaN,NaN,NaN
4,NaN,NaN,NaN,NaN,NaN,NaN,NaN,NaN
5,NaN,NaN,NaN,NaN,NaN,NaN,NaN,NaN
6,NaN,NaN,NaN,NaN,NaN,NaN,NaN,NaN
7,NaN,NaN,NaN,NaN,NaN,NaN,NaN,NaN
8,NaN,NaN,NaN,NaN,NaN,NaN,NaN,NaN
9,NaN,NaN,NaN,NaN,NaN,NaN,NaN,NaN
10,NaN,NaN,NaN,NaN,NaN,NaN,NaN,NaN
11,NaN,NaN,NaN,NaN,NaN,NaN,NaN,NaN
1,NaN,NaN,NaN,NaN,NaN,NaN,NaN,NaN
2,NaN,NaN,NaN,NaN,NaN,NaN,NaN,NaN
3,NaN,NaN,NaN,NaN,NaN,NaN,NaN,NaN
4,NaN,NaN,NaN,NaN,NaN,NaN,NaN,NaN
5,NaN,NaN,NaN,NaN,NaN,NaN,NaN,NaN
6,NaN,NaN,NaN,NaN,NaN,NaN,NaN,NaN
7,NaN,NaN,NaN,NaN,NaN,NaN,NaN,NaN
8,NaN,NaN,NaN,NaN,NaN,NaN,NaN,NaN
9,NaN,NaN,NaN,NaN,NaN,NaN,NaN,NaN
10,NaN,NaN,NaN,NaN,NaN,NaN,NaN,NaN
11,NaN,NaN,NaN,NaN,NaN,NaN,NaN,NaN
1,NaN,NaN,NaN,NaN,NaN,NaN,NaN,NaN
2,NaN,NaN,NaN,NaN,NaN,NaN,NaN,NaN
3,NaN,NaN,NaN,NaN,NaN,NaN,NaN,NaN
4,NaN,NaN,NaN,NaN,NaN,NaN,NaN,NaN
5,NaN,NaN,NaN,NaN,NaN,NaN,NaN,NaN
6,NaN,NaN,NaN,NaN,NaN,NaN,NaN,NaN
7,NaN,NaN,NaN,NaN,NaN,NaN,NaN,NaN
8,NaN,NaN,NaN,NaN,NaN,NaN,NaN,NaN
9,NaN,NaN,NaN,NaN,NaN,NaN,NaN,NaN
10,NaN,NaN,NaN,NaN,NaN,NaN,NaN,NaN
11,NaN,NaN,NaN,NaN,NaN,NaN,NaN,NaN
1,NaN,NaN,NaN,NaN,NaN,NaN,NaN,NaN
2,NaN,NaN,NaN,NaN,NaN,NaN,NaN,NaN
3,NaN,NaN,NaN,NaN,NaN,NaN,NaN,NaN
4,NaN,NaN,NaN,NaN,NaN,NaN,NaN,NaN
5,NaN,NaN,NaN,NaN,NaN,NaN,NaN,NaN
6,NaN,NaN,NaN,NaN,NaN,NaN,NaN,NaN
7,NaN,NaN,NaN,NaN,NaN,NaN,NaN,NaN
8,NaN,NaN,NaN,NaN,NaN,NaN,NaN,NaN
9,NaN,NaN,NaN,NaN,NaN,NaN,NaN,NaN
10,NaN,NaN,NaN,NaN,NaN,NaN,NaN,NaN
11,NaN,NaN,NaN,NaN,NaN,NaN,NaN,NaN
1,NaN,NaN,NaN,NaN,NaN,NaN,NaN,NaN
2,NaN,NaN,NaN,NaN,NaN,NaN,NaN,NaN
3,NaN,NaN,NaN,NaN,NaN,NaN,NaN,NaN
4,NaN,NaN,NaN,NaN,NaN,NaN,NaN,NaN
5,NaN,NaN,NaN,NaN,NaN,NaN,NaN,NaN
6,NaN,NaN,NaN,NaN,NaN,NaN,NaN,NaN
7,NaN,NaN,NaN,NaN,NaN,NaN,NaN,NaN
8,NaN,NaN,NaN,NaN,NaN,NaN,NaN,NaN
9,NaN,NaN,NaN,NaN,NaN,NaN,NaN,NaN
10,NaN,NaN,NaN,NaN,NaN,NaN,NaN,NaN
11,NaN,NaN,NaN,NaN,NaN,NaN,NaN,NaN
1,NaN,NaN,NaN,NaN,NaN,NaN,NaN,NaN
2,NaN,NaN,NaN,NaN,NaN,NaN,NaN,NaN
3,NaN,NaN,NaN,NaN,NaN,NaN,NaN,NaN
4,NaN,NaN,NaN,NaN,NaN,NaN,NaN,NaN
5,NaN,NaN,NaN,NaN,NaN,NaN,NaN,NaN
6,NaN,NaN,NaN,NaN,NaN,NaN,NaN,NaN
7,NaN,NaN,NaN,NaN,NaN,NaN,NaN,NaN
8,NaN,NaN,NaN,NaN,NaN,NaN,NaN,NaN
9,NaN,NaN,NaN,NaN,NaN,NaN,NaN,NaN
10,NaN,NaN,NaN,NaN,NaN,NaN,NaN,NaN
11,NaN,NaN,NaN,NaN,NaN,NaN,NaN,NaN
1,NaN,NaN,NaN,NaN,NaN,NaN,NaN,NaN
2,NaN,NaN,NaN,NaN,NaN,NaN,NaN,NaN
3,NaN,NaN,NaN,NaN,NaN,NaN,NaN,NaN
4,NaN,NaN,NaN,NaN,NaN,NaN,NaN,NaN
5,NaN,NaN,NaN,NaN,NaN,NaN,NaN,NaN
6,NaN,NaN,NaN,NaN,NaN,NaN,NaN,NaN
7,NaN,NaN,NaN,NaN,NaN,NaN,NaN,NaN
8,NaN,NaN,NaN,NaN,NaN,NaN,NaN,NaN
9,NaN,NaN,NaN,NaN,NaN,NaN,NaN,NaN
10,NaN,NaN,NaN,NaN,NaN,NaN,NaN,NaN
11,NaN,NaN,NaN,NaN,NaN,NaN,NaN,NaN
1,NaN,NaN,NaN,NaN,NaN,NaN,NaN,NaN
2,NaN,NaN,NaN,NaN,NaN,NaN,NaN,NaN
3,NaN,NaN,NaN,NaN,NaN,NaN,NaN,NaN
4,NaN,NaN,NaN,NaN,NaN,NaN,NaN,NaN
5,NaN,NaN,NaN,NaN,NaN,NaN,NaN,NaN
6,NaN,NaN,NaN,NaN,NaN,NaN,NaN,NaN
7,NaN,NaN,NaN,NaN,NaN,NaN,NaN,NaN
8,NaN,NaN,NaN,NaN,NaN,NaN,NaN,NaN
9,NaN,NaN,NaN,NaN,NaN,NaN,NaN,NaN
10,NaN,NaN,NaN,NaN,NaN,NaN,NaN,NaN
11,NaN,NaN,NaN,NaN,NaN,NaN,NaN,NaN
1,NaN,NaN,NaN,NaN,NaN,NaN,NaN,NaN
2,NaN,NaN,NaN,NaN,NaN,NaN,NaN,NaN
3,NaN,NaN,NaN,NaN,NaN,NaN,NaN,NaN
4,NaN,NaN,NaN,NaN,NaN,NaN,NaN,NaN
5,NaN,NaN,NaN,NaN,NaN,NaN,NaN,NaN
6,NaN,NaN,NaN,NaN,NaN,NaN,NaN,NaN
7,NaN,NaN,NaN,NaN,NaN,NaN,NaN,NaN
8,NaN,NaN,NaN,NaN,NaN,NaN,NaN,NaN
9,NaN,NaN,NaN,NaN,NaN,NaN,NaN,NaN
10,NaN,NaN,NaN,NaN,NaN,NaN,NaN,NaN
11,NaN,NaN,NaN,NaN,NaN,NaN,NaN,NaN
1,NaN,NaN,NaN,NaN,NaN,NaN,NaN,NaN
2,NaN,NaN,NaN,NaN,NaN,NaN,NaN,NaN
3,NaN,NaN,NaN,NaN,NaN,NaN,NaN,NaN
4,NaN,NaN,NaN,NaN,NaN,NaN,NaN,NaN
5,NaN,NaN,NaN,NaN,NaN,NaN,NaN,NaN
6,NaN,NaN,NaN,NaN,NaN,NaN,NaN,NaN
7,NaN,NaN,NaN,NaN,NaN,NaN,NaN,NaN
8,NaN,NaN,NaN,NaN,NaN,NaN,NaN,NaN
9,NaN,NaN,NaN,NaN,NaN,NaN,NaN,NaN
10,NaN,NaN,NaN,NaN,NaN,NaN,NaN,NaN
11,NaN,NaN,NaN,NaN,NaN,NaN,NaN,NaN
1,NaN,NaN,NaN,NaN,NaN,NaN,NaN,NaN
2,NaN,NaN,NaN,NaN,NaN,NaN,NaN,NaN
3,NaN,NaN,NaN,NaN,NaN,NaN,NaN,NaN
4,NaN,NaN,NaN,NaN,NaN,NaN,NaN,NaN
5,NaN,NaN,NaN,NaN,NaN,NaN,NaN,NaN
6,NaN,NaN,NaN,NaN,NaN,NaN,NaN,NaN
7,NaN,NaN,NaN,NaN,NaN,NaN,NaN,NaN
8,NaN,NaN,NaN,NaN,NaN,NaN,NaN,NaN
9,NaN,NaN,NaN,NaN,NaN,NaN,NaN,NaN
10,NaN,NaN,NaN,NaN,NaN,NaN,NaN,NaN
11,NaN,NaN,NaN,NaN,NaN,NaN,NaN,NaN
1,NaN,NaN,NaN,NaN,NaN,NaN,NaN,NaN
2,NaN,NaN,NaN,NaN,NaN,NaN,NaN,NaN
3,NaN,NaN,NaN,NaN,NaN,NaN,NaN,NaN
4,NaN,NaN,NaN,NaN,NaN,NaN,NaN,NaN
5,NaN,NaN,NaN,NaN,NaN,NaN,NaN,NaN
6,NaN,NaN,NaN,NaN,NaN,NaN,NaN,NaN
7,NaN,NaN,NaN,NaN,NaN,NaN,NaN,NaN
8,NaN,NaN,NaN,NaN,NaN,NaN,NaN,NaN
9,NaN,NaN,NaN,NaN,NaN,NaN,NaN,NaN
10,NaN,NaN,NaN,NaN,NaN,NaN,NaN,NaN
11,NaN,NaN,NaN,NaN,NaN,NaN,NaN,NaN
1,NaN,NaN,NaN,NaN,NaN,NaN,NaN,NaN
2,NaN,NaN,NaN,NaN,NaN,NaN,NaN,NaN
3,NaN,NaN,NaN,NaN,NaN,NaN,NaN,NaN
4,NaN,NaN,NaN,NaN,NaN,NaN,NaN,NaN
5,NaN,NaN,NaN,NaN,NaN,NaN,NaN,NaN
6,NaN,NaN,NaN,NaN,NaN,NaN,NaN,NaN
7,NaN,NaN,NaN,NaN,NaN,NaN,NaN,NaN
8,NaN,NaN,NaN,NaN,NaN,NaN,NaN,NaN
9,NaN,NaN,NaN,NaN,NaN,NaN,NaN,NaN
10,NaN,NaN,NaN,NaN,NaN,NaN,NaN,NaN
11,NaN,NaN,NaN,NaN,NaN,NaN,NaN,NaN
1,NaN,NaN,NaN,NaN,NaN,NaN,NaN,NaN
2,NaN,NaN,NaN,NaN,NaN,NaN,NaN,NaN
3,NaN,NaN,NaN,NaN,NaN,NaN,NaN,NaN
4,NaN,NaN,NaN,NaN,NaN,NaN,NaN,NaN
5,NaN,NaN,NaN,NaN,NaN,NaN,NaN,NaN
6,NaN,NaN,NaN,NaN,NaN,NaN,NaN,NaN
7,NaN,NaN,NaN,NaN,NaN,NaN,NaN,NaN
8,NaN,NaN,NaN,NaN,NaN,NaN,NaN,NaN
9,NaN,NaN,NaN,NaN,NaN,NaN,NaN,NaN
10,NaN,NaN,NaN,NaN,NaN,NaN,NaN,NaN
11,NaN,NaN,NaN,NaN,NaN,NaN,NaN,NaN
1,NaN,NaN,NaN,NaN,NaN,NaN,NaN,NaN
2,NaN,NaN,NaN,NaN,NaN,NaN,NaN,NaN
3,NaN,NaN,NaN,NaN,NaN,NaN,NaN,NaN
4,NaN,NaN,NaN,NaN,NaN,NaN,NaN,NaN
5,NaN,NaN,NaN,NaN,NaN,NaN,NaN,NaN
6,NaN,NaN,NaN,NaN,NaN,NaN,NaN,NaN
7,NaN,NaN,NaN,NaN,NaN,NaN,NaN,NaN
8,NaN,NaN,NaN,NaN,NaN,NaN,NaN,NaN
9,NaN,NaN,NaN,NaN,NaN,NaN,NaN,NaN
10,NaN,NaN,NaN,NaN,NaN,NaN,NaN,NaN
11,NaN,NaN,NaN,NaN,NaN,NaN,NaN,NaN
1,NaN,NaN,NaN,NaN,NaN,NaN,NaN,NaN
2,NaN,NaN,NaN,NaN,NaN,NaN,NaN,NaN
3,NaN,NaN,NaN,NaN,NaN,NaN,NaN,NaN
4,NaN,NaN,NaN,NaN,NaN,NaN,NaN,NaN
5,NaN,NaN,NaN,NaN,NaN,NaN,NaN,NaN
6,NaN,NaN,NaN,NaN,NaN,NaN,NaN,NaN
7,NaN,NaN,NaN,NaN,NaN,NaN,NaN,NaN
8,NaN,NaN,NaN,NaN,NaN,NaN,NaN,NaN
9,NaN,NaN,NaN,NaN,NaN,NaN,NaN,NaN
10,NaN,NaN,NaN,NaN,NaN,NaN,NaN,NaN
11,NaN,NaN,NaN,NaN,NaN,NaN,NaN,NaN
1,NaN,NaN,NaN,NaN,NaN,NaN,NaN,NaN
2,NaN,NaN,NaN,NaN,NaN,NaN,NaN,NaN
3,NaN,NaN,NaN,NaN,NaN,NaN,NaN,NaN
4,NaN,NaN,NaN,NaN,NaN,NaN,NaN,NaN
5,NaN,NaN,NaN,NaN,NaN,NaN,NaN,NaN
6,NaN,NaN,NaN,NaN,NaN,NaN,NaN,NaN
7,NaN,NaN,NaN,NaN,NaN,NaN,NaN,NaN
8,NaN,NaN,NaN,NaN,NaN,NaN,NaN,NaN
9,NaN,NaN,NaN,NaN,NaN,NaN,NaN,NaN
10,NaN,NaN,NaN,NaN,NaN,NaN,NaN,NaN
11,NaN,NaN,NaN,NaN,NaN,NaN,NaN,NaN
1,NaN,NaN,NaN,NaN,NaN,NaN,NaN,NaN
2,NaN,NaN,NaN,NaN,NaN,NaN,NaN,NaN
3,NaN,NaN,NaN,NaN,NaN,NaN,NaN,NaN
4,NaN,NaN,NaN,NaN,NaN,NaN,NaN,NaN
5,NaN,NaN,NaN,NaN,NaN,NaN,NaN,NaN
6,NaN,NaN,NaN,NaN,NaN,NaN,NaN,NaN
7,NaN,NaN,NaN,NaN,NaN,NaN,NaN,NaN
8,NaN,NaN,NaN,NaN,NaN,NaN,NaN,NaN
9,NaN,NaN,NaN,NaN,NaN,NaN,NaN,NaN
10,NaN,NaN,NaN,NaN,NaN,NaN,NaN,NaN
11,NaN,NaN,NaN,NaN,NaN,NaN,NaN,NaN
1,NaN,NaN,NaN,NaN,NaN,NaN,NaN,NaN
2,NaN,NaN,NaN,NaN,NaN,NaN,NaN,NaN
3,NaN,NaN,NaN,NaN,NaN,NaN,NaN,NaN
4,NaN,NaN,NaN,NaN,NaN,NaN,NaN,NaN
5,NaN,NaN,NaN,NaN,NaN,NaN,NaN,NaN
6,NaN,NaN,NaN,NaN,NaN,NaN,NaN,NaN
7,NaN,NaN,NaN,NaN,NaN,NaN,NaN,NaN
8,NaN,NaN,NaN,NaN,NaN,NaN,NaN,NaN
9,NaN,NaN,NaN,NaN,NaN,NaN,NaN,NaN
10,NaN,NaN,NaN,NaN,NaN,NaN,NaN,NaN
11,NaN,NaN,NaN,NaN,NaN,NaN,NaN,NaN
1,NaN,NaN,NaN,NaN,NaN,NaN,NaN,NaN
2,NaN,NaN,NaN,NaN,NaN,NaN,NaN,NaN
3,NaN,NaN,NaN,NaN,NaN,NaN,NaN,NaN
4,NaN,NaN,NaN,NaN,NaN,NaN,NaN,NaN
5,NaN,NaN,NaN,NaN,NaN,NaN,NaN,NaN
6,NaN,NaN,NaN,NaN,NaN,NaN,NaN,NaN
7,NaN,NaN,NaN,NaN,NaN,NaN,NaN,NaN
8,NaN,NaN,NaN,NaN,NaN,NaN,NaN,NaN
9,NaN,NaN,NaN,NaN,NaN,NaN,NaN,NaN
10,NaN,NaN,NaN,NaN,NaN,NaN,NaN,NaN
11,NaN,NaN,NaN,NaN,NaN,NaN,NaN,NaN
1,NaN,NaN,NaN,NaN,NaN,NaN,NaN,NaN
2,NaN,NaN,NaN,NaN,NaN,NaN,NaN,NaN
3,NaN,NaN,NaN,NaN,NaN,NaN,NaN,NaN
4,NaN,NaN,NaN,NaN,NaN,NaN,NaN,NaN
5,NaN,NaN,NaN,NaN,NaN,NaN,NaN,NaN
6,NaN,NaN,NaN,NaN,NaN,NaN,NaN,NaN
7,NaN,NaN,NaN,NaN,NaN,NaN,NaN,NaN
8,NaN,NaN,NaN,NaN,NaN,NaN,NaN,NaN
9,NaN,NaN,NaN,NaN,NaN,NaN,NaN,NaN
10,NaN,NaN,NaN,NaN,NaN,NaN,NaN,NaN
11,NaN,NaN,NaN,NaN,NaN,NaN,NaN,NaN
1,NaN,NaN,NaN,NaN,NaN,NaN,NaN,NaN
2,NaN,NaN,NaN,NaN,NaN,NaN,NaN,NaN
3,NaN,NaN,NaN,NaN,NaN,NaN,NaN,NaN
4,NaN,NaN,NaN,NaN,NaN,NaN,NaN,NaN
5,NaN,NaN,NaN,NaN,NaN,NaN,NaN,NaN
6,NaN,NaN,NaN,NaN,NaN,NaN,NaN,NaN
7,NaN,NaN,NaN,NaN,NaN,NaN,NaN,NaN
8,NaN,NaN,NaN,NaN,NaN,NaN,NaN,NaN
9,NaN,NaN,NaN,NaN,NaN,NaN,NaN,NaN
10,NaN,NaN,NaN,NaN,NaN,NaN,NaN,NaN
11,NaN,NaN,NaN,NaN,NaN,NaN,NaN,NaN
1,NaN,NaN,NaN,NaN,NaN,NaN,NaN,NaN
2,NaN,NaN,NaN,NaN,NaN,NaN,NaN,NaN
3,NaN,NaN,NaN,NaN,NaN,NaN,NaN,NaN
4,NaN,NaN,NaN,NaN,NaN,NaN,NaN,NaN
5,NaN,NaN,NaN,NaN,NaN,NaN,NaN,NaN
6,NaN,NaN,NaN,NaN,NaN,NaN,NaN,NaN
7,NaN,NaN,NaN,NaN,NaN,NaN,NaN,NaN
8,NaN,NaN,NaN,NaN,NaN,NaN,NaN,NaN
9,NaN,NaN,NaN,NaN,NaN,NaN,NaN,NaN
10,NaN,NaN,NaN,NaN,NaN,NaN,NaN,NaN
11,NaN,NaN,NaN,NaN,NaN,NaN,NaN,NaN
1,NaN,NaN,NaN,NaN,NaN,NaN,NaN,NaN
2,NaN,NaN,NaN,NaN,NaN,NaN,NaN,NaN
3,NaN,NaN,NaN,NaN,NaN,NaN,NaN,NaN
4,NaN,NaN,NaN,NaN,NaN,NaN,NaN,NaN
5,NaN,NaN,NaN,NaN,NaN,NaN,NaN,NaN
6,NaN,NaN,NaN,NaN,NaN,NaN,NaN,NaN
7,NaN,NaN,NaN,NaN,NaN,NaN,NaN,NaN
8,NaN,NaN,NaN,NaN,NaN,NaN,NaN,NaN
9,NaN,NaN,NaN,NaN,NaN,NaN,NaN,NaN
10,NaN,NaN,NaN,NaN,NaN,NaN,NaN,NaN
11,NaN,NaN,NaN,NaN,NaN,NaN,NaN,NaN
1,NaN,NaN,NaN,NaN,NaN,NaN,NaN,NaN
2,NaN,NaN,NaN,NaN,NaN,NaN,NaN,NaN
3,NaN,NaN,NaN,NaN,NaN,NaN,NaN,NaN
4,NaN,NaN,NaN,NaN,NaN,NaN,NaN,NaN
5,NaN,NaN,NaN,NaN,NaN,NaN,NaN,NaN
6,NaN,NaN,NaN,NaN,NaN,NaN,NaN,NaN
7,NaN,NaN,NaN,NaN,NaN,NaN,NaN,NaN
8,NaN,NaN,NaN,NaN,NaN,NaN,NaN,NaN
9,NaN,NaN,NaN,NaN,NaN,NaN,NaN,NaN
10,NaN,NaN,NaN,NaN,NaN,NaN,NaN,NaN
11,NaN,NaN,NaN,NaN,NaN,NaN,NaN,NaN
1,NaN,NaN,NaN,NaN,NaN,NaN,NaN,NaN
2,NaN,NaN,NaN,NaN,NaN,NaN,NaN,NaN
3,NaN,NaN,NaN,NaN,NaN,NaN,NaN,NaN
4,NaN,NaN,NaN,NaN,NaN,NaN,NaN,NaN
5,NaN,NaN,NaN,NaN,NaN,NaN,NaN,NaN
6,NaN,NaN,NaN,NaN,NaN,NaN,NaN,NaN
7,NaN,NaN,NaN,NaN,NaN,NaN,NaN,NaN
8,NaN,NaN,NaN,NaN,NaN,NaN,NaN,NaN
9,NaN,NaN,NaN,NaN,NaN,NaN,NaN,NaN
10,NaN,NaN,NaN,NaN,NaN,NaN,NaN,NaN
11,NaN,NaN,NaN,NaN,NaN,NaN,NaN,NaN
1,NaN,NaN,NaN,NaN,NaN,NaN,NaN,NaN
2,NaN,NaN,NaN,NaN,NaN,NaN,NaN,NaN
3,NaN,NaN,NaN,NaN,NaN,NaN,NaN,NaN
4,NaN,NaN,NaN,NaN,NaN,NaN,NaN,NaN
5,NaN,NaN,NaN,NaN,NaN,NaN,NaN,NaN
6,NaN,NaN,NaN,NaN,NaN,NaN,NaN,NaN
7,NaN,NaN,NaN,NaN,NaN,NaN,NaN,NaN
8,NaN,NaN,NaN,NaN,NaN,NaN,NaN,NaN
9,NaN,NaN,NaN,NaN,NaN,NaN,NaN,NaN
10,NaN,NaN,NaN,NaN,NaN,NaN,NaN,NaN
11,NaN,NaN,NaN,NaN,NaN,NaN,NaN,NaN
1,NaN,NaN,NaN,NaN,NaN,NaN,NaN,NaN
2,NaN,NaN,NaN,NaN,NaN,NaN,NaN,NaN
3,NaN,NaN,NaN,NaN,NaN,NaN,NaN,NaN
4,NaN,NaN,NaN,NaN,NaN,NaN,NaN,NaN
5,NaN,NaN,NaN,NaN,NaN,NaN,NaN,NaN
6,NaN,NaN,NaN,NaN,NaN,NaN,NaN,NaN
7,NaN,NaN,NaN,NaN,NaN,NaN,NaN,NaN
8,NaN,NaN,NaN,NaN,NaN,NaN,NaN,NaN
9,NaN,NaN,NaN,NaN,NaN,NaN,NaN,NaN
10,NaN,NaN,NaN,NaN,NaN,NaN,NaN,NaN
11,NaN,NaN,NaN,NaN,NaN,NaN,NaN,NaN
1,NaN,NaN,NaN,NaN,NaN,NaN,NaN,NaN
2,NaN,NaN,NaN,NaN,NaN,NaN,NaN,NaN
3,NaN,NaN,NaN,NaN,NaN,NaN,NaN,NaN
4,NaN,NaN,NaN,NaN,NaN,NaN,NaN,NaN
5,NaN,NaN,NaN,NaN,NaN,NaN,NaN,NaN
6,NaN,NaN,NaN,NaN,NaN,NaN,NaN,NaN
7,NaN,NaN,NaN,NaN,NaN,NaN,NaN,NaN
8,NaN,NaN,NaN,NaN,NaN,NaN,NaN,NaN
9,NaN,NaN,NaN,NaN,NaN,NaN,NaN,NaN
10,NaN,NaN,NaN,NaN,NaN,NaN,NaN,NaN
11,NaN,NaN,NaN,NaN,NaN,NaN,NaN,NaN
1,NaN,NaN,NaN,NaN,NaN,NaN,NaN,NaN
2,NaN,NaN,NaN,NaN,NaN,NaN,NaN,NaN
3,NaN,NaN,NaN,NaN,NaN,NaN,NaN,NaN
4,NaN,NaN,NaN,NaN,NaN,NaN,NaN,NaN
5,NaN,NaN,NaN,NaN,NaN,NaN,NaN,NaN
6,NaN,NaN,NaN,NaN,NaN,NaN,NaN,NaN
7,NaN,NaN,NaN,NaN,NaN,NaN,NaN,NaN
8,NaN,NaN,NaN,NaN,NaN,NaN,NaN,NaN
9,NaN,NaN,NaN,NaN,NaN,NaN,NaN,NaN
10,NaN,NaN,NaN,NaN,NaN,NaN,NaN,NaN
11,NaN,NaN,NaN,NaN,NaN,NaN,NaN,NaN
1,NaN,NaN,NaN,NaN,NaN,NaN,NaN,NaN
2,NaN,NaN,NaN,NaN,NaN,NaN,NaN,NaN
3,NaN,NaN,NaN,NaN,NaN,NaN,NaN,NaN
4,NaN,NaN,NaN,NaN,NaN,NaN,NaN,NaN
5,NaN,NaN,NaN,NaN,NaN,NaN,NaN,NaN
6,NaN,NaN,NaN,NaN,NaN,NaN,NaN,NaN
7,NaN,NaN,NaN,NaN,NaN,NaN,NaN,NaN
8,NaN,NaN,NaN,NaN,NaN,NaN,NaN,NaN
9,NaN,NaN,NaN,NaN,NaN,NaN,NaN,NaN
10,NaN,NaN,NaN,NaN,NaN,NaN,NaN,NaN
11,NaN,NaN,NaN,NaN,NaN,NaN,NaN,NaN
1,NaN,NaN,NaN,NaN,NaN,NaN,NaN,NaN
2,NaN,NaN,NaN,NaN,NaN,NaN,NaN,NaN
3,NaN,NaN,NaN,NaN,NaN,NaN,NaN,NaN
4,NaN,NaN,NaN,NaN,NaN,NaN,NaN,NaN
5,NaN,NaN,NaN,NaN,NaN,NaN,NaN,NaN
6,NaN,NaN,NaN,NaN,NaN,NaN,NaN,NaN
7,NaN,NaN,NaN,NaN,NaN,NaN,NaN,NaN
8,NaN,NaN,NaN,NaN,NaN,NaN,NaN,NaN
9,NaN,NaN,NaN,NaN,NaN,NaN,NaN,NaN
10,NaN,NaN,NaN,NaN,NaN,NaN,NaN,NaN
11,NaN,NaN,NaN,NaN,NaN,NaN,NaN,NaN
1,NaN,NaN,NaN,NaN,NaN,NaN,NaN,NaN
2,NaN,NaN,NaN,NaN,NaN,NaN,NaN,NaN
3,NaN,NaN,NaN,NaN,NaN,NaN,NaN,NaN
4,NaN,NaN,NaN,NaN,NaN,NaN,NaN,NaN
5,NaN,NaN,NaN,NaN,NaN,NaN,NaN,NaN
6,NaN,NaN,NaN,NaN,NaN,NaN,NaN,NaN
7,NaN,NaN,NaN,NaN,NaN,NaN,NaN,NaN
8,NaN,NaN,NaN,NaN,NaN,NaN,NaN,NaN
9,NaN,NaN,NaN,NaN,NaN,NaN,NaN,NaN
10,NaN,NaN,NaN,NaN,NaN,NaN,NaN,NaN
11,NaN,NaN,NaN,NaN,NaN,NaN,NaN,NaN
1,NaN,NaN,NaN,NaN,NaN,NaN,NaN,NaN
2,NaN,NaN,NaN,NaN,NaN,NaN,NaN,NaN
3,NaN,NaN,NaN,NaN,NaN,NaN,NaN,NaN
4,NaN,NaN,NaN,NaN,NaN,NaN,NaN,NaN
5,NaN,NaN,NaN,NaN,NaN,NaN,NaN,NaN
6,NaN,NaN,NaN,NaN,NaN,NaN,NaN,NaN
7,NaN,NaN,NaN,NaN,NaN,NaN,NaN,NaN
8,NaN,NaN,NaN,NaN,NaN,NaN,NaN,NaN
9,NaN,NaN,NaN,NaN,NaN,NaN,NaN,NaN
10,NaN,NaN,NaN,NaN,NaN,NaN,NaN,NaN
11,NaN,NaN,NaN,NaN,NaN,NaN,NaN,NaN
1,NaN,NaN,NaN,NaN,NaN,NaN,NaN,NaN
2,NaN,NaN,NaN,NaN,NaN,NaN,NaN,NaN
3,NaN,NaN,NaN,NaN,NaN,NaN,NaN,NaN
4,NaN,NaN,NaN,NaN,NaN,NaN,NaN,NaN
5,NaN,NaN,NaN,NaN,NaN,NaN,NaN,NaN
6,NaN,NaN,NaN,NaN,NaN,NaN,NaN,NaN
7,NaN,NaN,NaN,NaN,NaN,NaN,NaN,NaN
8,NaN,NaN,NaN,NaN,NaN,NaN,NaN,NaN
9,NaN,NaN,NaN,NaN,NaN,NaN,NaN,NaN
10,NaN,NaN,NaN,NaN,NaN,NaN,NaN,NaN
11,NaN,NaN,NaN,NaN,NaN,NaN,NaN,NaN
1,NaN,NaN,NaN,NaN,NaN,NaN,NaN,NaN
2,NaN,NaN,NaN,NaN,NaN,NaN,NaN,NaN
3,NaN,NaN,NaN,NaN,NaN,NaN,NaN,NaN
4,NaN,NaN,NaN,NaN,NaN,NaN,NaN,NaN
5,NaN,NaN,NaN,NaN,NaN,NaN,NaN,NaN
6,NaN,NaN,NaN,NaN,NaN,NaN,NaN,NaN
7,NaN,NaN,NaN,NaN,NaN,NaN,NaN,NaN
8,NaN,NaN,NaN,NaN,NaN,NaN,NaN,NaN
9,NaN,NaN,NaN,NaN,NaN,NaN,NaN,NaN
10,NaN,NaN,NaN,NaN,NaN,NaN,NaN,NaN
11,NaN,NaN,NaN,NaN,NaN,NaN,NaN,NaN
1,NaN,NaN,NaN,NaN,NaN,NaN,NaN,NaN
2,NaN,NaN,NaN,NaN,NaN,NaN,NaN,NaN
3,NaN,NaN,NaN,NaN,NaN,NaN,NaN,NaN
4,NaN,NaN,NaN,NaN,NaN,NaN,NaN,NaN
5,NaN,NaN,NaN,NaN,NaN,NaN,NaN,NaN
6,NaN,NaN,NaN,NaN,NaN,NaN,NaN,NaN
7,NaN,NaN,NaN,NaN,NaN,NaN,NaN,NaN
8,NaN,NaN,NaN,NaN,NaN,NaN,NaN,NaN
9,NaN,NaN,NaN,NaN,NaN,NaN,NaN,NaN
10,NaN,NaN,NaN,NaN,NaN,NaN,NaN,NaN
11,NaN,NaN,NaN,NaN,NaN,NaN,NaN,NaN
1,NaN,NaN,NaN,NaN,NaN,NaN,NaN,NaN
2,NaN,NaN,NaN,NaN,NaN,NaN,NaN,NaN
3,NaN,NaN,NaN,NaN,NaN,NaN,NaN,NaN
4,NaN,NaN,NaN,NaN,NaN,NaN,NaN,NaN
5,NaN,NaN,NaN,NaN,NaN,NaN,NaN,NaN
6,NaN,NaN,NaN,NaN,NaN,NaN,NaN,NaN
7,NaN,NaN,NaN,NaN,NaN,NaN,NaN,NaN
8,NaN,NaN,NaN,NaN,NaN,NaN,NaN,NaN
9,NaN,NaN,NaN,NaN,NaN,NaN,NaN,NaN
10,NaN,NaN,NaN,NaN,NaN,NaN,NaN,NaN
11,NaN,NaN,NaN,NaN,NaN,NaN,NaN,NaN
1,NaN,NaN,NaN,NaN,NaN,NaN,NaN,NaN
2,NaN,NaN,NaN,NaN,NaN,NaN,NaN,NaN
3,NaN,NaN,NaN,NaN,NaN,NaN,NaN,NaN
4,NaN,NaN,NaN,NaN,NaN,NaN,NaN,NaN
5,NaN,NaN,NaN,NaN,NaN,NaN,NaN,NaN
6,NaN,NaN,NaN,NaN,NaN,NaN,NaN,NaN
7,NaN,NaN,NaN,NaN,NaN,NaN,NaN,NaN
8,NaN,NaN,NaN,NaN,NaN,NaN,NaN,NaN
9,NaN,NaN,NaN,NaN,NaN,NaN,NaN,NaN
10,NaN,NaN,NaN,NaN,NaN,NaN,NaN,NaN
11,NaN,NaN,NaN,NaN,NaN,NaN,NaN,NaN
1,NaN,NaN,NaN,NaN,NaN,NaN,NaN,NaN
2,NaN,NaN,NaN,NaN,NaN,NaN,NaN,NaN
3,NaN,NaN,NaN,NaN,NaN,NaN,NaN,NaN
4,NaN,NaN,NaN,NaN,NaN,NaN,NaN,NaN
5,NaN,NaN,NaN,NaN,NaN,NaN,NaN,NaN
6,NaN,NaN,NaN,NaN,NaN,NaN,NaN,NaN
7,NaN,NaN,NaN,NaN,NaN,NaN,NaN,NaN
8,NaN,NaN,NaN,NaN,NaN,NaN,NaN,NaN
9,NaN,NaN,NaN,NaN,NaN,NaN,NaN,NaN
10,NaN,NaN,NaN,NaN,NaN,NaN,NaN,NaN
11,NaN,NaN,NaN,NaN,NaN,NaN,NaN,NaN
1,NaN,NaN,NaN,NaN,NaN,NaN,NaN,NaN
2,NaN,NaN,NaN,NaN,NaN,NaN,NaN,NaN
3,NaN,NaN,NaN,NaN,NaN,NaN,NaN,NaN
4,NaN,NaN,NaN,NaN,NaN,NaN,NaN,NaN
5,NaN,NaN,NaN,NaN,NaN,NaN,NaN,NaN
6,NaN,NaN,NaN,NaN,NaN,NaN,NaN,NaN
7,NaN,NaN,NaN,NaN,NaN,NaN,NaN,NaN
8,NaN,NaN,NaN,NaN,NaN,NaN,NaN,NaN
9,NaN,NaN,NaN,NaN,NaN,NaN,NaN,NaN
10,NaN,NaN,NaN,NaN,NaN,NaN,NaN,NaN
11,NaN,NaN,NaN,NaN,NaN,NaN,NaN,NaN
1,NaN,NaN,NaN,NaN,NaN,NaN,NaN,NaN
2,NaN,NaN,NaN,NaN,NaN,NaN,NaN,NaN
3,NaN,NaN,NaN,NaN,NaN,NaN,NaN,NaN
4,NaN,NaN,NaN,NaN,NaN,NaN,NaN,NaN
5,NaN,NaN,NaN,NaN,NaN,NaN,NaN,NaN
6,NaN,NaN,NaN,NaN,NaN,NaN,NaN,NaN
7,NaN,NaN,NaN,NaN,NaN,NaN,NaN,NaN
8,NaN,NaN,NaN,NaN,NaN,NaN,NaN,NaN
9,NaN,NaN,NaN,NaN,NaN,NaN,NaN,NaN
10,NaN,NaN,NaN,NaN,NaN,NaN,NaN,NaN
11,NaN,NaN,NaN,NaN,NaN,NaN,NaN,NaN
1,NaN,NaN,NaN,NaN,NaN,NaN,NaN,NaN
2,NaN,NaN,NaN,NaN,NaN,NaN,NaN,NaN
3,NaN,NaN,NaN,NaN,NaN,NaN,NaN,NaN
4,NaN,NaN,NaN,NaN,NaN,NaN,NaN,NaN
5,NaN,NaN,NaN,NaN,NaN,NaN,NaN,NaN
6,NaN,NaN,NaN,NaN,NaN,NaN,NaN,NaN
7,NaN,NaN,NaN,NaN,NaN,NaN,NaN,NaN
8,NaN,NaN,NaN,NaN,NaN,NaN,NaN,NaN
9,NaN,NaN,NaN,NaN,NaN,NaN,NaN,NaN
10,NaN,NaN,NaN,NaN,NaN,NaN,NaN,NaN
11,NaN,NaN,NaN,NaN,NaN,NaN,NaN,NaN
1,NaN,NaN,NaN,NaN,NaN,NaN,NaN,NaN
2,NaN,NaN,NaN,NaN,NaN,NaN,NaN,NaN
3,NaN,NaN,NaN,NaN,NaN,NaN,NaN,NaN
4,NaN,NaN,NaN,NaN,NaN,NaN,NaN,NaN
5,NaN,NaN,NaN,NaN,NaN,NaN,NaN,NaN
6,NaN,NaN,NaN,NaN,NaN,NaN,NaN,NaN
7,NaN,NaN,NaN,NaN,NaN,NaN,NaN,NaN
8,NaN,NaN,NaN,NaN,NaN,NaN,NaN,NaN
9,NaN,NaN,NaN,NaN,NaN,NaN,NaN,NaN
10,NaN,NaN,NaN,NaN,NaN,NaN,NaN,NaN
11,NaN,NaN,NaN,NaN,NaN,NaN,NaN,NaN
1,NaN,NaN,NaN,NaN,NaN,NaN,NaN,NaN
2,NaN,NaN,NaN,NaN,NaN,NaN,NaN,NaN
3,NaN,NaN,NaN,NaN,NaN,NaN,NaN,NaN
4,NaN,NaN,NaN,NaN,NaN,NaN,NaN,NaN
5,NaN,NaN,NaN,NaN,NaN,NaN,NaN,NaN
6,NaN,NaN,NaN,NaN,NaN,NaN,NaN,NaN
7,NaN,NaN,NaN,NaN,NaN,NaN,NaN,NaN
8,NaN,NaN,NaN,NaN,NaN,NaN,NaN,NaN
9,NaN,NaN,NaN,NaN,NaN,NaN,NaN,NaN
10,NaN,NaN,NaN,NaN,NaN,NaN,NaN,NaN
11,NaN,NaN,NaN,NaN,NaN,NaN,NaN,NaN
1,NaN,NaN,NaN,NaN,NaN,NaN,NaN,NaN
2,NaN,NaN,NaN,NaN,NaN,NaN,NaN,NaN
3,NaN,NaN,NaN,NaN,NaN,NaN,NaN,NaN
4,NaN,NaN,NaN,NaN,NaN,NaN,NaN,NaN
5,NaN,NaN,NaN,NaN,NaN,NaN,NaN,NaN
6,NaN,NaN,NaN,NaN,NaN,NaN,NaN,NaN
7,NaN,NaN,NaN,NaN,NaN,NaN,NaN,NaN
8,NaN,NaN,NaN,NaN,NaN,NaN,NaN,NaN
9,NaN,NaN,NaN,NaN,NaN,NaN,NaN,NaN
10,NaN,NaN,NaN,NaN,NaN,NaN,NaN,NaN
11,NaN,NaN,NaN,NaN,NaN,NaN,NaN,NaN
1,NaN,NaN,NaN,NaN,NaN,NaN,NaN,NaN
2,NaN,NaN,NaN,NaN,NaN,NaN,NaN,NaN
3,NaN,NaN,NaN,NaN,NaN,NaN,NaN,NaN
4,NaN,NaN,NaN,NaN,NaN,NaN,NaN,NaN
5,NaN,NaN,NaN,NaN,NaN,NaN,NaN,NaN
6,NaN,NaN,NaN,NaN,NaN,NaN,NaN,NaN
7,NaN,NaN,NaN,NaN,NaN,NaN,NaN,NaN
8,NaN,NaN,NaN,NaN,NaN,NaN,NaN,NaN
9,NaN,NaN,NaN,NaN,NaN,NaN,NaN,NaN
10,NaN,NaN,NaN,NaN,NaN,NaN,NaN,NaN
11,NaN,NaN,NaN,NaN,NaN,NaN,NaN,NaN
1,NaN,NaN,NaN,NaN,NaN,NaN,NaN,NaN
2,NaN,NaN,NaN,NaN,NaN,NaN,NaN,NaN
3,NaN,NaN,NaN,NaN,NaN,NaN,NaN,NaN
4,NaN,NaN,NaN,NaN,NaN,NaN,NaN,NaN
5,NaN,NaN,NaN,NaN,NaN,NaN,NaN,NaN
6,NaN,NaN,NaN,NaN,NaN,NaN,NaN,NaN
7,NaN,NaN,NaN,NaN,NaN,NaN,NaN,NaN
8,NaN,NaN,NaN,NaN,NaN,NaN,NaN,NaN
9,NaN,NaN,NaN,NaN,NaN,NaN,NaN,NaN
10,NaN,NaN,NaN,NaN,NaN,NaN,NaN,NaN
11,NaN,NaN,NaN,NaN,NaN,NaN,NaN,NaN
1,NaN,NaN,NaN,NaN,NaN,NaN,NaN,NaN
2,NaN,NaN,NaN,NaN,NaN,NaN,NaN,NaN
3,NaN,NaN,NaN,NaN,NaN,NaN,NaN,NaN
4,NaN,NaN,NaN,NaN,NaN,NaN,NaN,NaN
5,NaN,NaN,NaN,NaN,NaN,NaN,NaN,NaN
6,NaN,NaN,NaN,NaN,NaN,NaN,NaN,NaN
7,NaN,NaN,NaN,NaN,NaN,NaN,NaN,NaN
8,NaN,NaN,NaN,NaN,NaN,NaN,NaN,NaN
9,NaN,NaN,NaN,NaN,NaN,NaN,NaN,NaN
10,NaN,NaN,NaN,NaN,NaN,NaN,NaN,NaN
11,NaN,NaN,NaN,NaN,NaN,NaN,NaN,NaN
1,NaN,NaN,NaN,NaN,NaN,NaN,NaN,NaN
2,NaN,NaN,NaN,NaN,NaN,NaN,NaN,NaN
3,NaN,NaN,NaN,NaN,NaN,NaN,NaN,NaN
4,NaN,NaN,NaN,NaN,NaN,NaN,NaN,NaN
5,NaN,NaN,NaN,NaN,NaN,NaN,NaN,NaN
6,NaN,NaN,NaN,NaN,NaN,NaN,NaN,NaN
7,NaN,NaN,NaN,NaN,NaN,NaN,NaN,NaN
8,NaN,NaN,NaN,NaN,NaN,NaN,NaN,NaN
9,NaN,NaN,NaN,NaN,NaN,NaN,NaN,NaN
10,NaN,NaN,NaN,NaN,NaN,NaN,NaN,NaN
11,NaN,NaN,NaN,NaN,NaN,NaN,NaN,NaN
1,NaN,NaN,NaN,NaN,NaN,NaN,NaN,NaN
2,NaN,NaN,NaN,NaN,NaN,NaN,NaN,NaN
3,NaN,NaN,NaN,NaN,NaN,NaN,NaN,NaN
4,NaN,NaN,NaN,NaN,NaN,NaN,NaN,NaN
5,NaN,NaN,NaN,NaN,NaN,NaN,NaN,NaN
6,NaN,NaN,NaN,NaN,NaN,NaN,NaN,NaN
7,NaN,NaN,NaN,NaN,NaN,NaN,NaN,NaN
8,NaN,NaN,NaN,NaN,NaN,NaN,NaN,NaN
9,NaN,NaN,NaN,NaN,NaN,NaN,NaN,NaN
10,NaN,NaN,NaN,NaN,NaN,NaN,NaN,NaN
11,NaN,NaN,NaN,NaN,NaN,NaN,NaN,NaN
1,NaN,NaN,NaN,NaN,NaN,NaN,NaN,NaN
2,NaN,NaN,NaN,NaN,NaN,NaN,NaN,NaN
3,NaN,NaN,NaN,NaN,NaN,NaN,NaN,NaN
4,NaN,NaN,NaN,NaN,NaN,NaN,NaN,NaN
5,NaN,NaN,NaN,NaN,NaN,NaN,NaN,NaN
6,NaN,NaN,NaN,NaN,NaN,NaN,NaN,NaN
7,NaN,NaN,NaN,NaN,NaN,NaN,NaN,NaN
8,NaN,NaN,NaN,NaN,NaN,NaN,NaN,NaN
9,NaN,NaN,NaN,NaN,NaN,NaN,NaN,NaN
10,NaN,NaN,NaN,NaN,NaN,NaN,NaN,NaN
11,NaN,NaN,NaN,NaN,NaN,NaN,NaN,NaN
1,NaN,NaN,NaN,NaN,NaN,NaN,NaN,NaN
2,NaN,NaN,NaN,NaN,NaN,NaN,NaN,NaN
3,NaN,NaN,NaN,NaN,NaN,NaN,NaN,NaN
4,NaN,NaN,NaN,NaN,NaN,NaN,NaN,NaN
5,NaN,NaN,NaN,NaN,NaN,NaN,NaN,NaN
6,NaN,NaN,NaN,NaN,NaN,NaN,NaN,NaN
7,NaN,NaN,NaN,NaN,NaN,NaN,NaN,NaN
8,NaN,NaN,NaN,NaN,NaN,NaN,NaN,NaN
9,NaN,NaN,NaN,NaN,NaN,NaN,NaN,NaN
10,NaN,NaN,NaN,NaN,NaN,NaN,NaN,NaN
11,NaN,NaN,NaN,NaN,NaN,NaN,NaN,NaN
1,NaN,NaN,NaN,NaN,NaN,NaN,NaN,NaN
2,NaN,NaN,NaN,NaN,NaN,NaN,NaN,NaN
3,NaN,NaN,NaN,NaN,NaN,NaN,NaN,NaN
4,NaN,NaN,NaN,NaN,NaN,NaN,NaN,NaN
5,NaN,NaN,NaN,NaN,NaN,NaN,NaN,NaN
6,NaN,NaN,NaN,NaN,NaN,NaN,NaN,NaN
7,NaN,NaN,NaN,NaN,NaN,NaN,NaN,NaN
8,NaN,NaN,NaN,NaN,NaN,NaN,NaN,NaN
9,NaN,NaN,NaN,NaN,NaN,NaN,NaN,NaN
10,NaN,NaN,NaN,NaN,NaN,NaN,NaN,NaN
11,NaN,NaN,NaN,NaN,NaN,NaN,NaN,NaN
1,NaN,NaN,NaN,NaN,NaN,NaN,NaN,NaN
2,NaN,NaN,NaN,NaN,NaN,NaN,NaN,NaN
3,NaN,NaN,NaN,NaN,NaN,NaN,NaN,NaN
4,NaN,NaN,NaN,NaN,NaN,NaN,NaN,NaN
5,NaN,NaN,NaN,NaN,NaN,NaN,NaN,NaN
6,NaN,NaN,NaN,NaN,NaN,NaN,NaN,NaN
7,NaN,NaN,NaN,NaN,NaN,NaN,NaN,NaN
8,NaN,NaN,NaN,NaN,NaN,NaN,NaN,NaN
9,NaN,NaN,NaN,NaN,NaN,NaN,NaN,NaN
10,NaN,NaN,NaN,NaN,NaN,NaN,NaN,NaN
11,NaN,NaN,NaN,NaN,NaN,NaN,NaN,NaN
1,NaN,NaN,NaN,NaN,NaN,NaN,NaN,NaN
2,NaN,NaN,NaN,NaN,NaN,NaN,NaN,NaN
3,NaN,NaN,NaN,NaN,NaN,NaN,NaN,NaN
4,NaN,NaN,NaN,NaN,NaN,NaN,NaN,NaN
5,NaN,NaN,NaN,NaN,NaN,NaN,NaN,NaN
6,NaN,NaN,NaN,NaN,NaN,NaN,NaN,NaN
7,NaN,NaN,NaN,NaN,NaN,NaN,NaN,NaN
8,NaN,NaN,NaN,NaN,NaN,NaN,NaN,NaN
9,NaN,NaN,NaN,NaN,NaN,NaN,NaN,NaN
10,NaN,NaN,NaN,NaN,NaN,NaN,NaN,NaN
11,NaN,NaN,NaN,NaN,NaN,NaN,NaN,NaN
1,NaN,NaN,NaN,NaN,NaN,NaN,NaN,NaN
2,NaN,NaN,NaN,NaN,NaN,NaN,NaN,NaN
3,NaN,NaN,NaN,NaN,NaN,NaN,NaN,NaN
4,NaN,NaN,NaN,NaN,NaN,NaN,NaN,NaN
5,NaN,NaN,NaN,NaN,NaN,NaN,NaN,NaN
6,NaN,NaN,NaN,NaN,NaN,NaN,NaN,NaN
7,NaN,NaN,NaN,NaN,NaN,NaN,NaN,NaN
8,NaN,NaN,NaN,NaN,NaN,NaN,NaN,NaN
9,NaN,NaN,NaN,NaN,NaN,NaN,NaN,NaN
10,NaN,NaN,NaN,NaN,NaN,NaN,NaN,NaN
11,NaN,NaN,NaN,NaN,NaN,NaN,NaN,NaN
1,NaN,NaN,NaN,NaN,NaN,NaN,NaN,NaN
2,NaN,NaN,NaN,NaN,NaN,NaN,NaN,NaN
3,NaN,NaN,NaN,NaN,NaN,NaN,NaN,NaN
4,NaN,NaN,NaN,NaN,NaN,NaN,NaN,NaN
5,NaN,NaN,NaN,NaN,NaN,NaN,NaN,NaN
6,NaN,NaN,NaN,NaN,NaN,NaN,NaN,NaN
7,NaN,NaN,NaN,NaN,NaN,NaN,NaN,NaN
8,NaN,NaN,NaN,NaN,NaN,NaN,NaN,NaN
9,NaN,NaN,NaN,NaN,NaN,NaN,NaN,NaN
10,NaN,NaN,NaN,NaN,NaN,NaN,NaN,NaN
11,NaN,NaN,NaN,NaN,NaN,NaN,NaN,NaN
1,NaN,NaN,NaN,NaN,NaN,NaN,NaN,NaN
2,NaN,NaN,NaN,NaN,NaN,NaN,NaN,NaN
3,NaN,NaN,NaN,NaN,NaN,NaN,NaN,NaN
4,NaN,NaN,NaN,NaN,NaN,NaN,NaN,NaN
5,NaN,NaN,NaN,NaN,NaN,NaN,NaN,NaN
6,NaN,NaN,NaN,NaN,NaN,NaN,NaN,NaN
7,NaN,NaN,NaN,NaN,NaN,NaN,NaN,NaN
8,NaN,NaN,NaN,NaN,NaN,NaN,NaN,NaN
9,NaN,NaN,NaN,NaN,NaN,NaN,NaN,NaN
10,NaN,NaN,NaN,NaN,NaN,NaN,NaN,NaN
11,NaN,NaN,NaN,NaN,NaN,NaN,NaN,NaN
1,NaN,NaN,NaN,NaN,NaN,NaN,NaN,NaN
2,NaN,NaN,NaN,NaN,NaN,NaN,NaN,NaN
3,NaN,NaN,NaN,NaN,NaN,NaN,NaN,NaN
4,NaN,NaN,NaN,NaN,NaN,NaN,NaN,NaN
5,NaN,NaN,NaN,NaN,NaN,NaN,NaN,NaN
6,NaN,NaN,NaN,NaN,NaN,NaN,NaN,NaN
7,NaN,NaN,NaN,NaN,NaN,NaN,NaN,NaN
8,NaN,NaN,NaN,NaN,NaN,NaN,NaN,NaN
9,NaN,NaN,NaN,NaN,NaN,NaN,NaN,NaN
10,NaN,NaN,NaN,NaN,NaN,NaN,NaN,NaN
11,NaN,NaN,NaN,NaN,NaN,NaN,NaN,NaN
1,NaN,NaN,NaN,NaN,NaN,NaN,NaN,NaN
2,NaN,NaN,NaN,NaN,NaN,NaN,NaN,NaN
3,NaN,NaN,NaN,NaN,NaN,NaN,NaN,NaN
4,NaN,NaN,NaN,NaN,NaN,NaN,NaN,NaN
5,NaN,NaN,NaN,NaN,NaN,NaN,NaN,NaN
6,NaN,NaN,NaN,NaN,NaN,NaN,NaN,NaN
7,NaN,NaN,NaN,NaN,NaN,NaN,NaN,NaN
8,NaN,NaN,NaN,NaN,NaN,NaN,NaN,NaN
9,NaN,NaN,NaN,NaN,NaN,NaN,NaN,NaN
10,NaN,NaN,NaN,NaN,NaN,NaN,NaN,NaN
11,NaN,NaN,NaN,NaN,NaN,NaN,NaN,NaN
1,NaN,NaN,NaN,NaN,NaN,NaN,NaN,NaN
2,NaN,NaN,NaN,NaN,NaN,NaN,NaN,NaN
3,NaN,NaN,NaN,NaN,NaN,NaN,NaN,NaN
4,NaN,NaN,NaN,NaN,NaN,NaN,NaN,NaN
5,NaN,NaN,NaN,NaN,NaN,NaN,NaN,NaN
6,NaN,NaN,NaN,NaN,NaN,NaN,NaN,NaN
7,NaN,NaN,NaN,NaN,NaN,NaN,NaN,NaN
8,NaN,NaN,NaN,NaN,NaN,NaN,NaN,NaN
9,NaN,NaN,NaN,NaN,NaN,NaN,NaN,NaN
10,NaN,NaN,NaN,NaN,NaN,NaN,NaN,NaN
11,NaN,NaN,NaN,NaN,NaN,NaN,NaN,NaN
1,NaN,NaN,NaN,NaN,NaN,NaN,NaN,NaN
2,NaN,NaN,NaN,NaN,NaN,NaN,NaN,NaN
3,NaN,NaN,NaN,NaN,NaN,NaN,NaN,NaN
4,NaN,NaN,NaN,NaN,NaN,NaN,NaN,NaN
5,NaN,NaN,NaN,NaN,NaN,NaN,NaN,NaN
6,NaN,NaN,NaN,NaN,NaN,NaN,NaN,NaN
7,NaN,NaN,NaN,NaN,NaN,NaN,NaN,NaN
8,NaN,NaN,NaN,NaN,NaN,NaN,NaN,NaN
9,NaN,NaN,NaN,NaN,NaN,NaN,NaN,NaN
10,NaN,NaN,NaN,NaN,NaN,NaN,NaN,NaN
11,NaN,NaN,NaN,NaN,NaN,NaN,NaN,NaN
1,NaN,NaN,NaN,NaN,NaN,NaN,NaN,NaN
2,NaN,NaN,NaN,NaN,NaN,NaN,NaN,NaN
3,NaN,NaN,NaN,NaN,NaN,NaN,NaN,NaN
4,NaN,NaN,NaN,NaN,NaN,NaN,NaN,NaN
5,NaN,NaN,NaN,NaN,NaN,NaN,NaN,NaN
6,NaN,NaN,NaN,NaN,NaN,NaN,NaN,NaN
7,NaN,NaN,NaN,NaN,NaN,NaN,NaN,NaN
8,NaN,NaN,NaN,NaN,NaN,NaN,NaN,NaN
9,NaN,NaN,NaN,NaN,NaN,NaN,NaN,NaN
10,NaN,NaN,NaN,NaN,NaN,NaN,NaN,NaN
11,NaN,NaN,NaN,NaN,NaN,NaN,NaN,NaN
1,NaN,NaN,NaN,NaN,NaN,NaN,NaN,NaN
2,NaN,NaN,NaN,NaN,NaN,NaN,NaN,NaN
3,NaN,NaN,NaN,NaN,NaN,NaN,NaN,NaN
4,NaN,NaN,NaN,NaN,NaN,NaN,NaN,NaN
5,NaN,NaN,NaN,NaN,NaN,NaN,NaN,NaN
6,NaN,NaN,NaN,NaN,NaN,NaN,NaN,NaN
7,NaN,NaN,NaN,NaN,NaN,NaN,NaN,NaN
8,NaN,NaN,NaN,NaN,NaN,NaN,NaN,NaN
9,NaN,NaN,NaN,NaN,NaN,NaN,NaN,NaN
10,NaN,NaN,NaN,NaN,NaN,NaN,NaN,NaN
11,NaN,NaN,NaN,NaN,NaN,NaN,NaN,NaN
1,NaN,NaN,NaN,NaN,NaN,NaN,NaN,NaN
2,NaN,NaN,NaN,NaN,NaN,NaN,NaN,NaN
3,NaN,NaN,NaN,NaN,NaN,NaN,NaN,NaN
4,NaN,NaN,NaN,NaN,NaN,NaN,NaN,NaN
5,NaN,NaN,NaN,NaN,NaN,NaN,NaN,NaN
6,NaN,NaN,NaN,NaN,NaN,NaN,NaN,NaN
7,NaN,NaN,NaN,NaN,NaN,NaN,NaN,NaN
8,NaN,NaN,NaN,NaN,NaN,NaN,NaN,NaN
9,NaN,NaN,NaN,NaN,NaN,NaN,NaN,NaN
10,NaN,NaN,NaN,NaN,NaN,NaN,NaN,NaN
11,NaN,NaN,NaN,NaN,NaN,NaN,NaN,NaN
1,NaN,NaN,NaN,NaN,NaN,NaN,NaN,NaN
2,NaN,NaN,NaN,NaN,NaN,NaN,NaN,NaN
3,NaN,NaN,NaN,NaN,NaN,NaN,NaN,NaN
4,NaN,NaN,NaN,NaN,NaN,NaN,NaN,NaN
5,NaN,NaN,NaN,NaN,NaN,NaN,NaN,NaN
6,NaN,NaN,NaN,NaN,NaN,NaN,NaN,NaN
7,NaN,NaN,NaN,NaN,NaN,NaN,NaN,NaN
8,NaN,NaN,NaN,NaN,NaN,NaN,NaN,NaN
9,NaN,NaN,NaN,NaN,NaN,NaN,NaN,NaN
10,NaN,NaN,NaN,NaN,NaN,NaN,NaN,NaN
11,NaN,NaN,NaN,NaN,NaN,NaN,NaN,NaN
1,NaN,NaN,NaN,NaN,NaN,NaN,NaN,NaN
2,NaN,NaN,NaN,NaN,NaN,NaN,NaN,NaN
3,NaN,NaN,NaN,NaN,NaN,NaN,NaN,NaN
4,NaN,NaN,NaN,NaN,NaN,NaN,NaN,NaN
5,NaN,NaN,NaN,NaN,NaN,NaN,NaN,NaN
6,NaN,NaN,NaN,NaN,NaN,NaN,NaN,NaN
7,NaN,NaN,NaN,NaN,NaN,NaN,NaN,NaN
8,NaN,NaN,NaN,NaN,NaN,NaN,NaN,NaN
9,NaN,NaN,NaN,NaN,NaN,NaN,NaN,NaN
10,NaN,NaN,NaN,NaN,NaN,NaN,NaN,NaN
11,NaN,NaN,NaN,NaN,NaN,NaN,NaN,NaN
1,NaN,NaN,NaN,NaN,NaN,NaN,NaN,NaN
2,NaN,NaN,NaN,NaN,NaN,NaN,NaN,NaN
3,NaN,NaN,NaN,NaN,NaN,NaN,NaN,NaN
4,NaN,NaN,NaN,NaN,NaN,NaN,NaN,NaN
5,NaN,NaN,NaN,NaN,NaN,NaN,NaN,NaN
6,NaN,NaN,NaN,NaN,NaN,NaN,NaN,NaN
7,NaN,NaN,NaN,NaN,NaN,NaN,NaN,NaN
8,NaN,NaN,NaN,NaN,NaN,NaN,NaN,NaN
9,NaN,NaN,NaN,NaN,NaN,NaN,NaN,NaN
10,NaN,NaN,NaN,NaN,NaN,NaN,NaN,NaN
11,NaN,NaN,NaN,NaN,NaN,NaN,NaN,NaN
1,NaN,NaN,NaN,NaN,NaN,NaN,NaN,NaN
2,NaN,NaN,NaN,NaN,NaN,NaN,NaN,NaN
3,NaN,NaN,NaN,NaN,NaN,NaN,NaN,NaN
4,NaN,NaN,NaN,NaN,NaN,NaN,NaN,NaN
5,NaN,NaN,NaN,NaN,NaN,NaN,NaN,NaN
6,NaN,NaN,NaN,NaN,NaN,NaN,NaN,NaN
7,NaN,NaN,NaN,NaN,NaN,NaN,NaN,NaN
8,NaN,NaN,NaN,NaN,NaN,NaN,NaN,NaN
9,NaN,NaN,NaN,NaN,NaN,NaN,NaN,NaN
10,NaN,NaN,NaN,NaN,NaN,NaN,NaN,NaN
11,NaN,NaN,NaN,NaN,NaN,NaN,NaN,NaN
1,NaN,NaN,NaN,NaN,NaN,NaN,NaN,NaN
2,NaN,NaN,NaN,NaN,NaN,NaN,NaN,NaN
3,NaN,NaN,NaN,NaN,NaN,NaN,NaN,NaN
4,NaN,NaN,NaN,NaN,NaN,NaN,NaN,NaN
5,NaN,NaN,NaN,NaN,NaN,NaN,NaN,NaN
6,NaN,NaN,NaN,NaN,NaN,NaN,NaN,NaN
7,NaN,NaN,NaN,NaN,NaN,NaN,NaN,NaN
8,NaN,NaN,NaN,NaN,NaN,NaN,NaN,NaN
9,NaN,NaN,NaN,NaN,NaN,NaN,NaN,NaN
10,NaN,NaN,NaN,NaN,NaN,NaN,NaN,NaN
11,NaN,NaN,NaN,NaN,NaN,NaN,NaN,NaN
1,NaN,NaN,NaN,NaN,NaN,NaN,NaN,NaN
2,NaN,NaN,NaN,NaN,NaN,NaN,NaN,NaN
3,NaN,NaN,NaN,NaN,NaN,NaN,NaN,NaN
4,NaN,NaN,NaN,NaN,NaN,NaN,NaN,NaN
5,NaN,NaN,NaN,NaN,NaN,NaN,NaN,NaN
6,NaN,NaN,NaN,NaN,NaN,NaN,NaN,NaN
7,NaN,NaN,NaN,NaN,NaN,NaN,NaN,NaN
8,NaN,NaN,NaN,NaN,NaN,NaN,NaN,NaN
9,NaN,NaN,NaN,NaN,NaN,NaN,NaN,NaN
10,NaN,NaN,NaN,NaN,NaN,NaN,NaN,NaN
11,NaN,NaN,NaN,NaN,NaN,NaN,NaN,NaN
1,NaN,NaN,NaN,NaN,NaN,NaN,NaN,NaN
2,NaN,NaN,NaN,NaN,NaN,NaN,NaN,NaN
3,NaN,NaN,NaN,NaN,NaN,NaN,NaN,NaN
4,NaN,NaN,NaN,NaN,NaN,NaN,NaN,NaN
5,NaN,NaN,NaN,NaN,NaN,NaN,NaN,NaN
6,NaN,NaN,NaN,NaN,NaN,NaN,NaN,NaN
7,NaN,NaN,NaN,NaN,NaN,NaN,NaN,NaN
8,NaN,NaN,NaN,NaN,NaN,NaN,NaN,NaN
9,NaN,NaN,NaN,NaN,NaN,NaN,NaN,NaN
10,NaN,NaN,NaN,NaN,NaN,NaN,NaN,NaN
11,NaN,NaN,NaN,NaN,NaN,NaN,NaN,NaN
1,NaN,NaN,NaN,NaN,NaN,NaN,NaN,NaN
2,NaN,NaN,NaN,NaN,NaN,NaN,NaN,NaN
3,NaN,NaN,NaN,NaN,NaN,NaN,NaN,NaN
4,NaN,NaN,NaN,NaN,NaN,NaN,NaN,NaN
5,NaN,NaN,NaN,NaN,NaN,NaN,NaN,NaN
6,NaN,NaN,NaN,NaN,NaN,NaN,NaN,NaN
7,NaN,NaN,NaN,NaN,NaN,NaN,NaN,NaN
8,NaN,NaN,NaN,NaN,NaN,NaN,NaN,NaN
9,NaN,NaN,NaN,NaN,NaN,NaN,NaN,NaN
10,NaN,NaN,NaN,NaN,NaN,NaN,NaN,NaN
11,NaN,NaN,NaN,NaN,NaN,NaN,NaN,NaN
1,NaN,NaN,NaN,NaN,NaN,NaN,NaN,NaN
2,NaN,NaN,NaN,NaN,NaN,NaN,NaN,NaN
3,NaN,NaN,NaN,NaN,NaN,NaN,NaN,NaN
4,NaN,NaN,NaN,NaN,NaN,NaN,NaN,NaN
5,NaN,NaN,NaN,NaN,NaN,NaN,NaN,NaN
6,NaN,NaN,NaN,NaN,NaN,NaN,NaN,NaN
7,NaN,NaN,NaN,NaN,NaN,NaN,NaN,NaN
8,NaN,NaN,NaN,NaN,NaN,NaN,NaN,NaN
9,NaN,NaN,NaN,NaN,NaN,NaN,NaN,NaN
10,NaN,NaN,NaN,NaN,NaN,NaN,NaN,NaN
11,NaN,NaN,NaN,NaN,NaN,NaN,NaN,NaN
1,NaN,NaN,NaN,NaN,NaN,NaN,NaN,NaN
2,NaN,NaN,NaN,NaN,NaN,NaN,NaN,NaN
3,NaN,NaN,NaN,NaN,NaN,NaN,NaN,NaN
4,NaN,NaN,NaN,NaN,NaN,NaN,NaN,NaN
5,NaN,NaN,NaN,NaN,NaN,NaN,NaN,NaN
6,NaN,NaN,NaN,NaN,NaN,NaN,NaN,NaN
7,NaN,NaN,NaN,NaN,NaN,NaN,NaN,NaN
8,NaN,NaN,NaN,NaN,NaN,NaN,NaN,NaN
9,NaN,NaN,NaN,NaN,NaN,NaN,NaN,NaN
10,NaN,NaN,NaN,NaN,NaN,NaN,NaN,NaN
11,NaN,NaN,NaN,NaN,NaN,NaN,NaN,NaN
1,NaN,NaN,NaN,NaN,NaN,NaN,NaN,NaN
2,NaN,NaN,NaN,NaN,NaN,NaN,NaN,NaN
3,NaN,NaN,NaN,NaN,NaN,NaN,NaN,NaN
4,NaN,NaN,NaN,NaN,NaN,NaN,NaN,NaN
5,NaN,NaN,NaN,NaN,NaN,NaN,NaN,NaN
6,NaN,NaN,NaN,NaN,NaN,NaN,NaN,NaN
7,NaN,NaN,NaN,NaN,NaN,NaN,NaN,NaN
8,NaN,NaN,NaN,NaN,NaN,NaN,NaN,NaN
9,NaN,NaN,NaN,NaN,NaN,NaN,NaN,NaN
10,NaN,NaN,NaN,NaN,NaN,NaN,NaN,NaN
11,NaN,NaN,NaN,NaN,NaN,NaN,NaN,NaN
1,NaN,NaN,NaN,NaN,NaN,NaN,NaN,NaN
2,NaN,NaN,NaN,NaN,NaN,NaN,NaN,NaN
3,NaN,NaN,NaN,NaN,NaN,NaN,NaN,NaN
4,NaN,NaN,NaN,NaN,NaN,NaN,NaN,NaN
5,NaN,NaN,NaN,NaN,NaN,NaN,NaN,NaN
6,NaN,NaN,NaN,NaN,NaN,NaN,NaN,NaN
7,NaN,NaN,NaN,NaN,NaN,NaN,NaN,NaN
8,NaN,NaN,NaN,NaN,NaN,NaN,NaN,NaN
9,NaN,NaN,NaN,NaN,NaN,NaN,NaN,NaN
10,NaN,NaN,NaN,NaN,NaN,NaN,NaN,NaN
11,NaN,NaN,NaN,NaN,NaN,NaN,NaN,NaN
1,NaN,NaN,NaN,NaN,NaN,NaN,NaN,NaN
2,NaN,NaN,NaN,NaN,NaN,NaN,NaN,NaN
3,NaN,NaN,NaN,NaN,NaN,NaN,NaN,NaN
4,NaN,NaN,NaN,NaN,NaN,NaN,NaN,NaN
5,NaN,NaN,NaN,NaN,NaN,NaN,NaN,NaN
6,NaN,NaN,NaN,NaN,NaN,NaN,NaN,NaN
7,NaN,NaN,NaN,NaN,NaN,NaN,NaN,NaN
8,NaN,NaN,NaN,NaN,NaN,NaN,NaN,NaN
9,NaN,NaN,NaN,NaN,NaN,NaN,NaN,NaN
10,NaN,NaN,NaN,NaN,NaN,NaN,NaN,NaN
11,NaN,NaN,NaN,NaN,NaN,NaN,NaN,NaN
1,NaN,NaN,NaN,NaN,NaN,NaN,NaN,NaN
2,NaN,NaN,NaN,NaN,NaN,NaN,NaN,NaN
3,NaN,NaN,NaN,NaN,NaN,NaN,NaN,NaN
4,NaN,NaN,NaN,NaN,NaN,NaN,NaN,NaN
5,NaN,NaN,NaN,NaN,NaN,NaN,NaN,NaN
6,NaN,NaN,NaN,NaN,NaN,NaN,NaN,NaN
7,NaN,NaN,NaN,NaN,NaN,NaN,NaN,NaN
8,NaN,NaN,NaN,NaN,NaN,NaN,NaN,NaN
9,NaN,NaN,NaN,NaN,NaN,NaN,NaN,NaN
10,NaN,NaN,NaN,NaN,NaN,NaN,NaN,NaN
11,NaN,NaN,NaN,NaN,NaN,NaN,NaN,NaN
1,NaN,NaN,NaN,NaN,NaN,NaN,NaN,NaN
2,NaN,NaN,NaN,NaN,NaN,NaN,NaN,NaN
3,NaN,NaN,NaN,NaN,NaN,NaN,NaN,NaN
4,NaN,NaN,NaN,NaN,NaN,NaN,NaN,NaN
5,NaN,NaN,NaN,NaN,NaN,NaN,NaN,NaN
6,NaN,NaN,NaN,NaN,NaN,NaN,NaN,NaN
7,NaN,NaN,NaN,NaN,NaN,NaN,NaN,NaN
8,NaN,NaN,NaN,NaN,NaN,NaN,NaN,NaN
9,NaN,NaN,NaN,NaN,NaN,NaN,NaN,NaN
10,NaN,NaN,NaN,NaN,NaN,NaN,NaN,NaN
11,NaN,NaN,NaN,NaN,NaN,NaN,NaN,NaN
1,NaN,NaN,NaN,NaN,NaN,NaN,NaN,NaN
2,NaN,NaN,NaN,NaN,NaN,NaN,NaN,NaN
3,NaN,NaN,NaN,NaN,NaN,NaN,NaN,NaN
4,NaN,NaN,NaN,NaN,NaN,NaN,NaN,NaN
5,NaN,NaN,NaN,NaN,NaN,NaN,NaN,NaN
6,NaN,NaN,NaN,NaN,NaN,NaN,NaN,NaN
7,NaN,NaN,NaN,NaN,NaN,NaN,NaN,NaN
8,NaN,NaN,NaN,NaN,NaN,NaN,NaN,NaN
9,NaN,NaN,NaN,NaN,NaN,NaN,NaN,NaN
10,NaN,NaN,NaN,NaN,NaN,NaN,NaN,NaN
11,NaN,NaN,NaN,NaN,NaN,NaN,NaN,NaN
1,NaN,NaN,NaN,NaN,NaN,NaN,NaN,NaN
2,NaN,NaN,NaN,NaN,NaN,NaN,NaN,NaN
3,NaN,NaN,NaN,NaN,NaN,NaN,NaN,NaN
4,NaN,NaN,NaN,NaN,NaN,NaN,NaN,NaN
5,NaN,NaN,NaN,NaN,NaN,NaN,NaN,NaN
6,NaN,NaN,NaN,NaN,NaN,NaN,NaN,NaN
7,NaN,NaN,NaN,NaN,NaN,NaN,NaN,NaN
8,NaN,NaN,NaN,NaN,NaN,NaN,NaN,NaN
9,NaN,NaN,NaN,NaN,NaN,NaN,NaN,NaN
10,NaN,NaN,NaN,NaN,NaN,NaN,NaN,NaN
11,NaN,NaN,NaN,NaN,NaN,NaN,NaN,NaN
1,NaN,NaN,NaN,NaN,NaN,NaN,NaN,NaN
2,NaN,NaN,NaN,NaN,NaN,NaN,NaN,NaN
3,NaN,NaN,NaN,NaN,NaN,NaN,NaN,NaN
4,NaN,NaN,NaN,NaN,NaN,NaN,NaN,NaN
5,NaN,NaN,NaN,NaN,NaN,NaN,NaN,NaN
6,NaN,NaN,NaN,NaN,NaN,NaN,NaN,NaN
7,NaN,NaN,NaN,NaN,NaN,NaN,NaN,NaN
8,NaN,NaN,NaN,NaN,NaN,NaN,NaN,NaN
9,NaN,NaN,NaN,NaN,NaN,NaN,NaN,NaN
10,NaN,NaN,NaN,NaN,NaN,NaN,NaN,NaN
11,NaN,NaN,NaN,NaN,NaN,NaN,NaN,NaN
1,NaN,NaN,NaN,NaN,NaN,NaN,NaN,NaN
2,NaN,NaN,NaN,NaN,NaN,NaN,NaN,NaN
3,NaN,NaN,NaN,NaN,NaN,NaN,NaN,NaN
4,NaN,NaN,NaN,NaN,NaN,NaN,NaN,NaN
5,NaN,NaN,NaN,NaN,NaN,NaN,NaN,NaN
6,NaN,NaN,NaN,NaN,NaN,NaN,NaN,NaN
7,NaN,NaN,NaN,NaN,NaN,NaN,NaN,NaN
8,NaN,NaN,NaN,NaN,NaN,NaN,NaN,NaN
9,NaN,NaN,NaN,NaN,NaN,NaN,NaN,NaN
10,NaN,NaN,NaN,NaN,NaN,NaN,NaN,NaN
11,NaN,NaN,NaN,NaN,NaN,NaN,NaN,NaN
1,NaN,NaN,NaN,NaN,NaN,NaN,NaN,NaN
2,NaN,NaN,NaN,NaN,NaN,NaN,NaN,NaN
3,NaN,NaN,NaN,NaN,NaN,NaN,NaN,NaN
4,NaN,NaN,NaN,NaN,NaN,NaN,NaN,NaN
5,NaN,NaN,NaN,NaN,NaN,NaN,NaN,NaN
6,NaN,NaN,NaN,NaN,NaN,NaN,NaN,NaN
7,NaN,NaN,NaN,NaN,NaN,NaN,NaN,NaN
8,NaN,NaN,NaN,NaN,NaN,NaN,NaN,NaN
9,NaN,NaN,NaN,NaN,NaN,NaN,NaN,NaN
10,NaN,NaN,NaN,NaN,NaN,NaN,NaN,NaN
11,NaN,NaN,NaN,NaN,NaN,NaN,NaN,NaN
1,NaN,NaN,NaN,NaN,NaN,NaN,NaN,NaN
2,NaN,NaN,NaN,NaN,NaN,NaN,NaN,NaN
3,NaN,NaN,NaN,NaN,NaN,NaN,NaN,NaN
4,NaN,NaN,NaN,NaN,NaN,NaN,NaN,NaN
5,NaN,NaN,NaN,NaN,NaN,NaN,NaN,NaN
6,NaN,NaN,NaN,NaN,NaN,NaN,NaN,NaN
7,NaN,NaN,NaN,NaN,NaN,NaN,NaN,NaN
8,NaN,NaN,NaN,NaN,NaN,NaN,NaN,NaN
9,NaN,NaN,NaN,NaN,NaN,NaN,NaN,NaN
10,NaN,NaN,NaN,NaN,NaN,NaN,NaN,NaN
11,NaN,NaN,NaN,NaN,NaN,NaN,NaN,NaN
1,NaN,NaN,NaN,NaN,NaN,NaN,NaN,NaN
2,NaN,NaN,NaN,NaN,NaN,NaN,NaN,NaN
3,NaN,NaN,NaN,NaN,NaN,NaN,NaN,NaN
4,NaN,NaN,NaN,NaN,NaN,NaN,NaN,NaN
5,NaN,NaN,NaN,NaN,NaN,NaN,NaN,NaN
6,NaN,NaN,NaN,NaN,NaN,NaN,NaN,NaN
7,NaN,NaN,NaN,NaN,NaN,NaN,NaN,NaN
8,NaN,NaN,NaN,NaN,NaN,NaN,NaN,NaN
9,NaN,NaN,NaN,NaN,NaN,NaN,NaN,NaN
10,NaN,NaN,NaN,NaN,NaN,NaN,NaN,NaN
11,NaN,NaN,NaN,NaN,NaN,NaN,NaN,NaN
1,NaN,NaN,NaN,NaN,NaN,NaN,NaN,NaN
2,NaN,NaN,NaN,NaN,NaN,NaN,NaN,NaN
3,NaN,NaN,NaN,NaN,NaN,NaN,NaN,NaN
4,NaN,NaN,NaN,NaN,NaN,NaN,NaN,NaN
5,NaN,NaN,NaN,NaN,NaN,NaN,NaN,NaN
6,NaN,NaN,NaN,NaN,NaN,NaN,NaN,NaN
7,NaN,NaN,NaN,NaN,NaN,NaN,NaN,NaN
8,NaN,NaN,NaN,NaN,NaN,NaN,NaN,NaN
9,NaN,NaN,NaN,NaN,NaN,NaN,NaN,NaN
10,NaN,NaN,NaN,NaN,NaN,NaN,NaN,NaN
11,NaN,NaN,NaN,NaN,NaN,NaN,NaN,NaN
1,NaN,NaN,NaN,NaN,NaN,NaN,NaN,NaN
2,NaN,NaN,NaN,NaN,NaN,NaN,NaN,NaN
3,NaN,NaN,NaN,NaN,NaN,NaN,NaN,NaN
4,NaN,NaN,NaN,NaN,NaN,NaN,NaN,NaN
5,NaN,NaN,NaN,NaN,NaN,NaN,NaN,NaN
6,NaN,NaN,NaN,NaN,NaN,NaN,NaN,NaN
7,NaN,NaN,NaN,NaN,NaN,NaN,NaN,NaN
8,NaN,NaN,NaN,NaN,NaN,NaN,NaN,NaN
9,NaN,NaN,NaN,NaN,NaN,NaN,NaN,NaN
10,NaN,NaN,NaN,NaN,NaN,NaN,NaN,NaN
11,NaN,NaN,NaN,NaN,NaN,NaN,NaN,NaN
1,NaN,NaN,NaN,NaN,NaN,NaN,NaN,NaN
2,NaN,NaN,NaN,NaN,NaN,NaN,NaN,NaN
3,NaN,NaN,NaN,NaN,NaN,NaN,NaN,NaN
4,NaN,NaN,NaN,NaN,NaN,NaN,NaN,NaN
5,NaN,NaN,NaN,NaN,NaN,NaN,NaN,NaN
6,NaN,NaN,NaN,NaN,NaN,NaN,NaN,NaN
7,NaN,NaN,NaN,NaN,NaN,NaN,NaN,NaN
8,NaN,NaN,NaN,NaN,NaN,NaN,NaN,NaN
9,NaN,NaN,NaN,NaN,NaN,NaN,NaN,NaN
10,NaN,NaN,NaN,NaN,NaN,NaN,NaN,NaN
11,NaN,NaN,NaN,NaN,NaN,NaN,NaN,NaN
1,NaN,NaN,NaN,NaN,NaN,NaN,NaN,NaN
2,NaN,NaN,NaN,NaN,NaN,NaN,NaN,NaN
3,NaN,NaN,NaN,NaN,NaN,NaN,NaN,NaN
4,NaN,NaN,NaN,NaN,NaN,NaN,NaN,NaN
5,NaN,NaN,NaN,NaN,NaN,NaN,NaN,NaN
6,NaN,NaN,NaN,NaN,NaN,NaN,NaN,NaN
7,NaN,NaN,NaN,NaN,NaN,NaN,NaN,NaN
8,NaN,NaN,NaN,NaN,NaN,NaN,NaN,NaN
9,NaN,NaN,NaN,NaN,NaN,NaN,NaN,NaN
10,NaN,NaN,NaN,NaN,NaN,NaN,NaN,NaN
11,NaN,NaN,NaN,NaN,NaN,NaN,NaN,NaN
1,NaN,NaN,NaN,NaN,NaN,NaN,NaN,NaN
2,NaN,NaN,NaN,NaN,NaN,NaN,NaN,NaN
3,NaN,NaN,NaN,NaN,NaN,NaN,NaN,NaN
4,NaN,NaN,NaN,NaN,NaN,NaN,NaN,NaN
5,NaN,NaN,NaN,NaN,NaN,NaN,NaN,NaN
6,NaN,NaN,NaN,NaN,NaN,NaN,NaN,NaN
7,NaN,NaN,NaN,NaN,NaN,NaN,NaN,NaN
8,NaN,NaN,NaN,NaN,NaN,NaN,NaN,NaN
9,NaN,NaN,NaN,NaN,NaN,NaN,NaN,NaN
10,NaN,NaN,NaN,NaN,NaN,NaN,NaN,NaN
11,NaN,NaN,NaN,NaN,NaN,NaN,NaN,NaN
1,NaN,NaN,NaN,NaN,NaN,NaN,NaN,NaN
2,NaN,NaN,NaN,NaN,NaN,NaN,NaN,NaN
3,NaN,NaN,NaN,NaN,NaN,NaN,NaN,NaN
4,NaN,NaN,NaN,NaN,NaN,NaN,NaN,NaN
5,NaN,NaN,NaN,NaN,NaN,NaN,NaN,NaN
6,NaN,NaN,NaN,NaN,NaN,NaN,NaN,NaN
7,NaN,NaN,NaN,NaN,NaN,NaN,NaN,NaN
8,NaN,NaN,NaN,NaN,NaN,NaN,NaN,NaN
9,NaN,NaN,NaN,NaN,NaN,NaN,NaN,NaN
10,NaN,NaN,NaN,NaN,NaN,NaN,NaN,NaN
11,NaN,NaN,NaN,NaN,NaN,NaN,NaN,NaN
1,NaN,NaN,NaN,NaN,NaN,NaN,NaN,NaN
2,NaN,NaN,NaN,NaN,NaN,NaN,NaN,NaN
3,NaN,NaN,NaN,NaN,NaN,NaN,NaN,NaN
4,NaN,NaN,NaN,NaN,NaN,NaN,NaN,NaN
5,NaN,NaN,NaN,NaN,NaN,NaN,NaN,NaN
6,NaN,NaN,NaN,NaN,NaN,NaN,NaN,NaN
7,NaN,NaN,NaN,NaN,NaN,NaN,NaN,NaN
8,NaN,NaN,NaN,NaN,NaN,NaN,NaN,NaN
9,NaN,NaN,NaN,NaN,NaN,NaN,NaN,NaN
10,NaN,NaN,NaN,NaN,NaN,NaN,NaN,NaN
11,NaN,NaN,NaN,NaN,NaN,NaN,NaN,NaN
1,NaN,NaN,NaN,NaN,NaN,NaN,NaN,NaN
2,NaN,NaN,NaN,NaN,NaN,NaN,NaN,NaN
3,NaN,NaN,NaN,NaN,NaN,NaN,NaN,NaN
4,NaN,NaN,NaN,NaN,NaN,NaN,NaN,NaN
5,NaN,NaN,NaN,NaN,NaN,NaN,NaN,NaN
6,NaN,NaN,NaN,NaN,NaN,NaN,NaN,NaN
7,NaN,NaN,NaN,NaN,NaN,NaN,NaN,NaN
8,NaN,NaN,NaN,NaN,NaN,NaN,NaN,NaN
9,NaN,NaN,NaN,NaN,NaN,NaN,NaN,NaN
10,NaN,NaN,NaN,NaN,NaN,NaN,NaN,NaN
11,NaN,NaN,NaN,NaN,NaN,NaN,NaN,NaN
1,NaN,NaN,NaN,NaN,NaN,NaN,NaN,NaN
2,NaN,NaN,NaN,NaN,NaN,NaN,NaN,NaN
3,NaN,NaN,NaN,NaN,NaN,NaN,NaN,NaN
4,NaN,NaN,NaN,NaN,NaN,NaN,NaN,NaN
5,NaN,NaN,NaN,NaN,NaN,NaN,NaN,NaN
6,NaN,NaN,NaN,NaN,NaN,NaN,NaN,NaN
7,NaN,NaN,NaN,NaN,NaN,NaN,NaN,NaN
8,NaN,NaN,NaN,NaN,NaN,NaN,NaN,NaN
9,NaN,NaN,NaN,NaN,NaN,NaN,NaN,NaN
10,NaN,NaN,NaN,NaN,NaN,NaN,NaN,NaN
11,NaN,NaN,NaN,NaN,NaN,NaN,NaN,NaN
1,NaN,NaN,NaN,NaN,NaN,NaN,NaN,NaN
2,NaN,NaN,NaN,NaN,NaN,NaN,NaN,NaN
3,NaN,NaN,NaN,NaN,NaN,NaN,NaN,NaN
4,NaN,NaN,NaN,NaN,NaN,NaN,NaN,NaN
5,NaN,NaN,NaN,NaN,NaN,NaN,NaN,NaN
6,NaN,NaN,NaN,NaN,NaN,NaN,NaN,NaN
7,NaN,NaN,NaN,NaN,NaN,NaN,NaN,NaN
8,NaN,NaN,NaN,NaN,NaN,NaN,NaN,NaN
9,NaN,NaN,NaN,NaN,NaN,NaN,NaN,NaN
10,NaN,NaN,NaN,NaN,NaN,NaN,NaN,NaN
11,NaN,NaN,NaN,NaN,NaN,NaN,NaN,NaN
1,NaN,NaN,NaN,NaN,NaN,NaN,NaN,NaN
2,NaN,NaN,NaN,NaN,NaN,NaN,NaN,NaN
3,NaN,NaN,NaN,NaN,NaN,NaN,NaN,NaN
4,NaN,NaN,NaN,NaN,NaN,NaN,NaN,NaN
5,NaN,NaN,NaN,NaN,NaN,NaN,NaN,NaN
6,NaN,NaN,NaN,NaN,NaN,NaN,NaN,NaN
7,NaN,NaN,NaN,NaN,NaN,NaN,NaN,NaN
8,NaN,NaN,NaN,NaN,NaN,NaN,NaN,NaN
9,NaN,NaN,NaN,NaN,NaN,NaN,NaN,NaN
10,NaN,NaN,NaN,NaN,NaN,NaN,NaN,NaN
11,NaN,NaN,NaN,NaN,NaN,NaN,NaN,NaN
1,NaN,NaN,NaN,NaN,NaN,NaN,NaN,NaN
2,NaN,NaN,NaN,NaN,NaN,NaN,NaN,NaN
3,NaN,NaN,NaN,NaN,NaN,NaN,NaN,NaN
4,NaN,NaN,NaN,NaN,NaN,NaN,NaN,NaN
5,NaN,NaN,NaN,NaN,NaN,NaN,NaN,NaN
6,NaN,NaN,NaN,NaN,NaN,NaN,NaN,NaN
7,NaN,NaN,NaN,NaN,NaN,NaN,NaN,NaN
8,NaN,NaN,NaN,NaN,NaN,NaN,NaN,NaN
9,NaN,NaN,NaN,NaN,NaN,NaN,NaN,NaN
10,NaN,NaN,NaN,NaN,NaN,NaN,NaN,NaN
11,NaN,NaN,NaN,NaN,NaN,NaN,NaN,NaN
1,NaN,NaN,NaN,NaN,NaN,NaN,NaN,NaN
2,NaN,NaN,NaN,NaN,NaN,NaN,NaN,NaN
3,NaN,NaN,NaN,NaN,NaN,NaN,NaN,NaN
4,NaN,NaN,NaN,NaN,NaN,NaN,NaN,NaN
5,NaN,NaN,NaN,NaN,NaN,NaN,NaN,NaN
6,NaN,NaN,NaN,NaN,NaN,NaN,NaN,NaN
7,NaN,NaN,NaN,NaN,NaN,NaN,NaN,NaN
8,NaN,NaN,NaN,NaN,NaN,NaN,NaN,NaN
9,NaN,NaN,NaN,NaN,NaN,NaN,NaN,NaN
10,NaN,NaN,NaN,NaN,NaN,NaN,NaN,NaN
11,NaN,NaN,NaN,NaN,NaN,NaN,NaN,NaN
1,NaN,NaN,NaN,NaN,NaN,NaN,NaN,NaN
2,NaN,NaN,NaN,NaN,NaN,NaN,NaN,NaN
3,NaN,NaN,NaN,NaN,NaN,NaN,NaN,NaN
4,NaN,NaN,NaN,NaN,NaN,NaN,NaN,NaN
5,NaN,NaN,NaN,NaN,NaN,NaN,NaN,NaN
6,NaN,NaN,NaN,NaN,NaN,NaN,NaN,NaN
7,NaN,NaN,NaN,NaN,NaN,NaN,NaN,NaN
8,NaN,NaN,NaN,NaN,NaN,NaN,NaN,NaN
9,NaN,NaN,NaN,NaN,NaN,NaN,NaN,NaN
10,NaN,NaN,NaN,NaN,NaN,NaN,NaN,NaN
11,NaN,NaN,NaN,NaN,NaN,NaN,NaN,NaN
1,NaN,NaN,NaN,NaN,NaN,NaN,NaN,NaN
2,NaN,NaN,NaN,NaN,NaN,NaN,NaN,NaN
3,NaN,NaN,NaN,NaN,NaN,NaN,NaN,NaN
4,NaN,NaN,NaN,NaN,NaN,NaN,NaN,NaN
5,NaN,NaN,NaN,NaN,NaN,NaN,NaN,NaN
6,NaN,NaN,NaN,NaN,NaN,NaN,NaN,NaN
7,NaN,NaN,NaN,NaN,NaN,NaN,NaN,NaN
8,NaN,NaN,NaN,NaN,NaN,NaN,NaN,NaN
9,NaN,NaN,NaN,NaN,NaN,NaN,NaN,NaN
10,NaN,NaN,NaN,NaN,NaN,NaN,NaN,NaN
11,NaN,NaN,NaN,NaN,NaN,NaN,NaN,NaN
1,NaN,NaN,NaN,NaN,NaN,NaN,NaN,NaN
2,NaN,NaN,NaN,NaN,NaN,NaN,NaN,NaN
3,NaN,NaN,NaN,NaN,NaN,NaN,NaN,NaN
4,NaN,NaN,NaN,NaN,NaN,NaN,NaN,NaN
5,NaN,NaN,NaN,NaN,NaN,NaN,NaN,NaN
6,NaN,NaN,NaN,NaN,NaN,NaN,NaN,NaN
7,NaN,NaN,NaN,NaN,NaN,NaN,NaN,NaN
8,NaN,NaN,NaN,NaN,NaN,NaN,NaN,NaN
9,NaN,NaN,NaN,NaN,NaN,NaN,NaN,NaN
10,NaN,NaN,NaN,NaN,NaN,NaN,NaN,NaN
11,NaN,NaN,NaN,NaN,NaN,NaN,NaN,NaN
1,NaN,NaN,NaN,NaN,NaN,NaN,NaN,NaN
2,NaN,NaN,NaN,NaN,NaN,NaN,NaN,NaN
3,NaN,NaN,NaN,NaN,NaN,NaN,NaN,NaN
4,NaN,NaN,NaN,NaN,NaN,NaN,NaN,NaN
5,NaN,NaN,NaN,NaN,NaN,NaN,NaN,NaN
6,NaN,NaN,NaN,NaN,NaN,NaN,NaN,NaN
7,NaN,NaN,NaN,NaN,NaN,NaN,NaN,NaN
8,NaN,NaN,NaN,NaN,NaN,NaN,NaN,NaN
9,NaN,NaN,NaN,NaN,NaN,NaN,NaN,NaN
10,NaN,NaN,NaN,NaN,NaN,NaN,NaN,NaN
11,NaN,NaN,NaN,NaN,NaN,NaN,NaN,NaN
1,NaN,NaN,NaN,NaN,NaN,NaN,NaN,NaN
2,NaN,NaN,NaN,NaN,NaN,NaN,NaN,NaN
3,NaN,NaN,NaN,NaN,NaN,NaN,NaN,NaN
4,NaN,NaN,NaN,NaN,NaN,NaN,NaN,NaN
5,NaN,NaN,NaN,NaN,NaN,NaN,NaN,NaN
6,NaN,NaN,NaN,NaN,NaN,NaN,NaN,NaN
7,NaN,NaN,NaN,NaN,NaN,NaN,NaN,NaN
8,NaN,NaN,NaN,NaN,NaN,NaN,NaN,NaN
9,NaN,NaN,NaN,NaN,NaN,NaN,NaN,NaN
10,NaN,NaN,NaN,NaN,NaN,NaN,NaN,NaN
11,NaN,NaN,NaN,NaN,NaN,NaN,NaN,NaN
1,NaN,NaN,NaN,NaN,NaN,NaN,NaN,NaN
2,NaN,NaN,NaN,NaN,NaN,NaN,NaN,NaN
3,NaN,NaN,NaN,NaN,NaN,NaN,NaN,NaN
4,NaN,NaN,NaN,NaN,NaN,NaN,NaN,NaN
5,NaN,NaN,NaN,NaN,NaN,NaN,NaN,NaN
6,NaN,NaN,NaN,NaN,NaN,NaN,NaN,NaN
7,NaN,NaN,NaN,NaN,NaN,NaN,NaN,NaN
8,NaN,NaN,NaN,NaN,NaN,NaN,NaN,NaN
9,NaN,NaN,NaN,NaN,NaN,NaN,NaN,NaN
10,NaN,NaN,NaN,NaN,NaN,NaN,NaN,NaN
11,NaN,NaN,NaN,NaN,NaN,NaN,NaN,NaN
1,NaN,NaN,NaN,NaN,NaN,NaN,NaN,NaN
2,NaN,NaN,NaN,NaN,NaN,NaN,NaN,NaN
3,NaN,NaN,NaN,NaN,NaN,NaN,NaN,NaN
4,NaN,NaN,NaN,NaN,NaN,NaN,NaN,NaN
5,NaN,NaN,NaN,NaN,NaN,NaN,NaN,NaN
6,NaN,NaN,NaN,NaN,NaN,NaN,NaN,NaN
7,NaN,NaN,NaN,NaN,NaN,NaN,NaN,NaN
8,NaN,NaN,NaN,NaN,NaN,NaN,NaN,NaN
9,NaN,NaN,NaN,NaN,NaN,NaN,NaN,NaN
10,NaN,NaN,NaN,NaN,NaN,NaN,NaN,NaN
11,NaN,NaN,NaN,NaN,NaN,NaN,NaN,NaN
1,NaN,NaN,NaN,NaN,NaN,NaN,NaN,NaN
2,NaN,NaN,NaN,NaN,NaN,NaN,NaN,NaN
3,NaN,NaN,NaN,NaN,NaN,NaN,NaN,NaN
4,NaN,NaN,NaN,NaN,NaN,NaN,NaN,NaN
5,NaN,NaN,NaN,NaN,NaN,NaN,NaN,NaN
6,NaN,NaN,NaN,NaN,NaN,NaN,NaN,NaN
7,NaN,NaN,NaN,NaN,NaN,NaN,NaN,NaN
8,NaN,NaN,NaN,NaN,NaN,NaN,NaN,NaN
9,NaN,NaN,NaN,NaN,NaN,NaN,NaN,NaN
10,NaN,NaN,NaN,NaN,NaN,NaN,NaN,NaN
11,NaN,NaN,NaN,NaN,NaN,NaN,NaN,NaN
1,NaN,NaN,NaN,NaN,NaN,NaN,NaN,NaN
2,NaN,NaN,NaN,NaN,NaN,NaN,NaN,NaN
3,NaN,NaN,NaN,NaN,NaN,NaN,NaN,NaN
4,NaN,NaN,NaN,NaN,NaN,NaN,NaN,NaN
5,NaN,NaN,NaN,NaN,NaN,NaN,NaN,NaN
6,NaN,NaN,NaN,NaN,NaN,NaN,NaN,NaN
7,NaN,NaN,NaN,NaN,NaN,NaN,NaN,NaN
8,NaN,NaN,NaN,NaN,NaN,NaN,NaN,NaN
9,NaN,NaN,NaN,NaN,NaN,NaN,NaN,NaN
10,NaN,NaN,NaN,NaN,NaN,NaN,NaN,NaN
11,NaN,NaN,NaN,NaN,NaN,NaN,NaN,NaN
1,NaN,NaN,NaN,NaN,NaN,NaN,NaN,NaN
2,NaN,NaN,NaN,NaN,NaN,NaN,NaN,NaN
3,NaN,NaN,NaN,NaN,NaN,NaN,NaN,NaN
4,NaN,NaN,NaN,NaN,NaN,NaN,NaN,NaN
5,NaN,NaN,NaN,NaN,NaN,NaN,NaN,NaN
6,NaN,NaN,NaN,NaN,NaN,NaN,NaN,NaN
7,NaN,NaN,NaN,NaN,NaN,NaN,NaN,NaN
8,NaN,NaN,NaN,NaN,NaN,NaN,NaN,NaN
9,NaN,NaN,NaN,NaN,NaN,NaN,NaN,NaN
10,NaN,NaN,NaN,NaN,NaN,NaN,NaN,NaN
11,NaN,NaN,NaN,NaN,NaN,NaN,NaN,NaN
1,NaN,NaN,NaN,NaN,NaN,NaN,NaN,NaN
2,NaN,NaN,NaN,NaN,NaN,NaN,NaN,NaN
3,NaN,NaN,NaN,NaN,NaN,NaN,NaN,NaN
4,NaN,NaN,NaN,NaN,NaN,NaN,NaN,NaN
5,NaN,NaN,NaN,NaN,NaN,NaN,NaN,NaN
6,NaN,NaN,NaN,NaN,NaN,NaN,NaN,NaN
7,NaN,NaN,NaN,NaN,NaN,NaN,NaN,NaN
8,NaN,NaN,NaN,NaN,NaN,NaN,NaN,NaN
9,NaN,NaN,NaN,NaN,NaN,NaN,NaN,NaN
10,NaN,NaN,NaN,NaN,NaN,NaN,NaN,NaN
11,NaN,NaN,NaN,NaN,NaN,NaN,NaN,NaN
1,NaN,NaN,NaN,NaN,NaN,NaN,NaN,NaN
2,NaN,NaN,NaN,NaN,NaN,NaN,NaN,NaN
3,NaN,NaN,NaN,NaN,NaN,NaN,NaN,NaN
4,NaN,NaN,NaN,NaN,NaN,NaN,NaN,NaN
5,NaN,NaN,NaN,NaN,NaN,NaN,NaN,NaN
6,NaN,NaN,NaN,NaN,NaN,NaN,NaN,NaN
7,NaN,NaN,NaN,NaN,NaN,NaN,NaN,NaN
8,NaN,NaN,NaN,NaN,NaN,NaN,NaN,NaN
9,NaN,NaN,NaN,NaN,NaN,NaN,NaN,NaN
10,NaN,NaN,NaN,NaN,NaN,NaN,NaN,NaN
11,NaN,NaN,NaN,NaN,NaN,NaN,NaN,NaN
1,NaN,NaN,NaN,NaN,NaN,NaN,NaN,NaN
2,NaN,NaN,NaN,NaN,NaN,NaN,NaN,NaN
3,NaN,NaN,NaN,NaN,NaN,NaN,NaN,NaN
4,NaN,NaN,NaN,NaN,NaN,NaN,NaN,NaN
5,NaN,NaN,NaN,NaN,NaN,NaN,NaN,NaN
6,NaN,NaN,NaN,NaN,NaN,NaN,NaN,NaN
7,NaN,NaN,NaN,NaN,NaN,NaN,NaN,NaN
8,NaN,NaN,NaN,NaN,NaN,NaN,NaN,NaN
9,NaN,NaN,NaN,NaN,NaN,NaN,NaN,NaN
10,NaN,NaN,NaN,NaN,NaN,NaN,NaN,NaN
11,NaN,NaN,NaN,NaN,NaN,NaN,NaN,NaN
1,NaN,NaN,NaN,NaN,NaN,NaN,NaN,NaN
2,NaN,NaN,NaN,NaN,NaN,NaN,NaN,NaN
3,NaN,NaN,NaN,NaN,NaN,NaN,NaN,NaN
4,NaN,NaN,NaN,NaN,NaN,NaN,NaN,NaN
5,NaN,NaN,NaN,NaN,NaN,NaN,NaN,NaN
6,NaN,NaN,NaN,NaN,NaN,NaN,NaN,NaN
7,NaN,NaN,NaN,NaN,NaN,NaN,NaN,NaN
8,NaN,NaN,NaN,NaN,NaN,NaN,NaN,NaN
9,NaN,NaN,NaN,NaN,NaN,NaN,NaN,NaN
10,NaN,NaN,NaN,NaN,NaN,NaN,NaN,NaN
11,NaN,NaN,NaN,NaN,NaN,NaN,NaN,NaN
1,NaN,NaN,NaN,NaN,NaN,NaN,NaN,NaN
2,NaN,NaN,NaN,NaN,NaN,NaN,NaN,NaN
3,NaN,NaN,NaN,NaN,NaN,NaN,NaN,NaN
4,NaN,NaN,NaN,NaN,NaN,NaN,NaN,NaN
5,NaN,NaN,NaN,NaN,NaN,NaN,NaN,NaN
6,NaN,NaN,NaN,NaN,NaN,NaN,NaN,NaN
7,NaN,NaN,NaN,NaN,NaN,NaN,NaN,NaN
8,NaN,NaN,NaN,NaN,NaN,NaN,NaN,NaN
9,NaN,NaN,NaN,NaN,NaN,NaN,NaN,NaN
10,NaN,NaN,NaN,NaN,NaN,NaN,NaN,NaN
11,NaN,NaN,NaN,NaN,NaN,NaN,NaN,NaN
1,NaN,NaN,NaN,NaN,NaN,NaN,NaN,NaN
2,NaN,NaN,NaN,NaN,NaN,NaN,NaN,NaN
3,NaN,NaN,NaN,NaN,NaN,NaN,NaN,NaN
4,NaN,NaN,NaN,NaN,NaN,NaN,NaN,NaN
5,NaN,NaN,NaN,NaN,NaN,NaN,NaN,NaN
6,NaN,NaN,NaN,NaN,NaN,NaN,NaN,NaN
7,NaN,NaN,NaN,NaN,NaN,NaN,NaN,NaN
8,NaN,NaN,NaN,NaN,NaN,NaN,NaN,NaN
9,NaN,NaN,NaN,NaN,NaN,NaN,NaN,NaN
10,NaN,NaN,NaN,NaN,NaN,NaN,NaN,NaN
11,NaN,NaN,NaN,NaN,NaN,NaN,NaN,NaN
1,NaN,NaN,NaN,NaN,NaN,NaN,NaN,NaN
2,NaN,NaN,NaN,NaN,NaN,NaN,NaN,NaN
3,NaN,NaN,NaN,NaN,NaN,NaN,NaN,NaN
4,NaN,NaN,NaN,NaN,NaN,NaN,NaN,NaN
5,NaN,NaN,NaN,NaN,NaN,NaN,NaN,NaN
6,NaN,NaN,NaN,NaN,NaN,NaN,NaN,NaN
7,NaN,NaN,NaN,NaN,NaN,NaN,NaN,NaN
8,NaN,NaN,NaN,NaN,NaN,NaN,NaN,NaN
9,NaN,NaN,NaN,NaN,NaN,NaN,NaN,NaN
10,NaN,NaN,NaN,NaN,NaN,NaN,NaN,NaN
11,NaN,NaN,NaN,NaN,NaN,NaN,NaN,NaN
1,NaN,NaN,NaN,NaN,NaN,NaN,NaN,NaN
2,NaN,NaN,NaN,NaN,NaN,NaN,NaN,NaN
3,NaN,NaN,NaN,NaN,NaN,NaN,NaN,NaN
4,NaN,NaN,NaN,NaN,NaN,NaN,NaN,NaN
5,NaN,NaN,NaN,NaN,NaN,NaN,NaN,NaN
6,NaN,NaN,NaN,NaN,NaN,NaN,NaN,NaN
7,NaN,NaN,NaN,NaN,NaN,NaN,NaN,NaN
8,NaN,NaN,NaN,NaN,NaN,NaN,NaN,NaN
9,NaN,NaN,NaN,NaN,NaN,NaN,NaN,NaN
10,NaN,NaN,NaN,NaN,NaN,NaN,NaN,NaN
11,NaN,NaN,NaN,NaN,NaN,NaN,NaN,NaN
1,NaN,NaN,NaN,NaN,NaN,NaN,NaN,NaN
2,NaN,NaN,NaN,NaN,NaN,NaN,NaN,NaN
3,NaN,NaN,NaN,NaN,NaN,NaN,NaN,NaN
4,NaN,NaN,NaN,NaN,NaN,NaN,NaN,NaN
5,NaN,NaN,NaN,NaN,NaN,NaN,NaN,NaN
6,NaN,NaN,NaN,NaN,NaN,NaN,NaN,NaN
7,NaN,NaN,NaN,NaN,NaN,NaN,NaN,NaN
8,NaN,NaN,NaN,NaN,NaN,NaN,NaN,NaN
9,NaN,NaN,NaN,NaN,NaN,NaN,NaN,NaN
10,NaN,NaN,NaN,NaN,NaN,NaN,NaN,NaN
11,NaN,NaN,NaN,NaN,NaN,NaN,NaN,NaN
1,NaN,NaN,NaN,NaN,NaN,NaN,NaN,NaN
2,NaN,NaN,NaN,NaN,NaN,NaN,NaN,NaN
3,NaN,NaN,NaN,NaN,NaN,NaN,NaN,NaN
4,NaN,NaN,NaN,NaN,NaN,NaN,NaN,NaN
5,NaN,NaN,NaN,NaN,NaN,NaN,NaN,NaN
6,NaN,NaN,NaN,NaN,NaN,NaN,NaN,NaN
7,NaN,NaN,NaN,NaN,NaN,NaN,NaN,NaN
8,NaN,NaN,NaN,NaN,NaN,NaN,NaN,NaN
9,NaN,NaN,NaN,NaN,NaN,NaN,NaN,NaN
10,NaN,NaN,NaN,NaN,NaN,NaN,NaN,NaN
11,NaN,NaN,NaN,NaN,NaN,NaN,NaN,NaN
1,NaN,NaN,NaN,NaN,NaN,NaN,NaN,NaN
2,NaN,NaN,NaN,NaN,NaN,NaN,NaN,NaN
3,NaN,NaN,NaN,NaN,NaN,NaN,NaN,NaN
4,NaN,NaN,NaN,NaN,NaN,NaN,NaN,NaN
5,NaN,NaN,NaN,NaN,NaN,NaN,NaN,NaN
6,NaN,NaN,NaN,NaN,NaN,NaN,NaN,NaN
7,NaN,NaN,NaN,NaN,NaN,NaN,NaN,NaN
8,NaN,NaN,NaN,NaN,NaN,NaN,NaN,NaN
9,NaN,NaN,NaN,NaN,NaN,NaN,NaN,NaN
10,NaN,NaN,NaN,NaN,NaN,NaN,NaN,NaN
11,NaN,NaN,NaN,NaN,NaN,NaN,NaN,NaN
1,NaN,NaN,NaN,NaN,NaN,NaN,NaN,NaN
2,NaN,NaN,NaN,NaN,NaN,NaN,NaN,NaN
3,NaN,NaN,NaN,NaN,NaN,NaN,NaN,NaN
4,NaN,NaN,NaN,NaN,NaN,NaN,NaN,NaN
5,NaN,NaN,NaN,NaN,NaN,NaN,NaN,NaN
6,NaN,NaN,NaN,NaN,NaN,NaN,NaN,NaN
7,NaN,NaN,NaN,NaN,NaN,NaN,NaN,NaN
8,NaN,NaN,NaN,NaN,NaN,NaN,NaN,NaN
9,NaN,NaN,NaN,NaN,NaN,NaN,NaN,NaN
10,NaN,NaN,NaN,NaN,NaN,NaN,NaN,NaN
11,NaN,NaN,NaN,NaN,NaN,NaN,NaN,NaN
1,NaN,NaN,NaN,NaN,NaN,NaN,NaN,NaN
2,NaN,NaN,NaN,NaN,NaN,NaN,NaN,NaN
3,NaN,NaN,NaN,NaN,NaN,NaN,NaN,NaN
4,NaN,NaN,NaN,NaN,NaN,NaN,NaN,NaN
5,NaN,NaN,NaN,NaN,NaN,NaN,NaN,NaN
6,NaN,NaN,NaN,NaN,NaN,NaN,NaN,NaN
7,NaN,NaN,NaN,NaN,NaN,NaN,NaN,NaN
8,NaN,NaN,NaN,NaN,NaN,NaN,NaN,NaN
9,NaN,NaN,NaN,NaN,NaN,NaN,NaN,NaN
10,NaN,NaN,NaN,NaN,NaN,NaN,NaN,NaN
11,NaN,NaN,NaN,NaN,NaN,NaN,NaN,NaN
1,NaN,NaN,NaN,NaN,NaN,NaN,NaN,NaN
2,NaN,NaN,NaN,NaN,NaN,NaN,NaN,NaN
3,NaN,NaN,NaN,NaN,NaN,NaN,NaN,NaN
4,NaN,NaN,NaN,NaN,NaN,NaN,NaN,NaN
5,NaN,NaN,NaN,NaN,NaN,NaN,NaN,NaN
6,NaN,NaN,NaN,NaN,NaN,NaN,NaN,NaN
7,NaN,NaN,NaN,NaN,NaN,NaN,NaN,NaN
8,NaN,NaN,NaN,NaN,NaN,NaN,NaN,NaN
9,NaN,NaN,NaN,NaN,NaN,NaN,NaN,NaN
10,NaN,NaN,NaN,NaN,NaN,NaN,NaN,NaN
11,NaN,NaN,NaN,NaN,NaN,NaN,NaN,NaN
1,NaN,NaN,NaN,NaN,NaN,NaN,NaN,NaN
2,NaN,NaN,NaN,NaN,NaN,NaN,NaN,NaN
3,NaN,NaN,NaN,NaN,NaN,NaN,NaN,NaN
4,NaN,NaN,NaN,NaN,NaN,NaN,NaN,NaN
5,NaN,NaN,NaN,NaN,NaN,NaN,NaN,NaN
6,NaN,NaN,NaN,NaN,NaN,NaN,NaN,NaN
7,NaN,NaN,NaN,NaN,NaN,NaN,NaN,NaN
8,NaN,NaN,NaN,NaN,NaN,NaN,NaN,NaN
9,NaN,NaN,NaN,NaN,NaN,NaN,NaN,NaN
10,NaN,NaN,NaN,NaN,NaN,NaN,NaN,NaN
11,NaN,NaN,NaN,NaN,NaN,NaN,NaN,NaN
1,NaN,NaN,NaN,NaN,NaN,NaN,NaN,NaN
2,NaN,NaN,NaN,NaN,NaN,NaN,NaN,NaN
3,NaN,NaN,NaN,NaN,NaN,NaN,NaN,NaN
4,NaN,NaN,NaN,NaN,NaN,NaN,NaN,NaN
5,NaN,NaN,NaN,NaN,NaN,NaN,NaN,NaN
6,NaN,NaN,NaN,NaN,NaN,NaN,NaN,NaN
7,NaN,NaN,NaN,NaN,NaN,NaN,NaN,NaN
8,NaN,NaN,NaN,NaN,NaN,NaN,NaN,NaN
9,NaN,NaN,NaN,NaN,NaN,NaN,NaN,NaN
10,NaN,NaN,NaN,NaN,NaN,NaN,NaN,NaN
11,NaN,NaN,NaN,NaN,NaN,NaN,NaN,NaN
1,NaN,NaN,NaN,NaN,NaN,NaN,NaN,NaN
2,NaN,NaN,NaN,NaN,NaN,NaN,NaN,NaN
3,NaN,NaN,NaN,NaN,NaN,NaN,NaN,NaN
4,NaN,NaN,NaN,NaN,NaN,NaN,NaN,NaN
5,NaN,NaN,NaN,NaN,NaN,NaN,NaN,NaN
6,NaN,NaN,NaN,NaN,NaN,NaN,NaN,NaN
7,NaN,NaN,NaN,NaN,NaN,NaN,NaN,NaN
8,NaN,NaN,NaN,NaN,NaN,NaN,NaN,NaN
9,NaN,NaN,NaN,NaN,NaN,NaN,NaN,NaN
10,NaN,NaN,NaN,NaN,NaN,NaN,NaN,NaN
11,NaN,NaN,NaN,NaN,NaN,NaN,NaN,NaN
1,NaN,NaN,NaN,NaN,NaN,NaN,NaN,NaN
2,NaN,NaN,NaN,NaN,NaN,NaN,NaN,NaN
3,NaN,NaN,NaN,NaN,NaN,NaN,NaN,NaN
4,NaN,NaN,NaN,NaN,NaN,NaN,NaN,NaN
5,NaN,NaN,NaN,NaN,NaN,NaN,NaN,NaN
6,NaN,NaN,NaN,NaN,NaN,NaN,NaN,NaN
7,NaN,NaN,NaN,NaN,NaN,NaN,NaN,NaN
8,NaN,NaN,NaN,NaN,NaN,NaN,NaN,NaN
9,NaN,NaN,NaN,NaN,NaN,NaN,NaN,NaN
10,NaN,NaN,NaN,NaN,NaN,NaN,NaN,NaN
11,NaN,NaN,NaN,NaN,NaN,NaN,NaN,NaN
1,NaN,NaN,NaN,NaN,NaN,NaN,NaN,NaN
2,NaN,NaN,NaN,NaN,NaN,NaN,NaN,NaN
3,NaN,NaN,NaN,NaN,NaN,NaN,NaN,NaN
4,NaN,NaN,NaN,NaN,NaN,NaN,NaN,NaN
5,NaN,NaN,NaN,NaN,NaN,NaN,NaN,NaN
6,NaN,NaN,NaN,NaN,NaN,NaN,NaN,NaN
7,NaN,NaN,NaN,NaN,NaN,NaN,NaN,NaN
8,NaN,NaN,NaN,NaN,NaN,NaN,NaN,NaN
9,NaN,NaN,NaN,NaN,NaN,NaN,NaN,NaN
10,NaN,NaN,NaN,NaN,NaN,NaN,NaN,NaN
11,NaN,NaN,NaN,NaN,NaN,NaN,NaN,NaN
1,NaN,NaN,NaN,NaN,NaN,NaN,NaN,NaN
2,NaN,NaN,NaN,NaN,NaN,NaN,NaN,NaN
3,NaN,NaN,NaN,NaN,NaN,NaN,NaN,NaN
4,NaN,NaN,NaN,NaN,NaN,NaN,NaN,NaN
5,NaN,NaN,NaN,NaN,NaN,NaN,NaN,NaN
6,NaN,NaN,NaN,NaN,NaN,NaN,NaN,NaN
7,NaN,NaN,NaN,NaN,NaN,NaN,NaN,NaN
8,NaN,NaN,NaN,NaN,NaN,NaN,NaN,NaN
9,NaN,NaN,NaN,NaN,NaN,NaN,NaN,NaN
10,NaN,NaN,NaN,NaN,NaN,NaN,NaN,NaN
11,NaN,NaN,NaN,NaN,NaN,NaN,NaN,NaN
1,NaN,NaN,NaN,NaN,NaN,NaN,NaN,NaN
2,NaN,NaN,NaN,NaN,NaN,NaN,NaN,NaN
3,NaN,NaN,NaN,NaN,NaN,NaN,NaN,NaN
4,NaN,NaN,NaN,NaN,NaN,NaN,NaN,NaN
5,NaN,NaN,NaN,NaN,NaN,NaN,NaN,NaN
6,NaN,NaN,NaN,NaN,NaN,NaN,NaN,NaN
7,NaN,NaN,NaN,NaN,NaN,NaN,NaN,NaN
8,NaN,NaN,NaN,NaN,NaN,NaN,NaN,NaN
9,NaN,NaN,NaN,NaN,NaN,NaN,NaN,NaN
10,NaN,NaN,NaN,NaN,NaN,NaN,NaN,NaN
11,NaN,NaN,NaN,NaN,NaN,NaN,NaN,NaN
1,NaN,NaN,NaN,NaN,NaN,NaN,NaN,NaN
2,NaN,NaN,NaN,NaN,NaN,NaN,NaN,NaN
3,NaN,NaN,NaN,NaN,NaN,NaN,NaN,NaN
4,NaN,NaN,NaN,NaN,NaN,NaN,NaN,NaN
5,NaN,NaN,NaN,NaN,NaN,NaN,NaN,NaN
6,NaN,NaN,NaN,NaN,NaN,NaN,NaN,NaN
7,NaN,NaN,NaN,NaN,NaN,NaN,NaN,NaN
8,NaN,NaN,NaN,NaN,NaN,NaN,NaN,NaN
9,NaN,NaN,NaN,NaN,NaN,NaN,NaN,NaN
10,NaN,NaN,NaN,NaN,NaN,NaN,NaN,NaN
11,NaN,NaN,NaN,NaN,NaN,NaN,NaN,NaN
1,NaN,NaN,NaN,NaN,NaN,NaN,NaN,NaN
2,NaN,NaN,NaN,NaN,NaN,NaN,NaN,NaN
3,NaN,NaN,NaN,NaN,NaN,NaN,NaN,NaN
4,NaN,NaN,NaN,NaN,NaN,NaN,NaN,NaN
5,NaN,NaN,NaN,NaN,NaN,NaN,NaN,NaN
6,NaN,NaN,NaN,NaN,NaN,NaN,NaN,NaN
7,NaN,NaN,NaN,NaN,NaN,NaN,NaN,NaN
8,NaN,NaN,NaN,NaN,NaN,NaN,NaN,NaN
9,NaN,NaN,NaN,NaN,NaN,NaN,NaN,NaN
10,NaN,NaN,NaN,NaN,NaN,NaN,NaN,NaN
11,NaN,NaN,NaN,NaN,NaN,NaN,NaN,NaN
1,NaN,NaN,NaN,NaN,NaN,NaN,NaN,NaN
2,NaN,NaN,NaN,NaN,NaN,NaN,NaN,NaN
3,NaN,NaN,NaN,NaN,NaN,NaN,NaN,NaN
4,NaN,NaN,NaN,NaN,NaN,NaN,NaN,NaN
5,NaN,NaN,NaN,NaN,NaN,NaN,NaN,NaN
6,NaN,NaN,NaN,NaN,NaN,NaN,NaN,NaN
7,NaN,NaN,NaN,NaN,NaN,NaN,NaN,NaN
8,NaN,NaN,NaN,NaN,NaN,NaN,NaN,NaN
9,NaN,NaN,NaN,NaN,NaN,NaN,NaN,NaN
10,NaN,NaN,NaN,NaN,NaN,NaN,NaN,NaN
11,NaN,NaN,NaN,NaN,NaN,NaN,NaN,NaN
1,NaN,NaN,NaN,NaN,NaN,NaN,NaN,NaN
2,NaN,NaN,NaN,NaN,NaN,NaN,NaN,NaN
3,NaN,NaN,NaN,NaN,NaN,NaN,NaN,NaN
4,NaN,NaN,NaN,NaN,NaN,NaN,NaN,NaN
5,NaN,NaN,NaN,NaN,NaN,NaN,NaN,NaN
6,NaN,NaN,NaN,NaN,NaN,NaN,NaN,NaN
7,NaN,NaN,NaN,NaN,NaN,NaN,NaN,NaN
8,NaN,NaN,NaN,NaN,NaN,NaN,NaN,NaN
9,NaN,NaN,NaN,NaN,NaN,NaN,NaN,NaN
10,NaN,NaN,NaN,NaN,NaN,NaN,NaN,NaN
11,NaN,NaN,NaN,NaN,NaN,NaN,NaN,NaN
1,NaN,NaN,NaN,NaN,NaN,NaN,NaN,NaN
2,NaN,NaN,NaN,NaN,NaN,NaN,NaN,NaN
3,NaN,NaN,NaN,NaN,NaN,NaN,NaN,NaN
4,NaN,NaN,NaN,NaN,NaN,NaN,NaN,NaN
5,NaN,NaN,NaN,NaN,NaN,NaN,NaN,NaN
6,NaN,NaN,NaN,NaN,NaN,NaN,NaN,NaN
7,NaN,NaN,NaN,NaN,NaN,NaN,NaN,NaN
8,NaN,NaN,NaN,NaN,NaN,NaN,NaN,NaN
9,NaN,NaN,NaN,NaN,NaN,NaN,NaN,NaN
10,NaN,NaN,NaN,NaN,NaN,NaN,NaN,NaN
11,NaN,NaN,NaN,NaN,NaN,NaN,NaN,NaN
1,NaN,NaN,NaN,NaN,NaN,NaN,NaN,NaN
2,NaN,NaN,NaN,NaN,NaN,NaN,NaN,NaN
3,NaN,NaN,NaN,NaN,NaN,NaN,NaN,NaN
4,NaN,NaN,NaN,NaN,NaN,NaN,NaN,NaN
5,NaN,NaN,NaN,NaN,NaN,NaN,NaN,NaN
6,NaN,NaN,NaN,NaN,NaN,NaN,NaN,NaN
7,NaN,NaN,NaN,NaN,NaN,NaN,NaN,NaN
8,NaN,NaN,NaN,NaN,NaN,NaN,NaN,NaN
9,NaN,NaN,NaN,NaN,NaN,NaN,NaN,NaN
10,NaN,NaN,NaN,NaN,NaN,NaN,NaN,NaN
11,NaN,NaN,NaN,NaN,NaN,NaN,NaN,NaN
1,NaN,NaN,NaN,NaN,NaN,NaN,NaN,NaN
2,NaN,NaN,NaN,NaN,NaN,NaN,NaN,NaN
3,NaN,NaN,NaN,NaN,NaN,NaN,NaN,NaN
4,NaN,NaN,NaN,NaN,NaN,NaN,NaN,NaN
5,NaN,NaN,NaN,NaN,NaN,NaN,NaN,NaN
6,NaN,NaN,NaN,NaN,NaN,NaN,NaN,NaN
7,NaN,NaN,NaN,NaN,NaN,NaN,NaN,NaN
8,NaN,NaN,NaN,NaN,NaN,NaN,NaN,NaN
9,NaN,NaN,NaN,NaN,NaN,NaN,NaN,NaN
10,NaN,NaN,NaN,NaN,NaN,NaN,NaN,NaN
11,NaN,NaN,NaN,NaN,NaN,NaN,NaN,NaN
1,NaN,NaN,NaN,NaN,NaN,NaN,NaN,NaN
2,NaN,NaN,NaN,NaN,NaN,NaN,NaN,NaN
3,NaN,NaN,NaN,NaN,NaN,NaN,NaN,NaN
4,NaN,NaN,NaN,NaN,NaN,NaN,NaN,NaN
5,NaN,NaN,NaN,NaN,NaN,NaN,NaN,NaN
6,NaN,NaN,NaN,NaN,NaN,NaN,NaN,NaN
7,NaN,NaN,NaN,NaN,NaN,NaN,NaN,NaN
8,NaN,NaN,NaN,NaN,NaN,NaN,NaN,NaN
9,NaN,NaN,NaN,NaN,NaN,NaN,NaN,NaN
10,NaN,NaN,NaN,NaN,NaN,NaN,NaN,NaN
11,NaN,NaN,NaN,NaN,NaN,NaN,NaN,NaN
1,NaN,NaN,NaN,NaN,NaN,NaN,NaN,NaN
2,NaN,NaN,NaN,NaN,NaN,NaN,NaN,NaN
3,NaN,NaN,NaN,NaN,NaN,NaN,NaN,NaN
4,NaN,NaN,NaN,NaN,NaN,NaN,NaN,NaN
5,NaN,NaN,NaN,NaN,NaN,NaN,NaN,NaN
6,NaN,NaN,NaN,NaN,NaN,NaN,NaN,NaN
7,NaN,NaN,NaN,NaN,NaN,NaN,NaN,NaN
8,NaN,NaN,NaN,NaN,NaN,NaN,NaN,NaN
9,NaN,NaN,NaN,NaN,NaN,NaN,NaN,NaN
10,NaN,NaN,NaN,NaN,NaN,NaN,NaN,NaN
11,NaN,NaN,NaN,NaN,NaN,NaN,NaN,NaN
1,NaN,NaN,NaN,NaN,NaN,NaN,NaN,NaN
2,NaN,NaN,NaN,NaN,NaN,NaN,NaN,NaN
3,NaN,NaN,NaN,NaN,NaN,NaN,NaN,NaN
4,NaN,NaN,NaN,NaN,NaN,NaN,NaN,NaN
5,NaN,NaN,NaN,NaN,NaN,NaN,NaN,NaN
6,NaN,NaN,NaN,NaN,NaN,NaN,NaN,NaN
7,NaN,NaN,NaN,NaN,NaN,NaN,NaN,NaN
8,NaN,NaN,NaN,NaN,NaN,NaN,NaN,NaN
9,NaN,NaN,NaN,NaN,NaN,NaN,NaN,NaN
10,NaN,NaN,NaN,NaN,NaN,NaN,NaN,NaN
11,NaN,NaN,NaN,NaN,NaN,NaN,NaN,NaN
1,NaN,NaN,NaN,NaN,NaN,NaN,NaN,NaN
2,NaN,NaN,NaN,NaN,NaN,NaN,NaN,NaN
3,NaN,NaN,NaN,NaN,NaN,NaN,NaN,NaN
4,NaN,NaN,NaN,NaN,NaN,NaN,NaN,NaN
5,NaN,NaN,NaN,NaN,NaN,NaN,NaN,NaN
6,NaN,NaN,NaN,NaN,NaN,NaN,NaN,NaN
7,NaN,NaN,NaN,NaN,NaN,NaN,NaN,NaN
8,NaN,NaN,NaN,NaN,NaN,NaN,NaN,NaN
9,NaN,NaN,NaN,NaN,NaN,NaN,NaN,NaN
10,NaN,NaN,NaN,NaN,NaN,NaN,NaN,NaN
11,NaN,NaN,NaN,NaN,NaN,NaN,NaN,NaN
1,NaN,NaN,NaN,NaN,NaN,NaN,NaN,NaN
2,NaN,NaN,NaN,NaN,NaN,NaN,NaN,NaN
3,NaN,NaN,NaN,NaN,NaN,NaN,NaN,NaN
4,NaN,NaN,NaN,NaN,NaN,NaN,NaN,NaN
5,NaN,NaN,NaN,NaN,NaN,NaN,NaN,NaN
6,NaN,NaN,NaN,NaN,NaN,NaN,NaN,NaN
7,NaN,NaN,NaN,NaN,NaN,NaN,NaN,NaN
8,NaN,NaN,NaN,NaN,NaN,NaN,NaN,NaN
9,NaN,NaN,NaN,NaN,NaN,NaN,NaN,NaN
10,NaN,NaN,NaN,NaN,NaN,NaN,NaN,NaN
11,NaN,NaN,NaN,NaN,NaN,NaN,NaN,NaN
1,NaN,NaN,NaN,NaN,NaN,NaN,NaN,NaN
2,NaN,NaN,NaN,NaN,NaN,NaN,NaN,NaN
3,NaN,NaN,NaN,NaN,NaN,NaN,NaN,NaN
4,NaN,NaN,NaN,NaN,NaN,NaN,NaN,NaN
5,NaN,NaN,NaN,NaN,NaN,NaN,NaN,NaN
6,NaN,NaN,NaN,NaN,NaN,NaN,NaN,NaN
7,NaN,NaN,NaN,NaN,NaN,NaN,NaN,NaN
8,NaN,NaN,NaN,NaN,NaN,NaN,NaN,NaN
9,NaN,NaN,NaN,NaN,NaN,NaN,NaN,NaN
10,NaN,NaN,NaN,NaN,NaN,NaN,NaN,NaN
11,NaN,NaN,NaN,NaN,NaN,NaN,NaN,NaN
1,NaN,NaN,NaN,NaN,NaN,NaN,NaN,NaN
2,NaN,NaN,NaN,NaN,NaN,NaN,NaN,NaN
3,NaN,NaN,NaN,NaN,NaN,NaN,NaN,NaN
4,NaN,NaN,NaN,NaN,NaN,NaN,NaN,NaN
5,NaN,NaN,NaN,NaN,NaN,NaN,NaN,NaN
6,NaN,NaN,NaN,NaN,NaN,NaN,NaN,NaN
7,NaN,NaN,NaN,NaN,NaN,NaN,NaN,NaN
8,NaN,NaN,NaN,NaN,NaN,NaN,NaN,NaN
9,NaN,NaN,NaN,NaN,NaN,NaN,NaN,NaN
10,NaN,NaN,NaN,NaN,NaN,NaN,NaN,NaN
11,NaN,NaN,NaN,NaN,NaN,NaN,NaN,NaN
1,NaN,NaN,NaN,NaN,NaN,NaN,NaN,NaN
2,NaN,NaN,NaN,NaN,NaN,NaN,NaN,NaN
3,NaN,NaN,NaN,NaN,NaN,NaN,NaN,NaN
4,NaN,NaN,NaN,NaN,NaN,NaN,NaN,NaN
5,NaN,NaN,NaN,NaN,NaN,NaN,NaN,NaN
6,NaN,NaN,NaN,NaN,NaN,NaN,NaN,NaN
7,NaN,NaN,NaN,NaN,NaN,NaN,NaN,NaN
8,NaN,NaN,NaN,NaN,NaN,NaN,NaN,NaN
9,NaN,NaN,NaN,NaN,NaN,NaN,NaN,NaN
10,NaN,NaN,NaN,NaN,NaN,NaN,NaN,NaN
11,NaN,NaN,NaN,NaN,NaN,NaN,NaN,NaN
1,NaN,NaN,NaN,NaN,NaN,NaN,NaN,NaN
2,NaN,NaN,NaN,NaN,NaN,NaN,NaN,NaN
3,NaN,NaN,NaN,NaN,NaN,NaN,NaN,NaN
4,NaN,NaN,NaN,NaN,NaN,NaN,NaN,NaN
5,NaN,NaN,NaN,NaN,NaN,NaN,NaN,NaN
6,NaN,NaN,NaN,NaN,NaN,NaN,NaN,NaN
7,NaN,NaN,NaN,NaN,NaN,NaN,NaN,NaN
8,NaN,NaN,NaN,NaN,NaN,NaN,NaN,NaN
9,NaN,NaN,NaN,NaN,NaN,NaN,NaN,NaN
10,NaN,NaN,NaN,NaN,NaN,NaN,NaN,NaN
11,NaN,NaN,NaN,NaN,NaN,NaN,NaN,NaN
1,NaN,NaN,NaN,NaN,NaN,NaN,NaN,NaN
2,NaN,NaN,NaN,NaN,NaN,NaN,NaN,NaN
3,NaN,NaN,NaN,NaN,NaN,NaN,NaN,NaN
4,NaN,NaN,NaN,NaN,NaN,NaN,NaN,NaN
5,NaN,NaN,NaN,NaN,NaN,NaN,NaN,NaN
6,NaN,NaN,NaN,NaN,NaN,NaN,NaN,NaN
7,NaN,NaN,NaN,NaN,NaN,NaN,NaN,NaN
8,NaN,NaN,NaN,NaN,NaN,NaN,NaN,NaN
9,NaN,NaN,NaN,NaN,NaN,NaN,NaN,NaN
10,NaN,NaN,NaN,NaN,NaN,NaN,NaN,NaN
11,NaN,NaN,NaN,NaN,NaN,NaN,NaN,NaN
1,NaN,NaN,NaN,NaN,NaN,NaN,NaN,NaN
2,NaN,NaN,NaN,NaN,NaN,NaN,NaN,NaN
3,NaN,NaN,NaN,NaN,NaN,NaN,NaN,NaN
4,NaN,NaN,NaN,NaN,NaN,NaN,NaN,NaN
5,NaN,NaN,NaN,NaN,NaN,NaN,NaN,NaN
6,NaN,NaN,NaN,NaN,NaN,NaN,NaN,NaN
7,NaN,NaN,NaN,NaN,NaN,NaN,NaN,NaN
8,NaN,NaN,NaN,NaN,NaN,NaN,NaN,NaN
9,NaN,NaN,NaN,NaN,NaN,NaN,NaN,NaN
10,NaN,NaN,NaN,NaN,NaN,NaN,NaN,NaN
11,NaN,NaN,NaN,NaN,NaN,NaN,NaN,NaN
1,NaN,NaN,NaN,NaN,NaN,NaN,NaN,NaN
2,NaN,NaN,NaN,NaN,NaN,NaN,NaN,NaN
3,NaN,NaN,NaN,NaN,NaN,NaN,NaN,NaN
4,NaN,NaN,NaN,NaN,NaN,NaN,NaN,NaN
5,NaN,NaN,NaN,NaN,NaN,NaN,NaN,NaN
6,NaN,NaN,NaN,NaN,NaN,NaN,NaN,NaN
7,NaN,NaN,NaN,NaN,NaN,NaN,NaN,NaN
8,NaN,NaN,NaN,NaN,NaN,NaN,NaN,NaN
9,NaN,NaN,NaN,NaN,NaN,NaN,NaN,NaN
10,NaN,NaN,NaN,NaN,NaN,NaN,NaN,NaN
11,NaN,NaN,NaN,NaN,NaN,NaN,NaN,NaN
1,NaN,NaN,NaN,NaN,NaN,NaN,NaN,NaN
2,NaN,NaN,NaN,NaN,NaN,NaN,NaN,NaN
3,NaN,NaN,NaN,NaN,NaN,NaN,NaN,NaN
4,NaN,NaN,NaN,NaN,NaN,NaN,NaN,NaN
5,NaN,NaN,NaN,NaN,NaN,NaN,NaN,NaN
6,NaN,NaN,NaN,NaN,NaN,NaN,NaN,NaN
7,NaN,NaN,NaN,NaN,NaN,NaN,NaN,NaN
8,NaN,NaN,NaN,NaN,NaN,NaN,NaN,NaN
9,NaN,NaN,NaN,NaN,NaN,NaN,NaN,NaN
10,NaN,NaN,NaN,NaN,NaN,NaN,NaN,NaN
11,NaN,NaN,NaN,NaN,NaN,NaN,NaN,NaN
1,NaN,NaN,NaN,NaN,NaN,NaN,NaN,NaN
2,NaN,NaN,NaN,NaN,NaN,NaN,NaN,NaN
3,NaN,NaN,NaN,NaN,NaN,NaN,NaN,NaN
4,NaN,NaN,NaN,NaN,NaN,NaN,NaN,NaN
5,NaN,NaN,NaN,NaN,NaN,NaN,NaN,NaN
6,NaN,NaN,NaN,NaN,NaN,NaN,NaN,NaN
7,NaN,NaN,NaN,NaN,NaN,NaN,NaN,NaN
8,NaN,NaN,NaN,NaN,NaN,NaN,NaN,NaN
9,NaN,NaN,NaN,NaN,NaN,NaN,NaN,NaN
10,NaN,NaN,NaN,NaN,NaN,NaN,NaN,NaN
11,NaN,NaN,NaN,NaN,NaN,NaN,NaN,NaN
1,NaN,NaN,NaN,NaN,NaN,NaN,NaN,NaN
2,NaN,NaN,NaN,NaN,NaN,NaN,NaN,NaN
3,NaN,NaN,NaN,NaN,NaN,NaN,NaN,NaN
4,NaN,NaN,NaN,NaN,NaN,NaN,NaN,NaN
5,NaN,NaN,NaN,NaN,NaN,NaN,NaN,NaN
6,NaN,NaN,NaN,NaN,NaN,NaN,NaN,NaN
7,NaN,NaN,NaN,NaN,NaN,NaN,NaN,NaN
8,NaN,NaN,NaN,NaN,NaN,NaN,NaN,NaN
9,NaN,NaN,NaN,NaN,NaN,NaN,NaN,NaN
10,NaN,NaN,NaN,NaN,NaN,NaN,NaN,NaN
11,NaN,NaN,NaN,NaN,NaN,NaN,NaN,NaN
1,NaN,NaN,NaN,NaN,NaN,NaN,NaN,NaN
2,NaN,NaN,NaN,NaN,NaN,NaN,NaN,NaN
3,NaN,NaN,NaN,NaN,NaN,NaN,NaN,NaN
4,NaN,NaN,NaN,NaN,NaN,NaN,NaN,NaN
5,NaN,NaN,NaN,NaN,NaN,NaN,NaN,NaN
6,NaN,NaN,NaN,NaN,NaN,NaN,NaN,NaN
7,NaN,NaN,NaN,NaN,NaN,NaN,NaN,NaN
8,NaN,NaN,NaN,NaN,NaN,NaN,NaN,NaN
9,NaN,NaN,NaN,NaN,NaN,NaN,NaN,NaN
10,NaN,NaN,NaN,NaN,NaN,NaN,NaN,NaN
11,NaN,NaN,NaN,NaN,NaN,NaN,NaN,NaN
1,NaN,NaN,NaN,NaN,NaN,NaN,NaN,NaN
2,NaN,NaN,NaN,NaN,NaN,NaN,NaN,NaN
3,NaN,NaN,NaN,NaN,NaN,NaN,NaN,NaN
4,NaN,NaN,NaN,NaN,NaN,NaN,NaN,NaN
5,NaN,NaN,NaN,NaN,NaN,NaN,NaN,NaN
6,NaN,NaN,NaN,NaN,NaN,NaN,NaN,NaN
7,NaN,NaN,NaN,NaN,NaN,NaN,NaN,NaN
8,NaN,NaN,NaN,NaN,NaN,NaN,NaN,NaN
9,NaN,NaN,NaN,NaN,NaN,NaN,NaN,NaN
10,NaN,NaN,NaN,NaN,NaN,NaN,NaN,NaN
11,NaN,NaN,NaN,NaN,NaN,NaN,NaN,NaN
1,NaN,NaN,NaN,NaN,NaN,NaN,NaN,NaN
2,NaN,NaN,NaN,NaN,NaN,NaN,NaN,NaN
3,NaN,NaN,NaN,NaN,NaN,NaN,NaN,NaN
4,NaN,NaN,NaN,NaN,NaN,NaN,NaN,NaN
5,NaN,NaN,NaN,NaN,NaN,NaN,NaN,NaN
6,NaN,NaN,NaN,NaN,NaN,NaN,NaN,NaN
7,NaN,NaN,NaN,NaN,NaN,NaN,NaN,NaN
8,NaN,NaN,NaN,NaN,NaN,NaN,NaN,NaN
9,NaN,NaN,NaN,NaN,NaN,NaN,NaN,NaN
10,NaN,NaN,NaN,NaN,NaN,NaN,NaN,NaN
11,NaN,NaN,NaN,NaN,NaN,NaN,NaN,NaN
1,NaN,NaN,NaN,NaN,NaN,NaN,NaN,NaN
2,NaN,NaN,NaN,NaN,NaN,NaN,NaN,NaN
3,NaN,NaN,NaN,NaN,NaN,NaN,NaN,NaN
4,NaN,NaN,NaN,NaN,NaN,NaN,NaN,NaN
5,NaN,NaN,NaN,NaN,NaN,NaN,NaN,NaN
6,NaN,NaN,NaN,NaN,NaN,NaN,NaN,NaN
7,NaN,NaN,NaN,NaN,NaN,NaN,NaN,NaN
8,NaN,NaN,NaN,NaN,NaN,NaN,NaN,NaN
9,NaN,NaN,NaN,NaN,NaN,NaN,NaN,NaN
10,NaN,NaN,NaN,NaN,NaN,NaN,NaN,NaN
11,NaN,NaN,NaN,NaN,NaN,NaN,NaN,NaN
1,NaN,NaN,NaN,NaN,NaN,NaN,NaN,NaN
2,NaN,NaN,NaN,NaN,NaN,NaN,NaN,NaN
3,NaN,NaN,NaN,NaN,NaN,NaN,NaN,NaN
4,NaN,NaN,NaN,NaN,NaN,NaN,NaN,NaN
5,NaN,NaN,NaN,NaN,NaN,NaN,NaN,NaN
6,NaN,NaN,NaN,NaN,NaN,NaN,NaN,NaN
7,NaN,NaN,NaN,NaN,NaN,NaN,NaN,NaN
8,NaN,NaN,NaN,NaN,NaN,NaN,NaN,NaN
9,NaN,NaN,NaN,NaN,NaN,NaN,NaN,NaN
10,NaN,NaN,NaN,NaN,NaN,NaN,NaN,NaN
11,NaN,NaN,NaN,NaN,NaN,NaN,NaN,NaN
1,NaN,NaN,NaN,NaN,NaN,NaN,NaN,NaN
2,NaN,NaN,NaN,NaN,NaN,NaN,NaN,NaN
3,NaN,NaN,NaN,NaN,NaN,NaN,NaN,NaN
4,NaN,NaN,NaN,NaN,NaN,NaN,NaN,NaN
5,NaN,NaN,NaN,NaN,NaN,NaN,NaN,NaN
6,NaN,NaN,NaN,NaN,NaN,NaN,NaN,NaN
7,NaN,NaN,NaN,NaN,NaN,NaN,NaN,NaN
8,NaN,NaN,NaN,NaN,NaN,NaN,NaN,NaN
9,NaN,NaN,NaN,NaN,NaN,NaN,NaN,NaN
10,NaN,NaN,NaN,NaN,NaN,NaN,NaN,NaN
11,NaN,NaN,NaN,NaN,NaN,NaN,NaN,NaN
1,NaN,NaN,NaN,NaN,NaN,NaN,NaN,NaN
2,NaN,NaN,NaN,NaN,NaN,NaN,NaN,NaN
3,NaN,NaN,NaN,NaN,NaN,NaN,NaN,NaN
4,NaN,NaN,NaN,NaN,NaN,NaN,NaN,NaN
5,NaN,NaN,NaN,NaN,NaN,NaN,NaN,NaN
6,NaN,NaN,NaN,NaN,NaN,NaN,NaN,NaN
7,NaN,NaN,NaN,NaN,NaN,NaN,NaN,NaN
8,NaN,NaN,NaN,NaN,NaN,NaN,NaN,NaN
9,NaN,NaN,NaN,NaN,NaN,NaN,NaN,NaN
10,NaN,NaN,NaN,NaN,NaN,NaN,NaN,NaN
11,NaN,NaN,NaN,NaN,NaN,NaN,NaN,NaN
1,NaN,NaN,NaN,NaN,NaN,NaN,NaN,NaN
2,NaN,NaN,NaN,NaN,NaN,NaN,NaN,NaN
3,NaN,NaN,NaN,NaN,NaN,NaN,NaN,NaN
4,NaN,NaN,NaN,NaN,NaN,NaN,NaN,NaN
5,NaN,NaN,NaN,NaN,NaN,NaN,NaN,NaN
6,NaN,NaN,NaN,NaN,NaN,NaN,NaN,NaN
7,NaN,NaN,NaN,NaN,NaN,NaN,NaN,NaN
8,NaN,NaN,NaN,NaN,NaN,NaN,NaN,NaN
9,NaN,NaN,NaN,NaN,NaN,NaN,NaN,NaN
10,NaN,NaN,NaN,NaN,NaN,NaN,NaN,NaN
11,NaN,NaN,NaN,NaN,NaN,NaN,NaN,NaN
1,NaN,NaN,NaN,NaN,NaN,NaN,NaN,NaN
2,NaN,NaN,NaN,NaN,NaN,NaN,NaN,NaN
3,NaN,NaN,NaN,NaN,NaN,NaN,NaN,NaN
4,NaN,NaN,NaN,NaN,NaN,NaN,NaN,NaN
5,NaN,NaN,NaN,NaN,NaN,NaN,NaN,NaN
6,NaN,NaN,NaN,NaN,NaN,NaN,NaN,NaN
7,NaN,NaN,NaN,NaN,NaN,NaN,NaN,NaN
8,NaN,NaN,NaN,NaN,NaN,NaN,NaN,NaN
9,NaN,NaN,NaN,NaN,NaN,NaN,NaN,NaN
10,NaN,NaN,NaN,NaN,NaN,NaN,NaN,NaN
11,NaN,NaN,NaN,NaN,NaN,NaN,NaN,NaN
1,NaN,NaN,NaN,NaN,NaN,NaN,NaN,NaN
2,NaN,NaN,NaN,NaN,NaN,NaN,NaN,NaN
3,NaN,NaN,NaN,NaN,NaN,NaN,NaN,NaN
4,NaN,NaN,NaN,NaN,NaN,NaN,NaN,NaN
5,NaN,NaN,NaN,NaN,NaN,NaN,NaN,NaN
6,NaN,NaN,NaN,NaN,NaN,NaN,NaN,NaN
7,NaN,NaN,NaN,NaN,NaN,NaN,NaN,NaN
8,NaN,NaN,NaN,NaN,NaN,NaN,NaN,NaN
9,NaN,NaN,NaN,NaN,NaN,NaN,NaN,NaN
10,NaN,NaN,NaN,NaN,NaN,NaN,NaN,NaN
11,NaN,NaN,NaN,NaN,NaN,NaN,NaN,NaN
1,NaN,NaN,NaN,NaN,NaN,NaN,NaN,NaN
2,NaN,NaN,NaN,NaN,NaN,NaN,NaN,NaN
3,NaN,NaN,NaN,NaN,NaN,NaN,NaN,NaN
4,NaN,NaN,NaN,NaN,NaN,NaN,NaN,NaN
5,NaN,NaN,NaN,NaN,NaN,NaN,NaN,NaN
6,NaN,NaN,NaN,NaN,NaN,NaN,NaN,NaN
7,NaN,NaN,NaN,NaN,NaN,NaN,NaN,NaN
8,NaN,NaN,NaN,NaN,NaN,NaN,NaN,NaN
9,NaN,NaN,NaN,NaN,NaN,NaN,NaN,NaN
10,NaN,NaN,NaN,NaN,NaN,NaN,NaN,NaN
11,NaN,NaN,NaN,NaN,NaN,NaN,NaN,NaN
1,NaN,NaN,NaN,NaN,NaN,NaN,NaN,NaN
2,NaN,NaN,NaN,NaN,NaN,NaN,NaN,NaN
3,NaN,NaN,NaN,NaN,NaN,NaN,NaN,NaN
4,NaN,NaN,NaN,NaN,NaN,NaN,NaN,NaN
5,NaN,NaN,NaN,NaN,NaN,NaN,NaN,NaN
6,NaN,NaN,NaN,NaN,NaN,NaN,NaN,NaN
7,NaN,NaN,NaN,NaN,NaN,NaN,NaN,NaN
8,NaN,NaN,NaN,NaN,NaN,NaN,NaN,NaN
9,NaN,NaN,NaN,NaN,NaN,NaN,NaN,NaN
10,NaN,NaN,NaN,NaN,NaN,NaN,NaN,NaN
11,NaN,NaN,NaN,NaN,NaN,NaN,NaN,NaN
1,NaN,NaN,NaN,NaN,NaN,NaN,NaN,NaN
2,NaN,NaN,NaN,NaN,NaN,NaN,NaN,NaN
3,NaN,NaN,NaN,NaN,NaN,NaN,NaN,NaN
4,NaN,NaN,NaN,NaN,NaN,NaN,NaN,NaN
5,NaN,NaN,NaN,NaN,NaN,NaN,NaN,NaN
6,NaN,NaN,NaN,NaN,NaN,NaN,NaN,NaN
7,NaN,NaN,NaN,NaN,NaN,NaN,NaN,NaN
8,NaN,NaN,NaN,NaN,NaN,NaN,NaN,NaN
9,NaN,NaN,NaN,NaN,NaN,NaN,NaN,NaN
10,NaN,NaN,NaN,NaN,NaN,NaN,NaN,NaN
11,NaN,NaN,NaN,NaN,NaN,NaN,NaN,NaN
1,NaN,NaN,NaN,NaN,NaN,NaN,NaN,NaN
2,NaN,NaN,NaN,NaN,NaN,NaN,NaN,NaN
3,NaN,NaN,NaN,NaN,NaN,NaN,NaN,NaN
4,NaN,NaN,NaN,NaN,NaN,NaN,NaN,NaN
5,NaN,NaN,NaN,NaN,NaN,NaN,NaN,NaN
6,NaN,NaN,NaN,NaN,NaN,NaN,NaN,NaN
7,NaN,NaN,NaN,NaN,NaN,NaN,NaN,NaN
8,NaN,NaN,NaN,NaN,NaN,NaN,NaN,NaN
9,NaN,NaN,NaN,NaN,NaN,NaN,NaN,NaN
10,NaN,NaN,NaN,NaN,NaN,NaN,NaN,NaN
11,NaN,NaN,NaN,NaN,NaN,NaN,NaN,NaN
1,NaN,NaN,NaN,NaN,NaN,NaN,NaN,NaN
2,NaN,NaN,NaN,NaN,NaN,NaN,NaN,NaN
3,NaN,NaN,NaN,NaN,NaN,NaN,NaN,NaN
4,NaN,NaN,NaN,NaN,NaN,NaN,NaN,NaN
5,NaN,NaN,NaN,NaN,NaN,NaN,NaN,NaN
6,NaN,NaN,NaN,NaN,NaN,NaN,NaN,NaN
7,NaN,NaN,NaN,NaN,NaN,NaN,NaN,NaN
8,NaN,NaN,NaN,NaN,NaN,NaN,NaN,NaN
9,NaN,NaN,NaN,NaN,NaN,NaN,NaN,NaN
10,NaN,NaN,NaN,NaN,NaN,NaN,NaN,NaN
11,NaN,NaN,NaN,NaN,NaN,NaN,NaN,NaN
1,NaN,NaN,NaN,NaN,NaN,NaN,NaN,NaN
2,NaN,NaN,NaN,NaN,NaN,NaN,NaN,NaN
3,NaN,NaN,NaN,NaN,NaN,NaN,NaN,NaN
4,NaN,NaN,NaN,NaN,NaN,NaN,NaN,NaN
5,NaN,NaN,NaN,NaN,NaN,NaN,NaN,NaN
6,NaN,NaN,NaN,NaN,NaN,NaN,NaN,NaN
7,NaN,NaN,NaN,NaN,NaN,NaN,NaN,NaN
8,NaN,NaN,NaN,NaN,NaN,NaN,NaN,NaN
9,NaN,NaN,NaN,NaN,NaN,NaN,NaN,NaN
10,NaN,NaN,NaN,NaN,NaN,NaN,NaN,NaN
11,NaN,NaN,NaN,NaN,NaN,NaN,NaN,NaN
1,NaN,NaN,NaN,NaN,NaN,NaN,NaN,NaN
2,NaN,NaN,NaN,NaN,NaN,NaN,NaN,NaN
3,NaN,NaN,NaN,NaN,NaN,NaN,NaN,NaN
4,NaN,NaN,NaN,NaN,NaN,NaN,NaN,NaN
5,NaN,NaN,NaN,NaN,NaN,NaN,NaN,NaN
6,NaN,NaN,NaN,NaN,NaN,NaN,NaN,NaN
7,NaN,NaN,NaN,NaN,NaN,NaN,NaN,NaN
8,NaN,NaN,NaN,NaN,NaN,NaN,NaN,NaN
9,NaN,NaN,NaN,NaN,NaN,NaN,NaN,NaN
10,NaN,NaN,NaN,NaN,NaN,NaN,NaN,NaN
11,NaN,NaN,NaN,NaN,NaN,NaN,NaN,NaN
1,NaN,NaN,NaN,NaN,NaN,NaN,NaN,NaN
2,NaN,NaN,NaN,NaN,NaN,NaN,NaN,NaN
3,NaN,NaN,NaN,NaN,NaN,NaN,NaN,NaN
4,NaN,NaN,NaN,NaN,NaN,NaN,NaN,NaN
5,NaN,NaN,NaN,NaN,NaN,NaN,NaN,NaN
6,NaN,NaN,NaN,NaN,NaN,NaN,NaN,NaN
7,NaN,NaN,NaN,NaN,NaN,NaN,NaN,NaN
8,NaN,NaN,NaN,NaN,NaN,NaN,NaN,NaN
9,NaN,NaN,NaN,NaN,NaN,NaN,NaN,NaN
10,NaN,NaN,NaN,NaN,NaN,NaN,NaN,NaN
11,NaN,NaN,NaN,NaN,NaN,NaN,NaN,NaN
1,NaN,NaN,NaN,NaN,NaN,NaN,NaN,NaN
2,NaN,NaN,NaN,NaN,NaN,NaN,NaN,NaN
3,NaN,NaN,NaN,NaN,NaN,NaN,NaN,NaN
4,NaN,NaN,NaN,NaN,NaN,NaN,NaN,NaN
5,NaN,NaN,NaN,NaN,NaN,NaN,NaN,NaN
6,NaN,NaN,NaN,NaN,NaN,NaN,NaN,NaN
7,NaN,NaN,NaN,NaN,NaN,NaN,NaN,NaN
8,NaN,NaN,NaN,NaN,NaN,NaN,NaN,NaN
9,NaN,NaN,NaN,NaN,NaN,NaN,NaN,NaN
10,NaN,NaN,NaN,NaN,NaN,NaN,NaN,NaN
11,NaN,NaN,NaN,NaN,NaN,NaN,NaN,NaN
1,NaN,NaN,NaN,NaN,NaN,NaN,NaN,NaN
2,NaN,NaN,NaN,NaN,NaN,NaN,NaN,NaN
3,NaN,NaN,NaN,NaN,NaN,NaN,NaN,NaN
4,NaN,NaN,NaN,NaN,NaN,NaN,NaN,NaN
5,NaN,NaN,NaN,NaN,NaN,NaN,NaN,NaN
6,NaN,NaN,NaN,NaN,NaN,NaN,NaN,NaN
7,NaN,NaN,NaN,NaN,NaN,NaN,NaN,NaN
8,NaN,NaN,NaN,NaN,NaN,NaN,NaN,NaN
9,NaN,NaN,NaN,NaN,NaN,NaN,NaN,NaN
10,NaN,NaN,NaN,NaN,NaN,NaN,NaN,NaN
11,NaN,NaN,NaN,NaN,NaN,NaN,NaN,NaN
1,NaN,NaN,NaN,NaN,NaN,NaN,NaN,NaN
2,NaN,NaN,NaN,NaN,NaN,NaN,NaN,NaN
3,NaN,NaN,NaN,NaN,NaN,NaN,NaN,NaN
4,NaN,NaN,NaN,NaN,NaN,NaN,NaN,NaN
5,NaN,NaN,NaN,NaN,NaN,NaN,NaN,NaN
6,NaN,NaN,NaN,NaN,NaN,NaN,NaN,NaN
7,NaN,NaN,NaN,NaN,NaN,NaN,NaN,NaN
8,NaN,NaN,NaN,NaN,NaN,NaN,NaN,NaN
9,NaN,NaN,NaN,NaN,NaN,NaN,NaN,NaN
10,NaN,NaN,NaN,NaN,NaN,NaN,NaN,NaN
11,NaN,NaN,NaN,NaN,NaN,NaN,NaN,NaN
1,NaN,NaN,NaN,NaN,NaN,NaN,NaN,NaN
2,NaN,NaN,NaN,NaN,NaN,NaN,NaN,NaN
3,NaN,NaN,NaN,NaN,NaN,NaN,NaN,NaN
4,NaN,NaN,NaN,NaN,NaN,NaN,NaN,NaN
5,NaN,NaN,NaN,NaN,NaN,NaN,NaN,NaN
6,NaN,NaN,NaN,NaN,NaN,NaN,NaN,NaN
7,NaN,NaN,NaN,NaN,NaN,NaN,NaN,NaN
8,NaN,NaN,NaN,NaN,NaN,NaN,NaN,NaN
9,NaN,NaN,NaN,NaN,NaN,NaN,NaN,NaN
10,NaN,NaN,NaN,NaN,NaN,NaN,NaN,NaN
11,NaN,NaN,NaN,NaN,NaN,NaN,NaN,NaN
1,NaN,NaN,NaN,NaN,NaN,NaN,NaN,NaN
2,NaN,NaN,NaN,NaN,NaN,NaN,NaN,NaN
3,NaN,NaN,NaN,NaN,NaN,NaN,NaN,NaN
4,NaN,NaN,NaN,NaN,NaN,NaN,NaN,NaN
5,NaN,NaN,NaN,NaN,NaN,NaN,NaN,NaN
6,NaN,NaN,NaN,NaN,NaN,NaN,NaN,NaN
7,NaN,NaN,NaN,NaN,NaN,NaN,NaN,NaN
8,NaN,NaN,NaN,NaN,NaN,NaN,NaN,NaN
9,NaN,NaN,NaN,NaN,NaN,NaN,NaN,NaN
10,NaN,NaN,NaN,NaN,NaN,NaN,NaN,NaN
11,NaN,NaN,NaN,NaN,NaN,NaN,NaN,NaN
1,NaN,NaN,NaN,NaN,NaN,NaN,NaN,NaN
2,NaN,NaN,NaN,NaN,NaN,NaN,NaN,NaN
3,NaN,NaN,NaN,NaN,NaN,NaN,NaN,NaN
4,NaN,NaN,NaN,NaN,NaN,NaN,NaN,NaN
5,NaN,NaN,NaN,NaN,NaN,NaN,NaN,NaN
6,NaN,NaN,NaN,NaN,NaN,NaN,NaN,NaN
7,NaN,NaN,NaN,NaN,NaN,NaN,NaN,NaN
8,NaN,NaN,NaN,NaN,NaN,NaN,NaN,NaN
9,NaN,NaN,NaN,NaN,NaN,NaN,NaN,NaN
10,NaN,NaN,NaN,NaN,NaN,NaN,NaN,NaN
11,NaN,NaN,NaN,NaN,NaN,NaN,NaN,NaN
1,NaN,NaN,NaN,NaN,NaN,NaN,NaN,NaN
2,NaN,NaN,NaN,NaN,NaN,NaN,NaN,NaN
3,NaN,NaN,NaN,NaN,NaN,NaN,NaN,NaN
4,NaN,NaN,NaN,NaN,NaN,NaN,NaN,NaN
5,NaN,NaN,NaN,NaN,NaN,NaN,NaN,NaN
6,NaN,NaN,NaN,NaN,NaN,NaN,NaN,NaN
7,NaN,NaN,NaN,NaN,NaN,NaN,NaN,NaN
8,NaN,NaN,NaN,NaN,NaN,NaN,NaN,NaN
9,NaN,NaN,NaN,NaN,NaN,NaN,NaN,NaN
10,NaN,NaN,NaN,NaN,NaN,NaN,NaN,NaN
11,NaN,NaN,NaN,NaN,NaN,NaN,NaN,NaN
1,NaN,NaN,NaN,NaN,NaN,NaN,NaN,NaN
2,NaN,NaN,NaN,NaN,NaN,NaN,NaN,NaN
3,NaN,NaN,NaN,NaN,NaN,NaN,NaN,NaN
4,NaN,NaN,NaN,NaN,NaN,NaN,NaN,NaN
5,NaN,NaN,NaN,NaN,NaN,NaN,NaN,NaN
6,NaN,NaN,NaN,NaN,NaN,NaN,NaN,NaN
7,NaN,NaN,NaN,NaN,NaN,NaN,NaN,NaN
8,NaN,NaN,NaN,NaN,NaN,NaN,NaN,NaN
9,NaN,NaN,NaN,NaN,NaN,NaN,NaN,NaN
10,NaN,NaN,NaN,NaN,NaN,NaN,NaN,NaN
11,NaN,NaN,NaN,NaN,NaN,NaN,NaN,NaN
1,NaN,NaN,NaN,NaN,NaN,NaN,NaN,NaN
2,NaN,NaN,NaN,NaN,NaN,NaN,NaN,NaN
3,NaN,NaN,NaN,NaN,NaN,NaN,NaN,NaN
4,NaN,NaN,NaN,NaN,NaN,NaN,NaN,NaN
5,NaN,NaN,NaN,NaN,NaN,NaN,NaN,NaN
6,NaN,NaN,NaN,NaN,NaN,NaN,NaN,NaN
7,NaN,NaN,NaN,NaN,NaN,NaN,NaN,NaN
8,NaN,NaN,NaN,NaN,NaN,NaN,NaN,NaN
9,NaN,NaN,NaN,NaN,NaN,NaN,NaN,NaN
10,NaN,NaN,NaN,NaN,NaN,NaN,NaN,NaN
11,NaN,NaN,NaN,NaN,NaN,NaN,NaN,NaN
1,NaN,NaN,NaN,NaN,NaN,NaN,NaN,NaN
2,NaN,NaN,NaN,NaN,NaN,NaN,NaN,NaN
3,NaN,NaN,NaN,NaN,NaN,NaN,NaN,NaN
4,NaN,NaN,NaN,NaN,NaN,NaN,NaN,NaN
5,NaN,NaN,NaN,NaN,NaN,NaN,NaN,NaN
6,NaN,NaN,NaN,NaN,NaN,NaN,NaN,NaN
7,NaN,NaN,NaN,NaN,NaN,NaN,NaN,NaN
8,NaN,NaN,NaN,NaN,NaN,NaN,NaN,NaN
9,NaN,NaN,NaN,NaN,NaN,NaN,NaN,NaN
10,NaN,NaN,NaN,NaN,NaN,NaN,NaN,NaN
11,NaN,NaN,NaN,NaN,NaN,NaN,NaN,NaN
1,NaN,NaN,NaN,NaN,NaN,NaN,NaN,NaN
2,NaN,NaN,NaN,NaN,NaN,NaN,NaN,NaN
3,NaN,NaN,NaN,NaN,NaN,NaN,NaN,NaN
4,NaN,NaN,NaN,NaN,NaN,NaN,NaN,NaN
5,NaN,NaN,NaN,NaN,NaN,NaN,NaN,NaN
6,NaN,NaN,NaN,NaN,NaN,NaN,NaN,NaN
7,NaN,NaN,NaN,NaN,NaN,NaN,NaN,NaN
8,NaN,NaN,NaN,NaN,NaN,NaN,NaN,NaN
9,NaN,NaN,NaN,NaN,NaN,NaN,NaN,NaN
10,NaN,NaN,NaN,NaN,NaN,NaN,NaN,NaN
11,NaN,NaN,NaN,NaN,NaN,NaN,NaN,NaN
1,NaN,NaN,NaN,NaN,NaN,NaN,NaN,NaN
2,NaN,NaN,NaN,NaN,NaN,NaN,NaN,NaN
3,NaN,NaN,NaN,NaN,NaN,NaN,NaN,NaN
4,NaN,NaN,NaN,NaN,NaN,NaN,NaN,NaN
5,NaN,NaN,NaN,NaN,NaN,NaN,NaN,NaN
6,NaN,NaN,NaN,NaN,NaN,NaN,NaN,NaN
7,NaN,NaN,NaN,NaN,NaN,NaN,NaN,NaN
8,NaN,NaN,NaN,NaN,NaN,NaN,NaN,NaN
9,NaN,NaN,NaN,NaN,NaN,NaN,NaN,NaN
10,NaN,NaN,NaN,NaN,NaN,NaN,NaN,NaN
11,NaN,NaN,NaN,NaN,NaN,NaN,NaN,NaN
1,NaN,NaN,NaN,NaN,NaN,NaN,NaN,NaN
2,NaN,NaN,NaN,NaN,NaN,NaN,NaN,NaN
3,NaN,NaN,NaN,NaN,NaN,NaN,NaN,NaN
4,NaN,NaN,NaN,NaN,NaN,NaN,NaN,NaN
5,NaN,NaN,NaN,NaN,NaN,NaN,NaN,NaN
6,NaN,NaN,NaN,NaN,NaN,NaN,NaN,NaN
7,NaN,NaN,NaN,NaN,NaN,NaN,NaN,NaN
8,NaN,NaN,NaN,NaN,NaN,NaN,NaN,NaN
9,NaN,NaN,NaN,NaN,NaN,NaN,NaN,NaN
10,NaN,NaN,NaN,NaN,NaN,NaN,NaN,NaN
11,NaN,NaN,NaN,NaN,NaN,NaN,NaN,NaN
1,NaN,NaN,NaN,NaN,NaN,NaN,NaN,NaN
2,NaN,NaN,NaN,NaN,NaN,NaN,NaN,NaN
3,NaN,NaN,NaN,NaN,NaN,NaN,NaN,NaN
4,NaN,NaN,NaN,NaN,NaN,NaN,NaN,NaN
5,NaN,NaN,NaN,NaN,NaN,NaN,NaN,NaN
6,NaN,NaN,NaN,NaN,NaN,NaN,NaN,NaN
7,NaN,NaN,NaN,NaN,NaN,NaN,NaN,NaN
8,NaN,NaN,NaN,NaN,NaN,NaN,NaN,NaN
9,NaN,NaN,NaN,NaN,NaN,NaN,NaN,NaN
10,NaN,NaN,NaN,NaN,NaN,NaN,NaN,NaN
11,NaN,NaN,NaN,NaN,NaN,NaN,NaN,NaN
1,NaN,NaN,NaN,NaN,NaN,NaN,NaN,NaN
2,NaN,NaN,NaN,NaN,NaN,NaN,NaN,NaN
3,NaN,NaN,NaN,NaN,NaN,NaN,NaN,NaN
4,NaN,NaN,NaN,NaN,NaN,NaN,NaN,NaN
5,NaN,NaN,NaN,NaN,NaN,NaN,NaN,NaN
6,NaN,NaN,NaN,NaN,NaN,NaN,NaN,NaN
7,NaN,NaN,NaN,NaN,NaN,NaN,NaN,NaN
8,NaN,NaN,NaN,NaN,NaN,NaN,NaN,NaN
9,NaN,NaN,NaN,NaN,NaN,NaN,NaN,NaN
10,NaN,NaN,NaN,NaN,NaN,NaN,NaN,NaN
11,NaN,NaN,NaN,NaN,NaN,NaN,NaN,NaN
1,NaN,NaN,NaN,NaN,NaN,NaN,NaN,NaN
2,NaN,NaN,NaN,NaN,NaN,NaN,NaN,NaN
3,NaN,NaN,NaN,NaN,NaN,NaN,NaN,NaN
4,NaN,NaN,NaN,NaN,NaN,NaN,NaN,NaN
5,NaN,NaN,NaN,NaN,NaN,NaN,NaN,NaN
6,NaN,NaN,NaN,NaN,NaN,NaN,NaN,NaN
7,NaN,NaN,NaN,NaN,NaN,NaN,NaN,NaN
8,NaN,NaN,NaN,NaN,NaN,NaN,NaN,NaN
9,NaN,NaN,NaN,NaN,NaN,NaN,NaN,NaN
10,NaN,NaN,NaN,NaN,NaN,NaN,NaN,NaN
11,NaN,NaN,NaN,NaN,NaN,NaN,NaN,NaN
1,NaN,NaN,NaN,NaN,NaN,NaN,NaN,NaN
2,NaN,NaN,NaN,NaN,NaN,NaN,NaN,NaN
3,NaN,NaN,NaN,NaN,NaN,NaN,NaN,NaN
4,NaN,NaN,NaN,NaN,NaN,NaN,NaN,NaN
5,NaN,NaN,NaN,NaN,NaN,NaN,NaN,NaN
6,NaN,NaN,NaN,NaN,NaN,NaN,NaN,NaN
7,NaN,NaN,NaN,NaN,NaN,NaN,NaN,NaN
8,NaN,NaN,NaN,NaN,NaN,NaN,NaN,NaN
9,NaN,NaN,NaN,NaN,NaN,NaN,NaN,NaN
10,NaN,NaN,NaN,NaN,NaN,NaN,NaN,NaN
11,NaN,NaN,NaN,NaN,NaN,NaN,NaN,NaN
1,NaN,NaN,NaN,NaN,NaN,NaN,NaN,NaN
2,NaN,NaN,NaN,NaN,NaN,NaN,NaN,NaN
3,NaN,NaN,NaN,NaN,NaN,NaN,NaN,NaN
4,NaN,NaN,NaN,NaN,NaN,NaN,NaN,NaN
5,NaN,NaN,NaN,NaN,NaN,NaN,NaN,NaN
6,NaN,NaN,NaN,NaN,NaN,NaN,NaN,NaN
7,NaN,NaN,NaN,NaN,NaN,NaN,NaN,NaN
8,NaN,NaN,NaN,NaN,NaN,NaN,NaN,NaN
9,NaN,NaN,NaN,NaN,NaN,NaN,NaN,NaN
10,NaN,NaN,NaN,NaN,NaN,NaN,NaN,NaN
11,NaN,NaN,NaN,NaN,NaN,NaN,NaN,NaN
1,NaN,NaN,NaN,NaN,NaN,NaN,NaN,NaN
2,NaN,NaN,NaN,NaN,NaN,NaN,NaN,NaN
3,NaN,NaN,NaN,NaN,NaN,NaN,NaN,NaN
4,NaN,NaN,NaN,NaN,NaN,NaN,NaN,NaN
5,NaN,NaN,NaN,NaN,NaN,NaN,NaN,NaN
6,NaN,NaN,NaN,NaN,NaN,NaN,NaN,NaN
7,NaN,NaN,NaN,NaN,NaN,NaN,NaN,NaN
8,NaN,NaN,NaN,NaN,NaN,NaN,NaN,NaN
9,NaN,NaN,NaN,NaN,NaN,NaN,NaN,NaN
10,NaN,NaN,NaN,NaN,NaN,NaN,NaN,NaN
11,NaN,NaN,NaN,NaN,NaN,NaN,NaN,NaN
1,NaN,NaN,NaN,NaN,NaN,NaN,NaN,NaN
2,NaN,NaN,NaN,NaN,NaN,NaN,NaN,NaN
3,NaN,NaN,NaN,NaN,NaN,NaN,NaN,NaN
4,NaN,NaN,NaN,NaN,NaN,NaN,NaN,NaN
5,NaN,NaN,NaN,NaN,NaN,NaN,NaN,NaN
6,NaN,NaN,NaN,NaN,NaN,NaN,NaN,NaN
7,NaN,NaN,NaN,NaN,NaN,NaN,NaN,NaN
8,NaN,NaN,NaN,NaN,NaN,NaN,NaN,NaN
9,NaN,NaN,NaN,NaN,NaN,NaN,NaN,NaN
10,NaN,NaN,NaN,NaN,NaN,NaN,NaN,NaN
11,NaN,NaN,NaN,NaN,NaN,NaN,NaN,NaN
1,NaN,NaN,NaN,NaN,NaN,NaN,NaN,NaN
2,NaN,NaN,NaN,NaN,NaN,NaN,NaN,NaN
3,NaN,NaN,NaN,NaN,NaN,NaN,NaN,NaN
4,NaN,NaN,NaN,NaN,NaN,NaN,NaN,NaN
5,NaN,NaN,NaN,NaN,NaN,NaN,NaN,NaN
6,NaN,NaN,NaN,NaN,NaN,NaN,NaN,NaN
7,NaN,NaN,NaN,NaN,NaN,NaN,NaN,NaN
8,NaN,NaN,NaN,NaN,NaN,NaN,NaN,NaN
9,NaN,NaN,NaN,NaN,NaN,NaN,NaN,NaN
10,NaN,NaN,NaN,NaN,NaN,NaN,NaN,NaN
11,NaN,NaN,NaN,NaN,NaN,NaN,NaN,NaN
1,NaN,NaN,NaN,NaN,NaN,NaN,NaN,NaN
2,NaN,NaN,NaN,NaN,NaN,NaN,NaN,NaN
3,NaN,NaN,NaN,NaN,NaN,NaN,NaN,NaN
4,NaN,NaN,NaN,NaN,NaN,NaN,NaN,NaN
5,NaN,NaN,NaN,NaN,NaN,NaN,NaN,NaN
6,NaN,NaN,NaN,NaN,NaN,NaN,NaN,NaN
7,NaN,NaN,NaN,NaN,NaN,NaN,NaN,NaN
8,NaN,NaN,NaN,NaN,NaN,NaN,NaN,NaN
9,NaN,NaN,NaN,NaN,NaN,NaN,NaN,NaN
10,NaN,NaN,NaN,NaN,NaN,NaN,NaN,NaN
11,NaN,NaN,NaN,NaN,NaN,NaN,NaN,NaN
1,NaN,NaN,NaN,NaN,NaN,NaN,NaN,NaN
2,NaN,NaN,NaN,NaN,NaN,NaN,NaN,NaN
3,NaN,NaN,NaN,NaN,NaN,NaN,NaN,NaN
4,NaN,NaN,NaN,NaN,NaN,NaN,NaN,NaN
5,NaN,NaN,NaN,NaN,NaN,NaN,NaN,NaN
6,NaN,NaN,NaN,NaN,NaN,NaN,NaN,NaN
7,NaN,NaN,NaN,NaN,NaN,NaN,NaN,NaN
8,NaN,NaN,NaN,NaN,NaN,NaN,NaN,NaN
9,NaN,NaN,NaN,NaN,NaN,NaN,NaN,NaN
10,NaN,NaN,NaN,NaN,NaN,NaN,NaN,NaN
11,NaN,NaN,NaN,NaN,NaN,NaN,NaN,NaN
1,NaN,NaN,NaN,NaN,NaN,NaN,NaN,NaN
2,NaN,NaN,NaN,NaN,NaN,NaN,NaN,NaN
3,NaN,NaN,NaN,NaN,NaN,NaN,NaN,NaN
4,NaN,NaN,NaN,NaN,NaN,NaN,NaN,NaN
5,NaN,NaN,NaN,NaN,NaN,NaN,NaN,NaN
6,NaN,NaN,NaN,NaN,NaN,NaN,NaN,NaN
7,NaN,NaN,NaN,NaN,NaN,NaN,NaN,NaN
8,NaN,NaN,NaN,NaN,NaN,NaN,NaN,NaN
9,NaN,NaN,NaN,NaN,NaN,NaN,NaN,NaN
10,NaN,NaN,NaN,NaN,NaN,NaN,NaN,NaN
11,NaN,NaN,NaN,NaN,NaN,NaN,NaN,NaN
1,NaN,NaN,NaN,NaN,NaN,NaN,NaN,NaN
2,NaN,NaN,NaN,NaN,NaN,NaN,NaN,NaN
3,NaN,NaN,NaN,NaN,NaN,NaN,NaN,NaN
4,NaN,NaN,NaN,NaN,NaN,NaN,NaN,NaN
5,NaN,NaN,NaN,NaN,NaN,NaN,NaN,NaN
6,NaN,NaN,NaN,NaN,NaN,NaN,NaN,NaN
7,NaN,NaN,NaN,NaN,NaN,NaN,NaN,NaN
8,NaN,NaN,NaN,NaN,NaN,NaN,NaN,NaN
9,NaN,NaN,NaN,NaN,NaN,NaN,NaN,NaN
10,NaN,NaN,NaN,NaN,NaN,NaN,NaN,NaN
11,NaN,NaN,NaN,NaN,NaN,NaN,NaN,NaN
1,NaN,NaN,NaN,NaN,NaN,NaN,NaN,NaN
2,NaN,NaN,NaN,NaN,NaN,NaN,NaN,NaN
3,NaN,NaN,NaN,NaN,NaN,NaN,NaN,NaN
4,NaN,NaN,NaN,NaN,NaN,NaN,NaN,NaN
5,NaN,NaN,NaN,NaN,NaN,NaN,NaN,NaN
6,NaN,NaN,NaN,NaN,NaN,NaN,NaN,NaN
7,NaN,NaN,NaN,NaN,NaN,NaN,NaN,NaN
8,NaN,NaN,NaN,NaN,NaN,NaN,NaN,NaN
9,NaN,NaN,NaN,NaN,NaN,NaN,NaN,NaN
10,NaN,NaN,NaN,NaN,NaN,NaN,NaN,NaN
11,NaN,NaN,NaN,NaN,NaN,NaN,NaN,NaN
1,NaN,NaN,NaN,NaN,NaN,NaN,NaN,NaN
2,NaN,NaN,NaN,NaN,NaN,NaN,NaN,NaN
3,NaN,NaN,NaN,NaN,NaN,NaN,NaN,NaN
4,NaN,NaN,NaN,NaN,NaN,NaN,NaN,NaN
5,NaN,NaN,NaN,NaN,NaN,NaN,NaN,NaN
6,NaN,NaN,NaN,NaN,NaN,NaN,NaN,NaN
7,NaN,NaN,NaN,NaN,NaN,NaN,NaN,NaN
8,NaN,NaN,NaN,NaN,NaN,NaN,NaN,NaN
9,NaN,NaN,NaN,NaN,NaN,NaN,NaN,NaN
10,NaN,NaN,NaN,NaN,NaN,NaN,NaN,NaN
11,NaN,NaN,NaN,NaN,NaN,NaN,NaN,NaN
1,NaN,NaN,NaN,NaN,NaN,NaN,NaN,NaN
2,NaN,NaN,NaN,NaN,NaN,NaN,NaN,NaN
3,NaN,NaN,NaN,NaN,NaN,NaN,NaN,NaN
4,NaN,NaN,NaN,NaN,NaN,NaN,NaN,NaN
5,NaN,NaN,NaN,NaN,NaN,NaN,NaN,NaN
6,NaN,NaN,NaN,NaN,NaN,NaN,NaN,NaN
7,NaN,NaN,NaN,NaN,NaN,NaN,NaN,NaN
8,NaN,NaN,NaN,NaN,NaN,NaN,NaN,NaN
9,NaN,NaN,NaN,NaN,NaN,NaN,NaN,NaN
10,NaN,NaN,NaN,NaN,NaN,NaN,NaN,NaN
11,NaN,NaN,NaN,NaN,NaN,NaN,NaN,NaN
1,NaN,NaN,NaN,NaN,NaN,NaN,NaN,NaN
2,NaN,NaN,NaN,NaN,NaN,NaN,NaN,NaN
3,NaN,NaN,NaN,NaN,NaN,NaN,NaN,NaN
4,NaN,NaN,NaN,NaN,NaN,NaN,NaN,NaN
5,NaN,NaN,NaN,NaN,NaN,NaN,NaN,NaN
6,NaN,NaN,NaN,NaN,NaN,NaN,NaN,NaN
7,NaN,NaN,NaN,NaN,NaN,NaN,NaN,NaN
8,NaN,NaN,NaN,NaN,NaN,NaN,NaN,NaN
9,NaN,NaN,NaN,NaN,NaN,NaN,NaN,NaN
10,NaN,NaN,NaN,NaN,NaN,NaN,NaN,NaN
11,NaN,NaN,NaN,NaN,NaN,NaN,NaN,NaN
1,NaN,NaN,NaN,NaN,NaN,NaN,NaN,NaN
2,NaN,NaN,NaN,NaN,NaN,NaN,NaN,NaN
3,NaN,NaN,NaN,NaN,NaN,NaN,NaN,NaN
4,NaN,NaN,NaN,NaN,NaN,NaN,NaN,NaN
5,NaN,NaN,NaN,NaN,NaN,NaN,NaN,NaN
6,NaN,NaN,NaN,NaN,NaN,NaN,NaN,NaN
7,NaN,NaN,NaN,NaN,NaN,NaN,NaN,NaN
8,NaN,NaN,NaN,NaN,NaN,NaN,NaN,NaN
9,NaN,NaN,NaN,NaN,NaN,NaN,NaN,NaN
10,NaN,NaN,NaN,NaN,NaN,NaN,NaN,NaN
11,NaN,NaN,NaN,NaN,NaN,NaN,NaN,NaN
1,NaN,NaN,NaN,NaN,NaN,NaN,NaN,NaN
2,NaN,NaN,NaN,NaN,NaN,NaN,NaN,NaN
3,NaN,NaN,NaN,NaN,NaN,NaN,NaN,NaN
4,NaN,NaN,NaN,NaN,NaN,NaN,NaN,NaN
5,NaN,NaN,NaN,NaN,NaN,NaN,NaN,NaN
6,NaN,NaN,NaN,NaN,NaN,NaN,NaN,NaN
7,NaN,NaN,NaN,NaN,NaN,NaN,NaN,NaN
8,NaN,NaN,NaN,NaN,NaN,NaN,NaN,NaN
9,NaN,NaN,NaN,NaN,NaN,NaN,NaN,NaN
10,NaN,NaN,NaN,NaN,NaN,NaN,NaN,NaN
11,NaN,NaN,NaN,NaN,NaN,NaN,NaN,NaN
1,NaN,NaN,NaN,NaN,NaN,NaN,NaN,NaN
2,NaN,NaN,NaN,NaN,NaN,NaN,NaN,NaN
3,NaN,NaN,NaN,NaN,NaN,NaN,NaN,NaN
4,NaN,NaN,NaN,NaN,NaN,NaN,NaN,NaN
5,NaN,NaN,NaN,NaN,NaN,NaN,NaN,NaN
6,NaN,NaN,NaN,NaN,NaN,NaN,NaN,NaN
7,NaN,NaN,NaN,NaN,NaN,NaN,NaN,NaN
8,NaN,NaN,NaN,NaN,NaN,NaN,NaN,NaN
9,NaN,NaN,NaN,NaN,NaN,NaN,NaN,NaN
10,NaN,NaN,NaN,NaN,NaN,NaN,NaN,NaN
11,NaN,NaN,NaN,NaN,NaN,NaN,NaN,NaN
1,NaN,NaN,NaN,NaN,NaN,NaN,NaN,NaN
2,NaN,NaN,NaN,NaN,NaN,NaN,NaN,NaN
3,NaN,NaN,NaN,NaN,NaN,NaN,NaN,NaN
4,NaN,NaN,NaN,NaN,NaN,NaN,NaN,NaN
5,NaN,NaN,NaN,NaN,NaN,NaN,NaN,NaN
6,NaN,NaN,NaN,NaN,NaN,NaN,NaN,NaN
7,NaN,NaN,NaN,NaN,NaN,NaN,NaN,NaN
8,NaN,NaN,NaN,NaN,NaN,NaN,NaN,NaN
9,NaN,NaN,NaN,NaN,NaN,NaN,NaN,NaN
10,NaN,NaN,NaN,NaN,NaN,NaN,NaN,NaN
11,NaN,NaN,NaN,NaN,NaN,NaN,NaN,NaN
1,NaN,NaN,NaN,NaN,NaN,NaN,NaN,NaN
2,NaN,NaN,NaN,NaN,NaN,NaN,NaN,NaN
3,NaN,NaN,NaN,NaN,NaN,NaN,NaN,NaN
4,NaN,NaN,NaN,NaN,NaN,NaN,NaN,NaN
5,NaN,NaN,NaN,NaN,NaN,NaN,NaN,NaN
6,NaN,NaN,NaN,NaN,NaN,NaN,NaN,NaN
7,NaN,NaN,NaN,NaN,NaN,NaN,NaN,NaN
8,NaN,NaN,NaN,NaN,NaN,NaN,NaN,NaN
9,NaN,NaN,NaN,NaN,NaN,NaN,NaN,NaN
10,NaN,NaN,NaN,NaN,NaN,NaN,NaN,NaN
11,NaN,NaN,NaN,NaN,NaN,NaN,NaN,NaN
1,NaN,NaN,NaN,NaN,NaN,NaN,NaN,NaN
2,NaN,NaN,NaN,NaN,NaN,NaN,NaN,NaN
3,NaN,NaN,NaN,NaN,NaN,NaN,NaN,NaN
4,NaN,NaN,NaN,NaN,NaN,NaN,NaN,NaN
5,NaN,NaN,NaN,NaN,NaN,NaN,NaN,NaN
6,NaN,NaN,NaN,NaN,NaN,NaN,NaN,NaN
7,NaN,NaN,NaN,NaN,NaN,NaN,NaN,NaN
8,NaN,NaN,NaN,NaN,NaN,NaN,NaN,NaN
9,NaN,NaN,NaN,NaN,NaN,NaN,NaN,NaN
10,NaN,NaN,NaN,NaN,NaN,NaN,NaN,NaN
11,NaN,NaN,NaN,NaN,NaN,NaN,NaN,NaN
1,NaN,NaN,NaN,NaN,NaN,NaN,NaN,NaN
2,NaN,NaN,NaN,NaN,NaN,NaN,NaN,NaN
3,NaN,NaN,NaN,NaN,NaN,NaN,NaN,NaN
4,NaN,NaN,NaN,NaN,NaN,NaN,NaN,NaN
5,NaN,NaN,NaN,NaN,NaN,NaN,NaN,NaN
6,NaN,NaN,NaN,NaN,NaN,NaN,NaN,NaN
7,NaN,NaN,NaN,NaN,NaN,NaN,NaN,NaN
8,NaN,NaN,NaN,NaN,NaN,NaN,NaN,NaN
9,NaN,NaN,NaN,NaN,NaN,NaN,NaN,NaN
10,NaN,NaN,NaN,NaN,NaN,NaN,NaN,NaN
11,NaN,NaN,NaN,NaN,NaN,NaN,NaN,NaN
1,NaN,NaN,NaN,NaN,NaN,NaN,NaN,NaN
2,NaN,NaN,NaN,NaN,NaN,NaN,NaN,NaN
3,NaN,NaN,NaN,NaN,NaN,NaN,NaN,NaN
4,NaN,NaN,NaN,NaN,NaN,NaN,NaN,NaN
5,NaN,NaN,NaN,NaN,NaN,NaN,NaN,NaN
6,NaN,NaN,NaN,NaN,NaN,NaN,NaN,NaN
7,NaN,NaN,NaN,NaN,NaN,NaN,NaN,NaN
8,NaN,NaN,NaN,NaN,NaN,NaN,NaN,NaN
9,NaN,NaN,NaN,NaN,NaN,NaN,NaN,NaN
10,NaN,NaN,NaN,NaN,NaN,NaN,NaN,NaN
11,NaN,NaN,NaN,NaN,NaN,NaN,NaN,NaN
1,NaN,NaN,NaN,NaN,NaN,NaN,NaN,NaN
2,NaN,NaN,NaN,NaN,NaN,NaN,NaN,NaN
3,NaN,NaN,NaN,NaN,NaN,NaN,NaN,NaN
4,NaN,NaN,NaN,NaN,NaN,NaN,NaN,NaN
5,NaN,NaN,NaN,NaN,NaN,NaN,NaN,NaN
6,NaN,NaN,NaN,NaN,NaN,NaN,NaN,NaN
7,NaN,NaN,NaN,NaN,NaN,NaN,NaN,NaN
8,NaN,NaN,NaN,NaN,NaN,NaN,NaN,NaN
9,NaN,NaN,NaN,NaN,NaN,NaN,NaN,NaN
10,NaN,NaN,NaN,NaN,NaN,NaN,NaN,NaN
11,NaN,NaN,NaN,NaN,NaN,NaN,NaN,NaN
1,NaN,NaN,NaN,NaN,NaN,NaN,NaN,NaN
2,NaN,NaN,NaN,NaN,NaN,NaN,NaN,NaN
3,NaN,NaN,NaN,NaN,NaN,NaN,NaN,NaN
4,NaN,NaN,NaN,NaN,NaN,NaN,NaN,NaN
5,NaN,NaN,NaN,NaN,NaN,NaN,NaN,NaN
6,NaN,NaN,NaN,NaN,NaN,NaN,NaN,NaN
7,NaN,NaN,NaN,NaN,NaN,NaN,NaN,NaN
8,NaN,NaN,NaN,NaN,NaN,NaN,NaN,NaN
9,NaN,NaN,NaN,NaN,NaN,NaN,NaN,NaN
10,NaN,NaN,NaN,NaN,NaN,NaN,NaN,NaN
11,NaN,NaN,NaN,NaN,NaN,NaN,NaN,NaN
1,NaN,NaN,NaN,NaN,NaN,NaN,NaN,NaN
2,NaN,NaN,NaN,NaN,NaN,NaN,NaN,NaN
3,NaN,NaN,NaN,NaN,NaN,NaN,NaN,NaN
4,NaN,NaN,NaN,NaN,NaN,NaN,NaN,NaN
5,NaN,NaN,NaN,NaN,NaN,NaN,NaN,NaN
6,NaN,NaN,NaN,NaN,NaN,NaN,NaN,NaN
7,NaN,NaN,NaN,NaN,NaN,NaN,NaN,NaN
8,NaN,NaN,NaN,NaN,NaN,NaN,NaN,NaN
9,NaN,NaN,NaN,NaN,NaN,NaN,NaN,NaN
10,NaN,NaN,NaN,NaN,NaN,NaN,NaN,NaN
11,NaN,NaN,NaN,NaN,NaN,NaN,NaN,NaN
1,NaN,NaN,NaN,NaN,NaN,NaN,NaN,NaN
2,NaN,NaN,NaN,NaN,NaN,NaN,NaN,NaN
3,NaN,NaN,NaN,NaN,NaN,NaN,NaN,NaN
4,NaN,NaN,NaN,NaN,NaN,NaN,NaN,NaN
5,NaN,NaN,NaN,NaN,NaN,NaN,NaN,NaN
6,NaN,NaN,NaN,NaN,NaN,NaN,NaN,NaN
7,NaN,NaN,NaN,NaN,NaN,NaN,NaN,NaN
8,NaN,NaN,NaN,NaN,NaN,NaN,NaN,NaN
9,NaN,NaN,NaN,NaN,NaN,NaN,NaN,NaN
10,NaN,NaN,NaN,NaN,NaN,NaN,NaN,NaN
11,NaN,NaN,NaN,NaN,NaN,NaN,NaN,NaN
1,NaN,NaN,NaN,NaN,NaN,NaN,NaN,NaN
2,NaN,NaN,NaN,NaN,NaN,NaN,NaN,NaN
3,NaN,NaN,NaN,NaN,NaN,NaN,NaN,NaN
4,NaN,NaN,NaN,NaN,NaN,NaN,NaN,NaN
5,NaN,NaN,NaN,NaN,NaN,NaN,NaN,NaN
6,NaN,NaN,NaN,NaN,NaN,NaN,NaN,NaN
7,NaN,NaN,NaN,NaN,NaN,NaN,NaN,NaN
8,NaN,NaN,NaN,NaN,NaN,NaN,NaN,NaN
9,NaN,NaN,NaN,NaN,NaN,NaN,NaN,NaN
10,NaN,NaN,NaN,NaN,NaN,NaN,NaN,NaN
11,NaN,NaN,NaN,NaN,NaN,NaN,NaN,NaN
1,NaN,NaN,NaN,NaN,NaN,NaN,NaN,NaN
2,NaN,NaN,NaN,NaN,NaN,NaN,NaN,NaN
3,NaN,NaN,NaN,NaN,NaN,NaN,NaN,NaN
4,NaN,NaN,NaN,NaN,NaN,NaN,NaN,NaN
5,NaN,NaN,NaN,NaN,NaN,NaN,NaN,NaN
6,NaN,NaN,NaN,NaN,NaN,NaN,NaN,NaN
7,NaN,NaN,NaN,NaN,NaN,NaN,NaN,NaN
8,NaN,NaN,NaN,NaN,NaN,NaN,NaN,NaN
9,NaN,NaN,NaN,NaN,NaN,NaN,NaN,NaN
10,NaN,NaN,NaN,NaN,NaN,NaN,NaN,NaN
11,NaN,NaN,NaN,NaN,NaN,NaN,NaN,NaN
1,NaN,NaN,NaN,NaN,NaN,NaN,NaN,NaN
2,NaN,NaN,NaN,NaN,NaN,NaN,NaN,NaN
3,NaN,NaN,NaN,NaN,NaN,NaN,NaN,NaN
4,NaN,NaN,NaN,NaN,NaN,NaN,NaN,NaN
5,NaN,NaN,NaN,NaN,NaN,NaN,NaN,NaN
6,NaN,NaN,NaN,NaN,NaN,NaN,NaN,NaN
7,NaN,NaN,NaN,NaN,NaN,NaN,NaN,NaN
8,NaN,NaN,NaN,NaN,NaN,NaN,NaN,NaN
9,NaN,NaN,NaN,NaN,NaN,NaN,NaN,NaN
10,NaN,NaN,NaN,NaN,NaN,NaN,NaN,NaN
11,NaN,NaN,NaN,NaN,NaN,NaN,NaN,NaN
1,NaN,NaN,NaN,NaN,NaN,NaN,NaN,NaN
2,NaN,NaN,NaN,NaN,NaN,NaN,NaN,NaN
3,NaN,NaN,NaN,NaN,NaN,NaN,NaN,NaN
4,NaN,NaN,NaN,NaN,NaN,NaN,NaN,NaN
5,NaN,NaN,NaN,NaN,NaN,NaN,NaN,NaN
6,NaN,NaN,NaN,NaN,NaN,NaN,NaN,NaN
7,NaN,NaN,NaN,NaN,NaN,NaN,NaN,NaN
8,NaN,NaN,NaN,NaN,NaN,NaN,NaN,NaN
9,NaN,NaN,NaN,NaN,NaN,NaN,NaN,NaN
10,NaN,NaN,NaN,NaN,NaN,NaN,NaN,NaN
11,NaN,NaN,NaN,NaN,NaN,NaN,NaN,NaN
1,NaN,NaN,NaN,NaN,NaN,NaN,NaN,NaN
2,NaN,NaN,NaN,NaN,NaN,NaN,NaN,NaN
3,NaN,NaN,NaN,NaN,NaN,NaN,NaN,NaN
4,NaN,NaN,NaN,NaN,NaN,NaN,NaN,NaN
5,NaN,NaN,NaN,NaN,NaN,NaN,NaN,NaN
6,NaN,NaN,NaN,NaN,NaN,NaN,NaN,NaN
7,NaN,NaN,NaN,NaN,NaN,NaN,NaN,NaN
8,NaN,NaN,NaN,NaN,NaN,NaN,NaN,NaN
9,NaN,NaN,NaN,NaN,NaN,NaN,NaN,NaN
10,NaN,NaN,NaN,NaN,NaN,NaN,NaN,NaN
11,NaN,NaN,NaN,NaN,NaN,NaN,NaN,NaN
1,NaN,NaN,NaN,NaN,NaN,NaN,NaN,NaN
2,NaN,NaN,NaN,NaN,NaN,NaN,NaN,NaN
3,NaN,NaN,NaN,NaN,NaN,NaN,NaN,NaN
4,NaN,NaN,NaN,NaN,NaN,NaN,NaN,NaN
5,NaN,NaN,NaN,NaN,NaN,NaN,NaN,NaN
6,NaN,NaN,NaN,NaN,NaN,NaN,NaN,NaN
7,NaN,NaN,NaN,NaN,NaN,NaN,NaN,NaN
8,NaN,NaN,NaN,NaN,NaN,NaN,NaN,NaN
9,NaN,NaN,NaN,NaN,NaN,NaN,NaN,NaN
10,NaN,NaN,NaN,NaN,NaN,NaN,NaN,NaN
11,NaN,NaN,NaN,NaN,NaN,NaN,NaN,NaN
1,NaN,NaN,NaN,NaN,NaN,NaN,NaN,NaN
2,NaN,NaN,NaN,NaN,NaN,NaN,NaN,NaN
3,NaN,NaN,NaN,NaN,NaN,NaN,NaN,NaN
4,NaN,NaN,NaN,NaN,NaN,NaN,NaN,NaN
5,NaN,NaN,NaN,NaN,NaN,NaN,NaN,NaN
6,NaN,NaN,NaN,NaN,NaN,NaN,NaN,NaN
7,NaN,NaN,NaN,NaN,NaN,NaN,NaN,NaN
8,NaN,NaN,NaN,NaN,NaN,NaN,NaN,NaN
9,NaN,NaN,NaN,NaN,NaN,NaN,NaN,NaN
10,NaN,NaN,NaN,NaN,NaN,NaN,NaN,NaN
11,NaN,NaN,NaN,NaN,NaN,NaN,NaN,NaN
1,NaN,NaN,NaN,NaN,NaN,NaN,NaN,NaN
2,NaN,NaN,NaN,NaN,NaN,NaN,NaN,NaN
3,NaN,NaN,NaN,NaN,NaN,NaN,NaN,NaN
4,NaN,NaN,NaN,NaN,NaN,NaN,NaN,NaN
5,NaN,NaN,NaN,NaN,NaN,NaN,NaN,NaN
6,NaN,NaN,NaN,NaN,NaN,NaN,NaN,NaN
7,NaN,NaN,NaN,NaN,NaN,NaN,NaN,NaN
8,NaN,NaN,NaN,NaN,NaN,NaN,NaN,NaN
9,NaN,NaN,NaN,NaN,NaN,NaN,NaN,NaN
10,NaN,NaN,NaN,NaN,NaN,NaN,NaN,NaN
11,NaN,NaN,NaN,NaN,NaN,NaN,NaN,NaN
1,NaN,NaN,NaN,NaN,NaN,NaN,NaN,NaN
2,NaN,NaN,NaN,NaN,NaN,NaN,NaN,NaN
3,NaN,NaN,NaN,NaN,NaN,NaN,NaN,NaN
4,NaN,NaN,NaN,NaN,NaN,NaN,NaN,NaN
5,NaN,NaN,NaN,NaN,NaN,NaN,NaN,NaN
6,NaN,NaN,NaN,NaN,NaN,NaN,NaN,NaN
7,NaN,NaN,NaN,NaN,NaN,NaN,NaN,NaN
8,NaN,NaN,NaN,NaN,NaN,NaN,NaN,NaN
9,NaN,NaN,NaN,NaN,NaN,NaN,NaN,NaN
10,NaN,NaN,NaN,NaN,NaN,NaN,NaN,NaN
11,NaN,NaN,NaN,NaN,NaN,NaN,NaN,NaN
1,NaN,NaN,NaN,NaN,NaN,NaN,NaN,NaN
2,NaN,NaN,NaN,NaN,NaN,NaN,NaN,NaN
3,NaN,NaN,NaN,NaN,NaN,NaN,NaN,NaN
4,NaN,NaN,NaN,NaN,NaN,NaN,NaN,NaN
5,NaN,NaN,NaN,NaN,NaN,NaN,NaN,NaN
6,NaN,NaN,NaN,NaN,NaN,NaN,NaN,NaN
7,NaN,NaN,NaN,NaN,NaN,NaN,NaN,NaN
8,NaN,NaN,NaN,NaN,NaN,NaN,NaN,NaN
9,NaN,NaN,NaN,NaN,NaN,NaN,NaN,NaN
10,NaN,NaN,NaN,NaN,NaN,NaN,NaN,NaN
11,NaN,NaN,NaN,NaN,NaN,NaN,NaN,NaN
1,NaN,NaN,NaN,NaN,NaN,NaN,NaN,NaN
2,NaN,NaN,NaN,NaN,NaN,NaN,NaN,NaN
3,NaN,NaN,NaN,NaN,NaN,NaN,NaN,NaN
4,NaN,NaN,NaN,NaN,NaN,NaN,NaN,NaN
5,NaN,NaN,NaN,NaN,NaN,NaN,NaN,NaN
6,NaN,NaN,NaN,NaN,NaN,NaN,NaN,NaN
7,NaN,NaN,NaN,NaN,NaN,NaN,NaN,NaN
8,NaN,NaN,NaN,NaN,NaN,NaN,NaN,NaN
9,NaN,NaN,NaN,NaN,NaN,NaN,NaN,NaN
10,NaN,NaN,NaN,NaN,NaN,NaN,NaN,NaN
11,NaN,NaN,NaN,NaN,NaN,NaN,NaN,NaN
1,NaN,NaN,NaN,NaN,NaN,NaN,NaN,NaN
2,NaN,NaN,NaN,NaN,NaN,NaN,NaN,NaN
3,NaN,NaN,NaN,NaN,NaN,NaN,NaN,NaN
4,NaN,NaN,NaN,NaN,NaN,NaN,NaN,NaN
5,NaN,NaN,NaN,NaN,NaN,NaN,NaN,NaN
6,NaN,NaN,NaN,NaN,NaN,NaN,NaN,NaN
7,NaN,NaN,NaN,NaN,NaN,NaN,NaN,NaN
8,NaN,NaN,NaN,NaN,NaN,NaN,NaN,NaN
9,NaN,NaN,NaN,NaN,NaN,NaN,NaN,NaN
10,NaN,NaN,NaN,NaN,NaN,NaN,NaN,NaN
11,NaN,NaN,NaN,NaN,NaN,NaN,NaN,NaN
1,NaN,NaN,NaN,NaN,NaN,NaN,NaN,NaN
2,NaN,NaN,NaN,NaN,NaN,NaN,NaN,NaN
3,NaN,NaN,NaN,NaN,NaN,NaN,NaN,NaN
4,NaN,NaN,NaN,NaN,NaN,NaN,NaN,NaN
5,NaN,NaN,NaN,NaN,NaN,NaN,NaN,NaN
6,NaN,NaN,NaN,NaN,NaN,NaN,NaN,NaN
7,NaN,NaN,NaN,NaN,NaN,NaN,NaN,NaN
8,NaN,NaN,NaN,NaN,NaN,NaN,NaN,NaN
9,NaN,NaN,NaN,NaN,NaN,NaN,NaN,NaN
10,NaN,NaN,NaN,NaN,NaN,NaN,NaN,NaN
11,NaN,NaN,NaN,NaN,NaN,NaN,NaN,NaN
1,NaN,NaN,NaN,NaN,NaN,NaN,NaN,NaN
2,NaN,NaN,NaN,NaN,NaN,NaN,NaN,NaN
3,NaN,NaN,NaN,NaN,NaN,NaN,NaN,NaN
4,NaN,NaN,NaN,NaN,NaN,NaN,NaN,NaN
5,NaN,NaN,NaN,NaN,NaN,NaN,NaN,NaN
6,NaN,NaN,NaN,NaN,NaN,NaN,NaN,NaN
7,NaN,NaN,NaN,NaN,NaN,NaN,NaN,NaN
8,NaN,NaN,NaN,NaN,NaN,NaN,NaN,NaN
9,NaN,NaN,NaN,NaN,NaN,NaN,NaN,NaN
10,NaN,NaN,NaN,NaN,NaN,NaN,NaN,NaN
11,NaN,NaN,NaN,NaN,NaN,NaN,NaN,NaN
1,NaN,NaN,NaN,NaN,NaN,NaN,NaN,NaN
2,NaN,NaN,NaN,NaN,NaN,NaN,NaN,NaN
3,NaN,NaN,NaN,NaN,NaN,NaN,NaN,NaN
4,NaN,NaN,NaN,NaN,NaN,NaN,NaN,NaN
5,NaN,NaN,NaN,NaN,NaN,NaN,NaN,NaN
6,NaN,NaN,NaN,NaN,NaN,NaN,NaN,NaN
7,NaN,NaN,NaN,NaN,NaN,NaN,NaN,NaN
8,NaN,NaN,NaN,NaN,NaN,NaN,NaN,NaN
9,NaN,NaN,NaN,NaN,NaN,NaN,NaN,NaN
10,NaN,NaN,NaN,NaN,NaN,NaN,NaN,NaN
11,NaN,NaN,NaN,NaN,NaN,NaN,NaN,NaN
1,NaN,NaN,NaN,NaN,NaN,NaN,NaN,NaN
2,NaN,NaN,NaN,NaN,NaN,NaN,NaN,NaN
3,NaN,NaN,NaN,NaN,NaN,NaN,NaN,NaN
4,NaN,NaN,NaN,NaN,NaN,NaN,NaN,NaN
5,NaN,NaN,NaN,NaN,NaN,NaN,NaN,NaN
6,NaN,NaN,NaN,NaN,NaN,NaN,NaN,NaN
7,NaN,NaN,NaN,NaN,NaN,NaN,NaN,NaN
8,NaN,NaN,NaN,NaN,NaN,NaN,NaN,NaN
9,NaN,NaN,NaN,NaN,NaN,NaN,NaN,NaN
10,NaN,NaN,NaN,NaN,NaN,NaN,NaN,NaN
11,NaN,NaN,NaN,NaN,NaN,NaN,NaN,NaN
1,NaN,NaN,NaN,NaN,NaN,NaN,NaN,NaN
2,NaN,NaN,NaN,NaN,NaN,NaN,NaN,NaN
3,NaN,NaN,NaN,NaN,NaN,NaN,NaN,NaN
4,NaN,NaN,NaN,NaN,NaN,NaN,NaN,NaN
5,NaN,NaN,NaN,NaN,NaN,NaN,NaN,NaN
6,NaN,NaN,NaN,NaN,NaN,NaN,NaN,NaN
7,NaN,NaN,NaN,NaN,NaN,NaN,NaN,NaN
8,NaN,NaN,NaN,NaN,NaN,NaN,NaN,NaN
9,NaN,NaN,NaN,NaN,NaN,NaN,NaN,NaN
10,NaN,NaN,NaN,NaN,NaN,NaN,NaN,NaN
11,NaN,NaN,NaN,NaN,NaN,NaN,NaN,NaN
1,NaN,NaN,NaN,NaN,NaN,NaN,NaN,NaN
2,NaN,NaN,NaN,NaN,NaN,NaN,NaN,NaN
3,NaN,NaN,NaN,NaN,NaN,NaN,NaN,NaN
4,NaN,NaN,NaN,NaN,NaN,NaN,NaN,NaN
5,NaN,NaN,NaN,NaN,NaN,NaN,NaN,NaN
6,NaN,NaN,NaN,NaN,NaN,NaN,NaN,NaN
7,NaN,NaN,NaN,NaN,NaN,NaN,NaN,NaN
8,NaN,NaN,NaN,NaN,NaN,NaN,NaN,NaN
9,NaN,NaN,NaN,NaN,NaN,NaN,NaN,NaN
10,NaN,NaN,NaN,NaN,NaN,NaN,NaN,NaN
11,NaN,NaN,NaN,NaN,NaN,NaN,NaN,NaN
1,NaN,NaN,NaN,NaN,NaN,NaN,NaN,NaN
2,NaN,NaN,NaN,NaN,NaN,NaN,NaN,NaN
3,NaN,NaN,NaN,NaN,NaN,NaN,NaN,NaN
4,NaN,NaN,NaN,NaN,NaN,NaN,NaN,NaN
5,NaN,NaN,NaN,NaN,NaN,NaN,NaN,NaN
6,NaN,NaN,NaN,NaN,NaN,NaN,NaN,NaN
7,NaN,NaN,NaN,NaN,NaN,NaN,NaN,NaN
8,NaN,NaN,NaN,NaN,NaN,NaN,NaN,NaN
9,NaN,NaN,NaN,NaN,NaN,NaN,NaN,NaN
10,NaN,NaN,NaN,NaN,NaN,NaN,NaN,NaN
11,NaN,NaN,NaN,NaN,NaN,NaN,NaN,NaN
1,NaN,NaN,NaN,NaN,NaN,NaN,NaN,NaN
2,NaN,NaN,NaN,NaN,NaN,NaN,NaN,NaN
3,NaN,NaN,NaN,NaN,NaN,NaN,NaN,NaN
4,NaN,NaN,NaN,NaN,NaN,NaN,NaN,NaN
5,NaN,NaN,NaN,NaN,NaN,NaN,NaN,NaN
6,NaN,NaN,NaN,NaN,NaN,NaN,NaN,NaN
7,NaN,NaN,NaN,NaN,NaN,NaN,NaN,NaN
8,NaN,NaN,NaN,NaN,NaN,NaN,NaN,NaN
9,NaN,NaN,NaN,NaN,NaN,NaN,NaN,NaN
10,NaN,NaN,NaN,NaN,NaN,NaN,NaN,NaN
11,NaN,NaN,NaN,NaN,NaN,NaN,NaN,NaN
1,NaN,NaN,NaN,NaN,NaN,NaN,NaN,NaN
2,NaN,NaN,NaN,NaN,NaN,NaN,NaN,NaN
3,NaN,NaN,NaN,NaN,NaN,NaN,NaN,NaN
4,NaN,NaN,NaN,NaN,NaN,NaN,NaN,NaN
5,NaN,NaN,NaN,NaN,NaN,NaN,NaN,NaN
6,NaN,NaN,NaN,NaN,NaN,NaN,NaN,NaN
7,NaN,NaN,NaN,NaN,NaN,NaN,NaN,NaN
8,NaN,NaN,NaN,NaN,NaN,NaN,NaN,NaN
9,NaN,NaN,NaN,NaN,NaN,NaN,NaN,NaN
10,NaN,NaN,NaN,NaN,NaN,NaN,NaN,NaN
11,NaN,NaN,NaN,NaN,NaN,NaN,NaN,NaN
1,NaN,NaN,NaN,NaN,NaN,NaN,NaN,NaN
2,NaN,NaN,NaN,NaN,NaN,NaN,NaN,NaN
3,NaN,NaN,NaN,NaN,NaN,NaN,NaN,NaN
4,NaN,NaN,NaN,NaN,NaN,NaN,NaN,NaN
5,NaN,NaN,NaN,NaN,NaN,NaN,NaN,NaN
6,NaN,NaN,NaN,NaN,NaN,NaN,NaN,NaN
7,NaN,NaN,NaN,NaN,NaN,NaN,NaN,NaN
8,NaN,NaN,NaN,NaN,NaN,NaN,NaN,NaN
9,NaN,NaN,NaN,NaN,NaN,NaN,NaN,NaN
10,NaN,NaN,NaN,NaN,NaN,NaN,NaN,NaN
11,NaN,NaN,NaN,NaN,NaN,NaN,NaN,NaN
1,NaN,NaN,NaN,NaN,NaN,NaN,NaN,NaN
2,NaN,NaN,NaN,NaN,NaN,NaN,NaN,NaN
3,NaN,NaN,NaN,NaN,NaN,NaN,NaN,NaN
4,NaN,NaN,NaN,NaN,NaN,NaN,NaN,NaN
5,NaN,NaN,NaN,NaN,NaN,NaN,NaN,NaN
6,NaN,NaN,NaN,NaN,NaN,NaN,NaN,NaN
7,NaN,NaN,NaN,NaN,NaN,NaN,NaN,NaN
8,NaN,NaN,NaN,NaN,NaN,NaN,NaN,NaN
9,NaN,NaN,NaN,NaN,NaN,NaN,NaN,NaN
10,NaN,NaN,NaN,NaN,NaN,NaN,NaN,NaN
11,NaN,NaN,NaN,NaN,NaN,NaN,NaN,NaN
1,NaN,NaN,NaN,NaN,NaN,NaN,NaN,NaN
2,NaN,NaN,NaN,NaN,NaN,NaN,NaN,NaN
3,NaN,NaN,NaN,NaN,NaN,NaN,NaN,NaN
4,NaN,NaN,NaN,NaN,NaN,NaN,NaN,NaN
5,NaN,NaN,NaN,NaN,NaN,NaN,NaN,NaN
6,NaN,NaN,NaN,NaN,NaN,NaN,NaN,NaN
7,NaN,NaN,NaN,NaN,NaN,NaN,NaN,NaN
8,NaN,NaN,NaN,NaN,NaN,NaN,NaN,NaN
9,NaN,NaN,NaN,NaN,NaN,NaN,NaN,NaN
10,NaN,NaN,NaN,NaN,NaN,NaN,NaN,NaN
11,NaN,NaN,NaN,NaN,NaN,NaN,NaN,NaN
1,NaN,NaN,NaN,NaN,NaN,NaN,NaN,NaN
2,NaN,NaN,NaN,NaN,NaN,NaN,NaN,NaN
3,NaN,NaN,NaN,NaN,NaN,NaN,NaN,NaN
4,NaN,NaN,NaN,NaN,NaN,NaN,NaN,NaN
5,NaN,NaN,NaN,NaN,NaN,NaN,NaN,NaN
6,NaN,NaN,NaN,NaN,NaN,NaN,NaN,NaN
7,NaN,NaN,NaN,NaN,NaN,NaN,NaN,NaN
8,NaN,NaN,NaN,NaN,NaN,NaN,NaN,NaN
9,NaN,NaN,NaN,NaN,NaN,NaN,NaN,NaN
10,NaN,NaN,NaN,NaN,NaN,NaN,NaN,NaN
11,NaN,NaN,NaN,NaN,NaN,NaN,NaN,NaN
1,NaN,NaN,NaN,NaN,NaN,NaN,NaN,NaN
2,NaN,NaN,NaN,NaN,NaN,NaN,NaN,NaN
3,NaN,NaN,NaN,NaN,NaN,NaN,NaN,NaN
4,NaN,NaN,NaN,NaN,NaN,NaN,NaN,NaN
5,NaN,NaN,NaN,NaN,NaN,NaN,NaN,NaN
6,NaN,NaN,NaN,NaN,NaN,NaN,NaN,NaN
7,NaN,NaN,NaN,NaN,NaN,NaN,NaN,NaN
8,NaN,NaN,NaN,NaN,NaN,NaN,NaN,NaN
9,NaN,NaN,NaN,NaN,NaN,NaN,NaN,NaN
10,NaN,NaN,NaN,NaN,NaN,NaN,NaN,NaN
11,NaN,NaN,NaN,NaN,NaN,NaN,NaN,NaN
1,NaN,NaN,NaN,NaN,NaN,NaN,NaN,NaN
2,NaN,NaN,NaN,NaN,NaN,NaN,NaN,NaN
3,NaN,NaN,NaN,NaN,NaN,NaN,NaN,NaN
4,NaN,NaN,NaN,NaN,NaN,NaN,NaN,NaN
5,NaN,NaN,NaN,NaN,NaN,NaN,NaN,NaN
6,NaN,NaN,NaN,NaN,NaN,NaN,NaN,NaN
7,NaN,NaN,NaN,NaN,NaN,NaN,NaN,NaN
8,NaN,NaN,NaN,NaN,NaN,NaN,NaN,NaN
9,NaN,NaN,NaN,NaN,NaN,NaN,NaN,NaN
10,NaN,NaN,NaN,NaN,NaN,NaN,NaN,NaN
11,NaN,NaN,NaN,NaN,NaN,NaN,NaN,NaN
1,NaN,NaN,NaN,NaN,NaN,NaN,NaN,NaN
2,NaN,NaN,NaN,NaN,NaN,NaN,NaN,NaN
3,NaN,NaN,NaN,NaN,NaN,NaN,NaN,NaN
4,NaN,NaN,NaN,NaN,NaN,NaN,NaN,NaN
5,NaN,NaN,NaN,NaN,NaN,NaN,NaN,NaN
6,NaN,NaN,NaN,NaN,NaN,NaN,NaN,NaN
7,NaN,NaN,NaN,NaN,NaN,NaN,NaN,NaN
8,NaN,NaN,NaN,NaN,NaN,NaN,NaN,NaN
9,NaN,NaN,NaN,NaN,NaN,NaN,NaN,NaN
10,NaN,NaN,NaN,NaN,NaN,NaN,NaN,NaN
11,NaN,NaN,NaN,NaN,NaN,NaN,NaN,NaN
1,NaN,NaN,NaN,NaN,NaN,NaN,NaN,NaN
2,NaN,NaN,NaN,NaN,NaN,NaN,NaN,NaN
3,NaN,NaN,NaN,NaN,NaN,NaN,NaN,NaN
4,NaN,NaN,NaN,NaN,NaN,NaN,NaN,NaN
5,NaN,NaN,NaN,NaN,NaN,NaN,NaN,NaN
6,NaN,NaN,NaN,NaN,NaN,NaN,NaN,NaN
7,NaN,NaN,NaN,NaN,NaN,NaN,NaN,NaN
8,NaN,NaN,NaN,NaN,NaN,NaN,NaN,NaN
9,NaN,NaN,NaN,NaN,NaN,NaN,NaN,NaN
10,NaN,NaN,NaN,NaN,NaN,NaN,NaN,NaN
11,NaN,NaN,NaN,NaN,NaN,NaN,NaN,NaN
1,NaN,NaN,NaN,NaN,NaN,NaN,NaN,NaN
2,NaN,NaN,NaN,NaN,NaN,NaN,NaN,NaN
3,NaN,NaN,NaN,NaN,NaN,NaN,NaN,NaN
4,NaN,NaN,NaN,NaN,NaN,NaN,NaN,NaN
5,NaN,NaN,NaN,NaN,NaN,NaN,NaN,NaN
6,NaN,NaN,NaN,NaN,NaN,NaN,NaN,NaN
7,NaN,NaN,NaN,NaN,NaN,NaN,NaN,NaN
8,NaN,NaN,NaN,NaN,NaN,NaN,NaN,NaN
9,NaN,NaN,NaN,NaN,NaN,NaN,NaN,NaN
10,NaN,NaN,NaN,NaN,NaN,NaN,NaN,NaN
11,NaN,NaN,NaN,NaN,NaN,NaN,NaN,NaN
1,NaN,NaN,NaN,NaN,NaN,NaN,NaN,NaN
2,NaN,NaN,NaN,NaN,NaN,NaN,NaN,NaN
3,NaN,NaN,NaN,NaN,NaN,NaN,NaN,NaN
4,NaN,NaN,NaN,NaN,NaN,NaN,NaN,NaN
5,NaN,NaN,NaN,NaN,NaN,NaN,NaN,NaN
6,NaN,NaN,NaN,NaN,NaN,NaN,NaN,NaN
7,NaN,NaN,NaN,NaN,NaN,NaN,NaN,NaN
8,NaN,NaN,NaN,NaN,NaN,NaN,NaN,NaN
9,NaN,NaN,NaN,NaN,NaN,NaN,NaN,NaN
10,NaN,NaN,NaN,NaN,NaN,NaN,NaN,NaN
11,NaN,NaN,NaN,NaN,NaN,NaN,NaN,NaN
1,NaN,NaN,NaN,NaN,NaN,NaN,NaN,NaN
2,NaN,NaN,NaN,NaN,NaN,NaN,NaN,NaN
3,NaN,NaN,NaN,NaN,NaN,NaN,NaN,NaN
4,NaN,NaN,NaN,NaN,NaN,NaN,NaN,NaN
5,NaN,NaN,NaN,NaN,NaN,NaN,NaN,NaN
6,NaN,NaN,NaN,NaN,NaN,NaN,NaN,NaN
7,NaN,NaN,NaN,NaN,NaN,NaN,NaN,NaN
8,NaN,NaN,NaN,NaN,NaN,NaN,NaN,NaN
9,NaN,NaN,NaN,NaN,NaN,NaN,NaN,NaN
10,NaN,NaN,NaN,NaN,NaN,NaN,NaN,NaN
11,NaN,NaN,NaN,NaN,NaN,NaN,NaN,NaN
1,NaN,NaN,NaN,NaN,NaN,NaN,NaN,NaN
2,NaN,NaN,NaN,NaN,NaN,NaN,NaN,NaN
3,NaN,NaN,NaN,NaN,NaN,NaN,NaN,NaN
4,NaN,NaN,NaN,NaN,NaN,NaN,NaN,NaN
5,NaN,NaN,NaN,NaN,NaN,NaN,NaN,NaN
6,NaN,NaN,NaN,NaN,NaN,NaN,NaN,NaN
7,NaN,NaN,NaN,NaN,NaN,NaN,NaN,NaN
8,NaN,NaN,NaN,NaN,NaN,NaN,NaN,NaN
9,NaN,NaN,NaN,NaN,NaN,NaN,NaN,NaN
10,NaN,NaN,NaN,NaN,NaN,NaN,NaN,NaN
11,NaN,NaN,NaN,NaN,NaN,NaN,NaN,NaN
1,NaN,NaN,NaN,NaN,NaN,NaN,NaN,NaN
2,NaN,NaN,NaN,NaN,NaN,NaN,NaN,NaN
3,NaN,NaN,NaN,NaN,NaN,NaN,NaN,NaN
4,NaN,NaN,NaN,NaN,NaN,NaN,NaN,NaN
5,NaN,NaN,NaN,NaN,NaN,NaN,NaN,NaN
6,NaN,NaN,NaN,NaN,NaN,NaN,NaN,NaN
7,NaN,NaN,NaN,NaN,NaN,NaN,NaN,NaN
8,NaN,NaN,NaN,NaN,NaN,NaN,NaN,NaN
9,NaN,NaN,NaN,NaN,NaN,NaN,NaN,NaN
10,NaN,NaN,NaN,NaN,NaN,NaN,NaN,NaN
11,NaN,NaN,NaN,NaN,NaN,NaN,NaN,NaN
1,NaN,NaN,NaN,NaN,NaN,NaN,NaN,NaN
2,NaN,NaN,NaN,NaN,NaN,NaN,NaN,NaN
3,NaN,NaN,NaN,NaN,NaN,NaN,NaN,NaN
4,NaN,NaN,NaN,NaN,NaN,NaN,NaN,NaN
5,NaN,NaN,NaN,NaN,NaN,NaN,NaN,NaN
6,NaN,NaN,NaN,NaN,NaN,NaN,NaN,NaN
7,NaN,NaN,NaN,NaN,NaN,NaN,NaN,NaN
8,NaN,NaN,NaN,NaN,NaN,NaN,NaN,NaN
9,NaN,NaN,NaN,NaN,NaN,NaN,NaN,NaN
10,NaN,NaN,NaN,NaN,NaN,NaN,NaN,NaN
11,NaN,NaN,NaN,NaN,NaN,NaN,NaN,NaN
1,NaN,NaN,NaN,NaN,NaN,NaN,NaN,NaN
2,NaN,NaN,NaN,NaN,NaN,NaN,NaN,NaN
3,NaN,NaN,NaN,NaN,NaN,NaN,NaN,NaN
4,NaN,NaN,NaN,NaN,NaN,NaN,NaN,NaN
5,NaN,NaN,NaN,NaN,NaN,NaN,NaN,NaN
6,NaN,NaN,NaN,NaN,NaN,NaN,NaN,NaN
7,NaN,NaN,NaN,NaN,NaN,NaN,NaN,NaN
8,NaN,NaN,NaN,NaN,NaN,NaN,NaN,NaN
9,NaN,NaN,NaN,NaN,NaN,NaN,NaN,NaN
10,NaN,NaN,NaN,NaN,NaN,NaN,NaN,NaN
11,NaN,NaN,NaN,NaN,NaN,NaN,NaN,NaN
1,NaN,NaN,NaN,NaN,NaN,NaN,NaN,NaN
2,NaN,NaN,NaN,NaN,NaN,NaN,NaN,NaN
3,NaN,NaN,NaN,NaN,NaN,NaN,NaN,NaN
4,NaN,NaN,NaN,NaN,NaN,NaN,NaN,NaN
5,NaN,NaN,NaN,NaN,NaN,NaN,NaN,NaN
6,NaN,NaN,NaN,NaN,NaN,NaN,NaN,NaN
7,NaN,NaN,NaN,NaN,NaN,NaN,NaN,NaN
8,NaN,NaN,NaN,NaN,NaN,NaN,NaN,NaN
9,NaN,NaN,NaN,NaN,NaN,NaN,NaN,NaN
10,NaN,NaN,NaN,NaN,NaN,NaN,NaN,NaN
11,NaN,NaN,NaN,NaN,NaN,NaN,NaN,NaN
1,NaN,NaN,NaN,NaN,NaN,NaN,NaN,NaN
2,NaN,NaN,NaN,NaN,NaN,NaN,NaN,NaN
3,NaN,NaN,NaN,NaN,NaN,NaN,NaN,NaN
4,NaN,NaN,NaN,NaN,NaN,NaN,NaN,NaN
5,NaN,NaN,NaN,NaN,NaN,NaN,NaN,NaN
6,NaN,NaN,NaN,NaN,NaN,NaN,NaN,NaN
7,NaN,NaN,NaN,NaN,NaN,NaN,NaN,NaN
8,NaN,NaN,NaN,NaN,NaN,NaN,NaN,NaN
9,NaN,NaN,NaN,NaN,NaN,NaN,NaN,NaN
10,NaN,NaN,NaN,NaN,NaN,NaN,NaN,NaN
11,NaN,NaN,NaN,NaN,NaN,NaN,NaN,NaN
1,NaN,NaN,NaN,NaN,NaN,NaN,NaN,NaN
2,NaN,NaN,NaN,NaN,NaN,NaN,NaN,NaN
3,NaN,NaN,NaN,NaN,NaN,NaN,NaN,NaN
4,NaN,NaN,NaN,NaN,NaN,NaN,NaN,NaN
5,NaN,NaN,NaN,NaN,NaN,NaN,NaN,NaN
6,NaN,NaN,NaN,NaN,NaN,NaN,NaN,NaN
7,NaN,NaN,NaN,NaN,NaN,NaN,NaN,NaN
8,NaN,NaN,NaN,NaN,NaN,NaN,NaN,NaN
9,NaN,NaN,NaN,NaN,NaN,NaN,NaN,NaN
10,NaN,NaN,NaN,NaN,NaN,NaN,NaN,NaN
11,NaN,NaN,NaN,NaN,NaN,NaN,NaN,NaN
1,NaN,NaN,NaN,NaN,NaN,NaN,NaN,NaN
2,NaN,NaN,NaN,NaN,NaN,NaN,NaN,NaN
3,NaN,NaN,NaN,NaN,NaN,NaN,NaN,NaN
4,NaN,NaN,NaN,NaN,NaN,NaN,NaN,NaN
5,NaN,NaN,NaN,NaN,NaN,NaN,NaN,NaN
6,NaN,NaN,NaN,NaN,NaN,NaN,NaN,NaN
7,NaN,NaN,NaN,NaN,NaN,NaN,NaN,NaN
8,NaN,NaN,NaN,NaN,NaN,NaN,NaN,NaN
9,NaN,NaN,NaN,NaN,NaN,NaN,NaN,NaN
10,NaN,NaN,NaN,NaN,NaN,NaN,NaN,NaN
11,NaN,NaN,NaN,NaN,NaN,NaN,NaN,NaN
1,NaN,NaN,NaN,NaN,NaN,NaN,NaN,NaN
2,NaN,NaN,NaN,NaN,NaN,NaN,NaN,NaN
3,NaN,NaN,NaN,NaN,NaN,NaN,NaN,NaN
4,NaN,NaN,NaN,NaN,NaN,NaN,NaN,NaN
5,NaN,NaN,NaN,NaN,NaN,NaN,NaN,NaN
6,NaN,NaN,NaN,NaN,NaN,NaN,NaN,NaN
7,NaN,NaN,NaN,NaN,NaN,NaN,NaN,NaN
8,NaN,NaN,NaN,NaN,NaN,NaN,NaN,NaN
9,NaN,NaN,NaN,NaN,NaN,NaN,NaN,NaN
10,NaN,NaN,NaN,NaN,NaN,NaN,NaN,NaN
11,NaN,NaN,NaN,NaN,NaN,NaN,NaN,NaN
1,NaN,NaN,NaN,NaN,NaN,NaN,NaN,NaN
2,NaN,NaN,NaN,NaN,NaN,NaN,NaN,NaN
3,NaN,NaN,NaN,NaN,NaN,NaN,NaN,NaN
4,NaN,NaN,NaN,NaN,NaN,NaN,NaN,NaN
5,NaN,NaN,NaN,NaN,NaN,NaN,NaN,NaN
6,NaN,NaN,NaN,NaN,NaN,NaN,NaN,NaN
7,NaN,NaN,NaN,NaN,NaN,NaN,NaN,NaN
8,NaN,NaN,NaN,NaN,NaN,NaN,NaN,NaN
9,NaN,NaN,NaN,NaN,NaN,NaN,NaN,NaN
10,NaN,NaN,NaN,NaN,NaN,NaN,NaN,NaN
11,NaN,NaN,NaN,NaN,NaN,NaN,NaN,NaN
1,NaN,NaN,NaN,NaN,NaN,NaN,NaN,NaN
2,NaN,NaN,NaN,NaN,NaN,NaN,NaN,NaN
3,NaN,NaN,NaN,NaN,NaN,NaN,NaN,NaN
4,NaN,NaN,NaN,NaN,NaN,NaN,NaN,NaN
5,NaN,NaN,NaN,NaN,NaN,NaN,NaN,NaN
6,NaN,NaN,NaN,NaN,NaN,NaN,NaN,NaN
7,NaN,NaN,NaN,NaN,NaN,NaN,NaN,NaN
8,NaN,NaN,NaN,NaN,NaN,NaN,NaN,NaN
9,NaN,NaN,NaN,NaN,NaN,NaN,NaN,NaN
10,NaN,NaN,NaN,NaN,NaN,NaN,NaN,NaN
11,NaN,NaN,NaN,NaN,NaN,NaN,NaN,NaN
1,NaN,NaN,NaN,NaN,NaN,NaN,NaN,NaN
2,NaN,NaN,NaN,NaN,NaN,NaN,NaN,NaN
3,NaN,NaN,NaN,NaN,NaN,NaN,NaN,NaN
4,NaN,NaN,NaN,NaN,NaN,NaN,NaN,NaN
5,NaN,NaN,NaN,NaN,NaN,NaN,NaN,NaN
6,NaN,NaN,NaN,NaN,NaN,NaN,NaN,NaN
7,NaN,NaN,NaN,NaN,NaN,NaN,NaN,NaN
8,NaN,NaN,NaN,NaN,NaN,NaN,NaN,NaN
9,NaN,NaN,NaN,NaN,NaN,NaN,NaN,NaN
10,NaN,NaN,NaN,NaN,NaN,NaN,NaN,NaN
11,NaN,NaN,NaN,NaN,NaN,NaN,NaN,NaN
1,NaN,NaN,NaN,NaN,NaN,NaN,NaN,NaN
2,NaN,NaN,NaN,NaN,NaN,NaN,NaN,NaN
3,NaN,NaN,NaN,NaN,NaN,NaN,NaN,NaN
4,NaN,NaN,NaN,NaN,NaN,NaN,NaN,NaN
5,NaN,NaN,NaN,NaN,NaN,NaN,NaN,NaN
6,NaN,NaN,NaN,NaN,NaN,NaN,NaN,NaN
7,NaN,NaN,NaN,NaN,NaN,NaN,NaN,NaN
8,NaN,NaN,NaN,NaN,NaN,NaN,NaN,NaN
9,NaN,NaN,NaN,NaN,NaN,NaN,NaN,NaN
10,NaN,NaN,NaN,NaN,NaN,NaN,NaN,NaN
11,NaN,NaN,NaN,NaN,NaN,NaN,NaN,NaN
1,NaN,NaN,NaN,NaN,NaN,NaN,NaN,NaN
2,NaN,NaN,NaN,NaN,NaN,NaN,NaN,NaN
3,NaN,NaN,NaN,NaN,NaN,NaN,NaN,NaN
4,NaN,NaN,NaN,NaN,NaN,NaN,NaN,NaN
5,NaN,NaN,NaN,NaN,NaN,NaN,NaN,NaN
6,NaN,NaN,NaN,NaN,NaN,NaN,NaN,NaN
7,NaN,NaN,NaN,NaN,NaN,NaN,NaN,NaN
8,NaN,NaN,NaN,NaN,NaN,NaN,NaN,NaN
9,NaN,NaN,NaN,NaN,NaN,NaN,NaN,NaN
10,NaN,NaN,NaN,NaN,NaN,NaN,NaN,NaN
11,NaN,NaN,NaN,NaN,NaN,NaN,NaN,NaN
1,NaN,NaN,NaN,NaN,NaN,NaN,NaN,NaN
2,NaN,NaN,NaN,NaN,NaN,NaN,NaN,NaN
3,NaN,NaN,NaN,NaN,NaN,NaN,NaN,NaN
4,NaN,NaN,NaN,NaN,NaN,NaN,NaN,NaN
5,NaN,NaN,NaN,NaN,NaN,NaN,NaN,NaN
6,NaN,NaN,NaN,NaN,NaN,NaN,NaN,NaN
7,NaN,NaN,NaN,NaN,NaN,NaN,NaN,NaN
8,NaN,NaN,NaN,NaN,NaN,NaN,NaN,NaN
9,NaN,NaN,NaN,NaN,NaN,NaN,NaN,NaN
10,NaN,NaN,NaN,NaN,NaN,NaN,NaN,NaN
11,NaN,NaN,NaN,NaN,NaN,NaN,NaN,NaN
1,NaN,NaN,NaN,NaN,NaN,NaN,NaN,NaN
2,NaN,NaN,NaN,NaN,NaN,NaN,NaN,NaN
3,NaN,NaN,NaN,NaN,NaN,NaN,NaN,NaN
4,NaN,NaN,NaN,NaN,NaN,NaN,NaN,NaN
5,NaN,NaN,NaN,NaN,NaN,NaN,NaN,NaN
6,NaN,NaN,NaN,NaN,NaN,NaN,NaN,NaN
7,NaN,NaN,NaN,NaN,NaN,NaN,NaN,NaN
8,NaN,NaN,NaN,NaN,NaN,NaN,NaN,NaN
9,NaN,NaN,NaN,NaN,NaN,NaN,NaN,NaN
10,NaN,NaN,NaN,NaN,NaN,NaN,NaN,NaN
11,NaN,NaN,NaN,NaN,NaN,NaN,NaN,NaN
1,NaN,NaN,NaN,NaN,NaN,NaN,NaN,NaN
2,NaN,NaN,NaN,NaN,NaN,NaN,NaN,NaN
3,NaN,NaN,NaN,NaN,NaN,NaN,NaN,NaN
4,NaN,NaN,NaN,NaN,NaN,NaN,NaN,NaN
5,NaN,NaN,NaN,NaN,NaN,NaN,NaN,NaN
6,NaN,NaN,NaN,NaN,NaN,NaN,NaN,NaN
7,NaN,NaN,NaN,NaN,NaN,NaN,NaN,NaN
8,NaN,NaN,NaN,NaN,NaN,NaN,NaN,NaN
9,NaN,NaN,NaN,NaN,NaN,NaN,NaN,NaN
10,NaN,NaN,NaN,NaN,NaN,NaN,NaN,NaN
11,NaN,NaN,NaN,NaN,NaN,NaN,NaN,NaN
1,NaN,NaN,NaN,NaN,NaN,NaN,NaN,NaN
2,NaN,NaN,NaN,NaN,NaN,NaN,NaN,NaN
3,NaN,NaN,NaN,NaN,NaN,NaN,NaN,NaN
4,NaN,NaN,NaN,NaN,NaN,NaN,NaN,NaN
5,NaN,NaN,NaN,NaN,NaN,NaN,NaN,NaN
6,NaN,NaN,NaN,NaN,NaN,NaN,NaN,NaN
7,NaN,NaN,NaN,NaN,NaN,NaN,NaN,NaN
8,NaN,NaN,NaN,NaN,NaN,NaN,NaN,NaN
9,NaN,NaN,NaN,NaN,NaN,NaN,NaN,NaN
10,NaN,NaN,NaN,NaN,NaN,NaN,NaN,NaN
11,NaN,NaN,NaN,NaN,NaN,NaN,NaN,NaN
1,NaN,NaN,NaN,NaN,NaN,NaN,NaN,NaN
2,NaN,NaN,NaN,NaN,NaN,NaN,NaN,NaN
3,NaN,NaN,NaN,NaN,NaN,NaN,NaN,NaN
4,NaN,NaN,NaN,NaN,NaN,NaN,NaN,NaN
5,NaN,NaN,NaN,NaN,NaN,NaN,NaN,NaN
6,NaN,NaN,NaN,NaN,NaN,NaN,NaN,NaN
7,NaN,NaN,NaN,NaN,NaN,NaN,NaN,NaN
8,NaN,NaN,NaN,NaN,NaN,NaN,NaN,NaN
9,NaN,NaN,NaN,NaN,NaN,NaN,NaN,NaN
10,NaN,NaN,NaN,NaN,NaN,NaN,NaN,NaN
11,NaN,NaN,NaN,NaN,NaN,NaN,NaN,NaN
1,NaN,NaN,NaN,NaN,NaN,NaN,NaN,NaN
2,NaN,NaN,NaN,NaN,NaN,NaN,NaN,NaN
3,NaN,NaN,NaN,NaN,NaN,NaN,NaN,NaN
4,NaN,NaN,NaN,NaN,NaN,NaN,NaN,NaN
5,NaN,NaN,NaN,NaN,NaN,NaN,NaN,NaN
6,NaN,NaN,NaN,NaN,NaN,NaN,NaN,NaN
7,NaN,NaN,NaN,NaN,NaN,NaN,NaN,NaN
8,NaN,NaN,NaN,NaN,NaN,NaN,NaN,NaN
9,NaN,NaN,NaN,NaN,NaN,NaN,NaN,NaN
10,NaN,NaN,NaN,NaN,NaN,NaN,NaN,NaN
11,NaN,NaN,NaN,NaN,NaN,NaN,NaN,NaN
1,NaN,NaN,NaN,NaN,NaN,NaN,NaN,NaN
2,NaN,NaN,NaN,NaN,NaN,NaN,NaN,NaN
3,NaN,NaN,NaN,NaN,NaN,NaN,NaN,NaN
4,NaN,NaN,NaN,NaN,NaN,NaN,NaN,NaN
5,NaN,NaN,NaN,NaN,NaN,NaN,NaN,NaN
6,NaN,NaN,NaN,NaN,NaN,NaN,NaN,NaN
7,NaN,NaN,NaN,NaN,NaN,NaN,NaN,NaN
8,NaN,NaN,NaN,NaN,NaN,NaN,NaN,NaN
9,NaN,NaN,NaN,NaN,NaN,NaN,NaN,NaN
10,NaN,NaN,NaN,NaN,NaN,NaN,NaN,NaN
11,NaN,NaN,NaN,NaN,NaN,NaN,NaN,NaN
1,NaN,NaN,NaN,NaN,NaN,NaN,NaN,NaN
2,NaN,NaN,NaN,NaN,NaN,NaN,NaN,NaN
3,NaN,NaN,NaN,NaN,NaN,NaN,NaN,NaN
4,NaN,NaN,NaN,NaN,NaN,NaN,NaN,NaN
5,NaN,NaN,NaN,NaN,NaN,NaN,NaN,NaN
6,NaN,NaN,NaN,NaN,NaN,NaN,NaN,NaN
7,NaN,NaN,NaN,NaN,NaN,NaN,NaN,NaN
8,NaN,NaN,NaN,NaN,NaN,NaN,NaN,NaN
9,NaN,NaN,NaN,NaN,NaN,NaN,NaN,NaN
10,NaN,NaN,NaN,NaN,NaN,NaN,NaN,NaN
11,NaN,NaN,NaN,NaN,NaN,NaN,NaN,NaN
1,NaN,NaN,NaN,NaN,NaN,NaN,NaN,NaN
2,NaN,NaN,NaN,NaN,NaN,NaN,NaN,NaN
3,NaN,NaN,NaN,NaN,NaN,NaN,NaN,NaN
4,NaN,NaN,NaN,NaN,NaN,NaN,NaN,NaN
5,NaN,NaN,NaN,NaN,NaN,NaN,NaN,NaN
6,NaN,NaN,NaN,NaN,NaN,NaN,NaN,NaN
7,NaN,NaN,NaN,NaN,NaN,NaN,NaN,NaN
8,NaN,NaN,NaN,NaN,NaN,NaN,NaN,NaN
9,NaN,NaN,NaN,NaN,NaN,NaN,NaN,NaN
10,NaN,NaN,NaN,NaN,NaN,NaN,NaN,NaN
11,NaN,NaN,NaN,NaN,NaN,NaN,NaN,NaN
1,NaN,NaN,NaN,NaN,NaN,NaN,NaN,NaN
2,NaN,NaN,NaN,NaN,NaN,NaN,NaN,NaN
3,NaN,NaN,NaN,NaN,NaN,NaN,NaN,NaN
4,NaN,NaN,NaN,NaN,NaN,NaN,NaN,NaN
5,NaN,NaN,NaN,NaN,NaN,NaN,NaN,NaN
6,NaN,NaN,NaN,NaN,NaN,NaN,NaN,NaN
7,NaN,NaN,NaN,NaN,NaN,NaN,NaN,NaN
8,NaN,NaN,NaN,NaN,NaN,NaN,NaN,NaN
9,NaN,NaN,NaN,NaN,NaN,NaN,NaN,NaN
10,NaN,NaN,NaN,NaN,NaN,NaN,NaN,NaN
11,NaN,NaN,NaN,NaN,NaN,NaN,NaN,NaN
1,NaN,NaN,NaN,NaN,NaN,NaN,NaN,NaN
2,NaN,NaN,NaN,NaN,NaN,NaN,NaN,NaN
3,NaN,NaN,NaN,NaN,NaN,NaN,NaN,NaN
4,NaN,NaN,NaN,NaN,NaN,NaN,NaN,NaN
5,NaN,NaN,NaN,NaN,NaN,NaN,NaN,NaN
6,NaN,NaN,NaN,NaN,NaN,NaN,NaN,NaN
7,NaN,NaN,NaN,NaN,NaN,NaN,NaN,NaN
8,NaN,NaN,NaN,NaN,NaN,NaN,NaN,NaN
9,NaN,NaN,NaN,NaN,NaN,NaN,NaN,NaN
10,NaN,NaN,NaN,NaN,NaN,NaN,NaN,NaN
11,NaN,NaN,NaN,NaN,NaN,NaN,NaN,NaN
1,NaN,NaN,NaN,NaN,NaN,NaN,NaN,NaN
2,NaN,NaN,NaN,NaN,NaN,NaN,NaN,NaN
3,NaN,NaN,NaN,NaN,NaN,NaN,NaN,NaN
4,NaN,NaN,NaN,NaN,NaN,NaN,NaN,NaN
5,NaN,NaN,NaN,NaN,NaN,NaN,NaN,NaN
6,NaN,NaN,NaN,NaN,NaN,NaN,NaN,NaN
7,NaN,NaN,NaN,NaN,NaN,NaN,NaN,NaN
8,NaN,NaN,NaN,NaN,NaN,NaN,NaN,NaN
9,NaN,NaN,NaN,NaN,NaN,NaN,NaN,NaN
10,NaN,NaN,NaN,NaN,NaN,NaN,NaN,NaN
11,NaN,NaN,NaN,NaN,NaN,NaN,NaN,NaN
1,NaN,NaN,NaN,NaN,NaN,NaN,NaN,NaN
2,NaN,NaN,NaN,NaN,NaN,NaN,NaN,NaN
3,NaN,NaN,NaN,NaN,NaN,NaN,NaN,NaN
4,NaN,NaN,NaN,NaN,NaN,NaN,NaN,NaN
5,NaN,NaN,NaN,NaN,NaN,NaN,NaN,NaN
6,NaN,NaN,NaN,NaN,NaN,NaN,NaN,NaN
7,NaN,NaN,NaN,NaN,NaN,NaN,NaN,NaN
8,NaN,NaN,NaN,NaN,NaN,NaN,NaN,NaN
9,NaN,NaN,NaN,NaN,NaN,NaN,NaN,NaN
10,NaN,NaN,NaN,NaN,NaN,NaN,NaN,NaN
11,NaN,NaN,NaN,NaN,NaN,NaN,NaN,NaN
1,NaN,NaN,NaN,NaN,NaN,NaN,NaN,NaN
2,NaN,NaN,NaN,NaN,NaN,NaN,NaN,NaN
3,NaN,NaN,NaN,NaN,NaN,NaN,NaN,NaN
4,NaN,NaN,NaN,NaN,NaN,NaN,NaN,NaN
5,NaN,NaN,NaN,NaN,NaN,NaN,NaN,NaN
6,NaN,NaN,NaN,NaN,NaN,NaN,NaN,NaN
7,NaN,NaN,NaN,NaN,NaN,NaN,NaN,NaN
8,NaN,NaN,NaN,NaN,NaN,NaN,NaN,NaN
9,NaN,NaN,NaN,NaN,NaN,NaN,NaN,NaN
10,NaN,NaN,NaN,NaN,NaN,NaN,NaN,NaN
11,NaN,NaN,NaN,NaN,NaN,NaN,NaN,NaN
1,NaN,NaN,NaN,NaN,NaN,NaN,NaN,NaN
2,NaN,NaN,NaN,NaN,NaN,NaN,NaN,NaN
3,NaN,NaN,NaN,NaN,NaN,NaN,NaN,NaN
4,NaN,NaN,NaN,NaN,NaN,NaN,NaN,NaN
5,NaN,NaN,NaN,NaN,NaN,NaN,NaN,NaN
6,NaN,NaN,NaN,NaN,NaN,NaN,NaN,NaN
7,NaN,NaN,NaN,NaN,NaN,NaN,NaN,NaN
8,NaN,NaN,NaN,NaN,NaN,NaN,NaN,NaN
9,NaN,NaN,NaN,NaN,NaN,NaN,NaN,NaN
10,NaN,NaN,NaN,NaN,NaN,NaN,NaN,NaN
11,NaN,NaN,NaN,NaN,NaN,NaN,NaN,NaN
1,NaN,NaN,NaN,NaN,NaN,NaN,NaN,NaN
2,NaN,NaN,NaN,NaN,NaN,NaN,NaN,NaN
3,NaN,NaN,NaN,NaN,NaN,NaN,NaN,NaN
4,NaN,NaN,NaN,NaN,NaN,NaN,NaN,NaN
5,NaN,NaN,NaN,NaN,NaN,NaN,NaN,NaN
6,NaN,NaN,NaN,NaN,NaN,NaN,NaN,NaN
7,NaN,NaN,NaN,NaN,NaN,NaN,NaN,NaN
8,NaN,NaN,NaN,NaN,NaN,NaN,NaN,NaN
9,NaN,NaN,NaN,NaN,NaN,NaN,NaN,NaN
10,NaN,NaN,NaN,NaN,NaN,NaN,NaN,NaN
11,NaN,NaN,NaN,NaN,NaN,NaN,NaN,NaN
1,NaN,NaN,NaN,NaN,NaN,NaN,NaN,NaN
2,NaN,NaN,NaN,NaN,NaN,NaN,NaN,NaN
3,NaN,NaN,NaN,NaN,NaN,NaN,NaN,NaN
4,NaN,NaN,NaN,NaN,NaN,NaN,NaN,NaN
5,NaN,NaN,NaN,NaN,NaN,NaN,NaN,NaN
6,NaN,NaN,NaN,NaN,NaN,NaN,NaN,NaN
7,NaN,NaN,NaN,NaN,NaN,NaN,NaN,NaN
8,NaN,NaN,NaN,NaN,NaN,NaN,NaN,NaN
9,NaN,NaN,NaN,NaN,NaN,NaN,NaN,NaN
10,NaN,NaN,NaN,NaN,NaN,NaN,NaN,NaN
11,NaN,NaN,NaN,NaN,NaN,NaN,NaN,NaN
1,NaN,NaN,NaN,NaN,NaN,NaN,NaN,NaN
2,NaN,NaN,NaN,NaN,NaN,NaN,NaN,NaN
3,NaN,NaN,NaN,NaN,NaN,NaN,NaN,NaN
4,NaN,NaN,NaN,NaN,NaN,NaN,NaN,NaN
5,NaN,NaN,NaN,NaN,NaN,NaN,NaN,NaN
6,NaN,NaN,NaN,NaN,NaN,NaN,NaN,NaN
7,NaN,NaN,NaN,NaN,NaN,NaN,NaN,NaN
8,NaN,NaN,NaN,NaN,NaN,NaN,NaN,NaN
9,NaN,NaN,NaN,NaN,NaN,NaN,NaN,NaN
10,NaN,NaN,NaN,NaN,NaN,NaN,NaN,NaN
11,NaN,NaN,NaN,NaN,NaN,NaN,NaN,NaN
1,NaN,NaN,NaN,NaN,NaN,NaN,NaN,NaN
2,NaN,NaN,NaN,NaN,NaN,NaN,NaN,NaN
3,NaN,NaN,NaN,NaN,NaN,NaN,NaN,NaN
4,NaN,NaN,NaN,NaN,NaN,NaN,NaN,NaN
5,NaN,NaN,NaN,NaN,NaN,NaN,NaN,NaN
6,NaN,NaN,NaN,NaN,NaN,NaN,NaN,NaN
7,NaN,NaN,NaN,NaN,NaN,NaN,NaN,NaN
8,NaN,NaN,NaN,NaN,NaN,NaN,NaN,NaN
9,NaN,NaN,NaN,NaN,NaN,NaN,NaN,NaN
10,NaN,NaN,NaN,NaN,NaN,NaN,NaN,NaN
11,NaN,NaN,NaN,NaN,NaN,NaN,NaN,NaN
1,NaN,NaN,NaN,NaN,NaN,NaN,NaN,NaN
2,NaN,NaN,NaN,NaN,NaN,NaN,NaN,NaN
3,NaN,NaN,NaN,NaN,NaN,NaN,NaN,NaN
4,NaN,NaN,NaN,NaN,NaN,NaN,NaN,NaN
5,NaN,NaN,NaN,NaN,NaN,NaN,NaN,NaN
6,NaN,NaN,NaN,NaN,NaN,NaN,NaN,NaN
7,NaN,NaN,NaN,NaN,NaN,NaN,NaN,NaN
8,NaN,NaN,NaN,NaN,NaN,NaN,NaN,NaN
9,NaN,NaN,NaN,NaN,NaN,NaN,NaN,NaN
10,NaN,NaN,NaN,NaN,NaN,NaN,NaN,NaN
11,NaN,NaN,NaN,NaN,NaN,NaN,NaN,NaN
1,NaN,NaN,NaN,NaN,NaN,NaN,NaN,NaN
2,NaN,NaN,NaN,NaN,NaN,NaN,NaN,NaN
3,NaN,NaN,NaN,NaN,NaN,NaN,NaN,NaN
4,NaN,NaN,NaN,NaN,NaN,NaN,NaN,NaN
5,NaN,NaN,NaN,NaN,NaN,NaN,NaN,NaN
6,NaN,NaN,NaN,NaN,NaN,NaN,NaN,NaN
7,NaN,NaN,NaN,NaN,NaN,NaN,NaN,NaN
8,NaN,NaN,NaN,NaN,NaN,NaN,NaN,NaN
9,NaN,NaN,NaN,NaN,NaN,NaN,NaN,NaN
10,NaN,NaN,NaN,NaN,NaN,NaN,NaN,NaN
11,NaN,NaN,NaN,NaN,NaN,NaN,NaN,NaN
1,NaN,NaN,NaN,NaN,NaN,NaN,NaN,NaN
2,NaN,NaN,NaN,NaN,NaN,NaN,NaN,NaN
3,NaN,NaN,NaN,NaN,NaN,NaN,NaN,NaN
4,NaN,NaN,NaN,NaN,NaN,NaN,NaN,NaN
5,NaN,NaN,NaN,NaN,NaN,NaN,NaN,NaN
6,NaN,NaN,NaN,NaN,NaN,NaN,NaN,NaN
7,NaN,NaN,NaN,NaN,NaN,NaN,NaN,NaN
8,NaN,NaN,NaN,NaN,NaN,NaN,NaN,NaN
9,NaN,NaN,NaN,NaN,NaN,NaN,NaN,NaN
10,NaN,NaN,NaN,NaN,NaN,NaN,NaN,NaN
11,NaN,NaN,NaN,NaN,NaN,NaN,NaN,NaN
1,NaN,NaN,NaN,NaN,NaN,NaN,NaN,NaN
2,NaN,NaN,NaN,NaN,NaN,NaN,NaN,NaN
3,NaN,NaN,NaN,NaN,NaN,NaN,NaN,NaN
4,NaN,NaN,NaN,NaN,NaN,NaN,NaN,NaN
5,NaN,NaN,NaN,NaN,NaN,NaN,NaN,NaN
6,NaN,NaN,NaN,NaN,NaN,NaN,NaN,NaN
7,NaN,NaN,NaN,NaN,NaN,NaN,NaN,NaN
8,NaN,NaN,NaN,NaN,NaN,NaN,NaN,NaN
9,NaN,NaN,NaN,NaN,NaN,NaN,NaN,NaN
10,NaN,NaN,NaN,NaN,NaN,NaN,NaN,NaN
11,NaN,NaN,NaN,NaN,NaN,NaN,NaN,NaN
1,NaN,NaN,NaN,NaN,NaN,NaN,NaN,NaN
2,NaN,NaN,NaN,NaN,NaN,NaN,NaN,NaN
3,NaN,NaN,NaN,NaN,NaN,NaN,NaN,NaN
4,NaN,NaN,NaN,NaN,NaN,NaN,NaN,NaN
5,NaN,NaN,NaN,NaN,NaN,NaN,NaN,NaN
6,NaN,NaN,NaN,NaN,NaN,NaN,NaN,NaN
7,NaN,NaN,NaN,NaN,NaN,NaN,NaN,NaN
8,NaN,NaN,NaN,NaN,NaN,NaN,NaN,NaN
9,NaN,NaN,NaN,NaN,NaN,NaN,NaN,NaN
10,NaN,NaN,NaN,NaN,NaN,NaN,NaN,NaN
11,NaN,NaN,NaN,NaN,NaN,NaN,NaN,NaN
1,NaN,NaN,NaN,NaN,NaN,NaN,NaN,NaN
2,NaN,NaN,NaN,NaN,NaN,NaN,NaN,NaN
3,NaN,NaN,NaN,NaN,NaN,NaN,NaN,NaN
4,NaN,NaN,NaN,NaN,NaN,NaN,NaN,NaN
5,NaN,NaN,NaN,NaN,NaN,NaN,NaN,NaN
6,NaN,NaN,NaN,NaN,NaN,NaN,NaN,NaN
7,NaN,NaN,NaN,NaN,NaN,NaN,NaN,NaN
8,NaN,NaN,NaN,NaN,NaN,NaN,NaN,NaN
9,NaN,NaN,NaN,NaN,NaN,NaN,NaN,NaN
10,NaN,NaN,NaN,NaN,NaN,NaN,NaN,NaN
11,NaN,NaN,NaN,NaN,NaN,NaN,NaN,NaN
1,NaN,NaN,NaN,NaN,NaN,NaN,NaN,NaN
2,NaN,NaN,NaN,NaN,NaN,NaN,NaN,NaN
3,NaN,NaN,NaN,NaN,NaN,NaN,NaN,NaN
4,NaN,NaN,NaN,NaN,NaN,NaN,NaN,NaN
5,NaN,NaN,NaN,NaN,NaN,NaN,NaN,NaN
6,NaN,NaN,NaN,NaN,NaN,NaN,NaN,NaN
7,NaN,NaN,NaN,NaN,NaN,NaN,NaN,NaN
8,NaN,NaN,NaN,NaN,NaN,NaN,NaN,NaN
9,NaN,NaN,NaN,NaN,NaN,NaN,NaN,NaN
10,NaN,NaN,NaN,NaN,NaN,NaN,NaN,NaN
11,NaN,NaN,NaN,NaN,NaN,NaN,NaN,NaN
1,NaN,NaN,NaN,NaN,NaN,NaN,NaN,NaN
2,NaN,NaN,NaN,NaN,NaN,NaN,NaN,NaN
3,NaN,NaN,NaN,NaN,NaN,NaN,NaN,NaN
4,NaN,NaN,NaN,NaN,NaN,NaN,NaN,NaN
5,NaN,NaN,NaN,NaN,NaN,NaN,NaN,NaN
6,NaN,NaN,NaN,NaN,NaN,NaN,NaN,NaN
7,NaN,NaN,NaN,NaN,NaN,NaN,NaN,NaN
8,NaN,NaN,NaN,NaN,NaN,NaN,NaN,NaN
9,NaN,NaN,NaN,NaN,NaN,NaN,NaN,NaN
10,NaN,NaN,NaN,NaN,NaN,NaN,NaN,NaN
11,NaN,NaN,NaN,NaN,NaN,NaN,NaN,NaN
1,NaN,NaN,NaN,NaN,NaN,NaN,NaN,NaN
2,NaN,NaN,NaN,NaN,NaN,NaN,NaN,NaN
3,NaN,NaN,NaN,NaN,NaN,NaN,NaN,NaN
4,NaN,NaN,NaN,NaN,NaN,NaN,NaN,NaN
5,NaN,NaN,NaN,NaN,NaN,NaN,NaN,NaN
6,NaN,NaN,NaN,NaN,NaN,NaN,NaN,NaN
7,NaN,NaN,NaN,NaN,NaN,NaN,NaN,NaN
8,NaN,NaN,NaN,NaN,NaN,NaN,NaN,NaN
9,NaN,NaN,NaN,NaN,NaN,NaN,NaN,NaN
10,NaN,NaN,NaN,NaN,NaN,NaN,NaN,NaN
11,NaN,NaN,NaN,NaN,NaN,NaN,NaN,NaN
1,NaN,NaN,NaN,NaN,NaN,NaN,NaN,NaN
2,NaN,NaN,NaN,NaN,NaN,NaN,NaN,NaN
3,NaN,NaN,NaN,NaN,NaN,NaN,NaN,NaN
4,NaN,NaN,NaN,NaN,NaN,NaN,NaN,NaN
5,NaN,NaN,NaN,NaN,NaN,NaN,NaN,NaN
6,NaN,NaN,NaN,NaN,NaN,NaN,NaN,NaN
7,NaN,NaN,NaN,NaN,NaN,NaN,NaN,NaN
8,NaN,NaN,NaN,NaN,NaN,NaN,NaN,NaN
9,NaN,NaN,NaN,NaN,NaN,NaN,NaN,NaN
10,NaN,NaN,NaN,NaN,NaN,NaN,NaN,NaN
11,NaN,NaN,NaN,NaN,NaN,NaN,NaN,NaN
1,NaN,NaN,NaN,NaN,NaN,NaN,NaN,NaN
2,NaN,NaN,NaN,NaN,NaN,NaN,NaN,NaN
3,NaN,NaN,NaN,NaN,NaN,NaN,NaN,NaN
4,NaN,NaN,NaN,NaN,NaN,NaN,NaN,NaN
5,NaN,NaN,NaN,NaN,NaN,NaN,NaN,NaN
6,NaN,NaN,NaN,NaN,NaN,NaN,NaN,NaN
7,NaN,NaN,NaN,NaN,NaN,NaN,NaN,NaN
8,NaN,NaN,NaN,NaN,NaN,NaN,NaN,NaN
9,NaN,NaN,NaN,NaN,NaN,NaN,NaN,NaN
10,NaN,NaN,NaN,NaN,NaN,NaN,NaN,NaN
11,NaN,NaN,NaN,NaN,NaN,NaN,NaN,NaN
1,NaN,NaN,NaN,NaN,NaN,NaN,NaN,NaN
2,NaN,NaN,NaN,NaN,NaN,NaN,NaN,NaN
3,NaN,NaN,NaN,NaN,NaN,NaN,NaN,NaN
4,NaN,NaN,NaN,NaN,NaN,NaN,NaN,NaN
5,NaN,NaN,NaN,NaN,NaN,NaN,NaN,NaN
6,NaN,NaN,NaN,NaN,NaN,NaN,NaN,NaN
7,NaN,NaN,NaN,NaN,NaN,NaN,NaN,NaN
8,NaN,NaN,NaN,NaN,NaN,NaN,NaN,NaN
9,NaN,NaN,NaN,NaN,NaN,NaN,NaN,NaN
10,NaN,NaN,NaN,NaN,NaN,NaN,NaN,NaN
11,NaN,NaN,NaN,NaN,NaN,NaN,NaN,NaN
1,NaN,NaN,NaN,NaN,NaN,NaN,NaN,NaN
2,NaN,NaN,NaN,NaN,NaN,NaN,NaN,NaN
3,NaN,NaN,NaN,NaN,NaN,NaN,NaN,NaN
4,NaN,NaN,NaN,NaN,NaN,NaN,NaN,NaN
5,NaN,NaN,NaN,NaN,NaN,NaN,NaN,NaN
6,NaN,NaN,NaN,NaN,NaN,NaN,NaN,NaN
7,NaN,NaN,NaN,NaN,NaN,NaN,NaN,NaN
8,NaN,NaN,NaN,NaN,NaN,NaN,NaN,NaN
9,NaN,NaN,NaN,NaN,NaN,NaN,NaN,NaN
10,NaN,NaN,NaN,NaN,NaN,NaN,NaN,NaN
11,NaN,NaN,NaN,NaN,NaN,NaN,NaN,NaN
1,NaN,NaN,NaN,NaN,NaN,NaN,NaN,NaN
2,NaN,NaN,NaN,NaN,NaN,NaN,NaN,NaN
3,NaN,NaN,NaN,NaN,NaN,NaN,NaN,NaN
4,NaN,NaN,NaN,NaN,NaN,NaN,NaN,NaN
5,NaN,NaN,NaN,NaN,NaN,NaN,NaN,NaN
6,NaN,NaN,NaN,NaN,NaN,NaN,NaN,NaN
7,NaN,NaN,NaN,NaN,NaN,NaN,NaN,NaN
8,NaN,NaN,NaN,NaN,NaN,NaN,NaN,NaN
9,NaN,NaN,NaN,NaN,NaN,NaN,NaN,NaN
10,NaN,NaN,NaN,NaN,NaN,NaN,NaN,NaN
11,NaN,NaN,NaN,NaN,NaN,NaN,NaN,NaN
1,NaN,NaN,NaN,NaN,NaN,NaN,NaN,NaN
2,NaN,NaN,NaN,NaN,NaN,NaN,NaN,NaN
3,NaN,NaN,NaN,NaN,NaN,NaN,NaN,NaN
4,NaN,NaN,NaN,NaN,NaN,NaN,NaN,NaN
5,NaN,NaN,NaN,NaN,NaN,NaN,NaN,NaN
6,NaN,NaN,NaN,NaN,NaN,NaN,NaN,NaN
7,NaN,NaN,NaN,NaN,NaN,NaN,NaN,NaN
8,NaN,NaN,NaN,NaN,NaN,NaN,NaN,NaN
9,NaN,NaN,NaN,NaN,NaN,NaN,NaN,NaN
10,NaN,NaN,NaN,NaN,NaN,NaN,NaN,NaN
11,NaN,NaN,NaN,NaN,NaN,NaN,NaN,NaN
1,NaN,NaN,NaN,NaN,NaN,NaN,NaN,NaN
2,NaN,NaN,NaN,NaN,NaN,NaN,NaN,NaN
3,NaN,NaN,NaN,NaN,NaN,NaN,NaN,NaN
4,NaN,NaN,NaN,NaN,NaN,NaN,NaN,NaN
5,NaN,NaN,NaN,NaN,NaN,NaN,NaN,NaN
6,NaN,NaN,NaN,NaN,NaN,NaN,NaN,NaN
7,NaN,NaN,NaN,NaN,NaN,NaN,NaN,NaN
8,NaN,NaN,NaN,NaN,NaN,NaN,NaN,NaN
9,NaN,NaN,NaN,NaN,NaN,NaN,NaN,NaN
10,NaN,NaN,NaN,NaN,NaN,NaN,NaN,NaN
11,NaN,NaN,NaN,NaN,NaN,NaN,NaN,NaN
1,NaN,NaN,NaN,NaN,NaN,NaN,NaN,NaN
2,NaN,NaN,NaN,NaN,NaN,NaN,NaN,NaN
3,NaN,NaN,NaN,NaN,NaN,NaN,NaN,NaN
4,NaN,NaN,NaN,NaN,NaN,NaN,NaN,NaN
5,NaN,NaN,NaN,NaN,NaN,NaN,NaN,NaN
6,NaN,NaN,NaN,NaN,NaN,NaN,NaN,NaN
7,NaN,NaN,NaN,NaN,NaN,NaN,NaN,NaN
8,NaN,NaN,NaN,NaN,NaN,NaN,NaN,NaN
9,NaN,NaN,NaN,NaN,NaN,NaN,NaN,NaN
10,NaN,NaN,NaN,NaN,NaN,NaN,NaN,NaN
11,NaN,NaN,NaN,NaN,NaN,NaN,NaN,NaN
1,NaN,NaN,NaN,NaN,NaN,NaN,NaN,NaN
2,NaN,NaN,NaN,NaN,NaN,NaN,NaN,NaN
3,NaN,NaN,NaN,NaN,NaN,NaN,NaN,NaN
4,NaN,NaN,NaN,NaN,NaN,NaN,NaN,NaN
5,NaN,NaN,NaN,NaN,NaN,NaN,NaN,NaN
6,NaN,NaN,NaN,NaN,NaN,NaN,NaN,NaN
7,NaN,NaN,NaN,NaN,NaN,NaN,NaN,NaN
8,NaN,NaN,NaN,NaN,NaN,NaN,NaN,NaN
9,NaN,NaN,NaN,NaN,NaN,NaN,NaN,NaN
10,NaN,NaN,NaN,NaN,NaN,NaN,NaN,NaN
11,NaN,NaN,NaN,NaN,NaN,NaN,NaN,NaN
1,NaN,NaN,NaN,NaN,NaN,NaN,NaN,NaN
2,NaN,NaN,NaN,NaN,NaN,NaN,NaN,NaN
3,NaN,NaN,NaN,NaN,NaN,NaN,NaN,NaN
4,NaN,NaN,NaN,NaN,NaN,NaN,NaN,NaN
5,NaN,NaN,NaN,NaN,NaN,NaN,NaN,NaN
6,NaN,NaN,NaN,NaN,NaN,NaN,NaN,NaN
7,NaN,NaN,NaN,NaN,NaN,NaN,NaN,NaN
8,NaN,NaN,NaN,NaN,NaN,NaN,NaN,NaN
9,NaN,NaN,NaN,NaN,NaN,NaN,NaN,NaN
10,NaN,NaN,NaN,NaN,NaN,NaN,NaN,NaN
11,NaN,NaN,NaN,NaN,NaN,NaN,NaN,NaN
1,NaN,NaN,NaN,NaN,NaN,NaN,NaN,NaN
2,NaN,NaN,NaN,NaN,NaN,NaN,NaN,NaN
3,NaN,NaN,NaN,NaN,NaN,NaN,NaN,NaN
4,NaN,NaN,NaN,NaN,NaN,NaN,NaN,NaN
5,NaN,NaN,NaN,NaN,NaN,NaN,NaN,NaN
6,NaN,NaN,NaN,NaN,NaN,NaN,NaN,NaN
7,NaN,NaN,NaN,NaN,NaN,NaN,NaN,NaN
8,NaN,NaN,NaN,NaN,NaN,NaN,NaN,NaN
9,NaN,NaN,NaN,NaN,NaN,NaN,NaN,NaN
10,NaN,NaN,NaN,NaN,NaN,NaN,NaN,NaN
11,NaN,NaN,NaN,NaN,NaN,NaN,NaN,NaN
1,NaN,NaN,NaN,NaN,NaN,NaN,NaN,NaN
2,NaN,NaN,NaN,NaN,NaN,NaN,NaN,NaN
3,NaN,NaN,NaN,NaN,NaN,NaN,NaN,NaN
4,NaN,NaN,NaN,NaN,NaN,NaN,NaN,NaN
5,NaN,NaN,NaN,NaN,NaN,NaN,NaN,NaN
6,NaN,NaN,NaN,NaN,NaN,NaN,NaN,NaN
7,NaN,NaN,NaN,NaN,NaN,NaN,NaN,NaN
8,NaN,NaN,NaN,NaN,NaN,NaN,NaN,NaN
9,NaN,NaN,NaN,NaN,NaN,NaN,NaN,NaN
10,NaN,NaN,NaN,NaN,NaN,NaN,NaN,NaN
11,NaN,NaN,NaN,NaN,NaN,NaN,NaN,NaN
1,NaN,NaN,NaN,NaN,NaN,NaN,NaN,NaN
2,NaN,NaN,NaN,NaN,NaN,NaN,NaN,NaN
3,NaN,NaN,NaN,NaN,NaN,NaN,NaN,NaN
4,NaN,NaN,NaN,NaN,NaN,NaN,NaN,NaN
5,NaN,NaN,NaN,NaN,NaN,NaN,NaN,NaN
6,NaN,NaN,NaN,NaN,NaN,NaN,NaN,NaN
7,NaN,NaN,NaN,NaN,NaN,NaN,NaN,NaN
8,NaN,NaN,NaN,NaN,NaN,NaN,NaN,NaN
9,NaN,NaN,NaN,NaN,NaN,NaN,NaN,NaN
10,NaN,NaN,NaN,NaN,NaN,NaN,NaN,NaN
11,NaN,NaN,NaN,NaN,NaN,NaN,NaN,NaN
1,NaN,NaN,NaN,NaN,NaN,NaN,NaN,NaN
2,NaN,NaN,NaN,NaN,NaN,NaN,NaN,NaN
3,NaN,NaN,NaN,NaN,NaN,NaN,NaN,NaN
4,NaN,NaN,NaN,NaN,NaN,NaN,NaN,NaN
5,NaN,NaN,NaN,NaN,NaN,NaN,NaN,NaN
6,NaN,NaN,NaN,NaN,NaN,NaN,NaN,NaN
7,NaN,NaN,NaN,NaN,NaN,NaN,NaN,NaN
8,NaN,NaN,NaN,NaN,NaN,NaN,NaN,NaN
9,NaN,NaN,NaN,NaN,NaN,NaN,NaN,NaN
10,NaN,NaN,NaN,NaN,NaN,NaN,NaN,NaN
11,NaN,NaN,NaN,NaN,NaN,NaN,NaN,NaN
1,NaN,NaN,NaN,NaN,NaN,NaN,NaN,NaN
2,NaN,NaN,NaN,NaN,NaN,NaN,NaN,NaN
3,NaN,NaN,NaN,NaN,NaN,NaN,NaN,NaN
4,NaN,NaN,NaN,NaN,NaN,NaN,NaN,NaN
5,NaN,NaN,NaN,NaN,NaN,NaN,NaN,NaN
6,NaN,NaN,NaN,NaN,NaN,NaN,NaN,NaN
7,NaN,NaN,NaN,NaN,NaN,NaN,NaN,NaN
8,NaN,NaN,NaN,NaN,NaN,NaN,NaN,NaN
9,NaN,NaN,NaN,NaN,NaN,NaN,NaN,NaN
10,NaN,NaN,NaN,NaN,NaN,NaN,NaN,NaN
11,NaN,NaN,NaN,NaN,NaN,NaN,NaN,NaN
1,NaN,NaN,NaN,NaN,NaN,NaN,NaN,NaN
2,NaN,NaN,NaN,NaN,NaN,NaN,NaN,NaN
3,NaN,NaN,NaN,NaN,NaN,NaN,NaN,NaN
4,NaN,NaN,NaN,NaN,NaN,NaN,NaN,NaN
5,NaN,NaN,NaN,NaN,NaN,NaN,NaN,NaN
6,NaN,NaN,NaN,NaN,NaN,NaN,NaN,NaN
7,NaN,NaN,NaN,NaN,NaN,NaN,NaN,NaN
8,NaN,NaN,NaN,NaN,NaN,NaN,NaN,NaN
9,NaN,NaN,NaN,NaN,NaN,NaN,NaN,NaN
10,NaN,NaN,NaN,NaN,NaN,NaN,NaN,NaN
11,NaN,NaN,NaN,NaN,NaN,NaN,NaN,NaN
1,NaN,NaN,NaN,NaN,NaN,NaN,NaN,NaN
2,NaN,NaN,NaN,NaN,NaN,NaN,NaN,NaN
3,NaN,NaN,NaN,NaN,NaN,NaN,NaN,NaN
4,NaN,NaN,NaN,NaN,NaN,NaN,NaN,NaN
5,NaN,NaN,NaN,NaN,NaN,NaN,NaN,NaN
6,NaN,NaN,NaN,NaN,NaN,NaN,NaN,NaN
7,NaN,NaN,NaN,NaN,NaN,NaN,NaN,NaN
8,NaN,NaN,NaN,NaN,NaN,NaN,NaN,NaN
9,NaN,NaN,NaN,NaN,NaN,NaN,NaN,NaN
10,NaN,NaN,NaN,NaN,NaN,NaN,NaN,NaN
11,NaN,NaN,NaN,NaN,NaN,NaN,NaN,NaN
1,NaN,NaN,NaN,NaN,NaN,NaN,NaN,NaN
2,NaN,NaN,NaN,NaN,NaN,NaN,NaN,NaN
3,NaN,NaN,NaN,NaN,NaN,NaN,NaN,NaN
4,NaN,NaN,NaN,NaN,NaN,NaN,NaN,NaN
5,NaN,NaN,NaN,NaN,NaN,NaN,NaN,NaN
6,NaN,NaN,NaN,NaN,NaN,NaN,NaN,NaN
7,NaN,NaN,NaN,NaN,NaN,NaN,NaN,NaN
8,NaN,NaN,NaN,NaN,NaN,NaN,NaN,NaN
9,NaN,NaN,NaN,NaN,NaN,NaN,NaN,NaN
10,NaN,NaN,NaN,NaN,NaN,NaN,NaN,NaN
11,NaN,NaN,NaN,NaN,NaN,NaN,NaN,NaN
1,NaN,NaN,NaN,NaN,NaN,NaN,NaN,NaN
2,NaN,NaN,NaN,NaN,NaN,NaN,NaN,NaN
3,NaN,NaN,NaN,NaN,NaN,NaN,NaN,NaN
4,NaN,NaN,NaN,NaN,NaN,NaN,NaN,NaN
5,NaN,NaN,NaN,NaN,NaN,NaN,NaN,NaN
6,NaN,NaN,NaN,NaN,NaN,NaN,NaN,NaN
7,NaN,NaN,NaN,NaN,NaN,NaN,NaN,NaN
8,NaN,NaN,NaN,NaN,NaN,NaN,NaN,NaN
9,NaN,NaN,NaN,NaN,NaN,NaN,NaN,NaN
10,NaN,NaN,NaN,NaN,NaN,NaN,NaN,NaN
11,NaN,NaN,NaN,NaN,NaN,NaN,NaN,NaN
1,NaN,NaN,NaN,NaN,NaN,NaN,NaN,NaN
2,NaN,NaN,NaN,NaN,NaN,NaN,NaN,NaN
3,NaN,NaN,NaN,NaN,NaN,NaN,NaN,NaN
4,NaN,NaN,NaN,NaN,NaN,NaN,NaN,NaN
5,NaN,NaN,NaN,NaN,NaN,NaN,NaN,NaN
6,NaN,NaN,NaN,NaN,NaN,NaN,NaN,NaN
7,NaN,NaN,NaN,NaN,NaN,NaN,NaN,NaN
8,NaN,NaN,NaN,NaN,NaN,NaN,NaN,NaN
9,NaN,NaN,NaN,NaN,NaN,NaN,NaN,NaN
10,NaN,NaN,NaN,NaN,NaN,NaN,NaN,NaN
11,NaN,NaN,NaN,NaN,NaN,NaN,NaN,NaN
1,NaN,NaN,NaN,NaN,NaN,NaN,NaN,NaN
2,NaN,NaN,NaN,NaN,NaN,NaN,NaN,NaN
3,NaN,NaN,NaN,NaN,NaN,NaN,NaN,NaN
4,NaN,NaN,NaN,NaN,NaN,NaN,NaN,NaN
5,NaN,NaN,NaN,NaN,NaN,NaN,NaN,NaN
6,NaN,NaN,NaN,NaN,NaN,NaN,NaN,NaN
7,NaN,NaN,NaN,NaN,NaN,NaN,NaN,NaN
8,NaN,NaN,NaN,NaN,NaN,NaN,NaN,NaN
9,NaN,NaN,NaN,NaN,NaN,NaN,NaN,NaN
10,NaN,NaN,NaN,NaN,NaN,NaN,NaN,NaN
11,NaN,NaN,NaN,NaN,NaN,NaN,NaN,NaN
1,NaN,NaN,NaN,NaN,NaN,NaN,NaN,NaN
2,NaN,NaN,NaN,NaN,NaN,NaN,NaN,NaN
3,NaN,NaN,NaN,NaN,NaN,NaN,NaN,NaN
4,NaN,NaN,NaN,NaN,NaN,NaN,NaN,NaN
5,NaN,NaN,NaN,NaN,NaN,NaN,NaN,NaN
6,NaN,NaN,NaN,NaN,NaN,NaN,NaN,NaN
7,NaN,NaN,NaN,NaN,NaN,NaN,NaN,NaN
8,NaN,NaN,NaN,NaN,NaN,NaN,NaN,NaN
9,NaN,NaN,NaN,NaN,NaN,NaN,NaN,NaN
10,NaN,NaN,NaN,NaN,NaN,NaN,NaN,NaN
11,NaN,NaN,NaN,NaN,NaN,NaN,NaN,NaN
1,NaN,NaN,NaN,NaN,NaN,NaN,NaN,NaN
2,NaN,NaN,NaN,NaN,NaN,NaN,NaN,NaN
3,NaN,NaN,NaN,NaN,NaN,NaN,NaN,NaN
4,NaN,NaN,NaN,NaN,NaN,NaN,NaN,NaN
5,NaN,NaN,NaN,NaN,NaN,NaN,NaN,NaN
6,NaN,NaN,NaN,NaN,NaN,NaN,NaN,NaN
7,NaN,NaN,NaN,NaN,NaN,NaN,NaN,NaN
8,NaN,NaN,NaN,NaN,NaN,NaN,NaN,NaN
9,NaN,NaN,NaN,NaN,NaN,NaN,NaN,NaN
10,NaN,NaN,NaN,NaN,NaN,NaN,NaN,NaN
11,NaN,NaN,NaN,NaN,NaN,NaN,NaN,NaN
1,NaN,NaN,NaN,NaN,NaN,NaN,NaN,NaN
2,NaN,NaN,NaN,NaN,NaN,NaN,NaN,NaN
3,NaN,NaN,NaN,NaN,NaN,NaN,NaN,NaN
4,NaN,NaN,NaN,NaN,NaN,NaN,NaN,NaN
5,NaN,NaN,NaN,NaN,NaN,NaN,NaN,NaN
6,NaN,NaN,NaN,NaN,NaN,NaN,NaN,NaN
7,NaN,NaN,NaN,NaN,NaN,NaN,NaN,NaN
8,NaN,NaN,NaN,NaN,NaN,NaN,NaN,NaN
9,NaN,NaN,NaN,NaN,NaN,NaN,NaN,NaN
10,NaN,NaN,NaN,NaN,NaN,NaN,NaN,NaN
11,NaN,NaN,NaN,NaN,NaN,NaN,NaN,NaN
1,NaN,NaN,NaN,NaN,NaN,NaN,NaN,NaN
2,NaN,NaN,NaN,NaN,NaN,NaN,NaN,NaN
3,NaN,NaN,NaN,NaN,NaN,NaN,NaN,NaN
4,NaN,NaN,NaN,NaN,NaN,NaN,NaN,NaN
5,NaN,NaN,NaN,NaN,NaN,NaN,NaN,NaN
6,NaN,NaN,NaN,NaN,NaN,NaN,NaN,NaN
7,NaN,NaN,NaN,NaN,NaN,NaN,NaN,NaN
8,NaN,NaN,NaN,NaN,NaN,NaN,NaN,NaN
9,NaN,NaN,NaN,NaN,NaN,NaN,NaN,NaN
10,NaN,NaN,NaN,NaN,NaN,NaN,NaN,NaN
11,NaN,NaN,NaN,NaN,NaN,NaN,NaN,NaN
1,NaN,NaN,NaN,NaN,NaN,NaN,NaN,NaN
2,NaN,NaN,NaN,NaN,NaN,NaN,NaN,NaN
3,NaN,NaN,NaN,NaN,NaN,NaN,NaN,NaN
4,NaN,NaN,NaN,NaN,NaN,NaN,NaN,NaN
5,NaN,NaN,NaN,NaN,NaN,NaN,NaN,NaN
6,NaN,NaN,NaN,NaN,NaN,NaN,NaN,NaN
7,NaN,NaN,NaN,NaN,NaN,NaN,NaN,NaN
8,NaN,NaN,NaN,NaN,NaN,NaN,NaN,NaN
9,NaN,NaN,NaN,NaN,NaN,NaN,NaN,NaN
10,NaN,NaN,NaN,NaN,NaN,NaN,NaN,NaN
11,NaN,NaN,NaN,NaN,NaN,NaN,NaN,NaN
1,NaN,NaN,NaN,NaN,NaN,NaN,NaN,NaN
2,NaN,NaN,NaN,NaN,NaN,NaN,NaN,NaN
3,NaN,NaN,NaN,NaN,NaN,NaN,NaN,NaN
4,NaN,NaN,NaN,NaN,NaN,NaN,NaN,NaN
5,NaN,NaN,NaN,NaN,NaN,NaN,NaN,NaN
6,NaN,NaN,NaN,NaN,NaN,NaN,NaN,NaN
7,NaN,NaN,NaN,NaN,NaN,NaN,NaN,NaN
8,NaN,NaN,NaN,NaN,NaN,NaN,NaN,NaN
9,NaN,NaN,NaN,NaN,NaN,NaN,NaN,NaN
10,NaN,NaN,NaN,NaN,NaN,NaN,NaN,NaN
11,NaN,NaN,NaN,NaN,NaN,NaN,NaN,NaN
1,NaN,NaN,NaN,NaN,NaN,NaN,NaN,NaN
2,NaN,NaN,NaN,NaN,NaN,NaN,NaN,NaN
3,NaN,NaN,NaN,NaN,NaN,NaN,NaN,NaN
4,NaN,NaN,NaN,NaN,NaN,NaN,NaN,NaN
5,NaN,NaN,NaN,NaN,NaN,NaN,NaN,NaN
6,NaN,NaN,NaN,NaN,NaN,NaN,NaN,NaN
7,NaN,NaN,NaN,NaN,NaN,NaN,NaN,NaN
8,NaN,NaN,NaN,NaN,NaN,NaN,NaN,NaN
9,NaN,NaN,NaN,NaN,NaN,NaN,NaN,NaN
10,NaN,NaN,NaN,NaN,NaN,NaN,NaN,NaN
11,NaN,NaN,NaN,NaN,NaN,NaN,NaN,NaN
1,NaN,NaN,NaN,NaN,NaN,NaN,NaN,NaN
2,NaN,NaN,NaN,NaN,NaN,NaN,NaN,NaN
3,NaN,NaN,NaN,NaN,NaN,NaN,NaN,NaN
4,NaN,NaN,NaN,NaN,NaN,NaN,NaN,NaN
5,NaN,NaN,NaN,NaN,NaN,NaN,NaN,NaN
6,NaN,NaN,NaN,NaN,NaN,NaN,NaN,NaN
7,NaN,NaN,NaN,NaN,NaN,NaN,NaN,NaN
8,NaN,NaN,NaN,NaN,NaN,NaN,NaN,NaN
9,NaN,NaN,NaN,NaN,NaN,NaN,NaN,NaN
10,NaN,NaN,NaN,NaN,NaN,NaN,NaN,NaN
11,NaN,NaN,NaN,NaN,NaN,NaN,NaN,NaN
1,NaN,NaN,NaN,NaN,NaN,NaN,NaN,NaN
2,NaN,NaN,NaN,NaN,NaN,NaN,NaN,NaN
3,NaN,NaN,NaN,NaN,NaN,NaN,NaN,NaN
4,NaN,NaN,NaN,NaN,NaN,NaN,NaN,NaN
5,NaN,NaN,NaN,NaN,NaN,NaN,NaN,NaN
6,NaN,NaN,NaN,NaN,NaN,NaN,NaN,NaN
7,NaN,NaN,NaN,NaN,NaN,NaN,NaN,NaN
8,NaN,NaN,NaN,NaN,NaN,NaN,NaN,NaN
9,NaN,NaN,NaN,NaN,NaN,NaN,NaN,NaN
10,NaN,NaN,NaN,NaN,NaN,NaN,NaN,NaN
11,NaN,NaN,NaN,NaN,NaN,NaN,NaN,NaN
1,NaN,NaN,NaN,NaN,NaN,NaN,NaN,NaN
2,NaN,NaN,NaN,NaN,NaN,NaN,NaN,NaN
3,NaN,NaN,NaN,NaN,NaN,NaN,NaN,NaN
4,NaN,NaN,NaN,NaN,NaN,NaN,NaN,NaN
5,NaN,NaN,NaN,NaN,NaN,NaN,NaN,NaN
6,NaN,NaN,NaN,NaN,NaN,NaN,NaN,NaN
7,NaN,NaN,NaN,NaN,NaN,NaN,NaN,NaN
8,NaN,NaN,NaN,NaN,NaN,NaN,NaN,NaN
9,NaN,NaN,NaN,NaN,NaN,NaN,NaN,NaN
10,NaN,NaN,NaN,NaN,NaN,NaN,NaN,NaN
11,NaN,NaN,NaN,NaN,NaN,NaN,NaN,NaN
1,NaN,NaN,NaN,NaN,NaN,NaN,NaN,NaN
2,NaN,NaN,NaN,NaN,NaN,NaN,NaN,NaN
3,NaN,NaN,NaN,NaN,NaN,NaN,NaN,NaN
4,NaN,NaN,NaN,NaN,NaN,NaN,NaN,NaN
5,NaN,NaN,NaN,NaN,NaN,NaN,NaN,NaN
6,NaN,NaN,NaN,NaN,NaN,NaN,NaN,NaN
7,NaN,NaN,NaN,NaN,NaN,NaN,NaN,NaN
8,NaN,NaN,NaN,NaN,NaN,NaN,NaN,NaN
9,NaN,NaN,NaN,NaN,NaN,NaN,NaN,NaN
10,NaN,NaN,NaN,NaN,NaN,NaN,NaN,NaN
11,NaN,NaN,NaN,NaN,NaN,NaN,NaN,NaN
1,NaN,NaN,NaN,NaN,NaN,NaN,NaN,NaN
2,NaN,NaN,NaN,NaN,NaN,NaN,NaN,NaN
3,NaN,NaN,NaN,NaN,NaN,NaN,NaN,NaN
4,NaN,NaN,NaN,NaN,NaN,NaN,NaN,NaN
5,NaN,NaN,NaN,NaN,NaN,NaN,NaN,NaN
6,NaN,NaN,NaN,NaN,NaN,NaN,NaN,NaN
7,NaN,NaN,NaN,NaN,NaN,NaN,NaN,NaN
8,NaN,NaN,NaN,NaN,NaN,NaN,NaN,NaN
9,NaN,NaN,NaN,NaN,NaN,NaN,NaN,NaN
10,NaN,NaN,NaN,NaN,NaN,NaN,NaN,NaN
11,NaN,NaN,NaN,NaN,NaN,NaN,NaN,NaN
1,NaN,NaN,NaN,NaN,NaN,NaN,NaN,NaN
2,NaN,NaN,NaN,NaN,NaN,NaN,NaN,NaN
3,NaN,NaN,NaN,NaN,NaN,NaN,NaN,NaN
4,NaN,NaN,NaN,NaN,NaN,NaN,NaN,NaN
5,NaN,NaN,NaN,NaN,NaN,NaN,NaN,NaN
6,NaN,NaN,NaN,NaN,NaN,NaN,NaN,NaN
7,NaN,NaN,NaN,NaN,NaN,NaN,NaN,NaN
8,NaN,NaN,NaN,NaN,NaN,NaN,NaN,NaN
9,NaN,NaN,NaN,NaN,NaN,NaN,NaN,NaN
10,NaN,NaN,NaN,NaN,NaN,NaN,NaN,NaN
11,NaN,NaN,NaN,NaN,NaN,NaN,NaN,NaN
1,NaN,NaN,NaN,NaN,NaN,NaN,NaN,NaN
2,NaN,NaN,NaN,NaN,NaN,NaN,NaN,NaN
3,NaN,NaN,NaN,NaN,NaN,NaN,NaN,NaN
4,NaN,NaN,NaN,NaN,NaN,NaN,NaN,NaN
5,NaN,NaN,NaN,NaN,NaN,NaN,NaN,NaN
6,NaN,NaN,NaN,NaN,NaN,NaN,NaN,NaN
7,NaN,NaN,NaN,NaN,NaN,NaN,NaN,NaN
8,NaN,NaN,NaN,NaN,NaN,NaN,NaN,NaN
9,NaN,NaN,NaN,NaN,NaN,NaN,NaN,NaN
10,NaN,NaN,NaN,NaN,NaN,NaN,NaN,NaN
11,NaN,NaN,NaN,NaN,NaN,NaN,NaN,NaN
1,NaN,NaN,NaN,NaN,NaN,NaN,NaN,NaN
2,NaN,NaN,NaN,NaN,NaN,NaN,NaN,NaN
3,NaN,NaN,NaN,NaN,NaN,NaN,NaN,NaN
4,NaN,NaN,NaN,NaN,NaN,NaN,NaN,NaN
5,NaN,NaN,NaN,NaN,NaN,NaN,NaN,NaN
6,NaN,NaN,NaN,NaN,NaN,NaN,NaN,NaN
7,NaN,NaN,NaN,NaN,NaN,NaN,NaN,NaN
8,NaN,NaN,NaN,NaN,NaN,NaN,NaN,NaN
9,NaN,NaN,NaN,NaN,NaN,NaN,NaN,NaN
10,NaN,NaN,NaN,NaN,NaN,NaN,NaN,NaN
11,NaN,NaN,NaN,NaN,NaN,NaN,NaN,NaN
1,NaN,NaN,NaN,NaN,NaN,NaN,NaN,NaN
2,NaN,NaN,NaN,NaN,NaN,NaN,NaN,NaN
3,NaN,NaN,NaN,NaN,NaN,NaN,NaN,NaN
4,NaN,NaN,NaN,NaN,NaN,NaN,NaN,NaN
5,NaN,NaN,NaN,NaN,NaN,NaN,NaN,NaN
6,NaN,NaN,NaN,NaN,NaN,NaN,NaN,NaN
7,NaN,NaN,NaN,NaN,NaN,NaN,NaN,NaN
8,NaN,NaN,NaN,NaN,NaN,NaN,NaN,NaN
9,NaN,NaN,NaN,NaN,NaN,NaN,NaN,NaN
10,NaN,NaN,NaN,NaN,NaN,NaN,NaN,NaN
11,NaN,NaN,NaN,NaN,NaN,NaN,NaN,NaN
1,NaN,NaN,NaN,NaN,NaN,NaN,NaN,NaN
2,NaN,NaN,NaN,NaN,NaN,NaN,NaN,NaN
3,NaN,NaN,NaN,NaN,NaN,NaN,NaN,NaN
4,NaN,NaN,NaN,NaN,NaN,NaN,NaN,NaN
5,NaN,NaN,NaN,NaN,NaN,NaN,NaN,NaN
6,NaN,NaN,NaN,NaN,NaN,NaN,NaN,NaN
7,NaN,NaN,NaN,NaN,NaN,NaN,NaN,NaN
8,NaN,NaN,NaN,NaN,NaN,NaN,NaN,NaN
9,NaN,NaN,NaN,NaN,NaN,NaN,NaN,NaN
10,NaN,NaN,NaN,NaN,NaN,NaN,NaN,NaN
11,NaN,NaN,NaN,NaN,NaN,NaN,NaN,NaN
1,NaN,NaN,NaN,NaN,NaN,NaN,NaN,NaN
2,NaN,NaN,NaN,NaN,NaN,NaN,NaN,NaN
3,NaN,NaN,NaN,NaN,NaN,NaN,NaN,NaN
4,NaN,NaN,NaN,NaN,NaN,NaN,NaN,NaN
5,NaN,NaN,NaN,NaN,NaN,NaN,NaN,NaN
6,NaN,NaN,NaN,NaN,NaN,NaN,NaN,NaN
7,NaN,NaN,NaN,NaN,NaN,NaN,NaN,NaN
8,NaN,NaN,NaN,NaN,NaN,NaN,NaN,NaN
9,NaN,NaN,NaN,NaN,NaN,NaN,NaN,NaN
10,NaN,NaN,NaN,NaN,NaN,NaN,NaN,NaN
11,NaN,NaN,NaN,NaN,NaN,NaN,NaN,NaN
1,NaN,NaN,NaN,NaN,NaN,NaN,NaN,NaN
2,NaN,NaN,NaN,NaN,NaN,NaN,NaN,NaN
3,NaN,NaN,NaN,NaN,NaN,NaN,NaN,NaN
4,NaN,NaN,NaN,NaN,NaN,NaN,NaN,NaN
5,NaN,NaN,NaN,NaN,NaN,NaN,NaN,NaN
6,NaN,NaN,NaN,NaN,NaN,NaN,NaN,NaN
7,NaN,NaN,NaN,NaN,NaN,NaN,NaN,NaN
8,NaN,NaN,NaN,NaN,NaN,NaN,NaN,NaN
9,NaN,NaN,NaN,NaN,NaN,NaN,NaN,NaN
10,NaN,NaN,NaN,NaN,NaN,NaN,NaN,NaN
11,NaN,NaN,NaN,NaN,NaN,NaN,NaN,NaN
1,NaN,NaN,NaN,NaN,NaN,NaN,NaN,NaN
2,NaN,NaN,NaN,NaN,NaN,NaN,NaN,NaN
3,NaN,NaN,NaN,NaN,NaN,NaN,NaN,NaN
4,NaN,NaN,NaN,NaN,NaN,NaN,NaN,NaN
5,NaN,NaN,NaN,NaN,NaN,NaN,NaN,NaN
6,NaN,NaN,NaN,NaN,NaN,NaN,NaN,NaN
7,NaN,NaN,NaN,NaN,NaN,NaN,NaN,NaN
8,NaN,NaN,NaN,NaN,NaN,NaN,NaN,NaN
9,NaN,NaN,NaN,NaN,NaN,NaN,NaN,NaN
10,NaN,NaN,NaN,NaN,NaN,NaN,NaN,NaN
11,NaN,NaN,NaN,NaN,NaN,NaN,NaN,NaN
1,NaN,NaN,NaN,NaN,NaN,NaN,NaN,NaN
2,NaN,NaN,NaN,NaN,NaN,NaN,NaN,NaN
3,NaN,NaN,NaN,NaN,NaN,NaN,NaN,NaN
4,NaN,NaN,NaN,NaN,NaN,NaN,NaN,NaN
5,NaN,NaN,NaN,NaN,NaN,NaN,NaN,NaN
6,NaN,NaN,NaN,NaN,NaN,NaN,NaN,NaN
7,NaN,NaN,NaN,NaN,NaN,NaN,NaN,NaN
8,NaN,NaN,NaN,NaN,NaN,NaN,NaN,NaN
9,NaN,NaN,NaN,NaN,NaN,NaN,NaN,NaN
10,NaN,NaN,NaN,NaN,NaN,NaN,NaN,NaN
11,NaN,NaN,NaN,NaN,NaN,NaN,NaN,NaN
1,NaN,NaN,NaN,NaN,NaN,NaN,NaN,NaN
2,NaN,NaN,NaN,NaN,NaN,NaN,NaN,NaN
3,NaN,NaN,NaN,NaN,NaN,NaN,NaN,NaN
4,NaN,NaN,NaN,NaN,NaN,NaN,NaN,NaN
5,NaN,NaN,NaN,NaN,NaN,NaN,NaN,NaN
6,NaN,NaN,NaN,NaN,NaN,NaN,NaN,NaN
7,NaN,NaN,NaN,NaN,NaN,NaN,NaN,NaN
8,NaN,NaN,NaN,NaN,NaN,NaN,NaN,NaN
9,NaN,NaN,NaN,NaN,NaN,NaN,NaN,NaN
10,NaN,NaN,NaN,NaN,NaN,NaN,NaN,NaN
11,NaN,NaN,NaN,NaN,NaN,NaN,NaN,NaN
1,NaN,NaN,NaN,NaN,NaN,NaN,NaN,NaN
2,NaN,NaN,NaN,NaN,NaN,NaN,NaN,NaN
3,NaN,NaN,NaN,NaN,NaN,NaN,NaN,NaN
4,NaN,NaN,NaN,NaN,NaN,NaN,NaN,NaN
5,NaN,NaN,NaN,NaN,NaN,NaN,NaN,NaN
6,NaN,NaN,NaN,NaN,NaN,NaN,NaN,NaN
7,NaN,NaN,NaN,NaN,NaN,NaN,NaN,NaN
8,NaN,NaN,NaN,NaN,NaN,NaN,NaN,NaN
9,NaN,NaN,NaN,NaN,NaN,NaN,NaN,NaN
10,NaN,NaN,NaN,NaN,NaN,NaN,NaN,NaN
11,NaN,NaN,NaN,NaN,NaN,NaN,NaN,NaN
1,NaN,NaN,NaN,NaN,NaN,NaN,NaN,NaN
2,NaN,NaN,NaN,NaN,NaN,NaN,NaN,NaN
3,NaN,NaN,NaN,NaN,NaN,NaN,NaN,NaN
4,NaN,NaN,NaN,NaN,NaN,NaN,NaN,NaN
5,NaN,NaN,NaN,NaN,NaN,NaN,NaN,NaN
6,NaN,NaN,NaN,NaN,NaN,NaN,NaN,NaN
7,NaN,NaN,NaN,NaN,NaN,NaN,NaN,NaN
8,NaN,NaN,NaN,NaN,NaN,NaN,NaN,NaN
9,NaN,NaN,NaN,NaN,NaN,NaN,NaN,NaN
10,NaN,NaN,NaN,NaN,NaN,NaN,NaN,NaN
11,NaN,NaN,NaN,NaN,NaN,NaN,NaN,NaN
1,NaN,NaN,NaN,NaN,NaN,NaN,NaN,NaN
2,NaN,NaN,NaN,NaN,NaN,NaN,NaN,NaN
3,NaN,NaN,NaN,NaN,NaN,NaN,NaN,NaN
4,NaN,NaN,NaN,NaN,NaN,NaN,NaN,NaN
5,NaN,NaN,NaN,NaN,NaN,NaN,NaN,NaN
6,NaN,NaN,NaN,NaN,NaN,NaN,NaN,NaN
7,NaN,NaN,NaN,NaN,NaN,NaN,NaN,NaN
8,NaN,NaN,NaN,NaN,NaN,NaN,NaN,NaN
9,NaN,NaN,NaN,NaN,NaN,NaN,NaN,NaN
10,NaN,NaN,NaN,NaN,NaN,NaN,NaN,NaN
11,NaN,NaN,NaN,NaN,NaN,NaN,NaN,NaN
1,NaN,NaN,NaN,NaN,NaN,NaN,NaN,NaN
2,NaN,NaN,NaN,NaN,NaN,NaN,NaN,NaN
3,NaN,NaN,NaN,NaN,NaN,NaN,NaN,NaN
4,NaN,NaN,NaN,NaN,NaN,NaN,NaN,NaN
5,NaN,NaN,NaN,NaN,NaN,NaN,NaN,NaN
6,NaN,NaN,NaN,NaN,NaN,NaN,NaN,NaN
7,NaN,NaN,NaN,NaN,NaN,NaN,NaN,NaN
8,NaN,NaN,NaN,NaN,NaN,NaN,NaN,NaN
9,NaN,NaN,NaN,NaN,NaN,NaN,NaN,NaN
10,NaN,NaN,NaN,NaN,NaN,NaN,NaN,NaN
11,NaN,NaN,NaN,NaN,NaN,NaN,NaN,NaN
1,NaN,NaN,NaN,NaN,NaN,NaN,NaN,NaN
2,NaN,NaN,NaN,NaN,NaN,NaN,NaN,NaN
3,NaN,NaN,NaN,NaN,NaN,NaN,NaN,NaN
4,NaN,NaN,NaN,NaN,NaN,NaN,NaN,NaN
5,NaN,NaN,NaN,NaN,NaN,NaN,NaN,NaN
6,NaN,NaN,NaN,NaN,NaN,NaN,NaN,NaN
7,NaN,NaN,NaN,NaN,NaN,NaN,NaN,NaN
8,NaN,NaN,NaN,NaN,NaN,NaN,NaN,NaN
9,NaN,NaN,NaN,NaN,NaN,NaN,NaN,NaN
10,NaN,NaN,NaN,NaN,NaN,NaN,NaN,NaN
11,NaN,NaN,NaN,NaN,NaN,NaN,NaN,NaN
1,NaN,NaN,NaN,NaN,NaN,NaN,NaN,NaN
2,NaN,NaN,NaN,NaN,NaN,NaN,NaN,NaN
3,NaN,NaN,NaN,NaN,NaN,NaN,NaN,NaN
4,NaN,NaN,NaN,NaN,NaN,NaN,NaN,NaN
5,NaN,NaN,NaN,NaN,NaN,NaN,NaN,NaN
6,NaN,NaN,NaN,NaN,NaN,NaN,NaN,NaN
7,NaN,NaN,NaN,NaN,NaN,NaN,NaN,NaN
8,NaN,NaN,NaN,NaN,NaN,NaN,NaN,NaN
9,NaN,NaN,NaN,NaN,NaN,NaN,NaN,NaN
10,NaN,NaN,NaN,NaN,NaN,NaN,NaN,NaN
11,NaN,NaN,NaN,NaN,NaN,NaN,NaN,NaN
1,NaN,NaN,NaN,NaN,NaN,NaN,NaN,NaN
2,NaN,NaN,NaN,NaN,NaN,NaN,NaN,NaN
3,NaN,NaN,NaN,NaN,NaN,NaN,NaN,NaN
4,NaN,NaN,NaN,NaN,NaN,NaN,NaN,NaN
5,NaN,NaN,NaN,NaN,NaN,NaN,NaN,NaN
6,NaN,NaN,NaN,NaN,NaN,NaN,NaN,NaN
7,NaN,NaN,NaN,NaN,NaN,NaN,NaN,NaN
8,NaN,NaN,NaN,NaN,NaN,NaN,NaN,NaN
9,NaN,NaN,NaN,NaN,NaN,NaN,NaN,NaN
10,NaN,NaN,NaN,NaN,NaN,NaN,NaN,NaN
11,NaN,NaN,NaN,NaN,NaN,NaN,NaN,NaN
1,NaN,NaN,NaN,NaN,NaN,NaN,NaN,NaN
2,NaN,NaN,NaN,NaN,NaN,NaN,NaN,NaN
3,NaN,NaN,NaN,NaN,NaN,NaN,NaN,NaN
4,NaN,NaN,NaN,NaN,NaN,NaN,NaN,NaN
5,NaN,NaN,NaN,NaN,NaN,NaN,NaN,NaN
6,NaN,NaN,NaN,NaN,NaN,NaN,NaN,NaN
7,NaN,NaN,NaN,NaN,NaN,NaN,NaN,NaN
8,NaN,NaN,NaN,NaN,NaN,NaN,NaN,NaN
9,NaN,NaN,NaN,NaN,NaN,NaN,NaN,NaN
10,NaN,NaN,NaN,NaN,NaN,NaN,NaN,NaN
11,NaN,NaN,NaN,NaN,NaN,NaN,NaN,NaN
1,NaN,NaN,NaN,NaN,NaN,NaN,NaN,NaN
2,NaN,NaN,NaN,NaN,NaN,NaN,NaN,NaN
3,NaN,NaN,NaN,NaN,NaN,NaN,NaN,NaN
4,NaN,NaN,NaN,NaN,NaN,NaN,NaN,NaN
5,NaN,NaN,NaN,NaN,NaN,NaN,NaN,NaN
6,NaN,NaN,NaN,NaN,NaN,NaN,NaN,NaN
7,NaN,NaN,NaN,NaN,NaN,NaN,NaN,NaN
8,NaN,NaN,NaN,NaN,NaN,NaN,NaN,NaN
9,NaN,NaN,NaN,NaN,NaN,NaN,NaN,NaN
10,NaN,NaN,NaN,NaN,NaN,NaN,NaN,NaN
11,NaN,NaN,NaN,NaN,NaN,NaN,NaN,NaN
1,NaN,NaN,NaN,NaN,NaN,NaN,NaN,NaN
2,NaN,NaN,NaN,NaN,NaN,NaN,NaN,NaN
3,NaN,NaN,NaN,NaN,NaN,NaN,NaN,NaN
4,NaN,NaN,NaN,NaN,NaN,NaN,NaN,NaN
5,NaN,NaN,NaN,NaN,NaN,NaN,NaN,NaN
6,NaN,NaN,NaN,NaN,NaN,NaN,NaN,NaN
7,NaN,NaN,NaN,NaN,NaN,NaN,NaN,NaN
8,NaN,NaN,NaN,NaN,NaN,NaN,NaN,NaN
9,NaN,NaN,NaN,NaN,NaN,NaN,NaN,NaN
10,NaN,NaN,NaN,NaN,NaN,NaN,NaN,NaN
11,NaN,NaN,NaN,NaN,NaN,NaN,NaN,NaN
1,NaN,NaN,NaN,NaN,NaN,NaN,NaN,NaN
2,NaN,NaN,NaN,NaN,NaN,NaN,NaN,NaN
3,NaN,NaN,NaN,NaN,NaN,NaN,NaN,NaN
4,NaN,NaN,NaN,NaN,NaN,NaN,NaN,NaN
5,NaN,NaN,NaN,NaN,NaN,NaN,NaN,NaN
6,NaN,NaN,NaN,NaN,NaN,NaN,NaN,NaN
7,NaN,NaN,NaN,NaN,NaN,NaN,NaN,NaN
8,NaN,NaN,NaN,NaN,NaN,NaN,NaN,NaN
9,NaN,NaN,NaN,NaN,NaN,NaN,NaN,NaN
10,NaN,NaN,NaN,NaN,NaN,NaN,NaN,NaN
11,NaN,NaN,NaN,NaN,NaN,NaN,NaN,NaN
1,NaN,NaN,NaN,NaN,NaN,NaN,NaN,NaN
2,NaN,NaN,NaN,NaN,NaN,NaN,NaN,NaN
3,NaN,NaN,NaN,NaN,NaN,NaN,NaN,NaN
4,NaN,NaN,NaN,NaN,NaN,NaN,NaN,NaN
5,NaN,NaN,NaN,NaN,NaN,NaN,NaN,NaN
6,NaN,NaN,NaN,NaN,NaN,NaN,NaN,NaN
7,NaN,NaN,NaN,NaN,NaN,NaN,NaN,NaN
8,NaN,NaN,NaN,NaN,NaN,NaN,NaN,NaN
9,NaN,NaN,NaN,NaN,NaN,NaN,NaN,NaN
10,NaN,NaN,NaN,NaN,NaN,NaN,NaN,NaN
11,NaN,NaN,NaN,NaN,NaN,NaN,NaN,NaN
1,NaN,NaN,NaN,NaN,NaN,NaN,NaN,NaN
2,NaN,NaN,NaN,NaN,NaN,NaN,NaN,NaN
3,NaN,NaN,NaN,NaN,NaN,NaN,NaN,NaN
4,NaN,NaN,NaN,NaN,NaN,NaN,NaN,NaN
5,NaN,NaN,NaN,NaN,NaN,NaN,NaN,NaN
6,NaN,NaN,NaN,NaN,NaN,NaN,NaN,NaN
7,NaN,NaN,NaN,NaN,NaN,NaN,NaN,NaN
8,NaN,NaN,NaN,NaN,NaN,NaN,NaN,NaN
9,NaN,NaN,NaN,NaN,NaN,NaN,NaN,NaN
10,NaN,NaN,NaN,NaN,NaN,NaN,NaN,NaN
11,NaN,NaN,NaN,NaN,NaN,NaN,NaN,NaN
1,NaN,NaN,NaN,NaN,NaN,NaN,NaN,NaN
2,NaN,NaN,NaN,NaN,NaN,NaN,NaN,NaN
3,NaN,NaN,NaN,NaN,NaN,NaN,NaN,NaN
4,NaN,NaN,NaN,NaN,NaN,NaN,NaN,NaN
5,NaN,NaN,NaN,NaN,NaN,NaN,NaN,NaN
6,NaN,NaN,NaN,NaN,NaN,NaN,NaN,NaN
7,NaN,NaN,NaN,NaN,NaN,NaN,NaN,NaN
8,NaN,NaN,NaN,NaN,NaN,NaN,NaN,NaN
9,NaN,NaN,NaN,NaN,NaN,NaN,NaN,NaN
10,NaN,NaN,NaN,NaN,NaN,NaN,NaN,NaN
11,NaN,NaN,NaN,NaN,NaN,NaN,NaN,NaN
1,NaN,NaN,NaN,NaN,NaN,NaN,NaN,NaN
2,NaN,NaN,NaN,NaN,NaN,NaN,NaN,NaN
3,NaN,NaN,NaN,NaN,NaN,NaN,NaN,NaN
4,NaN,NaN,NaN,NaN,NaN,NaN,NaN,NaN
5,NaN,NaN,NaN,NaN,NaN,NaN,NaN,NaN
6,NaN,NaN,NaN,NaN,NaN,NaN,NaN,NaN
7,NaN,NaN,NaN,NaN,NaN,NaN,NaN,NaN
8,NaN,NaN,NaN,NaN,NaN,NaN,NaN,NaN
9,NaN,NaN,NaN,NaN,NaN,NaN,NaN,NaN
10,NaN,NaN,NaN,NaN,NaN,NaN,NaN,NaN
11,NaN,NaN,NaN,NaN,NaN,NaN,NaN,NaN
1,NaN,NaN,NaN,NaN,NaN,NaN,NaN,NaN
2,NaN,NaN,NaN,NaN,NaN,NaN,NaN,NaN
3,NaN,NaN,NaN,NaN,NaN,NaN,NaN,NaN
4,NaN,NaN,NaN,NaN,NaN,NaN,NaN,NaN
5,NaN,NaN,NaN,NaN,NaN,NaN,NaN,NaN
6,NaN,NaN,NaN,NaN,NaN,NaN,NaN,NaN
7,NaN,NaN,NaN,NaN,NaN,NaN,NaN,NaN
8,NaN,NaN,NaN,NaN,NaN,NaN,NaN,NaN
9,NaN,NaN,NaN,NaN,NaN,NaN,NaN,NaN
10,NaN,NaN,NaN,NaN,NaN,NaN,NaN,NaN
11,NaN,NaN,NaN,NaN,NaN,NaN,NaN,NaN
1,NaN,NaN,NaN,NaN,NaN,NaN,NaN,NaN
2,NaN,NaN,NaN,NaN,NaN,NaN,NaN,NaN
3,NaN,NaN,NaN,NaN,NaN,NaN,NaN,NaN
4,NaN,NaN,NaN,NaN,NaN,NaN,NaN,NaN
5,NaN,NaN,NaN,NaN,NaN,NaN,NaN,NaN
6,NaN,NaN,NaN,NaN,NaN,NaN,NaN,NaN
7,NaN,NaN,NaN,NaN,NaN,NaN,NaN,NaN
8,NaN,NaN,NaN,NaN,NaN,NaN,NaN,NaN
9,NaN,NaN,NaN,NaN,NaN,NaN,NaN,NaN
10,NaN,NaN,NaN,NaN,NaN,NaN,NaN,NaN
11,NaN,NaN,NaN,NaN,NaN,NaN,NaN,NaN
1,NaN,NaN,NaN,NaN,NaN,NaN,NaN,NaN
2,NaN,NaN,NaN,NaN,NaN,NaN,NaN,NaN
3,NaN,NaN,NaN,NaN,NaN,NaN,NaN,NaN
4,NaN,NaN,NaN,NaN,NaN,NaN,NaN,NaN
5,NaN,NaN,NaN,NaN,NaN,NaN,NaN,NaN
6,NaN,NaN,NaN,NaN,NaN,NaN,NaN,NaN
7,NaN,NaN,NaN,NaN,NaN,NaN,NaN,NaN
8,NaN,NaN,NaN,NaN,NaN,NaN,NaN,NaN
9,NaN,NaN,NaN,NaN,NaN,NaN,NaN,NaN
10,NaN,NaN,NaN,NaN,NaN,NaN,NaN,NaN
11,NaN,NaN,NaN,NaN,NaN,NaN,NaN,NaN
1,NaN,NaN,NaN,NaN,NaN,NaN,NaN,NaN
2,NaN,NaN,NaN,NaN,NaN,NaN,NaN,NaN
3,NaN,NaN,NaN,NaN,NaN,NaN,NaN,NaN
4,NaN,NaN,NaN,NaN,NaN,NaN,NaN,NaN
5,NaN,NaN,NaN,NaN,NaN,NaN,NaN,NaN
6,NaN,NaN,NaN,NaN,NaN,NaN,NaN,NaN
7,NaN,NaN,NaN,NaN,NaN,NaN,NaN,NaN
8,NaN,NaN,NaN,NaN,NaN,NaN,NaN,NaN
9,NaN,NaN,NaN,NaN,NaN,NaN,NaN,NaN
10,NaN,NaN,NaN,NaN,NaN,NaN,NaN,NaN
11,NaN,NaN,NaN,NaN,NaN,NaN,NaN,NaN
1,NaN,NaN,NaN,NaN,NaN,NaN,NaN,NaN
2,NaN,NaN,NaN,NaN,NaN,NaN,NaN,NaN
3,NaN,NaN,NaN,NaN,NaN,NaN,NaN,NaN
4,NaN,NaN,NaN,NaN,NaN,NaN,NaN,NaN
5,NaN,NaN,NaN,NaN,NaN,NaN,NaN,NaN
6,NaN,NaN,NaN,NaN,NaN,NaN,NaN,NaN
7,NaN,NaN,NaN,NaN,NaN,NaN,NaN,NaN
8,NaN,NaN,NaN,NaN,NaN,NaN,NaN,NaN
9,NaN,NaN,NaN,NaN,NaN,NaN,NaN,NaN
10,NaN,NaN,NaN,NaN,NaN,NaN,NaN,NaN
11,NaN,NaN,NaN,NaN,NaN,NaN,NaN,NaN
1,NaN,NaN,NaN,NaN,NaN,NaN,NaN,NaN
2,NaN,NaN,NaN,NaN,NaN,NaN,NaN,NaN
3,NaN,NaN,NaN,NaN,NaN,NaN,NaN,NaN
4,NaN,NaN,NaN,NaN,NaN,NaN,NaN,NaN
5,NaN,NaN,NaN,NaN,NaN,NaN,NaN,NaN
6,NaN,NaN,NaN,NaN,NaN,NaN,NaN,NaN
7,NaN,NaN,NaN,NaN,NaN,NaN,NaN,NaN
8,NaN,NaN,NaN,NaN,NaN,NaN,NaN,NaN
9,NaN,NaN,NaN,NaN,NaN,NaN,NaN,NaN
10,NaN,NaN,NaN,NaN,NaN,NaN,NaN,NaN
11,NaN,NaN,NaN,NaN,NaN,NaN,NaN,NaN
1,NaN,NaN,NaN,NaN,NaN,NaN,NaN,NaN
2,NaN,NaN,NaN,NaN,NaN,NaN,NaN,NaN
3,NaN,NaN,NaN,NaN,NaN,NaN,NaN,NaN
4,NaN,NaN,NaN,NaN,NaN,NaN,NaN,NaN
5,NaN,NaN,NaN,NaN,NaN,NaN,NaN,NaN
6,NaN,NaN,NaN,NaN,NaN,NaN,NaN,NaN
7,NaN,NaN,NaN,NaN,NaN,NaN,NaN,NaN
8,NaN,NaN,NaN,NaN,NaN,NaN,NaN,NaN
9,NaN,NaN,NaN,NaN,NaN,NaN,NaN,NaN
10,NaN,NaN,NaN,NaN,NaN,NaN,NaN,NaN
11,NaN,NaN,NaN,NaN,NaN,NaN,NaN,NaN
1,NaN,NaN,NaN,NaN,NaN,NaN,NaN,NaN
2,NaN,NaN,NaN,NaN,NaN,NaN,NaN,NaN
3,NaN,NaN,NaN,NaN,NaN,NaN,NaN,NaN
4,NaN,NaN,NaN,NaN,NaN,NaN,NaN,NaN
5,NaN,NaN,NaN,NaN,NaN,NaN,NaN,NaN
6,NaN,NaN,NaN,NaN,NaN,NaN,NaN,NaN
7,NaN,NaN,NaN,NaN,NaN,NaN,NaN,NaN
8,NaN,NaN,NaN,NaN,NaN,NaN,NaN,NaN
9,NaN,NaN,NaN,NaN,NaN,NaN,NaN,NaN
10,NaN,NaN,NaN,NaN,NaN,NaN,NaN,NaN
11,NaN,NaN,NaN,NaN,NaN,NaN,NaN,NaN
1,NaN,NaN,NaN,NaN,NaN,NaN,NaN,NaN
2,NaN,NaN,NaN,NaN,NaN,NaN,NaN,NaN
3,NaN,NaN,NaN,NaN,NaN,NaN,NaN,NaN
4,NaN,NaN,NaN,NaN,NaN,NaN,NaN,NaN
5,NaN,NaN,NaN,NaN,NaN,NaN,NaN,NaN
6,NaN,NaN,NaN,NaN,NaN,NaN,NaN,NaN
7,NaN,NaN,NaN,NaN,NaN,NaN,NaN,NaN
8,NaN,NaN,NaN,NaN,NaN,NaN,NaN,NaN
9,NaN,NaN,NaN,NaN,NaN,NaN,NaN,NaN
10,NaN,NaN,NaN,NaN,NaN,NaN,NaN,NaN
11,NaN,NaN,NaN,NaN,NaN,NaN,NaN,NaN
1,NaN,NaN,NaN,NaN,NaN,NaN,NaN,NaN
2,NaN,NaN,NaN,NaN,NaN,NaN,NaN,NaN
3,NaN,NaN,NaN,NaN,NaN,NaN,NaN,NaN
4,NaN,NaN,NaN,NaN,NaN,NaN,NaN,NaN
5,NaN,NaN,NaN,NaN,NaN,NaN,NaN,NaN
6,NaN,NaN,NaN,NaN,NaN,NaN,NaN,NaN
7,NaN,NaN,NaN,NaN,NaN,NaN,NaN,NaN
8,NaN,NaN,NaN,NaN,NaN,NaN,NaN,NaN
9,NaN,NaN,NaN,NaN,NaN,NaN,NaN,NaN
10,NaN,NaN,NaN,NaN,NaN,NaN,NaN,NaN
11,NaN,NaN,NaN,NaN,NaN,NaN,NaN,NaN
1,NaN,NaN,NaN,NaN,NaN,NaN,NaN,NaN
2,NaN,NaN,NaN,NaN,NaN,NaN,NaN,NaN
3,NaN,NaN,NaN,NaN,NaN,NaN,NaN,NaN
4,NaN,NaN,NaN,NaN,NaN,NaN,NaN,NaN
5,NaN,NaN,NaN,NaN,NaN,NaN,NaN,NaN
6,NaN,NaN,NaN,NaN,NaN,NaN,NaN,NaN
7,NaN,NaN,NaN,NaN,NaN,NaN,NaN,NaN
8,NaN,NaN,NaN,NaN,NaN,NaN,NaN,NaN
9,NaN,NaN,NaN,NaN,NaN,NaN,NaN,NaN
10,NaN,NaN,NaN,NaN,NaN,NaN,NaN,NaN
11,NaN,NaN,NaN,NaN,NaN,NaN,NaN,NaN
1,NaN,NaN,NaN,NaN,NaN,NaN,NaN,NaN
2,NaN,NaN,NaN,NaN,NaN,NaN,NaN,NaN
3,NaN,NaN,NaN,NaN,NaN,NaN,NaN,NaN
4,NaN,NaN,NaN,NaN,NaN,NaN,NaN,NaN
5,NaN,NaN,NaN,NaN,NaN,NaN,NaN,NaN
6,NaN,NaN,NaN,NaN,NaN,NaN,NaN,NaN
7,NaN,NaN,NaN,NaN,NaN,NaN,NaN,NaN
8,NaN,NaN,NaN,NaN,NaN,NaN,NaN,NaN
9,NaN,NaN,NaN,NaN,NaN,NaN,NaN,NaN
10,NaN,NaN,NaN,NaN,NaN,NaN,NaN,NaN
11,NaN,NaN,NaN,NaN,NaN,NaN,NaN,NaN
1,NaN,NaN,NaN,NaN,NaN,NaN,NaN,NaN
2,NaN,NaN,NaN,NaN,NaN,NaN,NaN,NaN
3,NaN,NaN,NaN,NaN,NaN,NaN,NaN,NaN
4,NaN,NaN,NaN,NaN,NaN,NaN,NaN,NaN
5,NaN,NaN,NaN,NaN,NaN,NaN,NaN,NaN
6,NaN,NaN,NaN,NaN,NaN,NaN,NaN,NaN
7,NaN,NaN,NaN,NaN,NaN,NaN,NaN,NaN
8,NaN,NaN,NaN,NaN,NaN,NaN,NaN,NaN
9,NaN,NaN,NaN,NaN,NaN,NaN,NaN,NaN
10,NaN,NaN,NaN,NaN,NaN,NaN,NaN,NaN
11,NaN,NaN,NaN,NaN,NaN,NaN,NaN,NaN
1,NaN,NaN,NaN,NaN,NaN,NaN,NaN,NaN
2,NaN,NaN,NaN,NaN,NaN,NaN,NaN,NaN
3,NaN,NaN,NaN,NaN,NaN,NaN,NaN,NaN
4,NaN,NaN,NaN,NaN,NaN,NaN,NaN,NaN
5,NaN,NaN,NaN,NaN,NaN,NaN,NaN,NaN
6,NaN,NaN,NaN,NaN,NaN,NaN,NaN,NaN
7,NaN,NaN,NaN,NaN,NaN,NaN,NaN,NaN
8,NaN,NaN,NaN,NaN,NaN,NaN,NaN,NaN
9,NaN,NaN,NaN,NaN,NaN,NaN,NaN,NaN
10,NaN,NaN,NaN,NaN,NaN,NaN,NaN,NaN
11,NaN,NaN,NaN,NaN,NaN,NaN,NaN,NaN
1,NaN,NaN,NaN,NaN,NaN,NaN,NaN,NaN
2,NaN,NaN,NaN,NaN,NaN,NaN,NaN,NaN
3,NaN,NaN,NaN,NaN,NaN,NaN,NaN,NaN
4,NaN,NaN,NaN,NaN,NaN,NaN,NaN,NaN
5,NaN,NaN,NaN,NaN,NaN,NaN,NaN,NaN
6,NaN,NaN,NaN,NaN,NaN,NaN,NaN,NaN
7,NaN,NaN,NaN,NaN,NaN,NaN,NaN,NaN
8,NaN,NaN,NaN,NaN,NaN,NaN,NaN,NaN
9,NaN,NaN,NaN,NaN,NaN,NaN,NaN,NaN
10,NaN,NaN,NaN,NaN,NaN,NaN,NaN,NaN
11,NaN,NaN,NaN,NaN,NaN,NaN,NaN,NaN
1,NaN,NaN,NaN,NaN,NaN,NaN,NaN,NaN
2,NaN,NaN,NaN,NaN,NaN,NaN,NaN,NaN
3,NaN,NaN,NaN,NaN,NaN,NaN,NaN,NaN
4,NaN,NaN,NaN,NaN,NaN,NaN,NaN,NaN
5,NaN,NaN,NaN,NaN,NaN,NaN,NaN,NaN
6,NaN,NaN,NaN,NaN,NaN,NaN,NaN,NaN
7,NaN,NaN,NaN,NaN,NaN,NaN,NaN,NaN
8,NaN,NaN,NaN,NaN,NaN,NaN,NaN,NaN
9,NaN,NaN,NaN,NaN,NaN,NaN,NaN,NaN
10,NaN,NaN,NaN,NaN,NaN,NaN,NaN,NaN
11,NaN,NaN,NaN,NaN,NaN,NaN,NaN,NaN
1,NaN,NaN,NaN,NaN,NaN,NaN,NaN,NaN
2,NaN,NaN,NaN,NaN,NaN,NaN,NaN,NaN
3,NaN,NaN,NaN,NaN,NaN,NaN,NaN,NaN
4,NaN,NaN,NaN,NaN,NaN,NaN,NaN,NaN
5,NaN,NaN,NaN,NaN,NaN,NaN,NaN,NaN
6,NaN,NaN,NaN,NaN,NaN,NaN,NaN,NaN
7,NaN,NaN,NaN,NaN,NaN,NaN,NaN,NaN
8,NaN,NaN,NaN,NaN,NaN,NaN,NaN,NaN
9,NaN,NaN,NaN,NaN,NaN,NaN,NaN,NaN
10,NaN,NaN,NaN,NaN,NaN,NaN,NaN,NaN
11,NaN,NaN,NaN,NaN,NaN,NaN,NaN,NaN
1,NaN,NaN,NaN,NaN,NaN,NaN,NaN,NaN
2,NaN,NaN,NaN,NaN,NaN,NaN,NaN,NaN
3,NaN,NaN,NaN,NaN,NaN,NaN,NaN,NaN
4,NaN,NaN,NaN,NaN,NaN,NaN,NaN,NaN
5,NaN,NaN,NaN,NaN,NaN,NaN,NaN,NaN
6,NaN,NaN,NaN,NaN,NaN,NaN,NaN,NaN
7,NaN,NaN,NaN,NaN,NaN,NaN,NaN,NaN
8,NaN,NaN,NaN,NaN,NaN,NaN,NaN,NaN
9,NaN,NaN,NaN,NaN,NaN,NaN,NaN,NaN
10,NaN,NaN,NaN,NaN,NaN,NaN,NaN,NaN
11,NaN,NaN,NaN,NaN,NaN,NaN,NaN,NaN
1,NaN,NaN,NaN,NaN,NaN,NaN,NaN,NaN
2,NaN,NaN,NaN,NaN,NaN,NaN,NaN,NaN
3,NaN,NaN,NaN,NaN,NaN,NaN,NaN,NaN
4,NaN,NaN,NaN,NaN,NaN,NaN,NaN,NaN
5,NaN,NaN,NaN,NaN,NaN,NaN,NaN,NaN
6,NaN,NaN,NaN,NaN,NaN,NaN,NaN,NaN
7,NaN,NaN,NaN,NaN,NaN,NaN,NaN,NaN
8,NaN,NaN,NaN,NaN,NaN,NaN,NaN,NaN
9,NaN,NaN,NaN,NaN,NaN,NaN,NaN,NaN
10,NaN,NaN,NaN,NaN,NaN,NaN,NaN,NaN
11,NaN,NaN,NaN,NaN,NaN,NaN,NaN,NaN
1,NaN,NaN,NaN,NaN,NaN,NaN,NaN,NaN
2,NaN,NaN,NaN,NaN,NaN,NaN,NaN,NaN
3,NaN,NaN,NaN,NaN,NaN,NaN,NaN,NaN
4,NaN,NaN,NaN,NaN,NaN,NaN,NaN,NaN
5,NaN,NaN,NaN,NaN,NaN,NaN,NaN,NaN
6,NaN,NaN,NaN,NaN,NaN,NaN,NaN,NaN
7,NaN,NaN,NaN,NaN,NaN,NaN,NaN,NaN
8,NaN,NaN,NaN,NaN,NaN,NaN,NaN,NaN
9,NaN,NaN,NaN,NaN,NaN,NaN,NaN,NaN
10,NaN,NaN,NaN,NaN,NaN,NaN,NaN,NaN
11,NaN,NaN,NaN,NaN,NaN,NaN,NaN,NaN
1,NaN,NaN,NaN,NaN,NaN,NaN,NaN,NaN
2,NaN,NaN,NaN,NaN,NaN,NaN,NaN,NaN
3,NaN,NaN,NaN,NaN,NaN,NaN,NaN,NaN
4,NaN,NaN,NaN,NaN,NaN,NaN,NaN,NaN
5,NaN,NaN,NaN,NaN,NaN,NaN,NaN,NaN
6,NaN,NaN,NaN,NaN,NaN,NaN,NaN,NaN
7,NaN,NaN,NaN,NaN,NaN,NaN,NaN,NaN
8,NaN,NaN,NaN,NaN,NaN,NaN,NaN,NaN
9,NaN,NaN,NaN,NaN,NaN,NaN,NaN,NaN
10,NaN,NaN,NaN,NaN,NaN,NaN,NaN,NaN
11,NaN,NaN,NaN,NaN,NaN,NaN,NaN,NaN
1,NaN,NaN,NaN,NaN,NaN,NaN,NaN,NaN
2,NaN,NaN,NaN,NaN,NaN,NaN,NaN,NaN
3,NaN,NaN,NaN,NaN,NaN,NaN,NaN,NaN
4,NaN,NaN,NaN,NaN,NaN,NaN,NaN,NaN
5,NaN,NaN,NaN,NaN,NaN,NaN,NaN,NaN
6,NaN,NaN,NaN,NaN,NaN,NaN,NaN,NaN
7,NaN,NaN,NaN,NaN,NaN,NaN,NaN,NaN
8,NaN,NaN,NaN,NaN,NaN,NaN,NaN,NaN
9,NaN,NaN,NaN,NaN,NaN,NaN,NaN,NaN
10,NaN,NaN,NaN,NaN,NaN,NaN,NaN,NaN
11,NaN,NaN,NaN,NaN,NaN,NaN,NaN,NaN
1,NaN,NaN,NaN,NaN,NaN,NaN,NaN,NaN
2,NaN,NaN,NaN,NaN,NaN,NaN,NaN,NaN
3,NaN,NaN,NaN,NaN,NaN,NaN,NaN,NaN
4,NaN,NaN,NaN,NaN,NaN,NaN,NaN,NaN
5,NaN,NaN,NaN,NaN,NaN,NaN,NaN,NaN
6,NaN,NaN,NaN,NaN,NaN,NaN,NaN,NaN
7,NaN,NaN,NaN,NaN,NaN,NaN,NaN,NaN
8,NaN,NaN,NaN,NaN,NaN,NaN,NaN,NaN
9,NaN,NaN,NaN,NaN,NaN,NaN,NaN,NaN
10,NaN,NaN,NaN,NaN,NaN,NaN,NaN,NaN
11,NaN,NaN,NaN,NaN,NaN,NaN,NaN,NaN
1,NaN,NaN,NaN,NaN,NaN,NaN,NaN,NaN
2,NaN,NaN,NaN,NaN,NaN,NaN,NaN,NaN
3,NaN,NaN,NaN,NaN,NaN,NaN,NaN,NaN
4,NaN,NaN,NaN,NaN,NaN,NaN,NaN,NaN
5,NaN,NaN,NaN,NaN,NaN,NaN,NaN,NaN
6,NaN,NaN,NaN,NaN,NaN,NaN,NaN,NaN
7,NaN,NaN,NaN,NaN,NaN,NaN,NaN,NaN
8,NaN,NaN,NaN,NaN,NaN,NaN,NaN,NaN
9,NaN,NaN,NaN,NaN,NaN,NaN,NaN,NaN
10,NaN,NaN,NaN,NaN,NaN,NaN,NaN,NaN
11,NaN,NaN,NaN,NaN,NaN,NaN,NaN,NaN
1,NaN,NaN,NaN,NaN,NaN,NaN,NaN,NaN
2,NaN,NaN,NaN,NaN,NaN,NaN,NaN,NaN
3,NaN,NaN,NaN,NaN,NaN,NaN,NaN,NaN
4,NaN,NaN,NaN,NaN,NaN,NaN,NaN,NaN
5,NaN,NaN,NaN,NaN,NaN,NaN,NaN,NaN
6,NaN,NaN,NaN,NaN,NaN,NaN,NaN,NaN
7,NaN,NaN,NaN,NaN,NaN,NaN,NaN,NaN
8,NaN,NaN,NaN,NaN,NaN,NaN,NaN,NaN
9,NaN,NaN,NaN,NaN,NaN,NaN,NaN,NaN
10,NaN,NaN,NaN,NaN,NaN,NaN,NaN,NaN
11,NaN,NaN,NaN,NaN,NaN,NaN,NaN,NaN
1,NaN,NaN,NaN,NaN,NaN,NaN,NaN,NaN
2,NaN,NaN,NaN,NaN,NaN,NaN,NaN,NaN
3,NaN,NaN,NaN,NaN,NaN,NaN,NaN,NaN
4,NaN,NaN,NaN,NaN,NaN,NaN,NaN,NaN
5,NaN,NaN,NaN,NaN,NaN,NaN,NaN,NaN
6,NaN,NaN,NaN,NaN,NaN,NaN,NaN,NaN
7,NaN,NaN,NaN,NaN,NaN,NaN,NaN,NaN
8,NaN,NaN,NaN,NaN,NaN,NaN,NaN,NaN
9,NaN,NaN,NaN,NaN,NaN,NaN,NaN,NaN
10,NaN,NaN,NaN,NaN,NaN,NaN,NaN,NaN
11,NaN,NaN,NaN,NaN,NaN,NaN,NaN,NaN
1,NaN,NaN,NaN,NaN,NaN,NaN,NaN,NaN
2,NaN,NaN,NaN,NaN,NaN,NaN,NaN,NaN
3,NaN,NaN,NaN,NaN,NaN,NaN,NaN,NaN
4,NaN,NaN,NaN,NaN,NaN,NaN,NaN,NaN
5,NaN,NaN,NaN,NaN,NaN,NaN,NaN,NaN
6,NaN,NaN,NaN,NaN,NaN,NaN,NaN,NaN
7,NaN,NaN,NaN,NaN,NaN,NaN,NaN,NaN
8,NaN,NaN,NaN,NaN,NaN,NaN,NaN,NaN
9,NaN,NaN,NaN,NaN,NaN,NaN,NaN,NaN
10,NaN,NaN,NaN,NaN,NaN,NaN,NaN,NaN
11,NaN,NaN,NaN,NaN,NaN,NaN,NaN,NaN
1,NaN,NaN,NaN,NaN,NaN,NaN,NaN,NaN
2,NaN,NaN,NaN,NaN,NaN,NaN,NaN,NaN
3,NaN,NaN,NaN,NaN,NaN,NaN,NaN,NaN
4,NaN,NaN,NaN,NaN,NaN,NaN,NaN,NaN
5,NaN,NaN,NaN,NaN,NaN,NaN,NaN,NaN
6,NaN,NaN,NaN,NaN,NaN,NaN,NaN,NaN
7,NaN,NaN,NaN,NaN,NaN,NaN,NaN,NaN
8,NaN,NaN,NaN,NaN,NaN,NaN,NaN,NaN
9,NaN,NaN,NaN,NaN,NaN,NaN,NaN,NaN
10,NaN,NaN,NaN,NaN,NaN,NaN,NaN,NaN
11,NaN,NaN,NaN,NaN,NaN,NaN,NaN,NaN
1,NaN,NaN,NaN,NaN,NaN,NaN,NaN,NaN
2,NaN,NaN,NaN,NaN,NaN,NaN,NaN,NaN
3,NaN,NaN,NaN,NaN,NaN,NaN,NaN,NaN
4,NaN,NaN,NaN,NaN,NaN,NaN,NaN,NaN
5,NaN,NaN,NaN,NaN,NaN,NaN,NaN,NaN
6,NaN,NaN,NaN,NaN,NaN,NaN,NaN,NaN
7,NaN,NaN,NaN,NaN,NaN,NaN,NaN,NaN
8,NaN,NaN,NaN,NaN,NaN,NaN,NaN,NaN
9,NaN,NaN,NaN,NaN,NaN,NaN,NaN,NaN
10,NaN,NaN,NaN,NaN,NaN,NaN,NaN,NaN
11,NaN,NaN,NaN,NaN,NaN,NaN,NaN,NaN
1,NaN,NaN,NaN,NaN,NaN,NaN,NaN,NaN
2,NaN,NaN,NaN,NaN,NaN,NaN,NaN,NaN
3,NaN,NaN,NaN,NaN,NaN,NaN,NaN,NaN
4,NaN,NaN,NaN,NaN,NaN,NaN,NaN,NaN
5,NaN,NaN,NaN,NaN,NaN,NaN,NaN,NaN
6,NaN,NaN,NaN,NaN,NaN,NaN,NaN,NaN
7,NaN,NaN,NaN,NaN,NaN,NaN,NaN,NaN
8,NaN,NaN,NaN,NaN,NaN,NaN,NaN,NaN
9,NaN,NaN,NaN,NaN,NaN,NaN,NaN,NaN
10,NaN,NaN,NaN,NaN,NaN,NaN,NaN,NaN
11,NaN,NaN,NaN,NaN,NaN,NaN,NaN,NaN
1,NaN,NaN,NaN,NaN,NaN,NaN,NaN,NaN
2,NaN,NaN,NaN,NaN,NaN,NaN,NaN,NaN
3,NaN,NaN,NaN,NaN,NaN,NaN,NaN,NaN
4,NaN,NaN,NaN,NaN,NaN,NaN,NaN,NaN
5,NaN,NaN,NaN,NaN,NaN,NaN,NaN,NaN
6,NaN,NaN,NaN,NaN,NaN,NaN,NaN,NaN
7,NaN,NaN,NaN,NaN,NaN,NaN,NaN,NaN
8,NaN,NaN,NaN,NaN,NaN,NaN,NaN,NaN
9,NaN,NaN,NaN,NaN,NaN,NaN,NaN,NaN
10,NaN,NaN,NaN,NaN,NaN,NaN,NaN,NaN
11,NaN,NaN,NaN,NaN,NaN,NaN,NaN,NaN
1,NaN,NaN,NaN,NaN,NaN,NaN,NaN,NaN
2,NaN,NaN,NaN,NaN,NaN,NaN,NaN,NaN
3,NaN,NaN,NaN,NaN,NaN,NaN,NaN,NaN
4,NaN,NaN,NaN,NaN,NaN,NaN,NaN,NaN
5,NaN,NaN,NaN,NaN,NaN,NaN,NaN,NaN
6,NaN,NaN,NaN,NaN,NaN,NaN,NaN,NaN
7,NaN,NaN,NaN,NaN,NaN,NaN,NaN,NaN
8,NaN,NaN,NaN,NaN,NaN,NaN,NaN,NaN
9,NaN,NaN,NaN,NaN,NaN,NaN,NaN,NaN
10,NaN,NaN,NaN,NaN,NaN,NaN,NaN,NaN
11,NaN,NaN,NaN,NaN,NaN,NaN,NaN,NaN
1,NaN,NaN,NaN,NaN,NaN,NaN,NaN,NaN
2,NaN,NaN,NaN,NaN,NaN,NaN,NaN,NaN
3,NaN,NaN,NaN,NaN,NaN,NaN,NaN,NaN
4,NaN,NaN,NaN,NaN,NaN,NaN,NaN,NaN
5,NaN,NaN,NaN,NaN,NaN,NaN,NaN,NaN
6,NaN,NaN,NaN,NaN,NaN,NaN,NaN,NaN
7,NaN,NaN,NaN,NaN,NaN,NaN,NaN,NaN
8,NaN,NaN,NaN,NaN,NaN,NaN,NaN,NaN
9,NaN,NaN,NaN,NaN,NaN,NaN,NaN,NaN
10,NaN,NaN,NaN,NaN,NaN,NaN,NaN,NaN
11,NaN,NaN,NaN,NaN,NaN,NaN,NaN,NaN
1,NaN,NaN,NaN,NaN,NaN,NaN,NaN,NaN
2,NaN,NaN,NaN,NaN,NaN,NaN,NaN,NaN
3,NaN,NaN,NaN,NaN,NaN,NaN,NaN,NaN
4,NaN,NaN,NaN,NaN,NaN,NaN,NaN,NaN
5,NaN,NaN,NaN,NaN,NaN,NaN,NaN,NaN
6,NaN,NaN,NaN,NaN,NaN,NaN,NaN,NaN
7,NaN,NaN,NaN,NaN,NaN,NaN,NaN,NaN
8,NaN,NaN,NaN,NaN,NaN,NaN,NaN,NaN
9,NaN,NaN,NaN,NaN,NaN,NaN,NaN,NaN
10,NaN,NaN,NaN,NaN,NaN,NaN,NaN,NaN
11,NaN,NaN,NaN,NaN,NaN,NaN,NaN,NaN
1,NaN,NaN,NaN,NaN,NaN,NaN,NaN,NaN
2,NaN,NaN,NaN,NaN,NaN,NaN,NaN,NaN
3,NaN,NaN,NaN,NaN,NaN,NaN,NaN,NaN
4,NaN,NaN,NaN,NaN,NaN,NaN,NaN,NaN
5,NaN,NaN,NaN,NaN,NaN,NaN,NaN,NaN
6,NaN,NaN,NaN,NaN,NaN,NaN,NaN,NaN
7,NaN,NaN,NaN,NaN,NaN,NaN,NaN,NaN
8,NaN,NaN,NaN,NaN,NaN,NaN,NaN,NaN
9,NaN,NaN,NaN,NaN,NaN,NaN,NaN,NaN
10,NaN,NaN,NaN,NaN,NaN,NaN,NaN,NaN
11,NaN,NaN,NaN,NaN,NaN,NaN,NaN,NaN
1,NaN,NaN,NaN,NaN,NaN,NaN,NaN,NaN
2,NaN,NaN,NaN,NaN,NaN,NaN,NaN,NaN
3,NaN,NaN,NaN,NaN,NaN,NaN,NaN,NaN
4,NaN,NaN,NaN,NaN,NaN,NaN,NaN,NaN
5,NaN,NaN,NaN,NaN,NaN,NaN,NaN,NaN
6,NaN,NaN,NaN,NaN,NaN,NaN,NaN,NaN
7,NaN,NaN,NaN,NaN,NaN,NaN,NaN,NaN
8,NaN,NaN,NaN,NaN,NaN,NaN,NaN,NaN
9,NaN,NaN,NaN,NaN,NaN,NaN,NaN,NaN
10,NaN,NaN,NaN,NaN,NaN,NaN,NaN,NaN
11,NaN,NaN,NaN,NaN,NaN,NaN,NaN,NaN
1,NaN,NaN,NaN,NaN,NaN,NaN,NaN,NaN
2,NaN,NaN,NaN,NaN,NaN,NaN,NaN,NaN
3,NaN,NaN,NaN,NaN,NaN,NaN,NaN,NaN
4,NaN,NaN,NaN,NaN,NaN,NaN,NaN,NaN
5,NaN,NaN,NaN,NaN,NaN,NaN,NaN,NaN
6,NaN,NaN,NaN,NaN,NaN,NaN,NaN,NaN
7,NaN,NaN,NaN,NaN,NaN,NaN,NaN,NaN
8,NaN,NaN,NaN,NaN,NaN,NaN,NaN,NaN
9,NaN,NaN,NaN,NaN,NaN,NaN,NaN,NaN
10,NaN,NaN,NaN,NaN,NaN,NaN,NaN,NaN
11,NaN,NaN,NaN,NaN,NaN,NaN,NaN,NaN
1,NaN,NaN,NaN,NaN,NaN,NaN,NaN,NaN
2,NaN,NaN,NaN,NaN,NaN,NaN,NaN,NaN
3,NaN,NaN,NaN,NaN,NaN,NaN,NaN,NaN
4,NaN,NaN,NaN,NaN,NaN,NaN,NaN,NaN
5,NaN,NaN,NaN,NaN,NaN,NaN,NaN,NaN
6,NaN,NaN,NaN,NaN,NaN,NaN,NaN,NaN
7,NaN,NaN,NaN,NaN,NaN,NaN,NaN,NaN
8,NaN,NaN,NaN,NaN,NaN,NaN,NaN,NaN
9,NaN,NaN,NaN,NaN,NaN,NaN,NaN,NaN
10,NaN,NaN,NaN,NaN,NaN,NaN,NaN,NaN
11,NaN,NaN,NaN,NaN,NaN,NaN,NaN,NaN
1,NaN,NaN,NaN,NaN,NaN,NaN,NaN,NaN
2,NaN,NaN,NaN,NaN,NaN,NaN,NaN,NaN
3,NaN,NaN,NaN,NaN,NaN,NaN,NaN,NaN
4,NaN,NaN,NaN,NaN,NaN,NaN,NaN,NaN
5,NaN,NaN,NaN,NaN,NaN,NaN,NaN,NaN
6,NaN,NaN,NaN,NaN,NaN,NaN,NaN,NaN
7,NaN,NaN,NaN,NaN,NaN,NaN,NaN,NaN
8,NaN,NaN,NaN,NaN,NaN,NaN,NaN,NaN
9,NaN,NaN,NaN,NaN,NaN,NaN,NaN,NaN
10,NaN,NaN,NaN,NaN,NaN,NaN,NaN,NaN
11,NaN,NaN,NaN,NaN,NaN,NaN,NaN,NaN
1,NaN,NaN,NaN,NaN,NaN,NaN,NaN,NaN
2,NaN,NaN,NaN,NaN,NaN,NaN,NaN,NaN
3,NaN,NaN,NaN,NaN,NaN,NaN,NaN,NaN
4,NaN,NaN,NaN,NaN,NaN,NaN,NaN,NaN
5,NaN,NaN,NaN,NaN,NaN,NaN,NaN,NaN
6,NaN,NaN,NaN,NaN,NaN,NaN,NaN,NaN
7,NaN,NaN,NaN,NaN,NaN,NaN,NaN,NaN
8,NaN,NaN,NaN,NaN,NaN,NaN,NaN,NaN
9,NaN,NaN,NaN,NaN,NaN,NaN,NaN,NaN
10,NaN,NaN,NaN,NaN,NaN,NaN,NaN,NaN
11,NaN,NaN,NaN,NaN,NaN,NaN,NaN,NaN
1,NaN,NaN,NaN,NaN,NaN,NaN,NaN,NaN
2,NaN,NaN,NaN,NaN,NaN,NaN,NaN,NaN
3,NaN,NaN,NaN,NaN,NaN,NaN,NaN,NaN
4,NaN,NaN,NaN,NaN,NaN,NaN,NaN,NaN
5,NaN,NaN,NaN,NaN,NaN,NaN,NaN,NaN
6,NaN,NaN,NaN,NaN,NaN,NaN,NaN,NaN
7,NaN,NaN,NaN,NaN,NaN,NaN,NaN,NaN
8,NaN,NaN,NaN,NaN,NaN,NaN,NaN,NaN
9,NaN,NaN,NaN,NaN,NaN,NaN,NaN,NaN
10,NaN,NaN,NaN,NaN,NaN,NaN,NaN,NaN
11,NaN,NaN,NaN,NaN,NaN,NaN,NaN,NaN
1,NaN,NaN,NaN,NaN,NaN,NaN,NaN,NaN
2,NaN,NaN,NaN,NaN,NaN,NaN,NaN,NaN
3,NaN,NaN,NaN,NaN,NaN,NaN,NaN,NaN
4,NaN,NaN,NaN,NaN,NaN,NaN,NaN,NaN
5,NaN,NaN,NaN,NaN,NaN,NaN,NaN,NaN
6,NaN,NaN,NaN,NaN,NaN,NaN,NaN,NaN
7,NaN,NaN,NaN,NaN,NaN,NaN,NaN,NaN
8,NaN,NaN,NaN,NaN,NaN,NaN,NaN,NaN
9,NaN,NaN,NaN,NaN,NaN,NaN,NaN,NaN
10,NaN,NaN,NaN,NaN,NaN,NaN,NaN,NaN
11,NaN,NaN,NaN,NaN,NaN,NaN,NaN,NaN
1,NaN,NaN,NaN,NaN,NaN,NaN,NaN,NaN
2,NaN,NaN,NaN,NaN,NaN,NaN,NaN,NaN
3,NaN,NaN,NaN,NaN,NaN,NaN,NaN,NaN
4,NaN,NaN,NaN,NaN,NaN,NaN,NaN,NaN
5,NaN,NaN,NaN,NaN,NaN,NaN,NaN,NaN
6,NaN,NaN,NaN,NaN,NaN,NaN,NaN,NaN
7,NaN,NaN,NaN,NaN,NaN,NaN,NaN,NaN
8,NaN,NaN,NaN,NaN,NaN,NaN,NaN,NaN
9,NaN,NaN,NaN,NaN,NaN,NaN,NaN,NaN
10,NaN,NaN,NaN,NaN,NaN,NaN,NaN,NaN
11,NaN,NaN,NaN,NaN,NaN,NaN,NaN,NaN
1,NaN,NaN,NaN,NaN,NaN,NaN,NaN,NaN
2,NaN,NaN,NaN,NaN,NaN,NaN,NaN,NaN
3,NaN,NaN,NaN,NaN,NaN,NaN,NaN,NaN
4,NaN,NaN,NaN,NaN,NaN,NaN,NaN,NaN
5,NaN,NaN,NaN,NaN,NaN,NaN,NaN,NaN
6,NaN,NaN,NaN,NaN,NaN,NaN,NaN,NaN
7,NaN,NaN,NaN,NaN,NaN,NaN,NaN,NaN
8,NaN,NaN,NaN,NaN,NaN,NaN,NaN,NaN
9,NaN,NaN,NaN,NaN,NaN,NaN,NaN,NaN
10,NaN,NaN,NaN,NaN,NaN,NaN,NaN,NaN
11,NaN,NaN,NaN,NaN,NaN,NaN,NaN,NaN
1,NaN,NaN,NaN,NaN,NaN,NaN,NaN,NaN
2,NaN,NaN,NaN,NaN,NaN,NaN,NaN,NaN
3,NaN,NaN,NaN,NaN,NaN,NaN,NaN,NaN
4,NaN,NaN,NaN,NaN,NaN,NaN,NaN,NaN
5,NaN,NaN,NaN,NaN,NaN,NaN,NaN,NaN
6,NaN,NaN,NaN,NaN,NaN,NaN,NaN,NaN
7,NaN,NaN,NaN,NaN,NaN,NaN,NaN,NaN
8,NaN,NaN,NaN,NaN,NaN,NaN,NaN,NaN
9,NaN,NaN,NaN,NaN,NaN,NaN,NaN,NaN
10,NaN,NaN,NaN,NaN,NaN,NaN,NaN,NaN
11,NaN,NaN,NaN,NaN,NaN,NaN,NaN,NaN
1,NaN,NaN,NaN,NaN,NaN,NaN,NaN,NaN
2,NaN,NaN,NaN,NaN,NaN,NaN,NaN,NaN
3,NaN,NaN,NaN,NaN,NaN,NaN,NaN,NaN
4,NaN,NaN,NaN,NaN,NaN,NaN,NaN,NaN
5,NaN,NaN,NaN,NaN,NaN,NaN,NaN,NaN
6,NaN,NaN,NaN,NaN,NaN,NaN,NaN,NaN
7,NaN,NaN,NaN,NaN,NaN,NaN,NaN,NaN
8,NaN,NaN,NaN,NaN,NaN,NaN,NaN,NaN
9,NaN,NaN,NaN,NaN,NaN,NaN,NaN,NaN
10,NaN,NaN,NaN,NaN,NaN,NaN,NaN,NaN
11,NaN,NaN,NaN,NaN,NaN,NaN,NaN,NaN
1,NaN,NaN,NaN,NaN,NaN,NaN,NaN,NaN
2,NaN,NaN,NaN,NaN,NaN,NaN,NaN,NaN
3,NaN,NaN,NaN,NaN,NaN,NaN,NaN,NaN
4,NaN,NaN,NaN,NaN,NaN,NaN,NaN,NaN
5,NaN,NaN,NaN,NaN,NaN,NaN,NaN,NaN
6,NaN,NaN,NaN,NaN,NaN,NaN,NaN,NaN
7,NaN,NaN,NaN,NaN,NaN,NaN,NaN,NaN
8,NaN,NaN,NaN,NaN,NaN,NaN,NaN,NaN
9,NaN,NaN,NaN,NaN,NaN,NaN,NaN,NaN
10,NaN,NaN,NaN,NaN,NaN,NaN,NaN,NaN
11,NaN,NaN,NaN,NaN,NaN,NaN,NaN,NaN
1,NaN,NaN,NaN,NaN,NaN,NaN,NaN,NaN
2,NaN,NaN,NaN,NaN,NaN,NaN,NaN,NaN
3,NaN,NaN,NaN,NaN,NaN,NaN,NaN,NaN
4,NaN,NaN,NaN,NaN,NaN,NaN,NaN,NaN
5,NaN,NaN,NaN,NaN,NaN,NaN,NaN,NaN
6,NaN,NaN,NaN,NaN,NaN,NaN,NaN,NaN
7,NaN,NaN,NaN,NaN,NaN,NaN,NaN,NaN
8,NaN,NaN,NaN,NaN,NaN,NaN,NaN,NaN
9,NaN,NaN,NaN,NaN,NaN,NaN,NaN,NaN
10,NaN,NaN,NaN,NaN,NaN,NaN,NaN,NaN
11,NaN,NaN,NaN,NaN,NaN,NaN,NaN,NaN
1,NaN,NaN,NaN,NaN,NaN,NaN,NaN,NaN
2,NaN,NaN,NaN,NaN,NaN,NaN,NaN,NaN
3,NaN,NaN,NaN,NaN,NaN,NaN,NaN,NaN
4,NaN,NaN,NaN,NaN,NaN,NaN,NaN,NaN
5,NaN,NaN,NaN,NaN,NaN,NaN,NaN,NaN
6,NaN,NaN,NaN,NaN,NaN,NaN,NaN,NaN
7,NaN,NaN,NaN,NaN,NaN,NaN,NaN,NaN
8,NaN,NaN,NaN,NaN,NaN,NaN,NaN,NaN
9,NaN,NaN,NaN,NaN,NaN,NaN,NaN,NaN
10,NaN,NaN,NaN,NaN,NaN,NaN,NaN,NaN
11,NaN,NaN,NaN,NaN,NaN,NaN,NaN,NaN
1,NaN,NaN,NaN,NaN,NaN,NaN,NaN,NaN
2,NaN,NaN,NaN,NaN,NaN,NaN,NaN,NaN
3,NaN,NaN,NaN,NaN,NaN,NaN,NaN,NaN
4,NaN,NaN,NaN,NaN,NaN,NaN,NaN,NaN
5,NaN,NaN,NaN,NaN,NaN,NaN,NaN,NaN
6,NaN,NaN,NaN,NaN,NaN,NaN,NaN,NaN
7,NaN,NaN,NaN,NaN,NaN,NaN,NaN,NaN
8,NaN,NaN,NaN,NaN,NaN,NaN,NaN,NaN
9,NaN,NaN,NaN,NaN,NaN,NaN,NaN,NaN
10,NaN,NaN,NaN,NaN,NaN,NaN,NaN,NaN
11,NaN,NaN,NaN,NaN,NaN,NaN,NaN,NaN
1,NaN,NaN,NaN,NaN,NaN,NaN,NaN,NaN
2,NaN,NaN,NaN,NaN,NaN,NaN,NaN,NaN
3,NaN,NaN,NaN,NaN,NaN,NaN,NaN,NaN
4,NaN,NaN,NaN,NaN,NaN,NaN,NaN,NaN
5,NaN,NaN,NaN,NaN,NaN,NaN,NaN,NaN
6,NaN,NaN,NaN,NaN,NaN,NaN,NaN,NaN
7,NaN,NaN,NaN,NaN,NaN,NaN,NaN,NaN
8,NaN,NaN,NaN,NaN,NaN,NaN,NaN,NaN
9,NaN,NaN,NaN,NaN,NaN,NaN,NaN,NaN
10,NaN,NaN,NaN,NaN,NaN,NaN,NaN,NaN
11,NaN,NaN,NaN,NaN,NaN,NaN,NaN,NaN
1,NaN,NaN,NaN,NaN,NaN,NaN,NaN,NaN
2,NaN,NaN,NaN,NaN,NaN,NaN,NaN,NaN
3,NaN,NaN,NaN,NaN,NaN,NaN,NaN,NaN
4,NaN,NaN,NaN,NaN,NaN,NaN,NaN,NaN
5,NaN,NaN,NaN,NaN,NaN,NaN,NaN,NaN
6,NaN,NaN,NaN,NaN,NaN,NaN,NaN,NaN
7,NaN,NaN,NaN,NaN,NaN,NaN,NaN,NaN
8,NaN,NaN,NaN,NaN,NaN,NaN,NaN,NaN
9,NaN,NaN,NaN,NaN,NaN,NaN,NaN,NaN
10,NaN,NaN,NaN,NaN,NaN,NaN,NaN,NaN
11,NaN,NaN,NaN,NaN,NaN,NaN,NaN,NaN
1,NaN,NaN,NaN,NaN,NaN,NaN,NaN,NaN
2,NaN,NaN,NaN,NaN,NaN,NaN,NaN,NaN
3,NaN,NaN,NaN,NaN,NaN,NaN,NaN,NaN
4,NaN,NaN,NaN,NaN,NaN,NaN,NaN,NaN
5,NaN,NaN,NaN,NaN,NaN,NaN,NaN,NaN
6,NaN,NaN,NaN,NaN,NaN,NaN,NaN,NaN
7,NaN,NaN,NaN,NaN,NaN,NaN,NaN,NaN
8,NaN,NaN,NaN,NaN,NaN,NaN,NaN,NaN
9,NaN,NaN,NaN,NaN,NaN,NaN,NaN,NaN
10,NaN,NaN,NaN,NaN,NaN,NaN,NaN,NaN
11,NaN,NaN,NaN,NaN,NaN,NaN,NaN,NaN
1,NaN,NaN,NaN,NaN,NaN,NaN,NaN,NaN
2,NaN,NaN,NaN,NaN,NaN,NaN,NaN,NaN
3,NaN,NaN,NaN,NaN,NaN,NaN,NaN,NaN
4,NaN,NaN,NaN,NaN,NaN,NaN,NaN,NaN
5,NaN,NaN,NaN,NaN,NaN,NaN,NaN,NaN
6,NaN,NaN,NaN,NaN,NaN,NaN,NaN,NaN
7,NaN,NaN,NaN,NaN,NaN,NaN,NaN,NaN
8,NaN,NaN,NaN,NaN,NaN,NaN,NaN,NaN
9,NaN,NaN,NaN,NaN,NaN,NaN,NaN,NaN
10,NaN,NaN,NaN,NaN,NaN,NaN,NaN,NaN
11,NaN,NaN,NaN,NaN,NaN,NaN,NaN,NaN
1,NaN,NaN,NaN,NaN,NaN,NaN,NaN,NaN
2,NaN,NaN,NaN,NaN,NaN,NaN,NaN,NaN
3,NaN,NaN,NaN,NaN,NaN,NaN,NaN,NaN
4,NaN,NaN,NaN,NaN,NaN,NaN,NaN,NaN
5,NaN,NaN,NaN,NaN,NaN,NaN,NaN,NaN
6,NaN,NaN,NaN,NaN,NaN,NaN,NaN,NaN
7,NaN,NaN,NaN,NaN,NaN,NaN,NaN,NaN
8,NaN,NaN,NaN,NaN,NaN,NaN,NaN,NaN
9,NaN,NaN,NaN,NaN,NaN,NaN,NaN,NaN
10,NaN,NaN,NaN,NaN,NaN,NaN,NaN,NaN
11,NaN,NaN,NaN,NaN,NaN,NaN,NaN,NaN
1,NaN,NaN,NaN,NaN,NaN,NaN,NaN,NaN
2,NaN,NaN,NaN,NaN,NaN,NaN,NaN,NaN
3,NaN,NaN,NaN,NaN,NaN,NaN,NaN,NaN
4,NaN,NaN,NaN,NaN,NaN,NaN,NaN,NaN
5,NaN,NaN,NaN,NaN,NaN,NaN,NaN,NaN
6,NaN,NaN,NaN,NaN,NaN,NaN,NaN,NaN
7,NaN,NaN,NaN,NaN,NaN,NaN,NaN,NaN
8,NaN,NaN,NaN,NaN,NaN,NaN,NaN,NaN
9,NaN,NaN,NaN,NaN,NaN,NaN,NaN,NaN
10,NaN,NaN,NaN,NaN,NaN,NaN,NaN,NaN
11,NaN,NaN,NaN,NaN,NaN,NaN,NaN,NaN
1,NaN,NaN,NaN,NaN,NaN,NaN,NaN,NaN
2,NaN,NaN,NaN,NaN,NaN,NaN,NaN,NaN
3,NaN,NaN,NaN,NaN,NaN,NaN,NaN,NaN
4,NaN,NaN,NaN,NaN,NaN,NaN,NaN,NaN
5,NaN,NaN,NaN,NaN,NaN,NaN,NaN,NaN
6,NaN,NaN,NaN,NaN,NaN,NaN,NaN,NaN
7,NaN,NaN,NaN,NaN,NaN,NaN,NaN,NaN
8,NaN,NaN,NaN,NaN,NaN,NaN,NaN,NaN
9,NaN,NaN,NaN,NaN,NaN,NaN,NaN,NaN
10,NaN,NaN,NaN,NaN,NaN,NaN,NaN,NaN
11,NaN,NaN,NaN,NaN,NaN,NaN,NaN,NaN
1,NaN,NaN,NaN,NaN,NaN,NaN,NaN,NaN
2,NaN,NaN,NaN,NaN,NaN,NaN,NaN,NaN
3,NaN,NaN,NaN,NaN,NaN,NaN,NaN,NaN
4,NaN,NaN,NaN,NaN,NaN,NaN,NaN,NaN
5,NaN,NaN,NaN,NaN,NaN,NaN,NaN,NaN
6,NaN,NaN,NaN,NaN,NaN,NaN,NaN,NaN
7,NaN,NaN,NaN,NaN,NaN,NaN,NaN,NaN
8,NaN,NaN,NaN,NaN,NaN,NaN,NaN,NaN
9,NaN,NaN,NaN,NaN,NaN,NaN,NaN,NaN
10,NaN,NaN,NaN,NaN,NaN,NaN,NaN,NaN
11,NaN,NaN,NaN,NaN,NaN,NaN,NaN,NaN
1,NaN,NaN,NaN,NaN,NaN,NaN,NaN,NaN
2,NaN,NaN,NaN,NaN,NaN,NaN,NaN,NaN
3,NaN,NaN,NaN,NaN,NaN,NaN,NaN,NaN
4,NaN,NaN,NaN,NaN,NaN,NaN,NaN,NaN
5,NaN,NaN,NaN,NaN,NaN,NaN,NaN,NaN
6,NaN,NaN,NaN,NaN,NaN,NaN,NaN,NaN
7,NaN,NaN,NaN,NaN,NaN,NaN,NaN,NaN
8,NaN,NaN,NaN,NaN,NaN,NaN,NaN,NaN
9,NaN,NaN,NaN,NaN,NaN,NaN,NaN,NaN
10,NaN,NaN,NaN,NaN,NaN,NaN,NaN,NaN
11,NaN,NaN,NaN,NaN,NaN,NaN,NaN,NaN
1,NaN,NaN,NaN,NaN,NaN,NaN,NaN,NaN
2,NaN,NaN,NaN,NaN,NaN,NaN,NaN,NaN
3,NaN,NaN,NaN,NaN,NaN,NaN,NaN,NaN
4,NaN,NaN,NaN,NaN,NaN,NaN,NaN,NaN
5,NaN,NaN,NaN,NaN,NaN,NaN,NaN,NaN
6,NaN,NaN,NaN,NaN,NaN,NaN,NaN,NaN
7,NaN,NaN,NaN,NaN,NaN,NaN,NaN,NaN
8,NaN,NaN,NaN,NaN,NaN,NaN,NaN,NaN
9,NaN,NaN,NaN,NaN,NaN,NaN,NaN,NaN
10,NaN,NaN,NaN,NaN,NaN,NaN,NaN,NaN
11,NaN,NaN,NaN,NaN,NaN,NaN,NaN,NaN
1,NaN,NaN,NaN,NaN,NaN,NaN,NaN,NaN
2,NaN,NaN,NaN,NaN,NaN,NaN,NaN,NaN
3,NaN,NaN,NaN,NaN,NaN,NaN,NaN,NaN
4,NaN,NaN,NaN,NaN,NaN,NaN,NaN,NaN
5,NaN,NaN,NaN,NaN,NaN,NaN,NaN,NaN
6,NaN,NaN,NaN,NaN,NaN,NaN,NaN,NaN
7,NaN,NaN,NaN,NaN,NaN,NaN,NaN,NaN
8,NaN,NaN,NaN,NaN,NaN,NaN,NaN,NaN
9,NaN,NaN,NaN,NaN,NaN,NaN,NaN,NaN
10,NaN,NaN,NaN,NaN,NaN,NaN,NaN,NaN
11,NaN,NaN,NaN,NaN,NaN,NaN,NaN,NaN
1,NaN,NaN,NaN,NaN,NaN,NaN,NaN,NaN
2,NaN,NaN,NaN,NaN,NaN,NaN,NaN,NaN
3,NaN,NaN,NaN,NaN,NaN,NaN,NaN,NaN
4,NaN,NaN,NaN,NaN,NaN,NaN,NaN,NaN
5,NaN,NaN,NaN,NaN,NaN,NaN,NaN,NaN
6,NaN,NaN,NaN,NaN,NaN,NaN,NaN,NaN
7,NaN,NaN,NaN,NaN,NaN,NaN,NaN,NaN
8,NaN,NaN,NaN,NaN,NaN,NaN,NaN,NaN
9,NaN,NaN,NaN,NaN,NaN,NaN,NaN,NaN
10,NaN,NaN,NaN,NaN,NaN,NaN,NaN,NaN
11,NaN,NaN,NaN,NaN,NaN,NaN,NaN,NaN
1,NaN,NaN,NaN,NaN,NaN,NaN,NaN,NaN
2,NaN,NaN,NaN,NaN,NaN,NaN,NaN,NaN
3,NaN,NaN,NaN,NaN,NaN,NaN,NaN,NaN
4,NaN,NaN,NaN,NaN,NaN,NaN,NaN,NaN
5,NaN,NaN,NaN,NaN,NaN,NaN,NaN,NaN
6,NaN,NaN,NaN,NaN,NaN,NaN,NaN,NaN
7,NaN,NaN,NaN,NaN,NaN,NaN,NaN,NaN
8,NaN,NaN,NaN,NaN,NaN,NaN,NaN,NaN
9,NaN,NaN,NaN,NaN,NaN,NaN,NaN,NaN
10,NaN,NaN,NaN,NaN,NaN,NaN,NaN,NaN
11,NaN,NaN,NaN,NaN,NaN,NaN,NaN,NaN
1,NaN,NaN,NaN,NaN,NaN,NaN,NaN,NaN
2,NaN,NaN,NaN,NaN,NaN,NaN,NaN,NaN
3,NaN,NaN,NaN,NaN,NaN,NaN,NaN,NaN
4,NaN,NaN,NaN,NaN,NaN,NaN,NaN,NaN
5,NaN,NaN,NaN,NaN,NaN,NaN,NaN,NaN
6,NaN,NaN,NaN,NaN,NaN,NaN,NaN,NaN
7,NaN,NaN,NaN,NaN,NaN,NaN,NaN,NaN
8,NaN,NaN,NaN,NaN,NaN,NaN,NaN,NaN
9,NaN,NaN,NaN,NaN,NaN,NaN,NaN,NaN
10,NaN,NaN,NaN,NaN,NaN,NaN,NaN,NaN
11,NaN,NaN,NaN,NaN,NaN,NaN,NaN,NaN
1,NaN,NaN,NaN,NaN,NaN,NaN,NaN,NaN
2,NaN,NaN,NaN,NaN,NaN,NaN,NaN,NaN
3,NaN,NaN,NaN,NaN,NaN,NaN,NaN,NaN
4,NaN,NaN,NaN,NaN,NaN,NaN,NaN,NaN
5,NaN,NaN,NaN,NaN,NaN,NaN,NaN,NaN
6,NaN,NaN,NaN,NaN,NaN,NaN,NaN,NaN
7,NaN,NaN,NaN,NaN,NaN,NaN,NaN,NaN
8,NaN,NaN,NaN,NaN,NaN,NaN,NaN,NaN
9,NaN,NaN,NaN,NaN,NaN,NaN,NaN,NaN
10,NaN,NaN,NaN,NaN,NaN,NaN,NaN,NaN
11,NaN,NaN,NaN,NaN,NaN,NaN,NaN,NaN
1,NaN,NaN,NaN,NaN,NaN,NaN,NaN,NaN
2,NaN,NaN,NaN,NaN,NaN,NaN,NaN,NaN
3,NaN,NaN,NaN,NaN,NaN,NaN,NaN,NaN
4,NaN,NaN,NaN,NaN,NaN,NaN,NaN,NaN
5,NaN,NaN,NaN,NaN,NaN,NaN,NaN,NaN
6,NaN,NaN,NaN,NaN,NaN,NaN,NaN,NaN
7,NaN,NaN,NaN,NaN,NaN,NaN,NaN,NaN
8,NaN,NaN,NaN,NaN,NaN,NaN,NaN,NaN
9,NaN,NaN,NaN,NaN,NaN,NaN,NaN,NaN
10,NaN,NaN,NaN,NaN,NaN,NaN,NaN,NaN
11,NaN,NaN,NaN,NaN,NaN,NaN,NaN,NaN
1,NaN,NaN,NaN,NaN,NaN,NaN,NaN,NaN
2,NaN,NaN,NaN,NaN,NaN,NaN,NaN,NaN
3,NaN,NaN,NaN,NaN,NaN,NaN,NaN,NaN
4,NaN,NaN,NaN,NaN,NaN,NaN,NaN,NaN
5,NaN,NaN,NaN,NaN,NaN,NaN,NaN,NaN
6,NaN,NaN,NaN,NaN,NaN,NaN,NaN,NaN
7,NaN,NaN,NaN,NaN,NaN,NaN,NaN,NaN
8,NaN,NaN,NaN,NaN,NaN,NaN,NaN,NaN
9,NaN,NaN,NaN,NaN,NaN,NaN,NaN,NaN
10,NaN,NaN,NaN,NaN,NaN,NaN,NaN,NaN
11,NaN,NaN,NaN,NaN,NaN,NaN,NaN,NaN
1,NaN,NaN,NaN,NaN,NaN,NaN,NaN,NaN
2,NaN,NaN,NaN,NaN,NaN,NaN,NaN,NaN
3,NaN,NaN,NaN,NaN,NaN,NaN,NaN,NaN
4,NaN,NaN,NaN,NaN,NaN,NaN,NaN,NaN
5,NaN,NaN,NaN,NaN,NaN,NaN,NaN,NaN
6,NaN,NaN,NaN,NaN,NaN,NaN,NaN,NaN
7,NaN,NaN,NaN,NaN,NaN,NaN,NaN,NaN
8,NaN,NaN,NaN,NaN,NaN,NaN,NaN,NaN
9,NaN,NaN,NaN,NaN,NaN,NaN,NaN,NaN
10,NaN,NaN,NaN,NaN,NaN,NaN,NaN,NaN
11,NaN,NaN,NaN,NaN,NaN,NaN,NaN,NaN
1,NaN,NaN,NaN,NaN,NaN,NaN,NaN,NaN
2,NaN,NaN,NaN,NaN,NaN,NaN,NaN,NaN
3,NaN,NaN,NaN,NaN,NaN,NaN,NaN,NaN
4,NaN,NaN,NaN,NaN,NaN,NaN,NaN,NaN
5,NaN,NaN,NaN,NaN,NaN,NaN,NaN,NaN
6,NaN,NaN,NaN,NaN,NaN,NaN,NaN,NaN
7,NaN,NaN,NaN,NaN,NaN,NaN,NaN,NaN
8,NaN,NaN,NaN,NaN,NaN,NaN,NaN,NaN
9,NaN,NaN,NaN,NaN,NaN,NaN,NaN,NaN
10,NaN,NaN,NaN,NaN,NaN,NaN,NaN,NaN
11,NaN,NaN,NaN,NaN,NaN,NaN,NaN,NaN
1,NaN,NaN,NaN,NaN,NaN,NaN,NaN,NaN
2,NaN,NaN,NaN,NaN,NaN,NaN,NaN,NaN
3,NaN,NaN,NaN,NaN,NaN,NaN,NaN,NaN
4,NaN,NaN,NaN,NaN,NaN,NaN,NaN,NaN
5,NaN,NaN,NaN,NaN,NaN,NaN,NaN,NaN
6,NaN,NaN,NaN,NaN,NaN,NaN,NaN,NaN
7,NaN,NaN,NaN,NaN,NaN,NaN,NaN,NaN
8,NaN,NaN,NaN,NaN,NaN,NaN,NaN,NaN
9,NaN,NaN,NaN,NaN,NaN,NaN,NaN,NaN
10,NaN,NaN,NaN,NaN,NaN,NaN,NaN,NaN
11,NaN,NaN,NaN,NaN,NaN,NaN,NaN,NaN
1,NaN,NaN,NaN,NaN,NaN,NaN,NaN,NaN
2,NaN,NaN,NaN,NaN,NaN,NaN,NaN,NaN
3,NaN,NaN,NaN,NaN,NaN,NaN,NaN,NaN
4,NaN,NaN,NaN,NaN,NaN,NaN,NaN,NaN
5,NaN,NaN,NaN,NaN,NaN,NaN,NaN,NaN
6,NaN,NaN,NaN,NaN,NaN,NaN,NaN,NaN
7,NaN,NaN,NaN,NaN,NaN,NaN,NaN,NaN
8,NaN,NaN,NaN,NaN,NaN,NaN,NaN,NaN
9,NaN,NaN,NaN,NaN,NaN,NaN,NaN,NaN
10,NaN,NaN,NaN,NaN,NaN,NaN,NaN,NaN
11,NaN,NaN,NaN,NaN,NaN,NaN,NaN,NaN
1,NaN,NaN,NaN,NaN,NaN,NaN,NaN,NaN
2,NaN,NaN,NaN,NaN,NaN,NaN,NaN,NaN
3,NaN,NaN,NaN,NaN,NaN,NaN,NaN,NaN
4,NaN,NaN,NaN,NaN,NaN,NaN,NaN,NaN
5,NaN,NaN,NaN,NaN,NaN,NaN,NaN,NaN
6,NaN,NaN,NaN,NaN,NaN,NaN,NaN,NaN
7,NaN,NaN,NaN,NaN,NaN,NaN,NaN,NaN
8,NaN,NaN,NaN,NaN,NaN,NaN,NaN,NaN
9,NaN,NaN,NaN,NaN,NaN,NaN,NaN,NaN
10,NaN,NaN,NaN,NaN,NaN,NaN,NaN,NaN
11,NaN,NaN,NaN,NaN,NaN,NaN,NaN,NaN
1,NaN,NaN,NaN,NaN,NaN,NaN,NaN,NaN
2,NaN,NaN,NaN,NaN,NaN,NaN,NaN,NaN
3,NaN,NaN,NaN,NaN,NaN,NaN,NaN,NaN
4,NaN,NaN,NaN,NaN,NaN,NaN,NaN,NaN
5,NaN,NaN,NaN,NaN,NaN,NaN,NaN,NaN
6,NaN,NaN,NaN,NaN,NaN,NaN,NaN,NaN
7,NaN,NaN,NaN,NaN,NaN,NaN,NaN,NaN
8,NaN,NaN,NaN,NaN,NaN,NaN,NaN,NaN
9,NaN,NaN,NaN,NaN,NaN,NaN,NaN,NaN
10,NaN,NaN,NaN,NaN,NaN,NaN,NaN,NaN
11,NaN,NaN,NaN,NaN,NaN,NaN,NaN,NaN
1,NaN,NaN,NaN,NaN,NaN,NaN,NaN,NaN
2,NaN,NaN,NaN,NaN,NaN,NaN,NaN,NaN
3,NaN,NaN,NaN,NaN,NaN,NaN,NaN,NaN
4,NaN,NaN,NaN,NaN,NaN,NaN,NaN,NaN
5,NaN,NaN,NaN,NaN,NaN,NaN,NaN,NaN
6,NaN,NaN,NaN,NaN,NaN,NaN,NaN,NaN
7,NaN,NaN,NaN,NaN,NaN,NaN,NaN,NaN
8,NaN,NaN,NaN,NaN,NaN,NaN,NaN,NaN
9,NaN,NaN,NaN,NaN,NaN,NaN,NaN,NaN
10,NaN,NaN,NaN,NaN,NaN,NaN,NaN,NaN
11,NaN,NaN,NaN,NaN,NaN,NaN,NaN,NaN
1,NaN,NaN,NaN,NaN,NaN,NaN,NaN,NaN
2,NaN,NaN,NaN,NaN,NaN,NaN,NaN,NaN
3,NaN,NaN,NaN,NaN,NaN,NaN,NaN,NaN
4,NaN,NaN,NaN,NaN,NaN,NaN,NaN,NaN
5,NaN,NaN,NaN,NaN,NaN,NaN,NaN,NaN
6,NaN,NaN,NaN,NaN,NaN,NaN,NaN,NaN
7,NaN,NaN,NaN,NaN,NaN,NaN,NaN,NaN
8,NaN,NaN,NaN,NaN,NaN,NaN,NaN,NaN
9,NaN,NaN,NaN,NaN,NaN,NaN,NaN,NaN
10,NaN,NaN,NaN,NaN,NaN,NaN,NaN,NaN
11,NaN,NaN,NaN,NaN,NaN,NaN,NaN,NaN
1,NaN,NaN,NaN,NaN,NaN,NaN,NaN,NaN
2,NaN,NaN,NaN,NaN,NaN,NaN,NaN,NaN
3,NaN,NaN,NaN,NaN,NaN,NaN,NaN,NaN
4,NaN,NaN,NaN,NaN,NaN,NaN,NaN,NaN
5,NaN,NaN,NaN,NaN,NaN,NaN,NaN,NaN
6,NaN,NaN,NaN,NaN,NaN,NaN,NaN,NaN
7,NaN,NaN,NaN,NaN,NaN,NaN,NaN,NaN
8,NaN,NaN,NaN,NaN,NaN,NaN,NaN,NaN
9,NaN,NaN,NaN,NaN,NaN,NaN,NaN,NaN
10,NaN,NaN,NaN,NaN,NaN,NaN,NaN,NaN
11,NaN,NaN,NaN,NaN,NaN,NaN,NaN,NaN
1,NaN,NaN,NaN,NaN,NaN,NaN,NaN,NaN
2,NaN,NaN,NaN,NaN,NaN,NaN,NaN,NaN
3,NaN,NaN,NaN,NaN,NaN,NaN,NaN,NaN
4,NaN,NaN,NaN,NaN,NaN,NaN,NaN,NaN
5,NaN,NaN,NaN,NaN,NaN,NaN,NaN,NaN
6,NaN,NaN,NaN,NaN,NaN,NaN,NaN,NaN
7,NaN,NaN,NaN,NaN,NaN,NaN,NaN,NaN
8,NaN,NaN,NaN,NaN,NaN,NaN,NaN,NaN
9,NaN,NaN,NaN,NaN,NaN,NaN,NaN,NaN
10,NaN,NaN,NaN,NaN,NaN,NaN,NaN,NaN
11,NaN,NaN,NaN,NaN,NaN,NaN,NaN,NaN
1,NaN,NaN,NaN,NaN,NaN,NaN,NaN,NaN
2,NaN,NaN,NaN,NaN,NaN,NaN,NaN,NaN
3,NaN,NaN,NaN,NaN,NaN,NaN,NaN,NaN
4,NaN,NaN,NaN,NaN,NaN,NaN,NaN,NaN
5,NaN,NaN,NaN,NaN,NaN,NaN,NaN,NaN
6,NaN,NaN,NaN,NaN,NaN,NaN,NaN,NaN
7,NaN,NaN,NaN,NaN,NaN,NaN,NaN,NaN
8,NaN,NaN,NaN,NaN,NaN,NaN,NaN,NaN
9,NaN,NaN,NaN,NaN,NaN,NaN,NaN,NaN
10,NaN,NaN,NaN,NaN,NaN,NaN,NaN,NaN
11,NaN,NaN,NaN,NaN,NaN,NaN,NaN,NaN
1,NaN,NaN,NaN,NaN,NaN,NaN,NaN,NaN
2,NaN,NaN,NaN,NaN,NaN,NaN,NaN,NaN
3,NaN,NaN,NaN,NaN,NaN,NaN,NaN,NaN
4,NaN,NaN,NaN,NaN,NaN,NaN,NaN,NaN
5,NaN,NaN,NaN,NaN,NaN,NaN,NaN,NaN
6,NaN,NaN,NaN,NaN,NaN,NaN,NaN,NaN
7,NaN,NaN,NaN,NaN,NaN,NaN,NaN,NaN
8,NaN,NaN,NaN,NaN,NaN,NaN,NaN,NaN
9,NaN,NaN,NaN,NaN,NaN,NaN,NaN,NaN
10,NaN,NaN,NaN,NaN,NaN,NaN,NaN,NaN
11,NaN,NaN,NaN,NaN,NaN,NaN,NaN,NaN
1,NaN,NaN,NaN,NaN,NaN,NaN,NaN,NaN
2,NaN,NaN,NaN,NaN,NaN,NaN,NaN,NaN
3,NaN,NaN,NaN,NaN,NaN,NaN,NaN,NaN
4,NaN,NaN,NaN,NaN,NaN,NaN,NaN,NaN
5,NaN,NaN,NaN,NaN,NaN,NaN,NaN,NaN
6,NaN,NaN,NaN,NaN,NaN,NaN,NaN,NaN
7,NaN,NaN,NaN,NaN,NaN,NaN,NaN,NaN
8,NaN,NaN,NaN,NaN,NaN,NaN,NaN,NaN
9,NaN,NaN,NaN,NaN,NaN,NaN,NaN,NaN
10,NaN,NaN,NaN,NaN,NaN,NaN,NaN,NaN
11,NaN,NaN,NaN,NaN,NaN,NaN,NaN,NaN
1,NaN,NaN,NaN,NaN,NaN,NaN,NaN,NaN
2,NaN,NaN,NaN,NaN,NaN,NaN,NaN,NaN
3,NaN,NaN,NaN,NaN,NaN,NaN,NaN,NaN
4,NaN,NaN,NaN,NaN,NaN,NaN,NaN,NaN
5,NaN,NaN,NaN,NaN,NaN,NaN,NaN,NaN
6,NaN,NaN,NaN,NaN,NaN,NaN,NaN,NaN
7,NaN,NaN,NaN,NaN,NaN,NaN,NaN,NaN
8,NaN,NaN,NaN,NaN,NaN,NaN,NaN,NaN
9,NaN,NaN,NaN,NaN,NaN,NaN,NaN,NaN
10,NaN,NaN,NaN,NaN,NaN,NaN,NaN,NaN
11,NaN,NaN,NaN,NaN,NaN,NaN,NaN,NaN
1,NaN,NaN,NaN,NaN,NaN,NaN,NaN,NaN
2,NaN,NaN,NaN,NaN,NaN,NaN,NaN,NaN
3,NaN,NaN,NaN,NaN,NaN,NaN,NaN,NaN
4,NaN,NaN,NaN,NaN,NaN,NaN,NaN,NaN
5,NaN,NaN,NaN,NaN,NaN,NaN,NaN,NaN
6,NaN,NaN,NaN,NaN,NaN,NaN,NaN,NaN
7,NaN,NaN,NaN,NaN,NaN,NaN,NaN,NaN
8,NaN,NaN,NaN,NaN,NaN,NaN,NaN,NaN
9,NaN,NaN,NaN,NaN,NaN,NaN,NaN,NaN
10,NaN,NaN,NaN,NaN,NaN,NaN,NaN,NaN
11,NaN,NaN,NaN,NaN,NaN,NaN,NaN,NaN
1,NaN,NaN,NaN,NaN,NaN,NaN,NaN,NaN
2,NaN,NaN,NaN,NaN,NaN,NaN,NaN,NaN
3,NaN,NaN,NaN,NaN,NaN,NaN,NaN,NaN
4,NaN,NaN,NaN,NaN,NaN,NaN,NaN,NaN
5,NaN,NaN,NaN,NaN,NaN,NaN,NaN,NaN
6,NaN,NaN,NaN,NaN,NaN,NaN,NaN,NaN
7,NaN,NaN,NaN,NaN,NaN,NaN,NaN,NaN
8,NaN,NaN,NaN,NaN,NaN,NaN,NaN,NaN
9,NaN,NaN,NaN,NaN,NaN,NaN,NaN,NaN
10,NaN,NaN,NaN,NaN,NaN,NaN,NaN,NaN
11,NaN,NaN,NaN,NaN,NaN,NaN,NaN,NaN
1,NaN,NaN,NaN,NaN,NaN,NaN,NaN,NaN
2,NaN,NaN,NaN,NaN,NaN,NaN,NaN,NaN
3,NaN,NaN,NaN,NaN,NaN,NaN,NaN,NaN
4,NaN,NaN,NaN,NaN,NaN,NaN,NaN,NaN
5,NaN,NaN,NaN,NaN,NaN,NaN,NaN,NaN
6,NaN,NaN,NaN,NaN,NaN,NaN,NaN,NaN
7,NaN,NaN,NaN,NaN,NaN,NaN,NaN,NaN
8,NaN,NaN,NaN,NaN,NaN,NaN,NaN,NaN
9,NaN,NaN,NaN,NaN,NaN,NaN,NaN,NaN
10,NaN,NaN,NaN,NaN,NaN,NaN,NaN,NaN
11,NaN,NaN,NaN,NaN,NaN,NaN,NaN,NaN
1,NaN,NaN,NaN,NaN,NaN,NaN,NaN,NaN
2,NaN,NaN,NaN,NaN,NaN,NaN,NaN,NaN
3,NaN,NaN,NaN,NaN,NaN,NaN,NaN,NaN
4,NaN,NaN,NaN,NaN,NaN,NaN,NaN,NaN
5,NaN,NaN,NaN,NaN,NaN,NaN,NaN,NaN
6,NaN,NaN,NaN,NaN,NaN,NaN,NaN,NaN
7,NaN,NaN,NaN,NaN,NaN,NaN,NaN,NaN
8,NaN,NaN,NaN,NaN,NaN,NaN,NaN,NaN
9,NaN,NaN,NaN,NaN,NaN,NaN,NaN,NaN
10,NaN,NaN,NaN,NaN,NaN,NaN,NaN,NaN
11,NaN,NaN,NaN,NaN,NaN,NaN,NaN,NaN
1,NaN,NaN,NaN,NaN,NaN,NaN,NaN,NaN
2,NaN,NaN,NaN,NaN,NaN,NaN,NaN,NaN
3,NaN,NaN,NaN,NaN,NaN,NaN,NaN,NaN
4,NaN,NaN,NaN,NaN,NaN,NaN,NaN,NaN
5,NaN,NaN,NaN,NaN,NaN,NaN,NaN,NaN
6,NaN,NaN,NaN,NaN,NaN,NaN,NaN,NaN
7,NaN,NaN,NaN,NaN,NaN,NaN,NaN,NaN
8,NaN,NaN,NaN,NaN,NaN,NaN,NaN,NaN
9,NaN,NaN,NaN,NaN,NaN,NaN,NaN,NaN
10,NaN,NaN,NaN,NaN,NaN,NaN,NaN,NaN
11,NaN,NaN,NaN,NaN,NaN,NaN,NaN,NaN
1,NaN,NaN,NaN,NaN,NaN,NaN,NaN,NaN
2,NaN,NaN,NaN,NaN,NaN,NaN,NaN,NaN
3,NaN,NaN,NaN,NaN,NaN,NaN,NaN,NaN
4,NaN,NaN,NaN,NaN,NaN,NaN,NaN,NaN
5,NaN,NaN,NaN,NaN,NaN,NaN,NaN,NaN
6,NaN,NaN,NaN,NaN,NaN,NaN,NaN,NaN
7,NaN,NaN,NaN,NaN,NaN,NaN,NaN,NaN
8,NaN,NaN,NaN,NaN,NaN,NaN,NaN,NaN
9,NaN,NaN,NaN,NaN,NaN,NaN,NaN,NaN
10,NaN,NaN,NaN,NaN,NaN,NaN,NaN,NaN
11,NaN,NaN,NaN,NaN,NaN,NaN,NaN,NaN
1,NaN,NaN,NaN,NaN,NaN,NaN,NaN,NaN
2,NaN,NaN,NaN,NaN,NaN,NaN,NaN,NaN
3,NaN,NaN,NaN,NaN,NaN,NaN,NaN,NaN
4,NaN,NaN,NaN,NaN,NaN,NaN,NaN,NaN
5,NaN,NaN,NaN,NaN,NaN,NaN,NaN,NaN
6,NaN,NaN,NaN,NaN,NaN,NaN,NaN,NaN
7,NaN,NaN,NaN,NaN,NaN,NaN,NaN,NaN
8,NaN,NaN,NaN,NaN,NaN,NaN,NaN,NaN
9,NaN,NaN,NaN,NaN,NaN,NaN,NaN,NaN
10,NaN,NaN,NaN,NaN,NaN,NaN,NaN,NaN
11,NaN,NaN,NaN,NaN,NaN,NaN,NaN,NaN
1,NaN,NaN,NaN,NaN,NaN,NaN,NaN,NaN
2,NaN,NaN,NaN,NaN,NaN,NaN,NaN,NaN
3,NaN,NaN,NaN,NaN,NaN,NaN,NaN,NaN
4,NaN,NaN,NaN,NaN,NaN,NaN,NaN,NaN
5,NaN,NaN,NaN,NaN,NaN,NaN,NaN,NaN
6,NaN,NaN,NaN,NaN,NaN,NaN,NaN,NaN
7,NaN,NaN,NaN,NaN,NaN,NaN,NaN,NaN
8,NaN,NaN,NaN,NaN,NaN,NaN,NaN,NaN
9,NaN,NaN,NaN,NaN,NaN,NaN,NaN,NaN
10,NaN,NaN,NaN,NaN,NaN,NaN,NaN,NaN
11,NaN,NaN,NaN,NaN,NaN,NaN,NaN,NaN
1,NaN,NaN,NaN,NaN,NaN,NaN,NaN,NaN
2,NaN,NaN,NaN,NaN,NaN,NaN,NaN,NaN
3,NaN,NaN,NaN,NaN,NaN,NaN,NaN,NaN
4,NaN,NaN,NaN,NaN,NaN,NaN,NaN,NaN
5,NaN,NaN,NaN,NaN,NaN,NaN,NaN,NaN
6,NaN,NaN,NaN,NaN,NaN,NaN,NaN,NaN
7,NaN,NaN,NaN,NaN,NaN,NaN,NaN,NaN
8,NaN,NaN,NaN,NaN,NaN,NaN,NaN,NaN
9,NaN,NaN,NaN,NaN,NaN,NaN,NaN,NaN
10,NaN,NaN,NaN,NaN,NaN,NaN,NaN,NaN
11,NaN,NaN,NaN,NaN,NaN,NaN,NaN,NaN
1,NaN,NaN,NaN,NaN,NaN,NaN,NaN,NaN
2,NaN,NaN,NaN,NaN,NaN,NaN,NaN,NaN
3,NaN,NaN,NaN,NaN,NaN,NaN,NaN,NaN
4,NaN,NaN,NaN,NaN,NaN,NaN,NaN,NaN
5,NaN,NaN,NaN,NaN,NaN,NaN,NaN,NaN
6,NaN,NaN,NaN,NaN,NaN,NaN,NaN,NaN
7,NaN,NaN,NaN,NaN,NaN,NaN,NaN,NaN
8,NaN,NaN,NaN,NaN,NaN,NaN,NaN,NaN
9,NaN,NaN,NaN,NaN,NaN,NaN,NaN,NaN
10,NaN,NaN,NaN,NaN,NaN,NaN,NaN,NaN
11,NaN,NaN,NaN,NaN,NaN,NaN,NaN,NaN
1,NaN,NaN,NaN,NaN,NaN,NaN,NaN,NaN
2,NaN,NaN,NaN,NaN,NaN,NaN,NaN,NaN
3,NaN,NaN,NaN,NaN,NaN,NaN,NaN,NaN
4,NaN,NaN,NaN,NaN,NaN,NaN,NaN,NaN
5,NaN,NaN,NaN,NaN,NaN,NaN,NaN,NaN
6,NaN,NaN,NaN,NaN,NaN,NaN,NaN,NaN
7,NaN,NaN,NaN,NaN,NaN,NaN,NaN,NaN
8,NaN,NaN,NaN,NaN,NaN,NaN,NaN,NaN
9,NaN,NaN,NaN,NaN,NaN,NaN,NaN,NaN
10,NaN,NaN,NaN,NaN,NaN,NaN,NaN,NaN
11,NaN,NaN,NaN,NaN,NaN,NaN,NaN,NaN
1,NaN,NaN,NaN,NaN,NaN,NaN,NaN,NaN
2,NaN,NaN,NaN,NaN,NaN,NaN,NaN,NaN
3,NaN,NaN,NaN,NaN,NaN,NaN,NaN,NaN
4,NaN,NaN,NaN,NaN,NaN,NaN,NaN,NaN
5,NaN,NaN,NaN,NaN,NaN,NaN,NaN,NaN
6,NaN,NaN,NaN,NaN,NaN,NaN,NaN,NaN
7,NaN,NaN,NaN,NaN,NaN,NaN,NaN,NaN
8,NaN,NaN,NaN,NaN,NaN,NaN,NaN,NaN
9,NaN,NaN,NaN,NaN,NaN,NaN,NaN,NaN
10,NaN,NaN,NaN,NaN,NaN,NaN,NaN,NaN
11,NaN,NaN,NaN,NaN,NaN,NaN,NaN,NaN
1,NaN,NaN,NaN,NaN,NaN,NaN,NaN,NaN
2,NaN,NaN,NaN,NaN,NaN,NaN,NaN,NaN
3,NaN,NaN,NaN,NaN,NaN,NaN,NaN,NaN
4,NaN,NaN,NaN,NaN,NaN,NaN,NaN,NaN
5,NaN,NaN,NaN,NaN,NaN,NaN,NaN,NaN
6,NaN,NaN,NaN,NaN,NaN,NaN,NaN,NaN
7,NaN,NaN,NaN,NaN,NaN,NaN,NaN,NaN
8,NaN,NaN,NaN,NaN,NaN,NaN,NaN,NaN
9,NaN,NaN,NaN,NaN,NaN,NaN,NaN,NaN
10,NaN,NaN,NaN,NaN,NaN,NaN,NaN,NaN
11,NaN,NaN,NaN,NaN,NaN,NaN,NaN,NaN
1,NaN,NaN,NaN,NaN,NaN,NaN,NaN,NaN
2,NaN,NaN,NaN,NaN,NaN,NaN,NaN,NaN
3,NaN,NaN,NaN,NaN,NaN,NaN,NaN,NaN
4,NaN,NaN,NaN,NaN,NaN,NaN,NaN,NaN
5,NaN,NaN,NaN,NaN,NaN,NaN,NaN,NaN
6,NaN,NaN,NaN,NaN,NaN,NaN,NaN,NaN
7,NaN,NaN,NaN,NaN,NaN,NaN,NaN,NaN
8,NaN,NaN,NaN,NaN,NaN,NaN,NaN,NaN
9,NaN,NaN,NaN,NaN,NaN,NaN,NaN,NaN
10,NaN,NaN,NaN,NaN,NaN,NaN,NaN,NaN
11,NaN,NaN,NaN,NaN,NaN,NaN,NaN,NaN
1,NaN,NaN,NaN,NaN,NaN,NaN,NaN,NaN
2,NaN,NaN,NaN,NaN,NaN,NaN,NaN,NaN
3,NaN,NaN,NaN,NaN,NaN,NaN,NaN,NaN
4,NaN,NaN,NaN,NaN,NaN,NaN,NaN,NaN
5,NaN,NaN,NaN,NaN,NaN,NaN,NaN,NaN
6,NaN,NaN,NaN,NaN,NaN,NaN,NaN,NaN
7,NaN,NaN,NaN,NaN,NaN,NaN,NaN,NaN
8,NaN,NaN,NaN,NaN,NaN,NaN,NaN,NaN
9,NaN,NaN,NaN,NaN,NaN,NaN,NaN,NaN
10,NaN,NaN,NaN,NaN,NaN,NaN,NaN,NaN
11,NaN,NaN,NaN,NaN,NaN,NaN,NaN,NaN
1,NaN,NaN,NaN,NaN,NaN,NaN,NaN,NaN
2,NaN,NaN,NaN,NaN,NaN,NaN,NaN,NaN
3,NaN,NaN,NaN,NaN,NaN,NaN,NaN,NaN
4,NaN,NaN,NaN,NaN,NaN,NaN,NaN,NaN
5,NaN,NaN,NaN,NaN,NaN,NaN,NaN,NaN
6,NaN,NaN,NaN,NaN,NaN,NaN,NaN,NaN
7,NaN,NaN,NaN,NaN,NaN,NaN,NaN,NaN
8,NaN,NaN,NaN,NaN,NaN,NaN,NaN,NaN
9,NaN,NaN,NaN,NaN,NaN,NaN,NaN,NaN
10,NaN,NaN,NaN,NaN,NaN,NaN,NaN,NaN
11,NaN,NaN,NaN,NaN,NaN,NaN,NaN,NaN
1,NaN,NaN,NaN,NaN,NaN,NaN,NaN,NaN
2,NaN,NaN,NaN,NaN,NaN,NaN,NaN,NaN
3,NaN,NaN,NaN,NaN,NaN,NaN,NaN,NaN
4,NaN,NaN,NaN,NaN,NaN,NaN,NaN,NaN
5,NaN,NaN,NaN,NaN,NaN,NaN,NaN,NaN
6,NaN,NaN,NaN,NaN,NaN,NaN,NaN,NaN
7,NaN,NaN,NaN,NaN,NaN,NaN,NaN,NaN
8,NaN,NaN,NaN,NaN,NaN,NaN,NaN,NaN
9,NaN,NaN,NaN,NaN,NaN,NaN,NaN,NaN
10,NaN,NaN,NaN,NaN,NaN,NaN,NaN,NaN
11,NaN,NaN,NaN,NaN,NaN,NaN,NaN,NaN
1,NaN,NaN,NaN,NaN,NaN,NaN,NaN,NaN
2,NaN,NaN,NaN,NaN,NaN,NaN,NaN,NaN
3,NaN,NaN,NaN,NaN,NaN,NaN,NaN,NaN
4,NaN,NaN,NaN,NaN,NaN,NaN,NaN,NaN
5,NaN,NaN,NaN,NaN,NaN,NaN,NaN,NaN
6,NaN,NaN,NaN,NaN,NaN,NaN,NaN,NaN
7,NaN,NaN,NaN,NaN,NaN,NaN,NaN,NaN
8,NaN,NaN,NaN,NaN,NaN,NaN,NaN,NaN
9,NaN,NaN,NaN,NaN,NaN,NaN,NaN,NaN
10,NaN,NaN,NaN,NaN,NaN,NaN,NaN,NaN
11,NaN,NaN,NaN,NaN,NaN,NaN,NaN,NaN
1,NaN,NaN,NaN,NaN,NaN,NaN,NaN,NaN
2,NaN,NaN,NaN,NaN,NaN,NaN,NaN,NaN
3,NaN,NaN,NaN,NaN,NaN,NaN,NaN,NaN
4,NaN,NaN,NaN,NaN,NaN,NaN,NaN,NaN
5,NaN,NaN,NaN,NaN,NaN,NaN,NaN,NaN
6,NaN,NaN,NaN,NaN,NaN,NaN,NaN,NaN
7,NaN,NaN,NaN,NaN,NaN,NaN,NaN,NaN
8,NaN,NaN,NaN,NaN,NaN,NaN,NaN,NaN
9,NaN,NaN,NaN,NaN,NaN,NaN,NaN,NaN
10,NaN,NaN,NaN,NaN,NaN,NaN,NaN,NaN
11,NaN,NaN,NaN,NaN,NaN,NaN,NaN,NaN
1,NaN,NaN,NaN,NaN,NaN,NaN,NaN,NaN
2,NaN,NaN,NaN,NaN,NaN,NaN,NaN,NaN
3,NaN,NaN,NaN,NaN,NaN,NaN,NaN,NaN
4,NaN,NaN,NaN,NaN,NaN,NaN,NaN,NaN
5,NaN,NaN,NaN,NaN,NaN,NaN,NaN,NaN
6,NaN,NaN,NaN,NaN,NaN,NaN,NaN,NaN
7,NaN,NaN,NaN,NaN,NaN,NaN,NaN,NaN
8,NaN,NaN,NaN,NaN,NaN,NaN,NaN,NaN
9,NaN,NaN,NaN,NaN,NaN,NaN,NaN,NaN
10,NaN,NaN,NaN,NaN,NaN,NaN,NaN,NaN
11,NaN,NaN,NaN,NaN,NaN,NaN,NaN,NaN
1,NaN,NaN,NaN,NaN,NaN,NaN,NaN,NaN
2,NaN,NaN,NaN,NaN,NaN,NaN,NaN,NaN
3,NaN,NaN,NaN,NaN,NaN,NaN,NaN,NaN
4,NaN,NaN,NaN,NaN,NaN,NaN,NaN,NaN
5,NaN,NaN,NaN,NaN,NaN,NaN,NaN,NaN
6,NaN,NaN,NaN,NaN,NaN,NaN,NaN,NaN
7,NaN,NaN,NaN,NaN,NaN,NaN,NaN,NaN
8,NaN,NaN,NaN,NaN,NaN,NaN,NaN,NaN
9,NaN,NaN,NaN,NaN,NaN,NaN,NaN,NaN
10,NaN,NaN,NaN,NaN,NaN,NaN,NaN,NaN
11,NaN,NaN,NaN,NaN,NaN,NaN,NaN,NaN
1,NaN,NaN,NaN,NaN,NaN,NaN,NaN,NaN
2,NaN,NaN,NaN,NaN,NaN,NaN,NaN,NaN
3,NaN,NaN,NaN,NaN,NaN,NaN,NaN,NaN
4,NaN,NaN,NaN,NaN,NaN,NaN,NaN,NaN
5,NaN,NaN,NaN,NaN,NaN,NaN,NaN,NaN
6,NaN,NaN,NaN,NaN,NaN,NaN,NaN,NaN
7,NaN,NaN,NaN,NaN,NaN,NaN,NaN,NaN
8,NaN,NaN,NaN,NaN,NaN,NaN,NaN,NaN
9,NaN,NaN,NaN,NaN,NaN,NaN,NaN,NaN
10,NaN,NaN,NaN,NaN,NaN,NaN,NaN,NaN
11,NaN,NaN,NaN,NaN,NaN,NaN,NaN,NaN
1,NaN,NaN,NaN,NaN,NaN,NaN,NaN,NaN
2,NaN,NaN,NaN,NaN,NaN,NaN,NaN,NaN
3,NaN,NaN,NaN,NaN,NaN,NaN,NaN,NaN
4,NaN,NaN,NaN,NaN,NaN,NaN,NaN,NaN
5,NaN,NaN,NaN,NaN,NaN,NaN,NaN,NaN
6,NaN,NaN,NaN,NaN,NaN,NaN,NaN,NaN
7,NaN,NaN,NaN,NaN,NaN,NaN,NaN,NaN
8,NaN,NaN,NaN,NaN,NaN,NaN,NaN,NaN
9,NaN,NaN,NaN,NaN,NaN,NaN,NaN,NaN
10,NaN,NaN,NaN,NaN,NaN,NaN,NaN,NaN
11,NaN,NaN,NaN,NaN,NaN,NaN,NaN,NaN
1,NaN,NaN,NaN,NaN,NaN,NaN,NaN,NaN
2,NaN,NaN,NaN,NaN,NaN,NaN,NaN,NaN
3,NaN,NaN,NaN,NaN,NaN,NaN,NaN,NaN
4,NaN,NaN,NaN,NaN,NaN,NaN,NaN,NaN
5,NaN,NaN,NaN,NaN,NaN,NaN,NaN,NaN
6,NaN,NaN,NaN,NaN,NaN,NaN,NaN,NaN
7,NaN,NaN,NaN,NaN,NaN,NaN,NaN,NaN
8,NaN,NaN,NaN,NaN,NaN,NaN,NaN,NaN
9,NaN,NaN,NaN,NaN,NaN,NaN,NaN,NaN
10,NaN,NaN,NaN,NaN,NaN,NaN,NaN,NaN
11,NaN,NaN,NaN,NaN,NaN,NaN,NaN,NaN
1,NaN,NaN,NaN,NaN,NaN,NaN,NaN,NaN
2,NaN,NaN,NaN,NaN,NaN,NaN,NaN,NaN
3,NaN,NaN,NaN,NaN,NaN,NaN,NaN,NaN
4,NaN,NaN,NaN,NaN,NaN,NaN,NaN,NaN
5,NaN,NaN,NaN,NaN,NaN,NaN,NaN,NaN
6,NaN,NaN,NaN,NaN,NaN,NaN,NaN,NaN
7,NaN,NaN,NaN,NaN,NaN,NaN,NaN,NaN
8,NaN,NaN,NaN,NaN,NaN,NaN,NaN,NaN
9,NaN,NaN,NaN,NaN,NaN,NaN,NaN,NaN
10,NaN,NaN,NaN,NaN,NaN,NaN,NaN,NaN
11,NaN,NaN,NaN,NaN,NaN,NaN,NaN,NaN
1,NaN,NaN,NaN,NaN,NaN,NaN,NaN,NaN
2,NaN,NaN,NaN,NaN,NaN,NaN,NaN,NaN
3,NaN,NaN,NaN,NaN,NaN,NaN,NaN,NaN
4,NaN,NaN,NaN,NaN,NaN,NaN,NaN,NaN
5,NaN,NaN,NaN,NaN,NaN,NaN,NaN,NaN
6,NaN,NaN,NaN,NaN,NaN,NaN,NaN,NaN
7,NaN,NaN,NaN,NaN,NaN,NaN,NaN,NaN
8,NaN,NaN,NaN,NaN,NaN,NaN,NaN,NaN
9,NaN,NaN,NaN,NaN,NaN,NaN,NaN,NaN
10,NaN,NaN,NaN,NaN,NaN,NaN,NaN,NaN
11,NaN,NaN,NaN,NaN,NaN,NaN,NaN,NaN
1,NaN,NaN,NaN,NaN,NaN,NaN,NaN,NaN
2,NaN,NaN,NaN,NaN,NaN,NaN,NaN,NaN
3,NaN,NaN,NaN,NaN,NaN,NaN,NaN,NaN
4,NaN,NaN,NaN,NaN,NaN,NaN,NaN,NaN
5,NaN,NaN,NaN,NaN,NaN,NaN,NaN,NaN
6,NaN,NaN,NaN,NaN,NaN,NaN,NaN,NaN
7,NaN,NaN,NaN,NaN,NaN,NaN,NaN,NaN
8,NaN,NaN,NaN,NaN,NaN,NaN,NaN,NaN
9,NaN,NaN,NaN,NaN,NaN,NaN,NaN,NaN
10,NaN,NaN,NaN,NaN,NaN,NaN,NaN,NaN
11,NaN,NaN,NaN,NaN,NaN,NaN,NaN,NaN
1,NaN,NaN,NaN,NaN,NaN,NaN,NaN,NaN
2,NaN,NaN,NaN,NaN,NaN,NaN,NaN,NaN
3,NaN,NaN,NaN,NaN,NaN,NaN,NaN,NaN
4,NaN,NaN,NaN,NaN,NaN,NaN,NaN,NaN
5,NaN,NaN,NaN,NaN,NaN,NaN,NaN,NaN
6,NaN,NaN,NaN,NaN,NaN,NaN,NaN,NaN
7,NaN,NaN,NaN,NaN,NaN,NaN,NaN,NaN
8,NaN,NaN,NaN,NaN,NaN,NaN,NaN,NaN
9,NaN,NaN,NaN,NaN,NaN,NaN,NaN,NaN
10,NaN,NaN,NaN,NaN,NaN,NaN,NaN,NaN
11,NaN,NaN,NaN,NaN,NaN,NaN,NaN,NaN
1,NaN,NaN,NaN,NaN,NaN,NaN,NaN,NaN
2,NaN,NaN,NaN,NaN,NaN,NaN,NaN,NaN
3,NaN,NaN,NaN,NaN,NaN,NaN,NaN,NaN
4,NaN,NaN,NaN,NaN,NaN,NaN,NaN,NaN
5,NaN,NaN,NaN,NaN,NaN,NaN,NaN,NaN
6,NaN,NaN,NaN,NaN,NaN,NaN,NaN,NaN
7,NaN,NaN,NaN,NaN,NaN,NaN,NaN,NaN
8,NaN,NaN,NaN,NaN,NaN,NaN,NaN,NaN
9,NaN,NaN,NaN,NaN,NaN,NaN,NaN,NaN
10,NaN,NaN,NaN,NaN,NaN,NaN,NaN,NaN
11,NaN,NaN,NaN,NaN,NaN,NaN,NaN,NaN
1,NaN,NaN,NaN,NaN,NaN,NaN,NaN,NaN
2,NaN,NaN,NaN,NaN,NaN,NaN,NaN,NaN
3,NaN,NaN,NaN,NaN,NaN,NaN,NaN,NaN
4,NaN,NaN,NaN,NaN,NaN,NaN,NaN,NaN
5,NaN,NaN,NaN,NaN,NaN,NaN,NaN,NaN
6,NaN,NaN,NaN,NaN,NaN,NaN,NaN,NaN
7,NaN,NaN,NaN,NaN,NaN,NaN,NaN,NaN
8,NaN,NaN,NaN,NaN,NaN,NaN,NaN,NaN
9,NaN,NaN,NaN,NaN,NaN,NaN,NaN,NaN
10,NaN,NaN,NaN,NaN,NaN,NaN,NaN,NaN
11,NaN,NaN,NaN,NaN,NaN,NaN,NaN,NaN
1,NaN,NaN,NaN,NaN,NaN,NaN,NaN,NaN
2,NaN,NaN,NaN,NaN,NaN,NaN,NaN,NaN
3,NaN,NaN,NaN,NaN,NaN,NaN,NaN,NaN
4,NaN,NaN,NaN,NaN,NaN,NaN,NaN,NaN
5,NaN,NaN,NaN,NaN,NaN,NaN,NaN,NaN
6,NaN,NaN,NaN,NaN,NaN,NaN,NaN,NaN
7,NaN,NaN,NaN,NaN,NaN,NaN,NaN,NaN
8,NaN,NaN,NaN,NaN,NaN,NaN,NaN,NaN
9,NaN,NaN,NaN,NaN,NaN,NaN,NaN,NaN
10,NaN,NaN,NaN,NaN,NaN,NaN,NaN,NaN
11,NaN,NaN,NaN,NaN,NaN,NaN,NaN,NaN
1,NaN,NaN,NaN,NaN,NaN,NaN,NaN,NaN
2,NaN,NaN,NaN,NaN,NaN,NaN,NaN,NaN
3,NaN,NaN,NaN,NaN,NaN,NaN,NaN,NaN
4,NaN,NaN,NaN,NaN,NaN,NaN,NaN,NaN
5,NaN,NaN,NaN,NaN,NaN,NaN,NaN,NaN
6,NaN,NaN,NaN,NaN,NaN,NaN,NaN,NaN
7,NaN,NaN,NaN,NaN,NaN,NaN,NaN,NaN
8,NaN,NaN,NaN,NaN,NaN,NaN,NaN,NaN
9,NaN,NaN,NaN,NaN,NaN,NaN,NaN,NaN
10,NaN,NaN,NaN,NaN,NaN,NaN,NaN,NaN
11,NaN,NaN,NaN,NaN,NaN,NaN,NaN,NaN
1,NaN,NaN,NaN,NaN,NaN,NaN,NaN,NaN
2,NaN,NaN,NaN,NaN,NaN,NaN,NaN,NaN
3,NaN,NaN,NaN,NaN,NaN,NaN,NaN,NaN
4,NaN,NaN,NaN,NaN,NaN,NaN,NaN,NaN
5,NaN,NaN,NaN,NaN,NaN,NaN,NaN,NaN
6,NaN,NaN,NaN,NaN,NaN,NaN,NaN,NaN
7,NaN,NaN,NaN,NaN,NaN,NaN,NaN,NaN
8,NaN,NaN,NaN,NaN,NaN,NaN,NaN,NaN
9,NaN,NaN,NaN,NaN,NaN,NaN,NaN,NaN
10,NaN,NaN,NaN,NaN,NaN,NaN,NaN,NaN
11,NaN,NaN,NaN,NaN,NaN,NaN,NaN,NaN
1,NaN,NaN,NaN,NaN,NaN,NaN,NaN,NaN
2,NaN,NaN,NaN,NaN,NaN,NaN,NaN,NaN
3,NaN,NaN,NaN,NaN,NaN,NaN,NaN,NaN
4,NaN,NaN,NaN,NaN,NaN,NaN,NaN,NaN
5,NaN,NaN,NaN,NaN,NaN,NaN,NaN,NaN
6,NaN,NaN,NaN,NaN,NaN,NaN,NaN,NaN
7,NaN,NaN,NaN,NaN,NaN,NaN,NaN,NaN
8,NaN,NaN,NaN,NaN,NaN,NaN,NaN,NaN
9,NaN,NaN,NaN,NaN,NaN,NaN,NaN,NaN
10,NaN,NaN,NaN,NaN,NaN,NaN,NaN,NaN
11,NaN,NaN,NaN,NaN,NaN,NaN,NaN,NaN
1,NaN,NaN,NaN,NaN,NaN,NaN,NaN,NaN
2,NaN,NaN,NaN,NaN,NaN,NaN,NaN,NaN
3,NaN,NaN,NaN,NaN,NaN,NaN,NaN,NaN
4,NaN,NaN,NaN,NaN,NaN,NaN,NaN,NaN
5,NaN,NaN,NaN,NaN,NaN,NaN,NaN,NaN
6,NaN,NaN,NaN,NaN,NaN,NaN,NaN,NaN
7,NaN,NaN,NaN,NaN,NaN,NaN,NaN,NaN
8,NaN,NaN,NaN,NaN,NaN,NaN,NaN,NaN
9,NaN,NaN,NaN,NaN,NaN,NaN,NaN,NaN
10,NaN,NaN,NaN,NaN,NaN,NaN,NaN,NaN
11,NaN,NaN,NaN,NaN,NaN,NaN,NaN,NaN
1,NaN,NaN,NaN,NaN,NaN,NaN,NaN,NaN
2,NaN,NaN,NaN,NaN,NaN,NaN,NaN,NaN
3,NaN,NaN,NaN,NaN,NaN,NaN,NaN,NaN
4,NaN,NaN,NaN,NaN,NaN,NaN,NaN,NaN
5,NaN,NaN,NaN,NaN,NaN,NaN,NaN,NaN
6,NaN,NaN,NaN,NaN,NaN,NaN,NaN,NaN
7,NaN,NaN,NaN,NaN,NaN,NaN,NaN,NaN
8,NaN,NaN,NaN,NaN,NaN,NaN,NaN,NaN
9,NaN,NaN,NaN,NaN,NaN,NaN,NaN,NaN
10,NaN,NaN,NaN,NaN,NaN,NaN,NaN,NaN
11,NaN,NaN,NaN,NaN,NaN,NaN,NaN,NaN
1,NaN,NaN,NaN,NaN,NaN,NaN,NaN,NaN
2,NaN,NaN,NaN,NaN,NaN,NaN,NaN,NaN
3,NaN,NaN,NaN,NaN,NaN,NaN,NaN,NaN
4,NaN,NaN,NaN,NaN,NaN,NaN,NaN,NaN
5,NaN,NaN,NaN,NaN,NaN,NaN,NaN,NaN
6,NaN,NaN,NaN,NaN,NaN,NaN,NaN,NaN
7,NaN,NaN,NaN,NaN,NaN,NaN,NaN,NaN
8,NaN,NaN,NaN,NaN,NaN,NaN,NaN,NaN
9,NaN,NaN,NaN,NaN,NaN,NaN,NaN,NaN
10,NaN,NaN,NaN,NaN,NaN,NaN,NaN,NaN
11,NaN,NaN,NaN,NaN,NaN,NaN,NaN,NaN
1,NaN,NaN,NaN,NaN,NaN,NaN,NaN,NaN
2,NaN,NaN,NaN,NaN,NaN,NaN,NaN,NaN
3,NaN,NaN,NaN,NaN,NaN,NaN,NaN,NaN
4,NaN,NaN,NaN,NaN,NaN,NaN,NaN,NaN
5,NaN,NaN,NaN,NaN,NaN,NaN,NaN,NaN
6,NaN,NaN,NaN,NaN,NaN,NaN,NaN,NaN
7,NaN,NaN,NaN,NaN,NaN,NaN,NaN,NaN
8,NaN,NaN,NaN,NaN,NaN,NaN,NaN,NaN
9,NaN,NaN,NaN,NaN,NaN,NaN,NaN,NaN
10,NaN,NaN,NaN,NaN,NaN,NaN,NaN,NaN
11,NaN,NaN,NaN,NaN,NaN,NaN,NaN,NaN
1,NaN,NaN,NaN,NaN,NaN,NaN,NaN,NaN
2,NaN,NaN,NaN,NaN,NaN,NaN,NaN,NaN
3,NaN,NaN,NaN,NaN,NaN,NaN,NaN,NaN
4,NaN,NaN,NaN,NaN,NaN,NaN,NaN,NaN
5,NaN,NaN,NaN,NaN,NaN,NaN,NaN,NaN
6,NaN,NaN,NaN,NaN,NaN,NaN,NaN,NaN
7,NaN,NaN,NaN,NaN,NaN,NaN,NaN,NaN
8,NaN,NaN,NaN,NaN,NaN,NaN,NaN,NaN
9,NaN,NaN,NaN,NaN,NaN,NaN,NaN,NaN
10,NaN,NaN,NaN,NaN,NaN,NaN,NaN,NaN
11,NaN,NaN,NaN,NaN,NaN,NaN,NaN,NaN
1,NaN,NaN,NaN,NaN,NaN,NaN,NaN,NaN
2,NaN,NaN,NaN,NaN,NaN,NaN,NaN,NaN
3,NaN,NaN,NaN,NaN,NaN,NaN,NaN,NaN
4,NaN,NaN,NaN,NaN,NaN,NaN,NaN,NaN
5,NaN,NaN,NaN,NaN,NaN,NaN,NaN,NaN
6,NaN,NaN,NaN,NaN,NaN,NaN,NaN,NaN
7,NaN,NaN,NaN,NaN,NaN,NaN,NaN,NaN
8,NaN,NaN,NaN,NaN,NaN,NaN,NaN,NaN
9,NaN,NaN,NaN,NaN,NaN,NaN,NaN,NaN
10,NaN,NaN,NaN,NaN,NaN,NaN,NaN,NaN
11,NaN,NaN,NaN,NaN,NaN,NaN,NaN,NaN
1,NaN,NaN,NaN,NaN,NaN,NaN,NaN,NaN
2,NaN,NaN,NaN,NaN,NaN,NaN,NaN,NaN
3,NaN,NaN,NaN,NaN,NaN,NaN,NaN,NaN
4,NaN,NaN,NaN,NaN,NaN,NaN,NaN,NaN
5,NaN,NaN,NaN,NaN,NaN,NaN,NaN,NaN
6,NaN,NaN,NaN,NaN,NaN,NaN,NaN,NaN
7,NaN,NaN,NaN,NaN,NaN,NaN,NaN,NaN
8,NaN,NaN,NaN,NaN,NaN,NaN,NaN,NaN
9,NaN,NaN,NaN,NaN,NaN,NaN,NaN,NaN
10,NaN,NaN,NaN,NaN,NaN,NaN,NaN,NaN
11,NaN,NaN,NaN,NaN,NaN,NaN,NaN,NaN
1,NaN,NaN,NaN,NaN,NaN,NaN,NaN,NaN
2,NaN,NaN,NaN,NaN,NaN,NaN,NaN,NaN
3,NaN,NaN,NaN,NaN,NaN,NaN,NaN,NaN
4,NaN,NaN,NaN,NaN,NaN,NaN,NaN,NaN
5,NaN,NaN,NaN,NaN,NaN,NaN,NaN,NaN
6,NaN,NaN,NaN,NaN,NaN,NaN,NaN,NaN
7,NaN,NaN,NaN,NaN,NaN,NaN,NaN,NaN
8,NaN,NaN,NaN,NaN,NaN,NaN,NaN,NaN
9,NaN,NaN,NaN,NaN,NaN,NaN,NaN,NaN
10,NaN,NaN,NaN,NaN,NaN,NaN,NaN,NaN
11,NaN,NaN,NaN,NaN,NaN,NaN,NaN,NaN
1,NaN,NaN,NaN,NaN,NaN,NaN,NaN,NaN
2,NaN,NaN,NaN,NaN,NaN,NaN,NaN,NaN
3,NaN,NaN,NaN,NaN,NaN,NaN,NaN,NaN
4,NaN,NaN,NaN,NaN,NaN,NaN,NaN,NaN
5,NaN,NaN,NaN,NaN,NaN,NaN,NaN,NaN
6,NaN,NaN,NaN,NaN,NaN,NaN,NaN,NaN
7,NaN,NaN,NaN,NaN,NaN,NaN,NaN,NaN
8,NaN,NaN,NaN,NaN,NaN,NaN,NaN,NaN
9,NaN,NaN,NaN,NaN,NaN,NaN,NaN,NaN
10,NaN,NaN,NaN,NaN,NaN,NaN,NaN,NaN
11,NaN,NaN,NaN,NaN,NaN,NaN,NaN,NaN
1,NaN,NaN,NaN,NaN,NaN,NaN,NaN,NaN
2,NaN,NaN,NaN,NaN,NaN,NaN,NaN,NaN
3,NaN,NaN,NaN,NaN,NaN,NaN,NaN,NaN
4,NaN,NaN,NaN,NaN,NaN,NaN,NaN,NaN
5,NaN,NaN,NaN,NaN,NaN,NaN,NaN,NaN
6,NaN,NaN,NaN,NaN,NaN,NaN,NaN,NaN
7,NaN,NaN,NaN,NaN,NaN,NaN,NaN,NaN
8,NaN,NaN,NaN,NaN,NaN,NaN,NaN,NaN
9,NaN,NaN,NaN,NaN,NaN,NaN,NaN,NaN
10,NaN,NaN,NaN,NaN,NaN,NaN,NaN,NaN
11,NaN,NaN,NaN,NaN,NaN,NaN,NaN,NaN
1,NaN,NaN,NaN,NaN,NaN,NaN,NaN,NaN
2,NaN,NaN,NaN,NaN,NaN,NaN,NaN,NaN
3,NaN,NaN,NaN,NaN,NaN,NaN,NaN,NaN
4,NaN,NaN,NaN,NaN,NaN,NaN,NaN,NaN
5,NaN,NaN,NaN,NaN,NaN,NaN,NaN,NaN
6,NaN,NaN,NaN,NaN,NaN,NaN,NaN,NaN
7,NaN,NaN,NaN,NaN,NaN,NaN,NaN,NaN
8,NaN,NaN,NaN,NaN,NaN,NaN,NaN,NaN
9,NaN,NaN,NaN,NaN,NaN,NaN,NaN,NaN
10,NaN,NaN,NaN,NaN,NaN,NaN,NaN,NaN
11,NaN,NaN,NaN,NaN,NaN,NaN,NaN,NaN
1,NaN,NaN,NaN,NaN,NaN,NaN,NaN,NaN
2,NaN,NaN,NaN,NaN,NaN,NaN,NaN,NaN
3,NaN,NaN,NaN,NaN,NaN,NaN,NaN,NaN
4,NaN,NaN,NaN,NaN,NaN,NaN,NaN,NaN
5,NaN,NaN,NaN,NaN,NaN,NaN,NaN,NaN
6,NaN,NaN,NaN,NaN,NaN,NaN,NaN,NaN
7,NaN,NaN,NaN,NaN,NaN,NaN,NaN,NaN
8,NaN,NaN,NaN,NaN,NaN,NaN,NaN,NaN
9,NaN,NaN,NaN,NaN,NaN,NaN,NaN,NaN
10,NaN,NaN,NaN,NaN,NaN,NaN,NaN,NaN
11,NaN,NaN,NaN,NaN,NaN,NaN,NaN,NaN
1,NaN,NaN,NaN,NaN,NaN,NaN,NaN,NaN
2,NaN,NaN,NaN,NaN,NaN,NaN,NaN,NaN
3,NaN,NaN,NaN,NaN,NaN,NaN,NaN,NaN
4,NaN,NaN,NaN,NaN,NaN,NaN,NaN,NaN
5,NaN,NaN,NaN,NaN,NaN,NaN,NaN,NaN
6,NaN,NaN,NaN,NaN,NaN,NaN,NaN,NaN
7,NaN,NaN,NaN,NaN,NaN,NaN,NaN,NaN
8,NaN,NaN,NaN,NaN,NaN,NaN,NaN,NaN
9,NaN,NaN,NaN,NaN,NaN,NaN,NaN,NaN
10,NaN,NaN,NaN,NaN,NaN,NaN,NaN,NaN
11,NaN,NaN,NaN,NaN,NaN,NaN,NaN,NaN
1,NaN,NaN,NaN,NaN,NaN,NaN,NaN,NaN
2,NaN,NaN,NaN,NaN,NaN,NaN,NaN,NaN
3,NaN,NaN,NaN,NaN,NaN,NaN,NaN,NaN
4,NaN,NaN,NaN,NaN,NaN,NaN,NaN,NaN
5,NaN,NaN,NaN,NaN,NaN,NaN,NaN,NaN
6,NaN,NaN,NaN,NaN,NaN,NaN,NaN,NaN
7,NaN,NaN,NaN,NaN,NaN,NaN,NaN,NaN
8,NaN,NaN,NaN,NaN,NaN,NaN,NaN,NaN
9,NaN,NaN,NaN,NaN,NaN,NaN,NaN,NaN
10,NaN,NaN,NaN,NaN,NaN,NaN,NaN,NaN
11,NaN,NaN,NaN,NaN,NaN,NaN,NaN,NaN
1,NaN,NaN,NaN,NaN,NaN,NaN,NaN,NaN
2,NaN,NaN,NaN,NaN,NaN,NaN,NaN,NaN
3,NaN,NaN,NaN,NaN,NaN,NaN,NaN,NaN
4,NaN,NaN,NaN,NaN,NaN,NaN,NaN,NaN
5,NaN,NaN,NaN,NaN,NaN,NaN,NaN,NaN
6,NaN,NaN,NaN,NaN,NaN,NaN,NaN,NaN
7,NaN,NaN,NaN,NaN,NaN,NaN,NaN,NaN
8,NaN,NaN,NaN,NaN,NaN,NaN,NaN,NaN
9,NaN,NaN,NaN,NaN,NaN,NaN,NaN,NaN
10,NaN,NaN,NaN,NaN,NaN,NaN,NaN,NaN
11,NaN,NaN,NaN,NaN,NaN,NaN,NaN,NaN
1,NaN,NaN,NaN,NaN,NaN,NaN,NaN,NaN
2,NaN,NaN,NaN,NaN,NaN,NaN,NaN,NaN
3,NaN,NaN,NaN,NaN,NaN,NaN,NaN,NaN
4,NaN,NaN,NaN,NaN,NaN,NaN,NaN,NaN
5,NaN,NaN,NaN,NaN,NaN,NaN,NaN,NaN
6,NaN,NaN,NaN,NaN,NaN,NaN,NaN,NaN
7,NaN,NaN,NaN,NaN,NaN,NaN,NaN,NaN
8,NaN,NaN,NaN,NaN,NaN,NaN,NaN,NaN
9,NaN,NaN,NaN,NaN,NaN,NaN,NaN,NaN
10,NaN,NaN,NaN,NaN,NaN,NaN,NaN,NaN
11,NaN,NaN,NaN,NaN,NaN,NaN,NaN,NaN
1,NaN,NaN,NaN,NaN,NaN,NaN,NaN,NaN
2,NaN,NaN,NaN,NaN,NaN,NaN,NaN,NaN
3,NaN,NaN,NaN,NaN,NaN,NaN,NaN,NaN
4,NaN,NaN,NaN,NaN,NaN,NaN,NaN,NaN
5,NaN,NaN,NaN,NaN,NaN,NaN,NaN,NaN
6,NaN,NaN,NaN,NaN,NaN,NaN,NaN,NaN
7,NaN,NaN,NaN,NaN,NaN,NaN,NaN,NaN
8,NaN,NaN,NaN,NaN,NaN,NaN,NaN,NaN
9,NaN,NaN,NaN,NaN,NaN,NaN,NaN,NaN
10,NaN,NaN,NaN,NaN,NaN,NaN,NaN,NaN
11,NaN,NaN,NaN,NaN,NaN,NaN,NaN,NaN
1,NaN,NaN,NaN,NaN,NaN,NaN,NaN,NaN
2,NaN,NaN,NaN,NaN,NaN,NaN,NaN,NaN
3,NaN,NaN,NaN,NaN,NaN,NaN,NaN,NaN
4,NaN,NaN,NaN,NaN,NaN,NaN,NaN,NaN
5,NaN,NaN,NaN,NaN,NaN,NaN,NaN,NaN
6,NaN,NaN,NaN,NaN,NaN,NaN,NaN,NaN
7,NaN,NaN,NaN,NaN,NaN,NaN,NaN,NaN
8,NaN,NaN,NaN,NaN,NaN,NaN,NaN,NaN
9,NaN,NaN,NaN,NaN,NaN,NaN,NaN,NaN
10,NaN,NaN,NaN,NaN,NaN,NaN,NaN,NaN
11,NaN,NaN,NaN,NaN,NaN,NaN,NaN,NaN
1,NaN,NaN,NaN,NaN,NaN,NaN,NaN,NaN
2,NaN,NaN,NaN,NaN,NaN,NaN,NaN,NaN
3,NaN,NaN,NaN,NaN,NaN,NaN,NaN,NaN
4,NaN,NaN,NaN,NaN,NaN,NaN,NaN,NaN
5,NaN,NaN,NaN,NaN,NaN,NaN,NaN,NaN
6,NaN,NaN,NaN,NaN,NaN,NaN,NaN,NaN
7,NaN,NaN,NaN,NaN,NaN,NaN,NaN,NaN
8,NaN,NaN,NaN,NaN,NaN,NaN,NaN,NaN
9,NaN,NaN,NaN,NaN,NaN,NaN,NaN,NaN
10,NaN,NaN,NaN,NaN,NaN,NaN,NaN,NaN
11,NaN,NaN,NaN,NaN,NaN,NaN,NaN,NaN
1,NaN,NaN,NaN,NaN,NaN,NaN,NaN,NaN
2,NaN,NaN,NaN,NaN,NaN,NaN,NaN,NaN
3,NaN,NaN,NaN,NaN,NaN,NaN,NaN,NaN
4,NaN,NaN,NaN,NaN,NaN,NaN,NaN,NaN
5,NaN,NaN,NaN,NaN,NaN,NaN,NaN,NaN
6,NaN,NaN,NaN,NaN,NaN,NaN,NaN,NaN
7,NaN,NaN,NaN,NaN,NaN,NaN,NaN,NaN
8,NaN,NaN,NaN,NaN,NaN,NaN,NaN,NaN
9,NaN,NaN,NaN,NaN,NaN,NaN,NaN,NaN
10,NaN,NaN,NaN,NaN,NaN,NaN,NaN,NaN
11,NaN,NaN,NaN,NaN,NaN,NaN,NaN,NaN
1,NaN,NaN,NaN,NaN,NaN,NaN,NaN,NaN
2,NaN,NaN,NaN,NaN,NaN,NaN,NaN,NaN
3,NaN,NaN,NaN,NaN,NaN,NaN,NaN,NaN
4,NaN,NaN,NaN,NaN,NaN,NaN,NaN,NaN
5,NaN,NaN,NaN,NaN,NaN,NaN,NaN,NaN
6,NaN,NaN,NaN,NaN,NaN,NaN,NaN,NaN
7,NaN,NaN,NaN,NaN,NaN,NaN,NaN,NaN
8,NaN,NaN,NaN,NaN,NaN,NaN,NaN,NaN
9,NaN,NaN,NaN,NaN,NaN,NaN,NaN,NaN
10,NaN,NaN,NaN,NaN,NaN,NaN,NaN,NaN
11,NaN,NaN,NaN,NaN,NaN,NaN,NaN,NaN
1,NaN,NaN,NaN,NaN,NaN,NaN,NaN,NaN
2,NaN,NaN,NaN,NaN,NaN,NaN,NaN,NaN
3,NaN,NaN,NaN,NaN,NaN,NaN,NaN,NaN
4,NaN,NaN,NaN,NaN,NaN,NaN,NaN,NaN
5,NaN,NaN,NaN,NaN,NaN,NaN,NaN,NaN
6,NaN,NaN,NaN,NaN,NaN,NaN,NaN,NaN
7,NaN,NaN,NaN,NaN,NaN,NaN,NaN,NaN
8,NaN,NaN,NaN,NaN,NaN,NaN,NaN,NaN
9,NaN,NaN,NaN,NaN,NaN,NaN,NaN,NaN
10,NaN,NaN,NaN,NaN,NaN,NaN,NaN,NaN
11,NaN,NaN,NaN,NaN,NaN,NaN,NaN,NaN
1,NaN,NaN,NaN,NaN,NaN,NaN,NaN,NaN
2,NaN,NaN,NaN,NaN,NaN,NaN,NaN,NaN
3,NaN,NaN,NaN,NaN,NaN,NaN,NaN,NaN
4,NaN,NaN,NaN,NaN,NaN,NaN,NaN,NaN
5,NaN,NaN,NaN,NaN,NaN,NaN,NaN,NaN
6,NaN,NaN,NaN,NaN,NaN,NaN,NaN,NaN
7,NaN,NaN,NaN,NaN,NaN,NaN,NaN,NaN
8,NaN,NaN,NaN,NaN,NaN,NaN,NaN,NaN
9,NaN,NaN,NaN,NaN,NaN,NaN,NaN,NaN
10,NaN,NaN,NaN,NaN,NaN,NaN,NaN,NaN
11,NaN,NaN,NaN,NaN,NaN,NaN,NaN,NaN
1,NaN,NaN,NaN,NaN,NaN,NaN,NaN,NaN
2,NaN,NaN,NaN,NaN,NaN,NaN,NaN,NaN
3,NaN,NaN,NaN,NaN,NaN,NaN,NaN,NaN
4,NaN,NaN,NaN,NaN,NaN,NaN,NaN,NaN
5,NaN,NaN,NaN,NaN,NaN,NaN,NaN,NaN
6,NaN,NaN,NaN,NaN,NaN,NaN,NaN,NaN
7,NaN,NaN,NaN,NaN,NaN,NaN,NaN,NaN
8,NaN,NaN,NaN,NaN,NaN,NaN,NaN,NaN
9,NaN,NaN,NaN,NaN,NaN,NaN,NaN,NaN
10,NaN,NaN,NaN,NaN,NaN,NaN,NaN,NaN
11,NaN,NaN,NaN,NaN,NaN,NaN,NaN,NaN
1,NaN,NaN,NaN,NaN,NaN,NaN,NaN,NaN
2,NaN,NaN,NaN,NaN,NaN,NaN,NaN,NaN
3,NaN,NaN,NaN,NaN,NaN,NaN,NaN,NaN
4,NaN,NaN,NaN,NaN,NaN,NaN,NaN,NaN
5,NaN,NaN,NaN,NaN,NaN,NaN,NaN,NaN
6,NaN,NaN,NaN,NaN,NaN,NaN,NaN,NaN
7,NaN,NaN,NaN,NaN,NaN,NaN,NaN,NaN
8,NaN,NaN,NaN,NaN,NaN,NaN,NaN,NaN
9,NaN,NaN,NaN,NaN,NaN,NaN,NaN,NaN
10,NaN,NaN,NaN,NaN,NaN,NaN,NaN,NaN
11,NaN,NaN,NaN,NaN,NaN,NaN,NaN,NaN
1,NaN,NaN,NaN,NaN,NaN,NaN,NaN,NaN
2,NaN,NaN,NaN,NaN,NaN,NaN,NaN,NaN
3,NaN,NaN,NaN,NaN,NaN,NaN,NaN,NaN
4,NaN,NaN,NaN,NaN,NaN,NaN,NaN,NaN
5,NaN,NaN,NaN,NaN,NaN,NaN,NaN,NaN
6,NaN,NaN,NaN,NaN,NaN,NaN,NaN,NaN
7,NaN,NaN,NaN,NaN,NaN,NaN,NaN,NaN
8,NaN,NaN,NaN,NaN,NaN,NaN,NaN,NaN
9,NaN,NaN,NaN,NaN,NaN,NaN,NaN,NaN
10,NaN,NaN,NaN,NaN,NaN,NaN,NaN,NaN
11,NaN,NaN,NaN,NaN,NaN,NaN,NaN,NaN
1,NaN,NaN,NaN,NaN,NaN,NaN,NaN,NaN
2,NaN,NaN,NaN,NaN,NaN,NaN,NaN,NaN
3,NaN,NaN,NaN,NaN,NaN,NaN,NaN,NaN
4,NaN,NaN,NaN,NaN,NaN,NaN,NaN,NaN
5,NaN,NaN,NaN,NaN,NaN,NaN,NaN,NaN
6,NaN,NaN,NaN,NaN,NaN,NaN,NaN,NaN
7,NaN,NaN,NaN,NaN,NaN,NaN,NaN,NaN
8,NaN,NaN,NaN,NaN,NaN,NaN,NaN,NaN
9,NaN,NaN,NaN,NaN,NaN,NaN,NaN,NaN
10,NaN,NaN,NaN,NaN,NaN,NaN,NaN,NaN
11,NaN,NaN,NaN,NaN,NaN,NaN,NaN,NaN
1,NaN,NaN,NaN,NaN,NaN,NaN,NaN,NaN
2,NaN,NaN,NaN,NaN,NaN,NaN,NaN,NaN
3,NaN,NaN,NaN,NaN,NaN,NaN,NaN,NaN
4,NaN,NaN,NaN,NaN,NaN,NaN,NaN,NaN
5,NaN,NaN,NaN,NaN,NaN,NaN,NaN,NaN
6,NaN,NaN,NaN,NaN,NaN,NaN,NaN,NaN
7,NaN,NaN,NaN,NaN,NaN,NaN,NaN,NaN
8,NaN,NaN,NaN,NaN,NaN,NaN,NaN,NaN
9,NaN,NaN,NaN,NaN,NaN,NaN,NaN,NaN
10,NaN,NaN,NaN,NaN,NaN,NaN,NaN,NaN
11,NaN,NaN,NaN,NaN,NaN,NaN,NaN,NaN
1,NaN,NaN,NaN,NaN,NaN,NaN,NaN,NaN
2,NaN,NaN,NaN,NaN,NaN,NaN,NaN,NaN
3,NaN,NaN,NaN,NaN,NaN,NaN,NaN,NaN
4,NaN,NaN,NaN,NaN,NaN,NaN,NaN,NaN
5,NaN,NaN,NaN,NaN,NaN,NaN,NaN,NaN
6,NaN,NaN,NaN,NaN,NaN,NaN,NaN,NaN
7,NaN,NaN,NaN,NaN,NaN,NaN,NaN,NaN
8,NaN,NaN,NaN,NaN,NaN,NaN,NaN,NaN
9,NaN,NaN,NaN,NaN,NaN,NaN,NaN,NaN
10,NaN,NaN,NaN,NaN,NaN,NaN,NaN,NaN
11,NaN,NaN,NaN,NaN,NaN,NaN,NaN,NaN
1,NaN,NaN,NaN,NaN,NaN,NaN,NaN,NaN
2,NaN,NaN,NaN,NaN,NaN,NaN,NaN,NaN
3,NaN,NaN,NaN,NaN,NaN,NaN,NaN,NaN
4,NaN,NaN,NaN,NaN,NaN,NaN,NaN,NaN
5,NaN,NaN,NaN,NaN,NaN,NaN,NaN,NaN
6,NaN,NaN,NaN,NaN,NaN,NaN,NaN,NaN
7,NaN,NaN,NaN,NaN,NaN,NaN,NaN,NaN
8,NaN,NaN,NaN,NaN,NaN,NaN,NaN,NaN
9,NaN,NaN,NaN,NaN,NaN,NaN,NaN,NaN
10,NaN,NaN,NaN,NaN,NaN,NaN,NaN,NaN
11,NaN,NaN,NaN,NaN,NaN,NaN,NaN,NaN
1,NaN,NaN,NaN,NaN,NaN,NaN,NaN,NaN
2,NaN,NaN,NaN,NaN,NaN,NaN,NaN,NaN
3,NaN,NaN,NaN,NaN,NaN,NaN,NaN,NaN
4,NaN,NaN,NaN,NaN,NaN,NaN,NaN,NaN
5,NaN,NaN,NaN,NaN,NaN,NaN,NaN,NaN
6,NaN,NaN,NaN,NaN,NaN,NaN,NaN,NaN
7,NaN,NaN,NaN,NaN,NaN,NaN,NaN,NaN
8,NaN,NaN,NaN,NaN,NaN,NaN,NaN,NaN
9,NaN,NaN,NaN,NaN,NaN,NaN,NaN,NaN
10,NaN,NaN,NaN,NaN,NaN,NaN,NaN,NaN
11,NaN,NaN,NaN,NaN,NaN,NaN,NaN,NaN
1,NaN,NaN,NaN,NaN,NaN,NaN,NaN,NaN
2,NaN,NaN,NaN,NaN,NaN,NaN,NaN,NaN
3,NaN,NaN,NaN,NaN,NaN,NaN,NaN,NaN
4,NaN,NaN,NaN,NaN,NaN,NaN,NaN,NaN
5,NaN,NaN,NaN,NaN,NaN,NaN,NaN,NaN
6,NaN,NaN,NaN,NaN,NaN,NaN,NaN,NaN
7,NaN,NaN,NaN,NaN,NaN,NaN,NaN,NaN
8,NaN,NaN,NaN,NaN,NaN,NaN,NaN,NaN
9,NaN,NaN,NaN,NaN,NaN,NaN,NaN,NaN
10,NaN,NaN,NaN,NaN,NaN,NaN,NaN,NaN
11,NaN,NaN,NaN,NaN,NaN,NaN,NaN,NaN
1,NaN,NaN,NaN,NaN,NaN,NaN,NaN,NaN
2,NaN,NaN,NaN,NaN,NaN,NaN,NaN,NaN
3,NaN,NaN,NaN,NaN,NaN,NaN,NaN,NaN
4,NaN,NaN,NaN,NaN,NaN,NaN,NaN,NaN
5,NaN,NaN,NaN,NaN,NaN,NaN,NaN,NaN
6,NaN,NaN,NaN,NaN,NaN,NaN,NaN,NaN
7,NaN,NaN,NaN,NaN,NaN,NaN,NaN,NaN
8,NaN,NaN,NaN,NaN,NaN,NaN,NaN,NaN
9,NaN,NaN,NaN,NaN,NaN,NaN,NaN,NaN
10,NaN,NaN,NaN,NaN,NaN,NaN,NaN,NaN
11,NaN,NaN,NaN,NaN,NaN,NaN,NaN,NaN
1,NaN,NaN,NaN,NaN,NaN,NaN,NaN,NaN
2,NaN,NaN,NaN,NaN,NaN,NaN,NaN,NaN
3,NaN,NaN,NaN,NaN,NaN,NaN,NaN,NaN
4,NaN,NaN,NaN,NaN,NaN,NaN,NaN,NaN
5,NaN,NaN,NaN,NaN,NaN,NaN,NaN,NaN
6,NaN,NaN,NaN,NaN,NaN,NaN,NaN,NaN
7,NaN,NaN,NaN,NaN,NaN,NaN,NaN,NaN
8,NaN,NaN,NaN,NaN,NaN,NaN,NaN,NaN
9,NaN,NaN,NaN,NaN,NaN,NaN,NaN,NaN
10,NaN,NaN,NaN,NaN,NaN,NaN,NaN,NaN
11,NaN,NaN,NaN,NaN,NaN,NaN,NaN,NaN
1,NaN,NaN,NaN,NaN,NaN,NaN,NaN,NaN
2,NaN,NaN,NaN,NaN,NaN,NaN,NaN,NaN
3,NaN,NaN,NaN,NaN,NaN,NaN,NaN,NaN
4,NaN,NaN,NaN,NaN,NaN,NaN,NaN,NaN
5,NaN,NaN,NaN,NaN,NaN,NaN,NaN,NaN
6,NaN,NaN,NaN,NaN,NaN,NaN,NaN,NaN
7,NaN,NaN,NaN,NaN,NaN,NaN,NaN,NaN
8,NaN,NaN,NaN,NaN,NaN,NaN,NaN,NaN
9,NaN,NaN,NaN,NaN,NaN,NaN,NaN,NaN
10,NaN,NaN,NaN,NaN,NaN,NaN,NaN,NaN
11,NaN,NaN,NaN,NaN,NaN,NaN,NaN,NaN
1,NaN,NaN,NaN,NaN,NaN,NaN,NaN,NaN
2,NaN,NaN,NaN,NaN,NaN,NaN,NaN,NaN
3,NaN,NaN,NaN,NaN,NaN,NaN,NaN,NaN
4,NaN,NaN,NaN,NaN,NaN,NaN,NaN,NaN
5,NaN,NaN,NaN,NaN,NaN,NaN,NaN,NaN
6,NaN,NaN,NaN,NaN,NaN,NaN,NaN,NaN
7,NaN,NaN,NaN,NaN,NaN,NaN,NaN,NaN
8,NaN,NaN,NaN,NaN,NaN,NaN,NaN,NaN
9,NaN,NaN,NaN,NaN,NaN,NaN,NaN,NaN
10,NaN,NaN,NaN,NaN,NaN,NaN,NaN,NaN
11,NaN,NaN,NaN,NaN,NaN,NaN,NaN,NaN
1,NaN,NaN,NaN,NaN,NaN,NaN,NaN,NaN
2,NaN,NaN,NaN,NaN,NaN,NaN,NaN,NaN
3,NaN,NaN,NaN,NaN,NaN,NaN,NaN,NaN
4,NaN,NaN,NaN,NaN,NaN,NaN,NaN,NaN
5,NaN,NaN,NaN,NaN,NaN,NaN,NaN,NaN
6,NaN,NaN,NaN,NaN,NaN,NaN,NaN,NaN
7,NaN,NaN,NaN,NaN,NaN,NaN,NaN,NaN
8,NaN,NaN,NaN,NaN,NaN,NaN,NaN,NaN
9,NaN,NaN,NaN,NaN,NaN,NaN,NaN,NaN
10,NaN,NaN,NaN,NaN,NaN,NaN,NaN,NaN
11,NaN,NaN,NaN,NaN,NaN,NaN,NaN,NaN
1,NaN,NaN,NaN,NaN,NaN,NaN,NaN,NaN
2,NaN,NaN,NaN,NaN,NaN,NaN,NaN,NaN
3,NaN,NaN,NaN,NaN,NaN,NaN,NaN,NaN
4,NaN,NaN,NaN,NaN,NaN,NaN,NaN,NaN
5,NaN,NaN,NaN,NaN,NaN,NaN,NaN,NaN
6,NaN,NaN,NaN,NaN,NaN,NaN,NaN,NaN
7,NaN,NaN,NaN,NaN,NaN,NaN,NaN,NaN
8,NaN,NaN,NaN,NaN,NaN,NaN,NaN,NaN
9,NaN,NaN,NaN,NaN,NaN,NaN,NaN,NaN
10,NaN,NaN,NaN,NaN,NaN,NaN,NaN,NaN
11,NaN,NaN,NaN,NaN,NaN,NaN,NaN,NaN
1,NaN,NaN,NaN,NaN,NaN,NaN,NaN,NaN
2,NaN,NaN,NaN,NaN,NaN,NaN,NaN,NaN
3,NaN,NaN,NaN,NaN,NaN,NaN,NaN,NaN
4,NaN,NaN,NaN,NaN,NaN,NaN,NaN,NaN
5,NaN,NaN,NaN,NaN,NaN,NaN,NaN,NaN
6,NaN,NaN,NaN,NaN,NaN,NaN,NaN,NaN
7,NaN,NaN,NaN,NaN,NaN,NaN,NaN,NaN
8,NaN,NaN,NaN,NaN,NaN,NaN,NaN,NaN
9,NaN,NaN,NaN,NaN,NaN,NaN,NaN,NaN
10,NaN,NaN,NaN,NaN,NaN,NaN,NaN,NaN
11,NaN,NaN,NaN,NaN,NaN,NaN,NaN,NaN
1,NaN,NaN,NaN,NaN,NaN,NaN,NaN,NaN
2,NaN,NaN,NaN,NaN,NaN,NaN,NaN,NaN
3,NaN,NaN,NaN,NaN,NaN,NaN,NaN,NaN
4,NaN,NaN,NaN,NaN,NaN,NaN,NaN,NaN
5,NaN,NaN,NaN,NaN,NaN,NaN,NaN,NaN
6,NaN,NaN,NaN,NaN,NaN,NaN,NaN,NaN
7,NaN,NaN,NaN,NaN,NaN,NaN,NaN,NaN
8,NaN,NaN,NaN,NaN,NaN,NaN,NaN,NaN
9,NaN,NaN,NaN,NaN,NaN,NaN,NaN,NaN
10,NaN,NaN,NaN,NaN,NaN,NaN,NaN,NaN
11,NaN,NaN,NaN,NaN,NaN,NaN,NaN,NaN
1,NaN,NaN,NaN,NaN,NaN,NaN,NaN,NaN
2,NaN,NaN,NaN,NaN,NaN,NaN,NaN,NaN
3,NaN,NaN,NaN,NaN,NaN,NaN,NaN,NaN
4,NaN,NaN,NaN,NaN,NaN,NaN,NaN,NaN
5,NaN,NaN,NaN,NaN,NaN,NaN,NaN,NaN
6,NaN,NaN,NaN,NaN,NaN,NaN,NaN,NaN
7,NaN,NaN,NaN,NaN,NaN,NaN,NaN,NaN
8,NaN,NaN,NaN,NaN,NaN,NaN,NaN,NaN
9,NaN,NaN,NaN,NaN,NaN,NaN,NaN,NaN
10,NaN,NaN,NaN,NaN,NaN,NaN,NaN,NaN
11,NaN,NaN,NaN,NaN,NaN,NaN,NaN,NaN
1,NaN,NaN,NaN,NaN,NaN,NaN,NaN,NaN
2,NaN,NaN,NaN,NaN,NaN,NaN,NaN,NaN
3,NaN,NaN,NaN,NaN,NaN,NaN,NaN,NaN
4,NaN,NaN,NaN,NaN,NaN,NaN,NaN,NaN
5,NaN,NaN,NaN,NaN,NaN,NaN,NaN,NaN
6,NaN,NaN,NaN,NaN,NaN,NaN,NaN,NaN
7,NaN,NaN,NaN,NaN,NaN,NaN,NaN,NaN
8,NaN,NaN,NaN,NaN,NaN,NaN,NaN,NaN
9,NaN,NaN,NaN,NaN,NaN,NaN,NaN,NaN
10,NaN,NaN,NaN,NaN,NaN,NaN,NaN,NaN
11,NaN,NaN,NaN,NaN,NaN,NaN,NaN,NaN
1,NaN,NaN,NaN,NaN,NaN,NaN,NaN,NaN
2,NaN,NaN,NaN,NaN,NaN,NaN,NaN,NaN
3,NaN,NaN,NaN,NaN,NaN,NaN,NaN,NaN
4,NaN,NaN,NaN,NaN,NaN,NaN,NaN,NaN
5,NaN,NaN,NaN,NaN,NaN,NaN,NaN,NaN
6,NaN,NaN,NaN,NaN,NaN,NaN,NaN,NaN
7,NaN,NaN,NaN,NaN,NaN,NaN,NaN,NaN
8,NaN,NaN,NaN,NaN,NaN,NaN,NaN,NaN
9,NaN,NaN,NaN,NaN,NaN,NaN,NaN,NaN
10,NaN,NaN,NaN,NaN,NaN,NaN,NaN,NaN
11,NaN,NaN,NaN,NaN,NaN,NaN,NaN,NaN
1,NaN,NaN,NaN,NaN,NaN,NaN,NaN,NaN
2,NaN,NaN,NaN,NaN,NaN,NaN,NaN,NaN
3,NaN,NaN,NaN,NaN,NaN,NaN,NaN,NaN
4,NaN,NaN,NaN,NaN,NaN,NaN,NaN,NaN
5,NaN,NaN,NaN,NaN,NaN,NaN,NaN,NaN
6,NaN,NaN,NaN,NaN,NaN,NaN,NaN,NaN
7,NaN,NaN,NaN,NaN,NaN,NaN,NaN,NaN
8,NaN,NaN,NaN,NaN,NaN,NaN,NaN,NaN
9,NaN,NaN,NaN,NaN,NaN,NaN,NaN,NaN
10,NaN,NaN,NaN,NaN,NaN,NaN,NaN,NaN
11,NaN,NaN,NaN,NaN,NaN,NaN,NaN,NaN
1,NaN,NaN,NaN,NaN,NaN,NaN,NaN,NaN
2,NaN,NaN,NaN,NaN,NaN,NaN,NaN,NaN
3,NaN,NaN,NaN,NaN,NaN,NaN,NaN,NaN
4,NaN,NaN,NaN,NaN,NaN,NaN,NaN,NaN
5,NaN,NaN,NaN,NaN,NaN,NaN,NaN,NaN
6,NaN,NaN,NaN,NaN,NaN,NaN,NaN,NaN
7,NaN,NaN,NaN,NaN,NaN,NaN,NaN,NaN
8,NaN,NaN,NaN,NaN,NaN,NaN,NaN,NaN
9,NaN,NaN,NaN,NaN,NaN,NaN,NaN,NaN
10,NaN,NaN,NaN,NaN,NaN,NaN,NaN,NaN
11,NaN,NaN,NaN,NaN,NaN,NaN,NaN,NaN
1,NaN,NaN,NaN,NaN,NaN,NaN,NaN,NaN
2,NaN,NaN,NaN,NaN,NaN,NaN,NaN,NaN
3,NaN,NaN,NaN,NaN,NaN,NaN,NaN,NaN
4,NaN,NaN,NaN,NaN,NaN,NaN,NaN,NaN
5,NaN,NaN,NaN,NaN,NaN,NaN,NaN,NaN
6,NaN,NaN,NaN,NaN,NaN,NaN,NaN,NaN
7,NaN,NaN,NaN,NaN,NaN,NaN,NaN,NaN
8,NaN,NaN,NaN,NaN,NaN,NaN,NaN,NaN
9,NaN,NaN,NaN,NaN,NaN,NaN,NaN,NaN
10,NaN,NaN,NaN,NaN,NaN,NaN,NaN,NaN
11,NaN,NaN,NaN,NaN,NaN,NaN,NaN,NaN
1,NaN,NaN,NaN,NaN,NaN,NaN,NaN,NaN
2,NaN,NaN,NaN,NaN,NaN,NaN,NaN,NaN
3,NaN,NaN,NaN,NaN,NaN,NaN,NaN,NaN
4,NaN,NaN,NaN,NaN,NaN,NaN,NaN,NaN
5,NaN,NaN,NaN,NaN,NaN,NaN,NaN,NaN
6,NaN,NaN,NaN,NaN,NaN,NaN,NaN,NaN
7,NaN,NaN,NaN,NaN,NaN,NaN,NaN,NaN
8,NaN,NaN,NaN,NaN,NaN,NaN,NaN,NaN
9,NaN,NaN,NaN,NaN,NaN,NaN,NaN,NaN
10,NaN,NaN,NaN,NaN,NaN,NaN,NaN,NaN
11,NaN,NaN,NaN,NaN,NaN,NaN,NaN,NaN
1,NaN,NaN,NaN,NaN,NaN,NaN,NaN,NaN
2,NaN,NaN,NaN,NaN,NaN,NaN,NaN,NaN
3,NaN,NaN,NaN,NaN,NaN,NaN,NaN,NaN
4,NaN,NaN,NaN,NaN,NaN,NaN,NaN,NaN
5,NaN,NaN,NaN,NaN,NaN,NaN,NaN,NaN
6,NaN,NaN,NaN,NaN,NaN,NaN,NaN,NaN
7,NaN,NaN,NaN,NaN,NaN,NaN,NaN,NaN
8,NaN,NaN,NaN,NaN,NaN,NaN,NaN,NaN
9,NaN,NaN,NaN,NaN,NaN,NaN,NaN,NaN
10,NaN,NaN,NaN,NaN,NaN,NaN,NaN,NaN
11,NaN,NaN,NaN,NaN,NaN,NaN,NaN,NaN
1,NaN,NaN,NaN,NaN,NaN,NaN,NaN,NaN
2,NaN,NaN,NaN,NaN,NaN,NaN,NaN,NaN
3,NaN,NaN,NaN,NaN,NaN,NaN,NaN,NaN
4,NaN,NaN,NaN,NaN,NaN,NaN,NaN,NaN
5,NaN,NaN,NaN,NaN,NaN,NaN,NaN,NaN
6,NaN,NaN,NaN,NaN,NaN,NaN,NaN,NaN
7,NaN,NaN,NaN,NaN,NaN,NaN,NaN,NaN
8,NaN,NaN,NaN,NaN,NaN,NaN,NaN,NaN
9,NaN,NaN,NaN,NaN,NaN,NaN,NaN,NaN
10,NaN,NaN,NaN,NaN,NaN,NaN,NaN,NaN
11,NaN,NaN,NaN,NaN,NaN,NaN,NaN,NaN
1,NaN,NaN,NaN,NaN,NaN,NaN,NaN,NaN
2,NaN,NaN,NaN,NaN,NaN,NaN,NaN,NaN
3,NaN,NaN,NaN,NaN,NaN,NaN,NaN,NaN
4,NaN,NaN,NaN,NaN,NaN,NaN,NaN,NaN
5,NaN,NaN,NaN,NaN,NaN,NaN,NaN,NaN
6,NaN,NaN,NaN,NaN,NaN,NaN,NaN,NaN
7,NaN,NaN,NaN,NaN,NaN,NaN,NaN,NaN
8,NaN,NaN,NaN,NaN,NaN,NaN,NaN,NaN
9,NaN,NaN,NaN,NaN,NaN,NaN,NaN,NaN
10,NaN,NaN,NaN,NaN,NaN,NaN,NaN,NaN
11,NaN,NaN,NaN,NaN,NaN,NaN,NaN,NaN
1,NaN,NaN,NaN,NaN,NaN,NaN,NaN,NaN
2,NaN,NaN,NaN,NaN,NaN,NaN,NaN,NaN
3,NaN,NaN,NaN,NaN,NaN,NaN,NaN,NaN
4,NaN,NaN,NaN,NaN,NaN,NaN,NaN,NaN
5,NaN,NaN,NaN,NaN,NaN,NaN,NaN,NaN
6,NaN,NaN,NaN,NaN,NaN,NaN,NaN,NaN
7,NaN,NaN,NaN,NaN,NaN,NaN,NaN,NaN
8,NaN,NaN,NaN,NaN,NaN,NaN,NaN,NaN
9,NaN,NaN,NaN,NaN,NaN,NaN,NaN,NaN
10,NaN,NaN,NaN,NaN,NaN,NaN,NaN,NaN
11,NaN,NaN,NaN,NaN,NaN,NaN,NaN,NaN
1,NaN,NaN,NaN,NaN,NaN,NaN,NaN,NaN
2,NaN,NaN,NaN,NaN,NaN,NaN,NaN,NaN
3,NaN,NaN,NaN,NaN,NaN,NaN,NaN,NaN
4,NaN,NaN,NaN,NaN,NaN,NaN,NaN,NaN
5,NaN,NaN,NaN,NaN,NaN,NaN,NaN,NaN
6,NaN,NaN,NaN,NaN,NaN,NaN,NaN,NaN
7,NaN,NaN,NaN,NaN,NaN,NaN,NaN,NaN
8,NaN,NaN,NaN,NaN,NaN,NaN,NaN,NaN
9,NaN,NaN,NaN,NaN,NaN,NaN,NaN,NaN
10,NaN,NaN,NaN,NaN,NaN,NaN,NaN,NaN
11,NaN,NaN,NaN,NaN,NaN,NaN,NaN,NaN
1,NaN,NaN,NaN,NaN,NaN,NaN,NaN,NaN
2,NaN,NaN,NaN,NaN,NaN,NaN,NaN,NaN
3,NaN,NaN,NaN,NaN,NaN,NaN,NaN,NaN
4,NaN,NaN,NaN,NaN,NaN,NaN,NaN,NaN
5,NaN,NaN,NaN,NaN,NaN,NaN,NaN,NaN
6,NaN,NaN,NaN,NaN,NaN,NaN,NaN,NaN
7,NaN,NaN,NaN,NaN,NaN,NaN,NaN,NaN
8,NaN,NaN,NaN,NaN,NaN,NaN,NaN,NaN
9,NaN,NaN,NaN,NaN,NaN,NaN,NaN,NaN
10,NaN,NaN,NaN,NaN,NaN,NaN,NaN,NaN
11,NaN,NaN,NaN,NaN,NaN,NaN,NaN,NaN
1,NaN,NaN,NaN,NaN,NaN,NaN,NaN,NaN
2,NaN,NaN,NaN,NaN,NaN,NaN,NaN,NaN
3,NaN,NaN,NaN,NaN,NaN,NaN,NaN,NaN
4,NaN,NaN,NaN,NaN,NaN,NaN,NaN,NaN
5,NaN,NaN,NaN,NaN,NaN,NaN,NaN,NaN
6,NaN,NaN,NaN,NaN,NaN,NaN,NaN,NaN
7,NaN,NaN,NaN,NaN,NaN,NaN,NaN,NaN
8,NaN,NaN,NaN,NaN,NaN,NaN,NaN,NaN
9,NaN,NaN,NaN,NaN,NaN,NaN,NaN,NaN
10,NaN,NaN,NaN,NaN,NaN,NaN,NaN,NaN
11,NaN,NaN,NaN,NaN,NaN,NaN,NaN,NaN
1,NaN,NaN,NaN,NaN,NaN,NaN,NaN,NaN
2,NaN,NaN,NaN,NaN,NaN,NaN,NaN,NaN
3,NaN,NaN,NaN,NaN,NaN,NaN,NaN,NaN
4,NaN,NaN,NaN,NaN,NaN,NaN,NaN,NaN
5,NaN,NaN,NaN,NaN,NaN,NaN,NaN,NaN
6,NaN,NaN,NaN,NaN,NaN,NaN,NaN,NaN
7,NaN,NaN,NaN,NaN,NaN,NaN,NaN,NaN
8,NaN,NaN,NaN,NaN,NaN,NaN,NaN,NaN
9,NaN,NaN,NaN,NaN,NaN,NaN,NaN,NaN
10,NaN,NaN,NaN,NaN,NaN,NaN,NaN,NaN
11,NaN,NaN,NaN,NaN,NaN,NaN,NaN,NaN
1,NaN,NaN,NaN,NaN,NaN,NaN,NaN,NaN
2,NaN,NaN,NaN,NaN,NaN,NaN,NaN,NaN
3,NaN,NaN,NaN,NaN,NaN,NaN,NaN,NaN
4,NaN,NaN,NaN,NaN,NaN,NaN,NaN,NaN
5,NaN,NaN,NaN,NaN,NaN,NaN,NaN,NaN
6,NaN,NaN,NaN,NaN,NaN,NaN,NaN,NaN
7,NaN,NaN,NaN,NaN,NaN,NaN,NaN,NaN
8,NaN,NaN,NaN,NaN,NaN,NaN,NaN,NaN
9,NaN,NaN,NaN,NaN,NaN,NaN,NaN,NaN
10,NaN,NaN,NaN,NaN,NaN,NaN,NaN,NaN
11,NaN,NaN,NaN,NaN,NaN,NaN,NaN,NaN
1,NaN,NaN,NaN,NaN,NaN,NaN,NaN,NaN
2,NaN,NaN,NaN,NaN,NaN,NaN,NaN,NaN
3,NaN,NaN,NaN,NaN,NaN,NaN,NaN,NaN
4,NaN,NaN,NaN,NaN,NaN,NaN,NaN,NaN
5,NaN,NaN,NaN,NaN,NaN,NaN,NaN,NaN
6,NaN,NaN,NaN,NaN,NaN,NaN,NaN,NaN
7,NaN,NaN,NaN,NaN,NaN,NaN,NaN,NaN
8,NaN,NaN,NaN,NaN,NaN,NaN,NaN,NaN
9,NaN,NaN,NaN,NaN,NaN,NaN,NaN,NaN
10,NaN,NaN,NaN,NaN,NaN,NaN,NaN,NaN
11,NaN,NaN,NaN,NaN,NaN,NaN,NaN,NaN
1,NaN,NaN,NaN,NaN,NaN,NaN,NaN,NaN
2,NaN,NaN,NaN,NaN,NaN,NaN,NaN,NaN
3,NaN,NaN,NaN,NaN,NaN,NaN,NaN,NaN
4,NaN,NaN,NaN,NaN,NaN,NaN,NaN,NaN
5,NaN,NaN,NaN,NaN,NaN,NaN,NaN,NaN
6,NaN,NaN,NaN,NaN,NaN,NaN,NaN,NaN
7,NaN,NaN,NaN,NaN,NaN,NaN,NaN,NaN
8,NaN,NaN,NaN,NaN,NaN,NaN,NaN,NaN
9,NaN,NaN,NaN,NaN,NaN,NaN,NaN,NaN
10,NaN,NaN,NaN,NaN,NaN,NaN,NaN,NaN
11,NaN,NaN,NaN,NaN,NaN,NaN,NaN,NaN
1,NaN,NaN,NaN,NaN,NaN,NaN,NaN,NaN
2,NaN,NaN,NaN,NaN,NaN,NaN,NaN,NaN
3,NaN,NaN,NaN,NaN,NaN,NaN,NaN,NaN
4,NaN,NaN,NaN,NaN,NaN,NaN,NaN,NaN
5,NaN,NaN,NaN,NaN,NaN,NaN,NaN,NaN
6,NaN,NaN,NaN,NaN,NaN,NaN,NaN,NaN
7,NaN,NaN,NaN,NaN,NaN,NaN,NaN,NaN
8,NaN,NaN,NaN,NaN,NaN,NaN,NaN,NaN
9,NaN,NaN,NaN,NaN,NaN,NaN,NaN,NaN
10,NaN,NaN,NaN,NaN,NaN,NaN,NaN,NaN
11,NaN,NaN,NaN,NaN,NaN,NaN,NaN,NaN
1,NaN,NaN,NaN,NaN,NaN,NaN,NaN,NaN
2,NaN,NaN,NaN,NaN,NaN,NaN,NaN,NaN
3,NaN,NaN,NaN,NaN,NaN,NaN,NaN,NaN
4,NaN,NaN,NaN,NaN,NaN,NaN,NaN,NaN
5,NaN,NaN,NaN,NaN,NaN,NaN,NaN,NaN
6,NaN,NaN,NaN,NaN,NaN,NaN,NaN,NaN
7,NaN,NaN,NaN,NaN,NaN,NaN,NaN,NaN
8,NaN,NaN,NaN,NaN,NaN,NaN,NaN,NaN
9,NaN,NaN,NaN,NaN,NaN,NaN,NaN,NaN
10,NaN,NaN,NaN,NaN,NaN,NaN,NaN,NaN
11,NaN,NaN,NaN,NaN,NaN,NaN,NaN,NaN
1,NaN,NaN,NaN,NaN,NaN,NaN,NaN,NaN
2,NaN,NaN,NaN,NaN,NaN,NaN,NaN,NaN
3,NaN,NaN,NaN,NaN,NaN,NaN,NaN,NaN
4,NaN,NaN,NaN,NaN,NaN,NaN,NaN,NaN
5,NaN,NaN,NaN,NaN,NaN,NaN,NaN,NaN
6,NaN,NaN,NaN,NaN,NaN,NaN,NaN,NaN
7,NaN,NaN,NaN,NaN,NaN,NaN,NaN,NaN
8,NaN,NaN,NaN,NaN,NaN,NaN,NaN,NaN
9,NaN,NaN,NaN,NaN,NaN,NaN,NaN,NaN
10,NaN,NaN,NaN,NaN,NaN,NaN,NaN,NaN
11,NaN,NaN,NaN,NaN,NaN,NaN,NaN,NaN
1,NaN,NaN,NaN,NaN,NaN,NaN,NaN,NaN
2,NaN,NaN,NaN,NaN,NaN,NaN,NaN,NaN
3,NaN,NaN,NaN,NaN,NaN,NaN,NaN,NaN
4,NaN,NaN,NaN,NaN,NaN,NaN,NaN,NaN
5,NaN,NaN,NaN,NaN,NaN,NaN,NaN,NaN
6,NaN,NaN,NaN,NaN,NaN,NaN,NaN,NaN
7,NaN,NaN,NaN,NaN,NaN,NaN,NaN,NaN
8,NaN,NaN,NaN,NaN,NaN,NaN,NaN,NaN
9,NaN,NaN,NaN,NaN,NaN,NaN,NaN,NaN
10,NaN,NaN,NaN,NaN,NaN,NaN,NaN,NaN
11,NaN,NaN,NaN,NaN,NaN,NaN,NaN,NaN
1,NaN,NaN,NaN,NaN,NaN,NaN,NaN,NaN
2,NaN,NaN,NaN,NaN,NaN,NaN,NaN,NaN
3,NaN,NaN,NaN,NaN,NaN,NaN,NaN,NaN
4,NaN,NaN,NaN,NaN,NaN,NaN,NaN,NaN
5,NaN,NaN,NaN,NaN,NaN,NaN,NaN,NaN
6,NaN,NaN,NaN,NaN,NaN,NaN,NaN,NaN
7,NaN,NaN,NaN,NaN,NaN,NaN,NaN,NaN
8,NaN,NaN,NaN,NaN,NaN,NaN,NaN,NaN
9,NaN,NaN,NaN,NaN,NaN,NaN,NaN,NaN
10,NaN,NaN,NaN,NaN,NaN,NaN,NaN,NaN
11,NaN,NaN,NaN,NaN,NaN,NaN,NaN,NaN
1,NaN,NaN,NaN,NaN,NaN,NaN,NaN,NaN
2,NaN,NaN,NaN,NaN,NaN,NaN,NaN,NaN
3,NaN,NaN,NaN,NaN,NaN,NaN,NaN,NaN
4,NaN,NaN,NaN,NaN,NaN,NaN,NaN,NaN
5,NaN,NaN,NaN,NaN,NaN,NaN,NaN,NaN
6,NaN,NaN,NaN,NaN,NaN,NaN,NaN,NaN
7,NaN,NaN,NaN,NaN,NaN,NaN,NaN,NaN
8,NaN,NaN,NaN,NaN,NaN,NaN,NaN,NaN
9,NaN,NaN,NaN,NaN,NaN,NaN,NaN,NaN
10,NaN,NaN,NaN,NaN,NaN,NaN,NaN,NaN
11,NaN,NaN,NaN,NaN,NaN,NaN,NaN,NaN
1,NaN,NaN,NaN,NaN,NaN,NaN,NaN,NaN
2,NaN,NaN,NaN,NaN,NaN,NaN,NaN,NaN
3,NaN,NaN,NaN,NaN,NaN,NaN,NaN,NaN
4,NaN,NaN,NaN,NaN,NaN,NaN,NaN,NaN
5,NaN,NaN,NaN,NaN,NaN,NaN,NaN,NaN
6,NaN,NaN,NaN,NaN,NaN,NaN,NaN,NaN
7,NaN,NaN,NaN,NaN,NaN,NaN,NaN,NaN
8,NaN,NaN,NaN,NaN,NaN,NaN,NaN,NaN
9,NaN,NaN,NaN,NaN,NaN,NaN,NaN,NaN
10,NaN,NaN,NaN,NaN,NaN,NaN,NaN,NaN
11,NaN,NaN,NaN,NaN,NaN,NaN,NaN,NaN
1,NaN,NaN,NaN,NaN,NaN,NaN,NaN,NaN
2,NaN,NaN,NaN,NaN,NaN,NaN,NaN,NaN
3,NaN,NaN,NaN,NaN,NaN,NaN,NaN,NaN
4,NaN,NaN,NaN,NaN,NaN,NaN,NaN,NaN
5,NaN,NaN,NaN,NaN,NaN,NaN,NaN,NaN
6,NaN,NaN,NaN,NaN,NaN,NaN,NaN,NaN
7,NaN,NaN,NaN,NaN,NaN,NaN,NaN,NaN
8,NaN,NaN,NaN,NaN,NaN,NaN,NaN,NaN
9,NaN,NaN,NaN,NaN,NaN,NaN,NaN,NaN
10,NaN,NaN,NaN,NaN,NaN,NaN,NaN,NaN
11,NaN,NaN,NaN,NaN,NaN,NaN,NaN,NaN
1,NaN,NaN,NaN,NaN,NaN,NaN,NaN,NaN
2,NaN,NaN,NaN,NaN,NaN,NaN,NaN,NaN
3,NaN,NaN,NaN,NaN,NaN,NaN,NaN,NaN
4,NaN,NaN,NaN,NaN,NaN,NaN,NaN,NaN
5,NaN,NaN,NaN,NaN,NaN,NaN,NaN,NaN
6,NaN,NaN,NaN,NaN,NaN,NaN,NaN,NaN
7,NaN,NaN,NaN,NaN,NaN,NaN,NaN,NaN
8,NaN,NaN,NaN,NaN,NaN,NaN,NaN,NaN
9,NaN,NaN,NaN,NaN,NaN,NaN,NaN,NaN
10,NaN,NaN,NaN,NaN,NaN,NaN,NaN,NaN
11,NaN,NaN,NaN,NaN,NaN,NaN,NaN,NaN
1,NaN,NaN,NaN,NaN,NaN,NaN,NaN,NaN
2,NaN,NaN,NaN,NaN,NaN,NaN,NaN,NaN
3,NaN,NaN,NaN,NaN,NaN,NaN,NaN,NaN
4,NaN,NaN,NaN,NaN,NaN,NaN,NaN,NaN
5,NaN,NaN,NaN,NaN,NaN,NaN,NaN,NaN
6,NaN,NaN,NaN,NaN,NaN,NaN,NaN,NaN
7,NaN,NaN,NaN,NaN,NaN,NaN,NaN,NaN
8,NaN,NaN,NaN,NaN,NaN,NaN,NaN,NaN
9,NaN,NaN,NaN,NaN,NaN,NaN,NaN,NaN
10,NaN,NaN,NaN,NaN,NaN,NaN,NaN,NaN
11,NaN,NaN,NaN,NaN,NaN,NaN,NaN,NaN
1,NaN,NaN,NaN,NaN,NaN,NaN,NaN,NaN
2,NaN,NaN,NaN,NaN,NaN,NaN,NaN,NaN
3,NaN,NaN,NaN,NaN,NaN,NaN,NaN,NaN
4,NaN,NaN,NaN,NaN,NaN,NaN,NaN,NaN
5,NaN,NaN,NaN,NaN,NaN,NaN,NaN,NaN
6,NaN,NaN,NaN,NaN,NaN,NaN,NaN,NaN
7,NaN,NaN,NaN,NaN,NaN,NaN,NaN,NaN
8,NaN,NaN,NaN,NaN,NaN,NaN,NaN,NaN
9,NaN,NaN,NaN,NaN,NaN,NaN,NaN,NaN
10,NaN,NaN,NaN,NaN,NaN,NaN,NaN,NaN
11,NaN,NaN,NaN,NaN,NaN,NaN,NaN,NaN
1,NaN,NaN,NaN,NaN,NaN,NaN,NaN,NaN
2,NaN,NaN,NaN,NaN,NaN,NaN,NaN,NaN
3,NaN,NaN,NaN,NaN,NaN,NaN,NaN,NaN
4,NaN,NaN,NaN,NaN,NaN,NaN,NaN,NaN
5,NaN,NaN,NaN,NaN,NaN,NaN,NaN,NaN
6,NaN,NaN,NaN,NaN,NaN,NaN,NaN,NaN
7,NaN,NaN,NaN,NaN,NaN,NaN,NaN,NaN
8,NaN,NaN,NaN,NaN,NaN,NaN,NaN,NaN
9,NaN,NaN,NaN,NaN,NaN,NaN,NaN,NaN
10,NaN,NaN,NaN,NaN,NaN,NaN,NaN,NaN
11,NaN,NaN,NaN,NaN,NaN,NaN,NaN,NaN
1,NaN,NaN,NaN,NaN,NaN,NaN,NaN,NaN
2,NaN,NaN,NaN,NaN,NaN,NaN,NaN,NaN
3,NaN,NaN,NaN,NaN,NaN,NaN,NaN,NaN
4,NaN,NaN,NaN,NaN,NaN,NaN,NaN,NaN
5,NaN,NaN,NaN,NaN,NaN,NaN,NaN,NaN
6,NaN,NaN,NaN,NaN,NaN,NaN,NaN,NaN
7,NaN,NaN,NaN,NaN,NaN,NaN,NaN,NaN
8,NaN,NaN,NaN,NaN,NaN,NaN,NaN,NaN
9,NaN,NaN,NaN,NaN,NaN,NaN,NaN,NaN
10,NaN,NaN,NaN,NaN,NaN,NaN,NaN,NaN
11,NaN,NaN,NaN,NaN,NaN,NaN,NaN,NaN
1,NaN,NaN,NaN,NaN,NaN,NaN,NaN,NaN
2,NaN,NaN,NaN,NaN,NaN,NaN,NaN,NaN
3,NaN,NaN,NaN,NaN,NaN,NaN,NaN,NaN
4,NaN,NaN,NaN,NaN,NaN,NaN,NaN,NaN
5,NaN,NaN,NaN,NaN,NaN,NaN,NaN,NaN
6,NaN,NaN,NaN,NaN,NaN,NaN,NaN,NaN
7,NaN,NaN,NaN,NaN,NaN,NaN,NaN,NaN
8,NaN,NaN,NaN,NaN,NaN,NaN,NaN,NaN
9,NaN,NaN,NaN,NaN,NaN,NaN,NaN,NaN
10,NaN,NaN,NaN,NaN,NaN,NaN,NaN,NaN
11,NaN,NaN,NaN,NaN,NaN,NaN,NaN,NaN
1,NaN,NaN,NaN,NaN,NaN,NaN,NaN,NaN
2,NaN,NaN,NaN,NaN,NaN,NaN,NaN,NaN
3,NaN,NaN,NaN,NaN,NaN,NaN,NaN,NaN
4,NaN,NaN,NaN,NaN,NaN,NaN,NaN,NaN
5,NaN,NaN,NaN,NaN,NaN,NaN,NaN,NaN
6,NaN,NaN,NaN,NaN,NaN,NaN,NaN,NaN
7,NaN,NaN,NaN,NaN,NaN,NaN,NaN,NaN
8,NaN,NaN,NaN,NaN,NaN,NaN,NaN,NaN
9,NaN,NaN,NaN,NaN,NaN,NaN,NaN,NaN
10,NaN,NaN,NaN,NaN,NaN,NaN,NaN,NaN
11,NaN,NaN,NaN,NaN,NaN,NaN,NaN,NaN
1,NaN,NaN,NaN,NaN,NaN,NaN,NaN,NaN
2,NaN,NaN,NaN,NaN,NaN,NaN,NaN,NaN
3,NaN,NaN,NaN,NaN,NaN,NaN,NaN,NaN
4,NaN,NaN,NaN,NaN,NaN,NaN,NaN,NaN
5,NaN,NaN,NaN,NaN,NaN,NaN,NaN,NaN
6,NaN,NaN,NaN,NaN,NaN,NaN,NaN,NaN
7,NaN,NaN,NaN,NaN,NaN,NaN,NaN,NaN
8,NaN,NaN,NaN,NaN,NaN,NaN,NaN,NaN
9,NaN,NaN,NaN,NaN,NaN,NaN,NaN,NaN
10,NaN,NaN,NaN,NaN,NaN,NaN,NaN,NaN
11,NaN,NaN,NaN,NaN,NaN,NaN,NaN,NaN
1,NaN,NaN,NaN,NaN,NaN,NaN,NaN,NaN
2,NaN,NaN,NaN,NaN,NaN,NaN,NaN,NaN
3,NaN,NaN,NaN,NaN,NaN,NaN,NaN,NaN
4,NaN,NaN,NaN,NaN,NaN,NaN,NaN,NaN
5,NaN,NaN,NaN,NaN,NaN,NaN,NaN,NaN
6,NaN,NaN,NaN,NaN,NaN,NaN,NaN,NaN
7,NaN,NaN,NaN,NaN,NaN,NaN,NaN,NaN
8,NaN,NaN,NaN,NaN,NaN,NaN,NaN,NaN
9,NaN,NaN,NaN,NaN,NaN,NaN,NaN,NaN
10,NaN,NaN,NaN,NaN,NaN,NaN,NaN,NaN
11,NaN,NaN,NaN,NaN,NaN,NaN,NaN,NaN
1,NaN,NaN,NaN,NaN,NaN,NaN,NaN,NaN
2,NaN,NaN,NaN,NaN,NaN,NaN,NaN,NaN
3,NaN,NaN,NaN,NaN,NaN,NaN,NaN,NaN
4,NaN,NaN,NaN,NaN,NaN,NaN,NaN,NaN
5,NaN,NaN,NaN,NaN,NaN,NaN,NaN,NaN
6,NaN,NaN,NaN,NaN,NaN,NaN,NaN,NaN
7,NaN,NaN,NaN,NaN,NaN,NaN,NaN,NaN
8,NaN,NaN,NaN,NaN,NaN,NaN,NaN,NaN
9,NaN,NaN,NaN,NaN,NaN,NaN,NaN,NaN
10,NaN,NaN,NaN,NaN,NaN,NaN,NaN,NaN
11,NaN,NaN,NaN,NaN,NaN,NaN,NaN,NaN
1,NaN,NaN,NaN,NaN,NaN,NaN,NaN,NaN
2,NaN,NaN,NaN,NaN,NaN,NaN,NaN,NaN
3,NaN,NaN,NaN,NaN,NaN,NaN,NaN,NaN
4,NaN,NaN,NaN,NaN,NaN,NaN,NaN,NaN
5,NaN,NaN,NaN,NaN,NaN,NaN,NaN,NaN
6,NaN,NaN,NaN,NaN,NaN,NaN,NaN,NaN
7,NaN,NaN,NaN,NaN,NaN,NaN,NaN,NaN
8,NaN,NaN,NaN,NaN,NaN,NaN,NaN,NaN
9,NaN,NaN,NaN,NaN,NaN,NaN,NaN,NaN
10,NaN,NaN,NaN,NaN,NaN,NaN,NaN,NaN
11,NaN,NaN,NaN,NaN,NaN,NaN,NaN,NaN
1,NaN,NaN,NaN,NaN,NaN,NaN,NaN,NaN
2,NaN,NaN,NaN,NaN,NaN,NaN,NaN,NaN
3,NaN,NaN,NaN,NaN,NaN,NaN,NaN,NaN
4,NaN,NaN,NaN,NaN,NaN,NaN,NaN,NaN
5,NaN,NaN,NaN,NaN,NaN,NaN,NaN,NaN
6,NaN,NaN,NaN,NaN,NaN,NaN,NaN,NaN
7,NaN,NaN,NaN,NaN,NaN,NaN,NaN,NaN
8,NaN,NaN,NaN,NaN,NaN,NaN,NaN,NaN
9,NaN,NaN,NaN,NaN,NaN,NaN,NaN,NaN
10,NaN,NaN,NaN,NaN,NaN,NaN,NaN,NaN
11,NaN,NaN,NaN,NaN,NaN,NaN,NaN,NaN
1,NaN,NaN,NaN,NaN,NaN,NaN,NaN,NaN
2,NaN,NaN,NaN,NaN,NaN,NaN,NaN,NaN
3,NaN,NaN,NaN,NaN,NaN,NaN,NaN,NaN
4,NaN,NaN,NaN,NaN,NaN,NaN,NaN,NaN
5,NaN,NaN,NaN,NaN,NaN,NaN,NaN,NaN
6,NaN,NaN,NaN,NaN,NaN,NaN,NaN,NaN
7,NaN,NaN,NaN,NaN,NaN,NaN,NaN,NaN
8,NaN,NaN,NaN,NaN,NaN,NaN,NaN,NaN
9,NaN,NaN,NaN,NaN,NaN,NaN,NaN,NaN
10,NaN,NaN,NaN,NaN,NaN,NaN,NaN,NaN
11,NaN,NaN,NaN,NaN,NaN,NaN,NaN,NaN
1,NaN,NaN,NaN,NaN,NaN,NaN,NaN,NaN
2,NaN,NaN,NaN,NaN,NaN,NaN,NaN,NaN
3,NaN,NaN,NaN,NaN,NaN,NaN,NaN,NaN
4,NaN,NaN,NaN,NaN,NaN,NaN,NaN,NaN
5,NaN,NaN,NaN,NaN,NaN,NaN,NaN,NaN
6,NaN,NaN,NaN,NaN,NaN,NaN,NaN,NaN
7,NaN,NaN,NaN,NaN,NaN,NaN,NaN,NaN
8,NaN,NaN,NaN,NaN,NaN,NaN,NaN,NaN
9,NaN,NaN,NaN,NaN,NaN,NaN,NaN,NaN
10,NaN,NaN,NaN,NaN,NaN,NaN,NaN,NaN
11,NaN,NaN,NaN,NaN,NaN,NaN,NaN,NaN
1,NaN,NaN,NaN,NaN,NaN,NaN,NaN,NaN
2,NaN,NaN,NaN,NaN,NaN,NaN,NaN,NaN
3,NaN,NaN,NaN,NaN,NaN,NaN,NaN,NaN
4,NaN,NaN,NaN,NaN,NaN,NaN,NaN,NaN
5,NaN,NaN,NaN,NaN,NaN,NaN,NaN,NaN
6,NaN,NaN,NaN,NaN,NaN,NaN,NaN,NaN
7,NaN,NaN,NaN,NaN,NaN,NaN,NaN,NaN
8,NaN,NaN,NaN,NaN,NaN,NaN,NaN,NaN
9,NaN,NaN,NaN,NaN,NaN,NaN,NaN,NaN
10,NaN,NaN,NaN,NaN,NaN,NaN,NaN,NaN
11,NaN,NaN,NaN,NaN,NaN,NaN,NaN,NaN
1,NaN,NaN,NaN,NaN,NaN,NaN,NaN,NaN
2,NaN,NaN,NaN,NaN,NaN,NaN,NaN,NaN
3,NaN,NaN,NaN,NaN,NaN,NaN,NaN,NaN
4,NaN,NaN,NaN,NaN,NaN,NaN,NaN,NaN
5,NaN,NaN,NaN,NaN,NaN,NaN,NaN,NaN
6,NaN,NaN,NaN,NaN,NaN,NaN,NaN,NaN
7,NaN,NaN,NaN,NaN,NaN,NaN,NaN,NaN
8,NaN,NaN,NaN,NaN,NaN,NaN,NaN,NaN
9,NaN,NaN,NaN,NaN,NaN,NaN,NaN,NaN
10,NaN,NaN,NaN,NaN,NaN,NaN,NaN,NaN
11,NaN,NaN,NaN,NaN,NaN,NaN,NaN,NaN
1,NaN,NaN,NaN,NaN,NaN,NaN,NaN,NaN
2,NaN,NaN,NaN,NaN,NaN,NaN,NaN,NaN
3,NaN,NaN,NaN,NaN,NaN,NaN,NaN,NaN
4,NaN,NaN,NaN,NaN,NaN,NaN,NaN,NaN
5,NaN,NaN,NaN,NaN,NaN,NaN,NaN,NaN
6,NaN,NaN,NaN,NaN,NaN,NaN,NaN,NaN
7,NaN,NaN,NaN,NaN,NaN,NaN,NaN,NaN
8,NaN,NaN,NaN,NaN,NaN,NaN,NaN,NaN
9,NaN,NaN,NaN,NaN,NaN,NaN,NaN,NaN
10,NaN,NaN,NaN,NaN,NaN,NaN,NaN,NaN
11,NaN,NaN,NaN,NaN,NaN,NaN,NaN,NaN
1,NaN,NaN,NaN,NaN,NaN,NaN,NaN,NaN
2,NaN,NaN,NaN,NaN,NaN,NaN,NaN,NaN
3,NaN,NaN,NaN,NaN,NaN,NaN,NaN,NaN
4,NaN,NaN,NaN,NaN,NaN,NaN,NaN,NaN
5,NaN,NaN,NaN,NaN,NaN,NaN,NaN,NaN
6,NaN,NaN,NaN,NaN,NaN,NaN,NaN,NaN
7,NaN,NaN,NaN,NaN,NaN,NaN,NaN,NaN
8,NaN,NaN,NaN,NaN,NaN,NaN,NaN,NaN
9,NaN,NaN,NaN,NaN,NaN,NaN,NaN,NaN
10,NaN,NaN,NaN,NaN,NaN,NaN,NaN,NaN
11,NaN,NaN,NaN,NaN,NaN,NaN,NaN,NaN
1,NaN,NaN,NaN,NaN,NaN,NaN,NaN,NaN
2,NaN,NaN,NaN,NaN,NaN,NaN,NaN,NaN
3,NaN,NaN,NaN,NaN,NaN,NaN,NaN,NaN
4,NaN,NaN,NaN,NaN,NaN,NaN,NaN,NaN
5,NaN,NaN,NaN,NaN,NaN,NaN,NaN,NaN
6,NaN,NaN,NaN,NaN,NaN,NaN,NaN,NaN
7,NaN,NaN,NaN,NaN,NaN,NaN,NaN,NaN
8,NaN,NaN,NaN,NaN,NaN,NaN,NaN,NaN
9,NaN,NaN,NaN,NaN,NaN,NaN,NaN,NaN
10,NaN,NaN,NaN,NaN,NaN,NaN,NaN,NaN
11,NaN,NaN,NaN,NaN,NaN,NaN,NaN,NaN
1,NaN,NaN,NaN,NaN,NaN,NaN,NaN,NaN
2,NaN,NaN,NaN,NaN,NaN,NaN,NaN,NaN
3,NaN,NaN,NaN,NaN,NaN,NaN,NaN,NaN
4,NaN,NaN,NaN,NaN,NaN,NaN,NaN,NaN
5,NaN,NaN,NaN,NaN,NaN,NaN,NaN,NaN
6,NaN,NaN,NaN,NaN,NaN,NaN,NaN,NaN
7,NaN,NaN,NaN,NaN,NaN,NaN,NaN,NaN
8,NaN,NaN,NaN,NaN,NaN,NaN,NaN,NaN
9,NaN,NaN,NaN,NaN,NaN,NaN,NaN,NaN
10,NaN,NaN,NaN,NaN,NaN,NaN,NaN,NaN
11,NaN,NaN,NaN,NaN,NaN,NaN,NaN,NaN
1,NaN,NaN,NaN,NaN,NaN,NaN,NaN,NaN
2,NaN,NaN,NaN,NaN,NaN,NaN,NaN,NaN
3,NaN,NaN,NaN,NaN,NaN,NaN,NaN,NaN
4,NaN,NaN,NaN,NaN,NaN,NaN,NaN,NaN
5,NaN,NaN,NaN,NaN,NaN,NaN,NaN,NaN
6,NaN,NaN,NaN,NaN,NaN,NaN,NaN,NaN
7,NaN,NaN,NaN,NaN,NaN,NaN,NaN,NaN
8,NaN,NaN,NaN,NaN,NaN,NaN,NaN,NaN
9,NaN,NaN,NaN,NaN,NaN,NaN,NaN,NaN
10,NaN,NaN,NaN,NaN,NaN,NaN,NaN,NaN
11,NaN,NaN,NaN,NaN,NaN,NaN,NaN,NaN
1,NaN,NaN,NaN,NaN,NaN,NaN,NaN,NaN
2,NaN,NaN,NaN,NaN,NaN,NaN,NaN,NaN
3,NaN,NaN,NaN,NaN,NaN,NaN,NaN,NaN
4,NaN,NaN,NaN,NaN,NaN,NaN,NaN,NaN
5,NaN,NaN,NaN,NaN,NaN,NaN,NaN,NaN
6,NaN,NaN,NaN,NaN,NaN,NaN,NaN,NaN
7,NaN,NaN,NaN,NaN,NaN,NaN,NaN,NaN
8,NaN,NaN,NaN,NaN,NaN,NaN,NaN,NaN
9,NaN,NaN,NaN,NaN,NaN,NaN,NaN,NaN
10,NaN,NaN,NaN,NaN,NaN,NaN,NaN,NaN
11,NaN,NaN,NaN,NaN,NaN,NaN,NaN,NaN
1,NaN,NaN,NaN,NaN,NaN,NaN,NaN,NaN
2,NaN,NaN,NaN,NaN,NaN,NaN,NaN,NaN
3,NaN,NaN,NaN,NaN,NaN,NaN,NaN,NaN
4,NaN,NaN,NaN,NaN,NaN,NaN,NaN,NaN
5,NaN,NaN,NaN,NaN,NaN,NaN,NaN,NaN
6,NaN,NaN,NaN,NaN,NaN,NaN,NaN,NaN
7,NaN,NaN,NaN,NaN,NaN,NaN,NaN,NaN
8,NaN,NaN,NaN,NaN,NaN,NaN,NaN,NaN
9,NaN,NaN,NaN,NaN,NaN,NaN,NaN,NaN
10,NaN,NaN,NaN,NaN,NaN,NaN,NaN,NaN
11,NaN,NaN,NaN,NaN,NaN,NaN,NaN,NaN
1,NaN,NaN,NaN,NaN,NaN,NaN,NaN,NaN
2,NaN,NaN,NaN,NaN,NaN,NaN,NaN,NaN
3,NaN,NaN,NaN,NaN,NaN,NaN,NaN,NaN
4,NaN,NaN,NaN,NaN,NaN,NaN,NaN,NaN
5,NaN,NaN,NaN,NaN,NaN,NaN,NaN,NaN
6,NaN,NaN,NaN,NaN,NaN,NaN,NaN,NaN
7,NaN,NaN,NaN,NaN,NaN,NaN,NaN,NaN
8,NaN,NaN,NaN,NaN,NaN,NaN,NaN,NaN
9,NaN,NaN,NaN,NaN,NaN,NaN,NaN,NaN
10,NaN,NaN,NaN,NaN,NaN,NaN,NaN,NaN
11,NaN,NaN,NaN,NaN,NaN,NaN,NaN,NaN
1,NaN,NaN,NaN,NaN,NaN,NaN,NaN,NaN
2,NaN,NaN,NaN,NaN,NaN,NaN,NaN,NaN
3,NaN,NaN,NaN,NaN,NaN,NaN,NaN,NaN
4,NaN,NaN,NaN,NaN,NaN,NaN,NaN,NaN
5,NaN,NaN,NaN,NaN,NaN,NaN,NaN,NaN
6,NaN,NaN,NaN,NaN,NaN,NaN,NaN,NaN
7,NaN,NaN,NaN,NaN,NaN,NaN,NaN,NaN
8,NaN,NaN,NaN,NaN,NaN,NaN,NaN,NaN
9,NaN,NaN,NaN,NaN,NaN,NaN,NaN,NaN
10,NaN,NaN,NaN,NaN,NaN,NaN,NaN,NaN
11,NaN,NaN,NaN,NaN,NaN,NaN,NaN,NaN
1,NaN,NaN,NaN,NaN,NaN,NaN,NaN,NaN
2,NaN,NaN,NaN,NaN,NaN,NaN,NaN,NaN
3,NaN,NaN,NaN,NaN,NaN,NaN,NaN,NaN
4,NaN,NaN,NaN,NaN,NaN,NaN,NaN,NaN
5,NaN,NaN,NaN,NaN,NaN,NaN,NaN,NaN
6,NaN,NaN,NaN,NaN,NaN,NaN,NaN,NaN
7,NaN,NaN,NaN,NaN,NaN,NaN,NaN,NaN
8,NaN,NaN,NaN,NaN,NaN,NaN,NaN,NaN
9,NaN,NaN,NaN,NaN,NaN,NaN,NaN,NaN
10,NaN,NaN,NaN,NaN,NaN,NaN,NaN,NaN
11,NaN,NaN,NaN,NaN,NaN,NaN,NaN,NaN
1,NaN,NaN,NaN,NaN,NaN,NaN,NaN,NaN
2,NaN,NaN,NaN,NaN,NaN,NaN,NaN,NaN
3,NaN,NaN,NaN,NaN,NaN,NaN,NaN,NaN
4,NaN,NaN,NaN,NaN,NaN,NaN,NaN,NaN
5,NaN,NaN,NaN,NaN,NaN,NaN,NaN,NaN
6,NaN,NaN,NaN,NaN,NaN,NaN,NaN,NaN
7,NaN,NaN,NaN,NaN,NaN,NaN,NaN,NaN
8,NaN,NaN,NaN,NaN,NaN,NaN,NaN,NaN
9,NaN,NaN,NaN,NaN,NaN,NaN,NaN,NaN
10,NaN,NaN,NaN,NaN,NaN,NaN,NaN,NaN
11,NaN,NaN,NaN,NaN,NaN,NaN,NaN,NaN
1,NaN,NaN,NaN,NaN,NaN,NaN,NaN,NaN
2,NaN,NaN,NaN,NaN,NaN,NaN,NaN,NaN
3,NaN,NaN,NaN,NaN,NaN,NaN,NaN,NaN
4,NaN,NaN,NaN,NaN,NaN,NaN,NaN,NaN
5,NaN,NaN,NaN,NaN,NaN,NaN,NaN,NaN
6,NaN,NaN,NaN,NaN,NaN,NaN,NaN,NaN
7,NaN,NaN,NaN,NaN,NaN,NaN,NaN,NaN
8,NaN,NaN,NaN,NaN,NaN,NaN,NaN,NaN
9,NaN,NaN,NaN,NaN,NaN,NaN,NaN,NaN
10,NaN,NaN,NaN,NaN,NaN,NaN,NaN,NaN
11,NaN,NaN,NaN,NaN,NaN,NaN,NaN,NaN
1,NaN,NaN,NaN,NaN,NaN,NaN,NaN,NaN
2,NaN,NaN,NaN,NaN,NaN,NaN,NaN,NaN
3,NaN,NaN,NaN,NaN,NaN,NaN,NaN,NaN
4,NaN,NaN,NaN,NaN,NaN,NaN,NaN,NaN
5,NaN,NaN,NaN,NaN,NaN,NaN,NaN,NaN
6,NaN,NaN,NaN,NaN,NaN,NaN,NaN,NaN
7,NaN,NaN,NaN,NaN,NaN,NaN,NaN,NaN
8,NaN,NaN,NaN,NaN,NaN,NaN,NaN,NaN
9,NaN,NaN,NaN,NaN,NaN,NaN,NaN,NaN
10,NaN,NaN,NaN,NaN,NaN,NaN,NaN,NaN
11,NaN,NaN,NaN,NaN,NaN,NaN,NaN,NaN
1,NaN,NaN,NaN,NaN,NaN,NaN,NaN,NaN
2,NaN,NaN,NaN,NaN,NaN,NaN,NaN,NaN
3,NaN,NaN,NaN,NaN,NaN,NaN,NaN,NaN
4,NaN,NaN,NaN,NaN,NaN,NaN,NaN,NaN
5,NaN,NaN,NaN,NaN,NaN,NaN,NaN,NaN
6,NaN,NaN,NaN,NaN,NaN,NaN,NaN,NaN
7,NaN,NaN,NaN,NaN,NaN,NaN,NaN,NaN
8,NaN,NaN,NaN,NaN,NaN,NaN,NaN,NaN
9,NaN,NaN,NaN,NaN,NaN,NaN,NaN,NaN
10,NaN,NaN,NaN,NaN,NaN,NaN,NaN,NaN
11,NaN,NaN,NaN,NaN,NaN,NaN,NaN,NaN
1,NaN,NaN,NaN,NaN,NaN,NaN,NaN,NaN
2,NaN,NaN,NaN,NaN,NaN,NaN,NaN,NaN
3,NaN,NaN,NaN,NaN,NaN,NaN,NaN,NaN
4,NaN,NaN,NaN,NaN,NaN,NaN,NaN,NaN
5,NaN,NaN,NaN,NaN,NaN,NaN,NaN,NaN
6,NaN,NaN,NaN,NaN,NaN,NaN,NaN,NaN
7,NaN,NaN,NaN,NaN,NaN,NaN,NaN,NaN
8,NaN,NaN,NaN,NaN,NaN,NaN,NaN,NaN
9,NaN,NaN,NaN,NaN,NaN,NaN,NaN,NaN
10,NaN,NaN,NaN,NaN,NaN,NaN,NaN,NaN
11,NaN,NaN,NaN,NaN,NaN,NaN,NaN,NaN
1,NaN,NaN,NaN,NaN,NaN,NaN,NaN,NaN
2,NaN,NaN,NaN,NaN,NaN,NaN,NaN,NaN
3,NaN,NaN,NaN,NaN,NaN,NaN,NaN,NaN
4,NaN,NaN,NaN,NaN,NaN,NaN,NaN,NaN
5,NaN,NaN,NaN,NaN,NaN,NaN,NaN,NaN
6,NaN,NaN,NaN,NaN,NaN,NaN,NaN,NaN
7,NaN,NaN,NaN,NaN,NaN,NaN,NaN,NaN
8,NaN,NaN,NaN,NaN,NaN,NaN,NaN,NaN
9,NaN,NaN,NaN,NaN,NaN,NaN,NaN,NaN
10,NaN,NaN,NaN,NaN,NaN,NaN,NaN,NaN
11,NaN,NaN,NaN,NaN,NaN,NaN,NaN,NaN
1,NaN,NaN,NaN,NaN,NaN,NaN,NaN,NaN
2,NaN,NaN,NaN,NaN,NaN,NaN,NaN,NaN
3,NaN,NaN,NaN,NaN,NaN,NaN,NaN,NaN
4,NaN,NaN,NaN,NaN,NaN,NaN,NaN,NaN
5,NaN,NaN,NaN,NaN,NaN,NaN,NaN,NaN
6,NaN,NaN,NaN,NaN,NaN,NaN,NaN,NaN
7,NaN,NaN,NaN,NaN,NaN,NaN,NaN,NaN
8,NaN,NaN,NaN,NaN,NaN,NaN,NaN,NaN
9,NaN,NaN,NaN,NaN,NaN,NaN,NaN,NaN
10,NaN,NaN,NaN,NaN,NaN,NaN,NaN,NaN
11,NaN,NaN,NaN,NaN,NaN,NaN,NaN,NaN
1,NaN,NaN,NaN,NaN,NaN,NaN,NaN,NaN
2,NaN,NaN,NaN,NaN,NaN,NaN,NaN,NaN
3,NaN,NaN,NaN,NaN,NaN,NaN,NaN,NaN
4,NaN,NaN,NaN,NaN,NaN,NaN,NaN,NaN
5,NaN,NaN,NaN,NaN,NaN,NaN,NaN,NaN
6,NaN,NaN,NaN,NaN,NaN,NaN,NaN,NaN
7,NaN,NaN,NaN,NaN,NaN,NaN,NaN,NaN
8,NaN,NaN,NaN,NaN,NaN,NaN,NaN,NaN
9,NaN,NaN,NaN,NaN,NaN,NaN,NaN,NaN
10,NaN,NaN,NaN,NaN,NaN,NaN,NaN,NaN
11,NaN,NaN,NaN,NaN,NaN,NaN,NaN,NaN
1,NaN,NaN,NaN,NaN,NaN,NaN,NaN,NaN
2,NaN,NaN,NaN,NaN,NaN,NaN,NaN,NaN
3,NaN,NaN,NaN,NaN,NaN,NaN,NaN,NaN
4,NaN,NaN,NaN,NaN,NaN,NaN,NaN,NaN
5,NaN,NaN,NaN,NaN,NaN,NaN,NaN,NaN
6,NaN,NaN,NaN,NaN,NaN,NaN,NaN,NaN
7,NaN,NaN,NaN,NaN,NaN,NaN,NaN,NaN
8,NaN,NaN,NaN,NaN,NaN,NaN,NaN,NaN
9,NaN,NaN,NaN,NaN,NaN,NaN,NaN,NaN
10,NaN,NaN,NaN,NaN,NaN,NaN,NaN,NaN
11,NaN,NaN,NaN,NaN,NaN,NaN,NaN,NaN
1,NaN,NaN,NaN,NaN,NaN,NaN,NaN,NaN
2,NaN,NaN,NaN,NaN,NaN,NaN,NaN,NaN
3,NaN,NaN,NaN,NaN,NaN,NaN,NaN,NaN
4,NaN,NaN,NaN,NaN,NaN,NaN,NaN,NaN
5,NaN,NaN,NaN,NaN,NaN,NaN,NaN,NaN
6,NaN,NaN,NaN,NaN,NaN,NaN,NaN,NaN
7,NaN,NaN,NaN,NaN,NaN,NaN,NaN,NaN
8,NaN,NaN,NaN,NaN,NaN,NaN,NaN,NaN
9,NaN,NaN,NaN,NaN,NaN,NaN,NaN,NaN
10,NaN,NaN,NaN,NaN,NaN,NaN,NaN,NaN
11,NaN,NaN,NaN,NaN,NaN,NaN,NaN,NaN
1,NaN,NaN,NaN,NaN,NaN,NaN,NaN,NaN
2,NaN,NaN,NaN,NaN,NaN,NaN,NaN,NaN
3,NaN,NaN,NaN,NaN,NaN,NaN,NaN,NaN
4,NaN,NaN,NaN,NaN,NaN,NaN,NaN,NaN
5,NaN,NaN,NaN,NaN,NaN,NaN,NaN,NaN
6,NaN,NaN,NaN,NaN,NaN,NaN,NaN,NaN
7,NaN,NaN,NaN,NaN,NaN,NaN,NaN,NaN
8,NaN,NaN,NaN,NaN,NaN,NaN,NaN,NaN
9,NaN,NaN,NaN,NaN,NaN,NaN,NaN,NaN
10,NaN,NaN,NaN,NaN,NaN,NaN,NaN,NaN
11,NaN,NaN,NaN,NaN,NaN,NaN,NaN,NaN
1,NaN,NaN,NaN,NaN,NaN,NaN,NaN,NaN
2,NaN,NaN,NaN,NaN,NaN,NaN,NaN,NaN
3,NaN,NaN,NaN,NaN,NaN,NaN,NaN,NaN
4,NaN,NaN,NaN,NaN,NaN,NaN,NaN,NaN
5,NaN,NaN,NaN,NaN,NaN,NaN,NaN,NaN
6,NaN,NaN,NaN,NaN,NaN,NaN,NaN,NaN
7,NaN,NaN,NaN,NaN,NaN,NaN,NaN,NaN
8,NaN,NaN,NaN,NaN,NaN,NaN,NaN,NaN
9,NaN,NaN,NaN,NaN,NaN,NaN,NaN,NaN
10,NaN,NaN,NaN,NaN,NaN,NaN,NaN,NaN
11,NaN,NaN,NaN,NaN,NaN,NaN,NaN,NaN
1,NaN,NaN,NaN,NaN,NaN,NaN,NaN,NaN
2,NaN,NaN,NaN,NaN,NaN,NaN,NaN,NaN
3,NaN,NaN,NaN,NaN,NaN,NaN,NaN,NaN
4,NaN,NaN,NaN,NaN,NaN,NaN,NaN,NaN
5,NaN,NaN,NaN,NaN,NaN,NaN,NaN,NaN
6,NaN,NaN,NaN,NaN,NaN,NaN,NaN,NaN
7,NaN,NaN,NaN,NaN,NaN,NaN,NaN,NaN
8,NaN,NaN,NaN,NaN,NaN,NaN,NaN,NaN
9,NaN,NaN,NaN,NaN,NaN,NaN,NaN,NaN
10,NaN,NaN,NaN,NaN,NaN,NaN,NaN,NaN
11,NaN,NaN,NaN,NaN,NaN,NaN,NaN,NaN
1,NaN,NaN,NaN,NaN,NaN,NaN,NaN,NaN
2,NaN,NaN,NaN,NaN,NaN,NaN,NaN,NaN
3,NaN,NaN,NaN,NaN,NaN,NaN,NaN,NaN
4,NaN,NaN,NaN,NaN,NaN,NaN,NaN,NaN
5,NaN,NaN,NaN,NaN,NaN,NaN,NaN,NaN
6,NaN,NaN,NaN,NaN,NaN,NaN,NaN,NaN
7,NaN,NaN,NaN,NaN,NaN,NaN,NaN,NaN
8,NaN,NaN,NaN,NaN,NaN,NaN,NaN,NaN
9,NaN,NaN,NaN,NaN,NaN,NaN,NaN,NaN
10,NaN,NaN,NaN,NaN,NaN,NaN,NaN,NaN
11,NaN,NaN,NaN,NaN,NaN,NaN,NaN,NaN
1,NaN,NaN,NaN,NaN,NaN,NaN,NaN,NaN
2,NaN,NaN,NaN,NaN,NaN,NaN,NaN,NaN
3,NaN,NaN,NaN,NaN,NaN,NaN,NaN,NaN
4,NaN,NaN,NaN,NaN,NaN,NaN,NaN,NaN
5,NaN,NaN,NaN,NaN,NaN,NaN,NaN,NaN
6,NaN,NaN,NaN,NaN,NaN,NaN,NaN,NaN
7,NaN,NaN,NaN,NaN,NaN,NaN,NaN,NaN
8,NaN,NaN,NaN,NaN,NaN,NaN,NaN,NaN
9,NaN,NaN,NaN,NaN,NaN,NaN,NaN,NaN
10,NaN,NaN,NaN,NaN,NaN,NaN,NaN,NaN
11,NaN,NaN,NaN,NaN,NaN,NaN,NaN,NaN
1,NaN,NaN,NaN,NaN,NaN,NaN,NaN,NaN
2,NaN,NaN,NaN,NaN,NaN,NaN,NaN,NaN
3,NaN,NaN,NaN,NaN,NaN,NaN,NaN,NaN
4,NaN,NaN,NaN,NaN,NaN,NaN,NaN,NaN
5,NaN,NaN,NaN,NaN,NaN,NaN,NaN,NaN
6,NaN,NaN,NaN,NaN,NaN,NaN,NaN,NaN
7,NaN,NaN,NaN,NaN,NaN,NaN,NaN,NaN
8,NaN,NaN,NaN,NaN,NaN,NaN,NaN,NaN
9,NaN,NaN,NaN,NaN,NaN,NaN,NaN,NaN
10,NaN,NaN,NaN,NaN,NaN,NaN,NaN,NaN
11,NaN,NaN,NaN,NaN,NaN,NaN,NaN,NaN
1,NaN,NaN,NaN,NaN,NaN,NaN,NaN,NaN
2,NaN,NaN,NaN,NaN,NaN,NaN,NaN,NaN
3,NaN,NaN,NaN,NaN,NaN,NaN,NaN,NaN
4,NaN,NaN,NaN,NaN,NaN,NaN,NaN,NaN
5,NaN,NaN,NaN,NaN,NaN,NaN,NaN,NaN
6,NaN,NaN,NaN,NaN,NaN,NaN,NaN,NaN
7,NaN,NaN,NaN,NaN,NaN,NaN,NaN,NaN
8,NaN,NaN,NaN,NaN,NaN,NaN,NaN,NaN
9,NaN,NaN,NaN,NaN,NaN,NaN,NaN,NaN
10,NaN,NaN,NaN,NaN,NaN,NaN,NaN,NaN
11,NaN,NaN,NaN,NaN,NaN,NaN,NaN,NaN
1,NaN,NaN,NaN,NaN,NaN,NaN,NaN,NaN
2,NaN,NaN,NaN,NaN,NaN,NaN,NaN,NaN
3,NaN,NaN,NaN,NaN,NaN,NaN,NaN,NaN
4,NaN,NaN,NaN,NaN,NaN,NaN,NaN,NaN
5,NaN,NaN,NaN,NaN,NaN,NaN,NaN,NaN
6,NaN,NaN,NaN,NaN,NaN,NaN,NaN,NaN
7,NaN,NaN,NaN,NaN,NaN,NaN,NaN,NaN
8,NaN,NaN,NaN,NaN,NaN,NaN,NaN,NaN
9,NaN,NaN,NaN,NaN,NaN,NaN,NaN,NaN
10,NaN,NaN,NaN,NaN,NaN,NaN,NaN,NaN
11,NaN,NaN,NaN,NaN,NaN,NaN,NaN,NaN
1,NaN,NaN,NaN,NaN,NaN,NaN,NaN,NaN
2,NaN,NaN,NaN,NaN,NaN,NaN,NaN,NaN
3,NaN,NaN,NaN,NaN,NaN,NaN,NaN,NaN
4,NaN,NaN,NaN,NaN,NaN,NaN,NaN,NaN
5,NaN,NaN,NaN,NaN,NaN,NaN,NaN,NaN
6,NaN,NaN,NaN,NaN,NaN,NaN,NaN,NaN
7,NaN,NaN,NaN,NaN,NaN,NaN,NaN,NaN
8,NaN,NaN,NaN,NaN,NaN,NaN,NaN,NaN
9,NaN,NaN,NaN,NaN,NaN,NaN,NaN,NaN
10,NaN,NaN,NaN,NaN,NaN,NaN,NaN,NaN
11,NaN,NaN,NaN,NaN,NaN,NaN,NaN,NaN
1,NaN,NaN,NaN,NaN,NaN,NaN,NaN,NaN
2,NaN,NaN,NaN,NaN,NaN,NaN,NaN,NaN
3,NaN,NaN,NaN,NaN,NaN,NaN,NaN,NaN
4,NaN,NaN,NaN,NaN,NaN,NaN,NaN,NaN
5,NaN,NaN,NaN,NaN,NaN,NaN,NaN,NaN
6,NaN,NaN,NaN,NaN,NaN,NaN,NaN,NaN
7,NaN,NaN,NaN,NaN,NaN,NaN,NaN,NaN
8,NaN,NaN,NaN,NaN,NaN,NaN,NaN,NaN
9,NaN,NaN,NaN,NaN,NaN,NaN,NaN,NaN
10,NaN,NaN,NaN,NaN,NaN,NaN,NaN,NaN
11,NaN,NaN,NaN,NaN,NaN,NaN,NaN,NaN
1,NaN,NaN,NaN,NaN,NaN,NaN,NaN,NaN
2,NaN,NaN,NaN,NaN,NaN,NaN,NaN,NaN
3,NaN,NaN,NaN,NaN,NaN,NaN,NaN,NaN
4,NaN,NaN,NaN,NaN,NaN,NaN,NaN,NaN
5,NaN,NaN,NaN,NaN,NaN,NaN,NaN,NaN
6,NaN,NaN,NaN,NaN,NaN,NaN,NaN,NaN
7,NaN,NaN,NaN,NaN,NaN,NaN,NaN,NaN
8,NaN,NaN,NaN,NaN,NaN,NaN,NaN,NaN
9,NaN,NaN,NaN,NaN,NaN,NaN,NaN,NaN
10,NaN,NaN,NaN,NaN,NaN,NaN,NaN,NaN
11,NaN,NaN,NaN,NaN,NaN,NaN,NaN,NaN
1,NaN,NaN,NaN,NaN,NaN,NaN,NaN,NaN
2,NaN,NaN,NaN,NaN,NaN,NaN,NaN,NaN
3,NaN,NaN,NaN,NaN,NaN,NaN,NaN,NaN
4,NaN,NaN,NaN,NaN,NaN,NaN,NaN,NaN
5,NaN,NaN,NaN,NaN,NaN,NaN,NaN,NaN
6,NaN,NaN,NaN,NaN,NaN,NaN,NaN,NaN
7,NaN,NaN,NaN,NaN,NaN,NaN,NaN,NaN
8,NaN,NaN,NaN,NaN,NaN,NaN,NaN,NaN
9,NaN,NaN,NaN,NaN,NaN,NaN,NaN,NaN
10,NaN,NaN,NaN,NaN,NaN,NaN,NaN,NaN
11,NaN,NaN,NaN,NaN,NaN,NaN,NaN,NaN
1,NaN,NaN,NaN,NaN,NaN,NaN,NaN,NaN
2,NaN,NaN,NaN,NaN,NaN,NaN,NaN,NaN
3,NaN,NaN,NaN,NaN,NaN,NaN,NaN,NaN
4,NaN,NaN,NaN,NaN,NaN,NaN,NaN,NaN
5,NaN,NaN,NaN,NaN,NaN,NaN,NaN,NaN
6,NaN,NaN,NaN,NaN,NaN,NaN,NaN,NaN
7,NaN,NaN,NaN,NaN,NaN,NaN,NaN,NaN
8,NaN,NaN,NaN,NaN,NaN,NaN,NaN,NaN
9,NaN,NaN,NaN,NaN,NaN,NaN,NaN,NaN
10,NaN,NaN,NaN,NaN,NaN,NaN,NaN,NaN
11,NaN,NaN,NaN,NaN,NaN,NaN,NaN,NaN
1,NaN,NaN,NaN,NaN,NaN,NaN,NaN,NaN
2,NaN,NaN,NaN,NaN,NaN,NaN,NaN,NaN
3,NaN,NaN,NaN,NaN,NaN,NaN,NaN,NaN
4,NaN,NaN,NaN,NaN,NaN,NaN,NaN,NaN
5,NaN,NaN,NaN,NaN,NaN,NaN,NaN,NaN
6,NaN,NaN,NaN,NaN,NaN,NaN,NaN,NaN
7,NaN,NaN,NaN,NaN,NaN,NaN,NaN,NaN
8,NaN,NaN,NaN,NaN,NaN,NaN,NaN,NaN
9,NaN,NaN,NaN,NaN,NaN,NaN,NaN,NaN
10,NaN,NaN,NaN,NaN,NaN,NaN,NaN,NaN
11,NaN,NaN,NaN,NaN,NaN,NaN,NaN,NaN
1,NaN,NaN,NaN,NaN,NaN,NaN,NaN,NaN
2,NaN,NaN,NaN,NaN,NaN,NaN,NaN,NaN
3,NaN,NaN,NaN,NaN,NaN,NaN,NaN,NaN
4,NaN,NaN,NaN,NaN,NaN,NaN,NaN,NaN
5,NaN,NaN,NaN,NaN,NaN,NaN,NaN,NaN
6,NaN,NaN,NaN,NaN,NaN,NaN,NaN,NaN
7,NaN,NaN,NaN,NaN,NaN,NaN,NaN,NaN
8,NaN,NaN,NaN,NaN,NaN,NaN,NaN,NaN
9,NaN,NaN,NaN,NaN,NaN,NaN,NaN,NaN
10,NaN,NaN,NaN,NaN,NaN,NaN,NaN,NaN
11,NaN,NaN,NaN,NaN,NaN,NaN,NaN,NaN
1,NaN,NaN,NaN,NaN,NaN,NaN,NaN,NaN
2,NaN,NaN,NaN,NaN,NaN,NaN,NaN,NaN
3,NaN,NaN,NaN,NaN,NaN,NaN,NaN,NaN
4,NaN,NaN,NaN,NaN,NaN,NaN,NaN,NaN
5,NaN,NaN,NaN,NaN,NaN,NaN,NaN,NaN
6,NaN,NaN,NaN,NaN,NaN,NaN,NaN,NaN
7,NaN,NaN,NaN,NaN,NaN,NaN,NaN,NaN
8,NaN,NaN,NaN,NaN,NaN,NaN,NaN,NaN
9,NaN,NaN,NaN,NaN,NaN,NaN,NaN,NaN
10,NaN,NaN,NaN,NaN,NaN,NaN,NaN,NaN
11,NaN,NaN,NaN,NaN,NaN,NaN,NaN,NaN
1,NaN,NaN,NaN,NaN,NaN,NaN,NaN,NaN
2,NaN,NaN,NaN,NaN,NaN,NaN,NaN,NaN
3,NaN,NaN,NaN,NaN,NaN,NaN,NaN,NaN
4,NaN,NaN,NaN,NaN,NaN,NaN,NaN,NaN
5,NaN,NaN,NaN,NaN,NaN,NaN,NaN,NaN
6,NaN,NaN,NaN,NaN,NaN,NaN,NaN,NaN
7,NaN,NaN,NaN,NaN,NaN,NaN,NaN,NaN
8,NaN,NaN,NaN,NaN,NaN,NaN,NaN,NaN
9,NaN,NaN,NaN,NaN,NaN,NaN,NaN,NaN
10,NaN,NaN,NaN,NaN,NaN,NaN,NaN,NaN
11,NaN,NaN,NaN,NaN,NaN,NaN,NaN,NaN
1,NaN,NaN,NaN,NaN,NaN,NaN,NaN,NaN
2,NaN,NaN,NaN,NaN,NaN,NaN,NaN,NaN
3,NaN,NaN,NaN,NaN,NaN,NaN,NaN,NaN
4,NaN,NaN,NaN,NaN,NaN,NaN,NaN,NaN
5,NaN,NaN,NaN,NaN,NaN,NaN,NaN,NaN
6,NaN,NaN,NaN,NaN,NaN,NaN,NaN,NaN
7,NaN,NaN,NaN,NaN,NaN,NaN,NaN,NaN
8,NaN,NaN,NaN,NaN,NaN,NaN,NaN,NaN
9,NaN,NaN,NaN,NaN,NaN,NaN,NaN,NaN
10,NaN,NaN,NaN,NaN,NaN,NaN,NaN,NaN
11,NaN,NaN,NaN,NaN,NaN,NaN,NaN,NaN
1,NaN,NaN,NaN,NaN,NaN,NaN,NaN,NaN
2,NaN,NaN,NaN,NaN,NaN,NaN,NaN,NaN
3,NaN,NaN,NaN,NaN,NaN,NaN,NaN,NaN
4,NaN,NaN,NaN,NaN,NaN,NaN,NaN,NaN
5,NaN,NaN,NaN,NaN,NaN,NaN,NaN,NaN
6,NaN,NaN,NaN,NaN,NaN,NaN,NaN,NaN
7,NaN,NaN,NaN,NaN,NaN,NaN,NaN,NaN
8,NaN,NaN,NaN,NaN,NaN,NaN,NaN,NaN
9,NaN,NaN,NaN,NaN,NaN,NaN,NaN,NaN
10,NaN,NaN,NaN,NaN,NaN,NaN,NaN,NaN
11,NaN,NaN,NaN,NaN,NaN,NaN,NaN,NaN
1,NaN,NaN,NaN,NaN,NaN,NaN,NaN,NaN
2,NaN,NaN,NaN,NaN,NaN,NaN,NaN,NaN
3,NaN,NaN,NaN,NaN,NaN,NaN,NaN,NaN
4,NaN,NaN,NaN,NaN,NaN,NaN,NaN,NaN
5,NaN,NaN,NaN,NaN,NaN,NaN,NaN,NaN
6,NaN,NaN,NaN,NaN,NaN,NaN,NaN,NaN
7,NaN,NaN,NaN,NaN,NaN,NaN,NaN,NaN
8,NaN,NaN,NaN,NaN,NaN,NaN,NaN,NaN
9,NaN,NaN,NaN,NaN,NaN,NaN,NaN,NaN
10,NaN,NaN,NaN,NaN,NaN,NaN,NaN,NaN
11,NaN,NaN,NaN,NaN,NaN,NaN,NaN,NaN
1,NaN,NaN,NaN,NaN,NaN,NaN,NaN,NaN
2,NaN,NaN,NaN,NaN,NaN,NaN,NaN,NaN
3,NaN,NaN,NaN,NaN,NaN,NaN,NaN,NaN
4,NaN,NaN,NaN,NaN,NaN,NaN,NaN,NaN
5,NaN,NaN,NaN,NaN,NaN,NaN,NaN,NaN
6,NaN,NaN,NaN,NaN,NaN,NaN,NaN,NaN
7,NaN,NaN,NaN,NaN,NaN,NaN,NaN,NaN
8,NaN,NaN,NaN,NaN,NaN,NaN,NaN,NaN
9,NaN,NaN,NaN,NaN,NaN,NaN,NaN,NaN
10,NaN,NaN,NaN,NaN,NaN,NaN,NaN,NaN
11,NaN,NaN,NaN,NaN,NaN,NaN,NaN,NaN
1,NaN,NaN,NaN,NaN,NaN,NaN,NaN,NaN
2,NaN,NaN,NaN,NaN,NaN,NaN,NaN,NaN
3,NaN,NaN,NaN,NaN,NaN,NaN,NaN,NaN
4,NaN,NaN,NaN,NaN,NaN,NaN,NaN,NaN
5,NaN,NaN,NaN,NaN,NaN,NaN,NaN,NaN
6,NaN,NaN,NaN,NaN,NaN,NaN,NaN,NaN
7,NaN,NaN,NaN,NaN,NaN,NaN,NaN,NaN
8,NaN,NaN,NaN,NaN,NaN,NaN,NaN,NaN
9,NaN,NaN,NaN,NaN,NaN,NaN,NaN,NaN
10,NaN,NaN,NaN,NaN,NaN,NaN,NaN,NaN
11,NaN,NaN,NaN,NaN,NaN,NaN,NaN,NaN
1,NaN,NaN,NaN,NaN,NaN,NaN,NaN,NaN
2,NaN,NaN,NaN,NaN,NaN,NaN,NaN,NaN
3,NaN,NaN,NaN,NaN,NaN,NaN,NaN,NaN
4,NaN,NaN,NaN,NaN,NaN,NaN,NaN,NaN
5,NaN,NaN,NaN,NaN,NaN,NaN,NaN,NaN
6,NaN,NaN,NaN,NaN,NaN,NaN,NaN,NaN
7,NaN,NaN,NaN,NaN,NaN,NaN,NaN,NaN
8,NaN,NaN,NaN,NaN,NaN,NaN,NaN,NaN
9,NaN,NaN,NaN,NaN,NaN,NaN,NaN,NaN
10,NaN,NaN,NaN,NaN,NaN,NaN,NaN,NaN
11,NaN,NaN,NaN,NaN,NaN,NaN,NaN,NaN
1,NaN,NaN,NaN,NaN,NaN,NaN,NaN,NaN
2,NaN,NaN,NaN,NaN,NaN,NaN,NaN,NaN
3,NaN,NaN,NaN,NaN,NaN,NaN,NaN,NaN
4,NaN,NaN,NaN,NaN,NaN,NaN,NaN,NaN
5,NaN,NaN,NaN,NaN,NaN,NaN,NaN,NaN
6,NaN,NaN,NaN,NaN,NaN,NaN,NaN,NaN
7,NaN,NaN,NaN,NaN,NaN,NaN,NaN,NaN
8,NaN,NaN,NaN,NaN,NaN,NaN,NaN,NaN
9,NaN,NaN,NaN,NaN,NaN,NaN,NaN,NaN
10,NaN,NaN,NaN,NaN,NaN,NaN,NaN,NaN
11,NaN,NaN,NaN,NaN,NaN,NaN,NaN,NaN
1,NaN,NaN,NaN,NaN,NaN,NaN,NaN,NaN
2,NaN,NaN,NaN,NaN,NaN,NaN,NaN,NaN
3,NaN,NaN,NaN,NaN,NaN,NaN,NaN,NaN
4,NaN,NaN,NaN,NaN,NaN,NaN,NaN,NaN
5,NaN,NaN,NaN,NaN,NaN,NaN,NaN,NaN
6,NaN,NaN,NaN,NaN,NaN,NaN,NaN,NaN
7,NaN,NaN,NaN,NaN,NaN,NaN,NaN,NaN
8,NaN,NaN,NaN,NaN,NaN,NaN,NaN,NaN
9,NaN,NaN,NaN,NaN,NaN,NaN,NaN,NaN
10,NaN,NaN,NaN,NaN,NaN,NaN,NaN,NaN
11,NaN,NaN,NaN,NaN,NaN,NaN,NaN,NaN
1,NaN,NaN,NaN,NaN,NaN,NaN,NaN,NaN
2,NaN,NaN,NaN,NaN,NaN,NaN,NaN,NaN
3,NaN,NaN,NaN,NaN,NaN,NaN,NaN,NaN
4,NaN,NaN,NaN,NaN,NaN,NaN,NaN,NaN
5,NaN,NaN,NaN,NaN,NaN,NaN,NaN,NaN
6,NaN,NaN,NaN,NaN,NaN,NaN,NaN,NaN
7,NaN,NaN,NaN,NaN,NaN,NaN,NaN,NaN
8,NaN,NaN,NaN,NaN,NaN,NaN,NaN,NaN
9,NaN,NaN,NaN,NaN,NaN,NaN,NaN,NaN
10,NaN,NaN,NaN,NaN,NaN,NaN,NaN,NaN
11,NaN,NaN,NaN,NaN,NaN,NaN,NaN,NaN
1,NaN,NaN,NaN,NaN,NaN,NaN,NaN,NaN
2,NaN,NaN,NaN,NaN,NaN,NaN,NaN,NaN
3,NaN,NaN,NaN,NaN,NaN,NaN,NaN,NaN
4,NaN,NaN,NaN,NaN,NaN,NaN,NaN,NaN
5,NaN,NaN,NaN,NaN,NaN,NaN,NaN,NaN
6,NaN,NaN,NaN,NaN,NaN,NaN,NaN,NaN
7,NaN,NaN,NaN,NaN,NaN,NaN,NaN,NaN
8,NaN,NaN,NaN,NaN,NaN,NaN,NaN,NaN
9,NaN,NaN,NaN,NaN,NaN,NaN,NaN,NaN
10,NaN,NaN,NaN,NaN,NaN,NaN,NaN,NaN
11,NaN,NaN,NaN,NaN,NaN,NaN,NaN,NaN
1,NaN,NaN,NaN,NaN,NaN,NaN,NaN,NaN
2,NaN,NaN,NaN,NaN,NaN,NaN,NaN,NaN
3,NaN,NaN,NaN,NaN,NaN,NaN,NaN,NaN
4,NaN,NaN,NaN,NaN,NaN,NaN,NaN,NaN
5,NaN,NaN,NaN,NaN,NaN,NaN,NaN,NaN
6,NaN,NaN,NaN,NaN,NaN,NaN,NaN,NaN
7,NaN,NaN,NaN,NaN,NaN,NaN,NaN,NaN
8,NaN,NaN,NaN,NaN,NaN,NaN,NaN,NaN
9,NaN,NaN,NaN,NaN,NaN,NaN,NaN,NaN
10,NaN,NaN,NaN,NaN,NaN,NaN,NaN,NaN
11,NaN,NaN,NaN,NaN,NaN,NaN,NaN,NaN
1,NaN,NaN,NaN,NaN,NaN,NaN,NaN,NaN
2,NaN,NaN,NaN,NaN,NaN,NaN,NaN,NaN
3,NaN,NaN,NaN,NaN,NaN,NaN,NaN,NaN
4,NaN,NaN,NaN,NaN,NaN,NaN,NaN,NaN
5,NaN,NaN,NaN,NaN,NaN,NaN,NaN,NaN
6,NaN,NaN,NaN,NaN,NaN,NaN,NaN,NaN
7,NaN,NaN,NaN,NaN,NaN,NaN,NaN,NaN
8,NaN,NaN,NaN,NaN,NaN,NaN,NaN,NaN
9,NaN,NaN,NaN,NaN,NaN,NaN,NaN,NaN
10,NaN,NaN,NaN,NaN,NaN,NaN,NaN,NaN
11,NaN,NaN,NaN,NaN,NaN,NaN,NaN,NaN
1,NaN,NaN,NaN,NaN,NaN,NaN,NaN,NaN
2,NaN,NaN,NaN,NaN,NaN,NaN,NaN,NaN
3,NaN,NaN,NaN,NaN,NaN,NaN,NaN,NaN
4,NaN,NaN,NaN,NaN,NaN,NaN,NaN,NaN
5,NaN,NaN,NaN,NaN,NaN,NaN,NaN,NaN
6,NaN,NaN,NaN,NaN,NaN,NaN,NaN,NaN
7,NaN,NaN,NaN,NaN,NaN,NaN,NaN,NaN
8,NaN,NaN,NaN,NaN,NaN,NaN,NaN,NaN
9,NaN,NaN,NaN,NaN,NaN,NaN,NaN,NaN
10,NaN,NaN,NaN,NaN,NaN,NaN,NaN,NaN
11,NaN,NaN,NaN,NaN,NaN,NaN,NaN,NaN
1,NaN,NaN,NaN,NaN,NaN,NaN,NaN,NaN
2,NaN,NaN,NaN,NaN,NaN,NaN,NaN,NaN
3,NaN,NaN,NaN,NaN,NaN,NaN,NaN,NaN
4,NaN,NaN,NaN,NaN,NaN,NaN,NaN,NaN
5,NaN,NaN,NaN,NaN,NaN,NaN,NaN,NaN
6,NaN,NaN,NaN,NaN,NaN,NaN,NaN,NaN
7,NaN,NaN,NaN,NaN,NaN,NaN,NaN,NaN
8,NaN,NaN,NaN,NaN,NaN,NaN,NaN,NaN
9,NaN,NaN,NaN,NaN,NaN,NaN,NaN,NaN
10,NaN,NaN,NaN,NaN,NaN,NaN,NaN,NaN
11,NaN,NaN,NaN,NaN,NaN,NaN,NaN,NaN
1,NaN,NaN,NaN,NaN,NaN,NaN,NaN,NaN
2,NaN,NaN,NaN,NaN,NaN,NaN,NaN,NaN
3,NaN,NaN,NaN,NaN,NaN,NaN,NaN,NaN
4,NaN,NaN,NaN,NaN,NaN,NaN,NaN,NaN
5,NaN,NaN,NaN,NaN,NaN,NaN,NaN,NaN
6,NaN,NaN,NaN,NaN,NaN,NaN,NaN,NaN
7,NaN,NaN,NaN,NaN,NaN,NaN,NaN,NaN
8,NaN,NaN,NaN,NaN,NaN,NaN,NaN,NaN
9,NaN,NaN,NaN,NaN,NaN,NaN,NaN,NaN
10,NaN,NaN,NaN,NaN,NaN,NaN,NaN,NaN
11,NaN,NaN,NaN,NaN,NaN,NaN,NaN,NaN
1,NaN,NaN,NaN,NaN,NaN,NaN,NaN,NaN
2,NaN,NaN,NaN,NaN,NaN,NaN,NaN,NaN
3,NaN,NaN,NaN,NaN,NaN,NaN,NaN,NaN
4,NaN,NaN,NaN,NaN,NaN,NaN,NaN,NaN
5,NaN,NaN,NaN,NaN,NaN,NaN,NaN,NaN
6,NaN,NaN,NaN,NaN,NaN,NaN,NaN,NaN
7,NaN,NaN,NaN,NaN,NaN,NaN,NaN,NaN
8,NaN,NaN,NaN,NaN,NaN,NaN,NaN,NaN
9,NaN,NaN,NaN,NaN,NaN,NaN,NaN,NaN
10,NaN,NaN,NaN,NaN,NaN,NaN,NaN,NaN
11,NaN,NaN,NaN,NaN,NaN,NaN,NaN,NaN
1,NaN,NaN,NaN,NaN,NaN,NaN,NaN,NaN
2,NaN,NaN,NaN,NaN,NaN,NaN,NaN,NaN
3,NaN,NaN,NaN,NaN,NaN,NaN,NaN,NaN
4,NaN,NaN,NaN,NaN,NaN,NaN,NaN,NaN
5,NaN,NaN,NaN,NaN,NaN,NaN,NaN,NaN
6,NaN,NaN,NaN,NaN,NaN,NaN,NaN,NaN
7,NaN,NaN,NaN,NaN,NaN,NaN,NaN,NaN
8,NaN,NaN,NaN,NaN,NaN,NaN,NaN,NaN
9,NaN,NaN,NaN,NaN,NaN,NaN,NaN,NaN
10,NaN,NaN,NaN,NaN,NaN,NaN,NaN,NaN
11,NaN,NaN,NaN,NaN,NaN,NaN,NaN,NaN
1,NaN,NaN,NaN,NaN,NaN,NaN,NaN,NaN
2,NaN,NaN,NaN,NaN,NaN,NaN,NaN,NaN
3,NaN,NaN,NaN,NaN,NaN,NaN,NaN,NaN
4,NaN,NaN,NaN,NaN,NaN,NaN,NaN,NaN
5,NaN,NaN,NaN,NaN,NaN,NaN,NaN,NaN
6,NaN,NaN,NaN,NaN,NaN,NaN,NaN,NaN
7,NaN,NaN,NaN,NaN,NaN,NaN,NaN,NaN
8,NaN,NaN,NaN,NaN,NaN,NaN,NaN,NaN
9,NaN,NaN,NaN,NaN,NaN,NaN,NaN,NaN
10,NaN,NaN,NaN,NaN,NaN,NaN,NaN,NaN
11,NaN,NaN,NaN,NaN,NaN,NaN,NaN,NaN
1,NaN,NaN,NaN,NaN,NaN,NaN,NaN,NaN
2,NaN,NaN,NaN,NaN,NaN,NaN,NaN,NaN
3,NaN,NaN,NaN,NaN,NaN,NaN,NaN,NaN
4,NaN,NaN,NaN,NaN,NaN,NaN,NaN,NaN
5,NaN,NaN,NaN,NaN,NaN,NaN,NaN,NaN
6,NaN,NaN,NaN,NaN,NaN,NaN,NaN,NaN
7,NaN,NaN,NaN,NaN,NaN,NaN,NaN,NaN
8,NaN,NaN,NaN,NaN,NaN,NaN,NaN,NaN
9,NaN,NaN,NaN,NaN,NaN,NaN,NaN,NaN
10,NaN,NaN,NaN,NaN,NaN,NaN,NaN,NaN
11,NaN,NaN,NaN,NaN,NaN,NaN,NaN,NaN
1,NaN,NaN,NaN,NaN,NaN,NaN,NaN,NaN
2,NaN,NaN,NaN,NaN,NaN,NaN,NaN,NaN
3,NaN,NaN,NaN,NaN,NaN,NaN,NaN,NaN
4,NaN,NaN,NaN,NaN,NaN,NaN,NaN,NaN
5,NaN,NaN,NaN,NaN,NaN,NaN,NaN,NaN
6,NaN,NaN,NaN,NaN,NaN,NaN,NaN,NaN
7,NaN,NaN,NaN,NaN,NaN,NaN,NaN,NaN
8,NaN,NaN,NaN,NaN,NaN,NaN,NaN,NaN
9,NaN,NaN,NaN,NaN,NaN,NaN,NaN,NaN
10,NaN,NaN,NaN,NaN,NaN,NaN,NaN,NaN
11,NaN,NaN,NaN,NaN,NaN,NaN,NaN,NaN
1,NaN,NaN,NaN,NaN,NaN,NaN,NaN,NaN
2,NaN,NaN,NaN,NaN,NaN,NaN,NaN,NaN
3,NaN,NaN,NaN,NaN,NaN,NaN,NaN,NaN
4,NaN,NaN,NaN,NaN,NaN,NaN,NaN,NaN
5,NaN,NaN,NaN,NaN,NaN,NaN,NaN,NaN
6,NaN,NaN,NaN,NaN,NaN,NaN,NaN,NaN
7,NaN,NaN,NaN,NaN,NaN,NaN,NaN,NaN
8,NaN,NaN,NaN,NaN,NaN,NaN,NaN,NaN
9,NaN,NaN,NaN,NaN,NaN,NaN,NaN,NaN
10,NaN,NaN,NaN,NaN,NaN,NaN,NaN,NaN
11,NaN,NaN,NaN,NaN,NaN,NaN,NaN,NaN
1,NaN,NaN,NaN,NaN,NaN,NaN,NaN,NaN
2,NaN,NaN,NaN,NaN,NaN,NaN,NaN,NaN
3,NaN,NaN,NaN,NaN,NaN,NaN,NaN,NaN
4,NaN,NaN,NaN,NaN,NaN,NaN,NaN,NaN
5,NaN,NaN,NaN,NaN,NaN,NaN,NaN,NaN
6,NaN,NaN,NaN,NaN,NaN,NaN,NaN,NaN
7,NaN,NaN,NaN,NaN,NaN,NaN,NaN,NaN
8,NaN,NaN,NaN,NaN,NaN,NaN,NaN,NaN
9,NaN,NaN,NaN,NaN,NaN,NaN,NaN,NaN
10,NaN,NaN,NaN,NaN,NaN,NaN,NaN,NaN
11,NaN,NaN,NaN,NaN,NaN,NaN,NaN,NaN
1,NaN,NaN,NaN,NaN,NaN,NaN,NaN,NaN
2,NaN,NaN,NaN,NaN,NaN,NaN,NaN,NaN
3,NaN,NaN,NaN,NaN,NaN,NaN,NaN,NaN
4,NaN,NaN,NaN,NaN,NaN,NaN,NaN,NaN
5,NaN,NaN,NaN,NaN,NaN,NaN,NaN,NaN
6,NaN,NaN,NaN,NaN,NaN,NaN,NaN,NaN
7,NaN,NaN,NaN,NaN,NaN,NaN,NaN,NaN
8,NaN,NaN,NaN,NaN,NaN,NaN,NaN,NaN
9,NaN,NaN,NaN,NaN,NaN,NaN,NaN,NaN
10,NaN,NaN,NaN,NaN,NaN,NaN,NaN,NaN
11,NaN,NaN,NaN,NaN,NaN,NaN,NaN,NaN
1,NaN,NaN,NaN,NaN,NaN,NaN,NaN,NaN
2,NaN,NaN,NaN,NaN,NaN,NaN,NaN,NaN
3,NaN,NaN,NaN,NaN,NaN,NaN,NaN,NaN
4,NaN,NaN,NaN,NaN,NaN,NaN,NaN,NaN
5,NaN,NaN,NaN,NaN,NaN,NaN,NaN,NaN
6,NaN,NaN,NaN,NaN,NaN,NaN,NaN,NaN
7,NaN,NaN,NaN,NaN,NaN,NaN,NaN,NaN
8,NaN,NaN,NaN,NaN,NaN,NaN,NaN,NaN
9,NaN,NaN,NaN,NaN,NaN,NaN,NaN,NaN
10,NaN,NaN,NaN,NaN,NaN,NaN,NaN,NaN
11,NaN,NaN,NaN,NaN,NaN,NaN,NaN,NaN
1,NaN,NaN,NaN,NaN,NaN,NaN,NaN,NaN
2,NaN,NaN,NaN,NaN,NaN,NaN,NaN,NaN
3,NaN,NaN,NaN,NaN,NaN,NaN,NaN,NaN
4,NaN,NaN,NaN,NaN,NaN,NaN,NaN,NaN
5,NaN,NaN,NaN,NaN,NaN,NaN,NaN,NaN
6,NaN,NaN,NaN,NaN,NaN,NaN,NaN,NaN
7,NaN,NaN,NaN,NaN,NaN,NaN,NaN,NaN
8,NaN,NaN,NaN,NaN,NaN,NaN,NaN,NaN
9,NaN,NaN,NaN,NaN,NaN,NaN,NaN,NaN
10,NaN,NaN,NaN,NaN,NaN,NaN,NaN,NaN
11,NaN,NaN,NaN,NaN,NaN,NaN,NaN,NaN
1,NaN,NaN,NaN,NaN,NaN,NaN,NaN,NaN
2,NaN,NaN,NaN,NaN,NaN,NaN,NaN,NaN
3,NaN,NaN,NaN,NaN,NaN,NaN,NaN,NaN
4,NaN,NaN,NaN,NaN,NaN,NaN,NaN,NaN
5,NaN,NaN,NaN,NaN,NaN,NaN,NaN,NaN
6,NaN,NaN,NaN,NaN,NaN,NaN,NaN,NaN
7,NaN,NaN,NaN,NaN,NaN,NaN,NaN,NaN
8,NaN,NaN,NaN,NaN,NaN,NaN,NaN,NaN
9,NaN,NaN,NaN,NaN,NaN,NaN,NaN,NaN
10,NaN,NaN,NaN,NaN,NaN,NaN,NaN,NaN
11,NaN,NaN,NaN,NaN,NaN,NaN,NaN,NaN
1,NaN,NaN,NaN,NaN,NaN,NaN,NaN,NaN
2,NaN,NaN,NaN,NaN,NaN,NaN,NaN,NaN
3,NaN,NaN,NaN,NaN,NaN,NaN,NaN,NaN
4,NaN,NaN,NaN,NaN,NaN,NaN,NaN,NaN
5,NaN,NaN,NaN,NaN,NaN,NaN,NaN,NaN
6,NaN,NaN,NaN,NaN,NaN,NaN,NaN,NaN
7,NaN,NaN,NaN,NaN,NaN,NaN,NaN,NaN
8,NaN,NaN,NaN,NaN,NaN,NaN,NaN,NaN
9,NaN,NaN,NaN,NaN,NaN,NaN,NaN,NaN
10,NaN,NaN,NaN,NaN,NaN,NaN,NaN,NaN
11,NaN,NaN,NaN,NaN,NaN,NaN,NaN,NaN
1,NaN,NaN,NaN,NaN,NaN,NaN,NaN,NaN
2,NaN,NaN,NaN,NaN,NaN,NaN,NaN,NaN
3,NaN,NaN,NaN,NaN,NaN,NaN,NaN,NaN
4,NaN,NaN,NaN,NaN,NaN,NaN,NaN,NaN
5,NaN,NaN,NaN,NaN,NaN,NaN,NaN,NaN
6,NaN,NaN,NaN,NaN,NaN,NaN,NaN,NaN
7,NaN,NaN,NaN,NaN,NaN,NaN,NaN,NaN
8,NaN,NaN,NaN,NaN,NaN,NaN,NaN,NaN
9,NaN,NaN,NaN,NaN,NaN,NaN,NaN,NaN
10,NaN,NaN,NaN,NaN,NaN,NaN,NaN,NaN
11,NaN,NaN,NaN,NaN,NaN,NaN,NaN,NaN
1,NaN,NaN,NaN,NaN,NaN,NaN,NaN,NaN
2,NaN,NaN,NaN,NaN,NaN,NaN,NaN,NaN
3,NaN,NaN,NaN,NaN,NaN,NaN,NaN,NaN
4,NaN,NaN,NaN,NaN,NaN,NaN,NaN,NaN
5,NaN,NaN,NaN,NaN,NaN,NaN,NaN,NaN
6,NaN,NaN,NaN,NaN,NaN,NaN,NaN,NaN
7,NaN,NaN,NaN,NaN,NaN,NaN,NaN,NaN
8,NaN,NaN,NaN,NaN,NaN,NaN,NaN,NaN
9,NaN,NaN,NaN,NaN,NaN,NaN,NaN,NaN
10,NaN,NaN,NaN,NaN,NaN,NaN,NaN,NaN
11,NaN,NaN,NaN,NaN,NaN,NaN,NaN,NaN
1,NaN,NaN,NaN,NaN,NaN,NaN,NaN,NaN
2,NaN,NaN,NaN,NaN,NaN,NaN,NaN,NaN
3,NaN,NaN,NaN,NaN,NaN,NaN,NaN,NaN
4,NaN,NaN,NaN,NaN,NaN,NaN,NaN,NaN
5,NaN,NaN,NaN,NaN,NaN,NaN,NaN,NaN
6,NaN,NaN,NaN,NaN,NaN,NaN,NaN,NaN
7,NaN,NaN,NaN,NaN,NaN,NaN,NaN,NaN
8,NaN,NaN,NaN,NaN,NaN,NaN,NaN,NaN
9,NaN,NaN,NaN,NaN,NaN,NaN,NaN,NaN
10,NaN,NaN,NaN,NaN,NaN,NaN,NaN,NaN
11,NaN,NaN,NaN,NaN,NaN,NaN,NaN,NaN
1,NaN,NaN,NaN,NaN,NaN,NaN,NaN,NaN
2,NaN,NaN,NaN,NaN,NaN,NaN,NaN,NaN
3,NaN,NaN,NaN,NaN,NaN,NaN,NaN,NaN
4,NaN,NaN,NaN,NaN,NaN,NaN,NaN,NaN
5,NaN,NaN,NaN,NaN,NaN,NaN,NaN,NaN
6,NaN,NaN,NaN,NaN,NaN,NaN,NaN,NaN
7,NaN,NaN,NaN,NaN,NaN,NaN,NaN,NaN
8,NaN,NaN,NaN,NaN,NaN,NaN,NaN,NaN
9,NaN,NaN,NaN,NaN,NaN,NaN,NaN,NaN
10,NaN,NaN,NaN,NaN,NaN,NaN,NaN,NaN
11,NaN,NaN,NaN,NaN,NaN,NaN,NaN,NaN
1,NaN,NaN,NaN,NaN,NaN,NaN,NaN,NaN
2,NaN,NaN,NaN,NaN,NaN,NaN,NaN,NaN
3,NaN,NaN,NaN,NaN,NaN,NaN,NaN,NaN
4,NaN,NaN,NaN,NaN,NaN,NaN,NaN,NaN
5,NaN,NaN,NaN,NaN,NaN,NaN,NaN,NaN
6,NaN,NaN,NaN,NaN,NaN,NaN,NaN,NaN
7,NaN,NaN,NaN,NaN,NaN,NaN,NaN,NaN
8,NaN,NaN,NaN,NaN,NaN,NaN,NaN,NaN
9,NaN,NaN,NaN,NaN,NaN,NaN,NaN,NaN
10,NaN,NaN,NaN,NaN,NaN,NaN,NaN,NaN
11,NaN,NaN,NaN,NaN,NaN,NaN,NaN,NaN
1,NaN,NaN,NaN,NaN,NaN,NaN,NaN,NaN
2,NaN,NaN,NaN,NaN,NaN,NaN,NaN,NaN
3,NaN,NaN,NaN,NaN,NaN,NaN,NaN,NaN
4,NaN,NaN,NaN,NaN,NaN,NaN,NaN,NaN
5,NaN,NaN,NaN,NaN,NaN,NaN,NaN,NaN
6,NaN,NaN,NaN,NaN,NaN,NaN,NaN,NaN
7,NaN,NaN,NaN,NaN,NaN,NaN,NaN,NaN
8,NaN,NaN,NaN,NaN,NaN,NaN,NaN,NaN
9,NaN,NaN,NaN,NaN,NaN,NaN,NaN,NaN
10,NaN,NaN,NaN,NaN,NaN,NaN,NaN,NaN
11,NaN,NaN,NaN,NaN,NaN,NaN,NaN,NaN
1,NaN,NaN,NaN,NaN,NaN,NaN,NaN,NaN
2,NaN,NaN,NaN,NaN,NaN,NaN,NaN,NaN
3,NaN,NaN,NaN,NaN,NaN,NaN,NaN,NaN
4,NaN,NaN,NaN,NaN,NaN,NaN,NaN,NaN
5,NaN,NaN,NaN,NaN,NaN,NaN,NaN,NaN
6,NaN,NaN,NaN,NaN,NaN,NaN,NaN,NaN
7,NaN,NaN,NaN,NaN,NaN,NaN,NaN,NaN
8,NaN,NaN,NaN,NaN,NaN,NaN,NaN,NaN
9,NaN,NaN,NaN,NaN,NaN,NaN,NaN,NaN
10,NaN,NaN,NaN,NaN,NaN,NaN,NaN,NaN
11,NaN,NaN,NaN,NaN,NaN,NaN,NaN,NaN
1,NaN,NaN,NaN,NaN,NaN,NaN,NaN,NaN
2,NaN,NaN,NaN,NaN,NaN,NaN,NaN,NaN
3,NaN,NaN,NaN,NaN,NaN,NaN,NaN,NaN
4,NaN,NaN,NaN,NaN,NaN,NaN,NaN,NaN
5,NaN,NaN,NaN,NaN,NaN,NaN,NaN,NaN
6,NaN,NaN,NaN,NaN,NaN,NaN,NaN,NaN
7,NaN,NaN,NaN,NaN,NaN,NaN,NaN,NaN
8,NaN,NaN,NaN,NaN,NaN,NaN,NaN,NaN
9,NaN,NaN,NaN,NaN,NaN,NaN,NaN,NaN
10,NaN,NaN,NaN,NaN,NaN,NaN,NaN,NaN
11,NaN,NaN,NaN,NaN,NaN,NaN,NaN,NaN
1,NaN,NaN,NaN,NaN,NaN,NaN,NaN,NaN
2,NaN,NaN,NaN,NaN,NaN,NaN,NaN,NaN
3,NaN,NaN,NaN,NaN,NaN,NaN,NaN,NaN
4,NaN,NaN,NaN,NaN,NaN,NaN,NaN,NaN
5,NaN,NaN,NaN,NaN,NaN,NaN,NaN,NaN
6,NaN,NaN,NaN,NaN,NaN,NaN,NaN,NaN
7,NaN,NaN,NaN,NaN,NaN,NaN,NaN,NaN
8,NaN,NaN,NaN,NaN,NaN,NaN,NaN,NaN
9,NaN,NaN,NaN,NaN,NaN,NaN,NaN,NaN
10,NaN,NaN,NaN,NaN,NaN,NaN,NaN,NaN
11,NaN,NaN,NaN,NaN,NaN,NaN,NaN,NaN
1,NaN,NaN,NaN,NaN,NaN,NaN,NaN,NaN
2,NaN,NaN,NaN,NaN,NaN,NaN,NaN,NaN
3,NaN,NaN,NaN,NaN,NaN,NaN,NaN,NaN
4,NaN,NaN,NaN,NaN,NaN,NaN,NaN,NaN
5,NaN,NaN,NaN,NaN,NaN,NaN,NaN,NaN
6,NaN,NaN,NaN,NaN,NaN,NaN,NaN,NaN
7,NaN,NaN,NaN,NaN,NaN,NaN,NaN,NaN
8,NaN,NaN,NaN,NaN,NaN,NaN,NaN,NaN
9,NaN,NaN,NaN,NaN,NaN,NaN,NaN,NaN
10,NaN,NaN,NaN,NaN,NaN,NaN,NaN,NaN
11,NaN,NaN,NaN,NaN,NaN,NaN,NaN,NaN
1,NaN,NaN,NaN,NaN,NaN,NaN,NaN,NaN
2,NaN,NaN,NaN,NaN,NaN,NaN,NaN,NaN
3,NaN,NaN,NaN,NaN,NaN,NaN,NaN,NaN
4,NaN,NaN,NaN,NaN,NaN,NaN,NaN,NaN
5,NaN,NaN,NaN,NaN,NaN,NaN,NaN,NaN
6,NaN,NaN,NaN,NaN,NaN,NaN,NaN,NaN
7,NaN,NaN,NaN,NaN,NaN,NaN,NaN,NaN
8,NaN,NaN,NaN,NaN,NaN,NaN,NaN,NaN
9,NaN,NaN,NaN,NaN,NaN,NaN,NaN,NaN
10,NaN,NaN,NaN,NaN,NaN,NaN,NaN,NaN
11,NaN,NaN,NaN,NaN,NaN,NaN,NaN,NaN
1,NaN,NaN,NaN,NaN,NaN,NaN,NaN,NaN
2,NaN,NaN,NaN,NaN,NaN,NaN,NaN,NaN
3,NaN,NaN,NaN,NaN,NaN,NaN,NaN,NaN
4,NaN,NaN,NaN,NaN,NaN,NaN,NaN,NaN
5,NaN,NaN,NaN,NaN,NaN,NaN,NaN,NaN
6,NaN,NaN,NaN,NaN,NaN,NaN,NaN,NaN
7,NaN,NaN,NaN,NaN,NaN,NaN,NaN,NaN
8,NaN,NaN,NaN,NaN,NaN,NaN,NaN,NaN
9,NaN,NaN,NaN,NaN,NaN,NaN,NaN,NaN
10,NaN,NaN,NaN,NaN,NaN,NaN,NaN,NaN
11,NaN,NaN,NaN,NaN,NaN,NaN,NaN,NaN
1,NaN,NaN,NaN,NaN,NaN,NaN,NaN,NaN
2,NaN,NaN,NaN,NaN,NaN,NaN,NaN,NaN
3,NaN,NaN,NaN,NaN,NaN,NaN,NaN,NaN
4,NaN,NaN,NaN,NaN,NaN,NaN,NaN,NaN
5,NaN,NaN,NaN,NaN,NaN,NaN,NaN,NaN
6,NaN,NaN,NaN,NaN,NaN,NaN,NaN,NaN
7,NaN,NaN,NaN,NaN,NaN,NaN,NaN,NaN
8,NaN,NaN,NaN,NaN,NaN,NaN,NaN,NaN
9,NaN,NaN,NaN,NaN,NaN,NaN,NaN,NaN
10,NaN,NaN,NaN,NaN,NaN,NaN,NaN,NaN
11,NaN,NaN,NaN,NaN,NaN,NaN,NaN,NaN
1,NaN,NaN,NaN,NaN,NaN,NaN,NaN,NaN
2,NaN,NaN,NaN,NaN,NaN,NaN,NaN,NaN
3,NaN,NaN,NaN,NaN,NaN,NaN,NaN,NaN
4,NaN,NaN,NaN,NaN,NaN,NaN,NaN,NaN
5,NaN,NaN,NaN,NaN,NaN,NaN,NaN,NaN
6,NaN,NaN,NaN,NaN,NaN,NaN,NaN,NaN
7,NaN,NaN,NaN,NaN,NaN,NaN,NaN,NaN
8,NaN,NaN,NaN,NaN,NaN,NaN,NaN,NaN
9,NaN,NaN,NaN,NaN,NaN,NaN,NaN,NaN
10,NaN,NaN,NaN,NaN,NaN,NaN,NaN,NaN
11,NaN,NaN,NaN,NaN,NaN,NaN,NaN,NaN
1,NaN,NaN,NaN,NaN,NaN,NaN,NaN,NaN
2,NaN,NaN,NaN,NaN,NaN,NaN,NaN,NaN
3,NaN,NaN,NaN,NaN,NaN,NaN,NaN,NaN
4,NaN,NaN,NaN,NaN,NaN,NaN,NaN,NaN
5,NaN,NaN,NaN,NaN,NaN,NaN,NaN,NaN
6,NaN,NaN,NaN,NaN,NaN,NaN,NaN,NaN
7,NaN,NaN,NaN,NaN,NaN,NaN,NaN,NaN
8,NaN,NaN,NaN,NaN,NaN,NaN,NaN,NaN
9,NaN,NaN,NaN,NaN,NaN,NaN,NaN,NaN
10,NaN,NaN,NaN,NaN,NaN,NaN,NaN,NaN
11,NaN,NaN,NaN,NaN,NaN,NaN,NaN,NaN
1,NaN,NaN,NaN,NaN,NaN,NaN,NaN,NaN
2,NaN,NaN,NaN,NaN,NaN,NaN,NaN,NaN
3,NaN,NaN,NaN,NaN,NaN,NaN,NaN,NaN
4,NaN,NaN,NaN,NaN,NaN,NaN,NaN,NaN
5,NaN,NaN,NaN,NaN,NaN,NaN,NaN,NaN
6,NaN,NaN,NaN,NaN,NaN,NaN,NaN,NaN
7,NaN,NaN,NaN,NaN,NaN,NaN,NaN,NaN
8,NaN,NaN,NaN,NaN,NaN,NaN,NaN,NaN
9,NaN,NaN,NaN,NaN,NaN,NaN,NaN,NaN
10,NaN,NaN,NaN,NaN,NaN,NaN,NaN,NaN
11,NaN,NaN,NaN,NaN,NaN,NaN,NaN,NaN
1,NaN,NaN,NaN,NaN,NaN,NaN,NaN,NaN
2,NaN,NaN,NaN,NaN,NaN,NaN,NaN,NaN
3,NaN,NaN,NaN,NaN,NaN,NaN,NaN,NaN
4,NaN,NaN,NaN,NaN,NaN,NaN,NaN,NaN
5,NaN,NaN,NaN,NaN,NaN,NaN,NaN,NaN
6,NaN,NaN,NaN,NaN,NaN,NaN,NaN,NaN
7,NaN,NaN,NaN,NaN,NaN,NaN,NaN,NaN
8,NaN,NaN,NaN,NaN,NaN,NaN,NaN,NaN
9,NaN,NaN,NaN,NaN,NaN,NaN,NaN,NaN
10,NaN,NaN,NaN,NaN,NaN,NaN,NaN,NaN
11,NaN,NaN,NaN,NaN,NaN,NaN,NaN,NaN
1,NaN,NaN,NaN,NaN,NaN,NaN,NaN,NaN
2,NaN,NaN,NaN,NaN,NaN,NaN,NaN,NaN
3,NaN,NaN,NaN,NaN,NaN,NaN,NaN,NaN
4,NaN,NaN,NaN,NaN,NaN,NaN,NaN,NaN
5,NaN,NaN,NaN,NaN,NaN,NaN,NaN,NaN
6,NaN,NaN,NaN,NaN,NaN,NaN,NaN,NaN
7,NaN,NaN,NaN,NaN,NaN,NaN,NaN,NaN
8,NaN,NaN,NaN,NaN,NaN,NaN,NaN,NaN
9,NaN,NaN,NaN,NaN,NaN,NaN,NaN,NaN
10,NaN,NaN,NaN,NaN,NaN,NaN,NaN,NaN
11,NaN,NaN,NaN,NaN,NaN,NaN,NaN,NaN
1,NaN,NaN,NaN,NaN,NaN,NaN,NaN,NaN
2,NaN,NaN,NaN,NaN,NaN,NaN,NaN,NaN
3,NaN,NaN,NaN,NaN,NaN,NaN,NaN,NaN
4,NaN,NaN,NaN,NaN,NaN,NaN,NaN,NaN
5,NaN,NaN,NaN,NaN,NaN,NaN,NaN,NaN
6,NaN,NaN,NaN,NaN,NaN,NaN,NaN,NaN
7,NaN,NaN,NaN,NaN,NaN,NaN,NaN,NaN
8,NaN,NaN,NaN,NaN,NaN,NaN,NaN,NaN
9,NaN,NaN,NaN,NaN,NaN,NaN,NaN,NaN
10,NaN,NaN,NaN,NaN,NaN,NaN,NaN,NaN
11,NaN,NaN,NaN,NaN,NaN,NaN,NaN,NaN
1,NaN,NaN,NaN,NaN,NaN,NaN,NaN,NaN
2,NaN,NaN,NaN,NaN,NaN,NaN,NaN,NaN
3,NaN,NaN,NaN,NaN,NaN,NaN,NaN,NaN
4,NaN,NaN,NaN,NaN,NaN,NaN,NaN,NaN
5,NaN,NaN,NaN,NaN,NaN,NaN,NaN,NaN
6,NaN,NaN,NaN,NaN,NaN,NaN,NaN,NaN
7,NaN,NaN,NaN,NaN,NaN,NaN,NaN,NaN
8,NaN,NaN,NaN,NaN,NaN,NaN,NaN,NaN
9,NaN,NaN,NaN,NaN,NaN,NaN,NaN,NaN
10,NaN,NaN,NaN,NaN,NaN,NaN,NaN,NaN
11,NaN,NaN,NaN,NaN,NaN,NaN,NaN,NaN
1,NaN,NaN,NaN,NaN,NaN,NaN,NaN,NaN
2,NaN,NaN,NaN,NaN,NaN,NaN,NaN,NaN
3,NaN,NaN,NaN,NaN,NaN,NaN,NaN,NaN
4,NaN,NaN,NaN,NaN,NaN,NaN,NaN,NaN
5,NaN,NaN,NaN,NaN,NaN,NaN,NaN,NaN
6,NaN,NaN,NaN,NaN,NaN,NaN,NaN,NaN
7,NaN,NaN,NaN,NaN,NaN,NaN,NaN,NaN
8,NaN,NaN,NaN,NaN,NaN,NaN,NaN,NaN
9,NaN,NaN,NaN,NaN,NaN,NaN,NaN,NaN
10,NaN,NaN,NaN,NaN,NaN,NaN,NaN,NaN
11,NaN,NaN,NaN,NaN,NaN,NaN,NaN,NaN
1,NaN,NaN,NaN,NaN,NaN,NaN,NaN,NaN
2,NaN,NaN,NaN,NaN,NaN,NaN,NaN,NaN
3,NaN,NaN,NaN,NaN,NaN,NaN,NaN,NaN
4,NaN,NaN,NaN,NaN,NaN,NaN,NaN,NaN
5,NaN,NaN,NaN,NaN,NaN,NaN,NaN,NaN
6,NaN,NaN,NaN,NaN,NaN,NaN,NaN,NaN
7,NaN,NaN,NaN,NaN,NaN,NaN,NaN,NaN
8,NaN,NaN,NaN,NaN,NaN,NaN,NaN,NaN
9,NaN,NaN,NaN,NaN,NaN,NaN,NaN,NaN
10,NaN,NaN,NaN,NaN,NaN,NaN,NaN,NaN
11,NaN,NaN,NaN,NaN,NaN,NaN,NaN,NaN
1,NaN,NaN,NaN,NaN,NaN,NaN,NaN,NaN
2,NaN,NaN,NaN,NaN,NaN,NaN,NaN,NaN
3,NaN,NaN,NaN,NaN,NaN,NaN,NaN,NaN
4,NaN,NaN,NaN,NaN,NaN,NaN,NaN,NaN
5,NaN,NaN,NaN,NaN,NaN,NaN,NaN,NaN
6,NaN,NaN,NaN,NaN,NaN,NaN,NaN,NaN
7,NaN,NaN,NaN,NaN,NaN,NaN,NaN,NaN
8,NaN,NaN,NaN,NaN,NaN,NaN,NaN,NaN
9,NaN,NaN,NaN,NaN,NaN,NaN,NaN,NaN
10,NaN,NaN,NaN,NaN,NaN,NaN,NaN,NaN
11,NaN,NaN,NaN,NaN,NaN,NaN,NaN,NaN
1,NaN,NaN,NaN,NaN,NaN,NaN,NaN,NaN
2,NaN,NaN,NaN,NaN,NaN,NaN,NaN,NaN
3,NaN,NaN,NaN,NaN,NaN,NaN,NaN,NaN
4,NaN,NaN,NaN,NaN,NaN,NaN,NaN,NaN
5,NaN,NaN,NaN,NaN,NaN,NaN,NaN,NaN
6,NaN,NaN,NaN,NaN,NaN,NaN,NaN,NaN
7,NaN,NaN,NaN,NaN,NaN,NaN,NaN,NaN
8,NaN,NaN,NaN,NaN,NaN,NaN,NaN,NaN
9,NaN,NaN,NaN,NaN,NaN,NaN,NaN,NaN
10,NaN,NaN,NaN,NaN,NaN,NaN,NaN,NaN
11,NaN,NaN,NaN,NaN,NaN,NaN,NaN,NaN
1,NaN,NaN,NaN,NaN,NaN,NaN,NaN,NaN
2,NaN,NaN,NaN,NaN,NaN,NaN,NaN,NaN
3,NaN,NaN,NaN,NaN,NaN,NaN,NaN,NaN
4,NaN,NaN,NaN,NaN,NaN,NaN,NaN,NaN
5,NaN,NaN,NaN,NaN,NaN,NaN,NaN,NaN
6,NaN,NaN,NaN,NaN,NaN,NaN,NaN,NaN
7,NaN,NaN,NaN,NaN,NaN,NaN,NaN,NaN
8,NaN,NaN,NaN,NaN,NaN,NaN,NaN,NaN
9,NaN,NaN,NaN,NaN,NaN,NaN,NaN,NaN
10,NaN,NaN,NaN,NaN,NaN,NaN,NaN,NaN
11,NaN,NaN,NaN,NaN,NaN,NaN,NaN,NaN
1,NaN,NaN,NaN,NaN,NaN,NaN,NaN,NaN
2,NaN,NaN,NaN,NaN,NaN,NaN,NaN,NaN
3,NaN,NaN,NaN,NaN,NaN,NaN,NaN,NaN
4,NaN,NaN,NaN,NaN,NaN,NaN,NaN,NaN
5,NaN,NaN,NaN,NaN,NaN,NaN,NaN,NaN
6,NaN,NaN,NaN,NaN,NaN,NaN,NaN,NaN
7,NaN,NaN,NaN,NaN,NaN,NaN,NaN,NaN
8,NaN,NaN,NaN,NaN,NaN,NaN,NaN,NaN
9,NaN,NaN,NaN,NaN,NaN,NaN,NaN,NaN
10,NaN,NaN,NaN,NaN,NaN,NaN,NaN,NaN
11,NaN,NaN,NaN,NaN,NaN,NaN,NaN,NaN
1,NaN,NaN,NaN,NaN,NaN,NaN,NaN,NaN
2,NaN,NaN,NaN,NaN,NaN,NaN,NaN,NaN
3,NaN,NaN,NaN,NaN,NaN,NaN,NaN,NaN
4,NaN,NaN,NaN,NaN,NaN,NaN,NaN,NaN
5,NaN,NaN,NaN,NaN,NaN,NaN,NaN,NaN
6,NaN,NaN,NaN,NaN,NaN,NaN,NaN,NaN
7,NaN,NaN,NaN,NaN,NaN,NaN,NaN,NaN
8,NaN,NaN,NaN,NaN,NaN,NaN,NaN,NaN
9,NaN,NaN,NaN,NaN,NaN,NaN,NaN,NaN
10,NaN,NaN,NaN,NaN,NaN,NaN,NaN,NaN
11,NaN,NaN,NaN,NaN,NaN,NaN,NaN,NaN
1,NaN,NaN,NaN,NaN,NaN,NaN,NaN,NaN
2,NaN,NaN,NaN,NaN,NaN,NaN,NaN,NaN
3,NaN,NaN,NaN,NaN,NaN,NaN,NaN,NaN
4,NaN,NaN,NaN,NaN,NaN,NaN,NaN,NaN
5,NaN,NaN,NaN,NaN,NaN,NaN,NaN,NaN
6,NaN,NaN,NaN,NaN,NaN,NaN,NaN,NaN
7,NaN,NaN,NaN,NaN,NaN,NaN,NaN,NaN
8,NaN,NaN,NaN,NaN,NaN,NaN,NaN,NaN
9,NaN,NaN,NaN,NaN,NaN,NaN,NaN,NaN
10,NaN,NaN,NaN,NaN,NaN,NaN,NaN,NaN
11,NaN,NaN,NaN,NaN,NaN,NaN,NaN,NaN
1,NaN,NaN,NaN,NaN,NaN,NaN,NaN,NaN
2,NaN,NaN,NaN,NaN,NaN,NaN,NaN,NaN
3,NaN,NaN,NaN,NaN,NaN,NaN,NaN,NaN
4,NaN,NaN,NaN,NaN,NaN,NaN,NaN,NaN
5,NaN,NaN,NaN,NaN,NaN,NaN,NaN,NaN
6,NaN,NaN,NaN,NaN,NaN,NaN,NaN,NaN
7,NaN,NaN,NaN,NaN,NaN,NaN,NaN,NaN
8,NaN,NaN,NaN,NaN,NaN,NaN,NaN,NaN
9,NaN,NaN,NaN,NaN,NaN,NaN,NaN,NaN
10,NaN,NaN,NaN,NaN,NaN,NaN,NaN,NaN
11,NaN,NaN,NaN,NaN,NaN,NaN,NaN,NaN
1,NaN,NaN,NaN,NaN,NaN,NaN,NaN,NaN
2,NaN,NaN,NaN,NaN,NaN,NaN,NaN,NaN
3,NaN,NaN,NaN,NaN,NaN,NaN,NaN,NaN
4,NaN,NaN,NaN,NaN,NaN,NaN,NaN,NaN
5,NaN,NaN,NaN,NaN,NaN,NaN,NaN,NaN
6,NaN,NaN,NaN,NaN,NaN,NaN,NaN,NaN
7,NaN,NaN,NaN,NaN,NaN,NaN,NaN,NaN
8,NaN,NaN,NaN,NaN,NaN,NaN,NaN,NaN
9,NaN,NaN,NaN,NaN,NaN,NaN,NaN,NaN
10,NaN,NaN,NaN,NaN,NaN,NaN,NaN,NaN
11,NaN,NaN,NaN,NaN,NaN,NaN,NaN,NaN
1,NaN,NaN,NaN,NaN,NaN,NaN,NaN,NaN
2,NaN,NaN,NaN,NaN,NaN,NaN,NaN,NaN
3,NaN,NaN,NaN,NaN,NaN,NaN,NaN,NaN
4,NaN,NaN,NaN,NaN,NaN,NaN,NaN,NaN
5,NaN,NaN,NaN,NaN,NaN,NaN,NaN,NaN
6,NaN,NaN,NaN,NaN,NaN,NaN,NaN,NaN
7,NaN,NaN,NaN,NaN,NaN,NaN,NaN,NaN
8,NaN,NaN,NaN,NaN,NaN,NaN,NaN,NaN
9,NaN,NaN,NaN,NaN,NaN,NaN,NaN,NaN
10,NaN,NaN,NaN,NaN,NaN,NaN,NaN,NaN
11,NaN,NaN,NaN,NaN,NaN,NaN,NaN,NaN
1,NaN,NaN,NaN,NaN,NaN,NaN,NaN,NaN
2,NaN,NaN,NaN,NaN,NaN,NaN,NaN,NaN
3,NaN,NaN,NaN,NaN,NaN,NaN,NaN,NaN
4,NaN,NaN,NaN,NaN,NaN,NaN,NaN,NaN
5,NaN,NaN,NaN,NaN,NaN,NaN,NaN,NaN
6,NaN,NaN,NaN,NaN,NaN,NaN,NaN,NaN
7,NaN,NaN,NaN,NaN,NaN,NaN,NaN,NaN
8,NaN,NaN,NaN,NaN,NaN,NaN,NaN,NaN
9,NaN,NaN,NaN,NaN,NaN,NaN,NaN,NaN
10,NaN,NaN,NaN,NaN,NaN,NaN,NaN,NaN
11,NaN,NaN,NaN,NaN,NaN,NaN,NaN,NaN
1,NaN,NaN,NaN,NaN,NaN,NaN,NaN,NaN
2,NaN,NaN,NaN,NaN,NaN,NaN,NaN,NaN
3,NaN,NaN,NaN,NaN,NaN,NaN,NaN,NaN
4,NaN,NaN,NaN,NaN,NaN,NaN,NaN,NaN
5,NaN,NaN,NaN,NaN,NaN,NaN,NaN,NaN
6,NaN,NaN,NaN,NaN,NaN,NaN,NaN,NaN
7,NaN,NaN,NaN,NaN,NaN,NaN,NaN,NaN
8,NaN,NaN,NaN,NaN,NaN,NaN,NaN,NaN
9,NaN,NaN,NaN,NaN,NaN,NaN,NaN,NaN
10,NaN,NaN,NaN,NaN,NaN,NaN,NaN,NaN
11,NaN,NaN,NaN,NaN,NaN,NaN,NaN,NaN
1,NaN,NaN,NaN,NaN,NaN,NaN,NaN,NaN
2,NaN,NaN,NaN,NaN,NaN,NaN,NaN,NaN
3,NaN,NaN,NaN,NaN,NaN,NaN,NaN,NaN
4,NaN,NaN,NaN,NaN,NaN,NaN,NaN,NaN
5,NaN,NaN,NaN,NaN,NaN,NaN,NaN,NaN
6,NaN,NaN,NaN,NaN,NaN,NaN,NaN,NaN
7,NaN,NaN,NaN,NaN,NaN,NaN,NaN,NaN
8,NaN,NaN,NaN,NaN,NaN,NaN,NaN,NaN
9,NaN,NaN,NaN,NaN,NaN,NaN,NaN,NaN
10,NaN,NaN,NaN,NaN,NaN,NaN,NaN,NaN
11,NaN,NaN,NaN,NaN,NaN,NaN,NaN,NaN
1,NaN,NaN,NaN,NaN,NaN,NaN,NaN,NaN
2,NaN,NaN,NaN,NaN,NaN,NaN,NaN,NaN
3,NaN,NaN,NaN,NaN,NaN,NaN,NaN,NaN
4,NaN,NaN,NaN,NaN,NaN,NaN,NaN,NaN
5,NaN,NaN,NaN,NaN,NaN,NaN,NaN,NaN
6,NaN,NaN,NaN,NaN,NaN,NaN,NaN,NaN
7,NaN,NaN,NaN,NaN,NaN,NaN,NaN,NaN
8,NaN,NaN,NaN,NaN,NaN,NaN,NaN,NaN
9,NaN,NaN,NaN,NaN,NaN,NaN,NaN,NaN
10,NaN,NaN,NaN,NaN,NaN,NaN,NaN,NaN
11,NaN,NaN,NaN,NaN,NaN,NaN,NaN,NaN
1,NaN,NaN,NaN,NaN,NaN,NaN,NaN,NaN
2,NaN,NaN,NaN,NaN,NaN,NaN,NaN,NaN
3,NaN,NaN,NaN,NaN,NaN,NaN,NaN,NaN
4,NaN,NaN,NaN,NaN,NaN,NaN,NaN,NaN
5,NaN,NaN,NaN,NaN,NaN,NaN,NaN,NaN
6,NaN,NaN,NaN,NaN,NaN,NaN,NaN,NaN
7,NaN,NaN,NaN,NaN,NaN,NaN,NaN,NaN
8,NaN,NaN,NaN,NaN,NaN,NaN,NaN,NaN
9,NaN,NaN,NaN,NaN,NaN,NaN,NaN,NaN
10,NaN,NaN,NaN,NaN,NaN,NaN,NaN,NaN
11,NaN,NaN,NaN,NaN,NaN,NaN,NaN,NaN
1,NaN,NaN,NaN,NaN,NaN,NaN,NaN,NaN
2,NaN,NaN,NaN,NaN,NaN,NaN,NaN,NaN
3,NaN,NaN,NaN,NaN,NaN,NaN,NaN,NaN
4,NaN,NaN,NaN,NaN,NaN,NaN,NaN,NaN
5,NaN,NaN,NaN,NaN,NaN,NaN,NaN,NaN
6,NaN,NaN,NaN,NaN,NaN,NaN,NaN,NaN
7,NaN,NaN,NaN,NaN,NaN,NaN,NaN,NaN
8,NaN,NaN,NaN,NaN,NaN,NaN,NaN,NaN
9,NaN,NaN,NaN,NaN,NaN,NaN,NaN,NaN
10,NaN,NaN,NaN,NaN,NaN,NaN,NaN,NaN
11,NaN,NaN,NaN,NaN,NaN,NaN,NaN,NaN
1,NaN,NaN,NaN,NaN,NaN,NaN,NaN,NaN
2,NaN,NaN,NaN,NaN,NaN,NaN,NaN,NaN
3,NaN,NaN,NaN,NaN,NaN,NaN,NaN,NaN
4,NaN,NaN,NaN,NaN,NaN,NaN,NaN,NaN
5,NaN,NaN,NaN,NaN,NaN,NaN,NaN,NaN
6,NaN,NaN,NaN,NaN,NaN,NaN,NaN,NaN
7,NaN,NaN,NaN,NaN,NaN,NaN,NaN,NaN
8,NaN,NaN,NaN,NaN,NaN,NaN,NaN,NaN
9,NaN,NaN,NaN,NaN,NaN,NaN,NaN,NaN
10,NaN,NaN,NaN,NaN,NaN,NaN,NaN,NaN
11,NaN,NaN,NaN,NaN,NaN,NaN,NaN,NaN
1,NaN,NaN,NaN,NaN,NaN,NaN,NaN,NaN
2,NaN,NaN,NaN,NaN,NaN,NaN,NaN,NaN
3,NaN,NaN,NaN,NaN,NaN,NaN,NaN,NaN
4,NaN,NaN,NaN,NaN,NaN,NaN,NaN,NaN
5,NaN,NaN,NaN,NaN,NaN,NaN,NaN,NaN
6,NaN,NaN,NaN,NaN,NaN,NaN,NaN,NaN
7,NaN,NaN,NaN,NaN,NaN,NaN,NaN,NaN
8,NaN,NaN,NaN,NaN,NaN,NaN,NaN,NaN
9,NaN,NaN,NaN,NaN,NaN,NaN,NaN,NaN
10,NaN,NaN,NaN,NaN,NaN,NaN,NaN,NaN
11,NaN,NaN,NaN,NaN,NaN,NaN,NaN,NaN
1,NaN,NaN,NaN,NaN,NaN,NaN,NaN,NaN
2,NaN,NaN,NaN,NaN,NaN,NaN,NaN,NaN
3,NaN,NaN,NaN,NaN,NaN,NaN,NaN,NaN
4,NaN,NaN,NaN,NaN,NaN,NaN,NaN,NaN
5,NaN,NaN,NaN,NaN,NaN,NaN,NaN,NaN
6,NaN,NaN,NaN,NaN,NaN,NaN,NaN,NaN
7,NaN,NaN,NaN,NaN,NaN,NaN,NaN,NaN
8,NaN,NaN,NaN,NaN,NaN,NaN,NaN,NaN
9,NaN,NaN,NaN,NaN,NaN,NaN,NaN,NaN
10,NaN,NaN,NaN,NaN,NaN,NaN,NaN,NaN
11,NaN,NaN,NaN,NaN,NaN,NaN,NaN,NaN
1,NaN,NaN,NaN,NaN,NaN,NaN,NaN,NaN
2,NaN,NaN,NaN,NaN,NaN,NaN,NaN,NaN
3,NaN,NaN,NaN,NaN,NaN,NaN,NaN,NaN
4,NaN,NaN,NaN,NaN,NaN,NaN,NaN,NaN
5,NaN,NaN,NaN,NaN,NaN,NaN,NaN,NaN
6,NaN,NaN,NaN,NaN,NaN,NaN,NaN,NaN
7,NaN,NaN,NaN,NaN,NaN,NaN,NaN,NaN
8,NaN,NaN,NaN,NaN,NaN,NaN,NaN,NaN
9,NaN,NaN,NaN,NaN,NaN,NaN,NaN,NaN
10,NaN,NaN,NaN,NaN,NaN,NaN,NaN,NaN
11,NaN,NaN,NaN,NaN,NaN,NaN,NaN,NaN
1,NaN,NaN,NaN,NaN,NaN,NaN,NaN,NaN
2,NaN,NaN,NaN,NaN,NaN,NaN,NaN,NaN
3,NaN,NaN,NaN,NaN,NaN,NaN,NaN,NaN
4,NaN,NaN,NaN,NaN,NaN,NaN,NaN,NaN
5,NaN,NaN,NaN,NaN,NaN,NaN,NaN,NaN
6,NaN,NaN,NaN,NaN,NaN,NaN,NaN,NaN
7,NaN,NaN,NaN,NaN,NaN,NaN,NaN,NaN
8,NaN,NaN,NaN,NaN,NaN,NaN,NaN,NaN
9,NaN,NaN,NaN,NaN,NaN,NaN,NaN,NaN
10,NaN,NaN,NaN,NaN,NaN,NaN,NaN,NaN
11,NaN,NaN,NaN,NaN,NaN,NaN,NaN,NaN
1,NaN,NaN,NaN,NaN,NaN,NaN,NaN,NaN
2,NaN,NaN,NaN,NaN,NaN,NaN,NaN,NaN
3,NaN,NaN,NaN,NaN,NaN,NaN,NaN,NaN
4,NaN,NaN,NaN,NaN,NaN,NaN,NaN,NaN
5,NaN,NaN,NaN,NaN,NaN,NaN,NaN,NaN
6,NaN,NaN,NaN,NaN,NaN,NaN,NaN,NaN
7,NaN,NaN,NaN,NaN,NaN,NaN,NaN,NaN
8,NaN,NaN,NaN,NaN,NaN,NaN,NaN,NaN
9,NaN,NaN,NaN,NaN,NaN,NaN,NaN,NaN
10,NaN,NaN,NaN,NaN,NaN,NaN,NaN,NaN
11,NaN,NaN,NaN,NaN,NaN,NaN,NaN,NaN
1,NaN,NaN,NaN,NaN,NaN,NaN,NaN,NaN
2,NaN,NaN,NaN,NaN,NaN,NaN,NaN,NaN
3,NaN,NaN,NaN,NaN,NaN,NaN,NaN,NaN
4,NaN,NaN,NaN,NaN,NaN,NaN,NaN,NaN
5,NaN,NaN,NaN,NaN,NaN,NaN,NaN,NaN
6,NaN,NaN,NaN,NaN,NaN,NaN,NaN,NaN
7,NaN,NaN,NaN,NaN,NaN,NaN,NaN,NaN
8,NaN,NaN,NaN,NaN,NaN,NaN,NaN,NaN
9,NaN,NaN,NaN,NaN,NaN,NaN,NaN,NaN
10,NaN,NaN,NaN,NaN,NaN,NaN,NaN,NaN
11,NaN,NaN,NaN,NaN,NaN,NaN,NaN,NaN
1,NaN,NaN,NaN,NaN,NaN,NaN,NaN,NaN
2,NaN,NaN,NaN,NaN,NaN,NaN,NaN,NaN
3,NaN,NaN,NaN,NaN,NaN,NaN,NaN,NaN
4,NaN,NaN,NaN,NaN,NaN,NaN,NaN,NaN
5,NaN,NaN,NaN,NaN,NaN,NaN,NaN,NaN
6,NaN,NaN,NaN,NaN,NaN,NaN,NaN,NaN
7,NaN,NaN,NaN,NaN,NaN,NaN,NaN,NaN
8,NaN,NaN,NaN,NaN,NaN,NaN,NaN,NaN
9,NaN,NaN,NaN,NaN,NaN,NaN,NaN,NaN
10,NaN,NaN,NaN,NaN,NaN,NaN,NaN,NaN
11,NaN,NaN,NaN,NaN,NaN,NaN,NaN,NaN
1,NaN,NaN,NaN,NaN,NaN,NaN,NaN,NaN
2,NaN,NaN,NaN,NaN,NaN,NaN,NaN,NaN
3,NaN,NaN,NaN,NaN,NaN,NaN,NaN,NaN
4,NaN,NaN,NaN,NaN,NaN,NaN,NaN,NaN
5,NaN,NaN,NaN,NaN,NaN,NaN,NaN,NaN
6,NaN,NaN,NaN,NaN,NaN,NaN,NaN,NaN
7,NaN,NaN,NaN,NaN,NaN,NaN,NaN,NaN
8,NaN,NaN,NaN,NaN,NaN,NaN,NaN,NaN
9,NaN,NaN,NaN,NaN,NaN,NaN,NaN,NaN
10,NaN,NaN,NaN,NaN,NaN,NaN,NaN,NaN
11,NaN,NaN,NaN,NaN,NaN,NaN,NaN,NaN
1,NaN,NaN,NaN,NaN,NaN,NaN,NaN,NaN
2,NaN,NaN,NaN,NaN,NaN,NaN,NaN,NaN
3,NaN,NaN,NaN,NaN,NaN,NaN,NaN,NaN
4,NaN,NaN,NaN,NaN,NaN,NaN,NaN,NaN
5,NaN,NaN,NaN,NaN,NaN,NaN,NaN,NaN
6,NaN,NaN,NaN,NaN,NaN,NaN,NaN,NaN
7,NaN,NaN,NaN,NaN,NaN,NaN,NaN,NaN
8,NaN,NaN,NaN,NaN,NaN,NaN,NaN,NaN
9,NaN,NaN,NaN,NaN,NaN,NaN,NaN,NaN
10,NaN,NaN,NaN,NaN,NaN,NaN,NaN,NaN
11,NaN,NaN,NaN,NaN,NaN,NaN,NaN,NaN
1,NaN,NaN,NaN,NaN,NaN,NaN,NaN,NaN
2,NaN,NaN,NaN,NaN,NaN,NaN,NaN,NaN
3,NaN,NaN,NaN,NaN,NaN,NaN,NaN,NaN
4,NaN,NaN,NaN,NaN,NaN,NaN,NaN,NaN
5,NaN,NaN,NaN,NaN,NaN,NaN,NaN,NaN
6,NaN,NaN,NaN,NaN,NaN,NaN,NaN,NaN
7,NaN,NaN,NaN,NaN,NaN,NaN,NaN,NaN
8,NaN,NaN,NaN,NaN,NaN,NaN,NaN,NaN
9,NaN,NaN,NaN,NaN,NaN,NaN,NaN,NaN
10,NaN,NaN,NaN,NaN,NaN,NaN,NaN,NaN
11,NaN,NaN,NaN,NaN,NaN,NaN,NaN,NaN
1,NaN,NaN,NaN,NaN,NaN,NaN,NaN,NaN
2,NaN,NaN,NaN,NaN,NaN,NaN,NaN,NaN
3,NaN,NaN,NaN,NaN,NaN,NaN,NaN,NaN
4,NaN,NaN,NaN,NaN,NaN,NaN,NaN,NaN
5,NaN,NaN,NaN,NaN,NaN,NaN,NaN,NaN
6,NaN,NaN,NaN,NaN,NaN,NaN,NaN,NaN
7,NaN,NaN,NaN,NaN,NaN,NaN,NaN,NaN
8,NaN,NaN,NaN,NaN,NaN,NaN,NaN,NaN
9,NaN,NaN,NaN,NaN,NaN,NaN,NaN,NaN
10,NaN,NaN,NaN,NaN,NaN,NaN,NaN,NaN
11,NaN,NaN,NaN,NaN,NaN,NaN,NaN,NaN
1,NaN,NaN,NaN,NaN,NaN,NaN,NaN,NaN
2,NaN,NaN,NaN,NaN,NaN,NaN,NaN,NaN
3,NaN,NaN,NaN,NaN,NaN,NaN,NaN,NaN
4,NaN,NaN,NaN,NaN,NaN,NaN,NaN,NaN
5,NaN,NaN,NaN,NaN,NaN,NaN,NaN,NaN
6,NaN,NaN,NaN,NaN,NaN,NaN,NaN,NaN
7,NaN,NaN,NaN,NaN,NaN,NaN,NaN,NaN
8,NaN,NaN,NaN,NaN,NaN,NaN,NaN,NaN
9,NaN,NaN,NaN,NaN,NaN,NaN,NaN,NaN
10,NaN,NaN,NaN,NaN,NaN,NaN,NaN,NaN
11,NaN,NaN,NaN,NaN,NaN,NaN,NaN,NaN
1,NaN,NaN,NaN,NaN,NaN,NaN,NaN,NaN
2,NaN,NaN,NaN,NaN,NaN,NaN,NaN,NaN
3,NaN,NaN,NaN,NaN,NaN,NaN,NaN,NaN
4,NaN,NaN,NaN,NaN,NaN,NaN,NaN,NaN
5,NaN,NaN,NaN,NaN,NaN,NaN,NaN,NaN
6,NaN,NaN,NaN,NaN,NaN,NaN,NaN,NaN
7,NaN,NaN,NaN,NaN,NaN,NaN,NaN,NaN
8,NaN,NaN,NaN,NaN,NaN,NaN,NaN,NaN
9,NaN,NaN,NaN,NaN,NaN,NaN,NaN,NaN
10,NaN,NaN,NaN,NaN,NaN,NaN,NaN,NaN
11,NaN,NaN,NaN,NaN,NaN,NaN,NaN,NaN
1,NaN,NaN,NaN,NaN,NaN,NaN,NaN,NaN
2,NaN,NaN,NaN,NaN,NaN,NaN,NaN,NaN
3,NaN,NaN,NaN,NaN,NaN,NaN,NaN,NaN
4,NaN,NaN,NaN,NaN,NaN,NaN,NaN,NaN
5,NaN,NaN,NaN,NaN,NaN,NaN,NaN,NaN
6,NaN,NaN,NaN,NaN,NaN,NaN,NaN,NaN
7,NaN,NaN,NaN,NaN,NaN,NaN,NaN,NaN
8,NaN,NaN,NaN,NaN,NaN,NaN,NaN,NaN
9,NaN,NaN,NaN,NaN,NaN,NaN,NaN,NaN
10,NaN,NaN,NaN,NaN,NaN,NaN,NaN,NaN
11,NaN,NaN,NaN,NaN,NaN,NaN,NaN,NaN
1,NaN,NaN,NaN,NaN,NaN,NaN,NaN,NaN
2,NaN,NaN,NaN,NaN,NaN,NaN,NaN,NaN
3,NaN,NaN,NaN,NaN,NaN,NaN,NaN,NaN
4,NaN,NaN,NaN,NaN,NaN,NaN,NaN,NaN
5,NaN,NaN,NaN,NaN,NaN,NaN,NaN,NaN
6,NaN,NaN,NaN,NaN,NaN,NaN,NaN,NaN
7,NaN,NaN,NaN,NaN,NaN,NaN,NaN,NaN
8,NaN,NaN,NaN,NaN,NaN,NaN,NaN,NaN
9,NaN,NaN,NaN,NaN,NaN,NaN,NaN,NaN
10,NaN,NaN,NaN,NaN,NaN,NaN,NaN,NaN
11,NaN,NaN,NaN,NaN,NaN,NaN,NaN,NaN
1,NaN,NaN,NaN,NaN,NaN,NaN,NaN,NaN
2,NaN,NaN,NaN,NaN,NaN,NaN,NaN,NaN
3,NaN,NaN,NaN,NaN,NaN,NaN,NaN,NaN
4,NaN,NaN,NaN,NaN,NaN,NaN,NaN,NaN
5,NaN,NaN,NaN,NaN,NaN,NaN,NaN,NaN
6,NaN,NaN,NaN,NaN,NaN,NaN,NaN,NaN
7,NaN,NaN,NaN,NaN,NaN,NaN,NaN,NaN
8,NaN,NaN,NaN,NaN,NaN,NaN,NaN,NaN
9,NaN,NaN,NaN,NaN,NaN,NaN,NaN,NaN
10,NaN,NaN,NaN,NaN,NaN,NaN,NaN,NaN
11,NaN,NaN,NaN,NaN,NaN,NaN,NaN,NaN
1,NaN,NaN,NaN,NaN,NaN,NaN,NaN,NaN
2,NaN,NaN,NaN,NaN,NaN,NaN,NaN,NaN
3,NaN,NaN,NaN,NaN,NaN,NaN,NaN,NaN
4,NaN,NaN,NaN,NaN,NaN,NaN,NaN,NaN
5,NaN,NaN,NaN,NaN,NaN,NaN,NaN,NaN
6,NaN,NaN,NaN,NaN,NaN,NaN,NaN,NaN
7,NaN,NaN,NaN,NaN,NaN,NaN,NaN,NaN
8,NaN,NaN,NaN,NaN,NaN,NaN,NaN,NaN
9,NaN,NaN,NaN,NaN,NaN,NaN,NaN,NaN
10,NaN,NaN,NaN,NaN,NaN,NaN,NaN,NaN
11,NaN,NaN,NaN,NaN,NaN,NaN,NaN,NaN
1,NaN,NaN,NaN,NaN,NaN,NaN,NaN,NaN
2,NaN,NaN,NaN,NaN,NaN,NaN,NaN,NaN
3,NaN,NaN,NaN,NaN,NaN,NaN,NaN,NaN
4,NaN,NaN,NaN,NaN,NaN,NaN,NaN,NaN
5,NaN,NaN,NaN,NaN,NaN,NaN,NaN,NaN
6,NaN,NaN,NaN,NaN,NaN,NaN,NaN,NaN
7,NaN,NaN,NaN,NaN,NaN,NaN,NaN,NaN
8,NaN,NaN,NaN,NaN,NaN,NaN,NaN,NaN
9,NaN,NaN,NaN,NaN,NaN,NaN,NaN,NaN
10,NaN,NaN,NaN,NaN,NaN,NaN,NaN,NaN
11,NaN,NaN,NaN,NaN,NaN,NaN,NaN,NaN
1,NaN,NaN,NaN,NaN,NaN,NaN,NaN,NaN
2,NaN,NaN,NaN,NaN,NaN,NaN,NaN,NaN
3,NaN,NaN,NaN,NaN,NaN,NaN,NaN,NaN
4,NaN,NaN,NaN,NaN,NaN,NaN,NaN,NaN
5,NaN,NaN,NaN,NaN,NaN,NaN,NaN,NaN
6,NaN,NaN,NaN,NaN,NaN,NaN,NaN,NaN
7,NaN,NaN,NaN,NaN,NaN,NaN,NaN,NaN
8,NaN,NaN,NaN,NaN,NaN,NaN,NaN,NaN
9,NaN,NaN,NaN,NaN,NaN,NaN,NaN,NaN
10,NaN,NaN,NaN,NaN,NaN,NaN,NaN,NaN
11,NaN,NaN,NaN,NaN,NaN,NaN,NaN,NaN
1,NaN,NaN,NaN,NaN,NaN,NaN,NaN,NaN
2,NaN,NaN,NaN,NaN,NaN,NaN,NaN,NaN
3,NaN,NaN,NaN,NaN,NaN,NaN,NaN,NaN
4,NaN,NaN,NaN,NaN,NaN,NaN,NaN,NaN
5,NaN,NaN,NaN,NaN,NaN,NaN,NaN,NaN
6,NaN,NaN,NaN,NaN,NaN,NaN,NaN,NaN
7,NaN,NaN,NaN,NaN,NaN,NaN,NaN,NaN
8,NaN,NaN,NaN,NaN,NaN,NaN,NaN,NaN
9,NaN,NaN,NaN,NaN,NaN,NaN,NaN,NaN
10,NaN,NaN,NaN,NaN,NaN,NaN,NaN,NaN
11,NaN,NaN,NaN,NaN,NaN,NaN,NaN,NaN
1,NaN,NaN,NaN,NaN,NaN,NaN,NaN,NaN
2,NaN,NaN,NaN,NaN,NaN,NaN,NaN,NaN
3,NaN,NaN,NaN,NaN,NaN,NaN,NaN,NaN
4,NaN,NaN,NaN,NaN,NaN,NaN,NaN,NaN
5,NaN,NaN,NaN,NaN,NaN,NaN,NaN,NaN
6,NaN,NaN,NaN,NaN,NaN,NaN,NaN,NaN
7,NaN,NaN,NaN,NaN,NaN,NaN,NaN,NaN
8,NaN,NaN,NaN,NaN,NaN,NaN,NaN,NaN
9,NaN,NaN,NaN,NaN,NaN,NaN,NaN,NaN
10,NaN,NaN,NaN,NaN,NaN,NaN,NaN,NaN
11,NaN,NaN,NaN,NaN,NaN,NaN,NaN,NaN
1,NaN,NaN,NaN,NaN,NaN,NaN,NaN,NaN
2,NaN,NaN,NaN,NaN,NaN,NaN,NaN,NaN
3,NaN,NaN,NaN,NaN,NaN,NaN,NaN,NaN
4,NaN,NaN,NaN,NaN,NaN,NaN,NaN,NaN
5,NaN,NaN,NaN,NaN,NaN,NaN,NaN,NaN
6,NaN,NaN,NaN,NaN,NaN,NaN,NaN,NaN
7,NaN,NaN,NaN,NaN,NaN,NaN,NaN,NaN
8,NaN,NaN,NaN,NaN,NaN,NaN,NaN,NaN
9,NaN,NaN,NaN,NaN,NaN,NaN,NaN,NaN
10,NaN,NaN,NaN,NaN,NaN,NaN,NaN,NaN
11,NaN,NaN,NaN,NaN,NaN,NaN,NaN,NaN
1,NaN,NaN,NaN,NaN,NaN,NaN,NaN,NaN
2,NaN,NaN,NaN,NaN,NaN,NaN,NaN,NaN
3,NaN,NaN,NaN,NaN,NaN,NaN,NaN,NaN
4,NaN,NaN,NaN,NaN,NaN,NaN,NaN,NaN
5,NaN,NaN,NaN,NaN,NaN,NaN,NaN,NaN
6,NaN,NaN,NaN,NaN,NaN,NaN,NaN,NaN
7,NaN,NaN,NaN,NaN,NaN,NaN,NaN,NaN
8,NaN,NaN,NaN,NaN,NaN,NaN,NaN,NaN
9,NaN,NaN,NaN,NaN,NaN,NaN,NaN,NaN
10,NaN,NaN,NaN,NaN,NaN,NaN,NaN,NaN
11,NaN,NaN,NaN,NaN,NaN,NaN,NaN,NaN
1,NaN,NaN,NaN,NaN,NaN,NaN,NaN,NaN
2,NaN,NaN,NaN,NaN,NaN,NaN,NaN,NaN
3,NaN,NaN,NaN,NaN,NaN,NaN,NaN,NaN
4,NaN,NaN,NaN,NaN,NaN,NaN,NaN,NaN
5,NaN,NaN,NaN,NaN,NaN,NaN,NaN,NaN
6,NaN,NaN,NaN,NaN,NaN,NaN,NaN,NaN
7,NaN,NaN,NaN,NaN,NaN,NaN,NaN,NaN
8,NaN,NaN,NaN,NaN,NaN,NaN,NaN,NaN
9,NaN,NaN,NaN,NaN,NaN,NaN,NaN,NaN
10,NaN,NaN,NaN,NaN,NaN,NaN,NaN,NaN
11,NaN,NaN,NaN,NaN,NaN,NaN,NaN,NaN
1,NaN,NaN,NaN,NaN,NaN,NaN,NaN,NaN
2,NaN,NaN,NaN,NaN,NaN,NaN,NaN,NaN
3,NaN,NaN,NaN,NaN,NaN,NaN,NaN,NaN
4,NaN,NaN,NaN,NaN,NaN,NaN,NaN,NaN
5,NaN,NaN,NaN,NaN,NaN,NaN,NaN,NaN
6,NaN,NaN,NaN,NaN,NaN,NaN,NaN,NaN
7,NaN,NaN,NaN,NaN,NaN,NaN,NaN,NaN
8,NaN,NaN,NaN,NaN,NaN,NaN,NaN,NaN
9,NaN,NaN,NaN,NaN,NaN,NaN,NaN,NaN
10,NaN,NaN,NaN,NaN,NaN,NaN,NaN,NaN
11,NaN,NaN,NaN,NaN,NaN,NaN,NaN,NaN
1,NaN,NaN,NaN,NaN,NaN,NaN,NaN,NaN
2,NaN,NaN,NaN,NaN,NaN,NaN,NaN,NaN
3,NaN,NaN,NaN,NaN,NaN,NaN,NaN,NaN
4,NaN,NaN,NaN,NaN,NaN,NaN,NaN,NaN
5,NaN,NaN,NaN,NaN,NaN,NaN,NaN,NaN
6,NaN,NaN,NaN,NaN,NaN,NaN,NaN,NaN
7,NaN,NaN,NaN,NaN,NaN,NaN,NaN,NaN
8,NaN,NaN,NaN,NaN,NaN,NaN,NaN,NaN
9,NaN,NaN,NaN,NaN,NaN,NaN,NaN,NaN
10,NaN,NaN,NaN,NaN,NaN,NaN,NaN,NaN
11,NaN,NaN,NaN,NaN,NaN,NaN,NaN,NaN
1,NaN,NaN,NaN,NaN,NaN,NaN,NaN,NaN
2,NaN,NaN,NaN,NaN,NaN,NaN,NaN,NaN
3,NaN,NaN,NaN,NaN,NaN,NaN,NaN,NaN
4,NaN,NaN,NaN,NaN,NaN,NaN,NaN,NaN
5,NaN,NaN,NaN,NaN,NaN,NaN,NaN,NaN
6,NaN,NaN,NaN,NaN,NaN,NaN,NaN,NaN
7,NaN,NaN,NaN,NaN,NaN,NaN,NaN,NaN
8,NaN,NaN,NaN,NaN,NaN,NaN,NaN,NaN
9,NaN,NaN,NaN,NaN,NaN,NaN,NaN,NaN
10,NaN,NaN,NaN,NaN,NaN,NaN,NaN,NaN
11,NaN,NaN,NaN,NaN,NaN,NaN,NaN,NaN
1,NaN,NaN,NaN,NaN,NaN,NaN,NaN,NaN
2,NaN,NaN,NaN,NaN,NaN,NaN,NaN,NaN
3,NaN,NaN,NaN,NaN,NaN,NaN,NaN,NaN
4,NaN,NaN,NaN,NaN,NaN,NaN,NaN,NaN
5,NaN,NaN,NaN,NaN,NaN,NaN,NaN,NaN
6,NaN,NaN,NaN,NaN,NaN,NaN,NaN,NaN
7,NaN,NaN,NaN,NaN,NaN,NaN,NaN,NaN
8,NaN,NaN,NaN,NaN,NaN,NaN,NaN,NaN
9,NaN,NaN,NaN,NaN,NaN,NaN,NaN,NaN
10,NaN,NaN,NaN,NaN,NaN,NaN,NaN,NaN
11,NaN,NaN,NaN,NaN,NaN,NaN,NaN,NaN
1,NaN,NaN,NaN,NaN,NaN,NaN,NaN,NaN
2,NaN,NaN,NaN,NaN,NaN,NaN,NaN,NaN
3,NaN,NaN,NaN,NaN,NaN,NaN,NaN,NaN
4,NaN,NaN,NaN,NaN,NaN,NaN,NaN,NaN
5,NaN,NaN,NaN,NaN,NaN,NaN,NaN,NaN
6,NaN,NaN,NaN,NaN,NaN,NaN,NaN,NaN
7,NaN,NaN,NaN,NaN,NaN,NaN,NaN,NaN
8,NaN,NaN,NaN,NaN,NaN,NaN,NaN,NaN
9,NaN,NaN,NaN,NaN,NaN,NaN,NaN,NaN
10,NaN,NaN,NaN,NaN,NaN,NaN,NaN,NaN
11,NaN,NaN,NaN,NaN,NaN,NaN,NaN,NaN
1,NaN,NaN,NaN,NaN,NaN,NaN,NaN,NaN
2,NaN,NaN,NaN,NaN,NaN,NaN,NaN,NaN
3,NaN,NaN,NaN,NaN,NaN,NaN,NaN,NaN
4,NaN,NaN,NaN,NaN,NaN,NaN,NaN,NaN
5,NaN,NaN,NaN,NaN,NaN,NaN,NaN,NaN
6,NaN,NaN,NaN,NaN,NaN,NaN,NaN,NaN
7,NaN,NaN,NaN,NaN,NaN,NaN,NaN,NaN
8,NaN,NaN,NaN,NaN,NaN,NaN,NaN,NaN
9,NaN,NaN,NaN,NaN,NaN,NaN,NaN,NaN
10,NaN,NaN,NaN,NaN,NaN,NaN,NaN,NaN
11,NaN,NaN,NaN,NaN,NaN,NaN,NaN,NaN
1,NaN,NaN,NaN,NaN,NaN,NaN,NaN,NaN
2,NaN,NaN,NaN,NaN,NaN,NaN,NaN,NaN
3,NaN,NaN,NaN,NaN,NaN,NaN,NaN,NaN
4,NaN,NaN,NaN,NaN,NaN,NaN,NaN,NaN
5,NaN,NaN,NaN,NaN,NaN,NaN,NaN,NaN
6,NaN,NaN,NaN,NaN,NaN,NaN,NaN,NaN
7,NaN,NaN,NaN,NaN,NaN,NaN,NaN,NaN
8,NaN,NaN,NaN,NaN,NaN,NaN,NaN,NaN
9,NaN,NaN,NaN,NaN,NaN,NaN,NaN,NaN
10,NaN,NaN,NaN,NaN,NaN,NaN,NaN,NaN
11,NaN,NaN,NaN,NaN,NaN,NaN,NaN,NaN
1,NaN,NaN,NaN,NaN,NaN,NaN,NaN,NaN
2,NaN,NaN,NaN,NaN,NaN,NaN,NaN,NaN
3,NaN,NaN,NaN,NaN,NaN,NaN,NaN,NaN
4,NaN,NaN,NaN,NaN,NaN,NaN,NaN,NaN
5,NaN,NaN,NaN,NaN,NaN,NaN,NaN,NaN
6,NaN,NaN,NaN,NaN,NaN,NaN,NaN,NaN
7,NaN,NaN,NaN,NaN,NaN,NaN,NaN,NaN
8,NaN,NaN,NaN,NaN,NaN,NaN,NaN,NaN
9,NaN,NaN,NaN,NaN,NaN,NaN,NaN,NaN
10,NaN,NaN,NaN,NaN,NaN,NaN,NaN,NaN
11,NaN,NaN,NaN,NaN,NaN,NaN,NaN,NaN
1,NaN,NaN,NaN,NaN,NaN,NaN,NaN,NaN
2,NaN,NaN,NaN,NaN,NaN,NaN,NaN,NaN
3,NaN,NaN,NaN,NaN,NaN,NaN,NaN,NaN
4,NaN,NaN,NaN,NaN,NaN,NaN,NaN,NaN
5,NaN,NaN,NaN,NaN,NaN,NaN,NaN,NaN
6,NaN,NaN,NaN,NaN,NaN,NaN,NaN,NaN
7,NaN,NaN,NaN,NaN,NaN,NaN,NaN,NaN
8,NaN,NaN,NaN,NaN,NaN,NaN,NaN,NaN
9,NaN,NaN,NaN,NaN,NaN,NaN,NaN,NaN
10,NaN,NaN,NaN,NaN,NaN,NaN,NaN,NaN
11,NaN,NaN,NaN,NaN,NaN,NaN,NaN,NaN
1,NaN,NaN,NaN,NaN,NaN,NaN,NaN,NaN
2,NaN,NaN,NaN,NaN,NaN,NaN,NaN,NaN
3,NaN,NaN,NaN,NaN,NaN,NaN,NaN,NaN
4,NaN,NaN,NaN,NaN,NaN,NaN,NaN,NaN
5,NaN,NaN,NaN,NaN,NaN,NaN,NaN,NaN
6,NaN,NaN,NaN,NaN,NaN,NaN,NaN,NaN
7,NaN,NaN,NaN,NaN,NaN,NaN,NaN,NaN
8,NaN,NaN,NaN,NaN,NaN,NaN,NaN,NaN
9,NaN,NaN,NaN,NaN,NaN,NaN,NaN,NaN
10,NaN,NaN,NaN,NaN,NaN,NaN,NaN,NaN
11,NaN,NaN,NaN,NaN,NaN,NaN,NaN,NaN
1,NaN,NaN,NaN,NaN,NaN,NaN,NaN,NaN
2,NaN,NaN,NaN,NaN,NaN,NaN,NaN,NaN
3,NaN,NaN,NaN,NaN,NaN,NaN,NaN,NaN
4,NaN,NaN,NaN,NaN,NaN,NaN,NaN,NaN
5,NaN,NaN,NaN,NaN,NaN,NaN,NaN,NaN
6,NaN,NaN,NaN,NaN,NaN,NaN,NaN,NaN
7,NaN,NaN,NaN,NaN,NaN,NaN,NaN,NaN
8,NaN,NaN,NaN,NaN,NaN,NaN,NaN,NaN
9,NaN,NaN,NaN,NaN,NaN,NaN,NaN,NaN
10,NaN,NaN,NaN,NaN,NaN,NaN,NaN,NaN
11,NaN,NaN,NaN,NaN,NaN,NaN,NaN,NaN
1,NaN,NaN,NaN,NaN,NaN,NaN,NaN,NaN
2,NaN,NaN,NaN,NaN,NaN,NaN,NaN,NaN
3,NaN,NaN,NaN,NaN,NaN,NaN,NaN,NaN
4,NaN,NaN,NaN,NaN,NaN,NaN,NaN,NaN
5,NaN,NaN,NaN,NaN,NaN,NaN,NaN,NaN
6,NaN,NaN,NaN,NaN,NaN,NaN,NaN,NaN
7,NaN,NaN,NaN,NaN,NaN,NaN,NaN,NaN
8,NaN,NaN,NaN,NaN,NaN,NaN,NaN,NaN
9,NaN,NaN,NaN,NaN,NaN,NaN,NaN,NaN
10,NaN,NaN,NaN,NaN,NaN,NaN,NaN,NaN
11,NaN,NaN,NaN,NaN,NaN,NaN,NaN,NaN
1,NaN,NaN,NaN,NaN,NaN,NaN,NaN,NaN
2,NaN,NaN,NaN,NaN,NaN,NaN,NaN,NaN
3,NaN,NaN,NaN,NaN,NaN,NaN,NaN,NaN
4,NaN,NaN,NaN,NaN,NaN,NaN,NaN,NaN
5,NaN,NaN,NaN,NaN,NaN,NaN,NaN,NaN
6,NaN,NaN,NaN,NaN,NaN,NaN,NaN,NaN
7,NaN,NaN,NaN,NaN,NaN,NaN,NaN,NaN
8,NaN,NaN,NaN,NaN,NaN,NaN,NaN,NaN
9,NaN,NaN,NaN,NaN,NaN,NaN,NaN,NaN
10,NaN,NaN,NaN,NaN,NaN,NaN,NaN,NaN
11,NaN,NaN,NaN,NaN,NaN,NaN,NaN,NaN
1,NaN,NaN,NaN,NaN,NaN,NaN,NaN,NaN
2,NaN,NaN,NaN,NaN,NaN,NaN,NaN,NaN
3,NaN,NaN,NaN,NaN,NaN,NaN,NaN,NaN
4,NaN,NaN,NaN,NaN,NaN,NaN,NaN,NaN
5,NaN,NaN,NaN,NaN,NaN,NaN,NaN,NaN
6,NaN,NaN,NaN,NaN,NaN,NaN,NaN,NaN
7,NaN,NaN,NaN,NaN,NaN,NaN,NaN,NaN
8,NaN,NaN,NaN,NaN,NaN,NaN,NaN,NaN
9,NaN,NaN,NaN,NaN,NaN,NaN,NaN,NaN
10,NaN,NaN,NaN,NaN,NaN,NaN,NaN,NaN
11,NaN,NaN,NaN,NaN,NaN,NaN,NaN,NaN
1,NaN,NaN,NaN,NaN,NaN,NaN,NaN,NaN
2,NaN,NaN,NaN,NaN,NaN,NaN,NaN,NaN
3,NaN,NaN,NaN,NaN,NaN,NaN,NaN,NaN
4,NaN,NaN,NaN,NaN,NaN,NaN,NaN,NaN
5,NaN,NaN,NaN,NaN,NaN,NaN,NaN,NaN
6,NaN,NaN,NaN,NaN,NaN,NaN,NaN,NaN
7,NaN,NaN,NaN,NaN,NaN,NaN,NaN,NaN
8,NaN,NaN,NaN,NaN,NaN,NaN,NaN,NaN
9,NaN,NaN,NaN,NaN,NaN,NaN,NaN,NaN
10,NaN,NaN,NaN,NaN,NaN,NaN,NaN,NaN
11,NaN,NaN,NaN,NaN,NaN,NaN,NaN,NaN
1,NaN,NaN,NaN,NaN,NaN,NaN,NaN,NaN
2,NaN,NaN,NaN,NaN,NaN,NaN,NaN,NaN
3,NaN,NaN,NaN,NaN,NaN,NaN,NaN,NaN
4,NaN,NaN,NaN,NaN,NaN,NaN,NaN,NaN
5,NaN,NaN,NaN,NaN,NaN,NaN,NaN,NaN
6,NaN,NaN,NaN,NaN,NaN,NaN,NaN,NaN
7,NaN,NaN,NaN,NaN,NaN,NaN,NaN,NaN
8,NaN,NaN,NaN,NaN,NaN,NaN,NaN,NaN
9,NaN,NaN,NaN,NaN,NaN,NaN,NaN,NaN
10,NaN,NaN,NaN,NaN,NaN,NaN,NaN,NaN
11,NaN,NaN,NaN,NaN,NaN,NaN,NaN,NaN
1,NaN,NaN,NaN,NaN,NaN,NaN,NaN,NaN
2,NaN,NaN,NaN,NaN,NaN,NaN,NaN,NaN
3,NaN,NaN,NaN,NaN,NaN,NaN,NaN,NaN
4,NaN,NaN,NaN,NaN,NaN,NaN,NaN,NaN
5,NaN,NaN,NaN,NaN,NaN,NaN,NaN,NaN
6,NaN,NaN,NaN,NaN,NaN,NaN,NaN,NaN
7,NaN,NaN,NaN,NaN,NaN,NaN,NaN,NaN
8,NaN,NaN,NaN,NaN,NaN,NaN,NaN,NaN
9,NaN,NaN,NaN,NaN,NaN,NaN,NaN,NaN
10,NaN,NaN,NaN,NaN,NaN,NaN,NaN,NaN
11,NaN,NaN,NaN,NaN,NaN,NaN,NaN,NaN
1,NaN,NaN,NaN,NaN,NaN,NaN,NaN,NaN
2,NaN,NaN,NaN,NaN,NaN,NaN,NaN,NaN
3,NaN,NaN,NaN,NaN,NaN,NaN,NaN,NaN
4,NaN,NaN,NaN,NaN,NaN,NaN,NaN,NaN
5,NaN,NaN,NaN,NaN,NaN,NaN,NaN,NaN
6,NaN,NaN,NaN,NaN,NaN,NaN,NaN,NaN
7,NaN,NaN,NaN,NaN,NaN,NaN,NaN,NaN
8,NaN,NaN,NaN,NaN,NaN,NaN,NaN,NaN
9,NaN,NaN,NaN,NaN,NaN,NaN,NaN,NaN
10,NaN,NaN,NaN,NaN,NaN,NaN,NaN,NaN
11,NaN,NaN,NaN,NaN,NaN,NaN,NaN,NaN
1,NaN,NaN,NaN,NaN,NaN,NaN,NaN,NaN
2,NaN,NaN,NaN,NaN,NaN,NaN,NaN,NaN
3,NaN,NaN,NaN,NaN,NaN,NaN,NaN,NaN
4,NaN,NaN,NaN,NaN,NaN,NaN,NaN,NaN
5,NaN,NaN,NaN,NaN,NaN,NaN,NaN,NaN
6,NaN,NaN,NaN,NaN,NaN,NaN,NaN,NaN
7,NaN,NaN,NaN,NaN,NaN,NaN,NaN,NaN
8,NaN,NaN,NaN,NaN,NaN,NaN,NaN,NaN
9,NaN,NaN,NaN,NaN,NaN,NaN,NaN,NaN
10,NaN,NaN,NaN,NaN,NaN,NaN,NaN,NaN
11,NaN,NaN,NaN,NaN,NaN,NaN,NaN,NaN
1,NaN,NaN,NaN,NaN,NaN,NaN,NaN,NaN
2,NaN,NaN,NaN,NaN,NaN,NaN,NaN,NaN
3,NaN,NaN,NaN,NaN,NaN,NaN,NaN,NaN
4,NaN,NaN,NaN,NaN,NaN,NaN,NaN,NaN
5,NaN,NaN,NaN,NaN,NaN,NaN,NaN,NaN
6,NaN,NaN,NaN,NaN,NaN,NaN,NaN,NaN
7,NaN,NaN,NaN,NaN,NaN,NaN,NaN,NaN
8,NaN,NaN,NaN,NaN,NaN,NaN,NaN,NaN
9,NaN,NaN,NaN,NaN,NaN,NaN,NaN,NaN
10,NaN,NaN,NaN,NaN,NaN,NaN,NaN,NaN
11,NaN,NaN,NaN,NaN,NaN,NaN,NaN,NaN
1,NaN,NaN,NaN,NaN,NaN,NaN,NaN,NaN
2,NaN,NaN,NaN,NaN,NaN,NaN,NaN,NaN
3,NaN,NaN,NaN,NaN,NaN,NaN,NaN,NaN
4,NaN,NaN,NaN,NaN,NaN,NaN,NaN,NaN
5,NaN,NaN,NaN,NaN,NaN,NaN,NaN,NaN
6,NaN,NaN,NaN,NaN,NaN,NaN,NaN,NaN
7,NaN,NaN,NaN,NaN,NaN,NaN,NaN,NaN
8,NaN,NaN,NaN,NaN,NaN,NaN,NaN,NaN
9,NaN,NaN,NaN,NaN,NaN,NaN,NaN,NaN
10,NaN,NaN,NaN,NaN,NaN,NaN,NaN,NaN
11,NaN,NaN,NaN,NaN,NaN,NaN,NaN,NaN
1,NaN,NaN,NaN,NaN,NaN,NaN,NaN,NaN
2,NaN,NaN,NaN,NaN,NaN,NaN,NaN,NaN
3,NaN,NaN,NaN,NaN,NaN,NaN,NaN,NaN
4,NaN,NaN,NaN,NaN,NaN,NaN,NaN,NaN
5,NaN,NaN,NaN,NaN,NaN,NaN,NaN,NaN
6,NaN,NaN,NaN,NaN,NaN,NaN,NaN,NaN
7,NaN,NaN,NaN,NaN,NaN,NaN,NaN,NaN
8,NaN,NaN,NaN,NaN,NaN,NaN,NaN,NaN
9,NaN,NaN,NaN,NaN,NaN,NaN,NaN,NaN
10,NaN,NaN,NaN,NaN,NaN,NaN,NaN,NaN
11,NaN,NaN,NaN,NaN,NaN,NaN,NaN,NaN
1,NaN,NaN,NaN,NaN,NaN,NaN,NaN,NaN
2,NaN,NaN,NaN,NaN,NaN,NaN,NaN,NaN
3,NaN,NaN,NaN,NaN,NaN,NaN,NaN,NaN
4,NaN,NaN,NaN,NaN,NaN,NaN,NaN,NaN
5,NaN,NaN,NaN,NaN,NaN,NaN,NaN,NaN
6,NaN,NaN,NaN,NaN,NaN,NaN,NaN,NaN
7,NaN,NaN,NaN,NaN,NaN,NaN,NaN,NaN
8,NaN,NaN,NaN,NaN,NaN,NaN,NaN,NaN
9,NaN,NaN,NaN,NaN,NaN,NaN,NaN,NaN
10,NaN,NaN,NaN,NaN,NaN,NaN,NaN,NaN
11,NaN,NaN,NaN,NaN,NaN,NaN,NaN,NaN
1,NaN,NaN,NaN,NaN,NaN,NaN,NaN,NaN
2,NaN,NaN,NaN,NaN,NaN,NaN,NaN,NaN
3,NaN,NaN,NaN,NaN,NaN,NaN,NaN,NaN
4,NaN,NaN,NaN,NaN,NaN,NaN,NaN,NaN
5,NaN,NaN,NaN,NaN,NaN,NaN,NaN,NaN
6,NaN,NaN,NaN,NaN,NaN,NaN,NaN,NaN
7,NaN,NaN,NaN,NaN,NaN,NaN,NaN,NaN
8,NaN,NaN,NaN,NaN,NaN,NaN,NaN,NaN
9,NaN,NaN,NaN,NaN,NaN,NaN,NaN,NaN
10,NaN,NaN,NaN,NaN,NaN,NaN,NaN,NaN
11,NaN,NaN,NaN,NaN,NaN,NaN,NaN,NaN
1,NaN,NaN,NaN,NaN,NaN,NaN,NaN,NaN
2,NaN,NaN,NaN,NaN,NaN,NaN,NaN,NaN
3,NaN,NaN,NaN,NaN,NaN,NaN,NaN,NaN
4,NaN,NaN,NaN,NaN,NaN,NaN,NaN,NaN
5,NaN,NaN,NaN,NaN,NaN,NaN,NaN,NaN
6,NaN,NaN,NaN,NaN,NaN,NaN,NaN,NaN
7,NaN,NaN,NaN,NaN,NaN,NaN,NaN,NaN
8,NaN,NaN,NaN,NaN,NaN,NaN,NaN,NaN
9,NaN,NaN,NaN,NaN,NaN,NaN,NaN,NaN
10,NaN,NaN,NaN,NaN,NaN,NaN,NaN,NaN
11,NaN,NaN,NaN,NaN,NaN,NaN,NaN,NaN
1,NaN,NaN,NaN,NaN,NaN,NaN,NaN,NaN
2,NaN,NaN,NaN,NaN,NaN,NaN,NaN,NaN
3,NaN,NaN,NaN,NaN,NaN,NaN,NaN,NaN
4,NaN,NaN,NaN,NaN,NaN,NaN,NaN,NaN
5,NaN,NaN,NaN,NaN,NaN,NaN,NaN,NaN
6,NaN,NaN,NaN,NaN,NaN,NaN,NaN,NaN
7,NaN,NaN,NaN,NaN,NaN,NaN,NaN,NaN
8,NaN,NaN,NaN,NaN,NaN,NaN,NaN,NaN
9,NaN,NaN,NaN,NaN,NaN,NaN,NaN,NaN
10,NaN,NaN,NaN,NaN,NaN,NaN,NaN,NaN
11,NaN,NaN,NaN,NaN,NaN,NaN,NaN,NaN
1,NaN,NaN,NaN,NaN,NaN,NaN,NaN,NaN
2,NaN,NaN,NaN,NaN,NaN,NaN,NaN,NaN
3,NaN,NaN,NaN,NaN,NaN,NaN,NaN,NaN
4,NaN,NaN,NaN,NaN,NaN,NaN,NaN,NaN
5,NaN,NaN,NaN,NaN,NaN,NaN,NaN,NaN
6,NaN,NaN,NaN,NaN,NaN,NaN,NaN,NaN
7,NaN,NaN,NaN,NaN,NaN,NaN,NaN,NaN
8,NaN,NaN,NaN,NaN,NaN,NaN,NaN,NaN
9,NaN,NaN,NaN,NaN,NaN,NaN,NaN,NaN
10,NaN,NaN,NaN,NaN,NaN,NaN,NaN,NaN
11,NaN,NaN,NaN,NaN,NaN,NaN,NaN,NaN
1,NaN,NaN,NaN,NaN,NaN,NaN,NaN,NaN
2,NaN,NaN,NaN,NaN,NaN,NaN,NaN,NaN
3,NaN,NaN,NaN,NaN,NaN,NaN,NaN,NaN
4,NaN,NaN,NaN,NaN,NaN,NaN,NaN,NaN
5,NaN,NaN,NaN,NaN,NaN,NaN,NaN,NaN
6,NaN,NaN,NaN,NaN,NaN,NaN,NaN,NaN
7,NaN,NaN,NaN,NaN,NaN,NaN,NaN,NaN
8,NaN,NaN,NaN,NaN,NaN,NaN,NaN,NaN
9,NaN,NaN,NaN,NaN,NaN,NaN,NaN,NaN
10,NaN,NaN,NaN,NaN,NaN,NaN,NaN,NaN
11,NaN,NaN,NaN,NaN,NaN,NaN,NaN,NaN
1,NaN,NaN,NaN,NaN,NaN,NaN,NaN,NaN
2,NaN,NaN,NaN,NaN,NaN,NaN,NaN,NaN
3,NaN,NaN,NaN,NaN,NaN,NaN,NaN,NaN
4,NaN,NaN,NaN,NaN,NaN,NaN,NaN,NaN
5,NaN,NaN,NaN,NaN,NaN,NaN,NaN,NaN
6,NaN,NaN,NaN,NaN,NaN,NaN,NaN,NaN
7,NaN,NaN,NaN,NaN,NaN,NaN,NaN,NaN
8,NaN,NaN,NaN,NaN,NaN,NaN,NaN,NaN
9,NaN,NaN,NaN,NaN,NaN,NaN,NaN,NaN
10,NaN,NaN,NaN,NaN,NaN,NaN,NaN,NaN
11,NaN,NaN,NaN,NaN,NaN,NaN,NaN,NaN
1,NaN,NaN,NaN,NaN,NaN,NaN,NaN,NaN
2,NaN,NaN,NaN,NaN,NaN,NaN,NaN,NaN
3,NaN,NaN,NaN,NaN,NaN,NaN,NaN,NaN
4,NaN,NaN,NaN,NaN,NaN,NaN,NaN,NaN
5,NaN,NaN,NaN,NaN,NaN,NaN,NaN,NaN
6,NaN,NaN,NaN,NaN,NaN,NaN,NaN,NaN
7,NaN,NaN,NaN,NaN,NaN,NaN,NaN,NaN
8,NaN,NaN,NaN,NaN,NaN,NaN,NaN,NaN
9,NaN,NaN,NaN,NaN,NaN,NaN,NaN,NaN
10,NaN,NaN,NaN,NaN,NaN,NaN,NaN,NaN
11,NaN,NaN,NaN,NaN,NaN,NaN,NaN,NaN
1,NaN,NaN,NaN,NaN,NaN,NaN,NaN,NaN
2,NaN,NaN,NaN,NaN,NaN,NaN,NaN,NaN
3,NaN,NaN,NaN,NaN,NaN,NaN,NaN,NaN
4,NaN,NaN,NaN,NaN,NaN,NaN,NaN,NaN
5,NaN,NaN,NaN,NaN,NaN,NaN,NaN,NaN
6,NaN,NaN,NaN,NaN,NaN,NaN,NaN,NaN
7,NaN,NaN,NaN,NaN,NaN,NaN,NaN,NaN
8,NaN,NaN,NaN,NaN,NaN,NaN,NaN,NaN
9,NaN,NaN,NaN,NaN,NaN,NaN,NaN,NaN
10,NaN,NaN,NaN,NaN,NaN,NaN,NaN,NaN
11,NaN,NaN,NaN,NaN,NaN,NaN,NaN,NaN
1,NaN,NaN,NaN,NaN,NaN,NaN,NaN,NaN
2,NaN,NaN,NaN,NaN,NaN,NaN,NaN,NaN
3,NaN,NaN,NaN,NaN,NaN,NaN,NaN,NaN
4,NaN,NaN,NaN,NaN,NaN,NaN,NaN,NaN
5,NaN,NaN,NaN,NaN,NaN,NaN,NaN,NaN
6,NaN,NaN,NaN,NaN,NaN,NaN,NaN,NaN
7,NaN,NaN,NaN,NaN,NaN,NaN,NaN,NaN
8,NaN,NaN,NaN,NaN,NaN,NaN,NaN,NaN
9,NaN,NaN,NaN,NaN,NaN,NaN,NaN,NaN
10,NaN,NaN,NaN,NaN,NaN,NaN,NaN,NaN
11,NaN,NaN,NaN,NaN,NaN,NaN,NaN,NaN
1,NaN,NaN,NaN,NaN,NaN,NaN,NaN,NaN
2,NaN,NaN,NaN,NaN,NaN,NaN,NaN,NaN
3,NaN,NaN,NaN,NaN,NaN,NaN,NaN,NaN
4,NaN,NaN,NaN,NaN,NaN,NaN,NaN,NaN
5,NaN,NaN,NaN,NaN,NaN,NaN,NaN,NaN
6,NaN,NaN,NaN,NaN,NaN,NaN,NaN,NaN
7,NaN,NaN,NaN,NaN,NaN,NaN,NaN,NaN
8,NaN,NaN,NaN,NaN,NaN,NaN,NaN,NaN
9,NaN,NaN,NaN,NaN,NaN,NaN,NaN,NaN
10,NaN,NaN,NaN,NaN,NaN,NaN,NaN,NaN
11,NaN,NaN,NaN,NaN,NaN,NaN,NaN,NaN
1,NaN,NaN,NaN,NaN,NaN,NaN,NaN,NaN
2,NaN,NaN,NaN,NaN,NaN,NaN,NaN,NaN
3,NaN,NaN,NaN,NaN,NaN,NaN,NaN,NaN
4,NaN,NaN,NaN,NaN,NaN,NaN,NaN,NaN
5,NaN,NaN,NaN,NaN,NaN,NaN,NaN,NaN
6,NaN,NaN,NaN,NaN,NaN,NaN,NaN,NaN
7,NaN,NaN,NaN,NaN,NaN,NaN,NaN,NaN
8,NaN,NaN,NaN,NaN,NaN,NaN,NaN,NaN
9,NaN,NaN,NaN,NaN,NaN,NaN,NaN,NaN
10,NaN,NaN,NaN,NaN,NaN,NaN,NaN,NaN
11,NaN,NaN,NaN,NaN,NaN,NaN,NaN,NaN
1,NaN,NaN,NaN,NaN,NaN,NaN,NaN,NaN
2,NaN,NaN,NaN,NaN,NaN,NaN,NaN,NaN
3,NaN,NaN,NaN,NaN,NaN,NaN,NaN,NaN
4,NaN,NaN,NaN,NaN,NaN,NaN,NaN,NaN
5,NaN,NaN,NaN,NaN,NaN,NaN,NaN,NaN
6,NaN,NaN,NaN,NaN,NaN,NaN,NaN,NaN
7,NaN,NaN,NaN,NaN,NaN,NaN,NaN,NaN
8,NaN,NaN,NaN,NaN,NaN,NaN,NaN,NaN
9,NaN,NaN,NaN,NaN,NaN,NaN,NaN,NaN
10,NaN,NaN,NaN,NaN,NaN,NaN,NaN,NaN
11,NaN,NaN,NaN,NaN,NaN,NaN,NaN,NaN
1,NaN,NaN,NaN,NaN,NaN,NaN,NaN,NaN
2,NaN,NaN,NaN,NaN,NaN,NaN,NaN,NaN
3,NaN,NaN,NaN,NaN,NaN,NaN,NaN,NaN
4,NaN,NaN,NaN,NaN,NaN,NaN,NaN,NaN
5,NaN,NaN,NaN,NaN,NaN,NaN,NaN,NaN
6,NaN,NaN,NaN,NaN,NaN,NaN,NaN,NaN
7,NaN,NaN,NaN,NaN,NaN,NaN,NaN,NaN
8,NaN,NaN,NaN,NaN,NaN,NaN,NaN,NaN
9,NaN,NaN,NaN,NaN,NaN,NaN,NaN,NaN
10,NaN,NaN,NaN,NaN,NaN,NaN,NaN,NaN
11,NaN,NaN,NaN,NaN,NaN,NaN,NaN,NaN
1,NaN,NaN,NaN,NaN,NaN,NaN,NaN,NaN
2,NaN,NaN,NaN,NaN,NaN,NaN,NaN,NaN
3,NaN,NaN,NaN,NaN,NaN,NaN,NaN,NaN
4,NaN,NaN,NaN,NaN,NaN,NaN,NaN,NaN
5,NaN,NaN,NaN,NaN,NaN,NaN,NaN,NaN
6,NaN,NaN,NaN,NaN,NaN,NaN,NaN,NaN
7,NaN,NaN,NaN,NaN,NaN,NaN,NaN,NaN
8,NaN,NaN,NaN,NaN,NaN,NaN,NaN,NaN
9,NaN,NaN,NaN,NaN,NaN,NaN,NaN,NaN
10,NaN,NaN,NaN,NaN,NaN,NaN,NaN,NaN
11,NaN,NaN,NaN,NaN,NaN,NaN,NaN,NaN
1,NaN,NaN,NaN,NaN,NaN,NaN,NaN,NaN
2,NaN,NaN,NaN,NaN,NaN,NaN,NaN,NaN
3,NaN,NaN,NaN,NaN,NaN,NaN,NaN,NaN
4,NaN,NaN,NaN,NaN,NaN,NaN,NaN,NaN
5,NaN,NaN,NaN,NaN,NaN,NaN,NaN,NaN
6,NaN,NaN,NaN,NaN,NaN,NaN,NaN,NaN
7,NaN,NaN,NaN,NaN,NaN,NaN,NaN,NaN
8,NaN,NaN,NaN,NaN,NaN,NaN,NaN,NaN
9,NaN,NaN,NaN,NaN,NaN,NaN,NaN,NaN
10,NaN,NaN,NaN,NaN,NaN,NaN,NaN,NaN
11,NaN,NaN,NaN,NaN,NaN,NaN,NaN,NaN
1,NaN,NaN,NaN,NaN,NaN,NaN,NaN,NaN
2,NaN,NaN,NaN,NaN,NaN,NaN,NaN,NaN
3,NaN,NaN,NaN,NaN,NaN,NaN,NaN,NaN
4,NaN,NaN,NaN,NaN,NaN,NaN,NaN,NaN
5,NaN,NaN,NaN,NaN,NaN,NaN,NaN,NaN
6,NaN,NaN,NaN,NaN,NaN,NaN,NaN,NaN
7,NaN,NaN,NaN,NaN,NaN,NaN,NaN,NaN
8,NaN,NaN,NaN,NaN,NaN,NaN,NaN,NaN
9,NaN,NaN,NaN,NaN,NaN,NaN,NaN,NaN
10,NaN,NaN,NaN,NaN,NaN,NaN,NaN,NaN
11,NaN,NaN,NaN,NaN,NaN,NaN,NaN,NaN
1,NaN,NaN,NaN,NaN,NaN,NaN,NaN,NaN
2,NaN,NaN,NaN,NaN,NaN,NaN,NaN,NaN
3,NaN,NaN,NaN,NaN,NaN,NaN,NaN,NaN
4,NaN,NaN,NaN,NaN,NaN,NaN,NaN,NaN
5,NaN,NaN,NaN,NaN,NaN,NaN,NaN,NaN
6,NaN,NaN,NaN,NaN,NaN,NaN,NaN,NaN
7,NaN,NaN,NaN,NaN,NaN,NaN,NaN,NaN
8,NaN,NaN,NaN,NaN,NaN,NaN,NaN,NaN
9,NaN,NaN,NaN,NaN,NaN,NaN,NaN,NaN
10,NaN,NaN,NaN,NaN,NaN,NaN,NaN,NaN
11,NaN,NaN,NaN,NaN,NaN,NaN,NaN,NaN
1,NaN,NaN,NaN,NaN,NaN,NaN,NaN,NaN
2,NaN,NaN,NaN,NaN,NaN,NaN,NaN,NaN
3,NaN,NaN,NaN,NaN,NaN,NaN,NaN,NaN
4,NaN,NaN,NaN,NaN,NaN,NaN,NaN,NaN
5,NaN,NaN,NaN,NaN,NaN,NaN,NaN,NaN
6,NaN,NaN,NaN,NaN,NaN,NaN,NaN,NaN
7,NaN,NaN,NaN,NaN,NaN,NaN,NaN,NaN
8,NaN,NaN,NaN,NaN,NaN,NaN,NaN,NaN
9,NaN,NaN,NaN,NaN,NaN,NaN,NaN,NaN
10,NaN,NaN,NaN,NaN,NaN,NaN,NaN,NaN
11,NaN,NaN,NaN,NaN,NaN,NaN,NaN,NaN
1,NaN,NaN,NaN,NaN,NaN,NaN,NaN,NaN
2,NaN,NaN,NaN,NaN,NaN,NaN,NaN,NaN
3,NaN,NaN,NaN,NaN,NaN,NaN,NaN,NaN
4,NaN,NaN,NaN,NaN,NaN,NaN,NaN,NaN
5,NaN,NaN,NaN,NaN,NaN,NaN,NaN,NaN
6,NaN,NaN,NaN,NaN,NaN,NaN,NaN,NaN
7,NaN,NaN,NaN,NaN,NaN,NaN,NaN,NaN
8,NaN,NaN,NaN,NaN,NaN,NaN,NaN,NaN
9,NaN,NaN,NaN,NaN,NaN,NaN,NaN,NaN
10,NaN,NaN,NaN,NaN,NaN,NaN,NaN,NaN
11,NaN,NaN,NaN,NaN,NaN,NaN,NaN,NaN
1,NaN,NaN,NaN,NaN,NaN,NaN,NaN,NaN
2,NaN,NaN,NaN,NaN,NaN,NaN,NaN,NaN
3,NaN,NaN,NaN,NaN,NaN,NaN,NaN,NaN
4,NaN,NaN,NaN,NaN,NaN,NaN,NaN,NaN
5,NaN,NaN,NaN,NaN,NaN,NaN,NaN,NaN
6,NaN,NaN,NaN,NaN,NaN,NaN,NaN,NaN
7,NaN,NaN,NaN,NaN,NaN,NaN,NaN,NaN
8,NaN,NaN,NaN,NaN,NaN,NaN,NaN,NaN
9,NaN,NaN,NaN,NaN,NaN,NaN,NaN,NaN
10,NaN,NaN,NaN,NaN,NaN,NaN,NaN,NaN
11,NaN,NaN,NaN,NaN,NaN,NaN,NaN,NaN
1,NaN,NaN,NaN,NaN,NaN,NaN,NaN,NaN
2,NaN,NaN,NaN,NaN,NaN,NaN,NaN,NaN
3,NaN,NaN,NaN,NaN,NaN,NaN,NaN,NaN
4,NaN,NaN,NaN,NaN,NaN,NaN,NaN,NaN
5,NaN,NaN,NaN,NaN,NaN,NaN,NaN,NaN
6,NaN,NaN,NaN,NaN,NaN,NaN,NaN,NaN
7,NaN,NaN,NaN,NaN,NaN,NaN,NaN,NaN
8,NaN,NaN,NaN,NaN,NaN,NaN,NaN,NaN
9,NaN,NaN,NaN,NaN,NaN,NaN,NaN,NaN
10,NaN,NaN,NaN,NaN,NaN,NaN,NaN,NaN
11,NaN,NaN,NaN,NaN,NaN,NaN,NaN,NaN
1,NaN,NaN,NaN,NaN,NaN,NaN,NaN,NaN
2,NaN,NaN,NaN,NaN,NaN,NaN,NaN,NaN
3,NaN,NaN,NaN,NaN,NaN,NaN,NaN,NaN
4,NaN,NaN,NaN,NaN,NaN,NaN,NaN,NaN
5,NaN,NaN,NaN,NaN,NaN,NaN,NaN,NaN
6,NaN,NaN,NaN,NaN,NaN,NaN,NaN,NaN
7,NaN,NaN,NaN,NaN,NaN,NaN,NaN,NaN
8,NaN,NaN,NaN,NaN,NaN,NaN,NaN,NaN
9,NaN,NaN,NaN,NaN,NaN,NaN,NaN,NaN
10,NaN,NaN,NaN,NaN,NaN,NaN,NaN,NaN
11,NaN,NaN,NaN,NaN,NaN,NaN,NaN,NaN
1,NaN,NaN,NaN,NaN,NaN,NaN,NaN,NaN
2,NaN,NaN,NaN,NaN,NaN,NaN,NaN,NaN
3,NaN,NaN,NaN,NaN,NaN,NaN,NaN,NaN
4,NaN,NaN,NaN,NaN,NaN,NaN,NaN,NaN
5,NaN,NaN,NaN,NaN,NaN,NaN,NaN,NaN
6,NaN,NaN,NaN,NaN,NaN,NaN,NaN,NaN
7,NaN,NaN,NaN,NaN,NaN,NaN,NaN,NaN
8,NaN,NaN,NaN,NaN,NaN,NaN,NaN,NaN
9,NaN,NaN,NaN,NaN,NaN,NaN,NaN,NaN
10,NaN,NaN,NaN,NaN,NaN,NaN,NaN,NaN
11,NaN,NaN,NaN,NaN,NaN,NaN,NaN,NaN
1,NaN,NaN,NaN,NaN,NaN,NaN,NaN,NaN
2,NaN,NaN,NaN,NaN,NaN,NaN,NaN,NaN
3,NaN,NaN,NaN,NaN,NaN,NaN,NaN,NaN
4,NaN,NaN,NaN,NaN,NaN,NaN,NaN,NaN
5,NaN,NaN,NaN,NaN,NaN,NaN,NaN,NaN
6,NaN,NaN,NaN,NaN,NaN,NaN,NaN,NaN
7,NaN,NaN,NaN,NaN,NaN,NaN,NaN,NaN
8,NaN,NaN,NaN,NaN,NaN,NaN,NaN,NaN
9,NaN,NaN,NaN,NaN,NaN,NaN,NaN,NaN
10,NaN,NaN,NaN,NaN,NaN,NaN,NaN,NaN
11,NaN,NaN,NaN,NaN,NaN,NaN,NaN,NaN
1,NaN,NaN,NaN,NaN,NaN,NaN,NaN,NaN
2,NaN,NaN,NaN,NaN,NaN,NaN,NaN,NaN
3,NaN,NaN,NaN,NaN,NaN,NaN,NaN,NaN
4,NaN,NaN,NaN,NaN,NaN,NaN,NaN,NaN
5,NaN,NaN,NaN,NaN,NaN,NaN,NaN,NaN
6,NaN,NaN,NaN,NaN,NaN,NaN,NaN,NaN
7,NaN,NaN,NaN,NaN,NaN,NaN,NaN,NaN
8,NaN,NaN,NaN,NaN,NaN,NaN,NaN,NaN
9,NaN,NaN,NaN,NaN,NaN,NaN,NaN,NaN
10,NaN,NaN,NaN,NaN,NaN,NaN,NaN,NaN
11,NaN,NaN,NaN,NaN,NaN,NaN,NaN,NaN
1,NaN,NaN,NaN,NaN,NaN,NaN,NaN,NaN
2,NaN,NaN,NaN,NaN,NaN,NaN,NaN,NaN
3,NaN,NaN,NaN,NaN,NaN,NaN,NaN,NaN
4,NaN,NaN,NaN,NaN,NaN,NaN,NaN,NaN
5,NaN,NaN,NaN,NaN,NaN,NaN,NaN,NaN
6,NaN,NaN,NaN,NaN,NaN,NaN,NaN,NaN
7,NaN,NaN,NaN,NaN,NaN,NaN,NaN,NaN
8,NaN,NaN,NaN,NaN,NaN,NaN,NaN,NaN
9,NaN,NaN,NaN,NaN,NaN,NaN,NaN,NaN
10,NaN,NaN,NaN,NaN,NaN,NaN,NaN,NaN
11,NaN,NaN,NaN,NaN,NaN,NaN,NaN,NaN
1,NaN,NaN,NaN,NaN,NaN,NaN,NaN,NaN
2,NaN,NaN,NaN,NaN,NaN,NaN,NaN,NaN
3,NaN,NaN,NaN,NaN,NaN,NaN,NaN,NaN
4,NaN,NaN,NaN,NaN,NaN,NaN,NaN,NaN
5,NaN,NaN,NaN,NaN,NaN,NaN,NaN,NaN
6,NaN,NaN,NaN,NaN,NaN,NaN,NaN,NaN
7,NaN,NaN,NaN,NaN,NaN,NaN,NaN,NaN
8,NaN,NaN,NaN,NaN,NaN,NaN,NaN,NaN
9,NaN,NaN,NaN,NaN,NaN,NaN,NaN,NaN
10,NaN,NaN,NaN,NaN,NaN,NaN,NaN,NaN
11,NaN,NaN,NaN,NaN,NaN,NaN,NaN,NaN
1,NaN,NaN,NaN,NaN,NaN,NaN,NaN,NaN
2,NaN,NaN,NaN,NaN,NaN,NaN,NaN,NaN
3,NaN,NaN,NaN,NaN,NaN,NaN,NaN,NaN
4,NaN,NaN,NaN,NaN,NaN,NaN,NaN,NaN
5,NaN,NaN,NaN,NaN,NaN,NaN,NaN,NaN
6,NaN,NaN,NaN,NaN,NaN,NaN,NaN,NaN
7,NaN,NaN,NaN,NaN,NaN,NaN,NaN,NaN
8,NaN,NaN,NaN,NaN,NaN,NaN,NaN,NaN
9,NaN,NaN,NaN,NaN,NaN,NaN,NaN,NaN
10,NaN,NaN,NaN,NaN,NaN,NaN,NaN,NaN
11,NaN,NaN,NaN,NaN,NaN,NaN,NaN,NaN
1,NaN,NaN,NaN,NaN,NaN,NaN,NaN,NaN
2,NaN,NaN,NaN,NaN,NaN,NaN,NaN,NaN
3,NaN,NaN,NaN,NaN,NaN,NaN,NaN,NaN
4,NaN,NaN,NaN,NaN,NaN,NaN,NaN,NaN
5,NaN,NaN,NaN,NaN,NaN,NaN,NaN,NaN
6,NaN,NaN,NaN,NaN,NaN,NaN,NaN,NaN
7,NaN,NaN,NaN,NaN,NaN,NaN,NaN,NaN
8,NaN,NaN,NaN,NaN,NaN,NaN,NaN,NaN
9,NaN,NaN,NaN,NaN,NaN,NaN,NaN,NaN
10,NaN,NaN,NaN,NaN,NaN,NaN,NaN,NaN
11,NaN,NaN,NaN,NaN,NaN,NaN,NaN,NaN
1,NaN,NaN,NaN,NaN,NaN,NaN,NaN,NaN
2,NaN,NaN,NaN,NaN,NaN,NaN,NaN,NaN
3,NaN,NaN,NaN,NaN,NaN,NaN,NaN,NaN
4,NaN,NaN,NaN,NaN,NaN,NaN,NaN,NaN
5,NaN,NaN,NaN,NaN,NaN,NaN,NaN,NaN
6,NaN,NaN,NaN,NaN,NaN,NaN,NaN,NaN
7,NaN,NaN,NaN,NaN,NaN,NaN,NaN,NaN
8,NaN,NaN,NaN,NaN,NaN,NaN,NaN,NaN
9,NaN,NaN,NaN,NaN,NaN,NaN,NaN,NaN
10,NaN,NaN,NaN,NaN,NaN,NaN,NaN,NaN
11,NaN,NaN,NaN,NaN,NaN,NaN,NaN,NaN
1,NaN,NaN,NaN,NaN,NaN,NaN,NaN,NaN
2,NaN,NaN,NaN,NaN,NaN,NaN,NaN,NaN
3,NaN,NaN,NaN,NaN,NaN,NaN,NaN,NaN
4,NaN,NaN,NaN,NaN,NaN,NaN,NaN,NaN
5,NaN,NaN,NaN,NaN,NaN,NaN,NaN,NaN
6,NaN,NaN,NaN,NaN,NaN,NaN,NaN,NaN
7,NaN,NaN,NaN,NaN,NaN,NaN,NaN,NaN
8,NaN,NaN,NaN,NaN,NaN,NaN,NaN,NaN
9,NaN,NaN,NaN,NaN,NaN,NaN,NaN,NaN
10,NaN,NaN,NaN,NaN,NaN,NaN,NaN,NaN
11,NaN,NaN,NaN,NaN,NaN,NaN,NaN,NaN
1,NaN,NaN,NaN,NaN,NaN,NaN,NaN,NaN
2,NaN,NaN,NaN,NaN,NaN,NaN,NaN,NaN
3,NaN,NaN,NaN,NaN,NaN,NaN,NaN,NaN
4,NaN,NaN,NaN,NaN,NaN,NaN,NaN,NaN
5,NaN,NaN,NaN,NaN,NaN,NaN,NaN,NaN
6,NaN,NaN,NaN,NaN,NaN,NaN,NaN,NaN
7,NaN,NaN,NaN,NaN,NaN,NaN,NaN,NaN
8,NaN,NaN,NaN,NaN,NaN,NaN,NaN,NaN
9,NaN,NaN,NaN,NaN,NaN,NaN,NaN,NaN
10,NaN,NaN,NaN,NaN,NaN,NaN,NaN,NaN
11,NaN,NaN,NaN,NaN,NaN,NaN,NaN,NaN
1,NaN,NaN,NaN,NaN,NaN,NaN,NaN,NaN
2,NaN,NaN,NaN,NaN,NaN,NaN,NaN,NaN
3,NaN,NaN,NaN,NaN,NaN,NaN,NaN,NaN
4,NaN,NaN,NaN,NaN,NaN,NaN,NaN,NaN
5,NaN,NaN,NaN,NaN,NaN,NaN,NaN,NaN
6,NaN,NaN,NaN,NaN,NaN,NaN,NaN,NaN
7,NaN,NaN,NaN,NaN,NaN,NaN,NaN,NaN
8,NaN,NaN,NaN,NaN,NaN,NaN,NaN,NaN
9,NaN,NaN,NaN,NaN,NaN,NaN,NaN,NaN
10,NaN,NaN,NaN,NaN,NaN,NaN,NaN,NaN
11,NaN,NaN,NaN,NaN,NaN,NaN,NaN,NaN
1,NaN,NaN,NaN,NaN,NaN,NaN,NaN,NaN
2,NaN,NaN,NaN,NaN,NaN,NaN,NaN,NaN
3,NaN,NaN,NaN,NaN,NaN,NaN,NaN,NaN
4,NaN,NaN,NaN,NaN,NaN,NaN,NaN,NaN
5,NaN,NaN,NaN,NaN,NaN,NaN,NaN,NaN
6,NaN,NaN,NaN,NaN,NaN,NaN,NaN,NaN
7,NaN,NaN,NaN,NaN,NaN,NaN,NaN,NaN
8,NaN,NaN,NaN,NaN,NaN,NaN,NaN,NaN
9,NaN,NaN,NaN,NaN,NaN,NaN,NaN,NaN
10,NaN,NaN,NaN,NaN,NaN,NaN,NaN,NaN
11,NaN,NaN,NaN,NaN,NaN,NaN,NaN,NaN
1,NaN,NaN,NaN,NaN,NaN,NaN,NaN,NaN
2,NaN,NaN,NaN,NaN,NaN,NaN,NaN,NaN
3,NaN,NaN,NaN,NaN,NaN,NaN,NaN,NaN
4,NaN,NaN,NaN,NaN,NaN,NaN,NaN,NaN
5,NaN,NaN,NaN,NaN,NaN,NaN,NaN,NaN
6,NaN,NaN,NaN,NaN,NaN,NaN,NaN,NaN
7,NaN,NaN,NaN,NaN,NaN,NaN,NaN,NaN
8,NaN,NaN,NaN,NaN,NaN,NaN,NaN,NaN
9,NaN,NaN,NaN,NaN,NaN,NaN,NaN,NaN
10,NaN,NaN,NaN,NaN,NaN,NaN,NaN,NaN
11,NaN,NaN,NaN,NaN,NaN,NaN,NaN,NaN
1,NaN,NaN,NaN,NaN,NaN,NaN,NaN,NaN
2,NaN,NaN,NaN,NaN,NaN,NaN,NaN,NaN
3,NaN,NaN,NaN,NaN,NaN,NaN,NaN,NaN
4,NaN,NaN,NaN,NaN,NaN,NaN,NaN,NaN
5,NaN,NaN,NaN,NaN,NaN,NaN,NaN,NaN
6,NaN,NaN,NaN,NaN,NaN,NaN,NaN,NaN
7,NaN,NaN,NaN,NaN,NaN,NaN,NaN,NaN
8,NaN,NaN,NaN,NaN,NaN,NaN,NaN,NaN
9,NaN,NaN,NaN,NaN,NaN,NaN,NaN,NaN
10,NaN,NaN,NaN,NaN,NaN,NaN,NaN,NaN
11,NaN,NaN,NaN,NaN,NaN,NaN,NaN,NaN
1,NaN,NaN,NaN,NaN,NaN,NaN,NaN,NaN
2,NaN,NaN,NaN,NaN,NaN,NaN,NaN,NaN
3,NaN,NaN,NaN,NaN,NaN,NaN,NaN,NaN
4,NaN,NaN,NaN,NaN,NaN,NaN,NaN,NaN
5,NaN,NaN,NaN,NaN,NaN,NaN,NaN,NaN
6,NaN,NaN,NaN,NaN,NaN,NaN,NaN,NaN
7,NaN,NaN,NaN,NaN,NaN,NaN,NaN,NaN
8,NaN,NaN,NaN,NaN,NaN,NaN,NaN,NaN
9,NaN,NaN,NaN,NaN,NaN,NaN,NaN,NaN
10,NaN,NaN,NaN,NaN,NaN,NaN,NaN,NaN
11,NaN,NaN,NaN,NaN,NaN,NaN,NaN,NaN
1,NaN,NaN,NaN,NaN,NaN,NaN,NaN,NaN
2,NaN,NaN,NaN,NaN,NaN,NaN,NaN,NaN
3,NaN,NaN,NaN,NaN,NaN,NaN,NaN,NaN
4,NaN,NaN,NaN,NaN,NaN,NaN,NaN,NaN
5,NaN,NaN,NaN,NaN,NaN,NaN,NaN,NaN
6,NaN,NaN,NaN,NaN,NaN,NaN,NaN,NaN
7,NaN,NaN,NaN,NaN,NaN,NaN,NaN,NaN
8,NaN,NaN,NaN,NaN,NaN,NaN,NaN,NaN
9,NaN,NaN,NaN,NaN,NaN,NaN,NaN,NaN
10,NaN,NaN,NaN,NaN,NaN,NaN,NaN,NaN
11,NaN,NaN,NaN,NaN,NaN,NaN,NaN,NaN
1,NaN,NaN,NaN,NaN,NaN,NaN,NaN,NaN
2,NaN,NaN,NaN,NaN,NaN,NaN,NaN,NaN
3,NaN,NaN,NaN,NaN,NaN,NaN,NaN,NaN
4,NaN,NaN,NaN,NaN,NaN,NaN,NaN,NaN
5,NaN,NaN,NaN,NaN,NaN,NaN,NaN,NaN
6,NaN,NaN,NaN,NaN,NaN,NaN,NaN,NaN
7,NaN,NaN,NaN,NaN,NaN,NaN,NaN,NaN
8,NaN,NaN,NaN,NaN,NaN,NaN,NaN,NaN
9,NaN,NaN,NaN,NaN,NaN,NaN,NaN,NaN
10,NaN,NaN,NaN,NaN,NaN,NaN,NaN,NaN
11,NaN,NaN,NaN,NaN,NaN,NaN,NaN,NaN
1,NaN,NaN,NaN,NaN,NaN,NaN,NaN,NaN
2,NaN,NaN,NaN,NaN,NaN,NaN,NaN,NaN
3,NaN,NaN,NaN,NaN,NaN,NaN,NaN,NaN
4,NaN,NaN,NaN,NaN,NaN,NaN,NaN,NaN
5,NaN,NaN,NaN,NaN,NaN,NaN,NaN,NaN
6,NaN,NaN,NaN,NaN,NaN,NaN,NaN,NaN
7,NaN,NaN,NaN,NaN,NaN,NaN,NaN,NaN
8,NaN,NaN,NaN,NaN,NaN,NaN,NaN,NaN
9,NaN,NaN,NaN,NaN,NaN,NaN,NaN,NaN
10,NaN,NaN,NaN,NaN,NaN,NaN,NaN,NaN
11,NaN,NaN,NaN,NaN,NaN,NaN,NaN,NaN
1,NaN,NaN,NaN,NaN,NaN,NaN,NaN,NaN
2,NaN,NaN,NaN,NaN,NaN,NaN,NaN,NaN
3,NaN,NaN,NaN,NaN,NaN,NaN,NaN,NaN
4,NaN,NaN,NaN,NaN,NaN,NaN,NaN,NaN
5,NaN,NaN,NaN,NaN,NaN,NaN,NaN,NaN
6,NaN,NaN,NaN,NaN,NaN,NaN,NaN,NaN
7,NaN,NaN,NaN,NaN,NaN,NaN,NaN,NaN
8,NaN,NaN,NaN,NaN,NaN,NaN,NaN,NaN
9,NaN,NaN,NaN,NaN,NaN,NaN,NaN,NaN
10,NaN,NaN,NaN,NaN,NaN,NaN,NaN,NaN
11,NaN,NaN,NaN,NaN,NaN,NaN,NaN,NaN
1,NaN,NaN,NaN,NaN,NaN,NaN,NaN,NaN
2,NaN,NaN,NaN,NaN,NaN,NaN,NaN,NaN
3,NaN,NaN,NaN,NaN,NaN,NaN,NaN,NaN
4,NaN,NaN,NaN,NaN,NaN,NaN,NaN,NaN
5,NaN,NaN,NaN,NaN,NaN,NaN,NaN,NaN
6,NaN,NaN,NaN,NaN,NaN,NaN,NaN,NaN
7,NaN,NaN,NaN,NaN,NaN,NaN,NaN,NaN
8,NaN,NaN,NaN,NaN,NaN,NaN,NaN,NaN
9,NaN,NaN,NaN,NaN,NaN,NaN,NaN,NaN
10,NaN,NaN,NaN,NaN,NaN,NaN,NaN,NaN
11,NaN,NaN,NaN,NaN,NaN,NaN,NaN,NaN
1,NaN,NaN,NaN,NaN,NaN,NaN,NaN,NaN
2,NaN,NaN,NaN,NaN,NaN,NaN,NaN,NaN
3,NaN,NaN,NaN,NaN,NaN,NaN,NaN,NaN
4,NaN,NaN,NaN,NaN,NaN,NaN,NaN,NaN
5,NaN,NaN,NaN,NaN,NaN,NaN,NaN,NaN
6,NaN,NaN,NaN,NaN,NaN,NaN,NaN,NaN
7,NaN,NaN,NaN,NaN,NaN,NaN,NaN,NaN
8,NaN,NaN,NaN,NaN,NaN,NaN,NaN,NaN
9,NaN,NaN,NaN,NaN,NaN,NaN,NaN,NaN
10,NaN,NaN,NaN,NaN,NaN,NaN,NaN,NaN
11,NaN,NaN,NaN,NaN,NaN,NaN,NaN,NaN
1,NaN,NaN,NaN,NaN,NaN,NaN,NaN,NaN
2,NaN,NaN,NaN,NaN,NaN,NaN,NaN,NaN
3,NaN,NaN,NaN,NaN,NaN,NaN,NaN,NaN
4,NaN,NaN,NaN,NaN,NaN,NaN,NaN,NaN
5,NaN,NaN,NaN,NaN,NaN,NaN,NaN,NaN
6,NaN,NaN,NaN,NaN,NaN,NaN,NaN,NaN
7,NaN,NaN,NaN,NaN,NaN,NaN,NaN,NaN
8,NaN,NaN,NaN,NaN,NaN,NaN,NaN,NaN
9,NaN,NaN,NaN,NaN,NaN,NaN,NaN,NaN
10,NaN,NaN,NaN,NaN,NaN,NaN,NaN,NaN
11,NaN,NaN,NaN,NaN,NaN,NaN,NaN,NaN
1,NaN,NaN,NaN,NaN,NaN,NaN,NaN,NaN
2,NaN,NaN,NaN,NaN,NaN,NaN,NaN,NaN
3,NaN,NaN,NaN,NaN,NaN,NaN,NaN,NaN
4,NaN,NaN,NaN,NaN,NaN,NaN,NaN,NaN
5,NaN,NaN,NaN,NaN,NaN,NaN,NaN,NaN
6,NaN,NaN,NaN,NaN,NaN,NaN,NaN,NaN
7,NaN,NaN,NaN,NaN,NaN,NaN,NaN,NaN
8,NaN,NaN,NaN,NaN,NaN,NaN,NaN,NaN
9,NaN,NaN,NaN,NaN,NaN,NaN,NaN,NaN
10,NaN,NaN,NaN,NaN,NaN,NaN,NaN,NaN
11,NaN,NaN,NaN,NaN,NaN,NaN,NaN,NaN
1,NaN,NaN,NaN,NaN,NaN,NaN,NaN,NaN
2,NaN,NaN,NaN,NaN,NaN,NaN,NaN,NaN
3,NaN,NaN,NaN,NaN,NaN,NaN,NaN,NaN
4,NaN,NaN,NaN,NaN,NaN,NaN,NaN,NaN
5,NaN,NaN,NaN,NaN,NaN,NaN,NaN,NaN
6,NaN,NaN,NaN,NaN,NaN,NaN,NaN,NaN
7,NaN,NaN,NaN,NaN,NaN,NaN,NaN,NaN
8,NaN,NaN,NaN,NaN,NaN,NaN,NaN,NaN
9,NaN,NaN,NaN,NaN,NaN,NaN,NaN,NaN
10,NaN,NaN,NaN,NaN,NaN,NaN,NaN,NaN
11,NaN,NaN,NaN,NaN,NaN,NaN,NaN,NaN
1,NaN,NaN,NaN,NaN,NaN,NaN,NaN,NaN
2,NaN,NaN,NaN,NaN,NaN,NaN,NaN,NaN
3,NaN,NaN,NaN,NaN,NaN,NaN,NaN,NaN
4,NaN,NaN,NaN,NaN,NaN,NaN,NaN,NaN
5,NaN,NaN,NaN,NaN,NaN,NaN,NaN,NaN
6,NaN,NaN,NaN,NaN,NaN,NaN,NaN,NaN
7,NaN,NaN,NaN,NaN,NaN,NaN,NaN,NaN
8,NaN,NaN,NaN,NaN,NaN,NaN,NaN,NaN
9,NaN,NaN,NaN,NaN,NaN,NaN,NaN,NaN
10,NaN,NaN,NaN,NaN,NaN,NaN,NaN,NaN
11,NaN,NaN,NaN,NaN,NaN,NaN,NaN,NaN
1,NaN,NaN,NaN,NaN,NaN,NaN,NaN,NaN
2,NaN,NaN,NaN,NaN,NaN,NaN,NaN,NaN
3,NaN,NaN,NaN,NaN,NaN,NaN,NaN,NaN
4,NaN,NaN,NaN,NaN,NaN,NaN,NaN,NaN
5,NaN,NaN,NaN,NaN,NaN,NaN,NaN,NaN
6,NaN,NaN,NaN,NaN,NaN,NaN,NaN,NaN
7,NaN,NaN,NaN,NaN,NaN,NaN,NaN,NaN
8,NaN,NaN,NaN,NaN,NaN,NaN,NaN,NaN
9,NaN,NaN,NaN,NaN,NaN,NaN,NaN,NaN
10,NaN,NaN,NaN,NaN,NaN,NaN,NaN,NaN
11,NaN,NaN,NaN,NaN,NaN,NaN,NaN,NaN
1,NaN,NaN,NaN,NaN,NaN,NaN,NaN,NaN
2,NaN,NaN,NaN,NaN,NaN,NaN,NaN,NaN
3,NaN,NaN,NaN,NaN,NaN,NaN,NaN,NaN
4,NaN,NaN,NaN,NaN,NaN,NaN,NaN,NaN
5,NaN,NaN,NaN,NaN,NaN,NaN,NaN,NaN
6,NaN,NaN,NaN,NaN,NaN,NaN,NaN,NaN
7,NaN,NaN,NaN,NaN,NaN,NaN,NaN,NaN
8,NaN,NaN,NaN,NaN,NaN,NaN,NaN,NaN
9,NaN,NaN,NaN,NaN,NaN,NaN,NaN,NaN
10,NaN,NaN,NaN,NaN,NaN,NaN,NaN,NaN
11,NaN,NaN,NaN,NaN,NaN,NaN,NaN,NaN
1,NaN,NaN,NaN,NaN,NaN,NaN,NaN,NaN
2,NaN,NaN,NaN,NaN,NaN,NaN,NaN,NaN
3,NaN,NaN,NaN,NaN,NaN,NaN,NaN,NaN
4,NaN,NaN,NaN,NaN,NaN,NaN,NaN,NaN
5,NaN,NaN,NaN,NaN,NaN,NaN,NaN,NaN
6,NaN,NaN,NaN,NaN,NaN,NaN,NaN,NaN
7,NaN,NaN,NaN,NaN,NaN,NaN,NaN,NaN
8,NaN,NaN,NaN,NaN,NaN,NaN,NaN,NaN
9,NaN,NaN,NaN,NaN,NaN,NaN,NaN,NaN
10,NaN,NaN,NaN,NaN,NaN,NaN,NaN,NaN
11,NaN,NaN,NaN,NaN,NaN,NaN,NaN,NaN
1,NaN,NaN,NaN,NaN,NaN,NaN,NaN,NaN
2,NaN,NaN,NaN,NaN,NaN,NaN,NaN,NaN
3,NaN,NaN,NaN,NaN,NaN,NaN,NaN,NaN
4,NaN,NaN,NaN,NaN,NaN,NaN,NaN,NaN
5,NaN,NaN,NaN,NaN,NaN,NaN,NaN,NaN
6,NaN,NaN,NaN,NaN,NaN,NaN,NaN,NaN
7,NaN,NaN,NaN,NaN,NaN,NaN,NaN,NaN
8,NaN,NaN,NaN,NaN,NaN,NaN,NaN,NaN
9,NaN,NaN,NaN,NaN,NaN,NaN,NaN,NaN
10,NaN,NaN,NaN,NaN,NaN,NaN,NaN,NaN
11,NaN,NaN,NaN,NaN,NaN,NaN,NaN,NaN
1,NaN,NaN,NaN,NaN,NaN,NaN,NaN,NaN
2,NaN,NaN,NaN,NaN,NaN,NaN,NaN,NaN
3,NaN,NaN,NaN,NaN,NaN,NaN,NaN,NaN
4,NaN,NaN,NaN,NaN,NaN,NaN,NaN,NaN
5,NaN,NaN,NaN,NaN,NaN,NaN,NaN,NaN
6,NaN,NaN,NaN,NaN,NaN,NaN,NaN,NaN
7,NaN,NaN,NaN,NaN,NaN,NaN,NaN,NaN
8,NaN,NaN,NaN,NaN,NaN,NaN,NaN,NaN
9,NaN,NaN,NaN,NaN,NaN,NaN,NaN,NaN
10,NaN,NaN,NaN,NaN,NaN,NaN,NaN,NaN
11,NaN,NaN,NaN,NaN,NaN,NaN,NaN,NaN
1,NaN,NaN,NaN,NaN,NaN,NaN,NaN,NaN
2,NaN,NaN,NaN,NaN,NaN,NaN,NaN,NaN
3,NaN,NaN,NaN,NaN,NaN,NaN,NaN,NaN
4,NaN,NaN,NaN,NaN,NaN,NaN,NaN,NaN
5,NaN,NaN,NaN,NaN,NaN,NaN,NaN,NaN
6,NaN,NaN,NaN,NaN,NaN,NaN,NaN,NaN
7,NaN,NaN,NaN,NaN,NaN,NaN,NaN,NaN
8,NaN,NaN,NaN,NaN,NaN,NaN,NaN,NaN
9,NaN,NaN,NaN,NaN,NaN,NaN,NaN,NaN
10,NaN,NaN,NaN,NaN,NaN,NaN,NaN,NaN
11,NaN,NaN,NaN,NaN,NaN,NaN,NaN,NaN
1,NaN,NaN,NaN,NaN,NaN,NaN,NaN,NaN
2,NaN,NaN,NaN,NaN,NaN,NaN,NaN,NaN
3,NaN,NaN,NaN,NaN,NaN,NaN,NaN,NaN
4,NaN,NaN,NaN,NaN,NaN,NaN,NaN,NaN
5,NaN,NaN,NaN,NaN,NaN,NaN,NaN,NaN
6,NaN,NaN,NaN,NaN,NaN,NaN,NaN,NaN
7,NaN,NaN,NaN,NaN,NaN,NaN,NaN,NaN
8,NaN,NaN,NaN,NaN,NaN,NaN,NaN,NaN
9,NaN,NaN,NaN,NaN,NaN,NaN,NaN,NaN
10,NaN,NaN,NaN,NaN,NaN,NaN,NaN,NaN
11,NaN,NaN,NaN,NaN,NaN,NaN,NaN,NaN
1,NaN,NaN,NaN,NaN,NaN,NaN,NaN,NaN
2,NaN,NaN,NaN,NaN,NaN,NaN,NaN,NaN
3,NaN,NaN,NaN,NaN,NaN,NaN,NaN,NaN
4,NaN,NaN,NaN,NaN,NaN,NaN,NaN,NaN
5,NaN,NaN,NaN,NaN,NaN,NaN,NaN,NaN
6,NaN,NaN,NaN,NaN,NaN,NaN,NaN,NaN
7,NaN,NaN,NaN,NaN,NaN,NaN,NaN,NaN
8,NaN,NaN,NaN,NaN,NaN,NaN,NaN,NaN
9,NaN,NaN,NaN,NaN,NaN,NaN,NaN,NaN
10,NaN,NaN,NaN,NaN,NaN,NaN,NaN,NaN
11,NaN,NaN,NaN,NaN,NaN,NaN,NaN,NaN
1,NaN,NaN,NaN,NaN,NaN,NaN,NaN,NaN
2,NaN,NaN,NaN,NaN,NaN,NaN,NaN,NaN
3,NaN,NaN,NaN,NaN,NaN,NaN,NaN,NaN
4,NaN,NaN,NaN,NaN,NaN,NaN,NaN,NaN
5,NaN,NaN,NaN,NaN,NaN,NaN,NaN,NaN
6,NaN,NaN,NaN,NaN,NaN,NaN,NaN,NaN
7,NaN,NaN,NaN,NaN,NaN,NaN,NaN,NaN
8,NaN,NaN,NaN,NaN,NaN,NaN,NaN,NaN
9,NaN,NaN,NaN,NaN,NaN,NaN,NaN,NaN
10,NaN,NaN,NaN,NaN,NaN,NaN,NaN,NaN
11,NaN,NaN,NaN,NaN,NaN,NaN,NaN,NaN
1,NaN,NaN,NaN,NaN,NaN,NaN,NaN,NaN
2,NaN,NaN,NaN,NaN,NaN,NaN,NaN,NaN
3,NaN,NaN,NaN,NaN,NaN,NaN,NaN,NaN
4,NaN,NaN,NaN,NaN,NaN,NaN,NaN,NaN
5,NaN,NaN,NaN,NaN,NaN,NaN,NaN,NaN
6,NaN,NaN,NaN,NaN,NaN,NaN,NaN,NaN
7,NaN,NaN,NaN,NaN,NaN,NaN,NaN,NaN
8,NaN,NaN,NaN,NaN,NaN,NaN,NaN,NaN
9,NaN,NaN,NaN,NaN,NaN,NaN,NaN,NaN
10,NaN,NaN,NaN,NaN,NaN,NaN,NaN,NaN
11,NaN,NaN,NaN,NaN,NaN,NaN,NaN,NaN
1,NaN,NaN,NaN,NaN,NaN,NaN,NaN,NaN
2,NaN,NaN,NaN,NaN,NaN,NaN,NaN,NaN
3,NaN,NaN,NaN,NaN,NaN,NaN,NaN,NaN
4,NaN,NaN,NaN,NaN,NaN,NaN,NaN,NaN
5,NaN,NaN,NaN,NaN,NaN,NaN,NaN,NaN
6,NaN,NaN,NaN,NaN,NaN,NaN,NaN,NaN
7,NaN,NaN,NaN,NaN,NaN,NaN,NaN,NaN
8,NaN,NaN,NaN,NaN,NaN,NaN,NaN,NaN
9,NaN,NaN,NaN,NaN,NaN,NaN,NaN,NaN
10,NaN,NaN,NaN,NaN,NaN,NaN,NaN,NaN
11,NaN,NaN,NaN,NaN,NaN,NaN,NaN,NaN
1,NaN,NaN,NaN,NaN,NaN,NaN,NaN,NaN
2,NaN,NaN,NaN,NaN,NaN,NaN,NaN,NaN
3,NaN,NaN,NaN,NaN,NaN,NaN,NaN,NaN
4,NaN,NaN,NaN,NaN,NaN,NaN,NaN,NaN
5,NaN,NaN,NaN,NaN,NaN,NaN,NaN,NaN
6,NaN,NaN,NaN,NaN,NaN,NaN,NaN,NaN
7,NaN,NaN,NaN,NaN,NaN,NaN,NaN,NaN
8,NaN,NaN,NaN,NaN,NaN,NaN,NaN,NaN
9,NaN,NaN,NaN,NaN,NaN,NaN,NaN,NaN
10,NaN,NaN,NaN,NaN,NaN,NaN,NaN,NaN
11,NaN,NaN,NaN,NaN,NaN,NaN,NaN,NaN
1,NaN,NaN,NaN,NaN,NaN,NaN,NaN,NaN
2,NaN,NaN,NaN,NaN,NaN,NaN,NaN,NaN
3,NaN,NaN,NaN,NaN,NaN,NaN,NaN,NaN
4,NaN,NaN,NaN,NaN,NaN,NaN,NaN,NaN
5,NaN,NaN,NaN,NaN,NaN,NaN,NaN,NaN
6,NaN,NaN,NaN,NaN,NaN,NaN,NaN,NaN
7,NaN,NaN,NaN,NaN,NaN,NaN,NaN,NaN
8,NaN,NaN,NaN,NaN,NaN,NaN,NaN,NaN
9,NaN,NaN,NaN,NaN,NaN,NaN,NaN,NaN
10,NaN,NaN,NaN,NaN,NaN,NaN,NaN,NaN
11,NaN,NaN,NaN,NaN,NaN,NaN,NaN,NaN
1,NaN,NaN,NaN,NaN,NaN,NaN,NaN,NaN
2,NaN,NaN,NaN,NaN,NaN,NaN,NaN,NaN
3,NaN,NaN,NaN,NaN,NaN,NaN,NaN,NaN
4,NaN,NaN,NaN,NaN,NaN,NaN,NaN,NaN
5,NaN,NaN,NaN,NaN,NaN,NaN,NaN,NaN
6,NaN,NaN,NaN,NaN,NaN,NaN,NaN,NaN
7,NaN,NaN,NaN,NaN,NaN,NaN,NaN,NaN
8,NaN,NaN,NaN,NaN,NaN,NaN,NaN,NaN
9,NaN,NaN,NaN,NaN,NaN,NaN,NaN,NaN
10,NaN,NaN,NaN,NaN,NaN,NaN,NaN,NaN
11,NaN,NaN,NaN,NaN,NaN,NaN,NaN,NaN
1,NaN,NaN,NaN,NaN,NaN,NaN,NaN,NaN
2,NaN,NaN,NaN,NaN,NaN,NaN,NaN,NaN
3,NaN,NaN,NaN,NaN,NaN,NaN,NaN,NaN
4,NaN,NaN,NaN,NaN,NaN,NaN,NaN,NaN
5,NaN,NaN,NaN,NaN,NaN,NaN,NaN,NaN
6,NaN,NaN,NaN,NaN,NaN,NaN,NaN,NaN
7,NaN,NaN,NaN,NaN,NaN,NaN,NaN,NaN
8,NaN,NaN,NaN,NaN,NaN,NaN,NaN,NaN
9,NaN,NaN,NaN,NaN,NaN,NaN,NaN,NaN
10,NaN,NaN,NaN,NaN,NaN,NaN,NaN,NaN
11,NaN,NaN,NaN,NaN,NaN,NaN,NaN,NaN
1,NaN,NaN,NaN,NaN,NaN,NaN,NaN,NaN
2,NaN,NaN,NaN,NaN,NaN,NaN,NaN,NaN
3,NaN,NaN,NaN,NaN,NaN,NaN,NaN,NaN
4,NaN,NaN,NaN,NaN,NaN,NaN,NaN,NaN
5,NaN,NaN,NaN,NaN,NaN,NaN,NaN,NaN
6,NaN,NaN,NaN,NaN,NaN,NaN,NaN,NaN
7,NaN,NaN,NaN,NaN,NaN,NaN,NaN,NaN
8,NaN,NaN,NaN,NaN,NaN,NaN,NaN,NaN
9,NaN,NaN,NaN,NaN,NaN,NaN,NaN,NaN
10,NaN,NaN,NaN,NaN,NaN,NaN,NaN,NaN
11,NaN,NaN,NaN,NaN,NaN,NaN,NaN,NaN
1,NaN,NaN,NaN,NaN,NaN,NaN,NaN,NaN
2,NaN,NaN,NaN,NaN,NaN,NaN,NaN,NaN
3,NaN,NaN,NaN,NaN,NaN,NaN,NaN,NaN
4,NaN,NaN,NaN,NaN,NaN,NaN,NaN,NaN
5,NaN,NaN,NaN,NaN,NaN,NaN,NaN,NaN
6,NaN,NaN,NaN,NaN,NaN,NaN,NaN,NaN
7,NaN,NaN,NaN,NaN,NaN,NaN,NaN,NaN
8,NaN,NaN,NaN,NaN,NaN,NaN,NaN,NaN
9,NaN,NaN,NaN,NaN,NaN,NaN,NaN,NaN
10,NaN,NaN,NaN,NaN,NaN,NaN,NaN,NaN
11,NaN,NaN,NaN,NaN,NaN,NaN,NaN,NaN
1,NaN,NaN,NaN,NaN,NaN,NaN,NaN,NaN
2,NaN,NaN,NaN,NaN,NaN,NaN,NaN,NaN
3,NaN,NaN,NaN,NaN,NaN,NaN,NaN,NaN
4,NaN,NaN,NaN,NaN,NaN,NaN,NaN,NaN
5,NaN,NaN,NaN,NaN,NaN,NaN,NaN,NaN
6,NaN,NaN,NaN,NaN,NaN,NaN,NaN,NaN
7,NaN,NaN,NaN,NaN,NaN,NaN,NaN,NaN
8,NaN,NaN,NaN,NaN,NaN,NaN,NaN,NaN
9,NaN,NaN,NaN,NaN,NaN,NaN,NaN,NaN
10,NaN,NaN,NaN,NaN,NaN,NaN,NaN,NaN
11,NaN,NaN,NaN,NaN,NaN,NaN,NaN,NaN
1,NaN,NaN,NaN,NaN,NaN,NaN,NaN,NaN
2,NaN,NaN,NaN,NaN,NaN,NaN,NaN,NaN
3,NaN,NaN,NaN,NaN,NaN,NaN,NaN,NaN
4,NaN,NaN,NaN,NaN,NaN,NaN,NaN,NaN
5,NaN,NaN,NaN,NaN,NaN,NaN,NaN,NaN
6,NaN,NaN,NaN,NaN,NaN,NaN,NaN,NaN
7,NaN,NaN,NaN,NaN,NaN,NaN,NaN,NaN
8,NaN,NaN,NaN,NaN,NaN,NaN,NaN,NaN
9,NaN,NaN,NaN,NaN,NaN,NaN,NaN,NaN
10,NaN,NaN,NaN,NaN,NaN,NaN,NaN,NaN
11,NaN,NaN,NaN,NaN,NaN,NaN,NaN,NaN
1,NaN,NaN,NaN,NaN,NaN,NaN,NaN,NaN
2,NaN,NaN,NaN,NaN,NaN,NaN,NaN,NaN
3,NaN,NaN,NaN,NaN,NaN,NaN,NaN,NaN
4,NaN,NaN,NaN,NaN,NaN,NaN,NaN,NaN
5,NaN,NaN,NaN,NaN,NaN,NaN,NaN,NaN
6,NaN,NaN,NaN,NaN,NaN,NaN,NaN,NaN
7,NaN,NaN,NaN,NaN,NaN,NaN,NaN,NaN
8,NaN,NaN,NaN,NaN,NaN,NaN,NaN,NaN
9,NaN,NaN,NaN,NaN,NaN,NaN,NaN,NaN
10,NaN,NaN,NaN,NaN,NaN,NaN,NaN,NaN
11,NaN,NaN,NaN,NaN,NaN,NaN,NaN,NaN
1,NaN,NaN,NaN,NaN,NaN,NaN,NaN,NaN
2,NaN,NaN,NaN,NaN,NaN,NaN,NaN,NaN
3,NaN,NaN,NaN,NaN,NaN,NaN,NaN,NaN
4,NaN,NaN,NaN,NaN,NaN,NaN,NaN,NaN
5,NaN,NaN,NaN,NaN,NaN,NaN,NaN,NaN
6,NaN,NaN,NaN,NaN,NaN,NaN,NaN,NaN
7,NaN,NaN,NaN,NaN,NaN,NaN,NaN,NaN
8,NaN,NaN,NaN,NaN,NaN,NaN,NaN,NaN
9,NaN,NaN,NaN,NaN,NaN,NaN,NaN,NaN
10,NaN,NaN,NaN,NaN,NaN,NaN,NaN,NaN
11,NaN,NaN,NaN,NaN,NaN,NaN,NaN,NaN
1,NaN,NaN,NaN,NaN,NaN,NaN,NaN,NaN
2,NaN,NaN,NaN,NaN,NaN,NaN,NaN,NaN
3,NaN,NaN,NaN,NaN,NaN,NaN,NaN,NaN
4,NaN,NaN,NaN,NaN,NaN,NaN,NaN,NaN
5,NaN,NaN,NaN,NaN,NaN,NaN,NaN,NaN
6,NaN,NaN,NaN,NaN,NaN,NaN,NaN,NaN
7,NaN,NaN,NaN,NaN,NaN,NaN,NaN,NaN
8,NaN,NaN,NaN,NaN,NaN,NaN,NaN,NaN
9,NaN,NaN,NaN,NaN,NaN,NaN,NaN,NaN
10,NaN,NaN,NaN,NaN,NaN,NaN,NaN,NaN
11,NaN,NaN,NaN,NaN,NaN,NaN,NaN,NaN
1,NaN,NaN,NaN,NaN,NaN,NaN,NaN,NaN
2,NaN,NaN,NaN,NaN,NaN,NaN,NaN,NaN
3,NaN,NaN,NaN,NaN,NaN,NaN,NaN,NaN
4,NaN,NaN,NaN,NaN,NaN,NaN,NaN,NaN
5,NaN,NaN,NaN,NaN,NaN,NaN,NaN,NaN
6,NaN,NaN,NaN,NaN,NaN,NaN,NaN,NaN
7,NaN,NaN,NaN,NaN,NaN,NaN,NaN,NaN
8,NaN,NaN,NaN,NaN,NaN,NaN,NaN,NaN
9,NaN,NaN,NaN,NaN,NaN,NaN,NaN,NaN
10,NaN,NaN,NaN,NaN,NaN,NaN,NaN,NaN
11,NaN,NaN,NaN,NaN,NaN,NaN,NaN,NaN
1,NaN,NaN,NaN,NaN,NaN,NaN,NaN,NaN
2,NaN,NaN,NaN,NaN,NaN,NaN,NaN,NaN
3,NaN,NaN,NaN,NaN,NaN,NaN,NaN,NaN
4,NaN,NaN,NaN,NaN,NaN,NaN,NaN,NaN
5,NaN,NaN,NaN,NaN,NaN,NaN,NaN,NaN
6,NaN,NaN,NaN,NaN,NaN,NaN,NaN,NaN
7,NaN,NaN,NaN,NaN,NaN,NaN,NaN,NaN
8,NaN,NaN,NaN,NaN,NaN,NaN,NaN,NaN
9,NaN,NaN,NaN,NaN,NaN,NaN,NaN,NaN
10,NaN,NaN,NaN,NaN,NaN,NaN,NaN,NaN
11,NaN,NaN,NaN,NaN,NaN,NaN,NaN,NaN
1,NaN,NaN,NaN,NaN,NaN,NaN,NaN,NaN
2,NaN,NaN,NaN,NaN,NaN,NaN,NaN,NaN
3,NaN,NaN,NaN,NaN,NaN,NaN,NaN,NaN
4,NaN,NaN,NaN,NaN,NaN,NaN,NaN,NaN
5,NaN,NaN,NaN,NaN,NaN,NaN,NaN,NaN
6,NaN,NaN,NaN,NaN,NaN,NaN,NaN,NaN
7,NaN,NaN,NaN,NaN,NaN,NaN,NaN,NaN
8,NaN,NaN,NaN,NaN,NaN,NaN,NaN,NaN
9,NaN,NaN,NaN,NaN,NaN,NaN,NaN,NaN
10,NaN,NaN,NaN,NaN,NaN,NaN,NaN,NaN
11,NaN,NaN,NaN,NaN,NaN,NaN,NaN,NaN
1,NaN,NaN,NaN,NaN,NaN,NaN,NaN,NaN
2,NaN,NaN,NaN,NaN,NaN,NaN,NaN,NaN
3,NaN,NaN,NaN,NaN,NaN,NaN,NaN,NaN
4,NaN,NaN,NaN,NaN,NaN,NaN,NaN,NaN
5,NaN,NaN,NaN,NaN,NaN,NaN,NaN,NaN
6,NaN,NaN,NaN,NaN,NaN,NaN,NaN,NaN
7,NaN,NaN,NaN,NaN,NaN,NaN,NaN,NaN
8,NaN,NaN,NaN,NaN,NaN,NaN,NaN,NaN
9,NaN,NaN,NaN,NaN,NaN,NaN,NaN,NaN
10,NaN,NaN,NaN,NaN,NaN,NaN,NaN,NaN
11,NaN,NaN,NaN,NaN,NaN,NaN,NaN,NaN
1,NaN,NaN,NaN,NaN,NaN,NaN,NaN,NaN
2,NaN,NaN,NaN,NaN,NaN,NaN,NaN,NaN
3,NaN,NaN,NaN,NaN,NaN,NaN,NaN,NaN
4,NaN,NaN,NaN,NaN,NaN,NaN,NaN,NaN
5,NaN,NaN,NaN,NaN,NaN,NaN,NaN,NaN
6,NaN,NaN,NaN,NaN,NaN,NaN,NaN,NaN
7,NaN,NaN,NaN,NaN,NaN,NaN,NaN,NaN
8,NaN,NaN,NaN,NaN,NaN,NaN,NaN,NaN
9,NaN,NaN,NaN,NaN,NaN,NaN,NaN,NaN
10,NaN,NaN,NaN,NaN,NaN,NaN,NaN,NaN
11,NaN,NaN,NaN,NaN,NaN,NaN,NaN,NaN
1,NaN,NaN,NaN,NaN,NaN,NaN,NaN,NaN
2,NaN,NaN,NaN,NaN,NaN,NaN,NaN,NaN
3,NaN,NaN,NaN,NaN,NaN,NaN,NaN,NaN
4,NaN,NaN,NaN,NaN,NaN,NaN,NaN,NaN
5,NaN,NaN,NaN,NaN,NaN,NaN,NaN,NaN
6,NaN,NaN,NaN,NaN,NaN,NaN,NaN,NaN
7,NaN,NaN,NaN,NaN,NaN,NaN,NaN,NaN
8,NaN,NaN,NaN,NaN,NaN,NaN,NaN,NaN
9,NaN,NaN,NaN,NaN,NaN,NaN,NaN,NaN
10,NaN,NaN,NaN,NaN,NaN,NaN,NaN,NaN
11,NaN,NaN,NaN,NaN,NaN,NaN,NaN,NaN
1,NaN,NaN,NaN,NaN,NaN,NaN,NaN,NaN
2,NaN,NaN,NaN,NaN,NaN,NaN,NaN,NaN
3,NaN,NaN,NaN,NaN,NaN,NaN,NaN,NaN
4,NaN,NaN,NaN,NaN,NaN,NaN,NaN,NaN
5,NaN,NaN,NaN,NaN,NaN,NaN,NaN,NaN
6,NaN,NaN,NaN,NaN,NaN,NaN,NaN,NaN
7,NaN,NaN,NaN,NaN,NaN,NaN,NaN,NaN
8,NaN,NaN,NaN,NaN,NaN,NaN,NaN,NaN
9,NaN,NaN,NaN,NaN,NaN,NaN,NaN,NaN
10,NaN,NaN,NaN,NaN,NaN,NaN,NaN,NaN
11,NaN,NaN,NaN,NaN,NaN,NaN,NaN,NaN
1,NaN,NaN,NaN,NaN,NaN,NaN,NaN,NaN
2,NaN,NaN,NaN,NaN,NaN,NaN,NaN,NaN
3,NaN,NaN,NaN,NaN,NaN,NaN,NaN,NaN
4,NaN,NaN,NaN,NaN,NaN,NaN,NaN,NaN
5,NaN,NaN,NaN,NaN,NaN,NaN,NaN,NaN
6,NaN,NaN,NaN,NaN,NaN,NaN,NaN,NaN
7,NaN,NaN,NaN,NaN,NaN,NaN,NaN,NaN
8,NaN,NaN,NaN,NaN,NaN,NaN,NaN,NaN
9,NaN,NaN,NaN,NaN,NaN,NaN,NaN,NaN
10,NaN,NaN,NaN,NaN,NaN,NaN,NaN,NaN
11,NaN,NaN,NaN,NaN,NaN,NaN,NaN,NaN
1,NaN,NaN,NaN,NaN,NaN,NaN,NaN,NaN
2,NaN,NaN,NaN,NaN,NaN,NaN,NaN,NaN
3,NaN,NaN,NaN,NaN,NaN,NaN,NaN,NaN
4,NaN,NaN,NaN,NaN,NaN,NaN,NaN,NaN
5,NaN,NaN,NaN,NaN,NaN,NaN,NaN,NaN
6,NaN,NaN,NaN,NaN,NaN,NaN,NaN,NaN
7,NaN,NaN,NaN,NaN,NaN,NaN,NaN,NaN
8,NaN,NaN,NaN,NaN,NaN,NaN,NaN,NaN
9,NaN,NaN,NaN,NaN,NaN,NaN,NaN,NaN
10,NaN,NaN,NaN,NaN,NaN,NaN,NaN,NaN
11,NaN,NaN,NaN,NaN,NaN,NaN,NaN,NaN
1,NaN,NaN,NaN,NaN,NaN,NaN,NaN,NaN
2,NaN,NaN,NaN,NaN,NaN,NaN,NaN,NaN
3,NaN,NaN,NaN,NaN,NaN,NaN,NaN,NaN
4,NaN,NaN,NaN,NaN,NaN,NaN,NaN,NaN
5,NaN,NaN,NaN,NaN,NaN,NaN,NaN,NaN
6,NaN,NaN,NaN,NaN,NaN,NaN,NaN,NaN
7,NaN,NaN,NaN,NaN,NaN,NaN,NaN,NaN
8,NaN,NaN,NaN,NaN,NaN,NaN,NaN,NaN
9,NaN,NaN,NaN,NaN,NaN,NaN,NaN,NaN
10,NaN,NaN,NaN,NaN,NaN,NaN,NaN,NaN
11,NaN,NaN,NaN,NaN,NaN,NaN,NaN,NaN
1,NaN,NaN,NaN,NaN,NaN,NaN,NaN,NaN
2,NaN,NaN,NaN,NaN,NaN,NaN,NaN,NaN
3,NaN,NaN,NaN,NaN,NaN,NaN,NaN,NaN
4,NaN,NaN,NaN,NaN,NaN,NaN,NaN,NaN
5,NaN,NaN,NaN,NaN,NaN,NaN,NaN,NaN
6,NaN,NaN,NaN,NaN,NaN,NaN,NaN,NaN
7,NaN,NaN,NaN,NaN,NaN,NaN,NaN,NaN
8,NaN,NaN,NaN,NaN,NaN,NaN,NaN,NaN
9,NaN,NaN,NaN,NaN,NaN,NaN,NaN,NaN
10,NaN,NaN,NaN,NaN,NaN,NaN,NaN,NaN
11,NaN,NaN,NaN,NaN,NaN,NaN,NaN,NaN
1,NaN,NaN,NaN,NaN,NaN,NaN,NaN,NaN
2,NaN,NaN,NaN,NaN,NaN,NaN,NaN,NaN
3,NaN,NaN,NaN,NaN,NaN,NaN,NaN,NaN
4,NaN,NaN,NaN,NaN,NaN,NaN,NaN,NaN
5,NaN,NaN,NaN,NaN,NaN,NaN,NaN,NaN
6,NaN,NaN,NaN,NaN,NaN,NaN,NaN,NaN
7,NaN,NaN,NaN,NaN,NaN,NaN,NaN,NaN
8,NaN,NaN,NaN,NaN,NaN,NaN,NaN,NaN
9,NaN,NaN,NaN,NaN,NaN,NaN,NaN,NaN
10,NaN,NaN,NaN,NaN,NaN,NaN,NaN,NaN
11,NaN,NaN,NaN,NaN,NaN,NaN,NaN,NaN
1,NaN,NaN,NaN,NaN,NaN,NaN,NaN,NaN
2,NaN,NaN,NaN,NaN,NaN,NaN,NaN,NaN
3,NaN,NaN,NaN,NaN,NaN,NaN,NaN,NaN
4,NaN,NaN,NaN,NaN,NaN,NaN,NaN,NaN
5,NaN,NaN,NaN,NaN,NaN,NaN,NaN,NaN
6,NaN,NaN,NaN,NaN,NaN,NaN,NaN,NaN
7,NaN,NaN,NaN,NaN,NaN,NaN,NaN,NaN
8,NaN,NaN,NaN,NaN,NaN,NaN,NaN,NaN
9,NaN,NaN,NaN,NaN,NaN,NaN,NaN,NaN
10,NaN,NaN,NaN,NaN,NaN,NaN,NaN,NaN
11,NaN,NaN,NaN,NaN,NaN,NaN,NaN,NaN
1,NaN,NaN,NaN,NaN,NaN,NaN,NaN,NaN
2,NaN,NaN,NaN,NaN,NaN,NaN,NaN,NaN
3,NaN,NaN,NaN,NaN,NaN,NaN,NaN,NaN
4,NaN,NaN,NaN,NaN,NaN,NaN,NaN,NaN
5,NaN,NaN,NaN,NaN,NaN,NaN,NaN,NaN
6,NaN,NaN,NaN,NaN,NaN,NaN,NaN,NaN
7,NaN,NaN,NaN,NaN,NaN,NaN,NaN,NaN
8,NaN,NaN,NaN,NaN,NaN,NaN,NaN,NaN
9,NaN,NaN,NaN,NaN,NaN,NaN,NaN,NaN
10,NaN,NaN,NaN,NaN,NaN,NaN,NaN,NaN
11,NaN,NaN,NaN,NaN,NaN,NaN,NaN,NaN
1,NaN,NaN,NaN,NaN,NaN,NaN,NaN,NaN
2,NaN,NaN,NaN,NaN,NaN,NaN,NaN,NaN
3,NaN,NaN,NaN,NaN,NaN,NaN,NaN,NaN
4,NaN,NaN,NaN,NaN,NaN,NaN,NaN,NaN
5,NaN,NaN,NaN,NaN,NaN,NaN,NaN,NaN
6,NaN,NaN,NaN,NaN,NaN,NaN,NaN,NaN
7,NaN,NaN,NaN,NaN,NaN,NaN,NaN,NaN
8,NaN,NaN,NaN,NaN,NaN,NaN,NaN,NaN
9,NaN,NaN,NaN,NaN,NaN,NaN,NaN,NaN
10,NaN,NaN,NaN,NaN,NaN,NaN,NaN,NaN
11,NaN,NaN,NaN,NaN,NaN,NaN,NaN,NaN
1,NaN,NaN,NaN,NaN,NaN,NaN,NaN,NaN
2,NaN,NaN,NaN,NaN,NaN,NaN,NaN,NaN
3,NaN,NaN,NaN,NaN,NaN,NaN,NaN,NaN
4,NaN,NaN,NaN,NaN,NaN,NaN,NaN,NaN
5,NaN,NaN,NaN,NaN,NaN,NaN,NaN,NaN
6,NaN,NaN,NaN,NaN,NaN,NaN,NaN,NaN
7,NaN,NaN,NaN,NaN,NaN,NaN,NaN,NaN
8,NaN,NaN,NaN,NaN,NaN,NaN,NaN,NaN
9,NaN,NaN,NaN,NaN,NaN,NaN,NaN,NaN
10,NaN,NaN,NaN,NaN,NaN,NaN,NaN,NaN
11,NaN,NaN,NaN,NaN,NaN,NaN,NaN,NaN
1,NaN,NaN,NaN,NaN,NaN,NaN,NaN,NaN
2,NaN,NaN,NaN,NaN,NaN,NaN,NaN,NaN
3,NaN,NaN,NaN,NaN,NaN,NaN,NaN,NaN
4,NaN,NaN,NaN,NaN,NaN,NaN,NaN,NaN
5,NaN,NaN,NaN,NaN,NaN,NaN,NaN,NaN
6,NaN,NaN,NaN,NaN,NaN,NaN,NaN,NaN
7,NaN,NaN,NaN,NaN,NaN,NaN,NaN,NaN
8,NaN,NaN,NaN,NaN,NaN,NaN,NaN,NaN
9,NaN,NaN,NaN,NaN,NaN,NaN,NaN,NaN
10,NaN,NaN,NaN,NaN,NaN,NaN,NaN,NaN
11,NaN,NaN,NaN,NaN,NaN,NaN,NaN,NaN
1,NaN,NaN,NaN,NaN,NaN,NaN,NaN,NaN
2,NaN,NaN,NaN,NaN,NaN,NaN,NaN,NaN
3,NaN,NaN,NaN,NaN,NaN,NaN,NaN,NaN
4,NaN,NaN,NaN,NaN,NaN,NaN,NaN,NaN
5,NaN,NaN,NaN,NaN,NaN,NaN,NaN,NaN
6,NaN,NaN,NaN,NaN,NaN,NaN,NaN,NaN
7,NaN,NaN,NaN,NaN,NaN,NaN,NaN,NaN
8,NaN,NaN,NaN,NaN,NaN,NaN,NaN,NaN
9,NaN,NaN,NaN,NaN,NaN,NaN,NaN,NaN
10,NaN,NaN,NaN,NaN,NaN,NaN,NaN,NaN
11,NaN,NaN,NaN,NaN,NaN,NaN,NaN,NaN
1,NaN,NaN,NaN,NaN,NaN,NaN,NaN,NaN
2,NaN,NaN,NaN,NaN,NaN,NaN,NaN,NaN
3,NaN,NaN,NaN,NaN,NaN,NaN,NaN,NaN
4,NaN,NaN,NaN,NaN,NaN,NaN,NaN,NaN
5,NaN,NaN,NaN,NaN,NaN,NaN,NaN,NaN
6,NaN,NaN,NaN,NaN,NaN,NaN,NaN,NaN
7,NaN,NaN,NaN,NaN,NaN,NaN,NaN,NaN
8,NaN,NaN,NaN,NaN,NaN,NaN,NaN,NaN
9,NaN,NaN,NaN,NaN,NaN,NaN,NaN,NaN
10,NaN,NaN,NaN,NaN,NaN,NaN,NaN,NaN
11,NaN,NaN,NaN,NaN,NaN,NaN,NaN,NaN
1,NaN,NaN,NaN,NaN,NaN,NaN,NaN,NaN
2,NaN,NaN,NaN,NaN,NaN,NaN,NaN,NaN
3,NaN,NaN,NaN,NaN,NaN,NaN,NaN,NaN
4,NaN,NaN,NaN,NaN,NaN,NaN,NaN,NaN
5,NaN,NaN,NaN,NaN,NaN,NaN,NaN,NaN
6,NaN,NaN,NaN,NaN,NaN,NaN,NaN,NaN
7,NaN,NaN,NaN,NaN,NaN,NaN,NaN,NaN
8,NaN,NaN,NaN,NaN,NaN,NaN,NaN,NaN
9,NaN,NaN,NaN,NaN,NaN,NaN,NaN,NaN
10,NaN,NaN,NaN,NaN,NaN,NaN,NaN,NaN
11,NaN,NaN,NaN,NaN,NaN,NaN,NaN,NaN
1,NaN,NaN,NaN,NaN,NaN,NaN,NaN,NaN
2,NaN,NaN,NaN,NaN,NaN,NaN,NaN,NaN
3,NaN,NaN,NaN,NaN,NaN,NaN,NaN,NaN
4,NaN,NaN,NaN,NaN,NaN,NaN,NaN,NaN
5,NaN,NaN,NaN,NaN,NaN,NaN,NaN,NaN
6,NaN,NaN,NaN,NaN,NaN,NaN,NaN,NaN
7,NaN,NaN,NaN,NaN,NaN,NaN,NaN,NaN
8,NaN,NaN,NaN,NaN,NaN,NaN,NaN,NaN
9,NaN,NaN,NaN,NaN,NaN,NaN,NaN,NaN
10,NaN,NaN,NaN,NaN,NaN,NaN,NaN,NaN
11,NaN,NaN,NaN,NaN,NaN,NaN,NaN,NaN
1,NaN,NaN,NaN,NaN,NaN,NaN,NaN,NaN
2,NaN,NaN,NaN,NaN,NaN,NaN,NaN,NaN
3,NaN,NaN,NaN,NaN,NaN,NaN,NaN,NaN
4,NaN,NaN,NaN,NaN,NaN,NaN,NaN,NaN
5,NaN,NaN,NaN,NaN,NaN,NaN,NaN,NaN
6,NaN,NaN,NaN,NaN,NaN,NaN,NaN,NaN
7,NaN,NaN,NaN,NaN,NaN,NaN,NaN,NaN
8,NaN,NaN,NaN,NaN,NaN,NaN,NaN,NaN
9,NaN,NaN,NaN,NaN,NaN,NaN,NaN,NaN
10,NaN,NaN,NaN,NaN,NaN,NaN,NaN,NaN
11,NaN,NaN,NaN,NaN,NaN,NaN,NaN,NaN
1,NaN,NaN,NaN,NaN,NaN,NaN,NaN,NaN
2,NaN,NaN,NaN,NaN,NaN,NaN,NaN,NaN
3,NaN,NaN,NaN,NaN,NaN,NaN,NaN,NaN
4,NaN,NaN,NaN,NaN,NaN,NaN,NaN,NaN
5,NaN,NaN,NaN,NaN,NaN,NaN,NaN,NaN
6,NaN,NaN,NaN,NaN,NaN,NaN,NaN,NaN
7,NaN,NaN,NaN,NaN,NaN,NaN,NaN,NaN
8,NaN,NaN,NaN,NaN,NaN,NaN,NaN,NaN
9,NaN,NaN,NaN,NaN,NaN,NaN,NaN,NaN
10,NaN,NaN,NaN,NaN,NaN,NaN,NaN,NaN
11,NaN,NaN,NaN,NaN,NaN,NaN,NaN,NaN
1,NaN,NaN,NaN,NaN,NaN,NaN,NaN,NaN
2,NaN,NaN,NaN,NaN,NaN,NaN,NaN,NaN
3,NaN,NaN,NaN,NaN,NaN,NaN,NaN,NaN
4,NaN,NaN,NaN,NaN,NaN,NaN,NaN,NaN
5,NaN,NaN,NaN,NaN,NaN,NaN,NaN,NaN
6,NaN,NaN,NaN,NaN,NaN,NaN,NaN,NaN
7,NaN,NaN,NaN,NaN,NaN,NaN,NaN,NaN
8,NaN,NaN,NaN,NaN,NaN,NaN,NaN,NaN
9,NaN,NaN,NaN,NaN,NaN,NaN,NaN,NaN
10,NaN,NaN,NaN,NaN,NaN,NaN,NaN,NaN
11,NaN,NaN,NaN,NaN,NaN,NaN,NaN,NaN
1,NaN,NaN,NaN,NaN,NaN,NaN,NaN,NaN
2,NaN,NaN,NaN,NaN,NaN,NaN,NaN,NaN
3,NaN,NaN,NaN,NaN,NaN,NaN,NaN,NaN
4,NaN,NaN,NaN,NaN,NaN,NaN,NaN,NaN
5,NaN,NaN,NaN,NaN,NaN,NaN,NaN,NaN
6,NaN,NaN,NaN,NaN,NaN,NaN,NaN,NaN
7,NaN,NaN,NaN,NaN,NaN,NaN,NaN,NaN
8,NaN,NaN,NaN,NaN,NaN,NaN,NaN,NaN
9,NaN,NaN,NaN,NaN,NaN,NaN,NaN,NaN
10,NaN,NaN,NaN,NaN,NaN,NaN,NaN,NaN
11,NaN,NaN,NaN,NaN,NaN,NaN,NaN,NaN
1,NaN,NaN,NaN,NaN,NaN,NaN,NaN,NaN
2,NaN,NaN,NaN,NaN,NaN,NaN,NaN,NaN
3,NaN,NaN,NaN,NaN,NaN,NaN,NaN,NaN
4,NaN,NaN,NaN,NaN,NaN,NaN,NaN,NaN
5,NaN,NaN,NaN,NaN,NaN,NaN,NaN,NaN
6,NaN,NaN,NaN,NaN,NaN,NaN,NaN,NaN
7,NaN,NaN,NaN,NaN,NaN,NaN,NaN,NaN
8,NaN,NaN,NaN,NaN,NaN,NaN,NaN,NaN
9,NaN,NaN,NaN,NaN,NaN,NaN,NaN,NaN
10,NaN,NaN,NaN,NaN,NaN,NaN,NaN,NaN
11,NaN,NaN,NaN,NaN,NaN,NaN,NaN,NaN
1,NaN,NaN,NaN,NaN,NaN,NaN,NaN,NaN
2,NaN,NaN,NaN,NaN,NaN,NaN,NaN,NaN
3,NaN,NaN,NaN,NaN,NaN,NaN,NaN,NaN
4,NaN,NaN,NaN,NaN,NaN,NaN,NaN,NaN
5,NaN,NaN,NaN,NaN,NaN,NaN,NaN,NaN
6,NaN,NaN,NaN,NaN,NaN,NaN,NaN,NaN
7,NaN,NaN,NaN,NaN,NaN,NaN,NaN,NaN
8,NaN,NaN,NaN,NaN,NaN,NaN,NaN,NaN
9,NaN,NaN,NaN,NaN,NaN,NaN,NaN,NaN
10,NaN,NaN,NaN,NaN,NaN,NaN,NaN,NaN
11,NaN,NaN,NaN,NaN,NaN,NaN,NaN,NaN
1,NaN,NaN,NaN,NaN,NaN,NaN,NaN,NaN
2,NaN,NaN,NaN,NaN,NaN,NaN,NaN,NaN
3,NaN,NaN,NaN,NaN,NaN,NaN,NaN,NaN
4,NaN,NaN,NaN,NaN,NaN,NaN,NaN,NaN
5,NaN,NaN,NaN,NaN,NaN,NaN,NaN,NaN
6,NaN,NaN,NaN,NaN,NaN,NaN,NaN,NaN
7,NaN,NaN,NaN,NaN,NaN,NaN,NaN,NaN
8,NaN,NaN,NaN,NaN,NaN,NaN,NaN,NaN
9,NaN,NaN,NaN,NaN,NaN,NaN,NaN,NaN
10,NaN,NaN,NaN,NaN,NaN,NaN,NaN,NaN
11,NaN,NaN,NaN,NaN,NaN,NaN,NaN,NaN
1,NaN,NaN,NaN,NaN,NaN,NaN,NaN,NaN
2,NaN,NaN,NaN,NaN,NaN,NaN,NaN,NaN
3,NaN,NaN,NaN,NaN,NaN,NaN,NaN,NaN
4,NaN,NaN,NaN,NaN,NaN,NaN,NaN,NaN
5,NaN,NaN,NaN,NaN,NaN,NaN,NaN,NaN
6,NaN,NaN,NaN,NaN,NaN,NaN,NaN,NaN
7,NaN,NaN,NaN,NaN,NaN,NaN,NaN,NaN
8,NaN,NaN,NaN,NaN,NaN,NaN,NaN,NaN
9,NaN,NaN,NaN,NaN,NaN,NaN,NaN,NaN
10,NaN,NaN,NaN,NaN,NaN,NaN,NaN,NaN
11,NaN,NaN,NaN,NaN,NaN,NaN,NaN,NaN
1,NaN,NaN,NaN,NaN,NaN,NaN,NaN,NaN
2,NaN,NaN,NaN,NaN,NaN,NaN,NaN,NaN
3,NaN,NaN,NaN,NaN,NaN,NaN,NaN,NaN
4,NaN,NaN,NaN,NaN,NaN,NaN,NaN,NaN
5,NaN,NaN,NaN,NaN,NaN,NaN,NaN,NaN
6,NaN,NaN,NaN,NaN,NaN,NaN,NaN,NaN
7,NaN,NaN,NaN,NaN,NaN,NaN,NaN,NaN
8,NaN,NaN,NaN,NaN,NaN,NaN,NaN,NaN
9,NaN,NaN,NaN,NaN,NaN,NaN,NaN,NaN
10,NaN,NaN,NaN,NaN,NaN,NaN,NaN,NaN
11,NaN,NaN,NaN,NaN,NaN,NaN,NaN,NaN
1,NaN,NaN,NaN,NaN,NaN,NaN,NaN,NaN
2,NaN,NaN,NaN,NaN,NaN,NaN,NaN,NaN
3,NaN,NaN,NaN,NaN,NaN,NaN,NaN,NaN
4,NaN,NaN,NaN,NaN,NaN,NaN,NaN,NaN
5,NaN,NaN,NaN,NaN,NaN,NaN,NaN,NaN
6,NaN,NaN,NaN,NaN,NaN,NaN,NaN,NaN
7,NaN,NaN,NaN,NaN,NaN,NaN,NaN,NaN
8,NaN,NaN,NaN,NaN,NaN,NaN,NaN,NaN
9,NaN,NaN,NaN,NaN,NaN,NaN,NaN,NaN
10,NaN,NaN,NaN,NaN,NaN,NaN,NaN,NaN
11,NaN,NaN,NaN,NaN,NaN,NaN,NaN,NaN
1,NaN,NaN,NaN,NaN,NaN,NaN,NaN,NaN
2,NaN,NaN,NaN,NaN,NaN,NaN,NaN,NaN
3,NaN,NaN,NaN,NaN,NaN,NaN,NaN,NaN
4,NaN,NaN,NaN,NaN,NaN,NaN,NaN,NaN
5,NaN,NaN,NaN,NaN,NaN,NaN,NaN,NaN
6,NaN,NaN,NaN,NaN,NaN,NaN,NaN,NaN
7,NaN,NaN,NaN,NaN,NaN,NaN,NaN,NaN
8,NaN,NaN,NaN,NaN,NaN,NaN,NaN,NaN
9,NaN,NaN,NaN,NaN,NaN,NaN,NaN,NaN
10,NaN,NaN,NaN,NaN,NaN,NaN,NaN,NaN
11,NaN,NaN,NaN,NaN,NaN,NaN,NaN,NaN
1,NaN,NaN,NaN,NaN,NaN,NaN,NaN,NaN
2,NaN,NaN,NaN,NaN,NaN,NaN,NaN,NaN
3,NaN,NaN,NaN,NaN,NaN,NaN,NaN,NaN
4,NaN,NaN,NaN,NaN,NaN,NaN,NaN,NaN
5,NaN,NaN,NaN,NaN,NaN,NaN,NaN,NaN
6,NaN,NaN,NaN,NaN,NaN,NaN,NaN,NaN
7,NaN,NaN,NaN,NaN,NaN,NaN,NaN,NaN
8,NaN,NaN,NaN,NaN,NaN,NaN,NaN,NaN
9,NaN,NaN,NaN,NaN,NaN,NaN,NaN,NaN
10,NaN,NaN,NaN,NaN,NaN,NaN,NaN,NaN
11,NaN,NaN,NaN,NaN,NaN,NaN,NaN,NaN
1,NaN,NaN,NaN,NaN,NaN,NaN,NaN,NaN
2,NaN,NaN,NaN,NaN,NaN,NaN,NaN,NaN
3,NaN,NaN,NaN,NaN,NaN,NaN,NaN,NaN
4,NaN,NaN,NaN,NaN,NaN,NaN,NaN,NaN
5,NaN,NaN,NaN,NaN,NaN,NaN,NaN,NaN
6,NaN,NaN,NaN,NaN,NaN,NaN,NaN,NaN
7,NaN,NaN,NaN,NaN,NaN,NaN,NaN,NaN
8,NaN,NaN,NaN,NaN,NaN,NaN,NaN,NaN
9,NaN,NaN,NaN,NaN,NaN,NaN,NaN,NaN
10,NaN,NaN,NaN,NaN,NaN,NaN,NaN,NaN
11,NaN,NaN,NaN,NaN,NaN,NaN,NaN,NaN
1,NaN,NaN,NaN,NaN,NaN,NaN,NaN,NaN
2,NaN,NaN,NaN,NaN,NaN,NaN,NaN,NaN
3,NaN,NaN,NaN,NaN,NaN,NaN,NaN,NaN
4,NaN,NaN,NaN,NaN,NaN,NaN,NaN,NaN
5,NaN,NaN,NaN,NaN,NaN,NaN,NaN,NaN
6,NaN,NaN,NaN,NaN,NaN,NaN,NaN,NaN
7,NaN,NaN,NaN,NaN,NaN,NaN,NaN,NaN
8,NaN,NaN,NaN,NaN,NaN,NaN,NaN,NaN
9,NaN,NaN,NaN,NaN,NaN,NaN,NaN,NaN
10,NaN,NaN,NaN,NaN,NaN,NaN,NaN,NaN
11,NaN,NaN,NaN,NaN,NaN,NaN,NaN,NaN
1,NaN,NaN,NaN,NaN,NaN,NaN,NaN,NaN
2,NaN,NaN,NaN,NaN,NaN,NaN,NaN,NaN
3,NaN,NaN,NaN,NaN,NaN,NaN,NaN,NaN
4,NaN,NaN,NaN,NaN,NaN,NaN,NaN,NaN
5,NaN,NaN,NaN,NaN,NaN,NaN,NaN,NaN
6,NaN,NaN,NaN,NaN,NaN,NaN,NaN,NaN
7,NaN,NaN,NaN,NaN,NaN,NaN,NaN,NaN
8,NaN,NaN,NaN,NaN,NaN,NaN,NaN,NaN
9,NaN,NaN,NaN,NaN,NaN,NaN,NaN,NaN
10,NaN,NaN,NaN,NaN,NaN,NaN,NaN,NaN
11,NaN,NaN,NaN,NaN,NaN,NaN,NaN,NaN
1,NaN,NaN,NaN,NaN,NaN,NaN,NaN,NaN
2,NaN,NaN,NaN,NaN,NaN,NaN,NaN,NaN
3,NaN,NaN,NaN,NaN,NaN,NaN,NaN,NaN
4,NaN,NaN,NaN,NaN,NaN,NaN,NaN,NaN
5,NaN,NaN,NaN,NaN,NaN,NaN,NaN,NaN
6,NaN,NaN,NaN,NaN,NaN,NaN,NaN,NaN
7,NaN,NaN,NaN,NaN,NaN,NaN,NaN,NaN
8,NaN,NaN,NaN,NaN,NaN,NaN,NaN,NaN
9,NaN,NaN,NaN,NaN,NaN,NaN,NaN,NaN
10,NaN,NaN,NaN,NaN,NaN,NaN,NaN,NaN
11,NaN,NaN,NaN,NaN,NaN,NaN,NaN,NaN
1,NaN,NaN,NaN,NaN,NaN,NaN,NaN,NaN
2,NaN,NaN,NaN,NaN,NaN,NaN,NaN,NaN
3,NaN,NaN,NaN,NaN,NaN,NaN,NaN,NaN
4,NaN,NaN,NaN,NaN,NaN,NaN,NaN,NaN
5,NaN,NaN,NaN,NaN,NaN,NaN,NaN,NaN
6,NaN,NaN,NaN,NaN,NaN,NaN,NaN,NaN
7,NaN,NaN,NaN,NaN,NaN,NaN,NaN,NaN
8,NaN,NaN,NaN,NaN,NaN,NaN,NaN,NaN
9,NaN,NaN,NaN,NaN,NaN,NaN,NaN,NaN
10,NaN,NaN,NaN,NaN,NaN,NaN,NaN,NaN
11,NaN,NaN,NaN,NaN,NaN,NaN,NaN,NaN
1,NaN,NaN,NaN,NaN,NaN,NaN,NaN,NaN
2,NaN,NaN,NaN,NaN,NaN,NaN,NaN,NaN
3,NaN,NaN,NaN,NaN,NaN,NaN,NaN,NaN
4,NaN,NaN,NaN,NaN,NaN,NaN,NaN,NaN
5,NaN,NaN,NaN,NaN,NaN,NaN,NaN,NaN
6,NaN,NaN,NaN,NaN,NaN,NaN,NaN,NaN
7,NaN,NaN,NaN,NaN,NaN,NaN,NaN,NaN
8,NaN,NaN,NaN,NaN,NaN,NaN,NaN,NaN
9,NaN,NaN,NaN,NaN,NaN,NaN,NaN,NaN
10,NaN,NaN,NaN,NaN,NaN,NaN,NaN,NaN
11,NaN,NaN,NaN,NaN,NaN,NaN,NaN,NaN
1,NaN,NaN,NaN,NaN,NaN,NaN,NaN,NaN
2,NaN,NaN,NaN,NaN,NaN,NaN,NaN,NaN
3,NaN,NaN,NaN,NaN,NaN,NaN,NaN,NaN
4,NaN,NaN,NaN,NaN,NaN,NaN,NaN,NaN
5,NaN,NaN,NaN,NaN,NaN,NaN,NaN,NaN
6,NaN,NaN,NaN,NaN,NaN,NaN,NaN,NaN
7,NaN,NaN,NaN,NaN,NaN,NaN,NaN,NaN
8,NaN,NaN,NaN,NaN,NaN,NaN,NaN,NaN
9,NaN,NaN,NaN,NaN,NaN,NaN,NaN,NaN
10,NaN,NaN,NaN,NaN,NaN,NaN,NaN,NaN
11,NaN,NaN,NaN,NaN,NaN,NaN,NaN,NaN
1,NaN,NaN,NaN,NaN,NaN,NaN,NaN,NaN
2,NaN,NaN,NaN,NaN,NaN,NaN,NaN,NaN
3,NaN,NaN,NaN,NaN,NaN,NaN,NaN,NaN
4,NaN,NaN,NaN,NaN,NaN,NaN,NaN,NaN
5,NaN,NaN,NaN,NaN,NaN,NaN,NaN,NaN
6,NaN,NaN,NaN,NaN,NaN,NaN,NaN,NaN
7,NaN,NaN,NaN,NaN,NaN,NaN,NaN,NaN
8,NaN,NaN,NaN,NaN,NaN,NaN,NaN,NaN
9,NaN,NaN,NaN,NaN,NaN,NaN,NaN,NaN
10,NaN,NaN,NaN,NaN,NaN,NaN,NaN,NaN
11,NaN,NaN,NaN,NaN,NaN,NaN,NaN,NaN
1,NaN,NaN,NaN,NaN,NaN,NaN,NaN,NaN
2,NaN,NaN,NaN,NaN,NaN,NaN,NaN,NaN
3,NaN,NaN,NaN,NaN,NaN,NaN,NaN,NaN
4,NaN,NaN,NaN,NaN,NaN,NaN,NaN,NaN
5,NaN,NaN,NaN,NaN,NaN,NaN,NaN,NaN
6,NaN,NaN,NaN,NaN,NaN,NaN,NaN,NaN
7,NaN,NaN,NaN,NaN,NaN,NaN,NaN,NaN
8,NaN,NaN,NaN,NaN,NaN,NaN,NaN,NaN
9,NaN,NaN,NaN,NaN,NaN,NaN,NaN,NaN
10,NaN,NaN,NaN,NaN,NaN,NaN,NaN,NaN
11,NaN,NaN,NaN,NaN,NaN,NaN,NaN,NaN
1,NaN,NaN,NaN,NaN,NaN,NaN,NaN,NaN
2,NaN,NaN,NaN,NaN,NaN,NaN,NaN,NaN
3,NaN,NaN,NaN,NaN,NaN,NaN,NaN,NaN
4,NaN,NaN,NaN,NaN,NaN,NaN,NaN,NaN
5,NaN,NaN,NaN,NaN,NaN,NaN,NaN,NaN
6,NaN,NaN,NaN,NaN,NaN,NaN,NaN,NaN
7,NaN,NaN,NaN,NaN,NaN,NaN,NaN,NaN
8,NaN,NaN,NaN,NaN,NaN,NaN,NaN,NaN
9,NaN,NaN,NaN,NaN,NaN,NaN,NaN,NaN
10,NaN,NaN,NaN,NaN,NaN,NaN,NaN,NaN
11,NaN,NaN,NaN,NaN,NaN,NaN,NaN,NaN
1,NaN,NaN,NaN,NaN,NaN,NaN,NaN,NaN
2,NaN,NaN,NaN,NaN,NaN,NaN,NaN,NaN
3,NaN,NaN,NaN,NaN,NaN,NaN,NaN,NaN
4,NaN,NaN,NaN,NaN,NaN,NaN,NaN,NaN
5,NaN,NaN,NaN,NaN,NaN,NaN,NaN,NaN
6,NaN,NaN,NaN,NaN,NaN,NaN,NaN,NaN
7,NaN,NaN,NaN,NaN,NaN,NaN,NaN,NaN
8,NaN,NaN,NaN,NaN,NaN,NaN,NaN,NaN
9,NaN,NaN,NaN,NaN,NaN,NaN,NaN,NaN
10,NaN,NaN,NaN,NaN,NaN,NaN,NaN,NaN
11,NaN,NaN,NaN,NaN,NaN,NaN,NaN,NaN
1,NaN,NaN,NaN,NaN,NaN,NaN,NaN,NaN
2,NaN,NaN,NaN,NaN,NaN,NaN,NaN,NaN
3,NaN,NaN,NaN,NaN,NaN,NaN,NaN,NaN
4,NaN,NaN,NaN,NaN,NaN,NaN,NaN,NaN
5,NaN,NaN,NaN,NaN,NaN,NaN,NaN,NaN
6,NaN,NaN,NaN,NaN,NaN,NaN,NaN,NaN
7,NaN,NaN,NaN,NaN,NaN,NaN,NaN,NaN
8,NaN,NaN,NaN,NaN,NaN,NaN,NaN,NaN
9,NaN,NaN,NaN,NaN,NaN,NaN,NaN,NaN
10,NaN,NaN,NaN,NaN,NaN,NaN,NaN,NaN
11,NaN,NaN,NaN,NaN,NaN,NaN,NaN,NaN
1,NaN,NaN,NaN,NaN,NaN,NaN,NaN,NaN
2,NaN,NaN,NaN,NaN,NaN,NaN,NaN,NaN
3,NaN,NaN,NaN,NaN,NaN,NaN,NaN,NaN
4,NaN,NaN,NaN,NaN,NaN,NaN,NaN,NaN
5,NaN,NaN,NaN,NaN,NaN,NaN,NaN,NaN
6,NaN,NaN,NaN,NaN,NaN,NaN,NaN,NaN
7,NaN,NaN,NaN,NaN,NaN,NaN,NaN,NaN
8,NaN,NaN,NaN,NaN,NaN,NaN,NaN,NaN
9,NaN,NaN,NaN,NaN,NaN,NaN,NaN,NaN
10,NaN,NaN,NaN,NaN,NaN,NaN,NaN,NaN
11,NaN,NaN,NaN,NaN,NaN,NaN,NaN,NaN
1,NaN,NaN,NaN,NaN,NaN,NaN,NaN,NaN
2,NaN,NaN,NaN,NaN,NaN,NaN,NaN,NaN
3,NaN,NaN,NaN,NaN,NaN,NaN,NaN,NaN
4,NaN,NaN,NaN,NaN,NaN,NaN,NaN,NaN
5,NaN,NaN,NaN,NaN,NaN,NaN,NaN,NaN
6,NaN,NaN,NaN,NaN,NaN,NaN,NaN,NaN
7,NaN,NaN,NaN,NaN,NaN,NaN,NaN,NaN
8,NaN,NaN,NaN,NaN,NaN,NaN,NaN,NaN
9,NaN,NaN,NaN,NaN,NaN,NaN,NaN,NaN
10,NaN,NaN,NaN,NaN,NaN,NaN,NaN,NaN
11,NaN,NaN,NaN,NaN,NaN,NaN,NaN,NaN
1,NaN,NaN,NaN,NaN,NaN,NaN,NaN,NaN
2,NaN,NaN,NaN,NaN,NaN,NaN,NaN,NaN
3,NaN,NaN,NaN,NaN,NaN,NaN,NaN,NaN
4,NaN,NaN,NaN,NaN,NaN,NaN,NaN,NaN
5,NaN,NaN,NaN,NaN,NaN,NaN,NaN,NaN
6,NaN,NaN,NaN,NaN,NaN,NaN,NaN,NaN
7,NaN,NaN,NaN,NaN,NaN,NaN,NaN,NaN
8,NaN,NaN,NaN,NaN,NaN,NaN,NaN,NaN
9,NaN,NaN,NaN,NaN,NaN,NaN,NaN,NaN
10,NaN,NaN,NaN,NaN,NaN,NaN,NaN,NaN
11,NaN,NaN,NaN,NaN,NaN,NaN,NaN,NaN
1,NaN,NaN,NaN,NaN,NaN,NaN,NaN,NaN
2,NaN,NaN,NaN,NaN,NaN,NaN,NaN,NaN
3,NaN,NaN,NaN,NaN,NaN,NaN,NaN,NaN
4,NaN,NaN,NaN,NaN,NaN,NaN,NaN,NaN
5,NaN,NaN,NaN,NaN,NaN,NaN,NaN,NaN
6,NaN,NaN,NaN,NaN,NaN,NaN,NaN,NaN
7,NaN,NaN,NaN,NaN,NaN,NaN,NaN,NaN
8,NaN,NaN,NaN,NaN,NaN,NaN,NaN,NaN
9,NaN,NaN,NaN,NaN,NaN,NaN,NaN,NaN
10,NaN,NaN,NaN,NaN,NaN,NaN,NaN,NaN
11,NaN,NaN,NaN,NaN,NaN,NaN,NaN,NaN
1,NaN,NaN,NaN,NaN,NaN,NaN,NaN,NaN
2,NaN,NaN,NaN,NaN,NaN,NaN,NaN,NaN
3,NaN,NaN,NaN,NaN,NaN,NaN,NaN,NaN
4,NaN,NaN,NaN,NaN,NaN,NaN,NaN,NaN
5,NaN,NaN,NaN,NaN,NaN,NaN,NaN,NaN
6,NaN,NaN,NaN,NaN,NaN,NaN,NaN,NaN
7,NaN,NaN,NaN,NaN,NaN,NaN,NaN,NaN
8,NaN,NaN,NaN,NaN,NaN,NaN,NaN,NaN
9,NaN,NaN,NaN,NaN,NaN,NaN,NaN,NaN
10,NaN,NaN,NaN,NaN,NaN,NaN,NaN,NaN
11,NaN,NaN,NaN,NaN,NaN,NaN,NaN,NaN
1,NaN,NaN,NaN,NaN,NaN,NaN,NaN,NaN
2,NaN,NaN,NaN,NaN,NaN,NaN,NaN,NaN
3,NaN,NaN,NaN,NaN,NaN,NaN,NaN,NaN
4,NaN,NaN,NaN,NaN,NaN,NaN,NaN,NaN
5,NaN,NaN,NaN,NaN,NaN,NaN,NaN,NaN
6,NaN,NaN,NaN,NaN,NaN,NaN,NaN,NaN
7,NaN,NaN,NaN,NaN,NaN,NaN,NaN,NaN
8,NaN,NaN,NaN,NaN,NaN,NaN,NaN,NaN
9,NaN,NaN,NaN,NaN,NaN,NaN,NaN,NaN
10,NaN,NaN,NaN,NaN,NaN,NaN,NaN,NaN
11,NaN,NaN,NaN,NaN,NaN,NaN,NaN,NaN
1,NaN,NaN,NaN,NaN,NaN,NaN,NaN,NaN
2,NaN,NaN,NaN,NaN,NaN,NaN,NaN,NaN
3,NaN,NaN,NaN,NaN,NaN,NaN,NaN,NaN
4,NaN,NaN,NaN,NaN,NaN,NaN,NaN,NaN
5,NaN,NaN,NaN,NaN,NaN,NaN,NaN,NaN
6,NaN,NaN,NaN,NaN,NaN,NaN,NaN,NaN
7,NaN,NaN,NaN,NaN,NaN,NaN,NaN,NaN
8,NaN,NaN,NaN,NaN,NaN,NaN,NaN,NaN
9,NaN,NaN,NaN,NaN,NaN,NaN,NaN,NaN
10,NaN,NaN,NaN,NaN,NaN,NaN,NaN,NaN
11,NaN,NaN,NaN,NaN,NaN,NaN,NaN,NaN
1,NaN,NaN,NaN,NaN,NaN,NaN,NaN,NaN
2,NaN,NaN,NaN,NaN,NaN,NaN,NaN,NaN
3,NaN,NaN,NaN,NaN,NaN,NaN,NaN,NaN
4,NaN,NaN,NaN,NaN,NaN,NaN,NaN,NaN
5,NaN,NaN,NaN,NaN,NaN,NaN,NaN,NaN
6,NaN,NaN,NaN,NaN,NaN,NaN,NaN,NaN
7,NaN,NaN,NaN,NaN,NaN,NaN,NaN,NaN
8,NaN,NaN,NaN,NaN,NaN,NaN,NaN,NaN
9,NaN,NaN,NaN,NaN,NaN,NaN,NaN,NaN
10,NaN,NaN,NaN,NaN,NaN,NaN,NaN,NaN
11,NaN,NaN,NaN,NaN,NaN,NaN,NaN,NaN
1,NaN,NaN,NaN,NaN,NaN,NaN,NaN,NaN
2,NaN,NaN,NaN,NaN,NaN,NaN,NaN,NaN
3,NaN,NaN,NaN,NaN,NaN,NaN,NaN,NaN
4,NaN,NaN,NaN,NaN,NaN,NaN,NaN,NaN
5,NaN,NaN,NaN,NaN,NaN,NaN,NaN,NaN
6,NaN,NaN,NaN,NaN,NaN,NaN,NaN,NaN
7,NaN,NaN,NaN,NaN,NaN,NaN,NaN,NaN
8,NaN,NaN,NaN,NaN,NaN,NaN,NaN,NaN
9,NaN,NaN,NaN,NaN,NaN,NaN,NaN,NaN
10,NaN,NaN,NaN,NaN,NaN,NaN,NaN,NaN
11,NaN,NaN,NaN,NaN,NaN,NaN,NaN,NaN
1,NaN,NaN,NaN,NaN,NaN,NaN,NaN,NaN
2,NaN,NaN,NaN,NaN,NaN,NaN,NaN,NaN
3,NaN,NaN,NaN,NaN,NaN,NaN,NaN,NaN
4,NaN,NaN,NaN,NaN,NaN,NaN,NaN,NaN
5,NaN,NaN,NaN,NaN,NaN,NaN,NaN,NaN
6,NaN,NaN,NaN,NaN,NaN,NaN,NaN,NaN
7,NaN,NaN,NaN,NaN,NaN,NaN,NaN,NaN
8,NaN,NaN,NaN,NaN,NaN,NaN,NaN,NaN
9,NaN,NaN,NaN,NaN,NaN,NaN,NaN,NaN
10,NaN,NaN,NaN,NaN,NaN,NaN,NaN,NaN
11,NaN,NaN,NaN,NaN,NaN,NaN,NaN,NaN
1,NaN,NaN,NaN,NaN,NaN,NaN,NaN,NaN
2,NaN,NaN,NaN,NaN,NaN,NaN,NaN,NaN
3,NaN,NaN,NaN,NaN,NaN,NaN,NaN,NaN
4,NaN,NaN,NaN,NaN,NaN,NaN,NaN,NaN
5,NaN,NaN,NaN,NaN,NaN,NaN,NaN,NaN
6,NaN,NaN,NaN,NaN,NaN,NaN,NaN,NaN
7,NaN,NaN,NaN,NaN,NaN,NaN,NaN,NaN
8,NaN,NaN,NaN,NaN,NaN,NaN,NaN,NaN
9,NaN,NaN,NaN,NaN,NaN,NaN,NaN,NaN
10,NaN,NaN,NaN,NaN,NaN,NaN,NaN,NaN
11,NaN,NaN,NaN,NaN,NaN,NaN,NaN,NaN
1,NaN,NaN,NaN,NaN,NaN,NaN,NaN,NaN
2,NaN,NaN,NaN,NaN,NaN,NaN,NaN,NaN
3,NaN,NaN,NaN,NaN,NaN,NaN,NaN,NaN
4,NaN,NaN,NaN,NaN,NaN,NaN,NaN,NaN
5,NaN,NaN,NaN,NaN,NaN,NaN,NaN,NaN
6,NaN,NaN,NaN,NaN,NaN,NaN,NaN,NaN
7,NaN,NaN,NaN,NaN,NaN,NaN,NaN,NaN
8,NaN,NaN,NaN,NaN,NaN,NaN,NaN,NaN
9,NaN,NaN,NaN,NaN,NaN,NaN,NaN,NaN
10,NaN,NaN,NaN,NaN,NaN,NaN,NaN,NaN
11,NaN,NaN,NaN,NaN,NaN,NaN,NaN,NaN
1,NaN,NaN,NaN,NaN,NaN,NaN,NaN,NaN
2,NaN,NaN,NaN,NaN,NaN,NaN,NaN,NaN
3,NaN,NaN,NaN,NaN,NaN,NaN,NaN,NaN
4,NaN,NaN,NaN,NaN,NaN,NaN,NaN,NaN
5,NaN,NaN,NaN,NaN,NaN,NaN,NaN,NaN
6,NaN,NaN,NaN,NaN,NaN,NaN,NaN,NaN
7,NaN,NaN,NaN,NaN,NaN,NaN,NaN,NaN
8,NaN,NaN,NaN,NaN,NaN,NaN,NaN,NaN
9,NaN,NaN,NaN,NaN,NaN,NaN,NaN,NaN
10,NaN,NaN,NaN,NaN,NaN,NaN,NaN,NaN
11,NaN,NaN,NaN,NaN,NaN,NaN,NaN,NaN
1,NaN,NaN,NaN,NaN,NaN,NaN,NaN,NaN
2,NaN,NaN,NaN,NaN,NaN,NaN,NaN,NaN
3,NaN,NaN,NaN,NaN,NaN,NaN,NaN,NaN
4,NaN,NaN,NaN,NaN,NaN,NaN,NaN,NaN
5,NaN,NaN,NaN,NaN,NaN,NaN,NaN,NaN
6,NaN,NaN,NaN,NaN,NaN,NaN,NaN,NaN
7,NaN,NaN,NaN,NaN,NaN,NaN,NaN,NaN
8,NaN,NaN,NaN,NaN,NaN,NaN,NaN,NaN
9,NaN,NaN,NaN,NaN,NaN,NaN,NaN,NaN
10,NaN,NaN,NaN,NaN,NaN,NaN,NaN,NaN
11,NaN,NaN,NaN,NaN,NaN,NaN,NaN,NaN
1,NaN,NaN,NaN,NaN,NaN,NaN,NaN,NaN
2,NaN,NaN,NaN,NaN,NaN,NaN,NaN,NaN
3,NaN,NaN,NaN,NaN,NaN,NaN,NaN,NaN
4,NaN,NaN,NaN,NaN,NaN,NaN,NaN,NaN
5,NaN,NaN,NaN,NaN,NaN,NaN,NaN,NaN
6,NaN,NaN,NaN,NaN,NaN,NaN,NaN,NaN
7,NaN,NaN,NaN,NaN,NaN,NaN,NaN,NaN
8,NaN,NaN,NaN,NaN,NaN,NaN,NaN,NaN
9,NaN,NaN,NaN,NaN,NaN,NaN,NaN,NaN
10,NaN,NaN,NaN,NaN,NaN,NaN,NaN,NaN
11,NaN,NaN,NaN,NaN,NaN,NaN,NaN,NaN
1,NaN,NaN,NaN,NaN,NaN,NaN,NaN,NaN
2,NaN,NaN,NaN,NaN,NaN,NaN,NaN,NaN
3,NaN,NaN,NaN,NaN,NaN,NaN,NaN,NaN
4,NaN,NaN,NaN,NaN,NaN,NaN,NaN,NaN
5,NaN,NaN,NaN,NaN,NaN,NaN,NaN,NaN
6,NaN,NaN,NaN,NaN,NaN,NaN,NaN,NaN
7,NaN,NaN,NaN,NaN,NaN,NaN,NaN,NaN
8,NaN,NaN,NaN,NaN,NaN,NaN,NaN,NaN
9,NaN,NaN,NaN,NaN,NaN,NaN,NaN,NaN
10,NaN,NaN,NaN,NaN,NaN,NaN,NaN,NaN
11,NaN,NaN,NaN,NaN,NaN,NaN,NaN,NaN
1,NaN,NaN,NaN,NaN,NaN,NaN,NaN,NaN
2,NaN,NaN,NaN,NaN,NaN,NaN,NaN,NaN
3,NaN,NaN,NaN,NaN,NaN,NaN,NaN,NaN
4,NaN,NaN,NaN,NaN,NaN,NaN,NaN,NaN
5,NaN,NaN,NaN,NaN,NaN,NaN,NaN,NaN
6,NaN,NaN,NaN,NaN,NaN,NaN,NaN,NaN
7,NaN,NaN,NaN,NaN,NaN,NaN,NaN,NaN
8,NaN,NaN,NaN,NaN,NaN,NaN,NaN,NaN
9,NaN,NaN,NaN,NaN,NaN,NaN,NaN,NaN
10,NaN,NaN,NaN,NaN,NaN,NaN,NaN,NaN
11,NaN,NaN,NaN,NaN,NaN,NaN,NaN,NaN
1,NaN,NaN,NaN,NaN,NaN,NaN,NaN,NaN
2,NaN,NaN,NaN,NaN,NaN,NaN,NaN,NaN
3,NaN,NaN,NaN,NaN,NaN,NaN,NaN,NaN
4,NaN,NaN,NaN,NaN,NaN,NaN,NaN,NaN
5,NaN,NaN,NaN,NaN,NaN,NaN,NaN,NaN
6,NaN,NaN,NaN,NaN,NaN,NaN,NaN,NaN
7,NaN,NaN,NaN,NaN,NaN,NaN,NaN,NaN
8,NaN,NaN,NaN,NaN,NaN,NaN,NaN,NaN
9,NaN,NaN,NaN,NaN,NaN,NaN,NaN,NaN
10,NaN,NaN,NaN,NaN,NaN,NaN,NaN,NaN
11,NaN,NaN,NaN,NaN,NaN,NaN,NaN,NaN
1,NaN,NaN,NaN,NaN,NaN,NaN,NaN,NaN
2,NaN,NaN,NaN,NaN,NaN,NaN,NaN,NaN
3,NaN,NaN,NaN,NaN,NaN,NaN,NaN,NaN
4,NaN,NaN,NaN,NaN,NaN,NaN,NaN,NaN
5,NaN,NaN,NaN,NaN,NaN,NaN,NaN,NaN
6,NaN,NaN,NaN,NaN,NaN,NaN,NaN,NaN
7,NaN,NaN,NaN,NaN,NaN,NaN,NaN,NaN
8,NaN,NaN,NaN,NaN,NaN,NaN,NaN,NaN
9,NaN,NaN,NaN,NaN,NaN,NaN,NaN,NaN
10,NaN,NaN,NaN,NaN,NaN,NaN,NaN,NaN
11,NaN,NaN,NaN,NaN,NaN,NaN,NaN,NaN
1,NaN,NaN,NaN,NaN,NaN,NaN,NaN,NaN
2,NaN,NaN,NaN,NaN,NaN,NaN,NaN,NaN
3,NaN,NaN,NaN,NaN,NaN,NaN,NaN,NaN
4,NaN,NaN,NaN,NaN,NaN,NaN,NaN,NaN
5,NaN,NaN,NaN,NaN,NaN,NaN,NaN,NaN
6,NaN,NaN,NaN,NaN,NaN,NaN,NaN,NaN
7,NaN,NaN,NaN,NaN,NaN,NaN,NaN,NaN
8,NaN,NaN,NaN,NaN,NaN,NaN,NaN,NaN
9,NaN,NaN,NaN,NaN,NaN,NaN,NaN,NaN
10,NaN,NaN,NaN,NaN,NaN,NaN,NaN,NaN
11,NaN,NaN,NaN,NaN,NaN,NaN,NaN,NaN
1,NaN,NaN,NaN,NaN,NaN,NaN,NaN,NaN
2,NaN,NaN,NaN,NaN,NaN,NaN,NaN,NaN
3,NaN,NaN,NaN,NaN,NaN,NaN,NaN,NaN
4,NaN,NaN,NaN,NaN,NaN,NaN,NaN,NaN
5,NaN,NaN,NaN,NaN,NaN,NaN,NaN,NaN
6,NaN,NaN,NaN,NaN,NaN,NaN,NaN,NaN
7,NaN,NaN,NaN,NaN,NaN,NaN,NaN,NaN
8,NaN,NaN,NaN,NaN,NaN,NaN,NaN,NaN
9,NaN,NaN,NaN,NaN,NaN,NaN,NaN,NaN
10,NaN,NaN,NaN,NaN,NaN,NaN,NaN,NaN
11,NaN,NaN,NaN,NaN,NaN,NaN,NaN,NaN
1,NaN,NaN,NaN,NaN,NaN,NaN,NaN,NaN
2,NaN,NaN,NaN,NaN,NaN,NaN,NaN,NaN
3,NaN,NaN,NaN,NaN,NaN,NaN,NaN,NaN
4,NaN,NaN,NaN,NaN,NaN,NaN,NaN,NaN
5,NaN,NaN,NaN,NaN,NaN,NaN,NaN,NaN
6,NaN,NaN,NaN,NaN,NaN,NaN,NaN,NaN
7,NaN,NaN,NaN,NaN,NaN,NaN,NaN,NaN
8,NaN,NaN,NaN,NaN,NaN,NaN,NaN,NaN
9,NaN,NaN,NaN,NaN,NaN,NaN,NaN,NaN
10,NaN,NaN,NaN,NaN,NaN,NaN,NaN,NaN
11,NaN,NaN,NaN,NaN,NaN,NaN,NaN,NaN
1,NaN,NaN,NaN,NaN,NaN,NaN,NaN,NaN
2,NaN,NaN,NaN,NaN,NaN,NaN,NaN,NaN
3,NaN,NaN,NaN,NaN,NaN,NaN,NaN,NaN
4,NaN,NaN,NaN,NaN,NaN,NaN,NaN,NaN
5,NaN,NaN,NaN,NaN,NaN,NaN,NaN,NaN
6,NaN,NaN,NaN,NaN,NaN,NaN,NaN,NaN
7,NaN,NaN,NaN,NaN,NaN,NaN,NaN,NaN
8,NaN,NaN,NaN,NaN,NaN,NaN,NaN,NaN
9,NaN,NaN,NaN,NaN,NaN,NaN,NaN,NaN
10,NaN,NaN,NaN,NaN,NaN,NaN,NaN,NaN
11,NaN,NaN,NaN,NaN,NaN,NaN,NaN,NaN
1,NaN,NaN,NaN,NaN,NaN,NaN,NaN,NaN
2,NaN,NaN,NaN,NaN,NaN,NaN,NaN,NaN
3,NaN,NaN,NaN,NaN,NaN,NaN,NaN,NaN
4,NaN,NaN,NaN,NaN,NaN,NaN,NaN,NaN
5,NaN,NaN,NaN,NaN,NaN,NaN,NaN,NaN
6,NaN,NaN,NaN,NaN,NaN,NaN,NaN,NaN
7,NaN,NaN,NaN,NaN,NaN,NaN,NaN,NaN
8,NaN,NaN,NaN,NaN,NaN,NaN,NaN,NaN
9,NaN,NaN,NaN,NaN,NaN,NaN,NaN,NaN
10,NaN,NaN,NaN,NaN,NaN,NaN,NaN,NaN
11,NaN,NaN,NaN,NaN,NaN,NaN,NaN,NaN
1,NaN,NaN,NaN,NaN,NaN,NaN,NaN,NaN
2,NaN,NaN,NaN,NaN,NaN,NaN,NaN,NaN
3,NaN,NaN,NaN,NaN,NaN,NaN,NaN,NaN
4,NaN,NaN,NaN,NaN,NaN,NaN,NaN,NaN
5,NaN,NaN,NaN,NaN,NaN,NaN,NaN,NaN
6,NaN,NaN,NaN,NaN,NaN,NaN,NaN,NaN
7,NaN,NaN,NaN,NaN,NaN,NaN,NaN,NaN
8,NaN,NaN,NaN,NaN,NaN,NaN,NaN,NaN
9,NaN,NaN,NaN,NaN,NaN,NaN,NaN,NaN
10,NaN,NaN,NaN,NaN,NaN,NaN,NaN,NaN
11,NaN,NaN,NaN,NaN,NaN,NaN,NaN,NaN
1,NaN,NaN,NaN,NaN,NaN,NaN,NaN,NaN
2,NaN,NaN,NaN,NaN,NaN,NaN,NaN,NaN
3,NaN,NaN,NaN,NaN,NaN,NaN,NaN,NaN
4,NaN,NaN,NaN,NaN,NaN,NaN,NaN,NaN
5,NaN,NaN,NaN,NaN,NaN,NaN,NaN,NaN
6,NaN,NaN,NaN,NaN,NaN,NaN,NaN,NaN
7,NaN,NaN,NaN,NaN,NaN,NaN,NaN,NaN
8,NaN,NaN,NaN,NaN,NaN,NaN,NaN,NaN
9,NaN,NaN,NaN,NaN,NaN,NaN,NaN,NaN
10,NaN,NaN,NaN,NaN,NaN,NaN,NaN,NaN
11,NaN,NaN,NaN,NaN,NaN,NaN,NaN,NaN
1,NaN,NaN,NaN,NaN,NaN,NaN,NaN,NaN
2,NaN,NaN,NaN,NaN,NaN,NaN,NaN,NaN
3,NaN,NaN,NaN,NaN,NaN,NaN,NaN,NaN
4,NaN,NaN,NaN,NaN,NaN,NaN,NaN,NaN
5,NaN,NaN,NaN,NaN,NaN,NaN,NaN,NaN
6,NaN,NaN,NaN,NaN,NaN,NaN,NaN,NaN
7,NaN,NaN,NaN,NaN,NaN,NaN,NaN,NaN
8,NaN,NaN,NaN,NaN,NaN,NaN,NaN,NaN
9,NaN,NaN,NaN,NaN,NaN,NaN,NaN,NaN
10,NaN,NaN,NaN,NaN,NaN,NaN,NaN,NaN
11,NaN,NaN,NaN,NaN,NaN,NaN,NaN,NaN
1,NaN,NaN,NaN,NaN,NaN,NaN,NaN,NaN
2,NaN,NaN,NaN,NaN,NaN,NaN,NaN,NaN
3,NaN,NaN,NaN,NaN,NaN,NaN,NaN,NaN
4,NaN,NaN,NaN,NaN,NaN,NaN,NaN,NaN
5,NaN,NaN,NaN,NaN,NaN,NaN,NaN,NaN
6,NaN,NaN,NaN,NaN,NaN,NaN,NaN,NaN
7,NaN,NaN,NaN,NaN,NaN,NaN,NaN,NaN
8,NaN,NaN,NaN,NaN,NaN,NaN,NaN,NaN
9,NaN,NaN,NaN,NaN,NaN,NaN,NaN,NaN
10,NaN,NaN,NaN,NaN,NaN,NaN,NaN,NaN
11,NaN,NaN,NaN,NaN,NaN,NaN,NaN,NaN
1,NaN,NaN,NaN,NaN,NaN,NaN,NaN,NaN
2,NaN,NaN,NaN,NaN,NaN,NaN,NaN,NaN
3,NaN,NaN,NaN,NaN,NaN,NaN,NaN,NaN
4,NaN,NaN,NaN,NaN,NaN,NaN,NaN,NaN
5,NaN,NaN,NaN,NaN,NaN,NaN,NaN,NaN
6,NaN,NaN,NaN,NaN,NaN,NaN,NaN,NaN
7,NaN,NaN,NaN,NaN,NaN,NaN,NaN,NaN
8,NaN,NaN,NaN,NaN,NaN,NaN,NaN,NaN
9,NaN,NaN,NaN,NaN,NaN,NaN,NaN,NaN
10,NaN,NaN,NaN,NaN,NaN,NaN,NaN,NaN
11,NaN,NaN,NaN,NaN,NaN,NaN,NaN,NaN
1,NaN,NaN,NaN,NaN,NaN,NaN,NaN,NaN
2,NaN,NaN,NaN,NaN,NaN,NaN,NaN,NaN
3,NaN,NaN,NaN,NaN,NaN,NaN,NaN,NaN
4,NaN,NaN,NaN,NaN,NaN,NaN,NaN,NaN
5,NaN,NaN,NaN,NaN,NaN,NaN,NaN,NaN
6,NaN,NaN,NaN,NaN,NaN,NaN,NaN,NaN
7,NaN,NaN,NaN,NaN,NaN,NaN,NaN,NaN
8,NaN,NaN,NaN,NaN,NaN,NaN,NaN,NaN
9,NaN,NaN,NaN,NaN,NaN,NaN,NaN,NaN
10,NaN,NaN,NaN,NaN,NaN,NaN,NaN,NaN
11,NaN,NaN,NaN,NaN,NaN,NaN,NaN,NaN
1,NaN,NaN,NaN,NaN,NaN,NaN,NaN,NaN
2,NaN,NaN,NaN,NaN,NaN,NaN,NaN,NaN
3,NaN,NaN,NaN,NaN,NaN,NaN,NaN,NaN
4,NaN,NaN,NaN,NaN,NaN,NaN,NaN,NaN
5,NaN,NaN,NaN,NaN,NaN,NaN,NaN,NaN
6,NaN,NaN,NaN,NaN,NaN,NaN,NaN,NaN
7,NaN,NaN,NaN,NaN,NaN,NaN,NaN,NaN
8,NaN,NaN,NaN,NaN,NaN,NaN,NaN,NaN
9,NaN,NaN,NaN,NaN,NaN,NaN,NaN,NaN
10,NaN,NaN,NaN,NaN,NaN,NaN,NaN,NaN
11,NaN,NaN,NaN,NaN,NaN,NaN,NaN,NaN
1,NaN,NaN,NaN,NaN,NaN,NaN,NaN,NaN
2,NaN,NaN,NaN,NaN,NaN,NaN,NaN,NaN
3,NaN,NaN,NaN,NaN,NaN,NaN,NaN,NaN
4,NaN,NaN,NaN,NaN,NaN,NaN,NaN,NaN
5,NaN,NaN,NaN,NaN,NaN,NaN,NaN,NaN
6,NaN,NaN,NaN,NaN,NaN,NaN,NaN,NaN
7,NaN,NaN,NaN,NaN,NaN,NaN,NaN,NaN
8,NaN,NaN,NaN,NaN,NaN,NaN,NaN,NaN
9,NaN,NaN,NaN,NaN,NaN,NaN,NaN,NaN
10,NaN,NaN,NaN,NaN,NaN,NaN,NaN,NaN
11,NaN,NaN,NaN,NaN,NaN,NaN,NaN,NaN
1,NaN,NaN,NaN,NaN,NaN,NaN,NaN,NaN
2,NaN,NaN,NaN,NaN,NaN,NaN,NaN,NaN
3,NaN,NaN,NaN,NaN,NaN,NaN,NaN,NaN
4,NaN,NaN,NaN,NaN,NaN,NaN,NaN,NaN
5,NaN,NaN,NaN,NaN,NaN,NaN,NaN,NaN
6,NaN,NaN,NaN,NaN,NaN,NaN,NaN,NaN
7,NaN,NaN,NaN,NaN,NaN,NaN,NaN,NaN
8,NaN,NaN,NaN,NaN,NaN,NaN,NaN,NaN
9,NaN,NaN,NaN,NaN,NaN,NaN,NaN,NaN
10,NaN,NaN,NaN,NaN,NaN,NaN,NaN,NaN
11,NaN,NaN,NaN,NaN,NaN,NaN,NaN,NaN
1,NaN,NaN,NaN,NaN,NaN,NaN,NaN,NaN
2,NaN,NaN,NaN,NaN,NaN,NaN,NaN,NaN
3,NaN,NaN,NaN,NaN,NaN,NaN,NaN,NaN
4,NaN,NaN,NaN,NaN,NaN,NaN,NaN,NaN
5,NaN,NaN,NaN,NaN,NaN,NaN,NaN,NaN
6,NaN,NaN,NaN,NaN,NaN,NaN,NaN,NaN
7,NaN,NaN,NaN,NaN,NaN,NaN,NaN,NaN
8,NaN,NaN,NaN,NaN,NaN,NaN,NaN,NaN
9,NaN,NaN,NaN,NaN,NaN,NaN,NaN,NaN
10,NaN,NaN,NaN,NaN,NaN,NaN,NaN,NaN
11,NaN,NaN,NaN,NaN,NaN,NaN,NaN,NaN
1,NaN,NaN,NaN,NaN,NaN,NaN,NaN,NaN
2,NaN,NaN,NaN,NaN,NaN,NaN,NaN,NaN
3,NaN,NaN,NaN,NaN,NaN,NaN,NaN,NaN
4,NaN,NaN,NaN,NaN,NaN,NaN,NaN,NaN
5,NaN,NaN,NaN,NaN,NaN,NaN,NaN,NaN
6,NaN,NaN,NaN,NaN,NaN,NaN,NaN,NaN
7,NaN,NaN,NaN,NaN,NaN,NaN,NaN,NaN
8,NaN,NaN,NaN,NaN,NaN,NaN,NaN,NaN
9,NaN,NaN,NaN,NaN,NaN,NaN,NaN,NaN
10,NaN,NaN,NaN,NaN,NaN,NaN,NaN,NaN
11,NaN,NaN,NaN,NaN,NaN,NaN,NaN,NaN
1,NaN,NaN,NaN,NaN,NaN,NaN,NaN,NaN
2,NaN,NaN,NaN,NaN,NaN,NaN,NaN,NaN
3,NaN,NaN,NaN,NaN,NaN,NaN,NaN,NaN
4,NaN,NaN,NaN,NaN,NaN,NaN,NaN,NaN
5,NaN,NaN,NaN,NaN,NaN,NaN,NaN,NaN
6,NaN,NaN,NaN,NaN,NaN,NaN,NaN,NaN
7,NaN,NaN,NaN,NaN,NaN,NaN,NaN,NaN
8,NaN,NaN,NaN,NaN,NaN,NaN,NaN,NaN
9,NaN,NaN,NaN,NaN,NaN,NaN,NaN,NaN
10,NaN,NaN,NaN,NaN,NaN,NaN,NaN,NaN
11,NaN,NaN,NaN,NaN,NaN,NaN,NaN,NaN
1,NaN,NaN,NaN,NaN,NaN,NaN,NaN,NaN
2,NaN,NaN,NaN,NaN,NaN,NaN,NaN,NaN
3,NaN,NaN,NaN,NaN,NaN,NaN,NaN,NaN
4,NaN,NaN,NaN,NaN,NaN,NaN,NaN,NaN
5,NaN,NaN,NaN,NaN,NaN,NaN,NaN,NaN
6,NaN,NaN,NaN,NaN,NaN,NaN,NaN,NaN
7,NaN,NaN,NaN,NaN,NaN,NaN,NaN,NaN
8,NaN,NaN,NaN,NaN,NaN,NaN,NaN,NaN
9,NaN,NaN,NaN,NaN,NaN,NaN,NaN,NaN
10,NaN,NaN,NaN,NaN,NaN,NaN,NaN,NaN
11,NaN,NaN,NaN,NaN,NaN,NaN,NaN,NaN
1,NaN,NaN,NaN,NaN,NaN,NaN,NaN,NaN
2,NaN,NaN,NaN,NaN,NaN,NaN,NaN,NaN
3,NaN,NaN,NaN,NaN,NaN,NaN,NaN,NaN
4,NaN,NaN,NaN,NaN,NaN,NaN,NaN,NaN
5,NaN,NaN,NaN,NaN,NaN,NaN,NaN,NaN
6,NaN,NaN,NaN,NaN,NaN,NaN,NaN,NaN
7,NaN,NaN,NaN,NaN,NaN,NaN,NaN,NaN
8,NaN,NaN,NaN,NaN,NaN,NaN,NaN,NaN
9,NaN,NaN,NaN,NaN,NaN,NaN,NaN,NaN
10,NaN,NaN,NaN,NaN,NaN,NaN,NaN,NaN
11,NaN,NaN,NaN,NaN,NaN,NaN,NaN,NaN
1,NaN,NaN,NaN,NaN,NaN,NaN,NaN,NaN
2,NaN,NaN,NaN,NaN,NaN,NaN,NaN,NaN
3,NaN,NaN,NaN,NaN,NaN,NaN,NaN,NaN
4,NaN,NaN,NaN,NaN,NaN,NaN,NaN,NaN
5,NaN,NaN,NaN,NaN,NaN,NaN,NaN,NaN
6,NaN,NaN,NaN,NaN,NaN,NaN,NaN,NaN
7,NaN,NaN,NaN,NaN,NaN,NaN,NaN,NaN
8,NaN,NaN,NaN,NaN,NaN,NaN,NaN,NaN
9,NaN,NaN,NaN,NaN,NaN,NaN,NaN,NaN
10,NaN,NaN,NaN,NaN,NaN,NaN,NaN,NaN
11,NaN,NaN,NaN,NaN,NaN,NaN,NaN,NaN
1,NaN,NaN,NaN,NaN,NaN,NaN,NaN,NaN
2,NaN,NaN,NaN,NaN,NaN,NaN,NaN,NaN
3,NaN,NaN,NaN,NaN,NaN,NaN,NaN,NaN
4,NaN,NaN,NaN,NaN,NaN,NaN,NaN,NaN
5,NaN,NaN,NaN,NaN,NaN,NaN,NaN,NaN
6,NaN,NaN,NaN,NaN,NaN,NaN,NaN,NaN
7,NaN,NaN,NaN,NaN,NaN,NaN,NaN,NaN
8,NaN,NaN,NaN,NaN,NaN,NaN,NaN,NaN
9,NaN,NaN,NaN,NaN,NaN,NaN,NaN,NaN
10,NaN,NaN,NaN,NaN,NaN,NaN,NaN,NaN
11,NaN,NaN,NaN,NaN,NaN,NaN,NaN,NaN
1,NaN,NaN,NaN,NaN,NaN,NaN,NaN,NaN
2,NaN,NaN,NaN,NaN,NaN,NaN,NaN,NaN
3,NaN,NaN,NaN,NaN,NaN,NaN,NaN,NaN
4,NaN,NaN,NaN,NaN,NaN,NaN,NaN,NaN
5,NaN,NaN,NaN,NaN,NaN,NaN,NaN,NaN
6,NaN,NaN,NaN,NaN,NaN,NaN,NaN,NaN
7,NaN,NaN,NaN,NaN,NaN,NaN,NaN,NaN
8,NaN,NaN,NaN,NaN,NaN,NaN,NaN,NaN
9,NaN,NaN,NaN,NaN,NaN,NaN,NaN,NaN
10,NaN,NaN,NaN,NaN,NaN,NaN,NaN,NaN
11,NaN,NaN,NaN,NaN,NaN,NaN,NaN,NaN
1,NaN,NaN,NaN,NaN,NaN,NaN,NaN,NaN
2,NaN,NaN,NaN,NaN,NaN,NaN,NaN,NaN
3,NaN,NaN,NaN,NaN,NaN,NaN,NaN,NaN
4,NaN,NaN,NaN,NaN,NaN,NaN,NaN,NaN
5,NaN,NaN,NaN,NaN,NaN,NaN,NaN,NaN
6,NaN,NaN,NaN,NaN,NaN,NaN,NaN,NaN
7,NaN,NaN,NaN,NaN,NaN,NaN,NaN,NaN
8,NaN,NaN,NaN,NaN,NaN,NaN,NaN,NaN
9,NaN,NaN,NaN,NaN,NaN,NaN,NaN,NaN
10,NaN,NaN,NaN,NaN,NaN,NaN,NaN,NaN
11,NaN,NaN,NaN,NaN,NaN,NaN,NaN,NaN
1,NaN,NaN,NaN,NaN,NaN,NaN,NaN,NaN
2,NaN,NaN,NaN,NaN,NaN,NaN,NaN,NaN
3,NaN,NaN,NaN,NaN,NaN,NaN,NaN,NaN
4,NaN,NaN,NaN,NaN,NaN,NaN,NaN,NaN
5,NaN,NaN,NaN,NaN,NaN,NaN,NaN,NaN
6,NaN,NaN,NaN,NaN,NaN,NaN,NaN,NaN
7,NaN,NaN,NaN,NaN,NaN,NaN,NaN,NaN
8,NaN,NaN,NaN,NaN,NaN,NaN,NaN,NaN
9,NaN,NaN,NaN,NaN,NaN,NaN,NaN,NaN
10,NaN,NaN,NaN,NaN,NaN,NaN,NaN,NaN
11,NaN,NaN,NaN,NaN,NaN,NaN,NaN,NaN
1,NaN,NaN,NaN,NaN,NaN,NaN,NaN,NaN
2,NaN,NaN,NaN,NaN,NaN,NaN,NaN,NaN
3,NaN,NaN,NaN,NaN,NaN,NaN,NaN,NaN
4,NaN,NaN,NaN,NaN,NaN,NaN,NaN,NaN
5,NaN,NaN,NaN,NaN,NaN,NaN,NaN,NaN
6,NaN,NaN,NaN,NaN,NaN,NaN,NaN,NaN
7,NaN,NaN,NaN,NaN,NaN,NaN,NaN,NaN
8,NaN,NaN,NaN,NaN,NaN,NaN,NaN,NaN
9,NaN,NaN,NaN,NaN,NaN,NaN,NaN,NaN
10,NaN,NaN,NaN,NaN,NaN,NaN,NaN,NaN
11,NaN,NaN,NaN,NaN,NaN,NaN,NaN,NaN
1,NaN,NaN,NaN,NaN,NaN,NaN,NaN,NaN
2,NaN,NaN,NaN,NaN,NaN,NaN,NaN,NaN
3,NaN,NaN,NaN,NaN,NaN,NaN,NaN,NaN
4,NaN,NaN,NaN,NaN,NaN,NaN,NaN,NaN
5,NaN,NaN,NaN,NaN,NaN,NaN,NaN,NaN
6,NaN,NaN,NaN,NaN,NaN,NaN,NaN,NaN
7,NaN,NaN,NaN,NaN,NaN,NaN,NaN,NaN
8,NaN,NaN,NaN,NaN,NaN,NaN,NaN,NaN
9,NaN,NaN,NaN,NaN,NaN,NaN,NaN,NaN
10,NaN,NaN,NaN,NaN,NaN,NaN,NaN,NaN
11,NaN,NaN,NaN,NaN,NaN,NaN,NaN,NaN
1,NaN,NaN,NaN,NaN,NaN,NaN,NaN,NaN
2,NaN,NaN,NaN,NaN,NaN,NaN,NaN,NaN
3,NaN,NaN,NaN,NaN,NaN,NaN,NaN,NaN
4,NaN,NaN,NaN,NaN,NaN,NaN,NaN,NaN
5,NaN,NaN,NaN,NaN,NaN,NaN,NaN,NaN
6,NaN,NaN,NaN,NaN,NaN,NaN,NaN,NaN
7,NaN,NaN,NaN,NaN,NaN,NaN,NaN,NaN
8,NaN,NaN,NaN,NaN,NaN,NaN,NaN,NaN
9,NaN,NaN,NaN,NaN,NaN,NaN,NaN,NaN
10,NaN,NaN,NaN,NaN,NaN,NaN,NaN,NaN
11,NaN,NaN,NaN,NaN,NaN,NaN,NaN,NaN
1,NaN,NaN,NaN,NaN,NaN,NaN,NaN,NaN
2,NaN,NaN,NaN,NaN,NaN,NaN,NaN,NaN
3,NaN,NaN,NaN,NaN,NaN,NaN,NaN,NaN
4,NaN,NaN,NaN,NaN,NaN,NaN,NaN,NaN
5,NaN,NaN,NaN,NaN,NaN,NaN,NaN,NaN
6,NaN,NaN,NaN,NaN,NaN,NaN,NaN,NaN
7,NaN,NaN,NaN,NaN,NaN,NaN,NaN,NaN
8,NaN,NaN,NaN,NaN,NaN,NaN,NaN,NaN
9,NaN,NaN,NaN,NaN,NaN,NaN,NaN,NaN
10,NaN,NaN,NaN,NaN,NaN,NaN,NaN,NaN
11,NaN,NaN,NaN,NaN,NaN,NaN,NaN,NaN
1,NaN,NaN,NaN,NaN,NaN,NaN,NaN,NaN
2,NaN,NaN,NaN,NaN,NaN,NaN,NaN,NaN
3,NaN,NaN,NaN,NaN,NaN,NaN,NaN,NaN
4,NaN,NaN,NaN,NaN,NaN,NaN,NaN,NaN
5,NaN,NaN,NaN,NaN,NaN,NaN,NaN,NaN
6,NaN,NaN,NaN,NaN,NaN,NaN,NaN,NaN
7,NaN,NaN,NaN,NaN,NaN,NaN,NaN,NaN
8,NaN,NaN,NaN,NaN,NaN,NaN,NaN,NaN
9,NaN,NaN,NaN,NaN,NaN,NaN,NaN,NaN
10,NaN,NaN,NaN,NaN,NaN,NaN,NaN,NaN
11,NaN,NaN,NaN,NaN,NaN,NaN,NaN,NaN
1,NaN,NaN,NaN,NaN,NaN,NaN,NaN,NaN
2,NaN,NaN,NaN,NaN,NaN,NaN,NaN,NaN
3,NaN,NaN,NaN,NaN,NaN,NaN,NaN,NaN
4,NaN,NaN,NaN,NaN,NaN,NaN,NaN,NaN
5,NaN,NaN,NaN,NaN,NaN,NaN,NaN,NaN
6,NaN,NaN,NaN,NaN,NaN,NaN,NaN,NaN
7,NaN,NaN,NaN,NaN,NaN,NaN,NaN,NaN
8,NaN,NaN,NaN,NaN,NaN,NaN,NaN,NaN
9,NaN,NaN,NaN,NaN,NaN,NaN,NaN,NaN
10,NaN,NaN,NaN,NaN,NaN,NaN,NaN,NaN
11,NaN,NaN,NaN,NaN,NaN,NaN,NaN,NaN
1,NaN,NaN,NaN,NaN,NaN,NaN,NaN,NaN
2,NaN,NaN,NaN,NaN,NaN,NaN,NaN,NaN
3,NaN,NaN,NaN,NaN,NaN,NaN,NaN,NaN
4,NaN,NaN,NaN,NaN,NaN,NaN,NaN,NaN
5,NaN,NaN,NaN,NaN,NaN,NaN,NaN,NaN
6,NaN,NaN,NaN,NaN,NaN,NaN,NaN,NaN
7,NaN,NaN,NaN,NaN,NaN,NaN,NaN,NaN
8,NaN,NaN,NaN,NaN,NaN,NaN,NaN,NaN
9,NaN,NaN,NaN,NaN,NaN,NaN,NaN,NaN
10,NaN,NaN,NaN,NaN,NaN,NaN,NaN,NaN
11,NaN,NaN,NaN,NaN,NaN,NaN,NaN,NaN
1,NaN,NaN,NaN,NaN,NaN,NaN,NaN,NaN
2,NaN,NaN,NaN,NaN,NaN,NaN,NaN,NaN
3,NaN,NaN,NaN,NaN,NaN,NaN,NaN,NaN
4,NaN,NaN,NaN,NaN,NaN,NaN,NaN,NaN
5,NaN,NaN,NaN,NaN,NaN,NaN,NaN,NaN
6,NaN,NaN,NaN,NaN,NaN,NaN,NaN,NaN
7,NaN,NaN,NaN,NaN,NaN,NaN,NaN,NaN
8,NaN,NaN,NaN,NaN,NaN,NaN,NaN,NaN
9,NaN,NaN,NaN,NaN,NaN,NaN,NaN,NaN
10,NaN,NaN,NaN,NaN,NaN,NaN,NaN,NaN
11,NaN,NaN,NaN,NaN,NaN,NaN,NaN,NaN
1,NaN,NaN,NaN,NaN,NaN,NaN,NaN,NaN
2,NaN,NaN,NaN,NaN,NaN,NaN,NaN,NaN
3,NaN,NaN,NaN,NaN,NaN,NaN,NaN,NaN
4,NaN,NaN,NaN,NaN,NaN,NaN,NaN,NaN
5,NaN,NaN,NaN,NaN,NaN,NaN,NaN,NaN
6,NaN,NaN,NaN,NaN,NaN,NaN,NaN,NaN
7,NaN,NaN,NaN,NaN,NaN,NaN,NaN,NaN
8,NaN,NaN,NaN,NaN,NaN,NaN,NaN,NaN
9,NaN,NaN,NaN,NaN,NaN,NaN,NaN,NaN
10,NaN,NaN,NaN,NaN,NaN,NaN,NaN,NaN
11,NaN,NaN,NaN,NaN,NaN,NaN,NaN,NaN
1,NaN,NaN,NaN,NaN,NaN,NaN,NaN,NaN
2,NaN,NaN,NaN,NaN,NaN,NaN,NaN,NaN
3,NaN,NaN,NaN,NaN,NaN,NaN,NaN,NaN
4,NaN,NaN,NaN,NaN,NaN,NaN,NaN,NaN
5,NaN,NaN,NaN,NaN,NaN,NaN,NaN,NaN
6,NaN,NaN,NaN,NaN,NaN,NaN,NaN,NaN
7,NaN,NaN,NaN,NaN,NaN,NaN,NaN,NaN
8,NaN,NaN,NaN,NaN,NaN,NaN,NaN,NaN
9,NaN,NaN,NaN,NaN,NaN,NaN,NaN,NaN
10,NaN,NaN,NaN,NaN,NaN,NaN,NaN,NaN
11,NaN,NaN,NaN,NaN,NaN,NaN,NaN,NaN
1,NaN,NaN,NaN,NaN,NaN,NaN,NaN,NaN
2,NaN,NaN,NaN,NaN,NaN,NaN,NaN,NaN
3,NaN,NaN,NaN,NaN,NaN,NaN,NaN,NaN
4,NaN,NaN,NaN,NaN,NaN,NaN,NaN,NaN
5,NaN,NaN,NaN,NaN,NaN,NaN,NaN,NaN
6,NaN,NaN,NaN,NaN,NaN,NaN,NaN,NaN
7,NaN,NaN,NaN,NaN,NaN,NaN,NaN,NaN
8,NaN,NaN,NaN,NaN,NaN,NaN,NaN,NaN
9,NaN,NaN,NaN,NaN,NaN,NaN,NaN,NaN
10,NaN,NaN,NaN,NaN,NaN,NaN,NaN,NaN
11,NaN,NaN,NaN,NaN,NaN,NaN,NaN,NaN
1,NaN,NaN,NaN,NaN,NaN,NaN,NaN,NaN
2,NaN,NaN,NaN,NaN,NaN,NaN,NaN,NaN
3,NaN,NaN,NaN,NaN,NaN,NaN,NaN,NaN
4,NaN,NaN,NaN,NaN,NaN,NaN,NaN,NaN
5,NaN,NaN,NaN,NaN,NaN,NaN,NaN,NaN
6,NaN,NaN,NaN,NaN,NaN,NaN,NaN,NaN
7,NaN,NaN,NaN,NaN,NaN,NaN,NaN,NaN
8,NaN,NaN,NaN,NaN,NaN,NaN,NaN,NaN
9,NaN,NaN,NaN,NaN,NaN,NaN,NaN,NaN
10,NaN,NaN,NaN,NaN,NaN,NaN,NaN,NaN
11,NaN,NaN,NaN,NaN,NaN,NaN,NaN,NaN
1,NaN,NaN,NaN,NaN,NaN,NaN,NaN,NaN
2,NaN,NaN,NaN,NaN,NaN,NaN,NaN,NaN
3,NaN,NaN,NaN,NaN,NaN,NaN,NaN,NaN
4,NaN,NaN,NaN,NaN,NaN,NaN,NaN,NaN
5,NaN,NaN,NaN,NaN,NaN,NaN,NaN,NaN
6,NaN,NaN,NaN,NaN,NaN,NaN,NaN,NaN
7,NaN,NaN,NaN,NaN,NaN,NaN,NaN,NaN
8,NaN,NaN,NaN,NaN,NaN,NaN,NaN,NaN
9,NaN,NaN,NaN,NaN,NaN,NaN,NaN,NaN
10,NaN,NaN,NaN,NaN,NaN,NaN,NaN,NaN
11,NaN,NaN,NaN,NaN,NaN,NaN,NaN,NaN
1,NaN,NaN,NaN,NaN,NaN,NaN,NaN,NaN
2,NaN,NaN,NaN,NaN,NaN,NaN,NaN,NaN
3,NaN,NaN,NaN,NaN,NaN,NaN,NaN,NaN
4,NaN,NaN,NaN,NaN,NaN,NaN,NaN,NaN
5,NaN,NaN,NaN,NaN,NaN,NaN,NaN,NaN
6,NaN,NaN,NaN,NaN,NaN,NaN,NaN,NaN
7,NaN,NaN,NaN,NaN,NaN,NaN,NaN,NaN
8,NaN,NaN,NaN,NaN,NaN,NaN,NaN,NaN
9,NaN,NaN,NaN,NaN,NaN,NaN,NaN,NaN
10,NaN,NaN,NaN,NaN,NaN,NaN,NaN,NaN
11,NaN,NaN,NaN,NaN,NaN,NaN,NaN,NaN
1,NaN,NaN,NaN,NaN,NaN,NaN,NaN,NaN
2,NaN,NaN,NaN,NaN,NaN,NaN,NaN,NaN
3,NaN,NaN,NaN,NaN,NaN,NaN,NaN,NaN
4,NaN,NaN,NaN,NaN,NaN,NaN,NaN,NaN
5,NaN,NaN,NaN,NaN,NaN,NaN,NaN,NaN
6,NaN,NaN,NaN,NaN,NaN,NaN,NaN,NaN
7,NaN,NaN,NaN,NaN,NaN,NaN,NaN,NaN
8,NaN,NaN,NaN,NaN,NaN,NaN,NaN,NaN
9,NaN,NaN,NaN,NaN,NaN,NaN,NaN,NaN
10,NaN,NaN,NaN,NaN,NaN,NaN,NaN,NaN
11,NaN,NaN,NaN,NaN,NaN,NaN,NaN,NaN
1,NaN,NaN,NaN,NaN,NaN,NaN,NaN,NaN
2,NaN,NaN,NaN,NaN,NaN,NaN,NaN,NaN
3,NaN,NaN,NaN,NaN,NaN,NaN,NaN,NaN
4,NaN,NaN,NaN,NaN,NaN,NaN,NaN,NaN
5,NaN,NaN,NaN,NaN,NaN,NaN,NaN,NaN
6,NaN,NaN,NaN,NaN,NaN,NaN,NaN,NaN
7,NaN,NaN,NaN,NaN,NaN,NaN,NaN,NaN
8,NaN,NaN,NaN,NaN,NaN,NaN,NaN,NaN
9,NaN,NaN,NaN,NaN,NaN,NaN,NaN,NaN
10,NaN,NaN,NaN,NaN,NaN,NaN,NaN,NaN
11,NaN,NaN,NaN,NaN,NaN,NaN,NaN,NaN
1,NaN,NaN,NaN,NaN,NaN,NaN,NaN,NaN
2,NaN,NaN,NaN,NaN,NaN,NaN,NaN,NaN
3,NaN,NaN,NaN,NaN,NaN,NaN,NaN,NaN
4,NaN,NaN,NaN,NaN,NaN,NaN,NaN,NaN
5,NaN,NaN,NaN,NaN,NaN,NaN,NaN,NaN
6,NaN,NaN,NaN,NaN,NaN,NaN,NaN,NaN
7,NaN,NaN,NaN,NaN,NaN,NaN,NaN,NaN
8,NaN,NaN,NaN,NaN,NaN,NaN,NaN,NaN
9,NaN,NaN,NaN,NaN,NaN,NaN,NaN,NaN
10,NaN,NaN,NaN,NaN,NaN,NaN,NaN,NaN
11,NaN,NaN,NaN,NaN,NaN,NaN,NaN,NaN
1,NaN,NaN,NaN,NaN,NaN,NaN,NaN,NaN
2,NaN,NaN,NaN,NaN,NaN,NaN,NaN,NaN
3,NaN,NaN,NaN,NaN,NaN,NaN,NaN,NaN
4,NaN,NaN,NaN,NaN,NaN,NaN,NaN,NaN
5,NaN,NaN,NaN,NaN,NaN,NaN,NaN,NaN
6,NaN,NaN,NaN,NaN,NaN,NaN,NaN,NaN
7,NaN,NaN,NaN,NaN,NaN,NaN,NaN,NaN
8,NaN,NaN,NaN,NaN,NaN,NaN,NaN,NaN
9,NaN,NaN,NaN,NaN,NaN,NaN,NaN,NaN
10,NaN,NaN,NaN,NaN,NaN,NaN,NaN,NaN
11,NaN,NaN,NaN,NaN,NaN,NaN,NaN,NaN
1,NaN,NaN,NaN,NaN,NaN,NaN,NaN,NaN
2,NaN,NaN,NaN,NaN,NaN,NaN,NaN,NaN
3,NaN,NaN,NaN,NaN,NaN,NaN,NaN,NaN
4,NaN,NaN,NaN,NaN,NaN,NaN,NaN,NaN
5,NaN,NaN,NaN,NaN,NaN,NaN,NaN,NaN
6,NaN,NaN,NaN,NaN,NaN,NaN,NaN,NaN
7,NaN,NaN,NaN,NaN,NaN,NaN,NaN,NaN
8,NaN,NaN,NaN,NaN,NaN,NaN,NaN,NaN
9,NaN,NaN,NaN,NaN,NaN,NaN,NaN,NaN
10,NaN,NaN,NaN,NaN,NaN,NaN,NaN,NaN
11,NaN,NaN,NaN,NaN,NaN,NaN,NaN,NaN
1,NaN,NaN,NaN,NaN,NaN,NaN,NaN,NaN
2,NaN,NaN,NaN,NaN,NaN,NaN,NaN,NaN
3,NaN,NaN,NaN,NaN,NaN,NaN,NaN,NaN
4,NaN,NaN,NaN,NaN,NaN,NaN,NaN,NaN
5,NaN,NaN,NaN,NaN,NaN,NaN,NaN,NaN
6,NaN,NaN,NaN,NaN,NaN,NaN,NaN,NaN
7,NaN,NaN,NaN,NaN,NaN,NaN,NaN,NaN
8,NaN,NaN,NaN,NaN,NaN,NaN,NaN,NaN
9,NaN,NaN,NaN,NaN,NaN,NaN,NaN,NaN
10,NaN,NaN,NaN,NaN,NaN,NaN,NaN,NaN
11,NaN,NaN,NaN,NaN,NaN,NaN,NaN,NaN
1,NaN,NaN,NaN,NaN,NaN,NaN,NaN,NaN
2,NaN,NaN,NaN,NaN,NaN,NaN,NaN,NaN
3,NaN,NaN,NaN,NaN,NaN,NaN,NaN,NaN
4,NaN,NaN,NaN,NaN,NaN,NaN,NaN,NaN
5,NaN,NaN,NaN,NaN,NaN,NaN,NaN,NaN
6,NaN,NaN,NaN,NaN,NaN,NaN,NaN,NaN
7,NaN,NaN,NaN,NaN,NaN,NaN,NaN,NaN
8,NaN,NaN,NaN,NaN,NaN,NaN,NaN,NaN
9,NaN,NaN,NaN,NaN,NaN,NaN,NaN,NaN
10,NaN,NaN,NaN,NaN,NaN,NaN,NaN,NaN
11,NaN,NaN,NaN,NaN,NaN,NaN,NaN,NaN
1,NaN,NaN,NaN,NaN,NaN,NaN,NaN,NaN
2,NaN,NaN,NaN,NaN,NaN,NaN,NaN,NaN
3,NaN,NaN,NaN,NaN,NaN,NaN,NaN,NaN
4,NaN,NaN,NaN,NaN,NaN,NaN,NaN,NaN
5,NaN,NaN,NaN,NaN,NaN,NaN,NaN,NaN
6,NaN,NaN,NaN,NaN,NaN,NaN,NaN,NaN
7,NaN,NaN,NaN,NaN,NaN,NaN,NaN,NaN
8,NaN,NaN,NaN,NaN,NaN,NaN,NaN,NaN
9,NaN,NaN,NaN,NaN,NaN,NaN,NaN,NaN
10,NaN,NaN,NaN,NaN,NaN,NaN,NaN,NaN
11,NaN,NaN,NaN,NaN,NaN,NaN,NaN,NaN
1,NaN,NaN,NaN,NaN,NaN,NaN,NaN,NaN
2,NaN,NaN,NaN,NaN,NaN,NaN,NaN,NaN
3,NaN,NaN,NaN,NaN,NaN,NaN,NaN,NaN
4,NaN,NaN,NaN,NaN,NaN,NaN,NaN,NaN
5,NaN,NaN,NaN,NaN,NaN,NaN,NaN,NaN
6,NaN,NaN,NaN,NaN,NaN,NaN,NaN,NaN
7,NaN,NaN,NaN,NaN,NaN,NaN,NaN,NaN
8,NaN,NaN,NaN,NaN,NaN,NaN,NaN,NaN
9,NaN,NaN,NaN,NaN,NaN,NaN,NaN,NaN
10,NaN,NaN,NaN,NaN,NaN,NaN,NaN,NaN
11,NaN,NaN,NaN,NaN,NaN,NaN,NaN,NaN
1,NaN,NaN,NaN,NaN,NaN,NaN,NaN,NaN
2,NaN,NaN,NaN,NaN,NaN,NaN,NaN,NaN
3,NaN,NaN,NaN,NaN,NaN,NaN,NaN,NaN
4,NaN,NaN,NaN,NaN,NaN,NaN,NaN,NaN
5,NaN,NaN,NaN,NaN,NaN,NaN,NaN,NaN
6,NaN,NaN,NaN,NaN,NaN,NaN,NaN,NaN
7,NaN,NaN,NaN,NaN,NaN,NaN,NaN,NaN
8,NaN,NaN,NaN,NaN,NaN,NaN,NaN,NaN
9,NaN,NaN,NaN,NaN,NaN,NaN,NaN,NaN
10,NaN,NaN,NaN,NaN,NaN,NaN,NaN,NaN
11,NaN,NaN,NaN,NaN,NaN,NaN,NaN,NaN
1,NaN,NaN,NaN,NaN,NaN,NaN,NaN,NaN
2,NaN,NaN,NaN,NaN,NaN,NaN,NaN,NaN
3,NaN,NaN,NaN,NaN,NaN,NaN,NaN,NaN
4,NaN,NaN,NaN,NaN,NaN,NaN,NaN,NaN
5,NaN,NaN,NaN,NaN,NaN,NaN,NaN,NaN
6,NaN,NaN,NaN,NaN,NaN,NaN,NaN,NaN
7,NaN,NaN,NaN,NaN,NaN,NaN,NaN,NaN
8,NaN,NaN,NaN,NaN,NaN,NaN,NaN,NaN
9,NaN,NaN,NaN,NaN,NaN,NaN,NaN,NaN
10,NaN,NaN,NaN,NaN,NaN,NaN,NaN,NaN
11,NaN,NaN,NaN,NaN,NaN,NaN,NaN,NaN
1,NaN,NaN,NaN,NaN,NaN,NaN,NaN,NaN
2,NaN,NaN,NaN,NaN,NaN,NaN,NaN,NaN
3,NaN,NaN,NaN,NaN,NaN,NaN,NaN,NaN
4,NaN,NaN,NaN,NaN,NaN,NaN,NaN,NaN
5,NaN,NaN,NaN,NaN,NaN,NaN,NaN,NaN
6,NaN,NaN,NaN,NaN,NaN,NaN,NaN,NaN
7,NaN,NaN,NaN,NaN,NaN,NaN,NaN,NaN
8,NaN,NaN,NaN,NaN,NaN,NaN,NaN,NaN
9,NaN,NaN,NaN,NaN,NaN,NaN,NaN,NaN
10,NaN,NaN,NaN,NaN,NaN,NaN,NaN,NaN
11,NaN,NaN,NaN,NaN,NaN,NaN,NaN,NaN
1,NaN,NaN,NaN,NaN,NaN,NaN,NaN,NaN
2,NaN,NaN,NaN,NaN,NaN,NaN,NaN,NaN
3,NaN,NaN,NaN,NaN,NaN,NaN,NaN,NaN
4,NaN,NaN,NaN,NaN,NaN,NaN,NaN,NaN
5,NaN,NaN,NaN,NaN,NaN,NaN,NaN,NaN
6,NaN,NaN,NaN,NaN,NaN,NaN,NaN,NaN
7,NaN,NaN,NaN,NaN,NaN,NaN,NaN,NaN
8,NaN,NaN,NaN,NaN,NaN,NaN,NaN,NaN
9,NaN,NaN,NaN,NaN,NaN,NaN,NaN,NaN
10,NaN,NaN,NaN,NaN,NaN,NaN,NaN,NaN
11,NaN,NaN,NaN,NaN,NaN,NaN,NaN,NaN
1,NaN,NaN,NaN,NaN,NaN,NaN,NaN,NaN
2,NaN,NaN,NaN,NaN,NaN,NaN,NaN,NaN
3,NaN,NaN,NaN,NaN,NaN,NaN,NaN,NaN
4,NaN,NaN,NaN,NaN,NaN,NaN,NaN,NaN
5,NaN,NaN,NaN,NaN,NaN,NaN,NaN,NaN
6,NaN,NaN,NaN,NaN,NaN,NaN,NaN,NaN
7,NaN,NaN,NaN,NaN,NaN,NaN,NaN,NaN
8,NaN,NaN,NaN,NaN,NaN,NaN,NaN,NaN
9,NaN,NaN,NaN,NaN,NaN,NaN,NaN,NaN
10,NaN,NaN,NaN,NaN,NaN,NaN,NaN,NaN
11,NaN,NaN,NaN,NaN,NaN,NaN,NaN,NaN
1,NaN,NaN,NaN,NaN,NaN,NaN,NaN,NaN
2,NaN,NaN,NaN,NaN,NaN,NaN,NaN,NaN
3,NaN,NaN,NaN,NaN,NaN,NaN,NaN,NaN
4,NaN,NaN,NaN,NaN,NaN,NaN,NaN,NaN
5,NaN,NaN,NaN,NaN,NaN,NaN,NaN,NaN
6,NaN,NaN,NaN,NaN,NaN,NaN,NaN,NaN
7,NaN,NaN,NaN,NaN,NaN,NaN,NaN,NaN
8,NaN,NaN,NaN,NaN,NaN,NaN,NaN,NaN
9,NaN,NaN,NaN,NaN,NaN,NaN,NaN,NaN
10,NaN,NaN,NaN,NaN,NaN,NaN,NaN,NaN
11,NaN,NaN,NaN,NaN,NaN,NaN,NaN,NaN
1,NaN,NaN,NaN,NaN,NaN,NaN,NaN,NaN
2,NaN,NaN,NaN,NaN,NaN,NaN,NaN,NaN
3,NaN,NaN,NaN,NaN,NaN,NaN,NaN,NaN
4,NaN,NaN,NaN,NaN,NaN,NaN,NaN,NaN
5,NaN,NaN,NaN,NaN,NaN,NaN,NaN,NaN
6,NaN,NaN,NaN,NaN,NaN,NaN,NaN,NaN
7,NaN,NaN,NaN,NaN,NaN,NaN,NaN,NaN
8,NaN,NaN,NaN,NaN,NaN,NaN,NaN,NaN
9,NaN,NaN,NaN,NaN,NaN,NaN,NaN,NaN
10,NaN,NaN,NaN,NaN,NaN,NaN,NaN,NaN
11,NaN,NaN,NaN,NaN,NaN,NaN,NaN,NaN
1,NaN,NaN,NaN,NaN,NaN,NaN,NaN,NaN
2,NaN,NaN,NaN,NaN,NaN,NaN,NaN,NaN
3,NaN,NaN,NaN,NaN,NaN,NaN,NaN,NaN
4,NaN,NaN,NaN,NaN,NaN,NaN,NaN,NaN
5,NaN,NaN,NaN,NaN,NaN,NaN,NaN,NaN
6,NaN,NaN,NaN,NaN,NaN,NaN,NaN,NaN
7,NaN,NaN,NaN,NaN,NaN,NaN,NaN,NaN
8,NaN,NaN,NaN,NaN,NaN,NaN,NaN,NaN
9,NaN,NaN,NaN,NaN,NaN,NaN,NaN,NaN
10,NaN,NaN,NaN,NaN,NaN,NaN,NaN,NaN
11,NaN,NaN,NaN,NaN,NaN,NaN,NaN,NaN
1,NaN,NaN,NaN,NaN,NaN,NaN,NaN,NaN
2,NaN,NaN,NaN,NaN,NaN,NaN,NaN,NaN
3,NaN,NaN,NaN,NaN,NaN,NaN,NaN,NaN
4,NaN,NaN,NaN,NaN,NaN,NaN,NaN,NaN
5,NaN,NaN,NaN,NaN,NaN,NaN,NaN,NaN
6,NaN,NaN,NaN,NaN,NaN,NaN,NaN,NaN
7,NaN,NaN,NaN,NaN,NaN,NaN,NaN,NaN
8,NaN,NaN,NaN,NaN,NaN,NaN,NaN,NaN
9,NaN,NaN,NaN,NaN,NaN,NaN,NaN,NaN
10,NaN,NaN,NaN,NaN,NaN,NaN,NaN,NaN
11,NaN,NaN,NaN,NaN,NaN,NaN,NaN,NaN
1,NaN,NaN,NaN,NaN,NaN,NaN,NaN,NaN
2,NaN,NaN,NaN,NaN,NaN,NaN,NaN,NaN
3,NaN,NaN,NaN,NaN,NaN,NaN,NaN,NaN
4,NaN,NaN,NaN,NaN,NaN,NaN,NaN,NaN
5,NaN,NaN,NaN,NaN,NaN,NaN,NaN,NaN
6,NaN,NaN,NaN,NaN,NaN,NaN,NaN,NaN
7,NaN,NaN,NaN,NaN,NaN,NaN,NaN,NaN
8,NaN,NaN,NaN,NaN,NaN,NaN,NaN,NaN
9,NaN,NaN,NaN,NaN,NaN,NaN,NaN,NaN
10,NaN,NaN,NaN,NaN,NaN,NaN,NaN,NaN
11,NaN,NaN,NaN,NaN,NaN,NaN,NaN,NaN
1,NaN,NaN,NaN,NaN,NaN,NaN,NaN,NaN
2,NaN,NaN,NaN,NaN,NaN,NaN,NaN,NaN
3,NaN,NaN,NaN,NaN,NaN,NaN,NaN,NaN
4,NaN,NaN,NaN,NaN,NaN,NaN,NaN,NaN
5,NaN,NaN,NaN,NaN,NaN,NaN,NaN,NaN
6,NaN,NaN,NaN,NaN,NaN,NaN,NaN,NaN
7,NaN,NaN,NaN,NaN,NaN,NaN,NaN,NaN
8,NaN,NaN,NaN,NaN,NaN,NaN,NaN,NaN
9,NaN,NaN,NaN,NaN,NaN,NaN,NaN,NaN
10,NaN,NaN,NaN,NaN,NaN,NaN,NaN,NaN
11,NaN,NaN,NaN,NaN,NaN,NaN,NaN,NaN
1,NaN,NaN,NaN,NaN,NaN,NaN,NaN,NaN
2,NaN,NaN,NaN,NaN,NaN,NaN,NaN,NaN
3,NaN,NaN,NaN,NaN,NaN,NaN,NaN,NaN
4,NaN,NaN,NaN,NaN,NaN,NaN,NaN,NaN
5,NaN,NaN,NaN,NaN,NaN,NaN,NaN,NaN
6,NaN,NaN,NaN,NaN,NaN,NaN,NaN,NaN
7,NaN,NaN,NaN,NaN,NaN,NaN,NaN,NaN
8,NaN,NaN,NaN,NaN,NaN,NaN,NaN,NaN
9,NaN,NaN,NaN,NaN,NaN,NaN,NaN,NaN
10,NaN,NaN,NaN,NaN,NaN,NaN,NaN,NaN
11,NaN,NaN,NaN,NaN,NaN,NaN,NaN,NaN
1,NaN,NaN,NaN,NaN,NaN,NaN,NaN,NaN
2,NaN,NaN,NaN,NaN,NaN,NaN,NaN,NaN
3,NaN,NaN,NaN,NaN,NaN,NaN,NaN,NaN
4,NaN,NaN,NaN,NaN,NaN,NaN,NaN,NaN
5,NaN,NaN,NaN,NaN,NaN,NaN,NaN,NaN
6,NaN,NaN,NaN,NaN,NaN,NaN,NaN,NaN
7,NaN,NaN,NaN,NaN,NaN,NaN,NaN,NaN
8,NaN,NaN,NaN,NaN,NaN,NaN,NaN,NaN
9,NaN,NaN,NaN,NaN,NaN,NaN,NaN,NaN
10,NaN,NaN,NaN,NaN,NaN,NaN,NaN,NaN
11,NaN,NaN,NaN,NaN,NaN,NaN,NaN,NaN
1,NaN,NaN,NaN,NaN,NaN,NaN,NaN,NaN
2,NaN,NaN,NaN,NaN,NaN,NaN,NaN,NaN
3,NaN,NaN,NaN,NaN,NaN,NaN,NaN,NaN
4,NaN,NaN,NaN,NaN,NaN,NaN,NaN,NaN
5,NaN,NaN,NaN,NaN,NaN,NaN,NaN,NaN
6,NaN,NaN,NaN,NaN,NaN,NaN,NaN,NaN
7,NaN,NaN,NaN,NaN,NaN,NaN,NaN,NaN
8,NaN,NaN,NaN,NaN,NaN,NaN,NaN,NaN
9,NaN,NaN,NaN,NaN,NaN,NaN,NaN,NaN
10,NaN,NaN,NaN,NaN,NaN,NaN,NaN,NaN
11,NaN,NaN,NaN,NaN,NaN,NaN,NaN,NaN
1,NaN,NaN,NaN,NaN,NaN,NaN,NaN,NaN
2,NaN,NaN,NaN,NaN,NaN,NaN,NaN,NaN
3,NaN,NaN,NaN,NaN,NaN,NaN,NaN,NaN
4,NaN,NaN,NaN,NaN,NaN,NaN,NaN,NaN
5,NaN,NaN,NaN,NaN,NaN,NaN,NaN,NaN
6,NaN,NaN,NaN,NaN,NaN,NaN,NaN,NaN
7,NaN,NaN,NaN,NaN,NaN,NaN,NaN,NaN
8,NaN,NaN,NaN,NaN,NaN,NaN,NaN,NaN
9,NaN,NaN,NaN,NaN,NaN,NaN,NaN,NaN
10,NaN,NaN,NaN,NaN,NaN,NaN,NaN,NaN
11,NaN,NaN,NaN,NaN,NaN,NaN,NaN,NaN
1,NaN,NaN,NaN,NaN,NaN,NaN,NaN,NaN
2,NaN,NaN,NaN,NaN,NaN,NaN,NaN,NaN
3,NaN,NaN,NaN,NaN,NaN,NaN,NaN,NaN
4,NaN,NaN,NaN,NaN,NaN,NaN,NaN,NaN
5,NaN,NaN,NaN,NaN,NaN,NaN,NaN,NaN
6,NaN,NaN,NaN,NaN,NaN,NaN,NaN,NaN
7,NaN,NaN,NaN,NaN,NaN,NaN,NaN,NaN
8,NaN,NaN,NaN,NaN,NaN,NaN,NaN,NaN
9,NaN,NaN,NaN,NaN,NaN,NaN,NaN,NaN
10,NaN,NaN,NaN,NaN,NaN,NaN,NaN,NaN
11,NaN,NaN,NaN,NaN,NaN,NaN,NaN,NaN
1,NaN,NaN,NaN,NaN,NaN,NaN,NaN,NaN
2,NaN,NaN,NaN,NaN,NaN,NaN,NaN,NaN
3,NaN,NaN,NaN,NaN,NaN,NaN,NaN,NaN
4,NaN,NaN,NaN,NaN,NaN,NaN,NaN,NaN
5,NaN,NaN,NaN,NaN,NaN,NaN,NaN,NaN
6,NaN,NaN,NaN,NaN,NaN,NaN,NaN,NaN
7,NaN,NaN,NaN,NaN,NaN,NaN,NaN,NaN
8,NaN,NaN,NaN,NaN,NaN,NaN,NaN,NaN
9,NaN,NaN,NaN,NaN,NaN,NaN,NaN,NaN
10,NaN,NaN,NaN,NaN,NaN,NaN,NaN,NaN
11,NaN,NaN,NaN,NaN,NaN,NaN,NaN,NaN
1,NaN,NaN,NaN,NaN,NaN,NaN,NaN,NaN
2,NaN,NaN,NaN,NaN,NaN,NaN,NaN,NaN
3,NaN,NaN,NaN,NaN,NaN,NaN,NaN,NaN
4,NaN,NaN,NaN,NaN,NaN,NaN,NaN,NaN
5,NaN,NaN,NaN,NaN,NaN,NaN,NaN,NaN
6,NaN,NaN,NaN,NaN,NaN,NaN,NaN,NaN
7,NaN,NaN,NaN,NaN,NaN,NaN,NaN,NaN
8,NaN,NaN,NaN,NaN,NaN,NaN,NaN,NaN
9,NaN,NaN,NaN,NaN,NaN,NaN,NaN,NaN
10,NaN,NaN,NaN,NaN,NaN,NaN,NaN,NaN
11,NaN,NaN,NaN,NaN,NaN,NaN,NaN,NaN
1,NaN,NaN,NaN,NaN,NaN,NaN,NaN,NaN
2,NaN,NaN,NaN,NaN,NaN,NaN,NaN,NaN
3,NaN,NaN,NaN,NaN,NaN,NaN,NaN,NaN
4,NaN,NaN,NaN,NaN,NaN,NaN,NaN,NaN
5,NaN,NaN,NaN,NaN,NaN,NaN,NaN,NaN
6,NaN,NaN,NaN,NaN,NaN,NaN,NaN,NaN
7,NaN,NaN,NaN,NaN,NaN,NaN,NaN,NaN
8,NaN,NaN,NaN,NaN,NaN,NaN,NaN,NaN
9,NaN,NaN,NaN,NaN,NaN,NaN,NaN,NaN
10,NaN,NaN,NaN,NaN,NaN,NaN,NaN,NaN
11,NaN,NaN,NaN,NaN,NaN,NaN,NaN,NaN
1,NaN,NaN,NaN,NaN,NaN,NaN,NaN,NaN
2,NaN,NaN,NaN,NaN,NaN,NaN,NaN,NaN
3,NaN,NaN,NaN,NaN,NaN,NaN,NaN,NaN
4,NaN,NaN,NaN,NaN,NaN,NaN,NaN,NaN
5,NaN,NaN,NaN,NaN,NaN,NaN,NaN,NaN
6,NaN,NaN,NaN,NaN,NaN,NaN,NaN,NaN
7,NaN,NaN,NaN,NaN,NaN,NaN,NaN,NaN
8,NaN,NaN,NaN,NaN,NaN,NaN,NaN,NaN
9,NaN,NaN,NaN,NaN,NaN,NaN,NaN,NaN
10,NaN,NaN,NaN,NaN,NaN,NaN,NaN,NaN
11,NaN,NaN,NaN,NaN,NaN,NaN,NaN,NaN
1,NaN,NaN,NaN,NaN,NaN,NaN,NaN,NaN
2,NaN,NaN,NaN,NaN,NaN,NaN,NaN,NaN
3,NaN,NaN,NaN,NaN,NaN,NaN,NaN,NaN
4,NaN,NaN,NaN,NaN,NaN,NaN,NaN,NaN
5,NaN,NaN,NaN,NaN,NaN,NaN,NaN,NaN
6,NaN,NaN,NaN,NaN,NaN,NaN,NaN,NaN
7,NaN,NaN,NaN,NaN,NaN,NaN,NaN,NaN
8,NaN,NaN,NaN,NaN,NaN,NaN,NaN,NaN
9,NaN,NaN,NaN,NaN,NaN,NaN,NaN,NaN
10,NaN,NaN,NaN,NaN,NaN,NaN,NaN,NaN
11,NaN,NaN,NaN,NaN,NaN,NaN,NaN,NaN
1,NaN,NaN,NaN,NaN,NaN,NaN,NaN,NaN
2,NaN,NaN,NaN,NaN,NaN,NaN,NaN,NaN
3,NaN,NaN,NaN,NaN,NaN,NaN,NaN,NaN
4,NaN,NaN,NaN,NaN,NaN,NaN,NaN,NaN
5,NaN,NaN,NaN,NaN,NaN,NaN,NaN,NaN
6,NaN,NaN,NaN,NaN,NaN,NaN,NaN,NaN
7,NaN,NaN,NaN,NaN,NaN,NaN,NaN,NaN
8,NaN,NaN,NaN,NaN,NaN,NaN,NaN,NaN
9,NaN,NaN,NaN,NaN,NaN,NaN,NaN,NaN
10,NaN,NaN,NaN,NaN,NaN,NaN,NaN,NaN
11,NaN,NaN,NaN,NaN,NaN,NaN,NaN,NaN
1,NaN,NaN,NaN,NaN,NaN,NaN,NaN,NaN
2,NaN,NaN,NaN,NaN,NaN,NaN,NaN,NaN
3,NaN,NaN,NaN,NaN,NaN,NaN,NaN,NaN
4,NaN,NaN,NaN,NaN,NaN,NaN,NaN,NaN
5,NaN,NaN,NaN,NaN,NaN,NaN,NaN,NaN
6,NaN,NaN,NaN,NaN,NaN,NaN,NaN,NaN
7,NaN,NaN,NaN,NaN,NaN,NaN,NaN,NaN
8,NaN,NaN,NaN,NaN,NaN,NaN,NaN,NaN
9,NaN,NaN,NaN,NaN,NaN,NaN,NaN,NaN
10,NaN,NaN,NaN,NaN,NaN,NaN,NaN,NaN
11,NaN,NaN,NaN,NaN,NaN,NaN,NaN,NaN
1,NaN,NaN,NaN,NaN,NaN,NaN,NaN,NaN
2,NaN,NaN,NaN,NaN,NaN,NaN,NaN,NaN
3,NaN,NaN,NaN,NaN,NaN,NaN,NaN,NaN
4,NaN,NaN,NaN,NaN,NaN,NaN,NaN,NaN
5,NaN,NaN,NaN,NaN,NaN,NaN,NaN,NaN
6,NaN,NaN,NaN,NaN,NaN,NaN,NaN,NaN
7,NaN,NaN,NaN,NaN,NaN,NaN,NaN,NaN
8,NaN,NaN,NaN,NaN,NaN,NaN,NaN,NaN
9,NaN,NaN,NaN,NaN,NaN,NaN,NaN,NaN
10,NaN,NaN,NaN,NaN,NaN,NaN,NaN,NaN
11,NaN,NaN,NaN,NaN,NaN,NaN,NaN,NaN
1,NaN,NaN,NaN,NaN,NaN,NaN,NaN,NaN
2,NaN,NaN,NaN,NaN,NaN,NaN,NaN,NaN
3,NaN,NaN,NaN,NaN,NaN,NaN,NaN,NaN
4,NaN,NaN,NaN,NaN,NaN,NaN,NaN,NaN
5,NaN,NaN,NaN,NaN,NaN,NaN,NaN,NaN
6,NaN,NaN,NaN,NaN,NaN,NaN,NaN,NaN
7,NaN,NaN,NaN,NaN,NaN,NaN,NaN,NaN
8,NaN,NaN,NaN,NaN,NaN,NaN,NaN,NaN
9,NaN,NaN,NaN,NaN,NaN,NaN,NaN,NaN
10,NaN,NaN,NaN,NaN,NaN,NaN,NaN,NaN
11,NaN,NaN,NaN,NaN,NaN,NaN,NaN,NaN
1,NaN,NaN,NaN,NaN,NaN,NaN,NaN,NaN
2,NaN,NaN,NaN,NaN,NaN,NaN,NaN,NaN
3,NaN,NaN,NaN,NaN,NaN,NaN,NaN,NaN
4,NaN,NaN,NaN,NaN,NaN,NaN,NaN,NaN
5,NaN,NaN,NaN,NaN,NaN,NaN,NaN,NaN
6,NaN,NaN,NaN,NaN,NaN,NaN,NaN,NaN
7,NaN,NaN,NaN,NaN,NaN,NaN,NaN,NaN
8,NaN,NaN,NaN,NaN,NaN,NaN,NaN,NaN
9,NaN,NaN,NaN,NaN,NaN,NaN,NaN,NaN
10,NaN,NaN,NaN,NaN,NaN,NaN,NaN,NaN
11,NaN,NaN,NaN,NaN,NaN,NaN,NaN,NaN
1,NaN,NaN,NaN,NaN,NaN,NaN,NaN,NaN
2,NaN,NaN,NaN,NaN,NaN,NaN,NaN,NaN
3,NaN,NaN,NaN,NaN,NaN,NaN,NaN,NaN
4,NaN,NaN,NaN,NaN,NaN,NaN,NaN,NaN
5,NaN,NaN,NaN,NaN,NaN,NaN,NaN,NaN
6,NaN,NaN,NaN,NaN,NaN,NaN,NaN,NaN
7,NaN,NaN,NaN,NaN,NaN,NaN,NaN,NaN
8,NaN,NaN,NaN,NaN,NaN,NaN,NaN,NaN
9,NaN,NaN,NaN,NaN,NaN,NaN,NaN,NaN
10,NaN,NaN,NaN,NaN,NaN,NaN,NaN,NaN
11,NaN,NaN,NaN,NaN,NaN,NaN,NaN,NaN
1,NaN,NaN,NaN,NaN,NaN,NaN,NaN,NaN
2,NaN,NaN,NaN,NaN,NaN,NaN,NaN,NaN
3,NaN,NaN,NaN,NaN,NaN,NaN,NaN,NaN
4,NaN,NaN,NaN,NaN,NaN,NaN,NaN,NaN
5,NaN,NaN,NaN,NaN,NaN,NaN,NaN,NaN
6,NaN,NaN,NaN,NaN,NaN,NaN,NaN,NaN
7,NaN,NaN,NaN,NaN,NaN,NaN,NaN,NaN
8,NaN,NaN,NaN,NaN,NaN,NaN,NaN,NaN
9,NaN,NaN,NaN,NaN,NaN,NaN,NaN,NaN
10,NaN,NaN,NaN,NaN,NaN,NaN,NaN,NaN
11,NaN,NaN,NaN,NaN,NaN,NaN,NaN,NaN
1,NaN,NaN,NaN,NaN,NaN,NaN,NaN,NaN
2,NaN,NaN,NaN,NaN,NaN,NaN,NaN,NaN
3,NaN,NaN,NaN,NaN,NaN,NaN,NaN,NaN
4,NaN,NaN,NaN,NaN,NaN,NaN,NaN,NaN
5,NaN,NaN,NaN,NaN,NaN,NaN,NaN,NaN
6,NaN,NaN,NaN,NaN,NaN,NaN,NaN,NaN
7,NaN,NaN,NaN,NaN,NaN,NaN,NaN,NaN
8,NaN,NaN,NaN,NaN,NaN,NaN,NaN,NaN
9,NaN,NaN,NaN,NaN,NaN,NaN,NaN,NaN
10,NaN,NaN,NaN,NaN,NaN,NaN,NaN,NaN
11,NaN,NaN,NaN,NaN,NaN,NaN,NaN,NaN
1,NaN,NaN,NaN,NaN,NaN,NaN,NaN,NaN
2,NaN,NaN,NaN,NaN,NaN,NaN,NaN,NaN
3,NaN,NaN,NaN,NaN,NaN,NaN,NaN,NaN
4,NaN,NaN,NaN,NaN,NaN,NaN,NaN,NaN
5,NaN,NaN,NaN,NaN,NaN,NaN,NaN,NaN
6,NaN,NaN,NaN,NaN,NaN,NaN,NaN,NaN
7,NaN,NaN,NaN,NaN,NaN,NaN,NaN,NaN
8,NaN,NaN,NaN,NaN,NaN,NaN,NaN,NaN
9,NaN,NaN,NaN,NaN,NaN,NaN,NaN,NaN
10,NaN,NaN,NaN,NaN,NaN,NaN,NaN,NaN
11,NaN,NaN,NaN,NaN,NaN,NaN,NaN,NaN
1,NaN,NaN,NaN,NaN,NaN,NaN,NaN,NaN
2,NaN,NaN,NaN,NaN,NaN,NaN,NaN,NaN
3,NaN,NaN,NaN,NaN,NaN,NaN,NaN,NaN
4,NaN,NaN,NaN,NaN,NaN,NaN,NaN,NaN
5,NaN,NaN,NaN,NaN,NaN,NaN,NaN,NaN
6,NaN,NaN,NaN,NaN,NaN,NaN,NaN,NaN
7,NaN,NaN,NaN,NaN,NaN,NaN,NaN,NaN
8,NaN,NaN,NaN,NaN,NaN,NaN,NaN,NaN
9,NaN,NaN,NaN,NaN,NaN,NaN,NaN,NaN
10,NaN,NaN,NaN,NaN,NaN,NaN,NaN,NaN
11,NaN,NaN,NaN,NaN,NaN,NaN,NaN,NaN
1,NaN,NaN,NaN,NaN,NaN,NaN,NaN,NaN
2,NaN,NaN,NaN,NaN,NaN,NaN,NaN,NaN
3,NaN,NaN,NaN,NaN,NaN,NaN,NaN,NaN
4,NaN,NaN,NaN,NaN,NaN,NaN,NaN,NaN
5,NaN,NaN,NaN,NaN,NaN,NaN,NaN,NaN
6,NaN,NaN,NaN,NaN,NaN,NaN,NaN,NaN
7,NaN,NaN,NaN,NaN,NaN,NaN,NaN,NaN
8,NaN,NaN,NaN,NaN,NaN,NaN,NaN,NaN
9,NaN,NaN,NaN,NaN,NaN,NaN,NaN,NaN
10,NaN,NaN,NaN,NaN,NaN,NaN,NaN,NaN
11,NaN,NaN,NaN,NaN,NaN,NaN,NaN,NaN
1,NaN,NaN,NaN,NaN,NaN,NaN,NaN,NaN
2,NaN,NaN,NaN,NaN,NaN,NaN,NaN,NaN
3,NaN,NaN,NaN,NaN,NaN,NaN,NaN,NaN
4,NaN,NaN,NaN,NaN,NaN,NaN,NaN,NaN
5,NaN,NaN,NaN,NaN,NaN,NaN,NaN,NaN
6,NaN,NaN,NaN,NaN,NaN,NaN,NaN,NaN
7,NaN,NaN,NaN,NaN,NaN,NaN,NaN,NaN
8,NaN,NaN,NaN,NaN,NaN,NaN,NaN,NaN
9,NaN,NaN,NaN,NaN,NaN,NaN,NaN,NaN
10,NaN,NaN,NaN,NaN,NaN,NaN,NaN,NaN
11,NaN,NaN,NaN,NaN,NaN,NaN,NaN,NaN
1,NaN,NaN,NaN,NaN,NaN,NaN,NaN,NaN
2,NaN,NaN,NaN,NaN,NaN,NaN,NaN,NaN
3,NaN,NaN,NaN,NaN,NaN,NaN,NaN,NaN
4,NaN,NaN,NaN,NaN,NaN,NaN,NaN,NaN
5,NaN,NaN,NaN,NaN,NaN,NaN,NaN,NaN
6,NaN,NaN,NaN,NaN,NaN,NaN,NaN,NaN
7,NaN,NaN,NaN,NaN,NaN,NaN,NaN,NaN
8,NaN,NaN,NaN,NaN,NaN,NaN,NaN,NaN
9,NaN,NaN,NaN,NaN,NaN,NaN,NaN,NaN
10,NaN,NaN,NaN,NaN,NaN,NaN,NaN,NaN
11,NaN,NaN,NaN,NaN,NaN,NaN,NaN,NaN
1,NaN,NaN,NaN,NaN,NaN,NaN,NaN,NaN
2,NaN,NaN,NaN,NaN,NaN,NaN,NaN,NaN
3,NaN,NaN,NaN,NaN,NaN,NaN,NaN,NaN
4,NaN,NaN,NaN,NaN,NaN,NaN,NaN,NaN
5,NaN,NaN,NaN,NaN,NaN,NaN,NaN,NaN
6,NaN,NaN,NaN,NaN,NaN,NaN,NaN,NaN
7,NaN,NaN,NaN,NaN,NaN,NaN,NaN,NaN
8,NaN,NaN,NaN,NaN,NaN,NaN,NaN,NaN
9,NaN,NaN,NaN,NaN,NaN,NaN,NaN,NaN
10,NaN,NaN,NaN,NaN,NaN,NaN,NaN,NaN
11,NaN,NaN,NaN,NaN,NaN,NaN,NaN,NaN
1,NaN,NaN,NaN,NaN,NaN,NaN,NaN,NaN
2,NaN,NaN,NaN,NaN,NaN,NaN,NaN,NaN
3,NaN,NaN,NaN,NaN,NaN,NaN,NaN,NaN
4,NaN,NaN,NaN,NaN,NaN,NaN,NaN,NaN
5,NaN,NaN,NaN,NaN,NaN,NaN,NaN,NaN
6,NaN,NaN,NaN,NaN,NaN,NaN,NaN,NaN
7,NaN,NaN,NaN,NaN,NaN,NaN,NaN,NaN
8,NaN,NaN,NaN,NaN,NaN,NaN,NaN,NaN
9,NaN,NaN,NaN,NaN,NaN,NaN,NaN,NaN
10,NaN,NaN,NaN,NaN,NaN,NaN,NaN,NaN
11,NaN,NaN,NaN,NaN,NaN,NaN,NaN,NaN
1,NaN,NaN,NaN,NaN,NaN,NaN,NaN,NaN
2,NaN,NaN,NaN,NaN,NaN,NaN,NaN,NaN
3,NaN,NaN,NaN,NaN,NaN,NaN,NaN,NaN
4,NaN,NaN,NaN,NaN,NaN,NaN,NaN,NaN
5,NaN,NaN,NaN,NaN,NaN,NaN,NaN,NaN
6,NaN,NaN,NaN,NaN,NaN,NaN,NaN,NaN
7,NaN,NaN,NaN,NaN,NaN,NaN,NaN,NaN
8,NaN,NaN,NaN,NaN,NaN,NaN,NaN,NaN
9,NaN,NaN,NaN,NaN,NaN,NaN,NaN,NaN
10,NaN,NaN,NaN,NaN,NaN,NaN,NaN,NaN
11,NaN,NaN,NaN,NaN,NaN,NaN,NaN,NaN
1,NaN,NaN,NaN,NaN,NaN,NaN,NaN,NaN
2,NaN,NaN,NaN,NaN,NaN,NaN,NaN,NaN
3,NaN,NaN,NaN,NaN,NaN,NaN,NaN,NaN
4,NaN,NaN,NaN,NaN,NaN,NaN,NaN,NaN
5,NaN,NaN,NaN,NaN,NaN,NaN,NaN,NaN
6,NaN,NaN,NaN,NaN,NaN,NaN,NaN,NaN
7,NaN,NaN,NaN,NaN,NaN,NaN,NaN,NaN
8,NaN,NaN,NaN,NaN,NaN,NaN,NaN,NaN
9,NaN,NaN,NaN,NaN,NaN,NaN,NaN,NaN
10,NaN,NaN,NaN,NaN,NaN,NaN,NaN,NaN
11,NaN,NaN,NaN,NaN,NaN,NaN,NaN,NaN
1,NaN,NaN,NaN,NaN,NaN,NaN,NaN,NaN
2,NaN,NaN,NaN,NaN,NaN,NaN,NaN,NaN
3,NaN,NaN,NaN,NaN,NaN,NaN,NaN,NaN
4,NaN,NaN,NaN,NaN,NaN,NaN,NaN,NaN
5,NaN,NaN,NaN,NaN,NaN,NaN,NaN,NaN
6,NaN,NaN,NaN,NaN,NaN,NaN,NaN,NaN
7,NaN,NaN,NaN,NaN,NaN,NaN,NaN,NaN
8,NaN,NaN,NaN,NaN,NaN,NaN,NaN,NaN
9,NaN,NaN,NaN,NaN,NaN,NaN,NaN,NaN
10,NaN,NaN,NaN,NaN,NaN,NaN,NaN,NaN
11,NaN,NaN,NaN,NaN,NaN,NaN,NaN,NaN
1,NaN,NaN,NaN,NaN,NaN,NaN,NaN,NaN
2,NaN,NaN,NaN,NaN,NaN,NaN,NaN,NaN
3,NaN,NaN,NaN,NaN,NaN,NaN,NaN,NaN
4,NaN,NaN,NaN,NaN,NaN,NaN,NaN,NaN
5,NaN,NaN,NaN,NaN,NaN,NaN,NaN,NaN
6,NaN,NaN,NaN,NaN,NaN,NaN,NaN,NaN
7,NaN,NaN,NaN,NaN,NaN,NaN,NaN,NaN
8,NaN,NaN,NaN,NaN,NaN,NaN,NaN,NaN
9,NaN,NaN,NaN,NaN,NaN,NaN,NaN,NaN
10,NaN,NaN,NaN,NaN,NaN,NaN,NaN,NaN
11,NaN,NaN,NaN,NaN,NaN,NaN,NaN,NaN
1,NaN,NaN,NaN,NaN,NaN,NaN,NaN,NaN
2,NaN,NaN,NaN,NaN,NaN,NaN,NaN,NaN
3,NaN,NaN,NaN,NaN,NaN,NaN,NaN,NaN
4,NaN,NaN,NaN,NaN,NaN,NaN,NaN,NaN
5,NaN,NaN,NaN,NaN,NaN,NaN,NaN,NaN
6,NaN,NaN,NaN,NaN,NaN,NaN,NaN,NaN
7,NaN,NaN,NaN,NaN,NaN,NaN,NaN,NaN
8,NaN,NaN,NaN,NaN,NaN,NaN,NaN,NaN
9,NaN,NaN,NaN,NaN,NaN,NaN,NaN,NaN
10,NaN,NaN,NaN,NaN,NaN,NaN,NaN,NaN
11,NaN,NaN,NaN,NaN,NaN,NaN,NaN,NaN
1,NaN,NaN,NaN,NaN,NaN,NaN,NaN,NaN
2,NaN,NaN,NaN,NaN,NaN,NaN,NaN,NaN
3,NaN,NaN,NaN,NaN,NaN,NaN,NaN,NaN
4,NaN,NaN,NaN,NaN,NaN,NaN,NaN,NaN
5,NaN,NaN,NaN,NaN,NaN,NaN,NaN,NaN
6,NaN,NaN,NaN,NaN,NaN,NaN,NaN,NaN
7,NaN,NaN,NaN,NaN,NaN,NaN,NaN,NaN
8,NaN,NaN,NaN,NaN,NaN,NaN,NaN,NaN
9,NaN,NaN,NaN,NaN,NaN,NaN,NaN,NaN
10,NaN,NaN,NaN,NaN,NaN,NaN,NaN,NaN
11,NaN,NaN,NaN,NaN,NaN,NaN,NaN,NaN
1,NaN,NaN,NaN,NaN,NaN,NaN,NaN,NaN
2,NaN,NaN,NaN,NaN,NaN,NaN,NaN,NaN
3,NaN,NaN,NaN,NaN,NaN,NaN,NaN,NaN
4,NaN,NaN,NaN,NaN,NaN,NaN,NaN,NaN
5,NaN,NaN,NaN,NaN,NaN,NaN,NaN,NaN
6,NaN,NaN,NaN,NaN,NaN,NaN,NaN,NaN
7,NaN,NaN,NaN,NaN,NaN,NaN,NaN,NaN
8,NaN,NaN,NaN,NaN,NaN,NaN,NaN,NaN
9,NaN,NaN,NaN,NaN,NaN,NaN,NaN,NaN
10,NaN,NaN,NaN,NaN,NaN,NaN,NaN,NaN
11,NaN,NaN,NaN,NaN,NaN,NaN,NaN,NaN
1,NaN,NaN,NaN,NaN,NaN,NaN,NaN,NaN
2,NaN,NaN,NaN,NaN,NaN,NaN,NaN,NaN
3,NaN,NaN,NaN,NaN,NaN,NaN,NaN,NaN
4,NaN,NaN,NaN,NaN,NaN,NaN,NaN,NaN
5,NaN,NaN,NaN,NaN,NaN,NaN,NaN,NaN
6,NaN,NaN,NaN,NaN,NaN,NaN,NaN,NaN
7,NaN,NaN,NaN,NaN,NaN,NaN,NaN,NaN
8,NaN,NaN,NaN,NaN,NaN,NaN,NaN,NaN
9,NaN,NaN,NaN,NaN,NaN,NaN,NaN,NaN
10,NaN,NaN,NaN,NaN,NaN,NaN,NaN,NaN
11,NaN,NaN,NaN,NaN,NaN,NaN,NaN,NaN
1,NaN,NaN,NaN,NaN,NaN,NaN,NaN,NaN
2,NaN,NaN,NaN,NaN,NaN,NaN,NaN,NaN
3,NaN,NaN,NaN,NaN,NaN,NaN,NaN,NaN
4,NaN,NaN,NaN,NaN,NaN,NaN,NaN,NaN
5,NaN,NaN,NaN,NaN,NaN,NaN,NaN,NaN
6,NaN,NaN,NaN,NaN,NaN,NaN,NaN,NaN
7,NaN,NaN,NaN,NaN,NaN,NaN,NaN,NaN
8,NaN,NaN,NaN,NaN,NaN,NaN,NaN,NaN
9,NaN,NaN,NaN,NaN,NaN,NaN,NaN,NaN
10,NaN,NaN,NaN,NaN,NaN,NaN,NaN,NaN
11,NaN,NaN,NaN,NaN,NaN,NaN,NaN,NaN
1,NaN,NaN,NaN,NaN,NaN,NaN,NaN,NaN
2,NaN,NaN,NaN,NaN,NaN,NaN,NaN,NaN
3,NaN,NaN,NaN,NaN,NaN,NaN,NaN,NaN
4,NaN,NaN,NaN,NaN,NaN,NaN,NaN,NaN
5,NaN,NaN,NaN,NaN,NaN,NaN,NaN,NaN
6,NaN,NaN,NaN,NaN,NaN,NaN,NaN,NaN
7,NaN,NaN,NaN,NaN,NaN,NaN,NaN,NaN
8,NaN,NaN,NaN,NaN,NaN,NaN,NaN,NaN
9,NaN,NaN,NaN,NaN,NaN,NaN,NaN,NaN
10,NaN,NaN,NaN,NaN,NaN,NaN,NaN,NaN
11,NaN,NaN,NaN,NaN,NaN,NaN,NaN,NaN
1,NaN,NaN,NaN,NaN,NaN,NaN,NaN,NaN
2,NaN,NaN,NaN,NaN,NaN,NaN,NaN,NaN
3,NaN,NaN,NaN,NaN,NaN,NaN,NaN,NaN
4,NaN,NaN,NaN,NaN,NaN,NaN,NaN,NaN
5,NaN,NaN,NaN,NaN,NaN,NaN,NaN,NaN
6,NaN,NaN,NaN,NaN,NaN,NaN,NaN,NaN
7,NaN,NaN,NaN,NaN,NaN,NaN,NaN,NaN
8,NaN,NaN,NaN,NaN,NaN,NaN,NaN,NaN
9,NaN,NaN,NaN,NaN,NaN,NaN,NaN,NaN
10,NaN,NaN,NaN,NaN,NaN,NaN,NaN,NaN
11,NaN,NaN,NaN,NaN,NaN,NaN,NaN,NaN
1,NaN,NaN,NaN,NaN,NaN,NaN,NaN,NaN
2,NaN,NaN,NaN,NaN,NaN,NaN,NaN,NaN
3,NaN,NaN,NaN,NaN,NaN,NaN,NaN,NaN
4,NaN,NaN,NaN,NaN,NaN,NaN,NaN,NaN
5,NaN,NaN,NaN,NaN,NaN,NaN,NaN,NaN
6,NaN,NaN,NaN,NaN,NaN,NaN,NaN,NaN
7,NaN,NaN,NaN,NaN,NaN,NaN,NaN,NaN
8,NaN,NaN,NaN,NaN,NaN,NaN,NaN,NaN
9,NaN,NaN,NaN,NaN,NaN,NaN,NaN,NaN
10,NaN,NaN,NaN,NaN,NaN,NaN,NaN,NaN
11,NaN,NaN,NaN,NaN,NaN,NaN,NaN,NaN
1,NaN,NaN,NaN,NaN,NaN,NaN,NaN,NaN
2,NaN,NaN,NaN,NaN,NaN,NaN,NaN,NaN
3,NaN,NaN,NaN,NaN,NaN,NaN,NaN,NaN
4,NaN,NaN,NaN,NaN,NaN,NaN,NaN,NaN
5,NaN,NaN,NaN,NaN,NaN,NaN,NaN,NaN
6,NaN,NaN,NaN,NaN,NaN,NaN,NaN,NaN
7,NaN,NaN,NaN,NaN,NaN,NaN,NaN,NaN
8,NaN,NaN,NaN,NaN,NaN,NaN,NaN,NaN
9,NaN,NaN,NaN,NaN,NaN,NaN,NaN,NaN
10,NaN,NaN,NaN,NaN,NaN,NaN,NaN,NaN
11,NaN,NaN,NaN,NaN,NaN,NaN,NaN,NaN
1,NaN,NaN,NaN,NaN,NaN,NaN,NaN,NaN
2,NaN,NaN,NaN,NaN,NaN,NaN,NaN,NaN
3,NaN,NaN,NaN,NaN,NaN,NaN,NaN,NaN
4,NaN,NaN,NaN,NaN,NaN,NaN,NaN,NaN
5,NaN,NaN,NaN,NaN,NaN,NaN,NaN,NaN
6,NaN,NaN,NaN,NaN,NaN,NaN,NaN,NaN
7,NaN,NaN,NaN,NaN,NaN,NaN,NaN,NaN
8,NaN,NaN,NaN,NaN,NaN,NaN,NaN,NaN
9,NaN,NaN,NaN,NaN,NaN,NaN,NaN,NaN
10,NaN,NaN,NaN,NaN,NaN,NaN,NaN,NaN
11,NaN,NaN,NaN,NaN,NaN,NaN,NaN,NaN
1,NaN,NaN,NaN,NaN,NaN,NaN,NaN,NaN
2,NaN,NaN,NaN,NaN,NaN,NaN,NaN,NaN
3,NaN,NaN,NaN,NaN,NaN,NaN,NaN,NaN
4,NaN,NaN,NaN,NaN,NaN,NaN,NaN,NaN
5,NaN,NaN,NaN,NaN,NaN,NaN,NaN,NaN
6,NaN,NaN,NaN,NaN,NaN,NaN,NaN,NaN
7,NaN,NaN,NaN,NaN,NaN,NaN,NaN,NaN
8,NaN,NaN,NaN,NaN,NaN,NaN,NaN,NaN
9,NaN,NaN,NaN,NaN,NaN,NaN,NaN,NaN
10,NaN,NaN,NaN,NaN,NaN,NaN,NaN,NaN
11,NaN,NaN,NaN,NaN,NaN,NaN,NaN,NaN
1,NaN,NaN,NaN,NaN,NaN,NaN,NaN,NaN
2,NaN,NaN,NaN,NaN,NaN,NaN,NaN,NaN
3,NaN,NaN,NaN,NaN,NaN,NaN,NaN,NaN
4,NaN,NaN,NaN,NaN,NaN,NaN,NaN,NaN
5,NaN,NaN,NaN,NaN,NaN,NaN,NaN,NaN
6,NaN,NaN,NaN,NaN,NaN,NaN,NaN,NaN
7,NaN,NaN,NaN,NaN,NaN,NaN,NaN,NaN
8,NaN,NaN,NaN,NaN,NaN,NaN,NaN,NaN
9,NaN,NaN,NaN,NaN,NaN,NaN,NaN,NaN
10,NaN,NaN,NaN,NaN,NaN,NaN,NaN,NaN
11,NaN,NaN,NaN,NaN,NaN,NaN,NaN,NaN
1,NaN,NaN,NaN,NaN,NaN,NaN,NaN,NaN
2,NaN,NaN,NaN,NaN,NaN,NaN,NaN,NaN
3,NaN,NaN,NaN,NaN,NaN,NaN,NaN,NaN
4,NaN,NaN,NaN,NaN,NaN,NaN,NaN,NaN
5,NaN,NaN,NaN,NaN,NaN,NaN,NaN,NaN
6,NaN,NaN,NaN,NaN,NaN,NaN,NaN,NaN
7,NaN,NaN,NaN,NaN,NaN,NaN,NaN,NaN
8,NaN,NaN,NaN,NaN,NaN,NaN,NaN,NaN
9,NaN,NaN,NaN,NaN,NaN,NaN,NaN,NaN
10,NaN,NaN,NaN,NaN,NaN,NaN,NaN,NaN
11,NaN,NaN,NaN,NaN,NaN,NaN,NaN,NaN
1,NaN,NaN,NaN,NaN,NaN,NaN,NaN,NaN
2,NaN,NaN,NaN,NaN,NaN,NaN,NaN,NaN
3,NaN,NaN,NaN,NaN,NaN,NaN,NaN,NaN
4,NaN,NaN,NaN,NaN,NaN,NaN,NaN,NaN
5,NaN,NaN,NaN,NaN,NaN,NaN,NaN,NaN
6,NaN,NaN,NaN,NaN,NaN,NaN,NaN,NaN
7,NaN,NaN,NaN,NaN,NaN,NaN,NaN,NaN
8,NaN,NaN,NaN,NaN,NaN,NaN,NaN,NaN
9,NaN,NaN,NaN,NaN,NaN,NaN,NaN,NaN
10,NaN,NaN,NaN,NaN,NaN,NaN,NaN,NaN
11,NaN,NaN,NaN,NaN,NaN,NaN,NaN,NaN
1,NaN,NaN,NaN,NaN,NaN,NaN,NaN,NaN
2,NaN,NaN,NaN,NaN,NaN,NaN,NaN,NaN
3,NaN,NaN,NaN,NaN,NaN,NaN,NaN,NaN
4,NaN,NaN,NaN,NaN,NaN,NaN,NaN,NaN
5,NaN,NaN,NaN,NaN,NaN,NaN,NaN,NaN
6,NaN,NaN,NaN,NaN,NaN,NaN,NaN,NaN
7,NaN,NaN,NaN,NaN,NaN,NaN,NaN,NaN
8,NaN,NaN,NaN,NaN,NaN,NaN,NaN,NaN
9,NaN,NaN,NaN,NaN,NaN,NaN,NaN,NaN
10,NaN,NaN,NaN,NaN,NaN,NaN,NaN,NaN
11,NaN,NaN,NaN,NaN,NaN,NaN,NaN,NaN
1,NaN,NaN,NaN,NaN,NaN,NaN,NaN,NaN
2,NaN,NaN,NaN,NaN,NaN,NaN,NaN,NaN
3,NaN,NaN,NaN,NaN,NaN,NaN,NaN,NaN
4,NaN,NaN,NaN,NaN,NaN,NaN,NaN,NaN
5,NaN,NaN,NaN,NaN,NaN,NaN,NaN,NaN
6,NaN,NaN,NaN,NaN,NaN,NaN,NaN,NaN
7,NaN,NaN,NaN,NaN,NaN,NaN,NaN,NaN
8,NaN,NaN,NaN,NaN,NaN,NaN,NaN,NaN
9,NaN,NaN,NaN,NaN,NaN,NaN,NaN,NaN
10,NaN,NaN,NaN,NaN,NaN,NaN,NaN,NaN
11,NaN,NaN,NaN,NaN,NaN,NaN,NaN,NaN
1,NaN,NaN,NaN,NaN,NaN,NaN,NaN,NaN
2,NaN,NaN,NaN,NaN,NaN,NaN,NaN,NaN
3,NaN,NaN,NaN,NaN,NaN,NaN,NaN,NaN
4,NaN,NaN,NaN,NaN,NaN,NaN,NaN,NaN
5,NaN,NaN,NaN,NaN,NaN,NaN,NaN,NaN
6,NaN,NaN,NaN,NaN,NaN,NaN,NaN,NaN
7,NaN,NaN,NaN,NaN,NaN,NaN,NaN,NaN
8,NaN,NaN,NaN,NaN,NaN,NaN,NaN,NaN
9,NaN,NaN,NaN,NaN,NaN,NaN,NaN,NaN
10,NaN,NaN,NaN,NaN,NaN,NaN,NaN,NaN
11,NaN,NaN,NaN,NaN,NaN,NaN,NaN,NaN
1,NaN,NaN,NaN,NaN,NaN,NaN,NaN,NaN
2,NaN,NaN,NaN,NaN,NaN,NaN,NaN,NaN
3,NaN,NaN,NaN,NaN,NaN,NaN,NaN,NaN
4,NaN,NaN,NaN,NaN,NaN,NaN,NaN,NaN
5,NaN,NaN,NaN,NaN,NaN,NaN,NaN,NaN
6,NaN,NaN,NaN,NaN,NaN,NaN,NaN,NaN
7,NaN,NaN,NaN,NaN,NaN,NaN,NaN,NaN
8,NaN,NaN,NaN,NaN,NaN,NaN,NaN,NaN
9,NaN,NaN,NaN,NaN,NaN,NaN,NaN,NaN
10,NaN,NaN,NaN,NaN,NaN,NaN,NaN,NaN
11,NaN,NaN,NaN,NaN,NaN,NaN,NaN,NaN
1,NaN,NaN,NaN,NaN,NaN,NaN,NaN,NaN
2,NaN,NaN,NaN,NaN,NaN,NaN,NaN,NaN
3,NaN,NaN,NaN,NaN,NaN,NaN,NaN,NaN
4,NaN,NaN,NaN,NaN,NaN,NaN,NaN,NaN
5,NaN,NaN,NaN,NaN,NaN,NaN,NaN,NaN
6,NaN,NaN,NaN,NaN,NaN,NaN,NaN,NaN
7,NaN,NaN,NaN,NaN,NaN,NaN,NaN,NaN
8,NaN,NaN,NaN,NaN,NaN,NaN,NaN,NaN
9,NaN,NaN,NaN,NaN,NaN,NaN,NaN,NaN
10,NaN,NaN,NaN,NaN,NaN,NaN,NaN,NaN
11,NaN,NaN,NaN,NaN,NaN,NaN,NaN,NaN
1,NaN,NaN,NaN,NaN,NaN,NaN,NaN,NaN
2,NaN,NaN,NaN,NaN,NaN,NaN,NaN,NaN
3,NaN,NaN,NaN,NaN,NaN,NaN,NaN,NaN
4,NaN,NaN,NaN,NaN,NaN,NaN,NaN,NaN
5,NaN,NaN,NaN,NaN,NaN,NaN,NaN,NaN
6,NaN,NaN,NaN,NaN,NaN,NaN,NaN,NaN
7,NaN,NaN,NaN,NaN,NaN,NaN,NaN,NaN
8,NaN,NaN,NaN,NaN,NaN,NaN,NaN,NaN
9,NaN,NaN,NaN,NaN,NaN,NaN,NaN,NaN
10,NaN,NaN,NaN,NaN,NaN,NaN,NaN,NaN
11,NaN,NaN,NaN,NaN,NaN,NaN,NaN,NaN
1,NaN,NaN,NaN,NaN,NaN,NaN,NaN,NaN
2,NaN,NaN,NaN,NaN,NaN,NaN,NaN,NaN
3,NaN,NaN,NaN,NaN,NaN,NaN,NaN,NaN
4,NaN,NaN,NaN,NaN,NaN,NaN,NaN,NaN
5,NaN,NaN,NaN,NaN,NaN,NaN,NaN,NaN
6,NaN,NaN,NaN,NaN,NaN,NaN,NaN,NaN
7,NaN,NaN,NaN,NaN,NaN,NaN,NaN,NaN
8,NaN,NaN,NaN,NaN,NaN,NaN,NaN,NaN
9,NaN,NaN,NaN,NaN,NaN,NaN,NaN,NaN
10,NaN,NaN,NaN,NaN,NaN,NaN,NaN,NaN
11,NaN,NaN,NaN,NaN,NaN,NaN,NaN,NaN
1,NaN,NaN,NaN,NaN,NaN,NaN,NaN,NaN
2,NaN,NaN,NaN,NaN,NaN,NaN,NaN,NaN
3,NaN,NaN,NaN,NaN,NaN,NaN,NaN,NaN
4,NaN,NaN,NaN,NaN,NaN,NaN,NaN,NaN
5,NaN,NaN,NaN,NaN,NaN,NaN,NaN,NaN
6,NaN,NaN,NaN,NaN,NaN,NaN,NaN,NaN
7,NaN,NaN,NaN,NaN,NaN,NaN,NaN,NaN
8,NaN,NaN,NaN,NaN,NaN,NaN,NaN,NaN
9,NaN,NaN,NaN,NaN,NaN,NaN,NaN,NaN
10,NaN,NaN,NaN,NaN,NaN,NaN,NaN,NaN
11,NaN,NaN,NaN,NaN,NaN,NaN,NaN,NaN
1,NaN,NaN,NaN,NaN,NaN,NaN,NaN,NaN
2,NaN,NaN,NaN,NaN,NaN,NaN,NaN,NaN
3,NaN,NaN,NaN,NaN,NaN,NaN,NaN,NaN
4,NaN,NaN,NaN,NaN,NaN,NaN,NaN,NaN
5,NaN,NaN,NaN,NaN,NaN,NaN,NaN,NaN
6,NaN,NaN,NaN,NaN,NaN,NaN,NaN,NaN
7,NaN,NaN,NaN,NaN,NaN,NaN,NaN,NaN
8,NaN,NaN,NaN,NaN,NaN,NaN,NaN,NaN
9,NaN,NaN,NaN,NaN,NaN,NaN,NaN,NaN
10,NaN,NaN,NaN,NaN,NaN,NaN,NaN,NaN
11,NaN,NaN,NaN,NaN,NaN,NaN,NaN,NaN
1,NaN,NaN,NaN,NaN,NaN,NaN,NaN,NaN
2,NaN,NaN,NaN,NaN,NaN,NaN,NaN,NaN
3,NaN,NaN,NaN,NaN,NaN,NaN,NaN,NaN
4,NaN,NaN,NaN,NaN,NaN,NaN,NaN,NaN
5,NaN,NaN,NaN,NaN,NaN,NaN,NaN,NaN
6,NaN,NaN,NaN,NaN,NaN,NaN,NaN,NaN
7,NaN,NaN,NaN,NaN,NaN,NaN,NaN,NaN
8,NaN,NaN,NaN,NaN,NaN,NaN,NaN,NaN
9,NaN,NaN,NaN,NaN,NaN,NaN,NaN,NaN
10,NaN,NaN,NaN,NaN,NaN,NaN,NaN,NaN
11,NaN,NaN,NaN,NaN,NaN,NaN,NaN,NaN
1,NaN,NaN,NaN,NaN,NaN,NaN,NaN,NaN
2,NaN,NaN,NaN,NaN,NaN,NaN,NaN,NaN
3,NaN,NaN,NaN,NaN,NaN,NaN,NaN,NaN
4,NaN,NaN,NaN,NaN,NaN,NaN,NaN,NaN
5,NaN,NaN,NaN,NaN,NaN,NaN,NaN,NaN
6,NaN,NaN,NaN,NaN,NaN,NaN,NaN,NaN
7,NaN,NaN,NaN,NaN,NaN,NaN,NaN,NaN
8,NaN,NaN,NaN,NaN,NaN,NaN,NaN,NaN
9,NaN,NaN,NaN,NaN,NaN,NaN,NaN,NaN
10,NaN,NaN,NaN,NaN,NaN,NaN,NaN,NaN
11,NaN,NaN,NaN,NaN,NaN,NaN,NaN,NaN
1,NaN,NaN,NaN,NaN,NaN,NaN,NaN,NaN
2,NaN,NaN,NaN,NaN,NaN,NaN,NaN,NaN
3,NaN,NaN,NaN,NaN,NaN,NaN,NaN,NaN
4,NaN,NaN,NaN,NaN,NaN,NaN,NaN,NaN
5,NaN,NaN,NaN,NaN,NaN,NaN,NaN,NaN
6,NaN,NaN,NaN,NaN,NaN,NaN,NaN,NaN
7,NaN,NaN,NaN,NaN,NaN,NaN,NaN,NaN
8,NaN,NaN,NaN,NaN,NaN,NaN,NaN,NaN
9,NaN,NaN,NaN,NaN,NaN,NaN,NaN,NaN
10,NaN,NaN,NaN,NaN,NaN,NaN,NaN,NaN
11,NaN,NaN,NaN,NaN,NaN,NaN,NaN,NaN
1,NaN,NaN,NaN,NaN,NaN,NaN,NaN,NaN
2,NaN,NaN,NaN,NaN,NaN,NaN,NaN,NaN
3,NaN,NaN,NaN,NaN,NaN,NaN,NaN,NaN
4,NaN,NaN,NaN,NaN,NaN,NaN,NaN,NaN
5,NaN,NaN,NaN,NaN,NaN,NaN,NaN,NaN
6,NaN,NaN,NaN,NaN,NaN,NaN,NaN,NaN
7,NaN,NaN,NaN,NaN,NaN,NaN,NaN,NaN
8,NaN,NaN,NaN,NaN,NaN,NaN,NaN,NaN
9,NaN,NaN,NaN,NaN,NaN,NaN,NaN,NaN
10,NaN,NaN,NaN,NaN,NaN,NaN,NaN,NaN
11,NaN,NaN,NaN,NaN,NaN,NaN,NaN,NaN
1,NaN,NaN,NaN,NaN,NaN,NaN,NaN,NaN
2,NaN,NaN,NaN,NaN,NaN,NaN,NaN,NaN
3,NaN,NaN,NaN,NaN,NaN,NaN,NaN,NaN
4,NaN,NaN,NaN,NaN,NaN,NaN,NaN,NaN
5,NaN,NaN,NaN,NaN,NaN,NaN,NaN,NaN
6,NaN,NaN,NaN,NaN,NaN,NaN,NaN,NaN
7,NaN,NaN,NaN,NaN,NaN,NaN,NaN,NaN
8,NaN,NaN,NaN,NaN,NaN,NaN,NaN,NaN
9,NaN,NaN,NaN,NaN,NaN,NaN,NaN,NaN
10,NaN,NaN,NaN,NaN,NaN,NaN,NaN,NaN
11,NaN,NaN,NaN,NaN,NaN,NaN,NaN,NaN
1,NaN,NaN,NaN,NaN,NaN,NaN,NaN,NaN
2,NaN,NaN,NaN,NaN,NaN,NaN,NaN,NaN
3,NaN,NaN,NaN,NaN,NaN,NaN,NaN,NaN
4,NaN,NaN,NaN,NaN,NaN,NaN,NaN,NaN
5,NaN,NaN,NaN,NaN,NaN,NaN,NaN,NaN
6,NaN,NaN,NaN,NaN,NaN,NaN,NaN,NaN
7,NaN,NaN,NaN,NaN,NaN,NaN,NaN,NaN
8,NaN,NaN,NaN,NaN,NaN,NaN,NaN,NaN
9,NaN,NaN,NaN,NaN,NaN,NaN,NaN,NaN
10,NaN,NaN,NaN,NaN,NaN,NaN,NaN,NaN
11,NaN,NaN,NaN,NaN,NaN,NaN,NaN,NaN
1,NaN,NaN,NaN,NaN,NaN,NaN,NaN,NaN
2,NaN,NaN,NaN,NaN,NaN,NaN,NaN,NaN
3,NaN,NaN,NaN,NaN,NaN,NaN,NaN,NaN
4,NaN,NaN,NaN,NaN,NaN,NaN,NaN,NaN
5,NaN,NaN,NaN,NaN,NaN,NaN,NaN,NaN
6,NaN,NaN,NaN,NaN,NaN,NaN,NaN,NaN
7,NaN,NaN,NaN,NaN,NaN,NaN,NaN,NaN
8,NaN,NaN,NaN,NaN,NaN,NaN,NaN,NaN
9,NaN,NaN,NaN,NaN,NaN,NaN,NaN,NaN
10,NaN,NaN,NaN,NaN,NaN,NaN,NaN,NaN
11,NaN,NaN,NaN,NaN,NaN,NaN,NaN,NaN
1,NaN,NaN,NaN,NaN,NaN,NaN,NaN,NaN
2,NaN,NaN,NaN,NaN,NaN,NaN,NaN,NaN
3,NaN,NaN,NaN,NaN,NaN,NaN,NaN,NaN
4,NaN,NaN,NaN,NaN,NaN,NaN,NaN,NaN
5,NaN,NaN,NaN,NaN,NaN,NaN,NaN,NaN
6,NaN,NaN,NaN,NaN,NaN,NaN,NaN,NaN
7,NaN,NaN,NaN,NaN,NaN,NaN,NaN,NaN
8,NaN,NaN,NaN,NaN,NaN,NaN,NaN,NaN
9,NaN,NaN,NaN,NaN,NaN,NaN,NaN,NaN
10,NaN,NaN,NaN,NaN,NaN,NaN,NaN,NaN
11,NaN,NaN,NaN,NaN,NaN,NaN,NaN,NaN
1,NaN,NaN,NaN,NaN,NaN,NaN,NaN,NaN
2,NaN,NaN,NaN,NaN,NaN,NaN,NaN,NaN
3,NaN,NaN,NaN,NaN,NaN,NaN,NaN,NaN
4,NaN,NaN,NaN,NaN,NaN,NaN,NaN,NaN
5,NaN,NaN,NaN,NaN,NaN,NaN,NaN,NaN
6,NaN,NaN,NaN,NaN,NaN,NaN,NaN,NaN
7,NaN,NaN,NaN,NaN,NaN,NaN,NaN,NaN
8,NaN,NaN,NaN,NaN,NaN,NaN,NaN,NaN
9,NaN,NaN,NaN,NaN,NaN,NaN,NaN,NaN
10,NaN,NaN,NaN,NaN,NaN,NaN,NaN,NaN
11,NaN,NaN,NaN,NaN,NaN,NaN,NaN,NaN
1,NaN,NaN,NaN,NaN,NaN,NaN,NaN,NaN
2,NaN,NaN,NaN,NaN,NaN,NaN,NaN,NaN
3,NaN,NaN,NaN,NaN,NaN,NaN,NaN,NaN
4,NaN,NaN,NaN,NaN,NaN,NaN,NaN,NaN
5,NaN,NaN,NaN,NaN,NaN,NaN,NaN,NaN
6,NaN,NaN,NaN,NaN,NaN,NaN,NaN,NaN
7,NaN,NaN,NaN,NaN,NaN,NaN,NaN,NaN
8,NaN,NaN,NaN,NaN,NaN,NaN,NaN,NaN
9,NaN,NaN,NaN,NaN,NaN,NaN,NaN,NaN
10,NaN,NaN,NaN,NaN,NaN,NaN,NaN,NaN
11,NaN,NaN,NaN,NaN,NaN,NaN,NaN,NaN
1,NaN,NaN,NaN,NaN,NaN,NaN,NaN,NaN
2,NaN,NaN,NaN,NaN,NaN,NaN,NaN,NaN
3,NaN,NaN,NaN,NaN,NaN,NaN,NaN,NaN
4,NaN,NaN,NaN,NaN,NaN,NaN,NaN,NaN
5,NaN,NaN,NaN,NaN,NaN,NaN,NaN,NaN
6,NaN,NaN,NaN,NaN,NaN,NaN,NaN,NaN
7,NaN,NaN,NaN,NaN,NaN,NaN,NaN,NaN
8,NaN,NaN,NaN,NaN,NaN,NaN,NaN,NaN
9,NaN,NaN,NaN,NaN,NaN,NaN,NaN,NaN
10,NaN,NaN,NaN,NaN,NaN,NaN,NaN,NaN
11,NaN,NaN,NaN,NaN,NaN,NaN,NaN,NaN
1,NaN,NaN,NaN,NaN,NaN,NaN,NaN,NaN
2,NaN,NaN,NaN,NaN,NaN,NaN,NaN,NaN
3,NaN,NaN,NaN,NaN,NaN,NaN,NaN,NaN
4,NaN,NaN,NaN,NaN,NaN,NaN,NaN,NaN
5,NaN,NaN,NaN,NaN,NaN,NaN,NaN,NaN
6,NaN,NaN,NaN,NaN,NaN,NaN,NaN,NaN
7,NaN,NaN,NaN,NaN,NaN,NaN,NaN,NaN
8,NaN,NaN,NaN,NaN,NaN,NaN,NaN,NaN
9,NaN,NaN,NaN,NaN,NaN,NaN,NaN,NaN
10,NaN,NaN,NaN,NaN,NaN,NaN,NaN,NaN
11,NaN,NaN,NaN,NaN,NaN,NaN,NaN,NaN
1,NaN,NaN,NaN,NaN,NaN,NaN,NaN,NaN
2,NaN,NaN,NaN,NaN,NaN,NaN,NaN,NaN
3,NaN,NaN,NaN,NaN,NaN,NaN,NaN,NaN
4,NaN,NaN,NaN,NaN,NaN,NaN,NaN,NaN
5,NaN,NaN,NaN,NaN,NaN,NaN,NaN,NaN
6,NaN,NaN,NaN,NaN,NaN,NaN,NaN,NaN
7,NaN,NaN,NaN,NaN,NaN,NaN,NaN,NaN
8,NaN,NaN,NaN,NaN,NaN,NaN,NaN,NaN
9,NaN,NaN,NaN,NaN,NaN,NaN,NaN,NaN
10,NaN,NaN,NaN,NaN,NaN,NaN,NaN,NaN
11,NaN,NaN,NaN,NaN,NaN,NaN,NaN,NaN
1,NaN,NaN,NaN,NaN,NaN,NaN,NaN,NaN
2,NaN,NaN,NaN,NaN,NaN,NaN,NaN,NaN
3,NaN,NaN,NaN,NaN,NaN,NaN,NaN,NaN
4,NaN,NaN,NaN,NaN,NaN,NaN,NaN,NaN
5,NaN,NaN,NaN,NaN,NaN,NaN,NaN,NaN
6,NaN,NaN,NaN,NaN,NaN,NaN,NaN,NaN
7,NaN,NaN,NaN,NaN,NaN,NaN,NaN,NaN
8,NaN,NaN,NaN,NaN,NaN,NaN,NaN,NaN
9,NaN,NaN,NaN,NaN,NaN,NaN,NaN,NaN
10,NaN,NaN,NaN,NaN,NaN,NaN,NaN,NaN
11,NaN,NaN,NaN,NaN,NaN,NaN,NaN,NaN
1,NaN,NaN,NaN,NaN,NaN,NaN,NaN,NaN
2,NaN,NaN,NaN,NaN,NaN,NaN,NaN,NaN
3,NaN,NaN,NaN,NaN,NaN,NaN,NaN,NaN
4,NaN,NaN,NaN,NaN,NaN,NaN,NaN,NaN
5,NaN,NaN,NaN,NaN,NaN,NaN,NaN,NaN
6,NaN,NaN,NaN,NaN,NaN,NaN,NaN,NaN
7,NaN,NaN,NaN,NaN,NaN,NaN,NaN,NaN
8,NaN,NaN,NaN,NaN,NaN,NaN,NaN,NaN
9,NaN,NaN,NaN,NaN,NaN,NaN,NaN,NaN
10,NaN,NaN,NaN,NaN,NaN,NaN,NaN,NaN
11,NaN,NaN,NaN,NaN,NaN,NaN,NaN,NaN
1,NaN,NaN,NaN,NaN,NaN,NaN,NaN,NaN
2,NaN,NaN,NaN,NaN,NaN,NaN,NaN,NaN
3,NaN,NaN,NaN,NaN,NaN,NaN,NaN,NaN
4,NaN,NaN,NaN,NaN,NaN,NaN,NaN,NaN
5,NaN,NaN,NaN,NaN,NaN,NaN,NaN,NaN
6,NaN,NaN,NaN,NaN,NaN,NaN,NaN,NaN
7,NaN,NaN,NaN,NaN,NaN,NaN,NaN,NaN
8,NaN,NaN,NaN,NaN,NaN,NaN,NaN,NaN
9,NaN,NaN,NaN,NaN,NaN,NaN,NaN,NaN
10,NaN,NaN,NaN,NaN,NaN,NaN,NaN,NaN
11,NaN,NaN,NaN,NaN,NaN,NaN,NaN,NaN
1,NaN,NaN,NaN,NaN,NaN,NaN,NaN,NaN
2,NaN,NaN,NaN,NaN,NaN,NaN,NaN,NaN
3,NaN,NaN,NaN,NaN,NaN,NaN,NaN,NaN
4,NaN,NaN,NaN,NaN,NaN,NaN,NaN,NaN
5,NaN,NaN,NaN,NaN,NaN,NaN,NaN,NaN
6,NaN,NaN,NaN,NaN,NaN,NaN,NaN,NaN
7,NaN,NaN,NaN,NaN,NaN,NaN,NaN,NaN
8,NaN,NaN,NaN,NaN,NaN,NaN,NaN,NaN
9,NaN,NaN,NaN,NaN,NaN,NaN,NaN,NaN
10,NaN,NaN,NaN,NaN,NaN,NaN,NaN,NaN
11,NaN,NaN,NaN,NaN,NaN,NaN,NaN,NaN
1,NaN,NaN,NaN,NaN,NaN,NaN,NaN,NaN
2,NaN,NaN,NaN,NaN,NaN,NaN,NaN,NaN
3,NaN,NaN,NaN,NaN,NaN,NaN,NaN,NaN
4,NaN,NaN,NaN,NaN,NaN,NaN,NaN,NaN
5,NaN,NaN,NaN,NaN,NaN,NaN,NaN,NaN
6,NaN,NaN,NaN,NaN,NaN,NaN,NaN,NaN
7,NaN,NaN,NaN,NaN,NaN,NaN,NaN,NaN
8,NaN,NaN,NaN,NaN,NaN,NaN,NaN,NaN
9,NaN,NaN,NaN,NaN,NaN,NaN,NaN,NaN
10,NaN,NaN,NaN,NaN,NaN,NaN,NaN,NaN
11,NaN,NaN,NaN,NaN,NaN,NaN,NaN,NaN
1,NaN,NaN,NaN,NaN,NaN,NaN,NaN,NaN
2,NaN,NaN,NaN,NaN,NaN,NaN,NaN,NaN
3,NaN,NaN,NaN,NaN,NaN,NaN,NaN,NaN
4,NaN,NaN,NaN,NaN,NaN,NaN,NaN,NaN
5,NaN,NaN,NaN,NaN,NaN,NaN,NaN,NaN
6,NaN,NaN,NaN,NaN,NaN,NaN,NaN,NaN
7,NaN,NaN,NaN,NaN,NaN,NaN,NaN,NaN
8,NaN,NaN,NaN,NaN,NaN,NaN,NaN,NaN
9,NaN,NaN,NaN,NaN,NaN,NaN,NaN,NaN
10,NaN,NaN,NaN,NaN,NaN,NaN,NaN,NaN
11,NaN,NaN,NaN,NaN,NaN,NaN,NaN,NaN
1,NaN,NaN,NaN,NaN,NaN,NaN,NaN,NaN
2,NaN,NaN,NaN,NaN,NaN,NaN,NaN,NaN
3,NaN,NaN,NaN,NaN,NaN,NaN,NaN,NaN
4,NaN,NaN,NaN,NaN,NaN,NaN,NaN,NaN
5,NaN,NaN,NaN,NaN,NaN,NaN,NaN,NaN
6,NaN,NaN,NaN,NaN,NaN,NaN,NaN,NaN
7,NaN,NaN,NaN,NaN,NaN,NaN,NaN,NaN
8,NaN,NaN,NaN,NaN,NaN,NaN,NaN,NaN
9,NaN,NaN,NaN,NaN,NaN,NaN,NaN,NaN
10,NaN,NaN,NaN,NaN,NaN,NaN,NaN,NaN
11,NaN,NaN,NaN,NaN,NaN,NaN,NaN,NaN
1,NaN,NaN,NaN,NaN,NaN,NaN,NaN,NaN
2,NaN,NaN,NaN,NaN,NaN,NaN,NaN,NaN
3,NaN,NaN,NaN,NaN,NaN,NaN,NaN,NaN
4,NaN,NaN,NaN,NaN,NaN,NaN,NaN,NaN
5,NaN,NaN,NaN,NaN,NaN,NaN,NaN,NaN
6,NaN,NaN,NaN,NaN,NaN,NaN,NaN,NaN
7,NaN,NaN,NaN,NaN,NaN,NaN,NaN,NaN
8,NaN,NaN,NaN,NaN,NaN,NaN,NaN,NaN
9,NaN,NaN,NaN,NaN,NaN,NaN,NaN,NaN
10,NaN,NaN,NaN,NaN,NaN,NaN,NaN,NaN
11,NaN,NaN,NaN,NaN,NaN,NaN,NaN,NaN
1,NaN,NaN,NaN,NaN,NaN,NaN,NaN,NaN
2,NaN,NaN,NaN,NaN,NaN,NaN,NaN,NaN
3,NaN,NaN,NaN,NaN,NaN,NaN,NaN,NaN
4,NaN,NaN,NaN,NaN,NaN,NaN,NaN,NaN
5,NaN,NaN,NaN,NaN,NaN,NaN,NaN,NaN
6,NaN,NaN,NaN,NaN,NaN,NaN,NaN,NaN
7,NaN,NaN,NaN,NaN,NaN,NaN,NaN,NaN
8,NaN,NaN,NaN,NaN,NaN,NaN,NaN,NaN
9,NaN,NaN,NaN,NaN,NaN,NaN,NaN,NaN
10,NaN,NaN,NaN,NaN,NaN,NaN,NaN,NaN
11,NaN,NaN,NaN,NaN,NaN,NaN,NaN,NaN
1,NaN,NaN,NaN,NaN,NaN,NaN,NaN,NaN
2,NaN,NaN,NaN,NaN,NaN,NaN,NaN,NaN
3,NaN,NaN,NaN,NaN,NaN,NaN,NaN,NaN
4,NaN,NaN,NaN,NaN,NaN,NaN,NaN,NaN
5,NaN,NaN,NaN,NaN,NaN,NaN,NaN,NaN
6,NaN,NaN,NaN,NaN,NaN,NaN,NaN,NaN
7,NaN,NaN,NaN,NaN,NaN,NaN,NaN,NaN
8,NaN,NaN,NaN,NaN,NaN,NaN,NaN,NaN
9,NaN,NaN,NaN,NaN,NaN,NaN,NaN,NaN
10,NaN,NaN,NaN,NaN,NaN,NaN,NaN,NaN
11,NaN,NaN,NaN,NaN,NaN,NaN,NaN,NaN
1,NaN,NaN,NaN,NaN,NaN,NaN,NaN,NaN
2,NaN,NaN,NaN,NaN,NaN,NaN,NaN,NaN
3,NaN,NaN,NaN,NaN,NaN,NaN,NaN,NaN
4,NaN,NaN,NaN,NaN,NaN,NaN,NaN,NaN
5,NaN,NaN,NaN,NaN,NaN,NaN,NaN,NaN
6,NaN,NaN,NaN,NaN,NaN,NaN,NaN,NaN
7,NaN,NaN,NaN,NaN,NaN,NaN,NaN,NaN
8,NaN,NaN,NaN,NaN,NaN,NaN,NaN,NaN
9,NaN,NaN,NaN,NaN,NaN,NaN,NaN,NaN
10,NaN,NaN,NaN,NaN,NaN,NaN,NaN,NaN
11,NaN,NaN,NaN,NaN,NaN,NaN,NaN,NaN
1,NaN,NaN,NaN,NaN,NaN,NaN,NaN,NaN
2,NaN,NaN,NaN,NaN,NaN,NaN,NaN,NaN
3,NaN,NaN,NaN,NaN,NaN,NaN,NaN,NaN
4,NaN,NaN,NaN,NaN,NaN,NaN,NaN,NaN
5,NaN,NaN,NaN,NaN,NaN,NaN,NaN,NaN
6,NaN,NaN,NaN,NaN,NaN,NaN,NaN,NaN
7,NaN,NaN,NaN,NaN,NaN,NaN,NaN,NaN
8,NaN,NaN,NaN,NaN,NaN,NaN,NaN,NaN
9,NaN,NaN,NaN,NaN,NaN,NaN,NaN,NaN
10,NaN,NaN,NaN,NaN,NaN,NaN,NaN,NaN
11,NaN,NaN,NaN,NaN,NaN,NaN,NaN,NaN
1,NaN,NaN,NaN,NaN,NaN,NaN,NaN,NaN
2,NaN,NaN,NaN,NaN,NaN,NaN,NaN,NaN
3,NaN,NaN,NaN,NaN,NaN,NaN,NaN,NaN
4,NaN,NaN,NaN,NaN,NaN,NaN,NaN,NaN
5,NaN,NaN,NaN,NaN,NaN,NaN,NaN,NaN
6,NaN,NaN,NaN,NaN,NaN,NaN,NaN,NaN
7,NaN,NaN,NaN,NaN,NaN,NaN,NaN,NaN
8,NaN,NaN,NaN,NaN,NaN,NaN,NaN,NaN
9,NaN,NaN,NaN,NaN,NaN,NaN,NaN,NaN
10,NaN,NaN,NaN,NaN,NaN,NaN,NaN,NaN
11,NaN,NaN,NaN,NaN,NaN,NaN,NaN,NaN
1,NaN,NaN,NaN,NaN,NaN,NaN,NaN,NaN
2,NaN,NaN,NaN,NaN,NaN,NaN,NaN,NaN
3,NaN,NaN,NaN,NaN,NaN,NaN,NaN,NaN
4,NaN,NaN,NaN,NaN,NaN,NaN,NaN,NaN
5,NaN,NaN,NaN,NaN,NaN,NaN,NaN,NaN
6,NaN,NaN,NaN,NaN,NaN,NaN,NaN,NaN
7,NaN,NaN,NaN,NaN,NaN,NaN,NaN,NaN
8,NaN,NaN,NaN,NaN,NaN,NaN,NaN,NaN
9,NaN,NaN,NaN,NaN,NaN,NaN,NaN,NaN
10,NaN,NaN,NaN,NaN,NaN,NaN,NaN,NaN
11,NaN,NaN,NaN,NaN,NaN,NaN,NaN,NaN
1,NaN,NaN,NaN,NaN,NaN,NaN,NaN,NaN
2,NaN,NaN,NaN,NaN,NaN,NaN,NaN,NaN
3,NaN,NaN,NaN,NaN,NaN,NaN,NaN,NaN
4,NaN,NaN,NaN,NaN,NaN,NaN,NaN,NaN
5,NaN,NaN,NaN,NaN,NaN,NaN,NaN,NaN
6,NaN,NaN,NaN,NaN,NaN,NaN,NaN,NaN
7,NaN,NaN,NaN,NaN,NaN,NaN,NaN,NaN
8,NaN,NaN,NaN,NaN,NaN,NaN,NaN,NaN
9,NaN,NaN,NaN,NaN,NaN,NaN,NaN,NaN
10,NaN,NaN,NaN,NaN,NaN,NaN,NaN,NaN
11,NaN,NaN,NaN,NaN,NaN,NaN,NaN,NaN
1,NaN,NaN,NaN,NaN,NaN,NaN,NaN,NaN
2,NaN,NaN,NaN,NaN,NaN,NaN,NaN,NaN
3,NaN,NaN,NaN,NaN,NaN,NaN,NaN,NaN
4,NaN,NaN,NaN,NaN,NaN,NaN,NaN,NaN
5,NaN,NaN,NaN,NaN,NaN,NaN,NaN,NaN
6,NaN,NaN,NaN,NaN,NaN,NaN,NaN,NaN
7,NaN,NaN,NaN,NaN,NaN,NaN,NaN,NaN
8,NaN,NaN,NaN,NaN,NaN,NaN,NaN,NaN
9,NaN,NaN,NaN,NaN,NaN,NaN,NaN,NaN
10,NaN,NaN,NaN,NaN,NaN,NaN,NaN,NaN
11,NaN,NaN,NaN,NaN,NaN,NaN,NaN,NaN
1,NaN,NaN,NaN,NaN,NaN,NaN,NaN,NaN
2,NaN,NaN,NaN,NaN,NaN,NaN,NaN,NaN
3,NaN,NaN,NaN,NaN,NaN,NaN,NaN,NaN
4,NaN,NaN,NaN,NaN,NaN,NaN,NaN,NaN
5,NaN,NaN,NaN,NaN,NaN,NaN,NaN,NaN
6,NaN,NaN,NaN,NaN,NaN,NaN,NaN,NaN
7,NaN,NaN,NaN,NaN,NaN,NaN,NaN,NaN
8,NaN,NaN,NaN,NaN,NaN,NaN,NaN,NaN
9,NaN,NaN,NaN,NaN,NaN,NaN,NaN,NaN
10,NaN,NaN,NaN,NaN,NaN,NaN,NaN,NaN
11,NaN,NaN,NaN,NaN,NaN,NaN,NaN,NaN
1,NaN,NaN,NaN,NaN,NaN,NaN,NaN,NaN
2,NaN,NaN,NaN,NaN,NaN,NaN,NaN,NaN
3,NaN,NaN,NaN,NaN,NaN,NaN,NaN,NaN
4,NaN,NaN,NaN,NaN,NaN,NaN,NaN,NaN
5,NaN,NaN,NaN,NaN,NaN,NaN,NaN,NaN
6,NaN,NaN,NaN,NaN,NaN,NaN,NaN,NaN
7,NaN,NaN,NaN,NaN,NaN,NaN,NaN,NaN
8,NaN,NaN,NaN,NaN,NaN,NaN,NaN,NaN
9,NaN,NaN,NaN,NaN,NaN,NaN,NaN,NaN
10,NaN,NaN,NaN,NaN,NaN,NaN,NaN,NaN
11,NaN,NaN,NaN,NaN,NaN,NaN,NaN,NaN
1,NaN,NaN,NaN,NaN,NaN,NaN,NaN,NaN
2,NaN,NaN,NaN,NaN,NaN,NaN,NaN,NaN
3,NaN,NaN,NaN,NaN,NaN,NaN,NaN,NaN
4,NaN,NaN,NaN,NaN,NaN,NaN,NaN,NaN
5,NaN,NaN,NaN,NaN,NaN,NaN,NaN,NaN
6,NaN,NaN,NaN,NaN,NaN,NaN,NaN,NaN
7,NaN,NaN,NaN,NaN,NaN,NaN,NaN,NaN
8,NaN,NaN,NaN,NaN,NaN,NaN,NaN,NaN
9,NaN,NaN,NaN,NaN,NaN,NaN,NaN,NaN
10,NaN,NaN,NaN,NaN,NaN,NaN,NaN,NaN
11,NaN,NaN,NaN,NaN,NaN,NaN,NaN,NaN
1,NaN,NaN,NaN,NaN,NaN,NaN,NaN,NaN
2,NaN,NaN,NaN,NaN,NaN,NaN,NaN,NaN
3,NaN,NaN,NaN,NaN,NaN,NaN,NaN,NaN
4,NaN,NaN,NaN,NaN,NaN,NaN,NaN,NaN
5,NaN,NaN,NaN,NaN,NaN,NaN,NaN,NaN
6,NaN,NaN,NaN,NaN,NaN,NaN,NaN,NaN
7,NaN,NaN,NaN,NaN,NaN,NaN,NaN,NaN
8,NaN,NaN,NaN,NaN,NaN,NaN,NaN,NaN
9,NaN,NaN,NaN,NaN,NaN,NaN,NaN,NaN
10,NaN,NaN,NaN,NaN,NaN,NaN,NaN,NaN
11,NaN,NaN,NaN,NaN,NaN,NaN,NaN,NaN
1,NaN,NaN,NaN,NaN,NaN,NaN,NaN,NaN
2,NaN,NaN,NaN,NaN,NaN,NaN,NaN,NaN
3,NaN,NaN,NaN,NaN,NaN,NaN,NaN,NaN
4,NaN,NaN,NaN,NaN,NaN,NaN,NaN,NaN
5,NaN,NaN,NaN,NaN,NaN,NaN,NaN,NaN
6,NaN,NaN,NaN,NaN,NaN,NaN,NaN,NaN
7,NaN,NaN,NaN,NaN,NaN,NaN,NaN,NaN
8,NaN,NaN,NaN,NaN,NaN,NaN,NaN,NaN
9,NaN,NaN,NaN,NaN,NaN,NaN,NaN,NaN
10,NaN,NaN,NaN,NaN,NaN,NaN,NaN,NaN
11,NaN,NaN,NaN,NaN,NaN,NaN,NaN,NaN
1,NaN,NaN,NaN,NaN,NaN,NaN,NaN,NaN
2,NaN,NaN,NaN,NaN,NaN,NaN,NaN,NaN
3,NaN,NaN,NaN,NaN,NaN,NaN,NaN,NaN
4,NaN,NaN,NaN,NaN,NaN,NaN,NaN,NaN
5,NaN,NaN,NaN,NaN,NaN,NaN,NaN,NaN
6,NaN,NaN,NaN,NaN,NaN,NaN,NaN,NaN
7,NaN,NaN,NaN,NaN,NaN,NaN,NaN,NaN
8,NaN,NaN,NaN,NaN,NaN,NaN,NaN,NaN
9,NaN,NaN,NaN,NaN,NaN,NaN,NaN,NaN
10,NaN,NaN,NaN,NaN,NaN,NaN,NaN,NaN
11,NaN,NaN,NaN,NaN,NaN,NaN,NaN,NaN
1,NaN,NaN,NaN,NaN,NaN,NaN,NaN,NaN
2,NaN,NaN,NaN,NaN,NaN,NaN,NaN,NaN
3,NaN,NaN,NaN,NaN,NaN,NaN,NaN,NaN
4,NaN,NaN,NaN,NaN,NaN,NaN,NaN,NaN
5,NaN,NaN,NaN,NaN,NaN,NaN,NaN,NaN
6,NaN,NaN,NaN,NaN,NaN,NaN,NaN,NaN
7,NaN,NaN,NaN,NaN,NaN,NaN,NaN,NaN
8,NaN,NaN,NaN,NaN,NaN,NaN,NaN,NaN
9,NaN,NaN,NaN,NaN,NaN,NaN,NaN,NaN
10,NaN,NaN,NaN,NaN,NaN,NaN,NaN,NaN
11,NaN,NaN,NaN,NaN,NaN,NaN,NaN,NaN
1,NaN,NaN,NaN,NaN,NaN,NaN,NaN,NaN
2,NaN,NaN,NaN,NaN,NaN,NaN,NaN,NaN
3,NaN,NaN,NaN,NaN,NaN,NaN,NaN,NaN
4,NaN,NaN,NaN,NaN,NaN,NaN,NaN,NaN
5,NaN,NaN,NaN,NaN,NaN,NaN,NaN,NaN
6,NaN,NaN,NaN,NaN,NaN,NaN,NaN,NaN
7,NaN,NaN,NaN,NaN,NaN,NaN,NaN,NaN
8,NaN,NaN,NaN,NaN,NaN,NaN,NaN,NaN
9,NaN,NaN,NaN,NaN,NaN,NaN,NaN,NaN
10,NaN,NaN,NaN,NaN,NaN,NaN,NaN,NaN
11,NaN,NaN,NaN,NaN,NaN,NaN,NaN,NaN
1,NaN,NaN,NaN,NaN,NaN,NaN,NaN,NaN
2,NaN,NaN,NaN,NaN,NaN,NaN,NaN,NaN
3,NaN,NaN,NaN,NaN,NaN,NaN,NaN,NaN
4,NaN,NaN,NaN,NaN,NaN,NaN,NaN,NaN
5,NaN,NaN,NaN,NaN,NaN,NaN,NaN,NaN
6,NaN,NaN,NaN,NaN,NaN,NaN,NaN,NaN
7,NaN,NaN,NaN,NaN,NaN,NaN,NaN,NaN
8,NaN,NaN,NaN,NaN,NaN,NaN,NaN,NaN
9,NaN,NaN,NaN,NaN,NaN,NaN,NaN,NaN
10,NaN,NaN,NaN,NaN,NaN,NaN,NaN,NaN
11,NaN,NaN,NaN,NaN,NaN,NaN,NaN,NaN
1,NaN,NaN,NaN,NaN,NaN,NaN,NaN,NaN
2,NaN,NaN,NaN,NaN,NaN,NaN,NaN,NaN
3,NaN,NaN,NaN,NaN,NaN,NaN,NaN,NaN
4,NaN,NaN,NaN,NaN,NaN,NaN,NaN,NaN
5,NaN,NaN,NaN,NaN,NaN,NaN,NaN,NaN
6,NaN,NaN,NaN,NaN,NaN,NaN,NaN,NaN
7,NaN,NaN,NaN,NaN,NaN,NaN,NaN,NaN
8,NaN,NaN,NaN,NaN,NaN,NaN,NaN,NaN
9,NaN,NaN,NaN,NaN,NaN,NaN,NaN,NaN
10,NaN,NaN,NaN,NaN,NaN,NaN,NaN,NaN
11,NaN,NaN,NaN,NaN,NaN,NaN,NaN,NaN
1,NaN,NaN,NaN,NaN,NaN,NaN,NaN,NaN
2,NaN,NaN,NaN,NaN,NaN,NaN,NaN,NaN
3,NaN,NaN,NaN,NaN,NaN,NaN,NaN,NaN
4,NaN,NaN,NaN,NaN,NaN,NaN,NaN,NaN
5,NaN,NaN,NaN,NaN,NaN,NaN,NaN,NaN
6,NaN,NaN,NaN,NaN,NaN,NaN,NaN,NaN
7,NaN,NaN,NaN,NaN,NaN,NaN,NaN,NaN
8,NaN,NaN,NaN,NaN,NaN,NaN,NaN,NaN
9,NaN,NaN,NaN,NaN,NaN,NaN,NaN,NaN
10,NaN,NaN,NaN,NaN,NaN,NaN,NaN,NaN
11,NaN,NaN,NaN,NaN,NaN,NaN,NaN,NaN
1,NaN,NaN,NaN,NaN,NaN,NaN,NaN,NaN
2,NaN,NaN,NaN,NaN,NaN,NaN,NaN,NaN
3,NaN,NaN,NaN,NaN,NaN,NaN,NaN,NaN
4,NaN,NaN,NaN,NaN,NaN,NaN,NaN,NaN
5,NaN,NaN,NaN,NaN,NaN,NaN,NaN,NaN
6,NaN,NaN,NaN,NaN,NaN,NaN,NaN,NaN
7,NaN,NaN,NaN,NaN,NaN,NaN,NaN,NaN
8,NaN,NaN,NaN,NaN,NaN,NaN,NaN,NaN
9,NaN,NaN,NaN,NaN,NaN,NaN,NaN,NaN
10,NaN,NaN,NaN,NaN,NaN,NaN,NaN,NaN
11,NaN,NaN,NaN,NaN,NaN,NaN,NaN,NaN
1,NaN,NaN,NaN,NaN,NaN,NaN,NaN,NaN
2,NaN,NaN,NaN,NaN,NaN,NaN,NaN,NaN
3,NaN,NaN,NaN,NaN,NaN,NaN,NaN,NaN
4,NaN,NaN,NaN,NaN,NaN,NaN,NaN,NaN
5,NaN,NaN,NaN,NaN,NaN,NaN,NaN,NaN
6,NaN,NaN,NaN,NaN,NaN,NaN,NaN,NaN
7,NaN,NaN,NaN,NaN,NaN,NaN,NaN,NaN
8,NaN,NaN,NaN,NaN,NaN,NaN,NaN,NaN
9,NaN,NaN,NaN,NaN,NaN,NaN,NaN,NaN
10,NaN,NaN,NaN,NaN,NaN,NaN,NaN,NaN
11,NaN,NaN,NaN,NaN,NaN,NaN,NaN,NaN
1,NaN,NaN,NaN,NaN,NaN,NaN,NaN,NaN
2,NaN,NaN,NaN,NaN,NaN,NaN,NaN,NaN
3,NaN,NaN,NaN,NaN,NaN,NaN,NaN,NaN
4,NaN,NaN,NaN,NaN,NaN,NaN,NaN,NaN
5,NaN,NaN,NaN,NaN,NaN,NaN,NaN,NaN
6,NaN,NaN,NaN,NaN,NaN,NaN,NaN,NaN
7,NaN,NaN,NaN,NaN,NaN,NaN,NaN,NaN
8,NaN,NaN,NaN,NaN,NaN,NaN,NaN,NaN
9,NaN,NaN,NaN,NaN,NaN,NaN,NaN,NaN
10,NaN,NaN,NaN,NaN,NaN,NaN,NaN,NaN
11,NaN,NaN,NaN,NaN,NaN,NaN,NaN,NaN
1,NaN,NaN,NaN,NaN,NaN,NaN,NaN,NaN
2,NaN,NaN,NaN,NaN,NaN,NaN,NaN,NaN
3,NaN,NaN,NaN,NaN,NaN,NaN,NaN,NaN
4,NaN,NaN,NaN,NaN,NaN,NaN,NaN,NaN
5,NaN,NaN,NaN,NaN,NaN,NaN,NaN,NaN
6,NaN,NaN,NaN,NaN,NaN,NaN,NaN,NaN
7,NaN,NaN,NaN,NaN,NaN,NaN,NaN,NaN
8,NaN,NaN,NaN,NaN,NaN,NaN,NaN,NaN
9,NaN,NaN,NaN,NaN,NaN,NaN,NaN,NaN
10,NaN,NaN,NaN,NaN,NaN,NaN,NaN,NaN
11,NaN,NaN,NaN,NaN,NaN,NaN,NaN,NaN
1,NaN,NaN,NaN,NaN,NaN,NaN,NaN,NaN
2,NaN,NaN,NaN,NaN,NaN,NaN,NaN,NaN
3,NaN,NaN,NaN,NaN,NaN,NaN,NaN,NaN
4,NaN,NaN,NaN,NaN,NaN,NaN,NaN,NaN
5,NaN,NaN,NaN,NaN,NaN,NaN,NaN,NaN
6,NaN,NaN,NaN,NaN,NaN,NaN,NaN,NaN
7,NaN,NaN,NaN,NaN,NaN,NaN,NaN,NaN
8,NaN,NaN,NaN,NaN,NaN,NaN,NaN,NaN
9,NaN,NaN,NaN,NaN,NaN,NaN,NaN,NaN
10,NaN,NaN,NaN,NaN,NaN,NaN,NaN,NaN
11,NaN,NaN,NaN,NaN,NaN,NaN,NaN,NaN
1,NaN,NaN,NaN,NaN,NaN,NaN,NaN,NaN
2,NaN,NaN,NaN,NaN,NaN,NaN,NaN,NaN
3,NaN,NaN,NaN,NaN,NaN,NaN,NaN,NaN
4,NaN,NaN,NaN,NaN,NaN,NaN,NaN,NaN
5,NaN,NaN,NaN,NaN,NaN,NaN,NaN,NaN
6,NaN,NaN,NaN,NaN,NaN,NaN,NaN,NaN
7,NaN,NaN,NaN,NaN,NaN,NaN,NaN,NaN
8,NaN,NaN,NaN,NaN,NaN,NaN,NaN,NaN
9,NaN,NaN,NaN,NaN,NaN,NaN,NaN,NaN
10,NaN,NaN,NaN,NaN,NaN,NaN,NaN,NaN
11,NaN,NaN,NaN,NaN,NaN,NaN,NaN,NaN
1,NaN,NaN,NaN,NaN,NaN,NaN,NaN,NaN
2,NaN,NaN,NaN,NaN,NaN,NaN,NaN,NaN
3,NaN,NaN,NaN,NaN,NaN,NaN,NaN,NaN
4,NaN,NaN,NaN,NaN,NaN,NaN,NaN,NaN
5,NaN,NaN,NaN,NaN,NaN,NaN,NaN,NaN
6,NaN,NaN,NaN,NaN,NaN,NaN,NaN,NaN
7,NaN,NaN,NaN,NaN,NaN,NaN,NaN,NaN
8,NaN,NaN,NaN,NaN,NaN,NaN,NaN,NaN
9,NaN,NaN,NaN,NaN,NaN,NaN,NaN,NaN
10,NaN,NaN,NaN,NaN,NaN,NaN,NaN,NaN
11,NaN,NaN,NaN,NaN,NaN,NaN,NaN,NaN
1,NaN,NaN,NaN,NaN,NaN,NaN,NaN,NaN
2,NaN,NaN,NaN,NaN,NaN,NaN,NaN,NaN
3,NaN,NaN,NaN,NaN,NaN,NaN,NaN,NaN
4,NaN,NaN,NaN,NaN,NaN,NaN,NaN,NaN
5,NaN,NaN,NaN,NaN,NaN,NaN,NaN,NaN
6,NaN,NaN,NaN,NaN,NaN,NaN,NaN,NaN
7,NaN,NaN,NaN,NaN,NaN,NaN,NaN,NaN
8,NaN,NaN,NaN,NaN,NaN,NaN,NaN,NaN
9,NaN,NaN,NaN,NaN,NaN,NaN,NaN,NaN
10,NaN,NaN,NaN,NaN,NaN,NaN,NaN,NaN
11,NaN,NaN,NaN,NaN,NaN,NaN,NaN,NaN
1,NaN,NaN,NaN,NaN,NaN,NaN,NaN,NaN
2,NaN,NaN,NaN,NaN,NaN,NaN,NaN,NaN
3,NaN,NaN,NaN,NaN,NaN,NaN,NaN,NaN
4,NaN,NaN,NaN,NaN,NaN,NaN,NaN,NaN
5,NaN,NaN,NaN,NaN,NaN,NaN,NaN,NaN
6,NaN,NaN,NaN,NaN,NaN,NaN,NaN,NaN
7,NaN,NaN,NaN,NaN,NaN,NaN,NaN,NaN
8,NaN,NaN,NaN,NaN,NaN,NaN,NaN,NaN
9,NaN,NaN,NaN,NaN,NaN,NaN,NaN,NaN
10,NaN,NaN,NaN,NaN,NaN,NaN,NaN,NaN
11,NaN,NaN,NaN,NaN,NaN,NaN,NaN,NaN
1,NaN,NaN,NaN,NaN,NaN,NaN,NaN,NaN
2,NaN,NaN,NaN,NaN,NaN,NaN,NaN,NaN
3,NaN,NaN,NaN,NaN,NaN,NaN,NaN,NaN
4,NaN,NaN,NaN,NaN,NaN,NaN,NaN,NaN
5,NaN,NaN,NaN,NaN,NaN,NaN,NaN,NaN
6,NaN,NaN,NaN,NaN,NaN,NaN,NaN,NaN
7,NaN,NaN,NaN,NaN,NaN,NaN,NaN,NaN
8,NaN,NaN,NaN,NaN,NaN,NaN,NaN,NaN
9,NaN,NaN,NaN,NaN,NaN,NaN,NaN,NaN
10,NaN,NaN,NaN,NaN,NaN,NaN,NaN,NaN
11,NaN,NaN,NaN,NaN,NaN,NaN,NaN,NaN
1,NaN,NaN,NaN,NaN,NaN,NaN,NaN,NaN
2,NaN,NaN,NaN,NaN,NaN,NaN,NaN,NaN
3,NaN,NaN,NaN,NaN,NaN,NaN,NaN,NaN
4,NaN,NaN,NaN,NaN,NaN,NaN,NaN,NaN
5,NaN,NaN,NaN,NaN,NaN,NaN,NaN,NaN
6,NaN,NaN,NaN,NaN,NaN,NaN,NaN,NaN
7,NaN,NaN,NaN,NaN,NaN,NaN,NaN,NaN
8,NaN,NaN,NaN,NaN,NaN,NaN,NaN,NaN
9,NaN,NaN,NaN,NaN,NaN,NaN,NaN,NaN
10,NaN,NaN,NaN,NaN,NaN,NaN,NaN,NaN
11,NaN,NaN,NaN,NaN,NaN,NaN,NaN,NaN
1,NaN,NaN,NaN,NaN,NaN,NaN,NaN,NaN
2,NaN,NaN,NaN,NaN,NaN,NaN,NaN,NaN
3,NaN,NaN,NaN,NaN,NaN,NaN,NaN,NaN
4,NaN,NaN,NaN,NaN,NaN,NaN,NaN,NaN
5,NaN,NaN,NaN,NaN,NaN,NaN,NaN,NaN
6,NaN,NaN,NaN,NaN,NaN,NaN,NaN,NaN
7,NaN,NaN,NaN,NaN,NaN,NaN,NaN,NaN
8,NaN,NaN,NaN,NaN,NaN,NaN,NaN,NaN
9,NaN,NaN,NaN,NaN,NaN,NaN,NaN,NaN
10,NaN,NaN,NaN,NaN,NaN,NaN,NaN,NaN
11,NaN,NaN,NaN,NaN,NaN,NaN,NaN,NaN
1,NaN,NaN,NaN,NaN,NaN,NaN,NaN,NaN
2,NaN,NaN,NaN,NaN,NaN,NaN,NaN,NaN
3,NaN,NaN,NaN,NaN,NaN,NaN,NaN,NaN
4,NaN,NaN,NaN,NaN,NaN,NaN,NaN,NaN
5,NaN,NaN,NaN,NaN,NaN,NaN,NaN,NaN
6,NaN,NaN,NaN,NaN,NaN,NaN,NaN,NaN
7,NaN,NaN,NaN,NaN,NaN,NaN,NaN,NaN
8,NaN,NaN,NaN,NaN,NaN,NaN,NaN,NaN
9,NaN,NaN,NaN,NaN,NaN,NaN,NaN,NaN
10,NaN,NaN,NaN,NaN,NaN,NaN,NaN,NaN
11,NaN,NaN,NaN,NaN,NaN,NaN,NaN,NaN
1,NaN,NaN,NaN,NaN,NaN,NaN,NaN,NaN
2,NaN,NaN,NaN,NaN,NaN,NaN,NaN,NaN
3,NaN,NaN,NaN,NaN,NaN,NaN,NaN,NaN
4,NaN,NaN,NaN,NaN,NaN,NaN,NaN,NaN
5,NaN,NaN,NaN,NaN,NaN,NaN,NaN,NaN
6,NaN,NaN,NaN,NaN,NaN,NaN,NaN,NaN
7,NaN,NaN,NaN,NaN,NaN,NaN,NaN,NaN
8,NaN,NaN,NaN,NaN,NaN,NaN,NaN,NaN
9,NaN,NaN,NaN,NaN,NaN,NaN,NaN,NaN
10,NaN,NaN,NaN,NaN,NaN,NaN,NaN,NaN
11,NaN,NaN,NaN,NaN,NaN,NaN,NaN,NaN
1,NaN,NaN,NaN,NaN,NaN,NaN,NaN,NaN
2,NaN,NaN,NaN,NaN,NaN,NaN,NaN,NaN
3,NaN,NaN,NaN,NaN,NaN,NaN,NaN,NaN
4,NaN,NaN,NaN,NaN,NaN,NaN,NaN,NaN
5,NaN,NaN,NaN,NaN,NaN,NaN,NaN,NaN
6,NaN,NaN,NaN,NaN,NaN,NaN,NaN,NaN
7,NaN,NaN,NaN,NaN,NaN,NaN,NaN,NaN
8,NaN,NaN,NaN,NaN,NaN,NaN,NaN,NaN
9,NaN,NaN,NaN,NaN,NaN,NaN,NaN,NaN
10,NaN,NaN,NaN,NaN,NaN,NaN,NaN,NaN
11,NaN,NaN,NaN,NaN,NaN,NaN,NaN,NaN
1,NaN,NaN,NaN,NaN,NaN,NaN,NaN,NaN
2,NaN,NaN,NaN,NaN,NaN,NaN,NaN,NaN
3,NaN,NaN,NaN,NaN,NaN,NaN,NaN,NaN
4,NaN,NaN,NaN,NaN,NaN,NaN,NaN,NaN
5,NaN,NaN,NaN,NaN,NaN,NaN,NaN,NaN
6,NaN,NaN,NaN,NaN,NaN,NaN,NaN,NaN
7,NaN,NaN,NaN,NaN,NaN,NaN,NaN,NaN
8,NaN,NaN,NaN,NaN,NaN,NaN,NaN,NaN
9,NaN,NaN,NaN,NaN,NaN,NaN,NaN,NaN
10,NaN,NaN,NaN,NaN,NaN,NaN,NaN,NaN
11,NaN,NaN,NaN,NaN,NaN,NaN,NaN,NaN
1,NaN,NaN,NaN,NaN,NaN,NaN,NaN,NaN
2,NaN,NaN,NaN,NaN,NaN,NaN,NaN,NaN
3,NaN,NaN,NaN,NaN,NaN,NaN,NaN,NaN
4,NaN,NaN,NaN,NaN,NaN,NaN,NaN,NaN
5,NaN,NaN,NaN,NaN,NaN,NaN,NaN,NaN
6,NaN,NaN,NaN,NaN,NaN,NaN,NaN,NaN
7,NaN,NaN,NaN,NaN,NaN,NaN,NaN,NaN
8,NaN,NaN,NaN,NaN,NaN,NaN,NaN,NaN
9,NaN,NaN,NaN,NaN,NaN,NaN,NaN,NaN
10,NaN,NaN,NaN,NaN,NaN,NaN,NaN,NaN
11,NaN,NaN,NaN,NaN,NaN,NaN,NaN,NaN
1,NaN,NaN,NaN,NaN,NaN,NaN,NaN,NaN
2,NaN,NaN,NaN,NaN,NaN,NaN,NaN,NaN
3,NaN,NaN,NaN,NaN,NaN,NaN,NaN,NaN
4,NaN,NaN,NaN,NaN,NaN,NaN,NaN,NaN
5,NaN,NaN,NaN,NaN,NaN,NaN,NaN,NaN
6,NaN,NaN,NaN,NaN,NaN,NaN,NaN,NaN
7,NaN,NaN,NaN,NaN,NaN,NaN,NaN,NaN
8,NaN,NaN,NaN,NaN,NaN,NaN,NaN,NaN
9,NaN,NaN,NaN,NaN,NaN,NaN,NaN,NaN
10,NaN,NaN,NaN,NaN,NaN,NaN,NaN,NaN
11,NaN,NaN,NaN,NaN,NaN,NaN,NaN,NaN
1,NaN,NaN,NaN,NaN,NaN,NaN,NaN,NaN
2,NaN,NaN,NaN,NaN,NaN,NaN,NaN,NaN
3,NaN,NaN,NaN,NaN,NaN,NaN,NaN,NaN
4,NaN,NaN,NaN,NaN,NaN,NaN,NaN,NaN
5,NaN,NaN,NaN,NaN,NaN,NaN,NaN,NaN
6,NaN,NaN,NaN,NaN,NaN,NaN,NaN,NaN
7,NaN,NaN,NaN,NaN,NaN,NaN,NaN,NaN
8,NaN,NaN,NaN,NaN,NaN,NaN,NaN,NaN
9,NaN,NaN,NaN,NaN,NaN,NaN,NaN,NaN
10,NaN,NaN,NaN,NaN,NaN,NaN,NaN,NaN
11,NaN,NaN,NaN,NaN,NaN,NaN,NaN,NaN
1,NaN,NaN,NaN,NaN,NaN,NaN,NaN,NaN
2,NaN,NaN,NaN,NaN,NaN,NaN,NaN,NaN
3,NaN,NaN,NaN,NaN,NaN,NaN,NaN,NaN
4,NaN,NaN,NaN,NaN,NaN,NaN,NaN,NaN
5,NaN,NaN,NaN,NaN,NaN,NaN,NaN,NaN
6,NaN,NaN,NaN,NaN,NaN,NaN,NaN,NaN
7,NaN,NaN,NaN,NaN,NaN,NaN,NaN,NaN
8,NaN,NaN,NaN,NaN,NaN,NaN,NaN,NaN
9,NaN,NaN,NaN,NaN,NaN,NaN,NaN,NaN
10,NaN,NaN,NaN,NaN,NaN,NaN,NaN,NaN
11,NaN,NaN,NaN,NaN,NaN,NaN,NaN,NaN
1,NaN,NaN,NaN,NaN,NaN,NaN,NaN,NaN
2,NaN,NaN,NaN,NaN,NaN,NaN,NaN,NaN
3,NaN,NaN,NaN,NaN,NaN,NaN,NaN,NaN
4,NaN,NaN,NaN,NaN,NaN,NaN,NaN,NaN
5,NaN,NaN,NaN,NaN,NaN,NaN,NaN,NaN
6,NaN,NaN,NaN,NaN,NaN,NaN,NaN,NaN
7,NaN,NaN,NaN,NaN,NaN,NaN,NaN,NaN
8,NaN,NaN,NaN,NaN,NaN,NaN,NaN,NaN
9,NaN,NaN,NaN,NaN,NaN,NaN,NaN,NaN
10,NaN,NaN,NaN,NaN,NaN,NaN,NaN,NaN
11,NaN,NaN,NaN,NaN,NaN,NaN,NaN,NaN
1,NaN,NaN,NaN,NaN,NaN,NaN,NaN,NaN
2,NaN,NaN,NaN,NaN,NaN,NaN,NaN,NaN
3,NaN,NaN,NaN,NaN,NaN,NaN,NaN,NaN
4,NaN,NaN,NaN,NaN,NaN,NaN,NaN,NaN
5,NaN,NaN,NaN,NaN,NaN,NaN,NaN,NaN
6,NaN,NaN,NaN,NaN,NaN,NaN,NaN,NaN
7,NaN,NaN,NaN,NaN,NaN,NaN,NaN,NaN
8,NaN,NaN,NaN,NaN,NaN,NaN,NaN,NaN
9,NaN,NaN,NaN,NaN,NaN,NaN,NaN,NaN
10,NaN,NaN,NaN,NaN,NaN,NaN,NaN,NaN
11,NaN,NaN,NaN,NaN,NaN,NaN,NaN,NaN
1,NaN,NaN,NaN,NaN,NaN,NaN,NaN,NaN
2,NaN,NaN,NaN,NaN,NaN,NaN,NaN,NaN
3,NaN,NaN,NaN,NaN,NaN,NaN,NaN,NaN
4,NaN,NaN,NaN,NaN,NaN,NaN,NaN,NaN
5,NaN,NaN,NaN,NaN,NaN,NaN,NaN,NaN
6,NaN,NaN,NaN,NaN,NaN,NaN,NaN,NaN
7,NaN,NaN,NaN,NaN,NaN,NaN,NaN,NaN
8,NaN,NaN,NaN,NaN,NaN,NaN,NaN,NaN
9,NaN,NaN,NaN,NaN,NaN,NaN,NaN,NaN
10,NaN,NaN,NaN,NaN,NaN,NaN,NaN,NaN
11,NaN,NaN,NaN,NaN,NaN,NaN,NaN,NaN
1,NaN,NaN,NaN,NaN,NaN,NaN,NaN,NaN
2,NaN,NaN,NaN,NaN,NaN,NaN,NaN,NaN
3,NaN,NaN,NaN,NaN,NaN,NaN,NaN,NaN
4,NaN,NaN,NaN,NaN,NaN,NaN,NaN,NaN
5,NaN,NaN,NaN,NaN,NaN,NaN,NaN,NaN
6,NaN,NaN,NaN,NaN,NaN,NaN,NaN,NaN
7,NaN,NaN,NaN,NaN,NaN,NaN,NaN,NaN
8,NaN,NaN,NaN,NaN,NaN,NaN,NaN,NaN
9,NaN,NaN,NaN,NaN,NaN,NaN,NaN,NaN
10,NaN,NaN,NaN,NaN,NaN,NaN,NaN,NaN
11,NaN,NaN,NaN,NaN,NaN,NaN,NaN,NaN
1,NaN,NaN,NaN,NaN,NaN,NaN,NaN,NaN
2,NaN,NaN,NaN,NaN,NaN,NaN,NaN,NaN
3,NaN,NaN,NaN,NaN,NaN,NaN,NaN,NaN
4,NaN,NaN,NaN,NaN,NaN,NaN,NaN,NaN
5,NaN,NaN,NaN,NaN,NaN,NaN,NaN,NaN
6,NaN,NaN,NaN,NaN,NaN,NaN,NaN,NaN
7,NaN,NaN,NaN,NaN,NaN,NaN,NaN,NaN
8,NaN,NaN,NaN,NaN,NaN,NaN,NaN,NaN
9,NaN,NaN,NaN,NaN,NaN,NaN,NaN,NaN
10,NaN,NaN,NaN,NaN,NaN,NaN,NaN,NaN
11,NaN,NaN,NaN,NaN,NaN,NaN,NaN,NaN
1,NaN,NaN,NaN,NaN,NaN,NaN,NaN,NaN
2,NaN,NaN,NaN,NaN,NaN,NaN,NaN,NaN
3,NaN,NaN,NaN,NaN,NaN,NaN,NaN,NaN
4,NaN,NaN,NaN,NaN,NaN,NaN,NaN,NaN
5,NaN,NaN,NaN,NaN,NaN,NaN,NaN,NaN
6,NaN,NaN,NaN,NaN,NaN,NaN,NaN,NaN
7,NaN,NaN,NaN,NaN,NaN,NaN,NaN,NaN
8,NaN,NaN,NaN,NaN,NaN,NaN,NaN,NaN
9,NaN,NaN,NaN,NaN,NaN,NaN,NaN,NaN
10,NaN,NaN,NaN,NaN,NaN,NaN,NaN,NaN
11,NaN,NaN,NaN,NaN,NaN,NaN,NaN,NaN
1,NaN,NaN,NaN,NaN,NaN,NaN,NaN,NaN
2,NaN,NaN,NaN,NaN,NaN,NaN,NaN,NaN
3,NaN,NaN,NaN,NaN,NaN,NaN,NaN,NaN
4,NaN,NaN,NaN,NaN,NaN,NaN,NaN,NaN
5,NaN,NaN,NaN,NaN,NaN,NaN,NaN,NaN
6,NaN,NaN,NaN,NaN,NaN,NaN,NaN,NaN
7,NaN,NaN,NaN,NaN,NaN,NaN,NaN,NaN
8,NaN,NaN,NaN,NaN,NaN,NaN,NaN,NaN
9,NaN,NaN,NaN,NaN,NaN,NaN,NaN,NaN
10,NaN,NaN,NaN,NaN,NaN,NaN,NaN,NaN
11,NaN,NaN,NaN,NaN,NaN,NaN,NaN,NaN
1,NaN,NaN,NaN,NaN,NaN,NaN,NaN,NaN
2,NaN,NaN,NaN,NaN,NaN,NaN,NaN,NaN
3,NaN,NaN,NaN,NaN,NaN,NaN,NaN,NaN
4,NaN,NaN,NaN,NaN,NaN,NaN,NaN,NaN
5,NaN,NaN,NaN,NaN,NaN,NaN,NaN,NaN
6,NaN,NaN,NaN,NaN,NaN,NaN,NaN,NaN
7,NaN,NaN,NaN,NaN,NaN,NaN,NaN,NaN
8,NaN,NaN,NaN,NaN,NaN,NaN,NaN,NaN
9,NaN,NaN,NaN,NaN,NaN,NaN,NaN,NaN
10,NaN,NaN,NaN,NaN,NaN,NaN,NaN,NaN
11,NaN,NaN,NaN,NaN,NaN,NaN,NaN,NaN
1,NaN,NaN,NaN,NaN,NaN,NaN,NaN,NaN
2,NaN,NaN,NaN,NaN,NaN,NaN,NaN,NaN
3,NaN,NaN,NaN,NaN,NaN,NaN,NaN,NaN
4,NaN,NaN,NaN,NaN,NaN,NaN,NaN,NaN
5,NaN,NaN,NaN,NaN,NaN,NaN,NaN,NaN
6,NaN,NaN,NaN,NaN,NaN,NaN,NaN,NaN
7,NaN,NaN,NaN,NaN,NaN,NaN,NaN,NaN
8,NaN,NaN,NaN,NaN,NaN,NaN,NaN,NaN
9,NaN,NaN,NaN,NaN,NaN,NaN,NaN,NaN
10,NaN,NaN,NaN,NaN,NaN,NaN,NaN,NaN
11,NaN,NaN,NaN,NaN,NaN,NaN,NaN,NaN
1,NaN,NaN,NaN,NaN,NaN,NaN,NaN,NaN
2,NaN,NaN,NaN,NaN,NaN,NaN,NaN,NaN
3,NaN,NaN,NaN,NaN,NaN,NaN,NaN,NaN
4,NaN,NaN,NaN,NaN,NaN,NaN,NaN,NaN
5,NaN,NaN,NaN,NaN,NaN,NaN,NaN,NaN
6,NaN,NaN,NaN,NaN,NaN,NaN,NaN,NaN
7,NaN,NaN,NaN,NaN,NaN,NaN,NaN,NaN
8,NaN,NaN,NaN,NaN,NaN,NaN,NaN,NaN
9,NaN,NaN,NaN,NaN,NaN,NaN,NaN,NaN
10,NaN,NaN,NaN,NaN,NaN,NaN,NaN,NaN
11,NaN,NaN,NaN,NaN,NaN,NaN,NaN,NaN
1,NaN,NaN,NaN,NaN,NaN,NaN,NaN,NaN
2,NaN,NaN,NaN,NaN,NaN,NaN,NaN,NaN
3,NaN,NaN,NaN,NaN,NaN,NaN,NaN,NaN
4,NaN,NaN,NaN,NaN,NaN,NaN,NaN,NaN
5,NaN,NaN,NaN,NaN,NaN,NaN,NaN,NaN
6,NaN,NaN,NaN,NaN,NaN,NaN,NaN,NaN
7,NaN,NaN,NaN,NaN,NaN,NaN,NaN,NaN
8,NaN,NaN,NaN,NaN,NaN,NaN,NaN,NaN
9,NaN,NaN,NaN,NaN,NaN,NaN,NaN,NaN
10,NaN,NaN,NaN,NaN,NaN,NaN,NaN,NaN
11,NaN,NaN,NaN,NaN,NaN,NaN,NaN,NaN
1,NaN,NaN,NaN,NaN,NaN,NaN,NaN,NaN
2,NaN,NaN,NaN,NaN,NaN,NaN,NaN,NaN
3,NaN,NaN,NaN,NaN,NaN,NaN,NaN,NaN
4,NaN,NaN,NaN,NaN,NaN,NaN,NaN,NaN
5,NaN,NaN,NaN,NaN,NaN,NaN,NaN,NaN
6,NaN,NaN,NaN,NaN,NaN,NaN,NaN,NaN
7,NaN,NaN,NaN,NaN,NaN,NaN,NaN,NaN
8,NaN,NaN,NaN,NaN,NaN,NaN,NaN,NaN
9,NaN,NaN,NaN,NaN,NaN,NaN,NaN,NaN
10,NaN,NaN,NaN,NaN,NaN,NaN,NaN,NaN
11,NaN,NaN,NaN,NaN,NaN,NaN,NaN,NaN
1,NaN,NaN,NaN,NaN,NaN,NaN,NaN,NaN
2,NaN,NaN,NaN,NaN,NaN,NaN,NaN,NaN
3,NaN,NaN,NaN,NaN,NaN,NaN,NaN,NaN
4,NaN,NaN,NaN,NaN,NaN,NaN,NaN,NaN
5,NaN,NaN,NaN,NaN,NaN,NaN,NaN,NaN
6,NaN,NaN,NaN,NaN,NaN,NaN,NaN,NaN
7,NaN,NaN,NaN,NaN,NaN,NaN,NaN,NaN
8,NaN,NaN,NaN,NaN,NaN,NaN,NaN,NaN
9,NaN,NaN,NaN,NaN,NaN,NaN,NaN,NaN
10,NaN,NaN,NaN,NaN,NaN,NaN,NaN,NaN
11,NaN,NaN,NaN,NaN,NaN,NaN,NaN,NaN
1,NaN,NaN,NaN,NaN,NaN,NaN,NaN,NaN
2,NaN,NaN,NaN,NaN,NaN,NaN,NaN,NaN
3,NaN,NaN,NaN,NaN,NaN,NaN,NaN,NaN
4,NaN,NaN,NaN,NaN,NaN,NaN,NaN,NaN
5,NaN,NaN,NaN,NaN,NaN,NaN,NaN,NaN
6,NaN,NaN,NaN,NaN,NaN,NaN,NaN,NaN
7,NaN,NaN,NaN,NaN,NaN,NaN,NaN,NaN
8,NaN,NaN,NaN,NaN,NaN,NaN,NaN,NaN
9,NaN,NaN,NaN,NaN,NaN,NaN,NaN,NaN
10,NaN,NaN,NaN,NaN,NaN,NaN,NaN,NaN
11,NaN,NaN,NaN,NaN,NaN,NaN,NaN,NaN
1,NaN,NaN,NaN,NaN,NaN,NaN,NaN,NaN
2,NaN,NaN,NaN,NaN,NaN,NaN,NaN,NaN
3,NaN,NaN,NaN,NaN,NaN,NaN,NaN,NaN
4,NaN,NaN,NaN,NaN,NaN,NaN,NaN,NaN
5,NaN,NaN,NaN,NaN,NaN,NaN,NaN,NaN
6,NaN,NaN,NaN,NaN,NaN,NaN,NaN,NaN
7,NaN,NaN,NaN,NaN,NaN,NaN,NaN,NaN
8,NaN,NaN,NaN,NaN,NaN,NaN,NaN,NaN
9,NaN,NaN,NaN,NaN,NaN,NaN,NaN,NaN
10,NaN,NaN,NaN,NaN,NaN,NaN,NaN,NaN
11,NaN,NaN,NaN,NaN,NaN,NaN,NaN,NaN
1,NaN,NaN,NaN,NaN,NaN,NaN,NaN,NaN
2,NaN,NaN,NaN,NaN,NaN,NaN,NaN,NaN
3,NaN,NaN,NaN,NaN,NaN,NaN,NaN,NaN
4,NaN,NaN,NaN,NaN,NaN,NaN,NaN,NaN
5,NaN,NaN,NaN,NaN,NaN,NaN,NaN,NaN
6,NaN,NaN,NaN,NaN,NaN,NaN,NaN,NaN
7,NaN,NaN,NaN,NaN,NaN,NaN,NaN,NaN
8,NaN,NaN,NaN,NaN,NaN,NaN,NaN,NaN
9,NaN,NaN,NaN,NaN,NaN,NaN,NaN,NaN
10,NaN,NaN,NaN,NaN,NaN,NaN,NaN,NaN
11,NaN,NaN,NaN,NaN,NaN,NaN,NaN,NaN
1,NaN,NaN,NaN,NaN,NaN,NaN,NaN,NaN
2,NaN,NaN,NaN,NaN,NaN,NaN,NaN,NaN
3,NaN,NaN,NaN,NaN,NaN,NaN,NaN,NaN
4,NaN,NaN,NaN,NaN,NaN,NaN,NaN,NaN
5,NaN,NaN,NaN,NaN,NaN,NaN,NaN,NaN
6,NaN,NaN,NaN,NaN,NaN,NaN,NaN,NaN
7,NaN,NaN,NaN,NaN,NaN,NaN,NaN,NaN
8,NaN,NaN,NaN,NaN,NaN,NaN,NaN,NaN
9,NaN,NaN,NaN,NaN,NaN,NaN,NaN,NaN
10,NaN,NaN,NaN,NaN,NaN,NaN,NaN,NaN
11,NaN,NaN,NaN,NaN,NaN,NaN,NaN,NaN
1,NaN,NaN,NaN,NaN,NaN,NaN,NaN,NaN
2,NaN,NaN,NaN,NaN,NaN,NaN,NaN,NaN
3,NaN,NaN,NaN,NaN,NaN,NaN,NaN,NaN
4,NaN,NaN,NaN,NaN,NaN,NaN,NaN,NaN
5,NaN,NaN,NaN,NaN,NaN,NaN,NaN,NaN
6,NaN,NaN,NaN,NaN,NaN,NaN,NaN,NaN
7,NaN,NaN,NaN,NaN,NaN,NaN,NaN,NaN
8,NaN,NaN,NaN,NaN,NaN,NaN,NaN,NaN
9,NaN,NaN,NaN,NaN,NaN,NaN,NaN,NaN
10,NaN,NaN,NaN,NaN,NaN,NaN,NaN,NaN
11,NaN,NaN,NaN,NaN,NaN,NaN,NaN,NaN
1,NaN,NaN,NaN,NaN,NaN,NaN,NaN,NaN
2,NaN,NaN,NaN,NaN,NaN,NaN,NaN,NaN
3,NaN,NaN,NaN,NaN,NaN,NaN,NaN,NaN
4,NaN,NaN,NaN,NaN,NaN,NaN,NaN,NaN
5,NaN,NaN,NaN,NaN,NaN,NaN,NaN,NaN
6,NaN,NaN,NaN,NaN,NaN,NaN,NaN,NaN
7,NaN,NaN,NaN,NaN,NaN,NaN,NaN,NaN
8,NaN,NaN,NaN,NaN,NaN,NaN,NaN,NaN
9,NaN,NaN,NaN,NaN,NaN,NaN,NaN,NaN
10,NaN,NaN,NaN,NaN,NaN,NaN,NaN,NaN
11,NaN,NaN,NaN,NaN,NaN,NaN,NaN,NaN
1,NaN,NaN,NaN,NaN,NaN,NaN,NaN,NaN
2,NaN,NaN,NaN,NaN,NaN,NaN,NaN,NaN
3,NaN,NaN,NaN,NaN,NaN,NaN,NaN,NaN
4,NaN,NaN,NaN,NaN,NaN,NaN,NaN,NaN
5,NaN,NaN,NaN,NaN,NaN,NaN,NaN,NaN
6,NaN,NaN,NaN,NaN,NaN,NaN,NaN,NaN
7,NaN,NaN,NaN,NaN,NaN,NaN,NaN,NaN
8,NaN,NaN,NaN,NaN,NaN,NaN,NaN,NaN
9,NaN,NaN,NaN,NaN,NaN,NaN,NaN,NaN
10,NaN,NaN,NaN,NaN,NaN,NaN,NaN,NaN
11,NaN,NaN,NaN,NaN,NaN,NaN,NaN,NaN
1,NaN,NaN,NaN,NaN,NaN,NaN,NaN,NaN
2,NaN,NaN,NaN,NaN,NaN,NaN,NaN,NaN
3,NaN,NaN,NaN,NaN,NaN,NaN,NaN,NaN
4,NaN,NaN,NaN,NaN,NaN,NaN,NaN,NaN
5,NaN,NaN,NaN,NaN,NaN,NaN,NaN,NaN
6,NaN,NaN,NaN,NaN,NaN,NaN,NaN,NaN
7,NaN,NaN,NaN,NaN,NaN,NaN,NaN,NaN
8,NaN,NaN,NaN,NaN,NaN,NaN,NaN,NaN
9,NaN,NaN,NaN,NaN,NaN,NaN,NaN,NaN
10,NaN,NaN,NaN,NaN,NaN,NaN,NaN,NaN
11,NaN,NaN,NaN,NaN,NaN,NaN,NaN,NaN
1,NaN,NaN,NaN,NaN,NaN,NaN,NaN,NaN
2,NaN,NaN,NaN,NaN,NaN,NaN,NaN,NaN
3,NaN,NaN,NaN,NaN,NaN,NaN,NaN,NaN
4,NaN,NaN,NaN,NaN,NaN,NaN,NaN,NaN
5,NaN,NaN,NaN,NaN,NaN,NaN,NaN,NaN
6,NaN,NaN,NaN,NaN,NaN,NaN,NaN,NaN
7,NaN,NaN,NaN,NaN,NaN,NaN,NaN,NaN
8,NaN,NaN,NaN,NaN,NaN,NaN,NaN,NaN
9,NaN,NaN,NaN,NaN,NaN,NaN,NaN,NaN
10,NaN,NaN,NaN,NaN,NaN,NaN,NaN,NaN
11,NaN,NaN,NaN,NaN,NaN,NaN,NaN,NaN
1,NaN,NaN,NaN,NaN,NaN,NaN,NaN,NaN
2,NaN,NaN,NaN,NaN,NaN,NaN,NaN,NaN
3,NaN,NaN,NaN,NaN,NaN,NaN,NaN,NaN
4,NaN,NaN,NaN,NaN,NaN,NaN,NaN,NaN
5,NaN,NaN,NaN,NaN,NaN,NaN,NaN,NaN
6,NaN,NaN,NaN,NaN,NaN,NaN,NaN,NaN
7,NaN,NaN,NaN,NaN,NaN,NaN,NaN,NaN
8,NaN,NaN,NaN,NaN,NaN,NaN,NaN,NaN
9,NaN,NaN,NaN,NaN,NaN,NaN,NaN,NaN
10,NaN,NaN,NaN,NaN,NaN,NaN,NaN,NaN
11,NaN,NaN,NaN,NaN,NaN,NaN,NaN,NaN
1,NaN,NaN,NaN,NaN,NaN,NaN,NaN,NaN
2,NaN,NaN,NaN,NaN,NaN,NaN,NaN,NaN
3,NaN,NaN,NaN,NaN,NaN,NaN,NaN,NaN
4,NaN,NaN,NaN,NaN,NaN,NaN,NaN,NaN
5,NaN,NaN,NaN,NaN,NaN,NaN,NaN,NaN
6,NaN,NaN,NaN,NaN,NaN,NaN,NaN,NaN
7,NaN,NaN,NaN,NaN,NaN,NaN,NaN,NaN
8,NaN,NaN,NaN,NaN,NaN,NaN,NaN,NaN
9,NaN,NaN,NaN,NaN,NaN,NaN,NaN,NaN
10,NaN,NaN,NaN,NaN,NaN,NaN,NaN,NaN
11,NaN,NaN,NaN,NaN,NaN,NaN,NaN,NaN
1,NaN,NaN,NaN,NaN,NaN,NaN,NaN,NaN
2,NaN,NaN,NaN,NaN,NaN,NaN,NaN,NaN
3,NaN,NaN,NaN,NaN,NaN,NaN,NaN,NaN
4,NaN,NaN,NaN,NaN,NaN,NaN,NaN,NaN
5,NaN,NaN,NaN,NaN,NaN,NaN,NaN,NaN
6,NaN,NaN,NaN,NaN,NaN,NaN,NaN,NaN
7,NaN,NaN,NaN,NaN,NaN,NaN,NaN,NaN
8,NaN,NaN,NaN,NaN,NaN,NaN,NaN,NaN
9,NaN,NaN,NaN,NaN,NaN,NaN,NaN,NaN
10,NaN,NaN,NaN,NaN,NaN,NaN,NaN,NaN
11,NaN,NaN,NaN,NaN,NaN,NaN,NaN,NaN
1,NaN,NaN,NaN,NaN,NaN,NaN,NaN,NaN
2,NaN,NaN,NaN,NaN,NaN,NaN,NaN,NaN
3,NaN,NaN,NaN,NaN,NaN,NaN,NaN,NaN
4,NaN,NaN,NaN,NaN,NaN,NaN,NaN,NaN
5,NaN,NaN,NaN,NaN,NaN,NaN,NaN,NaN
6,NaN,NaN,NaN,NaN,NaN,NaN,NaN,NaN
7,NaN,NaN,NaN,NaN,NaN,NaN,NaN,NaN
8,NaN,NaN,NaN,NaN,NaN,NaN,NaN,NaN
9,NaN,NaN,NaN,NaN,NaN,NaN,NaN,NaN
10,NaN,NaN,NaN,NaN,NaN,NaN,NaN,NaN
11,NaN,NaN,NaN,NaN,NaN,NaN,NaN,NaN
1,NaN,NaN,NaN,NaN,NaN,NaN,NaN,NaN
2,NaN,NaN,NaN,NaN,NaN,NaN,NaN,NaN
3,NaN,NaN,NaN,NaN,NaN,NaN,NaN,NaN
4,NaN,NaN,NaN,NaN,NaN,NaN,NaN,NaN
5,NaN,NaN,NaN,NaN,NaN,NaN,NaN,NaN
6,NaN,NaN,NaN,NaN,NaN,NaN,NaN,NaN
7,NaN,NaN,NaN,NaN,NaN,NaN,NaN,NaN
8,NaN,NaN,NaN,NaN,NaN,NaN,NaN,NaN
9,NaN,NaN,NaN,NaN,NaN,NaN,NaN,NaN
10,NaN,NaN,NaN,NaN,NaN,NaN,NaN,NaN
11,NaN,NaN,NaN,NaN,NaN,NaN,NaN,NaN
1,NaN,NaN,NaN,NaN,NaN,NaN,NaN,NaN
2,NaN,NaN,NaN,NaN,NaN,NaN,NaN,NaN
3,NaN,NaN,NaN,NaN,NaN,NaN,NaN,NaN
4,NaN,NaN,NaN,NaN,NaN,NaN,NaN,NaN
5,NaN,NaN,NaN,NaN,NaN,NaN,NaN,NaN
6,NaN,NaN,NaN,NaN,NaN,NaN,NaN,NaN
7,NaN,NaN,NaN,NaN,NaN,NaN,NaN,NaN
8,NaN,NaN,NaN,NaN,NaN,NaN,NaN,NaN
9,NaN,NaN,NaN,NaN,NaN,NaN,NaN,NaN
10,NaN,NaN,NaN,NaN,NaN,NaN,NaN,NaN
11,NaN,NaN,NaN,NaN,NaN,NaN,NaN,NaN
1,NaN,NaN,NaN,NaN,NaN,NaN,NaN,NaN
2,NaN,NaN,NaN,NaN,NaN,NaN,NaN,NaN
3,NaN,NaN,NaN,NaN,NaN,NaN,NaN,NaN
4,NaN,NaN,NaN,NaN,NaN,NaN,NaN,NaN
5,NaN,NaN,NaN,NaN,NaN,NaN,NaN,NaN
6,NaN,NaN,NaN,NaN,NaN,NaN,NaN,NaN
7,NaN,NaN,NaN,NaN,NaN,NaN,NaN,NaN
8,NaN,NaN,NaN,NaN,NaN,NaN,NaN,NaN
9,NaN,NaN,NaN,NaN,NaN,NaN,NaN,NaN
10,NaN,NaN,NaN,NaN,NaN,NaN,NaN,NaN
11,NaN,NaN,NaN,NaN,NaN,NaN,NaN,NaN
1,NaN,NaN,NaN,NaN,NaN,NaN,NaN,NaN
2,NaN,NaN,NaN,NaN,NaN,NaN,NaN,NaN
3,NaN,NaN,NaN,NaN,NaN,NaN,NaN,NaN
4,NaN,NaN,NaN,NaN,NaN,NaN,NaN,NaN
5,NaN,NaN,NaN,NaN,NaN,NaN,NaN,NaN
6,NaN,NaN,NaN,NaN,NaN,NaN,NaN,NaN
7,NaN,NaN,NaN,NaN,NaN,NaN,NaN,NaN
8,NaN,NaN,NaN,NaN,NaN,NaN,NaN,NaN
9,NaN,NaN,NaN,NaN,NaN,NaN,NaN,NaN
10,NaN,NaN,NaN,NaN,NaN,NaN,NaN,NaN
11,NaN,NaN,NaN,NaN,NaN,NaN,NaN,NaN
1,NaN,NaN,NaN,NaN,NaN,NaN,NaN,NaN
2,NaN,NaN,NaN,NaN,NaN,NaN,NaN,NaN
3,NaN,NaN,NaN,NaN,NaN,NaN,NaN,NaN
4,NaN,NaN,NaN,NaN,NaN,NaN,NaN,NaN
5,NaN,NaN,NaN,NaN,NaN,NaN,NaN,NaN
6,NaN,NaN,NaN,NaN,NaN,NaN,NaN,NaN
7,NaN,NaN,NaN,NaN,NaN,NaN,NaN,NaN
8,NaN,NaN,NaN,NaN,NaN,NaN,NaN,NaN
9,NaN,NaN,NaN,NaN,NaN,NaN,NaN,NaN
10,NaN,NaN,NaN,NaN,NaN,NaN,NaN,NaN
11,NaN,NaN,NaN,NaN,NaN,NaN,NaN,NaN
1,NaN,NaN,NaN,NaN,NaN,NaN,NaN,NaN
2,NaN,NaN,NaN,NaN,NaN,NaN,NaN,NaN
3,NaN,NaN,NaN,NaN,NaN,NaN,NaN,NaN
4,NaN,NaN,NaN,NaN,NaN,NaN,NaN,NaN
5,NaN,NaN,NaN,NaN,NaN,NaN,NaN,NaN
6,NaN,NaN,NaN,NaN,NaN,NaN,NaN,NaN
7,NaN,NaN,NaN,NaN,NaN,NaN,NaN,NaN
8,NaN,NaN,NaN,NaN,NaN,NaN,NaN,NaN
9,NaN,NaN,NaN,NaN,NaN,NaN,NaN,NaN
10,NaN,NaN,NaN,NaN,NaN,NaN,NaN,NaN
11,NaN,NaN,NaN,NaN,NaN,NaN,NaN,NaN
1,NaN,NaN,NaN,NaN,NaN,NaN,NaN,NaN
2,NaN,NaN,NaN,NaN,NaN,NaN,NaN,NaN
3,NaN,NaN,NaN,NaN,NaN,NaN,NaN,NaN
4,NaN,NaN,NaN,NaN,NaN,NaN,NaN,NaN
5,NaN,NaN,NaN,NaN,NaN,NaN,NaN,NaN
6,NaN,NaN,NaN,NaN,NaN,NaN,NaN,NaN
7,NaN,NaN,NaN,NaN,NaN,NaN,NaN,NaN
8,NaN,NaN,NaN,NaN,NaN,NaN,NaN,NaN
9,NaN,NaN,NaN,NaN,NaN,NaN,NaN,NaN
10,NaN,NaN,NaN,NaN,NaN,NaN,NaN,NaN
11,NaN,NaN,NaN,NaN,NaN,NaN,NaN,NaN
1,NaN,NaN,NaN,NaN,NaN,NaN,NaN,NaN
2,NaN,NaN,NaN,NaN,NaN,NaN,NaN,NaN
3,NaN,NaN,NaN,NaN,NaN,NaN,NaN,NaN
4,NaN,NaN,NaN,NaN,NaN,NaN,NaN,NaN
5,NaN,NaN,NaN,NaN,NaN,NaN,NaN,NaN
6,NaN,NaN,NaN,NaN,NaN,NaN,NaN,NaN
7,NaN,NaN,NaN,NaN,NaN,NaN,NaN,NaN
8,NaN,NaN,NaN,NaN,NaN,NaN,NaN,NaN
9,NaN,NaN,NaN,NaN,NaN,NaN,NaN,NaN
10,NaN,NaN,NaN,NaN,NaN,NaN,NaN,NaN
11,NaN,NaN,NaN,NaN,NaN,NaN,NaN,NaN
1,NaN,NaN,NaN,NaN,NaN,NaN,NaN,NaN
2,NaN,NaN,NaN,NaN,NaN,NaN,NaN,NaN
3,NaN,NaN,NaN,NaN,NaN,NaN,NaN,NaN
4,NaN,NaN,NaN,NaN,NaN,NaN,NaN,NaN
5,NaN,NaN,NaN,NaN,NaN,NaN,NaN,NaN
6,NaN,NaN,NaN,NaN,NaN,NaN,NaN,NaN
7,NaN,NaN,NaN,NaN,NaN,NaN,NaN,NaN
8,NaN,NaN,NaN,NaN,NaN,NaN,NaN,NaN
9,NaN,NaN,NaN,NaN,NaN,NaN,NaN,NaN
10,NaN,NaN,NaN,NaN,NaN,NaN,NaN,NaN
11,NaN,NaN,NaN,NaN,NaN,NaN,NaN,NaN
1,NaN,NaN,NaN,NaN,NaN,NaN,NaN,NaN
2,NaN,NaN,NaN,NaN,NaN,NaN,NaN,NaN
3,NaN,NaN,NaN,NaN,NaN,NaN,NaN,NaN
4,NaN,NaN,NaN,NaN,NaN,NaN,NaN,NaN
5,NaN,NaN,NaN,NaN,NaN,NaN,NaN,NaN
6,NaN,NaN,NaN,NaN,NaN,NaN,NaN,NaN
7,NaN,NaN,NaN,NaN,NaN,NaN,NaN,NaN
8,NaN,NaN,NaN,NaN,NaN,NaN,NaN,NaN
9,NaN,NaN,NaN,NaN,NaN,NaN,NaN,NaN
10,NaN,NaN,NaN,NaN,NaN,NaN,NaN,NaN
11,NaN,NaN,NaN,NaN,NaN,NaN,NaN,NaN
1,NaN,NaN,NaN,NaN,NaN,NaN,NaN,NaN
2,NaN,NaN,NaN,NaN,NaN,NaN,NaN,NaN
3,NaN,NaN,NaN,NaN,NaN,NaN,NaN,NaN
4,NaN,NaN,NaN,NaN,NaN,NaN,NaN,NaN
5,NaN,NaN,NaN,NaN,NaN,NaN,NaN,NaN
6,NaN,NaN,NaN,NaN,NaN,NaN,NaN,NaN
7,NaN,NaN,NaN,NaN,NaN,NaN,NaN,NaN
8,NaN,NaN,NaN,NaN,NaN,NaN,NaN,NaN
9,NaN,NaN,NaN,NaN,NaN,NaN,NaN,NaN
10,NaN,NaN,NaN,NaN,NaN,NaN,NaN,NaN
11,NaN,NaN,NaN,NaN,NaN,NaN,NaN,NaN
1,NaN,NaN,NaN,NaN,NaN,NaN,NaN,NaN
2,NaN,NaN,NaN,NaN,NaN,NaN,NaN,NaN
3,NaN,NaN,NaN,NaN,NaN,NaN,NaN,NaN
4,NaN,NaN,NaN,NaN,NaN,NaN,NaN,NaN
5,NaN,NaN,NaN,NaN,NaN,NaN,NaN,NaN
6,NaN,NaN,NaN,NaN,NaN,NaN,NaN,NaN
7,NaN,NaN,NaN,NaN,NaN,NaN,NaN,NaN
8,NaN,NaN,NaN,NaN,NaN,NaN,NaN,NaN
9,NaN,NaN,NaN,NaN,NaN,NaN,NaN,NaN
10,NaN,NaN,NaN,NaN,NaN,NaN,NaN,NaN
11,NaN,NaN,NaN,NaN,NaN,NaN,NaN,NaN
1,NaN,NaN,NaN,NaN,NaN,NaN,NaN,NaN
2,NaN,NaN,NaN,NaN,NaN,NaN,NaN,NaN
3,NaN,NaN,NaN,NaN,NaN,NaN,NaN,NaN
4,NaN,NaN,NaN,NaN,NaN,NaN,NaN,NaN
5,NaN,NaN,NaN,NaN,NaN,NaN,NaN,NaN
6,NaN,NaN,NaN,NaN,NaN,NaN,NaN,NaN
7,NaN,NaN,NaN,NaN,NaN,NaN,NaN,NaN
8,NaN,NaN,NaN,NaN,NaN,NaN,NaN,NaN
9,NaN,NaN,NaN,NaN,NaN,NaN,NaN,NaN
10,NaN,NaN,NaN,NaN,NaN,NaN,NaN,NaN
11,NaN,NaN,NaN,NaN,NaN,NaN,NaN,NaN
1,NaN,NaN,NaN,NaN,NaN,NaN,NaN,NaN
2,NaN,NaN,NaN,NaN,NaN,NaN,NaN,NaN
3,NaN,NaN,NaN,NaN,NaN,NaN,NaN,NaN
4,NaN,NaN,NaN,NaN,NaN,NaN,NaN,NaN
5,NaN,NaN,NaN,NaN,NaN,NaN,NaN,NaN
6,NaN,NaN,NaN,NaN,NaN,NaN,NaN,NaN
7,NaN,NaN,NaN,NaN,NaN,NaN,NaN,NaN
8,NaN,NaN,NaN,NaN,NaN,NaN,NaN,NaN
9,NaN,NaN,NaN,NaN,NaN,NaN,NaN,NaN
10,NaN,NaN,NaN,NaN,NaN,NaN,NaN,NaN
11,NaN,NaN,NaN,NaN,NaN,NaN,NaN,NaN
1,NaN,NaN,NaN,NaN,NaN,NaN,NaN,NaN
2,NaN,NaN,NaN,NaN,NaN,NaN,NaN,NaN
3,NaN,NaN,NaN,NaN,NaN,NaN,NaN,NaN
4,NaN,NaN,NaN,NaN,NaN,NaN,NaN,NaN
5,NaN,NaN,NaN,NaN,NaN,NaN,NaN,NaN
6,NaN,NaN,NaN,NaN,NaN,NaN,NaN,NaN
7,NaN,NaN,NaN,NaN,NaN,NaN,NaN,NaN
8,NaN,NaN,NaN,NaN,NaN,NaN,NaN,NaN
9,NaN,NaN,NaN,NaN,NaN,NaN,NaN,NaN
10,NaN,NaN,NaN,NaN,NaN,NaN,NaN,NaN
11,NaN,NaN,NaN,NaN,NaN,NaN,NaN,NaN
1,NaN,NaN,NaN,NaN,NaN,NaN,NaN,NaN
2,NaN,NaN,NaN,NaN,NaN,NaN,NaN,NaN
3,NaN,NaN,NaN,NaN,NaN,NaN,NaN,NaN
4,NaN,NaN,NaN,NaN,NaN,NaN,NaN,NaN
5,NaN,NaN,NaN,NaN,NaN,NaN,NaN,NaN
6,NaN,NaN,NaN,NaN,NaN,NaN,NaN,NaN
7,NaN,NaN,NaN,NaN,NaN,NaN,NaN,NaN
8,NaN,NaN,NaN,NaN,NaN,NaN,NaN,NaN
9,NaN,NaN,NaN,NaN,NaN,NaN,NaN,NaN
10,NaN,NaN,NaN,NaN,NaN,NaN,NaN,NaN
11,NaN,NaN,NaN,NaN,NaN,NaN,NaN,NaN
1,NaN,NaN,NaN,NaN,NaN,NaN,NaN,NaN
2,NaN,NaN,NaN,NaN,NaN,NaN,NaN,NaN
3,NaN,NaN,NaN,NaN,NaN,NaN,NaN,NaN
4,NaN,NaN,NaN,NaN,NaN,NaN,NaN,NaN
5,NaN,NaN,NaN,NaN,NaN,NaN,NaN,NaN
6,NaN,NaN,NaN,NaN,NaN,NaN,NaN,NaN
7,NaN,NaN,NaN,NaN,NaN,NaN,NaN,NaN
8,NaN,NaN,NaN,NaN,NaN,NaN,NaN,NaN
9,NaN,NaN,NaN,NaN,NaN,NaN,NaN,NaN
10,NaN,NaN,NaN,NaN,NaN,NaN,NaN,NaN
11,NaN,NaN,NaN,NaN,NaN,NaN,NaN,NaN
1,NaN,NaN,NaN,NaN,NaN,NaN,NaN,NaN
2,NaN,NaN,NaN,NaN,NaN,NaN,NaN,NaN
3,NaN,NaN,NaN,NaN,NaN,NaN,NaN,NaN
4,NaN,NaN,NaN,NaN,NaN,NaN,NaN,NaN
5,NaN,NaN,NaN,NaN,NaN,NaN,NaN,NaN
6,NaN,NaN,NaN,NaN,NaN,NaN,NaN,NaN
7,NaN,NaN,NaN,NaN,NaN,NaN,NaN,NaN
8,NaN,NaN,NaN,NaN,NaN,NaN,NaN,NaN
9,NaN,NaN,NaN,NaN,NaN,NaN,NaN,NaN
10,NaN,NaN,NaN,NaN,NaN,NaN,NaN,NaN
11,NaN,NaN,NaN,NaN,NaN,NaN,NaN,NaN
1,NaN,NaN,NaN,NaN,NaN,NaN,NaN,NaN
2,NaN,NaN,NaN,NaN,NaN,NaN,NaN,NaN
3,NaN,NaN,NaN,NaN,NaN,NaN,NaN,NaN
4,NaN,NaN,NaN,NaN,NaN,NaN,NaN,NaN
5,NaN,NaN,NaN,NaN,NaN,NaN,NaN,NaN
6,NaN,NaN,NaN,NaN,NaN,NaN,NaN,NaN
7,NaN,NaN,NaN,NaN,NaN,NaN,NaN,NaN
8,NaN,NaN,NaN,NaN,NaN,NaN,NaN,NaN
9,NaN,NaN,NaN,NaN,NaN,NaN,NaN,NaN
10,NaN,NaN,NaN,NaN,NaN,NaN,NaN,NaN
11,NaN,NaN,NaN,NaN,NaN,NaN,NaN,NaN
1,NaN,NaN,NaN,NaN,NaN,NaN,NaN,NaN
2,NaN,NaN,NaN,NaN,NaN,NaN,NaN,NaN
3,NaN,NaN,NaN,NaN,NaN,NaN,NaN,NaN
4,NaN,NaN,NaN,NaN,NaN,NaN,NaN,NaN
5,NaN,NaN,NaN,NaN,NaN,NaN,NaN,NaN
6,NaN,NaN,NaN,NaN,NaN,NaN,NaN,NaN
7,NaN,NaN,NaN,NaN,NaN,NaN,NaN,NaN
8,NaN,NaN,NaN,NaN,NaN,NaN,NaN,NaN
9,NaN,NaN,NaN,NaN,NaN,NaN,NaN,NaN
10,NaN,NaN,NaN,NaN,NaN,NaN,NaN,NaN
11,NaN,NaN,NaN,NaN,NaN,NaN,NaN,NaN
1,NaN,NaN,NaN,NaN,NaN,NaN,NaN,NaN
2,NaN,NaN,NaN,NaN,NaN,NaN,NaN,NaN
3,NaN,NaN,NaN,NaN,NaN,NaN,NaN,NaN
4,NaN,NaN,NaN,NaN,NaN,NaN,NaN,NaN
5,NaN,NaN,NaN,NaN,NaN,NaN,NaN,NaN
6,NaN,NaN,NaN,NaN,NaN,NaN,NaN,NaN
7,NaN,NaN,NaN,NaN,NaN,NaN,NaN,NaN
8,NaN,NaN,NaN,NaN,NaN,NaN,NaN,NaN
9,NaN,NaN,NaN,NaN,NaN,NaN,NaN,NaN
10,NaN,NaN,NaN,NaN,NaN,NaN,NaN,NaN
11,NaN,NaN,NaN,NaN,NaN,NaN,NaN,NaN
1,NaN,NaN,NaN,NaN,NaN,NaN,NaN,NaN
2,NaN,NaN,NaN,NaN,NaN,NaN,NaN,NaN
3,NaN,NaN,NaN,NaN,NaN,NaN,NaN,NaN
4,NaN,NaN,NaN,NaN,NaN,NaN,NaN,NaN
5,NaN,NaN,NaN,NaN,NaN,NaN,NaN,NaN
6,NaN,NaN,NaN,NaN,NaN,NaN,NaN,NaN
7,NaN,NaN,NaN,NaN,NaN,NaN,NaN,NaN
8,NaN,NaN,NaN,NaN,NaN,NaN,NaN,NaN
9,NaN,NaN,NaN,NaN,NaN,NaN,NaN,NaN
10,NaN,NaN,NaN,NaN,NaN,NaN,NaN,NaN
11,NaN,NaN,NaN,NaN,NaN,NaN,NaN,NaN
1,NaN,NaN,NaN,NaN,NaN,NaN,NaN,NaN
2,NaN,NaN,NaN,NaN,NaN,NaN,NaN,NaN
3,NaN,NaN,NaN,NaN,NaN,NaN,NaN,NaN
4,NaN,NaN,NaN,NaN,NaN,NaN,NaN,NaN
5,NaN,NaN,NaN,NaN,NaN,NaN,NaN,NaN
6,NaN,NaN,NaN,NaN,NaN,NaN,NaN,NaN
7,NaN,NaN,NaN,NaN,NaN,NaN,NaN,NaN
8,NaN,NaN,NaN,NaN,NaN,NaN,NaN,NaN
9,NaN,NaN,NaN,NaN,NaN,NaN,NaN,NaN
10,NaN,NaN,NaN,NaN,NaN,NaN,NaN,NaN
11,NaN,NaN,NaN,NaN,NaN,NaN,NaN,NaN
1,NaN,NaN,NaN,NaN,NaN,NaN,NaN,NaN
2,NaN,NaN,NaN,NaN,NaN,NaN,NaN,NaN
3,NaN,NaN,NaN,NaN,NaN,NaN,NaN,NaN
4,NaN,NaN,NaN,NaN,NaN,NaN,NaN,NaN
5,NaN,NaN,NaN,NaN,NaN,NaN,NaN,NaN
6,NaN,NaN,NaN,NaN,NaN,NaN,NaN,NaN
7,NaN,NaN,NaN,NaN,NaN,NaN,NaN,NaN
8,NaN,NaN,NaN,NaN,NaN,NaN,NaN,NaN
9,NaN,NaN,NaN,NaN,NaN,NaN,NaN,NaN
10,NaN,NaN,NaN,NaN,NaN,NaN,NaN,NaN
11,NaN,NaN,NaN,NaN,NaN,NaN,NaN,NaN
1,NaN,NaN,NaN,NaN,NaN,NaN,NaN,NaN
2,NaN,NaN,NaN,NaN,NaN,NaN,NaN,NaN
3,NaN,NaN,NaN,NaN,NaN,NaN,NaN,NaN
4,NaN,NaN,NaN,NaN,NaN,NaN,NaN,NaN
5,NaN,NaN,NaN,NaN,NaN,NaN,NaN,NaN
6,NaN,NaN,NaN,NaN,NaN,NaN,NaN,NaN
7,NaN,NaN,NaN,NaN,NaN,NaN,NaN,NaN
8,NaN,NaN,NaN,NaN,NaN,NaN,NaN,NaN
9,NaN,NaN,NaN,NaN,NaN,NaN,NaN,NaN
10,NaN,NaN,NaN,NaN,NaN,NaN,NaN,NaN
11,NaN,NaN,NaN,NaN,NaN,NaN,NaN,NaN
1,NaN,NaN,NaN,NaN,NaN,NaN,NaN,NaN
2,NaN,NaN,NaN,NaN,NaN,NaN,NaN,NaN
3,NaN,NaN,NaN,NaN,NaN,NaN,NaN,NaN
4,NaN,NaN,NaN,NaN,NaN,NaN,NaN,NaN
5,NaN,NaN,NaN,NaN,NaN,NaN,NaN,NaN
6,NaN,NaN,NaN,NaN,NaN,NaN,NaN,NaN
7,NaN,NaN,NaN,NaN,NaN,NaN,NaN,NaN
8,NaN,NaN,NaN,NaN,NaN,NaN,NaN,NaN
9,NaN,NaN,NaN,NaN,NaN,NaN,NaN,NaN
10,NaN,NaN,NaN,NaN,NaN,NaN,NaN,NaN
11,NaN,NaN,NaN,NaN,NaN,NaN,NaN,NaN
1,NaN,NaN,NaN,NaN,NaN,NaN,NaN,NaN
2,NaN,NaN,NaN,NaN,NaN,NaN,NaN,NaN
3,NaN,NaN,NaN,NaN,NaN,NaN,NaN,NaN
4,NaN,NaN,NaN,NaN,NaN,NaN,NaN,NaN
5,NaN,NaN,NaN,NaN,NaN,NaN,NaN,NaN
6,NaN,NaN,NaN,NaN,NaN,NaN,NaN,NaN
7,NaN,NaN,NaN,NaN,NaN,NaN,NaN,NaN
8,NaN,NaN,NaN,NaN,NaN,NaN,NaN,NaN
9,NaN,NaN,NaN,NaN,NaN,NaN,NaN,NaN
10,NaN,NaN,NaN,NaN,NaN,NaN,NaN,NaN
11,NaN,NaN,NaN,NaN,NaN,NaN,NaN,NaN
1,NaN,NaN,NaN,NaN,NaN,NaN,NaN,NaN
2,NaN,NaN,NaN,NaN,NaN,NaN,NaN,NaN
3,NaN,NaN,NaN,NaN,NaN,NaN,NaN,NaN
4,NaN,NaN,NaN,NaN,NaN,NaN,NaN,NaN
5,NaN,NaN,NaN,NaN,NaN,NaN,NaN,NaN
6,NaN,NaN,NaN,NaN,NaN,NaN,NaN,NaN
7,NaN,NaN,NaN,NaN,NaN,NaN,NaN,NaN
8,NaN,NaN,NaN,NaN,NaN,NaN,NaN,NaN
9,NaN,NaN,NaN,NaN,NaN,NaN,NaN,NaN
10,NaN,NaN,NaN,NaN,NaN,NaN,NaN,NaN
11,NaN,NaN,NaN,NaN,NaN,NaN,NaN,NaN
1,NaN,NaN,NaN,NaN,NaN,NaN,NaN,NaN
2,NaN,NaN,NaN,NaN,NaN,NaN,NaN,NaN
3,NaN,NaN,NaN,NaN,NaN,NaN,NaN,NaN
4,NaN,NaN,NaN,NaN,NaN,NaN,NaN,NaN
5,NaN,NaN,NaN,NaN,NaN,NaN,NaN,NaN
6,NaN,NaN,NaN,NaN,NaN,NaN,NaN,NaN
7,NaN,NaN,NaN,NaN,NaN,NaN,NaN,NaN
8,NaN,NaN,NaN,NaN,NaN,NaN,NaN,NaN
9,NaN,NaN,NaN,NaN,NaN,NaN,NaN,NaN
10,NaN,NaN,NaN,NaN,NaN,NaN,NaN,NaN
11,NaN,NaN,NaN,NaN,NaN,NaN,NaN,NaN
1,NaN,NaN,NaN,NaN,NaN,NaN,NaN,NaN
2,NaN,NaN,NaN,NaN,NaN,NaN,NaN,NaN
3,NaN,NaN,NaN,NaN,NaN,NaN,NaN,NaN
4,NaN,NaN,NaN,NaN,NaN,NaN,NaN,NaN
5,NaN,NaN,NaN,NaN,NaN,NaN,NaN,NaN
6,NaN,NaN,NaN,NaN,NaN,NaN,NaN,NaN
7,NaN,NaN,NaN,NaN,NaN,NaN,NaN,NaN
8,NaN,NaN,NaN,NaN,NaN,NaN,NaN,NaN
9,NaN,NaN,NaN,NaN,NaN,NaN,NaN,NaN
10,NaN,NaN,NaN,NaN,NaN,NaN,NaN,NaN
11,NaN,NaN,NaN,NaN,NaN,NaN,NaN,NaN
1,NaN,NaN,NaN,NaN,NaN,NaN,NaN,NaN
2,NaN,NaN,NaN,NaN,NaN,NaN,NaN,NaN
3,NaN,NaN,NaN,NaN,NaN,NaN,NaN,NaN
4,NaN,NaN,NaN,NaN,NaN,NaN,NaN,NaN
5,NaN,NaN,NaN,NaN,NaN,NaN,NaN,NaN
6,NaN,NaN,NaN,NaN,NaN,NaN,NaN,NaN
7,NaN,NaN,NaN,NaN,NaN,NaN,NaN,NaN
8,NaN,NaN,NaN,NaN,NaN,NaN,NaN,NaN
9,NaN,NaN,NaN,NaN,NaN,NaN,NaN,NaN
10,NaN,NaN,NaN,NaN,NaN,NaN,NaN,NaN
11,NaN,NaN,NaN,NaN,NaN,NaN,NaN,NaN
1,NaN,NaN,NaN,NaN,NaN,NaN,NaN,NaN
2,NaN,NaN,NaN,NaN,NaN,NaN,NaN,NaN
3,NaN,NaN,NaN,NaN,NaN,NaN,NaN,NaN
4,NaN,NaN,NaN,NaN,NaN,NaN,NaN,NaN
5,NaN,NaN,NaN,NaN,NaN,NaN,NaN,NaN
6,NaN,NaN,NaN,NaN,NaN,NaN,NaN,NaN
7,NaN,NaN,NaN,NaN,NaN,NaN,NaN,NaN
8,NaN,NaN,NaN,NaN,NaN,NaN,NaN,NaN
9,NaN,NaN,NaN,NaN,NaN,NaN,NaN,NaN
10,NaN,NaN,NaN,NaN,NaN,NaN,NaN,NaN
11,NaN,NaN,NaN,NaN,NaN,NaN,NaN,NaN
1,NaN,NaN,NaN,NaN,NaN,NaN,NaN,NaN
2,NaN,NaN,NaN,NaN,NaN,NaN,NaN,NaN
3,NaN,NaN,NaN,NaN,NaN,NaN,NaN,NaN
4,NaN,NaN,NaN,NaN,NaN,NaN,NaN,NaN
5,NaN,NaN,NaN,NaN,NaN,NaN,NaN,NaN
6,NaN,NaN,NaN,NaN,NaN,NaN,NaN,NaN
7,NaN,NaN,NaN,NaN,NaN,NaN,NaN,NaN
8,NaN,NaN,NaN,NaN,NaN,NaN,NaN,NaN
9,NaN,NaN,NaN,NaN,NaN,NaN,NaN,NaN
10,NaN,NaN,NaN,NaN,NaN,NaN,NaN,NaN
11,NaN,NaN,NaN,NaN,NaN,NaN,NaN,NaN
1,NaN,NaN,NaN,NaN,NaN,NaN,NaN,NaN
2,NaN,NaN,NaN,NaN,NaN,NaN,NaN,NaN
3,NaN,NaN,NaN,NaN,NaN,NaN,NaN,NaN
4,NaN,NaN,NaN,NaN,NaN,NaN,NaN,NaN
5,NaN,NaN,NaN,NaN,NaN,NaN,NaN,NaN
6,NaN,NaN,NaN,NaN,NaN,NaN,NaN,NaN
7,NaN,NaN,NaN,NaN,NaN,NaN,NaN,NaN
8,NaN,NaN,NaN,NaN,NaN,NaN,NaN,NaN
9,NaN,NaN,NaN,NaN,NaN,NaN,NaN,NaN
10,NaN,NaN,NaN,NaN,NaN,NaN,NaN,NaN
11,NaN,NaN,NaN,NaN,NaN,NaN,NaN,NaN
1,NaN,NaN,NaN,NaN,NaN,NaN,NaN,NaN
2,NaN,NaN,NaN,NaN,NaN,NaN,NaN,NaN
3,NaN,NaN,NaN,NaN,NaN,NaN,NaN,NaN
4,NaN,NaN,NaN,NaN,NaN,NaN,NaN,NaN
5,NaN,NaN,NaN,NaN,NaN,NaN,NaN,NaN
6,NaN,NaN,NaN,NaN,NaN,NaN,NaN,NaN
7,NaN,NaN,NaN,NaN,NaN,NaN,NaN,NaN
8,NaN,NaN,NaN,NaN,NaN,NaN,NaN,NaN
9,NaN,NaN,NaN,NaN,NaN,NaN,NaN,NaN
10,NaN,NaN,NaN,NaN,NaN,NaN,NaN,NaN
11,NaN,NaN,NaN,NaN,NaN,NaN,NaN,NaN
1,NaN,NaN,NaN,NaN,NaN,NaN,NaN,NaN
2,NaN,NaN,NaN,NaN,NaN,NaN,NaN,NaN
3,NaN,NaN,NaN,NaN,NaN,NaN,NaN,NaN
4,NaN,NaN,NaN,NaN,NaN,NaN,NaN,NaN
5,NaN,NaN,NaN,NaN,NaN,NaN,NaN,NaN
6,NaN,NaN,NaN,NaN,NaN,NaN,NaN,NaN
7,NaN,NaN,NaN,NaN,NaN,NaN,NaN,NaN
8,NaN,NaN,NaN,NaN,NaN,NaN,NaN,NaN
9,NaN,NaN,NaN,NaN,NaN,NaN,NaN,NaN
10,NaN,NaN,NaN,NaN,NaN,NaN,NaN,NaN
11,NaN,NaN,NaN,NaN,NaN,NaN,NaN,NaN
1,NaN,NaN,NaN,NaN,NaN,NaN,NaN,NaN
2,NaN,NaN,NaN,NaN,NaN,NaN,NaN,NaN
3,NaN,NaN,NaN,NaN,NaN,NaN,NaN,NaN
4,NaN,NaN,NaN,NaN,NaN,NaN,NaN,NaN
5,NaN,NaN,NaN,NaN,NaN,NaN,NaN,NaN
6,NaN,NaN,NaN,NaN,NaN,NaN,NaN,NaN
7,NaN,NaN,NaN,NaN,NaN,NaN,NaN,NaN
8,NaN,NaN,NaN,NaN,NaN,NaN,NaN,NaN
9,NaN,NaN,NaN,NaN,NaN,NaN,NaN,NaN
10,NaN,NaN,NaN,NaN,NaN,NaN,NaN,NaN
11,NaN,NaN,NaN,NaN,NaN,NaN,NaN,NaN
1,NaN,NaN,NaN,NaN,NaN,NaN,NaN,NaN
2,NaN,NaN,NaN,NaN,NaN,NaN,NaN,NaN
3,NaN,NaN,NaN,NaN,NaN,NaN,NaN,NaN
4,NaN,NaN,NaN,NaN,NaN,NaN,NaN,NaN
5,NaN,NaN,NaN,NaN,NaN,NaN,NaN,NaN
6,NaN,NaN,NaN,NaN,NaN,NaN,NaN,NaN
7,NaN,NaN,NaN,NaN,NaN,NaN,NaN,NaN
8,NaN,NaN,NaN,NaN,NaN,NaN,NaN,NaN
9,NaN,NaN,NaN,NaN,NaN,NaN,NaN,NaN
10,NaN,NaN,NaN,NaN,NaN,NaN,NaN,NaN
11,NaN,NaN,NaN,NaN,NaN,NaN,NaN,NaN
1,NaN,NaN,NaN,NaN,NaN,NaN,NaN,NaN
2,NaN,NaN,NaN,NaN,NaN,NaN,NaN,NaN
3,NaN,NaN,NaN,NaN,NaN,NaN,NaN,NaN
4,NaN,NaN,NaN,NaN,NaN,NaN,NaN,NaN
5,NaN,NaN,NaN,NaN,NaN,NaN,NaN,NaN
6,NaN,NaN,NaN,NaN,NaN,NaN,NaN,NaN
7,NaN,NaN,NaN,NaN,NaN,NaN,NaN,NaN
8,NaN,NaN,NaN,NaN,NaN,NaN,NaN,NaN
9,NaN,NaN,NaN,NaN,NaN,NaN,NaN,NaN
10,NaN,NaN,NaN,NaN,NaN,NaN,NaN,NaN
11,NaN,NaN,NaN,NaN,NaN,NaN,NaN,NaN
1,NaN,NaN,NaN,NaN,NaN,NaN,NaN,NaN
2,NaN,NaN,NaN,NaN,NaN,NaN,NaN,NaN
3,NaN,NaN,NaN,NaN,NaN,NaN,NaN,NaN
4,NaN,NaN,NaN,NaN,NaN,NaN,NaN,NaN
5,NaN,NaN,NaN,NaN,NaN,NaN,NaN,NaN
6,NaN,NaN,NaN,NaN,NaN,NaN,NaN,NaN
7,NaN,NaN,NaN,NaN,NaN,NaN,NaN,NaN
8,NaN,NaN,NaN,NaN,NaN,NaN,NaN,NaN
9,NaN,NaN,NaN,NaN,NaN,NaN,NaN,NaN
10,NaN,NaN,NaN,NaN,NaN,NaN,NaN,NaN
11,NaN,NaN,NaN,NaN,NaN,NaN,NaN,NaN
1,NaN,NaN,NaN,NaN,NaN,NaN,NaN,NaN
2,NaN,NaN,NaN,NaN,NaN,NaN,NaN,NaN
3,NaN,NaN,NaN,NaN,NaN,NaN,NaN,NaN
4,NaN,NaN,NaN,NaN,NaN,NaN,NaN,NaN
5,NaN,NaN,NaN,NaN,NaN,NaN,NaN,NaN
6,NaN,NaN,NaN,NaN,NaN,NaN,NaN,NaN
7,NaN,NaN,NaN,NaN,NaN,NaN,NaN,NaN
8,NaN,NaN,NaN,NaN,NaN,NaN,NaN,NaN
9,NaN,NaN,NaN,NaN,NaN,NaN,NaN,NaN
10,NaN,NaN,NaN,NaN,NaN,NaN,NaN,NaN
11,NaN,NaN,NaN,NaN,NaN,NaN,NaN,NaN
1,NaN,NaN,NaN,NaN,NaN,NaN,NaN,NaN
2,NaN,NaN,NaN,NaN,NaN,NaN,NaN,NaN
3,NaN,NaN,NaN,NaN,NaN,NaN,NaN,NaN
4,NaN,NaN,NaN,NaN,NaN,NaN,NaN,NaN
5,NaN,NaN,NaN,NaN,NaN,NaN,NaN,NaN
6,NaN,NaN,NaN,NaN,NaN,NaN,NaN,NaN
7,NaN,NaN,NaN,NaN,NaN,NaN,NaN,NaN
8,NaN,NaN,NaN,NaN,NaN,NaN,NaN,NaN
9,NaN,NaN,NaN,NaN,NaN,NaN,NaN,NaN
10,NaN,NaN,NaN,NaN,NaN,NaN,NaN,NaN
11,NaN,NaN,NaN,NaN,NaN,NaN,NaN,NaN
1,NaN,NaN,NaN,NaN,NaN,NaN,NaN,NaN
2,NaN,NaN,NaN,NaN,NaN,NaN,NaN,NaN
3,NaN,NaN,NaN,NaN,NaN,NaN,NaN,NaN
4,NaN,NaN,NaN,NaN,NaN,NaN,NaN,NaN
5,NaN,NaN,NaN,NaN,NaN,NaN,NaN,NaN
6,NaN,NaN,NaN,NaN,NaN,NaN,NaN,NaN
7,NaN,NaN,NaN,NaN,NaN,NaN,NaN,NaN
8,NaN,NaN,NaN,NaN,NaN,NaN,NaN,NaN
9,NaN,NaN,NaN,NaN,NaN,NaN,NaN,NaN
10,NaN,NaN,NaN,NaN,NaN,NaN,NaN,NaN
11,NaN,NaN,NaN,NaN,NaN,NaN,NaN,NaN
1,NaN,NaN,NaN,NaN,NaN,NaN,NaN,NaN
2,NaN,NaN,NaN,NaN,NaN,NaN,NaN,NaN
3,NaN,NaN,NaN,NaN,NaN,NaN,NaN,NaN
4,NaN,NaN,NaN,NaN,NaN,NaN,NaN,NaN
5,NaN,NaN,NaN,NaN,NaN,NaN,NaN,NaN
6,NaN,NaN,NaN,NaN,NaN,NaN,NaN,NaN
7,NaN,NaN,NaN,NaN,NaN,NaN,NaN,NaN
8,NaN,NaN,NaN,NaN,NaN,NaN,NaN,NaN
9,NaN,NaN,NaN,NaN,NaN,NaN,NaN,NaN
10,NaN,NaN,NaN,NaN,NaN,NaN,NaN,NaN
11,NaN,NaN,NaN,NaN,NaN,NaN,NaN,NaN
1,NaN,NaN,NaN,NaN,NaN,NaN,NaN,NaN
2,NaN,NaN,NaN,NaN,NaN,NaN,NaN,NaN
3,NaN,NaN,NaN,NaN,NaN,NaN,NaN,NaN
4,NaN,NaN,NaN,NaN,NaN,NaN,NaN,NaN
5,NaN,NaN,NaN,NaN,NaN,NaN,NaN,NaN
6,NaN,NaN,NaN,NaN,NaN,NaN,NaN,NaN
7,NaN,NaN,NaN,NaN,NaN,NaN,NaN,NaN
8,NaN,NaN,NaN,NaN,NaN,NaN,NaN,NaN
9,NaN,NaN,NaN,NaN,NaN,NaN,NaN,NaN
10,NaN,NaN,NaN,NaN,NaN,NaN,NaN,NaN
11,NaN,NaN,NaN,NaN,NaN,NaN,NaN,NaN
1,NaN,NaN,NaN,NaN,NaN,NaN,NaN,NaN
2,NaN,NaN,NaN,NaN,NaN,NaN,NaN,NaN
3,NaN,NaN,NaN,NaN,NaN,NaN,NaN,NaN
4,NaN,NaN,NaN,NaN,NaN,NaN,NaN,NaN
5,NaN,NaN,NaN,NaN,NaN,NaN,NaN,NaN
6,NaN,NaN,NaN,NaN,NaN,NaN,NaN,NaN
7,NaN,NaN,NaN,NaN,NaN,NaN,NaN,NaN
8,NaN,NaN,NaN,NaN,NaN,NaN,NaN,NaN
9,NaN,NaN,NaN,NaN,NaN,NaN,NaN,NaN
10,NaN,NaN,NaN,NaN,NaN,NaN,NaN,NaN
11,NaN,NaN,NaN,NaN,NaN,NaN,NaN,NaN
1,NaN,NaN,NaN,NaN,NaN,NaN,NaN,NaN
2,NaN,NaN,NaN,NaN,NaN,NaN,NaN,NaN
3,NaN,NaN,NaN,NaN,NaN,NaN,NaN,NaN
4,NaN,NaN,NaN,NaN,NaN,NaN,NaN,NaN
5,NaN,NaN,NaN,NaN,NaN,NaN,NaN,NaN
6,NaN,NaN,NaN,NaN,NaN,NaN,NaN,NaN
7,NaN,NaN,NaN,NaN,NaN,NaN,NaN,NaN
8,NaN,NaN,NaN,NaN,NaN,NaN,NaN,NaN
9,NaN,NaN,NaN,NaN,NaN,NaN,NaN,NaN
10,NaN,NaN,NaN,NaN,NaN,NaN,NaN,NaN
11,NaN,NaN,NaN,NaN,NaN,NaN,NaN,NaN
1,NaN,NaN,NaN,NaN,NaN,NaN,NaN,NaN
2,NaN,NaN,NaN,NaN,NaN,NaN,NaN,NaN
3,NaN,NaN,NaN,NaN,NaN,NaN,NaN,NaN
4,NaN,NaN,NaN,NaN,NaN,NaN,NaN,NaN
5,NaN,NaN,NaN,NaN,NaN,NaN,NaN,NaN
6,NaN,NaN,NaN,NaN,NaN,NaN,NaN,NaN
7,NaN,NaN,NaN,NaN,NaN,NaN,NaN,NaN
8,NaN,NaN,NaN,NaN,NaN,NaN,NaN,NaN
9,NaN,NaN,NaN,NaN,NaN,NaN,NaN,NaN
10,NaN,NaN,NaN,NaN,NaN,NaN,NaN,NaN
11,NaN,NaN,NaN,NaN,NaN,NaN,NaN,NaN
1,NaN,NaN,NaN,NaN,NaN,NaN,NaN,NaN
2,NaN,NaN,NaN,NaN,NaN,NaN,NaN,NaN
3,NaN,NaN,NaN,NaN,NaN,NaN,NaN,NaN
4,NaN,NaN,NaN,NaN,NaN,NaN,NaN,NaN
5,NaN,NaN,NaN,NaN,NaN,NaN,NaN,NaN
6,NaN,NaN,NaN,NaN,NaN,NaN,NaN,NaN
7,NaN,NaN,NaN,NaN,NaN,NaN,NaN,NaN
8,NaN,NaN,NaN,NaN,NaN,NaN,NaN,NaN
9,NaN,NaN,NaN,NaN,NaN,NaN,NaN,NaN
10,NaN,NaN,NaN,NaN,NaN,NaN,NaN,NaN
11,NaN,NaN,NaN,NaN,NaN,NaN,NaN,NaN
1,NaN,NaN,NaN,NaN,NaN,NaN,NaN,NaN
2,NaN,NaN,NaN,NaN,NaN,NaN,NaN,NaN
3,NaN,NaN,NaN,NaN,NaN,NaN,NaN,NaN
4,NaN,NaN,NaN,NaN,NaN,NaN,NaN,NaN
5,NaN,NaN,NaN,NaN,NaN,NaN,NaN,NaN
6,NaN,NaN,NaN,NaN,NaN,NaN,NaN,NaN
7,NaN,NaN,NaN,NaN,NaN,NaN,NaN,NaN
8,NaN,NaN,NaN,NaN,NaN,NaN,NaN,NaN
9,NaN,NaN,NaN,NaN,NaN,NaN,NaN,NaN
10,NaN,NaN,NaN,NaN,NaN,NaN,NaN,NaN
11,NaN,NaN,NaN,NaN,NaN,NaN,NaN,NaN
1,NaN,NaN,NaN,NaN,NaN,NaN,NaN,NaN
2,NaN,NaN,NaN,NaN,NaN,NaN,NaN,NaN
3,NaN,NaN,NaN,NaN,NaN,NaN,NaN,NaN
4,NaN,NaN,NaN,NaN,NaN,NaN,NaN,NaN
5,NaN,NaN,NaN,NaN,NaN,NaN,NaN,NaN
6,NaN,NaN,NaN,NaN,NaN,NaN,NaN,NaN
7,NaN,NaN,NaN,NaN,NaN,NaN,NaN,NaN
8,NaN,NaN,NaN,NaN,NaN,NaN,NaN,NaN
9,NaN,NaN,NaN,NaN,NaN,NaN,NaN,NaN
10,NaN,NaN,NaN,NaN,NaN,NaN,NaN,NaN
11,NaN,NaN,NaN,NaN,NaN,NaN,NaN,NaN
1,NaN,NaN,NaN,NaN,NaN,NaN,NaN,NaN
2,NaN,NaN,NaN,NaN,NaN,NaN,NaN,NaN
3,NaN,NaN,NaN,NaN,NaN,NaN,NaN,NaN
4,NaN,NaN,NaN,NaN,NaN,NaN,NaN,NaN
5,NaN,NaN,NaN,NaN,NaN,NaN,NaN,NaN
6,NaN,NaN,NaN,NaN,NaN,NaN,NaN,NaN
7,NaN,NaN,NaN,NaN,NaN,NaN,NaN,NaN
8,NaN,NaN,NaN,NaN,NaN,NaN,NaN,NaN
9,NaN,NaN,NaN,NaN,NaN,NaN,NaN,NaN
10,NaN,NaN,NaN,NaN,NaN,NaN,NaN,NaN
11,NaN,NaN,NaN,NaN,NaN,NaN,NaN,NaN
1,NaN,NaN,NaN,NaN,NaN,NaN,NaN,NaN
2,NaN,NaN,NaN,NaN,NaN,NaN,NaN,NaN
3,NaN,NaN,NaN,NaN,NaN,NaN,NaN,NaN
4,NaN,NaN,NaN,NaN,NaN,NaN,NaN,NaN
5,NaN,NaN,NaN,NaN,NaN,NaN,NaN,NaN
6,NaN,NaN,NaN,NaN,NaN,NaN,NaN,NaN
7,NaN,NaN,NaN,NaN,NaN,NaN,NaN,NaN
8,NaN,NaN,NaN,NaN,NaN,NaN,NaN,NaN
9,NaN,NaN,NaN,NaN,NaN,NaN,NaN,NaN
10,NaN,NaN,NaN,NaN,NaN,NaN,NaN,NaN
11,NaN,NaN,NaN,NaN,NaN,NaN,NaN,NaN
1,NaN,NaN,NaN,NaN,NaN,NaN,NaN,NaN
2,NaN,NaN,NaN,NaN,NaN,NaN,NaN,NaN
3,NaN,NaN,NaN,NaN,NaN,NaN,NaN,NaN
4,NaN,NaN,NaN,NaN,NaN,NaN,NaN,NaN
5,NaN,NaN,NaN,NaN,NaN,NaN,NaN,NaN
6,NaN,NaN,NaN,NaN,NaN,NaN,NaN,NaN
7,NaN,NaN,NaN,NaN,NaN,NaN,NaN,NaN
8,NaN,NaN,NaN,NaN,NaN,NaN,NaN,NaN
9,NaN,NaN,NaN,NaN,NaN,NaN,NaN,NaN
10,NaN,NaN,NaN,NaN,NaN,NaN,NaN,NaN
11,NaN,NaN,NaN,NaN,NaN,NaN,NaN,NaN
1,NaN,NaN,NaN,NaN,NaN,NaN,NaN,NaN
2,NaN,NaN,NaN,NaN,NaN,NaN,NaN,NaN
3,NaN,NaN,NaN,NaN,NaN,NaN,NaN,NaN
4,NaN,NaN,NaN,NaN,NaN,NaN,NaN,NaN
5,NaN,NaN,NaN,NaN,NaN,NaN,NaN,NaN
6,NaN,NaN,NaN,NaN,NaN,NaN,NaN,NaN
7,NaN,NaN,NaN,NaN,NaN,NaN,NaN,NaN
8,NaN,NaN,NaN,NaN,NaN,NaN,NaN,NaN
9,NaN,NaN,NaN,NaN,NaN,NaN,NaN,NaN
10,NaN,NaN,NaN,NaN,NaN,NaN,NaN,NaN
11,NaN,NaN,NaN,NaN,NaN,NaN,NaN,NaN
1,NaN,NaN,NaN,NaN,NaN,NaN,NaN,NaN
2,NaN,NaN,NaN,NaN,NaN,NaN,NaN,NaN
3,NaN,NaN,NaN,NaN,NaN,NaN,NaN,NaN
4,NaN,NaN,NaN,NaN,NaN,NaN,NaN,NaN
5,NaN,NaN,NaN,NaN,NaN,NaN,NaN,NaN
6,NaN,NaN,NaN,NaN,NaN,NaN,NaN,NaN
7,NaN,NaN,NaN,NaN,NaN,NaN,NaN,NaN
8,NaN,NaN,NaN,NaN,NaN,NaN,NaN,NaN
9,NaN,NaN,NaN,NaN,NaN,NaN,NaN,NaN
10,NaN,NaN,NaN,NaN,NaN,NaN,NaN,NaN
11,NaN,NaN,NaN,NaN,NaN,NaN,NaN,NaN
1,NaN,NaN,NaN,NaN,NaN,NaN,NaN,NaN
2,NaN,NaN,NaN,NaN,NaN,NaN,NaN,NaN
3,NaN,NaN,NaN,NaN,NaN,NaN,NaN,NaN
4,NaN,NaN,NaN,NaN,NaN,NaN,NaN,NaN
5,NaN,NaN,NaN,NaN,NaN,NaN,NaN,NaN
6,NaN,NaN,NaN,NaN,NaN,NaN,NaN,NaN
7,NaN,NaN,NaN,NaN,NaN,NaN,NaN,NaN
8,NaN,NaN,NaN,NaN,NaN,NaN,NaN,NaN
9,NaN,NaN,NaN,NaN,NaN,NaN,NaN,NaN
10,NaN,NaN,NaN,NaN,NaN,NaN,NaN,NaN
11,NaN,NaN,NaN,NaN,NaN,NaN,NaN,NaN
1,NaN,NaN,NaN,NaN,NaN,NaN,NaN,NaN
2,NaN,NaN,NaN,NaN,NaN,NaN,NaN,NaN
3,NaN,NaN,NaN,NaN,NaN,NaN,NaN,NaN
4,NaN,NaN,NaN,NaN,NaN,NaN,NaN,NaN
5,NaN,NaN,NaN,NaN,NaN,NaN,NaN,NaN
6,NaN,NaN,NaN,NaN,NaN,NaN,NaN,NaN
7,NaN,NaN,NaN,NaN,NaN,NaN,NaN,NaN
8,NaN,NaN,NaN,NaN,NaN,NaN,NaN,NaN
9,NaN,NaN,NaN,NaN,NaN,NaN,NaN,NaN
10,NaN,NaN,NaN,NaN,NaN,NaN,NaN,NaN
11,NaN,NaN,NaN,NaN,NaN,NaN,NaN,NaN
1,NaN,NaN,NaN,NaN,NaN,NaN,NaN,NaN
2,NaN,NaN,NaN,NaN,NaN,NaN,NaN,NaN
3,NaN,NaN,NaN,NaN,NaN,NaN,NaN,NaN
4,NaN,NaN,NaN,NaN,NaN,NaN,NaN,NaN
5,NaN,NaN,NaN,NaN,NaN,NaN,NaN,NaN
6,NaN,NaN,NaN,NaN,NaN,NaN,NaN,NaN
7,NaN,NaN,NaN,NaN,NaN,NaN,NaN,NaN
8,NaN,NaN,NaN,NaN,NaN,NaN,NaN,NaN
9,NaN,NaN,NaN,NaN,NaN,NaN,NaN,NaN
10,NaN,NaN,NaN,NaN,NaN,NaN,NaN,NaN
11,NaN,NaN,NaN,NaN,NaN,NaN,NaN,NaN
1,NaN,NaN,NaN,NaN,NaN,NaN,NaN,NaN
2,NaN,NaN,NaN,NaN,NaN,NaN,NaN,NaN
3,NaN,NaN,NaN,NaN,NaN,NaN,NaN,NaN
4,NaN,NaN,NaN,NaN,NaN,NaN,NaN,NaN
5,NaN,NaN,NaN,NaN,NaN,NaN,NaN,NaN
6,NaN,NaN,NaN,NaN,NaN,NaN,NaN,NaN
7,NaN,NaN,NaN,NaN,NaN,NaN,NaN,NaN
8,NaN,NaN,NaN,NaN,NaN,NaN,NaN,NaN
9,NaN,NaN,NaN,NaN,NaN,NaN,NaN,NaN
10,NaN,NaN,NaN,NaN,NaN,NaN,NaN,NaN
11,NaN,NaN,NaN,NaN,NaN,NaN,NaN,NaN
1,NaN,NaN,NaN,NaN,NaN,NaN,NaN,NaN
2,NaN,NaN,NaN,NaN,NaN,NaN,NaN,NaN
3,NaN,NaN,NaN,NaN,NaN,NaN,NaN,NaN
4,NaN,NaN,NaN,NaN,NaN,NaN,NaN,NaN
5,NaN,NaN,NaN,NaN,NaN,NaN,NaN,NaN
6,NaN,NaN,NaN,NaN,NaN,NaN,NaN,NaN
7,NaN,NaN,NaN,NaN,NaN,NaN,NaN,NaN
8,NaN,NaN,NaN,NaN,NaN,NaN,NaN,NaN
9,NaN,NaN,NaN,NaN,NaN,NaN,NaN,NaN
10,NaN,NaN,NaN,NaN,NaN,NaN,NaN,NaN
11,NaN,NaN,NaN,NaN,NaN,NaN,NaN,NaN
1,NaN,NaN,NaN,NaN,NaN,NaN,NaN,NaN
2,NaN,NaN,NaN,NaN,NaN,NaN,NaN,NaN
3,NaN,NaN,NaN,NaN,NaN,NaN,NaN,NaN
4,NaN,NaN,NaN,NaN,NaN,NaN,NaN,NaN
5,NaN,NaN,NaN,NaN,NaN,NaN,NaN,NaN
6,NaN,NaN,NaN,NaN,NaN,NaN,NaN,NaN
7,NaN,NaN,NaN,NaN,NaN,NaN,NaN,NaN
8,NaN,NaN,NaN,NaN,NaN,NaN,NaN,NaN
9,NaN,NaN,NaN,NaN,NaN,NaN,NaN,NaN
10,NaN,NaN,NaN,NaN,NaN,NaN,NaN,NaN
11,NaN,NaN,NaN,NaN,NaN,NaN,NaN,NaN
1,NaN,NaN,NaN,NaN,NaN,NaN,NaN,NaN
2,NaN,NaN,NaN,NaN,NaN,NaN,NaN,NaN
3,NaN,NaN,NaN,NaN,NaN,NaN,NaN,NaN
4,NaN,NaN,NaN,NaN,NaN,NaN,NaN,NaN
5,NaN,NaN,NaN,NaN,NaN,NaN,NaN,NaN
6,NaN,NaN,NaN,NaN,NaN,NaN,NaN,NaN
7,NaN,NaN,NaN,NaN,NaN,NaN,NaN,NaN
8,NaN,NaN,NaN,NaN,NaN,NaN,NaN,NaN
9,NaN,NaN,NaN,NaN,NaN,NaN,NaN,NaN
10,NaN,NaN,NaN,NaN,NaN,NaN,NaN,NaN
11,NaN,NaN,NaN,NaN,NaN,NaN,NaN,NaN
1,NaN,NaN,NaN,NaN,NaN,NaN,NaN,NaN
2,NaN,NaN,NaN,NaN,NaN,NaN,NaN,NaN
3,NaN,NaN,NaN,NaN,NaN,NaN,NaN,NaN
4,NaN,NaN,NaN,NaN,NaN,NaN,NaN,NaN
5,NaN,NaN,NaN,NaN,NaN,NaN,NaN,NaN
6,NaN,NaN,NaN,NaN,NaN,NaN,NaN,NaN
7,NaN,NaN,NaN,NaN,NaN,NaN,NaN,NaN
8,NaN,NaN,NaN,NaN,NaN,NaN,NaN,NaN
9,NaN,NaN,NaN,NaN,NaN,NaN,NaN,NaN
10,NaN,NaN,NaN,NaN,NaN,NaN,NaN,NaN
11,NaN,NaN,NaN,NaN,NaN,NaN,NaN,NaN
1,NaN,NaN,NaN,NaN,NaN,NaN,NaN,NaN
2,NaN,NaN,NaN,NaN,NaN,NaN,NaN,NaN
3,NaN,NaN,NaN,NaN,NaN,NaN,NaN,NaN
4,NaN,NaN,NaN,NaN,NaN,NaN,NaN,NaN
5,NaN,NaN,NaN,NaN,NaN,NaN,NaN,NaN
6,NaN,NaN,NaN,NaN,NaN,NaN,NaN,NaN
7,NaN,NaN,NaN,NaN,NaN,NaN,NaN,NaN
8,NaN,NaN,NaN,NaN,NaN,NaN,NaN,NaN
9,NaN,NaN,NaN,NaN,NaN,NaN,NaN,NaN
10,NaN,NaN,NaN,NaN,NaN,NaN,NaN,NaN
11,NaN,NaN,NaN,NaN,NaN,NaN,NaN,NaN
1,NaN,NaN,NaN,NaN,NaN,NaN,NaN,NaN
2,NaN,NaN,NaN,NaN,NaN,NaN,NaN,NaN
3,NaN,NaN,NaN,NaN,NaN,NaN,NaN,NaN
4,NaN,NaN,NaN,NaN,NaN,NaN,NaN,NaN
5,NaN,NaN,NaN,NaN,NaN,NaN,NaN,NaN
6,NaN,NaN,NaN,NaN,NaN,NaN,NaN,NaN
7,NaN,NaN,NaN,NaN,NaN,NaN,NaN,NaN
8,NaN,NaN,NaN,NaN,NaN,NaN,NaN,NaN
9,NaN,NaN,NaN,NaN,NaN,NaN,NaN,NaN
10,NaN,NaN,NaN,NaN,NaN,NaN,NaN,NaN
11,NaN,NaN,NaN,NaN,NaN,NaN,NaN,NaN
1,NaN,NaN,NaN,NaN,NaN,NaN,NaN,NaN
2,NaN,NaN,NaN,NaN,NaN,NaN,NaN,NaN
3,NaN,NaN,NaN,NaN,NaN,NaN,NaN,NaN
4,NaN,NaN,NaN,NaN,NaN,NaN,NaN,NaN
5,NaN,NaN,NaN,NaN,NaN,NaN,NaN,NaN
6,NaN,NaN,NaN,NaN,NaN,NaN,NaN,NaN
7,NaN,NaN,NaN,NaN,NaN,NaN,NaN,NaN
8,NaN,NaN,NaN,NaN,NaN,NaN,NaN,NaN
9,NaN,NaN,NaN,NaN,NaN,NaN,NaN,NaN
10,NaN,NaN,NaN,NaN,NaN,NaN,NaN,NaN
11,NaN,NaN,NaN,NaN,NaN,NaN,NaN,NaN
1,NaN,NaN,NaN,NaN,NaN,NaN,NaN,NaN
2,NaN,NaN,NaN,NaN,NaN,NaN,NaN,NaN
3,NaN,NaN,NaN,NaN,NaN,NaN,NaN,NaN
4,NaN,NaN,NaN,NaN,NaN,NaN,NaN,NaN
5,NaN,NaN,NaN,NaN,NaN,NaN,NaN,NaN
6,NaN,NaN,NaN,NaN,NaN,NaN,NaN,NaN
7,NaN,NaN,NaN,NaN,NaN,NaN,NaN,NaN
8,NaN,NaN,NaN,NaN,NaN,NaN,NaN,NaN
9,NaN,NaN,NaN,NaN,NaN,NaN,NaN,NaN
10,NaN,NaN,NaN,NaN,NaN,NaN,NaN,NaN
11,NaN,NaN,NaN,NaN,NaN,NaN,NaN,NaN
1,NaN,NaN,NaN,NaN,NaN,NaN,NaN,NaN
2,NaN,NaN,NaN,NaN,NaN,NaN,NaN,NaN
3,NaN,NaN,NaN,NaN,NaN,NaN,NaN,NaN
4,NaN,NaN,NaN,NaN,NaN,NaN,NaN,NaN
5,NaN,NaN,NaN,NaN,NaN,NaN,NaN,NaN
6,NaN,NaN,NaN,NaN,NaN,NaN,NaN,NaN
7,NaN,NaN,NaN,NaN,NaN,NaN,NaN,NaN
8,NaN,NaN,NaN,NaN,NaN,NaN,NaN,NaN
9,NaN,NaN,NaN,NaN,NaN,NaN,NaN,NaN
10,NaN,NaN,NaN,NaN,NaN,NaN,NaN,NaN
11,NaN,NaN,NaN,NaN,NaN,NaN,NaN,NaN
1,NaN,NaN,NaN,NaN,NaN,NaN,NaN,NaN
2,NaN,NaN,NaN,NaN,NaN,NaN,NaN,NaN
3,NaN,NaN,NaN,NaN,NaN,NaN,NaN,NaN
4,NaN,NaN,NaN,NaN,NaN,NaN,NaN,NaN
5,NaN,NaN,NaN,NaN,NaN,NaN,NaN,NaN
6,NaN,NaN,NaN,NaN,NaN,NaN,NaN,NaN
7,NaN,NaN,NaN,NaN,NaN,NaN,NaN,NaN
8,NaN,NaN,NaN,NaN,NaN,NaN,NaN,NaN
9,NaN,NaN,NaN,NaN,NaN,NaN,NaN,NaN
10,NaN,NaN,NaN,NaN,NaN,NaN,NaN,NaN
11,NaN,NaN,NaN,NaN,NaN,NaN,NaN,NaN
1,NaN,NaN,NaN,NaN,NaN,NaN,NaN,NaN
2,NaN,NaN,NaN,NaN,NaN,NaN,NaN,NaN
3,NaN,NaN,NaN,NaN,NaN,NaN,NaN,NaN
4,NaN,NaN,NaN,NaN,NaN,NaN,NaN,NaN
5,NaN,NaN,NaN,NaN,NaN,NaN,NaN,NaN
6,NaN,NaN,NaN,NaN,NaN,NaN,NaN,NaN
7,NaN,NaN,NaN,NaN,NaN,NaN,NaN,NaN
8,NaN,NaN,NaN,NaN,NaN,NaN,NaN,NaN
9,NaN,NaN,NaN,NaN,NaN,NaN,NaN,NaN
10,NaN,NaN,NaN,NaN,NaN,NaN,NaN,NaN
11,NaN,NaN,NaN,NaN,NaN,NaN,NaN,NaN
1,NaN,NaN,NaN,NaN,NaN,NaN,NaN,NaN
2,NaN,NaN,NaN,NaN,NaN,NaN,NaN,NaN
3,NaN,NaN,NaN,NaN,NaN,NaN,NaN,NaN
4,NaN,NaN,NaN,NaN,NaN,NaN,NaN,NaN
5,NaN,NaN,NaN,NaN,NaN,NaN,NaN,NaN
6,NaN,NaN,NaN,NaN,NaN,NaN,NaN,NaN
7,NaN,NaN,NaN,NaN,NaN,NaN,NaN,NaN
8,NaN,NaN,NaN,NaN,NaN,NaN,NaN,NaN
9,NaN,NaN,NaN,NaN,NaN,NaN,NaN,NaN
10,NaN,NaN,NaN,NaN,NaN,NaN,NaN,NaN
11,NaN,NaN,NaN,NaN,NaN,NaN,NaN,NaN
1,NaN,NaN,NaN,NaN,NaN,NaN,NaN,NaN
2,NaN,NaN,NaN,NaN,NaN,NaN,NaN,NaN
3,NaN,NaN,NaN,NaN,NaN,NaN,NaN,NaN
4,NaN,NaN,NaN,NaN,NaN,NaN,NaN,NaN
5,NaN,NaN,NaN,NaN,NaN,NaN,NaN,NaN
6,NaN,NaN,NaN,NaN,NaN,NaN,NaN,NaN
7,NaN,NaN,NaN,NaN,NaN,NaN,NaN,NaN
8,NaN,NaN,NaN,NaN,NaN,NaN,NaN,NaN
9,NaN,NaN,NaN,NaN,NaN,NaN,NaN,NaN
10,NaN,NaN,NaN,NaN,NaN,NaN,NaN,NaN
11,NaN,NaN,NaN,NaN,NaN,NaN,NaN,NaN
1,NaN,NaN,NaN,NaN,NaN,NaN,NaN,NaN
2,NaN,NaN,NaN,NaN,NaN,NaN,NaN,NaN
3,NaN,NaN,NaN,NaN,NaN,NaN,NaN,NaN
4,NaN,NaN,NaN,NaN,NaN,NaN,NaN,NaN
5,NaN,NaN,NaN,NaN,NaN,NaN,NaN,NaN
6,NaN,NaN,NaN,NaN,NaN,NaN,NaN,NaN
7,NaN,NaN,NaN,NaN,NaN,NaN,NaN,NaN
8,NaN,NaN,NaN,NaN,NaN,NaN,NaN,NaN
9,NaN,NaN,NaN,NaN,NaN,NaN,NaN,NaN
10,NaN,NaN,NaN,NaN,NaN,NaN,NaN,NaN
11,NaN,NaN,NaN,NaN,NaN,NaN,NaN,NaN
1,NaN,NaN,NaN,NaN,NaN,NaN,NaN,NaN
2,NaN,NaN,NaN,NaN,NaN,NaN,NaN,NaN
3,NaN,NaN,NaN,NaN,NaN,NaN,NaN,NaN
4,NaN,NaN,NaN,NaN,NaN,NaN,NaN,NaN
5,NaN,NaN,NaN,NaN,NaN,NaN,NaN,NaN
6,NaN,NaN,NaN,NaN,NaN,NaN,NaN,NaN
7,NaN,NaN,NaN,NaN,NaN,NaN,NaN,NaN
8,NaN,NaN,NaN,NaN,NaN,NaN,NaN,NaN
9,NaN,NaN,NaN,NaN,NaN,NaN,NaN,NaN
10,NaN,NaN,NaN,NaN,NaN,NaN,NaN,NaN
11,NaN,NaN,NaN,NaN,NaN,NaN,NaN,NaN
1,NaN,NaN,NaN,NaN,NaN,NaN,NaN,NaN
2,NaN,NaN,NaN,NaN,NaN,NaN,NaN,NaN
3,NaN,NaN,NaN,NaN,NaN,NaN,NaN,NaN
4,NaN,NaN,NaN,NaN,NaN,NaN,NaN,NaN
5,NaN,NaN,NaN,NaN,NaN,NaN,NaN,NaN
6,NaN,NaN,NaN,NaN,NaN,NaN,NaN,NaN
7,NaN,NaN,NaN,NaN,NaN,NaN,NaN,NaN
8,NaN,NaN,NaN,NaN,NaN,NaN,NaN,NaN
9,NaN,NaN,NaN,NaN,NaN,NaN,NaN,NaN
10,NaN,NaN,NaN,NaN,NaN,NaN,NaN,NaN
11,NaN,NaN,NaN,NaN,NaN,NaN,NaN,NaN
1,NaN,NaN,NaN,NaN,NaN,NaN,NaN,NaN
2,NaN,NaN,NaN,NaN,NaN,NaN,NaN,NaN
3,NaN,NaN,NaN,NaN,NaN,NaN,NaN,NaN
4,NaN,NaN,NaN,NaN,NaN,NaN,NaN,NaN
5,NaN,NaN,NaN,NaN,NaN,NaN,NaN,NaN
6,NaN,NaN,NaN,NaN,NaN,NaN,NaN,NaN
7,NaN,NaN,NaN,NaN,NaN,NaN,NaN,NaN
8,NaN,NaN,NaN,NaN,NaN,NaN,NaN,NaN
9,NaN,NaN,NaN,NaN,NaN,NaN,NaN,NaN
10,NaN,NaN,NaN,NaN,NaN,NaN,NaN,NaN
11,NaN,NaN,NaN,NaN,NaN,NaN,NaN,NaN
1,NaN,NaN,NaN,NaN,NaN,NaN,NaN,NaN
2,NaN,NaN,NaN,NaN,NaN,NaN,NaN,NaN
3,NaN,NaN,NaN,NaN,NaN,NaN,NaN,NaN
4,NaN,NaN,NaN,NaN,NaN,NaN,NaN,NaN
5,NaN,NaN,NaN,NaN,NaN,NaN,NaN,NaN
6,NaN,NaN,NaN,NaN,NaN,NaN,NaN,NaN
7,NaN,NaN,NaN,NaN,NaN,NaN,NaN,NaN
8,NaN,NaN,NaN,NaN,NaN,NaN,NaN,NaN
9,NaN,NaN,NaN,NaN,NaN,NaN,NaN,NaN
10,NaN,NaN,NaN,NaN,NaN,NaN,NaN,NaN
11,NaN,NaN,NaN,NaN,NaN,NaN,NaN,NaN
1,NaN,NaN,NaN,NaN,NaN,NaN,NaN,NaN
2,NaN,NaN,NaN,NaN,NaN,NaN,NaN,NaN
3,NaN,NaN,NaN,NaN,NaN,NaN,NaN,NaN
4,NaN,NaN,NaN,NaN,NaN,NaN,NaN,NaN
5,NaN,NaN,NaN,NaN,NaN,NaN,NaN,NaN
6,NaN,NaN,NaN,NaN,NaN,NaN,NaN,NaN
7,NaN,NaN,NaN,NaN,NaN,NaN,NaN,NaN
8,NaN,NaN,NaN,NaN,NaN,NaN,NaN,NaN
9,NaN,NaN,NaN,NaN,NaN,NaN,NaN,NaN
10,NaN,NaN,NaN,NaN,NaN,NaN,NaN,NaN
11,NaN,NaN,NaN,NaN,NaN,NaN,NaN,NaN
1,NaN,NaN,NaN,NaN,NaN,NaN,NaN,NaN
2,NaN,NaN,NaN,NaN,NaN,NaN,NaN,NaN
3,NaN,NaN,NaN,NaN,NaN,NaN,NaN,NaN
4,NaN,NaN,NaN,NaN,NaN,NaN,NaN,NaN
5,NaN,NaN,NaN,NaN,NaN,NaN,NaN,NaN
6,NaN,NaN,NaN,NaN,NaN,NaN,NaN,NaN
7,NaN,NaN,NaN,NaN,NaN,NaN,NaN,NaN
8,NaN,NaN,NaN,NaN,NaN,NaN,NaN,NaN
9,NaN,NaN,NaN,NaN,NaN,NaN,NaN,NaN
10,NaN,NaN,NaN,NaN,NaN,NaN,NaN,NaN
11,NaN,NaN,NaN,NaN,NaN,NaN,NaN,NaN
1,NaN,NaN,NaN,NaN,NaN,NaN,NaN,NaN
2,NaN,NaN,NaN,NaN,NaN,NaN,NaN,NaN
3,NaN,NaN,NaN,NaN,NaN,NaN,NaN,NaN
4,NaN,NaN,NaN,NaN,NaN,NaN,NaN,NaN
5,NaN,NaN,NaN,NaN,NaN,NaN,NaN,NaN
6,NaN,NaN,NaN,NaN,NaN,NaN,NaN,NaN
7,NaN,NaN,NaN,NaN,NaN,NaN,NaN,NaN
8,NaN,NaN,NaN,NaN,NaN,NaN,NaN,NaN
9,NaN,NaN,NaN,NaN,NaN,NaN,NaN,NaN
10,NaN,NaN,NaN,NaN,NaN,NaN,NaN,NaN
11,NaN,NaN,NaN,NaN,NaN,NaN,NaN,NaN
1,NaN,NaN,NaN,NaN,NaN,NaN,NaN,NaN
2,NaN,NaN,NaN,NaN,NaN,NaN,NaN,NaN
3,NaN,NaN,NaN,NaN,NaN,NaN,NaN,NaN
4,NaN,NaN,NaN,NaN,NaN,NaN,NaN,NaN
5,NaN,NaN,NaN,NaN,NaN,NaN,NaN,NaN
6,NaN,NaN,NaN,NaN,NaN,NaN,NaN,NaN
7,NaN,NaN,NaN,NaN,NaN,NaN,NaN,NaN
8,NaN,NaN,NaN,NaN,NaN,NaN,NaN,NaN
9,NaN,NaN,NaN,NaN,NaN,NaN,NaN,NaN
10,NaN,NaN,NaN,NaN,NaN,NaN,NaN,NaN
11,NaN,NaN,NaN,NaN,NaN,NaN,NaN,NaN
1,NaN,NaN,NaN,NaN,NaN,NaN,NaN,NaN
2,NaN,NaN,NaN,NaN,NaN,NaN,NaN,NaN
3,NaN,NaN,NaN,NaN,NaN,NaN,NaN,NaN
4,NaN,NaN,NaN,NaN,NaN,NaN,NaN,NaN
5,NaN,NaN,NaN,NaN,NaN,NaN,NaN,NaN
6,NaN,NaN,NaN,NaN,NaN,NaN,NaN,NaN
7,NaN,NaN,NaN,NaN,NaN,NaN,NaN,NaN
8,NaN,NaN,NaN,NaN,NaN,NaN,NaN,NaN
9,NaN,NaN,NaN,NaN,NaN,NaN,NaN,NaN
10,NaN,NaN,NaN,NaN,NaN,NaN,NaN,NaN
11,NaN,NaN,NaN,NaN,NaN,NaN,NaN,NaN
1,NaN,NaN,NaN,NaN,NaN,NaN,NaN,NaN
2,NaN,NaN,NaN,NaN,NaN,NaN,NaN,NaN
3,NaN,NaN,NaN,NaN,NaN,NaN,NaN,NaN
4,NaN,NaN,NaN,NaN,NaN,NaN,NaN,NaN
5,NaN,NaN,NaN,NaN,NaN,NaN,NaN,NaN
6,NaN,NaN,NaN,NaN,NaN,NaN,NaN,NaN
7,NaN,NaN,NaN,NaN,NaN,NaN,NaN,NaN
8,NaN,NaN,NaN,NaN,NaN,NaN,NaN,NaN
9,NaN,NaN,NaN,NaN,NaN,NaN,NaN,NaN
10,NaN,NaN,NaN,NaN,NaN,NaN,NaN,NaN
11,NaN,NaN,NaN,NaN,NaN,NaN,NaN,NaN
1,NaN,NaN,NaN,NaN,NaN,NaN,NaN,NaN
2,NaN,NaN,NaN,NaN,NaN,NaN,NaN,NaN
3,NaN,NaN,NaN,NaN,NaN,NaN,NaN,NaN
4,NaN,NaN,NaN,NaN,NaN,NaN,NaN,NaN
5,NaN,NaN,NaN,NaN,NaN,NaN,NaN,NaN
6,NaN,NaN,NaN,NaN,NaN,NaN,NaN,NaN
7,NaN,NaN,NaN,NaN,NaN,NaN,NaN,NaN
8,NaN,NaN,NaN,NaN,NaN,NaN,NaN,NaN
9,NaN,NaN,NaN,NaN,NaN,NaN,NaN,NaN
10,NaN,NaN,NaN,NaN,NaN,NaN,NaN,NaN
11,NaN,NaN,NaN,NaN,NaN,NaN,NaN,NaN
1,NaN,NaN,NaN,NaN,NaN,NaN,NaN,NaN
2,NaN,NaN,NaN,NaN,NaN,NaN,NaN,NaN
3,NaN,NaN,NaN,NaN,NaN,NaN,NaN,NaN
4,NaN,NaN,NaN,NaN,NaN,NaN,NaN,NaN
5,NaN,NaN,NaN,NaN,NaN,NaN,NaN,NaN
6,NaN,NaN,NaN,NaN,NaN,NaN,NaN,NaN
7,NaN,NaN,NaN,NaN,NaN,NaN,NaN,NaN
8,NaN,NaN,NaN,NaN,NaN,NaN,NaN,NaN
9,NaN,NaN,NaN,NaN,NaN,NaN,NaN,NaN
10,NaN,NaN,NaN,NaN,NaN,NaN,NaN,NaN
11,NaN,NaN,NaN,NaN,NaN,NaN,NaN,NaN
1,NaN,NaN,NaN,NaN,NaN,NaN,NaN,NaN
2,NaN,NaN,NaN,NaN,NaN,NaN,NaN,NaN
3,NaN,NaN,NaN,NaN,NaN,NaN,NaN,NaN
4,NaN,NaN,NaN,NaN,NaN,NaN,NaN,NaN
5,NaN,NaN,NaN,NaN,NaN,NaN,NaN,NaN
6,NaN,NaN,NaN,NaN,NaN,NaN,NaN,NaN
7,NaN,NaN,NaN,NaN,NaN,NaN,NaN,NaN
8,NaN,NaN,NaN,NaN,NaN,NaN,NaN,NaN
9,NaN,NaN,NaN,NaN,NaN,NaN,NaN,NaN
10,NaN,NaN,NaN,NaN,NaN,NaN,NaN,NaN
11,NaN,NaN,NaN,NaN,NaN,NaN,NaN,NaN
1,NaN,NaN,NaN,NaN,NaN,NaN,NaN,NaN
2,NaN,NaN,NaN,NaN,NaN,NaN,NaN,NaN
3,NaN,NaN,NaN,NaN,NaN,NaN,NaN,NaN
4,NaN,NaN,NaN,NaN,NaN,NaN,NaN,NaN
5,NaN,NaN,NaN,NaN,NaN,NaN,NaN,NaN
6,NaN,NaN,NaN,NaN,NaN,NaN,NaN,NaN
7,NaN,NaN,NaN,NaN,NaN,NaN,NaN,NaN
8,NaN,NaN,NaN,NaN,NaN,NaN,NaN,NaN
9,NaN,NaN,NaN,NaN,NaN,NaN,NaN,NaN
10,NaN,NaN,NaN,NaN,NaN,NaN,NaN,NaN
11,NaN,NaN,NaN,NaN,NaN,NaN,NaN,NaN
1,NaN,NaN,NaN,NaN,NaN,NaN,NaN,NaN
2,NaN,NaN,NaN,NaN,NaN,NaN,NaN,NaN
3,NaN,NaN,NaN,NaN,NaN,NaN,NaN,NaN
4,NaN,NaN,NaN,NaN,NaN,NaN,NaN,NaN
5,NaN,NaN,NaN,NaN,NaN,NaN,NaN,NaN
6,NaN,NaN,NaN,NaN,NaN,NaN,NaN,NaN
7,NaN,NaN,NaN,NaN,NaN,NaN,NaN,NaN
8,NaN,NaN,NaN,NaN,NaN,NaN,NaN,NaN
9,NaN,NaN,NaN,NaN,NaN,NaN,NaN,NaN
10,NaN,NaN,NaN,NaN,NaN,NaN,NaN,NaN
11,NaN,NaN,NaN,NaN,NaN,NaN,NaN,NaN
1,NaN,NaN,NaN,NaN,NaN,NaN,NaN,NaN
2,NaN,NaN,NaN,NaN,NaN,NaN,NaN,NaN
3,NaN,NaN,NaN,NaN,NaN,NaN,NaN,NaN
4,NaN,NaN,NaN,NaN,NaN,NaN,NaN,NaN
5,NaN,NaN,NaN,NaN,NaN,NaN,NaN,NaN
6,NaN,NaN,NaN,NaN,NaN,NaN,NaN,NaN
7,NaN,NaN,NaN,NaN,NaN,NaN,NaN,NaN
8,NaN,NaN,NaN,NaN,NaN,NaN,NaN,NaN
9,NaN,NaN,NaN,NaN,NaN,NaN,NaN,NaN
10,NaN,NaN,NaN,NaN,NaN,NaN,NaN,NaN
11,NaN,NaN,NaN,NaN,NaN,NaN,NaN,NaN
1,NaN,NaN,NaN,NaN,NaN,NaN,NaN,NaN
2,NaN,NaN,NaN,NaN,NaN,NaN,NaN,NaN
3,NaN,NaN,NaN,NaN,NaN,NaN,NaN,NaN
4,NaN,NaN,NaN,NaN,NaN,NaN,NaN,NaN
5,NaN,NaN,NaN,NaN,NaN,NaN,NaN,NaN
6,NaN,NaN,NaN,NaN,NaN,NaN,NaN,NaN
7,NaN,NaN,NaN,NaN,NaN,NaN,NaN,NaN
8,NaN,NaN,NaN,NaN,NaN,NaN,NaN,NaN
9,NaN,NaN,NaN,NaN,NaN,NaN,NaN,NaN
10,NaN,NaN,NaN,NaN,NaN,NaN,NaN,NaN
11,NaN,NaN,NaN,NaN,NaN,NaN,NaN,NaN
1,NaN,NaN,NaN,NaN,NaN,NaN,NaN,NaN
2,NaN,NaN,NaN,NaN,NaN,NaN,NaN,NaN
3,NaN,NaN,NaN,NaN,NaN,NaN,NaN,NaN
4,NaN,NaN,NaN,NaN,NaN,NaN,NaN,NaN
5,NaN,NaN,NaN,NaN,NaN,NaN,NaN,NaN
6,NaN,NaN,NaN,NaN,NaN,NaN,NaN,NaN
7,NaN,NaN,NaN,NaN,NaN,NaN,NaN,NaN
8,NaN,NaN,NaN,NaN,NaN,NaN,NaN,NaN
9,NaN,NaN,NaN,NaN,NaN,NaN,NaN,NaN
10,NaN,NaN,NaN,NaN,NaN,NaN,NaN,NaN
11,NaN,NaN,NaN,NaN,NaN,NaN,NaN,NaN
1,NaN,NaN,NaN,NaN,NaN,NaN,NaN,NaN
2,NaN,NaN,NaN,NaN,NaN,NaN,NaN,NaN
3,NaN,NaN,NaN,NaN,NaN,NaN,NaN,NaN
4,NaN,NaN,NaN,NaN,NaN,NaN,NaN,NaN
5,NaN,NaN,NaN,NaN,NaN,NaN,NaN,NaN
6,NaN,NaN,NaN,NaN,NaN,NaN,NaN,NaN
7,NaN,NaN,NaN,NaN,NaN,NaN,NaN,NaN
8,NaN,NaN,NaN,NaN,NaN,NaN,NaN,NaN
9,NaN,NaN,NaN,NaN,NaN,NaN,NaN,NaN
10,NaN,NaN,NaN,NaN,NaN,NaN,NaN,NaN
11,NaN,NaN,NaN,NaN,NaN,NaN,NaN,NaN
1,NaN,NaN,NaN,NaN,NaN,NaN,NaN,NaN
2,NaN,NaN,NaN,NaN,NaN,NaN,NaN,NaN
3,NaN,NaN,NaN,NaN,NaN,NaN,NaN,NaN
4,NaN,NaN,NaN,NaN,NaN,NaN,NaN,NaN
5,NaN,NaN,NaN,NaN,NaN,NaN,NaN,NaN
6,NaN,NaN,NaN,NaN,NaN,NaN,NaN,NaN
7,NaN,NaN,NaN,NaN,NaN,NaN,NaN,NaN
8,NaN,NaN,NaN,NaN,NaN,NaN,NaN,NaN
9,NaN,NaN,NaN,NaN,NaN,NaN,NaN,NaN
10,NaN,NaN,NaN,NaN,NaN,NaN,NaN,NaN
11,NaN,NaN,NaN,NaN,NaN,NaN,NaN,NaN
1,NaN,NaN,NaN,NaN,NaN,NaN,NaN,NaN
2,NaN,NaN,NaN,NaN,NaN,NaN,NaN,NaN
3,NaN,NaN,NaN,NaN,NaN,NaN,NaN,NaN
4,NaN,NaN,NaN,NaN,NaN,NaN,NaN,NaN
5,NaN,NaN,NaN,NaN,NaN,NaN,NaN,NaN
6,NaN,NaN,NaN,NaN,NaN,NaN,NaN,NaN
7,NaN,NaN,NaN,NaN,NaN,NaN,NaN,NaN
8,NaN,NaN,NaN,NaN,NaN,NaN,NaN,NaN
9,NaN,NaN,NaN,NaN,NaN,NaN,NaN,NaN
10,NaN,NaN,NaN,NaN,NaN,NaN,NaN,NaN
11,NaN,NaN,NaN,NaN,NaN,NaN,NaN,NaN
1,NaN,NaN,NaN,NaN,NaN,NaN,NaN,NaN
2,NaN,NaN,NaN,NaN,NaN,NaN,NaN,NaN
3,NaN,NaN,NaN,NaN,NaN,NaN,NaN,NaN
4,NaN,NaN,NaN,NaN,NaN,NaN,NaN,NaN
5,NaN,NaN,NaN,NaN,NaN,NaN,NaN,NaN
6,NaN,NaN,NaN,NaN,NaN,NaN,NaN,NaN
7,NaN,NaN,NaN,NaN,NaN,NaN,NaN,NaN
8,NaN,NaN,NaN,NaN,NaN,NaN,NaN,NaN
9,NaN,NaN,NaN,NaN,NaN,NaN,NaN,NaN
10,NaN,NaN,NaN,NaN,NaN,NaN,NaN,NaN
11,NaN,NaN,NaN,NaN,NaN,NaN,NaN,NaN
1,NaN,NaN,NaN,NaN,NaN,NaN,NaN,NaN
2,NaN,NaN,NaN,NaN,NaN,NaN,NaN,NaN
3,NaN,NaN,NaN,NaN,NaN,NaN,NaN,NaN
4,NaN,NaN,NaN,NaN,NaN,NaN,NaN,NaN
5,NaN,NaN,NaN,NaN,NaN,NaN,NaN,NaN
6,NaN,NaN,NaN,NaN,NaN,NaN,NaN,NaN
7,NaN,NaN,NaN,NaN,NaN,NaN,NaN,NaN
8,NaN,NaN,NaN,NaN,NaN,NaN,NaN,NaN
9,NaN,NaN,NaN,NaN,NaN,NaN,NaN,NaN
10,NaN,NaN,NaN,NaN,NaN,NaN,NaN,NaN
11,NaN,NaN,NaN,NaN,NaN,NaN,NaN,NaN
1,NaN,NaN,NaN,NaN,NaN,NaN,NaN,NaN
2,NaN,NaN,NaN,NaN,NaN,NaN,NaN,NaN
3,NaN,NaN,NaN,NaN,NaN,NaN,NaN,NaN
4,NaN,NaN,NaN,NaN,NaN,NaN,NaN,NaN
5,NaN,NaN,NaN,NaN,NaN,NaN,NaN,NaN
6,NaN,NaN,NaN,NaN,NaN,NaN,NaN,NaN
7,NaN,NaN,NaN,NaN,NaN,NaN,NaN,NaN
8,NaN,NaN,NaN,NaN,NaN,NaN,NaN,NaN
9,NaN,NaN,NaN,NaN,NaN,NaN,NaN,NaN
10,NaN,NaN,NaN,NaN,NaN,NaN,NaN,NaN
11,NaN,NaN,NaN,NaN,NaN,NaN,NaN,NaN
1,NaN,NaN,NaN,NaN,NaN,NaN,NaN,NaN
2,NaN,NaN,NaN,NaN,NaN,NaN,NaN,NaN
3,NaN,NaN,NaN,NaN,NaN,NaN,NaN,NaN
4,NaN,NaN,NaN,NaN,NaN,NaN,NaN,NaN
5,NaN,NaN,NaN,NaN,NaN,NaN,NaN,NaN
6,NaN,NaN,NaN,NaN,NaN,NaN,NaN,NaN
7,NaN,NaN,NaN,NaN,NaN,NaN,NaN,NaN
8,NaN,NaN,NaN,NaN,NaN,NaN,NaN,NaN
9,NaN,NaN,NaN,NaN,NaN,NaN,NaN,NaN
10,NaN,NaN,NaN,NaN,NaN,NaN,NaN,NaN
11,NaN,NaN,NaN,NaN,NaN,NaN,NaN,NaN
1,NaN,NaN,NaN,NaN,NaN,NaN,NaN,NaN
2,NaN,NaN,NaN,NaN,NaN,NaN,NaN,NaN
3,NaN,NaN,NaN,NaN,NaN,NaN,NaN,NaN
4,NaN,NaN,NaN,NaN,NaN,NaN,NaN,NaN
5,NaN,NaN,NaN,NaN,NaN,NaN,NaN,NaN
6,NaN,NaN,NaN,NaN,NaN,NaN,NaN,NaN
7,NaN,NaN,NaN,NaN,NaN,NaN,NaN,NaN
8,NaN,NaN,NaN,NaN,NaN,NaN,NaN,NaN
9,NaN,NaN,NaN,NaN,NaN,NaN,NaN,NaN
10,NaN,NaN,NaN,NaN,NaN,NaN,NaN,NaN
11,NaN,NaN,NaN,NaN,NaN,NaN,NaN,NaN
1,NaN,NaN,NaN,NaN,NaN,NaN,NaN,NaN
2,NaN,NaN,NaN,NaN,NaN,NaN,NaN,NaN
3,NaN,NaN,NaN,NaN,NaN,NaN,NaN,NaN
4,NaN,NaN,NaN,NaN,NaN,NaN,NaN,NaN
5,NaN,NaN,NaN,NaN,NaN,NaN,NaN,NaN
6,NaN,NaN,NaN,NaN,NaN,NaN,NaN,NaN
7,NaN,NaN,NaN,NaN,NaN,NaN,NaN,NaN
8,NaN,NaN,NaN,NaN,NaN,NaN,NaN,NaN
9,NaN,NaN,NaN,NaN,NaN,NaN,NaN,NaN
10,NaN,NaN,NaN,NaN,NaN,NaN,NaN,NaN
11,NaN,NaN,NaN,NaN,NaN,NaN,NaN,NaN
1,NaN,NaN,NaN,NaN,NaN,NaN,NaN,NaN
2,NaN,NaN,NaN,NaN,NaN,NaN,NaN,NaN
3,NaN,NaN,NaN,NaN,NaN,NaN,NaN,NaN
4,NaN,NaN,NaN,NaN,NaN,NaN,NaN,NaN
5,NaN,NaN,NaN,NaN,NaN,NaN,NaN,NaN
6,NaN,NaN,NaN,NaN,NaN,NaN,NaN,NaN
7,NaN,NaN,NaN,NaN,NaN,NaN,NaN,NaN
8,NaN,NaN,NaN,NaN,NaN,NaN,NaN,NaN
9,NaN,NaN,NaN,NaN,NaN,NaN,NaN,NaN
10,NaN,NaN,NaN,NaN,NaN,NaN,NaN,NaN
11,NaN,NaN,NaN,NaN,NaN,NaN,NaN,NaN
1,NaN,NaN,NaN,NaN,NaN,NaN,NaN,NaN
2,NaN,NaN,NaN,NaN,NaN,NaN,NaN,NaN
3,NaN,NaN,NaN,NaN,NaN,NaN,NaN,NaN
4,NaN,NaN,NaN,NaN,NaN,NaN,NaN,NaN
5,NaN,NaN,NaN,NaN,NaN,NaN,NaN,NaN
6,NaN,NaN,NaN,NaN,NaN,NaN,NaN,NaN
7,NaN,NaN,NaN,NaN,NaN,NaN,NaN,NaN
8,NaN,NaN,NaN,NaN,NaN,NaN,NaN,NaN
9,NaN,NaN,NaN,NaN,NaN,NaN,NaN,NaN
10,NaN,NaN,NaN,NaN,NaN,NaN,NaN,NaN
11,NaN,NaN,NaN,NaN,NaN,NaN,NaN,NaN
1,NaN,NaN,NaN,NaN,NaN,NaN,NaN,NaN
2,NaN,NaN,NaN,NaN,NaN,NaN,NaN,NaN
3,NaN,NaN,NaN,NaN,NaN,NaN,NaN,NaN
4,NaN,NaN,NaN,NaN,NaN,NaN,NaN,NaN
5,NaN,NaN,NaN,NaN,NaN,NaN,NaN,NaN
6,NaN,NaN,NaN,NaN,NaN,NaN,NaN,NaN
7,NaN,NaN,NaN,NaN,NaN,NaN,NaN,NaN
8,NaN,NaN,NaN,NaN,NaN,NaN,NaN,NaN
9,NaN,NaN,NaN,NaN,NaN,NaN,NaN,NaN
10,NaN,NaN,NaN,NaN,NaN,NaN,NaN,NaN
11,NaN,NaN,NaN,NaN,NaN,NaN,NaN,NaN
1,NaN,NaN,NaN,NaN,NaN,NaN,NaN,NaN
2,NaN,NaN,NaN,NaN,NaN,NaN,NaN,NaN
3,NaN,NaN,NaN,NaN,NaN,NaN,NaN,NaN
4,NaN,NaN,NaN,NaN,NaN,NaN,NaN,NaN
5,NaN,NaN,NaN,NaN,NaN,NaN,NaN,NaN
6,NaN,NaN,NaN,NaN,NaN,NaN,NaN,NaN
7,NaN,NaN,NaN,NaN,NaN,NaN,NaN,NaN
8,NaN,NaN,NaN,NaN,NaN,NaN,NaN,NaN
9,NaN,NaN,NaN,NaN,NaN,NaN,NaN,NaN
10,NaN,NaN,NaN,NaN,NaN,NaN,NaN,NaN
11,NaN,NaN,NaN,NaN,NaN,NaN,NaN,NaN
1,NaN,NaN,NaN,NaN,NaN,NaN,NaN,NaN
2,NaN,NaN,NaN,NaN,NaN,NaN,NaN,NaN
3,NaN,NaN,NaN,NaN,NaN,NaN,NaN,NaN
4,NaN,NaN,NaN,NaN,NaN,NaN,NaN,NaN
5,NaN,NaN,NaN,NaN,NaN,NaN,NaN,NaN
6,NaN,NaN,NaN,NaN,NaN,NaN,NaN,NaN
7,NaN,NaN,NaN,NaN,NaN,NaN,NaN,NaN
8,NaN,NaN,NaN,NaN,NaN,NaN,NaN,NaN
9,NaN,NaN,NaN,NaN,NaN,NaN,NaN,NaN
10,NaN,NaN,NaN,NaN,NaN,NaN,NaN,NaN
11,NaN,NaN,NaN,NaN,NaN,NaN,NaN,NaN
1,NaN,NaN,NaN,NaN,NaN,NaN,NaN,NaN
2,NaN,NaN,NaN,NaN,NaN,NaN,NaN,NaN
3,NaN,NaN,NaN,NaN,NaN,NaN,NaN,NaN
4,NaN,NaN,NaN,NaN,NaN,NaN,NaN,NaN
5,NaN,NaN,NaN,NaN,NaN,NaN,NaN,NaN
6,NaN,NaN,NaN,NaN,NaN,NaN,NaN,NaN
7,NaN,NaN,NaN,NaN,NaN,NaN,NaN,NaN
8,NaN,NaN,NaN,NaN,NaN,NaN,NaN,NaN
9,NaN,NaN,NaN,NaN,NaN,NaN,NaN,NaN
10,NaN,NaN,NaN,NaN,NaN,NaN,NaN,NaN
11,NaN,NaN,NaN,NaN,NaN,NaN,NaN,NaN
1,NaN,NaN,NaN,NaN,NaN,NaN,NaN,NaN
2,NaN,NaN,NaN,NaN,NaN,NaN,NaN,NaN
3,NaN,NaN,NaN,NaN,NaN,NaN,NaN,NaN
4,NaN,NaN,NaN,NaN,NaN,NaN,NaN,NaN
5,NaN,NaN,NaN,NaN,NaN,NaN,NaN,NaN
6,NaN,NaN,NaN,NaN,NaN,NaN,NaN,NaN
7,NaN,NaN,NaN,NaN,NaN,NaN,NaN,NaN
8,NaN,NaN,NaN,NaN,NaN,NaN,NaN,NaN
9,NaN,NaN,NaN,NaN,NaN,NaN,NaN,NaN
10,NaN,NaN,NaN,NaN,NaN,NaN,NaN,NaN
11,NaN,NaN,NaN,NaN,NaN,NaN,NaN,NaN
1,NaN,NaN,NaN,NaN,NaN,NaN,NaN,NaN
2,NaN,NaN,NaN,NaN,NaN,NaN,NaN,NaN
3,NaN,NaN,NaN,NaN,NaN,NaN,NaN,NaN
4,NaN,NaN,NaN,NaN,NaN,NaN,NaN,NaN
5,NaN,NaN,NaN,NaN,NaN,NaN,NaN,NaN
6,NaN,NaN,NaN,NaN,NaN,NaN,NaN,NaN
7,NaN,NaN,NaN,NaN,NaN,NaN,NaN,NaN
8,NaN,NaN,NaN,NaN,NaN,NaN,NaN,NaN
9,NaN,NaN,NaN,NaN,NaN,NaN,NaN,NaN
10,NaN,NaN,NaN,NaN,NaN,NaN,NaN,NaN
11,NaN,NaN,NaN,NaN,NaN,NaN,NaN,NaN
1,NaN,NaN,NaN,NaN,NaN,NaN,NaN,NaN
2,NaN,NaN,NaN,NaN,NaN,NaN,NaN,NaN
3,NaN,NaN,NaN,NaN,NaN,NaN,NaN,NaN
4,NaN,NaN,NaN,NaN,NaN,NaN,NaN,NaN
5,NaN,NaN,NaN,NaN,NaN,NaN,NaN,NaN
6,NaN,NaN,NaN,NaN,NaN,NaN,NaN,NaN
7,NaN,NaN,NaN,NaN,NaN,NaN,NaN,NaN
8,NaN,NaN,NaN,NaN,NaN,NaN,NaN,NaN
9,NaN,NaN,NaN,NaN,NaN,NaN,NaN,NaN
10,NaN,NaN,NaN,NaN,NaN,NaN,NaN,NaN
11,NaN,NaN,NaN,NaN,NaN,NaN,NaN,NaN
1,NaN,NaN,NaN,NaN,NaN,NaN,NaN,NaN
2,NaN,NaN,NaN,NaN,NaN,NaN,NaN,NaN
3,NaN,NaN,NaN,NaN,NaN,NaN,NaN,NaN
4,NaN,NaN,NaN,NaN,NaN,NaN,NaN,NaN
5,NaN,NaN,NaN,NaN,NaN,NaN,NaN,NaN
6,NaN,NaN,NaN,NaN,NaN,NaN,NaN,NaN
7,NaN,NaN,NaN,NaN,NaN,NaN,NaN,NaN
8,NaN,NaN,NaN,NaN,NaN,NaN,NaN,NaN
9,NaN,NaN,NaN,NaN,NaN,NaN,NaN,NaN
10,NaN,NaN,NaN,NaN,NaN,NaN,NaN,NaN
11,NaN,NaN,NaN,NaN,NaN,NaN,NaN,NaN
1,NaN,NaN,NaN,NaN,NaN,NaN,NaN,NaN
2,NaN,NaN,NaN,NaN,NaN,NaN,NaN,NaN
3,NaN,NaN,NaN,NaN,NaN,NaN,NaN,NaN
4,NaN,NaN,NaN,NaN,NaN,NaN,NaN,NaN
5,NaN,NaN,NaN,NaN,NaN,NaN,NaN,NaN
6,NaN,NaN,NaN,NaN,NaN,NaN,NaN,NaN
7,NaN,NaN,NaN,NaN,NaN,NaN,NaN,NaN
8,NaN,NaN,NaN,NaN,NaN,NaN,NaN,NaN
9,NaN,NaN,NaN,NaN,NaN,NaN,NaN,NaN
10,NaN,NaN,NaN,NaN,NaN,NaN,NaN,NaN
11,NaN,NaN,NaN,NaN,NaN,NaN,NaN,NaN
1,NaN,NaN,NaN,NaN,NaN,NaN,NaN,NaN
2,NaN,NaN,NaN,NaN,NaN,NaN,NaN,NaN
3,NaN,NaN,NaN,NaN,NaN,NaN,NaN,NaN
4,NaN,NaN,NaN,NaN,NaN,NaN,NaN,NaN
5,NaN,NaN,NaN,NaN,NaN,NaN,NaN,NaN
6,NaN,NaN,NaN,NaN,NaN,NaN,NaN,NaN
7,NaN,NaN,NaN,NaN,NaN,NaN,NaN,NaN
8,NaN,NaN,NaN,NaN,NaN,NaN,NaN,NaN
9,NaN,NaN,NaN,NaN,NaN,NaN,NaN,NaN
10,NaN,NaN,NaN,NaN,NaN,NaN,NaN,NaN
11,NaN,NaN,NaN,NaN,NaN,NaN,NaN,NaN
1,NaN,NaN,NaN,NaN,NaN,NaN,NaN,NaN
2,NaN,NaN,NaN,NaN,NaN,NaN,NaN,NaN
3,NaN,NaN,NaN,NaN,NaN,NaN,NaN,NaN
4,NaN,NaN,NaN,NaN,NaN,NaN,NaN,NaN
5,NaN,NaN,NaN,NaN,NaN,NaN,NaN,NaN
6,NaN,NaN,NaN,NaN,NaN,NaN,NaN,NaN
7,NaN,NaN,NaN,NaN,NaN,NaN,NaN,NaN
8,NaN,NaN,NaN,NaN,NaN,NaN,NaN,NaN
9,NaN,NaN,NaN,NaN,NaN,NaN,NaN,NaN
10,NaN,NaN,NaN,NaN,NaN,NaN,NaN,NaN
11,NaN,NaN,NaN,NaN,NaN,NaN,NaN,NaN
1,NaN,NaN,NaN,NaN,NaN,NaN,NaN,NaN
2,NaN,NaN,NaN,NaN,NaN,NaN,NaN,NaN
3,NaN,NaN,NaN,NaN,NaN,NaN,NaN,NaN
4,NaN,NaN,NaN,NaN,NaN,NaN,NaN,NaN
5,NaN,NaN,NaN,NaN,NaN,NaN,NaN,NaN
6,NaN,NaN,NaN,NaN,NaN,NaN,NaN,NaN
7,NaN,NaN,NaN,NaN,NaN,NaN,NaN,NaN
8,NaN,NaN,NaN,NaN,NaN,NaN,NaN,NaN
9,NaN,NaN,NaN,NaN,NaN,NaN,NaN,NaN
10,NaN,NaN,NaN,NaN,NaN,NaN,NaN,NaN
11,NaN,NaN,NaN,NaN,NaN,NaN,NaN,NaN
1,NaN,NaN,NaN,NaN,NaN,NaN,NaN,NaN
2,NaN,NaN,NaN,NaN,NaN,NaN,NaN,NaN
3,NaN,NaN,NaN,NaN,NaN,NaN,NaN,NaN
4,NaN,NaN,NaN,NaN,NaN,NaN,NaN,NaN
5,NaN,NaN,NaN,NaN,NaN,NaN,NaN,NaN
6,NaN,NaN,NaN,NaN,NaN,NaN,NaN,NaN
7,NaN,NaN,NaN,NaN,NaN,NaN,NaN,NaN
8,NaN,NaN,NaN,NaN,NaN,NaN,NaN,NaN
9,NaN,NaN,NaN,NaN,NaN,NaN,NaN,NaN
10,NaN,NaN,NaN,NaN,NaN,NaN,NaN,NaN
11,NaN,NaN,NaN,NaN,NaN,NaN,NaN,NaN
1,NaN,NaN,NaN,NaN,NaN,NaN,NaN,NaN
2,NaN,NaN,NaN,NaN,NaN,NaN,NaN,NaN
3,NaN,NaN,NaN,NaN,NaN,NaN,NaN,NaN
4,NaN,NaN,NaN,NaN,NaN,NaN,NaN,NaN
5,NaN,NaN,NaN,NaN,NaN,NaN,NaN,NaN
6,NaN,NaN,NaN,NaN,NaN,NaN,NaN,NaN
7,NaN,NaN,NaN,NaN,NaN,NaN,NaN,NaN
8,NaN,NaN,NaN,NaN,NaN,NaN,NaN,NaN
9,NaN,NaN,NaN,NaN,NaN,NaN,NaN,NaN
10,NaN,NaN,NaN,NaN,NaN,NaN,NaN,NaN
11,NaN,NaN,NaN,NaN,NaN,NaN,NaN,NaN
1,NaN,NaN,NaN,NaN,NaN,NaN,NaN,NaN
2,NaN,NaN,NaN,NaN,NaN,NaN,NaN,NaN
3,NaN,NaN,NaN,NaN,NaN,NaN,NaN,NaN
4,NaN,NaN,NaN,NaN,NaN,NaN,NaN,NaN
5,NaN,NaN,NaN,NaN,NaN,NaN,NaN,NaN
6,NaN,NaN,NaN,NaN,NaN,NaN,NaN,NaN
7,NaN,NaN,NaN,NaN,NaN,NaN,NaN,NaN
8,NaN,NaN,NaN,NaN,NaN,NaN,NaN,NaN
9,NaN,NaN,NaN,NaN,NaN,NaN,NaN,NaN
10,NaN,NaN,NaN,NaN,NaN,NaN,NaN,NaN
11,NaN,NaN,NaN,NaN,NaN,NaN,NaN,NaN
1,NaN,NaN,NaN,NaN,NaN,NaN,NaN,NaN
2,NaN,NaN,NaN,NaN,NaN,NaN,NaN,NaN
3,NaN,NaN,NaN,NaN,NaN,NaN,NaN,NaN
4,NaN,NaN,NaN,NaN,NaN,NaN,NaN,NaN
5,NaN,NaN,NaN,NaN,NaN,NaN,NaN,NaN
6,NaN,NaN,NaN,NaN,NaN,NaN,NaN,NaN
7,NaN,NaN,NaN,NaN,NaN,NaN,NaN,NaN
8,NaN,NaN,NaN,NaN,NaN,NaN,NaN,NaN
9,NaN,NaN,NaN,NaN,NaN,NaN,NaN,NaN
10,NaN,NaN,NaN,NaN,NaN,NaN,NaN,NaN
11,NaN,NaN,NaN,NaN,NaN,NaN,NaN,NaN
1,NaN,NaN,NaN,NaN,NaN,NaN,NaN,NaN
2,NaN,NaN,NaN,NaN,NaN,NaN,NaN,NaN
3,NaN,NaN,NaN,NaN,NaN,NaN,NaN,NaN
4,NaN,NaN,NaN,NaN,NaN,NaN,NaN,NaN
5,NaN,NaN,NaN,NaN,NaN,NaN,NaN,NaN
6,NaN,NaN,NaN,NaN,NaN,NaN,NaN,NaN
7,NaN,NaN,NaN,NaN,NaN,NaN,NaN,NaN
8,NaN,NaN,NaN,NaN,NaN,NaN,NaN,NaN
9,NaN,NaN,NaN,NaN,NaN,NaN,NaN,NaN
10,NaN,NaN,NaN,NaN,NaN,NaN,NaN,NaN
11,NaN,NaN,NaN,NaN,NaN,NaN,NaN,NaN
1,NaN,NaN,NaN,NaN,NaN,NaN,NaN,NaN
2,NaN,NaN,NaN,NaN,NaN,NaN,NaN,NaN
3,NaN,NaN,NaN,NaN,NaN,NaN,NaN,NaN
4,NaN,NaN,NaN,NaN,NaN,NaN,NaN,NaN
5,NaN,NaN,NaN,NaN,NaN,NaN,NaN,NaN
6,NaN,NaN,NaN,NaN,NaN,NaN,NaN,NaN
7,NaN,NaN,NaN,NaN,NaN,NaN,NaN,NaN
8,NaN,NaN,NaN,NaN,NaN,NaN,NaN,NaN
9,NaN,NaN,NaN,NaN,NaN,NaN,NaN,NaN
10,NaN,NaN,NaN,NaN,NaN,NaN,NaN,NaN
11,NaN,NaN,NaN,NaN,NaN,NaN,NaN,NaN
1,NaN,NaN,NaN,NaN,NaN,NaN,NaN,NaN
2,NaN,NaN,NaN,NaN,NaN,NaN,NaN,NaN
3,NaN,NaN,NaN,NaN,NaN,NaN,NaN,NaN
4,NaN,NaN,NaN,NaN,NaN,NaN,NaN,NaN
5,NaN,NaN,NaN,NaN,NaN,NaN,NaN,NaN
6,NaN,NaN,NaN,NaN,NaN,NaN,NaN,NaN
7,NaN,NaN,NaN,NaN,NaN,NaN,NaN,NaN
8,NaN,NaN,NaN,NaN,NaN,NaN,NaN,NaN
9,NaN,NaN,NaN,NaN,NaN,NaN,NaN,NaN
10,NaN,NaN,NaN,NaN,NaN,NaN,NaN,NaN
11,NaN,NaN,NaN,NaN,NaN,NaN,NaN,NaN
1,NaN,NaN,NaN,NaN,NaN,NaN,NaN,NaN
2,NaN,NaN,NaN,NaN,NaN,NaN,NaN,NaN
3,NaN,NaN,NaN,NaN,NaN,NaN,NaN,NaN
4,NaN,NaN,NaN,NaN,NaN,NaN,NaN,NaN
5,NaN,NaN,NaN,NaN,NaN,NaN,NaN,NaN
6,NaN,NaN,NaN,NaN,NaN,NaN,NaN,NaN
7,NaN,NaN,NaN,NaN,NaN,NaN,NaN,NaN
8,NaN,NaN,NaN,NaN,NaN,NaN,NaN,NaN
9,NaN,NaN,NaN,NaN,NaN,NaN,NaN,NaN
10,NaN,NaN,NaN,NaN,NaN,NaN,NaN,NaN
11,NaN,NaN,NaN,NaN,NaN,NaN,NaN,NaN
1,NaN,NaN,NaN,NaN,NaN,NaN,NaN,NaN
2,NaN,NaN,NaN,NaN,NaN,NaN,NaN,NaN
3,NaN,NaN,NaN,NaN,NaN,NaN,NaN,NaN
4,NaN,NaN,NaN,NaN,NaN,NaN,NaN,NaN
5,NaN,NaN,NaN,NaN,NaN,NaN,NaN,NaN
6,NaN,NaN,NaN,NaN,NaN,NaN,NaN,NaN
7,NaN,NaN,NaN,NaN,NaN,NaN,NaN,NaN
8,NaN,NaN,NaN,NaN,NaN,NaN,NaN,NaN
9,NaN,NaN,NaN,NaN,NaN,NaN,NaN,NaN
10,NaN,NaN,NaN,NaN,NaN,NaN,NaN,NaN
11,NaN,NaN,NaN,NaN,NaN,NaN,NaN,NaN
1,NaN,NaN,NaN,NaN,NaN,NaN,NaN,NaN
2,NaN,NaN,NaN,NaN,NaN,NaN,NaN,NaN
3,NaN,NaN,NaN,NaN,NaN,NaN,NaN,NaN
4,NaN,NaN,NaN,NaN,NaN,NaN,NaN,NaN
5,NaN,NaN,NaN,NaN,NaN,NaN,NaN,NaN
6,NaN,NaN,NaN,NaN,NaN,NaN,NaN,NaN
7,NaN,NaN,NaN,NaN,NaN,NaN,NaN,NaN
8,NaN,NaN,NaN,NaN,NaN,NaN,NaN,NaN
9,NaN,NaN,NaN,NaN,NaN,NaN,NaN,NaN
10,NaN,NaN,NaN,NaN,NaN,NaN,NaN,NaN
11,NaN,NaN,NaN,NaN,NaN,NaN,NaN,NaN
1,NaN,NaN,NaN,NaN,NaN,NaN,NaN,NaN
2,NaN,NaN,NaN,NaN,NaN,NaN,NaN,NaN
3,NaN,NaN,NaN,NaN,NaN,NaN,NaN,NaN
4,NaN,NaN,NaN,NaN,NaN,NaN,NaN,NaN
5,NaN,NaN,NaN,NaN,NaN,NaN,NaN,NaN
6,NaN,NaN,NaN,NaN,NaN,NaN,NaN,NaN
7,NaN,NaN,NaN,NaN,NaN,NaN,NaN,NaN
8,NaN,NaN,NaN,NaN,NaN,NaN,NaN,NaN
9,NaN,NaN,NaN,NaN,NaN,NaN,NaN,NaN
10,NaN,NaN,NaN,NaN,NaN,NaN,NaN,NaN
11,NaN,NaN,NaN,NaN,NaN,NaN,NaN,NaN
1,NaN,NaN,NaN,NaN,NaN,NaN,NaN,NaN
2,NaN,NaN,NaN,NaN,NaN,NaN,NaN,NaN
3,NaN,NaN,NaN,NaN,NaN,NaN,NaN,NaN
4,NaN,NaN,NaN,NaN,NaN,NaN,NaN,NaN
5,NaN,NaN,NaN,NaN,NaN,NaN,NaN,NaN
6,NaN,NaN,NaN,NaN,NaN,NaN,NaN,NaN
7,NaN,NaN,NaN,NaN,NaN,NaN,NaN,NaN
8,NaN,NaN,NaN,NaN,NaN,NaN,NaN,NaN
9,NaN,NaN,NaN,NaN,NaN,NaN,NaN,NaN
10,NaN,NaN,NaN,NaN,NaN,NaN,NaN,NaN
11,NaN,NaN,NaN,NaN,NaN,NaN,NaN,NaN
1,NaN,NaN,NaN,NaN,NaN,NaN,NaN,NaN
2,NaN,NaN,NaN,NaN,NaN,NaN,NaN,NaN
3,NaN,NaN,NaN,NaN,NaN,NaN,NaN,NaN
4,NaN,NaN,NaN,NaN,NaN,NaN,NaN,NaN
5,NaN,NaN,NaN,NaN,NaN,NaN,NaN,NaN
6,NaN,NaN,NaN,NaN,NaN,NaN,NaN,NaN
7,NaN,NaN,NaN,NaN,NaN,NaN,NaN,NaN
8,NaN,NaN,NaN,NaN,NaN,NaN,NaN,NaN
9,NaN,NaN,NaN,NaN,NaN,NaN,NaN,NaN
10,NaN,NaN,NaN,NaN,NaN,NaN,NaN,NaN
11,NaN,NaN,NaN,NaN,NaN,NaN,NaN,NaN
1,NaN,NaN,NaN,NaN,NaN,NaN,NaN,NaN
2,NaN,NaN,NaN,NaN,NaN,NaN,NaN,NaN
3,NaN,NaN,NaN,NaN,NaN,NaN,NaN,NaN
4,NaN,NaN,NaN,NaN,NaN,NaN,NaN,NaN
5,NaN,NaN,NaN,NaN,NaN,NaN,NaN,NaN
6,NaN,NaN,NaN,NaN,NaN,NaN,NaN,NaN
7,NaN,NaN,NaN,NaN,NaN,NaN,NaN,NaN
8,NaN,NaN,NaN,NaN,NaN,NaN,NaN,NaN
9,NaN,NaN,NaN,NaN,NaN,NaN,NaN,NaN
10,NaN,NaN,NaN,NaN,NaN,NaN,NaN,NaN
11,NaN,NaN,NaN,NaN,NaN,NaN,NaN,NaN
1,NaN,NaN,NaN,NaN,NaN,NaN,NaN,NaN
2,NaN,NaN,NaN,NaN,NaN,NaN,NaN,NaN
3,NaN,NaN,NaN,NaN,NaN,NaN,NaN,NaN
4,NaN,NaN,NaN,NaN,NaN,NaN,NaN,NaN
5,NaN,NaN,NaN,NaN,NaN,NaN,NaN,NaN
6,NaN,NaN,NaN,NaN,NaN,NaN,NaN,NaN
7,NaN,NaN,NaN,NaN,NaN,NaN,NaN,NaN
8,NaN,NaN,NaN,NaN,NaN,NaN,NaN,NaN
9,NaN,NaN,NaN,NaN,NaN,NaN,NaN,NaN
10,NaN,NaN,NaN,NaN,NaN,NaN,NaN,NaN
11,NaN,NaN,NaN,NaN,NaN,NaN,NaN,NaN
1,NaN,NaN,NaN,NaN,NaN,NaN,NaN,NaN
2,NaN,NaN,NaN,NaN,NaN,NaN,NaN,NaN
3,NaN,NaN,NaN,NaN,NaN,NaN,NaN,NaN
4,NaN,NaN,NaN,NaN,NaN,NaN,NaN,NaN
5,NaN,NaN,NaN,NaN,NaN,NaN,NaN,NaN
6,NaN,NaN,NaN,NaN,NaN,NaN,NaN,NaN
7,NaN,NaN,NaN,NaN,NaN,NaN,NaN,NaN
8,NaN,NaN,NaN,NaN,NaN,NaN,NaN,NaN
9,NaN,NaN,NaN,NaN,NaN,NaN,NaN,NaN
10,NaN,NaN,NaN,NaN,NaN,NaN,NaN,NaN
11,NaN,NaN,NaN,NaN,NaN,NaN,NaN,NaN
1,NaN,NaN,NaN,NaN,NaN,NaN,NaN,NaN
2,NaN,NaN,NaN,NaN,NaN,NaN,NaN,NaN
3,NaN,NaN,NaN,NaN,NaN,NaN,NaN,NaN
4,NaN,NaN,NaN,NaN,NaN,NaN,NaN,NaN
5,NaN,NaN,NaN,NaN,NaN,NaN,NaN,NaN
6,NaN,NaN,NaN,NaN,NaN,NaN,NaN,NaN
7,NaN,NaN,NaN,NaN,NaN,NaN,NaN,NaN
8,NaN,NaN,NaN,NaN,NaN,NaN,NaN,NaN
9,NaN,NaN,NaN,NaN,NaN,NaN,NaN,NaN
10,NaN,NaN,NaN,NaN,NaN,NaN,NaN,NaN
11,NaN,NaN,NaN,NaN,NaN,NaN,NaN,NaN
1,NaN,NaN,NaN,NaN,NaN,NaN,NaN,NaN
2,NaN,NaN,NaN,NaN,NaN,NaN,NaN,NaN
3,NaN,NaN,NaN,NaN,NaN,NaN,NaN,NaN
4,NaN,NaN,NaN,NaN,NaN,NaN,NaN,NaN
5,NaN,NaN,NaN,NaN,NaN,NaN,NaN,NaN
6,NaN,NaN,NaN,NaN,NaN,NaN,NaN,NaN
7,NaN,NaN,NaN,NaN,NaN,NaN,NaN,NaN
8,NaN,NaN,NaN,NaN,NaN,NaN,NaN,NaN
9,NaN,NaN,NaN,NaN,NaN,NaN,NaN,NaN
10,NaN,NaN,NaN,NaN,NaN,NaN,NaN,NaN
11,NaN,NaN,NaN,NaN,NaN,NaN,NaN,NaN
1,NaN,NaN,NaN,NaN,NaN,NaN,NaN,NaN
2,NaN,NaN,NaN,NaN,NaN,NaN,NaN,NaN
3,NaN,NaN,NaN,NaN,NaN,NaN,NaN,NaN
4,NaN,NaN,NaN,NaN,NaN,NaN,NaN,NaN
5,NaN,NaN,NaN,NaN,NaN,NaN,NaN,NaN
6,NaN,NaN,NaN,NaN,NaN,NaN,NaN,NaN
7,NaN,NaN,NaN,NaN,NaN,NaN,NaN,NaN
8,NaN,NaN,NaN,NaN,NaN,NaN,NaN,NaN
9,NaN,NaN,NaN,NaN,NaN,NaN,NaN,NaN
10,NaN,NaN,NaN,NaN,NaN,NaN,NaN,NaN
11,NaN,NaN,NaN,NaN,NaN,NaN,NaN,NaN
1,NaN,NaN,NaN,NaN,NaN,NaN,NaN,NaN
2,NaN,NaN,NaN,NaN,NaN,NaN,NaN,NaN
3,NaN,NaN,NaN,NaN,NaN,NaN,NaN,NaN
4,NaN,NaN,NaN,NaN,NaN,NaN,NaN,NaN
5,NaN,NaN,NaN,NaN,NaN,NaN,NaN,NaN
6,NaN,NaN,NaN,NaN,NaN,NaN,NaN,NaN
7,NaN,NaN,NaN,NaN,NaN,NaN,NaN,NaN
8,NaN,NaN,NaN,NaN,NaN,NaN,NaN,NaN
9,NaN,NaN,NaN,NaN,NaN,NaN,NaN,NaN
10,NaN,NaN,NaN,NaN,NaN,NaN,NaN,NaN
11,NaN,NaN,NaN,NaN,NaN,NaN,NaN,NaN
1,NaN,NaN,NaN,NaN,NaN,NaN,NaN,NaN
2,NaN,NaN,NaN,NaN,NaN,NaN,NaN,NaN
3,NaN,NaN,NaN,NaN,NaN,NaN,NaN,NaN
4,NaN,NaN,NaN,NaN,NaN,NaN,NaN,NaN
5,NaN,NaN,NaN,NaN,NaN,NaN,NaN,NaN
6,NaN,NaN,NaN,NaN,NaN,NaN,NaN,NaN
7,NaN,NaN,NaN,NaN,NaN,NaN,NaN,NaN
8,NaN,NaN,NaN,NaN,NaN,NaN,NaN,NaN
9,NaN,NaN,NaN,NaN,NaN,NaN,NaN,NaN
10,NaN,NaN,NaN,NaN,NaN,NaN,NaN,NaN
11,NaN,NaN,NaN,NaN,NaN,NaN,NaN,NaN
1,NaN,NaN,NaN,NaN,NaN,NaN,NaN,NaN
2,NaN,NaN,NaN,NaN,NaN,NaN,NaN,NaN
3,NaN,NaN,NaN,NaN,NaN,NaN,NaN,NaN
4,NaN,NaN,NaN,NaN,NaN,NaN,NaN,NaN
5,NaN,NaN,NaN,NaN,NaN,NaN,NaN,NaN
6,NaN,NaN,NaN,NaN,NaN,NaN,NaN,NaN
7,NaN,NaN,NaN,NaN,NaN,NaN,NaN,NaN
8,NaN,NaN,NaN,NaN,NaN,NaN,NaN,NaN
9,NaN,NaN,NaN,NaN,NaN,NaN,NaN,NaN
10,NaN,NaN,NaN,NaN,NaN,NaN,NaN,NaN
11,NaN,NaN,NaN,NaN,NaN,NaN,NaN,NaN
1,NaN,NaN,NaN,NaN,NaN,NaN,NaN,NaN
2,NaN,NaN,NaN,NaN,NaN,NaN,NaN,NaN
3,NaN,NaN,NaN,NaN,NaN,NaN,NaN,NaN
4,NaN,NaN,NaN,NaN,NaN,NaN,NaN,NaN
5,NaN,NaN,NaN,NaN,NaN,NaN,NaN,NaN
6,NaN,NaN,NaN,NaN,NaN,NaN,NaN,NaN
7,NaN,NaN,NaN,NaN,NaN,NaN,NaN,NaN
8,NaN,NaN,NaN,NaN,NaN,NaN,NaN,NaN
9,NaN,NaN,NaN,NaN,NaN,NaN,NaN,NaN
10,NaN,NaN,NaN,NaN,NaN,NaN,NaN,NaN
11,NaN,NaN,NaN,NaN,NaN,NaN,NaN,NaN
1,NaN,NaN,NaN,NaN,NaN,NaN,NaN,NaN
2,NaN,NaN,NaN,NaN,NaN,NaN,NaN,NaN
3,NaN,NaN,NaN,NaN,NaN,NaN,NaN,NaN
4,NaN,NaN,NaN,NaN,NaN,NaN,NaN,NaN
5,NaN,NaN,NaN,NaN,NaN,NaN,NaN,NaN
6,NaN,NaN,NaN,NaN,NaN,NaN,NaN,NaN
7,NaN,NaN,NaN,NaN,NaN,NaN,NaN,NaN
8,NaN,NaN,NaN,NaN,NaN,NaN,NaN,NaN
9,NaN,NaN,NaN,NaN,NaN,NaN,NaN,NaN
10,NaN,NaN,NaN,NaN,NaN,NaN,NaN,NaN
11,NaN,NaN,NaN,NaN,NaN,NaN,NaN,NaN
1,NaN,NaN,NaN,NaN,NaN,NaN,NaN,NaN
2,NaN,NaN,NaN,NaN,NaN,NaN,NaN,NaN
3,NaN,NaN,NaN,NaN,NaN,NaN,NaN,NaN
4,NaN,NaN,NaN,NaN,NaN,NaN,NaN,NaN
5,NaN,NaN,NaN,NaN,NaN,NaN,NaN,NaN
6,NaN,NaN,NaN,NaN,NaN,NaN,NaN,NaN
7,NaN,NaN,NaN,NaN,NaN,NaN,NaN,NaN
8,NaN,NaN,NaN,NaN,NaN,NaN,NaN,NaN
9,NaN,NaN,NaN,NaN,NaN,NaN,NaN,NaN
10,NaN,NaN,NaN,NaN,NaN,NaN,NaN,NaN
11,NaN,NaN,NaN,NaN,NaN,NaN,NaN,NaN
1,NaN,NaN,NaN,NaN,NaN,NaN,NaN,NaN
2,NaN,NaN,NaN,NaN,NaN,NaN,NaN,NaN
3,NaN,NaN,NaN,NaN,NaN,NaN,NaN,NaN
4,NaN,NaN,NaN,NaN,NaN,NaN,NaN,NaN
5,NaN,NaN,NaN,NaN,NaN,NaN,NaN,NaN
6,NaN,NaN,NaN,NaN,NaN,NaN,NaN,NaN
7,NaN,NaN,NaN,NaN,NaN,NaN,NaN,NaN
8,NaN,NaN,NaN,NaN,NaN,NaN,NaN,NaN
9,NaN,NaN,NaN,NaN,NaN,NaN,NaN,NaN
10,NaN,NaN,NaN,NaN,NaN,NaN,NaN,NaN
11,NaN,NaN,NaN,NaN,NaN,NaN,NaN,NaN
1,NaN,NaN,NaN,NaN,NaN,NaN,NaN,NaN
2,NaN,NaN,NaN,NaN,NaN,NaN,NaN,NaN
3,NaN,NaN,NaN,NaN,NaN,NaN,NaN,NaN
4,NaN,NaN,NaN,NaN,NaN,NaN,NaN,NaN
5,NaN,NaN,NaN,NaN,NaN,NaN,NaN,NaN
6,NaN,NaN,NaN,NaN,NaN,NaN,NaN,NaN
7,NaN,NaN,NaN,NaN,NaN,NaN,NaN,NaN
8,NaN,NaN,NaN,NaN,NaN,NaN,NaN,NaN
9,NaN,NaN,NaN,NaN,NaN,NaN,NaN,NaN
10,NaN,NaN,NaN,NaN,NaN,NaN,NaN,NaN
11,NaN,NaN,NaN,NaN,NaN,NaN,NaN,NaN
1,NaN,NaN,NaN,NaN,NaN,NaN,NaN,NaN
2,NaN,NaN,NaN,NaN,NaN,NaN,NaN,NaN
3,NaN,NaN,NaN,NaN,NaN,NaN,NaN,NaN
4,NaN,NaN,NaN,NaN,NaN,NaN,NaN,NaN
5,NaN,NaN,NaN,NaN,NaN,NaN,NaN,NaN
6,NaN,NaN,NaN,NaN,NaN,NaN,NaN,NaN
7,NaN,NaN,NaN,NaN,NaN,NaN,NaN,NaN
8,NaN,NaN,NaN,NaN,NaN,NaN,NaN,NaN
9,NaN,NaN,NaN,NaN,NaN,NaN,NaN,NaN
10,NaN,NaN,NaN,NaN,NaN,NaN,NaN,NaN
11,NaN,NaN,NaN,NaN,NaN,NaN,NaN,NaN
1,NaN,NaN,NaN,NaN,NaN,NaN,NaN,NaN
2,NaN,NaN,NaN,NaN,NaN,NaN,NaN,NaN
3,NaN,NaN,NaN,NaN,NaN,NaN,NaN,NaN
4,NaN,NaN,NaN,NaN,NaN,NaN,NaN,NaN
5,NaN,NaN,NaN,NaN,NaN,NaN,NaN,NaN
6,NaN,NaN,NaN,NaN,NaN,NaN,NaN,NaN
7,NaN,NaN,NaN,NaN,NaN,NaN,NaN,NaN
8,NaN,NaN,NaN,NaN,NaN,NaN,NaN,NaN
9,NaN,NaN,NaN,NaN,NaN,NaN,NaN,NaN
10,NaN,NaN,NaN,NaN,NaN,NaN,NaN,NaN
11,NaN,NaN,NaN,NaN,NaN,NaN,NaN,NaN
1,NaN,NaN,NaN,NaN,NaN,NaN,NaN,NaN
2,NaN,NaN,NaN,NaN,NaN,NaN,NaN,NaN
3,NaN,NaN,NaN,NaN,NaN,NaN,NaN,NaN
4,NaN,NaN,NaN,NaN,NaN,NaN,NaN,NaN
5,NaN,NaN,NaN,NaN,NaN,NaN,NaN,NaN
6,NaN,NaN,NaN,NaN,NaN,NaN,NaN,NaN
7,NaN,NaN,NaN,NaN,NaN,NaN,NaN,NaN
8,NaN,NaN,NaN,NaN,NaN,NaN,NaN,NaN
9,NaN,NaN,NaN,NaN,NaN,NaN,NaN,NaN
10,NaN,NaN,NaN,NaN,NaN,NaN,NaN,NaN
11,NaN,NaN,NaN,NaN,NaN,NaN,NaN,NaN
1,NaN,NaN,NaN,NaN,NaN,NaN,NaN,NaN
2,NaN,NaN,NaN,NaN,NaN,NaN,NaN,NaN
3,NaN,NaN,NaN,NaN,NaN,NaN,NaN,NaN
4,NaN,NaN,NaN,NaN,NaN,NaN,NaN,NaN
5,NaN,NaN,NaN,NaN,NaN,NaN,NaN,NaN
6,NaN,NaN,NaN,NaN,NaN,NaN,NaN,NaN
7,NaN,NaN,NaN,NaN,NaN,NaN,NaN,NaN
8,NaN,NaN,NaN,NaN,NaN,NaN,NaN,NaN
9,NaN,NaN,NaN,NaN,NaN,NaN,NaN,NaN
10,NaN,NaN,NaN,NaN,NaN,NaN,NaN,NaN
11,NaN,NaN,NaN,NaN,NaN,NaN,NaN,NaN
1,NaN,NaN,NaN,NaN,NaN,NaN,NaN,NaN
2,NaN,NaN,NaN,NaN,NaN,NaN,NaN,NaN
3,NaN,NaN,NaN,NaN,NaN,NaN,NaN,NaN
4,NaN,NaN,NaN,NaN,NaN,NaN,NaN,NaN
5,NaN,NaN,NaN,NaN,NaN,NaN,NaN,NaN
6,NaN,NaN,NaN,NaN,NaN,NaN,NaN,NaN
7,NaN,NaN,NaN,NaN,NaN,NaN,NaN,NaN
8,NaN,NaN,NaN,NaN,NaN,NaN,NaN,NaN
9,NaN,NaN,NaN,NaN,NaN,NaN,NaN,NaN
10,NaN,NaN,NaN,NaN,NaN,NaN,NaN,NaN
11,NaN,NaN,NaN,NaN,NaN,NaN,NaN,NaN
1,NaN,NaN,NaN,NaN,NaN,NaN,NaN,NaN
2,NaN,NaN,NaN,NaN,NaN,NaN,NaN,NaN
3,NaN,NaN,NaN,NaN,NaN,NaN,NaN,NaN
4,NaN,NaN,NaN,NaN,NaN,NaN,NaN,NaN
5,NaN,NaN,NaN,NaN,NaN,NaN,NaN,NaN
6,NaN,NaN,NaN,NaN,NaN,NaN,NaN,NaN
7,NaN,NaN,NaN,NaN,NaN,NaN,NaN,NaN
8,NaN,NaN,NaN,NaN,NaN,NaN,NaN,NaN
9,NaN,NaN,NaN,NaN,NaN,NaN,NaN,NaN
10,NaN,NaN,NaN,NaN,NaN,NaN,NaN,NaN
11,NaN,NaN,NaN,NaN,NaN,NaN,NaN,NaN
1,NaN,NaN,NaN,NaN,NaN,NaN,NaN,NaN
2,NaN,NaN,NaN,NaN,NaN,NaN,NaN,NaN
3,NaN,NaN,NaN,NaN,NaN,NaN,NaN,NaN
4,NaN,NaN,NaN,NaN,NaN,NaN,NaN,NaN
5,NaN,NaN,NaN,NaN,NaN,NaN,NaN,NaN
6,NaN,NaN,NaN,NaN,NaN,NaN,NaN,NaN
7,NaN,NaN,NaN,NaN,NaN,NaN,NaN,NaN
8,NaN,NaN,NaN,NaN,NaN,NaN,NaN,NaN
9,NaN,NaN,NaN,NaN,NaN,NaN,NaN,NaN
10,NaN,NaN,NaN,NaN,NaN,NaN,NaN,NaN
11,NaN,NaN,NaN,NaN,NaN,NaN,NaN,NaN
1,NaN,NaN,NaN,NaN,NaN,NaN,NaN,NaN
2,NaN,NaN,NaN,NaN,NaN,NaN,NaN,NaN
3,NaN,NaN,NaN,NaN,NaN,NaN,NaN,NaN
4,NaN,NaN,NaN,NaN,NaN,NaN,NaN,NaN
5,NaN,NaN,NaN,NaN,NaN,NaN,NaN,NaN
6,NaN,NaN,NaN,NaN,NaN,NaN,NaN,NaN
7,NaN,NaN,NaN,NaN,NaN,NaN,NaN,NaN
8,NaN,NaN,NaN,NaN,NaN,NaN,NaN,NaN
9,NaN,NaN,NaN,NaN,NaN,NaN,NaN,NaN
10,NaN,NaN,NaN,NaN,NaN,NaN,NaN,NaN
11,NaN,NaN,NaN,NaN,NaN,NaN,NaN,NaN
1,NaN,NaN,NaN,NaN,NaN,NaN,NaN,NaN
2,NaN,NaN,NaN,NaN,NaN,NaN,NaN,NaN
3,NaN,NaN,NaN,NaN,NaN,NaN,NaN,NaN
4,NaN,NaN,NaN,NaN,NaN,NaN,NaN,NaN
5,NaN,NaN,NaN,NaN,NaN,NaN,NaN,NaN
6,NaN,NaN,NaN,NaN,NaN,NaN,NaN,NaN
7,NaN,NaN,NaN,NaN,NaN,NaN,NaN,NaN
8,NaN,NaN,NaN,NaN,NaN,NaN,NaN,NaN
9,NaN,NaN,NaN,NaN,NaN,NaN,NaN,NaN
10,NaN,NaN,NaN,NaN,NaN,NaN,NaN,NaN
11,NaN,NaN,NaN,NaN,NaN,NaN,NaN,NaN
1,NaN,NaN,NaN,NaN,NaN,NaN,NaN,NaN
2,NaN,NaN,NaN,NaN,NaN,NaN,NaN,NaN
3,NaN,NaN,NaN,NaN,NaN,NaN,NaN,NaN
4,NaN,NaN,NaN,NaN,NaN,NaN,NaN,NaN
5,NaN,NaN,NaN,NaN,NaN,NaN,NaN,NaN
6,NaN,NaN,NaN,NaN,NaN,NaN,NaN,NaN
7,NaN,NaN,NaN,NaN,NaN,NaN,NaN,NaN
8,NaN,NaN,NaN,NaN,NaN,NaN,NaN,NaN
9,NaN,NaN,NaN,NaN,NaN,NaN,NaN,NaN
10,NaN,NaN,NaN,NaN,NaN,NaN,NaN,NaN
11,NaN,NaN,NaN,NaN,NaN,NaN,NaN,NaN
1,NaN,NaN,NaN,NaN,NaN,NaN,NaN,NaN
2,NaN,NaN,NaN,NaN,NaN,NaN,NaN,NaN
3,NaN,NaN,NaN,NaN,NaN,NaN,NaN,NaN
4,NaN,NaN,NaN,NaN,NaN,NaN,NaN,NaN
5,NaN,NaN,NaN,NaN,NaN,NaN,NaN,NaN
6,NaN,NaN,NaN,NaN,NaN,NaN,NaN,NaN
7,NaN,NaN,NaN,NaN,NaN,NaN,NaN,NaN
8,NaN,NaN,NaN,NaN,NaN,NaN,NaN,NaN
9,NaN,NaN,NaN,NaN,NaN,NaN,NaN,NaN
10,NaN,NaN,NaN,NaN,NaN,NaN,NaN,NaN
11,NaN,NaN,NaN,NaN,NaN,NaN,NaN,NaN
1,NaN,NaN,NaN,NaN,NaN,NaN,NaN,NaN
2,NaN,NaN,NaN,NaN,NaN,NaN,NaN,NaN
3,NaN,NaN,NaN,NaN,NaN,NaN,NaN,NaN
4,NaN,NaN,NaN,NaN,NaN,NaN,NaN,NaN
5,NaN,NaN,NaN,NaN,NaN,NaN,NaN,NaN
6,NaN,NaN,NaN,NaN,NaN,NaN,NaN,NaN
7,NaN,NaN,NaN,NaN,NaN,NaN,NaN,NaN
8,NaN,NaN,NaN,NaN,NaN,NaN,NaN,NaN
9,NaN,NaN,NaN,NaN,NaN,NaN,NaN,NaN
10,NaN,NaN,NaN,NaN,NaN,NaN,NaN,NaN
11,NaN,NaN,NaN,NaN,NaN,NaN,NaN,NaN
1,NaN,NaN,NaN,NaN,NaN,NaN,NaN,NaN
2,NaN,NaN,NaN,NaN,NaN,NaN,NaN,NaN
3,NaN,NaN,NaN,NaN,NaN,NaN,NaN,NaN
4,NaN,NaN,NaN,NaN,NaN,NaN,NaN,NaN
5,NaN,NaN,NaN,NaN,NaN,NaN,NaN,NaN
6,NaN,NaN,NaN,NaN,NaN,NaN,NaN,NaN
7,NaN,NaN,NaN,NaN,NaN,NaN,NaN,NaN
8,NaN,NaN,NaN,NaN,NaN,NaN,NaN,NaN
9,NaN,NaN,NaN,NaN,NaN,NaN,NaN,NaN
10,NaN,NaN,NaN,NaN,NaN,NaN,NaN,NaN
11,NaN,NaN,NaN,NaN,NaN,NaN,NaN,NaN
1,NaN,NaN,NaN,NaN,NaN,NaN,NaN,NaN
2,NaN,NaN,NaN,NaN,NaN,NaN,NaN,NaN
3,NaN,NaN,NaN,NaN,NaN,NaN,NaN,NaN
4,NaN,NaN,NaN,NaN,NaN,NaN,NaN,NaN
5,NaN,NaN,NaN,NaN,NaN,NaN,NaN,NaN
6,NaN,NaN,NaN,NaN,NaN,NaN,NaN,NaN
7,NaN,NaN,NaN,NaN,NaN,NaN,NaN,NaN
8,NaN,NaN,NaN,NaN,NaN,NaN,NaN,NaN
9,NaN,NaN,NaN,NaN,NaN,NaN,NaN,NaN
10,NaN,NaN,NaN,NaN,NaN,NaN,NaN,NaN
11,NaN,NaN,NaN,NaN,NaN,NaN,NaN,NaN
1,NaN,NaN,NaN,NaN,NaN,NaN,NaN,NaN
2,NaN,NaN,NaN,NaN,NaN,NaN,NaN,NaN
3,NaN,NaN,NaN,NaN,NaN,NaN,NaN,NaN
4,NaN,NaN,NaN,NaN,NaN,NaN,NaN,NaN
5,NaN,NaN,NaN,NaN,NaN,NaN,NaN,NaN
6,NaN,NaN,NaN,NaN,NaN,NaN,NaN,NaN
7,NaN,NaN,NaN,NaN,NaN,NaN,NaN,NaN
8,NaN,NaN,NaN,NaN,NaN,NaN,NaN,NaN
9,NaN,NaN,NaN,NaN,NaN,NaN,NaN,NaN
10,NaN,NaN,NaN,NaN,NaN,NaN,NaN,NaN
11,NaN,NaN,NaN,NaN,NaN,NaN,NaN,NaN
1,NaN,NaN,NaN,NaN,NaN,NaN,NaN,NaN
2,NaN,NaN,NaN,NaN,NaN,NaN,NaN,NaN
3,NaN,NaN,NaN,NaN,NaN,NaN,NaN,NaN
4,NaN,NaN,NaN,NaN,NaN,NaN,NaN,NaN
5,NaN,NaN,NaN,NaN,NaN,NaN,NaN,NaN
6,NaN,NaN,NaN,NaN,NaN,NaN,NaN,NaN
7,NaN,NaN,NaN,NaN,NaN,NaN,NaN,NaN
8,NaN,NaN,NaN,NaN,NaN,NaN,NaN,NaN
9,NaN,NaN,NaN,NaN,NaN,NaN,NaN,NaN
10,NaN,NaN,NaN,NaN,NaN,NaN,NaN,NaN
11,NaN,NaN,NaN,NaN,NaN,NaN,NaN,NaN
1,NaN,NaN,NaN,NaN,NaN,NaN,NaN,NaN
2,NaN,NaN,NaN,NaN,NaN,NaN,NaN,NaN
3,NaN,NaN,NaN,NaN,NaN,NaN,NaN,NaN
4,NaN,NaN,NaN,NaN,NaN,NaN,NaN,NaN
5,NaN,NaN,NaN,NaN,NaN,NaN,NaN,NaN
6,NaN,NaN,NaN,NaN,NaN,NaN,NaN,NaN
7,NaN,NaN,NaN,NaN,NaN,NaN,NaN,NaN
8,NaN,NaN,NaN,NaN,NaN,NaN,NaN,NaN
9,NaN,NaN,NaN,NaN,NaN,NaN,NaN,NaN
10,NaN,NaN,NaN,NaN,NaN,NaN,NaN,NaN
11,NaN,NaN,NaN,NaN,NaN,NaN,NaN,NaN
1,NaN,NaN,NaN,NaN,NaN,NaN,NaN,NaN
2,NaN,NaN,NaN,NaN,NaN,NaN,NaN,NaN
3,NaN,NaN,NaN,NaN,NaN,NaN,NaN,NaN
4,NaN,NaN,NaN,NaN,NaN,NaN,NaN,NaN
5,NaN,NaN,NaN,NaN,NaN,NaN,NaN,NaN
6,NaN,NaN,NaN,NaN,NaN,NaN,NaN,NaN
7,NaN,NaN,NaN,NaN,NaN,NaN,NaN,NaN
8,NaN,NaN,NaN,NaN,NaN,NaN,NaN,NaN
9,NaN,NaN,NaN,NaN,NaN,NaN,NaN,NaN
10,NaN,NaN,NaN,NaN,NaN,NaN,NaN,NaN
11,NaN,NaN,NaN,NaN,NaN,NaN,NaN,NaN
1,NaN,NaN,NaN,NaN,NaN,NaN,NaN,NaN
2,NaN,NaN,NaN,NaN,NaN,NaN,NaN,NaN
3,NaN,NaN,NaN,NaN,NaN,NaN,NaN,NaN
4,NaN,NaN,NaN,NaN,NaN,NaN,NaN,NaN
5,NaN,NaN,NaN,NaN,NaN,NaN,NaN,NaN
6,NaN,NaN,NaN,NaN,NaN,NaN,NaN,NaN
7,NaN,NaN,NaN,NaN,NaN,NaN,NaN,NaN
8,NaN,NaN,NaN,NaN,NaN,NaN,NaN,NaN
9,NaN,NaN,NaN,NaN,NaN,NaN,NaN,NaN
10,NaN,NaN,NaN,NaN,NaN,NaN,NaN,NaN
11,NaN,NaN,NaN,NaN,NaN,NaN,NaN,NaN
1,NaN,NaN,NaN,NaN,NaN,NaN,NaN,NaN
2,NaN,NaN,NaN,NaN,NaN,NaN,NaN,NaN
3,NaN,NaN,NaN,NaN,NaN,NaN,NaN,NaN
4,NaN,NaN,NaN,NaN,NaN,NaN,NaN,NaN
5,NaN,NaN,NaN,NaN,NaN,NaN,NaN,NaN
6,NaN,NaN,NaN,NaN,NaN,NaN,NaN,NaN
7,NaN,NaN,NaN,NaN,NaN,NaN,NaN,NaN
8,NaN,NaN,NaN,NaN,NaN,NaN,NaN,NaN
9,NaN,NaN,NaN,NaN,NaN,NaN,NaN,NaN
10,NaN,NaN,NaN,NaN,NaN,NaN,NaN,NaN
11,NaN,NaN,NaN,NaN,NaN,NaN,NaN,NaN
1,NaN,NaN,NaN,NaN,NaN,NaN,NaN,NaN
2,NaN,NaN,NaN,NaN,NaN,NaN,NaN,NaN
3,NaN,NaN,NaN,NaN,NaN,NaN,NaN,NaN
4,NaN,NaN,NaN,NaN,NaN,NaN,NaN,NaN
5,NaN,NaN,NaN,NaN,NaN,NaN,NaN,NaN
6,NaN,NaN,NaN,NaN,NaN,NaN,NaN,NaN
7,NaN,NaN,NaN,NaN,NaN,NaN,NaN,NaN
8,NaN,NaN,NaN,NaN,NaN,NaN,NaN,NaN
9,NaN,NaN,NaN,NaN,NaN,NaN,NaN,NaN
10,NaN,NaN,NaN,NaN,NaN,NaN,NaN,NaN
11,NaN,NaN,NaN,NaN,NaN,NaN,NaN,NaN
1,NaN,NaN,NaN,NaN,NaN,NaN,NaN,NaN
2,NaN,NaN,NaN,NaN,NaN,NaN,NaN,NaN
3,NaN,NaN,NaN,NaN,NaN,NaN,NaN,NaN
4,NaN,NaN,NaN,NaN,NaN,NaN,NaN,NaN
5,NaN,NaN,NaN,NaN,NaN,NaN,NaN,NaN
6,NaN,NaN,NaN,NaN,NaN,NaN,NaN,NaN
7,NaN,NaN,NaN,NaN,NaN,NaN,NaN,NaN
8,NaN,NaN,NaN,NaN,NaN,NaN,NaN,NaN
9,NaN,NaN,NaN,NaN,NaN,NaN,NaN,NaN
10,NaN,NaN,NaN,NaN,NaN,NaN,NaN,NaN
11,NaN,NaN,NaN,NaN,NaN,NaN,NaN,NaN
1,NaN,NaN,NaN,NaN,NaN,NaN,NaN,NaN
2,NaN,NaN,NaN,NaN,NaN,NaN,NaN,NaN
3,NaN,NaN,NaN,NaN,NaN,NaN,NaN,NaN
4,NaN,NaN,NaN,NaN,NaN,NaN,NaN,NaN
5,NaN,NaN,NaN,NaN,NaN,NaN,NaN,NaN
6,NaN,NaN,NaN,NaN,NaN,NaN,NaN,NaN
7,NaN,NaN,NaN,NaN,NaN,NaN,NaN,NaN
8,NaN,NaN,NaN,NaN,NaN,NaN,NaN,NaN
9,NaN,NaN,NaN,NaN,NaN,NaN,NaN,NaN
10,NaN,NaN,NaN,NaN,NaN,NaN,NaN,NaN
11,NaN,NaN,NaN,NaN,NaN,NaN,NaN,NaN
1,NaN,NaN,NaN,NaN,NaN,NaN,NaN,NaN
2,NaN,NaN,NaN,NaN,NaN,NaN,NaN,NaN
3,NaN,NaN,NaN,NaN,NaN,NaN,NaN,NaN
4,NaN,NaN,NaN,NaN,NaN,NaN,NaN,NaN
5,NaN,NaN,NaN,NaN,NaN,NaN,NaN,NaN
6,NaN,NaN,NaN,NaN,NaN,NaN,NaN,NaN
7,NaN,NaN,NaN,NaN,NaN,NaN,NaN,NaN
8,NaN,NaN,NaN,NaN,NaN,NaN,NaN,NaN
9,NaN,NaN,NaN,NaN,NaN,NaN,NaN,NaN
10,NaN,NaN,NaN,NaN,NaN,NaN,NaN,NaN
11,NaN,NaN,NaN,NaN,NaN,NaN,NaN,NaN
1,NaN,NaN,NaN,NaN,NaN,NaN,NaN,NaN
2,NaN,NaN,NaN,NaN,NaN,NaN,NaN,NaN
3,NaN,NaN,NaN,NaN,NaN,NaN,NaN,NaN
4,NaN,NaN,NaN,NaN,NaN,NaN,NaN,NaN
5,NaN,NaN,NaN,NaN,NaN,NaN,NaN,NaN
6,NaN,NaN,NaN,NaN,NaN,NaN,NaN,NaN
7,NaN,NaN,NaN,NaN,NaN,NaN,NaN,NaN
8,NaN,NaN,NaN,NaN,NaN,NaN,NaN,NaN
9,NaN,NaN,NaN,NaN,NaN,NaN,NaN,NaN
10,NaN,NaN,NaN,NaN,NaN,NaN,NaN,NaN
11,NaN,NaN,NaN,NaN,NaN,NaN,NaN,NaN
1,NaN,NaN,NaN,NaN,NaN,NaN,NaN,NaN
2,NaN,NaN,NaN,NaN,NaN,NaN,NaN,NaN
3,NaN,NaN,NaN,NaN,NaN,NaN,NaN,NaN
4,NaN,NaN,NaN,NaN,NaN,NaN,NaN,NaN
5,NaN,NaN,NaN,NaN,NaN,NaN,NaN,NaN
6,NaN,NaN,NaN,NaN,NaN,NaN,NaN,NaN
7,NaN,NaN,NaN,NaN,NaN,NaN,NaN,NaN
8,NaN,NaN,NaN,NaN,NaN,NaN,NaN,NaN
9,NaN,NaN,NaN,NaN,NaN,NaN,NaN,NaN
10,NaN,NaN,NaN,NaN,NaN,NaN,NaN,NaN
11,NaN,NaN,NaN,NaN,NaN,NaN,NaN,NaN
1,NaN,NaN,NaN,NaN,NaN,NaN,NaN,NaN
2,NaN,NaN,NaN,NaN,NaN,NaN,NaN,NaN
3,NaN,NaN,NaN,NaN,NaN,NaN,NaN,NaN
4,NaN,NaN,NaN,NaN,NaN,NaN,NaN,NaN
5,NaN,NaN,NaN,NaN,NaN,NaN,NaN,NaN
6,NaN,NaN,NaN,NaN,NaN,NaN,NaN,NaN
7,NaN,NaN,NaN,NaN,NaN,NaN,NaN,NaN
8,NaN,NaN,NaN,NaN,NaN,NaN,NaN,NaN
9,NaN,NaN,NaN,NaN,NaN,NaN,NaN,NaN
10,NaN,NaN,NaN,NaN,NaN,NaN,NaN,NaN
11,NaN,NaN,NaN,NaN,NaN,NaN,NaN,NaN
1,NaN,NaN,NaN,NaN,NaN,NaN,NaN,NaN
2,NaN,NaN,NaN,NaN,NaN,NaN,NaN,NaN
3,NaN,NaN,NaN,NaN,NaN,NaN,NaN,NaN
4,NaN,NaN,NaN,NaN,NaN,NaN,NaN,NaN
5,NaN,NaN,NaN,NaN,NaN,NaN,NaN,NaN
6,NaN,NaN,NaN,NaN,NaN,NaN,NaN,NaN
7,NaN,NaN,NaN,NaN,NaN,NaN,NaN,NaN
8,NaN,NaN,NaN,NaN,NaN,NaN,NaN,NaN
9,NaN,NaN,NaN,NaN,NaN,NaN,NaN,NaN
10,NaN,NaN,NaN,NaN,NaN,NaN,NaN,NaN
11,NaN,NaN,NaN,NaN,NaN,NaN,NaN,NaN
1,NaN,NaN,NaN,NaN,NaN,NaN,NaN,NaN
2,NaN,NaN,NaN,NaN,NaN,NaN,NaN,NaN
3,NaN,NaN,NaN,NaN,NaN,NaN,NaN,NaN
4,NaN,NaN,NaN,NaN,NaN,NaN,NaN,NaN
5,NaN,NaN,NaN,NaN,NaN,NaN,NaN,NaN
6,NaN,NaN,NaN,NaN,NaN,NaN,NaN,NaN
7,NaN,NaN,NaN,NaN,NaN,NaN,NaN,NaN
8,NaN,NaN,NaN,NaN,NaN,NaN,NaN,NaN
9,NaN,NaN,NaN,NaN,NaN,NaN,NaN,NaN
10,NaN,NaN,NaN,NaN,NaN,NaN,NaN,NaN
11,NaN,NaN,NaN,NaN,NaN,NaN,NaN,NaN
1,NaN,NaN,NaN,NaN,NaN,NaN,NaN,NaN
2,NaN,NaN,NaN,NaN,NaN,NaN,NaN,NaN
3,NaN,NaN,NaN,NaN,NaN,NaN,NaN,NaN
4,NaN,NaN,NaN,NaN,NaN,NaN,NaN,NaN
5,NaN,NaN,NaN,NaN,NaN,NaN,NaN,NaN
6,NaN,NaN,NaN,NaN,NaN,NaN,NaN,NaN
7,NaN,NaN,NaN,NaN,NaN,NaN,NaN,NaN
8,NaN,NaN,NaN,NaN,NaN,NaN,NaN,NaN
9,NaN,NaN,NaN,NaN,NaN,NaN,NaN,NaN
10,NaN,NaN,NaN,NaN,NaN,NaN,NaN,NaN
11,NaN,NaN,NaN,NaN,NaN,NaN,NaN,NaN
1,NaN,NaN,NaN,NaN,NaN,NaN,NaN,NaN
2,NaN,NaN,NaN,NaN,NaN,NaN,NaN,NaN
3,NaN,NaN,NaN,NaN,NaN,NaN,NaN,NaN
4,NaN,NaN,NaN,NaN,NaN,NaN,NaN,NaN
5,NaN,NaN,NaN,NaN,NaN,NaN,NaN,NaN
6,NaN,NaN,NaN,NaN,NaN,NaN,NaN,NaN
7,NaN,NaN,NaN,NaN,NaN,NaN,NaN,NaN
8,NaN,NaN,NaN,NaN,NaN,NaN,NaN,NaN
9,NaN,NaN,NaN,NaN,NaN,NaN,NaN,NaN
10,NaN,NaN,NaN,NaN,NaN,NaN,NaN,NaN
11,NaN,NaN,NaN,NaN,NaN,NaN,NaN,NaN
1,NaN,NaN,NaN,NaN,NaN,NaN,NaN,NaN
2,NaN,NaN,NaN,NaN,NaN,NaN,NaN,NaN
3,NaN,NaN,NaN,NaN,NaN,NaN,NaN,NaN
4,NaN,NaN,NaN,NaN,NaN,NaN,NaN,NaN
5,NaN,NaN,NaN,NaN,NaN,NaN,NaN,NaN
6,NaN,NaN,NaN,NaN,NaN,NaN,NaN,NaN
7,NaN,NaN,NaN,NaN,NaN,NaN,NaN,NaN
8,NaN,NaN,NaN,NaN,NaN,NaN,NaN,NaN
9,NaN,NaN,NaN,NaN,NaN,NaN,NaN,NaN
10,NaN,NaN,NaN,NaN,NaN,NaN,NaN,NaN
11,NaN,NaN,NaN,NaN,NaN,NaN,NaN,NaN
1,NaN,NaN,NaN,NaN,NaN,NaN,NaN,NaN
2,NaN,NaN,NaN,NaN,NaN,NaN,NaN,NaN
3,NaN,NaN,NaN,NaN,NaN,NaN,NaN,NaN
4,NaN,NaN,NaN,NaN,NaN,NaN,NaN,NaN
5,NaN,NaN,NaN,NaN,NaN,NaN,NaN,NaN
6,NaN,NaN,NaN,NaN,NaN,NaN,NaN,NaN
7,NaN,NaN,NaN,NaN,NaN,NaN,NaN,NaN
8,NaN,NaN,NaN,NaN,NaN,NaN,NaN,NaN
9,NaN,NaN,NaN,NaN,NaN,NaN,NaN,NaN
10,NaN,NaN,NaN,NaN,NaN,NaN,NaN,NaN
11,NaN,NaN,NaN,NaN,NaN,NaN,NaN,NaN
1,NaN,NaN,NaN,NaN,NaN,NaN,NaN,NaN
2,NaN,NaN,NaN,NaN,NaN,NaN,NaN,NaN
3,NaN,NaN,NaN,NaN,NaN,NaN,NaN,NaN
4,NaN,NaN,NaN,NaN,NaN,NaN,NaN,NaN
5,NaN,NaN,NaN,NaN,NaN,NaN,NaN,NaN
6,NaN,NaN,NaN,NaN,NaN,NaN,NaN,NaN
7,NaN,NaN,NaN,NaN,NaN,NaN,NaN,NaN
8,NaN,NaN,NaN,NaN,NaN,NaN,NaN,NaN
9,NaN,NaN,NaN,NaN,NaN,NaN,NaN,NaN
10,NaN,NaN,NaN,NaN,NaN,NaN,NaN,NaN
11,NaN,NaN,NaN,NaN,NaN,NaN,NaN,NaN
1,NaN,NaN,NaN,NaN,NaN,NaN,NaN,NaN
2,NaN,NaN,NaN,NaN,NaN,NaN,NaN,NaN
3,NaN,NaN,NaN,NaN,NaN,NaN,NaN,NaN
4,NaN,NaN,NaN,NaN,NaN,NaN,NaN,NaN
5,NaN,NaN,NaN,NaN,NaN,NaN,NaN,NaN
6,NaN,NaN,NaN,NaN,NaN,NaN,NaN,NaN
7,NaN,NaN,NaN,NaN,NaN,NaN,NaN,NaN
8,NaN,NaN,NaN,NaN,NaN,NaN,NaN,NaN
9,NaN,NaN,NaN,NaN,NaN,NaN,NaN,NaN
10,NaN,NaN,NaN,NaN,NaN,NaN,NaN,NaN
11,NaN,NaN,NaN,NaN,NaN,NaN,NaN,NaN
1,NaN,NaN,NaN,NaN,NaN,NaN,NaN,NaN
2,NaN,NaN,NaN,NaN,NaN,NaN,NaN,NaN
3,NaN,NaN,NaN,NaN,NaN,NaN,NaN,NaN
4,NaN,NaN,NaN,NaN,NaN,NaN,NaN,NaN
5,NaN,NaN,NaN,NaN,NaN,NaN,NaN,NaN
6,NaN,NaN,NaN,NaN,NaN,NaN,NaN,NaN
7,NaN,NaN,NaN,NaN,NaN,NaN,NaN,NaN
8,NaN,NaN,NaN,NaN,NaN,NaN,NaN,NaN
9,NaN,NaN,NaN,NaN,NaN,NaN,NaN,NaN
10,NaN,NaN,NaN,NaN,NaN,NaN,NaN,NaN
11,NaN,NaN,NaN,NaN,NaN,NaN,NaN,NaN
1,NaN,NaN,NaN,NaN,NaN,NaN,NaN,NaN
2,NaN,NaN,NaN,NaN,NaN,NaN,NaN,NaN
3,NaN,NaN,NaN,NaN,NaN,NaN,NaN,NaN
4,NaN,NaN,NaN,NaN,NaN,NaN,NaN,NaN
5,NaN,NaN,NaN,NaN,NaN,NaN,NaN,NaN
6,NaN,NaN,NaN,NaN,NaN,NaN,NaN,NaN
7,NaN,NaN,NaN,NaN,NaN,NaN,NaN,NaN
8,NaN,NaN,NaN,NaN,NaN,NaN,NaN,NaN
9,NaN,NaN,NaN,NaN,NaN,NaN,NaN,NaN
10,NaN,NaN,NaN,NaN,NaN,NaN,NaN,NaN
11,NaN,NaN,NaN,NaN,NaN,NaN,NaN,NaN
1,NaN,NaN,NaN,NaN,NaN,NaN,NaN,NaN
2,NaN,NaN,NaN,NaN,NaN,NaN,NaN,NaN
3,NaN,NaN,NaN,NaN,NaN,NaN,NaN,NaN
4,NaN,NaN,NaN,NaN,NaN,NaN,NaN,NaN
5,NaN,NaN,NaN,NaN,NaN,NaN,NaN,NaN
6,NaN,NaN,NaN,NaN,NaN,NaN,NaN,NaN
7,NaN,NaN,NaN,NaN,NaN,NaN,NaN,NaN
8,NaN,NaN,NaN,NaN,NaN,NaN,NaN,NaN
9,NaN,NaN,NaN,NaN,NaN,NaN,NaN,NaN
10,NaN,NaN,NaN,NaN,NaN,NaN,NaN,NaN
11,NaN,NaN,NaN,NaN,NaN,NaN,NaN,NaN
1,NaN,NaN,NaN,NaN,NaN,NaN,NaN,NaN
2,NaN,NaN,NaN,NaN,NaN,NaN,NaN,NaN
3,NaN,NaN,NaN,NaN,NaN,NaN,NaN,NaN
4,NaN,NaN,NaN,NaN,NaN,NaN,NaN,NaN
5,NaN,NaN,NaN,NaN,NaN,NaN,NaN,NaN
6,NaN,NaN,NaN,NaN,NaN,NaN,NaN,NaN
7,NaN,NaN,NaN,NaN,NaN,NaN,NaN,NaN
8,NaN,NaN,NaN,NaN,NaN,NaN,NaN,NaN
9,NaN,NaN,NaN,NaN,NaN,NaN,NaN,NaN
10,NaN,NaN,NaN,NaN,NaN,NaN,NaN,NaN
11,NaN,NaN,NaN,NaN,NaN,NaN,NaN,NaN
1,NaN,NaN,NaN,NaN,NaN,NaN,NaN,NaN
2,NaN,NaN,NaN,NaN,NaN,NaN,NaN,NaN
3,NaN,NaN,NaN,NaN,NaN,NaN,NaN,NaN
4,NaN,NaN,NaN,NaN,NaN,NaN,NaN,NaN
5,NaN,NaN,NaN,NaN,NaN,NaN,NaN,NaN
6,NaN,NaN,NaN,NaN,NaN,NaN,NaN,NaN
7,NaN,NaN,NaN,NaN,NaN,NaN,NaN,NaN
8,NaN,NaN,NaN,NaN,NaN,NaN,NaN,NaN
9,NaN,NaN,NaN,NaN,NaN,NaN,NaN,NaN
10,NaN,NaN,NaN,NaN,NaN,NaN,NaN,NaN
11,NaN,NaN,NaN,NaN,NaN,NaN,NaN,NaN
1,NaN,NaN,NaN,NaN,NaN,NaN,NaN,NaN
2,NaN,NaN,NaN,NaN,NaN,NaN,NaN,NaN
3,NaN,NaN,NaN,NaN,NaN,NaN,NaN,NaN
4,NaN,NaN,NaN,NaN,NaN,NaN,NaN,NaN
5,NaN,NaN,NaN,NaN,NaN,NaN,NaN,NaN
6,NaN,NaN,NaN,NaN,NaN,NaN,NaN,NaN
7,NaN,NaN,NaN,NaN,NaN,NaN,NaN,NaN
8,NaN,NaN,NaN,NaN,NaN,NaN,NaN,NaN
9,NaN,NaN,NaN,NaN,NaN,NaN,NaN,NaN
10,NaN,NaN,NaN,NaN,NaN,NaN,NaN,NaN
11,NaN,NaN,NaN,NaN,NaN,NaN,NaN,NaN
1,NaN,NaN,NaN,NaN,NaN,NaN,NaN,NaN
2,NaN,NaN,NaN,NaN,NaN,NaN,NaN,NaN
3,NaN,NaN,NaN,NaN,NaN,NaN,NaN,NaN
4,NaN,NaN,NaN,NaN,NaN,NaN,NaN,NaN
5,NaN,NaN,NaN,NaN,NaN,NaN,NaN,NaN
6,NaN,NaN,NaN,NaN,NaN,NaN,NaN,NaN
7,NaN,NaN,NaN,NaN,NaN,NaN,NaN,NaN
8,NaN,NaN,NaN,NaN,NaN,NaN,NaN,NaN
9,NaN,NaN,NaN,NaN,NaN,NaN,NaN,NaN
10,NaN,NaN,NaN,NaN,NaN,NaN,NaN,NaN
11,NaN,NaN,NaN,NaN,NaN,NaN,NaN,NaN
1,NaN,NaN,NaN,NaN,NaN,NaN,NaN,NaN
2,NaN,NaN,NaN,NaN,NaN,NaN,NaN,NaN
3,NaN,NaN,NaN,NaN,NaN,NaN,NaN,NaN
4,NaN,NaN,NaN,NaN,NaN,NaN,NaN,NaN
5,NaN,NaN,NaN,NaN,NaN,NaN,NaN,NaN
6,NaN,NaN,NaN,NaN,NaN,NaN,NaN,NaN
7,NaN,NaN,NaN,NaN,NaN,NaN,NaN,NaN
8,NaN,NaN,NaN,NaN,NaN,NaN,NaN,NaN
9,NaN,NaN,NaN,NaN,NaN,NaN,NaN,NaN
10,NaN,NaN,NaN,NaN,NaN,NaN,NaN,NaN
11,NaN,NaN,NaN,NaN,NaN,NaN,NaN,NaN
1,NaN,NaN,NaN,NaN,NaN,NaN,NaN,NaN
2,NaN,NaN,NaN,NaN,NaN,NaN,NaN,NaN
3,NaN,NaN,NaN,NaN,NaN,NaN,NaN,NaN
4,NaN,NaN,NaN,NaN,NaN,NaN,NaN,NaN
5,NaN,NaN,NaN,NaN,NaN,NaN,NaN,NaN
6,NaN,NaN,NaN,NaN,NaN,NaN,NaN,NaN
7,NaN,NaN,NaN,NaN,NaN,NaN,NaN,NaN
8,NaN,NaN,NaN,NaN,NaN,NaN,NaN,NaN
9,NaN,NaN,NaN,NaN,NaN,NaN,NaN,NaN
10,NaN,NaN,NaN,NaN,NaN,NaN,NaN,NaN
11,NaN,NaN,NaN,NaN,NaN,NaN,NaN,NaN
1,NaN,NaN,NaN,NaN,NaN,NaN,NaN,NaN
2,NaN,NaN,NaN,NaN,NaN,NaN,NaN,NaN
3,NaN,NaN,NaN,NaN,NaN,NaN,NaN,NaN
4,NaN,NaN,NaN,NaN,NaN,NaN,NaN,NaN
5,NaN,NaN,NaN,NaN,NaN,NaN,NaN,NaN
6,NaN,NaN,NaN,NaN,NaN,NaN,NaN,NaN
7,NaN,NaN,NaN,NaN,NaN,NaN,NaN,NaN
8,NaN,NaN,NaN,NaN,NaN,NaN,NaN,NaN
9,NaN,NaN,NaN,NaN,NaN,NaN,NaN,NaN
10,NaN,NaN,NaN,NaN,NaN,NaN,NaN,NaN
11,NaN,NaN,NaN,NaN,NaN,NaN,NaN,NaN
1,NaN,NaN,NaN,NaN,NaN,NaN,NaN,NaN
2,NaN,NaN,NaN,NaN,NaN,NaN,NaN,NaN
3,NaN,NaN,NaN,NaN,NaN,NaN,NaN,NaN
4,NaN,NaN,NaN,NaN,NaN,NaN,NaN,NaN
5,NaN,NaN,NaN,NaN,NaN,NaN,NaN,NaN
6,NaN,NaN,NaN,NaN,NaN,NaN,NaN,NaN
7,NaN,NaN,NaN,NaN,NaN,NaN,NaN,NaN
8,NaN,NaN,NaN,NaN,NaN,NaN,NaN,NaN
9,NaN,NaN,NaN,NaN,NaN,NaN,NaN,NaN
10,NaN,NaN,NaN,NaN,NaN,NaN,NaN,NaN
11,NaN,NaN,NaN,NaN,NaN,NaN,NaN,NaN
1,NaN,NaN,NaN,NaN,NaN,NaN,NaN,NaN
2,NaN,NaN,NaN,NaN,NaN,NaN,NaN,NaN
3,NaN,NaN,NaN,NaN,NaN,NaN,NaN,NaN
4,NaN,NaN,NaN,NaN,NaN,NaN,NaN,NaN
5,NaN,NaN,NaN,NaN,NaN,NaN,NaN,NaN
6,NaN,NaN,NaN,NaN,NaN,NaN,NaN,NaN
7,NaN,NaN,NaN,NaN,NaN,NaN,NaN,NaN
8,NaN,NaN,NaN,NaN,NaN,NaN,NaN,NaN
9,NaN,NaN,NaN,NaN,NaN,NaN,NaN,NaN
10,NaN,NaN,NaN,NaN,NaN,NaN,NaN,NaN
11,NaN,NaN,NaN,NaN,NaN,NaN,NaN,NaN
1,NaN,NaN,NaN,NaN,NaN,NaN,NaN,NaN
2,NaN,NaN,NaN,NaN,NaN,NaN,NaN,NaN
3,NaN,NaN,NaN,NaN,NaN,NaN,NaN,NaN
4,NaN,NaN,NaN,NaN,NaN,NaN,NaN,NaN
5,NaN,NaN,NaN,NaN,NaN,NaN,NaN,NaN
6,NaN,NaN,NaN,NaN,NaN,NaN,NaN,NaN
7,NaN,NaN,NaN,NaN,NaN,NaN,NaN,NaN
8,NaN,NaN,NaN,NaN,NaN,NaN,NaN,NaN
9,NaN,NaN,NaN,NaN,NaN,NaN,NaN,NaN
10,NaN,NaN,NaN,NaN,NaN,NaN,NaN,NaN
11,NaN,NaN,NaN,NaN,NaN,NaN,NaN,NaN
1,NaN,NaN,NaN,NaN,NaN,NaN,NaN,NaN
2,NaN,NaN,NaN,NaN,NaN,NaN,NaN,NaN
3,NaN,NaN,NaN,NaN,NaN,NaN,NaN,NaN
4,NaN,NaN,NaN,NaN,NaN,NaN,NaN,NaN
5,NaN,NaN,NaN,NaN,NaN,NaN,NaN,NaN
6,NaN,NaN,NaN,NaN,NaN,NaN,NaN,NaN
7,NaN,NaN,NaN,NaN,NaN,NaN,NaN,NaN
8,NaN,NaN,NaN,NaN,NaN,NaN,NaN,NaN
9,NaN,NaN,NaN,NaN,NaN,NaN,NaN,NaN
10,NaN,NaN,NaN,NaN,NaN,NaN,NaN,NaN
11,NaN,NaN,NaN,NaN,NaN,NaN,NaN,NaN
1,NaN,NaN,NaN,NaN,NaN,NaN,NaN,NaN
2,NaN,NaN,NaN,NaN,NaN,NaN,NaN,NaN
3,NaN,NaN,NaN,NaN,NaN,NaN,NaN,NaN
4,NaN,NaN,NaN,NaN,NaN,NaN,NaN,NaN
5,NaN,NaN,NaN,NaN,NaN,NaN,NaN,NaN
6,NaN,NaN,NaN,NaN,NaN,NaN,NaN,NaN
7,NaN,NaN,NaN,NaN,NaN,NaN,NaN,NaN
8,NaN,NaN,NaN,NaN,NaN,NaN,NaN,NaN
9,NaN,NaN,NaN,NaN,NaN,NaN,NaN,NaN
10,NaN,NaN,NaN,NaN,NaN,NaN,NaN,NaN
11,NaN,NaN,NaN,NaN,NaN,NaN,NaN,NaN
1,NaN,NaN,NaN,NaN,NaN,NaN,NaN,NaN
2,NaN,NaN,NaN,NaN,NaN,NaN,NaN,NaN
3,NaN,NaN,NaN,NaN,NaN,NaN,NaN,NaN
4,NaN,NaN,NaN,NaN,NaN,NaN,NaN,NaN
5,NaN,NaN,NaN,NaN,NaN,NaN,NaN,NaN
6,NaN,NaN,NaN,NaN,NaN,NaN,NaN,NaN
7,NaN,NaN,NaN,NaN,NaN,NaN,NaN,NaN
8,NaN,NaN,NaN,NaN,NaN,NaN,NaN,NaN
9,NaN,NaN,NaN,NaN,NaN,NaN,NaN,NaN
10,NaN,NaN,NaN,NaN,NaN,NaN,NaN,NaN
11,NaN,NaN,NaN,NaN,NaN,NaN,NaN,NaN
1,NaN,NaN,NaN,NaN,NaN,NaN,NaN,NaN
2,NaN,NaN,NaN,NaN,NaN,NaN,NaN,NaN
3,NaN,NaN,NaN,NaN,NaN,NaN,NaN,NaN
4,NaN,NaN,NaN,NaN,NaN,NaN,NaN,NaN
5,NaN,NaN,NaN,NaN,NaN,NaN,NaN,NaN
6,NaN,NaN,NaN,NaN,NaN,NaN,NaN,NaN
7,NaN,NaN,NaN,NaN,NaN,NaN,NaN,NaN
8,NaN,NaN,NaN,NaN,NaN,NaN,NaN,NaN
9,NaN,NaN,NaN,NaN,NaN,NaN,NaN,NaN
10,NaN,NaN,NaN,NaN,NaN,NaN,NaN,NaN
11,NaN,NaN,NaN,NaN,NaN,NaN,NaN,NaN
1,NaN,NaN,NaN,NaN,NaN,NaN,NaN,NaN
2,NaN,NaN,NaN,NaN,NaN,NaN,NaN,NaN
3,NaN,NaN,NaN,NaN,NaN,NaN,NaN,NaN
4,NaN,NaN,NaN,NaN,NaN,NaN,NaN,NaN
5,NaN,NaN,NaN,NaN,NaN,NaN,NaN,NaN
6,NaN,NaN,NaN,NaN,NaN,NaN,NaN,NaN
7,NaN,NaN,NaN,NaN,NaN,NaN,NaN,NaN
8,NaN,NaN,NaN,NaN,NaN,NaN,NaN,NaN
9,NaN,NaN,NaN,NaN,NaN,NaN,NaN,NaN
10,NaN,NaN,NaN,NaN,NaN,NaN,NaN,NaN
11,NaN,NaN,NaN,NaN,NaN,NaN,NaN,NaN
1,NaN,NaN,NaN,NaN,NaN,NaN,NaN,NaN
2,NaN,NaN,NaN,NaN,NaN,NaN,NaN,NaN
3,NaN,NaN,NaN,NaN,NaN,NaN,NaN,NaN
4,NaN,NaN,NaN,NaN,NaN,NaN,NaN,NaN
5,NaN,NaN,NaN,NaN,NaN,NaN,NaN,NaN
6,NaN,NaN,NaN,NaN,NaN,NaN,NaN,NaN
7,NaN,NaN,NaN,NaN,NaN,NaN,NaN,NaN
8,NaN,NaN,NaN,NaN,NaN,NaN,NaN,NaN
9,NaN,NaN,NaN,NaN,NaN,NaN,NaN,NaN
10,NaN,NaN,NaN,NaN,NaN,NaN,NaN,NaN
11,NaN,NaN,NaN,NaN,NaN,NaN,NaN,NaN
1,NaN,NaN,NaN,NaN,NaN,NaN,NaN,NaN
2,NaN,NaN,NaN,NaN,NaN,NaN,NaN,NaN
3,NaN,NaN,NaN,NaN,NaN,NaN,NaN,NaN
4,NaN,NaN,NaN,NaN,NaN,NaN,NaN,NaN
5,NaN,NaN,NaN,NaN,NaN,NaN,NaN,NaN
6,NaN,NaN,NaN,NaN,NaN,NaN,NaN,NaN
7,NaN,NaN,NaN,NaN,NaN,NaN,NaN,NaN
8,NaN,NaN,NaN,NaN,NaN,NaN,NaN,NaN
9,NaN,NaN,NaN,NaN,NaN,NaN,NaN,NaN
10,NaN,NaN,NaN,NaN,NaN,NaN,NaN,NaN
11,NaN,NaN,NaN,NaN,NaN,NaN,NaN,NaN
1,NaN,NaN,NaN,NaN,NaN,NaN,NaN,NaN
2,NaN,NaN,NaN,NaN,NaN,NaN,NaN,NaN
3,NaN,NaN,NaN,NaN,NaN,NaN,NaN,NaN
4,NaN,NaN,NaN,NaN,NaN,NaN,NaN,NaN
5,NaN,NaN,NaN,NaN,NaN,NaN,NaN,NaN
6,NaN,NaN,NaN,NaN,NaN,NaN,NaN,NaN
7,NaN,NaN,NaN,NaN,NaN,NaN,NaN,NaN
8,NaN,NaN,NaN,NaN,NaN,NaN,NaN,NaN
9,NaN,NaN,NaN,NaN,NaN,NaN,NaN,NaN
10,NaN,NaN,NaN,NaN,NaN,NaN,NaN,NaN
11,NaN,NaN,NaN,NaN,NaN,NaN,NaN,NaN
1,NaN,NaN,NaN,NaN,NaN,NaN,NaN,NaN
2,NaN,NaN,NaN,NaN,NaN,NaN,NaN,NaN
3,NaN,NaN,NaN,NaN,NaN,NaN,NaN,NaN
4,NaN,NaN,NaN,NaN,NaN,NaN,NaN,NaN
5,NaN,NaN,NaN,NaN,NaN,NaN,NaN,NaN
6,NaN,NaN,NaN,NaN,NaN,NaN,NaN,NaN
7,NaN,NaN,NaN,NaN,NaN,NaN,NaN,NaN
8,NaN,NaN,NaN,NaN,NaN,NaN,NaN,NaN
9,NaN,NaN,NaN,NaN,NaN,NaN,NaN,NaN
10,NaN,NaN,NaN,NaN,NaN,NaN,NaN,NaN
11,NaN,NaN,NaN,NaN,NaN,NaN,NaN,NaN
1,NaN,NaN,NaN,NaN,NaN,NaN,NaN,NaN
2,NaN,NaN,NaN,NaN,NaN,NaN,NaN,NaN
3,NaN,NaN,NaN,NaN,NaN,NaN,NaN,NaN
4,NaN,NaN,NaN,NaN,NaN,NaN,NaN,NaN
5,NaN,NaN,NaN,NaN,NaN,NaN,NaN,NaN
6,NaN,NaN,NaN,NaN,NaN,NaN,NaN,NaN
7,NaN,NaN,NaN,NaN,NaN,NaN,NaN,NaN
8,NaN,NaN,NaN,NaN,NaN,NaN,NaN,NaN
9,NaN,NaN,NaN,NaN,NaN,NaN,NaN,NaN
10,NaN,NaN,NaN,NaN,NaN,NaN,NaN,NaN
11,NaN,NaN,NaN,NaN,NaN,NaN,NaN,NaN
1,NaN,NaN,NaN,NaN,NaN,NaN,NaN,NaN
2,NaN,NaN,NaN,NaN,NaN,NaN,NaN,NaN
3,NaN,NaN,NaN,NaN,NaN,NaN,NaN,NaN
4,NaN,NaN,NaN,NaN,NaN,NaN,NaN,NaN
5,NaN,NaN,NaN,NaN,NaN,NaN,NaN,NaN
6,NaN,NaN,NaN,NaN,NaN,NaN,NaN,NaN
7,NaN,NaN,NaN,NaN,NaN,NaN,NaN,NaN
8,NaN,NaN,NaN,NaN,NaN,NaN,NaN,NaN
9,NaN,NaN,NaN,NaN,NaN,NaN,NaN,NaN
10,NaN,NaN,NaN,NaN,NaN,NaN,NaN,NaN
11,NaN,NaN,NaN,NaN,NaN,NaN,NaN,NaN
1,NaN,NaN,NaN,NaN,NaN,NaN,NaN,NaN
2,NaN,NaN,NaN,NaN,NaN,NaN,NaN,NaN
3,NaN,NaN,NaN,NaN,NaN,NaN,NaN,NaN
4,NaN,NaN,NaN,NaN,NaN,NaN,NaN,NaN
5,NaN,NaN,NaN,NaN,NaN,NaN,NaN,NaN
6,NaN,NaN,NaN,NaN,NaN,NaN,NaN,NaN
7,NaN,NaN,NaN,NaN,NaN,NaN,NaN,NaN
8,NaN,NaN,NaN,NaN,NaN,NaN,NaN,NaN
9,NaN,NaN,NaN,NaN,NaN,NaN,NaN,NaN
10,NaN,NaN,NaN,NaN,NaN,NaN,NaN,NaN
11,NaN,NaN,NaN,NaN,NaN,NaN,NaN,NaN
1,NaN,NaN,NaN,NaN,NaN,NaN,NaN,NaN
2,NaN,NaN,NaN,NaN,NaN,NaN,NaN,NaN
3,NaN,NaN,NaN,NaN,NaN,NaN,NaN,NaN
4,NaN,NaN,NaN,NaN,NaN,NaN,NaN,NaN
5,NaN,NaN,NaN,NaN,NaN,NaN,NaN,NaN
6,NaN,NaN,NaN,NaN,NaN,NaN,NaN,NaN
7,NaN,NaN,NaN,NaN,NaN,NaN,NaN,NaN
8,NaN,NaN,NaN,NaN,NaN,NaN,NaN,NaN
9,NaN,NaN,NaN,NaN,NaN,NaN,NaN,NaN
10,NaN,NaN,NaN,NaN,NaN,NaN,NaN,NaN
11,NaN,NaN,NaN,NaN,NaN,NaN,NaN,NaN
1,NaN,NaN,NaN,NaN,NaN,NaN,NaN,NaN
2,NaN,NaN,NaN,NaN,NaN,NaN,NaN,NaN
3,NaN,NaN,NaN,NaN,NaN,NaN,NaN,NaN
4,NaN,NaN,NaN,NaN,NaN,NaN,NaN,NaN
5,NaN,NaN,NaN,NaN,NaN,NaN,NaN,NaN
6,NaN,NaN,NaN,NaN,NaN,NaN,NaN,NaN
7,NaN,NaN,NaN,NaN,NaN,NaN,NaN,NaN
8,NaN,NaN,NaN,NaN,NaN,NaN,NaN,NaN
9,NaN,NaN,NaN,NaN,NaN,NaN,NaN,NaN
10,NaN,NaN,NaN,NaN,NaN,NaN,NaN,NaN
11,NaN,NaN,NaN,NaN,NaN,NaN,NaN,NaN
1,NaN,NaN,NaN,NaN,NaN,NaN,NaN,NaN
2,NaN,NaN,NaN,NaN,NaN,NaN,NaN,NaN
3,NaN,NaN,NaN,NaN,NaN,NaN,NaN,NaN
4,NaN,NaN,NaN,NaN,NaN,NaN,NaN,NaN
5,NaN,NaN,NaN,NaN,NaN,NaN,NaN,NaN
6,NaN,NaN,NaN,NaN,NaN,NaN,NaN,NaN
7,NaN,NaN,NaN,NaN,NaN,NaN,NaN,NaN
8,NaN,NaN,NaN,NaN,NaN,NaN,NaN,NaN
9,NaN,NaN,NaN,NaN,NaN,NaN,NaN,NaN
10,NaN,NaN,NaN,NaN,NaN,NaN,NaN,NaN
11,NaN,NaN,NaN,NaN,NaN,NaN,NaN,NaN
1,NaN,NaN,NaN,NaN,NaN,NaN,NaN,NaN
2,NaN,NaN,NaN,NaN,NaN,NaN,NaN,NaN
3,NaN,NaN,NaN,NaN,NaN,NaN,NaN,NaN
4,NaN,NaN,NaN,NaN,NaN,NaN,NaN,NaN
5,NaN,NaN,NaN,NaN,NaN,NaN,NaN,NaN
6,NaN,NaN,NaN,NaN,NaN,NaN,NaN,NaN
7,NaN,NaN,NaN,NaN,NaN,NaN,NaN,NaN
8,NaN,NaN,NaN,NaN,NaN,NaN,NaN,NaN
9,NaN,NaN,NaN,NaN,NaN,NaN,NaN,NaN
10,NaN,NaN,NaN,NaN,NaN,NaN,NaN,NaN
11,NaN,NaN,NaN,NaN,NaN,NaN,NaN,NaN
1,NaN,NaN,NaN,NaN,NaN,NaN,NaN,NaN
2,NaN,NaN,NaN,NaN,NaN,NaN,NaN,NaN
3,NaN,NaN,NaN,NaN,NaN,NaN,NaN,NaN
4,NaN,NaN,NaN,NaN,NaN,NaN,NaN,NaN
5,NaN,NaN,NaN,NaN,NaN,NaN,NaN,NaN
6,NaN,NaN,NaN,NaN,NaN,NaN,NaN,NaN
7,NaN,NaN,NaN,NaN,NaN,NaN,NaN,NaN
8,NaN,NaN,NaN,NaN,NaN,NaN,NaN,NaN
9,NaN,NaN,NaN,NaN,NaN,NaN,NaN,NaN
10,NaN,NaN,NaN,NaN,NaN,NaN,NaN,NaN
11,NaN,NaN,NaN,NaN,NaN,NaN,NaN,NaN
1,NaN,NaN,NaN,NaN,NaN,NaN,NaN,NaN
2,NaN,NaN,NaN,NaN,NaN,NaN,NaN,NaN
3,NaN,NaN,NaN,NaN,NaN,NaN,NaN,NaN
4,NaN,NaN,NaN,NaN,NaN,NaN,NaN,NaN
5,NaN,NaN,NaN,NaN,NaN,NaN,NaN,NaN
6,NaN,NaN,NaN,NaN,NaN,NaN,NaN,NaN
7,NaN,NaN,NaN,NaN,NaN,NaN,NaN,NaN
8,NaN,NaN,NaN,NaN,NaN,NaN,NaN,NaN
9,NaN,NaN,NaN,NaN,NaN,NaN,NaN,NaN
10,NaN,NaN,NaN,NaN,NaN,NaN,NaN,NaN
11,NaN,NaN,NaN,NaN,NaN,NaN,NaN,NaN
1,NaN,NaN,NaN,NaN,NaN,NaN,NaN,NaN
2,NaN,NaN,NaN,NaN,NaN,NaN,NaN,NaN
3,NaN,NaN,NaN,NaN,NaN,NaN,NaN,NaN
4,NaN,NaN,NaN,NaN,NaN,NaN,NaN,NaN
5,NaN,NaN,NaN,NaN,NaN,NaN,NaN,NaN
6,NaN,NaN,NaN,NaN,NaN,NaN,NaN,NaN
7,NaN,NaN,NaN,NaN,NaN,NaN,NaN,NaN
8,NaN,NaN,NaN,NaN,NaN,NaN,NaN,NaN
9,NaN,NaN,NaN,NaN,NaN,NaN,NaN,NaN
10,NaN,NaN,NaN,NaN,NaN,NaN,NaN,NaN
11,NaN,NaN,NaN,NaN,NaN,NaN,NaN,NaN
1,NaN,NaN,NaN,NaN,NaN,NaN,NaN,NaN
2,NaN,NaN,NaN,NaN,NaN,NaN,NaN,NaN
3,NaN,NaN,NaN,NaN,NaN,NaN,NaN,NaN
4,NaN,NaN,NaN,NaN,NaN,NaN,NaN,NaN
5,NaN,NaN,NaN,NaN,NaN,NaN,NaN,NaN
6,NaN,NaN,NaN,NaN,NaN,NaN,NaN,NaN
7,NaN,NaN,NaN,NaN,NaN,NaN,NaN,NaN
8,NaN,NaN,NaN,NaN,NaN,NaN,NaN,NaN
9,NaN,NaN,NaN,NaN,NaN,NaN,NaN,NaN
10,NaN,NaN,NaN,NaN,NaN,NaN,NaN,NaN
11,NaN,NaN,NaN,NaN,NaN,NaN,NaN,NaN
1,NaN,NaN,NaN,NaN,NaN,NaN,NaN,NaN
2,NaN,NaN,NaN,NaN,NaN,NaN,NaN,NaN
3,NaN,NaN,NaN,NaN,NaN,NaN,NaN,NaN
4,NaN,NaN,NaN,NaN,NaN,NaN,NaN,NaN
5,NaN,NaN,NaN,NaN,NaN,NaN,NaN,NaN
6,NaN,NaN,NaN,NaN,NaN,NaN,NaN,NaN
7,NaN,NaN,NaN,NaN,NaN,NaN,NaN,NaN
8,NaN,NaN,NaN,NaN,NaN,NaN,NaN,NaN
9,NaN,NaN,NaN,NaN,NaN,NaN,NaN,NaN
10,NaN,NaN,NaN,NaN,NaN,NaN,NaN,NaN
11,NaN,NaN,NaN,NaN,NaN,NaN,NaN,NaN
1,NaN,NaN,NaN,NaN,NaN,NaN,NaN,NaN
2,NaN,NaN,NaN,NaN,NaN,NaN,NaN,NaN
3,NaN,NaN,NaN,NaN,NaN,NaN,NaN,NaN
4,NaN,NaN,NaN,NaN,NaN,NaN,NaN,NaN
5,NaN,NaN,NaN,NaN,NaN,NaN,NaN,NaN
6,NaN,NaN,NaN,NaN,NaN,NaN,NaN,NaN
7,NaN,NaN,NaN,NaN,NaN,NaN,NaN,NaN
8,NaN,NaN,NaN,NaN,NaN,NaN,NaN,NaN
9,NaN,NaN,NaN,NaN,NaN,NaN,NaN,NaN
10,NaN,NaN,NaN,NaN,NaN,NaN,NaN,NaN
11,NaN,NaN,NaN,NaN,NaN,NaN,NaN,NaN
1,NaN,NaN,NaN,NaN,NaN,NaN,NaN,NaN
2,NaN,NaN,NaN,NaN,NaN,NaN,NaN,NaN
3,NaN,NaN,NaN,NaN,NaN,NaN,NaN,NaN
4,NaN,NaN,NaN,NaN,NaN,NaN,NaN,NaN
5,NaN,NaN,NaN,NaN,NaN,NaN,NaN,NaN
6,NaN,NaN,NaN,NaN,NaN,NaN,NaN,NaN
7,NaN,NaN,NaN,NaN,NaN,NaN,NaN,NaN
8,NaN,NaN,NaN,NaN,NaN,NaN,NaN,NaN
9,NaN,NaN,NaN,NaN,NaN,NaN,NaN,NaN
10,NaN,NaN,NaN,NaN,NaN,NaN,NaN,NaN
11,NaN,NaN,NaN,NaN,NaN,NaN,NaN,NaN
1,NaN,NaN,NaN,NaN,NaN,NaN,NaN,NaN
2,NaN,NaN,NaN,NaN,NaN,NaN,NaN,NaN
3,NaN,NaN,NaN,NaN,NaN,NaN,NaN,NaN
4,NaN,NaN,NaN,NaN,NaN,NaN,NaN,NaN
5,NaN,NaN,NaN,NaN,NaN,NaN,NaN,NaN
6,NaN,NaN,NaN,NaN,NaN,NaN,NaN,NaN
7,NaN,NaN,NaN,NaN,NaN,NaN,NaN,NaN
8,NaN,NaN,NaN,NaN,NaN,NaN,NaN,NaN
9,NaN,NaN,NaN,NaN,NaN,NaN,NaN,NaN
10,NaN,NaN,NaN,NaN,NaN,NaN,NaN,NaN
11,NaN,NaN,NaN,NaN,NaN,NaN,NaN,NaN
1,NaN,NaN,NaN,NaN,NaN,NaN,NaN,NaN
2,NaN,NaN,NaN,NaN,NaN,NaN,NaN,NaN
3,NaN,NaN,NaN,NaN,NaN,NaN,NaN,NaN
4,NaN,NaN,NaN,NaN,NaN,NaN,NaN,NaN
5,NaN,NaN,NaN,NaN,NaN,NaN,NaN,NaN
6,NaN,NaN,NaN,NaN,NaN,NaN,NaN,NaN
7,NaN,NaN,NaN,NaN,NaN,NaN,NaN,NaN
8,NaN,NaN,NaN,NaN,NaN,NaN,NaN,NaN
9,NaN,NaN,NaN,NaN,NaN,NaN,NaN,NaN
10,NaN,NaN,NaN,NaN,NaN,NaN,NaN,NaN
11,NaN,NaN,NaN,NaN,NaN,NaN,NaN,NaN
1,NaN,NaN,NaN,NaN,NaN,NaN,NaN,NaN
2,NaN,NaN,NaN,NaN,NaN,NaN,NaN,NaN
3,NaN,NaN,NaN,NaN,NaN,NaN,NaN,NaN
4,NaN,NaN,NaN,NaN,NaN,NaN,NaN,NaN
5,NaN,NaN,NaN,NaN,NaN,NaN,NaN,NaN
6,NaN,NaN,NaN,NaN,NaN,NaN,NaN,NaN
7,NaN,NaN,NaN,NaN,NaN,NaN,NaN,NaN
8,NaN,NaN,NaN,NaN,NaN,NaN,NaN,NaN
9,NaN,NaN,NaN,NaN,NaN,NaN,NaN,NaN
10,NaN,NaN,NaN,NaN,NaN,NaN,NaN,NaN
11,NaN,NaN,NaN,NaN,NaN,NaN,NaN,NaN
1,NaN,NaN,NaN,NaN,NaN,NaN,NaN,NaN
2,NaN,NaN,NaN,NaN,NaN,NaN,NaN,NaN
3,NaN,NaN,NaN,NaN,NaN,NaN,NaN,NaN
4,NaN,NaN,NaN,NaN,NaN,NaN,NaN,NaN
5,NaN,NaN,NaN,NaN,NaN,NaN,NaN,NaN
6,NaN,NaN,NaN,NaN,NaN,NaN,NaN,NaN
7,NaN,NaN,NaN,NaN,NaN,NaN,NaN,NaN
8,NaN,NaN,NaN,NaN,NaN,NaN,NaN,NaN
9,NaN,NaN,NaN,NaN,NaN,NaN,NaN,NaN
10,NaN,NaN,NaN,NaN,NaN,NaN,NaN,NaN
11,NaN,NaN,NaN,NaN,NaN,NaN,NaN,NaN
1,NaN,NaN,NaN,NaN,NaN,NaN,NaN,NaN
2,NaN,NaN,NaN,NaN,NaN,NaN,NaN,NaN
3,NaN,NaN,NaN,NaN,NaN,NaN,NaN,NaN
4,NaN,NaN,NaN,NaN,NaN,NaN,NaN,NaN
5,NaN,NaN,NaN,NaN,NaN,NaN,NaN,NaN
6,NaN,NaN,NaN,NaN,NaN,NaN,NaN,NaN
7,NaN,NaN,NaN,NaN,NaN,NaN,NaN,NaN
8,NaN,NaN,NaN,NaN,NaN,NaN,NaN,NaN
9,NaN,NaN,NaN,NaN,NaN,NaN,NaN,NaN
10,NaN,NaN,NaN,NaN,NaN,NaN,NaN,NaN
11,NaN,NaN,NaN,NaN,NaN,NaN,NaN,NaN
1,NaN,NaN,NaN,NaN,NaN,NaN,NaN,NaN
2,NaN,NaN,NaN,NaN,NaN,NaN,NaN,NaN
3,NaN,NaN,NaN,NaN,NaN,NaN,NaN,NaN
4,NaN,NaN,NaN,NaN,NaN,NaN,NaN,NaN
5,NaN,NaN,NaN,NaN,NaN,NaN,NaN,NaN
6,NaN,NaN,NaN,NaN,NaN,NaN,NaN,NaN
7,NaN,NaN,NaN,NaN,NaN,NaN,NaN,NaN
8,NaN,NaN,NaN,NaN,NaN,NaN,NaN,NaN
9,NaN,NaN,NaN,NaN,NaN,NaN,NaN,NaN
10,NaN,NaN,NaN,NaN,NaN,NaN,NaN,NaN
11,NaN,NaN,NaN,NaN,NaN,NaN,NaN,NaN
1,NaN,NaN,NaN,NaN,NaN,NaN,NaN,NaN
2,NaN,NaN,NaN,NaN,NaN,NaN,NaN,NaN
3,NaN,NaN,NaN,NaN,NaN,NaN,NaN,NaN
4,NaN,NaN,NaN,NaN,NaN,NaN,NaN,NaN
5,NaN,NaN,NaN,NaN,NaN,NaN,NaN,NaN
6,NaN,NaN,NaN,NaN,NaN,NaN,NaN,NaN
7,NaN,NaN,NaN,NaN,NaN,NaN,NaN,NaN
8,NaN,NaN,NaN,NaN,NaN,NaN,NaN,NaN
9,NaN,NaN,NaN,NaN,NaN,NaN,NaN,NaN
10,NaN,NaN,NaN,NaN,NaN,NaN,NaN,NaN
11,NaN,NaN,NaN,NaN,NaN,NaN,NaN,NaN
1,NaN,NaN,NaN,NaN,NaN,NaN,NaN,NaN
2,NaN,NaN,NaN,NaN,NaN,NaN,NaN,NaN
3,NaN,NaN,NaN,NaN,NaN,NaN,NaN,NaN
4,NaN,NaN,NaN,NaN,NaN,NaN,NaN,NaN
5,NaN,NaN,NaN,NaN,NaN,NaN,NaN,NaN
6,NaN,NaN,NaN,NaN,NaN,NaN,NaN,NaN
7,NaN,NaN,NaN,NaN,NaN,NaN,NaN,NaN
8,NaN,NaN,NaN,NaN,NaN,NaN,NaN,NaN
9,NaN,NaN,NaN,NaN,NaN,NaN,NaN,NaN
10,NaN,NaN,NaN,NaN,NaN,NaN,NaN,NaN
11,NaN,NaN,NaN,NaN,NaN,NaN,NaN,NaN
1,NaN,NaN,NaN,NaN,NaN,NaN,NaN,NaN
2,NaN,NaN,NaN,NaN,NaN,NaN,NaN,NaN
3,NaN,NaN,NaN,NaN,NaN,NaN,NaN,NaN
4,NaN,NaN,NaN,NaN,NaN,NaN,NaN,NaN
5,NaN,NaN,NaN,NaN,NaN,NaN,NaN,NaN
6,NaN,NaN,NaN,NaN,NaN,NaN,NaN,NaN
7,NaN,NaN,NaN,NaN,NaN,NaN,NaN,NaN
8,NaN,NaN,NaN,NaN,NaN,NaN,NaN,NaN
9,NaN,NaN,NaN,NaN,NaN,NaN,NaN,NaN
10,NaN,NaN,NaN,NaN,NaN,NaN,NaN,NaN
11,NaN,NaN,NaN,NaN,NaN,NaN,NaN,NaN
1,NaN,NaN,NaN,NaN,NaN,NaN,NaN,NaN
2,NaN,NaN,NaN,NaN,NaN,NaN,NaN,NaN
3,NaN,NaN,NaN,NaN,NaN,NaN,NaN,NaN
4,NaN,NaN,NaN,NaN,NaN,NaN,NaN,NaN
5,NaN,NaN,NaN,NaN,NaN,NaN,NaN,NaN
6,NaN,NaN,NaN,NaN,NaN,NaN,NaN,NaN
7,NaN,NaN,NaN,NaN,NaN,NaN,NaN,NaN
8,NaN,NaN,NaN,NaN,NaN,NaN,NaN,NaN
9,NaN,NaN,NaN,NaN,NaN,NaN,NaN,NaN
10,NaN,NaN,NaN,NaN,NaN,NaN,NaN,NaN
11,NaN,NaN,NaN,NaN,NaN,NaN,NaN,NaN
1,NaN,NaN,NaN,NaN,NaN,NaN,NaN,NaN
2,NaN,NaN,NaN,NaN,NaN,NaN,NaN,NaN
3,NaN,NaN,NaN,NaN,NaN,NaN,NaN,NaN
4,NaN,NaN,NaN,NaN,NaN,NaN,NaN,NaN
5,NaN,NaN,NaN,NaN,NaN,NaN,NaN,NaN
6,NaN,NaN,NaN,NaN,NaN,NaN,NaN,NaN
7,NaN,NaN,NaN,NaN,NaN,NaN,NaN,NaN
8,NaN,NaN,NaN,NaN,NaN,NaN,NaN,NaN
9,NaN,NaN,NaN,NaN,NaN,NaN,NaN,NaN
10,NaN,NaN,NaN,NaN,NaN,NaN,NaN,NaN
11,NaN,NaN,NaN,NaN,NaN,NaN,NaN,NaN
1,NaN,NaN,NaN,NaN,NaN,NaN,NaN,NaN
2,NaN,NaN,NaN,NaN,NaN,NaN,NaN,NaN
3,NaN,NaN,NaN,NaN,NaN,NaN,NaN,NaN
4,NaN,NaN,NaN,NaN,NaN,NaN,NaN,NaN
5,NaN,NaN,NaN,NaN,NaN,NaN,NaN,NaN
6,NaN,NaN,NaN,NaN,NaN,NaN,NaN,NaN
7,NaN,NaN,NaN,NaN,NaN,NaN,NaN,NaN
8,NaN,NaN,NaN,NaN,NaN,NaN,NaN,NaN
9,NaN,NaN,NaN,NaN,NaN,NaN,NaN,NaN
10,NaN,NaN,NaN,NaN,NaN,NaN,NaN,NaN
11,NaN,NaN,NaN,NaN,NaN,NaN,NaN,NaN
1,NaN,NaN,NaN,NaN,NaN,NaN,NaN,NaN
2,NaN,NaN,NaN,NaN,NaN,NaN,NaN,NaN
3,NaN,NaN,NaN,NaN,NaN,NaN,NaN,NaN
4,NaN,NaN,NaN,NaN,NaN,NaN,NaN,NaN
5,NaN,NaN,NaN,NaN,NaN,NaN,NaN,NaN
6,NaN,NaN,NaN,NaN,NaN,NaN,NaN,NaN
7,NaN,NaN,NaN,NaN,NaN,NaN,NaN,NaN
8,NaN,NaN,NaN,NaN,NaN,NaN,NaN,NaN
9,NaN,NaN,NaN,NaN,NaN,NaN,NaN,NaN
10,NaN,NaN,NaN,NaN,NaN,NaN,NaN,NaN
11,NaN,NaN,NaN,NaN,NaN,NaN,NaN,NaN
1,NaN,NaN,NaN,NaN,NaN,NaN,NaN,NaN
2,NaN,NaN,NaN,NaN,NaN,NaN,NaN,NaN
3,NaN,NaN,NaN,NaN,NaN,NaN,NaN,NaN
4,NaN,NaN,NaN,NaN,NaN,NaN,NaN,NaN
5,NaN,NaN,NaN,NaN,NaN,NaN,NaN,NaN
6,NaN,NaN,NaN,NaN,NaN,NaN,NaN,NaN
7,NaN,NaN,NaN,NaN,NaN,NaN,NaN,NaN
8,NaN,NaN,NaN,NaN,NaN,NaN,NaN,NaN
9,NaN,NaN,NaN,NaN,NaN,NaN,NaN,NaN
10,NaN,NaN,NaN,NaN,NaN,NaN,NaN,NaN
11,NaN,NaN,NaN,NaN,NaN,NaN,NaN,NaN
1,NaN,NaN,NaN,NaN,NaN,NaN,NaN,NaN
2,NaN,NaN,NaN,NaN,NaN,NaN,NaN,NaN
3,NaN,NaN,NaN,NaN,NaN,NaN,NaN,NaN
4,NaN,NaN,NaN,NaN,NaN,NaN,NaN,NaN
5,NaN,NaN,NaN,NaN,NaN,NaN,NaN,NaN
6,NaN,NaN,NaN,NaN,NaN,NaN,NaN,NaN
7,NaN,NaN,NaN,NaN,NaN,NaN,NaN,NaN
8,NaN,NaN,NaN,NaN,NaN,NaN,NaN,NaN
9,NaN,NaN,NaN,NaN,NaN,NaN,NaN,NaN
10,NaN,NaN,NaN,NaN,NaN,NaN,NaN,NaN
11,NaN,NaN,NaN,NaN,NaN,NaN,NaN,NaN
1,NaN,NaN,NaN,NaN,NaN,NaN,NaN,NaN
2,NaN,NaN,NaN,NaN,NaN,NaN,NaN,NaN
3,NaN,NaN,NaN,NaN,NaN,NaN,NaN,NaN
4,NaN,NaN,NaN,NaN,NaN,NaN,NaN,NaN
5,NaN,NaN,NaN,NaN,NaN,NaN,NaN,NaN
6,NaN,NaN,NaN,NaN,NaN,NaN,NaN,NaN
7,NaN,NaN,NaN,NaN,NaN,NaN,NaN,NaN
8,NaN,NaN,NaN,NaN,NaN,NaN,NaN,NaN
9,NaN,NaN,NaN,NaN,NaN,NaN,NaN,NaN
10,NaN,NaN,NaN,NaN,NaN,NaN,NaN,NaN
11,NaN,NaN,NaN,NaN,NaN,NaN,NaN,NaN
1,NaN,NaN,NaN,NaN,NaN,NaN,NaN,NaN
2,NaN,NaN,NaN,NaN,NaN,NaN,NaN,NaN
3,NaN,NaN,NaN,NaN,NaN,NaN,NaN,NaN
4,NaN,NaN,NaN,NaN,NaN,NaN,NaN,NaN
5,NaN,NaN,NaN,NaN,NaN,NaN,NaN,NaN
6,NaN,NaN,NaN,NaN,NaN,NaN,NaN,NaN
7,NaN,NaN,NaN,NaN,NaN,NaN,NaN,NaN
8,NaN,NaN,NaN,NaN,NaN,NaN,NaN,NaN
9,NaN,NaN,NaN,NaN,NaN,NaN,NaN,NaN
10,NaN,NaN,NaN,NaN,NaN,NaN,NaN,NaN
11,NaN,NaN,NaN,NaN,NaN,NaN,NaN,NaN
1,NaN,NaN,NaN,NaN,NaN,NaN,NaN,NaN
2,NaN,NaN,NaN,NaN,NaN,NaN,NaN,NaN
3,NaN,NaN,NaN,NaN,NaN,NaN,NaN,NaN
4,NaN,NaN,NaN,NaN,NaN,NaN,NaN,NaN
5,NaN,NaN,NaN,NaN,NaN,NaN,NaN,NaN
6,NaN,NaN,NaN,NaN,NaN,NaN,NaN,NaN
7,NaN,NaN,NaN,NaN,NaN,NaN,NaN,NaN
8,NaN,NaN,NaN,NaN,NaN,NaN,NaN,NaN
9,NaN,NaN,NaN,NaN,NaN,NaN,NaN,NaN
10,NaN,NaN,NaN,NaN,NaN,NaN,NaN,NaN
11,NaN,NaN,NaN,NaN,NaN,NaN,NaN,NaN
1,NaN,NaN,NaN,NaN,NaN,NaN,NaN,NaN
2,NaN,NaN,NaN,NaN,NaN,NaN,NaN,NaN
3,NaN,NaN,NaN,NaN,NaN,NaN,NaN,NaN
4,NaN,NaN,NaN,NaN,NaN,NaN,NaN,NaN
5,NaN,NaN,NaN,NaN,NaN,NaN,NaN,NaN
6,NaN,NaN,NaN,NaN,NaN,NaN,NaN,NaN
7,NaN,NaN,NaN,NaN,NaN,NaN,NaN,NaN
8,NaN,NaN,NaN,NaN,NaN,NaN,NaN,NaN
9,NaN,NaN,NaN,NaN,NaN,NaN,NaN,NaN
10,NaN,NaN,NaN,NaN,NaN,NaN,NaN,NaN
11,NaN,NaN,NaN,NaN,NaN,NaN,NaN,NaN
1,NaN,NaN,NaN,NaN,NaN,NaN,NaN,NaN
2,NaN,NaN,NaN,NaN,NaN,NaN,NaN,NaN
3,NaN,NaN,NaN,NaN,NaN,NaN,NaN,NaN
4,NaN,NaN,NaN,NaN,NaN,NaN,NaN,NaN
5,NaN,NaN,NaN,NaN,NaN,NaN,NaN,NaN
6,NaN,NaN,NaN,NaN,NaN,NaN,NaN,NaN
7,NaN,NaN,NaN,NaN,NaN,NaN,NaN,NaN
8,NaN,NaN,NaN,NaN,NaN,NaN,NaN,NaN
9,NaN,NaN,NaN,NaN,NaN,NaN,NaN,NaN
10,NaN,NaN,NaN,NaN,NaN,NaN,NaN,NaN
11,NaN,NaN,NaN,NaN,NaN,NaN,NaN,NaN
1,NaN,NaN,NaN,NaN,NaN,NaN,NaN,NaN
2,NaN,NaN,NaN,NaN,NaN,NaN,NaN,NaN
3,NaN,NaN,NaN,NaN,NaN,NaN,NaN,NaN
4,NaN,NaN,NaN,NaN,NaN,NaN,NaN,NaN
5,NaN,NaN,NaN,NaN,NaN,NaN,NaN,NaN
6,NaN,NaN,NaN,NaN,NaN,NaN,NaN,NaN
7,NaN,NaN,NaN,NaN,NaN,NaN,NaN,NaN
8,NaN,NaN,NaN,NaN,NaN,NaN,NaN,NaN
9,NaN,NaN,NaN,NaN,NaN,NaN,NaN,NaN
10,NaN,NaN,NaN,NaN,NaN,NaN,NaN,NaN
11,NaN,NaN,NaN,NaN,NaN,NaN,NaN,NaN
1,NaN,NaN,NaN,NaN,NaN,NaN,NaN,NaN
2,NaN,NaN,NaN,NaN,NaN,NaN,NaN,NaN
3,NaN,NaN,NaN,NaN,NaN,NaN,NaN,NaN
4,NaN,NaN,NaN,NaN,NaN,NaN,NaN,NaN
5,NaN,NaN,NaN,NaN,NaN,NaN,NaN,NaN
6,NaN,NaN,NaN,NaN,NaN,NaN,NaN,NaN
7,NaN,NaN,NaN,NaN,NaN,NaN,NaN,NaN
8,NaN,NaN,NaN,NaN,NaN,NaN,NaN,NaN
9,NaN,NaN,NaN,NaN,NaN,NaN,NaN,NaN
10,NaN,NaN,NaN,NaN,NaN,NaN,NaN,NaN
11,NaN,NaN,NaN,NaN,NaN,NaN,NaN,NaN
1,NaN,NaN,NaN,NaN,NaN,NaN,NaN,NaN
2,NaN,NaN,NaN,NaN,NaN,NaN,NaN,NaN
3,NaN,NaN,NaN,NaN,NaN,NaN,NaN,NaN
4,NaN,NaN,NaN,NaN,NaN,NaN,NaN,NaN
5,NaN,NaN,NaN,NaN,NaN,NaN,NaN,NaN
6,NaN,NaN,NaN,NaN,NaN,NaN,NaN,NaN
7,NaN,NaN,NaN,NaN,NaN,NaN,NaN,NaN
8,NaN,NaN,NaN,NaN,NaN,NaN,NaN,NaN
9,NaN,NaN,NaN,NaN,NaN,NaN,NaN,NaN
10,NaN,NaN,NaN,NaN,NaN,NaN,NaN,NaN
11,NaN,NaN,NaN,NaN,NaN,NaN,NaN,NaN
1,NaN,NaN,NaN,NaN,NaN,NaN,NaN,NaN
2,NaN,NaN,NaN,NaN,NaN,NaN,NaN,NaN
3,NaN,NaN,NaN,NaN,NaN,NaN,NaN,NaN
4,NaN,NaN,NaN,NaN,NaN,NaN,NaN,NaN
5,NaN,NaN,NaN,NaN,NaN,NaN,NaN,NaN
6,NaN,NaN,NaN,NaN,NaN,NaN,NaN,NaN
7,NaN,NaN,NaN,NaN,NaN,NaN,NaN,NaN
8,NaN,NaN,NaN,NaN,NaN,NaN,NaN,NaN
9,NaN,NaN,NaN,NaN,NaN,NaN,NaN,NaN
10,NaN,NaN,NaN,NaN,NaN,NaN,NaN,NaN
11,NaN,NaN,NaN,NaN,NaN,NaN,NaN,NaN
1,NaN,NaN,NaN,NaN,NaN,NaN,NaN,NaN
2,NaN,NaN,NaN,NaN,NaN,NaN,NaN,NaN
3,NaN,NaN,NaN,NaN,NaN,NaN,NaN,NaN
4,NaN,NaN,NaN,NaN,NaN,NaN,NaN,NaN
5,NaN,NaN,NaN,NaN,NaN,NaN,NaN,NaN
6,NaN,NaN,NaN,NaN,NaN,NaN,NaN,NaN
7,NaN,NaN,NaN,NaN,NaN,NaN,NaN,NaN
8,NaN,NaN,NaN,NaN,NaN,NaN,NaN,NaN
9,NaN,NaN,NaN,NaN,NaN,NaN,NaN,NaN
10,NaN,NaN,NaN,NaN,NaN,NaN,NaN,NaN
11,NaN,NaN,NaN,NaN,NaN,NaN,NaN,NaN
1,NaN,NaN,NaN,NaN,NaN,NaN,NaN,NaN
2,NaN,NaN,NaN,NaN,NaN,NaN,NaN,NaN
3,NaN,NaN,NaN,NaN,NaN,NaN,NaN,NaN
4,NaN,NaN,NaN,NaN,NaN,NaN,NaN,NaN
5,NaN,NaN,NaN,NaN,NaN,NaN,NaN,NaN
6,NaN,NaN,NaN,NaN,NaN,NaN,NaN,NaN
7,NaN,NaN,NaN,NaN,NaN,NaN,NaN,NaN
8,NaN,NaN,NaN,NaN,NaN,NaN,NaN,NaN
9,NaN,NaN,NaN,NaN,NaN,NaN,NaN,NaN
10,NaN,NaN,NaN,NaN,NaN,NaN,NaN,NaN
11,NaN,NaN,NaN,NaN,NaN,NaN,NaN,NaN
1,NaN,NaN,NaN,NaN,NaN,NaN,NaN,NaN
2,NaN,NaN,NaN,NaN,NaN,NaN,NaN,NaN
3,NaN,NaN,NaN,NaN,NaN,NaN,NaN,NaN
4,NaN,NaN,NaN,NaN,NaN,NaN,NaN,NaN
5,NaN,NaN,NaN,NaN,NaN,NaN,NaN,NaN
6,NaN,NaN,NaN,NaN,NaN,NaN,NaN,NaN
7,NaN,NaN,NaN,NaN,NaN,NaN,NaN,NaN
8,NaN,NaN,NaN,NaN,NaN,NaN,NaN,NaN
9,NaN,NaN,NaN,NaN,NaN,NaN,NaN,NaN
10,NaN,NaN,NaN,NaN,NaN,NaN,NaN,NaN
11,NaN,NaN,NaN,NaN,NaN,NaN,NaN,NaN
1,NaN,NaN,NaN,NaN,NaN,NaN,NaN,NaN
2,NaN,NaN,NaN,NaN,NaN,NaN,NaN,NaN
3,NaN,NaN,NaN,NaN,NaN,NaN,NaN,NaN
4,NaN,NaN,NaN,NaN,NaN,NaN,NaN,NaN
5,NaN,NaN,NaN,NaN,NaN,NaN,NaN,NaN
6,NaN,NaN,NaN,NaN,NaN,NaN,NaN,NaN
7,NaN,NaN,NaN,NaN,NaN,NaN,NaN,NaN
8,NaN,NaN,NaN,NaN,NaN,NaN,NaN,NaN
9,NaN,NaN,NaN,NaN,NaN,NaN,NaN,NaN
10,NaN,NaN,NaN,NaN,NaN,NaN,NaN,NaN
11,NaN,NaN,NaN,NaN,NaN,NaN,NaN,NaN
1,NaN,NaN,NaN,NaN,NaN,NaN,NaN,NaN
2,NaN,NaN,NaN,NaN,NaN,NaN,NaN,NaN
3,NaN,NaN,NaN,NaN,NaN,NaN,NaN,NaN
4,NaN,NaN,NaN,NaN,NaN,NaN,NaN,NaN
5,NaN,NaN,NaN,NaN,NaN,NaN,NaN,NaN
6,NaN,NaN,NaN,NaN,NaN,NaN,NaN,NaN
7,NaN,NaN,NaN,NaN,NaN,NaN,NaN,NaN
8,NaN,NaN,NaN,NaN,NaN,NaN,NaN,NaN
9,NaN,NaN,NaN,NaN,NaN,NaN,NaN,NaN
10,NaN,NaN,NaN,NaN,NaN,NaN,NaN,NaN
11,NaN,NaN,NaN,NaN,NaN,NaN,NaN,NaN
1,NaN,NaN,NaN,NaN,NaN,NaN,NaN,NaN
2,NaN,NaN,NaN,NaN,NaN,NaN,NaN,NaN
3,NaN,NaN,NaN,NaN,NaN,NaN,NaN,NaN
4,NaN,NaN,NaN,NaN,NaN,NaN,NaN,NaN
5,NaN,NaN,NaN,NaN,NaN,NaN,NaN,NaN
6,NaN,NaN,NaN,NaN,NaN,NaN,NaN,NaN
7,NaN,NaN,NaN,NaN,NaN,NaN,NaN,NaN
8,NaN,NaN,NaN,NaN,NaN,NaN,NaN,NaN
9,NaN,NaN,NaN,NaN,NaN,NaN,NaN,NaN
10,NaN,NaN,NaN,NaN,NaN,NaN,NaN,NaN
11,NaN,NaN,NaN,NaN,NaN,NaN,NaN,NaN
1,NaN,NaN,NaN,NaN,NaN,NaN,NaN,NaN
2,NaN,NaN,NaN,NaN,NaN,NaN,NaN,NaN
3,NaN,NaN,NaN,NaN,NaN,NaN,NaN,NaN
4,NaN,NaN,NaN,NaN,NaN,NaN,NaN,NaN
5,NaN,NaN,NaN,NaN,NaN,NaN,NaN,NaN
6,NaN,NaN,NaN,NaN,NaN,NaN,NaN,NaN
7,NaN,NaN,NaN,NaN,NaN,NaN,NaN,NaN
8,NaN,NaN,NaN,NaN,NaN,NaN,NaN,NaN
9,NaN,NaN,NaN,NaN,NaN,NaN,NaN,NaN
10,NaN,NaN,NaN,NaN,NaN,NaN,NaN,NaN
11,NaN,NaN,NaN,NaN,NaN,NaN,NaN,NaN
1,NaN,NaN,NaN,NaN,NaN,NaN,NaN,NaN
2,NaN,NaN,NaN,NaN,NaN,NaN,NaN,NaN
3,NaN,NaN,NaN,NaN,NaN,NaN,NaN,NaN
4,NaN,NaN,NaN,NaN,NaN,NaN,NaN,NaN
5,NaN,NaN,NaN,NaN,NaN,NaN,NaN,NaN
6,NaN,NaN,NaN,NaN,NaN,NaN,NaN,NaN
7,NaN,NaN,NaN,NaN,NaN,NaN,NaN,NaN
8,NaN,NaN,NaN,NaN,NaN,NaN,NaN,NaN
9,NaN,NaN,NaN,NaN,NaN,NaN,NaN,NaN
10,NaN,NaN,NaN,NaN,NaN,NaN,NaN,NaN
11,NaN,NaN,NaN,NaN,NaN,NaN,NaN,NaN
1,NaN,NaN,NaN,NaN,NaN,NaN,NaN,NaN
2,NaN,NaN,NaN,NaN,NaN,NaN,NaN,NaN
3,NaN,NaN,NaN,NaN,NaN,NaN,NaN,NaN
4,NaN,NaN,NaN,NaN,NaN,NaN,NaN,NaN
5,NaN,NaN,NaN,NaN,NaN,NaN,NaN,NaN
6,NaN,NaN,NaN,NaN,NaN,NaN,NaN,NaN
7,NaN,NaN,NaN,NaN,NaN,NaN,NaN,NaN
8,NaN,NaN,NaN,NaN,NaN,NaN,NaN,NaN
9,NaN,NaN,NaN,NaN,NaN,NaN,NaN,NaN
10,NaN,NaN,NaN,NaN,NaN,NaN,NaN,NaN
11,NaN,NaN,NaN,NaN,NaN,NaN,NaN,NaN
1,NaN,NaN,NaN,NaN,NaN,NaN,NaN,NaN
2,NaN,NaN,NaN,NaN,NaN,NaN,NaN,NaN
3,NaN,NaN,NaN,NaN,NaN,NaN,NaN,NaN
4,NaN,NaN,NaN,NaN,NaN,NaN,NaN,NaN
5,NaN,NaN,NaN,NaN,NaN,NaN,NaN,NaN
6,NaN,NaN,NaN,NaN,NaN,NaN,NaN,NaN
7,NaN,NaN,NaN,NaN,NaN,NaN,NaN,NaN
8,NaN,NaN,NaN,NaN,NaN,NaN,NaN,NaN
9,NaN,NaN,NaN,NaN,NaN,NaN,NaN,NaN
10,NaN,NaN,NaN,NaN,NaN,NaN,NaN,NaN
11,NaN,NaN,NaN,NaN,NaN,NaN,NaN,NaN
1,NaN,NaN,NaN,NaN,NaN,NaN,NaN,NaN
2,NaN,NaN,NaN,NaN,NaN,NaN,NaN,NaN
3,NaN,NaN,NaN,NaN,NaN,NaN,NaN,NaN
4,NaN,NaN,NaN,NaN,NaN,NaN,NaN,NaN
5,NaN,NaN,NaN,NaN,NaN,NaN,NaN,NaN
6,NaN,NaN,NaN,NaN,NaN,NaN,NaN,NaN
7,NaN,NaN,NaN,NaN,NaN,NaN,NaN,NaN
8,NaN,NaN,NaN,NaN,NaN,NaN,NaN,NaN
9,NaN,NaN,NaN,NaN,NaN,NaN,NaN,NaN
10,NaN,NaN,NaN,NaN,NaN,NaN,NaN,NaN
11,NaN,NaN,NaN,NaN,NaN,NaN,NaN,NaN
1,NaN,NaN,NaN,NaN,NaN,NaN,NaN,NaN
2,NaN,NaN,NaN,NaN,NaN,NaN,NaN,NaN
3,NaN,NaN,NaN,NaN,NaN,NaN,NaN,NaN
4,NaN,NaN,NaN,NaN,NaN,NaN,NaN,NaN
5,NaN,NaN,NaN,NaN,NaN,NaN,NaN,NaN
6,NaN,NaN,NaN,NaN,NaN,NaN,NaN,NaN
7,NaN,NaN,NaN,NaN,NaN,NaN,NaN,NaN
8,NaN,NaN,NaN,NaN,NaN,NaN,NaN,NaN
9,NaN,NaN,NaN,NaN,NaN,NaN,NaN,NaN
10,NaN,NaN,NaN,NaN,NaN,NaN,NaN,NaN
11,NaN,NaN,NaN,NaN,NaN,NaN,NaN,NaN
1,NaN,NaN,NaN,NaN,NaN,NaN,NaN,NaN
2,NaN,NaN,NaN,NaN,NaN,NaN,NaN,NaN
3,NaN,NaN,NaN,NaN,NaN,NaN,NaN,NaN
4,NaN,NaN,NaN,NaN,NaN,NaN,NaN,NaN
5,NaN,NaN,NaN,NaN,NaN,NaN,NaN,NaN
6,NaN,NaN,NaN,NaN,NaN,NaN,NaN,NaN
7,NaN,NaN,NaN,NaN,NaN,NaN,NaN,NaN
8,NaN,NaN,NaN,NaN,NaN,NaN,NaN,NaN
9,NaN,NaN,NaN,NaN,NaN,NaN,NaN,NaN
10,NaN,NaN,NaN,NaN,NaN,NaN,NaN,NaN
11,NaN,NaN,NaN,NaN,NaN,NaN,NaN,NaN
1,NaN,NaN,NaN,NaN,NaN,NaN,NaN,NaN
2,NaN,NaN,NaN,NaN,NaN,NaN,NaN,NaN
3,NaN,NaN,NaN,NaN,NaN,NaN,NaN,NaN
4,NaN,NaN,NaN,NaN,NaN,NaN,NaN,NaN
5,NaN,NaN,NaN,NaN,NaN,NaN,NaN,NaN
6,NaN,NaN,NaN,NaN,NaN,NaN,NaN,NaN
7,NaN,NaN,NaN,NaN,NaN,NaN,NaN,NaN
8,NaN,NaN,NaN,NaN,NaN,NaN,NaN,NaN
9,NaN,NaN,NaN,NaN,NaN,NaN,NaN,NaN
10,NaN,NaN,NaN,NaN,NaN,NaN,NaN,NaN
11,NaN,NaN,NaN,NaN,NaN,NaN,NaN,NaN
1,NaN,NaN,NaN,NaN,NaN,NaN,NaN,NaN
2,NaN,NaN,NaN,NaN,NaN,NaN,NaN,NaN
3,NaN,NaN,NaN,NaN,NaN,NaN,NaN,NaN
4,NaN,NaN,NaN,NaN,NaN,NaN,NaN,NaN
5,NaN,NaN,NaN,NaN,NaN,NaN,NaN,NaN
6,NaN,NaN,NaN,NaN,NaN,NaN,NaN,NaN
7,NaN,NaN,NaN,NaN,NaN,NaN,NaN,NaN
8,NaN,NaN,NaN,NaN,NaN,NaN,NaN,NaN
9,NaN,NaN,NaN,NaN,NaN,NaN,NaN,NaN
10,NaN,NaN,NaN,NaN,NaN,NaN,NaN,NaN
11,NaN,NaN,NaN,NaN,NaN,NaN,NaN,NaN
1,NaN,NaN,NaN,NaN,NaN,NaN,NaN,NaN
2,NaN,NaN,NaN,NaN,NaN,NaN,NaN,NaN
3,NaN,NaN,NaN,NaN,NaN,NaN,NaN,NaN
4,NaN,NaN,NaN,NaN,NaN,NaN,NaN,NaN
5,NaN,NaN,NaN,NaN,NaN,NaN,NaN,NaN
6,NaN,NaN,NaN,NaN,NaN,NaN,NaN,NaN
7,NaN,NaN,NaN,NaN,NaN,NaN,NaN,NaN
8,NaN,NaN,NaN,NaN,NaN,NaN,NaN,NaN
9,NaN,NaN,NaN,NaN,NaN,NaN,NaN,NaN
10,NaN,NaN,NaN,NaN,NaN,NaN,NaN,NaN
11,NaN,NaN,NaN,NaN,NaN,NaN,NaN,NaN
1,NaN,NaN,NaN,NaN,NaN,NaN,NaN,NaN
2,NaN,NaN,NaN,NaN,NaN,NaN,NaN,NaN
3,NaN,NaN,NaN,NaN,NaN,NaN,NaN,NaN
4,NaN,NaN,NaN,NaN,NaN,NaN,NaN,NaN
5,NaN,NaN,NaN,NaN,NaN,NaN,NaN,NaN
6,NaN,NaN,NaN,NaN,NaN,NaN,NaN,NaN
7,NaN,NaN,NaN,NaN,NaN,NaN,NaN,NaN
8,NaN,NaN,NaN,NaN,NaN,NaN,NaN,NaN
9,NaN,NaN,NaN,NaN,NaN,NaN,NaN,NaN
10,NaN,NaN,NaN,NaN,NaN,NaN,NaN,NaN
11,NaN,NaN,NaN,NaN,NaN,NaN,NaN,NaN
1,NaN,NaN,NaN,NaN,NaN,NaN,NaN,NaN
2,NaN,NaN,NaN,NaN,NaN,NaN,NaN,NaN
3,NaN,NaN,NaN,NaN,NaN,NaN,NaN,NaN
4,NaN,NaN,NaN,NaN,NaN,NaN,NaN,NaN
5,NaN,NaN,NaN,NaN,NaN,NaN,NaN,NaN
6,NaN,NaN,NaN,NaN,NaN,NaN,NaN,NaN
7,NaN,NaN,NaN,NaN,NaN,NaN,NaN,NaN
8,NaN,NaN,NaN,NaN,NaN,NaN,NaN,NaN
9,NaN,NaN,NaN,NaN,NaN,NaN,NaN,NaN
10,NaN,NaN,NaN,NaN,NaN,NaN,NaN,NaN
11,NaN,NaN,NaN,NaN,NaN,NaN,NaN,NaN
1,NaN,NaN,NaN,NaN,NaN,NaN,NaN,NaN
2,NaN,NaN,NaN,NaN,NaN,NaN,NaN,NaN
3,NaN,NaN,NaN,NaN,NaN,NaN,NaN,NaN
4,NaN,NaN,NaN,NaN,NaN,NaN,NaN,NaN
5,NaN,NaN,NaN,NaN,NaN,NaN,NaN,NaN
6,NaN,NaN,NaN,NaN,NaN,NaN,NaN,NaN
7,NaN,NaN,NaN,NaN,NaN,NaN,NaN,NaN
8,NaN,NaN,NaN,NaN,NaN,NaN,NaN,NaN
9,NaN,NaN,NaN,NaN,NaN,NaN,NaN,NaN
10,NaN,NaN,NaN,NaN,NaN,NaN,NaN,NaN
11,NaN,NaN,NaN,NaN,NaN,NaN,NaN,NaN
1,NaN,NaN,NaN,NaN,NaN,NaN,NaN,NaN
2,NaN,NaN,NaN,NaN,NaN,NaN,NaN,NaN
3,NaN,NaN,NaN,NaN,NaN,NaN,NaN,NaN
4,NaN,NaN,NaN,NaN,NaN,NaN,NaN,NaN
5,NaN,NaN,NaN,NaN,NaN,NaN,NaN,NaN
6,NaN,NaN,NaN,NaN,NaN,NaN,NaN,NaN
7,NaN,NaN,NaN,NaN,NaN,NaN,NaN,NaN
8,NaN,NaN,NaN,NaN,NaN,NaN,NaN,NaN
9,NaN,NaN,NaN,NaN,NaN,NaN,NaN,NaN
10,NaN,NaN,NaN,NaN,NaN,NaN,NaN,NaN
11,NaN,NaN,NaN,NaN,NaN,NaN,NaN,NaN
1,NaN,NaN,NaN,NaN,NaN,NaN,NaN,NaN
2,NaN,NaN,NaN,NaN,NaN,NaN,NaN,NaN
3,NaN,NaN,NaN,NaN,NaN,NaN,NaN,NaN
4,NaN,NaN,NaN,NaN,NaN,NaN,NaN,NaN
5,NaN,NaN,NaN,NaN,NaN,NaN,NaN,NaN
6,NaN,NaN,NaN,NaN,NaN,NaN,NaN,NaN
7,NaN,NaN,NaN,NaN,NaN,NaN,NaN,NaN
8,NaN,NaN,NaN,NaN,NaN,NaN,NaN,NaN
9,NaN,NaN,NaN,NaN,NaN,NaN,NaN,NaN
10,NaN,NaN,NaN,NaN,NaN,NaN,NaN,NaN
11,NaN,NaN,NaN,NaN,NaN,NaN,NaN,NaN
1,NaN,NaN,NaN,NaN,NaN,NaN,NaN,NaN
2,NaN,NaN,NaN,NaN,NaN,NaN,NaN,NaN
3,NaN,NaN,NaN,NaN,NaN,NaN,NaN,NaN
4,NaN,NaN,NaN,NaN,NaN,NaN,NaN,NaN
5,NaN,NaN,NaN,NaN,NaN,NaN,NaN,NaN
6,NaN,NaN,NaN,NaN,NaN,NaN,NaN,NaN
7,NaN,NaN,NaN,NaN,NaN,NaN,NaN,NaN
8,NaN,NaN,NaN,NaN,NaN,NaN,NaN,NaN
9,NaN,NaN,NaN,NaN,NaN,NaN,NaN,NaN
10,NaN,NaN,NaN,NaN,NaN,NaN,NaN,NaN
11,NaN,NaN,NaN,NaN,NaN,NaN,NaN,NaN
1,NaN,NaN,NaN,NaN,NaN,NaN,NaN,NaN
2,NaN,NaN,NaN,NaN,NaN,NaN,NaN,NaN
3,NaN,NaN,NaN,NaN,NaN,NaN,NaN,NaN
4,NaN,NaN,NaN,NaN,NaN,NaN,NaN,NaN
5,NaN,NaN,NaN,NaN,NaN,NaN,NaN,NaN
6,NaN,NaN,NaN,NaN,NaN,NaN,NaN,NaN
7,NaN,NaN,NaN,NaN,NaN,NaN,NaN,NaN
8,NaN,NaN,NaN,NaN,NaN,NaN,NaN,NaN
9,NaN,NaN,NaN,NaN,NaN,NaN,NaN,NaN
10,NaN,NaN,NaN,NaN,NaN,NaN,NaN,NaN
11,NaN,NaN,NaN,NaN,NaN,NaN,NaN,NaN
1,NaN,NaN,NaN,NaN,NaN,NaN,NaN,NaN
2,NaN,NaN,NaN,NaN,NaN,NaN,NaN,NaN
3,NaN,NaN,NaN,NaN,NaN,NaN,NaN,NaN
4,NaN,NaN,NaN,NaN,NaN,NaN,NaN,NaN
5,NaN,NaN,NaN,NaN,NaN,NaN,NaN,NaN
6,NaN,NaN,NaN,NaN,NaN,NaN,NaN,NaN
7,NaN,NaN,NaN,NaN,NaN,NaN,NaN,NaN
8,NaN,NaN,NaN,NaN,NaN,NaN,NaN,NaN
9,NaN,NaN,NaN,NaN,NaN,NaN,NaN,NaN
10,NaN,NaN,NaN,NaN,NaN,NaN,NaN,NaN
11,NaN,NaN,NaN,NaN,NaN,NaN,NaN,NaN
1,NaN,NaN,NaN,NaN,NaN,NaN,NaN,NaN
2,NaN,NaN,NaN,NaN,NaN,NaN,NaN,NaN
3,NaN,NaN,NaN,NaN,NaN,NaN,NaN,NaN
4,NaN,NaN,NaN,NaN,NaN,NaN,NaN,NaN
5,NaN,NaN,NaN,NaN,NaN,NaN,NaN,NaN
6,NaN,NaN,NaN,NaN,NaN,NaN,NaN,NaN
7,NaN,NaN,NaN,NaN,NaN,NaN,NaN,NaN
8,NaN,NaN,NaN,NaN,NaN,NaN,NaN,NaN
9,NaN,NaN,NaN,NaN,NaN,NaN,NaN,NaN
10,NaN,NaN,NaN,NaN,NaN,NaN,NaN,NaN
11,NaN,NaN,NaN,NaN,NaN,NaN,NaN,NaN
1,NaN,NaN,NaN,NaN,NaN,NaN,NaN,NaN
2,NaN,NaN,NaN,NaN,NaN,NaN,NaN,NaN
3,NaN,NaN,NaN,NaN,NaN,NaN,NaN,NaN
4,NaN,NaN,NaN,NaN,NaN,NaN,NaN,NaN
5,NaN,NaN,NaN,NaN,NaN,NaN,NaN,NaN
6,NaN,NaN,NaN,NaN,NaN,NaN,NaN,NaN
7,NaN,NaN,NaN,NaN,NaN,NaN,NaN,NaN
8,NaN,NaN,NaN,NaN,NaN,NaN,NaN,NaN
9,NaN,NaN,NaN,NaN,NaN,NaN,NaN,NaN
10,NaN,NaN,NaN,NaN,NaN,NaN,NaN,NaN
11,NaN,NaN,NaN,NaN,NaN,NaN,NaN,NaN
1,NaN,NaN,NaN,NaN,NaN,NaN,NaN,NaN
2,NaN,NaN,NaN,NaN,NaN,NaN,NaN,NaN
3,NaN,NaN,NaN,NaN,NaN,NaN,NaN,NaN
4,NaN,NaN,NaN,NaN,NaN,NaN,NaN,NaN
5,NaN,NaN,NaN,NaN,NaN,NaN,NaN,NaN
6,NaN,NaN,NaN,NaN,NaN,NaN,NaN,NaN
7,NaN,NaN,NaN,NaN,NaN,NaN,NaN,NaN
8,NaN,NaN,NaN,NaN,NaN,NaN,NaN,NaN
9,NaN,NaN,NaN,NaN,NaN,NaN,NaN,NaN
10,NaN,NaN,NaN,NaN,NaN,NaN,NaN,NaN
11,NaN,NaN,NaN,NaN,NaN,NaN,NaN,NaN
1,NaN,NaN,NaN,NaN,NaN,NaN,NaN,NaN
2,NaN,NaN,NaN,NaN,NaN,NaN,NaN,NaN
3,NaN,NaN,NaN,NaN,NaN,NaN,NaN,NaN
4,NaN,NaN,NaN,NaN,NaN,NaN,NaN,NaN
5,NaN,NaN,NaN,NaN,NaN,NaN,NaN,NaN
6,NaN,NaN,NaN,NaN,NaN,NaN,NaN,NaN
7,NaN,NaN,NaN,NaN,NaN,NaN,NaN,NaN
8,NaN,NaN,NaN,NaN,NaN,NaN,NaN,NaN
9,NaN,NaN,NaN,NaN,NaN,NaN,NaN,NaN
10,NaN,NaN,NaN,NaN,NaN,NaN,NaN,NaN
11,NaN,NaN,NaN,NaN,NaN,NaN,NaN,NaN
1,NaN,NaN,NaN,NaN,NaN,NaN,NaN,NaN
2,NaN,NaN,NaN,NaN,NaN,NaN,NaN,NaN
3,NaN,NaN,NaN,NaN,NaN,NaN,NaN,NaN
4,NaN,NaN,NaN,NaN,NaN,NaN,NaN,NaN
5,NaN,NaN,NaN,NaN,NaN,NaN,NaN,NaN
6,NaN,NaN,NaN,NaN,NaN,NaN,NaN,NaN
7,NaN,NaN,NaN,NaN,NaN,NaN,NaN,NaN
8,NaN,NaN,NaN,NaN,NaN,NaN,NaN,NaN
9,NaN,NaN,NaN,NaN,NaN,NaN,NaN,NaN
10,NaN,NaN,NaN,NaN,NaN,NaN,NaN,NaN
11,NaN,NaN,NaN,NaN,NaN,NaN,NaN,NaN
1,NaN,NaN,NaN,NaN,NaN,NaN,NaN,NaN
2,NaN,NaN,NaN,NaN,NaN,NaN,NaN,NaN
3,NaN,NaN,NaN,NaN,NaN,NaN,NaN,NaN
4,NaN,NaN,NaN,NaN,NaN,NaN,NaN,NaN
5,NaN,NaN,NaN,NaN,NaN,NaN,NaN,NaN
6,NaN,NaN,NaN,NaN,NaN,NaN,NaN,NaN
7,NaN,NaN,NaN,NaN,NaN,NaN,NaN,NaN
8,NaN,NaN,NaN,NaN,NaN,NaN,NaN,NaN
9,NaN,NaN,NaN,NaN,NaN,NaN,NaN,NaN
10,NaN,NaN,NaN,NaN,NaN,NaN,NaN,NaN
11,NaN,NaN,NaN,NaN,NaN,NaN,NaN,NaN
1,NaN,NaN,NaN,NaN,NaN,NaN,NaN,NaN
2,NaN,NaN,NaN,NaN,NaN,NaN,NaN,NaN
3,NaN,NaN,NaN,NaN,NaN,NaN,NaN,NaN
4,NaN,NaN,NaN,NaN,NaN,NaN,NaN,NaN
5,NaN,NaN,NaN,NaN,NaN,NaN,NaN,NaN
6,NaN,NaN,NaN,NaN,NaN,NaN,NaN,NaN
7,NaN,NaN,NaN,NaN,NaN,NaN,NaN,NaN
8,NaN,NaN,NaN,NaN,NaN,NaN,NaN,NaN
9,NaN,NaN,NaN,NaN,NaN,NaN,NaN,NaN
10,NaN,NaN,NaN,NaN,NaN,NaN,NaN,NaN
11,NaN,NaN,NaN,NaN,NaN,NaN,NaN,NaN
1,NaN,NaN,NaN,NaN,NaN,NaN,NaN,NaN
2,NaN,NaN,NaN,NaN,NaN,NaN,NaN,NaN
3,NaN,NaN,NaN,NaN,NaN,NaN,NaN,NaN
4,NaN,NaN,NaN,NaN,NaN,NaN,NaN,NaN
5,NaN,NaN,NaN,NaN,NaN,NaN,NaN,NaN
6,NaN,NaN,NaN,NaN,NaN,NaN,NaN,NaN
7,NaN,NaN,NaN,NaN,NaN,NaN,NaN,NaN
8,NaN,NaN,NaN,NaN,NaN,NaN,NaN,NaN
9,NaN,NaN,NaN,NaN,NaN,NaN,NaN,NaN
10,NaN,NaN,NaN,NaN,NaN,NaN,NaN,NaN
11,NaN,NaN,NaN,NaN,NaN,NaN,NaN,NaN
1,NaN,NaN,NaN,NaN,NaN,NaN,NaN,NaN
2,NaN,NaN,NaN,NaN,NaN,NaN,NaN,NaN
3,NaN,NaN,NaN,NaN,NaN,NaN,NaN,NaN
4,NaN,NaN,NaN,NaN,NaN,NaN,NaN,NaN
5,NaN,NaN,NaN,NaN,NaN,NaN,NaN,NaN
6,NaN,NaN,NaN,NaN,NaN,NaN,NaN,NaN
7,NaN,NaN,NaN,NaN,NaN,NaN,NaN,NaN
8,NaN,NaN,NaN,NaN,NaN,NaN,NaN,NaN
9,NaN,NaN,NaN,NaN,NaN,NaN,NaN,NaN
10,NaN,NaN,NaN,NaN,NaN,NaN,NaN,NaN
11,NaN,NaN,NaN,NaN,NaN,NaN,NaN,NaN
1,NaN,NaN,NaN,NaN,NaN,NaN,NaN,NaN
2,NaN,NaN,NaN,NaN,NaN,NaN,NaN,NaN
3,NaN,NaN,NaN,NaN,NaN,NaN,NaN,NaN
4,NaN,NaN,NaN,NaN,NaN,NaN,NaN,NaN
5,NaN,NaN,NaN,NaN,NaN,NaN,NaN,NaN
6,NaN,NaN,NaN,NaN,NaN,NaN,NaN,NaN
7,NaN,NaN,NaN,NaN,NaN,NaN,NaN,NaN
8,NaN,NaN,NaN,NaN,NaN,NaN,NaN,NaN
9,NaN,NaN,NaN,NaN,NaN,NaN,NaN,NaN
10,NaN,NaN,NaN,NaN,NaN,NaN,NaN,NaN
11,NaN,NaN,NaN,NaN,NaN,NaN,NaN,NaN
1,NaN,NaN,NaN,NaN,NaN,NaN,NaN,NaN
2,NaN,NaN,NaN,NaN,NaN,NaN,NaN,NaN
3,NaN,NaN,NaN,NaN,NaN,NaN,NaN,NaN
4,NaN,NaN,NaN,NaN,NaN,NaN,NaN,NaN
5,NaN,NaN,NaN,NaN,NaN,NaN,NaN,NaN
6,NaN,NaN,NaN,NaN,NaN,NaN,NaN,NaN
7,NaN,NaN,NaN,NaN,NaN,NaN,NaN,NaN
8,NaN,NaN,NaN,NaN,NaN,NaN,NaN,NaN
9,NaN,NaN,NaN,NaN,NaN,NaN,NaN,NaN
10,NaN,NaN,NaN,NaN,NaN,NaN,NaN,NaN
11,NaN,NaN,NaN,NaN,NaN,NaN,NaN,NaN
1,NaN,NaN,NaN,NaN,NaN,NaN,NaN,NaN
2,NaN,NaN,NaN,NaN,NaN,NaN,NaN,NaN
3,NaN,NaN,NaN,NaN,NaN,NaN,NaN,NaN
4,NaN,NaN,NaN,NaN,NaN,NaN,NaN,NaN
5,NaN,NaN,NaN,NaN,NaN,NaN,NaN,NaN
6,NaN,NaN,NaN,NaN,NaN,NaN,NaN,NaN
7,NaN,NaN,NaN,NaN,NaN,NaN,NaN,NaN
8,NaN,NaN,NaN,NaN,NaN,NaN,NaN,NaN
9,NaN,NaN,NaN,NaN,NaN,NaN,NaN,NaN
10,NaN,NaN,NaN,NaN,NaN,NaN,NaN,NaN
11,NaN,NaN,NaN,NaN,NaN,NaN,NaN,NaN
1,NaN,NaN,NaN,NaN,NaN,NaN,NaN,NaN
2,NaN,NaN,NaN,NaN,NaN,NaN,NaN,NaN
3,NaN,NaN,NaN,NaN,NaN,NaN,NaN,NaN
4,NaN,NaN,NaN,NaN,NaN,NaN,NaN,NaN
5,NaN,NaN,NaN,NaN,NaN,NaN,NaN,NaN
6,NaN,NaN,NaN,NaN,NaN,NaN,NaN,NaN
7,NaN,NaN,NaN,NaN,NaN,NaN,NaN,NaN
8,NaN,NaN,NaN,NaN,NaN,NaN,NaN,NaN
9,NaN,NaN,NaN,NaN,NaN,NaN,NaN,NaN
10,NaN,NaN,NaN,NaN,NaN,NaN,NaN,NaN
11,NaN,NaN,NaN,NaN,NaN,NaN,NaN,NaN
1,NaN,NaN,NaN,NaN,NaN,NaN,NaN,NaN
2,NaN,NaN,NaN,NaN,NaN,NaN,NaN,NaN
3,NaN,NaN,NaN,NaN,NaN,NaN,NaN,NaN
4,NaN,NaN,NaN,NaN,NaN,NaN,NaN,NaN
5,NaN,NaN,NaN,NaN,NaN,NaN,NaN,NaN
6,NaN,NaN,NaN,NaN,NaN,NaN,NaN,NaN
7,NaN,NaN,NaN,NaN,NaN,NaN,NaN,NaN
8,NaN,NaN,NaN,NaN,NaN,NaN,NaN,NaN
9,NaN,NaN,NaN,NaN,NaN,NaN,NaN,NaN
10,NaN,NaN,NaN,NaN,NaN,NaN,NaN,NaN
11,NaN,NaN,NaN,NaN,NaN,NaN,NaN,NaN
1,NaN,NaN,NaN,NaN,NaN,NaN,NaN,NaN
2,NaN,NaN,NaN,NaN,NaN,NaN,NaN,NaN
3,NaN,NaN,NaN,NaN,NaN,NaN,NaN,NaN
4,NaN,NaN,NaN,NaN,NaN,NaN,NaN,NaN
5,NaN,NaN,NaN,NaN,NaN,NaN,NaN,NaN
6,NaN,NaN,NaN,NaN,NaN,NaN,NaN,NaN
7,NaN,NaN,NaN,NaN,NaN,NaN,NaN,NaN
8,NaN,NaN,NaN,NaN,NaN,NaN,NaN,NaN
9,NaN,NaN,NaN,NaN,NaN,NaN,NaN,NaN
10,NaN,NaN,NaN,NaN,NaN,NaN,NaN,NaN
11,NaN,NaN,NaN,NaN,NaN,NaN,NaN,NaN
1,NaN,NaN,NaN,NaN,NaN,NaN,NaN,NaN
2,NaN,NaN,NaN,NaN,NaN,NaN,NaN,NaN
3,NaN,NaN,NaN,NaN,NaN,NaN,NaN,NaN
4,NaN,NaN,NaN,NaN,NaN,NaN,NaN,NaN
5,NaN,NaN,NaN,NaN,NaN,NaN,NaN,NaN
6,NaN,NaN,NaN,NaN,NaN,NaN,NaN,NaN
7,NaN,NaN,NaN,NaN,NaN,NaN,NaN,NaN
8,NaN,NaN,NaN,NaN,NaN,NaN,NaN,NaN
9,NaN,NaN,NaN,NaN,NaN,NaN,NaN,NaN
10,NaN,NaN,NaN,NaN,NaN,NaN,NaN,NaN
11,NaN,NaN,NaN,NaN,NaN,NaN,NaN,NaN
1,NaN,NaN,NaN,NaN,NaN,NaN,NaN,NaN
2,NaN,NaN,NaN,NaN,NaN,NaN,NaN,NaN
3,NaN,NaN,NaN,NaN,NaN,NaN,NaN,NaN
4,NaN,NaN,NaN,NaN,NaN,NaN,NaN,NaN
5,NaN,NaN,NaN,NaN,NaN,NaN,NaN,NaN
6,NaN,NaN,NaN,NaN,NaN,NaN,NaN,NaN
7,NaN,NaN,NaN,NaN,NaN,NaN,NaN,NaN
8,NaN,NaN,NaN,NaN,NaN,NaN,NaN,NaN
9,NaN,NaN,NaN,NaN,NaN,NaN,NaN,NaN
10,NaN,NaN,NaN,NaN,NaN,NaN,NaN,NaN
11,NaN,NaN,NaN,NaN,NaN,NaN,NaN,NaN
1,NaN,NaN,NaN,NaN,NaN,NaN,NaN,NaN
2,NaN,NaN,NaN,NaN,NaN,NaN,NaN,NaN
3,NaN,NaN,NaN,NaN,NaN,NaN,NaN,NaN
4,NaN,NaN,NaN,NaN,NaN,NaN,NaN,NaN
5,NaN,NaN,NaN,NaN,NaN,NaN,NaN,NaN
6,NaN,NaN,NaN,NaN,NaN,NaN,NaN,NaN
7,NaN,NaN,NaN,NaN,NaN,NaN,NaN,NaN
8,NaN,NaN,NaN,NaN,NaN,NaN,NaN,NaN
9,NaN,NaN,NaN,NaN,NaN,NaN,NaN,NaN
10,NaN,NaN,NaN,NaN,NaN,NaN,NaN,NaN
11,NaN,NaN,NaN,NaN,NaN,NaN,NaN,NaN
1,NaN,NaN,NaN,NaN,NaN,NaN,NaN,NaN
2,NaN,NaN,NaN,NaN,NaN,NaN,NaN,NaN
3,NaN,NaN,NaN,NaN,NaN,NaN,NaN,NaN
4,NaN,NaN,NaN,NaN,NaN,NaN,NaN,NaN
5,NaN,NaN,NaN,NaN,NaN,NaN,NaN,NaN
6,NaN,NaN,NaN,NaN,NaN,NaN,NaN,NaN
7,NaN,NaN,NaN,NaN,NaN,NaN,NaN,NaN
8,NaN,NaN,NaN,NaN,NaN,NaN,NaN,NaN
9,NaN,NaN,NaN,NaN,NaN,NaN,NaN,NaN
10,NaN,NaN,NaN,NaN,NaN,NaN,NaN,NaN
11,NaN,NaN,NaN,NaN,NaN,NaN,NaN,NaN
1,NaN,NaN,NaN,NaN,NaN,NaN,NaN,NaN
2,NaN,NaN,NaN,NaN,NaN,NaN,NaN,NaN
3,NaN,NaN,NaN,NaN,NaN,NaN,NaN,NaN
4,NaN,NaN,NaN,NaN,NaN,NaN,NaN,NaN
5,NaN,NaN,NaN,NaN,NaN,NaN,NaN,NaN
6,NaN,NaN,NaN,NaN,NaN,NaN,NaN,NaN
7,NaN,NaN,NaN,NaN,NaN,NaN,NaN,NaN
8,NaN,NaN,NaN,NaN,NaN,NaN,NaN,NaN
9,NaN,NaN,NaN,NaN,NaN,NaN,NaN,NaN
10,NaN,NaN,NaN,NaN,NaN,NaN,NaN,NaN
11,NaN,NaN,NaN,NaN,NaN,NaN,NaN,NaN
1,NaN,NaN,NaN,NaN,NaN,NaN,NaN,NaN
2,NaN,NaN,NaN,NaN,NaN,NaN,NaN,NaN
3,NaN,NaN,NaN,NaN,NaN,NaN,NaN,NaN
4,NaN,NaN,NaN,NaN,NaN,NaN,NaN,NaN
5,NaN,NaN,NaN,NaN,NaN,NaN,NaN,NaN
6,NaN,NaN,NaN,NaN,NaN,NaN,NaN,NaN
7,NaN,NaN,NaN,NaN,NaN,NaN,NaN,NaN
8,NaN,NaN,NaN,NaN,NaN,NaN,NaN,NaN
9,NaN,NaN,NaN,NaN,NaN,NaN,NaN,NaN
10,NaN,NaN,NaN,NaN,NaN,NaN,NaN,NaN
11,NaN,NaN,NaN,NaN,NaN,NaN,NaN,NaN
1,NaN,NaN,NaN,NaN,NaN,NaN,NaN,NaN
2,NaN,NaN,NaN,NaN,NaN,NaN,NaN,NaN
3,NaN,NaN,NaN,NaN,NaN,NaN,NaN,NaN
4,NaN,NaN,NaN,NaN,NaN,NaN,NaN,NaN
5,NaN,NaN,NaN,NaN,NaN,NaN,NaN,NaN
6,NaN,NaN,NaN,NaN,NaN,NaN,NaN,NaN
7,NaN,NaN,NaN,NaN,NaN,NaN,NaN,NaN
8,NaN,NaN,NaN,NaN,NaN,NaN,NaN,NaN
9,NaN,NaN,NaN,NaN,NaN,NaN,NaN,NaN
10,NaN,NaN,NaN,NaN,NaN,NaN,NaN,NaN
11,NaN,NaN,NaN,NaN,NaN,NaN,NaN,NaN
1,NaN,NaN,NaN,NaN,NaN,NaN,NaN,NaN
2,NaN,NaN,NaN,NaN,NaN,NaN,NaN,NaN
3,NaN,NaN,NaN,NaN,NaN,NaN,NaN,NaN
4,NaN,NaN,NaN,NaN,NaN,NaN,NaN,NaN
5,NaN,NaN,NaN,NaN,NaN,NaN,NaN,NaN
6,NaN,NaN,NaN,NaN,NaN,NaN,NaN,NaN
7,NaN,NaN,NaN,NaN,NaN,NaN,NaN,NaN
8,NaN,NaN,NaN,NaN,NaN,NaN,NaN,NaN
9,NaN,NaN,NaN,NaN,NaN,NaN,NaN,NaN
10,NaN,NaN,NaN,NaN,NaN,NaN,NaN,NaN
11,NaN,NaN,NaN,NaN,NaN,NaN,NaN,NaN
1,NaN,NaN,NaN,NaN,NaN,NaN,NaN,NaN
2,NaN,NaN,NaN,NaN,NaN,NaN,NaN,NaN
3,NaN,NaN,NaN,NaN,NaN,NaN,NaN,NaN
4,NaN,NaN,NaN,NaN,NaN,NaN,NaN,NaN
5,NaN,NaN,NaN,NaN,NaN,NaN,NaN,NaN
6,NaN,NaN,NaN,NaN,NaN,NaN,NaN,NaN
7,NaN,NaN,NaN,NaN,NaN,NaN,NaN,NaN
8,NaN,NaN,NaN,NaN,NaN,NaN,NaN,NaN
9,NaN,NaN,NaN,NaN,NaN,NaN,NaN,NaN
10,NaN,NaN,NaN,NaN,NaN,NaN,NaN,NaN
11,NaN,NaN,NaN,NaN,NaN,NaN,NaN,NaN
1,NaN,NaN,NaN,NaN,NaN,NaN,NaN,NaN
2,NaN,NaN,NaN,NaN,NaN,NaN,NaN,NaN
3,NaN,NaN,NaN,NaN,NaN,NaN,NaN,NaN
4,NaN,NaN,NaN,NaN,NaN,NaN,NaN,NaN
5,NaN,NaN,NaN,NaN,NaN,NaN,NaN,NaN
6,NaN,NaN,NaN,NaN,NaN,NaN,NaN,NaN
7,NaN,NaN,NaN,NaN,NaN,NaN,NaN,NaN
8,NaN,NaN,NaN,NaN,NaN,NaN,NaN,NaN
9,NaN,NaN,NaN,NaN,NaN,NaN,NaN,NaN
10,NaN,NaN,NaN,NaN,NaN,NaN,NaN,NaN
11,NaN,NaN,NaN,NaN,NaN,NaN,NaN,NaN
1,NaN,NaN,NaN,NaN,NaN,NaN,NaN,NaN
2,NaN,NaN,NaN,NaN,NaN,NaN,NaN,NaN
3,NaN,NaN,NaN,NaN,NaN,NaN,NaN,NaN
4,NaN,NaN,NaN,NaN,NaN,NaN,NaN,NaN
5,NaN,NaN,NaN,NaN,NaN,NaN,NaN,NaN
6,NaN,NaN,NaN,NaN,NaN,NaN,NaN,NaN
7,NaN,NaN,NaN,NaN,NaN,NaN,NaN,NaN
8,NaN,NaN,NaN,NaN,NaN,NaN,NaN,NaN
9,NaN,NaN,NaN,NaN,NaN,NaN,NaN,NaN
10,NaN,NaN,NaN,NaN,NaN,NaN,NaN,NaN
11,NaN,NaN,NaN,NaN,NaN,NaN,NaN,NaN
1,NaN,NaN,NaN,NaN,NaN,NaN,NaN,NaN
2,NaN,NaN,NaN,NaN,NaN,NaN,NaN,NaN
3,NaN,NaN,NaN,NaN,NaN,NaN,NaN,NaN
4,NaN,NaN,NaN,NaN,NaN,NaN,NaN,NaN
5,NaN,NaN,NaN,NaN,NaN,NaN,NaN,NaN
6,NaN,NaN,NaN,NaN,NaN,NaN,NaN,NaN
7,NaN,NaN,NaN,NaN,NaN,NaN,NaN,NaN
8,NaN,NaN,NaN,NaN,NaN,NaN,NaN,NaN
9,NaN,NaN,NaN,NaN,NaN,NaN,NaN,NaN
10,NaN,NaN,NaN,NaN,NaN,NaN,NaN,NaN
11,NaN,NaN,NaN,NaN,NaN,NaN,NaN,NaN
1,NaN,NaN,NaN,NaN,NaN,NaN,NaN,NaN
2,NaN,NaN,NaN,NaN,NaN,NaN,NaN,NaN
3,NaN,NaN,NaN,NaN,NaN,NaN,NaN,NaN
4,NaN,NaN,NaN,NaN,NaN,NaN,NaN,NaN
5,NaN,NaN,NaN,NaN,NaN,NaN,NaN,NaN
6,NaN,NaN,NaN,NaN,NaN,NaN,NaN,NaN
7,NaN,NaN,NaN,NaN,NaN,NaN,NaN,NaN
8,NaN,NaN,NaN,NaN,NaN,NaN,NaN,NaN
9,NaN,NaN,NaN,NaN,NaN,NaN,NaN,NaN
10,NaN,NaN,NaN,NaN,NaN,NaN,NaN,NaN
11,NaN,NaN,NaN,NaN,NaN,NaN,NaN,NaN
1,NaN,NaN,NaN,NaN,NaN,NaN,NaN,NaN
2,NaN,NaN,NaN,NaN,NaN,NaN,NaN,NaN
3,NaN,NaN,NaN,NaN,NaN,NaN,NaN,NaN
4,NaN,NaN,NaN,NaN,NaN,NaN,NaN,NaN
5,NaN,NaN,NaN,NaN,NaN,NaN,NaN,NaN
6,NaN,NaN,NaN,NaN,NaN,NaN,NaN,NaN
7,NaN,NaN,NaN,NaN,NaN,NaN,NaN,NaN
8,NaN,NaN,NaN,NaN,NaN,NaN,NaN,NaN
9,NaN,NaN,NaN,NaN,NaN,NaN,NaN,NaN
10,NaN,NaN,NaN,NaN,NaN,NaN,NaN,NaN
11,NaN,NaN,NaN,NaN,NaN,NaN,NaN,NaN
1,NaN,NaN,NaN,NaN,NaN,NaN,NaN,NaN
2,NaN,NaN,NaN,NaN,NaN,NaN,NaN,NaN
3,NaN,NaN,NaN,NaN,NaN,NaN,NaN,NaN
4,NaN,NaN,NaN,NaN,NaN,NaN,NaN,NaN
5,NaN,NaN,NaN,NaN,NaN,NaN,NaN,NaN
6,NaN,NaN,NaN,NaN,NaN,NaN,NaN,NaN
7,NaN,NaN,NaN,NaN,NaN,NaN,NaN,NaN
8,NaN,NaN,NaN,NaN,NaN,NaN,NaN,NaN
9,NaN,NaN,NaN,NaN,NaN,NaN,NaN,NaN
10,NaN,NaN,NaN,NaN,NaN,NaN,NaN,NaN
11,NaN,NaN,NaN,NaN,NaN,NaN,NaN,NaN
1,NaN,NaN,NaN,NaN,NaN,NaN,NaN,NaN
2,NaN,NaN,NaN,NaN,NaN,NaN,NaN,NaN
3,NaN,NaN,NaN,NaN,NaN,NaN,NaN,NaN
4,NaN,NaN,NaN,NaN,NaN,NaN,NaN,NaN
5,NaN,NaN,NaN,NaN,NaN,NaN,NaN,NaN
6,NaN,NaN,NaN,NaN,NaN,NaN,NaN,NaN
7,NaN,NaN,NaN,NaN,NaN,NaN,NaN,NaN
8,NaN,NaN,NaN,NaN,NaN,NaN,NaN,NaN
9,NaN,NaN,NaN,NaN,NaN,NaN,NaN,NaN
10,NaN,NaN,NaN,NaN,NaN,NaN,NaN,NaN
11,NaN,NaN,NaN,NaN,NaN,NaN,NaN,NaN
1,NaN,NaN,NaN,NaN,NaN,NaN,NaN,NaN
2,NaN,NaN,NaN,NaN,NaN,NaN,NaN,NaN
3,NaN,NaN,NaN,NaN,NaN,NaN,NaN,NaN
4,NaN,NaN,NaN,NaN,NaN,NaN,NaN,NaN
5,NaN,NaN,NaN,NaN,NaN,NaN,NaN,NaN
6,NaN,NaN,NaN,NaN,NaN,NaN,NaN,NaN
7,NaN,NaN,NaN,NaN,NaN,NaN,NaN,NaN
8,NaN,NaN,NaN,NaN,NaN,NaN,NaN,NaN
9,NaN,NaN,NaN,NaN,NaN,NaN,NaN,NaN
10,NaN,NaN,NaN,NaN,NaN,NaN,NaN,NaN
11,NaN,NaN,NaN,NaN,NaN,NaN,NaN,NaN
1,NaN,NaN,NaN,NaN,NaN,NaN,NaN,NaN
2,NaN,NaN,NaN,NaN,NaN,NaN,NaN,NaN
3,NaN,NaN,NaN,NaN,NaN,NaN,NaN,NaN
4,NaN,NaN,NaN,NaN,NaN,NaN,NaN,NaN
5,NaN,NaN,NaN,NaN,NaN,NaN,NaN,NaN
6,NaN,NaN,NaN,NaN,NaN,NaN,NaN,NaN
7,NaN,NaN,NaN,NaN,NaN,NaN,NaN,NaN
8,NaN,NaN,NaN,NaN,NaN,NaN,NaN,NaN
9,NaN,NaN,NaN,NaN,NaN,NaN,NaN,NaN
10,NaN,NaN,NaN,NaN,NaN,NaN,NaN,NaN
11,NaN,NaN,NaN,NaN,NaN,NaN,NaN,NaN
1,NaN,NaN,NaN,NaN,NaN,NaN,NaN,NaN
2,NaN,NaN,NaN,NaN,NaN,NaN,NaN,NaN
3,NaN,NaN,NaN,NaN,NaN,NaN,NaN,NaN
4,NaN,NaN,NaN,NaN,NaN,NaN,NaN,NaN
5,NaN,NaN,NaN,NaN,NaN,NaN,NaN,NaN
6,NaN,NaN,NaN,NaN,NaN,NaN,NaN,NaN
7,NaN,NaN,NaN,NaN,NaN,NaN,NaN,NaN
8,NaN,NaN,NaN,NaN,NaN,NaN,NaN,NaN
9,NaN,NaN,NaN,NaN,NaN,NaN,NaN,NaN
10,NaN,NaN,NaN,NaN,NaN,NaN,NaN,NaN
11,NaN,NaN,NaN,NaN,NaN,NaN,NaN,NaN
1,NaN,NaN,NaN,NaN,NaN,NaN,NaN,NaN
2,NaN,NaN,NaN,NaN,NaN,NaN,NaN,NaN
3,NaN,NaN,NaN,NaN,NaN,NaN,NaN,NaN
4,NaN,NaN,NaN,NaN,NaN,NaN,NaN,NaN
5,NaN,NaN,NaN,NaN,NaN,NaN,NaN,NaN
6,NaN,NaN,NaN,NaN,NaN,NaN,NaN,NaN
7,NaN,NaN,NaN,NaN,NaN,NaN,NaN,NaN
8,NaN,NaN,NaN,NaN,NaN,NaN,NaN,NaN
9,NaN,NaN,NaN,NaN,NaN,NaN,NaN,NaN
10,NaN,NaN,NaN,NaN,NaN,NaN,NaN,NaN
11,NaN,NaN,NaN,NaN,NaN,NaN,NaN,NaN
1,NaN,NaN,NaN,NaN,NaN,NaN,NaN,NaN
2,NaN,NaN,NaN,NaN,NaN,NaN,NaN,NaN
3,NaN,NaN,NaN,NaN,NaN,NaN,NaN,NaN
4,NaN,NaN,NaN,NaN,NaN,NaN,NaN,NaN
5,NaN,NaN,NaN,NaN,NaN,NaN,NaN,NaN
6,NaN,NaN,NaN,NaN,NaN,NaN,NaN,NaN
7,NaN,NaN,NaN,NaN,NaN,NaN,NaN,NaN
8,NaN,NaN,NaN,NaN,NaN,NaN,NaN,NaN
9,NaN,NaN,NaN,NaN,NaN,NaN,NaN,NaN
10,NaN,NaN,NaN,NaN,NaN,NaN,NaN,NaN
11,NaN,NaN,NaN,NaN,NaN,NaN,NaN,NaN
1,NaN,NaN,NaN,NaN,NaN,NaN,NaN,NaN
2,NaN,NaN,NaN,NaN,NaN,NaN,NaN,NaN
3,NaN,NaN,NaN,NaN,NaN,NaN,NaN,NaN
4,NaN,NaN,NaN,NaN,NaN,NaN,NaN,NaN
5,NaN,NaN,NaN,NaN,NaN,NaN,NaN,NaN
6,NaN,NaN,NaN,NaN,NaN,NaN,NaN,NaN
7,NaN,NaN,NaN,NaN,NaN,NaN,NaN,NaN
8,NaN,NaN,NaN,NaN,NaN,NaN,NaN,NaN
9,NaN,NaN,NaN,NaN,NaN,NaN,NaN,NaN
10,NaN,NaN,NaN,NaN,NaN,NaN,NaN,NaN
11,NaN,NaN,NaN,NaN,NaN,NaN,NaN,NaN
1,NaN,NaN,NaN,NaN,NaN,NaN,NaN,NaN
2,NaN,NaN,NaN,NaN,NaN,NaN,NaN,NaN
3,NaN,NaN,NaN,NaN,NaN,NaN,NaN,NaN
4,NaN,NaN,NaN,NaN,NaN,NaN,NaN,NaN
5,NaN,NaN,NaN,NaN,NaN,NaN,NaN,NaN
6,NaN,NaN,NaN,NaN,NaN,NaN,NaN,NaN
7,NaN,NaN,NaN,NaN,NaN,NaN,NaN,NaN
8,NaN,NaN,NaN,NaN,NaN,NaN,NaN,NaN
9,NaN,NaN,NaN,NaN,NaN,NaN,NaN,NaN
10,NaN,NaN,NaN,NaN,NaN,NaN,NaN,NaN
11,NaN,NaN,NaN,NaN,NaN,NaN,NaN,NaN
1,NaN,NaN,NaN,NaN,NaN,NaN,NaN,NaN
2,NaN,NaN,NaN,NaN,NaN,NaN,NaN,NaN
3,NaN,NaN,NaN,NaN,NaN,NaN,NaN,NaN
4,NaN,NaN,NaN,NaN,NaN,NaN,NaN,NaN
5,NaN,NaN,NaN,NaN,NaN,NaN,NaN,NaN
6,NaN,NaN,NaN,NaN,NaN,NaN,NaN,NaN
7,NaN,NaN,NaN,NaN,NaN,NaN,NaN,NaN
8,NaN,NaN,NaN,NaN,NaN,NaN,NaN,NaN
9,NaN,NaN,NaN,NaN,NaN,NaN,NaN,NaN
10,NaN,NaN,NaN,NaN,NaN,NaN,NaN,NaN
11,NaN,NaN,NaN,NaN,NaN,NaN,NaN,NaN
1,NaN,NaN,NaN,NaN,NaN,NaN,NaN,NaN
2,NaN,NaN,NaN,NaN,NaN,NaN,NaN,NaN
3,NaN,NaN,NaN,NaN,NaN,NaN,NaN,NaN
4,NaN,NaN,NaN,NaN,NaN,NaN,NaN,NaN
5,NaN,NaN,NaN,NaN,NaN,NaN,NaN,NaN
6,NaN,NaN,NaN,NaN,NaN,NaN,NaN,NaN
7,NaN,NaN,NaN,NaN,NaN,NaN,NaN,NaN
8,NaN,NaN,NaN,NaN,NaN,NaN,NaN,NaN
9,NaN,NaN,NaN,NaN,NaN,NaN,NaN,NaN
10,NaN,NaN,NaN,NaN,NaN,NaN,NaN,NaN
11,NaN,NaN,NaN,NaN,NaN,NaN,NaN,NaN
1,NaN,NaN,NaN,NaN,NaN,NaN,NaN,NaN
2,NaN,NaN,NaN,NaN,NaN,NaN,NaN,NaN
3,NaN,NaN,NaN,NaN,NaN,NaN,NaN,NaN
4,NaN,NaN,NaN,NaN,NaN,NaN,NaN,NaN
5,NaN,NaN,NaN,NaN,NaN,NaN,NaN,NaN
6,NaN,NaN,NaN,NaN,NaN,NaN,NaN,NaN
7,NaN,NaN,NaN,NaN,NaN,NaN,NaN,NaN
8,NaN,NaN,NaN,NaN,NaN,NaN,NaN,NaN
9,NaN,NaN,NaN,NaN,NaN,NaN,NaN,NaN
10,NaN,NaN,NaN,NaN,NaN,NaN,NaN,NaN
11,NaN,NaN,NaN,NaN,NaN,NaN,NaN,NaN
1,NaN,NaN,NaN,NaN,NaN,NaN,NaN,NaN
2,NaN,NaN,NaN,NaN,NaN,NaN,NaN,NaN
3,NaN,NaN,NaN,NaN,NaN,NaN,NaN,NaN
4,NaN,NaN,NaN,NaN,NaN,NaN,NaN,NaN
5,NaN,NaN,NaN,NaN,NaN,NaN,NaN,NaN
6,NaN,NaN,NaN,NaN,NaN,NaN,NaN,NaN
7,NaN,NaN,NaN,NaN,NaN,NaN,NaN,NaN
8,NaN,NaN,NaN,NaN,NaN,NaN,NaN,NaN
9,NaN,NaN,NaN,NaN,NaN,NaN,NaN,NaN
10,NaN,NaN,NaN,NaN,NaN,NaN,NaN,NaN
11,NaN,NaN,NaN,NaN,NaN,NaN,NaN,NaN
1,NaN,NaN,NaN,NaN,NaN,NaN,NaN,NaN
2,NaN,NaN,NaN,NaN,NaN,NaN,NaN,NaN
3,NaN,NaN,NaN,NaN,NaN,NaN,NaN,NaN
4,NaN,NaN,NaN,NaN,NaN,NaN,NaN,NaN
5,NaN,NaN,NaN,NaN,NaN,NaN,NaN,NaN
6,NaN,NaN,NaN,NaN,NaN,NaN,NaN,NaN
7,NaN,NaN,NaN,NaN,NaN,NaN,NaN,NaN
8,NaN,NaN,NaN,NaN,NaN,NaN,NaN,NaN
9,NaN,NaN,NaN,NaN,NaN,NaN,NaN,NaN
10,NaN,NaN,NaN,NaN,NaN,NaN,NaN,NaN
11,NaN,NaN,NaN,NaN,NaN,NaN,NaN,NaN
1,NaN,NaN,NaN,NaN,NaN,NaN,NaN,NaN
2,NaN,NaN,NaN,NaN,NaN,NaN,NaN,NaN
3,NaN,NaN,NaN,NaN,NaN,NaN,NaN,NaN
4,NaN,NaN,NaN,NaN,NaN,NaN,NaN,NaN
5,NaN,NaN,NaN,NaN,NaN,NaN,NaN,NaN
6,NaN,NaN,NaN,NaN,NaN,NaN,NaN,NaN
7,NaN,NaN,NaN,NaN,NaN,NaN,NaN,NaN
8,NaN,NaN,NaN,NaN,NaN,NaN,NaN,NaN
9,NaN,NaN,NaN,NaN,NaN,NaN,NaN,NaN
10,NaN,NaN,NaN,NaN,NaN,NaN,NaN,NaN
11,NaN,NaN,NaN,NaN,NaN,NaN,NaN,NaN
1,NaN,NaN,NaN,NaN,NaN,NaN,NaN,NaN
2,NaN,NaN,NaN,NaN,NaN,NaN,NaN,NaN
3,NaN,NaN,NaN,NaN,NaN,NaN,NaN,NaN
4,NaN,NaN,NaN,NaN,NaN,NaN,NaN,NaN
5,NaN,NaN,NaN,NaN,NaN,NaN,NaN,NaN
6,NaN,NaN,NaN,NaN,NaN,NaN,NaN,NaN
7,NaN,NaN,NaN,NaN,NaN,NaN,NaN,NaN
8,NaN,NaN,NaN,NaN,NaN,NaN,NaN,NaN
9,NaN,NaN,NaN,NaN,NaN,NaN,NaN,NaN
10,NaN,NaN,NaN,NaN,NaN,NaN,NaN,NaN
11,NaN,NaN,NaN,NaN,NaN,NaN,NaN,NaN
1,NaN,NaN,NaN,NaN,NaN,NaN,NaN,NaN
2,NaN,NaN,NaN,NaN,NaN,NaN,NaN,NaN
3,NaN,NaN,NaN,NaN,NaN,NaN,NaN,NaN
4,NaN,NaN,NaN,NaN,NaN,NaN,NaN,NaN
5,NaN,NaN,NaN,NaN,NaN,NaN,NaN,NaN
6,NaN,NaN,NaN,NaN,NaN,NaN,NaN,NaN
7,NaN,NaN,NaN,NaN,NaN,NaN,NaN,NaN
8,NaN,NaN,NaN,NaN,NaN,NaN,NaN,NaN
9,NaN,NaN,NaN,NaN,NaN,NaN,NaN,NaN
10,NaN,NaN,NaN,NaN,NaN,NaN,NaN,NaN
11,NaN,NaN,NaN,NaN,NaN,NaN,NaN,NaN
1,NaN,NaN,NaN,NaN,NaN,NaN,NaN,NaN
2,NaN,NaN,NaN,NaN,NaN,NaN,NaN,NaN
3,NaN,NaN,NaN,NaN,NaN,NaN,NaN,NaN
4,NaN,NaN,NaN,NaN,NaN,NaN,NaN,NaN
5,NaN,NaN,NaN,NaN,NaN,NaN,NaN,NaN
6,NaN,NaN,NaN,NaN,NaN,NaN,NaN,NaN
7,NaN,NaN,NaN,NaN,NaN,NaN,NaN,NaN
8,NaN,NaN,NaN,NaN,NaN,NaN,NaN,NaN
9,NaN,NaN,NaN,NaN,NaN,NaN,NaN,NaN
10,NaN,NaN,NaN,NaN,NaN,NaN,NaN,NaN
11,NaN,NaN,NaN,NaN,NaN,NaN,NaN,NaN
1,NaN,NaN,NaN,NaN,NaN,NaN,NaN,NaN
2,NaN,NaN,NaN,NaN,NaN,NaN,NaN,NaN
3,NaN,NaN,NaN,NaN,NaN,NaN,NaN,NaN
4,NaN,NaN,NaN,NaN,NaN,NaN,NaN,NaN
5,NaN,NaN,NaN,NaN,NaN,NaN,NaN,NaN
6,NaN,NaN,NaN,NaN,NaN,NaN,NaN,NaN
7,NaN,NaN,NaN,NaN,NaN,NaN,NaN,NaN
8,NaN,NaN,NaN,NaN,NaN,NaN,NaN,NaN
9,NaN,NaN,NaN,NaN,NaN,NaN,NaN,NaN
10,NaN,NaN,NaN,NaN,NaN,NaN,NaN,NaN
11,NaN,NaN,NaN,NaN,NaN,NaN,NaN,NaN
1,NaN,NaN,NaN,NaN,NaN,NaN,NaN,NaN
2,NaN,NaN,NaN,NaN,NaN,NaN,NaN,NaN
3,NaN,NaN,NaN,NaN,NaN,NaN,NaN,NaN
4,NaN,NaN,NaN,NaN,NaN,NaN,NaN,NaN
5,NaN,NaN,NaN,NaN,NaN,NaN,NaN,NaN
6,NaN,NaN,NaN,NaN,NaN,NaN,NaN,NaN
7,NaN,NaN,NaN,NaN,NaN,NaN,NaN,NaN
8,NaN,NaN,NaN,NaN,NaN,NaN,NaN,NaN
9,NaN,NaN,NaN,NaN,NaN,NaN,NaN,NaN
10,NaN,NaN,NaN,NaN,NaN,NaN,NaN,NaN
11,NaN,NaN,NaN,NaN,NaN,NaN,NaN,NaN
1,NaN,NaN,NaN,NaN,NaN,NaN,NaN,NaN
2,NaN,NaN,NaN,NaN,NaN,NaN,NaN,NaN
3,NaN,NaN,NaN,NaN,NaN,NaN,NaN,NaN
4,NaN,NaN,NaN,NaN,NaN,NaN,NaN,NaN
5,NaN,NaN,NaN,NaN,NaN,NaN,NaN,NaN
6,NaN,NaN,NaN,NaN,NaN,NaN,NaN,NaN
7,NaN,NaN,NaN,NaN,NaN,NaN,NaN,NaN
8,NaN,NaN,NaN,NaN,NaN,NaN,NaN,NaN
9,NaN,NaN,NaN,NaN,NaN,NaN,NaN,NaN
10,NaN,NaN,NaN,NaN,NaN,NaN,NaN,NaN
11,NaN,NaN,NaN,NaN,NaN,NaN,NaN,NaN
1,NaN,NaN,NaN,NaN,NaN,NaN,NaN,NaN
2,NaN,NaN,NaN,NaN,NaN,NaN,NaN,NaN
3,NaN,NaN,NaN,NaN,NaN,NaN,NaN,NaN
4,NaN,NaN,NaN,NaN,NaN,NaN,NaN,NaN
5,NaN,NaN,NaN,NaN,NaN,NaN,NaN,NaN
6,NaN,NaN,NaN,NaN,NaN,NaN,NaN,NaN
7,NaN,NaN,NaN,NaN,NaN,NaN,NaN,NaN
8,NaN,NaN,NaN,NaN,NaN,NaN,NaN,NaN
9,NaN,NaN,NaN,NaN,NaN,NaN,NaN,NaN
10,NaN,NaN,NaN,NaN,NaN,NaN,NaN,NaN
11,NaN,NaN,NaN,NaN,NaN,NaN,NaN,NaN
1,NaN,NaN,NaN,NaN,NaN,NaN,NaN,NaN
2,NaN,NaN,NaN,NaN,NaN,NaN,NaN,NaN
3,NaN,NaN,NaN,NaN,NaN,NaN,NaN,NaN
4,NaN,NaN,NaN,NaN,NaN,NaN,NaN,NaN
5,NaN,NaN,NaN,NaN,NaN,NaN,NaN,NaN
6,NaN,NaN,NaN,NaN,NaN,NaN,NaN,NaN
7,NaN,NaN,NaN,NaN,NaN,NaN,NaN,NaN
8,NaN,NaN,NaN,NaN,NaN,NaN,NaN,NaN
9,NaN,NaN,NaN,NaN,NaN,NaN,NaN,NaN
10,NaN,NaN,NaN,NaN,NaN,NaN,NaN,NaN
11,NaN,NaN,NaN,NaN,NaN,NaN,NaN,NaN
1,NaN,NaN,NaN,NaN,NaN,NaN,NaN,NaN
2,NaN,NaN,NaN,NaN,NaN,NaN,NaN,NaN
3,NaN,NaN,NaN,NaN,NaN,NaN,NaN,NaN
4,NaN,NaN,NaN,NaN,NaN,NaN,NaN,NaN
5,NaN,NaN,NaN,NaN,NaN,NaN,NaN,NaN
6,NaN,NaN,NaN,NaN,NaN,NaN,NaN,NaN
7,NaN,NaN,NaN,NaN,NaN,NaN,NaN,NaN
8,NaN,NaN,NaN,NaN,NaN,NaN,NaN,NaN
9,NaN,NaN,NaN,NaN,NaN,NaN,NaN,NaN
10,NaN,NaN,NaN,NaN,NaN,NaN,NaN,NaN
11,NaN,NaN,NaN,NaN,NaN,NaN,NaN,NaN
1,NaN,NaN,NaN,NaN,NaN,NaN,NaN,NaN
2,NaN,NaN,NaN,NaN,NaN,NaN,NaN,NaN
3,NaN,NaN,NaN,NaN,NaN,NaN,NaN,NaN
4,NaN,NaN,NaN,NaN,NaN,NaN,NaN,NaN
5,NaN,NaN,NaN,NaN,NaN,NaN,NaN,NaN
6,NaN,NaN,NaN,NaN,NaN,NaN,NaN,NaN
7,NaN,NaN,NaN,NaN,NaN,NaN,NaN,NaN
8,NaN,NaN,NaN,NaN,NaN,NaN,NaN,NaN
9,NaN,NaN,NaN,NaN,NaN,NaN,NaN,NaN
10,NaN,NaN,NaN,NaN,NaN,NaN,NaN,NaN
11,NaN,NaN,NaN,NaN,NaN,NaN,NaN,NaN
1,NaN,NaN,NaN,NaN,NaN,NaN,NaN,NaN
2,NaN,NaN,NaN,NaN,NaN,NaN,NaN,NaN
3,NaN,NaN,NaN,NaN,NaN,NaN,NaN,NaN
4,NaN,NaN,NaN,NaN,NaN,NaN,NaN,NaN
5,NaN,NaN,NaN,NaN,NaN,NaN,NaN,NaN
6,NaN,NaN,NaN,NaN,NaN,NaN,NaN,NaN
7,NaN,NaN,NaN,NaN,NaN,NaN,NaN,NaN
8,NaN,NaN,NaN,NaN,NaN,NaN,NaN,NaN
9,NaN,NaN,NaN,NaN,NaN,NaN,NaN,NaN
10,NaN,NaN,NaN,NaN,NaN,NaN,NaN,NaN
11,NaN,NaN,NaN,NaN,NaN,NaN,NaN,NaN
1,NaN,NaN,NaN,NaN,NaN,NaN,NaN,NaN
2,NaN,NaN,NaN,NaN,NaN,NaN,NaN,NaN
3,NaN,NaN,NaN,NaN,NaN,NaN,NaN,NaN
4,NaN,NaN,NaN,NaN,NaN,NaN,NaN,NaN
5,NaN,NaN,NaN,NaN,NaN,NaN,NaN,NaN
6,NaN,NaN,NaN,NaN,NaN,NaN,NaN,NaN
7,NaN,NaN,NaN,NaN,NaN,NaN,NaN,NaN
8,NaN,NaN,NaN,NaN,NaN,NaN,NaN,NaN
9,NaN,NaN,NaN,NaN,NaN,NaN,NaN,NaN
10,NaN,NaN,NaN,NaN,NaN,NaN,NaN,NaN
11,NaN,NaN,NaN,NaN,NaN,NaN,NaN,NaN
1,NaN,NaN,NaN,NaN,NaN,NaN,NaN,NaN
2,NaN,NaN,NaN,NaN,NaN,NaN,NaN,NaN
3,NaN,NaN,NaN,NaN,NaN,NaN,NaN,NaN
4,NaN,NaN,NaN,NaN,NaN,NaN,NaN,NaN
5,NaN,NaN,NaN,NaN,NaN,NaN,NaN,NaN
6,NaN,NaN,NaN,NaN,NaN,NaN,NaN,NaN
7,NaN,NaN,NaN,NaN,NaN,NaN,NaN,NaN
8,NaN,NaN,NaN,NaN,NaN,NaN,NaN,NaN
9,NaN,NaN,NaN,NaN,NaN,NaN,NaN,NaN
10,NaN,NaN,NaN,NaN,NaN,NaN,NaN,NaN
11,NaN,NaN,NaN,NaN,NaN,NaN,NaN,NaN
1,NaN,NaN,NaN,NaN,NaN,NaN,NaN,NaN
2,NaN,NaN,NaN,NaN,NaN,NaN,NaN,NaN
3,NaN,NaN,NaN,NaN,NaN,NaN,NaN,NaN
4,NaN,NaN,NaN,NaN,NaN,NaN,NaN,NaN
5,NaN,NaN,NaN,NaN,NaN,NaN,NaN,NaN
6,NaN,NaN,NaN,NaN,NaN,NaN,NaN,NaN
7,NaN,NaN,NaN,NaN,NaN,NaN,NaN,NaN
8,NaN,NaN,NaN,NaN,NaN,NaN,NaN,NaN
9,NaN,NaN,NaN,NaN,NaN,NaN,NaN,NaN
10,NaN,NaN,NaN,NaN,NaN,NaN,NaN,NaN
11,NaN,NaN,NaN,NaN,NaN,NaN,NaN,NaN
1,NaN,NaN,NaN,NaN,NaN,NaN,NaN,NaN
2,NaN,NaN,NaN,NaN,NaN,NaN,NaN,NaN
3,NaN,NaN,NaN,NaN,NaN,NaN,NaN,NaN
4,NaN,NaN,NaN,NaN,NaN,NaN,NaN,NaN
5,NaN,NaN,NaN,NaN,NaN,NaN,NaN,NaN
6,NaN,NaN,NaN,NaN,NaN,NaN,NaN,NaN
7,NaN,NaN,NaN,NaN,NaN,NaN,NaN,NaN
8,NaN,NaN,NaN,NaN,NaN,NaN,NaN,NaN
9,NaN,NaN,NaN,NaN,NaN,NaN,NaN,NaN
10,NaN,NaN,NaN,NaN,NaN,NaN,NaN,NaN
11,NaN,NaN,NaN,NaN,NaN,NaN,NaN,NaN
1,NaN,NaN,NaN,NaN,NaN,NaN,NaN,NaN
2,NaN,NaN,NaN,NaN,NaN,NaN,NaN,NaN
3,NaN,NaN,NaN,NaN,NaN,NaN,NaN,NaN
4,NaN,NaN,NaN,NaN,NaN,NaN,NaN,NaN
5,NaN,NaN,NaN,NaN,NaN,NaN,NaN,NaN
6,NaN,NaN,NaN,NaN,NaN,NaN,NaN,NaN
7,NaN,NaN,NaN,NaN,NaN,NaN,NaN,NaN
8,NaN,NaN,NaN,NaN,NaN,NaN,NaN,NaN
9,NaN,NaN,NaN,NaN,NaN,NaN,NaN,NaN
10,NaN,NaN,NaN,NaN,NaN,NaN,NaN,NaN
11,NaN,NaN,NaN,NaN,NaN,NaN,NaN,NaN
1,NaN,NaN,NaN,NaN,NaN,NaN,NaN,NaN
2,NaN,NaN,NaN,NaN,NaN,NaN,NaN,NaN
3,NaN,NaN,NaN,NaN,NaN,NaN,NaN,NaN
4,NaN,NaN,NaN,NaN,NaN,NaN,NaN,NaN
5,NaN,NaN,NaN,NaN,NaN,NaN,NaN,NaN
6,NaN,NaN,NaN,NaN,NaN,NaN,NaN,NaN
7,NaN,NaN,NaN,NaN,NaN,NaN,NaN,NaN
8,NaN,NaN,NaN,NaN,NaN,NaN,NaN,NaN
9,NaN,NaN,NaN,NaN,NaN,NaN,NaN,NaN
10,NaN,NaN,NaN,NaN,NaN,NaN,NaN,NaN
11,NaN,NaN,NaN,NaN,NaN,NaN,NaN,NaN
1,NaN,NaN,NaN,NaN,NaN,NaN,NaN,NaN
2,NaN,NaN,NaN,NaN,NaN,NaN,NaN,NaN
3,NaN,NaN,NaN,NaN,NaN,NaN,NaN,NaN
4,NaN,NaN,NaN,NaN,NaN,NaN,NaN,NaN
5,NaN,NaN,NaN,NaN,NaN,NaN,NaN,NaN
6,NaN,NaN,NaN,NaN,NaN,NaN,NaN,NaN
7,NaN,NaN,NaN,NaN,NaN,NaN,NaN,NaN
8,NaN,NaN,NaN,NaN,NaN,NaN,NaN,NaN
9,NaN,NaN,NaN,NaN,NaN,NaN,NaN,NaN
10,NaN,NaN,NaN,NaN,NaN,NaN,NaN,NaN
11,NaN,NaN,NaN,NaN,NaN,NaN,NaN,NaN
1,NaN,NaN,NaN,NaN,NaN,NaN,NaN,NaN
2,NaN,NaN,NaN,NaN,NaN,NaN,NaN,NaN
3,NaN,NaN,NaN,NaN,NaN,NaN,NaN,NaN
4,NaN,NaN,NaN,NaN,NaN,NaN,NaN,NaN
5,NaN,NaN,NaN,NaN,NaN,NaN,NaN,NaN
6,NaN,NaN,NaN,NaN,NaN,NaN,NaN,NaN
7,NaN,NaN,NaN,NaN,NaN,NaN,NaN,NaN
8,NaN,NaN,NaN,NaN,NaN,NaN,NaN,NaN
9,NaN,NaN,NaN,NaN,NaN,NaN,NaN,NaN
10,NaN,NaN,NaN,NaN,NaN,NaN,NaN,NaN
11,NaN,NaN,NaN,NaN,NaN,NaN,NaN,NaN
1,NaN,NaN,NaN,NaN,NaN,NaN,NaN,NaN
2,NaN,NaN,NaN,NaN,NaN,NaN,NaN,NaN
3,NaN,NaN,NaN,NaN,NaN,NaN,NaN,NaN
4,NaN,NaN,NaN,NaN,NaN,NaN,NaN,NaN
5,NaN,NaN,NaN,NaN,NaN,NaN,NaN,NaN
6,NaN,NaN,NaN,NaN,NaN,NaN,NaN,NaN
7,NaN,NaN,NaN,NaN,NaN,NaN,NaN,NaN
8,NaN,NaN,NaN,NaN,NaN,NaN,NaN,NaN
9,NaN,NaN,NaN,NaN,NaN,NaN,NaN,NaN
10,NaN,NaN,NaN,NaN,NaN,NaN,NaN,NaN
11,NaN,NaN,NaN,NaN,NaN,NaN,NaN,NaN
1,NaN,NaN,NaN,NaN,NaN,NaN,NaN,NaN
2,NaN,NaN,NaN,NaN,NaN,NaN,NaN,NaN
3,NaN,NaN,NaN,NaN,NaN,NaN,NaN,NaN
4,NaN,NaN,NaN,NaN,NaN,NaN,NaN,NaN
5,NaN,NaN,NaN,NaN,NaN,NaN,NaN,NaN
6,NaN,NaN,NaN,NaN,NaN,NaN,NaN,NaN
7,NaN,NaN,NaN,NaN,NaN,NaN,NaN,NaN
8,NaN,NaN,NaN,NaN,NaN,NaN,NaN,NaN
9,NaN,NaN,NaN,NaN,NaN,NaN,NaN,NaN
10,NaN,NaN,NaN,NaN,NaN,NaN,NaN,NaN
11,NaN,NaN,NaN,NaN,NaN,NaN,NaN,NaN
1,NaN,NaN,NaN,NaN,NaN,NaN,NaN,NaN
2,NaN,NaN,NaN,NaN,NaN,NaN,NaN,NaN
3,NaN,NaN,NaN,NaN,NaN,NaN,NaN,NaN
4,NaN,NaN,NaN,NaN,NaN,NaN,NaN,NaN
5,NaN,NaN,NaN,NaN,NaN,NaN,NaN,NaN
6,NaN,NaN,NaN,NaN,NaN,NaN,NaN,NaN
7,NaN,NaN,NaN,NaN,NaN,NaN,NaN,NaN
8,NaN,NaN,NaN,NaN,NaN,NaN,NaN,NaN
9,NaN,NaN,NaN,NaN,NaN,NaN,NaN,NaN
10,NaN,NaN,NaN,NaN,NaN,NaN,NaN,NaN
11,NaN,NaN,NaN,NaN,NaN,NaN,NaN,NaN
1,NaN,NaN,NaN,NaN,NaN,NaN,NaN,NaN
2,NaN,NaN,NaN,NaN,NaN,NaN,NaN,NaN
3,NaN,NaN,NaN,NaN,NaN,NaN,NaN,NaN
4,NaN,NaN,NaN,NaN,NaN,NaN,NaN,NaN
5,NaN,NaN,NaN,NaN,NaN,NaN,NaN,NaN
6,NaN,NaN,NaN,NaN,NaN,NaN,NaN,NaN
7,NaN,NaN,NaN,NaN,NaN,NaN,NaN,NaN
8,NaN,NaN,NaN,NaN,NaN,NaN,NaN,NaN
9,NaN,NaN,NaN,NaN,NaN,NaN,NaN,NaN
10,NaN,NaN,NaN,NaN,NaN,NaN,NaN,NaN
11,NaN,NaN,NaN,NaN,NaN,NaN,NaN,NaN
1,NaN,NaN,NaN,NaN,NaN,NaN,NaN,NaN
2,NaN,NaN,NaN,NaN,NaN,NaN,NaN,NaN
3,NaN,NaN,NaN,NaN,NaN,NaN,NaN,NaN
4,NaN,NaN,NaN,NaN,NaN,NaN,NaN,NaN
5,NaN,NaN,NaN,NaN,NaN,NaN,NaN,NaN
6,NaN,NaN,NaN,NaN,NaN,NaN,NaN,NaN
7,NaN,NaN,NaN,NaN,NaN,NaN,NaN,NaN
8,NaN,NaN,NaN,NaN,NaN,NaN,NaN,NaN
9,NaN,NaN,NaN,NaN,NaN,NaN,NaN,NaN
10,NaN,NaN,NaN,NaN,NaN,NaN,NaN,NaN
11,NaN,NaN,NaN,NaN,NaN,NaN,NaN,NaN
1,NaN,NaN,NaN,NaN,NaN,NaN,NaN,NaN
2,NaN,NaN,NaN,NaN,NaN,NaN,NaN,NaN
3,NaN,NaN,NaN,NaN,NaN,NaN,NaN,NaN
4,NaN,NaN,NaN,NaN,NaN,NaN,NaN,NaN
5,NaN,NaN,NaN,NaN,NaN,NaN,NaN,NaN
6,NaN,NaN,NaN,NaN,NaN,NaN,NaN,NaN
7,NaN,NaN,NaN,NaN,NaN,NaN,NaN,NaN
8,NaN,NaN,NaN,NaN,NaN,NaN,NaN,NaN
9,NaN,NaN,NaN,NaN,NaN,NaN,NaN,NaN
10,NaN,NaN,NaN,NaN,NaN,NaN,NaN,NaN
11,NaN,NaN,NaN,NaN,NaN,NaN,NaN,NaN
1,NaN,NaN,NaN,NaN,NaN,NaN,NaN,NaN
2,NaN,NaN,NaN,NaN,NaN,NaN,NaN,NaN
3,NaN,NaN,NaN,NaN,NaN,NaN,NaN,NaN
4,NaN,NaN,NaN,NaN,NaN,NaN,NaN,NaN
5,NaN,NaN,NaN,NaN,NaN,NaN,NaN,NaN
6,NaN,NaN,NaN,NaN,NaN,NaN,NaN,NaN
7,NaN,NaN,NaN,NaN,NaN,NaN,NaN,NaN
8,NaN,NaN,NaN,NaN,NaN,NaN,NaN,NaN
9,NaN,NaN,NaN,NaN,NaN,NaN,NaN,NaN
10,NaN,NaN,NaN,NaN,NaN,NaN,NaN,NaN
11,NaN,NaN,NaN,NaN,NaN,NaN,NaN,NaN
1,NaN,NaN,NaN,NaN,NaN,NaN,NaN,NaN
2,NaN,NaN,NaN,NaN,NaN,NaN,NaN,NaN
3,NaN,NaN,NaN,NaN,NaN,NaN,NaN,NaN
4,NaN,NaN,NaN,NaN,NaN,NaN,NaN,NaN
5,NaN,NaN,NaN,NaN,NaN,NaN,NaN,NaN
6,NaN,NaN,NaN,NaN,NaN,NaN,NaN,NaN
7,NaN,NaN,NaN,NaN,NaN,NaN,NaN,NaN
8,NaN,NaN,NaN,NaN,NaN,NaN,NaN,NaN
9,NaN,NaN,NaN,NaN,NaN,NaN,NaN,NaN
10,NaN,NaN,NaN,NaN,NaN,NaN,NaN,NaN
11,NaN,NaN,NaN,NaN,NaN,NaN,NaN,NaN
1,NaN,NaN,NaN,NaN,NaN,NaN,NaN,NaN
2,NaN,NaN,NaN,NaN,NaN,NaN,NaN,NaN
3,NaN,NaN,NaN,NaN,NaN,NaN,NaN,NaN
4,NaN,NaN,NaN,NaN,NaN,NaN,NaN,NaN
5,NaN,NaN,NaN,NaN,NaN,NaN,NaN,NaN
6,NaN,NaN,NaN,NaN,NaN,NaN,NaN,NaN
7,NaN,NaN,NaN,NaN,NaN,NaN,NaN,NaN
8,NaN,NaN,NaN,NaN,NaN,NaN,NaN,NaN
9,NaN,NaN,NaN,NaN,NaN,NaN,NaN,NaN
10,NaN,NaN,NaN,NaN,NaN,NaN,NaN,NaN
11,NaN,NaN,NaN,NaN,NaN,NaN,NaN,NaN
1,NaN,NaN,NaN,NaN,NaN,NaN,NaN,NaN
2,NaN,NaN,NaN,NaN,NaN,NaN,NaN,NaN
3,NaN,NaN,NaN,NaN,NaN,NaN,NaN,NaN
4,NaN,NaN,NaN,NaN,NaN,NaN,NaN,NaN
5,NaN,NaN,NaN,NaN,NaN,NaN,NaN,NaN
6,NaN,NaN,NaN,NaN,NaN,NaN,NaN,NaN
7,NaN,NaN,NaN,NaN,NaN,NaN,NaN,NaN
8,NaN,NaN,NaN,NaN,NaN,NaN,NaN,NaN
9,NaN,NaN,NaN,NaN,NaN,NaN,NaN,NaN
10,NaN,NaN,NaN,NaN,NaN,NaN,NaN,NaN
11,NaN,NaN,NaN,NaN,NaN,NaN,NaN,NaN
1,NaN,NaN,NaN,NaN,NaN,NaN,NaN,NaN
2,NaN,NaN,NaN,NaN,NaN,NaN,NaN,NaN
3,NaN,NaN,NaN,NaN,NaN,NaN,NaN,NaN
4,NaN,NaN,NaN,NaN,NaN,NaN,NaN,NaN
5,NaN,NaN,NaN,NaN,NaN,NaN,NaN,NaN
6,NaN,NaN,NaN,NaN,NaN,NaN,NaN,NaN
7,NaN,NaN,NaN,NaN,NaN,NaN,NaN,NaN
8,NaN,NaN,NaN,NaN,NaN,NaN,NaN,NaN
9,NaN,NaN,NaN,NaN,NaN,NaN,NaN,NaN
10,NaN,NaN,NaN,NaN,NaN,NaN,NaN,NaN
11,NaN,NaN,NaN,NaN,NaN,NaN,NaN,NaN
1,NaN,NaN,NaN,NaN,NaN,NaN,NaN,NaN
2,NaN,NaN,NaN,NaN,NaN,NaN,NaN,NaN
3,NaN,NaN,NaN,NaN,NaN,NaN,NaN,NaN
4,NaN,NaN,NaN,NaN,NaN,NaN,NaN,NaN
5,NaN,NaN,NaN,NaN,NaN,NaN,NaN,NaN
6,NaN,NaN,NaN,NaN,NaN,NaN,NaN,NaN
7,NaN,NaN,NaN,NaN,NaN,NaN,NaN,NaN
8,NaN,NaN,NaN,NaN,NaN,NaN,NaN,NaN
9,NaN,NaN,NaN,NaN,NaN,NaN,NaN,NaN
10,NaN,NaN,NaN,NaN,NaN,NaN,NaN,NaN
11,NaN,NaN,NaN,NaN,NaN,NaN,NaN,NaN
1,NaN,NaN,NaN,NaN,NaN,NaN,NaN,NaN
2,NaN,NaN,NaN,NaN,NaN,NaN,NaN,NaN
3,NaN,NaN,NaN,NaN,NaN,NaN,NaN,NaN
4,NaN,NaN,NaN,NaN,NaN,NaN,NaN,NaN
5,NaN,NaN,NaN,NaN,NaN,NaN,NaN,NaN
6,NaN,NaN,NaN,NaN,NaN,NaN,NaN,NaN
7,NaN,NaN,NaN,NaN,NaN,NaN,NaN,NaN
8,NaN,NaN,NaN,NaN,NaN,NaN,NaN,NaN
9,NaN,NaN,NaN,NaN,NaN,NaN,NaN,NaN
10,NaN,NaN,NaN,NaN,NaN,NaN,NaN,NaN
11,NaN,NaN,NaN,NaN,NaN,NaN,NaN,NaN
1,NaN,NaN,NaN,NaN,NaN,NaN,NaN,NaN
2,NaN,NaN,NaN,NaN,NaN,NaN,NaN,NaN
3,NaN,NaN,NaN,NaN,NaN,NaN,NaN,NaN
4,NaN,NaN,NaN,NaN,NaN,NaN,NaN,NaN
5,NaN,NaN,NaN,NaN,NaN,NaN,NaN,NaN
6,NaN,NaN,NaN,NaN,NaN,NaN,NaN,NaN
7,NaN,NaN,NaN,NaN,NaN,NaN,NaN,NaN
8,NaN,NaN,NaN,NaN,NaN,NaN,NaN,NaN
9,NaN,NaN,NaN,NaN,NaN,NaN,NaN,NaN
10,NaN,NaN,NaN,NaN,NaN,NaN,NaN,NaN
11,NaN,NaN,NaN,NaN,NaN,NaN,NaN,NaN
1,NaN,NaN,NaN,NaN,NaN,NaN,NaN,NaN
2,NaN,NaN,NaN,NaN,NaN,NaN,NaN,NaN
3,NaN,NaN,NaN,NaN,NaN,NaN,NaN,NaN
4,NaN,NaN,NaN,NaN,NaN,NaN,NaN,NaN
5,NaN,NaN,NaN,NaN,NaN,NaN,NaN,NaN
6,NaN,NaN,NaN,NaN,NaN,NaN,NaN,NaN
7,NaN,NaN,NaN,NaN,NaN,NaN,NaN,NaN
8,NaN,NaN,NaN,NaN,NaN,NaN,NaN,NaN
9,NaN,NaN,NaN,NaN,NaN,NaN,NaN,NaN
10,NaN,NaN,NaN,NaN,NaN,NaN,NaN,NaN
11,NaN,NaN,NaN,NaN,NaN,NaN,NaN,NaN
1,NaN,NaN,NaN,NaN,NaN,NaN,NaN,NaN
2,NaN,NaN,NaN,NaN,NaN,NaN,NaN,NaN
3,NaN,NaN,NaN,NaN,NaN,NaN,NaN,NaN
4,NaN,NaN,NaN,NaN,NaN,NaN,NaN,NaN
5,NaN,NaN,NaN,NaN,NaN,NaN,NaN,NaN
6,NaN,NaN,NaN,NaN,NaN,NaN,NaN,NaN
7,NaN,NaN,NaN,NaN,NaN,NaN,NaN,NaN
8,NaN,NaN,NaN,NaN,NaN,NaN,NaN,NaN
9,NaN,NaN,NaN,NaN,NaN,NaN,NaN,NaN
10,NaN,NaN,NaN,NaN,NaN,NaN,NaN,NaN
11,NaN,NaN,NaN,NaN,NaN,NaN,NaN,NaN
1,NaN,NaN,NaN,NaN,NaN,NaN,NaN,NaN
2,NaN,NaN,NaN,NaN,NaN,NaN,NaN,NaN
3,NaN,NaN,NaN,NaN,NaN,NaN,NaN,NaN
4,NaN,NaN,NaN,NaN,NaN,NaN,NaN,NaN
5,NaN,NaN,NaN,NaN,NaN,NaN,NaN,NaN
6,NaN,NaN,NaN,NaN,NaN,NaN,NaN,NaN
7,NaN,NaN,NaN,NaN,NaN,NaN,NaN,NaN
8,NaN,NaN,NaN,NaN,NaN,NaN,NaN,NaN
9,NaN,NaN,NaN,NaN,NaN,NaN,NaN,NaN
10,NaN,NaN,NaN,NaN,NaN,NaN,NaN,NaN
11,NaN,NaN,NaN,NaN,NaN,NaN,NaN,NaN
1,NaN,NaN,NaN,NaN,NaN,NaN,NaN,NaN
2,NaN,NaN,NaN,NaN,NaN,NaN,NaN,NaN
3,NaN,NaN,NaN,NaN,NaN,NaN,NaN,NaN
4,NaN,NaN,NaN,NaN,NaN,NaN,NaN,NaN
5,NaN,NaN,NaN,NaN,NaN,NaN,NaN,NaN
6,NaN,NaN,NaN,NaN,NaN,NaN,NaN,NaN
7,NaN,NaN,NaN,NaN,NaN,NaN,NaN,NaN
8,NaN,NaN,NaN,NaN,NaN,NaN,NaN,NaN
9,NaN,NaN,NaN,NaN,NaN,NaN,NaN,NaN
10,NaN,NaN,NaN,NaN,NaN,NaN,NaN,NaN
11,NaN,NaN,NaN,NaN,NaN,NaN,NaN,NaN
1,NaN,NaN,NaN,NaN,NaN,NaN,NaN,NaN
2,NaN,NaN,NaN,NaN,NaN,NaN,NaN,NaN
3,NaN,NaN,NaN,NaN,NaN,NaN,NaN,NaN
4,NaN,NaN,NaN,NaN,NaN,NaN,NaN,NaN
5,NaN,NaN,NaN,NaN,NaN,NaN,NaN,NaN
6,NaN,NaN,NaN,NaN,NaN,NaN,NaN,NaN
7,NaN,NaN,NaN,NaN,NaN,NaN,NaN,NaN
8,NaN,NaN,NaN,NaN,NaN,NaN,NaN,NaN
9,NaN,NaN,NaN,NaN,NaN,NaN,NaN,NaN
10,NaN,NaN,NaN,NaN,NaN,NaN,NaN,NaN
11,NaN,NaN,NaN,NaN,NaN,NaN,NaN,NaN
1,NaN,NaN,NaN,NaN,NaN,NaN,NaN,NaN
2,NaN,NaN,NaN,NaN,NaN,NaN,NaN,NaN
3,NaN,NaN,NaN,NaN,NaN,NaN,NaN,NaN
4,NaN,NaN,NaN,NaN,NaN,NaN,NaN,NaN
5,NaN,NaN,NaN,NaN,NaN,NaN,NaN,NaN
6,NaN,NaN,NaN,NaN,NaN,NaN,NaN,NaN
7,NaN,NaN,NaN,NaN,NaN,NaN,NaN,NaN
8,NaN,NaN,NaN,NaN,NaN,NaN,NaN,NaN
9,NaN,NaN,NaN,NaN,NaN,NaN,NaN,NaN
10,NaN,NaN,NaN,NaN,NaN,NaN,NaN,NaN
11,NaN,NaN,NaN,NaN,NaN,NaN,NaN,NaN
1,NaN,NaN,NaN,NaN,NaN,NaN,NaN,NaN
2,NaN,NaN,NaN,NaN,NaN,NaN,NaN,NaN
3,NaN,NaN,NaN,NaN,NaN,NaN,NaN,NaN
4,NaN,NaN,NaN,NaN,NaN,NaN,NaN,NaN
5,NaN,NaN,NaN,NaN,NaN,NaN,NaN,NaN
6,NaN,NaN,NaN,NaN,NaN,NaN,NaN,NaN
7,NaN,NaN,NaN,NaN,NaN,NaN,NaN,NaN
8,NaN,NaN,NaN,NaN,NaN,NaN,NaN,NaN
9,NaN,NaN,NaN,NaN,NaN,NaN,NaN,NaN
10,NaN,NaN,NaN,NaN,NaN,NaN,NaN,NaN
11,NaN,NaN,NaN,NaN,NaN,NaN,NaN,NaN
1,NaN,NaN,NaN,NaN,NaN,NaN,NaN,NaN
2,NaN,NaN,NaN,NaN,NaN,NaN,NaN,NaN
3,NaN,NaN,NaN,NaN,NaN,NaN,NaN,NaN
4,NaN,NaN,NaN,NaN,NaN,NaN,NaN,NaN
5,NaN,NaN,NaN,NaN,NaN,NaN,NaN,NaN
6,NaN,NaN,NaN,NaN,NaN,NaN,NaN,NaN
7,NaN,NaN,NaN,NaN,NaN,NaN,NaN,NaN
8,NaN,NaN,NaN,NaN,NaN,NaN,NaN,NaN
9,NaN,NaN,NaN,NaN,NaN,NaN,NaN,NaN
10,NaN,NaN,NaN,NaN,NaN,NaN,NaN,NaN
11,NaN,NaN,NaN,NaN,NaN,NaN,NaN,NaN
1,NaN,NaN,NaN,NaN,NaN,NaN,NaN,NaN
2,NaN,NaN,NaN,NaN,NaN,NaN,NaN,NaN
3,NaN,NaN,NaN,NaN,NaN,NaN,NaN,NaN
4,NaN,NaN,NaN,NaN,NaN,NaN,NaN,NaN
5,NaN,NaN,NaN,NaN,NaN,NaN,NaN,NaN
6,NaN,NaN,NaN,NaN,NaN,NaN,NaN,NaN
7,NaN,NaN,NaN,NaN,NaN,NaN,NaN,NaN
8,NaN,NaN,NaN,NaN,NaN,NaN,NaN,NaN
9,NaN,NaN,NaN,NaN,NaN,NaN,NaN,NaN
10,NaN,NaN,NaN,NaN,NaN,NaN,NaN,NaN
11,NaN,NaN,NaN,NaN,NaN,NaN,NaN,NaN
1,NaN,NaN,NaN,NaN,NaN,NaN,NaN,NaN
2,NaN,NaN,NaN,NaN,NaN,NaN,NaN,NaN
3,NaN,NaN,NaN,NaN,NaN,NaN,NaN,NaN
4,NaN,NaN,NaN,NaN,NaN,NaN,NaN,NaN
5,NaN,NaN,NaN,NaN,NaN,NaN,NaN,NaN
6,NaN,NaN,NaN,NaN,NaN,NaN,NaN,NaN
7,NaN,NaN,NaN,NaN,NaN,NaN,NaN,NaN
8,NaN,NaN,NaN,NaN,NaN,NaN,NaN,NaN
9,NaN,NaN,NaN,NaN,NaN,NaN,NaN,NaN
10,NaN,NaN,NaN,NaN,NaN,NaN,NaN,NaN
11,NaN,NaN,NaN,NaN,NaN,NaN,NaN,NaN
1,NaN,NaN,NaN,NaN,NaN,NaN,NaN,NaN
2,NaN,NaN,NaN,NaN,NaN,NaN,NaN,NaN
3,NaN,NaN,NaN,NaN,NaN,NaN,NaN,NaN
4,NaN,NaN,NaN,NaN,NaN,NaN,NaN,NaN
5,NaN,NaN,NaN,NaN,NaN,NaN,NaN,NaN
6,NaN,NaN,NaN,NaN,NaN,NaN,NaN,NaN
7,NaN,NaN,NaN,NaN,NaN,NaN,NaN,NaN
8,NaN,NaN,NaN,NaN,NaN,NaN,NaN,NaN
9,NaN,NaN,NaN,NaN,NaN,NaN,NaN,NaN
10,NaN,NaN,NaN,NaN,NaN,NaN,NaN,NaN
11,NaN,NaN,NaN,NaN,NaN,NaN,NaN,NaN
1,NaN,NaN,NaN,NaN,NaN,NaN,NaN,NaN
2,NaN,NaN,NaN,NaN,NaN,NaN,NaN,NaN
3,NaN,NaN,NaN,NaN,NaN,NaN,NaN,NaN
4,NaN,NaN,NaN,NaN,NaN,NaN,NaN,NaN
5,NaN,NaN,NaN,NaN,NaN,NaN,NaN,NaN
6,NaN,NaN,NaN,NaN,NaN,NaN,NaN,NaN
7,NaN,NaN,NaN,NaN,NaN,NaN,NaN,NaN
8,NaN,NaN,NaN,NaN,NaN,NaN,NaN,NaN
9,NaN,NaN,NaN,NaN,NaN,NaN,NaN,NaN
10,NaN,NaN,NaN,NaN,NaN,NaN,NaN,NaN
11,NaN,NaN,NaN,NaN,NaN,NaN,NaN,NaN
1,NaN,NaN,NaN,NaN,NaN,NaN,NaN,NaN
2,NaN,NaN,NaN,NaN,NaN,NaN,NaN,NaN
3,NaN,NaN,NaN,NaN,NaN,NaN,NaN,NaN
4,NaN,NaN,NaN,NaN,NaN,NaN,NaN,NaN
5,NaN,NaN,NaN,NaN,NaN,NaN,NaN,NaN
6,NaN,NaN,NaN,NaN,NaN,NaN,NaN,NaN
7,NaN,NaN,NaN,NaN,NaN,NaN,NaN,NaN
8,NaN,NaN,NaN,NaN,NaN,NaN,NaN,NaN
9,NaN,NaN,NaN,NaN,NaN,NaN,NaN,NaN
10,NaN,NaN,NaN,NaN,NaN,NaN,NaN,NaN
11,NaN,NaN,NaN,NaN,NaN,NaN,NaN,NaN
1,NaN,NaN,NaN,NaN,NaN,NaN,NaN,NaN
2,NaN,NaN,NaN,NaN,NaN,NaN,NaN,NaN
3,NaN,NaN,NaN,NaN,NaN,NaN,NaN,NaN
4,NaN,NaN,NaN,NaN,NaN,NaN,NaN,NaN
5,NaN,NaN,NaN,NaN,NaN,NaN,NaN,NaN
6,NaN,NaN,NaN,NaN,NaN,NaN,NaN,NaN
7,NaN,NaN,NaN,NaN,NaN,NaN,NaN,NaN
8,NaN,NaN,NaN,NaN,NaN,NaN,NaN,NaN
9,NaN,NaN,NaN,NaN,NaN,NaN,NaN,NaN
10,NaN,NaN,NaN,NaN,NaN,NaN,NaN,NaN
11,NaN,NaN,NaN,NaN,NaN,NaN,NaN,NaN
1,NaN,NaN,NaN,NaN,NaN,NaN,NaN,NaN
2,NaN,NaN,NaN,NaN,NaN,NaN,NaN,NaN
3,NaN,NaN,NaN,NaN,NaN,NaN,NaN,NaN
4,NaN,NaN,NaN,NaN,NaN,NaN,NaN,NaN
5,NaN,NaN,NaN,NaN,NaN,NaN,NaN,NaN
6,NaN,NaN,NaN,NaN,NaN,NaN,NaN,NaN
7,NaN,NaN,NaN,NaN,NaN,NaN,NaN,NaN
8,NaN,NaN,NaN,NaN,NaN,NaN,NaN,NaN
9,NaN,NaN,NaN,NaN,NaN,NaN,NaN,NaN
10,NaN,NaN,NaN,NaN,NaN,NaN,NaN,NaN
11,NaN,NaN,NaN,NaN,NaN,NaN,NaN,NaN
1,NaN,NaN,NaN,NaN,NaN,NaN,NaN,NaN
2,NaN,NaN,NaN,NaN,NaN,NaN,NaN,NaN
3,NaN,NaN,NaN,NaN,NaN,NaN,NaN,NaN
4,NaN,NaN,NaN,NaN,NaN,NaN,NaN,NaN
5,NaN,NaN,NaN,NaN,NaN,NaN,NaN,NaN
6,NaN,NaN,NaN,NaN,NaN,NaN,NaN,NaN
7,NaN,NaN,NaN,NaN,NaN,NaN,NaN,NaN
8,NaN,NaN,NaN,NaN,NaN,NaN,NaN,NaN
9,NaN,NaN,NaN,NaN,NaN,NaN,NaN,NaN
10,NaN,NaN,NaN,NaN,NaN,NaN,NaN,NaN
11,NaN,NaN,NaN,NaN,NaN,NaN,NaN,NaN
1,NaN,NaN,NaN,NaN,NaN,NaN,NaN,NaN
2,NaN,NaN,NaN,NaN,NaN,NaN,NaN,NaN
3,NaN,NaN,NaN,NaN,NaN,NaN,NaN,NaN
4,NaN,NaN,NaN,NaN,NaN,NaN,NaN,NaN
5,NaN,NaN,NaN,NaN,NaN,NaN,NaN,NaN
6,NaN,NaN,NaN,NaN,NaN,NaN,NaN,NaN
7,NaN,NaN,NaN,NaN,NaN,NaN,NaN,NaN
8,NaN,NaN,NaN,NaN,NaN,NaN,NaN,NaN
9,NaN,NaN,NaN,NaN,NaN,NaN,NaN,NaN
10,NaN,NaN,NaN,NaN,NaN,NaN,NaN,NaN
11,NaN,NaN,NaN,NaN,NaN,NaN,NaN,NaN
1,NaN,NaN,NaN,NaN,NaN,NaN,NaN,NaN
2,NaN,NaN,NaN,NaN,NaN,NaN,NaN,NaN
3,NaN,NaN,NaN,NaN,NaN,NaN,NaN,NaN
4,NaN,NaN,NaN,NaN,NaN,NaN,NaN,NaN
5,NaN,NaN,NaN,NaN,NaN,NaN,NaN,NaN
6,NaN,NaN,NaN,NaN,NaN,NaN,NaN,NaN
7,NaN,NaN,NaN,NaN,NaN,NaN,NaN,NaN
8,NaN,NaN,NaN,NaN,NaN,NaN,NaN,NaN
9,NaN,NaN,NaN,NaN,NaN,NaN,NaN,NaN
10,NaN,NaN,NaN,NaN,NaN,NaN,NaN,NaN
11,NaN,NaN,NaN,NaN,NaN,NaN,NaN,NaN
1,NaN,NaN,NaN,NaN,NaN,NaN,NaN,NaN
2,NaN,NaN,NaN,NaN,NaN,NaN,NaN,NaN
3,NaN,NaN,NaN,NaN,NaN,NaN,NaN,NaN
4,NaN,NaN,NaN,NaN,NaN,NaN,NaN,NaN
5,NaN,NaN,NaN,NaN,NaN,NaN,NaN,NaN
6,NaN,NaN,NaN,NaN,NaN,NaN,NaN,NaN
7,NaN,NaN,NaN,NaN,NaN,NaN,NaN,NaN
8,NaN,NaN,NaN,NaN,NaN,NaN,NaN,NaN
9,NaN,NaN,NaN,NaN,NaN,NaN,NaN,NaN
10,NaN,NaN,NaN,NaN,NaN,NaN,NaN,NaN
11,NaN,NaN,NaN,NaN,NaN,NaN,NaN,NaN
1,NaN,NaN,NaN,NaN,NaN,NaN,NaN,NaN
2,NaN,NaN,NaN,NaN,NaN,NaN,NaN,NaN
3,NaN,NaN,NaN,NaN,NaN,NaN,NaN,NaN
4,NaN,NaN,NaN,NaN,NaN,NaN,NaN,NaN
5,NaN,NaN,NaN,NaN,NaN,NaN,NaN,NaN
6,NaN,NaN,NaN,NaN,NaN,NaN,NaN,NaN
7,NaN,NaN,NaN,NaN,NaN,NaN,NaN,NaN
8,NaN,NaN,NaN,NaN,NaN,NaN,NaN,NaN
9,NaN,NaN,NaN,NaN,NaN,NaN,NaN,NaN
10,NaN,NaN,NaN,NaN,NaN,NaN,NaN,NaN
11,NaN,NaN,NaN,NaN,NaN,NaN,NaN,NaN
1,NaN,NaN,NaN,NaN,NaN,NaN,NaN,NaN
2,NaN,NaN,NaN,NaN,NaN,NaN,NaN,NaN
3,NaN,NaN,NaN,NaN,NaN,NaN,NaN,NaN
4,NaN,NaN,NaN,NaN,NaN,NaN,NaN,NaN
5,NaN,NaN,NaN,NaN,NaN,NaN,NaN,NaN
6,NaN,NaN,NaN,NaN,NaN,NaN,NaN,NaN
7,NaN,NaN,NaN,NaN,NaN,NaN,NaN,NaN
8,NaN,NaN,NaN,NaN,NaN,NaN,NaN,NaN
9,NaN,NaN,NaN,NaN,NaN,NaN,NaN,NaN
10,NaN,NaN,NaN,NaN,NaN,NaN,NaN,NaN
11,NaN,NaN,NaN,NaN,NaN,NaN,NaN,NaN
1,NaN,NaN,NaN,NaN,NaN,NaN,NaN,NaN
2,NaN,NaN,NaN,NaN,NaN,NaN,NaN,NaN
3,NaN,NaN,NaN,NaN,NaN,NaN,NaN,NaN
4,NaN,NaN,NaN,NaN,NaN,NaN,NaN,NaN
5,NaN,NaN,NaN,NaN,NaN,NaN,NaN,NaN
6,NaN,NaN,NaN,NaN,NaN,NaN,NaN,NaN
7,NaN,NaN,NaN,NaN,NaN,NaN,NaN,NaN
8,NaN,NaN,NaN,NaN,NaN,NaN,NaN,NaN
9,NaN,NaN,NaN,NaN,NaN,NaN,NaN,NaN
10,NaN,NaN,NaN,NaN,NaN,NaN,NaN,NaN
11,NaN,NaN,NaN,NaN,NaN,NaN,NaN,NaN
1,NaN,NaN,NaN,NaN,NaN,NaN,NaN,NaN
2,NaN,NaN,NaN,NaN,NaN,NaN,NaN,NaN
3,NaN,NaN,NaN,NaN,NaN,NaN,NaN,NaN
4,NaN,NaN,NaN,NaN,NaN,NaN,NaN,NaN
5,NaN,NaN,NaN,NaN,NaN,NaN,NaN,NaN
6,NaN,NaN,NaN,NaN,NaN,NaN,NaN,NaN
7,NaN,NaN,NaN,NaN,NaN,NaN,NaN,NaN
8,NaN,NaN,NaN,NaN,NaN,NaN,NaN,NaN
9,NaN,NaN,NaN,NaN,NaN,NaN,NaN,NaN
10,NaN,NaN,NaN,NaN,NaN,NaN,NaN,NaN
11,NaN,NaN,NaN,NaN,NaN,NaN,NaN,NaN
1,NaN,NaN,NaN,NaN,NaN,NaN,NaN,NaN
2,NaN,NaN,NaN,NaN,NaN,NaN,NaN,NaN
3,NaN,NaN,NaN,NaN,NaN,NaN,NaN,NaN
4,NaN,NaN,NaN,NaN,NaN,NaN,NaN,NaN
5,NaN,NaN,NaN,NaN,NaN,NaN,NaN,NaN
6,NaN,NaN,NaN,NaN,NaN,NaN,NaN,NaN
7,NaN,NaN,NaN,NaN,NaN,NaN,NaN,NaN
8,NaN,NaN,NaN,NaN,NaN,NaN,NaN,NaN
9,NaN,NaN,NaN,NaN,NaN,NaN,NaN,NaN
10,NaN,NaN,NaN,NaN,NaN,NaN,NaN,NaN
11,NaN,NaN,NaN,NaN,NaN,NaN,NaN,NaN
1,NaN,NaN,NaN,NaN,NaN,NaN,NaN,NaN
2,NaN,NaN,NaN,NaN,NaN,NaN,NaN,NaN
3,NaN,NaN,NaN,NaN,NaN,NaN,NaN,NaN
4,NaN,NaN,NaN,NaN,NaN,NaN,NaN,NaN
5,NaN,NaN,NaN,NaN,NaN,NaN,NaN,NaN
6,NaN,NaN,NaN,NaN,NaN,NaN,NaN,NaN
7,NaN,NaN,NaN,NaN,NaN,NaN,NaN,NaN
8,NaN,NaN,NaN,NaN,NaN,NaN,NaN,NaN
9,NaN,NaN,NaN,NaN,NaN,NaN,NaN,NaN
10,NaN,NaN,NaN,NaN,NaN,NaN,NaN,NaN
11,NaN,NaN,NaN,NaN,NaN,NaN,NaN,NaN
1,NaN,NaN,NaN,NaN,NaN,NaN,NaN,NaN
2,NaN,NaN,NaN,NaN,NaN,NaN,NaN,NaN
3,NaN,NaN,NaN,NaN,NaN,NaN,NaN,NaN
4,NaN,NaN,NaN,NaN,NaN,NaN,NaN,NaN
5,NaN,NaN,NaN,NaN,NaN,NaN,NaN,NaN
6,NaN,NaN,NaN,NaN,NaN,NaN,NaN,NaN
7,NaN,NaN,NaN,NaN,NaN,NaN,NaN,NaN
8,NaN,NaN,NaN,NaN,NaN,NaN,NaN,NaN
9,NaN,NaN,NaN,NaN,NaN,NaN,NaN,NaN
10,NaN,NaN,NaN,NaN,NaN,NaN,NaN,NaN
11,NaN,NaN,NaN,NaN,NaN,NaN,NaN,NaN
1,NaN,NaN,NaN,NaN,NaN,NaN,NaN,NaN
2,NaN,NaN,NaN,NaN,NaN,NaN,NaN,NaN
3,NaN,NaN,NaN,NaN,NaN,NaN,NaN,NaN
4,NaN,NaN,NaN,NaN,NaN,NaN,NaN,NaN
5,NaN,NaN,NaN,NaN,NaN,NaN,NaN,NaN
6,NaN,NaN,NaN,NaN,NaN,NaN,NaN,NaN
7,NaN,NaN,NaN,NaN,NaN,NaN,NaN,NaN
8,NaN,NaN,NaN,NaN,NaN,NaN,NaN,NaN
9,NaN,NaN,NaN,NaN,NaN,NaN,NaN,NaN
10,NaN,NaN,NaN,NaN,NaN,NaN,NaN,NaN
11,NaN,NaN,NaN,NaN,NaN,NaN,NaN,NaN
1,NaN,NaN,NaN,NaN,NaN,NaN,NaN,NaN
2,NaN,NaN,NaN,NaN,NaN,NaN,NaN,NaN
3,NaN,NaN,NaN,NaN,NaN,NaN,NaN,NaN
4,NaN,NaN,NaN,NaN,NaN,NaN,NaN,NaN
5,NaN,NaN,NaN,NaN,NaN,NaN,NaN,NaN
6,NaN,NaN,NaN,NaN,NaN,NaN,NaN,NaN
7,NaN,NaN,NaN,NaN,NaN,NaN,NaN,NaN
8,NaN,NaN,NaN,NaN,NaN,NaN,NaN,NaN
9,NaN,NaN,NaN,NaN,NaN,NaN,NaN,NaN
10,NaN,NaN,NaN,NaN,NaN,NaN,NaN,NaN
11,NaN,NaN,NaN,NaN,NaN,NaN,NaN,NaN
1,NaN,NaN,NaN,NaN,NaN,NaN,NaN,NaN
2,NaN,NaN,NaN,NaN,NaN,NaN,NaN,NaN
3,NaN,NaN,NaN,NaN,NaN,NaN,NaN,NaN
4,NaN,NaN,NaN,NaN,NaN,NaN,NaN,NaN
5,NaN,NaN,NaN,NaN,NaN,NaN,NaN,NaN
6,NaN,NaN,NaN,NaN,NaN,NaN,NaN,NaN
7,NaN,NaN,NaN,NaN,NaN,NaN,NaN,NaN
8,NaN,NaN,NaN,NaN,NaN,NaN,NaN,NaN
9,NaN,NaN,NaN,NaN,NaN,NaN,NaN,NaN
10,NaN,NaN,NaN,NaN,NaN,NaN,NaN,NaN
11,NaN,NaN,NaN,NaN,NaN,NaN,NaN,NaN
1,NaN,NaN,NaN,NaN,NaN,NaN,NaN,NaN
2,NaN,NaN,NaN,NaN,NaN,NaN,NaN,NaN
3,NaN,NaN,NaN,NaN,NaN,NaN,NaN,NaN
4,NaN,NaN,NaN,NaN,NaN,NaN,NaN,NaN
5,NaN,NaN,NaN,NaN,NaN,NaN,NaN,NaN
6,NaN,NaN,NaN,NaN,NaN,NaN,NaN,NaN
7,NaN,NaN,NaN,NaN,NaN,NaN,NaN,NaN
8,NaN,NaN,NaN,NaN,NaN,NaN,NaN,NaN
9,NaN,NaN,NaN,NaN,NaN,NaN,NaN,NaN
10,NaN,NaN,NaN,NaN,NaN,NaN,NaN,NaN
11,NaN,NaN,NaN,NaN,NaN,NaN,NaN,NaN
1,NaN,NaN,NaN,NaN,NaN,NaN,NaN,NaN
2,NaN,NaN,NaN,NaN,NaN,NaN,NaN,NaN
3,NaN,NaN,NaN,NaN,NaN,NaN,NaN,NaN
4,NaN,NaN,NaN,NaN,NaN,NaN,NaN,NaN
5,NaN,NaN,NaN,NaN,NaN,NaN,NaN,NaN
6,NaN,NaN,NaN,NaN,NaN,NaN,NaN,NaN
7,NaN,NaN,NaN,NaN,NaN,NaN,NaN,NaN
8,NaN,NaN,NaN,NaN,NaN,NaN,NaN,NaN
9,NaN,NaN,NaN,NaN,NaN,NaN,NaN,NaN
10,NaN,NaN,NaN,NaN,NaN,NaN,NaN,NaN
11,NaN,NaN,NaN,NaN,NaN,NaN,NaN,NaN
1,NaN,NaN,NaN,NaN,NaN,NaN,NaN,NaN
2,NaN,NaN,NaN,NaN,NaN,NaN,NaN,NaN
3,NaN,NaN,NaN,NaN,NaN,NaN,NaN,NaN
4,NaN,NaN,NaN,NaN,NaN,NaN,NaN,NaN
5,NaN,NaN,NaN,NaN,NaN,NaN,NaN,NaN
6,NaN,NaN,NaN,NaN,NaN,NaN,NaN,NaN
7,NaN,NaN,NaN,NaN,NaN,NaN,NaN,NaN
8,NaN,NaN,NaN,NaN,NaN,NaN,NaN,NaN
9,NaN,NaN,NaN,NaN,NaN,NaN,NaN,NaN
10,NaN,NaN,NaN,NaN,NaN,NaN,NaN,NaN
11,NaN,NaN,NaN,NaN,NaN,NaN,NaN,NaN
1,NaN,NaN,NaN,NaN,NaN,NaN,NaN,NaN
2,NaN,NaN,NaN,NaN,NaN,NaN,NaN,NaN
3,NaN,NaN,NaN,NaN,NaN,NaN,NaN,NaN
4,NaN,NaN,NaN,NaN,NaN,NaN,NaN,NaN
5,NaN,NaN,NaN,NaN,NaN,NaN,NaN,NaN
6,NaN,NaN,NaN,NaN,NaN,NaN,NaN,NaN
7,NaN,NaN,NaN,NaN,NaN,NaN,NaN,NaN
8,NaN,NaN,NaN,NaN,NaN,NaN,NaN,NaN
9,NaN,NaN,NaN,NaN,NaN,NaN,NaN,NaN
10,NaN,NaN,NaN,NaN,NaN,NaN,NaN,NaN
11,NaN,NaN,NaN,NaN,NaN,NaN,NaN,NaN
1,NaN,NaN,NaN,NaN,NaN,NaN,NaN,NaN
2,NaN,NaN,NaN,NaN,NaN,NaN,NaN,NaN
3,NaN,NaN,NaN,NaN,NaN,NaN,NaN,NaN
4,NaN,NaN,NaN,NaN,NaN,NaN,NaN,NaN
5,NaN,NaN,NaN,NaN,NaN,NaN,NaN,NaN
6,NaN,NaN,NaN,NaN,NaN,NaN,NaN,NaN
7,NaN,NaN,NaN,NaN,NaN,NaN,NaN,NaN
8,NaN,NaN,NaN,NaN,NaN,NaN,NaN,NaN
9,NaN,NaN,NaN,NaN,NaN,NaN,NaN,NaN
10,NaN,NaN,NaN,NaN,NaN,NaN,NaN,NaN
11,NaN,NaN,NaN,NaN,NaN,NaN,NaN,NaN
1,NaN,NaN,NaN,NaN,NaN,NaN,NaN,NaN
2,NaN,NaN,NaN,NaN,NaN,NaN,NaN,NaN
3,NaN,NaN,NaN,NaN,NaN,NaN,NaN,NaN
4,NaN,NaN,NaN,NaN,NaN,NaN,NaN,NaN
5,NaN,NaN,NaN,NaN,NaN,NaN,NaN,NaN
6,NaN,NaN,NaN,NaN,NaN,NaN,NaN,NaN
7,NaN,NaN,NaN,NaN,NaN,NaN,NaN,NaN
8,NaN,NaN,NaN,NaN,NaN,NaN,NaN,NaN
9,NaN,NaN,NaN,NaN,NaN,NaN,NaN,NaN
10,NaN,NaN,NaN,NaN,NaN,NaN,NaN,NaN
11,NaN,NaN,NaN,NaN,NaN,NaN,NaN,NaN
1,NaN,NaN,NaN,NaN,NaN,NaN,NaN,NaN
2,NaN,NaN,NaN,NaN,NaN,NaN,NaN,NaN
3,NaN,NaN,NaN,NaN,NaN,NaN,NaN,NaN
4,NaN,NaN,NaN,NaN,NaN,NaN,NaN,NaN
5,NaN,NaN,NaN,NaN,NaN,NaN,NaN,NaN
6,NaN,NaN,NaN,NaN,NaN,NaN,NaN,NaN
7,NaN,NaN,NaN,NaN,NaN,NaN,NaN,NaN
8,NaN,NaN,NaN,NaN,NaN,NaN,NaN,NaN
9,NaN,NaN,NaN,NaN,NaN,NaN,NaN,NaN
10,NaN,NaN,NaN,NaN,NaN,NaN,NaN,NaN
11,NaN,NaN,NaN,NaN,NaN,NaN,NaN,NaN
1,NaN,NaN,NaN,NaN,NaN,NaN,NaN,NaN
2,NaN,NaN,NaN,NaN,NaN,NaN,NaN,NaN
3,NaN,NaN,NaN,NaN,NaN,NaN,NaN,NaN
4,NaN,NaN,NaN,NaN,NaN,NaN,NaN,NaN
5,NaN,NaN,NaN,NaN,NaN,NaN,NaN,NaN
6,NaN,NaN,NaN,NaN,NaN,NaN,NaN,NaN
7,NaN,NaN,NaN,NaN,NaN,NaN,NaN,NaN
8,NaN,NaN,NaN,NaN,NaN,NaN,NaN,NaN
9,NaN,NaN,NaN,NaN,NaN,NaN,NaN,NaN
10,NaN,NaN,NaN,NaN,NaN,NaN,NaN,NaN
11,NaN,NaN,NaN,NaN,NaN,NaN,NaN,NaN
1,NaN,NaN,NaN,NaN,NaN,NaN,NaN,NaN
2,NaN,NaN,NaN,NaN,NaN,NaN,NaN,NaN
3,NaN,NaN,NaN,NaN,NaN,NaN,NaN,NaN
4,NaN,NaN,NaN,NaN,NaN,NaN,NaN,NaN
5,NaN,NaN,NaN,NaN,NaN,NaN,NaN,NaN
6,NaN,NaN,NaN,NaN,NaN,NaN,NaN,NaN
7,NaN,NaN,NaN,NaN,NaN,NaN,NaN,NaN
8,NaN,NaN,NaN,NaN,NaN,NaN,NaN,NaN
9,NaN,NaN,NaN,NaN,NaN,NaN,NaN,NaN
10,NaN,NaN,NaN,NaN,NaN,NaN,NaN,NaN
11,NaN,NaN,NaN,NaN,NaN,NaN,NaN,NaN
1,NaN,NaN,NaN,NaN,NaN,NaN,NaN,NaN
2,NaN,NaN,NaN,NaN,NaN,NaN,NaN,NaN
3,NaN,NaN,NaN,NaN,NaN,NaN,NaN,NaN
4,NaN,NaN,NaN,NaN,NaN,NaN,NaN,NaN
5,NaN,NaN,NaN,NaN,NaN,NaN,NaN,NaN
6,NaN,NaN,NaN,NaN,NaN,NaN,NaN,NaN
7,NaN,NaN,NaN,NaN,NaN,NaN,NaN,NaN
8,NaN,NaN,NaN,NaN,NaN,NaN,NaN,NaN
9,NaN,NaN,NaN,NaN,NaN,NaN,NaN,NaN
10,NaN,NaN,NaN,NaN,NaN,NaN,NaN,NaN
11,NaN,NaN,NaN,NaN,NaN,NaN,NaN,NaN
1,NaN,NaN,NaN,NaN,NaN,NaN,NaN,NaN
2,NaN,NaN,NaN,NaN,NaN,NaN,NaN,NaN
3,NaN,NaN,NaN,NaN,NaN,NaN,NaN,NaN
4,NaN,NaN,NaN,NaN,NaN,NaN,NaN,NaN
5,NaN,NaN,NaN,NaN,NaN,NaN,NaN,NaN
6,NaN,NaN,NaN,NaN,NaN,NaN,NaN,NaN
7,NaN,NaN,NaN,NaN,NaN,NaN,NaN,NaN
8,NaN,NaN,NaN,NaN,NaN,NaN,NaN,NaN
9,NaN,NaN,NaN,NaN,NaN,NaN,NaN,NaN
10,NaN,NaN,NaN,NaN,NaN,NaN,NaN,NaN
11,NaN,NaN,NaN,NaN,NaN,NaN,NaN,NaN
1,NaN,NaN,NaN,NaN,NaN,NaN,NaN,NaN
2,NaN,NaN,NaN,NaN,NaN,NaN,NaN,NaN
3,NaN,NaN,NaN,NaN,NaN,NaN,NaN,NaN
4,NaN,NaN,NaN,NaN,NaN,NaN,NaN,NaN
5,NaN,NaN,NaN,NaN,NaN,NaN,NaN,NaN
6,NaN,NaN,NaN,NaN,NaN,NaN,NaN,NaN
7,NaN,NaN,NaN,NaN,NaN,NaN,NaN,NaN
8,NaN,NaN,NaN,NaN,NaN,NaN,NaN,NaN
9,NaN,NaN,NaN,NaN,NaN,NaN,NaN,NaN
10,NaN,NaN,NaN,NaN,NaN,NaN,NaN,NaN
11,NaN,NaN,NaN,NaN,NaN,NaN,NaN,NaN
1,NaN,NaN,NaN,NaN,NaN,NaN,NaN,NaN
2,NaN,NaN,NaN,NaN,NaN,NaN,NaN,NaN
3,NaN,NaN,NaN,NaN,NaN,NaN,NaN,NaN
4,NaN,NaN,NaN,NaN,NaN,NaN,NaN,NaN
5,NaN,NaN,NaN,NaN,NaN,NaN,NaN,NaN
6,NaN,NaN,NaN,NaN,NaN,NaN,NaN,NaN
7,NaN,NaN,NaN,NaN,NaN,NaN,NaN,NaN
8,NaN,NaN,NaN,NaN,NaN,NaN,NaN,NaN
9,NaN,NaN,NaN,NaN,NaN,NaN,NaN,NaN
10,NaN,NaN,NaN,NaN,NaN,NaN,NaN,NaN
11,NaN,NaN,NaN,NaN,NaN,NaN,NaN,NaN
1,NaN,NaN,NaN,NaN,NaN,NaN,NaN,NaN
2,NaN,NaN,NaN,NaN,NaN,NaN,NaN,NaN
3,NaN,NaN,NaN,NaN,NaN,NaN,NaN,NaN
4,NaN,NaN,NaN,NaN,NaN,NaN,NaN,NaN
5,NaN,NaN,NaN,NaN,NaN,NaN,NaN,NaN
6,NaN,NaN,NaN,NaN,NaN,NaN,NaN,NaN
7,NaN,NaN,NaN,NaN,NaN,NaN,NaN,NaN
8,NaN,NaN,NaN,NaN,NaN,NaN,NaN,NaN
9,NaN,NaN,NaN,NaN,NaN,NaN,NaN,NaN
10,NaN,NaN,NaN,NaN,NaN,NaN,NaN,NaN
11,NaN,NaN,NaN,NaN,NaN,NaN,NaN,NaN
1,NaN,NaN,NaN,NaN,NaN,NaN,NaN,NaN
2,NaN,NaN,NaN,NaN,NaN,NaN,NaN,NaN
3,NaN,NaN,NaN,NaN,NaN,NaN,NaN,NaN
4,NaN,NaN,NaN,NaN,NaN,NaN,NaN,NaN
5,NaN,NaN,NaN,NaN,NaN,NaN,NaN,NaN
6,NaN,NaN,NaN,NaN,NaN,NaN,NaN,NaN
7,NaN,NaN,NaN,NaN,NaN,NaN,NaN,NaN
8,NaN,NaN,NaN,NaN,NaN,NaN,NaN,NaN
9,NaN,NaN,NaN,NaN,NaN,NaN,NaN,NaN
10,NaN,NaN,NaN,NaN,NaN,NaN,NaN,NaN
11,NaN,NaN,NaN,NaN,NaN,NaN,NaN,NaN
1,NaN,NaN,NaN,NaN,NaN,NaN,NaN,NaN
2,NaN,NaN,NaN,NaN,NaN,NaN,NaN,NaN
3,NaN,NaN,NaN,NaN,NaN,NaN,NaN,NaN
4,NaN,NaN,NaN,NaN,NaN,NaN,NaN,NaN
5,NaN,NaN,NaN,NaN,NaN,NaN,NaN,NaN
6,NaN,NaN,NaN,NaN,NaN,NaN,NaN,NaN
7,NaN,NaN,NaN,NaN,NaN,NaN,NaN,NaN
8,NaN,NaN,NaN,NaN,NaN,NaN,NaN,NaN
9,NaN,NaN,NaN,NaN,NaN,NaN,NaN,NaN
10,NaN,NaN,NaN,NaN,NaN,NaN,NaN,NaN
11,NaN,NaN,NaN,NaN,NaN,NaN,NaN,NaN
1,NaN,NaN,NaN,NaN,NaN,NaN,NaN,NaN
2,NaN,NaN,NaN,NaN,NaN,NaN,NaN,NaN
3,NaN,NaN,NaN,NaN,NaN,NaN,NaN,NaN
4,NaN,NaN,NaN,NaN,NaN,NaN,NaN,NaN
5,NaN,NaN,NaN,NaN,NaN,NaN,NaN,NaN
6,NaN,NaN,NaN,NaN,NaN,NaN,NaN,NaN
7,NaN,NaN,NaN,NaN,NaN,NaN,NaN,NaN
8,NaN,NaN,NaN,NaN,NaN,NaN,NaN,NaN
9,NaN,NaN,NaN,NaN,NaN,NaN,NaN,NaN
10,NaN,NaN,NaN,NaN,NaN,NaN,NaN,NaN
11,NaN,NaN,NaN,NaN,NaN,NaN,NaN,NaN
1,NaN,NaN,NaN,NaN,NaN,NaN,NaN,NaN
2,NaN,NaN,NaN,NaN,NaN,NaN,NaN,NaN
3,NaN,NaN,NaN,NaN,NaN,NaN,NaN,NaN
4,NaN,NaN,NaN,NaN,NaN,NaN,NaN,NaN
5,NaN,NaN,NaN,NaN,NaN,NaN,NaN,NaN
6,NaN,NaN,NaN,NaN,NaN,NaN,NaN,NaN
7,NaN,NaN,NaN,NaN,NaN,NaN,NaN,NaN
8,NaN,NaN,NaN,NaN,NaN,NaN,NaN,NaN
9,NaN,NaN,NaN,NaN,NaN,NaN,NaN,NaN
10,NaN,NaN,NaN,NaN,NaN,NaN,NaN,NaN
11,NaN,NaN,NaN,NaN,NaN,NaN,NaN,NaN
1,NaN,NaN,NaN,NaN,NaN,NaN,NaN,NaN
2,NaN,NaN,NaN,NaN,NaN,NaN,NaN,NaN
3,NaN,NaN,NaN,NaN,NaN,NaN,NaN,NaN
4,NaN,NaN,NaN,NaN,NaN,NaN,NaN,NaN
5,NaN,NaN,NaN,NaN,NaN,NaN,NaN,NaN
6,NaN,NaN,NaN,NaN,NaN,NaN,NaN,NaN
7,NaN,NaN,NaN,NaN,NaN,NaN,NaN,NaN
8,NaN,NaN,NaN,NaN,NaN,NaN,NaN,NaN
9,NaN,NaN,NaN,NaN,NaN,NaN,NaN,NaN
10,NaN,NaN,NaN,NaN,NaN,NaN,NaN,NaN
11,NaN,NaN,NaN,NaN,NaN,NaN,NaN,NaN
1,NaN,NaN,NaN,NaN,NaN,NaN,NaN,NaN
2,NaN,NaN,NaN,NaN,NaN,NaN,NaN,NaN
3,NaN,NaN,NaN,NaN,NaN,NaN,NaN,NaN
4,NaN,NaN,NaN,NaN,NaN,NaN,NaN,NaN
5,NaN,NaN,NaN,NaN,NaN,NaN,NaN,NaN
6,NaN,NaN,NaN,NaN,NaN,NaN,NaN,NaN
7,NaN,NaN,NaN,NaN,NaN,NaN,NaN,NaN
8,NaN,NaN,NaN,NaN,NaN,NaN,NaN,NaN
9,NaN,NaN,NaN,NaN,NaN,NaN,NaN,NaN
10,NaN,NaN,NaN,NaN,NaN,NaN,NaN,NaN
11,NaN,NaN,NaN,NaN,NaN,NaN,NaN,NaN
1,NaN,NaN,NaN,NaN,NaN,NaN,NaN,NaN
2,NaN,NaN,NaN,NaN,NaN,NaN,NaN,NaN
3,NaN,NaN,NaN,NaN,NaN,NaN,NaN,NaN
4,NaN,NaN,NaN,NaN,NaN,NaN,NaN,NaN
5,NaN,NaN,NaN,NaN,NaN,NaN,NaN,NaN
6,NaN,NaN,NaN,NaN,NaN,NaN,NaN,NaN
7,NaN,NaN,NaN,NaN,NaN,NaN,NaN,NaN
8,NaN,NaN,NaN,NaN,NaN,NaN,NaN,NaN
9,NaN,NaN,NaN,NaN,NaN,NaN,NaN,NaN
10,NaN,NaN,NaN,NaN,NaN,NaN,NaN,NaN
11,NaN,NaN,NaN,NaN,NaN,NaN,NaN,NaN
1,NaN,NaN,NaN,NaN,NaN,NaN,NaN,NaN
2,NaN,NaN,NaN,NaN,NaN,NaN,NaN,NaN
3,NaN,NaN,NaN,NaN,NaN,NaN,NaN,NaN
4,NaN,NaN,NaN,NaN,NaN,NaN,NaN,NaN
5,NaN,NaN,NaN,NaN,NaN,NaN,NaN,NaN
6,NaN,NaN,NaN,NaN,NaN,NaN,NaN,NaN
7,NaN,NaN,NaN,NaN,NaN,NaN,NaN,NaN
8,NaN,NaN,NaN,NaN,NaN,NaN,NaN,NaN
9,NaN,NaN,NaN,NaN,NaN,NaN,NaN,NaN
10,NaN,NaN,NaN,NaN,NaN,NaN,NaN,NaN
11,NaN,NaN,NaN,NaN,NaN,NaN,NaN,NaN
1,NaN,NaN,NaN,NaN,NaN,NaN,NaN,NaN
2,NaN,NaN,NaN,NaN,NaN,NaN,NaN,NaN
3,NaN,NaN,NaN,NaN,NaN,NaN,NaN,NaN
4,NaN,NaN,NaN,NaN,NaN,NaN,NaN,NaN
5,NaN,NaN,NaN,NaN,NaN,NaN,NaN,NaN
6,NaN,NaN,NaN,NaN,NaN,NaN,NaN,NaN
7,NaN,NaN,NaN,NaN,NaN,NaN,NaN,NaN
8,NaN,NaN,NaN,NaN,NaN,NaN,NaN,NaN
9,NaN,NaN,NaN,NaN,NaN,NaN,NaN,NaN
10,NaN,NaN,NaN,NaN,NaN,NaN,NaN,NaN
11,NaN,NaN,NaN,NaN,NaN,NaN,NaN,NaN
1,NaN,NaN,NaN,NaN,NaN,NaN,NaN,NaN
2,NaN,NaN,NaN,NaN,NaN,NaN,NaN,NaN
3,NaN,NaN,NaN,NaN,NaN,NaN,NaN,NaN
4,NaN,NaN,NaN,NaN,NaN,NaN,NaN,NaN
5,NaN,NaN,NaN,NaN,NaN,NaN,NaN,NaN
6,NaN,NaN,NaN,NaN,NaN,NaN,NaN,NaN
7,NaN,NaN,NaN,NaN,NaN,NaN,NaN,NaN
8,NaN,NaN,NaN,NaN,NaN,NaN,NaN,NaN
9,NaN,NaN,NaN,NaN,NaN,NaN,NaN,NaN
10,NaN,NaN,NaN,NaN,NaN,NaN,NaN,NaN
11,NaN,NaN,NaN,NaN,NaN,NaN,NaN,NaN
1,NaN,NaN,NaN,NaN,NaN,NaN,NaN,NaN
2,NaN,NaN,NaN,NaN,NaN,NaN,NaN,NaN
3,NaN,NaN,NaN,NaN,NaN,NaN,NaN,NaN
4,NaN,NaN,NaN,NaN,NaN,NaN,NaN,NaN
5,NaN,NaN,NaN,NaN,NaN,NaN,NaN,NaN
6,NaN,NaN,NaN,NaN,NaN,NaN,NaN,NaN
7,NaN,NaN,NaN,NaN,NaN,NaN,NaN,NaN
8,NaN,NaN,NaN,NaN,NaN,NaN,NaN,NaN
9,NaN,NaN,NaN,NaN,NaN,NaN,NaN,NaN
10,NaN,NaN,NaN,NaN,NaN,NaN,NaN,NaN
11,NaN,NaN,NaN,NaN,NaN,NaN,NaN,NaN
1,NaN,NaN,NaN,NaN,NaN,NaN,NaN,NaN
2,NaN,NaN,NaN,NaN,NaN,NaN,NaN,NaN
3,NaN,NaN,NaN,NaN,NaN,NaN,NaN,NaN
4,NaN,NaN,NaN,NaN,NaN,NaN,NaN,NaN
5,NaN,NaN,NaN,NaN,NaN,NaN,NaN,NaN
6,NaN,NaN,NaN,NaN,NaN,NaN,NaN,NaN
7,NaN,NaN,NaN,NaN,NaN,NaN,NaN,NaN
8,NaN,NaN,NaN,NaN,NaN,NaN,NaN,NaN
9,NaN,NaN,NaN,NaN,NaN,NaN,NaN,NaN
10,NaN,NaN,NaN,NaN,NaN,NaN,NaN,NaN
11,NaN,NaN,NaN,NaN,NaN,NaN,NaN,NaN
1,NaN,NaN,NaN,NaN,NaN,NaN,NaN,NaN
2,NaN,NaN,NaN,NaN,NaN,NaN,NaN,NaN
3,NaN,NaN,NaN,NaN,NaN,NaN,NaN,NaN
4,NaN,NaN,NaN,NaN,NaN,NaN,NaN,NaN
5,NaN,NaN,NaN,NaN,NaN,NaN,NaN,NaN
6,NaN,NaN,NaN,NaN,NaN,NaN,NaN,NaN
7,NaN,NaN,NaN,NaN,NaN,NaN,NaN,NaN
8,NaN,NaN,NaN,NaN,NaN,NaN,NaN,NaN
9,NaN,NaN,NaN,NaN,NaN,NaN,NaN,NaN
10,NaN,NaN,NaN,NaN,NaN,NaN,NaN,NaN
11,NaN,NaN,NaN,NaN,NaN,NaN,NaN,NaN
1,NaN,NaN,NaN,NaN,NaN,NaN,NaN,NaN
2,NaN,NaN,NaN,NaN,NaN,NaN,NaN,NaN
3,NaN,NaN,NaN,NaN,NaN,NaN,NaN,NaN
4,NaN,NaN,NaN,NaN,NaN,NaN,NaN,NaN
5,NaN,NaN,NaN,NaN,NaN,NaN,NaN,NaN
6,NaN,NaN,NaN,NaN,NaN,NaN,NaN,NaN
7,NaN,NaN,NaN,NaN,NaN,NaN,NaN,NaN
8,NaN,NaN,NaN,NaN,NaN,NaN,NaN,NaN
9,NaN,NaN,NaN,NaN,NaN,NaN,NaN,NaN
10,NaN,NaN,NaN,NaN,NaN,NaN,NaN,NaN
11,NaN,NaN,NaN,NaN,NaN,NaN,NaN,NaN
1,NaN,NaN,NaN,NaN,NaN,NaN,NaN,NaN
2,NaN,NaN,NaN,NaN,NaN,NaN,NaN,NaN
3,NaN,NaN,NaN,NaN,NaN,NaN,NaN,NaN
4,NaN,NaN,NaN,NaN,NaN,NaN,NaN,NaN
5,NaN,NaN,NaN,NaN,NaN,NaN,NaN,NaN
6,NaN,NaN,NaN,NaN,NaN,NaN,NaN,NaN
7,NaN,NaN,NaN,NaN,NaN,NaN,NaN,NaN
8,NaN,NaN,NaN,NaN,NaN,NaN,NaN,NaN
9,NaN,NaN,NaN,NaN,NaN,NaN,NaN,NaN
10,NaN,NaN,NaN,NaN,NaN,NaN,NaN,NaN
11,NaN,NaN,NaN,NaN,NaN,NaN,NaN,NaN
1,NaN,NaN,NaN,NaN,NaN,NaN,NaN,NaN
2,NaN,NaN,NaN,NaN,NaN,NaN,NaN,NaN
3,NaN,NaN,NaN,NaN,NaN,NaN,NaN,NaN
4,NaN,NaN,NaN,NaN,NaN,NaN,NaN,NaN
5,NaN,NaN,NaN,NaN,NaN,NaN,NaN,NaN
6,NaN,NaN,NaN,NaN,NaN,NaN,NaN,NaN
7,NaN,NaN,NaN,NaN,NaN,NaN,NaN,NaN
8,NaN,NaN,NaN,NaN,NaN,NaN,NaN,NaN
9,NaN,NaN,NaN,NaN,NaN,NaN,NaN,NaN
10,NaN,NaN,NaN,NaN,NaN,NaN,NaN,NaN
11,NaN,NaN,NaN,NaN,NaN,NaN,NaN,NaN
1,NaN,NaN,NaN,NaN,NaN,NaN,NaN,NaN
2,NaN,NaN,NaN,NaN,NaN,NaN,NaN,NaN
3,NaN,NaN,NaN,NaN,NaN,NaN,NaN,NaN
4,NaN,NaN,NaN,NaN,NaN,NaN,NaN,NaN
5,NaN,NaN,NaN,NaN,NaN,NaN,NaN,NaN
6,NaN,NaN,NaN,NaN,NaN,NaN,NaN,NaN
7,NaN,NaN,NaN,NaN,NaN,NaN,NaN,NaN
8,NaN,NaN,NaN,NaN,NaN,NaN,NaN,NaN
9,NaN,NaN,NaN,NaN,NaN,NaN,NaN,NaN
10,NaN,NaN,NaN,NaN,NaN,NaN,NaN,NaN
11,NaN,NaN,NaN,NaN,NaN,NaN,NaN,NaN
1,NaN,NaN,NaN,NaN,NaN,NaN,NaN,NaN
2,NaN,NaN,NaN,NaN,NaN,NaN,NaN,NaN
3,NaN,NaN,NaN,NaN,NaN,NaN,NaN,NaN
4,NaN,NaN,NaN,NaN,NaN,NaN,NaN,NaN
5,NaN,NaN,NaN,NaN,NaN,NaN,NaN,NaN
6,NaN,NaN,NaN,NaN,NaN,NaN,NaN,NaN
7,NaN,NaN,NaN,NaN,NaN,NaN,NaN,NaN
8,NaN,NaN,NaN,NaN,NaN,NaN,NaN,NaN
9,NaN,NaN,NaN,NaN,NaN,NaN,NaN,NaN
10,NaN,NaN,NaN,NaN,NaN,NaN,NaN,NaN
11,NaN,NaN,NaN,NaN,NaN,NaN,NaN,NaN
1,NaN,NaN,NaN,NaN,NaN,NaN,NaN,NaN
2,NaN,NaN,NaN,NaN,NaN,NaN,NaN,NaN
3,NaN,NaN,NaN,NaN,NaN,NaN,NaN,NaN
4,NaN,NaN,NaN,NaN,NaN,NaN,NaN,NaN
5,NaN,NaN,NaN,NaN,NaN,NaN,NaN,NaN
6,NaN,NaN,NaN,NaN,NaN,NaN,NaN,NaN
7,NaN,NaN,NaN,NaN,NaN,NaN,NaN,NaN
8,NaN,NaN,NaN,NaN,NaN,NaN,NaN,NaN
9,NaN,NaN,NaN,NaN,NaN,NaN,NaN,NaN
10,NaN,NaN,NaN,NaN,NaN,NaN,NaN,NaN
11,NaN,NaN,NaN,NaN,NaN,NaN,NaN,NaN
1,NaN,NaN,NaN,NaN,NaN,NaN,NaN,NaN
2,NaN,NaN,NaN,NaN,NaN,NaN,NaN,NaN
3,NaN,NaN,NaN,NaN,NaN,NaN,NaN,NaN
4,NaN,NaN,NaN,NaN,NaN,NaN,NaN,NaN
5,NaN,NaN,NaN,NaN,NaN,NaN,NaN,NaN
6,NaN,NaN,NaN,NaN,NaN,NaN,NaN,NaN
7,NaN,NaN,NaN,NaN,NaN,NaN,NaN,NaN
8,NaN,NaN,NaN,NaN,NaN,NaN,NaN,NaN
9,NaN,NaN,NaN,NaN,NaN,NaN,NaN,NaN
10,NaN,NaN,NaN,NaN,NaN,NaN,NaN,NaN
11,NaN,NaN,NaN,NaN,NaN,NaN,NaN,NaN
1,NaN,NaN,NaN,NaN,NaN,NaN,NaN,NaN
2,NaN,NaN,NaN,NaN,NaN,NaN,NaN,NaN
3,NaN,NaN,NaN,NaN,NaN,NaN,NaN,NaN
4,NaN,NaN,NaN,NaN,NaN,NaN,NaN,NaN
5,NaN,NaN,NaN,NaN,NaN,NaN,NaN,NaN
6,NaN,NaN,NaN,NaN,NaN,NaN,NaN,NaN
7,NaN,NaN,NaN,NaN,NaN,NaN,NaN,NaN
8,NaN,NaN,NaN,NaN,NaN,NaN,NaN,NaN
9,NaN,NaN,NaN,NaN,NaN,NaN,NaN,NaN
10,NaN,NaN,NaN,NaN,NaN,NaN,NaN,NaN
11,NaN,NaN,NaN,NaN,NaN,NaN,NaN,NaN
1,NaN,NaN,NaN,NaN,NaN,NaN,NaN,NaN
2,NaN,NaN,NaN,NaN,NaN,NaN,NaN,NaN
3,NaN,NaN,NaN,NaN,NaN,NaN,NaN,NaN
4,NaN,NaN,NaN,NaN,NaN,NaN,NaN,NaN
5,NaN,NaN,NaN,NaN,NaN,NaN,NaN,NaN
6,NaN,NaN,NaN,NaN,NaN,NaN,NaN,NaN
7,NaN,NaN,NaN,NaN,NaN,NaN,NaN,NaN
8,NaN,NaN,NaN,NaN,NaN,NaN,NaN,NaN
9,NaN,NaN,NaN,NaN,NaN,NaN,NaN,NaN
10,NaN,NaN,NaN,NaN,NaN,NaN,NaN,NaN
11,NaN,NaN,NaN,NaN,NaN,NaN,NaN,NaN
1,NaN,NaN,NaN,NaN,NaN,NaN,NaN,NaN
2,NaN,NaN,NaN,NaN,NaN,NaN,NaN,NaN
3,NaN,NaN,NaN,NaN,NaN,NaN,NaN,NaN
4,NaN,NaN,NaN,NaN,NaN,NaN,NaN,NaN
5,NaN,NaN,NaN,NaN,NaN,NaN,NaN,NaN
6,NaN,NaN,NaN,NaN,NaN,NaN,NaN,NaN
7,NaN,NaN,NaN,NaN,NaN,NaN,NaN,NaN
8,NaN,NaN,NaN,NaN,NaN,NaN,NaN,NaN
9,NaN,NaN,NaN,NaN,NaN,NaN,NaN,NaN
10,NaN,NaN,NaN,NaN,NaN,NaN,NaN,NaN
11,NaN,NaN,NaN,NaN,NaN,NaN,NaN,NaN
1,NaN,NaN,NaN,NaN,NaN,NaN,NaN,NaN
2,NaN,NaN,NaN,NaN,NaN,NaN,NaN,NaN
3,NaN,NaN,NaN,NaN,NaN,NaN,NaN,NaN
4,NaN,NaN,NaN,NaN,NaN,NaN,NaN,NaN
5,NaN,NaN,NaN,NaN,NaN,NaN,NaN,NaN
6,NaN,NaN,NaN,NaN,NaN,NaN,NaN,NaN
7,NaN,NaN,NaN,NaN,NaN,NaN,NaN,NaN
8,NaN,NaN,NaN,NaN,NaN,NaN,NaN,NaN
9,NaN,NaN,NaN,NaN,NaN,NaN,NaN,NaN
10,NaN,NaN,NaN,NaN,NaN,NaN,NaN,NaN
11,NaN,NaN,NaN,NaN,NaN,NaN,NaN,NaN
1,NaN,NaN,NaN,NaN,NaN,NaN,NaN,NaN
2,NaN,NaN,NaN,NaN,NaN,NaN,NaN,NaN
3,NaN,NaN,NaN,NaN,NaN,NaN,NaN,NaN
4,NaN,NaN,NaN,NaN,NaN,NaN,NaN,NaN
5,NaN,NaN,NaN,NaN,NaN,NaN,NaN,NaN
6,NaN,NaN,NaN,NaN,NaN,NaN,NaN,NaN
7,NaN,NaN,NaN,NaN,NaN,NaN,NaN,NaN
8,NaN,NaN,NaN,NaN,NaN,NaN,NaN,NaN
9,NaN,NaN,NaN,NaN,NaN,NaN,NaN,NaN
10,NaN,NaN,NaN,NaN,NaN,NaN,NaN,NaN
11,NaN,NaN,NaN,NaN,NaN,NaN,NaN,NaN
1,NaN,NaN,NaN,NaN,NaN,NaN,NaN,NaN
2,NaN,NaN,NaN,NaN,NaN,NaN,NaN,NaN
3,NaN,NaN,NaN,NaN,NaN,NaN,NaN,NaN
4,NaN,NaN,NaN,NaN,NaN,NaN,NaN,NaN
5,NaN,NaN,NaN,NaN,NaN,NaN,NaN,NaN
6,NaN,NaN,NaN,NaN,NaN,NaN,NaN,NaN
7,NaN,NaN,NaN,NaN,NaN,NaN,NaN,NaN
8,NaN,NaN,NaN,NaN,NaN,NaN,NaN,NaN
9,NaN,NaN,NaN,NaN,NaN,NaN,NaN,NaN
10,NaN,NaN,NaN,NaN,NaN,NaN,NaN,NaN
11,NaN,NaN,NaN,NaN,NaN,NaN,NaN,NaN
1,NaN,NaN,NaN,NaN,NaN,NaN,NaN,NaN
2,NaN,NaN,NaN,NaN,NaN,NaN,NaN,NaN
3,NaN,NaN,NaN,NaN,NaN,NaN,NaN,NaN
4,NaN,NaN,NaN,NaN,NaN,NaN,NaN,NaN
5,NaN,NaN,NaN,NaN,NaN,NaN,NaN,NaN
6,NaN,NaN,NaN,NaN,NaN,NaN,NaN,NaN
7,NaN,NaN,NaN,NaN,NaN,NaN,NaN,NaN
8,NaN,NaN,NaN,NaN,NaN,NaN,NaN,NaN
9,NaN,NaN,NaN,NaN,NaN,NaN,NaN,NaN
10,NaN,NaN,NaN,NaN,NaN,NaN,NaN,NaN
11,NaN,NaN,NaN,NaN,NaN,NaN,NaN,NaN
1,NaN,NaN,NaN,NaN,NaN,NaN,NaN,NaN
2,NaN,NaN,NaN,NaN,NaN,NaN,NaN,NaN
3,NaN,NaN,NaN,NaN,NaN,NaN,NaN,NaN
4,NaN,NaN,NaN,NaN,NaN,NaN,NaN,NaN
5,NaN,NaN,NaN,NaN,NaN,NaN,NaN,NaN
6,NaN,NaN,NaN,NaN,NaN,NaN,NaN,NaN
7,NaN,NaN,NaN,NaN,NaN,NaN,NaN,NaN
8,NaN,NaN,NaN,NaN,NaN,NaN,NaN,NaN
9,NaN,NaN,NaN,NaN,NaN,NaN,NaN,NaN
10,NaN,NaN,NaN,NaN,NaN,NaN,NaN,NaN
11,NaN,NaN,NaN,NaN,NaN,NaN,NaN,NaN
1,NaN,NaN,NaN,NaN,NaN,NaN,NaN,NaN
2,NaN,NaN,NaN,NaN,NaN,NaN,NaN,NaN
3,NaN,NaN,NaN,NaN,NaN,NaN,NaN,NaN
4,NaN,NaN,NaN,NaN,NaN,NaN,NaN,NaN
5,NaN,NaN,NaN,NaN,NaN,NaN,NaN,NaN
6,NaN,NaN,NaN,NaN,NaN,NaN,NaN,NaN
7,NaN,NaN,NaN,NaN,NaN,NaN,NaN,NaN
8,NaN,NaN,NaN,NaN,NaN,NaN,NaN,NaN
9,NaN,NaN,NaN,NaN,NaN,NaN,NaN,NaN
10,NaN,NaN,NaN,NaN,NaN,NaN,NaN,NaN
11,NaN,NaN,NaN,NaN,NaN,NaN,NaN,NaN
1,NaN,NaN,NaN,NaN,NaN,NaN,NaN,NaN
2,NaN,NaN,NaN,NaN,NaN,NaN,NaN,NaN
3,NaN,NaN,NaN,NaN,NaN,NaN,NaN,NaN
4,NaN,NaN,NaN,NaN,NaN,NaN,NaN,NaN
5,NaN,NaN,NaN,NaN,NaN,NaN,NaN,NaN
6,NaN,NaN,NaN,NaN,NaN,NaN,NaN,NaN
7,NaN,NaN,NaN,NaN,NaN,NaN,NaN,NaN
8,NaN,NaN,NaN,NaN,NaN,NaN,NaN,NaN
9,NaN,NaN,NaN,NaN,NaN,NaN,NaN,NaN
10,NaN,NaN,NaN,NaN,NaN,NaN,NaN,NaN
11,NaN,NaN,NaN,NaN,NaN,NaN,NaN,NaN
1,NaN,NaN,NaN,NaN,NaN,NaN,NaN,NaN
2,NaN,NaN,NaN,NaN,NaN,NaN,NaN,NaN
3,NaN,NaN,NaN,NaN,NaN,NaN,NaN,NaN
4,NaN,NaN,NaN,NaN,NaN,NaN,NaN,NaN
5,NaN,NaN,NaN,NaN,NaN,NaN,NaN,NaN
6,NaN,NaN,NaN,NaN,NaN,NaN,NaN,NaN
7,NaN,NaN,NaN,NaN,NaN,NaN,NaN,NaN
8,NaN,NaN,NaN,NaN,NaN,NaN,NaN,NaN
9,NaN,NaN,NaN,NaN,NaN,NaN,NaN,NaN
10,NaN,NaN,NaN,NaN,NaN,NaN,NaN,NaN
11,NaN,NaN,NaN,NaN,NaN,NaN,NaN,NaN
1,NaN,NaN,NaN,NaN,NaN,NaN,NaN,NaN
2,NaN,NaN,NaN,NaN,NaN,NaN,NaN,NaN
3,NaN,NaN,NaN,NaN,NaN,NaN,NaN,NaN
4,NaN,NaN,NaN,NaN,NaN,NaN,NaN,NaN
5,NaN,NaN,NaN,NaN,NaN,NaN,NaN,NaN
6,NaN,NaN,NaN,NaN,NaN,NaN,NaN,NaN
7,NaN,NaN,NaN,NaN,NaN,NaN,NaN,NaN
8,NaN,NaN,NaN,NaN,NaN,NaN,NaN,NaN
9,NaN,NaN,NaN,NaN,NaN,NaN,NaN,NaN
10,NaN,NaN,NaN,NaN,NaN,NaN,NaN,NaN
11,NaN,NaN,NaN,NaN,NaN,NaN,NaN,NaN
1,NaN,NaN,NaN,NaN,NaN,NaN,NaN,NaN
2,NaN,NaN,NaN,NaN,NaN,NaN,NaN,NaN
3,NaN,NaN,NaN,NaN,NaN,NaN,NaN,NaN
4,NaN,NaN,NaN,NaN,NaN,NaN,NaN,NaN
5,NaN,NaN,NaN,NaN,NaN,NaN,NaN,NaN
6,NaN,NaN,NaN,NaN,NaN,NaN,NaN,NaN
7,NaN,NaN,NaN,NaN,NaN,NaN,NaN,NaN
8,NaN,NaN,NaN,NaN,NaN,NaN,NaN,NaN
9,NaN,NaN,NaN,NaN,NaN,NaN,NaN,NaN
10,NaN,NaN,NaN,NaN,NaN,NaN,NaN,NaN
11,NaN,NaN,NaN,NaN,NaN,NaN,NaN,NaN
1,NaN,NaN,NaN,NaN,NaN,NaN,NaN,NaN
2,NaN,NaN,NaN,NaN,NaN,NaN,NaN,NaN
3,NaN,NaN,NaN,NaN,NaN,NaN,NaN,NaN
4,NaN,NaN,NaN,NaN,NaN,NaN,NaN,NaN
5,NaN,NaN,NaN,NaN,NaN,NaN,NaN,NaN
6,NaN,NaN,NaN,NaN,NaN,NaN,NaN,NaN
7,NaN,NaN,NaN,NaN,NaN,NaN,NaN,NaN
8,NaN,NaN,NaN,NaN,NaN,NaN,NaN,NaN
9,NaN,NaN,NaN,NaN,NaN,NaN,NaN,NaN
10,NaN,NaN,NaN,NaN,NaN,NaN,NaN,NaN
11,NaN,NaN,NaN,NaN,NaN,NaN,NaN,NaN
1,NaN,NaN,NaN,NaN,NaN,NaN,NaN,NaN
2,NaN,NaN,NaN,NaN,NaN,NaN,NaN,NaN
3,NaN,NaN,NaN,NaN,NaN,NaN,NaN,NaN
4,NaN,NaN,NaN,NaN,NaN,NaN,NaN,NaN
5,NaN,NaN,NaN,NaN,NaN,NaN,NaN,NaN
6,NaN,NaN,NaN,NaN,NaN,NaN,NaN,NaN
7,NaN,NaN,NaN,NaN,NaN,NaN,NaN,NaN
8,NaN,NaN,NaN,NaN,NaN,NaN,NaN,NaN
9,NaN,NaN,NaN,NaN,NaN,NaN,NaN,NaN
10,NaN,NaN,NaN,NaN,NaN,NaN,NaN,NaN
11,NaN,NaN,NaN,NaN,NaN,NaN,NaN,NaN
1,NaN,NaN,NaN,NaN,NaN,NaN,NaN,NaN
2,NaN,NaN,NaN,NaN,NaN,NaN,NaN,NaN
3,NaN,NaN,NaN,NaN,NaN,NaN,NaN,NaN
4,NaN,NaN,NaN,NaN,NaN,NaN,NaN,NaN
5,NaN,NaN,NaN,NaN,NaN,NaN,NaN,NaN
6,NaN,NaN,NaN,NaN,NaN,NaN,NaN,NaN
7,NaN,NaN,NaN,NaN,NaN,NaN,NaN,NaN
8,NaN,NaN,NaN,NaN,NaN,NaN,NaN,NaN
9,NaN,NaN,NaN,NaN,NaN,NaN,NaN,NaN
10,NaN,NaN,NaN,NaN,NaN,NaN,NaN,NaN
11,NaN,NaN,NaN,NaN,NaN,NaN,NaN,NaN
1,NaN,NaN,NaN,NaN,NaN,NaN,NaN,NaN
2,NaN,NaN,NaN,NaN,NaN,NaN,NaN,NaN
3,NaN,NaN,NaN,NaN,NaN,NaN,NaN,NaN
4,NaN,NaN,NaN,NaN,NaN,NaN,NaN,NaN
5,NaN,NaN,NaN,NaN,NaN,NaN,NaN,NaN
6,NaN,NaN,NaN,NaN,NaN,NaN,NaN,NaN
7,NaN,NaN,NaN,NaN,NaN,NaN,NaN,NaN
8,NaN,NaN,NaN,NaN,NaN,NaN,NaN,NaN
9,NaN,NaN,NaN,NaN,NaN,NaN,NaN,NaN
10,NaN,NaN,NaN,NaN,NaN,NaN,NaN,NaN
11,NaN,NaN,NaN,NaN,NaN,NaN,NaN,NaN
1,NaN,NaN,NaN,NaN,NaN,NaN,NaN,NaN
2,NaN,NaN,NaN,NaN,NaN,NaN,NaN,NaN
3,NaN,NaN,NaN,NaN,NaN,NaN,NaN,NaN
4,NaN,NaN,NaN,NaN,NaN,NaN,NaN,NaN
5,NaN,NaN,NaN,NaN,NaN,NaN,NaN,NaN
6,NaN,NaN,NaN,NaN,NaN,NaN,NaN,NaN
7,NaN,NaN,NaN,NaN,NaN,NaN,NaN,NaN
8,NaN,NaN,NaN,NaN,NaN,NaN,NaN,NaN
9,NaN,NaN,NaN,NaN,NaN,NaN,NaN,NaN
10,NaN,NaN,NaN,NaN,NaN,NaN,NaN,NaN
11,NaN,NaN,NaN,NaN,NaN,NaN,NaN,NaN
1,NaN,NaN,NaN,NaN,NaN,NaN,NaN,NaN
2,NaN,NaN,NaN,NaN,NaN,NaN,NaN,NaN
3,NaN,NaN,NaN,NaN,NaN,NaN,NaN,NaN
4,NaN,NaN,NaN,NaN,NaN,NaN,NaN,NaN
5,NaN,NaN,NaN,NaN,NaN,NaN,NaN,NaN
6,NaN,NaN,NaN,NaN,NaN,NaN,NaN,NaN
7,NaN,NaN,NaN,NaN,NaN,NaN,NaN,NaN
8,NaN,NaN,NaN,NaN,NaN,NaN,NaN,NaN
9,NaN,NaN,NaN,NaN,NaN,NaN,NaN,NaN
10,NaN,NaN,NaN,NaN,NaN,NaN,NaN,NaN
11,NaN,NaN,NaN,NaN,NaN,NaN,NaN,NaN
1,NaN,NaN,NaN,NaN,NaN,NaN,NaN,NaN
2,NaN,NaN,NaN,NaN,NaN,NaN,NaN,NaN
3,NaN,NaN,NaN,NaN,NaN,NaN,NaN,NaN
4,NaN,NaN,NaN,NaN,NaN,NaN,NaN,NaN
5,NaN,NaN,NaN,NaN,NaN,NaN,NaN,NaN
6,NaN,NaN,NaN,NaN,NaN,NaN,NaN,NaN
7,NaN,NaN,NaN,NaN,NaN,NaN,NaN,NaN
8,NaN,NaN,NaN,NaN,NaN,NaN,NaN,NaN
9,NaN,NaN,NaN,NaN,NaN,NaN,NaN,NaN
10,NaN,NaN,NaN,NaN,NaN,NaN,NaN,NaN
11,NaN,NaN,NaN,NaN,NaN,NaN,NaN,NaN
1,NaN,NaN,NaN,NaN,NaN,NaN,NaN,NaN
2,NaN,NaN,NaN,NaN,NaN,NaN,NaN,NaN
3,NaN,NaN,NaN,NaN,NaN,NaN,NaN,NaN
4,NaN,NaN,NaN,NaN,NaN,NaN,NaN,NaN
5,NaN,NaN,NaN,NaN,NaN,NaN,NaN,NaN
6,NaN,NaN,NaN,NaN,NaN,NaN,NaN,NaN
7,NaN,NaN,NaN,NaN,NaN,NaN,NaN,NaN
8,NaN,NaN,NaN,NaN,NaN,NaN,NaN,NaN
9,NaN,NaN,NaN,NaN,NaN,NaN,NaN,NaN
10,NaN,NaN,NaN,NaN,NaN,NaN,NaN,NaN
11,NaN,NaN,NaN,NaN,NaN,NaN,NaN,NaN
1,NaN,NaN,NaN,NaN,NaN,NaN,NaN,NaN
2,NaN,NaN,NaN,NaN,NaN,NaN,NaN,NaN
3,NaN,NaN,NaN,NaN,NaN,NaN,NaN,NaN
4,NaN,NaN,NaN,NaN,NaN,NaN,NaN,NaN
5,NaN,NaN,NaN,NaN,NaN,NaN,NaN,NaN
6,NaN,NaN,NaN,NaN,NaN,NaN,NaN,NaN
7,NaN,NaN,NaN,NaN,NaN,NaN,NaN,NaN
8,NaN,NaN,NaN,NaN,NaN,NaN,NaN,NaN
9,NaN,NaN,NaN,NaN,NaN,NaN,NaN,NaN
10,NaN,NaN,NaN,NaN,NaN,NaN,NaN,NaN
11,NaN,NaN,NaN,NaN,NaN,NaN,NaN,NaN
1,NaN,NaN,NaN,NaN,NaN,NaN,NaN,NaN
2,NaN,NaN,NaN,NaN,NaN,NaN,NaN,NaN
3,NaN,NaN,NaN,NaN,NaN,NaN,NaN,NaN
4,NaN,NaN,NaN,NaN,NaN,NaN,NaN,NaN
5,NaN,NaN,NaN,NaN,NaN,NaN,NaN,NaN
6,NaN,NaN,NaN,NaN,NaN,NaN,NaN,NaN
7,NaN,NaN,NaN,NaN,NaN,NaN,NaN,NaN
8,NaN,NaN,NaN,NaN,NaN,NaN,NaN,NaN
9,NaN,NaN,NaN,NaN,NaN,NaN,NaN,NaN
10,NaN,NaN,NaN,NaN,NaN,NaN,NaN,NaN
11,NaN,NaN,NaN,NaN,NaN,NaN,NaN,NaN
1,NaN,NaN,NaN,NaN,NaN,NaN,NaN,NaN
2,NaN,NaN,NaN,NaN,NaN,NaN,NaN,NaN
3,NaN,NaN,NaN,NaN,NaN,NaN,NaN,NaN
4,NaN,NaN,NaN,NaN,NaN,NaN,NaN,NaN
5,NaN,NaN,NaN,NaN,NaN,NaN,NaN,NaN
6,NaN,NaN,NaN,NaN,NaN,NaN,NaN,NaN
7,NaN,NaN,NaN,NaN,NaN,NaN,NaN,NaN
8,NaN,NaN,NaN,NaN,NaN,NaN,NaN,NaN
9,NaN,NaN,NaN,NaN,NaN,NaN,NaN,NaN
10,NaN,NaN,NaN,NaN,NaN,NaN,NaN,NaN
11,NaN,NaN,NaN,NaN,NaN,NaN,NaN,NaN
1,NaN,NaN,NaN,NaN,NaN,NaN,NaN,NaN
2,NaN,NaN,NaN,NaN,NaN,NaN,NaN,NaN
3,NaN,NaN,NaN,NaN,NaN,NaN,NaN,NaN
4,NaN,NaN,NaN,NaN,NaN,NaN,NaN,NaN
5,NaN,NaN,NaN,NaN,NaN,NaN,NaN,NaN
6,NaN,NaN,NaN,NaN,NaN,NaN,NaN,NaN
7,NaN,NaN,NaN,NaN,NaN,NaN,NaN,NaN
8,NaN,NaN,NaN,NaN,NaN,NaN,NaN,NaN
9,NaN,NaN,NaN,NaN,NaN,NaN,NaN,NaN
10,NaN,NaN,NaN,NaN,NaN,NaN,NaN,NaN
11,NaN,NaN,NaN,NaN,NaN,NaN,NaN,NaN
1,NaN,NaN,NaN,NaN,NaN,NaN,NaN,NaN
2,NaN,NaN,NaN,NaN,NaN,NaN,NaN,NaN
3,NaN,NaN,NaN,NaN,NaN,NaN,NaN,NaN
4,NaN,NaN,NaN,NaN,NaN,NaN,NaN,NaN
5,NaN,NaN,NaN,NaN,NaN,NaN,NaN,NaN
6,NaN,NaN,NaN,NaN,NaN,NaN,NaN,NaN
7,NaN,NaN,NaN,NaN,NaN,NaN,NaN,NaN
8,NaN,NaN,NaN,NaN,NaN,NaN,NaN,NaN
9,NaN,NaN,NaN,NaN,NaN,NaN,NaN,NaN
10,NaN,NaN,NaN,NaN,NaN,NaN,NaN,NaN
11,NaN,NaN,NaN,NaN,NaN,NaN,NaN,NaN
1,NaN,NaN,NaN,NaN,NaN,NaN,NaN,NaN
2,NaN,NaN,NaN,NaN,NaN,NaN,NaN,NaN
3,NaN,NaN,NaN,NaN,NaN,NaN,NaN,NaN
4,NaN,NaN,NaN,NaN,NaN,NaN,NaN,NaN
5,NaN,NaN,NaN,NaN,NaN,NaN,NaN,NaN
6,NaN,NaN,NaN,NaN,NaN,NaN,NaN,NaN
7,NaN,NaN,NaN,NaN,NaN,NaN,NaN,NaN
8,NaN,NaN,NaN,NaN,NaN,NaN,NaN,NaN
9,NaN,NaN,NaN,NaN,NaN,NaN,NaN,NaN
10,NaN,NaN,NaN,NaN,NaN,NaN,NaN,NaN
11,NaN,NaN,NaN,NaN,NaN,NaN,NaN,NaN
1,NaN,NaN,NaN,NaN,NaN,NaN,NaN,NaN
2,NaN,NaN,NaN,NaN,NaN,NaN,NaN,NaN
3,NaN,NaN,NaN,NaN,NaN,NaN,NaN,NaN
4,NaN,NaN,NaN,NaN,NaN,NaN,NaN,NaN
5,NaN,NaN,NaN,NaN,NaN,NaN,NaN,NaN
6,NaN,NaN,NaN,NaN,NaN,NaN,NaN,NaN
7,NaN,NaN,NaN,NaN,NaN,NaN,NaN,NaN
8,NaN,NaN,NaN,NaN,NaN,NaN,NaN,NaN
9,NaN,NaN,NaN,NaN,NaN,NaN,NaN,NaN
10,NaN,NaN,NaN,NaN,NaN,NaN,NaN,NaN
11,NaN,NaN,NaN,NaN,NaN,NaN,NaN,NaN
1,NaN,NaN,NaN,NaN,NaN,NaN,NaN,NaN
2,NaN,NaN,NaN,NaN,NaN,NaN,NaN,NaN
3,NaN,NaN,NaN,NaN,NaN,NaN,NaN,NaN
4,NaN,NaN,NaN,NaN,NaN,NaN,NaN,NaN
5,NaN,NaN,NaN,NaN,NaN,NaN,NaN,NaN
6,NaN,NaN,NaN,NaN,NaN,NaN,NaN,NaN
7,NaN,NaN,NaN,NaN,NaN,NaN,NaN,NaN
8,NaN,NaN,NaN,NaN,NaN,NaN,NaN,NaN
9,NaN,NaN,NaN,NaN,NaN,NaN,NaN,NaN
10,NaN,NaN,NaN,NaN,NaN,NaN,NaN,NaN
11,NaN,NaN,NaN,NaN,NaN,NaN,NaN,NaN
1,NaN,NaN,NaN,NaN,NaN,NaN,NaN,NaN
2,NaN,NaN,NaN,NaN,NaN,NaN,NaN,NaN
3,NaN,NaN,NaN,NaN,NaN,NaN,NaN,NaN
4,NaN,NaN,NaN,NaN,NaN,NaN,NaN,NaN
5,NaN,NaN,NaN,NaN,NaN,NaN,NaN,NaN
6,NaN,NaN,NaN,NaN,NaN,NaN,NaN,NaN
7,NaN,NaN,NaN,NaN,NaN,NaN,NaN,NaN
8,NaN,NaN,NaN,NaN,NaN,NaN,NaN,NaN
9,NaN,NaN,NaN,NaN,NaN,NaN,NaN,NaN
10,NaN,NaN,NaN,NaN,NaN,NaN,NaN,NaN
11,NaN,NaN,NaN,NaN,NaN,NaN,NaN,NaN
1,NaN,NaN,NaN,NaN,NaN,NaN,NaN,NaN
2,NaN,NaN,NaN,NaN,NaN,NaN,NaN,NaN
3,NaN,NaN,NaN,NaN,NaN,NaN,NaN,NaN
4,NaN,NaN,NaN,NaN,NaN,NaN,NaN,NaN
5,NaN,NaN,NaN,NaN,NaN,NaN,NaN,NaN
6,NaN,NaN,NaN,NaN,NaN,NaN,NaN,NaN
7,NaN,NaN,NaN,NaN,NaN,NaN,NaN,NaN
8,NaN,NaN,NaN,NaN,NaN,NaN,NaN,NaN
9,NaN,NaN,NaN,NaN,NaN,NaN,NaN,NaN
10,NaN,NaN,NaN,NaN,NaN,NaN,NaN,NaN
11,NaN,NaN,NaN,NaN,NaN,NaN,NaN,NaN
1,NaN,NaN,NaN,NaN,NaN,NaN,NaN,NaN
2,NaN,NaN,NaN,NaN,NaN,NaN,NaN,NaN
3,NaN,NaN,NaN,NaN,NaN,NaN,NaN,NaN
4,NaN,NaN,NaN,NaN,NaN,NaN,NaN,NaN
5,NaN,NaN,NaN,NaN,NaN,NaN,NaN,NaN
6,NaN,NaN,NaN,NaN,NaN,NaN,NaN,NaN
7,NaN,NaN,NaN,NaN,NaN,NaN,NaN,NaN
8,NaN,NaN,NaN,NaN,NaN,NaN,NaN,NaN
9,NaN,NaN,NaN,NaN,NaN,NaN,NaN,NaN
10,NaN,NaN,NaN,NaN,NaN,NaN,NaN,NaN
11,NaN,NaN,NaN,NaN,NaN,NaN,NaN,NaN
1,NaN,NaN,NaN,NaN,NaN,NaN,NaN,NaN
2,NaN,NaN,NaN,NaN,NaN,NaN,NaN,NaN
3,NaN,NaN,NaN,NaN,NaN,NaN,NaN,NaN
4,NaN,NaN,NaN,NaN,NaN,NaN,NaN,NaN
5,NaN,NaN,NaN,NaN,NaN,NaN,NaN,NaN
6,NaN,NaN,NaN,NaN,NaN,NaN,NaN,NaN
7,NaN,NaN,NaN,NaN,NaN,NaN,NaN,NaN
8,NaN,NaN,NaN,NaN,NaN,NaN,NaN,NaN
9,NaN,NaN,NaN,NaN,NaN,NaN,NaN,NaN
10,NaN,NaN,NaN,NaN,NaN,NaN,NaN,NaN
11,NaN,NaN,NaN,NaN,NaN,NaN,NaN,NaN
1,NaN,NaN,NaN,NaN,NaN,NaN,NaN,NaN
2,NaN,NaN,NaN,NaN,NaN,NaN,NaN,NaN
3,NaN,NaN,NaN,NaN,NaN,NaN,NaN,NaN
4,NaN,NaN,NaN,NaN,NaN,NaN,NaN,NaN
5,NaN,NaN,NaN,NaN,NaN,NaN,NaN,NaN
6,NaN,NaN,NaN,NaN,NaN,NaN,NaN,NaN
7,NaN,NaN,NaN,NaN,NaN,NaN,NaN,NaN
8,NaN,NaN,NaN,NaN,NaN,NaN,NaN,NaN
9,NaN,NaN,NaN,NaN,NaN,NaN,NaN,NaN
10,NaN,NaN,NaN,NaN,NaN,NaN,NaN,NaN
11,NaN,NaN,NaN,NaN,NaN,NaN,NaN,NaN
1,NaN,NaN,NaN,NaN,NaN,NaN,NaN,NaN
2,NaN,NaN,NaN,NaN,NaN,NaN,NaN,NaN
3,NaN,NaN,NaN,NaN,NaN,NaN,NaN,NaN
4,NaN,NaN,NaN,NaN,NaN,NaN,NaN,NaN
5,NaN,NaN,NaN,NaN,NaN,NaN,NaN,NaN
6,NaN,NaN,NaN,NaN,NaN,NaN,NaN,NaN
7,NaN,NaN,NaN,NaN,NaN,NaN,NaN,NaN
8,NaN,NaN,NaN,NaN,NaN,NaN,NaN,NaN
9,NaN,NaN,NaN,NaN,NaN,NaN,NaN,NaN
10,NaN,NaN,NaN,NaN,NaN,NaN,NaN,NaN
11,NaN,NaN,NaN,NaN,NaN,NaN,NaN,NaN
1,NaN,NaN,NaN,NaN,NaN,NaN,NaN,NaN
2,NaN,NaN,NaN,NaN,NaN,NaN,NaN,NaN
3,NaN,NaN,NaN,NaN,NaN,NaN,NaN,NaN
4,NaN,NaN,NaN,NaN,NaN,NaN,NaN,NaN
5,NaN,NaN,NaN,NaN,NaN,NaN,NaN,NaN
6,NaN,NaN,NaN,NaN,NaN,NaN,NaN,NaN
7,NaN,NaN,NaN,NaN,NaN,NaN,NaN,NaN
8,NaN,NaN,NaN,NaN,NaN,NaN,NaN,NaN
9,NaN,NaN,NaN,NaN,NaN,NaN,NaN,NaN
10,NaN,NaN,NaN,NaN,NaN,NaN,NaN,NaN
11,NaN,NaN,NaN,NaN,NaN,NaN,NaN,NaN
1,NaN,NaN,NaN,NaN,NaN,NaN,NaN,NaN
2,NaN,NaN,NaN,NaN,NaN,NaN,NaN,NaN
3,NaN,NaN,NaN,NaN,NaN,NaN,NaN,NaN
4,NaN,NaN,NaN,NaN,NaN,NaN,NaN,NaN
5,NaN,NaN,NaN,NaN,NaN,NaN,NaN,NaN
6,NaN,NaN,NaN,NaN,NaN,NaN,NaN,NaN
7,NaN,NaN,NaN,NaN,NaN,NaN,NaN,NaN
8,NaN,NaN,NaN,NaN,NaN,NaN,NaN,NaN
9,NaN,NaN,NaN,NaN,NaN,NaN,NaN,NaN
10,NaN,NaN,NaN,NaN,NaN,NaN,NaN,NaN
11,NaN,NaN,NaN,NaN,NaN,NaN,NaN,NaN
1,NaN,NaN,NaN,NaN,NaN,NaN,NaN,NaN
2,NaN,NaN,NaN,NaN,NaN,NaN,NaN,NaN
3,NaN,NaN,NaN,NaN,NaN,NaN,NaN,NaN
4,NaN,NaN,NaN,NaN,NaN,NaN,NaN,NaN
5,NaN,NaN,NaN,NaN,NaN,NaN,NaN,NaN
6,NaN,NaN,NaN,NaN,NaN,NaN,NaN,NaN
7,NaN,NaN,NaN,NaN,NaN,NaN,NaN,NaN
8,NaN,NaN,NaN,NaN,NaN,NaN,NaN,NaN
9,NaN,NaN,NaN,NaN,NaN,NaN,NaN,NaN
10,NaN,NaN,NaN,NaN,NaN,NaN,NaN,NaN
11,NaN,NaN,NaN,NaN,NaN,NaN,NaN,NaN
1,NaN,NaN,NaN,NaN,NaN,NaN,NaN,NaN
2,NaN,NaN,NaN,NaN,NaN,NaN,NaN,NaN
3,NaN,NaN,NaN,NaN,NaN,NaN,NaN,NaN
4,NaN,NaN,NaN,NaN,NaN,NaN,NaN,NaN
5,NaN,NaN,NaN,NaN,NaN,NaN,NaN,NaN
6,NaN,NaN,NaN,NaN,NaN,NaN,NaN,NaN
7,NaN,NaN,NaN,NaN,NaN,NaN,NaN,NaN
8,NaN,NaN,NaN,NaN,NaN,NaN,NaN,NaN
9,NaN,NaN,NaN,NaN,NaN,NaN,NaN,NaN
10,NaN,NaN,NaN,NaN,NaN,NaN,NaN,NaN
11,NaN,NaN,NaN,NaN,NaN,NaN,NaN,NaN
1,NaN,NaN,NaN,NaN,NaN,NaN,NaN,NaN
2,NaN,NaN,NaN,NaN,NaN,NaN,NaN,NaN
3,NaN,NaN,NaN,NaN,NaN,NaN,NaN,NaN
4,NaN,NaN,NaN,NaN,NaN,NaN,NaN,NaN
5,NaN,NaN,NaN,NaN,NaN,NaN,NaN,NaN
6,NaN,NaN,NaN,NaN,NaN,NaN,NaN,NaN
7,NaN,NaN,NaN,NaN,NaN,NaN,NaN,NaN
8,NaN,NaN,NaN,NaN,NaN,NaN,NaN,NaN
9,NaN,NaN,NaN,NaN,NaN,NaN,NaN,NaN
10,NaN,NaN,NaN,NaN,NaN,NaN,NaN,NaN
11,NaN,NaN,NaN,NaN,NaN,NaN,NaN,NaN
1,NaN,NaN,NaN,NaN,NaN,NaN,NaN,NaN
2,NaN,NaN,NaN,NaN,NaN,NaN,NaN,NaN
3,NaN,NaN,NaN,NaN,NaN,NaN,NaN,NaN
4,NaN,NaN,NaN,NaN,NaN,NaN,NaN,NaN
5,NaN,NaN,NaN,NaN,NaN,NaN,NaN,NaN
6,NaN,NaN,NaN,NaN,NaN,NaN,NaN,NaN
7,NaN,NaN,NaN,NaN,NaN,NaN,NaN,NaN
8,NaN,NaN,NaN,NaN,NaN,NaN,NaN,NaN
9,NaN,NaN,NaN,NaN,NaN,NaN,NaN,NaN
10,NaN,NaN,NaN,NaN,NaN,NaN,NaN,NaN
11,NaN,NaN,NaN,NaN,NaN,NaN,NaN,NaN
1,NaN,NaN,NaN,NaN,NaN,NaN,NaN,NaN
2,NaN,NaN,NaN,NaN,NaN,NaN,NaN,NaN
3,NaN,NaN,NaN,NaN,NaN,NaN,NaN,NaN
4,NaN,NaN,NaN,NaN,NaN,NaN,NaN,NaN
5,NaN,NaN,NaN,NaN,NaN,NaN,NaN,NaN
6,NaN,NaN,NaN,NaN,NaN,NaN,NaN,NaN
7,NaN,NaN,NaN,NaN,NaN,NaN,NaN,NaN
8,NaN,NaN,NaN,NaN,NaN,NaN,NaN,NaN
9,NaN,NaN,NaN,NaN,NaN,NaN,NaN,NaN
10,NaN,NaN,NaN,NaN,NaN,NaN,NaN,NaN
11,NaN,NaN,NaN,NaN,NaN,NaN,NaN,NaN
1,NaN,NaN,NaN,NaN,NaN,NaN,NaN,NaN
2,NaN,NaN,NaN,NaN,NaN,NaN,NaN,NaN
3,NaN,NaN,NaN,NaN,NaN,NaN,NaN,NaN
4,NaN,NaN,NaN,NaN,NaN,NaN,NaN,NaN
5,NaN,NaN,NaN,NaN,NaN,NaN,NaN,NaN
6,NaN,NaN,NaN,NaN,NaN,NaN,NaN,NaN
7,NaN,NaN,NaN,NaN,NaN,NaN,NaN,NaN
8,NaN,NaN,NaN,NaN,NaN,NaN,NaN,NaN
9,NaN,NaN,NaN,NaN,NaN,NaN,NaN,NaN
10,NaN,NaN,NaN,NaN,NaN,NaN,NaN,NaN
11,NaN,NaN,NaN,NaN,NaN,NaN,NaN,NaN
1,NaN,NaN,NaN,NaN,NaN,NaN,NaN,NaN
2,NaN,NaN,NaN,NaN,NaN,NaN,NaN,NaN
3,NaN,NaN,NaN,NaN,NaN,NaN,NaN,NaN
4,NaN,NaN,NaN,NaN,NaN,NaN,NaN,NaN
5,NaN,NaN,NaN,NaN,NaN,NaN,NaN,NaN
6,NaN,NaN,NaN,NaN,NaN,NaN,NaN,NaN
7,NaN,NaN,NaN,NaN,NaN,NaN,NaN,NaN
8,NaN,NaN,NaN,NaN,NaN,NaN,NaN,NaN
9,NaN,NaN,NaN,NaN,NaN,NaN,NaN,NaN
10,NaN,NaN,NaN,NaN,NaN,NaN,NaN,NaN
11,NaN,NaN,NaN,NaN,NaN,NaN,NaN,NaN
1,NaN,NaN,NaN,NaN,NaN,NaN,NaN,NaN
2,NaN,NaN,NaN,NaN,NaN,NaN,NaN,NaN
3,NaN,NaN,NaN,NaN,NaN,NaN,NaN,NaN
4,NaN,NaN,NaN,NaN,NaN,NaN,NaN,NaN
5,NaN,NaN,NaN,NaN,NaN,NaN,NaN,NaN
6,NaN,NaN,NaN,NaN,NaN,NaN,NaN,NaN
7,NaN,NaN,NaN,NaN,NaN,NaN,NaN,NaN
8,NaN,NaN,NaN,NaN,NaN,NaN,NaN,NaN
9,NaN,NaN,NaN,NaN,NaN,NaN,NaN,NaN
10,NaN,NaN,NaN,NaN,NaN,NaN,NaN,NaN
11,NaN,NaN,NaN,NaN,NaN,NaN,NaN,NaN
1,NaN,NaN,NaN,NaN,NaN,NaN,NaN,NaN
2,NaN,NaN,NaN,NaN,NaN,NaN,NaN,NaN
3,NaN,NaN,NaN,NaN,NaN,NaN,NaN,NaN
4,NaN,NaN,NaN,NaN,NaN,NaN,NaN,NaN
5,NaN,NaN,NaN,NaN,NaN,NaN,NaN,NaN
6,NaN,NaN,NaN,NaN,NaN,NaN,NaN,NaN
7,NaN,NaN,NaN,NaN,NaN,NaN,NaN,NaN
8,NaN,NaN,NaN,NaN,NaN,NaN,NaN,NaN
9,NaN,NaN,NaN,NaN,NaN,NaN,NaN,NaN
10,NaN,NaN,NaN,NaN,NaN,NaN,NaN,NaN
11,NaN,NaN,NaN,NaN,NaN,NaN,NaN,NaN
1,NaN,NaN,NaN,NaN,NaN,NaN,NaN,NaN
2,NaN,NaN,NaN,NaN,NaN,NaN,NaN,NaN
3,NaN,NaN,NaN,NaN,NaN,NaN,NaN,NaN
4,NaN,NaN,NaN,NaN,NaN,NaN,NaN,NaN
5,NaN,NaN,NaN,NaN,NaN,NaN,NaN,NaN
6,NaN,NaN,NaN,NaN,NaN,NaN,NaN,NaN
7,NaN,NaN,NaN,NaN,NaN,NaN,NaN,NaN
8,NaN,NaN,NaN,NaN,NaN,NaN,NaN,NaN
9,NaN,NaN,NaN,NaN,NaN,NaN,NaN,NaN
10,NaN,NaN,NaN,NaN,NaN,NaN,NaN,NaN
11,NaN,NaN,NaN,NaN,NaN,NaN,NaN,NaN
1,NaN,NaN,NaN,NaN,NaN,NaN,NaN,NaN
2,NaN,NaN,NaN,NaN,NaN,NaN,NaN,NaN
3,NaN,NaN,NaN,NaN,NaN,NaN,NaN,NaN
4,NaN,NaN,NaN,NaN,NaN,NaN,NaN,NaN
5,NaN,NaN,NaN,NaN,NaN,NaN,NaN,NaN
6,NaN,NaN,NaN,NaN,NaN,NaN,NaN,NaN
7,NaN,NaN,NaN,NaN,NaN,NaN,NaN,NaN
8,NaN,NaN,NaN,NaN,NaN,NaN,NaN,NaN
9,NaN,NaN,NaN,NaN,NaN,NaN,NaN,NaN
10,NaN,NaN,NaN,NaN,NaN,NaN,NaN,NaN
11,NaN,NaN,NaN,NaN,NaN,NaN,NaN,NaN
1,NaN,NaN,NaN,NaN,NaN,NaN,NaN,NaN
2,NaN,NaN,NaN,NaN,NaN,NaN,NaN,NaN
3,NaN,NaN,NaN,NaN,NaN,NaN,NaN,NaN
4,NaN,NaN,NaN,NaN,NaN,NaN,NaN,NaN
5,NaN,NaN,NaN,NaN,NaN,NaN,NaN,NaN
6,NaN,NaN,NaN,NaN,NaN,NaN,NaN,NaN
7,NaN,NaN,NaN,NaN,NaN,NaN,NaN,NaN
8,NaN,NaN,NaN,NaN,NaN,NaN,NaN,NaN
9,NaN,NaN,NaN,NaN,NaN,NaN,NaN,NaN
10,NaN,NaN,NaN,NaN,NaN,NaN,NaN,NaN
11,NaN,NaN,NaN,NaN,NaN,NaN,NaN,NaN
1,NaN,NaN,NaN,NaN,NaN,NaN,NaN,NaN
2,NaN,NaN,NaN,NaN,NaN,NaN,NaN,NaN
3,NaN,NaN,NaN,NaN,NaN,NaN,NaN,NaN
4,NaN,NaN,NaN,NaN,NaN,NaN,NaN,NaN
5,NaN,NaN,NaN,NaN,NaN,NaN,NaN,NaN
6,NaN,NaN,NaN,NaN,NaN,NaN,NaN,NaN
7,NaN,NaN,NaN,NaN,NaN,NaN,NaN,NaN
8,NaN,NaN,NaN,NaN,NaN,NaN,NaN,NaN
9,NaN,NaN,NaN,NaN,NaN,NaN,NaN,NaN
10,NaN,NaN,NaN,NaN,NaN,NaN,NaN,NaN
11,NaN,NaN,NaN,NaN,NaN,NaN,NaN,NaN
1,NaN,NaN,NaN,NaN,NaN,NaN,NaN,NaN
2,NaN,NaN,NaN,NaN,NaN,NaN,NaN,NaN
3,NaN,NaN,NaN,NaN,NaN,NaN,NaN,NaN
4,NaN,NaN,NaN,NaN,NaN,NaN,NaN,NaN
5,NaN,NaN,NaN,NaN,NaN,NaN,NaN,NaN
6,NaN,NaN,NaN,NaN,NaN,NaN,NaN,NaN
7,NaN,NaN,NaN,NaN,NaN,NaN,NaN,NaN
8,NaN,NaN,NaN,NaN,NaN,NaN,NaN,NaN
9,NaN,NaN,NaN,NaN,NaN,NaN,NaN,NaN
10,NaN,NaN,NaN,NaN,NaN,NaN,NaN,NaN
11,NaN,NaN,NaN,NaN,NaN,NaN,NaN,NaN
1,NaN,NaN,NaN,NaN,NaN,NaN,NaN,NaN
2,NaN,NaN,NaN,NaN,NaN,NaN,NaN,NaN
3,NaN,NaN,NaN,NaN,NaN,NaN,NaN,NaN
4,NaN,NaN,NaN,NaN,NaN,NaN,NaN,NaN
5,NaN,NaN,NaN,NaN,NaN,NaN,NaN,NaN
6,NaN,NaN,NaN,NaN,NaN,NaN,NaN,NaN
7,NaN,NaN,NaN,NaN,NaN,NaN,NaN,NaN
8,NaN,NaN,NaN,NaN,NaN,NaN,NaN,NaN
9,NaN,NaN,NaN,NaN,NaN,NaN,NaN,NaN
10,NaN,NaN,NaN,NaN,NaN,NaN,NaN,NaN
11,NaN,NaN,NaN,NaN,NaN,NaN,NaN,NaN
1,NaN,NaN,NaN,NaN,NaN,NaN,NaN,NaN
2,NaN,NaN,NaN,NaN,NaN,NaN,NaN,NaN
3,NaN,NaN,NaN,NaN,NaN,NaN,NaN,NaN
4,NaN,NaN,NaN,NaN,NaN,NaN,NaN,NaN
5,NaN,NaN,NaN,NaN,NaN,NaN,NaN,NaN
6,NaN,NaN,NaN,NaN,NaN,NaN,NaN,NaN
7,NaN,NaN,NaN,NaN,NaN,NaN,NaN,NaN
8,NaN,NaN,NaN,NaN,NaN,NaN,NaN,NaN
9,NaN,NaN,NaN,NaN,NaN,NaN,NaN,NaN
10,NaN,NaN,NaN,NaN,NaN,NaN,NaN,NaN
11,NaN,NaN,NaN,NaN,NaN,NaN,NaN,NaN
1,NaN,NaN,NaN,NaN,NaN,NaN,NaN,NaN
2,NaN,NaN,NaN,NaN,NaN,NaN,NaN,NaN
3,NaN,NaN,NaN,NaN,NaN,NaN,NaN,NaN
4,NaN,NaN,NaN,NaN,NaN,NaN,NaN,NaN
5,NaN,NaN,NaN,NaN,NaN,NaN,NaN,NaN
6,NaN,NaN,NaN,NaN,NaN,NaN,NaN,NaN
7,NaN,NaN,NaN,NaN,NaN,NaN,NaN,NaN
8,NaN,NaN,NaN,NaN,NaN,NaN,NaN,NaN
9,NaN,NaN,NaN,NaN,NaN,NaN,NaN,NaN
10,NaN,NaN,NaN,NaN,NaN,NaN,NaN,NaN
11,NaN,NaN,NaN,NaN,NaN,NaN,NaN,NaN
1,NaN,NaN,NaN,NaN,NaN,NaN,NaN,NaN
2,NaN,NaN,NaN,NaN,NaN,NaN,NaN,NaN
3,NaN,NaN,NaN,NaN,NaN,NaN,NaN,NaN
4,NaN,NaN,NaN,NaN,NaN,NaN,NaN,NaN
5,NaN,NaN,NaN,NaN,NaN,NaN,NaN,NaN
6,NaN,NaN,NaN,NaN,NaN,NaN,NaN,NaN
7,NaN,NaN,NaN,NaN,NaN,NaN,NaN,NaN
8,NaN,NaN,NaN,NaN,NaN,NaN,NaN,NaN
9,NaN,NaN,NaN,NaN,NaN,NaN,NaN,NaN
10,NaN,NaN,NaN,NaN,NaN,NaN,NaN,NaN
11,NaN,NaN,NaN,NaN,NaN,NaN,NaN,NaN
1,NaN,NaN,NaN,NaN,NaN,NaN,NaN,NaN
2,NaN,NaN,NaN,NaN,NaN,NaN,NaN,NaN
3,NaN,NaN,NaN,NaN,NaN,NaN,NaN,NaN
4,NaN,NaN,NaN,NaN,NaN,NaN,NaN,NaN
5,NaN,NaN,NaN,NaN,NaN,NaN,NaN,NaN
6,NaN,NaN,NaN,NaN,NaN,NaN,NaN,NaN
7,NaN,NaN,NaN,NaN,NaN,NaN,NaN,NaN
8,NaN,NaN,NaN,NaN,NaN,NaN,NaN,NaN
9,NaN,NaN,NaN,NaN,NaN,NaN,NaN,NaN
10,NaN,NaN,NaN,NaN,NaN,NaN,NaN,NaN
11,NaN,NaN,NaN,NaN,NaN,NaN,NaN,NaN
1,NaN,NaN,NaN,NaN,NaN,NaN,NaN,NaN
2,NaN,NaN,NaN,NaN,NaN,NaN,NaN,NaN
3,NaN,NaN,NaN,NaN,NaN,NaN,NaN,NaN
4,NaN,NaN,NaN,NaN,NaN,NaN,NaN,NaN
5,NaN,NaN,NaN,NaN,NaN,NaN,NaN,NaN
6,NaN,NaN,NaN,NaN,NaN,NaN,NaN,NaN
7,NaN,NaN,NaN,NaN,NaN,NaN,NaN,NaN
8,NaN,NaN,NaN,NaN,NaN,NaN,NaN,NaN
9,NaN,NaN,NaN,NaN,NaN,NaN,NaN,NaN
10,NaN,NaN,NaN,NaN,NaN,NaN,NaN,NaN
11,NaN,NaN,NaN,NaN,NaN,NaN,NaN,NaN
1,NaN,NaN,NaN,NaN,NaN,NaN,NaN,NaN
2,NaN,NaN,NaN,NaN,NaN,NaN,NaN,NaN
3,NaN,NaN,NaN,NaN,NaN,NaN,NaN,NaN
4,NaN,NaN,NaN,NaN,NaN,NaN,NaN,NaN
5,NaN,NaN,NaN,NaN,NaN,NaN,NaN,NaN
6,NaN,NaN,NaN,NaN,NaN,NaN,NaN,NaN
7,NaN,NaN,NaN,NaN,NaN,NaN,NaN,NaN
8,NaN,NaN,NaN,NaN,NaN,NaN,NaN,NaN
9,NaN,NaN,NaN,NaN,NaN,NaN,NaN,NaN
10,NaN,NaN,NaN,NaN,NaN,NaN,NaN,NaN
11,NaN,NaN,NaN,NaN,NaN,NaN,NaN,NaN
1,NaN,NaN,NaN,NaN,NaN,NaN,NaN,NaN
2,NaN,NaN,NaN,NaN,NaN,NaN,NaN,NaN
3,NaN,NaN,NaN,NaN,NaN,NaN,NaN,NaN
4,NaN,NaN,NaN,NaN,NaN,NaN,NaN,NaN
5,NaN,NaN,NaN,NaN,NaN,NaN,NaN,NaN
6,NaN,NaN,NaN,NaN,NaN,NaN,NaN,NaN
7,NaN,NaN,NaN,NaN,NaN,NaN,NaN,NaN
8,NaN,NaN,NaN,NaN,NaN,NaN,NaN,NaN
9,NaN,NaN,NaN,NaN,NaN,NaN,NaN,NaN
10,NaN,NaN,NaN,NaN,NaN,NaN,NaN,NaN
11,NaN,NaN,NaN,NaN,NaN,NaN,NaN,NaN
1,NaN,NaN,NaN,NaN,NaN,NaN,NaN,NaN
2,NaN,NaN,NaN,NaN,NaN,NaN,NaN,NaN
3,NaN,NaN,NaN,NaN,NaN,NaN,NaN,NaN
4,NaN,NaN,NaN,NaN,NaN,NaN,NaN,NaN
5,NaN,NaN,NaN,NaN,NaN,NaN,NaN,NaN
6,NaN,NaN,NaN,NaN,NaN,NaN,NaN,NaN
7,NaN,NaN,NaN,NaN,NaN,NaN,NaN,NaN
8,NaN,NaN,NaN,NaN,NaN,NaN,NaN,NaN
9,NaN,NaN,NaN,NaN,NaN,NaN,NaN,NaN
10,NaN,NaN,NaN,NaN,NaN,NaN,NaN,NaN
11,NaN,NaN,NaN,NaN,NaN,NaN,NaN,NaN
1,NaN,NaN,NaN,NaN,NaN,NaN,NaN,NaN
2,NaN,NaN,NaN,NaN,NaN,NaN,NaN,NaN
3,NaN,NaN,NaN,NaN,NaN,NaN,NaN,NaN
4,NaN,NaN,NaN,NaN,NaN,NaN,NaN,NaN
5,NaN,NaN,NaN,NaN,NaN,NaN,NaN,NaN
6,NaN,NaN,NaN,NaN,NaN,NaN,NaN,NaN
7,NaN,NaN,NaN,NaN,NaN,NaN,NaN,NaN
8,NaN,NaN,NaN,NaN,NaN,NaN,NaN,NaN
9,NaN,NaN,NaN,NaN,NaN,NaN,NaN,NaN
10,NaN,NaN,NaN,NaN,NaN,NaN,NaN,NaN
11,NaN,NaN,NaN,NaN,NaN,NaN,NaN,NaN
1,NaN,NaN,NaN,NaN,NaN,NaN,NaN,NaN
2,NaN,NaN,NaN,NaN,NaN,NaN,NaN,NaN
3,NaN,NaN,NaN,NaN,NaN,NaN,NaN,NaN
4,NaN,NaN,NaN,NaN,NaN,NaN,NaN,NaN
5,NaN,NaN,NaN,NaN,NaN,NaN,NaN,NaN
6,NaN,NaN,NaN,NaN,NaN,NaN,NaN,NaN
7,NaN,NaN,NaN,NaN,NaN,NaN,NaN,NaN
8,NaN,NaN,NaN,NaN,NaN,NaN,NaN,NaN
9,NaN,NaN,NaN,NaN,NaN,NaN,NaN,NaN
10,NaN,NaN,NaN,NaN,NaN,NaN,NaN,NaN
11,NaN,NaN,NaN,NaN,NaN,NaN,NaN,NaN
1,NaN,NaN,NaN,NaN,NaN,NaN,NaN,NaN
2,NaN,NaN,NaN,NaN,NaN,NaN,NaN,NaN
3,NaN,NaN,NaN,NaN,NaN,NaN,NaN,NaN
4,NaN,NaN,NaN,NaN,NaN,NaN,NaN,NaN
5,NaN,NaN,NaN,NaN,NaN,NaN,NaN,NaN
6,NaN,NaN,NaN,NaN,NaN,NaN,NaN,NaN
7,NaN,NaN,NaN,NaN,NaN,NaN,NaN,NaN
8,NaN,NaN,NaN,NaN,NaN,NaN,NaN,NaN
9,NaN,NaN,NaN,NaN,NaN,NaN,NaN,NaN
10,NaN,NaN,NaN,NaN,NaN,NaN,NaN,NaN
11,NaN,NaN,NaN,NaN,NaN,NaN,NaN,NaN
1,NaN,NaN,NaN,NaN,NaN,NaN,NaN,NaN
2,NaN,NaN,NaN,NaN,NaN,NaN,NaN,NaN
3,NaN,NaN,NaN,NaN,NaN,NaN,NaN,NaN
4,NaN,NaN,NaN,NaN,NaN,NaN,NaN,NaN
5,NaN,NaN,NaN,NaN,NaN,NaN,NaN,NaN
6,NaN,NaN,NaN,NaN,NaN,NaN,NaN,NaN
7,NaN,NaN,NaN,NaN,NaN,NaN,NaN,NaN
8,NaN,NaN,NaN,NaN,NaN,NaN,NaN,NaN
9,NaN,NaN,NaN,NaN,NaN,NaN,NaN,NaN
10,NaN,NaN,NaN,NaN,NaN,NaN,NaN,NaN
11,NaN,NaN,NaN,NaN,NaN,NaN,NaN,NaN
1,NaN,NaN,NaN,NaN,NaN,NaN,NaN,NaN
2,NaN,NaN,NaN,NaN,NaN,NaN,NaN,NaN
3,NaN,NaN,NaN,NaN,NaN,NaN,NaN,NaN
4,NaN,NaN,NaN,NaN,NaN,NaN,NaN,NaN
5,NaN,NaN,NaN,NaN,NaN,NaN,NaN,NaN
6,NaN,NaN,NaN,NaN,NaN,NaN,NaN,NaN
7,NaN,NaN,NaN,NaN,NaN,NaN,NaN,NaN
8,NaN,NaN,NaN,NaN,NaN,NaN,NaN,NaN
9,NaN,NaN,NaN,NaN,NaN,NaN,NaN,NaN
10,NaN,NaN,NaN,NaN,NaN,NaN,NaN,NaN
11,NaN,NaN,NaN,NaN,NaN,NaN,NaN,NaN
1,NaN,NaN,NaN,NaN,NaN,NaN,NaN,NaN
2,NaN,NaN,NaN,NaN,NaN,NaN,NaN,NaN
3,NaN,NaN,NaN,NaN,NaN,NaN,NaN,NaN
4,NaN,NaN,NaN,NaN,NaN,NaN,NaN,NaN
5,NaN,NaN,NaN,NaN,NaN,NaN,NaN,NaN
6,NaN,NaN,NaN,NaN,NaN,NaN,NaN,NaN
7,NaN,NaN,NaN,NaN,NaN,NaN,NaN,NaN
8,NaN,NaN,NaN,NaN,NaN,NaN,NaN,NaN
9,NaN,NaN,NaN,NaN,NaN,NaN,NaN,NaN
10,NaN,NaN,NaN,NaN,NaN,NaN,NaN,NaN
11,NaN,NaN,NaN,NaN,NaN,NaN,NaN,NaN
1,NaN,NaN,NaN,NaN,NaN,NaN,NaN,NaN
2,NaN,NaN,NaN,NaN,NaN,NaN,NaN,NaN
3,NaN,NaN,NaN,NaN,NaN,NaN,NaN,NaN
4,NaN,NaN,NaN,NaN,NaN,NaN,NaN,NaN
5,NaN,NaN,NaN,NaN,NaN,NaN,NaN,NaN
6,NaN,NaN,NaN,NaN,NaN,NaN,NaN,NaN
7,NaN,NaN,NaN,NaN,NaN,NaN,NaN,NaN
8,NaN,NaN,NaN,NaN,NaN,NaN,NaN,NaN
9,NaN,NaN,NaN,NaN,NaN,NaN,NaN,NaN
10,NaN,NaN,NaN,NaN,NaN,NaN,NaN,NaN
11,NaN,NaN,NaN,NaN,NaN,NaN,NaN,NaN
1,NaN,NaN,NaN,NaN,NaN,NaN,NaN,NaN
2,NaN,NaN,NaN,NaN,NaN,NaN,NaN,NaN
3,NaN,NaN,NaN,NaN,NaN,NaN,NaN,NaN
4,NaN,NaN,NaN,NaN,NaN,NaN,NaN,NaN
5,NaN,NaN,NaN,NaN,NaN,NaN,NaN,NaN
6,NaN,NaN,NaN,NaN,NaN,NaN,NaN,NaN
7,NaN,NaN,NaN,NaN,NaN,NaN,NaN,NaN
8,NaN,NaN,NaN,NaN,NaN,NaN,NaN,NaN
9,NaN,NaN,NaN,NaN,NaN,NaN,NaN,NaN
10,NaN,NaN,NaN,NaN,NaN,NaN,NaN,NaN
11,NaN,NaN,NaN,NaN,NaN,NaN,NaN,NaN
1,NaN,NaN,NaN,NaN,NaN,NaN,NaN,NaN
2,NaN,NaN,NaN,NaN,NaN,NaN,NaN,NaN
3,NaN,NaN,NaN,NaN,NaN,NaN,NaN,NaN
4,NaN,NaN,NaN,NaN,NaN,NaN,NaN,NaN
5,NaN,NaN,NaN,NaN,NaN,NaN,NaN,NaN
6,NaN,NaN,NaN,NaN,NaN,NaN,NaN,NaN
7,NaN,NaN,NaN,NaN,NaN,NaN,NaN,NaN
8,NaN,NaN,NaN,NaN,NaN,NaN,NaN,NaN
9,NaN,NaN,NaN,NaN,NaN,NaN,NaN,NaN
10,NaN,NaN,NaN,NaN,NaN,NaN,NaN,NaN
11,NaN,NaN,NaN,NaN,NaN,NaN,NaN,NaN
1,NaN,NaN,NaN,NaN,NaN,NaN,NaN,NaN
2,NaN,NaN,NaN,NaN,NaN,NaN,NaN,NaN
3,NaN,NaN,NaN,NaN,NaN,NaN,NaN,NaN
4,NaN,NaN,NaN,NaN,NaN,NaN,NaN,NaN
5,NaN,NaN,NaN,NaN,NaN,NaN,NaN,NaN
6,NaN,NaN,NaN,NaN,NaN,NaN,NaN,NaN
7,NaN,NaN,NaN,NaN,NaN,NaN,NaN,NaN
8,NaN,NaN,NaN,NaN,NaN,NaN,NaN,NaN
9,NaN,NaN,NaN,NaN,NaN,NaN,NaN,NaN
10,NaN,NaN,NaN,NaN,NaN,NaN,NaN,NaN
11,NaN,NaN,NaN,NaN,NaN,NaN,NaN,NaN
1,NaN,NaN,NaN,NaN,NaN,NaN,NaN,NaN
2,NaN,NaN,NaN,NaN,NaN,NaN,NaN,NaN
3,NaN,NaN,NaN,NaN,NaN,NaN,NaN,NaN
4,NaN,NaN,NaN,NaN,NaN,NaN,NaN,NaN
5,NaN,NaN,NaN,NaN,NaN,NaN,NaN,NaN
6,NaN,NaN,NaN,NaN,NaN,NaN,NaN,NaN
7,NaN,NaN,NaN,NaN,NaN,NaN,NaN,NaN
8,NaN,NaN,NaN,NaN,NaN,NaN,NaN,NaN
9,NaN,NaN,NaN,NaN,NaN,NaN,NaN,NaN
10,NaN,NaN,NaN,NaN,NaN,NaN,NaN,NaN
11,NaN,NaN,NaN,NaN,NaN,NaN,NaN,NaN
1,NaN,NaN,NaN,NaN,NaN,NaN,NaN,NaN
2,NaN,NaN,NaN,NaN,NaN,NaN,NaN,NaN
3,NaN,NaN,NaN,NaN,NaN,NaN,NaN,NaN
4,NaN,NaN,NaN,NaN,NaN,NaN,NaN,NaN
5,NaN,NaN,NaN,NaN,NaN,NaN,NaN,NaN
6,NaN,NaN,NaN,NaN,NaN,NaN,NaN,NaN
7,NaN,NaN,NaN,NaN,NaN,NaN,NaN,NaN
8,NaN,NaN,NaN,NaN,NaN,NaN,NaN,NaN
9,NaN,NaN,NaN,NaN,NaN,NaN,NaN,NaN
10,NaN,NaN,NaN,NaN,NaN,NaN,NaN,NaN
11,NaN,NaN,NaN,NaN,NaN,NaN,NaN,NaN
1,NaN,NaN,NaN,NaN,NaN,NaN,NaN,NaN
2,NaN,NaN,NaN,NaN,NaN,NaN,NaN,NaN
3,NaN,NaN,NaN,NaN,NaN,NaN,NaN,NaN
4,NaN,NaN,NaN,NaN,NaN,NaN,NaN,NaN
5,NaN,NaN,NaN,NaN,NaN,NaN,NaN,NaN
6,NaN,NaN,NaN,NaN,NaN,NaN,NaN,NaN
7,NaN,NaN,NaN,NaN,NaN,NaN,NaN,NaN
8,NaN,NaN,NaN,NaN,NaN,NaN,NaN,NaN
9,NaN,NaN,NaN,NaN,NaN,NaN,NaN,NaN
10,NaN,NaN,NaN,NaN,NaN,NaN,NaN,NaN
11,NaN,NaN,NaN,NaN,NaN,NaN,NaN,NaN
1,NaN,NaN,NaN,NaN,NaN,NaN,NaN,NaN
2,NaN,NaN,NaN,NaN,NaN,NaN,NaN,NaN
3,NaN,NaN,NaN,NaN,NaN,NaN,NaN,NaN
4,NaN,NaN,NaN,NaN,NaN,NaN,NaN,NaN
5,NaN,NaN,NaN,NaN,NaN,NaN,NaN,NaN
6,NaN,NaN,NaN,NaN,NaN,NaN,NaN,NaN
7,NaN,NaN,NaN,NaN,NaN,NaN,NaN,NaN
8,NaN,NaN,NaN,NaN,NaN,NaN,NaN,NaN
9,NaN,NaN,NaN,NaN,NaN,NaN,NaN,NaN
10,NaN,NaN,NaN,NaN,NaN,NaN,NaN,NaN
11,NaN,NaN,NaN,NaN,NaN,NaN,NaN,NaN
1,NaN,NaN,NaN,NaN,NaN,NaN,NaN,NaN
2,NaN,NaN,NaN,NaN,NaN,NaN,NaN,NaN
3,NaN,NaN,NaN,NaN,NaN,NaN,NaN,NaN
4,NaN,NaN,NaN,NaN,NaN,NaN,NaN,NaN
5,NaN,NaN,NaN,NaN,NaN,NaN,NaN,NaN
6,NaN,NaN,NaN,NaN,NaN,NaN,NaN,NaN
7,NaN,NaN,NaN,NaN,NaN,NaN,NaN,NaN
8,NaN,NaN,NaN,NaN,NaN,NaN,NaN,NaN
9,NaN,NaN,NaN,NaN,NaN,NaN,NaN,NaN
10,NaN,NaN,NaN,NaN,NaN,NaN,NaN,NaN
11,NaN,NaN,NaN,NaN,NaN,NaN,NaN,NaN
1,NaN,NaN,NaN,NaN,NaN,NaN,NaN,NaN
2,NaN,NaN,NaN,NaN,NaN,NaN,NaN,NaN
3,NaN,NaN,NaN,NaN,NaN,NaN,NaN,NaN
4,NaN,NaN,NaN,NaN,NaN,NaN,NaN,NaN
5,NaN,NaN,NaN,NaN,NaN,NaN,NaN,NaN
6,NaN,NaN,NaN,NaN,NaN,NaN,NaN,NaN
7,NaN,NaN,NaN,NaN,NaN,NaN,NaN,NaN
8,NaN,NaN,NaN,NaN,NaN,NaN,NaN,NaN
9,NaN,NaN,NaN,NaN,NaN,NaN,NaN,NaN
10,NaN,NaN,NaN,NaN,NaN,NaN,NaN,NaN
11,NaN,NaN,NaN,NaN,NaN,NaN,NaN,NaN
1,NaN,NaN,NaN,NaN,NaN,NaN,NaN,NaN
2,NaN,NaN,NaN,NaN,NaN,NaN,NaN,NaN
3,NaN,NaN,NaN,NaN,NaN,NaN,NaN,NaN
4,NaN,NaN,NaN,NaN,NaN,NaN,NaN,NaN
5,NaN,NaN,NaN,NaN,NaN,NaN,NaN,NaN
6,NaN,NaN,NaN,NaN,NaN,NaN,NaN,NaN
7,NaN,NaN,NaN,NaN,NaN,NaN,NaN,NaN
8,NaN,NaN,NaN,NaN,NaN,NaN,NaN,NaN
9,NaN,NaN,NaN,NaN,NaN,NaN,NaN,NaN
10,NaN,NaN,NaN,NaN,NaN,NaN,NaN,NaN
11,NaN,NaN,NaN,NaN,NaN,NaN,NaN,NaN
1,NaN,NaN,NaN,NaN,NaN,NaN,NaN,NaN
2,NaN,NaN,NaN,NaN,NaN,NaN,NaN,NaN
3,NaN,NaN,NaN,NaN,NaN,NaN,NaN,NaN
4,NaN,NaN,NaN,NaN,NaN,NaN,NaN,NaN
5,NaN,NaN,NaN,NaN,NaN,NaN,NaN,NaN
6,NaN,NaN,NaN,NaN,NaN,NaN,NaN,NaN
7,NaN,NaN,NaN,NaN,NaN,NaN,NaN,NaN
8,NaN,NaN,NaN,NaN,NaN,NaN,NaN,NaN
9,NaN,NaN,NaN,NaN,NaN,NaN,NaN,NaN
10,NaN,NaN,NaN,NaN,NaN,NaN,NaN,NaN
11,NaN,NaN,NaN,NaN,NaN,NaN,NaN,NaN
1,NaN,NaN,NaN,NaN,NaN,NaN,NaN,NaN
2,NaN,NaN,NaN,NaN,NaN,NaN,NaN,NaN
3,NaN,NaN,NaN,NaN,NaN,NaN,NaN,NaN
4,NaN,NaN,NaN,NaN,NaN,NaN,NaN,NaN
5,NaN,NaN,NaN,NaN,NaN,NaN,NaN,NaN
6,NaN,NaN,NaN,NaN,NaN,NaN,NaN,NaN
7,NaN,NaN,NaN,NaN,NaN,NaN,NaN,NaN
8,NaN,NaN,NaN,NaN,NaN,NaN,NaN,NaN
9,NaN,NaN,NaN,NaN,NaN,NaN,NaN,NaN
10,NaN,NaN,NaN,NaN,NaN,NaN,NaN,NaN
11,NaN,NaN,NaN,NaN,NaN,NaN,NaN,NaN
1,NaN,NaN,NaN,NaN,NaN,NaN,NaN,NaN
2,NaN,NaN,NaN,NaN,NaN,NaN,NaN,NaN
3,NaN,NaN,NaN,NaN,NaN,NaN,NaN,NaN
4,NaN,NaN,NaN,NaN,NaN,NaN,NaN,NaN
5,NaN,NaN,NaN,NaN,NaN,NaN,NaN,NaN
6,NaN,NaN,NaN,NaN,NaN,NaN,NaN,NaN
7,NaN,NaN,NaN,NaN,NaN,NaN,NaN,NaN
8,NaN,NaN,NaN,NaN,NaN,NaN,NaN,NaN
9,NaN,NaN,NaN,NaN,NaN,NaN,NaN,NaN
10,NaN,NaN,NaN,NaN,NaN,NaN,NaN,NaN
11,NaN,NaN,NaN,NaN,NaN,NaN,NaN,NaN
1,NaN,NaN,NaN,NaN,NaN,NaN,NaN,NaN
2,NaN,NaN,NaN,NaN,NaN,NaN,NaN,NaN
3,NaN,NaN,NaN,NaN,NaN,NaN,NaN,NaN
4,NaN,NaN,NaN,NaN,NaN,NaN,NaN,NaN
5,NaN,NaN,NaN,NaN,NaN,NaN,NaN,NaN
6,NaN,NaN,NaN,NaN,NaN,NaN,NaN,NaN
7,NaN,NaN,NaN,NaN,NaN,NaN,NaN,NaN
8,NaN,NaN,NaN,NaN,NaN,NaN,NaN,NaN
9,NaN,NaN,NaN,NaN,NaN,NaN,NaN,NaN
10,NaN,NaN,NaN,NaN,NaN,NaN,NaN,NaN
11,NaN,NaN,NaN,NaN,NaN,NaN,NaN,NaN
1,NaN,NaN,NaN,NaN,NaN,NaN,NaN,NaN
2,NaN,NaN,NaN,NaN,NaN,NaN,NaN,NaN
3,NaN,NaN,NaN,NaN,NaN,NaN,NaN,NaN
4,NaN,NaN,NaN,NaN,NaN,NaN,NaN,NaN
5,NaN,NaN,NaN,NaN,NaN,NaN,NaN,NaN
6,NaN,NaN,NaN,NaN,NaN,NaN,NaN,NaN
7,NaN,NaN,NaN,NaN,NaN,NaN,NaN,NaN
8,NaN,NaN,NaN,NaN,NaN,NaN,NaN,NaN
9,NaN,NaN,NaN,NaN,NaN,NaN,NaN,NaN
10,NaN,NaN,NaN,NaN,NaN,NaN,NaN,NaN
11,NaN,NaN,NaN,NaN,NaN,NaN,NaN,NaN
1,NaN,NaN,NaN,NaN,NaN,NaN,NaN,NaN
2,NaN,NaN,NaN,NaN,NaN,NaN,NaN,NaN
3,NaN,NaN,NaN,NaN,NaN,NaN,NaN,NaN
4,NaN,NaN,NaN,NaN,NaN,NaN,NaN,NaN
5,NaN,NaN,NaN,NaN,NaN,NaN,NaN,NaN
6,NaN,NaN,NaN,NaN,NaN,NaN,NaN,NaN
7,NaN,NaN,NaN,NaN,NaN,NaN,NaN,NaN
8,NaN,NaN,NaN,NaN,NaN,NaN,NaN,NaN
9,NaN,NaN,NaN,NaN,NaN,NaN,NaN,NaN
10,NaN,NaN,NaN,NaN,NaN,NaN,NaN,NaN
11,NaN,NaN,NaN,NaN,NaN,NaN,NaN,NaN
1,NaN,NaN,NaN,NaN,NaN,NaN,NaN,NaN
2,NaN,NaN,NaN,NaN,NaN,NaN,NaN,NaN
3,NaN,NaN,NaN,NaN,NaN,NaN,NaN,NaN
4,NaN,NaN,NaN,NaN,NaN,NaN,NaN,NaN
5,NaN,NaN,NaN,NaN,NaN,NaN,NaN,NaN
6,NaN,NaN,NaN,NaN,NaN,NaN,NaN,NaN
7,NaN,NaN,NaN,NaN,NaN,NaN,NaN,NaN
8,NaN,NaN,NaN,NaN,NaN,NaN,NaN,NaN
9,NaN,NaN,NaN,NaN,NaN,NaN,NaN,NaN
10,NaN,NaN,NaN,NaN,NaN,NaN,NaN,NaN
11,NaN,NaN,NaN,NaN,NaN,NaN,NaN,NaN
1,NaN,NaN,NaN,NaN,NaN,NaN,NaN,NaN
2,NaN,NaN,NaN,NaN,NaN,NaN,NaN,NaN
3,NaN,NaN,NaN,NaN,NaN,NaN,NaN,NaN
4,NaN,NaN,NaN,NaN,NaN,NaN,NaN,NaN
5,NaN,NaN,NaN,NaN,NaN,NaN,NaN,NaN
6,NaN,NaN,NaN,NaN,NaN,NaN,NaN,NaN
7,NaN,NaN,NaN,NaN,NaN,NaN,NaN,NaN
8,NaN,NaN,NaN,NaN,NaN,NaN,NaN,NaN
9,NaN,NaN,NaN,NaN,NaN,NaN,NaN,NaN
10,NaN,NaN,NaN,NaN,NaN,NaN,NaN,NaN
11,NaN,NaN,NaN,NaN,NaN,NaN,NaN,NaN
1,NaN,NaN,NaN,NaN,NaN,NaN,NaN,NaN
2,NaN,NaN,NaN,NaN,NaN,NaN,NaN,NaN
3,NaN,NaN,NaN,NaN,NaN,NaN,NaN,NaN
4,NaN,NaN,NaN,NaN,NaN,NaN,NaN,NaN
5,NaN,NaN,NaN,NaN,NaN,NaN,NaN,NaN
6,NaN,NaN,NaN,NaN,NaN,NaN,NaN,NaN
7,NaN,NaN,NaN,NaN,NaN,NaN,NaN,NaN
8,NaN,NaN,NaN,NaN,NaN,NaN,NaN,NaN
9,NaN,NaN,NaN,NaN,NaN,NaN,NaN,NaN
10,NaN,NaN,NaN,NaN,NaN,NaN,NaN,NaN
11,NaN,NaN,NaN,NaN,NaN,NaN,NaN,NaN
1,NaN,NaN,NaN,NaN,NaN,NaN,NaN,NaN
2,NaN,NaN,NaN,NaN,NaN,NaN,NaN,NaN
3,NaN,NaN,NaN,NaN,NaN,NaN,NaN,NaN
4,NaN,NaN,NaN,NaN,NaN,NaN,NaN,NaN
5,NaN,NaN,NaN,NaN,NaN,NaN,NaN,NaN
6,NaN,NaN,NaN,NaN,NaN,NaN,NaN,NaN
7,NaN,NaN,NaN,NaN,NaN,NaN,NaN,NaN
8,NaN,NaN,NaN,NaN,NaN,NaN,NaN,NaN
9,NaN,NaN,NaN,NaN,NaN,NaN,NaN,NaN
10,NaN,NaN,NaN,NaN,NaN,NaN,NaN,NaN
11,NaN,NaN,NaN,NaN,NaN,NaN,NaN,NaN
1,NaN,NaN,NaN,NaN,NaN,NaN,NaN,NaN
2,NaN,NaN,NaN,NaN,NaN,NaN,NaN,NaN
3,NaN,NaN,NaN,NaN,NaN,NaN,NaN,NaN
4,NaN,NaN,NaN,NaN,NaN,NaN,NaN,NaN
5,NaN,NaN,NaN,NaN,NaN,NaN,NaN,NaN
6,NaN,NaN,NaN,NaN,NaN,NaN,NaN,NaN
7,NaN,NaN,NaN,NaN,NaN,NaN,NaN,NaN
8,NaN,NaN,NaN,NaN,NaN,NaN,NaN,NaN
9,NaN,NaN,NaN,NaN,NaN,NaN,NaN,NaN
10,NaN,NaN,NaN,NaN,NaN,NaN,NaN,NaN
11,NaN,NaN,NaN,NaN,NaN,NaN,NaN,NaN
1,NaN,NaN,NaN,NaN,NaN,NaN,NaN,NaN
2,NaN,NaN,NaN,NaN,NaN,NaN,NaN,NaN
3,NaN,NaN,NaN,NaN,NaN,NaN,NaN,NaN
4,NaN,NaN,NaN,NaN,NaN,NaN,NaN,NaN
5,NaN,NaN,NaN,NaN,NaN,NaN,NaN,NaN
6,NaN,NaN,NaN,NaN,NaN,NaN,NaN,NaN
7,NaN,NaN,NaN,NaN,NaN,NaN,NaN,NaN
8,NaN,NaN,NaN,NaN,NaN,NaN,NaN,NaN
9,NaN,NaN,NaN,NaN,NaN,NaN,NaN,NaN
10,NaN,NaN,NaN,NaN,NaN,NaN,NaN,NaN
11,NaN,NaN,NaN,NaN,NaN,NaN,NaN,NaN
1,NaN,NaN,NaN,NaN,NaN,NaN,NaN,NaN
2,NaN,NaN,NaN,NaN,NaN,NaN,NaN,NaN
3,NaN,NaN,NaN,NaN,NaN,NaN,NaN,NaN
4,NaN,NaN,NaN,NaN,NaN,NaN,NaN,NaN
5,NaN,NaN,NaN,NaN,NaN,NaN,NaN,NaN
6,NaN,NaN,NaN,NaN,NaN,NaN,NaN,NaN
7,NaN,NaN,NaN,NaN,NaN,NaN,NaN,NaN
8,NaN,NaN,NaN,NaN,NaN,NaN,NaN,NaN
9,NaN,NaN,NaN,NaN,NaN,NaN,NaN,NaN
10,NaN,NaN,NaN,NaN,NaN,NaN,NaN,NaN
11,NaN,NaN,NaN,NaN,NaN,NaN,NaN,NaN
1,NaN,NaN,NaN,NaN,NaN,NaN,NaN,NaN
2,NaN,NaN,NaN,NaN,NaN,NaN,NaN,NaN
3,NaN,NaN,NaN,NaN,NaN,NaN,NaN,NaN
4,NaN,NaN,NaN,NaN,NaN,NaN,NaN,NaN
5,NaN,NaN,NaN,NaN,NaN,NaN,NaN,NaN
6,NaN,NaN,NaN,NaN,NaN,NaN,NaN,NaN
7,NaN,NaN,NaN,NaN,NaN,NaN,NaN,NaN
8,NaN,NaN,NaN,NaN,NaN,NaN,NaN,NaN
9,NaN,NaN,NaN,NaN,NaN,NaN,NaN,NaN
10,NaN,NaN,NaN,NaN,NaN,NaN,NaN,NaN
11,NaN,NaN,NaN,NaN,NaN,NaN,NaN,NaN
1,NaN,NaN,NaN,NaN,NaN,NaN,NaN,NaN
2,NaN,NaN,NaN,NaN,NaN,NaN,NaN,NaN
3,NaN,NaN,NaN,NaN,NaN,NaN,NaN,NaN
4,NaN,NaN,NaN,NaN,NaN,NaN,NaN,NaN
5,NaN,NaN,NaN,NaN,NaN,NaN,NaN,NaN
6,NaN,NaN,NaN,NaN,NaN,NaN,NaN,NaN
7,NaN,NaN,NaN,NaN,NaN,NaN,NaN,NaN
8,NaN,NaN,NaN,NaN,NaN,NaN,NaN,NaN
9,NaN,NaN,NaN,NaN,NaN,NaN,NaN,NaN
10,NaN,NaN,NaN,NaN,NaN,NaN,NaN,NaN
11,NaN,NaN,NaN,NaN,NaN,NaN,NaN,NaN
1,NaN,NaN,NaN,NaN,NaN,NaN,NaN,NaN
2,NaN,NaN,NaN,NaN,NaN,NaN,NaN,NaN
3,NaN,NaN,NaN,NaN,NaN,NaN,NaN,NaN
4,NaN,NaN,NaN,NaN,NaN,NaN,NaN,NaN
5,NaN,NaN,NaN,NaN,NaN,NaN,NaN,NaN
6,NaN,NaN,NaN,NaN,NaN,NaN,NaN,NaN
7,NaN,NaN,NaN,NaN,NaN,NaN,NaN,NaN
8,NaN,NaN,NaN,NaN,NaN,NaN,NaN,NaN
9,NaN,NaN,NaN,NaN,NaN,NaN,NaN,NaN
10,NaN,NaN,NaN,NaN,NaN,NaN,NaN,NaN
11,NaN,NaN,NaN,NaN,NaN,NaN,NaN,NaN
1,NaN,NaN,NaN,NaN,NaN,NaN,NaN,NaN
2,NaN,NaN,NaN,NaN,NaN,NaN,NaN,NaN
3,NaN,NaN,NaN,NaN,NaN,NaN,NaN,NaN
4,NaN,NaN,NaN,NaN,NaN,NaN,NaN,NaN
5,NaN,NaN,NaN,NaN,NaN,NaN,NaN,NaN
6,NaN,NaN,NaN,NaN,NaN,NaN,NaN,NaN
7,NaN,NaN,NaN,NaN,NaN,NaN,NaN,NaN
8,NaN,NaN,NaN,NaN,NaN,NaN,NaN,NaN
9,NaN,NaN,NaN,NaN,NaN,NaN,NaN,NaN
10,NaN,NaN,NaN,NaN,NaN,NaN,NaN,NaN
11,NaN,NaN,NaN,NaN,NaN,NaN,NaN,NaN
1,NaN,NaN,NaN,NaN,NaN,NaN,NaN,NaN
2,NaN,NaN,NaN,NaN,NaN,NaN,NaN,NaN
3,NaN,NaN,NaN,NaN,NaN,NaN,NaN,NaN
4,NaN,NaN,NaN,NaN,NaN,NaN,NaN,NaN
5,NaN,NaN,NaN,NaN,NaN,NaN,NaN,NaN
6,NaN,NaN,NaN,NaN,NaN,NaN,NaN,NaN
7,NaN,NaN,NaN,NaN,NaN,NaN,NaN,NaN
8,NaN,NaN,NaN,NaN,NaN,NaN,NaN,NaN
9,NaN,NaN,NaN,NaN,NaN,NaN,NaN,NaN
10,NaN,NaN,NaN,NaN,NaN,NaN,NaN,NaN
11,NaN,NaN,NaN,NaN,NaN,NaN,NaN,NaN
1,NaN,NaN,NaN,NaN,NaN,NaN,NaN,NaN
2,NaN,NaN,NaN,NaN,NaN,NaN,NaN,NaN
3,NaN,NaN,NaN,NaN,NaN,NaN,NaN,NaN
4,NaN,NaN,NaN,NaN,NaN,NaN,NaN,NaN
5,NaN,NaN,NaN,NaN,NaN,NaN,NaN,NaN
6,NaN,NaN,NaN,NaN,NaN,NaN,NaN,NaN
7,NaN,NaN,NaN,NaN,NaN,NaN,NaN,NaN
8,NaN,NaN,NaN,NaN,NaN,NaN,NaN,NaN
9,NaN,NaN,NaN,NaN,NaN,NaN,NaN,NaN
10,NaN,NaN,NaN,NaN,NaN,NaN,NaN,NaN
11,NaN,NaN,NaN,NaN,NaN,NaN,NaN,NaN
1,NaN,NaN,NaN,NaN,NaN,NaN,NaN,NaN
2,NaN,NaN,NaN,NaN,NaN,NaN,NaN,NaN
3,NaN,NaN,NaN,NaN,NaN,NaN,NaN,NaN
4,NaN,NaN,NaN,NaN,NaN,NaN,NaN,NaN
5,NaN,NaN,NaN,NaN,NaN,NaN,NaN,NaN
6,NaN,NaN,NaN,NaN,NaN,NaN,NaN,NaN
7,NaN,NaN,NaN,NaN,NaN,NaN,NaN,NaN
8,NaN,NaN,NaN,NaN,NaN,NaN,NaN,NaN
9,NaN,NaN,NaN,NaN,NaN,NaN,NaN,NaN
10,NaN,NaN,NaN,NaN,NaN,NaN,NaN,NaN
11,NaN,NaN,NaN,NaN,NaN,NaN,NaN,NaN
1,NaN,NaN,NaN,NaN,NaN,NaN,NaN,NaN
2,NaN,NaN,NaN,NaN,NaN,NaN,NaN,NaN
3,NaN,NaN,NaN,NaN,NaN,NaN,NaN,NaN
4,NaN,NaN,NaN,NaN,NaN,NaN,NaN,NaN
5,NaN,NaN,NaN,NaN,NaN,NaN,NaN,NaN
6,NaN,NaN,NaN,NaN,NaN,NaN,NaN,NaN
7,NaN,NaN,NaN,NaN,NaN,NaN,NaN,NaN
8,NaN,NaN,NaN,NaN,NaN,NaN,NaN,NaN
9,NaN,NaN,NaN,NaN,NaN,NaN,NaN,NaN
10,NaN,NaN,NaN,NaN,NaN,NaN,NaN,NaN
11,NaN,NaN,NaN,NaN,NaN,NaN,NaN,NaN
1,NaN,NaN,NaN,NaN,NaN,NaN,NaN,NaN
2,NaN,NaN,NaN,NaN,NaN,NaN,NaN,NaN
3,NaN,NaN,NaN,NaN,NaN,NaN,NaN,NaN
4,NaN,NaN,NaN,NaN,NaN,NaN,NaN,NaN
5,NaN,NaN,NaN,NaN,NaN,NaN,NaN,NaN
6,NaN,NaN,NaN,NaN,NaN,NaN,NaN,NaN
7,NaN,NaN,NaN,NaN,NaN,NaN,NaN,NaN
8,NaN,NaN,NaN,NaN,NaN,NaN,NaN,NaN
9,NaN,NaN,NaN,NaN,NaN,NaN,NaN,NaN
10,NaN,NaN,NaN,NaN,NaN,NaN,NaN,NaN
11,NaN,NaN,NaN,NaN,NaN,NaN,NaN,NaN
1,NaN,NaN,NaN,NaN,NaN,NaN,NaN,NaN
2,NaN,NaN,NaN,NaN,NaN,NaN,NaN,NaN
3,NaN,NaN,NaN,NaN,NaN,NaN,NaN,NaN
4,NaN,NaN,NaN,NaN,NaN,NaN,NaN,NaN
5,NaN,NaN,NaN,NaN,NaN,NaN,NaN,NaN
6,NaN,NaN,NaN,NaN,NaN,NaN,NaN,NaN
7,NaN,NaN,NaN,NaN,NaN,NaN,NaN,NaN
8,NaN,NaN,NaN,NaN,NaN,NaN,NaN,NaN
9,NaN,NaN,NaN,NaN,NaN,NaN,NaN,NaN
10,NaN,NaN,NaN,NaN,NaN,NaN,NaN,NaN
11,NaN,NaN,NaN,NaN,NaN,NaN,NaN,NaN
1,NaN,NaN,NaN,NaN,NaN,NaN,NaN,NaN
2,NaN,NaN,NaN,NaN,NaN,NaN,NaN,NaN
3,NaN,NaN,NaN,NaN,NaN,NaN,NaN,NaN
4,NaN,NaN,NaN,NaN,NaN,NaN,NaN,NaN
5,NaN,NaN,NaN,NaN,NaN,NaN,NaN,NaN
6,NaN,NaN,NaN,NaN,NaN,NaN,NaN,NaN
7,NaN,NaN,NaN,NaN,NaN,NaN,NaN,NaN
8,NaN,NaN,NaN,NaN,NaN,NaN,NaN,NaN
9,NaN,NaN,NaN,NaN,NaN,NaN,NaN,NaN
10,NaN,NaN,NaN,NaN,NaN,NaN,NaN,NaN
11,NaN,NaN,NaN,NaN,NaN,NaN,NaN,NaN
1,NaN,NaN,NaN,NaN,NaN,NaN,NaN,NaN
2,NaN,NaN,NaN,NaN,NaN,NaN,NaN,NaN
3,NaN,NaN,NaN,NaN,NaN,NaN,NaN,NaN
4,NaN,NaN,NaN,NaN,NaN,NaN,NaN,NaN
5,NaN,NaN,NaN,NaN,NaN,NaN,NaN,NaN
6,NaN,NaN,NaN,NaN,NaN,NaN,NaN,NaN
7,NaN,NaN,NaN,NaN,NaN,NaN,NaN,NaN
8,NaN,NaN,NaN,NaN,NaN,NaN,NaN,NaN
9,NaN,NaN,NaN,NaN,NaN,NaN,NaN,NaN
10,NaN,NaN,NaN,NaN,NaN,NaN,NaN,NaN
11,NaN,NaN,NaN,NaN,NaN,NaN,NaN,NaN
1,NaN,NaN,NaN,NaN,NaN,NaN,NaN,NaN
2,NaN,NaN,NaN,NaN,NaN,NaN,NaN,NaN
3,NaN,NaN,NaN,NaN,NaN,NaN,NaN,NaN
4,NaN,NaN,NaN,NaN,NaN,NaN,NaN,NaN
5,NaN,NaN,NaN,NaN,NaN,NaN,NaN,NaN
6,NaN,NaN,NaN,NaN,NaN,NaN,NaN,NaN
7,NaN,NaN,NaN,NaN,NaN,NaN,NaN,NaN
8,NaN,NaN,NaN,NaN,NaN,NaN,NaN,NaN
9,NaN,NaN,NaN,NaN,NaN,NaN,NaN,NaN
10,NaN,NaN,NaN,NaN,NaN,NaN,NaN,NaN
11,NaN,NaN,NaN,NaN,NaN,NaN,NaN,NaN
1,NaN,NaN,NaN,NaN,NaN,NaN,NaN,NaN
2,NaN,NaN,NaN,NaN,NaN,NaN,NaN,NaN
3,NaN,NaN,NaN,NaN,NaN,NaN,NaN,NaN
4,NaN,NaN,NaN,NaN,NaN,NaN,NaN,NaN
5,NaN,NaN,NaN,NaN,NaN,NaN,NaN,NaN
6,NaN,NaN,NaN,NaN,NaN,NaN,NaN,NaN
7,NaN,NaN,NaN,NaN,NaN,NaN,NaN,NaN
8,NaN,NaN,NaN,NaN,NaN,NaN,NaN,NaN
9,NaN,NaN,NaN,NaN,NaN,NaN,NaN,NaN
10,NaN,NaN,NaN,NaN,NaN,NaN,NaN,NaN
11,NaN,NaN,NaN,NaN,NaN,NaN,NaN,NaN
1,NaN,NaN,NaN,NaN,NaN,NaN,NaN,NaN
2,NaN,NaN,NaN,NaN,NaN,NaN,NaN,NaN
3,NaN,NaN,NaN,NaN,NaN,NaN,NaN,NaN
4,NaN,NaN,NaN,NaN,NaN,NaN,NaN,NaN
5,NaN,NaN,NaN,NaN,NaN,NaN,NaN,NaN
6,NaN,NaN,NaN,NaN,NaN,NaN,NaN,NaN
7,NaN,NaN,NaN,NaN,NaN,NaN,NaN,NaN
8,NaN,NaN,NaN,NaN,NaN,NaN,NaN,NaN
9,NaN,NaN,NaN,NaN,NaN,NaN,NaN,NaN
10,NaN,NaN,NaN,NaN,NaN,NaN,NaN,NaN
11,NaN,NaN,NaN,NaN,NaN,NaN,NaN,NaN
1,NaN,NaN,NaN,NaN,NaN,NaN,NaN,NaN
2,NaN,NaN,NaN,NaN,NaN,NaN,NaN,NaN
3,NaN,NaN,NaN,NaN,NaN,NaN,NaN,NaN
4,NaN,NaN,NaN,NaN,NaN,NaN,NaN,NaN
5,NaN,NaN,NaN,NaN,NaN,NaN,NaN,NaN
6,NaN,NaN,NaN,NaN,NaN,NaN,NaN,NaN
7,NaN,NaN,NaN,NaN,NaN,NaN,NaN,NaN
8,NaN,NaN,NaN,NaN,NaN,NaN,NaN,NaN
9,NaN,NaN,NaN,NaN,NaN,NaN,NaN,NaN
10,NaN,NaN,NaN,NaN,NaN,NaN,NaN,NaN
11,NaN,NaN,NaN,NaN,NaN,NaN,NaN,NaN
1,NaN,NaN,NaN,NaN,NaN,NaN,NaN,NaN
2,NaN,NaN,NaN,NaN,NaN,NaN,NaN,NaN
3,NaN,NaN,NaN,NaN,NaN,NaN,NaN,NaN
4,NaN,NaN,NaN,NaN,NaN,NaN,NaN,NaN
5,NaN,NaN,NaN,NaN,NaN,NaN,NaN,NaN
6,NaN,NaN,NaN,NaN,NaN,NaN,NaN,NaN
7,NaN,NaN,NaN,NaN,NaN,NaN,NaN,NaN
8,NaN,NaN,NaN,NaN,NaN,NaN,NaN,NaN
9,NaN,NaN,NaN,NaN,NaN,NaN,NaN,NaN
10,NaN,NaN,NaN,NaN,NaN,NaN,NaN,NaN
11,NaN,NaN,NaN,NaN,NaN,NaN,NaN,NaN
1,NaN,NaN,NaN,NaN,NaN,NaN,NaN,NaN
2,NaN,NaN,NaN,NaN,NaN,NaN,NaN,NaN
3,NaN,NaN,NaN,NaN,NaN,NaN,NaN,NaN
4,NaN,NaN,NaN,NaN,NaN,NaN,NaN,NaN
5,NaN,NaN,NaN,NaN,NaN,NaN,NaN,NaN
6,NaN,NaN,NaN,NaN,NaN,NaN,NaN,NaN
7,NaN,NaN,NaN,NaN,NaN,NaN,NaN,NaN
8,NaN,NaN,NaN,NaN,NaN,NaN,NaN,NaN
9,NaN,NaN,NaN,NaN,NaN,NaN,NaN,NaN
10,NaN,NaN,NaN,NaN,NaN,NaN,NaN,NaN
11,NaN,NaN,NaN,NaN,NaN,NaN,NaN,NaN
1,NaN,NaN,NaN,NaN,NaN,NaN,NaN,NaN
2,NaN,NaN,NaN,NaN,NaN,NaN,NaN,NaN
3,NaN,NaN,NaN,NaN,NaN,NaN,NaN,NaN
4,NaN,NaN,NaN,NaN,NaN,NaN,NaN,NaN
5,NaN,NaN,NaN,NaN,NaN,NaN,NaN,NaN
6,NaN,NaN,NaN,NaN,NaN,NaN,NaN,NaN
7,NaN,NaN,NaN,NaN,NaN,NaN,NaN,NaN
8,NaN,NaN,NaN,NaN,NaN,NaN,NaN,NaN
9,NaN,NaN,NaN,NaN,NaN,NaN,NaN,NaN
10,NaN,NaN,NaN,NaN,NaN,NaN,NaN,NaN
11,NaN,NaN,NaN,NaN,NaN,NaN,NaN,NaN
1,NaN,NaN,NaN,NaN,NaN,NaN,NaN,NaN
2,NaN,NaN,NaN,NaN,NaN,NaN,NaN,NaN
3,NaN,NaN,NaN,NaN,NaN,NaN,NaN,NaN
4,NaN,NaN,NaN,NaN,NaN,NaN,NaN,NaN
5,NaN,NaN,NaN,NaN,NaN,NaN,NaN,NaN
6,NaN,NaN,NaN,NaN,NaN,NaN,NaN,NaN
7,NaN,NaN,NaN,NaN,NaN,NaN,NaN,NaN
8,NaN,NaN,NaN,NaN,NaN,NaN,NaN,NaN
9,NaN,NaN,NaN,NaN,NaN,NaN,NaN,NaN
10,NaN,NaN,NaN,NaN,NaN,NaN,NaN,NaN
11,NaN,NaN,NaN,NaN,NaN,NaN,NaN,NaN
1,NaN,NaN,NaN,NaN,NaN,NaN,NaN,NaN
2,NaN,NaN,NaN,NaN,NaN,NaN,NaN,NaN
3,NaN,NaN,NaN,NaN,NaN,NaN,NaN,NaN
4,NaN,NaN,NaN,NaN,NaN,NaN,NaN,NaN
5,NaN,NaN,NaN,NaN,NaN,NaN,NaN,NaN
6,NaN,NaN,NaN,NaN,NaN,NaN,NaN,NaN
7,NaN,NaN,NaN,NaN,NaN,NaN,NaN,NaN
8,NaN,NaN,NaN,NaN,NaN,NaN,NaN,NaN
9,NaN,NaN,NaN,NaN,NaN,NaN,NaN,NaN
10,NaN,NaN,NaN,NaN,NaN,NaN,NaN,NaN
11,NaN,NaN,NaN,NaN,NaN,NaN,NaN,NaN
1,NaN,NaN,NaN,NaN,NaN,NaN,NaN,NaN
2,NaN,NaN,NaN,NaN,NaN,NaN,NaN,NaN
3,NaN,NaN,NaN,NaN,NaN,NaN,NaN,NaN
4,NaN,NaN,NaN,NaN,NaN,NaN,NaN,NaN
5,NaN,NaN,NaN,NaN,NaN,NaN,NaN,NaN
6,NaN,NaN,NaN,NaN,NaN,NaN,NaN,NaN
7,NaN,NaN,NaN,NaN,NaN,NaN,NaN,NaN
8,NaN,NaN,NaN,NaN,NaN,NaN,NaN,NaN
9,NaN,NaN,NaN,NaN,NaN,NaN,NaN,NaN
10,NaN,NaN,NaN,NaN,NaN,NaN,NaN,NaN
11,NaN,NaN,NaN,NaN,NaN,NaN,NaN,NaN
1,NaN,NaN,NaN,NaN,NaN,NaN,NaN,NaN
2,NaN,NaN,NaN,NaN,NaN,NaN,NaN,NaN
3,NaN,NaN,NaN,NaN,NaN,NaN,NaN,NaN
4,NaN,NaN,NaN,NaN,NaN,NaN,NaN,NaN
5,NaN,NaN,NaN,NaN,NaN,NaN,NaN,NaN
6,NaN,NaN,NaN,NaN,NaN,NaN,NaN,NaN
7,NaN,NaN,NaN,NaN,NaN,NaN,NaN,NaN
8,NaN,NaN,NaN,NaN,NaN,NaN,NaN,NaN
9,NaN,NaN,NaN,NaN,NaN,NaN,NaN,NaN
10,NaN,NaN,NaN,NaN,NaN,NaN,NaN,NaN
11,NaN,NaN,NaN,NaN,NaN,NaN,NaN,NaN
1,NaN,NaN,NaN,NaN,NaN,NaN,NaN,NaN
2,NaN,NaN,NaN,NaN,NaN,NaN,NaN,NaN
3,NaN,NaN,NaN,NaN,NaN,NaN,NaN,NaN
4,NaN,NaN,NaN,NaN,NaN,NaN,NaN,NaN
5,NaN,NaN,NaN,NaN,NaN,NaN,NaN,NaN
6,NaN,NaN,NaN,NaN,NaN,NaN,NaN,NaN
7,NaN,NaN,NaN,NaN,NaN,NaN,NaN,NaN
8,NaN,NaN,NaN,NaN,NaN,NaN,NaN,NaN
9,NaN,NaN,NaN,NaN,NaN,NaN,NaN,NaN
10,NaN,NaN,NaN,NaN,NaN,NaN,NaN,NaN
11,NaN,NaN,NaN,NaN,NaN,NaN,NaN,NaN
1,NaN,NaN,NaN,NaN,NaN,NaN,NaN,NaN
2,NaN,NaN,NaN,NaN,NaN,NaN,NaN,NaN
3,NaN,NaN,NaN,NaN,NaN,NaN,NaN,NaN
4,NaN,NaN,NaN,NaN,NaN,NaN,NaN,NaN
5,NaN,NaN,NaN,NaN,NaN,NaN,NaN,NaN
6,NaN,NaN,NaN,NaN,NaN,NaN,NaN,NaN
7,NaN,NaN,NaN,NaN,NaN,NaN,NaN,NaN
8,NaN,NaN,NaN,NaN,NaN,NaN,NaN,NaN
9,NaN,NaN,NaN,NaN,NaN,NaN,NaN,NaN
10,NaN,NaN,NaN,NaN,NaN,NaN,NaN,NaN
11,NaN,NaN,NaN,NaN,NaN,NaN,NaN,NaN
1,NaN,NaN,NaN,NaN,NaN,NaN,NaN,NaN
2,NaN,NaN,NaN,NaN,NaN,NaN,NaN,NaN
3,NaN,NaN,NaN,NaN,NaN,NaN,NaN,NaN
4,NaN,NaN,NaN,NaN,NaN,NaN,NaN,NaN
5,NaN,NaN,NaN,NaN,NaN,NaN,NaN,NaN
6,NaN,NaN,NaN,NaN,NaN,NaN,NaN,NaN
7,NaN,NaN,NaN,NaN,NaN,NaN,NaN,NaN
8,NaN,NaN,NaN,NaN,NaN,NaN,NaN,NaN
9,NaN,NaN,NaN,NaN,NaN,NaN,NaN,NaN
10,NaN,NaN,NaN,NaN,NaN,NaN,NaN,NaN
11,NaN,NaN,NaN,NaN,NaN,NaN,NaN,NaN
1,NaN,NaN,NaN,NaN,NaN,NaN,NaN,NaN
2,NaN,NaN,NaN,NaN,NaN,NaN,NaN,NaN
3,NaN,NaN,NaN,NaN,NaN,NaN,NaN,NaN
4,NaN,NaN,NaN,NaN,NaN,NaN,NaN,NaN
5,NaN,NaN,NaN,NaN,NaN,NaN,NaN,NaN
6,NaN,NaN,NaN,NaN,NaN,NaN,NaN,NaN
7,NaN,NaN,NaN,NaN,NaN,NaN,NaN,NaN
8,NaN,NaN,NaN,NaN,NaN,NaN,NaN,NaN
9,NaN,NaN,NaN,NaN,NaN,NaN,NaN,NaN
10,NaN,NaN,NaN,NaN,NaN,NaN,NaN,NaN
11,NaN,NaN,NaN,NaN,NaN,NaN,NaN,NaN
1,NaN,NaN,NaN,NaN,NaN,NaN,NaN,NaN
2,NaN,NaN,NaN,NaN,NaN,NaN,NaN,NaN
3,NaN,NaN,NaN,NaN,NaN,NaN,NaN,NaN
4,NaN,NaN,NaN,NaN,NaN,NaN,NaN,NaN
5,NaN,NaN,NaN,NaN,NaN,NaN,NaN,NaN
6,NaN,NaN,NaN,NaN,NaN,NaN,NaN,NaN
7,NaN,NaN,NaN,NaN,NaN,NaN,NaN,NaN
8,NaN,NaN,NaN,NaN,NaN,NaN,NaN,NaN
9,NaN,NaN,NaN,NaN,NaN,NaN,NaN,NaN
10,NaN,NaN,NaN,NaN,NaN,NaN,NaN,NaN
11,NaN,NaN,NaN,NaN,NaN,NaN,NaN,NaN
1,NaN,NaN,NaN,NaN,NaN,NaN,NaN,NaN
2,NaN,NaN,NaN,NaN,NaN,NaN,NaN,NaN
3,NaN,NaN,NaN,NaN,NaN,NaN,NaN,NaN
4,NaN,NaN,NaN,NaN,NaN,NaN,NaN,NaN
5,NaN,NaN,NaN,NaN,NaN,NaN,NaN,NaN
6,NaN,NaN,NaN,NaN,NaN,NaN,NaN,NaN
7,NaN,NaN,NaN,NaN,NaN,NaN,NaN,NaN
8,NaN,NaN,NaN,NaN,NaN,NaN,NaN,NaN
9,NaN,NaN,NaN,NaN,NaN,NaN,NaN,NaN
10,NaN,NaN,NaN,NaN,NaN,NaN,NaN,NaN
11,NaN,NaN,NaN,NaN,NaN,NaN,NaN,NaN
1,NaN,NaN,NaN,NaN,NaN,NaN,NaN,NaN
2,NaN,NaN,NaN,NaN,NaN,NaN,NaN,NaN
3,NaN,NaN,NaN,NaN,NaN,NaN,NaN,NaN
4,NaN,NaN,NaN,NaN,NaN,NaN,NaN,NaN
5,NaN,NaN,NaN,NaN,NaN,NaN,NaN,NaN
6,NaN,NaN,NaN,NaN,NaN,NaN,NaN,NaN
7,NaN,NaN,NaN,NaN,NaN,NaN,NaN,NaN
8,NaN,NaN,NaN,NaN,NaN,NaN,NaN,NaN
9,NaN,NaN,NaN,NaN,NaN,NaN,NaN,NaN
10,NaN,NaN,NaN,NaN,NaN,NaN,NaN,NaN
11,NaN,NaN,NaN,NaN,NaN,NaN,NaN,NaN
1,NaN,NaN,NaN,NaN,NaN,NaN,NaN,NaN
2,NaN,NaN,NaN,NaN,NaN,NaN,NaN,NaN
3,NaN,NaN,NaN,NaN,NaN,NaN,NaN,NaN
4,NaN,NaN,NaN,NaN,NaN,NaN,NaN,NaN
5,NaN,NaN,NaN,NaN,NaN,NaN,NaN,NaN
6,NaN,NaN,NaN,NaN,NaN,NaN,NaN,NaN
7,NaN,NaN,NaN,NaN,NaN,NaN,NaN,NaN
8,NaN,NaN,NaN,NaN,NaN,NaN,NaN,NaN
9,NaN,NaN,NaN,NaN,NaN,NaN,NaN,NaN
10,NaN,NaN,NaN,NaN,NaN,NaN,NaN,NaN
11,NaN,NaN,NaN,NaN,NaN,NaN,NaN,NaN
1,NaN,NaN,NaN,NaN,NaN,NaN,NaN,NaN
2,NaN,NaN,NaN,NaN,NaN,NaN,NaN,NaN
3,NaN,NaN,NaN,NaN,NaN,NaN,NaN,NaN
4,NaN,NaN,NaN,NaN,NaN,NaN,NaN,NaN
5,NaN,NaN,NaN,NaN,NaN,NaN,NaN,NaN
6,NaN,NaN,NaN,NaN,NaN,NaN,NaN,NaN
7,NaN,NaN,NaN,NaN,NaN,NaN,NaN,NaN
8,NaN,NaN,NaN,NaN,NaN,NaN,NaN,NaN
9,NaN,NaN,NaN,NaN,NaN,NaN,NaN,NaN
10,NaN,NaN,NaN,NaN,NaN,NaN,NaN,NaN
11,NaN,NaN,NaN,NaN,NaN,NaN,NaN,NaN
1,NaN,NaN,NaN,NaN,NaN,NaN,NaN,NaN
2,NaN,NaN,NaN,NaN,NaN,NaN,NaN,NaN
3,NaN,NaN,NaN,NaN,NaN,NaN,NaN,NaN
4,NaN,NaN,NaN,NaN,NaN,NaN,NaN,NaN
5,NaN,NaN,NaN,NaN,NaN,NaN,NaN,NaN
6,NaN,NaN,NaN,NaN,NaN,NaN,NaN,NaN
7,NaN,NaN,NaN,NaN,NaN,NaN,NaN,NaN
8,NaN,NaN,NaN,NaN,NaN,NaN,NaN,NaN
9,NaN,NaN,NaN,NaN,NaN,NaN,NaN,NaN
10,NaN,NaN,NaN,NaN,NaN,NaN,NaN,NaN
11,NaN,NaN,NaN,NaN,NaN,NaN,NaN,NaN
1,NaN,NaN,NaN,NaN,NaN,NaN,NaN,NaN
2,NaN,NaN,NaN,NaN,NaN,NaN,NaN,NaN
3,NaN,NaN,NaN,NaN,NaN,NaN,NaN,NaN
4,NaN,NaN,NaN,NaN,NaN,NaN,NaN,NaN
5,NaN,NaN,NaN,NaN,NaN,NaN,NaN,NaN
6,NaN,NaN,NaN,NaN,NaN,NaN,NaN,NaN
7,NaN,NaN,NaN,NaN,NaN,NaN,NaN,NaN
8,NaN,NaN,NaN,NaN,NaN,NaN,NaN,NaN
9,NaN,NaN,NaN,NaN,NaN,NaN,NaN,NaN
10,NaN,NaN,NaN,NaN,NaN,NaN,NaN,NaN
11,NaN,NaN,NaN,NaN,NaN,NaN,NaN,NaN
1,NaN,NaN,NaN,NaN,NaN,NaN,NaN,NaN
2,NaN,NaN,NaN,NaN,NaN,NaN,NaN,NaN
3,NaN,NaN,NaN,NaN,NaN,NaN,NaN,NaN
4,NaN,NaN,NaN,NaN,NaN,NaN,NaN,NaN
5,NaN,NaN,NaN,NaN,NaN,NaN,NaN,NaN
6,NaN,NaN,NaN,NaN,NaN,NaN,NaN,NaN
7,NaN,NaN,NaN,NaN,NaN,NaN,NaN,NaN
8,NaN,NaN,NaN,NaN,NaN,NaN,NaN,NaN
9,NaN,NaN,NaN,NaN,NaN,NaN,NaN,NaN
10,NaN,NaN,NaN,NaN,NaN,NaN,NaN,NaN
11,NaN,NaN,NaN,NaN,NaN,NaN,NaN,NaN
1,NaN,NaN,NaN,NaN,NaN,NaN,NaN,NaN
2,NaN,NaN,NaN,NaN,NaN,NaN,NaN,NaN
3,NaN,NaN,NaN,NaN,NaN,NaN,NaN,NaN
4,NaN,NaN,NaN,NaN,NaN,NaN,NaN,NaN
5,NaN,NaN,NaN,NaN,NaN,NaN,NaN,NaN
6,NaN,NaN,NaN,NaN,NaN,NaN,NaN,NaN
7,NaN,NaN,NaN,NaN,NaN,NaN,NaN,NaN
8,NaN,NaN,NaN,NaN,NaN,NaN,NaN,NaN
9,NaN,NaN,NaN,NaN,NaN,NaN,NaN,NaN
10,NaN,NaN,NaN,NaN,NaN,NaN,NaN,NaN
11,NaN,NaN,NaN,NaN,NaN,NaN,NaN,NaN
1,NaN,NaN,NaN,NaN,NaN,NaN,NaN,NaN
2,NaN,NaN,NaN,NaN,NaN,NaN,NaN,NaN
3,NaN,NaN,NaN,NaN,NaN,NaN,NaN,NaN
4,NaN,NaN,NaN,NaN,NaN,NaN,NaN,NaN
5,NaN,NaN,NaN,NaN,NaN,NaN,NaN,NaN
6,NaN,NaN,NaN,NaN,NaN,NaN,NaN,NaN
7,NaN,NaN,NaN,NaN,NaN,NaN,NaN,NaN
8,NaN,NaN,NaN,NaN,NaN,NaN,NaN,NaN
9,NaN,NaN,NaN,NaN,NaN,NaN,NaN,NaN
10,NaN,NaN,NaN,NaN,NaN,NaN,NaN,NaN
11,NaN,NaN,NaN,NaN,NaN,NaN,NaN,NaN
1,NaN,NaN,NaN,NaN,NaN,NaN,NaN,NaN
2,NaN,NaN,NaN,NaN,NaN,NaN,NaN,NaN
3,NaN,NaN,NaN,NaN,NaN,NaN,NaN,NaN
4,NaN,NaN,NaN,NaN,NaN,NaN,NaN,NaN
5,NaN,NaN,NaN,NaN,NaN,NaN,NaN,NaN
6,NaN,NaN,NaN,NaN,NaN,NaN,NaN,NaN
7,NaN,NaN,NaN,NaN,NaN,NaN,NaN,NaN
8,NaN,NaN,NaN,NaN,NaN,NaN,NaN,NaN
9,NaN,NaN,NaN,NaN,NaN,NaN,NaN,NaN
10,NaN,NaN,NaN,NaN,NaN,NaN,NaN,NaN
11,NaN,NaN,NaN,NaN,NaN,NaN,NaN,NaN
1,NaN,NaN,NaN,NaN,NaN,NaN,NaN,NaN
2,NaN,NaN,NaN,NaN,NaN,NaN,NaN,NaN
3,NaN,NaN,NaN,NaN,NaN,NaN,NaN,NaN
4,NaN,NaN,NaN,NaN,NaN,NaN,NaN,NaN
5,NaN,NaN,NaN,NaN,NaN,NaN,NaN,NaN
6,NaN,NaN,NaN,NaN,NaN,NaN,NaN,NaN
7,NaN,NaN,NaN,NaN,NaN,NaN,NaN,NaN
8,NaN,NaN,NaN,NaN,NaN,NaN,NaN,NaN
9,NaN,NaN,NaN,NaN,NaN,NaN,NaN,NaN
10,NaN,NaN,NaN,NaN,NaN,NaN,NaN,NaN
11,NaN,NaN,NaN,NaN,NaN,NaN,NaN,NaN
1,NaN,NaN,NaN,NaN,NaN,NaN,NaN,NaN
2,NaN,NaN,NaN,NaN,NaN,NaN,NaN,NaN
3,NaN,NaN,NaN,NaN,NaN,NaN,NaN,NaN
4,NaN,NaN,NaN,NaN,NaN,NaN,NaN,NaN
5,NaN,NaN,NaN,NaN,NaN,NaN,NaN,NaN
6,NaN,NaN,NaN,NaN,NaN,NaN,NaN,NaN
7,NaN,NaN,NaN,NaN,NaN,NaN,NaN,NaN
8,NaN,NaN,NaN,NaN,NaN,NaN,NaN,NaN
9,NaN,NaN,NaN,NaN,NaN,NaN,NaN,NaN
10,NaN,NaN,NaN,NaN,NaN,NaN,NaN,NaN
11,NaN,NaN,NaN,NaN,NaN,NaN,NaN,NaN
1,NaN,NaN,NaN,NaN,NaN,NaN,NaN,NaN
2,NaN,NaN,NaN,NaN,NaN,NaN,NaN,NaN
3,NaN,NaN,NaN,NaN,NaN,NaN,NaN,NaN
4,NaN,NaN,NaN,NaN,NaN,NaN,NaN,NaN
5,NaN,NaN,NaN,NaN,NaN,NaN,NaN,NaN
6,NaN,NaN,NaN,NaN,NaN,NaN,NaN,NaN
7,NaN,NaN,NaN,NaN,NaN,NaN,NaN,NaN
8,NaN,NaN,NaN,NaN,NaN,NaN,NaN,NaN
9,NaN,NaN,NaN,NaN,NaN,NaN,NaN,NaN
10,NaN,NaN,NaN,NaN,NaN,NaN,NaN,NaN
11,NaN,NaN,NaN,NaN,NaN,NaN,NaN,NaN
1,NaN,NaN,NaN,NaN,NaN,NaN,NaN,NaN
2,NaN,NaN,NaN,NaN,NaN,NaN,NaN,NaN
3,NaN,NaN,NaN,NaN,NaN,NaN,NaN,NaN
4,NaN,NaN,NaN,NaN,NaN,NaN,NaN,NaN
5,NaN,NaN,NaN,NaN,NaN,NaN,NaN,NaN
6,NaN,NaN,NaN,NaN,NaN,NaN,NaN,NaN
7,NaN,NaN,NaN,NaN,NaN,NaN,NaN,NaN
8,NaN,NaN,NaN,NaN,NaN,NaN,NaN,NaN
9,NaN,NaN,NaN,NaN,NaN,NaN,NaN,NaN
10,NaN,NaN,NaN,NaN,NaN,NaN,NaN,NaN
11,NaN,NaN,NaN,NaN,NaN,NaN,NaN,NaN
1,NaN,NaN,NaN,NaN,NaN,NaN,NaN,NaN
2,NaN,NaN,NaN,NaN,NaN,NaN,NaN,NaN
3,NaN,NaN,NaN,NaN,NaN,NaN,NaN,NaN
4,NaN,NaN,NaN,NaN,NaN,NaN,NaN,NaN
5,NaN,NaN,NaN,NaN,NaN,NaN,NaN,NaN
6,NaN,NaN,NaN,NaN,NaN,NaN,NaN,NaN
7,NaN,NaN,NaN,NaN,NaN,NaN,NaN,NaN
8,NaN,NaN,NaN,NaN,NaN,NaN,NaN,NaN
9,NaN,NaN,NaN,NaN,NaN,NaN,NaN,NaN
10,NaN,NaN,NaN,NaN,NaN,NaN,NaN,NaN
11,NaN,NaN,NaN,NaN,NaN,NaN,NaN,NaN
1,NaN,NaN,NaN,NaN,NaN,NaN,NaN,NaN
2,NaN,NaN,NaN,NaN,NaN,NaN,NaN,NaN
3,NaN,NaN,NaN,NaN,NaN,NaN,NaN,NaN
4,NaN,NaN,NaN,NaN,NaN,NaN,NaN,NaN
5,NaN,NaN,NaN,NaN,NaN,NaN,NaN,NaN
6,NaN,NaN,NaN,NaN,NaN,NaN,NaN,NaN
7,NaN,NaN,NaN,NaN,NaN,NaN,NaN,NaN
8,NaN,NaN,NaN,NaN,NaN,NaN,NaN,NaN
9,NaN,NaN,NaN,NaN,NaN,NaN,NaN,NaN
10,NaN,NaN,NaN,NaN,NaN,NaN,NaN,NaN
11,NaN,NaN,NaN,NaN,NaN,NaN,NaN,NaN
1,NaN,NaN,NaN,NaN,NaN,NaN,NaN,NaN
2,NaN,NaN,NaN,NaN,NaN,NaN,NaN,NaN
3,NaN,NaN,NaN,NaN,NaN,NaN,NaN,NaN
4,NaN,NaN,NaN,NaN,NaN,NaN,NaN,NaN
5,NaN,NaN,NaN,NaN,NaN,NaN,NaN,NaN
6,NaN,NaN,NaN,NaN,NaN,NaN,NaN,NaN
7,NaN,NaN,NaN,NaN,NaN,NaN,NaN,NaN
8,NaN,NaN,NaN,NaN,NaN,NaN,NaN,NaN
9,NaN,NaN,NaN,NaN,NaN,NaN,NaN,NaN
10,NaN,NaN,NaN,NaN,NaN,NaN,NaN,NaN
11,NaN,NaN,NaN,NaN,NaN,NaN,NaN,NaN
1,NaN,NaN,NaN,NaN,NaN,NaN,NaN,NaN
2,NaN,NaN,NaN,NaN,NaN,NaN,NaN,NaN
3,NaN,NaN,NaN,NaN,NaN,NaN,NaN,NaN
4,NaN,NaN,NaN,NaN,NaN,NaN,NaN,NaN
5,NaN,NaN,NaN,NaN,NaN,NaN,NaN,NaN
6,NaN,NaN,NaN,NaN,NaN,NaN,NaN,NaN
7,NaN,NaN,NaN,NaN,NaN,NaN,NaN,NaN
8,NaN,NaN,NaN,NaN,NaN,NaN,NaN,NaN
9,NaN,NaN,NaN,NaN,NaN,NaN,NaN,NaN
10,NaN,NaN,NaN,NaN,NaN,NaN,NaN,NaN
11,NaN,NaN,NaN,NaN,NaN,NaN,NaN,NaN
1,NaN,NaN,NaN,NaN,NaN,NaN,NaN,NaN
2,NaN,NaN,NaN,NaN,NaN,NaN,NaN,NaN
3,NaN,NaN,NaN,NaN,NaN,NaN,NaN,NaN
4,NaN,NaN,NaN,NaN,NaN,NaN,NaN,NaN
5,NaN,NaN,NaN,NaN,NaN,NaN,NaN,NaN
6,NaN,NaN,NaN,NaN,NaN,NaN,NaN,NaN
7,NaN,NaN,NaN,NaN,NaN,NaN,NaN,NaN
8,NaN,NaN,NaN,NaN,NaN,NaN,NaN,NaN
9,NaN,NaN,NaN,NaN,NaN,NaN,NaN,NaN
10,NaN,NaN,NaN,NaN,NaN,NaN,NaN,NaN
11,NaN,NaN,NaN,NaN,NaN,NaN,NaN,NaN
1,NaN,NaN,NaN,NaN,NaN,NaN,NaN,NaN
2,NaN,NaN,NaN,NaN,NaN,NaN,NaN,NaN
3,NaN,NaN,NaN,NaN,NaN,NaN,NaN,NaN
4,NaN,NaN,NaN,NaN,NaN,NaN,NaN,NaN
5,NaN,NaN,NaN,NaN,NaN,NaN,NaN,NaN
6,NaN,NaN,NaN,NaN,NaN,NaN,NaN,NaN
7,NaN,NaN,NaN,NaN,NaN,NaN,NaN,NaN
8,NaN,NaN,NaN,NaN,NaN,NaN,NaN,NaN
9,NaN,NaN,NaN,NaN,NaN,NaN,NaN,NaN
10,NaN,NaN,NaN,NaN,NaN,NaN,NaN,NaN
11,NaN,NaN,NaN,NaN,NaN,NaN,NaN,NaN
1,NaN,NaN,NaN,NaN,NaN,NaN,NaN,NaN
2,NaN,NaN,NaN,NaN,NaN,NaN,NaN,NaN
3,NaN,NaN,NaN,NaN,NaN,NaN,NaN,NaN
4,NaN,NaN,NaN,NaN,NaN,NaN,NaN,NaN
5,NaN,NaN,NaN,NaN,NaN,NaN,NaN,NaN
6,NaN,NaN,NaN,NaN,NaN,NaN,NaN,NaN
7,NaN,NaN,NaN,NaN,NaN,NaN,NaN,NaN
8,NaN,NaN,NaN,NaN,NaN,NaN,NaN,NaN
9,NaN,NaN,NaN,NaN,NaN,NaN,NaN,NaN
10,NaN,NaN,NaN,NaN,NaN,NaN,NaN,NaN
11,NaN,NaN,NaN,NaN,NaN,NaN,NaN,NaN
1,NaN,NaN,NaN,NaN,NaN,NaN,NaN,NaN
2,NaN,NaN,NaN,NaN,NaN,NaN,NaN,NaN
3,NaN,NaN,NaN,NaN,NaN,NaN,NaN,NaN
4,NaN,NaN,NaN,NaN,NaN,NaN,NaN,NaN
5,NaN,NaN,NaN,NaN,NaN,NaN,NaN,NaN
6,NaN,NaN,NaN,NaN,NaN,NaN,NaN,NaN
7,NaN,NaN,NaN,NaN,NaN,NaN,NaN,NaN
8,NaN,NaN,NaN,NaN,NaN,NaN,NaN,NaN
9,NaN,NaN,NaN,NaN,NaN,NaN,NaN,NaN
10,NaN,NaN,NaN,NaN,NaN,NaN,NaN,NaN
11,NaN,NaN,NaN,NaN,NaN,NaN,NaN,NaN
1,NaN,NaN,NaN,NaN,NaN,NaN,NaN,NaN
2,NaN,NaN,NaN,NaN,NaN,NaN,NaN,NaN
3,NaN,NaN,NaN,NaN,NaN,NaN,NaN,NaN
4,NaN,NaN,NaN,NaN,NaN,NaN,NaN,NaN
5,NaN,NaN,NaN,NaN,NaN,NaN,NaN,NaN
6,NaN,NaN,NaN,NaN,NaN,NaN,NaN,NaN
7,NaN,NaN,NaN,NaN,NaN,NaN,NaN,NaN
8,NaN,NaN,NaN,NaN,NaN,NaN,NaN,NaN
9,NaN,NaN,NaN,NaN,NaN,NaN,NaN,NaN
10,NaN,NaN,NaN,NaN,NaN,NaN,NaN,NaN
11,NaN,NaN,NaN,NaN,NaN,NaN,NaN,NaN
1,NaN,NaN,NaN,NaN,NaN,NaN,NaN,NaN
2,NaN,NaN,NaN,NaN,NaN,NaN,NaN,NaN
3,NaN,NaN,NaN,NaN,NaN,NaN,NaN,NaN
4,NaN,NaN,NaN,NaN,NaN,NaN,NaN,NaN
5,NaN,NaN,NaN,NaN,NaN,NaN,NaN,NaN
6,NaN,NaN,NaN,NaN,NaN,NaN,NaN,NaN
7,NaN,NaN,NaN,NaN,NaN,NaN,NaN,NaN
8,NaN,NaN,NaN,NaN,NaN,NaN,NaN,NaN
9,NaN,NaN,NaN,NaN,NaN,NaN,NaN,NaN
10,NaN,NaN,NaN,NaN,NaN,NaN,NaN,NaN
11,NaN,NaN,NaN,NaN,NaN,NaN,NaN,NaN
1,NaN,NaN,NaN,NaN,NaN,NaN,NaN,NaN
2,NaN,NaN,NaN,NaN,NaN,NaN,NaN,NaN
3,NaN,NaN,NaN,NaN,NaN,NaN,NaN,NaN
4,NaN,NaN,NaN,NaN,NaN,NaN,NaN,NaN
5,NaN,NaN,NaN,NaN,NaN,NaN,NaN,NaN
6,NaN,NaN,NaN,NaN,NaN,NaN,NaN,NaN
7,NaN,NaN,NaN,NaN,NaN,NaN,NaN,NaN
8,NaN,NaN,NaN,NaN,NaN,NaN,NaN,NaN
9,NaN,NaN,NaN,NaN,NaN,NaN,NaN,NaN
10,NaN,NaN,NaN,NaN,NaN,NaN,NaN,NaN
11,NaN,NaN,NaN,NaN,NaN,NaN,NaN,NaN
1,NaN,NaN,NaN,NaN,NaN,NaN,NaN,NaN
2,NaN,NaN,NaN,NaN,NaN,NaN,NaN,NaN
3,NaN,NaN,NaN,NaN,NaN,NaN,NaN,NaN
4,NaN,NaN,NaN,NaN,NaN,NaN,NaN,NaN
5,NaN,NaN,NaN,NaN,NaN,NaN,NaN,NaN
6,NaN,NaN,NaN,NaN,NaN,NaN,NaN,NaN
7,NaN,NaN,NaN,NaN,NaN,NaN,NaN,NaN
8,NaN,NaN,NaN,NaN,NaN,NaN,NaN,NaN
9,NaN,NaN,NaN,NaN,NaN,NaN,NaN,NaN
10,NaN,NaN,NaN,NaN,NaN,NaN,NaN,NaN
11,NaN,NaN,NaN,NaN,NaN,NaN,NaN,NaN
1,NaN,NaN,NaN,NaN,NaN,NaN,NaN,NaN
2,NaN,NaN,NaN,NaN,NaN,NaN,NaN,NaN
3,NaN,NaN,NaN,NaN,NaN,NaN,NaN,NaN
4,NaN,NaN,NaN,NaN,NaN,NaN,NaN,NaN
5,NaN,NaN,NaN,NaN,NaN,NaN,NaN,NaN
6,NaN,NaN,NaN,NaN,NaN,NaN,NaN,NaN
7,NaN,NaN,NaN,NaN,NaN,NaN,NaN,NaN
8,NaN,NaN,NaN,NaN,NaN,NaN,NaN,NaN
9,NaN,NaN,NaN,NaN,NaN,NaN,NaN,NaN
10,NaN,NaN,NaN,NaN,NaN,NaN,NaN,NaN
11,NaN,NaN,NaN,NaN,NaN,NaN,NaN,NaN
1,NaN,NaN,NaN,NaN,NaN,NaN,NaN,NaN
2,NaN,NaN,NaN,NaN,NaN,NaN,NaN,NaN
3,NaN,NaN,NaN,NaN,NaN,NaN,NaN,NaN
4,NaN,NaN,NaN,NaN,NaN,NaN,NaN,NaN
5,NaN,NaN,NaN,NaN,NaN,NaN,NaN,NaN
6,NaN,NaN,NaN,NaN,NaN,NaN,NaN,NaN
7,NaN,NaN,NaN,NaN,NaN,NaN,NaN,NaN
8,NaN,NaN,NaN,NaN,NaN,NaN,NaN,NaN
9,NaN,NaN,NaN,NaN,NaN,NaN,NaN,NaN
10,NaN,NaN,NaN,NaN,NaN,NaN,NaN,NaN
11,NaN,NaN,NaN,NaN,NaN,NaN,NaN,NaN
1,NaN,NaN,NaN,NaN,NaN,NaN,NaN,NaN
2,NaN,NaN,NaN,NaN,NaN,NaN,NaN,NaN
3,NaN,NaN,NaN,NaN,NaN,NaN,NaN,NaN
4,NaN,NaN,NaN,NaN,NaN,NaN,NaN,NaN
5,NaN,NaN,NaN,NaN,NaN,NaN,NaN,NaN
6,NaN,NaN,NaN,NaN,NaN,NaN,NaN,NaN
7,NaN,NaN,NaN,NaN,NaN,NaN,NaN,NaN
8,NaN,NaN,NaN,NaN,NaN,NaN,NaN,NaN
9,NaN,NaN,NaN,NaN,NaN,NaN,NaN,NaN
10,NaN,NaN,NaN,NaN,NaN,NaN,NaN,NaN
11,NaN,NaN,NaN,NaN,NaN,NaN,NaN,NaN
1,NaN,NaN,NaN,NaN,NaN,NaN,NaN,NaN
2,NaN,NaN,NaN,NaN,NaN,NaN,NaN,NaN
3,NaN,NaN,NaN,NaN,NaN,NaN,NaN,NaN
4,NaN,NaN,NaN,NaN,NaN,NaN,NaN,NaN
5,NaN,NaN,NaN,NaN,NaN,NaN,NaN,NaN
6,NaN,NaN,NaN,NaN,NaN,NaN,NaN,NaN
7,NaN,NaN,NaN,NaN,NaN,NaN,NaN,NaN
8,NaN,NaN,NaN,NaN,NaN,NaN,NaN,NaN
9,NaN,NaN,NaN,NaN,NaN,NaN,NaN,NaN
10,NaN,NaN,NaN,NaN,NaN,NaN,NaN,NaN
11,NaN,NaN,NaN,NaN,NaN,NaN,NaN,NaN
1,NaN,NaN,NaN,NaN,NaN,NaN,NaN,NaN
2,NaN,NaN,NaN,NaN,NaN,NaN,NaN,NaN
3,NaN,NaN,NaN,NaN,NaN,NaN,NaN,NaN
4,NaN,NaN,NaN,NaN,NaN,NaN,NaN,NaN
5,NaN,NaN,NaN,NaN,NaN,NaN,NaN,NaN
6,NaN,NaN,NaN,NaN,NaN,NaN,NaN,NaN
7,NaN,NaN,NaN,NaN,NaN,NaN,NaN,NaN
8,NaN,NaN,NaN,NaN,NaN,NaN,NaN,NaN
9,NaN,NaN,NaN,NaN,NaN,NaN,NaN,NaN
10,NaN,NaN,NaN,NaN,NaN,NaN,NaN,NaN
11,NaN,NaN,NaN,NaN,NaN,NaN,NaN,NaN
1,NaN,NaN,NaN,NaN,NaN,NaN,NaN,NaN
2,NaN,NaN,NaN,NaN,NaN,NaN,NaN,NaN
3,NaN,NaN,NaN,NaN,NaN,NaN,NaN,NaN
4,NaN,NaN,NaN,NaN,NaN,NaN,NaN,NaN
5,NaN,NaN,NaN,NaN,NaN,NaN,NaN,NaN
6,NaN,NaN,NaN,NaN,NaN,NaN,NaN,NaN
7,NaN,NaN,NaN,NaN,NaN,NaN,NaN,NaN
8,NaN,NaN,NaN,NaN,NaN,NaN,NaN,NaN
9,NaN,NaN,NaN,NaN,NaN,NaN,NaN,NaN
10,NaN,NaN,NaN,NaN,NaN,NaN,NaN,NaN
11,NaN,NaN,NaN,NaN,NaN,NaN,NaN,NaN
1,NaN,NaN,NaN,NaN,NaN,NaN,NaN,NaN
2,NaN,NaN,NaN,NaN,NaN,NaN,NaN,NaN
3,NaN,NaN,NaN,NaN,NaN,NaN,NaN,NaN
4,NaN,NaN,NaN,NaN,NaN,NaN,NaN,NaN
5,NaN,NaN,NaN,NaN,NaN,NaN,NaN,NaN
6,NaN,NaN,NaN,NaN,NaN,NaN,NaN,NaN
7,NaN,NaN,NaN,NaN,NaN,NaN,NaN,NaN
8,NaN,NaN,NaN,NaN,NaN,NaN,NaN,NaN
9,NaN,NaN,NaN,NaN,NaN,NaN,NaN,NaN
10,NaN,NaN,NaN,NaN,NaN,NaN,NaN,NaN
11,NaN,NaN,NaN,NaN,NaN,NaN,NaN,NaN
1,NaN,NaN,NaN,NaN,NaN,NaN,NaN,NaN
2,NaN,NaN,NaN,NaN,NaN,NaN,NaN,NaN
3,NaN,NaN,NaN,NaN,NaN,NaN,NaN,NaN
4,NaN,NaN,NaN,NaN,NaN,NaN,NaN,NaN
5,NaN,NaN,NaN,NaN,NaN,NaN,NaN,NaN
6,NaN,NaN,NaN,NaN,NaN,NaN,NaN,NaN
7,NaN,NaN,NaN,NaN,NaN,NaN,NaN,NaN
8,NaN,NaN,NaN,NaN,NaN,NaN,NaN,NaN
9,NaN,NaN,NaN,NaN,NaN,NaN,NaN,NaN
10,NaN,NaN,NaN,NaN,NaN,NaN,NaN,NaN
11,NaN,NaN,NaN,NaN,NaN,NaN,NaN,NaN
1,NaN,NaN,NaN,NaN,NaN,NaN,NaN,NaN
2,NaN,NaN,NaN,NaN,NaN,NaN,NaN,NaN
3,NaN,NaN,NaN,NaN,NaN,NaN,NaN,NaN
4,NaN,NaN,NaN,NaN,NaN,NaN,NaN,NaN
5,NaN,NaN,NaN,NaN,NaN,NaN,NaN,NaN
6,NaN,NaN,NaN,NaN,NaN,NaN,NaN,NaN
7,NaN,NaN,NaN,NaN,NaN,NaN,NaN,NaN
8,NaN,NaN,NaN,NaN,NaN,NaN,NaN,NaN
9,NaN,NaN,NaN,NaN,NaN,NaN,NaN,NaN
10,NaN,NaN,NaN,NaN,NaN,NaN,NaN,NaN
11,NaN,NaN,NaN,NaN,NaN,NaN,NaN,NaN
1,NaN,NaN,NaN,NaN,NaN,NaN,NaN,NaN
2,NaN,NaN,NaN,NaN,NaN,NaN,NaN,NaN
3,NaN,NaN,NaN,NaN,NaN,NaN,NaN,NaN
4,NaN,NaN,NaN,NaN,NaN,NaN,NaN,NaN
5,NaN,NaN,NaN,NaN,NaN,NaN,NaN,NaN
6,NaN,NaN,NaN,NaN,NaN,NaN,NaN,NaN
7,NaN,NaN,NaN,NaN,NaN,NaN,NaN,NaN
8,NaN,NaN,NaN,NaN,NaN,NaN,NaN,NaN
9,NaN,NaN,NaN,NaN,NaN,NaN,NaN,NaN
10,NaN,NaN,NaN,NaN,NaN,NaN,NaN,NaN
11,NaN,NaN,NaN,NaN,NaN,NaN,NaN,NaN
1,NaN,NaN,NaN,NaN,NaN,NaN,NaN,NaN
2,NaN,NaN,NaN,NaN,NaN,NaN,NaN,NaN
3,NaN,NaN,NaN,NaN,NaN,NaN,NaN,NaN
4,NaN,NaN,NaN,NaN,NaN,NaN,NaN,NaN
5,NaN,NaN,NaN,NaN,NaN,NaN,NaN,NaN
6,NaN,NaN,NaN,NaN,NaN,NaN,NaN,NaN
7,NaN,NaN,NaN,NaN,NaN,NaN,NaN,NaN
8,NaN,NaN,NaN,NaN,NaN,NaN,NaN,NaN
9,NaN,NaN,NaN,NaN,NaN,NaN,NaN,NaN
10,NaN,NaN,NaN,NaN,NaN,NaN,NaN,NaN
11,NaN,NaN,NaN,NaN,NaN,NaN,NaN,NaN
1,NaN,NaN,NaN,NaN,NaN,NaN,NaN,NaN
2,NaN,NaN,NaN,NaN,NaN,NaN,NaN,NaN
3,NaN,NaN,NaN,NaN,NaN,NaN,NaN,NaN
4,NaN,NaN,NaN,NaN,NaN,NaN,NaN,NaN
5,NaN,NaN,NaN,NaN,NaN,NaN,NaN,NaN
6,NaN,NaN,NaN,NaN,NaN,NaN,NaN,NaN
7,NaN,NaN,NaN,NaN,NaN,NaN,NaN,NaN
8,NaN,NaN,NaN,NaN,NaN,NaN,NaN,NaN
9,NaN,NaN,NaN,NaN,NaN,NaN,NaN,NaN
10,NaN,NaN,NaN,NaN,NaN,NaN,NaN,NaN
11,NaN,NaN,NaN,NaN,NaN,NaN,NaN,NaN
1,NaN,NaN,NaN,NaN,NaN,NaN,NaN,NaN
2,NaN,NaN,NaN,NaN,NaN,NaN,NaN,NaN
3,NaN,NaN,NaN,NaN,NaN,NaN,NaN,NaN
4,NaN,NaN,NaN,NaN,NaN,NaN,NaN,NaN
5,NaN,NaN,NaN,NaN,NaN,NaN,NaN,NaN
6,NaN,NaN,NaN,NaN,NaN,NaN,NaN,NaN
7,NaN,NaN,NaN,NaN,NaN,NaN,NaN,NaN
8,NaN,NaN,NaN,NaN,NaN,NaN,NaN,NaN
9,NaN,NaN,NaN,NaN,NaN,NaN,NaN,NaN
10,NaN,NaN,NaN,NaN,NaN,NaN,NaN,NaN
11,NaN,NaN,NaN,NaN,NaN,NaN,NaN,NaN
1,NaN,NaN,NaN,NaN,NaN,NaN,NaN,NaN
2,NaN,NaN,NaN,NaN,NaN,NaN,NaN,NaN
3,NaN,NaN,NaN,NaN,NaN,NaN,NaN,NaN
4,NaN,NaN,NaN,NaN,NaN,NaN,NaN,NaN
5,NaN,NaN,NaN,NaN,NaN,NaN,NaN,NaN
6,NaN,NaN,NaN,NaN,NaN,NaN,NaN,NaN
7,NaN,NaN,NaN,NaN,NaN,NaN,NaN,NaN
8,NaN,NaN,NaN,NaN,NaN,NaN,NaN,NaN
9,NaN,NaN,NaN,NaN,NaN,NaN,NaN,NaN
10,NaN,NaN,NaN,NaN,NaN,NaN,NaN,NaN
11,NaN,NaN,NaN,NaN,NaN,NaN,NaN,NaN
1,NaN,NaN,NaN,NaN,NaN,NaN,NaN,NaN
2,NaN,NaN,NaN,NaN,NaN,NaN,NaN,NaN
3,NaN,NaN,NaN,NaN,NaN,NaN,NaN,NaN
4,NaN,NaN,NaN,NaN,NaN,NaN,NaN,NaN
5,NaN,NaN,NaN,NaN,NaN,NaN,NaN,NaN
6,NaN,NaN,NaN,NaN,NaN,NaN,NaN,NaN
7,NaN,NaN,NaN,NaN,NaN,NaN,NaN,NaN
8,NaN,NaN,NaN,NaN,NaN,NaN,NaN,NaN
9,NaN,NaN,NaN,NaN,NaN,NaN,NaN,NaN
10,NaN,NaN,NaN,NaN,NaN,NaN,NaN,NaN
11,NaN,NaN,NaN,NaN,NaN,NaN,NaN,NaN
1,NaN,NaN,NaN,NaN,NaN,NaN,NaN,NaN
2,NaN,NaN,NaN,NaN,NaN,NaN,NaN,NaN
3,NaN,NaN,NaN,NaN,NaN,NaN,NaN,NaN
4,NaN,NaN,NaN,NaN,NaN,NaN,NaN,NaN
5,NaN,NaN,NaN,NaN,NaN,NaN,NaN,NaN
6,NaN,NaN,NaN,NaN,NaN,NaN,NaN,NaN
7,NaN,NaN,NaN,NaN,NaN,NaN,NaN,NaN
8,NaN,NaN,NaN,NaN,NaN,NaN,NaN,NaN
9,NaN,NaN,NaN,NaN,NaN,NaN,NaN,NaN
10,NaN,NaN,NaN,NaN,NaN,NaN,NaN,NaN
11,NaN,NaN,NaN,NaN,NaN,NaN,NaN,NaN
1,NaN,NaN,NaN,NaN,NaN,NaN,NaN,NaN
2,NaN,NaN,NaN,NaN,NaN,NaN,NaN,NaN
3,NaN,NaN,NaN,NaN,NaN,NaN,NaN,NaN
4,NaN,NaN,NaN,NaN,NaN,NaN,NaN,NaN
5,NaN,NaN,NaN,NaN,NaN,NaN,NaN,NaN
6,NaN,NaN,NaN,NaN,NaN,NaN,NaN,NaN
7,NaN,NaN,NaN,NaN,NaN,NaN,NaN,NaN
8,NaN,NaN,NaN,NaN,NaN,NaN,NaN,NaN
9,NaN,NaN,NaN,NaN,NaN,NaN,NaN,NaN
10,NaN,NaN,NaN,NaN,NaN,NaN,NaN,NaN
11,NaN,NaN,NaN,NaN,NaN,NaN,NaN,NaN
1,NaN,NaN,NaN,NaN,NaN,NaN,NaN,NaN
2,NaN,NaN,NaN,NaN,NaN,NaN,NaN,NaN
3,NaN,NaN,NaN,NaN,NaN,NaN,NaN,NaN
4,NaN,NaN,NaN,NaN,NaN,NaN,NaN,NaN
5,NaN,NaN,NaN,NaN,NaN,NaN,NaN,NaN
6,NaN,NaN,NaN,NaN,NaN,NaN,NaN,NaN
7,NaN,NaN,NaN,NaN,NaN,NaN,NaN,NaN
8,NaN,NaN,NaN,NaN,NaN,NaN,NaN,NaN
9,NaN,NaN,NaN,NaN,NaN,NaN,NaN,NaN
10,NaN,NaN,NaN,NaN,NaN,NaN,NaN,NaN
11,NaN,NaN,NaN,NaN,NaN,NaN,NaN,NaN
1,NaN,NaN,NaN,NaN,NaN,NaN,NaN,NaN
2,NaN,NaN,NaN,NaN,NaN,NaN,NaN,NaN
3,NaN,NaN,NaN,NaN,NaN,NaN,NaN,NaN
4,NaN,NaN,NaN,NaN,NaN,NaN,NaN,NaN
5,NaN,NaN,NaN,NaN,NaN,NaN,NaN,NaN
6,NaN,NaN,NaN,NaN,NaN,NaN,NaN,NaN
7,NaN,NaN,NaN,NaN,NaN,NaN,NaN,NaN
8,NaN,NaN,NaN,NaN,NaN,NaN,NaN,NaN
9,NaN,NaN,NaN,NaN,NaN,NaN,NaN,NaN
10,NaN,NaN,NaN,NaN,NaN,NaN,NaN,NaN
11,NaN,NaN,NaN,NaN,NaN,NaN,NaN,NaN
1,NaN,NaN,NaN,NaN,NaN,NaN,NaN,NaN
2,NaN,NaN,NaN,NaN,NaN,NaN,NaN,NaN
3,NaN,NaN,NaN,NaN,NaN,NaN,NaN,NaN
4,NaN,NaN,NaN,NaN,NaN,NaN,NaN,NaN
5,NaN,NaN,NaN,NaN,NaN,NaN,NaN,NaN
6,NaN,NaN,NaN,NaN,NaN,NaN,NaN,NaN
7,NaN,NaN,NaN,NaN,NaN,NaN,NaN,NaN
8,NaN,NaN,NaN,NaN,NaN,NaN,NaN,NaN
9,NaN,NaN,NaN,NaN,NaN,NaN,NaN,NaN
10,NaN,NaN,NaN,NaN,NaN,NaN,NaN,NaN
11,NaN,NaN,NaN,NaN,NaN,NaN,NaN,NaN
1,NaN,NaN,NaN,NaN,NaN,NaN,NaN,NaN
2,NaN,NaN,NaN,NaN,NaN,NaN,NaN,NaN
3,NaN,NaN,NaN,NaN,NaN,NaN,NaN,NaN
4,NaN,NaN,NaN,NaN,NaN,NaN,NaN,NaN
5,NaN,NaN,NaN,NaN,NaN,NaN,NaN,NaN
6,NaN,NaN,NaN,NaN,NaN,NaN,NaN,NaN
7,NaN,NaN,NaN,NaN,NaN,NaN,NaN,NaN
8,NaN,NaN,NaN,NaN,NaN,NaN,NaN,NaN
9,NaN,NaN,NaN,NaN,NaN,NaN,NaN,NaN
10,NaN,NaN,NaN,NaN,NaN,NaN,NaN,NaN
11,NaN,NaN,NaN,NaN,NaN,NaN,NaN,NaN
1,NaN,NaN,NaN,NaN,NaN,NaN,NaN,NaN
2,NaN,NaN,NaN,NaN,NaN,NaN,NaN,NaN
3,NaN,NaN,NaN,NaN,NaN,NaN,NaN,NaN
4,NaN,NaN,NaN,NaN,NaN,NaN,NaN,NaN
5,NaN,NaN,NaN,NaN,NaN,NaN,NaN,NaN
6,NaN,NaN,NaN,NaN,NaN,NaN,NaN,NaN
7,NaN,NaN,NaN,NaN,NaN,NaN,NaN,NaN
8,NaN,NaN,NaN,NaN,NaN,NaN,NaN,NaN
9,NaN,NaN,NaN,NaN,NaN,NaN,NaN,NaN
10,NaN,NaN,NaN,NaN,NaN,NaN,NaN,NaN
11,NaN,NaN,NaN,NaN,NaN,NaN,NaN,NaN
1,NaN,NaN,NaN,NaN,NaN,NaN,NaN,NaN
2,NaN,NaN,NaN,NaN,NaN,NaN,NaN,NaN
3,NaN,NaN,NaN,NaN,NaN,NaN,NaN,NaN
4,NaN,NaN,NaN,NaN,NaN,NaN,NaN,NaN
5,NaN,NaN,NaN,NaN,NaN,NaN,NaN,NaN
6,NaN,NaN,NaN,NaN,NaN,NaN,NaN,NaN
7,NaN,NaN,NaN,NaN,NaN,NaN,NaN,NaN
8,NaN,NaN,NaN,NaN,NaN,NaN,NaN,NaN
9,NaN,NaN,NaN,NaN,NaN,NaN,NaN,NaN
10,NaN,NaN,NaN,NaN,NaN,NaN,NaN,NaN
11,NaN,NaN,NaN,NaN,NaN,NaN,NaN,NaN
1,NaN,NaN,NaN,NaN,NaN,NaN,NaN,NaN
2,NaN,NaN,NaN,NaN,NaN,NaN,NaN,NaN
3,NaN,NaN,NaN,NaN,NaN,NaN,NaN,NaN
4,NaN,NaN,NaN,NaN,NaN,NaN,NaN,NaN
5,NaN,NaN,NaN,NaN,NaN,NaN,NaN,NaN
6,NaN,NaN,NaN,NaN,NaN,NaN,NaN,NaN
7,NaN,NaN,NaN,NaN,NaN,NaN,NaN,NaN
8,NaN,NaN,NaN,NaN,NaN,NaN,NaN,NaN
9,NaN,NaN,NaN,NaN,NaN,NaN,NaN,NaN
10,NaN,NaN,NaN,NaN,NaN,NaN,NaN,NaN
11,NaN,NaN,NaN,NaN,NaN,NaN,NaN,NaN
1,NaN,NaN,NaN,NaN,NaN,NaN,NaN,NaN
2,NaN,NaN,NaN,NaN,NaN,NaN,NaN,NaN
3,NaN,NaN,NaN,NaN,NaN,NaN,NaN,NaN
4,NaN,NaN,NaN,NaN,NaN,NaN,NaN,NaN
5,NaN,NaN,NaN,NaN,NaN,NaN,NaN,NaN
6,NaN,NaN,NaN,NaN,NaN,NaN,NaN,NaN
7,NaN,NaN,NaN,NaN,NaN,NaN,NaN,NaN
8,NaN,NaN,NaN,NaN,NaN,NaN,NaN,NaN
9,NaN,NaN,NaN,NaN,NaN,NaN,NaN,NaN
10,NaN,NaN,NaN,NaN,NaN,NaN,NaN,NaN
11,NaN,NaN,NaN,NaN,NaN,NaN,NaN,NaN
1,NaN,NaN,NaN,NaN,NaN,NaN,NaN,NaN
2,NaN,NaN,NaN,NaN,NaN,NaN,NaN,NaN
3,NaN,NaN,NaN,NaN,NaN,NaN,NaN,NaN
4,NaN,NaN,NaN,NaN,NaN,NaN,NaN,NaN
5,NaN,NaN,NaN,NaN,NaN,NaN,NaN,NaN
6,NaN,NaN,NaN,NaN,NaN,NaN,NaN,NaN
7,NaN,NaN,NaN,NaN,NaN,NaN,NaN,NaN
8,NaN,NaN,NaN,NaN,NaN,NaN,NaN,NaN
9,NaN,NaN,NaN,NaN,NaN,NaN,NaN,NaN
10,NaN,NaN,NaN,NaN,NaN,NaN,NaN,NaN
11,NaN,NaN,NaN,NaN,NaN,NaN,NaN,NaN
1,NaN,NaN,NaN,NaN,NaN,NaN,NaN,NaN
2,NaN,NaN,NaN,NaN,NaN,NaN,NaN,NaN
3,NaN,NaN,NaN,NaN,NaN,NaN,NaN,NaN
4,NaN,NaN,NaN,NaN,NaN,NaN,NaN,NaN
5,NaN,NaN,NaN,NaN,NaN,NaN,NaN,NaN
6,NaN,NaN,NaN,NaN,NaN,NaN,NaN,NaN
7,NaN,NaN,NaN,NaN,NaN,NaN,NaN,NaN
8,NaN,NaN,NaN,NaN,NaN,NaN,NaN,NaN
9,NaN,NaN,NaN,NaN,NaN,NaN,NaN,NaN
10,NaN,NaN,NaN,NaN,NaN,NaN,NaN,NaN
11,NaN,NaN,NaN,NaN,NaN,NaN,NaN,NaN
1,NaN,NaN,NaN,NaN,NaN,NaN,NaN,NaN
2,NaN,NaN,NaN,NaN,NaN,NaN,NaN,NaN
3,NaN,NaN,NaN,NaN,NaN,NaN,NaN,NaN
4,NaN,NaN,NaN,NaN,NaN,NaN,NaN,NaN
5,NaN,NaN,NaN,NaN,NaN,NaN,NaN,NaN
6,NaN,NaN,NaN,NaN,NaN,NaN,NaN,NaN
7,NaN,NaN,NaN,NaN,NaN,NaN,NaN,NaN
8,NaN,NaN,NaN,NaN,NaN,NaN,NaN,NaN
9,NaN,NaN,NaN,NaN,NaN,NaN,NaN,NaN
10,NaN,NaN,NaN,NaN,NaN,NaN,NaN,NaN
11,NaN,NaN,NaN,NaN,NaN,NaN,NaN,NaN
1,NaN,NaN,NaN,NaN,NaN,NaN,NaN,NaN
2,NaN,NaN,NaN,NaN,NaN,NaN,NaN,NaN
3,NaN,NaN,NaN,NaN,NaN,NaN,NaN,NaN
4,NaN,NaN,NaN,NaN,NaN,NaN,NaN,NaN
5,NaN,NaN,NaN,NaN,NaN,NaN,NaN,NaN
6,NaN,NaN,NaN,NaN,NaN,NaN,NaN,NaN
7,NaN,NaN,NaN,NaN,NaN,NaN,NaN,NaN
8,NaN,NaN,NaN,NaN,NaN,NaN,NaN,NaN
9,NaN,NaN,NaN,NaN,NaN,NaN,NaN,NaN
10,NaN,NaN,NaN,NaN,NaN,NaN,NaN,NaN
11,NaN,NaN,NaN,NaN,NaN,NaN,NaN,NaN
1,NaN,NaN,NaN,NaN,NaN,NaN,NaN,NaN
2,NaN,NaN,NaN,NaN,NaN,NaN,NaN,NaN
3,NaN,NaN,NaN,NaN,NaN,NaN,NaN,NaN
4,NaN,NaN,NaN,NaN,NaN,NaN,NaN,NaN
5,NaN,NaN,NaN,NaN,NaN,NaN,NaN,NaN
6,NaN,NaN,NaN,NaN,NaN,NaN,NaN,NaN
7,NaN,NaN,NaN,NaN,NaN,NaN,NaN,NaN
8,NaN,NaN,NaN,NaN,NaN,NaN,NaN,NaN
9,NaN,NaN,NaN,NaN,NaN,NaN,NaN,NaN
10,NaN,NaN,NaN,NaN,NaN,NaN,NaN,NaN
11,NaN,NaN,NaN,NaN,NaN,NaN,NaN,NaN
1,NaN,NaN,NaN,NaN,NaN,NaN,NaN,NaN
2,NaN,NaN,NaN,NaN,NaN,NaN,NaN,NaN
3,NaN,NaN,NaN,NaN,NaN,NaN,NaN,NaN
4,NaN,NaN,NaN,NaN,NaN,NaN,NaN,NaN
5,NaN,NaN,NaN,NaN,NaN,NaN,NaN,NaN
6,NaN,NaN,NaN,NaN,NaN,NaN,NaN,NaN
7,NaN,NaN,NaN,NaN,NaN,NaN,NaN,NaN
8,NaN,NaN,NaN,NaN,NaN,NaN,NaN,NaN
9,NaN,NaN,NaN,NaN,NaN,NaN,NaN,NaN
10,NaN,NaN,NaN,NaN,NaN,NaN,NaN,NaN
11,NaN,NaN,NaN,NaN,NaN,NaN,NaN,NaN
1,NaN,NaN,NaN,NaN,NaN,NaN,NaN,NaN
2,NaN,NaN,NaN,NaN,NaN,NaN,NaN,NaN
3,NaN,NaN,NaN,NaN,NaN,NaN,NaN,NaN
4,NaN,NaN,NaN,NaN,NaN,NaN,NaN,NaN
5,NaN,NaN,NaN,NaN,NaN,NaN,NaN,NaN
6,NaN,NaN,NaN,NaN,NaN,NaN,NaN,NaN
7,NaN,NaN,NaN,NaN,NaN,NaN,NaN,NaN
8,NaN,NaN,NaN,NaN,NaN,NaN,NaN,NaN
9,NaN,NaN,NaN,NaN,NaN,NaN,NaN,NaN
10,NaN,NaN,NaN,NaN,NaN,NaN,NaN,NaN
11,NaN,NaN,NaN,NaN,NaN,NaN,NaN,NaN
1,NaN,NaN,NaN,NaN,NaN,NaN,NaN,NaN
2,NaN,NaN,NaN,NaN,NaN,NaN,NaN,NaN
3,NaN,NaN,NaN,NaN,NaN,NaN,NaN,NaN
4,NaN,NaN,NaN,NaN,NaN,NaN,NaN,NaN
5,NaN,NaN,NaN,NaN,NaN,NaN,NaN,NaN
6,NaN,NaN,NaN,NaN,NaN,NaN,NaN,NaN
7,NaN,NaN,NaN,NaN,NaN,NaN,NaN,NaN
8,NaN,NaN,NaN,NaN,NaN,NaN,NaN,NaN
9,NaN,NaN,NaN,NaN,NaN,NaN,NaN,NaN
10,NaN,NaN,NaN,NaN,NaN,NaN,NaN,NaN
11,NaN,NaN,NaN,NaN,NaN,NaN,NaN,NaN
1,NaN,NaN,NaN,NaN,NaN,NaN,NaN,NaN
2,NaN,NaN,NaN,NaN,NaN,NaN,NaN,NaN
3,NaN,NaN,NaN,NaN,NaN,NaN,NaN,NaN
4,NaN,NaN,NaN,NaN,NaN,NaN,NaN,NaN
5,NaN,NaN,NaN,NaN,NaN,NaN,NaN,NaN
6,NaN,NaN,NaN,NaN,NaN,NaN,NaN,NaN
7,NaN,NaN,NaN,NaN,NaN,NaN,NaN,NaN
8,NaN,NaN,NaN,NaN,NaN,NaN,NaN,NaN
9,NaN,NaN,NaN,NaN,NaN,NaN,NaN,NaN
10,NaN,NaN,NaN,NaN,NaN,NaN,NaN,NaN
11,NaN,NaN,NaN,NaN,NaN,NaN,NaN,NaN
1,NaN,NaN,NaN,NaN,NaN,NaN,NaN,NaN
2,NaN,NaN,NaN,NaN,NaN,NaN,NaN,NaN
3,NaN,NaN,NaN,NaN,NaN,NaN,NaN,NaN
4,NaN,NaN,NaN,NaN,NaN,NaN,NaN,NaN
5,NaN,NaN,NaN,NaN,NaN,NaN,NaN,NaN
6,NaN,NaN,NaN,NaN,NaN,NaN,NaN,NaN
7,NaN,NaN,NaN,NaN,NaN,NaN,NaN,NaN
8,NaN,NaN,NaN,NaN,NaN,NaN,NaN,NaN
9,NaN,NaN,NaN,NaN,NaN,NaN,NaN,NaN
10,NaN,NaN,NaN,NaN,NaN,NaN,NaN,NaN
11,NaN,NaN,NaN,NaN,NaN,NaN,NaN,NaN
1,NaN,NaN,NaN,NaN,NaN,NaN,NaN,NaN
2,NaN,NaN,NaN,NaN,NaN,NaN,NaN,NaN
3,NaN,NaN,NaN,NaN,NaN,NaN,NaN,NaN
4,NaN,NaN,NaN,NaN,NaN,NaN,NaN,NaN
5,NaN,NaN,NaN,NaN,NaN,NaN,NaN,NaN
6,NaN,NaN,NaN,NaN,NaN,NaN,NaN,NaN
7,NaN,NaN,NaN,NaN,NaN,NaN,NaN,NaN
8,NaN,NaN,NaN,NaN,NaN,NaN,NaN,NaN
9,NaN,NaN,NaN,NaN,NaN,NaN,NaN,NaN
10,NaN,NaN,NaN,NaN,NaN,NaN,NaN,NaN
11,NaN,NaN,NaN,NaN,NaN,NaN,NaN,NaN
1,NaN,NaN,NaN,NaN,NaN,NaN,NaN,NaN
2,NaN,NaN,NaN,NaN,NaN,NaN,NaN,NaN
3,NaN,NaN,NaN,NaN,NaN,NaN,NaN,NaN
4,NaN,NaN,NaN,NaN,NaN,NaN,NaN,NaN
5,NaN,NaN,NaN,NaN,NaN,NaN,NaN,NaN
6,NaN,NaN,NaN,NaN,NaN,NaN,NaN,NaN
7,NaN,NaN,NaN,NaN,NaN,NaN,NaN,NaN
8,NaN,NaN,NaN,NaN,NaN,NaN,NaN,NaN
9,NaN,NaN,NaN,NaN,NaN,NaN,NaN,NaN
10,NaN,NaN,NaN,NaN,NaN,NaN,NaN,NaN
11,NaN,NaN,NaN,NaN,NaN,NaN,NaN,NaN
1,NaN,NaN,NaN,NaN,NaN,NaN,NaN,NaN
2,NaN,NaN,NaN,NaN,NaN,NaN,NaN,NaN
3,NaN,NaN,NaN,NaN,NaN,NaN,NaN,NaN
4,NaN,NaN,NaN,NaN,NaN,NaN,NaN,NaN
5,NaN,NaN,NaN,NaN,NaN,NaN,NaN,NaN
6,NaN,NaN,NaN,NaN,NaN,NaN,NaN,NaN
7,NaN,NaN,NaN,NaN,NaN,NaN,NaN,NaN
8,NaN,NaN,NaN,NaN,NaN,NaN,NaN,NaN
9,NaN,NaN,NaN,NaN,NaN,NaN,NaN,NaN
10,NaN,NaN,NaN,NaN,NaN,NaN,NaN,NaN
11,NaN,NaN,NaN,NaN,NaN,NaN,NaN,NaN
1,NaN,NaN,NaN,NaN,NaN,NaN,NaN,NaN
2,NaN,NaN,NaN,NaN,NaN,NaN,NaN,NaN
3,NaN,NaN,NaN,NaN,NaN,NaN,NaN,NaN
4,NaN,NaN,NaN,NaN,NaN,NaN,NaN,NaN
5,NaN,NaN,NaN,NaN,NaN,NaN,NaN,NaN
6,NaN,NaN,NaN,NaN,NaN,NaN,NaN,NaN
7,NaN,NaN,NaN,NaN,NaN,NaN,NaN,NaN
8,NaN,NaN,NaN,NaN,NaN,NaN,NaN,NaN
9,NaN,NaN,NaN,NaN,NaN,NaN,NaN,NaN
10,NaN,NaN,NaN,NaN,NaN,NaN,NaN,NaN
11,NaN,NaN,NaN,NaN,NaN,NaN,NaN,NaN
1,NaN,NaN,NaN,NaN,NaN,NaN,NaN,NaN
2,NaN,NaN,NaN,NaN,NaN,NaN,NaN,NaN
3,NaN,NaN,NaN,NaN,NaN,NaN,NaN,NaN
4,NaN,NaN,NaN,NaN,NaN,NaN,NaN,NaN
5,NaN,NaN,NaN,NaN,NaN,NaN,NaN,NaN
6,NaN,NaN,NaN,NaN,NaN,NaN,NaN,NaN
7,NaN,NaN,NaN,NaN,NaN,NaN,NaN,NaN
8,NaN,NaN,NaN,NaN,NaN,NaN,NaN,NaN
9,NaN,NaN,NaN,NaN,NaN,NaN,NaN,NaN
10,NaN,NaN,NaN,NaN,NaN,NaN,NaN,NaN
11,NaN,NaN,NaN,NaN,NaN,NaN,NaN,NaN
1,NaN,NaN,NaN,NaN,NaN,NaN,NaN,NaN
2,NaN,NaN,NaN,NaN,NaN,NaN,NaN,NaN
3,NaN,NaN,NaN,NaN,NaN,NaN,NaN,NaN
4,NaN,NaN,NaN,NaN,NaN,NaN,NaN,NaN
5,NaN,NaN,NaN,NaN,NaN,NaN,NaN,NaN
6,NaN,NaN,NaN,NaN,NaN,NaN,NaN,NaN
7,NaN,NaN,NaN,NaN,NaN,NaN,NaN,NaN
8,NaN,NaN,NaN,NaN,NaN,NaN,NaN,NaN
9,NaN,NaN,NaN,NaN,NaN,NaN,NaN,NaN
10,NaN,NaN,NaN,NaN,NaN,NaN,NaN,NaN
11,NaN,NaN,NaN,NaN,NaN,NaN,NaN,NaN
1,NaN,NaN,NaN,NaN,NaN,NaN,NaN,NaN
2,NaN,NaN,NaN,NaN,NaN,NaN,NaN,NaN
3,NaN,NaN,NaN,NaN,NaN,NaN,NaN,NaN
4,NaN,NaN,NaN,NaN,NaN,NaN,NaN,NaN
5,NaN,NaN,NaN,NaN,NaN,NaN,NaN,NaN
6,NaN,NaN,NaN,NaN,NaN,NaN,NaN,NaN
7,NaN,NaN,NaN,NaN,NaN,NaN,NaN,NaN
8,NaN,NaN,NaN,NaN,NaN,NaN,NaN,NaN
9,NaN,NaN,NaN,NaN,NaN,NaN,NaN,NaN
10,NaN,NaN,NaN,NaN,NaN,NaN,NaN,NaN
11,NaN,NaN,NaN,NaN,NaN,NaN,NaN,NaN
1,NaN,NaN,NaN,NaN,NaN,NaN,NaN,NaN
2,NaN,NaN,NaN,NaN,NaN,NaN,NaN,NaN
3,NaN,NaN,NaN,NaN,NaN,NaN,NaN,NaN
4,NaN,NaN,NaN,NaN,NaN,NaN,NaN,NaN
5,NaN,NaN,NaN,NaN,NaN,NaN,NaN,NaN
6,NaN,NaN,NaN,NaN,NaN,NaN,NaN,NaN
7,NaN,NaN,NaN,NaN,NaN,NaN,NaN,NaN
8,NaN,NaN,NaN,NaN,NaN,NaN,NaN,NaN
9,NaN,NaN,NaN,NaN,NaN,NaN,NaN,NaN
10,NaN,NaN,NaN,NaN,NaN,NaN,NaN,NaN
11,NaN,NaN,NaN,NaN,NaN,NaN,NaN,NaN
1,NaN,NaN,NaN,NaN,NaN,NaN,NaN,NaN
2,NaN,NaN,NaN,NaN,NaN,NaN,NaN,NaN
3,NaN,NaN,NaN,NaN,NaN,NaN,NaN,NaN
4,NaN,NaN,NaN,NaN,NaN,NaN,NaN,NaN
5,NaN,NaN,NaN,NaN,NaN,NaN,NaN,NaN
6,NaN,NaN,NaN,NaN,NaN,NaN,NaN,NaN
7,NaN,NaN,NaN,NaN,NaN,NaN,NaN,NaN
8,NaN,NaN,NaN,NaN,NaN,NaN,NaN,NaN
9,NaN,NaN,NaN,NaN,NaN,NaN,NaN,NaN
10,NaN,NaN,NaN,NaN,NaN,NaN,NaN,NaN
11,NaN,NaN,NaN,NaN,NaN,NaN,NaN,NaN
1,NaN,NaN,NaN,NaN,NaN,NaN,NaN,NaN
2,NaN,NaN,NaN,NaN,NaN,NaN,NaN,NaN
3,NaN,NaN,NaN,NaN,NaN,NaN,NaN,NaN
4,NaN,NaN,NaN,NaN,NaN,NaN,NaN,NaN
5,NaN,NaN,NaN,NaN,NaN,NaN,NaN,NaN
6,NaN,NaN,NaN,NaN,NaN,NaN,NaN,NaN
7,NaN,NaN,NaN,NaN,NaN,NaN,NaN,NaN
8,NaN,NaN,NaN,NaN,NaN,NaN,NaN,NaN
9,NaN,NaN,NaN,NaN,NaN,NaN,NaN,NaN
10,NaN,NaN,NaN,NaN,NaN,NaN,NaN,NaN
11,NaN,NaN,NaN,NaN,NaN,NaN,NaN,NaN
1,NaN,NaN,NaN,NaN,NaN,NaN,NaN,NaN
2,NaN,NaN,NaN,NaN,NaN,NaN,NaN,NaN
3,NaN,NaN,NaN,NaN,NaN,NaN,NaN,NaN
4,NaN,NaN,NaN,NaN,NaN,NaN,NaN,NaN
5,NaN,NaN,NaN,NaN,NaN,NaN,NaN,NaN
6,NaN,NaN,NaN,NaN,NaN,NaN,NaN,NaN
7,NaN,NaN,NaN,NaN,NaN,NaN,NaN,NaN
8,NaN,NaN,NaN,NaN,NaN,NaN,NaN,NaN
9,NaN,NaN,NaN,NaN,NaN,NaN,NaN,NaN
10,NaN,NaN,NaN,NaN,NaN,NaN,NaN,NaN
11,NaN,NaN,NaN,NaN,NaN,NaN,NaN,NaN
1,NaN,NaN,NaN,NaN,NaN,NaN,NaN,NaN
2,NaN,NaN,NaN,NaN,NaN,NaN,NaN,NaN
3,NaN,NaN,NaN,NaN,NaN,NaN,NaN,NaN
4,NaN,NaN,NaN,NaN,NaN,NaN,NaN,NaN
5,NaN,NaN,NaN,NaN,NaN,NaN,NaN,NaN
6,NaN,NaN,NaN,NaN,NaN,NaN,NaN,NaN
7,NaN,NaN,NaN,NaN,NaN,NaN,NaN,NaN
8,NaN,NaN,NaN,NaN,NaN,NaN,NaN,NaN
9,NaN,NaN,NaN,NaN,NaN,NaN,NaN,NaN
10,NaN,NaN,NaN,NaN,NaN,NaN,NaN,NaN
11,NaN,NaN,NaN,NaN,NaN,NaN,NaN,NaN
1,NaN,NaN,NaN,NaN,NaN,NaN,NaN,NaN
2,NaN,NaN,NaN,NaN,NaN,NaN,NaN,NaN
3,NaN,NaN,NaN,NaN,NaN,NaN,NaN,NaN
4,NaN,NaN,NaN,NaN,NaN,NaN,NaN,NaN
5,NaN,NaN,NaN,NaN,NaN,NaN,NaN,NaN
6,NaN,NaN,NaN,NaN,NaN,NaN,NaN,NaN
7,NaN,NaN,NaN,NaN,NaN,NaN,NaN,NaN
8,NaN,NaN,NaN,NaN,NaN,NaN,NaN,NaN
9,NaN,NaN,NaN,NaN,NaN,NaN,NaN,NaN
10,NaN,NaN,NaN,NaN,NaN,NaN,NaN,NaN
11,NaN,NaN,NaN,NaN,NaN,NaN,NaN,NaN
1,NaN,NaN,NaN,NaN,NaN,NaN,NaN,NaN
2,NaN,NaN,NaN,NaN,NaN,NaN,NaN,NaN
3,NaN,NaN,NaN,NaN,NaN,NaN,NaN,NaN
4,NaN,NaN,NaN,NaN,NaN,NaN,NaN,NaN
5,NaN,NaN,NaN,NaN,NaN,NaN,NaN,NaN
6,NaN,NaN,NaN,NaN,NaN,NaN,NaN,NaN
7,NaN,NaN,NaN,NaN,NaN,NaN,NaN,NaN
8,NaN,NaN,NaN,NaN,NaN,NaN,NaN,NaN
9,NaN,NaN,NaN,NaN,NaN,NaN,NaN,NaN
10,NaN,NaN,NaN,NaN,NaN,NaN,NaN,NaN
11,NaN,NaN,NaN,NaN,NaN,NaN,NaN,NaN
1,NaN,NaN,NaN,NaN,NaN,NaN,NaN,NaN
2,NaN,NaN,NaN,NaN,NaN,NaN,NaN,NaN
3,NaN,NaN,NaN,NaN,NaN,NaN,NaN,NaN
4,NaN,NaN,NaN,NaN,NaN,NaN,NaN,NaN
5,NaN,NaN,NaN,NaN,NaN,NaN,NaN,NaN
6,NaN,NaN,NaN,NaN,NaN,NaN,NaN,NaN
7,NaN,NaN,NaN,NaN,NaN,NaN,NaN,NaN
8,NaN,NaN,NaN,NaN,NaN,NaN,NaN,NaN
9,NaN,NaN,NaN,NaN,NaN,NaN,NaN,NaN
10,NaN,NaN,NaN,NaN,NaN,NaN,NaN,NaN
11,NaN,NaN,NaN,NaN,NaN,NaN,NaN,NaN
1,NaN,NaN,NaN,NaN,NaN,NaN,NaN,NaN
2,NaN,NaN,NaN,NaN,NaN,NaN,NaN,NaN
3,NaN,NaN,NaN,NaN,NaN,NaN,NaN,NaN
4,NaN,NaN,NaN,NaN,NaN,NaN,NaN,NaN
5,NaN,NaN,NaN,NaN,NaN,NaN,NaN,NaN
6,NaN,NaN,NaN,NaN,NaN,NaN,NaN,NaN
7,NaN,NaN,NaN,NaN,NaN,NaN,NaN,NaN
8,NaN,NaN,NaN,NaN,NaN,NaN,NaN,NaN
9,NaN,NaN,NaN,NaN,NaN,NaN,NaN,NaN
10,NaN,NaN,NaN,NaN,NaN,NaN,NaN,NaN
11,NaN,NaN,NaN,NaN,NaN,NaN,NaN,NaN
1,NaN,NaN,NaN,NaN,NaN,NaN,NaN,NaN
2,NaN,NaN,NaN,NaN,NaN,NaN,NaN,NaN
3,NaN,NaN,NaN,NaN,NaN,NaN,NaN,NaN
4,NaN,NaN,NaN,NaN,NaN,NaN,NaN,NaN
5,NaN,NaN,NaN,NaN,NaN,NaN,NaN,NaN
6,NaN,NaN,NaN,NaN,NaN,NaN,NaN,NaN
7,NaN,NaN,NaN,NaN,NaN,NaN,NaN,NaN
8,NaN,NaN,NaN,NaN,NaN,NaN,NaN,NaN
9,NaN,NaN,NaN,NaN,NaN,NaN,NaN,NaN
10,NaN,NaN,NaN,NaN,NaN,NaN,NaN,NaN
11,NaN,NaN,NaN,NaN,NaN,NaN,NaN,NaN
1,NaN,NaN,NaN,NaN,NaN,NaN,NaN,NaN
2,NaN,NaN,NaN,NaN,NaN,NaN,NaN,NaN
3,NaN,NaN,NaN,NaN,NaN,NaN,NaN,NaN
4,NaN,NaN,NaN,NaN,NaN,NaN,NaN,NaN
5,NaN,NaN,NaN,NaN,NaN,NaN,NaN,NaN
6,NaN,NaN,NaN,NaN,NaN,NaN,NaN,NaN
7,NaN,NaN,NaN,NaN,NaN,NaN,NaN,NaN
8,NaN,NaN,NaN,NaN,NaN,NaN,NaN,NaN
9,NaN,NaN,NaN,NaN,NaN,NaN,NaN,NaN
10,NaN,NaN,NaN,NaN,NaN,NaN,NaN,NaN
11,NaN,NaN,NaN,NaN,NaN,NaN,NaN,NaN
1,NaN,NaN,NaN,NaN,NaN,NaN,NaN,NaN
2,NaN,NaN,NaN,NaN,NaN,NaN,NaN,NaN
3,NaN,NaN,NaN,NaN,NaN,NaN,NaN,NaN
4,NaN,NaN,NaN,NaN,NaN,NaN,NaN,NaN
5,NaN,NaN,NaN,NaN,NaN,NaN,NaN,NaN
6,NaN,NaN,NaN,NaN,NaN,NaN,NaN,NaN
7,NaN,NaN,NaN,NaN,NaN,NaN,NaN,NaN
8,NaN,NaN,NaN,NaN,NaN,NaN,NaN,NaN
9,NaN,NaN,NaN,NaN,NaN,NaN,NaN,NaN
10,NaN,NaN,NaN,NaN,NaN,NaN,NaN,NaN
11,NaN,NaN,NaN,NaN,NaN,NaN,NaN,NaN
1,NaN,NaN,NaN,NaN,NaN,NaN,NaN,NaN
2,NaN,NaN,NaN,NaN,NaN,NaN,NaN,NaN
3,NaN,NaN,NaN,NaN,NaN,NaN,NaN,NaN
4,NaN,NaN,NaN,NaN,NaN,NaN,NaN,NaN
5,NaN,NaN,NaN,NaN,NaN,NaN,NaN,NaN
6,NaN,NaN,NaN,NaN,NaN,NaN,NaN,NaN
7,NaN,NaN,NaN,NaN,NaN,NaN,NaN,NaN
8,NaN,NaN,NaN,NaN,NaN,NaN,NaN,NaN
9,NaN,NaN,NaN,NaN,NaN,NaN,NaN,NaN
10,NaN,NaN,NaN,NaN,NaN,NaN,NaN,NaN
11,NaN,NaN,NaN,NaN,NaN,NaN,NaN,NaN
1,NaN,NaN,NaN,NaN,NaN,NaN,NaN,NaN
2,NaN,NaN,NaN,NaN,NaN,NaN,NaN,NaN
3,NaN,NaN,NaN,NaN,NaN,NaN,NaN,NaN
4,NaN,NaN,NaN,NaN,NaN,NaN,NaN,NaN
5,NaN,NaN,NaN,NaN,NaN,NaN,NaN,NaN
6,NaN,NaN,NaN,NaN,NaN,NaN,NaN,NaN
7,NaN,NaN,NaN,NaN,NaN,NaN,NaN,NaN
8,NaN,NaN,NaN,NaN,NaN,NaN,NaN,NaN
9,NaN,NaN,NaN,NaN,NaN,NaN,NaN,NaN
10,NaN,NaN,NaN,NaN,NaN,NaN,NaN,NaN
11,NaN,NaN,NaN,NaN,NaN,NaN,NaN,NaN
1,NaN,NaN,NaN,NaN,NaN,NaN,NaN,NaN
2,NaN,NaN,NaN,NaN,NaN,NaN,NaN,NaN
3,NaN,NaN,NaN,NaN,NaN,NaN,NaN,NaN
4,NaN,NaN,NaN,NaN,NaN,NaN,NaN,NaN
5,NaN,NaN,NaN,NaN,NaN,NaN,NaN,NaN
6,NaN,NaN,NaN,NaN,NaN,NaN,NaN,NaN
7,NaN,NaN,NaN,NaN,NaN,NaN,NaN,NaN
8,NaN,NaN,NaN,NaN,NaN,NaN,NaN,NaN
9,NaN,NaN,NaN,NaN,NaN,NaN,NaN,NaN
10,NaN,NaN,NaN,NaN,NaN,NaN,NaN,NaN
11,NaN,NaN,NaN,NaN,NaN,NaN,NaN,NaN
1,NaN,NaN,NaN,NaN,NaN,NaN,NaN,NaN
2,NaN,NaN,NaN,NaN,NaN,NaN,NaN,NaN
3,NaN,NaN,NaN,NaN,NaN,NaN,NaN,NaN
4,NaN,NaN,NaN,NaN,NaN,NaN,NaN,NaN
5,NaN,NaN,NaN,NaN,NaN,NaN,NaN,NaN
6,NaN,NaN,NaN,NaN,NaN,NaN,NaN,NaN
7,NaN,NaN,NaN,NaN,NaN,NaN,NaN,NaN
8,NaN,NaN,NaN,NaN,NaN,NaN,NaN,NaN
9,NaN,NaN,NaN,NaN,NaN,NaN,NaN,NaN
10,NaN,NaN,NaN,NaN,NaN,NaN,NaN,NaN
11,NaN,NaN,NaN,NaN,NaN,NaN,NaN,NaN
1,NaN,NaN,NaN,NaN,NaN,NaN,NaN,NaN
2,NaN,NaN,NaN,NaN,NaN,NaN,NaN,NaN
3,NaN,NaN,NaN,NaN,NaN,NaN,NaN,NaN
4,NaN,NaN,NaN,NaN,NaN,NaN,NaN,NaN
5,NaN,NaN,NaN,NaN,NaN,NaN,NaN,NaN
6,NaN,NaN,NaN,NaN,NaN,NaN,NaN,NaN
7,NaN,NaN,NaN,NaN,NaN,NaN,NaN,NaN
8,NaN,NaN,NaN,NaN,NaN,NaN,NaN,NaN
9,NaN,NaN,NaN,NaN,NaN,NaN,NaN,NaN
10,NaN,NaN,NaN,NaN,NaN,NaN,NaN,NaN
11,NaN,NaN,NaN,NaN,NaN,NaN,NaN,NaN
1,NaN,NaN,NaN,NaN,NaN,NaN,NaN,NaN
2,NaN,NaN,NaN,NaN,NaN,NaN,NaN,NaN
3,NaN,NaN,NaN,NaN,NaN,NaN,NaN,NaN
4,NaN,NaN,NaN,NaN,NaN,NaN,NaN,NaN
5,NaN,NaN,NaN,NaN,NaN,NaN,NaN,NaN
6,NaN,NaN,NaN,NaN,NaN,NaN,NaN,NaN
7,NaN,NaN,NaN,NaN,NaN,NaN,NaN,NaN
8,NaN,NaN,NaN,NaN,NaN,NaN,NaN,NaN
9,NaN,NaN,NaN,NaN,NaN,NaN,NaN,NaN
10,NaN,NaN,NaN,NaN,NaN,NaN,NaN,NaN
11,NaN,NaN,NaN,NaN,NaN,NaN,NaN,NaN
1,NaN,NaN,NaN,NaN,NaN,NaN,NaN,NaN
2,NaN,NaN,NaN,NaN,NaN,NaN,NaN,NaN
3,NaN,NaN,NaN,NaN,NaN,NaN,NaN,NaN
4,NaN,NaN,NaN,NaN,NaN,NaN,NaN,NaN
5,NaN,NaN,NaN,NaN,NaN,NaN,NaN,NaN
6,NaN,NaN,NaN,NaN,NaN,NaN,NaN,NaN
7,NaN,NaN,NaN,NaN,NaN,NaN,NaN,NaN
8,NaN,NaN,NaN,NaN,NaN,NaN,NaN,NaN
9,NaN,NaN,NaN,NaN,NaN,NaN,NaN,NaN
10,NaN,NaN,NaN,NaN,NaN,NaN,NaN,NaN
11,NaN,NaN,NaN,NaN,NaN,NaN,NaN,NaN
1,NaN,NaN,NaN,NaN,NaN,NaN,NaN,NaN
2,NaN,NaN,NaN,NaN,NaN,NaN,NaN,NaN
3,NaN,NaN,NaN,NaN,NaN,NaN,NaN,NaN
4,NaN,NaN,NaN,NaN,NaN,NaN,NaN,NaN
5,NaN,NaN,NaN,NaN,NaN,NaN,NaN,NaN
6,NaN,NaN,NaN,NaN,NaN,NaN,NaN,NaN
7,NaN,NaN,NaN,NaN,NaN,NaN,NaN,NaN
8,NaN,NaN,NaN,NaN,NaN,NaN,NaN,NaN
9,NaN,NaN,NaN,NaN,NaN,NaN,NaN,NaN
10,NaN,NaN,NaN,NaN,NaN,NaN,NaN,NaN
11,NaN,NaN,NaN,NaN,NaN,NaN,NaN,NaN
1,NaN,NaN,NaN,NaN,NaN,NaN,NaN,NaN
2,NaN,NaN,NaN,NaN,NaN,NaN,NaN,NaN
3,NaN,NaN,NaN,NaN,NaN,NaN,NaN,NaN
4,NaN,NaN,NaN,NaN,NaN,NaN,NaN,NaN
5,NaN,NaN,NaN,NaN,NaN,NaN,NaN,NaN
6,NaN,NaN,NaN,NaN,NaN,NaN,NaN,NaN
7,NaN,NaN,NaN,NaN,NaN,NaN,NaN,NaN
8,NaN,NaN,NaN,NaN,NaN,NaN,NaN,NaN
9,NaN,NaN,NaN,NaN,NaN,NaN,NaN,NaN
10,NaN,NaN,NaN,NaN,NaN,NaN,NaN,NaN
11,NaN,NaN,NaN,NaN,NaN,NaN,NaN,NaN
1,NaN,NaN,NaN,NaN,NaN,NaN,NaN,NaN
2,NaN,NaN,NaN,NaN,NaN,NaN,NaN,NaN
3,NaN,NaN,NaN,NaN,NaN,NaN,NaN,NaN
4,NaN,NaN,NaN,NaN,NaN,NaN,NaN,NaN
5,NaN,NaN,NaN,NaN,NaN,NaN,NaN,NaN
6,NaN,NaN,NaN,NaN,NaN,NaN,NaN,NaN
7,NaN,NaN,NaN,NaN,NaN,NaN,NaN,NaN
8,NaN,NaN,NaN,NaN,NaN,NaN,NaN,NaN
9,NaN,NaN,NaN,NaN,NaN,NaN,NaN,NaN
10,NaN,NaN,NaN,NaN,NaN,NaN,NaN,NaN
11,NaN,NaN,NaN,NaN,NaN,NaN,NaN,NaN
1,NaN,NaN,NaN,NaN,NaN,NaN,NaN,NaN
2,NaN,NaN,NaN,NaN,NaN,NaN,NaN,NaN
3,NaN,NaN,NaN,NaN,NaN,NaN,NaN,NaN
4,NaN,NaN,NaN,NaN,NaN,NaN,NaN,NaN
5,NaN,NaN,NaN,NaN,NaN,NaN,NaN,NaN
6,NaN,NaN,NaN,NaN,NaN,NaN,NaN,NaN
7,NaN,NaN,NaN,NaN,NaN,NaN,NaN,NaN
8,NaN,NaN,NaN,NaN,NaN,NaN,NaN,NaN
9,NaN,NaN,NaN,NaN,NaN,NaN,NaN,NaN
10,NaN,NaN,NaN,NaN,NaN,NaN,NaN,NaN
11,NaN,NaN,NaN,NaN,NaN,NaN,NaN,NaN
1,NaN,NaN,NaN,NaN,NaN,NaN,NaN,NaN
2,NaN,NaN,NaN,NaN,NaN,NaN,NaN,NaN
3,NaN,NaN,NaN,NaN,NaN,NaN,NaN,NaN
4,NaN,NaN,NaN,NaN,NaN,NaN,NaN,NaN
5,NaN,NaN,NaN,NaN,NaN,NaN,NaN,NaN
6,NaN,NaN,NaN,NaN,NaN,NaN,NaN,NaN
7,NaN,NaN,NaN,NaN,NaN,NaN,NaN,NaN
8,NaN,NaN,NaN,NaN,NaN,NaN,NaN,NaN
9,NaN,NaN,NaN,NaN,NaN,NaN,NaN,NaN
10,NaN,NaN,NaN,NaN,NaN,NaN,NaN,NaN
11,NaN,NaN,NaN,NaN,NaN,NaN,NaN,NaN
1,NaN,NaN,NaN,NaN,NaN,NaN,NaN,NaN
2,NaN,NaN,NaN,NaN,NaN,NaN,NaN,NaN
3,NaN,NaN,NaN,NaN,NaN,NaN,NaN,NaN
4,NaN,NaN,NaN,NaN,NaN,NaN,NaN,NaN
5,NaN,NaN,NaN,NaN,NaN,NaN,NaN,NaN
6,NaN,NaN,NaN,NaN,NaN,NaN,NaN,NaN
7,NaN,NaN,NaN,NaN,NaN,NaN,NaN,NaN
8,NaN,NaN,NaN,NaN,NaN,NaN,NaN,NaN
9,NaN,NaN,NaN,NaN,NaN,NaN,NaN,NaN
10,NaN,NaN,NaN,NaN,NaN,NaN,NaN,NaN
11,NaN,NaN,NaN,NaN,NaN,NaN,NaN,NaN
1,NaN,NaN,NaN,NaN,NaN,NaN,NaN,NaN
2,NaN,NaN,NaN,NaN,NaN,NaN,NaN,NaN
3,NaN,NaN,NaN,NaN,NaN,NaN,NaN,NaN
4,NaN,NaN,NaN,NaN,NaN,NaN,NaN,NaN
5,NaN,NaN,NaN,NaN,NaN,NaN,NaN,NaN
6,NaN,NaN,NaN,NaN,NaN,NaN,NaN,NaN
7,NaN,NaN,NaN,NaN,NaN,NaN,NaN,NaN
8,NaN,NaN,NaN,NaN,NaN,NaN,NaN,NaN
9,NaN,NaN,NaN,NaN,NaN,NaN,NaN,NaN
10,NaN,NaN,NaN,NaN,NaN,NaN,NaN,NaN
11,NaN,NaN,NaN,NaN,NaN,NaN,NaN,NaN
1,NaN,NaN,NaN,NaN,NaN,NaN,NaN,NaN
2,NaN,NaN,NaN,NaN,NaN,NaN,NaN,NaN
3,NaN,NaN,NaN,NaN,NaN,NaN,NaN,NaN
4,NaN,NaN,NaN,NaN,NaN,NaN,NaN,NaN
5,NaN,NaN,NaN,NaN,NaN,NaN,NaN,NaN
6,NaN,NaN,NaN,NaN,NaN,NaN,NaN,NaN
7,NaN,NaN,NaN,NaN,NaN,NaN,NaN,NaN
8,NaN,NaN,NaN,NaN,NaN,NaN,NaN,NaN
9,NaN,NaN,NaN,NaN,NaN,NaN,NaN,NaN
10,NaN,NaN,NaN,NaN,NaN,NaN,NaN,NaN
11,NaN,NaN,NaN,NaN,NaN,NaN,NaN,NaN
1,NaN,NaN,NaN,NaN,NaN,NaN,NaN,NaN
2,NaN,NaN,NaN,NaN,NaN,NaN,NaN,NaN
3,NaN,NaN,NaN,NaN,NaN,NaN,NaN,NaN
4,NaN,NaN,NaN,NaN,NaN,NaN,NaN,NaN
5,NaN,NaN,NaN,NaN,NaN,NaN,NaN,NaN
6,NaN,NaN,NaN,NaN,NaN,NaN,NaN,NaN
7,NaN,NaN,NaN,NaN,NaN,NaN,NaN,NaN
8,NaN,NaN,NaN,NaN,NaN,NaN,NaN,NaN
9,NaN,NaN,NaN,NaN,NaN,NaN,NaN,NaN
10,NaN,NaN,NaN,NaN,NaN,NaN,NaN,NaN
11,NaN,NaN,NaN,NaN,NaN,NaN,NaN,NaN
1,NaN,NaN,NaN,NaN,NaN,NaN,NaN,NaN
2,NaN,NaN,NaN,NaN,NaN,NaN,NaN,NaN
3,NaN,NaN,NaN,NaN,NaN,NaN,NaN,NaN
4,NaN,NaN,NaN,NaN,NaN,NaN,NaN,NaN
5,NaN,NaN,NaN,NaN,NaN,NaN,NaN,NaN
6,NaN,NaN,NaN,NaN,NaN,NaN,NaN,NaN
7,NaN,NaN,NaN,NaN,NaN,NaN,NaN,NaN
8,NaN,NaN,NaN,NaN,NaN,NaN,NaN,NaN
9,NaN,NaN,NaN,NaN,NaN,NaN,NaN,NaN
10,NaN,NaN,NaN,NaN,NaN,NaN,NaN,NaN
11,NaN,NaN,NaN,NaN,NaN,NaN,NaN,NaN
1,NaN,NaN,NaN,NaN,NaN,NaN,NaN,NaN
2,NaN,NaN,NaN,NaN,NaN,NaN,NaN,NaN
3,NaN,NaN,NaN,NaN,NaN,NaN,NaN,NaN
4,NaN,NaN,NaN,NaN,NaN,NaN,NaN,NaN
5,NaN,NaN,NaN,NaN,NaN,NaN,NaN,NaN
6,NaN,NaN,NaN,NaN,NaN,NaN,NaN,NaN
7,NaN,NaN,NaN,NaN,NaN,NaN,NaN,NaN
8,NaN,NaN,NaN,NaN,NaN,NaN,NaN,NaN
9,NaN,NaN,NaN,NaN,NaN,NaN,NaN,NaN
10,NaN,NaN,NaN,NaN,NaN,NaN,NaN,NaN
11,NaN,NaN,NaN,NaN,NaN,NaN,NaN,NaN
1,NaN,NaN,NaN,NaN,NaN,NaN,NaN,NaN
2,NaN,NaN,NaN,NaN,NaN,NaN,NaN,NaN
3,NaN,NaN,NaN,NaN,NaN,NaN,NaN,NaN
4,NaN,NaN,NaN,NaN,NaN,NaN,NaN,NaN
5,NaN,NaN,NaN,NaN,NaN,NaN,NaN,NaN
6,NaN,NaN,NaN,NaN,NaN,NaN,NaN,NaN
7,NaN,NaN,NaN,NaN,NaN,NaN,NaN,NaN
8,NaN,NaN,NaN,NaN,NaN,NaN,NaN,NaN
9,NaN,NaN,NaN,NaN,NaN,NaN,NaN,NaN
10,NaN,NaN,NaN,NaN,NaN,NaN,NaN,NaN
11,NaN,NaN,NaN,NaN,NaN,NaN,NaN,NaN
1,NaN,NaN,NaN,NaN,NaN,NaN,NaN,NaN
2,NaN,NaN,NaN,NaN,NaN,NaN,NaN,NaN
3,NaN,NaN,NaN,NaN,NaN,NaN,NaN,NaN
4,NaN,NaN,NaN,NaN,NaN,NaN,NaN,NaN
5,NaN,NaN,NaN,NaN,NaN,NaN,NaN,NaN
6,NaN,NaN,NaN,NaN,NaN,NaN,NaN,NaN
7,NaN,NaN,NaN,NaN,NaN,NaN,NaN,NaN
8,NaN,NaN,NaN,NaN,NaN,NaN,NaN,NaN
9,NaN,NaN,NaN,NaN,NaN,NaN,NaN,NaN
10,NaN,NaN,NaN,NaN,NaN,NaN,NaN,NaN
11,NaN,NaN,NaN,NaN,NaN,NaN,NaN,NaN
1,NaN,NaN,NaN,NaN,NaN,NaN,NaN,NaN
2,NaN,NaN,NaN,NaN,NaN,NaN,NaN,NaN
3,NaN,NaN,NaN,NaN,NaN,NaN,NaN,NaN
4,NaN,NaN,NaN,NaN,NaN,NaN,NaN,NaN
5,NaN,NaN,NaN,NaN,NaN,NaN,NaN,NaN
6,NaN,NaN,NaN,NaN,NaN,NaN,NaN,NaN
7,NaN,NaN,NaN,NaN,NaN,NaN,NaN,NaN
8,NaN,NaN,NaN,NaN,NaN,NaN,NaN,NaN
9,NaN,NaN,NaN,NaN,NaN,NaN,NaN,NaN
10,NaN,NaN,NaN,NaN,NaN,NaN,NaN,NaN
11,NaN,NaN,NaN,NaN,NaN,NaN,NaN,NaN
1,NaN,NaN,NaN,NaN,NaN,NaN,NaN,NaN
2,NaN,NaN,NaN,NaN,NaN,NaN,NaN,NaN
3,NaN,NaN,NaN,NaN,NaN,NaN,NaN,NaN
4,NaN,NaN,NaN,NaN,NaN,NaN,NaN,NaN
5,NaN,NaN,NaN,NaN,NaN,NaN,NaN,NaN
6,NaN,NaN,NaN,NaN,NaN,NaN,NaN,NaN
7,NaN,NaN,NaN,NaN,NaN,NaN,NaN,NaN
8,NaN,NaN,NaN,NaN,NaN,NaN,NaN,NaN
9,NaN,NaN,NaN,NaN,NaN,NaN,NaN,NaN
10,NaN,NaN,NaN,NaN,NaN,NaN,NaN,NaN
11,NaN,NaN,NaN,NaN,NaN,NaN,NaN,NaN
1,NaN,NaN,NaN,NaN,NaN,NaN,NaN,NaN
2,NaN,NaN,NaN,NaN,NaN,NaN,NaN,NaN
3,NaN,NaN,NaN,NaN,NaN,NaN,NaN,NaN
4,NaN,NaN,NaN,NaN,NaN,NaN,NaN,NaN
5,NaN,NaN,NaN,NaN,NaN,NaN,NaN,NaN
6,NaN,NaN,NaN,NaN,NaN,NaN,NaN,NaN
7,NaN,NaN,NaN,NaN,NaN,NaN,NaN,NaN
8,NaN,NaN,NaN,NaN,NaN,NaN,NaN,NaN
9,NaN,NaN,NaN,NaN,NaN,NaN,NaN,NaN
10,NaN,NaN,NaN,NaN,NaN,NaN,NaN,NaN
11,NaN,NaN,NaN,NaN,NaN,NaN,NaN,NaN
1,NaN,NaN,NaN,NaN,NaN,NaN,NaN,NaN
2,NaN,NaN,NaN,NaN,NaN,NaN,NaN,NaN
3,NaN,NaN,NaN,NaN,NaN,NaN,NaN,NaN
4,NaN,NaN,NaN,NaN,NaN,NaN,NaN,NaN
5,NaN,NaN,NaN,NaN,NaN,NaN,NaN,NaN
6,NaN,NaN,NaN,NaN,NaN,NaN,NaN,NaN
7,NaN,NaN,NaN,NaN,NaN,NaN,NaN,NaN
8,NaN,NaN,NaN,NaN,NaN,NaN,NaN,NaN
9,NaN,NaN,NaN,NaN,NaN,NaN,NaN,NaN
10,NaN,NaN,NaN,NaN,NaN,NaN,NaN,NaN
11,NaN,NaN,NaN,NaN,NaN,NaN,NaN,NaN
1,NaN,NaN,NaN,NaN,NaN,NaN,NaN,NaN
2,NaN,NaN,NaN,NaN,NaN,NaN,NaN,NaN
3,NaN,NaN,NaN,NaN,NaN,NaN,NaN,NaN
4,NaN,NaN,NaN,NaN,NaN,NaN,NaN,NaN
5,NaN,NaN,NaN,NaN,NaN,NaN,NaN,NaN
6,NaN,NaN,NaN,NaN,NaN,NaN,NaN,NaN
7,NaN,NaN,NaN,NaN,NaN,NaN,NaN,NaN
8,NaN,NaN,NaN,NaN,NaN,NaN,NaN,NaN
9,NaN,NaN,NaN,NaN,NaN,NaN,NaN,NaN
10,NaN,NaN,NaN,NaN,NaN,NaN,NaN,NaN
11,NaN,NaN,NaN,NaN,NaN,NaN,NaN,NaN
1,NaN,NaN,NaN,NaN,NaN,NaN,NaN,NaN
2,NaN,NaN,NaN,NaN,NaN,NaN,NaN,NaN
3,NaN,NaN,NaN,NaN,NaN,NaN,NaN,NaN
4,NaN,NaN,NaN,NaN,NaN,NaN,NaN,NaN
5,NaN,NaN,NaN,NaN,NaN,NaN,NaN,NaN
6,NaN,NaN,NaN,NaN,NaN,NaN,NaN,NaN
7,NaN,NaN,NaN,NaN,NaN,NaN,NaN,NaN
8,NaN,NaN,NaN,NaN,NaN,NaN,NaN,NaN
9,NaN,NaN,NaN,NaN,NaN,NaN,NaN,NaN
10,NaN,NaN,NaN,NaN,NaN,NaN,NaN,NaN
11,NaN,NaN,NaN,NaN,NaN,NaN,NaN,NaN
1,NaN,NaN,NaN,NaN,NaN,NaN,NaN,NaN
2,NaN,NaN,NaN,NaN,NaN,NaN,NaN,NaN
3,NaN,NaN,NaN,NaN,NaN,NaN,NaN,NaN
4,NaN,NaN,NaN,NaN,NaN,NaN,NaN,NaN
5,NaN,NaN,NaN,NaN,NaN,NaN,NaN,NaN
6,NaN,NaN,NaN,NaN,NaN,NaN,NaN,NaN
7,NaN,NaN,NaN,NaN,NaN,NaN,NaN,NaN
8,NaN,NaN,NaN,NaN,NaN,NaN,NaN,NaN
9,NaN,NaN,NaN,NaN,NaN,NaN,NaN,NaN
10,NaN,NaN,NaN,NaN,NaN,NaN,NaN,NaN
11,NaN,NaN,NaN,NaN,NaN,NaN,NaN,NaN
1,NaN,NaN,NaN,NaN,NaN,NaN,NaN,NaN
2,NaN,NaN,NaN,NaN,NaN,NaN,NaN,NaN
3,NaN,NaN,NaN,NaN,NaN,NaN,NaN,NaN
4,NaN,NaN,NaN,NaN,NaN,NaN,NaN,NaN
5,NaN,NaN,NaN,NaN,NaN,NaN,NaN,NaN
6,NaN,NaN,NaN,NaN,NaN,NaN,NaN,NaN
7,NaN,NaN,NaN,NaN,NaN,NaN,NaN,NaN
8,NaN,NaN,NaN,NaN,NaN,NaN,NaN,NaN
9,NaN,NaN,NaN,NaN,NaN,NaN,NaN,NaN
10,NaN,NaN,NaN,NaN,NaN,NaN,NaN,NaN
11,NaN,NaN,NaN,NaN,NaN,NaN,NaN,NaN
1,NaN,NaN,NaN,NaN,NaN,NaN,NaN,NaN
2,NaN,NaN,NaN,NaN,NaN,NaN,NaN,NaN
3,NaN,NaN,NaN,NaN,NaN,NaN,NaN,NaN
4,NaN,NaN,NaN,NaN,NaN,NaN,NaN,NaN
5,NaN,NaN,NaN,NaN,NaN,NaN,NaN,NaN
6,NaN,NaN,NaN,NaN,NaN,NaN,NaN,NaN
7,NaN,NaN,NaN,NaN,NaN,NaN,NaN,NaN
8,NaN,NaN,NaN,NaN,NaN,NaN,NaN,NaN
9,NaN,NaN,NaN,NaN,NaN,NaN,NaN,NaN
10,NaN,NaN,NaN,NaN,NaN,NaN,NaN,NaN
11,NaN,NaN,NaN,NaN,NaN,NaN,NaN,NaN
1,NaN,NaN,NaN,NaN,NaN,NaN,NaN,NaN
2,NaN,NaN,NaN,NaN,NaN,NaN,NaN,NaN
3,NaN,NaN,NaN,NaN,NaN,NaN,NaN,NaN
4,NaN,NaN,NaN,NaN,NaN,NaN,NaN,NaN
5,NaN,NaN,NaN,NaN,NaN,NaN,NaN,NaN
6,NaN,NaN,NaN,NaN,NaN,NaN,NaN,NaN
7,NaN,NaN,NaN,NaN,NaN,NaN,NaN,NaN
8,NaN,NaN,NaN,NaN,NaN,NaN,NaN,NaN
9,NaN,NaN,NaN,NaN,NaN,NaN,NaN,NaN
10,NaN,NaN,NaN,NaN,NaN,NaN,NaN,NaN
11,NaN,NaN,NaN,NaN,NaN,NaN,NaN,NaN
1,NaN,NaN,NaN,NaN,NaN,NaN,NaN,NaN
2,NaN,NaN,NaN,NaN,NaN,NaN,NaN,NaN
3,NaN,NaN,NaN,NaN,NaN,NaN,NaN,NaN
4,NaN,NaN,NaN,NaN,NaN,NaN,NaN,NaN
5,NaN,NaN,NaN,NaN,NaN,NaN,NaN,NaN
6,NaN,NaN,NaN,NaN,NaN,NaN,NaN,NaN
7,NaN,NaN,NaN,NaN,NaN,NaN,NaN,NaN
8,NaN,NaN,NaN,NaN,NaN,NaN,NaN,NaN
9,NaN,NaN,NaN,NaN,NaN,NaN,NaN,NaN
10,NaN,NaN,NaN,NaN,NaN,NaN,NaN,NaN
11,NaN,NaN,NaN,NaN,NaN,NaN,NaN,NaN
1,NaN,NaN,NaN,NaN,NaN,NaN,NaN,NaN
2,NaN,NaN,NaN,NaN,NaN,NaN,NaN,NaN
3,NaN,NaN,NaN,NaN,NaN,NaN,NaN,NaN
4,NaN,NaN,NaN,NaN,NaN,NaN,NaN,NaN
5,NaN,NaN,NaN,NaN,NaN,NaN,NaN,NaN
6,NaN,NaN,NaN,NaN,NaN,NaN,NaN,NaN
7,NaN,NaN,NaN,NaN,NaN,NaN,NaN,NaN
8,NaN,NaN,NaN,NaN,NaN,NaN,NaN,NaN
9,NaN,NaN,NaN,NaN,NaN,NaN,NaN,NaN
10,NaN,NaN,NaN,NaN,NaN,NaN,NaN,NaN
11,NaN,NaN,NaN,NaN,NaN,NaN,NaN,NaN
1,NaN,NaN,NaN,NaN,NaN,NaN,NaN,NaN
2,NaN,NaN,NaN,NaN,NaN,NaN,NaN,NaN
3,NaN,NaN,NaN,NaN,NaN,NaN,NaN,NaN
4,NaN,NaN,NaN,NaN,NaN,NaN,NaN,NaN
5,NaN,NaN,NaN,NaN,NaN,NaN,NaN,NaN
6,NaN,NaN,NaN,NaN,NaN,NaN,NaN,NaN
7,NaN,NaN,NaN,NaN,NaN,NaN,NaN,NaN
8,NaN,NaN,NaN,NaN,NaN,NaN,NaN,NaN
9,NaN,NaN,NaN,NaN,NaN,NaN,NaN,NaN
10,NaN,NaN,NaN,NaN,NaN,NaN,NaN,NaN
11,NaN,NaN,NaN,NaN,NaN,NaN,NaN,NaN
1,NaN,NaN,NaN,NaN,NaN,NaN,NaN,NaN
2,NaN,NaN,NaN,NaN,NaN,NaN,NaN,NaN
3,NaN,NaN,NaN,NaN,NaN,NaN,NaN,NaN
4,NaN,NaN,NaN,NaN,NaN,NaN,NaN,NaN
5,NaN,NaN,NaN,NaN,NaN,NaN,NaN,NaN
6,NaN,NaN,NaN,NaN,NaN,NaN,NaN,NaN
7,NaN,NaN,NaN,NaN,NaN,NaN,NaN,NaN
8,NaN,NaN,NaN,NaN,NaN,NaN,NaN,NaN
9,NaN,NaN,NaN,NaN,NaN,NaN,NaN,NaN
10,NaN,NaN,NaN,NaN,NaN,NaN,NaN,NaN
11,NaN,NaN,NaN,NaN,NaN,NaN,NaN,NaN
1,NaN,NaN,NaN,NaN,NaN,NaN,NaN,NaN
2,NaN,NaN,NaN,NaN,NaN,NaN,NaN,NaN
3,NaN,NaN,NaN,NaN,NaN,NaN,NaN,NaN
4,NaN,NaN,NaN,NaN,NaN,NaN,NaN,NaN
5,NaN,NaN,NaN,NaN,NaN,NaN,NaN,NaN
6,NaN,NaN,NaN,NaN,NaN,NaN,NaN,NaN
7,NaN,NaN,NaN,NaN,NaN,NaN,NaN,NaN
8,NaN,NaN,NaN,NaN,NaN,NaN,NaN,NaN
9,NaN,NaN,NaN,NaN,NaN,NaN,NaN,NaN
10,NaN,NaN,NaN,NaN,NaN,NaN,NaN,NaN
11,NaN,NaN,NaN,NaN,NaN,NaN,NaN,NaN
1,NaN,NaN,NaN,NaN,NaN,NaN,NaN,NaN
2,NaN,NaN,NaN,NaN,NaN,NaN,NaN,NaN
3,NaN,NaN,NaN,NaN,NaN,NaN,NaN,NaN
4,NaN,NaN,NaN,NaN,NaN,NaN,NaN,NaN
5,NaN,NaN,NaN,NaN,NaN,NaN,NaN,NaN
6,NaN,NaN,NaN,NaN,NaN,NaN,NaN,NaN
7,NaN,NaN,NaN,NaN,NaN,NaN,NaN,NaN
8,NaN,NaN,NaN,NaN,NaN,NaN,NaN,NaN
9,NaN,NaN,NaN,NaN,NaN,NaN,NaN,NaN
10,NaN,NaN,NaN,NaN,NaN,NaN,NaN,NaN
11,NaN,NaN,NaN,NaN,NaN,NaN,NaN,NaN
1,NaN,NaN,NaN,NaN,NaN,NaN,NaN,NaN
2,NaN,NaN,NaN,NaN,NaN,NaN,NaN,NaN
3,NaN,NaN,NaN,NaN,NaN,NaN,NaN,NaN
4,NaN,NaN,NaN,NaN,NaN,NaN,NaN,NaN
5,NaN,NaN,NaN,NaN,NaN,NaN,NaN,NaN
6,NaN,NaN,NaN,NaN,NaN,NaN,NaN,NaN
7,NaN,NaN,NaN,NaN,NaN,NaN,NaN,NaN
8,NaN,NaN,NaN,NaN,NaN,NaN,NaN,NaN
9,NaN,NaN,NaN,NaN,NaN,NaN,NaN,NaN
10,NaN,NaN,NaN,NaN,NaN,NaN,NaN,NaN
11,NaN,NaN,NaN,NaN,NaN,NaN,NaN,NaN
1,NaN,NaN,NaN,NaN,NaN,NaN,NaN,NaN
2,NaN,NaN,NaN,NaN,NaN,NaN,NaN,NaN
3,NaN,NaN,NaN,NaN,NaN,NaN,NaN,NaN
4,NaN,NaN,NaN,NaN,NaN,NaN,NaN,NaN
5,NaN,NaN,NaN,NaN,NaN,NaN,NaN,NaN
6,NaN,NaN,NaN,NaN,NaN,NaN,NaN,NaN
7,NaN,NaN,NaN,NaN,NaN,NaN,NaN,NaN
8,NaN,NaN,NaN,NaN,NaN,NaN,NaN,NaN
9,NaN,NaN,NaN,NaN,NaN,NaN,NaN,NaN
10,NaN,NaN,NaN,NaN,NaN,NaN,NaN,NaN
11,NaN,NaN,NaN,NaN,NaN,NaN,NaN,NaN
1,NaN,NaN,NaN,NaN,NaN,NaN,NaN,NaN
2,NaN,NaN,NaN,NaN,NaN,NaN,NaN,NaN
3,NaN,NaN,NaN,NaN,NaN,NaN,NaN,NaN
4,NaN,NaN,NaN,NaN,NaN,NaN,NaN,NaN
5,NaN,NaN,NaN,NaN,NaN,NaN,NaN,NaN
6,NaN,NaN,NaN,NaN,NaN,NaN,NaN,NaN
7,NaN,NaN,NaN,NaN,NaN,NaN,NaN,NaN
8,NaN,NaN,NaN,NaN,NaN,NaN,NaN,NaN
9,NaN,NaN,NaN,NaN,NaN,NaN,NaN,NaN
10,NaN,NaN,NaN,NaN,NaN,NaN,NaN,NaN
11,NaN,NaN,NaN,NaN,NaN,NaN,NaN,NaN
1,NaN,NaN,NaN,NaN,NaN,NaN,NaN,NaN
2,NaN,NaN,NaN,NaN,NaN,NaN,NaN,NaN
3,NaN,NaN,NaN,NaN,NaN,NaN,NaN,NaN
4,NaN,NaN,NaN,NaN,NaN,NaN,NaN,NaN
5,NaN,NaN,NaN,NaN,NaN,NaN,NaN,NaN
6,NaN,NaN,NaN,NaN,NaN,NaN,NaN,NaN
7,NaN,NaN,NaN,NaN,NaN,NaN,NaN,NaN
8,NaN,NaN,NaN,NaN,NaN,NaN,NaN,NaN
9,NaN,NaN,NaN,NaN,NaN,NaN,NaN,NaN
10,NaN,NaN,NaN,NaN,NaN,NaN,NaN,NaN
11,NaN,NaN,NaN,NaN,NaN,NaN,NaN,NaN
1,NaN,NaN,NaN,NaN,NaN,NaN,NaN,NaN
2,NaN,NaN,NaN,NaN,NaN,NaN,NaN,NaN
3,NaN,NaN,NaN,NaN,NaN,NaN,NaN,NaN
4,NaN,NaN,NaN,NaN,NaN,NaN,NaN,NaN
5,NaN,NaN,NaN,NaN,NaN,NaN,NaN,NaN
6,NaN,NaN,NaN,NaN,NaN,NaN,NaN,NaN
7,NaN,NaN,NaN,NaN,NaN,NaN,NaN,NaN
8,NaN,NaN,NaN,NaN,NaN,NaN,NaN,NaN
9,NaN,NaN,NaN,NaN,NaN,NaN,NaN,NaN
10,NaN,NaN,NaN,NaN,NaN,NaN,NaN,NaN
11,NaN,NaN,NaN,NaN,NaN,NaN,NaN,NaN
1,NaN,NaN,NaN,NaN,NaN,NaN,NaN,NaN
2,NaN,NaN,NaN,NaN,NaN,NaN,NaN,NaN
3,NaN,NaN,NaN,NaN,NaN,NaN,NaN,NaN
4,NaN,NaN,NaN,NaN,NaN,NaN,NaN,NaN
5,NaN,NaN,NaN,NaN,NaN,NaN,NaN,NaN
6,NaN,NaN,NaN,NaN,NaN,NaN,NaN,NaN
7,NaN,NaN,NaN,NaN,NaN,NaN,NaN,NaN
8,NaN,NaN,NaN,NaN,NaN,NaN,NaN,NaN
9,NaN,NaN,NaN,NaN,NaN,NaN,NaN,NaN
10,NaN,NaN,NaN,NaN,NaN,NaN,NaN,NaN
11,NaN,NaN,NaN,NaN,NaN,NaN,NaN,NaN
1,NaN,NaN,NaN,NaN,NaN,NaN,NaN,NaN
2,NaN,NaN,NaN,NaN,NaN,NaN,NaN,NaN
3,NaN,NaN,NaN,NaN,NaN,NaN,NaN,NaN
4,NaN,NaN,NaN,NaN,NaN,NaN,NaN,NaN
5,NaN,NaN,NaN,NaN,NaN,NaN,NaN,NaN
6,NaN,NaN,NaN,NaN,NaN,NaN,NaN,NaN
7,NaN,NaN,NaN,NaN,NaN,NaN,NaN,NaN
8,NaN,NaN,NaN,NaN,NaN,NaN,NaN,NaN
9,NaN,NaN,NaN,NaN,NaN,NaN,NaN,NaN
10,NaN,NaN,NaN,NaN,NaN,NaN,NaN,NaN
11,NaN,NaN,NaN,NaN,NaN,NaN,NaN,NaN
1,NaN,NaN,NaN,NaN,NaN,NaN,NaN,NaN
2,NaN,NaN,NaN,NaN,NaN,NaN,NaN,NaN
3,NaN,NaN,NaN,NaN,NaN,NaN,NaN,NaN
4,NaN,NaN,NaN,NaN,NaN,NaN,NaN,NaN
5,NaN,NaN,NaN,NaN,NaN,NaN,NaN,NaN
6,NaN,NaN,NaN,NaN,NaN,NaN,NaN,NaN
7,NaN,NaN,NaN,NaN,NaN,NaN,NaN,NaN
8,NaN,NaN,NaN,NaN,NaN,NaN,NaN,NaN
9,NaN,NaN,NaN,NaN,NaN,NaN,NaN,NaN
10,NaN,NaN,NaN,NaN,NaN,NaN,NaN,NaN
11,NaN,NaN,NaN,NaN,NaN,NaN,NaN,NaN
1,NaN,NaN,NaN,NaN,NaN,NaN,NaN,NaN
2,NaN,NaN,NaN,NaN,NaN,NaN,NaN,NaN
3,NaN,NaN,NaN,NaN,NaN,NaN,NaN,NaN
4,NaN,NaN,NaN,NaN,NaN,NaN,NaN,NaN
5,NaN,NaN,NaN,NaN,NaN,NaN,NaN,NaN
6,NaN,NaN,NaN,NaN,NaN,NaN,NaN,NaN
7,NaN,NaN,NaN,NaN,NaN,NaN,NaN,NaN
8,NaN,NaN,NaN,NaN,NaN,NaN,NaN,NaN
9,NaN,NaN,NaN,NaN,NaN,NaN,NaN,NaN
10,NaN,NaN,NaN,NaN,NaN,NaN,NaN,NaN
11,NaN,NaN,NaN,NaN,NaN,NaN,NaN,NaN
1,NaN,NaN,NaN,NaN,NaN,NaN,NaN,NaN
2,NaN,NaN,NaN,NaN,NaN,NaN,NaN,NaN
3,NaN,NaN,NaN,NaN,NaN,NaN,NaN,NaN
4,NaN,NaN,NaN,NaN,NaN,NaN,NaN,NaN
5,NaN,NaN,NaN,NaN,NaN,NaN,NaN,NaN
6,NaN,NaN,NaN,NaN,NaN,NaN,NaN,NaN
7,NaN,NaN,NaN,NaN,NaN,NaN,NaN,NaN
8,NaN,NaN,NaN,NaN,NaN,NaN,NaN,NaN
9,NaN,NaN,NaN,NaN,NaN,NaN,NaN,NaN
10,NaN,NaN,NaN,NaN,NaN,NaN,NaN,NaN
11,NaN,NaN,NaN,NaN,NaN,NaN,NaN,NaN
1,NaN,NaN,NaN,NaN,NaN,NaN,NaN,NaN
2,NaN,NaN,NaN,NaN,NaN,NaN,NaN,NaN
3,NaN,NaN,NaN,NaN,NaN,NaN,NaN,NaN
4,NaN,NaN,NaN,NaN,NaN,NaN,NaN,NaN
5,NaN,NaN,NaN,NaN,NaN,NaN,NaN,NaN
6,NaN,NaN,NaN,NaN,NaN,NaN,NaN,NaN
7,NaN,NaN,NaN,NaN,NaN,NaN,NaN,NaN
8,NaN,NaN,NaN,NaN,NaN,NaN,NaN,NaN
9,NaN,NaN,NaN,NaN,NaN,NaN,NaN,NaN
10,NaN,NaN,NaN,NaN,NaN,NaN,NaN,NaN
11,NaN,NaN,NaN,NaN,NaN,NaN,NaN,NaN
1,NaN,NaN,NaN,NaN,NaN,NaN,NaN,NaN
2,NaN,NaN,NaN,NaN,NaN,NaN,NaN,NaN
3,NaN,NaN,NaN,NaN,NaN,NaN,NaN,NaN
4,NaN,NaN,NaN,NaN,NaN,NaN,NaN,NaN
5,NaN,NaN,NaN,NaN,NaN,NaN,NaN,NaN
6,NaN,NaN,NaN,NaN,NaN,NaN,NaN,NaN
7,NaN,NaN,NaN,NaN,NaN,NaN,NaN,NaN
8,NaN,NaN,NaN,NaN,NaN,NaN,NaN,NaN
9,NaN,NaN,NaN,NaN,NaN,NaN,NaN,NaN
10,NaN,NaN,NaN,NaN,NaN,NaN,NaN,NaN
11,NaN,NaN,NaN,NaN,NaN,NaN,NaN,NaN
1,NaN,NaN,NaN,NaN,NaN,NaN,NaN,NaN
2,NaN,NaN,NaN,NaN,NaN,NaN,NaN,NaN
3,NaN,NaN,NaN,NaN,NaN,NaN,NaN,NaN
4,NaN,NaN,NaN,NaN,NaN,NaN,NaN,NaN
5,NaN,NaN,NaN,NaN,NaN,NaN,NaN,NaN
6,NaN,NaN,NaN,NaN,NaN,NaN,NaN,NaN
7,NaN,NaN,NaN,NaN,NaN,NaN,NaN,NaN
8,NaN,NaN,NaN,NaN,NaN,NaN,NaN,NaN
9,NaN,NaN,NaN,NaN,NaN,NaN,NaN,NaN
10,NaN,NaN,NaN,NaN,NaN,NaN,NaN,NaN
11,NaN,NaN,NaN,NaN,NaN,NaN,NaN,NaN
1,NaN,NaN,NaN,NaN,NaN,NaN,NaN,NaN
2,NaN,NaN,NaN,NaN,NaN,NaN,NaN,NaN
3,NaN,NaN,NaN,NaN,NaN,NaN,NaN,NaN
4,NaN,NaN,NaN,NaN,NaN,NaN,NaN,NaN
5,NaN,NaN,NaN,NaN,NaN,NaN,NaN,NaN
6,NaN,NaN,NaN,NaN,NaN,NaN,NaN,NaN
7,NaN,NaN,NaN,NaN,NaN,NaN,NaN,NaN
8,NaN,NaN,NaN,NaN,NaN,NaN,NaN,NaN
9,NaN,NaN,NaN,NaN,NaN,NaN,NaN,NaN
10,NaN,NaN,NaN,NaN,NaN,NaN,NaN,NaN
11,NaN,NaN,NaN,NaN,NaN,NaN,NaN,NaN
1,NaN,NaN,NaN,NaN,NaN,NaN,NaN,NaN
2,NaN,NaN,NaN,NaN,NaN,NaN,NaN,NaN
3,NaN,NaN,NaN,NaN,NaN,NaN,NaN,NaN
4,NaN,NaN,NaN,NaN,NaN,NaN,NaN,NaN
5,NaN,NaN,NaN,NaN,NaN,NaN,NaN,NaN
6,NaN,NaN,NaN,NaN,NaN,NaN,NaN,NaN
7,NaN,NaN,NaN,NaN,NaN,NaN,NaN,NaN
8,NaN,NaN,NaN,NaN,NaN,NaN,NaN,NaN
9,NaN,NaN,NaN,NaN,NaN,NaN,NaN,NaN
10,NaN,NaN,NaN,NaN,NaN,NaN,NaN,NaN
11,NaN,NaN,NaN,NaN,NaN,NaN,NaN,NaN
1,NaN,NaN,NaN,NaN,NaN,NaN,NaN,NaN
2,NaN,NaN,NaN,NaN,NaN,NaN,NaN,NaN
3,NaN,NaN,NaN,NaN,NaN,NaN,NaN,NaN
4,NaN,NaN,NaN,NaN,NaN,NaN,NaN,NaN
5,NaN,NaN,NaN,NaN,NaN,NaN,NaN,NaN
6,NaN,NaN,NaN,NaN,NaN,NaN,NaN,NaN
7,NaN,NaN,NaN,NaN,NaN,NaN,NaN,NaN
8,NaN,NaN,NaN,NaN,NaN,NaN,NaN,NaN
9,NaN,NaN,NaN,NaN,NaN,NaN,NaN,NaN
10,NaN,NaN,NaN,NaN,NaN,NaN,NaN,NaN
11,NaN,NaN,NaN,NaN,NaN,NaN,NaN,NaN
1,NaN,NaN,NaN,NaN,NaN,NaN,NaN,NaN
2,NaN,NaN,NaN,NaN,NaN,NaN,NaN,NaN
3,NaN,NaN,NaN,NaN,NaN,NaN,NaN,NaN
4,NaN,NaN,NaN,NaN,NaN,NaN,NaN,NaN
5,NaN,NaN,NaN,NaN,NaN,NaN,NaN,NaN
6,NaN,NaN,NaN,NaN,NaN,NaN,NaN,NaN
7,NaN,NaN,NaN,NaN,NaN,NaN,NaN,NaN
8,NaN,NaN,NaN,NaN,NaN,NaN,NaN,NaN
9,NaN,NaN,NaN,NaN,NaN,NaN,NaN,NaN
10,NaN,NaN,NaN,NaN,NaN,NaN,NaN,NaN
11,NaN,NaN,NaN,NaN,NaN,NaN,NaN,NaN
1,NaN,NaN,NaN,NaN,NaN,NaN,NaN,NaN
2,NaN,NaN,NaN,NaN,NaN,NaN,NaN,NaN
3,NaN,NaN,NaN,NaN,NaN,NaN,NaN,NaN
4,NaN,NaN,NaN,NaN,NaN,NaN,NaN,NaN
5,NaN,NaN,NaN,NaN,NaN,NaN,NaN,NaN
6,NaN,NaN,NaN,NaN,NaN,NaN,NaN,NaN
7,NaN,NaN,NaN,NaN,NaN,NaN,NaN,NaN
8,NaN,NaN,NaN,NaN,NaN,NaN,NaN,NaN
9,NaN,NaN,NaN,NaN,NaN,NaN,NaN,NaN
10,NaN,NaN,NaN,NaN,NaN,NaN,NaN,NaN
11,NaN,NaN,NaN,NaN,NaN,NaN,NaN,NaN
1,NaN,NaN,NaN,NaN,NaN,NaN,NaN,NaN
2,NaN,NaN,NaN,NaN,NaN,NaN,NaN,NaN
3,NaN,NaN,NaN,NaN,NaN,NaN,NaN,NaN
4,NaN,NaN,NaN,NaN,NaN,NaN,NaN,NaN
5,NaN,NaN,NaN,NaN,NaN,NaN,NaN,NaN
6,NaN,NaN,NaN,NaN,NaN,NaN,NaN,NaN
7,NaN,NaN,NaN,NaN,NaN,NaN,NaN,NaN
8,NaN,NaN,NaN,NaN,NaN,NaN,NaN,NaN
9,NaN,NaN,NaN,NaN,NaN,NaN,NaN,NaN
10,NaN,NaN,NaN,NaN,NaN,NaN,NaN,NaN
11,NaN,NaN,NaN,NaN,NaN,NaN,NaN,NaN
1,NaN,NaN,NaN,NaN,NaN,NaN,NaN,NaN
2,NaN,NaN,NaN,NaN,NaN,NaN,NaN,NaN
3,NaN,NaN,NaN,NaN,NaN,NaN,NaN,NaN
4,NaN,NaN,NaN,NaN,NaN,NaN,NaN,NaN
5,NaN,NaN,NaN,NaN,NaN,NaN,NaN,NaN
6,NaN,NaN,NaN,NaN,NaN,NaN,NaN,NaN
7,NaN,NaN,NaN,NaN,NaN,NaN,NaN,NaN
8,NaN,NaN,NaN,NaN,NaN,NaN,NaN,NaN
9,NaN,NaN,NaN,NaN,NaN,NaN,NaN,NaN
10,NaN,NaN,NaN,NaN,NaN,NaN,NaN,NaN
11,NaN,NaN,NaN,NaN,NaN,NaN,NaN,NaN
1,NaN,NaN,NaN,NaN,NaN,NaN,NaN,NaN
2,NaN,NaN,NaN,NaN,NaN,NaN,NaN,NaN
3,NaN,NaN,NaN,NaN,NaN,NaN,NaN,NaN
4,NaN,NaN,NaN,NaN,NaN,NaN,NaN,NaN
5,NaN,NaN,NaN,NaN,NaN,NaN,NaN,NaN
6,NaN,NaN,NaN,NaN,NaN,NaN,NaN,NaN
7,NaN,NaN,NaN,NaN,NaN,NaN,NaN,NaN
8,NaN,NaN,NaN,NaN,NaN,NaN,NaN,NaN
9,NaN,NaN,NaN,NaN,NaN,NaN,NaN,NaN
10,NaN,NaN,NaN,NaN,NaN,NaN,NaN,NaN
11,NaN,NaN,NaN,NaN,NaN,NaN,NaN,NaN
1,NaN,NaN,NaN,NaN,NaN,NaN,NaN,NaN
2,NaN,NaN,NaN,NaN,NaN,NaN,NaN,NaN
3,NaN,NaN,NaN,NaN,NaN,NaN,NaN,NaN
4,NaN,NaN,NaN,NaN,NaN,NaN,NaN,NaN
5,NaN,NaN,NaN,NaN,NaN,NaN,NaN,NaN
6,NaN,NaN,NaN,NaN,NaN,NaN,NaN,NaN
7,NaN,NaN,NaN,NaN,NaN,NaN,NaN,NaN
8,NaN,NaN,NaN,NaN,NaN,NaN,NaN,NaN
9,NaN,NaN,NaN,NaN,NaN,NaN,NaN,NaN
10,NaN,NaN,NaN,NaN,NaN,NaN,NaN,NaN
11,NaN,NaN,NaN,NaN,NaN,NaN,NaN,NaN
1,NaN,NaN,NaN,NaN,NaN,NaN,NaN,NaN
2,NaN,NaN,NaN,NaN,NaN,NaN,NaN,NaN
3,NaN,NaN,NaN,NaN,NaN,NaN,NaN,NaN
4,NaN,NaN,NaN,NaN,NaN,NaN,NaN,NaN
5,NaN,NaN,NaN,NaN,NaN,NaN,NaN,NaN
6,NaN,NaN,NaN,NaN,NaN,NaN,NaN,NaN
7,NaN,NaN,NaN,NaN,NaN,NaN,NaN,NaN
8,NaN,NaN,NaN,NaN,NaN,NaN,NaN,NaN
9,NaN,NaN,NaN,NaN,NaN,NaN,NaN,NaN
10,NaN,NaN,NaN,NaN,NaN,NaN,NaN,NaN
11,NaN,NaN,NaN,NaN,NaN,NaN,NaN,NaN
1,NaN,NaN,NaN,NaN,NaN,NaN,NaN,NaN
2,NaN,NaN,NaN,NaN,NaN,NaN,NaN,NaN
3,NaN,NaN,NaN,NaN,NaN,NaN,NaN,NaN
4,NaN,NaN,NaN,NaN,NaN,NaN,NaN,NaN
5,NaN,NaN,NaN,NaN,NaN,NaN,NaN,NaN
6,NaN,NaN,NaN,NaN,NaN,NaN,NaN,NaN
7,NaN,NaN,NaN,NaN,NaN,NaN,NaN,NaN
8,NaN,NaN,NaN,NaN,NaN,NaN,NaN,NaN
9,NaN,NaN,NaN,NaN,NaN,NaN,NaN,NaN
10,NaN,NaN,NaN,NaN,NaN,NaN,NaN,NaN
11,NaN,NaN,NaN,NaN,NaN,NaN,NaN,NaN
1,NaN,NaN,NaN,NaN,NaN,NaN,NaN,NaN
2,NaN,NaN,NaN,NaN,NaN,NaN,NaN,NaN
3,NaN,NaN,NaN,NaN,NaN,NaN,NaN,NaN
4,NaN,NaN,NaN,NaN,NaN,NaN,NaN,NaN
5,NaN,NaN,NaN,NaN,NaN,NaN,NaN,NaN
6,NaN,NaN,NaN,NaN,NaN,NaN,NaN,NaN
7,NaN,NaN,NaN,NaN,NaN,NaN,NaN,NaN
8,NaN,NaN,NaN,NaN,NaN,NaN,NaN,NaN
9,NaN,NaN,NaN,NaN,NaN,NaN,NaN,NaN
10,NaN,NaN,NaN,NaN,NaN,NaN,NaN,NaN
11,NaN,NaN,NaN,NaN,NaN,NaN,NaN,NaN
1,NaN,NaN,NaN,NaN,NaN,NaN,NaN,NaN
2,NaN,NaN,NaN,NaN,NaN,NaN,NaN,NaN
3,NaN,NaN,NaN,NaN,NaN,NaN,NaN,NaN
4,NaN,NaN,NaN,NaN,NaN,NaN,NaN,NaN
5,NaN,NaN,NaN,NaN,NaN,NaN,NaN,NaN
6,NaN,NaN,NaN,NaN,NaN,NaN,NaN,NaN
7,NaN,NaN,NaN,NaN,NaN,NaN,NaN,NaN
8,NaN,NaN,NaN,NaN,NaN,NaN,NaN,NaN
9,NaN,NaN,NaN,NaN,NaN,NaN,NaN,NaN
10,NaN,NaN,NaN,NaN,NaN,NaN,NaN,NaN
11,NaN,NaN,NaN,NaN,NaN,NaN,NaN,NaN
1,NaN,NaN,NaN,NaN,NaN,NaN,NaN,NaN
2,NaN,NaN,NaN,NaN,NaN,NaN,NaN,NaN
3,NaN,NaN,NaN,NaN,NaN,NaN,NaN,NaN
4,NaN,NaN,NaN,NaN,NaN,NaN,NaN,NaN
5,NaN,NaN,NaN,NaN,NaN,NaN,NaN,NaN
6,NaN,NaN,NaN,NaN,NaN,NaN,NaN,NaN
7,NaN,NaN,NaN,NaN,NaN,NaN,NaN,NaN
8,NaN,NaN,NaN,NaN,NaN,NaN,NaN,NaN
9,NaN,NaN,NaN,NaN,NaN,NaN,NaN,NaN
10,NaN,NaN,NaN,NaN,NaN,NaN,NaN,NaN
11,NaN,NaN,NaN,NaN,NaN,NaN,NaN,NaN
1,NaN,NaN,NaN,NaN,NaN,NaN,NaN,NaN
2,NaN,NaN,NaN,NaN,NaN,NaN,NaN,NaN
3,NaN,NaN,NaN,NaN,NaN,NaN,NaN,NaN
4,NaN,NaN,NaN,NaN,NaN,NaN,NaN,NaN
5,NaN,NaN,NaN,NaN,NaN,NaN,NaN,NaN
6,NaN,NaN,NaN,NaN,NaN,NaN,NaN,NaN
7,NaN,NaN,NaN,NaN,NaN,NaN,NaN,NaN
8,NaN,NaN,NaN,NaN,NaN,NaN,NaN,NaN
9,NaN,NaN,NaN,NaN,NaN,NaN,NaN,NaN
10,NaN,NaN,NaN,NaN,NaN,NaN,NaN,NaN
11,NaN,NaN,NaN,NaN,NaN,NaN,NaN,NaN
1,NaN,NaN,NaN,NaN,NaN,NaN,NaN,NaN
2,NaN,NaN,NaN,NaN,NaN,NaN,NaN,NaN
3,NaN,NaN,NaN,NaN,NaN,NaN,NaN,NaN
4,NaN,NaN,NaN,NaN,NaN,NaN,NaN,NaN
5,NaN,NaN,NaN,NaN,NaN,NaN,NaN,NaN
6,NaN,NaN,NaN,NaN,NaN,NaN,NaN,NaN
7,NaN,NaN,NaN,NaN,NaN,NaN,NaN,NaN
8,NaN,NaN,NaN,NaN,NaN,NaN,NaN,NaN
9,NaN,NaN,NaN,NaN,NaN,NaN,NaN,NaN
10,NaN,NaN,NaN,NaN,NaN,NaN,NaN,NaN
11,NaN,NaN,NaN,NaN,NaN,NaN,NaN,NaN
1,NaN,NaN,NaN,NaN,NaN,NaN,NaN,NaN
2,NaN,NaN,NaN,NaN,NaN,NaN,NaN,NaN
3,NaN,NaN,NaN,NaN,NaN,NaN,NaN,NaN
4,NaN,NaN,NaN,NaN,NaN,NaN,NaN,NaN
5,NaN,NaN,NaN,NaN,NaN,NaN,NaN,NaN
6,NaN,NaN,NaN,NaN,NaN,NaN,NaN,NaN
7,NaN,NaN,NaN,NaN,NaN,NaN,NaN,NaN
8,NaN,NaN,NaN,NaN,NaN,NaN,NaN,NaN
9,NaN,NaN,NaN,NaN,NaN,NaN,NaN,NaN
10,NaN,NaN,NaN,NaN,NaN,NaN,NaN,NaN
11,NaN,NaN,NaN,NaN,NaN,NaN,NaN,NaN
1,NaN,NaN,NaN,NaN,NaN,NaN,NaN,NaN
2,NaN,NaN,NaN,NaN,NaN,NaN,NaN,NaN
3,NaN,NaN,NaN,NaN,NaN,NaN,NaN,NaN
4,NaN,NaN,NaN,NaN,NaN,NaN,NaN,NaN
5,NaN,NaN,NaN,NaN,NaN,NaN,NaN,NaN
6,NaN,NaN,NaN,NaN,NaN,NaN,NaN,NaN
7,NaN,NaN,NaN,NaN,NaN,NaN,NaN,NaN
8,NaN,NaN,NaN,NaN,NaN,NaN,NaN,NaN
9,NaN,NaN,NaN,NaN,NaN,NaN,NaN,NaN
10,NaN,NaN,NaN,NaN,NaN,NaN,NaN,NaN
11,NaN,NaN,NaN,NaN,NaN,NaN,NaN,NaN
1,NaN,NaN,NaN,NaN,NaN,NaN,NaN,NaN
2,NaN,NaN,NaN,NaN,NaN,NaN,NaN,NaN
3,NaN,NaN,NaN,NaN,NaN,NaN,NaN,NaN
4,NaN,NaN,NaN,NaN,NaN,NaN,NaN,NaN
5,NaN,NaN,NaN,NaN,NaN,NaN,NaN,NaN
6,NaN,NaN,NaN,NaN,NaN,NaN,NaN,NaN
7,NaN,NaN,NaN,NaN,NaN,NaN,NaN,NaN
8,NaN,NaN,NaN,NaN,NaN,NaN,NaN,NaN
9,NaN,NaN,NaN,NaN,NaN,NaN,NaN,NaN
10,NaN,NaN,NaN,NaN,NaN,NaN,NaN,NaN
11,NaN,NaN,NaN,NaN,NaN,NaN,NaN,NaN
1,NaN,NaN,NaN,NaN,NaN,NaN,NaN,NaN
2,NaN,NaN,NaN,NaN,NaN,NaN,NaN,NaN
3,NaN,NaN,NaN,NaN,NaN,NaN,NaN,NaN
4,NaN,NaN,NaN,NaN,NaN,NaN,NaN,NaN
5,NaN,NaN,NaN,NaN,NaN,NaN,NaN,NaN
6,NaN,NaN,NaN,NaN,NaN,NaN,NaN,NaN
7,NaN,NaN,NaN,NaN,NaN,NaN,NaN,NaN
8,NaN,NaN,NaN,NaN,NaN,NaN,NaN,NaN
9,NaN,NaN,NaN,NaN,NaN,NaN,NaN,NaN
10,NaN,NaN,NaN,NaN,NaN,NaN,NaN,NaN
11,NaN,NaN,NaN,NaN,NaN,NaN,NaN,NaN
1,NaN,NaN,NaN,NaN,NaN,NaN,NaN,NaN
2,NaN,NaN,NaN,NaN,NaN,NaN,NaN,NaN
3,NaN,NaN,NaN,NaN,NaN,NaN,NaN,NaN
4,NaN,NaN,NaN,NaN,NaN,NaN,NaN,NaN
5,NaN,NaN,NaN,NaN,NaN,NaN,NaN,NaN
6,NaN,NaN,NaN,NaN,NaN,NaN,NaN,NaN
7,NaN,NaN,NaN,NaN,NaN,NaN,NaN,NaN
8,NaN,NaN,NaN,NaN,NaN,NaN,NaN,NaN
9,NaN,NaN,NaN,NaN,NaN,NaN,NaN,NaN
10,NaN,NaN,NaN,NaN,NaN,NaN,NaN,NaN
11,NaN,NaN,NaN,NaN,NaN,NaN,NaN,NaN
1,NaN,NaN,NaN,NaN,NaN,NaN,NaN,NaN
2,NaN,NaN,NaN,NaN,NaN,NaN,NaN,NaN
3,NaN,NaN,NaN,NaN,NaN,NaN,NaN,NaN
4,NaN,NaN,NaN,NaN,NaN,NaN,NaN,NaN
5,NaN,NaN,NaN,NaN,NaN,NaN,NaN,NaN
6,NaN,NaN,NaN,NaN,NaN,NaN,NaN,NaN
7,NaN,NaN,NaN,NaN,NaN,NaN,NaN,NaN
8,NaN,NaN,NaN,NaN,NaN,NaN,NaN,NaN
9,NaN,NaN,NaN,NaN,NaN,NaN,NaN,NaN
10,NaN,NaN,NaN,NaN,NaN,NaN,NaN,NaN
11,NaN,NaN,NaN,NaN,NaN,NaN,NaN,NaN
1,NaN,NaN,NaN,NaN,NaN,NaN,NaN,NaN
2,NaN,NaN,NaN,NaN,NaN,NaN,NaN,NaN
3,NaN,NaN,NaN,NaN,NaN,NaN,NaN,NaN
4,NaN,NaN,NaN,NaN,NaN,NaN,NaN,NaN
5,NaN,NaN,NaN,NaN,NaN,NaN,NaN,NaN
6,NaN,NaN,NaN,NaN,NaN,NaN,NaN,NaN
7,NaN,NaN,NaN,NaN,NaN,NaN,NaN,NaN
8,NaN,NaN,NaN,NaN,NaN,NaN,NaN,NaN
9,NaN,NaN,NaN,NaN,NaN,NaN,NaN,NaN
10,NaN,NaN,NaN,NaN,NaN,NaN,NaN,NaN
11,NaN,NaN,NaN,NaN,NaN,NaN,NaN,NaN
1,NaN,NaN,NaN,NaN,NaN,NaN,NaN,NaN
2,NaN,NaN,NaN,NaN,NaN,NaN,NaN,NaN
3,NaN,NaN,NaN,NaN,NaN,NaN,NaN,NaN
4,NaN,NaN,NaN,NaN,NaN,NaN,NaN,NaN
5,NaN,NaN,NaN,NaN,NaN,NaN,NaN,NaN
6,NaN,NaN,NaN,NaN,NaN,NaN,NaN,NaN
7,NaN,NaN,NaN,NaN,NaN,NaN,NaN,NaN
8,NaN,NaN,NaN,NaN,NaN,NaN,NaN,NaN
9,NaN,NaN,NaN,NaN,NaN,NaN,NaN,NaN
10,NaN,NaN,NaN,NaN,NaN,NaN,NaN,NaN
11,NaN,NaN,NaN,NaN,NaN,NaN,NaN,NaN
1,NaN,NaN,NaN,NaN,NaN,NaN,NaN,NaN
2,NaN,NaN,NaN,NaN,NaN,NaN,NaN,NaN
3,NaN,NaN,NaN,NaN,NaN,NaN,NaN,NaN
4,NaN,NaN,NaN,NaN,NaN,NaN,NaN,NaN
5,NaN,NaN,NaN,NaN,NaN,NaN,NaN,NaN
6,NaN,NaN,NaN,NaN,NaN,NaN,NaN,NaN
7,NaN,NaN,NaN,NaN,NaN,NaN,NaN,NaN
8,NaN,NaN,NaN,NaN,NaN,NaN,NaN,NaN
9,NaN,NaN,NaN,NaN,NaN,NaN,NaN,NaN
10,NaN,NaN,NaN,NaN,NaN,NaN,NaN,NaN
11,NaN,NaN,NaN,NaN,NaN,NaN,NaN,NaN
1,NaN,NaN,NaN,NaN,NaN,NaN,NaN,NaN
2,NaN,NaN,NaN,NaN,NaN,NaN,NaN,NaN
3,NaN,NaN,NaN,NaN,NaN,NaN,NaN,NaN
4,NaN,NaN,NaN,NaN,NaN,NaN,NaN,NaN
5,NaN,NaN,NaN,NaN,NaN,NaN,NaN,NaN
6,NaN,NaN,NaN,NaN,NaN,NaN,NaN,NaN
7,NaN,NaN,NaN,NaN,NaN,NaN,NaN,NaN
8,NaN,NaN,NaN,NaN,NaN,NaN,NaN,NaN
9,NaN,NaN,NaN,NaN,NaN,NaN,NaN,NaN
10,NaN,NaN,NaN,NaN,NaN,NaN,NaN,NaN
11,NaN,NaN,NaN,NaN,NaN,NaN,NaN,NaN
1,NaN,NaN,NaN,NaN,NaN,NaN,NaN,NaN
2,NaN,NaN,NaN,NaN,NaN,NaN,NaN,NaN
3,NaN,NaN,NaN,NaN,NaN,NaN,NaN,NaN
4,NaN,NaN,NaN,NaN,NaN,NaN,NaN,NaN
5,NaN,NaN,NaN,NaN,NaN,NaN,NaN,NaN
6,NaN,NaN,NaN,NaN,NaN,NaN,NaN,NaN
7,NaN,NaN,NaN,NaN,NaN,NaN,NaN,NaN
8,NaN,NaN,NaN,NaN,NaN,NaN,NaN,NaN
9,NaN,NaN,NaN,NaN,NaN,NaN,NaN,NaN
10,NaN,NaN,NaN,NaN,NaN,NaN,NaN,NaN
11,NaN,NaN,NaN,NaN,NaN,NaN,NaN,NaN
1,NaN,NaN,NaN,NaN,NaN,NaN,NaN,NaN
2,NaN,NaN,NaN,NaN,NaN,NaN,NaN,NaN
3,NaN,NaN,NaN,NaN,NaN,NaN,NaN,NaN
4,NaN,NaN,NaN,NaN,NaN,NaN,NaN,NaN
5,NaN,NaN,NaN,NaN,NaN,NaN,NaN,NaN
6,NaN,NaN,NaN,NaN,NaN,NaN,NaN,NaN
7,NaN,NaN,NaN,NaN,NaN,NaN,NaN,NaN
8,NaN,NaN,NaN,NaN,NaN,NaN,NaN,NaN
9,NaN,NaN,NaN,NaN,NaN,NaN,NaN,NaN
10,NaN,NaN,NaN,NaN,NaN,NaN,NaN,NaN
11,NaN,NaN,NaN,NaN,NaN,NaN,NaN,NaN
1,NaN,NaN,NaN,NaN,NaN,NaN,NaN,NaN
2,NaN,NaN,NaN,NaN,NaN,NaN,NaN,NaN
3,NaN,NaN,NaN,NaN,NaN,NaN,NaN,NaN
4,NaN,NaN,NaN,NaN,NaN,NaN,NaN,NaN
5,NaN,NaN,NaN,NaN,NaN,NaN,NaN,NaN
6,NaN,NaN,NaN,NaN,NaN,NaN,NaN,NaN
7,NaN,NaN,NaN,NaN,NaN,NaN,NaN,NaN
8,NaN,NaN,NaN,NaN,NaN,NaN,NaN,NaN
9,NaN,NaN,NaN,NaN,NaN,NaN,NaN,NaN
10,NaN,NaN,NaN,NaN,NaN,NaN,NaN,NaN
11,NaN,NaN,NaN,NaN,NaN,NaN,NaN,NaN
1,NaN,NaN,NaN,NaN,NaN,NaN,NaN,NaN
2,NaN,NaN,NaN,NaN,NaN,NaN,NaN,NaN
3,NaN,NaN,NaN,NaN,NaN,NaN,NaN,NaN
4,NaN,NaN,NaN,NaN,NaN,NaN,NaN,NaN
5,NaN,NaN,NaN,NaN,NaN,NaN,NaN,NaN
6,NaN,NaN,NaN,NaN,NaN,NaN,NaN,NaN
7,NaN,NaN,NaN,NaN,NaN,NaN,NaN,NaN
8,NaN,NaN,NaN,NaN,NaN,NaN,NaN,NaN
9,NaN,NaN,NaN,NaN,NaN,NaN,NaN,NaN
10,NaN,NaN,NaN,NaN,NaN,NaN,NaN,NaN
11,NaN,NaN,NaN,NaN,NaN,NaN,NaN,NaN
1,NaN,NaN,NaN,NaN,NaN,NaN,NaN,NaN
2,NaN,NaN,NaN,NaN,NaN,NaN,NaN,NaN
3,NaN,NaN,NaN,NaN,NaN,NaN,NaN,NaN
4,NaN,NaN,NaN,NaN,NaN,NaN,NaN,NaN
5,NaN,NaN,NaN,NaN,NaN,NaN,NaN,NaN
6,NaN,NaN,NaN,NaN,NaN,NaN,NaN,NaN
7,NaN,NaN,NaN,NaN,NaN,NaN,NaN,NaN
8,NaN,NaN,NaN,NaN,NaN,NaN,NaN,NaN
9,NaN,NaN,NaN,NaN,NaN,NaN,NaN,NaN
10,NaN,NaN,NaN,NaN,NaN,NaN,NaN,NaN
11,NaN,NaN,NaN,NaN,NaN,NaN,NaN,NaN
1,NaN,NaN,NaN,NaN,NaN,NaN,NaN,NaN
2,NaN,NaN,NaN,NaN,NaN,NaN,NaN,NaN
3,NaN,NaN,NaN,NaN,NaN,NaN,NaN,NaN
4,NaN,NaN,NaN,NaN,NaN,NaN,NaN,NaN
5,NaN,NaN,NaN,NaN,NaN,NaN,NaN,NaN
6,NaN,NaN,NaN,NaN,NaN,NaN,NaN,NaN
7,NaN,NaN,NaN,NaN,NaN,NaN,NaN,NaN
8,NaN,NaN,NaN,NaN,NaN,NaN,NaN,NaN
9,NaN,NaN,NaN,NaN,NaN,NaN,NaN,NaN
10,NaN,NaN,NaN,NaN,NaN,NaN,NaN,NaN
11,NaN,NaN,NaN,NaN,NaN,NaN,NaN,NaN
1,NaN,NaN,NaN,NaN,NaN,NaN,NaN,NaN
2,NaN,NaN,NaN,NaN,NaN,NaN,NaN,NaN
3,NaN,NaN,NaN,NaN,NaN,NaN,NaN,NaN
4,NaN,NaN,NaN,NaN,NaN,NaN,NaN,NaN
5,NaN,NaN,NaN,NaN,NaN,NaN,NaN,NaN
6,NaN,NaN,NaN,NaN,NaN,NaN,NaN,NaN
7,NaN,NaN,NaN,NaN,NaN,NaN,NaN,NaN
8,NaN,NaN,NaN,NaN,NaN,NaN,NaN,NaN
9,NaN,NaN,NaN,NaN,NaN,NaN,NaN,NaN
10,NaN,NaN,NaN,NaN,NaN,NaN,NaN,NaN
11,NaN,NaN,NaN,NaN,NaN,NaN,NaN,NaN
1,NaN,NaN,NaN,NaN,NaN,NaN,NaN,NaN
2,NaN,NaN,NaN,NaN,NaN,NaN,NaN,NaN
3,NaN,NaN,NaN,NaN,NaN,NaN,NaN,NaN
4,NaN,NaN,NaN,NaN,NaN,NaN,NaN,NaN
5,NaN,NaN,NaN,NaN,NaN,NaN,NaN,NaN
6,NaN,NaN,NaN,NaN,NaN,NaN,NaN,NaN
7,NaN,NaN,NaN,NaN,NaN,NaN,NaN,NaN
8,NaN,NaN,NaN,NaN,NaN,NaN,NaN,NaN
9,NaN,NaN,NaN,NaN,NaN,NaN,NaN,NaN
10,NaN,NaN,NaN,NaN,NaN,NaN,NaN,NaN
11,NaN,NaN,NaN,NaN,NaN,NaN,NaN,NaN
1,NaN,NaN,NaN,NaN,NaN,NaN,NaN,NaN
2,NaN,NaN,NaN,NaN,NaN,NaN,NaN,NaN
3,NaN,NaN,NaN,NaN,NaN,NaN,NaN,NaN
4,NaN,NaN,NaN,NaN,NaN,NaN,NaN,NaN
5,NaN,NaN,NaN,NaN,NaN,NaN,NaN,NaN
6,NaN,NaN,NaN,NaN,NaN,NaN,NaN,NaN
7,NaN,NaN,NaN,NaN,NaN,NaN,NaN,NaN
8,NaN,NaN,NaN,NaN,NaN,NaN,NaN,NaN
9,NaN,NaN,NaN,NaN,NaN,NaN,NaN,NaN
10,NaN,NaN,NaN,NaN,NaN,NaN,NaN,NaN
11,NaN,NaN,NaN,NaN,NaN,NaN,NaN,NaN
1,NaN,NaN,NaN,NaN,NaN,NaN,NaN,NaN
2,NaN,NaN,NaN,NaN,NaN,NaN,NaN,NaN
3,NaN,NaN,NaN,NaN,NaN,NaN,NaN,NaN
4,NaN,NaN,NaN,NaN,NaN,NaN,NaN,NaN
5,NaN,NaN,NaN,NaN,NaN,NaN,NaN,NaN
6,NaN,NaN,NaN,NaN,NaN,NaN,NaN,NaN
7,NaN,NaN,NaN,NaN,NaN,NaN,NaN,NaN
8,NaN,NaN,NaN,NaN,NaN,NaN,NaN,NaN
9,NaN,NaN,NaN,NaN,NaN,NaN,NaN,NaN
10,NaN,NaN,NaN,NaN,NaN,NaN,NaN,NaN
11,NaN,NaN,NaN,NaN,NaN,NaN,NaN,NaN
1,NaN,NaN,NaN,NaN,NaN,NaN,NaN,NaN
2,NaN,NaN,NaN,NaN,NaN,NaN,NaN,NaN
3,NaN,NaN,NaN,NaN,NaN,NaN,NaN,NaN
4,NaN,NaN,NaN,NaN,NaN,NaN,NaN,NaN
5,NaN,NaN,NaN,NaN,NaN,NaN,NaN,NaN
6,NaN,NaN,NaN,NaN,NaN,NaN,NaN,NaN
7,NaN,NaN,NaN,NaN,NaN,NaN,NaN,NaN
8,NaN,NaN,NaN,NaN,NaN,NaN,NaN,NaN
9,NaN,NaN,NaN,NaN,NaN,NaN,NaN,NaN
10,NaN,NaN,NaN,NaN,NaN,NaN,NaN,NaN
11,NaN,NaN,NaN,NaN,NaN,NaN,NaN,NaN
1,NaN,NaN,NaN,NaN,NaN,NaN,NaN,NaN
2,NaN,NaN,NaN,NaN,NaN,NaN,NaN,NaN
3,NaN,NaN,NaN,NaN,NaN,NaN,NaN,NaN
4,NaN,NaN,NaN,NaN,NaN,NaN,NaN,NaN
5,NaN,NaN,NaN,NaN,NaN,NaN,NaN,NaN
6,NaN,NaN,NaN,NaN,NaN,NaN,NaN,NaN
7,NaN,NaN,NaN,NaN,NaN,NaN,NaN,NaN
8,NaN,NaN,NaN,NaN,NaN,NaN,NaN,NaN
9,NaN,NaN,NaN,NaN,NaN,NaN,NaN,NaN
10,NaN,NaN,NaN,NaN,NaN,NaN,NaN,NaN
11,NaN,NaN,NaN,NaN,NaN,NaN,NaN,NaN
1,NaN,NaN,NaN,NaN,NaN,NaN,NaN,NaN
2,NaN,NaN,NaN,NaN,NaN,NaN,NaN,NaN
3,NaN,NaN,NaN,NaN,NaN,NaN,NaN,NaN
4,NaN,NaN,NaN,NaN,NaN,NaN,NaN,NaN
5,NaN,NaN,NaN,NaN,NaN,NaN,NaN,NaN
6,NaN,NaN,NaN,NaN,NaN,NaN,NaN,NaN
7,NaN,NaN,NaN,NaN,NaN,NaN,NaN,NaN
8,NaN,NaN,NaN,NaN,NaN,NaN,NaN,NaN
9,NaN,NaN,NaN,NaN,NaN,NaN,NaN,NaN
10,NaN,NaN,NaN,NaN,NaN,NaN,NaN,NaN
11,NaN,NaN,NaN,NaN,NaN,NaN,NaN,NaN
1,NaN,NaN,NaN,NaN,NaN,NaN,NaN,NaN
2,NaN,NaN,NaN,NaN,NaN,NaN,NaN,NaN
3,NaN,NaN,NaN,NaN,NaN,NaN,NaN,NaN
4,NaN,NaN,NaN,NaN,NaN,NaN,NaN,NaN
5,NaN,NaN,NaN,NaN,NaN,NaN,NaN,NaN
6,NaN,NaN,NaN,NaN,NaN,NaN,NaN,NaN
7,NaN,NaN,NaN,NaN,NaN,NaN,NaN,NaN
8,NaN,NaN,NaN,NaN,NaN,NaN,NaN,NaN
9,NaN,NaN,NaN,NaN,NaN,NaN,NaN,NaN
10,NaN,NaN,NaN,NaN,NaN,NaN,NaN,NaN
11,NaN,NaN,NaN,NaN,NaN,NaN,NaN,NaN
1,NaN,NaN,NaN,NaN,NaN,NaN,NaN,NaN
2,NaN,NaN,NaN,NaN,NaN,NaN,NaN,NaN
3,NaN,NaN,NaN,NaN,NaN,NaN,NaN,NaN
4,NaN,NaN,NaN,NaN,NaN,NaN,NaN,NaN
5,NaN,NaN,NaN,NaN,NaN,NaN,NaN,NaN
6,NaN,NaN,NaN,NaN,NaN,NaN,NaN,NaN
7,NaN,NaN,NaN,NaN,NaN,NaN,NaN,NaN
8,NaN,NaN,NaN,NaN,NaN,NaN,NaN,NaN
9,NaN,NaN,NaN,NaN,NaN,NaN,NaN,NaN
10,NaN,NaN,NaN,NaN,NaN,NaN,NaN,NaN
11,NaN,NaN,NaN,NaN,NaN,NaN,NaN,NaN
1,NaN,NaN,NaN,NaN,NaN,NaN,NaN,NaN
2,NaN,NaN,NaN,NaN,NaN,NaN,NaN,NaN
3,NaN,NaN,NaN,NaN,NaN,NaN,NaN,NaN
4,NaN,NaN,NaN,NaN,NaN,NaN,NaN,NaN
5,NaN,NaN,NaN,NaN,NaN,NaN,NaN,NaN
6,NaN,NaN,NaN,NaN,NaN,NaN,NaN,NaN
7,NaN,NaN,NaN,NaN,NaN,NaN,NaN,NaN
8,NaN,NaN,NaN,NaN,NaN,NaN,NaN,NaN
9,NaN,NaN,NaN,NaN,NaN,NaN,NaN,NaN
10,NaN,NaN,NaN,NaN,NaN,NaN,NaN,NaN
11,NaN,NaN,NaN,NaN,NaN,NaN,NaN,NaN
1,NaN,NaN,NaN,NaN,NaN,NaN,NaN,NaN
2,NaN,NaN,NaN,NaN,NaN,NaN,NaN,NaN
3,NaN,NaN,NaN,NaN,NaN,NaN,NaN,NaN
4,NaN,NaN,NaN,NaN,NaN,NaN,NaN,NaN
5,NaN,NaN,NaN,NaN,NaN,NaN,NaN,NaN
6,NaN,NaN,NaN,NaN,NaN,NaN,NaN,NaN
7,NaN,NaN,NaN,NaN,NaN,NaN,NaN,NaN
8,NaN,NaN,NaN,NaN,NaN,NaN,NaN,NaN
9,NaN,NaN,NaN,NaN,NaN,NaN,NaN,NaN
10,NaN,NaN,NaN,NaN,NaN,NaN,NaN,NaN
11,NaN,NaN,NaN,NaN,NaN,NaN,NaN,NaN
1,NaN,NaN,NaN,NaN,NaN,NaN,NaN,NaN
2,NaN,NaN,NaN,NaN,NaN,NaN,NaN,NaN
3,NaN,NaN,NaN,NaN,NaN,NaN,NaN,NaN
4,NaN,NaN,NaN,NaN,NaN,NaN,NaN,NaN
5,NaN,NaN,NaN,NaN,NaN,NaN,NaN,NaN
6,NaN,NaN,NaN,NaN,NaN,NaN,NaN,NaN
7,NaN,NaN,NaN,NaN,NaN,NaN,NaN,NaN
8,NaN,NaN,NaN,NaN,NaN,NaN,NaN,NaN
9,NaN,NaN,NaN,NaN,NaN,NaN,NaN,NaN
10,NaN,NaN,NaN,NaN,NaN,NaN,NaN,NaN
11,NaN,NaN,NaN,NaN,NaN,NaN,NaN,NaN
1,NaN,NaN,NaN,NaN,NaN,NaN,NaN,NaN
2,NaN,NaN,NaN,NaN,NaN,NaN,NaN,NaN
3,NaN,NaN,NaN,NaN,NaN,NaN,NaN,NaN
4,NaN,NaN,NaN,NaN,NaN,NaN,NaN,NaN
5,NaN,NaN,NaN,NaN,NaN,NaN,NaN,NaN
6,NaN,NaN,NaN,NaN,NaN,NaN,NaN,NaN
7,NaN,NaN,NaN,NaN,NaN,NaN,NaN,NaN
8,NaN,NaN,NaN,NaN,NaN,NaN,NaN,NaN
9,NaN,NaN,NaN,NaN,NaN,NaN,NaN,NaN
10,NaN,NaN,NaN,NaN,NaN,NaN,NaN,NaN
11,NaN,NaN,NaN,NaN,NaN,NaN,NaN,NaN
1,NaN,NaN,NaN,NaN,NaN,NaN,NaN,NaN
2,NaN,NaN,NaN,NaN,NaN,NaN,NaN,NaN
3,NaN,NaN,NaN,NaN,NaN,NaN,NaN,NaN
4,NaN,NaN,NaN,NaN,NaN,NaN,NaN,NaN
5,NaN,NaN,NaN,NaN,NaN,NaN,NaN,NaN
6,NaN,NaN,NaN,NaN,NaN,NaN,NaN,NaN
7,NaN,NaN,NaN,NaN,NaN,NaN,NaN,NaN
8,NaN,NaN,NaN,NaN,NaN,NaN,NaN,NaN
9,NaN,NaN,NaN,NaN,NaN,NaN,NaN,NaN
10,NaN,NaN,NaN,NaN,NaN,NaN,NaN,NaN
11,NaN,NaN,NaN,NaN,NaN,NaN,NaN,NaN
1,NaN,NaN,NaN,NaN,NaN,NaN,NaN,NaN
2,NaN,NaN,NaN,NaN,NaN,NaN,NaN,NaN
3,NaN,NaN,NaN,NaN,NaN,NaN,NaN,NaN
4,NaN,NaN,NaN,NaN,NaN,NaN,NaN,NaN
5,NaN,NaN,NaN,NaN,NaN,NaN,NaN,NaN
6,NaN,NaN,NaN,NaN,NaN,NaN,NaN,NaN
7,NaN,NaN,NaN,NaN,NaN,NaN,NaN,NaN
8,NaN,NaN,NaN,NaN,NaN,NaN,NaN,NaN
9,NaN,NaN,NaN,NaN,NaN,NaN,NaN,NaN
10,NaN,NaN,NaN,NaN,NaN,NaN,NaN,NaN
11,NaN,NaN,NaN,NaN,NaN,NaN,NaN,NaN
1,NaN,NaN,NaN,NaN,NaN,NaN,NaN,NaN
2,NaN,NaN,NaN,NaN,NaN,NaN,NaN,NaN
3,NaN,NaN,NaN,NaN,NaN,NaN,NaN,NaN
4,NaN,NaN,NaN,NaN,NaN,NaN,NaN,NaN
5,NaN,NaN,NaN,NaN,NaN,NaN,NaN,NaN
6,NaN,NaN,NaN,NaN,NaN,NaN,NaN,NaN
7,NaN,NaN,NaN,NaN,NaN,NaN,NaN,NaN
8,NaN,NaN,NaN,NaN,NaN,NaN,NaN,NaN
9,NaN,NaN,NaN,NaN,NaN,NaN,NaN,NaN
10,NaN,NaN,NaN,NaN,NaN,NaN,NaN,NaN
11,NaN,NaN,NaN,NaN,NaN,NaN,NaN,NaN
1,NaN,NaN,NaN,NaN,NaN,NaN,NaN,NaN
2,NaN,NaN,NaN,NaN,NaN,NaN,NaN,NaN
3,NaN,NaN,NaN,NaN,NaN,NaN,NaN,NaN
4,NaN,NaN,NaN,NaN,NaN,NaN,NaN,NaN
5,NaN,NaN,NaN,NaN,NaN,NaN,NaN,NaN
6,NaN,NaN,NaN,NaN,NaN,NaN,NaN,NaN
7,NaN,NaN,NaN,NaN,NaN,NaN,NaN,NaN
8,NaN,NaN,NaN,NaN,NaN,NaN,NaN,NaN
9,NaN,NaN,NaN,NaN,NaN,NaN,NaN,NaN
10,NaN,NaN,NaN,NaN,NaN,NaN,NaN,NaN
11,NaN,NaN,NaN,NaN,NaN,NaN,NaN,NaN
1,NaN,NaN,NaN,NaN,NaN,NaN,NaN,NaN
2,NaN,NaN,NaN,NaN,NaN,NaN,NaN,NaN
3,NaN,NaN,NaN,NaN,NaN,NaN,NaN,NaN
4,NaN,NaN,NaN,NaN,NaN,NaN,NaN,NaN
5,NaN,NaN,NaN,NaN,NaN,NaN,NaN,NaN
6,NaN,NaN,NaN,NaN,NaN,NaN,NaN,NaN
7,NaN,NaN,NaN,NaN,NaN,NaN,NaN,NaN
8,NaN,NaN,NaN,NaN,NaN,NaN,NaN,NaN
9,NaN,NaN,NaN,NaN,NaN,NaN,NaN,NaN
10,NaN,NaN,NaN,NaN,NaN,NaN,NaN,NaN
11,NaN,NaN,NaN,NaN,NaN,NaN,NaN,NaN
1,NaN,NaN,NaN,NaN,NaN,NaN,NaN,NaN
2,NaN,NaN,NaN,NaN,NaN,NaN,NaN,NaN
3,NaN,NaN,NaN,NaN,NaN,NaN,NaN,NaN
4,NaN,NaN,NaN,NaN,NaN,NaN,NaN,NaN
5,NaN,NaN,NaN,NaN,NaN,NaN,NaN,NaN
6,NaN,NaN,NaN,NaN,NaN,NaN,NaN,NaN
7,NaN,NaN,NaN,NaN,NaN,NaN,NaN,NaN
8,NaN,NaN,NaN,NaN,NaN,NaN,NaN,NaN
9,NaN,NaN,NaN,NaN,NaN,NaN,NaN,NaN
10,NaN,NaN,NaN,NaN,NaN,NaN,NaN,NaN
11,NaN,NaN,NaN,NaN,NaN,NaN,NaN,NaN
1,NaN,NaN,NaN,NaN,NaN,NaN,NaN,NaN
2,NaN,NaN,NaN,NaN,NaN,NaN,NaN,NaN
3,NaN,NaN,NaN,NaN,NaN,NaN,NaN,NaN
4,NaN,NaN,NaN,NaN,NaN,NaN,NaN,NaN
5,NaN,NaN,NaN,NaN,NaN,NaN,NaN,NaN
6,NaN,NaN,NaN,NaN,NaN,NaN,NaN,NaN
7,NaN,NaN,NaN,NaN,NaN,NaN,NaN,NaN
8,NaN,NaN,NaN,NaN,NaN,NaN,NaN,NaN
9,NaN,NaN,NaN,NaN,NaN,NaN,NaN,NaN
10,NaN,NaN,NaN,NaN,NaN,NaN,NaN,NaN
11,NaN,NaN,NaN,NaN,NaN,NaN,NaN,NaN
1,NaN,NaN,NaN,NaN,NaN,NaN,NaN,NaN
2,NaN,NaN,NaN,NaN,NaN,NaN,NaN,NaN
3,NaN,NaN,NaN,NaN,NaN,NaN,NaN,NaN
4,NaN,NaN,NaN,NaN,NaN,NaN,NaN,NaN
5,NaN,NaN,NaN,NaN,NaN,NaN,NaN,NaN
6,NaN,NaN,NaN,NaN,NaN,NaN,NaN,NaN
7,NaN,NaN,NaN,NaN,NaN,NaN,NaN,NaN
8,NaN,NaN,NaN,NaN,NaN,NaN,NaN,NaN
9,NaN,NaN,NaN,NaN,NaN,NaN,NaN,NaN
10,NaN,NaN,NaN,NaN,NaN,NaN,NaN,NaN
11,NaN,NaN,NaN,NaN,NaN,NaN,NaN,NaN
1,NaN,NaN,NaN,NaN,NaN,NaN,NaN,NaN
2,NaN,NaN,NaN,NaN,NaN,NaN,NaN,NaN
3,NaN,NaN,NaN,NaN,NaN,NaN,NaN,NaN
4,NaN,NaN,NaN,NaN,NaN,NaN,NaN,NaN
5,NaN,NaN,NaN,NaN,NaN,NaN,NaN,NaN
6,NaN,NaN,NaN,NaN,NaN,NaN,NaN,NaN
7,NaN,NaN,NaN,NaN,NaN,NaN,NaN,NaN
8,NaN,NaN,NaN,NaN,NaN,NaN,NaN,NaN
9,NaN,NaN,NaN,NaN,NaN,NaN,NaN,NaN
10,NaN,NaN,NaN,NaN,NaN,NaN,NaN,NaN
11,NaN,NaN,NaN,NaN,NaN,NaN,NaN,NaN
1,NaN,NaN,NaN,NaN,NaN,NaN,NaN,NaN
2,NaN,NaN,NaN,NaN,NaN,NaN,NaN,NaN
3,NaN,NaN,NaN,NaN,NaN,NaN,NaN,NaN
4,NaN,NaN,NaN,NaN,NaN,NaN,NaN,NaN
5,NaN,NaN,NaN,NaN,NaN,NaN,NaN,NaN
6,NaN,NaN,NaN,NaN,NaN,NaN,NaN,NaN
7,NaN,NaN,NaN,NaN,NaN,NaN,NaN,NaN
8,NaN,NaN,NaN,NaN,NaN,NaN,NaN,NaN
9,NaN,NaN,NaN,NaN,NaN,NaN,NaN,NaN
10,NaN,NaN,NaN,NaN,NaN,NaN,NaN,NaN
11,NaN,NaN,NaN,NaN,NaN,NaN,NaN,NaN
1,NaN,NaN,NaN,NaN,NaN,NaN,NaN,NaN
2,NaN,NaN,NaN,NaN,NaN,NaN,NaN,NaN
3,NaN,NaN,NaN,NaN,NaN,NaN,NaN,NaN
4,NaN,NaN,NaN,NaN,NaN,NaN,NaN,NaN
5,NaN,NaN,NaN,NaN,NaN,NaN,NaN,NaN
6,NaN,NaN,NaN,NaN,NaN,NaN,NaN,NaN
7,NaN,NaN,NaN,NaN,NaN,NaN,NaN,NaN
8,NaN,NaN,NaN,NaN,NaN,NaN,NaN,NaN
9,NaN,NaN,NaN,NaN,NaN,NaN,NaN,NaN
10,NaN,NaN,NaN,NaN,NaN,NaN,NaN,NaN
11,NaN,NaN,NaN,NaN,NaN,NaN,NaN,NaN
1,NaN,NaN,NaN,NaN,NaN,NaN,NaN,NaN
2,NaN,NaN,NaN,NaN,NaN,NaN,NaN,NaN
3,NaN,NaN,NaN,NaN,NaN,NaN,NaN,NaN
4,NaN,NaN,NaN,NaN,NaN,NaN,NaN,NaN
5,NaN,NaN,NaN,NaN,NaN,NaN,NaN,NaN
6,NaN,NaN,NaN,NaN,NaN,NaN,NaN,NaN
7,NaN,NaN,NaN,NaN,NaN,NaN,NaN,NaN
8,NaN,NaN,NaN,NaN,NaN,NaN,NaN,NaN
9,NaN,NaN,NaN,NaN,NaN,NaN,NaN,NaN
10,NaN,NaN,NaN,NaN,NaN,NaN,NaN,NaN
11,NaN,NaN,NaN,NaN,NaN,NaN,NaN,NaN
1,NaN,NaN,NaN,NaN,NaN,NaN,NaN,NaN
2,NaN,NaN,NaN,NaN,NaN,NaN,NaN,NaN
3,NaN,NaN,NaN,NaN,NaN,NaN,NaN,NaN
4,NaN,NaN,NaN,NaN,NaN,NaN,NaN,NaN
5,NaN,NaN,NaN,NaN,NaN,NaN,NaN,NaN
6,NaN,NaN,NaN,NaN,NaN,NaN,NaN,NaN
7,NaN,NaN,NaN,NaN,NaN,NaN,NaN,NaN
8,NaN,NaN,NaN,NaN,NaN,NaN,NaN,NaN
9,NaN,NaN,NaN,NaN,NaN,NaN,NaN,NaN
10,NaN,NaN,NaN,NaN,NaN,NaN,NaN,NaN
11,NaN,NaN,NaN,NaN,NaN,NaN,NaN,NaN
1,NaN,NaN,NaN,NaN,NaN,NaN,NaN,NaN
2,NaN,NaN,NaN,NaN,NaN,NaN,NaN,NaN
3,NaN,NaN,NaN,NaN,NaN,NaN,NaN,NaN
4,NaN,NaN,NaN,NaN,NaN,NaN,NaN,NaN
5,NaN,NaN,NaN,NaN,NaN,NaN,NaN,NaN
6,NaN,NaN,NaN,NaN,NaN,NaN,NaN,NaN
7,NaN,NaN,NaN,NaN,NaN,NaN,NaN,NaN
8,NaN,NaN,NaN,NaN,NaN,NaN,NaN,NaN
9,NaN,NaN,NaN,NaN,NaN,NaN,NaN,NaN
10,NaN,NaN,NaN,NaN,NaN,NaN,NaN,NaN
11,NaN,NaN,NaN,NaN,NaN,NaN,NaN,NaN
1,NaN,NaN,NaN,NaN,NaN,NaN,NaN,NaN
2,NaN,NaN,NaN,NaN,NaN,NaN,NaN,NaN
3,NaN,NaN,NaN,NaN,NaN,NaN,NaN,NaN
4,NaN,NaN,NaN,NaN,NaN,NaN,NaN,NaN
5,NaN,NaN,NaN,NaN,NaN,NaN,NaN,NaN
6,NaN,NaN,NaN,NaN,NaN,NaN,NaN,NaN
7,NaN,NaN,NaN,NaN,NaN,NaN,NaN,NaN
8,NaN,NaN,NaN,NaN,NaN,NaN,NaN,NaN
9,NaN,NaN,NaN,NaN,NaN,NaN,NaN,NaN
10,NaN,NaN,NaN,NaN,NaN,NaN,NaN,NaN
11,NaN,NaN,NaN,NaN,NaN,NaN,NaN,NaN
1,NaN,NaN,NaN,NaN,NaN,NaN,NaN,NaN
2,NaN,NaN,NaN,NaN,NaN,NaN,NaN,NaN
3,NaN,NaN,NaN,NaN,NaN,NaN,NaN,NaN
4,NaN,NaN,NaN,NaN,NaN,NaN,NaN,NaN
5,NaN,NaN,NaN,NaN,NaN,NaN,NaN,NaN
6,NaN,NaN,NaN,NaN,NaN,NaN,NaN,NaN
7,NaN,NaN,NaN,NaN,NaN,NaN,NaN,NaN
8,NaN,NaN,NaN,NaN,NaN,NaN,NaN,NaN
9,NaN,NaN,NaN,NaN,NaN,NaN,NaN,NaN
10,NaN,NaN,NaN,NaN,NaN,NaN,NaN,NaN
11,NaN,NaN,NaN,NaN,NaN,NaN,NaN,NaN
1,NaN,NaN,NaN,NaN,NaN,NaN,NaN,NaN
2,NaN,NaN,NaN,NaN,NaN,NaN,NaN,NaN
3,NaN,NaN,NaN,NaN,NaN,NaN,NaN,NaN
4,NaN,NaN,NaN,NaN,NaN,NaN,NaN,NaN
5,NaN,NaN,NaN,NaN,NaN,NaN,NaN,NaN
6,NaN,NaN,NaN,NaN,NaN,NaN,NaN,NaN
7,NaN,NaN,NaN,NaN,NaN,NaN,NaN,NaN
8,NaN,NaN,NaN,NaN,NaN,NaN,NaN,NaN
9,NaN,NaN,NaN,NaN,NaN,NaN,NaN,NaN
10,NaN,NaN,NaN,NaN,NaN,NaN,NaN,NaN
11,NaN,NaN,NaN,NaN,NaN,NaN,NaN,NaN
1,NaN,NaN,NaN,NaN,NaN,NaN,NaN,NaN
2,NaN,NaN,NaN,NaN,NaN,NaN,NaN,NaN
3,NaN,NaN,NaN,NaN,NaN,NaN,NaN,NaN
4,NaN,NaN,NaN,NaN,NaN,NaN,NaN,NaN
5,NaN,NaN,NaN,NaN,NaN,NaN,NaN,NaN
6,NaN,NaN,NaN,NaN,NaN,NaN,NaN,NaN
7,NaN,NaN,NaN,NaN,NaN,NaN,NaN,NaN
8,NaN,NaN,NaN,NaN,NaN,NaN,NaN,NaN
9,NaN,NaN,NaN,NaN,NaN,NaN,NaN,NaN
10,NaN,NaN,NaN,NaN,NaN,NaN,NaN,NaN
11,NaN,NaN,NaN,NaN,NaN,NaN,NaN,NaN
1,NaN,NaN,NaN,NaN,NaN,NaN,NaN,NaN
2,NaN,NaN,NaN,NaN,NaN,NaN,NaN,NaN
3,NaN,NaN,NaN,NaN,NaN,NaN,NaN,NaN
4,NaN,NaN,NaN,NaN,NaN,NaN,NaN,NaN
5,NaN,NaN,NaN,NaN,NaN,NaN,NaN,NaN
6,NaN,NaN,NaN,NaN,NaN,NaN,NaN,NaN
7,NaN,NaN,NaN,NaN,NaN,NaN,NaN,NaN
8,NaN,NaN,NaN,NaN,NaN,NaN,NaN,NaN
9,NaN,NaN,NaN,NaN,NaN,NaN,NaN,NaN
10,NaN,NaN,NaN,NaN,NaN,NaN,NaN,NaN
11,NaN,NaN,NaN,NaN,NaN,NaN,NaN,NaN
1,NaN,NaN,NaN,NaN,NaN,NaN,NaN,NaN
2,NaN,NaN,NaN,NaN,NaN,NaN,NaN,NaN
3,NaN,NaN,NaN,NaN,NaN,NaN,NaN,NaN
4,NaN,NaN,NaN,NaN,NaN,NaN,NaN,NaN
5,NaN,NaN,NaN,NaN,NaN,NaN,NaN,NaN
6,NaN,NaN,NaN,NaN,NaN,NaN,NaN,NaN
7,NaN,NaN,NaN,NaN,NaN,NaN,NaN,NaN
8,NaN,NaN,NaN,NaN,NaN,NaN,NaN,NaN
9,NaN,NaN,NaN,NaN,NaN,NaN,NaN,NaN
10,NaN,NaN,NaN,NaN,NaN,NaN,NaN,NaN
11,NaN,NaN,NaN,NaN,NaN,NaN,NaN,NaN
1,NaN,NaN,NaN,NaN,NaN,NaN,NaN,NaN
2,NaN,NaN,NaN,NaN,NaN,NaN,NaN,NaN
3,NaN,NaN,NaN,NaN,NaN,NaN,NaN,NaN
4,NaN,NaN,NaN,NaN,NaN,NaN,NaN,NaN
5,NaN,NaN,NaN,NaN,NaN,NaN,NaN,NaN
6,NaN,NaN,NaN,NaN,NaN,NaN,NaN,NaN
7,NaN,NaN,NaN,NaN,NaN,NaN,NaN,NaN
8,NaN,NaN,NaN,NaN,NaN,NaN,NaN,NaN
9,NaN,NaN,NaN,NaN,NaN,NaN,NaN,NaN
10,NaN,NaN,NaN,NaN,NaN,NaN,NaN,NaN
11,NaN,NaN,NaN,NaN,NaN,NaN,NaN,NaN
1,NaN,NaN,NaN,NaN,NaN,NaN,NaN,NaN
2,NaN,NaN,NaN,NaN,NaN,NaN,NaN,NaN
3,NaN,NaN,NaN,NaN,NaN,NaN,NaN,NaN
4,NaN,NaN,NaN,NaN,NaN,NaN,NaN,NaN
5,NaN,NaN,NaN,NaN,NaN,NaN,NaN,NaN
6,NaN,NaN,NaN,NaN,NaN,NaN,NaN,NaN
7,NaN,NaN,NaN,NaN,NaN,NaN,NaN,NaN
8,NaN,NaN,NaN,NaN,NaN,NaN,NaN,NaN
9,NaN,NaN,NaN,NaN,NaN,NaN,NaN,NaN
10,NaN,NaN,NaN,NaN,NaN,NaN,NaN,NaN
11,NaN,NaN,NaN,NaN,NaN,NaN,NaN,NaN
1,NaN,NaN,NaN,NaN,NaN,NaN,NaN,NaN
2,NaN,NaN,NaN,NaN,NaN,NaN,NaN,NaN
3,NaN,NaN,NaN,NaN,NaN,NaN,NaN,NaN
4,NaN,NaN,NaN,NaN,NaN,NaN,NaN,NaN
5,NaN,NaN,NaN,NaN,NaN,NaN,NaN,NaN
6,NaN,NaN,NaN,NaN,NaN,NaN,NaN,NaN
7,NaN,NaN,NaN,NaN,NaN,NaN,NaN,NaN
8,NaN,NaN,NaN,NaN,NaN,NaN,NaN,NaN
9,NaN,NaN,NaN,NaN,NaN,NaN,NaN,NaN
10,NaN,NaN,NaN,NaN,NaN,NaN,NaN,NaN
11,NaN,NaN,NaN,NaN,NaN,NaN,NaN,NaN
1,NaN,NaN,NaN,NaN,NaN,NaN,NaN,NaN
2,NaN,NaN,NaN,NaN,NaN,NaN,NaN,NaN
3,NaN,NaN,NaN,NaN,NaN,NaN,NaN,NaN
4,NaN,NaN,NaN,NaN,NaN,NaN,NaN,NaN
5,NaN,NaN,NaN,NaN,NaN,NaN,NaN,NaN
6,NaN,NaN,NaN,NaN,NaN,NaN,NaN,NaN
7,NaN,NaN,NaN,NaN,NaN,NaN,NaN,NaN
8,NaN,NaN,NaN,NaN,NaN,NaN,NaN,NaN
9,NaN,NaN,NaN,NaN,NaN,NaN,NaN,NaN
10,NaN,NaN,NaN,NaN,NaN,NaN,NaN,NaN
11,NaN,NaN,NaN,NaN,NaN,NaN,NaN,NaN
1,NaN,NaN,NaN,NaN,NaN,NaN,NaN,NaN
2,NaN,NaN,NaN,NaN,NaN,NaN,NaN,NaN
3,NaN,NaN,NaN,NaN,NaN,NaN,NaN,NaN
4,NaN,NaN,NaN,NaN,NaN,NaN,NaN,NaN
5,NaN,NaN,NaN,NaN,NaN,NaN,NaN,NaN
6,NaN,NaN,NaN,NaN,NaN,NaN,NaN,NaN
7,NaN,NaN,NaN,NaN,NaN,NaN,NaN,NaN
8,NaN,NaN,NaN,NaN,NaN,NaN,NaN,NaN
9,NaN,NaN,NaN,NaN,NaN,NaN,NaN,NaN
10,NaN,NaN,NaN,NaN,NaN,NaN,NaN,NaN
11,NaN,NaN,NaN,NaN,NaN,NaN,NaN,NaN
1,NaN,NaN,NaN,NaN,NaN,NaN,NaN,NaN
2,NaN,NaN,NaN,NaN,NaN,NaN,NaN,NaN
3,NaN,NaN,NaN,NaN,NaN,NaN,NaN,NaN
4,NaN,NaN,NaN,NaN,NaN,NaN,NaN,NaN
5,NaN,NaN,NaN,NaN,NaN,NaN,NaN,NaN
6,NaN,NaN,NaN,NaN,NaN,NaN,NaN,NaN
7,NaN,NaN,NaN,NaN,NaN,NaN,NaN,NaN
8,NaN,NaN,NaN,NaN,NaN,NaN,NaN,NaN
9,NaN,NaN,NaN,NaN,NaN,NaN,NaN,NaN
10,NaN,NaN,NaN,NaN,NaN,NaN,NaN,NaN
11,NaN,NaN,NaN,NaN,NaN,NaN,NaN,NaN
1,NaN,NaN,NaN,NaN,NaN,NaN,NaN,NaN
2,NaN,NaN,NaN,NaN,NaN,NaN,NaN,NaN
3,NaN,NaN,NaN,NaN,NaN,NaN,NaN,NaN
4,NaN,NaN,NaN,NaN,NaN,NaN,NaN,NaN
5,NaN,NaN,NaN,NaN,NaN,NaN,NaN,NaN
6,NaN,NaN,NaN,NaN,NaN,NaN,NaN,NaN
7,NaN,NaN,NaN,NaN,NaN,NaN,NaN,NaN
8,NaN,NaN,NaN,NaN,NaN,NaN,NaN,NaN
9,NaN,NaN,NaN,NaN,NaN,NaN,NaN,NaN
10,NaN,NaN,NaN,NaN,NaN,NaN,NaN,NaN
11,NaN,NaN,NaN,NaN,NaN,NaN,NaN,NaN
1,NaN,NaN,NaN,NaN,NaN,NaN,NaN,NaN
2,NaN,NaN,NaN,NaN,NaN,NaN,NaN,NaN
3,NaN,NaN,NaN,NaN,NaN,NaN,NaN,NaN
4,NaN,NaN,NaN,NaN,NaN,NaN,NaN,NaN
5,NaN,NaN,NaN,NaN,NaN,NaN,NaN,NaN
6,NaN,NaN,NaN,NaN,NaN,NaN,NaN,NaN
7,NaN,NaN,NaN,NaN,NaN,NaN,NaN,NaN
8,NaN,NaN,NaN,NaN,NaN,NaN,NaN,NaN
9,NaN,NaN,NaN,NaN,NaN,NaN,NaN,NaN
10,NaN,NaN,NaN,NaN,NaN,NaN,NaN,NaN
11,NaN,NaN,NaN,NaN,NaN,NaN,NaN,NaN
1,NaN,NaN,NaN,NaN,NaN,NaN,NaN,NaN
2,NaN,NaN,NaN,NaN,NaN,NaN,NaN,NaN
3,NaN,NaN,NaN,NaN,NaN,NaN,NaN,NaN
4,NaN,NaN,NaN,NaN,NaN,NaN,NaN,NaN
5,NaN,NaN,NaN,NaN,NaN,NaN,NaN,NaN
6,NaN,NaN,NaN,NaN,NaN,NaN,NaN,NaN
7,NaN,NaN,NaN,NaN,NaN,NaN,NaN,NaN
8,NaN,NaN,NaN,NaN,NaN,NaN,NaN,NaN
9,NaN,NaN,NaN,NaN,NaN,NaN,NaN,NaN
10,NaN,NaN,NaN,NaN,NaN,NaN,NaN,NaN
11,NaN,NaN,NaN,NaN,NaN,NaN,NaN,NaN
1,NaN,NaN,NaN,NaN,NaN,NaN,NaN,NaN
2,NaN,NaN,NaN,NaN,NaN,NaN,NaN,NaN
3,NaN,NaN,NaN,NaN,NaN,NaN,NaN,NaN
4,NaN,NaN,NaN,NaN,NaN,NaN,NaN,NaN
5,NaN,NaN,NaN,NaN,NaN,NaN,NaN,NaN
6,NaN,NaN,NaN,NaN,NaN,NaN,NaN,NaN
7,NaN,NaN,NaN,NaN,NaN,NaN,NaN,NaN
8,NaN,NaN,NaN,NaN,NaN,NaN,NaN,NaN
9,NaN,NaN,NaN,NaN,NaN,NaN,NaN,NaN
10,NaN,NaN,NaN,NaN,NaN,NaN,NaN,NaN
11,NaN,NaN,NaN,NaN,NaN,NaN,NaN,NaN
1,NaN,NaN,NaN,NaN,NaN,NaN,NaN,NaN
2,NaN,NaN,NaN,NaN,NaN,NaN,NaN,NaN
3,NaN,NaN,NaN,NaN,NaN,NaN,NaN,NaN
4,NaN,NaN,NaN,NaN,NaN,NaN,NaN,NaN
5,NaN,NaN,NaN,NaN,NaN,NaN,NaN,NaN
6,NaN,NaN,NaN,NaN,NaN,NaN,NaN,NaN
7,NaN,NaN,NaN,NaN,NaN,NaN,NaN,NaN
8,NaN,NaN,NaN,NaN,NaN,NaN,NaN,NaN
9,NaN,NaN,NaN,NaN,NaN,NaN,NaN,NaN
10,NaN,NaN,NaN,NaN,NaN,NaN,NaN,NaN
11,NaN,NaN,NaN,NaN,NaN,NaN,NaN,NaN
1,NaN,NaN,NaN,NaN,NaN,NaN,NaN,NaN
2,NaN,NaN,NaN,NaN,NaN,NaN,NaN,NaN
3,NaN,NaN,NaN,NaN,NaN,NaN,NaN,NaN
4,NaN,NaN,NaN,NaN,NaN,NaN,NaN,NaN
5,NaN,NaN,NaN,NaN,NaN,NaN,NaN,NaN
6,NaN,NaN,NaN,NaN,NaN,NaN,NaN,NaN
7,NaN,NaN,NaN,NaN,NaN,NaN,NaN,NaN
8,NaN,NaN,NaN,NaN,NaN,NaN,NaN,NaN
9,NaN,NaN,NaN,NaN,NaN,NaN,NaN,NaN
10,NaN,NaN,NaN,NaN,NaN,NaN,NaN,NaN
11,NaN,NaN,NaN,NaN,NaN,NaN,NaN,NaN
1,NaN,NaN,NaN,NaN,NaN,NaN,NaN,NaN
2,NaN,NaN,NaN,NaN,NaN,NaN,NaN,NaN
3,NaN,NaN,NaN,NaN,NaN,NaN,NaN,NaN
4,NaN,NaN,NaN,NaN,NaN,NaN,NaN,NaN
5,NaN,NaN,NaN,NaN,NaN,NaN,NaN,NaN
6,NaN,NaN,NaN,NaN,NaN,NaN,NaN,NaN
7,NaN,NaN,NaN,NaN,NaN,NaN,NaN,NaN
8,NaN,NaN,NaN,NaN,NaN,NaN,NaN,NaN
9,NaN,NaN,NaN,NaN,NaN,NaN,NaN,NaN
10,NaN,NaN,NaN,NaN,NaN,NaN,NaN,NaN
11,NaN,NaN,NaN,NaN,NaN,NaN,NaN,NaN
1,NaN,NaN,NaN,NaN,NaN,NaN,NaN,NaN
2,NaN,NaN,NaN,NaN,NaN,NaN,NaN,NaN
3,NaN,NaN,NaN,NaN,NaN,NaN,NaN,NaN
4,NaN,NaN,NaN,NaN,NaN,NaN,NaN,NaN
5,NaN,NaN,NaN,NaN,NaN,NaN,NaN,NaN
6,NaN,NaN,NaN,NaN,NaN,NaN,NaN,NaN
7,NaN,NaN,NaN,NaN,NaN,NaN,NaN,NaN
8,NaN,NaN,NaN,NaN,NaN,NaN,NaN,NaN
9,NaN,NaN,NaN,NaN,NaN,NaN,NaN,NaN
10,NaN,NaN,NaN,NaN,NaN,NaN,NaN,NaN
11,NaN,NaN,NaN,NaN,NaN,NaN,NaN,NaN
1,NaN,NaN,NaN,NaN,NaN,NaN,NaN,NaN
2,NaN,NaN,NaN,NaN,NaN,NaN,NaN,NaN
3,NaN,NaN,NaN,NaN,NaN,NaN,NaN,NaN
4,NaN,NaN,NaN,NaN,NaN,NaN,NaN,NaN
5,NaN,NaN,NaN,NaN,NaN,NaN,NaN,NaN
6,NaN,NaN,NaN,NaN,NaN,NaN,NaN,NaN
7,NaN,NaN,NaN,NaN,NaN,NaN,NaN,NaN
8,NaN,NaN,NaN,NaN,NaN,NaN,NaN,NaN
9,NaN,NaN,NaN,NaN,NaN,NaN,NaN,NaN
10,NaN,NaN,NaN,NaN,NaN,NaN,NaN,NaN
11,NaN,NaN,NaN,NaN,NaN,NaN,NaN,NaN
1,NaN,NaN,NaN,NaN,NaN,NaN,NaN,NaN
2,NaN,NaN,NaN,NaN,NaN,NaN,NaN,NaN
3,NaN,NaN,NaN,NaN,NaN,NaN,NaN,NaN
4,NaN,NaN,NaN,NaN,NaN,NaN,NaN,NaN
5,NaN,NaN,NaN,NaN,NaN,NaN,NaN,NaN
6,NaN,NaN,NaN,NaN,NaN,NaN,NaN,NaN
7,NaN,NaN,NaN,NaN,NaN,NaN,NaN,NaN
8,NaN,NaN,NaN,NaN,NaN,NaN,NaN,NaN
9,NaN,NaN,NaN,NaN,NaN,NaN,NaN,NaN
10,NaN,NaN,NaN,NaN,NaN,NaN,NaN,NaN
11,NaN,NaN,NaN,NaN,NaN,NaN,NaN,NaN
1,NaN,NaN,NaN,NaN,NaN,NaN,NaN,NaN
2,NaN,NaN,NaN,NaN,NaN,NaN,NaN,NaN
3,NaN,NaN,NaN,NaN,NaN,NaN,NaN,NaN
4,NaN,NaN,NaN,NaN,NaN,NaN,NaN,NaN
5,NaN,NaN,NaN,NaN,NaN,NaN,NaN,NaN
6,NaN,NaN,NaN,NaN,NaN,NaN,NaN,NaN
7,NaN,NaN,NaN,NaN,NaN,NaN,NaN,NaN
8,NaN,NaN,NaN,NaN,NaN,NaN,NaN,NaN
9,NaN,NaN,NaN,NaN,NaN,NaN,NaN,NaN
10,NaN,NaN,NaN,NaN,NaN,NaN,NaN,NaN
11,NaN,NaN,NaN,NaN,NaN,NaN,NaN,NaN
1,NaN,NaN,NaN,NaN,NaN,NaN,NaN,NaN
2,NaN,NaN,NaN,NaN,NaN,NaN,NaN,NaN
3,NaN,NaN,NaN,NaN,NaN,NaN,NaN,NaN
4,NaN,NaN,NaN,NaN,NaN,NaN,NaN,NaN
5,NaN,NaN,NaN,NaN,NaN,NaN,NaN,NaN
6,NaN,NaN,NaN,NaN,NaN,NaN,NaN,NaN
7,NaN,NaN,NaN,NaN,NaN,NaN,NaN,NaN
8,NaN,NaN,NaN,NaN,NaN,NaN,NaN,NaN
9,NaN,NaN,NaN,NaN,NaN,NaN,NaN,NaN
10,NaN,NaN,NaN,NaN,NaN,NaN,NaN,NaN
11,NaN,NaN,NaN,NaN,NaN,NaN,NaN,NaN
1,NaN,NaN,NaN,NaN,NaN,NaN,NaN,NaN
2,NaN,NaN,NaN,NaN,NaN,NaN,NaN,NaN
3,NaN,NaN,NaN,NaN,NaN,NaN,NaN,NaN
4,NaN,NaN,NaN,NaN,NaN,NaN,NaN,NaN
5,NaN,NaN,NaN,NaN,NaN,NaN,NaN,NaN
6,NaN,NaN,NaN,NaN,NaN,NaN,NaN,NaN
7,NaN,NaN,NaN,NaN,NaN,NaN,NaN,NaN
8,NaN,NaN,NaN,NaN,NaN,NaN,NaN,NaN
9,NaN,NaN,NaN,NaN,NaN,NaN,NaN,NaN
10,NaN,NaN,NaN,NaN,NaN,NaN,NaN,NaN
11,NaN,NaN,NaN,NaN,NaN,NaN,NaN,NaN
1,NaN,NaN,NaN,NaN,NaN,NaN,NaN,NaN
2,NaN,NaN,NaN,NaN,NaN,NaN,NaN,NaN
3,NaN,NaN,NaN,NaN,NaN,NaN,NaN,NaN
4,NaN,NaN,NaN,NaN,NaN,NaN,NaN,NaN
5,NaN,NaN,NaN,NaN,NaN,NaN,NaN,NaN
6,NaN,NaN,NaN,NaN,NaN,NaN,NaN,NaN
7,NaN,NaN,NaN,NaN,NaN,NaN,NaN,NaN
8,NaN,NaN,NaN,NaN,NaN,NaN,NaN,NaN
9,NaN,NaN,NaN,NaN,NaN,NaN,NaN,NaN
10,NaN,NaN,NaN,NaN,NaN,NaN,NaN,NaN
11,NaN,NaN,NaN,NaN,NaN,NaN,NaN,NaN
1,NaN,NaN,NaN,NaN,NaN,NaN,NaN,NaN
2,NaN,NaN,NaN,NaN,NaN,NaN,NaN,NaN
3,NaN,NaN,NaN,NaN,NaN,NaN,NaN,NaN
4,NaN,NaN,NaN,NaN,NaN,NaN,NaN,NaN
5,NaN,NaN,NaN,NaN,NaN,NaN,NaN,NaN
6,NaN,NaN,NaN,NaN,NaN,NaN,NaN,NaN
7,NaN,NaN,NaN,NaN,NaN,NaN,NaN,NaN
8,NaN,NaN,NaN,NaN,NaN,NaN,NaN,NaN
9,NaN,NaN,NaN,NaN,NaN,NaN,NaN,NaN
10,NaN,NaN,NaN,NaN,NaN,NaN,NaN,NaN
11,NaN,NaN,NaN,NaN,NaN,NaN,NaN,NaN
1,NaN,NaN,NaN,NaN,NaN,NaN,NaN,NaN
2,NaN,NaN,NaN,NaN,NaN,NaN,NaN,NaN
3,NaN,NaN,NaN,NaN,NaN,NaN,NaN,NaN
4,NaN,NaN,NaN,NaN,NaN,NaN,NaN,NaN
5,NaN,NaN,NaN,NaN,NaN,NaN,NaN,NaN
6,NaN,NaN,NaN,NaN,NaN,NaN,NaN,NaN
7,NaN,NaN,NaN,NaN,NaN,NaN,NaN,NaN
8,NaN,NaN,NaN,NaN,NaN,NaN,NaN,NaN
9,NaN,NaN,NaN,NaN,NaN,NaN,NaN,NaN
10,NaN,NaN,NaN,NaN,NaN,NaN,NaN,NaN
11,NaN,NaN,NaN,NaN,NaN,NaN,NaN,NaN
1,NaN,NaN,NaN,NaN,NaN,NaN,NaN,NaN
2,NaN,NaN,NaN,NaN,NaN,NaN,NaN,NaN
3,NaN,NaN,NaN,NaN,NaN,NaN,NaN,NaN
4,NaN,NaN,NaN,NaN,NaN,NaN,NaN,NaN
5,NaN,NaN,NaN,NaN,NaN,NaN,NaN,NaN
6,NaN,NaN,NaN,NaN,NaN,NaN,NaN,NaN
7,NaN,NaN,NaN,NaN,NaN,NaN,NaN,NaN
8,NaN,NaN,NaN,NaN,NaN,NaN,NaN,NaN
9,NaN,NaN,NaN,NaN,NaN,NaN,NaN,NaN
10,NaN,NaN,NaN,NaN,NaN,NaN,NaN,NaN
11,NaN,NaN,NaN,NaN,NaN,NaN,NaN,NaN
1,NaN,NaN,NaN,NaN,NaN,NaN,NaN,NaN
2,NaN,NaN,NaN,NaN,NaN,NaN,NaN,NaN
3,NaN,NaN,NaN,NaN,NaN,NaN,NaN,NaN
4,NaN,NaN,NaN,NaN,NaN,NaN,NaN,NaN
5,NaN,NaN,NaN,NaN,NaN,NaN,NaN,NaN
6,NaN,NaN,NaN,NaN,NaN,NaN,NaN,NaN
7,NaN,NaN,NaN,NaN,NaN,NaN,NaN,NaN
8,NaN,NaN,NaN,NaN,NaN,NaN,NaN,NaN
9,NaN,NaN,NaN,NaN,NaN,NaN,NaN,NaN
10,NaN,NaN,NaN,NaN,NaN,NaN,NaN,NaN
11,NaN,NaN,NaN,NaN,NaN,NaN,NaN,NaN
1,NaN,NaN,NaN,NaN,NaN,NaN,NaN,NaN
2,NaN,NaN,NaN,NaN,NaN,NaN,NaN,NaN
3,NaN,NaN,NaN,NaN,NaN,NaN,NaN,NaN
4,NaN,NaN,NaN,NaN,NaN,NaN,NaN,NaN
5,NaN,NaN,NaN,NaN,NaN,NaN,NaN,NaN
6,NaN,NaN,NaN,NaN,NaN,NaN,NaN,NaN
7,NaN,NaN,NaN,NaN,NaN,NaN,NaN,NaN
8,NaN,NaN,NaN,NaN,NaN,NaN,NaN,NaN
9,NaN,NaN,NaN,NaN,NaN,NaN,NaN,NaN
10,NaN,NaN,NaN,NaN,NaN,NaN,NaN,NaN
11,NaN,NaN,NaN,NaN,NaN,NaN,NaN,NaN
1,NaN,NaN,NaN,NaN,NaN,NaN,NaN,NaN
2,NaN,NaN,NaN,NaN,NaN,NaN,NaN,NaN
3,NaN,NaN,NaN,NaN,NaN,NaN,NaN,NaN
4,NaN,NaN,NaN,NaN,NaN,NaN,NaN,NaN
5,NaN,NaN,NaN,NaN,NaN,NaN,NaN,NaN
6,NaN,NaN,NaN,NaN,NaN,NaN,NaN,NaN
7,NaN,NaN,NaN,NaN,NaN,NaN,NaN,NaN
8,NaN,NaN,NaN,NaN,NaN,NaN,NaN,NaN
9,NaN,NaN,NaN,NaN,NaN,NaN,NaN,NaN
10,NaN,NaN,NaN,NaN,NaN,NaN,NaN,NaN
11,NaN,NaN,NaN,NaN,NaN,NaN,NaN,NaN
1,NaN,NaN,NaN,NaN,NaN,NaN,NaN,NaN
2,NaN,NaN,NaN,NaN,NaN,NaN,NaN,NaN
3,NaN,NaN,NaN,NaN,NaN,NaN,NaN,NaN
4,NaN,NaN,NaN,NaN,NaN,NaN,NaN,NaN
5,NaN,NaN,NaN,NaN,NaN,NaN,NaN,NaN
6,NaN,NaN,NaN,NaN,NaN,NaN,NaN,NaN
7,NaN,NaN,NaN,NaN,NaN,NaN,NaN,NaN
8,NaN,NaN,NaN,NaN,NaN,NaN,NaN,NaN
9,NaN,NaN,NaN,NaN,NaN,NaN,NaN,NaN
10,NaN,NaN,NaN,NaN,NaN,NaN,NaN,NaN
11,NaN,NaN,NaN,NaN,NaN,NaN,NaN,NaN
1,NaN,NaN,NaN,NaN,NaN,NaN,NaN,NaN
2,NaN,NaN,NaN,NaN,NaN,NaN,NaN,NaN
3,NaN,NaN,NaN,NaN,NaN,NaN,NaN,NaN
4,NaN,NaN,NaN,NaN,NaN,NaN,NaN,NaN
5,NaN,NaN,NaN,NaN,NaN,NaN,NaN,NaN
6,NaN,NaN,NaN,NaN,NaN,NaN,NaN,NaN
7,NaN,NaN,NaN,NaN,NaN,NaN,NaN,NaN
8,NaN,NaN,NaN,NaN,NaN,NaN,NaN,NaN
9,NaN,NaN,NaN,NaN,NaN,NaN,NaN,NaN
10,NaN,NaN,NaN,NaN,NaN,NaN,NaN,NaN
11,NaN,NaN,NaN,NaN,NaN,NaN,NaN,NaN
1,NaN,NaN,NaN,NaN,NaN,NaN,NaN,NaN
2,NaN,NaN,NaN,NaN,NaN,NaN,NaN,NaN
3,NaN,NaN,NaN,NaN,NaN,NaN,NaN,NaN
4,NaN,NaN,NaN,NaN,NaN,NaN,NaN,NaN
5,NaN,NaN,NaN,NaN,NaN,NaN,NaN,NaN
6,NaN,NaN,NaN,NaN,NaN,NaN,NaN,NaN
7,NaN,NaN,NaN,NaN,NaN,NaN,NaN,NaN
8,NaN,NaN,NaN,NaN,NaN,NaN,NaN,NaN
9,NaN,NaN,NaN,NaN,NaN,NaN,NaN,NaN
10,NaN,NaN,NaN,NaN,NaN,NaN,NaN,NaN
11,NaN,NaN,NaN,NaN,NaN,NaN,NaN,NaN
1,NaN,NaN,NaN,NaN,NaN,NaN,NaN,NaN
2,NaN,NaN,NaN,NaN,NaN,NaN,NaN,NaN
3,NaN,NaN,NaN,NaN,NaN,NaN,NaN,NaN
4,NaN,NaN,NaN,NaN,NaN,NaN,NaN,NaN
5,NaN,NaN,NaN,NaN,NaN,NaN,NaN,NaN
6,NaN,NaN,NaN,NaN,NaN,NaN,NaN,NaN
7,NaN,NaN,NaN,NaN,NaN,NaN,NaN,NaN
8,NaN,NaN,NaN,NaN,NaN,NaN,NaN,NaN
9,NaN,NaN,NaN,NaN,NaN,NaN,NaN,NaN
10,NaN,NaN,NaN,NaN,NaN,NaN,NaN,NaN
11,NaN,NaN,NaN,NaN,NaN,NaN,NaN,NaN
1,NaN,NaN,NaN,NaN,NaN,NaN,NaN,NaN
2,NaN,NaN,NaN,NaN,NaN,NaN,NaN,NaN
3,NaN,NaN,NaN,NaN,NaN,NaN,NaN,NaN
4,NaN,NaN,NaN,NaN,NaN,NaN,NaN,NaN
5,NaN,NaN,NaN,NaN,NaN,NaN,NaN,NaN
6,NaN,NaN,NaN,NaN,NaN,NaN,NaN,NaN
7,NaN,NaN,NaN,NaN,NaN,NaN,NaN,NaN
8,NaN,NaN,NaN,NaN,NaN,NaN,NaN,NaN
9,NaN,NaN,NaN,NaN,NaN,NaN,NaN,NaN
10,NaN,NaN,NaN,NaN,NaN,NaN,NaN,NaN
11,NaN,NaN,NaN,NaN,NaN,NaN,NaN,NaN
1,NaN,NaN,NaN,NaN,NaN,NaN,NaN,NaN
2,NaN,NaN,NaN,NaN,NaN,NaN,NaN,NaN
3,NaN,NaN,NaN,NaN,NaN,NaN,NaN,NaN
4,NaN,NaN,NaN,NaN,NaN,NaN,NaN,NaN
5,NaN,NaN,NaN,NaN,NaN,NaN,NaN,NaN
6,NaN,NaN,NaN,NaN,NaN,NaN,NaN,NaN
7,NaN,NaN,NaN,NaN,NaN,NaN,NaN,NaN
8,NaN,NaN,NaN,NaN,NaN,NaN,NaN,NaN
9,NaN,NaN,NaN,NaN,NaN,NaN,NaN,NaN
10,NaN,NaN,NaN,NaN,NaN,NaN,NaN,NaN
11,NaN,NaN,NaN,NaN,NaN,NaN,NaN,NaN
1,NaN,NaN,NaN,NaN,NaN,NaN,NaN,NaN
2,NaN,NaN,NaN,NaN,NaN,NaN,NaN,NaN
3,NaN,NaN,NaN,NaN,NaN,NaN,NaN,NaN
4,NaN,NaN,NaN,NaN,NaN,NaN,NaN,NaN
5,NaN,NaN,NaN,NaN,NaN,NaN,NaN,NaN
6,NaN,NaN,NaN,NaN,NaN,NaN,NaN,NaN
7,NaN,NaN,NaN,NaN,NaN,NaN,NaN,NaN
8,NaN,NaN,NaN,NaN,NaN,NaN,NaN,NaN
9,NaN,NaN,NaN,NaN,NaN,NaN,NaN,NaN
10,NaN,NaN,NaN,NaN,NaN,NaN,NaN,NaN
11,NaN,NaN,NaN,NaN,NaN,NaN,NaN,NaN
1,NaN,NaN,NaN,NaN,NaN,NaN,NaN,NaN
2,NaN,NaN,NaN,NaN,NaN,NaN,NaN,NaN
3,NaN,NaN,NaN,NaN,NaN,NaN,NaN,NaN
4,NaN,NaN,NaN,NaN,NaN,NaN,NaN,NaN
5,NaN,NaN,NaN,NaN,NaN,NaN,NaN,NaN
6,NaN,NaN,NaN,NaN,NaN,NaN,NaN,NaN
7,NaN,NaN,NaN,NaN,NaN,NaN,NaN,NaN
8,NaN,NaN,NaN,NaN,NaN,NaN,NaN,NaN
9,NaN,NaN,NaN,NaN,NaN,NaN,NaN,NaN
10,NaN,NaN,NaN,NaN,NaN,NaN,NaN,NaN
11,NaN,NaN,NaN,NaN,NaN,NaN,NaN,NaN
1,NaN,NaN,NaN,NaN,NaN,NaN,NaN,NaN
2,NaN,NaN,NaN,NaN,NaN,NaN,NaN,NaN
3,NaN,NaN,NaN,NaN,NaN,NaN,NaN,NaN
4,NaN,NaN,NaN,NaN,NaN,NaN,NaN,NaN
5,NaN,NaN,NaN,NaN,NaN,NaN,NaN,NaN
6,NaN,NaN,NaN,NaN,NaN,NaN,NaN,NaN
7,NaN,NaN,NaN,NaN,NaN,NaN,NaN,NaN
8,NaN,NaN,NaN,NaN,NaN,NaN,NaN,NaN
9,NaN,NaN,NaN,NaN,NaN,NaN,NaN,NaN
10,NaN,NaN,NaN,NaN,NaN,NaN,NaN,NaN
11,NaN,NaN,NaN,NaN,NaN,NaN,NaN,NaN
1,NaN,NaN,NaN,NaN,NaN,NaN,NaN,NaN
2,NaN,NaN,NaN,NaN,NaN,NaN,NaN,NaN
3,NaN,NaN,NaN,NaN,NaN,NaN,NaN,NaN
4,NaN,NaN,NaN,NaN,NaN,NaN,NaN,NaN
5,NaN,NaN,NaN,NaN,NaN,NaN,NaN,NaN
6,NaN,NaN,NaN,NaN,NaN,NaN,NaN,NaN
7,NaN,NaN,NaN,NaN,NaN,NaN,NaN,NaN
8,NaN,NaN,NaN,NaN,NaN,NaN,NaN,NaN
9,NaN,NaN,NaN,NaN,NaN,NaN,NaN,NaN
10,NaN,NaN,NaN,NaN,NaN,NaN,NaN,NaN
11,NaN,NaN,NaN,NaN,NaN,NaN,NaN,NaN
1,NaN,NaN,NaN,NaN,NaN,NaN,NaN,NaN
2,NaN,NaN,NaN,NaN,NaN,NaN,NaN,NaN
3,NaN,NaN,NaN,NaN,NaN,NaN,NaN,NaN
4,NaN,NaN,NaN,NaN,NaN,NaN,NaN,NaN
5,NaN,NaN,NaN,NaN,NaN,NaN,NaN,NaN
6,NaN,NaN,NaN,NaN,NaN,NaN,NaN,NaN
7,NaN,NaN,NaN,NaN,NaN,NaN,NaN,NaN
8,NaN,NaN,NaN,NaN,NaN,NaN,NaN,NaN
9,NaN,NaN,NaN,NaN,NaN,NaN,NaN,NaN
10,NaN,NaN,NaN,NaN,NaN,NaN,NaN,NaN
11,NaN,NaN,NaN,NaN,NaN,NaN,NaN,NaN
1,NaN,NaN,NaN,NaN,NaN,NaN,NaN,NaN
2,NaN,NaN,NaN,NaN,NaN,NaN,NaN,NaN
3,NaN,NaN,NaN,NaN,NaN,NaN,NaN,NaN
4,NaN,NaN,NaN,NaN,NaN,NaN,NaN,NaN
5,NaN,NaN,NaN,NaN,NaN,NaN,NaN,NaN
6,NaN,NaN,NaN,NaN,NaN,NaN,NaN,NaN
7,NaN,NaN,NaN,NaN,NaN,NaN,NaN,NaN
8,NaN,NaN,NaN,NaN,NaN,NaN,NaN,NaN
9,NaN,NaN,NaN,NaN,NaN,NaN,NaN,NaN
10,NaN,NaN,NaN,NaN,NaN,NaN,NaN,NaN
11,NaN,NaN,NaN,NaN,NaN,NaN,NaN,NaN
1,NaN,NaN,NaN,NaN,NaN,NaN,NaN,NaN
2,NaN,NaN,NaN,NaN,NaN,NaN,NaN,NaN
3,NaN,NaN,NaN,NaN,NaN,NaN,NaN,NaN
4,NaN,NaN,NaN,NaN,NaN,NaN,NaN,NaN
5,NaN,NaN,NaN,NaN,NaN,NaN,NaN,NaN
6,NaN,NaN,NaN,NaN,NaN,NaN,NaN,NaN
7,NaN,NaN,NaN,NaN,NaN,NaN,NaN,NaN
8,NaN,NaN,NaN,NaN,NaN,NaN,NaN,NaN
9,NaN,NaN,NaN,NaN,NaN,NaN,NaN,NaN
10,NaN,NaN,NaN,NaN,NaN,NaN,NaN,NaN
11,NaN,NaN,NaN,NaN,NaN,NaN,NaN,NaN
1,NaN,NaN,NaN,NaN,NaN,NaN,NaN,NaN
2,NaN,NaN,NaN,NaN,NaN,NaN,NaN,NaN
3,NaN,NaN,NaN,NaN,NaN,NaN,NaN,NaN
4,NaN,NaN,NaN,NaN,NaN,NaN,NaN,NaN
5,NaN,NaN,NaN,NaN,NaN,NaN,NaN,NaN
6,NaN,NaN,NaN,NaN,NaN,NaN,NaN,NaN
7,NaN,NaN,NaN,NaN,NaN,NaN,NaN,NaN
8,NaN,NaN,NaN,NaN,NaN,NaN,NaN,NaN
9,NaN,NaN,NaN,NaN,NaN,NaN,NaN,NaN
10,NaN,NaN,NaN,NaN,NaN,NaN,NaN,NaN
11,NaN,NaN,NaN,NaN,NaN,NaN,NaN,NaN
1,NaN,NaN,NaN,NaN,NaN,NaN,NaN,NaN
2,NaN,NaN,NaN,NaN,NaN,NaN,NaN,NaN
3,NaN,NaN,NaN,NaN,NaN,NaN,NaN,NaN
4,NaN,NaN,NaN,NaN,NaN,NaN,NaN,NaN
5,NaN,NaN,NaN,NaN,NaN,NaN,NaN,NaN
6,NaN,NaN,NaN,NaN,NaN,NaN,NaN,NaN
7,NaN,NaN,NaN,NaN,NaN,NaN,NaN,NaN
8,NaN,NaN,NaN,NaN,NaN,NaN,NaN,NaN
9,NaN,NaN,NaN,NaN,NaN,NaN,NaN,NaN
10,NaN,NaN,NaN,NaN,NaN,NaN,NaN,NaN
11,NaN,NaN,NaN,NaN,NaN,NaN,NaN,NaN
1,NaN,NaN,NaN,NaN,NaN,NaN,NaN,NaN
2,NaN,NaN,NaN,NaN,NaN,NaN,NaN,NaN
3,NaN,NaN,NaN,NaN,NaN,NaN,NaN,NaN
4,NaN,NaN,NaN,NaN,NaN,NaN,NaN,NaN
5,NaN,NaN,NaN,NaN,NaN,NaN,NaN,NaN
6,NaN,NaN,NaN,NaN,NaN,NaN,NaN,NaN
7,NaN,NaN,NaN,NaN,NaN,NaN,NaN,NaN
8,NaN,NaN,NaN,NaN,NaN,NaN,NaN,NaN
9,NaN,NaN,NaN,NaN,NaN,NaN,NaN,NaN
10,NaN,NaN,NaN,NaN,NaN,NaN,NaN,NaN
11,NaN,NaN,NaN,NaN,NaN,NaN,NaN,NaN
1,NaN,NaN,NaN,NaN,NaN,NaN,NaN,NaN
2,NaN,NaN,NaN,NaN,NaN,NaN,NaN,NaN
3,NaN,NaN,NaN,NaN,NaN,NaN,NaN,NaN
4,NaN,NaN,NaN,NaN,NaN,NaN,NaN,NaN
5,NaN,NaN,NaN,NaN,NaN,NaN,NaN,NaN
6,NaN,NaN,NaN,NaN,NaN,NaN,NaN,NaN
7,NaN,NaN,NaN,NaN,NaN,NaN,NaN,NaN
8,NaN,NaN,NaN,NaN,NaN,NaN,NaN,NaN
9,NaN,NaN,NaN,NaN,NaN,NaN,NaN,NaN
10,NaN,NaN,NaN,NaN,NaN,NaN,NaN,NaN
11,NaN,NaN,NaN,NaN,NaN,NaN,NaN,NaN
1,NaN,NaN,NaN,NaN,NaN,NaN,NaN,NaN
2,NaN,NaN,NaN,NaN,NaN,NaN,NaN,NaN
3,NaN,NaN,NaN,NaN,NaN,NaN,NaN,NaN
4,NaN,NaN,NaN,NaN,NaN,NaN,NaN,NaN
5,NaN,NaN,NaN,NaN,NaN,NaN,NaN,NaN
6,NaN,NaN,NaN,NaN,NaN,NaN,NaN,NaN
7,NaN,NaN,NaN,NaN,NaN,NaN,NaN,NaN
8,NaN,NaN,NaN,NaN,NaN,NaN,NaN,NaN
9,NaN,NaN,NaN,NaN,NaN,NaN,NaN,NaN
10,NaN,NaN,NaN,NaN,NaN,NaN,NaN,NaN
11,NaN,NaN,NaN,NaN,NaN,NaN,NaN,NaN
1,NaN,NaN,NaN,NaN,NaN,NaN,NaN,NaN
2,NaN,NaN,NaN,NaN,NaN,NaN,NaN,NaN
3,NaN,NaN,NaN,NaN,NaN,NaN,NaN,NaN
4,NaN,NaN,NaN,NaN,NaN,NaN,NaN,NaN
5,NaN,NaN,NaN,NaN,NaN,NaN,NaN,NaN
6,NaN,NaN,NaN,NaN,NaN,NaN,NaN,NaN
7,NaN,NaN,NaN,NaN,NaN,NaN,NaN,NaN
8,NaN,NaN,NaN,NaN,NaN,NaN,NaN,NaN
9,NaN,NaN,NaN,NaN,NaN,NaN,NaN,NaN
10,NaN,NaN,NaN,NaN,NaN,NaN,NaN,NaN
11,NaN,NaN,NaN,NaN,NaN,NaN,NaN,NaN
1,NaN,NaN,NaN,NaN,NaN,NaN,NaN,NaN
2,NaN,NaN,NaN,NaN,NaN,NaN,NaN,NaN
3,NaN,NaN,NaN,NaN,NaN,NaN,NaN,NaN
4,NaN,NaN,NaN,NaN,NaN,NaN,NaN,NaN
5,NaN,NaN,NaN,NaN,NaN,NaN,NaN,NaN
6,NaN,NaN,NaN,NaN,NaN,NaN,NaN,NaN
7,NaN,NaN,NaN,NaN,NaN,NaN,NaN,NaN
8,NaN,NaN,NaN,NaN,NaN,NaN,NaN,NaN
9,NaN,NaN,NaN,NaN,NaN,NaN,NaN,NaN
10,NaN,NaN,NaN,NaN,NaN,NaN,NaN,NaN
11,NaN,NaN,NaN,NaN,NaN,NaN,NaN,NaN
1,NaN,NaN,NaN,NaN,NaN,NaN,NaN,NaN
2,NaN,NaN,NaN,NaN,NaN,NaN,NaN,NaN
3,NaN,NaN,NaN,NaN,NaN,NaN,NaN,NaN
4,NaN,NaN,NaN,NaN,NaN,NaN,NaN,NaN
5,NaN,NaN,NaN,NaN,NaN,NaN,NaN,NaN
6,NaN,NaN,NaN,NaN,NaN,NaN,NaN,NaN
7,NaN,NaN,NaN,NaN,NaN,NaN,NaN,NaN
8,NaN,NaN,NaN,NaN,NaN,NaN,NaN,NaN
9,NaN,NaN,NaN,NaN,NaN,NaN,NaN,NaN
10,NaN,NaN,NaN,NaN,NaN,NaN,NaN,NaN
11,NaN,NaN,NaN,NaN,NaN,NaN,NaN,NaN
1,NaN,NaN,NaN,NaN,NaN,NaN,NaN,NaN
2,NaN,NaN,NaN,NaN,NaN,NaN,NaN,NaN
3,NaN,NaN,NaN,NaN,NaN,NaN,NaN,NaN
4,NaN,NaN,NaN,NaN,NaN,NaN,NaN,NaN
5,NaN,NaN,NaN,NaN,NaN,NaN,NaN,NaN
6,NaN,NaN,NaN,NaN,NaN,NaN,NaN,NaN
7,NaN,NaN,NaN,NaN,NaN,NaN,NaN,NaN
8,NaN,NaN,NaN,NaN,NaN,NaN,NaN,NaN
9,NaN,NaN,NaN,NaN,NaN,NaN,NaN,NaN
10,NaN,NaN,NaN,NaN,NaN,NaN,NaN,NaN
11,NaN,NaN,NaN,NaN,NaN,NaN,NaN,NaN
1,NaN,NaN,NaN,NaN,NaN,NaN,NaN,NaN
2,NaN,NaN,NaN,NaN,NaN,NaN,NaN,NaN
3,NaN,NaN,NaN,NaN,NaN,NaN,NaN,NaN
4,NaN,NaN,NaN,NaN,NaN,NaN,NaN,NaN
5,NaN,NaN,NaN,NaN,NaN,NaN,NaN,NaN
6,NaN,NaN,NaN,NaN,NaN,NaN,NaN,NaN
7,NaN,NaN,NaN,NaN,NaN,NaN,NaN,NaN
8,NaN,NaN,NaN,NaN,NaN,NaN,NaN,NaN
9,NaN,NaN,NaN,NaN,NaN,NaN,NaN,NaN
10,NaN,NaN,NaN,NaN,NaN,NaN,NaN,NaN
11,NaN,NaN,NaN,NaN,NaN,NaN,NaN,NaN
1,NaN,NaN,NaN,NaN,NaN,NaN,NaN,NaN
2,NaN,NaN,NaN,NaN,NaN,NaN,NaN,NaN
3,NaN,NaN,NaN,NaN,NaN,NaN,NaN,NaN
4,NaN,NaN,NaN,NaN,NaN,NaN,NaN,NaN
5,NaN,NaN,NaN,NaN,NaN,NaN,NaN,NaN
6,NaN,NaN,NaN,NaN,NaN,NaN,NaN,NaN
7,NaN,NaN,NaN,NaN,NaN,NaN,NaN,NaN
8,NaN,NaN,NaN,NaN,NaN,NaN,NaN,NaN
9,NaN,NaN,NaN,NaN,NaN,NaN,NaN,NaN
10,NaN,NaN,NaN,NaN,NaN,NaN,NaN,NaN
11,NaN,NaN,NaN,NaN,NaN,NaN,NaN,NaN
1,NaN,NaN,NaN,NaN,NaN,NaN,NaN,NaN
2,NaN,NaN,NaN,NaN,NaN,NaN,NaN,NaN
3,NaN,NaN,NaN,NaN,NaN,NaN,NaN,NaN
4,NaN,NaN,NaN,NaN,NaN,NaN,NaN,NaN
5,NaN,NaN,NaN,NaN,NaN,NaN,NaN,NaN
6,NaN,NaN,NaN,NaN,NaN,NaN,NaN,NaN
7,NaN,NaN,NaN,NaN,NaN,NaN,NaN,NaN
8,NaN,NaN,NaN,NaN,NaN,NaN,NaN,NaN
9,NaN,NaN,NaN,NaN,NaN,NaN,NaN,NaN
10,NaN,NaN,NaN,NaN,NaN,NaN,NaN,NaN
11,NaN,NaN,NaN,NaN,NaN,NaN,NaN,NaN
1,NaN,NaN,NaN,NaN,NaN,NaN,NaN,NaN
2,NaN,NaN,NaN,NaN,NaN,NaN,NaN,NaN
3,NaN,NaN,NaN,NaN,NaN,NaN,NaN,NaN
4,NaN,NaN,NaN,NaN,NaN,NaN,NaN,NaN
5,NaN,NaN,NaN,NaN,NaN,NaN,NaN,NaN
6,NaN,NaN,NaN,NaN,NaN,NaN,NaN,NaN
7,NaN,NaN,NaN,NaN,NaN,NaN,NaN,NaN
8,NaN,NaN,NaN,NaN,NaN,NaN,NaN,NaN
9,NaN,NaN,NaN,NaN,NaN,NaN,NaN,NaN
10,NaN,NaN,NaN,NaN,NaN,NaN,NaN,NaN
11,NaN,NaN,NaN,NaN,NaN,NaN,NaN,NaN
1,NaN,NaN,NaN,NaN,NaN,NaN,NaN,NaN
2,NaN,NaN,NaN,NaN,NaN,NaN,NaN,NaN
3,NaN,NaN,NaN,NaN,NaN,NaN,NaN,NaN
4,NaN,NaN,NaN,NaN,NaN,NaN,NaN,NaN
5,NaN,NaN,NaN,NaN,NaN,NaN,NaN,NaN
6,NaN,NaN,NaN,NaN,NaN,NaN,NaN,NaN
7,NaN,NaN,NaN,NaN,NaN,NaN,NaN,NaN
8,NaN,NaN,NaN,NaN,NaN,NaN,NaN,NaN
9,NaN,NaN,NaN,NaN,NaN,NaN,NaN,NaN
10,NaN,NaN,NaN,NaN,NaN,NaN,NaN,NaN
11,NaN,NaN,NaN,NaN,NaN,NaN,NaN,NaN
1,NaN,NaN,NaN,NaN,NaN,NaN,NaN,NaN
2,NaN,NaN,NaN,NaN,NaN,NaN,NaN,NaN
3,NaN,NaN,NaN,NaN,NaN,NaN,NaN,NaN
4,NaN,NaN,NaN,NaN,NaN,NaN,NaN,NaN
5,NaN,NaN,NaN,NaN,NaN,NaN,NaN,NaN
6,NaN,NaN,NaN,NaN,NaN,NaN,NaN,NaN
7,NaN,NaN,NaN,NaN,NaN,NaN,NaN,NaN
8,NaN,NaN,NaN,NaN,NaN,NaN,NaN,NaN
9,NaN,NaN,NaN,NaN,NaN,NaN,NaN,NaN
10,NaN,NaN,NaN,NaN,NaN,NaN,NaN,NaN
11,NaN,NaN,NaN,NaN,NaN,NaN,NaN,NaN
1,NaN,NaN,NaN,NaN,NaN,NaN,NaN,NaN
2,NaN,NaN,NaN,NaN,NaN,NaN,NaN,NaN
3,NaN,NaN,NaN,NaN,NaN,NaN,NaN,NaN
4,NaN,NaN,NaN,NaN,NaN,NaN,NaN,NaN
5,NaN,NaN,NaN,NaN,NaN,NaN,NaN,NaN
6,NaN,NaN,NaN,NaN,NaN,NaN,NaN,NaN
7,NaN,NaN,NaN,NaN,NaN,NaN,NaN,NaN
8,NaN,NaN,NaN,NaN,NaN,NaN,NaN,NaN
9,NaN,NaN,NaN,NaN,NaN,NaN,NaN,NaN
10,NaN,NaN,NaN,NaN,NaN,NaN,NaN,NaN
11,NaN,NaN,NaN,NaN,NaN,NaN,NaN,NaN
1,NaN,NaN,NaN,NaN,NaN,NaN,NaN,NaN
2,NaN,NaN,NaN,NaN,NaN,NaN,NaN,NaN
3,NaN,NaN,NaN,NaN,NaN,NaN,NaN,NaN
4,NaN,NaN,NaN,NaN,NaN,NaN,NaN,NaN
5,NaN,NaN,NaN,NaN,NaN,NaN,NaN,NaN
6,NaN,NaN,NaN,NaN,NaN,NaN,NaN,NaN
7,NaN,NaN,NaN,NaN,NaN,NaN,NaN,NaN
8,NaN,NaN,NaN,NaN,NaN,NaN,NaN,NaN
9,NaN,NaN,NaN,NaN,NaN,NaN,NaN,NaN
10,NaN,NaN,NaN,NaN,NaN,NaN,NaN,NaN
11,NaN,NaN,NaN,NaN,NaN,NaN,NaN,NaN
1,NaN,NaN,NaN,NaN,NaN,NaN,NaN,NaN
2,NaN,NaN,NaN,NaN,NaN,NaN,NaN,NaN
3,NaN,NaN,NaN,NaN,NaN,NaN,NaN,NaN
4,NaN,NaN,NaN,NaN,NaN,NaN,NaN,NaN
5,NaN,NaN,NaN,NaN,NaN,NaN,NaN,NaN
6,NaN,NaN,NaN,NaN,NaN,NaN,NaN,NaN
7,NaN,NaN,NaN,NaN,NaN,NaN,NaN,NaN
8,NaN,NaN,NaN,NaN,NaN,NaN,NaN,NaN
9,NaN,NaN,NaN,NaN,NaN,NaN,NaN,NaN
10,NaN,NaN,NaN,NaN,NaN,NaN,NaN,NaN
11,NaN,NaN,NaN,NaN,NaN,NaN,NaN,NaN
1,NaN,NaN,NaN,NaN,NaN,NaN,NaN,NaN
2,NaN,NaN,NaN,NaN,NaN,NaN,NaN,NaN
3,NaN,NaN,NaN,NaN,NaN,NaN,NaN,NaN
4,NaN,NaN,NaN,NaN,NaN,NaN,NaN,NaN
5,NaN,NaN,NaN,NaN,NaN,NaN,NaN,NaN
6,NaN,NaN,NaN,NaN,NaN,NaN,NaN,NaN
7,NaN,NaN,NaN,NaN,NaN,NaN,NaN,NaN
8,NaN,NaN,NaN,NaN,NaN,NaN,NaN,NaN
9,NaN,NaN,NaN,NaN,NaN,NaN,NaN,NaN
10,NaN,NaN,NaN,NaN,NaN,NaN,NaN,NaN
11,NaN,NaN,NaN,NaN,NaN,NaN,NaN,NaN
1,NaN,NaN,NaN,NaN,NaN,NaN,NaN,NaN
2,NaN,NaN,NaN,NaN,NaN,NaN,NaN,NaN
3,NaN,NaN,NaN,NaN,NaN,NaN,NaN,NaN
4,NaN,NaN,NaN,NaN,NaN,NaN,NaN,NaN
5,NaN,NaN,NaN,NaN,NaN,NaN,NaN,NaN
6,NaN,NaN,NaN,NaN,NaN,NaN,NaN,NaN
7,NaN,NaN,NaN,NaN,NaN,NaN,NaN,NaN
8,NaN,NaN,NaN,NaN,NaN,NaN,NaN,NaN
9,NaN,NaN,NaN,NaN,NaN,NaN,NaN,NaN
10,NaN,NaN,NaN,NaN,NaN,NaN,NaN,NaN
11,NaN,NaN,NaN,NaN,NaN,NaN,NaN,NaN
1,NaN,NaN,NaN,NaN,NaN,NaN,NaN,NaN
2,NaN,NaN,NaN,NaN,NaN,NaN,NaN,NaN
3,NaN,NaN,NaN,NaN,NaN,NaN,NaN,NaN
4,NaN,NaN,NaN,NaN,NaN,NaN,NaN,NaN
5,NaN,NaN,NaN,NaN,NaN,NaN,NaN,NaN
6,NaN,NaN,NaN,NaN,NaN,NaN,NaN,NaN
7,NaN,NaN,NaN,NaN,NaN,NaN,NaN,NaN
8,NaN,NaN,NaN,NaN,NaN,NaN,NaN,NaN
9,NaN,NaN,NaN,NaN,NaN,NaN,NaN,NaN
10,NaN,NaN,NaN,NaN,NaN,NaN,NaN,NaN
11,NaN,NaN,NaN,NaN,NaN,NaN,NaN,NaN
1,NaN,NaN,NaN,NaN,NaN,NaN,NaN,NaN
2,NaN,NaN,NaN,NaN,NaN,NaN,NaN,NaN
3,NaN,NaN,NaN,NaN,NaN,NaN,NaN,NaN
4,NaN,NaN,NaN,NaN,NaN,NaN,NaN,NaN
5,NaN,NaN,NaN,NaN,NaN,NaN,NaN,NaN
6,NaN,NaN,NaN,NaN,NaN,NaN,NaN,NaN
7,NaN,NaN,NaN,NaN,NaN,NaN,NaN,NaN
8,NaN,NaN,NaN,NaN,NaN,NaN,NaN,NaN
9,NaN,NaN,NaN,NaN,NaN,NaN,NaN,NaN
10,NaN,NaN,NaN,NaN,NaN,NaN,NaN,NaN
11,NaN,NaN,NaN,NaN,NaN,NaN,NaN,NaN
1,NaN,NaN,NaN,NaN,NaN,NaN,NaN,NaN
2,NaN,NaN,NaN,NaN,NaN,NaN,NaN,NaN
3,NaN,NaN,NaN,NaN,NaN,NaN,NaN,NaN
4,NaN,NaN,NaN,NaN,NaN,NaN,NaN,NaN
5,NaN,NaN,NaN,NaN,NaN,NaN,NaN,NaN
6,NaN,NaN,NaN,NaN,NaN,NaN,NaN,NaN
7,NaN,NaN,NaN,NaN,NaN,NaN,NaN,NaN
8,NaN,NaN,NaN,NaN,NaN,NaN,NaN,NaN
9,NaN,NaN,NaN,NaN,NaN,NaN,NaN,NaN
10,NaN,NaN,NaN,NaN,NaN,NaN,NaN,NaN
11,NaN,NaN,NaN,NaN,NaN,NaN,NaN,NaN
1,NaN,NaN,NaN,NaN,NaN,NaN,NaN,NaN
2,NaN,NaN,NaN,NaN,NaN,NaN,NaN,NaN
3,NaN,NaN,NaN,NaN,NaN,NaN,NaN,NaN
4,NaN,NaN,NaN,NaN,NaN,NaN,NaN,NaN
5,NaN,NaN,NaN,NaN,NaN,NaN,NaN,NaN
6,NaN,NaN,NaN,NaN,NaN,NaN,NaN,NaN
7,NaN,NaN,NaN,NaN,NaN,NaN,NaN,NaN
8,NaN,NaN,NaN,NaN,NaN,NaN,NaN,NaN
9,NaN,NaN,NaN,NaN,NaN,NaN,NaN,NaN
10,NaN,NaN,NaN,NaN,NaN,NaN,NaN,NaN
11,NaN,NaN,NaN,NaN,NaN,NaN,NaN,NaN
1,NaN,NaN,NaN,NaN,NaN,NaN,NaN,NaN
2,NaN,NaN,NaN,NaN,NaN,NaN,NaN,NaN
3,NaN,NaN,NaN,NaN,NaN,NaN,NaN,NaN
4,NaN,NaN,NaN,NaN,NaN,NaN,NaN,NaN
5,NaN,NaN,NaN,NaN,NaN,NaN,NaN,NaN
6,NaN,NaN,NaN,NaN,NaN,NaN,NaN,NaN
7,NaN,NaN,NaN,NaN,NaN,NaN,NaN,NaN
8,NaN,NaN,NaN,NaN,NaN,NaN,NaN,NaN
9,NaN,NaN,NaN,NaN,NaN,NaN,NaN,NaN
10,NaN,NaN,NaN,NaN,NaN,NaN,NaN,NaN
11,NaN,NaN,NaN,NaN,NaN,NaN,NaN,NaN
1,NaN,NaN,NaN,NaN,NaN,NaN,NaN,NaN
2,NaN,NaN,NaN,NaN,NaN,NaN,NaN,NaN
3,NaN,NaN,NaN,NaN,NaN,NaN,NaN,NaN
4,NaN,NaN,NaN,NaN,NaN,NaN,NaN,NaN
5,NaN,NaN,NaN,NaN,NaN,NaN,NaN,NaN
6,NaN,NaN,NaN,NaN,NaN,NaN,NaN,NaN
7,NaN,NaN,NaN,NaN,NaN,NaN,NaN,NaN
8,NaN,NaN,NaN,NaN,NaN,NaN,NaN,NaN
9,NaN,NaN,NaN,NaN,NaN,NaN,NaN,NaN
10,NaN,NaN,NaN,NaN,NaN,NaN,NaN,NaN
11,NaN,NaN,NaN,NaN,NaN,NaN,NaN,NaN
1,NaN,NaN,NaN,NaN,NaN,NaN,NaN,NaN
2,NaN,NaN,NaN,NaN,NaN,NaN,NaN,NaN
3,NaN,NaN,NaN,NaN,NaN,NaN,NaN,NaN
4,NaN,NaN,NaN,NaN,NaN,NaN,NaN,NaN
5,NaN,NaN,NaN,NaN,NaN,NaN,NaN,NaN
6,NaN,NaN,NaN,NaN,NaN,NaN,NaN,NaN
7,NaN,NaN,NaN,NaN,NaN,NaN,NaN,NaN
8,NaN,NaN,NaN,NaN,NaN,NaN,NaN,NaN
9,NaN,NaN,NaN,NaN,NaN,NaN,NaN,NaN
10,NaN,NaN,NaN,NaN,NaN,NaN,NaN,NaN
11,NaN,NaN,NaN,NaN,NaN,NaN,NaN,NaN
1,NaN,NaN,NaN,NaN,NaN,NaN,NaN,NaN
2,NaN,NaN,NaN,NaN,NaN,NaN,NaN,NaN
3,NaN,NaN,NaN,NaN,NaN,NaN,NaN,NaN
4,NaN,NaN,NaN,NaN,NaN,NaN,NaN,NaN
5,NaN,NaN,NaN,NaN,NaN,NaN,NaN,NaN
6,NaN,NaN,NaN,NaN,NaN,NaN,NaN,NaN
7,NaN,NaN,NaN,NaN,NaN,NaN,NaN,NaN
8,NaN,NaN,NaN,NaN,NaN,NaN,NaN,NaN
9,NaN,NaN,NaN,NaN,NaN,NaN,NaN,NaN
10,NaN,NaN,NaN,NaN,NaN,NaN,NaN,NaN
11,NaN,NaN,NaN,NaN,NaN,NaN,NaN,NaN
1,NaN,NaN,NaN,NaN,NaN,NaN,NaN,NaN
2,NaN,NaN,NaN,NaN,NaN,NaN,NaN,NaN
3,NaN,NaN,NaN,NaN,NaN,NaN,NaN,NaN
4,NaN,NaN,NaN,NaN,NaN,NaN,NaN,NaN
5,NaN,NaN,NaN,NaN,NaN,NaN,NaN,NaN
6,NaN,NaN,NaN,NaN,NaN,NaN,NaN,NaN
7,NaN,NaN,NaN,NaN,NaN,NaN,NaN,NaN
8,NaN,NaN,NaN,NaN,NaN,NaN,NaN,NaN
9,NaN,NaN,NaN,NaN,NaN,NaN,NaN,NaN
10,NaN,NaN,NaN,NaN,NaN,NaN,NaN,NaN
11,NaN,NaN,NaN,NaN,NaN,NaN,NaN,NaN
1,NaN,NaN,NaN,NaN,NaN,NaN,NaN,NaN
2,NaN,NaN,NaN,NaN,NaN,NaN,NaN,NaN
3,NaN,NaN,NaN,NaN,NaN,NaN,NaN,NaN
4,NaN,NaN,NaN,NaN,NaN,NaN,NaN,NaN
5,NaN,NaN,NaN,NaN,NaN,NaN,NaN,NaN
6,NaN,NaN,NaN,NaN,NaN,NaN,NaN,NaN
7,NaN,NaN,NaN,NaN,NaN,NaN,NaN,NaN
8,NaN,NaN,NaN,NaN,NaN,NaN,NaN,NaN
9,NaN,NaN,NaN,NaN,NaN,NaN,NaN,NaN
10,NaN,NaN,NaN,NaN,NaN,NaN,NaN,NaN
11,NaN,NaN,NaN,NaN,NaN,NaN,NaN,NaN
1,NaN,NaN,NaN,NaN,NaN,NaN,NaN,NaN
2,NaN,NaN,NaN,NaN,NaN,NaN,NaN,NaN
3,NaN,NaN,NaN,NaN,NaN,NaN,NaN,NaN
4,NaN,NaN,NaN,NaN,NaN,NaN,NaN,NaN
5,NaN,NaN,NaN,NaN,NaN,NaN,NaN,NaN
6,NaN,NaN,NaN,NaN,NaN,NaN,NaN,NaN
7,NaN,NaN,NaN,NaN,NaN,NaN,NaN,NaN
8,NaN,NaN,NaN,NaN,NaN,NaN,NaN,NaN
9,NaN,NaN,NaN,NaN,NaN,NaN,NaN,NaN
10,NaN,NaN,NaN,NaN,NaN,NaN,NaN,NaN
11,NaN,NaN,NaN,NaN,NaN,NaN,NaN,NaN
1,NaN,NaN,NaN,NaN,NaN,NaN,NaN,NaN
2,NaN,NaN,NaN,NaN,NaN,NaN,NaN,NaN
3,NaN,NaN,NaN,NaN,NaN,NaN,NaN,NaN
4,NaN,NaN,NaN,NaN,NaN,NaN,NaN,NaN
5,NaN,NaN,NaN,NaN,NaN,NaN,NaN,NaN
6,NaN,NaN,NaN,NaN,NaN,NaN,NaN,NaN
7,NaN,NaN,NaN,NaN,NaN,NaN,NaN,NaN
8,NaN,NaN,NaN,NaN,NaN,NaN,NaN,NaN
9,NaN,NaN,NaN,NaN,NaN,NaN,NaN,NaN
10,NaN,NaN,NaN,NaN,NaN,NaN,NaN,NaN
11,NaN,NaN,NaN,NaN,NaN,NaN,NaN,NaN
1,NaN,NaN,NaN,NaN,NaN,NaN,NaN,NaN
2,NaN,NaN,NaN,NaN,NaN,NaN,NaN,NaN
3,NaN,NaN,NaN,NaN,NaN,NaN,NaN,NaN
4,NaN,NaN,NaN,NaN,NaN,NaN,NaN,NaN
5,NaN,NaN,NaN,NaN,NaN,NaN,NaN,NaN
6,NaN,NaN,NaN,NaN,NaN,NaN,NaN,NaN
7,NaN,NaN,NaN,NaN,NaN,NaN,NaN,NaN
8,NaN,NaN,NaN,NaN,NaN,NaN,NaN,NaN
9,NaN,NaN,NaN,NaN,NaN,NaN,NaN,NaN
10,NaN,NaN,NaN,NaN,NaN,NaN,NaN,NaN
11,NaN,NaN,NaN,NaN,NaN,NaN,NaN,NaN
1,NaN,NaN,NaN,NaN,NaN,NaN,NaN,NaN
2,NaN,NaN,NaN,NaN,NaN,NaN,NaN,NaN
3,NaN,NaN,NaN,NaN,NaN,NaN,NaN,NaN
4,NaN,NaN,NaN,NaN,NaN,NaN,NaN,NaN
5,NaN,NaN,NaN,NaN,NaN,NaN,NaN,NaN
6,NaN,NaN,NaN,NaN,NaN,NaN,NaN,NaN
7,NaN,NaN,NaN,NaN,NaN,NaN,NaN,NaN
8,NaN,NaN,NaN,NaN,NaN,NaN,NaN,NaN
9,NaN,NaN,NaN,NaN,NaN,NaN,NaN,NaN
10,NaN,NaN,NaN,NaN,NaN,NaN,NaN,NaN
11,NaN,NaN,NaN,NaN,NaN,NaN,NaN,NaN
1,NaN,NaN,NaN,NaN,NaN,NaN,NaN,NaN
2,NaN,NaN,NaN,NaN,NaN,NaN,NaN,NaN
3,NaN,NaN,NaN,NaN,NaN,NaN,NaN,NaN
4,NaN,NaN,NaN,NaN,NaN,NaN,NaN,NaN
5,NaN,NaN,NaN,NaN,NaN,NaN,NaN,NaN
6,NaN,NaN,NaN,NaN,NaN,NaN,NaN,NaN
7,NaN,NaN,NaN,NaN,NaN,NaN,NaN,NaN
8,NaN,NaN,NaN,NaN,NaN,NaN,NaN,NaN
9,NaN,NaN,NaN,NaN,NaN,NaN,NaN,NaN
10,NaN,NaN,NaN,NaN,NaN,NaN,NaN,NaN
11,NaN,NaN,NaN,NaN,NaN,NaN,NaN,NaN
1,NaN,NaN,NaN,NaN,NaN,NaN,NaN,NaN
2,NaN,NaN,NaN,NaN,NaN,NaN,NaN,NaN
3,NaN,NaN,NaN,NaN,NaN,NaN,NaN,NaN
4,NaN,NaN,NaN,NaN,NaN,NaN,NaN,NaN
5,NaN,NaN,NaN,NaN,NaN,NaN,NaN,NaN
6,NaN,NaN,NaN,NaN,NaN,NaN,NaN,NaN
7,NaN,NaN,NaN,NaN,NaN,NaN,NaN,NaN
8,NaN,NaN,NaN,NaN,NaN,NaN,NaN,NaN
9,NaN,NaN,NaN,NaN,NaN,NaN,NaN,NaN
10,NaN,NaN,NaN,NaN,NaN,NaN,NaN,NaN
11,NaN,NaN,NaN,NaN,NaN,NaN,NaN,NaN
1,NaN,NaN,NaN,NaN,NaN,NaN,NaN,NaN
2,NaN,NaN,NaN,NaN,NaN,NaN,NaN,NaN
3,NaN,NaN,NaN,NaN,NaN,NaN,NaN,NaN
4,NaN,NaN,NaN,NaN,NaN,NaN,NaN,NaN
5,NaN,NaN,NaN,NaN,NaN,NaN,NaN,NaN
6,NaN,NaN,NaN,NaN,NaN,NaN,NaN,NaN
7,NaN,NaN,NaN,NaN,NaN,NaN,NaN,NaN
8,NaN,NaN,NaN,NaN,NaN,NaN,NaN,NaN
9,NaN,NaN,NaN,NaN,NaN,NaN,NaN,NaN
10,NaN,NaN,NaN,NaN,NaN,NaN,NaN,NaN
11,NaN,NaN,NaN,NaN,NaN,NaN,NaN,NaN
1,NaN,NaN,NaN,NaN,NaN,NaN,NaN,NaN
2,NaN,NaN,NaN,NaN,NaN,NaN,NaN,NaN
3,NaN,NaN,NaN,NaN,NaN,NaN,NaN,NaN
4,NaN,NaN,NaN,NaN,NaN,NaN,NaN,NaN
5,NaN,NaN,NaN,NaN,NaN,NaN,NaN,NaN
6,NaN,NaN,NaN,NaN,NaN,NaN,NaN,NaN
7,NaN,NaN,NaN,NaN,NaN,NaN,NaN,NaN
8,NaN,NaN,NaN,NaN,NaN,NaN,NaN,NaN
9,NaN,NaN,NaN,NaN,NaN,NaN,NaN,NaN
10,NaN,NaN,NaN,NaN,NaN,NaN,NaN,NaN
11,NaN,NaN,NaN,NaN,NaN,NaN,NaN,NaN
1,NaN,NaN,NaN,NaN,NaN,NaN,NaN,NaN
2,NaN,NaN,NaN,NaN,NaN,NaN,NaN,NaN
3,NaN,NaN,NaN,NaN,NaN,NaN,NaN,NaN
4,NaN,NaN,NaN,NaN,NaN,NaN,NaN,NaN
5,NaN,NaN,NaN,NaN,NaN,NaN,NaN,NaN
6,NaN,NaN,NaN,NaN,NaN,NaN,NaN,NaN
7,NaN,NaN,NaN,NaN,NaN,NaN,NaN,NaN
8,NaN,NaN,NaN,NaN,NaN,NaN,NaN,NaN
9,NaN,NaN,NaN,NaN,NaN,NaN,NaN,NaN
10,NaN,NaN,NaN,NaN,NaN,NaN,NaN,NaN
11,NaN,NaN,NaN,NaN,NaN,NaN,NaN,NaN
1,NaN,NaN,NaN,NaN,NaN,NaN,NaN,NaN
2,NaN,NaN,NaN,NaN,NaN,NaN,NaN,NaN
3,NaN,NaN,NaN,NaN,NaN,NaN,NaN,NaN
4,NaN,NaN,NaN,NaN,NaN,NaN,NaN,NaN
5,NaN,NaN,NaN,NaN,NaN,NaN,NaN,NaN
6,NaN,NaN,NaN,NaN,NaN,NaN,NaN,NaN
7,NaN,NaN,NaN,NaN,NaN,NaN,NaN,NaN
8,NaN,NaN,NaN,NaN,NaN,NaN,NaN,NaN
9,NaN,NaN,NaN,NaN,NaN,NaN,NaN,NaN
10,NaN,NaN,NaN,NaN,NaN,NaN,NaN,NaN
11,NaN,NaN,NaN,NaN,NaN,NaN,NaN,NaN
1,NaN,NaN,NaN,NaN,NaN,NaN,NaN,NaN
2,NaN,NaN,NaN,NaN,NaN,NaN,NaN,NaN
3,NaN,NaN,NaN,NaN,NaN,NaN,NaN,NaN
4,NaN,NaN,NaN,NaN,NaN,NaN,NaN,NaN
5,NaN,NaN,NaN,NaN,NaN,NaN,NaN,NaN
6,NaN,NaN,NaN,NaN,NaN,NaN,NaN,NaN
7,NaN,NaN,NaN,NaN,NaN,NaN,NaN,NaN
8,NaN,NaN,NaN,NaN,NaN,NaN,NaN,NaN
9,NaN,NaN,NaN,NaN,NaN,NaN,NaN,NaN
10,NaN,NaN,NaN,NaN,NaN,NaN,NaN,NaN
11,NaN,NaN,NaN,NaN,NaN,NaN,NaN,NaN
1,NaN,NaN,NaN,NaN,NaN,NaN,NaN,NaN
2,NaN,NaN,NaN,NaN,NaN,NaN,NaN,NaN
3,NaN,NaN,NaN,NaN,NaN,NaN,NaN,NaN
4,NaN,NaN,NaN,NaN,NaN,NaN,NaN,NaN
5,NaN,NaN,NaN,NaN,NaN,NaN,NaN,NaN
6,NaN,NaN,NaN,NaN,NaN,NaN,NaN,NaN
7,NaN,NaN,NaN,NaN,NaN,NaN,NaN,NaN
8,NaN,NaN,NaN,NaN,NaN,NaN,NaN,NaN
9,NaN,NaN,NaN,NaN,NaN,NaN,NaN,NaN
10,NaN,NaN,NaN,NaN,NaN,NaN,NaN,NaN
11,NaN,NaN,NaN,NaN,NaN,NaN,NaN,NaN
1,NaN,NaN,NaN,NaN,NaN,NaN,NaN,NaN
2,NaN,NaN,NaN,NaN,NaN,NaN,NaN,NaN
3,NaN,NaN,NaN,NaN,NaN,NaN,NaN,NaN
4,NaN,NaN,NaN,NaN,NaN,NaN,NaN,NaN
5,NaN,NaN,NaN,NaN,NaN,NaN,NaN,NaN
6,NaN,NaN,NaN,NaN,NaN,NaN,NaN,NaN
7,NaN,NaN,NaN,NaN,NaN,NaN,NaN,NaN
8,NaN,NaN,NaN,NaN,NaN,NaN,NaN,NaN
9,NaN,NaN,NaN,NaN,NaN,NaN,NaN,NaN
10,NaN,NaN,NaN,NaN,NaN,NaN,NaN,NaN
11,NaN,NaN,NaN,NaN,NaN,NaN,NaN,NaN
1,NaN,NaN,NaN,NaN,NaN,NaN,NaN,NaN
2,NaN,NaN,NaN,NaN,NaN,NaN,NaN,NaN
3,NaN,NaN,NaN,NaN,NaN,NaN,NaN,NaN
4,NaN,NaN,NaN,NaN,NaN,NaN,NaN,NaN
5,NaN,NaN,NaN,NaN,NaN,NaN,NaN,NaN
6,NaN,NaN,NaN,NaN,NaN,NaN,NaN,NaN
7,NaN,NaN,NaN,NaN,NaN,NaN,NaN,NaN
8,NaN,NaN,NaN,NaN,NaN,NaN,NaN,NaN
9,NaN,NaN,NaN,NaN,NaN,NaN,NaN,NaN
10,NaN,NaN,NaN,NaN,NaN,NaN,NaN,NaN
11,NaN,NaN,NaN,NaN,NaN,NaN,NaN,NaN
1,NaN,NaN,NaN,NaN,NaN,NaN,NaN,NaN
2,NaN,NaN,NaN,NaN,NaN,NaN,NaN,NaN
3,NaN,NaN,NaN,NaN,NaN,NaN,NaN,NaN
4,NaN,NaN,NaN,NaN,NaN,NaN,NaN,NaN
5,NaN,NaN,NaN,NaN,NaN,NaN,NaN,NaN
6,NaN,NaN,NaN,NaN,NaN,NaN,NaN,NaN
7,NaN,NaN,NaN,NaN,NaN,NaN,NaN,NaN
8,NaN,NaN,NaN,NaN,NaN,NaN,NaN,NaN
9,NaN,NaN,NaN,NaN,NaN,NaN,NaN,NaN
10,NaN,NaN,NaN,NaN,NaN,NaN,NaN,NaN
11,NaN,NaN,NaN,NaN,NaN,NaN,NaN,NaN
1,NaN,NaN,NaN,NaN,NaN,NaN,NaN,NaN
2,NaN,NaN,NaN,NaN,NaN,NaN,NaN,NaN
3,NaN,NaN,NaN,NaN,NaN,NaN,NaN,NaN
4,NaN,NaN,NaN,NaN,NaN,NaN,NaN,NaN
5,NaN,NaN,NaN,NaN,NaN,NaN,NaN,NaN
6,NaN,NaN,NaN,NaN,NaN,NaN,NaN,NaN
7,NaN,NaN,NaN,NaN,NaN,NaN,NaN,NaN
8,NaN,NaN,NaN,NaN,NaN,NaN,NaN,NaN
9,NaN,NaN,NaN,NaN,NaN,NaN,NaN,NaN
10,NaN,NaN,NaN,NaN,NaN,NaN,NaN,NaN
11,NaN,NaN,NaN,NaN,NaN,NaN,NaN,NaN
1,NaN,NaN,NaN,NaN,NaN,NaN,NaN,NaN
2,NaN,NaN,NaN,NaN,NaN,NaN,NaN,NaN
3,NaN,NaN,NaN,NaN,NaN,NaN,NaN,NaN
4,NaN,NaN,NaN,NaN,NaN,NaN,NaN,NaN
5,NaN,NaN,NaN,NaN,NaN,NaN,NaN,NaN
6,NaN,NaN,NaN,NaN,NaN,NaN,NaN,NaN
7,NaN,NaN,NaN,NaN,NaN,NaN,NaN,NaN
8,NaN,NaN,NaN,NaN,NaN,NaN,NaN,NaN
9,NaN,NaN,NaN,NaN,NaN,NaN,NaN,NaN
10,NaN,NaN,NaN,NaN,NaN,NaN,NaN,NaN
11,NaN,NaN,NaN,NaN,NaN,NaN,NaN,NaN
1,NaN,NaN,NaN,NaN,NaN,NaN,NaN,NaN
2,NaN,NaN,NaN,NaN,NaN,NaN,NaN,NaN
3,NaN,NaN,NaN,NaN,NaN,NaN,NaN,NaN
4,NaN,NaN,NaN,NaN,NaN,NaN,NaN,NaN
5,NaN,NaN,NaN,NaN,NaN,NaN,NaN,NaN
6,NaN,NaN,NaN,NaN,NaN,NaN,NaN,NaN
7,NaN,NaN,NaN,NaN,NaN,NaN,NaN,NaN
8,NaN,NaN,NaN,NaN,NaN,NaN,NaN,NaN
9,NaN,NaN,NaN,NaN,NaN,NaN,NaN,NaN
10,NaN,NaN,NaN,NaN,NaN,NaN,NaN,NaN
11,NaN,NaN,NaN,NaN,NaN,NaN,NaN,NaN
1,NaN,NaN,NaN,NaN,NaN,NaN,NaN,NaN
2,NaN,NaN,NaN,NaN,NaN,NaN,NaN,NaN
3,NaN,NaN,NaN,NaN,NaN,NaN,NaN,NaN
4,NaN,NaN,NaN,NaN,NaN,NaN,NaN,NaN
5,NaN,NaN,NaN,NaN,NaN,NaN,NaN,NaN
6,NaN,NaN,NaN,NaN,NaN,NaN,NaN,NaN
7,NaN,NaN,NaN,NaN,NaN,NaN,NaN,NaN
8,NaN,NaN,NaN,NaN,NaN,NaN,NaN,NaN
9,NaN,NaN,NaN,NaN,NaN,NaN,NaN,NaN
10,NaN,NaN,NaN,NaN,NaN,NaN,NaN,NaN
11,NaN,NaN,NaN,NaN,NaN,NaN,NaN,NaN
1,NaN,NaN,NaN,NaN,NaN,NaN,NaN,NaN
2,NaN,NaN,NaN,NaN,NaN,NaN,NaN,NaN
3,NaN,NaN,NaN,NaN,NaN,NaN,NaN,NaN
4,NaN,NaN,NaN,NaN,NaN,NaN,NaN,NaN
5,NaN,NaN,NaN,NaN,NaN,NaN,NaN,NaN
6,NaN,NaN,NaN,NaN,NaN,NaN,NaN,NaN
7,NaN,NaN,NaN,NaN,NaN,NaN,NaN,NaN
8,NaN,NaN,NaN,NaN,NaN,NaN,NaN,NaN
9,NaN,NaN,NaN,NaN,NaN,NaN,NaN,NaN
10,NaN,NaN,NaN,NaN,NaN,NaN,NaN,NaN
11,NaN,NaN,NaN,NaN,NaN,NaN,NaN,NaN
1,NaN,NaN,NaN,NaN,NaN,NaN,NaN,NaN
2,NaN,NaN,NaN,NaN,NaN,NaN,NaN,NaN
3,NaN,NaN,NaN,NaN,NaN,NaN,NaN,NaN
4,NaN,NaN,NaN,NaN,NaN,NaN,NaN,NaN
5,NaN,NaN,NaN,NaN,NaN,NaN,NaN,NaN
6,NaN,NaN,NaN,NaN,NaN,NaN,NaN,NaN
7,NaN,NaN,NaN,NaN,NaN,NaN,NaN,NaN
8,NaN,NaN,NaN,NaN,NaN,NaN,NaN,NaN
9,NaN,NaN,NaN,NaN,NaN,NaN,NaN,NaN
10,NaN,NaN,NaN,NaN,NaN,NaN,NaN,NaN
11,NaN,NaN,NaN,NaN,NaN,NaN,NaN,NaN
1,NaN,NaN,NaN,NaN,NaN,NaN,NaN,NaN
2,NaN,NaN,NaN,NaN,NaN,NaN,NaN,NaN
3,NaN,NaN,NaN,NaN,NaN,NaN,NaN,NaN
4,NaN,NaN,NaN,NaN,NaN,NaN,NaN,NaN
5,NaN,NaN,NaN,NaN,NaN,NaN,NaN,NaN
6,NaN,NaN,NaN,NaN,NaN,NaN,NaN,NaN
7,NaN,NaN,NaN,NaN,NaN,NaN,NaN,NaN
8,NaN,NaN,NaN,NaN,NaN,NaN,NaN,NaN
9,NaN,NaN,NaN,NaN,NaN,NaN,NaN,NaN
10,NaN,NaN,NaN,NaN,NaN,NaN,NaN,NaN
11,NaN,NaN,NaN,NaN,NaN,NaN,NaN,NaN
1,NaN,NaN,NaN,NaN,NaN,NaN,NaN,NaN
2,NaN,NaN,NaN,NaN,NaN,NaN,NaN,NaN
3,NaN,NaN,NaN,NaN,NaN,NaN,NaN,NaN
4,NaN,NaN,NaN,NaN,NaN,NaN,NaN,NaN
5,NaN,NaN,NaN,NaN,NaN,NaN,NaN,NaN
6,NaN,NaN,NaN,NaN,NaN,NaN,NaN,NaN
7,NaN,NaN,NaN,NaN,NaN,NaN,NaN,NaN
8,NaN,NaN,NaN,NaN,NaN,NaN,NaN,NaN
9,NaN,NaN,NaN,NaN,NaN,NaN,NaN,NaN
10,NaN,NaN,NaN,NaN,NaN,NaN,NaN,NaN
11,NaN,NaN,NaN,NaN,NaN,NaN,NaN,NaN
1,NaN,NaN,NaN,NaN,NaN,NaN,NaN,NaN
2,NaN,NaN,NaN,NaN,NaN,NaN,NaN,NaN
3,NaN,NaN,NaN,NaN,NaN,NaN,NaN,NaN
4,NaN,NaN,NaN,NaN,NaN,NaN,NaN,NaN
5,NaN,NaN,NaN,NaN,NaN,NaN,NaN,NaN
6,NaN,NaN,NaN,NaN,NaN,NaN,NaN,NaN
7,NaN,NaN,NaN,NaN,NaN,NaN,NaN,NaN
8,NaN,NaN,NaN,NaN,NaN,NaN,NaN,NaN
9,NaN,NaN,NaN,NaN,NaN,NaN,NaN,NaN
10,NaN,NaN,NaN,NaN,NaN,NaN,NaN,NaN
11,NaN,NaN,NaN,NaN,NaN,NaN,NaN,NaN
1,NaN,NaN,NaN,NaN,NaN,NaN,NaN,NaN
2,NaN,NaN,NaN,NaN,NaN,NaN,NaN,NaN
3,NaN,NaN,NaN,NaN,NaN,NaN,NaN,NaN
4,NaN,NaN,NaN,NaN,NaN,NaN,NaN,NaN
5,NaN,NaN,NaN,NaN,NaN,NaN,NaN,NaN
6,NaN,NaN,NaN,NaN,NaN,NaN,NaN,NaN
7,NaN,NaN,NaN,NaN,NaN,NaN,NaN,NaN
8,NaN,NaN,NaN,NaN,NaN,NaN,NaN,NaN
9,NaN,NaN,NaN,NaN,NaN,NaN,NaN,NaN
10,NaN,NaN,NaN,NaN,NaN,NaN,NaN,NaN
11,NaN,NaN,NaN,NaN,NaN,NaN,NaN,NaN
1,NaN,NaN,NaN,NaN,NaN,NaN,NaN,NaN
2,NaN,NaN,NaN,NaN,NaN,NaN,NaN,NaN
3,NaN,NaN,NaN,NaN,NaN,NaN,NaN,NaN
4,NaN,NaN,NaN,NaN,NaN,NaN,NaN,NaN
5,NaN,NaN,NaN,NaN,NaN,NaN,NaN,NaN
6,NaN,NaN,NaN,NaN,NaN,NaN,NaN,NaN
7,NaN,NaN,NaN,NaN,NaN,NaN,NaN,NaN
8,NaN,NaN,NaN,NaN,NaN,NaN,NaN,NaN
9,NaN,NaN,NaN,NaN,NaN,NaN,NaN,NaN
10,NaN,NaN,NaN,NaN,NaN,NaN,NaN,NaN
11,NaN,NaN,NaN,NaN,NaN,NaN,NaN,NaN
1,NaN,NaN,NaN,NaN,NaN,NaN,NaN,NaN
2,NaN,NaN,NaN,NaN,NaN,NaN,NaN,NaN
3,NaN,NaN,NaN,NaN,NaN,NaN,NaN,NaN
4,NaN,NaN,NaN,NaN,NaN,NaN,NaN,NaN
5,NaN,NaN,NaN,NaN,NaN,NaN,NaN,NaN
6,NaN,NaN,NaN,NaN,NaN,NaN,NaN,NaN
7,NaN,NaN,NaN,NaN,NaN,NaN,NaN,NaN
8,NaN,NaN,NaN,NaN,NaN,NaN,NaN,NaN
9,NaN,NaN,NaN,NaN,NaN,NaN,NaN,NaN
10,NaN,NaN,NaN,NaN,NaN,NaN,NaN,NaN
11,NaN,NaN,NaN,NaN,NaN,NaN,NaN,NaN
1,NaN,NaN,NaN,NaN,NaN,NaN,NaN,NaN
2,NaN,NaN,NaN,NaN,NaN,NaN,NaN,NaN
3,NaN,NaN,NaN,NaN,NaN,NaN,NaN,NaN
4,NaN,NaN,NaN,NaN,NaN,NaN,NaN,NaN
5,NaN,NaN,NaN,NaN,NaN,NaN,NaN,NaN
6,NaN,NaN,NaN,NaN,NaN,NaN,NaN,NaN
7,NaN,NaN,NaN,NaN,NaN,NaN,NaN,NaN
8,NaN,NaN,NaN,NaN,NaN,NaN,NaN,NaN
9,NaN,NaN,NaN,NaN,NaN,NaN,NaN,NaN
10,NaN,NaN,NaN,NaN,NaN,NaN,NaN,NaN
11,NaN,NaN,NaN,NaN,NaN,NaN,NaN,NaN
1,NaN,NaN,NaN,NaN,NaN,NaN,NaN,NaN
2,NaN,NaN,NaN,NaN,NaN,NaN,NaN,NaN
3,NaN,NaN,NaN,NaN,NaN,NaN,NaN,NaN
4,NaN,NaN,NaN,NaN,NaN,NaN,NaN,NaN
5,NaN,NaN,NaN,NaN,NaN,NaN,NaN,NaN
6,NaN,NaN,NaN,NaN,NaN,NaN,NaN,NaN
7,NaN,NaN,NaN,NaN,NaN,NaN,NaN,NaN
8,NaN,NaN,NaN,NaN,NaN,NaN,NaN,NaN
9,NaN,NaN,NaN,NaN,NaN,NaN,NaN,NaN
10,NaN,NaN,NaN,NaN,NaN,NaN,NaN,NaN
11,NaN,NaN,NaN,NaN,NaN,NaN,NaN,NaN
1,NaN,NaN,NaN,NaN,NaN,NaN,NaN,NaN
2,NaN,NaN,NaN,NaN,NaN,NaN,NaN,NaN
3,NaN,NaN,NaN,NaN,NaN,NaN,NaN,NaN
4,NaN,NaN,NaN,NaN,NaN,NaN,NaN,NaN
5,NaN,NaN,NaN,NaN,NaN,NaN,NaN,NaN
6,NaN,NaN,NaN,NaN,NaN,NaN,NaN,NaN
7,NaN,NaN,NaN,NaN,NaN,NaN,NaN,NaN
8,NaN,NaN,NaN,NaN,NaN,NaN,NaN,NaN
9,NaN,NaN,NaN,NaN,NaN,NaN,NaN,NaN
10,NaN,NaN,NaN,NaN,NaN,NaN,NaN,NaN
11,NaN,NaN,NaN,NaN,NaN,NaN,NaN,NaN
1,NaN,NaN,NaN,NaN,NaN,NaN,NaN,NaN
2,NaN,NaN,NaN,NaN,NaN,NaN,NaN,NaN
3,NaN,NaN,NaN,NaN,NaN,NaN,NaN,NaN
4,NaN,NaN,NaN,NaN,NaN,NaN,NaN,NaN
5,NaN,NaN,NaN,NaN,NaN,NaN,NaN,NaN
6,NaN,NaN,NaN,NaN,NaN,NaN,NaN,NaN
7,NaN,NaN,NaN,NaN,NaN,NaN,NaN,NaN
8,NaN,NaN,NaN,NaN,NaN,NaN,NaN,NaN
9,NaN,NaN,NaN,NaN,NaN,NaN,NaN,NaN
10,NaN,NaN,NaN,NaN,NaN,NaN,NaN,NaN
11,NaN,NaN,NaN,NaN,NaN,NaN,NaN,NaN
1,NaN,NaN,NaN,NaN,NaN,NaN,NaN,NaN
2,NaN,NaN,NaN,NaN,NaN,NaN,NaN,NaN
3,NaN,NaN,NaN,NaN,NaN,NaN,NaN,NaN
4,NaN,NaN,NaN,NaN,NaN,NaN,NaN,NaN
5,NaN,NaN,NaN,NaN,NaN,NaN,NaN,NaN
6,NaN,NaN,NaN,NaN,NaN,NaN,NaN,NaN
7,NaN,NaN,NaN,NaN,NaN,NaN,NaN,NaN
8,NaN,NaN,NaN,NaN,NaN,NaN,NaN,NaN
9,NaN,NaN,NaN,NaN,NaN,NaN,NaN,NaN
10,NaN,NaN,NaN,NaN,NaN,NaN,NaN,NaN
11,NaN,NaN,NaN,NaN,NaN,NaN,NaN,NaN
1,NaN,NaN,NaN,NaN,NaN,NaN,NaN,NaN
2,NaN,NaN,NaN,NaN,NaN,NaN,NaN,NaN
3,NaN,NaN,NaN,NaN,NaN,NaN,NaN,NaN
4,NaN,NaN,NaN,NaN,NaN,NaN,NaN,NaN
5,NaN,NaN,NaN,NaN,NaN,NaN,NaN,NaN
6,NaN,NaN,NaN,NaN,NaN,NaN,NaN,NaN
7,NaN,NaN,NaN,NaN,NaN,NaN,NaN,NaN
8,NaN,NaN,NaN,NaN,NaN,NaN,NaN,NaN
9,NaN,NaN,NaN,NaN,NaN,NaN,NaN,NaN
10,NaN,NaN,NaN,NaN,NaN,NaN,NaN,NaN
11,NaN,NaN,NaN,NaN,NaN,NaN,NaN,NaN
1,NaN,NaN,NaN,NaN,NaN,NaN,NaN,NaN
2,NaN,NaN,NaN,NaN,NaN,NaN,NaN,NaN
3,NaN,NaN,NaN,NaN,NaN,NaN,NaN,NaN
4,NaN,NaN,NaN,NaN,NaN,NaN,NaN,NaN
5,NaN,NaN,NaN,NaN,NaN,NaN,NaN,NaN
6,NaN,NaN,NaN,NaN,NaN,NaN,NaN,NaN
7,NaN,NaN,NaN,NaN,NaN,NaN,NaN,NaN
8,NaN,NaN,NaN,NaN,NaN,NaN,NaN,NaN
9,NaN,NaN,NaN,NaN,NaN,NaN,NaN,NaN
10,NaN,NaN,NaN,NaN,NaN,NaN,NaN,NaN
11,NaN,NaN,NaN,NaN,NaN,NaN,NaN,NaN
1,NaN,NaN,NaN,NaN,NaN,NaN,NaN,NaN
2,NaN,NaN,NaN,NaN,NaN,NaN,NaN,NaN
3,NaN,NaN,NaN,NaN,NaN,NaN,NaN,NaN
4,NaN,NaN,NaN,NaN,NaN,NaN,NaN,NaN
5,NaN,NaN,NaN,NaN,NaN,NaN,NaN,NaN
6,NaN,NaN,NaN,NaN,NaN,NaN,NaN,NaN
7,NaN,NaN,NaN,NaN,NaN,NaN,NaN,NaN
8,NaN,NaN,NaN,NaN,NaN,NaN,NaN,NaN
9,NaN,NaN,NaN,NaN,NaN,NaN,NaN,NaN
10,NaN,NaN,NaN,NaN,NaN,NaN,NaN,NaN
11,NaN,NaN,NaN,NaN,NaN,NaN,NaN,NaN
1,NaN,NaN,NaN,NaN,NaN,NaN,NaN,NaN
2,NaN,NaN,NaN,NaN,NaN,NaN,NaN,NaN
3,NaN,NaN,NaN,NaN,NaN,NaN,NaN,NaN
4,NaN,NaN,NaN,NaN,NaN,NaN,NaN,NaN
5,NaN,NaN,NaN,NaN,NaN,NaN,NaN,NaN
6,NaN,NaN,NaN,NaN,NaN,NaN,NaN,NaN
7,NaN,NaN,NaN,NaN,NaN,NaN,NaN,NaN
8,NaN,NaN,NaN,NaN,NaN,NaN,NaN,NaN
9,NaN,NaN,NaN,NaN,NaN,NaN,NaN,NaN
10,NaN,NaN,NaN,NaN,NaN,NaN,NaN,NaN
11,NaN,NaN,NaN,NaN,NaN,NaN,NaN,NaN
1,NaN,NaN,NaN,NaN,NaN,NaN,NaN,NaN
2,NaN,NaN,NaN,NaN,NaN,NaN,NaN,NaN
3,NaN,NaN,NaN,NaN,NaN,NaN,NaN,NaN
4,NaN,NaN,NaN,NaN,NaN,NaN,NaN,NaN
5,NaN,NaN,NaN,NaN,NaN,NaN,NaN,NaN
6,NaN,NaN,NaN,NaN,NaN,NaN,NaN,NaN
7,NaN,NaN,NaN,NaN,NaN,NaN,NaN,NaN
8,NaN,NaN,NaN,NaN,NaN,NaN,NaN,NaN
9,NaN,NaN,NaN,NaN,NaN,NaN,NaN,NaN
10,NaN,NaN,NaN,NaN,NaN,NaN,NaN,NaN
11,NaN,NaN,NaN,NaN,NaN,NaN,NaN,NaN
1,NaN,NaN,NaN,NaN,NaN,NaN,NaN,NaN
2,NaN,NaN,NaN,NaN,NaN,NaN,NaN,NaN
3,NaN,NaN,NaN,NaN,NaN,NaN,NaN,NaN
4,NaN,NaN,NaN,NaN,NaN,NaN,NaN,NaN
5,NaN,NaN,NaN,NaN,NaN,NaN,NaN,NaN
6,NaN,NaN,NaN,NaN,NaN,NaN,NaN,NaN
7,NaN,NaN,NaN,NaN,NaN,NaN,NaN,NaN
8,NaN,NaN,NaN,NaN,NaN,NaN,NaN,NaN
9,NaN,NaN,NaN,NaN,NaN,NaN,NaN,NaN
10,NaN,NaN,NaN,NaN,NaN,NaN,NaN,NaN
11,NaN,NaN,NaN,NaN,NaN,NaN,NaN,NaN
1,NaN,NaN,NaN,NaN,NaN,NaN,NaN,NaN
2,NaN,NaN,NaN,NaN,NaN,NaN,NaN,NaN
3,NaN,NaN,NaN,NaN,NaN,NaN,NaN,NaN
4,NaN,NaN,NaN,NaN,NaN,NaN,NaN,NaN
5,NaN,NaN,NaN,NaN,NaN,NaN,NaN,NaN
6,NaN,NaN,NaN,NaN,NaN,NaN,NaN,NaN
7,NaN,NaN,NaN,NaN,NaN,NaN,NaN,NaN
8,NaN,NaN,NaN,NaN,NaN,NaN,NaN,NaN
9,NaN,NaN,NaN,NaN,NaN,NaN,NaN,NaN
10,NaN,NaN,NaN,NaN,NaN,NaN,NaN,NaN
11,NaN,NaN,NaN,NaN,NaN,NaN,NaN,NaN
1,NaN,NaN,NaN,NaN,NaN,NaN,NaN,NaN
2,NaN,NaN,NaN,NaN,NaN,NaN,NaN,NaN
3,NaN,NaN,NaN,NaN,NaN,NaN,NaN,NaN
4,NaN,NaN,NaN,NaN,NaN,NaN,NaN,NaN
5,NaN,NaN,NaN,NaN,NaN,NaN,NaN,NaN
6,NaN,NaN,NaN,NaN,NaN,NaN,NaN,NaN
7,NaN,NaN,NaN,NaN,NaN,NaN,NaN,NaN
8,NaN,NaN,NaN,NaN,NaN,NaN,NaN,NaN
9,NaN,NaN,NaN,NaN,NaN,NaN,NaN,NaN
10,NaN,NaN,NaN,NaN,NaN,NaN,NaN,NaN
11,NaN,NaN,NaN,NaN,NaN,NaN,NaN,NaN
1,NaN,NaN,NaN,NaN,NaN,NaN,NaN,NaN
2,NaN,NaN,NaN,NaN,NaN,NaN,NaN,NaN
3,NaN,NaN,NaN,NaN,NaN,NaN,NaN,NaN
4,NaN,NaN,NaN,NaN,NaN,NaN,NaN,NaN
5,NaN,NaN,NaN,NaN,NaN,NaN,NaN,NaN
6,NaN,NaN,NaN,NaN,NaN,NaN,NaN,NaN
7,NaN,NaN,NaN,NaN,NaN,NaN,NaN,NaN
8,NaN,NaN,NaN,NaN,NaN,NaN,NaN,NaN
9,NaN,NaN,NaN,NaN,NaN,NaN,NaN,NaN
10,NaN,NaN,NaN,NaN,NaN,NaN,NaN,NaN
11,NaN,NaN,NaN,NaN,NaN,NaN,NaN,NaN
1,NaN,NaN,NaN,NaN,NaN,NaN,NaN,NaN
2,NaN,NaN,NaN,NaN,NaN,NaN,NaN,NaN
3,NaN,NaN,NaN,NaN,NaN,NaN,NaN,NaN
4,NaN,NaN,NaN,NaN,NaN,NaN,NaN,NaN
5,NaN,NaN,NaN,NaN,NaN,NaN,NaN,NaN
6,NaN,NaN,NaN,NaN,NaN,NaN,NaN,NaN
7,NaN,NaN,NaN,NaN,NaN,NaN,NaN,NaN
8,NaN,NaN,NaN,NaN,NaN,NaN,NaN,NaN
9,NaN,NaN,NaN,NaN,NaN,NaN,NaN,NaN
10,NaN,NaN,NaN,NaN,NaN,NaN,NaN,NaN
11,NaN,NaN,NaN,NaN,NaN,NaN,NaN,NaN
1,NaN,NaN,NaN,NaN,NaN,NaN,NaN,NaN
2,NaN,NaN,NaN,NaN,NaN,NaN,NaN,NaN
3,NaN,NaN,NaN,NaN,NaN,NaN,NaN,NaN
4,NaN,NaN,NaN,NaN,NaN,NaN,NaN,NaN
5,NaN,NaN,NaN,NaN,NaN,NaN,NaN,NaN
6,NaN,NaN,NaN,NaN,NaN,NaN,NaN,NaN
7,NaN,NaN,NaN,NaN,NaN,NaN,NaN,NaN
8,NaN,NaN,NaN,NaN,NaN,NaN,NaN,NaN
9,NaN,NaN,NaN,NaN,NaN,NaN,NaN,NaN
10,NaN,NaN,NaN,NaN,NaN,NaN,NaN,NaN
11,NaN,NaN,NaN,NaN,NaN,NaN,NaN,NaN
1,NaN,NaN,NaN,NaN,NaN,NaN,NaN,NaN
2,NaN,NaN,NaN,NaN,NaN,NaN,NaN,NaN
3,NaN,NaN,NaN,NaN,NaN,NaN,NaN,NaN
4,NaN,NaN,NaN,NaN,NaN,NaN,NaN,NaN
5,NaN,NaN,NaN,NaN,NaN,NaN,NaN,NaN
6,NaN,NaN,NaN,NaN,NaN,NaN,NaN,NaN
7,NaN,NaN,NaN,NaN,NaN,NaN,NaN,NaN
8,NaN,NaN,NaN,NaN,NaN,NaN,NaN,NaN
9,NaN,NaN,NaN,NaN,NaN,NaN,NaN,NaN
10,NaN,NaN,NaN,NaN,NaN,NaN,NaN,NaN
11,NaN,NaN,NaN,NaN,NaN,NaN,NaN,NaN
1,NaN,NaN,NaN,NaN,NaN,NaN,NaN,NaN
2,NaN,NaN,NaN,NaN,NaN,NaN,NaN,NaN
3,NaN,NaN,NaN,NaN,NaN,NaN,NaN,NaN
4,NaN,NaN,NaN,NaN,NaN,NaN,NaN,NaN
5,NaN,NaN,NaN,NaN,NaN,NaN,NaN,NaN
6,NaN,NaN,NaN,NaN,NaN,NaN,NaN,NaN
7,NaN,NaN,NaN,NaN,NaN,NaN,NaN,NaN
8,NaN,NaN,NaN,NaN,NaN,NaN,NaN,NaN
9,NaN,NaN,NaN,NaN,NaN,NaN,NaN,NaN
10,NaN,NaN,NaN,NaN,NaN,NaN,NaN,NaN
11,NaN,NaN,NaN,NaN,NaN,NaN,NaN,NaN
1,NaN,NaN,NaN,NaN,NaN,NaN,NaN,NaN
2,NaN,NaN,NaN,NaN,NaN,NaN,NaN,NaN
3,NaN,NaN,NaN,NaN,NaN,NaN,NaN,NaN
4,NaN,NaN,NaN,NaN,NaN,NaN,NaN,NaN
5,NaN,NaN,NaN,NaN,NaN,NaN,NaN,NaN
6,NaN,NaN,NaN,NaN,NaN,NaN,NaN,NaN
7,NaN,NaN,NaN,NaN,NaN,NaN,NaN,NaN
8,NaN,NaN,NaN,NaN,NaN,NaN,NaN,NaN
9,NaN,NaN,NaN,NaN,NaN,NaN,NaN,NaN
10,NaN,NaN,NaN,NaN,NaN,NaN,NaN,NaN
11,NaN,NaN,NaN,NaN,NaN,NaN,NaN,NaN
1,NaN,NaN,NaN,NaN,NaN,NaN,NaN,NaN
2,NaN,NaN,NaN,NaN,NaN,NaN,NaN,NaN
3,NaN,NaN,NaN,NaN,NaN,NaN,NaN,NaN
4,NaN,NaN,NaN,NaN,NaN,NaN,NaN,NaN
5,NaN,NaN,NaN,NaN,NaN,NaN,NaN,NaN
6,NaN,NaN,NaN,NaN,NaN,NaN,NaN,NaN
7,NaN,NaN,NaN,NaN,NaN,NaN,NaN,NaN
8,NaN,NaN,NaN,NaN,NaN,NaN,NaN,NaN
9,NaN,NaN,NaN,NaN,NaN,NaN,NaN,NaN
10,NaN,NaN,NaN,NaN,NaN,NaN,NaN,NaN
11,NaN,NaN,NaN,NaN,NaN,NaN,NaN,NaN
1,NaN,NaN,NaN,NaN,NaN,NaN,NaN,NaN
2,NaN,NaN,NaN,NaN,NaN,NaN,NaN,NaN
3,NaN,NaN,NaN,NaN,NaN,NaN,NaN,NaN
4,NaN,NaN,NaN,NaN,NaN,NaN,NaN,NaN
5,NaN,NaN,NaN,NaN,NaN,NaN,NaN,NaN
6,NaN,NaN,NaN,NaN,NaN,NaN,NaN,NaN
7,NaN,NaN,NaN,NaN,NaN,NaN,NaN,NaN
8,NaN,NaN,NaN,NaN,NaN,NaN,NaN,NaN
9,NaN,NaN,NaN,NaN,NaN,NaN,NaN,NaN
10,NaN,NaN,NaN,NaN,NaN,NaN,NaN,NaN
11,NaN,NaN,NaN,NaN,NaN,NaN,NaN,NaN
1,NaN,NaN,NaN,NaN,NaN,NaN,NaN,NaN
2,NaN,NaN,NaN,NaN,NaN,NaN,NaN,NaN
3,NaN,NaN,NaN,NaN,NaN,NaN,NaN,NaN
4,NaN,NaN,NaN,NaN,NaN,NaN,NaN,NaN
5,NaN,NaN,NaN,NaN,NaN,NaN,NaN,NaN
6,NaN,NaN,NaN,NaN,NaN,NaN,NaN,NaN
7,NaN,NaN,NaN,NaN,NaN,NaN,NaN,NaN
8,NaN,NaN,NaN,NaN,NaN,NaN,NaN,NaN
9,NaN,NaN,NaN,NaN,NaN,NaN,NaN,NaN
10,NaN,NaN,NaN,NaN,NaN,NaN,NaN,NaN
11,NaN,NaN,NaN,NaN,NaN,NaN,NaN,NaN
1,NaN,NaN,NaN,NaN,NaN,NaN,NaN,NaN
2,NaN,NaN,NaN,NaN,NaN,NaN,NaN,NaN
3,NaN,NaN,NaN,NaN,NaN,NaN,NaN,NaN
4,NaN,NaN,NaN,NaN,NaN,NaN,NaN,NaN
5,NaN,NaN,NaN,NaN,NaN,NaN,NaN,NaN
6,NaN,NaN,NaN,NaN,NaN,NaN,NaN,NaN
7,NaN,NaN,NaN,NaN,NaN,NaN,NaN,NaN
8,NaN,NaN,NaN,NaN,NaN,NaN,NaN,NaN
9,NaN,NaN,NaN,NaN,NaN,NaN,NaN,NaN
10,NaN,NaN,NaN,NaN,NaN,NaN,NaN,NaN
11,NaN,NaN,NaN,NaN,NaN,NaN,NaN,NaN
1,NaN,NaN,NaN,NaN,NaN,NaN,NaN,NaN
2,NaN,NaN,NaN,NaN,NaN,NaN,NaN,NaN
3,NaN,NaN,NaN,NaN,NaN,NaN,NaN,NaN
4,NaN,NaN,NaN,NaN,NaN,NaN,NaN,NaN
5,NaN,NaN,NaN,NaN,NaN,NaN,NaN,NaN
6,NaN,NaN,NaN,NaN,NaN,NaN,NaN,NaN
7,NaN,NaN,NaN,NaN,NaN,NaN,NaN,NaN
8,NaN,NaN,NaN,NaN,NaN,NaN,NaN,NaN
9,NaN,NaN,NaN,NaN,NaN,NaN,NaN,NaN
10,NaN,NaN,NaN,NaN,NaN,NaN,NaN,NaN
11,NaN,NaN,NaN,NaN,NaN,NaN,NaN,NaN
1,NaN,NaN,NaN,NaN,NaN,NaN,NaN,NaN
2,NaN,NaN,NaN,NaN,NaN,NaN,NaN,NaN
3,NaN,NaN,NaN,NaN,NaN,NaN,NaN,NaN
4,NaN,NaN,NaN,NaN,NaN,NaN,NaN,NaN
5,NaN,NaN,NaN,NaN,NaN,NaN,NaN,NaN
6,NaN,NaN,NaN,NaN,NaN,NaN,NaN,NaN
7,NaN,NaN,NaN,NaN,NaN,NaN,NaN,NaN
8,NaN,NaN,NaN,NaN,NaN,NaN,NaN,NaN
9,NaN,NaN,NaN,NaN,NaN,NaN,NaN,NaN
10,NaN,NaN,NaN,NaN,NaN,NaN,NaN,NaN
11,NaN,NaN,NaN,NaN,NaN,NaN,NaN,NaN
1,NaN,NaN,NaN,NaN,NaN,NaN,NaN,NaN
2,NaN,NaN,NaN,NaN,NaN,NaN,NaN,NaN
3,NaN,NaN,NaN,NaN,NaN,NaN,NaN,NaN
4,NaN,NaN,NaN,NaN,NaN,NaN,NaN,NaN
5,NaN,NaN,NaN,NaN,NaN,NaN,NaN,NaN
6,NaN,NaN,NaN,NaN,NaN,NaN,NaN,NaN
7,NaN,NaN,NaN,NaN,NaN,NaN,NaN,NaN
8,NaN,NaN,NaN,NaN,NaN,NaN,NaN,NaN
9,NaN,NaN,NaN,NaN,NaN,NaN,NaN,NaN
10,NaN,NaN,NaN,NaN,NaN,NaN,NaN,NaN
11,NaN,NaN,NaN,NaN,NaN,NaN,NaN,NaN
1,NaN,NaN,NaN,NaN,NaN,NaN,NaN,NaN
2,NaN,NaN,NaN,NaN,NaN,NaN,NaN,NaN
3,NaN,NaN,NaN,NaN,NaN,NaN,NaN,NaN
4,NaN,NaN,NaN,NaN,NaN,NaN,NaN,NaN
5,NaN,NaN,NaN,NaN,NaN,NaN,NaN,NaN
6,NaN,NaN,NaN,NaN,NaN,NaN,NaN,NaN
7,NaN,NaN,NaN,NaN,NaN,NaN,NaN,NaN
8,NaN,NaN,NaN,NaN,NaN,NaN,NaN,NaN
9,NaN,NaN,NaN,NaN,NaN,NaN,NaN,NaN
10,NaN,NaN,NaN,NaN,NaN,NaN,NaN,NaN
11,NaN,NaN,NaN,NaN,NaN,NaN,NaN,NaN
1,NaN,NaN,NaN,NaN,NaN,NaN,NaN,NaN
2,NaN,NaN,NaN,NaN,NaN,NaN,NaN,NaN
3,NaN,NaN,NaN,NaN,NaN,NaN,NaN,NaN
4,NaN,NaN,NaN,NaN,NaN,NaN,NaN,NaN
5,NaN,NaN,NaN,NaN,NaN,NaN,NaN,NaN
6,NaN,NaN,NaN,NaN,NaN,NaN,NaN,NaN
7,NaN,NaN,NaN,NaN,NaN,NaN,NaN,NaN
8,NaN,NaN,NaN,NaN,NaN,NaN,NaN,NaN
9,NaN,NaN,NaN,NaN,NaN,NaN,NaN,NaN
10,NaN,NaN,NaN,NaN,NaN,NaN,NaN,NaN
11,NaN,NaN,NaN,NaN,NaN,NaN,NaN,NaN
1,NaN,NaN,NaN,NaN,NaN,NaN,NaN,NaN
2,NaN,NaN,NaN,NaN,NaN,NaN,NaN,NaN
3,NaN,NaN,NaN,NaN,NaN,NaN,NaN,NaN
4,NaN,NaN,NaN,NaN,NaN,NaN,NaN,NaN
5,NaN,NaN,NaN,NaN,NaN,NaN,NaN,NaN
6,NaN,NaN,NaN,NaN,NaN,NaN,NaN,NaN
7,NaN,NaN,NaN,NaN,NaN,NaN,NaN,NaN
8,NaN,NaN,NaN,NaN,NaN,NaN,NaN,NaN
9,NaN,NaN,NaN,NaN,NaN,NaN,NaN,NaN
10,NaN,NaN,NaN,NaN,NaN,NaN,NaN,NaN
11,NaN,NaN,NaN,NaN,NaN,NaN,NaN,NaN
1,NaN,NaN,NaN,NaN,NaN,NaN,NaN,NaN
2,NaN,NaN,NaN,NaN,NaN,NaN,NaN,NaN
3,NaN,NaN,NaN,NaN,NaN,NaN,NaN,NaN
4,NaN,NaN,NaN,NaN,NaN,NaN,NaN,NaN
5,NaN,NaN,NaN,NaN,NaN,NaN,NaN,NaN
6,NaN,NaN,NaN,NaN,NaN,NaN,NaN,NaN
7,NaN,NaN,NaN,NaN,NaN,NaN,NaN,NaN
8,NaN,NaN,NaN,NaN,NaN,NaN,NaN,NaN
9,NaN,NaN,NaN,NaN,NaN,NaN,NaN,NaN
10,NaN,NaN,NaN,NaN,NaN,NaN,NaN,NaN
11,NaN,NaN,NaN,NaN,NaN,NaN,NaN,NaN
1,NaN,NaN,NaN,NaN,NaN,NaN,NaN,NaN
2,NaN,NaN,NaN,NaN,NaN,NaN,NaN,NaN
3,NaN,NaN,NaN,NaN,NaN,NaN,NaN,NaN
4,NaN,NaN,NaN,NaN,NaN,NaN,NaN,NaN
5,NaN,NaN,NaN,NaN,NaN,NaN,NaN,NaN
6,NaN,NaN,NaN,NaN,NaN,NaN,NaN,NaN
7,NaN,NaN,NaN,NaN,NaN,NaN,NaN,NaN
8,NaN,NaN,NaN,NaN,NaN,NaN,NaN,NaN
9,NaN,NaN,NaN,NaN,NaN,NaN,NaN,NaN
10,NaN,NaN,NaN,NaN,NaN,NaN,NaN,NaN
11,NaN,NaN,NaN,NaN,NaN,NaN,NaN,NaN
1,NaN,NaN,NaN,NaN,NaN,NaN,NaN,NaN
2,NaN,NaN,NaN,NaN,NaN,NaN,NaN,NaN
3,NaN,NaN,NaN,NaN,NaN,NaN,NaN,NaN
4,NaN,NaN,NaN,NaN,NaN,NaN,NaN,NaN
5,NaN,NaN,NaN,NaN,NaN,NaN,NaN,NaN
6,NaN,NaN,NaN,NaN,NaN,NaN,NaN,NaN
7,NaN,NaN,NaN,NaN,NaN,NaN,NaN,NaN
8,NaN,NaN,NaN,NaN,NaN,NaN,NaN,NaN
9,NaN,NaN,NaN,NaN,NaN,NaN,NaN,NaN
10,NaN,NaN,NaN,NaN,NaN,NaN,NaN,NaN
11,NaN,NaN,NaN,NaN,NaN,NaN,NaN,NaN
1,NaN,NaN,NaN,NaN,NaN,NaN,NaN,NaN
2,NaN,NaN,NaN,NaN,NaN,NaN,NaN,NaN
3,NaN,NaN,NaN,NaN,NaN,NaN,NaN,NaN
4,NaN,NaN,NaN,NaN,NaN,NaN,NaN,NaN
5,NaN,NaN,NaN,NaN,NaN,NaN,NaN,NaN
6,NaN,NaN,NaN,NaN,NaN,NaN,NaN,NaN
7,NaN,NaN,NaN,NaN,NaN,NaN,NaN,NaN
8,NaN,NaN,NaN,NaN,NaN,NaN,NaN,NaN
9,NaN,NaN,NaN,NaN,NaN,NaN,NaN,NaN
10,NaN,NaN,NaN,NaN,NaN,NaN,NaN,NaN
11,NaN,NaN,NaN,NaN,NaN,NaN,NaN,NaN
1,NaN,NaN,NaN,NaN,NaN,NaN,NaN,NaN
2,NaN,NaN,NaN,NaN,NaN,NaN,NaN,NaN
3,NaN,NaN,NaN,NaN,NaN,NaN,NaN,NaN
4,NaN,NaN,NaN,NaN,NaN,NaN,NaN,NaN
5,NaN,NaN,NaN,NaN,NaN,NaN,NaN,NaN
6,NaN,NaN,NaN,NaN,NaN,NaN,NaN,NaN
7,NaN,NaN,NaN,NaN,NaN,NaN,NaN,NaN
8,NaN,NaN,NaN,NaN,NaN,NaN,NaN,NaN
9,NaN,NaN,NaN,NaN,NaN,NaN,NaN,NaN
10,NaN,NaN,NaN,NaN,NaN,NaN,NaN,NaN
11,NaN,NaN,NaN,NaN,NaN,NaN,NaN,NaN
1,NaN,NaN,NaN,NaN,NaN,NaN,NaN,NaN
2,NaN,NaN,NaN,NaN,NaN,NaN,NaN,NaN
3,NaN,NaN,NaN,NaN,NaN,NaN,NaN,NaN
4,NaN,NaN,NaN,NaN,NaN,NaN,NaN,NaN
5,NaN,NaN,NaN,NaN,NaN,NaN,NaN,NaN
6,NaN,NaN,NaN,NaN,NaN,NaN,NaN,NaN
7,NaN,NaN,NaN,NaN,NaN,NaN,NaN,NaN
8,NaN,NaN,NaN,NaN,NaN,NaN,NaN,NaN
9,NaN,NaN,NaN,NaN,NaN,NaN,NaN,NaN
10,NaN,NaN,NaN,NaN,NaN,NaN,NaN,NaN
11,NaN,NaN,NaN,NaN,NaN,NaN,NaN,NaN
1,NaN,NaN,NaN,NaN,NaN,NaN,NaN,NaN
2,NaN,NaN,NaN,NaN,NaN,NaN,NaN,NaN
3,NaN,NaN,NaN,NaN,NaN,NaN,NaN,NaN
4,NaN,NaN,NaN,NaN,NaN,NaN,NaN,NaN
5,NaN,NaN,NaN,NaN,NaN,NaN,NaN,NaN
6,NaN,NaN,NaN,NaN,NaN,NaN,NaN,NaN
7,NaN,NaN,NaN,NaN,NaN,NaN,NaN,NaN
8,NaN,NaN,NaN,NaN,NaN,NaN,NaN,NaN
9,NaN,NaN,NaN,NaN,NaN,NaN,NaN,NaN
10,NaN,NaN,NaN,NaN,NaN,NaN,NaN,NaN
11,NaN,NaN,NaN,NaN,NaN,NaN,NaN,NaN
1,NaN,NaN,NaN,NaN,NaN,NaN,NaN,NaN
2,NaN,NaN,NaN,NaN,NaN,NaN,NaN,NaN
3,NaN,NaN,NaN,NaN,NaN,NaN,NaN,NaN
4,NaN,NaN,NaN,NaN,NaN,NaN,NaN,NaN
5,NaN,NaN,NaN,NaN,NaN,NaN,NaN,NaN
6,NaN,NaN,NaN,NaN,NaN,NaN,NaN,NaN
7,NaN,NaN,NaN,NaN,NaN,NaN,NaN,NaN
8,NaN,NaN,NaN,NaN,NaN,NaN,NaN,NaN
9,NaN,NaN,NaN,NaN,NaN,NaN,NaN,NaN
10,NaN,NaN,NaN,NaN,NaN,NaN,NaN,NaN
11,NaN,NaN,NaN,NaN,NaN,NaN,NaN,NaN
1,NaN,NaN,NaN,NaN,NaN,NaN,NaN,NaN
2,NaN,NaN,NaN,NaN,NaN,NaN,NaN,NaN
3,NaN,NaN,NaN,NaN,NaN,NaN,NaN,NaN
4,NaN,NaN,NaN,NaN,NaN,NaN,NaN,NaN
5,NaN,NaN,NaN,NaN,NaN,NaN,NaN,NaN
6,NaN,NaN,NaN,NaN,NaN,NaN,NaN,NaN
7,NaN,NaN,NaN,NaN,NaN,NaN,NaN,NaN
8,NaN,NaN,NaN,NaN,NaN,NaN,NaN,NaN
9,NaN,NaN,NaN,NaN,NaN,NaN,NaN,NaN
10,NaN,NaN,NaN,NaN,NaN,NaN,NaN,NaN
11,NaN,NaN,NaN,NaN,NaN,NaN,NaN,NaN
1,NaN,NaN,NaN,NaN,NaN,NaN,NaN,NaN
2,NaN,NaN,NaN,NaN,NaN,NaN,NaN,NaN
3,NaN,NaN,NaN,NaN,NaN,NaN,NaN,NaN
4,NaN,NaN,NaN,NaN,NaN,NaN,NaN,NaN
5,NaN,NaN,NaN,NaN,NaN,NaN,NaN,NaN
6,NaN,NaN,NaN,NaN,NaN,NaN,NaN,NaN
7,NaN,NaN,NaN,NaN,NaN,NaN,NaN,NaN
8,NaN,NaN,NaN,NaN,NaN,NaN,NaN,NaN
9,NaN,NaN,NaN,NaN,NaN,NaN,NaN,NaN
10,NaN,NaN,NaN,NaN,NaN,NaN,NaN,NaN
11,NaN,NaN,NaN,NaN,NaN,NaN,NaN,NaN
1,NaN,NaN,NaN,NaN,NaN,NaN,NaN,NaN
2,NaN,NaN,NaN,NaN,NaN,NaN,NaN,NaN
3,NaN,NaN,NaN,NaN,NaN,NaN,NaN,NaN
4,NaN,NaN,NaN,NaN,NaN,NaN,NaN,NaN
5,NaN,NaN,NaN,NaN,NaN,NaN,NaN,NaN
6,NaN,NaN,NaN,NaN,NaN,NaN,NaN,NaN
7,NaN,NaN,NaN,NaN,NaN,NaN,NaN,NaN
8,NaN,NaN,NaN,NaN,NaN,NaN,NaN,NaN
9,NaN,NaN,NaN,NaN,NaN,NaN,NaN,NaN
10,NaN,NaN,NaN,NaN,NaN,NaN,NaN,NaN
11,NaN,NaN,NaN,NaN,NaN,NaN,NaN,NaN
1,NaN,NaN,NaN,NaN,NaN,NaN,NaN,NaN
2,NaN,NaN,NaN,NaN,NaN,NaN,NaN,NaN
3,NaN,NaN,NaN,NaN,NaN,NaN,NaN,NaN
4,NaN,NaN,NaN,NaN,NaN,NaN,NaN,NaN
5,NaN,NaN,NaN,NaN,NaN,NaN,NaN,NaN
6,NaN,NaN,NaN,NaN,NaN,NaN,NaN,NaN
7,NaN,NaN,NaN,NaN,NaN,NaN,NaN,NaN
8,NaN,NaN,NaN,NaN,NaN,NaN,NaN,NaN
9,NaN,NaN,NaN,NaN,NaN,NaN,NaN,NaN
10,NaN,NaN,NaN,NaN,NaN,NaN,NaN,NaN
11,NaN,NaN,NaN,NaN,NaN,NaN,NaN,NaN
1,NaN,NaN,NaN,NaN,NaN,NaN,NaN,NaN
2,NaN,NaN,NaN,NaN,NaN,NaN,NaN,NaN
3,NaN,NaN,NaN,NaN,NaN,NaN,NaN,NaN
4,NaN,NaN,NaN,NaN,NaN,NaN,NaN,NaN
5,NaN,NaN,NaN,NaN,NaN,NaN,NaN,NaN
6,NaN,NaN,NaN,NaN,NaN,NaN,NaN,NaN
7,NaN,NaN,NaN,NaN,NaN,NaN,NaN,NaN
8,NaN,NaN,NaN,NaN,NaN,NaN,NaN,NaN
9,NaN,NaN,NaN,NaN,NaN,NaN,NaN,NaN
10,NaN,NaN,NaN,NaN,NaN,NaN,NaN,NaN
11,NaN,NaN,NaN,NaN,NaN,NaN,NaN,NaN
1,NaN,NaN,NaN,NaN,NaN,NaN,NaN,NaN
2,NaN,NaN,NaN,NaN,NaN,NaN,NaN,NaN
3,NaN,NaN,NaN,NaN,NaN,NaN,NaN,NaN
4,NaN,NaN,NaN,NaN,NaN,NaN,NaN,NaN
5,NaN,NaN,NaN,NaN,NaN,NaN,NaN,NaN
6,NaN,NaN,NaN,NaN,NaN,NaN,NaN,NaN
7,NaN,NaN,NaN,NaN,NaN,NaN,NaN,NaN
8,NaN,NaN,NaN,NaN,NaN,NaN,NaN,NaN
9,NaN,NaN,NaN,NaN,NaN,NaN,NaN,NaN
10,NaN,NaN,NaN,NaN,NaN,NaN,NaN,NaN
11,NaN,NaN,NaN,NaN,NaN,NaN,NaN,NaN
1,NaN,NaN,NaN,NaN,NaN,NaN,NaN,NaN
2,NaN,NaN,NaN,NaN,NaN,NaN,NaN,NaN
3,NaN,NaN,NaN,NaN,NaN,NaN,NaN,NaN
4,NaN,NaN,NaN,NaN,NaN,NaN,NaN,NaN
5,NaN,NaN,NaN,NaN,NaN,NaN,NaN,NaN
6,NaN,NaN,NaN,NaN,NaN,NaN,NaN,NaN
7,NaN,NaN,NaN,NaN,NaN,NaN,NaN,NaN
8,NaN,NaN,NaN,NaN,NaN,NaN,NaN,NaN
9,NaN,NaN,NaN,NaN,NaN,NaN,NaN,NaN
10,NaN,NaN,NaN,NaN,NaN,NaN,NaN,NaN
11,NaN,NaN,NaN,NaN,NaN,NaN,NaN,NaN
1,NaN,NaN,NaN,NaN,NaN,NaN,NaN,NaN
2,NaN,NaN,NaN,NaN,NaN,NaN,NaN,NaN
3,NaN,NaN,NaN,NaN,NaN,NaN,NaN,NaN
4,NaN,NaN,NaN,NaN,NaN,NaN,NaN,NaN
5,NaN,NaN,NaN,NaN,NaN,NaN,NaN,NaN
6,NaN,NaN,NaN,NaN,NaN,NaN,NaN,NaN
7,NaN,NaN,NaN,NaN,NaN,NaN,NaN,NaN
8,NaN,NaN,NaN,NaN,NaN,NaN,NaN,NaN
9,NaN,NaN,NaN,NaN,NaN,NaN,NaN,NaN
10,NaN,NaN,NaN,NaN,NaN,NaN,NaN,NaN
11,NaN,NaN,NaN,NaN,NaN,NaN,NaN,NaN
1,NaN,NaN,NaN,NaN,NaN,NaN,NaN,NaN
2,NaN,NaN,NaN,NaN,NaN,NaN,NaN,NaN
3,NaN,NaN,NaN,NaN,NaN,NaN,NaN,NaN
4,NaN,NaN,NaN,NaN,NaN,NaN,NaN,NaN
5,NaN,NaN,NaN,NaN,NaN,NaN,NaN,NaN
6,NaN,NaN,NaN,NaN,NaN,NaN,NaN,NaN
7,NaN,NaN,NaN,NaN,NaN,NaN,NaN,NaN
8,NaN,NaN,NaN,NaN,NaN,NaN,NaN,NaN
9,NaN,NaN,NaN,NaN,NaN,NaN,NaN,NaN
10,NaN,NaN,NaN,NaN,NaN,NaN,NaN,NaN
11,NaN,NaN,NaN,NaN,NaN,NaN,NaN,NaN
1,NaN,NaN,NaN,NaN,NaN,NaN,NaN,NaN
2,NaN,NaN,NaN,NaN,NaN,NaN,NaN,NaN
3,NaN,NaN,NaN,NaN,NaN,NaN,NaN,NaN
4,NaN,NaN,NaN,NaN,NaN,NaN,NaN,NaN
5,NaN,NaN,NaN,NaN,NaN,NaN,NaN,NaN
6,NaN,NaN,NaN,NaN,NaN,NaN,NaN,NaN
7,NaN,NaN,NaN,NaN,NaN,NaN,NaN,NaN
8,NaN,NaN,NaN,NaN,NaN,NaN,NaN,NaN
9,NaN,NaN,NaN,NaN,NaN,NaN,NaN,NaN
10,NaN,NaN,NaN,NaN,NaN,NaN,NaN,NaN
11,NaN,NaN,NaN,NaN,NaN,NaN,NaN,NaN
1,NaN,NaN,NaN,NaN,NaN,NaN,NaN,NaN
2,NaN,NaN,NaN,NaN,NaN,NaN,NaN,NaN
3,NaN,NaN,NaN,NaN,NaN,NaN,NaN,NaN
4,NaN,NaN,NaN,NaN,NaN,NaN,NaN,NaN
5,NaN,NaN,NaN,NaN,NaN,NaN,NaN,NaN
6,NaN,NaN,NaN,NaN,NaN,NaN,NaN,NaN
7,NaN,NaN,NaN,NaN,NaN,NaN,NaN,NaN
8,NaN,NaN,NaN,NaN,NaN,NaN,NaN,NaN
9,NaN,NaN,NaN,NaN,NaN,NaN,NaN,NaN
10,NaN,NaN,NaN,NaN,NaN,NaN,NaN,NaN
11,NaN,NaN,NaN,NaN,NaN,NaN,NaN,NaN
1,NaN,NaN,NaN,NaN,NaN,NaN,NaN,NaN
2,NaN,NaN,NaN,NaN,NaN,NaN,NaN,NaN
3,NaN,NaN,NaN,NaN,NaN,NaN,NaN,NaN
4,NaN,NaN,NaN,NaN,NaN,NaN,NaN,NaN
5,NaN,NaN,NaN,NaN,NaN,NaN,NaN,NaN
6,NaN,NaN,NaN,NaN,NaN,NaN,NaN,NaN
7,NaN,NaN,NaN,NaN,NaN,NaN,NaN,NaN
8,NaN,NaN,NaN,NaN,NaN,NaN,NaN,NaN
9,NaN,NaN,NaN,NaN,NaN,NaN,NaN,NaN
10,NaN,NaN,NaN,NaN,NaN,NaN,NaN,NaN
11,NaN,NaN,NaN,NaN,NaN,NaN,NaN,NaN
1,NaN,NaN,NaN,NaN,NaN,NaN,NaN,NaN
2,NaN,NaN,NaN,NaN,NaN,NaN,NaN,NaN
3,NaN,NaN,NaN,NaN,NaN,NaN,NaN,NaN
4,NaN,NaN,NaN,NaN,NaN,NaN,NaN,NaN
5,NaN,NaN,NaN,NaN,NaN,NaN,NaN,NaN
6,NaN,NaN,NaN,NaN,NaN,NaN,NaN,NaN
7,NaN,NaN,NaN,NaN,NaN,NaN,NaN,NaN
8,NaN,NaN,NaN,NaN,NaN,NaN,NaN,NaN
9,NaN,NaN,NaN,NaN,NaN,NaN,NaN,NaN
10,NaN,NaN,NaN,NaN,NaN,NaN,NaN,NaN
11,NaN,NaN,NaN,NaN,NaN,NaN,NaN,NaN
1,NaN,NaN,NaN,NaN,NaN,NaN,NaN,NaN
2,NaN,NaN,NaN,NaN,NaN,NaN,NaN,NaN
3,NaN,NaN,NaN,NaN,NaN,NaN,NaN,NaN
4,NaN,NaN,NaN,NaN,NaN,NaN,NaN,NaN
5,NaN,NaN,NaN,NaN,NaN,NaN,NaN,NaN
6,NaN,NaN,NaN,NaN,NaN,NaN,NaN,NaN
7,NaN,NaN,NaN,NaN,NaN,NaN,NaN,NaN
8,NaN,NaN,NaN,NaN,NaN,NaN,NaN,NaN
9,NaN,NaN,NaN,NaN,NaN,NaN,NaN,NaN
10,NaN,NaN,NaN,NaN,NaN,NaN,NaN,NaN
11,NaN,NaN,NaN,NaN,NaN,NaN,NaN,NaN
1,NaN,NaN,NaN,NaN,NaN,NaN,NaN,NaN
2,NaN,NaN,NaN,NaN,NaN,NaN,NaN,NaN
3,NaN,NaN,NaN,NaN,NaN,NaN,NaN,NaN
4,NaN,NaN,NaN,NaN,NaN,NaN,NaN,NaN
5,NaN,NaN,NaN,NaN,NaN,NaN,NaN,NaN
6,NaN,NaN,NaN,NaN,NaN,NaN,NaN,NaN
7,NaN,NaN,NaN,NaN,NaN,NaN,NaN,NaN
8,NaN,NaN,NaN,NaN,NaN,NaN,NaN,NaN
9,NaN,NaN,NaN,NaN,NaN,NaN,NaN,NaN
10,NaN,NaN,NaN,NaN,NaN,NaN,NaN,NaN
11,NaN,NaN,NaN,NaN,NaN,NaN,NaN,NaN
1,NaN,NaN,NaN,NaN,NaN,NaN,NaN,NaN
2,NaN,NaN,NaN,NaN,NaN,NaN,NaN,NaN
3,NaN,NaN,NaN,NaN,NaN,NaN,NaN,NaN
4,NaN,NaN,NaN,NaN,NaN,NaN,NaN,NaN
5,NaN,NaN,NaN,NaN,NaN,NaN,NaN,NaN
6,NaN,NaN,NaN,NaN,NaN,NaN,NaN,NaN
7,NaN,NaN,NaN,NaN,NaN,NaN,NaN,NaN
8,NaN,NaN,NaN,NaN,NaN,NaN,NaN,NaN
9,NaN,NaN,NaN,NaN,NaN,NaN,NaN,NaN
10,NaN,NaN,NaN,NaN,NaN,NaN,NaN,NaN
11,NaN,NaN,NaN,NaN,NaN,NaN,NaN,NaN
1,NaN,NaN,NaN,NaN,NaN,NaN,NaN,NaN
2,NaN,NaN,NaN,NaN,NaN,NaN,NaN,NaN
3,NaN,NaN,NaN,NaN,NaN,NaN,NaN,NaN
4,NaN,NaN,NaN,NaN,NaN,NaN,NaN,NaN
5,NaN,NaN,NaN,NaN,NaN,NaN,NaN,NaN
6,NaN,NaN,NaN,NaN,NaN,NaN,NaN,NaN
7,NaN,NaN,NaN,NaN,NaN,NaN,NaN,NaN
8,NaN,NaN,NaN,NaN,NaN,NaN,NaN,NaN
9,NaN,NaN,NaN,NaN,NaN,NaN,NaN,NaN
10,NaN,NaN,NaN,NaN,NaN,NaN,NaN,NaN
11,NaN,NaN,NaN,NaN,NaN,NaN,NaN,NaN
1,NaN,NaN,NaN,NaN,NaN,NaN,NaN,NaN
2,NaN,NaN,NaN,NaN,NaN,NaN,NaN,NaN
3,NaN,NaN,NaN,NaN,NaN,NaN,NaN,NaN
4,NaN,NaN,NaN,NaN,NaN,NaN,NaN,NaN
5,NaN,NaN,NaN,NaN,NaN,NaN,NaN,NaN
6,NaN,NaN,NaN,NaN,NaN,NaN,NaN,NaN
7,NaN,NaN,NaN,NaN,NaN,NaN,NaN,NaN
8,NaN,NaN,NaN,NaN,NaN,NaN,NaN,NaN
9,NaN,NaN,NaN,NaN,NaN,NaN,NaN,NaN
10,NaN,NaN,NaN,NaN,NaN,NaN,NaN,NaN
11,NaN,NaN,NaN,NaN,NaN,NaN,NaN,NaN
1,NaN,NaN,NaN,NaN,NaN,NaN,NaN,NaN
2,NaN,NaN,NaN,NaN,NaN,NaN,NaN,NaN
3,NaN,NaN,NaN,NaN,NaN,NaN,NaN,NaN
4,NaN,NaN,NaN,NaN,NaN,NaN,NaN,NaN
5,NaN,NaN,NaN,NaN,NaN,NaN,NaN,NaN
6,NaN,NaN,NaN,NaN,NaN,NaN,NaN,NaN
7,NaN,NaN,NaN,NaN,NaN,NaN,NaN,NaN
8,NaN,NaN,NaN,NaN,NaN,NaN,NaN,NaN
9,NaN,NaN,NaN,NaN,NaN,NaN,NaN,NaN
10,NaN,NaN,NaN,NaN,NaN,NaN,NaN,NaN
11,NaN,NaN,NaN,NaN,NaN,NaN,NaN,NaN
1,NaN,NaN,NaN,NaN,NaN,NaN,NaN,NaN
2,NaN,NaN,NaN,NaN,NaN,NaN,NaN,NaN
3,NaN,NaN,NaN,NaN,NaN,NaN,NaN,NaN
4,NaN,NaN,NaN,NaN,NaN,NaN,NaN,NaN
5,NaN,NaN,NaN,NaN,NaN,NaN,NaN,NaN
6,NaN,NaN,NaN,NaN,NaN,NaN,NaN,NaN
7,NaN,NaN,NaN,NaN,NaN,NaN,NaN,NaN
8,NaN,NaN,NaN,NaN,NaN,NaN,NaN,NaN
9,NaN,NaN,NaN,NaN,NaN,NaN,NaN,NaN
10,NaN,NaN,NaN,NaN,NaN,NaN,NaN,NaN
11,NaN,NaN,NaN,NaN,NaN,NaN,NaN,NaN
1,NaN,NaN,NaN,NaN,NaN,NaN,NaN,NaN
2,NaN,NaN,NaN,NaN,NaN,NaN,NaN,NaN
3,NaN,NaN,NaN,NaN,NaN,NaN,NaN,NaN
4,NaN,NaN,NaN,NaN,NaN,NaN,NaN,NaN
5,NaN,NaN,NaN,NaN,NaN,NaN,NaN,NaN
6,NaN,NaN,NaN,NaN,NaN,NaN,NaN,NaN
7,NaN,NaN,NaN,NaN,NaN,NaN,NaN,NaN
8,NaN,NaN,NaN,NaN,NaN,NaN,NaN,NaN
9,NaN,NaN,NaN,NaN,NaN,NaN,NaN,NaN
10,NaN,NaN,NaN,NaN,NaN,NaN,NaN,NaN
11,NaN,NaN,NaN,NaN,NaN,NaN,NaN,NaN
1,NaN,NaN,NaN,NaN,NaN,NaN,NaN,NaN
2,NaN,NaN,NaN,NaN,NaN,NaN,NaN,NaN
3,NaN,NaN,NaN,NaN,NaN,NaN,NaN,NaN
4,NaN,NaN,NaN,NaN,NaN,NaN,NaN,NaN
5,NaN,NaN,NaN,NaN,NaN,NaN,NaN,NaN
6,NaN,NaN,NaN,NaN,NaN,NaN,NaN,NaN
7,NaN,NaN,NaN,NaN,NaN,NaN,NaN,NaN
8,NaN,NaN,NaN,NaN,NaN,NaN,NaN,NaN
9,NaN,NaN,NaN,NaN,NaN,NaN,NaN,NaN
10,NaN,NaN,NaN,NaN,NaN,NaN,NaN,NaN
11,NaN,NaN,NaN,NaN,NaN,NaN,NaN,NaN
1,NaN,NaN,NaN,NaN,NaN,NaN,NaN,NaN
2,NaN,NaN,NaN,NaN,NaN,NaN,NaN,NaN
3,NaN,NaN,NaN,NaN,NaN,NaN,NaN,NaN
4,NaN,NaN,NaN,NaN,NaN,NaN,NaN,NaN
5,NaN,NaN,NaN,NaN,NaN,NaN,NaN,NaN
6,NaN,NaN,NaN,NaN,NaN,NaN,NaN,NaN
7,NaN,NaN,NaN,NaN,NaN,NaN,NaN,NaN
8,NaN,NaN,NaN,NaN,NaN,NaN,NaN,NaN
9,NaN,NaN,NaN,NaN,NaN,NaN,NaN,NaN
10,NaN,NaN,NaN,NaN,NaN,NaN,NaN,NaN
11,NaN,NaN,NaN,NaN,NaN,NaN,NaN,NaN
1,NaN,NaN,NaN,NaN,NaN,NaN,NaN,NaN
2,NaN,NaN,NaN,NaN,NaN,NaN,NaN,NaN
3,NaN,NaN,NaN,NaN,NaN,NaN,NaN,NaN
4,NaN,NaN,NaN,NaN,NaN,NaN,NaN,NaN
5,NaN,NaN,NaN,NaN,NaN,NaN,NaN,NaN
6,NaN,NaN,NaN,NaN,NaN,NaN,NaN,NaN
7,NaN,NaN,NaN,NaN,NaN,NaN,NaN,NaN
8,NaN,NaN,NaN,NaN,NaN,NaN,NaN,NaN
9,NaN,NaN,NaN,NaN,NaN,NaN,NaN,NaN
10,NaN,NaN,NaN,NaN,NaN,NaN,NaN,NaN
11,NaN,NaN,NaN,NaN,NaN,NaN,NaN,NaN
1,NaN,NaN,NaN,NaN,NaN,NaN,NaN,NaN
2,NaN,NaN,NaN,NaN,NaN,NaN,NaN,NaN
3,NaN,NaN,NaN,NaN,NaN,NaN,NaN,NaN
4,NaN,NaN,NaN,NaN,NaN,NaN,NaN,NaN
5,NaN,NaN,NaN,NaN,NaN,NaN,NaN,NaN
6,NaN,NaN,NaN,NaN,NaN,NaN,NaN,NaN
7,NaN,NaN,NaN,NaN,NaN,NaN,NaN,NaN
8,NaN,NaN,NaN,NaN,NaN,NaN,NaN,NaN
9,NaN,NaN,NaN,NaN,NaN,NaN,NaN,NaN
10,NaN,NaN,NaN,NaN,NaN,NaN,NaN,NaN
11,NaN,NaN,NaN,NaN,NaN,NaN,NaN,NaN
1,NaN,NaN,NaN,NaN,NaN,NaN,NaN,NaN
2,NaN,NaN,NaN,NaN,NaN,NaN,NaN,NaN
3,NaN,NaN,NaN,NaN,NaN,NaN,NaN,NaN
4,NaN,NaN,NaN,NaN,NaN,NaN,NaN,NaN
5,NaN,NaN,NaN,NaN,NaN,NaN,NaN,NaN
6,NaN,NaN,NaN,NaN,NaN,NaN,NaN,NaN
7,NaN,NaN,NaN,NaN,NaN,NaN,NaN,NaN
8,NaN,NaN,NaN,NaN,NaN,NaN,NaN,NaN
9,NaN,NaN,NaN,NaN,NaN,NaN,NaN,NaN
10,NaN,NaN,NaN,NaN,NaN,NaN,NaN,NaN
11,NaN,NaN,NaN,NaN,NaN,NaN,NaN,NaN
1,NaN,NaN,NaN,NaN,NaN,NaN,NaN,NaN
2,NaN,NaN,NaN,NaN,NaN,NaN,NaN,NaN
3,NaN,NaN,NaN,NaN,NaN,NaN,NaN,NaN
4,NaN,NaN,NaN,NaN,NaN,NaN,NaN,NaN
5,NaN,NaN,NaN,NaN,NaN,NaN,NaN,NaN
6,NaN,NaN,NaN,NaN,NaN,NaN,NaN,NaN
7,NaN,NaN,NaN,NaN,NaN,NaN,NaN,NaN
8,NaN,NaN,NaN,NaN,NaN,NaN,NaN,NaN
9,NaN,NaN,NaN,NaN,NaN,NaN,NaN,NaN
10,NaN,NaN,NaN,NaN,NaN,NaN,NaN,NaN
11,NaN,NaN,NaN,NaN,NaN,NaN,NaN,NaN
1,NaN,NaN,NaN,NaN,NaN,NaN,NaN,NaN
2,NaN,NaN,NaN,NaN,NaN,NaN,NaN,NaN
3,NaN,NaN,NaN,NaN,NaN,NaN,NaN,NaN
4,NaN,NaN,NaN,NaN,NaN,NaN,NaN,NaN
5,NaN,NaN,NaN,NaN,NaN,NaN,NaN,NaN
6,NaN,NaN,NaN,NaN,NaN,NaN,NaN,NaN
7,NaN,NaN,NaN,NaN,NaN,NaN,NaN,NaN
8,NaN,NaN,NaN,NaN,NaN,NaN,NaN,NaN
9,NaN,NaN,NaN,NaN,NaN,NaN,NaN,NaN
10,NaN,NaN,NaN,NaN,NaN,NaN,NaN,NaN
11,NaN,NaN,NaN,NaN,NaN,NaN,NaN,NaN
1,NaN,NaN,NaN,NaN,NaN,NaN,NaN,NaN
2,NaN,NaN,NaN,NaN,NaN,NaN,NaN,NaN
3,NaN,NaN,NaN,NaN,NaN,NaN,NaN,NaN
4,NaN,NaN,NaN,NaN,NaN,NaN,NaN,NaN
5,NaN,NaN,NaN,NaN,NaN,NaN,NaN,NaN
6,NaN,NaN,NaN,NaN,NaN,NaN,NaN,NaN
7,NaN,NaN,NaN,NaN,NaN,NaN,NaN,NaN
8,NaN,NaN,NaN,NaN,NaN,NaN,NaN,NaN
9,NaN,NaN,NaN,NaN,NaN,NaN,NaN,NaN
10,NaN,NaN,NaN,NaN,NaN,NaN,NaN,NaN
11,NaN,NaN,NaN,NaN,NaN,NaN,NaN,NaN
1,NaN,NaN,NaN,NaN,NaN,NaN,NaN,NaN
2,NaN,NaN,NaN,NaN,NaN,NaN,NaN,NaN
3,NaN,NaN,NaN,NaN,NaN,NaN,NaN,NaN
4,NaN,NaN,NaN,NaN,NaN,NaN,NaN,NaN
5,NaN,NaN,NaN,NaN,NaN,NaN,NaN,NaN
6,NaN,NaN,NaN,NaN,NaN,NaN,NaN,NaN
7,NaN,NaN,NaN,NaN,NaN,NaN,NaN,NaN
8,NaN,NaN,NaN,NaN,NaN,NaN,NaN,NaN
9,NaN,NaN,NaN,NaN,NaN,NaN,NaN,NaN
10,NaN,NaN,NaN,NaN,NaN,NaN,NaN,NaN
11,NaN,NaN,NaN,NaN,NaN,NaN,NaN,NaN
1,NaN,NaN,NaN,NaN,NaN,NaN,NaN,NaN
2,NaN,NaN,NaN,NaN,NaN,NaN,NaN,NaN
3,NaN,NaN,NaN,NaN,NaN,NaN,NaN,NaN
4,NaN,NaN,NaN,NaN,NaN,NaN,NaN,NaN
5,NaN,NaN,NaN,NaN,NaN,NaN,NaN,NaN
6,NaN,NaN,NaN,NaN,NaN,NaN,NaN,NaN
7,NaN,NaN,NaN,NaN,NaN,NaN,NaN,NaN
8,NaN,NaN,NaN,NaN,NaN,NaN,NaN,NaN
9,NaN,NaN,NaN,NaN,NaN,NaN,NaN,NaN
10,NaN,NaN,NaN,NaN,NaN,NaN,NaN,NaN
11,NaN,NaN,NaN,NaN,NaN,NaN,NaN,NaN
1,NaN,NaN,NaN,NaN,NaN,NaN,NaN,NaN
2,NaN,NaN,NaN,NaN,NaN,NaN,NaN,NaN
3,NaN,NaN,NaN,NaN,NaN,NaN,NaN,NaN
4,NaN,NaN,NaN,NaN,NaN,NaN,NaN,NaN
5,NaN,NaN,NaN,NaN,NaN,NaN,NaN,NaN
6,NaN,NaN,NaN,NaN,NaN,NaN,NaN,NaN
7,NaN,NaN,NaN,NaN,NaN,NaN,NaN,NaN
8,NaN,NaN,NaN,NaN,NaN,NaN,NaN,NaN
9,NaN,NaN,NaN,NaN,NaN,NaN,NaN,NaN
10,NaN,NaN,NaN,NaN,NaN,NaN,NaN,NaN
11,NaN,NaN,NaN,NaN,NaN,NaN,NaN,NaN
1,NaN,NaN,NaN,NaN,NaN,NaN,NaN,NaN
2,NaN,NaN,NaN,NaN,NaN,NaN,NaN,NaN
3,NaN,NaN,NaN,NaN,NaN,NaN,NaN,NaN
4,NaN,NaN,NaN,NaN,NaN,NaN,NaN,NaN
5,NaN,NaN,NaN,NaN,NaN,NaN,NaN,NaN
6,NaN,NaN,NaN,NaN,NaN,NaN,NaN,NaN
7,NaN,NaN,NaN,NaN,NaN,NaN,NaN,NaN
8,NaN,NaN,NaN,NaN,NaN,NaN,NaN,NaN
9,NaN,NaN,NaN,NaN,NaN,NaN,NaN,NaN
10,NaN,NaN,NaN,NaN,NaN,NaN,NaN,NaN
11,NaN,NaN,NaN,NaN,NaN,NaN,NaN,NaN
1,NaN,NaN,NaN,NaN,NaN,NaN,NaN,NaN
2,NaN,NaN,NaN,NaN,NaN,NaN,NaN,NaN
3,NaN,NaN,NaN,NaN,NaN,NaN,NaN,NaN
4,NaN,NaN,NaN,NaN,NaN,NaN,NaN,NaN
5,NaN,NaN,NaN,NaN,NaN,NaN,NaN,NaN
6,NaN,NaN,NaN,NaN,NaN,NaN,NaN,NaN
7,NaN,NaN,NaN,NaN,NaN,NaN,NaN,NaN
8,NaN,NaN,NaN,NaN,NaN,NaN,NaN,NaN
9,NaN,NaN,NaN,NaN,NaN,NaN,NaN,NaN
10,NaN,NaN,NaN,NaN,NaN,NaN,NaN,NaN
11,NaN,NaN,NaN,NaN,NaN,NaN,NaN,NaN
1,NaN,NaN,NaN,NaN,NaN,NaN,NaN,NaN
2,NaN,NaN,NaN,NaN,NaN,NaN,NaN,NaN
3,NaN,NaN,NaN,NaN,NaN,NaN,NaN,NaN
4,NaN,NaN,NaN,NaN,NaN,NaN,NaN,NaN
5,NaN,NaN,NaN,NaN,NaN,NaN,NaN,NaN
6,NaN,NaN,NaN,NaN,NaN,NaN,NaN,NaN
7,NaN,NaN,NaN,NaN,NaN,NaN,NaN,NaN
8,NaN,NaN,NaN,NaN,NaN,NaN,NaN,NaN
9,NaN,NaN,NaN,NaN,NaN,NaN,NaN,NaN
10,NaN,NaN,NaN,NaN,NaN,NaN,NaN,NaN
11,NaN,NaN,NaN,NaN,NaN,NaN,NaN,NaN
1,NaN,NaN,NaN,NaN,NaN,NaN,NaN,NaN
2,NaN,NaN,NaN,NaN,NaN,NaN,NaN,NaN
3,NaN,NaN,NaN,NaN,NaN,NaN,NaN,NaN
4,NaN,NaN,NaN,NaN,NaN,NaN,NaN,NaN
5,NaN,NaN,NaN,NaN,NaN,NaN,NaN,NaN
6,NaN,NaN,NaN,NaN,NaN,NaN,NaN,NaN
7,NaN,NaN,NaN,NaN,NaN,NaN,NaN,NaN
8,NaN,NaN,NaN,NaN,NaN,NaN,NaN,NaN
9,NaN,NaN,NaN,NaN,NaN,NaN,NaN,NaN
10,NaN,NaN,NaN,NaN,NaN,NaN,NaN,NaN
11,NaN,NaN,NaN,NaN,NaN,NaN,NaN,NaN
1,NaN,NaN,NaN,NaN,NaN,NaN,NaN,NaN
2,NaN,NaN,NaN,NaN,NaN,NaN,NaN,NaN
3,NaN,NaN,NaN,NaN,NaN,NaN,NaN,NaN
4,NaN,NaN,NaN,NaN,NaN,NaN,NaN,NaN
5,NaN,NaN,NaN,NaN,NaN,NaN,NaN,NaN
6,NaN,NaN,NaN,NaN,NaN,NaN,NaN,NaN
7,NaN,NaN,NaN,NaN,NaN,NaN,NaN,NaN
8,NaN,NaN,NaN,NaN,NaN,NaN,NaN,NaN
9,NaN,NaN,NaN,NaN,NaN,NaN,NaN,NaN
10,NaN,NaN,NaN,NaN,NaN,NaN,NaN,NaN
11,NaN,NaN,NaN,NaN,NaN,NaN,NaN,NaN
1,NaN,NaN,NaN,NaN,NaN,NaN,NaN,NaN
2,NaN,NaN,NaN,NaN,NaN,NaN,NaN,NaN
3,NaN,NaN,NaN,NaN,NaN,NaN,NaN,NaN
4,NaN,NaN,NaN,NaN,NaN,NaN,NaN,NaN
5,NaN,NaN,NaN,NaN,NaN,NaN,NaN,NaN
6,NaN,NaN,NaN,NaN,NaN,NaN,NaN,NaN
7,NaN,NaN,NaN,NaN,NaN,NaN,NaN,NaN
8,NaN,NaN,NaN,NaN,NaN,NaN,NaN,NaN
9,NaN,NaN,NaN,NaN,NaN,NaN,NaN,NaN
10,NaN,NaN,NaN,NaN,NaN,NaN,NaN,NaN
11,NaN,NaN,NaN,NaN,NaN,NaN,NaN,NaN
1,NaN,NaN,NaN,NaN,NaN,NaN,NaN,NaN
2,NaN,NaN,NaN,NaN,NaN,NaN,NaN,NaN
3,NaN,NaN,NaN,NaN,NaN,NaN,NaN,NaN
4,NaN,NaN,NaN,NaN,NaN,NaN,NaN,NaN
5,NaN,NaN,NaN,NaN,NaN,NaN,NaN,NaN
6,NaN,NaN,NaN,NaN,NaN,NaN,NaN,NaN
7,NaN,NaN,NaN,NaN,NaN,NaN,NaN,NaN
8,NaN,NaN,NaN,NaN,NaN,NaN,NaN,NaN
9,NaN,NaN,NaN,NaN,NaN,NaN,NaN,NaN
10,NaN,NaN,NaN,NaN,NaN,NaN,NaN,NaN
11,NaN,NaN,NaN,NaN,NaN,NaN,NaN,NaN
1,NaN,NaN,NaN,NaN,NaN,NaN,NaN,NaN
2,NaN,NaN,NaN,NaN,NaN,NaN,NaN,NaN
3,NaN,NaN,NaN,NaN,NaN,NaN,NaN,NaN
4,NaN,NaN,NaN,NaN,NaN,NaN,NaN,NaN
5,NaN,NaN,NaN,NaN,NaN,NaN,NaN,NaN
6,NaN,NaN,NaN,NaN,NaN,NaN,NaN,NaN
7,NaN,NaN,NaN,NaN,NaN,NaN,NaN,NaN
8,NaN,NaN,NaN,NaN,NaN,NaN,NaN,NaN
9,NaN,NaN,NaN,NaN,NaN,NaN,NaN,NaN
10,NaN,NaN,NaN,NaN,NaN,NaN,NaN,NaN
11,NaN,NaN,NaN,NaN,NaN,NaN,NaN,NaN
1,NaN,NaN,NaN,NaN,NaN,NaN,NaN,NaN
2,NaN,NaN,NaN,NaN,NaN,NaN,NaN,NaN
3,NaN,NaN,NaN,NaN,NaN,NaN,NaN,NaN
4,NaN,NaN,NaN,NaN,NaN,NaN,NaN,NaN
5,NaN,NaN,NaN,NaN,NaN,NaN,NaN,NaN
6,NaN,NaN,NaN,NaN,NaN,NaN,NaN,NaN
7,NaN,NaN,NaN,NaN,NaN,NaN,NaN,NaN
8,NaN,NaN,NaN,NaN,NaN,NaN,NaN,NaN
9,NaN,NaN,NaN,NaN,NaN,NaN,NaN,NaN
10,NaN,NaN,NaN,NaN,NaN,NaN,NaN,NaN
11,NaN,NaN,NaN,NaN,NaN,NaN,NaN,NaN
1,NaN,NaN,NaN,NaN,NaN,NaN,NaN,NaN
2,NaN,NaN,NaN,NaN,NaN,NaN,NaN,NaN
3,NaN,NaN,NaN,NaN,NaN,NaN,NaN,NaN
4,NaN,NaN,NaN,NaN,NaN,NaN,NaN,NaN
5,NaN,NaN,NaN,NaN,NaN,NaN,NaN,NaN
6,NaN,NaN,NaN,NaN,NaN,NaN,NaN,NaN
7,NaN,NaN,NaN,NaN,NaN,NaN,NaN,NaN
8,NaN,NaN,NaN,NaN,NaN,NaN,NaN,NaN
9,NaN,NaN,NaN,NaN,NaN,NaN,NaN,NaN
10,NaN,NaN,NaN,NaN,NaN,NaN,NaN,NaN
11,NaN,NaN,NaN,NaN,NaN,NaN,NaN,NaN
1,NaN,NaN,NaN,NaN,NaN,NaN,NaN,NaN
2,NaN,NaN,NaN,NaN,NaN,NaN,NaN,NaN
3,NaN,NaN,NaN,NaN,NaN,NaN,NaN,NaN
4,NaN,NaN,NaN,NaN,NaN,NaN,NaN,NaN
5,NaN,NaN,NaN,NaN,NaN,NaN,NaN,NaN
6,NaN,NaN,NaN,NaN,NaN,NaN,NaN,NaN
7,NaN,NaN,NaN,NaN,NaN,NaN,NaN,NaN
8,NaN,NaN,NaN,NaN,NaN,NaN,NaN,NaN
9,NaN,NaN,NaN,NaN,NaN,NaN,NaN,NaN
10,NaN,NaN,NaN,NaN,NaN,NaN,NaN,NaN
11,NaN,NaN,NaN,NaN,NaN,NaN,NaN,NaN
1,NaN,NaN,NaN,NaN,NaN,NaN,NaN,NaN
2,NaN,NaN,NaN,NaN,NaN,NaN,NaN,NaN
3,NaN,NaN,NaN,NaN,NaN,NaN,NaN,NaN
4,NaN,NaN,NaN,NaN,NaN,NaN,NaN,NaN
5,NaN,NaN,NaN,NaN,NaN,NaN,NaN,NaN
6,NaN,NaN,NaN,NaN,NaN,NaN,NaN,NaN
7,NaN,NaN,NaN,NaN,NaN,NaN,NaN,NaN
8,NaN,NaN,NaN,NaN,NaN,NaN,NaN,NaN
9,NaN,NaN,NaN,NaN,NaN,NaN,NaN,NaN
10,NaN,NaN,NaN,NaN,NaN,NaN,NaN,NaN
11,NaN,NaN,NaN,NaN,NaN,NaN,NaN,NaN
1,NaN,NaN,NaN,NaN,NaN,NaN,NaN,NaN
2,NaN,NaN,NaN,NaN,NaN,NaN,NaN,NaN
3,NaN,NaN,NaN,NaN,NaN,NaN,NaN,NaN
4,NaN,NaN,NaN,NaN,NaN,NaN,NaN,NaN
5,NaN,NaN,NaN,NaN,NaN,NaN,NaN,NaN
6,NaN,NaN,NaN,NaN,NaN,NaN,NaN,NaN
7,NaN,NaN,NaN,NaN,NaN,NaN,NaN,NaN
8,NaN,NaN,NaN,NaN,NaN,NaN,NaN,NaN
9,NaN,NaN,NaN,NaN,NaN,NaN,NaN,NaN
10,NaN,NaN,NaN,NaN,NaN,NaN,NaN,NaN
11,NaN,NaN,NaN,NaN,NaN,NaN,NaN,NaN
1,NaN,NaN,NaN,NaN,NaN,NaN,NaN,NaN
2,NaN,NaN,NaN,NaN,NaN,NaN,NaN,NaN
3,NaN,NaN,NaN,NaN,NaN,NaN,NaN,NaN
4,NaN,NaN,NaN,NaN,NaN,NaN,NaN,NaN
5,NaN,NaN,NaN,NaN,NaN,NaN,NaN,NaN
6,NaN,NaN,NaN,NaN,NaN,NaN,NaN,NaN
7,NaN,NaN,NaN,NaN,NaN,NaN,NaN,NaN
8,NaN,NaN,NaN,NaN,NaN,NaN,NaN,NaN
9,NaN,NaN,NaN,NaN,NaN,NaN,NaN,NaN
10,NaN,NaN,NaN,NaN,NaN,NaN,NaN,NaN
11,NaN,NaN,NaN,NaN,NaN,NaN,NaN,NaN
1,NaN,NaN,NaN,NaN,NaN,NaN,NaN,NaN
2,NaN,NaN,NaN,NaN,NaN,NaN,NaN,NaN
3,NaN,NaN,NaN,NaN,NaN,NaN,NaN,NaN
4,NaN,NaN,NaN,NaN,NaN,NaN,NaN,NaN
5,NaN,NaN,NaN,NaN,NaN,NaN,NaN,NaN
6,NaN,NaN,NaN,NaN,NaN,NaN,NaN,NaN
7,NaN,NaN,NaN,NaN,NaN,NaN,NaN,NaN
8,NaN,NaN,NaN,NaN,NaN,NaN,NaN,NaN
9,NaN,NaN,NaN,NaN,NaN,NaN,NaN,NaN
10,NaN,NaN,NaN,NaN,NaN,NaN,NaN,NaN
11,NaN,NaN,NaN,NaN,NaN,NaN,NaN,NaN
1,NaN,NaN,NaN,NaN,NaN,NaN,NaN,NaN
2,NaN,NaN,NaN,NaN,NaN,NaN,NaN,NaN
3,NaN,NaN,NaN,NaN,NaN,NaN,NaN,NaN
4,NaN,NaN,NaN,NaN,NaN,NaN,NaN,NaN
5,NaN,NaN,NaN,NaN,NaN,NaN,NaN,NaN
6,NaN,NaN,NaN,NaN,NaN,NaN,NaN,NaN
7,NaN,NaN,NaN,NaN,NaN,NaN,NaN,NaN
8,NaN,NaN,NaN,NaN,NaN,NaN,NaN,NaN
9,NaN,NaN,NaN,NaN,NaN,NaN,NaN,NaN
10,NaN,NaN,NaN,NaN,NaN,NaN,NaN,NaN
11,NaN,NaN,NaN,NaN,NaN,NaN,NaN,NaN
1,NaN,NaN,NaN,NaN,NaN,NaN,NaN,NaN
2,NaN,NaN,NaN,NaN,NaN,NaN,NaN,NaN
3,NaN,NaN,NaN,NaN,NaN,NaN,NaN,NaN
4,NaN,NaN,NaN,NaN,NaN,NaN,NaN,NaN
5,NaN,NaN,NaN,NaN,NaN,NaN,NaN,NaN
6,NaN,NaN,NaN,NaN,NaN,NaN,NaN,NaN
7,NaN,NaN,NaN,NaN,NaN,NaN,NaN,NaN
8,NaN,NaN,NaN,NaN,NaN,NaN,NaN,NaN
9,NaN,NaN,NaN,NaN,NaN,NaN,NaN,NaN
10,NaN,NaN,NaN,NaN,NaN,NaN,NaN,NaN
11,NaN,NaN,NaN,NaN,NaN,NaN,NaN,NaN
1,NaN,NaN,NaN,NaN,NaN,NaN,NaN,NaN
2,NaN,NaN,NaN,NaN,NaN,NaN,NaN,NaN
3,NaN,NaN,NaN,NaN,NaN,NaN,NaN,NaN
4,NaN,NaN,NaN,NaN,NaN,NaN,NaN,NaN
5,NaN,NaN,NaN,NaN,NaN,NaN,NaN,NaN
6,NaN,NaN,NaN,NaN,NaN,NaN,NaN,NaN
7,NaN,NaN,NaN,NaN,NaN,NaN,NaN,NaN
8,NaN,NaN,NaN,NaN,NaN,NaN,NaN,NaN
9,NaN,NaN,NaN,NaN,NaN,NaN,NaN,NaN
10,NaN,NaN,NaN,NaN,NaN,NaN,NaN,NaN
11,NaN,NaN,NaN,NaN,NaN,NaN,NaN,NaN
1,NaN,NaN,NaN,NaN,NaN,NaN,NaN,NaN
2,NaN,NaN,NaN,NaN,NaN,NaN,NaN,NaN
3,NaN,NaN,NaN,NaN,NaN,NaN,NaN,NaN
4,NaN,NaN,NaN,NaN,NaN,NaN,NaN,NaN
5,NaN,NaN,NaN,NaN,NaN,NaN,NaN,NaN
6,NaN,NaN,NaN,NaN,NaN,NaN,NaN,NaN
7,NaN,NaN,NaN,NaN,NaN,NaN,NaN,NaN
8,NaN,NaN,NaN,NaN,NaN,NaN,NaN,NaN
9,NaN,NaN,NaN,NaN,NaN,NaN,NaN,NaN
10,NaN,NaN,NaN,NaN,NaN,NaN,NaN,NaN
11,NaN,NaN,NaN,NaN,NaN,NaN,NaN,NaN
1,NaN,NaN,NaN,NaN,NaN,NaN,NaN,NaN
2,NaN,NaN,NaN,NaN,NaN,NaN,NaN,NaN
3,NaN,NaN,NaN,NaN,NaN,NaN,NaN,NaN
4,NaN,NaN,NaN,NaN,NaN,NaN,NaN,NaN
5,NaN,NaN,NaN,NaN,NaN,NaN,NaN,NaN
6,NaN,NaN,NaN,NaN,NaN,NaN,NaN,NaN
7,NaN,NaN,NaN,NaN,NaN,NaN,NaN,NaN
8,NaN,NaN,NaN,NaN,NaN,NaN,NaN,NaN
9,NaN,NaN,NaN,NaN,NaN,NaN,NaN,NaN
10,NaN,NaN,NaN,NaN,NaN,NaN,NaN,NaN
11,NaN,NaN,NaN,NaN,NaN,NaN,NaN,NaN
1,NaN,NaN,NaN,NaN,NaN,NaN,NaN,NaN
2,NaN,NaN,NaN,NaN,NaN,NaN,NaN,NaN
3,NaN,NaN,NaN,NaN,NaN,NaN,NaN,NaN
4,NaN,NaN,NaN,NaN,NaN,NaN,NaN,NaN
5,NaN,NaN,NaN,NaN,NaN,NaN,NaN,NaN
6,NaN,NaN,NaN,NaN,NaN,NaN,NaN,NaN
7,NaN,NaN,NaN,NaN,NaN,NaN,NaN,NaN
8,NaN,NaN,NaN,NaN,NaN,NaN,NaN,NaN
9,NaN,NaN,NaN,NaN,NaN,NaN,NaN,NaN
10,NaN,NaN,NaN,NaN,NaN,NaN,NaN,NaN
11,NaN,NaN,NaN,NaN,NaN,NaN,NaN,NaN
1,NaN,NaN,NaN,NaN,NaN,NaN,NaN,NaN
2,NaN,NaN,NaN,NaN,NaN,NaN,NaN,NaN
3,NaN,NaN,NaN,NaN,NaN,NaN,NaN,NaN
4,NaN,NaN,NaN,NaN,NaN,NaN,NaN,NaN
5,NaN,NaN,NaN,NaN,NaN,NaN,NaN,NaN
6,NaN,NaN,NaN,NaN,NaN,NaN,NaN,NaN
7,NaN,NaN,NaN,NaN,NaN,NaN,NaN,NaN
8,NaN,NaN,NaN,NaN,NaN,NaN,NaN,NaN
9,NaN,NaN,NaN,NaN,NaN,NaN,NaN,NaN
10,NaN,NaN,NaN,NaN,NaN,NaN,NaN,NaN
11,NaN,NaN,NaN,NaN,NaN,NaN,NaN,NaN
1,NaN,NaN,NaN,NaN,NaN,NaN,NaN,NaN
2,NaN,NaN,NaN,NaN,NaN,NaN,NaN,NaN
3,NaN,NaN,NaN,NaN,NaN,NaN,NaN,NaN
4,NaN,NaN,NaN,NaN,NaN,NaN,NaN,NaN
5,NaN,NaN,NaN,NaN,NaN,NaN,NaN,NaN
6,NaN,NaN,NaN,NaN,NaN,NaN,NaN,NaN
7,NaN,NaN,NaN,NaN,NaN,NaN,NaN,NaN
8,NaN,NaN,NaN,NaN,NaN,NaN,NaN,NaN
9,NaN,NaN,NaN,NaN,NaN,NaN,NaN,NaN
10,NaN,NaN,NaN,NaN,NaN,NaN,NaN,NaN
11,NaN,NaN,NaN,NaN,NaN,NaN,NaN,NaN
1,NaN,NaN,NaN,NaN,NaN,NaN,NaN,NaN
2,NaN,NaN,NaN,NaN,NaN,NaN,NaN,NaN
3,NaN,NaN,NaN,NaN,NaN,NaN,NaN,NaN
4,NaN,NaN,NaN,NaN,NaN,NaN,NaN,NaN
5,NaN,NaN,NaN,NaN,NaN,NaN,NaN,NaN
6,NaN,NaN,NaN,NaN,NaN,NaN,NaN,NaN
7,NaN,NaN,NaN,NaN,NaN,NaN,NaN,NaN
8,NaN,NaN,NaN,NaN,NaN,NaN,NaN,NaN
9,NaN,NaN,NaN,NaN,NaN,NaN,NaN,NaN
10,NaN,NaN,NaN,NaN,NaN,NaN,NaN,NaN
11,NaN,NaN,NaN,NaN,NaN,NaN,NaN,NaN
1,NaN,NaN,NaN,NaN,NaN,NaN,NaN,NaN
2,NaN,NaN,NaN,NaN,NaN,NaN,NaN,NaN
3,NaN,NaN,NaN,NaN,NaN,NaN,NaN,NaN
4,NaN,NaN,NaN,NaN,NaN,NaN,NaN,NaN
5,NaN,NaN,NaN,NaN,NaN,NaN,NaN,NaN
6,NaN,NaN,NaN,NaN,NaN,NaN,NaN,NaN
7,NaN,NaN,NaN,NaN,NaN,NaN,NaN,NaN
8,NaN,NaN,NaN,NaN,NaN,NaN,NaN,NaN
9,NaN,NaN,NaN,NaN,NaN,NaN,NaN,NaN
10,NaN,NaN,NaN,NaN,NaN,NaN,NaN,NaN
11,NaN,NaN,NaN,NaN,NaN,NaN,NaN,NaN
1,NaN,NaN,NaN,NaN,NaN,NaN,NaN,NaN
2,NaN,NaN,NaN,NaN,NaN,NaN,NaN,NaN
3,NaN,NaN,NaN,NaN,NaN,NaN,NaN,NaN
4,NaN,NaN,NaN,NaN,NaN,NaN,NaN,NaN
5,NaN,NaN,NaN,NaN,NaN,NaN,NaN,NaN
6,NaN,NaN,NaN,NaN,NaN,NaN,NaN,NaN
7,NaN,NaN,NaN,NaN,NaN,NaN,NaN,NaN
8,NaN,NaN,NaN,NaN,NaN,NaN,NaN,NaN
9,NaN,NaN,NaN,NaN,NaN,NaN,NaN,NaN
10,NaN,NaN,NaN,NaN,NaN,NaN,NaN,NaN
11,NaN,NaN,NaN,NaN,NaN,NaN,NaN,NaN
1,NaN,NaN,NaN,NaN,NaN,NaN,NaN,NaN
2,NaN,NaN,NaN,NaN,NaN,NaN,NaN,NaN
3,NaN,NaN,NaN,NaN,NaN,NaN,NaN,NaN
4,NaN,NaN,NaN,NaN,NaN,NaN,NaN,NaN
5,NaN,NaN,NaN,NaN,NaN,NaN,NaN,NaN
6,NaN,NaN,NaN,NaN,NaN,NaN,NaN,NaN
7,NaN,NaN,NaN,NaN,NaN,NaN,NaN,NaN
8,NaN,NaN,NaN,NaN,NaN,NaN,NaN,NaN
9,NaN,NaN,NaN,NaN,NaN,NaN,NaN,NaN
10,NaN,NaN,NaN,NaN,NaN,NaN,NaN,NaN
11,NaN,NaN,NaN,NaN,NaN,NaN,NaN,NaN
1,NaN,NaN,NaN,NaN,NaN,NaN,NaN,NaN
2,NaN,NaN,NaN,NaN,NaN,NaN,NaN,NaN
3,NaN,NaN,NaN,NaN,NaN,NaN,NaN,NaN
4,NaN,NaN,NaN,NaN,NaN,NaN,NaN,NaN
5,NaN,NaN,NaN,NaN,NaN,NaN,NaN,NaN
6,NaN,NaN,NaN,NaN,NaN,NaN,NaN,NaN
7,NaN,NaN,NaN,NaN,NaN,NaN,NaN,NaN
8,NaN,NaN,NaN,NaN,NaN,NaN,NaN,NaN
9,NaN,NaN,NaN,NaN,NaN,NaN,NaN,NaN
10,NaN,NaN,NaN,NaN,NaN,NaN,NaN,NaN
11,NaN,NaN,NaN,NaN,NaN,NaN,NaN,NaN
1,NaN,NaN,NaN,NaN,NaN,NaN,NaN,NaN
2,NaN,NaN,NaN,NaN,NaN,NaN,NaN,NaN
3,NaN,NaN,NaN,NaN,NaN,NaN,NaN,NaN
4,NaN,NaN,NaN,NaN,NaN,NaN,NaN,NaN
5,NaN,NaN,NaN,NaN,NaN,NaN,NaN,NaN
6,NaN,NaN,NaN,NaN,NaN,NaN,NaN,NaN
7,NaN,NaN,NaN,NaN,NaN,NaN,NaN,NaN
8,NaN,NaN,NaN,NaN,NaN,NaN,NaN,NaN
9,NaN,NaN,NaN,NaN,NaN,NaN,NaN,NaN
10,NaN,NaN,NaN,NaN,NaN,NaN,NaN,NaN
11,NaN,NaN,NaN,NaN,NaN,NaN,NaN,NaN
1,NaN,NaN,NaN,NaN,NaN,NaN,NaN,NaN
2,NaN,NaN,NaN,NaN,NaN,NaN,NaN,NaN
3,NaN,NaN,NaN,NaN,NaN,NaN,NaN,NaN
4,NaN,NaN,NaN,NaN,NaN,NaN,NaN,NaN
5,NaN,NaN,NaN,NaN,NaN,NaN,NaN,NaN
6,NaN,NaN,NaN,NaN,NaN,NaN,NaN,NaN
7,NaN,NaN,NaN,NaN,NaN,NaN,NaN,NaN
8,NaN,NaN,NaN,NaN,NaN,NaN,NaN,NaN
9,NaN,NaN,NaN,NaN,NaN,NaN,NaN,NaN
10,NaN,NaN,NaN,NaN,NaN,NaN,NaN,NaN
11,NaN,NaN,NaN,NaN,NaN,NaN,NaN,NaN
1,NaN,NaN,NaN,NaN,NaN,NaN,NaN,NaN
2,NaN,NaN,NaN,NaN,NaN,NaN,NaN,NaN
3,NaN,NaN,NaN,NaN,NaN,NaN,NaN,NaN
4,NaN,NaN,NaN,NaN,NaN,NaN,NaN,NaN
5,NaN,NaN,NaN,NaN,NaN,NaN,NaN,NaN
6,NaN,NaN,NaN,NaN,NaN,NaN,NaN,NaN
7,NaN,NaN,NaN,NaN,NaN,NaN,NaN,NaN
8,NaN,NaN,NaN,NaN,NaN,NaN,NaN,NaN
9,NaN,NaN,NaN,NaN,NaN,NaN,NaN,NaN
10,NaN,NaN,NaN,NaN,NaN,NaN,NaN,NaN
11,NaN,NaN,NaN,NaN,NaN,NaN,NaN,NaN
1,NaN,NaN,NaN,NaN,NaN,NaN,NaN,NaN
2,NaN,NaN,NaN,NaN,NaN,NaN,NaN,NaN
3,NaN,NaN,NaN,NaN,NaN,NaN,NaN,NaN
4,NaN,NaN,NaN,NaN,NaN,NaN,NaN,NaN
5,NaN,NaN,NaN,NaN,NaN,NaN,NaN,NaN
6,NaN,NaN,NaN,NaN,NaN,NaN,NaN,NaN
7,NaN,NaN,NaN,NaN,NaN,NaN,NaN,NaN
8,NaN,NaN,NaN,NaN,NaN,NaN,NaN,NaN
9,NaN,NaN,NaN,NaN,NaN,NaN,NaN,NaN
10,NaN,NaN,NaN,NaN,NaN,NaN,NaN,NaN
11,NaN,NaN,NaN,NaN,NaN,NaN,NaN,NaN
1,NaN,NaN,NaN,NaN,NaN,NaN,NaN,NaN
2,NaN,NaN,NaN,NaN,NaN,NaN,NaN,NaN
3,NaN,NaN,NaN,NaN,NaN,NaN,NaN,NaN
4,NaN,NaN,NaN,NaN,NaN,NaN,NaN,NaN
5,NaN,NaN,NaN,NaN,NaN,NaN,NaN,NaN
6,NaN,NaN,NaN,NaN,NaN,NaN,NaN,NaN
7,NaN,NaN,NaN,NaN,NaN,NaN,NaN,NaN
8,NaN,NaN,NaN,NaN,NaN,NaN,NaN,NaN
9,NaN,NaN,NaN,NaN,NaN,NaN,NaN,NaN
10,NaN,NaN,NaN,NaN,NaN,NaN,NaN,NaN
11,NaN,NaN,NaN,NaN,NaN,NaN,NaN,NaN
1,NaN,NaN,NaN,NaN,NaN,NaN,NaN,NaN
2,NaN,NaN,NaN,NaN,NaN,NaN,NaN,NaN
3,NaN,NaN,NaN,NaN,NaN,NaN,NaN,NaN
4,NaN,NaN,NaN,NaN,NaN,NaN,NaN,NaN
5,NaN,NaN,NaN,NaN,NaN,NaN,NaN,NaN
6,NaN,NaN,NaN,NaN,NaN,NaN,NaN,NaN
7,NaN,NaN,NaN,NaN,NaN,NaN,NaN,NaN
8,NaN,NaN,NaN,NaN,NaN,NaN,NaN,NaN
9,NaN,NaN,NaN,NaN,NaN,NaN,NaN,NaN
10,NaN,NaN,NaN,NaN,NaN,NaN,NaN,NaN
11,NaN,NaN,NaN,NaN,NaN,NaN,NaN,NaN
1,NaN,NaN,NaN,NaN,NaN,NaN,NaN,NaN
2,NaN,NaN,NaN,NaN,NaN,NaN,NaN,NaN
3,NaN,NaN,NaN,NaN,NaN,NaN,NaN,NaN
4,NaN,NaN,NaN,NaN,NaN,NaN,NaN,NaN
5,NaN,NaN,NaN,NaN,NaN,NaN,NaN,NaN
6,NaN,NaN,NaN,NaN,NaN,NaN,NaN,NaN
7,NaN,NaN,NaN,NaN,NaN,NaN,NaN,NaN
8,NaN,NaN,NaN,NaN,NaN,NaN,NaN,NaN
9,NaN,NaN,NaN,NaN,NaN,NaN,NaN,NaN
10,NaN,NaN,NaN,NaN,NaN,NaN,NaN,NaN
11,NaN,NaN,NaN,NaN,NaN,NaN,NaN,NaN
1,NaN,NaN,NaN,NaN,NaN,NaN,NaN,NaN
2,NaN,NaN,NaN,NaN,NaN,NaN,NaN,NaN
3,NaN,NaN,NaN,NaN,NaN,NaN,NaN,NaN
4,NaN,NaN,NaN,NaN,NaN,NaN,NaN,NaN
5,NaN,NaN,NaN,NaN,NaN,NaN,NaN,NaN
6,NaN,NaN,NaN,NaN,NaN,NaN,NaN,NaN
7,NaN,NaN,NaN,NaN,NaN,NaN,NaN,NaN
8,NaN,NaN,NaN,NaN,NaN,NaN,NaN,NaN
9,NaN,NaN,NaN,NaN,NaN,NaN,NaN,NaN
10,NaN,NaN,NaN,NaN,NaN,NaN,NaN,NaN
11,NaN,NaN,NaN,NaN,NaN,NaN,NaN,NaN
1,NaN,NaN,NaN,NaN,NaN,NaN,NaN,NaN
2,NaN,NaN,NaN,NaN,NaN,NaN,NaN,NaN
3,NaN,NaN,NaN,NaN,NaN,NaN,NaN,NaN
4,NaN,NaN,NaN,NaN,NaN,NaN,NaN,NaN
5,NaN,NaN,NaN,NaN,NaN,NaN,NaN,NaN
6,NaN,NaN,NaN,NaN,NaN,NaN,NaN,NaN
7,NaN,NaN,NaN,NaN,NaN,NaN,NaN,NaN
8,NaN,NaN,NaN,NaN,NaN,NaN,NaN,NaN
9,NaN,NaN,NaN,NaN,NaN,NaN,NaN,NaN
10,NaN,NaN,NaN,NaN,NaN,NaN,NaN,NaN
11,NaN,NaN,NaN,NaN,NaN,NaN,NaN,NaN
1,NaN,NaN,NaN,NaN,NaN,NaN,NaN,NaN
2,NaN,NaN,NaN,NaN,NaN,NaN,NaN,NaN
3,NaN,NaN,NaN,NaN,NaN,NaN,NaN,NaN
4,NaN,NaN,NaN,NaN,NaN,NaN,NaN,NaN
5,NaN,NaN,NaN,NaN,NaN,NaN,NaN,NaN
6,NaN,NaN,NaN,NaN,NaN,NaN,NaN,NaN
7,NaN,NaN,NaN,NaN,NaN,NaN,NaN,NaN
8,NaN,NaN,NaN,NaN,NaN,NaN,NaN,NaN
9,NaN,NaN,NaN,NaN,NaN,NaN,NaN,NaN
10,NaN,NaN,NaN,NaN,NaN,NaN,NaN,NaN
11,NaN,NaN,NaN,NaN,NaN,NaN,NaN,NaN
1,NaN,NaN,NaN,NaN,NaN,NaN,NaN,NaN
2,NaN,NaN,NaN,NaN,NaN,NaN,NaN,NaN
3,NaN,NaN,NaN,NaN,NaN,NaN,NaN,NaN
4,NaN,NaN,NaN,NaN,NaN,NaN,NaN,NaN
5,NaN,NaN,NaN,NaN,NaN,NaN,NaN,NaN
6,NaN,NaN,NaN,NaN,NaN,NaN,NaN,NaN
7,NaN,NaN,NaN,NaN,NaN,NaN,NaN,NaN
8,NaN,NaN,NaN,NaN,NaN,NaN,NaN,NaN
9,NaN,NaN,NaN,NaN,NaN,NaN,NaN,NaN
10,NaN,NaN,NaN,NaN,NaN,NaN,NaN,NaN
11,NaN,NaN,NaN,NaN,NaN,NaN,NaN,NaN
1,NaN,NaN,NaN,NaN,NaN,NaN,NaN,NaN
2,NaN,NaN,NaN,NaN,NaN,NaN,NaN,NaN
3,NaN,NaN,NaN,NaN,NaN,NaN,NaN,NaN
4,NaN,NaN,NaN,NaN,NaN,NaN,NaN,NaN
5,NaN,NaN,NaN,NaN,NaN,NaN,NaN,NaN
6,NaN,NaN,NaN,NaN,NaN,NaN,NaN,NaN
7,NaN,NaN,NaN,NaN,NaN,NaN,NaN,NaN
8,NaN,NaN,NaN,NaN,NaN,NaN,NaN,NaN
9,NaN,NaN,NaN,NaN,NaN,NaN,NaN,NaN
10,NaN,NaN,NaN,NaN,NaN,NaN,NaN,NaN
11,NaN,NaN,NaN,NaN,NaN,NaN,NaN,NaN
1,NaN,NaN,NaN,NaN,NaN,NaN,NaN,NaN
2,NaN,NaN,NaN,NaN,NaN,NaN,NaN,NaN
3,NaN,NaN,NaN,NaN,NaN,NaN,NaN,NaN
4,NaN,NaN,NaN,NaN,NaN,NaN,NaN,NaN
5,NaN,NaN,NaN,NaN,NaN,NaN,NaN,NaN
6,NaN,NaN,NaN,NaN,NaN,NaN,NaN,NaN
7,NaN,NaN,NaN,NaN,NaN,NaN,NaN,NaN
8,NaN,NaN,NaN,NaN,NaN,NaN,NaN,NaN
9,NaN,NaN,NaN,NaN,NaN,NaN,NaN,NaN
10,NaN,NaN,NaN,NaN,NaN,NaN,NaN,NaN
11,NaN,NaN,NaN,NaN,NaN,NaN,NaN,NaN
1,NaN,NaN,NaN,NaN,NaN,NaN,NaN,NaN
2,NaN,NaN,NaN,NaN,NaN,NaN,NaN,NaN
3,NaN,NaN,NaN,NaN,NaN,NaN,NaN,NaN
4,NaN,NaN,NaN,NaN,NaN,NaN,NaN,NaN
5,NaN,NaN,NaN,NaN,NaN,NaN,NaN,NaN
6,NaN,NaN,NaN,NaN,NaN,NaN,NaN,NaN
7,NaN,NaN,NaN,NaN,NaN,NaN,NaN,NaN
8,NaN,NaN,NaN,NaN,NaN,NaN,NaN,NaN
9,NaN,NaN,NaN,NaN,NaN,NaN,NaN,NaN
10,NaN,NaN,NaN,NaN,NaN,NaN,NaN,NaN
11,NaN,NaN,NaN,NaN,NaN,NaN,NaN,NaN
1,NaN,NaN,NaN,NaN,NaN,NaN,NaN,NaN
2,NaN,NaN,NaN,NaN,NaN,NaN,NaN,NaN
3,NaN,NaN,NaN,NaN,NaN,NaN,NaN,NaN
4,NaN,NaN,NaN,NaN,NaN,NaN,NaN,NaN
5,NaN,NaN,NaN,NaN,NaN,NaN,NaN,NaN
6,NaN,NaN,NaN,NaN,NaN,NaN,NaN,NaN
7,NaN,NaN,NaN,NaN,NaN,NaN,NaN,NaN
8,NaN,NaN,NaN,NaN,NaN,NaN,NaN,NaN
9,NaN,NaN,NaN,NaN,NaN,NaN,NaN,NaN
10,NaN,NaN,NaN,NaN,NaN,NaN,NaN,NaN
11,NaN,NaN,NaN,NaN,NaN,NaN,NaN,NaN
1,NaN,NaN,NaN,NaN,NaN,NaN,NaN,NaN
2,NaN,NaN,NaN,NaN,NaN,NaN,NaN,NaN
3,NaN,NaN,NaN,NaN,NaN,NaN,NaN,NaN
4,NaN,NaN,NaN,NaN,NaN,NaN,NaN,NaN
5,NaN,NaN,NaN,NaN,NaN,NaN,NaN,NaN
6,NaN,NaN,NaN,NaN,NaN,NaN,NaN,NaN
7,NaN,NaN,NaN,NaN,NaN,NaN,NaN,NaN
8,NaN,NaN,NaN,NaN,NaN,NaN,NaN,NaN
9,NaN,NaN,NaN,NaN,NaN,NaN,NaN,NaN
10,NaN,NaN,NaN,NaN,NaN,NaN,NaN,NaN
11,NaN,NaN,NaN,NaN,NaN,NaN,NaN,NaN
1,NaN,NaN,NaN,NaN,NaN,NaN,NaN,NaN
2,NaN,NaN,NaN,NaN,NaN,NaN,NaN,NaN
3,NaN,NaN,NaN,NaN,NaN,NaN,NaN,NaN
4,NaN,NaN,NaN,NaN,NaN,NaN,NaN,NaN
5,NaN,NaN,NaN,NaN,NaN,NaN,NaN,NaN
6,NaN,NaN,NaN,NaN,NaN,NaN,NaN,NaN
7,NaN,NaN,NaN,NaN,NaN,NaN,NaN,NaN
8,NaN,NaN,NaN,NaN,NaN,NaN,NaN,NaN
9,NaN,NaN,NaN,NaN,NaN,NaN,NaN,NaN
10,NaN,NaN,NaN,NaN,NaN,NaN,NaN,NaN
11,NaN,NaN,NaN,NaN,NaN,NaN,NaN,NaN
1,NaN,NaN,NaN,NaN,NaN,NaN,NaN,NaN
2,NaN,NaN,NaN,NaN,NaN,NaN,NaN,NaN
3,NaN,NaN,NaN,NaN,NaN,NaN,NaN,NaN
4,NaN,NaN,NaN,NaN,NaN,NaN,NaN,NaN
5,NaN,NaN,NaN,NaN,NaN,NaN,NaN,NaN
6,NaN,NaN,NaN,NaN,NaN,NaN,NaN,NaN
7,NaN,NaN,NaN,NaN,NaN,NaN,NaN,NaN
8,NaN,NaN,NaN,NaN,NaN,NaN,NaN,NaN
9,NaN,NaN,NaN,NaN,NaN,NaN,NaN,NaN
10,NaN,NaN,NaN,NaN,NaN,NaN,NaN,NaN
11,NaN,NaN,NaN,NaN,NaN,NaN,NaN,NaN
1,NaN,NaN,NaN,NaN,NaN,NaN,NaN,NaN
2,NaN,NaN,NaN,NaN,NaN,NaN,NaN,NaN
3,NaN,NaN,NaN,NaN,NaN,NaN,NaN,NaN
4,NaN,NaN,NaN,NaN,NaN,NaN,NaN,NaN
5,NaN,NaN,NaN,NaN,NaN,NaN,NaN,NaN
6,NaN,NaN,NaN,NaN,NaN,NaN,NaN,NaN
7,NaN,NaN,NaN,NaN,NaN,NaN,NaN,NaN
8,NaN,NaN,NaN,NaN,NaN,NaN,NaN,NaN
9,NaN,NaN,NaN,NaN,NaN,NaN,NaN,NaN
10,NaN,NaN,NaN,NaN,NaN,NaN,NaN,NaN
11,NaN,NaN,NaN,NaN,NaN,NaN,NaN,NaN
1,NaN,NaN,NaN,NaN,NaN,NaN,NaN,NaN
2,NaN,NaN,NaN,NaN,NaN,NaN,NaN,NaN
3,NaN,NaN,NaN,NaN,NaN,NaN,NaN,NaN
4,NaN,NaN,NaN,NaN,NaN,NaN,NaN,NaN
5,NaN,NaN,NaN,NaN,NaN,NaN,NaN,NaN
6,NaN,NaN,NaN,NaN,NaN,NaN,NaN,NaN
7,NaN,NaN,NaN,NaN,NaN,NaN,NaN,NaN
8,NaN,NaN,NaN,NaN,NaN,NaN,NaN,NaN
9,NaN,NaN,NaN,NaN,NaN,NaN,NaN,NaN
10,NaN,NaN,NaN,NaN,NaN,NaN,NaN,NaN
11,NaN,NaN,NaN,NaN,NaN,NaN,NaN,NaN
1,NaN,NaN,NaN,NaN,NaN,NaN,NaN,NaN
2,NaN,NaN,NaN,NaN,NaN,NaN,NaN,NaN
3,NaN,NaN,NaN,NaN,NaN,NaN,NaN,NaN
4,NaN,NaN,NaN,NaN,NaN,NaN,NaN,NaN
5,NaN,NaN,NaN,NaN,NaN,NaN,NaN,NaN
6,NaN,NaN,NaN,NaN,NaN,NaN,NaN,NaN
7,NaN,NaN,NaN,NaN,NaN,NaN,NaN,NaN
8,NaN,NaN,NaN,NaN,NaN,NaN,NaN,NaN
9,NaN,NaN,NaN,NaN,NaN,NaN,NaN,NaN
10,NaN,NaN,NaN,NaN,NaN,NaN,NaN,NaN
11,NaN,NaN,NaN,NaN,NaN,NaN,NaN,NaN
1,NaN,NaN,NaN,NaN,NaN,NaN,NaN,NaN
2,NaN,NaN,NaN,NaN,NaN,NaN,NaN,NaN
3,NaN,NaN,NaN,NaN,NaN,NaN,NaN,NaN
4,NaN,NaN,NaN,NaN,NaN,NaN,NaN,NaN
5,NaN,NaN,NaN,NaN,NaN,NaN,NaN,NaN
6,NaN,NaN,NaN,NaN,NaN,NaN,NaN,NaN
7,NaN,NaN,NaN,NaN,NaN,NaN,NaN,NaN
8,NaN,NaN,NaN,NaN,NaN,NaN,NaN,NaN
9,NaN,NaN,NaN,NaN,NaN,NaN,NaN,NaN
10,NaN,NaN,NaN,NaN,NaN,NaN,NaN,NaN
11,NaN,NaN,NaN,NaN,NaN,NaN,NaN,NaN
1,NaN,NaN,NaN,NaN,NaN,NaN,NaN,NaN
2,NaN,NaN,NaN,NaN,NaN,NaN,NaN,NaN
3,NaN,NaN,NaN,NaN,NaN,NaN,NaN,NaN
4,NaN,NaN,NaN,NaN,NaN,NaN,NaN,NaN
5,NaN,NaN,NaN,NaN,NaN,NaN,NaN,NaN
6,NaN,NaN,NaN,NaN,NaN,NaN,NaN,NaN
7,NaN,NaN,NaN,NaN,NaN,NaN,NaN,NaN
8,NaN,NaN,NaN,NaN,NaN,NaN,NaN,NaN
9,NaN,NaN,NaN,NaN,NaN,NaN,NaN,NaN
10,NaN,NaN,NaN,NaN,NaN,NaN,NaN,NaN
11,NaN,NaN,NaN,NaN,NaN,NaN,NaN,NaN
1,NaN,NaN,NaN,NaN,NaN,NaN,NaN,NaN
2,NaN,NaN,NaN,NaN,NaN,NaN,NaN,NaN
3,NaN,NaN,NaN,NaN,NaN,NaN,NaN,NaN
4,NaN,NaN,NaN,NaN,NaN,NaN,NaN,NaN
5,NaN,NaN,NaN,NaN,NaN,NaN,NaN,NaN
6,NaN,NaN,NaN,NaN,NaN,NaN,NaN,NaN
7,NaN,NaN,NaN,NaN,NaN,NaN,NaN,NaN
8,NaN,NaN,NaN,NaN,NaN,NaN,NaN,NaN
9,NaN,NaN,NaN,NaN,NaN,NaN,NaN,NaN
10,NaN,NaN,NaN,NaN,NaN,NaN,NaN,NaN
11,NaN,NaN,NaN,NaN,NaN,NaN,NaN,NaN
1,NaN,NaN,NaN,NaN,NaN,NaN,NaN,NaN
2,NaN,NaN,NaN,NaN,NaN,NaN,NaN,NaN
3,NaN,NaN,NaN,NaN,NaN,NaN,NaN,NaN
4,NaN,NaN,NaN,NaN,NaN,NaN,NaN,NaN
5,NaN,NaN,NaN,NaN,NaN,NaN,NaN,NaN
6,NaN,NaN,NaN,NaN,NaN,NaN,NaN,NaN
7,NaN,NaN,NaN,NaN,NaN,NaN,NaN,NaN
8,NaN,NaN,NaN,NaN,NaN,NaN,NaN,NaN
9,NaN,NaN,NaN,NaN,NaN,NaN,NaN,NaN
10,NaN,NaN,NaN,NaN,NaN,NaN,NaN,NaN
11,NaN,NaN,NaN,NaN,NaN,NaN,NaN,NaN
1,NaN,NaN,NaN,NaN,NaN,NaN,NaN,NaN
2,NaN,NaN,NaN,NaN,NaN,NaN,NaN,NaN
3,NaN,NaN,NaN,NaN,NaN,NaN,NaN,NaN
4,NaN,NaN,NaN,NaN,NaN,NaN,NaN,NaN
5,NaN,NaN,NaN,NaN,NaN,NaN,NaN,NaN
6,NaN,NaN,NaN,NaN,NaN,NaN,NaN,NaN
7,NaN,NaN,NaN,NaN,NaN,NaN,NaN,NaN
8,NaN,NaN,NaN,NaN,NaN,NaN,NaN,NaN
9,NaN,NaN,NaN,NaN,NaN,NaN,NaN,NaN
10,NaN,NaN,NaN,NaN,NaN,NaN,NaN,NaN
11,NaN,NaN,NaN,NaN,NaN,NaN,NaN,NaN
1,NaN,NaN,NaN,NaN,NaN,NaN,NaN,NaN
2,NaN,NaN,NaN,NaN,NaN,NaN,NaN,NaN
3,NaN,NaN,NaN,NaN,NaN,NaN,NaN,NaN
4,NaN,NaN,NaN,NaN,NaN,NaN,NaN,NaN
5,NaN,NaN,NaN,NaN,NaN,NaN,NaN,NaN
6,NaN,NaN,NaN,NaN,NaN,NaN,NaN,NaN
7,NaN,NaN,NaN,NaN,NaN,NaN,NaN,NaN
8,NaN,NaN,NaN,NaN,NaN,NaN,NaN,NaN
9,NaN,NaN,NaN,NaN,NaN,NaN,NaN,NaN
10,NaN,NaN,NaN,NaN,NaN,NaN,NaN,NaN
11,NaN,NaN,NaN,NaN,NaN,NaN,NaN,NaN
1,NaN,NaN,NaN,NaN,NaN,NaN,NaN,NaN
2,NaN,NaN,NaN,NaN,NaN,NaN,NaN,NaN
3,NaN,NaN,NaN,NaN,NaN,NaN,NaN,NaN
4,NaN,NaN,NaN,NaN,NaN,NaN,NaN,NaN
5,NaN,NaN,NaN,NaN,NaN,NaN,NaN,NaN
6,NaN,NaN,NaN,NaN,NaN,NaN,NaN,NaN
7,NaN,NaN,NaN,NaN,NaN,NaN,NaN,NaN
8,NaN,NaN,NaN,NaN,NaN,NaN,NaN,NaN
9,NaN,NaN,NaN,NaN,NaN,NaN,NaN,NaN
10,NaN,NaN,NaN,NaN,NaN,NaN,NaN,NaN
11,NaN,NaN,NaN,NaN,NaN,NaN,NaN,NaN
1,NaN,NaN,NaN,NaN,NaN,NaN,NaN,NaN
2,NaN,NaN,NaN,NaN,NaN,NaN,NaN,NaN
3,NaN,NaN,NaN,NaN,NaN,NaN,NaN,NaN
4,NaN,NaN,NaN,NaN,NaN,NaN,NaN,NaN
5,NaN,NaN,NaN,NaN,NaN,NaN,NaN,NaN
6,NaN,NaN,NaN,NaN,NaN,NaN,NaN,NaN
7,NaN,NaN,NaN,NaN,NaN,NaN,NaN,NaN
8,NaN,NaN,NaN,NaN,NaN,NaN,NaN,NaN
9,NaN,NaN,NaN,NaN,NaN,NaN,NaN,NaN
10,NaN,NaN,NaN,NaN,NaN,NaN,NaN,NaN
11,NaN,NaN,NaN,NaN,NaN,NaN,NaN,NaN
1,NaN,NaN,NaN,NaN,NaN,NaN,NaN,NaN
2,NaN,NaN,NaN,NaN,NaN,NaN,NaN,NaN
3,NaN,NaN,NaN,NaN,NaN,NaN,NaN,NaN
4,NaN,NaN,NaN,NaN,NaN,NaN,NaN,NaN
5,NaN,NaN,NaN,NaN,NaN,NaN,NaN,NaN
6,NaN,NaN,NaN,NaN,NaN,NaN,NaN,NaN
7,NaN,NaN,NaN,NaN,NaN,NaN,NaN,NaN
8,NaN,NaN,NaN,NaN,NaN,NaN,NaN,NaN
9,NaN,NaN,NaN,NaN,NaN,NaN,NaN,NaN
10,NaN,NaN,NaN,NaN,NaN,NaN,NaN,NaN
11,NaN,NaN,NaN,NaN,NaN,NaN,NaN,NaN
1,NaN,NaN,NaN,NaN,NaN,NaN,NaN,NaN
2,NaN,NaN,NaN,NaN,NaN,NaN,NaN,NaN
3,NaN,NaN,NaN,NaN,NaN,NaN,NaN,NaN
4,NaN,NaN,NaN,NaN,NaN,NaN,NaN,NaN
5,NaN,NaN,NaN,NaN,NaN,NaN,NaN,NaN
6,NaN,NaN,NaN,NaN,NaN,NaN,NaN,NaN
7,NaN,NaN,NaN,NaN,NaN,NaN,NaN,NaN
8,NaN,NaN,NaN,NaN,NaN,NaN,NaN,NaN
9,NaN,NaN,NaN,NaN,NaN,NaN,NaN,NaN
10,NaN,NaN,NaN,NaN,NaN,NaN,NaN,NaN
11,NaN,NaN,NaN,NaN,NaN,NaN,NaN,NaN
1,NaN,NaN,NaN,NaN,NaN,NaN,NaN,NaN
2,NaN,NaN,NaN,NaN,NaN,NaN,NaN,NaN
3,NaN,NaN,NaN,NaN,NaN,NaN,NaN,NaN
4,NaN,NaN,NaN,NaN,NaN,NaN,NaN,NaN
5,NaN,NaN,NaN,NaN,NaN,NaN,NaN,NaN
6,NaN,NaN,NaN,NaN,NaN,NaN,NaN,NaN
7,NaN,NaN,NaN,NaN,NaN,NaN,NaN,NaN
8,NaN,NaN,NaN,NaN,NaN,NaN,NaN,NaN
9,NaN,NaN,NaN,NaN,NaN,NaN,NaN,NaN
10,NaN,NaN,NaN,NaN,NaN,NaN,NaN,NaN
11,NaN,NaN,NaN,NaN,NaN,NaN,NaN,NaN
1,NaN,NaN,NaN,NaN,NaN,NaN,NaN,NaN
2,NaN,NaN,NaN,NaN,NaN,NaN,NaN,NaN
3,NaN,NaN,NaN,NaN,NaN,NaN,NaN,NaN
4,NaN,NaN,NaN,NaN,NaN,NaN,NaN,NaN
5,NaN,NaN,NaN,NaN,NaN,NaN,NaN,NaN
6,NaN,NaN,NaN,NaN,NaN,NaN,NaN,NaN
7,NaN,NaN,NaN,NaN,NaN,NaN,NaN,NaN
8,NaN,NaN,NaN,NaN,NaN,NaN,NaN,NaN
9,NaN,NaN,NaN,NaN,NaN,NaN,NaN,NaN
10,NaN,NaN,NaN,NaN,NaN,NaN,NaN,NaN
11,NaN,NaN,NaN,NaN,NaN,NaN,NaN,NaN
1,NaN,NaN,NaN,NaN,NaN,NaN,NaN,NaN
2,NaN,NaN,NaN,NaN,NaN,NaN,NaN,NaN
3,NaN,NaN,NaN,NaN,NaN,NaN,NaN,NaN
4,NaN,NaN,NaN,NaN,NaN,NaN,NaN,NaN
5,NaN,NaN,NaN,NaN,NaN,NaN,NaN,NaN
6,NaN,NaN,NaN,NaN,NaN,NaN,NaN,NaN
7,NaN,NaN,NaN,NaN,NaN,NaN,NaN,NaN
8,NaN,NaN,NaN,NaN,NaN,NaN,NaN,NaN
9,NaN,NaN,NaN,NaN,NaN,NaN,NaN,NaN
10,NaN,NaN,NaN,NaN,NaN,NaN,NaN,NaN
11,NaN,NaN,NaN,NaN,NaN,NaN,NaN,NaN
1,NaN,NaN,NaN,NaN,NaN,NaN,NaN,NaN
2,NaN,NaN,NaN,NaN,NaN,NaN,NaN,NaN
3,NaN,NaN,NaN,NaN,NaN,NaN,NaN,NaN
4,NaN,NaN,NaN,NaN,NaN,NaN,NaN,NaN
5,NaN,NaN,NaN,NaN,NaN,NaN,NaN,NaN
6,NaN,NaN,NaN,NaN,NaN,NaN,NaN,NaN
7,NaN,NaN,NaN,NaN,NaN,NaN,NaN,NaN
8,NaN,NaN,NaN,NaN,NaN,NaN,NaN,NaN
9,NaN,NaN,NaN,NaN,NaN,NaN,NaN,NaN
10,NaN,NaN,NaN,NaN,NaN,NaN,NaN,NaN
11,NaN,NaN,NaN,NaN,NaN,NaN,NaN,NaN
1,NaN,NaN,NaN,NaN,NaN,NaN,NaN,NaN
2,NaN,NaN,NaN,NaN,NaN,NaN,NaN,NaN
3,NaN,NaN,NaN,NaN,NaN,NaN,NaN,NaN
4,NaN,NaN,NaN,NaN,NaN,NaN,NaN,NaN
5,NaN,NaN,NaN,NaN,NaN,NaN,NaN,NaN
6,NaN,NaN,NaN,NaN,NaN,NaN,NaN,NaN
7,NaN,NaN,NaN,NaN,NaN,NaN,NaN,NaN
8,NaN,NaN,NaN,NaN,NaN,NaN,NaN,NaN
9,NaN,NaN,NaN,NaN,NaN,NaN,NaN,NaN
10,NaN,NaN,NaN,NaN,NaN,NaN,NaN,NaN
11,NaN,NaN,NaN,NaN,NaN,NaN,NaN,NaN
1,NaN,NaN,NaN,NaN,NaN,NaN,NaN,NaN
2,NaN,NaN,NaN,NaN,NaN,NaN,NaN,NaN
3,NaN,NaN,NaN,NaN,NaN,NaN,NaN,NaN
4,NaN,NaN,NaN,NaN,NaN,NaN,NaN,NaN
5,NaN,NaN,NaN,NaN,NaN,NaN,NaN,NaN
6,NaN,NaN,NaN,NaN,NaN,NaN,NaN,NaN
7,NaN,NaN,NaN,NaN,NaN,NaN,NaN,NaN
8,NaN,NaN,NaN,NaN,NaN,NaN,NaN,NaN
9,NaN,NaN,NaN,NaN,NaN,NaN,NaN,NaN
10,NaN,NaN,NaN,NaN,NaN,NaN,NaN,NaN
11,NaN,NaN,NaN,NaN,NaN,NaN,NaN,NaN
1,NaN,NaN,NaN,NaN,NaN,NaN,NaN,NaN
2,NaN,NaN,NaN,NaN,NaN,NaN,NaN,NaN
3,NaN,NaN,NaN,NaN,NaN,NaN,NaN,NaN
4,NaN,NaN,NaN,NaN,NaN,NaN,NaN,NaN
5,NaN,NaN,NaN,NaN,NaN,NaN,NaN,NaN
6,NaN,NaN,NaN,NaN,NaN,NaN,NaN,NaN
7,NaN,NaN,NaN,NaN,NaN,NaN,NaN,NaN
8,NaN,NaN,NaN,NaN,NaN,NaN,NaN,NaN
9,NaN,NaN,NaN,NaN,NaN,NaN,NaN,NaN
10,NaN,NaN,NaN,NaN,NaN,NaN,NaN,NaN
11,NaN,NaN,NaN,NaN,NaN,NaN,NaN,NaN
1,NaN,NaN,NaN,NaN,NaN,NaN,NaN,NaN
2,NaN,NaN,NaN,NaN,NaN,NaN,NaN,NaN
3,NaN,NaN,NaN,NaN,NaN,NaN,NaN,NaN
4,NaN,NaN,NaN,NaN,NaN,NaN,NaN,NaN
5,NaN,NaN,NaN,NaN,NaN,NaN,NaN,NaN
6,NaN,NaN,NaN,NaN,NaN,NaN,NaN,NaN
7,NaN,NaN,NaN,NaN,NaN,NaN,NaN,NaN
8,NaN,NaN,NaN,NaN,NaN,NaN,NaN,NaN
9,NaN,NaN,NaN,NaN,NaN,NaN,NaN,NaN
10,NaN,NaN,NaN,NaN,NaN,NaN,NaN,NaN
11,NaN,NaN,NaN,NaN,NaN,NaN,NaN,NaN
1,NaN,NaN,NaN,NaN,NaN,NaN,NaN,NaN
2,NaN,NaN,NaN,NaN,NaN,NaN,NaN,NaN
3,NaN,NaN,NaN,NaN,NaN,NaN,NaN,NaN
4,NaN,NaN,NaN,NaN,NaN,NaN,NaN,NaN
5,NaN,NaN,NaN,NaN,NaN,NaN,NaN,NaN
6,NaN,NaN,NaN,NaN,NaN,NaN,NaN,NaN
7,NaN,NaN,NaN,NaN,NaN,NaN,NaN,NaN
8,NaN,NaN,NaN,NaN,NaN,NaN,NaN,NaN
9,NaN,NaN,NaN,NaN,NaN,NaN,NaN,NaN
10,NaN,NaN,NaN,NaN,NaN,NaN,NaN,NaN
11,NaN,NaN,NaN,NaN,NaN,NaN,NaN,NaN
1,NaN,NaN,NaN,NaN,NaN,NaN,NaN,NaN
2,NaN,NaN,NaN,NaN,NaN,NaN,NaN,NaN
3,NaN,NaN,NaN,NaN,NaN,NaN,NaN,NaN
4,NaN,NaN,NaN,NaN,NaN,NaN,NaN,NaN
5,NaN,NaN,NaN,NaN,NaN,NaN,NaN,NaN
6,NaN,NaN,NaN,NaN,NaN,NaN,NaN,NaN
7,NaN,NaN,NaN,NaN,NaN,NaN,NaN,NaN
8,NaN,NaN,NaN,NaN,NaN,NaN,NaN,NaN
9,NaN,NaN,NaN,NaN,NaN,NaN,NaN,NaN
10,NaN,NaN,NaN,NaN,NaN,NaN,NaN,NaN
11,NaN,NaN,NaN,NaN,NaN,NaN,NaN,NaN
1,NaN,NaN,NaN,NaN,NaN,NaN,NaN,NaN
2,NaN,NaN,NaN,NaN,NaN,NaN,NaN,NaN
3,NaN,NaN,NaN,NaN,NaN,NaN,NaN,NaN
4,NaN,NaN,NaN,NaN,NaN,NaN,NaN,NaN
5,NaN,NaN,NaN,NaN,NaN,NaN,NaN,NaN
6,NaN,NaN,NaN,NaN,NaN,NaN,NaN,NaN
7,NaN,NaN,NaN,NaN,NaN,NaN,NaN,NaN
8,NaN,NaN,NaN,NaN,NaN,NaN,NaN,NaN
9,NaN,NaN,NaN,NaN,NaN,NaN,NaN,NaN
10,NaN,NaN,NaN,NaN,NaN,NaN,NaN,NaN
11,NaN,NaN,NaN,NaN,NaN,NaN,NaN,NaN
1,NaN,NaN,NaN,NaN,NaN,NaN,NaN,NaN
2,NaN,NaN,NaN,NaN,NaN,NaN,NaN,NaN
3,NaN,NaN,NaN,NaN,NaN,NaN,NaN,NaN
4,NaN,NaN,NaN,NaN,NaN,NaN,NaN,NaN
5,NaN,NaN,NaN,NaN,NaN,NaN,NaN,NaN
6,NaN,NaN,NaN,NaN,NaN,NaN,NaN,NaN
7,NaN,NaN,NaN,NaN,NaN,NaN,NaN,NaN
8,NaN,NaN,NaN,NaN,NaN,NaN,NaN,NaN
9,NaN,NaN,NaN,NaN,NaN,NaN,NaN,NaN
10,NaN,NaN,NaN,NaN,NaN,NaN,NaN,NaN
11,NaN,NaN,NaN,NaN,NaN,NaN,NaN,NaN
1,NaN,NaN,NaN,NaN,NaN,NaN,NaN,NaN
2,NaN,NaN,NaN,NaN,NaN,NaN,NaN,NaN
3,NaN,NaN,NaN,NaN,NaN,NaN,NaN,NaN
4,NaN,NaN,NaN,NaN,NaN,NaN,NaN,NaN
5,NaN,NaN,NaN,NaN,NaN,NaN,NaN,NaN
6,NaN,NaN,NaN,NaN,NaN,NaN,NaN,NaN
7,NaN,NaN,NaN,NaN,NaN,NaN,NaN,NaN
8,NaN,NaN,NaN,NaN,NaN,NaN,NaN,NaN
9,NaN,NaN,NaN,NaN,NaN,NaN,NaN,NaN
10,NaN,NaN,NaN,NaN,NaN,NaN,NaN,NaN
11,NaN,NaN,NaN,NaN,NaN,NaN,NaN,NaN
1,NaN,NaN,NaN,NaN,NaN,NaN,NaN,NaN
2,NaN,NaN,NaN,NaN,NaN,NaN,NaN,NaN
3,NaN,NaN,NaN,NaN,NaN,NaN,NaN,NaN
4,NaN,NaN,NaN,NaN,NaN,NaN,NaN,NaN
5,NaN,NaN,NaN,NaN,NaN,NaN,NaN,NaN
6,NaN,NaN,NaN,NaN,NaN,NaN,NaN,NaN
7,NaN,NaN,NaN,NaN,NaN,NaN,NaN,NaN
8,NaN,NaN,NaN,NaN,NaN,NaN,NaN,NaN
9,NaN,NaN,NaN,NaN,NaN,NaN,NaN,NaN
10,NaN,NaN,NaN,NaN,NaN,NaN,NaN,NaN
11,NaN,NaN,NaN,NaN,NaN,NaN,NaN,NaN
1,NaN,NaN,NaN,NaN,NaN,NaN,NaN,NaN
2,NaN,NaN,NaN,NaN,NaN,NaN,NaN,NaN
3,NaN,NaN,NaN,NaN,NaN,NaN,NaN,NaN
4,NaN,NaN,NaN,NaN,NaN,NaN,NaN,NaN
5,NaN,NaN,NaN,NaN,NaN,NaN,NaN,NaN
6,NaN,NaN,NaN,NaN,NaN,NaN,NaN,NaN
7,NaN,NaN,NaN,NaN,NaN,NaN,NaN,NaN
8,NaN,NaN,NaN,NaN,NaN,NaN,NaN,NaN
9,NaN,NaN,NaN,NaN,NaN,NaN,NaN,NaN
10,NaN,NaN,NaN,NaN,NaN,NaN,NaN,NaN
11,NaN,NaN,NaN,NaN,NaN,NaN,NaN,NaN
1,NaN,NaN,NaN,NaN,NaN,NaN,NaN,NaN
2,NaN,NaN,NaN,NaN,NaN,NaN,NaN,NaN
3,NaN,NaN,NaN,NaN,NaN,NaN,NaN,NaN
4,NaN,NaN,NaN,NaN,NaN,NaN,NaN,NaN
5,NaN,NaN,NaN,NaN,NaN,NaN,NaN,NaN
6,NaN,NaN,NaN,NaN,NaN,NaN,NaN,NaN
7,NaN,NaN,NaN,NaN,NaN,NaN,NaN,NaN
8,NaN,NaN,NaN,NaN,NaN,NaN,NaN,NaN
9,NaN,NaN,NaN,NaN,NaN,NaN,NaN,NaN
10,NaN,NaN,NaN,NaN,NaN,NaN,NaN,NaN
11,NaN,NaN,NaN,NaN,NaN,NaN,NaN,NaN
1,NaN,NaN,NaN,NaN,NaN,NaN,NaN,NaN
2,NaN,NaN,NaN,NaN,NaN,NaN,NaN,NaN
3,NaN,NaN,NaN,NaN,NaN,NaN,NaN,NaN
4,NaN,NaN,NaN,NaN,NaN,NaN,NaN,NaN
5,NaN,NaN,NaN,NaN,NaN,NaN,NaN,NaN
6,NaN,NaN,NaN,NaN,NaN,NaN,NaN,NaN
7,NaN,NaN,NaN,NaN,NaN,NaN,NaN,NaN
8,NaN,NaN,NaN,NaN,NaN,NaN,NaN,NaN
9,NaN,NaN,NaN,NaN,NaN,NaN,NaN,NaN
10,NaN,NaN,NaN,NaN,NaN,NaN,NaN,NaN
11,NaN,NaN,NaN,NaN,NaN,NaN,NaN,NaN
1,NaN,NaN,NaN,NaN,NaN,NaN,NaN,NaN
2,NaN,NaN,NaN,NaN,NaN,NaN,NaN,NaN
3,NaN,NaN,NaN,NaN,NaN,NaN,NaN,NaN
4,NaN,NaN,NaN,NaN,NaN,NaN,NaN,NaN
5,NaN,NaN,NaN,NaN,NaN,NaN,NaN,NaN
6,NaN,NaN,NaN,NaN,NaN,NaN,NaN,NaN
7,NaN,NaN,NaN,NaN,NaN,NaN,NaN,NaN
8,NaN,NaN,NaN,NaN,NaN,NaN,NaN,NaN
9,NaN,NaN,NaN,NaN,NaN,NaN,NaN,NaN
10,NaN,NaN,NaN,NaN,NaN,NaN,NaN,NaN
11,NaN,NaN,NaN,NaN,NaN,NaN,NaN,NaN
1,NaN,NaN,NaN,NaN,NaN,NaN,NaN,NaN
2,NaN,NaN,NaN,NaN,NaN,NaN,NaN,NaN
3,NaN,NaN,NaN,NaN,NaN,NaN,NaN,NaN
4,NaN,NaN,NaN,NaN,NaN,NaN,NaN,NaN
5,NaN,NaN,NaN,NaN,NaN,NaN,NaN,NaN
6,NaN,NaN,NaN,NaN,NaN,NaN,NaN,NaN
7,NaN,NaN,NaN,NaN,NaN,NaN,NaN,NaN
8,NaN,NaN,NaN,NaN,NaN,NaN,NaN,NaN
9,NaN,NaN,NaN,NaN,NaN,NaN,NaN,NaN
10,NaN,NaN,NaN,NaN,NaN,NaN,NaN,NaN
11,NaN,NaN,NaN,NaN,NaN,NaN,NaN,NaN
1,NaN,NaN,NaN,NaN,NaN,NaN,NaN,NaN
2,NaN,NaN,NaN,NaN,NaN,NaN,NaN,NaN
3,NaN,NaN,NaN,NaN,NaN,NaN,NaN,NaN
4,NaN,NaN,NaN,NaN,NaN,NaN,NaN,NaN
5,NaN,NaN,NaN,NaN,NaN,NaN,NaN,NaN
6,NaN,NaN,NaN,NaN,NaN,NaN,NaN,NaN
7,NaN,NaN,NaN,NaN,NaN,NaN,NaN,NaN
8,NaN,NaN,NaN,NaN,NaN,NaN,NaN,NaN
9,NaN,NaN,NaN,NaN,NaN,NaN,NaN,NaN
10,NaN,NaN,NaN,NaN,NaN,NaN,NaN,NaN
11,NaN,NaN,NaN,NaN,NaN,NaN,NaN,NaN
1,NaN,NaN,NaN,NaN,NaN,NaN,NaN,NaN
2,NaN,NaN,NaN,NaN,NaN,NaN,NaN,NaN
3,NaN,NaN,NaN,NaN,NaN,NaN,NaN,NaN
4,NaN,NaN,NaN,NaN,NaN,NaN,NaN,NaN
5,NaN,NaN,NaN,NaN,NaN,NaN,NaN,NaN
6,NaN,NaN,NaN,NaN,NaN,NaN,NaN,NaN
7,NaN,NaN,NaN,NaN,NaN,NaN,NaN,NaN
8,NaN,NaN,NaN,NaN,NaN,NaN,NaN,NaN
9,NaN,NaN,NaN,NaN,NaN,NaN,NaN,NaN
10,NaN,NaN,NaN,NaN,NaN,NaN,NaN,NaN
11,NaN,NaN,NaN,NaN,NaN,NaN,NaN,NaN
1,NaN,NaN,NaN,NaN,NaN,NaN,NaN,NaN
2,NaN,NaN,NaN,NaN,NaN,NaN,NaN,NaN
3,NaN,NaN,NaN,NaN,NaN,NaN,NaN,NaN
4,NaN,NaN,NaN,NaN,NaN,NaN,NaN,NaN
5,NaN,NaN,NaN,NaN,NaN,NaN,NaN,NaN
6,NaN,NaN,NaN,NaN,NaN,NaN,NaN,NaN
7,NaN,NaN,NaN,NaN,NaN,NaN,NaN,NaN
8,NaN,NaN,NaN,NaN,NaN,NaN,NaN,NaN
9,NaN,NaN,NaN,NaN,NaN,NaN,NaN,NaN
10,NaN,NaN,NaN,NaN,NaN,NaN,NaN,NaN
11,NaN,NaN,NaN,NaN,NaN,NaN,NaN,NaN
1,NaN,NaN,NaN,NaN,NaN,NaN,NaN,NaN
2,NaN,NaN,NaN,NaN,NaN,NaN,NaN,NaN
3,NaN,NaN,NaN,NaN,NaN,NaN,NaN,NaN
4,NaN,NaN,NaN,NaN,NaN,NaN,NaN,NaN
5,NaN,NaN,NaN,NaN,NaN,NaN,NaN,NaN
6,NaN,NaN,NaN,NaN,NaN,NaN,NaN,NaN
7,NaN,NaN,NaN,NaN,NaN,NaN,NaN,NaN
8,NaN,NaN,NaN,NaN,NaN,NaN,NaN,NaN
9,NaN,NaN,NaN,NaN,NaN,NaN,NaN,NaN
10,NaN,NaN,NaN,NaN,NaN,NaN,NaN,NaN
11,NaN,NaN,NaN,NaN,NaN,NaN,NaN,NaN
1,NaN,NaN,NaN,NaN,NaN,NaN,NaN,NaN
2,NaN,NaN,NaN,NaN,NaN,NaN,NaN,NaN
3,NaN,NaN,NaN,NaN,NaN,NaN,NaN,NaN
4,NaN,NaN,NaN,NaN,NaN,NaN,NaN,NaN
5,NaN,NaN,NaN,NaN,NaN,NaN,NaN,NaN
6,NaN,NaN,NaN,NaN,NaN,NaN,NaN,NaN
7,NaN,NaN,NaN,NaN,NaN,NaN,NaN,NaN
8,NaN,NaN,NaN,NaN,NaN,NaN,NaN,NaN
9,NaN,NaN,NaN,NaN,NaN,NaN,NaN,NaN
10,NaN,NaN,NaN,NaN,NaN,NaN,NaN,NaN
11,NaN,NaN,NaN,NaN,NaN,NaN,NaN,NaN
1,NaN,NaN,NaN,NaN,NaN,NaN,NaN,NaN
2,NaN,NaN,NaN,NaN,NaN,NaN,NaN,NaN
3,NaN,NaN,NaN,NaN,NaN,NaN,NaN,NaN
4,NaN,NaN,NaN,NaN,NaN,NaN,NaN,NaN
5,NaN,NaN,NaN,NaN,NaN,NaN,NaN,NaN
6,NaN,NaN,NaN,NaN,NaN,NaN,NaN,NaN
7,NaN,NaN,NaN,NaN,NaN,NaN,NaN,NaN
8,NaN,NaN,NaN,NaN,NaN,NaN,NaN,NaN
9,NaN,NaN,NaN,NaN,NaN,NaN,NaN,NaN
10,NaN,NaN,NaN,NaN,NaN,NaN,NaN,NaN
11,NaN,NaN,NaN,NaN,NaN,NaN,NaN,NaN
1,NaN,NaN,NaN,NaN,NaN,NaN,NaN,NaN
2,NaN,NaN,NaN,NaN,NaN,NaN,NaN,NaN
3,NaN,NaN,NaN,NaN,NaN,NaN,NaN,NaN
4,NaN,NaN,NaN,NaN,NaN,NaN,NaN,NaN
5,NaN,NaN,NaN,NaN,NaN,NaN,NaN,NaN
6,NaN,NaN,NaN,NaN,NaN,NaN,NaN,NaN
7,NaN,NaN,NaN,NaN,NaN,NaN,NaN,NaN
8,NaN,NaN,NaN,NaN,NaN,NaN,NaN,NaN
9,NaN,NaN,NaN,NaN,NaN,NaN,NaN,NaN
10,NaN,NaN,NaN,NaN,NaN,NaN,NaN,NaN
11,NaN,NaN,NaN,NaN,NaN,NaN,NaN,NaN
1,NaN,NaN,NaN,NaN,NaN,NaN,NaN,NaN
2,NaN,NaN,NaN,NaN,NaN,NaN,NaN,NaN
3,NaN,NaN,NaN,NaN,NaN,NaN,NaN,NaN
4,NaN,NaN,NaN,NaN,NaN,NaN,NaN,NaN
5,NaN,NaN,NaN,NaN,NaN,NaN,NaN,NaN
6,NaN,NaN,NaN,NaN,NaN,NaN,NaN,NaN
7,NaN,NaN,NaN,NaN,NaN,NaN,NaN,NaN
8,NaN,NaN,NaN,NaN,NaN,NaN,NaN,NaN
9,NaN,NaN,NaN,NaN,NaN,NaN,NaN,NaN
10,NaN,NaN,NaN,NaN,NaN,NaN,NaN,NaN
11,NaN,NaN,NaN,NaN,NaN,NaN,NaN,NaN
1,NaN,NaN,NaN,NaN,NaN,NaN,NaN,NaN
2,NaN,NaN,NaN,NaN,NaN,NaN,NaN,NaN
3,NaN,NaN,NaN,NaN,NaN,NaN,NaN,NaN
4,NaN,NaN,NaN,NaN,NaN,NaN,NaN,NaN
5,NaN,NaN,NaN,NaN,NaN,NaN,NaN,NaN
6,NaN,NaN,NaN,NaN,NaN,NaN,NaN,NaN
7,NaN,NaN,NaN,NaN,NaN,NaN,NaN,NaN
8,NaN,NaN,NaN,NaN,NaN,NaN,NaN,NaN
9,NaN,NaN,NaN,NaN,NaN,NaN,NaN,NaN
10,NaN,NaN,NaN,NaN,NaN,NaN,NaN,NaN
11,NaN,NaN,NaN,NaN,NaN,NaN,NaN,NaN
1,NaN,NaN,NaN,NaN,NaN,NaN,NaN,NaN
2,NaN,NaN,NaN,NaN,NaN,NaN,NaN,NaN
3,NaN,NaN,NaN,NaN,NaN,NaN,NaN,NaN
4,NaN,NaN,NaN,NaN,NaN,NaN,NaN,NaN
5,NaN,NaN,NaN,NaN,NaN,NaN,NaN,NaN
6,NaN,NaN,NaN,NaN,NaN,NaN,NaN,NaN
7,NaN,NaN,NaN,NaN,NaN,NaN,NaN,NaN
8,NaN,NaN,NaN,NaN,NaN,NaN,NaN,NaN
9,NaN,NaN,NaN,NaN,NaN,NaN,NaN,NaN
10,NaN,NaN,NaN,NaN,NaN,NaN,NaN,NaN
11,NaN,NaN,NaN,NaN,NaN,NaN,NaN,NaN
1,NaN,NaN,NaN,NaN,NaN,NaN,NaN,NaN
2,NaN,NaN,NaN,NaN,NaN,NaN,NaN,NaN
3,NaN,NaN,NaN,NaN,NaN,NaN,NaN,NaN
4,NaN,NaN,NaN,NaN,NaN,NaN,NaN,NaN
5,NaN,NaN,NaN,NaN,NaN,NaN,NaN,NaN
6,NaN,NaN,NaN,NaN,NaN,NaN,NaN,NaN
7,NaN,NaN,NaN,NaN,NaN,NaN,NaN,NaN
8,NaN,NaN,NaN,NaN,NaN,NaN,NaN,NaN
9,NaN,NaN,NaN,NaN,NaN,NaN,NaN,NaN
10,NaN,NaN,NaN,NaN,NaN,NaN,NaN,NaN
11,NaN,NaN,NaN,NaN,NaN,NaN,NaN,NaN
1,NaN,NaN,NaN,NaN,NaN,NaN,NaN,NaN
2,NaN,NaN,NaN,NaN,NaN,NaN,NaN,NaN
3,NaN,NaN,NaN,NaN,NaN,NaN,NaN,NaN
4,NaN,NaN,NaN,NaN,NaN,NaN,NaN,NaN
5,NaN,NaN,NaN,NaN,NaN,NaN,NaN,NaN
6,NaN,NaN,NaN,NaN,NaN,NaN,NaN,NaN
7,NaN,NaN,NaN,NaN,NaN,NaN,NaN,NaN
8,NaN,NaN,NaN,NaN,NaN,NaN,NaN,NaN
9,NaN,NaN,NaN,NaN,NaN,NaN,NaN,NaN
10,NaN,NaN,NaN,NaN,NaN,NaN,NaN,NaN
11,NaN,NaN,NaN,NaN,NaN,NaN,NaN,NaN
1,NaN,NaN,NaN,NaN,NaN,NaN,NaN,NaN
2,NaN,NaN,NaN,NaN,NaN,NaN,NaN,NaN
3,NaN,NaN,NaN,NaN,NaN,NaN,NaN,NaN
4,NaN,NaN,NaN,NaN,NaN,NaN,NaN,NaN
5,NaN,NaN,NaN,NaN,NaN,NaN,NaN,NaN
6,NaN,NaN,NaN,NaN,NaN,NaN,NaN,NaN
7,NaN,NaN,NaN,NaN,NaN,NaN,NaN,NaN
8,NaN,NaN,NaN,NaN,NaN,NaN,NaN,NaN
9,NaN,NaN,NaN,NaN,NaN,NaN,NaN,NaN
10,NaN,NaN,NaN,NaN,NaN,NaN,NaN,NaN
11,NaN,NaN,NaN,NaN,NaN,NaN,NaN,NaN
1,NaN,NaN,NaN,NaN,NaN,NaN,NaN,NaN
2,NaN,NaN,NaN,NaN,NaN,NaN,NaN,NaN
3,NaN,NaN,NaN,NaN,NaN,NaN,NaN,NaN
4,NaN,NaN,NaN,NaN,NaN,NaN,NaN,NaN
5,NaN,NaN,NaN,NaN,NaN,NaN,NaN,NaN
6,NaN,NaN,NaN,NaN,NaN,NaN,NaN,NaN
7,NaN,NaN,NaN,NaN,NaN,NaN,NaN,NaN
8,NaN,NaN,NaN,NaN,NaN,NaN,NaN,NaN
9,NaN,NaN,NaN,NaN,NaN,NaN,NaN,NaN
10,NaN,NaN,NaN,NaN,NaN,NaN,NaN,NaN
11,NaN,NaN,NaN,NaN,NaN,NaN,NaN,NaN
1,NaN,NaN,NaN,NaN,NaN,NaN,NaN,NaN
2,NaN,NaN,NaN,NaN,NaN,NaN,NaN,NaN
3,NaN,NaN,NaN,NaN,NaN,NaN,NaN,NaN
4,NaN,NaN,NaN,NaN,NaN,NaN,NaN,NaN
5,NaN,NaN,NaN,NaN,NaN,NaN,NaN,NaN
6,NaN,NaN,NaN,NaN,NaN,NaN,NaN,NaN
7,NaN,NaN,NaN,NaN,NaN,NaN,NaN,NaN
8,NaN,NaN,NaN,NaN,NaN,NaN,NaN,NaN
9,NaN,NaN,NaN,NaN,NaN,NaN,NaN,NaN
10,NaN,NaN,NaN,NaN,NaN,NaN,NaN,NaN
11,NaN,NaN,NaN,NaN,NaN,NaN,NaN,NaN
1,NaN,NaN,NaN,NaN,NaN,NaN,NaN,NaN
2,NaN,NaN,NaN,NaN,NaN,NaN,NaN,NaN
3,NaN,NaN,NaN,NaN,NaN,NaN,NaN,NaN
4,NaN,NaN,NaN,NaN,NaN,NaN,NaN,NaN
5,NaN,NaN,NaN,NaN,NaN,NaN,NaN,NaN
6,NaN,NaN,NaN,NaN,NaN,NaN,NaN,NaN
7,NaN,NaN,NaN,NaN,NaN,NaN,NaN,NaN
8,NaN,NaN,NaN,NaN,NaN,NaN,NaN,NaN
9,NaN,NaN,NaN,NaN,NaN,NaN,NaN,NaN
10,NaN,NaN,NaN,NaN,NaN,NaN,NaN,NaN
11,NaN,NaN,NaN,NaN,NaN,NaN,NaN,NaN
1,NaN,NaN,NaN,NaN,NaN,NaN,NaN,NaN
2,NaN,NaN,NaN,NaN,NaN,NaN,NaN,NaN
3,NaN,NaN,NaN,NaN,NaN,NaN,NaN,NaN
4,NaN,NaN,NaN,NaN,NaN,NaN,NaN,NaN
5,NaN,NaN,NaN,NaN,NaN,NaN,NaN,NaN
6,NaN,NaN,NaN,NaN,NaN,NaN,NaN,NaN
7,NaN,NaN,NaN,NaN,NaN,NaN,NaN,NaN
8,NaN,NaN,NaN,NaN,NaN,NaN,NaN,NaN
9,NaN,NaN,NaN,NaN,NaN,NaN,NaN,NaN
10,NaN,NaN,NaN,NaN,NaN,NaN,NaN,NaN
11,NaN,NaN,NaN,NaN,NaN,NaN,NaN,NaN
1,NaN,NaN,NaN,NaN,NaN,NaN,NaN,NaN
2,NaN,NaN,NaN,NaN,NaN,NaN,NaN,NaN
3,NaN,NaN,NaN,NaN,NaN,NaN,NaN,NaN
4,NaN,NaN,NaN,NaN,NaN,NaN,NaN,NaN
5,NaN,NaN,NaN,NaN,NaN,NaN,NaN,NaN
6,NaN,NaN,NaN,NaN,NaN,NaN,NaN,NaN
7,NaN,NaN,NaN,NaN,NaN,NaN,NaN,NaN
8,NaN,NaN,NaN,NaN,NaN,NaN,NaN,NaN
9,NaN,NaN,NaN,NaN,NaN,NaN,NaN,NaN
10,NaN,NaN,NaN,NaN,NaN,NaN,NaN,NaN
11,NaN,NaN,NaN,NaN,NaN,NaN,NaN,NaN
1,NaN,NaN,NaN,NaN,NaN,NaN,NaN,NaN
2,NaN,NaN,NaN,NaN,NaN,NaN,NaN,NaN
3,NaN,NaN,NaN,NaN,NaN,NaN,NaN,NaN
4,NaN,NaN,NaN,NaN,NaN,NaN,NaN,NaN
5,NaN,NaN,NaN,NaN,NaN,NaN,NaN,NaN
6,NaN,NaN,NaN,NaN,NaN,NaN,NaN,NaN
7,NaN,NaN,NaN,NaN,NaN,NaN,NaN,NaN
8,NaN,NaN,NaN,NaN,NaN,NaN,NaN,NaN
9,NaN,NaN,NaN,NaN,NaN,NaN,NaN,NaN
10,NaN,NaN,NaN,NaN,NaN,NaN,NaN,NaN
11,NaN,NaN,NaN,NaN,NaN,NaN,NaN,NaN
1,NaN,NaN,NaN,NaN,NaN,NaN,NaN,NaN
2,NaN,NaN,NaN,NaN,NaN,NaN,NaN,NaN
3,NaN,NaN,NaN,NaN,NaN,NaN,NaN,NaN
4,NaN,NaN,NaN,NaN,NaN,NaN,NaN,NaN
5,NaN,NaN,NaN,NaN,NaN,NaN,NaN,NaN
6,NaN,NaN,NaN,NaN,NaN,NaN,NaN,NaN
7,NaN,NaN,NaN,NaN,NaN,NaN,NaN,NaN
8,NaN,NaN,NaN,NaN,NaN,NaN,NaN,NaN
9,NaN,NaN,NaN,NaN,NaN,NaN,NaN,NaN
10,NaN,NaN,NaN,NaN,NaN,NaN,NaN,NaN
11,NaN,NaN,NaN,NaN,NaN,NaN,NaN,NaN
1,NaN,NaN,NaN,NaN,NaN,NaN,NaN,NaN
2,NaN,NaN,NaN,NaN,NaN,NaN,NaN,NaN
3,NaN,NaN,NaN,NaN,NaN,NaN,NaN,NaN
4,NaN,NaN,NaN,NaN,NaN,NaN,NaN,NaN
5,NaN,NaN,NaN,NaN,NaN,NaN,NaN,NaN
6,NaN,NaN,NaN,NaN,NaN,NaN,NaN,NaN
7,NaN,NaN,NaN,NaN,NaN,NaN,NaN,NaN
8,NaN,NaN,NaN,NaN,NaN,NaN,NaN,NaN
9,NaN,NaN,NaN,NaN,NaN,NaN,NaN,NaN
10,NaN,NaN,NaN,NaN,NaN,NaN,NaN,NaN
11,NaN,NaN,NaN,NaN,NaN,NaN,NaN,NaN
1,NaN,NaN,NaN,NaN,NaN,NaN,NaN,NaN
2,NaN,NaN,NaN,NaN,NaN,NaN,NaN,NaN
3,NaN,NaN,NaN,NaN,NaN,NaN,NaN,NaN
4,NaN,NaN,NaN,NaN,NaN,NaN,NaN,NaN
5,NaN,NaN,NaN,NaN,NaN,NaN,NaN,NaN
6,NaN,NaN,NaN,NaN,NaN,NaN,NaN,NaN
7,NaN,NaN,NaN,NaN,NaN,NaN,NaN,NaN
8,NaN,NaN,NaN,NaN,NaN,NaN,NaN,NaN
9,NaN,NaN,NaN,NaN,NaN,NaN,NaN,NaN
10,NaN,NaN,NaN,NaN,NaN,NaN,NaN,NaN
11,NaN,NaN,NaN,NaN,NaN,NaN,NaN,NaN
1,NaN,NaN,NaN,NaN,NaN,NaN,NaN,NaN
2,NaN,NaN,NaN,NaN,NaN,NaN,NaN,NaN
3,NaN,NaN,NaN,NaN,NaN,NaN,NaN,NaN
4,NaN,NaN,NaN,NaN,NaN,NaN,NaN,NaN
5,NaN,NaN,NaN,NaN,NaN,NaN,NaN,NaN
6,NaN,NaN,NaN,NaN,NaN,NaN,NaN,NaN
7,NaN,NaN,NaN,NaN,NaN,NaN,NaN,NaN
8,NaN,NaN,NaN,NaN,NaN,NaN,NaN,NaN
9,NaN,NaN,NaN,NaN,NaN,NaN,NaN,NaN
10,NaN,NaN,NaN,NaN,NaN,NaN,NaN,NaN
11,NaN,NaN,NaN,NaN,NaN,NaN,NaN,NaN
1,NaN,NaN,NaN,NaN,NaN,NaN,NaN,NaN
2,NaN,NaN,NaN,NaN,NaN,NaN,NaN,NaN
3,NaN,NaN,NaN,NaN,NaN,NaN,NaN,NaN
4,NaN,NaN,NaN,NaN,NaN,NaN,NaN,NaN
5,NaN,NaN,NaN,NaN,NaN,NaN,NaN,NaN
6,NaN,NaN,NaN,NaN,NaN,NaN,NaN,NaN
7,NaN,NaN,NaN,NaN,NaN,NaN,NaN,NaN
8,NaN,NaN,NaN,NaN,NaN,NaN,NaN,NaN
9,NaN,NaN,NaN,NaN,NaN,NaN,NaN,NaN
10,NaN,NaN,NaN,NaN,NaN,NaN,NaN,NaN
11,NaN,NaN,NaN,NaN,NaN,NaN,NaN,NaN
1,NaN,NaN,NaN,NaN,NaN,NaN,NaN,NaN
2,NaN,NaN,NaN,NaN,NaN,NaN,NaN,NaN
3,NaN,NaN,NaN,NaN,NaN,NaN,NaN,NaN
4,NaN,NaN,NaN,NaN,NaN,NaN,NaN,NaN
5,NaN,NaN,NaN,NaN,NaN,NaN,NaN,NaN
6,NaN,NaN,NaN,NaN,NaN,NaN,NaN,NaN
7,NaN,NaN,NaN,NaN,NaN,NaN,NaN,NaN
8,NaN,NaN,NaN,NaN,NaN,NaN,NaN,NaN
9,NaN,NaN,NaN,NaN,NaN,NaN,NaN,NaN
10,NaN,NaN,NaN,NaN,NaN,NaN,NaN,NaN
11,NaN,NaN,NaN,NaN,NaN,NaN,NaN,NaN
1,NaN,NaN,NaN,NaN,NaN,NaN,NaN,NaN
2,NaN,NaN,NaN,NaN,NaN,NaN,NaN,NaN
3,NaN,NaN,NaN,NaN,NaN,NaN,NaN,NaN
4,NaN,NaN,NaN,NaN,NaN,NaN,NaN,NaN
5,NaN,NaN,NaN,NaN,NaN,NaN,NaN,NaN
6,NaN,NaN,NaN,NaN,NaN,NaN,NaN,NaN
7,NaN,NaN,NaN,NaN,NaN,NaN,NaN,NaN
8,NaN,NaN,NaN,NaN,NaN,NaN,NaN,NaN
9,NaN,NaN,NaN,NaN,NaN,NaN,NaN,NaN
10,NaN,NaN,NaN,NaN,NaN,NaN,NaN,NaN
11,NaN,NaN,NaN,NaN,NaN,NaN,NaN,NaN
1,NaN,NaN,NaN,NaN,NaN,NaN,NaN,NaN
2,NaN,NaN,NaN,NaN,NaN,NaN,NaN,NaN
3,NaN,NaN,NaN,NaN,NaN,NaN,NaN,NaN
4,NaN,NaN,NaN,NaN,NaN,NaN,NaN,NaN
5,NaN,NaN,NaN,NaN,NaN,NaN,NaN,NaN
6,NaN,NaN,NaN,NaN,NaN,NaN,NaN,NaN
7,NaN,NaN,NaN,NaN,NaN,NaN,NaN,NaN
8,NaN,NaN,NaN,NaN,NaN,NaN,NaN,NaN
9,NaN,NaN,NaN,NaN,NaN,NaN,NaN,NaN
10,NaN,NaN,NaN,NaN,NaN,NaN,NaN,NaN
11,NaN,NaN,NaN,NaN,NaN,NaN,NaN,NaN
1,NaN,NaN,NaN,NaN,NaN,NaN,NaN,NaN
2,NaN,NaN,NaN,NaN,NaN,NaN,NaN,NaN
3,NaN,NaN,NaN,NaN,NaN,NaN,NaN,NaN
4,NaN,NaN,NaN,NaN,NaN,NaN,NaN,NaN
5,NaN,NaN,NaN,NaN,NaN,NaN,NaN,NaN
6,NaN,NaN,NaN,NaN,NaN,NaN,NaN,NaN
7,NaN,NaN,NaN,NaN,NaN,NaN,NaN,NaN
8,NaN,NaN,NaN,NaN,NaN,NaN,NaN,NaN
9,NaN,NaN,NaN,NaN,NaN,NaN,NaN,NaN
10,NaN,NaN,NaN,NaN,NaN,NaN,NaN,NaN
11,NaN,NaN,NaN,NaN,NaN,NaN,NaN,NaN
1,NaN,NaN,NaN,NaN,NaN,NaN,NaN,NaN
2,NaN,NaN,NaN,NaN,NaN,NaN,NaN,NaN
3,NaN,NaN,NaN,NaN,NaN,NaN,NaN,NaN
4,NaN,NaN,NaN,NaN,NaN,NaN,NaN,NaN
5,NaN,NaN,NaN,NaN,NaN,NaN,NaN,NaN
6,NaN,NaN,NaN,NaN,NaN,NaN,NaN,NaN
7,NaN,NaN,NaN,NaN,NaN,NaN,NaN,NaN
8,NaN,NaN,NaN,NaN,NaN,NaN,NaN,NaN
9,NaN,NaN,NaN,NaN,NaN,NaN,NaN,NaN
10,NaN,NaN,NaN,NaN,NaN,NaN,NaN,NaN
11,NaN,NaN,NaN,NaN,NaN,NaN,NaN,NaN
1,NaN,NaN,NaN,NaN,NaN,NaN,NaN,NaN
2,NaN,NaN,NaN,NaN,NaN,NaN,NaN,NaN
3,NaN,NaN,NaN,NaN,NaN,NaN,NaN,NaN
4,NaN,NaN,NaN,NaN,NaN,NaN,NaN,NaN
5,NaN,NaN,NaN,NaN,NaN,NaN,NaN,NaN
6,NaN,NaN,NaN,NaN,NaN,NaN,NaN,NaN
7,NaN,NaN,NaN,NaN,NaN,NaN,NaN,NaN
8,NaN,NaN,NaN,NaN,NaN,NaN,NaN,NaN
9,NaN,NaN,NaN,NaN,NaN,NaN,NaN,NaN
10,NaN,NaN,NaN,NaN,NaN,NaN,NaN,NaN
11,NaN,NaN,NaN,NaN,NaN,NaN,NaN,NaN
1,NaN,NaN,NaN,NaN,NaN,NaN,NaN,NaN
2,NaN,NaN,NaN,NaN,NaN,NaN,NaN,NaN
3,NaN,NaN,NaN,NaN,NaN,NaN,NaN,NaN
4,NaN,NaN,NaN,NaN,NaN,NaN,NaN,NaN
5,NaN,NaN,NaN,NaN,NaN,NaN,NaN,NaN
6,NaN,NaN,NaN,NaN,NaN,NaN,NaN,NaN
7,NaN,NaN,NaN,NaN,NaN,NaN,NaN,NaN
8,NaN,NaN,NaN,NaN,NaN,NaN,NaN,NaN
9,NaN,NaN,NaN,NaN,NaN,NaN,NaN,NaN
10,NaN,NaN,NaN,NaN,NaN,NaN,NaN,NaN
11,NaN,NaN,NaN,NaN,NaN,NaN,NaN,NaN
1,NaN,NaN,NaN,NaN,NaN,NaN,NaN,NaN
2,NaN,NaN,NaN,NaN,NaN,NaN,NaN,NaN
3,NaN,NaN,NaN,NaN,NaN,NaN,NaN,NaN
4,NaN,NaN,NaN,NaN,NaN,NaN,NaN,NaN
5,NaN,NaN,NaN,NaN,NaN,NaN,NaN,NaN
6,NaN,NaN,NaN,NaN,NaN,NaN,NaN,NaN
7,NaN,NaN,NaN,NaN,NaN,NaN,NaN,NaN
8,NaN,NaN,NaN,NaN,NaN,NaN,NaN,NaN
9,NaN,NaN,NaN,NaN,NaN,NaN,NaN,NaN
10,NaN,NaN,NaN,NaN,NaN,NaN,NaN,NaN
11,NaN,NaN,NaN,NaN,NaN,NaN,NaN,NaN
1,NaN,NaN,NaN,NaN,NaN,NaN,NaN,NaN
2,NaN,NaN,NaN,NaN,NaN,NaN,NaN,NaN
3,NaN,NaN,NaN,NaN,NaN,NaN,NaN,NaN
4,NaN,NaN,NaN,NaN,NaN,NaN,NaN,NaN
5,NaN,NaN,NaN,NaN,NaN,NaN,NaN,NaN
6,NaN,NaN,NaN,NaN,NaN,NaN,NaN,NaN
7,NaN,NaN,NaN,NaN,NaN,NaN,NaN,NaN
8,NaN,NaN,NaN,NaN,NaN,NaN,NaN,NaN
9,NaN,NaN,NaN,NaN,NaN,NaN,NaN,NaN
10,NaN,NaN,NaN,NaN,NaN,NaN,NaN,NaN
11,NaN,NaN,NaN,NaN,NaN,NaN,NaN,NaN
1,NaN,NaN,NaN,NaN,NaN,NaN,NaN,NaN
2,NaN,NaN,NaN,NaN,NaN,NaN,NaN,NaN
3,NaN,NaN,NaN,NaN,NaN,NaN,NaN,NaN
4,NaN,NaN,NaN,NaN,NaN,NaN,NaN,NaN
5,NaN,NaN,NaN,NaN,NaN,NaN,NaN,NaN
6,NaN,NaN,NaN,NaN,NaN,NaN,NaN,NaN
7,NaN,NaN,NaN,NaN,NaN,NaN,NaN,NaN
8,NaN,NaN,NaN,NaN,NaN,NaN,NaN,NaN
9,NaN,NaN,NaN,NaN,NaN,NaN,NaN,NaN
10,NaN,NaN,NaN,NaN,NaN,NaN,NaN,NaN
11,NaN,NaN,NaN,NaN,NaN,NaN,NaN,NaN
1,NaN,NaN,NaN,NaN,NaN,NaN,NaN,NaN
2,NaN,NaN,NaN,NaN,NaN,NaN,NaN,NaN
3,NaN,NaN,NaN,NaN,NaN,NaN,NaN,NaN
4,NaN,NaN,NaN,NaN,NaN,NaN,NaN,NaN
5,NaN,NaN,NaN,NaN,NaN,NaN,NaN,NaN
6,NaN,NaN,NaN,NaN,NaN,NaN,NaN,NaN
7,NaN,NaN,NaN,NaN,NaN,NaN,NaN,NaN
8,NaN,NaN,NaN,NaN,NaN,NaN,NaN,NaN
9,NaN,NaN,NaN,NaN,NaN,NaN,NaN,NaN
10,NaN,NaN,NaN,NaN,NaN,NaN,NaN,NaN
11,NaN,NaN,NaN,NaN,NaN,NaN,NaN,NaN
1,NaN,NaN,NaN,NaN,NaN,NaN,NaN,NaN
2,NaN,NaN,NaN,NaN,NaN,NaN,NaN,NaN
3,NaN,NaN,NaN,NaN,NaN,NaN,NaN,NaN
4,NaN,NaN,NaN,NaN,NaN,NaN,NaN,NaN
5,NaN,NaN,NaN,NaN,NaN,NaN,NaN,NaN
6,NaN,NaN,NaN,NaN,NaN,NaN,NaN,NaN
7,NaN,NaN,NaN,NaN,NaN,NaN,NaN,NaN
8,NaN,NaN,NaN,NaN,NaN,NaN,NaN,NaN
9,NaN,NaN,NaN,NaN,NaN,NaN,NaN,NaN
10,NaN,NaN,NaN,NaN,NaN,NaN,NaN,NaN
11,NaN,NaN,NaN,NaN,NaN,NaN,NaN,NaN
1,NaN,NaN,NaN,NaN,NaN,NaN,NaN,NaN
2,NaN,NaN,NaN,NaN,NaN,NaN,NaN,NaN
3,NaN,NaN,NaN,NaN,NaN,NaN,NaN,NaN
4,NaN,NaN,NaN,NaN,NaN,NaN,NaN,NaN
5,NaN,NaN,NaN,NaN,NaN,NaN,NaN,NaN
6,NaN,NaN,NaN,NaN,NaN,NaN,NaN,NaN
7,NaN,NaN,NaN,NaN,NaN,NaN,NaN,NaN
8,NaN,NaN,NaN,NaN,NaN,NaN,NaN,NaN
9,NaN,NaN,NaN,NaN,NaN,NaN,NaN,NaN
10,NaN,NaN,NaN,NaN,NaN,NaN,NaN,NaN
11,NaN,NaN,NaN,NaN,NaN,NaN,NaN,NaN
1,NaN,NaN,NaN,NaN,NaN,NaN,NaN,NaN
2,NaN,NaN,NaN,NaN,NaN,NaN,NaN,NaN
3,NaN,NaN,NaN,NaN,NaN,NaN,NaN,NaN
4,NaN,NaN,NaN,NaN,NaN,NaN,NaN,NaN
5,NaN,NaN,NaN,NaN,NaN,NaN,NaN,NaN
6,NaN,NaN,NaN,NaN,NaN,NaN,NaN,NaN
7,NaN,NaN,NaN,NaN,NaN,NaN,NaN,NaN
8,NaN,NaN,NaN,NaN,NaN,NaN,NaN,NaN
9,NaN,NaN,NaN,NaN,NaN,NaN,NaN,NaN
10,NaN,NaN,NaN,NaN,NaN,NaN,NaN,NaN
11,NaN,NaN,NaN,NaN,NaN,NaN,NaN,NaN
1,NaN,NaN,NaN,NaN,NaN,NaN,NaN,NaN
2,NaN,NaN,NaN,NaN,NaN,NaN,NaN,NaN
3,NaN,NaN,NaN,NaN,NaN,NaN,NaN,NaN
4,NaN,NaN,NaN,NaN,NaN,NaN,NaN,NaN
5,NaN,NaN,NaN,NaN,NaN,NaN,NaN,NaN
6,NaN,NaN,NaN,NaN,NaN,NaN,NaN,NaN
7,NaN,NaN,NaN,NaN,NaN,NaN,NaN,NaN
8,NaN,NaN,NaN,NaN,NaN,NaN,NaN,NaN
9,NaN,NaN,NaN,NaN,NaN,NaN,NaN,NaN
10,NaN,NaN,NaN,NaN,NaN,NaN,NaN,NaN
11,NaN,NaN,NaN,NaN,NaN,NaN,NaN,NaN
1,NaN,NaN,NaN,NaN,NaN,NaN,NaN,NaN
2,NaN,NaN,NaN,NaN,NaN,NaN,NaN,NaN
3,NaN,NaN,NaN,NaN,NaN,NaN,NaN,NaN
4,NaN,NaN,NaN,NaN,NaN,NaN,NaN,NaN
5,NaN,NaN,NaN,NaN,NaN,NaN,NaN,NaN
6,NaN,NaN,NaN,NaN,NaN,NaN,NaN,NaN
7,NaN,NaN,NaN,NaN,NaN,NaN,NaN,NaN
8,NaN,NaN,NaN,NaN,NaN,NaN,NaN,NaN
9,NaN,NaN,NaN,NaN,NaN,NaN,NaN,NaN
10,NaN,NaN,NaN,NaN,NaN,NaN,NaN,NaN
11,NaN,NaN,NaN,NaN,NaN,NaN,NaN,NaN
1,NaN,NaN,NaN,NaN,NaN,NaN,NaN,NaN
2,NaN,NaN,NaN,NaN,NaN,NaN,NaN,NaN
3,NaN,NaN,NaN,NaN,NaN,NaN,NaN,NaN
4,NaN,NaN,NaN,NaN,NaN,NaN,NaN,NaN
5,NaN,NaN,NaN,NaN,NaN,NaN,NaN,NaN
6,NaN,NaN,NaN,NaN,NaN,NaN,NaN,NaN
7,NaN,NaN,NaN,NaN,NaN,NaN,NaN,NaN
8,NaN,NaN,NaN,NaN,NaN,NaN,NaN,NaN
9,NaN,NaN,NaN,NaN,NaN,NaN,NaN,NaN
10,NaN,NaN,NaN,NaN,NaN,NaN,NaN,NaN
11,NaN,NaN,NaN,NaN,NaN,NaN,NaN,NaN
1,NaN,NaN,NaN,NaN,NaN,NaN,NaN,NaN
2,NaN,NaN,NaN,NaN,NaN,NaN,NaN,NaN
3,NaN,NaN,NaN,NaN,NaN,NaN,NaN,NaN
4,NaN,NaN,NaN,NaN,NaN,NaN,NaN,NaN
5,NaN,NaN,NaN,NaN,NaN,NaN,NaN,NaN
6,NaN,NaN,NaN,NaN,NaN,NaN,NaN,NaN
7,NaN,NaN,NaN,NaN,NaN,NaN,NaN,NaN
8,NaN,NaN,NaN,NaN,NaN,NaN,NaN,NaN
9,NaN,NaN,NaN,NaN,NaN,NaN,NaN,NaN
10,NaN,NaN,NaN,NaN,NaN,NaN,NaN,NaN
11,NaN,NaN,NaN,NaN,NaN,NaN,NaN,NaN
1,NaN,NaN,NaN,NaN,NaN,NaN,NaN,NaN
2,NaN,NaN,NaN,NaN,NaN,NaN,NaN,NaN
3,NaN,NaN,NaN,NaN,NaN,NaN,NaN,NaN
4,NaN,NaN,NaN,NaN,NaN,NaN,NaN,NaN
5,NaN,NaN,NaN,NaN,NaN,NaN,NaN,NaN
6,NaN,NaN,NaN,NaN,NaN,NaN,NaN,NaN
7,NaN,NaN,NaN,NaN,NaN,NaN,NaN,NaN
8,NaN,NaN,NaN,NaN,NaN,NaN,NaN,NaN
9,NaN,NaN,NaN,NaN,NaN,NaN,NaN,NaN
10,NaN,NaN,NaN,NaN,NaN,NaN,NaN,NaN
11,NaN,NaN,NaN,NaN,NaN,NaN,NaN,NaN
1,NaN,NaN,NaN,NaN,NaN,NaN,NaN,NaN
2,NaN,NaN,NaN,NaN,NaN,NaN,NaN,NaN
3,NaN,NaN,NaN,NaN,NaN,NaN,NaN,NaN
4,NaN,NaN,NaN,NaN,NaN,NaN,NaN,NaN
5,NaN,NaN,NaN,NaN,NaN,NaN,NaN,NaN
6,NaN,NaN,NaN,NaN,NaN,NaN,NaN,NaN
7,NaN,NaN,NaN,NaN,NaN,NaN,NaN,NaN
8,NaN,NaN,NaN,NaN,NaN,NaN,NaN,NaN
9,NaN,NaN,NaN,NaN,NaN,NaN,NaN,NaN
10,NaN,NaN,NaN,NaN,NaN,NaN,NaN,NaN
11,NaN,NaN,NaN,NaN,NaN,NaN,NaN,NaN
1,NaN,NaN,NaN,NaN,NaN,NaN,NaN,NaN
2,NaN,NaN,NaN,NaN,NaN,NaN,NaN,NaN
3,NaN,NaN,NaN,NaN,NaN,NaN,NaN,NaN
4,NaN,NaN,NaN,NaN,NaN,NaN,NaN,NaN
5,NaN,NaN,NaN,NaN,NaN,NaN,NaN,NaN
6,NaN,NaN,NaN,NaN,NaN,NaN,NaN,NaN
7,NaN,NaN,NaN,NaN,NaN,NaN,NaN,NaN
8,NaN,NaN,NaN,NaN,NaN,NaN,NaN,NaN
9,NaN,NaN,NaN,NaN,NaN,NaN,NaN,NaN
10,NaN,NaN,NaN,NaN,NaN,NaN,NaN,NaN
11,NaN,NaN,NaN,NaN,NaN,NaN,NaN,NaN
1,NaN,NaN,NaN,NaN,NaN,NaN,NaN,NaN
2,NaN,NaN,NaN,NaN,NaN,NaN,NaN,NaN
3,NaN,NaN,NaN,NaN,NaN,NaN,NaN,NaN
4,NaN,NaN,NaN,NaN,NaN,NaN,NaN,NaN
5,NaN,NaN,NaN,NaN,NaN,NaN,NaN,NaN
6,NaN,NaN,NaN,NaN,NaN,NaN,NaN,NaN
7,NaN,NaN,NaN,NaN,NaN,NaN,NaN,NaN
8,NaN,NaN,NaN,NaN,NaN,NaN,NaN,NaN
9,NaN,NaN,NaN,NaN,NaN,NaN,NaN,NaN
10,NaN,NaN,NaN,NaN,NaN,NaN,NaN,NaN
11,NaN,NaN,NaN,NaN,NaN,NaN,NaN,NaN
1,NaN,NaN,NaN,NaN,NaN,NaN,NaN,NaN
2,NaN,NaN,NaN,NaN,NaN,NaN,NaN,NaN
3,NaN,NaN,NaN,NaN,NaN,NaN,NaN,NaN
4,NaN,NaN,NaN,NaN,NaN,NaN,NaN,NaN
5,NaN,NaN,NaN,NaN,NaN,NaN,NaN,NaN
6,NaN,NaN,NaN,NaN,NaN,NaN,NaN,NaN
7,NaN,NaN,NaN,NaN,NaN,NaN,NaN,NaN
8,NaN,NaN,NaN,NaN,NaN,NaN,NaN,NaN
9,NaN,NaN,NaN,NaN,NaN,NaN,NaN,NaN
10,NaN,NaN,NaN,NaN,NaN,NaN,NaN,NaN
11,NaN,NaN,NaN,NaN,NaN,NaN,NaN,NaN
1,NaN,NaN,NaN,NaN,NaN,NaN,NaN,NaN
2,NaN,NaN,NaN,NaN,NaN,NaN,NaN,NaN
3,NaN,NaN,NaN,NaN,NaN,NaN,NaN,NaN
4,NaN,NaN,NaN,NaN,NaN,NaN,NaN,NaN
5,NaN,NaN,NaN,NaN,NaN,NaN,NaN,NaN
6,NaN,NaN,NaN,NaN,NaN,NaN,NaN,NaN
7,NaN,NaN,NaN,NaN,NaN,NaN,NaN,NaN
8,NaN,NaN,NaN,NaN,NaN,NaN,NaN,NaN
9,NaN,NaN,NaN,NaN,NaN,NaN,NaN,NaN
10,NaN,NaN,NaN,NaN,NaN,NaN,NaN,NaN
11,NaN,NaN,NaN,NaN,NaN,NaN,NaN,NaN
1,NaN,NaN,NaN,NaN,NaN,NaN,NaN,NaN
2,NaN,NaN,NaN,NaN,NaN,NaN,NaN,NaN
3,NaN,NaN,NaN,NaN,NaN,NaN,NaN,NaN
4,NaN,NaN,NaN,NaN,NaN,NaN,NaN,NaN
5,NaN,NaN,NaN,NaN,NaN,NaN,NaN,NaN
6,NaN,NaN,NaN,NaN,NaN,NaN,NaN,NaN
7,NaN,NaN,NaN,NaN,NaN,NaN,NaN,NaN
8,NaN,NaN,NaN,NaN,NaN,NaN,NaN,NaN
9,NaN,NaN,NaN,NaN,NaN,NaN,NaN,NaN
10,NaN,NaN,NaN,NaN,NaN,NaN,NaN,NaN
11,NaN,NaN,NaN,NaN,NaN,NaN,NaN,NaN
1,NaN,NaN,NaN,NaN,NaN,NaN,NaN,NaN
2,NaN,NaN,NaN,NaN,NaN,NaN,NaN,NaN
3,NaN,NaN,NaN,NaN,NaN,NaN,NaN,NaN
4,NaN,NaN,NaN,NaN,NaN,NaN,NaN,NaN
5,NaN,NaN,NaN,NaN,NaN,NaN,NaN,NaN
6,NaN,NaN,NaN,NaN,NaN,NaN,NaN,NaN
7,NaN,NaN,NaN,NaN,NaN,NaN,NaN,NaN
8,NaN,NaN,NaN,NaN,NaN,NaN,NaN,NaN
9,NaN,NaN,NaN,NaN,NaN,NaN,NaN,NaN
10,NaN,NaN,NaN,NaN,NaN,NaN,NaN,NaN
11,NaN,NaN,NaN,NaN,NaN,NaN,NaN,NaN
1,NaN,NaN,NaN,NaN,NaN,NaN,NaN,NaN
2,NaN,NaN,NaN,NaN,NaN,NaN,NaN,NaN
3,NaN,NaN,NaN,NaN,NaN,NaN,NaN,NaN
4,NaN,NaN,NaN,NaN,NaN,NaN,NaN,NaN
5,NaN,NaN,NaN,NaN,NaN,NaN,NaN,NaN
6,NaN,NaN,NaN,NaN,NaN,NaN,NaN,NaN
7,NaN,NaN,NaN,NaN,NaN,NaN,NaN,NaN
8,NaN,NaN,NaN,NaN,NaN,NaN,NaN,NaN
9,NaN,NaN,NaN,NaN,NaN,NaN,NaN,NaN
10,NaN,NaN,NaN,NaN,NaN,NaN,NaN,NaN
11,NaN,NaN,NaN,NaN,NaN,NaN,NaN,NaN
1,NaN,NaN,NaN,NaN,NaN,NaN,NaN,NaN
2,NaN,NaN,NaN,NaN,NaN,NaN,NaN,NaN
3,NaN,NaN,NaN,NaN,NaN,NaN,NaN,NaN
4,NaN,NaN,NaN,NaN,NaN,NaN,NaN,NaN
5,NaN,NaN,NaN,NaN,NaN,NaN,NaN,NaN
6,NaN,NaN,NaN,NaN,NaN,NaN,NaN,NaN
7,NaN,NaN,NaN,NaN,NaN,NaN,NaN,NaN
8,NaN,NaN,NaN,NaN,NaN,NaN,NaN,NaN
9,NaN,NaN,NaN,NaN,NaN,NaN,NaN,NaN
10,NaN,NaN,NaN,NaN,NaN,NaN,NaN,NaN
11,NaN,NaN,NaN,NaN,NaN,NaN,NaN,NaN
1,NaN,NaN,NaN,NaN,NaN,NaN,NaN,NaN
2,NaN,NaN,NaN,NaN,NaN,NaN,NaN,NaN
3,NaN,NaN,NaN,NaN,NaN,NaN,NaN,NaN
4,NaN,NaN,NaN,NaN,NaN,NaN,NaN,NaN
5,NaN,NaN,NaN,NaN,NaN,NaN,NaN,NaN
6,NaN,NaN,NaN,NaN,NaN,NaN,NaN,NaN
7,NaN,NaN,NaN,NaN,NaN,NaN,NaN,NaN
8,NaN,NaN,NaN,NaN,NaN,NaN,NaN,NaN
9,NaN,NaN,NaN,NaN,NaN,NaN,NaN,NaN
10,NaN,NaN,NaN,NaN,NaN,NaN,NaN,NaN
11,NaN,NaN,NaN,NaN,NaN,NaN,NaN,NaN
1,NaN,NaN,NaN,NaN,NaN,NaN,NaN,NaN
2,NaN,NaN,NaN,NaN,NaN,NaN,NaN,NaN
3,NaN,NaN,NaN,NaN,NaN,NaN,NaN,NaN
4,NaN,NaN,NaN,NaN,NaN,NaN,NaN,NaN
5,NaN,NaN,NaN,NaN,NaN,NaN,NaN,NaN
6,NaN,NaN,NaN,NaN,NaN,NaN,NaN,NaN
7,NaN,NaN,NaN,NaN,NaN,NaN,NaN,NaN
8,NaN,NaN,NaN,NaN,NaN,NaN,NaN,NaN
9,NaN,NaN,NaN,NaN,NaN,NaN,NaN,NaN
10,NaN,NaN,NaN,NaN,NaN,NaN,NaN,NaN
11,NaN,NaN,NaN,NaN,NaN,NaN,NaN,NaN
1,NaN,NaN,NaN,NaN,NaN,NaN,NaN,NaN
2,NaN,NaN,NaN,NaN,NaN,NaN,NaN,NaN
3,NaN,NaN,NaN,NaN,NaN,NaN,NaN,NaN
4,NaN,NaN,NaN,NaN,NaN,NaN,NaN,NaN
5,NaN,NaN,NaN,NaN,NaN,NaN,NaN,NaN
6,NaN,NaN,NaN,NaN,NaN,NaN,NaN,NaN
7,NaN,NaN,NaN,NaN,NaN,NaN,NaN,NaN
8,NaN,NaN,NaN,NaN,NaN,NaN,NaN,NaN
9,NaN,NaN,NaN,NaN,NaN,NaN,NaN,NaN
10,NaN,NaN,NaN,NaN,NaN,NaN,NaN,NaN
11,NaN,NaN,NaN,NaN,NaN,NaN,NaN,NaN
1,NaN,NaN,NaN,NaN,NaN,NaN,NaN,NaN
2,NaN,NaN,NaN,NaN,NaN,NaN,NaN,NaN
3,NaN,NaN,NaN,NaN,NaN,NaN,NaN,NaN
4,NaN,NaN,NaN,NaN,NaN,NaN,NaN,NaN
5,NaN,NaN,NaN,NaN,NaN,NaN,NaN,NaN
6,NaN,NaN,NaN,NaN,NaN,NaN,NaN,NaN
7,NaN,NaN,NaN,NaN,NaN,NaN,NaN,NaN
8,NaN,NaN,NaN,NaN,NaN,NaN,NaN,NaN
9,NaN,NaN,NaN,NaN,NaN,NaN,NaN,NaN
10,NaN,NaN,NaN,NaN,NaN,NaN,NaN,NaN
11,NaN,NaN,NaN,NaN,NaN,NaN,NaN,NaN
1,NaN,NaN,NaN,NaN,NaN,NaN,NaN,NaN
2,NaN,NaN,NaN,NaN,NaN,NaN,NaN,NaN
3,NaN,NaN,NaN,NaN,NaN,NaN,NaN,NaN
4,NaN,NaN,NaN,NaN,NaN,NaN,NaN,NaN
5,NaN,NaN,NaN,NaN,NaN,NaN,NaN,NaN
6,NaN,NaN,NaN,NaN,NaN,NaN,NaN,NaN
7,NaN,NaN,NaN,NaN,NaN,NaN,NaN,NaN
8,NaN,NaN,NaN,NaN,NaN,NaN,NaN,NaN
9,NaN,NaN,NaN,NaN,NaN,NaN,NaN,NaN
10,NaN,NaN,NaN,NaN,NaN,NaN,NaN,NaN
11,NaN,NaN,NaN,NaN,NaN,NaN,NaN,NaN
1,NaN,NaN,NaN,NaN,NaN,NaN,NaN,NaN
2,NaN,NaN,NaN,NaN,NaN,NaN,NaN,NaN
3,NaN,NaN,NaN,NaN,NaN,NaN,NaN,NaN
4,NaN,NaN,NaN,NaN,NaN,NaN,NaN,NaN
5,NaN,NaN,NaN,NaN,NaN,NaN,NaN,NaN
6,NaN,NaN,NaN,NaN,NaN,NaN,NaN,NaN
7,NaN,NaN,NaN,NaN,NaN,NaN,NaN,NaN
8,NaN,NaN,NaN,NaN,NaN,NaN,NaN,NaN
9,NaN,NaN,NaN,NaN,NaN,NaN,NaN,NaN
10,NaN,NaN,NaN,NaN,NaN,NaN,NaN,NaN
11,NaN,NaN,NaN,NaN,NaN,NaN,NaN,NaN
1,NaN,NaN,NaN,NaN,NaN,NaN,NaN,NaN
2,NaN,NaN,NaN,NaN,NaN,NaN,NaN,NaN
3,NaN,NaN,NaN,NaN,NaN,NaN,NaN,NaN
4,NaN,NaN,NaN,NaN,NaN,NaN,NaN,NaN
5,NaN,NaN,NaN,NaN,NaN,NaN,NaN,NaN
6,NaN,NaN,NaN,NaN,NaN,NaN,NaN,NaN
7,NaN,NaN,NaN,NaN,NaN,NaN,NaN,NaN
8,NaN,NaN,NaN,NaN,NaN,NaN,NaN,NaN
9,NaN,NaN,NaN,NaN,NaN,NaN,NaN,NaN
10,NaN,NaN,NaN,NaN,NaN,NaN,NaN,NaN
11,NaN,NaN,NaN,NaN,NaN,NaN,NaN,NaN
1,NaN,NaN,NaN,NaN,NaN,NaN,NaN,NaN
2,NaN,NaN,NaN,NaN,NaN,NaN,NaN,NaN
3,NaN,NaN,NaN,NaN,NaN,NaN,NaN,NaN
4,NaN,NaN,NaN,NaN,NaN,NaN,NaN,NaN
5,NaN,NaN,NaN,NaN,NaN,NaN,NaN,NaN
6,NaN,NaN,NaN,NaN,NaN,NaN,NaN,NaN
7,NaN,NaN,NaN,NaN,NaN,NaN,NaN,NaN
8,NaN,NaN,NaN,NaN,NaN,NaN,NaN,NaN
9,NaN,NaN,NaN,NaN,NaN,NaN,NaN,NaN
10,NaN,NaN,NaN,NaN,NaN,NaN,NaN,NaN
11,NaN,NaN,NaN,NaN,NaN,NaN,NaN,NaN
1,NaN,NaN,NaN,NaN,NaN,NaN,NaN,NaN
2,NaN,NaN,NaN,NaN,NaN,NaN,NaN,NaN
3,NaN,NaN,NaN,NaN,NaN,NaN,NaN,NaN
4,NaN,NaN,NaN,NaN,NaN,NaN,NaN,NaN
5,NaN,NaN,NaN,NaN,NaN,NaN,NaN,NaN
6,NaN,NaN,NaN,NaN,NaN,NaN,NaN,NaN
7,NaN,NaN,NaN,NaN,NaN,NaN,NaN,NaN
8,NaN,NaN,NaN,NaN,NaN,NaN,NaN,NaN
9,NaN,NaN,NaN,NaN,NaN,NaN,NaN,NaN
10,NaN,NaN,NaN,NaN,NaN,NaN,NaN,NaN
11,NaN,NaN,NaN,NaN,NaN,NaN,NaN,NaN
1,NaN,NaN,NaN,NaN,NaN,NaN,NaN,NaN
2,NaN,NaN,NaN,NaN,NaN,NaN,NaN,NaN
3,NaN,NaN,NaN,NaN,NaN,NaN,NaN,NaN
4,NaN,NaN,NaN,NaN,NaN,NaN,NaN,NaN
5,NaN,NaN,NaN,NaN,NaN,NaN,NaN,NaN
6,NaN,NaN,NaN,NaN,NaN,NaN,NaN,NaN
7,NaN,NaN,NaN,NaN,NaN,NaN,NaN,NaN
8,NaN,NaN,NaN,NaN,NaN,NaN,NaN,NaN
9,NaN,NaN,NaN,NaN,NaN,NaN,NaN,NaN
10,NaN,NaN,NaN,NaN,NaN,NaN,NaN,NaN
11,NaN,NaN,NaN,NaN,NaN,NaN,NaN,NaN
1,NaN,NaN,NaN,NaN,NaN,NaN,NaN,NaN
2,NaN,NaN,NaN,NaN,NaN,NaN,NaN,NaN
3,NaN,NaN,NaN,NaN,NaN,NaN,NaN,NaN
4,NaN,NaN,NaN,NaN,NaN,NaN,NaN,NaN
5,NaN,NaN,NaN,NaN,NaN,NaN,NaN,NaN
6,NaN,NaN,NaN,NaN,NaN,NaN,NaN,NaN
7,NaN,NaN,NaN,NaN,NaN,NaN,NaN,NaN
8,NaN,NaN,NaN,NaN,NaN,NaN,NaN,NaN
9,NaN,NaN,NaN,NaN,NaN,NaN,NaN,NaN
10,NaN,NaN,NaN,NaN,NaN,NaN,NaN,NaN
11,NaN,NaN,NaN,NaN,NaN,NaN,NaN,NaN
1,NaN,NaN,NaN,NaN,NaN,NaN,NaN,NaN
2,NaN,NaN,NaN,NaN,NaN,NaN,NaN,NaN
3,NaN,NaN,NaN,NaN,NaN,NaN,NaN,NaN
4,NaN,NaN,NaN,NaN,NaN,NaN,NaN,NaN
5,NaN,NaN,NaN,NaN,NaN,NaN,NaN,NaN
6,NaN,NaN,NaN,NaN,NaN,NaN,NaN,NaN
7,NaN,NaN,NaN,NaN,NaN,NaN,NaN,NaN
8,NaN,NaN,NaN,NaN,NaN,NaN,NaN,NaN
9,NaN,NaN,NaN,NaN,NaN,NaN,NaN,NaN
10,NaN,NaN,NaN,NaN,NaN,NaN,NaN,NaN
11,NaN,NaN,NaN,NaN,NaN,NaN,NaN,NaN
1,NaN,NaN,NaN,NaN,NaN,NaN,NaN,NaN
2,NaN,NaN,NaN,NaN,NaN,NaN,NaN,NaN
3,NaN,NaN,NaN,NaN,NaN,NaN,NaN,NaN
4,NaN,NaN,NaN,NaN,NaN,NaN,NaN,NaN
5,NaN,NaN,NaN,NaN,NaN,NaN,NaN,NaN
6,NaN,NaN,NaN,NaN,NaN,NaN,NaN,NaN
7,NaN,NaN,NaN,NaN,NaN,NaN,NaN,NaN
8,NaN,NaN,NaN,NaN,NaN,NaN,NaN,NaN
9,NaN,NaN,NaN,NaN,NaN,NaN,NaN,NaN
10,NaN,NaN,NaN,NaN,NaN,NaN,NaN,NaN
11,NaN,NaN,NaN,NaN,NaN,NaN,NaN,NaN
1,NaN,NaN,NaN,NaN,NaN,NaN,NaN,NaN
2,NaN,NaN,NaN,NaN,NaN,NaN,NaN,NaN
3,NaN,NaN,NaN,NaN,NaN,NaN,NaN,NaN
4,NaN,NaN,NaN,NaN,NaN,NaN,NaN,NaN
5,NaN,NaN,NaN,NaN,NaN,NaN,NaN,NaN
6,NaN,NaN,NaN,NaN,NaN,NaN,NaN,NaN
7,NaN,NaN,NaN,NaN,NaN,NaN,NaN,NaN
8,NaN,NaN,NaN,NaN,NaN,NaN,NaN,NaN
9,NaN,NaN,NaN,NaN,NaN,NaN,NaN,NaN
10,NaN,NaN,NaN,NaN,NaN,NaN,NaN,NaN
11,NaN,NaN,NaN,NaN,NaN,NaN,NaN,NaN
1,NaN,NaN,NaN,NaN,NaN,NaN,NaN,NaN
2,NaN,NaN,NaN,NaN,NaN,NaN,NaN,NaN
3,NaN,NaN,NaN,NaN,NaN,NaN,NaN,NaN
4,NaN,NaN,NaN,NaN,NaN,NaN,NaN,NaN
5,NaN,NaN,NaN,NaN,NaN,NaN,NaN,NaN
6,NaN,NaN,NaN,NaN,NaN,NaN,NaN,NaN
7,NaN,NaN,NaN,NaN,NaN,NaN,NaN,NaN
8,NaN,NaN,NaN,NaN,NaN,NaN,NaN,NaN
9,NaN,NaN,NaN,NaN,NaN,NaN,NaN,NaN
10,NaN,NaN,NaN,NaN,NaN,NaN,NaN,NaN
11,NaN,NaN,NaN,NaN,NaN,NaN,NaN,NaN
1,NaN,NaN,NaN,NaN,NaN,NaN,NaN,NaN
2,NaN,NaN,NaN,NaN,NaN,NaN,NaN,NaN
3,NaN,NaN,NaN,NaN,NaN,NaN,NaN,NaN
4,NaN,NaN,NaN,NaN,NaN,NaN,NaN,NaN
5,NaN,NaN,NaN,NaN,NaN,NaN,NaN,NaN
6,NaN,NaN,NaN,NaN,NaN,NaN,NaN,NaN
7,NaN,NaN,NaN,NaN,NaN,NaN,NaN,NaN
8,NaN,NaN,NaN,NaN,NaN,NaN,NaN,NaN
9,NaN,NaN,NaN,NaN,NaN,NaN,NaN,NaN
10,NaN,NaN,NaN,NaN,NaN,NaN,NaN,NaN
11,NaN,NaN,NaN,NaN,NaN,NaN,NaN,NaN
1,NaN,NaN,NaN,NaN,NaN,NaN,NaN,NaN
2,NaN,NaN,NaN,NaN,NaN,NaN,NaN,NaN
3,NaN,NaN,NaN,NaN,NaN,NaN,NaN,NaN
4,NaN,NaN,NaN,NaN,NaN,NaN,NaN,NaN
5,NaN,NaN,NaN,NaN,NaN,NaN,NaN,NaN
6,NaN,NaN,NaN,NaN,NaN,NaN,NaN,NaN
7,NaN,NaN,NaN,NaN,NaN,NaN,NaN,NaN
8,NaN,NaN,NaN,NaN,NaN,NaN,NaN,NaN
9,NaN,NaN,NaN,NaN,NaN,NaN,NaN,NaN
10,NaN,NaN,NaN,NaN,NaN,NaN,NaN,NaN
11,NaN,NaN,NaN,NaN,NaN,NaN,NaN,NaN
1,NaN,NaN,NaN,NaN,NaN,NaN,NaN,NaN
2,NaN,NaN,NaN,NaN,NaN,NaN,NaN,NaN
3,NaN,NaN,NaN,NaN,NaN,NaN,NaN,NaN
4,NaN,NaN,NaN,NaN,NaN,NaN,NaN,NaN
5,NaN,NaN,NaN,NaN,NaN,NaN,NaN,NaN
6,NaN,NaN,NaN,NaN,NaN,NaN,NaN,NaN
7,NaN,NaN,NaN,NaN,NaN,NaN,NaN,NaN
8,NaN,NaN,NaN,NaN,NaN,NaN,NaN,NaN
9,NaN,NaN,NaN,NaN,NaN,NaN,NaN,NaN
10,NaN,NaN,NaN,NaN,NaN,NaN,NaN,NaN
11,NaN,NaN,NaN,NaN,NaN,NaN,NaN,NaN
1,NaN,NaN,NaN,NaN,NaN,NaN,NaN,NaN
2,NaN,NaN,NaN,NaN,NaN,NaN,NaN,NaN
3,NaN,NaN,NaN,NaN,NaN,NaN,NaN,NaN
4,NaN,NaN,NaN,NaN,NaN,NaN,NaN,NaN
5,NaN,NaN,NaN,NaN,NaN,NaN,NaN,NaN
6,NaN,NaN,NaN,NaN,NaN,NaN,NaN,NaN
7,NaN,NaN,NaN,NaN,NaN,NaN,NaN,NaN
8,NaN,NaN,NaN,NaN,NaN,NaN,NaN,NaN
9,NaN,NaN,NaN,NaN,NaN,NaN,NaN,NaN
10,NaN,NaN,NaN,NaN,NaN,NaN,NaN,NaN
11,NaN,NaN,NaN,NaN,NaN,NaN,NaN,NaN
1,NaN,NaN,NaN,NaN,NaN,NaN,NaN,NaN
2,NaN,NaN,NaN,NaN,NaN,NaN,NaN,NaN
3,NaN,NaN,NaN,NaN,NaN,NaN,NaN,NaN
4,NaN,NaN,NaN,NaN,NaN,NaN,NaN,NaN
5,NaN,NaN,NaN,NaN,NaN,NaN,NaN,NaN
6,NaN,NaN,NaN,NaN,NaN,NaN,NaN,NaN
7,NaN,NaN,NaN,NaN,NaN,NaN,NaN,NaN
8,NaN,NaN,NaN,NaN,NaN,NaN,NaN,NaN
9,NaN,NaN,NaN,NaN,NaN,NaN,NaN,NaN
10,NaN,NaN,NaN,NaN,NaN,NaN,NaN,NaN
11,NaN,NaN,NaN,NaN,NaN,NaN,NaN,NaN
1,NaN,NaN,NaN,NaN,NaN,NaN,NaN,NaN
2,NaN,NaN,NaN,NaN,NaN,NaN,NaN,NaN
3,NaN,NaN,NaN,NaN,NaN,NaN,NaN,NaN
4,NaN,NaN,NaN,NaN,NaN,NaN,NaN,NaN
5,NaN,NaN,NaN,NaN,NaN,NaN,NaN,NaN
6,NaN,NaN,NaN,NaN,NaN,NaN,NaN,NaN
7,NaN,NaN,NaN,NaN,NaN,NaN,NaN,NaN
8,NaN,NaN,NaN,NaN,NaN,NaN,NaN,NaN
9,NaN,NaN,NaN,NaN,NaN,NaN,NaN,NaN
10,NaN,NaN,NaN,NaN,NaN,NaN,NaN,NaN
11,NaN,NaN,NaN,NaN,NaN,NaN,NaN,NaN
1,NaN,NaN,NaN,NaN,NaN,NaN,NaN,NaN
2,NaN,NaN,NaN,NaN,NaN,NaN,NaN,NaN
3,NaN,NaN,NaN,NaN,NaN,NaN,NaN,NaN
4,NaN,NaN,NaN,NaN,NaN,NaN,NaN,NaN
5,NaN,NaN,NaN,NaN,NaN,NaN,NaN,NaN
6,NaN,NaN,NaN,NaN,NaN,NaN,NaN,NaN
7,NaN,NaN,NaN,NaN,NaN,NaN,NaN,NaN
8,NaN,NaN,NaN,NaN,NaN,NaN,NaN,NaN
9,NaN,NaN,NaN,NaN,NaN,NaN,NaN,NaN
10,NaN,NaN,NaN,NaN,NaN,NaN,NaN,NaN
11,NaN,NaN,NaN,NaN,NaN,NaN,NaN,NaN
1,NaN,NaN,NaN,NaN,NaN,NaN,NaN,NaN
2,NaN,NaN,NaN,NaN,NaN,NaN,NaN,NaN
3,NaN,NaN,NaN,NaN,NaN,NaN,NaN,NaN
4,NaN,NaN,NaN,NaN,NaN,NaN,NaN,NaN
5,NaN,NaN,NaN,NaN,NaN,NaN,NaN,NaN
6,NaN,NaN,NaN,NaN,NaN,NaN,NaN,NaN
7,NaN,NaN,NaN,NaN,NaN,NaN,NaN,NaN
8,NaN,NaN,NaN,NaN,NaN,NaN,NaN,NaN
9,NaN,NaN,NaN,NaN,NaN,NaN,NaN,NaN
10,NaN,NaN,NaN,NaN,NaN,NaN,NaN,NaN
11,NaN,NaN,NaN,NaN,NaN,NaN,NaN,NaN
1,NaN,NaN,NaN,NaN,NaN,NaN,NaN,NaN
2,NaN,NaN,NaN,NaN,NaN,NaN,NaN,NaN
3,NaN,NaN,NaN,NaN,NaN,NaN,NaN,NaN
4,NaN,NaN,NaN,NaN,NaN,NaN,NaN,NaN
5,NaN,NaN,NaN,NaN,NaN,NaN,NaN,NaN
6,NaN,NaN,NaN,NaN,NaN,NaN,NaN,NaN
7,NaN,NaN,NaN,NaN,NaN,NaN,NaN,NaN
8,NaN,NaN,NaN,NaN,NaN,NaN,NaN,NaN
9,NaN,NaN,NaN,NaN,NaN,NaN,NaN,NaN
10,NaN,NaN,NaN,NaN,NaN,NaN,NaN,NaN
11,NaN,NaN,NaN,NaN,NaN,NaN,NaN,NaN
1,NaN,NaN,NaN,NaN,NaN,NaN,NaN,NaN
2,NaN,NaN,NaN,NaN,NaN,NaN,NaN,NaN
3,NaN,NaN,NaN,NaN,NaN,NaN,NaN,NaN
4,NaN,NaN,NaN,NaN,NaN,NaN,NaN,NaN
5,NaN,NaN,NaN,NaN,NaN,NaN,NaN,NaN
6,NaN,NaN,NaN,NaN,NaN,NaN,NaN,NaN
7,NaN,NaN,NaN,NaN,NaN,NaN,NaN,NaN
8,NaN,NaN,NaN,NaN,NaN,NaN,NaN,NaN
9,NaN,NaN,NaN,NaN,NaN,NaN,NaN,NaN
10,NaN,NaN,NaN,NaN,NaN,NaN,NaN,NaN
11,NaN,NaN,NaN,NaN,NaN,NaN,NaN,NaN
1,NaN,NaN,NaN,NaN,NaN,NaN,NaN,NaN
2,NaN,NaN,NaN,NaN,NaN,NaN,NaN,NaN
3,NaN,NaN,NaN,NaN,NaN,NaN,NaN,NaN
4,NaN,NaN,NaN,NaN,NaN,NaN,NaN,NaN
5,NaN,NaN,NaN,NaN,NaN,NaN,NaN,NaN
6,NaN,NaN,NaN,NaN,NaN,NaN,NaN,NaN
7,NaN,NaN,NaN,NaN,NaN,NaN,NaN,NaN
8,NaN,NaN,NaN,NaN,NaN,NaN,NaN,NaN
9,NaN,NaN,NaN,NaN,NaN,NaN,NaN,NaN
10,NaN,NaN,NaN,NaN,NaN,NaN,NaN,NaN
11,NaN,NaN,NaN,NaN,NaN,NaN,NaN,NaN
1,NaN,NaN,NaN,NaN,NaN,NaN,NaN,NaN
2,NaN,NaN,NaN,NaN,NaN,NaN,NaN,NaN
3,NaN,NaN,NaN,NaN,NaN,NaN,NaN,NaN
4,NaN,NaN,NaN,NaN,NaN,NaN,NaN,NaN
5,NaN,NaN,NaN,NaN,NaN,NaN,NaN,NaN
6,NaN,NaN,NaN,NaN,NaN,NaN,NaN,NaN
7,NaN,NaN,NaN,NaN,NaN,NaN,NaN,NaN
8,NaN,NaN,NaN,NaN,NaN,NaN,NaN,NaN
9,NaN,NaN,NaN,NaN,NaN,NaN,NaN,NaN
10,NaN,NaN,NaN,NaN,NaN,NaN,NaN,NaN
11,NaN,NaN,NaN,NaN,NaN,NaN,NaN,NaN
1,NaN,NaN,NaN,NaN,NaN,NaN,NaN,NaN
2,NaN,NaN,NaN,NaN,NaN,NaN,NaN,NaN
3,NaN,NaN,NaN,NaN,NaN,NaN,NaN,NaN
4,NaN,NaN,NaN,NaN,NaN,NaN,NaN,NaN
5,NaN,NaN,NaN,NaN,NaN,NaN,NaN,NaN
6,NaN,NaN,NaN,NaN,NaN,NaN,NaN,NaN
7,NaN,NaN,NaN,NaN,NaN,NaN,NaN,NaN
8,NaN,NaN,NaN,NaN,NaN,NaN,NaN,NaN
9,NaN,NaN,NaN,NaN,NaN,NaN,NaN,NaN
10,NaN,NaN,NaN,NaN,NaN,NaN,NaN,NaN
11,NaN,NaN,NaN,NaN,NaN,NaN,NaN,NaN
1,NaN,NaN,NaN,NaN,NaN,NaN,NaN,NaN
2,NaN,NaN,NaN,NaN,NaN,NaN,NaN,NaN
3,NaN,NaN,NaN,NaN,NaN,NaN,NaN,NaN
4,NaN,NaN,NaN,NaN,NaN,NaN,NaN,NaN
5,NaN,NaN,NaN,NaN,NaN,NaN,NaN,NaN
6,NaN,NaN,NaN,NaN,NaN,NaN,NaN,NaN
7,NaN,NaN,NaN,NaN,NaN,NaN,NaN,NaN
8,NaN,NaN,NaN,NaN,NaN,NaN,NaN,NaN
9,NaN,NaN,NaN,NaN,NaN,NaN,NaN,NaN
10,NaN,NaN,NaN,NaN,NaN,NaN,NaN,NaN
11,NaN,NaN,NaN,NaN,NaN,NaN,NaN,NaN
1,NaN,NaN,NaN,NaN,NaN,NaN,NaN,NaN
2,NaN,NaN,NaN,NaN,NaN,NaN,NaN,NaN
3,NaN,NaN,NaN,NaN,NaN,NaN,NaN,NaN
4,NaN,NaN,NaN,NaN,NaN,NaN,NaN,NaN
5,NaN,NaN,NaN,NaN,NaN,NaN,NaN,NaN
6,NaN,NaN,NaN,NaN,NaN,NaN,NaN,NaN
7,NaN,NaN,NaN,NaN,NaN,NaN,NaN,NaN
8,NaN,NaN,NaN,NaN,NaN,NaN,NaN,NaN
9,NaN,NaN,NaN,NaN,NaN,NaN,NaN,NaN
10,NaN,NaN,NaN,NaN,NaN,NaN,NaN,NaN
11,NaN,NaN,NaN,NaN,NaN,NaN,NaN,NaN
1,NaN,NaN,NaN,NaN,NaN,NaN,NaN,NaN
2,NaN,NaN,NaN,NaN,NaN,NaN,NaN,NaN
3,NaN,NaN,NaN,NaN,NaN,NaN,NaN,NaN
4,NaN,NaN,NaN,NaN,NaN,NaN,NaN,NaN
5,NaN,NaN,NaN,NaN,NaN,NaN,NaN,NaN
6,NaN,NaN,NaN,NaN,NaN,NaN,NaN,NaN
7,NaN,NaN,NaN,NaN,NaN,NaN,NaN,NaN
8,NaN,NaN,NaN,NaN,NaN,NaN,NaN,NaN
9,NaN,NaN,NaN,NaN,NaN,NaN,NaN,NaN
10,NaN,NaN,NaN,NaN,NaN,NaN,NaN,NaN
11,NaN,NaN,NaN,NaN,NaN,NaN,NaN,NaN
1,NaN,NaN,NaN,NaN,NaN,NaN,NaN,NaN
2,NaN,NaN,NaN,NaN,NaN,NaN,NaN,NaN
3,NaN,NaN,NaN,NaN,NaN,NaN,NaN,NaN
4,NaN,NaN,NaN,NaN,NaN,NaN,NaN,NaN
5,NaN,NaN,NaN,NaN,NaN,NaN,NaN,NaN
6,NaN,NaN,NaN,NaN,NaN,NaN,NaN,NaN
7,NaN,NaN,NaN,NaN,NaN,NaN,NaN,NaN
8,NaN,NaN,NaN,NaN,NaN,NaN,NaN,NaN
9,NaN,NaN,NaN,NaN,NaN,NaN,NaN,NaN
10,NaN,NaN,NaN,NaN,NaN,NaN,NaN,NaN
11,NaN,NaN,NaN,NaN,NaN,NaN,NaN,NaN
1,NaN,NaN,NaN,NaN,NaN,NaN,NaN,NaN
2,NaN,NaN,NaN,NaN,NaN,NaN,NaN,NaN
3,NaN,NaN,NaN,NaN,NaN,NaN,NaN,NaN
4,NaN,NaN,NaN,NaN,NaN,NaN,NaN,NaN
5,NaN,NaN,NaN,NaN,NaN,NaN,NaN,NaN
6,NaN,NaN,NaN,NaN,NaN,NaN,NaN,NaN
7,NaN,NaN,NaN,NaN,NaN,NaN,NaN,NaN
8,NaN,NaN,NaN,NaN,NaN,NaN,NaN,NaN
9,NaN,NaN,NaN,NaN,NaN,NaN,NaN,NaN
10,NaN,NaN,NaN,NaN,NaN,NaN,NaN,NaN
11,NaN,NaN,NaN,NaN,NaN,NaN,NaN,NaN
1,NaN,NaN,NaN,NaN,NaN,NaN,NaN,NaN
2,NaN,NaN,NaN,NaN,NaN,NaN,NaN,NaN
3,NaN,NaN,NaN,NaN,NaN,NaN,NaN,NaN
4,NaN,NaN,NaN,NaN,NaN,NaN,NaN,NaN
5,NaN,NaN,NaN,NaN,NaN,NaN,NaN,NaN
6,NaN,NaN,NaN,NaN,NaN,NaN,NaN,NaN
7,NaN,NaN,NaN,NaN,NaN,NaN,NaN,NaN
8,NaN,NaN,NaN,NaN,NaN,NaN,NaN,NaN
9,NaN,NaN,NaN,NaN,NaN,NaN,NaN,NaN
10,NaN,NaN,NaN,NaN,NaN,NaN,NaN,NaN
11,NaN,NaN,NaN,NaN,NaN,NaN,NaN,NaN
1,NaN,NaN,NaN,NaN,NaN,NaN,NaN,NaN
2,NaN,NaN,NaN,NaN,NaN,NaN,NaN,NaN
3,NaN,NaN,NaN,NaN,NaN,NaN,NaN,NaN
4,NaN,NaN,NaN,NaN,NaN,NaN,NaN,NaN
5,NaN,NaN,NaN,NaN,NaN,NaN,NaN,NaN
6,NaN,NaN,NaN,NaN,NaN,NaN,NaN,NaN
7,NaN,NaN,NaN,NaN,NaN,NaN,NaN,NaN
8,NaN,NaN,NaN,NaN,NaN,NaN,NaN,NaN
9,NaN,NaN,NaN,NaN,NaN,NaN,NaN,NaN
10,NaN,NaN,NaN,NaN,NaN,NaN,NaN,NaN
11,NaN,NaN,NaN,NaN,NaN,NaN,NaN,NaN
1,NaN,NaN,NaN,NaN,NaN,NaN,NaN,NaN
2,NaN,NaN,NaN,NaN,NaN,NaN,NaN,NaN
3,NaN,NaN,NaN,NaN,NaN,NaN,NaN,NaN
4,NaN,NaN,NaN,NaN,NaN,NaN,NaN,NaN
5,NaN,NaN,NaN,NaN,NaN,NaN,NaN,NaN
6,NaN,NaN,NaN,NaN,NaN,NaN,NaN,NaN
7,NaN,NaN,NaN,NaN,NaN,NaN,NaN,NaN
8,NaN,NaN,NaN,NaN,NaN,NaN,NaN,NaN
9,NaN,NaN,NaN,NaN,NaN,NaN,NaN,NaN
10,NaN,NaN,NaN,NaN,NaN,NaN,NaN,NaN
11,NaN,NaN,NaN,NaN,NaN,NaN,NaN,NaN
1,NaN,NaN,NaN,NaN,NaN,NaN,NaN,NaN
2,NaN,NaN,NaN,NaN,NaN,NaN,NaN,NaN
3,NaN,NaN,NaN,NaN,NaN,NaN,NaN,NaN
4,NaN,NaN,NaN,NaN,NaN,NaN,NaN,NaN
5,NaN,NaN,NaN,NaN,NaN,NaN,NaN,NaN
6,NaN,NaN,NaN,NaN,NaN,NaN,NaN,NaN
7,NaN,NaN,NaN,NaN,NaN,NaN,NaN,NaN
8,NaN,NaN,NaN,NaN,NaN,NaN,NaN,NaN
9,NaN,NaN,NaN,NaN,NaN,NaN,NaN,NaN
10,NaN,NaN,NaN,NaN,NaN,NaN,NaN,NaN
11,NaN,NaN,NaN,NaN,NaN,NaN,NaN,NaN
1,NaN,NaN,NaN,NaN,NaN,NaN,NaN,NaN
2,NaN,NaN,NaN,NaN,NaN,NaN,NaN,NaN
3,NaN,NaN,NaN,NaN,NaN,NaN,NaN,NaN
4,NaN,NaN,NaN,NaN,NaN,NaN,NaN,NaN
5,NaN,NaN,NaN,NaN,NaN,NaN,NaN,NaN
6,NaN,NaN,NaN,NaN,NaN,NaN,NaN,NaN
7,NaN,NaN,NaN,NaN,NaN,NaN,NaN,NaN
8,NaN,NaN,NaN,NaN,NaN,NaN,NaN,NaN
9,NaN,NaN,NaN,NaN,NaN,NaN,NaN,NaN
10,NaN,NaN,NaN,NaN,NaN,NaN,NaN,NaN
11,NaN,NaN,NaN,NaN,NaN,NaN,NaN,NaN
1,NaN,NaN,NaN,NaN,NaN,NaN,NaN,NaN
2,NaN,NaN,NaN,NaN,NaN,NaN,NaN,NaN
3,NaN,NaN,NaN,NaN,NaN,NaN,NaN,NaN
4,NaN,NaN,NaN,NaN,NaN,NaN,NaN,NaN
5,NaN,NaN,NaN,NaN,NaN,NaN,NaN,NaN
6,NaN,NaN,NaN,NaN,NaN,NaN,NaN,NaN
7,NaN,NaN,NaN,NaN,NaN,NaN,NaN,NaN
8,NaN,NaN,NaN,NaN,NaN,NaN,NaN,NaN
9,NaN,NaN,NaN,NaN,NaN,NaN,NaN,NaN
10,NaN,NaN,NaN,NaN,NaN,NaN,NaN,NaN
11,NaN,NaN,NaN,NaN,NaN,NaN,NaN,NaN
1,NaN,NaN,NaN,NaN,NaN,NaN,NaN,NaN
2,NaN,NaN,NaN,NaN,NaN,NaN,NaN,NaN
3,NaN,NaN,NaN,NaN,NaN,NaN,NaN,NaN
4,NaN,NaN,NaN,NaN,NaN,NaN,NaN,NaN
5,NaN,NaN,NaN,NaN,NaN,NaN,NaN,NaN
6,NaN,NaN,NaN,NaN,NaN,NaN,NaN,NaN
7,NaN,NaN,NaN,NaN,NaN,NaN,NaN,NaN
8,NaN,NaN,NaN,NaN,NaN,NaN,NaN,NaN
9,NaN,NaN,NaN,NaN,NaN,NaN,NaN,NaN
10,NaN,NaN,NaN,NaN,NaN,NaN,NaN,NaN
11,NaN,NaN,NaN,NaN,NaN,NaN,NaN,NaN
1,NaN,NaN,NaN,NaN,NaN,NaN,NaN,NaN
2,NaN,NaN,NaN,NaN,NaN,NaN,NaN,NaN
3,NaN,NaN,NaN,NaN,NaN,NaN,NaN,NaN
4,NaN,NaN,NaN,NaN,NaN,NaN,NaN,NaN
5,NaN,NaN,NaN,NaN,NaN,NaN,NaN,NaN
6,NaN,NaN,NaN,NaN,NaN,NaN,NaN,NaN
7,NaN,NaN,NaN,NaN,NaN,NaN,NaN,NaN
8,NaN,NaN,NaN,NaN,NaN,NaN,NaN,NaN
9,NaN,NaN,NaN,NaN,NaN,NaN,NaN,NaN
10,NaN,NaN,NaN,NaN,NaN,NaN,NaN,NaN
11,NaN,NaN,NaN,NaN,NaN,NaN,NaN,NaN
1,NaN,NaN,NaN,NaN,NaN,NaN,NaN,NaN
2,NaN,NaN,NaN,NaN,NaN,NaN,NaN,NaN
3,NaN,NaN,NaN,NaN,NaN,NaN,NaN,NaN
4,NaN,NaN,NaN,NaN,NaN,NaN,NaN,NaN
5,NaN,NaN,NaN,NaN,NaN,NaN,NaN,NaN
6,NaN,NaN,NaN,NaN,NaN,NaN,NaN,NaN
7,NaN,NaN,NaN,NaN,NaN,NaN,NaN,NaN
8,NaN,NaN,NaN,NaN,NaN,NaN,NaN,NaN
9,NaN,NaN,NaN,NaN,NaN,NaN,NaN,NaN
10,NaN,NaN,NaN,NaN,NaN,NaN,NaN,NaN
11,NaN,NaN,NaN,NaN,NaN,NaN,NaN,NaN
1,NaN,NaN,NaN,NaN,NaN,NaN,NaN,NaN
2,NaN,NaN,NaN,NaN,NaN,NaN,NaN,NaN
3,NaN,NaN,NaN,NaN,NaN,NaN,NaN,NaN
4,NaN,NaN,NaN,NaN,NaN,NaN,NaN,NaN
5,NaN,NaN,NaN,NaN,NaN,NaN,NaN,NaN
6,NaN,NaN,NaN,NaN,NaN,NaN,NaN,NaN
7,NaN,NaN,NaN,NaN,NaN,NaN,NaN,NaN
8,NaN,NaN,NaN,NaN,NaN,NaN,NaN,NaN
9,NaN,NaN,NaN,NaN,NaN,NaN,NaN,NaN
10,NaN,NaN,NaN,NaN,NaN,NaN,NaN,NaN
11,NaN,NaN,NaN,NaN,NaN,NaN,NaN,NaN
1,NaN,NaN,NaN,NaN,NaN,NaN,NaN,NaN
2,NaN,NaN,NaN,NaN,NaN,NaN,NaN,NaN
3,NaN,NaN,NaN,NaN,NaN,NaN,NaN,NaN
4,NaN,NaN,NaN,NaN,NaN,NaN,NaN,NaN
5,NaN,NaN,NaN,NaN,NaN,NaN,NaN,NaN
6,NaN,NaN,NaN,NaN,NaN,NaN,NaN,NaN
7,NaN,NaN,NaN,NaN,NaN,NaN,NaN,NaN
8,NaN,NaN,NaN,NaN,NaN,NaN,NaN,NaN
9,NaN,NaN,NaN,NaN,NaN,NaN,NaN,NaN
10,NaN,NaN,NaN,NaN,NaN,NaN,NaN,NaN
11,NaN,NaN,NaN,NaN,NaN,NaN,NaN,NaN
1,NaN,NaN,NaN,NaN,NaN,NaN,NaN,NaN
2,NaN,NaN,NaN,NaN,NaN,NaN,NaN,NaN
3,NaN,NaN,NaN,NaN,NaN,NaN,NaN,NaN
4,NaN,NaN,NaN,NaN,NaN,NaN,NaN,NaN
5,NaN,NaN,NaN,NaN,NaN,NaN,NaN,NaN
6,NaN,NaN,NaN,NaN,NaN,NaN,NaN,NaN
7,NaN,NaN,NaN,NaN,NaN,NaN,NaN,NaN
8,NaN,NaN,NaN,NaN,NaN,NaN,NaN,NaN
9,NaN,NaN,NaN,NaN,NaN,NaN,NaN,NaN
10,NaN,NaN,NaN,NaN,NaN,NaN,NaN,NaN
11,NaN,NaN,NaN,NaN,NaN,NaN,NaN,NaN
1,NaN,NaN,NaN,NaN,NaN,NaN,NaN,NaN
2,NaN,NaN,NaN,NaN,NaN,NaN,NaN,NaN
3,NaN,NaN,NaN,NaN,NaN,NaN,NaN,NaN
4,NaN,NaN,NaN,NaN,NaN,NaN,NaN,NaN
5,NaN,NaN,NaN,NaN,NaN,NaN,NaN,NaN
6,NaN,NaN,NaN,NaN,NaN,NaN,NaN,NaN
7,NaN,NaN,NaN,NaN,NaN,NaN,NaN,NaN
8,NaN,NaN,NaN,NaN,NaN,NaN,NaN,NaN
9,NaN,NaN,NaN,NaN,NaN,NaN,NaN,NaN
10,NaN,NaN,NaN,NaN,NaN,NaN,NaN,NaN
11,NaN,NaN,NaN,NaN,NaN,NaN,NaN,NaN
1,NaN,NaN,NaN,NaN,NaN,NaN,NaN,NaN
2,NaN,NaN,NaN,NaN,NaN,NaN,NaN,NaN
3,NaN,NaN,NaN,NaN,NaN,NaN,NaN,NaN
4,NaN,NaN,NaN,NaN,NaN,NaN,NaN,NaN
5,NaN,NaN,NaN,NaN,NaN,NaN,NaN,NaN
6,NaN,NaN,NaN,NaN,NaN,NaN,NaN,NaN
7,NaN,NaN,NaN,NaN,NaN,NaN,NaN,NaN
8,NaN,NaN,NaN,NaN,NaN,NaN,NaN,NaN
9,NaN,NaN,NaN,NaN,NaN,NaN,NaN,NaN
10,NaN,NaN,NaN,NaN,NaN,NaN,NaN,NaN
11,NaN,NaN,NaN,NaN,NaN,NaN,NaN,NaN
1,NaN,NaN,NaN,NaN,NaN,NaN,NaN,NaN
2,NaN,NaN,NaN,NaN,NaN,NaN,NaN,NaN
3,NaN,NaN,NaN,NaN,NaN,NaN,NaN,NaN
4,NaN,NaN,NaN,NaN,NaN,NaN,NaN,NaN
5,NaN,NaN,NaN,NaN,NaN,NaN,NaN,NaN
6,NaN,NaN,NaN,NaN,NaN,NaN,NaN,NaN
7,NaN,NaN,NaN,NaN,NaN,NaN,NaN,NaN
8,NaN,NaN,NaN,NaN,NaN,NaN,NaN,NaN
9,NaN,NaN,NaN,NaN,NaN,NaN,NaN,NaN
10,NaN,NaN,NaN,NaN,NaN,NaN,NaN,NaN
11,NaN,NaN,NaN,NaN,NaN,NaN,NaN,NaN
1,NaN,NaN,NaN,NaN,NaN,NaN,NaN,NaN
2,NaN,NaN,NaN,NaN,NaN,NaN,NaN,NaN
3,NaN,NaN,NaN,NaN,NaN,NaN,NaN,NaN
4,NaN,NaN,NaN,NaN,NaN,NaN,NaN,NaN
5,NaN,NaN,NaN,NaN,NaN,NaN,NaN,NaN
6,NaN,NaN,NaN,NaN,NaN,NaN,NaN,NaN
7,NaN,NaN,NaN,NaN,NaN,NaN,NaN,NaN
8,NaN,NaN,NaN,NaN,NaN,NaN,NaN,NaN
9,NaN,NaN,NaN,NaN,NaN,NaN,NaN,NaN
10,NaN,NaN,NaN,NaN,NaN,NaN,NaN,NaN
11,NaN,NaN,NaN,NaN,NaN,NaN,NaN,NaN
1,NaN,NaN,NaN,NaN,NaN,NaN,NaN,NaN
2,NaN,NaN,NaN,NaN,NaN,NaN,NaN,NaN
3,NaN,NaN,NaN,NaN,NaN,NaN,NaN,NaN
4,NaN,NaN,NaN,NaN,NaN,NaN,NaN,NaN
5,NaN,NaN,NaN,NaN,NaN,NaN,NaN,NaN
6,NaN,NaN,NaN,NaN,NaN,NaN,NaN,NaN
7,NaN,NaN,NaN,NaN,NaN,NaN,NaN,NaN
8,NaN,NaN,NaN,NaN,NaN,NaN,NaN,NaN
9,NaN,NaN,NaN,NaN,NaN,NaN,NaN,NaN
10,NaN,NaN,NaN,NaN,NaN,NaN,NaN,NaN
11,NaN,NaN,NaN,NaN,NaN,NaN,NaN,NaN
1,NaN,NaN,NaN,NaN,NaN,NaN,NaN,NaN
2,NaN,NaN,NaN,NaN,NaN,NaN,NaN,NaN
3,NaN,NaN,NaN,NaN,NaN,NaN,NaN,NaN
4,NaN,NaN,NaN,NaN,NaN,NaN,NaN,NaN
5,NaN,NaN,NaN,NaN,NaN,NaN,NaN,NaN
6,NaN,NaN,NaN,NaN,NaN,NaN,NaN,NaN
7,NaN,NaN,NaN,NaN,NaN,NaN,NaN,NaN
8,NaN,NaN,NaN,NaN,NaN,NaN,NaN,NaN
9,NaN,NaN,NaN,NaN,NaN,NaN,NaN,NaN
10,NaN,NaN,NaN,NaN,NaN,NaN,NaN,NaN
11,NaN,NaN,NaN,NaN,NaN,NaN,NaN,NaN
1,NaN,NaN,NaN,NaN,NaN,NaN,NaN,NaN
2,NaN,NaN,NaN,NaN,NaN,NaN,NaN,NaN
3,NaN,NaN,NaN,NaN,NaN,NaN,NaN,NaN
4,NaN,NaN,NaN,NaN,NaN,NaN,NaN,NaN
5,NaN,NaN,NaN,NaN,NaN,NaN,NaN,NaN
6,NaN,NaN,NaN,NaN,NaN,NaN,NaN,NaN
7,NaN,NaN,NaN,NaN,NaN,NaN,NaN,NaN
8,NaN,NaN,NaN,NaN,NaN,NaN,NaN,NaN
9,NaN,NaN,NaN,NaN,NaN,NaN,NaN,NaN
10,NaN,NaN,NaN,NaN,NaN,NaN,NaN,NaN
11,NaN,NaN,NaN,NaN,NaN,NaN,NaN,NaN
1,NaN,NaN,NaN,NaN,NaN,NaN,NaN,NaN
2,NaN,NaN,NaN,NaN,NaN,NaN,NaN,NaN
3,NaN,NaN,NaN,NaN,NaN,NaN,NaN,NaN
4,NaN,NaN,NaN,NaN,NaN,NaN,NaN,NaN
5,NaN,NaN,NaN,NaN,NaN,NaN,NaN,NaN
6,NaN,NaN,NaN,NaN,NaN,NaN,NaN,NaN
7,NaN,NaN,NaN,NaN,NaN,NaN,NaN,NaN
8,NaN,NaN,NaN,NaN,NaN,NaN,NaN,NaN
9,NaN,NaN,NaN,NaN,NaN,NaN,NaN,NaN
10,NaN,NaN,NaN,NaN,NaN,NaN,NaN,NaN
11,NaN,NaN,NaN,NaN,NaN,NaN,NaN,NaN
1,NaN,NaN,NaN,NaN,NaN,NaN,NaN,NaN
2,NaN,NaN,NaN,NaN,NaN,NaN,NaN,NaN
3,NaN,NaN,NaN,NaN,NaN,NaN,NaN,NaN
4,NaN,NaN,NaN,NaN,NaN,NaN,NaN,NaN
5,NaN,NaN,NaN,NaN,NaN,NaN,NaN,NaN
6,NaN,NaN,NaN,NaN,NaN,NaN,NaN,NaN
7,NaN,NaN,NaN,NaN,NaN,NaN,NaN,NaN
8,NaN,NaN,NaN,NaN,NaN,NaN,NaN,NaN
9,NaN,NaN,NaN,NaN,NaN,NaN,NaN,NaN
10,NaN,NaN,NaN,NaN,NaN,NaN,NaN,NaN
11,NaN,NaN,NaN,NaN,NaN,NaN,NaN,NaN
1,NaN,NaN,NaN,NaN,NaN,NaN,NaN,NaN
2,NaN,NaN,NaN,NaN,NaN,NaN,NaN,NaN
3,NaN,NaN,NaN,NaN,NaN,NaN,NaN,NaN
4,NaN,NaN,NaN,NaN,NaN,NaN,NaN,NaN
5,NaN,NaN,NaN,NaN,NaN,NaN,NaN,NaN
6,NaN,NaN,NaN,NaN,NaN,NaN,NaN,NaN
7,NaN,NaN,NaN,NaN,NaN,NaN,NaN,NaN
8,NaN,NaN,NaN,NaN,NaN,NaN,NaN,NaN
9,NaN,NaN,NaN,NaN,NaN,NaN,NaN,NaN
10,NaN,NaN,NaN,NaN,NaN,NaN,NaN,NaN
11,NaN,NaN,NaN,NaN,NaN,NaN,NaN,NaN
1,NaN,NaN,NaN,NaN,NaN,NaN,NaN,NaN
2,NaN,NaN,NaN,NaN,NaN,NaN,NaN,NaN
3,NaN,NaN,NaN,NaN,NaN,NaN,NaN,NaN
4,NaN,NaN,NaN,NaN,NaN,NaN,NaN,NaN
5,NaN,NaN,NaN,NaN,NaN,NaN,NaN,NaN
6,NaN,NaN,NaN,NaN,NaN,NaN,NaN,NaN
7,NaN,NaN,NaN,NaN,NaN,NaN,NaN,NaN
8,NaN,NaN,NaN,NaN,NaN,NaN,NaN,NaN
9,NaN,NaN,NaN,NaN,NaN,NaN,NaN,NaN
10,NaN,NaN,NaN,NaN,NaN,NaN,NaN,NaN
11,NaN,NaN,NaN,NaN,NaN,NaN,NaN,NaN
1,NaN,NaN,NaN,NaN,NaN,NaN,NaN,NaN
2,NaN,NaN,NaN,NaN,NaN,NaN,NaN,NaN
3,NaN,NaN,NaN,NaN,NaN,NaN,NaN,NaN
4,NaN,NaN,NaN,NaN,NaN,NaN,NaN,NaN
5,NaN,NaN,NaN,NaN,NaN,NaN,NaN,NaN
6,NaN,NaN,NaN,NaN,NaN,NaN,NaN,NaN
7,NaN,NaN,NaN,NaN,NaN,NaN,NaN,NaN
8,NaN,NaN,NaN,NaN,NaN,NaN,NaN,NaN
9,NaN,NaN,NaN,NaN,NaN,NaN,NaN,NaN
10,NaN,NaN,NaN,NaN,NaN,NaN,NaN,NaN
11,NaN,NaN,NaN,NaN,NaN,NaN,NaN,NaN
1,NaN,NaN,NaN,NaN,NaN,NaN,NaN,NaN
2,NaN,NaN,NaN,NaN,NaN,NaN,NaN,NaN
3,NaN,NaN,NaN,NaN,NaN,NaN,NaN,NaN
4,NaN,NaN,NaN,NaN,NaN,NaN,NaN,NaN
5,NaN,NaN,NaN,NaN,NaN,NaN,NaN,NaN
6,NaN,NaN,NaN,NaN,NaN,NaN,NaN,NaN
7,NaN,NaN,NaN,NaN,NaN,NaN,NaN,NaN
8,NaN,NaN,NaN,NaN,NaN,NaN,NaN,NaN
9,NaN,NaN,NaN,NaN,NaN,NaN,NaN,NaN
10,NaN,NaN,NaN,NaN,NaN,NaN,NaN,NaN
11,NaN,NaN,NaN,NaN,NaN,NaN,NaN,NaN
1,NaN,NaN,NaN,NaN,NaN,NaN,NaN,NaN
2,NaN,NaN,NaN,NaN,NaN,NaN,NaN,NaN
3,NaN,NaN,NaN,NaN,NaN,NaN,NaN,NaN
4,NaN,NaN,NaN,NaN,NaN,NaN,NaN,NaN
5,NaN,NaN,NaN,NaN,NaN,NaN,NaN,NaN
6,NaN,NaN,NaN,NaN,NaN,NaN,NaN,NaN
7,NaN,NaN,NaN,NaN,NaN,NaN,NaN,NaN
8,NaN,NaN,NaN,NaN,NaN,NaN,NaN,NaN
9,NaN,NaN,NaN,NaN,NaN,NaN,NaN,NaN
10,NaN,NaN,NaN,NaN,NaN,NaN,NaN,NaN
11,NaN,NaN,NaN,NaN,NaN,NaN,NaN,NaN
1,NaN,NaN,NaN,NaN,NaN,NaN,NaN,NaN
2,NaN,NaN,NaN,NaN,NaN,NaN,NaN,NaN
3,NaN,NaN,NaN,NaN,NaN,NaN,NaN,NaN
4,NaN,NaN,NaN,NaN,NaN,NaN,NaN,NaN
5,NaN,NaN,NaN,NaN,NaN,NaN,NaN,NaN
6,NaN,NaN,NaN,NaN,NaN,NaN,NaN,NaN
7,NaN,NaN,NaN,NaN,NaN,NaN,NaN,NaN
8,NaN,NaN,NaN,NaN,NaN,NaN,NaN,NaN
9,NaN,NaN,NaN,NaN,NaN,NaN,NaN,NaN
10,NaN,NaN,NaN,NaN,NaN,NaN,NaN,NaN
11,NaN,NaN,NaN,NaN,NaN,NaN,NaN,NaN
1,NaN,NaN,NaN,NaN,NaN,NaN,NaN,NaN
2,NaN,NaN,NaN,NaN,NaN,NaN,NaN,NaN
3,NaN,NaN,NaN,NaN,NaN,NaN,NaN,NaN
4,NaN,NaN,NaN,NaN,NaN,NaN,NaN,NaN
5,NaN,NaN,NaN,NaN,NaN,NaN,NaN,NaN
6,NaN,NaN,NaN,NaN,NaN,NaN,NaN,NaN
7,NaN,NaN,NaN,NaN,NaN,NaN,NaN,NaN
8,NaN,NaN,NaN,NaN,NaN,NaN,NaN,NaN
9,NaN,NaN,NaN,NaN,NaN,NaN,NaN,NaN
10,NaN,NaN,NaN,NaN,NaN,NaN,NaN,NaN
11,NaN,NaN,NaN,NaN,NaN,NaN,NaN,NaN
1,NaN,NaN,NaN,NaN,NaN,NaN,NaN,NaN
2,NaN,NaN,NaN,NaN,NaN,NaN,NaN,NaN
3,NaN,NaN,NaN,NaN,NaN,NaN,NaN,NaN
4,NaN,NaN,NaN,NaN,NaN,NaN,NaN,NaN
5,NaN,NaN,NaN,NaN,NaN,NaN,NaN,NaN
6,NaN,NaN,NaN,NaN,NaN,NaN,NaN,NaN
7,NaN,NaN,NaN,NaN,NaN,NaN,NaN,NaN
8,NaN,NaN,NaN,NaN,NaN,NaN,NaN,NaN
9,NaN,NaN,NaN,NaN,NaN,NaN,NaN,NaN
10,NaN,NaN,NaN,NaN,NaN,NaN,NaN,NaN
11,NaN,NaN,NaN,NaN,NaN,NaN,NaN,NaN
1,NaN,NaN,NaN,NaN,NaN,NaN,NaN,NaN
2,NaN,NaN,NaN,NaN,NaN,NaN,NaN,NaN
3,NaN,NaN,NaN,NaN,NaN,NaN,NaN,NaN
4,NaN,NaN,NaN,NaN,NaN,NaN,NaN,NaN
5,NaN,NaN,NaN,NaN,NaN,NaN,NaN,NaN
6,NaN,NaN,NaN,NaN,NaN,NaN,NaN,NaN
7,NaN,NaN,NaN,NaN,NaN,NaN,NaN,NaN
8,NaN,NaN,NaN,NaN,NaN,NaN,NaN,NaN
9,NaN,NaN,NaN,NaN,NaN,NaN,NaN,NaN
10,NaN,NaN,NaN,NaN,NaN,NaN,NaN,NaN
11,NaN,NaN,NaN,NaN,NaN,NaN,NaN,NaN
1,NaN,NaN,NaN,NaN,NaN,NaN,NaN,NaN
2,NaN,NaN,NaN,NaN,NaN,NaN,NaN,NaN
3,NaN,NaN,NaN,NaN,NaN,NaN,NaN,NaN
4,NaN,NaN,NaN,NaN,NaN,NaN,NaN,NaN
5,NaN,NaN,NaN,NaN,NaN,NaN,NaN,NaN
6,NaN,NaN,NaN,NaN,NaN,NaN,NaN,NaN
7,NaN,NaN,NaN,NaN,NaN,NaN,NaN,NaN
8,NaN,NaN,NaN,NaN,NaN,NaN,NaN,NaN
9,NaN,NaN,NaN,NaN,NaN,NaN,NaN,NaN
10,NaN,NaN,NaN,NaN,NaN,NaN,NaN,NaN
11,NaN,NaN,NaN,NaN,NaN,NaN,NaN,NaN
1,NaN,NaN,NaN,NaN,NaN,NaN,NaN,NaN
2,NaN,NaN,NaN,NaN,NaN,NaN,NaN,NaN
3,NaN,NaN,NaN,NaN,NaN,NaN,NaN,NaN
4,NaN,NaN,NaN,NaN,NaN,NaN,NaN,NaN
5,NaN,NaN,NaN,NaN,NaN,NaN,NaN,NaN
6,NaN,NaN,NaN,NaN,NaN,NaN,NaN,NaN
7,NaN,NaN,NaN,NaN,NaN,NaN,NaN,NaN
8,NaN,NaN,NaN,NaN,NaN,NaN,NaN,NaN
9,NaN,NaN,NaN,NaN,NaN,NaN,NaN,NaN
10,NaN,NaN,NaN,NaN,NaN,NaN,NaN,NaN
11,NaN,NaN,NaN,NaN,NaN,NaN,NaN,NaN
1,NaN,NaN,NaN,NaN,NaN,NaN,NaN,NaN
2,NaN,NaN,NaN,NaN,NaN,NaN,NaN,NaN
3,NaN,NaN,NaN,NaN,NaN,NaN,NaN,NaN
4,NaN,NaN,NaN,NaN,NaN,NaN,NaN,NaN
5,NaN,NaN,NaN,NaN,NaN,NaN,NaN,NaN
6,NaN,NaN,NaN,NaN,NaN,NaN,NaN,NaN
7,NaN,NaN,NaN,NaN,NaN,NaN,NaN,NaN
8,NaN,NaN,NaN,NaN,NaN,NaN,NaN,NaN
9,NaN,NaN,NaN,NaN,NaN,NaN,NaN,NaN
10,NaN,NaN,NaN,NaN,NaN,NaN,NaN,NaN
11,NaN,NaN,NaN,NaN,NaN,NaN,NaN,NaN
1,NaN,NaN,NaN,NaN,NaN,NaN,NaN,NaN
2,NaN,NaN,NaN,NaN,NaN,NaN,NaN,NaN
3,NaN,NaN,NaN,NaN,NaN,NaN,NaN,NaN
4,NaN,NaN,NaN,NaN,NaN,NaN,NaN,NaN
5,NaN,NaN,NaN,NaN,NaN,NaN,NaN,NaN
6,NaN,NaN,NaN,NaN,NaN,NaN,NaN,NaN
7,NaN,NaN,NaN,NaN,NaN,NaN,NaN,NaN
8,NaN,NaN,NaN,NaN,NaN,NaN,NaN,NaN
9,NaN,NaN,NaN,NaN,NaN,NaN,NaN,NaN
10,NaN,NaN,NaN,NaN,NaN,NaN,NaN,NaN
11,NaN,NaN,NaN,NaN,NaN,NaN,NaN,NaN
1,NaN,NaN,NaN,NaN,NaN,NaN,NaN,NaN
2,NaN,NaN,NaN,NaN,NaN,NaN,NaN,NaN
3,NaN,NaN,NaN,NaN,NaN,NaN,NaN,NaN
4,NaN,NaN,NaN,NaN,NaN,NaN,NaN,NaN
5,NaN,NaN,NaN,NaN,NaN,NaN,NaN,NaN
6,NaN,NaN,NaN,NaN,NaN,NaN,NaN,NaN
7,NaN,NaN,NaN,NaN,NaN,NaN,NaN,NaN
8,NaN,NaN,NaN,NaN,NaN,NaN,NaN,NaN
9,NaN,NaN,NaN,NaN,NaN,NaN,NaN,NaN
10,NaN,NaN,NaN,NaN,NaN,NaN,NaN,NaN
11,NaN,NaN,NaN,NaN,NaN,NaN,NaN,NaN
1,NaN,NaN,NaN,NaN,NaN,NaN,NaN,NaN
2,NaN,NaN,NaN,NaN,NaN,NaN,NaN,NaN
3,NaN,NaN,NaN,NaN,NaN,NaN,NaN,NaN
4,NaN,NaN,NaN,NaN,NaN,NaN,NaN,NaN
5,NaN,NaN,NaN,NaN,NaN,NaN,NaN,NaN
6,NaN,NaN,NaN,NaN,NaN,NaN,NaN,NaN
7,NaN,NaN,NaN,NaN,NaN,NaN,NaN,NaN
8,NaN,NaN,NaN,NaN,NaN,NaN,NaN,NaN
9,NaN,NaN,NaN,NaN,NaN,NaN,NaN,NaN
10,NaN,NaN,NaN,NaN,NaN,NaN,NaN,NaN
11,NaN,NaN,NaN,NaN,NaN,NaN,NaN,NaN
1,NaN,NaN,NaN,NaN,NaN,NaN,NaN,NaN
2,NaN,NaN,NaN,NaN,NaN,NaN,NaN,NaN
3,NaN,NaN,NaN,NaN,NaN,NaN,NaN,NaN
4,NaN,NaN,NaN,NaN,NaN,NaN,NaN,NaN
5,NaN,NaN,NaN,NaN,NaN,NaN,NaN,NaN
6,NaN,NaN,NaN,NaN,NaN,NaN,NaN,NaN
7,NaN,NaN,NaN,NaN,NaN,NaN,NaN,NaN
8,NaN,NaN,NaN,NaN,NaN,NaN,NaN,NaN
9,NaN,NaN,NaN,NaN,NaN,NaN,NaN,NaN
10,NaN,NaN,NaN,NaN,NaN,NaN,NaN,NaN
11,NaN,NaN,NaN,NaN,NaN,NaN,NaN,NaN
1,NaN,NaN,NaN,NaN,NaN,NaN,NaN,NaN
2,NaN,NaN,NaN,NaN,NaN,NaN,NaN,NaN
3,NaN,NaN,NaN,NaN,NaN,NaN,NaN,NaN
4,NaN,NaN,NaN,NaN,NaN,NaN,NaN,NaN
5,NaN,NaN,NaN,NaN,NaN,NaN,NaN,NaN
6,NaN,NaN,NaN,NaN,NaN,NaN,NaN,NaN
7,NaN,NaN,NaN,NaN,NaN,NaN,NaN,NaN
8,NaN,NaN,NaN,NaN,NaN,NaN,NaN,NaN
9,NaN,NaN,NaN,NaN,NaN,NaN,NaN,NaN
10,NaN,NaN,NaN,NaN,NaN,NaN,NaN,NaN
11,NaN,NaN,NaN,NaN,NaN,NaN,NaN,NaN
1,NaN,NaN,NaN,NaN,NaN,NaN,NaN,NaN
2,NaN,NaN,NaN,NaN,NaN,NaN,NaN,NaN
3,NaN,NaN,NaN,NaN,NaN,NaN,NaN,NaN
4,NaN,NaN,NaN,NaN,NaN,NaN,NaN,NaN
5,NaN,NaN,NaN,NaN,NaN,NaN,NaN,NaN
6,NaN,NaN,NaN,NaN,NaN,NaN,NaN,NaN
7,NaN,NaN,NaN,NaN,NaN,NaN,NaN,NaN
8,NaN,NaN,NaN,NaN,NaN,NaN,NaN,NaN
9,NaN,NaN,NaN,NaN,NaN,NaN,NaN,NaN
10,NaN,NaN,NaN,NaN,NaN,NaN,NaN,NaN
11,NaN,NaN,NaN,NaN,NaN,NaN,NaN,NaN
1,NaN,NaN,NaN,NaN,NaN,NaN,NaN,NaN
2,NaN,NaN,NaN,NaN,NaN,NaN,NaN,NaN
3,NaN,NaN,NaN,NaN,NaN,NaN,NaN,NaN
4,NaN,NaN,NaN,NaN,NaN,NaN,NaN,NaN
5,NaN,NaN,NaN,NaN,NaN,NaN,NaN,NaN
6,NaN,NaN,NaN,NaN,NaN,NaN,NaN,NaN
7,NaN,NaN,NaN,NaN,NaN,NaN,NaN,NaN
8,NaN,NaN,NaN,NaN,NaN,NaN,NaN,NaN
9,NaN,NaN,NaN,NaN,NaN,NaN,NaN,NaN
10,NaN,NaN,NaN,NaN,NaN,NaN,NaN,NaN
11,NaN,NaN,NaN,NaN,NaN,NaN,NaN,NaN
1,NaN,NaN,NaN,NaN,NaN,NaN,NaN,NaN
2,NaN,NaN,NaN,NaN,NaN,NaN,NaN,NaN
3,NaN,NaN,NaN,NaN,NaN,NaN,NaN,NaN
4,NaN,NaN,NaN,NaN,NaN,NaN,NaN,NaN
5,NaN,NaN,NaN,NaN,NaN,NaN,NaN,NaN
6,NaN,NaN,NaN,NaN,NaN,NaN,NaN,NaN
7,NaN,NaN,NaN,NaN,NaN,NaN,NaN,NaN
8,NaN,NaN,NaN,NaN,NaN,NaN,NaN,NaN
9,NaN,NaN,NaN,NaN,NaN,NaN,NaN,NaN
10,NaN,NaN,NaN,NaN,NaN,NaN,NaN,NaN
11,NaN,NaN,NaN,NaN,NaN,NaN,NaN,NaN
1,NaN,NaN,NaN,NaN,NaN,NaN,NaN,NaN
2,NaN,NaN,NaN,NaN,NaN,NaN,NaN,NaN
3,NaN,NaN,NaN,NaN,NaN,NaN,NaN,NaN
4,NaN,NaN,NaN,NaN,NaN,NaN,NaN,NaN
5,NaN,NaN,NaN,NaN,NaN,NaN,NaN,NaN
6,NaN,NaN,NaN,NaN,NaN,NaN,NaN,NaN
7,NaN,NaN,NaN,NaN,NaN,NaN,NaN,NaN
8,NaN,NaN,NaN,NaN,NaN,NaN,NaN,NaN
9,NaN,NaN,NaN,NaN,NaN,NaN,NaN,NaN
10,NaN,NaN,NaN,NaN,NaN,NaN,NaN,NaN
11,NaN,NaN,NaN,NaN,NaN,NaN,NaN,NaN
1,NaN,NaN,NaN,NaN,NaN,NaN,NaN,NaN
2,NaN,NaN,NaN,NaN,NaN,NaN,NaN,NaN
3,NaN,NaN,NaN,NaN,NaN,NaN,NaN,NaN
4,NaN,NaN,NaN,NaN,NaN,NaN,NaN,NaN
5,NaN,NaN,NaN,NaN,NaN,NaN,NaN,NaN
6,NaN,NaN,NaN,NaN,NaN,NaN,NaN,NaN
7,NaN,NaN,NaN,NaN,NaN,NaN,NaN,NaN
8,NaN,NaN,NaN,NaN,NaN,NaN,NaN,NaN
9,NaN,NaN,NaN,NaN,NaN,NaN,NaN,NaN
10,NaN,NaN,NaN,NaN,NaN,NaN,NaN,NaN
11,NaN,NaN,NaN,NaN,NaN,NaN,NaN,NaN
1,NaN,NaN,NaN,NaN,NaN,NaN,NaN,NaN
2,NaN,NaN,NaN,NaN,NaN,NaN,NaN,NaN
3,NaN,NaN,NaN,NaN,NaN,NaN,NaN,NaN
4,NaN,NaN,NaN,NaN,NaN,NaN,NaN,NaN
5,NaN,NaN,NaN,NaN,NaN,NaN,NaN,NaN
6,NaN,NaN,NaN,NaN,NaN,NaN,NaN,NaN
7,NaN,NaN,NaN,NaN,NaN,NaN,NaN,NaN
8,NaN,NaN,NaN,NaN,NaN,NaN,NaN,NaN
9,NaN,NaN,NaN,NaN,NaN,NaN,NaN,NaN
10,NaN,NaN,NaN,NaN,NaN,NaN,NaN,NaN
11,NaN,NaN,NaN,NaN,NaN,NaN,NaN,NaN
1,NaN,NaN,NaN,NaN,NaN,NaN,NaN,NaN
2,NaN,NaN,NaN,NaN,NaN,NaN,NaN,NaN
3,NaN,NaN,NaN,NaN,NaN,NaN,NaN,NaN
4,NaN,NaN,NaN,NaN,NaN,NaN,NaN,NaN
5,NaN,NaN,NaN,NaN,NaN,NaN,NaN,NaN
6,NaN,NaN,NaN,NaN,NaN,NaN,NaN,NaN
7,NaN,NaN,NaN,NaN,NaN,NaN,NaN,NaN
8,NaN,NaN,NaN,NaN,NaN,NaN,NaN,NaN
9,NaN,NaN,NaN,NaN,NaN,NaN,NaN,NaN
10,NaN,NaN,NaN,NaN,NaN,NaN,NaN,NaN
11,NaN,NaN,NaN,NaN,NaN,NaN,NaN,NaN
1,NaN,NaN,NaN,NaN,NaN,NaN,NaN,NaN
2,NaN,NaN,NaN,NaN,NaN,NaN,NaN,NaN
3,NaN,NaN,NaN,NaN,NaN,NaN,NaN,NaN
4,NaN,NaN,NaN,NaN,NaN,NaN,NaN,NaN
5,NaN,NaN,NaN,NaN,NaN,NaN,NaN,NaN
6,NaN,NaN,NaN,NaN,NaN,NaN,NaN,NaN
7,NaN,NaN,NaN,NaN,NaN,NaN,NaN,NaN
8,NaN,NaN,NaN,NaN,NaN,NaN,NaN,NaN
9,NaN,NaN,NaN,NaN,NaN,NaN,NaN,NaN
10,NaN,NaN,NaN,NaN,NaN,NaN,NaN,NaN
11,NaN,NaN,NaN,NaN,NaN,NaN,NaN,NaN
1,NaN,NaN,NaN,NaN,NaN,NaN,NaN,NaN
2,NaN,NaN,NaN,NaN,NaN,NaN,NaN,NaN
3,NaN,NaN,NaN,NaN,NaN,NaN,NaN,NaN
4,NaN,NaN,NaN,NaN,NaN,NaN,NaN,NaN
5,NaN,NaN,NaN,NaN,NaN,NaN,NaN,NaN
6,NaN,NaN,NaN,NaN,NaN,NaN,NaN,NaN
7,NaN,NaN,NaN,NaN,NaN,NaN,NaN,NaN
8,NaN,NaN,NaN,NaN,NaN,NaN,NaN,NaN
9,NaN,NaN,NaN,NaN,NaN,NaN,NaN,NaN
10,NaN,NaN,NaN,NaN,NaN,NaN,NaN,NaN
11,NaN,NaN,NaN,NaN,NaN,NaN,NaN,NaN
1,NaN,NaN,NaN,NaN,NaN,NaN,NaN,NaN
2,NaN,NaN,NaN,NaN,NaN,NaN,NaN,NaN
3,NaN,NaN,NaN,NaN,NaN,NaN,NaN,NaN
4,NaN,NaN,NaN,NaN,NaN,NaN,NaN,NaN
5,NaN,NaN,NaN,NaN,NaN,NaN,NaN,NaN
6,NaN,NaN,NaN,NaN,NaN,NaN,NaN,NaN
7,NaN,NaN,NaN,NaN,NaN,NaN,NaN,NaN
8,NaN,NaN,NaN,NaN,NaN,NaN,NaN,NaN
9,NaN,NaN,NaN,NaN,NaN,NaN,NaN,NaN
10,NaN,NaN,NaN,NaN,NaN,NaN,NaN,NaN
11,NaN,NaN,NaN,NaN,NaN,NaN,NaN,NaN
1,NaN,NaN,NaN,NaN,NaN,NaN,NaN,NaN
2,NaN,NaN,NaN,NaN,NaN,NaN,NaN,NaN
3,NaN,NaN,NaN,NaN,NaN,NaN,NaN,NaN
4,NaN,NaN,NaN,NaN,NaN,NaN,NaN,NaN
5,NaN,NaN,NaN,NaN,NaN,NaN,NaN,NaN
6,NaN,NaN,NaN,NaN,NaN,NaN,NaN,NaN
7,NaN,NaN,NaN,NaN,NaN,NaN,NaN,NaN
8,NaN,NaN,NaN,NaN,NaN,NaN,NaN,NaN
9,NaN,NaN,NaN,NaN,NaN,NaN,NaN,NaN
10,NaN,NaN,NaN,NaN,NaN,NaN,NaN,NaN
11,NaN,NaN,NaN,NaN,NaN,NaN,NaN,NaN
1,NaN,NaN,NaN,NaN,NaN,NaN,NaN,NaN
2,NaN,NaN,NaN,NaN,NaN,NaN,NaN,NaN
3,NaN,NaN,NaN,NaN,NaN,NaN,NaN,NaN
4,NaN,NaN,NaN,NaN,NaN,NaN,NaN,NaN
5,NaN,NaN,NaN,NaN,NaN,NaN,NaN,NaN
6,NaN,NaN,NaN,NaN,NaN,NaN,NaN,NaN
7,NaN,NaN,NaN,NaN,NaN,NaN,NaN,NaN
8,NaN,NaN,NaN,NaN,NaN,NaN,NaN,NaN
9,NaN,NaN,NaN,NaN,NaN,NaN,NaN,NaN
10,NaN,NaN,NaN,NaN,NaN,NaN,NaN,NaN
11,NaN,NaN,NaN,NaN,NaN,NaN,NaN,NaN
1,NaN,NaN,NaN,NaN,NaN,NaN,NaN,NaN
2,NaN,NaN,NaN,NaN,NaN,NaN,NaN,NaN
3,NaN,NaN,NaN,NaN,NaN,NaN,NaN,NaN
4,NaN,NaN,NaN,NaN,NaN,NaN,NaN,NaN
5,NaN,NaN,NaN,NaN,NaN,NaN,NaN,NaN
6,NaN,NaN,NaN,NaN,NaN,NaN,NaN,NaN
7,NaN,NaN,NaN,NaN,NaN,NaN,NaN,NaN
8,NaN,NaN,NaN,NaN,NaN,NaN,NaN,NaN
9,NaN,NaN,NaN,NaN,NaN,NaN,NaN,NaN
10,NaN,NaN,NaN,NaN,NaN,NaN,NaN,NaN
11,NaN,NaN,NaN,NaN,NaN,NaN,NaN,NaN
1,NaN,NaN,NaN,NaN,NaN,NaN,NaN,NaN
2,NaN,NaN,NaN,NaN,NaN,NaN,NaN,NaN
3,NaN,NaN,NaN,NaN,NaN,NaN,NaN,NaN
4,NaN,NaN,NaN,NaN,NaN,NaN,NaN,NaN
5,NaN,NaN,NaN,NaN,NaN,NaN,NaN,NaN
6,NaN,NaN,NaN,NaN,NaN,NaN,NaN,NaN
7,NaN,NaN,NaN,NaN,NaN,NaN,NaN,NaN
8,NaN,NaN,NaN,NaN,NaN,NaN,NaN,NaN
9,NaN,NaN,NaN,NaN,NaN,NaN,NaN,NaN
10,NaN,NaN,NaN,NaN,NaN,NaN,NaN,NaN
11,NaN,NaN,NaN,NaN,NaN,NaN,NaN,NaN
1,NaN,NaN,NaN,NaN,NaN,NaN,NaN,NaN
2,NaN,NaN,NaN,NaN,NaN,NaN,NaN,NaN
3,NaN,NaN,NaN,NaN,NaN,NaN,NaN,NaN
4,NaN,NaN,NaN,NaN,NaN,NaN,NaN,NaN
5,NaN,NaN,NaN,NaN,NaN,NaN,NaN,NaN
6,NaN,NaN,NaN,NaN,NaN,NaN,NaN,NaN
7,NaN,NaN,NaN,NaN,NaN,NaN,NaN,NaN
8,NaN,NaN,NaN,NaN,NaN,NaN,NaN,NaN
9,NaN,NaN,NaN,NaN,NaN,NaN,NaN,NaN
10,NaN,NaN,NaN,NaN,NaN,NaN,NaN,NaN
11,NaN,NaN,NaN,NaN,NaN,NaN,NaN,NaN
1,NaN,NaN,NaN,NaN,NaN,NaN,NaN,NaN
2,NaN,NaN,NaN,NaN,NaN,NaN,NaN,NaN
3,NaN,NaN,NaN,NaN,NaN,NaN,NaN,NaN
4,NaN,NaN,NaN,NaN,NaN,NaN,NaN,NaN
5,NaN,NaN,NaN,NaN,NaN,NaN,NaN,NaN
6,NaN,NaN,NaN,NaN,NaN,NaN,NaN,NaN
7,NaN,NaN,NaN,NaN,NaN,NaN,NaN,NaN
8,NaN,NaN,NaN,NaN,NaN,NaN,NaN,NaN
9,NaN,NaN,NaN,NaN,NaN,NaN,NaN,NaN
10,NaN,NaN,NaN,NaN,NaN,NaN,NaN,NaN
11,NaN,NaN,NaN,NaN,NaN,NaN,NaN,NaN
1,NaN,NaN,NaN,NaN,NaN,NaN,NaN,NaN
2,NaN,NaN,NaN,NaN,NaN,NaN,NaN,NaN
3,NaN,NaN,NaN,NaN,NaN,NaN,NaN,NaN
4,NaN,NaN,NaN,NaN,NaN,NaN,NaN,NaN
5,NaN,NaN,NaN,NaN,NaN,NaN,NaN,NaN
6,NaN,NaN,NaN,NaN,NaN,NaN,NaN,NaN
7,NaN,NaN,NaN,NaN,NaN,NaN,NaN,NaN
8,NaN,NaN,NaN,NaN,NaN,NaN,NaN,NaN
9,NaN,NaN,NaN,NaN,NaN,NaN,NaN,NaN
10,NaN,NaN,NaN,NaN,NaN,NaN,NaN,NaN
11,NaN,NaN,NaN,NaN,NaN,NaN,NaN,NaN
1,NaN,NaN,NaN,NaN,NaN,NaN,NaN,NaN
2,NaN,NaN,NaN,NaN,NaN,NaN,NaN,NaN
3,NaN,NaN,NaN,NaN,NaN,NaN,NaN,NaN
4,NaN,NaN,NaN,NaN,NaN,NaN,NaN,NaN
5,NaN,NaN,NaN,NaN,NaN,NaN,NaN,NaN
6,NaN,NaN,NaN,NaN,NaN,NaN,NaN,NaN
7,NaN,NaN,NaN,NaN,NaN,NaN,NaN,NaN
8,NaN,NaN,NaN,NaN,NaN,NaN,NaN,NaN
9,NaN,NaN,NaN,NaN,NaN,NaN,NaN,NaN
10,NaN,NaN,NaN,NaN,NaN,NaN,NaN,NaN
11,NaN,NaN,NaN,NaN,NaN,NaN,NaN,NaN
1,NaN,NaN,NaN,NaN,NaN,NaN,NaN,NaN
2,NaN,NaN,NaN,NaN,NaN,NaN,NaN,NaN
3,NaN,NaN,NaN,NaN,NaN,NaN,NaN,NaN
4,NaN,NaN,NaN,NaN,NaN,NaN,NaN,NaN
5,NaN,NaN,NaN,NaN,NaN,NaN,NaN,NaN
6,NaN,NaN,NaN,NaN,NaN,NaN,NaN,NaN
7,NaN,NaN,NaN,NaN,NaN,NaN,NaN,NaN
8,NaN,NaN,NaN,NaN,NaN,NaN,NaN,NaN
9,NaN,NaN,NaN,NaN,NaN,NaN,NaN,NaN
10,NaN,NaN,NaN,NaN,NaN,NaN,NaN,NaN
11,NaN,NaN,NaN,NaN,NaN,NaN,NaN,NaN
1,NaN,NaN,NaN,NaN,NaN,NaN,NaN,NaN
2,NaN,NaN,NaN,NaN,NaN,NaN,NaN,NaN
3,NaN,NaN,NaN,NaN,NaN,NaN,NaN,NaN
4,NaN,NaN,NaN,NaN,NaN,NaN,NaN,NaN
5,NaN,NaN,NaN,NaN,NaN,NaN,NaN,NaN
6,NaN,NaN,NaN,NaN,NaN,NaN,NaN,NaN
7,NaN,NaN,NaN,NaN,NaN,NaN,NaN,NaN
8,NaN,NaN,NaN,NaN,NaN,NaN,NaN,NaN
9,NaN,NaN,NaN,NaN,NaN,NaN,NaN,NaN
10,NaN,NaN,NaN,NaN,NaN,NaN,NaN,NaN
11,NaN,NaN,NaN,NaN,NaN,NaN,NaN,NaN
1,NaN,NaN,NaN,NaN,NaN,NaN,NaN,NaN
2,NaN,NaN,NaN,NaN,NaN,NaN,NaN,NaN
3,NaN,NaN,NaN,NaN,NaN,NaN,NaN,NaN
4,NaN,NaN,NaN,NaN,NaN,NaN,NaN,NaN
5,NaN,NaN,NaN,NaN,NaN,NaN,NaN,NaN
6,NaN,NaN,NaN,NaN,NaN,NaN,NaN,NaN
7,NaN,NaN,NaN,NaN,NaN,NaN,NaN,NaN
8,NaN,NaN,NaN,NaN,NaN,NaN,NaN,NaN
9,NaN,NaN,NaN,NaN,NaN,NaN,NaN,NaN
10,NaN,NaN,NaN,NaN,NaN,NaN,NaN,NaN
11,NaN,NaN,NaN,NaN,NaN,NaN,NaN,NaN
1,NaN,NaN,NaN,NaN,NaN,NaN,NaN,NaN
2,NaN,NaN,NaN,NaN,NaN,NaN,NaN,NaN
3,NaN,NaN,NaN,NaN,NaN,NaN,NaN,NaN
4,NaN,NaN,NaN,NaN,NaN,NaN,NaN,NaN
5,NaN,NaN,NaN,NaN,NaN,NaN,NaN,NaN
6,NaN,NaN,NaN,NaN,NaN,NaN,NaN,NaN
7,NaN,NaN,NaN,NaN,NaN,NaN,NaN,NaN
8,NaN,NaN,NaN,NaN,NaN,NaN,NaN,NaN
9,NaN,NaN,NaN,NaN,NaN,NaN,NaN,NaN
10,NaN,NaN,NaN,NaN,NaN,NaN,NaN,NaN
11,NaN,NaN,NaN,NaN,NaN,NaN,NaN,NaN
1,NaN,NaN,NaN,NaN,NaN,NaN,NaN,NaN
2,NaN,NaN,NaN,NaN,NaN,NaN,NaN,NaN
3,NaN,NaN,NaN,NaN,NaN,NaN,NaN,NaN
4,NaN,NaN,NaN,NaN,NaN,NaN,NaN,NaN
5,NaN,NaN,NaN,NaN,NaN,NaN,NaN,NaN
6,NaN,NaN,NaN,NaN,NaN,NaN,NaN,NaN
7,NaN,NaN,NaN,NaN,NaN,NaN,NaN,NaN
8,NaN,NaN,NaN,NaN,NaN,NaN,NaN,NaN
9,NaN,NaN,NaN,NaN,NaN,NaN,NaN,NaN
10,NaN,NaN,NaN,NaN,NaN,NaN,NaN,NaN
11,NaN,NaN,NaN,NaN,NaN,NaN,NaN,NaN
1,NaN,NaN,NaN,NaN,NaN,NaN,NaN,NaN
2,NaN,NaN,NaN,NaN,NaN,NaN,NaN,NaN
3,NaN,NaN,NaN,NaN,NaN,NaN,NaN,NaN
4,NaN,NaN,NaN,NaN,NaN,NaN,NaN,NaN
5,NaN,NaN,NaN,NaN,NaN,NaN,NaN,NaN
6,NaN,NaN,NaN,NaN,NaN,NaN,NaN,NaN
7,NaN,NaN,NaN,NaN,NaN,NaN,NaN,NaN
8,NaN,NaN,NaN,NaN,NaN,NaN,NaN,NaN
9,NaN,NaN,NaN,NaN,NaN,NaN,NaN,NaN
10,NaN,NaN,NaN,NaN,NaN,NaN,NaN,NaN
11,NaN,NaN,NaN,NaN,NaN,NaN,NaN,NaN
1,NaN,NaN,NaN,NaN,NaN,NaN,NaN,NaN
2,NaN,NaN,NaN,NaN,NaN,NaN,NaN,NaN
3,NaN,NaN,NaN,NaN,NaN,NaN,NaN,NaN
4,NaN,NaN,NaN,NaN,NaN,NaN,NaN,NaN
5,NaN,NaN,NaN,NaN,NaN,NaN,NaN,NaN
6,NaN,NaN,NaN,NaN,NaN,NaN,NaN,NaN
7,NaN,NaN,NaN,NaN,NaN,NaN,NaN,NaN
8,NaN,NaN,NaN,NaN,NaN,NaN,NaN,NaN
9,NaN,NaN,NaN,NaN,NaN,NaN,NaN,NaN
10,NaN,NaN,NaN,NaN,NaN,NaN,NaN,NaN
11,NaN,NaN,NaN,NaN,NaN,NaN,NaN,NaN
1,NaN,NaN,NaN,NaN,NaN,NaN,NaN,NaN
2,NaN,NaN,NaN,NaN,NaN,NaN,NaN,NaN
3,NaN,NaN,NaN,NaN,NaN,NaN,NaN,NaN
4,NaN,NaN,NaN,NaN,NaN,NaN,NaN,NaN
5,NaN,NaN,NaN,NaN,NaN,NaN,NaN,NaN
6,NaN,NaN,NaN,NaN,NaN,NaN,NaN,NaN
7,NaN,NaN,NaN,NaN,NaN,NaN,NaN,NaN
8,NaN,NaN,NaN,NaN,NaN,NaN,NaN,NaN
9,NaN,NaN,NaN,NaN,NaN,NaN,NaN,NaN
10,NaN,NaN,NaN,NaN,NaN,NaN,NaN,NaN
11,NaN,NaN,NaN,NaN,NaN,NaN,NaN,NaN
1,NaN,NaN,NaN,NaN,NaN,NaN,NaN,NaN
2,NaN,NaN,NaN,NaN,NaN,NaN,NaN,NaN
3,NaN,NaN,NaN,NaN,NaN,NaN,NaN,NaN
4,NaN,NaN,NaN,NaN,NaN,NaN,NaN,NaN
5,NaN,NaN,NaN,NaN,NaN,NaN,NaN,NaN
6,NaN,NaN,NaN,NaN,NaN,NaN,NaN,NaN
7,NaN,NaN,NaN,NaN,NaN,NaN,NaN,NaN
8,NaN,NaN,NaN,NaN,NaN,NaN,NaN,NaN
9,NaN,NaN,NaN,NaN,NaN,NaN,NaN,NaN
10,NaN,NaN,NaN,NaN,NaN,NaN,NaN,NaN
11,NaN,NaN,NaN,NaN,NaN,NaN,NaN,NaN
1,NaN,NaN,NaN,NaN,NaN,NaN,NaN,NaN
2,NaN,NaN,NaN,NaN,NaN,NaN,NaN,NaN
3,NaN,NaN,NaN,NaN,NaN,NaN,NaN,NaN
4,NaN,NaN,NaN,NaN,NaN,NaN,NaN,NaN
5,NaN,NaN,NaN,NaN,NaN,NaN,NaN,NaN
6,NaN,NaN,NaN,NaN,NaN,NaN,NaN,NaN
7,NaN,NaN,NaN,NaN,NaN,NaN,NaN,NaN
8,NaN,NaN,NaN,NaN,NaN,NaN,NaN,NaN
9,NaN,NaN,NaN,NaN,NaN,NaN,NaN,NaN
10,NaN,NaN,NaN,NaN,NaN,NaN,NaN,NaN
11,NaN,NaN,NaN,NaN,NaN,NaN,NaN,NaN
1,NaN,NaN,NaN,NaN,NaN,NaN,NaN,NaN
2,NaN,NaN,NaN,NaN,NaN,NaN,NaN,NaN
3,NaN,NaN,NaN,NaN,NaN,NaN,NaN,NaN
4,NaN,NaN,NaN,NaN,NaN,NaN,NaN,NaN
5,NaN,NaN,NaN,NaN,NaN,NaN,NaN,NaN
6,NaN,NaN,NaN,NaN,NaN,NaN,NaN,NaN
7,NaN,NaN,NaN,NaN,NaN,NaN,NaN,NaN
8,NaN,NaN,NaN,NaN,NaN,NaN,NaN,NaN
9,NaN,NaN,NaN,NaN,NaN,NaN,NaN,NaN
10,NaN,NaN,NaN,NaN,NaN,NaN,NaN,NaN
11,NaN,NaN,NaN,NaN,NaN,NaN,NaN,NaN
1,NaN,NaN,NaN,NaN,NaN,NaN,NaN,NaN
2,NaN,NaN,NaN,NaN,NaN,NaN,NaN,NaN
3,NaN,NaN,NaN,NaN,NaN,NaN,NaN,NaN
4,NaN,NaN,NaN,NaN,NaN,NaN,NaN,NaN
5,NaN,NaN,NaN,NaN,NaN,NaN,NaN,NaN
6,NaN,NaN,NaN,NaN,NaN,NaN,NaN,NaN
7,NaN,NaN,NaN,NaN,NaN,NaN,NaN,NaN
8,NaN,NaN,NaN,NaN,NaN,NaN,NaN,NaN
9,NaN,NaN,NaN,NaN,NaN,NaN,NaN,NaN
10,NaN,NaN,NaN,NaN,NaN,NaN,NaN,NaN
11,NaN,NaN,NaN,NaN,NaN,NaN,NaN,NaN
1,NaN,NaN,NaN,NaN,NaN,NaN,NaN,NaN
2,NaN,NaN,NaN,NaN,NaN,NaN,NaN,NaN
3,NaN,NaN,NaN,NaN,NaN,NaN,NaN,NaN
4,NaN,NaN,NaN,NaN,NaN,NaN,NaN,NaN
5,NaN,NaN,NaN,NaN,NaN,NaN,NaN,NaN
6,NaN,NaN,NaN,NaN,NaN,NaN,NaN,NaN
7,NaN,NaN,NaN,NaN,NaN,NaN,NaN,NaN
8,NaN,NaN,NaN,NaN,NaN,NaN,NaN,NaN
9,NaN,NaN,NaN,NaN,NaN,NaN,NaN,NaN
10,NaN,NaN,NaN,NaN,NaN,NaN,NaN,NaN
11,NaN,NaN,NaN,NaN,NaN,NaN,NaN,NaN
1,NaN,NaN,NaN,NaN,NaN,NaN,NaN,NaN
2,NaN,NaN,NaN,NaN,NaN,NaN,NaN,NaN
3,NaN,NaN,NaN,NaN,NaN,NaN,NaN,NaN
4,NaN,NaN,NaN,NaN,NaN,NaN,NaN,NaN
5,NaN,NaN,NaN,NaN,NaN,NaN,NaN,NaN
6,NaN,NaN,NaN,NaN,NaN,NaN,NaN,NaN
7,NaN,NaN,NaN,NaN,NaN,NaN,NaN,NaN
8,NaN,NaN,NaN,NaN,NaN,NaN,NaN,NaN
9,NaN,NaN,NaN,NaN,NaN,NaN,NaN,NaN
10,NaN,NaN,NaN,NaN,NaN,NaN,NaN,NaN
11,NaN,NaN,NaN,NaN,NaN,NaN,NaN,NaN
1,NaN,NaN,NaN,NaN,NaN,NaN,NaN,NaN
2,NaN,NaN,NaN,NaN,NaN,NaN,NaN,NaN
3,NaN,NaN,NaN,NaN,NaN,NaN,NaN,NaN
4,NaN,NaN,NaN,NaN,NaN,NaN,NaN,NaN
5,NaN,NaN,NaN,NaN,NaN,NaN,NaN,NaN
6,NaN,NaN,NaN,NaN,NaN,NaN,NaN,NaN
7,NaN,NaN,NaN,NaN,NaN,NaN,NaN,NaN
8,NaN,NaN,NaN,NaN,NaN,NaN,NaN,NaN
9,NaN,NaN,NaN,NaN,NaN,NaN,NaN,NaN
10,NaN,NaN,NaN,NaN,NaN,NaN,NaN,NaN
11,NaN,NaN,NaN,NaN,NaN,NaN,NaN,NaN
1,NaN,NaN,NaN,NaN,NaN,NaN,NaN,NaN
2,NaN,NaN,NaN,NaN,NaN,NaN,NaN,NaN
3,NaN,NaN,NaN,NaN,NaN,NaN,NaN,NaN
4,NaN,NaN,NaN,NaN,NaN,NaN,NaN,NaN
5,NaN,NaN,NaN,NaN,NaN,NaN,NaN,NaN
6,NaN,NaN,NaN,NaN,NaN,NaN,NaN,NaN
7,NaN,NaN,NaN,NaN,NaN,NaN,NaN,NaN
8,NaN,NaN,NaN,NaN,NaN,NaN,NaN,NaN
9,NaN,NaN,NaN,NaN,NaN,NaN,NaN,NaN
10,NaN,NaN,NaN,NaN,NaN,NaN,NaN,NaN
11,NaN,NaN,NaN,NaN,NaN,NaN,NaN,NaN
1,NaN,NaN,NaN,NaN,NaN,NaN,NaN,NaN
2,NaN,NaN,NaN,NaN,NaN,NaN,NaN,NaN
3,NaN,NaN,NaN,NaN,NaN,NaN,NaN,NaN
4,NaN,NaN,NaN,NaN,NaN,NaN,NaN,NaN
5,NaN,NaN,NaN,NaN,NaN,NaN,NaN,NaN
6,NaN,NaN,NaN,NaN,NaN,NaN,NaN,NaN
7,NaN,NaN,NaN,NaN,NaN,NaN,NaN,NaN
8,NaN,NaN,NaN,NaN,NaN,NaN,NaN,NaN
9,NaN,NaN,NaN,NaN,NaN,NaN,NaN,NaN
10,NaN,NaN,NaN,NaN,NaN,NaN,NaN,NaN
11,NaN,NaN,NaN,NaN,NaN,NaN,NaN,NaN
1,NaN,NaN,NaN,NaN,NaN,NaN,NaN,NaN
2,NaN,NaN,NaN,NaN,NaN,NaN,NaN,NaN
3,NaN,NaN,NaN,NaN,NaN,NaN,NaN,NaN
4,NaN,NaN,NaN,NaN,NaN,NaN,NaN,NaN
5,NaN,NaN,NaN,NaN,NaN,NaN,NaN,NaN
6,NaN,NaN,NaN,NaN,NaN,NaN,NaN,NaN
7,NaN,NaN,NaN,NaN,NaN,NaN,NaN,NaN
8,NaN,NaN,NaN,NaN,NaN,NaN,NaN,NaN
9,NaN,NaN,NaN,NaN,NaN,NaN,NaN,NaN
10,NaN,NaN,NaN,NaN,NaN,NaN,NaN,NaN
11,NaN,NaN,NaN,NaN,NaN,NaN,NaN,NaN
1,NaN,NaN,NaN,NaN,NaN,NaN,NaN,NaN
2,NaN,NaN,NaN,NaN,NaN,NaN,NaN,NaN
3,NaN,NaN,NaN,NaN,NaN,NaN,NaN,NaN
4,NaN,NaN,NaN,NaN,NaN,NaN,NaN,NaN
5,NaN,NaN,NaN,NaN,NaN,NaN,NaN,NaN
6,NaN,NaN,NaN,NaN,NaN,NaN,NaN,NaN
7,NaN,NaN,NaN,NaN,NaN,NaN,NaN,NaN
8,NaN,NaN,NaN,NaN,NaN,NaN,NaN,NaN
9,NaN,NaN,NaN,NaN,NaN,NaN,NaN,NaN
10,NaN,NaN,NaN,NaN,NaN,NaN,NaN,NaN
11,NaN,NaN,NaN,NaN,NaN,NaN,NaN,NaN
1,NaN,NaN,NaN,NaN,NaN,NaN,NaN,NaN
2,NaN,NaN,NaN,NaN,NaN,NaN,NaN,NaN
3,NaN,NaN,NaN,NaN,NaN,NaN,NaN,NaN
4,NaN,NaN,NaN,NaN,NaN,NaN,NaN,NaN
5,NaN,NaN,NaN,NaN,NaN,NaN,NaN,NaN
6,NaN,NaN,NaN,NaN,NaN,NaN,NaN,NaN
7,NaN,NaN,NaN,NaN,NaN,NaN,NaN,NaN
8,NaN,NaN,NaN,NaN,NaN,NaN,NaN,NaN
9,NaN,NaN,NaN,NaN,NaN,NaN,NaN,NaN
10,NaN,NaN,NaN,NaN,NaN,NaN,NaN,NaN
11,NaN,NaN,NaN,NaN,NaN,NaN,NaN,NaN
1,NaN,NaN,NaN,NaN,NaN,NaN,NaN,NaN
2,NaN,NaN,NaN,NaN,NaN,NaN,NaN,NaN
3,NaN,NaN,NaN,NaN,NaN,NaN,NaN,NaN
4,NaN,NaN,NaN,NaN,NaN,NaN,NaN,NaN
5,NaN,NaN,NaN,NaN,NaN,NaN,NaN,NaN
6,NaN,NaN,NaN,NaN,NaN,NaN,NaN,NaN
7,NaN,NaN,NaN,NaN,NaN,NaN,NaN,NaN
8,NaN,NaN,NaN,NaN,NaN,NaN,NaN,NaN
9,NaN,NaN,NaN,NaN,NaN,NaN,NaN,NaN
10,NaN,NaN,NaN,NaN,NaN,NaN,NaN,NaN
11,NaN,NaN,NaN,NaN,NaN,NaN,NaN,NaN
1,NaN,NaN,NaN,NaN,NaN,NaN,NaN,NaN
2,NaN,NaN,NaN,NaN,NaN,NaN,NaN,NaN
3,NaN,NaN,NaN,NaN,NaN,NaN,NaN,NaN
4,NaN,NaN,NaN,NaN,NaN,NaN,NaN,NaN
5,NaN,NaN,NaN,NaN,NaN,NaN,NaN,NaN
6,NaN,NaN,NaN,NaN,NaN,NaN,NaN,NaN
7,NaN,NaN,NaN,NaN,NaN,NaN,NaN,NaN
8,NaN,NaN,NaN,NaN,NaN,NaN,NaN,NaN
9,NaN,NaN,NaN,NaN,NaN,NaN,NaN,NaN
10,NaN,NaN,NaN,NaN,NaN,NaN,NaN,NaN
11,NaN,NaN,NaN,NaN,NaN,NaN,NaN,NaN
1,NaN,NaN,NaN,NaN,NaN,NaN,NaN,NaN
2,NaN,NaN,NaN,NaN,NaN,NaN,NaN,NaN
3,NaN,NaN,NaN,NaN,NaN,NaN,NaN,NaN
4,NaN,NaN,NaN,NaN,NaN,NaN,NaN,NaN
5,NaN,NaN,NaN,NaN,NaN,NaN,NaN,NaN
6,NaN,NaN,NaN,NaN,NaN,NaN,NaN,NaN
7,NaN,NaN,NaN,NaN,NaN,NaN,NaN,NaN
8,NaN,NaN,NaN,NaN,NaN,NaN,NaN,NaN
9,NaN,NaN,NaN,NaN,NaN,NaN,NaN,NaN
10,NaN,NaN,NaN,NaN,NaN,NaN,NaN,NaN
11,NaN,NaN,NaN,NaN,NaN,NaN,NaN,NaN
1,NaN,NaN,NaN,NaN,NaN,NaN,NaN,NaN
2,NaN,NaN,NaN,NaN,NaN,NaN,NaN,NaN
3,NaN,NaN,NaN,NaN,NaN,NaN,NaN,NaN
4,NaN,NaN,NaN,NaN,NaN,NaN,NaN,NaN
5,NaN,NaN,NaN,NaN,NaN,NaN,NaN,NaN
6,NaN,NaN,NaN,NaN,NaN,NaN,NaN,NaN
7,NaN,NaN,NaN,NaN,NaN,NaN,NaN,NaN
8,NaN,NaN,NaN,NaN,NaN,NaN,NaN,NaN
9,NaN,NaN,NaN,NaN,NaN,NaN,NaN,NaN
10,NaN,NaN,NaN,NaN,NaN,NaN,NaN,NaN
11,NaN,NaN,NaN,NaN,NaN,NaN,NaN,NaN
1,NaN,NaN,NaN,NaN,NaN,NaN,NaN,NaN
2,NaN,NaN,NaN,NaN,NaN,NaN,NaN,NaN
3,NaN,NaN,NaN,NaN,NaN,NaN,NaN,NaN
4,NaN,NaN,NaN,NaN,NaN,NaN,NaN,NaN
5,NaN,NaN,NaN,NaN,NaN,NaN,NaN,NaN
6,NaN,NaN,NaN,NaN,NaN,NaN,NaN,NaN
7,NaN,NaN,NaN,NaN,NaN,NaN,NaN,NaN
8,NaN,NaN,NaN,NaN,NaN,NaN,NaN,NaN
9,NaN,NaN,NaN,NaN,NaN,NaN,NaN,NaN
10,NaN,NaN,NaN,NaN,NaN,NaN,NaN,NaN
11,NaN,NaN,NaN,NaN,NaN,NaN,NaN,NaN
1,NaN,NaN,NaN,NaN,NaN,NaN,NaN,NaN
2,NaN,NaN,NaN,NaN,NaN,NaN,NaN,NaN
3,NaN,NaN,NaN,NaN,NaN,NaN,NaN,NaN
4,NaN,NaN,NaN,NaN,NaN,NaN,NaN,NaN
5,NaN,NaN,NaN,NaN,NaN,NaN,NaN,NaN
6,NaN,NaN,NaN,NaN,NaN,NaN,NaN,NaN
7,NaN,NaN,NaN,NaN,NaN,NaN,NaN,NaN
8,NaN,NaN,NaN,NaN,NaN,NaN,NaN,NaN
9,NaN,NaN,NaN,NaN,NaN,NaN,NaN,NaN
10,NaN,NaN,NaN,NaN,NaN,NaN,NaN,NaN
11,NaN,NaN,NaN,NaN,NaN,NaN,NaN,NaN
1,NaN,NaN,NaN,NaN,NaN,NaN,NaN,NaN
2,NaN,NaN,NaN,NaN,NaN,NaN,NaN,NaN
3,NaN,NaN,NaN,NaN,NaN,NaN,NaN,NaN
4,NaN,NaN,NaN,NaN,NaN,NaN,NaN,NaN
5,NaN,NaN,NaN,NaN,NaN,NaN,NaN,NaN
6,NaN,NaN,NaN,NaN,NaN,NaN,NaN,NaN
7,NaN,NaN,NaN,NaN,NaN,NaN,NaN,NaN
8,NaN,NaN,NaN,NaN,NaN,NaN,NaN,NaN
9,NaN,NaN,NaN,NaN,NaN,NaN,NaN,NaN
10,NaN,NaN,NaN,NaN,NaN,NaN,NaN,NaN
11,NaN,NaN,NaN,NaN,NaN,NaN,NaN,NaN
1,NaN,NaN,NaN,NaN,NaN,NaN,NaN,NaN
2,NaN,NaN,NaN,NaN,NaN,NaN,NaN,NaN
3,NaN,NaN,NaN,NaN,NaN,NaN,NaN,NaN
4,NaN,NaN,NaN,NaN,NaN,NaN,NaN,NaN
5,NaN,NaN,NaN,NaN,NaN,NaN,NaN,NaN
6,NaN,NaN,NaN,NaN,NaN,NaN,NaN,NaN
7,NaN,NaN,NaN,NaN,NaN,NaN,NaN,NaN
8,NaN,NaN,NaN,NaN,NaN,NaN,NaN,NaN
9,NaN,NaN,NaN,NaN,NaN,NaN,NaN,NaN
10,NaN,NaN,NaN,NaN,NaN,NaN,NaN,NaN
11,NaN,NaN,NaN,NaN,NaN,NaN,NaN,NaN
1,NaN,NaN,NaN,NaN,NaN,NaN,NaN,NaN
2,NaN,NaN,NaN,NaN,NaN,NaN,NaN,NaN
3,NaN,NaN,NaN,NaN,NaN,NaN,NaN,NaN
4,NaN,NaN,NaN,NaN,NaN,NaN,NaN,NaN
5,NaN,NaN,NaN,NaN,NaN,NaN,NaN,NaN
6,NaN,NaN,NaN,NaN,NaN,NaN,NaN,NaN
7,NaN,NaN,NaN,NaN,NaN,NaN,NaN,NaN
8,NaN,NaN,NaN,NaN,NaN,NaN,NaN,NaN
9,NaN,NaN,NaN,NaN,NaN,NaN,NaN,NaN
10,NaN,NaN,NaN,NaN,NaN,NaN,NaN,NaN
11,NaN,NaN,NaN,NaN,NaN,NaN,NaN,NaN
1,NaN,NaN,NaN,NaN,NaN,NaN,NaN,NaN
2,NaN,NaN,NaN,NaN,NaN,NaN,NaN,NaN
3,NaN,NaN,NaN,NaN,NaN,NaN,NaN,NaN
4,NaN,NaN,NaN,NaN,NaN,NaN,NaN,NaN
5,NaN,NaN,NaN,NaN,NaN,NaN,NaN,NaN
6,NaN,NaN,NaN,NaN,NaN,NaN,NaN,NaN
7,NaN,NaN,NaN,NaN,NaN,NaN,NaN,NaN
8,NaN,NaN,NaN,NaN,NaN,NaN,NaN,NaN
9,NaN,NaN,NaN,NaN,NaN,NaN,NaN,NaN
10,NaN,NaN,NaN,NaN,NaN,NaN,NaN,NaN
11,NaN,NaN,NaN,NaN,NaN,NaN,NaN,NaN
1,NaN,NaN,NaN,NaN,NaN,NaN,NaN,NaN
2,NaN,NaN,NaN,NaN,NaN,NaN,NaN,NaN
3,NaN,NaN,NaN,NaN,NaN,NaN,NaN,NaN
4,NaN,NaN,NaN,NaN,NaN,NaN,NaN,NaN
5,NaN,NaN,NaN,NaN,NaN,NaN,NaN,NaN
6,NaN,NaN,NaN,NaN,NaN,NaN,NaN,NaN
7,NaN,NaN,NaN,NaN,NaN,NaN,NaN,NaN
8,NaN,NaN,NaN,NaN,NaN,NaN,NaN,NaN
9,NaN,NaN,NaN,NaN,NaN,NaN,NaN,NaN
10,NaN,NaN,NaN,NaN,NaN,NaN,NaN,NaN
11,NaN,NaN,NaN,NaN,NaN,NaN,NaN,NaN
1,NaN,NaN,NaN,NaN,NaN,NaN,NaN,NaN
2,NaN,NaN,NaN,NaN,NaN,NaN,NaN,NaN
3,NaN,NaN,NaN,NaN,NaN,NaN,NaN,NaN
4,NaN,NaN,NaN,NaN,NaN,NaN,NaN,NaN
5,NaN,NaN,NaN,NaN,NaN,NaN,NaN,NaN
6,NaN,NaN,NaN,NaN,NaN,NaN,NaN,NaN
7,NaN,NaN,NaN,NaN,NaN,NaN,NaN,NaN
8,NaN,NaN,NaN,NaN,NaN,NaN,NaN,NaN
9,NaN,NaN,NaN,NaN,NaN,NaN,NaN,NaN
10,NaN,NaN,NaN,NaN,NaN,NaN,NaN,NaN
11,NaN,NaN,NaN,NaN,NaN,NaN,NaN,NaN
1,NaN,NaN,NaN,NaN,NaN,NaN,NaN,NaN
2,NaN,NaN,NaN,NaN,NaN,NaN,NaN,NaN
3,NaN,NaN,NaN,NaN,NaN,NaN,NaN,NaN
4,NaN,NaN,NaN,NaN,NaN,NaN,NaN,NaN
5,NaN,NaN,NaN,NaN,NaN,NaN,NaN,NaN
6,NaN,NaN,NaN,NaN,NaN,NaN,NaN,NaN
7,NaN,NaN,NaN,NaN,NaN,NaN,NaN,NaN
8,NaN,NaN,NaN,NaN,NaN,NaN,NaN,NaN
9,NaN,NaN,NaN,NaN,NaN,NaN,NaN,NaN
10,NaN,NaN,NaN,NaN,NaN,NaN,NaN,NaN
11,NaN,NaN,NaN,NaN,NaN,NaN,NaN,NaN
1,NaN,NaN,NaN,NaN,NaN,NaN,NaN,NaN
2,NaN,NaN,NaN,NaN,NaN,NaN,NaN,NaN
3,NaN,NaN,NaN,NaN,NaN,NaN,NaN,NaN
4,NaN,NaN,NaN,NaN,NaN,NaN,NaN,NaN
5,NaN,NaN,NaN,NaN,NaN,NaN,NaN,NaN
6,NaN,NaN,NaN,NaN,NaN,NaN,NaN,NaN
7,NaN,NaN,NaN,NaN,NaN,NaN,NaN,NaN
8,NaN,NaN,NaN,NaN,NaN,NaN,NaN,NaN
9,NaN,NaN,NaN,NaN,NaN,NaN,NaN,NaN
10,NaN,NaN,NaN,NaN,NaN,NaN,NaN,NaN
11,NaN,NaN,NaN,NaN,NaN,NaN,NaN,NaN
1,NaN,NaN,NaN,NaN,NaN,NaN,NaN,NaN
2,NaN,NaN,NaN,NaN,NaN,NaN,NaN,NaN
3,NaN,NaN,NaN,NaN,NaN,NaN,NaN,NaN
4,NaN,NaN,NaN,NaN,NaN,NaN,NaN,NaN
5,NaN,NaN,NaN,NaN,NaN,NaN,NaN,NaN
6,NaN,NaN,NaN,NaN,NaN,NaN,NaN,NaN
7,NaN,NaN,NaN,NaN,NaN,NaN,NaN,NaN
8,NaN,NaN,NaN,NaN,NaN,NaN,NaN,NaN
9,NaN,NaN,NaN,NaN,NaN,NaN,NaN,NaN
10,NaN,NaN,NaN,NaN,NaN,NaN,NaN,NaN
11,NaN,NaN,NaN,NaN,NaN,NaN,NaN,NaN
1,NaN,NaN,NaN,NaN,NaN,NaN,NaN,NaN
2,NaN,NaN,NaN,NaN,NaN,NaN,NaN,NaN
3,NaN,NaN,NaN,NaN,NaN,NaN,NaN,NaN
4,NaN,NaN,NaN,NaN,NaN,NaN,NaN,NaN
5,NaN,NaN,NaN,NaN,NaN,NaN,NaN,NaN
6,NaN,NaN,NaN,NaN,NaN,NaN,NaN,NaN
7,NaN,NaN,NaN,NaN,NaN,NaN,NaN,NaN
8,NaN,NaN,NaN,NaN,NaN,NaN,NaN,NaN
9,NaN,NaN,NaN,NaN,NaN,NaN,NaN,NaN
10,NaN,NaN,NaN,NaN,NaN,NaN,NaN,NaN
11,NaN,NaN,NaN,NaN,NaN,NaN,NaN,NaN
1,NaN,NaN,NaN,NaN,NaN,NaN,NaN,NaN
2,NaN,NaN,NaN,NaN,NaN,NaN,NaN,NaN
3,NaN,NaN,NaN,NaN,NaN,NaN,NaN,NaN
4,NaN,NaN,NaN,NaN,NaN,NaN,NaN,NaN
5,NaN,NaN,NaN,NaN,NaN,NaN,NaN,NaN
6,NaN,NaN,NaN,NaN,NaN,NaN,NaN,NaN
7,NaN,NaN,NaN,NaN,NaN,NaN,NaN,NaN
8,NaN,NaN,NaN,NaN,NaN,NaN,NaN,NaN
9,NaN,NaN,NaN,NaN,NaN,NaN,NaN,NaN
10,NaN,NaN,NaN,NaN,NaN,NaN,NaN,NaN
11,NaN,NaN,NaN,NaN,NaN,NaN,NaN,NaN
1,NaN,NaN,NaN,NaN,NaN,NaN,NaN,NaN
2,NaN,NaN,NaN,NaN,NaN,NaN,NaN,NaN
3,NaN,NaN,NaN,NaN,NaN,NaN,NaN,NaN
4,NaN,NaN,NaN,NaN,NaN,NaN,NaN,NaN
5,NaN,NaN,NaN,NaN,NaN,NaN,NaN,NaN
6,NaN,NaN,NaN,NaN,NaN,NaN,NaN,NaN
7,NaN,NaN,NaN,NaN,NaN,NaN,NaN,NaN
8,NaN,NaN,NaN,NaN,NaN,NaN,NaN,NaN
9,NaN,NaN,NaN,NaN,NaN,NaN,NaN,NaN
10,NaN,NaN,NaN,NaN,NaN,NaN,NaN,NaN
11,NaN,NaN,NaN,NaN,NaN,NaN,NaN,NaN
1,NaN,NaN,NaN,NaN,NaN,NaN,NaN,NaN
2,NaN,NaN,NaN,NaN,NaN,NaN,NaN,NaN
3,NaN,NaN,NaN,NaN,NaN,NaN,NaN,NaN
4,NaN,NaN,NaN,NaN,NaN,NaN,NaN,NaN
5,NaN,NaN,NaN,NaN,NaN,NaN,NaN,NaN
6,NaN,NaN,NaN,NaN,NaN,NaN,NaN,NaN
7,NaN,NaN,NaN,NaN,NaN,NaN,NaN,NaN
8,NaN,NaN,NaN,NaN,NaN,NaN,NaN,NaN
9,NaN,NaN,NaN,NaN,NaN,NaN,NaN,NaN
10,NaN,NaN,NaN,NaN,NaN,NaN,NaN,NaN
11,NaN,NaN,NaN,NaN,NaN,NaN,NaN,NaN
1,NaN,NaN,NaN,NaN,NaN,NaN,NaN,NaN
2,NaN,NaN,NaN,NaN,NaN,NaN,NaN,NaN
3,NaN,NaN,NaN,NaN,NaN,NaN,NaN,NaN
4,NaN,NaN,NaN,NaN,NaN,NaN,NaN,NaN
5,NaN,NaN,NaN,NaN,NaN,NaN,NaN,NaN
6,NaN,NaN,NaN,NaN,NaN,NaN,NaN,NaN
7,NaN,NaN,NaN,NaN,NaN,NaN,NaN,NaN
8,NaN,NaN,NaN,NaN,NaN,NaN,NaN,NaN
9,NaN,NaN,NaN,NaN,NaN,NaN,NaN,NaN
10,NaN,NaN,NaN,NaN,NaN,NaN,NaN,NaN
11,NaN,NaN,NaN,NaN,NaN,NaN,NaN,NaN
1,NaN,NaN,NaN,NaN,NaN,NaN,NaN,NaN
2,NaN,NaN,NaN,NaN,NaN,NaN,NaN,NaN
3,NaN,NaN,NaN,NaN,NaN,NaN,NaN,NaN
4,NaN,NaN,NaN,NaN,NaN,NaN,NaN,NaN
5,NaN,NaN,NaN,NaN,NaN,NaN,NaN,NaN
6,NaN,NaN,NaN,NaN,NaN,NaN,NaN,NaN
7,NaN,NaN,NaN,NaN,NaN,NaN,NaN,NaN
8,NaN,NaN,NaN,NaN,NaN,NaN,NaN,NaN
9,NaN,NaN,NaN,NaN,NaN,NaN,NaN,NaN
10,NaN,NaN,NaN,NaN,NaN,NaN,NaN,NaN
11,NaN,NaN,NaN,NaN,NaN,NaN,NaN,NaN
1,NaN,NaN,NaN,NaN,NaN,NaN,NaN,NaN
2,NaN,NaN,NaN,NaN,NaN,NaN,NaN,NaN
3,NaN,NaN,NaN,NaN,NaN,NaN,NaN,NaN
4,NaN,NaN,NaN,NaN,NaN,NaN,NaN,NaN
5,NaN,NaN,NaN,NaN,NaN,NaN,NaN,NaN
6,NaN,NaN,NaN,NaN,NaN,NaN,NaN,NaN
7,NaN,NaN,NaN,NaN,NaN,NaN,NaN,NaN
8,NaN,NaN,NaN,NaN,NaN,NaN,NaN,NaN
9,NaN,NaN,NaN,NaN,NaN,NaN,NaN,NaN
10,NaN,NaN,NaN,NaN,NaN,NaN,NaN,NaN
11,NaN,NaN,NaN,NaN,NaN,NaN,NaN,NaN
1,NaN,NaN,NaN,NaN,NaN,NaN,NaN,NaN
2,NaN,NaN,NaN,NaN,NaN,NaN,NaN,NaN
3,NaN,NaN,NaN,NaN,NaN,NaN,NaN,NaN
4,NaN,NaN,NaN,NaN,NaN,NaN,NaN,NaN
5,NaN,NaN,NaN,NaN,NaN,NaN,NaN,NaN
6,NaN,NaN,NaN,NaN,NaN,NaN,NaN,NaN
7,NaN,NaN,NaN,NaN,NaN,NaN,NaN,NaN
8,NaN,NaN,NaN,NaN,NaN,NaN,NaN,NaN
9,NaN,NaN,NaN,NaN,NaN,NaN,NaN,NaN
10,NaN,NaN,NaN,NaN,NaN,NaN,NaN,NaN
11,NaN,NaN,NaN,NaN,NaN,NaN,NaN,NaN
1,NaN,NaN,NaN,NaN,NaN,NaN,NaN,NaN
2,NaN,NaN,NaN,NaN,NaN,NaN,NaN,NaN
3,NaN,NaN,NaN,NaN,NaN,NaN,NaN,NaN
4,NaN,NaN,NaN,NaN,NaN,NaN,NaN,NaN
5,NaN,NaN,NaN,NaN,NaN,NaN,NaN,NaN
6,NaN,NaN,NaN,NaN,NaN,NaN,NaN,NaN
7,NaN,NaN,NaN,NaN,NaN,NaN,NaN,NaN
8,NaN,NaN,NaN,NaN,NaN,NaN,NaN,NaN
9,NaN,NaN,NaN,NaN,NaN,NaN,NaN,NaN
10,NaN,NaN,NaN,NaN,NaN,NaN,NaN,NaN
11,NaN,NaN,NaN,NaN,NaN,NaN,NaN,NaN
1,NaN,NaN,NaN,NaN,NaN,NaN,NaN,NaN
2,NaN,NaN,NaN,NaN,NaN,NaN,NaN,NaN
3,NaN,NaN,NaN,NaN,NaN,NaN,NaN,NaN
4,NaN,NaN,NaN,NaN,NaN,NaN,NaN,NaN
5,NaN,NaN,NaN,NaN,NaN,NaN,NaN,NaN
6,NaN,NaN,NaN,NaN,NaN,NaN,NaN,NaN
7,NaN,NaN,NaN,NaN,NaN,NaN,NaN,NaN
8,NaN,NaN,NaN,NaN,NaN,NaN,NaN,NaN
9,NaN,NaN,NaN,NaN,NaN,NaN,NaN,NaN
10,NaN,NaN,NaN,NaN,NaN,NaN,NaN,NaN
11,NaN,NaN,NaN,NaN,NaN,NaN,NaN,NaN
1,NaN,NaN,NaN,NaN,NaN,NaN,NaN,NaN
2,NaN,NaN,NaN,NaN,NaN,NaN,NaN,NaN
3,NaN,NaN,NaN,NaN,NaN,NaN,NaN,NaN
4,NaN,NaN,NaN,NaN,NaN,NaN,NaN,NaN
5,NaN,NaN,NaN,NaN,NaN,NaN,NaN,NaN
6,NaN,NaN,NaN,NaN,NaN,NaN,NaN,NaN
7,NaN,NaN,NaN,NaN,NaN,NaN,NaN,NaN
8,NaN,NaN,NaN,NaN,NaN,NaN,NaN,NaN
9,NaN,NaN,NaN,NaN,NaN,NaN,NaN,NaN
10,NaN,NaN,NaN,NaN,NaN,NaN,NaN,NaN
11,NaN,NaN,NaN,NaN,NaN,NaN,NaN,NaN
1,NaN,NaN,NaN,NaN,NaN,NaN,NaN,NaN
2,NaN,NaN,NaN,NaN,NaN,NaN,NaN,NaN
3,NaN,NaN,NaN,NaN,NaN,NaN,NaN,NaN
4,NaN,NaN,NaN,NaN,NaN,NaN,NaN,NaN
5,NaN,NaN,NaN,NaN,NaN,NaN,NaN,NaN
6,NaN,NaN,NaN,NaN,NaN,NaN,NaN,NaN
7,NaN,NaN,NaN,NaN,NaN,NaN,NaN,NaN
8,NaN,NaN,NaN,NaN,NaN,NaN,NaN,NaN
9,NaN,NaN,NaN,NaN,NaN,NaN,NaN,NaN
10,NaN,NaN,NaN,NaN,NaN,NaN,NaN,NaN
11,NaN,NaN,NaN,NaN,NaN,NaN,NaN,NaN
1,NaN,NaN,NaN,NaN,NaN,NaN,NaN,NaN
2,NaN,NaN,NaN,NaN,NaN,NaN,NaN,NaN
3,NaN,NaN,NaN,NaN,NaN,NaN,NaN,NaN
4,NaN,NaN,NaN,NaN,NaN,NaN,NaN,NaN
5,NaN,NaN,NaN,NaN,NaN,NaN,NaN,NaN
6,NaN,NaN,NaN,NaN,NaN,NaN,NaN,NaN
7,NaN,NaN,NaN,NaN,NaN,NaN,NaN,NaN
8,NaN,NaN,NaN,NaN,NaN,NaN,NaN,NaN
9,NaN,NaN,NaN,NaN,NaN,NaN,NaN,NaN
10,NaN,NaN,NaN,NaN,NaN,NaN,NaN,NaN
11,NaN,NaN,NaN,NaN,NaN,NaN,NaN,NaN
1,NaN,NaN,NaN,NaN,NaN,NaN,NaN,NaN
2,NaN,NaN,NaN,NaN,NaN,NaN,NaN,NaN
3,NaN,NaN,NaN,NaN,NaN,NaN,NaN,NaN
4,NaN,NaN,NaN,NaN,NaN,NaN,NaN,NaN
5,NaN,NaN,NaN,NaN,NaN,NaN,NaN,NaN
6,NaN,NaN,NaN,NaN,NaN,NaN,NaN,NaN
7,NaN,NaN,NaN,NaN,NaN,NaN,NaN,NaN
8,NaN,NaN,NaN,NaN,NaN,NaN,NaN,NaN
9,NaN,NaN,NaN,NaN,NaN,NaN,NaN,NaN
10,NaN,NaN,NaN,NaN,NaN,NaN,NaN,NaN
11,NaN,NaN,NaN,NaN,NaN,NaN,NaN,NaN
1,NaN,NaN,NaN,NaN,NaN,NaN,NaN,NaN
2,NaN,NaN,NaN,NaN,NaN,NaN,NaN,NaN
3,NaN,NaN,NaN,NaN,NaN,NaN,NaN,NaN
4,NaN,NaN,NaN,NaN,NaN,NaN,NaN,NaN
5,NaN,NaN,NaN,NaN,NaN,NaN,NaN,NaN
6,NaN,NaN,NaN,NaN,NaN,NaN,NaN,NaN
7,NaN,NaN,NaN,NaN,NaN,NaN,NaN,NaN
8,NaN,NaN,NaN,NaN,NaN,NaN,NaN,NaN
9,NaN,NaN,NaN,NaN,NaN,NaN,NaN,NaN
10,NaN,NaN,NaN,NaN,NaN,NaN,NaN,NaN
11,NaN,NaN,NaN,NaN,NaN,NaN,NaN,NaN
1,NaN,NaN,NaN,NaN,NaN,NaN,NaN,NaN
2,NaN,NaN,NaN,NaN,NaN,NaN,NaN,NaN
3,NaN,NaN,NaN,NaN,NaN,NaN,NaN,NaN
4,NaN,NaN,NaN,NaN,NaN,NaN,NaN,NaN
5,NaN,NaN,NaN,NaN,NaN,NaN,NaN,NaN
6,NaN,NaN,NaN,NaN,NaN,NaN,NaN,NaN
7,NaN,NaN,NaN,NaN,NaN,NaN,NaN,NaN
8,NaN,NaN,NaN,NaN,NaN,NaN,NaN,NaN
9,NaN,NaN,NaN,NaN,NaN,NaN,NaN,NaN
10,NaN,NaN,NaN,NaN,NaN,NaN,NaN,NaN
11,NaN,NaN,NaN,NaN,NaN,NaN,NaN,NaN
1,NaN,NaN,NaN,NaN,NaN,NaN,NaN,NaN
2,NaN,NaN,NaN,NaN,NaN,NaN,NaN,NaN
3,NaN,NaN,NaN,NaN,NaN,NaN,NaN,NaN
4,NaN,NaN,NaN,NaN,NaN,NaN,NaN,NaN
5,NaN,NaN,NaN,NaN,NaN,NaN,NaN,NaN
6,NaN,NaN,NaN,NaN,NaN,NaN,NaN,NaN
7,NaN,NaN,NaN,NaN,NaN,NaN,NaN,NaN
8,NaN,NaN,NaN,NaN,NaN,NaN,NaN,NaN
9,NaN,NaN,NaN,NaN,NaN,NaN,NaN,NaN
10,NaN,NaN,NaN,NaN,NaN,NaN,NaN,NaN
11,NaN,NaN,NaN,NaN,NaN,NaN,NaN,NaN
1,NaN,NaN,NaN,NaN,NaN,NaN,NaN,NaN
2,NaN,NaN,NaN,NaN,NaN,NaN,NaN,NaN
3,NaN,NaN,NaN,NaN,NaN,NaN,NaN,NaN
4,NaN,NaN,NaN,NaN,NaN,NaN,NaN,NaN
5,NaN,NaN,NaN,NaN,NaN,NaN,NaN,NaN
6,NaN,NaN,NaN,NaN,NaN,NaN,NaN,NaN
7,NaN,NaN,NaN,NaN,NaN,NaN,NaN,NaN
8,NaN,NaN,NaN,NaN,NaN,NaN,NaN,NaN
9,NaN,NaN,NaN,NaN,NaN,NaN,NaN,NaN
10,NaN,NaN,NaN,NaN,NaN,NaN,NaN,NaN
11,NaN,NaN,NaN,NaN,NaN,NaN,NaN,NaN
1,NaN,NaN,NaN,NaN,NaN,NaN,NaN,NaN
2,NaN,NaN,NaN,NaN,NaN,NaN,NaN,NaN
3,NaN,NaN,NaN,NaN,NaN,NaN,NaN,NaN
4,NaN,NaN,NaN,NaN,NaN,NaN,NaN,NaN
5,NaN,NaN,NaN,NaN,NaN,NaN,NaN,NaN
6,NaN,NaN,NaN,NaN,NaN,NaN,NaN,NaN
7,NaN,NaN,NaN,NaN,NaN,NaN,NaN,NaN
8,NaN,NaN,NaN,NaN,NaN,NaN,NaN,NaN
9,NaN,NaN,NaN,NaN,NaN,NaN,NaN,NaN
10,NaN,NaN,NaN,NaN,NaN,NaN,NaN,NaN
11,NaN,NaN,NaN,NaN,NaN,NaN,NaN,NaN
1,NaN,NaN,NaN,NaN,NaN,NaN,NaN,NaN
2,NaN,NaN,NaN,NaN,NaN,NaN,NaN,NaN
3,NaN,NaN,NaN,NaN,NaN,NaN,NaN,NaN
4,NaN,NaN,NaN,NaN,NaN,NaN,NaN,NaN
5,NaN,NaN,NaN,NaN,NaN,NaN,NaN,NaN
6,NaN,NaN,NaN,NaN,NaN,NaN,NaN,NaN
7,NaN,NaN,NaN,NaN,NaN,NaN,NaN,NaN
8,NaN,NaN,NaN,NaN,NaN,NaN,NaN,NaN
9,NaN,NaN,NaN,NaN,NaN,NaN,NaN,NaN
10,NaN,NaN,NaN,NaN,NaN,NaN,NaN,NaN
11,NaN,NaN,NaN,NaN,NaN,NaN,NaN,NaN
1,NaN,NaN,NaN,NaN,NaN,NaN,NaN,NaN
2,NaN,NaN,NaN,NaN,NaN,NaN,NaN,NaN
3,NaN,NaN,NaN,NaN,NaN,NaN,NaN,NaN
4,NaN,NaN,NaN,NaN,NaN,NaN,NaN,NaN
5,NaN,NaN,NaN,NaN,NaN,NaN,NaN,NaN
6,NaN,NaN,NaN,NaN,NaN,NaN,NaN,NaN
7,NaN,NaN,NaN,NaN,NaN,NaN,NaN,NaN
8,NaN,NaN,NaN,NaN,NaN,NaN,NaN,NaN
9,NaN,NaN,NaN,NaN,NaN,NaN,NaN,NaN
10,NaN,NaN,NaN,NaN,NaN,NaN,NaN,NaN
11,NaN,NaN,NaN,NaN,NaN,NaN,NaN,NaN
1,NaN,NaN,NaN,NaN,NaN,NaN,NaN,NaN
2,NaN,NaN,NaN,NaN,NaN,NaN,NaN,NaN
3,NaN,NaN,NaN,NaN,NaN,NaN,NaN,NaN
4,NaN,NaN,NaN,NaN,NaN,NaN,NaN,NaN
5,NaN,NaN,NaN,NaN,NaN,NaN,NaN,NaN
6,NaN,NaN,NaN,NaN,NaN,NaN,NaN,NaN
7,NaN,NaN,NaN,NaN,NaN,NaN,NaN,NaN
8,NaN,NaN,NaN,NaN,NaN,NaN,NaN,NaN
9,NaN,NaN,NaN,NaN,NaN,NaN,NaN,NaN
10,NaN,NaN,NaN,NaN,NaN,NaN,NaN,NaN
11,NaN,NaN,NaN,NaN,NaN,NaN,NaN,NaN
1,NaN,NaN,NaN,NaN,NaN,NaN,NaN,NaN
2,NaN,NaN,NaN,NaN,NaN,NaN,NaN,NaN
3,NaN,NaN,NaN,NaN,NaN,NaN,NaN,NaN
4,NaN,NaN,NaN,NaN,NaN,NaN,NaN,NaN
5,NaN,NaN,NaN,NaN,NaN,NaN,NaN,NaN
6,NaN,NaN,NaN,NaN,NaN,NaN,NaN,NaN
7,NaN,NaN,NaN,NaN,NaN,NaN,NaN,NaN
8,NaN,NaN,NaN,NaN,NaN,NaN,NaN,NaN
9,NaN,NaN,NaN,NaN,NaN,NaN,NaN,NaN
10,NaN,NaN,NaN,NaN,NaN,NaN,NaN,NaN
11,NaN,NaN,NaN,NaN,NaN,NaN,NaN,NaN
1,NaN,NaN,NaN,NaN,NaN,NaN,NaN,NaN
2,NaN,NaN,NaN,NaN,NaN,NaN,NaN,NaN
3,NaN,NaN,NaN,NaN,NaN,NaN,NaN,NaN
4,NaN,NaN,NaN,NaN,NaN,NaN,NaN,NaN
5,NaN,NaN,NaN,NaN,NaN,NaN,NaN,NaN
6,NaN,NaN,NaN,NaN,NaN,NaN,NaN,NaN
7,NaN,NaN,NaN,NaN,NaN,NaN,NaN,NaN
8,NaN,NaN,NaN,NaN,NaN,NaN,NaN,NaN
9,NaN,NaN,NaN,NaN,NaN,NaN,NaN,NaN
10,NaN,NaN,NaN,NaN,NaN,NaN,NaN,NaN
11,NaN,NaN,NaN,NaN,NaN,NaN,NaN,NaN
1,NaN,NaN,NaN,NaN,NaN,NaN,NaN,NaN
2,NaN,NaN,NaN,NaN,NaN,NaN,NaN,NaN
3,NaN,NaN,NaN,NaN,NaN,NaN,NaN,NaN
4,NaN,NaN,NaN,NaN,NaN,NaN,NaN,NaN
5,NaN,NaN,NaN,NaN,NaN,NaN,NaN,NaN
6,NaN,NaN,NaN,NaN,NaN,NaN,NaN,NaN
7,NaN,NaN,NaN,NaN,NaN,NaN,NaN,NaN
8,NaN,NaN,NaN,NaN,NaN,NaN,NaN,NaN
9,NaN,NaN,NaN,NaN,NaN,NaN,NaN,NaN
10,NaN,NaN,NaN,NaN,NaN,NaN,NaN,NaN
11,NaN,NaN,NaN,NaN,NaN,NaN,NaN,NaN
1,NaN,NaN,NaN,NaN,NaN,NaN,NaN,NaN
2,NaN,NaN,NaN,NaN,NaN,NaN,NaN,NaN
3,NaN,NaN,NaN,NaN,NaN,NaN,NaN,NaN
4,NaN,NaN,NaN,NaN,NaN,NaN,NaN,NaN
5,NaN,NaN,NaN,NaN,NaN,NaN,NaN,NaN
6,NaN,NaN,NaN,NaN,NaN,NaN,NaN,NaN
7,NaN,NaN,NaN,NaN,NaN,NaN,NaN,NaN
8,NaN,NaN,NaN,NaN,NaN,NaN,NaN,NaN
9,NaN,NaN,NaN,NaN,NaN,NaN,NaN,NaN
10,NaN,NaN,NaN,NaN,NaN,NaN,NaN,NaN
11,NaN,NaN,NaN,NaN,NaN,NaN,NaN,NaN
1,NaN,NaN,NaN,NaN,NaN,NaN,NaN,NaN
2,NaN,NaN,NaN,NaN,NaN,NaN,NaN,NaN
3,NaN,NaN,NaN,NaN,NaN,NaN,NaN,NaN
4,NaN,NaN,NaN,NaN,NaN,NaN,NaN,NaN
5,NaN,NaN,NaN,NaN,NaN,NaN,NaN,NaN
6,NaN,NaN,NaN,NaN,NaN,NaN,NaN,NaN
7,NaN,NaN,NaN,NaN,NaN,NaN,NaN,NaN
8,NaN,NaN,NaN,NaN,NaN,NaN,NaN,NaN
9,NaN,NaN,NaN,NaN,NaN,NaN,NaN,NaN
10,NaN,NaN,NaN,NaN,NaN,NaN,NaN,NaN
11,NaN,NaN,NaN,NaN,NaN,NaN,NaN,NaN
1,NaN,NaN,NaN,NaN,NaN,NaN,NaN,NaN
2,NaN,NaN,NaN,NaN,NaN,NaN,NaN,NaN
3,NaN,NaN,NaN,NaN,NaN,NaN,NaN,NaN
4,NaN,NaN,NaN,NaN,NaN,NaN,NaN,NaN
5,NaN,NaN,NaN,NaN,NaN,NaN,NaN,NaN
6,NaN,NaN,NaN,NaN,NaN,NaN,NaN,NaN
7,NaN,NaN,NaN,NaN,NaN,NaN,NaN,NaN
8,NaN,NaN,NaN,NaN,NaN,NaN,NaN,NaN
9,NaN,NaN,NaN,NaN,NaN,NaN,NaN,NaN
10,NaN,NaN,NaN,NaN,NaN,NaN,NaN,NaN
11,NaN,NaN,NaN,NaN,NaN,NaN,NaN,NaN
1,NaN,NaN,NaN,NaN,NaN,NaN,NaN,NaN
2,NaN,NaN,NaN,NaN,NaN,NaN,NaN,NaN
3,NaN,NaN,NaN,NaN,NaN,NaN,NaN,NaN
4,NaN,NaN,NaN,NaN,NaN,NaN,NaN,NaN
5,NaN,NaN,NaN,NaN,NaN,NaN,NaN,NaN
6,NaN,NaN,NaN,NaN,NaN,NaN,NaN,NaN
7,NaN,NaN,NaN,NaN,NaN,NaN,NaN,NaN
8,NaN,NaN,NaN,NaN,NaN,NaN,NaN,NaN
9,NaN,NaN,NaN,NaN,NaN,NaN,NaN,NaN
10,NaN,NaN,NaN,NaN,NaN,NaN,NaN,NaN
11,NaN,NaN,NaN,NaN,NaN,NaN,NaN,NaN
1,NaN,NaN,NaN,NaN,NaN,NaN,NaN,NaN
2,NaN,NaN,NaN,NaN,NaN,NaN,NaN,NaN
3,NaN,NaN,NaN,NaN,NaN,NaN,NaN,NaN
4,NaN,NaN,NaN,NaN,NaN,NaN,NaN,NaN
5,NaN,NaN,NaN,NaN,NaN,NaN,NaN,NaN
6,NaN,NaN,NaN,NaN,NaN,NaN,NaN,NaN
7,NaN,NaN,NaN,NaN,NaN,NaN,NaN,NaN
8,NaN,NaN,NaN,NaN,NaN,NaN,NaN,NaN
9,NaN,NaN,NaN,NaN,NaN,NaN,NaN,NaN
10,NaN,NaN,NaN,NaN,NaN,NaN,NaN,NaN
11,NaN,NaN,NaN,NaN,NaN,NaN,NaN,NaN
1,NaN,NaN,NaN,NaN,NaN,NaN,NaN,NaN
2,NaN,NaN,NaN,NaN,NaN,NaN,NaN,NaN
3,NaN,NaN,NaN,NaN,NaN,NaN,NaN,NaN
4,NaN,NaN,NaN,NaN,NaN,NaN,NaN,NaN
5,NaN,NaN,NaN,NaN,NaN,NaN,NaN,NaN
6,NaN,NaN,NaN,NaN,NaN,NaN,NaN,NaN
7,NaN,NaN,NaN,NaN,NaN,NaN,NaN,NaN
8,NaN,NaN,NaN,NaN,NaN,NaN,NaN,NaN
9,NaN,NaN,NaN,NaN,NaN,NaN,NaN,NaN
10,NaN,NaN,NaN,NaN,NaN,NaN,NaN,NaN
11,NaN,NaN,NaN,NaN,NaN,NaN,NaN,NaN
1,NaN,NaN,NaN,NaN,NaN,NaN,NaN,NaN
2,NaN,NaN,NaN,NaN,NaN,NaN,NaN,NaN
3,NaN,NaN,NaN,NaN,NaN,NaN,NaN,NaN
4,NaN,NaN,NaN,NaN,NaN,NaN,NaN,NaN
5,NaN,NaN,NaN,NaN,NaN,NaN,NaN,NaN
6,NaN,NaN,NaN,NaN,NaN,NaN,NaN,NaN
7,NaN,NaN,NaN,NaN,NaN,NaN,NaN,NaN
8,NaN,NaN,NaN,NaN,NaN,NaN,NaN,NaN
9,NaN,NaN,NaN,NaN,NaN,NaN,NaN,NaN
10,NaN,NaN,NaN,NaN,NaN,NaN,NaN,NaN
11,NaN,NaN,NaN,NaN,NaN,NaN,NaN,NaN
1,NaN,NaN,NaN,NaN,NaN,NaN,NaN,NaN
2,NaN,NaN,NaN,NaN,NaN,NaN,NaN,NaN
3,NaN,NaN,NaN,NaN,NaN,NaN,NaN,NaN
4,NaN,NaN,NaN,NaN,NaN,NaN,NaN,NaN
5,NaN,NaN,NaN,NaN,NaN,NaN,NaN,NaN
6,NaN,NaN,NaN,NaN,NaN,NaN,NaN,NaN
7,NaN,NaN,NaN,NaN,NaN,NaN,NaN,NaN
8,NaN,NaN,NaN,NaN,NaN,NaN,NaN,NaN
9,NaN,NaN,NaN,NaN,NaN,NaN,NaN,NaN
10,NaN,NaN,NaN,NaN,NaN,NaN,NaN,NaN
11,NaN,NaN,NaN,NaN,NaN,NaN,NaN,NaN
1,NaN,NaN,NaN,NaN,NaN,NaN,NaN,NaN
2,NaN,NaN,NaN,NaN,NaN,NaN,NaN,NaN
3,NaN,NaN,NaN,NaN,NaN,NaN,NaN,NaN
4,NaN,NaN,NaN,NaN,NaN,NaN,NaN,NaN
5,NaN,NaN,NaN,NaN,NaN,NaN,NaN,NaN
6,NaN,NaN,NaN,NaN,NaN,NaN,NaN,NaN
7,NaN,NaN,NaN,NaN,NaN,NaN,NaN,NaN
8,NaN,NaN,NaN,NaN,NaN,NaN,NaN,NaN
9,NaN,NaN,NaN,NaN,NaN,NaN,NaN,NaN
10,NaN,NaN,NaN,NaN,NaN,NaN,NaN,NaN
11,NaN,NaN,NaN,NaN,NaN,NaN,NaN,NaN
1,NaN,NaN,NaN,NaN,NaN,NaN,NaN,NaN
2,NaN,NaN,NaN,NaN,NaN,NaN,NaN,NaN
3,NaN,NaN,NaN,NaN,NaN,NaN,NaN,NaN
4,NaN,NaN,NaN,NaN,NaN,NaN,NaN,NaN
5,NaN,NaN,NaN,NaN,NaN,NaN,NaN,NaN
6,NaN,NaN,NaN,NaN,NaN,NaN,NaN,NaN
7,NaN,NaN,NaN,NaN,NaN,NaN,NaN,NaN
8,NaN,NaN,NaN,NaN,NaN,NaN,NaN,NaN
9,NaN,NaN,NaN,NaN,NaN,NaN,NaN,NaN
10,NaN,NaN,NaN,NaN,NaN,NaN,NaN,NaN
11,NaN,NaN,NaN,NaN,NaN,NaN,NaN,NaN
1,NaN,NaN,NaN,NaN,NaN,NaN,NaN,NaN
2,NaN,NaN,NaN,NaN,NaN,NaN,NaN,NaN
3,NaN,NaN,NaN,NaN,NaN,NaN,NaN,NaN
4,NaN,NaN,NaN,NaN,NaN,NaN,NaN,NaN
5,NaN,NaN,NaN,NaN,NaN,NaN,NaN,NaN
6,NaN,NaN,NaN,NaN,NaN,NaN,NaN,NaN
7,NaN,NaN,NaN,NaN,NaN,NaN,NaN,NaN
8,NaN,NaN,NaN,NaN,NaN,NaN,NaN,NaN
9,NaN,NaN,NaN,NaN,NaN,NaN,NaN,NaN
10,NaN,NaN,NaN,NaN,NaN,NaN,NaN,NaN
11,NaN,NaN,NaN,NaN,NaN,NaN,NaN,NaN
1,NaN,NaN,NaN,NaN,NaN,NaN,NaN,NaN
2,NaN,NaN,NaN,NaN,NaN,NaN,NaN,NaN
3,NaN,NaN,NaN,NaN,NaN,NaN,NaN,NaN
4,NaN,NaN,NaN,NaN,NaN,NaN,NaN,NaN
5,NaN,NaN,NaN,NaN,NaN,NaN,NaN,NaN
6,NaN,NaN,NaN,NaN,NaN,NaN,NaN,NaN
7,NaN,NaN,NaN,NaN,NaN,NaN,NaN,NaN
8,NaN,NaN,NaN,NaN,NaN,NaN,NaN,NaN
9,NaN,NaN,NaN,NaN,NaN,NaN,NaN,NaN
10,NaN,NaN,NaN,NaN,NaN,NaN,NaN,NaN
11,NaN,NaN,NaN,NaN,NaN,NaN,NaN,NaN
1,NaN,NaN,NaN,NaN,NaN,NaN,NaN,NaN
2,NaN,NaN,NaN,NaN,NaN,NaN,NaN,NaN
3,NaN,NaN,NaN,NaN,NaN,NaN,NaN,NaN
4,NaN,NaN,NaN,NaN,NaN,NaN,NaN,NaN
5,NaN,NaN,NaN,NaN,NaN,NaN,NaN,NaN
6,NaN,NaN,NaN,NaN,NaN,NaN,NaN,NaN
7,NaN,NaN,NaN,NaN,NaN,NaN,NaN,NaN
8,NaN,NaN,NaN,NaN,NaN,NaN,NaN,NaN
9,NaN,NaN,NaN,NaN,NaN,NaN,NaN,NaN
10,NaN,NaN,NaN,NaN,NaN,NaN,NaN,NaN
11,NaN,NaN,NaN,NaN,NaN,NaN,NaN,NaN
1,NaN,NaN,NaN,NaN,NaN,NaN,NaN,NaN
2,NaN,NaN,NaN,NaN,NaN,NaN,NaN,NaN
3,NaN,NaN,NaN,NaN,NaN,NaN,NaN,NaN
4,NaN,NaN,NaN,NaN,NaN,NaN,NaN,NaN
5,NaN,NaN,NaN,NaN,NaN,NaN,NaN,NaN
6,NaN,NaN,NaN,NaN,NaN,NaN,NaN,NaN
7,NaN,NaN,NaN,NaN,NaN,NaN,NaN,NaN
8,NaN,NaN,NaN,NaN,NaN,NaN,NaN,NaN
9,NaN,NaN,NaN,NaN,NaN,NaN,NaN,NaN
10,NaN,NaN,NaN,NaN,NaN,NaN,NaN,NaN
11,NaN,NaN,NaN,NaN,NaN,NaN,NaN,NaN
1,NaN,NaN,NaN,NaN,NaN,NaN,NaN,NaN
2,NaN,NaN,NaN,NaN,NaN,NaN,NaN,NaN
3,NaN,NaN,NaN,NaN,NaN,NaN,NaN,NaN
4,NaN,NaN,NaN,NaN,NaN,NaN,NaN,NaN
5,NaN,NaN,NaN,NaN,NaN,NaN,NaN,NaN
6,NaN,NaN,NaN,NaN,NaN,NaN,NaN,NaN
7,NaN,NaN,NaN,NaN,NaN,NaN,NaN,NaN
8,NaN,NaN,NaN,NaN,NaN,NaN,NaN,NaN
9,NaN,NaN,NaN,NaN,NaN,NaN,NaN,NaN
10,NaN,NaN,NaN,NaN,NaN,NaN,NaN,NaN
11,NaN,NaN,NaN,NaN,NaN,NaN,NaN,NaN
1,NaN,NaN,NaN,NaN,NaN,NaN,NaN,NaN
2,NaN,NaN,NaN,NaN,NaN,NaN,NaN,NaN
3,NaN,NaN,NaN,NaN,NaN,NaN,NaN,NaN
4,NaN,NaN,NaN,NaN,NaN,NaN,NaN,NaN
5,NaN,NaN,NaN,NaN,NaN,NaN,NaN,NaN
6,NaN,NaN,NaN,NaN,NaN,NaN,NaN,NaN
7,NaN,NaN,NaN,NaN,NaN,NaN,NaN,NaN
8,NaN,NaN,NaN,NaN,NaN,NaN,NaN,NaN
9,NaN,NaN,NaN,NaN,NaN,NaN,NaN,NaN
10,NaN,NaN,NaN,NaN,NaN,NaN,NaN,NaN
11,NaN,NaN,NaN,NaN,NaN,NaN,NaN,NaN
1,NaN,NaN,NaN,NaN,NaN,NaN,NaN,NaN
2,NaN,NaN,NaN,NaN,NaN,NaN,NaN,NaN
3,NaN,NaN,NaN,NaN,NaN,NaN,NaN,NaN
4,NaN,NaN,NaN,NaN,NaN,NaN,NaN,NaN
5,NaN,NaN,NaN,NaN,NaN,NaN,NaN,NaN
6,NaN,NaN,NaN,NaN,NaN,NaN,NaN,NaN
7,NaN,NaN,NaN,NaN,NaN,NaN,NaN,NaN
8,NaN,NaN,NaN,NaN,NaN,NaN,NaN,NaN
9,NaN,NaN,NaN,NaN,NaN,NaN,NaN,NaN
10,NaN,NaN,NaN,NaN,NaN,NaN,NaN,NaN
11,NaN,NaN,NaN,NaN,NaN,NaN,NaN,NaN
1,NaN,NaN,NaN,NaN,NaN,NaN,NaN,NaN
2,NaN,NaN,NaN,NaN,NaN,NaN,NaN,NaN
3,NaN,NaN,NaN,NaN,NaN,NaN,NaN,NaN
4,NaN,NaN,NaN,NaN,NaN,NaN,NaN,NaN
5,NaN,NaN,NaN,NaN,NaN,NaN,NaN,NaN
6,NaN,NaN,NaN,NaN,NaN,NaN,NaN,NaN
7,NaN,NaN,NaN,NaN,NaN,NaN,NaN,NaN
8,NaN,NaN,NaN,NaN,NaN,NaN,NaN,NaN
9,NaN,NaN,NaN,NaN,NaN,NaN,NaN,NaN
10,NaN,NaN,NaN,NaN,NaN,NaN,NaN,NaN
11,NaN,NaN,NaN,NaN,NaN,NaN,NaN,NaN
1,NaN,NaN,NaN,NaN,NaN,NaN,NaN,NaN
2,NaN,NaN,NaN,NaN,NaN,NaN,NaN,NaN
3,NaN,NaN,NaN,NaN,NaN,NaN,NaN,NaN
4,NaN,NaN,NaN,NaN,NaN,NaN,NaN,NaN
5,NaN,NaN,NaN,NaN,NaN,NaN,NaN,NaN
6,NaN,NaN,NaN,NaN,NaN,NaN,NaN,NaN
7,NaN,NaN,NaN,NaN,NaN,NaN,NaN,NaN
8,NaN,NaN,NaN,NaN,NaN,NaN,NaN,NaN
9,NaN,NaN,NaN,NaN,NaN,NaN,NaN,NaN
10,NaN,NaN,NaN,NaN,NaN,NaN,NaN,NaN
11,NaN,NaN,NaN,NaN,NaN,NaN,NaN,NaN
1,NaN,NaN,NaN,NaN,NaN,NaN,NaN,NaN
2,NaN,NaN,NaN,NaN,NaN,NaN,NaN,NaN
3,NaN,NaN,NaN,NaN,NaN,NaN,NaN,NaN
4,NaN,NaN,NaN,NaN,NaN,NaN,NaN,NaN
5,NaN,NaN,NaN,NaN,NaN,NaN,NaN,NaN
6,NaN,NaN,NaN,NaN,NaN,NaN,NaN,NaN
7,NaN,NaN,NaN,NaN,NaN,NaN,NaN,NaN
8,NaN,NaN,NaN,NaN,NaN,NaN,NaN,NaN
9,NaN,NaN,NaN,NaN,NaN,NaN,NaN,NaN
10,NaN,NaN,NaN,NaN,NaN,NaN,NaN,NaN
11,NaN,NaN,NaN,NaN,NaN,NaN,NaN,NaN
1,NaN,NaN,NaN,NaN,NaN,NaN,NaN,NaN
2,NaN,NaN,NaN,NaN,NaN,NaN,NaN,NaN
3,NaN,NaN,NaN,NaN,NaN,NaN,NaN,NaN
4,NaN,NaN,NaN,NaN,NaN,NaN,NaN,NaN
5,NaN,NaN,NaN,NaN,NaN,NaN,NaN,NaN
6,NaN,NaN,NaN,NaN,NaN,NaN,NaN,NaN
7,NaN,NaN,NaN,NaN,NaN,NaN,NaN,NaN
8,NaN,NaN,NaN,NaN,NaN,NaN,NaN,NaN
9,NaN,NaN,NaN,NaN,NaN,NaN,NaN,NaN
10,NaN,NaN,NaN,NaN,NaN,NaN,NaN,NaN
11,NaN,NaN,NaN,NaN,NaN,NaN,NaN,NaN
1,NaN,NaN,NaN,NaN,NaN,NaN,NaN,NaN
2,NaN,NaN,NaN,NaN,NaN,NaN,NaN,NaN
3,NaN,NaN,NaN,NaN,NaN,NaN,NaN,NaN
4,NaN,NaN,NaN,NaN,NaN,NaN,NaN,NaN
5,NaN,NaN,NaN,NaN,NaN,NaN,NaN,NaN
6,NaN,NaN,NaN,NaN,NaN,NaN,NaN,NaN
7,NaN,NaN,NaN,NaN,NaN,NaN,NaN,NaN
8,NaN,NaN,NaN,NaN,NaN,NaN,NaN,NaN
9,NaN,NaN,NaN,NaN,NaN,NaN,NaN,NaN
10,NaN,NaN,NaN,NaN,NaN,NaN,NaN,NaN
11,NaN,NaN,NaN,NaN,NaN,NaN,NaN,NaN
1,NaN,NaN,NaN,NaN,NaN,NaN,NaN,NaN
2,NaN,NaN,NaN,NaN,NaN,NaN,NaN,NaN
3,NaN,NaN,NaN,NaN,NaN,NaN,NaN,NaN
4,NaN,NaN,NaN,NaN,NaN,NaN,NaN,NaN
5,NaN,NaN,NaN,NaN,NaN,NaN,NaN,NaN
6,NaN,NaN,NaN,NaN,NaN,NaN,NaN,NaN
7,NaN,NaN,NaN,NaN,NaN,NaN,NaN,NaN
8,NaN,NaN,NaN,NaN,NaN,NaN,NaN,NaN
9,NaN,NaN,NaN,NaN,NaN,NaN,NaN,NaN
10,NaN,NaN,NaN,NaN,NaN,NaN,NaN,NaN
11,NaN,NaN,NaN,NaN,NaN,NaN,NaN,NaN
1,NaN,NaN,NaN,NaN,NaN,NaN,NaN,NaN
2,NaN,NaN,NaN,NaN,NaN,NaN,NaN,NaN
3,NaN,NaN,NaN,NaN,NaN,NaN,NaN,NaN
4,NaN,NaN,NaN,NaN,NaN,NaN,NaN,NaN
5,NaN,NaN,NaN,NaN,NaN,NaN,NaN,NaN
6,NaN,NaN,NaN,NaN,NaN,NaN,NaN,NaN
7,NaN,NaN,NaN,NaN,NaN,NaN,NaN,NaN
8,NaN,NaN,NaN,NaN,NaN,NaN,NaN,NaN
9,NaN,NaN,NaN,NaN,NaN,NaN,NaN,NaN
10,NaN,NaN,NaN,NaN,NaN,NaN,NaN,NaN
11,NaN,NaN,NaN,NaN,NaN,NaN,NaN,NaN
1,NaN,NaN,NaN,NaN,NaN,NaN,NaN,NaN
2,NaN,NaN,NaN,NaN,NaN,NaN,NaN,NaN
3,NaN,NaN,NaN,NaN,NaN,NaN,NaN,NaN
4,NaN,NaN,NaN,NaN,NaN,NaN,NaN,NaN
5,NaN,NaN,NaN,NaN,NaN,NaN,NaN,NaN
6,NaN,NaN,NaN,NaN,NaN,NaN,NaN,NaN
7,NaN,NaN,NaN,NaN,NaN,NaN,NaN,NaN
8,NaN,NaN,NaN,NaN,NaN,NaN,NaN,NaN
9,NaN,NaN,NaN,NaN,NaN,NaN,NaN,NaN
10,NaN,NaN,NaN,NaN,NaN,NaN,NaN,NaN
11,NaN,NaN,NaN,NaN,NaN,NaN,NaN,NaN
1,NaN,NaN,NaN,NaN,NaN,NaN,NaN,NaN
2,NaN,NaN,NaN,NaN,NaN,NaN,NaN,NaN
3,NaN,NaN,NaN,NaN,NaN,NaN,NaN,NaN
4,NaN,NaN,NaN,NaN,NaN,NaN,NaN,NaN
5,NaN,NaN,NaN,NaN,NaN,NaN,NaN,NaN
6,NaN,NaN,NaN,NaN,NaN,NaN,NaN,NaN
7,NaN,NaN,NaN,NaN,NaN,NaN,NaN,NaN
8,NaN,NaN,NaN,NaN,NaN,NaN,NaN,NaN
9,NaN,NaN,NaN,NaN,NaN,NaN,NaN,NaN
10,NaN,NaN,NaN,NaN,NaN,NaN,NaN,NaN
11,NaN,NaN,NaN,NaN,NaN,NaN,NaN,NaN
1,NaN,NaN,NaN,NaN,NaN,NaN,NaN,NaN
2,NaN,NaN,NaN,NaN,NaN,NaN,NaN,NaN
3,NaN,NaN,NaN,NaN,NaN,NaN,NaN,NaN
4,NaN,NaN,NaN,NaN,NaN,NaN,NaN,NaN
5,NaN,NaN,NaN,NaN,NaN,NaN,NaN,NaN
6,NaN,NaN,NaN,NaN,NaN,NaN,NaN,NaN
7,NaN,NaN,NaN,NaN,NaN,NaN,NaN,NaN
8,NaN,NaN,NaN,NaN,NaN,NaN,NaN,NaN
9,NaN,NaN,NaN,NaN,NaN,NaN,NaN,NaN
10,NaN,NaN,NaN,NaN,NaN,NaN,NaN,NaN
11,NaN,NaN,NaN,NaN,NaN,NaN,NaN,NaN
1,NaN,NaN,NaN,NaN,NaN,NaN,NaN,NaN
2,NaN,NaN,NaN,NaN,NaN,NaN,NaN,NaN
3,NaN,NaN,NaN,NaN,NaN,NaN,NaN,NaN
4,NaN,NaN,NaN,NaN,NaN,NaN,NaN,NaN
5,NaN,NaN,NaN,NaN,NaN,NaN,NaN,NaN
6,NaN,NaN,NaN,NaN,NaN,NaN,NaN,NaN
7,NaN,NaN,NaN,NaN,NaN,NaN,NaN,NaN
8,NaN,NaN,NaN,NaN,NaN,NaN,NaN,NaN
9,NaN,NaN,NaN,NaN,NaN,NaN,NaN,NaN
10,NaN,NaN,NaN,NaN,NaN,NaN,NaN,NaN
11,NaN,NaN,NaN,NaN,NaN,NaN,NaN,NaN
1,NaN,NaN,NaN,NaN,NaN,NaN,NaN,NaN
2,NaN,NaN,NaN,NaN,NaN,NaN,NaN,NaN
3,NaN,NaN,NaN,NaN,NaN,NaN,NaN,NaN
4,NaN,NaN,NaN,NaN,NaN,NaN,NaN,NaN
5,NaN,NaN,NaN,NaN,NaN,NaN,NaN,NaN
6,NaN,NaN,NaN,NaN,NaN,NaN,NaN,NaN
7,NaN,NaN,NaN,NaN,NaN,NaN,NaN,NaN
8,NaN,NaN,NaN,NaN,NaN,NaN,NaN,NaN
9,NaN,NaN,NaN,NaN,NaN,NaN,NaN,NaN
10,NaN,NaN,NaN,NaN,NaN,NaN,NaN,NaN
11,NaN,NaN,NaN,NaN,NaN,NaN,NaN,NaN
1,NaN,NaN,NaN,NaN,NaN,NaN,NaN,NaN
2,NaN,NaN,NaN,NaN,NaN,NaN,NaN,NaN
3,NaN,NaN,NaN,NaN,NaN,NaN,NaN,NaN
4,NaN,NaN,NaN,NaN,NaN,NaN,NaN,NaN
5,NaN,NaN,NaN,NaN,NaN,NaN,NaN,NaN
6,NaN,NaN,NaN,NaN,NaN,NaN,NaN,NaN
7,NaN,NaN,NaN,NaN,NaN,NaN,NaN,NaN
8,NaN,NaN,NaN,NaN,NaN,NaN,NaN,NaN
9,NaN,NaN,NaN,NaN,NaN,NaN,NaN,NaN
10,NaN,NaN,NaN,NaN,NaN,NaN,NaN,NaN
11,NaN,NaN,NaN,NaN,NaN,NaN,NaN,NaN
1,NaN,NaN,NaN,NaN,NaN,NaN,NaN,NaN
2,NaN,NaN,NaN,NaN,NaN,NaN,NaN,NaN
3,NaN,NaN,NaN,NaN,NaN,NaN,NaN,NaN
4,NaN,NaN,NaN,NaN,NaN,NaN,NaN,NaN
5,NaN,NaN,NaN,NaN,NaN,NaN,NaN,NaN
6,NaN,NaN,NaN,NaN,NaN,NaN,NaN,NaN
7,NaN,NaN,NaN,NaN,NaN,NaN,NaN,NaN
8,NaN,NaN,NaN,NaN,NaN,NaN,NaN,NaN
9,NaN,NaN,NaN,NaN,NaN,NaN,NaN,NaN
10,NaN,NaN,NaN,NaN,NaN,NaN,NaN,NaN
11,NaN,NaN,NaN,NaN,NaN,NaN,NaN,NaN
1,NaN,NaN,NaN,NaN,NaN,NaN,NaN,NaN
2,NaN,NaN,NaN,NaN,NaN,NaN,NaN,NaN
3,NaN,NaN,NaN,NaN,NaN,NaN,NaN,NaN
4,NaN,NaN,NaN,NaN,NaN,NaN,NaN,NaN
5,NaN,NaN,NaN,NaN,NaN,NaN,NaN,NaN
6,NaN,NaN,NaN,NaN,NaN,NaN,NaN,NaN
7,NaN,NaN,NaN,NaN,NaN,NaN,NaN,NaN
8,NaN,NaN,NaN,NaN,NaN,NaN,NaN,NaN
9,NaN,NaN,NaN,NaN,NaN,NaN,NaN,NaN
10,NaN,NaN,NaN,NaN,NaN,NaN,NaN,NaN
11,NaN,NaN,NaN,NaN,NaN,NaN,NaN,NaN
1,NaN,NaN,NaN,NaN,NaN,NaN,NaN,NaN
2,NaN,NaN,NaN,NaN,NaN,NaN,NaN,NaN
3,NaN,NaN,NaN,NaN,NaN,NaN,NaN,NaN
4,NaN,NaN,NaN,NaN,NaN,NaN,NaN,NaN
5,NaN,NaN,NaN,NaN,NaN,NaN,NaN,NaN
6,NaN,NaN,NaN,NaN,NaN,NaN,NaN,NaN
7,NaN,NaN,NaN,NaN,NaN,NaN,NaN,NaN
8,NaN,NaN,NaN,NaN,NaN,NaN,NaN,NaN
9,NaN,NaN,NaN,NaN,NaN,NaN,NaN,NaN
10,NaN,NaN,NaN,NaN,NaN,NaN,NaN,NaN
11,NaN,NaN,NaN,NaN,NaN,NaN,NaN,NaN
1,NaN,NaN,NaN,NaN,NaN,NaN,NaN,NaN
2,NaN,NaN,NaN,NaN,NaN,NaN,NaN,NaN
3,NaN,NaN,NaN,NaN,NaN,NaN,NaN,NaN
4,NaN,NaN,NaN,NaN,NaN,NaN,NaN,NaN
5,NaN,NaN,NaN,NaN,NaN,NaN,NaN,NaN
6,NaN,NaN,NaN,NaN,NaN,NaN,NaN,NaN
7,NaN,NaN,NaN,NaN,NaN,NaN,NaN,NaN
8,NaN,NaN,NaN,NaN,NaN,NaN,NaN,NaN
9,NaN,NaN,NaN,NaN,NaN,NaN,NaN,NaN
10,NaN,NaN,NaN,NaN,NaN,NaN,NaN,NaN
11,NaN,NaN,NaN,NaN,NaN,NaN,NaN,NaN
1,NaN,NaN,NaN,NaN,NaN,NaN,NaN,NaN
2,NaN,NaN,NaN,NaN,NaN,NaN,NaN,NaN
3,NaN,NaN,NaN,NaN,NaN,NaN,NaN,NaN
4,NaN,NaN,NaN,NaN,NaN,NaN,NaN,NaN
5,NaN,NaN,NaN,NaN,NaN,NaN,NaN,NaN
6,NaN,NaN,NaN,NaN,NaN,NaN,NaN,NaN
7,NaN,NaN,NaN,NaN,NaN,NaN,NaN,NaN
8,NaN,NaN,NaN,NaN,NaN,NaN,NaN,NaN
9,NaN,NaN,NaN,NaN,NaN,NaN,NaN,NaN
10,NaN,NaN,NaN,NaN,NaN,NaN,NaN,NaN
11,NaN,NaN,NaN,NaN,NaN,NaN,NaN,NaN
1,NaN,NaN,NaN,NaN,NaN,NaN,NaN,NaN
2,NaN,NaN,NaN,NaN,NaN,NaN,NaN,NaN
3,NaN,NaN,NaN,NaN,NaN,NaN,NaN,NaN
4,NaN,NaN,NaN,NaN,NaN,NaN,NaN,NaN
5,NaN,NaN,NaN,NaN,NaN,NaN,NaN,NaN
6,NaN,NaN,NaN,NaN,NaN,NaN,NaN,NaN
7,NaN,NaN,NaN,NaN,NaN,NaN,NaN,NaN
8,NaN,NaN,NaN,NaN,NaN,NaN,NaN,NaN
9,NaN,NaN,NaN,NaN,NaN,NaN,NaN,NaN
10,NaN,NaN,NaN,NaN,NaN,NaN,NaN,NaN
11,NaN,NaN,NaN,NaN,NaN,NaN,NaN,NaN
1,NaN,NaN,NaN,NaN,NaN,NaN,NaN,NaN
2,NaN,NaN,NaN,NaN,NaN,NaN,NaN,NaN
3,NaN,NaN,NaN,NaN,NaN,NaN,NaN,NaN
4,NaN,NaN,NaN,NaN,NaN,NaN,NaN,NaN
5,NaN,NaN,NaN,NaN,NaN,NaN,NaN,NaN
6,NaN,NaN,NaN,NaN,NaN,NaN,NaN,NaN
7,NaN,NaN,NaN,NaN,NaN,NaN,NaN,NaN
8,NaN,NaN,NaN,NaN,NaN,NaN,NaN,NaN
9,NaN,NaN,NaN,NaN,NaN,NaN,NaN,NaN
10,NaN,NaN,NaN,NaN,NaN,NaN,NaN,NaN
11,NaN,NaN,NaN,NaN,NaN,NaN,NaN,NaN
1,NaN,NaN,NaN,NaN,NaN,NaN,NaN,NaN
2,NaN,NaN,NaN,NaN,NaN,NaN,NaN,NaN
3,NaN,NaN,NaN,NaN,NaN,NaN,NaN,NaN
4,NaN,NaN,NaN,NaN,NaN,NaN,NaN,NaN
5,NaN,NaN,NaN,NaN,NaN,NaN,NaN,NaN
6,NaN,NaN,NaN,NaN,NaN,NaN,NaN,NaN
7,NaN,NaN,NaN,NaN,NaN,NaN,NaN,NaN
8,NaN,NaN,NaN,NaN,NaN,NaN,NaN,NaN
9,NaN,NaN,NaN,NaN,NaN,NaN,NaN,NaN
10,NaN,NaN,NaN,NaN,NaN,NaN,NaN,NaN
11,NaN,NaN,NaN,NaN,NaN,NaN,NaN,NaN
1,NaN,NaN,NaN,NaN,NaN,NaN,NaN,NaN
2,NaN,NaN,NaN,NaN,NaN,NaN,NaN,NaN
3,NaN,NaN,NaN,NaN,NaN,NaN,NaN,NaN
4,NaN,NaN,NaN,NaN,NaN,NaN,NaN,NaN
5,NaN,NaN,NaN,NaN,NaN,NaN,NaN,NaN
6,NaN,NaN,NaN,NaN,NaN,NaN,NaN,NaN
7,NaN,NaN,NaN,NaN,NaN,NaN,NaN,NaN
8,NaN,NaN,NaN,NaN,NaN,NaN,NaN,NaN
9,NaN,NaN,NaN,NaN,NaN,NaN,NaN,NaN
10,NaN,NaN,NaN,NaN,NaN,NaN,NaN,NaN
11,NaN,NaN,NaN,NaN,NaN,NaN,NaN,NaN
1,NaN,NaN,NaN,NaN,NaN,NaN,NaN,NaN
2,NaN,NaN,NaN,NaN,NaN,NaN,NaN,NaN
3,NaN,NaN,NaN,NaN,NaN,NaN,NaN,NaN
4,NaN,NaN,NaN,NaN,NaN,NaN,NaN,NaN
5,NaN,NaN,NaN,NaN,NaN,NaN,NaN,NaN
6,NaN,NaN,NaN,NaN,NaN,NaN,NaN,NaN
7,NaN,NaN,NaN,NaN,NaN,NaN,NaN,NaN
8,NaN,NaN,NaN,NaN,NaN,NaN,NaN,NaN
9,NaN,NaN,NaN,NaN,NaN,NaN,NaN,NaN
10,NaN,NaN,NaN,NaN,NaN,NaN,NaN,NaN
11,NaN,NaN,NaN,NaN,NaN,NaN,NaN,NaN
1,NaN,NaN,NaN,NaN,NaN,NaN,NaN,NaN
2,NaN,NaN,NaN,NaN,NaN,NaN,NaN,NaN
3,NaN,NaN,NaN,NaN,NaN,NaN,NaN,NaN
4,NaN,NaN,NaN,NaN,NaN,NaN,NaN,NaN
5,NaN,NaN,NaN,NaN,NaN,NaN,NaN,NaN
6,NaN,NaN,NaN,NaN,NaN,NaN,NaN,NaN
7,NaN,NaN,NaN,NaN,NaN,NaN,NaN,NaN
8,NaN,NaN,NaN,NaN,NaN,NaN,NaN,NaN
9,NaN,NaN,NaN,NaN,NaN,NaN,NaN,NaN
10,NaN,NaN,NaN,NaN,NaN,NaN,NaN,NaN
11,NaN,NaN,NaN,NaN,NaN,NaN,NaN,NaN
1,NaN,NaN,NaN,NaN,NaN,NaN,NaN,NaN
2,NaN,NaN,NaN,NaN,NaN,NaN,NaN,NaN
3,NaN,NaN,NaN,NaN,NaN,NaN,NaN,NaN
4,NaN,NaN,NaN,NaN,NaN,NaN,NaN,NaN
5,NaN,NaN,NaN,NaN,NaN,NaN,NaN,NaN
6,NaN,NaN,NaN,NaN,NaN,NaN,NaN,NaN
7,NaN,NaN,NaN,NaN,NaN,NaN,NaN,NaN
8,NaN,NaN,NaN,NaN,NaN,NaN,NaN,NaN
9,NaN,NaN,NaN,NaN,NaN,NaN,NaN,NaN
10,NaN,NaN,NaN,NaN,NaN,NaN,NaN,NaN
11,NaN,NaN,NaN,NaN,NaN,NaN,NaN,NaN
1,NaN,NaN,NaN,NaN,NaN,NaN,NaN,NaN
2,NaN,NaN,NaN,NaN,NaN,NaN,NaN,NaN
3,NaN,NaN,NaN,NaN,NaN,NaN,NaN,NaN
4,NaN,NaN,NaN,NaN,NaN,NaN,NaN,NaN
5,NaN,NaN,NaN,NaN,NaN,NaN,NaN,NaN
6,NaN,NaN,NaN,NaN,NaN,NaN,NaN,NaN
7,NaN,NaN,NaN,NaN,NaN,NaN,NaN,NaN
8,NaN,NaN,NaN,NaN,NaN,NaN,NaN,NaN
9,NaN,NaN,NaN,NaN,NaN,NaN,NaN,NaN
10,NaN,NaN,NaN,NaN,NaN,NaN,NaN,NaN
11,NaN,NaN,NaN,NaN,NaN,NaN,NaN,NaN
1,NaN,NaN,NaN,NaN,NaN,NaN,NaN,NaN
2,NaN,NaN,NaN,NaN,NaN,NaN,NaN,NaN
3,NaN,NaN,NaN,NaN,NaN,NaN,NaN,NaN
4,NaN,NaN,NaN,NaN,NaN,NaN,NaN,NaN
5,NaN,NaN,NaN,NaN,NaN,NaN,NaN,NaN
6,NaN,NaN,NaN,NaN,NaN,NaN,NaN,NaN
7,NaN,NaN,NaN,NaN,NaN,NaN,NaN,NaN
8,NaN,NaN,NaN,NaN,NaN,NaN,NaN,NaN
9,NaN,NaN,NaN,NaN,NaN,NaN,NaN,NaN
10,NaN,NaN,NaN,NaN,NaN,NaN,NaN,NaN
11,NaN,NaN,NaN,NaN,NaN,NaN,NaN,NaN
1,NaN,NaN,NaN,NaN,NaN,NaN,NaN,NaN
2,NaN,NaN,NaN,NaN,NaN,NaN,NaN,NaN
3,NaN,NaN,NaN,NaN,NaN,NaN,NaN,NaN
4,NaN,NaN,NaN,NaN,NaN,NaN,NaN,NaN
5,NaN,NaN,NaN,NaN,NaN,NaN,NaN,NaN
6,NaN,NaN,NaN,NaN,NaN,NaN,NaN,NaN
7,NaN,NaN,NaN,NaN,NaN,NaN,NaN,NaN
8,NaN,NaN,NaN,NaN,NaN,NaN,NaN,NaN
9,NaN,NaN,NaN,NaN,NaN,NaN,NaN,NaN
10,NaN,NaN,NaN,NaN,NaN,NaN,NaN,NaN
11,NaN,NaN,NaN,NaN,NaN,NaN,NaN,NaN
1,NaN,NaN,NaN,NaN,NaN,NaN,NaN,NaN
2,NaN,NaN,NaN,NaN,NaN,NaN,NaN,NaN
3,NaN,NaN,NaN,NaN,NaN,NaN,NaN,NaN
4,NaN,NaN,NaN,NaN,NaN,NaN,NaN,NaN
5,NaN,NaN,NaN,NaN,NaN,NaN,NaN,NaN
6,NaN,NaN,NaN,NaN,NaN,NaN,NaN,NaN
7,NaN,NaN,NaN,NaN,NaN,NaN,NaN,NaN
8,NaN,NaN,NaN,NaN,NaN,NaN,NaN,NaN
9,NaN,NaN,NaN,NaN,NaN,NaN,NaN,NaN
10,NaN,NaN,NaN,NaN,NaN,NaN,NaN,NaN
11,NaN,NaN,NaN,NaN,NaN,NaN,NaN,NaN
1,NaN,NaN,NaN,NaN,NaN,NaN,NaN,NaN
2,NaN,NaN,NaN,NaN,NaN,NaN,NaN,NaN
3,NaN,NaN,NaN,NaN,NaN,NaN,NaN,NaN
4,NaN,NaN,NaN,NaN,NaN,NaN,NaN,NaN
5,NaN,NaN,NaN,NaN,NaN,NaN,NaN,NaN
6,NaN,NaN,NaN,NaN,NaN,NaN,NaN,NaN
7,NaN,NaN,NaN,NaN,NaN,NaN,NaN,NaN
8,NaN,NaN,NaN,NaN,NaN,NaN,NaN,NaN
9,NaN,NaN,NaN,NaN,NaN,NaN,NaN,NaN
10,NaN,NaN,NaN,NaN,NaN,NaN,NaN,NaN
11,NaN,NaN,NaN,NaN,NaN,NaN,NaN,NaN
1,NaN,NaN,NaN,NaN,NaN,NaN,NaN,NaN
2,NaN,NaN,NaN,NaN,NaN,NaN,NaN,NaN
3,NaN,NaN,NaN,NaN,NaN,NaN,NaN,NaN
4,NaN,NaN,NaN,NaN,NaN,NaN,NaN,NaN
5,NaN,NaN,NaN,NaN,NaN,NaN,NaN,NaN
6,NaN,NaN,NaN,NaN,NaN,NaN,NaN,NaN
7,NaN,NaN,NaN,NaN,NaN,NaN,NaN,NaN
8,NaN,NaN,NaN,NaN,NaN,NaN,NaN,NaN
9,NaN,NaN,NaN,NaN,NaN,NaN,NaN,NaN
10,NaN,NaN,NaN,NaN,NaN,NaN,NaN,NaN
11,NaN,NaN,NaN,NaN,NaN,NaN,NaN,NaN
1,NaN,NaN,NaN,NaN,NaN,NaN,NaN,NaN
2,NaN,NaN,NaN,NaN,NaN,NaN,NaN,NaN
3,NaN,NaN,NaN,NaN,NaN,NaN,NaN,NaN
4,NaN,NaN,NaN,NaN,NaN,NaN,NaN,NaN
5,NaN,NaN,NaN,NaN,NaN,NaN,NaN,NaN
6,NaN,NaN,NaN,NaN,NaN,NaN,NaN,NaN
7,NaN,NaN,NaN,NaN,NaN,NaN,NaN,NaN
8,NaN,NaN,NaN,NaN,NaN,NaN,NaN,NaN
9,NaN,NaN,NaN,NaN,NaN,NaN,NaN,NaN
10,NaN,NaN,NaN,NaN,NaN,NaN,NaN,NaN
11,NaN,NaN,NaN,NaN,NaN,NaN,NaN,NaN
1,NaN,NaN,NaN,NaN,NaN,NaN,NaN,NaN
2,NaN,NaN,NaN,NaN,NaN,NaN,NaN,NaN
3,NaN,NaN,NaN,NaN,NaN,NaN,NaN,NaN
4,NaN,NaN,NaN,NaN,NaN,NaN,NaN,NaN
5,NaN,NaN,NaN,NaN,NaN,NaN,NaN,NaN
6,NaN,NaN,NaN,NaN,NaN,NaN,NaN,NaN
7,NaN,NaN,NaN,NaN,NaN,NaN,NaN,NaN
8,NaN,NaN,NaN,NaN,NaN,NaN,NaN,NaN
9,NaN,NaN,NaN,NaN,NaN,NaN,NaN,NaN
10,NaN,NaN,NaN,NaN,NaN,NaN,NaN,NaN
11,NaN,NaN,NaN,NaN,NaN,NaN,NaN,NaN
1,NaN,NaN,NaN,NaN,NaN,NaN,NaN,NaN
2,NaN,NaN,NaN,NaN,NaN,NaN,NaN,NaN
3,NaN,NaN,NaN,NaN,NaN,NaN,NaN,NaN
4,NaN,NaN,NaN,NaN,NaN,NaN,NaN,NaN
5,NaN,NaN,NaN,NaN,NaN,NaN,NaN,NaN
6,NaN,NaN,NaN,NaN,NaN,NaN,NaN,NaN
7,NaN,NaN,NaN,NaN,NaN,NaN,NaN,NaN
8,NaN,NaN,NaN,NaN,NaN,NaN,NaN,NaN
9,NaN,NaN,NaN,NaN,NaN,NaN,NaN,NaN
10,NaN,NaN,NaN,NaN,NaN,NaN,NaN,NaN
11,NaN,NaN,NaN,NaN,NaN,NaN,NaN,NaN
1,NaN,NaN,NaN,NaN,NaN,NaN,NaN,NaN
2,NaN,NaN,NaN,NaN,NaN,NaN,NaN,NaN
3,NaN,NaN,NaN,NaN,NaN,NaN,NaN,NaN
4,NaN,NaN,NaN,NaN,NaN,NaN,NaN,NaN
5,NaN,NaN,NaN,NaN,NaN,NaN,NaN,NaN
6,NaN,NaN,NaN,NaN,NaN,NaN,NaN,NaN
7,NaN,NaN,NaN,NaN,NaN,NaN,NaN,NaN
8,NaN,NaN,NaN,NaN,NaN,NaN,NaN,NaN
9,NaN,NaN,NaN,NaN,NaN,NaN,NaN,NaN
10,NaN,NaN,NaN,NaN,NaN,NaN,NaN,NaN
11,NaN,NaN,NaN,NaN,NaN,NaN,NaN,NaN
1,NaN,NaN,NaN,NaN,NaN,NaN,NaN,NaN
2,NaN,NaN,NaN,NaN,NaN,NaN,NaN,NaN
3,NaN,NaN,NaN,NaN,NaN,NaN,NaN,NaN
4,NaN,NaN,NaN,NaN,NaN,NaN,NaN,NaN
5,NaN,NaN,NaN,NaN,NaN,NaN,NaN,NaN
6,NaN,NaN,NaN,NaN,NaN,NaN,NaN,NaN
7,NaN,NaN,NaN,NaN,NaN,NaN,NaN,NaN
8,NaN,NaN,NaN,NaN,NaN,NaN,NaN,NaN
9,NaN,NaN,NaN,NaN,NaN,NaN,NaN,NaN
10,NaN,NaN,NaN,NaN,NaN,NaN,NaN,NaN
11,NaN,NaN,NaN,NaN,NaN,NaN,NaN,NaN
1,NaN,NaN,NaN,NaN,NaN,NaN,NaN,NaN
2,NaN,NaN,NaN,NaN,NaN,NaN,NaN,NaN
3,NaN,NaN,NaN,NaN,NaN,NaN,NaN,NaN
4,NaN,NaN,NaN,NaN,NaN,NaN,NaN,NaN
5,NaN,NaN,NaN,NaN,NaN,NaN,NaN,NaN
6,NaN,NaN,NaN,NaN,NaN,NaN,NaN,NaN
7,NaN,NaN,NaN,NaN,NaN,NaN,NaN,NaN
8,NaN,NaN,NaN,NaN,NaN,NaN,NaN,NaN
9,NaN,NaN,NaN,NaN,NaN,NaN,NaN,NaN
10,NaN,NaN,NaN,NaN,NaN,NaN,NaN,NaN
11,NaN,NaN,NaN,NaN,NaN,NaN,NaN,NaN
1,NaN,NaN,NaN,NaN,NaN,NaN,NaN,NaN
2,NaN,NaN,NaN,NaN,NaN,NaN,NaN,NaN
3,NaN,NaN,NaN,NaN,NaN,NaN,NaN,NaN
4,NaN,NaN,NaN,NaN,NaN,NaN,NaN,NaN
5,NaN,NaN,NaN,NaN,NaN,NaN,NaN,NaN
6,NaN,NaN,NaN,NaN,NaN,NaN,NaN,NaN
7,NaN,NaN,NaN,NaN,NaN,NaN,NaN,NaN
8,NaN,NaN,NaN,NaN,NaN,NaN,NaN,NaN
9,NaN,NaN,NaN,NaN,NaN,NaN,NaN,NaN
10,NaN,NaN,NaN,NaN,NaN,NaN,NaN,NaN
11,NaN,NaN,NaN,NaN,NaN,NaN,NaN,NaN
1,NaN,NaN,NaN,NaN,NaN,NaN,NaN,NaN
2,NaN,NaN,NaN,NaN,NaN,NaN,NaN,NaN
3,NaN,NaN,NaN,NaN,NaN,NaN,NaN,NaN
4,NaN,NaN,NaN,NaN,NaN,NaN,NaN,NaN
5,NaN,NaN,NaN,NaN,NaN,NaN,NaN,NaN
6,NaN,NaN,NaN,NaN,NaN,NaN,NaN,NaN
7,NaN,NaN,NaN,NaN,NaN,NaN,NaN,NaN
8,NaN,NaN,NaN,NaN,NaN,NaN,NaN,NaN
9,NaN,NaN,NaN,NaN,NaN,NaN,NaN,NaN
10,NaN,NaN,NaN,NaN,NaN,NaN,NaN,NaN
11,NaN,NaN,NaN,NaN,NaN,NaN,NaN,NaN
1,NaN,NaN,NaN,NaN,NaN,NaN,NaN,NaN
2,NaN,NaN,NaN,NaN,NaN,NaN,NaN,NaN
3,NaN,NaN,NaN,NaN,NaN,NaN,NaN,NaN
4,NaN,NaN,NaN,NaN,NaN,NaN,NaN,NaN
5,NaN,NaN,NaN,NaN,NaN,NaN,NaN,NaN
6,NaN,NaN,NaN,NaN,NaN,NaN,NaN,NaN
7,NaN,NaN,NaN,NaN,NaN,NaN,NaN,NaN
8,NaN,NaN,NaN,NaN,NaN,NaN,NaN,NaN
9,NaN,NaN,NaN,NaN,NaN,NaN,NaN,NaN
10,NaN,NaN,NaN,NaN,NaN,NaN,NaN,NaN
11,NaN,NaN,NaN,NaN,NaN,NaN,NaN,NaN
1,NaN,NaN,NaN,NaN,NaN,NaN,NaN,NaN
2,NaN,NaN,NaN,NaN,NaN,NaN,NaN,NaN
3,NaN,NaN,NaN,NaN,NaN,NaN,NaN,NaN
4,NaN,NaN,NaN,NaN,NaN,NaN,NaN,NaN
5,NaN,NaN,NaN,NaN,NaN,NaN,NaN,NaN
6,NaN,NaN,NaN,NaN,NaN,NaN,NaN,NaN
7,NaN,NaN,NaN,NaN,NaN,NaN,NaN,NaN
8,NaN,NaN,NaN,NaN,NaN,NaN,NaN,NaN
9,NaN,NaN,NaN,NaN,NaN,NaN,NaN,NaN
10,NaN,NaN,NaN,NaN,NaN,NaN,NaN,NaN
11,NaN,NaN,NaN,NaN,NaN,NaN,NaN,NaN
1,NaN,NaN,NaN,NaN,NaN,NaN,NaN,NaN
2,NaN,NaN,NaN,NaN,NaN,NaN,NaN,NaN
3,NaN,NaN,NaN,NaN,NaN,NaN,NaN,NaN
4,NaN,NaN,NaN,NaN,NaN,NaN,NaN,NaN
5,NaN,NaN,NaN,NaN,NaN,NaN,NaN,NaN
6,NaN,NaN,NaN,NaN,NaN,NaN,NaN,NaN
7,NaN,NaN,NaN,NaN,NaN,NaN,NaN,NaN
8,NaN,NaN,NaN,NaN,NaN,NaN,NaN,NaN
9,NaN,NaN,NaN,NaN,NaN,NaN,NaN,NaN
10,NaN,NaN,NaN,NaN,NaN,NaN,NaN,NaN
11,NaN,NaN,NaN,NaN,NaN,NaN,NaN,NaN
1,NaN,NaN,NaN,NaN,NaN,NaN,NaN,NaN
2,NaN,NaN,NaN,NaN,NaN,NaN,NaN,NaN
3,NaN,NaN,NaN,NaN,NaN,NaN,NaN,NaN
4,NaN,NaN,NaN,NaN,NaN,NaN,NaN,NaN
5,NaN,NaN,NaN,NaN,NaN,NaN,NaN,NaN
6,NaN,NaN,NaN,NaN,NaN,NaN,NaN,NaN
7,NaN,NaN,NaN,NaN,NaN,NaN,NaN,NaN
8,NaN,NaN,NaN,NaN,NaN,NaN,NaN,NaN
9,NaN,NaN,NaN,NaN,NaN,NaN,NaN,NaN
10,NaN,NaN,NaN,NaN,NaN,NaN,NaN,NaN
11,NaN,NaN,NaN,NaN,NaN,NaN,NaN,NaN
1,NaN,NaN,NaN,NaN,NaN,NaN,NaN,NaN
2,NaN,NaN,NaN,NaN,NaN,NaN,NaN,NaN
3,NaN,NaN,NaN,NaN,NaN,NaN,NaN,NaN
4,NaN,NaN,NaN,NaN,NaN,NaN,NaN,NaN
5,NaN,NaN,NaN,NaN,NaN,NaN,NaN,NaN
6,NaN,NaN,NaN,NaN,NaN,NaN,NaN,NaN
7,NaN,NaN,NaN,NaN,NaN,NaN,NaN,NaN
8,NaN,NaN,NaN,NaN,NaN,NaN,NaN,NaN
9,NaN,NaN,NaN,NaN,NaN,NaN,NaN,NaN
10,NaN,NaN,NaN,NaN,NaN,NaN,NaN,NaN
11,NaN,NaN,NaN,NaN,NaN,NaN,NaN,NaN
1,NaN,NaN,NaN,NaN,NaN,NaN,NaN,NaN
2,NaN,NaN,NaN,NaN,NaN,NaN,NaN,NaN
3,NaN,NaN,NaN,NaN,NaN,NaN,NaN,NaN
4,NaN,NaN,NaN,NaN,NaN,NaN,NaN,NaN
5,NaN,NaN,NaN,NaN,NaN,NaN,NaN,NaN
6,NaN,NaN,NaN,NaN,NaN,NaN,NaN,NaN
7,NaN,NaN,NaN,NaN,NaN,NaN,NaN,NaN
8,NaN,NaN,NaN,NaN,NaN,NaN,NaN,NaN
9,NaN,NaN,NaN,NaN,NaN,NaN,NaN,NaN
10,NaN,NaN,NaN,NaN,NaN,NaN,NaN,NaN
11,NaN,NaN,NaN,NaN,NaN,NaN,NaN,NaN
1,NaN,NaN,NaN,NaN,NaN,NaN,NaN,NaN
2,NaN,NaN,NaN,NaN,NaN,NaN,NaN,NaN
3,NaN,NaN,NaN,NaN,NaN,NaN,NaN,NaN
4,NaN,NaN,NaN,NaN,NaN,NaN,NaN,NaN
5,NaN,NaN,NaN,NaN,NaN,NaN,NaN,NaN
6,NaN,NaN,NaN,NaN,NaN,NaN,NaN,NaN
7,NaN,NaN,NaN,NaN,NaN,NaN,NaN,NaN
8,NaN,NaN,NaN,NaN,NaN,NaN,NaN,NaN
9,NaN,NaN,NaN,NaN,NaN,NaN,NaN,NaN
10,NaN,NaN,NaN,NaN,NaN,NaN,NaN,NaN
11,NaN,NaN,NaN,NaN,NaN,NaN,NaN,NaN
1,NaN,NaN,NaN,NaN,NaN,NaN,NaN,NaN
2,NaN,NaN,NaN,NaN,NaN,NaN,NaN,NaN
3,NaN,NaN,NaN,NaN,NaN,NaN,NaN,NaN
4,NaN,NaN,NaN,NaN,NaN,NaN,NaN,NaN
5,NaN,NaN,NaN,NaN,NaN,NaN,NaN,NaN
6,NaN,NaN,NaN,NaN,NaN,NaN,NaN,NaN
7,NaN,NaN,NaN,NaN,NaN,NaN,NaN,NaN
8,NaN,NaN,NaN,NaN,NaN,NaN,NaN,NaN
9,NaN,NaN,NaN,NaN,NaN,NaN,NaN,NaN
10,NaN,NaN,NaN,NaN,NaN,NaN,NaN,NaN
11,NaN,NaN,NaN,NaN,NaN,NaN,NaN,NaN
1,NaN,NaN,NaN,NaN,NaN,NaN,NaN,NaN
2,NaN,NaN,NaN,NaN,NaN,NaN,NaN,NaN
3,NaN,NaN,NaN,NaN,NaN,NaN,NaN,NaN
4,NaN,NaN,NaN,NaN,NaN,NaN,NaN,NaN
5,NaN,NaN,NaN,NaN,NaN,NaN,NaN,NaN
6,NaN,NaN,NaN,NaN,NaN,NaN,NaN,NaN
7,NaN,NaN,NaN,NaN,NaN,NaN,NaN,NaN
8,NaN,NaN,NaN,NaN,NaN,NaN,NaN,NaN
9,NaN,NaN,NaN,NaN,NaN,NaN,NaN,NaN
10,NaN,NaN,NaN,NaN,NaN,NaN,NaN,NaN
11,NaN,NaN,NaN,NaN,NaN,NaN,NaN,NaN
1,NaN,NaN,NaN,NaN,NaN,NaN,NaN,NaN
2,NaN,NaN,NaN,NaN,NaN,NaN,NaN,NaN
3,NaN,NaN,NaN,NaN,NaN,NaN,NaN,NaN
4,NaN,NaN,NaN,NaN,NaN,NaN,NaN,NaN
5,NaN,NaN,NaN,NaN,NaN,NaN,NaN,NaN
6,NaN,NaN,NaN,NaN,NaN,NaN,NaN,NaN
7,NaN,NaN,NaN,NaN,NaN,NaN,NaN,NaN
8,NaN,NaN,NaN,NaN,NaN,NaN,NaN,NaN
9,NaN,NaN,NaN,NaN,NaN,NaN,NaN,NaN
10,NaN,NaN,NaN,NaN,NaN,NaN,NaN,NaN
11,NaN,NaN,NaN,NaN,NaN,NaN,NaN,NaN
1,NaN,NaN,NaN,NaN,NaN,NaN,NaN,NaN
2,NaN,NaN,NaN,NaN,NaN,NaN,NaN,NaN
3,NaN,NaN,NaN,NaN,NaN,NaN,NaN,NaN
4,NaN,NaN,NaN,NaN,NaN,NaN,NaN,NaN
5,NaN,NaN,NaN,NaN,NaN,NaN,NaN,NaN
6,NaN,NaN,NaN,NaN,NaN,NaN,NaN,NaN
7,NaN,NaN,NaN,NaN,NaN,NaN,NaN,NaN
8,NaN,NaN,NaN,NaN,NaN,NaN,NaN,NaN
9,NaN,NaN,NaN,NaN,NaN,NaN,NaN,NaN
10,NaN,NaN,NaN,NaN,NaN,NaN,NaN,NaN
11,NaN,NaN,NaN,NaN,NaN,NaN,NaN,NaN
1,NaN,NaN,NaN,NaN,NaN,NaN,NaN,NaN
2,NaN,NaN,NaN,NaN,NaN,NaN,NaN,NaN
3,NaN,NaN,NaN,NaN,NaN,NaN,NaN,NaN
4,NaN,NaN,NaN,NaN,NaN,NaN,NaN,NaN
5,NaN,NaN,NaN,NaN,NaN,NaN,NaN,NaN
6,NaN,NaN,NaN,NaN,NaN,NaN,NaN,NaN
7,NaN,NaN,NaN,NaN,NaN,NaN,NaN,NaN
8,NaN,NaN,NaN,NaN,NaN,NaN,NaN,NaN
9,NaN,NaN,NaN,NaN,NaN,NaN,NaN,NaN
10,NaN,NaN,NaN,NaN,NaN,NaN,NaN,NaN
11,NaN,NaN,NaN,NaN,NaN,NaN,NaN,NaN
1,NaN,NaN,NaN,NaN,NaN,NaN,NaN,NaN
2,NaN,NaN,NaN,NaN,NaN,NaN,NaN,NaN
3,NaN,NaN,NaN,NaN,NaN,NaN,NaN,NaN
4,NaN,NaN,NaN,NaN,NaN,NaN,NaN,NaN
5,NaN,NaN,NaN,NaN,NaN,NaN,NaN,NaN
6,NaN,NaN,NaN,NaN,NaN,NaN,NaN,NaN
7,NaN,NaN,NaN,NaN,NaN,NaN,NaN,NaN
8,NaN,NaN,NaN,NaN,NaN,NaN,NaN,NaN
9,NaN,NaN,NaN,NaN,NaN,NaN,NaN,NaN
10,NaN,NaN,NaN,NaN,NaN,NaN,NaN,NaN
11,NaN,NaN,NaN,NaN,NaN,NaN,NaN,NaN
1,NaN,NaN,NaN,NaN,NaN,NaN,NaN,NaN
2,NaN,NaN,NaN,NaN,NaN,NaN,NaN,NaN
3,NaN,NaN,NaN,NaN,NaN,NaN,NaN,NaN
4,NaN,NaN,NaN,NaN,NaN,NaN,NaN,NaN
5,NaN,NaN,NaN,NaN,NaN,NaN,NaN,NaN
6,NaN,NaN,NaN,NaN,NaN,NaN,NaN,NaN
7,NaN,NaN,NaN,NaN,NaN,NaN,NaN,NaN
8,NaN,NaN,NaN,NaN,NaN,NaN,NaN,NaN
9,NaN,NaN,NaN,NaN,NaN,NaN,NaN,NaN
10,NaN,NaN,NaN,NaN,NaN,NaN,NaN,NaN
11,NaN,NaN,NaN,NaN,NaN,NaN,NaN,NaN
1,NaN,NaN,NaN,NaN,NaN,NaN,NaN,NaN
2,NaN,NaN,NaN,NaN,NaN,NaN,NaN,NaN
3,NaN,NaN,NaN,NaN,NaN,NaN,NaN,NaN
4,NaN,NaN,NaN,NaN,NaN,NaN,NaN,NaN
5,NaN,NaN,NaN,NaN,NaN,NaN,NaN,NaN
6,NaN,NaN,NaN,NaN,NaN,NaN,NaN,NaN
7,NaN,NaN,NaN,NaN,NaN,NaN,NaN,NaN
8,NaN,NaN,NaN,NaN,NaN,NaN,NaN,NaN
9,NaN,NaN,NaN,NaN,NaN,NaN,NaN,NaN
10,NaN,NaN,NaN,NaN,NaN,NaN,NaN,NaN
11,NaN,NaN,NaN,NaN,NaN,NaN,NaN,NaN
1,NaN,NaN,NaN,NaN,NaN,NaN,NaN,NaN
2,NaN,NaN,NaN,NaN,NaN,NaN,NaN,NaN
3,NaN,NaN,NaN,NaN,NaN,NaN,NaN,NaN
4,NaN,NaN,NaN,NaN,NaN,NaN,NaN,NaN
5,NaN,NaN,NaN,NaN,NaN,NaN,NaN,NaN
6,NaN,NaN,NaN,NaN,NaN,NaN,NaN,NaN
7,NaN,NaN,NaN,NaN,NaN,NaN,NaN,NaN
8,NaN,NaN,NaN,NaN,NaN,NaN,NaN,NaN
9,NaN,NaN,NaN,NaN,NaN,NaN,NaN,NaN
10,NaN,NaN,NaN,NaN,NaN,NaN,NaN,NaN
11,NaN,NaN,NaN,NaN,NaN,NaN,NaN,NaN
1,NaN,NaN,NaN,NaN,NaN,NaN,NaN,NaN
2,NaN,NaN,NaN,NaN,NaN,NaN,NaN,NaN
3,NaN,NaN,NaN,NaN,NaN,NaN,NaN,NaN
4,NaN,NaN,NaN,NaN,NaN,NaN,NaN,NaN
5,NaN,NaN,NaN,NaN,NaN,NaN,NaN,NaN
6,NaN,NaN,NaN,NaN,NaN,NaN,NaN,NaN
7,NaN,NaN,NaN,NaN,NaN,NaN,NaN,NaN
8,NaN,NaN,NaN,NaN,NaN,NaN,NaN,NaN
9,NaN,NaN,NaN,NaN,NaN,NaN,NaN,NaN
10,NaN,NaN,NaN,NaN,NaN,NaN,NaN,NaN
11,NaN,NaN,NaN,NaN,NaN,NaN,NaN,NaN
1,NaN,NaN,NaN,NaN,NaN,NaN,NaN,NaN
2,NaN,NaN,NaN,NaN,NaN,NaN,NaN,NaN
3,NaN,NaN,NaN,NaN,NaN,NaN,NaN,NaN
4,NaN,NaN,NaN,NaN,NaN,NaN,NaN,NaN
5,NaN,NaN,NaN,NaN,NaN,NaN,NaN,NaN
6,NaN,NaN,NaN,NaN,NaN,NaN,NaN,NaN
7,NaN,NaN,NaN,NaN,NaN,NaN,NaN,NaN
8,NaN,NaN,NaN,NaN,NaN,NaN,NaN,NaN
9,NaN,NaN,NaN,NaN,NaN,NaN,NaN,NaN
10,NaN,NaN,NaN,NaN,NaN,NaN,NaN,NaN
11,NaN,NaN,NaN,NaN,NaN,NaN,NaN,NaN
1,NaN,NaN,NaN,NaN,NaN,NaN,NaN,NaN
2,NaN,NaN,NaN,NaN,NaN,NaN,NaN,NaN
3,NaN,NaN,NaN,NaN,NaN,NaN,NaN,NaN
4,NaN,NaN,NaN,NaN,NaN,NaN,NaN,NaN
5,NaN,NaN,NaN,NaN,NaN,NaN,NaN,NaN
6,NaN,NaN,NaN,NaN,NaN,NaN,NaN,NaN
7,NaN,NaN,NaN,NaN,NaN,NaN,NaN,NaN
8,NaN,NaN,NaN,NaN,NaN,NaN,NaN,NaN
9,NaN,NaN,NaN,NaN,NaN,NaN,NaN,NaN
10,NaN,NaN,NaN,NaN,NaN,NaN,NaN,NaN
11,NaN,NaN,NaN,NaN,NaN,NaN,NaN,NaN
1,NaN,NaN,NaN,NaN,NaN,NaN,NaN,NaN
2,NaN,NaN,NaN,NaN,NaN,NaN,NaN,NaN
3,NaN,NaN,NaN,NaN,NaN,NaN,NaN,NaN
4,NaN,NaN,NaN,NaN,NaN,NaN,NaN,NaN
5,NaN,NaN,NaN,NaN,NaN,NaN,NaN,NaN
6,NaN,NaN,NaN,NaN,NaN,NaN,NaN,NaN
7,NaN,NaN,NaN,NaN,NaN,NaN,NaN,NaN
8,NaN,NaN,NaN,NaN,NaN,NaN,NaN,NaN
9,NaN,NaN,NaN,NaN,NaN,NaN,NaN,NaN
10,NaN,NaN,NaN,NaN,NaN,NaN,NaN,NaN
11,NaN,NaN,NaN,NaN,NaN,NaN,NaN,NaN
1,NaN,NaN,NaN,NaN,NaN,NaN,NaN,NaN
2,NaN,NaN,NaN,NaN,NaN,NaN,NaN,NaN
3,NaN,NaN,NaN,NaN,NaN,NaN,NaN,NaN
4,NaN,NaN,NaN,NaN,NaN,NaN,NaN,NaN
5,NaN,NaN,NaN,NaN,NaN,NaN,NaN,NaN
6,NaN,NaN,NaN,NaN,NaN,NaN,NaN,NaN
7,NaN,NaN,NaN,NaN,NaN,NaN,NaN,NaN
8,NaN,NaN,NaN,NaN,NaN,NaN,NaN,NaN
9,NaN,NaN,NaN,NaN,NaN,NaN,NaN,NaN
10,NaN,NaN,NaN,NaN,NaN,NaN,NaN,NaN
11,NaN,NaN,NaN,NaN,NaN,NaN,NaN,NaN
1,NaN,NaN,NaN,NaN,NaN,NaN,NaN,NaN
2,NaN,NaN,NaN,NaN,NaN,NaN,NaN,NaN
3,NaN,NaN,NaN,NaN,NaN,NaN,NaN,NaN
4,NaN,NaN,NaN,NaN,NaN,NaN,NaN,NaN
5,NaN,NaN,NaN,NaN,NaN,NaN,NaN,NaN
6,NaN,NaN,NaN,NaN,NaN,NaN,NaN,NaN
7,NaN,NaN,NaN,NaN,NaN,NaN,NaN,NaN
8,NaN,NaN,NaN,NaN,NaN,NaN,NaN,NaN
9,NaN,NaN,NaN,NaN,NaN,NaN,NaN,NaN
10,NaN,NaN,NaN,NaN,NaN,NaN,NaN,NaN
11,NaN,NaN,NaN,NaN,NaN,NaN,NaN,NaN
1,NaN,NaN,NaN,NaN,NaN,NaN,NaN,NaN
2,NaN,NaN,NaN,NaN,NaN,NaN,NaN,NaN
3,NaN,NaN,NaN,NaN,NaN,NaN,NaN,NaN
4,NaN,NaN,NaN,NaN,NaN,NaN,NaN,NaN
5,NaN,NaN,NaN,NaN,NaN,NaN,NaN,NaN
6,NaN,NaN,NaN,NaN,NaN,NaN,NaN,NaN
7,NaN,NaN,NaN,NaN,NaN,NaN,NaN,NaN
8,NaN,NaN,NaN,NaN,NaN,NaN,NaN,NaN
9,NaN,NaN,NaN,NaN,NaN,NaN,NaN,NaN
10,NaN,NaN,NaN,NaN,NaN,NaN,NaN,NaN
11,NaN,NaN,NaN,NaN,NaN,NaN,NaN,NaN
1,NaN,NaN,NaN,NaN,NaN,NaN,NaN,NaN
2,NaN,NaN,NaN,NaN,NaN,NaN,NaN,NaN
3,NaN,NaN,NaN,NaN,NaN,NaN,NaN,NaN
4,NaN,NaN,NaN,NaN,NaN,NaN,NaN,NaN
5,NaN,NaN,NaN,NaN,NaN,NaN,NaN,NaN
6,NaN,NaN,NaN,NaN,NaN,NaN,NaN,NaN
7,NaN,NaN,NaN,NaN,NaN,NaN,NaN,NaN
8,NaN,NaN,NaN,NaN,NaN,NaN,NaN,NaN
9,NaN,NaN,NaN,NaN,NaN,NaN,NaN,NaN
10,NaN,NaN,NaN,NaN,NaN,NaN,NaN,NaN
11,NaN,NaN,NaN,NaN,NaN,NaN,NaN,NaN
1,NaN,NaN,NaN,NaN,NaN,NaN,NaN,NaN
2,NaN,NaN,NaN,NaN,NaN,NaN,NaN,NaN
3,NaN,NaN,NaN,NaN,NaN,NaN,NaN,NaN
4,NaN,NaN,NaN,NaN,NaN,NaN,NaN,NaN
5,NaN,NaN,NaN,NaN,NaN,NaN,NaN,NaN
6,NaN,NaN,NaN,NaN,NaN,NaN,NaN,NaN
7,NaN,NaN,NaN,NaN,NaN,NaN,NaN,NaN
8,NaN,NaN,NaN,NaN,NaN,NaN,NaN,NaN
9,NaN,NaN,NaN,NaN,NaN,NaN,NaN,NaN
10,NaN,NaN,NaN,NaN,NaN,NaN,NaN,NaN
11,NaN,NaN,NaN,NaN,NaN,NaN,NaN,NaN
1,NaN,NaN,NaN,NaN,NaN,NaN,NaN,NaN
2,NaN,NaN,NaN,NaN,NaN,NaN,NaN,NaN
3,NaN,NaN,NaN,NaN,NaN,NaN,NaN,NaN
4,NaN,NaN,NaN,NaN,NaN,NaN,NaN,NaN
5,NaN,NaN,NaN,NaN,NaN,NaN,NaN,NaN
6,NaN,NaN,NaN,NaN,NaN,NaN,NaN,NaN
7,NaN,NaN,NaN,NaN,NaN,NaN,NaN,NaN
8,NaN,NaN,NaN,NaN,NaN,NaN,NaN,NaN
9,NaN,NaN,NaN,NaN,NaN,NaN,NaN,NaN
10,NaN,NaN,NaN,NaN,NaN,NaN,NaN,NaN
11,NaN,NaN,NaN,NaN,NaN,NaN,NaN,NaN
1,NaN,NaN,NaN,NaN,NaN,NaN,NaN,NaN
2,NaN,NaN,NaN,NaN,NaN,NaN,NaN,NaN
3,NaN,NaN,NaN,NaN,NaN,NaN,NaN,NaN
4,NaN,NaN,NaN,NaN,NaN,NaN,NaN,NaN
5,NaN,NaN,NaN,NaN,NaN,NaN,NaN,NaN
6,NaN,NaN,NaN,NaN,NaN,NaN,NaN,NaN
7,NaN,NaN,NaN,NaN,NaN,NaN,NaN,NaN
8,NaN,NaN,NaN,NaN,NaN,NaN,NaN,NaN
9,NaN,NaN,NaN,NaN,NaN,NaN,NaN,NaN
10,NaN,NaN,NaN,NaN,NaN,NaN,NaN,NaN
11,NaN,NaN,NaN,NaN,NaN,NaN,NaN,NaN
1,NaN,NaN,NaN,NaN,NaN,NaN,NaN,NaN
2,NaN,NaN,NaN,NaN,NaN,NaN,NaN,NaN
3,NaN,NaN,NaN,NaN,NaN,NaN,NaN,NaN
4,NaN,NaN,NaN,NaN,NaN,NaN,NaN,NaN
5,NaN,NaN,NaN,NaN,NaN,NaN,NaN,NaN
6,NaN,NaN,NaN,NaN,NaN,NaN,NaN,NaN
7,NaN,NaN,NaN,NaN,NaN,NaN,NaN,NaN
8,NaN,NaN,NaN,NaN,NaN,NaN,NaN,NaN
9,NaN,NaN,NaN,NaN,NaN,NaN,NaN,NaN
10,NaN,NaN,NaN,NaN,NaN,NaN,NaN,NaN
11,NaN,NaN,NaN,NaN,NaN,NaN,NaN,NaN
1,NaN,NaN,NaN,NaN,NaN,NaN,NaN,NaN
2,NaN,NaN,NaN,NaN,NaN,NaN,NaN,NaN
3,NaN,NaN,NaN,NaN,NaN,NaN,NaN,NaN
4,NaN,NaN,NaN,NaN,NaN,NaN,NaN,NaN
5,NaN,NaN,NaN,NaN,NaN,NaN,NaN,NaN
6,NaN,NaN,NaN,NaN,NaN,NaN,NaN,NaN
7,NaN,NaN,NaN,NaN,NaN,NaN,NaN,NaN
8,NaN,NaN,NaN,NaN,NaN,NaN,NaN,NaN
9,NaN,NaN,NaN,NaN,NaN,NaN,NaN,NaN
10,NaN,NaN,NaN,NaN,NaN,NaN,NaN,NaN
11,NaN,NaN,NaN,NaN,NaN,NaN,NaN,NaN
1,NaN,NaN,NaN,NaN,NaN,NaN,NaN,NaN
2,NaN,NaN,NaN,NaN,NaN,NaN,NaN,NaN
3,NaN,NaN,NaN,NaN,NaN,NaN,NaN,NaN
4,NaN,NaN,NaN,NaN,NaN,NaN,NaN,NaN
5,NaN,NaN,NaN,NaN,NaN,NaN,NaN,NaN
6,NaN,NaN,NaN,NaN,NaN,NaN,NaN,NaN
7,NaN,NaN,NaN,NaN,NaN,NaN,NaN,NaN
8,NaN,NaN,NaN,NaN,NaN,NaN,NaN,NaN
9,NaN,NaN,NaN,NaN,NaN,NaN,NaN,NaN
10,NaN,NaN,NaN,NaN,NaN,NaN,NaN,NaN
11,NaN,NaN,NaN,NaN,NaN,NaN,NaN,NaN
1,NaN,NaN,NaN,NaN,NaN,NaN,NaN,NaN
2,NaN,NaN,NaN,NaN,NaN,NaN,NaN,NaN
3,NaN,NaN,NaN,NaN,NaN,NaN,NaN,NaN
4,NaN,NaN,NaN,NaN,NaN,NaN,NaN,NaN
5,NaN,NaN,NaN,NaN,NaN,NaN,NaN,NaN
6,NaN,NaN,NaN,NaN,NaN,NaN,NaN,NaN
7,NaN,NaN,NaN,NaN,NaN,NaN,NaN,NaN
8,NaN,NaN,NaN,NaN,NaN,NaN,NaN,NaN
9,NaN,NaN,NaN,NaN,NaN,NaN,NaN,NaN
10,NaN,NaN,NaN,NaN,NaN,NaN,NaN,NaN
11,NaN,NaN,NaN,NaN,NaN,NaN,NaN,NaN
1,NaN,NaN,NaN,NaN,NaN,NaN,NaN,NaN
2,NaN,NaN,NaN,NaN,NaN,NaN,NaN,NaN
3,NaN,NaN,NaN,NaN,NaN,NaN,NaN,NaN
4,NaN,NaN,NaN,NaN,NaN,NaN,NaN,NaN
5,NaN,NaN,NaN,NaN,NaN,NaN,NaN,NaN
6,NaN,NaN,NaN,NaN,NaN,NaN,NaN,NaN
7,NaN,NaN,NaN,NaN,NaN,NaN,NaN,NaN
8,NaN,NaN,NaN,NaN,NaN,NaN,NaN,NaN
9,NaN,NaN,NaN,NaN,NaN,NaN,NaN,NaN
10,NaN,NaN,NaN,NaN,NaN,NaN,NaN,NaN
11,NaN,NaN,NaN,NaN,NaN,NaN,NaN,NaN
1,NaN,NaN,NaN,NaN,NaN,NaN,NaN,NaN
2,NaN,NaN,NaN,NaN,NaN,NaN,NaN,NaN
3,NaN,NaN,NaN,NaN,NaN,NaN,NaN,NaN
4,NaN,NaN,NaN,NaN,NaN,NaN,NaN,NaN
5,NaN,NaN,NaN,NaN,NaN,NaN,NaN,NaN
6,NaN,NaN,NaN,NaN,NaN,NaN,NaN,NaN
7,NaN,NaN,NaN,NaN,NaN,NaN,NaN,NaN
8,NaN,NaN,NaN,NaN,NaN,NaN,NaN,NaN
9,NaN,NaN,NaN,NaN,NaN,NaN,NaN,NaN
10,NaN,NaN,NaN,NaN,NaN,NaN,NaN,NaN
11,NaN,NaN,NaN,NaN,NaN,NaN,NaN,NaN
1,NaN,NaN,NaN,NaN,NaN,NaN,NaN,NaN
2,NaN,NaN,NaN,NaN,NaN,NaN,NaN,NaN
3,NaN,NaN,NaN,NaN,NaN,NaN,NaN,NaN
4,NaN,NaN,NaN,NaN,NaN,NaN,NaN,NaN
5,NaN,NaN,NaN,NaN,NaN,NaN,NaN,NaN
6,NaN,NaN,NaN,NaN,NaN,NaN,NaN,NaN
7,NaN,NaN,NaN,NaN,NaN,NaN,NaN,NaN
8,NaN,NaN,NaN,NaN,NaN,NaN,NaN,NaN
9,NaN,NaN,NaN,NaN,NaN,NaN,NaN,NaN
10,NaN,NaN,NaN,NaN,NaN,NaN,NaN,NaN
11,NaN,NaN,NaN,NaN,NaN,NaN,NaN,NaN
1,NaN,NaN,NaN,NaN,NaN,NaN,NaN,NaN
2,NaN,NaN,NaN,NaN,NaN,NaN,NaN,NaN
3,NaN,NaN,NaN,NaN,NaN,NaN,NaN,NaN
4,NaN,NaN,NaN,NaN,NaN,NaN,NaN,NaN
5,NaN,NaN,NaN,NaN,NaN,NaN,NaN,NaN
6,NaN,NaN,NaN,NaN,NaN,NaN,NaN,NaN
7,NaN,NaN,NaN,NaN,NaN,NaN,NaN,NaN
8,NaN,NaN,NaN,NaN,NaN,NaN,NaN,NaN
9,NaN,NaN,NaN,NaN,NaN,NaN,NaN,NaN
10,NaN,NaN,NaN,NaN,NaN,NaN,NaN,NaN
11,NaN,NaN,NaN,NaN,NaN,NaN,NaN,NaN
1,NaN,NaN,NaN,NaN,NaN,NaN,NaN,NaN
2,NaN,NaN,NaN,NaN,NaN,NaN,NaN,NaN
3,NaN,NaN,NaN,NaN,NaN,NaN,NaN,NaN
4,NaN,NaN,NaN,NaN,NaN,NaN,NaN,NaN
5,NaN,NaN,NaN,NaN,NaN,NaN,NaN,NaN
6,NaN,NaN,NaN,NaN,NaN,NaN,NaN,NaN
7,NaN,NaN,NaN,NaN,NaN,NaN,NaN,NaN
8,NaN,NaN,NaN,NaN,NaN,NaN,NaN,NaN
9,NaN,NaN,NaN,NaN,NaN,NaN,NaN,NaN
10,NaN,NaN,NaN,NaN,NaN,NaN,NaN,NaN
11,NaN,NaN,NaN,NaN,NaN,NaN,NaN,NaN
1,NaN,NaN,NaN,NaN,NaN,NaN,NaN,NaN
2,NaN,NaN,NaN,NaN,NaN,NaN,NaN,NaN
3,NaN,NaN,NaN,NaN,NaN,NaN,NaN,NaN
4,NaN,NaN,NaN,NaN,NaN,NaN,NaN,NaN
5,NaN,NaN,NaN,NaN,NaN,NaN,NaN,NaN
6,NaN,NaN,NaN,NaN,NaN,NaN,NaN,NaN
7,NaN,NaN,NaN,NaN,NaN,NaN,NaN,NaN
8,NaN,NaN,NaN,NaN,NaN,NaN,NaN,NaN
9,NaN,NaN,NaN,NaN,NaN,NaN,NaN,NaN
10,NaN,NaN,NaN,NaN,NaN,NaN,NaN,NaN
11,NaN,NaN,NaN,NaN,NaN,NaN,NaN,NaN
1,NaN,NaN,NaN,NaN,NaN,NaN,NaN,NaN
2,NaN,NaN,NaN,NaN,NaN,NaN,NaN,NaN
3,NaN,NaN,NaN,NaN,NaN,NaN,NaN,NaN
4,NaN,NaN,NaN,NaN,NaN,NaN,NaN,NaN
5,NaN,NaN,NaN,NaN,NaN,NaN,NaN,NaN
6,NaN,NaN,NaN,NaN,NaN,NaN,NaN,NaN
7,NaN,NaN,NaN,NaN,NaN,NaN,NaN,NaN
8,NaN,NaN,NaN,NaN,NaN,NaN,NaN,NaN
9,NaN,NaN,NaN,NaN,NaN,NaN,NaN,NaN
10,NaN,NaN,NaN,NaN,NaN,NaN,NaN,NaN
11,NaN,NaN,NaN,NaN,NaN,NaN,NaN,NaN
1,NaN,NaN,NaN,NaN,NaN,NaN,NaN,NaN
2,NaN,NaN,NaN,NaN,NaN,NaN,NaN,NaN
3,NaN,NaN,NaN,NaN,NaN,NaN,NaN,NaN
4,NaN,NaN,NaN,NaN,NaN,NaN,NaN,NaN
5,NaN,NaN,NaN,NaN,NaN,NaN,NaN,NaN
6,NaN,NaN,NaN,NaN,NaN,NaN,NaN,NaN
7,NaN,NaN,NaN,NaN,NaN,NaN,NaN,NaN
8,NaN,NaN,NaN,NaN,NaN,NaN,NaN,NaN
9,NaN,NaN,NaN,NaN,NaN,NaN,NaN,NaN
10,NaN,NaN,NaN,NaN,NaN,NaN,NaN,NaN
11,NaN,NaN,NaN,NaN,NaN,NaN,NaN,NaN
1,NaN,NaN,NaN,NaN,NaN,NaN,NaN,NaN
2,NaN,NaN,NaN,NaN,NaN,NaN,NaN,NaN
3,NaN,NaN,NaN,NaN,NaN,NaN,NaN,NaN
4,NaN,NaN,NaN,NaN,NaN,NaN,NaN,NaN
5,NaN,NaN,NaN,NaN,NaN,NaN,NaN,NaN
6,NaN,NaN,NaN,NaN,NaN,NaN,NaN,NaN
7,NaN,NaN,NaN,NaN,NaN,NaN,NaN,NaN
8,NaN,NaN,NaN,NaN,NaN,NaN,NaN,NaN
9,NaN,NaN,NaN,NaN,NaN,NaN,NaN,NaN
10,NaN,NaN,NaN,NaN,NaN,NaN,NaN,NaN
11,NaN,NaN,NaN,NaN,NaN,NaN,NaN,NaN
1,NaN,NaN,NaN,NaN,NaN,NaN,NaN,NaN
2,NaN,NaN,NaN,NaN,NaN,NaN,NaN,NaN
3,NaN,NaN,NaN,NaN,NaN,NaN,NaN,NaN
4,NaN,NaN,NaN,NaN,NaN,NaN,NaN,NaN
5,NaN,NaN,NaN,NaN,NaN,NaN,NaN,NaN
6,NaN,NaN,NaN,NaN,NaN,NaN,NaN,NaN
7,NaN,NaN,NaN,NaN,NaN,NaN,NaN,NaN
8,NaN,NaN,NaN,NaN,NaN,NaN,NaN,NaN
9,NaN,NaN,NaN,NaN,NaN,NaN,NaN,NaN
10,NaN,NaN,NaN,NaN,NaN,NaN,NaN,NaN
11,NaN,NaN,NaN,NaN,NaN,NaN,NaN,NaN
1,NaN,NaN,NaN,NaN,NaN,NaN,NaN,NaN
2,NaN,NaN,NaN,NaN,NaN,NaN,NaN,NaN
3,NaN,NaN,NaN,NaN,NaN,NaN,NaN,NaN
4,NaN,NaN,NaN,NaN,NaN,NaN,NaN,NaN
5,NaN,NaN,NaN,NaN,NaN,NaN,NaN,NaN
6,NaN,NaN,NaN,NaN,NaN,NaN,NaN,NaN
7,NaN,NaN,NaN,NaN,NaN,NaN,NaN,NaN
8,NaN,NaN,NaN,NaN,NaN,NaN,NaN,NaN
9,NaN,NaN,NaN,NaN,NaN,NaN,NaN,NaN
10,NaN,NaN,NaN,NaN,NaN,NaN,NaN,NaN
11,NaN,NaN,NaN,NaN,NaN,NaN,NaN,NaN
1,NaN,NaN,NaN,NaN,NaN,NaN,NaN,NaN
2,NaN,NaN,NaN,NaN,NaN,NaN,NaN,NaN
3,NaN,NaN,NaN,NaN,NaN,NaN,NaN,NaN
4,NaN,NaN,NaN,NaN,NaN,NaN,NaN,NaN
5,NaN,NaN,NaN,NaN,NaN,NaN,NaN,NaN
6,NaN,NaN,NaN,NaN,NaN,NaN,NaN,NaN
7,NaN,NaN,NaN,NaN,NaN,NaN,NaN,NaN
8,NaN,NaN,NaN,NaN,NaN,NaN,NaN,NaN
9,NaN,NaN,NaN,NaN,NaN,NaN,NaN,NaN
10,NaN,NaN,NaN,NaN,NaN,NaN,NaN,NaN
11,NaN,NaN,NaN,NaN,NaN,NaN,NaN,NaN
1,NaN,NaN,NaN,NaN,NaN,NaN,NaN,NaN
2,NaN,NaN,NaN,NaN,NaN,NaN,NaN,NaN
3,NaN,NaN,NaN,NaN,NaN,NaN,NaN,NaN
4,NaN,NaN,NaN,NaN,NaN,NaN,NaN,NaN
5,NaN,NaN,NaN,NaN,NaN,NaN,NaN,NaN
6,NaN,NaN,NaN,NaN,NaN,NaN,NaN,NaN
7,NaN,NaN,NaN,NaN,NaN,NaN,NaN,NaN
8,NaN,NaN,NaN,NaN,NaN,NaN,NaN,NaN
9,NaN,NaN,NaN,NaN,NaN,NaN,NaN,NaN
10,NaN,NaN,NaN,NaN,NaN,NaN,NaN,NaN
11,NaN,NaN,NaN,NaN,NaN,NaN,NaN,NaN
1,NaN,NaN,NaN,NaN,NaN,NaN,NaN,NaN
2,NaN,NaN,NaN,NaN,NaN,NaN,NaN,NaN
3,NaN,NaN,NaN,NaN,NaN,NaN,NaN,NaN
4,NaN,NaN,NaN,NaN,NaN,NaN,NaN,NaN
5,NaN,NaN,NaN,NaN,NaN,NaN,NaN,NaN
6,NaN,NaN,NaN,NaN,NaN,NaN,NaN,NaN
7,NaN,NaN,NaN,NaN,NaN,NaN,NaN,NaN
8,NaN,NaN,NaN,NaN,NaN,NaN,NaN,NaN
9,NaN,NaN,NaN,NaN,NaN,NaN,NaN,NaN
10,NaN,NaN,NaN,NaN,NaN,NaN,NaN,NaN
11,NaN,NaN,NaN,NaN,NaN,NaN,NaN,NaN
1,NaN,NaN,NaN,NaN,NaN,NaN,NaN,NaN
2,NaN,NaN,NaN,NaN,NaN,NaN,NaN,NaN
3,NaN,NaN,NaN,NaN,NaN,NaN,NaN,NaN
4,NaN,NaN,NaN,NaN,NaN,NaN,NaN,NaN
5,NaN,NaN,NaN,NaN,NaN,NaN,NaN,NaN
6,NaN,NaN,NaN,NaN,NaN,NaN,NaN,NaN
7,NaN,NaN,NaN,NaN,NaN,NaN,NaN,NaN
8,NaN,NaN,NaN,NaN,NaN,NaN,NaN,NaN
9,NaN,NaN,NaN,NaN,NaN,NaN,NaN,NaN
10,NaN,NaN,NaN,NaN,NaN,NaN,NaN,NaN
11,NaN,NaN,NaN,NaN,NaN,NaN,NaN,NaN
1,NaN,NaN,NaN,NaN,NaN,NaN,NaN,NaN
2,NaN,NaN,NaN,NaN,NaN,NaN,NaN,NaN
3,NaN,NaN,NaN,NaN,NaN,NaN,NaN,NaN
4,NaN,NaN,NaN,NaN,NaN,NaN,NaN,NaN
5,NaN,NaN,NaN,NaN,NaN,NaN,NaN,NaN
6,NaN,NaN,NaN,NaN,NaN,NaN,NaN,NaN
7,NaN,NaN,NaN,NaN,NaN,NaN,NaN,NaN
8,NaN,NaN,NaN,NaN,NaN,NaN,NaN,NaN
9,NaN,NaN,NaN,NaN,NaN,NaN,NaN,NaN
10,NaN,NaN,NaN,NaN,NaN,NaN,NaN,NaN
11,NaN,NaN,NaN,NaN,NaN,NaN,NaN,NaN
1,NaN,NaN,NaN,NaN,NaN,NaN,NaN,NaN
2,NaN,NaN,NaN,NaN,NaN,NaN,NaN,NaN
3,NaN,NaN,NaN,NaN,NaN,NaN,NaN,NaN
4,NaN,NaN,NaN,NaN,NaN,NaN,NaN,NaN
5,NaN,NaN,NaN,NaN,NaN,NaN,NaN,NaN
6,NaN,NaN,NaN,NaN,NaN,NaN,NaN,NaN
7,NaN,NaN,NaN,NaN,NaN,NaN,NaN,NaN
8,NaN,NaN,NaN,NaN,NaN,NaN,NaN,NaN
9,NaN,NaN,NaN,NaN,NaN,NaN,NaN,NaN
10,NaN,NaN,NaN,NaN,NaN,NaN,NaN,NaN
11,NaN,NaN,NaN,NaN,NaN,NaN,NaN,NaN
1,NaN,NaN,NaN,NaN,NaN,NaN,NaN,NaN
2,NaN,NaN,NaN,NaN,NaN,NaN,NaN,NaN
3,NaN,NaN,NaN,NaN,NaN,NaN,NaN,NaN
4,NaN,NaN,NaN,NaN,NaN,NaN,NaN,NaN
5,NaN,NaN,NaN,NaN,NaN,NaN,NaN,NaN
6,NaN,NaN,NaN,NaN,NaN,NaN,NaN,NaN
7,NaN,NaN,NaN,NaN,NaN,NaN,NaN,NaN
8,NaN,NaN,NaN,NaN,NaN,NaN,NaN,NaN
9,NaN,NaN,NaN,NaN,NaN,NaN,NaN,NaN
10,NaN,NaN,NaN,NaN,NaN,NaN,NaN,NaN
11,NaN,NaN,NaN,NaN,NaN,NaN,NaN,NaN
1,NaN,NaN,NaN,NaN,NaN,NaN,NaN,NaN
2,NaN,NaN,NaN,NaN,NaN,NaN,NaN,NaN
3,NaN,NaN,NaN,NaN,NaN,NaN,NaN,NaN
4,NaN,NaN,NaN,NaN,NaN,NaN,NaN,NaN
5,NaN,NaN,NaN,NaN,NaN,NaN,NaN,NaN
6,NaN,NaN,NaN,NaN,NaN,NaN,NaN,NaN
7,NaN,NaN,NaN,NaN,NaN,NaN,NaN,NaN
8,NaN,NaN,NaN,NaN,NaN,NaN,NaN,NaN
9,NaN,NaN,NaN,NaN,NaN,NaN,NaN,NaN
10,NaN,NaN,NaN,NaN,NaN,NaN,NaN,NaN
11,NaN,NaN,NaN,NaN,NaN,NaN,NaN,NaN
1,NaN,NaN,NaN,NaN,NaN,NaN,NaN,NaN
2,NaN,NaN,NaN,NaN,NaN,NaN,NaN,NaN
3,NaN,NaN,NaN,NaN,NaN,NaN,NaN,NaN
4,NaN,NaN,NaN,NaN,NaN,NaN,NaN,NaN
5,NaN,NaN,NaN,NaN,NaN,NaN,NaN,NaN
6,NaN,NaN,NaN,NaN,NaN,NaN,NaN,NaN
7,NaN,NaN,NaN,NaN,NaN,NaN,NaN,NaN
8,NaN,NaN,NaN,NaN,NaN,NaN,NaN,NaN
9,NaN,NaN,NaN,NaN,NaN,NaN,NaN,NaN
10,NaN,NaN,NaN,NaN,NaN,NaN,NaN,NaN
11,NaN,NaN,NaN,NaN,NaN,NaN,NaN,NaN
1,NaN,NaN,NaN,NaN,NaN,NaN,NaN,NaN
2,NaN,NaN,NaN,NaN,NaN,NaN,NaN,NaN
3,NaN,NaN,NaN,NaN,NaN,NaN,NaN,NaN
4,NaN,NaN,NaN,NaN,NaN,NaN,NaN,NaN
5,NaN,NaN,NaN,NaN,NaN,NaN,NaN,NaN
6,NaN,NaN,NaN,NaN,NaN,NaN,NaN,NaN
7,NaN,NaN,NaN,NaN,NaN,NaN,NaN,NaN
8,NaN,NaN,NaN,NaN,NaN,NaN,NaN,NaN
9,NaN,NaN,NaN,NaN,NaN,NaN,NaN,NaN
10,NaN,NaN,NaN,NaN,NaN,NaN,NaN,NaN
11,NaN,NaN,NaN,NaN,NaN,NaN,NaN,NaN
1,NaN,NaN,NaN,NaN,NaN,NaN,NaN,NaN
2,NaN,NaN,NaN,NaN,NaN,NaN,NaN,NaN
3,NaN,NaN,NaN,NaN,NaN,NaN,NaN,NaN
4,NaN,NaN,NaN,NaN,NaN,NaN,NaN,NaN
5,NaN,NaN,NaN,NaN,NaN,NaN,NaN,NaN
6,NaN,NaN,NaN,NaN,NaN,NaN,NaN,NaN
7,NaN,NaN,NaN,NaN,NaN,NaN,NaN,NaN
8,NaN,NaN,NaN,NaN,NaN,NaN,NaN,NaN
9,NaN,NaN,NaN,NaN,NaN,NaN,NaN,NaN
10,NaN,NaN,NaN,NaN,NaN,NaN,NaN,NaN
11,NaN,NaN,NaN,NaN,NaN,NaN,NaN,NaN
1,NaN,NaN,NaN,NaN,NaN,NaN,NaN,NaN
2,NaN,NaN,NaN,NaN,NaN,NaN,NaN,NaN
3,NaN,NaN,NaN,NaN,NaN,NaN,NaN,NaN
4,NaN,NaN,NaN,NaN,NaN,NaN,NaN,NaN
5,NaN,NaN,NaN,NaN,NaN,NaN,NaN,NaN
6,NaN,NaN,NaN,NaN,NaN,NaN,NaN,NaN
7,NaN,NaN,NaN,NaN,NaN,NaN,NaN,NaN
8,NaN,NaN,NaN,NaN,NaN,NaN,NaN,NaN
9,NaN,NaN,NaN,NaN,NaN,NaN,NaN,NaN
10,NaN,NaN,NaN,NaN,NaN,NaN,NaN,NaN
11,NaN,NaN,NaN,NaN,NaN,NaN,NaN,NaN
1,NaN,NaN,NaN,NaN,NaN,NaN,NaN,NaN
2,NaN,NaN,NaN,NaN,NaN,NaN,NaN,NaN
3,NaN,NaN,NaN,NaN,NaN,NaN,NaN,NaN
4,NaN,NaN,NaN,NaN,NaN,NaN,NaN,NaN
5,NaN,NaN,NaN,NaN,NaN,NaN,NaN,NaN
6,NaN,NaN,NaN,NaN,NaN,NaN,NaN,NaN
7,NaN,NaN,NaN,NaN,NaN,NaN,NaN,NaN
8,NaN,NaN,NaN,NaN,NaN,NaN,NaN,NaN
9,NaN,NaN,NaN,NaN,NaN,NaN,NaN,NaN
10,NaN,NaN,NaN,NaN,NaN,NaN,NaN,NaN
11,NaN,NaN,NaN,NaN,NaN,NaN,NaN,NaN
1,NaN,NaN,NaN,NaN,NaN,NaN,NaN,NaN
2,NaN,NaN,NaN,NaN,NaN,NaN,NaN,NaN
3,NaN,NaN,NaN,NaN,NaN,NaN,NaN,NaN
4,NaN,NaN,NaN,NaN,NaN,NaN,NaN,NaN
5,NaN,NaN,NaN,NaN,NaN,NaN,NaN,NaN
6,NaN,NaN,NaN,NaN,NaN,NaN,NaN,NaN
7,NaN,NaN,NaN,NaN,NaN,NaN,NaN,NaN
8,NaN,NaN,NaN,NaN,NaN,NaN,NaN,NaN
9,NaN,NaN,NaN,NaN,NaN,NaN,NaN,NaN
10,NaN,NaN,NaN,NaN,NaN,NaN,NaN,NaN
11,NaN,NaN,NaN,NaN,NaN,NaN,NaN,NaN
1,NaN,NaN,NaN,NaN,NaN,NaN,NaN,NaN
2,NaN,NaN,NaN,NaN,NaN,NaN,NaN,NaN
3,NaN,NaN,NaN,NaN,NaN,NaN,NaN,NaN
4,NaN,NaN,NaN,NaN,NaN,NaN,NaN,NaN
5,NaN,NaN,NaN,NaN,NaN,NaN,NaN,NaN
6,NaN,NaN,NaN,NaN,NaN,NaN,NaN,NaN
7,NaN,NaN,NaN,NaN,NaN,NaN,NaN,NaN
8,NaN,NaN,NaN,NaN,NaN,NaN,NaN,NaN
9,NaN,NaN,NaN,NaN,NaN,NaN,NaN,NaN
10,NaN,NaN,NaN,NaN,NaN,NaN,NaN,NaN
11,NaN,NaN,NaN,NaN,NaN,NaN,NaN,NaN
1,NaN,NaN,NaN,NaN,NaN,NaN,NaN,NaN
2,NaN,NaN,NaN,NaN,NaN,NaN,NaN,NaN
3,NaN,NaN,NaN,NaN,NaN,NaN,NaN,NaN
4,NaN,NaN,NaN,NaN,NaN,NaN,NaN,NaN
5,NaN,NaN,NaN,NaN,NaN,NaN,NaN,NaN
6,NaN,NaN,NaN,NaN,NaN,NaN,NaN,NaN
7,NaN,NaN,NaN,NaN,NaN,NaN,NaN,NaN
8,NaN,NaN,NaN,NaN,NaN,NaN,NaN,NaN
9,NaN,NaN,NaN,NaN,NaN,NaN,NaN,NaN
10,NaN,NaN,NaN,NaN,NaN,NaN,NaN,NaN
11,NaN,NaN,NaN,NaN,NaN,NaN,NaN,NaN
1,NaN,NaN,NaN,NaN,NaN,NaN,NaN,NaN
2,NaN,NaN,NaN,NaN,NaN,NaN,NaN,NaN
3,NaN,NaN,NaN,NaN,NaN,NaN,NaN,NaN
4,NaN,NaN,NaN,NaN,NaN,NaN,NaN,NaN
5,NaN,NaN,NaN,NaN,NaN,NaN,NaN,NaN
6,NaN,NaN,NaN,NaN,NaN,NaN,NaN,NaN
7,NaN,NaN,NaN,NaN,NaN,NaN,NaN,NaN
8,NaN,NaN,NaN,NaN,NaN,NaN,NaN,NaN
9,NaN,NaN,NaN,NaN,NaN,NaN,NaN,NaN
10,NaN,NaN,NaN,NaN,NaN,NaN,NaN,NaN
11,NaN,NaN,NaN,NaN,NaN,NaN,NaN,NaN
1,NaN,NaN,NaN,NaN,NaN,NaN,NaN,NaN
2,NaN,NaN,NaN,NaN,NaN,NaN,NaN,NaN
3,NaN,NaN,NaN,NaN,NaN,NaN,NaN,NaN
4,NaN,NaN,NaN,NaN,NaN,NaN,NaN,NaN
5,NaN,NaN,NaN,NaN,NaN,NaN,NaN,NaN
6,NaN,NaN,NaN,NaN,NaN,NaN,NaN,NaN
7,NaN,NaN,NaN,NaN,NaN,NaN,NaN,NaN
8,NaN,NaN,NaN,NaN,NaN,NaN,NaN,NaN
9,NaN,NaN,NaN,NaN,NaN,NaN,NaN,NaN
10,NaN,NaN,NaN,NaN,NaN,NaN,NaN,NaN
11,NaN,NaN,NaN,NaN,NaN,NaN,NaN,NaN
1,NaN,NaN,NaN,NaN,NaN,NaN,NaN,NaN
2,NaN,NaN,NaN,NaN,NaN,NaN,NaN,NaN
3,NaN,NaN,NaN,NaN,NaN,NaN,NaN,NaN
4,NaN,NaN,NaN,NaN,NaN,NaN,NaN,NaN
5,NaN,NaN,NaN,NaN,NaN,NaN,NaN,NaN
6,NaN,NaN,NaN,NaN,NaN,NaN,NaN,NaN
7,NaN,NaN,NaN,NaN,NaN,NaN,NaN,NaN
8,NaN,NaN,NaN,NaN,NaN,NaN,NaN,NaN
9,NaN,NaN,NaN,NaN,NaN,NaN,NaN,NaN
10,NaN,NaN,NaN,NaN,NaN,NaN,NaN,NaN
11,NaN,NaN,NaN,NaN,NaN,NaN,NaN,NaN
1,NaN,NaN,NaN,NaN,NaN,NaN,NaN,NaN
2,NaN,NaN,NaN,NaN,NaN,NaN,NaN,NaN
3,NaN,NaN,NaN,NaN,NaN,NaN,NaN,NaN
4,NaN,NaN,NaN,NaN,NaN,NaN,NaN,NaN
5,NaN,NaN,NaN,NaN,NaN,NaN,NaN,NaN
6,NaN,NaN,NaN,NaN,NaN,NaN,NaN,NaN
7,NaN,NaN,NaN,NaN,NaN,NaN,NaN,NaN
8,NaN,NaN,NaN,NaN,NaN,NaN,NaN,NaN
9,NaN,NaN,NaN,NaN,NaN,NaN,NaN,NaN
10,NaN,NaN,NaN,NaN,NaN,NaN,NaN,NaN
11,NaN,NaN,NaN,NaN,NaN,NaN,NaN,NaN
1,NaN,NaN,NaN,NaN,NaN,NaN,NaN,NaN
2,NaN,NaN,NaN,NaN,NaN,NaN,NaN,NaN
3,NaN,NaN,NaN,NaN,NaN,NaN,NaN,NaN
4,NaN,NaN,NaN,NaN,NaN,NaN,NaN,NaN
5,NaN,NaN,NaN,NaN,NaN,NaN,NaN,NaN
6,NaN,NaN,NaN,NaN,NaN,NaN,NaN,NaN
7,NaN,NaN,NaN,NaN,NaN,NaN,NaN,NaN
8,NaN,NaN,NaN,NaN,NaN,NaN,NaN,NaN
9,NaN,NaN,NaN,NaN,NaN,NaN,NaN,NaN
10,NaN,NaN,NaN,NaN,NaN,NaN,NaN,NaN
11,NaN,NaN,NaN,NaN,NaN,NaN,NaN,NaN
1,NaN,NaN,NaN,NaN,NaN,NaN,NaN,NaN
2,NaN,NaN,NaN,NaN,NaN,NaN,NaN,NaN
3,NaN,NaN,NaN,NaN,NaN,NaN,NaN,NaN
4,NaN,NaN,NaN,NaN,NaN,NaN,NaN,NaN
5,NaN,NaN,NaN,NaN,NaN,NaN,NaN,NaN
6,NaN,NaN,NaN,NaN,NaN,NaN,NaN,NaN
7,NaN,NaN,NaN,NaN,NaN,NaN,NaN,NaN
8,NaN,NaN,NaN,NaN,NaN,NaN,NaN,NaN
9,NaN,NaN,NaN,NaN,NaN,NaN,NaN,NaN
10,NaN,NaN,NaN,NaN,NaN,NaN,NaN,NaN
11,NaN,NaN,NaN,NaN,NaN,NaN,NaN,NaN
1,NaN,NaN,NaN,NaN,NaN,NaN,NaN,NaN
2,NaN,NaN,NaN,NaN,NaN,NaN,NaN,NaN
3,NaN,NaN,NaN,NaN,NaN,NaN,NaN,NaN
4,NaN,NaN,NaN,NaN,NaN,NaN,NaN,NaN
5,NaN,NaN,NaN,NaN,NaN,NaN,NaN,NaN
6,NaN,NaN,NaN,NaN,NaN,NaN,NaN,NaN
7,NaN,NaN,NaN,NaN,NaN,NaN,NaN,NaN
8,NaN,NaN,NaN,NaN,NaN,NaN,NaN,NaN
9,NaN,NaN,NaN,NaN,NaN,NaN,NaN,NaN
10,NaN,NaN,NaN,NaN,NaN,NaN,NaN,NaN
11,NaN,NaN,NaN,NaN,NaN,NaN,NaN,NaN
1,NaN,NaN,NaN,NaN,NaN,NaN,NaN,NaN
2,NaN,NaN,NaN,NaN,NaN,NaN,NaN,NaN
3,NaN,NaN,NaN,NaN,NaN,NaN,NaN,NaN
4,NaN,NaN,NaN,NaN,NaN,NaN,NaN,NaN
5,NaN,NaN,NaN,NaN,NaN,NaN,NaN,NaN
6,NaN,NaN,NaN,NaN,NaN,NaN,NaN,NaN
7,NaN,NaN,NaN,NaN,NaN,NaN,NaN,NaN
8,NaN,NaN,NaN,NaN,NaN,NaN,NaN,NaN
9,NaN,NaN,NaN,NaN,NaN,NaN,NaN,NaN
10,NaN,NaN,NaN,NaN,NaN,NaN,NaN,NaN
11,NaN,NaN,NaN,NaN,NaN,NaN,NaN,NaN
1,NaN,NaN,NaN,NaN,NaN,NaN,NaN,NaN
2,NaN,NaN,NaN,NaN,NaN,NaN,NaN,NaN
3,NaN,NaN,NaN,NaN,NaN,NaN,NaN,NaN
4,NaN,NaN,NaN,NaN,NaN,NaN,NaN,NaN
5,NaN,NaN,NaN,NaN,NaN,NaN,NaN,NaN
6,NaN,NaN,NaN,NaN,NaN,NaN,NaN,NaN
7,NaN,NaN,NaN,NaN,NaN,NaN,NaN,NaN
8,NaN,NaN,NaN,NaN,NaN,NaN,NaN,NaN
9,NaN,NaN,NaN,NaN,NaN,NaN,NaN,NaN
10,NaN,NaN,NaN,NaN,NaN,NaN,NaN,NaN
11,NaN,NaN,NaN,NaN,NaN,NaN,NaN,NaN
1,NaN,NaN,NaN,NaN,NaN,NaN,NaN,NaN
2,NaN,NaN,NaN,NaN,NaN,NaN,NaN,NaN
3,NaN,NaN,NaN,NaN,NaN,NaN,NaN,NaN
4,NaN,NaN,NaN,NaN,NaN,NaN,NaN,NaN
5,NaN,NaN,NaN,NaN,NaN,NaN,NaN,NaN
6,NaN,NaN,NaN,NaN,NaN,NaN,NaN,NaN
7,NaN,NaN,NaN,NaN,NaN,NaN,NaN,NaN
8,NaN,NaN,NaN,NaN,NaN,NaN,NaN,NaN
9,NaN,NaN,NaN,NaN,NaN,NaN,NaN,NaN
10,NaN,NaN,NaN,NaN,NaN,NaN,NaN,NaN
11,NaN,NaN,NaN,NaN,NaN,NaN,NaN,NaN
1,NaN,NaN,NaN,NaN,NaN,NaN,NaN,NaN
2,NaN,NaN,NaN,NaN,NaN,NaN,NaN,NaN
3,NaN,NaN,NaN,NaN,NaN,NaN,NaN,NaN
4,NaN,NaN,NaN,NaN,NaN,NaN,NaN,NaN
5,NaN,NaN,NaN,NaN,NaN,NaN,NaN,NaN
6,NaN,NaN,NaN,NaN,NaN,NaN,NaN,NaN
7,NaN,NaN,NaN,NaN,NaN,NaN,NaN,NaN
8,NaN,NaN,NaN,NaN,NaN,NaN,NaN,NaN
9,NaN,NaN,NaN,NaN,NaN,NaN,NaN,NaN
10,NaN,NaN,NaN,NaN,NaN,NaN,NaN,NaN
11,NaN,NaN,NaN,NaN,NaN,NaN,NaN,NaN
1,NaN,NaN,NaN,NaN,NaN,NaN,NaN,NaN
2,NaN,NaN,NaN,NaN,NaN,NaN,NaN,NaN
3,NaN,NaN,NaN,NaN,NaN,NaN,NaN,NaN
4,NaN,NaN,NaN,NaN,NaN,NaN,NaN,NaN
5,NaN,NaN,NaN,NaN,NaN,NaN,NaN,NaN
6,NaN,NaN,NaN,NaN,NaN,NaN,NaN,NaN
7,NaN,NaN,NaN,NaN,NaN,NaN,NaN,NaN
8,NaN,NaN,NaN,NaN,NaN,NaN,NaN,NaN
9,NaN,NaN,NaN,NaN,NaN,NaN,NaN,NaN
10,NaN,NaN,NaN,NaN,NaN,NaN,NaN,NaN
11,NaN,NaN,NaN,NaN,NaN,NaN,NaN,NaN
1,NaN,NaN,NaN,NaN,NaN,NaN,NaN,NaN
2,NaN,NaN,NaN,NaN,NaN,NaN,NaN,NaN
3,NaN,NaN,NaN,NaN,NaN,NaN,NaN,NaN
4,NaN,NaN,NaN,NaN,NaN,NaN,NaN,NaN
5,NaN,NaN,NaN,NaN,NaN,NaN,NaN,NaN
6,NaN,NaN,NaN,NaN,NaN,NaN,NaN,NaN
7,NaN,NaN,NaN,NaN,NaN,NaN,NaN,NaN
8,NaN,NaN,NaN,NaN,NaN,NaN,NaN,NaN
9,NaN,NaN,NaN,NaN,NaN,NaN,NaN,NaN
10,NaN,NaN,NaN,NaN,NaN,NaN,NaN,NaN
11,NaN,NaN,NaN,NaN,NaN,NaN,NaN,NaN
1,NaN,NaN,NaN,NaN,NaN,NaN,NaN,NaN
2,NaN,NaN,NaN,NaN,NaN,NaN,NaN,NaN
3,NaN,NaN,NaN,NaN,NaN,NaN,NaN,NaN
4,NaN,NaN,NaN,NaN,NaN,NaN,NaN,NaN
5,NaN,NaN,NaN,NaN,NaN,NaN,NaN,NaN
6,NaN,NaN,NaN,NaN,NaN,NaN,NaN,NaN
7,NaN,NaN,NaN,NaN,NaN,NaN,NaN,NaN
8,NaN,NaN,NaN,NaN,NaN,NaN,NaN,NaN
9,NaN,NaN,NaN,NaN,NaN,NaN,NaN,NaN
10,NaN,NaN,NaN,NaN,NaN,NaN,NaN,NaN
11,NaN,NaN,NaN,NaN,NaN,NaN,NaN,NaN
1,NaN,NaN,NaN,NaN,NaN,NaN,NaN,NaN
2,NaN,NaN,NaN,NaN,NaN,NaN,NaN,NaN
3,NaN,NaN,NaN,NaN,NaN,NaN,NaN,NaN
4,NaN,NaN,NaN,NaN,NaN,NaN,NaN,NaN
5,NaN,NaN,NaN,NaN,NaN,NaN,NaN,NaN
6,NaN,NaN,NaN,NaN,NaN,NaN,NaN,NaN
7,NaN,NaN,NaN,NaN,NaN,NaN,NaN,NaN
8,NaN,NaN,NaN,NaN,NaN,NaN,NaN,NaN
9,NaN,NaN,NaN,NaN,NaN,NaN,NaN,NaN
10,NaN,NaN,NaN,NaN,NaN,NaN,NaN,NaN
11,NaN,NaN,NaN,NaN,NaN,NaN,NaN,NaN
1,NaN,NaN,NaN,NaN,NaN,NaN,NaN,NaN
2,NaN,NaN,NaN,NaN,NaN,NaN,NaN,NaN
3,NaN,NaN,NaN,NaN,NaN,NaN,NaN,NaN
4,NaN,NaN,NaN,NaN,NaN,NaN,NaN,NaN
5,NaN,NaN,NaN,NaN,NaN,NaN,NaN,NaN
6,NaN,NaN,NaN,NaN,NaN,NaN,NaN,NaN
7,NaN,NaN,NaN,NaN,NaN,NaN,NaN,NaN
8,NaN,NaN,NaN,NaN,NaN,NaN,NaN,NaN
9,NaN,NaN,NaN,NaN,NaN,NaN,NaN,NaN
10,NaN,NaN,NaN,NaN,NaN,NaN,NaN,NaN
11,NaN,NaN,NaN,NaN,NaN,NaN,NaN,NaN
1,NaN,NaN,NaN,NaN,NaN,NaN,NaN,NaN
2,NaN,NaN,NaN,NaN,NaN,NaN,NaN,NaN
3,NaN,NaN,NaN,NaN,NaN,NaN,NaN,NaN
4,NaN,NaN,NaN,NaN,NaN,NaN,NaN,NaN
5,NaN,NaN,NaN,NaN,NaN,NaN,NaN,NaN
6,NaN,NaN,NaN,NaN,NaN,NaN,NaN,NaN
7,NaN,NaN,NaN,NaN,NaN,NaN,NaN,NaN
8,NaN,NaN,NaN,NaN,NaN,NaN,NaN,NaN
9,NaN,NaN,NaN,NaN,NaN,NaN,NaN,NaN
10,NaN,NaN,NaN,NaN,NaN,NaN,NaN,NaN
11,NaN,NaN,NaN,NaN,NaN,NaN,NaN,NaN
1,NaN,NaN,NaN,NaN,NaN,NaN,NaN,NaN
2,NaN,NaN,NaN,NaN,NaN,NaN,NaN,NaN
3,NaN,NaN,NaN,NaN,NaN,NaN,NaN,NaN
4,NaN,NaN,NaN,NaN,NaN,NaN,NaN,NaN
5,NaN,NaN,NaN,NaN,NaN,NaN,NaN,NaN
6,NaN,NaN,NaN,NaN,NaN,NaN,NaN,NaN
7,NaN,NaN,NaN,NaN,NaN,NaN,NaN,NaN
8,NaN,NaN,NaN,NaN,NaN,NaN,NaN,NaN
9,NaN,NaN,NaN,NaN,NaN,NaN,NaN,NaN
10,NaN,NaN,NaN,NaN,NaN,NaN,NaN,NaN
11,NaN,NaN,NaN,NaN,NaN,NaN,NaN,NaN
1,NaN,NaN,NaN,NaN,NaN,NaN,NaN,NaN
2,NaN,NaN,NaN,NaN,NaN,NaN,NaN,NaN
3,NaN,NaN,NaN,NaN,NaN,NaN,NaN,NaN
4,NaN,NaN,NaN,NaN,NaN,NaN,NaN,NaN
5,NaN,NaN,NaN,NaN,NaN,NaN,NaN,NaN
6,NaN,NaN,NaN,NaN,NaN,NaN,NaN,NaN
7,NaN,NaN,NaN,NaN,NaN,NaN,NaN,NaN
8,NaN,NaN,NaN,NaN,NaN,NaN,NaN,NaN
9,NaN,NaN,NaN,NaN,NaN,NaN,NaN,NaN
10,NaN,NaN,NaN,NaN,NaN,NaN,NaN,NaN
11,NaN,NaN,NaN,NaN,NaN,NaN,NaN,NaN
1,NaN,NaN,NaN,NaN,NaN,NaN,NaN,NaN
2,NaN,NaN,NaN,NaN,NaN,NaN,NaN,NaN
3,NaN,NaN,NaN,NaN,NaN,NaN,NaN,NaN
4,NaN,NaN,NaN,NaN,NaN,NaN,NaN,NaN
5,NaN,NaN,NaN,NaN,NaN,NaN,NaN,NaN
6,NaN,NaN,NaN,NaN,NaN,NaN,NaN,NaN
7,NaN,NaN,NaN,NaN,NaN,NaN,NaN,NaN
8,NaN,NaN,NaN,NaN,NaN,NaN,NaN,NaN
9,NaN,NaN,NaN,NaN,NaN,NaN,NaN,NaN
10,NaN,NaN,NaN,NaN,NaN,NaN,NaN,NaN
11,NaN,NaN,NaN,NaN,NaN,NaN,NaN,NaN
1,NaN,NaN,NaN,NaN,NaN,NaN,NaN,NaN
2,NaN,NaN,NaN,NaN,NaN,NaN,NaN,NaN
3,NaN,NaN,NaN,NaN,NaN,NaN,NaN,NaN
4,NaN,NaN,NaN,NaN,NaN,NaN,NaN,NaN
5,NaN,NaN,NaN,NaN,NaN,NaN,NaN,NaN
6,NaN,NaN,NaN,NaN,NaN,NaN,NaN,NaN
7,NaN,NaN,NaN,NaN,NaN,NaN,NaN,NaN
8,NaN,NaN,NaN,NaN,NaN,NaN,NaN,NaN
9,NaN,NaN,NaN,NaN,NaN,NaN,NaN,NaN
10,NaN,NaN,NaN,NaN,NaN,NaN,NaN,NaN
11,NaN,NaN,NaN,NaN,NaN,NaN,NaN,NaN
1,NaN,NaN,NaN,NaN,NaN,NaN,NaN,NaN
2,NaN,NaN,NaN,NaN,NaN,NaN,NaN,NaN
3,NaN,NaN,NaN,NaN,NaN,NaN,NaN,NaN
4,NaN,NaN,NaN,NaN,NaN,NaN,NaN,NaN
5,NaN,NaN,NaN,NaN,NaN,NaN,NaN,NaN
6,NaN,NaN,NaN,NaN,NaN,NaN,NaN,NaN
7,NaN,NaN,NaN,NaN,NaN,NaN,NaN,NaN
8,NaN,NaN,NaN,NaN,NaN,NaN,NaN,NaN
9,NaN,NaN,NaN,NaN,NaN,NaN,NaN,NaN
10,NaN,NaN,NaN,NaN,NaN,NaN,NaN,NaN
11,NaN,NaN,NaN,NaN,NaN,NaN,NaN,NaN
1,NaN,NaN,NaN,NaN,NaN,NaN,NaN,NaN
2,NaN,NaN,NaN,NaN,NaN,NaN,NaN,NaN
3,NaN,NaN,NaN,NaN,NaN,NaN,NaN,NaN
4,NaN,NaN,NaN,NaN,NaN,NaN,NaN,NaN
5,NaN,NaN,NaN,NaN,NaN,NaN,NaN,NaN
6,NaN,NaN,NaN,NaN,NaN,NaN,NaN,NaN
7,NaN,NaN,NaN,NaN,NaN,NaN,NaN,NaN
8,NaN,NaN,NaN,NaN,NaN,NaN,NaN,NaN
9,NaN,NaN,NaN,NaN,NaN,NaN,NaN,NaN
10,NaN,NaN,NaN,NaN,NaN,NaN,NaN,NaN
11,NaN,NaN,NaN,NaN,NaN,NaN,NaN,NaN
1,NaN,NaN,NaN,NaN,NaN,NaN,NaN,NaN
2,NaN,NaN,NaN,NaN,NaN,NaN,NaN,NaN
3,NaN,NaN,NaN,NaN,NaN,NaN,NaN,NaN
4,NaN,NaN,NaN,NaN,NaN,NaN,NaN,NaN
5,NaN,NaN,NaN,NaN,NaN,NaN,NaN,NaN
6,NaN,NaN,NaN,NaN,NaN,NaN,NaN,NaN
7,NaN,NaN,NaN,NaN,NaN,NaN,NaN,NaN
8,NaN,NaN,NaN,NaN,NaN,NaN,NaN,NaN
9,NaN,NaN,NaN,NaN,NaN,NaN,NaN,NaN
10,NaN,NaN,NaN,NaN,NaN,NaN,NaN,NaN
11,NaN,NaN,NaN,NaN,NaN,NaN,NaN,NaN
1,NaN,NaN,NaN,NaN,NaN,NaN,NaN,NaN
2,NaN,NaN,NaN,NaN,NaN,NaN,NaN,NaN
3,NaN,NaN,NaN,NaN,NaN,NaN,NaN,NaN
4,NaN,NaN,NaN,NaN,NaN,NaN,NaN,NaN
5,NaN,NaN,NaN,NaN,NaN,NaN,NaN,NaN
6,NaN,NaN,NaN,NaN,NaN,NaN,NaN,NaN
7,NaN,NaN,NaN,NaN,NaN,NaN,NaN,NaN
8,NaN,NaN,NaN,NaN,NaN,NaN,NaN,NaN
9,NaN,NaN,NaN,NaN,NaN,NaN,NaN,NaN
10,NaN,NaN,NaN,NaN,NaN,NaN,NaN,NaN
11,NaN,NaN,NaN,NaN,NaN,NaN,NaN,NaN
1,NaN,NaN,NaN,NaN,NaN,NaN,NaN,NaN
2,NaN,NaN,NaN,NaN,NaN,NaN,NaN,NaN
3,NaN,NaN,NaN,NaN,NaN,NaN,NaN,NaN
4,NaN,NaN,NaN,NaN,NaN,NaN,NaN,NaN
5,NaN,NaN,NaN,NaN,NaN,NaN,NaN,NaN
6,NaN,NaN,NaN,NaN,NaN,NaN,NaN,NaN
7,NaN,NaN,NaN,NaN,NaN,NaN,NaN,NaN
8,NaN,NaN,NaN,NaN,NaN,NaN,NaN,NaN
9,NaN,NaN,NaN,NaN,NaN,NaN,NaN,NaN
10,NaN,NaN,NaN,NaN,NaN,NaN,NaN,NaN
11,NaN,NaN,NaN,NaN,NaN,NaN,NaN,NaN
1,NaN,NaN,NaN,NaN,NaN,NaN,NaN,NaN
2,NaN,NaN,NaN,NaN,NaN,NaN,NaN,NaN
3,NaN,NaN,NaN,NaN,NaN,NaN,NaN,NaN
4,NaN,NaN,NaN,NaN,NaN,NaN,NaN,NaN
5,NaN,NaN,NaN,NaN,NaN,NaN,NaN,NaN
6,NaN,NaN,NaN,NaN,NaN,NaN,NaN,NaN
7,NaN,NaN,NaN,NaN,NaN,NaN,NaN,NaN
8,NaN,NaN,NaN,NaN,NaN,NaN,NaN,NaN
9,NaN,NaN,NaN,NaN,NaN,NaN,NaN,NaN
10,NaN,NaN,NaN,NaN,NaN,NaN,NaN,NaN
11,NaN,NaN,NaN,NaN,NaN,NaN,NaN,NaN
1,NaN,NaN,NaN,NaN,NaN,NaN,NaN,NaN
2,NaN,NaN,NaN,NaN,NaN,NaN,NaN,NaN
3,NaN,NaN,NaN,NaN,NaN,NaN,NaN,NaN
4,NaN,NaN,NaN,NaN,NaN,NaN,NaN,NaN
5,NaN,NaN,NaN,NaN,NaN,NaN,NaN,NaN
6,NaN,NaN,NaN,NaN,NaN,NaN,NaN,NaN
7,NaN,NaN,NaN,NaN,NaN,NaN,NaN,NaN
8,NaN,NaN,NaN,NaN,NaN,NaN,NaN,NaN
9,NaN,NaN,NaN,NaN,NaN,NaN,NaN,NaN
10,NaN,NaN,NaN,NaN,NaN,NaN,NaN,NaN
11,NaN,NaN,NaN,NaN,NaN,NaN,NaN,NaN
1,NaN,NaN,NaN,NaN,NaN,NaN,NaN,NaN
2,NaN,NaN,NaN,NaN,NaN,NaN,NaN,NaN
3,NaN,NaN,NaN,NaN,NaN,NaN,NaN,NaN
4,NaN,NaN,NaN,NaN,NaN,NaN,NaN,NaN
5,NaN,NaN,NaN,NaN,NaN,NaN,NaN,NaN
6,NaN,NaN,NaN,NaN,NaN,NaN,NaN,NaN
7,NaN,NaN,NaN,NaN,NaN,NaN,NaN,NaN
8,NaN,NaN,NaN,NaN,NaN,NaN,NaN,NaN
9,NaN,NaN,NaN,NaN,NaN,NaN,NaN,NaN
10,NaN,NaN,NaN,NaN,NaN,NaN,NaN,NaN
11,NaN,NaN,NaN,NaN,NaN,NaN,NaN,NaN
1,NaN,NaN,NaN,NaN,NaN,NaN,NaN,NaN
2,NaN,NaN,NaN,NaN,NaN,NaN,NaN,NaN
3,NaN,NaN,NaN,NaN,NaN,NaN,NaN,NaN
4,NaN,NaN,NaN,NaN,NaN,NaN,NaN,NaN
5,NaN,NaN,NaN,NaN,NaN,NaN,NaN,NaN
6,NaN,NaN,NaN,NaN,NaN,NaN,NaN,NaN
7,NaN,NaN,NaN,NaN,NaN,NaN,NaN,NaN
8,NaN,NaN,NaN,NaN,NaN,NaN,NaN,NaN
9,NaN,NaN,NaN,NaN,NaN,NaN,NaN,NaN
10,NaN,NaN,NaN,NaN,NaN,NaN,NaN,NaN
11,NaN,NaN,NaN,NaN,NaN,NaN,NaN,NaN
1,NaN,NaN,NaN,NaN,NaN,NaN,NaN,NaN
2,NaN,NaN,NaN,NaN,NaN,NaN,NaN,NaN
3,NaN,NaN,NaN,NaN,NaN,NaN,NaN,NaN
4,NaN,NaN,NaN,NaN,NaN,NaN,NaN,NaN
5,NaN,NaN,NaN,NaN,NaN,NaN,NaN,NaN
6,NaN,NaN,NaN,NaN,NaN,NaN,NaN,NaN
7,NaN,NaN,NaN,NaN,NaN,NaN,NaN,NaN
8,NaN,NaN,NaN,NaN,NaN,NaN,NaN,NaN
9,NaN,NaN,NaN,NaN,NaN,NaN,NaN,NaN
10,NaN,NaN,NaN,NaN,NaN,NaN,NaN,NaN
11,NaN,NaN,NaN,NaN,NaN,NaN,NaN,NaN
1,NaN,NaN,NaN,NaN,NaN,NaN,NaN,NaN
2,NaN,NaN,NaN,NaN,NaN,NaN,NaN,NaN
3,NaN,NaN,NaN,NaN,NaN,NaN,NaN,NaN
4,NaN,NaN,NaN,NaN,NaN,NaN,NaN,NaN
5,NaN,NaN,NaN,NaN,NaN,NaN,NaN,NaN
6,NaN,NaN,NaN,NaN,NaN,NaN,NaN,NaN
7,NaN,NaN,NaN,NaN,NaN,NaN,NaN,NaN
8,NaN,NaN,NaN,NaN,NaN,NaN,NaN,NaN
9,NaN,NaN,NaN,NaN,NaN,NaN,NaN,NaN
10,NaN,NaN,NaN,NaN,NaN,NaN,NaN,NaN
11,NaN,NaN,NaN,NaN,NaN,NaN,NaN,NaN
1,NaN,NaN,NaN,NaN,NaN,NaN,NaN,NaN
2,NaN,NaN,NaN,NaN,NaN,NaN,NaN,NaN
3,NaN,NaN,NaN,NaN,NaN,NaN,NaN,NaN
4,NaN,NaN,NaN,NaN,NaN,NaN,NaN,NaN
5,NaN,NaN,NaN,NaN,NaN,NaN,NaN,NaN
6,NaN,NaN,NaN,NaN,NaN,NaN,NaN,NaN
7,NaN,NaN,NaN,NaN,NaN,NaN,NaN,NaN
8,NaN,NaN,NaN,NaN,NaN,NaN,NaN,NaN
9,NaN,NaN,NaN,NaN,NaN,NaN,NaN,NaN
10,NaN,NaN,NaN,NaN,NaN,NaN,NaN,NaN
11,NaN,NaN,NaN,NaN,NaN,NaN,NaN,NaN
1,NaN,NaN,NaN,NaN,NaN,NaN,NaN,NaN
2,NaN,NaN,NaN,NaN,NaN,NaN,NaN,NaN
3,NaN,NaN,NaN,NaN,NaN,NaN,NaN,NaN
4,NaN,NaN,NaN,NaN,NaN,NaN,NaN,NaN
5,NaN,NaN,NaN,NaN,NaN,NaN,NaN,NaN
6,NaN,NaN,NaN,NaN,NaN,NaN,NaN,NaN
7,NaN,NaN,NaN,NaN,NaN,NaN,NaN,NaN
8,NaN,NaN,NaN,NaN,NaN,NaN,NaN,NaN
9,NaN,NaN,NaN,NaN,NaN,NaN,NaN,NaN
10,NaN,NaN,NaN,NaN,NaN,NaN,NaN,NaN
11,NaN,NaN,NaN,NaN,NaN,NaN,NaN,NaN
1,NaN,NaN,NaN,NaN,NaN,NaN,NaN,NaN
2,NaN,NaN,NaN,NaN,NaN,NaN,NaN,NaN
3,NaN,NaN,NaN,NaN,NaN,NaN,NaN,NaN
4,NaN,NaN,NaN,NaN,NaN,NaN,NaN,NaN
5,NaN,NaN,NaN,NaN,NaN,NaN,NaN,NaN
6,NaN,NaN,NaN,NaN,NaN,NaN,NaN,NaN
7,NaN,NaN,NaN,NaN,NaN,NaN,NaN,NaN
8,NaN,NaN,NaN,NaN,NaN,NaN,NaN,NaN
9,NaN,NaN,NaN,NaN,NaN,NaN,NaN,NaN
10,NaN,NaN,NaN,NaN,NaN,NaN,NaN,NaN
11,NaN,NaN,NaN,NaN,NaN,NaN,NaN,NaN
1,NaN,NaN,NaN,NaN,NaN,NaN,NaN,NaN
2,NaN,NaN,NaN,NaN,NaN,NaN,NaN,NaN
3,NaN,NaN,NaN,NaN,NaN,NaN,NaN,NaN
4,NaN,NaN,NaN,NaN,NaN,NaN,NaN,NaN
5,NaN,NaN,NaN,NaN,NaN,NaN,NaN,NaN
6,NaN,NaN,NaN,NaN,NaN,NaN,NaN,NaN
7,NaN,NaN,NaN,NaN,NaN,NaN,NaN,NaN
8,NaN,NaN,NaN,NaN,NaN,NaN,NaN,NaN
9,NaN,NaN,NaN,NaN,NaN,NaN,NaN,NaN
10,NaN,NaN,NaN,NaN,NaN,NaN,NaN,NaN
11,NaN,NaN,NaN,NaN,NaN,NaN,NaN,NaN
1,NaN,NaN,NaN,NaN,NaN,NaN,NaN,NaN
2,NaN,NaN,NaN,NaN,NaN,NaN,NaN,NaN
3,NaN,NaN,NaN,NaN,NaN,NaN,NaN,NaN
4,NaN,NaN,NaN,NaN,NaN,NaN,NaN,NaN
5,NaN,NaN,NaN,NaN,NaN,NaN,NaN,NaN
6,NaN,NaN,NaN,NaN,NaN,NaN,NaN,NaN
7,NaN,NaN,NaN,NaN,NaN,NaN,NaN,NaN
8,NaN,NaN,NaN,NaN,NaN,NaN,NaN,NaN
9,NaN,NaN,NaN,NaN,NaN,NaN,NaN,NaN
10,NaN,NaN,NaN,NaN,NaN,NaN,NaN,NaN
11,NaN,NaN,NaN,NaN,NaN,NaN,NaN,NaN
1,NaN,NaN,NaN,NaN,NaN,NaN,NaN,NaN
2,NaN,NaN,NaN,NaN,NaN,NaN,NaN,NaN
3,NaN,NaN,NaN,NaN,NaN,NaN,NaN,NaN
4,NaN,NaN,NaN,NaN,NaN,NaN,NaN,NaN
5,NaN,NaN,NaN,NaN,NaN,NaN,NaN,NaN
6,NaN,NaN,NaN,NaN,NaN,NaN,NaN,NaN
7,NaN,NaN,NaN,NaN,NaN,NaN,NaN,NaN
8,NaN,NaN,NaN,NaN,NaN,NaN,NaN,NaN
9,NaN,NaN,NaN,NaN,NaN,NaN,NaN,NaN
10,NaN,NaN,NaN,NaN,NaN,NaN,NaN,NaN
11,NaN,NaN,NaN,NaN,NaN,NaN,NaN,NaN
1,NaN,NaN,NaN,NaN,NaN,NaN,NaN,NaN
2,NaN,NaN,NaN,NaN,NaN,NaN,NaN,NaN
3,NaN,NaN,NaN,NaN,NaN,NaN,NaN,NaN
4,NaN,NaN,NaN,NaN,NaN,NaN,NaN,NaN
5,NaN,NaN,NaN,NaN,NaN,NaN,NaN,NaN
6,NaN,NaN,NaN,NaN,NaN,NaN,NaN,NaN
7,NaN,NaN,NaN,NaN,NaN,NaN,NaN,NaN
8,NaN,NaN,NaN,NaN,NaN,NaN,NaN,NaN
9,NaN,NaN,NaN,NaN,NaN,NaN,NaN,NaN
10,NaN,NaN,NaN,NaN,NaN,NaN,NaN,NaN
11,NaN,NaN,NaN,NaN,NaN,NaN,NaN,NaN
1,NaN,NaN,NaN,NaN,NaN,NaN,NaN,NaN
2,NaN,NaN,NaN,NaN,NaN,NaN,NaN,NaN
3,NaN,NaN,NaN,NaN,NaN,NaN,NaN,NaN
4,NaN,NaN,NaN,NaN,NaN,NaN,NaN,NaN
5,NaN,NaN,NaN,NaN,NaN,NaN,NaN,NaN
6,NaN,NaN,NaN,NaN,NaN,NaN,NaN,NaN
7,NaN,NaN,NaN,NaN,NaN,NaN,NaN,NaN
8,NaN,NaN,NaN,NaN,NaN,NaN,NaN,NaN
9,NaN,NaN,NaN,NaN,NaN,NaN,NaN,NaN
10,NaN,NaN,NaN,NaN,NaN,NaN,NaN,NaN
11,NaN,NaN,NaN,NaN,NaN,NaN,NaN,NaN
1,NaN,NaN,NaN,NaN,NaN,NaN,NaN,NaN
2,NaN,NaN,NaN,NaN,NaN,NaN,NaN,NaN
3,NaN,NaN,NaN,NaN,NaN,NaN,NaN,NaN
4,NaN,NaN,NaN,NaN,NaN,NaN,NaN,NaN
5,NaN,NaN,NaN,NaN,NaN,NaN,NaN,NaN
6,NaN,NaN,NaN,NaN,NaN,NaN,NaN,NaN
7,NaN,NaN,NaN,NaN,NaN,NaN,NaN,NaN
8,NaN,NaN,NaN,NaN,NaN,NaN,NaN,NaN
9,NaN,NaN,NaN,NaN,NaN,NaN,NaN,NaN
10,NaN,NaN,NaN,NaN,NaN,NaN,NaN,NaN
11,NaN,NaN,NaN,NaN,NaN,NaN,NaN,NaN
1,NaN,NaN,NaN,NaN,NaN,NaN,NaN,NaN
2,NaN,NaN,NaN,NaN,NaN,NaN,NaN,NaN
3,NaN,NaN,NaN,NaN,NaN,NaN,NaN,NaN
4,NaN,NaN,NaN,NaN,NaN,NaN,NaN,NaN
5,NaN,NaN,NaN,NaN,NaN,NaN,NaN,NaN
6,NaN,NaN,NaN,NaN,NaN,NaN,NaN,NaN
7,NaN,NaN,NaN,NaN,NaN,NaN,NaN,NaN
8,NaN,NaN,NaN,NaN,NaN,NaN,NaN,NaN
9,NaN,NaN,NaN,NaN,NaN,NaN,NaN,NaN
10,NaN,NaN,NaN,NaN,NaN,NaN,NaN,NaN
11,NaN,NaN,NaN,NaN,NaN,NaN,NaN,NaN
1,NaN,NaN,NaN,NaN,NaN,NaN,NaN,NaN
2,NaN,NaN,NaN,NaN,NaN,NaN,NaN,NaN
3,NaN,NaN,NaN,NaN,NaN,NaN,NaN,NaN
4,NaN,NaN,NaN,NaN,NaN,NaN,NaN,NaN
5,NaN,NaN,NaN,NaN,NaN,NaN,NaN,NaN
6,NaN,NaN,NaN,NaN,NaN,NaN,NaN,NaN
7,NaN,NaN,NaN,NaN,NaN,NaN,NaN,NaN
8,NaN,NaN,NaN,NaN,NaN,NaN,NaN,NaN
9,NaN,NaN,NaN,NaN,NaN,NaN,NaN,NaN
10,NaN,NaN,NaN,NaN,NaN,NaN,NaN,NaN
11,NaN,NaN,NaN,NaN,NaN,NaN,NaN,NaN
1,NaN,NaN,NaN,NaN,NaN,NaN,NaN,NaN
2,NaN,NaN,NaN,NaN,NaN,NaN,NaN,NaN
3,NaN,NaN,NaN,NaN,NaN,NaN,NaN,NaN
4,NaN,NaN,NaN,NaN,NaN,NaN,NaN,NaN
5,NaN,NaN,NaN,NaN,NaN,NaN,NaN,NaN
6,NaN,NaN,NaN,NaN,NaN,NaN,NaN,NaN
7,NaN,NaN,NaN,NaN,NaN,NaN,NaN,NaN
8,NaN,NaN,NaN,NaN,NaN,NaN,NaN,NaN
9,NaN,NaN,NaN,NaN,NaN,NaN,NaN,NaN
10,NaN,NaN,NaN,NaN,NaN,NaN,NaN,NaN
11,NaN,NaN,NaN,NaN,NaN,NaN,NaN,NaN
1,NaN,NaN,NaN,NaN,NaN,NaN,NaN,NaN
2,NaN,NaN,NaN,NaN,NaN,NaN,NaN,NaN
3,NaN,NaN,NaN,NaN,NaN,NaN,NaN,NaN
4,NaN,NaN,NaN,NaN,NaN,NaN,NaN,NaN
5,NaN,NaN,NaN,NaN,NaN,NaN,NaN,NaN
6,NaN,NaN,NaN,NaN,NaN,NaN,NaN,NaN
7,NaN,NaN,NaN,NaN,NaN,NaN,NaN,NaN
8,NaN,NaN,NaN,NaN,NaN,NaN,NaN,NaN
9,NaN,NaN,NaN,NaN,NaN,NaN,NaN,NaN
10,NaN,NaN,NaN,NaN,NaN,NaN,NaN,NaN
11,NaN,NaN,NaN,NaN,NaN,NaN,NaN,NaN
1,NaN,NaN,NaN,NaN,NaN,NaN,NaN,NaN
2,NaN,NaN,NaN,NaN,NaN,NaN,NaN,NaN
3,NaN,NaN,NaN,NaN,NaN,NaN,NaN,NaN
4,NaN,NaN,NaN,NaN,NaN,NaN,NaN,NaN
5,NaN,NaN,NaN,NaN,NaN,NaN,NaN,NaN
6,NaN,NaN,NaN,NaN,NaN,NaN,NaN,NaN
7,NaN,NaN,NaN,NaN,NaN,NaN,NaN,NaN
8,NaN,NaN,NaN,NaN,NaN,NaN,NaN,NaN
9,NaN,NaN,NaN,NaN,NaN,NaN,NaN,NaN
10,NaN,NaN,NaN,NaN,NaN,NaN,NaN,NaN
11,NaN,NaN,NaN,NaN,NaN,NaN,NaN,NaN
1,NaN,NaN,NaN,NaN,NaN,NaN,NaN,NaN
2,NaN,NaN,NaN,NaN,NaN,NaN,NaN,NaN
3,NaN,NaN,NaN,NaN,NaN,NaN,NaN,NaN
4,NaN,NaN,NaN,NaN,NaN,NaN,NaN,NaN
5,NaN,NaN,NaN,NaN,NaN,NaN,NaN,NaN
6,NaN,NaN,NaN,NaN,NaN,NaN,NaN,NaN
7,NaN,NaN,NaN,NaN,NaN,NaN,NaN,NaN
8,NaN,NaN,NaN,NaN,NaN,NaN,NaN,NaN
9,NaN,NaN,NaN,NaN,NaN,NaN,NaN,NaN
10,NaN,NaN,NaN,NaN,NaN,NaN,NaN,NaN
11,NaN,NaN,NaN,NaN,NaN,NaN,NaN,NaN
1,NaN,NaN,NaN,NaN,NaN,NaN,NaN,NaN
2,NaN,NaN,NaN,NaN,NaN,NaN,NaN,NaN
3,NaN,NaN,NaN,NaN,NaN,NaN,NaN,NaN
4,NaN,NaN,NaN,NaN,NaN,NaN,NaN,NaN
5,NaN,NaN,NaN,NaN,NaN,NaN,NaN,NaN
6,NaN,NaN,NaN,NaN,NaN,NaN,NaN,NaN
7,NaN,NaN,NaN,NaN,NaN,NaN,NaN,NaN
8,NaN,NaN,NaN,NaN,NaN,NaN,NaN,NaN
9,NaN,NaN,NaN,NaN,NaN,NaN,NaN,NaN
10,NaN,NaN,NaN,NaN,NaN,NaN,NaN,NaN
11,NaN,NaN,NaN,NaN,NaN,NaN,NaN,NaN
1,NaN,NaN,NaN,NaN,NaN,NaN,NaN,NaN
2,NaN,NaN,NaN,NaN,NaN,NaN,NaN,NaN
3,NaN,NaN,NaN,NaN,NaN,NaN,NaN,NaN
4,NaN,NaN,NaN,NaN,NaN,NaN,NaN,NaN
5,NaN,NaN,NaN,NaN,NaN,NaN,NaN,NaN
6,NaN,NaN,NaN,NaN,NaN,NaN,NaN,NaN
7,NaN,NaN,NaN,NaN,NaN,NaN,NaN,NaN
8,NaN,NaN,NaN,NaN,NaN,NaN,NaN,NaN
9,NaN,NaN,NaN,NaN,NaN,NaN,NaN,NaN
10,NaN,NaN,NaN,NaN,NaN,NaN,NaN,NaN
11,NaN,NaN,NaN,NaN,NaN,NaN,NaN,NaN
1,NaN,NaN,NaN,NaN,NaN,NaN,NaN,NaN
2,NaN,NaN,NaN,NaN,NaN,NaN,NaN,NaN
3,NaN,NaN,NaN,NaN,NaN,NaN,NaN,NaN
4,NaN,NaN,NaN,NaN,NaN,NaN,NaN,NaN
5,NaN,NaN,NaN,NaN,NaN,NaN,NaN,NaN
6,NaN,NaN,NaN,NaN,NaN,NaN,NaN,NaN
7,NaN,NaN,NaN,NaN,NaN,NaN,NaN,NaN
8,NaN,NaN,NaN,NaN,NaN,NaN,NaN,NaN
9,NaN,NaN,NaN,NaN,NaN,NaN,NaN,NaN
10,NaN,NaN,NaN,NaN,NaN,NaN,NaN,NaN
11,NaN,NaN,NaN,NaN,NaN,NaN,NaN,NaN
1,NaN,NaN,NaN,NaN,NaN,NaN,NaN,NaN
2,NaN,NaN,NaN,NaN,NaN,NaN,NaN,NaN
3,NaN,NaN,NaN,NaN,NaN,NaN,NaN,NaN
4,NaN,NaN,NaN,NaN,NaN,NaN,NaN,NaN
5,NaN,NaN,NaN,NaN,NaN,NaN,NaN,NaN
6,NaN,NaN,NaN,NaN,NaN,NaN,NaN,NaN
7,NaN,NaN,NaN,NaN,NaN,NaN,NaN,NaN
8,NaN,NaN,NaN,NaN,NaN,NaN,NaN,NaN
9,NaN,NaN,NaN,NaN,NaN,NaN,NaN,NaN
10,NaN,NaN,NaN,NaN,NaN,NaN,NaN,NaN
11,NaN,NaN,NaN,NaN,NaN,NaN,NaN,NaN
1,NaN,NaN,NaN,NaN,NaN,NaN,NaN,NaN
2,NaN,NaN,NaN,NaN,NaN,NaN,NaN,NaN
3,NaN,NaN,NaN,NaN,NaN,NaN,NaN,NaN
4,NaN,NaN,NaN,NaN,NaN,NaN,NaN,NaN
5,NaN,NaN,NaN,NaN,NaN,NaN,NaN,NaN
6,NaN,NaN,NaN,NaN,NaN,NaN,NaN,NaN
7,NaN,NaN,NaN,NaN,NaN,NaN,NaN,NaN
8,NaN,NaN,NaN,NaN,NaN,NaN,NaN,NaN
9,NaN,NaN,NaN,NaN,NaN,NaN,NaN,NaN
10,NaN,NaN,NaN,NaN,NaN,NaN,NaN,NaN
11,NaN,NaN,NaN,NaN,NaN,NaN,NaN,NaN
1,NaN,NaN,NaN,NaN,NaN,NaN,NaN,NaN
2,NaN,NaN,NaN,NaN,NaN,NaN,NaN,NaN
3,NaN,NaN,NaN,NaN,NaN,NaN,NaN,NaN
4,NaN,NaN,NaN,NaN,NaN,NaN,NaN,NaN
5,NaN,NaN,NaN,NaN,NaN,NaN,NaN,NaN
6,NaN,NaN,NaN,NaN,NaN,NaN,NaN,NaN
7,NaN,NaN,NaN,NaN,NaN,NaN,NaN,NaN
8,NaN,NaN,NaN,NaN,NaN,NaN,NaN,NaN
9,NaN,NaN,NaN,NaN,NaN,NaN,NaN,NaN
10,NaN,NaN,NaN,NaN,NaN,NaN,NaN,NaN
11,NaN,NaN,NaN,NaN,NaN,NaN,NaN,NaN
1,NaN,NaN,NaN,NaN,NaN,NaN,NaN,NaN
2,NaN,NaN,NaN,NaN,NaN,NaN,NaN,NaN
3,NaN,NaN,NaN,NaN,NaN,NaN,NaN,NaN
4,NaN,NaN,NaN,NaN,NaN,NaN,NaN,NaN
5,NaN,NaN,NaN,NaN,NaN,NaN,NaN,NaN
6,NaN,NaN,NaN,NaN,NaN,NaN,NaN,NaN
7,NaN,NaN,NaN,NaN,NaN,NaN,NaN,NaN
8,NaN,NaN,NaN,NaN,NaN,NaN,NaN,NaN
9,NaN,NaN,NaN,NaN,NaN,NaN,NaN,NaN
10,NaN,NaN,NaN,NaN,NaN,NaN,NaN,NaN
11,NaN,NaN,NaN,NaN,NaN,NaN,NaN,NaN
1,NaN,NaN,NaN,NaN,NaN,NaN,NaN,NaN
2,NaN,NaN,NaN,NaN,NaN,NaN,NaN,NaN
3,NaN,NaN,NaN,NaN,NaN,NaN,NaN,NaN
4,NaN,NaN,NaN,NaN,NaN,NaN,NaN,NaN
5,NaN,NaN,NaN,NaN,NaN,NaN,NaN,NaN
6,NaN,NaN,NaN,NaN,NaN,NaN,NaN,NaN
7,NaN,NaN,NaN,NaN,NaN,NaN,NaN,NaN
8,NaN,NaN,NaN,NaN,NaN,NaN,NaN,NaN
9,NaN,NaN,NaN,NaN,NaN,NaN,NaN,NaN
10,NaN,NaN,NaN,NaN,NaN,NaN,NaN,NaN
11,NaN,NaN,NaN,NaN,NaN,NaN,NaN,NaN
1,NaN,NaN,NaN,NaN,NaN,NaN,NaN,NaN
2,NaN,NaN,NaN,NaN,NaN,NaN,NaN,NaN
3,NaN,NaN,NaN,NaN,NaN,NaN,NaN,NaN
4,NaN,NaN,NaN,NaN,NaN,NaN,NaN,NaN
5,NaN,NaN,NaN,NaN,NaN,NaN,NaN,NaN
6,NaN,NaN,NaN,NaN,NaN,NaN,NaN,NaN
7,NaN,NaN,NaN,NaN,NaN,NaN,NaN,NaN
8,NaN,NaN,NaN,NaN,NaN,NaN,NaN,NaN
9,NaN,NaN,NaN,NaN,NaN,NaN,NaN,NaN
10,NaN,NaN,NaN,NaN,NaN,NaN,NaN,NaN
11,NaN,NaN,NaN,NaN,NaN,NaN,NaN,NaN
1,NaN,NaN,NaN,NaN,NaN,NaN,NaN,NaN
2,NaN,NaN,NaN,NaN,NaN,NaN,NaN,NaN
3,NaN,NaN,NaN,NaN,NaN,NaN,NaN,NaN
4,NaN,NaN,NaN,NaN,NaN,NaN,NaN,NaN
5,NaN,NaN,NaN,NaN,NaN,NaN,NaN,NaN
6,NaN,NaN,NaN,NaN,NaN,NaN,NaN,NaN
7,NaN,NaN,NaN,NaN,NaN,NaN,NaN,NaN
8,NaN,NaN,NaN,NaN,NaN,NaN,NaN,NaN
9,NaN,NaN,NaN,NaN,NaN,NaN,NaN,NaN
10,NaN,NaN,NaN,NaN,NaN,NaN,NaN,NaN
11,NaN,NaN,NaN,NaN,NaN,NaN,NaN,NaN
1,NaN,NaN,NaN,NaN,NaN,NaN,NaN,NaN
2,NaN,NaN,NaN,NaN,NaN,NaN,NaN,NaN
3,NaN,NaN,NaN,NaN,NaN,NaN,NaN,NaN
4,NaN,NaN,NaN,NaN,NaN,NaN,NaN,NaN
5,NaN,NaN,NaN,NaN,NaN,NaN,NaN,NaN
6,NaN,NaN,NaN,NaN,NaN,NaN,NaN,NaN
7,NaN,NaN,NaN,NaN,NaN,NaN,NaN,NaN
8,NaN,NaN,NaN,NaN,NaN,NaN,NaN,NaN
9,NaN,NaN,NaN,NaN,NaN,NaN,NaN,NaN
10,NaN,NaN,NaN,NaN,NaN,NaN,NaN,NaN
11,NaN,NaN,NaN,NaN,NaN,NaN,NaN,NaN
1,NaN,NaN,NaN,NaN,NaN,NaN,NaN,NaN
2,NaN,NaN,NaN,NaN,NaN,NaN,NaN,NaN
3,NaN,NaN,NaN,NaN,NaN,NaN,NaN,NaN
4,NaN,NaN,NaN,NaN,NaN,NaN,NaN,NaN
5,NaN,NaN,NaN,NaN,NaN,NaN,NaN,NaN
6,NaN,NaN,NaN,NaN,NaN,NaN,NaN,NaN
7,NaN,NaN,NaN,NaN,NaN,NaN,NaN,NaN
8,NaN,NaN,NaN,NaN,NaN,NaN,NaN,NaN
9,NaN,NaN,NaN,NaN,NaN,NaN,NaN,NaN
10,NaN,NaN,NaN,NaN,NaN,NaN,NaN,NaN
11,NaN,NaN,NaN,NaN,NaN,NaN,NaN,NaN
1,NaN,NaN,NaN,NaN,NaN,NaN,NaN,NaN
2,NaN,NaN,NaN,NaN,NaN,NaN,NaN,NaN
3,NaN,NaN,NaN,NaN,NaN,NaN,NaN,NaN
4,NaN,NaN,NaN,NaN,NaN,NaN,NaN,NaN
5,NaN,NaN,NaN,NaN,NaN,NaN,NaN,NaN
6,NaN,NaN,NaN,NaN,NaN,NaN,NaN,NaN
7,NaN,NaN,NaN,NaN,NaN,NaN,NaN,NaN
8,NaN,NaN,NaN,NaN,NaN,NaN,NaN,NaN
9,NaN,NaN,NaN,NaN,NaN,NaN,NaN,NaN
10,NaN,NaN,NaN,NaN,NaN,NaN,NaN,NaN
11,NaN,NaN,NaN,NaN,NaN,NaN,NaN,NaN
1,NaN,NaN,NaN,NaN,NaN,NaN,NaN,NaN
2,NaN,NaN,NaN,NaN,NaN,NaN,NaN,NaN
3,NaN,NaN,NaN,NaN,NaN,NaN,NaN,NaN
4,NaN,NaN,NaN,NaN,NaN,NaN,NaN,NaN
5,NaN,NaN,NaN,NaN,NaN,NaN,NaN,NaN
6,NaN,NaN,NaN,NaN,NaN,NaN,NaN,NaN
7,NaN,NaN,NaN,NaN,NaN,NaN,NaN,NaN
8,NaN,NaN,NaN,NaN,NaN,NaN,NaN,NaN
9,NaN,NaN,NaN,NaN,NaN,NaN,NaN,NaN
10,NaN,NaN,NaN,NaN,NaN,NaN,NaN,NaN
11,NaN,NaN,NaN,NaN,NaN,NaN,NaN,NaN
1,NaN,NaN,NaN,NaN,NaN,NaN,NaN,NaN
2,NaN,NaN,NaN,NaN,NaN,NaN,NaN,NaN
3,NaN,NaN,NaN,NaN,NaN,NaN,NaN,NaN
4,NaN,NaN,NaN,NaN,NaN,NaN,NaN,NaN
5,NaN,NaN,NaN,NaN,NaN,NaN,NaN,NaN
6,NaN,NaN,NaN,NaN,NaN,NaN,NaN,NaN
7,NaN,NaN,NaN,NaN,NaN,NaN,NaN,NaN
8,NaN,NaN,NaN,NaN,NaN,NaN,NaN,NaN
9,NaN,NaN,NaN,NaN,NaN,NaN,NaN,NaN
10,NaN,NaN,NaN,NaN,NaN,NaN,NaN,NaN
11,NaN,NaN,NaN,NaN,NaN,NaN,NaN,NaN
1,NaN,NaN,NaN,NaN,NaN,NaN,NaN,NaN
2,NaN,NaN,NaN,NaN,NaN,NaN,NaN,NaN
3,NaN,NaN,NaN,NaN,NaN,NaN,NaN,NaN
4,NaN,NaN,NaN,NaN,NaN,NaN,NaN,NaN
5,NaN,NaN,NaN,NaN,NaN,NaN,NaN,NaN
6,NaN,NaN,NaN,NaN,NaN,NaN,NaN,NaN
7,NaN,NaN,NaN,NaN,NaN,NaN,NaN,NaN
8,NaN,NaN,NaN,NaN,NaN,NaN,NaN,NaN
9,NaN,NaN,NaN,NaN,NaN,NaN,NaN,NaN
10,NaN,NaN,NaN,NaN,NaN,NaN,NaN,NaN
11,NaN,NaN,NaN,NaN,NaN,NaN,NaN,NaN
1,NaN,NaN,NaN,NaN,NaN,NaN,NaN,NaN
2,NaN,NaN,NaN,NaN,NaN,NaN,NaN,NaN
3,NaN,NaN,NaN,NaN,NaN,NaN,NaN,NaN
4,NaN,NaN,NaN,NaN,NaN,NaN,NaN,NaN
5,NaN,NaN,NaN,NaN,NaN,NaN,NaN,NaN
6,NaN,NaN,NaN,NaN,NaN,NaN,NaN,NaN
7,NaN,NaN,NaN,NaN,NaN,NaN,NaN,NaN
8,NaN,NaN,NaN,NaN,NaN,NaN,NaN,NaN
9,NaN,NaN,NaN,NaN,NaN,NaN,NaN,NaN
10,NaN,NaN,NaN,NaN,NaN,NaN,NaN,NaN
11,NaN,NaN,NaN,NaN,NaN,NaN,NaN,NaN
1,NaN,NaN,NaN,NaN,NaN,NaN,NaN,NaN
2,NaN,NaN,NaN,NaN,NaN,NaN,NaN,NaN
3,NaN,NaN,NaN,NaN,NaN,NaN,NaN,NaN
4,NaN,NaN,NaN,NaN,NaN,NaN,NaN,NaN
5,NaN,NaN,NaN,NaN,NaN,NaN,NaN,NaN
6,NaN,NaN,NaN,NaN,NaN,NaN,NaN,NaN
7,NaN,NaN,NaN,NaN,NaN,NaN,NaN,NaN
8,NaN,NaN,NaN,NaN,NaN,NaN,NaN,NaN
9,NaN,NaN,NaN,NaN,NaN,NaN,NaN,NaN
10,NaN,NaN,NaN,NaN,NaN,NaN,NaN,NaN
11,NaN,NaN,NaN,NaN,NaN,NaN,NaN,NaN
1,NaN,NaN,NaN,NaN,NaN,NaN,NaN,NaN
2,NaN,NaN,NaN,NaN,NaN,NaN,NaN,NaN
3,NaN,NaN,NaN,NaN,NaN,NaN,NaN,NaN
4,NaN,NaN,NaN,NaN,NaN,NaN,NaN,NaN
5,NaN,NaN,NaN,NaN,NaN,NaN,NaN,NaN
6,NaN,NaN,NaN,NaN,NaN,NaN,NaN,NaN
7,NaN,NaN,NaN,NaN,NaN,NaN,NaN,NaN
8,NaN,NaN,NaN,NaN,NaN,NaN,NaN,NaN
9,NaN,NaN,NaN,NaN,NaN,NaN,NaN,NaN
10,NaN,NaN,NaN,NaN,NaN,NaN,NaN,NaN
11,NaN,NaN,NaN,NaN,NaN,NaN,NaN,NaN
1,NaN,NaN,NaN,NaN,NaN,NaN,NaN,NaN
2,NaN,NaN,NaN,NaN,NaN,NaN,NaN,NaN
3,NaN,NaN,NaN,NaN,NaN,NaN,NaN,NaN
4,NaN,NaN,NaN,NaN,NaN,NaN,NaN,NaN
5,NaN,NaN,NaN,NaN,NaN,NaN,NaN,NaN
6,NaN,NaN,NaN,NaN,NaN,NaN,NaN,NaN
7,NaN,NaN,NaN,NaN,NaN,NaN,NaN,NaN
8,NaN,NaN,NaN,NaN,NaN,NaN,NaN,NaN
9,NaN,NaN,NaN,NaN,NaN,NaN,NaN,NaN
10,NaN,NaN,NaN,NaN,NaN,NaN,NaN,NaN
11,NaN,NaN,NaN,NaN,NaN,NaN,NaN,NaN
1,NaN,NaN,NaN,NaN,NaN,NaN,NaN,NaN
2,NaN,NaN,NaN,NaN,NaN,NaN,NaN,NaN
3,NaN,NaN,NaN,NaN,NaN,NaN,NaN,NaN
4,NaN,NaN,NaN,NaN,NaN,NaN,NaN,NaN
5,NaN,NaN,NaN,NaN,NaN,NaN,NaN,NaN
6,NaN,NaN,NaN,NaN,NaN,NaN,NaN,NaN
7,NaN,NaN,NaN,NaN,NaN,NaN,NaN,NaN
8,NaN,NaN,NaN,NaN,NaN,NaN,NaN,NaN
9,NaN,NaN,NaN,NaN,NaN,NaN,NaN,NaN
10,NaN,NaN,NaN,NaN,NaN,NaN,NaN,NaN
11,NaN,NaN,NaN,NaN,NaN,NaN,NaN,NaN
1,NaN,NaN,NaN,NaN,NaN,NaN,NaN,NaN
2,NaN,NaN,NaN,NaN,NaN,NaN,NaN,NaN
3,NaN,NaN,NaN,NaN,NaN,NaN,NaN,NaN
4,NaN,NaN,NaN,NaN,NaN,NaN,NaN,NaN
5,NaN,NaN,NaN,NaN,NaN,NaN,NaN,NaN
6,NaN,NaN,NaN,NaN,NaN,NaN,NaN,NaN
7,NaN,NaN,NaN,NaN,NaN,NaN,NaN,NaN
8,NaN,NaN,NaN,NaN,NaN,NaN,NaN,NaN
9,NaN,NaN,NaN,NaN,NaN,NaN,NaN,NaN
10,NaN,NaN,NaN,NaN,NaN,NaN,NaN,NaN
11,NaN,NaN,NaN,NaN,NaN,NaN,NaN,NaN
1,NaN,NaN,NaN,NaN,NaN,NaN,NaN,NaN
2,NaN,NaN,NaN,NaN,NaN,NaN,NaN,NaN
3,NaN,NaN,NaN,NaN,NaN,NaN,NaN,NaN
4,NaN,NaN,NaN,NaN,NaN,NaN,NaN,NaN
5,NaN,NaN,NaN,NaN,NaN,NaN,NaN,NaN
6,NaN,NaN,NaN,NaN,NaN,NaN,NaN,NaN
7,NaN,NaN,NaN,NaN,NaN,NaN,NaN,NaN
8,NaN,NaN,NaN,NaN,NaN,NaN,NaN,NaN
9,NaN,NaN,NaN,NaN,NaN,NaN,NaN,NaN
10,NaN,NaN,NaN,NaN,NaN,NaN,NaN,NaN
11,NaN,NaN,NaN,NaN,NaN,NaN,NaN,NaN
1,NaN,NaN,NaN,NaN,NaN,NaN,NaN,NaN
2,NaN,NaN,NaN,NaN,NaN,NaN,NaN,NaN
3,NaN,NaN,NaN,NaN,NaN,NaN,NaN,NaN
4,NaN,NaN,NaN,NaN,NaN,NaN,NaN,NaN
5,NaN,NaN,NaN,NaN,NaN,NaN,NaN,NaN
6,NaN,NaN,NaN,NaN,NaN,NaN,NaN,NaN
7,NaN,NaN,NaN,NaN,NaN,NaN,NaN,NaN
8,NaN,NaN,NaN,NaN,NaN,NaN,NaN,NaN
9,NaN,NaN,NaN,NaN,NaN,NaN,NaN,NaN
10,NaN,NaN,NaN,NaN,NaN,NaN,NaN,NaN
11,NaN,NaN,NaN,NaN,NaN,NaN,NaN,NaN
1,NaN,NaN,NaN,NaN,NaN,NaN,NaN,NaN
2,NaN,NaN,NaN,NaN,NaN,NaN,NaN,NaN
3,NaN,NaN,NaN,NaN,NaN,NaN,NaN,NaN
4,NaN,NaN,NaN,NaN,NaN,NaN,NaN,NaN
5,NaN,NaN,NaN,NaN,NaN,NaN,NaN,NaN
6,NaN,NaN,NaN,NaN,NaN,NaN,NaN,NaN
7,NaN,NaN,NaN,NaN,NaN,NaN,NaN,NaN
8,NaN,NaN,NaN,NaN,NaN,NaN,NaN,NaN
9,NaN,NaN,NaN,NaN,NaN,NaN,NaN,NaN
10,NaN,NaN,NaN,NaN,NaN,NaN,NaN,NaN
11,NaN,NaN,NaN,NaN,NaN,NaN,NaN,NaN
1,NaN,NaN,NaN,NaN,NaN,NaN,NaN,NaN
2,NaN,NaN,NaN,NaN,NaN,NaN,NaN,NaN
3,NaN,NaN,NaN,NaN,NaN,NaN,NaN,NaN
4,NaN,NaN,NaN,NaN,NaN,NaN,NaN,NaN
5,NaN,NaN,NaN,NaN,NaN,NaN,NaN,NaN
6,NaN,NaN,NaN,NaN,NaN,NaN,NaN,NaN
7,NaN,NaN,NaN,NaN,NaN,NaN,NaN,NaN
8,NaN,NaN,NaN,NaN,NaN,NaN,NaN,NaN
9,NaN,NaN,NaN,NaN,NaN,NaN,NaN,NaN
10,NaN,NaN,NaN,NaN,NaN,NaN,NaN,NaN
11,NaN,NaN,NaN,NaN,NaN,NaN,NaN,NaN
1,NaN,NaN,NaN,NaN,NaN,NaN,NaN,NaN
2,NaN,NaN,NaN,NaN,NaN,NaN,NaN,NaN
3,NaN,NaN,NaN,NaN,NaN,NaN,NaN,NaN
4,NaN,NaN,NaN,NaN,NaN,NaN,NaN,NaN
5,NaN,NaN,NaN,NaN,NaN,NaN,NaN,NaN
6,NaN,NaN,NaN,NaN,NaN,NaN,NaN,NaN
7,NaN,NaN,NaN,NaN,NaN,NaN,NaN,NaN
8,NaN,NaN,NaN,NaN,NaN,NaN,NaN,NaN
9,NaN,NaN,NaN,NaN,NaN,NaN,NaN,NaN
10,NaN,NaN,NaN,NaN,NaN,NaN,NaN,NaN
11,NaN,NaN,NaN,NaN,NaN,NaN,NaN,NaN
1,NaN,NaN,NaN,NaN,NaN,NaN,NaN,NaN
2,NaN,NaN,NaN,NaN,NaN,NaN,NaN,NaN
3,NaN,NaN,NaN,NaN,NaN,NaN,NaN,NaN
4,NaN,NaN,NaN,NaN,NaN,NaN,NaN,NaN
5,NaN,NaN,NaN,NaN,NaN,NaN,NaN,NaN
6,NaN,NaN,NaN,NaN,NaN,NaN,NaN,NaN
7,NaN,NaN,NaN,NaN,NaN,NaN,NaN,NaN
8,NaN,NaN,NaN,NaN,NaN,NaN,NaN,NaN
9,NaN,NaN,NaN,NaN,NaN,NaN,NaN,NaN
10,NaN,NaN,NaN,NaN,NaN,NaN,NaN,NaN
11,NaN,NaN,NaN,NaN,NaN,NaN,NaN,NaN
1,NaN,NaN,NaN,NaN,NaN,NaN,NaN,NaN
2,NaN,NaN,NaN,NaN,NaN,NaN,NaN,NaN
3,NaN,NaN,NaN,NaN,NaN,NaN,NaN,NaN
4,NaN,NaN,NaN,NaN,NaN,NaN,NaN,NaN
5,NaN,NaN,NaN,NaN,NaN,NaN,NaN,NaN
6,NaN,NaN,NaN,NaN,NaN,NaN,NaN,NaN
7,NaN,NaN,NaN,NaN,NaN,NaN,NaN,NaN
8,NaN,NaN,NaN,NaN,NaN,NaN,NaN,NaN
9,NaN,NaN,NaN,NaN,NaN,NaN,NaN,NaN
10,NaN,NaN,NaN,NaN,NaN,NaN,NaN,NaN
11,NaN,NaN,NaN,NaN,NaN,NaN,NaN,NaN
1,NaN,NaN,NaN,NaN,NaN,NaN,NaN,NaN
2,NaN,NaN,NaN,NaN,NaN,NaN,NaN,NaN
3,NaN,NaN,NaN,NaN,NaN,NaN,NaN,NaN
4,NaN,NaN,NaN,NaN,NaN,NaN,NaN,NaN
5,NaN,NaN,NaN,NaN,NaN,NaN,NaN,NaN
6,NaN,NaN,NaN,NaN,NaN,NaN,NaN,NaN
7,NaN,NaN,NaN,NaN,NaN,NaN,NaN,NaN
8,NaN,NaN,NaN,NaN,NaN,NaN,NaN,NaN
9,NaN,NaN,NaN,NaN,NaN,NaN,NaN,NaN
10,NaN,NaN,NaN,NaN,NaN,NaN,NaN,NaN
11,NaN,NaN,NaN,NaN,NaN,NaN,NaN,NaN
1,NaN,NaN,NaN,NaN,NaN,NaN,NaN,NaN
2,NaN,NaN,NaN,NaN,NaN,NaN,NaN,NaN
3,NaN,NaN,NaN,NaN,NaN,NaN,NaN,NaN
4,NaN,NaN,NaN,NaN,NaN,NaN,NaN,NaN
5,NaN,NaN,NaN,NaN,NaN,NaN,NaN,NaN
6,NaN,NaN,NaN,NaN,NaN,NaN,NaN,NaN
7,NaN,NaN,NaN,NaN,NaN,NaN,NaN,NaN
8,NaN,NaN,NaN,NaN,NaN,NaN,NaN,NaN
9,NaN,NaN,NaN,NaN,NaN,NaN,NaN,NaN
10,NaN,NaN,NaN,NaN,NaN,NaN,NaN,NaN
11,NaN,NaN,NaN,NaN,NaN,NaN,NaN,NaN
1,NaN,NaN,NaN,NaN,NaN,NaN,NaN,NaN
2,NaN,NaN,NaN,NaN,NaN,NaN,NaN,NaN
3,NaN,NaN,NaN,NaN,NaN,NaN,NaN,NaN
4,NaN,NaN,NaN,NaN,NaN,NaN,NaN,NaN
5,NaN,NaN,NaN,NaN,NaN,NaN,NaN,NaN
6,NaN,NaN,NaN,NaN,NaN,NaN,NaN,NaN
7,NaN,NaN,NaN,NaN,NaN,NaN,NaN,NaN
8,NaN,NaN,NaN,NaN,NaN,NaN,NaN,NaN
9,NaN,NaN,NaN,NaN,NaN,NaN,NaN,NaN
10,NaN,NaN,NaN,NaN,NaN,NaN,NaN,NaN
11,NaN,NaN,NaN,NaN,NaN,NaN,NaN,NaN
1,NaN,NaN,NaN,NaN,NaN,NaN,NaN,NaN
2,NaN,NaN,NaN,NaN,NaN,NaN,NaN,NaN
3,NaN,NaN,NaN,NaN,NaN,NaN,NaN,NaN
4,NaN,NaN,NaN,NaN,NaN,NaN,NaN,NaN
5,NaN,NaN,NaN,NaN,NaN,NaN,NaN,NaN
6,NaN,NaN,NaN,NaN,NaN,NaN,NaN,NaN
7,NaN,NaN,NaN,NaN,NaN,NaN,NaN,NaN
8,NaN,NaN,NaN,NaN,NaN,NaN,NaN,NaN
9,NaN,NaN,NaN,NaN,NaN,NaN,NaN,NaN
10,NaN,NaN,NaN,NaN,NaN,NaN,NaN,NaN
11,NaN,NaN,NaN,NaN,NaN,NaN,NaN,NaN
1,NaN,NaN,NaN,NaN,NaN,NaN,NaN,NaN
2,NaN,NaN,NaN,NaN,NaN,NaN,NaN,NaN
3,NaN,NaN,NaN,NaN,NaN,NaN,NaN,NaN
4,NaN,NaN,NaN,NaN,NaN,NaN,NaN,NaN
5,NaN,NaN,NaN,NaN,NaN,NaN,NaN,NaN
6,NaN,NaN,NaN,NaN,NaN,NaN,NaN,NaN
7,NaN,NaN,NaN,NaN,NaN,NaN,NaN,NaN
8,NaN,NaN,NaN,NaN,NaN,NaN,NaN,NaN
9,NaN,NaN,NaN,NaN,NaN,NaN,NaN,NaN
10,NaN,NaN,NaN,NaN,NaN,NaN,NaN,NaN
11,NaN,NaN,NaN,NaN,NaN,NaN,NaN,NaN
1,NaN,NaN,NaN,NaN,NaN,NaN,NaN,NaN
2,NaN,NaN,NaN,NaN,NaN,NaN,NaN,NaN
3,NaN,NaN,NaN,NaN,NaN,NaN,NaN,NaN
4,NaN,NaN,NaN,NaN,NaN,NaN,NaN,NaN
5,NaN,NaN,NaN,NaN,NaN,NaN,NaN,NaN
6,NaN,NaN,NaN,NaN,NaN,NaN,NaN,NaN
7,NaN,NaN,NaN,NaN,NaN,NaN,NaN,NaN
8,NaN,NaN,NaN,NaN,NaN,NaN,NaN,NaN
9,NaN,NaN,NaN,NaN,NaN,NaN,NaN,NaN
10,NaN,NaN,NaN,NaN,NaN,NaN,NaN,NaN
11,NaN,NaN,NaN,NaN,NaN,NaN,NaN,NaN
1,NaN,NaN,NaN,NaN,NaN,NaN,NaN,NaN
2,NaN,NaN,NaN,NaN,NaN,NaN,NaN,NaN
3,NaN,NaN,NaN,NaN,NaN,NaN,NaN,NaN
4,NaN,NaN,NaN,NaN,NaN,NaN,NaN,NaN
5,NaN,NaN,NaN,NaN,NaN,NaN,NaN,NaN
6,NaN,NaN,NaN,NaN,NaN,NaN,NaN,NaN
7,NaN,NaN,NaN,NaN,NaN,NaN,NaN,NaN
8,NaN,NaN,NaN,NaN,NaN,NaN,NaN,NaN
9,NaN,NaN,NaN,NaN,NaN,NaN,NaN,NaN
10,NaN,NaN,NaN,NaN,NaN,NaN,NaN,NaN
11,NaN,NaN,NaN,NaN,NaN,NaN,NaN,NaN
1,NaN,NaN,NaN,NaN,NaN,NaN,NaN,NaN
2,NaN,NaN,NaN,NaN,NaN,NaN,NaN,NaN
3,NaN,NaN,NaN,NaN,NaN,NaN,NaN,NaN
4,NaN,NaN,NaN,NaN,NaN,NaN,NaN,NaN
5,NaN,NaN,NaN,NaN,NaN,NaN,NaN,NaN
6,NaN,NaN,NaN,NaN,NaN,NaN,NaN,NaN
7,NaN,NaN,NaN,NaN,NaN,NaN,NaN,NaN
8,NaN,NaN,NaN,NaN,NaN,NaN,NaN,NaN
9,NaN,NaN,NaN,NaN,NaN,NaN,NaN,NaN
10,NaN,NaN,NaN,NaN,NaN,NaN,NaN,NaN
11,NaN,NaN,NaN,NaN,NaN,NaN,NaN,NaN
1,NaN,NaN,NaN,NaN,NaN,NaN,NaN,NaN
2,NaN,NaN,NaN,NaN,NaN,NaN,NaN,NaN
3,NaN,NaN,NaN,NaN,NaN,NaN,NaN,NaN
4,NaN,NaN,NaN,NaN,NaN,NaN,NaN,NaN
5,NaN,NaN,NaN,NaN,NaN,NaN,NaN,NaN
6,NaN,NaN,NaN,NaN,NaN,NaN,NaN,NaN
7,NaN,NaN,NaN,NaN,NaN,NaN,NaN,NaN
8,NaN,NaN,NaN,NaN,NaN,NaN,NaN,NaN
9,NaN,NaN,NaN,NaN,NaN,NaN,NaN,NaN
10,NaN,NaN,NaN,NaN,NaN,NaN,NaN,NaN
11,NaN,NaN,NaN,NaN,NaN,NaN,NaN,NaN
1,NaN,NaN,NaN,NaN,NaN,NaN,NaN,NaN
2,NaN,NaN,NaN,NaN,NaN,NaN,NaN,NaN
3,NaN,NaN,NaN,NaN,NaN,NaN,NaN,NaN
4,NaN,NaN,NaN,NaN,NaN,NaN,NaN,NaN
5,NaN,NaN,NaN,NaN,NaN,NaN,NaN,NaN
6,NaN,NaN,NaN,NaN,NaN,NaN,NaN,NaN
7,NaN,NaN,NaN,NaN,NaN,NaN,NaN,NaN
8,NaN,NaN,NaN,NaN,NaN,NaN,NaN,NaN
9,NaN,NaN,NaN,NaN,NaN,NaN,NaN,NaN
10,NaN,NaN,NaN,NaN,NaN,NaN,NaN,NaN
11,NaN,NaN,NaN,NaN,NaN,NaN,NaN,NaN
1,NaN,NaN,NaN,NaN,NaN,NaN,NaN,NaN
2,NaN,NaN,NaN,NaN,NaN,NaN,NaN,NaN
3,NaN,NaN,NaN,NaN,NaN,NaN,NaN,NaN
4,NaN,NaN,NaN,NaN,NaN,NaN,NaN,NaN
5,NaN,NaN,NaN,NaN,NaN,NaN,NaN,NaN
6,NaN,NaN,NaN,NaN,NaN,NaN,NaN,NaN
7,NaN,NaN,NaN,NaN,NaN,NaN,NaN,NaN
8,NaN,NaN,NaN,NaN,NaN,NaN,NaN,NaN
9,NaN,NaN,NaN,NaN,NaN,NaN,NaN,NaN
10,NaN,NaN,NaN,NaN,NaN,NaN,NaN,NaN
11,NaN,NaN,NaN,NaN,NaN,NaN,NaN,NaN
1,NaN,NaN,NaN,NaN,NaN,NaN,NaN,NaN
2,NaN,NaN,NaN,NaN,NaN,NaN,NaN,NaN
3,NaN,NaN,NaN,NaN,NaN,NaN,NaN,NaN
4,NaN,NaN,NaN,NaN,NaN,NaN,NaN,NaN
5,NaN,NaN,NaN,NaN,NaN,NaN,NaN,NaN
6,NaN,NaN,NaN,NaN,NaN,NaN,NaN,NaN
7,NaN,NaN,NaN,NaN,NaN,NaN,NaN,NaN
8,NaN,NaN,NaN,NaN,NaN,NaN,NaN,NaN
9,NaN,NaN,NaN,NaN,NaN,NaN,NaN,NaN
10,NaN,NaN,NaN,NaN,NaN,NaN,NaN,NaN
11,NaN,NaN,NaN,NaN,NaN,NaN,NaN,NaN
1,NaN,NaN,NaN,NaN,NaN,NaN,NaN,NaN
2,NaN,NaN,NaN,NaN,NaN,NaN,NaN,NaN
3,NaN,NaN,NaN,NaN,NaN,NaN,NaN,NaN
4,NaN,NaN,NaN,NaN,NaN,NaN,NaN,NaN
5,NaN,NaN,NaN,NaN,NaN,NaN,NaN,NaN
6,NaN,NaN,NaN,NaN,NaN,NaN,NaN,NaN
7,NaN,NaN,NaN,NaN,NaN,NaN,NaN,NaN
8,NaN,NaN,NaN,NaN,NaN,NaN,NaN,NaN
9,NaN,NaN,NaN,NaN,NaN,NaN,NaN,NaN
10,NaN,NaN,NaN,NaN,NaN,NaN,NaN,NaN
11,NaN,NaN,NaN,NaN,NaN,NaN,NaN,NaN
1,NaN,NaN,NaN,NaN,NaN,NaN,NaN,NaN
2,NaN,NaN,NaN,NaN,NaN,NaN,NaN,NaN
3,NaN,NaN,NaN,NaN,NaN,NaN,NaN,NaN
4,NaN,NaN,NaN,NaN,NaN,NaN,NaN,NaN
5,NaN,NaN,NaN,NaN,NaN,NaN,NaN,NaN
6,NaN,NaN,NaN,NaN,NaN,NaN,NaN,NaN
7,NaN,NaN,NaN,NaN,NaN,NaN,NaN,NaN
8,NaN,NaN,NaN,NaN,NaN,NaN,NaN,NaN
9,NaN,NaN,NaN,NaN,NaN,NaN,NaN,NaN
10,NaN,NaN,NaN,NaN,NaN,NaN,NaN,NaN
11,NaN,NaN,NaN,NaN,NaN,NaN,NaN,NaN
1,NaN,NaN,NaN,NaN,NaN,NaN,NaN,NaN
2,NaN,NaN,NaN,NaN,NaN,NaN,NaN,NaN
3,NaN,NaN,NaN,NaN,NaN,NaN,NaN,NaN
4,NaN,NaN,NaN,NaN,NaN,NaN,NaN,NaN
5,NaN,NaN,NaN,NaN,NaN,NaN,NaN,NaN
6,NaN,NaN,NaN,NaN,NaN,NaN,NaN,NaN
7,NaN,NaN,NaN,NaN,NaN,NaN,NaN,NaN
8,NaN,NaN,NaN,NaN,NaN,NaN,NaN,NaN
9,NaN,NaN,NaN,NaN,NaN,NaN,NaN,NaN
10,NaN,NaN,NaN,NaN,NaN,NaN,NaN,NaN
11,NaN,NaN,NaN,NaN,NaN,NaN,NaN,NaN
1,NaN,NaN,NaN,NaN,NaN,NaN,NaN,NaN
2,NaN,NaN,NaN,NaN,NaN,NaN,NaN,NaN
3,NaN,NaN,NaN,NaN,NaN,NaN,NaN,NaN
4,NaN,NaN,NaN,NaN,NaN,NaN,NaN,NaN
5,NaN,NaN,NaN,NaN,NaN,NaN,NaN,NaN
6,NaN,NaN,NaN,NaN,NaN,NaN,NaN,NaN
7,NaN,NaN,NaN,NaN,NaN,NaN,NaN,NaN
8,NaN,NaN,NaN,NaN,NaN,NaN,NaN,NaN
9,NaN,NaN,NaN,NaN,NaN,NaN,NaN,NaN
10,NaN,NaN,NaN,NaN,NaN,NaN,NaN,NaN
11,NaN,NaN,NaN,NaN,NaN,NaN,NaN,NaN
1,NaN,NaN,NaN,NaN,NaN,NaN,NaN,NaN
2,NaN,NaN,NaN,NaN,NaN,NaN,NaN,NaN
3,NaN,NaN,NaN,NaN,NaN,NaN,NaN,NaN
4,NaN,NaN,NaN,NaN,NaN,NaN,NaN,NaN
5,NaN,NaN,NaN,NaN,NaN,NaN,NaN,NaN
6,NaN,NaN,NaN,NaN,NaN,NaN,NaN,NaN
7,NaN,NaN,NaN,NaN,NaN,NaN,NaN,NaN
8,NaN,NaN,NaN,NaN,NaN,NaN,NaN,NaN
9,NaN,NaN,NaN,NaN,NaN,NaN,NaN,NaN
10,NaN,NaN,NaN,NaN,NaN,NaN,NaN,NaN
11,NaN,NaN,NaN,NaN,NaN,NaN,NaN,NaN
1,NaN,NaN,NaN,NaN,NaN,NaN,NaN,NaN
2,NaN,NaN,NaN,NaN,NaN,NaN,NaN,NaN
3,NaN,NaN,NaN,NaN,NaN,NaN,NaN,NaN
4,NaN,NaN,NaN,NaN,NaN,NaN,NaN,NaN
5,NaN,NaN,NaN,NaN,NaN,NaN,NaN,NaN
6,NaN,NaN,NaN,NaN,NaN,NaN,NaN,NaN
7,NaN,NaN,NaN,NaN,NaN,NaN,NaN,NaN
8,NaN,NaN,NaN,NaN,NaN,NaN,NaN,NaN
9,NaN,NaN,NaN,NaN,NaN,NaN,NaN,NaN
10,NaN,NaN,NaN,NaN,NaN,NaN,NaN,NaN
11,NaN,NaN,NaN,NaN,NaN,NaN,NaN,NaN
1,NaN,NaN,NaN,NaN,NaN,NaN,NaN,NaN
2,NaN,NaN,NaN,NaN,NaN,NaN,NaN,NaN
3,NaN,NaN,NaN,NaN,NaN,NaN,NaN,NaN
4,NaN,NaN,NaN,NaN,NaN,NaN,NaN,NaN
5,NaN,NaN,NaN,NaN,NaN,NaN,NaN,NaN
6,NaN,NaN,NaN,NaN,NaN,NaN,NaN,NaN
7,NaN,NaN,NaN,NaN,NaN,NaN,NaN,NaN
8,NaN,NaN,NaN,NaN,NaN,NaN,NaN,NaN
9,NaN,NaN,NaN,NaN,NaN,NaN,NaN,NaN
10,NaN,NaN,NaN,NaN,NaN,NaN,NaN,NaN
11,NaN,NaN,NaN,NaN,NaN,NaN,NaN,NaN
1,NaN,NaN,NaN,NaN,NaN,NaN,NaN,NaN
2,NaN,NaN,NaN,NaN,NaN,NaN,NaN,NaN
3,NaN,NaN,NaN,NaN,NaN,NaN,NaN,NaN
4,NaN,NaN,NaN,NaN,NaN,NaN,NaN,NaN
5,NaN,NaN,NaN,NaN,NaN,NaN,NaN,NaN
6,NaN,NaN,NaN,NaN,NaN,NaN,NaN,NaN
7,NaN,NaN,NaN,NaN,NaN,NaN,NaN,NaN
8,NaN,NaN,NaN,NaN,NaN,NaN,NaN,NaN
9,NaN,NaN,NaN,NaN,NaN,NaN,NaN,NaN
10,NaN,NaN,NaN,NaN,NaN,NaN,NaN,NaN
11,NaN,NaN,NaN,NaN,NaN,NaN,NaN,NaN
1,NaN,NaN,NaN,NaN,NaN,NaN,NaN,NaN
2,NaN,NaN,NaN,NaN,NaN,NaN,NaN,NaN
3,NaN,NaN,NaN,NaN,NaN,NaN,NaN,NaN
4,NaN,NaN,NaN,NaN,NaN,NaN,NaN,NaN
5,NaN,NaN,NaN,NaN,NaN,NaN,NaN,NaN
6,NaN,NaN,NaN,NaN,NaN,NaN,NaN,NaN
7,NaN,NaN,NaN,NaN,NaN,NaN,NaN,NaN
8,NaN,NaN,NaN,NaN,NaN,NaN,NaN,NaN
9,NaN,NaN,NaN,NaN,NaN,NaN,NaN,NaN
10,NaN,NaN,NaN,NaN,NaN,NaN,NaN,NaN
11,NaN,NaN,NaN,NaN,NaN,NaN,NaN,NaN
1,NaN,NaN,NaN,NaN,NaN,NaN,NaN,NaN
2,NaN,NaN,NaN,NaN,NaN,NaN,NaN,NaN
3,NaN,NaN,NaN,NaN,NaN,NaN,NaN,NaN
4,NaN,NaN,NaN,NaN,NaN,NaN,NaN,NaN
5,NaN,NaN,NaN,NaN,NaN,NaN,NaN,NaN
6,NaN,NaN,NaN,NaN,NaN,NaN,NaN,NaN
7,NaN,NaN,NaN,NaN,NaN,NaN,NaN,NaN
8,NaN,NaN,NaN,NaN,NaN,NaN,NaN,NaN
9,NaN,NaN,NaN,NaN,NaN,NaN,NaN,NaN
10,NaN,NaN,NaN,NaN,NaN,NaN,NaN,NaN
11,NaN,NaN,NaN,NaN,NaN,NaN,NaN,NaN
1,NaN,NaN,NaN,NaN,NaN,NaN,NaN,NaN
2,NaN,NaN,NaN,NaN,NaN,NaN,NaN,NaN
3,NaN,NaN,NaN,NaN,NaN,NaN,NaN,NaN
4,NaN,NaN,NaN,NaN,NaN,NaN,NaN,NaN
5,NaN,NaN,NaN,NaN,NaN,NaN,NaN,NaN
6,NaN,NaN,NaN,NaN,NaN,NaN,NaN,NaN
7,NaN,NaN,NaN,NaN,NaN,NaN,NaN,NaN
8,NaN,NaN,NaN,NaN,NaN,NaN,NaN,NaN
9,NaN,NaN,NaN,NaN,NaN,NaN,NaN,NaN
10,NaN,NaN,NaN,NaN,NaN,NaN,NaN,NaN
11,NaN,NaN,NaN,NaN,NaN,NaN,NaN,NaN
1,NaN,NaN,NaN,NaN,NaN,NaN,NaN,NaN
2,NaN,NaN,NaN,NaN,NaN,NaN,NaN,NaN
3,NaN,NaN,NaN,NaN,NaN,NaN,NaN,NaN
4,NaN,NaN,NaN,NaN,NaN,NaN,NaN,NaN
5,NaN,NaN,NaN,NaN,NaN,NaN,NaN,NaN
6,NaN,NaN,NaN,NaN,NaN,NaN,NaN,NaN
7,NaN,NaN,NaN,NaN,NaN,NaN,NaN,NaN
8,NaN,NaN,NaN,NaN,NaN,NaN,NaN,NaN
9,NaN,NaN,NaN,NaN,NaN,NaN,NaN,NaN
10,NaN,NaN,NaN,NaN,NaN,NaN,NaN,NaN
11,NaN,NaN,NaN,NaN,NaN,NaN,NaN,NaN
1,NaN,NaN,NaN,NaN,NaN,NaN,NaN,NaN
2,NaN,NaN,NaN,NaN,NaN,NaN,NaN,NaN
3,NaN,NaN,NaN,NaN,NaN,NaN,NaN,NaN
4,NaN,NaN,NaN,NaN,NaN,NaN,NaN,NaN
5,NaN,NaN,NaN,NaN,NaN,NaN,NaN,NaN
6,NaN,NaN,NaN,NaN,NaN,NaN,NaN,NaN
7,NaN,NaN,NaN,NaN,NaN,NaN,NaN,NaN
8,NaN,NaN,NaN,NaN,NaN,NaN,NaN,NaN
9,NaN,NaN,NaN,NaN,NaN,NaN,NaN,NaN
10,NaN,NaN,NaN,NaN,NaN,NaN,NaN,NaN
11,NaN,NaN,NaN,NaN,NaN,NaN,NaN,NaN
1,NaN,NaN,NaN,NaN,NaN,NaN,NaN,NaN
2,NaN,NaN,NaN,NaN,NaN,NaN,NaN,NaN
3,NaN,NaN,NaN,NaN,NaN,NaN,NaN,NaN
4,NaN,NaN,NaN,NaN,NaN,NaN,NaN,NaN
5,NaN,NaN,NaN,NaN,NaN,NaN,NaN,NaN
6,NaN,NaN,NaN,NaN,NaN,NaN,NaN,NaN
7,NaN,NaN,NaN,NaN,NaN,NaN,NaN,NaN
8,NaN,NaN,NaN,NaN,NaN,NaN,NaN,NaN
9,NaN,NaN,NaN,NaN,NaN,NaN,NaN,NaN
10,NaN,NaN,NaN,NaN,NaN,NaN,NaN,NaN
11,NaN,NaN,NaN,NaN,NaN,NaN,NaN,NaN
1,NaN,NaN,NaN,NaN,NaN,NaN,NaN,NaN
2,NaN,NaN,NaN,NaN,NaN,NaN,NaN,NaN
3,NaN,NaN,NaN,NaN,NaN,NaN,NaN,NaN
4,NaN,NaN,NaN,NaN,NaN,NaN,NaN,NaN
5,NaN,NaN,NaN,NaN,NaN,NaN,NaN,NaN
6,NaN,NaN,NaN,NaN,NaN,NaN,NaN,NaN
7,NaN,NaN,NaN,NaN,NaN,NaN,NaN,NaN
8,NaN,NaN,NaN,NaN,NaN,NaN,NaN,NaN
9,NaN,NaN,NaN,NaN,NaN,NaN,NaN,NaN
10,NaN,NaN,NaN,NaN,NaN,NaN,NaN,NaN
11,NaN,NaN,NaN,NaN,NaN,NaN,NaN,NaN
1,NaN,NaN,NaN,NaN,NaN,NaN,NaN,NaN
2,NaN,NaN,NaN,NaN,NaN,NaN,NaN,NaN
3,NaN,NaN,NaN,NaN,NaN,NaN,NaN,NaN
4,NaN,NaN,NaN,NaN,NaN,NaN,NaN,NaN
5,NaN,NaN,NaN,NaN,NaN,NaN,NaN,NaN
6,NaN,NaN,NaN,NaN,NaN,NaN,NaN,NaN
7,NaN,NaN,NaN,NaN,NaN,NaN,NaN,NaN
8,NaN,NaN,NaN,NaN,NaN,NaN,NaN,NaN
9,NaN,NaN,NaN,NaN,NaN,NaN,NaN,NaN
10,NaN,NaN,NaN,NaN,NaN,NaN,NaN,NaN
11,NaN,NaN,NaN,NaN,NaN,NaN,NaN,NaN
1,NaN,NaN,NaN,NaN,NaN,NaN,NaN,NaN
2,NaN,NaN,NaN,NaN,NaN,NaN,NaN,NaN
3,NaN,NaN,NaN,NaN,NaN,NaN,NaN,NaN
4,NaN,NaN,NaN,NaN,NaN,NaN,NaN,NaN
5,NaN,NaN,NaN,NaN,NaN,NaN,NaN,NaN
6,NaN,NaN,NaN,NaN,NaN,NaN,NaN,NaN
7,NaN,NaN,NaN,NaN,NaN,NaN,NaN,NaN
8,NaN,NaN,NaN,NaN,NaN,NaN,NaN,NaN
9,NaN,NaN,NaN,NaN,NaN,NaN,NaN,NaN
10,NaN,NaN,NaN,NaN,NaN,NaN,NaN,NaN
11,NaN,NaN,NaN,NaN,NaN,NaN,NaN,NaN
1,NaN,NaN,NaN,NaN,NaN,NaN,NaN,NaN
2,NaN,NaN,NaN,NaN,NaN,NaN,NaN,NaN
3,NaN,NaN,NaN,NaN,NaN,NaN,NaN,NaN
4,NaN,NaN,NaN,NaN,NaN,NaN,NaN,NaN
5,NaN,NaN,NaN,NaN,NaN,NaN,NaN,NaN
6,NaN,NaN,NaN,NaN,NaN,NaN,NaN,NaN
7,NaN,NaN,NaN,NaN,NaN,NaN,NaN,NaN
8,NaN,NaN,NaN,NaN,NaN,NaN,NaN,NaN
9,NaN,NaN,NaN,NaN,NaN,NaN,NaN,NaN
10,NaN,NaN,NaN,NaN,NaN,NaN,NaN,NaN
11,NaN,NaN,NaN,NaN,NaN,NaN,NaN,NaN
1,NaN,NaN,NaN,NaN,NaN,NaN,NaN,NaN
2,NaN,NaN,NaN,NaN,NaN,NaN,NaN,NaN
3,NaN,NaN,NaN,NaN,NaN,NaN,NaN,NaN
4,NaN,NaN,NaN,NaN,NaN,NaN,NaN,NaN
5,NaN,NaN,NaN,NaN,NaN,NaN,NaN,NaN
6,NaN,NaN,NaN,NaN,NaN,NaN,NaN,NaN
7,NaN,NaN,NaN,NaN,NaN,NaN,NaN,NaN
8,NaN,NaN,NaN,NaN,NaN,NaN,NaN,NaN
9,NaN,NaN,NaN,NaN,NaN,NaN,NaN,NaN
10,NaN,NaN,NaN,NaN,NaN,NaN,NaN,NaN
11,NaN,NaN,NaN,NaN,NaN,NaN,NaN,NaN
1,NaN,NaN,NaN,NaN,NaN,NaN,NaN,NaN
2,NaN,NaN,NaN,NaN,NaN,NaN,NaN,NaN
3,NaN,NaN,NaN,NaN,NaN,NaN,NaN,NaN
4,NaN,NaN,NaN,NaN,NaN,NaN,NaN,NaN
5,NaN,NaN,NaN,NaN,NaN,NaN,NaN,NaN
6,NaN,NaN,NaN,NaN,NaN,NaN,NaN,NaN
7,NaN,NaN,NaN,NaN,NaN,NaN,NaN,NaN
8,NaN,NaN,NaN,NaN,NaN,NaN,NaN,NaN
9,NaN,NaN,NaN,NaN,NaN,NaN,NaN,NaN
10,NaN,NaN,NaN,NaN,NaN,NaN,NaN,NaN
11,NaN,NaN,NaN,NaN,NaN,NaN,NaN,NaN
1,NaN,NaN,NaN,NaN,NaN,NaN,NaN,NaN
2,NaN,NaN,NaN,NaN,NaN,NaN,NaN,NaN
3,NaN,NaN,NaN,NaN,NaN,NaN,NaN,NaN
4,NaN,NaN,NaN,NaN,NaN,NaN,NaN,NaN
5,NaN,NaN,NaN,NaN,NaN,NaN,NaN,NaN
6,NaN,NaN,NaN,NaN,NaN,NaN,NaN,NaN
7,NaN,NaN,NaN,NaN,NaN,NaN,NaN,NaN
8,NaN,NaN,NaN,NaN,NaN,NaN,NaN,NaN
9,NaN,NaN,NaN,NaN,NaN,NaN,NaN,NaN
10,NaN,NaN,NaN,NaN,NaN,NaN,NaN,NaN
11,NaN,NaN,NaN,NaN,NaN,NaN,NaN,NaN
1,NaN,NaN,NaN,NaN,NaN,NaN,NaN,NaN
2,NaN,NaN,NaN,NaN,NaN,NaN,NaN,NaN
3,NaN,NaN,NaN,NaN,NaN,NaN,NaN,NaN
4,NaN,NaN,NaN,NaN,NaN,NaN,NaN,NaN
5,NaN,NaN,NaN,NaN,NaN,NaN,NaN,NaN
6,NaN,NaN,NaN,NaN,NaN,NaN,NaN,NaN
7,NaN,NaN,NaN,NaN,NaN,NaN,NaN,NaN
8,NaN,NaN,NaN,NaN,NaN,NaN,NaN,NaN
9,NaN,NaN,NaN,NaN,NaN,NaN,NaN,NaN
10,NaN,NaN,NaN,NaN,NaN,NaN,NaN,NaN
11,NaN,NaN,NaN,NaN,NaN,NaN,NaN,NaN
1,NaN,NaN,NaN,NaN,NaN,NaN,NaN,NaN
2,NaN,NaN,NaN,NaN,NaN,NaN,NaN,NaN
3,NaN,NaN,NaN,NaN,NaN,NaN,NaN,NaN
4,NaN,NaN,NaN,NaN,NaN,NaN,NaN,NaN
5,NaN,NaN,NaN,NaN,NaN,NaN,NaN,NaN
6,NaN,NaN,NaN,NaN,NaN,NaN,NaN,NaN
7,NaN,NaN,NaN,NaN,NaN,NaN,NaN,NaN
8,NaN,NaN,NaN,NaN,NaN,NaN,NaN,NaN
9,NaN,NaN,NaN,NaN,NaN,NaN,NaN,NaN
10,NaN,NaN,NaN,NaN,NaN,NaN,NaN,NaN
11,NaN,NaN,NaN,NaN,NaN,NaN,NaN,NaN
1,NaN,NaN,NaN,NaN,NaN,NaN,NaN,NaN
2,NaN,NaN,NaN,NaN,NaN,NaN,NaN,NaN
3,NaN,NaN,NaN,NaN,NaN,NaN,NaN,NaN
4,NaN,NaN,NaN,NaN,NaN,NaN,NaN,NaN
5,NaN,NaN,NaN,NaN,NaN,NaN,NaN,NaN
6,NaN,NaN,NaN,NaN,NaN,NaN,NaN,NaN
7,NaN,NaN,NaN,NaN,NaN,NaN,NaN,NaN
8,NaN,NaN,NaN,NaN,NaN,NaN,NaN,NaN
9,NaN,NaN,NaN,NaN,NaN,NaN,NaN,NaN
10,NaN,NaN,NaN,NaN,NaN,NaN,NaN,NaN
11,NaN,NaN,NaN,NaN,NaN,NaN,NaN,NaN
1,NaN,NaN,NaN,NaN,NaN,NaN,NaN,NaN
2,NaN,NaN,NaN,NaN,NaN,NaN,NaN,NaN
3,NaN,NaN,NaN,NaN,NaN,NaN,NaN,NaN
4,NaN,NaN,NaN,NaN,NaN,NaN,NaN,NaN
5,NaN,NaN,NaN,NaN,NaN,NaN,NaN,NaN
6,NaN,NaN,NaN,NaN,NaN,NaN,NaN,NaN
7,NaN,NaN,NaN,NaN,NaN,NaN,NaN,NaN
8,NaN,NaN,NaN,NaN,NaN,NaN,NaN,NaN
9,NaN,NaN,NaN,NaN,NaN,NaN,NaN,NaN
10,NaN,NaN,NaN,NaN,NaN,NaN,NaN,NaN
11,NaN,NaN,NaN,NaN,NaN,NaN,NaN,NaN
1,NaN,NaN,NaN,NaN,NaN,NaN,NaN,NaN
2,NaN,NaN,NaN,NaN,NaN,NaN,NaN,NaN
3,NaN,NaN,NaN,NaN,NaN,NaN,NaN,NaN
4,NaN,NaN,NaN,NaN,NaN,NaN,NaN,NaN
5,NaN,NaN,NaN,NaN,NaN,NaN,NaN,NaN
6,NaN,NaN,NaN,NaN,NaN,NaN,NaN,NaN
7,NaN,NaN,NaN,NaN,NaN,NaN,NaN,NaN
8,NaN,NaN,NaN,NaN,NaN,NaN,NaN,NaN
9,NaN,NaN,NaN,NaN,NaN,NaN,NaN,NaN
10,NaN,NaN,NaN,NaN,NaN,NaN,NaN,NaN
11,NaN,NaN,NaN,NaN,NaN,NaN,NaN,NaN
1,NaN,NaN,NaN,NaN,NaN,NaN,NaN,NaN
2,NaN,NaN,NaN,NaN,NaN,NaN,NaN,NaN
3,NaN,NaN,NaN,NaN,NaN,NaN,NaN,NaN
4,NaN,NaN,NaN,NaN,NaN,NaN,NaN,NaN
5,NaN,NaN,NaN,NaN,NaN,NaN,NaN,NaN
6,NaN,NaN,NaN,NaN,NaN,NaN,NaN,NaN
7,NaN,NaN,NaN,NaN,NaN,NaN,NaN,NaN
8,NaN,NaN,NaN,NaN,NaN,NaN,NaN,NaN
9,NaN,NaN,NaN,NaN,NaN,NaN,NaN,NaN
10,NaN,NaN,NaN,NaN,NaN,NaN,NaN,NaN
11,NaN,NaN,NaN,NaN,NaN,NaN,NaN,NaN
1,NaN,NaN,NaN,NaN,NaN,NaN,NaN,NaN
2,NaN,NaN,NaN,NaN,NaN,NaN,NaN,NaN
3,NaN,NaN,NaN,NaN,NaN,NaN,NaN,NaN
4,NaN,NaN,NaN,NaN,NaN,NaN,NaN,NaN
5,NaN,NaN,NaN,NaN,NaN,NaN,NaN,NaN
6,NaN,NaN,NaN,NaN,NaN,NaN,NaN,NaN
7,NaN,NaN,NaN,NaN,NaN,NaN,NaN,NaN
8,NaN,NaN,NaN,NaN,NaN,NaN,NaN,NaN
9,NaN,NaN,NaN,NaN,NaN,NaN,NaN,NaN
10,NaN,NaN,NaN,NaN,NaN,NaN,NaN,NaN
11,NaN,NaN,NaN,NaN,NaN,NaN,NaN,NaN
1,NaN,NaN,NaN,NaN,NaN,NaN,NaN,NaN
2,NaN,NaN,NaN,NaN,NaN,NaN,NaN,NaN
3,NaN,NaN,NaN,NaN,NaN,NaN,NaN,NaN
4,NaN,NaN,NaN,NaN,NaN,NaN,NaN,NaN
5,NaN,NaN,NaN,NaN,NaN,NaN,NaN,NaN
6,NaN,NaN,NaN,NaN,NaN,NaN,NaN,NaN
7,NaN,NaN,NaN,NaN,NaN,NaN,NaN,NaN
8,NaN,NaN,NaN,NaN,NaN,NaN,NaN,NaN
9,NaN,NaN,NaN,NaN,NaN,NaN,NaN,NaN
10,NaN,NaN,NaN,NaN,NaN,NaN,NaN,NaN
11,NaN,NaN,NaN,NaN,NaN,NaN,NaN,NaN
1,NaN,NaN,NaN,NaN,NaN,NaN,NaN,NaN
2,NaN,NaN,NaN,NaN,NaN,NaN,NaN,NaN
3,NaN,NaN,NaN,NaN,NaN,NaN,NaN,NaN
4,NaN,NaN,NaN,NaN,NaN,NaN,NaN,NaN
5,NaN,NaN,NaN,NaN,NaN,NaN,NaN,NaN
6,NaN,NaN,NaN,NaN,NaN,NaN,NaN,NaN
7,NaN,NaN,NaN,NaN,NaN,NaN,NaN,NaN
8,NaN,NaN,NaN,NaN,NaN,NaN,NaN,NaN
9,NaN,NaN,NaN,NaN,NaN,NaN,NaN,NaN
10,NaN,NaN,NaN,NaN,NaN,NaN,NaN,NaN
11,NaN,NaN,NaN,NaN,NaN,NaN,NaN,NaN
1,NaN,NaN,NaN,NaN,NaN,NaN,NaN,NaN
2,NaN,NaN,NaN,NaN,NaN,NaN,NaN,NaN
3,NaN,NaN,NaN,NaN,NaN,NaN,NaN,NaN
4,NaN,NaN,NaN,NaN,NaN,NaN,NaN,NaN
5,NaN,NaN,NaN,NaN,NaN,NaN,NaN,NaN
6,NaN,NaN,NaN,NaN,NaN,NaN,NaN,NaN
7,NaN,NaN,NaN,NaN,NaN,NaN,NaN,NaN
8,NaN,NaN,NaN,NaN,NaN,NaN,NaN,NaN
9,NaN,NaN,NaN,NaN,NaN,NaN,NaN,NaN
10,NaN,NaN,NaN,NaN,NaN,NaN,NaN,NaN
11,NaN,NaN,NaN,NaN,NaN,NaN,NaN,NaN
1,NaN,NaN,NaN,NaN,NaN,NaN,NaN,NaN
2,NaN,NaN,NaN,NaN,NaN,NaN,NaN,NaN
3,NaN,NaN,NaN,NaN,NaN,NaN,NaN,NaN
4,NaN,NaN,NaN,NaN,NaN,NaN,NaN,NaN
5,NaN,NaN,NaN,NaN,NaN,NaN,NaN,NaN
6,NaN,NaN,NaN,NaN,NaN,NaN,NaN,NaN
7,NaN,NaN,NaN,NaN,NaN,NaN,NaN,NaN
8,NaN,NaN,NaN,NaN,NaN,NaN,NaN,NaN
9,NaN,NaN,NaN,NaN,NaN,NaN,NaN,NaN
10,NaN,NaN,NaN,NaN,NaN,NaN,NaN,NaN
11,NaN,NaN,NaN,NaN,NaN,NaN,NaN,NaN
1,NaN,NaN,NaN,NaN,NaN,NaN,NaN,NaN
2,NaN,NaN,NaN,NaN,NaN,NaN,NaN,NaN
3,NaN,NaN,NaN,NaN,NaN,NaN,NaN,NaN
4,NaN,NaN,NaN,NaN,NaN,NaN,NaN,NaN
5,NaN,NaN,NaN,NaN,NaN,NaN,NaN,NaN
6,NaN,NaN,NaN,NaN,NaN,NaN,NaN,NaN
7,NaN,NaN,NaN,NaN,NaN,NaN,NaN,NaN
8,NaN,NaN,NaN,NaN,NaN,NaN,NaN,NaN
9,NaN,NaN,NaN,NaN,NaN,NaN,NaN,NaN
10,NaN,NaN,NaN,NaN,NaN,NaN,NaN,NaN
11,NaN,NaN,NaN,NaN,NaN,NaN,NaN,NaN
1,NaN,NaN,NaN,NaN,NaN,NaN,NaN,NaN
2,NaN,NaN,NaN,NaN,NaN,NaN,NaN,NaN
3,NaN,NaN,NaN,NaN,NaN,NaN,NaN,NaN
4,NaN,NaN,NaN,NaN,NaN,NaN,NaN,NaN
5,NaN,NaN,NaN,NaN,NaN,NaN,NaN,NaN
6,NaN,NaN,NaN,NaN,NaN,NaN,NaN,NaN
7,NaN,NaN,NaN,NaN,NaN,NaN,NaN,NaN
8,NaN,NaN,NaN,NaN,NaN,NaN,NaN,NaN
9,NaN,NaN,NaN,NaN,NaN,NaN,NaN,NaN
10,NaN,NaN,NaN,NaN,NaN,NaN,NaN,NaN
11,NaN,NaN,NaN,NaN,NaN,NaN,NaN,NaN
1,NaN,NaN,NaN,NaN,NaN,NaN,NaN,NaN
2,NaN,NaN,NaN,NaN,NaN,NaN,NaN,NaN
3,NaN,NaN,NaN,NaN,NaN,NaN,NaN,NaN
4,NaN,NaN,NaN,NaN,NaN,NaN,NaN,NaN
5,NaN,NaN,NaN,NaN,NaN,NaN,NaN,NaN
6,NaN,NaN,NaN,NaN,NaN,NaN,NaN,NaN
7,NaN,NaN,NaN,NaN,NaN,NaN,NaN,NaN
8,NaN,NaN,NaN,NaN,NaN,NaN,NaN,NaN
9,NaN,NaN,NaN,NaN,NaN,NaN,NaN,NaN
10,NaN,NaN,NaN,NaN,NaN,NaN,NaN,NaN
11,NaN,NaN,NaN,NaN,NaN,NaN,NaN,NaN
1,NaN,NaN,NaN,NaN,NaN,NaN,NaN,NaN
2,NaN,NaN,NaN,NaN,NaN,NaN,NaN,NaN
3,NaN,NaN,NaN,NaN,NaN,NaN,NaN,NaN
4,NaN,NaN,NaN,NaN,NaN,NaN,NaN,NaN
5,NaN,NaN,NaN,NaN,NaN,NaN,NaN,NaN
6,NaN,NaN,NaN,NaN,NaN,NaN,NaN,NaN
7,NaN,NaN,NaN,NaN,NaN,NaN,NaN,NaN
8,NaN,NaN,NaN,NaN,NaN,NaN,NaN,NaN
9,NaN,NaN,NaN,NaN,NaN,NaN,NaN,NaN
10,NaN,NaN,NaN,NaN,NaN,NaN,NaN,NaN
11,NaN,NaN,NaN,NaN,NaN,NaN,NaN,NaN
1,NaN,NaN,NaN,NaN,NaN,NaN,NaN,NaN
2,NaN,NaN,NaN,NaN,NaN,NaN,NaN,NaN
3,NaN,NaN,NaN,NaN,NaN,NaN,NaN,NaN
4,NaN,NaN,NaN,NaN,NaN,NaN,NaN,NaN
5,NaN,NaN,NaN,NaN,NaN,NaN,NaN,NaN
6,NaN,NaN,NaN,NaN,NaN,NaN,NaN,NaN
7,NaN,NaN,NaN,NaN,NaN,NaN,NaN,NaN
8,NaN,NaN,NaN,NaN,NaN,NaN,NaN,NaN
9,NaN,NaN,NaN,NaN,NaN,NaN,NaN,NaN
10,NaN,NaN,NaN,NaN,NaN,NaN,NaN,NaN
11,NaN,NaN,NaN,NaN,NaN,NaN,NaN,NaN
1,NaN,NaN,NaN,NaN,NaN,NaN,NaN,NaN
2,NaN,NaN,NaN,NaN,NaN,NaN,NaN,NaN
3,NaN,NaN,NaN,NaN,NaN,NaN,NaN,NaN
4,NaN,NaN,NaN,NaN,NaN,NaN,NaN,NaN
5,NaN,NaN,NaN,NaN,NaN,NaN,NaN,NaN
6,NaN,NaN,NaN,NaN,NaN,NaN,NaN,NaN
7,NaN,NaN,NaN,NaN,NaN,NaN,NaN,NaN
8,NaN,NaN,NaN,NaN,NaN,NaN,NaN,NaN
9,NaN,NaN,NaN,NaN,NaN,NaN,NaN,NaN
10,NaN,NaN,NaN,NaN,NaN,NaN,NaN,NaN
11,NaN,NaN,NaN,NaN,NaN,NaN,NaN,NaN
1,NaN,NaN,NaN,NaN,NaN,NaN,NaN,NaN
2,NaN,NaN,NaN,NaN,NaN,NaN,NaN,NaN
3,NaN,NaN,NaN,NaN,NaN,NaN,NaN,NaN
4,NaN,NaN,NaN,NaN,NaN,NaN,NaN,NaN
5,NaN,NaN,NaN,NaN,NaN,NaN,NaN,NaN
6,NaN,NaN,NaN,NaN,NaN,NaN,NaN,NaN
7,NaN,NaN,NaN,NaN,NaN,NaN,NaN,NaN
8,NaN,NaN,NaN,NaN,NaN,NaN,NaN,NaN
9,NaN,NaN,NaN,NaN,NaN,NaN,NaN,NaN
10,NaN,NaN,NaN,NaN,NaN,NaN,NaN,NaN
11,NaN,NaN,NaN,NaN,NaN,NaN,NaN,NaN
1,NaN,NaN,NaN,NaN,NaN,NaN,NaN,NaN
2,NaN,NaN,NaN,NaN,NaN,NaN,NaN,NaN
3,NaN,NaN,NaN,NaN,NaN,NaN,NaN,NaN
4,NaN,NaN,NaN,NaN,NaN,NaN,NaN,NaN
5,NaN,NaN,NaN,NaN,NaN,NaN,NaN,NaN
6,NaN,NaN,NaN,NaN,NaN,NaN,NaN,NaN
7,NaN,NaN,NaN,NaN,NaN,NaN,NaN,NaN
8,NaN,NaN,NaN,NaN,NaN,NaN,NaN,NaN
9,NaN,NaN,NaN,NaN,NaN,NaN,NaN,NaN
10,NaN,NaN,NaN,NaN,NaN,NaN,NaN,NaN
11,NaN,NaN,NaN,NaN,NaN,NaN,NaN,NaN
1,NaN,NaN,NaN,NaN,NaN,NaN,NaN,NaN
2,NaN,NaN,NaN,NaN,NaN,NaN,NaN,NaN
3,NaN,NaN,NaN,NaN,NaN,NaN,NaN,NaN
4,NaN,NaN,NaN,NaN,NaN,NaN,NaN,NaN
5,NaN,NaN,NaN,NaN,NaN,NaN,NaN,NaN
6,NaN,NaN,NaN,NaN,NaN,NaN,NaN,NaN
7,NaN,NaN,NaN,NaN,NaN,NaN,NaN,NaN
8,NaN,NaN,NaN,NaN,NaN,NaN,NaN,NaN
9,NaN,NaN,NaN,NaN,NaN,NaN,NaN,NaN
10,NaN,NaN,NaN,NaN,NaN,NaN,NaN,NaN
11,NaN,NaN,NaN,NaN,NaN,NaN,NaN,NaN
1,NaN,NaN,NaN,NaN,NaN,NaN,NaN,NaN
2,NaN,NaN,NaN,NaN,NaN,NaN,NaN,NaN
3,NaN,NaN,NaN,NaN,NaN,NaN,NaN,NaN
4,NaN,NaN,NaN,NaN,NaN,NaN,NaN,NaN
5,NaN,NaN,NaN,NaN,NaN,NaN,NaN,NaN
6,NaN,NaN,NaN,NaN,NaN,NaN,NaN,NaN
7,NaN,NaN,NaN,NaN,NaN,NaN,NaN,NaN
8,NaN,NaN,NaN,NaN,NaN,NaN,NaN,NaN
9,NaN,NaN,NaN,NaN,NaN,NaN,NaN,NaN
10,NaN,NaN,NaN,NaN,NaN,NaN,NaN,NaN
11,NaN,NaN,NaN,NaN,NaN,NaN,NaN,NaN
1,NaN,NaN,NaN,NaN,NaN,NaN,NaN,NaN
2,NaN,NaN,NaN,NaN,NaN,NaN,NaN,NaN
3,NaN,NaN,NaN,NaN,NaN,NaN,NaN,NaN
4,NaN,NaN,NaN,NaN,NaN,NaN,NaN,NaN
5,NaN,NaN,NaN,NaN,NaN,NaN,NaN,NaN
6,NaN,NaN,NaN,NaN,NaN,NaN,NaN,NaN
7,NaN,NaN,NaN,NaN,NaN,NaN,NaN,NaN
8,NaN,NaN,NaN,NaN,NaN,NaN,NaN,NaN
9,NaN,NaN,NaN,NaN,NaN,NaN,NaN,NaN
10,NaN,NaN,NaN,NaN,NaN,NaN,NaN,NaN
11,NaN,NaN,NaN,NaN,NaN,NaN,NaN,NaN
1,NaN,NaN,NaN,NaN,NaN,NaN,NaN,NaN
2,NaN,NaN,NaN,NaN,NaN,NaN,NaN,NaN
3,NaN,NaN,NaN,NaN,NaN,NaN,NaN,NaN
4,NaN,NaN,NaN,NaN,NaN,NaN,NaN,NaN
5,NaN,NaN,NaN,NaN,NaN,NaN,NaN,NaN
6,NaN,NaN,NaN,NaN,NaN,NaN,NaN,NaN
7,NaN,NaN,NaN,NaN,NaN,NaN,NaN,NaN
8,NaN,NaN,NaN,NaN,NaN,NaN,NaN,NaN
9,NaN,NaN,NaN,NaN,NaN,NaN,NaN,NaN
10,NaN,NaN,NaN,NaN,NaN,NaN,NaN,NaN
11,NaN,NaN,NaN,NaN,NaN,NaN,NaN,NaN
1,NaN,NaN,NaN,NaN,NaN,NaN,NaN,NaN
2,NaN,NaN,NaN,NaN,NaN,NaN,NaN,NaN
3,NaN,NaN,NaN,NaN,NaN,NaN,NaN,NaN
4,NaN,NaN,NaN,NaN,NaN,NaN,NaN,NaN
5,NaN,NaN,NaN,NaN,NaN,NaN,NaN,NaN
6,NaN,NaN,NaN,NaN,NaN,NaN,NaN,NaN
7,NaN,NaN,NaN,NaN,NaN,NaN,NaN,NaN
8,NaN,NaN,NaN,NaN,NaN,NaN,NaN,NaN
9,NaN,NaN,NaN,NaN,NaN,NaN,NaN,NaN
10,NaN,NaN,NaN,NaN,NaN,NaN,NaN,NaN
11,NaN,NaN,NaN,NaN,NaN,NaN,NaN,NaN
1,NaN,NaN,NaN,NaN,NaN,NaN,NaN,NaN
2,NaN,NaN,NaN,NaN,NaN,NaN,NaN,NaN
3,NaN,NaN,NaN,NaN,NaN,NaN,NaN,NaN
4,NaN,NaN,NaN,NaN,NaN,NaN,NaN,NaN
5,NaN,NaN,NaN,NaN,NaN,NaN,NaN,NaN
6,NaN,NaN,NaN,NaN,NaN,NaN,NaN,NaN
7,NaN,NaN,NaN,NaN,NaN,NaN,NaN,NaN
8,NaN,NaN,NaN,NaN,NaN,NaN,NaN,NaN
9,NaN,NaN,NaN,NaN,NaN,NaN,NaN,NaN
10,NaN,NaN,NaN,NaN,NaN,NaN,NaN,NaN
11,NaN,NaN,NaN,NaN,NaN,NaN,NaN,NaN
1,NaN,NaN,NaN,NaN,NaN,NaN,NaN,NaN
2,NaN,NaN,NaN,NaN,NaN,NaN,NaN,NaN
3,NaN,NaN,NaN,NaN,NaN,NaN,NaN,NaN
4,NaN,NaN,NaN,NaN,NaN,NaN,NaN,NaN
5,NaN,NaN,NaN,NaN,NaN,NaN,NaN,NaN
6,NaN,NaN,NaN,NaN,NaN,NaN,NaN,NaN
7,NaN,NaN,NaN,NaN,NaN,NaN,NaN,NaN
8,NaN,NaN,NaN,NaN,NaN,NaN,NaN,NaN
9,NaN,NaN,NaN,NaN,NaN,NaN,NaN,NaN
10,NaN,NaN,NaN,NaN,NaN,NaN,NaN,NaN
11,NaN,NaN,NaN,NaN,NaN,NaN,NaN,NaN
1,NaN,NaN,NaN,NaN,NaN,NaN,NaN,NaN
2,NaN,NaN,NaN,NaN,NaN,NaN,NaN,NaN
3,NaN,NaN,NaN,NaN,NaN,NaN,NaN,NaN
4,NaN,NaN,NaN,NaN,NaN,NaN,NaN,NaN
5,NaN,NaN,NaN,NaN,NaN,NaN,NaN,NaN
6,NaN,NaN,NaN,NaN,NaN,NaN,NaN,NaN
7,NaN,NaN,NaN,NaN,NaN,NaN,NaN,NaN
8,NaN,NaN,NaN,NaN,NaN,NaN,NaN,NaN
9,NaN,NaN,NaN,NaN,NaN,NaN,NaN,NaN
10,NaN,NaN,NaN,NaN,NaN,NaN,NaN,NaN
11,NaN,NaN,NaN,NaN,NaN,NaN,NaN,NaN
1,NaN,NaN,NaN,NaN,NaN,NaN,NaN,NaN
2,NaN,NaN,NaN,NaN,NaN,NaN,NaN,NaN
3,NaN,NaN,NaN,NaN,NaN,NaN,NaN,NaN
4,NaN,NaN,NaN,NaN,NaN,NaN,NaN,NaN
5,NaN,NaN,NaN,NaN,NaN,NaN,NaN,NaN
6,NaN,NaN,NaN,NaN,NaN,NaN,NaN,NaN
7,NaN,NaN,NaN,NaN,NaN,NaN,NaN,NaN
8,NaN,NaN,NaN,NaN,NaN,NaN,NaN,NaN
9,NaN,NaN,NaN,NaN,NaN,NaN,NaN,NaN
10,NaN,NaN,NaN,NaN,NaN,NaN,NaN,NaN
11,NaN,NaN,NaN,NaN,NaN,NaN,NaN,NaN
1,NaN,NaN,NaN,NaN,NaN,NaN,NaN,NaN
2,NaN,NaN,NaN,NaN,NaN,NaN,NaN,NaN
3,NaN,NaN,NaN,NaN,NaN,NaN,NaN,NaN
4,NaN,NaN,NaN,NaN,NaN,NaN,NaN,NaN
5,NaN,NaN,NaN,NaN,NaN,NaN,NaN,NaN
6,NaN,NaN,NaN,NaN,NaN,NaN,NaN,NaN
7,NaN,NaN,NaN,NaN,NaN,NaN,NaN,NaN
8,NaN,NaN,NaN,NaN,NaN,NaN,NaN,NaN
9,NaN,NaN,NaN,NaN,NaN,NaN,NaN,NaN
10,NaN,NaN,NaN,NaN,NaN,NaN,NaN,NaN
11,NaN,NaN,NaN,NaN,NaN,NaN,NaN,NaN
1,NaN,NaN,NaN,NaN,NaN,NaN,NaN,NaN
2,NaN,NaN,NaN,NaN,NaN,NaN,NaN,NaN
3,NaN,NaN,NaN,NaN,NaN,NaN,NaN,NaN
4,NaN,NaN,NaN,NaN,NaN,NaN,NaN,NaN
5,NaN,NaN,NaN,NaN,NaN,NaN,NaN,NaN
6,NaN,NaN,NaN,NaN,NaN,NaN,NaN,NaN
7,NaN,NaN,NaN,NaN,NaN,NaN,NaN,NaN
8,NaN,NaN,NaN,NaN,NaN,NaN,NaN,NaN
9,NaN,NaN,NaN,NaN,NaN,NaN,NaN,NaN
10,NaN,NaN,NaN,NaN,NaN,NaN,NaN,NaN
11,NaN,NaN,NaN,NaN,NaN,NaN,NaN,NaN
1,NaN,NaN,NaN,NaN,NaN,NaN,NaN,NaN
2,NaN,NaN,NaN,NaN,NaN,NaN,NaN,NaN
3,NaN,NaN,NaN,NaN,NaN,NaN,NaN,NaN
4,NaN,NaN,NaN,NaN,NaN,NaN,NaN,NaN
5,NaN,NaN,NaN,NaN,NaN,NaN,NaN,NaN
6,NaN,NaN,NaN,NaN,NaN,NaN,NaN,NaN
7,NaN,NaN,NaN,NaN,NaN,NaN,NaN,NaN
8,NaN,NaN,NaN,NaN,NaN,NaN,NaN,NaN
9,NaN,NaN,NaN,NaN,NaN,NaN,NaN,NaN
10,NaN,NaN,NaN,NaN,NaN,NaN,NaN,NaN
11,NaN,NaN,NaN,NaN,NaN,NaN,NaN,NaN
1,NaN,NaN,NaN,NaN,NaN,NaN,NaN,NaN
2,NaN,NaN,NaN,NaN,NaN,NaN,NaN,NaN
3,NaN,NaN,NaN,NaN,NaN,NaN,NaN,NaN
4,NaN,NaN,NaN,NaN,NaN,NaN,NaN,NaN
5,NaN,NaN,NaN,NaN,NaN,NaN,NaN,NaN
6,NaN,NaN,NaN,NaN,NaN,NaN,NaN,NaN
7,NaN,NaN,NaN,NaN,NaN,NaN,NaN,NaN
8,NaN,NaN,NaN,NaN,NaN,NaN,NaN,NaN
9,NaN,NaN,NaN,NaN,NaN,NaN,NaN,NaN
10,NaN,NaN,NaN,NaN,NaN,NaN,NaN,NaN
11,NaN,NaN,NaN,NaN,NaN,NaN,NaN,NaN
1,NaN,NaN,NaN,NaN,NaN,NaN,NaN,NaN
2,NaN,NaN,NaN,NaN,NaN,NaN,NaN,NaN
3,NaN,NaN,NaN,NaN,NaN,NaN,NaN,NaN
4,NaN,NaN,NaN,NaN,NaN,NaN,NaN,NaN
5,NaN,NaN,NaN,NaN,NaN,NaN,NaN,NaN
6,NaN,NaN,NaN,NaN,NaN,NaN,NaN,NaN
7,NaN,NaN,NaN,NaN,NaN,NaN,NaN,NaN
8,NaN,NaN,NaN,NaN,NaN,NaN,NaN,NaN
9,NaN,NaN,NaN,NaN,NaN,NaN,NaN,NaN
10,NaN,NaN,NaN,NaN,NaN,NaN,NaN,NaN
11,NaN,NaN,NaN,NaN,NaN,NaN,NaN,NaN
1,NaN,NaN,NaN,NaN,NaN,NaN,NaN,NaN
2,NaN,NaN,NaN,NaN,NaN,NaN,NaN,NaN
3,NaN,NaN,NaN,NaN,NaN,NaN,NaN,NaN
4,NaN,NaN,NaN,NaN,NaN,NaN,NaN,NaN
5,NaN,NaN,NaN,NaN,NaN,NaN,NaN,NaN
6,NaN,NaN,NaN,NaN,NaN,NaN,NaN,NaN
7,NaN,NaN,NaN,NaN,NaN,NaN,NaN,NaN
8,NaN,NaN,NaN,NaN,NaN,NaN,NaN,NaN
9,NaN,NaN,NaN,NaN,NaN,NaN,NaN,NaN
10,NaN,NaN,NaN,NaN,NaN,NaN,NaN,NaN
11,NaN,NaN,NaN,NaN,NaN,NaN,NaN,NaN
1,NaN,NaN,NaN,NaN,NaN,NaN,NaN,NaN
2,NaN,NaN,NaN,NaN,NaN,NaN,NaN,NaN
3,NaN,NaN,NaN,NaN,NaN,NaN,NaN,NaN
4,NaN,NaN,NaN,NaN,NaN,NaN,NaN,NaN
5,NaN,NaN,NaN,NaN,NaN,NaN,NaN,NaN
6,NaN,NaN,NaN,NaN,NaN,NaN,NaN,NaN
7,NaN,NaN,NaN,NaN,NaN,NaN,NaN,NaN
8,NaN,NaN,NaN,NaN,NaN,NaN,NaN,NaN
9,NaN,NaN,NaN,NaN,NaN,NaN,NaN,NaN
10,NaN,NaN,NaN,NaN,NaN,NaN,NaN,NaN
11,NaN,NaN,NaN,NaN,NaN,NaN,NaN,NaN
1,NaN,NaN,NaN,NaN,NaN,NaN,NaN,NaN
2,NaN,NaN,NaN,NaN,NaN,NaN,NaN,NaN
3,NaN,NaN,NaN,NaN,NaN,NaN,NaN,NaN
4,NaN,NaN,NaN,NaN,NaN,NaN,NaN,NaN
5,NaN,NaN,NaN,NaN,NaN,NaN,NaN,NaN
6,NaN,NaN,NaN,NaN,NaN,NaN,NaN,NaN
7,NaN,NaN,NaN,NaN,NaN,NaN,NaN,NaN
8,NaN,NaN,NaN,NaN,NaN,NaN,NaN,NaN
9,NaN,NaN,NaN,NaN,NaN,NaN,NaN,NaN
10,NaN,NaN,NaN,NaN,NaN,NaN,NaN,NaN
11,NaN,NaN,NaN,NaN,NaN,NaN,NaN,NaN
1,NaN,NaN,NaN,NaN,NaN,NaN,NaN,NaN
2,NaN,NaN,NaN,NaN,NaN,NaN,NaN,NaN
3,NaN,NaN,NaN,NaN,NaN,NaN,NaN,NaN
4,NaN,NaN,NaN,NaN,NaN,NaN,NaN,NaN
5,NaN,NaN,NaN,NaN,NaN,NaN,NaN,NaN
6,NaN,NaN,NaN,NaN,NaN,NaN,NaN,NaN
7,NaN,NaN,NaN,NaN,NaN,NaN,NaN,NaN
8,NaN,NaN,NaN,NaN,NaN,NaN,NaN,NaN
9,NaN,NaN,NaN,NaN,NaN,NaN,NaN,NaN
10,NaN,NaN,NaN,NaN,NaN,NaN,NaN,NaN
11,NaN,NaN,NaN,NaN,NaN,NaN,NaN,NaN
1,NaN,NaN,NaN,NaN,NaN,NaN,NaN,NaN
2,NaN,NaN,NaN,NaN,NaN,NaN,NaN,NaN
3,NaN,NaN,NaN,NaN,NaN,NaN,NaN,NaN
4,NaN,NaN,NaN,NaN,NaN,NaN,NaN,NaN
5,NaN,NaN,NaN,NaN,NaN,NaN,NaN,NaN
6,NaN,NaN,NaN,NaN,NaN,NaN,NaN,NaN
7,NaN,NaN,NaN,NaN,NaN,NaN,NaN,NaN
8,NaN,NaN,NaN,NaN,NaN,NaN,NaN,NaN
9,NaN,NaN,NaN,NaN,NaN,NaN,NaN,NaN
10,NaN,NaN,NaN,NaN,NaN,NaN,NaN,NaN
11,NaN,NaN,NaN,NaN,NaN,NaN,NaN,NaN
1,NaN,NaN,NaN,NaN,NaN,NaN,NaN,NaN
2,NaN,NaN,NaN,NaN,NaN,NaN,NaN,NaN
3,NaN,NaN,NaN,NaN,NaN,NaN,NaN,NaN
4,NaN,NaN,NaN,NaN,NaN,NaN,NaN,NaN
5,NaN,NaN,NaN,NaN,NaN,NaN,NaN,NaN
6,NaN,NaN,NaN,NaN,NaN,NaN,NaN,NaN
7,NaN,NaN,NaN,NaN,NaN,NaN,NaN,NaN
8,NaN,NaN,NaN,NaN,NaN,NaN,NaN,NaN
9,NaN,NaN,NaN,NaN,NaN,NaN,NaN,NaN
10,NaN,NaN,NaN,NaN,NaN,NaN,NaN,NaN
11,NaN,NaN,NaN,NaN,NaN,NaN,NaN,NaN
1,NaN,NaN,NaN,NaN,NaN,NaN,NaN,NaN
2,NaN,NaN,NaN,NaN,NaN,NaN,NaN,NaN
3,NaN,NaN,NaN,NaN,NaN,NaN,NaN,NaN
4,NaN,NaN,NaN,NaN,NaN,NaN,NaN,NaN
5,NaN,NaN,NaN,NaN,NaN,NaN,NaN,NaN
6,NaN,NaN,NaN,NaN,NaN,NaN,NaN,NaN
7,NaN,NaN,NaN,NaN,NaN,NaN,NaN,NaN
8,NaN,NaN,NaN,NaN,NaN,NaN,NaN,NaN
9,NaN,NaN,NaN,NaN,NaN,NaN,NaN,NaN
10,NaN,NaN,NaN,NaN,NaN,NaN,NaN,NaN
11,NaN,NaN,NaN,NaN,NaN,NaN,NaN,NaN
1,NaN,NaN,NaN,NaN,NaN,NaN,NaN,NaN
2,NaN,NaN,NaN,NaN,NaN,NaN,NaN,NaN
3,NaN,NaN,NaN,NaN,NaN,NaN,NaN,NaN
4,NaN,NaN,NaN,NaN,NaN,NaN,NaN,NaN
5,NaN,NaN,NaN,NaN,NaN,NaN,NaN,NaN
6,NaN,NaN,NaN,NaN,NaN,NaN,NaN,NaN
7,NaN,NaN,NaN,NaN,NaN,NaN,NaN,NaN
8,NaN,NaN,NaN,NaN,NaN,NaN,NaN,NaN
9,NaN,NaN,NaN,NaN,NaN,NaN,NaN,NaN
10,NaN,NaN,NaN,NaN,NaN,NaN,NaN,NaN
11,NaN,NaN,NaN,NaN,NaN,NaN,NaN,NaN
1,NaN,NaN,NaN,NaN,NaN,NaN,NaN,NaN
2,NaN,NaN,NaN,NaN,NaN,NaN,NaN,NaN
3,NaN,NaN,NaN,NaN,NaN,NaN,NaN,NaN
4,NaN,NaN,NaN,NaN,NaN,NaN,NaN,NaN
5,NaN,NaN,NaN,NaN,NaN,NaN,NaN,NaN
6,NaN,NaN,NaN,NaN,NaN,NaN,NaN,NaN
7,NaN,NaN,NaN,NaN,NaN,NaN,NaN,NaN
8,NaN,NaN,NaN,NaN,NaN,NaN,NaN,NaN
9,NaN,NaN,NaN,NaN,NaN,NaN,NaN,NaN
10,NaN,NaN,NaN,NaN,NaN,NaN,NaN,NaN
11,NaN,NaN,NaN,NaN,NaN,NaN,NaN,NaN
1,NaN,NaN,NaN,NaN,NaN,NaN,NaN,NaN
2,NaN,NaN,NaN,NaN,NaN,NaN,NaN,NaN
3,NaN,NaN,NaN,NaN,NaN,NaN,NaN,NaN
4,NaN,NaN,NaN,NaN,NaN,NaN,NaN,NaN
5,NaN,NaN,NaN,NaN,NaN,NaN,NaN,NaN
6,NaN,NaN,NaN,NaN,NaN,NaN,NaN,NaN
7,NaN,NaN,NaN,NaN,NaN,NaN,NaN,NaN
8,NaN,NaN,NaN,NaN,NaN,NaN,NaN,NaN
9,NaN,NaN,NaN,NaN,NaN,NaN,NaN,NaN
10,NaN,NaN,NaN,NaN,NaN,NaN,NaN,NaN
11,NaN,NaN,NaN,NaN,NaN,NaN,NaN,NaN
1,NaN,NaN,NaN,NaN,NaN,NaN,NaN,NaN
2,NaN,NaN,NaN,NaN,NaN,NaN,NaN,NaN
3,NaN,NaN,NaN,NaN,NaN,NaN,NaN,NaN
4,NaN,NaN,NaN,NaN,NaN,NaN,NaN,NaN
5,NaN,NaN,NaN,NaN,NaN,NaN,NaN,NaN
6,NaN,NaN,NaN,NaN,NaN,NaN,NaN,NaN
7,NaN,NaN,NaN,NaN,NaN,NaN,NaN,NaN
8,NaN,NaN,NaN,NaN,NaN,NaN,NaN,NaN
9,NaN,NaN,NaN,NaN,NaN,NaN,NaN,NaN
10,NaN,NaN,NaN,NaN,NaN,NaN,NaN,NaN
11,NaN,NaN,NaN,NaN,NaN,NaN,NaN,NaN
1,NaN,NaN,NaN,NaN,NaN,NaN,NaN,NaN
2,NaN,NaN,NaN,NaN,NaN,NaN,NaN,NaN
3,NaN,NaN,NaN,NaN,NaN,NaN,NaN,NaN
4,NaN,NaN,NaN,NaN,NaN,NaN,NaN,NaN
5,NaN,NaN,NaN,NaN,NaN,NaN,NaN,NaN
6,NaN,NaN,NaN,NaN,NaN,NaN,NaN,NaN
7,NaN,NaN,NaN,NaN,NaN,NaN,NaN,NaN
8,NaN,NaN,NaN,NaN,NaN,NaN,NaN,NaN
9,NaN,NaN,NaN,NaN,NaN,NaN,NaN,NaN
10,NaN,NaN,NaN,NaN,NaN,NaN,NaN,NaN
11,NaN,NaN,NaN,NaN,NaN,NaN,NaN,NaN
1,NaN,NaN,NaN,NaN,NaN,NaN,NaN,NaN
2,NaN,NaN,NaN,NaN,NaN,NaN,NaN,NaN
3,NaN,NaN,NaN,NaN,NaN,NaN,NaN,NaN
4,NaN,NaN,NaN,NaN,NaN,NaN,NaN,NaN
5,NaN,NaN,NaN,NaN,NaN,NaN,NaN,NaN
6,NaN,NaN,NaN,NaN,NaN,NaN,NaN,NaN
7,NaN,NaN,NaN,NaN,NaN,NaN,NaN,NaN
8,NaN,NaN,NaN,NaN,NaN,NaN,NaN,NaN
9,NaN,NaN,NaN,NaN,NaN,NaN,NaN,NaN
10,NaN,NaN,NaN,NaN,NaN,NaN,NaN,NaN
11,NaN,NaN,NaN,NaN,NaN,NaN,NaN,NaN
1,NaN,NaN,NaN,NaN,NaN,NaN,NaN,NaN
2,NaN,NaN,NaN,NaN,NaN,NaN,NaN,NaN
3,NaN,NaN,NaN,NaN,NaN,NaN,NaN,NaN
4,NaN,NaN,NaN,NaN,NaN,NaN,NaN,NaN
5,NaN,NaN,NaN,NaN,NaN,NaN,NaN,NaN
6,NaN,NaN,NaN,NaN,NaN,NaN,NaN,NaN
7,NaN,NaN,NaN,NaN,NaN,NaN,NaN,NaN
8,NaN,NaN,NaN,NaN,NaN,NaN,NaN,NaN
9,NaN,NaN,NaN,NaN,NaN,NaN,NaN,NaN
10,NaN,NaN,NaN,NaN,NaN,NaN,NaN,NaN
11,NaN,NaN,NaN,NaN,NaN,NaN,NaN,NaN
1,NaN,NaN,NaN,NaN,NaN,NaN,NaN,NaN
2,NaN,NaN,NaN,NaN,NaN,NaN,NaN,NaN
3,NaN,NaN,NaN,NaN,NaN,NaN,NaN,NaN
4,NaN,NaN,NaN,NaN,NaN,NaN,NaN,NaN
5,NaN,NaN,NaN,NaN,NaN,NaN,NaN,NaN
6,NaN,NaN,NaN,NaN,NaN,NaN,NaN,NaN
7,NaN,NaN,NaN,NaN,NaN,NaN,NaN,NaN
8,NaN,NaN,NaN,NaN,NaN,NaN,NaN,NaN
9,NaN,NaN,NaN,NaN,NaN,NaN,NaN,NaN
10,NaN,NaN,NaN,NaN,NaN,NaN,NaN,NaN
11,NaN,NaN,NaN,NaN,NaN,NaN,NaN,NaN
1,NaN,NaN,NaN,NaN,NaN,NaN,NaN,NaN
2,NaN,NaN,NaN,NaN,NaN,NaN,NaN,NaN
3,NaN,NaN,NaN,NaN,NaN,NaN,NaN,NaN
4,NaN,NaN,NaN,NaN,NaN,NaN,NaN,NaN
5,NaN,NaN,NaN,NaN,NaN,NaN,NaN,NaN
6,NaN,NaN,NaN,NaN,NaN,NaN,NaN,NaN
7,NaN,NaN,NaN,NaN,NaN,NaN,NaN,NaN
8,NaN,NaN,NaN,NaN,NaN,NaN,NaN,NaN
9,NaN,NaN,NaN,NaN,NaN,NaN,NaN,NaN
10,NaN,NaN,NaN,NaN,NaN,NaN,NaN,NaN
11,NaN,NaN,NaN,NaN,NaN,NaN,NaN,NaN
1,NaN,NaN,NaN,NaN,NaN,NaN,NaN,NaN
2,NaN,NaN,NaN,NaN,NaN,NaN,NaN,NaN
3,NaN,NaN,NaN,NaN,NaN,NaN,NaN,NaN
4,NaN,NaN,NaN,NaN,NaN,NaN,NaN,NaN
5,NaN,NaN,NaN,NaN,NaN,NaN,NaN,NaN
6,NaN,NaN,NaN,NaN,NaN,NaN,NaN,NaN
7,NaN,NaN,NaN,NaN,NaN,NaN,NaN,NaN
8,NaN,NaN,NaN,NaN,NaN,NaN,NaN,NaN
9,NaN,NaN,NaN,NaN,NaN,NaN,NaN,NaN
10,NaN,NaN,NaN,NaN,NaN,NaN,NaN,NaN
11,NaN,NaN,NaN,NaN,NaN,NaN,NaN,NaN
1,NaN,NaN,NaN,NaN,NaN,NaN,NaN,NaN
2,NaN,NaN,NaN,NaN,NaN,NaN,NaN,NaN
3,NaN,NaN,NaN,NaN,NaN,NaN,NaN,NaN
4,NaN,NaN,NaN,NaN,NaN,NaN,NaN,NaN
5,NaN,NaN,NaN,NaN,NaN,NaN,NaN,NaN
6,NaN,NaN,NaN,NaN,NaN,NaN,NaN,NaN
7,NaN,NaN,NaN,NaN,NaN,NaN,NaN,NaN
8,NaN,NaN,NaN,NaN,NaN,NaN,NaN,NaN
9,NaN,NaN,NaN,NaN,NaN,NaN,NaN,NaN
10,NaN,NaN,NaN,NaN,NaN,NaN,NaN,NaN
11,NaN,NaN,NaN,NaN,NaN,NaN,NaN,NaN
1,NaN,NaN,NaN,NaN,NaN,NaN,NaN,NaN
2,NaN,NaN,NaN,NaN,NaN,NaN,NaN,NaN
3,NaN,NaN,NaN,NaN,NaN,NaN,NaN,NaN
4,NaN,NaN,NaN,NaN,NaN,NaN,NaN,NaN
5,NaN,NaN,NaN,NaN,NaN,NaN,NaN,NaN
6,NaN,NaN,NaN,NaN,NaN,NaN,NaN,NaN
7,NaN,NaN,NaN,NaN,NaN,NaN,NaN,NaN
8,NaN,NaN,NaN,NaN,NaN,NaN,NaN,NaN
9,NaN,NaN,NaN,NaN,NaN,NaN,NaN,NaN
10,NaN,NaN,NaN,NaN,NaN,NaN,NaN,NaN
11,NaN,NaN,NaN,NaN,NaN,NaN,NaN,NaN
1,NaN,NaN,NaN,NaN,NaN,NaN,NaN,NaN
2,NaN,NaN,NaN,NaN,NaN,NaN,NaN,NaN
3,NaN,NaN,NaN,NaN,NaN,NaN,NaN,NaN
4,NaN,NaN,NaN,NaN,NaN,NaN,NaN,NaN
5,NaN,NaN,NaN,NaN,NaN,NaN,NaN,NaN
6,NaN,NaN,NaN,NaN,NaN,NaN,NaN,NaN
7,NaN,NaN,NaN,NaN,NaN,NaN,NaN,NaN
8,NaN,NaN,NaN,NaN,NaN,NaN,NaN,NaN
9,NaN,NaN,NaN,NaN,NaN,NaN,NaN,NaN
10,NaN,NaN,NaN,NaN,NaN,NaN,NaN,NaN
11,NaN,NaN,NaN,NaN,NaN,NaN,NaN,NaN
1,NaN,NaN,NaN,NaN,NaN,NaN,NaN,NaN
2,NaN,NaN,NaN,NaN,NaN,NaN,NaN,NaN
3,NaN,NaN,NaN,NaN,NaN,NaN,NaN,NaN
4,NaN,NaN,NaN,NaN,NaN,NaN,NaN,NaN
5,NaN,NaN,NaN,NaN,NaN,NaN,NaN,NaN
6,NaN,NaN,NaN,NaN,NaN,NaN,NaN,NaN
7,NaN,NaN,NaN,NaN,NaN,NaN,NaN,NaN
8,NaN,NaN,NaN,NaN,NaN,NaN,NaN,NaN
9,NaN,NaN,NaN,NaN,NaN,NaN,NaN,NaN
10,NaN,NaN,NaN,NaN,NaN,NaN,NaN,NaN
11,NaN,NaN,NaN,NaN,NaN,NaN,NaN,NaN
1,NaN,NaN,NaN,NaN,NaN,NaN,NaN,NaN
2,NaN,NaN,NaN,NaN,NaN,NaN,NaN,NaN
3,NaN,NaN,NaN,NaN,NaN,NaN,NaN,NaN
4,NaN,NaN,NaN,NaN,NaN,NaN,NaN,NaN
5,NaN,NaN,NaN,NaN,NaN,NaN,NaN,NaN
6,NaN,NaN,NaN,NaN,NaN,NaN,NaN,NaN
7,NaN,NaN,NaN,NaN,NaN,NaN,NaN,NaN
8,NaN,NaN,NaN,NaN,NaN,NaN,NaN,NaN
9,NaN,NaN,NaN,NaN,NaN,NaN,NaN,NaN
10,NaN,NaN,NaN,NaN,NaN,NaN,NaN,NaN
11,NaN,NaN,NaN,NaN,NaN,NaN,NaN,NaN
1,NaN,NaN,NaN,NaN,NaN,NaN,NaN,NaN
2,NaN,NaN,NaN,NaN,NaN,NaN,NaN,NaN
3,NaN,NaN,NaN,NaN,NaN,NaN,NaN,NaN
4,NaN,NaN,NaN,NaN,NaN,NaN,NaN,NaN
5,NaN,NaN,NaN,NaN,NaN,NaN,NaN,NaN
6,NaN,NaN,NaN,NaN,NaN,NaN,NaN,NaN
7,NaN,NaN,NaN,NaN,NaN,NaN,NaN,NaN
8,NaN,NaN,NaN,NaN,NaN,NaN,NaN,NaN
9,NaN,NaN,NaN,NaN,NaN,NaN,NaN,NaN
10,NaN,NaN,NaN,NaN,NaN,NaN,NaN,NaN
11,NaN,NaN,NaN,NaN,NaN,NaN,NaN,NaN
1,NaN,NaN,NaN,NaN,NaN,NaN,NaN,NaN
2,NaN,NaN,NaN,NaN,NaN,NaN,NaN,NaN
3,NaN,NaN,NaN,NaN,NaN,NaN,NaN,NaN
4,NaN,NaN,NaN,NaN,NaN,NaN,NaN,NaN
5,NaN,NaN,NaN,NaN,NaN,NaN,NaN,NaN
6,NaN,NaN,NaN,NaN,NaN,NaN,NaN,NaN
7,NaN,NaN,NaN,NaN,NaN,NaN,NaN,NaN
8,NaN,NaN,NaN,NaN,NaN,NaN,NaN,NaN
9,NaN,NaN,NaN,NaN,NaN,NaN,NaN,NaN
10,NaN,NaN,NaN,NaN,NaN,NaN,NaN,NaN
11,NaN,NaN,NaN,NaN,NaN,NaN,NaN,NaN
1,NaN,NaN,NaN,NaN,NaN,NaN,NaN,NaN
2,NaN,NaN,NaN,NaN,NaN,NaN,NaN,NaN
3,NaN,NaN,NaN,NaN,NaN,NaN,NaN,NaN
4,NaN,NaN,NaN,NaN,NaN,NaN,NaN,NaN
5,NaN,NaN,NaN,NaN,NaN,NaN,NaN,NaN
6,NaN,NaN,NaN,NaN,NaN,NaN,NaN,NaN
7,NaN,NaN,NaN,NaN,NaN,NaN,NaN,NaN
8,NaN,NaN,NaN,NaN,NaN,NaN,NaN,NaN
9,NaN,NaN,NaN,NaN,NaN,NaN,NaN,NaN
10,NaN,NaN,NaN,NaN,NaN,NaN,NaN,NaN
11,NaN,NaN,NaN,NaN,NaN,NaN,NaN,NaN
1,NaN,NaN,NaN,NaN,NaN,NaN,NaN,NaN
2,NaN,NaN,NaN,NaN,NaN,NaN,NaN,NaN
3,NaN,NaN,NaN,NaN,NaN,NaN,NaN,NaN
4,NaN,NaN,NaN,NaN,NaN,NaN,NaN,NaN
5,NaN,NaN,NaN,NaN,NaN,NaN,NaN,NaN
6,NaN,NaN,NaN,NaN,NaN,NaN,NaN,NaN
7,NaN,NaN,NaN,NaN,NaN,NaN,NaN,NaN
8,NaN,NaN,NaN,NaN,NaN,NaN,NaN,NaN
9,NaN,NaN,NaN,NaN,NaN,NaN,NaN,NaN
10,NaN,NaN,NaN,NaN,NaN,NaN,NaN,NaN
11,NaN,NaN,NaN,NaN,NaN,NaN,NaN,NaN
1,NaN,NaN,NaN,NaN,NaN,NaN,NaN,NaN
2,NaN,NaN,NaN,NaN,NaN,NaN,NaN,NaN
3,NaN,NaN,NaN,NaN,NaN,NaN,NaN,NaN
4,NaN,NaN,NaN,NaN,NaN,NaN,NaN,NaN
5,NaN,NaN,NaN,NaN,NaN,NaN,NaN,NaN
6,NaN,NaN,NaN,NaN,NaN,NaN,NaN,NaN
7,NaN,NaN,NaN,NaN,NaN,NaN,NaN,NaN
8,NaN,NaN,NaN,NaN,NaN,NaN,NaN,NaN
9,NaN,NaN,NaN,NaN,NaN,NaN,NaN,NaN
10,NaN,NaN,NaN,NaN,NaN,NaN,NaN,NaN
11,NaN,NaN,NaN,NaN,NaN,NaN,NaN,NaN
1,NaN,NaN,NaN,NaN,NaN,NaN,NaN,NaN
2,NaN,NaN,NaN,NaN,NaN,NaN,NaN,NaN
3,NaN,NaN,NaN,NaN,NaN,NaN,NaN,NaN
4,NaN,NaN,NaN,NaN,NaN,NaN,NaN,NaN
5,NaN,NaN,NaN,NaN,NaN,NaN,NaN,NaN
6,NaN,NaN,NaN,NaN,NaN,NaN,NaN,NaN
7,NaN,NaN,NaN,NaN,NaN,NaN,NaN,NaN
8,NaN,NaN,NaN,NaN,NaN,NaN,NaN,NaN
9,NaN,NaN,NaN,NaN,NaN,NaN,NaN,NaN
10,NaN,NaN,NaN,NaN,NaN,NaN,NaN,NaN
11,NaN,NaN,NaN,NaN,NaN,NaN,NaN,NaN
1,NaN,NaN,NaN,NaN,NaN,NaN,NaN,NaN
2,NaN,NaN,NaN,NaN,NaN,NaN,NaN,NaN
3,NaN,NaN,NaN,NaN,NaN,NaN,NaN,NaN
4,NaN,NaN,NaN,NaN,NaN,NaN,NaN,NaN
5,NaN,NaN,NaN,NaN,NaN,NaN,NaN,NaN
6,NaN,NaN,NaN,NaN,NaN,NaN,NaN,NaN
7,NaN,NaN,NaN,NaN,NaN,NaN,NaN,NaN
8,NaN,NaN,NaN,NaN,NaN,NaN,NaN,NaN
9,NaN,NaN,NaN,NaN,NaN,NaN,NaN,NaN
10,NaN,NaN,NaN,NaN,NaN,NaN,NaN,NaN
11,NaN,NaN,NaN,NaN,NaN,NaN,NaN,NaN
1,NaN,NaN,NaN,NaN,NaN,NaN,NaN,NaN
2,NaN,NaN,NaN,NaN,NaN,NaN,NaN,NaN
3,NaN,NaN,NaN,NaN,NaN,NaN,NaN,NaN
4,NaN,NaN,NaN,NaN,NaN,NaN,NaN,NaN
5,NaN,NaN,NaN,NaN,NaN,NaN,NaN,NaN
6,NaN,NaN,NaN,NaN,NaN,NaN,NaN,NaN
7,NaN,NaN,NaN,NaN,NaN,NaN,NaN,NaN
8,NaN,NaN,NaN,NaN,NaN,NaN,NaN,NaN
9,NaN,NaN,NaN,NaN,NaN,NaN,NaN,NaN
10,NaN,NaN,NaN,NaN,NaN,NaN,NaN,NaN
11,NaN,NaN,NaN,NaN,NaN,NaN,NaN,NaN
1,NaN,NaN,NaN,NaN,NaN,NaN,NaN,NaN
2,NaN,NaN,NaN,NaN,NaN,NaN,NaN,NaN
3,NaN,NaN,NaN,NaN,NaN,NaN,NaN,NaN
4,NaN,NaN,NaN,NaN,NaN,NaN,NaN,NaN
5,NaN,NaN,NaN,NaN,NaN,NaN,NaN,NaN
6,NaN,NaN,NaN,NaN,NaN,NaN,NaN,NaN
7,NaN,NaN,NaN,NaN,NaN,NaN,NaN,NaN
8,NaN,NaN,NaN,NaN,NaN,NaN,NaN,NaN
9,NaN,NaN,NaN,NaN,NaN,NaN,NaN,NaN
10,NaN,NaN,NaN,NaN,NaN,NaN,NaN,NaN
11,NaN,NaN,NaN,NaN,NaN,NaN,NaN,NaN
1,NaN,NaN,NaN,NaN,NaN,NaN,NaN,NaN
2,NaN,NaN,NaN,NaN,NaN,NaN,NaN,NaN
3,NaN,NaN,NaN,NaN,NaN,NaN,NaN,NaN
4,NaN,NaN,NaN,NaN,NaN,NaN,NaN,NaN
5,NaN,NaN,NaN,NaN,NaN,NaN,NaN,NaN
6,NaN,NaN,NaN,NaN,NaN,NaN,NaN,NaN
7,NaN,NaN,NaN,NaN,NaN,NaN,NaN,NaN
8,NaN,NaN,NaN,NaN,NaN,NaN,NaN,NaN
9,NaN,NaN,NaN,NaN,NaN,NaN,NaN,NaN
10,NaN,NaN,NaN,NaN,NaN,NaN,NaN,NaN
11,NaN,NaN,NaN,NaN,NaN,NaN,NaN,NaN
1,NaN,NaN,NaN,NaN,NaN,NaN,NaN,NaN
2,NaN,NaN,NaN,NaN,NaN,NaN,NaN,NaN
3,NaN,NaN,NaN,NaN,NaN,NaN,NaN,NaN
4,NaN,NaN,NaN,NaN,NaN,NaN,NaN,NaN
5,NaN,NaN,NaN,NaN,NaN,NaN,NaN,NaN
6,NaN,NaN,NaN,NaN,NaN,NaN,NaN,NaN
7,NaN,NaN,NaN,NaN,NaN,NaN,NaN,NaN
8,NaN,NaN,NaN,NaN,NaN,NaN,NaN,NaN
9,NaN,NaN,NaN,NaN,NaN,NaN,NaN,NaN
10,NaN,NaN,NaN,NaN,NaN,NaN,NaN,NaN
11,NaN,NaN,NaN,NaN,NaN,NaN,NaN,NaN
1,NaN,NaN,NaN,NaN,NaN,NaN,NaN,NaN
2,NaN,NaN,NaN,NaN,NaN,NaN,NaN,NaN
3,NaN,NaN,NaN,NaN,NaN,NaN,NaN,NaN
4,NaN,NaN,NaN,NaN,NaN,NaN,NaN,NaN
5,NaN,NaN,NaN,NaN,NaN,NaN,NaN,NaN
6,NaN,NaN,NaN,NaN,NaN,NaN,NaN,NaN
7,NaN,NaN,NaN,NaN,NaN,NaN,NaN,NaN
8,NaN,NaN,NaN,NaN,NaN,NaN,NaN,NaN
9,NaN,NaN,NaN,NaN,NaN,NaN,NaN,NaN
10,NaN,NaN,NaN,NaN,NaN,NaN,NaN,NaN
11,NaN,NaN,NaN,NaN,NaN,NaN,NaN,NaN
1,NaN,NaN,NaN,NaN,NaN,NaN,NaN,NaN
2,NaN,NaN,NaN,NaN,NaN,NaN,NaN,NaN
3,NaN,NaN,NaN,NaN,NaN,NaN,NaN,NaN
4,NaN,NaN,NaN,NaN,NaN,NaN,NaN,NaN
5,NaN,NaN,NaN,NaN,NaN,NaN,NaN,NaN
6,NaN,NaN,NaN,NaN,NaN,NaN,NaN,NaN
7,NaN,NaN,NaN,NaN,NaN,NaN,NaN,NaN
8,NaN,NaN,NaN,NaN,NaN,NaN,NaN,NaN
9,NaN,NaN,NaN,NaN,NaN,NaN,NaN,NaN
10,NaN,NaN,NaN,NaN,NaN,NaN,NaN,NaN
11,NaN,NaN,NaN,NaN,NaN,NaN,NaN,NaN
1,NaN,NaN,NaN,NaN,NaN,NaN,NaN,NaN
2,NaN,NaN,NaN,NaN,NaN,NaN,NaN,NaN
3,NaN,NaN,NaN,NaN,NaN,NaN,NaN,NaN
4,NaN,NaN,NaN,NaN,NaN,NaN,NaN,NaN
5,NaN,NaN,NaN,NaN,NaN,NaN,NaN,NaN
6,NaN,NaN,NaN,NaN,NaN,NaN,NaN,NaN
7,NaN,NaN,NaN,NaN,NaN,NaN,NaN,NaN
8,NaN,NaN,NaN,NaN,NaN,NaN,NaN,NaN
9,NaN,NaN,NaN,NaN,NaN,NaN,NaN,NaN
10,NaN,NaN,NaN,NaN,NaN,NaN,NaN,NaN
11,NaN,NaN,NaN,NaN,NaN,NaN,NaN,NaN
1,NaN,NaN,NaN,NaN,NaN,NaN,NaN,NaN
2,NaN,NaN,NaN,NaN,NaN,NaN,NaN,NaN
3,NaN,NaN,NaN,NaN,NaN,NaN,NaN,NaN
4,NaN,NaN,NaN,NaN,NaN,NaN,NaN,NaN
5,NaN,NaN,NaN,NaN,NaN,NaN,NaN,NaN
6,NaN,NaN,NaN,NaN,NaN,NaN,NaN,NaN
7,NaN,NaN,NaN,NaN,NaN,NaN,NaN,NaN
8,NaN,NaN,NaN,NaN,NaN,NaN,NaN,NaN
9,NaN,NaN,NaN,NaN,NaN,NaN,NaN,NaN
10,NaN,NaN,NaN,NaN,NaN,NaN,NaN,NaN
11,NaN,NaN,NaN,NaN,NaN,NaN,NaN,NaN
1,NaN,NaN,NaN,NaN,NaN,NaN,NaN,NaN
2,NaN,NaN,NaN,NaN,NaN,NaN,NaN,NaN
3,NaN,NaN,NaN,NaN,NaN,NaN,NaN,NaN
4,NaN,NaN,NaN,NaN,NaN,NaN,NaN,NaN
5,NaN,NaN,NaN,NaN,NaN,NaN,NaN,NaN
6,NaN,NaN,NaN,NaN,NaN,NaN,NaN,NaN
7,NaN,NaN,NaN,NaN,NaN,NaN,NaN,NaN
8,NaN,NaN,NaN,NaN,NaN,NaN,NaN,NaN
9,NaN,NaN,NaN,NaN,NaN,NaN,NaN,NaN
10,NaN,NaN,NaN,NaN,NaN,NaN,NaN,NaN
11,NaN,NaN,NaN,NaN,NaN,NaN,NaN,NaN
1,NaN,NaN,NaN,NaN,NaN,NaN,NaN,NaN
2,NaN,NaN,NaN,NaN,NaN,NaN,NaN,NaN
3,NaN,NaN,NaN,NaN,NaN,NaN,NaN,NaN
4,NaN,NaN,NaN,NaN,NaN,NaN,NaN,NaN
5,NaN,NaN,NaN,NaN,NaN,NaN,NaN,NaN
6,NaN,NaN,NaN,NaN,NaN,NaN,NaN,NaN
7,NaN,NaN,NaN,NaN,NaN,NaN,NaN,NaN
8,NaN,NaN,NaN,NaN,NaN,NaN,NaN,NaN
9,NaN,NaN,NaN,NaN,NaN,NaN,NaN,NaN
10,NaN,NaN,NaN,NaN,NaN,NaN,NaN,NaN
11,NaN,NaN,NaN,NaN,NaN,NaN,NaN,NaN
1,NaN,NaN,NaN,NaN,NaN,NaN,NaN,NaN
2,NaN,NaN,NaN,NaN,NaN,NaN,NaN,NaN
3,NaN,NaN,NaN,NaN,NaN,NaN,NaN,NaN
4,NaN,NaN,NaN,NaN,NaN,NaN,NaN,NaN
5,NaN,NaN,NaN,NaN,NaN,NaN,NaN,NaN
6,NaN,NaN,NaN,NaN,NaN,NaN,NaN,NaN
7,NaN,NaN,NaN,NaN,NaN,NaN,NaN,NaN
8,NaN,NaN,NaN,NaN,NaN,NaN,NaN,NaN
9,NaN,NaN,NaN,NaN,NaN,NaN,NaN,NaN
10,NaN,NaN,NaN,NaN,NaN,NaN,NaN,NaN
11,NaN,NaN,NaN,NaN,NaN,NaN,NaN,NaN
1,NaN,NaN,NaN,NaN,NaN,NaN,NaN,NaN
2,NaN,NaN,NaN,NaN,NaN,NaN,NaN,NaN
3,NaN,NaN,NaN,NaN,NaN,NaN,NaN,NaN
4,NaN,NaN,NaN,NaN,NaN,NaN,NaN,NaN
5,NaN,NaN,NaN,NaN,NaN,NaN,NaN,NaN
6,NaN,NaN,NaN,NaN,NaN,NaN,NaN,NaN
7,NaN,NaN,NaN,NaN,NaN,NaN,NaN,NaN
8,NaN,NaN,NaN,NaN,NaN,NaN,NaN,NaN
9,NaN,NaN,NaN,NaN,NaN,NaN,NaN,NaN
10,NaN,NaN,NaN,NaN,NaN,NaN,NaN,NaN
11,NaN,NaN,NaN,NaN,NaN,NaN,NaN,NaN
1,NaN,NaN,NaN,NaN,NaN,NaN,NaN,NaN
2,NaN,NaN,NaN,NaN,NaN,NaN,NaN,NaN
3,NaN,NaN,NaN,NaN,NaN,NaN,NaN,NaN
4,NaN,NaN,NaN,NaN,NaN,NaN,NaN,NaN
5,NaN,NaN,NaN,NaN,NaN,NaN,NaN,NaN
6,NaN,NaN,NaN,NaN,NaN,NaN,NaN,NaN
7,NaN,NaN,NaN,NaN,NaN,NaN,NaN,NaN
8,NaN,NaN,NaN,NaN,NaN,NaN,NaN,NaN
9,NaN,NaN,NaN,NaN,NaN,NaN,NaN,NaN
10,NaN,NaN,NaN,NaN,NaN,NaN,NaN,NaN
11,NaN,NaN,NaN,NaN,NaN,NaN,NaN,NaN
1,NaN,NaN,NaN,NaN,NaN,NaN,NaN,NaN
2,NaN,NaN,NaN,NaN,NaN,NaN,NaN,NaN
3,NaN,NaN,NaN,NaN,NaN,NaN,NaN,NaN
4,NaN,NaN,NaN,NaN,NaN,NaN,NaN,NaN
5,NaN,NaN,NaN,NaN,NaN,NaN,NaN,NaN
6,NaN,NaN,NaN,NaN,NaN,NaN,NaN,NaN
7,NaN,NaN,NaN,NaN,NaN,NaN,NaN,NaN
8,NaN,NaN,NaN,NaN,NaN,NaN,NaN,NaN
9,NaN,NaN,NaN,NaN,NaN,NaN,NaN,NaN
10,NaN,NaN,NaN,NaN,NaN,NaN,NaN,NaN
11,NaN,NaN,NaN,NaN,NaN,NaN,NaN,NaN
1,NaN,NaN,NaN,NaN,NaN,NaN,NaN,NaN
2,NaN,NaN,NaN,NaN,NaN,NaN,NaN,NaN
3,NaN,NaN,NaN,NaN,NaN,NaN,NaN,NaN
4,NaN,NaN,NaN,NaN,NaN,NaN,NaN,NaN
5,NaN,NaN,NaN,NaN,NaN,NaN,NaN,NaN
6,NaN,NaN,NaN,NaN,NaN,NaN,NaN,NaN
7,NaN,NaN,NaN,NaN,NaN,NaN,NaN,NaN
8,NaN,NaN,NaN,NaN,NaN,NaN,NaN,NaN
9,NaN,NaN,NaN,NaN,NaN,NaN,NaN,NaN
10,NaN,NaN,NaN,NaN,NaN,NaN,NaN,NaN
11,NaN,NaN,NaN,NaN,NaN,NaN,NaN,NaN
1,NaN,NaN,NaN,NaN,NaN,NaN,NaN,NaN
2,NaN,NaN,NaN,NaN,NaN,NaN,NaN,NaN
3,NaN,NaN,NaN,NaN,NaN,NaN,NaN,NaN
4,NaN,NaN,NaN,NaN,NaN,NaN,NaN,NaN
5,NaN,NaN,NaN,NaN,NaN,NaN,NaN,NaN
6,NaN,NaN,NaN,NaN,NaN,NaN,NaN,NaN
7,NaN,NaN,NaN,NaN,NaN,NaN,NaN,NaN
8,NaN,NaN,NaN,NaN,NaN,NaN,NaN,NaN
9,NaN,NaN,NaN,NaN,NaN,NaN,NaN,NaN
10,NaN,NaN,NaN,NaN,NaN,NaN,NaN,NaN
11,NaN,NaN,NaN,NaN,NaN,NaN,NaN,NaN
1,NaN,NaN,NaN,NaN,NaN,NaN,NaN,NaN
2,NaN,NaN,NaN,NaN,NaN,NaN,NaN,NaN
3,NaN,NaN,NaN,NaN,NaN,NaN,NaN,NaN
4,NaN,NaN,NaN,NaN,NaN,NaN,NaN,NaN
5,NaN,NaN,NaN,NaN,NaN,NaN,NaN,NaN
6,NaN,NaN,NaN,NaN,NaN,NaN,NaN,NaN
7,NaN,NaN,NaN,NaN,NaN,NaN,NaN,NaN
8,NaN,NaN,NaN,NaN,NaN,NaN,NaN,NaN
9,NaN,NaN,NaN,NaN,NaN,NaN,NaN,NaN
10,NaN,NaN,NaN,NaN,NaN,NaN,NaN,NaN
11,NaN,NaN,NaN,NaN,NaN,NaN,NaN,NaN
1,NaN,NaN,NaN,NaN,NaN,NaN,NaN,NaN
2,NaN,NaN,NaN,NaN,NaN,NaN,NaN,NaN
3,NaN,NaN,NaN,NaN,NaN,NaN,NaN,NaN
4,NaN,NaN,NaN,NaN,NaN,NaN,NaN,NaN
5,NaN,NaN,NaN,NaN,NaN,NaN,NaN,NaN
6,NaN,NaN,NaN,NaN,NaN,NaN,NaN,NaN
7,NaN,NaN,NaN,NaN,NaN,NaN,NaN,NaN
8,NaN,NaN,NaN,NaN,NaN,NaN,NaN,NaN
9,NaN,NaN,NaN,NaN,NaN,NaN,NaN,NaN
10,NaN,NaN,NaN,NaN,NaN,NaN,NaN,NaN
11,NaN,NaN,NaN,NaN,NaN,NaN,NaN,NaN
1,NaN,NaN,NaN,NaN,NaN,NaN,NaN,NaN
2,NaN,NaN,NaN,NaN,NaN,NaN,NaN,NaN
3,NaN,NaN,NaN,NaN,NaN,NaN,NaN,NaN
4,NaN,NaN,NaN,NaN,NaN,NaN,NaN,NaN
5,NaN,NaN,NaN,NaN,NaN,NaN,NaN,NaN
6,NaN,NaN,NaN,NaN,NaN,NaN,NaN,NaN
7,NaN,NaN,NaN,NaN,NaN,NaN,NaN,NaN
8,NaN,NaN,NaN,NaN,NaN,NaN,NaN,NaN
9,NaN,NaN,NaN,NaN,NaN,NaN,NaN,NaN
10,NaN,NaN,NaN,NaN,NaN,NaN,NaN,NaN
11,NaN,NaN,NaN,NaN,NaN,NaN,NaN,NaN
1,NaN,NaN,NaN,NaN,NaN,NaN,NaN,NaN
2,NaN,NaN,NaN,NaN,NaN,NaN,NaN,NaN
3,NaN,NaN,NaN,NaN,NaN,NaN,NaN,NaN
4,NaN,NaN,NaN,NaN,NaN,NaN,NaN,NaN
5,NaN,NaN,NaN,NaN,NaN,NaN,NaN,NaN
6,NaN,NaN,NaN,NaN,NaN,NaN,NaN,NaN
7,NaN,NaN,NaN,NaN,NaN,NaN,NaN,NaN
8,NaN,NaN,NaN,NaN,NaN,NaN,NaN,NaN
9,NaN,NaN,NaN,NaN,NaN,NaN,NaN,NaN
10,NaN,NaN,NaN,NaN,NaN,NaN,NaN,NaN
11,NaN,NaN,NaN,NaN,NaN,NaN,NaN,NaN
1,NaN,NaN,NaN,NaN,NaN,NaN,NaN,NaN
2,NaN,NaN,NaN,NaN,NaN,NaN,NaN,NaN
3,NaN,NaN,NaN,NaN,NaN,NaN,NaN,NaN
4,NaN,NaN,NaN,NaN,NaN,NaN,NaN,NaN
5,NaN,NaN,NaN,NaN,NaN,NaN,NaN,NaN
6,NaN,NaN,NaN,NaN,NaN,NaN,NaN,NaN
7,NaN,NaN,NaN,NaN,NaN,NaN,NaN,NaN
8,NaN,NaN,NaN,NaN,NaN,NaN,NaN,NaN
9,NaN,NaN,NaN,NaN,NaN,NaN,NaN,NaN
10,NaN,NaN,NaN,NaN,NaN,NaN,NaN,NaN
11,NaN,NaN,NaN,NaN,NaN,NaN,NaN,NaN
1,NaN,NaN,NaN,NaN,NaN,NaN,NaN,NaN
2,NaN,NaN,NaN,NaN,NaN,NaN,NaN,NaN
3,NaN,NaN,NaN,NaN,NaN,NaN,NaN,NaN
4,NaN,NaN,NaN,NaN,NaN,NaN,NaN,NaN
5,NaN,NaN,NaN,NaN,NaN,NaN,NaN,NaN
6,NaN,NaN,NaN,NaN,NaN,NaN,NaN,NaN
7,NaN,NaN,NaN,NaN,NaN,NaN,NaN,NaN
8,NaN,NaN,NaN,NaN,NaN,NaN,NaN,NaN
9,NaN,NaN,NaN,NaN,NaN,NaN,NaN,NaN
10,NaN,NaN,NaN,NaN,NaN,NaN,NaN,NaN
11,NaN,NaN,NaN,NaN,NaN,NaN,NaN,NaN
1,NaN,NaN,NaN,NaN,NaN,NaN,NaN,NaN
2,NaN,NaN,NaN,NaN,NaN,NaN,NaN,NaN
3,NaN,NaN,NaN,NaN,NaN,NaN,NaN,NaN
4,NaN,NaN,NaN,NaN,NaN,NaN,NaN,NaN
5,NaN,NaN,NaN,NaN,NaN,NaN,NaN,NaN
6,NaN,NaN,NaN,NaN,NaN,NaN,NaN,NaN
7,NaN,NaN,NaN,NaN,NaN,NaN,NaN,NaN
8,NaN,NaN,NaN,NaN,NaN,NaN,NaN,NaN
9,NaN,NaN,NaN,NaN,NaN,NaN,NaN,NaN
10,NaN,NaN,NaN,NaN,NaN,NaN,NaN,NaN
11,NaN,NaN,NaN,NaN,NaN,NaN,NaN,NaN
1,NaN,NaN,NaN,NaN,NaN,NaN,NaN,NaN
2,NaN,NaN,NaN,NaN,NaN,NaN,NaN,NaN
3,NaN,NaN,NaN,NaN,NaN,NaN,NaN,NaN
4,NaN,NaN,NaN,NaN,NaN,NaN,NaN,NaN
5,NaN,NaN,NaN,NaN,NaN,NaN,NaN,NaN
6,NaN,NaN,NaN,NaN,NaN,NaN,NaN,NaN
7,NaN,NaN,NaN,NaN,NaN,NaN,NaN,NaN
8,NaN,NaN,NaN,NaN,NaN,NaN,NaN,NaN
9,NaN,NaN,NaN,NaN,NaN,NaN,NaN,NaN
10,NaN,NaN,NaN,NaN,NaN,NaN,NaN,NaN
11,NaN,NaN,NaN,NaN,NaN,NaN,NaN,NaN
1,NaN,NaN,NaN,NaN,NaN,NaN,NaN,NaN
2,NaN,NaN,NaN,NaN,NaN,NaN,NaN,NaN
3,NaN,NaN,NaN,NaN,NaN,NaN,NaN,NaN
4,NaN,NaN,NaN,NaN,NaN,NaN,NaN,NaN
5,NaN,NaN,NaN,NaN,NaN,NaN,NaN,NaN
6,NaN,NaN,NaN,NaN,NaN,NaN,NaN,NaN
7,NaN,NaN,NaN,NaN,NaN,NaN,NaN,NaN
8,NaN,NaN,NaN,NaN,NaN,NaN,NaN,NaN
9,NaN,NaN,NaN,NaN,NaN,NaN,NaN,NaN
10,NaN,NaN,NaN,NaN,NaN,NaN,NaN,NaN
11,NaN,NaN,NaN,NaN,NaN,NaN,NaN,NaN
1,NaN,NaN,NaN,NaN,NaN,NaN,NaN,NaN
2,NaN,NaN,NaN,NaN,NaN,NaN,NaN,NaN
3,NaN,NaN,NaN,NaN,NaN,NaN,NaN,NaN
4,NaN,NaN,NaN,NaN,NaN,NaN,NaN,NaN
5,NaN,NaN,NaN,NaN,NaN,NaN,NaN,NaN
6,NaN,NaN,NaN,NaN,NaN,NaN,NaN,NaN
7,NaN,NaN,NaN,NaN,NaN,NaN,NaN,NaN
8,NaN,NaN,NaN,NaN,NaN,NaN,NaN,NaN
9,NaN,NaN,NaN,NaN,NaN,NaN,NaN,NaN
10,NaN,NaN,NaN,NaN,NaN,NaN,NaN,NaN
11,NaN,NaN,NaN,NaN,NaN,NaN,NaN,NaN
1,NaN,NaN,NaN,NaN,NaN,NaN,NaN,NaN
2,NaN,NaN,NaN,NaN,NaN,NaN,NaN,NaN
3,NaN,NaN,NaN,NaN,NaN,NaN,NaN,NaN
4,NaN,NaN,NaN,NaN,NaN,NaN,NaN,NaN
5,NaN,NaN,NaN,NaN,NaN,NaN,NaN,NaN
6,NaN,NaN,NaN,NaN,NaN,NaN,NaN,NaN
7,NaN,NaN,NaN,NaN,NaN,NaN,NaN,NaN
8,NaN,NaN,NaN,NaN,NaN,NaN,NaN,NaN
9,NaN,NaN,NaN,NaN,NaN,NaN,NaN,NaN
10,NaN,NaN,NaN,NaN,NaN,NaN,NaN,NaN
11,NaN,NaN,NaN,NaN,NaN,NaN,NaN,NaN
1,NaN,NaN,NaN,NaN,NaN,NaN,NaN,NaN
2,NaN,NaN,NaN,NaN,NaN,NaN,NaN,NaN
3,NaN,NaN,NaN,NaN,NaN,NaN,NaN,NaN
4,NaN,NaN,NaN,NaN,NaN,NaN,NaN,NaN
5,NaN,NaN,NaN,NaN,NaN,NaN,NaN,NaN
6,NaN,NaN,NaN,NaN,NaN,NaN,NaN,NaN
7,NaN,NaN,NaN,NaN,NaN,NaN,NaN,NaN
8,NaN,NaN,NaN,NaN,NaN,NaN,NaN,NaN
9,NaN,NaN,NaN,NaN,NaN,NaN,NaN,NaN
10,NaN,NaN,NaN,NaN,NaN,NaN,NaN,NaN
11,NaN,NaN,NaN,NaN,NaN,NaN,NaN,NaN
1,NaN,NaN,NaN,NaN,NaN,NaN,NaN,NaN
2,NaN,NaN,NaN,NaN,NaN,NaN,NaN,NaN
3,NaN,NaN,NaN,NaN,NaN,NaN,NaN,NaN
4,NaN,NaN,NaN,NaN,NaN,NaN,NaN,NaN
5,NaN,NaN,NaN,NaN,NaN,NaN,NaN,NaN
6,NaN,NaN,NaN,NaN,NaN,NaN,NaN,NaN
7,NaN,NaN,NaN,NaN,NaN,NaN,NaN,NaN
8,NaN,NaN,NaN,NaN,NaN,NaN,NaN,NaN
9,NaN,NaN,NaN,NaN,NaN,NaN,NaN,NaN
10,NaN,NaN,NaN,NaN,NaN,NaN,NaN,NaN
11,NaN,NaN,NaN,NaN,NaN,NaN,NaN,NaN
1,NaN,NaN,NaN,NaN,NaN,NaN,NaN,NaN
2,NaN,NaN,NaN,NaN,NaN,NaN,NaN,NaN
3,NaN,NaN,NaN,NaN,NaN,NaN,NaN,NaN
4,NaN,NaN,NaN,NaN,NaN,NaN,NaN,NaN
5,NaN,NaN,NaN,NaN,NaN,NaN,NaN,NaN
6,NaN,NaN,NaN,NaN,NaN,NaN,NaN,NaN
7,NaN,NaN,NaN,NaN,NaN,NaN,NaN,NaN
8,NaN,NaN,NaN,NaN,NaN,NaN,NaN,NaN
9,NaN,NaN,NaN,NaN,NaN,NaN,NaN,NaN
10,NaN,NaN,NaN,NaN,NaN,NaN,NaN,NaN
11,NaN,NaN,NaN,NaN,NaN,NaN,NaN,NaN
1,NaN,NaN,NaN,NaN,NaN,NaN,NaN,NaN
2,NaN,NaN,NaN,NaN,NaN,NaN,NaN,NaN
3,NaN,NaN,NaN,NaN,NaN,NaN,NaN,NaN
4,NaN,NaN,NaN,NaN,NaN,NaN,NaN,NaN
5,NaN,NaN,NaN,NaN,NaN,NaN,NaN,NaN
6,NaN,NaN,NaN,NaN,NaN,NaN,NaN,NaN
7,NaN,NaN,NaN,NaN,NaN,NaN,NaN,NaN
8,NaN,NaN,NaN,NaN,NaN,NaN,NaN,NaN
9,NaN,NaN,NaN,NaN,NaN,NaN,NaN,NaN
10,NaN,NaN,NaN,NaN,NaN,NaN,NaN,NaN
11,NaN,NaN,NaN,NaN,NaN,NaN,NaN,NaN
1,NaN,NaN,NaN,NaN,NaN,NaN,NaN,NaN
2,NaN,NaN,NaN,NaN,NaN,NaN,NaN,NaN
3,NaN,NaN,NaN,NaN,NaN,NaN,NaN,NaN
4,NaN,NaN,NaN,NaN,NaN,NaN,NaN,NaN
5,NaN,NaN,NaN,NaN,NaN,NaN,NaN,NaN
6,NaN,NaN,NaN,NaN,NaN,NaN,NaN,NaN
7,NaN,NaN,NaN,NaN,NaN,NaN,NaN,NaN
8,NaN,NaN,NaN,NaN,NaN,NaN,NaN,NaN
9,NaN,NaN,NaN,NaN,NaN,NaN,NaN,NaN
10,NaN,NaN,NaN,NaN,NaN,NaN,NaN,NaN
11,NaN,NaN,NaN,NaN,NaN,NaN,NaN,NaN
1,NaN,NaN,NaN,NaN,NaN,NaN,NaN,NaN
2,NaN,NaN,NaN,NaN,NaN,NaN,NaN,NaN
3,NaN,NaN,NaN,NaN,NaN,NaN,NaN,NaN
4,NaN,NaN,NaN,NaN,NaN,NaN,NaN,NaN
5,NaN,NaN,NaN,NaN,NaN,NaN,NaN,NaN
6,NaN,NaN,NaN,NaN,NaN,NaN,NaN,NaN
7,NaN,NaN,NaN,NaN,NaN,NaN,NaN,NaN
8,NaN,NaN,NaN,NaN,NaN,NaN,NaN,NaN
9,NaN,NaN,NaN,NaN,NaN,NaN,NaN,NaN
10,NaN,NaN,NaN,NaN,NaN,NaN,NaN,NaN
11,NaN,NaN,NaN,NaN,NaN,NaN,NaN,NaN
1,NaN,NaN,NaN,NaN,NaN,NaN,NaN,NaN
2,NaN,NaN,NaN,NaN,NaN,NaN,NaN,NaN
3,NaN,NaN,NaN,NaN,NaN,NaN,NaN,NaN
4,NaN,NaN,NaN,NaN,NaN,NaN,NaN,NaN
5,NaN,NaN,NaN,NaN,NaN,NaN,NaN,NaN
6,NaN,NaN,NaN,NaN,NaN,NaN,NaN,NaN
7,NaN,NaN,NaN,NaN,NaN,NaN,NaN,NaN
8,NaN,NaN,NaN,NaN,NaN,NaN,NaN,NaN
9,NaN,NaN,NaN,NaN,NaN,NaN,NaN,NaN
10,NaN,NaN,NaN,NaN,NaN,NaN,NaN,NaN
11,NaN,NaN,NaN,NaN,NaN,NaN,NaN,NaN
1,NaN,NaN,NaN,NaN,NaN,NaN,NaN,NaN
2,NaN,NaN,NaN,NaN,NaN,NaN,NaN,NaN
3,NaN,NaN,NaN,NaN,NaN,NaN,NaN,NaN
4,NaN,NaN,NaN,NaN,NaN,NaN,NaN,NaN
5,NaN,NaN,NaN,NaN,NaN,NaN,NaN,NaN
6,NaN,NaN,NaN,NaN,NaN,NaN,NaN,NaN
7,NaN,NaN,NaN,NaN,NaN,NaN,NaN,NaN
8,NaN,NaN,NaN,NaN,NaN,NaN,NaN,NaN
9,NaN,NaN,NaN,NaN,NaN,NaN,NaN,NaN
10,NaN,NaN,NaN,NaN,NaN,NaN,NaN,NaN
11,NaN,NaN,NaN,NaN,NaN,NaN,NaN,NaN
1,NaN,NaN,NaN,NaN,NaN,NaN,NaN,NaN
2,NaN,NaN,NaN,NaN,NaN,NaN,NaN,NaN
3,NaN,NaN,NaN,NaN,NaN,NaN,NaN,NaN
4,NaN,NaN,NaN,NaN,NaN,NaN,NaN,NaN
5,NaN,NaN,NaN,NaN,NaN,NaN,NaN,NaN
6,NaN,NaN,NaN,NaN,NaN,NaN,NaN,NaN
7,NaN,NaN,NaN,NaN,NaN,NaN,NaN,NaN
8,NaN,NaN,NaN,NaN,NaN,NaN,NaN,NaN
9,NaN,NaN,NaN,NaN,NaN,NaN,NaN,NaN
10,NaN,NaN,NaN,NaN,NaN,NaN,NaN,NaN
11,NaN,NaN,NaN,NaN,NaN,NaN,NaN,NaN
1,NaN,NaN,NaN,NaN,NaN,NaN,NaN,NaN
2,NaN,NaN,NaN,NaN,NaN,NaN,NaN,NaN
3,NaN,NaN,NaN,NaN,NaN,NaN,NaN,NaN
4,NaN,NaN,NaN,NaN,NaN,NaN,NaN,NaN
5,NaN,NaN,NaN,NaN,NaN,NaN,NaN,NaN
6,NaN,NaN,NaN,NaN,NaN,NaN,NaN,NaN
7,NaN,NaN,NaN,NaN,NaN,NaN,NaN,NaN
8,NaN,NaN,NaN,NaN,NaN,NaN,NaN,NaN
9,NaN,NaN,NaN,NaN,NaN,NaN,NaN,NaN
10,NaN,NaN,NaN,NaN,NaN,NaN,NaN,NaN
11,NaN,NaN,NaN,NaN,NaN,NaN,NaN,NaN
1,NaN,NaN,NaN,NaN,NaN,NaN,NaN,NaN
2,NaN,NaN,NaN,NaN,NaN,NaN,NaN,NaN
3,NaN,NaN,NaN,NaN,NaN,NaN,NaN,NaN
4,NaN,NaN,NaN,NaN,NaN,NaN,NaN,NaN
5,NaN,NaN,NaN,NaN,NaN,NaN,NaN,NaN
6,NaN,NaN,NaN,NaN,NaN,NaN,NaN,NaN
7,NaN,NaN,NaN,NaN,NaN,NaN,NaN,NaN
8,NaN,NaN,NaN,NaN,NaN,NaN,NaN,NaN
9,NaN,NaN,NaN,NaN,NaN,NaN,NaN,NaN
10,NaN,NaN,NaN,NaN,NaN,NaN,NaN,NaN
11,NaN,NaN,NaN,NaN,NaN,NaN,NaN,NaN
1,NaN,NaN,NaN,NaN,NaN,NaN,NaN,NaN
2,NaN,NaN,NaN,NaN,NaN,NaN,NaN,NaN
3,NaN,NaN,NaN,NaN,NaN,NaN,NaN,NaN
4,NaN,NaN,NaN,NaN,NaN,NaN,NaN,NaN
5,NaN,NaN,NaN,NaN,NaN,NaN,NaN,NaN
6,NaN,NaN,NaN,NaN,NaN,NaN,NaN,NaN
7,NaN,NaN,NaN,NaN,NaN,NaN,NaN,NaN
8,NaN,NaN,NaN,NaN,NaN,NaN,NaN,NaN
9,NaN,NaN,NaN,NaN,NaN,NaN,NaN,NaN
10,NaN,NaN,NaN,NaN,NaN,NaN,NaN,NaN
11,NaN,NaN,NaN,NaN,NaN,NaN,NaN,NaN
1,NaN,NaN,NaN,NaN,NaN,NaN,NaN,NaN
2,NaN,NaN,NaN,NaN,NaN,NaN,NaN,NaN
3,NaN,NaN,NaN,NaN,NaN,NaN,NaN,NaN
4,NaN,NaN,NaN,NaN,NaN,NaN,NaN,NaN
5,NaN,NaN,NaN,NaN,NaN,NaN,NaN,NaN
6,NaN,NaN,NaN,NaN,NaN,NaN,NaN,NaN
7,NaN,NaN,NaN,NaN,NaN,NaN,NaN,NaN
8,NaN,NaN,NaN,NaN,NaN,NaN,NaN,NaN
9,NaN,NaN,NaN,NaN,NaN,NaN,NaN,NaN
10,NaN,NaN,NaN,NaN,NaN,NaN,NaN,NaN
11,NaN,NaN,NaN,NaN,NaN,NaN,NaN,NaN
1,NaN,NaN,NaN,NaN,NaN,NaN,NaN,NaN
2,NaN,NaN,NaN,NaN,NaN,NaN,NaN,NaN
3,NaN,NaN,NaN,NaN,NaN,NaN,NaN,NaN
4,NaN,NaN,NaN,NaN,NaN,NaN,NaN,NaN
5,NaN,NaN,NaN,NaN,NaN,NaN,NaN,NaN
6,NaN,NaN,NaN,NaN,NaN,NaN,NaN,NaN
7,NaN,NaN,NaN,NaN,NaN,NaN,NaN,NaN
8,NaN,NaN,NaN,NaN,NaN,NaN,NaN,NaN
9,NaN,NaN,NaN,NaN,NaN,NaN,NaN,NaN
10,NaN,NaN,NaN,NaN,NaN,NaN,NaN,NaN
11,NaN,NaN,NaN,NaN,NaN,NaN,NaN,NaN
1,NaN,NaN,NaN,NaN,NaN,NaN,NaN,NaN
2,NaN,NaN,NaN,NaN,NaN,NaN,NaN,NaN
3,NaN,NaN,NaN,NaN,NaN,NaN,NaN,NaN
4,NaN,NaN,NaN,NaN,NaN,NaN,NaN,NaN
5,NaN,NaN,NaN,NaN,NaN,NaN,NaN,NaN
6,NaN,NaN,NaN,NaN,NaN,NaN,NaN,NaN
7,NaN,NaN,NaN,NaN,NaN,NaN,NaN,NaN
8,NaN,NaN,NaN,NaN,NaN,NaN,NaN,NaN
9,NaN,NaN,NaN,NaN,NaN,NaN,NaN,NaN
10,NaN,NaN,NaN,NaN,NaN,NaN,NaN,NaN
11,NaN,NaN,NaN,NaN,NaN,NaN,NaN,NaN
1,NaN,NaN,NaN,NaN,NaN,NaN,NaN,NaN
2,NaN,NaN,NaN,NaN,NaN,NaN,NaN,NaN
3,NaN,NaN,NaN,NaN,NaN,NaN,NaN,NaN
4,NaN,NaN,NaN,NaN,NaN,NaN,NaN,NaN
5,NaN,NaN,NaN,NaN,NaN,NaN,NaN,NaN
6,NaN,NaN,NaN,NaN,NaN,NaN,NaN,NaN
7,NaN,NaN,NaN,NaN,NaN,NaN,NaN,NaN
8,NaN,NaN,NaN,NaN,NaN,NaN,NaN,NaN
9,NaN,NaN,NaN,NaN,NaN,NaN,NaN,NaN
10,NaN,NaN,NaN,NaN,NaN,NaN,NaN,NaN
11,NaN,NaN,NaN,NaN,NaN,NaN,NaN,NaN
1,NaN,NaN,NaN,NaN,NaN,NaN,NaN,NaN
2,NaN,NaN,NaN,NaN,NaN,NaN,NaN,NaN
3,NaN,NaN,NaN,NaN,NaN,NaN,NaN,NaN
4,NaN,NaN,NaN,NaN,NaN,NaN,NaN,NaN
5,NaN,NaN,NaN,NaN,NaN,NaN,NaN,NaN
6,NaN,NaN,NaN,NaN,NaN,NaN,NaN,NaN
7,NaN,NaN,NaN,NaN,NaN,NaN,NaN,NaN
8,NaN,NaN,NaN,NaN,NaN,NaN,NaN,NaN
9,NaN,NaN,NaN,NaN,NaN,NaN,NaN,NaN
10,NaN,NaN,NaN,NaN,NaN,NaN,NaN,NaN
11,NaN,NaN,NaN,NaN,NaN,NaN,NaN,NaN
1,NaN,NaN,NaN,NaN,NaN,NaN,NaN,NaN
2,NaN,NaN,NaN,NaN,NaN,NaN,NaN,NaN
3,NaN,NaN,NaN,NaN,NaN,NaN,NaN,NaN
4,NaN,NaN,NaN,NaN,NaN,NaN,NaN,NaN
5,NaN,NaN,NaN,NaN,NaN,NaN,NaN,NaN
6,NaN,NaN,NaN,NaN,NaN,NaN,NaN,NaN
7,NaN,NaN,NaN,NaN,NaN,NaN,NaN,NaN
8,NaN,NaN,NaN,NaN,NaN,NaN,NaN,NaN
9,NaN,NaN,NaN,NaN,NaN,NaN,NaN,NaN
10,NaN,NaN,NaN,NaN,NaN,NaN,NaN,NaN
11,NaN,NaN,NaN,NaN,NaN,NaN,NaN,NaN
1,NaN,NaN,NaN,NaN,NaN,NaN,NaN,NaN
2,NaN,NaN,NaN,NaN,NaN,NaN,NaN,NaN
3,NaN,NaN,NaN,NaN,NaN,NaN,NaN,NaN
4,NaN,NaN,NaN,NaN,NaN,NaN,NaN,NaN
5,NaN,NaN,NaN,NaN,NaN,NaN,NaN,NaN
6,NaN,NaN,NaN,NaN,NaN,NaN,NaN,NaN
7,NaN,NaN,NaN,NaN,NaN,NaN,NaN,NaN
8,NaN,NaN,NaN,NaN,NaN,NaN,NaN,NaN
9,NaN,NaN,NaN,NaN,NaN,NaN,NaN,NaN
10,NaN,NaN,NaN,NaN,NaN,NaN,NaN,NaN
11,NaN,NaN,NaN,NaN,NaN,NaN,NaN,NaN
1,NaN,NaN,NaN,NaN,NaN,NaN,NaN,NaN
2,NaN,NaN,NaN,NaN,NaN,NaN,NaN,NaN
3,NaN,NaN,NaN,NaN,NaN,NaN,NaN,NaN
4,NaN,NaN,NaN,NaN,NaN,NaN,NaN,NaN
5,NaN,NaN,NaN,NaN,NaN,NaN,NaN,NaN
6,NaN,NaN,NaN,NaN,NaN,NaN,NaN,NaN
7,NaN,NaN,NaN,NaN,NaN,NaN,NaN,NaN
8,NaN,NaN,NaN,NaN,NaN,NaN,NaN,NaN
9,NaN,NaN,NaN,NaN,NaN,NaN,NaN,NaN
10,NaN,NaN,NaN,NaN,NaN,NaN,NaN,NaN
11,NaN,NaN,NaN,NaN,NaN,NaN,NaN,NaN
1,NaN,NaN,NaN,NaN,NaN,NaN,NaN,NaN
2,NaN,NaN,NaN,NaN,NaN,NaN,NaN,NaN
3,NaN,NaN,NaN,NaN,NaN,NaN,NaN,NaN
4,NaN,NaN,NaN,NaN,NaN,NaN,NaN,NaN
5,NaN,NaN,NaN,NaN,NaN,NaN,NaN,NaN
6,NaN,NaN,NaN,NaN,NaN,NaN,NaN,NaN
7,NaN,NaN,NaN,NaN,NaN,NaN,NaN,NaN
8,NaN,NaN,NaN,NaN,NaN,NaN,NaN,NaN
9,NaN,NaN,NaN,NaN,NaN,NaN,NaN,NaN
10,NaN,NaN,NaN,NaN,NaN,NaN,NaN,NaN
11,NaN,NaN,NaN,NaN,NaN,NaN,NaN,NaN
1,NaN,NaN,NaN,NaN,NaN,NaN,NaN,NaN
2,NaN,NaN,NaN,NaN,NaN,NaN,NaN,NaN
3,NaN,NaN,NaN,NaN,NaN,NaN,NaN,NaN
4,NaN,NaN,NaN,NaN,NaN,NaN,NaN,NaN
5,NaN,NaN,NaN,NaN,NaN,NaN,NaN,NaN
6,NaN,NaN,NaN,NaN,NaN,NaN,NaN,NaN
7,NaN,NaN,NaN,NaN,NaN,NaN,NaN,NaN
8,NaN,NaN,NaN,NaN,NaN,NaN,NaN,NaN
9,NaN,NaN,NaN,NaN,NaN,NaN,NaN,NaN
10,NaN,NaN,NaN,NaN,NaN,NaN,NaN,NaN
11,NaN,NaN,NaN,NaN,NaN,NaN,NaN,NaN
1,NaN,NaN,NaN,NaN,NaN,NaN,NaN,NaN
2,NaN,NaN,NaN,NaN,NaN,NaN,NaN,NaN
3,NaN,NaN,NaN,NaN,NaN,NaN,NaN,NaN
4,NaN,NaN,NaN,NaN,NaN,NaN,NaN,NaN
5,NaN,NaN,NaN,NaN,NaN,NaN,NaN,NaN
6,NaN,NaN,NaN,NaN,NaN,NaN,NaN,NaN
7,NaN,NaN,NaN,NaN,NaN,NaN,NaN,NaN
8,NaN,NaN,NaN,NaN,NaN,NaN,NaN,NaN
9,NaN,NaN,NaN,NaN,NaN,NaN,NaN,NaN
10,NaN,NaN,NaN,NaN,NaN,NaN,NaN,NaN
11,NaN,NaN,NaN,NaN,NaN,NaN,NaN,NaN
1,NaN,NaN,NaN,NaN,NaN,NaN,NaN,NaN
2,NaN,NaN,NaN,NaN,NaN,NaN,NaN,NaN
3,NaN,NaN,NaN,NaN,NaN,NaN,NaN,NaN
4,NaN,NaN,NaN,NaN,NaN,NaN,NaN,NaN
5,NaN,NaN,NaN,NaN,NaN,NaN,NaN,NaN
6,NaN,NaN,NaN,NaN,NaN,NaN,NaN,NaN
7,NaN,NaN,NaN,NaN,NaN,NaN,NaN,NaN
8,NaN,NaN,NaN,NaN,NaN,NaN,NaN,NaN
9,NaN,NaN,NaN,NaN,NaN,NaN,NaN,NaN
10,NaN,NaN,NaN,NaN,NaN,NaN,NaN,NaN
11,NaN,NaN,NaN,NaN,NaN,NaN,NaN,NaN
1,NaN,NaN,NaN,NaN,NaN,NaN,NaN,NaN
2,NaN,NaN,NaN,NaN,NaN,NaN,NaN,NaN
3,NaN,NaN,NaN,NaN,NaN,NaN,NaN,NaN
4,NaN,NaN,NaN,NaN,NaN,NaN,NaN,NaN
5,NaN,NaN,NaN,NaN,NaN,NaN,NaN,NaN
6,NaN,NaN,NaN,NaN,NaN,NaN,NaN,NaN
7,NaN,NaN,NaN,NaN,NaN,NaN,NaN,NaN
8,NaN,NaN,NaN,NaN,NaN,NaN,NaN,NaN
9,NaN,NaN,NaN,NaN,NaN,NaN,NaN,NaN
10,NaN,NaN,NaN,NaN,NaN,NaN,NaN,NaN
11,NaN,NaN,NaN,NaN,NaN,NaN,NaN,NaN
1,NaN,NaN,NaN,NaN,NaN,NaN,NaN,NaN
2,NaN,NaN,NaN,NaN,NaN,NaN,NaN,NaN
3,NaN,NaN,NaN,NaN,NaN,NaN,NaN,NaN
4,NaN,NaN,NaN,NaN,NaN,NaN,NaN,NaN
5,NaN,NaN,NaN,NaN,NaN,NaN,NaN,NaN
6,NaN,NaN,NaN,NaN,NaN,NaN,NaN,NaN
7,NaN,NaN,NaN,NaN,NaN,NaN,NaN,NaN
8,NaN,NaN,NaN,NaN,NaN,NaN,NaN,NaN
9,NaN,NaN,NaN,NaN,NaN,NaN,NaN,NaN
10,NaN,NaN,NaN,NaN,NaN,NaN,NaN,NaN
11,NaN,NaN,NaN,NaN,NaN,NaN,NaN,NaN
1,NaN,NaN,NaN,NaN,NaN,NaN,NaN,NaN
2,NaN,NaN,NaN,NaN,NaN,NaN,NaN,NaN
3,NaN,NaN,NaN,NaN,NaN,NaN,NaN,NaN
4,NaN,NaN,NaN,NaN,NaN,NaN,NaN,NaN
5,NaN,NaN,NaN,NaN,NaN,NaN,NaN,NaN
6,NaN,NaN,NaN,NaN,NaN,NaN,NaN,NaN
7,NaN,NaN,NaN,NaN,NaN,NaN,NaN,NaN
8,NaN,NaN,NaN,NaN,NaN,NaN,NaN,NaN
9,NaN,NaN,NaN,NaN,NaN,NaN,NaN,NaN
10,NaN,NaN,NaN,NaN,NaN,NaN,NaN,NaN
11,NaN,NaN,NaN,NaN,NaN,NaN,NaN,NaN
1,NaN,NaN,NaN,NaN,NaN,NaN,NaN,NaN
2,NaN,NaN,NaN,NaN,NaN,NaN,NaN,NaN
3,NaN,NaN,NaN,NaN,NaN,NaN,NaN,NaN
4,NaN,NaN,NaN,NaN,NaN,NaN,NaN,NaN
5,NaN,NaN,NaN,NaN,NaN,NaN,NaN,NaN
6,NaN,NaN,NaN,NaN,NaN,NaN,NaN,NaN
7,NaN,NaN,NaN,NaN,NaN,NaN,NaN,NaN
8,NaN,NaN,NaN,NaN,NaN,NaN,NaN,NaN
9,NaN,NaN,NaN,NaN,NaN,NaN,NaN,NaN
10,NaN,NaN,NaN,NaN,NaN,NaN,NaN,NaN
11,NaN,NaN,NaN,NaN,NaN,NaN,NaN,NaN
1,NaN,NaN,NaN,NaN,NaN,NaN,NaN,NaN
2,NaN,NaN,NaN,NaN,NaN,NaN,NaN,NaN
3,NaN,NaN,NaN,NaN,NaN,NaN,NaN,NaN
4,NaN,NaN,NaN,NaN,NaN,NaN,NaN,NaN
5,NaN,NaN,NaN,NaN,NaN,NaN,NaN,NaN
6,NaN,NaN,NaN,NaN,NaN,NaN,NaN,NaN
7,NaN,NaN,NaN,NaN,NaN,NaN,NaN,NaN
8,NaN,NaN,NaN,NaN,NaN,NaN,NaN,NaN
9,NaN,NaN,NaN,NaN,NaN,NaN,NaN,NaN
10,NaN,NaN,NaN,NaN,NaN,NaN,NaN,NaN
11,NaN,NaN,NaN,NaN,NaN,NaN,NaN,NaN
1,NaN,NaN,NaN,NaN,NaN,NaN,NaN,NaN
2,NaN,NaN,NaN,NaN,NaN,NaN,NaN,NaN
3,NaN,NaN,NaN,NaN,NaN,NaN,NaN,NaN
4,NaN,NaN,NaN,NaN,NaN,NaN,NaN,NaN
5,NaN,NaN,NaN,NaN,NaN,NaN,NaN,NaN
6,NaN,NaN,NaN,NaN,NaN,NaN,NaN,NaN
7,NaN,NaN,NaN,NaN,NaN,NaN,NaN,NaN
8,NaN,NaN,NaN,NaN,NaN,NaN,NaN,NaN
9,NaN,NaN,NaN,NaN,NaN,NaN,NaN,NaN
10,NaN,NaN,NaN,NaN,NaN,NaN,NaN,NaN
11,NaN,NaN,NaN,NaN,NaN,NaN,NaN,NaN
1,NaN,NaN,NaN,NaN,NaN,NaN,NaN,NaN
2,NaN,NaN,NaN,NaN,NaN,NaN,NaN,NaN
3,NaN,NaN,NaN,NaN,NaN,NaN,NaN,NaN
4,NaN,NaN,NaN,NaN,NaN,NaN,NaN,NaN
5,NaN,NaN,NaN,NaN,NaN,NaN,NaN,NaN
6,NaN,NaN,NaN,NaN,NaN,NaN,NaN,NaN
7,NaN,NaN,NaN,NaN,NaN,NaN,NaN,NaN
8,NaN,NaN,NaN,NaN,NaN,NaN,NaN,NaN
9,NaN,NaN,NaN,NaN,NaN,NaN,NaN,NaN
10,NaN,NaN,NaN,NaN,NaN,NaN,NaN,NaN
11,NaN,NaN,NaN,NaN,NaN,NaN,NaN,NaN
1,NaN,NaN,NaN,NaN,NaN,NaN,NaN,NaN
2,NaN,NaN,NaN,NaN,NaN,NaN,NaN,NaN
3,NaN,NaN,NaN,NaN,NaN,NaN,NaN,NaN
4,NaN,NaN,NaN,NaN,NaN,NaN,NaN,NaN
5,NaN,NaN,NaN,NaN,NaN,NaN,NaN,NaN
6,NaN,NaN,NaN,NaN,NaN,NaN,NaN,NaN
7,NaN,NaN,NaN,NaN,NaN,NaN,NaN,NaN
8,NaN,NaN,NaN,NaN,NaN,NaN,NaN,NaN
9,NaN,NaN,NaN,NaN,NaN,NaN,NaN,NaN
10,NaN,NaN,NaN,NaN,NaN,NaN,NaN,NaN
11,NaN,NaN,NaN,NaN,NaN,NaN,NaN,NaN
1,NaN,NaN,NaN,NaN,NaN,NaN,NaN,NaN
2,NaN,NaN,NaN,NaN,NaN,NaN,NaN,NaN
3,NaN,NaN,NaN,NaN,NaN,NaN,NaN,NaN
4,NaN,NaN,NaN,NaN,NaN,NaN,NaN,NaN
5,NaN,NaN,NaN,NaN,NaN,NaN,NaN,NaN
6,NaN,NaN,NaN,NaN,NaN,NaN,NaN,NaN
7,NaN,NaN,NaN,NaN,NaN,NaN,NaN,NaN
8,NaN,NaN,NaN,NaN,NaN,NaN,NaN,NaN
9,NaN,NaN,NaN,NaN,NaN,NaN,NaN,NaN
10,NaN,NaN,NaN,NaN,NaN,NaN,NaN,NaN
11,NaN,NaN,NaN,NaN,NaN,NaN,NaN,NaN
1,NaN,NaN,NaN,NaN,NaN,NaN,NaN,NaN
2,NaN,NaN,NaN,NaN,NaN,NaN,NaN,NaN
3,NaN,NaN,NaN,NaN,NaN,NaN,NaN,NaN
4,NaN,NaN,NaN,NaN,NaN,NaN,NaN,NaN
5,NaN,NaN,NaN,NaN,NaN,NaN,NaN,NaN
6,NaN,NaN,NaN,NaN,NaN,NaN,NaN,NaN
7,NaN,NaN,NaN,NaN,NaN,NaN,NaN,NaN
8,NaN,NaN,NaN,NaN,NaN,NaN,NaN,NaN
9,NaN,NaN,NaN,NaN,NaN,NaN,NaN,NaN
10,NaN,NaN,NaN,NaN,NaN,NaN,NaN,NaN
11,NaN,NaN,NaN,NaN,NaN,NaN,NaN,NaN
1,NaN,NaN,NaN,NaN,NaN,NaN,NaN,NaN
2,NaN,NaN,NaN,NaN,NaN,NaN,NaN,NaN
3,NaN,NaN,NaN,NaN,NaN,NaN,NaN,NaN
4,NaN,NaN,NaN,NaN,NaN,NaN,NaN,NaN
5,NaN,NaN,NaN,NaN,NaN,NaN,NaN,NaN
6,NaN,NaN,NaN,NaN,NaN,NaN,NaN,NaN
7,NaN,NaN,NaN,NaN,NaN,NaN,NaN,NaN
8,NaN,NaN,NaN,NaN,NaN,NaN,NaN,NaN
9,NaN,NaN,NaN,NaN,NaN,NaN,NaN,NaN
10,NaN,NaN,NaN,NaN,NaN,NaN,NaN,NaN
11,NaN,NaN,NaN,NaN,NaN,NaN,NaN,NaN
1,NaN,NaN,NaN,NaN,NaN,NaN,NaN,NaN
2,NaN,NaN,NaN,NaN,NaN,NaN,NaN,NaN
3,NaN,NaN,NaN,NaN,NaN,NaN,NaN,NaN
4,NaN,NaN,NaN,NaN,NaN,NaN,NaN,NaN
5,NaN,NaN,NaN,NaN,NaN,NaN,NaN,NaN
6,NaN,NaN,NaN,NaN,NaN,NaN,NaN,NaN
7,NaN,NaN,NaN,NaN,NaN,NaN,NaN,NaN
8,NaN,NaN,NaN,NaN,NaN,NaN,NaN,NaN
9,NaN,NaN,NaN,NaN,NaN,NaN,NaN,NaN
10,NaN,NaN,NaN,NaN,NaN,NaN,NaN,NaN
11,NaN,NaN,NaN,NaN,NaN,NaN,NaN,NaN
1,NaN,NaN,NaN,NaN,NaN,NaN,NaN,NaN
2,NaN,NaN,NaN,NaN,NaN,NaN,NaN,NaN
3,NaN,NaN,NaN,NaN,NaN,NaN,NaN,NaN
4,NaN,NaN,NaN,NaN,NaN,NaN,NaN,NaN
5,NaN,NaN,NaN,NaN,NaN,NaN,NaN,NaN
6,NaN,NaN,NaN,NaN,NaN,NaN,NaN,NaN
7,NaN,NaN,NaN,NaN,NaN,NaN,NaN,NaN
8,NaN,NaN,NaN,NaN,NaN,NaN,NaN,NaN
9,NaN,NaN,NaN,NaN,NaN,NaN,NaN,NaN
10,NaN,NaN,NaN,NaN,NaN,NaN,NaN,NaN
11,NaN,NaN,NaN,NaN,NaN,NaN,NaN,NaN
1,NaN,NaN,NaN,NaN,NaN,NaN,NaN,NaN
2,NaN,NaN,NaN,NaN,NaN,NaN,NaN,NaN
3,NaN,NaN,NaN,NaN,NaN,NaN,NaN,NaN
4,NaN,NaN,NaN,NaN,NaN,NaN,NaN,NaN
5,NaN,NaN,NaN,NaN,NaN,NaN,NaN,NaN
6,NaN,NaN,NaN,NaN,NaN,NaN,NaN,NaN
7,NaN,NaN,NaN,NaN,NaN,NaN,NaN,NaN
8,NaN,NaN,NaN,NaN,NaN,NaN,NaN,NaN
9,NaN,NaN,NaN,NaN,NaN,NaN,NaN,NaN
10,NaN,NaN,NaN,NaN,NaN,NaN,NaN,NaN
11,NaN,NaN,NaN,NaN,NaN,NaN,NaN,NaN
1,NaN,NaN,NaN,NaN,NaN,NaN,NaN,NaN
2,NaN,NaN,NaN,NaN,NaN,NaN,NaN,NaN
3,NaN,NaN,NaN,NaN,NaN,NaN,NaN,NaN
4,NaN,NaN,NaN,NaN,NaN,NaN,NaN,NaN
5,NaN,NaN,NaN,NaN,NaN,NaN,NaN,NaN
6,NaN,NaN,NaN,NaN,NaN,NaN,NaN,NaN
7,NaN,NaN,NaN,NaN,NaN,NaN,NaN,NaN
8,NaN,NaN,NaN,NaN,NaN,NaN,NaN,NaN
9,NaN,NaN,NaN,NaN,NaN,NaN,NaN,NaN
10,NaN,NaN,NaN,NaN,NaN,NaN,NaN,NaN
11,NaN,NaN,NaN,NaN,NaN,NaN,NaN,NaN
1,NaN,NaN,NaN,NaN,NaN,NaN,NaN,NaN
2,NaN,NaN,NaN,NaN,NaN,NaN,NaN,NaN
3,NaN,NaN,NaN,NaN,NaN,NaN,NaN,NaN
4,NaN,NaN,NaN,NaN,NaN,NaN,NaN,NaN
5,NaN,NaN,NaN,NaN,NaN,NaN,NaN,NaN
6,NaN,NaN,NaN,NaN,NaN,NaN,NaN,NaN
7,NaN,NaN,NaN,NaN,NaN,NaN,NaN,NaN
8,NaN,NaN,NaN,NaN,NaN,NaN,NaN,NaN
9,NaN,NaN,NaN,NaN,NaN,NaN,NaN,NaN
10,NaN,NaN,NaN,NaN,NaN,NaN,NaN,NaN
11,NaN,NaN,NaN,NaN,NaN,NaN,NaN,NaN
1,NaN,NaN,NaN,NaN,NaN,NaN,NaN,NaN
2,NaN,NaN,NaN,NaN,NaN,NaN,NaN,NaN
3,NaN,NaN,NaN,NaN,NaN,NaN,NaN,NaN
4,NaN,NaN,NaN,NaN,NaN,NaN,NaN,NaN
5,NaN,NaN,NaN,NaN,NaN,NaN,NaN,NaN
6,NaN,NaN,NaN,NaN,NaN,NaN,NaN,NaN
7,NaN,NaN,NaN,NaN,NaN,NaN,NaN,NaN
8,NaN,NaN,NaN,NaN,NaN,NaN,NaN,NaN
9,NaN,NaN,NaN,NaN,NaN,NaN,NaN,NaN
10,NaN,NaN,NaN,NaN,NaN,NaN,NaN,NaN
11,NaN,NaN,NaN,NaN,NaN,NaN,NaN,NaN
1,NaN,NaN,NaN,NaN,NaN,NaN,NaN,NaN
2,NaN,NaN,NaN,NaN,NaN,NaN,NaN,NaN
3,NaN,NaN,NaN,NaN,NaN,NaN,NaN,NaN
4,NaN,NaN,NaN,NaN,NaN,NaN,NaN,NaN
5,NaN,NaN,NaN,NaN,NaN,NaN,NaN,NaN
6,NaN,NaN,NaN,NaN,NaN,NaN,NaN,NaN
7,NaN,NaN,NaN,NaN,NaN,NaN,NaN,NaN
8,NaN,NaN,NaN,NaN,NaN,NaN,NaN,NaN
9,NaN,NaN,NaN,NaN,NaN,NaN,NaN,NaN
10,NaN,NaN,NaN,NaN,NaN,NaN,NaN,NaN
11,NaN,NaN,NaN,NaN,NaN,NaN,NaN,NaN
1,NaN,NaN,NaN,NaN,NaN,NaN,NaN,NaN
2,NaN,NaN,NaN,NaN,NaN,NaN,NaN,NaN
3,NaN,NaN,NaN,NaN,NaN,NaN,NaN,NaN
4,NaN,NaN,NaN,NaN,NaN,NaN,NaN,NaN
5,NaN,NaN,NaN,NaN,NaN,NaN,NaN,NaN
6,NaN,NaN,NaN,NaN,NaN,NaN,NaN,NaN
7,NaN,NaN,NaN,NaN,NaN,NaN,NaN,NaN
8,NaN,NaN,NaN,NaN,NaN,NaN,NaN,NaN
9,NaN,NaN,NaN,NaN,NaN,NaN,NaN,NaN
10,NaN,NaN,NaN,NaN,NaN,NaN,NaN,NaN
11,NaN,NaN,NaN,NaN,NaN,NaN,NaN,NaN
1,NaN,NaN,NaN,NaN,NaN,NaN,NaN,NaN
2,NaN,NaN,NaN,NaN,NaN,NaN,NaN,NaN
3,NaN,NaN,NaN,NaN,NaN,NaN,NaN,NaN
4,NaN,NaN,NaN,NaN,NaN,NaN,NaN,NaN
5,NaN,NaN,NaN,NaN,NaN,NaN,NaN,NaN
6,NaN,NaN,NaN,NaN,NaN,NaN,NaN,NaN
7,NaN,NaN,NaN,NaN,NaN,NaN,NaN,NaN
8,NaN,NaN,NaN,NaN,NaN,NaN,NaN,NaN
9,NaN,NaN,NaN,NaN,NaN,NaN,NaN,NaN
10,NaN,NaN,NaN,NaN,NaN,NaN,NaN,NaN
11,NaN,NaN,NaN,NaN,NaN,NaN,NaN,NaN
1,NaN,NaN,NaN,NaN,NaN,NaN,NaN,NaN
2,NaN,NaN,NaN,NaN,NaN,NaN,NaN,NaN
3,NaN,NaN,NaN,NaN,NaN,NaN,NaN,NaN
4,NaN,NaN,NaN,NaN,NaN,NaN,NaN,NaN
5,NaN,NaN,NaN,NaN,NaN,NaN,NaN,NaN
6,NaN,NaN,NaN,NaN,NaN,NaN,NaN,NaN
7,NaN,NaN,NaN,NaN,NaN,NaN,NaN,NaN
8,NaN,NaN,NaN,NaN,NaN,NaN,NaN,NaN
9,NaN,NaN,NaN,NaN,NaN,NaN,NaN,NaN
10,NaN,NaN,NaN,NaN,NaN,NaN,NaN,NaN
11,NaN,NaN,NaN,NaN,NaN,NaN,NaN,NaN
1,NaN,NaN,NaN,NaN,NaN,NaN,NaN,NaN
2,NaN,NaN,NaN,NaN,NaN,NaN,NaN,NaN
3,NaN,NaN,NaN,NaN,NaN,NaN,NaN,NaN
4,NaN,NaN,NaN,NaN,NaN,NaN,NaN,NaN
5,NaN,NaN,NaN,NaN,NaN,NaN,NaN,NaN
6,NaN,NaN,NaN,NaN,NaN,NaN,NaN,NaN
7,NaN,NaN,NaN,NaN,NaN,NaN,NaN,NaN
8,NaN,NaN,NaN,NaN,NaN,NaN,NaN,NaN
9,NaN,NaN,NaN,NaN,NaN,NaN,NaN,NaN
10,NaN,NaN,NaN,NaN,NaN,NaN,NaN,NaN
11,NaN,NaN,NaN,NaN,NaN,NaN,NaN,NaN
1,NaN,NaN,NaN,NaN,NaN,NaN,NaN,NaN
2,NaN,NaN,NaN,NaN,NaN,NaN,NaN,NaN
3,NaN,NaN,NaN,NaN,NaN,NaN,NaN,NaN
4,NaN,NaN,NaN,NaN,NaN,NaN,NaN,NaN
5,NaN,NaN,NaN,NaN,NaN,NaN,NaN,NaN
6,NaN,NaN,NaN,NaN,NaN,NaN,NaN,NaN
7,NaN,NaN,NaN,NaN,NaN,NaN,NaN,NaN
8,NaN,NaN,NaN,NaN,NaN,NaN,NaN,NaN
9,NaN,NaN,NaN,NaN,NaN,NaN,NaN,NaN
10,NaN,NaN,NaN,NaN,NaN,NaN,NaN,NaN
11,NaN,NaN,NaN,NaN,NaN,NaN,NaN,NaN
1,NaN,NaN,NaN,NaN,NaN,NaN,NaN,NaN
2,NaN,NaN,NaN,NaN,NaN,NaN,NaN,NaN
3,NaN,NaN,NaN,NaN,NaN,NaN,NaN,NaN
4,NaN,NaN,NaN,NaN,NaN,NaN,NaN,NaN
5,NaN,NaN,NaN,NaN,NaN,NaN,NaN,NaN
6,NaN,NaN,NaN,NaN,NaN,NaN,NaN,NaN
7,NaN,NaN,NaN,NaN,NaN,NaN,NaN,NaN
8,NaN,NaN,NaN,NaN,NaN,NaN,NaN,NaN
9,NaN,NaN,NaN,NaN,NaN,NaN,NaN,NaN
10,NaN,NaN,NaN,NaN,NaN,NaN,NaN,NaN
11,NaN,NaN,NaN,NaN,NaN,NaN,NaN,NaN
1,NaN,NaN,NaN,NaN,NaN,NaN,NaN,NaN
2,NaN,NaN,NaN,NaN,NaN,NaN,NaN,NaN
3,NaN,NaN,NaN,NaN,NaN,NaN,NaN,NaN
4,NaN,NaN,NaN,NaN,NaN,NaN,NaN,NaN
5,NaN,NaN,NaN,NaN,NaN,NaN,NaN,NaN
6,NaN,NaN,NaN,NaN,NaN,NaN,NaN,NaN
7,NaN,NaN,NaN,NaN,NaN,NaN,NaN,NaN
8,NaN,NaN,NaN,NaN,NaN,NaN,NaN,NaN
9,NaN,NaN,NaN,NaN,NaN,NaN,NaN,NaN
10,NaN,NaN,NaN,NaN,NaN,NaN,NaN,NaN
11,NaN,NaN,NaN,NaN,NaN,NaN,NaN,NaN
1,NaN,NaN,NaN,NaN,NaN,NaN,NaN,NaN
2,NaN,NaN,NaN,NaN,NaN,NaN,NaN,NaN
3,NaN,NaN,NaN,NaN,NaN,NaN,NaN,NaN
4,NaN,NaN,NaN,NaN,NaN,NaN,NaN,NaN
5,NaN,NaN,NaN,NaN,NaN,NaN,NaN,NaN
6,NaN,NaN,NaN,NaN,NaN,NaN,NaN,NaN
7,NaN,NaN,NaN,NaN,NaN,NaN,NaN,NaN
8,NaN,NaN,NaN,NaN,NaN,NaN,NaN,NaN
9,NaN,NaN,NaN,NaN,NaN,NaN,NaN,NaN
10,NaN,NaN,NaN,NaN,NaN,NaN,NaN,NaN
11,NaN,NaN,NaN,NaN,NaN,NaN,NaN,NaN
1,NaN,NaN,NaN,NaN,NaN,NaN,NaN,NaN
2,NaN,NaN,NaN,NaN,NaN,NaN,NaN,NaN
3,NaN,NaN,NaN,NaN,NaN,NaN,NaN,NaN
4,NaN,NaN,NaN,NaN,NaN,NaN,NaN,NaN
5,NaN,NaN,NaN,NaN,NaN,NaN,NaN,NaN
6,NaN,NaN,NaN,NaN,NaN,NaN,NaN,NaN
7,NaN,NaN,NaN,NaN,NaN,NaN,NaN,NaN
8,NaN,NaN,NaN,NaN,NaN,NaN,NaN,NaN
9,NaN,NaN,NaN,NaN,NaN,NaN,NaN,NaN
10,NaN,NaN,NaN,NaN,NaN,NaN,NaN,NaN
11,NaN,NaN,NaN,NaN,NaN,NaN,NaN,NaN
1,NaN,NaN,NaN,NaN,NaN,NaN,NaN,NaN
2,NaN,NaN,NaN,NaN,NaN,NaN,NaN,NaN
3,NaN,NaN,NaN,NaN,NaN,NaN,NaN,NaN
4,NaN,NaN,NaN,NaN,NaN,NaN,NaN,NaN
5,NaN,NaN,NaN,NaN,NaN,NaN,NaN,NaN
6,NaN,NaN,NaN,NaN,NaN,NaN,NaN,NaN
7,NaN,NaN,NaN,NaN,NaN,NaN,NaN,NaN
8,NaN,NaN,NaN,NaN,NaN,NaN,NaN,NaN
9,NaN,NaN,NaN,NaN,NaN,NaN,NaN,NaN
10,NaN,NaN,NaN,NaN,NaN,NaN,NaN,NaN
11,NaN,NaN,NaN,NaN,NaN,NaN,NaN,NaN
1,NaN,NaN,NaN,NaN,NaN,NaN,NaN,NaN
2,NaN,NaN,NaN,NaN,NaN,NaN,NaN,NaN
3,NaN,NaN,NaN,NaN,NaN,NaN,NaN,NaN
4,NaN,NaN,NaN,NaN,NaN,NaN,NaN,NaN
5,NaN,NaN,NaN,NaN,NaN,NaN,NaN,NaN
6,NaN,NaN,NaN,NaN,NaN,NaN,NaN,NaN
7,NaN,NaN,NaN,NaN,NaN,NaN,NaN,NaN
8,NaN,NaN,NaN,NaN,NaN,NaN,NaN,NaN
9,NaN,NaN,NaN,NaN,NaN,NaN,NaN,NaN
10,NaN,NaN,NaN,NaN,NaN,NaN,NaN,NaN
11,NaN,NaN,NaN,NaN,NaN,NaN,NaN,NaN
1,NaN,NaN,NaN,NaN,NaN,NaN,NaN,NaN
2,NaN,NaN,NaN,NaN,NaN,NaN,NaN,NaN
3,NaN,NaN,NaN,NaN,NaN,NaN,NaN,NaN
4,NaN,NaN,NaN,NaN,NaN,NaN,NaN,NaN
5,NaN,NaN,NaN,NaN,NaN,NaN,NaN,NaN
6,NaN,NaN,NaN,NaN,NaN,NaN,NaN,NaN
7,NaN,NaN,NaN,NaN,NaN,NaN,NaN,NaN
8,NaN,NaN,NaN,NaN,NaN,NaN,NaN,NaN
9,NaN,NaN,NaN,NaN,NaN,NaN,NaN,NaN
10,NaN,NaN,NaN,NaN,NaN,NaN,NaN,NaN
11,NaN,NaN,NaN,NaN,NaN,NaN,NaN,NaN
1,NaN,NaN,NaN,NaN,NaN,NaN,NaN,NaN
2,NaN,NaN,NaN,NaN,NaN,NaN,NaN,NaN
3,NaN,NaN,NaN,NaN,NaN,NaN,NaN,NaN
4,NaN,NaN,NaN,NaN,NaN,NaN,NaN,NaN
5,NaN,NaN,NaN,NaN,NaN,NaN,NaN,NaN
6,NaN,NaN,NaN,NaN,NaN,NaN,NaN,NaN
7,NaN,NaN,NaN,NaN,NaN,NaN,NaN,NaN
8,NaN,NaN,NaN,NaN,NaN,NaN,NaN,NaN
9,NaN,NaN,NaN,NaN,NaN,NaN,NaN,NaN
10,NaN,NaN,NaN,NaN,NaN,NaN,NaN,NaN
11,NaN,NaN,NaN,NaN,NaN,NaN,NaN,NaN
1,NaN,NaN,NaN,NaN,NaN,NaN,NaN,NaN
2,NaN,NaN,NaN,NaN,NaN,NaN,NaN,NaN
3,NaN,NaN,NaN,NaN,NaN,NaN,NaN,NaN
4,NaN,NaN,NaN,NaN,NaN,NaN,NaN,NaN
5,NaN,NaN,NaN,NaN,NaN,NaN,NaN,NaN
6,NaN,NaN,NaN,NaN,NaN,NaN,NaN,NaN
7,NaN,NaN,NaN,NaN,NaN,NaN,NaN,NaN
8,NaN,NaN,NaN,NaN,NaN,NaN,NaN,NaN
9,NaN,NaN,NaN,NaN,NaN,NaN,NaN,NaN
10,NaN,NaN,NaN,NaN,NaN,NaN,NaN,NaN
11,NaN,NaN,NaN,NaN,NaN,NaN,NaN,NaN
1,NaN,NaN,NaN,NaN,NaN,NaN,NaN,NaN
2,NaN,NaN,NaN,NaN,NaN,NaN,NaN,NaN
3,NaN,NaN,NaN,NaN,NaN,NaN,NaN,NaN
4,NaN,NaN,NaN,NaN,NaN,NaN,NaN,NaN
5,NaN,NaN,NaN,NaN,NaN,NaN,NaN,NaN
6,NaN,NaN,NaN,NaN,NaN,NaN,NaN,NaN
7,NaN,NaN,NaN,NaN,NaN,NaN,NaN,NaN
8,NaN,NaN,NaN,NaN,NaN,NaN,NaN,NaN
9,NaN,NaN,NaN,NaN,NaN,NaN,NaN,NaN
10,NaN,NaN,NaN,NaN,NaN,NaN,NaN,NaN
11,NaN,NaN,NaN,NaN,NaN,NaN,NaN,NaN
1,NaN,NaN,NaN,NaN,NaN,NaN,NaN,NaN
2,NaN,NaN,NaN,NaN,NaN,NaN,NaN,NaN
3,NaN,NaN,NaN,NaN,NaN,NaN,NaN,NaN
4,NaN,NaN,NaN,NaN,NaN,NaN,NaN,NaN
5,NaN,NaN,NaN,NaN,NaN,NaN,NaN,NaN
6,NaN,NaN,NaN,NaN,NaN,NaN,NaN,NaN
7,NaN,NaN,NaN,NaN,NaN,NaN,NaN,NaN
8,NaN,NaN,NaN,NaN,NaN,NaN,NaN,NaN
9,NaN,NaN,NaN,NaN,NaN,NaN,NaN,NaN
10,NaN,NaN,NaN,NaN,NaN,NaN,NaN,NaN
11,NaN,NaN,NaN,NaN,NaN,NaN,NaN,NaN
1,NaN,NaN,NaN,NaN,NaN,NaN,NaN,NaN
2,NaN,NaN,NaN,NaN,NaN,NaN,NaN,NaN
3,NaN,NaN,NaN,NaN,NaN,NaN,NaN,NaN
4,NaN,NaN,NaN,NaN,NaN,NaN,NaN,NaN
5,NaN,NaN,NaN,NaN,NaN,NaN,NaN,NaN
6,NaN,NaN,NaN,NaN,NaN,NaN,NaN,NaN
7,NaN,NaN,NaN,NaN,NaN,NaN,NaN,NaN
8,NaN,NaN,NaN,NaN,NaN,NaN,NaN,NaN
9,NaN,NaN,NaN,NaN,NaN,NaN,NaN,NaN
10,NaN,NaN,NaN,NaN,NaN,NaN,NaN,NaN
11,NaN,NaN,NaN,NaN,NaN,NaN,NaN,NaN
1,NaN,NaN,NaN,NaN,NaN,NaN,NaN,NaN
2,NaN,NaN,NaN,NaN,NaN,NaN,NaN,NaN
3,NaN,NaN,NaN,NaN,NaN,NaN,NaN,NaN
4,NaN,NaN,NaN,NaN,NaN,NaN,NaN,NaN
5,NaN,NaN,NaN,NaN,NaN,NaN,NaN,NaN
6,NaN,NaN,NaN,NaN,NaN,NaN,NaN,NaN
7,NaN,NaN,NaN,NaN,NaN,NaN,NaN,NaN
8,NaN,NaN,NaN,NaN,NaN,NaN,NaN,NaN
9,NaN,NaN,NaN,NaN,NaN,NaN,NaN,NaN
10,NaN,NaN,NaN,NaN,NaN,NaN,NaN,NaN
11,NaN,NaN,NaN,NaN,NaN,NaN,NaN,NaN
1,NaN,NaN,NaN,NaN,NaN,NaN,NaN,NaN
2,NaN,NaN,NaN,NaN,NaN,NaN,NaN,NaN
3,NaN,NaN,NaN,NaN,NaN,NaN,NaN,NaN
4,NaN,NaN,NaN,NaN,NaN,NaN,NaN,NaN
5,NaN,NaN,NaN,NaN,NaN,NaN,NaN,NaN
6,NaN,NaN,NaN,NaN,NaN,NaN,NaN,NaN
7,NaN,NaN,NaN,NaN,NaN,NaN,NaN,NaN
8,NaN,NaN,NaN,NaN,NaN,NaN,NaN,NaN
9,NaN,NaN,NaN,NaN,NaN,NaN,NaN,NaN
10,NaN,NaN,NaN,NaN,NaN,NaN,NaN,NaN
11,NaN,NaN,NaN,NaN,NaN,NaN,NaN,NaN
1,NaN,NaN,NaN,NaN,NaN,NaN,NaN,NaN
2,NaN,NaN,NaN,NaN,NaN,NaN,NaN,NaN
3,NaN,NaN,NaN,NaN,NaN,NaN,NaN,NaN
4,NaN,NaN,NaN,NaN,NaN,NaN,NaN,NaN
5,NaN,NaN,NaN,NaN,NaN,NaN,NaN,NaN
6,NaN,NaN,NaN,NaN,NaN,NaN,NaN,NaN
7,NaN,NaN,NaN,NaN,NaN,NaN,NaN,NaN
8,NaN,NaN,NaN,NaN,NaN,NaN,NaN,NaN
9,NaN,NaN,NaN,NaN,NaN,NaN,NaN,NaN
10,NaN,NaN,NaN,NaN,NaN,NaN,NaN,NaN
11,NaN,NaN,NaN,NaN,NaN,NaN,NaN,NaN
1,NaN,NaN,NaN,NaN,NaN,NaN,NaN,NaN
2,NaN,NaN,NaN,NaN,NaN,NaN,NaN,NaN
3,NaN,NaN,NaN,NaN,NaN,NaN,NaN,NaN
4,NaN,NaN,NaN,NaN,NaN,NaN,NaN,NaN
5,NaN,NaN,NaN,NaN,NaN,NaN,NaN,NaN
6,NaN,NaN,NaN,NaN,NaN,NaN,NaN,NaN
7,NaN,NaN,NaN,NaN,NaN,NaN,NaN,NaN
8,NaN,NaN,NaN,NaN,NaN,NaN,NaN,NaN
9,NaN,NaN,NaN,NaN,NaN,NaN,NaN,NaN
10,NaN,NaN,NaN,NaN,NaN,NaN,NaN,NaN
11,NaN,NaN,NaN,NaN,NaN,NaN,NaN,NaN
1,NaN,NaN,NaN,NaN,NaN,NaN,NaN,NaN
2,NaN,NaN,NaN,NaN,NaN,NaN,NaN,NaN
3,NaN,NaN,NaN,NaN,NaN,NaN,NaN,NaN
4,NaN,NaN,NaN,NaN,NaN,NaN,NaN,NaN
5,NaN,NaN,NaN,NaN,NaN,NaN,NaN,NaN
6,NaN,NaN,NaN,NaN,NaN,NaN,NaN,NaN
7,NaN,NaN,NaN,NaN,NaN,NaN,NaN,NaN
8,NaN,NaN,NaN,NaN,NaN,NaN,NaN,NaN
9,NaN,NaN,NaN,NaN,NaN,NaN,NaN,NaN
10,NaN,NaN,NaN,NaN,NaN,NaN,NaN,NaN
11,NaN,NaN,NaN,NaN,NaN,NaN,NaN,NaN
1,NaN,NaN,NaN,NaN,NaN,NaN,NaN,NaN
2,NaN,NaN,NaN,NaN,NaN,NaN,NaN,NaN
3,NaN,NaN,NaN,NaN,NaN,NaN,NaN,NaN
4,NaN,NaN,NaN,NaN,NaN,NaN,NaN,NaN
5,NaN,NaN,NaN,NaN,NaN,NaN,NaN,NaN
6,NaN,NaN,NaN,NaN,NaN,NaN,NaN,NaN
7,NaN,NaN,NaN,NaN,NaN,NaN,NaN,NaN
8,NaN,NaN,NaN,NaN,NaN,NaN,NaN,NaN
9,NaN,NaN,NaN,NaN,NaN,NaN,NaN,NaN
10,NaN,NaN,NaN,NaN,NaN,NaN,NaN,NaN
11,NaN,NaN,NaN,NaN,NaN,NaN,NaN,NaN
1,NaN,NaN,NaN,NaN,NaN,NaN,NaN,NaN
2,NaN,NaN,NaN,NaN,NaN,NaN,NaN,NaN
3,NaN,NaN,NaN,NaN,NaN,NaN,NaN,NaN
4,NaN,NaN,NaN,NaN,NaN,NaN,NaN,NaN
5,NaN,NaN,NaN,NaN,NaN,NaN,NaN,NaN
6,NaN,NaN,NaN,NaN,NaN,NaN,NaN,NaN
7,NaN,NaN,NaN,NaN,NaN,NaN,NaN,NaN
8,NaN,NaN,NaN,NaN,NaN,NaN,NaN,NaN
9,NaN,NaN,NaN,NaN,NaN,NaN,NaN,NaN
10,NaN,NaN,NaN,NaN,NaN,NaN,NaN,NaN
11,NaN,NaN,NaN,NaN,NaN,NaN,NaN,NaN
1,NaN,NaN,NaN,NaN,NaN,NaN,NaN,NaN
2,NaN,NaN,NaN,NaN,NaN,NaN,NaN,NaN
3,NaN,NaN,NaN,NaN,NaN,NaN,NaN,NaN
4,NaN,NaN,NaN,NaN,NaN,NaN,NaN,NaN
5,NaN,NaN,NaN,NaN,NaN,NaN,NaN,NaN
6,NaN,NaN,NaN,NaN,NaN,NaN,NaN,NaN
7,NaN,NaN,NaN,NaN,NaN,NaN,NaN,NaN
8,NaN,NaN,NaN,NaN,NaN,NaN,NaN,NaN
9,NaN,NaN,NaN,NaN,NaN,NaN,NaN,NaN
10,NaN,NaN,NaN,NaN,NaN,NaN,NaN,NaN
11,NaN,NaN,NaN,NaN,NaN,NaN,NaN,NaN
1,NaN,NaN,NaN,NaN,NaN,NaN,NaN,NaN
2,NaN,NaN,NaN,NaN,NaN,NaN,NaN,NaN
3,NaN,NaN,NaN,NaN,NaN,NaN,NaN,NaN
4,NaN,NaN,NaN,NaN,NaN,NaN,NaN,NaN
5,NaN,NaN,NaN,NaN,NaN,NaN,NaN,NaN
6,NaN,NaN,NaN,NaN,NaN,NaN,NaN,NaN
7,NaN,NaN,NaN,NaN,NaN,NaN,NaN,NaN
8,NaN,NaN,NaN,NaN,NaN,NaN,NaN,NaN
9,NaN,NaN,NaN,NaN,NaN,NaN,NaN,NaN
10,NaN,NaN,NaN,NaN,NaN,NaN,NaN,NaN
11,NaN,NaN,NaN,NaN,NaN,NaN,NaN,NaN
1,NaN,NaN,NaN,NaN,NaN,NaN,NaN,NaN
2,NaN,NaN,NaN,NaN,NaN,NaN,NaN,NaN
3,NaN,NaN,NaN,NaN,NaN,NaN,NaN,NaN
4,NaN,NaN,NaN,NaN,NaN,NaN,NaN,NaN
5,NaN,NaN,NaN,NaN,NaN,NaN,NaN,NaN
6,NaN,NaN,NaN,NaN,NaN,NaN,NaN,NaN
7,NaN,NaN,NaN,NaN,NaN,NaN,NaN,NaN
8,NaN,NaN,NaN,NaN,NaN,NaN,NaN,NaN
9,NaN,NaN,NaN,NaN,NaN,NaN,NaN,NaN
10,NaN,NaN,NaN,NaN,NaN,NaN,NaN,NaN
11,NaN,NaN,NaN,NaN,NaN,NaN,NaN,NaN
1,NaN,NaN,NaN,NaN,NaN,NaN,NaN,NaN
2,NaN,NaN,NaN,NaN,NaN,NaN,NaN,NaN
3,NaN,NaN,NaN,NaN,NaN,NaN,NaN,NaN
4,NaN,NaN,NaN,NaN,NaN,NaN,NaN,NaN
5,NaN,NaN,NaN,NaN,NaN,NaN,NaN,NaN
6,NaN,NaN,NaN,NaN,NaN,NaN,NaN,NaN
7,NaN,NaN,NaN,NaN,NaN,NaN,NaN,NaN
8,NaN,NaN,NaN,NaN,NaN,NaN,NaN,NaN
9,NaN,NaN,NaN,NaN,NaN,NaN,NaN,NaN
10,NaN,NaN,NaN,NaN,NaN,NaN,NaN,NaN
11,NaN,NaN,NaN,NaN,NaN,NaN,NaN,NaN
1,NaN,NaN,NaN,NaN,NaN,NaN,NaN,NaN
2,NaN,NaN,NaN,NaN,NaN,NaN,NaN,NaN
3,NaN,NaN,NaN,NaN,NaN,NaN,NaN,NaN
4,NaN,NaN,NaN,NaN,NaN,NaN,NaN,NaN
5,NaN,NaN,NaN,NaN,NaN,NaN,NaN,NaN
6,NaN,NaN,NaN,NaN,NaN,NaN,NaN,NaN
7,NaN,NaN,NaN,NaN,NaN,NaN,NaN,NaN
8,NaN,NaN,NaN,NaN,NaN,NaN,NaN,NaN
9,NaN,NaN,NaN,NaN,NaN,NaN,NaN,NaN
10,NaN,NaN,NaN,NaN,NaN,NaN,NaN,NaN
11,NaN,NaN,NaN,NaN,NaN,NaN,NaN,NaN
1,NaN,NaN,NaN,NaN,NaN,NaN,NaN,NaN
2,NaN,NaN,NaN,NaN,NaN,NaN,NaN,NaN
3,NaN,NaN,NaN,NaN,NaN,NaN,NaN,NaN
4,NaN,NaN,NaN,NaN,NaN,NaN,NaN,NaN
5,NaN,NaN,NaN,NaN,NaN,NaN,NaN,NaN
6,NaN,NaN,NaN,NaN,NaN,NaN,NaN,NaN
7,NaN,NaN,NaN,NaN,NaN,NaN,NaN,NaN
8,NaN,NaN,NaN,NaN,NaN,NaN,NaN,NaN
9,NaN,NaN,NaN,NaN,NaN,NaN,NaN,NaN
10,NaN,NaN,NaN,NaN,NaN,NaN,NaN,NaN
11,NaN,NaN,NaN,NaN,NaN,NaN,NaN,NaN
1,NaN,NaN,NaN,NaN,NaN,NaN,NaN,NaN
2,NaN,NaN,NaN,NaN,NaN,NaN,NaN,NaN
3,NaN,NaN,NaN,NaN,NaN,NaN,NaN,NaN
4,NaN,NaN,NaN,NaN,NaN,NaN,NaN,NaN
5,NaN,NaN,NaN,NaN,NaN,NaN,NaN,NaN
6,NaN,NaN,NaN,NaN,NaN,NaN,NaN,NaN
7,NaN,NaN,NaN,NaN,NaN,NaN,NaN,NaN
8,NaN,NaN,NaN,NaN,NaN,NaN,NaN,NaN
9,NaN,NaN,NaN,NaN,NaN,NaN,NaN,NaN
10,NaN,NaN,NaN,NaN,NaN,NaN,NaN,NaN
11,NaN,NaN,NaN,NaN,NaN,NaN,NaN,NaN
1,NaN,NaN,NaN,NaN,NaN,NaN,NaN,NaN
2,NaN,NaN,NaN,NaN,NaN,NaN,NaN,NaN
3,NaN,NaN,NaN,NaN,NaN,NaN,NaN,NaN
4,NaN,NaN,NaN,NaN,NaN,NaN,NaN,NaN
5,NaN,NaN,NaN,NaN,NaN,NaN,NaN,NaN
6,NaN,NaN,NaN,NaN,NaN,NaN,NaN,NaN
7,NaN,NaN,NaN,NaN,NaN,NaN,NaN,NaN
8,NaN,NaN,NaN,NaN,NaN,NaN,NaN,NaN
9,NaN,NaN,NaN,NaN,NaN,NaN,NaN,NaN
10,NaN,NaN,NaN,NaN,NaN,NaN,NaN,NaN
11,NaN,NaN,NaN,NaN,NaN,NaN,NaN,NaN
1,NaN,NaN,NaN,NaN,NaN,NaN,NaN,NaN
2,NaN,NaN,NaN,NaN,NaN,NaN,NaN,NaN
3,NaN,NaN,NaN,NaN,NaN,NaN,NaN,NaN
4,NaN,NaN,NaN,NaN,NaN,NaN,NaN,NaN
5,NaN,NaN,NaN,NaN,NaN,NaN,NaN,NaN
6,NaN,NaN,NaN,NaN,NaN,NaN,NaN,NaN
7,NaN,NaN,NaN,NaN,NaN,NaN,NaN,NaN
8,NaN,NaN,NaN,NaN,NaN,NaN,NaN,NaN
9,NaN,NaN,NaN,NaN,NaN,NaN,NaN,NaN
10,NaN,NaN,NaN,NaN,NaN,NaN,NaN,NaN
11,NaN,NaN,NaN,NaN,NaN,NaN,NaN,NaN
1,NaN,NaN,NaN,NaN,NaN,NaN,NaN,NaN
2,NaN,NaN,NaN,NaN,NaN,NaN,NaN,NaN
3,NaN,NaN,NaN,NaN,NaN,NaN,NaN,NaN
4,NaN,NaN,NaN,NaN,NaN,NaN,NaN,NaN
5,NaN,NaN,NaN,NaN,NaN,NaN,NaN,NaN
6,NaN,NaN,NaN,NaN,NaN,NaN,NaN,NaN
7,NaN,NaN,NaN,NaN,NaN,NaN,NaN,NaN
8,NaN,NaN,NaN,NaN,NaN,NaN,NaN,NaN
9,NaN,NaN,NaN,NaN,NaN,NaN,NaN,NaN
10,NaN,NaN,NaN,NaN,NaN,NaN,NaN,NaN
11,NaN,NaN,NaN,NaN,NaN,NaN,NaN,NaN
1,NaN,NaN,NaN,NaN,NaN,NaN,NaN,NaN
2,NaN,NaN,NaN,NaN,NaN,NaN,NaN,NaN
3,NaN,NaN,NaN,NaN,NaN,NaN,NaN,NaN
4,NaN,NaN,NaN,NaN,NaN,NaN,NaN,NaN
5,NaN,NaN,NaN,NaN,NaN,NaN,NaN,NaN
6,NaN,NaN,NaN,NaN,NaN,NaN,NaN,NaN
7,NaN,NaN,NaN,NaN,NaN,NaN,NaN,NaN
8,NaN,NaN,NaN,NaN,NaN,NaN,NaN,NaN
9,NaN,NaN,NaN,NaN,NaN,NaN,NaN,NaN
10,NaN,NaN,NaN,NaN,NaN,NaN,NaN,NaN
11,NaN,NaN,NaN,NaN,NaN,NaN,NaN,NaN
1,NaN,NaN,NaN,NaN,NaN,NaN,NaN,NaN
2,NaN,NaN,NaN,NaN,NaN,NaN,NaN,NaN
3,NaN,NaN,NaN,NaN,NaN,NaN,NaN,NaN
4,NaN,NaN,NaN,NaN,NaN,NaN,NaN,NaN
5,NaN,NaN,NaN,NaN,NaN,NaN,NaN,NaN
6,NaN,NaN,NaN,NaN,NaN,NaN,NaN,NaN
7,NaN,NaN,NaN,NaN,NaN,NaN,NaN,NaN
8,NaN,NaN,NaN,NaN,NaN,NaN,NaN,NaN
9,NaN,NaN,NaN,NaN,NaN,NaN,NaN,NaN
10,NaN,NaN,NaN,NaN,NaN,NaN,NaN,NaN
11,NaN,NaN,NaN,NaN,NaN,NaN,NaN,NaN
1,NaN,NaN,NaN,NaN,NaN,NaN,NaN,NaN
2,NaN,NaN,NaN,NaN,NaN,NaN,NaN,NaN
3,NaN,NaN,NaN,NaN,NaN,NaN,NaN,NaN
4,NaN,NaN,NaN,NaN,NaN,NaN,NaN,NaN
5,NaN,NaN,NaN,NaN,NaN,NaN,NaN,NaN
6,NaN,NaN,NaN,NaN,NaN,NaN,NaN,NaN
7,NaN,NaN,NaN,NaN,NaN,NaN,NaN,NaN
8,NaN,NaN,NaN,NaN,NaN,NaN,NaN,NaN
9,NaN,NaN,NaN,NaN,NaN,NaN,NaN,NaN
10,NaN,NaN,NaN,NaN,NaN,NaN,NaN,NaN
11,NaN,NaN,NaN,NaN,NaN,NaN,NaN,NaN
1,NaN,NaN,NaN,NaN,NaN,NaN,NaN,NaN
2,NaN,NaN,NaN,NaN,NaN,NaN,NaN,NaN
3,NaN,NaN,NaN,NaN,NaN,NaN,NaN,NaN
4,NaN,NaN,NaN,NaN,NaN,NaN,NaN,NaN
5,NaN,NaN,NaN,NaN,NaN,NaN,NaN,NaN
6,NaN,NaN,NaN,NaN,NaN,NaN,NaN,NaN
7,NaN,NaN,NaN,NaN,NaN,NaN,NaN,NaN
8,NaN,NaN,NaN,NaN,NaN,NaN,NaN,NaN
9,NaN,NaN,NaN,NaN,NaN,NaN,NaN,NaN
10,NaN,NaN,NaN,NaN,NaN,NaN,NaN,NaN
11,NaN,NaN,NaN,NaN,NaN,NaN,NaN,NaN
1,NaN,NaN,NaN,NaN,NaN,NaN,NaN,NaN
2,NaN,NaN,NaN,NaN,NaN,NaN,NaN,NaN
3,NaN,NaN,NaN,NaN,NaN,NaN,NaN,NaN
4,NaN,NaN,NaN,NaN,NaN,NaN,NaN,NaN
5,NaN,NaN,NaN,NaN,NaN,NaN,NaN,NaN
6,NaN,NaN,NaN,NaN,NaN,NaN,NaN,NaN
7,NaN,NaN,NaN,NaN,NaN,NaN,NaN,NaN
8,NaN,NaN,NaN,NaN,NaN,NaN,NaN,NaN
9,NaN,NaN,NaN,NaN,NaN,NaN,NaN,NaN
10,NaN,NaN,NaN,NaN,NaN,NaN,NaN,NaN
11,NaN,NaN,NaN,NaN,NaN,NaN,NaN,NaN
1,NaN,NaN,NaN,NaN,NaN,NaN,NaN,NaN
2,NaN,NaN,NaN,NaN,NaN,NaN,NaN,NaN
3,NaN,NaN,NaN,NaN,NaN,NaN,NaN,NaN
4,NaN,NaN,NaN,NaN,NaN,NaN,NaN,NaN
5,NaN,NaN,NaN,NaN,NaN,NaN,NaN,NaN
6,NaN,NaN,NaN,NaN,NaN,NaN,NaN,NaN
7,NaN,NaN,NaN,NaN,NaN,NaN,NaN,NaN
8,NaN,NaN,NaN,NaN,NaN,NaN,NaN,NaN
9,NaN,NaN,NaN,NaN,NaN,NaN,NaN,NaN
10,NaN,NaN,NaN,NaN,NaN,NaN,NaN,NaN
11,NaN,NaN,NaN,NaN,NaN,NaN,NaN,NaN
1,NaN,NaN,NaN,NaN,NaN,NaN,NaN,NaN
2,NaN,NaN,NaN,NaN,NaN,NaN,NaN,NaN
3,NaN,NaN,NaN,NaN,NaN,NaN,NaN,NaN
4,NaN,NaN,NaN,NaN,NaN,NaN,NaN,NaN
5,NaN,NaN,NaN,NaN,NaN,NaN,NaN,NaN
6,NaN,NaN,NaN,NaN,NaN,NaN,NaN,NaN
7,NaN,NaN,NaN,NaN,NaN,NaN,NaN,NaN
8,NaN,NaN,NaN,NaN,NaN,NaN,NaN,NaN
9,NaN,NaN,NaN,NaN,NaN,NaN,NaN,NaN
10,NaN,NaN,NaN,NaN,NaN,NaN,NaN,NaN
11,NaN,NaN,NaN,NaN,NaN,NaN,NaN,NaN
1,NaN,NaN,NaN,NaN,NaN,NaN,NaN,NaN
2,NaN,NaN,NaN,NaN,NaN,NaN,NaN,NaN
3,NaN,NaN,NaN,NaN,NaN,NaN,NaN,NaN
4,NaN,NaN,NaN,NaN,NaN,NaN,NaN,NaN
5,NaN,NaN,NaN,NaN,NaN,NaN,NaN,NaN
6,NaN,NaN,NaN,NaN,NaN,NaN,NaN,NaN
7,NaN,NaN,NaN,NaN,NaN,NaN,NaN,NaN
8,NaN,NaN,NaN,NaN,NaN,NaN,NaN,NaN
9,NaN,NaN,NaN,NaN,NaN,NaN,NaN,NaN
10,NaN,NaN,NaN,NaN,NaN,NaN,NaN,NaN
11,NaN,NaN,NaN,NaN,NaN,NaN,NaN,NaN
1,NaN,NaN,NaN,NaN,NaN,NaN,NaN,NaN
2,NaN,NaN,NaN,NaN,NaN,NaN,NaN,NaN
3,NaN,NaN,NaN,NaN,NaN,NaN,NaN,NaN
4,NaN,NaN,NaN,NaN,NaN,NaN,NaN,NaN
5,NaN,NaN,NaN,NaN,NaN,NaN,NaN,NaN
6,NaN,NaN,NaN,NaN,NaN,NaN,NaN,NaN
7,NaN,NaN,NaN,NaN,NaN,NaN,NaN,NaN
8,NaN,NaN,NaN,NaN,NaN,NaN,NaN,NaN
9,NaN,NaN,NaN,NaN,NaN,NaN,NaN,NaN
10,NaN,NaN,NaN,NaN,NaN,NaN,NaN,NaN
11,NaN,NaN,NaN,NaN,NaN,NaN,NaN,NaN
1,NaN,NaN,NaN,NaN,NaN,NaN,NaN,NaN
2,NaN,NaN,NaN,NaN,NaN,NaN,NaN,NaN
3,NaN,NaN,NaN,NaN,NaN,NaN,NaN,NaN
4,NaN,NaN,NaN,NaN,NaN,NaN,NaN,NaN
5,NaN,NaN,NaN,NaN,NaN,NaN,NaN,NaN
6,NaN,NaN,NaN,NaN,NaN,NaN,NaN,NaN
7,NaN,NaN,NaN,NaN,NaN,NaN,NaN,NaN
8,NaN,NaN,NaN,NaN,NaN,NaN,NaN,NaN
9,NaN,NaN,NaN,NaN,NaN,NaN,NaN,NaN
10,NaN,NaN,NaN,NaN,NaN,NaN,NaN,NaN
11,NaN,NaN,NaN,NaN,NaN,NaN,NaN,NaN
1,NaN,NaN,NaN,NaN,NaN,NaN,NaN,NaN
2,NaN,NaN,NaN,NaN,NaN,NaN,NaN,NaN
3,NaN,NaN,NaN,NaN,NaN,NaN,NaN,NaN
4,NaN,NaN,NaN,NaN,NaN,NaN,NaN,NaN
5,NaN,NaN,NaN,NaN,NaN,NaN,NaN,NaN
6,NaN,NaN,NaN,NaN,NaN,NaN,NaN,NaN
7,NaN,NaN,NaN,NaN,NaN,NaN,NaN,NaN
8,NaN,NaN,NaN,NaN,NaN,NaN,NaN,NaN
9,NaN,NaN,NaN,NaN,NaN,NaN,NaN,NaN
10,NaN,NaN,NaN,NaN,NaN,NaN,NaN,NaN
11,NaN,NaN,NaN,NaN,NaN,NaN,NaN,NaN
1,NaN,NaN,NaN,NaN,NaN,NaN,NaN,NaN
2,NaN,NaN,NaN,NaN,NaN,NaN,NaN,NaN
3,NaN,NaN,NaN,NaN,NaN,NaN,NaN,NaN
4,NaN,NaN,NaN,NaN,NaN,NaN,NaN,NaN
5,NaN,NaN,NaN,NaN,NaN,NaN,NaN,NaN
6,NaN,NaN,NaN,NaN,NaN,NaN,NaN,NaN
7,NaN,NaN,NaN,NaN,NaN,NaN,NaN,NaN
8,NaN,NaN,NaN,NaN,NaN,NaN,NaN,NaN
9,NaN,NaN,NaN,NaN,NaN,NaN,NaN,NaN
10,NaN,NaN,NaN,NaN,NaN,NaN,NaN,NaN
11,NaN,NaN,NaN,NaN,NaN,NaN,NaN,NaN
1,NaN,NaN,NaN,NaN,NaN,NaN,NaN,NaN
2,NaN,NaN,NaN,NaN,NaN,NaN,NaN,NaN
3,NaN,NaN,NaN,NaN,NaN,NaN,NaN,NaN
4,NaN,NaN,NaN,NaN,NaN,NaN,NaN,NaN
5,NaN,NaN,NaN,NaN,NaN,NaN,NaN,NaN
6,NaN,NaN,NaN,NaN,NaN,NaN,NaN,NaN
7,NaN,NaN,NaN,NaN,NaN,NaN,NaN,NaN
8,NaN,NaN,NaN,NaN,NaN,NaN,NaN,NaN
9,NaN,NaN,NaN,NaN,NaN,NaN,NaN,NaN
10,NaN,NaN,NaN,NaN,NaN,NaN,NaN,NaN
11,NaN,NaN,NaN,NaN,NaN,NaN,NaN,NaN
1,NaN,NaN,NaN,NaN,NaN,NaN,NaN,NaN
2,NaN,NaN,NaN,NaN,NaN,NaN,NaN,NaN
3,NaN,NaN,NaN,NaN,NaN,NaN,NaN,NaN
4,NaN,NaN,NaN,NaN,NaN,NaN,NaN,NaN
5,NaN,NaN,NaN,NaN,NaN,NaN,NaN,NaN
6,NaN,NaN,NaN,NaN,NaN,NaN,NaN,NaN
7,NaN,NaN,NaN,NaN,NaN,NaN,NaN,NaN
8,NaN,NaN,NaN,NaN,NaN,NaN,NaN,NaN
9,NaN,NaN,NaN,NaN,NaN,NaN,NaN,NaN
10,NaN,NaN,NaN,NaN,NaN,NaN,NaN,NaN
11,NaN,NaN,NaN,NaN,NaN,NaN,NaN,NaN
1,NaN,NaN,NaN,NaN,NaN,NaN,NaN,NaN
2,NaN,NaN,NaN,NaN,NaN,NaN,NaN,NaN
3,NaN,NaN,NaN,NaN,NaN,NaN,NaN,NaN
4,NaN,NaN,NaN,NaN,NaN,NaN,NaN,NaN
5,NaN,NaN,NaN,NaN,NaN,NaN,NaN,NaN
6,NaN,NaN,NaN,NaN,NaN,NaN,NaN,NaN
7,NaN,NaN,NaN,NaN,NaN,NaN,NaN,NaN
8,NaN,NaN,NaN,NaN,NaN,NaN,NaN,NaN
9,NaN,NaN,NaN,NaN,NaN,NaN,NaN,NaN
10,NaN,NaN,NaN,NaN,NaN,NaN,NaN,NaN
11,NaN,NaN,NaN,NaN,NaN,NaN,NaN,NaN
1,NaN,NaN,NaN,NaN,NaN,NaN,NaN,NaN
2,NaN,NaN,NaN,NaN,NaN,NaN,NaN,NaN
3,NaN,NaN,NaN,NaN,NaN,NaN,NaN,NaN
4,NaN,NaN,NaN,NaN,NaN,NaN,NaN,NaN
5,NaN,NaN,NaN,NaN,NaN,NaN,NaN,NaN
6,NaN,NaN,NaN,NaN,NaN,NaN,NaN,NaN
7,NaN,NaN,NaN,NaN,NaN,NaN,NaN,NaN
8,NaN,NaN,NaN,NaN,NaN,NaN,NaN,NaN
9,NaN,NaN,NaN,NaN,NaN,NaN,NaN,NaN
10,NaN,NaN,NaN,NaN,NaN,NaN,NaN,NaN
11,NaN,NaN,NaN,NaN,NaN,NaN,NaN,NaN
1,NaN,NaN,NaN,NaN,NaN,NaN,NaN,NaN
2,NaN,NaN,NaN,NaN,NaN,NaN,NaN,NaN
3,NaN,NaN,NaN,NaN,NaN,NaN,NaN,NaN
4,NaN,NaN,NaN,NaN,NaN,NaN,NaN,NaN
5,NaN,NaN,NaN,NaN,NaN,NaN,NaN,NaN
6,NaN,NaN,NaN,NaN,NaN,NaN,NaN,NaN
7,NaN,NaN,NaN,NaN,NaN,NaN,NaN,NaN
8,NaN,NaN,NaN,NaN,NaN,NaN,NaN,NaN
9,NaN,NaN,NaN,NaN,NaN,NaN,NaN,NaN
10,NaN,NaN,NaN,NaN,NaN,NaN,NaN,NaN
11,NaN,NaN,NaN,NaN,NaN,NaN,NaN,NaN
1,NaN,NaN,NaN,NaN,NaN,NaN,NaN,NaN
2,NaN,NaN,NaN,NaN,NaN,NaN,NaN,NaN
3,NaN,NaN,NaN,NaN,NaN,NaN,NaN,NaN
4,NaN,NaN,NaN,NaN,NaN,NaN,NaN,NaN
5,NaN,NaN,NaN,NaN,NaN,NaN,NaN,NaN
6,NaN,NaN,NaN,NaN,NaN,NaN,NaN,NaN
7,NaN,NaN,NaN,NaN,NaN,NaN,NaN,NaN
8,NaN,NaN,NaN,NaN,NaN,NaN,NaN,NaN
9,NaN,NaN,NaN,NaN,NaN,NaN,NaN,NaN
10,NaN,NaN,NaN,NaN,NaN,NaN,NaN,NaN
11,NaN,NaN,NaN,NaN,NaN,NaN,NaN,NaN
1,NaN,NaN,NaN,NaN,NaN,NaN,NaN,NaN
2,NaN,NaN,NaN,NaN,NaN,NaN,NaN,NaN
3,NaN,NaN,NaN,NaN,NaN,NaN,NaN,NaN
4,NaN,NaN,NaN,NaN,NaN,NaN,NaN,NaN
5,NaN,NaN,NaN,NaN,NaN,NaN,NaN,NaN
6,NaN,NaN,NaN,NaN,NaN,NaN,NaN,NaN
7,NaN,NaN,NaN,NaN,NaN,NaN,NaN,NaN
8,NaN,NaN,NaN,NaN,NaN,NaN,NaN,NaN
9,NaN,NaN,NaN,NaN,NaN,NaN,NaN,NaN
10,NaN,NaN,NaN,NaN,NaN,NaN,NaN,NaN
11,NaN,NaN,NaN,NaN,NaN,NaN,NaN,NaN
1,NaN,NaN,NaN,NaN,NaN,NaN,NaN,NaN
2,NaN,NaN,NaN,NaN,NaN,NaN,NaN,NaN
3,NaN,NaN,NaN,NaN,NaN,NaN,NaN,NaN
4,NaN,NaN,NaN,NaN,NaN,NaN,NaN,NaN
5,NaN,NaN,NaN,NaN,NaN,NaN,NaN,NaN
6,NaN,NaN,NaN,NaN,NaN,NaN,NaN,NaN
7,NaN,NaN,NaN,NaN,NaN,NaN,NaN,NaN
8,NaN,NaN,NaN,NaN,NaN,NaN,NaN,NaN
9,NaN,NaN,NaN,NaN,NaN,NaN,NaN,NaN
10,NaN,NaN,NaN,NaN,NaN,NaN,NaN,NaN
11,NaN,NaN,NaN,NaN,NaN,NaN,NaN,NaN
1,NaN,NaN,NaN,NaN,NaN,NaN,NaN,NaN
2,NaN,NaN,NaN,NaN,NaN,NaN,NaN,NaN
3,NaN,NaN,NaN,NaN,NaN,NaN,NaN,NaN
4,NaN,NaN,NaN,NaN,NaN,NaN,NaN,NaN
5,NaN,NaN,NaN,NaN,NaN,NaN,NaN,NaN
6,NaN,NaN,NaN,NaN,NaN,NaN,NaN,NaN
7,NaN,NaN,NaN,NaN,NaN,NaN,NaN,NaN
8,NaN,NaN,NaN,NaN,NaN,NaN,NaN,NaN
9,NaN,NaN,NaN,NaN,NaN,NaN,NaN,NaN
10,NaN,NaN,NaN,NaN,NaN,NaN,NaN,NaN
11,NaN,NaN,NaN,NaN,NaN,NaN,NaN,NaN
1,NaN,NaN,NaN,NaN,NaN,NaN,NaN,NaN
2,NaN,NaN,NaN,NaN,NaN,NaN,NaN,NaN
3,NaN,NaN,NaN,NaN,NaN,NaN,NaN,NaN
4,NaN,NaN,NaN,NaN,NaN,NaN,NaN,NaN
5,NaN,NaN,NaN,NaN,NaN,NaN,NaN,NaN
6,NaN,NaN,NaN,NaN,NaN,NaN,NaN,NaN
7,NaN,NaN,NaN,NaN,NaN,NaN,NaN,NaN
8,NaN,NaN,NaN,NaN,NaN,NaN,NaN,NaN
9,NaN,NaN,NaN,NaN,NaN,NaN,NaN,NaN
10,NaN,NaN,NaN,NaN,NaN,NaN,NaN,NaN
11,NaN,NaN,NaN,NaN,NaN,NaN,NaN,NaN
1,NaN,NaN,NaN,NaN,NaN,NaN,NaN,NaN
2,NaN,NaN,NaN,NaN,NaN,NaN,NaN,NaN
3,NaN,NaN,NaN,NaN,NaN,NaN,NaN,NaN
4,NaN,NaN,NaN,NaN,NaN,NaN,NaN,NaN
5,NaN,NaN,NaN,NaN,NaN,NaN,NaN,NaN
6,NaN,NaN,NaN,NaN,NaN,NaN,NaN,NaN
7,NaN,NaN,NaN,NaN,NaN,NaN,NaN,NaN
8,NaN,NaN,NaN,NaN,NaN,NaN,NaN,NaN
9,NaN,NaN,NaN,NaN,NaN,NaN,NaN,NaN
10,NaN,NaN,NaN,NaN,NaN,NaN,NaN,NaN
11,NaN,NaN,NaN,NaN,NaN,NaN,NaN,NaN
1,NaN,NaN,NaN,NaN,NaN,NaN,NaN,NaN
2,NaN,NaN,NaN,NaN,NaN,NaN,NaN,NaN
3,NaN,NaN,NaN,NaN,NaN,NaN,NaN,NaN
4,NaN,NaN,NaN,NaN,NaN,NaN,NaN,NaN
5,NaN,NaN,NaN,NaN,NaN,NaN,NaN,NaN
6,NaN,NaN,NaN,NaN,NaN,NaN,NaN,NaN
7,NaN,NaN,NaN,NaN,NaN,NaN,NaN,NaN
8,NaN,NaN,NaN,NaN,NaN,NaN,NaN,NaN
9,NaN,NaN,NaN,NaN,NaN,NaN,NaN,NaN
10,NaN,NaN,NaN,NaN,NaN,NaN,NaN,NaN
11,NaN,NaN,NaN,NaN,NaN,NaN,NaN,NaN
1,NaN,NaN,NaN,NaN,NaN,NaN,NaN,NaN
2,NaN,NaN,NaN,NaN,NaN,NaN,NaN,NaN
3,NaN,NaN,NaN,NaN,NaN,NaN,NaN,NaN
4,NaN,NaN,NaN,NaN,NaN,NaN,NaN,NaN
5,NaN,NaN,NaN,NaN,NaN,NaN,NaN,NaN
6,NaN,NaN,NaN,NaN,NaN,NaN,NaN,NaN
7,NaN,NaN,NaN,NaN,NaN,NaN,NaN,NaN
8,NaN,NaN,NaN,NaN,NaN,NaN,NaN,NaN
9,NaN,NaN,NaN,NaN,NaN,NaN,NaN,NaN
10,NaN,NaN,NaN,NaN,NaN,NaN,NaN,NaN
11,NaN,NaN,NaN,NaN,NaN,NaN,NaN,NaN
1,NaN,NaN,NaN,NaN,NaN,NaN,NaN,NaN
2,NaN,NaN,NaN,NaN,NaN,NaN,NaN,NaN
3,NaN,NaN,NaN,NaN,NaN,NaN,NaN,NaN
4,NaN,NaN,NaN,NaN,NaN,NaN,NaN,NaN
5,NaN,NaN,NaN,NaN,NaN,NaN,NaN,NaN
6,NaN,NaN,NaN,NaN,NaN,NaN,NaN,NaN
7,NaN,NaN,NaN,NaN,NaN,NaN,NaN,NaN
8,NaN,NaN,NaN,NaN,NaN,NaN,NaN,NaN
9,NaN,NaN,NaN,NaN,NaN,NaN,NaN,NaN
10,NaN,NaN,NaN,NaN,NaN,NaN,NaN,NaN
11,NaN,NaN,NaN,NaN,NaN,NaN,NaN,NaN
1,NaN,NaN,NaN,NaN,NaN,NaN,NaN,NaN
2,NaN,NaN,NaN,NaN,NaN,NaN,NaN,NaN
3,NaN,NaN,NaN,NaN,NaN,NaN,NaN,NaN
4,NaN,NaN,NaN,NaN,NaN,NaN,NaN,NaN
5,NaN,NaN,NaN,NaN,NaN,NaN,NaN,NaN
6,NaN,NaN,NaN,NaN,NaN,NaN,NaN,NaN
7,NaN,NaN,NaN,NaN,NaN,NaN,NaN,NaN
8,NaN,NaN,NaN,NaN,NaN,NaN,NaN,NaN
9,NaN,NaN,NaN,NaN,NaN,NaN,NaN,NaN
10,NaN,NaN,NaN,NaN,NaN,NaN,NaN,NaN
11,NaN,NaN,NaN,NaN,NaN,NaN,NaN,NaN
1,NaN,NaN,NaN,NaN,NaN,NaN,NaN,NaN
2,NaN,NaN,NaN,NaN,NaN,NaN,NaN,NaN
3,NaN,NaN,NaN,NaN,NaN,NaN,NaN,NaN
4,NaN,NaN,NaN,NaN,NaN,NaN,NaN,NaN
5,NaN,NaN,NaN,NaN,NaN,NaN,NaN,NaN
6,NaN,NaN,NaN,NaN,NaN,NaN,NaN,NaN
7,NaN,NaN,NaN,NaN,NaN,NaN,NaN,NaN
8,NaN,NaN,NaN,NaN,NaN,NaN,NaN,NaN
9,NaN,NaN,NaN,NaN,NaN,NaN,NaN,NaN
10,NaN,NaN,NaN,NaN,NaN,NaN,NaN,NaN
11,NaN,NaN,NaN,NaN,NaN,NaN,NaN,NaN
1,NaN,NaN,NaN,NaN,NaN,NaN,NaN,NaN
2,NaN,NaN,NaN,NaN,NaN,NaN,NaN,NaN
3,NaN,NaN,NaN,NaN,NaN,NaN,NaN,NaN
4,NaN,NaN,NaN,NaN,NaN,NaN,NaN,NaN
5,NaN,NaN,NaN,NaN,NaN,NaN,NaN,NaN
6,NaN,NaN,NaN,NaN,NaN,NaN,NaN,NaN
7,NaN,NaN,NaN,NaN,NaN,NaN,NaN,NaN
8,NaN,NaN,NaN,NaN,NaN,NaN,NaN,NaN
9,NaN,NaN,NaN,NaN,NaN,NaN,NaN,NaN
10,NaN,NaN,NaN,NaN,NaN,NaN,NaN,NaN
11,NaN,NaN,NaN,NaN,NaN,NaN,NaN,NaN
1,NaN,NaN,NaN,NaN,NaN,NaN,NaN,NaN
2,NaN,NaN,NaN,NaN,NaN,NaN,NaN,NaN
3,NaN,NaN,NaN,NaN,NaN,NaN,NaN,NaN
4,NaN,NaN,NaN,NaN,NaN,NaN,NaN,NaN
5,NaN,NaN,NaN,NaN,NaN,NaN,NaN,NaN
6,NaN,NaN,NaN,NaN,NaN,NaN,NaN,NaN
7,NaN,NaN,NaN,NaN,NaN,NaN,NaN,NaN
8,NaN,NaN,NaN,NaN,NaN,NaN,NaN,NaN
9,NaN,NaN,NaN,NaN,NaN,NaN,NaN,NaN
10,NaN,NaN,NaN,NaN,NaN,NaN,NaN,NaN
11,NaN,NaN,NaN,NaN,NaN,NaN,NaN,NaN
1,NaN,NaN,NaN,NaN,NaN,NaN,NaN,NaN
2,NaN,NaN,NaN,NaN,NaN,NaN,NaN,NaN
3,NaN,NaN,NaN,NaN,NaN,NaN,NaN,NaN
4,NaN,NaN,NaN,NaN,NaN,NaN,NaN,NaN
5,NaN,NaN,NaN,NaN,NaN,NaN,NaN,NaN
6,NaN,NaN,NaN,NaN,NaN,NaN,NaN,NaN
7,NaN,NaN,NaN,NaN,NaN,NaN,NaN,NaN
8,NaN,NaN,NaN,NaN,NaN,NaN,NaN,NaN
9,NaN,NaN,NaN,NaN,NaN,NaN,NaN,NaN
10,NaN,NaN,NaN,NaN,NaN,NaN,NaN,NaN
11,NaN,NaN,NaN,NaN,NaN,NaN,NaN,NaN
1,NaN,NaN,NaN,NaN,NaN,NaN,NaN,NaN
2,NaN,NaN,NaN,NaN,NaN,NaN,NaN,NaN
3,NaN,NaN,NaN,NaN,NaN,NaN,NaN,NaN
4,NaN,NaN,NaN,NaN,NaN,NaN,NaN,NaN
5,NaN,NaN,NaN,NaN,NaN,NaN,NaN,NaN
6,NaN,NaN,NaN,NaN,NaN,NaN,NaN,NaN
7,NaN,NaN,NaN,NaN,NaN,NaN,NaN,NaN
8,NaN,NaN,NaN,NaN,NaN,NaN,NaN,NaN
9,NaN,NaN,NaN,NaN,NaN,NaN,NaN,NaN
10,NaN,NaN,NaN,NaN,NaN,NaN,NaN,NaN
11,NaN,NaN,NaN,NaN,NaN,NaN,NaN,NaN
1,NaN,NaN,NaN,NaN,NaN,NaN,NaN,NaN
2,NaN,NaN,NaN,NaN,NaN,NaN,NaN,NaN
3,NaN,NaN,NaN,NaN,NaN,NaN,NaN,NaN
4,NaN,NaN,NaN,NaN,NaN,NaN,NaN,NaN
5,NaN,NaN,NaN,NaN,NaN,NaN,NaN,NaN
6,NaN,NaN,NaN,NaN,NaN,NaN,NaN,NaN
7,NaN,NaN,NaN,NaN,NaN,NaN,NaN,NaN
8,NaN,NaN,NaN,NaN,NaN,NaN,NaN,NaN
9,NaN,NaN,NaN,NaN,NaN,NaN,NaN,NaN
10,NaN,NaN,NaN,NaN,NaN,NaN,NaN,NaN
11,NaN,NaN,NaN,NaN,NaN,NaN,NaN,NaN
1,NaN,NaN,NaN,NaN,NaN,NaN,NaN,NaN
2,NaN,NaN,NaN,NaN,NaN,NaN,NaN,NaN
3,NaN,NaN,NaN,NaN,NaN,NaN,NaN,NaN
4,NaN,NaN,NaN,NaN,NaN,NaN,NaN,NaN
5,NaN,NaN,NaN,NaN,NaN,NaN,NaN,NaN
6,NaN,NaN,NaN,NaN,NaN,NaN,NaN,NaN
7,NaN,NaN,NaN,NaN,NaN,NaN,NaN,NaN
8,NaN,NaN,NaN,NaN,NaN,NaN,NaN,NaN
9,NaN,NaN,NaN,NaN,NaN,NaN,NaN,NaN
10,NaN,NaN,NaN,NaN,NaN,NaN,NaN,NaN
11,NaN,NaN,NaN,NaN,NaN,NaN,NaN,NaN
1,NaN,NaN,NaN,NaN,NaN,NaN,NaN,NaN
2,NaN,NaN,NaN,NaN,NaN,NaN,NaN,NaN
3,NaN,NaN,NaN,NaN,NaN,NaN,NaN,NaN
4,NaN,NaN,NaN,NaN,NaN,NaN,NaN,NaN
5,NaN,NaN,NaN,NaN,NaN,NaN,NaN,NaN
6,NaN,NaN,NaN,NaN,NaN,NaN,NaN,NaN
7,NaN,NaN,NaN,NaN,NaN,NaN,NaN,NaN
8,NaN,NaN,NaN,NaN,NaN,NaN,NaN,NaN
9,NaN,NaN,NaN,NaN,NaN,NaN,NaN,NaN
10,NaN,NaN,NaN,NaN,NaN,NaN,NaN,NaN
11,NaN,NaN,NaN,NaN,NaN,NaN,NaN,NaN
1,NaN,NaN,NaN,NaN,NaN,NaN,NaN,NaN
2,NaN,NaN,NaN,NaN,NaN,NaN,NaN,NaN
3,NaN,NaN,NaN,NaN,NaN,NaN,NaN,NaN
4,NaN,NaN,NaN,NaN,NaN,NaN,NaN,NaN
5,NaN,NaN,NaN,NaN,NaN,NaN,NaN,NaN
6,NaN,NaN,NaN,NaN,NaN,NaN,NaN,NaN
7,NaN,NaN,NaN,NaN,NaN,NaN,NaN,NaN
8,NaN,NaN,NaN,NaN,NaN,NaN,NaN,NaN
9,NaN,NaN,NaN,NaN,NaN,NaN,NaN,NaN
10,NaN,NaN,NaN,NaN,NaN,NaN,NaN,NaN
11,NaN,NaN,NaN,NaN,NaN,NaN,NaN,NaN
1,NaN,NaN,NaN,NaN,NaN,NaN,NaN,NaN
2,NaN,NaN,NaN,NaN,NaN,NaN,NaN,NaN
3,NaN,NaN,NaN,NaN,NaN,NaN,NaN,NaN
4,NaN,NaN,NaN,NaN,NaN,NaN,NaN,NaN
5,NaN,NaN,NaN,NaN,NaN,NaN,NaN,NaN
6,NaN,NaN,NaN,NaN,NaN,NaN,NaN,NaN
7,NaN,NaN,NaN,NaN,NaN,NaN,NaN,NaN
8,NaN,NaN,NaN,NaN,NaN,NaN,NaN,NaN
9,NaN,NaN,NaN,NaN,NaN,NaN,NaN,NaN
10,NaN,NaN,NaN,NaN,NaN,NaN,NaN,NaN
11,NaN,NaN,NaN,NaN,NaN,NaN,NaN,NaN
1,NaN,NaN,NaN,NaN,NaN,NaN,NaN,NaN
2,NaN,NaN,NaN,NaN,NaN,NaN,NaN,NaN
3,NaN,NaN,NaN,NaN,NaN,NaN,NaN,NaN
4,NaN,NaN,NaN,NaN,NaN,NaN,NaN,NaN
5,NaN,NaN,NaN,NaN,NaN,NaN,NaN,NaN
6,NaN,NaN,NaN,NaN,NaN,NaN,NaN,NaN
7,NaN,NaN,NaN,NaN,NaN,NaN,NaN,NaN
8,NaN,NaN,NaN,NaN,NaN,NaN,NaN,NaN
9,NaN,NaN,NaN,NaN,NaN,NaN,NaN,NaN
10,NaN,NaN,NaN,NaN,NaN,NaN,NaN,NaN
11,NaN,NaN,NaN,NaN,NaN,NaN,NaN,NaN
1,NaN,NaN,NaN,NaN,NaN,NaN,NaN,NaN
2,NaN,NaN,NaN,NaN,NaN,NaN,NaN,NaN
3,NaN,NaN,NaN,NaN,NaN,NaN,NaN,NaN
4,NaN,NaN,NaN,NaN,NaN,NaN,NaN,NaN
5,NaN,NaN,NaN,NaN,NaN,NaN,NaN,NaN
6,NaN,NaN,NaN,NaN,NaN,NaN,NaN,NaN
7,NaN,NaN,NaN,NaN,NaN,NaN,NaN,NaN
8,NaN,NaN,NaN,NaN,NaN,NaN,NaN,NaN
9,NaN,NaN,NaN,NaN,NaN,NaN,NaN,NaN
10,NaN,NaN,NaN,NaN,NaN,NaN,NaN,NaN
11,NaN,NaN,NaN,NaN,NaN,NaN,NaN,NaN
1,NaN,NaN,NaN,NaN,NaN,NaN,NaN,NaN
2,NaN,NaN,NaN,NaN,NaN,NaN,NaN,NaN
3,NaN,NaN,NaN,NaN,NaN,NaN,NaN,NaN
4,NaN,NaN,NaN,NaN,NaN,NaN,NaN,NaN
5,NaN,NaN,NaN,NaN,NaN,NaN,NaN,NaN
6,NaN,NaN,NaN,NaN,NaN,NaN,NaN,NaN
7,NaN,NaN,NaN,NaN,NaN,NaN,NaN,NaN
8,NaN,NaN,NaN,NaN,NaN,NaN,NaN,NaN
9,NaN,NaN,NaN,NaN,NaN,NaN,NaN,NaN
10,NaN,NaN,NaN,NaN,NaN,NaN,NaN,NaN
11,NaN,NaN,NaN,NaN,NaN,NaN,NaN,NaN
1,NaN,NaN,NaN,NaN,NaN,NaN,NaN,NaN
2,NaN,NaN,NaN,NaN,NaN,NaN,NaN,NaN
3,NaN,NaN,NaN,NaN,NaN,NaN,NaN,NaN
4,NaN,NaN,NaN,NaN,NaN,NaN,NaN,NaN
5,NaN,NaN,NaN,NaN,NaN,NaN,NaN,NaN
6,NaN,NaN,NaN,NaN,NaN,NaN,NaN,NaN
7,NaN,NaN,NaN,NaN,NaN,NaN,NaN,NaN
8,NaN,NaN,NaN,NaN,NaN,NaN,NaN,NaN
9,NaN,NaN,NaN,NaN,NaN,NaN,NaN,NaN
10,NaN,NaN,NaN,NaN,NaN,NaN,NaN,NaN
11,NaN,NaN,NaN,NaN,NaN,NaN,NaN,NaN
1,NaN,NaN,NaN,NaN,NaN,NaN,NaN,NaN
2,NaN,NaN,NaN,NaN,NaN,NaN,NaN,NaN
3,NaN,NaN,NaN,NaN,NaN,NaN,NaN,NaN
4,NaN,NaN,NaN,NaN,NaN,NaN,NaN,NaN
5,NaN,NaN,NaN,NaN,NaN,NaN,NaN,NaN
6,NaN,NaN,NaN,NaN,NaN,NaN,NaN,NaN
7,NaN,NaN,NaN,NaN,NaN,NaN,NaN,NaN
8,NaN,NaN,NaN,NaN,NaN,NaN,NaN,NaN
9,NaN,NaN,NaN,NaN,NaN,NaN,NaN,NaN
10,NaN,NaN,NaN,NaN,NaN,NaN,NaN,NaN
11,NaN,NaN,NaN,NaN,NaN,NaN,NaN,NaN
1,NaN,NaN,NaN,NaN,NaN,NaN,NaN,NaN
2,NaN,NaN,NaN,NaN,NaN,NaN,NaN,NaN
3,NaN,NaN,NaN,NaN,NaN,NaN,NaN,NaN
4,NaN,NaN,NaN,NaN,NaN,NaN,NaN,NaN
5,NaN,NaN,NaN,NaN,NaN,NaN,NaN,NaN
6,NaN,NaN,NaN,NaN,NaN,NaN,NaN,NaN
7,NaN,NaN,NaN,NaN,NaN,NaN,NaN,NaN
8,NaN,NaN,NaN,NaN,NaN,NaN,NaN,NaN
9,NaN,NaN,NaN,NaN,NaN,NaN,NaN,NaN
10,NaN,NaN,NaN,NaN,NaN,NaN,NaN,NaN
11,NaN,NaN,NaN,NaN,NaN,NaN,NaN,NaN
1,NaN,NaN,NaN,NaN,NaN,NaN,NaN,NaN
2,NaN,NaN,NaN,NaN,NaN,NaN,NaN,NaN
3,NaN,NaN,NaN,NaN,NaN,NaN,NaN,NaN
4,NaN,NaN,NaN,NaN,NaN,NaN,NaN,NaN
5,NaN,NaN,NaN,NaN,NaN,NaN,NaN,NaN
6,NaN,NaN,NaN,NaN,NaN,NaN,NaN,NaN
7,NaN,NaN,NaN,NaN,NaN,NaN,NaN,NaN
8,NaN,NaN,NaN,NaN,NaN,NaN,NaN,NaN
9,NaN,NaN,NaN,NaN,NaN,NaN,NaN,NaN
10,NaN,NaN,NaN,NaN,NaN,NaN,NaN,NaN
11,NaN,NaN,NaN,NaN,NaN,NaN,NaN,NaN
1,NaN,NaN,NaN,NaN,NaN,NaN,NaN,NaN
2,NaN,NaN,NaN,NaN,NaN,NaN,NaN,NaN
3,NaN,NaN,NaN,NaN,NaN,NaN,NaN,NaN
4,NaN,NaN,NaN,NaN,NaN,NaN,NaN,NaN
5,NaN,NaN,NaN,NaN,NaN,NaN,NaN,NaN
6,NaN,NaN,NaN,NaN,NaN,NaN,NaN,NaN
7,NaN,NaN,NaN,NaN,NaN,NaN,NaN,NaN
8,NaN,NaN,NaN,NaN,NaN,NaN,NaN,NaN
9,NaN,NaN,NaN,NaN,NaN,NaN,NaN,NaN
10,NaN,NaN,NaN,NaN,NaN,NaN,NaN,NaN
11,NaN,NaN,NaN,NaN,NaN,NaN,NaN,NaN
1,NaN,NaN,NaN,NaN,NaN,NaN,NaN,NaN
2,NaN,NaN,NaN,NaN,NaN,NaN,NaN,NaN
3,NaN,NaN,NaN,NaN,NaN,NaN,NaN,NaN
4,NaN,NaN,NaN,NaN,NaN,NaN,NaN,NaN
5,NaN,NaN,NaN,NaN,NaN,NaN,NaN,NaN
6,NaN,NaN,NaN,NaN,NaN,NaN,NaN,NaN
7,NaN,NaN,NaN,NaN,NaN,NaN,NaN,NaN
8,NaN,NaN,NaN,NaN,NaN,NaN,NaN,NaN
9,NaN,NaN,NaN,NaN,NaN,NaN,NaN,NaN
10,NaN,NaN,NaN,NaN,NaN,NaN,NaN,NaN
11,NaN,NaN,NaN,NaN,NaN,NaN,NaN,NaN
1,NaN,NaN,NaN,NaN,NaN,NaN,NaN,NaN
2,NaN,NaN,NaN,NaN,NaN,NaN,NaN,NaN
3,NaN,NaN,NaN,NaN,NaN,NaN,NaN,NaN
4,NaN,NaN,NaN,NaN,NaN,NaN,NaN,NaN
5,NaN,NaN,NaN,NaN,NaN,NaN,NaN,NaN
6,NaN,NaN,NaN,NaN,NaN,NaN,NaN,NaN
7,NaN,NaN,NaN,NaN,NaN,NaN,NaN,NaN
8,NaN,NaN,NaN,NaN,NaN,NaN,NaN,NaN
9,NaN,NaN,NaN,NaN,NaN,NaN,NaN,NaN
10,NaN,NaN,NaN,NaN,NaN,NaN,NaN,NaN
11,NaN,NaN,NaN,NaN,NaN,NaN,NaN,NaN
1,NaN,NaN,NaN,NaN,NaN,NaN,NaN,NaN
2,NaN,NaN,NaN,NaN,NaN,NaN,NaN,NaN
3,NaN,NaN,NaN,NaN,NaN,NaN,NaN,NaN
4,NaN,NaN,NaN,NaN,NaN,NaN,NaN,NaN
5,NaN,NaN,NaN,NaN,NaN,NaN,NaN,NaN
6,NaN,NaN,NaN,NaN,NaN,NaN,NaN,NaN
7,NaN,NaN,NaN,NaN,NaN,NaN,NaN,NaN
8,NaN,NaN,NaN,NaN,NaN,NaN,NaN,NaN
9,NaN,NaN,NaN,NaN,NaN,NaN,NaN,NaN
10,NaN,NaN,NaN,NaN,NaN,NaN,NaN,NaN
11,NaN,NaN,NaN,NaN,NaN,NaN,NaN,NaN
1,NaN,NaN,NaN,NaN,NaN,NaN,NaN,NaN
2,NaN,NaN,NaN,NaN,NaN,NaN,NaN,NaN
3,NaN,NaN,NaN,NaN,NaN,NaN,NaN,NaN
4,NaN,NaN,NaN,NaN,NaN,NaN,NaN,NaN
5,NaN,NaN,NaN,NaN,NaN,NaN,NaN,NaN
6,NaN,NaN,NaN,NaN,NaN,NaN,NaN,NaN
7,NaN,NaN,NaN,NaN,NaN,NaN,NaN,NaN
8,NaN,NaN,NaN,NaN,NaN,NaN,NaN,NaN
9,NaN,NaN,NaN,NaN,NaN,NaN,NaN,NaN
10,NaN,NaN,NaN,NaN,NaN,NaN,NaN,NaN
11,NaN,NaN,NaN,NaN,NaN,NaN,NaN,NaN
1,NaN,NaN,NaN,NaN,NaN,NaN,NaN,NaN
2,NaN,NaN,NaN,NaN,NaN,NaN,NaN,NaN
3,NaN,NaN,NaN,NaN,NaN,NaN,NaN,NaN
4,NaN,NaN,NaN,NaN,NaN,NaN,NaN,NaN
5,NaN,NaN,NaN,NaN,NaN,NaN,NaN,NaN
6,NaN,NaN,NaN,NaN,NaN,NaN,NaN,NaN
7,NaN,NaN,NaN,NaN,NaN,NaN,NaN,NaN
8,NaN,NaN,NaN,NaN,NaN,NaN,NaN,NaN
9,NaN,NaN,NaN,NaN,NaN,NaN,NaN,NaN
10,NaN,NaN,NaN,NaN,NaN,NaN,NaN,NaN
11,NaN,NaN,NaN,NaN,NaN,NaN,NaN,NaN
1,NaN,NaN,NaN,NaN,NaN,NaN,NaN,NaN
2,NaN,NaN,NaN,NaN,NaN,NaN,NaN,NaN
3,NaN,NaN,NaN,NaN,NaN,NaN,NaN,NaN
4,NaN,NaN,NaN,NaN,NaN,NaN,NaN,NaN
5,NaN,NaN,NaN,NaN,NaN,NaN,NaN,NaN
6,NaN,NaN,NaN,NaN,NaN,NaN,NaN,NaN
7,NaN,NaN,NaN,NaN,NaN,NaN,NaN,NaN
8,NaN,NaN,NaN,NaN,NaN,NaN,NaN,NaN
9,NaN,NaN,NaN,NaN,NaN,NaN,NaN,NaN
10,NaN,NaN,NaN,NaN,NaN,NaN,NaN,NaN
11,NaN,NaN,NaN,NaN,NaN,NaN,NaN,NaN
1,NaN,NaN,NaN,NaN,NaN,NaN,NaN,NaN
2,NaN,NaN,NaN,NaN,NaN,NaN,NaN,NaN
3,NaN,NaN,NaN,NaN,NaN,NaN,NaN,NaN
4,NaN,NaN,NaN,NaN,NaN,NaN,NaN,NaN
5,NaN,NaN,NaN,NaN,NaN,NaN,NaN,NaN
6,NaN,NaN,NaN,NaN,NaN,NaN,NaN,NaN
7,NaN,NaN,NaN,NaN,NaN,NaN,NaN,NaN
8,NaN,NaN,NaN,NaN,NaN,NaN,NaN,NaN
9,NaN,NaN,NaN,NaN,NaN,NaN,NaN,NaN
10,NaN,NaN,NaN,NaN,NaN,NaN,NaN,NaN
11,NaN,NaN,NaN,NaN,NaN,NaN,NaN,NaN
1,NaN,NaN,NaN,NaN,NaN,NaN,NaN,NaN
2,NaN,NaN,NaN,NaN,NaN,NaN,NaN,NaN
3,NaN,NaN,NaN,NaN,NaN,NaN,NaN,NaN
4,NaN,NaN,NaN,NaN,NaN,NaN,NaN,NaN
5,NaN,NaN,NaN,NaN,NaN,NaN,NaN,NaN
6,NaN,NaN,NaN,NaN,NaN,NaN,NaN,NaN
7,NaN,NaN,NaN,NaN,NaN,NaN,NaN,NaN
8,NaN,NaN,NaN,NaN,NaN,NaN,NaN,NaN
9,NaN,NaN,NaN,NaN,NaN,NaN,NaN,NaN
10,NaN,NaN,NaN,NaN,NaN,NaN,NaN,NaN
11,NaN,NaN,NaN,NaN,NaN,NaN,NaN,NaN
1,NaN,NaN,NaN,NaN,NaN,NaN,NaN,NaN
2,NaN,NaN,NaN,NaN,NaN,NaN,NaN,NaN
3,NaN,NaN,NaN,NaN,NaN,NaN,NaN,NaN
4,NaN,NaN,NaN,NaN,NaN,NaN,NaN,NaN
5,NaN,NaN,NaN,NaN,NaN,NaN,NaN,NaN
6,NaN,NaN,NaN,NaN,NaN,NaN,NaN,NaN
7,NaN,NaN,NaN,NaN,NaN,NaN,NaN,NaN
8,NaN,NaN,NaN,NaN,NaN,NaN,NaN,NaN
9,NaN,NaN,NaN,NaN,NaN,NaN,NaN,NaN
10,NaN,NaN,NaN,NaN,NaN,NaN,NaN,NaN
11,NaN,NaN,NaN,NaN,NaN,NaN,NaN,NaN
1,NaN,NaN,NaN,NaN,NaN,NaN,NaN,NaN
2,NaN,NaN,NaN,NaN,NaN,NaN,NaN,NaN
3,NaN,NaN,NaN,NaN,NaN,NaN,NaN,NaN
4,NaN,NaN,NaN,NaN,NaN,NaN,NaN,NaN
5,NaN,NaN,NaN,NaN,NaN,NaN,NaN,NaN
6,NaN,NaN,NaN,NaN,NaN,NaN,NaN,NaN
7,NaN,NaN,NaN,NaN,NaN,NaN,NaN,NaN
8,NaN,NaN,NaN,NaN,NaN,NaN,NaN,NaN
9,NaN,NaN,NaN,NaN,NaN,NaN,NaN,NaN
10,NaN,NaN,NaN,NaN,NaN,NaN,NaN,NaN
11,NaN,NaN,NaN,NaN,NaN,NaN,NaN,NaN
1,NaN,NaN,NaN,NaN,NaN,NaN,NaN,NaN
2,NaN,NaN,NaN,NaN,NaN,NaN,NaN,NaN
3,NaN,NaN,NaN,NaN,NaN,NaN,NaN,NaN
4,NaN,NaN,NaN,NaN,NaN,NaN,NaN,NaN
5,NaN,NaN,NaN,NaN,NaN,NaN,NaN,NaN
6,NaN,NaN,NaN,NaN,NaN,NaN,NaN,NaN
7,NaN,NaN,NaN,NaN,NaN,NaN,NaN,NaN
8,NaN,NaN,NaN,NaN,NaN,NaN,NaN,NaN
9,NaN,NaN,NaN,NaN,NaN,NaN,NaN,NaN
10,NaN,NaN,NaN,NaN,NaN,NaN,NaN,NaN
11,NaN,NaN,NaN,NaN,NaN,NaN,NaN,NaN
1,NaN,NaN,NaN,NaN,NaN,NaN,NaN,NaN
2,NaN,NaN,NaN,NaN,NaN,NaN,NaN,NaN
3,NaN,NaN,NaN,NaN,NaN,NaN,NaN,NaN
4,NaN,NaN,NaN,NaN,NaN,NaN,NaN,NaN
5,NaN,NaN,NaN,NaN,NaN,NaN,NaN,NaN
6,NaN,NaN,NaN,NaN,NaN,NaN,NaN,NaN
7,NaN,NaN,NaN,NaN,NaN,NaN,NaN,NaN
8,NaN,NaN,NaN,NaN,NaN,NaN,NaN,NaN
9,NaN,NaN,NaN,NaN,NaN,NaN,NaN,NaN
10,NaN,NaN,NaN,NaN,NaN,NaN,NaN,NaN
11,NaN,NaN,NaN,NaN,NaN,NaN,NaN,NaN
1,NaN,NaN,NaN,NaN,NaN,NaN,NaN,NaN
2,NaN,NaN,NaN,NaN,NaN,NaN,NaN,NaN
3,NaN,NaN,NaN,NaN,NaN,NaN,NaN,NaN
4,NaN,NaN,NaN,NaN,NaN,NaN,NaN,NaN
5,NaN,NaN,NaN,NaN,NaN,NaN,NaN,NaN
6,NaN,NaN,NaN,NaN,NaN,NaN,NaN,NaN
7,NaN,NaN,NaN,NaN,NaN,NaN,NaN,NaN
8,NaN,NaN,NaN,NaN,NaN,NaN,NaN,NaN
9,NaN,NaN,NaN,NaN,NaN,NaN,NaN,NaN
10,NaN,NaN,NaN,NaN,NaN,NaN,NaN,NaN
11,NaN,NaN,NaN,NaN,NaN,NaN,NaN,NaN
1,NaN,NaN,NaN,NaN,NaN,NaN,NaN,NaN
2,NaN,NaN,NaN,NaN,NaN,NaN,NaN,NaN
3,NaN,NaN,NaN,NaN,NaN,NaN,NaN,NaN
4,NaN,NaN,NaN,NaN,NaN,NaN,NaN,NaN
5,NaN,NaN,NaN,NaN,NaN,NaN,NaN,NaN
6,NaN,NaN,NaN,NaN,NaN,NaN,NaN,NaN
7,NaN,NaN,NaN,NaN,NaN,NaN,NaN,NaN
8,NaN,NaN,NaN,NaN,NaN,NaN,NaN,NaN
9,NaN,NaN,NaN,NaN,NaN,NaN,NaN,NaN
10,NaN,NaN,NaN,NaN,NaN,NaN,NaN,NaN
11,NaN,NaN,NaN,NaN,NaN,NaN,NaN,NaN
1,NaN,NaN,NaN,NaN,NaN,NaN,NaN,NaN
2,NaN,NaN,NaN,NaN,NaN,NaN,NaN,NaN
3,NaN,NaN,NaN,NaN,NaN,NaN,NaN,NaN
4,NaN,NaN,NaN,NaN,NaN,NaN,NaN,NaN
5,NaN,NaN,NaN,NaN,NaN,NaN,NaN,NaN
6,NaN,NaN,NaN,NaN,NaN,NaN,NaN,NaN
7,NaN,NaN,NaN,NaN,NaN,NaN,NaN,NaN
8,NaN,NaN,NaN,NaN,NaN,NaN,NaN,NaN
9,NaN,NaN,NaN,NaN,NaN,NaN,NaN,NaN
10,NaN,NaN,NaN,NaN,NaN,NaN,NaN,NaN
11,NaN,NaN,NaN,NaN,NaN,NaN,NaN,NaN
1,NaN,NaN,NaN,NaN,NaN,NaN,NaN,NaN
2,NaN,NaN,NaN,NaN,NaN,NaN,NaN,NaN
3,NaN,NaN,NaN,NaN,NaN,NaN,NaN,NaN
4,NaN,NaN,NaN,NaN,NaN,NaN,NaN,NaN
5,NaN,NaN,NaN,NaN,NaN,NaN,NaN,NaN
6,NaN,NaN,NaN,NaN,NaN,NaN,NaN,NaN
7,NaN,NaN,NaN,NaN,NaN,NaN,NaN,NaN
8,NaN,NaN,NaN,NaN,NaN,NaN,NaN,NaN
9,NaN,NaN,NaN,NaN,NaN,NaN,NaN,NaN
10,NaN,NaN,NaN,NaN,NaN,NaN,NaN,NaN
11,NaN,NaN,NaN,NaN,NaN,NaN,NaN,NaN
1,NaN,NaN,NaN,NaN,NaN,NaN,NaN,NaN
2,NaN,NaN,NaN,NaN,NaN,NaN,NaN,NaN
3,NaN,NaN,NaN,NaN,NaN,NaN,NaN,NaN
4,NaN,NaN,NaN,NaN,NaN,NaN,NaN,NaN
5,NaN,NaN,NaN,NaN,NaN,NaN,NaN,NaN
6,NaN,NaN,NaN,NaN,NaN,NaN,NaN,NaN
7,NaN,NaN,NaN,NaN,NaN,NaN,NaN,NaN
8,NaN,NaN,NaN,NaN,NaN,NaN,NaN,NaN
9,NaN,NaN,NaN,NaN,NaN,NaN,NaN,NaN
10,NaN,NaN,NaN,NaN,NaN,NaN,NaN,NaN
11,NaN,NaN,NaN,NaN,NaN,NaN,NaN,NaN
1,NaN,NaN,NaN,NaN,NaN,NaN,NaN,NaN
2,NaN,NaN,NaN,NaN,NaN,NaN,NaN,NaN
3,NaN,NaN,NaN,NaN,NaN,NaN,NaN,NaN
4,NaN,NaN,NaN,NaN,NaN,NaN,NaN,NaN
5,NaN,NaN,NaN,NaN,NaN,NaN,NaN,NaN
6,NaN,NaN,NaN,NaN,NaN,NaN,NaN,NaN
7,NaN,NaN,NaN,NaN,NaN,NaN,NaN,NaN
8,NaN,NaN,NaN,NaN,NaN,NaN,NaN,NaN
9,NaN,NaN,NaN,NaN,NaN,NaN,NaN,NaN
10,NaN,NaN,NaN,NaN,NaN,NaN,NaN,NaN
11,NaN,NaN,NaN,NaN,NaN,NaN,NaN,NaN
1,NaN,NaN,NaN,NaN,NaN,NaN,NaN,NaN
2,NaN,NaN,NaN,NaN,NaN,NaN,NaN,NaN
3,NaN,NaN,NaN,NaN,NaN,NaN,NaN,NaN
4,NaN,NaN,NaN,NaN,NaN,NaN,NaN,NaN
5,NaN,NaN,NaN,NaN,NaN,NaN,NaN,NaN
6,NaN,NaN,NaN,NaN,NaN,NaN,NaN,NaN
7,NaN,NaN,NaN,NaN,NaN,NaN,NaN,NaN
8,NaN,NaN,NaN,NaN,NaN,NaN,NaN,NaN
9,NaN,NaN,NaN,NaN,NaN,NaN,NaN,NaN
10,NaN,NaN,NaN,NaN,NaN,NaN,NaN,NaN
11,NaN,NaN,NaN,NaN,NaN,NaN,NaN,NaN
1,NaN,NaN,NaN,NaN,NaN,NaN,NaN,NaN
2,NaN,NaN,NaN,NaN,NaN,NaN,NaN,NaN
3,NaN,NaN,NaN,NaN,NaN,NaN,NaN,NaN
4,NaN,NaN,NaN,NaN,NaN,NaN,NaN,NaN
5,NaN,NaN,NaN,NaN,NaN,NaN,NaN,NaN
6,NaN,NaN,NaN,NaN,NaN,NaN,NaN,NaN
7,NaN,NaN,NaN,NaN,NaN,NaN,NaN,NaN
8,NaN,NaN,NaN,NaN,NaN,NaN,NaN,NaN
9,NaN,NaN,NaN,NaN,NaN,NaN,NaN,NaN
10,NaN,NaN,NaN,NaN,NaN,NaN,NaN,NaN
11,NaN,NaN,NaN,NaN,NaN,NaN,NaN,NaN
1,NaN,NaN,NaN,NaN,NaN,NaN,NaN,NaN
2,NaN,NaN,NaN,NaN,NaN,NaN,NaN,NaN
3,NaN,NaN,NaN,NaN,NaN,NaN,NaN,NaN
4,NaN,NaN,NaN,NaN,NaN,NaN,NaN,NaN
5,NaN,NaN,NaN,NaN,NaN,NaN,NaN,NaN
6,NaN,NaN,NaN,NaN,NaN,NaN,NaN,NaN
7,NaN,NaN,NaN,NaN,NaN,NaN,NaN,NaN
8,NaN,NaN,NaN,NaN,NaN,NaN,NaN,NaN
9,NaN,NaN,NaN,NaN,NaN,NaN,NaN,NaN
10,NaN,NaN,NaN,NaN,NaN,NaN,NaN,NaN
11,NaN,NaN,NaN,NaN,NaN,NaN,NaN,NaN
1,NaN,NaN,NaN,NaN,NaN,NaN,NaN,NaN
2,NaN,NaN,NaN,NaN,NaN,NaN,NaN,NaN
3,NaN,NaN,NaN,NaN,NaN,NaN,NaN,NaN
4,NaN,NaN,NaN,NaN,NaN,NaN,NaN,NaN
5,NaN,NaN,NaN,NaN,NaN,NaN,NaN,NaN
6,NaN,NaN,NaN,NaN,NaN,NaN,NaN,NaN
7,NaN,NaN,NaN,NaN,NaN,NaN,NaN,NaN
8,NaN,NaN,NaN,NaN,NaN,NaN,NaN,NaN
9,NaN,NaN,NaN,NaN,NaN,NaN,NaN,NaN
10,NaN,NaN,NaN,NaN,NaN,NaN,NaN,NaN
11,NaN,NaN,NaN,NaN,NaN,NaN,NaN,NaN
1,NaN,NaN,NaN,NaN,NaN,NaN,NaN,NaN
2,NaN,NaN,NaN,NaN,NaN,NaN,NaN,NaN
3,NaN,NaN,NaN,NaN,NaN,NaN,NaN,NaN
4,NaN,NaN,NaN,NaN,NaN,NaN,NaN,NaN
5,NaN,NaN,NaN,NaN,NaN,NaN,NaN,NaN
6,NaN,NaN,NaN,NaN,NaN,NaN,NaN,NaN
7,NaN,NaN,NaN,NaN,NaN,NaN,NaN,NaN
8,NaN,NaN,NaN,NaN,NaN,NaN,NaN,NaN
9,NaN,NaN,NaN,NaN,NaN,NaN,NaN,NaN
10,NaN,NaN,NaN,NaN,NaN,NaN,NaN,NaN
11,NaN,NaN,NaN,NaN,NaN,NaN,NaN,NaN
1,NaN,NaN,NaN,NaN,NaN,NaN,NaN,NaN
2,NaN,NaN,NaN,NaN,NaN,NaN,NaN,NaN
3,NaN,NaN,NaN,NaN,NaN,NaN,NaN,NaN
4,NaN,NaN,NaN,NaN,NaN,NaN,NaN,NaN
5,NaN,NaN,NaN,NaN,NaN,NaN,NaN,NaN
6,NaN,NaN,NaN,NaN,NaN,NaN,NaN,NaN
7,NaN,NaN,NaN,NaN,NaN,NaN,NaN,NaN
8,NaN,NaN,NaN,NaN,NaN,NaN,NaN,NaN
9,NaN,NaN,NaN,NaN,NaN,NaN,NaN,NaN
10,NaN,NaN,NaN,NaN,NaN,NaN,NaN,NaN
11,NaN,NaN,NaN,NaN,NaN,NaN,NaN,NaN
1,NaN,NaN,NaN,NaN,NaN,NaN,NaN,NaN
2,NaN,NaN,NaN,NaN,NaN,NaN,NaN,NaN
3,NaN,NaN,NaN,NaN,NaN,NaN,NaN,NaN
4,NaN,NaN,NaN,NaN,NaN,NaN,NaN,NaN
5,NaN,NaN,NaN,NaN,NaN,NaN,NaN,NaN
6,NaN,NaN,NaN,NaN,NaN,NaN,NaN,NaN
7,NaN,NaN,NaN,NaN,NaN,NaN,NaN,NaN
8,NaN,NaN,NaN,NaN,NaN,NaN,NaN,NaN
9,NaN,NaN,NaN,NaN,NaN,NaN,NaN,NaN
10,NaN,NaN,NaN,NaN,NaN,NaN,NaN,NaN
11,NaN,NaN,NaN,NaN,NaN,NaN,NaN,NaN
1,NaN,NaN,NaN,NaN,NaN,NaN,NaN,NaN
2,NaN,NaN,NaN,NaN,NaN,NaN,NaN,NaN
3,NaN,NaN,NaN,NaN,NaN,NaN,NaN,NaN
4,NaN,NaN,NaN,NaN,NaN,NaN,NaN,NaN
5,NaN,NaN,NaN,NaN,NaN,NaN,NaN,NaN
6,NaN,NaN,NaN,NaN,NaN,NaN,NaN,NaN
7,NaN,NaN,NaN,NaN,NaN,NaN,NaN,NaN
8,NaN,NaN,NaN,NaN,NaN,NaN,NaN,NaN
9,NaN,NaN,NaN,NaN,NaN,NaN,NaN,NaN
10,NaN,NaN,NaN,NaN,NaN,NaN,NaN,NaN
11,NaN,NaN,NaN,NaN,NaN,NaN,NaN,NaN
1,NaN,NaN,NaN,NaN,NaN,NaN,NaN,NaN
2,NaN,NaN,NaN,NaN,NaN,NaN,NaN,NaN
3,NaN,NaN,NaN,NaN,NaN,NaN,NaN,NaN
4,NaN,NaN,NaN,NaN,NaN,NaN,NaN,NaN
5,NaN,NaN,NaN,NaN,NaN,NaN,NaN,NaN
6,NaN,NaN,NaN,NaN,NaN,NaN,NaN,NaN
7,NaN,NaN,NaN,NaN,NaN,NaN,NaN,NaN
8,NaN,NaN,NaN,NaN,NaN,NaN,NaN,NaN
9,NaN,NaN,NaN,NaN,NaN,NaN,NaN,NaN
10,NaN,NaN,NaN,NaN,NaN,NaN,NaN,NaN
11,NaN,NaN,NaN,NaN,NaN,NaN,NaN,NaN
1,NaN,NaN,NaN,NaN,NaN,NaN,NaN,NaN
2,NaN,NaN,NaN,NaN,NaN,NaN,NaN,NaN
3,NaN,NaN,NaN,NaN,NaN,NaN,NaN,NaN
4,NaN,NaN,NaN,NaN,NaN,NaN,NaN,NaN
5,NaN,NaN,NaN,NaN,NaN,NaN,NaN,NaN
6,NaN,NaN,NaN,NaN,NaN,NaN,NaN,NaN
7,NaN,NaN,NaN,NaN,NaN,NaN,NaN,NaN
8,NaN,NaN,NaN,NaN,NaN,NaN,NaN,NaN
9,NaN,NaN,NaN,NaN,NaN,NaN,NaN,NaN
10,NaN,NaN,NaN,NaN,NaN,NaN,NaN,NaN
11,NaN,NaN,NaN,NaN,NaN,NaN,NaN,NaN
1,NaN,NaN,NaN,NaN,NaN,NaN,NaN,NaN
2,NaN,NaN,NaN,NaN,NaN,NaN,NaN,NaN
3,NaN,NaN,NaN,NaN,NaN,NaN,NaN,NaN
4,NaN,NaN,NaN,NaN,NaN,NaN,NaN,NaN
5,NaN,NaN,NaN,NaN,NaN,NaN,NaN,NaN
6,NaN,NaN,NaN,NaN,NaN,NaN,NaN,NaN
7,NaN,NaN,NaN,NaN,NaN,NaN,NaN,NaN
8,NaN,NaN,NaN,NaN,NaN,NaN,NaN,NaN
9,NaN,NaN,NaN,NaN,NaN,NaN,NaN,NaN
10,NaN,NaN,NaN,NaN,NaN,NaN,NaN,NaN
11,NaN,NaN,NaN,NaN,NaN,NaN,NaN,NaN
1,NaN,NaN,NaN,NaN,NaN,NaN,NaN,NaN
2,NaN,NaN,NaN,NaN,NaN,NaN,NaN,NaN
3,NaN,NaN,NaN,NaN,NaN,NaN,NaN,NaN
4,NaN,NaN,NaN,NaN,NaN,NaN,NaN,NaN
5,NaN,NaN,NaN,NaN,NaN,NaN,NaN,NaN
6,NaN,NaN,NaN,NaN,NaN,NaN,NaN,NaN
7,NaN,NaN,NaN,NaN,NaN,NaN,NaN,NaN
8,NaN,NaN,NaN,NaN,NaN,NaN,NaN,NaN
9,NaN,NaN,NaN,NaN,NaN,NaN,NaN,NaN
10,NaN,NaN,NaN,NaN,NaN,NaN,NaN,NaN
11,NaN,NaN,NaN,NaN,NaN,NaN,NaN,NaN
1,NaN,NaN,NaN,NaN,NaN,NaN,NaN,NaN
2,NaN,NaN,NaN,NaN,NaN,NaN,NaN,NaN
3,NaN,NaN,NaN,NaN,NaN,NaN,NaN,NaN
4,NaN,NaN,NaN,NaN,NaN,NaN,NaN,NaN
5,NaN,NaN,NaN,NaN,NaN,NaN,NaN,NaN
6,NaN,NaN,NaN,NaN,NaN,NaN,NaN,NaN
7,NaN,NaN,NaN,NaN,NaN,NaN,NaN,NaN
8,NaN,NaN,NaN,NaN,NaN,NaN,NaN,NaN
9,NaN,NaN,NaN,NaN,NaN,NaN,NaN,NaN
10,NaN,NaN,NaN,NaN,NaN,NaN,NaN,NaN
11,NaN,NaN,NaN,NaN,NaN,NaN,NaN,NaN
1,NaN,NaN,NaN,NaN,NaN,NaN,NaN,NaN
2,NaN,NaN,NaN,NaN,NaN,NaN,NaN,NaN
3,NaN,NaN,NaN,NaN,NaN,NaN,NaN,NaN
4,NaN,NaN,NaN,NaN,NaN,NaN,NaN,NaN
5,NaN,NaN,NaN,NaN,NaN,NaN,NaN,NaN
6,NaN,NaN,NaN,NaN,NaN,NaN,NaN,NaN
7,NaN,NaN,NaN,NaN,NaN,NaN,NaN,NaN
8,NaN,NaN,NaN,NaN,NaN,NaN,NaN,NaN
9,NaN,NaN,NaN,NaN,NaN,NaN,NaN,NaN
10,NaN,NaN,NaN,NaN,NaN,NaN,NaN,NaN
11,NaN,NaN,NaN,NaN,NaN,NaN,NaN,NaN
1,NaN,NaN,NaN,NaN,NaN,NaN,NaN,NaN
2,NaN,NaN,NaN,NaN,NaN,NaN,NaN,NaN
3,NaN,NaN,NaN,NaN,NaN,NaN,NaN,NaN
4,NaN,NaN,NaN,NaN,NaN,NaN,NaN,NaN
5,NaN,NaN,NaN,NaN,NaN,NaN,NaN,NaN
6,NaN,NaN,NaN,NaN,NaN,NaN,NaN,NaN
7,NaN,NaN,NaN,NaN,NaN,NaN,NaN,NaN
8,NaN,NaN,NaN,NaN,NaN,NaN,NaN,NaN
9,NaN,NaN,NaN,NaN,NaN,NaN,NaN,NaN
10,NaN,NaN,NaN,NaN,NaN,NaN,NaN,NaN
11,NaN,NaN,NaN,NaN,NaN,NaN,NaN,NaN
1,NaN,NaN,NaN,NaN,NaN,NaN,NaN,NaN
2,NaN,NaN,NaN,NaN,NaN,NaN,NaN,NaN
3,NaN,NaN,NaN,NaN,NaN,NaN,NaN,NaN
4,NaN,NaN,NaN,NaN,NaN,NaN,NaN,NaN
5,NaN,NaN,NaN,NaN,NaN,NaN,NaN,NaN
6,NaN,NaN,NaN,NaN,NaN,NaN,NaN,NaN
7,NaN,NaN,NaN,NaN,NaN,NaN,NaN,NaN
8,NaN,NaN,NaN,NaN,NaN,NaN,NaN,NaN
9,NaN,NaN,NaN,NaN,NaN,NaN,NaN,NaN
10,NaN,NaN,NaN,NaN,NaN,NaN,NaN,NaN
11,NaN,NaN,NaN,NaN,NaN,NaN,NaN,NaN
1,NaN,NaN,NaN,NaN,NaN,NaN,NaN,NaN
2,NaN,NaN,NaN,NaN,NaN,NaN,NaN,NaN
3,NaN,NaN,NaN,NaN,NaN,NaN,NaN,NaN
4,NaN,NaN,NaN,NaN,NaN,NaN,NaN,NaN
5,NaN,NaN,NaN,NaN,NaN,NaN,NaN,NaN
6,NaN,NaN,NaN,NaN,NaN,NaN,NaN,NaN
7,NaN,NaN,NaN,NaN,NaN,NaN,NaN,NaN
8,NaN,NaN,NaN,NaN,NaN,NaN,NaN,NaN
9,NaN,NaN,NaN,NaN,NaN,NaN,NaN,NaN
10,NaN,NaN,NaN,NaN,NaN,NaN,NaN,NaN
11,NaN,NaN,NaN,NaN,NaN,NaN,NaN,NaN
1,NaN,NaN,NaN,NaN,NaN,NaN,NaN,NaN
2,NaN,NaN,NaN,NaN,NaN,NaN,NaN,NaN
3,NaN,NaN,NaN,NaN,NaN,NaN,NaN,NaN
4,NaN,NaN,NaN,NaN,NaN,NaN,NaN,NaN
5,NaN,NaN,NaN,NaN,NaN,NaN,NaN,NaN
6,NaN,NaN,NaN,NaN,NaN,NaN,NaN,NaN
7,NaN,NaN,NaN,NaN,NaN,NaN,NaN,NaN
8,NaN,NaN,NaN,NaN,NaN,NaN,NaN,NaN
9,NaN,NaN,NaN,NaN,NaN,NaN,NaN,NaN
10,NaN,NaN,NaN,NaN,NaN,NaN,NaN,NaN
11,NaN,NaN,NaN,NaN,NaN,NaN,NaN,NaN
1,NaN,NaN,NaN,NaN,NaN,NaN,NaN,NaN
2,NaN,NaN,NaN,NaN,NaN,NaN,NaN,NaN
3,NaN,NaN,NaN,NaN,NaN,NaN,NaN,NaN
4,NaN,NaN,NaN,NaN,NaN,NaN,NaN,NaN
5,NaN,NaN,NaN,NaN,NaN,NaN,NaN,NaN
6,NaN,NaN,NaN,NaN,NaN,NaN,NaN,NaN
7,NaN,NaN,NaN,NaN,NaN,NaN,NaN,NaN
8,NaN,NaN,NaN,NaN,NaN,NaN,NaN,NaN
9,NaN,NaN,NaN,NaN,NaN,NaN,NaN,NaN
10,NaN,NaN,NaN,NaN,NaN,NaN,NaN,NaN
11,NaN,NaN,NaN,NaN,NaN,NaN,NaN,NaN
1,NaN,NaN,NaN,NaN,NaN,NaN,NaN,NaN
2,NaN,NaN,NaN,NaN,NaN,NaN,NaN,NaN
3,NaN,NaN,NaN,NaN,NaN,NaN,NaN,NaN
4,NaN,NaN,NaN,NaN,NaN,NaN,NaN,NaN
5,NaN,NaN,NaN,NaN,NaN,NaN,NaN,NaN
6,NaN,NaN,NaN,NaN,NaN,NaN,NaN,NaN
7,NaN,NaN,NaN,NaN,NaN,NaN,NaN,NaN
8,NaN,NaN,NaN,NaN,NaN,NaN,NaN,NaN
9,NaN,NaN,NaN,NaN,NaN,NaN,NaN,NaN
10,NaN,NaN,NaN,NaN,NaN,NaN,NaN,NaN
11,NaN,NaN,NaN,NaN,NaN,NaN,NaN,NaN
1,NaN,NaN,NaN,NaN,NaN,NaN,NaN,NaN
2,NaN,NaN,NaN,NaN,NaN,NaN,NaN,NaN
3,NaN,NaN,NaN,NaN,NaN,NaN,NaN,NaN
4,NaN,NaN,NaN,NaN,NaN,NaN,NaN,NaN
5,NaN,NaN,NaN,NaN,NaN,NaN,NaN,NaN
6,NaN,NaN,NaN,NaN,NaN,NaN,NaN,NaN
7,NaN,NaN,NaN,NaN,NaN,NaN,NaN,NaN
8,NaN,NaN,NaN,NaN,NaN,NaN,NaN,NaN
9,NaN,NaN,NaN,NaN,NaN,NaN,NaN,NaN
10,NaN,NaN,NaN,NaN,NaN,NaN,NaN,NaN
11,NaN,NaN,NaN,NaN,NaN,NaN,NaN,NaN
1,NaN,NaN,NaN,NaN,NaN,NaN,NaN,NaN
2,NaN,NaN,NaN,NaN,NaN,NaN,NaN,NaN
3,NaN,NaN,NaN,NaN,NaN,NaN,NaN,NaN
4,NaN,NaN,NaN,NaN,NaN,NaN,NaN,NaN
5,NaN,NaN,NaN,NaN,NaN,NaN,NaN,NaN
6,NaN,NaN,NaN,NaN,NaN,NaN,NaN,NaN
7,NaN,NaN,NaN,NaN,NaN,NaN,NaN,NaN
8,NaN,NaN,NaN,NaN,NaN,NaN,NaN,NaN
9,NaN,NaN,NaN,NaN,NaN,NaN,NaN,NaN
10,NaN,NaN,NaN,NaN,NaN,NaN,NaN,NaN
11,NaN,NaN,NaN,NaN,NaN,NaN,NaN,NaN
1,NaN,NaN,NaN,NaN,NaN,NaN,NaN,NaN
2,NaN,NaN,NaN,NaN,NaN,NaN,NaN,NaN
3,NaN,NaN,NaN,NaN,NaN,NaN,NaN,NaN
4,NaN,NaN,NaN,NaN,NaN,NaN,NaN,NaN
5,NaN,NaN,NaN,NaN,NaN,NaN,NaN,NaN
6,NaN,NaN,NaN,NaN,NaN,NaN,NaN,NaN
7,NaN,NaN,NaN,NaN,NaN,NaN,NaN,NaN
8,NaN,NaN,NaN,NaN,NaN,NaN,NaN,NaN
9,NaN,NaN,NaN,NaN,NaN,NaN,NaN,NaN
10,NaN,NaN,NaN,NaN,NaN,NaN,NaN,NaN
11,NaN,NaN,NaN,NaN,NaN,NaN,NaN,NaN
1,NaN,NaN,NaN,NaN,NaN,NaN,NaN,NaN
2,NaN,NaN,NaN,NaN,NaN,NaN,NaN,NaN
3,NaN,NaN,NaN,NaN,NaN,NaN,NaN,NaN
4,NaN,NaN,NaN,NaN,NaN,NaN,NaN,NaN
5,NaN,NaN,NaN,NaN,NaN,NaN,NaN,NaN
6,NaN,NaN,NaN,NaN,NaN,NaN,NaN,NaN
7,NaN,NaN,NaN,NaN,NaN,NaN,NaN,NaN
8,NaN,NaN,NaN,NaN,NaN,NaN,NaN,NaN
9,NaN,NaN,NaN,NaN,NaN,NaN,NaN,NaN
10,NaN,NaN,NaN,NaN,NaN,NaN,NaN,NaN
11,NaN,NaN,NaN,NaN,NaN,NaN,NaN,NaN
1,NaN,NaN,NaN,NaN,NaN,NaN,NaN,NaN
2,NaN,NaN,NaN,NaN,NaN,NaN,NaN,NaN
3,NaN,NaN,NaN,NaN,NaN,NaN,NaN,NaN
4,NaN,NaN,NaN,NaN,NaN,NaN,NaN,NaN
5,NaN,NaN,NaN,NaN,NaN,NaN,NaN,NaN
6,NaN,NaN,NaN,NaN,NaN,NaN,NaN,NaN
7,NaN,NaN,NaN,NaN,NaN,NaN,NaN,NaN
8,NaN,NaN,NaN,NaN,NaN,NaN,NaN,NaN
9,NaN,NaN,NaN,NaN,NaN,NaN,NaN,NaN
10,NaN,NaN,NaN,NaN,NaN,NaN,NaN,NaN
11,NaN,NaN,NaN,NaN,NaN,NaN,NaN,NaN
1,NaN,NaN,NaN,NaN,NaN,NaN,NaN,NaN
2,NaN,NaN,NaN,NaN,NaN,NaN,NaN,NaN
3,NaN,NaN,NaN,NaN,NaN,NaN,NaN,NaN
4,NaN,NaN,NaN,NaN,NaN,NaN,NaN,NaN
5,NaN,NaN,NaN,NaN,NaN,NaN,NaN,NaN
6,NaN,NaN,NaN,NaN,NaN,NaN,NaN,NaN
7,NaN,NaN,NaN,NaN,NaN,NaN,NaN,NaN
8,NaN,NaN,NaN,NaN,NaN,NaN,NaN,NaN
9,NaN,NaN,NaN,NaN,NaN,NaN,NaN,NaN
10,NaN,NaN,NaN,NaN,NaN,NaN,NaN,NaN
11,NaN,NaN,NaN,NaN,NaN,NaN,NaN,NaN
1,NaN,NaN,NaN,NaN,NaN,NaN,NaN,NaN
2,NaN,NaN,NaN,NaN,NaN,NaN,NaN,NaN
3,NaN,NaN,NaN,NaN,NaN,NaN,NaN,NaN
4,NaN,NaN,NaN,NaN,NaN,NaN,NaN,NaN
5,NaN,NaN,NaN,NaN,NaN,NaN,NaN,NaN
6,NaN,NaN,NaN,NaN,NaN,NaN,NaN,NaN
7,NaN,NaN,NaN,NaN,NaN,NaN,NaN,NaN
8,NaN,NaN,NaN,NaN,NaN,NaN,NaN,NaN
9,NaN,NaN,NaN,NaN,NaN,NaN,NaN,NaN
10,NaN,NaN,NaN,NaN,NaN,NaN,NaN,NaN
11,NaN,NaN,NaN,NaN,NaN,NaN,NaN,NaN
1,NaN,NaN,NaN,NaN,NaN,NaN,NaN,NaN
2,NaN,NaN,NaN,NaN,NaN,NaN,NaN,NaN
3,NaN,NaN,NaN,NaN,NaN,NaN,NaN,NaN
4,NaN,NaN,NaN,NaN,NaN,NaN,NaN,NaN
5,NaN,NaN,NaN,NaN,NaN,NaN,NaN,NaN
6,NaN,NaN,NaN,NaN,NaN,NaN,NaN,NaN
7,NaN,NaN,NaN,NaN,NaN,NaN,NaN,NaN
8,NaN,NaN,NaN,NaN,NaN,NaN,NaN,NaN
9,NaN,NaN,NaN,NaN,NaN,NaN,NaN,NaN
10,NaN,NaN,NaN,NaN,NaN,NaN,NaN,NaN
11,NaN,NaN,NaN,NaN,NaN,NaN,NaN,NaN
1,NaN,NaN,NaN,NaN,NaN,NaN,NaN,NaN
2,NaN,NaN,NaN,NaN,NaN,NaN,NaN,NaN
3,NaN,NaN,NaN,NaN,NaN,NaN,NaN,NaN
4,NaN,NaN,NaN,NaN,NaN,NaN,NaN,NaN
5,NaN,NaN,NaN,NaN,NaN,NaN,NaN,NaN
6,NaN,NaN,NaN,NaN,NaN,NaN,NaN,NaN
7,NaN,NaN,NaN,NaN,NaN,NaN,NaN,NaN
8,NaN,NaN,NaN,NaN,NaN,NaN,NaN,NaN
9,NaN,NaN,NaN,NaN,NaN,NaN,NaN,NaN
10,NaN,NaN,NaN,NaN,NaN,NaN,NaN,NaN
11,NaN,NaN,NaN,NaN,NaN,NaN,NaN,NaN
1,NaN,NaN,NaN,NaN,NaN,NaN,NaN,NaN
2,NaN,NaN,NaN,NaN,NaN,NaN,NaN,NaN
3,NaN,NaN,NaN,NaN,NaN,NaN,NaN,NaN
4,NaN,NaN,NaN,NaN,NaN,NaN,NaN,NaN
5,NaN,NaN,NaN,NaN,NaN,NaN,NaN,NaN
6,NaN,NaN,NaN,NaN,NaN,NaN,NaN,NaN
7,NaN,NaN,NaN,NaN,NaN,NaN,NaN,NaN
8,NaN,NaN,NaN,NaN,NaN,NaN,NaN,NaN
9,NaN,NaN,NaN,NaN,NaN,NaN,NaN,NaN
10,NaN,NaN,NaN,NaN,NaN,NaN,NaN,NaN
11,NaN,NaN,NaN,NaN,NaN,NaN,NaN,NaN
1,NaN,NaN,NaN,NaN,NaN,NaN,NaN,NaN
2,NaN,NaN,NaN,NaN,NaN,NaN,NaN,NaN
3,NaN,NaN,NaN,NaN,NaN,NaN,NaN,NaN
4,NaN,NaN,NaN,NaN,NaN,NaN,NaN,NaN
5,NaN,NaN,NaN,NaN,NaN,NaN,NaN,NaN
6,NaN,NaN,NaN,NaN,NaN,NaN,NaN,NaN
7,NaN,NaN,NaN,NaN,NaN,NaN,NaN,NaN
8,NaN,NaN,NaN,NaN,NaN,NaN,NaN,NaN
9,NaN,NaN,NaN,NaN,NaN,NaN,NaN,NaN
10,NaN,NaN,NaN,NaN,NaN,NaN,NaN,NaN
11,NaN,NaN,NaN,NaN,NaN,NaN,NaN,NaN
1,NaN,NaN,NaN,NaN,NaN,NaN,NaN,NaN
2,NaN,NaN,NaN,NaN,NaN,NaN,NaN,NaN
3,NaN,NaN,NaN,NaN,NaN,NaN,NaN,NaN
4,NaN,NaN,NaN,NaN,NaN,NaN,NaN,NaN
5,NaN,NaN,NaN,NaN,NaN,NaN,NaN,NaN
6,NaN,NaN,NaN,NaN,NaN,NaN,NaN,NaN
7,NaN,NaN,NaN,NaN,NaN,NaN,NaN,NaN
8,NaN,NaN,NaN,NaN,NaN,NaN,NaN,NaN
9,NaN,NaN,NaN,NaN,NaN,NaN,NaN,NaN
10,NaN,NaN,NaN,NaN,NaN,NaN,NaN,NaN
11,NaN,NaN,NaN,NaN,NaN,NaN,NaN,NaN
1,NaN,NaN,NaN,NaN,NaN,NaN,NaN,NaN
2,NaN,NaN,NaN,NaN,NaN,NaN,NaN,NaN
3,NaN,NaN,NaN,NaN,NaN,NaN,NaN,NaN
4,NaN,NaN,NaN,NaN,NaN,NaN,NaN,NaN
5,NaN,NaN,NaN,NaN,NaN,NaN,NaN,NaN
6,NaN,NaN,NaN,NaN,NaN,NaN,NaN,NaN
7,NaN,NaN,NaN,NaN,NaN,NaN,NaN,NaN
8,NaN,NaN,NaN,NaN,NaN,NaN,NaN,NaN
9,NaN,NaN,NaN,NaN,NaN,NaN,NaN,NaN
10,NaN,NaN,NaN,NaN,NaN,NaN,NaN,NaN
11,NaN,NaN,NaN,NaN,NaN,NaN,NaN,NaN
1,NaN,NaN,NaN,NaN,NaN,NaN,NaN,NaN
2,NaN,NaN,NaN,NaN,NaN,NaN,NaN,NaN
3,NaN,NaN,NaN,NaN,NaN,NaN,NaN,NaN
4,NaN,NaN,NaN,NaN,NaN,NaN,NaN,NaN
5,NaN,NaN,NaN,NaN,NaN,NaN,NaN,NaN
6,NaN,NaN,NaN,NaN,NaN,NaN,NaN,NaN
7,NaN,NaN,NaN,NaN,NaN,NaN,NaN,NaN
8,NaN,NaN,NaN,NaN,NaN,NaN,NaN,NaN
9,NaN,NaN,NaN,NaN,NaN,NaN,NaN,NaN
10,NaN,NaN,NaN,NaN,NaN,NaN,NaN,NaN
11,NaN,NaN,NaN,NaN,NaN,NaN,NaN,NaN
1,NaN,NaN,NaN,NaN,NaN,NaN,NaN,NaN
2,NaN,NaN,NaN,NaN,NaN,NaN,NaN,NaN
3,NaN,NaN,NaN,NaN,NaN,NaN,NaN,NaN
4,NaN,NaN,NaN,NaN,NaN,NaN,NaN,NaN
5,NaN,NaN,NaN,NaN,NaN,NaN,NaN,NaN
6,NaN,NaN,NaN,NaN,NaN,NaN,NaN,NaN
7,NaN,NaN,NaN,NaN,NaN,NaN,NaN,NaN
8,NaN,NaN,NaN,NaN,NaN,NaN,NaN,NaN
9,NaN,NaN,NaN,NaN,NaN,NaN,NaN,NaN
10,NaN,NaN,NaN,NaN,NaN,NaN,NaN,NaN
11,NaN,NaN,NaN,NaN,NaN,NaN,NaN,NaN
1,NaN,NaN,NaN,NaN,NaN,NaN,NaN,NaN
2,NaN,NaN,NaN,NaN,NaN,NaN,NaN,NaN
3,NaN,NaN,NaN,NaN,NaN,NaN,NaN,NaN
4,NaN,NaN,NaN,NaN,NaN,NaN,NaN,NaN
5,NaN,NaN,NaN,NaN,NaN,NaN,NaN,NaN
6,NaN,NaN,NaN,NaN,NaN,NaN,NaN,NaN
7,NaN,NaN,NaN,NaN,NaN,NaN,NaN,NaN
8,NaN,NaN,NaN,NaN,NaN,NaN,NaN,NaN
9,NaN,NaN,NaN,NaN,NaN,NaN,NaN,NaN
10,NaN,NaN,NaN,NaN,NaN,NaN,NaN,NaN
11,NaN,NaN,NaN,NaN,NaN,NaN,NaN,NaN
1,NaN,NaN,NaN,NaN,NaN,NaN,NaN,NaN
2,NaN,NaN,NaN,NaN,NaN,NaN,NaN,NaN
3,NaN,NaN,NaN,NaN,NaN,NaN,NaN,NaN
4,NaN,NaN,NaN,NaN,NaN,NaN,NaN,NaN
5,NaN,NaN,NaN,NaN,NaN,NaN,NaN,NaN
6,NaN,NaN,NaN,NaN,NaN,NaN,NaN,NaN
7,NaN,NaN,NaN,NaN,NaN,NaN,NaN,NaN
8,NaN,NaN,NaN,NaN,NaN,NaN,NaN,NaN
9,NaN,NaN,NaN,NaN,NaN,NaN,NaN,NaN
10,NaN,NaN,NaN,NaN,NaN,NaN,NaN,NaN
11,NaN,NaN,NaN,NaN,NaN,NaN,NaN,NaN
1,NaN,NaN,NaN,NaN,NaN,NaN,NaN,NaN
2,NaN,NaN,NaN,NaN,NaN,NaN,NaN,NaN
3,NaN,NaN,NaN,NaN,NaN,NaN,NaN,NaN
4,NaN,NaN,NaN,NaN,NaN,NaN,NaN,NaN
5,NaN,NaN,NaN,NaN,NaN,NaN,NaN,NaN
6,NaN,NaN,NaN,NaN,NaN,NaN,NaN,NaN
7,NaN,NaN,NaN,NaN,NaN,NaN,NaN,NaN
8,NaN,NaN,NaN,NaN,NaN,NaN,NaN,NaN
9,NaN,NaN,NaN,NaN,NaN,NaN,NaN,NaN
10,NaN,NaN,NaN,NaN,NaN,NaN,NaN,NaN
11,NaN,NaN,NaN,NaN,NaN,NaN,NaN,NaN
1,NaN,NaN,NaN,NaN,NaN,NaN,NaN,NaN
2,NaN,NaN,NaN,NaN,NaN,NaN,NaN,NaN
3,NaN,NaN,NaN,NaN,NaN,NaN,NaN,NaN
4,NaN,NaN,NaN,NaN,NaN,NaN,NaN,NaN
5,NaN,NaN,NaN,NaN,NaN,NaN,NaN,NaN
6,NaN,NaN,NaN,NaN,NaN,NaN,NaN,NaN
7,NaN,NaN,NaN,NaN,NaN,NaN,NaN,NaN
8,NaN,NaN,NaN,NaN,NaN,NaN,NaN,NaN
9,NaN,NaN,NaN,NaN,NaN,NaN,NaN,NaN
10,NaN,NaN,NaN,NaN,NaN,NaN,NaN,NaN
11,NaN,NaN,NaN,NaN,NaN,NaN,NaN,NaN
1,NaN,NaN,NaN,NaN,NaN,NaN,NaN,NaN
2,NaN,NaN,NaN,NaN,NaN,NaN,NaN,NaN
3,NaN,NaN,NaN,NaN,NaN,NaN,NaN,NaN
4,NaN,NaN,NaN,NaN,NaN,NaN,NaN,NaN
5,NaN,NaN,NaN,NaN,NaN,NaN,NaN,NaN
6,NaN,NaN,NaN,NaN,NaN,NaN,NaN,NaN
7,NaN,NaN,NaN,NaN,NaN,NaN,NaN,NaN
8,NaN,NaN,NaN,NaN,NaN,NaN,NaN,NaN
9,NaN,NaN,NaN,NaN,NaN,NaN,NaN,NaN
10,NaN,NaN,NaN,NaN,NaN,NaN,NaN,NaN
11,NaN,NaN,NaN,NaN,NaN,NaN,NaN,NaN
1,NaN,NaN,NaN,NaN,NaN,NaN,NaN,NaN
2,NaN,NaN,NaN,NaN,NaN,NaN,NaN,NaN
3,NaN,NaN,NaN,NaN,NaN,NaN,NaN,NaN
4,NaN,NaN,NaN,NaN,NaN,NaN,NaN,NaN
5,NaN,NaN,NaN,NaN,NaN,NaN,NaN,NaN
6,NaN,NaN,NaN,NaN,NaN,NaN,NaN,NaN
7,NaN,NaN,NaN,NaN,NaN,NaN,NaN,NaN
8,NaN,NaN,NaN,NaN,NaN,NaN,NaN,NaN
9,NaN,NaN,NaN,NaN,NaN,NaN,NaN,NaN
10,NaN,NaN,NaN,NaN,NaN,NaN,NaN,NaN
11,NaN,NaN,NaN,NaN,NaN,NaN,NaN,NaN
1,NaN,NaN,NaN,NaN,NaN,NaN,NaN,NaN
2,NaN,NaN,NaN,NaN,NaN,NaN,NaN,NaN
3,NaN,NaN,NaN,NaN,NaN,NaN,NaN,NaN
4,NaN,NaN,NaN,NaN,NaN,NaN,NaN,NaN
5,NaN,NaN,NaN,NaN,NaN,NaN,NaN,NaN
6,NaN,NaN,NaN,NaN,NaN,NaN,NaN,NaN
7,NaN,NaN,NaN,NaN,NaN,NaN,NaN,NaN
8,NaN,NaN,NaN,NaN,NaN,NaN,NaN,NaN
9,NaN,NaN,NaN,NaN,NaN,NaN,NaN,NaN
10,NaN,NaN,NaN,NaN,NaN,NaN,NaN,NaN
11,NaN,NaN,NaN,NaN,NaN,NaN,NaN,NaN
1,NaN,NaN,NaN,NaN,NaN,NaN,NaN,NaN
2,NaN,NaN,NaN,NaN,NaN,NaN,NaN,NaN
3,NaN,NaN,NaN,NaN,NaN,NaN,NaN,NaN
4,NaN,NaN,NaN,NaN,NaN,NaN,NaN,NaN
5,NaN,NaN,NaN,NaN,NaN,NaN,NaN,NaN
6,NaN,NaN,NaN,NaN,NaN,NaN,NaN,NaN
7,NaN,NaN,NaN,NaN,NaN,NaN,NaN,NaN
8,NaN,NaN,NaN,NaN,NaN,NaN,NaN,NaN
9,NaN,NaN,NaN,NaN,NaN,NaN,NaN,NaN
10,NaN,NaN,NaN,NaN,NaN,NaN,NaN,NaN
11,NaN,NaN,NaN,NaN,NaN,NaN,NaN,NaN
1,NaN,NaN,NaN,NaN,NaN,NaN,NaN,NaN
2,NaN,NaN,NaN,NaN,NaN,NaN,NaN,NaN
3,NaN,NaN,NaN,NaN,NaN,NaN,NaN,NaN
4,NaN,NaN,NaN,NaN,NaN,NaN,NaN,NaN
5,NaN,NaN,NaN,NaN,NaN,NaN,NaN,NaN
6,NaN,NaN,NaN,NaN,NaN,NaN,NaN,NaN
7,NaN,NaN,NaN,NaN,NaN,NaN,NaN,NaN
8,NaN,NaN,NaN,NaN,NaN,NaN,NaN,NaN
9,NaN,NaN,NaN,NaN,NaN,NaN,NaN,NaN
10,NaN,NaN,NaN,NaN,NaN,NaN,NaN,NaN
11,NaN,NaN,NaN,NaN,NaN,NaN,NaN,NaN
1,NaN,NaN,NaN,NaN,NaN,NaN,NaN,NaN
2,NaN,NaN,NaN,NaN,NaN,NaN,NaN,NaN
3,NaN,NaN,NaN,NaN,NaN,NaN,NaN,NaN
4,NaN,NaN,NaN,NaN,NaN,NaN,NaN,NaN
5,NaN,NaN,NaN,NaN,NaN,NaN,NaN,NaN
6,NaN,NaN,NaN,NaN,NaN,NaN,NaN,NaN
7,NaN,NaN,NaN,NaN,NaN,NaN,NaN,NaN
8,NaN,NaN,NaN,NaN,NaN,NaN,NaN,NaN
9,NaN,NaN,NaN,NaN,NaN,NaN,NaN,NaN
10,NaN,NaN,NaN,NaN,NaN,NaN,NaN,NaN
11,NaN,NaN,NaN,NaN,NaN,NaN,NaN,NaN
1,NaN,NaN,NaN,NaN,NaN,NaN,NaN,NaN
2,NaN,NaN,NaN,NaN,NaN,NaN,NaN,NaN
3,NaN,NaN,NaN,NaN,NaN,NaN,NaN,NaN
4,NaN,NaN,NaN,NaN,NaN,NaN,NaN,NaN
5,NaN,NaN,NaN,NaN,NaN,NaN,NaN,NaN
6,NaN,NaN,NaN,NaN,NaN,NaN,NaN,NaN
7,NaN,NaN,NaN,NaN,NaN,NaN,NaN,NaN
8,NaN,NaN,NaN,NaN,NaN,NaN,NaN,NaN
9,NaN,NaN,NaN,NaN,NaN,NaN,NaN,NaN
10,NaN,NaN,NaN,NaN,NaN,NaN,NaN,NaN
11,NaN,NaN,NaN,NaN,NaN,NaN,NaN,NaN
1,NaN,NaN,NaN,NaN,NaN,NaN,NaN,NaN
2,NaN,NaN,NaN,NaN,NaN,NaN,NaN,NaN
3,NaN,NaN,NaN,NaN,NaN,NaN,NaN,NaN
4,NaN,NaN,NaN,NaN,NaN,NaN,NaN,NaN
5,NaN,NaN,NaN,NaN,NaN,NaN,NaN,NaN
6,NaN,NaN,NaN,NaN,NaN,NaN,NaN,NaN
7,NaN,NaN,NaN,NaN,NaN,NaN,NaN,NaN
8,NaN,NaN,NaN,NaN,NaN,NaN,NaN,NaN
9,NaN,NaN,NaN,NaN,NaN,NaN,NaN,NaN
10,NaN,NaN,NaN,NaN,NaN,NaN,NaN,NaN
11,NaN,NaN,NaN,NaN,NaN,NaN,NaN,NaN
1,NaN,NaN,NaN,NaN,NaN,NaN,NaN,NaN
2,NaN,NaN,NaN,NaN,NaN,NaN,NaN,NaN
3,NaN,NaN,NaN,NaN,NaN,NaN,NaN,NaN
4,NaN,NaN,NaN,NaN,NaN,NaN,NaN,NaN
5,NaN,NaN,NaN,NaN,NaN,NaN,NaN,NaN
6,NaN,NaN,NaN,NaN,NaN,NaN,NaN,NaN
7,NaN,NaN,NaN,NaN,NaN,NaN,NaN,NaN
8,NaN,NaN,NaN,NaN,NaN,NaN,NaN,NaN
9,NaN,NaN,NaN,NaN,NaN,NaN,NaN,NaN
10,NaN,NaN,NaN,NaN,NaN,NaN,NaN,NaN
11,NaN,NaN,NaN,NaN,NaN,NaN,NaN,NaN
1,NaN,NaN,NaN,NaN,NaN,NaN,NaN,NaN
2,NaN,NaN,NaN,NaN,NaN,NaN,NaN,NaN
3,NaN,NaN,NaN,NaN,NaN,NaN,NaN,NaN
4,NaN,NaN,NaN,NaN,NaN,NaN,NaN,NaN
5,NaN,NaN,NaN,NaN,NaN,NaN,NaN,NaN
6,NaN,NaN,NaN,NaN,NaN,NaN,NaN,NaN
7,NaN,NaN,NaN,NaN,NaN,NaN,NaN,NaN
8,NaN,NaN,NaN,NaN,NaN,NaN,NaN,NaN
9,NaN,NaN,NaN,NaN,NaN,NaN,NaN,NaN
10,NaN,NaN,NaN,NaN,NaN,NaN,NaN,NaN
11,NaN,NaN,NaN,NaN,NaN,NaN,NaN,NaN
1,NaN,NaN,NaN,NaN,NaN,NaN,NaN,NaN
2,NaN,NaN,NaN,NaN,NaN,NaN,NaN,NaN
3,NaN,NaN,NaN,NaN,NaN,NaN,NaN,NaN
4,NaN,NaN,NaN,NaN,NaN,NaN,NaN,NaN
5,NaN,NaN,NaN,NaN,NaN,NaN,NaN,NaN
6,NaN,NaN,NaN,NaN,NaN,NaN,NaN,NaN
7,NaN,NaN,NaN,NaN,NaN,NaN,NaN,NaN
8,NaN,NaN,NaN,NaN,NaN,NaN,NaN,NaN
9,NaN,NaN,NaN,NaN,NaN,NaN,NaN,NaN
10,NaN,NaN,NaN,NaN,NaN,NaN,NaN,NaN
11,NaN,NaN,NaN,NaN,NaN,NaN,NaN,NaN
1,NaN,NaN,NaN,NaN,NaN,NaN,NaN,NaN
2,NaN,NaN,NaN,NaN,NaN,NaN,NaN,NaN
3,NaN,NaN,NaN,NaN,NaN,NaN,NaN,NaN
4,NaN,NaN,NaN,NaN,NaN,NaN,NaN,NaN
5,NaN,NaN,NaN,NaN,NaN,NaN,NaN,NaN
6,NaN,NaN,NaN,NaN,NaN,NaN,NaN,NaN
7,NaN,NaN,NaN,NaN,NaN,NaN,NaN,NaN
8,NaN,NaN,NaN,NaN,NaN,NaN,NaN,NaN
9,NaN,NaN,NaN,NaN,NaN,NaN,NaN,NaN
10,NaN,NaN,NaN,NaN,NaN,NaN,NaN,NaN
11,NaN,NaN,NaN,NaN,NaN,NaN,NaN,NaN
1,NaN,NaN,NaN,NaN,NaN,NaN,NaN,NaN
2,NaN,NaN,NaN,NaN,NaN,NaN,NaN,NaN
3,NaN,NaN,NaN,NaN,NaN,NaN,NaN,NaN
4,NaN,NaN,NaN,NaN,NaN,NaN,NaN,NaN
5,NaN,NaN,NaN,NaN,NaN,NaN,NaN,NaN
6,NaN,NaN,NaN,NaN,NaN,NaN,NaN,NaN
7,NaN,NaN,NaN,NaN,NaN,NaN,NaN,NaN
8,NaN,NaN,NaN,NaN,NaN,NaN,NaN,NaN
9,NaN,NaN,NaN,NaN,NaN,NaN,NaN,NaN
10,NaN,NaN,NaN,NaN,NaN,NaN,NaN,NaN
11,NaN,NaN,NaN,NaN,NaN,NaN,NaN,NaN
1,NaN,NaN,NaN,NaN,NaN,NaN,NaN,NaN
2,NaN,NaN,NaN,NaN,NaN,NaN,NaN,NaN
3,NaN,NaN,NaN,NaN,NaN,NaN,NaN,NaN
4,NaN,NaN,NaN,NaN,NaN,NaN,NaN,NaN
5,NaN,NaN,NaN,NaN,NaN,NaN,NaN,NaN
6,NaN,NaN,NaN,NaN,NaN,NaN,NaN,NaN
7,NaN,NaN,NaN,NaN,NaN,NaN,NaN,NaN
8,NaN,NaN,NaN,NaN,NaN,NaN,NaN,NaN
9,NaN,NaN,NaN,NaN,NaN,NaN,NaN,NaN
10,NaN,NaN,NaN,NaN,NaN,NaN,NaN,NaN
11,NaN,NaN,NaN,NaN,NaN,NaN,NaN,NaN
1,NaN,NaN,NaN,NaN,NaN,NaN,NaN,NaN
2,NaN,NaN,NaN,NaN,NaN,NaN,NaN,NaN
3,NaN,NaN,NaN,NaN,NaN,NaN,NaN,NaN
4,NaN,NaN,NaN,NaN,NaN,NaN,NaN,NaN
5,NaN,NaN,NaN,NaN,NaN,NaN,NaN,NaN
6,NaN,NaN,NaN,NaN,NaN,NaN,NaN,NaN
7,NaN,NaN,NaN,NaN,NaN,NaN,NaN,NaN
8,NaN,NaN,NaN,NaN,NaN,NaN,NaN,NaN
9,NaN,NaN,NaN,NaN,NaN,NaN,NaN,NaN
10,NaN,NaN,NaN,NaN,NaN,NaN,NaN,NaN
11,NaN,NaN,NaN,NaN,NaN,NaN,NaN,NaN
1,NaN,NaN,NaN,NaN,NaN,NaN,NaN,NaN
2,NaN,NaN,NaN,NaN,NaN,NaN,NaN,NaN
3,NaN,NaN,NaN,NaN,NaN,NaN,NaN,NaN
4,NaN,NaN,NaN,NaN,NaN,NaN,NaN,NaN
5,NaN,NaN,NaN,NaN,NaN,NaN,NaN,NaN
6,NaN,NaN,NaN,NaN,NaN,NaN,NaN,NaN
7,NaN,NaN,NaN,NaN,NaN,NaN,NaN,NaN
8,NaN,NaN,NaN,NaN,NaN,NaN,NaN,NaN
9,NaN,NaN,NaN,NaN,NaN,NaN,NaN,NaN
10,NaN,NaN,NaN,NaN,NaN,NaN,NaN,NaN
11,NaN,NaN,NaN,NaN,NaN,NaN,NaN,NaN
1,NaN,NaN,NaN,NaN,NaN,NaN,NaN,NaN
2,NaN,NaN,NaN,NaN,NaN,NaN,NaN,NaN
3,NaN,NaN,NaN,NaN,NaN,NaN,NaN,NaN
4,NaN,NaN,NaN,NaN,NaN,NaN,NaN,NaN
5,NaN,NaN,NaN,NaN,NaN,NaN,NaN,NaN
6,NaN,NaN,NaN,NaN,NaN,NaN,NaN,NaN
7,NaN,NaN,NaN,NaN,NaN,NaN,NaN,NaN
8,NaN,NaN,NaN,NaN,NaN,NaN,NaN,NaN
9,NaN,NaN,NaN,NaN,NaN,NaN,NaN,NaN
10,NaN,NaN,NaN,NaN,NaN,NaN,NaN,NaN
11,NaN,NaN,NaN,NaN,NaN,NaN,NaN,NaN
1,NaN,NaN,NaN,NaN,NaN,NaN,NaN,NaN
2,NaN,NaN,NaN,NaN,NaN,NaN,NaN,NaN
3,NaN,NaN,NaN,NaN,NaN,NaN,NaN,NaN
4,NaN,NaN,NaN,NaN,NaN,NaN,NaN,NaN
5,NaN,NaN,NaN,NaN,NaN,NaN,NaN,NaN
6,NaN,NaN,NaN,NaN,NaN,NaN,NaN,NaN
7,NaN,NaN,NaN,NaN,NaN,NaN,NaN,NaN
8,NaN,NaN,NaN,NaN,NaN,NaN,NaN,NaN
9,NaN,NaN,NaN,NaN,NaN,NaN,NaN,NaN
10,NaN,NaN,NaN,NaN,NaN,NaN,NaN,NaN
11,NaN,NaN,NaN,NaN,NaN,NaN,NaN,NaN
1,NaN,NaN,NaN,NaN,NaN,NaN,NaN,NaN
2,NaN,NaN,NaN,NaN,NaN,NaN,NaN,NaN
3,NaN,NaN,NaN,NaN,NaN,NaN,NaN,NaN
4,NaN,NaN,NaN,NaN,NaN,NaN,NaN,NaN
5,NaN,NaN,NaN,NaN,NaN,NaN,NaN,NaN
6,NaN,NaN,NaN,NaN,NaN,NaN,NaN,NaN
7,NaN,NaN,NaN,NaN,NaN,NaN,NaN,NaN
8,NaN,NaN,NaN,NaN,NaN,NaN,NaN,NaN
9,NaN,NaN,NaN,NaN,NaN,NaN,NaN,NaN
10,NaN,NaN,NaN,NaN,NaN,NaN,NaN,NaN
11,NaN,NaN,NaN,NaN,NaN,NaN,NaN,NaN
1,NaN,NaN,NaN,NaN,NaN,NaN,NaN,NaN
2,NaN,NaN,NaN,NaN,NaN,NaN,NaN,NaN
3,NaN,NaN,NaN,NaN,NaN,NaN,NaN,NaN
4,NaN,NaN,NaN,NaN,NaN,NaN,NaN,NaN
5,NaN,NaN,NaN,NaN,NaN,NaN,NaN,NaN
6,NaN,NaN,NaN,NaN,NaN,NaN,NaN,NaN
7,NaN,NaN,NaN,NaN,NaN,NaN,NaN,NaN
8,NaN,NaN,NaN,NaN,NaN,NaN,NaN,NaN
9,NaN,NaN,NaN,NaN,NaN,NaN,NaN,NaN
10,NaN,NaN,NaN,NaN,NaN,NaN,NaN,NaN
11,NaN,NaN,NaN,NaN,NaN,NaN,NaN,NaN
1,NaN,NaN,NaN,NaN,NaN,NaN,NaN,NaN
2,NaN,NaN,NaN,NaN,NaN,NaN,NaN,NaN
3,NaN,NaN,NaN,NaN,NaN,NaN,NaN,NaN
4,NaN,NaN,NaN,NaN,NaN,NaN,NaN,NaN
5,NaN,NaN,NaN,NaN,NaN,NaN,NaN,NaN
6,NaN,NaN,NaN,NaN,NaN,NaN,NaN,NaN
7,NaN,NaN,NaN,NaN,NaN,NaN,NaN,NaN
8,NaN,NaN,NaN,NaN,NaN,NaN,NaN,NaN
9,NaN,NaN,NaN,NaN,NaN,NaN,NaN,NaN
10,NaN,NaN,NaN,NaN,NaN,NaN,NaN,NaN
11,NaN,NaN,NaN,NaN,NaN,NaN,NaN,NaN
1,NaN,NaN,NaN,NaN,NaN,NaN,NaN,NaN
2,NaN,NaN,NaN,NaN,NaN,NaN,NaN,NaN
3,NaN,NaN,NaN,NaN,NaN,NaN,NaN,NaN
4,NaN,NaN,NaN,NaN,NaN,NaN,NaN,NaN
5,NaN,NaN,NaN,NaN,NaN,NaN,NaN,NaN
6,NaN,NaN,NaN,NaN,NaN,NaN,NaN,NaN
7,NaN,NaN,NaN,NaN,NaN,NaN,NaN,NaN
8,NaN,NaN,NaN,NaN,NaN,NaN,NaN,NaN
9,NaN,NaN,NaN,NaN,NaN,NaN,NaN,NaN
10,NaN,NaN,NaN,NaN,NaN,NaN,NaN,NaN
11,NaN,NaN,NaN,NaN,NaN,NaN,NaN,NaN
1,NaN,NaN,NaN,NaN,NaN,NaN,NaN,NaN
2,NaN,NaN,NaN,NaN,NaN,NaN,NaN,NaN
3,NaN,NaN,NaN,NaN,NaN,NaN,NaN,NaN
4,NaN,NaN,NaN,NaN,NaN,NaN,NaN,NaN
5,NaN,NaN,NaN,NaN,NaN,NaN,NaN,NaN
6,NaN,NaN,NaN,NaN,NaN,NaN,NaN,NaN
7,NaN,NaN,NaN,NaN,NaN,NaN,NaN,NaN
8,NaN,NaN,NaN,NaN,NaN,NaN,NaN,NaN
9,NaN,NaN,NaN,NaN,NaN,NaN,NaN,NaN
10,NaN,NaN,NaN,NaN,NaN,NaN,NaN,NaN
11,NaN,NaN,NaN,NaN,NaN,NaN,NaN,NaN
1,NaN,NaN,NaN,NaN,NaN,NaN,NaN,NaN
2,NaN,NaN,NaN,NaN,NaN,NaN,NaN,NaN
3,NaN,NaN,NaN,NaN,NaN,NaN,NaN,NaN
4,NaN,NaN,NaN,NaN,NaN,NaN,NaN,NaN
5,NaN,NaN,NaN,NaN,NaN,NaN,NaN,NaN
6,NaN,NaN,NaN,NaN,NaN,NaN,NaN,NaN
7,NaN,NaN,NaN,NaN,NaN,NaN,NaN,NaN
8,NaN,NaN,NaN,NaN,NaN,NaN,NaN,NaN
9,NaN,NaN,NaN,NaN,NaN,NaN,NaN,NaN
10,NaN,NaN,NaN,NaN,NaN,NaN,NaN,NaN
11,NaN,NaN,NaN,NaN,NaN,NaN,NaN,NaN
1,NaN,NaN,NaN,NaN,NaN,NaN,NaN,NaN
2,NaN,NaN,NaN,NaN,NaN,NaN,NaN,NaN
3,NaN,NaN,NaN,NaN,NaN,NaN,NaN,NaN
4,NaN,NaN,NaN,NaN,NaN,NaN,NaN,NaN
5,NaN,NaN,NaN,NaN,NaN,NaN,NaN,NaN
6,NaN,NaN,NaN,NaN,NaN,NaN,NaN,NaN
7,NaN,NaN,NaN,NaN,NaN,NaN,NaN,NaN
8,NaN,NaN,NaN,NaN,NaN,NaN,NaN,NaN
9,NaN,NaN,NaN,NaN,NaN,NaN,NaN,NaN
10,NaN,NaN,NaN,NaN,NaN,NaN,NaN,NaN
11,NaN,NaN,NaN,NaN,NaN,NaN,NaN,NaN
1,NaN,NaN,NaN,NaN,NaN,NaN,NaN,NaN
2,NaN,NaN,NaN,NaN,NaN,NaN,NaN,NaN
3,NaN,NaN,NaN,NaN,NaN,NaN,NaN,NaN
4,NaN,NaN,NaN,NaN,NaN,NaN,NaN,NaN
5,NaN,NaN,NaN,NaN,NaN,NaN,NaN,NaN
6,NaN,NaN,NaN,NaN,NaN,NaN,NaN,NaN
7,NaN,NaN,NaN,NaN,NaN,NaN,NaN,NaN
8,NaN,NaN,NaN,NaN,NaN,NaN,NaN,NaN
9,NaN,NaN,NaN,NaN,NaN,NaN,NaN,NaN
10,NaN,NaN,NaN,NaN,NaN,NaN,NaN,NaN
11,NaN,NaN,NaN,NaN,NaN,NaN,NaN,NaN
1,NaN,NaN,NaN,NaN,NaN,NaN,NaN,NaN
2,NaN,NaN,NaN,NaN,NaN,NaN,NaN,NaN
3,NaN,NaN,NaN,NaN,NaN,NaN,NaN,NaN
4,NaN,NaN,NaN,NaN,NaN,NaN,NaN,NaN
5,NaN,NaN,NaN,NaN,NaN,NaN,NaN,NaN
6,NaN,NaN,NaN,NaN,NaN,NaN,NaN,NaN
7,NaN,NaN,NaN,NaN,NaN,NaN,NaN,NaN
8,NaN,NaN,NaN,NaN,NaN,NaN,NaN,NaN
9,NaN,NaN,NaN,NaN,NaN,NaN,NaN,NaN
10,NaN,NaN,NaN,NaN,NaN,NaN,NaN,NaN
11,NaN,NaN,NaN,NaN,NaN,NaN,NaN,NaN
1,NaN,NaN,NaN,NaN,NaN,NaN,NaN,NaN
2,NaN,NaN,NaN,NaN,NaN,NaN,NaN,NaN
3,NaN,NaN,NaN,NaN,NaN,NaN,NaN,NaN
4,NaN,NaN,NaN,NaN,NaN,NaN,NaN,NaN
5,NaN,NaN,NaN,NaN,NaN,NaN,NaN,NaN
6,NaN,NaN,NaN,NaN,NaN,NaN,NaN,NaN
7,NaN,NaN,NaN,NaN,NaN,NaN,NaN,NaN
8,NaN,NaN,NaN,NaN,NaN,NaN,NaN,NaN
9,NaN,NaN,NaN,NaN,NaN,NaN,NaN,NaN
10,NaN,NaN,NaN,NaN,NaN,NaN,NaN,NaN
11,NaN,NaN,NaN,NaN,NaN,NaN,NaN,NaN
1,NaN,NaN,NaN,NaN,NaN,NaN,NaN,NaN
2,NaN,NaN,NaN,NaN,NaN,NaN,NaN,NaN
3,NaN,NaN,NaN,NaN,NaN,NaN,NaN,NaN
4,NaN,NaN,NaN,NaN,NaN,NaN,NaN,NaN
5,NaN,NaN,NaN,NaN,NaN,NaN,NaN,NaN
6,NaN,NaN,NaN,NaN,NaN,NaN,NaN,NaN
7,NaN,NaN,NaN,NaN,NaN,NaN,NaN,NaN
8,NaN,NaN,NaN,NaN,NaN,NaN,NaN,NaN
9,NaN,NaN,NaN,NaN,NaN,NaN,NaN,NaN
10,NaN,NaN,NaN,NaN,NaN,NaN,NaN,NaN
11,NaN,NaN,NaN,NaN,NaN,NaN,NaN,NaN
1,NaN,NaN,NaN,NaN,NaN,NaN,NaN,NaN
2,NaN,NaN,NaN,NaN,NaN,NaN,NaN,NaN
3,NaN,NaN,NaN,NaN,NaN,NaN,NaN,NaN
4,NaN,NaN,NaN,NaN,NaN,NaN,NaN,NaN
5,NaN,NaN,NaN,NaN,NaN,NaN,NaN,NaN
6,NaN,NaN,NaN,NaN,NaN,NaN,NaN,NaN
7,NaN,NaN,NaN,NaN,NaN,NaN,NaN,NaN
8,NaN,NaN,NaN,NaN,NaN,NaN,NaN,NaN
9,NaN,NaN,NaN,NaN,NaN,NaN,NaN,NaN
10,NaN,NaN,NaN,NaN,NaN,NaN,NaN,NaN
11,NaN,NaN,NaN,NaN,NaN,NaN,NaN,NaN
1,NaN,NaN,NaN,NaN,NaN,NaN,NaN,NaN
2,NaN,NaN,NaN,NaN,NaN,NaN,NaN,NaN
3,NaN,NaN,NaN,NaN,NaN,NaN,NaN,NaN
4,NaN,NaN,NaN,NaN,NaN,NaN,NaN,NaN
5,NaN,NaN,NaN,NaN,NaN,NaN,NaN,NaN
6,NaN,NaN,NaN,NaN,NaN,NaN,NaN,NaN
7,NaN,NaN,NaN,NaN,NaN,NaN,NaN,NaN
8,NaN,NaN,NaN,NaN,NaN,NaN,NaN,NaN
9,NaN,NaN,NaN,NaN,NaN,NaN,NaN,NaN
10,NaN,NaN,NaN,NaN,NaN,NaN,NaN,NaN
11,NaN,NaN,NaN,NaN,NaN,NaN,NaN,NaN
1,NaN,NaN,NaN,NaN,NaN,NaN,NaN,NaN
2,NaN,NaN,NaN,NaN,NaN,NaN,NaN,NaN
3,NaN,NaN,NaN,NaN,NaN,NaN,NaN,NaN
4,NaN,NaN,NaN,NaN,NaN,NaN,NaN,NaN
5,NaN,NaN,NaN,NaN,NaN,NaN,NaN,NaN
6,NaN,NaN,NaN,NaN,NaN,NaN,NaN,NaN
7,NaN,NaN,NaN,NaN,NaN,NaN,NaN,NaN
8,NaN,NaN,NaN,NaN,NaN,NaN,NaN,NaN
9,NaN,NaN,NaN,NaN,NaN,NaN,NaN,NaN
10,NaN,NaN,NaN,NaN,NaN,NaN,NaN,NaN
11,NaN,NaN,NaN,NaN,NaN,NaN,NaN,NaN
1,NaN,NaN,NaN,NaN,NaN,NaN,NaN,NaN
2,NaN,NaN,NaN,NaN,NaN,NaN,NaN,NaN
3,NaN,NaN,NaN,NaN,NaN,NaN,NaN,NaN
4,NaN,NaN,NaN,NaN,NaN,NaN,NaN,NaN
5,NaN,NaN,NaN,NaN,NaN,NaN,NaN,NaN
6,NaN,NaN,NaN,NaN,NaN,NaN,NaN,NaN
7,NaN,NaN,NaN,NaN,NaN,NaN,NaN,NaN
8,NaN,NaN,NaN,NaN,NaN,NaN,NaN,NaN
9,NaN,NaN,NaN,NaN,NaN,NaN,NaN,NaN
10,NaN,NaN,NaN,NaN,NaN,NaN,NaN,NaN
11,NaN,NaN,NaN,NaN,NaN,NaN,NaN,NaN
1,NaN,NaN,NaN,NaN,NaN,NaN,NaN,NaN
2,NaN,NaN,NaN,NaN,NaN,NaN,NaN,NaN
3,NaN,NaN,NaN,NaN,NaN,NaN,NaN,NaN
4,NaN,NaN,NaN,NaN,NaN,NaN,NaN,NaN
5,NaN,NaN,NaN,NaN,NaN,NaN,NaN,NaN
6,NaN,NaN,NaN,NaN,NaN,NaN,NaN,NaN
7,NaN,NaN,NaN,NaN,NaN,NaN,NaN,NaN
8,NaN,NaN,NaN,NaN,NaN,NaN,NaN,NaN
9,NaN,NaN,NaN,NaN,NaN,NaN,NaN,NaN
10,NaN,NaN,NaN,NaN,NaN,NaN,NaN,NaN
11,NaN,NaN,NaN,NaN,NaN,NaN,NaN,NaN
1,NaN,NaN,NaN,NaN,NaN,NaN,NaN,NaN
2,NaN,NaN,NaN,NaN,NaN,NaN,NaN,NaN
3,NaN,NaN,NaN,NaN,NaN,NaN,NaN,NaN
4,NaN,NaN,NaN,NaN,NaN,NaN,NaN,NaN
5,NaN,NaN,NaN,NaN,NaN,NaN,NaN,NaN
6,NaN,NaN,NaN,NaN,NaN,NaN,NaN,NaN
7,NaN,NaN,NaN,NaN,NaN,NaN,NaN,NaN
8,NaN,NaN,NaN,NaN,NaN,NaN,NaN,NaN
9,NaN,NaN,NaN,NaN,NaN,NaN,NaN,NaN
10,NaN,NaN,NaN,NaN,NaN,NaN,NaN,NaN
11,NaN,NaN,NaN,NaN,NaN,NaN,NaN,NaN
1,NaN,NaN,NaN,NaN,NaN,NaN,NaN,NaN
2,NaN,NaN,NaN,NaN,NaN,NaN,NaN,NaN
3,NaN,NaN,NaN,NaN,NaN,NaN,NaN,NaN
4,NaN,NaN,NaN,NaN,NaN,NaN,NaN,NaN
5,NaN,NaN,NaN,NaN,NaN,NaN,NaN,NaN
6,NaN,NaN,NaN,NaN,NaN,NaN,NaN,NaN
7,NaN,NaN,NaN,NaN,NaN,NaN,NaN,NaN
8,NaN,NaN,NaN,NaN,NaN,NaN,NaN,NaN
9,NaN,NaN,NaN,NaN,NaN,NaN,NaN,NaN
10,NaN,NaN,NaN,NaN,NaN,NaN,NaN,NaN
11,NaN,NaN,NaN,NaN,NaN,NaN,NaN,NaN
1,NaN,NaN,NaN,NaN,NaN,NaN,NaN,NaN
2,NaN,NaN,NaN,NaN,NaN,NaN,NaN,NaN
3,NaN,NaN,NaN,NaN,NaN,NaN,NaN,NaN
4,NaN,NaN,NaN,NaN,NaN,NaN,NaN,NaN
5,NaN,NaN,NaN,NaN,NaN,NaN,NaN,NaN
6,NaN,NaN,NaN,NaN,NaN,NaN,NaN,NaN
7,NaN,NaN,NaN,NaN,NaN,NaN,NaN,NaN
8,NaN,NaN,NaN,NaN,NaN,NaN,NaN,NaN
9,NaN,NaN,NaN,NaN,NaN,NaN,NaN,NaN
10,NaN,NaN,NaN,NaN,NaN,NaN,NaN,NaN
11,NaN,NaN,NaN,NaN,NaN,NaN,NaN,NaN
1,NaN,NaN,NaN,NaN,NaN,NaN,NaN,NaN
2,NaN,NaN,NaN,NaN,NaN,NaN,NaN,NaN
3,NaN,NaN,NaN,NaN,NaN,NaN,NaN,NaN
4,NaN,NaN,NaN,NaN,NaN,NaN,NaN,NaN
5,NaN,NaN,NaN,NaN,NaN,NaN,NaN,NaN
6,NaN,NaN,NaN,NaN,NaN,NaN,NaN,NaN
7,NaN,NaN,NaN,NaN,NaN,NaN,NaN,NaN
8,NaN,NaN,NaN,NaN,NaN,NaN,NaN,NaN
9,NaN,NaN,NaN,NaN,NaN,NaN,NaN,NaN
10,NaN,NaN,NaN,NaN,NaN,NaN,NaN,NaN
11,NaN,NaN,NaN,NaN,NaN,NaN,NaN,NaN
1,NaN,NaN,NaN,NaN,NaN,NaN,NaN,NaN
2,NaN,NaN,NaN,NaN,NaN,NaN,NaN,NaN
3,NaN,NaN,NaN,NaN,NaN,NaN,NaN,NaN
4,NaN,NaN,NaN,NaN,NaN,NaN,NaN,NaN
5,NaN,NaN,NaN,NaN,NaN,NaN,NaN,NaN
6,NaN,NaN,NaN,NaN,NaN,NaN,NaN,NaN
7,NaN,NaN,NaN,NaN,NaN,NaN,NaN,NaN
8,NaN,NaN,NaN,NaN,NaN,NaN,NaN,NaN
9,NaN,NaN,NaN,NaN,NaN,NaN,NaN,NaN
10,NaN,NaN,NaN,NaN,NaN,NaN,NaN,NaN
11,NaN,NaN,NaN,NaN,NaN,NaN,NaN,NaN
1,NaN,NaN,NaN,NaN,NaN,NaN,NaN,NaN
2,NaN,NaN,NaN,NaN,NaN,NaN,NaN,NaN
3,NaN,NaN,NaN,NaN,NaN,NaN,NaN,NaN
4,NaN,NaN,NaN,NaN,NaN,NaN,NaN,NaN
5,NaN,NaN,NaN,NaN,NaN,NaN,NaN,NaN
6,NaN,NaN,NaN,NaN,NaN,NaN,NaN,NaN
7,NaN,NaN,NaN,NaN,NaN,NaN,NaN,NaN
8,NaN,NaN,NaN,NaN,NaN,NaN,NaN,NaN
9,NaN,NaN,NaN,NaN,NaN,NaN,NaN,NaN
10,NaN,NaN,NaN,NaN,NaN,NaN,NaN,NaN
11,NaN,NaN,NaN,NaN,NaN,NaN,NaN,NaN
1,NaN,NaN,NaN,NaN,NaN,NaN,NaN,NaN
2,NaN,NaN,NaN,NaN,NaN,NaN,NaN,NaN
3,NaN,NaN,NaN,NaN,NaN,NaN,NaN,NaN
4,NaN,NaN,NaN,NaN,NaN,NaN,NaN,NaN
5,NaN,NaN,NaN,NaN,NaN,NaN,NaN,NaN
6,NaN,NaN,NaN,NaN,NaN,NaN,NaN,NaN
7,NaN,NaN,NaN,NaN,NaN,NaN,NaN,NaN
8,NaN,NaN,NaN,NaN,NaN,NaN,NaN,NaN
9,NaN,NaN,NaN,NaN,NaN,NaN,NaN,NaN
10,NaN,NaN,NaN,NaN,NaN,NaN,NaN,NaN
11,NaN,NaN,NaN,NaN,NaN,NaN,NaN,NaN
1,NaN,NaN,NaN,NaN,NaN,NaN,NaN,NaN
2,NaN,NaN,NaN,NaN,NaN,NaN,NaN,NaN
3,NaN,NaN,NaN,NaN,NaN,NaN,NaN,NaN
4,NaN,NaN,NaN,NaN,NaN,NaN,NaN,NaN
5,NaN,NaN,NaN,NaN,NaN,NaN,NaN,NaN
6,NaN,NaN,NaN,NaN,NaN,NaN,NaN,NaN
7,NaN,NaN,NaN,NaN,NaN,NaN,NaN,NaN
8,NaN,NaN,NaN,NaN,NaN,NaN,NaN,NaN
9,NaN,NaN,NaN,NaN,NaN,NaN,NaN,NaN
10,NaN,NaN,NaN,NaN,NaN,NaN,NaN,NaN
11,NaN,NaN,NaN,NaN,NaN,NaN,NaN,NaN
1,NaN,NaN,NaN,NaN,NaN,NaN,NaN,NaN
2,NaN,NaN,NaN,NaN,NaN,NaN,NaN,NaN
3,NaN,NaN,NaN,NaN,NaN,NaN,NaN,NaN
4,NaN,NaN,NaN,NaN,NaN,NaN,NaN,NaN
5,NaN,NaN,NaN,NaN,NaN,NaN,NaN,NaN
6,NaN,NaN,NaN,NaN,NaN,NaN,NaN,NaN
7,NaN,NaN,NaN,NaN,NaN,NaN,NaN,NaN
8,NaN,NaN,NaN,NaN,NaN,NaN,NaN,NaN
9,NaN,NaN,NaN,NaN,NaN,NaN,NaN,NaN
10,NaN,NaN,NaN,NaN,NaN,NaN,NaN,NaN
11,NaN,NaN,NaN,NaN,NaN,NaN,NaN,NaN
1,NaN,NaN,NaN,NaN,NaN,NaN,NaN,NaN
2,NaN,NaN,NaN,NaN,NaN,NaN,NaN,NaN
3,NaN,NaN,NaN,NaN,NaN,NaN,NaN,NaN
4,NaN,NaN,NaN,NaN,NaN,NaN,NaN,NaN
5,NaN,NaN,NaN,NaN,NaN,NaN,NaN,NaN
6,NaN,NaN,NaN,NaN,NaN,NaN,NaN,NaN
7,NaN,NaN,NaN,NaN,NaN,NaN,NaN,NaN
8,NaN,NaN,NaN,NaN,NaN,NaN,NaN,NaN
9,NaN,NaN,NaN,NaN,NaN,NaN,NaN,NaN
10,NaN,NaN,NaN,NaN,NaN,NaN,NaN,NaN
11,NaN,NaN,NaN,NaN,NaN,NaN,NaN,NaN
1,NaN,NaN,NaN,NaN,NaN,NaN,NaN,NaN
2,NaN,NaN,NaN,NaN,NaN,NaN,NaN,NaN
3,NaN,NaN,NaN,NaN,NaN,NaN,NaN,NaN
4,NaN,NaN,NaN,NaN,NaN,NaN,NaN,NaN
5,NaN,NaN,NaN,NaN,NaN,NaN,NaN,NaN
6,NaN,NaN,NaN,NaN,NaN,NaN,NaN,NaN
7,NaN,NaN,NaN,NaN,NaN,NaN,NaN,NaN
8,NaN,NaN,NaN,NaN,NaN,NaN,NaN,NaN
9,NaN,NaN,NaN,NaN,NaN,NaN,NaN,NaN
10,NaN,NaN,NaN,NaN,NaN,NaN,NaN,NaN
11,NaN,NaN,NaN,NaN,NaN,NaN,NaN,NaN
1,NaN,NaN,NaN,NaN,NaN,NaN,NaN,NaN
2,NaN,NaN,NaN,NaN,NaN,NaN,NaN,NaN
3,NaN,NaN,NaN,NaN,NaN,NaN,NaN,NaN
4,NaN,NaN,NaN,NaN,NaN,NaN,NaN,NaN
5,NaN,NaN,NaN,NaN,NaN,NaN,NaN,NaN
6,NaN,NaN,NaN,NaN,NaN,NaN,NaN,NaN
7,NaN,NaN,NaN,NaN,NaN,NaN,NaN,NaN
8,NaN,NaN,NaN,NaN,NaN,NaN,NaN,NaN
9,NaN,NaN,NaN,NaN,NaN,NaN,NaN,NaN
10,NaN,NaN,NaN,NaN,NaN,NaN,NaN,NaN
11,NaN,NaN,NaN,NaN,NaN,NaN,NaN,NaN
1,NaN,NaN,NaN,NaN,NaN,NaN,NaN,NaN
2,NaN,NaN,NaN,NaN,NaN,NaN,NaN,NaN
3,NaN,NaN,NaN,NaN,NaN,NaN,NaN,NaN
4,NaN,NaN,NaN,NaN,NaN,NaN,NaN,NaN
5,NaN,NaN,NaN,NaN,NaN,NaN,NaN,NaN
6,NaN,NaN,NaN,NaN,NaN,NaN,NaN,NaN
7,NaN,NaN,NaN,NaN,NaN,NaN,NaN,NaN
8,NaN,NaN,NaN,NaN,NaN,NaN,NaN,NaN
9,NaN,NaN,NaN,NaN,NaN,NaN,NaN,NaN
10,NaN,NaN,NaN,NaN,NaN,NaN,NaN,NaN
11,NaN,NaN,NaN,NaN,NaN,NaN,NaN,NaN
1,NaN,NaN,NaN,NaN,NaN,NaN,NaN,NaN
2,NaN,NaN,NaN,NaN,NaN,NaN,NaN,NaN
3,NaN,NaN,NaN,NaN,NaN,NaN,NaN,NaN
4,NaN,NaN,NaN,NaN,NaN,NaN,NaN,NaN
5,NaN,NaN,NaN,NaN,NaN,NaN,NaN,NaN
6,NaN,NaN,NaN,NaN,NaN,NaN,NaN,NaN
7,NaN,NaN,NaN,NaN,NaN,NaN,NaN,NaN
8,NaN,NaN,NaN,NaN,NaN,NaN,NaN,NaN
9,NaN,NaN,NaN,NaN,NaN,NaN,NaN,NaN
10,NaN,NaN,NaN,NaN,NaN,NaN,NaN,NaN
11,NaN,NaN,NaN,NaN,NaN,NaN,NaN,NaN
1,NaN,NaN,NaN,NaN,NaN,NaN,NaN,NaN
2,NaN,NaN,NaN,NaN,NaN,NaN,NaN,NaN
3,NaN,NaN,NaN,NaN,NaN,NaN,NaN,NaN
4,NaN,NaN,NaN,NaN,NaN,NaN,NaN,NaN
5,NaN,NaN,NaN,NaN,NaN,NaN,NaN,NaN
6,NaN,NaN,NaN,NaN,NaN,NaN,NaN,NaN
7,NaN,NaN,NaN,NaN,NaN,NaN,NaN,NaN
8,NaN,NaN,NaN,NaN,NaN,NaN,NaN,NaN
9,NaN,NaN,NaN,NaN,NaN,NaN,NaN,NaN
10,NaN,NaN,NaN,NaN,NaN,NaN,NaN,NaN
11,NaN,NaN,NaN,NaN,NaN,NaN,NaN,NaN
1,NaN,NaN,NaN,NaN,NaN,NaN,NaN,NaN
2,NaN,NaN,NaN,NaN,NaN,NaN,NaN,NaN
3,NaN,NaN,NaN,NaN,NaN,NaN,NaN,NaN
4,NaN,NaN,NaN,NaN,NaN,NaN,NaN,NaN
5,NaN,NaN,NaN,NaN,NaN,NaN,NaN,NaN
6,NaN,NaN,NaN,NaN,NaN,NaN,NaN,NaN
7,NaN,NaN,NaN,NaN,NaN,NaN,NaN,NaN
8,NaN,NaN,NaN,NaN,NaN,NaN,NaN,NaN
9,NaN,NaN,NaN,NaN,NaN,NaN,NaN,NaN
10,NaN,NaN,NaN,NaN,NaN,NaN,NaN,NaN
11,NaN,NaN,NaN,NaN,NaN,NaN,NaN,NaN
1,NaN,NaN,NaN,NaN,NaN,NaN,NaN,NaN
2,NaN,NaN,NaN,NaN,NaN,NaN,NaN,NaN
3,NaN,NaN,NaN,NaN,NaN,NaN,NaN,NaN
4,NaN,NaN,NaN,NaN,NaN,NaN,NaN,NaN
5,NaN,NaN,NaN,NaN,NaN,NaN,NaN,NaN
6,NaN,NaN,NaN,NaN,NaN,NaN,NaN,NaN
7,NaN,NaN,NaN,NaN,NaN,NaN,NaN,NaN
8,NaN,NaN,NaN,NaN,NaN,NaN,NaN,NaN
9,NaN,NaN,NaN,NaN,NaN,NaN,NaN,NaN
10,NaN,NaN,NaN,NaN,NaN,NaN,NaN,NaN
11,NaN,NaN,NaN,NaN,NaN,NaN,NaN,NaN
1,NaN,NaN,NaN,NaN,NaN,NaN,NaN,NaN
2,NaN,NaN,NaN,NaN,NaN,NaN,NaN,NaN
3,NaN,NaN,NaN,NaN,NaN,NaN,NaN,NaN
4,NaN,NaN,NaN,NaN,NaN,NaN,NaN,NaN
5,NaN,NaN,NaN,NaN,NaN,NaN,NaN,NaN
6,NaN,NaN,NaN,NaN,NaN,NaN,NaN,NaN
7,NaN,NaN,NaN,NaN,NaN,NaN,NaN,NaN
8,NaN,NaN,NaN,NaN,NaN,NaN,NaN,NaN
9,NaN,NaN,NaN,NaN,NaN,NaN,NaN,NaN
10,NaN,NaN,NaN,NaN,NaN,NaN,NaN,NaN
11,NaN,NaN,NaN,NaN,NaN,NaN,NaN,NaN
1,NaN,NaN,NaN,NaN,NaN,NaN,NaN,NaN
2,NaN,NaN,NaN,NaN,NaN,NaN,NaN,NaN
3,NaN,NaN,NaN,NaN,NaN,NaN,NaN,NaN
4,NaN,NaN,NaN,NaN,NaN,NaN,NaN,NaN
5,NaN,NaN,NaN,NaN,NaN,NaN,NaN,NaN
6,NaN,NaN,NaN,NaN,NaN,NaN,NaN,NaN
7,NaN,NaN,NaN,NaN,NaN,NaN,NaN,NaN
8,NaN,NaN,NaN,NaN,NaN,NaN,NaN,NaN
9,NaN,NaN,NaN,NaN,NaN,NaN,NaN,NaN
10,NaN,NaN,NaN,NaN,NaN,NaN,NaN,NaN
11,NaN,NaN,NaN,NaN,NaN,NaN,NaN,NaN
1,NaN,NaN,NaN,NaN,NaN,NaN,NaN,NaN
2,NaN,NaN,NaN,NaN,NaN,NaN,NaN,NaN
3,NaN,NaN,NaN,NaN,NaN,NaN,NaN,NaN
4,NaN,NaN,NaN,NaN,NaN,NaN,NaN,NaN
5,NaN,NaN,NaN,NaN,NaN,NaN,NaN,NaN
6,NaN,NaN,NaN,NaN,NaN,NaN,NaN,NaN
7,NaN,NaN,NaN,NaN,NaN,NaN,NaN,NaN
8,NaN,NaN,NaN,NaN,NaN,NaN,NaN,NaN
9,NaN,NaN,NaN,NaN,NaN,NaN,NaN,NaN
10,NaN,NaN,NaN,NaN,NaN,NaN,NaN,NaN
11,NaN,NaN,NaN,NaN,NaN,NaN,NaN,NaN
1,NaN,NaN,NaN,NaN,NaN,NaN,NaN,NaN
2,NaN,NaN,NaN,NaN,NaN,NaN,NaN,NaN
3,NaN,NaN,NaN,NaN,NaN,NaN,NaN,NaN
4,NaN,NaN,NaN,NaN,NaN,NaN,NaN,NaN
5,NaN,NaN,NaN,NaN,NaN,NaN,NaN,NaN
6,NaN,NaN,NaN,NaN,NaN,NaN,NaN,NaN
7,NaN,NaN,NaN,NaN,NaN,NaN,NaN,NaN
8,NaN,NaN,NaN,NaN,NaN,NaN,NaN,NaN
9,NaN,NaN,NaN,NaN,NaN,NaN,NaN,NaN
10,NaN,NaN,NaN,NaN,NaN,NaN,NaN,NaN
11,NaN,NaN,NaN,NaN,NaN,NaN,NaN,NaN
1,NaN,NaN,NaN,NaN,NaN,NaN,NaN,NaN
2,NaN,NaN,NaN,NaN,NaN,NaN,NaN,NaN
3,NaN,NaN,NaN,NaN,NaN,NaN,NaN,NaN
4,NaN,NaN,NaN,NaN,NaN,NaN,NaN,NaN
5,NaN,NaN,NaN,NaN,NaN,NaN,NaN,NaN
6,NaN,NaN,NaN,NaN,NaN,NaN,NaN,NaN
7,NaN,NaN,NaN,NaN,NaN,NaN,NaN,NaN
8,NaN,NaN,NaN,NaN,NaN,NaN,NaN,NaN
9,NaN,NaN,NaN,NaN,NaN,NaN,NaN,NaN
10,NaN,NaN,NaN,NaN,NaN,NaN,NaN,NaN
11,NaN,NaN,NaN,NaN,NaN,NaN,NaN,NaN
1,NaN,NaN,NaN,NaN,NaN,NaN,NaN,NaN
2,NaN,NaN,NaN,NaN,NaN,NaN,NaN,NaN
3,NaN,NaN,NaN,NaN,NaN,NaN,NaN,NaN
4,NaN,NaN,NaN,NaN,NaN,NaN,NaN,NaN
5,NaN,NaN,NaN,NaN,NaN,NaN,NaN,NaN
6,NaN,NaN,NaN,NaN,NaN,NaN,NaN,NaN
7,NaN,NaN,NaN,NaN,NaN,NaN,NaN,NaN
8,NaN,NaN,NaN,NaN,NaN,NaN,NaN,NaN
9,NaN,NaN,NaN,NaN,NaN,NaN,NaN,NaN
10,NaN,NaN,NaN,NaN,NaN,NaN,NaN,NaN
11,NaN,NaN,NaN,NaN,NaN,NaN,NaN,NaN
1,NaN,NaN,NaN,NaN,NaN,NaN,NaN,NaN
2,NaN,NaN,NaN,NaN,NaN,NaN,NaN,NaN
3,NaN,NaN,NaN,NaN,NaN,NaN,NaN,NaN
4,NaN,NaN,NaN,NaN,NaN,NaN,NaN,NaN
5,NaN,NaN,NaN,NaN,NaN,NaN,NaN,NaN
6,NaN,NaN,NaN,NaN,NaN,NaN,NaN,NaN
7,NaN,NaN,NaN,NaN,NaN,NaN,NaN,NaN
8,NaN,NaN,NaN,NaN,NaN,NaN,NaN,NaN
9,NaN,NaN,NaN,NaN,NaN,NaN,NaN,NaN
10,NaN,NaN,NaN,NaN,NaN,NaN,NaN,NaN
11,NaN,NaN,NaN,NaN,NaN,NaN,NaN,NaN
1,NaN,NaN,NaN,NaN,NaN,NaN,NaN,NaN
2,NaN,NaN,NaN,NaN,NaN,NaN,NaN,NaN
3,NaN,NaN,NaN,NaN,NaN,NaN,NaN,NaN
4,NaN,NaN,NaN,NaN,NaN,NaN,NaN,NaN
5,NaN,NaN,NaN,NaN,NaN,NaN,NaN,NaN
6,NaN,NaN,NaN,NaN,NaN,NaN,NaN,NaN
7,NaN,NaN,NaN,NaN,NaN,NaN,NaN,NaN
8,NaN,NaN,NaN,NaN,NaN,NaN,NaN,NaN
9,NaN,NaN,NaN,NaN,NaN,NaN,NaN,NaN
10,NaN,NaN,NaN,NaN,NaN,NaN,NaN,NaN
11,NaN,NaN,NaN,NaN,NaN,NaN,NaN,NaN
1,NaN,NaN,NaN,NaN,NaN,NaN,NaN,NaN
2,NaN,NaN,NaN,NaN,NaN,NaN,NaN,NaN
3,NaN,NaN,NaN,NaN,NaN,NaN,NaN,NaN
4,NaN,NaN,NaN,NaN,NaN,NaN,NaN,NaN
5,NaN,NaN,NaN,NaN,NaN,NaN,NaN,NaN
6,NaN,NaN,NaN,NaN,NaN,NaN,NaN,NaN
7,NaN,NaN,NaN,NaN,NaN,NaN,NaN,NaN
8,NaN,NaN,NaN,NaN,NaN,NaN,NaN,NaN
9,NaN,NaN,NaN,NaN,NaN,NaN,NaN,NaN
10,NaN,NaN,NaN,NaN,NaN,NaN,NaN,NaN
11,NaN,NaN,NaN,NaN,NaN,NaN,NaN,NaN
1,NaN,NaN,NaN,NaN,NaN,NaN,NaN,NaN
2,NaN,NaN,NaN,NaN,NaN,NaN,NaN,NaN
3,NaN,NaN,NaN,NaN,NaN,NaN,NaN,NaN
4,NaN,NaN,NaN,NaN,NaN,NaN,NaN,NaN
5,NaN,NaN,NaN,NaN,NaN,NaN,NaN,NaN
6,NaN,NaN,NaN,NaN,NaN,NaN,NaN,NaN
7,NaN,NaN,NaN,NaN,NaN,NaN,NaN,NaN
8,NaN,NaN,NaN,NaN,NaN,NaN,NaN,NaN
9,NaN,NaN,NaN,NaN,NaN,NaN,NaN,NaN
10,NaN,NaN,NaN,NaN,NaN,NaN,NaN,NaN
11,NaN,NaN,NaN,NaN,NaN,NaN,NaN,NaN
1,NaN,NaN,NaN,NaN,NaN,NaN,NaN,NaN
2,NaN,NaN,NaN,NaN,NaN,NaN,NaN,NaN
3,NaN,NaN,NaN,NaN,NaN,NaN,NaN,NaN
4,NaN,NaN,NaN,NaN,NaN,NaN,NaN,NaN
5,NaN,NaN,NaN,NaN,NaN,NaN,NaN,NaN
6,NaN,NaN,NaN,NaN,NaN,NaN,NaN,NaN
7,NaN,NaN,NaN,NaN,NaN,NaN,NaN,NaN
8,NaN,NaN,NaN,NaN,NaN,NaN,NaN,NaN
9,NaN,NaN,NaN,NaN,NaN,NaN,NaN,NaN
10,NaN,NaN,NaN,NaN,NaN,NaN,NaN,NaN
11,NaN,NaN,NaN,NaN,NaN,NaN,NaN,NaN
1,NaN,NaN,NaN,NaN,NaN,NaN,NaN,NaN
2,NaN,NaN,NaN,NaN,NaN,NaN,NaN,NaN
3,NaN,NaN,NaN,NaN,NaN,NaN,NaN,NaN
4,NaN,NaN,NaN,NaN,NaN,NaN,NaN,NaN
5,NaN,NaN,NaN,NaN,NaN,NaN,NaN,NaN
6,NaN,NaN,NaN,NaN,NaN,NaN,NaN,NaN
7,NaN,NaN,NaN,NaN,NaN,NaN,NaN,NaN
8,NaN,NaN,NaN,NaN,NaN,NaN,NaN,NaN
9,NaN,NaN,NaN,NaN,NaN,NaN,NaN,NaN
10,NaN,NaN,NaN,NaN,NaN,NaN,NaN,NaN
11,NaN,NaN,NaN,NaN,NaN,NaN,NaN,NaN
1,NaN,NaN,NaN,NaN,NaN,NaN,NaN,NaN
2,NaN,NaN,NaN,NaN,NaN,NaN,NaN,NaN
3,NaN,NaN,NaN,NaN,NaN,NaN,NaN,NaN
4,NaN,NaN,NaN,NaN,NaN,NaN,NaN,NaN
5,NaN,NaN,NaN,NaN,NaN,NaN,NaN,NaN
6,NaN,NaN,NaN,NaN,NaN,NaN,NaN,NaN
7,NaN,NaN,NaN,NaN,NaN,NaN,NaN,NaN
8,NaN,NaN,NaN,NaN,NaN,NaN,NaN,NaN
9,NaN,NaN,NaN,NaN,NaN,NaN,NaN,NaN
10,NaN,NaN,NaN,NaN,NaN,NaN,NaN,NaN
11,NaN,NaN,NaN,NaN,NaN,NaN,NaN,NaN
1,NaN,NaN,NaN,NaN,NaN,NaN,NaN,NaN
2,NaN,NaN,NaN,NaN,NaN,NaN,NaN,NaN
3,NaN,NaN,NaN,NaN,NaN,NaN,NaN,NaN
4,NaN,NaN,NaN,NaN,NaN,NaN,NaN,NaN
5,NaN,NaN,NaN,NaN,NaN,NaN,NaN,NaN
6,NaN,NaN,NaN,NaN,NaN,NaN,NaN,NaN
7,NaN,NaN,NaN,NaN,NaN,NaN,NaN,NaN
8,NaN,NaN,NaN,NaN,NaN,NaN,NaN,NaN
9,NaN,NaN,NaN,NaN,NaN,NaN,NaN,NaN
10,NaN,NaN,NaN,NaN,NaN,NaN,NaN,NaN
11,NaN,NaN,NaN,NaN,NaN,NaN,NaN,NaN
1,NaN,NaN,NaN,NaN,NaN,NaN,NaN,NaN
2,NaN,NaN,NaN,NaN,NaN,NaN,NaN,NaN
3,NaN,NaN,NaN,NaN,NaN,NaN,NaN,NaN
4,NaN,NaN,NaN,NaN,NaN,NaN,NaN,NaN
5,NaN,NaN,NaN,NaN,NaN,NaN,NaN,NaN
6,NaN,NaN,NaN,NaN,NaN,NaN,NaN,NaN
7,NaN,NaN,NaN,NaN,NaN,NaN,NaN,NaN
8,NaN,NaN,NaN,NaN,NaN,NaN,NaN,NaN
9,NaN,NaN,NaN,NaN,NaN,NaN,NaN,NaN
10,NaN,NaN,NaN,NaN,NaN,NaN,NaN,NaN
11,NaN,NaN,NaN,NaN,NaN,NaN,NaN,NaN
1,NaN,NaN,NaN,NaN,NaN,NaN,NaN,NaN
2,NaN,NaN,NaN,NaN,NaN,NaN,NaN,NaN
3,NaN,NaN,NaN,NaN,NaN,NaN,NaN,NaN
4,NaN,NaN,NaN,NaN,NaN,NaN,NaN,NaN
5,NaN,NaN,NaN,NaN,NaN,NaN,NaN,NaN
6,NaN,NaN,NaN,NaN,NaN,NaN,NaN,NaN
7,NaN,NaN,NaN,NaN,NaN,NaN,NaN,NaN
8,NaN,NaN,NaN,NaN,NaN,NaN,NaN,NaN
9,NaN,NaN,NaN,NaN,NaN,NaN,NaN,NaN
10,NaN,NaN,NaN,NaN,NaN,NaN,NaN,NaN
11,NaN,NaN,NaN,NaN,NaN,NaN,NaN,NaN
1,NaN,NaN,NaN,NaN,NaN,NaN,NaN,NaN
2,NaN,NaN,NaN,NaN,NaN,NaN,NaN,NaN
3,NaN,NaN,NaN,NaN,NaN,NaN,NaN,NaN
4,NaN,NaN,NaN,NaN,NaN,NaN,NaN,NaN
5,NaN,NaN,NaN,NaN,NaN,NaN,NaN,NaN
6,NaN,NaN,NaN,NaN,NaN,NaN,NaN,NaN
7,NaN,NaN,NaN,NaN,NaN,NaN,NaN,NaN
8,NaN,NaN,NaN,NaN,NaN,NaN,NaN,NaN
9,NaN,NaN,NaN,NaN,NaN,NaN,NaN,NaN
10,NaN,NaN,NaN,NaN,NaN,NaN,NaN,NaN
11,NaN,NaN,NaN,NaN,NaN,NaN,NaN,NaN
1,NaN,NaN,NaN,NaN,NaN,NaN,NaN,NaN
2,NaN,NaN,NaN,NaN,NaN,NaN,NaN,NaN
3,NaN,NaN,NaN,NaN,NaN,NaN,NaN,NaN
4,NaN,NaN,NaN,NaN,NaN,NaN,NaN,NaN
5,NaN,NaN,NaN,NaN,NaN,NaN,NaN,NaN
6,NaN,NaN,NaN,NaN,NaN,NaN,NaN,NaN
7,NaN,NaN,NaN,NaN,NaN,NaN,NaN,NaN
8,NaN,NaN,NaN,NaN,NaN,NaN,NaN,NaN
9,NaN,NaN,NaN,NaN,NaN,NaN,NaN,NaN
10,NaN,NaN,NaN,NaN,NaN,NaN,NaN,NaN
11,NaN,NaN,NaN,NaN,NaN,NaN,NaN,NaN
1,NaN,NaN,NaN,NaN,NaN,NaN,NaN,NaN
2,NaN,NaN,NaN,NaN,NaN,NaN,NaN,NaN
3,NaN,NaN,NaN,NaN,NaN,NaN,NaN,NaN
4,NaN,NaN,NaN,NaN,NaN,NaN,NaN,NaN
5,NaN,NaN,NaN,NaN,NaN,NaN,NaN,NaN
6,NaN,NaN,NaN,NaN,NaN,NaN,NaN,NaN
7,NaN,NaN,NaN,NaN,NaN,NaN,NaN,NaN
8,NaN,NaN,NaN,NaN,NaN,NaN,NaN,NaN
9,NaN,NaN,NaN,NaN,NaN,NaN,NaN,NaN
10,NaN,NaN,NaN,NaN,NaN,NaN,NaN,NaN
11,NaN,NaN,NaN,NaN,NaN,NaN,NaN,NaN
1,NaN,NaN,NaN,NaN,NaN,NaN,NaN,NaN
2,NaN,NaN,NaN,NaN,NaN,NaN,NaN,NaN
3,NaN,NaN,NaN,NaN,NaN,NaN,NaN,NaN
4,NaN,NaN,NaN,NaN,NaN,NaN,NaN,NaN
5,NaN,NaN,NaN,NaN,NaN,NaN,NaN,NaN
6,NaN,NaN,NaN,NaN,NaN,NaN,NaN,NaN
7,NaN,NaN,NaN,NaN,NaN,NaN,NaN,NaN
8,NaN,NaN,NaN,NaN,NaN,NaN,NaN,NaN
9,NaN,NaN,NaN,NaN,NaN,NaN,NaN,NaN
10,NaN,NaN,NaN,NaN,NaN,NaN,NaN,NaN
11,NaN,NaN,NaN,NaN,NaN,NaN,NaN,NaN
1,NaN,NaN,NaN,NaN,NaN,NaN,NaN,NaN
2,NaN,NaN,NaN,NaN,NaN,NaN,NaN,NaN
3,NaN,NaN,NaN,NaN,NaN,NaN,NaN,NaN
4,NaN,NaN,NaN,NaN,NaN,NaN,NaN,NaN
5,NaN,NaN,NaN,NaN,NaN,NaN,NaN,NaN
6,NaN,NaN,NaN,NaN,NaN,NaN,NaN,NaN
7,NaN,NaN,NaN,NaN,NaN,NaN,NaN,NaN
8,NaN,NaN,NaN,NaN,NaN,NaN,NaN,NaN
9,NaN,NaN,NaN,NaN,NaN,NaN,NaN,NaN
10,NaN,NaN,NaN,NaN,NaN,NaN,NaN,NaN
11,NaN,NaN,NaN,NaN,NaN,NaN,NaN,NaN
1,NaN,NaN,NaN,NaN,NaN,NaN,NaN,NaN
2,NaN,NaN,NaN,NaN,NaN,NaN,NaN,NaN
3,NaN,NaN,NaN,NaN,NaN,NaN,NaN,NaN
4,NaN,NaN,NaN,NaN,NaN,NaN,NaN,NaN
5,NaN,NaN,NaN,NaN,NaN,NaN,NaN,NaN
6,NaN,NaN,NaN,NaN,NaN,NaN,NaN,NaN
7,NaN,NaN,NaN,NaN,NaN,NaN,NaN,NaN
8,NaN,NaN,NaN,NaN,NaN,NaN,NaN,NaN
9,NaN,NaN,NaN,NaN,NaN,NaN,NaN,NaN
10,NaN,NaN,NaN,NaN,NaN,NaN,NaN,NaN
11,NaN,NaN,NaN,NaN,NaN,NaN,NaN,NaN
1,NaN,NaN,NaN,NaN,NaN,NaN,NaN,NaN
2,NaN,NaN,NaN,NaN,NaN,NaN,NaN,NaN
3,NaN,NaN,NaN,NaN,NaN,NaN,NaN,NaN
4,NaN,NaN,NaN,NaN,NaN,NaN,NaN,NaN
5,NaN,NaN,NaN,NaN,NaN,NaN,NaN,NaN
6,NaN,NaN,NaN,NaN,NaN,NaN,NaN,NaN
7,NaN,NaN,NaN,NaN,NaN,NaN,NaN,NaN
8,NaN,NaN,NaN,NaN,NaN,NaN,NaN,NaN
9,NaN,NaN,NaN,NaN,NaN,NaN,NaN,NaN
10,NaN,NaN,NaN,NaN,NaN,NaN,NaN,NaN
11,NaN,NaN,NaN,NaN,NaN,NaN,NaN,NaN
1,NaN,NaN,NaN,NaN,NaN,NaN,NaN,NaN
2,NaN,NaN,NaN,NaN,NaN,NaN,NaN,NaN
3,NaN,NaN,NaN,NaN,NaN,NaN,NaN,NaN
4,NaN,NaN,NaN,NaN,NaN,NaN,NaN,NaN
5,NaN,NaN,NaN,NaN,NaN,NaN,NaN,NaN
6,NaN,NaN,NaN,NaN,NaN,NaN,NaN,NaN
7,NaN,NaN,NaN,NaN,NaN,NaN,NaN,NaN
8,NaN,NaN,NaN,NaN,NaN,NaN,NaN,NaN
9,NaN,NaN,NaN,NaN,NaN,NaN,NaN,NaN
10,NaN,NaN,NaN,NaN,NaN,NaN,NaN,NaN
11,NaN,NaN,NaN,NaN,NaN,NaN,NaN,NaN
1,NaN,NaN,NaN,NaN,NaN,NaN,NaN,NaN
2,NaN,NaN,NaN,NaN,NaN,NaN,NaN,NaN
3,NaN,NaN,NaN,NaN,NaN,NaN,NaN,NaN
4,NaN,NaN,NaN,NaN,NaN,NaN,NaN,NaN
5,NaN,NaN,NaN,NaN,NaN,NaN,NaN,NaN
6,NaN,NaN,NaN,NaN,NaN,NaN,NaN,NaN
7,NaN,NaN,NaN,NaN,NaN,NaN,NaN,NaN
8,NaN,NaN,NaN,NaN,NaN,NaN,NaN,NaN
9,NaN,NaN,NaN,NaN,NaN,NaN,NaN,NaN
10,NaN,NaN,NaN,NaN,NaN,NaN,NaN,NaN
11,NaN,NaN,NaN,NaN,NaN,NaN,NaN,NaN
1,NaN,NaN,NaN,NaN,NaN,NaN,NaN,NaN
2,NaN,NaN,NaN,NaN,NaN,NaN,NaN,NaN
3,NaN,NaN,NaN,NaN,NaN,NaN,NaN,NaN
4,NaN,NaN,NaN,NaN,NaN,NaN,NaN,NaN
5,NaN,NaN,NaN,NaN,NaN,NaN,NaN,NaN
6,NaN,NaN,NaN,NaN,NaN,NaN,NaN,NaN
7,NaN,NaN,NaN,NaN,NaN,NaN,NaN,NaN
8,NaN,NaN,NaN,NaN,NaN,NaN,NaN,NaN
9,NaN,NaN,NaN,NaN,NaN,NaN,NaN,NaN
10,NaN,NaN,NaN,NaN,NaN,NaN,NaN,NaN
11,NaN,NaN,NaN,NaN,NaN,NaN,NaN,NaN
1,NaN,NaN,NaN,NaN,NaN,NaN,NaN,NaN
2,NaN,NaN,NaN,NaN,NaN,NaN,NaN,NaN
3,NaN,NaN,NaN,NaN,NaN,NaN,NaN,NaN
4,NaN,NaN,NaN,NaN,NaN,NaN,NaN,NaN
5,NaN,NaN,NaN,NaN,NaN,NaN,NaN,NaN
6,NaN,NaN,NaN,NaN,NaN,NaN,NaN,NaN
7,NaN,NaN,NaN,NaN,NaN,NaN,NaN,NaN
8,NaN,NaN,NaN,NaN,NaN,NaN,NaN,NaN
9,NaN,NaN,NaN,NaN,NaN,NaN,NaN,NaN
10,NaN,NaN,NaN,NaN,NaN,NaN,NaN,NaN
11,NaN,NaN,NaN,NaN,NaN,NaN,NaN,NaN
1,NaN,NaN,NaN,NaN,NaN,NaN,NaN,NaN
2,NaN,NaN,NaN,NaN,NaN,NaN,NaN,NaN
3,NaN,NaN,NaN,NaN,NaN,NaN,NaN,NaN
4,NaN,NaN,NaN,NaN,NaN,NaN,NaN,NaN
5,NaN,NaN,NaN,NaN,NaN,NaN,NaN,NaN
6,NaN,NaN,NaN,NaN,NaN,NaN,NaN,NaN
7,NaN,NaN,NaN,NaN,NaN,NaN,NaN,NaN
8,NaN,NaN,NaN,NaN,NaN,NaN,NaN,NaN
9,NaN,NaN,NaN,NaN,NaN,NaN,NaN,NaN
10,NaN,NaN,NaN,NaN,NaN,NaN,NaN,NaN
11,NaN,NaN,NaN,NaN,NaN,NaN,NaN,NaN
1,NaN,NaN,NaN,NaN,NaN,NaN,NaN,NaN
2,NaN,NaN,NaN,NaN,NaN,NaN,NaN,NaN
3,NaN,NaN,NaN,NaN,NaN,NaN,NaN,NaN
4,NaN,NaN,NaN,NaN,NaN,NaN,NaN,NaN
5,NaN,NaN,NaN,NaN,NaN,NaN,NaN,NaN
6,NaN,NaN,NaN,NaN,NaN,NaN,NaN,NaN
7,NaN,NaN,NaN,NaN,NaN,NaN,NaN,NaN
8,NaN,NaN,NaN,NaN,NaN,NaN,NaN,NaN
9,NaN,NaN,NaN,NaN,NaN,NaN,NaN,NaN
10,NaN,NaN,NaN,NaN,NaN,NaN,NaN,NaN
11,NaN,NaN,NaN,NaN,NaN,NaN,NaN,NaN
1,NaN,NaN,NaN,NaN,NaN,NaN,NaN,NaN
2,NaN,NaN,NaN,NaN,NaN,NaN,NaN,NaN
3,NaN,NaN,NaN,NaN,NaN,NaN,NaN,NaN
4,NaN,NaN,NaN,NaN,NaN,NaN,NaN,NaN
5,NaN,NaN,NaN,NaN,NaN,NaN,NaN,NaN
6,NaN,NaN,NaN,NaN,NaN,NaN,NaN,NaN
7,NaN,NaN,NaN,NaN,NaN,NaN,NaN,NaN
8,NaN,NaN,NaN,NaN,NaN,NaN,NaN,NaN
9,NaN,NaN,NaN,NaN,NaN,NaN,NaN,NaN
10,NaN,NaN,NaN,NaN,NaN,NaN,NaN,NaN
11,NaN,NaN,NaN,NaN,NaN,NaN,NaN,NaN
1,NaN,NaN,NaN,NaN,NaN,NaN,NaN,NaN
2,NaN,NaN,NaN,NaN,NaN,NaN,NaN,NaN
3,NaN,NaN,NaN,NaN,NaN,NaN,NaN,NaN
4,NaN,NaN,NaN,NaN,NaN,NaN,NaN,NaN
5,NaN,NaN,NaN,NaN,NaN,NaN,NaN,NaN
6,NaN,NaN,NaN,NaN,NaN,NaN,NaN,NaN
7,NaN,NaN,NaN,NaN,NaN,NaN,NaN,NaN
8,NaN,NaN,NaN,NaN,NaN,NaN,NaN,NaN
9,NaN,NaN,NaN,NaN,NaN,NaN,NaN,NaN
10,NaN,NaN,NaN,NaN,NaN,NaN,NaN,NaN
11,NaN,NaN,NaN,NaN,NaN,NaN,NaN,NaN
1,NaN,NaN,NaN,NaN,NaN,NaN,NaN,NaN
2,NaN,NaN,NaN,NaN,NaN,NaN,NaN,NaN
3,NaN,NaN,NaN,NaN,NaN,NaN,NaN,NaN
4,NaN,NaN,NaN,NaN,NaN,NaN,NaN,NaN
5,NaN,NaN,NaN,NaN,NaN,NaN,NaN,NaN
6,NaN,NaN,NaN,NaN,NaN,NaN,NaN,NaN
7,NaN,NaN,NaN,NaN,NaN,NaN,NaN,NaN
8,NaN,NaN,NaN,NaN,NaN,NaN,NaN,NaN
9,NaN,NaN,NaN,NaN,NaN,NaN,NaN,NaN
10,NaN,NaN,NaN,NaN,NaN,NaN,NaN,NaN
11,NaN,NaN,NaN,NaN,NaN,NaN,NaN,NaN
1,NaN,NaN,NaN,NaN,NaN,NaN,NaN,NaN
2,NaN,NaN,NaN,NaN,NaN,NaN,NaN,NaN
3,NaN,NaN,NaN,NaN,NaN,NaN,NaN,NaN
4,NaN,NaN,NaN,NaN,NaN,NaN,NaN,NaN
5,NaN,NaN,NaN,NaN,NaN,NaN,NaN,NaN
6,NaN,NaN,NaN,NaN,NaN,NaN,NaN,NaN
7,NaN,NaN,NaN,NaN,NaN,NaN,NaN,NaN
8,NaN,NaN,NaN,NaN,NaN,NaN,NaN,NaN
9,NaN,NaN,NaN,NaN,NaN,NaN,NaN,NaN
10,NaN,NaN,NaN,NaN,NaN,NaN,NaN,NaN
11,NaN,NaN,NaN,NaN,NaN,NaN,NaN,NaN
1,NaN,NaN,NaN,NaN,NaN,NaN,NaN,NaN
2,NaN,NaN,NaN,NaN,NaN,NaN,NaN,NaN
3,NaN,NaN,NaN,NaN,NaN,NaN,NaN,NaN
4,NaN,NaN,NaN,NaN,NaN,NaN,NaN,NaN
5,NaN,NaN,NaN,NaN,NaN,NaN,NaN,NaN
6,NaN,NaN,NaN,NaN,NaN,NaN,NaN,NaN
7,NaN,NaN,NaN,NaN,NaN,NaN,NaN,NaN
8,NaN,NaN,NaN,NaN,NaN,NaN,NaN,NaN
9,NaN,NaN,NaN,NaN,NaN,NaN,NaN,NaN
10,NaN,NaN,NaN,NaN,NaN,NaN,NaN,NaN
11,NaN,NaN,NaN,NaN,NaN,NaN,NaN,NaN
1,NaN,NaN,NaN,NaN,NaN,NaN,NaN,NaN
2,NaN,NaN,NaN,NaN,NaN,NaN,NaN,NaN
3,NaN,NaN,NaN,NaN,NaN,NaN,NaN,NaN
4,NaN,NaN,NaN,NaN,NaN,NaN,NaN,NaN
5,NaN,NaN,NaN,NaN,NaN,NaN,NaN,NaN
6,NaN,NaN,NaN,NaN,NaN,NaN,NaN,NaN
7,NaN,NaN,NaN,NaN,NaN,NaN,NaN,NaN
8,NaN,NaN,NaN,NaN,NaN,NaN,NaN,NaN
9,NaN,NaN,NaN,NaN,NaN,NaN,NaN,NaN
10,NaN,NaN,NaN,NaN,NaN,NaN,NaN,NaN
11,NaN,NaN,NaN,NaN,NaN,NaN,NaN,NaN
1,NaN,NaN,NaN,NaN,NaN,NaN,NaN,NaN
2,NaN,NaN,NaN,NaN,NaN,NaN,NaN,NaN
3,NaN,NaN,NaN,NaN,NaN,NaN,NaN,NaN
4,NaN,NaN,NaN,NaN,NaN,NaN,NaN,NaN
5,NaN,NaN,NaN,NaN,NaN,NaN,NaN,NaN
6,NaN,NaN,NaN,NaN,NaN,NaN,NaN,NaN
7,NaN,NaN,NaN,NaN,NaN,NaN,NaN,NaN
8,NaN,NaN,NaN,NaN,NaN,NaN,NaN,NaN
9,NaN,NaN,NaN,NaN,NaN,NaN,NaN,NaN
10,NaN,NaN,NaN,NaN,NaN,NaN,NaN,NaN
11,NaN,NaN,NaN,NaN,NaN,NaN,NaN,NaN
1,NaN,NaN,NaN,NaN,NaN,NaN,NaN,NaN
2,NaN,NaN,NaN,NaN,NaN,NaN,NaN,NaN
3,NaN,NaN,NaN,NaN,NaN,NaN,NaN,NaN
4,NaN,NaN,NaN,NaN,NaN,NaN,NaN,NaN
5,NaN,NaN,NaN,NaN,NaN,NaN,NaN,NaN
6,NaN,NaN,NaN,NaN,NaN,NaN,NaN,NaN
7,NaN,NaN,NaN,NaN,NaN,NaN,NaN,NaN
8,NaN,NaN,NaN,NaN,NaN,NaN,NaN,NaN
9,NaN,NaN,NaN,NaN,NaN,NaN,NaN,NaN
10,NaN,NaN,NaN,NaN,NaN,NaN,NaN,NaN
11,NaN,NaN,NaN,NaN,NaN,NaN,NaN,NaN
1,NaN,NaN,NaN,NaN,NaN,NaN,NaN,NaN
2,NaN,NaN,NaN,NaN,NaN,NaN,NaN,NaN
3,NaN,NaN,NaN,NaN,NaN,NaN,NaN,NaN
4,NaN,NaN,NaN,NaN,NaN,NaN,NaN,NaN
5,NaN,NaN,NaN,NaN,NaN,NaN,NaN,NaN
6,NaN,NaN,NaN,NaN,NaN,NaN,NaN,NaN
7,NaN,NaN,NaN,NaN,NaN,NaN,NaN,NaN
8,NaN,NaN,NaN,NaN,NaN,NaN,NaN,NaN
9,NaN,NaN,NaN,NaN,NaN,NaN,NaN,NaN
10,NaN,NaN,NaN,NaN,NaN,NaN,NaN,NaN
11,NaN,NaN,NaN,NaN,NaN,NaN,NaN,NaN
1,NaN,NaN,NaN,NaN,NaN,NaN,NaN,NaN
2,NaN,NaN,NaN,NaN,NaN,NaN,NaN,NaN
3,NaN,NaN,NaN,NaN,NaN,NaN,NaN,NaN
4,NaN,NaN,NaN,NaN,NaN,NaN,NaN,NaN
5,NaN,NaN,NaN,NaN,NaN,NaN,NaN,NaN
6,NaN,NaN,NaN,NaN,NaN,NaN,NaN,NaN
7,NaN,NaN,NaN,NaN,NaN,NaN,NaN,NaN
8,NaN,NaN,NaN,NaN,NaN,NaN,NaN,NaN
9,NaN,NaN,NaN,NaN,NaN,NaN,NaN,NaN
10,NaN,NaN,NaN,NaN,NaN,NaN,NaN,NaN
11,NaN,NaN,NaN,NaN,NaN,NaN,NaN,NaN
1,NaN,NaN,NaN,NaN,NaN,NaN,NaN,NaN
2,NaN,NaN,NaN,NaN,NaN,NaN,NaN,NaN
3,NaN,NaN,NaN,NaN,NaN,NaN,NaN,NaN
4,NaN,NaN,NaN,NaN,NaN,NaN,NaN,NaN
5,NaN,NaN,NaN,NaN,NaN,NaN,NaN,NaN
6,NaN,NaN,NaN,NaN,NaN,NaN,NaN,NaN
7,NaN,NaN,NaN,NaN,NaN,NaN,NaN,NaN
8,NaN,NaN,NaN,NaN,NaN,NaN,NaN,NaN
9,NaN,NaN,NaN,NaN,NaN,NaN,NaN,NaN
10,NaN,NaN,NaN,NaN,NaN,NaN,NaN,NaN
11,NaN,NaN,NaN,NaN,NaN,NaN,NaN,NaN
1,NaN,NaN,NaN,NaN,NaN,NaN,NaN,NaN
2,NaN,NaN,NaN,NaN,NaN,NaN,NaN,NaN
3,NaN,NaN,NaN,NaN,NaN,NaN,NaN,NaN
4,NaN,NaN,NaN,NaN,NaN,NaN,NaN,NaN
5,NaN,NaN,NaN,NaN,NaN,NaN,NaN,NaN
6,NaN,NaN,NaN,NaN,NaN,NaN,NaN,NaN
7,NaN,NaN,NaN,NaN,NaN,NaN,NaN,NaN
8,NaN,NaN,NaN,NaN,NaN,NaN,NaN,NaN
9,NaN,NaN,NaN,NaN,NaN,NaN,NaN,NaN
10,NaN,NaN,NaN,NaN,NaN,NaN,NaN,NaN
11,NaN,NaN,NaN,NaN,NaN,NaN,NaN,NaN
1,NaN,NaN,NaN,NaN,NaN,NaN,NaN,NaN
2,NaN,NaN,NaN,NaN,NaN,NaN,NaN,NaN
3,NaN,NaN,NaN,NaN,NaN,NaN,NaN,NaN
4,NaN,NaN,NaN,NaN,NaN,NaN,NaN,NaN
5,NaN,NaN,NaN,NaN,NaN,NaN,NaN,NaN
6,NaN,NaN,NaN,NaN,NaN,NaN,NaN,NaN
7,NaN,NaN,NaN,NaN,NaN,NaN,NaN,NaN
8,NaN,NaN,NaN,NaN,NaN,NaN,NaN,NaN
9,NaN,NaN,NaN,NaN,NaN,NaN,NaN,NaN
10,NaN,NaN,NaN,NaN,NaN,NaN,NaN,NaN
11,NaN,NaN,NaN,NaN,NaN,NaN,NaN,NaN
1,NaN,NaN,NaN,NaN,NaN,NaN,NaN,NaN
2,NaN,NaN,NaN,NaN,NaN,NaN,NaN,NaN
3,NaN,NaN,NaN,NaN,NaN,NaN,NaN,NaN
4,NaN,NaN,NaN,NaN,NaN,NaN,NaN,NaN
5,NaN,NaN,NaN,NaN,NaN,NaN,NaN,NaN
6,NaN,NaN,NaN,NaN,NaN,NaN,NaN,NaN
7,NaN,NaN,NaN,NaN,NaN,NaN,NaN,NaN
8,NaN,NaN,NaN,NaN,NaN,NaN,NaN,NaN
9,NaN,NaN,NaN,NaN,NaN,NaN,NaN,NaN
10,NaN,NaN,NaN,NaN,NaN,NaN,NaN,NaN
11,NaN,NaN,NaN,NaN,NaN,NaN,NaN,NaN
1,NaN,NaN,NaN,NaN,NaN,NaN,NaN,NaN
2,NaN,NaN,NaN,NaN,NaN,NaN,NaN,NaN
3,NaN,NaN,NaN,NaN,NaN,NaN,NaN,NaN
4,NaN,NaN,NaN,NaN,NaN,NaN,NaN,NaN
5,NaN,NaN,NaN,NaN,NaN,NaN,NaN,NaN
6,NaN,NaN,NaN,NaN,NaN,NaN,NaN,NaN
7,NaN,NaN,NaN,NaN,NaN,NaN,NaN,NaN
8,NaN,NaN,NaN,NaN,NaN,NaN,NaN,NaN
9,NaN,NaN,NaN,NaN,NaN,NaN,NaN,NaN
10,NaN,NaN,NaN,NaN,NaN,NaN,NaN,NaN
11,NaN,NaN,NaN,NaN,NaN,NaN,NaN,NaN
1,NaN,NaN,NaN,NaN,NaN,NaN,NaN,NaN
2,NaN,NaN,NaN,NaN,NaN,NaN,NaN,NaN
3,NaN,NaN,NaN,NaN,NaN,NaN,NaN,NaN
4,NaN,NaN,NaN,NaN,NaN,NaN,NaN,NaN
5,NaN,NaN,NaN,NaN,NaN,NaN,NaN,NaN
6,NaN,NaN,NaN,NaN,NaN,NaN,NaN,NaN
7,NaN,NaN,NaN,NaN,NaN,NaN,NaN,NaN
8,NaN,NaN,NaN,NaN,NaN,NaN,NaN,NaN
9,NaN,NaN,NaN,NaN,NaN,NaN,NaN,NaN
10,NaN,NaN,NaN,NaN,NaN,NaN,NaN,NaN
11,NaN,NaN,NaN,NaN,NaN,NaN,NaN,NaN
1,NaN,NaN,NaN,NaN,NaN,NaN,NaN,NaN
2,NaN,NaN,NaN,NaN,NaN,NaN,NaN,NaN
3,NaN,NaN,NaN,NaN,NaN,NaN,NaN,NaN
4,NaN,NaN,NaN,NaN,NaN,NaN,NaN,NaN
5,NaN,NaN,NaN,NaN,NaN,NaN,NaN,NaN
6,NaN,NaN,NaN,NaN,NaN,NaN,NaN,NaN
7,NaN,NaN,NaN,NaN,NaN,NaN,NaN,NaN
8,NaN,NaN,NaN,NaN,NaN,NaN,NaN,NaN
9,NaN,NaN,NaN,NaN,NaN,NaN,NaN,NaN
10,NaN,NaN,NaN,NaN,NaN,NaN,NaN,NaN
11,NaN,NaN,NaN,NaN,NaN,NaN,NaN,NaN
1,NaN,NaN,NaN,NaN,NaN,NaN,NaN,NaN
2,NaN,NaN,NaN,NaN,NaN,NaN,NaN,NaN
3,NaN,NaN,NaN,NaN,NaN,NaN,NaN,NaN
4,NaN,NaN,NaN,NaN,NaN,NaN,NaN,NaN
5,NaN,NaN,NaN,NaN,NaN,NaN,NaN,NaN
6,NaN,NaN,NaN,NaN,NaN,NaN,NaN,NaN
7,NaN,NaN,NaN,NaN,NaN,NaN,NaN,NaN
8,NaN,NaN,NaN,NaN,NaN,NaN,NaN,NaN
9,NaN,NaN,NaN,NaN,NaN,NaN,NaN,NaN
10,NaN,NaN,NaN,NaN,NaN,NaN,NaN,NaN
11,NaN,NaN,NaN,NaN,NaN,NaN,NaN,NaN
1,NaN,NaN,NaN,NaN,NaN,NaN,NaN,NaN
2,NaN,NaN,NaN,NaN,NaN,NaN,NaN,NaN
3,NaN,NaN,NaN,NaN,NaN,NaN,NaN,NaN
4,NaN,NaN,NaN,NaN,NaN,NaN,NaN,NaN
5,NaN,NaN,NaN,NaN,NaN,NaN,NaN,NaN
6,NaN,NaN,NaN,NaN,NaN,NaN,NaN,NaN
7,NaN,NaN,NaN,NaN,NaN,NaN,NaN,NaN
8,NaN,NaN,NaN,NaN,NaN,NaN,NaN,NaN
9,NaN,NaN,NaN,NaN,NaN,NaN,NaN,NaN
10,NaN,NaN,NaN,NaN,NaN,NaN,NaN,NaN
11,NaN,NaN,NaN,NaN,NaN,NaN,NaN,NaN
1,NaN,NaN,NaN,NaN,NaN,NaN,NaN,NaN
2,NaN,NaN,NaN,NaN,NaN,NaN,NaN,NaN
3,NaN,NaN,NaN,NaN,NaN,NaN,NaN,NaN
4,NaN,NaN,NaN,NaN,NaN,NaN,NaN,NaN
5,NaN,NaN,NaN,NaN,NaN,NaN,NaN,NaN
6,NaN,NaN,NaN,NaN,NaN,NaN,NaN,NaN
7,NaN,NaN,NaN,NaN,NaN,NaN,NaN,NaN
8,NaN,NaN,NaN,NaN,NaN,NaN,NaN,NaN
9,NaN,NaN,NaN,NaN,NaN,NaN,NaN,NaN
10,NaN,NaN,NaN,NaN,NaN,NaN,NaN,NaN
11,NaN,NaN,NaN,NaN,NaN,NaN,NaN,NaN
1,NaN,NaN,NaN,NaN,NaN,NaN,NaN,NaN
2,NaN,NaN,NaN,NaN,NaN,NaN,NaN,NaN
3,NaN,NaN,NaN,NaN,NaN,NaN,NaN,NaN
4,NaN,NaN,NaN,NaN,NaN,NaN,NaN,NaN
5,NaN,NaN,NaN,NaN,NaN,NaN,NaN,NaN
6,NaN,NaN,NaN,NaN,NaN,NaN,NaN,NaN
7,NaN,NaN,NaN,NaN,NaN,NaN,NaN,NaN
8,NaN,NaN,NaN,NaN,NaN,NaN,NaN,NaN
9,NaN,NaN,NaN,NaN,NaN,NaN,NaN,NaN
10,NaN,NaN,NaN,NaN,NaN,NaN,NaN,NaN
11,NaN,NaN,NaN,NaN,NaN,NaN,NaN,NaN
1,NaN,NaN,NaN,NaN,NaN,NaN,NaN,NaN
2,NaN,NaN,NaN,NaN,NaN,NaN,NaN,NaN
3,NaN,NaN,NaN,NaN,NaN,NaN,NaN,NaN
4,NaN,NaN,NaN,NaN,NaN,NaN,NaN,NaN
5,NaN,NaN,NaN,NaN,NaN,NaN,NaN,NaN
6,NaN,NaN,NaN,NaN,NaN,NaN,NaN,NaN
7,NaN,NaN,NaN,NaN,NaN,NaN,NaN,NaN
8,NaN,NaN,NaN,NaN,NaN,NaN,NaN,NaN
9,NaN,NaN,NaN,NaN,NaN,NaN,NaN,NaN
10,NaN,NaN,NaN,NaN,NaN,NaN,NaN,NaN
11,NaN,NaN,NaN,NaN,NaN,NaN,NaN,NaN
1,NaN,NaN,NaN,NaN,NaN,NaN,NaN,NaN
2,NaN,NaN,NaN,NaN,NaN,NaN,NaN,NaN
3,NaN,NaN,NaN,NaN,NaN,NaN,NaN,NaN
4,NaN,NaN,NaN,NaN,NaN,NaN,NaN,NaN
5,NaN,NaN,NaN,NaN,NaN,NaN,NaN,NaN
6,NaN,NaN,NaN,NaN,NaN,NaN,NaN,NaN
7,NaN,NaN,NaN,NaN,NaN,NaN,NaN,NaN
8,NaN,NaN,NaN,NaN,NaN,NaN,NaN,NaN
9,NaN,NaN,NaN,NaN,NaN,NaN,NaN,NaN
10,NaN,NaN,NaN,NaN,NaN,NaN,NaN,NaN
11,NaN,NaN,NaN,NaN,NaN,NaN,NaN,NaN
1,NaN,NaN,NaN,NaN,NaN,NaN,NaN,NaN
2,NaN,NaN,NaN,NaN,NaN,NaN,NaN,NaN
3,NaN,NaN,NaN,NaN,NaN,NaN,NaN,NaN
4,NaN,NaN,NaN,NaN,NaN,NaN,NaN,NaN
5,NaN,NaN,NaN,NaN,NaN,NaN,NaN,NaN
6,NaN,NaN,NaN,NaN,NaN,NaN,NaN,NaN
7,NaN,NaN,NaN,NaN,NaN,NaN,NaN,NaN
8,NaN,NaN,NaN,NaN,NaN,NaN,NaN,NaN
9,NaN,NaN,NaN,NaN,NaN,NaN,NaN,NaN
10,NaN,NaN,NaN,NaN,NaN,NaN,NaN,NaN
11,NaN,NaN,NaN,NaN,NaN,NaN,NaN,NaN
1,NaN,NaN,NaN,NaN,NaN,NaN,NaN,NaN
2,NaN,NaN,NaN,NaN,NaN,NaN,NaN,NaN
3,NaN,NaN,NaN,NaN,NaN,NaN,NaN,NaN
4,NaN,NaN,NaN,NaN,NaN,NaN,NaN,NaN
5,NaN,NaN,NaN,NaN,NaN,NaN,NaN,NaN
6,NaN,NaN,NaN,NaN,NaN,NaN,NaN,NaN
7,NaN,NaN,NaN,NaN,NaN,NaN,NaN,NaN
8,NaN,NaN,NaN,NaN,NaN,NaN,NaN,NaN
9,NaN,NaN,NaN,NaN,NaN,NaN,NaN,NaN
10,NaN,NaN,NaN,NaN,NaN,NaN,NaN,NaN
11,NaN,NaN,NaN,NaN,NaN,NaN,NaN,NaN
1,NaN,NaN,NaN,NaN,NaN,NaN,NaN,NaN
2,NaN,NaN,NaN,NaN,NaN,NaN,NaN,NaN
3,NaN,NaN,NaN,NaN,NaN,NaN,NaN,NaN
4,NaN,NaN,NaN,NaN,NaN,NaN,NaN,NaN
5,NaN,NaN,NaN,NaN,NaN,NaN,NaN,NaN
6,NaN,NaN,NaN,NaN,NaN,NaN,NaN,NaN
7,NaN,NaN,NaN,NaN,NaN,NaN,NaN,NaN
8,NaN,NaN,NaN,NaN,NaN,NaN,NaN,NaN
9,NaN,NaN,NaN,NaN,NaN,NaN,NaN,NaN
10,NaN,NaN,NaN,NaN,NaN,NaN,NaN,NaN
11,NaN,NaN,NaN,NaN,NaN,NaN,NaN,NaN
1,NaN,NaN,NaN,NaN,NaN,NaN,NaN,NaN
2,NaN,NaN,NaN,NaN,NaN,NaN,NaN,NaN
3,NaN,NaN,NaN,NaN,NaN,NaN,NaN,NaN
4,NaN,NaN,NaN,NaN,NaN,NaN,NaN,NaN
5,NaN,NaN,NaN,NaN,NaN,NaN,NaN,NaN
6,NaN,NaN,NaN,NaN,NaN,NaN,NaN,NaN
7,NaN,NaN,NaN,NaN,NaN,NaN,NaN,NaN
8,NaN,NaN,NaN,NaN,NaN,NaN,NaN,NaN
9,NaN,NaN,NaN,NaN,NaN,NaN,NaN,NaN
10,NaN,NaN,NaN,NaN,NaN,NaN,NaN,NaN
11,NaN,NaN,NaN,NaN,NaN,NaN,NaN,NaN
1,NaN,NaN,NaN,NaN,NaN,NaN,NaN,NaN
2,NaN,NaN,NaN,NaN,NaN,NaN,NaN,NaN
3,NaN,NaN,NaN,NaN,NaN,NaN,NaN,NaN
4,NaN,NaN,NaN,NaN,NaN,NaN,NaN,NaN
5,NaN,NaN,NaN,NaN,NaN,NaN,NaN,NaN
6,NaN,NaN,NaN,NaN,NaN,NaN,NaN,NaN
7,NaN,NaN,NaN,NaN,NaN,NaN,NaN,NaN
8,NaN,NaN,NaN,NaN,NaN,NaN,NaN,NaN
9,NaN,NaN,NaN,NaN,NaN,NaN,NaN,NaN
10,NaN,NaN,NaN,NaN,NaN,NaN,NaN,NaN
11,NaN,NaN,NaN,NaN,NaN,NaN,NaN,NaN
1,NaN,NaN,NaN,NaN,NaN,NaN,NaN,NaN
2,NaN,NaN,NaN,NaN,NaN,NaN,NaN,NaN
3,NaN,NaN,NaN,NaN,NaN,NaN,NaN,NaN
4,NaN,NaN,NaN,NaN,NaN,NaN,NaN,NaN
5,NaN,NaN,NaN,NaN,NaN,NaN,NaN,NaN
6,NaN,NaN,NaN,NaN,NaN,NaN,NaN,NaN
7,NaN,NaN,NaN,NaN,NaN,NaN,NaN,NaN
8,NaN,NaN,NaN,NaN,NaN,NaN,NaN,NaN
9,NaN,NaN,NaN,NaN,NaN,NaN,NaN,NaN
10,NaN,NaN,NaN,NaN,NaN,NaN,NaN,NaN
11,NaN,NaN,NaN,NaN,NaN,NaN,NaN,NaN
1,NaN,NaN,NaN,NaN,NaN,NaN,NaN,NaN
2,NaN,NaN,NaN,NaN,NaN,NaN,NaN,NaN
3,NaN,NaN,NaN,NaN,NaN,NaN,NaN,NaN
4,NaN,NaN,NaN,NaN,NaN,NaN,NaN,NaN
5,NaN,NaN,NaN,NaN,NaN,NaN,NaN,NaN
6,NaN,NaN,NaN,NaN,NaN,NaN,NaN,NaN
7,NaN,NaN,NaN,NaN,NaN,NaN,NaN,NaN
8,NaN,NaN,NaN,NaN,NaN,NaN,NaN,NaN
9,NaN,NaN,NaN,NaN,NaN,NaN,NaN,NaN
10,NaN,NaN,NaN,NaN,NaN,NaN,NaN,NaN
11,NaN,NaN,NaN,NaN,NaN,NaN,NaN,NaN
1,NaN,NaN,NaN,NaN,NaN,NaN,NaN,NaN
2,NaN,NaN,NaN,NaN,NaN,NaN,NaN,NaN
3,NaN,NaN,NaN,NaN,NaN,NaN,NaN,NaN
4,NaN,NaN,NaN,NaN,NaN,NaN,NaN,NaN
5,NaN,NaN,NaN,NaN,NaN,NaN,NaN,NaN
6,NaN,NaN,NaN,NaN,NaN,NaN,NaN,NaN
7,NaN,NaN,NaN,NaN,NaN,NaN,NaN,NaN
8,NaN,NaN,NaN,NaN,NaN,NaN,NaN,NaN
9,NaN,NaN,NaN,NaN,NaN,NaN,NaN,NaN
10,NaN,NaN,NaN,NaN,NaN,NaN,NaN,NaN
11,NaN,NaN,NaN,NaN,NaN,NaN,NaN,NaN
1,NaN,NaN,NaN,NaN,NaN,NaN,NaN,NaN
2,NaN,NaN,NaN,NaN,NaN,NaN,NaN,NaN
3,NaN,NaN,NaN,NaN,NaN,NaN,NaN,NaN
4,NaN,NaN,NaN,NaN,NaN,NaN,NaN,NaN
5,NaN,NaN,NaN,NaN,NaN,NaN,NaN,NaN
6,NaN,NaN,NaN,NaN,NaN,NaN,NaN,NaN
7,NaN,NaN,NaN,NaN,NaN,NaN,NaN,NaN
8,NaN,NaN,NaN,NaN,NaN,NaN,NaN,NaN
9,NaN,NaN,NaN,NaN,NaN,NaN,NaN,NaN
10,NaN,NaN,NaN,NaN,NaN,NaN,NaN,NaN
11,NaN,NaN,NaN,NaN,NaN,NaN,NaN,NaN
1,NaN,NaN,NaN,NaN,NaN,NaN,NaN,NaN
2,NaN,NaN,NaN,NaN,NaN,NaN,NaN,NaN
3,NaN,NaN,NaN,NaN,NaN,NaN,NaN,NaN
4,NaN,NaN,NaN,NaN,NaN,NaN,NaN,NaN
5,NaN,NaN,NaN,NaN,NaN,NaN,NaN,NaN
6,NaN,NaN,NaN,NaN,NaN,NaN,NaN,NaN
7,NaN,NaN,NaN,NaN,NaN,NaN,NaN,NaN
8,NaN,NaN,NaN,NaN,NaN,NaN,NaN,NaN
9,NaN,NaN,NaN,NaN,NaN,NaN,NaN,NaN
10,NaN,NaN,NaN,NaN,NaN,NaN,NaN,NaN
11,NaN,NaN,NaN,NaN,NaN,NaN,NaN,NaN
1,NaN,NaN,NaN,NaN,NaN,NaN,NaN,NaN
2,NaN,NaN,NaN,NaN,NaN,NaN,NaN,NaN
3,NaN,NaN,NaN,NaN,NaN,NaN,NaN,NaN
4,NaN,NaN,NaN,NaN,NaN,NaN,NaN,NaN
5,NaN,NaN,NaN,NaN,NaN,NaN,NaN,NaN
6,NaN,NaN,NaN,NaN,NaN,NaN,NaN,NaN
7,NaN,NaN,NaN,NaN,NaN,NaN,NaN,NaN
8,NaN,NaN,NaN,NaN,NaN,NaN,NaN,NaN
9,NaN,NaN,NaN,NaN,NaN,NaN,NaN,NaN
10,NaN,NaN,NaN,NaN,NaN,NaN,NaN,NaN
11,NaN,NaN,NaN,NaN,NaN,NaN,NaN,NaN
1,NaN,NaN,NaN,NaN,NaN,NaN,NaN,NaN
2,NaN,NaN,NaN,NaN,NaN,NaN,NaN,NaN
3,NaN,NaN,NaN,NaN,NaN,NaN,NaN,NaN
4,NaN,NaN,NaN,NaN,NaN,NaN,NaN,NaN
5,NaN,NaN,NaN,NaN,NaN,NaN,NaN,NaN
6,NaN,NaN,NaN,NaN,NaN,NaN,NaN,NaN
7,NaN,NaN,NaN,NaN,NaN,NaN,NaN,NaN
8,NaN,NaN,NaN,NaN,NaN,NaN,NaN,NaN
9,NaN,NaN,NaN,NaN,NaN,NaN,NaN,NaN
10,NaN,NaN,NaN,NaN,NaN,NaN,NaN,NaN
11,NaN,NaN,NaN,NaN,NaN,NaN,NaN,NaN
1,NaN,NaN,NaN,NaN,NaN,NaN,NaN,NaN
2,NaN,NaN,NaN,NaN,NaN,NaN,NaN,NaN
3,NaN,NaN,NaN,NaN,NaN,NaN,NaN,NaN
4,NaN,NaN,NaN,NaN,NaN,NaN,NaN,NaN
5,NaN,NaN,NaN,NaN,NaN,NaN,NaN,NaN
6,NaN,NaN,NaN,NaN,NaN,NaN,NaN,NaN
7,NaN,NaN,NaN,NaN,NaN,NaN,NaN,NaN
8,NaN,NaN,NaN,NaN,NaN,NaN,NaN,NaN
9,NaN,NaN,NaN,NaN,NaN,NaN,NaN,NaN
10,NaN,NaN,NaN,NaN,NaN,NaN,NaN,NaN
11,NaN,NaN,NaN,NaN,NaN,NaN,NaN,NaN
1,NaN,NaN,NaN,NaN,NaN,NaN,NaN,NaN
2,NaN,NaN,NaN,NaN,NaN,NaN,NaN,NaN
3,NaN,NaN,NaN,NaN,NaN,NaN,NaN,NaN
4,NaN,NaN,NaN,NaN,NaN,NaN,NaN,NaN
5,NaN,NaN,NaN,NaN,NaN,NaN,NaN,NaN
6,NaN,NaN,NaN,NaN,NaN,NaN,NaN,NaN
7,NaN,NaN,NaN,NaN,NaN,NaN,NaN,NaN
8,NaN,NaN,NaN,NaN,NaN,NaN,NaN,NaN
9,NaN,NaN,NaN,NaN,NaN,NaN,NaN,NaN
10,NaN,NaN,NaN,NaN,NaN,NaN,NaN,NaN
11,NaN,NaN,NaN,NaN,NaN,NaN,NaN,NaN
1,NaN,NaN,NaN,NaN,NaN,NaN,NaN,NaN
2,NaN,NaN,NaN,NaN,NaN,NaN,NaN,NaN
3,NaN,NaN,NaN,NaN,NaN,NaN,NaN,NaN
4,NaN,NaN,NaN,NaN,NaN,NaN,NaN,NaN
5,NaN,NaN,NaN,NaN,NaN,NaN,NaN,NaN
6,NaN,NaN,NaN,NaN,NaN,NaN,NaN,NaN
7,NaN,NaN,NaN,NaN,NaN,NaN,NaN,NaN
8,NaN,NaN,NaN,NaN,NaN,NaN,NaN,NaN
9,NaN,NaN,NaN,NaN,NaN,NaN,NaN,NaN
10,NaN,NaN,NaN,NaN,NaN,NaN,NaN,NaN
11,NaN,NaN,NaN,NaN,NaN,NaN,NaN,NaN
1,NaN,NaN,NaN,NaN,NaN,NaN,NaN,NaN
2,NaN,NaN,NaN,NaN,NaN,NaN,NaN,NaN
3,NaN,NaN,NaN,NaN,NaN,NaN,NaN,NaN
4,NaN,NaN,NaN,NaN,NaN,NaN,NaN,NaN
5,NaN,NaN,NaN,NaN,NaN,NaN,NaN,NaN
6,NaN,NaN,NaN,NaN,NaN,NaN,NaN,NaN
7,NaN,NaN,NaN,NaN,NaN,NaN,NaN,NaN
8,NaN,NaN,NaN,NaN,NaN,NaN,NaN,NaN
9,NaN,NaN,NaN,NaN,NaN,NaN,NaN,NaN
10,NaN,NaN,NaN,NaN,NaN,NaN,NaN,NaN
11,NaN,NaN,NaN,NaN,NaN,NaN,NaN,NaN
1,NaN,NaN,NaN,NaN,NaN,NaN,NaN,NaN
2,NaN,NaN,NaN,NaN,NaN,NaN,NaN,NaN
3,NaN,NaN,NaN,NaN,NaN,NaN,NaN,NaN
4,NaN,NaN,NaN,NaN,NaN,NaN,NaN,NaN
5,NaN,NaN,NaN,NaN,NaN,NaN,NaN,NaN
6,NaN,NaN,NaN,NaN,NaN,NaN,NaN,NaN
7,NaN,NaN,NaN,NaN,NaN,NaN,NaN,NaN
8,NaN,NaN,NaN,NaN,NaN,NaN,NaN,NaN
9,NaN,NaN,NaN,NaN,NaN,NaN,NaN,NaN
10,NaN,NaN,NaN,NaN,NaN,NaN,NaN,NaN
11,NaN,NaN,NaN,NaN,NaN,NaN,NaN,NaN
1,NaN,NaN,NaN,NaN,NaN,NaN,NaN,NaN
2,NaN,NaN,NaN,NaN,NaN,NaN,NaN,NaN
3,NaN,NaN,NaN,NaN,NaN,NaN,NaN,NaN
4,NaN,NaN,NaN,NaN,NaN,NaN,NaN,NaN
5,NaN,NaN,NaN,NaN,NaN,NaN,NaN,NaN
6,NaN,NaN,NaN,NaN,NaN,NaN,NaN,NaN
7,NaN,NaN,NaN,NaN,NaN,NaN,NaN,NaN
8,NaN,NaN,NaN,NaN,NaN,NaN,NaN,NaN
9,NaN,NaN,NaN,NaN,NaN,NaN,NaN,NaN
10,NaN,NaN,NaN,NaN,NaN,NaN,NaN,NaN
11,NaN,NaN,NaN,NaN,NaN,NaN,NaN,NaN
1,NaN,NaN,NaN,NaN,NaN,NaN,NaN,NaN
2,NaN,NaN,NaN,NaN,NaN,NaN,NaN,NaN
3,NaN,NaN,NaN,NaN,NaN,NaN,NaN,NaN
4,NaN,NaN,NaN,NaN,NaN,NaN,NaN,NaN
5,NaN,NaN,NaN,NaN,NaN,NaN,NaN,NaN
6,NaN,NaN,NaN,NaN,NaN,NaN,NaN,NaN
7,NaN,NaN,NaN,NaN,NaN,NaN,NaN,NaN
8,NaN,NaN,NaN,NaN,NaN,NaN,NaN,NaN
9,NaN,NaN,NaN,NaN,NaN,NaN,NaN,NaN
10,NaN,NaN,NaN,NaN,NaN,NaN,NaN,NaN
11,NaN,NaN,NaN,NaN,NaN,NaN,NaN,NaN
1,NaN,NaN,NaN,NaN,NaN,NaN,NaN,NaN
2,NaN,NaN,NaN,NaN,NaN,NaN,NaN,NaN
3,NaN,NaN,NaN,NaN,NaN,NaN,NaN,NaN
4,NaN,NaN,NaN,NaN,NaN,NaN,NaN,NaN
5,NaN,NaN,NaN,NaN,NaN,NaN,NaN,NaN
6,NaN,NaN,NaN,NaN,NaN,NaN,NaN,NaN
7,NaN,NaN,NaN,NaN,NaN,NaN,NaN,NaN
8,NaN,NaN,NaN,NaN,NaN,NaN,NaN,NaN
9,NaN,NaN,NaN,NaN,NaN,NaN,NaN,NaN
10,NaN,NaN,NaN,NaN,NaN,NaN,NaN,NaN
11,NaN,NaN,NaN,NaN,NaN,NaN,NaN,NaN
1,NaN,NaN,NaN,NaN,NaN,NaN,NaN,NaN
2,NaN,NaN,NaN,NaN,NaN,NaN,NaN,NaN
3,NaN,NaN,NaN,NaN,NaN,NaN,NaN,NaN
4,NaN,NaN,NaN,NaN,NaN,NaN,NaN,NaN
5,NaN,NaN,NaN,NaN,NaN,NaN,NaN,NaN
6,NaN,NaN,NaN,NaN,NaN,NaN,NaN,NaN
7,NaN,NaN,NaN,NaN,NaN,NaN,NaN,NaN
8,NaN,NaN,NaN,NaN,NaN,NaN,NaN,NaN
9,NaN,NaN,NaN,NaN,NaN,NaN,NaN,NaN
10,NaN,NaN,NaN,NaN,NaN,NaN,NaN,NaN
11,NaN,NaN,NaN,NaN,NaN,NaN,NaN,NaN
1,NaN,NaN,NaN,NaN,NaN,NaN,NaN,NaN
2,NaN,NaN,NaN,NaN,NaN,NaN,NaN,NaN
3,NaN,NaN,NaN,NaN,NaN,NaN,NaN,NaN
4,NaN,NaN,NaN,NaN,NaN,NaN,NaN,NaN
5,NaN,NaN,NaN,NaN,NaN,NaN,NaN,NaN
6,NaN,NaN,NaN,NaN,NaN,NaN,NaN,NaN
7,NaN,NaN,NaN,NaN,NaN,NaN,NaN,NaN
8,NaN,NaN,NaN,NaN,NaN,NaN,NaN,NaN
9,NaN,NaN,NaN,NaN,NaN,NaN,NaN,NaN
10,NaN,NaN,NaN,NaN,NaN,NaN,NaN,NaN
11,NaN,NaN,NaN,NaN,NaN,NaN,NaN,NaN
1,NaN,NaN,NaN,NaN,NaN,NaN,NaN,NaN
2,NaN,NaN,NaN,NaN,NaN,NaN,NaN,NaN
3,NaN,NaN,NaN,NaN,NaN,NaN,NaN,NaN
4,NaN,NaN,NaN,NaN,NaN,NaN,NaN,NaN
5,NaN,NaN,NaN,NaN,NaN,NaN,NaN,NaN
6,NaN,NaN,NaN,NaN,NaN,NaN,NaN,NaN
7,NaN,NaN,NaN,NaN,NaN,NaN,NaN,NaN
8,NaN,NaN,NaN,NaN,NaN,NaN,NaN,NaN
9,NaN,NaN,NaN,NaN,NaN,NaN,NaN,NaN
10,NaN,NaN,NaN,NaN,NaN,NaN,NaN,NaN
11,NaN,NaN,NaN,NaN,NaN,NaN,NaN,NaN
1,NaN,NaN,NaN,NaN,NaN,NaN,NaN,NaN
2,NaN,NaN,NaN,NaN,NaN,NaN,NaN,NaN
3,NaN,NaN,NaN,NaN,NaN,NaN,NaN,NaN
4,NaN,NaN,NaN,NaN,NaN,NaN,NaN,NaN
5,NaN,NaN,NaN,NaN,NaN,NaN,NaN,NaN
6,NaN,NaN,NaN,NaN,NaN,NaN,NaN,NaN
7,NaN,NaN,NaN,NaN,NaN,NaN,NaN,NaN
8,NaN,NaN,NaN,NaN,NaN,NaN,NaN,NaN
9,NaN,NaN,NaN,NaN,NaN,NaN,NaN,NaN
10,NaN,NaN,NaN,NaN,NaN,NaN,NaN,NaN
11,NaN,NaN,NaN,NaN,NaN,NaN,NaN,NaN
1,NaN,NaN,NaN,NaN,NaN,NaN,NaN,NaN
2,NaN,NaN,NaN,NaN,NaN,NaN,NaN,NaN
3,NaN,NaN,NaN,NaN,NaN,NaN,NaN,NaN
4,NaN,NaN,NaN,NaN,NaN,NaN,NaN,NaN
5,NaN,NaN,NaN,NaN,NaN,NaN,NaN,NaN
6,NaN,NaN,NaN,NaN,NaN,NaN,NaN,NaN
7,NaN,NaN,NaN,NaN,NaN,NaN,NaN,NaN
8,NaN,NaN,NaN,NaN,NaN,NaN,NaN,NaN
9,NaN,NaN,NaN,NaN,NaN,NaN,NaN,NaN
10,NaN,NaN,NaN,NaN,NaN,NaN,NaN,NaN
11,NaN,NaN,NaN,NaN,NaN,NaN,NaN,NaN
1,NaN,NaN,NaN,NaN,NaN,NaN,NaN,NaN
2,NaN,NaN,NaN,NaN,NaN,NaN,NaN,NaN
3,NaN,NaN,NaN,NaN,NaN,NaN,NaN,NaN
4,NaN,NaN,NaN,NaN,NaN,NaN,NaN,NaN
5,NaN,NaN,NaN,NaN,NaN,NaN,NaN,NaN
6,NaN,NaN,NaN,NaN,NaN,NaN,NaN,NaN
7,NaN,NaN,NaN,NaN,NaN,NaN,NaN,NaN
8,NaN,NaN,NaN,NaN,NaN,NaN,NaN,NaN
9,NaN,NaN,NaN,NaN,NaN,NaN,NaN,NaN
10,NaN,NaN,NaN,NaN,NaN,NaN,NaN,NaN
11,NaN,NaN,NaN,NaN,NaN,NaN,NaN,NaN
1,NaN,NaN,NaN,NaN,NaN,NaN,NaN,NaN
2,NaN,NaN,NaN,NaN,NaN,NaN,NaN,NaN
3,NaN,NaN,NaN,NaN,NaN,NaN,NaN,NaN
4,NaN,NaN,NaN,NaN,NaN,NaN,NaN,NaN
5,NaN,NaN,NaN,NaN,NaN,NaN,NaN,NaN
6,NaN,NaN,NaN,NaN,NaN,NaN,NaN,NaN
7,NaN,NaN,NaN,NaN,NaN,NaN,NaN,NaN
8,NaN,NaN,NaN,NaN,NaN,NaN,NaN,NaN
9,NaN,NaN,NaN,NaN,NaN,NaN,NaN,NaN
10,NaN,NaN,NaN,NaN,NaN,NaN,NaN,NaN
11,NaN,NaN,NaN,NaN,NaN,NaN,NaN,NaN
1,NaN,NaN,NaN,NaN,NaN,NaN,NaN,NaN
2,NaN,NaN,NaN,NaN,NaN,NaN,NaN,NaN
3,NaN,NaN,NaN,NaN,NaN,NaN,NaN,NaN
4,NaN,NaN,NaN,NaN,NaN,NaN,NaN,NaN
5,NaN,NaN,NaN,NaN,NaN,NaN,NaN,NaN
6,NaN,NaN,NaN,NaN,NaN,NaN,NaN,NaN
7,NaN,NaN,NaN,NaN,NaN,NaN,NaN,NaN
8,NaN,NaN,NaN,NaN,NaN,NaN,NaN,NaN
9,NaN,NaN,NaN,NaN,NaN,NaN,NaN,NaN
10,NaN,NaN,NaN,NaN,NaN,NaN,NaN,NaN
11,NaN,NaN,NaN,NaN,NaN,NaN,NaN,NaN
1,NaN,NaN,NaN,NaN,NaN,NaN,NaN,NaN
2,NaN,NaN,NaN,NaN,NaN,NaN,NaN,NaN
3,NaN,NaN,NaN,NaN,NaN,NaN,NaN,NaN
4,NaN,NaN,NaN,NaN,NaN,NaN,NaN,NaN
5,NaN,NaN,NaN,NaN,NaN,NaN,NaN,NaN
6,NaN,NaN,NaN,NaN,NaN,NaN,NaN,NaN
7,NaN,NaN,NaN,NaN,NaN,NaN,NaN,NaN
8,NaN,NaN,NaN,NaN,NaN,NaN,NaN,NaN
9,NaN,NaN,NaN,NaN,NaN,NaN,NaN,NaN
10,NaN,NaN,NaN,NaN,NaN,NaN,NaN,NaN
11,NaN,NaN,NaN,NaN,NaN,NaN,NaN,NaN
1,NaN,NaN,NaN,NaN,NaN,NaN,NaN,NaN
2,NaN,NaN,NaN,NaN,NaN,NaN,NaN,NaN
3,NaN,NaN,NaN,NaN,NaN,NaN,NaN,NaN
4,NaN,NaN,NaN,NaN,NaN,NaN,NaN,NaN
5,NaN,NaN,NaN,NaN,NaN,NaN,NaN,NaN
6,NaN,NaN,NaN,NaN,NaN,NaN,NaN,NaN
7,NaN,NaN,NaN,NaN,NaN,NaN,NaN,NaN
8,NaN,NaN,NaN,NaN,NaN,NaN,NaN,NaN
9,NaN,NaN,NaN,NaN,NaN,NaN,NaN,NaN
10,NaN,NaN,NaN,NaN,NaN,NaN,NaN,NaN
11,NaN,NaN,NaN,NaN,NaN,NaN,NaN,NaN
1,NaN,NaN,NaN,NaN,NaN,NaN,NaN,NaN
2,NaN,NaN,NaN,NaN,NaN,NaN,NaN,NaN
3,NaN,NaN,NaN,NaN,NaN,NaN,NaN,NaN
4,NaN,NaN,NaN,NaN,NaN,NaN,NaN,NaN
5,NaN,NaN,NaN,NaN,NaN,NaN,NaN,NaN
6,NaN,NaN,NaN,NaN,NaN,NaN,NaN,NaN
7,NaN,NaN,NaN,NaN,NaN,NaN,NaN,NaN
8,NaN,NaN,NaN,NaN,NaN,NaN,NaN,NaN
9,NaN,NaN,NaN,NaN,NaN,NaN,NaN,NaN
10,NaN,NaN,NaN,NaN,NaN,NaN,NaN,NaN
11,NaN,NaN,NaN,NaN,NaN,NaN,NaN,NaN
1,NaN,NaN,NaN,NaN,NaN,NaN,NaN,NaN
2,NaN,NaN,NaN,NaN,NaN,NaN,NaN,NaN
3,NaN,NaN,NaN,NaN,NaN,NaN,NaN,NaN
4,NaN,NaN,NaN,NaN,NaN,NaN,NaN,NaN
5,NaN,NaN,NaN,NaN,NaN,NaN,NaN,NaN
6,NaN,NaN,NaN,NaN,NaN,NaN,NaN,NaN
7,NaN,NaN,NaN,NaN,NaN,NaN,NaN,NaN
8,NaN,NaN,NaN,NaN,NaN,NaN,NaN,NaN
9,NaN,NaN,NaN,NaN,NaN,NaN,NaN,NaN
10,NaN,NaN,NaN,NaN,NaN,NaN,NaN,NaN
11,NaN,NaN,NaN,NaN,NaN,NaN,NaN,NaN
1,NaN,NaN,NaN,NaN,NaN,NaN,NaN,NaN
2,NaN,NaN,NaN,NaN,NaN,NaN,NaN,NaN
3,NaN,NaN,NaN,NaN,NaN,NaN,NaN,NaN
4,NaN,NaN,NaN,NaN,NaN,NaN,NaN,NaN
5,NaN,NaN,NaN,NaN,NaN,NaN,NaN,NaN
6,NaN,NaN,NaN,NaN,NaN,NaN,NaN,NaN
7,NaN,NaN,NaN,NaN,NaN,NaN,NaN,NaN
8,NaN,NaN,NaN,NaN,NaN,NaN,NaN,NaN
9,NaN,NaN,NaN,NaN,NaN,NaN,NaN,NaN
10,NaN,NaN,NaN,NaN,NaN,NaN,NaN,NaN
11,NaN,NaN,NaN,NaN,NaN,NaN,NaN,NaN
1,NaN,NaN,NaN,NaN,NaN,NaN,NaN,NaN
2,NaN,NaN,NaN,NaN,NaN,NaN,NaN,NaN
3,NaN,NaN,NaN,NaN,NaN,NaN,NaN,NaN
4,NaN,NaN,NaN,NaN,NaN,NaN,NaN,NaN
5,NaN,NaN,NaN,NaN,NaN,NaN,NaN,NaN
6,NaN,NaN,NaN,NaN,NaN,NaN,NaN,NaN
7,NaN,NaN,NaN,NaN,NaN,NaN,NaN,NaN
8,NaN,NaN,NaN,NaN,NaN,NaN,NaN,NaN
9,NaN,NaN,NaN,NaN,NaN,NaN,NaN,NaN
10,NaN,NaN,NaN,NaN,NaN,NaN,NaN,NaN
11,NaN,NaN,NaN,NaN,NaN,NaN,NaN,NaN
1,NaN,NaN,NaN,NaN,NaN,NaN,NaN,NaN
2,NaN,NaN,NaN,NaN,NaN,NaN,NaN,NaN
3,NaN,NaN,NaN,NaN,NaN,NaN,NaN,NaN
4,NaN,NaN,NaN,NaN,NaN,NaN,NaN,NaN
5,NaN,NaN,NaN,NaN,NaN,NaN,NaN,NaN
6,NaN,NaN,NaN,NaN,NaN,NaN,NaN,NaN
7,NaN,NaN,NaN,NaN,NaN,NaN,NaN,NaN
8,NaN,NaN,NaN,NaN,NaN,NaN,NaN,NaN
9,NaN,NaN,NaN,NaN,NaN,NaN,NaN,NaN
10,NaN,NaN,NaN,NaN,NaN,NaN,NaN,NaN
11,NaN,NaN,NaN,NaN,NaN,NaN,NaN,NaN
1,NaN,NaN,NaN,NaN,NaN,NaN,NaN,NaN
2,NaN,NaN,NaN,NaN,NaN,NaN,NaN,NaN
3,NaN,NaN,NaN,NaN,NaN,NaN,NaN,NaN
4,NaN,NaN,NaN,NaN,NaN,NaN,NaN,NaN
5,NaN,NaN,NaN,NaN,NaN,NaN,NaN,NaN
6,NaN,NaN,NaN,NaN,NaN,NaN,NaN,NaN
7,NaN,NaN,NaN,NaN,NaN,NaN,NaN,NaN
8,NaN,NaN,NaN,NaN,NaN,NaN,NaN,NaN
9,NaN,NaN,NaN,NaN,NaN,NaN,NaN,NaN
10,NaN,NaN,NaN,NaN,NaN,NaN,NaN,NaN
11,NaN,NaN,NaN,NaN,NaN,NaN,NaN,NaN
1,NaN,NaN,NaN,NaN,NaN,NaN,NaN,NaN
2,NaN,NaN,NaN,NaN,NaN,NaN,NaN,NaN
3,NaN,NaN,NaN,NaN,NaN,NaN,NaN,NaN
4,NaN,NaN,NaN,NaN,NaN,NaN,NaN,NaN
5,NaN,NaN,NaN,NaN,NaN,NaN,NaN,NaN
6,NaN,NaN,NaN,NaN,NaN,NaN,NaN,NaN
7,NaN,NaN,NaN,NaN,NaN,NaN,NaN,NaN
8,NaN,NaN,NaN,NaN,NaN,NaN,NaN,NaN
9,NaN,NaN,NaN,NaN,NaN,NaN,NaN,NaN
10,NaN,NaN,NaN,NaN,NaN,NaN,NaN,NaN
11,NaN,NaN,NaN,NaN,NaN,NaN,NaN,NaN
1,NaN,NaN,NaN,NaN,NaN,NaN,NaN,NaN
2,NaN,NaN,NaN,NaN,NaN,NaN,NaN,NaN
3,NaN,NaN,NaN,NaN,NaN,NaN,NaN,NaN
4,NaN,NaN,NaN,NaN,NaN,NaN,NaN,NaN
5,NaN,NaN,NaN,NaN,NaN,NaN,NaN,NaN
6,NaN,NaN,NaN,NaN,NaN,NaN,NaN,NaN
7,NaN,NaN,NaN,NaN,NaN,NaN,NaN,NaN
8,NaN,NaN,NaN,NaN,NaN,NaN,NaN,NaN
9,NaN,NaN,NaN,NaN,NaN,NaN,NaN,NaN
10,NaN,NaN,NaN,NaN,NaN,NaN,NaN,NaN
11,NaN,NaN,NaN,NaN,NaN,NaN,NaN,NaN
1,NaN,NaN,NaN,NaN,NaN,NaN,NaN,NaN
2,NaN,NaN,NaN,NaN,NaN,NaN,NaN,NaN
3,NaN,NaN,NaN,NaN,NaN,NaN,NaN,NaN
4,NaN,NaN,NaN,NaN,NaN,NaN,NaN,NaN
5,NaN,NaN,NaN,NaN,NaN,NaN,NaN,NaN
6,NaN,NaN,NaN,NaN,NaN,NaN,NaN,NaN
7,NaN,NaN,NaN,NaN,NaN,NaN,NaN,NaN
8,NaN,NaN,NaN,NaN,NaN,NaN,NaN,NaN
9,NaN,NaN,NaN,NaN,NaN,NaN,NaN,NaN
10,NaN,NaN,NaN,NaN,NaN,NaN,NaN,NaN
11,NaN,NaN,NaN,NaN,NaN,NaN,NaN,NaN
1,NaN,NaN,NaN,NaN,NaN,NaN,NaN,NaN
2,NaN,NaN,NaN,NaN,NaN,NaN,NaN,NaN
3,NaN,NaN,NaN,NaN,NaN,NaN,NaN,NaN
4,NaN,NaN,NaN,NaN,NaN,NaN,NaN,NaN
5,NaN,NaN,NaN,NaN,NaN,NaN,NaN,NaN
6,NaN,NaN,NaN,NaN,NaN,NaN,NaN,NaN
7,NaN,NaN,NaN,NaN,NaN,NaN,NaN,NaN
8,NaN,NaN,NaN,NaN,NaN,NaN,NaN,NaN
9,NaN,NaN,NaN,NaN,NaN,NaN,NaN,NaN
10,NaN,NaN,NaN,NaN,NaN,NaN,NaN,NaN
11,NaN,NaN,NaN,NaN,NaN,NaN,NaN,NaN
1,NaN,NaN,NaN,NaN,NaN,NaN,NaN,NaN
2,NaN,NaN,NaN,NaN,NaN,NaN,NaN,NaN
3,NaN,NaN,NaN,NaN,NaN,NaN,NaN,NaN
4,NaN,NaN,NaN,NaN,NaN,NaN,NaN,NaN
5,NaN,NaN,NaN,NaN,NaN,NaN,NaN,NaN
6,NaN,NaN,NaN,NaN,NaN,NaN,NaN,NaN
7,NaN,NaN,NaN,NaN,NaN,NaN,NaN,NaN
8,NaN,NaN,NaN,NaN,NaN,NaN,NaN,NaN
9,NaN,NaN,NaN,NaN,NaN,NaN,NaN,NaN
10,NaN,NaN,NaN,NaN,NaN,NaN,NaN,NaN
11,NaN,NaN,NaN,NaN,NaN,NaN,NaN,NaN
1,NaN,NaN,NaN,NaN,NaN,NaN,NaN,NaN
2,NaN,NaN,NaN,NaN,NaN,NaN,NaN,NaN
3,NaN,NaN,NaN,NaN,NaN,NaN,NaN,NaN
4,NaN,NaN,NaN,NaN,NaN,NaN,NaN,NaN
5,NaN,NaN,NaN,NaN,NaN,NaN,NaN,NaN
6,NaN,NaN,NaN,NaN,NaN,NaN,NaN,NaN
7,NaN,NaN,NaN,NaN,NaN,NaN,NaN,NaN
8,NaN,NaN,NaN,NaN,NaN,NaN,NaN,NaN
9,NaN,NaN,NaN,NaN,NaN,NaN,NaN,NaN
10,NaN,NaN,NaN,NaN,NaN,NaN,NaN,NaN
11,NaN,NaN,NaN,NaN,NaN,NaN,NaN,NaN
1,NaN,NaN,NaN,NaN,NaN,NaN,NaN,NaN
2,NaN,NaN,NaN,NaN,NaN,NaN,NaN,NaN
3,NaN,NaN,NaN,NaN,NaN,NaN,NaN,NaN
4,NaN,NaN,NaN,NaN,NaN,NaN,NaN,NaN
5,NaN,NaN,NaN,NaN,NaN,NaN,NaN,NaN
6,NaN,NaN,NaN,NaN,NaN,NaN,NaN,NaN
7,NaN,NaN,NaN,NaN,NaN,NaN,NaN,NaN
8,NaN,NaN,NaN,NaN,NaN,NaN,NaN,NaN
9,NaN,NaN,NaN,NaN,NaN,NaN,NaN,NaN
10,NaN,NaN,NaN,NaN,NaN,NaN,NaN,NaN
11,NaN,NaN,NaN,NaN,NaN,NaN,NaN,NaN
1,NaN,NaN,NaN,NaN,NaN,NaN,NaN,NaN
2,NaN,NaN,NaN,NaN,NaN,NaN,NaN,NaN
3,NaN,NaN,NaN,NaN,NaN,NaN,NaN,NaN
4,NaN,NaN,NaN,NaN,NaN,NaN,NaN,NaN
5,NaN,NaN,NaN,NaN,NaN,NaN,NaN,NaN
6,NaN,NaN,NaN,NaN,NaN,NaN,NaN,NaN
7,NaN,NaN,NaN,NaN,NaN,NaN,NaN,NaN
8,NaN,NaN,NaN,NaN,NaN,NaN,NaN,NaN
9,NaN,NaN,NaN,NaN,NaN,NaN,NaN,NaN
10,NaN,NaN,NaN,NaN,NaN,NaN,NaN,NaN
11,NaN,NaN,NaN,NaN,NaN,NaN,NaN,NaN
1,NaN,NaN,NaN,NaN,NaN,NaN,NaN,NaN
2,NaN,NaN,NaN,NaN,NaN,NaN,NaN,NaN
3,NaN,NaN,NaN,NaN,NaN,NaN,NaN,NaN
4,NaN,NaN,NaN,NaN,NaN,NaN,NaN,NaN
5,NaN,NaN,NaN,NaN,NaN,NaN,NaN,NaN
6,NaN,NaN,NaN,NaN,NaN,NaN,NaN,NaN
7,NaN,NaN,NaN,NaN,NaN,NaN,NaN,NaN
8,NaN,NaN,NaN,NaN,NaN,NaN,NaN,NaN
9,NaN,NaN,NaN,NaN,NaN,NaN,NaN,NaN
10,NaN,NaN,NaN,NaN,NaN,NaN,NaN,NaN
11,NaN,NaN,NaN,NaN,NaN,NaN,NaN,NaN
1,NaN,NaN,NaN,NaN,NaN,NaN,NaN,NaN
2,NaN,NaN,NaN,NaN,NaN,NaN,NaN,NaN
3,NaN,NaN,NaN,NaN,NaN,NaN,NaN,NaN
4,NaN,NaN,NaN,NaN,NaN,NaN,NaN,NaN
5,NaN,NaN,NaN,NaN,NaN,NaN,NaN,NaN
6,NaN,NaN,NaN,NaN,NaN,NaN,NaN,NaN
7,NaN,NaN,NaN,NaN,NaN,NaN,NaN,NaN
8,NaN,NaN,NaN,NaN,NaN,NaN,NaN,NaN
9,NaN,NaN,NaN,NaN,NaN,NaN,NaN,NaN
10,NaN,NaN,NaN,NaN,NaN,NaN,NaN,NaN
11,NaN,NaN,NaN,NaN,NaN,NaN,NaN,NaN
1,NaN,NaN,NaN,NaN,NaN,NaN,NaN,NaN
2,NaN,NaN,NaN,NaN,NaN,NaN,NaN,NaN
3,NaN,NaN,NaN,NaN,NaN,NaN,NaN,NaN
4,NaN,NaN,NaN,NaN,NaN,NaN,NaN,NaN
5,NaN,NaN,NaN,NaN,NaN,NaN,NaN,NaN
6,NaN,NaN,NaN,NaN,NaN,NaN,NaN,NaN
7,NaN,NaN,NaN,NaN,NaN,NaN,NaN,NaN
8,NaN,NaN,NaN,NaN,NaN,NaN,NaN,NaN
9,NaN,NaN,NaN,NaN,NaN,NaN,NaN,NaN
10,NaN,NaN,NaN,NaN,NaN,NaN,NaN,NaN
11,NaN,NaN,NaN,NaN,NaN,NaN,NaN,NaN
1,NaN,NaN,NaN,NaN,NaN,NaN,NaN,NaN
2,NaN,NaN,NaN,NaN,NaN,NaN,NaN,NaN
3,NaN,NaN,NaN,NaN,NaN,NaN,NaN,NaN
4,NaN,NaN,NaN,NaN,NaN,NaN,NaN,NaN
5,NaN,NaN,NaN,NaN,NaN,NaN,NaN,NaN
6,NaN,NaN,NaN,NaN,NaN,NaN,NaN,NaN
7,NaN,NaN,NaN,NaN,NaN,NaN,NaN,NaN
8,NaN,NaN,NaN,NaN,NaN,NaN,NaN,NaN
9,NaN,NaN,NaN,NaN,NaN,NaN,NaN,NaN
10,NaN,NaN,NaN,NaN,NaN,NaN,NaN,NaN
11,NaN,NaN,NaN,NaN,NaN,NaN,NaN,NaN
1,NaN,NaN,NaN,NaN,NaN,NaN,NaN,NaN
2,NaN,NaN,NaN,NaN,NaN,NaN,NaN,NaN
3,NaN,NaN,NaN,NaN,NaN,NaN,NaN,NaN
4,NaN,NaN,NaN,NaN,NaN,NaN,NaN,NaN
5,NaN,NaN,NaN,NaN,NaN,NaN,NaN,NaN
6,NaN,NaN,NaN,NaN,NaN,NaN,NaN,NaN
7,NaN,NaN,NaN,NaN,NaN,NaN,NaN,NaN
8,NaN,NaN,NaN,NaN,NaN,NaN,NaN,NaN
9,NaN,NaN,NaN,NaN,NaN,NaN,NaN,NaN
10,NaN,NaN,NaN,NaN,NaN,NaN,NaN,NaN
11,NaN,NaN,NaN,NaN,NaN,NaN,NaN,NaN
1,NaN,NaN,NaN,NaN,NaN,NaN,NaN,NaN
2,NaN,NaN,NaN,NaN,NaN,NaN,NaN,NaN
3,NaN,NaN,NaN,NaN,NaN,NaN,NaN,NaN
4,NaN,NaN,NaN,NaN,NaN,NaN,NaN,NaN
5,NaN,NaN,NaN,NaN,NaN,NaN,NaN,NaN
6,NaN,NaN,NaN,NaN,NaN,NaN,NaN,NaN
7,NaN,NaN,NaN,NaN,NaN,NaN,NaN,NaN
8,NaN,NaN,NaN,NaN,NaN,NaN,NaN,NaN
9,NaN,NaN,NaN,NaN,NaN,NaN,NaN,NaN
10,NaN,NaN,NaN,NaN,NaN,NaN,NaN,NaN
11,NaN,NaN,NaN,NaN,NaN,NaN,NaN,NaN
1,NaN,NaN,NaN,NaN,NaN,NaN,NaN,NaN
2,NaN,NaN,NaN,NaN,NaN,NaN,NaN,NaN
3,NaN,NaN,NaN,NaN,NaN,NaN,NaN,NaN
4,NaN,NaN,NaN,NaN,NaN,NaN,NaN,NaN
5,NaN,NaN,NaN,NaN,NaN,NaN,NaN,NaN
6,NaN,NaN,NaN,NaN,NaN,NaN,NaN,NaN
7,NaN,NaN,NaN,NaN,NaN,NaN,NaN,NaN
8,NaN,NaN,NaN,NaN,NaN,NaN,NaN,NaN
9,NaN,NaN,NaN,NaN,NaN,NaN,NaN,NaN
10,NaN,NaN,NaN,NaN,NaN,NaN,NaN,NaN
11,NaN,NaN,NaN,NaN,NaN,NaN,NaN,NaN
1,NaN,NaN,NaN,NaN,NaN,NaN,NaN,NaN
2,NaN,NaN,NaN,NaN,NaN,NaN,NaN,NaN
3,NaN,NaN,NaN,NaN,NaN,NaN,NaN,NaN
4,NaN,NaN,NaN,NaN,NaN,NaN,NaN,NaN
5,NaN,NaN,NaN,NaN,NaN,NaN,NaN,NaN
6,NaN,NaN,NaN,NaN,NaN,NaN,NaN,NaN
7,NaN,NaN,NaN,NaN,NaN,NaN,NaN,NaN
8,NaN,NaN,NaN,NaN,NaN,NaN,NaN,NaN
9,NaN,NaN,NaN,NaN,NaN,NaN,NaN,NaN
10,NaN,NaN,NaN,NaN,NaN,NaN,NaN,NaN
11,NaN,NaN,NaN,NaN,NaN,NaN,NaN,NaN
1,NaN,NaN,NaN,NaN,NaN,NaN,NaN,NaN
2,NaN,NaN,NaN,NaN,NaN,NaN,NaN,NaN
3,NaN,NaN,NaN,NaN,NaN,NaN,NaN,NaN
4,NaN,NaN,NaN,NaN,NaN,NaN,NaN,NaN
5,NaN,NaN,NaN,NaN,NaN,NaN,NaN,NaN
6,NaN,NaN,NaN,NaN,NaN,NaN,NaN,NaN
7,NaN,NaN,NaN,NaN,NaN,NaN,NaN,NaN
8,NaN,NaN,NaN,NaN,NaN,NaN,NaN,NaN
9,NaN,NaN,NaN,NaN,NaN,NaN,NaN,NaN
10,NaN,NaN,NaN,NaN,NaN,NaN,NaN,NaN
11,NaN,NaN,NaN,NaN,NaN,NaN,NaN,NaN
1,NaN,NaN,NaN,NaN,NaN,NaN,NaN,NaN
2,NaN,NaN,NaN,NaN,NaN,NaN,NaN,NaN
3,NaN,NaN,NaN,NaN,NaN,NaN,NaN,NaN
4,NaN,NaN,NaN,NaN,NaN,NaN,NaN,NaN
5,NaN,NaN,NaN,NaN,NaN,NaN,NaN,NaN
6,NaN,NaN,NaN,NaN,NaN,NaN,NaN,NaN
7,NaN,NaN,NaN,NaN,NaN,NaN,NaN,NaN
8,NaN,NaN,NaN,NaN,NaN,NaN,NaN,NaN
9,NaN,NaN,NaN,NaN,NaN,NaN,NaN,NaN
10,NaN,NaN,NaN,NaN,NaN,NaN,NaN,NaN
11,NaN,NaN,NaN,NaN,NaN,NaN,NaN,NaN
1,NaN,NaN,NaN,NaN,NaN,NaN,NaN,NaN
2,NaN,NaN,NaN,NaN,NaN,NaN,NaN,NaN
3,NaN,NaN,NaN,NaN,NaN,NaN,NaN,NaN
4,NaN,NaN,NaN,NaN,NaN,NaN,NaN,NaN
5,NaN,NaN,NaN,NaN,NaN,NaN,NaN,NaN
6,NaN,NaN,NaN,NaN,NaN,NaN,NaN,NaN
7,NaN,NaN,NaN,NaN,NaN,NaN,NaN,NaN
8,NaN,NaN,NaN,NaN,NaN,NaN,NaN,NaN
9,NaN,NaN,NaN,NaN,NaN,NaN,NaN,NaN
10,NaN,NaN,NaN,NaN,NaN,NaN,NaN,NaN
11,NaN,NaN,NaN,NaN,NaN,NaN,NaN,NaN
1,NaN,NaN,NaN,NaN,NaN,NaN,NaN,NaN
2,NaN,NaN,NaN,NaN,NaN,NaN,NaN,NaN
3,NaN,NaN,NaN,NaN,NaN,NaN,NaN,NaN
4,NaN,NaN,NaN,NaN,NaN,NaN,NaN,NaN
5,NaN,NaN,NaN,NaN,NaN,NaN,NaN,NaN
6,NaN,NaN,NaN,NaN,NaN,NaN,NaN,NaN
7,NaN,NaN,NaN,NaN,NaN,NaN,NaN,NaN
8,NaN,NaN,NaN,NaN,NaN,NaN,NaN,NaN
9,NaN,NaN,NaN,NaN,NaN,NaN,NaN,NaN
10,NaN,NaN,NaN,NaN,NaN,NaN,NaN,NaN
11,NaN,NaN,NaN,NaN,NaN,NaN,NaN,NaN
1,NaN,NaN,NaN,NaN,NaN,NaN,NaN,NaN
2,NaN,NaN,NaN,NaN,NaN,NaN,NaN,NaN
3,NaN,NaN,NaN,NaN,NaN,NaN,NaN,NaN
4,NaN,NaN,NaN,NaN,NaN,NaN,NaN,NaN
5,NaN,NaN,NaN,NaN,NaN,NaN,NaN,NaN
6,NaN,NaN,NaN,NaN,NaN,NaN,NaN,NaN
7,NaN,NaN,NaN,NaN,NaN,NaN,NaN,NaN
8,NaN,NaN,NaN,NaN,NaN,NaN,NaN,NaN
9,NaN,NaN,NaN,NaN,NaN,NaN,NaN,NaN
10,NaN,NaN,NaN,NaN,NaN,NaN,NaN,NaN
11,NaN,NaN,NaN,NaN,NaN,NaN,NaN,NaN
1,NaN,NaN,NaN,NaN,NaN,NaN,NaN,NaN
2,NaN,NaN,NaN,NaN,NaN,NaN,NaN,NaN
3,NaN,NaN,NaN,NaN,NaN,NaN,NaN,NaN
4,NaN,NaN,NaN,NaN,NaN,NaN,NaN,NaN
5,NaN,NaN,NaN,NaN,NaN,NaN,NaN,NaN
6,NaN,NaN,NaN,NaN,NaN,NaN,NaN,NaN
7,NaN,NaN,NaN,NaN,NaN,NaN,NaN,NaN
8,NaN,NaN,NaN,NaN,NaN,NaN,NaN,NaN
9,NaN,NaN,NaN,NaN,NaN,NaN,NaN,NaN
10,NaN,NaN,NaN,NaN,NaN,NaN,NaN,NaN
11,NaN,NaN,NaN,NaN,NaN,NaN,NaN,NaN
1,NaN,NaN,NaN,NaN,NaN,NaN,NaN,NaN
2,NaN,NaN,NaN,NaN,NaN,NaN,NaN,NaN
3,NaN,NaN,NaN,NaN,NaN,NaN,NaN,NaN
4,NaN,NaN,NaN,NaN,NaN,NaN,NaN,NaN
5,NaN,NaN,NaN,NaN,NaN,NaN,NaN,NaN
6,NaN,NaN,NaN,NaN,NaN,NaN,NaN,NaN
7,NaN,NaN,NaN,NaN,NaN,NaN,NaN,NaN
8,NaN,NaN,NaN,NaN,NaN,NaN,NaN,NaN
9,NaN,NaN,NaN,NaN,NaN,NaN,NaN,NaN
10,NaN,NaN,NaN,NaN,NaN,NaN,NaN,NaN
11,NaN,NaN,NaN,NaN,NaN,NaN,NaN,NaN
1,NaN,NaN,NaN,NaN,NaN,NaN,NaN,NaN
2,NaN,NaN,NaN,NaN,NaN,NaN,NaN,NaN
3,NaN,NaN,NaN,NaN,NaN,NaN,NaN,NaN
4,NaN,NaN,NaN,NaN,NaN,NaN,NaN,NaN
5,NaN,NaN,NaN,NaN,NaN,NaN,NaN,NaN
6,NaN,NaN,NaN,NaN,NaN,NaN,NaN,NaN
7,NaN,NaN,NaN,NaN,NaN,NaN,NaN,NaN
8,NaN,NaN,NaN,NaN,NaN,NaN,NaN,NaN
9,NaN,NaN,NaN,NaN,NaN,NaN,NaN,NaN
10,NaN,NaN,NaN,NaN,NaN,NaN,NaN,NaN
11,NaN,NaN,NaN,NaN,NaN,NaN,NaN,NaN
1,NaN,NaN,NaN,NaN,NaN,NaN,NaN,NaN
2,NaN,NaN,NaN,NaN,NaN,NaN,NaN,NaN
3,NaN,NaN,NaN,NaN,NaN,NaN,NaN,NaN
4,NaN,NaN,NaN,NaN,NaN,NaN,NaN,NaN
5,NaN,NaN,NaN,NaN,NaN,NaN,NaN,NaN
6,NaN,NaN,NaN,NaN,NaN,NaN,NaN,NaN
7,NaN,NaN,NaN,NaN,NaN,NaN,NaN,NaN
8,NaN,NaN,NaN,NaN,NaN,NaN,NaN,NaN
9,NaN,NaN,NaN,NaN,NaN,NaN,NaN,NaN
10,NaN,NaN,NaN,NaN,NaN,NaN,NaN,NaN
11,NaN,NaN,NaN,NaN,NaN,NaN,NaN,NaN
1,NaN,NaN,NaN,NaN,NaN,NaN,NaN,NaN
2,NaN,NaN,NaN,NaN,NaN,NaN,NaN,NaN
3,NaN,NaN,NaN,NaN,NaN,NaN,NaN,NaN
4,NaN,NaN,NaN,NaN,NaN,NaN,NaN,NaN
5,NaN,NaN,NaN,NaN,NaN,NaN,NaN,NaN
6,NaN,NaN,NaN,NaN,NaN,NaN,NaN,NaN
7,NaN,NaN,NaN,NaN,NaN,NaN,NaN,NaN
8,NaN,NaN,NaN,NaN,NaN,NaN,NaN,NaN
9,NaN,NaN,NaN,NaN,NaN,NaN,NaN,NaN
10,NaN,NaN,NaN,NaN,NaN,NaN,NaN,NaN
11,NaN,NaN,NaN,NaN,NaN,NaN,NaN,NaN
1,NaN,NaN,NaN,NaN,NaN,NaN,NaN,NaN
2,NaN,NaN,NaN,NaN,NaN,NaN,NaN,NaN
3,NaN,NaN,NaN,NaN,NaN,NaN,NaN,NaN
4,NaN,NaN,NaN,NaN,NaN,NaN,NaN,NaN
5,NaN,NaN,NaN,NaN,NaN,NaN,NaN,NaN
6,NaN,NaN,NaN,NaN,NaN,NaN,NaN,NaN
7,NaN,NaN,NaN,NaN,NaN,NaN,NaN,NaN
8,NaN,NaN,NaN,NaN,NaN,NaN,NaN,NaN
9,NaN,NaN,NaN,NaN,NaN,NaN,NaN,NaN
10,NaN,NaN,NaN,NaN,NaN,NaN,NaN,NaN
11,NaN,NaN,NaN,NaN,NaN,NaN,NaN,NaN
1,NaN,NaN,NaN,NaN,NaN,NaN,NaN,NaN
2,NaN,NaN,NaN,NaN,NaN,NaN,NaN,NaN
3,NaN,NaN,NaN,NaN,NaN,NaN,NaN,NaN
4,NaN,NaN,NaN,NaN,NaN,NaN,NaN,NaN
5,NaN,NaN,NaN,NaN,NaN,NaN,NaN,NaN
6,NaN,NaN,NaN,NaN,NaN,NaN,NaN,NaN
7,NaN,NaN,NaN,NaN,NaN,NaN,NaN,NaN
8,NaN,NaN,NaN,NaN,NaN,NaN,NaN,NaN
9,NaN,NaN,NaN,NaN,NaN,NaN,NaN,NaN
10,NaN,NaN,NaN,NaN,NaN,NaN,NaN,NaN
11,NaN,NaN,NaN,NaN,NaN,NaN,NaN,NaN
1,NaN,NaN,NaN,NaN,NaN,NaN,NaN,NaN
2,NaN,NaN,NaN,NaN,NaN,NaN,NaN,NaN
3,NaN,NaN,NaN,NaN,NaN,NaN,NaN,NaN
4,NaN,NaN,NaN,NaN,NaN,NaN,NaN,NaN
5,NaN,NaN,NaN,NaN,NaN,NaN,NaN,NaN
6,NaN,NaN,NaN,NaN,NaN,NaN,NaN,NaN
7,NaN,NaN,NaN,NaN,NaN,NaN,NaN,NaN
8,NaN,NaN,NaN,NaN,NaN,NaN,NaN,NaN
9,NaN,NaN,NaN,NaN,NaN,NaN,NaN,NaN
10,NaN,NaN,NaN,NaN,NaN,NaN,NaN,NaN
11,NaN,NaN,NaN,NaN,NaN,NaN,NaN,NaN
1,NaN,NaN,NaN,NaN,NaN,NaN,NaN,NaN
2,NaN,NaN,NaN,NaN,NaN,NaN,NaN,NaN
3,NaN,NaN,NaN,NaN,NaN,NaN,NaN,NaN
4,NaN,NaN,NaN,NaN,NaN,NaN,NaN,NaN
5,NaN,NaN,NaN,NaN,NaN,NaN,NaN,NaN
6,NaN,NaN,NaN,NaN,NaN,NaN,NaN,NaN
7,NaN,NaN,NaN,NaN,NaN,NaN,NaN,NaN
8,NaN,NaN,NaN,NaN,NaN,NaN,NaN,NaN
9,NaN,NaN,NaN,NaN,NaN,NaN,NaN,NaN
10,NaN,NaN,NaN,NaN,NaN,NaN,NaN,NaN
11,NaN,NaN,NaN,NaN,NaN,NaN,NaN,NaN
1,NaN,NaN,NaN,NaN,NaN,NaN,NaN,NaN
2,NaN,NaN,NaN,NaN,NaN,NaN,NaN,NaN
3,NaN,NaN,NaN,NaN,NaN,NaN,NaN,NaN
4,NaN,NaN,NaN,NaN,NaN,NaN,NaN,NaN
5,NaN,NaN,NaN,NaN,NaN,NaN,NaN,NaN
6,NaN,NaN,NaN,NaN,NaN,NaN,NaN,NaN
7,NaN,NaN,NaN,NaN,NaN,NaN,NaN,NaN
8,NaN,NaN,NaN,NaN,NaN,NaN,NaN,NaN
9,NaN,NaN,NaN,NaN,NaN,NaN,NaN,NaN
10,NaN,NaN,NaN,NaN,NaN,NaN,NaN,NaN
11,NaN,NaN,NaN,NaN,NaN,NaN,NaN,NaN
1,NaN,NaN,NaN,NaN,NaN,NaN,NaN,NaN
2,NaN,NaN,NaN,NaN,NaN,NaN,NaN,NaN
3,NaN,NaN,NaN,NaN,NaN,NaN,NaN,NaN
4,NaN,NaN,NaN,NaN,NaN,NaN,NaN,NaN
5,NaN,NaN,NaN,NaN,NaN,NaN,NaN,NaN
6,NaN,NaN,NaN,NaN,NaN,NaN,NaN,NaN
7,NaN,NaN,NaN,NaN,NaN,NaN,NaN,NaN
8,NaN,NaN,NaN,NaN,NaN,NaN,NaN,NaN
9,NaN,NaN,NaN,NaN,NaN,NaN,NaN,NaN
10,NaN,NaN,NaN,NaN,NaN,NaN,NaN,NaN
11,NaN,NaN,NaN,NaN,NaN,NaN,NaN,NaN
1,NaN,NaN,NaN,NaN,NaN,NaN,NaN,NaN
2,NaN,NaN,NaN,NaN,NaN,NaN,NaN,NaN
3,NaN,NaN,NaN,NaN,NaN,NaN,NaN,NaN
4,NaN,NaN,NaN,NaN,NaN,NaN,NaN,NaN
5,NaN,NaN,NaN,NaN,NaN,NaN,NaN,NaN
6,NaN,NaN,NaN,NaN,NaN,NaN,NaN,NaN
7,NaN,NaN,NaN,NaN,NaN,NaN,NaN,NaN
8,NaN,NaN,NaN,NaN,NaN,NaN,NaN,NaN
9,NaN,NaN,NaN,NaN,NaN,NaN,NaN,NaN
10,NaN,NaN,NaN,NaN,NaN,NaN,NaN,NaN
11,NaN,NaN,NaN,NaN,NaN,NaN,NaN,NaN
1,NaN,NaN,NaN,NaN,NaN,NaN,NaN,NaN
2,NaN,NaN,NaN,NaN,NaN,NaN,NaN,NaN
3,NaN,NaN,NaN,NaN,NaN,NaN,NaN,NaN
4,NaN,NaN,NaN,NaN,NaN,NaN,NaN,NaN
5,NaN,NaN,NaN,NaN,NaN,NaN,NaN,NaN
6,NaN,NaN,NaN,NaN,NaN,NaN,NaN,NaN
7,NaN,NaN,NaN,NaN,NaN,NaN,NaN,NaN
8,NaN,NaN,NaN,NaN,NaN,NaN,NaN,NaN
9,NaN,NaN,NaN,NaN,NaN,NaN,NaN,NaN
10,NaN,NaN,NaN,NaN,NaN,NaN,NaN,NaN
11,NaN,NaN,NaN,NaN,NaN,NaN,NaN,NaN
1,NaN,NaN,NaN,NaN,NaN,NaN,NaN,NaN
2,NaN,NaN,NaN,NaN,NaN,NaN,NaN,NaN
3,NaN,NaN,NaN,NaN,NaN,NaN,NaN,NaN
4,NaN,NaN,NaN,NaN,NaN,NaN,NaN,NaN
5,NaN,NaN,NaN,NaN,NaN,NaN,NaN,NaN
6,NaN,NaN,NaN,NaN,NaN,NaN,NaN,NaN
7,NaN,NaN,NaN,NaN,NaN,NaN,NaN,NaN
8,NaN,NaN,NaN,NaN,NaN,NaN,NaN,NaN
9,NaN,NaN,NaN,NaN,NaN,NaN,NaN,NaN
10,NaN,NaN,NaN,NaN,NaN,NaN,NaN,NaN
11,NaN,NaN,NaN,NaN,NaN,NaN,NaN,NaN
1,NaN,NaN,NaN,NaN,NaN,NaN,NaN,NaN
2,NaN,NaN,NaN,NaN,NaN,NaN,NaN,NaN
3,NaN,NaN,NaN,NaN,NaN,NaN,NaN,NaN
4,NaN,NaN,NaN,NaN,NaN,NaN,NaN,NaN
5,NaN,NaN,NaN,NaN,NaN,NaN,NaN,NaN
6,NaN,NaN,NaN,NaN,NaN,NaN,NaN,NaN
7,NaN,NaN,NaN,NaN,NaN,NaN,NaN,NaN
8,NaN,NaN,NaN,NaN,NaN,NaN,NaN,NaN
9,NaN,NaN,NaN,NaN,NaN,NaN,NaN,NaN
10,NaN,NaN,NaN,NaN,NaN,NaN,NaN,NaN
11,NaN,NaN,NaN,NaN,NaN,NaN,NaN,NaN
1,NaN,NaN,NaN,NaN,NaN,NaN,NaN,NaN
2,NaN,NaN,NaN,NaN,NaN,NaN,NaN,NaN
3,NaN,NaN,NaN,NaN,NaN,NaN,NaN,NaN
4,NaN,NaN,NaN,NaN,NaN,NaN,NaN,NaN
5,NaN,NaN,NaN,NaN,NaN,NaN,NaN,NaN
6,NaN,NaN,NaN,NaN,NaN,NaN,NaN,NaN
7,NaN,NaN,NaN,NaN,NaN,NaN,NaN,NaN
8,NaN,NaN,NaN,NaN,NaN,NaN,NaN,NaN
9,NaN,NaN,NaN,NaN,NaN,NaN,NaN,NaN
10,NaN,NaN,NaN,NaN,NaN,NaN,NaN,NaN
11,NaN,NaN,NaN,NaN,NaN,NaN,NaN,NaN
1,NaN,NaN,NaN,NaN,NaN,NaN,NaN,NaN
2,NaN,NaN,NaN,NaN,NaN,NaN,NaN,NaN
3,NaN,NaN,NaN,NaN,NaN,NaN,NaN,NaN
4,NaN,NaN,NaN,NaN,NaN,NaN,NaN,NaN
5,NaN,NaN,NaN,NaN,NaN,NaN,NaN,NaN
6,NaN,NaN,NaN,NaN,NaN,NaN,NaN,NaN
7,NaN,NaN,NaN,NaN,NaN,NaN,NaN,NaN
8,NaN,NaN,NaN,NaN,NaN,NaN,NaN,NaN
9,NaN,NaN,NaN,NaN,NaN,NaN,NaN,NaN
10,NaN,NaN,NaN,NaN,NaN,NaN,NaN,NaN
11,NaN,NaN,NaN,NaN,NaN,NaN,NaN,NaN
1,NaN,NaN,NaN,NaN,NaN,NaN,NaN,NaN
2,NaN,NaN,NaN,NaN,NaN,NaN,NaN,NaN
3,NaN,NaN,NaN,NaN,NaN,NaN,NaN,NaN
4,NaN,NaN,NaN,NaN,NaN,NaN,NaN,NaN
5,NaN,NaN,NaN,NaN,NaN,NaN,NaN,NaN
6,NaN,NaN,NaN,NaN,NaN,NaN,NaN,NaN
7,NaN,NaN,NaN,NaN,NaN,NaN,NaN,NaN
8,NaN,NaN,NaN,NaN,NaN,NaN,NaN,NaN
9,NaN,NaN,NaN,NaN,NaN,NaN,NaN,NaN
10,NaN,NaN,NaN,NaN,NaN,NaN,NaN,NaN
11,NaN,NaN,NaN,NaN,NaN,NaN,NaN,NaN
1,NaN,NaN,NaN,NaN,NaN,NaN,NaN,NaN
2,NaN,NaN,NaN,NaN,NaN,NaN,NaN,NaN
3,NaN,NaN,NaN,NaN,NaN,NaN,NaN,NaN
4,NaN,NaN,NaN,NaN,NaN,NaN,NaN,NaN
5,NaN,NaN,NaN,NaN,NaN,NaN,NaN,NaN
6,NaN,NaN,NaN,NaN,NaN,NaN,NaN,NaN
7,NaN,NaN,NaN,NaN,NaN,NaN,NaN,NaN
8,NaN,NaN,NaN,NaN,NaN,NaN,NaN,NaN
9,NaN,NaN,NaN,NaN,NaN,NaN,NaN,NaN
10,NaN,NaN,NaN,NaN,NaN,NaN,NaN,NaN
11,NaN,NaN,NaN,NaN,NaN,NaN,NaN,NaN
1,NaN,NaN,NaN,NaN,NaN,NaN,NaN,NaN
2,NaN,NaN,NaN,NaN,NaN,NaN,NaN,NaN
3,NaN,NaN,NaN,NaN,NaN,NaN,NaN,NaN
4,NaN,NaN,NaN,NaN,NaN,NaN,NaN,NaN
5,NaN,NaN,NaN,NaN,NaN,NaN,NaN,NaN
6,NaN,NaN,NaN,NaN,NaN,NaN,NaN,NaN
7,NaN,NaN,NaN,NaN,NaN,NaN,NaN,NaN
8,NaN,NaN,NaN,NaN,NaN,NaN,NaN,NaN
9,NaN,NaN,NaN,NaN,NaN,NaN,NaN,NaN
10,NaN,NaN,NaN,NaN,NaN,NaN,NaN,NaN
11,NaN,NaN,NaN,NaN,NaN,NaN,NaN,NaN
1,NaN,NaN,NaN,NaN,NaN,NaN,NaN,NaN
2,NaN,NaN,NaN,NaN,NaN,NaN,NaN,NaN
3,NaN,NaN,NaN,NaN,NaN,NaN,NaN,NaN
4,NaN,NaN,NaN,NaN,NaN,NaN,NaN,NaN
5,NaN,NaN,NaN,NaN,NaN,NaN,NaN,NaN
6,NaN,NaN,NaN,NaN,NaN,NaN,NaN,NaN
7,NaN,NaN,NaN,NaN,NaN,NaN,NaN,NaN
8,NaN,NaN,NaN,NaN,NaN,NaN,NaN,NaN
9,NaN,NaN,NaN,NaN,NaN,NaN,NaN,NaN
10,NaN,NaN,NaN,NaN,NaN,NaN,NaN,NaN
11,NaN,NaN,NaN,NaN,NaN,NaN,NaN,NaN
1,NaN,NaN,NaN,NaN,NaN,NaN,NaN,NaN
2,NaN,NaN,NaN,NaN,NaN,NaN,NaN,NaN
3,NaN,NaN,NaN,NaN,NaN,NaN,NaN,NaN
4,NaN,NaN,NaN,NaN,NaN,NaN,NaN,NaN
5,NaN,NaN,NaN,NaN,NaN,NaN,NaN,NaN
6,NaN,NaN,NaN,NaN,NaN,NaN,NaN,NaN
7,NaN,NaN,NaN,NaN,NaN,NaN,NaN,NaN
8,NaN,NaN,NaN,NaN,NaN,NaN,NaN,NaN
9,NaN,NaN,NaN,NaN,NaN,NaN,NaN,NaN
10,NaN,NaN,NaN,NaN,NaN,NaN,NaN,NaN
11,NaN,NaN,NaN,NaN,NaN,NaN,NaN,NaN
1,NaN,NaN,NaN,NaN,NaN,NaN,NaN,NaN
2,NaN,NaN,NaN,NaN,NaN,NaN,NaN,NaN
3,NaN,NaN,NaN,NaN,NaN,NaN,NaN,NaN
4,NaN,NaN,NaN,NaN,NaN,NaN,NaN,NaN
5,NaN,NaN,NaN,NaN,NaN,NaN,NaN,NaN
6,NaN,NaN,NaN,NaN,NaN,NaN,NaN,NaN
7,NaN,NaN,NaN,NaN,NaN,NaN,NaN,NaN
8,NaN,NaN,NaN,NaN,NaN,NaN,NaN,NaN
9,NaN,NaN,NaN,NaN,NaN,NaN,NaN,NaN
10,NaN,NaN,NaN,NaN,NaN,NaN,NaN,NaN
11,NaN,NaN,NaN,NaN,NaN,NaN,NaN,NaN
1,NaN,NaN,NaN,NaN,NaN,NaN,NaN,NaN
2,NaN,NaN,NaN,NaN,NaN,NaN,NaN,NaN
3,NaN,NaN,NaN,NaN,NaN,NaN,NaN,NaN
4,NaN,NaN,NaN,NaN,NaN,NaN,NaN,NaN
5,NaN,NaN,NaN,NaN,NaN,NaN,NaN,NaN
6,NaN,NaN,NaN,NaN,NaN,NaN,NaN,NaN
7,NaN,NaN,NaN,NaN,NaN,NaN,NaN,NaN
8,NaN,NaN,NaN,NaN,NaN,NaN,NaN,NaN
9,NaN,NaN,NaN,NaN,NaN,NaN,NaN,NaN
10,NaN,NaN,NaN,NaN,NaN,NaN,NaN,NaN
11,NaN,NaN,NaN,NaN,NaN,NaN,NaN,NaN
1,NaN,NaN,NaN,NaN,NaN,NaN,NaN,NaN
2,NaN,NaN,NaN,NaN,NaN,NaN,NaN,NaN
3,NaN,NaN,NaN,NaN,NaN,NaN,NaN,NaN
4,NaN,NaN,NaN,NaN,NaN,NaN,NaN,NaN
5,NaN,NaN,NaN,NaN,NaN,NaN,NaN,NaN
6,NaN,NaN,NaN,NaN,NaN,NaN,NaN,NaN
7,NaN,NaN,NaN,NaN,NaN,NaN,NaN,NaN
8,NaN,NaN,NaN,NaN,NaN,NaN,NaN,NaN
9,NaN,NaN,NaN,NaN,NaN,NaN,NaN,NaN
10,NaN,NaN,NaN,NaN,NaN,NaN,NaN,NaN
11,NaN,NaN,NaN,NaN,NaN,NaN,NaN,NaN
1,NaN,NaN,NaN,NaN,NaN,NaN,NaN,NaN
2,NaN,NaN,NaN,NaN,NaN,NaN,NaN,NaN
3,NaN,NaN,NaN,NaN,NaN,NaN,NaN,NaN
4,NaN,NaN,NaN,NaN,NaN,NaN,NaN,NaN
5,NaN,NaN,NaN,NaN,NaN,NaN,NaN,NaN
6,NaN,NaN,NaN,NaN,NaN,NaN,NaN,NaN
7,NaN,NaN,NaN,NaN,NaN,NaN,NaN,NaN
8,NaN,NaN,NaN,NaN,NaN,NaN,NaN,NaN
9,NaN,NaN,NaN,NaN,NaN,NaN,NaN,NaN
10,NaN,NaN,NaN,NaN,NaN,NaN,NaN,NaN
11,NaN,NaN,NaN,NaN,NaN,NaN,NaN,NaN
1,NaN,NaN,NaN,NaN,NaN,NaN,NaN,NaN
2,NaN,NaN,NaN,NaN,NaN,NaN,NaN,NaN
3,NaN,NaN,NaN,NaN,NaN,NaN,NaN,NaN
4,NaN,NaN,NaN,NaN,NaN,NaN,NaN,NaN
5,NaN,NaN,NaN,NaN,NaN,NaN,NaN,NaN
6,NaN,NaN,NaN,NaN,NaN,NaN,NaN,NaN
7,NaN,NaN,NaN,NaN,NaN,NaN,NaN,NaN
8,NaN,NaN,NaN,NaN,NaN,NaN,NaN,NaN
9,NaN,NaN,NaN,NaN,NaN,NaN,NaN,NaN
10,NaN,NaN,NaN,NaN,NaN,NaN,NaN,NaN
11,NaN,NaN,NaN,NaN,NaN,NaN,NaN,NaN
1,NaN,NaN,NaN,NaN,NaN,NaN,NaN,NaN
2,NaN,NaN,NaN,NaN,NaN,NaN,NaN,NaN
3,NaN,NaN,NaN,NaN,NaN,NaN,NaN,NaN
4,NaN,NaN,NaN,NaN,NaN,NaN,NaN,NaN
5,NaN,NaN,NaN,NaN,NaN,NaN,NaN,NaN
6,NaN,NaN,NaN,NaN,NaN,NaN,NaN,NaN
7,NaN,NaN,NaN,NaN,NaN,NaN,NaN,NaN
8,NaN,NaN,NaN,NaN,NaN,NaN,NaN,NaN
9,NaN,NaN,NaN,NaN,NaN,NaN,NaN,NaN
10,NaN,NaN,NaN,NaN,NaN,NaN,NaN,NaN
11,NaN,NaN,NaN,NaN,NaN,NaN,NaN,NaN
1,NaN,NaN,NaN,NaN,NaN,NaN,NaN,NaN
2,NaN,NaN,NaN,NaN,NaN,NaN,NaN,NaN
3,NaN,NaN,NaN,NaN,NaN,NaN,NaN,NaN
4,NaN,NaN,NaN,NaN,NaN,NaN,NaN,NaN
5,NaN,NaN,NaN,NaN,NaN,NaN,NaN,NaN
6,NaN,NaN,NaN,NaN,NaN,NaN,NaN,NaN
7,NaN,NaN,NaN,NaN,NaN,NaN,NaN,NaN
8,NaN,NaN,NaN,NaN,NaN,NaN,NaN,NaN
9,NaN,NaN,NaN,NaN,NaN,NaN,NaN,NaN
10,NaN,NaN,NaN,NaN,NaN,NaN,NaN,NaN
11,NaN,NaN,NaN,NaN,NaN,NaN,NaN,NaN
1,NaN,NaN,NaN,NaN,NaN,NaN,NaN,NaN
2,NaN,NaN,NaN,NaN,NaN,NaN,NaN,NaN
3,NaN,NaN,NaN,NaN,NaN,NaN,NaN,NaN
4,NaN,NaN,NaN,NaN,NaN,NaN,NaN,NaN
5,NaN,NaN,NaN,NaN,NaN,NaN,NaN,NaN
6,NaN,NaN,NaN,NaN,NaN,NaN,NaN,NaN
7,NaN,NaN,NaN,NaN,NaN,NaN,NaN,NaN
8,NaN,NaN,NaN,NaN,NaN,NaN,NaN,NaN
9,NaN,NaN,NaN,NaN,NaN,NaN,NaN,NaN
10,NaN,NaN,NaN,NaN,NaN,NaN,NaN,NaN
11,NaN,NaN,NaN,NaN,NaN,NaN,NaN,NaN
1,NaN,NaN,NaN,NaN,NaN,NaN,NaN,NaN
2,NaN,NaN,NaN,NaN,NaN,NaN,NaN,NaN
3,NaN,NaN,NaN,NaN,NaN,NaN,NaN,NaN
4,NaN,NaN,NaN,NaN,NaN,NaN,NaN,NaN
5,NaN,NaN,NaN,NaN,NaN,NaN,NaN,NaN
6,NaN,NaN,NaN,NaN,NaN,NaN,NaN,NaN
7,NaN,NaN,NaN,NaN,NaN,NaN,NaN,NaN
8,NaN,NaN,NaN,NaN,NaN,NaN,NaN,NaN
9,NaN,NaN,NaN,NaN,NaN,NaN,NaN,NaN
10,NaN,NaN,NaN,NaN,NaN,NaN,NaN,NaN
11,NaN,NaN,NaN,NaN,NaN,NaN,NaN,NaN
1,NaN,NaN,NaN,NaN,NaN,NaN,NaN,NaN
2,NaN,NaN,NaN,NaN,NaN,NaN,NaN,NaN
3,NaN,NaN,NaN,NaN,NaN,NaN,NaN,NaN
4,NaN,NaN,NaN,NaN,NaN,NaN,NaN,NaN
5,NaN,NaN,NaN,NaN,NaN,NaN,NaN,NaN
6,NaN,NaN,NaN,NaN,NaN,NaN,NaN,NaN
7,NaN,NaN,NaN,NaN,NaN,NaN,NaN,NaN
8,NaN,NaN,NaN,NaN,NaN,NaN,NaN,NaN
9,NaN,NaN,NaN,NaN,NaN,NaN,NaN,NaN
10,NaN,NaN,NaN,NaN,NaN,NaN,NaN,NaN
11,NaN,NaN,NaN,NaN,NaN,NaN,NaN,NaN
1,NaN,NaN,NaN,NaN,NaN,NaN,NaN,NaN
2,NaN,NaN,NaN,NaN,NaN,NaN,NaN,NaN
3,NaN,NaN,NaN,NaN,NaN,NaN,NaN,NaN
4,NaN,NaN,NaN,NaN,NaN,NaN,NaN,NaN
5,NaN,NaN,NaN,NaN,NaN,NaN,NaN,NaN
6,NaN,NaN,NaN,NaN,NaN,NaN,NaN,NaN
7,NaN,NaN,NaN,NaN,NaN,NaN,NaN,NaN
8,NaN,NaN,NaN,NaN,NaN,NaN,NaN,NaN
9,NaN,NaN,NaN,NaN,NaN,NaN,NaN,NaN
10,NaN,NaN,NaN,NaN,NaN,NaN,NaN,NaN
11,NaN,NaN,NaN,NaN,NaN,NaN,NaN,NaN
1,NaN,NaN,NaN,NaN,NaN,NaN,NaN,NaN
2,NaN,NaN,NaN,NaN,NaN,NaN,NaN,NaN
3,NaN,NaN,NaN,NaN,NaN,NaN,NaN,NaN
4,NaN,NaN,NaN,NaN,NaN,NaN,NaN,NaN
5,NaN,NaN,NaN,NaN,NaN,NaN,NaN,NaN
6,NaN,NaN,NaN,NaN,NaN,NaN,NaN,NaN
7,NaN,NaN,NaN,NaN,NaN,NaN,NaN,NaN
8,NaN,NaN,NaN,NaN,NaN,NaN,NaN,NaN
9,NaN,NaN,NaN,NaN,NaN,NaN,NaN,NaN
10,NaN,NaN,NaN,NaN,NaN,NaN,NaN,NaN
11,NaN,NaN,NaN,NaN,NaN,NaN,NaN,NaN
1,NaN,NaN,NaN,NaN,NaN,NaN,NaN,NaN
2,NaN,NaN,NaN,NaN,NaN,NaN,NaN,NaN
3,NaN,NaN,NaN,NaN,NaN,NaN,NaN,NaN
4,NaN,NaN,NaN,NaN,NaN,NaN,NaN,NaN
5,NaN,NaN,NaN,NaN,NaN,NaN,NaN,NaN
6,NaN,NaN,NaN,NaN,NaN,NaN,NaN,NaN
7,NaN,NaN,NaN,NaN,NaN,NaN,NaN,NaN
8,NaN,NaN,NaN,NaN,NaN,NaN,NaN,NaN
9,NaN,NaN,NaN,NaN,NaN,NaN,NaN,NaN
10,NaN,NaN,NaN,NaN,NaN,NaN,NaN,NaN
11,NaN,NaN,NaN,NaN,NaN,NaN,NaN,NaN
1,NaN,NaN,NaN,NaN,NaN,NaN,NaN,NaN
2,NaN,NaN,NaN,NaN,NaN,NaN,NaN,NaN
3,NaN,NaN,NaN,NaN,NaN,NaN,NaN,NaN
4,NaN,NaN,NaN,NaN,NaN,NaN,NaN,NaN
5,NaN,NaN,NaN,NaN,NaN,NaN,NaN,NaN
6,NaN,NaN,NaN,NaN,NaN,NaN,NaN,NaN
7,NaN,NaN,NaN,NaN,NaN,NaN,NaN,NaN
8,NaN,NaN,NaN,NaN,NaN,NaN,NaN,NaN
9,NaN,NaN,NaN,NaN,NaN,NaN,NaN,NaN
10,NaN,NaN,NaN,NaN,NaN,NaN,NaN,NaN
11,NaN,NaN,NaN,NaN,NaN,NaN,NaN,NaN
1,NaN,NaN,NaN,NaN,NaN,NaN,NaN,NaN
2,NaN,NaN,NaN,NaN,NaN,NaN,NaN,NaN
3,NaN,NaN,NaN,NaN,NaN,NaN,NaN,NaN
4,NaN,NaN,NaN,NaN,NaN,NaN,NaN,NaN
5,NaN,NaN,NaN,NaN,NaN,NaN,NaN,NaN
6,NaN,NaN,NaN,NaN,NaN,NaN,NaN,NaN
7,NaN,NaN,NaN,NaN,NaN,NaN,NaN,NaN
8,NaN,NaN,NaN,NaN,NaN,NaN,NaN,NaN
9,NaN,NaN,NaN,NaN,NaN,NaN,NaN,NaN
10,NaN,NaN,NaN,NaN,NaN,NaN,NaN,NaN
11,NaN,NaN,NaN,NaN,NaN,NaN,NaN,NaN
1,NaN,NaN,NaN,NaN,NaN,NaN,NaN,NaN
2,NaN,NaN,NaN,NaN,NaN,NaN,NaN,NaN
3,NaN,NaN,NaN,NaN,NaN,NaN,NaN,NaN
4,NaN,NaN,NaN,NaN,NaN,NaN,NaN,NaN
5,NaN,NaN,NaN,NaN,NaN,NaN,NaN,NaN
6,NaN,NaN,NaN,NaN,NaN,NaN,NaN,NaN
7,NaN,NaN,NaN,NaN,NaN,NaN,NaN,NaN
8,NaN,NaN,NaN,NaN,NaN,NaN,NaN,NaN
9,NaN,NaN,NaN,NaN,NaN,NaN,NaN,NaN
10,NaN,NaN,NaN,NaN,NaN,NaN,NaN,NaN
11,NaN,NaN,NaN,NaN,NaN,NaN,NaN,NaN
1,NaN,NaN,NaN,NaN,NaN,NaN,NaN,NaN
2,NaN,NaN,NaN,NaN,NaN,NaN,NaN,NaN
3,NaN,NaN,NaN,NaN,NaN,NaN,NaN,NaN
4,NaN,NaN,NaN,NaN,NaN,NaN,NaN,NaN
5,NaN,NaN,NaN,NaN,NaN,NaN,NaN,NaN
6,NaN,NaN,NaN,NaN,NaN,NaN,NaN,NaN
7,NaN,NaN,NaN,NaN,NaN,NaN,NaN,NaN
8,NaN,NaN,NaN,NaN,NaN,NaN,NaN,NaN
9,NaN,NaN,NaN,NaN,NaN,NaN,NaN,NaN
10,NaN,NaN,NaN,NaN,NaN,NaN,NaN,NaN
11,NaN,NaN,NaN,NaN,NaN,NaN,NaN,NaN
1,NaN,NaN,NaN,NaN,NaN,NaN,NaN,NaN
2,NaN,NaN,NaN,NaN,NaN,NaN,NaN,NaN
3,NaN,NaN,NaN,NaN,NaN,NaN,NaN,NaN
4,NaN,NaN,NaN,NaN,NaN,NaN,NaN,NaN
5,NaN,NaN,NaN,NaN,NaN,NaN,NaN,NaN
6,NaN,NaN,NaN,NaN,NaN,NaN,NaN,NaN
7,NaN,NaN,NaN,NaN,NaN,NaN,NaN,NaN
8,NaN,NaN,NaN,NaN,NaN,NaN,NaN,NaN
9,NaN,NaN,NaN,NaN,NaN,NaN,NaN,NaN
10,NaN,NaN,NaN,NaN,NaN,NaN,NaN,NaN
11,NaN,NaN,NaN,NaN,NaN,NaN,NaN,NaN
1,NaN,NaN,NaN,NaN,NaN,NaN,NaN,NaN
2,NaN,NaN,NaN,NaN,NaN,NaN,NaN,NaN
3,NaN,NaN,NaN,NaN,NaN,NaN,NaN,NaN
4,NaN,NaN,NaN,NaN,NaN,NaN,NaN,NaN
5,NaN,NaN,NaN,NaN,NaN,NaN,NaN,NaN
6,NaN,NaN,NaN,NaN,NaN,NaN,NaN,NaN
7,NaN,NaN,NaN,NaN,NaN,NaN,NaN,NaN
8,NaN,NaN,NaN,NaN,NaN,NaN,NaN,NaN
9,NaN,NaN,NaN,NaN,NaN,NaN,NaN,NaN
10,NaN,NaN,NaN,NaN,NaN,NaN,NaN,NaN
11,NaN,NaN,NaN,NaN,NaN,NaN,NaN,NaN
1,NaN,NaN,NaN,NaN,NaN,NaN,NaN,NaN
2,NaN,NaN,NaN,NaN,NaN,NaN,NaN,NaN
3,NaN,NaN,NaN,NaN,NaN,NaN,NaN,NaN
4,NaN,NaN,NaN,NaN,NaN,NaN,NaN,NaN
5,NaN,NaN,NaN,NaN,NaN,NaN,NaN,NaN
6,NaN,NaN,NaN,NaN,NaN,NaN,NaN,NaN
7,NaN,NaN,NaN,NaN,NaN,NaN,NaN,NaN
8,NaN,NaN,NaN,NaN,NaN,NaN,NaN,NaN
9,NaN,NaN,NaN,NaN,NaN,NaN,NaN,NaN
10,NaN,NaN,NaN,NaN,NaN,NaN,NaN,NaN
11,NaN,NaN,NaN,NaN,NaN,NaN,NaN,NaN
1,NaN,NaN,NaN,NaN,NaN,NaN,NaN,NaN
2,NaN,NaN,NaN,NaN,NaN,NaN,NaN,NaN
3,NaN,NaN,NaN,NaN,NaN,NaN,NaN,NaN
4,NaN,NaN,NaN,NaN,NaN,NaN,NaN,NaN
5,NaN,NaN,NaN,NaN,NaN,NaN,NaN,NaN
6,NaN,NaN,NaN,NaN,NaN,NaN,NaN,NaN
7,NaN,NaN,NaN,NaN,NaN,NaN,NaN,NaN
8,NaN,NaN,NaN,NaN,NaN,NaN,NaN,NaN
9,NaN,NaN,NaN,NaN,NaN,NaN,NaN,NaN
10,NaN,NaN,NaN,NaN,NaN,NaN,NaN,NaN
11,NaN,NaN,NaN,NaN,NaN,NaN,NaN,NaN
