reportedWeeklyI,weeklyI,trueR
1.0,3.0,5.847006120983726
1.0,9.0,10.03121706916213
2.0,27.0,4.961031547800737
2.0,78.0,5.357549499590472
1.0,8.0,0.19297141651775573
1.0,42.0,1.0516009070861176
10.0,79.0,2.0393494321881773
1.0,8.0,0.1906460317849041
9.0,86.0,1.9536095348093307
4.0,51.0,1.0762775426394906
3.0,21.0,0.5019382024521925
1.0,3.0,5.847006120983726
1.0,9.0,10.03121706916213
10.0,27.0,4.961031547800737
13.0,78.0,5.357549499590472
0.0,8.0,0.19297141651775573
8.0,42.0,1.0516009070861176
18.0,79.0,2.0393494321881773
1.0,8.0,0.1906460317849041
21.0,86.0,1.9536095348093307
13.0,51.0,1.0762775426394906
3.0,21.0,0.5019382024521925
1.0,3.0,5.847006120983726
4.0,9.0,10.03121706916213
13.0,27.0,4.961031547800737
17.0,78.0,5.357549499590472
1.0,8.0,0.19297141651775573
15.0,42.0,1.0516009070861176
19.0,79.0,2.0393494321881773
5.0,8.0,0.1906460317849041
28.0,86.0,1.9536095348093307
16.0,51.0,1.0762775426394906
10.0,21.0,0.5019382024521925
1.0,3.0,5.847006120983726
3.0,9.0,10.03121706916213
14.0,27.0,4.961031547800737
36.0,78.0,5.357549499590472
3.0,8.0,0.19297141651775573
17.0,42.0,1.0516009070861176
29.0,79.0,2.0393494321881773
4.0,8.0,0.1906460317849041
30.0,86.0,1.9536095348093307
25.0,51.0,1.0762775426394906
8.0,21.0,0.5019382024521925
2.0,3.0,5.847006120983726
3.0,9.0,10.03121706916213
12.0,27.0,4.961031547800737
34.0,78.0,5.357549499590472
4.0,8.0,0.19297141651775573
24.0,42.0,1.0516009070861176
44.0,79.0,2.0393494321881773
3.0,8.0,0.1906460317849041
43.0,86.0,1.9536095348093307
20.0,51.0,1.0762775426394906
11.0,21.0,0.5019382024521925
2.0,3.0,5.847006120983726
4.0,9.0,10.03121706916213
24.0,27.0,4.961031547800737
49.0,78.0,5.357549499590472
5.0,8.0,0.19297141651775573
21.0,42.0,1.0516009070861176
49.0,79.0,2.0393494321881773
5.0,8.0,0.1906460317849041
48.0,86.0,1.9536095348093307
35.0,51.0,1.0762775426394906
8.0,21.0,0.5019382024521925
2.0,3.0,5.847006120983726
8.0,9.0,10.03121706916213
22.0,27.0,4.961031547800737
60.0,78.0,5.357549499590472
7.0,8.0,0.19297141651775573
30.0,42.0,1.0516009070861176
53.0,79.0,2.0393494321881773
6.0,8.0,0.1906460317849041
55.0,86.0,1.9536095348093307
41.0,51.0,1.0762775426394906
13.0,21.0,0.5019382024521925
2.0,3.0,5.847006120983726
9.0,9.0,10.03121706916213
23.0,27.0,4.961031547800737
61.0,78.0,5.357549499590472
6.0,8.0,0.19297141651775573
34.0,42.0,1.0516009070861176
71.0,79.0,2.0393494321881773
7.0,8.0,0.1906460317849041
67.0,86.0,1.9536095348093307
43.0,51.0,1.0762775426394906
17.0,21.0,0.5019382024521925
3.0,3.0,5.847006120983726
8.0,9.0,10.03121706916213
21.0,27.0,4.961031547800737
67.0,78.0,5.357549499590472
7.0,8.0,0.19297141651775573
36.0,42.0,1.0516009070861176
74.0,79.0,2.0393494321881773
8.0,8.0,0.1906460317849041
79.0,86.0,1.9536095348093307
44.0,51.0,1.0762775426394906
19.0,21.0,0.5019382024521925
1.0,5.0,6.431125041505759
0.0,8.0,2.3081206941781627
2.0,11.0,2.323806467383118
3.0,18.0,1.3930530856681456
6.0,68.0,4.332686549579043
4.0,100.0,2.7292244717534535
6.0,32.0,0.5020074658914896
2.0,13.0,0.201235932749243
6.0,47.0,1.2345313958390833
13.0,100.0,2.833998096959887
2.0,45.0,0.6911165569244072
1.0,5.0,6.431125041505759
2.0,8.0,2.3081206941781627
1.0,11.0,2.323806467383118
5.0,18.0,1.3930530856681456
14.0,68.0,4.332686549579043
28.0,100.0,2.7292244717534535
3.0,32.0,0.5020074658914896
1.0,13.0,0.201235932749243
5.0,47.0,1.2345313958390833
18.0,100.0,2.833998096959887
10.0,45.0,0.6911165569244072
1.0,5.0,6.431125041505759
4.0,8.0,2.3081206941781627
2.0,11.0,2.323806467383118
5.0,18.0,1.3930530856681456
23.0,68.0,4.332686549579043
31.0,100.0,2.7292244717534535
13.0,32.0,0.5020074658914896
3.0,13.0,0.201235932749243
16.0,47.0,1.2345313958390833
26.0,100.0,2.833998096959887
11.0,45.0,0.6911165569244072
2.0,5.0,6.431125041505759
4.0,8.0,2.3081206941781627
6.0,11.0,2.323806467383118
8.0,18.0,1.3930530856681456
22.0,68.0,4.332686549579043
40.0,100.0,2.7292244717534535
13.0,32.0,0.5020074658914896
8.0,13.0,0.201235932749243
22.0,47.0,1.2345313958390833
34.0,100.0,2.833998096959887
21.0,45.0,0.6911165569244072
4.0,5.0,6.431125041505759
4.0,8.0,2.3081206941781627
5.0,11.0,2.323806467383118
9.0,18.0,1.3930530856681456
34.0,68.0,4.332686549579043
40.0,100.0,2.7292244717534535
16.0,32.0,0.5020074658914896
8.0,13.0,0.201235932749243
21.0,47.0,1.2345313958390833
55.0,100.0,2.833998096959887
20.0,45.0,0.6911165569244072
3.0,5.0,6.431125041505759
6.0,8.0,2.3081206941781627
7.0,11.0,2.323806467383118
12.0,18.0,1.3930530856681456
45.0,68.0,4.332686549579043
63.0,100.0,2.7292244717534535
17.0,32.0,0.5020074658914896
5.0,13.0,0.201235932749243
25.0,47.0,1.2345313958390833
64.0,100.0,2.833998096959887
25.0,45.0,0.6911165569244072
4.0,5.0,6.431125041505759
5.0,8.0,2.3081206941781627
7.0,11.0,2.323806467383118
11.0,18.0,1.3930530856681456
48.0,68.0,4.332686549579043
74.0,100.0,2.7292244717534535
23.0,32.0,0.5020074658914896
7.0,13.0,0.201235932749243
33.0,47.0,1.2345313958390833
70.0,100.0,2.833998096959887
34.0,45.0,0.6911165569244072
4.0,5.0,6.431125041505759
8.0,8.0,2.3081206941781627
9.0,11.0,2.323806467383118
16.0,18.0,1.3930530856681456
53.0,68.0,4.332686549579043
85.0,100.0,2.7292244717534535
27.0,32.0,0.5020074658914896
8.0,13.0,0.201235932749243
36.0,47.0,1.2345313958390833
75.0,100.0,2.833998096959887
35.0,45.0,0.6911165569244072
5.0,5.0,6.431125041505759
7.0,8.0,2.3081206941781627
9.0,11.0,2.323806467383118
18.0,18.0,1.3930530856681456
63.0,68.0,4.332686549579043
88.0,100.0,2.7292244717534535
28.0,32.0,0.5020074658914896
13.0,13.0,0.201235932749243
43.0,47.0,1.2345313958390833
86.0,100.0,2.833998096959887
42.0,45.0,0.6911165569244072
1.0,4.0,7.083450483958935
1.0,9.0,5.389855074613478
1.0,2.0,0.38760869256594593
0.0,3.0,0.6156702410255149
3.0,12.0,2.6055807741194252
8.0,41.0,4.286456661112846
5.0,54.0,3.2496469441628477
4.0,25.0,0.9109964289858717
0.0,11.0,0.28289240747223315
3.0,15.0,0.6999422633689736
6.0,43.0,2.4824171113545037
1.0,4.0,7.083450483958935
2.0,9.0,5.389855074613478
2.0,2.0,0.38760869256594593
1.0,3.0,0.6156702410255149
3.0,12.0,2.6055807741194252
11.0,41.0,4.286456661112846
8.0,54.0,3.2496469441628477
7.0,25.0,0.9109964289858717
3.0,11.0,0.28289240747223315
2.0,15.0,0.6999422633689736
9.0,43.0,2.4824171113545037
1.0,4.0,7.083450483958935
3.0,9.0,5.389855074613478
1.0,2.0,0.38760869256594593
0.0,3.0,0.6156702410255149
3.0,12.0,2.6055807741194252
16.0,41.0,4.286456661112846
11.0,54.0,3.2496469441628477
6.0,25.0,0.9109964289858717
5.0,11.0,0.28289240747223315
4.0,15.0,0.6999422633689736
17.0,43.0,2.4824171113545037
2.0,4.0,7.083450483958935
3.0,9.0,5.389855074613478
1.0,2.0,0.38760869256594593
1.0,3.0,0.6156702410255149
2.0,12.0,2.6055807741194252
19.0,41.0,4.286456661112846
26.0,54.0,3.2496469441628477
10.0,25.0,0.9109964289858717
5.0,11.0,0.28289240747223315
6.0,15.0,0.6999422633689736
18.0,43.0,2.4824171113545037
2.0,4.0,7.083450483958935
3.0,9.0,5.389855074613478
0.0,2.0,0.38760869256594593
3.0,3.0,0.6156702410255149
8.0,12.0,2.6055807741194252
20.0,41.0,4.286456661112846
30.0,54.0,3.2496469441628477
10.0,25.0,0.9109964289858717
3.0,11.0,0.28289240747223315
10.0,15.0,0.6999422633689736
24.0,43.0,2.4824171113545037
3.0,4.0,7.083450483958935
6.0,9.0,5.389855074613478
2.0,2.0,0.38760869256594593
3.0,3.0,0.6156702410255149
7.0,12.0,2.6055807741194252
27.0,41.0,4.286456661112846
28.0,54.0,3.2496469441628477
19.0,25.0,0.9109964289858717
7.0,11.0,0.28289240747223315
13.0,15.0,0.6999422633689736
29.0,43.0,2.4824171113545037
4.0,4.0,7.083450483958935
7.0,9.0,5.389855074613478
1.0,2.0,0.38760869256594593
2.0,3.0,0.6156702410255149
8.0,12.0,2.6055807741194252
34.0,41.0,4.286456661112846
36.0,54.0,3.2496469441628477
20.0,25.0,0.9109964289858717
7.0,11.0,0.28289240747223315
12.0,15.0,0.6999422633689736
33.0,43.0,2.4824171113545037
4.0,4.0,7.083450483958935
5.0,9.0,5.389855074613478
2.0,2.0,0.38760869256594593
2.0,3.0,0.6156702410255149
9.0,12.0,2.6055807741194252
29.0,41.0,4.286456661112846
44.0,54.0,3.2496469441628477
20.0,25.0,0.9109964289858717
9.0,11.0,0.28289240747223315
12.0,15.0,0.6999422633689736
35.0,43.0,2.4824171113545037
4.0,4.0,7.083450483958935
6.0,9.0,5.389855074613478
2.0,2.0,0.38760869256594593
3.0,3.0,0.6156702410255149
9.0,12.0,2.6055807741194252
37.0,41.0,4.286456661112846
49.0,54.0,3.2496469441628477
23.0,25.0,0.9109964289858717
11.0,11.0,0.28289240747223315
15.0,15.0,0.6999422633689736
38.0,43.0,2.4824171113545037
1.0,3.0,2.2911573634128573
0.0,5.0,4.731391676878728
2.0,13.0,5.901253068848275
2.0,14.0,1.6877253734786999
3.0,20.0,2.2419082141003814
2.0,22.0,1.3387673916184133
4.0,58.0,2.4816131151799707
8.0,86.0,2.9036621212793
4.0,40.0,0.9634817069919723
0.0,6.0,0.0957265501989178
3.0,35.0,0.8311260315215626
1.0,3.0,2.2911573634128573
1.0,5.0,4.731391676878728
0.0,13.0,5.901253068848275
1.0,14.0,1.6877253734786999
1.0,20.0,2.2419082141003814
6.0,22.0,1.3387673916184133
15.0,58.0,2.4816131151799707
16.0,86.0,2.9036621212793
4.0,40.0,0.9634817069919723
2.0,6.0,0.0957265501989178
5.0,35.0,0.8311260315215626
1.0,3.0,2.2911573634128573
0.0,5.0,4.731391676878728
5.0,13.0,5.901253068848275
5.0,14.0,1.6877253734786999
3.0,20.0,2.2419082141003814
4.0,22.0,1.3387673916184133
12.0,58.0,2.4816131151799707
25.0,86.0,2.9036621212793
16.0,40.0,0.9634817069919723
1.0,6.0,0.0957265501989178
10.0,35.0,0.8311260315215626
2.0,3.0,2.2911573634128573
1.0,5.0,4.731391676878728
1.0,13.0,5.901253068848275
9.0,14.0,1.6877253734786999
7.0,20.0,2.2419082141003814
11.0,22.0,1.3387673916184133
17.0,58.0,2.4816131151799707
36.0,86.0,2.9036621212793
19.0,40.0,0.9634817069919723
4.0,6.0,0.0957265501989178
13.0,35.0,0.8311260315215626
1.0,3.0,2.2911573634128573
3.0,5.0,4.731391676878728
8.0,13.0,5.901253068848275
3.0,14.0,1.6877253734786999
10.0,20.0,2.2419082141003814
17.0,22.0,1.3387673916184133
27.0,58.0,2.4816131151799707
42.0,86.0,2.9036621212793
20.0,40.0,0.9634817069919723
5.0,6.0,0.0957265501989178
22.0,35.0,0.8311260315215626
2.0,3.0,2.2911573634128573
2.0,5.0,4.731391676878728
8.0,13.0,5.901253068848275
11.0,14.0,1.6877253734786999
12.0,20.0,2.2419082141003814
12.0,22.0,1.3387673916184133
35.0,58.0,2.4816131151799707
51.0,86.0,2.9036621212793
20.0,40.0,0.9634817069919723
5.0,6.0,0.0957265501989178
22.0,35.0,0.8311260315215626
2.0,3.0,2.2911573634128573
3.0,5.0,4.731391676878728
8.0,13.0,5.901253068848275
10.0,14.0,1.6877253734786999
16.0,20.0,2.2419082141003814
15.0,22.0,1.3387673916184133
37.0,58.0,2.4816131151799707
67.0,86.0,2.9036621212793
25.0,40.0,0.9634817069919723
4.0,6.0,0.0957265501989178
22.0,35.0,0.8311260315215626
3.0,3.0,2.2911573634128573
3.0,5.0,4.731391676878728
13.0,13.0,5.901253068848275
11.0,14.0,1.6877253734786999
18.0,20.0,2.2419082141003814
18.0,22.0,1.3387673916184133
53.0,58.0,2.4816131151799707
65.0,86.0,2.9036621212793
35.0,40.0,0.9634817069919723
5.0,6.0,0.0957265501989178
28.0,35.0,0.8311260315215626
3.0,3.0,2.2911573634128573
5.0,5.0,4.731391676878728
10.0,13.0,5.901253068848275
13.0,14.0,1.6877253734786999
16.0,20.0,2.2419082141003814
19.0,22.0,1.3387673916184133
55.0,58.0,2.4816131151799707
78.0,86.0,2.9036621212793
38.0,40.0,0.9634817069919723
6.0,6.0,0.0957265501989178
32.0,35.0,0.8311260315215626
2.0,9.0,7.808189793227585
2.0,7.0,3.1724843771013256
1.0,13.0,1.6230949865488349
1.0,10.0,2.3603086192747345
2.0,7.0,1.0694737760392539
2.0,17.0,1.1857819615838452
0.0,25.0,1.6268958082070653
2.0,36.0,1.697383516099601
2.0,36.0,1.5243161520861246
1.0,9.0,0.5288008691636817
2.0,29.0,1.3222850850132488
5.0,9.0,7.808189793227585
1.0,7.0,3.1724843771013256
0.0,13.0,1.6230949865488349
2.0,10.0,2.3603086192747345
0.0,7.0,1.0694737760392539
1.0,17.0,1.1857819615838452
3.0,25.0,1.6268958082070653
7.0,36.0,1.697383516099601
7.0,36.0,1.5243161520861246
2.0,9.0,0.5288008691636817
5.0,29.0,1.3222850850132488
1.0,9.0,7.808189793227585
4.0,7.0,3.1724843771013256
4.0,13.0,1.6230949865488349
3.0,10.0,2.3603086192747345
0.0,7.0,1.0694737760392539
6.0,17.0,1.1857819615838452
9.0,25.0,1.6268958082070653
6.0,36.0,1.697383516099601
16.0,36.0,1.5243161520861246
3.0,9.0,0.5288008691636817
10.0,29.0,1.3222850850132488
4.0,9.0,7.808189793227585
2.0,7.0,3.1724843771013256
5.0,13.0,1.6230949865488349
4.0,10.0,2.3603086192747345
3.0,7.0,1.0694737760392539
5.0,17.0,1.1857819615838452
14.0,25.0,1.6268958082070653
13.0,36.0,1.697383516099601
21.0,36.0,1.5243161520861246
2.0,9.0,0.5288008691636817
14.0,29.0,1.3222850850132488
6.0,9.0,7.808189793227585
4.0,7.0,3.1724843771013256
4.0,13.0,1.6230949865488349
5.0,10.0,2.3603086192747345
3.0,7.0,1.0694737760392539
10.0,17.0,1.1857819615838452
14.0,25.0,1.6268958082070653
18.0,36.0,1.697383516099601
13.0,36.0,1.5243161520861246
5.0,9.0,0.5288008691636817
15.0,29.0,1.3222850850132488
3.0,9.0,7.808189793227585
4.0,7.0,3.1724843771013256
8.0,13.0,1.6230949865488349
6.0,10.0,2.3603086192747345
6.0,7.0,1.0694737760392539
10.0,17.0,1.1857819615838452
20.0,25.0,1.6268958082070653
24.0,36.0,1.697383516099601
22.0,36.0,1.5243161520861246
3.0,9.0,0.5288008691636817
17.0,29.0,1.3222850850132488
7.0,9.0,7.808189793227585
4.0,7.0,3.1724843771013256
11.0,13.0,1.6230949865488349
6.0,10.0,2.3603086192747345
4.0,7.0,1.0694737760392539
8.0,17.0,1.1857819615838452
16.0,25.0,1.6268958082070653
29.0,36.0,1.697383516099601
27.0,36.0,1.5243161520861246
7.0,9.0,0.5288008691636817
17.0,29.0,1.3222850850132488
8.0,9.0,7.808189793227585
7.0,7.0,3.1724843771013256
10.0,13.0,1.6230949865488349
9.0,10.0,2.3603086192747345
5.0,7.0,1.0694737760392539
16.0,17.0,1.1857819615838452
22.0,25.0,1.6268958082070653
32.0,36.0,1.697383516099601
30.0,36.0,1.5243161520861246
7.0,9.0,0.5288008691636817
21.0,29.0,1.3222850850132488
9.0,9.0,7.808189793227585
6.0,7.0,3.1724843771013256
12.0,13.0,1.6230949865488349
10.0,10.0,2.3603086192747345
5.0,7.0,1.0694737760392539
17.0,17.0,1.1857819615838452
24.0,25.0,1.6268958082070653
31.0,36.0,1.697383516099601
31.0,36.0,1.5243161520861246
7.0,9.0,0.5288008691636817
27.0,29.0,1.3222850850132488
2.0,4.0,7.66752541742307
1.0,4.0,2.8280318845261117
0.0,2.0,1.4932703060051966
0.0,7.0,2.211002445385606
5.0,24.0,3.0974246762847404
0.0,4.0,0.6556365573030575
1.0,8.0,1.2070054494922822
4.0,44.0,3.599444205129632
1.0,26.0,1.7212213891217594
14.0,77.0,3.0866395045432125
2.0,10.0,0.2509688967525966
1.0,4.0,7.66752541742307
1.0,4.0,2.8280318845261117
1.0,2.0,1.4932703060051966
2.0,7.0,2.211002445385606
7.0,24.0,3.0974246762847404
0.0,4.0,0.6556365573030575
1.0,8.0,1.2070054494922822
15.0,44.0,3.599444205129632
9.0,26.0,1.7212213891217594
13.0,77.0,3.0866395045432125
1.0,10.0,0.2509688967525966
2.0,4.0,7.66752541742307
1.0,4.0,2.8280318845261117
1.0,2.0,1.4932703060051966
1.0,7.0,2.211002445385606
5.0,24.0,3.0974246762847404
1.0,4.0,0.6556365573030575
2.0,8.0,1.2070054494922822
17.0,44.0,3.599444205129632
7.0,26.0,1.7212213891217594
20.0,77.0,3.0866395045432125
1.0,10.0,0.2509688967525966
2.0,4.0,7.66752541742307
1.0,4.0,2.8280318845261117
2.0,2.0,1.4932703060051966
5.0,7.0,2.211002445385606
8.0,24.0,3.0974246762847404
1.0,4.0,0.6556365573030575
5.0,8.0,1.2070054494922822
17.0,44.0,3.599444205129632
6.0,26.0,1.7212213891217594
34.0,77.0,3.0866395045432125
3.0,10.0,0.2509688967525966
3.0,4.0,7.66752541742307
4.0,4.0,2.8280318845261117
1.0,2.0,1.4932703060051966
4.0,7.0,2.211002445385606
12.0,24.0,3.0974246762847404
3.0,4.0,0.6556365573030575
3.0,8.0,1.2070054494922822
24.0,44.0,3.599444205129632
11.0,26.0,1.7212213891217594
44.0,77.0,3.0866395045432125
4.0,10.0,0.2509688967525966
4.0,4.0,7.66752541742307
2.0,4.0,2.8280318845261117
1.0,2.0,1.4932703060051966
4.0,7.0,2.211002445385606
18.0,24.0,3.0974246762847404
3.0,4.0,0.6556365573030575
7.0,8.0,1.2070054494922822
27.0,44.0,3.599444205129632
16.0,26.0,1.7212213891217594
47.0,77.0,3.0866395045432125
5.0,10.0,0.2509688967525966
3.0,4.0,7.66752541742307
1.0,4.0,2.8280318845261117
2.0,2.0,1.4932703060051966
7.0,7.0,2.211002445385606
19.0,24.0,3.0974246762847404
3.0,4.0,0.6556365573030575
7.0,8.0,1.2070054494922822
30.0,44.0,3.599444205129632
21.0,26.0,1.7212213891217594
49.0,77.0,3.0866395045432125
7.0,10.0,0.2509688967525966
2.0,4.0,7.66752541742307
4.0,4.0,2.8280318845261117
1.0,2.0,1.4932703060051966
4.0,7.0,2.211002445385606
19.0,24.0,3.0974246762847404
3.0,4.0,0.6556365573030575
8.0,8.0,1.2070054494922822
36.0,44.0,3.599444205129632
18.0,26.0,1.7212213891217594
59.0,77.0,3.0866395045432125
7.0,10.0,0.2509688967525966
3.0,4.0,7.66752541742307
4.0,4.0,2.8280318845261117
2.0,2.0,1.4932703060051966
7.0,7.0,2.211002445385606
21.0,24.0,3.0974246762847404
4.0,4.0,0.6556365573030575
8.0,8.0,1.2070054494922822
38.0,44.0,3.599444205129632
23.0,26.0,1.7212213891217594
64.0,77.0,3.0866395045432125
10.0,10.0,0.2509688967525966
2.0,4.0,4.416417493137791
1.0,2.0,1.9057740582673124
2.0,13.0,5.440883461424069
0.0,8.0,2.323109937784344
2.0,20.0,3.829178531601429
1.0,11.0,0.8952892479802819
11.0,90.0,5.004951507792071
3.0,23.0,0.5555853270122841
1.0,5.0,0.22003609337674157
1.0,10.0,0.3540192668255003
7.0,38.0,1.4444499353968436
1.0,4.0,4.416417493137791
0.0,2.0,1.9057740582673124
1.0,13.0,5.440883461424069
1.0,8.0,2.323109937784344
4.0,20.0,3.829178531601429
3.0,11.0,0.8952892479802819
20.0,90.0,5.004951507792071
4.0,23.0,0.5555853270122841
1.0,5.0,0.22003609337674157
1.0,10.0,0.3540192668255003
8.0,38.0,1.4444499353968436
2.0,4.0,4.416417493137791
1.0,2.0,1.9057740582673124
4.0,13.0,5.440883461424069
1.0,8.0,2.323109937784344
5.0,20.0,3.829178531601429
6.0,11.0,0.8952892479802819
28.0,90.0,5.004951507792071
6.0,23.0,0.5555853270122841
1.0,5.0,0.22003609337674157
4.0,10.0,0.3540192668255003
13.0,38.0,1.4444499353968436
2.0,4.0,4.416417493137791
1.0,2.0,1.9057740582673124
5.0,13.0,5.440883461424069
2.0,8.0,2.323109937784344
8.0,20.0,3.829178531601429
3.0,11.0,0.8952892479802819
34.0,90.0,5.004951507792071
10.0,23.0,0.5555853270122841
2.0,5.0,0.22003609337674157
4.0,10.0,0.3540192668255003
17.0,38.0,1.4444499353968436
1.0,4.0,4.416417493137791
0.0,2.0,1.9057740582673124
9.0,13.0,5.440883461424069
3.0,8.0,2.323109937784344
9.0,20.0,3.829178531601429
5.0,11.0,0.8952892479802819
41.0,90.0,5.004951507792071
15.0,23.0,0.5555853270122841
3.0,5.0,0.22003609337674157
7.0,10.0,0.3540192668255003
19.0,38.0,1.4444499353968436
2.0,4.0,4.416417493137791
2.0,2.0,1.9057740582673124
8.0,13.0,5.440883461424069
3.0,8.0,2.323109937784344
10.0,20.0,3.829178531601429
8.0,11.0,0.8952892479802819
53.0,90.0,5.004951507792071
13.0,23.0,0.5555853270122841
4.0,5.0,0.22003609337674157
7.0,10.0,0.3540192668255003
21.0,38.0,1.4444499353968436
2.0,4.0,4.416417493137791
2.0,2.0,1.9057740582673124
9.0,13.0,5.440883461424069
6.0,8.0,2.323109937784344
14.0,20.0,3.829178531601429
8.0,11.0,0.8952892479802819
63.0,90.0,5.004951507792071
19.0,23.0,0.5555853270122841
3.0,5.0,0.22003609337674157
9.0,10.0,0.3540192668255003
29.0,38.0,1.4444499353968436
3.0,4.0,4.416417493137791
1.0,2.0,1.9057740582673124
10.0,13.0,5.440883461424069
7.0,8.0,2.323109937784344
13.0,20.0,3.829178531601429
10.0,11.0,0.8952892479802819
69.0,90.0,5.004951507792071
20.0,23.0,0.5555853270122841
3.0,5.0,0.22003609337674157
8.0,10.0,0.3540192668255003
33.0,38.0,1.4444499353968436
4.0,4.0,4.416417493137791
2.0,2.0,1.9057740582673124
11.0,13.0,5.440883461424069
7.0,8.0,2.323109937784344
16.0,20.0,3.829178531601429
10.0,11.0,0.8952892479802819
81.0,90.0,5.004951507792071
20.0,23.0,0.5555853270122841
4.0,5.0,0.22003609337674157
9.0,10.0,0.3540192668255003
30.0,38.0,1.4444499353968436
1.0,5.0,3.7638599720834387
2.0,6.0,1.1110078664130532
1.0,6.0,1.292658580482326
0.0,3.0,0.7584965360678662
3.0,18.0,4.304744799510214
4.0,29.0,2.665940206999823
2.0,40.0,2.5730759548974
2.0,48.0,1.614870800742472
5.0,65.0,1.931755302852184
1.0,19.0,0.4794719251338246
4.0,34.0,0.7498421218705826
1.0,5.0,3.7638599720834387
2.0,6.0,1.1110078664130532
2.0,6.0,1.292658580482326
1.0,3.0,0.7584965360678662
7.0,18.0,4.304744799510214
5.0,29.0,2.665940206999823
4.0,40.0,2.5730759548974
9.0,48.0,1.614870800742472
10.0,65.0,1.931755302852184
2.0,19.0,0.4794719251338246
7.0,34.0,0.7498421218705826
2.0,5.0,3.7638599720834387
3.0,6.0,1.1110078664130532
1.0,6.0,1.292658580482326
0.0,3.0,0.7584965360678662
5.0,18.0,4.304744799510214
8.0,29.0,2.665940206999823
11.0,40.0,2.5730759548974
11.0,48.0,1.614870800742472
26.0,65.0,1.931755302852184
9.0,19.0,0.4794719251338246
12.0,34.0,0.7498421218705826
2.0,5.0,3.7638599720834387
4.0,6.0,1.1110078664130532
2.0,6.0,1.292658580482326
0.0,3.0,0.7584965360678662
8.0,18.0,4.304744799510214
10.0,29.0,2.665940206999823
18.0,40.0,2.5730759548974
21.0,48.0,1.614870800742472
25.0,65.0,1.931755302852184
8.0,19.0,0.4794719251338246
14.0,34.0,0.7498421218705826
4.0,5.0,3.7638599720834387
2.0,6.0,1.1110078664130532
1.0,6.0,1.292658580482326
3.0,3.0,0.7584965360678662
9.0,18.0,4.304744799510214
15.0,29.0,2.665940206999823
20.0,40.0,2.5730759548974
22.0,48.0,1.614870800742472
37.0,65.0,1.931755302852184
9.0,19.0,0.4794719251338246
20.0,34.0,0.7498421218705826
3.0,5.0,3.7638599720834387
3.0,6.0,1.1110078664130532
5.0,6.0,1.292658580482326
2.0,3.0,0.7584965360678662
13.0,18.0,4.304744799510214
16.0,29.0,2.665940206999823
25.0,40.0,2.5730759548974
30.0,48.0,1.614870800742472
34.0,65.0,1.931755302852184
12.0,19.0,0.4794719251338246
20.0,34.0,0.7498421218705826
5.0,5.0,3.7638599720834387
3.0,6.0,1.1110078664130532
3.0,6.0,1.292658580482326
2.0,3.0,0.7584965360678662
8.0,18.0,4.304744799510214
23.0,29.0,2.665940206999823
27.0,40.0,2.5730759548974
31.0,48.0,1.614870800742472
50.0,65.0,1.931755302852184
14.0,19.0,0.4794719251338246
24.0,34.0,0.7498421218705826
4.0,5.0,3.7638599720834387
5.0,6.0,1.1110078664130532
5.0,6.0,1.292658580482326
3.0,3.0,0.7584965360678662
16.0,18.0,4.304744799510214
22.0,29.0,2.665940206999823
34.0,40.0,2.5730759548974
40.0,48.0,1.614870800742472
55.0,65.0,1.931755302852184
14.0,19.0,0.4794719251338246
27.0,34.0,0.7498421218705826
5.0,5.0,3.7638599720834387
6.0,6.0,1.1110078664130532
6.0,6.0,1.292658580482326
3.0,3.0,0.7584965360678662
17.0,18.0,4.304744799510214
27.0,29.0,2.665940206999823
38.0,40.0,2.5730759548974
46.0,48.0,1.614870800742472
59.0,65.0,1.931755302852184
18.0,19.0,0.4794719251338246
30.0,34.0,0.7498421218705826
1.0,3.0,5.554171187147199
2.0,5.0,7.922676148281573
1.0,5.0,1.841734078804331
3.0,14.0,3.6319664199351624
4.0,31.0,3.957121835691793
1.0,7.0,0.503540821338152
3.0,22.0,1.0453877154833477
10.0,68.0,2.513535818582703
7.0,62.0,1.8229841792012162
5.0,56.0,1.1479423593613305
4.0,42.0,0.7679169309777228
1.0,3.0,5.554171187147199
0.0,5.0,7.922676148281573
2.0,5.0,1.841734078804331
4.0,14.0,3.6319664199351624
3.0,31.0,3.957121835691793
0.0,7.0,0.503540821338152
7.0,22.0,1.0453877154833477
13.0,68.0,2.513535818582703
9.0,62.0,1.8229841792012162
14.0,56.0,1.1479423593613305
8.0,42.0,0.7679169309777228
1.0,3.0,5.554171187147199
1.0,5.0,7.922676148281573
2.0,5.0,1.841734078804331
3.0,14.0,3.6319664199351624
10.0,31.0,3.957121835691793
4.0,7.0,0.503540821338152
6.0,22.0,1.0453877154833477
20.0,68.0,2.513535818582703
19.0,62.0,1.8229841792012162
11.0,56.0,1.1479423593613305
15.0,42.0,0.7679169309777228
1.0,3.0,5.554171187147199
4.0,5.0,7.922676148281573
0.0,5.0,1.841734078804331
5.0,14.0,3.6319664199351624
14.0,31.0,3.957121835691793
4.0,7.0,0.503540821338152
12.0,22.0,1.0453877154833477
23.0,68.0,2.513535818582703
19.0,62.0,1.8229841792012162
22.0,56.0,1.1479423593613305
17.0,42.0,0.7679169309777228
1.0,3.0,5.554171187147199
2.0,5.0,7.922676148281573
2.0,5.0,1.841734078804331
5.0,14.0,3.6319664199351624
12.0,31.0,3.957121835691793
3.0,7.0,0.503540821338152
10.0,22.0,1.0453877154833477
33.0,68.0,2.513535818582703
28.0,62.0,1.8229841792012162
28.0,56.0,1.1479423593613305
26.0,42.0,0.7679169309777228
1.0,3.0,5.554171187147199
1.0,5.0,7.922676148281573
4.0,5.0,1.841734078804331
10.0,14.0,3.6319664199351624
20.0,31.0,3.957121835691793
4.0,7.0,0.503540821338152
13.0,22.0,1.0453877154833477
38.0,68.0,2.513535818582703
37.0,62.0,1.8229841792012162
38.0,56.0,1.1479423593613305
30.0,42.0,0.7679169309777228
3.0,3.0,5.554171187147199
5.0,5.0,7.922676148281573
2.0,5.0,1.841734078804331
8.0,14.0,3.6319664199351624
25.0,31.0,3.957121835691793
4.0,7.0,0.503540821338152
15.0,22.0,1.0453877154833477
45.0,68.0,2.513535818582703
41.0,62.0,1.8229841792012162
39.0,56.0,1.1479423593613305
31.0,42.0,0.7679169309777228
2.0,3.0,5.554171187147199
3.0,5.0,7.922676148281573
5.0,5.0,1.841734078804331
10.0,14.0,3.6319664199351624
23.0,31.0,3.957121835691793
7.0,7.0,0.503540821338152
14.0,22.0,1.0453877154833477
56.0,68.0,2.513535818582703
50.0,62.0,1.8229841792012162
46.0,56.0,1.1479423593613305
40.0,42.0,0.7679169309777228
3.0,3.0,5.554171187147199
4.0,5.0,7.922676148281573
5.0,5.0,1.841734078804331
12.0,14.0,3.6319664199351624
31.0,31.0,3.957121835691793
7.0,7.0,0.503540821338152
20.0,22.0,1.0453877154833477
60.0,68.0,2.513535818582703
57.0,62.0,1.8229841792012162
48.0,56.0,1.1479423593613305
38.0,42.0,0.7679169309777228
2.0,11.0,16.319583653849527
2.0,7.0,1.4672532167318506
1.0,6.0,1.7361713435347006
2.0,10.0,1.0320105743366297
4.0,17.0,1.839804360541343
2.0,6.0,0.7768093750060265
2.0,18.0,1.7786964164442285
1.0,3.0,0.20918298579837957
4.0,62.0,4.168248414912293
2.0,7.0,0.15224617501339555
0.0,5.0,0.3547866514117926
3.0,11.0,16.319583653849527
2.0,7.0,1.4672532167318506
1.0,6.0,1.7361713435347006
0.0,10.0,1.0320105743366297
3.0,17.0,1.839804360541343
1.0,6.0,0.7768093750060265
2.0,18.0,1.7786964164442285
0.0,3.0,0.20918298579837957
15.0,62.0,4.168248414912293
2.0,7.0,0.15224617501339555
1.0,5.0,0.3547866514117926
4.0,11.0,16.319583653849527
2.0,7.0,1.4672532167318506
2.0,6.0,1.7361713435347006
3.0,10.0,1.0320105743366297
2.0,17.0,1.839804360541343
3.0,6.0,0.7768093750060265
6.0,18.0,1.7786964164442285
1.0,3.0,0.20918298579837957
24.0,62.0,4.168248414912293
4.0,7.0,0.15224617501339555
1.0,5.0,0.3547866514117926
7.0,11.0,16.319583653849527
1.0,7.0,1.4672532167318506
3.0,6.0,1.7361713435347006
2.0,10.0,1.0320105743366297
8.0,17.0,1.839804360541343
4.0,6.0,0.7768093750060265
7.0,18.0,1.7786964164442285
1.0,3.0,0.20918298579837957
20.0,62.0,4.168248414912293
3.0,7.0,0.15224617501339555
3.0,5.0,0.3547866514117926
8.0,11.0,16.319583653849527
3.0,7.0,1.4672532167318506
2.0,6.0,1.7361713435347006
7.0,10.0,1.0320105743366297
9.0,17.0,1.839804360541343
4.0,6.0,0.7768093750060265
9.0,18.0,1.7786964164442285
2.0,3.0,0.20918298579837957
39.0,62.0,4.168248414912293
4.0,7.0,0.15224617501339555
1.0,5.0,0.3547866514117926
6.0,11.0,16.319583653849527
5.0,7.0,1.4672532167318506
6.0,6.0,1.7361713435347006
8.0,10.0,1.0320105743366297
11.0,17.0,1.839804360541343
3.0,6.0,0.7768093750060265
7.0,18.0,1.7786964164442285
2.0,3.0,0.20918298579837957
38.0,62.0,4.168248414912293
3.0,7.0,0.15224617501339555
4.0,5.0,0.3547866514117926
8.0,11.0,16.319583653849527
4.0,7.0,1.4672532167318506
4.0,6.0,1.7361713435347006
7.0,10.0,1.0320105743366297
12.0,17.0,1.839804360541343
3.0,6.0,0.7768093750060265
13.0,18.0,1.7786964164442285
3.0,3.0,0.20918298579837957
45.0,62.0,4.168248414912293
4.0,7.0,0.15224617501339555
4.0,5.0,0.3547866514117926
8.0,11.0,16.319583653849527
6.0,7.0,1.4672532167318506
4.0,6.0,1.7361713435347006
7.0,10.0,1.0320105743366297
15.0,17.0,1.839804360541343
3.0,6.0,0.7768093750060265
16.0,18.0,1.7786964164442285
3.0,3.0,0.20918298579837957
51.0,62.0,4.168248414912293
6.0,7.0,0.15224617501339555
5.0,5.0,0.3547866514117926
9.0,11.0,16.319583653849527
6.0,7.0,1.4672532167318506
6.0,6.0,1.7361713435347006
9.0,10.0,1.0320105743366297
15.0,17.0,1.839804360541343
6.0,6.0,0.7768093750060265
16.0,18.0,1.7786964164442285
3.0,3.0,0.20918298579837957
52.0,62.0,4.168248414912293
6.0,7.0,0.15224617501339555
5.0,5.0,0.3547866514117926
1.0,5.0,8.545216118486127
1.0,8.0,1.9199814360245684
1.0,12.0,2.5718432853741695
2.0,14.0,2.0820732019114185
2.0,39.0,3.2859511125788967
0.0,2.0,0.4018275288786776
0.0,11.0,0.4793841725054452
1.0,17.0,1.3036831160078135
5.0,51.0,4.376914937185877
2.0,24.0,0.9295483268463757
2.0,16.0,0.5302171186310101
1.0,5.0,8.545216118486127
1.0,8.0,1.9199814360245684
2.0,12.0,2.5718432853741695
3.0,14.0,2.0820732019114185
10.0,39.0,3.2859511125788967
0.0,2.0,0.4018275288786776
1.0,11.0,0.4793841725054452
3.0,17.0,1.3036831160078135
18.0,51.0,4.376914937185877
4.0,24.0,0.9295483268463757
3.0,16.0,0.5302171186310101
2.0,5.0,8.545216118486127
3.0,8.0,1.9199814360245684
3.0,12.0,2.5718432853741695
3.0,14.0,2.0820732019114185
8.0,39.0,3.2859511125788967
1.0,2.0,0.4018275288786776
4.0,11.0,0.4793841725054452
4.0,17.0,1.3036831160078135
14.0,51.0,4.376914937185877
5.0,24.0,0.9295483268463757
2.0,16.0,0.5302171186310101
2.0,5.0,8.545216118486127
6.0,8.0,1.9199814360245684
7.0,12.0,2.5718432853741695
6.0,14.0,2.0820732019114185
19.0,39.0,3.2859511125788967
0.0,2.0,0.4018275288786776
1.0,11.0,0.4793841725054452
7.0,17.0,1.3036831160078135
21.0,51.0,4.376914937185877
9.0,24.0,0.9295483268463757
8.0,16.0,0.5302171186310101
3.0,5.0,8.545216118486127
5.0,8.0,1.9199814360245684
3.0,12.0,2.5718432853741695
4.0,14.0,2.0820732019114185
20.0,39.0,3.2859511125788967
2.0,2.0,0.4018275288786776
8.0,11.0,0.4793841725054452
11.0,17.0,1.3036831160078135
28.0,51.0,4.376914937185877
10.0,24.0,0.9295483268463757
9.0,16.0,0.5302171186310101
3.0,5.0,8.545216118486127
3.0,8.0,1.9199814360245684
5.0,12.0,2.5718432853741695
9.0,14.0,2.0820732019114185
28.0,39.0,3.2859511125788967
1.0,2.0,0.4018275288786776
6.0,11.0,0.4793841725054452
9.0,17.0,1.3036831160078135
31.0,51.0,4.376914937185877
14.0,24.0,0.9295483268463757
11.0,16.0,0.5302171186310101
4.0,5.0,8.545216118486127
6.0,8.0,1.9199814360245684
9.0,12.0,2.5718432853741695
9.0,14.0,2.0820732019114185
25.0,39.0,3.2859511125788967
1.0,2.0,0.4018275288786776
8.0,11.0,0.4793841725054452
12.0,17.0,1.3036831160078135
35.0,51.0,4.376914937185877
14.0,24.0,0.9295483268463757
12.0,16.0,0.5302171186310101
4.0,5.0,8.545216118486127
7.0,8.0,1.9199814360245684
9.0,12.0,2.5718432853741695
10.0,14.0,2.0820732019114185
30.0,39.0,3.2859511125788967
2.0,2.0,0.4018275288786776
9.0,11.0,0.4793841725054452
15.0,17.0,1.3036831160078135
41.0,51.0,4.376914937185877
15.0,24.0,0.9295483268463757
9.0,16.0,0.5302171186310101
5.0,5.0,8.545216118486127
8.0,8.0,1.9199814360245684
11.0,12.0,2.5718432853741695
14.0,14.0,2.0820732019114185
35.0,39.0,3.2859511125788967
2.0,2.0,0.4018275288786776
10.0,11.0,0.4793841725054452
16.0,17.0,1.3036831160078135
48.0,51.0,4.376914937185877
19.0,24.0,0.9295483268463757
13.0,16.0,0.5302171186310101
1.0,4.0,2.378737718636198
0.0,6.0,1.9523077285514678
1.0,10.0,3.3369149761433907
1.0,15.0,1.6363708634786125
1.0,3.0,0.2870668085669751
2.0,6.0,0.952081569254706
4.0,21.0,3.0836741989837244
1.0,19.0,1.381144219479147
4.0,70.0,4.1617268990253375
1.0,18.0,0.5662360239301755
1.0,49.0,1.2056944857862841
1.0,4.0,2.378737718636198
1.0,6.0,1.9523077285514678
1.0,10.0,3.3369149761433907
4.0,15.0,1.6363708634786125
1.0,3.0,0.2870668085669751
0.0,6.0,0.952081569254706
7.0,21.0,3.0836741989837244
2.0,19.0,1.381144219479147
18.0,70.0,4.1617268990253375
3.0,18.0,0.5662360239301755
10.0,49.0,1.2056944857862841
1.0,4.0,2.378737718636198
1.0,6.0,1.9523077285514678
1.0,10.0,3.3369149761433907
1.0,15.0,1.6363708634786125
2.0,3.0,0.2870668085669751
2.0,6.0,0.952081569254706
9.0,21.0,3.0836741989837244
3.0,19.0,1.381144219479147
20.0,70.0,4.1617268990253375
7.0,18.0,0.5662360239301755
16.0,49.0,1.2056944857862841
2.0,4.0,2.378737718636198
2.0,6.0,1.9523077285514678
4.0,10.0,3.3369149761433907
9.0,15.0,1.6363708634786125
1.0,3.0,0.2870668085669751
3.0,6.0,0.952081569254706
8.0,21.0,3.0836741989837244
6.0,19.0,1.381144219479147
25.0,70.0,4.1617268990253375
5.0,18.0,0.5662360239301755
14.0,49.0,1.2056944857862841
3.0,4.0,2.378737718636198
0.0,6.0,1.9523077285514678
4.0,10.0,3.3369149761433907
10.0,15.0,1.6363708634786125
2.0,3.0,0.2870668085669751
3.0,6.0,0.952081569254706
13.0,21.0,3.0836741989837244
7.0,19.0,1.381144219479147
29.0,70.0,4.1617268990253375
10.0,18.0,0.5662360239301755
22.0,49.0,1.2056944857862841
4.0,4.0,2.378737718636198
4.0,6.0,1.9523077285514678
4.0,10.0,3.3369149761433907
11.0,15.0,1.6363708634786125
2.0,3.0,0.2870668085669751
2.0,6.0,0.952081569254706
11.0,21.0,3.0836741989837244
13.0,19.0,1.381144219479147
38.0,70.0,4.1617268990253375
9.0,18.0,0.5662360239301755
32.0,49.0,1.2056944857862841
2.0,4.0,2.378737718636198
5.0,6.0,1.9523077285514678
5.0,10.0,3.3369149761433907
8.0,15.0,1.6363708634786125
1.0,3.0,0.2870668085669751
5.0,6.0,0.952081569254706
13.0,21.0,3.0836741989837244
13.0,19.0,1.381144219479147
47.0,70.0,4.1617268990253375
13.0,18.0,0.5662360239301755
36.0,49.0,1.2056944857862841
2.0,4.0,2.378737718636198
4.0,6.0,1.9523077285514678
9.0,10.0,3.3369149761433907
14.0,15.0,1.6363708634786125
3.0,3.0,0.2870668085669751
4.0,6.0,0.952081569254706
16.0,21.0,3.0836741989837244
13.0,19.0,1.381144219479147
58.0,70.0,4.1617268990253375
15.0,18.0,0.5662360239301755
33.0,49.0,1.2056944857862841
4.0,4.0,2.378737718636198
6.0,6.0,1.9523077285514678
9.0,10.0,3.3369149761433907
14.0,15.0,1.6363708634786125
1.0,3.0,0.2870668085669751
6.0,6.0,0.952081569254706
18.0,21.0,3.0836741989837244
19.0,19.0,1.381144219479147
60.0,70.0,4.1617268990253375
17.0,18.0,0.5662360239301755
44.0,49.0,1.2056944857862841
1.0,3.0,1.734348886229799
0.0,1.0,0.096897868880498
2.0,9.0,3.260070473837132
3.0,29.0,6.3061213019054145
8.0,52.0,3.555097352896807
1.0,16.0,0.528175673510927
1.0,11.0,0.329288660406836
3.0,10.0,0.6547551662897864
2.0,29.0,1.6839773804724323
2.0,12.0,0.6068273854058699
4.0,43.0,2.3676844476592898
2.0,3.0,1.734348886229799
0.0,1.0,0.096897868880498
2.0,9.0,3.260070473837132
9.0,29.0,6.3061213019054145
7.0,52.0,3.555097352896807
2.0,16.0,0.528175673510927
2.0,11.0,0.329288660406836
3.0,10.0,0.6547551662897864
6.0,29.0,1.6839773804724323
2.0,12.0,0.6068273854058699
10.0,43.0,2.3676844476592898
2.0,3.0,1.734348886229799
1.0,1.0,0.096897868880498
1.0,9.0,3.260070473837132
8.0,29.0,6.3061213019054145
15.0,52.0,3.555097352896807
3.0,16.0,0.528175673510927
5.0,11.0,0.329288660406836
3.0,10.0,0.6547551662897864
8.0,29.0,1.6839773804724323
3.0,12.0,0.6068273854058699
11.0,43.0,2.3676844476592898
2.0,3.0,1.734348886229799
0.0,1.0,0.096897868880498
5.0,9.0,3.260070473837132
8.0,29.0,6.3061213019054145
21.0,52.0,3.555097352896807
5.0,16.0,0.528175673510927
4.0,11.0,0.329288660406836
5.0,10.0,0.6547551662897864
15.0,29.0,1.6839773804724323
8.0,12.0,0.6068273854058699
18.0,43.0,2.3676844476592898
1.0,3.0,1.734348886229799
1.0,1.0,0.096897868880498
1.0,9.0,3.260070473837132
14.0,29.0,6.3061213019054145
26.0,52.0,3.555097352896807
13.0,16.0,0.528175673510927
5.0,11.0,0.329288660406836
6.0,10.0,0.6547551662897864
12.0,29.0,1.6839773804724323
7.0,12.0,0.6068273854058699
19.0,43.0,2.3676844476592898
2.0,3.0,1.734348886229799
1.0,1.0,0.096897868880498
7.0,9.0,3.260070473837132
18.0,29.0,6.3061213019054145
29.0,52.0,3.555097352896807
9.0,16.0,0.528175673510927
7.0,11.0,0.329288660406836
8.0,10.0,0.6547551662897864
15.0,29.0,1.6839773804724323
8.0,12.0,0.6068273854058699
23.0,43.0,2.3676844476592898
2.0,3.0,1.734348886229799
1.0,1.0,0.096897868880498
5.0,9.0,3.260070473837132
23.0,29.0,6.3061213019054145
36.0,52.0,3.555097352896807
9.0,16.0,0.528175673510927
8.0,11.0,0.329288660406836
7.0,10.0,0.6547551662897864
22.0,29.0,1.6839773804724323
8.0,12.0,0.6068273854058699
33.0,43.0,2.3676844476592898
3.0,3.0,1.734348886229799
1.0,1.0,0.096897868880498
9.0,9.0,3.260070473837132
23.0,29.0,6.3061213019054145
44.0,52.0,3.555097352896807
12.0,16.0,0.528175673510927
10.0,11.0,0.329288660406836
7.0,10.0,0.6547551662897864
25.0,29.0,1.6839773804724323
10.0,12.0,0.6068273854058699
38.0,43.0,2.3676844476592898
3.0,3.0,1.734348886229799
1.0,1.0,0.096897868880498
9.0,9.0,3.260070473837132
25.0,29.0,6.3061213019054145
46.0,52.0,3.555097352896807
15.0,16.0,0.528175673510927
10.0,11.0,0.329288660406836
9.0,10.0,0.6547551662897864
26.0,29.0,1.6839773804724323
11.0,12.0,0.6068273854058699
34.0,43.0,2.3676844476592898
1.0,3.0,1.8931060289538686
1.0,14.0,5.936814970193526
1.0,4.0,0.8210577373109432
0.0,4.0,0.784123765156321
5.0,30.0,2.824371532275057
1.0,17.0,0.9210343336168767
4.0,35.0,1.7270919800564803
2.0,21.0,0.7947802605784275
2.0,28.0,1.2524573647924162
6.0,71.0,2.8248318110745823
3.0,38.0,0.9534190996184456
1.0,3.0,1.8931060289538686
3.0,14.0,5.936814970193526
0.0,4.0,0.8210577373109432
2.0,4.0,0.784123765156321
4.0,30.0,2.824371532275057
4.0,17.0,0.9210343336168767
7.0,35.0,1.7270919800564803
4.0,21.0,0.7947802605784275
6.0,28.0,1.2524573647924162
14.0,71.0,2.8248318110745823
7.0,38.0,0.9534190996184456
2.0,3.0,1.8931060289538686
5.0,14.0,5.936814970193526
1.0,4.0,0.8210577373109432
0.0,4.0,0.784123765156321
12.0,30.0,2.824371532275057
7.0,17.0,0.9210343336168767
4.0,35.0,1.7270919800564803
7.0,21.0,0.7947802605784275
10.0,28.0,1.2524573647924162
22.0,71.0,2.8248318110745823
17.0,38.0,0.9534190996184456
2.0,3.0,1.8931060289538686
6.0,14.0,5.936814970193526
3.0,4.0,0.8210577373109432
2.0,4.0,0.784123765156321
14.0,30.0,2.824371532275057
10.0,17.0,0.9210343336168767
12.0,35.0,1.7270919800564803
9.0,21.0,0.7947802605784275
10.0,28.0,1.2524573647924162
32.0,71.0,2.8248318110745823
16.0,38.0,0.9534190996184456
2.0,3.0,1.8931060289538686
7.0,14.0,5.936814970193526
1.0,4.0,0.8210577373109432
2.0,4.0,0.784123765156321
14.0,30.0,2.824371532275057
4.0,17.0,0.9210343336168767
18.0,35.0,1.7270919800564803
8.0,21.0,0.7947802605784275
11.0,28.0,1.2524573647924162
38.0,71.0,2.8248318110745823
20.0,38.0,0.9534190996184456
1.0,3.0,1.8931060289538686
10.0,14.0,5.936814970193526
1.0,4.0,0.8210577373109432
1.0,4.0,0.784123765156321
20.0,30.0,2.824371532275057
10.0,17.0,0.9210343336168767
22.0,35.0,1.7270919800564803
12.0,21.0,0.7947802605784275
18.0,28.0,1.2524573647924162
40.0,71.0,2.8248318110745823
21.0,38.0,0.9534190996184456
1.0,3.0,1.8931060289538686
12.0,14.0,5.936814970193526
3.0,4.0,0.8210577373109432
4.0,4.0,0.784123765156321
22.0,30.0,2.824371532275057
10.0,17.0,0.9210343336168767
18.0,35.0,1.7270919800564803
18.0,21.0,0.7947802605784275
22.0,28.0,1.2524573647924162
55.0,71.0,2.8248318110745823
18.0,38.0,0.9534190996184456
2.0,3.0,1.8931060289538686
11.0,14.0,5.936814970193526
3.0,4.0,0.8210577373109432
2.0,4.0,0.784123765156321
27.0,30.0,2.824371532275057
12.0,17.0,0.9210343336168767
29.0,35.0,1.7270919800564803
19.0,21.0,0.7947802605784275
20.0,28.0,1.2524573647924162
57.0,71.0,2.8248318110745823
32.0,38.0,0.9534190996184456
3.0,3.0,1.8931060289538686
12.0,14.0,5.936814970193526
4.0,4.0,0.8210577373109432
3.0,4.0,0.784123765156321
27.0,30.0,2.824371532275057
16.0,17.0,0.9210343336168767
34.0,35.0,1.7270919800564803
20.0,21.0,0.7947802605784275
25.0,28.0,1.2524573647924162
67.0,71.0,2.8248318110745823
34.0,38.0,0.9534190996184456
1.0,3.0,2.208064630898341
1.0,6.0,4.056478771210522
6.0,27.0,7.696689453870371
2.0,15.0,1.7386730752977444
3.0,13.0,0.741016241069142
0.0,11.0,1.0405909810584477
4.0,41.0,2.754199644309291
9.0,87.0,3.254108785825779
3.0,21.0,0.2713175401858066
12.0,55.0,1.2540092361843618
4.0,22.0,0.5142253202405994
1.0,3.0,2.208064630898341
1.0,6.0,4.056478771210522
7.0,27.0,7.696689453870371
5.0,15.0,1.7386730752977444
3.0,13.0,0.741016241069142
3.0,11.0,1.0405909810584477
8.0,41.0,2.754199644309291
16.0,87.0,3.254108785825779
2.0,21.0,0.2713175401858066
10.0,55.0,1.2540092361843618
4.0,22.0,0.5142253202405994
2.0,3.0,2.208064630898341
2.0,6.0,4.056478771210522
5.0,27.0,7.696689453870371
4.0,15.0,1.7386730752977444
2.0,13.0,0.741016241069142
3.0,11.0,1.0405909810584477
10.0,41.0,2.754199644309291
25.0,87.0,3.254108785825779
6.0,21.0,0.2713175401858066
21.0,55.0,1.2540092361843618
5.0,22.0,0.5142253202405994
3.0,3.0,2.208064630898341
2.0,6.0,4.056478771210522
14.0,27.0,7.696689453870371
7.0,15.0,1.7386730752977444
2.0,13.0,0.741016241069142
5.0,11.0,1.0405909810584477
20.0,41.0,2.754199644309291
33.0,87.0,3.254108785825779
11.0,21.0,0.2713175401858066
25.0,55.0,1.2540092361843618
8.0,22.0,0.5142253202405994
1.0,3.0,2.208064630898341
4.0,6.0,4.056478771210522
13.0,27.0,7.696689453870371
11.0,15.0,1.7386730752977444
5.0,13.0,0.741016241069142
8.0,11.0,1.0405909810584477
24.0,41.0,2.754199644309291
46.0,87.0,3.254108785825779
11.0,21.0,0.2713175401858066
31.0,55.0,1.2540092361843618
19.0,22.0,0.5142253202405994
2.0,3.0,2.208064630898341
4.0,6.0,4.056478771210522
16.0,27.0,7.696689453870371
11.0,15.0,1.7386730752977444
7.0,13.0,0.741016241069142
7.0,11.0,1.0405909810584477
26.0,41.0,2.754199644309291
55.0,87.0,3.254108785825779
11.0,21.0,0.2713175401858066
30.0,55.0,1.2540092361843618
11.0,22.0,0.5142253202405994
1.0,3.0,2.208064630898341
3.0,6.0,4.056478771210522
21.0,27.0,7.696689453870371
12.0,15.0,1.7386730752977444
11.0,13.0,0.741016241069142
6.0,11.0,1.0405909810584477
21.0,41.0,2.754199644309291
67.0,87.0,3.254108785825779
13.0,21.0,0.2713175401858066
33.0,55.0,1.2540092361843618
12.0,22.0,0.5142253202405994
2.0,3.0,2.208064630898341
5.0,6.0,4.056478771210522
19.0,27.0,7.696689453870371
11.0,15.0,1.7386730752977444
12.0,13.0,0.741016241069142
10.0,11.0,1.0405909810584477
34.0,41.0,2.754199644309291
73.0,87.0,3.254108785825779
16.0,21.0,0.2713175401858066
48.0,55.0,1.2540092361843618
20.0,22.0,0.5142253202405994
3.0,3.0,2.208064630898341
6.0,6.0,4.056478771210522
26.0,27.0,7.696689453870371
12.0,15.0,1.7386730752977444
11.0,13.0,0.741016241069142
11.0,11.0,1.0405909810584477
35.0,41.0,2.754199644309291
77.0,87.0,3.254108785825779
19.0,21.0,0.2713175401858066
52.0,55.0,1.2540092361843618
20.0,22.0,0.5142253202405994
1.0,6.0,8.429146384281971
0.0,5.0,2.638454733577733
1.0,17.0,2.213522275017475
1.0,16.0,1.8681774037990757
3.0,20.0,1.405745102166476
1.0,10.0,0.6432325056395534
3.0,10.0,1.2163147444755409
4.0,21.0,1.5872606343251292
0.0,5.0,0.21628457661570247
3.0,21.0,1.532667007620971
3.0,40.0,2.4927249244993286
1.0,6.0,8.429146384281971
2.0,5.0,2.638454733577733
2.0,17.0,2.213522275017475
1.0,16.0,1.8681774037990757
5.0,20.0,1.405745102166476
3.0,10.0,0.6432325056395534
1.0,10.0,1.2163147444755409
3.0,21.0,1.5872606343251292
1.0,5.0,0.21628457661570247
4.0,21.0,1.532667007620971
8.0,40.0,2.4927249244993286
2.0,6.0,8.429146384281971
2.0,5.0,2.638454733577733
4.0,17.0,2.213522275017475
6.0,16.0,1.8681774037990757
8.0,20.0,1.405745102166476
4.0,10.0,0.6432325056395534
5.0,10.0,1.2163147444755409
6.0,21.0,1.5872606343251292
2.0,5.0,0.21628457661570247
10.0,21.0,1.532667007620971
7.0,40.0,2.4927249244993286
2.0,6.0,8.429146384281971
1.0,5.0,2.638454733577733
7.0,17.0,2.213522275017475
5.0,16.0,1.8681774037990757
10.0,20.0,1.405745102166476
5.0,10.0,0.6432325056395534
1.0,10.0,1.2163147444755409
9.0,21.0,1.5872606343251292
3.0,5.0,0.21628457661570247
7.0,21.0,1.532667007620971
13.0,40.0,2.4927249244993286
6.0,6.0,8.429146384281971
3.0,5.0,2.638454733577733
5.0,17.0,2.213522275017475
10.0,16.0,1.8681774037990757
8.0,20.0,1.405745102166476
5.0,10.0,0.6432325056395534
5.0,10.0,1.2163147444755409
10.0,21.0,1.5872606343251292
4.0,5.0,0.21628457661570247
15.0,21.0,1.532667007620971
19.0,40.0,2.4927249244993286
4.0,6.0,8.429146384281971
3.0,5.0,2.638454733577733
10.0,17.0,2.213522275017475
8.0,16.0,1.8681774037990757
13.0,20.0,1.405745102166476
5.0,10.0,0.6432325056395534
6.0,10.0,1.2163147444755409
12.0,21.0,1.5872606343251292
4.0,5.0,0.21628457661570247
15.0,21.0,1.532667007620971
24.0,40.0,2.4927249244993286
4.0,6.0,8.429146384281971
1.0,5.0,2.638454733577733
10.0,17.0,2.213522275017475
8.0,16.0,1.8681774037990757
15.0,20.0,1.405745102166476
7.0,10.0,0.6432325056395534
8.0,10.0,1.2163147444755409
18.0,21.0,1.5872606343251292
2.0,5.0,0.21628457661570247
12.0,21.0,1.532667007620971
31.0,40.0,2.4927249244993286
6.0,6.0,8.429146384281971
5.0,5.0,2.638454733577733
15.0,17.0,2.213522275017475
10.0,16.0,1.8681774037990757
17.0,20.0,1.405745102166476
7.0,10.0,0.6432325056395534
9.0,10.0,1.2163147444755409
17.0,21.0,1.5872606343251292
3.0,5.0,0.21628457661570247
15.0,21.0,1.532667007620971
34.0,40.0,2.4927249244993286
6.0,6.0,8.429146384281971
4.0,5.0,2.638454733577733
16.0,17.0,2.213522275017475
14.0,16.0,1.8681774037990757
19.0,20.0,1.405745102166476
8.0,10.0,0.6432325056395534
10.0,10.0,1.2163147444755409
18.0,21.0,1.5872606343251292
5.0,5.0,0.21628457661570247
16.0,21.0,1.532667007620971
34.0,40.0,2.4927249244993286
1.0,6.0,8.831341766659467
1.0,5.0,4.569158017234536
0.0,11.0,3.0695973664871037
0.0,6.0,0.6438899469399599
1.0,7.0,0.8972235640369267
2.0,17.0,2.370840389059107
2.0,24.0,2.0087262480784895
2.0,30.0,1.619633920057587
1.0,5.0,0.2790458575000421
6.0,60.0,2.7958143276764567
3.0,14.0,0.43375680552625595
3.0,6.0,8.831341766659467
0.0,5.0,4.569158017234536
1.0,11.0,3.0695973664871037
2.0,6.0,0.6438899469399599
3.0,7.0,0.8972235640369267
4.0,17.0,2.370840389059107
2.0,24.0,2.0087262480784895
7.0,30.0,1.619633920057587
2.0,5.0,0.2790458575000421
15.0,60.0,2.7958143276764567
0.0,14.0,0.43375680552625595
3.0,6.0,8.831341766659467
1.0,5.0,4.569158017234536
4.0,11.0,3.0695973664871037
1.0,6.0,0.6438899469399599
3.0,7.0,0.8972235640369267
5.0,17.0,2.370840389059107
6.0,24.0,2.0087262480784895
13.0,30.0,1.619633920057587
2.0,5.0,0.2790458575000421
24.0,60.0,2.7958143276764567
3.0,14.0,0.43375680552625595
3.0,6.0,8.831341766659467
2.0,5.0,4.569158017234536
7.0,11.0,3.0695973664871037
3.0,6.0,0.6438899469399599
1.0,7.0,0.8972235640369267
6.0,17.0,2.370840389059107
9.0,24.0,2.0087262480784895
10.0,30.0,1.619633920057587
1.0,5.0,0.2790458575000421
29.0,60.0,2.7958143276764567
5.0,14.0,0.43375680552625595
2.0,6.0,8.831341766659467
2.0,5.0,4.569158017234536
8.0,11.0,3.0695973664871037
4.0,6.0,0.6438899469399599
2.0,7.0,0.8972235640369267
12.0,17.0,2.370840389059107
15.0,24.0,2.0087262480784895
16.0,30.0,1.619633920057587
1.0,5.0,0.2790458575000421
26.0,60.0,2.7958143276764567
7.0,14.0,0.43375680552625595
2.0,6.0,8.831341766659467
4.0,5.0,4.569158017234536
6.0,11.0,3.0695973664871037
2.0,6.0,0.6438899469399599
5.0,7.0,0.8972235640369267
13.0,17.0,2.370840389059107
16.0,24.0,2.0087262480784895
17.0,30.0,1.619633920057587
1.0,5.0,0.2790458575000421
35.0,60.0,2.7958143276764567
8.0,14.0,0.43375680552625595
4.0,6.0,8.831341766659467
2.0,5.0,4.569158017234536
8.0,11.0,3.0695973664871037
4.0,6.0,0.6438899469399599
4.0,7.0,0.8972235640369267
10.0,17.0,2.370840389059107
18.0,24.0,2.0087262480784895
19.0,30.0,1.619633920057587
2.0,5.0,0.2790458575000421
42.0,60.0,2.7958143276764567
10.0,14.0,0.43375680552625595
5.0,6.0,8.831341766659467
2.0,5.0,4.569158017234536
8.0,11.0,3.0695973664871037
5.0,6.0,0.6438899469399599
6.0,7.0,0.8972235640369267
13.0,17.0,2.370840389059107
12.0,24.0,2.0087262480784895
23.0,30.0,1.619633920057587
5.0,5.0,0.2790458575000421
45.0,60.0,2.7958143276764567
11.0,14.0,0.43375680552625595
5.0,6.0,8.831341766659467
5.0,5.0,4.569158017234536
8.0,11.0,3.0695973664871037
5.0,6.0,0.6438899469399599
7.0,7.0,0.8972235640369267
17.0,17.0,2.370840389059107
19.0,24.0,2.0087262480784895
25.0,30.0,1.619633920057587
3.0,5.0,0.2790458575000421
53.0,60.0,2.7958143276764567
13.0,14.0,0.43375680552625595
1.0,5.0,4.175935284478439
0.0,6.0,2.752994164372433
1.0,11.0,3.5117155070278443
9.0,82.0,9.635654506877755
3.0,21.0,0.6454257252177382
6.0,85.0,2.206867442053111
8.0,65.0,1.574163202330982
4.0,35.0,0.4396378204615185
11.0,103.0,2.2170334443655646
10.0,100.0,1.396354882244547
0.0,25.0,0.4191102775183677
1.0,5.0,4.175935284478439
0.0,6.0,2.752994164372433
1.0,11.0,3.5117155070278443
14.0,82.0,9.635654506877755
2.0,21.0,0.6454257252177382
20.0,85.0,2.206867442053111
17.0,65.0,1.574163202330982
8.0,35.0,0.4396378204615185
22.0,103.0,2.2170334443655646
21.0,100.0,1.396354882244547
5.0,25.0,0.4191102775183677
2.0,5.0,4.175935284478439
3.0,6.0,2.752994164372433
2.0,11.0,3.5117155070278443
29.0,82.0,9.635654506877755
8.0,21.0,0.6454257252177382
32.0,85.0,2.206867442053111
20.0,65.0,1.574163202330982
11.0,35.0,0.4396378204615185
36.0,103.0,2.2170334443655646
26.0,100.0,1.396354882244547
8.0,25.0,0.4191102775183677
2.0,5.0,4.175935284478439
2.0,6.0,2.752994164372433
2.0,11.0,3.5117155070278443
32.0,82.0,9.635654506877755
7.0,21.0,0.6454257252177382
28.0,85.0,2.206867442053111
21.0,65.0,1.574163202330982
14.0,35.0,0.4396378204615185
33.0,103.0,2.2170334443655646
40.0,100.0,1.396354882244547
12.0,25.0,0.4191102775183677
3.0,5.0,4.175935284478439
3.0,6.0,2.752994164372433
3.0,11.0,3.5117155070278443
47.0,82.0,9.635654506877755
8.0,21.0,0.6454257252177382
50.0,85.0,2.206867442053111
40.0,65.0,1.574163202330982
20.0,35.0,0.4396378204615185
50.0,103.0,2.2170334443655646
53.0,100.0,1.396354882244547
10.0,25.0,0.4191102775183677
3.0,5.0,4.175935284478439
2.0,6.0,2.752994164372433
5.0,11.0,3.5117155070278443
49.0,82.0,9.635654506877755
11.0,21.0,0.6454257252177382
53.0,85.0,2.206867442053111
45.0,65.0,1.574163202330982
18.0,35.0,0.4396378204615185
56.0,103.0,2.2170334443655646
69.0,100.0,1.396354882244547
12.0,25.0,0.4191102775183677
4.0,5.0,4.175935284478439
5.0,6.0,2.752994164372433
7.0,11.0,3.5117155070278443
56.0,82.0,9.635654506877755
13.0,21.0,0.6454257252177382
60.0,85.0,2.206867442053111
47.0,65.0,1.574163202330982
26.0,35.0,0.4396378204615185
78.0,103.0,2.2170334443655646
73.0,100.0,1.396354882244547
20.0,25.0,0.4191102775183677
3.0,5.0,4.175935284478439
3.0,6.0,2.752994164372433
8.0,11.0,3.5117155070278443
71.0,82.0,9.635654506877755
21.0,21.0,0.6454257252177382
71.0,85.0,2.206867442053111
53.0,65.0,1.574163202330982
27.0,35.0,0.4396378204615185
82.0,103.0,2.2170334443655646
85.0,100.0,1.396354882244547
21.0,25.0,0.4191102775183677
5.0,5.0,4.175935284478439
6.0,6.0,2.752994164372433
10.0,11.0,3.5117155070278443
75.0,82.0,9.635654506877755
20.0,21.0,0.6454257252177382
79.0,85.0,2.206867442053111
59.0,65.0,1.574163202330982
34.0,35.0,0.4396378204615185
87.0,103.0,2.2170334443655646
89.0,100.0,1.396354882244547
24.0,25.0,0.4191102775183677
1.0,2.0,1.4761723313304984
2.0,4.0,3.7845906121216166
1.0,6.0,3.262466679355932
8.0,60.0,9.498018612835503
1.0,19.0,1.0196318514771079
4.0,36.0,1.7244091313499867
0.0,6.0,0.1639255092111472
2.0,15.0,0.49141260097392137
3.0,35.0,2.6328665608351947
3.0,51.0,1.6311297478594415
2.0,30.0,1.0262917737634514
1.0,2.0,1.4761723313304984
3.0,4.0,3.7845906121216166
0.0,6.0,3.262466679355932
14.0,60.0,9.498018612835503
6.0,19.0,1.0196318514771079
9.0,36.0,1.7244091313499867
2.0,6.0,0.1639255092111472
5.0,15.0,0.49141260097392137
5.0,35.0,2.6328665608351947
9.0,51.0,1.6311297478594415
7.0,30.0,1.0262917737634514
2.0,2.0,1.4761723313304984
1.0,4.0,3.7845906121216166
5.0,6.0,3.262466679355932
20.0,60.0,9.498018612835503
5.0,19.0,1.0196318514771079
12.0,36.0,1.7244091313499867
3.0,6.0,0.1639255092111472
3.0,15.0,0.49141260097392137
10.0,35.0,2.6328665608351947
11.0,51.0,1.6311297478594415
9.0,30.0,1.0262917737634514
1.0,2.0,1.4761723313304984
2.0,4.0,3.7845906121216166
2.0,6.0,3.262466679355932
27.0,60.0,9.498018612835503
11.0,19.0,1.0196318514771079
18.0,36.0,1.7244091313499867
1.0,6.0,0.1639255092111472
5.0,15.0,0.49141260097392137
14.0,35.0,2.6328665608351947
27.0,51.0,1.6311297478594415
12.0,30.0,1.0262917737634514
1.0,2.0,1.4761723313304984
2.0,4.0,3.7845906121216166
3.0,6.0,3.262466679355932
23.0,60.0,9.498018612835503
13.0,19.0,1.0196318514771079
15.0,36.0,1.7244091313499867
3.0,6.0,0.1639255092111472
6.0,15.0,0.49141260097392137
16.0,35.0,2.6328665608351947
25.0,51.0,1.6311297478594415
15.0,30.0,1.0262917737634514
2.0,2.0,1.4761723313304984
0.0,4.0,3.7845906121216166
1.0,6.0,3.262466679355932
31.0,60.0,9.498018612835503
15.0,19.0,1.0196318514771079
16.0,36.0,1.7244091313499867
4.0,6.0,0.1639255092111472
8.0,15.0,0.49141260097392137
24.0,35.0,2.6328665608351947
25.0,51.0,1.6311297478594415
21.0,30.0,1.0262917737634514
1.0,2.0,1.4761723313304984
2.0,4.0,3.7845906121216166
4.0,6.0,3.262466679355932
46.0,60.0,9.498018612835503
11.0,19.0,1.0196318514771079
28.0,36.0,1.7244091313499867
4.0,6.0,0.1639255092111472
10.0,15.0,0.49141260097392137
29.0,35.0,2.6328665608351947
39.0,51.0,1.6311297478594415
22.0,30.0,1.0262917737634514
2.0,2.0,1.4761723313304984
3.0,4.0,3.7845906121216166
6.0,6.0,3.262466679355932
52.0,60.0,9.498018612835503
15.0,19.0,1.0196318514771079
27.0,36.0,1.7244091313499867
6.0,6.0,0.1639255092111472
12.0,15.0,0.49141260097392137
26.0,35.0,2.6328665608351947
40.0,51.0,1.6311297478594415
24.0,30.0,1.0262917737634514
2.0,2.0,1.4761723313304984
4.0,4.0,3.7845906121216166
6.0,6.0,3.262466679355932
52.0,60.0,9.498018612835503
15.0,19.0,1.0196318514771079
30.0,36.0,1.7244091313499867
6.0,6.0,0.1639255092111472
11.0,15.0,0.49141260097392137
32.0,35.0,2.6328665608351947
47.0,51.0,1.6311297478594415
28.0,30.0,1.0262917737634514
1.0,4.0,5.720204421907266
0.0,6.0,5.257752183140097
2.0,9.0,3.4921457586057585
0.0,4.0,0.5565148473204
5.0,55.0,6.650896191206278
1.0,4.0,0.40142834062940613
2.0,40.0,2.1404831249824166
3.0,14.0,0.41617348910195523
7.0,40.0,1.7085875089313998
4.0,71.0,2.390573456504621
2.0,8.0,0.18544487604642593
1.0,4.0,5.720204421907266
1.0,6.0,5.257752183140097
1.0,9.0,3.4921457586057585
0.0,4.0,0.5565148473204
10.0,55.0,6.650896191206278
0.0,4.0,0.40142834062940613
5.0,40.0,2.1404831249824166
1.0,14.0,0.41617348910195523
2.0,40.0,1.7085875089313998
14.0,71.0,2.390573456504621
2.0,8.0,0.18544487604642593
1.0,4.0,5.720204421907266
3.0,6.0,5.257752183140097
4.0,9.0,3.4921457586057585
1.0,4.0,0.5565148473204
19.0,55.0,6.650896191206278
1.0,4.0,0.40142834062940613
12.0,40.0,2.1404831249824166
4.0,14.0,0.41617348910195523
13.0,40.0,1.7085875089313998
26.0,71.0,2.390573456504621
3.0,8.0,0.18544487604642593
1.0,4.0,5.720204421907266
3.0,6.0,5.257752183140097
3.0,9.0,3.4921457586057585
2.0,4.0,0.5565148473204
20.0,55.0,6.650896191206278
1.0,4.0,0.40142834062940613
18.0,40.0,2.1404831249824166
5.0,14.0,0.41617348910195523
12.0,40.0,1.7085875089313998
24.0,71.0,2.390573456504621
1.0,8.0,0.18544487604642593
2.0,4.0,5.720204421907266
2.0,6.0,5.257752183140097
7.0,9.0,3.4921457586057585
3.0,4.0,0.5565148473204
29.0,55.0,6.650896191206278
3.0,4.0,0.40142834062940613
19.0,40.0,2.1404831249824166
9.0,14.0,0.41617348910195523
25.0,40.0,1.7085875089313998
47.0,71.0,2.390573456504621
4.0,8.0,0.18544487604642593
1.0,4.0,5.720204421907266
3.0,6.0,5.257752183140097
7.0,9.0,3.4921457586057585
3.0,4.0,0.5565148473204
28.0,55.0,6.650896191206278
3.0,4.0,0.40142834062940613
22.0,40.0,2.1404831249824166
8.0,14.0,0.41617348910195523
23.0,40.0,1.7085875089313998
43.0,71.0,2.390573456504621
6.0,8.0,0.18544487604642593
4.0,4.0,5.720204421907266
2.0,6.0,5.257752183140097
7.0,9.0,3.4921457586057585
2.0,4.0,0.5565148473204
44.0,55.0,6.650896191206278
2.0,4.0,0.40142834062940613
23.0,40.0,2.1404831249824166
11.0,14.0,0.41617348910195523
25.0,40.0,1.7085875089313998
48.0,71.0,2.390573456504621
7.0,8.0,0.18544487604642593
3.0,4.0,5.720204421907266
5.0,6.0,5.257752183140097
5.0,9.0,3.4921457586057585
2.0,4.0,0.5565148473204
42.0,55.0,6.650896191206278
2.0,4.0,0.40142834062940613
33.0,40.0,2.1404831249824166
11.0,14.0,0.41617348910195523
26.0,40.0,1.7085875089313998
54.0,71.0,2.390573456504621
8.0,8.0,0.18544487604642593
4.0,4.0,5.720204421907266
4.0,6.0,5.257752183140097
8.0,9.0,3.4921457586057585
4.0,4.0,0.5565148473204
52.0,55.0,6.650896191206278
4.0,4.0,0.40142834062940613
36.0,40.0,2.1404831249824166
10.0,14.0,0.41617348910195523
39.0,40.0,1.7085875089313998
67.0,71.0,2.390573456504621
7.0,8.0,0.18544487604642593
1.0,5.0,7.967285065325191
0.0,2.0,2.958173884818948
2.0,12.0,4.805439961866411
4.0,21.0,3.1076164793541605
2.0,7.0,0.6595884029015828
3.0,54.0,4.052637429630535
0.0,12.0,0.636427815733585
4.0,42.0,1.6964906963577835
0.0,17.0,0.5884290543422568
9.0,73.0,1.8838862304825459
5.0,38.0,1.3902158489132896
3.0,5.0,7.967285065325191
1.0,2.0,2.958173884818948
2.0,12.0,4.805439961866411
2.0,21.0,3.1076164793541605
2.0,7.0,0.6595884029015828
11.0,54.0,4.052637429630535
4.0,12.0,0.636427815733585
2.0,42.0,1.6964906963577835
3.0,17.0,0.5884290543422568
18.0,73.0,1.8838862304825459
5.0,38.0,1.3902158489132896
1.0,5.0,7.967285065325191
1.0,2.0,2.958173884818948
6.0,12.0,4.805439961866411
4.0,21.0,3.1076164793541605
1.0,7.0,0.6595884029015828
14.0,54.0,4.052637429630535
1.0,12.0,0.636427815733585
14.0,42.0,1.6964906963577835
7.0,17.0,0.5884290543422568
22.0,73.0,1.8838862304825459
14.0,38.0,1.3902158489132896
5.0,5.0,7.967285065325191
1.0,2.0,2.958173884818948
1.0,12.0,4.805439961866411
8.0,21.0,3.1076164793541605
3.0,7.0,0.6595884029015828
23.0,54.0,4.052637429630535
6.0,12.0,0.636427815733585
13.0,42.0,1.6964906963577835
8.0,17.0,0.5884290543422568
34.0,73.0,1.8838862304825459
13.0,38.0,1.3902158489132896
3.0,5.0,7.967285065325191
2.0,2.0,2.958173884818948
3.0,12.0,4.805439961866411
14.0,21.0,3.1076164793541605
5.0,7.0,0.6595884029015828
31.0,54.0,4.052637429630535
8.0,12.0,0.636427815733585
26.0,42.0,1.6964906963577835
8.0,17.0,0.5884290543422568
35.0,73.0,1.8838862304825459
23.0,38.0,1.3902158489132896
3.0,5.0,7.967285065325191
2.0,2.0,2.958173884818948
7.0,12.0,4.805439961866411
10.0,21.0,3.1076164793541605
3.0,7.0,0.6595884029015828
24.0,54.0,4.052637429630535
8.0,12.0,0.636427815733585
26.0,42.0,1.6964906963577835
14.0,17.0,0.5884290543422568
47.0,73.0,1.8838862304825459
28.0,38.0,1.3902158489132896
1.0,5.0,7.967285065325191
1.0,2.0,2.958173884818948
10.0,12.0,4.805439961866411
13.0,21.0,3.1076164793541605
5.0,7.0,0.6595884029015828
42.0,54.0,4.052637429630535
8.0,12.0,0.636427815733585
28.0,42.0,1.6964906963577835
15.0,17.0,0.5884290543422568
53.0,73.0,1.8838862304825459
23.0,38.0,1.3902158489132896
1.0,5.0,7.967285065325191
2.0,2.0,2.958173884818948
8.0,12.0,4.805439961866411
18.0,21.0,3.1076164793541605
6.0,7.0,0.6595884029015828
47.0,54.0,4.052637429630535
8.0,12.0,0.636427815733585
35.0,42.0,1.6964906963577835
9.0,17.0,0.5884290543422568
64.0,73.0,1.8838862304825459
30.0,38.0,1.3902158489132896
5.0,5.0,7.967285065325191
2.0,2.0,2.958173884818948
11.0,12.0,4.805439961866411
18.0,21.0,3.1076164793541605
5.0,7.0,0.6595884029015828
46.0,54.0,4.052637429630535
9.0,12.0,0.636427815733585
40.0,42.0,1.6964906963577835
15.0,17.0,0.5884290543422568
68.0,73.0,1.8838862304825459
33.0,38.0,1.3902158489132896
1.0,3.0,5.3928087810312
1.0,7.0,7.824084040430945
3.0,10.0,5.980255740818835
4.0,56.0,5.989066309928244
0.0,33.0,1.3460582807118326
5.0,45.0,1.3015638762559776
13.0,86.0,1.7913775461303185
1.0,16.0,0.3764859302925561
1.0,3.0,0.04697078760953122
1.0,23.0,0.6518412336426868
0.0,2.0,0.14191997641823076
2.0,3.0,5.3928087810312
0.0,7.0,7.824084040430945
4.0,10.0,5.980255740818835
12.0,56.0,5.989066309928244
6.0,33.0,1.3460582807118326
7.0,45.0,1.3015638762559776
17.0,86.0,1.7913775461303185
3.0,16.0,0.3764859302925561
1.0,3.0,0.04697078760953122
3.0,23.0,0.6518412336426868
1.0,2.0,0.14191997641823076
1.0,3.0,5.3928087810312
1.0,7.0,7.824084040430945
3.0,10.0,5.980255740818835
16.0,56.0,5.989066309928244
10.0,33.0,1.3460582807118326
15.0,45.0,1.3015638762559776
25.0,86.0,1.7913775461303185
5.0,16.0,0.3764859302925561
1.0,3.0,0.04697078760953122
6.0,23.0,0.6518412336426868
1.0,2.0,0.14191997641823076
2.0,3.0,5.3928087810312
3.0,7.0,7.824084040430945
3.0,10.0,5.980255740818835
20.0,56.0,5.989066309928244
15.0,33.0,1.3460582807118326
18.0,45.0,1.3015638762559776
40.0,86.0,1.7913775461303185
4.0,16.0,0.3764859302925561
1.0,3.0,0.04697078760953122
9.0,23.0,0.6518412336426868
0.0,2.0,0.14191997641823076
2.0,3.0,5.3928087810312
3.0,7.0,7.824084040430945
7.0,10.0,5.980255740818835
30.0,56.0,5.989066309928244
18.0,33.0,1.3460582807118326
24.0,45.0,1.3015638762559776
38.0,86.0,1.7913775461303185
10.0,16.0,0.3764859302925561
2.0,3.0,0.04697078760953122
10.0,23.0,0.6518412336426868
1.0,2.0,0.14191997641823076
1.0,3.0,5.3928087810312
7.0,7.0,7.824084040430945
9.0,10.0,5.980255740818835
30.0,56.0,5.989066309928244
23.0,33.0,1.3460582807118326
32.0,45.0,1.3015638762559776
43.0,86.0,1.7913775461303185
7.0,16.0,0.3764859302925561
2.0,3.0,0.04697078760953122
17.0,23.0,0.6518412336426868
1.0,2.0,0.14191997641823076
2.0,3.0,5.3928087810312
5.0,7.0,7.824084040430945
9.0,10.0,5.980255740818835
36.0,56.0,5.989066309928244
25.0,33.0,1.3460582807118326
30.0,45.0,1.3015638762559776
63.0,86.0,1.7913775461303185
10.0,16.0,0.3764859302925561
3.0,3.0,0.04697078760953122
15.0,23.0,0.6518412336426868
2.0,2.0,0.14191997641823076
2.0,3.0,5.3928087810312
5.0,7.0,7.824084040430945
9.0,10.0,5.980255740818835
52.0,56.0,5.989066309928244
26.0,33.0,1.3460582807118326
33.0,45.0,1.3015638762559776
70.0,86.0,1.7913775461303185
9.0,16.0,0.3764859302925561
3.0,3.0,0.04697078760953122
21.0,23.0,0.6518412336426868
2.0,2.0,0.14191997641823076
2.0,3.0,5.3928087810312
6.0,7.0,7.824084040430945
7.0,10.0,5.980255740818835
51.0,56.0,5.989066309928244
25.0,33.0,1.3460582807118326
40.0,45.0,1.3015638762559776
75.0,86.0,1.7913775461303185
15.0,16.0,0.3764859302925561
3.0,3.0,0.04697078760953122
20.0,23.0,0.6518412336426868
2.0,2.0,0.14191997641823076
1.0,10.0,12.97516438780884
0.0,10.0,2.9874367041732044
1.0,6.0,0.7484254691727801
1.0,8.0,1.6540207470253807
2.0,15.0,2.9177889202994365
6.0,51.0,3.8729315988544353
4.0,54.0,2.5316394081852587
2.0,19.0,0.8816834275800127
7.0,52.0,1.4320912122387321
2.0,12.0,0.5420083269233192
0.0,6.0,0.22879473674398484
2.0,10.0,12.97516438780884
3.0,10.0,2.9874367041732044
2.0,6.0,0.7484254691727801
3.0,8.0,1.6540207470253807
4.0,15.0,2.9177889202994365
11.0,51.0,3.8729315988544353
14.0,54.0,2.5316394081852587
6.0,19.0,0.8816834275800127
16.0,52.0,1.4320912122387321
4.0,12.0,0.5420083269233192
2.0,6.0,0.22879473674398484
2.0,10.0,12.97516438780884
3.0,10.0,2.9874367041732044
3.0,6.0,0.7484254691727801
1.0,8.0,1.6540207470253807
2.0,15.0,2.9177889202994365
18.0,51.0,3.8729315988544353
20.0,54.0,2.5316394081852587
3.0,19.0,0.8816834275800127
13.0,52.0,1.4320912122387321
5.0,12.0,0.5420083269233192
1.0,6.0,0.22879473674398484
3.0,10.0,12.97516438780884
3.0,10.0,2.9874367041732044
2.0,6.0,0.7484254691727801
3.0,8.0,1.6540207470253807
5.0,15.0,2.9177889202994365
22.0,51.0,3.8729315988544353
24.0,54.0,2.5316394081852587
8.0,19.0,0.8816834275800127
19.0,52.0,1.4320912122387321
4.0,12.0,0.5420083269233192
1.0,6.0,0.22879473674398484
3.0,10.0,12.97516438780884
4.0,10.0,2.9874367041732044
3.0,6.0,0.7484254691727801
3.0,8.0,1.6540207470253807
7.0,15.0,2.9177889202994365
31.0,51.0,3.8729315988544353
23.0,54.0,2.5316394081852587
9.0,19.0,0.8816834275800127
22.0,52.0,1.4320912122387321
4.0,12.0,0.5420083269233192
2.0,6.0,0.22879473674398484
5.0,10.0,12.97516438780884
6.0,10.0,2.9874367041732044
5.0,6.0,0.7484254691727801
5.0,8.0,1.6540207470253807
7.0,15.0,2.9177889202994365
28.0,51.0,3.8729315988544353
37.0,54.0,2.5316394081852587
11.0,19.0,0.8816834275800127
33.0,52.0,1.4320912122387321
9.0,12.0,0.5420083269233192
4.0,6.0,0.22879473674398484
7.0,10.0,12.97516438780884
7.0,10.0,2.9874367041732044
5.0,6.0,0.7484254691727801
6.0,8.0,1.6540207470253807
10.0,15.0,2.9177889202994365
38.0,51.0,3.8729315988544353
41.0,54.0,2.5316394081852587
14.0,19.0,0.8816834275800127
38.0,52.0,1.4320912122387321
10.0,12.0,0.5420083269233192
5.0,6.0,0.22879473674398484
7.0,10.0,12.97516438780884
5.0,10.0,2.9874367041732044
6.0,6.0,0.7484254691727801
8.0,8.0,1.6540207470253807
13.0,15.0,2.9177889202994365
38.0,51.0,3.8729315988544353
42.0,54.0,2.5316394081852587
13.0,19.0,0.8816834275800127
44.0,52.0,1.4320912122387321
9.0,12.0,0.5420083269233192
5.0,6.0,0.22879473674398484
9.0,10.0,12.97516438780884
10.0,10.0,2.9874367041732044
6.0,6.0,0.7484254691727801
7.0,8.0,1.6540207470253807
13.0,15.0,2.9177889202994365
43.0,51.0,3.8729315988544353
50.0,54.0,2.5316394081852587
15.0,19.0,0.8816834275800127
43.0,52.0,1.4320912122387321
11.0,12.0,0.5420083269233192
6.0,6.0,0.22879473674398484
1.0,2.0,2.879021874430157
0.0,5.0,3.0527849112356344
0.0,3.0,2.5753752803701517
0.0,2.0,0.8492880378362644
9.0,44.0,8.222189588247875
7.0,53.0,2.582667509980063
1.0,8.0,0.31415077094394717
10.0,85.0,2.097878787118939
9.0,59.0,1.19429536400387
3.0,42.0,0.8506757343715943
2.0,37.0,0.8680184177002377
1.0,2.0,2.879021874430157
2.0,5.0,3.0527849112356344
0.0,3.0,2.5753752803701517
1.0,2.0,0.8492880378362644
14.0,44.0,8.222189588247875
14.0,53.0,2.582667509980063
3.0,8.0,0.31415077094394717
22.0,85.0,2.097878787118939
19.0,59.0,1.19429536400387
5.0,42.0,0.8506757343715943
5.0,37.0,0.8680184177002377
1.0,2.0,2.879021874430157
1.0,5.0,3.0527849112356344
1.0,3.0,2.5753752803701517
1.0,2.0,0.8492880378362644
17.0,44.0,8.222189588247875
11.0,53.0,2.582667509980063
2.0,8.0,0.31415077094394717
26.0,85.0,2.097878787118939
21.0,59.0,1.19429536400387
8.0,42.0,0.8506757343715943
10.0,37.0,0.8680184177002377
1.0,2.0,2.879021874430157
3.0,5.0,3.0527849112356344
2.0,3.0,2.5753752803701517
1.0,2.0,0.8492880378362644
15.0,44.0,8.222189588247875
21.0,53.0,2.582667509980063
3.0,8.0,0.31415077094394717
35.0,85.0,2.097878787118939
26.0,59.0,1.19429536400387
14.0,42.0,0.8506757343715943
12.0,37.0,0.8680184177002377
1.0,2.0,2.879021874430157
4.0,5.0,3.0527849112356344
2.0,3.0,2.5753752803701517
1.0,2.0,0.8492880378362644
23.0,44.0,8.222189588247875
27.0,53.0,2.582667509980063
4.0,8.0,0.31415077094394717
44.0,85.0,2.097878787118939
31.0,59.0,1.19429536400387
26.0,42.0,0.8506757343715943
21.0,37.0,0.8680184177002377
1.0,2.0,2.879021874430157
3.0,5.0,3.0527849112356344
2.0,3.0,2.5753752803701517
2.0,2.0,0.8492880378362644
28.0,44.0,8.222189588247875
35.0,53.0,2.582667509980063
2.0,8.0,0.31415077094394717
57.0,85.0,2.097878787118939
41.0,59.0,1.19429536400387
21.0,42.0,0.8506757343715943
22.0,37.0,0.8680184177002377
2.0,2.0,2.879021874430157
2.0,5.0,3.0527849112356344
2.0,3.0,2.5753752803701517
1.0,2.0,0.8492880378362644
33.0,44.0,8.222189588247875
39.0,53.0,2.582667509980063
5.0,8.0,0.31415077094394717
60.0,85.0,2.097878787118939
41.0,59.0,1.19429536400387
26.0,42.0,0.8506757343715943
25.0,37.0,0.8680184177002377
1.0,2.0,2.879021874430157
5.0,5.0,3.0527849112356344
2.0,3.0,2.5753752803701517
2.0,2.0,0.8492880378362644
35.0,44.0,8.222189588247875
35.0,53.0,2.582667509980063
7.0,8.0,0.31415077094394717
69.0,85.0,2.097878787118939
50.0,59.0,1.19429536400387
36.0,42.0,0.8506757343715943
28.0,37.0,0.8680184177002377
2.0,2.0,2.879021874430157
4.0,5.0,3.0527849112356344
3.0,3.0,2.5753752803701517
2.0,2.0,0.8492880378362644
41.0,44.0,8.222189588247875
50.0,53.0,2.582667509980063
7.0,8.0,0.31415077094394717
73.0,85.0,2.097878787118939
49.0,59.0,1.19429536400387
37.0,42.0,0.8506757343715943
33.0,37.0,0.8680184177002377
1.0,4.0,0.8166747035531493
2.0,4.0,1.9364541484313897
3.0,19.0,6.034302994662456
3.0,23.0,2.926407466818247
1.0,16.0,1.2408433057967743
0.0,32.0,1.4799545203865012
5.0,50.0,2.6212013240443417
7.0,62.0,1.8076592190875298
10.0,104.0,2.220931428051388
6.0,40.0,0.7351595638741488
5.0,44.0,0.714721847602041
3.0,4.0,0.8166747035531493
0.0,4.0,1.9364541484313897
3.0,19.0,6.034302994662456
4.0,23.0,2.926407466818247
3.0,16.0,1.2408433057967743
6.0,32.0,1.4799545203865012
10.0,50.0,2.6212013240443417
8.0,62.0,1.8076592190875298
22.0,104.0,2.220931428051388
5.0,40.0,0.7351595638741488
9.0,44.0,0.714721847602041
3.0,4.0,0.8166747035531493
1.0,4.0,1.9364541484313897
6.0,19.0,6.034302994662456
11.0,23.0,2.926407466818247
6.0,16.0,1.2408433057967743
13.0,32.0,1.4799545203865012
13.0,50.0,2.6212013240443417
13.0,62.0,1.8076592190875298
30.0,104.0,2.220931428051388
8.0,40.0,0.7351595638741488
14.0,44.0,0.714721847602041
2.0,4.0,0.8166747035531493
1.0,4.0,1.9364541484313897
8.0,19.0,6.034302994662456
7.0,23.0,2.926407466818247
8.0,16.0,1.2408433057967743
12.0,32.0,1.4799545203865012
21.0,50.0,2.6212013240443417
27.0,62.0,1.8076592190875298
42.0,104.0,2.220931428051388
13.0,40.0,0.7351595638741488
13.0,44.0,0.714721847602041
3.0,4.0,0.8166747035531493
2.0,4.0,1.9364541484313897
11.0,19.0,6.034302994662456
10.0,23.0,2.926407466818247
11.0,16.0,1.2408433057967743
17.0,32.0,1.4799545203865012
29.0,50.0,2.6212013240443417
31.0,62.0,1.8076592190875298
43.0,104.0,2.220931428051388
22.0,40.0,0.7351595638741488
21.0,44.0,0.714721847602041
3.0,4.0,0.8166747035531493
3.0,4.0,1.9364541484313897
13.0,19.0,6.034302994662456
12.0,23.0,2.926407466818247
9.0,16.0,1.2408433057967743
17.0,32.0,1.4799545203865012
28.0,50.0,2.6212013240443417
43.0,62.0,1.8076592190875298
60.0,104.0,2.220931428051388
24.0,40.0,0.7351595638741488
24.0,44.0,0.714721847602041
2.0,4.0,0.8166747035531493
3.0,4.0,1.9364541484313897
16.0,19.0,6.034302994662456
16.0,23.0,2.926407466818247
11.0,16.0,1.2408433057967743
25.0,32.0,1.4799545203865012
31.0,50.0,2.6212013240443417
49.0,62.0,1.8076592190875298
76.0,104.0,2.220931428051388
25.0,40.0,0.7351595638741488
31.0,44.0,0.714721847602041
4.0,4.0,0.8166747035531493
4.0,4.0,1.9364541484313897
15.0,19.0,6.034302994662456
17.0,23.0,2.926407466818247
11.0,16.0,1.2408433057967743
27.0,32.0,1.4799545203865012
41.0,50.0,2.6212013240443417
52.0,62.0,1.8076592190875298
84.0,104.0,2.220931428051388
35.0,40.0,0.7351595638741488
36.0,44.0,0.714721847602041
3.0,4.0,0.8166747035531493
3.0,4.0,1.9364541484313897
18.0,19.0,6.034302994662456
21.0,23.0,2.926407466818247
15.0,16.0,1.2408433057967743
29.0,32.0,1.4799545203865012
41.0,50.0,2.6212013240443417
54.0,62.0,1.8076592190875298
98.0,104.0,2.220931428051388
34.0,40.0,0.7351595638741488
39.0,44.0,0.714721847602041
1.0,3.0,3.538613788883149
0.0,3.0,2.544006894308843
1.0,4.0,2.1520366310844667
2.0,5.0,0.850411975082301
1.0,24.0,5.5364961734160865
1.0,14.0,1.14178007540531
8.0,45.0,2.838007719708179
2.0,23.0,0.9084674899682782
2.0,28.0,1.1744876384338812
3.0,25.0,1.0145531069314566
1.0,26.0,0.9163516178503823
1.0,3.0,3.538613788883149
2.0,3.0,2.544006894308843
0.0,4.0,2.1520366310844667
1.0,5.0,0.850411975082301
6.0,24.0,5.5364961734160865
4.0,14.0,1.14178007540531
10.0,45.0,2.838007719708179
5.0,23.0,0.9084674899682782
6.0,28.0,1.1744876384338812
3.0,25.0,1.0145531069314566
5.0,26.0,0.9163516178503823
1.0,3.0,3.538613788883149
2.0,3.0,2.544006894308843
1.0,4.0,2.1520366310844667
1.0,5.0,0.850411975082301
9.0,24.0,5.5364961734160865
4.0,14.0,1.14178007540531
9.0,45.0,2.838007719708179
11.0,23.0,0.9084674899682782
6.0,28.0,1.1744876384338812
14.0,25.0,1.0145531069314566
8.0,26.0,0.9163516178503823
1.0,3.0,3.538613788883149
0.0,3.0,2.544006894308843
1.0,4.0,2.1520366310844667
3.0,5.0,0.850411975082301
10.0,24.0,5.5364961734160865
6.0,14.0,1.14178007540531
21.0,45.0,2.838007719708179
11.0,23.0,0.9084674899682782
13.0,28.0,1.1744876384338812
10.0,25.0,1.0145531069314566
12.0,26.0,0.9163516178503823
3.0,3.0,3.538613788883149
2.0,3.0,2.544006894308843
2.0,4.0,2.1520366310844667
2.0,5.0,0.850411975082301
12.0,24.0,5.5364961734160865
6.0,14.0,1.14178007540531
23.0,45.0,2.838007719708179
13.0,23.0,0.9084674899682782
16.0,28.0,1.1744876384338812
10.0,25.0,1.0145531069314566
18.0,26.0,0.9163516178503823
2.0,3.0,3.538613788883149
3.0,3.0,2.544006894308843
1.0,4.0,2.1520366310844667
2.0,5.0,0.850411975082301
13.0,24.0,5.5364961734160865
10.0,14.0,1.14178007540531
22.0,45.0,2.838007719708179
16.0,23.0,0.9084674899682782
16.0,28.0,1.1744876384338812
12.0,25.0,1.0145531069314566
16.0,26.0,0.9163516178503823
1.0,3.0,3.538613788883149
3.0,3.0,2.544006894308843
3.0,4.0,2.1520366310844667
2.0,5.0,0.850411975082301
18.0,24.0,5.5364961734160865
10.0,14.0,1.14178007540531
38.0,45.0,2.838007719708179
15.0,23.0,0.9084674899682782
21.0,28.0,1.1744876384338812
14.0,25.0,1.0145531069314566
20.0,26.0,0.9163516178503823
2.0,3.0,3.538613788883149
3.0,3.0,2.544006894308843
4.0,4.0,2.1520366310844667
3.0,5.0,0.850411975082301
22.0,24.0,5.5364961734160865
14.0,14.0,1.14178007540531
31.0,45.0,2.838007719708179
18.0,23.0,0.9084674899682782
23.0,28.0,1.1744876384338812
16.0,25.0,1.0145531069314566
18.0,26.0,0.9163516178503823
3.0,3.0,3.538613788883149
3.0,3.0,2.544006894308843
4.0,4.0,2.1520366310844667
5.0,5.0,0.850411975082301
21.0,24.0,5.5364961734160865
13.0,14.0,1.14178007540531
41.0,45.0,2.838007719708179
20.0,23.0,0.9084674899682782
26.0,28.0,1.1744876384338812
21.0,25.0,1.0145531069314566
23.0,26.0,0.9163516178503823
1.0,2.0,0.8438012737376042
0.0,2.0,2.553827205591178
2.0,8.0,4.986625145218791
1.0,18.0,3.6699403156663224
2.0,9.0,0.9386957448799437
3.0,31.0,2.4777768195242027
1.0,15.0,0.9678132763265395
2.0,34.0,1.7275605675601022
1.0,20.0,1.4378569807999764
1.0,10.0,0.683766887588569
7.0,45.0,2.4224221784712943
1.0,2.0,0.8438012737376042
1.0,2.0,2.553827205591178
1.0,8.0,4.986625145218791
4.0,18.0,3.6699403156663224
1.0,9.0,0.9386957448799437
3.0,31.0,2.4777768195242027
3.0,15.0,0.9678132763265395
7.0,34.0,1.7275605675601022
5.0,20.0,1.4378569807999764
3.0,10.0,0.683766887588569
9.0,45.0,2.4224221784712943
1.0,2.0,0.8438012737376042
0.0,2.0,2.553827205591178
1.0,8.0,4.986625145218791
7.0,18.0,3.6699403156663224
4.0,9.0,0.9386957448799437
9.0,31.0,2.4777768195242027
6.0,15.0,0.9678132763265395
12.0,34.0,1.7275605675601022
4.0,20.0,1.4378569807999764
3.0,10.0,0.683766887588569
10.0,45.0,2.4224221784712943
2.0,2.0,0.8438012737376042
0.0,2.0,2.553827205591178
4.0,8.0,4.986625145218791
8.0,18.0,3.6699403156663224
5.0,9.0,0.9386957448799437
9.0,31.0,2.4777768195242027
6.0,15.0,0.9678132763265395
12.0,34.0,1.7275605675601022
5.0,20.0,1.4378569807999764
4.0,10.0,0.683766887588569
16.0,45.0,2.4224221784712943
1.0,2.0,0.8438012737376042
0.0,2.0,2.553827205591178
4.0,8.0,4.986625145218791
9.0,18.0,3.6699403156663224
7.0,9.0,0.9386957448799437
16.0,31.0,2.4777768195242027
5.0,15.0,0.9678132763265395
15.0,34.0,1.7275605675601022
8.0,20.0,1.4378569807999764
4.0,10.0,0.683766887588569
26.0,45.0,2.4224221784712943
2.0,2.0,0.8438012737376042
1.0,2.0,2.553827205591178
4.0,8.0,4.986625145218791
6.0,18.0,3.6699403156663224
8.0,9.0,0.9386957448799437
13.0,31.0,2.4777768195242027
9.0,15.0,0.9678132763265395
17.0,34.0,1.7275605675601022
14.0,20.0,1.4378569807999764
5.0,10.0,0.683766887588569
24.0,45.0,2.4224221784712943
1.0,2.0,0.8438012737376042
2.0,2.0,2.553827205591178
7.0,8.0,4.986625145218791
13.0,18.0,3.6699403156663224
7.0,9.0,0.9386957448799437
20.0,31.0,2.4777768195242027
11.0,15.0,0.9678132763265395
22.0,34.0,1.7275605675601022
11.0,20.0,1.4378569807999764
6.0,10.0,0.683766887588569
30.0,45.0,2.4224221784712943
1.0,2.0,0.8438012737376042
2.0,2.0,2.553827205591178
6.0,8.0,4.986625145218791
16.0,18.0,3.6699403156663224
5.0,9.0,0.9386957448799437
27.0,31.0,2.4777768195242027
13.0,15.0,0.9678132763265395
28.0,34.0,1.7275605675601022
14.0,20.0,1.4378569807999764
8.0,10.0,0.683766887588569
39.0,45.0,2.4224221784712943
2.0,2.0,0.8438012737376042
2.0,2.0,2.553827205591178
7.0,8.0,4.986625145218791
18.0,18.0,3.6699403156663224
9.0,9.0,0.9386957448799437
27.0,31.0,2.4777768195242027
12.0,15.0,0.9678132763265395
27.0,34.0,1.7275605675601022
18.0,20.0,1.4378569807999764
10.0,10.0,0.683766887588569
41.0,45.0,2.4224221784712943
1.0,4.0,7.6799551233032455
0.0,3.0,2.6584885561179696
2.0,6.0,1.6863001544276937
2.0,19.0,3.5191121717440965
0.0,39.0,2.9147023638059504
0.0,17.0,1.0245765265807982
1.0,8.0,0.23896824230528743
2.0,8.0,0.7025475067270255
8.0,60.0,3.3366279462473307
6.0,41.0,1.3344869042223855
1.0,10.0,0.1859049443688119
1.0,4.0,7.6799551233032455
1.0,3.0,2.6584885561179696
1.0,6.0,1.6863001544276937
1.0,19.0,3.5191121717440965
7.0,39.0,2.9147023638059504
2.0,17.0,1.0245765265807982
0.0,8.0,0.23896824230528743
2.0,8.0,0.7025475067270255
15.0,60.0,3.3366279462473307
6.0,41.0,1.3344869042223855
3.0,10.0,0.1859049443688119
1.0,4.0,7.6799551233032455
1.0,3.0,2.6584885561179696
3.0,6.0,1.6863001544276937
1.0,19.0,3.5191121717440965
6.0,39.0,2.9147023638059504
4.0,17.0,1.0245765265807982
1.0,8.0,0.23896824230528743
7.0,8.0,0.7025475067270255
20.0,60.0,3.3366279462473307
9.0,41.0,1.3344869042223855
2.0,10.0,0.1859049443688119
2.0,4.0,7.6799551233032455
1.0,3.0,2.6584885561179696
2.0,6.0,1.6863001544276937
9.0,19.0,3.5191121717440965
13.0,39.0,2.9147023638059504
9.0,17.0,1.0245765265807982
4.0,8.0,0.23896824230528743
4.0,8.0,0.7025475067270255
24.0,60.0,3.3366279462473307
16.0,41.0,1.3344869042223855
7.0,10.0,0.1859049443688119
2.0,4.0,7.6799551233032455
1.0,3.0,2.6584885561179696
3.0,6.0,1.6863001544276937
9.0,19.0,3.5191121717440965
19.0,39.0,2.9147023638059504
11.0,17.0,1.0245765265807982
5.0,8.0,0.23896824230528743
4.0,8.0,0.7025475067270255
28.0,60.0,3.3366279462473307
18.0,41.0,1.3344869042223855
4.0,10.0,0.1859049443688119
3.0,4.0,7.6799551233032455
2.0,3.0,2.6584885561179696
3.0,6.0,1.6863001544276937
13.0,19.0,3.5191121717440965
24.0,39.0,2.9147023638059504
11.0,17.0,1.0245765265807982
5.0,8.0,0.23896824230528743
6.0,8.0,0.7025475067270255
34.0,60.0,3.3366279462473307
23.0,41.0,1.3344869042223855
5.0,10.0,0.1859049443688119
1.0,4.0,7.6799551233032455
2.0,3.0,2.6584885561179696
6.0,6.0,1.6863001544276937
13.0,19.0,3.5191121717440965
30.0,39.0,2.9147023638059504
12.0,17.0,1.0245765265807982
7.0,8.0,0.23896824230528743
5.0,8.0,0.7025475067270255
43.0,60.0,3.3366279462473307
30.0,41.0,1.3344869042223855
7.0,10.0,0.1859049443688119
3.0,4.0,7.6799551233032455
1.0,3.0,2.6584885561179696
5.0,6.0,1.6863001544276937
15.0,19.0,3.5191121717440965
31.0,39.0,2.9147023638059504
16.0,17.0,1.0245765265807982
4.0,8.0,0.23896824230528743
6.0,8.0,0.7025475067270255
47.0,60.0,3.3366279462473307
33.0,41.0,1.3344869042223855
9.0,10.0,0.1859049443688119
3.0,4.0,7.6799551233032455
2.0,3.0,2.6584885561179696
5.0,6.0,1.6863001544276937
18.0,19.0,3.5191121717440965
33.0,39.0,2.9147023638059504
15.0,17.0,1.0245765265807982
8.0,8.0,0.23896824230528743
7.0,8.0,0.7025475067270255
56.0,60.0,3.3366279462473307
39.0,41.0,1.3344869042223855
8.0,10.0,0.1859049443688119
1.0,5.0,3.0920880675093
3.0,22.0,5.4557675605016716
3.0,47.0,4.633385970026667
1.0,9.0,0.33756352659393796
2.0,26.0,1.0130184711353984
4.0,33.0,1.86646776121816
3.0,31.0,1.1066026283509993
2.0,20.0,0.6979015950528318
1.0,31.0,0.9674112961418391
4.0,31.0,1.2197957490860074
1.0,15.0,0.6081016181138894
2.0,5.0,3.0920880675093
7.0,22.0,5.4557675605016716
5.0,47.0,4.633385970026667
4.0,9.0,0.33756352659393796
8.0,26.0,1.0130184711353984
12.0,33.0,1.86646776121816
6.0,31.0,1.1066026283509993
5.0,20.0,0.6979015950528318
7.0,31.0,0.9674112961418391
8.0,31.0,1.2197957490860074
2.0,15.0,0.6081016181138894
2.0,5.0,3.0920880675093
6.0,22.0,5.4557675605016716
16.0,47.0,4.633385970026667
4.0,9.0,0.33756352659393796
6.0,26.0,1.0130184711353984
13.0,33.0,1.86646776121816
10.0,31.0,1.1066026283509993
6.0,20.0,0.6979015950528318
7.0,31.0,0.9674112961418391
10.0,31.0,1.2197957490860074
4.0,15.0,0.6081016181138894
2.0,5.0,3.0920880675093
7.0,22.0,5.4557675605016716
19.0,47.0,4.633385970026667
2.0,9.0,0.33756352659393796
17.0,26.0,1.0130184711353984
20.0,33.0,1.86646776121816
5.0,31.0,1.1066026283509993
8.0,20.0,0.6979015950528318
12.0,31.0,0.9674112961418391
12.0,31.0,1.2197957490860074
4.0,15.0,0.6081016181138894
2.0,5.0,3.0920880675093
9.0,22.0,5.4557675605016716
24.0,47.0,4.633385970026667
4.0,9.0,0.33756352659393796
16.0,26.0,1.0130184711353984
21.0,33.0,1.86646776121816
15.0,31.0,1.1066026283509993
9.0,20.0,0.6979015950528318
14.0,31.0,0.9674112961418391
16.0,31.0,1.2197957490860074
8.0,15.0,0.6081016181138894
4.0,5.0,3.0920880675093
13.0,22.0,5.4557675605016716
28.0,47.0,4.633385970026667
3.0,9.0,0.33756352659393796
20.0,26.0,1.0130184711353984
21.0,33.0,1.86646776121816
15.0,31.0,1.1066026283509993
11.0,20.0,0.6979015950528318
19.0,31.0,0.9674112961418391
22.0,31.0,1.2197957490860074
7.0,15.0,0.6081016181138894
5.0,5.0,3.0920880675093
17.0,22.0,5.4557675605016716
37.0,47.0,4.633385970026667
7.0,9.0,0.33756352659393796
20.0,26.0,1.0130184711353984
23.0,33.0,1.86646776121816
19.0,31.0,1.1066026283509993
17.0,20.0,0.6979015950528318
23.0,31.0,0.9674112961418391
17.0,31.0,1.2197957490860074
10.0,15.0,0.6081016181138894
4.0,5.0,3.0920880675093
20.0,22.0,5.4557675605016716
39.0,47.0,4.633385970026667
8.0,9.0,0.33756352659393796
20.0,26.0,1.0130184711353984
29.0,33.0,1.86646776121816
21.0,31.0,1.1066026283509993
15.0,20.0,0.6979015950528318
25.0,31.0,0.9674112961418391
23.0,31.0,1.2197957490860074
13.0,15.0,0.6081016181138894
5.0,5.0,3.0920880675093
20.0,22.0,5.4557675605016716
45.0,47.0,4.633385970026667
8.0,9.0,0.33756352659393796
24.0,26.0,1.0130184711353984
25.0,33.0,1.86646776121816
26.0,31.0,1.1066026283509993
20.0,20.0,0.6979015950528318
29.0,31.0,0.9674112961418391
30.0,31.0,1.2197957490860074
14.0,15.0,0.6081016181138894
1.0,6.0,9.350166467822639
2.0,10.0,5.144234749573941
0.0,11.0,1.801367164216894
0.0,9.0,1.44183287012906
0.0,14.0,2.064030789367675
1.0,27.0,2.7389646891781574
6.0,36.0,2.739716265743722
7.0,72.0,2.9498863578492474
9.0,96.0,2.77515744629245
15.0,104.0,1.8126453063285266
6.0,30.0,0.44183410765389186
1.0,6.0,9.350166467822639
2.0,10.0,5.144234749573941
1.0,11.0,1.801367164216894
2.0,9.0,1.44183287012906
2.0,14.0,2.064030789367675
7.0,27.0,2.7389646891781574
5.0,36.0,2.739716265743722
10.0,72.0,2.9498863578492474
21.0,96.0,2.77515744629245
22.0,104.0,1.8126453063285266
7.0,30.0,0.44183410765389186
2.0,6.0,9.350166467822639
3.0,10.0,5.144234749573941
4.0,11.0,1.801367164216894
1.0,9.0,1.44183287012906
2.0,14.0,2.064030789367675
7.0,27.0,2.7389646891781574
12.0,36.0,2.739716265743722
21.0,72.0,2.9498863578492474
31.0,96.0,2.77515744629245
28.0,104.0,1.8126453063285266
7.0,30.0,0.44183410765389186
3.0,6.0,9.350166467822639
2.0,10.0,5.144234749573941
6.0,11.0,1.801367164216894
3.0,9.0,1.44183287012906
3.0,14.0,2.064030789367675
8.0,27.0,2.7389646891781574
9.0,36.0,2.739716265743722
24.0,72.0,2.9498863578492474
40.0,96.0,2.77515744629245
41.0,104.0,1.8126453063285266
12.0,30.0,0.44183410765389186
5.0,6.0,9.350166467822639
8.0,10.0,5.144234749573941
7.0,11.0,1.801367164216894
4.0,9.0,1.44183287012906
8.0,14.0,2.064030789367675
15.0,27.0,2.7389646891781574
15.0,36.0,2.739716265743722
47.0,72.0,2.9498863578492474
50.0,96.0,2.77515744629245
45.0,104.0,1.8126453063285266
15.0,30.0,0.44183410765389186
3.0,6.0,9.350166467822639
5.0,10.0,5.144234749573941
7.0,11.0,1.801367164216894
7.0,9.0,1.44183287012906
5.0,14.0,2.064030789367675
15.0,27.0,2.7389646891781574
20.0,36.0,2.739716265743722
45.0,72.0,2.9498863578492474
60.0,96.0,2.77515744629245
63.0,104.0,1.8126453063285266
18.0,30.0,0.44183410765389186
5.0,6.0,9.350166467822639
6.0,10.0,5.144234749573941
10.0,11.0,1.801367164216894
8.0,9.0,1.44183287012906
6.0,14.0,2.064030789367675
15.0,27.0,2.7389646891781574
22.0,36.0,2.739716265743722
50.0,72.0,2.9498863578492474
72.0,96.0,2.77515744629245
78.0,104.0,1.8126453063285266
24.0,30.0,0.44183410765389186
5.0,6.0,9.350166467822639
9.0,10.0,5.144234749573941
11.0,11.0,1.801367164216894
7.0,9.0,1.44183287012906
9.0,14.0,2.064030789367675
22.0,27.0,2.7389646891781574
30.0,36.0,2.739716265743722
61.0,72.0,2.9498863578492474
83.0,96.0,2.77515744629245
82.0,104.0,1.8126453063285266
26.0,30.0,0.44183410765389186
6.0,6.0,9.350166467822639
10.0,10.0,5.144234749573941
11.0,11.0,1.801367164216894
8.0,9.0,1.44183287012906
12.0,14.0,2.064030789367675
23.0,27.0,2.7389646891781574
30.0,36.0,2.739716265743722
65.0,72.0,2.9498863578492474
91.0,96.0,2.77515744629245
96.0,104.0,1.8126453063285266
26.0,30.0,0.44183410765389186
2.0,7.0,8.550251216428268
2.0,15.0,3.6793307104384985
2.0,23.0,2.4608008021982823
0.0,1.0,0.11278993352610067
3.0,44.0,2.899844992934015
3.0,17.0,0.6395215179149661
5.0,43.0,1.8405004624987917
0.0,5.0,0.247408837175048
9.0,64.0,3.0173119720230845
5.0,46.0,1.7632598200031013
1.0,10.0,0.28279529199211073
1.0,7.0,8.550251216428268
5.0,15.0,3.6793307104384985
4.0,23.0,2.4608008021982823
0.0,1.0,0.11278993352610067
9.0,44.0,2.899844992934015
1.0,17.0,0.6395215179149661
6.0,43.0,1.8405004624987917
1.0,5.0,0.247408837175048
5.0,64.0,3.0173119720230845
6.0,46.0,1.7632598200031013
2.0,10.0,0.28279529199211073
3.0,7.0,8.550251216428268
7.0,15.0,3.6793307104384985
9.0,23.0,2.4608008021982823
1.0,1.0,0.11278993352610067
17.0,44.0,2.899844992934015
2.0,17.0,0.6395215179149661
8.0,43.0,1.8405004624987917
1.0,5.0,0.247408837175048
13.0,64.0,3.0173119720230845
15.0,46.0,1.7632598200031013
1.0,10.0,0.28279529199211073
1.0,7.0,8.550251216428268
5.0,15.0,3.6793307104384985
9.0,23.0,2.4608008021982823
0.0,1.0,0.11278993352610067
21.0,44.0,2.899844992934015
9.0,17.0,0.6395215179149661
16.0,43.0,1.8405004624987917
2.0,5.0,0.247408837175048
19.0,64.0,3.0173119720230845
15.0,46.0,1.7632598200031013
3.0,10.0,0.28279529199211073
4.0,7.0,8.550251216428268
7.0,15.0,3.6793307104384985
10.0,23.0,2.4608008021982823
1.0,1.0,0.11278993352610067
23.0,44.0,2.899844992934015
7.0,17.0,0.6395215179149661
19.0,43.0,1.8405004624987917
2.0,5.0,0.247408837175048
26.0,64.0,3.0173119720230845
23.0,46.0,1.7632598200031013
5.0,10.0,0.28279529199211073
2.0,7.0,8.550251216428268
9.0,15.0,3.6793307104384985
17.0,23.0,2.4608008021982823
1.0,1.0,0.11278993352610067
25.0,44.0,2.899844992934015
14.0,17.0,0.6395215179149661
21.0,43.0,1.8405004624987917
3.0,5.0,0.247408837175048
46.0,64.0,3.0173119720230845
23.0,46.0,1.7632598200031013
7.0,10.0,0.28279529199211073
5.0,7.0,8.550251216428268
12.0,15.0,3.6793307104384985
19.0,23.0,2.4608008021982823
1.0,1.0,0.11278993352610067
29.0,44.0,2.899844992934015
10.0,17.0,0.6395215179149661
37.0,43.0,1.8405004624987917
4.0,5.0,0.247408837175048
47.0,64.0,3.0173119720230845
31.0,46.0,1.7632598200031013
7.0,10.0,0.28279529199211073
6.0,7.0,8.550251216428268
14.0,15.0,3.6793307104384985
21.0,23.0,2.4608008021982823
1.0,1.0,0.11278993352610067
33.0,44.0,2.899844992934015
15.0,17.0,0.6395215179149661
33.0,43.0,1.8405004624987917
3.0,5.0,0.247408837175048
54.0,64.0,3.0173119720230845
38.0,46.0,1.7632598200031013
7.0,10.0,0.28279529199211073
6.0,7.0,8.550251216428268
14.0,15.0,3.6793307104384985
21.0,23.0,2.4608008021982823
1.0,1.0,0.11278993352610067
41.0,44.0,2.899844992934015
14.0,17.0,0.6395215179149661
39.0,43.0,1.8405004624987917
5.0,5.0,0.247408837175048
57.0,64.0,3.0173119720230845
42.0,46.0,1.7632598200031013
8.0,10.0,0.28279529199211073
1.0,10.0,8.391808262310729
2.0,18.0,5.842702734232044
2.0,13.0,1.3751421374334885
4.0,25.0,1.5725493354849374
3.0,46.0,3.044055715057984
5.0,50.0,1.6046099597800532
1.0,16.0,0.543028428166537
0.0,3.0,0.039008219545239045
8.0,57.0,2.3673061293329627
4.0,38.0,1.1996146394202187
5.0,50.0,1.3774882111973334
3.0,10.0,8.391808262310729
4.0,18.0,5.842702734232044
1.0,13.0,1.3751421374334885
4.0,25.0,1.5725493354849374
9.0,46.0,3.044055715057984
12.0,50.0,1.6046099597800532
6.0,16.0,0.543028428166537
1.0,3.0,0.039008219545239045
17.0,57.0,2.3673061293329627
8.0,38.0,1.1996146394202187
14.0,50.0,1.3774882111973334
6.0,10.0,8.391808262310729
7.0,18.0,5.842702734232044
3.0,13.0,1.3751421374334885
5.0,25.0,1.5725493354849374
11.0,46.0,3.044055715057984
18.0,50.0,1.6046099597800532
3.0,16.0,0.543028428166537
1.0,3.0,0.039008219545239045
25.0,57.0,2.3673061293329627
11.0,38.0,1.1996146394202187
14.0,50.0,1.3774882111973334
7.0,10.0,8.391808262310729
10.0,18.0,5.842702734232044
8.0,13.0,1.3751421374334885
11.0,25.0,1.5725493354849374
17.0,46.0,3.044055715057984
20.0,50.0,1.6046099597800532
7.0,16.0,0.543028428166537
1.0,3.0,0.039008219545239045
28.0,57.0,2.3673061293329627
17.0,38.0,1.1996146394202187
15.0,50.0,1.3774882111973334
6.0,10.0,8.391808262310729
9.0,18.0,5.842702734232044
8.0,13.0,1.3751421374334885
15.0,25.0,1.5725493354849374
17.0,46.0,3.044055715057984
20.0,50.0,1.6046099597800532
9.0,16.0,0.543028428166537
1.0,3.0,0.039008219545239045
29.0,57.0,2.3673061293329627
11.0,38.0,1.1996146394202187
22.0,50.0,1.3774882111973334
6.0,10.0,8.391808262310729
9.0,18.0,5.842702734232044
10.0,13.0,1.3751421374334885
16.0,25.0,1.5725493354849374
25.0,46.0,3.044055715057984
23.0,50.0,1.6046099597800532
10.0,16.0,0.543028428166537
3.0,3.0,0.039008219545239045
33.0,57.0,2.3673061293329627
24.0,38.0,1.1996146394202187
25.0,50.0,1.3774882111973334
5.0,10.0,8.391808262310729
12.0,18.0,5.842702734232044
11.0,13.0,1.3751421374334885
19.0,25.0,1.5725493354849374
34.0,46.0,3.044055715057984
36.0,50.0,1.6046099597800532
12.0,16.0,0.543028428166537
2.0,3.0,0.039008219545239045
36.0,57.0,2.3673061293329627
27.0,38.0,1.1996146394202187
33.0,50.0,1.3774882111973334
8.0,10.0,8.391808262310729
13.0,18.0,5.842702734232044
12.0,13.0,1.3751421374334885
20.0,25.0,1.5725493354849374
34.0,46.0,3.044055715057984
40.0,50.0,1.6046099597800532
15.0,16.0,0.543028428166537
2.0,3.0,0.039008219545239045
47.0,57.0,2.3673061293329627
31.0,38.0,1.1996146394202187
43.0,50.0,1.3774882111973334
7.0,10.0,8.391808262310729
16.0,18.0,5.842702734232044
12.0,13.0,1.3751421374334885
23.0,25.0,1.5725493354849374
43.0,46.0,3.044055715057984
46.0,50.0,1.6046099597800532
15.0,16.0,0.543028428166537
3.0,3.0,0.039008219545239045
49.0,57.0,2.3673061293329627
36.0,38.0,1.1996146394202187
41.0,50.0,1.3774882111973334
1.0,6.0,9.892252902348668
0.0,5.0,0.7085839357992376
1.0,14.0,4.441225641766532
3.0,9.0,1.7804159777147208
4.0,40.0,3.3056981089538224
3.0,38.0,2.0200993680132835
0.0,5.0,0.10839763466551185
1.0,9.0,0.2988742304551338
3.0,30.0,1.60880708810172
0.0,22.0,1.3839426436308824
3.0,29.0,1.4471443999242106
3.0,6.0,9.892252902348668
1.0,5.0,0.7085839357992376
3.0,14.0,4.441225641766532
0.0,9.0,1.7804159777147208
9.0,40.0,3.3056981089538224
7.0,38.0,2.0200993680132835
1.0,5.0,0.10839763466551185
2.0,9.0,0.2988742304551338
5.0,30.0,1.60880708810172
3.0,22.0,1.3839426436308824
8.0,29.0,1.4471443999242106
2.0,6.0,9.892252902348668
2.0,5.0,0.7085839357992376
1.0,14.0,4.441225641766532
3.0,9.0,1.7804159777147208
13.0,40.0,3.3056981089538224
10.0,38.0,2.0200993680132835
5.0,5.0,0.10839763466551185
2.0,9.0,0.2988742304551338
11.0,30.0,1.60880708810172
5.0,22.0,1.3839426436308824
13.0,29.0,1.4471443999242106
1.0,6.0,9.892252902348668
1.0,5.0,0.7085839357992376
5.0,14.0,4.441225641766532
3.0,9.0,1.7804159777147208
18.0,40.0,3.3056981089538224
15.0,38.0,2.0200993680132835
2.0,5.0,0.10839763466551185
2.0,9.0,0.2988742304551338
15.0,30.0,1.60880708810172
6.0,22.0,1.3839426436308824
10.0,29.0,1.4471443999242106
1.0,6.0,9.892252902348668
2.0,5.0,0.7085839357992376
8.0,14.0,4.441225641766532
5.0,9.0,1.7804159777147208
17.0,40.0,3.3056981089538224
18.0,38.0,2.0200993680132835
4.0,5.0,0.10839763466551185
4.0,9.0,0.2988742304551338
15.0,30.0,1.60880708810172
7.0,22.0,1.3839426436308824
18.0,29.0,1.4471443999242106
2.0,6.0,9.892252902348668
2.0,5.0,0.7085839357992376
7.0,14.0,4.441225641766532
2.0,9.0,1.7804159777147208
28.0,40.0,3.3056981089538224
27.0,38.0,2.0200993680132835
2.0,5.0,0.10839763466551185
6.0,9.0,0.2988742304551338
16.0,30.0,1.60880708810172
10.0,22.0,1.3839426436308824
19.0,29.0,1.4471443999242106
4.0,6.0,9.892252902348668
3.0,5.0,0.7085839357992376
11.0,14.0,4.441225641766532
5.0,9.0,1.7804159777147208
29.0,40.0,3.3056981089538224
29.0,38.0,2.0200993680132835
3.0,5.0,0.10839763466551185
5.0,9.0,0.2988742304551338
20.0,30.0,1.60880708810172
15.0,22.0,1.3839426436308824
19.0,29.0,1.4471443999242106
3.0,6.0,9.892252902348668
3.0,5.0,0.7085839357992376
11.0,14.0,4.441225641766532
8.0,9.0,1.7804159777147208
31.0,40.0,3.3056981089538224
32.0,38.0,2.0200993680132835
4.0,5.0,0.10839763466551185
5.0,9.0,0.2988742304551338
22.0,30.0,1.60880708810172
18.0,22.0,1.3839426436308824
23.0,29.0,1.4471443999242106
6.0,6.0,9.892252902348668
5.0,5.0,0.7085839357992376
13.0,14.0,4.441225641766532
8.0,9.0,1.7804159777147208
38.0,40.0,3.3056981089538224
33.0,38.0,2.0200993680132835
5.0,5.0,0.10839763466551185
8.0,9.0,0.2988742304551338
23.0,30.0,1.60880708810172
20.0,22.0,1.3839426436308824
28.0,29.0,1.4471443999242106
1.0,8.0,6.329664639411127
1.0,3.0,1.448476453979784
0.0,10.0,1.9705452944759134
2.0,20.0,3.057724120921208
9.0,94.0,7.5003666905072714
7.0,55.0,1.2208784003055921
11.0,97.0,1.8279184377368618
2.0,23.0,0.4004473000643231
6.0,52.0,0.9586143624011538
9.0,67.0,1.2716116121005505
0.0,23.0,0.39497388659627114
1.0,8.0,6.329664639411127
1.0,3.0,1.448476453979784
1.0,10.0,1.9705452944759134
5.0,20.0,3.057724120921208
19.0,94.0,7.5003666905072714
10.0,55.0,1.2208784003055921
24.0,97.0,1.8279184377368618
6.0,23.0,0.4004473000643231
10.0,52.0,0.9586143624011538
17.0,67.0,1.2716116121005505
9.0,23.0,0.39497388659627114
3.0,8.0,6.329664639411127
0.0,3.0,1.448476453979784
4.0,10.0,1.9705452944759134
5.0,20.0,3.057724120921208
29.0,94.0,7.5003666905072714
18.0,55.0,1.2208784003055921
29.0,97.0,1.8279184377368618
10.0,23.0,0.4004473000643231
17.0,52.0,0.9586143624011538
17.0,67.0,1.2716116121005505
9.0,23.0,0.39497388659627114
3.0,8.0,6.329664639411127
1.0,3.0,1.448476453979784
4.0,10.0,1.9705452944759134
7.0,20.0,3.057724120921208
38.0,94.0,7.5003666905072714
28.0,55.0,1.2208784003055921
38.0,97.0,1.8279184377368618
7.0,23.0,0.4004473000643231
22.0,52.0,0.9586143624011538
25.0,67.0,1.2716116121005505
8.0,23.0,0.39497388659627114
4.0,8.0,6.329664639411127
0.0,3.0,1.448476453979784
2.0,10.0,1.9705452944759134
9.0,20.0,3.057724120921208
50.0,94.0,7.5003666905072714
31.0,55.0,1.2208784003055921
46.0,97.0,1.8279184377368618
10.0,23.0,0.4004473000643231
27.0,52.0,0.9586143624011538
35.0,67.0,1.2716116121005505
12.0,23.0,0.39497388659627114
5.0,8.0,6.329664639411127
1.0,3.0,1.448476453979784
7.0,10.0,1.9705452944759134
8.0,20.0,3.057724120921208
53.0,94.0,7.5003666905072714
35.0,55.0,1.2208784003055921
61.0,97.0,1.8279184377368618
10.0,23.0,0.4004473000643231
31.0,52.0,0.9586143624011538
42.0,67.0,1.2716116121005505
17.0,23.0,0.39497388659627114
6.0,8.0,6.329664639411127
2.0,3.0,1.448476453979784
7.0,10.0,1.9705452944759134
16.0,20.0,3.057724120921208
67.0,94.0,7.5003666905072714
41.0,55.0,1.2208784003055921
69.0,97.0,1.8279184377368618
12.0,23.0,0.4004473000643231
33.0,52.0,0.9586143624011538
45.0,67.0,1.2716116121005505
18.0,23.0,0.39497388659627114
8.0,8.0,6.329664639411127
2.0,3.0,1.448476453979784
8.0,10.0,1.9705452944759134
13.0,20.0,3.057724120921208
78.0,94.0,7.5003666905072714
41.0,55.0,1.2208784003055921
83.0,97.0,1.8279184377368618
20.0,23.0,0.4004473000643231
42.0,52.0,0.9586143624011538
59.0,67.0,1.2716116121005505
20.0,23.0,0.39497388659627114
7.0,8.0,6.329664639411127
3.0,3.0,1.448476453979784
8.0,10.0,1.9705452944759134
19.0,20.0,3.057724120921208
81.0,94.0,7.5003666905072714
48.0,55.0,1.2208784003055921
88.0,97.0,1.8279184377368618
21.0,23.0,0.4004473000643231
47.0,52.0,0.9586143624011538
65.0,67.0,1.2716116121005505
19.0,23.0,0.39497388659627114
1.0,3.0,2.4262416349344034
1.0,6.0,6.351666643408056
4.0,16.0,3.3552301038160586
1.0,3.0,0.3242074967457337
0.0,2.0,0.38537818629705844
0.0,10.0,2.0168699909218275
1.0,10.0,1.9920134994686127
1.0,4.0,0.4766674316786404
3.0,21.0,2.2434497780966045
9.0,56.0,4.333812127038758
2.0,33.0,1.5730101126429723
1.0,3.0,2.4262416349344034
2.0,6.0,6.351666643408056
3.0,16.0,3.3552301038160586
1.0,3.0,0.3242074967457337
1.0,2.0,0.38537818629705844
2.0,10.0,2.0168699909218275
2.0,10.0,1.9920134994686127
1.0,4.0,0.4766674316786404
5.0,21.0,2.2434497780966045
12.0,56.0,4.333812127038758
6.0,33.0,1.5730101126429723
1.0,3.0,2.4262416349344034
1.0,6.0,6.351666643408056
5.0,16.0,3.3552301038160586
1.0,3.0,0.3242074967457337
0.0,2.0,0.38537818629705844
2.0,10.0,2.0168699909218275
4.0,10.0,1.9920134994686127
1.0,4.0,0.4766674316786404
8.0,21.0,2.2434497780966045
15.0,56.0,4.333812127038758
15.0,33.0,1.5730101126429723
1.0,3.0,2.4262416349344034
1.0,6.0,6.351666643408056
7.0,16.0,3.3552301038160586
1.0,3.0,0.3242074967457337
1.0,2.0,0.38537818629705844
1.0,10.0,2.0168699909218275
6.0,10.0,1.9920134994686127
1.0,4.0,0.4766674316786404
8.0,21.0,2.2434497780966045
25.0,56.0,4.333812127038758
12.0,33.0,1.5730101126429723
2.0,3.0,2.4262416349344034
3.0,6.0,6.351666643408056
10.0,16.0,3.3552301038160586
2.0,3.0,0.3242074967457337
1.0,2.0,0.38537818629705844
7.0,10.0,2.0168699909218275
4.0,10.0,1.9920134994686127
2.0,4.0,0.4766674316786404
13.0,21.0,2.2434497780966045
27.0,56.0,4.333812127038758
20.0,33.0,1.5730101126429723
1.0,3.0,2.4262416349344034
2.0,6.0,6.351666643408056
11.0,16.0,3.3552301038160586
3.0,3.0,0.3242074967457337
2.0,2.0,0.38537818629705844
3.0,10.0,2.0168699909218275
6.0,10.0,1.9920134994686127
3.0,4.0,0.4766674316786404
11.0,21.0,2.2434497780966045
29.0,56.0,4.333812127038758
16.0,33.0,1.5730101126429723
2.0,3.0,2.4262416349344034
4.0,6.0,6.351666643408056
11.0,16.0,3.3552301038160586
0.0,3.0,0.3242074967457337
1.0,2.0,0.38537818629705844
9.0,10.0,2.0168699909218275
9.0,10.0,1.9920134994686127
4.0,4.0,0.4766674316786404
16.0,21.0,2.2434497780966045
35.0,56.0,4.333812127038758
26.0,33.0,1.5730101126429723
2.0,3.0,2.4262416349344034
5.0,6.0,6.351666643408056
14.0,16.0,3.3552301038160586
3.0,3.0,0.3242074967457337
2.0,2.0,0.38537818629705844
7.0,10.0,2.0168699909218275
9.0,10.0,1.9920134994686127
2.0,4.0,0.4766674316786404
17.0,21.0,2.2434497780966045
41.0,56.0,4.333812127038758
23.0,33.0,1.5730101126429723
3.0,3.0,2.4262416349344034
6.0,6.0,6.351666643408056
14.0,16.0,3.3552301038160586
2.0,3.0,0.3242074967457337
2.0,2.0,0.38537818629705844
10.0,10.0,2.0168699909218275
10.0,10.0,1.9920134994686127
3.0,4.0,0.4766674316786404
21.0,21.0,2.2434497780966045
49.0,56.0,4.333812127038758
29.0,33.0,1.5730101126429723
1.0,4.0,1.1306331131677525
0.0,2.0,1.4485533091635674
0.0,4.0,1.8935716336507056
1.0,9.0,2.4890521935760166
1.0,9.0,1.910192681807827
4.0,14.0,1.9824578376574273
1.0,14.0,1.2223460327936428
3.0,8.0,0.7058054881530608
2.0,15.0,1.571495449666497
13.0,95.0,6.666433466607602
1.0,38.0,0.8040598097290971
1.0,4.0,1.1306331131677525
0.0,2.0,1.4485533091635674
1.0,4.0,1.8935716336507056
3.0,9.0,2.4890521935760166
3.0,9.0,1.910192681807827
3.0,14.0,1.9824578376574273
3.0,14.0,1.2223460327936428
1.0,8.0,0.7058054881530608
4.0,15.0,1.571495449666497
9.0,95.0,6.666433466607602
4.0,38.0,0.8040598097290971
2.0,4.0,1.1306331131677525
0.0,2.0,1.4485533091635674
1.0,4.0,1.8935716336507056
1.0,9.0,2.4890521935760166
4.0,9.0,1.910192681807827
5.0,14.0,1.9824578376574273
4.0,14.0,1.2223460327936428
3.0,8.0,0.7058054881530608
4.0,15.0,1.571495449666497
29.0,95.0,6.666433466607602
11.0,38.0,0.8040598097290971
1.0,4.0,1.1306331131677525
1.0,2.0,1.4485533091635674
1.0,4.0,1.8935716336507056
4.0,9.0,2.4890521935760166
3.0,9.0,1.910192681807827
6.0,14.0,1.9824578376574273
9.0,14.0,1.2223460327936428
5.0,8.0,0.7058054881530608
6.0,15.0,1.571495449666497
50.0,95.0,6.666433466607602
11.0,38.0,0.8040598097290971
1.0,4.0,1.1306331131677525
1.0,2.0,1.4485533091635674
3.0,4.0,1.8935716336507056
6.0,9.0,2.4890521935760166
3.0,9.0,1.910192681807827
6.0,14.0,1.9824578376574273
7.0,14.0,1.2223460327936428
3.0,8.0,0.7058054881530608
5.0,15.0,1.571495449666497
44.0,95.0,6.666433466607602
20.0,38.0,0.8040598097290971
4.0,4.0,1.1306331131677525
1.0,2.0,1.4485533091635674
3.0,4.0,1.8935716336507056
5.0,9.0,2.4890521935760166
5.0,9.0,1.910192681807827
9.0,14.0,1.9824578376574273
8.0,14.0,1.2223460327936428
3.0,8.0,0.7058054881530608
7.0,15.0,1.571495449666497
60.0,95.0,6.666433466607602
26.0,38.0,0.8040598097290971
1.0,4.0,1.1306331131677525
2.0,2.0,1.4485533091635674
3.0,4.0,1.8935716336507056
7.0,9.0,2.4890521935760166
7.0,9.0,1.910192681807827
10.0,14.0,1.9824578376574273
7.0,14.0,1.2223460327936428
5.0,8.0,0.7058054881530608
9.0,15.0,1.571495449666497
66.0,95.0,6.666433466607602
28.0,38.0,0.8040598097290971
4.0,4.0,1.1306331131677525
2.0,2.0,1.4485533091635674
4.0,4.0,1.8935716336507056
9.0,9.0,2.4890521935760166
6.0,9.0,1.910192681807827
11.0,14.0,1.9824578376574273
12.0,14.0,1.2223460327936428
5.0,8.0,0.7058054881530608
14.0,15.0,1.571495449666497
72.0,95.0,6.666433466607602
30.0,38.0,0.8040598097290971
4.0,4.0,1.1306331131677525
2.0,2.0,1.4485533091635674
4.0,4.0,1.8935716336507056
8.0,9.0,2.4890521935760166
9.0,9.0,1.910192681807827
13.0,14.0,1.9824578376574273
13.0,14.0,1.2223460327936428
6.0,8.0,0.7058054881530608
14.0,15.0,1.571495449666497
88.0,95.0,6.666433466607602
35.0,38.0,0.8040598097290971
1.0,7.0,6.067725320195997
2.0,3.0,1.2108948082752051
1.0,6.0,1.030613334791941
1.0,7.0,0.8146557971359407
1.0,7.0,1.0781797586675106
3.0,24.0,2.792452673747152
1.0,7.0,0.86554110280441
2.0,14.0,1.546874445500861
9.0,77.0,4.477494305699286
3.0,34.0,0.9809754423130924
0.0,12.0,0.387959116844112
1.0,7.0,6.067725320195997
1.0,3.0,1.2108948082752051
1.0,6.0,1.030613334791941
1.0,7.0,0.8146557971359407
1.0,7.0,1.0781797586675106
5.0,24.0,2.792452673747152
1.0,7.0,0.86554110280441
2.0,14.0,1.546874445500861
12.0,77.0,4.477494305699286
7.0,34.0,0.9809754423130924
4.0,12.0,0.387959116844112
3.0,7.0,6.067725320195997
0.0,3.0,1.2108948082752051
2.0,6.0,1.030613334791941
1.0,7.0,0.8146557971359407
3.0,7.0,1.0781797586675106
4.0,24.0,2.792452673747152
1.0,7.0,0.86554110280441
4.0,14.0,1.546874445500861
22.0,77.0,4.477494305699286
9.0,34.0,0.9809754423130924
1.0,12.0,0.387959116844112
3.0,7.0,6.067725320195997
1.0,3.0,1.2108948082752051
4.0,6.0,1.030613334791941
2.0,7.0,0.8146557971359407
2.0,7.0,1.0781797586675106
8.0,24.0,2.792452673747152
4.0,7.0,0.86554110280441
9.0,14.0,1.546874445500861
37.0,77.0,4.477494305699286
14.0,34.0,0.9809754423130924
4.0,12.0,0.387959116844112
6.0,7.0,6.067725320195997
1.0,3.0,1.2108948082752051
2.0,6.0,1.030613334791941
3.0,7.0,0.8146557971359407
5.0,7.0,1.0781797586675106
11.0,24.0,2.792452673747152
3.0,7.0,0.86554110280441
6.0,14.0,1.546874445500861
33.0,77.0,4.477494305699286
15.0,34.0,0.9809754423130924
5.0,12.0,0.387959116844112
5.0,7.0,6.067725320195997
1.0,3.0,1.2108948082752051
3.0,6.0,1.030613334791941
6.0,7.0,0.8146557971359407
6.0,7.0,1.0781797586675106
14.0,24.0,2.792452673747152
3.0,7.0,0.86554110280441
8.0,14.0,1.546874445500861
51.0,77.0,4.477494305699286
15.0,34.0,0.9809754423130924
7.0,12.0,0.387959116844112
5.0,7.0,6.067725320195997
3.0,3.0,1.2108948082752051
5.0,6.0,1.030613334791941
5.0,7.0,0.8146557971359407
4.0,7.0,1.0781797586675106
15.0,24.0,2.792452673747152
7.0,7.0,0.86554110280441
8.0,14.0,1.546874445500861
61.0,77.0,4.477494305699286
23.0,34.0,0.9809754423130924
9.0,12.0,0.387959116844112
7.0,7.0,6.067725320195997
3.0,3.0,1.2108948082752051
4.0,6.0,1.030613334791941
6.0,7.0,0.8146557971359407
6.0,7.0,1.0781797586675106
19.0,24.0,2.792452673747152
4.0,7.0,0.86554110280441
11.0,14.0,1.546874445500861
65.0,77.0,4.477494305699286
25.0,34.0,0.9809754423130924
8.0,12.0,0.387959116844112
6.0,7.0,6.067725320195997
2.0,3.0,1.2108948082752051
6.0,6.0,1.030613334791941
6.0,7.0,0.8146557971359407
7.0,7.0,1.0781797586675106
24.0,24.0,2.792452673747152
6.0,7.0,0.86554110280441
12.0,14.0,1.546874445500861
65.0,77.0,4.477494305699286
31.0,34.0,0.9809754423130924
11.0,12.0,0.387959116844112
1.0,4.0,10.523104192992276
0.0,6.0,2.4669975913516993
3.0,10.0,4.090384955871222
1.0,13.0,2.466041077390773
2.0,25.0,2.191667057438678
2.0,12.0,1.2026203883464035
5.0,18.0,1.1767730183077802
2.0,24.0,1.1412888885412942
0.0,8.0,0.5090739193059599
3.0,22.0,1.3220195893527373
2.0,28.0,1.287068225693872
1.0,4.0,10.523104192992276
3.0,6.0,2.4669975913516993
2.0,10.0,4.090384955871222
1.0,13.0,2.466041077390773
5.0,25.0,2.191667057438678
3.0,12.0,1.2026203883464035
0.0,18.0,1.1767730183077802
6.0,24.0,1.1412888885412942
4.0,8.0,0.5090739193059599
7.0,22.0,1.3220195893527373
5.0,28.0,1.287068225693872
1.0,4.0,10.523104192992276
3.0,6.0,2.4669975913516993
0.0,10.0,4.090384955871222
1.0,13.0,2.466041077390773
4.0,25.0,2.191667057438678
4.0,12.0,1.2026203883464035
4.0,18.0,1.1767730183077802
5.0,24.0,1.1412888885412942
2.0,8.0,0.5090739193059599
9.0,22.0,1.3220195893527373
12.0,28.0,1.287068225693872
2.0,4.0,10.523104192992276
4.0,6.0,2.4669975913516993
4.0,10.0,4.090384955871222
3.0,13.0,2.466041077390773
11.0,25.0,2.191667057438678
7.0,12.0,1.2026203883464035
5.0,18.0,1.1767730183077802
10.0,24.0,1.1412888885412942
3.0,8.0,0.5090739193059599
11.0,22.0,1.3220195893527373
14.0,28.0,1.287068225693872
2.0,4.0,10.523104192992276
3.0,6.0,2.4669975913516993
5.0,10.0,4.090384955871222
4.0,13.0,2.466041077390773
8.0,25.0,2.191667057438678
8.0,12.0,1.2026203883464035
8.0,18.0,1.1767730183077802
12.0,24.0,1.1412888885412942
5.0,8.0,0.5090739193059599
9.0,22.0,1.3220195893527373
17.0,28.0,1.287068225693872
1.0,4.0,10.523104192992276
3.0,6.0,2.4669975913516993
7.0,10.0,4.090384955871222
9.0,13.0,2.466041077390773
13.0,25.0,2.191667057438678
6.0,12.0,1.2026203883464035
10.0,18.0,1.1767730183077802
16.0,24.0,1.1412888885412942
8.0,8.0,0.5090739193059599
13.0,22.0,1.3220195893527373
14.0,28.0,1.287068225693872
2.0,4.0,10.523104192992276
3.0,6.0,2.4669975913516993
4.0,10.0,4.090384955871222
7.0,13.0,2.466041077390773
16.0,25.0,2.191667057438678
7.0,12.0,1.2026203883464035
13.0,18.0,1.1767730183077802
16.0,24.0,1.1412888885412942
7.0,8.0,0.5090739193059599
18.0,22.0,1.3220195893527373
17.0,28.0,1.287068225693872
4.0,4.0,10.523104192992276
5.0,6.0,2.4669975913516993
8.0,10.0,4.090384955871222
13.0,13.0,2.466041077390773
23.0,25.0,2.191667057438678
10.0,12.0,1.2026203883464035
15.0,18.0,1.1767730183077802
17.0,24.0,1.1412888885412942
8.0,8.0,0.5090739193059599
17.0,22.0,1.3220195893527373
24.0,28.0,1.287068225693872
4.0,4.0,10.523104192992276
5.0,6.0,2.4669975913516993
10.0,10.0,4.090384955871222
12.0,13.0,2.466041077390773
22.0,25.0,2.191667057438678
11.0,12.0,1.2026203883464035
15.0,18.0,1.1767730183077802
23.0,24.0,1.1412888885412942
8.0,8.0,0.5090739193059599
19.0,22.0,1.3220195893527373
26.0,28.0,1.287068225693872
1.0,7.0,10.704940087998288
1.0,12.0,4.170960562113979
2.0,11.0,1.2937322867011964
3.0,33.0,3.517558370700673
17.0,108.0,5.010659605497649
1.0,10.0,0.2943422588802793
0.0,5.0,0.10853434393017476
0.0,10.0,0.41288286379741856
5.0,75.0,3.612588365636622
8.0,51.0,1.6999760457579607
2.0,22.0,0.5674200269857425
1.0,7.0,10.704940087998288
1.0,12.0,4.170960562113979
2.0,11.0,1.2937322867011964
5.0,33.0,3.517558370700673
23.0,108.0,5.010659605497649
1.0,10.0,0.2943422588802793
1.0,5.0,0.10853434393017476
1.0,10.0,0.41288286379741856
17.0,75.0,3.612588365636622
7.0,51.0,1.6999760457579607
2.0,22.0,0.5674200269857425
4.0,7.0,10.704940087998288
3.0,12.0,4.170960562113979
4.0,11.0,1.2937322867011964
10.0,33.0,3.517558370700673
26.0,108.0,5.010659605497649
2.0,10.0,0.2943422588802793
4.0,5.0,0.10853434393017476
4.0,10.0,0.41288286379741856
17.0,75.0,3.612588365636622
19.0,51.0,1.6999760457579607
9.0,22.0,0.5674200269857425
1.0,7.0,10.704940087998288
7.0,12.0,4.170960562113979
3.0,11.0,1.2937322867011964
16.0,33.0,3.517558370700673
48.0,108.0,5.010659605497649
4.0,10.0,0.2943422588802793
0.0,5.0,0.10853434393017476
4.0,10.0,0.41288286379741856
24.0,75.0,3.612588365636622
24.0,51.0,1.6999760457579607
10.0,22.0,0.5674200269857425
5.0,7.0,10.704940087998288
3.0,12.0,4.170960562113979
6.0,11.0,1.2937322867011964
17.0,33.0,3.517558370700673
53.0,108.0,5.010659605497649
6.0,10.0,0.2943422588802793
4.0,5.0,0.10853434393017476
6.0,10.0,0.41288286379741856
33.0,75.0,3.612588365636622
27.0,51.0,1.6999760457579607
14.0,22.0,0.5674200269857425
5.0,7.0,10.704940087998288
9.0,12.0,4.170960562113979
6.0,11.0,1.2937322867011964
25.0,33.0,3.517558370700673
64.0,108.0,5.010659605497649
7.0,10.0,0.2943422588802793
2.0,5.0,0.10853434393017476
5.0,10.0,0.41288286379741856
45.0,75.0,3.612588365636622
31.0,51.0,1.6999760457579607
12.0,22.0,0.5674200269857425
3.0,7.0,10.704940087998288
10.0,12.0,4.170960562113979
7.0,11.0,1.2937322867011964
25.0,33.0,3.517558370700673
76.0,108.0,5.010659605497649
10.0,10.0,0.2943422588802793
2.0,5.0,0.10853434393017476
6.0,10.0,0.41288286379741856
55.0,75.0,3.612588365636622
33.0,51.0,1.6999760457579607
14.0,22.0,0.5674200269857425
5.0,7.0,10.704940087998288
10.0,12.0,4.170960562113979
7.0,11.0,1.2937322867011964
30.0,33.0,3.517558370700673
84.0,108.0,5.010659605497649
8.0,10.0,0.2943422588802793
3.0,5.0,0.10853434393017476
8.0,10.0,0.41288286379741856
57.0,75.0,3.612588365636622
42.0,51.0,1.6999760457579607
16.0,22.0,0.5674200269857425
5.0,7.0,10.704940087998288
10.0,12.0,4.170960562113979
10.0,11.0,1.2937322867011964
29.0,33.0,3.517558370700673
98.0,108.0,5.010659605497649
8.0,10.0,0.2943422588802793
5.0,5.0,0.10853434393017476
7.0,10.0,0.41288286379741856
65.0,75.0,3.612588365636622
45.0,51.0,1.6999760457579607
19.0,22.0,0.5674200269857425
1.0,4.0,7.055651201239552
2.0,6.0,2.094837823774249
1.0,10.0,2.677064271158313
3.0,24.0,3.6152068778387383
1.0,21.0,1.254631577208482
4.0,39.0,1.5446179830167714
9.0,66.0,2.453607218577858
9.0,57.0,1.395475199231084
6.0,101.0,1.8997715250278233
3.0,32.0,0.5258970211258502
0.0,2.0,0.08761370111832555
1.0,4.0,7.055651201239552
2.0,6.0,2.094837823774249
2.0,10.0,2.677064271158313
5.0,24.0,3.6152068778387383
4.0,21.0,1.254631577208482
9.0,39.0,1.5446179830167714
18.0,66.0,2.453607218577858
9.0,57.0,1.395475199231084
18.0,101.0,1.8997715250278233
9.0,32.0,0.5258970211258502
0.0,2.0,0.08761370111832555
1.0,4.0,7.055651201239552
4.0,6.0,2.094837823774249
3.0,10.0,2.677064271158313
8.0,24.0,3.6152068778387383
7.0,21.0,1.254631577208482
8.0,39.0,1.5446179830167714
18.0,66.0,2.453607218577858
19.0,57.0,1.395475199231084
41.0,101.0,1.8997715250278233
7.0,32.0,0.5258970211258502
1.0,2.0,0.08761370111832555
1.0,4.0,7.055651201239552
2.0,6.0,2.094837823774249
5.0,10.0,2.677064271158313
10.0,24.0,3.6152068778387383
8.0,21.0,1.254631577208482
14.0,39.0,1.5446179830167714
33.0,66.0,2.453607218577858
26.0,57.0,1.395475199231084
32.0,101.0,1.8997715250278233
19.0,32.0,0.5258970211258502
0.0,2.0,0.08761370111832555
3.0,4.0,7.055651201239552
3.0,6.0,2.094837823774249
3.0,10.0,2.677064271158313
11.0,24.0,3.6152068778387383
9.0,21.0,1.254631577208482
15.0,39.0,1.5446179830167714
28.0,66.0,2.453607218577858
33.0,57.0,1.395475199231084
51.0,101.0,1.8997715250278233
16.0,32.0,0.5258970211258502
2.0,2.0,0.08761370111832555
3.0,4.0,7.055651201239552
5.0,6.0,2.094837823774249
7.0,10.0,2.677064271158313
14.0,24.0,3.6152068778387383
8.0,21.0,1.254631577208482
18.0,39.0,1.5446179830167714
35.0,66.0,2.453607218577858
34.0,57.0,1.395475199231084
65.0,101.0,1.8997715250278233
20.0,32.0,0.5258970211258502
1.0,2.0,0.08761370111832555
3.0,4.0,7.055651201239552
6.0,6.0,2.094837823774249
5.0,10.0,2.677064271158313
16.0,24.0,3.6152068778387383
11.0,21.0,1.254631577208482
29.0,39.0,1.5446179830167714
47.0,66.0,2.453607218577858
36.0,57.0,1.395475199231084
67.0,101.0,1.8997715250278233
26.0,32.0,0.5258970211258502
1.0,2.0,0.08761370111832555
4.0,4.0,7.055651201239552
4.0,6.0,2.094837823774249
6.0,10.0,2.677064271158313
20.0,24.0,3.6152068778387383
14.0,21.0,1.254631577208482
29.0,39.0,1.5446179830167714
51.0,66.0,2.453607218577858
44.0,57.0,1.395475199231084
83.0,101.0,1.8997715250278233
27.0,32.0,0.5258970211258502
2.0,2.0,0.08761370111832555
4.0,4.0,7.055651201239552
5.0,6.0,2.094837823774249
9.0,10.0,2.677064271158313
20.0,24.0,3.6152068778387383
19.0,21.0,1.254631577208482
34.0,39.0,1.5446179830167714
60.0,66.0,2.453607218577858
47.0,57.0,1.395475199231084
90.0,101.0,1.8997715250278233
29.0,32.0,0.5258970211258502
2.0,2.0,0.08761370111832555
1.0,7.0,12.369095861272385
1.0,10.0,3.6590099742547197
0.0,10.0,1.8241644472398624
5.0,30.0,3.993448738150607
0.0,6.0,0.31339012000174077
10.0,94.0,4.695678950902283
2.0,41.0,1.0803491711986972
1.0,37.0,0.7014408530298599
0.0,11.0,0.23841784998092197
4.0,57.0,1.4101936299740878
4.0,36.0,0.977796358835429
1.0,7.0,12.369095861272385
1.0,10.0,3.6590099742547197
2.0,10.0,1.8241644472398624
6.0,30.0,3.993448738150607
2.0,6.0,0.31339012000174077
21.0,94.0,4.695678950902283
6.0,41.0,1.0803491711986972
6.0,37.0,0.7014408530298599
3.0,11.0,0.23841784998092197
6.0,57.0,1.4101936299740878
11.0,36.0,0.977796358835429
4.0,7.0,12.369095861272385
1.0,10.0,3.6590099742547197
4.0,10.0,1.8241644472398624
6.0,30.0,3.993448738150607
2.0,6.0,0.31339012000174077
25.0,94.0,4.695678950902283
17.0,41.0,1.0803491711986972
17.0,37.0,0.7014408530298599
3.0,11.0,0.23841784998092197
17.0,57.0,1.4101936299740878
14.0,36.0,0.977796358835429
1.0,7.0,12.369095861272385
2.0,10.0,3.6590099742547197
1.0,10.0,1.8241644472398624
9.0,30.0,3.993448738150607
4.0,6.0,0.31339012000174077
36.0,94.0,4.695678950902283
16.0,41.0,1.0803491711986972
23.0,37.0,0.7014408530298599
6.0,11.0,0.23841784998092197
21.0,57.0,1.4101936299740878
16.0,36.0,0.977796358835429
5.0,7.0,12.369095861272385
4.0,10.0,3.6590099742547197
4.0,10.0,1.8241644472398624
22.0,30.0,3.993448738150607
5.0,6.0,0.31339012000174077
51.0,94.0,4.695678950902283
23.0,41.0,1.0803491711986972
19.0,37.0,0.7014408530298599
7.0,11.0,0.23841784998092197
28.0,57.0,1.4101936299740878
23.0,36.0,0.977796358835429
5.0,7.0,12.369095861272385
4.0,10.0,3.6590099742547197
8.0,10.0,1.8241644472398624
21.0,30.0,3.993448738150607
5.0,6.0,0.31339012000174077
55.0,94.0,4.695678950902283
30.0,41.0,1.0803491711986972
25.0,37.0,0.7014408530298599
7.0,11.0,0.23841784998092197
34.0,57.0,1.4101936299740878
24.0,36.0,0.977796358835429
4.0,7.0,12.369095861272385
7.0,10.0,3.6590099742547197
7.0,10.0,1.8241644472398624
22.0,30.0,3.993448738150607
5.0,6.0,0.31339012000174077
58.0,94.0,4.695678950902283
28.0,41.0,1.0803491711986972
29.0,37.0,0.7014408530298599
8.0,11.0,0.23841784998092197
42.0,57.0,1.4101936299740878
28.0,36.0,0.977796358835429
6.0,7.0,12.369095861272385
7.0,10.0,3.6590099742547197
9.0,10.0,1.8241644472398624
25.0,30.0,3.993448738150607
5.0,6.0,0.31339012000174077
75.0,94.0,4.695678950902283
36.0,41.0,1.0803491711986972
31.0,37.0,0.7014408530298599
10.0,11.0,0.23841784998092197
46.0,57.0,1.4101936299740878
30.0,36.0,0.977796358835429
7.0,7.0,12.369095861272385
9.0,10.0,3.6590099742547197
10.0,10.0,1.8241644472398624
26.0,30.0,3.993448738150607
5.0,6.0,0.31339012000174077
82.0,94.0,4.695678950902283
36.0,41.0,1.0803491711986972
32.0,37.0,0.7014408530298599
9.0,11.0,0.23841784998092197
55.0,57.0,1.4101936299740878
34.0,36.0,0.977796358835429
1.0,5.0,5.674276183992954
4.0,19.0,6.7676078578920675
0.0,5.0,0.3793828198928765
3.0,16.0,1.7331419838025934
1.0,14.0,0.9672947579304078
1.0,10.0,0.5008393835607469
1.0,17.0,1.0956725527477986
2.0,26.0,1.6699263743513062
3.0,23.0,0.8826428615555933
9.0,71.0,3.366290656066901
3.0,50.0,1.2622243383665972
1.0,5.0,5.674276183992954
3.0,19.0,6.7676078578920675
1.0,5.0,0.3793828198928765
3.0,16.0,1.7331419838025934
4.0,14.0,0.9672947579304078
1.0,10.0,0.5008393835607469
2.0,17.0,1.0956725527477986
5.0,26.0,1.6699263743513062
5.0,23.0,0.8826428615555933
19.0,71.0,3.366290656066901
9.0,50.0,1.2622243383665972
1.0,5.0,5.674276183992954
8.0,19.0,6.7676078578920675
2.0,5.0,0.3793828198928765
3.0,16.0,1.7331419838025934
2.0,14.0,0.9672947579304078
4.0,10.0,0.5008393835607469
5.0,17.0,1.0956725527477986
6.0,26.0,1.6699263743513062
6.0,23.0,0.8826428615555933
30.0,71.0,3.366290656066901
24.0,50.0,1.2622243383665972
3.0,5.0,5.674276183992954
8.0,19.0,6.7676078578920675
2.0,5.0,0.3793828198928765
6.0,16.0,1.7331419838025934
3.0,14.0,0.9672947579304078
5.0,10.0,0.5008393835607469
6.0,17.0,1.0956725527477986
10.0,26.0,1.6699263743513062
10.0,23.0,0.8826428615555933
29.0,71.0,3.366290656066901
22.0,50.0,1.2622243383665972
3.0,5.0,5.674276183992954
14.0,19.0,6.7676078578920675
3.0,5.0,0.3793828198928765
3.0,16.0,1.7331419838025934
9.0,14.0,0.9672947579304078
3.0,10.0,0.5008393835607469
8.0,17.0,1.0956725527477986
11.0,26.0,1.6699263743513062
14.0,23.0,0.8826428615555933
31.0,71.0,3.366290656066901
27.0,50.0,1.2622243383665972
2.0,5.0,5.674276183992954
8.0,19.0,6.7676078578920675
3.0,5.0,0.3793828198928765
5.0,16.0,1.7331419838025934
7.0,14.0,0.9672947579304078
8.0,10.0,0.5008393835607469
14.0,17.0,1.0956725527477986
16.0,26.0,1.6699263743513062
12.0,23.0,0.8826428615555933
38.0,71.0,3.366290656066901
35.0,50.0,1.2622243383665972
5.0,5.0,5.674276183992954
15.0,19.0,6.7676078578920675
4.0,5.0,0.3793828198928765
13.0,16.0,1.7331419838025934
9.0,14.0,0.9672947579304078
9.0,10.0,0.5008393835607469
13.0,17.0,1.0956725527477986
14.0,26.0,1.6699263743513062
16.0,23.0,0.8826428615555933
46.0,71.0,3.366290656066901
36.0,50.0,1.2622243383665972
5.0,5.0,5.674276183992954
18.0,19.0,6.7676078578920675
4.0,5.0,0.3793828198928765
13.0,16.0,1.7331419838025934
11.0,14.0,0.9672947579304078
6.0,10.0,0.5008393835607469
15.0,17.0,1.0956725527477986
22.0,26.0,1.6699263743513062
20.0,23.0,0.8826428615555933
60.0,71.0,3.366290656066901
38.0,50.0,1.2622243383665972
5.0,5.0,5.674276183992954
16.0,19.0,6.7676078578920675
5.0,5.0,0.3793828198928765
15.0,16.0,1.7331419838025934
13.0,14.0,0.9672947579304078
10.0,10.0,0.5008393835607469
16.0,17.0,1.0956725527477986
22.0,26.0,1.6699263743513062
23.0,23.0,0.8826428615555933
64.0,71.0,3.366290656066901
43.0,50.0,1.2622243383665972
1.0,3.0,1.9589299218884813
1.0,7.0,6.8220098875578365
1.0,16.0,4.058015152868853
4.0,33.0,3.6721082131524567
1.0,17.0,0.7052238017104706
3.0,17.0,1.0750461049278917
3.0,29.0,1.4569516633695205
5.0,29.0,1.396584148963132
5.0,39.0,1.579389081310505
3.0,7.0,0.14354482144701106
3.0,20.0,0.740609778774716
1.0,3.0,1.9589299218884813
1.0,7.0,6.8220098875578365
4.0,16.0,4.058015152868853
6.0,33.0,3.6721082131524567
4.0,17.0,0.7052238017104706
5.0,17.0,1.0750461049278917
5.0,29.0,1.4569516633695205
8.0,29.0,1.396584148963132
5.0,39.0,1.579389081310505
0.0,7.0,0.14354482144701106
4.0,20.0,0.740609778774716
1.0,3.0,1.9589299218884813
2.0,7.0,6.8220098875578365
4.0,16.0,4.058015152868853
10.0,33.0,3.6721082131524567
5.0,17.0,0.7052238017104706
8.0,17.0,1.0750461049278917
7.0,29.0,1.4569516633695205
4.0,29.0,1.396584148963132
10.0,39.0,1.579389081310505
5.0,7.0,0.14354482144701106
6.0,20.0,0.740609778774716
2.0,3.0,1.9589299218884813
4.0,7.0,6.8220098875578365
8.0,16.0,4.058015152868853
13.0,33.0,3.6721082131524567
9.0,17.0,0.7052238017104706
9.0,17.0,1.0750461049278917
11.0,29.0,1.4569516633695205
11.0,29.0,1.396584148963132
12.0,39.0,1.579389081310505
1.0,7.0,0.14354482144701106
10.0,20.0,0.740609778774716
2.0,3.0,1.9589299218884813
6.0,7.0,6.8220098875578365
9.0,16.0,4.058015152868853
18.0,33.0,3.6721082131524567
9.0,17.0,0.7052238017104706
10.0,17.0,1.0750461049278917
14.0,29.0,1.4569516633695205
9.0,29.0,1.396584148963132
20.0,39.0,1.579389081310505
3.0,7.0,0.14354482144701106
10.0,20.0,0.740609778774716
3.0,3.0,1.9589299218884813
4.0,7.0,6.8220098875578365
10.0,16.0,4.058015152868853
19.0,33.0,3.6721082131524567
13.0,17.0,0.7052238017104706
11.0,17.0,1.0750461049278917
15.0,29.0,1.4569516633695205
20.0,29.0,1.396584148963132
23.0,39.0,1.579389081310505
4.0,7.0,0.14354482144701106
13.0,20.0,0.740609778774716
2.0,3.0,1.9589299218884813
4.0,7.0,6.8220098875578365
14.0,16.0,4.058015152868853
23.0,33.0,3.6721082131524567
12.0,17.0,0.7052238017104706
10.0,17.0,1.0750461049278917
21.0,29.0,1.4569516633695205
22.0,29.0,1.396584148963132
24.0,39.0,1.579389081310505
7.0,7.0,0.14354482144701106
13.0,20.0,0.740609778774716
2.0,3.0,1.9589299218884813
6.0,7.0,6.8220098875578365
12.0,16.0,4.058015152868853
30.0,33.0,3.6721082131524567
15.0,17.0,0.7052238017104706
12.0,17.0,1.0750461049278917
20.0,29.0,1.4569516633695205
25.0,29.0,1.396584148963132
29.0,39.0,1.579389081310505
7.0,7.0,0.14354482144701106
16.0,20.0,0.740609778774716
1.0,3.0,1.9589299218884813
6.0,7.0,6.8220098875578365
15.0,16.0,4.058015152868853
27.0,33.0,3.6721082131524567
17.0,17.0,0.7052238017104706
16.0,17.0,1.0750461049278917
26.0,29.0,1.4569516633695205
27.0,29.0,1.396584148963132
35.0,39.0,1.579389081310505
7.0,7.0,0.14354482144701106
16.0,20.0,0.740609778774716
1.0,2.0,1.372377563487784
0.0,4.0,3.1438032297640026
3.0,31.0,6.624749705487649
0.0,33.0,2.0567964605414812
1.0,12.0,0.49273731588605385
4.0,23.0,1.1904639883541508
1.0,13.0,0.7624031884799403
2.0,79.0,3.409599332560619
2.0,24.0,0.5632822930361983
1.0,11.0,0.1800831505088661
2.0,19.0,0.6415149427860525
1.0,2.0,1.372377563487784
1.0,4.0,3.1438032297640026
6.0,31.0,6.624749705487649
5.0,33.0,2.0567964605414812
3.0,12.0,0.49273731588605385
7.0,23.0,1.1904639883541508
4.0,13.0,0.7624031884799403
13.0,79.0,3.409599332560619
6.0,24.0,0.5632822930361983
5.0,11.0,0.1800831505088661
5.0,19.0,0.6415149427860525
1.0,2.0,1.372377563487784
1.0,4.0,3.1438032297640026
9.0,31.0,6.624749705487649
8.0,33.0,2.0567964605414812
3.0,12.0,0.49273731588605385
5.0,23.0,1.1904639883541508
3.0,13.0,0.7624031884799403
34.0,79.0,3.409599332560619
7.0,24.0,0.5632822930361983
3.0,11.0,0.1800831505088661
10.0,19.0,0.6415149427860525
1.0,2.0,1.372377563487784
0.0,4.0,3.1438032297640026
14.0,31.0,6.624749705487649
13.0,33.0,2.0567964605414812
7.0,12.0,0.49273731588605385
7.0,23.0,1.1904639883541508
5.0,13.0,0.7624031884799403
33.0,79.0,3.409599332560619
12.0,24.0,0.5632822930361983
7.0,11.0,0.1800831505088661
7.0,19.0,0.6415149427860525
1.0,2.0,1.372377563487784
1.0,4.0,3.1438032297640026
14.0,31.0,6.624749705487649
15.0,33.0,2.0567964605414812
6.0,12.0,0.49273731588605385
13.0,23.0,1.1904639883541508
5.0,13.0,0.7624031884799403
39.0,79.0,3.409599332560619
13.0,24.0,0.5632822930361983
5.0,11.0,0.1800831505088661
10.0,19.0,0.6415149427860525
2.0,2.0,1.372377563487784
4.0,4.0,3.1438032297640026
18.0,31.0,6.624749705487649
24.0,33.0,2.0567964605414812
8.0,12.0,0.49273731588605385
16.0,23.0,1.1904639883541508
11.0,13.0,0.7624031884799403
44.0,79.0,3.409599332560619
14.0,24.0,0.5632822930361983
8.0,11.0,0.1800831505088661
8.0,19.0,0.6415149427860525
1.0,2.0,1.372377563487784
3.0,4.0,3.1438032297640026
23.0,31.0,6.624749705487649
25.0,33.0,2.0567964605414812
9.0,12.0,0.49273731588605385
18.0,23.0,1.1904639883541508
10.0,13.0,0.7624031884799403
50.0,79.0,3.409599332560619
17.0,24.0,0.5632822930361983
5.0,11.0,0.1800831505088661
14.0,19.0,0.6415149427860525
2.0,2.0,1.372377563487784
4.0,4.0,3.1438032297640026
25.0,31.0,6.624749705487649
20.0,33.0,2.0567964605414812
8.0,12.0,0.49273731588605385
19.0,23.0,1.1904639883541508
10.0,13.0,0.7624031884799403
59.0,79.0,3.409599332560619
21.0,24.0,0.5632822930361983
9.0,11.0,0.1800831505088661
19.0,19.0,0.6415149427860525
1.0,2.0,1.372377563487784
4.0,4.0,3.1438032297640026
28.0,31.0,6.624749705487649
27.0,33.0,2.0567964605414812
11.0,12.0,0.49273731588605385
23.0,23.0,1.1904639883541508
12.0,13.0,0.7624031884799403
73.0,79.0,3.409599332560619
22.0,24.0,0.5632822930361983
10.0,11.0,0.1800831505088661
18.0,19.0,0.6415149427860525
1.0,9.0,7.672820100766752
3.0,12.0,4.402838572597373
4.0,18.0,2.8522702818838086
4.0,33.0,1.996350695767682
1.0,10.0,0.48759007424310896
0.0,18.0,0.8137818470812502
3.0,30.0,1.2786460917179026
8.0,71.0,2.7350691497891226
1.0,7.0,0.1836498768296222
3.0,15.0,0.42192703230023937
5.0,22.0,1.0862528198068002
3.0,9.0,7.672820100766752
6.0,12.0,4.402838572597373
2.0,18.0,2.8522702818838086
6.0,33.0,1.996350695767682
5.0,10.0,0.48759007424310896
3.0,18.0,0.8137818470812502
5.0,30.0,1.2786460917179026
18.0,71.0,2.7350691497891226
1.0,7.0,0.1836498768296222
3.0,15.0,0.42192703230023937
4.0,22.0,1.0862528198068002
2.0,9.0,7.672820100766752
4.0,12.0,4.402838572597373
8.0,18.0,2.8522702818838086
11.0,33.0,1.996350695767682
2.0,10.0,0.48759007424310896
4.0,18.0,0.8137818470812502
6.0,30.0,1.2786460917179026
20.0,71.0,2.7350691497891226
1.0,7.0,0.1836498768296222
4.0,15.0,0.42192703230023937
11.0,22.0,1.0862528198068002
7.0,9.0,7.672820100766752
6.0,12.0,4.402838572597373
9.0,18.0,2.8522702818838086
12.0,33.0,1.996350695767682
2.0,10.0,0.48759007424310896
8.0,18.0,0.8137818470812502
12.0,30.0,1.2786460917179026
30.0,71.0,2.7350691497891226
3.0,7.0,0.1836498768296222
6.0,15.0,0.42192703230023937
7.0,22.0,1.0862528198068002
5.0,9.0,7.672820100766752
4.0,12.0,4.402838572597373
8.0,18.0,2.8522702818838086
13.0,33.0,1.996350695767682
5.0,10.0,0.48759007424310896
12.0,18.0,0.8137818470812502
16.0,30.0,1.2786460917179026
32.0,71.0,2.7350691497891226
3.0,7.0,0.1836498768296222
10.0,15.0,0.42192703230023937
13.0,22.0,1.0862528198068002
5.0,9.0,7.672820100766752
9.0,12.0,4.402838572597373
12.0,18.0,2.8522702818838086
19.0,33.0,1.996350695767682
3.0,10.0,0.48759007424310896
14.0,18.0,0.8137818470812502
17.0,30.0,1.2786460917179026
41.0,71.0,2.7350691497891226
4.0,7.0,0.1836498768296222
12.0,15.0,0.42192703230023937
11.0,22.0,1.0862528198068002
7.0,9.0,7.672820100766752
9.0,12.0,4.402838572597373
14.0,18.0,2.8522702818838086
28.0,33.0,1.996350695767682
7.0,10.0,0.48759007424310896
15.0,18.0,0.8137818470812502
16.0,30.0,1.2786460917179026
49.0,71.0,2.7350691497891226
5.0,7.0,0.1836498768296222
9.0,15.0,0.42192703230023937
15.0,22.0,1.0862528198068002
8.0,9.0,7.672820100766752
7.0,12.0,4.402838572597373
18.0,18.0,2.8522702818838086
26.0,33.0,1.996350695767682
6.0,10.0,0.48759007424310896
13.0,18.0,0.8137818470812502
28.0,30.0,1.2786460917179026
57.0,71.0,2.7350691497891226
6.0,7.0,0.1836498768296222
12.0,15.0,0.42192703230023937
18.0,22.0,1.0862528198068002
7.0,9.0,7.672820100766752
11.0,12.0,4.402838572597373
17.0,18.0,2.8522702818838086
30.0,33.0,1.996350695767682
9.0,10.0,0.48759007424310896
15.0,18.0,0.8137818470812502
26.0,30.0,1.2786460917179026
62.0,71.0,2.7350691497891226
7.0,7.0,0.1836498768296222
15.0,15.0,0.42192703230023937
19.0,22.0,1.0862528198068002
1.0,4.0,5.538786110925989
0.0,2.0,1.132955884397524
1.0,20.0,6.260601820248326
1.0,9.0,1.4596003593912799
1.0,7.0,0.6617011961692586
0.0,13.0,1.32872098496675
3.0,78.0,6.342042936020763
0.0,3.0,0.046573550893116857
1.0,28.0,1.240392477928218
2.0,7.0,0.28858806564108963
2.0,28.0,1.230039937886245
1.0,4.0,5.538786110925989
1.0,2.0,1.132955884397524
6.0,20.0,6.260601820248326
1.0,9.0,1.4596003593912799
1.0,7.0,0.6617011961692586
4.0,13.0,1.32872098496675
15.0,78.0,6.342042936020763
1.0,3.0,0.046573550893116857
6.0,28.0,1.240392477928218
1.0,7.0,0.28858806564108963
5.0,28.0,1.230039937886245
1.0,4.0,5.538786110925989
1.0,2.0,1.132955884397524
6.0,20.0,6.260601820248326
4.0,9.0,1.4596003593912799
4.0,7.0,0.6617011961692586
4.0,13.0,1.32872098496675
21.0,78.0,6.342042936020763
1.0,3.0,0.046573550893116857
8.0,28.0,1.240392477928218
1.0,7.0,0.28858806564108963
11.0,28.0,1.230039937886245
2.0,4.0,5.538786110925989
2.0,2.0,1.132955884397524
9.0,20.0,6.260601820248326
6.0,9.0,1.4596003593912799
5.0,7.0,0.6617011961692586
6.0,13.0,1.32872098496675
38.0,78.0,6.342042936020763
2.0,3.0,0.046573550893116857
14.0,28.0,1.240392477928218
4.0,7.0,0.28858806564108963
11.0,28.0,1.230039937886245
1.0,4.0,5.538786110925989
1.0,2.0,1.132955884397524
9.0,20.0,6.260601820248326
6.0,9.0,1.4596003593912799
4.0,7.0,0.6617011961692586
8.0,13.0,1.32872098496675
46.0,78.0,6.342042936020763
1.0,3.0,0.046573550893116857
13.0,28.0,1.240392477928218
6.0,7.0,0.28858806564108963
14.0,28.0,1.230039937886245
1.0,4.0,5.538786110925989
2.0,2.0,1.132955884397524
12.0,20.0,6.260601820248326
7.0,9.0,1.4596003593912799
7.0,7.0,0.6617011961692586
8.0,13.0,1.32872098496675
41.0,78.0,6.342042936020763
2.0,3.0,0.046573550893116857
14.0,28.0,1.240392477928218
4.0,7.0,0.28858806564108963
16.0,28.0,1.230039937886245
3.0,4.0,5.538786110925989
1.0,2.0,1.132955884397524
16.0,20.0,6.260601820248326
5.0,9.0,1.4596003593912799
4.0,7.0,0.6617011961692586
11.0,13.0,1.32872098496675
53.0,78.0,6.342042936020763
2.0,3.0,0.046573550893116857
20.0,28.0,1.240392477928218
5.0,7.0,0.28858806564108963
22.0,28.0,1.230039937886245
4.0,4.0,5.538786110925989
1.0,2.0,1.132955884397524
13.0,20.0,6.260601820248326
7.0,9.0,1.4596003593912799
4.0,7.0,0.6617011961692586
13.0,13.0,1.32872098496675
64.0,78.0,6.342042936020763
2.0,3.0,0.046573550893116857
21.0,28.0,1.240392477928218
5.0,7.0,0.28858806564108963
20.0,28.0,1.230039937886245
4.0,4.0,5.538786110925989
1.0,2.0,1.132955884397524
17.0,20.0,6.260601820248326
9.0,9.0,1.4596003593912799
7.0,7.0,0.6617011961692586
12.0,13.0,1.32872098496675
68.0,78.0,6.342042936020763
3.0,3.0,0.046573550893116857
27.0,28.0,1.240392477928218
7.0,7.0,0.28858806564108963
24.0,28.0,1.230039937886245
1.0,4.0,7.371100981692401
0.0,7.0,2.535799640935373
7.0,41.0,8.330897813375126
2.0,16.0,0.8483940480365231
3.0,13.0,0.5097057611094448
1.0,7.0,0.4826024051831013
2.0,20.0,1.2169327055147798
2.0,33.0,1.9137940991455755
7.0,100.0,4.759448333235101
1.0,5.0,0.11965315223492438
3.0,44.0,0.6480906946135364
1.0,4.0,7.371100981692401
1.0,7.0,2.535799640935373
8.0,41.0,8.330897813375126
3.0,16.0,0.8483940480365231
2.0,13.0,0.5097057611094448
1.0,7.0,0.4826024051831013
3.0,20.0,1.2169327055147798
6.0,33.0,1.9137940991455755
22.0,100.0,4.759448333235101
0.0,5.0,0.11965315223492438
6.0,44.0,0.6480906946135364
2.0,4.0,7.371100981692401
5.0,7.0,2.535799640935373
18.0,41.0,8.330897813375126
6.0,16.0,0.8483940480365231
3.0,13.0,0.5097057611094448
4.0,7.0,0.4826024051831013
9.0,20.0,1.2169327055147798
9.0,33.0,1.9137940991455755
29.0,100.0,4.759448333235101
3.0,5.0,0.11965315223492438
14.0,44.0,0.6480906946135364
3.0,4.0,7.371100981692401
1.0,7.0,2.535799640935373
17.0,41.0,8.330897813375126
6.0,16.0,0.8483940480365231
4.0,13.0,0.5097057611094448
3.0,7.0,0.4826024051831013
6.0,20.0,1.2169327055147798
12.0,33.0,1.9137940991455755
40.0,100.0,4.759448333235101
3.0,5.0,0.11965315223492438
18.0,44.0,0.6480906946135364
3.0,4.0,7.371100981692401
0.0,7.0,2.535799640935373
17.0,41.0,8.330897813375126
2.0,16.0,0.8483940480365231
7.0,13.0,0.5097057611094448
2.0,7.0,0.4826024051831013
9.0,20.0,1.2169327055147798
13.0,33.0,1.9137940991455755
44.0,100.0,4.759448333235101
0.0,5.0,0.11965315223492438
25.0,44.0,0.6480906946135364
2.0,4.0,7.371100981692401
4.0,7.0,2.535799640935373
24.0,41.0,8.330897813375126
8.0,16.0,0.8483940480365231
5.0,13.0,0.5097057611094448
3.0,7.0,0.4826024051831013
15.0,20.0,1.2169327055147798
22.0,33.0,1.9137940991455755
63.0,100.0,4.759448333235101
2.0,5.0,0.11965315223492438
28.0,44.0,0.6480906946135364
4.0,4.0,7.371100981692401
4.0,7.0,2.535799640935373
28.0,41.0,8.330897813375126
8.0,16.0,0.8483940480365231
9.0,13.0,0.5097057611094448
4.0,7.0,0.4826024051831013
14.0,20.0,1.2169327055147798
20.0,33.0,1.9137940991455755
67.0,100.0,4.759448333235101
3.0,5.0,0.11965315223492438
24.0,44.0,0.6480906946135364
4.0,4.0,7.371100981692401
6.0,7.0,2.535799640935373
33.0,41.0,8.330897813375126
14.0,16.0,0.8483940480365231
13.0,13.0,0.5097057611094448
4.0,7.0,0.4826024051831013
14.0,20.0,1.2169327055147798
29.0,33.0,1.9137940991455755
81.0,100.0,4.759448333235101
3.0,5.0,0.11965315223492438
36.0,44.0,0.6480906946135364
4.0,4.0,7.371100981692401
6.0,7.0,2.535799640935373
35.0,41.0,8.330897813375126
14.0,16.0,0.8483940480365231
11.0,13.0,0.5097057611094448
6.0,7.0,0.4826024051831013
19.0,20.0,1.2169327055147798
28.0,33.0,1.9137940991455755
83.0,100.0,4.759448333235101
5.0,5.0,0.11965315223492438
42.0,44.0,0.6480906946135364
1.0,4.0,5.757534671282979
1.0,30.0,8.019485625817465
2.0,10.0,0.9465384057523649
0.0,6.0,0.2771417748347579
4.0,31.0,2.8172879230846144
5.0,60.0,3.614690187537093
3.0,26.0,0.7232455040897084
13.0,99.0,1.8490404879722804
1.0,5.0,0.13788251808689056
2.0,61.0,1.3150487511766207
2.0,32.0,0.7042323346823554
1.0,4.0,5.757534671282979
5.0,30.0,8.019485625817465
1.0,10.0,0.9465384057523649
3.0,6.0,0.2771417748347579
6.0,31.0,2.8172879230846144
10.0,60.0,3.614690187537093
3.0,26.0,0.7232455040897084
11.0,99.0,1.8490404879722804
2.0,5.0,0.13788251808689056
9.0,61.0,1.3150487511766207
5.0,32.0,0.7042323346823554
1.0,4.0,5.757534671282979
11.0,30.0,8.019485625817465
1.0,10.0,0.9465384057523649
2.0,6.0,0.2771417748347579
6.0,31.0,2.8172879230846144
20.0,60.0,3.614690187537093
10.0,26.0,0.7232455040897084
35.0,99.0,1.8490404879722804
0.0,5.0,0.13788251808689056
23.0,61.0,1.3150487511766207
9.0,32.0,0.7042323346823554
2.0,4.0,5.757534671282979
11.0,30.0,8.019485625817465
4.0,10.0,0.9465384057523649
1.0,6.0,0.2771417748347579
10.0,31.0,2.8172879230846144
25.0,60.0,3.614690187537093
11.0,26.0,0.7232455040897084
34.0,99.0,1.8490404879722804
3.0,5.0,0.13788251808689056
20.0,61.0,1.3150487511766207
12.0,32.0,0.7042323346823554
2.0,4.0,5.757534671282979
14.0,30.0,8.019485625817465
3.0,10.0,0.9465384057523649
1.0,6.0,0.2771417748347579
17.0,31.0,2.8172879230846144
30.0,60.0,3.614690187537093
11.0,26.0,0.7232455040897084
38.0,99.0,1.8490404879722804
2.0,5.0,0.13788251808689056
24.0,61.0,1.3150487511766207
15.0,32.0,0.7042323346823554
4.0,4.0,5.757534671282979
19.0,30.0,8.019485625817465
7.0,10.0,0.9465384057523649
6.0,6.0,0.2771417748347579
19.0,31.0,2.8172879230846144
39.0,60.0,3.614690187537093
14.0,26.0,0.7232455040897084
66.0,99.0,1.8490404879722804
3.0,5.0,0.13788251808689056
38.0,61.0,1.3150487511766207
19.0,32.0,0.7042323346823554
1.0,4.0,5.757534671282979
22.0,30.0,8.019485625817465
9.0,10.0,0.9465384057523649
4.0,6.0,0.2771417748347579
17.0,31.0,2.8172879230846144
44.0,60.0,3.614690187537093
18.0,26.0,0.7232455040897084
72.0,99.0,1.8490404879722804
4.0,5.0,0.13788251808689056
53.0,61.0,1.3150487511766207
21.0,32.0,0.7042323346823554
4.0,4.0,5.757534671282979
26.0,30.0,8.019485625817465
5.0,10.0,0.9465384057523649
6.0,6.0,0.2771417748347579
23.0,31.0,2.8172879230846144
47.0,60.0,3.614690187537093
18.0,26.0,0.7232455040897084
73.0,99.0,1.8490404879722804
4.0,5.0,0.13788251808689056
50.0,61.0,1.3150487511766207
27.0,32.0,0.7042323346823554
3.0,4.0,5.757534671282979
27.0,30.0,8.019485625817465
8.0,10.0,0.9465384057523649
5.0,6.0,0.2771417748347579
27.0,31.0,2.8172879230846144
52.0,60.0,3.614690187537093
22.0,26.0,0.7232455040897084
84.0,99.0,1.8490404879722804
5.0,5.0,0.13788251808689056
56.0,61.0,1.3150487511766207
29.0,32.0,0.7042323346823554
1.0,6.0,6.408618600822053
0.0,10.0,4.833757151729691
0.0,16.0,3.2219605749934
0.0,29.0,4.096039004479329
1.0,30.0,2.563725553671099
0.0,3.0,0.1952849862476551
8.0,42.0,1.8733301561460853
6.0,50.0,1.9228247266256087
4.0,32.0,0.6426391518384212
4.0,29.0,0.7406865636146884
4.0,17.0,0.23187809352991562
1.0,6.0,6.408618600822053
1.0,10.0,4.833757151729691
4.0,16.0,3.2219605749934
6.0,29.0,4.096039004479329
4.0,30.0,2.563725553671099
1.0,3.0,0.1952849862476551
6.0,42.0,1.8733301561460853
15.0,50.0,1.9228247266256087
4.0,32.0,0.6426391518384212
7.0,29.0,0.7406865636146884
4.0,17.0,0.23187809352991562
2.0,6.0,6.408618600822053
5.0,10.0,4.833757151729691
5.0,16.0,3.2219605749934
8.0,29.0,4.096039004479329
12.0,30.0,2.563725553671099
1.0,3.0,0.1952849862476551
12.0,42.0,1.8733301561460853
11.0,50.0,1.9228247266256087
9.0,32.0,0.6426391518384212
12.0,29.0,0.7406865636146884
6.0,17.0,0.23187809352991562
3.0,6.0,6.408618600822053
5.0,10.0,4.833757151729691
7.0,16.0,3.2219605749934
8.0,29.0,4.096039004479329
12.0,30.0,2.563725553671099
1.0,3.0,0.1952849862476551
14.0,42.0,1.8733301561460853
25.0,50.0,1.9228247266256087
12.0,32.0,0.6426391518384212
9.0,29.0,0.7406865636146884
6.0,17.0,0.23187809352991562
2.0,6.0,6.408618600822053
5.0,10.0,4.833757151729691
10.0,16.0,3.2219605749934
14.0,29.0,4.096039004479329
13.0,30.0,2.563725553671099
1.0,3.0,0.1952849862476551
24.0,42.0,1.8733301561460853
26.0,50.0,1.9228247266256087
19.0,32.0,0.6426391518384212
18.0,29.0,0.7406865636146884
9.0,17.0,0.23187809352991562
4.0,6.0,6.408618600822053
6.0,10.0,4.833757151729691
13.0,16.0,3.2219605749934
20.0,29.0,4.096039004479329
19.0,30.0,2.563725553671099
1.0,3.0,0.1952849862476551
22.0,42.0,1.8733301561460853
29.0,50.0,1.9228247266256087
25.0,32.0,0.6426391518384212
20.0,29.0,0.7406865636146884
10.0,17.0,0.23187809352991562
4.0,6.0,6.408618600822053
8.0,10.0,4.833757151729691
11.0,16.0,3.2219605749934
25.0,29.0,4.096039004479329
24.0,30.0,2.563725553671099
3.0,3.0,0.1952849862476551
33.0,42.0,1.8733301561460853
31.0,50.0,1.9228247266256087
24.0,32.0,0.6426391518384212
25.0,29.0,0.7406865636146884
13.0,17.0,0.23187809352991562
5.0,6.0,6.408618600822053
8.0,10.0,4.833757151729691
12.0,16.0,3.2219605749934
25.0,29.0,4.096039004479329
25.0,30.0,2.563725553671099
3.0,3.0,0.1952849862476551
34.0,42.0,1.8733301561460853
38.0,50.0,1.9228247266256087
28.0,32.0,0.6426391518384212
25.0,29.0,0.7406865636146884
13.0,17.0,0.23187809352991562
5.0,6.0,6.408618600822053
9.0,10.0,4.833757151729691
16.0,16.0,3.2219605749934
25.0,29.0,4.096039004479329
24.0,30.0,2.563725553671099
3.0,3.0,0.1952849862476551
39.0,42.0,1.8733301561460853
48.0,50.0,1.9228247266256087
31.0,32.0,0.6426391518384212
26.0,29.0,0.7406865636146884
17.0,17.0,0.23187809352991562
1.0,4.0,6.830171910007921
1.0,9.0,6.534510305690842
1.0,7.0,1.293166059472739
0.0,22.0,2.6857813712908554
2.0,9.0,0.6206645345780695
0.0,6.0,0.49847412179013034
1.0,25.0,2.51933070594893
2.0,21.0,1.4610963196542466
6.0,71.0,3.682839135754528
4.0,74.0,2.1114178826038126
1.0,10.0,0.22525194156482287
1.0,4.0,6.830171910007921
1.0,9.0,6.534510305690842
1.0,7.0,1.293166059472739
5.0,22.0,2.6857813712908554
3.0,9.0,0.6206645345780695
1.0,6.0,0.49847412179013034
6.0,25.0,2.51933070594893
2.0,21.0,1.4610963196542466
10.0,71.0,3.682839135754528
9.0,74.0,2.1114178826038126
1.0,10.0,0.22525194156482287
1.0,4.0,6.830171910007921
3.0,9.0,6.534510305690842
0.0,7.0,1.293166059472739
3.0,22.0,2.6857813712908554
6.0,9.0,0.6206645345780695
2.0,6.0,0.49847412179013034
7.0,25.0,2.51933070594893
8.0,21.0,1.4610963196542466
20.0,71.0,3.682839135754528
22.0,74.0,2.1114178826038126
1.0,10.0,0.22525194156482287
2.0,4.0,6.830171910007921
4.0,9.0,6.534510305690842
6.0,7.0,1.293166059472739
9.0,22.0,2.6857813712908554
4.0,9.0,0.6206645345780695
2.0,6.0,0.49847412179013034
11.0,25.0,2.51933070594893
9.0,21.0,1.4610963196542466
28.0,71.0,3.682839135754528
25.0,74.0,2.1114178826038126
2.0,10.0,0.22525194156482287
1.0,4.0,6.830171910007921
3.0,9.0,6.534510305690842
3.0,7.0,1.293166059472739
14.0,22.0,2.6857813712908554
6.0,9.0,0.6206645345780695
1.0,6.0,0.49847412179013034
10.0,25.0,2.51933070594893
6.0,21.0,1.4610963196542466
37.0,71.0,3.682839135754528
39.0,74.0,2.1114178826038126
6.0,10.0,0.22525194156482287
3.0,4.0,6.830171910007921
5.0,9.0,6.534510305690842
3.0,7.0,1.293166059472739
15.0,22.0,2.6857813712908554
4.0,9.0,0.6206645345780695
2.0,6.0,0.49847412179013034
18.0,25.0,2.51933070594893
8.0,21.0,1.4610963196542466
39.0,71.0,3.682839135754528
46.0,74.0,2.1114178826038126
5.0,10.0,0.22525194156482287
4.0,4.0,6.830171910007921
8.0,9.0,6.534510305690842
4.0,7.0,1.293166059472739
18.0,22.0,2.6857813712908554
6.0,9.0,0.6206645345780695
5.0,6.0,0.49847412179013034
16.0,25.0,2.51933070594893
18.0,21.0,1.4610963196542466
51.0,71.0,3.682839135754528
54.0,74.0,2.1114178826038126
5.0,10.0,0.22525194156482287
2.0,4.0,6.830171910007921
6.0,9.0,6.534510305690842
4.0,7.0,1.293166059472739
19.0,22.0,2.6857813712908554
8.0,9.0,0.6206645345780695
4.0,6.0,0.49847412179013034
23.0,25.0,2.51933070594893
15.0,21.0,1.4610963196542466
58.0,71.0,3.682839135754528
60.0,74.0,2.1114178826038126
9.0,10.0,0.22525194156482287
4.0,4.0,6.830171910007921
6.0,9.0,6.534510305690842
4.0,7.0,1.293166059472739
20.0,22.0,2.6857813712908554
9.0,9.0,0.6206645345780695
4.0,6.0,0.49847412179013034
23.0,25.0,2.51933070594893
19.0,21.0,1.4610963196542466
62.0,71.0,3.682839135754528
69.0,74.0,2.1114178826038126
10.0,10.0,0.22525194156482287
1.0,3.0,5.0202705245369055
2.0,16.0,11.801573486826065
0.0,9.0,0.8642627035469841
4.0,36.0,3.855078566626946
1.0,13.0,0.48635392120230525
6.0,23.0,0.9350294743018666
5.0,34.0,1.2267215447960074
1.0,11.0,0.4583306831195993
0.0,3.0,0.18617140290393802
2.0,22.0,1.2218879474301503
2.0,41.0,3.072095566394369
2.0,3.0,5.0202705245369055
2.0,16.0,11.801573486826065
3.0,9.0,0.8642627035469841
5.0,36.0,3.855078566626946
3.0,13.0,0.48635392120230525
8.0,23.0,0.9350294743018666
9.0,34.0,1.2267215447960074
3.0,11.0,0.4583306831195993
1.0,3.0,0.18617140290393802
5.0,22.0,1.2218879474301503
11.0,41.0,3.072095566394369
1.0,3.0,5.0202705245369055
5.0,16.0,11.801573486826065
2.0,9.0,0.8642627035469841
14.0,36.0,3.855078566626946
4.0,13.0,0.48635392120230525
9.0,23.0,0.9350294743018666
10.0,34.0,1.2267215447960074
1.0,11.0,0.4583306831195993
2.0,3.0,0.18617140290393802
7.0,22.0,1.2218879474301503
11.0,41.0,3.072095566394369
2.0,3.0,5.0202705245369055
10.0,16.0,11.801573486826065
0.0,9.0,0.8642627035469841
21.0,36.0,3.855078566626946
5.0,13.0,0.48635392120230525
7.0,23.0,0.9350294743018666
9.0,34.0,1.2267215447960074
4.0,11.0,0.4583306831195993
1.0,3.0,0.18617140290393802
4.0,22.0,1.2218879474301503
13.0,41.0,3.072095566394369
1.0,3.0,5.0202705245369055
9.0,16.0,11.801573486826065
5.0,9.0,0.8642627035469841
16.0,36.0,3.855078566626946
7.0,13.0,0.48635392120230525
9.0,23.0,0.9350294743018666
18.0,34.0,1.2267215447960074
2.0,11.0,0.4583306831195993
2.0,3.0,0.18617140290393802
7.0,22.0,1.2218879474301503
24.0,41.0,3.072095566394369
3.0,3.0,5.0202705245369055
15.0,16.0,11.801573486826065
5.0,9.0,0.8642627035469841
25.0,36.0,3.855078566626946
9.0,13.0,0.48635392120230525
14.0,23.0,0.9350294743018666
16.0,34.0,1.2267215447960074
7.0,11.0,0.4583306831195993
2.0,3.0,0.18617140290393802
11.0,22.0,1.2218879474301503
19.0,41.0,3.072095566394369
2.0,3.0,5.0202705245369055
9.0,16.0,11.801573486826065
7.0,9.0,0.8642627035469841
31.0,36.0,3.855078566626946
9.0,13.0,0.48635392120230525
19.0,23.0,0.9350294743018666
22.0,34.0,1.2267215447960074
6.0,11.0,0.4583306831195993
3.0,3.0,0.18617140290393802
14.0,22.0,1.2218879474301503
29.0,41.0,3.072095566394369
3.0,3.0,5.0202705245369055
14.0,16.0,11.801573486826065
6.0,9.0,0.8642627035469841
33.0,36.0,3.855078566626946
13.0,13.0,0.48635392120230525
18.0,23.0,0.9350294743018666
28.0,34.0,1.2267215447960074
8.0,11.0,0.4583306831195993
3.0,3.0,0.18617140290393802
15.0,22.0,1.2218879474301503
36.0,41.0,3.072095566394369
2.0,3.0,5.0202705245369055
14.0,16.0,11.801573486826065
9.0,9.0,0.8642627035469841
30.0,36.0,3.855078566626946
11.0,13.0,0.48635392120230525
18.0,23.0,0.9350294743018666
34.0,34.0,1.2267215447960074
11.0,11.0,0.4583306831195993
3.0,3.0,0.18617140290393802
20.0,22.0,1.2218879474301503
37.0,41.0,3.072095566394369
1.0,3.0,1.5877362840864095
1.0,5.0,6.939264014485057
3.0,10.0,4.359968280633015
0.0,8.0,1.254079670995042
2.0,16.0,1.887857082067589
7.0,56.0,3.9732391694226203
4.0,34.0,1.244689309609383
10.0,94.0,2.3986544532877336
8.0,72.0,1.2048586422355119
17.0,96.0,1.3114198407452942
1.0,3.0,0.022980871597908705
1.0,3.0,1.5877362840864095
1.0,5.0,6.939264014485057
1.0,10.0,4.359968280633015
2.0,8.0,1.254079670995042
5.0,16.0,1.887857082067589
11.0,56.0,3.9732391694226203
7.0,34.0,1.244689309609383
22.0,94.0,2.3986544532877336
13.0,72.0,1.2048586422355119
14.0,96.0,1.3114198407452942
0.0,3.0,0.022980871597908705
1.0,3.0,1.5877362840864095
3.0,5.0,6.939264014485057
5.0,10.0,4.359968280633015
4.0,8.0,1.254079670995042
3.0,16.0,1.887857082067589
20.0,56.0,3.9732391694226203
9.0,34.0,1.244689309609383
27.0,94.0,2.3986544532877336
15.0,72.0,1.2048586422355119
30.0,96.0,1.3114198407452942
3.0,3.0,0.022980871597908705
2.0,3.0,1.5877362840864095
2.0,5.0,6.939264014485057
1.0,10.0,4.359968280633015
3.0,8.0,1.254079670995042
6.0,16.0,1.887857082067589
22.0,56.0,3.9732391694226203
15.0,34.0,1.244689309609383
42.0,94.0,2.3986544532877336
27.0,72.0,1.2048586422355119
34.0,96.0,1.3114198407452942
0.0,3.0,0.022980871597908705
1.0,3.0,1.5877362840864095
2.0,5.0,6.939264014485057
2.0,10.0,4.359968280633015
4.0,8.0,1.254079670995042
8.0,16.0,1.887857082067589
26.0,56.0,3.9732391694226203
18.0,34.0,1.244689309609383
52.0,94.0,2.3986544532877336
33.0,72.0,1.2048586422355119
47.0,96.0,1.3114198407452942
2.0,3.0,0.022980871597908705
3.0,3.0,1.5877362840864095
3.0,5.0,6.939264014485057
7.0,10.0,4.359968280633015
5.0,8.0,1.254079670995042
11.0,16.0,1.887857082067589
35.0,56.0,3.9732391694226203
22.0,34.0,1.244689309609383
50.0,94.0,2.3986544532877336
42.0,72.0,1.2048586422355119
63.0,96.0,1.3114198407452942
2.0,3.0,0.022980871597908705
1.0,3.0,1.5877362840864095
2.0,5.0,6.939264014485057
5.0,10.0,4.359968280633015
6.0,8.0,1.254079670995042
13.0,16.0,1.887857082067589
39.0,56.0,3.9732391694226203
30.0,34.0,1.244689309609383
62.0,94.0,2.3986544532877336
47.0,72.0,1.2048586422355119
66.0,96.0,1.3114198407452942
3.0,3.0,0.022980871597908705
2.0,3.0,1.5877362840864095
4.0,5.0,6.939264014485057
8.0,10.0,4.359968280633015
6.0,8.0,1.254079670995042
12.0,16.0,1.887857082067589
48.0,56.0,3.9732391694226203
23.0,34.0,1.244689309609383
78.0,94.0,2.3986544532877336
58.0,72.0,1.2048586422355119
73.0,96.0,1.3114198407452942
2.0,3.0,0.022980871597908705
2.0,3.0,1.5877362840864095
5.0,5.0,6.939264014485057
9.0,10.0,4.359968280633015
5.0,8.0,1.254079670995042
14.0,16.0,1.887857082067589
52.0,56.0,3.9732391694226203
32.0,34.0,1.244689309609383
84.0,94.0,2.3986544532877336
62.0,72.0,1.2048586422355119
81.0,96.0,1.3114198407452942
3.0,3.0,0.022980871597908705
2.0,5.0,10.861301062849238
3.0,15.0,7.631952185816709
3.0,28.0,4.100243092444586
2.0,18.0,1.390734509644009
0.0,27.0,1.2018492897961444
1.0,6.0,0.23292124185052132
5.0,49.0,2.1955747238931753
0.0,24.0,0.9773531006455728
2.0,21.0,1.0305806846580008
3.0,47.0,1.8719092374344024
1.0,14.0,0.42735589712486594
2.0,5.0,10.861301062849238
3.0,15.0,7.631952185816709
7.0,28.0,4.100243092444586
2.0,18.0,1.390734509644009
8.0,27.0,1.2018492897961444
1.0,6.0,0.23292124185052132
13.0,49.0,2.1955747238931753
3.0,24.0,0.9773531006455728
5.0,21.0,1.0305806846580008
11.0,47.0,1.8719092374344024
4.0,14.0,0.42735589712486594
1.0,5.0,10.861301062849238
1.0,15.0,7.631952185816709
9.0,28.0,4.100243092444586
4.0,18.0,1.390734509644009
8.0,27.0,1.2018492897961444
2.0,6.0,0.23292124185052132
14.0,49.0,2.1955747238931753
7.0,24.0,0.9773531006455728
5.0,21.0,1.0305806846580008
13.0,47.0,1.8719092374344024
3.0,14.0,0.42735589712486594
1.0,5.0,10.861301062849238
3.0,15.0,7.631952185816709
8.0,28.0,4.100243092444586
12.0,18.0,1.390734509644009
13.0,27.0,1.2018492897961444
1.0,6.0,0.23292124185052132
21.0,49.0,2.1955747238931753
7.0,24.0,0.9773531006455728
4.0,21.0,1.0305806846580008
20.0,47.0,1.8719092374344024
8.0,14.0,0.42735589712486594
4.0,5.0,10.861301062849238
5.0,15.0,7.631952185816709
15.0,28.0,4.100243092444586
10.0,18.0,1.390734509644009
11.0,27.0,1.2018492897961444
5.0,6.0,0.23292124185052132
22.0,49.0,2.1955747238931753
10.0,24.0,0.9773531006455728
11.0,21.0,1.0305806846580008
26.0,47.0,1.8719092374344024
5.0,14.0,0.42735589712486594
1.0,5.0,10.861301062849238
8.0,15.0,7.631952185816709
14.0,28.0,4.100243092444586
8.0,18.0,1.390734509644009
15.0,27.0,1.2018492897961444
5.0,6.0,0.23292124185052132
34.0,49.0,2.1955747238931753
11.0,24.0,0.9773531006455728
11.0,21.0,1.0305806846580008
26.0,47.0,1.8719092374344024
10.0,14.0,0.42735589712486594
4.0,5.0,10.861301062849238
10.0,15.0,7.631952185816709
15.0,28.0,4.100243092444586
11.0,18.0,1.390734509644009
18.0,27.0,1.2018492897961444
2.0,6.0,0.23292124185052132
31.0,49.0,2.1955747238931753
19.0,24.0,0.9773531006455728
13.0,21.0,1.0305806846580008
31.0,47.0,1.8719092374344024
10.0,14.0,0.42735589712486594
2.0,5.0,10.861301062849238
12.0,15.0,7.631952185816709
22.0,28.0,4.100243092444586
11.0,18.0,1.390734509644009
24.0,27.0,1.2018492897961444
5.0,6.0,0.23292124185052132
39.0,49.0,2.1955747238931753
16.0,24.0,0.9773531006455728
20.0,21.0,1.0305806846580008
38.0,47.0,1.8719092374344024
10.0,14.0,0.42735589712486594
5.0,5.0,10.861301062849238
14.0,15.0,7.631952185816709
26.0,28.0,4.100243092444586
14.0,18.0,1.390734509644009
23.0,27.0,1.2018492897961444
6.0,6.0,0.23292124185052132
47.0,49.0,2.1955747238931753
22.0,24.0,0.9773531006455728
19.0,21.0,1.0305806846580008
41.0,47.0,1.8719092374344024
13.0,14.0,0.42735589712486594
1.0,5.0,8.898730136200871
0.0,9.0,4.200730867568636
3.0,19.0,3.1441431170801883
1.0,6.0,0.5549255470297335
4.0,39.0,3.480499764721915
3.0,18.0,0.7662135942573138
3.0,38.0,2.3257564687604706
4.0,19.0,0.7614265511832954
1.0,7.0,0.2915871455150994
1.0,8.0,0.4590693475883528
4.0,25.0,1.9132922610785197
2.0,5.0,8.898730136200871
0.0,9.0,4.200730867568636
3.0,19.0,3.1441431170801883
1.0,6.0,0.5549255470297335
6.0,39.0,3.480499764721915
3.0,18.0,0.7662135942573138
5.0,38.0,2.3257564687604706
8.0,19.0,0.7614265511832954
0.0,7.0,0.2915871455150994
3.0,8.0,0.4590693475883528
7.0,25.0,1.9132922610785197
1.0,5.0,8.898730136200871
2.0,9.0,4.200730867568636
4.0,19.0,3.1441431170801883
4.0,6.0,0.5549255470297335
8.0,39.0,3.480499764721915
1.0,18.0,0.7662135942573138
8.0,38.0,2.3257564687604706
7.0,19.0,0.7614265511832954
2.0,7.0,0.2915871455150994
2.0,8.0,0.4590693475883528
10.0,25.0,1.9132922610785197
4.0,5.0,8.898730136200871
5.0,9.0,4.200730867568636
9.0,19.0,3.1441431170801883
1.0,6.0,0.5549255470297335
12.0,39.0,3.480499764721915
11.0,18.0,0.7662135942573138
8.0,38.0,2.3257564687604706
6.0,19.0,0.7614265511832954
3.0,7.0,0.2915871455150994
1.0,8.0,0.4590693475883528
11.0,25.0,1.9132922610785197
2.0,5.0,8.898730136200871
7.0,9.0,4.200730867568636
13.0,19.0,3.1441431170801883
3.0,6.0,0.5549255470297335
16.0,39.0,3.480499764721915
7.0,18.0,0.7662135942573138
17.0,38.0,2.3257564687604706
10.0,19.0,0.7614265511832954
5.0,7.0,0.2915871455150994
6.0,8.0,0.4590693475883528
15.0,25.0,1.9132922610785197
5.0,5.0,8.898730136200871
5.0,9.0,4.200730867568636
13.0,19.0,3.1441431170801883
4.0,6.0,0.5549255470297335
21.0,39.0,3.480499764721915
10.0,18.0,0.7662135942573138
28.0,38.0,2.3257564687604706
13.0,19.0,0.7614265511832954
5.0,7.0,0.2915871455150994
5.0,8.0,0.4590693475883528
18.0,25.0,1.9132922610785197
5.0,5.0,8.898730136200871
8.0,9.0,4.200730867568636
15.0,19.0,3.1441431170801883
1.0,6.0,0.5549255470297335
26.0,39.0,3.480499764721915
13.0,18.0,0.7662135942573138
27.0,38.0,2.3257564687604706
13.0,19.0,0.7614265511832954
6.0,7.0,0.2915871455150994
5.0,8.0,0.4590693475883528
19.0,25.0,1.9132922610785197
3.0,5.0,8.898730136200871
8.0,9.0,4.200730867568636
12.0,19.0,3.1441431170801883
4.0,6.0,0.5549255470297335
27.0,39.0,3.480499764721915
14.0,18.0,0.7662135942573138
30.0,38.0,2.3257564687604706
16.0,19.0,0.7614265511832954
5.0,7.0,0.2915871455150994
8.0,8.0,0.4590693475883528
18.0,25.0,1.9132922610785197
4.0,5.0,8.898730136200871
7.0,9.0,4.200730867568636
17.0,19.0,3.1441431170801883
5.0,6.0,0.5549255470297335
33.0,39.0,3.480499764721915
17.0,18.0,0.7662135942573138
31.0,38.0,2.3257564687604706
18.0,19.0,0.7614265511832954
7.0,7.0,0.2915871455150994
7.0,8.0,0.4590693475883528
21.0,25.0,1.9132922610785197
1.0,2.0,5.267121829854051
0.0,5.0,4.613833368529307
3.0,8.0,1.7873724699769644
2.0,21.0,3.368906113751945
2.0,12.0,1.1872018632048786
0.0,6.0,0.5649354665516072
3.0,42.0,4.23368967041218
2.0,11.0,0.642170447614235
2.0,36.0,1.4716894273918435
7.0,61.0,1.8671092153148474
1.0,9.0,0.18385355852453605
1.0,2.0,5.267121829854051
1.0,5.0,4.613833368529307
2.0,8.0,1.7873724699769644
4.0,21.0,3.368906113751945
1.0,12.0,1.1872018632048786
1.0,6.0,0.5649354665516072
10.0,42.0,4.23368967041218
5.0,11.0,0.642170447614235
9.0,36.0,1.4716894273918435
12.0,61.0,1.8671092153148474
2.0,9.0,0.18385355852453605
2.0,2.0,5.267121829854051
1.0,5.0,4.613833368529307
2.0,8.0,1.7873724699769644
4.0,21.0,3.368906113751945
5.0,12.0,1.1872018632048786
3.0,6.0,0.5649354665516072
10.0,42.0,4.23368967041218
4.0,11.0,0.642170447614235
12.0,36.0,1.4716894273918435
21.0,61.0,1.8671092153148474
2.0,9.0,0.18385355852453605
1.0,2.0,5.267121829854051
4.0,5.0,4.613833368529307
1.0,8.0,1.7873724699769644
10.0,21.0,3.368906113751945
3.0,12.0,1.1872018632048786
1.0,6.0,0.5649354665516072
20.0,42.0,4.23368967041218
5.0,11.0,0.642170447614235
13.0,36.0,1.4716894273918435
22.0,61.0,1.8671092153148474
5.0,9.0,0.18385355852453605
1.0,2.0,5.267121829854051
3.0,5.0,4.613833368529307
4.0,8.0,1.7873724699769644
12.0,21.0,3.368906113751945
8.0,12.0,1.1872018632048786
4.0,6.0,0.5649354665516072
20.0,42.0,4.23368967041218
3.0,11.0,0.642170447614235
25.0,36.0,1.4716894273918435
27.0,61.0,1.8671092153148474
5.0,9.0,0.18385355852453605
1.0,2.0,5.267121829854051
5.0,5.0,4.613833368529307
4.0,8.0,1.7873724699769644
13.0,21.0,3.368906113751945
9.0,12.0,1.1872018632048786
4.0,6.0,0.5649354665516072
25.0,42.0,4.23368967041218
7.0,11.0,0.642170447614235
24.0,36.0,1.4716894273918435
42.0,61.0,1.8671092153148474
4.0,9.0,0.18385355852453605
1.0,2.0,5.267121829854051
3.0,5.0,4.613833368529307
7.0,8.0,1.7873724699769644
15.0,21.0,3.368906113751945
9.0,12.0,1.1872018632048786
5.0,6.0,0.5649354665516072
32.0,42.0,4.23368967041218
5.0,11.0,0.642170447614235
27.0,36.0,1.4716894273918435
47.0,61.0,1.8671092153148474
7.0,9.0,0.18385355852453605
1.0,2.0,5.267121829854051
4.0,5.0,4.613833368529307
6.0,8.0,1.7873724699769644
20.0,21.0,3.368906113751945
10.0,12.0,1.1872018632048786
5.0,6.0,0.5649354665516072
31.0,42.0,4.23368967041218
9.0,11.0,0.642170447614235
28.0,36.0,1.4716894273918435
49.0,61.0,1.8671092153148474
6.0,9.0,0.18385355852453605
1.0,2.0,5.267121829854051
4.0,5.0,4.613833368529307
7.0,8.0,1.7873724699769644
19.0,21.0,3.368906113751945
10.0,12.0,1.1872018632048786
6.0,6.0,0.5649354665516072
41.0,42.0,4.23368967041218
11.0,11.0,0.642170447614235
33.0,36.0,1.4716894273918435
53.0,61.0,1.8671092153148474
9.0,9.0,0.18385355852453605
1.0,2.0,1.6127741835106475
0.0,4.0,4.3895853128076965
1.0,5.0,1.0980825645555137
2.0,25.0,5.243750999976033
3.0,20.0,1.5347720938193414
1.0,37.0,2.0459130531243765
4.0,16.0,0.36369474165711646
11.0,88.0,3.254149201429556
9.0,80.0,1.858816445694509
5.0,48.0,1.0672589642683696
4.0,34.0,0.6724344202648073
1.0,2.0,1.6127741835106475
1.0,4.0,4.3895853128076965
1.0,5.0,1.0980825645555137
3.0,25.0,5.243750999976033
3.0,20.0,1.5347720938193414
5.0,37.0,2.0459130531243765
4.0,16.0,0.36369474165711646
22.0,88.0,3.254149201429556
15.0,80.0,1.858816445694509
10.0,48.0,1.0672589642683696
4.0,34.0,0.6724344202648073
1.0,2.0,1.6127741835106475
1.0,4.0,4.3895853128076965
4.0,5.0,1.0980825645555137
11.0,25.0,5.243750999976033
5.0,20.0,1.5347720938193414
13.0,37.0,2.0459130531243765
5.0,16.0,0.36369474165711646
28.0,88.0,3.254149201429556
21.0,80.0,1.858816445694509
13.0,48.0,1.0672589642683696
8.0,34.0,0.6724344202648073
1.0,2.0,1.6127741835106475
1.0,4.0,4.3895853128076965
2.0,5.0,1.0980825645555137
6.0,25.0,5.243750999976033
6.0,20.0,1.5347720938193414
12.0,37.0,2.0459130531243765
5.0,16.0,0.36369474165711646
37.0,88.0,3.254149201429556
24.0,80.0,1.858816445694509
17.0,48.0,1.0672589642683696
19.0,34.0,0.6724344202648073
1.0,2.0,1.6127741835106475
2.0,4.0,4.3895853128076965
3.0,5.0,1.0980825645555137
10.0,25.0,5.243750999976033
9.0,20.0,1.5347720938193414
17.0,37.0,2.0459130531243765
9.0,16.0,0.36369474165711646
43.0,88.0,3.254149201429556
38.0,80.0,1.858816445694509
19.0,48.0,1.0672589642683696
18.0,34.0,0.6724344202648073
2.0,2.0,1.6127741835106475
1.0,4.0,4.3895853128076965
5.0,5.0,1.0980825645555137
17.0,25.0,5.243750999976033
13.0,20.0,1.5347720938193414
28.0,37.0,2.0459130531243765
10.0,16.0,0.36369474165711646
45.0,88.0,3.254149201429556
46.0,80.0,1.858816445694509
26.0,48.0,1.0672589642683696
25.0,34.0,0.6724344202648073
2.0,2.0,1.6127741835106475
2.0,4.0,4.3895853128076965
4.0,5.0,1.0980825645555137
20.0,25.0,5.243750999976033
10.0,20.0,1.5347720938193414
31.0,37.0,2.0459130531243765
11.0,16.0,0.36369474165711646
59.0,88.0,3.254149201429556
52.0,80.0,1.858816445694509
36.0,48.0,1.0672589642683696
19.0,34.0,0.6724344202648073
2.0,2.0,1.6127741835106475
4.0,4.0,4.3895853128076965
5.0,5.0,1.0980825645555137
17.0,25.0,5.243750999976033
16.0,20.0,1.5347720938193414
30.0,37.0,2.0459130531243765
9.0,16.0,0.36369474165711646
75.0,88.0,3.254149201429556
63.0,80.0,1.858816445694509
35.0,48.0,1.0672589642683696
28.0,34.0,0.6724344202648073
1.0,2.0,1.6127741835106475
4.0,4.0,4.3895853128076965
3.0,5.0,1.0980825645555137
23.0,25.0,5.243750999976033
19.0,20.0,1.5347720938193414
33.0,37.0,2.0459130531243765
13.0,16.0,0.36369474165711646
80.0,88.0,3.254149201429556
72.0,80.0,1.858816445694509
42.0,48.0,1.0672589642683696
30.0,34.0,0.6724344202648073
1.0,3.0,4.400418529177916
0.0,3.0,3.080659186067279
4.0,14.0,4.728647530802117
12.0,84.0,10.006858489348227
4.0,27.0,0.8873060133511366
10.0,92.0,2.4985724419508033
7.0,34.0,0.5094417988359007
4.0,39.0,0.7190700298083476
0.0,20.0,0.4849209131488
0.0,15.0,0.42821407270080886
8.0,49.0,1.7879938721721786
1.0,3.0,4.400418529177916
2.0,3.0,3.080659186067279
3.0,14.0,4.728647530802117
14.0,84.0,10.006858489348227
6.0,27.0,0.8873060133511366
17.0,92.0,2.4985724419508033
7.0,34.0,0.5094417988359007
3.0,39.0,0.7190700298083476
7.0,20.0,0.4849209131488
3.0,15.0,0.42821407270080886
12.0,49.0,1.7879938721721786
2.0,3.0,4.400418529177916
1.0,3.0,3.080659186067279
5.0,14.0,4.728647530802117
27.0,84.0,10.006858489348227
10.0,27.0,0.8873060133511366
28.0,92.0,2.4985724419508033
9.0,34.0,0.5094417988359007
17.0,39.0,0.7190700298083476
7.0,20.0,0.4849209131488
6.0,15.0,0.42821407270080886
19.0,49.0,1.7879938721721786
2.0,3.0,4.400418529177916
1.0,3.0,3.080659186067279
6.0,14.0,4.728647530802117
22.0,84.0,10.006858489348227
13.0,27.0,0.8873060133511366
35.0,92.0,2.4985724419508033
13.0,34.0,0.5094417988359007
16.0,39.0,0.7190700298083476
4.0,20.0,0.4849209131488
8.0,15.0,0.42821407270080886
21.0,49.0,1.7879938721721786
3.0,3.0,4.400418529177916
1.0,3.0,3.080659186067279
8.0,14.0,4.728647530802117
36.0,84.0,10.006858489348227
16.0,27.0,0.8873060133511366
54.0,92.0,2.4985724419508033
17.0,34.0,0.5094417988359007
18.0,39.0,0.7190700298083476
12.0,20.0,0.4849209131488
5.0,15.0,0.42821407270080886
30.0,49.0,1.7879938721721786
3.0,3.0,4.400418529177916
1.0,3.0,3.080659186067279
9.0,14.0,4.728647530802117
47.0,84.0,10.006858489348227
15.0,27.0,0.8873060133511366
56.0,92.0,2.4985724419508033
18.0,34.0,0.5094417988359007
21.0,39.0,0.7190700298083476
13.0,20.0,0.4849209131488
8.0,15.0,0.42821407270080886
30.0,49.0,1.7879938721721786
3.0,3.0,4.400418529177916
2.0,3.0,3.080659186067279
12.0,14.0,4.728647530802117
62.0,84.0,10.006858489348227
18.0,27.0,0.8873060133511366
60.0,92.0,2.4985724419508033
25.0,34.0,0.5094417988359007
29.0,39.0,0.7190700298083476
12.0,20.0,0.4849209131488
10.0,15.0,0.42821407270080886
30.0,49.0,1.7879938721721786
3.0,3.0,4.400418529177916
3.0,3.0,3.080659186067279
12.0,14.0,4.728647530802117
65.0,84.0,10.006858489348227
21.0,27.0,0.8873060133511366
74.0,92.0,2.4985724419508033
26.0,34.0,0.5094417988359007
31.0,39.0,0.7190700298083476
14.0,20.0,0.4849209131488
11.0,15.0,0.42821407270080886
40.0,49.0,1.7879938721721786
3.0,3.0,4.400418529177916
3.0,3.0,3.080659186067279
12.0,14.0,4.728647530802117
77.0,84.0,10.006858489348227
26.0,27.0,0.8873060133511366
85.0,92.0,2.4985724419508033
30.0,34.0,0.5094417988359007
32.0,39.0,0.7190700298083476
18.0,20.0,0.4849209131488
13.0,15.0,0.42821407270080886
44.0,49.0,1.7879938721721786
2.0,6.0,14.148619990025106
3.0,24.0,8.941809870804352
0.0,4.0,0.6592497081344411
1.0,19.0,1.4416789354302038
2.0,22.0,1.9357014260419583
14.0,85.0,5.160424057879672
1.0,12.0,0.3622031238933608
2.0,60.0,1.820334771354075
1.0,29.0,1.0343881874399294
1.0,32.0,0.5762987133039036
1.0,2.0,0.12663447521176535
1.0,6.0,14.148619990025106
4.0,24.0,8.941809870804352
0.0,4.0,0.6592497081344411
3.0,19.0,1.4416789354302038
3.0,22.0,1.9357014260419583
22.0,85.0,5.160424057879672
1.0,12.0,0.3622031238933608
10.0,60.0,1.820334771354075
4.0,29.0,1.0343881874399294
4.0,32.0,0.5762987133039036
0.0,2.0,0.12663447521176535
3.0,6.0,14.148619990025106
5.0,24.0,8.941809870804352
1.0,4.0,0.6592497081344411
4.0,19.0,1.4416789354302038
9.0,22.0,1.9357014260419583
26.0,85.0,5.160424057879672
2.0,12.0,0.3622031238933608
20.0,60.0,1.820334771354075
9.0,29.0,1.0343881874399294
8.0,32.0,0.5762987133039036
0.0,2.0,0.12663447521176535
3.0,6.0,14.148619990025106
12.0,24.0,8.941809870804352
2.0,4.0,0.6592497081344411
9.0,19.0,1.4416789354302038
7.0,22.0,1.9357014260419583
38.0,85.0,5.160424057879672
5.0,12.0,0.3622031238933608
28.0,60.0,1.820334771354075
12.0,29.0,1.0343881874399294
9.0,32.0,0.5762987133039036
2.0,2.0,0.12663447521176535
3.0,6.0,14.148619990025106
12.0,24.0,8.941809870804352
4.0,4.0,0.6592497081344411
11.0,19.0,1.4416789354302038
8.0,22.0,1.9357014260419583
42.0,85.0,5.160424057879672
7.0,12.0,0.3622031238933608
33.0,60.0,1.820334771354075
15.0,29.0,1.0343881874399294
17.0,32.0,0.5762987133039036
1.0,2.0,0.12663447521176535
3.0,6.0,14.148619990025106
13.0,24.0,8.941809870804352
3.0,4.0,0.6592497081344411
12.0,19.0,1.4416789354302038
15.0,22.0,1.9357014260419583
56.0,85.0,5.160424057879672
7.0,12.0,0.3622031238933608
32.0,60.0,1.820334771354075
20.0,29.0,1.0343881874399294
21.0,32.0,0.5762987133039036
1.0,2.0,0.12663447521176535
4.0,6.0,14.148619990025106
15.0,24.0,8.941809870804352
2.0,4.0,0.6592497081344411
15.0,19.0,1.4416789354302038
17.0,22.0,1.9357014260419583
63.0,85.0,5.160424057879672
9.0,12.0,0.3622031238933608
42.0,60.0,1.820334771354075
22.0,29.0,1.0343881874399294
24.0,32.0,0.5762987133039036
2.0,2.0,0.12663447521176535
5.0,6.0,14.148619990025106
21.0,24.0,8.941809870804352
4.0,4.0,0.6592497081344411
12.0,19.0,1.4416789354302038
18.0,22.0,1.9357014260419583
70.0,85.0,5.160424057879672
8.0,12.0,0.3622031238933608
48.0,60.0,1.820334771354075
23.0,29.0,1.0343881874399294
28.0,32.0,0.5762987133039036
1.0,2.0,0.12663447521176535
5.0,6.0,14.148619990025106
22.0,24.0,8.941809870804352
3.0,4.0,0.6592497081344411
16.0,19.0,1.4416789354302038
21.0,22.0,1.9357014260419583
79.0,85.0,5.160424057879672
9.0,12.0,0.3622031238933608
50.0,60.0,1.820334771354075
28.0,29.0,1.0343881874399294
28.0,32.0,0.5762987133039036
2.0,2.0,0.12663447521176535
1.0,2.0,4.068080599407586
0.0,5.0,5.483002792909176
0.0,7.0,1.9202771930364038
1.0,8.0,1.5772627383254108
3.0,15.0,1.5569486422460879
12.0,80.0,7.147061492026232
6.0,39.0,1.3929572731092
2.0,14.0,0.35317371681700915
3.0,23.0,0.5967907702720773
8.0,67.0,2.1214225346491684
3.0,51.0,1.4130342375657572
1.0,2.0,4.068080599407586
2.0,5.0,5.483002792909176
5.0,7.0,1.9202771930364038
2.0,8.0,1.5772627383254108
3.0,15.0,1.5569486422460879
11.0,80.0,7.147061492026232
3.0,39.0,1.3929572731092
5.0,14.0,0.35317371681700915
5.0,23.0,0.5967907702720773
11.0,67.0,2.1214225346491684
6.0,51.0,1.4130342375657572
1.0,2.0,4.068080599407586
1.0,5.0,5.483002792909176
2.0,7.0,1.9202771930364038
1.0,8.0,1.5772627383254108
4.0,15.0,1.5569486422460879
29.0,80.0,7.147061492026232
14.0,39.0,1.3929572731092
6.0,14.0,0.35317371681700915
4.0,23.0,0.5967907702720773
27.0,67.0,2.1214225346491684
22.0,51.0,1.4130342375657572
1.0,2.0,4.068080599407586
3.0,5.0,5.483002792909176
4.0,7.0,1.9202771930364038
0.0,8.0,1.5772627383254108
4.0,15.0,1.5569486422460879
32.0,80.0,7.147061492026232
13.0,39.0,1.3929572731092
6.0,14.0,0.35317371681700915
11.0,23.0,0.5967907702720773
32.0,67.0,2.1214225346491684
16.0,51.0,1.4130342375657572
1.0,2.0,4.068080599407586
3.0,5.0,5.483002792909176
5.0,7.0,1.9202771930364038
4.0,8.0,1.5772627383254108
10.0,15.0,1.5569486422460879
41.0,80.0,7.147061492026232
16.0,39.0,1.3929572731092
6.0,14.0,0.35317371681700915
7.0,23.0,0.5967907702720773
41.0,67.0,2.1214225346491684
23.0,51.0,1.4130342375657572
2.0,2.0,4.068080599407586
5.0,5.0,5.483002792909176
3.0,7.0,1.9202771930364038
7.0,8.0,1.5772627383254108
8.0,15.0,1.5569486422460879
45.0,80.0,7.147061492026232
22.0,39.0,1.3929572731092
7.0,14.0,0.35317371681700915
16.0,23.0,0.5967907702720773
38.0,67.0,2.1214225346491684
30.0,51.0,1.4130342375657572
2.0,2.0,4.068080599407586
4.0,5.0,5.483002792909176
4.0,7.0,1.9202771930364038
7.0,8.0,1.5772627383254108
13.0,15.0,1.5569486422460879
50.0,80.0,7.147061492026232
31.0,39.0,1.3929572731092
8.0,14.0,0.35317371681700915
16.0,23.0,0.5967907702720773
44.0,67.0,2.1214225346491684
38.0,51.0,1.4130342375657572
2.0,2.0,4.068080599407586
3.0,5.0,5.483002792909176
6.0,7.0,1.9202771930364038
5.0,8.0,1.5772627383254108
14.0,15.0,1.5569486422460879
58.0,80.0,7.147061492026232
33.0,39.0,1.3929572731092
11.0,14.0,0.35317371681700915
16.0,23.0,0.5967907702720773
51.0,67.0,2.1214225346491684
43.0,51.0,1.4130342375657572
2.0,2.0,4.068080599407586
4.0,5.0,5.483002792909176
7.0,7.0,1.9202771930364038
8.0,8.0,1.5772627383254108
14.0,15.0,1.5569486422460879
68.0,80.0,7.147061492026232
38.0,39.0,1.3929572731092
13.0,14.0,0.35317371681700915
20.0,23.0,0.5967907702720773
58.0,67.0,2.1214225346491684
46.0,51.0,1.4130342375657572
1.0,3.0,4.291001320194558
1.0,15.0,7.3470443497027675
4.0,83.0,11.879781225026994
4.0,49.0,1.610242485487188
1.0,10.0,0.27761799518660585
1.0,10.0,0.2417846281152769
1.0,9.0,0.5465383559156892
6.0,31.0,1.2235865028782258
4.0,44.0,1.5277143123036288
0.0,18.0,0.5441745677221778
3.0,29.0,1.0745203886658772
2.0,3.0,4.291001320194558
4.0,15.0,7.3470443497027675
13.0,83.0,11.879781225026994
8.0,49.0,1.610242485487188
1.0,10.0,0.27761799518660585
2.0,10.0,0.2417846281152769
2.0,9.0,0.5465383559156892
1.0,31.0,1.2235865028782258
10.0,44.0,1.5277143123036288
5.0,18.0,0.5441745677221778
9.0,29.0,1.0745203886658772
2.0,3.0,4.291001320194558
4.0,15.0,7.3470443497027675
25.0,83.0,11.879781225026994
14.0,49.0,1.610242485487188
1.0,10.0,0.27761799518660585
2.0,10.0,0.2417846281152769
3.0,9.0,0.5465383559156892
11.0,31.0,1.2235865028782258
16.0,44.0,1.5277143123036288
7.0,18.0,0.5441745677221778
6.0,29.0,1.0745203886658772
2.0,3.0,4.291001320194558
6.0,15.0,7.3470443497027675
28.0,83.0,11.879781225026994
21.0,49.0,1.610242485487188
2.0,10.0,0.27761799518660585
7.0,10.0,0.2417846281152769
3.0,9.0,0.5465383559156892
15.0,31.0,1.2235865028782258
22.0,44.0,1.5277143123036288
6.0,18.0,0.5441745677221778
13.0,29.0,1.0745203886658772
2.0,3.0,4.291001320194558
5.0,15.0,7.3470443497027675
40.0,83.0,11.879781225026994
16.0,49.0,1.610242485487188
6.0,10.0,0.27761799518660585
4.0,10.0,0.2417846281152769
4.0,9.0,0.5465383559156892
17.0,31.0,1.2235865028782258
22.0,44.0,1.5277143123036288
8.0,18.0,0.5441745677221778
17.0,29.0,1.0745203886658772
3.0,3.0,4.291001320194558
10.0,15.0,7.3470443497027675
42.0,83.0,11.879781225026994
32.0,49.0,1.610242485487188
6.0,10.0,0.27761799518660585
6.0,10.0,0.2417846281152769
3.0,9.0,0.5465383559156892
25.0,31.0,1.2235865028782258
25.0,44.0,1.5277143123036288
11.0,18.0,0.5441745677221778
18.0,29.0,1.0745203886658772
2.0,3.0,4.291001320194558
12.0,15.0,7.3470443497027675
62.0,83.0,11.879781225026994
39.0,49.0,1.610242485487188
5.0,10.0,0.27761799518660585
7.0,10.0,0.2417846281152769
8.0,9.0,0.5465383559156892
20.0,31.0,1.2235865028782258
24.0,44.0,1.5277143123036288
12.0,18.0,0.5441745677221778
23.0,29.0,1.0745203886658772
3.0,3.0,4.291001320194558
11.0,15.0,7.3470443497027675
68.0,83.0,11.879781225026994
37.0,49.0,1.610242485487188
7.0,10.0,0.27761799518660585
8.0,10.0,0.2417846281152769
9.0,9.0,0.5465383559156892
22.0,31.0,1.2235865028782258
38.0,44.0,1.5277143123036288
17.0,18.0,0.5441745677221778
23.0,29.0,1.0745203886658772
2.0,3.0,4.291001320194558
14.0,15.0,7.3470443497027675
75.0,83.0,11.879781225026994
45.0,49.0,1.610242485487188
9.0,10.0,0.27761799518660585
9.0,10.0,0.2417846281152769
7.0,9.0,0.5465383559156892
26.0,31.0,1.2235865028782258
39.0,44.0,1.5277143123036288
13.0,18.0,0.5441745677221778
27.0,29.0,1.0745203886658772
1.0,5.0,15.029241839128906
0.0,2.0,1.528227151516189
1.0,12.0,2.6703093008405214
0.0,6.0,1.533264248285958
1.0,6.0,1.514404104167436
0.0,3.0,0.7094395102101738
2.0,4.0,0.4100115603836355
2.0,9.0,1.3201078184615738
0.0,15.0,2.1115970099473573
4.0,25.0,2.9256220478874346
3.0,14.0,1.2459140189577336
2.0,5.0,15.029241839128906
1.0,2.0,1.528227151516189
2.0,12.0,2.6703093008405214
1.0,6.0,1.533264248285958
1.0,6.0,1.514404104167436
1.0,3.0,0.7094395102101738
2.0,4.0,0.4100115603836355
2.0,9.0,1.3201078184615738
1.0,15.0,2.1115970099473573
2.0,25.0,2.9256220478874346
5.0,14.0,1.2459140189577336
2.0,5.0,15.029241839128906
1.0,2.0,1.528227151516189
4.0,12.0,2.6703093008405214
2.0,6.0,1.533264248285958
2.0,6.0,1.514404104167436
1.0,3.0,0.7094395102101738
1.0,4.0,0.4100115603836355
4.0,9.0,1.3201078184615738
4.0,15.0,2.1115970099473573
8.0,25.0,2.9256220478874346
6.0,14.0,1.2459140189577336
1.0,5.0,15.029241839128906
1.0,2.0,1.528227151516189
5.0,12.0,2.6703093008405214
3.0,6.0,1.533264248285958
1.0,6.0,1.514404104167436
3.0,3.0,0.7094395102101738
3.0,4.0,0.4100115603836355
2.0,9.0,1.3201078184615738
9.0,15.0,2.1115970099473573
13.0,25.0,2.9256220478874346
7.0,14.0,1.2459140189577336
1.0,5.0,15.029241839128906
1.0,2.0,1.528227151516189
5.0,12.0,2.6703093008405214
1.0,6.0,1.533264248285958
3.0,6.0,1.514404104167436
1.0,3.0,0.7094395102101738
1.0,4.0,0.4100115603836355
4.0,9.0,1.3201078184615738
6.0,15.0,2.1115970099473573
10.0,25.0,2.9256220478874346
7.0,14.0,1.2459140189577336
2.0,5.0,15.029241839128906
1.0,2.0,1.528227151516189
6.0,12.0,2.6703093008405214
4.0,6.0,1.533264248285958
2.0,6.0,1.514404104167436
1.0,3.0,0.7094395102101738
3.0,4.0,0.4100115603836355
6.0,9.0,1.3201078184615738
8.0,15.0,2.1115970099473573
14.0,25.0,2.9256220478874346
9.0,14.0,1.2459140189577336
1.0,5.0,15.029241839128906
1.0,2.0,1.528227151516189
7.0,12.0,2.6703093008405214
5.0,6.0,1.533264248285958
3.0,6.0,1.514404104167436
3.0,3.0,0.7094395102101738
4.0,4.0,0.4100115603836355
7.0,9.0,1.3201078184615738
11.0,15.0,2.1115970099473573
19.0,25.0,2.9256220478874346
9.0,14.0,1.2459140189577336
4.0,5.0,15.029241839128906
2.0,2.0,1.528227151516189
8.0,12.0,2.6703093008405214
5.0,6.0,1.533264248285958
6.0,6.0,1.514404104167436
3.0,3.0,0.7094395102101738
2.0,4.0,0.4100115603836355
8.0,9.0,1.3201078184615738
12.0,15.0,2.1115970099473573
20.0,25.0,2.9256220478874346
11.0,14.0,1.2459140189577336
3.0,5.0,15.029241839128906
1.0,2.0,1.528227151516189
8.0,12.0,2.6703093008405214
6.0,6.0,1.533264248285958
6.0,6.0,1.514404104167436
3.0,3.0,0.7094395102101738
4.0,4.0,0.4100115603836355
7.0,9.0,1.3201078184615738
14.0,15.0,2.1115970099473573
24.0,25.0,2.9256220478874346
11.0,14.0,1.2459140189577336
1.0,2.0,1.419084138642932
0.0,5.0,3.8351141559148023
1.0,7.0,3.365737927687114
5.0,40.0,8.05210808467713
7.0,73.0,3.841271370333897
9.0,50.0,1.09976866150789
5.0,29.0,0.6000318701036974
5.0,36.0,0.8023534395713379
5.0,81.0,1.933845574389141
2.0,41.0,0.7131018708721618
3.0,37.0,0.7273673348167305
1.0,2.0,1.419084138642932
0.0,5.0,3.8351141559148023
2.0,7.0,3.365737927687114
5.0,40.0,8.05210808467713
14.0,73.0,3.841271370333897
6.0,50.0,1.09976866150789
8.0,29.0,0.6000318701036974
12.0,36.0,0.8023534395713379
22.0,81.0,1.933845574389141
8.0,41.0,0.7131018708721618
7.0,37.0,0.7273673348167305
1.0,2.0,1.419084138642932
1.0,5.0,3.8351141559148023
2.0,7.0,3.365737927687114
8.0,40.0,8.05210808467713
18.0,73.0,3.841271370333897
12.0,50.0,1.09976866150789
7.0,29.0,0.6000318701036974
8.0,36.0,0.8023534395713379
24.0,81.0,1.933845574389141
7.0,41.0,0.7131018708721618
12.0,37.0,0.7273673348167305
1.0,2.0,1.419084138642932
4.0,5.0,3.8351141559148023
3.0,7.0,3.365737927687114
25.0,40.0,8.05210808467713
31.0,73.0,3.841271370333897
15.0,50.0,1.09976866150789
8.0,29.0,0.6000318701036974
14.0,36.0,0.8023534395713379
38.0,81.0,1.933845574389141
16.0,41.0,0.7131018708721618
14.0,37.0,0.7273673348167305
1.0,2.0,1.419084138642932
3.0,5.0,3.8351141559148023
3.0,7.0,3.365737927687114
15.0,40.0,8.05210808467713
36.0,73.0,3.841271370333897
23.0,50.0,1.09976866150789
12.0,29.0,0.6000318701036974
18.0,36.0,0.8023534395713379
38.0,81.0,1.933845574389141
16.0,41.0,0.7131018708721618
17.0,37.0,0.7273673348167305
1.0,2.0,1.419084138642932
3.0,5.0,3.8351141559148023
4.0,7.0,3.365737927687114
27.0,40.0,8.05210808467713
40.0,73.0,3.841271370333897
19.0,50.0,1.09976866150789
17.0,29.0,0.6000318701036974
20.0,36.0,0.8023534395713379
42.0,81.0,1.933845574389141
21.0,41.0,0.7131018708721618
22.0,37.0,0.7273673348167305
2.0,2.0,1.419084138642932
4.0,5.0,3.8351141559148023
5.0,7.0,3.365737927687114
33.0,40.0,8.05210808467713
52.0,73.0,3.841271370333897
36.0,50.0,1.09976866150789
26.0,29.0,0.6000318701036974
26.0,36.0,0.8023534395713379
57.0,81.0,1.933845574389141
26.0,41.0,0.7131018708721618
25.0,37.0,0.7273673348167305
2.0,2.0,1.419084138642932
5.0,5.0,3.8351141559148023
7.0,7.0,3.365737927687114
32.0,40.0,8.05210808467713
55.0,73.0,3.841271370333897
42.0,50.0,1.09976866150789
24.0,29.0,0.6000318701036974
30.0,36.0,0.8023534395713379
67.0,81.0,1.933845574389141
33.0,41.0,0.7131018708721618
31.0,37.0,0.7273673348167305
1.0,2.0,1.419084138642932
4.0,5.0,3.8351141559148023
6.0,7.0,3.365737927687114
34.0,40.0,8.05210808467713
64.0,73.0,3.841271370333897
47.0,50.0,1.09976866150789
26.0,29.0,0.6000318701036974
34.0,36.0,0.8023534395713379
76.0,81.0,1.933845574389141
37.0,41.0,0.7131018708721618
31.0,37.0,0.7273673348167305
1.0,5.0,11.27533981543737
0.0,2.0,0.3455711705967926
2.0,19.0,5.417801748531777
4.0,15.0,1.9481050806310196
4.0,33.0,2.651726786624884
2.0,14.0,0.7524977915964595
1.0,6.0,0.3078680885975279
1.0,27.0,1.7221203206869977
1.0,9.0,0.4159866931610202
2.0,9.0,0.6502956635421772
2.0,47.0,3.2573622035199956
1.0,5.0,11.27533981543737
1.0,2.0,0.3455711705967926
8.0,19.0,5.417801748531777
5.0,15.0,1.9481050806310196
9.0,33.0,2.651726786624884
4.0,14.0,0.7524977915964595
2.0,6.0,0.3078680885975279
3.0,27.0,1.7221203206869977
3.0,9.0,0.4159866931610202
1.0,9.0,0.6502956635421772
8.0,47.0,3.2573622035199956
1.0,5.0,11.27533981543737
2.0,2.0,0.3455711705967926
5.0,19.0,5.417801748531777
4.0,15.0,1.9481050806310196
12.0,33.0,2.651726786624884
7.0,14.0,0.7524977915964595
1.0,6.0,0.3078680885975279
7.0,27.0,1.7221203206869977
4.0,9.0,0.4159866931610202
1.0,9.0,0.6502956635421772
16.0,47.0,3.2573622035199956
1.0,5.0,11.27533981543737
1.0,2.0,0.3455711705967926
7.0,19.0,5.417801748531777
5.0,15.0,1.9481050806310196
9.0,33.0,2.651726786624884
5.0,14.0,0.7524977915964595
1.0,6.0,0.3078680885975279
12.0,27.0,1.7221203206869977
2.0,9.0,0.4159866931610202
4.0,9.0,0.6502956635421772
16.0,47.0,3.2573622035199956
1.0,5.0,11.27533981543737
2.0,2.0,0.3455711705967926
6.0,19.0,5.417801748531777
7.0,15.0,1.9481050806310196
16.0,33.0,2.651726786624884
7.0,14.0,0.7524977915964595
3.0,6.0,0.3078680885975279
12.0,27.0,1.7221203206869977
6.0,9.0,0.4159866931610202
5.0,9.0,0.6502956635421772
23.0,47.0,3.2573622035199956
4.0,5.0,11.27533981543737
1.0,2.0,0.3455711705967926
13.0,19.0,5.417801748531777
9.0,15.0,1.9481050806310196
23.0,33.0,2.651726786624884
9.0,14.0,0.7524977915964595
2.0,6.0,0.3078680885975279
23.0,27.0,1.7221203206869977
7.0,9.0,0.4159866931610202
7.0,9.0,0.6502956635421772
33.0,47.0,3.2573622035199956
3.0,5.0,11.27533981543737
2.0,2.0,0.3455711705967926
15.0,19.0,5.417801748531777
10.0,15.0,1.9481050806310196
22.0,33.0,2.651726786624884
9.0,14.0,0.7524977915964595
4.0,6.0,0.3078680885975279
19.0,27.0,1.7221203206869977
5.0,9.0,0.4159866931610202
8.0,9.0,0.6502956635421772
35.0,47.0,3.2573622035199956
5.0,5.0,11.27533981543737
2.0,2.0,0.3455711705967926
17.0,19.0,5.417801748531777
11.0,15.0,1.9481050806310196
28.0,33.0,2.651726786624884
12.0,14.0,0.7524977915964595
5.0,6.0,0.3078680885975279
19.0,27.0,1.7221203206869977
9.0,9.0,0.4159866931610202
6.0,9.0,0.6502956635421772
35.0,47.0,3.2573622035199956
5.0,5.0,11.27533981543737
2.0,2.0,0.3455711705967926
16.0,19.0,5.417801748531777
14.0,15.0,1.9481050806310196
28.0,33.0,2.651726786624884
13.0,14.0,0.7524977915964595
5.0,6.0,0.3078680885975279
25.0,27.0,1.7221203206869977
8.0,9.0,0.4159866931610202
9.0,9.0,0.6502956635421772
45.0,47.0,3.2573622035199956
2.0,3.0,1.4186665032682981
1.0,15.0,6.741297433615699
2.0,23.0,2.671446083290989
4.0,23.0,1.8828772744753608
2.0,16.0,1.31506103192233
8.0,47.0,2.2945374137362604
1.0,27.0,1.150576514608639
0.0,12.0,0.5314676851134802
0.0,15.0,0.6804422478193577
0.0,7.0,0.28090132103821963
2.0,37.0,1.7153816070987467
1.0,3.0,1.4186665032682981
4.0,15.0,6.741297433615699
4.0,23.0,2.671446083290989
7.0,23.0,1.8828772744753608
8.0,16.0,1.31506103192233
7.0,47.0,2.2945374137362604
3.0,27.0,1.150576514608639
1.0,12.0,0.5314676851134802
4.0,15.0,0.6804422478193577
3.0,7.0,0.28090132103821963
7.0,37.0,1.7153816070987467
1.0,3.0,1.4186665032682981
6.0,15.0,6.741297433615699
6.0,23.0,2.671446083290989
9.0,23.0,1.8828772744753608
7.0,16.0,1.31506103192233
13.0,47.0,2.2945374137362604
9.0,27.0,1.150576514608639
2.0,12.0,0.5314676851134802
4.0,15.0,0.6804422478193577
2.0,7.0,0.28090132103821963
4.0,37.0,1.7153816070987467
3.0,3.0,1.4186665032682981
9.0,15.0,6.741297433615699
7.0,23.0,2.671446083290989
10.0,23.0,1.8828772744753608
7.0,16.0,1.31506103192233
17.0,47.0,2.2945374137362604
12.0,27.0,1.150576514608639
5.0,12.0,0.5314676851134802
5.0,15.0,0.6804422478193577
3.0,7.0,0.28090132103821963
16.0,37.0,1.7153816070987467
1.0,3.0,1.4186665032682981
7.0,15.0,6.741297433615699
12.0,23.0,2.671446083290989
8.0,23.0,1.8828772744753608
9.0,16.0,1.31506103192233
21.0,47.0,2.2945374137362604
16.0,27.0,1.150576514608639
8.0,12.0,0.5314676851134802
6.0,15.0,0.6804422478193577
4.0,7.0,0.28090132103821963
21.0,37.0,1.7153816070987467
3.0,3.0,1.4186665032682981
12.0,15.0,6.741297433615699
14.0,23.0,2.671446083290989
15.0,23.0,1.8828772744753608
9.0,16.0,1.31506103192233
30.0,47.0,2.2945374137362604
16.0,27.0,1.150576514608639
5.0,12.0,0.5314676851134802
9.0,15.0,0.6804422478193577
4.0,7.0,0.28090132103821963
24.0,37.0,1.7153816070987467
1.0,3.0,1.4186665032682981
12.0,15.0,6.741297433615699
14.0,23.0,2.671446083290989
18.0,23.0,1.8828772744753608
11.0,16.0,1.31506103192233
32.0,47.0,2.2945374137362604
17.0,27.0,1.150576514608639
9.0,12.0,0.5314676851134802
10.0,15.0,0.6804422478193577
6.0,7.0,0.28090132103821963
23.0,37.0,1.7153816070987467
2.0,3.0,1.4186665032682981
9.0,15.0,6.741297433615699
19.0,23.0,2.671446083290989
21.0,23.0,1.8828772744753608
14.0,16.0,1.31506103192233
34.0,47.0,2.2945374137362604
24.0,27.0,1.150576514608639
9.0,12.0,0.5314676851134802
14.0,15.0,0.6804422478193577
7.0,7.0,0.28090132103821963
30.0,37.0,1.7153816070987467
2.0,3.0,1.4186665032682981
14.0,15.0,6.741297433615699
23.0,23.0,2.671446083290989
22.0,23.0,1.8828772744753608
14.0,16.0,1.31506103192233
42.0,47.0,2.2945374137362604
24.0,27.0,1.150576514608639
10.0,12.0,0.5314676851134802
12.0,15.0,0.6804422478193577
6.0,7.0,0.28090132103821963
34.0,37.0,1.7153816070987467
1.0,2.0,1.2183656594066306
0.0,1.0,0.45593479513469537
2.0,10.0,6.004717724231113
1.0,34.0,8.883829320733856
2.0,16.0,1.7711779285204716
1.0,2.0,0.13196772370781787
7.0,74.0,3.7690070257076873
6.0,78.0,2.390068040191356
6.0,56.0,1.0594846598750276
3.0,40.0,0.6735567209053585
1.0,19.0,0.4168345312618123
1.0,2.0,1.2183656594066306
1.0,1.0,0.45593479513469537
2.0,10.0,6.004717724231113
7.0,34.0,8.883829320733856
4.0,16.0,1.7711779285204716
0.0,2.0,0.13196772370781787
13.0,74.0,3.7690070257076873
13.0,78.0,2.390068040191356
9.0,56.0,1.0594846598750276
9.0,40.0,0.6735567209053585
3.0,19.0,0.4168345312618123
1.0,2.0,1.2183656594066306
0.0,1.0,0.45593479513469537
3.0,10.0,6.004717724231113
11.0,34.0,8.883829320733856
4.0,16.0,1.7711779285204716
1.0,2.0,0.13196772370781787
22.0,74.0,3.7690070257076873
16.0,78.0,2.390068040191356
22.0,56.0,1.0594846598750276
11.0,40.0,0.6735567209053585
8.0,19.0,0.4168345312618123
1.0,2.0,1.2183656594066306
0.0,1.0,0.45593479513469537
6.0,10.0,6.004717724231113
16.0,34.0,8.883829320733856
8.0,16.0,1.7711779285204716
2.0,2.0,0.13196772370781787
34.0,74.0,3.7690070257076873
29.0,78.0,2.390068040191356
25.0,56.0,1.0594846598750276
15.0,40.0,0.6735567209053585
7.0,19.0,0.4168345312618123
1.0,2.0,1.2183656594066306
1.0,1.0,0.45593479513469537
3.0,10.0,6.004717724231113
14.0,34.0,8.883829320733856
7.0,16.0,1.7711779285204716
1.0,2.0,0.13196772370781787
44.0,74.0,3.7690070257076873
36.0,78.0,2.390068040191356
28.0,56.0,1.0594846598750276
22.0,40.0,0.6735567209053585
10.0,19.0,0.4168345312618123
1.0,2.0,1.2183656594066306
1.0,1.0,0.45593479513469537
8.0,10.0,6.004717724231113
22.0,34.0,8.883829320733856
12.0,16.0,1.7711779285204716
2.0,2.0,0.13196772370781787
43.0,74.0,3.7690070257076873
49.0,78.0,2.390068040191356
29.0,56.0,1.0594846598750276
14.0,40.0,0.6735567209053585
8.0,19.0,0.4168345312618123
2.0,2.0,1.2183656594066306
1.0,1.0,0.45593479513469537
8.0,10.0,6.004717724231113
21.0,34.0,8.883829320733856
11.0,16.0,1.7711779285204716
1.0,2.0,0.13196772370781787
51.0,74.0,3.7690070257076873
61.0,78.0,2.390068040191356
38.0,56.0,1.0594846598750276
32.0,40.0,0.6735567209053585
14.0,19.0,0.4168345312618123
2.0,2.0,1.2183656594066306
1.0,1.0,0.45593479513469537
9.0,10.0,6.004717724231113
26.0,34.0,8.883829320733856
13.0,16.0,1.7711779285204716
2.0,2.0,0.13196772370781787
58.0,74.0,3.7690070257076873
58.0,78.0,2.390068040191356
43.0,56.0,1.0594846598750276
33.0,40.0,0.6735567209053585
14.0,19.0,0.4168345312618123
2.0,2.0,1.2183656594066306
1.0,1.0,0.45593479513469537
9.0,10.0,6.004717724231113
31.0,34.0,8.883829320733856
13.0,16.0,1.7711779285204716
2.0,2.0,0.13196772370781787
68.0,74.0,3.7690070257076873
70.0,78.0,2.390068040191356
52.0,56.0,1.0594846598750276
36.0,40.0,0.6735567209053585
19.0,19.0,0.4168345312618123
1.0,3.0,3.4611236163424266
0.0,6.0,2.401389931499067
1.0,17.0,5.647461925320868
1.0,5.0,0.8518567925947474
1.0,10.0,0.9988809292614291
4.0,17.0,2.9411576956396055
2.0,21.0,2.2897779661904556
2.0,7.0,0.45706326627412414
0.0,6.0,0.5285512927056344
2.0,16.0,0.7860536049786838
1.0,14.0,1.06795489962703
1.0,3.0,3.4611236163424266
1.0,6.0,2.401389931499067
6.0,17.0,5.647461925320868
3.0,5.0,0.8518567925947474
3.0,10.0,0.9988809292614291
6.0,17.0,2.9411576956396055
3.0,21.0,2.2897779661904556
1.0,7.0,0.45706326627412414
0.0,6.0,0.5285512927056344
2.0,16.0,0.7860536049786838
2.0,14.0,1.06795489962703
1.0,3.0,3.4611236163424266
3.0,6.0,2.401389931499067
7.0,17.0,5.647461925320868
1.0,5.0,0.8518567925947474
5.0,10.0,0.9988809292614291
5.0,17.0,2.9411576956396055
10.0,21.0,2.2897779661904556
1.0,7.0,0.45706326627412414
3.0,6.0,0.5285512927056344
4.0,16.0,0.7860536049786838
5.0,14.0,1.06795489962703
2.0,3.0,3.4611236163424266
2.0,6.0,2.401389931499067
8.0,17.0,5.647461925320868
2.0,5.0,0.8518567925947474
7.0,10.0,0.9988809292614291
5.0,17.0,2.9411576956396055
3.0,21.0,2.2897779661904556
4.0,7.0,0.45706326627412414
3.0,6.0,0.5285512927056344
4.0,16.0,0.7860536049786838
11.0,14.0,1.06795489962703
1.0,3.0,3.4611236163424266
3.0,6.0,2.401389931499067
6.0,17.0,5.647461925320868
3.0,5.0,0.8518567925947474
6.0,10.0,0.9988809292614291
8.0,17.0,2.9411576956396055
11.0,21.0,2.2897779661904556
4.0,7.0,0.45706326627412414
5.0,6.0,0.5285512927056344
11.0,16.0,0.7860536049786838
4.0,14.0,1.06795489962703
2.0,3.0,3.4611236163424266
4.0,6.0,2.401389931499067
12.0,17.0,5.647461925320868
4.0,5.0,0.8518567925947474
6.0,10.0,0.9988809292614291
6.0,17.0,2.9411576956396055
7.0,21.0,2.2897779661904556
5.0,7.0,0.45706326627412414
4.0,6.0,0.5285512927056344
10.0,16.0,0.7860536049786838
7.0,14.0,1.06795489962703
1.0,3.0,3.4611236163424266
3.0,6.0,2.401389931499067
12.0,17.0,5.647461925320868
2.0,5.0,0.8518567925947474
7.0,10.0,0.9988809292614291
10.0,17.0,2.9411576956396055
16.0,21.0,2.2897779661904556
5.0,7.0,0.45706326627412414
5.0,6.0,0.5285512927056344
13.0,16.0,0.7860536049786838
9.0,14.0,1.06795489962703
3.0,3.0,3.4611236163424266
6.0,6.0,2.401389931499067
14.0,17.0,5.647461925320868
4.0,5.0,0.8518567925947474
9.0,10.0,0.9988809292614291
17.0,17.0,2.9411576956396055
18.0,21.0,2.2897779661904556
4.0,7.0,0.45706326627412414
5.0,6.0,0.5285512927056344
12.0,16.0,0.7860536049786838
14.0,14.0,1.06795489962703
3.0,3.0,3.4611236163424266
5.0,6.0,2.401389931499067
16.0,17.0,5.647461925320868
5.0,5.0,0.8518567925947474
8.0,10.0,0.9988809292614291
14.0,17.0,2.9411576956396055
19.0,21.0,2.2897779661904556
5.0,7.0,0.45706326627412414
6.0,6.0,0.5285512927056344
14.0,16.0,0.7860536049786838
12.0,14.0,1.06795489962703
2.0,7.0,5.727489513120827
1.0,8.0,3.297200582542702
0.0,6.0,1.470828870205769
2.0,7.0,0.5504715762951056
2.0,19.0,2.7239948668357425
2.0,26.0,2.4631070959205057
2.0,10.0,1.1901572152447066
1.0,17.0,1.1946184466931522
1.0,15.0,0.8600779415209078
2.0,26.0,2.0679231688872455
5.0,31.0,1.4886764304133062
2.0,7.0,5.727489513120827
0.0,8.0,3.297200582542702
0.0,6.0,1.470828870205769
1.0,7.0,0.5504715762951056
5.0,19.0,2.7239948668357425
6.0,26.0,2.4631070959205057
3.0,10.0,1.1901572152447066
7.0,17.0,1.1946184466931522
3.0,15.0,0.8600779415209078
6.0,26.0,2.0679231688872455
3.0,31.0,1.4886764304133062
1.0,7.0,5.727489513120827
4.0,8.0,3.297200582542702
2.0,6.0,1.470828870205769
2.0,7.0,0.5504715762951056
6.0,19.0,2.7239948668357425
7.0,26.0,2.4631070959205057
4.0,10.0,1.1901572152447066
3.0,17.0,1.1946184466931522
4.0,15.0,0.8600779415209078
11.0,26.0,2.0679231688872455
11.0,31.0,1.4886764304133062
3.0,7.0,5.727489513120827
4.0,8.0,3.297200582542702
4.0,6.0,1.470828870205769
1.0,7.0,0.5504715762951056
12.0,19.0,2.7239948668357425
10.0,26.0,2.4631070959205057
4.0,10.0,1.1901572152447066
10.0,17.0,1.1946184466931522
6.0,15.0,0.8600779415209078
8.0,26.0,2.0679231688872455
18.0,31.0,1.4886764304133062
4.0,7.0,5.727489513120827
4.0,8.0,3.297200582542702
2.0,6.0,1.470828870205769
2.0,7.0,0.5504715762951056
10.0,19.0,2.7239948668357425
13.0,26.0,2.4631070959205057
3.0,10.0,1.1901572152447066
8.0,17.0,1.1946184466931522
6.0,15.0,0.8600779415209078
13.0,26.0,2.0679231688872455
18.0,31.0,1.4886764304133062
5.0,7.0,5.727489513120827
2.0,8.0,3.297200582542702
1.0,6.0,1.470828870205769
1.0,7.0,0.5504715762951056
13.0,19.0,2.7239948668357425
16.0,26.0,2.4631070959205057
7.0,10.0,1.1901572152447066
12.0,17.0,1.1946184466931522
11.0,15.0,0.8600779415209078
19.0,26.0,2.0679231688872455
15.0,31.0,1.4886764304133062
5.0,7.0,5.727489513120827
5.0,8.0,3.297200582542702
4.0,6.0,1.470828870205769
4.0,7.0,0.5504715762951056
11.0,19.0,2.7239948668357425
21.0,26.0,2.4631070959205057
8.0,10.0,1.1901572152447066
15.0,17.0,1.1946184466931522
12.0,15.0,0.8600779415209078
17.0,26.0,2.0679231688872455
23.0,31.0,1.4886764304133062
5.0,7.0,5.727489513120827
7.0,8.0,3.297200582542702
5.0,6.0,1.470828870205769
5.0,7.0,0.5504715762951056
12.0,19.0,2.7239948668357425
22.0,26.0,2.4631070959205057
6.0,10.0,1.1901572152447066
15.0,17.0,1.1946184466931522
12.0,15.0,0.8600779415209078
21.0,26.0,2.0679231688872455
26.0,31.0,1.4886764304133062
6.0,7.0,5.727489513120827
7.0,8.0,3.297200582542702
6.0,6.0,1.470828870205769
7.0,7.0,0.5504715762951056
13.0,19.0,2.7239948668357425
24.0,26.0,2.4631070959205057
6.0,10.0,1.1901572152447066
16.0,17.0,1.1946184466931522
13.0,15.0,0.8600779415209078
23.0,26.0,2.0679231688872455
27.0,31.0,1.4886764304133062
1.0,6.0,3.794806435082229
0.0,10.0,3.743217267836151
0.0,4.0,1.8295334283252047
1.0,4.0,0.35816470196026573
1.0,24.0,4.108003253344223
13.0,78.0,4.797420643872668
1.0,11.0,0.409853016904475
1.0,32.0,0.7748943910356116
3.0,22.0,0.5791779428761896
1.0,16.0,0.4183996976998362
2.0,8.0,0.450125432753359
2.0,6.0,3.794806435082229
0.0,10.0,3.743217267836151
2.0,4.0,1.8295334283252047
2.0,4.0,0.35816470196026573
3.0,24.0,4.108003253344223
10.0,78.0,4.797420643872668
2.0,11.0,0.409853016904475
8.0,32.0,0.7748943910356116
8.0,22.0,0.5791779428761896
2.0,16.0,0.4183996976998362
3.0,8.0,0.450125432753359
3.0,6.0,3.794806435082229
4.0,10.0,3.743217267836151
2.0,4.0,1.8295334283252047
2.0,4.0,0.35816470196026573
9.0,24.0,4.108003253344223
25.0,78.0,4.797420643872668
1.0,11.0,0.409853016904475
8.0,32.0,0.7748943910356116
4.0,22.0,0.5791779428761896
6.0,16.0,0.4183996976998362
3.0,8.0,0.450125432753359
2.0,6.0,3.794806435082229
4.0,10.0,3.743217267836151
2.0,4.0,1.8295334283252047
1.0,4.0,0.35816470196026573
12.0,24.0,4.108003253344223
33.0,78.0,4.797420643872668
4.0,11.0,0.409853016904475
15.0,32.0,0.7748943910356116
10.0,22.0,0.5791779428761896
3.0,16.0,0.4183996976998362
3.0,8.0,0.450125432753359
2.0,6.0,3.794806435082229
5.0,10.0,3.743217267836151
3.0,4.0,1.8295334283252047
0.0,4.0,0.35816470196026573
13.0,24.0,4.108003253344223
49.0,78.0,4.797420643872668
5.0,11.0,0.409853016904475
17.0,32.0,0.7748943910356116
9.0,22.0,0.5791779428761896
8.0,16.0,0.4183996976998362
3.0,8.0,0.450125432753359
3.0,6.0,3.794806435082229
4.0,10.0,3.743217267836151
3.0,4.0,1.8295334283252047
2.0,4.0,0.35816470196026573
16.0,24.0,4.108003253344223
51.0,78.0,4.797420643872668
5.0,11.0,0.409853016904475
24.0,32.0,0.7748943910356116
12.0,22.0,0.5791779428761896
9.0,16.0,0.4183996976998362
3.0,8.0,0.450125432753359
4.0,6.0,3.794806435082229
8.0,10.0,3.743217267836151
1.0,4.0,1.8295334283252047
2.0,4.0,0.35816470196026573
18.0,24.0,4.108003253344223
53.0,78.0,4.797420643872668
9.0,11.0,0.409853016904475
21.0,32.0,0.7748943910356116
13.0,22.0,0.5791779428761896
11.0,16.0,0.4183996976998362
5.0,8.0,0.450125432753359
5.0,6.0,3.794806435082229
9.0,10.0,3.743217267836151
3.0,4.0,1.8295334283252047
4.0,4.0,0.35816470196026573
20.0,24.0,4.108003253344223
58.0,78.0,4.797420643872668
8.0,11.0,0.409853016904475
30.0,32.0,0.7748943910356116
14.0,22.0,0.5791779428761896
12.0,16.0,0.4183996976998362
4.0,8.0,0.450125432753359
5.0,6.0,3.794806435082229
10.0,10.0,3.743217267836151
3.0,4.0,1.8295334283252047
3.0,4.0,0.35816470196026573
22.0,24.0,4.108003253344223
71.0,78.0,4.797420643872668
9.0,11.0,0.409853016904475
29.0,32.0,0.7748943910356116
17.0,22.0,0.5791779428761896
14.0,16.0,0.4183996976998362
7.0,8.0,0.450125432753359
1.0,3.0,6.129584300341906
1.0,6.0,3.4183967138502234
0.0,5.0,1.1748159394167212
0.0,8.0,1.8226779014937378
3.0,60.0,8.305581651138557
5.0,64.0,3.470662630314512
2.0,20.0,0.39228182648031473
1.0,11.0,0.20748361883789126
3.0,11.0,0.49384173650125374
2.0,9.0,0.3361756236621208
1.0,32.0,1.9424570557905063
1.0,3.0,6.129584300341906
0.0,6.0,3.4183967138502234
1.0,5.0,1.1748159394167212
1.0,8.0,1.8226779014937378
13.0,60.0,8.305581651138557
13.0,64.0,3.470662630314512
5.0,20.0,0.39228182648031473
3.0,11.0,0.20748361883789126
2.0,11.0,0.49384173650125374
2.0,9.0,0.3361756236621208
8.0,32.0,1.9424570557905063
1.0,3.0,6.129584300341906
2.0,6.0,3.4183967138502234
1.0,5.0,1.1748159394167212
1.0,8.0,1.8226779014937378
16.0,60.0,8.305581651138557
13.0,64.0,3.470662630314512
9.0,20.0,0.39228182648031473
1.0,11.0,0.20748361883789126
4.0,11.0,0.49384173650125374
4.0,9.0,0.3361756236621208
9.0,32.0,1.9424570557905063
1.0,3.0,6.129584300341906
1.0,6.0,3.4183967138502234
4.0,5.0,1.1748159394167212
2.0,8.0,1.8226779014937378
27.0,60.0,8.305581651138557
20.0,64.0,3.470662630314512
8.0,20.0,0.39228182648031473
2.0,11.0,0.20748361883789126
7.0,11.0,0.49384173650125374
3.0,9.0,0.3361756236621208
15.0,32.0,1.9424570557905063
3.0,3.0,6.129584300341906
2.0,6.0,3.4183967138502234
4.0,5.0,1.1748159394167212
6.0,8.0,1.8226779014937378
32.0,60.0,8.305581651138557
30.0,64.0,3.470662630314512
13.0,20.0,0.39228182648031473
6.0,11.0,0.20748361883789126
4.0,11.0,0.49384173650125374
5.0,9.0,0.3361756236621208
21.0,32.0,1.9424570557905063
1.0,3.0,6.129584300341906
3.0,6.0,3.4183967138502234
1.0,5.0,1.1748159394167212
4.0,8.0,1.8226779014937378
40.0,60.0,8.305581651138557
37.0,64.0,3.470662630314512
13.0,20.0,0.39228182648031473
9.0,11.0,0.20748361883789126
5.0,11.0,0.49384173650125374
4.0,9.0,0.3361756236621208
19.0,32.0,1.9424570557905063
2.0,3.0,6.129584300341906
6.0,6.0,3.4183967138502234
3.0,5.0,1.1748159394167212
7.0,8.0,1.8226779014937378
41.0,60.0,8.305581651138557
47.0,64.0,3.470662630314512
15.0,20.0,0.39228182648031473
6.0,11.0,0.20748361883789126
8.0,11.0,0.49384173650125374
6.0,9.0,0.3361756236621208
25.0,32.0,1.9424570557905063
3.0,3.0,6.129584300341906
5.0,6.0,3.4183967138502234
3.0,5.0,1.1748159394167212
8.0,8.0,1.8226779014937378
49.0,60.0,8.305581651138557
51.0,64.0,3.470662630314512
16.0,20.0,0.39228182648031473
9.0,11.0,0.20748361883789126
9.0,11.0,0.49384173650125374
6.0,9.0,0.3361756236621208
28.0,32.0,1.9424570557905063
3.0,3.0,6.129584300341906
6.0,6.0,3.4183967138502234
4.0,5.0,1.1748159394167212
7.0,8.0,1.8226779014937378
53.0,60.0,8.305581651138557
59.0,64.0,3.470662630314512
18.0,20.0,0.39228182648031473
9.0,11.0,0.20748361883789126
9.0,11.0,0.49384173650125374
8.0,9.0,0.3361756236621208
29.0,32.0,1.9424570557905063
1.0,3.0,3.9733622621099385
0.0,8.0,4.273502617869908
1.0,17.0,2.8916394296176544
5.0,21.0,2.1904903710169537
0.0,3.0,0.22893563050555826
1.0,11.0,0.8473466953096795
0.0,8.0,1.2554555148174074
3.0,31.0,3.122499906694632
6.0,49.0,1.8610546120678193
3.0,48.0,1.316812849052704
2.0,19.0,0.4116174920992715
1.0,3.0,3.9733622621099385
3.0,8.0,4.273502617869908
4.0,17.0,2.8916394296176544
3.0,21.0,2.1904903710169537
0.0,3.0,0.22893563050555826
2.0,11.0,0.8473466953096795
3.0,8.0,1.2554555148174074
4.0,31.0,3.122499906694632
8.0,49.0,1.8610546120678193
12.0,48.0,1.316812849052704
4.0,19.0,0.4116174920992715
1.0,3.0,3.9733622621099385
1.0,8.0,4.273502617869908
2.0,17.0,2.8916394296176544
6.0,21.0,2.1904903710169537
2.0,3.0,0.22893563050555826
2.0,11.0,0.8473466953096795
6.0,8.0,1.2554555148174074
6.0,31.0,3.122499906694632
17.0,49.0,1.8610546120678193
18.0,48.0,1.316812849052704
4.0,19.0,0.4116174920992715
1.0,3.0,3.9733622621099385
1.0,8.0,4.273502617869908
4.0,17.0,2.8916394296176544
11.0,21.0,2.1904903710169537
2.0,3.0,0.22893563050555826
4.0,11.0,0.8473466953096795
4.0,8.0,1.2554555148174074
11.0,31.0,3.122499906694632
21.0,49.0,1.8610546120678193
15.0,48.0,1.316812849052704
7.0,19.0,0.4116174920992715
2.0,3.0,3.9733622621099385
2.0,8.0,4.273502617869908
12.0,17.0,2.8916394296176544
8.0,21.0,2.1904903710169537
3.0,3.0,0.22893563050555826
4.0,11.0,0.8473466953096795
7.0,8.0,1.2554555148174074
13.0,31.0,3.122499906694632
28.0,49.0,1.8610546120678193
23.0,48.0,1.316812849052704
8.0,19.0,0.4116174920992715
2.0,3.0,3.9733622621099385
7.0,8.0,4.273502617869908
11.0,17.0,2.8916394296176544
15.0,21.0,2.1904903710169537
3.0,3.0,0.22893563050555826
8.0,11.0,0.8473466953096795
6.0,8.0,1.2554555148174074
17.0,31.0,3.122499906694632
28.0,49.0,1.8610546120678193
32.0,48.0,1.316812849052704
11.0,19.0,0.4116174920992715
3.0,3.0,3.9733622621099385
5.0,8.0,4.273502617869908
14.0,17.0,2.8916394296176544
14.0,21.0,2.1904903710169537
2.0,3.0,0.22893563050555826
7.0,11.0,0.8473466953096795
7.0,8.0,1.2554555148174074
22.0,31.0,3.122499906694632
33.0,49.0,1.8610546120678193
31.0,48.0,1.316812849052704
15.0,19.0,0.4116174920992715
2.0,3.0,3.9733622621099385
7.0,8.0,4.273502617869908
14.0,17.0,2.8916394296176544
17.0,21.0,2.1904903710169537
3.0,3.0,0.22893563050555826
8.0,11.0,0.8473466953096795
7.0,8.0,1.2554555148174074
26.0,31.0,3.122499906694632
38.0,49.0,1.8610546120678193
37.0,48.0,1.316812849052704
16.0,19.0,0.4116174920992715
2.0,3.0,3.9733622621099385
7.0,8.0,4.273502617869908
14.0,17.0,2.8916394296176544
18.0,21.0,2.1904903710169537
3.0,3.0,0.22893563050555826
9.0,11.0,0.8473466953096795
6.0,8.0,1.2554555148174074
25.0,31.0,3.122499906694632
44.0,49.0,1.8610546120678193
46.0,48.0,1.316812849052704
19.0,19.0,0.4116174920992715
1.0,3.0,2.4161886607159984
1.0,7.0,4.177458027783686
1.0,6.0,2.388178795493368
2.0,15.0,2.214380167320844
3.0,22.0,1.8890268351507358
3.0,27.0,2.2008156604810063
1.0,9.0,0.5616553617538375
5.0,61.0,2.830122296610919
6.0,43.0,1.5891351574612582
0.0,3.0,0.18928787699034644
1.0,8.0,0.3961842920257051
1.0,3.0,2.4161886607159984
0.0,7.0,4.177458027783686
0.0,6.0,2.388178795493368
2.0,15.0,2.214380167320844
5.0,22.0,1.8890268351507358
2.0,27.0,2.2008156604810063
0.0,9.0,0.5616553617538375
14.0,61.0,2.830122296610919
4.0,43.0,1.5891351574612582
2.0,3.0,0.18928787699034644
2.0,8.0,0.3961842920257051
1.0,3.0,2.4161886607159984
2.0,7.0,4.177458027783686
3.0,6.0,2.388178795493368
7.0,15.0,2.214380167320844
6.0,22.0,1.8890268351507358
7.0,27.0,2.2008156604810063
2.0,9.0,0.5616553617538375
18.0,61.0,2.830122296610919
11.0,43.0,1.5891351574612582
3.0,3.0,0.18928787699034644
2.0,8.0,0.3961842920257051
2.0,3.0,2.4161886607159984
3.0,7.0,4.177458027783686
2.0,6.0,2.388178795493368
5.0,15.0,2.214380167320844
9.0,22.0,1.8890268351507358
12.0,27.0,2.2008156604810063
1.0,9.0,0.5616553617538375
24.0,61.0,2.830122296610919
14.0,43.0,1.5891351574612582
2.0,3.0,0.18928787699034644
3.0,8.0,0.3961842920257051
2.0,3.0,2.4161886607159984
2.0,7.0,4.177458027783686
1.0,6.0,2.388178795493368
5.0,15.0,2.214380167320844
11.0,22.0,1.8890268351507358
12.0,27.0,2.2008156604810063
7.0,9.0,0.5616553617538375
35.0,61.0,2.830122296610919
22.0,43.0,1.5891351574612582
1.0,3.0,0.18928787699034644
4.0,8.0,0.3961842920257051
1.0,3.0,2.4161886607159984
3.0,7.0,4.177458027783686
2.0,6.0,2.388178795493368
10.0,15.0,2.214380167320844
10.0,22.0,1.8890268351507358
11.0,27.0,2.2008156604810063
6.0,9.0,0.5616553617538375
44.0,61.0,2.830122296610919
21.0,43.0,1.5891351574612582
2.0,3.0,0.18928787699034644
3.0,8.0,0.3961842920257051
2.0,3.0,2.4161886607159984
6.0,7.0,4.177458027783686
4.0,6.0,2.388178795493368
12.0,15.0,2.214380167320844
13.0,22.0,1.8890268351507358
15.0,27.0,2.2008156604810063
7.0,9.0,0.5616553617538375
35.0,61.0,2.830122296610919
32.0,43.0,1.5891351574612582
2.0,3.0,0.18928787699034644
4.0,8.0,0.3961842920257051
2.0,3.0,2.4161886607159984
5.0,7.0,4.177458027783686
4.0,6.0,2.388178795493368
10.0,15.0,2.214380167320844
17.0,22.0,1.8890268351507358
18.0,27.0,2.2008156604810063
6.0,9.0,0.5616553617538375
51.0,61.0,2.830122296610919
36.0,43.0,1.5891351574612582
3.0,3.0,0.18928787699034644
8.0,8.0,0.3961842920257051
3.0,3.0,2.4161886607159984
7.0,7.0,4.177458027783686
5.0,6.0,2.388178795493368
14.0,15.0,2.214380167320844
22.0,22.0,1.8890268351507358
23.0,27.0,2.2008156604810063
9.0,9.0,0.5616553617538375
59.0,61.0,2.830122296610919
34.0,43.0,1.5891351574612582
3.0,3.0,0.18928787699034644
7.0,8.0,0.3961842920257051
2.0,4.0,9.699859717461884
1.0,9.0,3.0715336208589092
0.0,2.0,0.31164956111281195
2.0,15.0,2.053786560659284
2.0,56.0,4.859661999855804
8.0,41.0,1.6635066316613007
2.0,41.0,1.4752937119730891
4.0,52.0,1.4020090250575674
5.0,80.0,1.9154343928301978
6.0,62.0,1.038542036588587
1.0,32.0,0.5152357888387297
3.0,4.0,9.699859717461884
2.0,9.0,3.0715336208589092
1.0,2.0,0.31164956111281195
3.0,15.0,2.053786560659284
11.0,56.0,4.859661999855804
5.0,41.0,1.6635066316613007
11.0,41.0,1.4752937119730891
16.0,52.0,1.4020090250575674
14.0,80.0,1.9154343928301978
10.0,62.0,1.038542036588587
7.0,32.0,0.5152357888387297
1.0,4.0,9.699859717461884
4.0,9.0,3.0715336208589092
2.0,2.0,0.31164956111281195
6.0,15.0,2.053786560659284
17.0,56.0,4.859661999855804
13.0,41.0,1.6635066316613007
14.0,41.0,1.4752937119730891
16.0,52.0,1.4020090250575674
19.0,80.0,1.9154343928301978
20.0,62.0,1.038542036588587
6.0,32.0,0.5152357888387297
1.0,4.0,9.699859717461884
4.0,9.0,3.0715336208589092
0.0,2.0,0.31164956111281195
6.0,15.0,2.053786560659284
26.0,56.0,4.859661999855804
20.0,41.0,1.6635066316613007
12.0,41.0,1.4752937119730891
24.0,52.0,1.4020090250575674
34.0,80.0,1.9154343928301978
25.0,62.0,1.038542036588587
11.0,32.0,0.5152357888387297
3.0,4.0,9.699859717461884
5.0,9.0,3.0715336208589092
1.0,2.0,0.31164956111281195
6.0,15.0,2.053786560659284
25.0,56.0,4.859661999855804
18.0,41.0,1.6635066316613007
20.0,41.0,1.4752937119730891
24.0,52.0,1.4020090250575674
39.0,80.0,1.9154343928301978
33.0,62.0,1.038542036588587
11.0,32.0,0.5152357888387297
2.0,4.0,9.699859717461884
6.0,9.0,3.0715336208589092
1.0,2.0,0.31164956111281195
7.0,15.0,2.053786560659284
34.0,56.0,4.859661999855804
21.0,41.0,1.6635066316613007
23.0,41.0,1.4752937119730891
35.0,52.0,1.4020090250575674
50.0,80.0,1.9154343928301978
37.0,62.0,1.038542036588587
19.0,32.0,0.5152357888387297
4.0,4.0,9.699859717461884
9.0,9.0,3.0715336208589092
2.0,2.0,0.31164956111281195
10.0,15.0,2.053786560659284
42.0,56.0,4.859661999855804
31.0,41.0,1.6635066316613007
29.0,41.0,1.4752937119730891
40.0,52.0,1.4020090250575674
58.0,80.0,1.9154343928301978
39.0,62.0,1.038542036588587
22.0,32.0,0.5152357888387297
4.0,4.0,9.699859717461884
8.0,9.0,3.0715336208589092
2.0,2.0,0.31164956111281195
10.0,15.0,2.053786560659284
44.0,56.0,4.859661999855804
34.0,41.0,1.6635066316613007
33.0,41.0,1.4752937119730891
41.0,52.0,1.4020090250575674
63.0,80.0,1.9154343928301978
52.0,62.0,1.038542036588587
27.0,32.0,0.5152357888387297
4.0,4.0,9.699859717461884
9.0,9.0,3.0715336208589092
2.0,2.0,0.31164956111281195
14.0,15.0,2.053786560659284
46.0,56.0,4.859661999855804
39.0,41.0,1.6635066316613007
38.0,41.0,1.4752937119730891
47.0,52.0,1.4020090250575674
73.0,80.0,1.9154343928301978
61.0,62.0,1.038542036588587
25.0,32.0,0.5152357888387297
1.0,6.0,5.522353814497854
2.0,8.0,2.433365288724929
1.0,9.0,1.8285778027298407
1.0,13.0,1.9325516647997416
2.0,5.0,0.49198759147977156
0.0,4.0,0.6978963717529699
2.0,17.0,1.913358984532962
2.0,24.0,2.2107021462748526
3.0,50.0,2.070892789940724
10.0,105.0,3.5901881982485166
2.0,5.0,0.11289692795553455
1.0,6.0,5.522353814497854
2.0,8.0,2.433365288724929
4.0,9.0,1.8285778027298407
5.0,13.0,1.9325516647997416
1.0,5.0,0.49198759147977156
1.0,4.0,0.6978963717529699
3.0,17.0,1.913358984532962
5.0,24.0,2.2107021462748526
7.0,50.0,2.070892789940724
18.0,105.0,3.5901881982485166
2.0,5.0,0.11289692795553455
1.0,6.0,5.522353814497854
2.0,8.0,2.433365288724929
0.0,9.0,1.8285778027298407
4.0,13.0,1.9325516647997416
1.0,5.0,0.49198759147977156
1.0,4.0,0.6978963717529699
9.0,17.0,1.913358984532962
7.0,24.0,2.2107021462748526
16.0,50.0,2.070892789940724
27.0,105.0,3.5901881982485166
1.0,5.0,0.11289692795553455
2.0,6.0,5.522353814497854
3.0,8.0,2.433365288724929
4.0,9.0,1.8285778027298407
4.0,13.0,1.9325516647997416
3.0,5.0,0.49198759147977156
2.0,4.0,0.6978963717529699
6.0,17.0,1.913358984532962
8.0,24.0,2.2107021462748526
19.0,50.0,2.070892789940724
33.0,105.0,3.5901881982485166
3.0,5.0,0.11289692795553455
5.0,6.0,5.522353814497854
2.0,8.0,2.433365288724929
5.0,9.0,1.8285778027298407
7.0,13.0,1.9325516647997416
3.0,5.0,0.49198759147977156
2.0,4.0,0.6978963717529699
5.0,17.0,1.913358984532962
14.0,24.0,2.2107021462748526
20.0,50.0,2.070892789940724
47.0,105.0,3.5901881982485166
3.0,5.0,0.11289692795553455
1.0,6.0,5.522353814497854
2.0,8.0,2.433365288724929
5.0,9.0,1.8285778027298407
5.0,13.0,1.9325516647997416
5.0,5.0,0.49198759147977156
3.0,4.0,0.6978963717529699
12.0,17.0,1.913358984532962
15.0,24.0,2.2107021462748526
25.0,50.0,2.070892789940724
62.0,105.0,3.5901881982485166
3.0,5.0,0.11289692795553455
4.0,6.0,5.522353814497854
8.0,8.0,2.433365288724929
6.0,9.0,1.8285778027298407
8.0,13.0,1.9325516647997416
4.0,5.0,0.49198759147977156
4.0,4.0,0.6978963717529699
10.0,17.0,1.913358984532962
19.0,24.0,2.2107021462748526
35.0,50.0,2.070892789940724
79.0,105.0,3.5901881982485166
4.0,5.0,0.11289692795553455
5.0,6.0,5.522353814497854
7.0,8.0,2.433365288724929
9.0,9.0,1.8285778027298407
10.0,13.0,1.9325516647997416
5.0,5.0,0.49198759147977156
4.0,4.0,0.6978963717529699
16.0,17.0,1.913358984532962
21.0,24.0,2.2107021462748526
37.0,50.0,2.070892789940724
82.0,105.0,3.5901881982485166
5.0,5.0,0.11289692795553455
5.0,6.0,5.522353814497854
7.0,8.0,2.433365288724929
8.0,9.0,1.8285778027298407
12.0,13.0,1.9325516647997416
5.0,5.0,0.49198759147977156
4.0,4.0,0.6978963717529699
17.0,17.0,1.913358984532962
23.0,24.0,2.2107021462748526
49.0,50.0,2.070892789940724
96.0,105.0,3.5901881982485166
3.0,5.0,0.11289692795553455
1.0,1.0,2.0053934522007473
1.0,11.0,10.946382163491048
5.0,24.0,6.216144957064062
1.0,7.0,0.5034708949359838
2.0,11.0,1.27590520885881
0.0,5.0,0.24810144619760024
0.0,15.0,1.5633272280116375
1.0,6.0,0.8127475333064701
0.0,11.0,1.7981973277358847
4.0,34.0,3.8156909340481056
2.0,23.0,1.338068407478104
1.0,1.0,2.0053934522007473
2.0,11.0,10.946382163491048
9.0,24.0,6.216144957064062
1.0,7.0,0.5034708949359838
2.0,11.0,1.27590520885881
3.0,5.0,0.24810144619760024
1.0,15.0,1.5633272280116375
2.0,6.0,0.8127475333064701
3.0,11.0,1.7981973277358847
8.0,34.0,3.8156909340481056
4.0,23.0,1.338068407478104
1.0,1.0,2.0053934522007473
5.0,11.0,10.946382163491048
7.0,24.0,6.216144957064062
5.0,7.0,0.5034708949359838
4.0,11.0,1.27590520885881
1.0,5.0,0.24810144619760024
3.0,15.0,1.5633272280116375
1.0,6.0,0.8127475333064701
4.0,11.0,1.7981973277358847
10.0,34.0,3.8156909340481056
8.0,23.0,1.338068407478104
1.0,1.0,2.0053934522007473
5.0,11.0,10.946382163491048
9.0,24.0,6.216144957064062
2.0,7.0,0.5034708949359838
6.0,11.0,1.27590520885881
2.0,5.0,0.24810144619760024
7.0,15.0,1.5633272280116375
2.0,6.0,0.8127475333064701
5.0,11.0,1.7981973277358847
12.0,34.0,3.8156909340481056
7.0,23.0,1.338068407478104
1.0,1.0,2.0053934522007473
3.0,11.0,10.946382163491048
8.0,24.0,6.216144957064062
1.0,7.0,0.5034708949359838
7.0,11.0,1.27590520885881
2.0,5.0,0.24810144619760024
7.0,15.0,1.5633272280116375
3.0,6.0,0.8127475333064701
7.0,11.0,1.7981973277358847
18.0,34.0,3.8156909340481056
13.0,23.0,1.338068407478104
1.0,1.0,2.0053934522007473
8.0,11.0,10.946382163491048
15.0,24.0,6.216144957064062
5.0,7.0,0.5034708949359838
5.0,11.0,1.27590520885881
4.0,5.0,0.24810144619760024
9.0,15.0,1.5633272280116375
4.0,6.0,0.8127475333064701
6.0,11.0,1.7981973277358847
15.0,34.0,3.8156909340481056
12.0,23.0,1.338068407478104
1.0,1.0,2.0053934522007473
8.0,11.0,10.946382163491048
18.0,24.0,6.216144957064062
5.0,7.0,0.5034708949359838
7.0,11.0,1.27590520885881
4.0,5.0,0.24810144619760024
8.0,15.0,1.5633272280116375
4.0,6.0,0.8127475333064701
9.0,11.0,1.7981973277358847
24.0,34.0,3.8156909340481056
15.0,23.0,1.338068407478104
1.0,1.0,2.0053934522007473
8.0,11.0,10.946382163491048
19.0,24.0,6.216144957064062
4.0,7.0,0.5034708949359838
9.0,11.0,1.27590520885881
5.0,5.0,0.24810144619760024
13.0,15.0,1.5633272280116375
5.0,6.0,0.8127475333064701
7.0,11.0,1.7981973277358847
31.0,34.0,3.8156909340481056
18.0,23.0,1.338068407478104
1.0,1.0,2.0053934522007473
8.0,11.0,10.946382163491048
22.0,24.0,6.216144957064062
6.0,7.0,0.5034708949359838
10.0,11.0,1.27590520885881
4.0,5.0,0.24810144619760024
14.0,15.0,1.5633272280116375
5.0,6.0,0.8127475333064701
8.0,11.0,1.7981973277358847
33.0,34.0,3.8156909340481056
22.0,23.0,1.338068407478104
1.0,8.0,9.354442116831748
1.0,10.0,3.778632594933234
1.0,18.0,3.126427669883966
3.0,12.0,1.2889330322647505
3.0,30.0,2.235940049841072
2.0,34.0,1.9306974985065373
0.0,8.0,0.3689076621251313
6.0,64.0,3.143111226934955
6.0,60.0,1.437042359440423
3.0,16.0,0.42015001273689634
5.0,51.0,1.2657025566635847
3.0,8.0,9.354442116831748
3.0,10.0,3.778632594933234
4.0,18.0,3.126427669883966
2.0,12.0,1.2889330322647505
7.0,30.0,2.235940049841072
6.0,34.0,1.9306974985065373
1.0,8.0,0.3689076621251313
13.0,64.0,3.143111226934955
13.0,60.0,1.437042359440423
6.0,16.0,0.42015001273689634
7.0,51.0,1.2657025566635847
1.0,8.0,9.354442116831748
3.0,10.0,3.778632594933234
5.0,18.0,3.126427669883966
4.0,12.0,1.2889330322647505
8.0,30.0,2.235940049841072
6.0,34.0,1.9306974985065373
2.0,8.0,0.3689076621251313
20.0,64.0,3.143111226934955
15.0,60.0,1.437042359440423
6.0,16.0,0.42015001273689634
19.0,51.0,1.2657025566635847
4.0,8.0,9.354442116831748
2.0,10.0,3.778632594933234
5.0,18.0,3.126427669883966
8.0,12.0,1.2889330322647505
10.0,30.0,2.235940049841072
13.0,34.0,1.9306974985065373
5.0,8.0,0.3689076621251313
34.0,64.0,3.143111226934955
33.0,60.0,1.437042359440423
6.0,16.0,0.42015001273689634
13.0,51.0,1.2657025566635847
1.0,8.0,9.354442116831748
4.0,10.0,3.778632594933234
9.0,18.0,3.126427669883966
5.0,12.0,1.2889330322647505
17.0,30.0,2.235940049841072
22.0,34.0,1.9306974985065373
5.0,8.0,0.3689076621251313
32.0,64.0,3.143111226934955
29.0,60.0,1.437042359440423
10.0,16.0,0.42015001273689634
24.0,51.0,1.2657025566635847
7.0,8.0,9.354442116831748
6.0,10.0,3.778632594933234
6.0,18.0,3.126427669883966
9.0,12.0,1.2889330322647505
18.0,30.0,2.235940049841072
21.0,34.0,1.9306974985065373
5.0,8.0,0.3689076621251313
33.0,64.0,3.143111226934955
34.0,60.0,1.437042359440423
8.0,16.0,0.42015001273689634
30.0,51.0,1.2657025566635847
2.0,8.0,9.354442116831748
7.0,10.0,3.778632594933234
14.0,18.0,3.126427669883966
9.0,12.0,1.2889330322647505
19.0,30.0,2.235940049841072
17.0,34.0,1.9306974985065373
5.0,8.0,0.3689076621251313
49.0,64.0,3.143111226934955
46.0,60.0,1.437042359440423
13.0,16.0,0.42015001273689634
36.0,51.0,1.2657025566635847
7.0,8.0,9.354442116831748
9.0,10.0,3.778632594933234
14.0,18.0,3.126427669883966
10.0,12.0,1.2889330322647505
27.0,30.0,2.235940049841072
24.0,34.0,1.9306974985065373
7.0,8.0,0.3689076621251313
59.0,64.0,3.143111226934955
47.0,60.0,1.437042359440423
14.0,16.0,0.42015001273689634
41.0,51.0,1.2657025566635847
6.0,8.0,9.354442116831748
9.0,10.0,3.778632594933234
17.0,18.0,3.126427669883966
9.0,12.0,1.2889330322647505
29.0,30.0,2.235940049841072
33.0,34.0,1.9306974985065373
5.0,8.0,0.3689076621251313
60.0,64.0,3.143111226934955
55.0,60.0,1.437042359440423
13.0,16.0,0.42015001273689634
46.0,51.0,1.2657025566635847
1.0,3.0,6.401548423027903
2.0,14.0,5.835169376997709
1.0,18.0,2.9369431525174066
2.0,13.0,1.6567747259700134
0.0,5.0,0.406787095116489
3.0,43.0,3.5474120875414066
1.0,12.0,0.7838025617331136
1.0,5.0,0.16169003881282823
1.0,4.0,0.2263387711127609
4.0,41.0,3.387752864632144
7.0,54.0,2.5262688920653487
1.0,3.0,6.401548423027903
2.0,14.0,5.835169376997709
2.0,18.0,2.9369431525174066
0.0,13.0,1.6567747259700134
2.0,5.0,0.406787095116489
10.0,43.0,3.5474120875414066
3.0,12.0,0.7838025617331136
5.0,5.0,0.16169003881282823
0.0,4.0,0.2263387711127609
7.0,41.0,3.387752864632144
10.0,54.0,2.5262688920653487
1.0,3.0,6.401548423027903
5.0,14.0,5.835169376997709
6.0,18.0,2.9369431525174066
3.0,13.0,1.6567747259700134
1.0,5.0,0.406787095116489
14.0,43.0,3.5474120875414066
6.0,12.0,0.7838025617331136
1.0,5.0,0.16169003881282823
0.0,4.0,0.2263387711127609
13.0,41.0,3.387752864632144
20.0,54.0,2.5262688920653487
1.0,3.0,6.401548423027903
6.0,14.0,5.835169376997709
10.0,18.0,2.9369431525174066
4.0,13.0,1.6567747259700134
2.0,5.0,0.406787095116489
10.0,43.0,3.5474120875414066
7.0,12.0,0.7838025617331136
2.0,5.0,0.16169003881282823
1.0,4.0,0.2263387711127609
18.0,41.0,3.387752864632144
18.0,54.0,2.5262688920653487
1.0,3.0,6.401548423027903
8.0,14.0,5.835169376997709
9.0,18.0,2.9369431525174066
8.0,13.0,1.6567747259700134
2.0,5.0,0.406787095116489
27.0,43.0,3.5474120875414066
5.0,12.0,0.7838025617331136
3.0,5.0,0.16169003881282823
1.0,4.0,0.2263387711127609
20.0,41.0,3.387752864632144
31.0,54.0,2.5262688920653487
2.0,3.0,6.401548423027903
10.0,14.0,5.835169376997709
10.0,18.0,2.9369431525174066
8.0,13.0,1.6567747259700134
1.0,5.0,0.406787095116489
22.0,43.0,3.5474120875414066
8.0,12.0,0.7838025617331136
3.0,5.0,0.16169003881282823
4.0,4.0,0.2263387711127609
21.0,41.0,3.387752864632144
33.0,54.0,2.5262688920653487
3.0,3.0,6.401548423027903
9.0,14.0,5.835169376997709
16.0,18.0,2.9369431525174066
8.0,13.0,1.6567747259700134
4.0,5.0,0.406787095116489
28.0,43.0,3.5474120875414066
11.0,12.0,0.7838025617331136
4.0,5.0,0.16169003881282823
4.0,4.0,0.2263387711127609
28.0,41.0,3.387752864632144
40.0,54.0,2.5262688920653487
2.0,3.0,6.401548423027903
13.0,14.0,5.835169376997709
14.0,18.0,2.9369431525174066
11.0,13.0,1.6567747259700134
5.0,5.0,0.406787095116489
35.0,43.0,3.5474120875414066
9.0,12.0,0.7838025617331136
4.0,5.0,0.16169003881282823
4.0,4.0,0.2263387711127609
35.0,41.0,3.387752864632144
46.0,54.0,2.5262688920653487
3.0,3.0,6.401548423027903
13.0,14.0,5.835169376997709
14.0,18.0,2.9369431525174066
13.0,13.0,1.6567747259700134
4.0,5.0,0.406787095116489
41.0,43.0,3.5474120875414066
11.0,12.0,0.7838025617331136
5.0,5.0,0.16169003881282823
3.0,4.0,0.2263387711127609
35.0,41.0,3.387752864632144
49.0,54.0,2.5262688920653487
1.0,3.0,1.3841489245782852
3.0,8.0,5.931875546937748
4.0,48.0,8.155131133324945
3.0,42.0,2.037023583204954
9.0,79.0,2.0578767653085515
0.0,15.0,0.41938484058008185
4.0,23.0,0.5245840326495707
4.0,19.0,0.5660820222747623
4.0,19.0,1.1205570796689643
3.0,13.0,0.9346676618032815
1.0,20.0,0.8584242467410671
1.0,3.0,1.3841489245782852
2.0,8.0,5.931875546937748
10.0,48.0,8.155131133324945
10.0,42.0,2.037023583204954
12.0,79.0,2.0578767653085515
1.0,15.0,0.41938484058008185
8.0,23.0,0.5245840326495707
3.0,19.0,0.5660820222747623
3.0,19.0,1.1205570796689643
3.0,13.0,0.9346676618032815
4.0,20.0,0.8584242467410671
2.0,3.0,1.3841489245782852
5.0,8.0,5.931875546937748
16.0,48.0,8.155131133324945
12.0,42.0,2.037023583204954
25.0,79.0,2.0578767653085515
9.0,15.0,0.41938484058008185
8.0,23.0,0.5245840326495707
3.0,19.0,0.5660820222747623
4.0,19.0,1.1205570796689643
4.0,13.0,0.9346676618032815
7.0,20.0,0.8584242467410671
1.0,3.0,1.3841489245782852
6.0,8.0,5.931875546937748
18.0,48.0,8.155131133324945
17.0,42.0,2.037023583204954
41.0,79.0,2.0578767653085515
9.0,15.0,0.41938484058008185
8.0,23.0,0.5245840326495707
10.0,19.0,0.5660820222747623
7.0,19.0,1.1205570796689643
8.0,13.0,0.9346676618032815
8.0,20.0,0.8584242467410671
1.0,3.0,1.3841489245782852
3.0,8.0,5.931875546937748
24.0,48.0,8.155131133324945
16.0,42.0,2.037023583204954
38.0,79.0,2.0578767653085515
5.0,15.0,0.41938484058008185
13.0,23.0,0.5245840326495707
10.0,19.0,0.5660820222747623
6.0,19.0,1.1205570796689643
5.0,13.0,0.9346676618032815
14.0,20.0,0.8584242467410671
1.0,3.0,1.3841489245782852
5.0,8.0,5.931875546937748
30.0,48.0,8.155131133324945
24.0,42.0,2.037023583204954
47.0,79.0,2.0578767653085515
7.0,15.0,0.41938484058008185
13.0,23.0,0.5245840326495707
9.0,19.0,0.5660820222747623
13.0,19.0,1.1205570796689643
6.0,13.0,0.9346676618032815
15.0,20.0,0.8584242467410671
2.0,3.0,1.3841489245782852
6.0,8.0,5.931875546937748
38.0,48.0,8.155131133324945
26.0,42.0,2.037023583204954
56.0,79.0,2.0578767653085515
11.0,15.0,0.41938484058008185
16.0,23.0,0.5245840326495707
11.0,19.0,0.5660820222747623
15.0,19.0,1.1205570796689643
8.0,13.0,0.9346676618032815
16.0,20.0,0.8584242467410671
3.0,3.0,1.3841489245782852
7.0,8.0,5.931875546937748
43.0,48.0,8.155131133324945
36.0,42.0,2.037023583204954
67.0,79.0,2.0578767653085515
12.0,15.0,0.41938484058008185
19.0,23.0,0.5245840326495707
14.0,19.0,0.5660820222747623
14.0,19.0,1.1205570796689643
11.0,13.0,0.9346676618032815
19.0,20.0,0.8584242467410671
2.0,3.0,1.3841489245782852
8.0,8.0,5.931875546937748
44.0,48.0,8.155131133324945
40.0,42.0,2.037023583204954
70.0,79.0,2.0578767653085515
12.0,15.0,0.41938484058008185
21.0,23.0,0.5245840326495707
17.0,19.0,0.5660820222747623
19.0,19.0,1.1205570796689643
11.0,13.0,0.9346676618032815
19.0,20.0,0.8584242467410671
2.0,6.0,6.254235591382126
3.0,32.0,12.32745835929239
0.0,9.0,0.5594816236578658
6.0,52.0,3.037983304911786
1.0,1.0,0.014749537513795064
1.0,9.0,0.27187967410457897
8.0,77.0,3.825111746378976
12.0,53.0,1.4154358089192773
2.0,11.0,0.19970266450504934
2.0,17.0,0.4993521761373708
4.0,34.0,1.0167831171336865
1.0,6.0,6.254235591382126
5.0,32.0,12.32745835929239
1.0,9.0,0.5594816236578658
10.0,52.0,3.037983304911786
0.0,1.0,0.014749537513795064
3.0,9.0,0.27187967410457897
8.0,77.0,3.825111746378976
9.0,53.0,1.4154358089192773
5.0,11.0,0.19970266450504934
4.0,17.0,0.4993521761373708
7.0,34.0,1.0167831171336865
2.0,6.0,6.254235591382126
12.0,32.0,12.32745835929239
2.0,9.0,0.5594816236578658
22.0,52.0,3.037983304911786
1.0,1.0,0.014749537513795064
2.0,9.0,0.27187967410457897
24.0,77.0,3.825111746378976
20.0,53.0,1.4154358089192773
4.0,11.0,0.19970266450504934
4.0,17.0,0.4993521761373708
16.0,34.0,1.0167831171336865
2.0,6.0,6.254235591382126
11.0,32.0,12.32745835929239
6.0,9.0,0.5594816236578658
16.0,52.0,3.037983304911786
1.0,1.0,0.014749537513795064
3.0,9.0,0.27187967410457897
31.0,77.0,3.825111746378976
23.0,53.0,1.4154358089192773
4.0,11.0,0.19970266450504934
9.0,17.0,0.4993521761373708
13.0,34.0,1.0167831171336865
6.0,6.0,6.254235591382126
14.0,32.0,12.32745835929239
5.0,9.0,0.5594816236578658
23.0,52.0,3.037983304911786
0.0,1.0,0.014749537513795064
5.0,9.0,0.27187967410457897
38.0,77.0,3.825111746378976
22.0,53.0,1.4154358089192773
4.0,11.0,0.19970266450504934
9.0,17.0,0.4993521761373708
16.0,34.0,1.0167831171336865
3.0,6.0,6.254235591382126
18.0,32.0,12.32745835929239
4.0,9.0,0.5594816236578658
29.0,52.0,3.037983304911786
1.0,1.0,0.014749537513795064
4.0,9.0,0.27187967410457897
44.0,77.0,3.825111746378976
29.0,53.0,1.4154358089192773
5.0,11.0,0.19970266450504934
11.0,17.0,0.4993521761373708
22.0,34.0,1.0167831171336865
5.0,6.0,6.254235591382126
25.0,32.0,12.32745835929239
9.0,9.0,0.5594816236578658
37.0,52.0,3.037983304911786
1.0,1.0,0.014749537513795064
5.0,9.0,0.27187967410457897
49.0,77.0,3.825111746378976
39.0,53.0,1.4154358089192773
6.0,11.0,0.19970266450504934
12.0,17.0,0.4993521761373708
26.0,34.0,1.0167831171336865
5.0,6.0,6.254235591382126
28.0,32.0,12.32745835929239
8.0,9.0,0.5594816236578658
41.0,52.0,3.037983304911786
1.0,1.0,0.014749537513795064
7.0,9.0,0.27187967410457897
68.0,77.0,3.825111746378976
43.0,53.0,1.4154358089192773
10.0,11.0,0.19970266450504934
13.0,17.0,0.4993521761373708
26.0,34.0,1.0167831171336865
5.0,6.0,6.254235591382126
29.0,32.0,12.32745835929239
8.0,9.0,0.5594816236578658
48.0,52.0,3.037983304911786
1.0,1.0,0.014749537513795064
8.0,9.0,0.27187967410457897
72.0,77.0,3.825111746378976
48.0,53.0,1.4154358089192773
10.0,11.0,0.19970266450504934
16.0,17.0,0.4993521761373708
31.0,34.0,1.0167831171336865
1.0,2.0,2.25963267713382
0.0,3.0,4.942597845452543
1.0,11.0,4.686393322180808
1.0,13.0,3.699616104678819
1.0,24.0,1.8169036718633442
0.0,8.0,0.4137825314761915
6.0,27.0,1.8422535707869687
0.0,18.0,1.0816112306221672
3.0,32.0,1.7137773631129904
1.0,19.0,0.475367068729017
3.0,49.0,2.106827196969363
1.0,2.0,2.25963267713382
1.0,3.0,4.942597845452543
1.0,11.0,4.686393322180808
2.0,13.0,3.699616104678819
4.0,24.0,1.8169036718633442
3.0,8.0,0.4137825314761915
3.0,27.0,1.8422535707869687
3.0,18.0,1.0816112306221672
3.0,32.0,1.7137773631129904
5.0,19.0,0.475367068729017
10.0,49.0,2.106827196969363
1.0,2.0,2.25963267713382
1.0,3.0,4.942597845452543
3.0,11.0,4.686393322180808
4.0,13.0,3.699616104678819
7.0,24.0,1.8169036718633442
4.0,8.0,0.4137825314761915
11.0,27.0,1.8422535707869687
7.0,18.0,1.0816112306221672
6.0,32.0,1.7137773631129904
4.0,19.0,0.475367068729017
15.0,49.0,2.106827196969363
1.0,2.0,2.25963267713382
1.0,3.0,4.942597845452543
4.0,11.0,4.686393322180808
5.0,13.0,3.699616104678819
7.0,24.0,1.8169036718633442
4.0,8.0,0.4137825314761915
12.0,27.0,1.8422535707869687
3.0,18.0,1.0816112306221672
15.0,32.0,1.7137773631129904
13.0,19.0,0.475367068729017
18.0,49.0,2.106827196969363
1.0,2.0,2.25963267713382
1.0,3.0,4.942597845452543
7.0,11.0,4.686393322180808
7.0,13.0,3.699616104678819
13.0,24.0,1.8169036718633442
5.0,8.0,0.4137825314761915
14.0,27.0,1.8422535707869687
7.0,18.0,1.0816112306221672
17.0,32.0,1.7137773631129904
9.0,19.0,0.475367068729017
21.0,49.0,2.106827196969363
1.0,2.0,2.25963267713382
1.0,3.0,4.942597845452543
8.0,11.0,4.686393322180808
6.0,13.0,3.699616104678819
10.0,24.0,1.8169036718633442
5.0,8.0,0.4137825314761915
15.0,27.0,1.8422535707869687
10.0,18.0,1.0816112306221672
19.0,32.0,1.7137773631129904
13.0,19.0,0.475367068729017
29.0,49.0,2.106827196969363
1.0,2.0,2.25963267713382
2.0,3.0,4.942597845452543
7.0,11.0,4.686393322180808
11.0,13.0,3.699616104678819
17.0,24.0,1.8169036718633442
7.0,8.0,0.4137825314761915
17.0,27.0,1.8422535707869687
9.0,18.0,1.0816112306221672
22.0,32.0,1.7137773631129904
13.0,19.0,0.475367068729017
32.0,49.0,2.106827196969363
1.0,2.0,2.25963267713382
2.0,3.0,4.942597845452543
9.0,11.0,4.686393322180808
11.0,13.0,3.699616104678819
19.0,24.0,1.8169036718633442
6.0,8.0,0.4137825314761915
22.0,27.0,1.8422535707869687
13.0,18.0,1.0816112306221672
21.0,32.0,1.7137773631129904
14.0,19.0,0.475367068729017
35.0,49.0,2.106827196969363
2.0,2.0,2.25963267713382
3.0,3.0,4.942597845452543
9.0,11.0,4.686393322180808
12.0,13.0,3.699616104678819
22.0,24.0,1.8169036718633442
7.0,8.0,0.4137825314761915
24.0,27.0,1.8422535707869687
16.0,18.0,1.0816112306221672
27.0,32.0,1.7137773631129904
18.0,19.0,0.475367068729017
46.0,49.0,2.106827196969363
1.0,1.0,3.4241002761793924
0.0,8.0,6.1708959365031895
3.0,20.0,6.416140085393235
1.0,13.0,1.437603251222059
6.0,24.0,2.139806294899541
2.0,25.0,1.470898722346251
0.0,21.0,0.802234544441302
2.0,15.0,0.8471495684710414
1.0,24.0,1.65874864350856
8.0,69.0,2.6374733166734883
1.0,18.0,0.544315855970492
1.0,1.0,3.4241002761793924
3.0,8.0,6.1708959365031895
4.0,20.0,6.416140085393235
4.0,13.0,1.437603251222059
5.0,24.0,2.139806294899541
5.0,25.0,1.470898722346251
2.0,21.0,0.802234544441302
6.0,15.0,0.8471495684710414
7.0,24.0,1.65874864350856
13.0,69.0,2.6374733166734883
2.0,18.0,0.544315855970492
1.0,1.0,3.4241002761793924
2.0,8.0,6.1708959365031895
7.0,20.0,6.416140085393235
4.0,13.0,1.437603251222059
5.0,24.0,2.139806294899541
8.0,25.0,1.470898722346251
4.0,21.0,0.802234544441302
5.0,15.0,0.8471495684710414
6.0,24.0,1.65874864350856
22.0,69.0,2.6374733166734883
7.0,18.0,0.544315855970492
1.0,1.0,3.4241002761793924
1.0,8.0,6.1708959365031895
5.0,20.0,6.416140085393235
7.0,13.0,1.437603251222059
12.0,24.0,2.139806294899541
9.0,25.0,1.470898722346251
7.0,21.0,0.802234544441302
9.0,15.0,0.8471495684710414
10.0,24.0,1.65874864350856
24.0,69.0,2.6374733166734883
10.0,18.0,0.544315855970492
1.0,1.0,3.4241002761793924
5.0,8.0,6.1708959365031895
9.0,20.0,6.416140085393235
5.0,13.0,1.437603251222059
14.0,24.0,2.139806294899541
12.0,25.0,1.470898722346251
10.0,21.0,0.802234544441302
9.0,15.0,0.8471495684710414
14.0,24.0,1.65874864350856
32.0,69.0,2.6374733166734883
8.0,18.0,0.544315855970492
1.0,1.0,3.4241002761793924
7.0,8.0,6.1708959365031895
10.0,20.0,6.416140085393235
6.0,13.0,1.437603251222059
15.0,24.0,2.139806294899541
15.0,25.0,1.470898722346251
13.0,21.0,0.802234544441302
10.0,15.0,0.8471495684710414
16.0,24.0,1.65874864350856
41.0,69.0,2.6374733166734883
9.0,18.0,0.544315855970492
1.0,1.0,3.4241002761793924
7.0,8.0,6.1708959365031895
16.0,20.0,6.416140085393235
8.0,13.0,1.437603251222059
15.0,24.0,2.139806294899541
14.0,25.0,1.470898722346251
16.0,21.0,0.802234544441302
13.0,15.0,0.8471495684710414
20.0,24.0,1.65874864350856
45.0,69.0,2.6374733166734883
14.0,18.0,0.544315855970492
1.0,1.0,3.4241002761793924
6.0,8.0,6.1708959365031895
18.0,20.0,6.416140085393235
11.0,13.0,1.437603251222059
17.0,24.0,2.139806294899541
19.0,25.0,1.470898722346251
17.0,21.0,0.802234544441302
13.0,15.0,0.8471495684710414
18.0,24.0,1.65874864350856
57.0,69.0,2.6374733166734883
15.0,18.0,0.544315855970492
1.0,1.0,3.4241002761793924
8.0,8.0,6.1708959365031895
17.0,20.0,6.416140085393235
12.0,13.0,1.437603251222059
23.0,24.0,2.139806294899541
20.0,25.0,1.470898722346251
18.0,21.0,0.802234544441302
14.0,15.0,0.8471495684710414
23.0,24.0,1.65874864350856
63.0,69.0,2.6374733166734883
16.0,18.0,0.544315855970492
1.0,5.0,10.79200099892861
0.0,2.0,0.6765243075938306
1.0,9.0,3.127992124910807
0.0,4.0,0.41515216588969395
2.0,23.0,4.930716947801402
11.0,85.0,7.425913078821703
6.0,31.0,1.0339035365959417
6.0,62.0,1.7077707974281398
5.0,36.0,0.758456890745977
3.0,9.0,0.14648170757378948
3.0,44.0,1.3507875697443745
1.0,5.0,10.79200099892861
0.0,2.0,0.6765243075938306
1.0,9.0,3.127992124910807
0.0,4.0,0.41515216588969395
9.0,23.0,4.930716947801402
18.0,85.0,7.425913078821703
5.0,31.0,1.0339035365959417
13.0,62.0,1.7077707974281398
9.0,36.0,0.758456890745977
2.0,9.0,0.14648170757378948
8.0,44.0,1.3507875697443745
1.0,5.0,10.79200099892861
1.0,2.0,0.6765243075938306
3.0,9.0,3.127992124910807
1.0,4.0,0.41515216588969395
7.0,23.0,4.930716947801402
21.0,85.0,7.425913078821703
7.0,31.0,1.0339035365959417
15.0,62.0,1.7077707974281398
13.0,36.0,0.758456890745977
4.0,9.0,0.14648170757378948
8.0,44.0,1.3507875697443745
1.0,5.0,10.79200099892861
2.0,2.0,0.6765243075938306
4.0,9.0,3.127992124910807
1.0,4.0,0.41515216588969395
6.0,23.0,4.930716947801402
40.0,85.0,7.425913078821703
15.0,31.0,1.0339035365959417
20.0,62.0,1.7077707974281398
16.0,36.0,0.758456890745977
7.0,9.0,0.14648170757378948
12.0,44.0,1.3507875697443745
3.0,5.0,10.79200099892861
1.0,2.0,0.6765243075938306
4.0,9.0,3.127992124910807
2.0,4.0,0.41515216588969395
10.0,23.0,4.930716947801402
33.0,85.0,7.425913078821703
16.0,31.0,1.0339035365959417
27.0,62.0,1.7077707974281398
13.0,36.0,0.758456890745977
5.0,9.0,0.14648170757378948
24.0,44.0,1.3507875697443745
4.0,5.0,10.79200099892861
2.0,2.0,0.6765243075938306
5.0,9.0,3.127992124910807
2.0,4.0,0.41515216588969395
15.0,23.0,4.930716947801402
47.0,85.0,7.425913078821703
25.0,31.0,1.0339035365959417
36.0,62.0,1.7077707974281398
19.0,36.0,0.758456890745977
6.0,9.0,0.14648170757378948
23.0,44.0,1.3507875697443745
3.0,5.0,10.79200099892861
1.0,2.0,0.6765243075938306
9.0,9.0,3.127992124910807
3.0,4.0,0.41515216588969395
19.0,23.0,4.930716947801402
57.0,85.0,7.425913078821703
22.0,31.0,1.0339035365959417
38.0,62.0,1.7077707974281398
23.0,36.0,0.758456890745977
7.0,9.0,0.14648170757378948
34.0,44.0,1.3507875697443745
4.0,5.0,10.79200099892861
1.0,2.0,0.6765243075938306
6.0,9.0,3.127992124910807
1.0,4.0,0.41515216588969395
21.0,23.0,4.930716947801402
73.0,85.0,7.425913078821703
29.0,31.0,1.0339035365959417
53.0,62.0,1.7077707974281398
30.0,36.0,0.758456890745977
9.0,9.0,0.14648170757378948
34.0,44.0,1.3507875697443745
4.0,5.0,10.79200099892861
1.0,2.0,0.6765243075938306
9.0,9.0,3.127992124910807
4.0,4.0,0.41515216588969395
23.0,23.0,4.930716947801402
75.0,85.0,7.425913078821703
28.0,31.0,1.0339035365959417
58.0,62.0,1.7077707974281398
34.0,36.0,0.758456890745977
8.0,9.0,0.14648170757378948
36.0,44.0,1.3507875697443745
1.0,7.0,9.29456211232271
1.0,15.0,4.960481109579819
0.0,4.0,0.7672681180934132
1.0,23.0,1.8083845019354103
1.0,9.0,0.9619901782846885
0.0,7.0,0.5287848735201496
4.0,39.0,4.143784253361578
4.0,57.0,3.110026327534426
1.0,20.0,0.98032682380706
7.0,73.0,2.1370333230716874
1.0,5.0,0.1817531289984365
1.0,7.0,9.29456211232271
5.0,15.0,4.960481109579819
2.0,4.0,0.7672681180934132
3.0,23.0,1.8083845019354103
2.0,9.0,0.9619901782846885
1.0,7.0,0.5287848735201496
8.0,39.0,4.143784253361578
7.0,57.0,3.110026327534426
4.0,20.0,0.98032682380706
19.0,73.0,2.1370333230716874
0.0,5.0,0.1817531289984365
2.0,7.0,9.29456211232271
4.0,15.0,4.960481109579819
2.0,4.0,0.7672681180934132
8.0,23.0,1.8083845019354103
4.0,9.0,0.9619901782846885
2.0,7.0,0.5287848735201496
12.0,39.0,4.143784253361578
21.0,57.0,3.110026327534426
10.0,20.0,0.98032682380706
21.0,73.0,2.1370333230716874
2.0,5.0,0.1817531289984365
1.0,7.0,9.29456211232271
5.0,15.0,4.960481109579819
3.0,4.0,0.7672681180934132
9.0,23.0,1.8083845019354103
3.0,9.0,0.9619901782846885
4.0,7.0,0.5287848735201496
19.0,39.0,4.143784253361578
23.0,57.0,3.110026327534426
11.0,20.0,0.98032682380706
32.0,73.0,2.1370333230716874
3.0,5.0,0.1817531289984365
4.0,7.0,9.29456211232271
7.0,15.0,4.960481109579819
2.0,4.0,0.7672681180934132
15.0,23.0,1.8083845019354103
4.0,9.0,0.9619901782846885
3.0,7.0,0.5287848735201496
22.0,39.0,4.143784253361578
26.0,57.0,3.110026327534426
10.0,20.0,0.98032682380706
44.0,73.0,2.1370333230716874
1.0,5.0,0.1817531289984365
5.0,7.0,9.29456211232271
9.0,15.0,4.960481109579819
1.0,4.0,0.7672681180934132
13.0,23.0,1.8083845019354103
5.0,9.0,0.9619901782846885
3.0,7.0,0.5287848735201496
26.0,39.0,4.143784253361578
30.0,57.0,3.110026327534426
14.0,20.0,0.98032682380706
46.0,73.0,2.1370333230716874
3.0,5.0,0.1817531289984365
4.0,7.0,9.29456211232271
12.0,15.0,4.960481109579819
3.0,4.0,0.7672681180934132
16.0,23.0,1.8083845019354103
6.0,9.0,0.9619901782846885
5.0,7.0,0.5287848735201496
24.0,39.0,4.143784253361578
40.0,57.0,3.110026327534426
12.0,20.0,0.98032682380706
52.0,73.0,2.1370333230716874
4.0,5.0,0.1817531289984365
5.0,7.0,9.29456211232271
12.0,15.0,4.960481109579819
4.0,4.0,0.7672681180934132
19.0,23.0,1.8083845019354103
9.0,9.0,0.9619901782846885
5.0,7.0,0.5287848735201496
32.0,39.0,4.143784253361578
48.0,57.0,3.110026327534426
18.0,20.0,0.98032682380706
54.0,73.0,2.1370333230716874
3.0,5.0,0.1817531289984365
3.0,7.0,9.29456211232271
13.0,15.0,4.960481109579819
4.0,4.0,0.7672681180934132
22.0,23.0,1.8083845019354103
9.0,9.0,0.9619901782846885
7.0,7.0,0.5287848735201496
28.0,39.0,4.143784253361578
53.0,57.0,3.110026327534426
18.0,20.0,0.98032682380706
64.0,73.0,2.1370333230716874
4.0,5.0,0.1817531289984365
1.0,3.0,2.6310045048153565
1.0,5.0,4.345961500238144
3.0,27.0,6.793374223543452
2.0,15.0,1.9850323112543717
2.0,9.0,0.6458878240396795
5.0,31.0,3.405632413334699
2.0,7.0,0.6474912732325985
2.0,11.0,1.0863485114053342
1.0,29.0,2.1416305916562393
2.0,13.0,0.6550350095157547
3.0,16.0,0.646916472061038
2.0,3.0,2.6310045048153565
1.0,5.0,4.345961500238144
1.0,27.0,6.793374223543452
2.0,15.0,1.9850323112543717
3.0,9.0,0.6458878240396795
8.0,31.0,3.405632413334699
4.0,7.0,0.6474912732325985
1.0,11.0,1.0863485114053342
4.0,29.0,2.1416305916562393
2.0,13.0,0.6550350095157547
3.0,16.0,0.646916472061038
1.0,3.0,2.6310045048153565
0.0,5.0,4.345961500238144
4.0,27.0,6.793374223543452
2.0,15.0,1.9850323112543717
3.0,9.0,0.6458878240396795
5.0,31.0,3.405632413334699
4.0,7.0,0.6474912732325985
1.0,11.0,1.0863485114053342
11.0,29.0,2.1416305916562393
1.0,13.0,0.6550350095157547
7.0,16.0,0.646916472061038
2.0,3.0,2.6310045048153565
3.0,5.0,4.345961500238144
7.0,27.0,6.793374223543452
3.0,15.0,1.9850323112543717
5.0,9.0,0.6458878240396795
12.0,31.0,3.405632413334699
1.0,7.0,0.6474912732325985
5.0,11.0,1.0863485114053342
11.0,29.0,2.1416305916562393
4.0,13.0,0.6550350095157547
10.0,16.0,0.646916472061038
2.0,3.0,2.6310045048153565
3.0,5.0,4.345961500238144
16.0,27.0,6.793374223543452
7.0,15.0,1.9850323112543717
3.0,9.0,0.6458878240396795
19.0,31.0,3.405632413334699
1.0,7.0,0.6474912732325985
6.0,11.0,1.0863485114053342
12.0,29.0,2.1416305916562393
6.0,13.0,0.6550350095157547
7.0,16.0,0.646916472061038
2.0,3.0,2.6310045048153565
1.0,5.0,4.345961500238144
21.0,27.0,6.793374223543452
12.0,15.0,1.9850323112543717
6.0,9.0,0.6458878240396795
20.0,31.0,3.405632413334699
7.0,7.0,0.6474912732325985
6.0,11.0,1.0863485114053342
18.0,29.0,2.1416305916562393
6.0,13.0,0.6550350095157547
13.0,16.0,0.646916472061038
2.0,3.0,2.6310045048153565
5.0,5.0,4.345961500238144
14.0,27.0,6.793374223543452
12.0,15.0,1.9850323112543717
9.0,9.0,0.6458878240396795
21.0,31.0,3.405632413334699
5.0,7.0,0.6474912732325985
9.0,11.0,1.0863485114053342
19.0,29.0,2.1416305916562393
9.0,13.0,0.6550350095157547
10.0,16.0,0.646916472061038
1.0,3.0,2.6310045048153565
5.0,5.0,4.345961500238144
22.0,27.0,6.793374223543452
12.0,15.0,1.9850323112543717
7.0,9.0,0.6458878240396795
24.0,31.0,3.405632413334699
6.0,7.0,0.6474912732325985
10.0,11.0,1.0863485114053342
26.0,29.0,2.1416305916562393
11.0,13.0,0.6550350095157547
14.0,16.0,0.646916472061038
2.0,3.0,2.6310045048153565
5.0,5.0,4.345961500238144
24.0,27.0,6.793374223543452
11.0,15.0,1.9850323112543717
8.0,9.0,0.6458878240396795
24.0,31.0,3.405632413334699
7.0,7.0,0.6474912732325985
11.0,11.0,1.0863485114053342
26.0,29.0,2.1416305916562393
12.0,13.0,0.6550350095157547
16.0,16.0,0.646916472061038
2.0,5.0,5.231860073368779
2.0,11.0,4.70833487944971
4.0,29.0,3.531102912186628
3.0,18.0,1.248815019632632
0.0,14.0,0.850034578323075
0.0,3.0,0.11665885928670887
3.0,27.0,1.9919676556965382
0.0,5.0,0.20195633535718038
1.0,11.0,0.7815346937931009
1.0,20.0,0.9520073412759174
1.0,48.0,2.810941850344344
1.0,5.0,5.231860073368779
1.0,11.0,4.70833487944971
6.0,29.0,3.531102912186628
5.0,18.0,1.248815019632632
5.0,14.0,0.850034578323075
1.0,3.0,0.11665885928670887
5.0,27.0,1.9919676556965382
1.0,5.0,0.20195633535718038
2.0,11.0,0.7815346937931009
3.0,20.0,0.9520073412759174
14.0,48.0,2.810941850344344
1.0,5.0,5.231860073368779
6.0,11.0,4.70833487944971
18.0,29.0,3.531102912186628
8.0,18.0,1.248815019632632
4.0,14.0,0.850034578323075
1.0,3.0,0.11665885928670887
9.0,27.0,1.9919676556965382
1.0,5.0,0.20195633535718038
0.0,11.0,0.7815346937931009
8.0,20.0,0.9520073412759174
11.0,48.0,2.810941850344344
1.0,5.0,5.231860073368779
7.0,11.0,4.70833487944971
13.0,29.0,3.531102912186628
9.0,18.0,1.248815019632632
4.0,14.0,0.850034578323075
1.0,3.0,0.11665885928670887
12.0,27.0,1.9919676556965382
2.0,5.0,0.20195633535718038
4.0,11.0,0.7815346937931009
11.0,20.0,0.9520073412759174
21.0,48.0,2.810941850344344
2.0,5.0,5.231860073368779
6.0,11.0,4.70833487944971
19.0,29.0,3.531102912186628
8.0,18.0,1.248815019632632
6.0,14.0,0.850034578323075
3.0,3.0,0.11665885928670887
14.0,27.0,1.9919676556965382
1.0,5.0,0.20195633535718038
7.0,11.0,0.7815346937931009
7.0,20.0,0.9520073412759174
21.0,48.0,2.810941850344344
2.0,5.0,5.231860073368779
6.0,11.0,4.70833487944971
18.0,29.0,3.531102912186628
12.0,18.0,1.248815019632632
10.0,14.0,0.850034578323075
2.0,3.0,0.11665885928670887
15.0,27.0,1.9919676556965382
1.0,5.0,0.20195633535718038
7.0,11.0,0.7815346937931009
14.0,20.0,0.9520073412759174
27.0,48.0,2.810941850344344
4.0,5.0,5.231860073368779
8.0,11.0,4.70833487944971
17.0,29.0,3.531102912186628
14.0,18.0,1.248815019632632
9.0,14.0,0.850034578323075
1.0,3.0,0.11665885928670887
21.0,27.0,1.9919676556965382
2.0,5.0,0.20195633535718038
7.0,11.0,0.7815346937931009
14.0,20.0,0.9520073412759174
33.0,48.0,2.810941850344344
3.0,5.0,5.231860073368779
11.0,11.0,4.70833487944971
23.0,29.0,3.531102912186628
15.0,18.0,1.248815019632632
11.0,14.0,0.850034578323075
1.0,3.0,0.11665885928670887
22.0,27.0,1.9919676556965382
4.0,5.0,0.20195633535718038
9.0,11.0,0.7815346937931009
18.0,20.0,0.9520073412759174
36.0,48.0,2.810941850344344
4.0,5.0,5.231860073368779
10.0,11.0,4.70833487944971
26.0,29.0,3.531102912186628
17.0,18.0,1.248815019632632
14.0,14.0,0.850034578323075
3.0,3.0,0.11665885928670887
23.0,27.0,1.9919676556965382
3.0,5.0,0.20195633535718038
9.0,11.0,0.7815346937931009
20.0,20.0,0.9520073412759174
45.0,48.0,2.810941850344344
1.0,4.0,4.4744690907887446
2.0,15.0,6.502200670576743
0.0,2.0,0.4386893338770337
6.0,55.0,5.540041532032073
1.0,16.0,0.8747054032813194
1.0,32.0,1.2095812346639436
1.0,7.0,0.37560570855628667
3.0,23.0,1.1044952083818314
2.0,19.0,0.8912300676700513
6.0,80.0,3.9476184517537938
4.0,19.0,0.42363185960602384
1.0,4.0,4.4744690907887446
3.0,15.0,6.502200670576743
1.0,2.0,0.4386893338770337
10.0,55.0,5.540041532032073
4.0,16.0,0.8747054032813194
7.0,32.0,1.2095812346639436
1.0,7.0,0.37560570855628667
5.0,23.0,1.1044952083818314
3.0,19.0,0.8912300676700513
20.0,80.0,3.9476184517537938
4.0,19.0,0.42363185960602384
1.0,4.0,4.4744690907887446
3.0,15.0,6.502200670576743
1.0,2.0,0.4386893338770337
11.0,55.0,5.540041532032073
8.0,16.0,0.8747054032813194
11.0,32.0,1.2095812346639436
1.0,7.0,0.37560570855628667
3.0,23.0,1.1044952083818314
4.0,19.0,0.8912300676700513
23.0,80.0,3.9476184517537938
2.0,19.0,0.42363185960602384
3.0,4.0,4.4744690907887446
5.0,15.0,6.502200670576743
0.0,2.0,0.4386893338770337
24.0,55.0,5.540041532032073
4.0,16.0,0.8747054032813194
14.0,32.0,1.2095812346639436
1.0,7.0,0.37560570855628667
8.0,23.0,1.1044952083818314
9.0,19.0,0.8912300676700513
34.0,80.0,3.9476184517537938
4.0,19.0,0.42363185960602384
2.0,4.0,4.4744690907887446
7.0,15.0,6.502200670576743
1.0,2.0,0.4386893338770337
22.0,55.0,5.540041532032073
8.0,16.0,0.8747054032813194
15.0,32.0,1.2095812346639436
4.0,7.0,0.37560570855628667
10.0,23.0,1.1044952083818314
10.0,19.0,0.8912300676700513
45.0,80.0,3.9476184517537938
10.0,19.0,0.42363185960602384
3.0,4.0,4.4744690907887446
8.0,15.0,6.502200670576743
1.0,2.0,0.4386893338770337
31.0,55.0,5.540041532032073
10.0,16.0,0.8747054032813194
19.0,32.0,1.2095812346639436
5.0,7.0,0.37560570855628667
14.0,23.0,1.1044952083818314
8.0,19.0,0.8912300676700513
47.0,80.0,3.9476184517537938
14.0,19.0,0.42363185960602384
4.0,4.0,4.4744690907887446
8.0,15.0,6.502200670576743
1.0,2.0,0.4386893338770337
39.0,55.0,5.540041532032073
13.0,16.0,0.8747054032813194
21.0,32.0,1.2095812346639436
5.0,7.0,0.37560570855628667
17.0,23.0,1.1044952083818314
13.0,19.0,0.8912300676700513
52.0,80.0,3.9476184517537938
14.0,19.0,0.42363185960602384
3.0,4.0,4.4744690907887446
12.0,15.0,6.502200670576743
2.0,2.0,0.4386893338770337
44.0,55.0,5.540041532032073
13.0,16.0,0.8747054032813194
28.0,32.0,1.2095812346639436
5.0,7.0,0.37560570855628667
17.0,23.0,1.1044952083818314
16.0,19.0,0.8912300676700513
62.0,80.0,3.9476184517537938
17.0,19.0,0.42363185960602384
4.0,4.0,4.4744690907887446
11.0,15.0,6.502200670576743
1.0,2.0,0.4386893338770337
49.0,55.0,5.540041532032073
16.0,16.0,0.8747054032813194
31.0,32.0,1.2095812346639436
7.0,7.0,0.37560570855628667
20.0,23.0,1.1044952083818314
15.0,19.0,0.8912300676700513
73.0,80.0,3.9476184517537938
16.0,19.0,0.42363185960602384
1.0,2.0,0.7298152573056836
1.0,6.0,5.706625191187436
3.0,13.0,4.670099123667316
1.0,4.0,0.3722176800156663
2.0,23.0,3.0325477086356254
2.0,30.0,2.4367155269371814
8.0,74.0,3.3535868851481507
0.0,9.0,0.2170475009423584
4.0,26.0,0.639960538499591
1.0,13.0,0.7095451343335696
2.0,4.0,0.20887966081171627
1.0,2.0,0.7298152573056836
1.0,6.0,5.706625191187436
1.0,13.0,4.670099123667316
0.0,4.0,0.3722176800156663
3.0,23.0,3.0325477086356254
5.0,30.0,2.4367155269371814
18.0,74.0,3.3535868851481507
1.0,9.0,0.2170475009423584
7.0,26.0,0.639960538499591
1.0,13.0,0.7095451343335696
1.0,4.0,0.20887966081171627
1.0,2.0,0.7298152573056836
2.0,6.0,5.706625191187436
3.0,13.0,4.670099123667316
1.0,4.0,0.3722176800156663
10.0,23.0,3.0325477086356254
9.0,30.0,2.4367155269371814
17.0,74.0,3.3535868851481507
1.0,9.0,0.2170475009423584
9.0,26.0,0.639960538499591
4.0,13.0,0.7095451343335696
1.0,4.0,0.20887966081171627
1.0,2.0,0.7298152573056836
3.0,6.0,5.706625191187436
6.0,13.0,4.670099123667316
1.0,4.0,0.3722176800156663
9.0,23.0,3.0325477086356254
16.0,30.0,2.4367155269371814
27.0,74.0,3.3535868851481507
5.0,9.0,0.2170475009423584
10.0,26.0,0.639960538499591
3.0,13.0,0.7095451343335696
2.0,4.0,0.20887966081171627
2.0,2.0,0.7298152573056836
3.0,6.0,5.706625191187436
8.0,13.0,4.670099123667316
3.0,4.0,0.3722176800156663
11.0,23.0,3.0325477086356254
17.0,30.0,2.4367155269371814
39.0,74.0,3.3535868851481507
6.0,9.0,0.2170475009423584
12.0,26.0,0.639960538499591
7.0,13.0,0.7095451343335696
4.0,4.0,0.20887966081171627
1.0,2.0,0.7298152573056836
3.0,6.0,5.706625191187436
7.0,13.0,4.670099123667316
1.0,4.0,0.3722176800156663
18.0,23.0,3.0325477086356254
17.0,30.0,2.4367155269371814
49.0,74.0,3.3535868851481507
6.0,9.0,0.2170475009423584
16.0,26.0,0.639960538499591
10.0,13.0,0.7095451343335696
4.0,4.0,0.20887966081171627
1.0,2.0,0.7298152573056836
4.0,6.0,5.706625191187436
8.0,13.0,4.670099123667316
2.0,4.0,0.3722176800156663
16.0,23.0,3.0325477086356254
21.0,30.0,2.4367155269371814
51.0,74.0,3.3535868851481507
4.0,9.0,0.2170475009423584
17.0,26.0,0.639960538499591
6.0,13.0,0.7095451343335696
2.0,4.0,0.20887966081171627
1.0,2.0,0.7298152573056836
4.0,6.0,5.706625191187436
9.0,13.0,4.670099123667316
2.0,4.0,0.3722176800156663
14.0,23.0,3.0325477086356254
25.0,30.0,2.4367155269371814
54.0,74.0,3.3535868851481507
8.0,9.0,0.2170475009423584
21.0,26.0,0.639960538499591
10.0,13.0,0.7095451343335696
3.0,4.0,0.20887966081171627
1.0,2.0,0.7298152573056836
5.0,6.0,5.706625191187436
11.0,13.0,4.670099123667316
4.0,4.0,0.3722176800156663
20.0,23.0,3.0325477086356254
28.0,30.0,2.4367155269371814
66.0,74.0,3.3535868851481507
8.0,9.0,0.2170475009423584
24.0,26.0,0.639960538499591
12.0,13.0,0.7095451343335696
4.0,4.0,0.20887966081171627
1.0,3.0,2.8575616745755683
0.0,2.0,0.916718496427779
1.0,6.0,2.2128449398505503
1.0,18.0,3.202371712268498
1.0,22.0,2.7463186126029053
2.0,11.0,1.0092840374668473
3.0,38.0,2.2444974563164912
1.0,7.0,0.38733148063297995
3.0,24.0,0.9654362371151745
2.0,11.0,0.47089084664043906
2.0,9.0,0.5813905737545066
2.0,3.0,2.8575616745755683
0.0,2.0,0.916718496427779
1.0,6.0,2.2128449398505503
4.0,18.0,3.202371712268498
5.0,22.0,2.7463186126029053
2.0,11.0,1.0092840374668473
13.0,38.0,2.2444974563164912
2.0,7.0,0.38733148063297995
7.0,24.0,0.9654362371151745
2.0,11.0,0.47089084664043906
2.0,9.0,0.5813905737545066
2.0,3.0,2.8575616745755683
0.0,2.0,0.916718496427779
2.0,6.0,2.2128449398505503
5.0,18.0,3.202371712268498
7.0,22.0,2.7463186126029053
3.0,11.0,1.0092840374668473
9.0,38.0,2.2444974563164912
2.0,7.0,0.38733148063297995
7.0,24.0,0.9654362371151745
4.0,11.0,0.47089084664043906
6.0,9.0,0.5813905737545066
3.0,3.0,2.8575616745755683
1.0,2.0,0.916718496427779
4.0,6.0,2.2128449398505503
7.0,18.0,3.202371712268498
8.0,22.0,2.7463186126029053
5.0,11.0,1.0092840374668473
11.0,38.0,2.2444974563164912
2.0,7.0,0.38733148063297995
7.0,24.0,0.9654362371151745
2.0,11.0,0.47089084664043906
4.0,9.0,0.5813905737545066
2.0,3.0,2.8575616745755683
0.0,2.0,0.916718496427779
2.0,6.0,2.2128449398505503
7.0,18.0,3.202371712268498
9.0,22.0,2.7463186126029053
4.0,11.0,1.0092840374668473
21.0,38.0,2.2444974563164912
2.0,7.0,0.38733148063297995
11.0,24.0,0.9654362371151745
3.0,11.0,0.47089084664043906
5.0,9.0,0.5813905737545066
3.0,3.0,2.8575616745755683
2.0,2.0,0.916718496427779
3.0,6.0,2.2128449398505503
13.0,18.0,3.202371712268498
13.0,22.0,2.7463186126029053
9.0,11.0,1.0092840374668473
24.0,38.0,2.2444974563164912
2.0,7.0,0.38733148063297995
17.0,24.0,0.9654362371151745
7.0,11.0,0.47089084664043906
6.0,9.0,0.5813905737545066
1.0,3.0,2.8575616745755683
1.0,2.0,0.916718496427779
5.0,6.0,2.2128449398505503
10.0,18.0,3.202371712268498
14.0,22.0,2.7463186126029053
9.0,11.0,1.0092840374668473
30.0,38.0,2.2444974563164912
6.0,7.0,0.38733148063297995
18.0,24.0,0.9654362371151745
7.0,11.0,0.47089084664043906
7.0,9.0,0.5813905737545066
3.0,3.0,2.8575616745755683
2.0,2.0,0.916718496427779
6.0,6.0,2.2128449398505503
11.0,18.0,3.202371712268498
20.0,22.0,2.7463186126029053
9.0,11.0,1.0092840374668473
23.0,38.0,2.2444974563164912
6.0,7.0,0.38733148063297995
18.0,24.0,0.9654362371151745
10.0,11.0,0.47089084664043906
6.0,9.0,0.5813905737545066
2.0,3.0,2.8575616745755683
2.0,2.0,0.916718496427779
5.0,6.0,2.2128449398505503
15.0,18.0,3.202371712268498
22.0,22.0,2.7463186126029053
11.0,11.0,1.0092840374668473
29.0,38.0,2.2444974563164912
7.0,7.0,0.38733148063297995
21.0,24.0,0.9654362371151745
9.0,11.0,0.47089084664043906
8.0,9.0,0.5813905737545066
1.0,3.0,1.1794415625935921
0.0,2.0,1.130455839977782
1.0,7.0,1.8984377060059578
1.0,8.0,1.4943078118880357
2.0,39.0,4.581443599449509
2.0,34.0,2.960295535096992
4.0,57.0,2.3405989058576373
3.0,54.0,1.714652680306489
3.0,40.0,0.81805581226276
1.0,8.0,0.1631827408930855
1.0,9.0,0.32481590409604794
2.0,3.0,1.1794415625935921
0.0,2.0,1.130455839977782
0.0,7.0,1.8984377060059578
1.0,8.0,1.4943078118880357
3.0,39.0,4.581443599449509
7.0,34.0,2.960295535096992
11.0,57.0,2.3405989058576373
13.0,54.0,1.714652680306489
7.0,40.0,0.81805581226276
1.0,8.0,0.1631827408930855
2.0,9.0,0.32481590409604794
3.0,3.0,1.1794415625935921
2.0,2.0,1.130455839977782
1.0,7.0,1.8984377060059578
4.0,8.0,1.4943078118880357
11.0,39.0,4.581443599449509
7.0,34.0,2.960295535096992
18.0,57.0,2.3405989058576373
18.0,54.0,1.714652680306489
13.0,40.0,0.81805581226276
2.0,8.0,0.1631827408930855
4.0,9.0,0.32481590409604794
2.0,3.0,1.1794415625935921
1.0,2.0,1.130455839977782
3.0,7.0,1.8984377060059578
2.0,8.0,1.4943078118880357
11.0,39.0,4.581443599449509
14.0,34.0,2.960295535096992
18.0,57.0,2.3405989058576373
21.0,54.0,1.714652680306489
16.0,40.0,0.81805581226276
4.0,8.0,0.1631827408930855
4.0,9.0,0.32481590409604794
2.0,3.0,1.1794415625935921
1.0,2.0,1.130455839977782
3.0,7.0,1.8984377060059578
6.0,8.0,1.4943078118880357
17.0,39.0,4.581443599449509
18.0,34.0,2.960295535096992
29.0,57.0,2.3405989058576373
28.0,54.0,1.714652680306489
16.0,40.0,0.81805581226276
4.0,8.0,0.1631827408930855
3.0,9.0,0.32481590409604794
2.0,3.0,1.1794415625935921
1.0,2.0,1.130455839977782
5.0,7.0,1.8984377060059578
4.0,8.0,1.4943078118880357
23.0,39.0,4.581443599449509
17.0,34.0,2.960295535096992
40.0,57.0,2.3405989058576373
27.0,54.0,1.714652680306489
26.0,40.0,0.81805581226276
4.0,8.0,0.1631827408930855
4.0,9.0,0.32481590409604794
2.0,3.0,1.1794415625935921
1.0,2.0,1.130455839977782
7.0,7.0,1.8984377060059578
6.0,8.0,1.4943078118880357
24.0,39.0,4.581443599449509
25.0,34.0,2.960295535096992
42.0,57.0,2.3405989058576373
38.0,54.0,1.714652680306489
29.0,40.0,0.81805581226276
8.0,8.0,0.1631827408930855
4.0,9.0,0.32481590409604794
2.0,3.0,1.1794415625935921
1.0,2.0,1.130455839977782
6.0,7.0,1.8984377060059578
7.0,8.0,1.4943078118880357
35.0,39.0,4.581443599449509
28.0,34.0,2.960295535096992
50.0,57.0,2.3405989058576373
47.0,54.0,1.714652680306489
30.0,40.0,0.81805581226276
7.0,8.0,0.1631827408930855
6.0,9.0,0.32481590409604794
2.0,3.0,1.1794415625935921
2.0,2.0,1.130455839977782
7.0,7.0,1.8984377060059578
6.0,8.0,1.4943078118880357
34.0,39.0,4.581443599449509
31.0,34.0,2.960295535096992
53.0,57.0,2.3405989058576373
50.0,54.0,1.714652680306489
34.0,40.0,0.81805581226276
7.0,8.0,0.1631827408930855
9.0,9.0,0.32481590409604794
1.0,4.0,3.5281176055258556
2.0,23.0,15.576333589147989
3.0,38.0,4.639312083203412
1.0,27.0,0.9727743950178018
0.0,22.0,0.5928918188485998
1.0,20.0,0.7307182773359542
1.0,5.0,0.33614209075388746
4.0,52.0,3.314755807019333
7.0,74.0,2.407000533633325
1.0,19.0,0.34810537477262593
6.0,35.0,0.9477674266083647
2.0,4.0,3.5281176055258556
5.0,23.0,15.576333589147989
9.0,38.0,4.639312083203412
5.0,27.0,0.9727743950178018
2.0,22.0,0.5928918188485998
8.0,20.0,0.7307182773359542
1.0,5.0,0.33614209075388746
13.0,52.0,3.314755807019333
10.0,74.0,2.407000533633325
7.0,19.0,0.34810537477262593
8.0,35.0,0.9477674266083647
2.0,4.0,3.5281176055258556
7.0,23.0,15.576333589147989
13.0,38.0,4.639312083203412
9.0,27.0,0.9727743950178018
7.0,22.0,0.5928918188485998
3.0,20.0,0.7307182773359542
1.0,5.0,0.33614209075388746
16.0,52.0,3.314755807019333
26.0,74.0,2.407000533633325
8.0,19.0,0.34810537477262593
7.0,35.0,0.9477674266083647
2.0,4.0,3.5281176055258556
11.0,23.0,15.576333589147989
13.0,38.0,4.639312083203412
10.0,27.0,0.9727743950178018
10.0,22.0,0.5928918188485998
15.0,20.0,0.7307182773359542
2.0,5.0,0.33614209075388746
23.0,52.0,3.314755807019333
32.0,74.0,2.407000533633325
9.0,19.0,0.34810537477262593
10.0,35.0,0.9477674266083647
1.0,4.0,3.5281176055258556
14.0,23.0,15.576333589147989
20.0,38.0,4.639312083203412
10.0,27.0,0.9727743950178018
13.0,22.0,0.5928918188485998
7.0,20.0,0.7307182773359542
2.0,5.0,0.33614209075388746
24.0,52.0,3.314755807019333
38.0,74.0,2.407000533633325
7.0,19.0,0.34810537477262593
16.0,35.0,0.9477674266083647
2.0,4.0,3.5281176055258556
14.0,23.0,15.576333589147989
21.0,38.0,4.639312083203412
17.0,27.0,0.9727743950178018
16.0,22.0,0.5928918188485998
15.0,20.0,0.7307182773359542
4.0,5.0,0.33614209075388746
35.0,52.0,3.314755807019333
41.0,74.0,2.407000533633325
12.0,19.0,0.34810537477262593
21.0,35.0,0.9477674266083647
3.0,4.0,3.5281176055258556
13.0,23.0,15.576333589147989
25.0,38.0,4.639312083203412
21.0,27.0,0.9727743950178018
15.0,22.0,0.5928918188485998
17.0,20.0,0.7307182773359542
5.0,5.0,0.33614209075388746
38.0,52.0,3.314755807019333
56.0,74.0,2.407000533633325
15.0,19.0,0.34810537477262593
25.0,35.0,0.9477674266083647
4.0,4.0,3.5281176055258556
19.0,23.0,15.576333589147989
31.0,38.0,4.639312083203412
21.0,27.0,0.9727743950178018
18.0,22.0,0.5928918188485998
16.0,20.0,0.7307182773359542
5.0,5.0,0.33614209075388746
40.0,52.0,3.314755807019333
58.0,74.0,2.407000533633325
14.0,19.0,0.34810537477262593
24.0,35.0,0.9477674266083647
4.0,4.0,3.5281176055258556
20.0,23.0,15.576333589147989
31.0,38.0,4.639312083203412
24.0,27.0,0.9727743950178018
20.0,22.0,0.5928918188485998
19.0,20.0,0.7307182773359542
5.0,5.0,0.33614209075388746
47.0,52.0,3.314755807019333
67.0,74.0,2.407000533633325
18.0,19.0,0.34810537477262593
30.0,35.0,0.9477674266083647
1.0,5.0,13.769538871401675
0.0,3.0,2.642879126094195
1.0,10.0,3.369958651704434
1.0,10.0,2.12520320412414
6.0,47.0,6.213120846896289
10.0,77.0,3.0351789906426414
3.0,25.0,0.5140125365691202
4.0,38.0,0.7964967865566354
4.0,34.0,0.9134223169755731
5.0,14.0,0.42756177099249637
0.0,6.0,0.21176844846719675
1.0,5.0,13.769538871401675
2.0,3.0,2.642879126094195
1.0,10.0,3.369958651704434
1.0,10.0,2.12520320412414
10.0,47.0,6.213120846896289
16.0,77.0,3.0351789906426414
3.0,25.0,0.5140125365691202
8.0,38.0,0.7964967865566354
5.0,34.0,0.9134223169755731
5.0,14.0,0.42756177099249637
2.0,6.0,0.21176844846719675
1.0,5.0,13.769538871401675
2.0,3.0,2.642879126094195
1.0,10.0,3.369958651704434
5.0,10.0,2.12520320412414
15.0,47.0,6.213120846896289
23.0,77.0,3.0351789906426414
7.0,25.0,0.5140125365691202
15.0,38.0,0.7964967865566354
10.0,34.0,0.9134223169755731
6.0,14.0,0.42756177099249637
3.0,6.0,0.21176844846719675
3.0,5.0,13.769538871401675
1.0,3.0,2.642879126094195
1.0,10.0,3.369958651704434
5.0,10.0,2.12520320412414
17.0,47.0,6.213120846896289
37.0,77.0,3.0351789906426414
5.0,25.0,0.5140125365691202
13.0,38.0,0.7964967865566354
12.0,34.0,0.9134223169755731
6.0,14.0,0.42756177099249637
5.0,6.0,0.21176844846719675
3.0,5.0,13.769538871401675
3.0,3.0,2.642879126094195
3.0,10.0,3.369958651704434
6.0,10.0,2.12520320412414
27.0,47.0,6.213120846896289
42.0,77.0,3.0351789906426414
12.0,25.0,0.5140125365691202
26.0,38.0,0.7964967865566354
17.0,34.0,0.9134223169755731
5.0,14.0,0.42756177099249637
1.0,6.0,0.21176844846719675
2.0,5.0,13.769538871401675
2.0,3.0,2.642879126094195
8.0,10.0,3.369958651704434
4.0,10.0,2.12520320412414
33.0,47.0,6.213120846896289
41.0,77.0,3.0351789906426414
18.0,25.0,0.5140125365691202
24.0,38.0,0.7964967865566354
18.0,34.0,0.9134223169755731
11.0,14.0,0.42756177099249637
3.0,6.0,0.21176844846719675
4.0,5.0,13.769538871401675
2.0,3.0,2.642879126094195
7.0,10.0,3.369958651704434
7.0,10.0,2.12520320412414
26.0,47.0,6.213120846896289
58.0,77.0,3.0351789906426414
21.0,25.0,0.5140125365691202
21.0,38.0,0.7964967865566354
22.0,34.0,0.9134223169755731
7.0,14.0,0.42756177099249637
4.0,6.0,0.21176844846719675
3.0,5.0,13.769538871401675
1.0,3.0,2.642879126094195
7.0,10.0,3.369958651704434
8.0,10.0,2.12520320412414
35.0,47.0,6.213120846896289
57.0,77.0,3.0351789906426414
18.0,25.0,0.5140125365691202
31.0,38.0,0.7964967865566354
27.0,34.0,0.9134223169755731
13.0,14.0,0.42756177099249637
5.0,6.0,0.21176844846719675
5.0,5.0,13.769538871401675
3.0,3.0,2.642879126094195
10.0,10.0,3.369958651704434
10.0,10.0,2.12520320412414
44.0,47.0,6.213120846896289
67.0,77.0,3.0351789906426414
22.0,25.0,0.5140125365691202
35.0,38.0,0.7964967865566354
26.0,34.0,0.9134223169755731
12.0,14.0,0.42756177099249637
4.0,6.0,0.21176844846719675
2.0,2.0,4.53275141694923
1.0,6.0,4.033901185732648
0.0,6.0,1.7405153442612924
3.0,31.0,4.852070589594988
5.0,19.0,1.1665494859540517
3.0,31.0,1.8178720723466693
2.0,30.0,1.589927007684959
0.0,3.0,0.1344342309066454
7.0,65.0,2.612046802593657
1.0,8.0,0.2632686629693895
4.0,31.0,1.0464862603991136
2.0,2.0,4.53275141694923
1.0,6.0,4.033901185732648
0.0,6.0,1.7405153442612924
9.0,31.0,4.852070589594988
5.0,19.0,1.1665494859540517
5.0,31.0,1.8178720723466693
7.0,30.0,1.589927007684959
1.0,3.0,0.1344342309066454
11.0,65.0,2.612046802593657
1.0,8.0,0.2632686629693895
8.0,31.0,1.0464862603991136
1.0,2.0,4.53275141694923
1.0,6.0,4.033901185732648
1.0,6.0,1.7405153442612924
7.0,31.0,4.852070589594988
4.0,19.0,1.1665494859540517
7.0,31.0,1.8178720723466693
9.0,30.0,1.589927007684959
1.0,3.0,0.1344342309066454
15.0,65.0,2.612046802593657
2.0,8.0,0.2632686629693895
10.0,31.0,1.0464862603991136
2.0,2.0,4.53275141694923
0.0,6.0,4.033901185732648
1.0,6.0,1.7405153442612924
13.0,31.0,4.852070589594988
5.0,19.0,1.1665494859540517
14.0,31.0,1.8178720723466693
12.0,30.0,1.589927007684959
3.0,3.0,0.1344342309066454
30.0,65.0,2.612046802593657
3.0,8.0,0.2632686629693895
14.0,31.0,1.0464862603991136
2.0,2.0,4.53275141694923
4.0,6.0,4.033901185732648
3.0,6.0,1.7405153442612924
20.0,31.0,4.852070589594988
9.0,19.0,1.1665494859540517
12.0,31.0,1.8178720723466693
15.0,30.0,1.589927007684959
2.0,3.0,0.1344342309066454
33.0,65.0,2.612046802593657
3.0,8.0,0.2632686629693895
17.0,31.0,1.0464862603991136
2.0,2.0,4.53275141694923
4.0,6.0,4.033901185732648
4.0,6.0,1.7405153442612924
24.0,31.0,4.852070589594988
14.0,19.0,1.1665494859540517
13.0,31.0,1.8178720723466693
16.0,30.0,1.589927007684959
2.0,3.0,0.1344342309066454
41.0,65.0,2.612046802593657
4.0,8.0,0.2632686629693895
20.0,31.0,1.0464862603991136
1.0,2.0,4.53275141694923
4.0,6.0,4.033901185732648
3.0,6.0,1.7405153442612924
23.0,31.0,4.852070589594988
13.0,19.0,1.1665494859540517
25.0,31.0,1.8178720723466693
19.0,30.0,1.589927007684959
2.0,3.0,0.1344342309066454
49.0,65.0,2.612046802593657
5.0,8.0,0.2632686629693895
21.0,31.0,1.0464862603991136
2.0,2.0,4.53275141694923
5.0,6.0,4.033901185732648
6.0,6.0,1.7405153442612924
27.0,31.0,4.852070589594988
18.0,19.0,1.1665494859540517
23.0,31.0,1.8178720723466693
23.0,30.0,1.589927007684959
3.0,3.0,0.1344342309066454
54.0,65.0,2.612046802593657
5.0,8.0,0.2632686629693895
22.0,31.0,1.0464862603991136
1.0,2.0,4.53275141694923
6.0,6.0,4.033901185732648
5.0,6.0,1.7405153442612924
26.0,31.0,4.852070589594988
16.0,19.0,1.1665494859540517
30.0,31.0,1.8178720723466693
27.0,30.0,1.589927007684959
3.0,3.0,0.1344342309066454
60.0,65.0,2.612046802593657
7.0,8.0,0.2632686629693895
27.0,31.0,1.0464862603991136
1.0,3.0,6.948808936747778
0.0,4.0,2.746002509735009
0.0,7.0,5.002122843211831
3.0,43.0,6.411907079153624
3.0,22.0,1.7203226221823746
7.0,49.0,1.8671405174717417
1.0,29.0,1.063400496864107
5.0,48.0,1.5950856778230873
9.0,86.0,1.8732159030852686
1.0,18.0,0.33898477869306437
3.0,10.0,0.30324891411775234
1.0,3.0,6.948808936747778
1.0,4.0,2.746002509735009
2.0,7.0,5.002122843211831
8.0,43.0,6.411907079153624
3.0,22.0,1.7203226221823746
13.0,49.0,1.8671405174717417
8.0,29.0,1.063400496864107
11.0,48.0,1.5950856778230873
22.0,86.0,1.8732159030852686
4.0,18.0,0.33898477869306437
3.0,10.0,0.30324891411775234
1.0,3.0,6.948808936747778
1.0,4.0,2.746002509735009
2.0,7.0,5.002122843211831
16.0,43.0,6.411907079153624
6.0,22.0,1.7203226221823746
12.0,49.0,1.8671405174717417
8.0,29.0,1.063400496864107
12.0,48.0,1.5950856778230873
32.0,86.0,1.8732159030852686
6.0,18.0,0.33898477869306437
3.0,10.0,0.30324891411775234
1.0,3.0,6.948808936747778
2.0,4.0,2.746002509735009
3.0,7.0,5.002122843211831
20.0,43.0,6.411907079153624
9.0,22.0,1.7203226221823746
16.0,49.0,1.8671405174717417
11.0,29.0,1.063400496864107
19.0,48.0,1.5950856778230873
28.0,86.0,1.8732159030852686
6.0,18.0,0.33898477869306437
3.0,10.0,0.30324891411775234
2.0,3.0,6.948808936747778
3.0,4.0,2.746002509735009
4.0,7.0,5.002122843211831
26.0,43.0,6.411907079153624
19.0,22.0,1.7203226221823746
18.0,49.0,1.8671405174717417
12.0,29.0,1.063400496864107
27.0,48.0,1.5950856778230873
46.0,86.0,1.8732159030852686
10.0,18.0,0.33898477869306437
7.0,10.0,0.30324891411775234
2.0,3.0,6.948808936747778
1.0,4.0,2.746002509735009
3.0,7.0,5.002122843211831
23.0,43.0,6.411907079153624
15.0,22.0,1.7203226221823746
25.0,49.0,1.8671405174717417
14.0,29.0,1.063400496864107
30.0,48.0,1.5950856778230873
57.0,86.0,1.8732159030852686
16.0,18.0,0.33898477869306437
5.0,10.0,0.30324891411775234
2.0,3.0,6.948808936747778
3.0,4.0,2.746002509735009
5.0,7.0,5.002122843211831
29.0,43.0,6.411907079153624
13.0,22.0,1.7203226221823746
38.0,49.0,1.8671405174717417
16.0,29.0,1.063400496864107
38.0,48.0,1.5950856778230873
63.0,86.0,1.8732159030852686
11.0,18.0,0.33898477869306437
8.0,10.0,0.30324891411775234
1.0,3.0,6.948808936747778
2.0,4.0,2.746002509735009
5.0,7.0,5.002122843211831
34.0,43.0,6.411907079153624
15.0,22.0,1.7203226221823746
35.0,49.0,1.8671405174717417
23.0,29.0,1.063400496864107
42.0,48.0,1.5950856778230873
63.0,86.0,1.8732159030852686
17.0,18.0,0.33898477869306437
10.0,10.0,0.30324891411775234
3.0,3.0,6.948808936747778
3.0,4.0,2.746002509735009
7.0,7.0,5.002122843211831
37.0,43.0,6.411907079153624
16.0,22.0,1.7203226221823746
46.0,49.0,1.8671405174717417
27.0,29.0,1.063400496864107
46.0,48.0,1.5950856778230873
78.0,86.0,1.8732159030852686
15.0,18.0,0.33898477869306437
9.0,10.0,0.30324891411775234
1.0,5.0,3.724760717499119
0.0,5.0,2.819421442567518
4.0,18.0,4.412487412041388
0.0,7.0,1.2895125671573962
1.0,16.0,0.728731639852385
6.0,34.0,2.5320723131890297
4.0,56.0,2.538514702493558
7.0,69.0,2.429257755350885
1.0,40.0,0.7099702708455415
2.0,28.0,0.5793468500486069
4.0,34.0,0.8374109988366715
1.0,5.0,3.724760717499119
1.0,5.0,2.819421442567518
6.0,18.0,4.412487412041388
2.0,7.0,1.2895125671573962
4.0,16.0,0.728731639852385
6.0,34.0,2.5320723131890297
10.0,56.0,2.538514702493558
21.0,69.0,2.429257755350885
7.0,40.0,0.7099702708455415
6.0,28.0,0.5793468500486069
3.0,34.0,0.8374109988366715
1.0,5.0,3.724760717499119
4.0,5.0,2.819421442567518
5.0,18.0,4.412487412041388
3.0,7.0,1.2895125671573962
8.0,16.0,0.728731639852385
9.0,34.0,2.5320723131890297
13.0,56.0,2.538514702493558
15.0,69.0,2.429257755350885
12.0,40.0,0.7099702708455415
7.0,28.0,0.5793468500486069
10.0,34.0,0.8374109988366715
2.0,5.0,3.724760717499119
1.0,5.0,2.819421442567518
5.0,18.0,4.412487412041388
4.0,7.0,1.2895125671573962
9.0,16.0,0.728731639852385
12.0,34.0,2.5320723131890297
21.0,56.0,2.538514702493558
31.0,69.0,2.429257755350885
16.0,40.0,0.7099702708455415
10.0,28.0,0.5793468500486069
13.0,34.0,0.8374109988366715
2.0,5.0,3.724760717499119
1.0,5.0,2.819421442567518
8.0,18.0,4.412487412041388
4.0,7.0,1.2895125671573962
9.0,16.0,0.728731639852385
19.0,34.0,2.5320723131890297
34.0,56.0,2.538514702493558
30.0,69.0,2.429257755350885
22.0,40.0,0.7099702708455415
11.0,28.0,0.5793468500486069
14.0,34.0,0.8374109988366715
2.0,5.0,3.724760717499119
3.0,5.0,2.819421442567518
8.0,18.0,4.412487412041388
5.0,7.0,1.2895125671573962
7.0,16.0,0.728731639852385
16.0,34.0,2.5320723131890297
37.0,56.0,2.538514702493558
43.0,69.0,2.429257755350885
22.0,40.0,0.7099702708455415
16.0,28.0,0.5793468500486069
24.0,34.0,0.8374109988366715
4.0,5.0,3.724760717499119
4.0,5.0,2.819421442567518
13.0,18.0,4.412487412041388
4.0,7.0,1.2895125671573962
10.0,16.0,0.728731639852385
26.0,34.0,2.5320723131890297
40.0,56.0,2.538514702493558
41.0,69.0,2.429257755350885
26.0,40.0,0.7099702708455415
16.0,28.0,0.5793468500486069
28.0,34.0,0.8374109988366715
4.0,5.0,3.724760717499119
5.0,5.0,2.819421442567518
15.0,18.0,4.412487412041388
5.0,7.0,1.2895125671573962
13.0,16.0,0.728731639852385
31.0,34.0,2.5320723131890297
46.0,56.0,2.538514702493558
54.0,69.0,2.429257755350885
32.0,40.0,0.7099702708455415
19.0,28.0,0.5793468500486069
26.0,34.0,0.8374109988366715
5.0,5.0,3.724760717499119
5.0,5.0,2.819421442567518
16.0,18.0,4.412487412041388
6.0,7.0,1.2895125671573962
16.0,16.0,0.728731639852385
31.0,34.0,2.5320723131890297
42.0,56.0,2.538514702493558
64.0,69.0,2.429257755350885
37.0,40.0,0.7099702708455415
25.0,28.0,0.5793468500486069
31.0,34.0,0.8374109988366715
1.0,3.0,3.2971391009524864
0.0,4.0,1.8676315011149056
1.0,5.0,2.169984253993872
0.0,9.0,2.6388565630745533
5.0,39.0,3.640212456296855
9.0,79.0,4.147164641287534
8.0,100.0,2.1223937039779126
6.0,84.0,1.5996699313075011
9.0,69.0,0.9066656409179883
8.0,44.0,0.3771922123505597
5.0,54.0,0.8274751348626681
1.0,3.0,3.2971391009524864
2.0,4.0,1.8676315011149056
1.0,5.0,2.169984253993872
4.0,9.0,2.6388565630745533
12.0,39.0,3.640212456296855
11.0,79.0,4.147164641287534
13.0,100.0,2.1223937039779126
13.0,84.0,1.5996699313075011
12.0,69.0,0.9066656409179883
3.0,44.0,0.3771922123505597
10.0,54.0,0.8274751348626681
1.0,3.0,3.2971391009524864
2.0,4.0,1.8676315011149056
4.0,5.0,2.169984253993872
2.0,9.0,2.6388565630745533
13.0,39.0,3.640212456296855
21.0,79.0,4.147164641287534
28.0,100.0,2.1223937039779126
19.0,84.0,1.5996699313075011
16.0,69.0,0.9066656409179883
14.0,44.0,0.3771922123505597
12.0,54.0,0.8274751348626681
2.0,3.0,3.2971391009524864
0.0,4.0,1.8676315011149056
1.0,5.0,2.169984253993872
4.0,9.0,2.6388565630745533
16.0,39.0,3.640212456296855
34.0,79.0,4.147164641287534
32.0,100.0,2.1223937039779126
28.0,84.0,1.5996699313075011
25.0,69.0,0.9066656409179883
15.0,44.0,0.3771922123505597
27.0,54.0,0.8274751348626681
3.0,3.0,3.2971391009524864
1.0,4.0,1.8676315011149056
1.0,5.0,2.169984253993872
5.0,9.0,2.6388565630745533
18.0,39.0,3.640212456296855
29.0,79.0,4.147164641287534
51.0,100.0,2.1223937039779126
42.0,84.0,1.5996699313075011
40.0,69.0,0.9066656409179883
19.0,44.0,0.3771922123505597
23.0,54.0,0.8274751348626681
3.0,3.0,3.2971391009524864
3.0,4.0,1.8676315011149056
3.0,5.0,2.169984253993872
3.0,9.0,2.6388565630745533
22.0,39.0,3.640212456296855
49.0,79.0,4.147164641287534
64.0,100.0,2.1223937039779126
57.0,84.0,1.5996699313075011
43.0,69.0,0.9066656409179883
30.0,44.0,0.3771922123505597
25.0,54.0,0.8274751348626681
2.0,3.0,3.2971391009524864
3.0,4.0,1.8676315011149056
5.0,5.0,2.169984253993872
7.0,9.0,2.6388565630745533
33.0,39.0,3.640212456296855
56.0,79.0,4.147164641287534
68.0,100.0,2.1223937039779126
59.0,84.0,1.5996699313075011
49.0,69.0,0.9066656409179883
31.0,44.0,0.3771922123505597
36.0,54.0,0.8274751348626681
3.0,3.0,3.2971391009524864
3.0,4.0,1.8676315011149056
5.0,5.0,2.169984253993872
7.0,9.0,2.6388565630745533
34.0,39.0,3.640212456296855
57.0,79.0,4.147164641287534
76.0,100.0,2.1223937039779126
61.0,84.0,1.5996699313075011
52.0,69.0,0.9066656409179883
37.0,44.0,0.3771922123505597
42.0,54.0,0.8274751348626681
3.0,3.0,3.2971391009524864
4.0,4.0,1.8676315011149056
3.0,5.0,2.169984253993872
7.0,9.0,2.6388565630745533
33.0,39.0,3.640212456296855
71.0,79.0,4.147164641287534
88.0,100.0,2.1223937039779126
73.0,84.0,1.5996699313075011
62.0,69.0,0.9066656409179883
41.0,44.0,0.3771922123505597
47.0,54.0,0.8274751348626681
1.0,4.0,4.823898748138821
0.0,3.0,1.9612644212445636
1.0,15.0,4.276827691720278
0.0,9.0,1.6602644718246273
1.0,15.0,1.8395033674821322
0.0,11.0,1.0527633467352993
1.0,11.0,1.2032853931672702
2.0,27.0,1.9936322048352735
4.0,27.0,1.7025208828152074
12.0,89.0,3.7030854407444083
1.0,7.0,0.25487931171405936
2.0,4.0,4.823898748138821
1.0,3.0,1.9612644212445636
2.0,15.0,4.276827691720278
4.0,9.0,1.6602644718246273
4.0,15.0,1.8395033674821322
3.0,11.0,1.0527633467352993
3.0,11.0,1.2032853931672702
7.0,27.0,1.9936322048352735
5.0,27.0,1.7025208828152074
24.0,89.0,3.7030854407444083
2.0,7.0,0.25487931171405936
1.0,4.0,4.823898748138821
1.0,3.0,1.9612644212445636
4.0,15.0,4.276827691720278
3.0,9.0,1.6602644718246273
7.0,15.0,1.8395033674821322
2.0,11.0,1.0527633467352993
1.0,11.0,1.2032853931672702
8.0,27.0,1.9936322048352735
5.0,27.0,1.7025208828152074
22.0,89.0,3.7030854407444083
2.0,7.0,0.25487931171405936
3.0,4.0,4.823898748138821
0.0,3.0,1.9612644212445636
6.0,15.0,4.276827691720278
1.0,9.0,1.6602644718246273
4.0,15.0,1.8395033674821322
2.0,11.0,1.0527633467352993
4.0,11.0,1.2032853931672702
8.0,27.0,1.9936322048352735
7.0,27.0,1.7025208828152074
32.0,89.0,3.7030854407444083
3.0,7.0,0.25487931171405936
2.0,4.0,4.823898748138821
1.0,3.0,1.9612644212445636
11.0,15.0,4.276827691720278
3.0,9.0,1.6602644718246273
5.0,15.0,1.8395033674821322
5.0,11.0,1.0527633467352993
6.0,11.0,1.2032853931672702
14.0,27.0,1.9936322048352735
11.0,27.0,1.7025208828152074
48.0,89.0,3.7030854407444083
2.0,7.0,0.25487931171405936
3.0,4.0,4.823898748138821
1.0,3.0,1.9612644212445636
11.0,15.0,4.276827691720278
5.0,9.0,1.6602644718246273
11.0,15.0,1.8395033674821322
9.0,11.0,1.0527633467352993
11.0,11.0,1.2032853931672702
14.0,27.0,1.9936322048352735
18.0,27.0,1.7025208828152074
56.0,89.0,3.7030854407444083
2.0,7.0,0.25487931171405936
3.0,4.0,4.823898748138821
2.0,3.0,1.9612644212445636
11.0,15.0,4.276827691720278
6.0,9.0,1.6602644718246273
14.0,15.0,1.8395033674821322
7.0,11.0,1.0527633467352993
7.0,11.0,1.2032853931672702
22.0,27.0,1.9936322048352735
18.0,27.0,1.7025208828152074
57.0,89.0,3.7030854407444083
2.0,7.0,0.25487931171405936
3.0,4.0,4.823898748138821
1.0,3.0,1.9612644212445636
14.0,15.0,4.276827691720278
6.0,9.0,1.6602644718246273
11.0,15.0,1.8395033674821322
10.0,11.0,1.0527633467352993
9.0,11.0,1.2032853931672702
23.0,27.0,1.9936322048352735
23.0,27.0,1.7025208828152074
72.0,89.0,3.7030854407444083
3.0,7.0,0.25487931171405936
4.0,4.0,4.823898748138821
3.0,3.0,1.9612644212445636
15.0,15.0,4.276827691720278
9.0,9.0,1.6602644718246273
13.0,15.0,1.8395033674821322
9.0,11.0,1.0527633467352993
10.0,11.0,1.2032853931672702
22.0,27.0,1.9936322048352735
26.0,27.0,1.7025208828152074
83.0,89.0,3.7030854407444083
6.0,7.0,0.25487931171405936
1.0,9.0,9.294775062706325
0.0,5.0,2.1171608898183987
2.0,26.0,5.157260830931348
3.0,11.0,1.045524020382962
0.0,2.0,0.27796205200037644
6.0,50.0,3.7695140498089295
9.0,80.0,3.15472302719223
10.0,50.0,1.1660398574595503
6.0,44.0,0.7862935573191964
1.0,32.0,0.7085717546812889
1.0,2.0,0.030006056483760087
1.0,9.0,9.294775062706325
2.0,5.0,2.1171608898183987
6.0,26.0,5.157260830931348
2.0,11.0,1.045524020382962
1.0,2.0,0.27796205200037644
13.0,50.0,3.7695140498089295
14.0,80.0,3.15472302719223
6.0,50.0,1.1660398574595503
7.0,44.0,0.7862935573191964
5.0,32.0,0.7085717546812889
1.0,2.0,0.030006056483760087
4.0,9.0,9.294775062706325
3.0,5.0,2.1171608898183987
6.0,26.0,5.157260830931348
2.0,11.0,1.045524020382962
1.0,2.0,0.27796205200037644
17.0,50.0,3.7695140498089295
26.0,80.0,3.15472302719223
19.0,50.0,1.1660398574595503
11.0,44.0,0.7862935573191964
8.0,32.0,0.7085717546812889
0.0,2.0,0.030006056483760087
3.0,9.0,9.294775062706325
0.0,5.0,2.1171608898183987
13.0,26.0,5.157260830931348
2.0,11.0,1.045524020382962
2.0,2.0,0.27796205200037644
18.0,50.0,3.7695140498089295
35.0,80.0,3.15472302719223
17.0,50.0,1.1660398574595503
20.0,44.0,0.7862935573191964
18.0,32.0,0.7085717546812889
2.0,2.0,0.030006056483760087
6.0,9.0,9.294775062706325
3.0,5.0,2.1171608898183987
13.0,26.0,5.157260830931348
2.0,11.0,1.045524020382962
1.0,2.0,0.27796205200037644
26.0,50.0,3.7695140498089295
34.0,80.0,3.15472302719223
29.0,50.0,1.1660398574595503
19.0,44.0,0.7862935573191964
17.0,32.0,0.7085717546812889
1.0,2.0,0.030006056483760087
5.0,9.0,9.294775062706325
4.0,5.0,2.1171608898183987
18.0,26.0,5.157260830931348
2.0,11.0,1.045524020382962
1.0,2.0,0.27796205200037644
25.0,50.0,3.7695140498089295
44.0,80.0,3.15472302719223
33.0,50.0,1.1660398574595503
29.0,44.0,0.7862935573191964
23.0,32.0,0.7085717546812889
1.0,2.0,0.030006056483760087
5.0,9.0,9.294775062706325
5.0,5.0,2.1171608898183987
21.0,26.0,5.157260830931348
9.0,11.0,1.045524020382962
2.0,2.0,0.27796205200037644
31.0,50.0,3.7695140498089295
56.0,80.0,3.15472302719223
34.0,50.0,1.1660398574595503
27.0,44.0,0.7862935573191964
19.0,32.0,0.7085717546812889
2.0,2.0,0.030006056483760087
7.0,9.0,9.294775062706325
4.0,5.0,2.1171608898183987
20.0,26.0,5.157260830931348
9.0,11.0,1.045524020382962
2.0,2.0,0.27796205200037644
36.0,50.0,3.7695140498089295
69.0,80.0,3.15472302719223
42.0,50.0,1.1660398574595503
36.0,44.0,0.7862935573191964
25.0,32.0,0.7085717546812889
2.0,2.0,0.030006056483760087
9.0,9.0,9.294775062706325
5.0,5.0,2.1171608898183987
21.0,26.0,5.157260830931348
10.0,11.0,1.045524020382962
2.0,2.0,0.27796205200037644
46.0,50.0,3.7695140498089295
69.0,80.0,3.15472302719223
48.0,50.0,1.1660398574595503
38.0,44.0,0.7862935573191964
30.0,32.0,0.7085717546812889
1.0,2.0,0.030006056483760087
1.0,6.0,6.043016476453002
1.0,9.0,2.0457485947602354
0.0,7.0,0.7130989559695744
5.0,40.0,5.392597107649356
6.0,67.0,2.7112836590290508
0.0,14.0,0.5521658669559819
5.0,29.0,1.035513720593359
0.0,11.0,0.32281957178098986
1.0,5.0,0.11159403868999676
2.0,27.0,1.27031355689102
6.0,29.0,2.1666862094555657
3.0,6.0,6.043016476453002
3.0,9.0,2.0457485947602354
1.0,7.0,0.7130989559695744
10.0,40.0,5.392597107649356
20.0,67.0,2.7112836590290508
1.0,14.0,0.5521658669559819
4.0,29.0,1.035513720593359
3.0,11.0,0.32281957178098986
2.0,5.0,0.11159403868999676
5.0,27.0,1.27031355689102
5.0,29.0,2.1666862094555657
2.0,6.0,6.043016476453002
1.0,9.0,2.0457485947602354
2.0,7.0,0.7130989559695744
14.0,40.0,5.392597107649356
20.0,67.0,2.7112836590290508
3.0,14.0,0.5521658669559819
11.0,29.0,1.035513720593359
3.0,11.0,0.32281957178098986
2.0,5.0,0.11159403868999676
5.0,27.0,1.27031355689102
8.0,29.0,2.1666862094555657
3.0,6.0,6.043016476453002
5.0,9.0,2.0457485947602354
1.0,7.0,0.7130989559695744
19.0,40.0,5.392597107649356
27.0,67.0,2.7112836590290508
5.0,14.0,0.5521658669559819
8.0,29.0,1.035513720593359
6.0,11.0,0.32281957178098986
2.0,5.0,0.11159403868999676
13.0,27.0,1.27031355689102
13.0,29.0,2.1666862094555657
2.0,6.0,6.043016476453002
5.0,9.0,2.0457485947602354
4.0,7.0,0.7130989559695744
21.0,40.0,5.392597107649356
33.0,67.0,2.7112836590290508
6.0,14.0,0.5521658669559819
10.0,29.0,1.035513720593359
3.0,11.0,0.32281957178098986
1.0,5.0,0.11159403868999676
14.0,27.0,1.27031355689102
17.0,29.0,2.1666862094555657
4.0,6.0,6.043016476453002
5.0,9.0,2.0457485947602354
6.0,7.0,0.7130989559695744
24.0,40.0,5.392597107649356
43.0,67.0,2.7112836590290508
7.0,14.0,0.5521658669559819
17.0,29.0,1.035513720593359
8.0,11.0,0.32281957178098986
3.0,5.0,0.11159403868999676
14.0,27.0,1.27031355689102
18.0,29.0,2.1666862094555657
5.0,6.0,6.043016476453002
6.0,9.0,2.0457485947602354
4.0,7.0,0.7130989559695744
27.0,40.0,5.392597107649356
45.0,67.0,2.7112836590290508
12.0,14.0,0.5521658669559819
20.0,29.0,1.035513720593359
8.0,11.0,0.32281957178098986
4.0,5.0,0.11159403868999676
19.0,27.0,1.27031355689102
20.0,29.0,2.1666862094555657
6.0,6.0,6.043016476453002
9.0,9.0,2.0457485947602354
6.0,7.0,0.7130989559695744
31.0,40.0,5.392597107649356
54.0,67.0,2.7112836590290508
12.0,14.0,0.5521658669559819
22.0,29.0,1.035513720593359
8.0,11.0,0.32281957178098986
5.0,5.0,0.11159403868999676
19.0,27.0,1.27031355689102
23.0,29.0,2.1666862094555657
6.0,6.0,6.043016476453002
8.0,9.0,2.0457485947602354
7.0,7.0,0.7130989559695744
34.0,40.0,5.392597107649356
58.0,67.0,2.7112836590290508
14.0,14.0,0.5521658669559819
25.0,29.0,1.035513720593359
9.0,11.0,0.32281957178098986
3.0,5.0,0.11159403868999676
26.0,27.0,1.27031355689102
26.0,29.0,2.1666862094555657
1.0,4.0,4.453101629002288
2.0,13.0,6.716804066936328
2.0,25.0,3.076773554025309
1.0,5.0,0.3531469718687416
2.0,30.0,2.103037226441178
0.0,5.0,0.34272008171347257
5.0,20.0,1.4142926363880963
3.0,47.0,2.930183643060839
1.0,22.0,0.8272740102942333
7.0,50.0,1.5386951646752762
4.0,42.0,1.374365834581676
3.0,4.0,4.453101629002288
2.0,13.0,6.716804066936328
7.0,25.0,3.076773554025309
1.0,5.0,0.3531469718687416
5.0,30.0,2.103037226441178
2.0,5.0,0.34272008171347257
4.0,20.0,1.4142926363880963
8.0,47.0,2.930183643060839
5.0,22.0,0.8272740102942333
10.0,50.0,1.5386951646752762
5.0,42.0,1.374365834581676
3.0,4.0,4.453101629002288
1.0,13.0,6.716804066936328
8.0,25.0,3.076773554025309
1.0,5.0,0.3531469718687416
7.0,30.0,2.103037226441178
3.0,5.0,0.34272008171347257
6.0,20.0,1.4142926363880963
16.0,47.0,2.930183643060839
11.0,22.0,0.8272740102942333
17.0,50.0,1.5386951646752762
14.0,42.0,1.374365834581676
3.0,4.0,4.453101629002288
8.0,13.0,6.716804066936328
10.0,25.0,3.076773554025309
2.0,5.0,0.3531469718687416
9.0,30.0,2.103037226441178
0.0,5.0,0.34272008171347257
7.0,20.0,1.4142926363880963
22.0,47.0,2.930183643060839
9.0,22.0,0.8272740102942333
21.0,50.0,1.5386951646752762
19.0,42.0,1.374365834581676
2.0,4.0,4.453101629002288
7.0,13.0,6.716804066936328
13.0,25.0,3.076773554025309
2.0,5.0,0.3531469718687416
14.0,30.0,2.103037226441178
1.0,5.0,0.34272008171347257
11.0,20.0,1.4142926363880963
28.0,47.0,2.930183643060839
7.0,22.0,0.8272740102942333
32.0,50.0,1.5386951646752762
22.0,42.0,1.374365834581676
1.0,4.0,4.453101629002288
7.0,13.0,6.716804066936328
17.0,25.0,3.076773554025309
2.0,5.0,0.3531469718687416
15.0,30.0,2.103037226441178
3.0,5.0,0.34272008171347257
15.0,20.0,1.4142926363880963
23.0,47.0,2.930183643060839
14.0,22.0,0.8272740102942333
33.0,50.0,1.5386951646752762
24.0,42.0,1.374365834581676
3.0,4.0,4.453101629002288
8.0,13.0,6.716804066936328
11.0,25.0,3.076773554025309
4.0,5.0,0.3531469718687416
26.0,30.0,2.103037226441178
3.0,5.0,0.34272008171347257
16.0,20.0,1.4142926363880963
35.0,47.0,2.930183643060839
15.0,22.0,0.8272740102942333
39.0,50.0,1.5386951646752762
26.0,42.0,1.374365834581676
3.0,4.0,4.453101629002288
8.0,13.0,6.716804066936328
22.0,25.0,3.076773554025309
5.0,5.0,0.3531469718687416
28.0,30.0,2.103037226441178
5.0,5.0,0.34272008171347257
15.0,20.0,1.4142926363880963
39.0,47.0,2.930183643060839
15.0,22.0,0.8272740102942333
40.0,50.0,1.5386951646752762
32.0,42.0,1.374365834581676
3.0,4.0,4.453101629002288
12.0,13.0,6.716804066936328
24.0,25.0,3.076773554025309
5.0,5.0,0.3531469718687416
29.0,30.0,2.103037226441178
5.0,5.0,0.34272008171347257
17.0,20.0,1.4142926363880963
44.0,47.0,2.930183643060839
21.0,22.0,0.8272740102942333
45.0,50.0,1.5386951646752762
38.0,42.0,1.374365834581676
1.0,4.0,5.159372072757041
2.0,10.0,11.376022168429357
0.0,2.0,0.20901628795506844
1.0,20.0,3.3980347738148864
0.0,4.0,0.4286861076276827
1.0,32.0,2.730596047539578
2.0,11.0,0.8982293585217305
2.0,25.0,1.014038792805355
11.0,83.0,3.722531700825878
8.0,62.0,1.6897889719770594
2.0,19.0,0.2873768308005198
1.0,4.0,5.159372072757041
2.0,10.0,11.376022168429357
0.0,2.0,0.20901628795506844
4.0,20.0,3.3980347738148864
2.0,4.0,0.4286861076276827
6.0,32.0,2.730596047539578
3.0,11.0,0.8982293585217305
5.0,25.0,1.014038792805355
25.0,83.0,3.722531700825878
15.0,62.0,1.6897889719770594
3.0,19.0,0.2873768308005198
1.0,4.0,5.159372072757041
3.0,10.0,11.376022168429357
0.0,2.0,0.20901628795506844
5.0,20.0,3.3980347738148864
1.0,4.0,0.4286861076276827
12.0,32.0,2.730596047539578
6.0,11.0,0.8982293585217305
10.0,25.0,1.014038792805355
21.0,83.0,3.722531700825878
15.0,62.0,1.6897889719770594
5.0,19.0,0.2873768308005198
1.0,4.0,5.159372072757041
4.0,10.0,11.376022168429357
1.0,2.0,0.20901628795506844
6.0,20.0,3.3980347738148864
2.0,4.0,0.4286861076276827
12.0,32.0,2.730596047539578
3.0,11.0,0.8982293585217305
11.0,25.0,1.014038792805355
39.0,83.0,3.722531700825878
26.0,62.0,1.6897889719770594
9.0,19.0,0.2873768308005198
2.0,4.0,5.159372072757041
5.0,10.0,11.376022168429357
2.0,2.0,0.20901628795506844
9.0,20.0,3.3980347738148864
3.0,4.0,0.4286861076276827
18.0,32.0,2.730596047539578
5.0,11.0,0.8982293585217305
13.0,25.0,1.014038792805355
43.0,83.0,3.722531700825878
27.0,62.0,1.6897889719770594
11.0,19.0,0.2873768308005198
4.0,4.0,5.159372072757041
5.0,10.0,11.376022168429357
1.0,2.0,0.20901628795506844
15.0,20.0,3.3980347738148864
3.0,4.0,0.4286861076276827
18.0,32.0,2.730596047539578
8.0,11.0,0.8982293585217305
15.0,25.0,1.014038792805355
44.0,83.0,3.722531700825878
34.0,62.0,1.6897889719770594
8.0,19.0,0.2873768308005198
2.0,4.0,5.159372072757041
8.0,10.0,11.376022168429357
2.0,2.0,0.20901628795506844
16.0,20.0,3.3980347738148864
3.0,4.0,0.4286861076276827
27.0,32.0,2.730596047539578
6.0,11.0,0.8982293585217305
14.0,25.0,1.014038792805355
54.0,83.0,3.722531700825878
46.0,62.0,1.6897889719770594
12.0,19.0,0.2873768308005198
2.0,4.0,5.159372072757041
10.0,10.0,11.376022168429357
2.0,2.0,0.20901628795506844
17.0,20.0,3.3980347738148864
3.0,4.0,0.4286861076276827
20.0,32.0,2.730596047539578
9.0,11.0,0.8982293585217305
23.0,25.0,1.014038792805355
63.0,83.0,3.722531700825878
54.0,62.0,1.6897889719770594
16.0,19.0,0.2873768308005198
4.0,4.0,5.159372072757041
10.0,10.0,11.376022168429357
2.0,2.0,0.20901628795506844
18.0,20.0,3.3980347738148864
4.0,4.0,0.4286861076276827
31.0,32.0,2.730596047539578
10.0,11.0,0.8982293585217305
22.0,25.0,1.014038792805355
78.0,83.0,3.722531700825878
57.0,62.0,1.6897889719770594
16.0,19.0,0.2873768308005198
1.0,4.0,1.5887571366529942
1.0,6.0,2.4698440606770613
3.0,39.0,8.144510196316052
0.0,3.0,0.2875111600966791
2.0,12.0,0.9337013237989186
2.0,19.0,1.1892127396624514
1.0,14.0,0.9353448345013065
1.0,8.0,0.6151729940889278
13.0,108.0,5.439706500917796
2.0,25.0,0.6587832525998807
2.0,20.0,0.3699092381353433
1.0,4.0,1.5887571366529942
1.0,6.0,2.4698440606770613
6.0,39.0,8.144510196316052
1.0,3.0,0.2875111600966791
3.0,12.0,0.9337013237989186
3.0,19.0,1.1892127396624514
0.0,14.0,0.9353448345013065
2.0,8.0,0.6151729940889278
21.0,108.0,5.439706500917796
7.0,25.0,0.6587832525998807
2.0,20.0,0.3699092381353433
1.0,4.0,1.5887571366529942
2.0,6.0,2.4698440606770613
11.0,39.0,8.144510196316052
2.0,3.0,0.2875111600966791
5.0,12.0,0.9337013237989186
10.0,19.0,1.1892127396624514
2.0,14.0,0.9353448345013065
4.0,8.0,0.6151729940889278
24.0,108.0,5.439706500917796
9.0,25.0,0.6587832525998807
3.0,20.0,0.3699092381353433
2.0,4.0,1.5887571366529942
3.0,6.0,2.4698440606770613
12.0,39.0,8.144510196316052
1.0,3.0,0.2875111600966791
7.0,12.0,0.9337013237989186
6.0,19.0,1.1892127396624514
6.0,14.0,0.9353448345013065
4.0,8.0,0.6151729940889278
34.0,108.0,5.439706500917796
9.0,25.0,0.6587832525998807
12.0,20.0,0.3699092381353433
3.0,4.0,1.5887571366529942
1.0,6.0,2.4698440606770613
19.0,39.0,8.144510196316052
2.0,3.0,0.2875111600966791
4.0,12.0,0.9337013237989186
10.0,19.0,1.1892127396624514
9.0,14.0,0.9353448345013065
7.0,8.0,0.6151729940889278
58.0,108.0,5.439706500917796
13.0,25.0,0.6587832525998807
11.0,20.0,0.3699092381353433
3.0,4.0,1.5887571366529942
4.0,6.0,2.4698440606770613
26.0,39.0,8.144510196316052
2.0,3.0,0.2875111600966791
9.0,12.0,0.9337013237989186
11.0,19.0,1.1892127396624514
10.0,14.0,0.9353448345013065
5.0,8.0,0.6151729940889278
63.0,108.0,5.439706500917796
17.0,25.0,0.6587832525998807
16.0,20.0,0.3699092381353433
1.0,4.0,1.5887571366529942
5.0,6.0,2.4698440606770613
27.0,39.0,8.144510196316052
2.0,3.0,0.2875111600966791
9.0,12.0,0.9337013237989186
14.0,19.0,1.1892127396624514
10.0,14.0,0.9353448345013065
7.0,8.0,0.6151729940889278
79.0,108.0,5.439706500917796
17.0,25.0,0.6587832525998807
14.0,20.0,0.3699092381353433
2.0,4.0,1.5887571366529942
5.0,6.0,2.4698440606770613
31.0,39.0,8.144510196316052
3.0,3.0,0.2875111600966791
10.0,12.0,0.9337013237989186
16.0,19.0,1.1892127396624514
10.0,14.0,0.9353448345013065
8.0,8.0,0.6151729940889278
82.0,108.0,5.439706500917796
20.0,25.0,0.6587832525998807
18.0,20.0,0.3699092381353433
4.0,4.0,1.5887571366529942
6.0,6.0,2.4698440606770613
33.0,39.0,8.144510196316052
2.0,3.0,0.2875111600966791
11.0,12.0,0.9337013237989186
18.0,19.0,1.1892127396624514
14.0,14.0,0.9353448345013065
8.0,8.0,0.6151729940889278
95.0,108.0,5.439706500917796
21.0,25.0,0.6587832525998807
16.0,20.0,0.3699092381353433
1.0,7.0,6.197250137719194
4.0,26.0,5.793111341711377
1.0,6.0,0.6132507063299076
0.0,18.0,1.243918335528922
6.0,42.0,2.8033707215744577
1.0,2.0,0.18376918357086053
6.0,66.0,2.208755666452384
5.0,51.0,1.6476860437067922
7.0,54.0,1.1355319790441518
2.0,64.0,1.3335046650924316
4.0,24.0,0.5139091572073788
2.0,7.0,6.197250137719194
6.0,26.0,5.793111341711377
1.0,6.0,0.6132507063299076
2.0,18.0,1.243918335528922
6.0,42.0,2.8033707215744577
0.0,2.0,0.18376918357086053
17.0,66.0,2.208755666452384
7.0,51.0,1.6476860437067922
14.0,54.0,1.1355319790441518
14.0,64.0,1.3335046650924316
4.0,24.0,0.5139091572073788
1.0,7.0,6.197250137719194
7.0,26.0,5.793111341711377
3.0,6.0,0.6132507063299076
5.0,18.0,1.243918335528922
13.0,42.0,2.8033707215744577
1.0,2.0,0.18376918357086053
17.0,66.0,2.208755666452384
12.0,51.0,1.6476860437067922
18.0,54.0,1.1355319790441518
27.0,64.0,1.3335046650924316
6.0,24.0,0.5139091572073788
3.0,7.0,6.197250137719194
15.0,26.0,5.793111341711377
1.0,6.0,0.6132507063299076
11.0,18.0,1.243918335528922
20.0,42.0,2.8033707215744577
2.0,2.0,0.18376918357086053
22.0,66.0,2.208755666452384
21.0,51.0,1.6476860437067922
23.0,54.0,1.1355319790441518
24.0,64.0,1.3335046650924316
9.0,24.0,0.5139091572073788
3.0,7.0,6.197250137719194
12.0,26.0,5.793111341711377
3.0,6.0,0.6132507063299076
8.0,18.0,1.243918335528922
19.0,42.0,2.8033707215744577
1.0,2.0,0.18376918357086053
33.0,66.0,2.208755666452384
31.0,51.0,1.6476860437067922
25.0,54.0,1.1355319790441518
34.0,64.0,1.3335046650924316
16.0,24.0,0.5139091572073788
7.0,7.0,6.197250137719194
16.0,26.0,5.793111341711377
3.0,6.0,0.6132507063299076
13.0,18.0,1.243918335528922
27.0,42.0,2.8033707215744577
0.0,2.0,0.18376918357086053
36.0,66.0,2.208755666452384
33.0,51.0,1.6476860437067922
28.0,54.0,1.1355319790441518
40.0,64.0,1.3335046650924316
10.0,24.0,0.5139091572073788
3.0,7.0,6.197250137719194
16.0,26.0,5.793111341711377
4.0,6.0,0.6132507063299076
13.0,18.0,1.243918335528922
29.0,42.0,2.8033707215744577
1.0,2.0,0.18376918357086053
50.0,66.0,2.208755666452384
38.0,51.0,1.6476860437067922
41.0,54.0,1.1355319790441518
47.0,64.0,1.3335046650924316
16.0,24.0,0.5139091572073788
5.0,7.0,6.197250137719194
20.0,26.0,5.793111341711377
6.0,6.0,0.6132507063299076
16.0,18.0,1.243918335528922
34.0,42.0,2.8033707215744577
2.0,2.0,0.18376918357086053
57.0,66.0,2.208755666452384
38.0,51.0,1.6476860437067922
40.0,54.0,1.1355319790441518
55.0,64.0,1.3335046650924316
22.0,24.0,0.5139091572073788
7.0,7.0,6.197250137719194
21.0,26.0,5.793111341711377
6.0,6.0,0.6132507063299076
18.0,18.0,1.243918335528922
35.0,42.0,2.8033707215744577
2.0,2.0,0.18376918357086053
59.0,66.0,2.208755666452384
48.0,51.0,1.6476860437067922
52.0,54.0,1.1355319790441518
61.0,64.0,1.3335046650924316
22.0,24.0,0.5139091572073788
1.0,3.0,9.244729333306008
1.0,5.0,2.8115600547532664
1.0,6.0,1.3973925353647456
4.0,23.0,6.59890876058668
3.0,14.0,1.497828906343689
3.0,28.0,1.9679351281386201
0.0,13.0,1.1094456891683737
0.0,10.0,0.5366818926650878
5.0,37.0,1.939480344001848
2.0,14.0,0.6331748988884969
2.0,7.0,0.5176964638384615
1.0,3.0,9.244729333306008
1.0,5.0,2.8115600547532664
0.0,6.0,1.3973925353647456
4.0,23.0,6.59890876058668
0.0,14.0,1.497828906343689
7.0,28.0,1.9679351281386201
1.0,13.0,1.1094456891683737
2.0,10.0,0.5366818926650878
5.0,37.0,1.939480344001848
5.0,14.0,0.6331748988884969
2.0,7.0,0.5176964638384615
1.0,3.0,9.244729333306008
1.0,5.0,2.8115600547532664
2.0,6.0,1.3973925353647456
6.0,23.0,6.59890876058668
4.0,14.0,1.497828906343689
5.0,28.0,1.9679351281386201
6.0,13.0,1.1094456891683737
5.0,10.0,0.5366818926650878
11.0,37.0,1.939480344001848
3.0,14.0,0.6331748988884969
3.0,7.0,0.5176964638384615
3.0,3.0,9.244729333306008
2.0,5.0,2.8115600547532664
2.0,6.0,1.3973925353647456
10.0,23.0,6.59890876058668
3.0,14.0,1.497828906343689
14.0,28.0,1.9679351281386201
3.0,13.0,1.1094456891683737
2.0,10.0,0.5366818926650878
17.0,37.0,1.939480344001848
4.0,14.0,0.6331748988884969
3.0,7.0,0.5176964638384615
1.0,3.0,9.244729333306008
2.0,5.0,2.8115600547532664
2.0,6.0,1.3973925353647456
16.0,23.0,6.59890876058668
8.0,14.0,1.497828906343689
14.0,28.0,1.9679351281386201
9.0,13.0,1.1094456891683737
2.0,10.0,0.5366818926650878
18.0,37.0,1.939480344001848
8.0,14.0,0.6331748988884969
3.0,7.0,0.5176964638384615
1.0,3.0,9.244729333306008
2.0,5.0,2.8115600547532664
5.0,6.0,1.3973925353647456
13.0,23.0,6.59890876058668
10.0,14.0,1.497828906343689
17.0,28.0,1.9679351281386201
10.0,13.0,1.1094456891683737
5.0,10.0,0.5366818926650878
22.0,37.0,1.939480344001848
11.0,14.0,0.6331748988884969
3.0,7.0,0.5176964638384615
2.0,3.0,9.244729333306008
2.0,5.0,2.8115600547532664
1.0,6.0,1.3973925353647456
18.0,23.0,6.59890876058668
7.0,14.0,1.497828906343689
18.0,28.0,1.9679351281386201
8.0,13.0,1.1094456891683737
8.0,10.0,0.5366818926650878
31.0,37.0,1.939480344001848
11.0,14.0,0.6331748988884969
4.0,7.0,0.5176964638384615
2.0,3.0,9.244729333306008
3.0,5.0,2.8115600547532664
4.0,6.0,1.3973925353647456
19.0,23.0,6.59890876058668
10.0,14.0,1.497828906343689
24.0,28.0,1.9679351281386201
10.0,13.0,1.1094456891683737
5.0,10.0,0.5366818926650878
29.0,37.0,1.939480344001848
13.0,14.0,0.6331748988884969
5.0,7.0,0.5176964638384615
2.0,3.0,9.244729333306008
4.0,5.0,2.8115600547532664
5.0,6.0,1.3973925353647456
21.0,23.0,6.59890876058668
12.0,14.0,1.497828906343689
26.0,28.0,1.9679351281386201
11.0,13.0,1.1094456891683737
9.0,10.0,0.5366818926650878
32.0,37.0,1.939480344001848
12.0,14.0,0.6331748988884969
7.0,7.0,0.5176964638384615
1.0,2.0,0.49373919070999556
0.0,4.0,3.4476098478835238
1.0,5.0,2.0400854330397027
3.0,24.0,4.5848268120183135
0.0,21.0,1.686289084517013
3.0,46.0,2.671001505546409
3.0,34.0,1.047824328744767
2.0,31.0,0.9352243706399477
0.0,3.0,0.13972543321140654
7.0,54.0,1.6106147833475062
2.0,9.0,0.3904570310607741
1.0,2.0,0.49373919070999556
1.0,4.0,3.4476098478835238
1.0,5.0,2.0400854330397027
7.0,24.0,4.5848268120183135
7.0,21.0,1.686289084517013
17.0,46.0,2.671001505546409
8.0,34.0,1.047824328744767
5.0,31.0,0.9352243706399477
1.0,3.0,0.13972543321140654
11.0,54.0,1.6106147833475062
1.0,9.0,0.3904570310607741
1.0,2.0,0.49373919070999556
2.0,4.0,3.4476098478835238
0.0,5.0,2.0400854330397027
8.0,24.0,4.5848268120183135
7.0,21.0,1.686289084517013
11.0,46.0,2.671001505546409
14.0,34.0,1.047824328744767
9.0,31.0,0.9352243706399477
1.0,3.0,0.13972543321140654
19.0,54.0,1.6106147833475062
4.0,9.0,0.3904570310607741
1.0,2.0,0.49373919070999556
3.0,4.0,3.4476098478835238
1.0,5.0,2.0400854330397027
8.0,24.0,4.5848268120183135
9.0,21.0,1.686289084517013
16.0,46.0,2.671001505546409
11.0,34.0,1.047824328744767
13.0,31.0,0.9352243706399477
2.0,3.0,0.13972543321140654
23.0,54.0,1.6106147833475062
4.0,9.0,0.3904570310607741
2.0,2.0,0.49373919070999556
3.0,4.0,3.4476098478835238
1.0,5.0,2.0400854330397027
17.0,24.0,4.5848268120183135
13.0,21.0,1.686289084517013
22.0,46.0,2.671001505546409
18.0,34.0,1.047824328744767
18.0,31.0,0.9352243706399477
2.0,3.0,0.13972543321140654
33.0,54.0,1.6106147833475062
6.0,9.0,0.3904570310607741
1.0,2.0,0.49373919070999556
2.0,4.0,3.4476098478835238
3.0,5.0,2.0400854330397027
18.0,24.0,4.5848268120183135
10.0,21.0,1.686289084517013
25.0,46.0,2.671001505546409
21.0,34.0,1.047824328744767
22.0,31.0,0.9352243706399477
1.0,3.0,0.13972543321140654
36.0,54.0,1.6106147833475062
5.0,9.0,0.3904570310607741
2.0,2.0,0.49373919070999556
3.0,4.0,3.4476098478835238
3.0,5.0,2.0400854330397027
12.0,24.0,4.5848268120183135
13.0,21.0,1.686289084517013
37.0,46.0,2.671001505546409
28.0,34.0,1.047824328744767
24.0,31.0,0.9352243706399477
2.0,3.0,0.13972543321140654
43.0,54.0,1.6106147833475062
5.0,9.0,0.3904570310607741
2.0,2.0,0.49373919070999556
4.0,4.0,3.4476098478835238
4.0,5.0,2.0400854330397027
20.0,24.0,4.5848268120183135
16.0,21.0,1.686289084517013
39.0,46.0,2.671001505546409
24.0,34.0,1.047824328744767
28.0,31.0,0.9352243706399477
3.0,3.0,0.13972543321140654
41.0,54.0,1.6106147833475062
7.0,9.0,0.3904570310607741
2.0,2.0,0.49373919070999556
3.0,4.0,3.4476098478835238
5.0,5.0,2.0400854330397027
21.0,24.0,4.5848268120183135
19.0,21.0,1.686289084517013
40.0,46.0,2.671001505546409
32.0,34.0,1.047824328744767
29.0,31.0,0.9352243706399477
3.0,3.0,0.13972543321140654
51.0,54.0,1.6106147833475062
7.0,9.0,0.3904570310607741
1.0,5.0,5.307206836953787
0.0,4.0,3.108090448477423
4.0,11.0,4.442863688557318
1.0,12.0,2.001129662255936
5.0,70.0,5.551716171897658
1.0,24.0,1.1552016091636796
9.0,95.0,2.645708911609392
8.0,55.0,1.2118341638437098
3.0,12.0,0.2866082414209961
8.0,62.0,1.275146006463605
5.0,20.0,0.5015518404710435
1.0,5.0,5.307206836953787
0.0,4.0,3.108090448477423
1.0,11.0,4.442863688557318
5.0,12.0,2.001129662255936
11.0,70.0,5.551716171897658
7.0,24.0,1.1552016091636796
17.0,95.0,2.645708911609392
11.0,55.0,1.2118341638437098
2.0,12.0,0.2866082414209961
12.0,62.0,1.275146006463605
5.0,20.0,0.5015518404710435
2.0,5.0,5.307206836953787
1.0,4.0,3.108090448477423
5.0,11.0,4.442863688557318
5.0,12.0,2.001129662255936
31.0,70.0,5.551716171897658
5.0,24.0,1.1552016091636796
27.0,95.0,2.645708911609392
15.0,55.0,1.2118341638437098
3.0,12.0,0.2866082414209961
17.0,62.0,1.275146006463605
8.0,20.0,0.5015518404710435
3.0,5.0,5.307206836953787
0.0,4.0,3.108090448477423
1.0,11.0,4.442863688557318
8.0,12.0,2.001129662255936
31.0,70.0,5.551716171897658
12.0,24.0,1.1552016091636796
44.0,95.0,2.645708911609392
17.0,55.0,1.2118341638437098
7.0,12.0,0.2866082414209961
26.0,62.0,1.275146006463605
10.0,20.0,0.5015518404710435
1.0,5.0,5.307206836953787
2.0,4.0,3.108090448477423
6.0,11.0,4.442863688557318
4.0,12.0,2.001129662255936
33.0,70.0,5.551716171897658
14.0,24.0,1.1552016091636796
42.0,95.0,2.645708911609392
23.0,55.0,1.2118341638437098
8.0,12.0,0.2866082414209961
35.0,62.0,1.275146006463605
13.0,20.0,0.5015518404710435
4.0,5.0,5.307206836953787
3.0,4.0,3.108090448477423
6.0,11.0,4.442863688557318
8.0,12.0,2.001129662255936
36.0,70.0,5.551716171897658
12.0,24.0,1.1552016091636796
62.0,95.0,2.645708911609392
24.0,55.0,1.2118341638437098
11.0,12.0,0.2866082414209961
38.0,62.0,1.275146006463605
13.0,20.0,0.5015518404710435
4.0,5.0,5.307206836953787
1.0,4.0,3.108090448477423
9.0,11.0,4.442863688557318
6.0,12.0,2.001129662255936
45.0,70.0,5.551716171897658
17.0,24.0,1.1552016091636796
71.0,95.0,2.645708911609392
48.0,55.0,1.2118341638437098
7.0,12.0,0.2866082414209961
49.0,62.0,1.275146006463605
13.0,20.0,0.5015518404710435
4.0,5.0,5.307206836953787
4.0,4.0,3.108090448477423
10.0,11.0,4.442863688557318
8.0,12.0,2.001129662255936
51.0,70.0,5.551716171897658
21.0,24.0,1.1552016091636796
81.0,95.0,2.645708911609392
41.0,55.0,1.2118341638437098
11.0,12.0,0.2866082414209961
48.0,62.0,1.275146006463605
16.0,20.0,0.5015518404710435
4.0,5.0,5.307206836953787
4.0,4.0,3.108090448477423
11.0,11.0,4.442863688557318
11.0,12.0,2.001129662255936
60.0,70.0,5.551716171897658
20.0,24.0,1.1552016091636796
82.0,95.0,2.645708911609392
49.0,55.0,1.2118341638437098
11.0,12.0,0.2866082414209961
54.0,62.0,1.275146006463605
18.0,20.0,0.5015518404710435
1.0,6.0,11.251214567675815
1.0,21.0,6.304855712785632
8.0,73.0,6.606966729872763
7.0,44.0,1.4601689957797541
1.0,40.0,0.9934841666463773
2.0,52.0,1.1160626547135892
7.0,74.0,1.0816732664183
2.0,9.0,0.17866291099293838
2.0,24.0,0.7227271304015308
5.0,47.0,1.2660265229438283
3.0,36.0,1.2438657267057056
1.0,6.0,11.251214567675815
6.0,21.0,6.304855712785632
19.0,73.0,6.606966729872763
12.0,44.0,1.4601689957797541
14.0,40.0,0.9934841666463773
12.0,52.0,1.1160626547135892
18.0,74.0,1.0816732664183
1.0,9.0,0.17866291099293838
4.0,24.0,0.7227271304015308
12.0,47.0,1.2660265229438283
6.0,36.0,1.2438657267057056
3.0,6.0,11.251214567675815
3.0,21.0,6.304855712785632
20.0,73.0,6.606966729872763
12.0,44.0,1.4601689957797541
14.0,40.0,0.9934841666463773
18.0,52.0,1.1160626547135892
22.0,74.0,1.0816732664183
2.0,9.0,0.17866291099293838
5.0,24.0,0.7227271304015308
12.0,47.0,1.2660265229438283
6.0,36.0,1.2438657267057056
4.0,6.0,11.251214567675815
6.0,21.0,6.304855712785632
30.0,73.0,6.606966729872763
16.0,44.0,1.4601689957797541
11.0,40.0,0.9934841666463773
22.0,52.0,1.1160626547135892
33.0,74.0,1.0816732664183
4.0,9.0,0.17866291099293838
7.0,24.0,0.7227271304015308
24.0,47.0,1.2660265229438283
16.0,36.0,1.2438657267057056
3.0,6.0,11.251214567675815
12.0,21.0,6.304855712785632
36.0,73.0,6.606966729872763
19.0,44.0,1.4601689957797541
18.0,40.0,0.9934841666463773
20.0,52.0,1.1160626547135892
45.0,74.0,1.0816732664183
1.0,9.0,0.17866291099293838
10.0,24.0,0.7227271304015308
24.0,47.0,1.2660265229438283
15.0,36.0,1.2438657267057056
6.0,6.0,11.251214567675815
11.0,21.0,6.304855712785632
41.0,73.0,6.606966729872763
24.0,44.0,1.4601689957797541
22.0,40.0,0.9934841666463773
32.0,52.0,1.1160626547135892
42.0,74.0,1.0816732664183
6.0,9.0,0.17866291099293838
19.0,24.0,0.7227271304015308
33.0,47.0,1.2660265229438283
27.0,36.0,1.2438657267057056
4.0,6.0,11.251214567675815
17.0,21.0,6.304855712785632
52.0,73.0,6.606966729872763
37.0,44.0,1.4601689957797541
29.0,40.0,0.9934841666463773
34.0,52.0,1.1160626547135892
53.0,74.0,1.0816732664183
6.0,9.0,0.17866291099293838
19.0,24.0,0.7227271304015308
34.0,47.0,1.2660265229438283
26.0,36.0,1.2438657267057056
3.0,6.0,11.251214567675815
19.0,21.0,6.304855712785632
59.0,73.0,6.606966729872763
38.0,44.0,1.4601689957797541
28.0,40.0,0.9934841666463773
40.0,52.0,1.1160626547135892
53.0,74.0,1.0816732664183
8.0,9.0,0.17866291099293838
18.0,24.0,0.7227271304015308
41.0,47.0,1.2660265229438283
26.0,36.0,1.2438657267057056
5.0,6.0,11.251214567675815
20.0,21.0,6.304855712785632
68.0,73.0,6.606966729872763
38.0,44.0,1.4601689957797541
38.0,40.0,0.9934841666463773
46.0,52.0,1.1160626547135892
68.0,74.0,1.0816732664183
8.0,9.0,0.17866291099293838
21.0,24.0,0.7227271304015308
39.0,47.0,1.2660265229438283
29.0,36.0,1.2438657267057056
1.0,3.0,4.951433227572118
2.0,10.0,4.224101880922711
2.0,7.0,0.9455500148300455
1.0,10.0,1.1756996507856177
4.0,52.0,5.578345555742094
2.0,35.0,1.6762879725818307
3.0,7.0,0.273839625529133
1.0,6.0,0.18776357690164533
3.0,25.0,1.810610157219152
1.0,22.0,1.2430554536008236
0.0,6.0,0.2769555848773897
1.0,3.0,4.951433227572118
1.0,10.0,4.224101880922711
1.0,7.0,0.9455500148300455
2.0,10.0,1.1756996507856177
12.0,52.0,5.578345555742094
6.0,35.0,1.6762879725818307
0.0,7.0,0.273839625529133
3.0,6.0,0.18776357690164533
1.0,25.0,1.810610157219152
2.0,22.0,1.2430554536008236
0.0,6.0,0.2769555848773897
1.0,3.0,4.951433227572118
0.0,10.0,4.224101880922711
1.0,7.0,0.9455500148300455
1.0,10.0,1.1756996507856177
16.0,52.0,5.578345555742094
13.0,35.0,1.6762879725818307
3.0,7.0,0.273839625529133
3.0,6.0,0.18776357690164533
6.0,25.0,1.810610157219152
10.0,22.0,1.2430554536008236
1.0,6.0,0.2769555848773897
2.0,3.0,4.951433227572118
4.0,10.0,4.224101880922711
2.0,7.0,0.9455500148300455
7.0,10.0,1.1756996507856177
14.0,52.0,5.578345555742094
13.0,35.0,1.6762879725818307
1.0,7.0,0.273839625529133
3.0,6.0,0.18776357690164533
9.0,25.0,1.810610157219152
11.0,22.0,1.2430554536008236
1.0,6.0,0.2769555848773897
2.0,3.0,4.951433227572118
5.0,10.0,4.224101880922711
3.0,7.0,0.9455500148300455
4.0,10.0,1.1756996507856177
25.0,52.0,5.578345555742094
20.0,35.0,1.6762879725818307
3.0,7.0,0.273839625529133
4.0,6.0,0.18776357690164533
13.0,25.0,1.810610157219152
13.0,22.0,1.2430554536008236
1.0,6.0,0.2769555848773897
3.0,3.0,4.951433227572118
5.0,10.0,4.224101880922711
5.0,7.0,0.9455500148300455
9.0,10.0,1.1756996507856177
31.0,52.0,5.578345555742094
20.0,35.0,1.6762879725818307
4.0,7.0,0.273839625529133
4.0,6.0,0.18776357690164533
19.0,25.0,1.810610157219152
11.0,22.0,1.2430554536008236
3.0,6.0,0.2769555848773897
3.0,3.0,4.951433227572118
8.0,10.0,4.224101880922711
5.0,7.0,0.9455500148300455
9.0,10.0,1.1756996507856177
41.0,52.0,5.578345555742094
27.0,35.0,1.6762879725818307
6.0,7.0,0.273839625529133
4.0,6.0,0.18776357690164533
16.0,25.0,1.810610157219152
15.0,22.0,1.2430554536008236
5.0,6.0,0.2769555848773897
3.0,3.0,4.951433227572118
8.0,10.0,4.224101880922711
3.0,7.0,0.9455500148300455
7.0,10.0,1.1756996507856177
39.0,52.0,5.578345555742094
22.0,35.0,1.6762879725818307
6.0,7.0,0.273839625529133
4.0,6.0,0.18776357690164533
21.0,25.0,1.810610157219152
20.0,22.0,1.2430554536008236
6.0,6.0,0.2769555848773897
1.0,3.0,4.951433227572118
9.0,10.0,4.224101880922711
5.0,7.0,0.9455500148300455
8.0,10.0,1.1756996507856177
48.0,52.0,5.578345555742094
32.0,35.0,1.6762879725818307
6.0,7.0,0.273839625529133
5.0,6.0,0.18776357690164533
22.0,25.0,1.810610157219152
19.0,22.0,1.2430554536008236
6.0,6.0,0.2769555848773897
1.0,4.0,4.370531746072198
1.0,1.0,0.413126091893099
2.0,15.0,6.225521269618146
1.0,13.0,3.213302819700893
2.0,16.0,1.8564219501961046
1.0,14.0,0.8425063325802296
11.0,72.0,4.236667681613924
3.0,53.0,1.974981678570801
1.0,11.0,0.28754209297919864
1.0,34.0,1.0587205917344586
4.0,31.0,1.143617508214945
2.0,4.0,4.370531746072198
0.0,1.0,0.413126091893099
4.0,15.0,6.225521269618146
1.0,13.0,3.213302819700893
3.0,16.0,1.8564219501961046
3.0,14.0,0.8425063325802296
12.0,72.0,4.236667681613924
12.0,53.0,1.974981678570801
2.0,11.0,0.28754209297919864
2.0,34.0,1.0587205917344586
5.0,31.0,1.143617508214945
4.0,4.0,4.370531746072198
1.0,1.0,0.413126091893099
7.0,15.0,6.225521269618146
5.0,13.0,3.213302819700893
6.0,16.0,1.8564219501961046
2.0,14.0,0.8425063325802296
26.0,72.0,4.236667681613924
14.0,53.0,1.974981678570801
5.0,11.0,0.28754209297919864
19.0,34.0,1.0587205917344586
10.0,31.0,1.143617508214945
3.0,4.0,4.370531746072198
1.0,1.0,0.413126091893099
4.0,15.0,6.225521269618146
6.0,13.0,3.213302819700893
9.0,16.0,1.8564219501961046
7.0,14.0,0.8425063325802296
28.0,72.0,4.236667681613924
24.0,53.0,1.974981678570801
5.0,11.0,0.28754209297919864
12.0,34.0,1.0587205917344586
7.0,31.0,1.143617508214945
1.0,4.0,4.370531746072198
1.0,1.0,0.413126091893099
5.0,15.0,6.225521269618146
9.0,13.0,3.213302819700893
6.0,16.0,1.8564219501961046
4.0,14.0,0.8425063325802296
33.0,72.0,4.236667681613924
29.0,53.0,1.974981678570801
5.0,11.0,0.28754209297919864
17.0,34.0,1.0587205917344586
18.0,31.0,1.143617508214945
1.0,4.0,4.370531746072198
1.0,1.0,0.413126091893099
12.0,15.0,6.225521269618146
7.0,13.0,3.213302819700893
8.0,16.0,1.8564219501961046
9.0,14.0,0.8425063325802296
40.0,72.0,4.236667681613924
28.0,53.0,1.974981678570801
7.0,11.0,0.28754209297919864
23.0,34.0,1.0587205917344586
19.0,31.0,1.143617508214945
4.0,4.0,4.370531746072198
1.0,1.0,0.413126091893099
12.0,15.0,6.225521269618146
10.0,13.0,3.213302819700893
10.0,16.0,1.8564219501961046
7.0,14.0,0.8425063325802296
45.0,72.0,4.236667681613924
32.0,53.0,1.974981678570801
7.0,11.0,0.28754209297919864
25.0,34.0,1.0587205917344586
25.0,31.0,1.143617508214945
4.0,4.0,4.370531746072198
1.0,1.0,0.413126091893099
11.0,15.0,6.225521269618146
11.0,13.0,3.213302819700893
15.0,16.0,1.8564219501961046
11.0,14.0,0.8425063325802296
58.0,72.0,4.236667681613924
40.0,53.0,1.974981678570801
9.0,11.0,0.28754209297919864
28.0,34.0,1.0587205917344586
20.0,31.0,1.143617508214945
4.0,4.0,4.370531746072198
1.0,1.0,0.413126091893099
13.0,15.0,6.225521269618146
13.0,13.0,3.213302819700893
15.0,16.0,1.8564219501961046
11.0,14.0,0.8425063325802296
64.0,72.0,4.236667681613924
46.0,53.0,1.974981678570801
11.0,11.0,0.28754209297919864
30.0,34.0,1.0587205917344586
27.0,31.0,1.143617508214945
1.0,5.0,3.2611386045958275
1.0,3.0,2.1166197034683827
2.0,6.0,1.5587097123877889
1.0,6.0,2.922139788444603
3.0,16.0,3.492892024038352
2.0,41.0,4.481633114144
2.0,22.0,1.2247564119156538
6.0,45.0,1.8415557910480493
0.0,11.0,0.46327823192235107
14.0,88.0,2.4598705663479286
2.0,15.0,0.33365978703160654
1.0,5.0,3.2611386045958275
0.0,3.0,2.1166197034683827
3.0,6.0,1.5587097123877889
2.0,6.0,2.922139788444603
5.0,16.0,3.492892024038352
6.0,41.0,4.481633114144
1.0,22.0,1.2247564119156538
9.0,45.0,1.8415557910480493
4.0,11.0,0.46327823192235107
20.0,88.0,2.4598705663479286
6.0,15.0,0.33365978703160654
2.0,5.0,3.2611386045958275
1.0,3.0,2.1166197034683827
0.0,6.0,1.5587097123877889
2.0,6.0,2.922139788444603
9.0,16.0,3.492892024038352
10.0,41.0,4.481633114144
9.0,22.0,1.2247564119156538
9.0,45.0,1.8415557910480493
1.0,11.0,0.46327823192235107
27.0,88.0,2.4598705663479286
5.0,15.0,0.33365978703160654
3.0,5.0,3.2611386045958275
2.0,3.0,2.1166197034683827
2.0,6.0,1.5587097123877889
3.0,6.0,2.922139788444603
9.0,16.0,3.492892024038352
15.0,41.0,4.481633114144
7.0,22.0,1.2247564119156538
22.0,45.0,1.8415557910480493
8.0,11.0,0.46327823192235107
35.0,88.0,2.4598705663479286
7.0,15.0,0.33365978703160654
4.0,5.0,3.2611386045958275
1.0,3.0,2.1166197034683827
3.0,6.0,1.5587097123877889
2.0,6.0,2.922139788444603
7.0,16.0,3.492892024038352
23.0,41.0,4.481633114144
9.0,22.0,1.2247564119156538
20.0,45.0,1.8415557910480493
6.0,11.0,0.46327823192235107
47.0,88.0,2.4598705663479286
10.0,15.0,0.33365978703160654
4.0,5.0,3.2611386045958275
2.0,3.0,2.1166197034683827
3.0,6.0,1.5587097123877889
4.0,6.0,2.922139788444603
9.0,16.0,3.492892024038352
22.0,41.0,4.481633114144
17.0,22.0,1.2247564119156538
24.0,45.0,1.8415557910480493
7.0,11.0,0.46327823192235107
56.0,88.0,2.4598705663479286
9.0,15.0,0.33365978703160654
3.0,5.0,3.2611386045958275
2.0,3.0,2.1166197034683827
3.0,6.0,1.5587097123877889
2.0,6.0,2.922139788444603
10.0,16.0,3.492892024038352
24.0,41.0,4.481633114144
13.0,22.0,1.2247564119156538
22.0,45.0,1.8415557910480493
8.0,11.0,0.46327823192235107
60.0,88.0,2.4598705663479286
9.0,15.0,0.33365978703160654
5.0,5.0,3.2611386045958275
2.0,3.0,2.1166197034683827
4.0,6.0,1.5587097123877889
4.0,6.0,2.922139788444603
14.0,16.0,3.492892024038352
33.0,41.0,4.481633114144
15.0,22.0,1.2247564119156538
40.0,45.0,1.8415557910480493
6.0,11.0,0.46327823192235107
69.0,88.0,2.4598705663479286
10.0,15.0,0.33365978703160654
5.0,5.0,3.2611386045958275
3.0,3.0,2.1166197034683827
6.0,6.0,1.5587097123877889
5.0,6.0,2.922139788444603
15.0,16.0,3.492892024038352
37.0,41.0,4.481633114144
19.0,22.0,1.2247564119156538
38.0,45.0,1.8415557910480493
9.0,11.0,0.46327823192235107
77.0,88.0,2.4598705663479286
12.0,15.0,0.33365978703160654
1.0,4.0,8.118674609809458
0.0,5.0,1.178518249605571
1.0,10.0,3.2103945669533367
0.0,20.0,4.435054799150377
2.0,25.0,2.2172840079714105
5.0,38.0,2.4550119822901
5.0,78.0,2.3549641385801716
3.0,47.0,1.1172864912664817
2.0,14.0,0.41058823545830564
5.0,82.0,1.9027340346815405
4.0,31.0,0.617385489556631
1.0,4.0,8.118674609809458
2.0,5.0,1.178518249605571
0.0,10.0,3.2103945669533367
4.0,20.0,4.435054799150377
5.0,25.0,2.2172840079714105
5.0,38.0,2.4550119822901
19.0,78.0,2.3549641385801716
9.0,47.0,1.1172864912664817
3.0,14.0,0.41058823545830564
17.0,82.0,1.9027340346815405
7.0,31.0,0.617385489556631
2.0,4.0,8.118674609809458
3.0,5.0,1.178518249605571
3.0,10.0,3.2103945669533367
3.0,20.0,4.435054799150377
4.0,25.0,2.2172840079714105
8.0,38.0,2.4550119822901
25.0,78.0,2.3549641385801716
16.0,47.0,1.1172864912664817
3.0,14.0,0.41058823545830564
27.0,82.0,1.9027340346815405
10.0,31.0,0.617385489556631
1.0,4.0,8.118674609809458
3.0,5.0,1.178518249605571
3.0,10.0,3.2103945669533367
8.0,20.0,4.435054799150377
10.0,25.0,2.2172840079714105
19.0,38.0,2.4550119822901
36.0,78.0,2.3549641385801716
17.0,47.0,1.1172864912664817
5.0,14.0,0.41058823545830564
26.0,82.0,1.9027340346815405
14.0,31.0,0.617385489556631
2.0,4.0,8.118674609809458
1.0,5.0,1.178518249605571
5.0,10.0,3.2103945669533367
7.0,20.0,4.435054799150377
15.0,25.0,2.2172840079714105
25.0,38.0,2.4550119822901
44.0,78.0,2.3549641385801716
23.0,47.0,1.1172864912664817
11.0,14.0,0.41058823545830564
33.0,82.0,1.9027340346815405
18.0,31.0,0.617385489556631
2.0,4.0,8.118674609809458
2.0,5.0,1.178518249605571
8.0,10.0,3.2103945669533367
13.0,20.0,4.435054799150377
15.0,25.0,2.2172840079714105
27.0,38.0,2.4550119822901
46.0,78.0,2.3549641385801716
27.0,47.0,1.1172864912664817
5.0,14.0,0.41058823545830564
50.0,82.0,1.9027340346815405
19.0,31.0,0.617385489556631
3.0,4.0,8.118674609809458
3.0,5.0,1.178518249605571
8.0,10.0,3.2103945669533367
15.0,20.0,4.435054799150377
15.0,25.0,2.2172840079714105
28.0,38.0,2.4550119822901
55.0,78.0,2.3549641385801716
31.0,47.0,1.1172864912664817
8.0,14.0,0.41058823545830564
54.0,82.0,1.9027340346815405
24.0,31.0,0.617385489556631
4.0,4.0,8.118674609809458
5.0,5.0,1.178518249605571
7.0,10.0,3.2103945669533367
16.0,20.0,4.435054799150377
18.0,25.0,2.2172840079714105
27.0,38.0,2.4550119822901
63.0,78.0,2.3549641385801716
36.0,47.0,1.1172864912664817
12.0,14.0,0.41058823545830564
68.0,82.0,1.9027340346815405
26.0,31.0,0.617385489556631
4.0,4.0,8.118674609809458
5.0,5.0,1.178518249605571
8.0,10.0,3.2103945669533367
20.0,20.0,4.435054799150377
21.0,25.0,2.2172840079714105
29.0,38.0,2.4550119822901
73.0,78.0,2.3549641385801716
42.0,47.0,1.1172864912664817
12.0,14.0,0.41058823545830564
73.0,82.0,1.9027340346815405
30.0,31.0,0.617385489556631
1.0,3.0,1.8102948529569096
0.0,4.0,1.7858998367641974
2.0,12.0,4.7942375782438
1.0,29.0,3.4809741750775753
1.0,36.0,3.5716548938911443
0.0,28.0,0.9010144535984446
4.0,47.0,1.6350573133907143
2.0,13.0,0.22953161020616147
1.0,8.0,0.2047086683453178
10.0,110.0,4.651872006362604
2.0,18.0,0.48605850167179965
1.0,3.0,1.8102948529569096
1.0,4.0,1.7858998367641974
1.0,12.0,4.7942375782438
5.0,29.0,3.4809741750775753
11.0,36.0,3.5716548938911443
2.0,28.0,0.9010144535984446
7.0,47.0,1.6350573133907143
4.0,13.0,0.22953161020616147
1.0,8.0,0.2047086683453178
22.0,110.0,4.651872006362604
3.0,18.0,0.48605850167179965
2.0,3.0,1.8102948529569096
2.0,4.0,1.7858998367641974
4.0,12.0,4.7942375782438
7.0,29.0,3.4809741750775753
9.0,36.0,3.5716548938911443
6.0,28.0,0.9010144535984446
14.0,47.0,1.6350573133907143
3.0,13.0,0.22953161020616147
2.0,8.0,0.2047086683453178
30.0,110.0,4.651872006362604
5.0,18.0,0.48605850167179965
1.0,3.0,1.8102948529569096
4.0,4.0,1.7858998367641974
8.0,12.0,4.7942375782438
14.0,29.0,3.4809741750775753
13.0,36.0,3.5716548938911443
17.0,28.0,0.9010144535984446
22.0,47.0,1.6350573133907143
2.0,13.0,0.22953161020616147
4.0,8.0,0.2047086683453178
43.0,110.0,4.651872006362604
9.0,18.0,0.48605850167179965
1.0,3.0,1.8102948529569096
1.0,4.0,1.7858998367641974
5.0,12.0,4.7942375782438
14.0,29.0,3.4809741750775753
16.0,36.0,3.5716548938911443
13.0,28.0,0.9010144535984446
24.0,47.0,1.6350573133907143
1.0,13.0,0.22953161020616147
6.0,8.0,0.2047086683453178
63.0,110.0,4.651872006362604
12.0,18.0,0.48605850167179965
1.0,3.0,1.8102948529569096
1.0,4.0,1.7858998367641974
8.0,12.0,4.7942375782438
19.0,29.0,3.4809741750775753
20.0,36.0,3.5716548938911443
19.0,28.0,0.9010144535984446
31.0,47.0,1.6350573133907143
8.0,13.0,0.22953161020616147
5.0,8.0,0.2047086683453178
75.0,110.0,4.651872006362604
14.0,18.0,0.48605850167179965
2.0,3.0,1.8102948529569096
3.0,4.0,1.7858998367641974
5.0,12.0,4.7942375782438
20.0,29.0,3.4809741750775753
28.0,36.0,3.5716548938911443
20.0,28.0,0.9010144535984446
34.0,47.0,1.6350573133907143
6.0,13.0,0.22953161020616147
7.0,8.0,0.2047086683453178
76.0,110.0,4.651872006362604
14.0,18.0,0.48605850167179965
3.0,3.0,1.8102948529569096
3.0,4.0,1.7858998367641974
9.0,12.0,4.7942375782438
27.0,29.0,3.4809741750775753
29.0,36.0,3.5716548938911443
23.0,28.0,0.9010144535984446
33.0,47.0,1.6350573133907143
8.0,13.0,0.22953161020616147
6.0,8.0,0.2047086683453178
92.0,110.0,4.651872006362604
13.0,18.0,0.48605850167179965
3.0,3.0,1.8102948529569096
3.0,4.0,1.7858998367641974
11.0,12.0,4.7942375782438
26.0,29.0,3.4809741750775753
33.0,36.0,3.5716548938911443
24.0,28.0,0.9010144535984446
44.0,47.0,1.6350573133907143
12.0,13.0,0.22953161020616147
8.0,8.0,0.2047086683453178
95.0,110.0,4.651872006362604
18.0,18.0,0.48605850167179965
1.0,7.0,9.49223622040181
1.0,7.0,1.6065029720940305
1.0,9.0,1.772937453442616
1.0,12.0,1.8212688500091148
0.0,2.0,0.15442517571146927
3.0,35.0,4.166247897252602
3.0,17.0,2.356319134998082
1.0,48.0,2.2349924842906326
6.0,71.0,2.718499198350328
9.0,49.0,1.1778689434042129
2.0,42.0,0.9383739167579178
2.0,7.0,9.49223622040181
0.0,7.0,1.6065029720940305
3.0,9.0,1.772937453442616
3.0,12.0,1.8212688500091148
0.0,2.0,0.15442517571146927
7.0,35.0,4.166247897252602
2.0,17.0,2.356319134998082
9.0,48.0,2.2349924842906326
22.0,71.0,2.718499198350328
11.0,49.0,1.1778689434042129
10.0,42.0,0.9383739167579178
2.0,7.0,9.49223622040181
1.0,7.0,1.6065029720940305
2.0,9.0,1.772937453442616
6.0,12.0,1.8212688500091148
0.0,2.0,0.15442517571146927
13.0,35.0,4.166247897252602
5.0,17.0,2.356319134998082
13.0,48.0,2.2349924842906326
20.0,71.0,2.718499198350328
16.0,49.0,1.1778689434042129
14.0,42.0,0.9383739167579178
1.0,7.0,9.49223622040181
4.0,7.0,1.6065029720940305
7.0,9.0,1.772937453442616
4.0,12.0,1.8212688500091148
1.0,2.0,0.15442517571146927
15.0,35.0,4.166247897252602
8.0,17.0,2.356319134998082
18.0,48.0,2.2349924842906326
29.0,71.0,2.718499198350328
19.0,49.0,1.1778689434042129
17.0,42.0,0.9383739167579178
3.0,7.0,9.49223622040181
4.0,7.0,1.6065029720940305
3.0,9.0,1.772937453442616
6.0,12.0,1.8212688500091148
2.0,2.0,0.15442517571146927
16.0,35.0,4.166247897252602
8.0,17.0,2.356319134998082
26.0,48.0,2.2349924842906326
36.0,71.0,2.718499198350328
24.0,49.0,1.1778689434042129
17.0,42.0,0.9383739167579178
3.0,7.0,9.49223622040181
7.0,7.0,1.6065029720940305
4.0,9.0,1.772937453442616
8.0,12.0,1.8212688500091148
1.0,2.0,0.15442517571146927
27.0,35.0,4.166247897252602
11.0,17.0,2.356319134998082
30.0,48.0,2.2349924842906326
43.0,71.0,2.718499198350328
26.0,49.0,1.1778689434042129
21.0,42.0,0.9383739167579178
4.0,7.0,9.49223622040181
6.0,7.0,1.6065029720940305
4.0,9.0,1.772937453442616
6.0,12.0,1.8212688500091148
2.0,2.0,0.15442517571146927
27.0,35.0,4.166247897252602
13.0,17.0,2.356319134998082
33.0,48.0,2.2349924842906326
49.0,71.0,2.718499198350328
36.0,49.0,1.1778689434042129
31.0,42.0,0.9383739167579178
5.0,7.0,9.49223622040181
6.0,7.0,1.6065029720940305
8.0,9.0,1.772937453442616
10.0,12.0,1.8212688500091148
2.0,2.0,0.15442517571146927
28.0,35.0,4.166247897252602
15.0,17.0,2.356319134998082
40.0,48.0,2.2349924842906326
55.0,71.0,2.718499198350328
34.0,49.0,1.1778689434042129
36.0,42.0,0.9383739167579178
7.0,7.0,9.49223622040181
6.0,7.0,1.6065029720940305
9.0,9.0,1.772937453442616
12.0,12.0,1.8212688500091148
2.0,2.0,0.15442517571146927
31.0,35.0,4.166247897252602
16.0,17.0,2.356319134998082
42.0,48.0,2.2349924842906326
64.0,71.0,2.718499198350328
41.0,49.0,1.1778689434042129
38.0,42.0,0.9383739167579178
2.0,14.0,8.2782481623289
2.0,12.0,1.9689382573909329
3.0,24.0,1.9497325158952161
8.0,48.0,3.021472853335203
2.0,16.0,0.7234027272134553
1.0,35.0,1.555657839811967
1.0,16.0,0.8288572160944294
4.0,14.0,0.5873898880258641
0.0,3.0,0.1437129989501558
3.0,38.0,2.5205967710350685
1.0,4.0,0.22132414865185823
3.0,14.0,8.2782481623289
5.0,12.0,1.9689382573909329
8.0,24.0,1.9497325158952161
7.0,48.0,3.021472853335203
4.0,16.0,0.7234027272134553
6.0,35.0,1.555657839811967
6.0,16.0,0.8288572160944294
5.0,14.0,0.5873898880258641
0.0,3.0,0.1437129989501558
3.0,38.0,2.5205967710350685
1.0,4.0,0.22132414865185823
4.0,14.0,8.2782481623289
2.0,12.0,1.9689382573909329
7.0,24.0,1.9497325158952161
16.0,48.0,3.021472853335203
4.0,16.0,0.7234027272134553
9.0,35.0,1.555657839811967
6.0,16.0,0.8288572160944294
8.0,14.0,0.5873898880258641
1.0,3.0,0.1437129989501558
15.0,38.0,2.5205967710350685
0.0,4.0,0.22132414865185823
6.0,14.0,8.2782481623289
4.0,12.0,1.9689382573909329
12.0,24.0,1.9497325158952161
21.0,48.0,3.021472853335203
4.0,16.0,0.7234027272134553
16.0,35.0,1.555657839811967
7.0,16.0,0.8288572160944294
5.0,14.0,0.5873898880258641
1.0,3.0,0.1437129989501558
20.0,38.0,2.5205967710350685
2.0,4.0,0.22132414865185823
8.0,14.0,8.2782481623289
6.0,12.0,1.9689382573909329
10.0,24.0,1.9497325158952161
19.0,48.0,3.021472853335203
8.0,16.0,0.7234027272134553
17.0,35.0,1.555657839811967
6.0,16.0,0.8288572160944294
8.0,14.0,0.5873898880258641
1.0,3.0,0.1437129989501558
14.0,38.0,2.5205967710350685
2.0,4.0,0.22132414865185823
8.0,14.0,8.2782481623289
6.0,12.0,1.9689382573909329
15.0,24.0,1.9497325158952161
32.0,48.0,3.021472853335203
10.0,16.0,0.7234027272134553
21.0,35.0,1.555657839811967
9.0,16.0,0.8288572160944294
10.0,14.0,0.5873898880258641
1.0,3.0,0.1437129989501558
24.0,38.0,2.5205967710350685
1.0,4.0,0.22132414865185823
7.0,14.0,8.2782481623289
9.0,12.0,1.9689382573909329
20.0,24.0,1.9497325158952161
35.0,48.0,3.021472853335203
15.0,16.0,0.7234027272134553
26.0,35.0,1.555657839811967
10.0,16.0,0.8288572160944294
11.0,14.0,0.5873898880258641
0.0,3.0,0.1437129989501558
26.0,38.0,2.5205967710350685
2.0,4.0,0.22132414865185823
13.0,14.0,8.2782481623289
11.0,12.0,1.9689382573909329
21.0,24.0,1.9497325158952161
39.0,48.0,3.021472853335203
12.0,16.0,0.7234027272134553
26.0,35.0,1.555657839811967
12.0,16.0,0.8288572160944294
12.0,14.0,0.5873898880258641
2.0,3.0,0.1437129989501558
30.0,38.0,2.5205967710350685
4.0,4.0,0.22132414865185823
13.0,14.0,8.2782481623289
12.0,12.0,1.9689382573909329
21.0,24.0,1.9497325158952161
41.0,48.0,3.021472853335203
16.0,16.0,0.7234027272134553
34.0,35.0,1.555657839811967
16.0,16.0,0.8288572160944294
14.0,14.0,0.5873898880258641
3.0,3.0,0.1437129989501558
32.0,38.0,2.5205967710350685
4.0,4.0,0.22132414865185823
1.0,4.0,2.3205733503632615
0.0,10.0,4.614369793284838
4.0,26.0,4.307152088430531
5.0,44.0,3.2589849989721555
4.0,31.0,1.2989029605032383
2.0,20.0,0.5343963702781525
4.0,22.0,0.8663045761028423
1.0,33.0,1.1755990557672669
5.0,38.0,1.3010591202772244
3.0,10.0,0.3154176739047914
0.0,19.0,0.7217846222117446
2.0,4.0,2.3205733503632615
2.0,10.0,4.614369793284838
3.0,26.0,4.307152088430531
7.0,44.0,3.2589849989721555
13.0,31.0,1.2989029605032383
6.0,20.0,0.5343963702781525
2.0,22.0,0.8663045761028423
4.0,33.0,1.1755990557672669
8.0,38.0,1.3010591202772244
2.0,10.0,0.3154176739047914
5.0,19.0,0.7217846222117446
1.0,4.0,2.3205733503632615
4.0,10.0,4.614369793284838
9.0,26.0,4.307152088430531
13.0,44.0,3.2589849989721555
11.0,31.0,1.2989029605032383
3.0,20.0,0.5343963702781525
9.0,22.0,0.8663045761028423
16.0,33.0,1.1755990557672669
7.0,38.0,1.3010591202772244
1.0,10.0,0.3154176739047914
3.0,19.0,0.7217846222117446
1.0,4.0,2.3205733503632615
5.0,10.0,4.614369793284838
7.0,26.0,4.307152088430531
19.0,44.0,3.2589849989721555
15.0,31.0,1.2989029605032383
12.0,20.0,0.5343963702781525
7.0,22.0,0.8663045761028423
16.0,33.0,1.1755990557672669
18.0,38.0,1.3010591202772244
3.0,10.0,0.3154176739047914
4.0,19.0,0.7217846222117446
1.0,4.0,2.3205733503632615
6.0,10.0,4.614369793284838
14.0,26.0,4.307152088430531
21.0,44.0,3.2589849989721555
14.0,31.0,1.2989029605032383
9.0,20.0,0.5343963702781525
8.0,22.0,0.8663045761028423
15.0,33.0,1.1755990557672669
25.0,38.0,1.3010591202772244
6.0,10.0,0.3154176739047914
15.0,19.0,0.7217846222117446
3.0,4.0,2.3205733503632615
6.0,10.0,4.614369793284838
19.0,26.0,4.307152088430531
34.0,44.0,3.2589849989721555
21.0,31.0,1.2989029605032383
11.0,20.0,0.5343963702781525
16.0,22.0,0.8663045761028423
21.0,33.0,1.1755990557672669
24.0,38.0,1.3010591202772244
6.0,10.0,0.3154176739047914
13.0,19.0,0.7217846222117446
3.0,4.0,2.3205733503632615
3.0,10.0,4.614369793284838
19.0,26.0,4.307152088430531
31.0,44.0,3.2589849989721555
22.0,31.0,1.2989029605032383
15.0,20.0,0.5343963702781525
17.0,22.0,0.8663045761028423
25.0,33.0,1.1755990557672669
25.0,38.0,1.3010591202772244
9.0,10.0,0.3154176739047914
16.0,19.0,0.7217846222117446
4.0,4.0,2.3205733503632615
8.0,10.0,4.614369793284838
16.0,26.0,4.307152088430531
35.0,44.0,3.2589849989721555
22.0,31.0,1.2989029605032383
15.0,20.0,0.5343963702781525
19.0,22.0,0.8663045761028423
27.0,33.0,1.1755990557672669
32.0,38.0,1.3010591202772244
8.0,10.0,0.3154176739047914
17.0,19.0,0.7217846222117446
3.0,4.0,2.3205733503632615
8.0,10.0,4.614369793284838
24.0,26.0,4.307152088430531
42.0,44.0,3.2589849989721555
27.0,31.0,1.2989029605032383
20.0,20.0,0.5343963702781525
17.0,22.0,0.8663045761028423
29.0,33.0,1.1755990557672669
32.0,38.0,1.3010591202772244
7.0,10.0,0.3154176739047914
16.0,19.0,0.7217846222117446
1.0,6.0,12.35752281121409
0.0,3.0,1.9412569547884408
0.0,7.0,3.1655171952384613
3.0,20.0,4.0402006540577675
2.0,39.0,3.535692336744241
6.0,77.0,3.7976819677409335
0.0,13.0,0.31555870238645606
4.0,42.0,1.1324068305845838
3.0,46.0,1.26932623767057
3.0,44.0,1.292801525532325
3.0,36.0,1.0662915484322624
1.0,6.0,12.35752281121409
1.0,3.0,1.9412569547884408
1.0,7.0,3.1655171952384613
6.0,20.0,4.0402006540577675
4.0,39.0,3.535692336744241
16.0,77.0,3.7976819677409335
6.0,13.0,0.31555870238645606
4.0,42.0,1.1324068305845838
4.0,46.0,1.26932623767057
9.0,44.0,1.292801525532325
11.0,36.0,1.0662915484322624
1.0,6.0,12.35752281121409
2.0,3.0,1.9412569547884408
2.0,7.0,3.1655171952384613
6.0,20.0,4.0402006540577675
13.0,39.0,3.535692336744241
14.0,77.0,3.7976819677409335
2.0,13.0,0.31555870238645606
9.0,42.0,1.1324068305845838
10.0,46.0,1.26932623767057
15.0,44.0,1.292801525532325
9.0,36.0,1.0662915484322624
4.0,6.0,12.35752281121409
2.0,3.0,1.9412569547884408
3.0,7.0,3.1655171952384613
12.0,20.0,4.0402006540577675
18.0,39.0,3.535692336744241
26.0,77.0,3.7976819677409335
5.0,13.0,0.31555870238645606
17.0,42.0,1.1324068305845838
15.0,46.0,1.26932623767057
19.0,44.0,1.292801525532325
15.0,36.0,1.0662915484322624
3.0,6.0,12.35752281121409
2.0,3.0,1.9412569547884408
3.0,7.0,3.1655171952384613
10.0,20.0,4.0402006540577675
22.0,39.0,3.535692336744241
42.0,77.0,3.7976819677409335
7.0,13.0,0.31555870238645606
18.0,42.0,1.1324068305845838
24.0,46.0,1.26932623767057
18.0,44.0,1.292801525532325
16.0,36.0,1.0662915484322624
5.0,6.0,12.35752281121409
1.0,3.0,1.9412569547884408
4.0,7.0,3.1655171952384613
13.0,20.0,4.0402006540577675
26.0,39.0,3.535692336744241
49.0,77.0,3.7976819677409335
10.0,13.0,0.31555870238645606
24.0,42.0,1.1324068305845838
29.0,46.0,1.26932623767057
27.0,44.0,1.292801525532325
22.0,36.0,1.0662915484322624
3.0,6.0,12.35752281121409
2.0,3.0,1.9412569547884408
5.0,7.0,3.1655171952384613
15.0,20.0,4.0402006540577675
27.0,39.0,3.535692336744241
56.0,77.0,3.7976819677409335
8.0,13.0,0.31555870238645606
29.0,42.0,1.1324068305845838
36.0,46.0,1.26932623767057
31.0,44.0,1.292801525532325
23.0,36.0,1.0662915484322624
5.0,6.0,12.35752281121409
2.0,3.0,1.9412569547884408
5.0,7.0,3.1655171952384613
17.0,20.0,4.0402006540577675
29.0,39.0,3.535692336744241
61.0,77.0,3.7976819677409335
11.0,13.0,0.31555870238645606
33.0,42.0,1.1324068305845838
36.0,46.0,1.26932623767057
33.0,44.0,1.292801525532325
28.0,36.0,1.0662915484322624
6.0,6.0,12.35752281121409
3.0,3.0,1.9412569547884408
7.0,7.0,3.1655171952384613
17.0,20.0,4.0402006540577675
35.0,39.0,3.535692336744241
71.0,77.0,3.7976819677409335
11.0,13.0,0.31555870238645606
38.0,42.0,1.1324068305845838
43.0,46.0,1.26932623767057
40.0,44.0,1.292801525532325
35.0,36.0,1.0662915484322624
2.0,6.0,4.703920350794287
2.0,14.0,6.763873185383564
2.0,11.0,2.188651788160491
2.0,21.0,1.1417838436886525
0.0,9.0,0.8902412646565782
0.0,11.0,0.6682444706347459
2.0,21.0,2.6398935169607753
5.0,57.0,4.205455707322863
4.0,17.0,0.7159906791893031
1.0,21.0,0.8923294607115442
3.0,25.0,0.9165620027856191
1.0,6.0,4.703920350794287
1.0,14.0,6.763873185383564
3.0,11.0,2.188651788160491
3.0,21.0,1.1417838436886525
1.0,9.0,0.8902412646565782
3.0,11.0,0.6682444706347459
4.0,21.0,2.6398935169607753
12.0,57.0,4.205455707322863
6.0,17.0,0.7159906791893031
4.0,21.0,0.8923294607115442
9.0,25.0,0.9165620027856191
4.0,6.0,4.703920350794287
3.0,14.0,6.763873185383564
4.0,11.0,2.188651788160491
9.0,21.0,1.1417838436886525
4.0,9.0,0.8902412646565782
4.0,11.0,0.6682444706347459
5.0,21.0,2.6398935169607753
20.0,57.0,4.205455707322863
6.0,17.0,0.7159906791893031
3.0,21.0,0.8923294607115442
8.0,25.0,0.9165620027856191
1.0,6.0,4.703920350794287
6.0,14.0,6.763873185383564
3.0,11.0,2.188651788160491
11.0,21.0,1.1417838436886525
3.0,9.0,0.8902412646565782
5.0,11.0,0.6682444706347459
11.0,21.0,2.6398935169607753
18.0,57.0,4.205455707322863
4.0,17.0,0.7159906791893031
11.0,21.0,0.8923294607115442
10.0,25.0,0.9165620027856191
3.0,6.0,4.703920350794287
5.0,14.0,6.763873185383564
8.0,11.0,2.188651788160491
11.0,21.0,1.1417838436886525
2.0,9.0,0.8902412646565782
3.0,11.0,0.6682444706347459
10.0,21.0,2.6398935169607753
28.0,57.0,4.205455707322863
10.0,17.0,0.7159906791893031
11.0,21.0,0.8923294607115442
14.0,25.0,0.9165620027856191
5.0,6.0,4.703920350794287
7.0,14.0,6.763873185383564
7.0,11.0,2.188651788160491
11.0,21.0,1.1417838436886525
5.0,9.0,0.8902412646565782
8.0,11.0,0.6682444706347459
16.0,21.0,2.6398935169607753
35.0,57.0,4.205455707322863
8.0,17.0,0.7159906791893031
11.0,21.0,0.8923294607115442
19.0,25.0,0.9165620027856191
4.0,6.0,4.703920350794287
12.0,14.0,6.763873185383564
7.0,11.0,2.188651788160491
17.0,21.0,1.1417838436886525
8.0,9.0,0.8902412646565782
7.0,11.0,0.6682444706347459
14.0,21.0,2.6398935169607753
35.0,57.0,4.205455707322863
11.0,17.0,0.7159906791893031
12.0,21.0,0.8923294607115442
15.0,25.0,0.9165620027856191
4.0,6.0,4.703920350794287
12.0,14.0,6.763873185383564
9.0,11.0,2.188651788160491
14.0,21.0,1.1417838436886525
5.0,9.0,0.8902412646565782
8.0,11.0,0.6682444706347459
16.0,21.0,2.6398935169607753
46.0,57.0,4.205455707322863
14.0,17.0,0.7159906791893031
17.0,21.0,0.8923294607115442
21.0,25.0,0.9165620027856191
6.0,6.0,4.703920350794287
14.0,14.0,6.763873185383564
10.0,11.0,2.188651788160491
18.0,21.0,1.1417838436886525
9.0,9.0,0.8902412646565782
9.0,11.0,0.6682444706347459
16.0,21.0,2.6398935169607753
54.0,57.0,4.205455707322863
15.0,17.0,0.7159906791893031
15.0,21.0,0.8923294607115442
23.0,25.0,0.9165620027856191
1.0,3.0,9.075682229045594
0.0,7.0,3.6728697253297047
1.0,13.0,3.5352742042973753
0.0,2.0,0.3805253325627128
2.0,41.0,4.25346500405839
6.0,50.0,3.2166324961423314
9.0,64.0,1.8361106637808204
1.0,3.0,0.18163348866201784
1.0,10.0,0.3363499724727345
5.0,32.0,1.1414580277516788
1.0,23.0,1.2180546437382336
2.0,3.0,9.075682229045594
0.0,7.0,3.6728697253297047
3.0,13.0,3.5352742042973753
2.0,2.0,0.3805253325627128
8.0,41.0,4.25346500405839
7.0,50.0,3.2166324961423314
11.0,64.0,1.8361106637808204
0.0,3.0,0.18163348866201784
2.0,10.0,0.3363499724727345
4.0,32.0,1.1414580277516788
4.0,23.0,1.2180546437382336
2.0,3.0,9.075682229045594
3.0,7.0,3.6728697253297047
1.0,13.0,3.5352742042973753
1.0,2.0,0.3805253325627128
10.0,41.0,4.25346500405839
19.0,50.0,3.2166324961423314
19.0,64.0,1.8361106637808204
1.0,3.0,0.18163348866201784
5.0,10.0,0.3363499724727345
13.0,32.0,1.1414580277516788
7.0,23.0,1.2180546437382336
1.0,3.0,9.075682229045594
2.0,7.0,3.6728697253297047
4.0,13.0,3.5352742042973753
1.0,2.0,0.3805253325627128
20.0,41.0,4.25346500405839
22.0,50.0,3.2166324961423314
20.0,64.0,1.8361106637808204
2.0,3.0,0.18163348866201784
3.0,10.0,0.3363499724727345
10.0,32.0,1.1414580277516788
10.0,23.0,1.2180546437382336
1.0,3.0,9.075682229045594
4.0,7.0,3.6728697253297047
7.0,13.0,3.5352742042973753
1.0,2.0,0.3805253325627128
24.0,41.0,4.25346500405839
27.0,50.0,3.2166324961423314
23.0,64.0,1.8361106637808204
2.0,3.0,0.18163348866201784
6.0,10.0,0.3363499724727345
18.0,32.0,1.1414580277516788
16.0,23.0,1.2180546437382336
2.0,3.0,9.075682229045594
2.0,7.0,3.6728697253297047
9.0,13.0,3.5352742042973753
1.0,2.0,0.3805253325627128
25.0,41.0,4.25346500405839
27.0,50.0,3.2166324961423314
47.0,64.0,1.8361106637808204
2.0,3.0,0.18163348866201784
7.0,10.0,0.3363499724727345
20.0,32.0,1.1414580277516788
13.0,23.0,1.2180546437382336
1.0,3.0,9.075682229045594
6.0,7.0,3.6728697253297047
8.0,13.0,3.5352742042973753
1.0,2.0,0.3805253325627128
33.0,41.0,4.25346500405839
38.0,50.0,3.2166324961423314
42.0,64.0,1.8361106637808204
1.0,3.0,0.18163348866201784
7.0,10.0,0.3363499724727345
21.0,32.0,1.1414580277516788
17.0,23.0,1.2180546437382336
3.0,3.0,9.075682229045594
5.0,7.0,3.6728697253297047
12.0,13.0,3.5352742042973753
1.0,2.0,0.3805253325627128
35.0,41.0,4.25346500405839
42.0,50.0,3.2166324961423314
46.0,64.0,1.8361106637808204
2.0,3.0,0.18163348866201784
10.0,10.0,0.3363499724727345
27.0,32.0,1.1414580277516788
16.0,23.0,1.2180546437382336
3.0,3.0,9.075682229045594
5.0,7.0,3.6728697253297047
13.0,13.0,3.5352742042973753
2.0,2.0,0.3805253325627128
37.0,41.0,4.25346500405839
44.0,50.0,3.2166324961423314
57.0,64.0,1.8361106637808204
1.0,3.0,0.18163348866201784
10.0,10.0,0.3363499724727345
30.0,32.0,1.1414580277516788
21.0,23.0,1.2180546437382336
2.0,6.0,6.352774510407742
1.0,4.0,3.0209707584734358
0.0,16.0,6.166199763876297
9.0,96.0,9.81917399070772
10.0,83.0,2.3498500948193026
0.0,14.0,0.1691742381271143
9.0,100.0,1.7091640215766353
3.0,46.0,0.7397280376851281
6.0,38.0,0.7436674390058954
4.0,51.0,0.9336844230882212
4.0,33.0,0.9106742339207191
2.0,6.0,6.352774510407742
0.0,4.0,3.0209707584734358
4.0,16.0,6.166199763876297
16.0,96.0,9.81917399070772
24.0,83.0,2.3498500948193026
3.0,14.0,0.1691742381271143
24.0,100.0,1.7091640215766353
10.0,46.0,0.7397280376851281
8.0,38.0,0.7436674390058954
5.0,51.0,0.9336844230882212
4.0,33.0,0.9106742339207191
1.0,6.0,6.352774510407742
2.0,4.0,3.0209707584734358
5.0,16.0,6.166199763876297
25.0,96.0,9.81917399070772
27.0,83.0,2.3498500948193026
3.0,14.0,0.1691742381271143
32.0,100.0,1.7091640215766353
11.0,46.0,0.7397280376851281
12.0,38.0,0.7436674390058954
14.0,51.0,0.9336844230882212
10.0,33.0,0.9106742339207191
3.0,6.0,6.352774510407742
3.0,4.0,3.0209707584734358
4.0,16.0,6.166199763876297
40.0,96.0,9.81917399070772
31.0,83.0,2.3498500948193026
5.0,14.0,0.1691742381271143
34.0,100.0,1.7091640215766353
15.0,46.0,0.7397280376851281
17.0,38.0,0.7436674390058954
18.0,51.0,0.9336844230882212
12.0,33.0,0.9106742339207191
3.0,6.0,6.352774510407742
2.0,4.0,3.0209707584734358
4.0,16.0,6.166199763876297
45.0,96.0,9.81917399070772
32.0,83.0,2.3498500948193026
9.0,14.0,0.1691742381271143
58.0,100.0,1.7091640215766353
22.0,46.0,0.7397280376851281
17.0,38.0,0.7436674390058954
24.0,51.0,0.9336844230882212
17.0,33.0,0.9106742339207191
3.0,6.0,6.352774510407742
1.0,4.0,3.0209707584734358
8.0,16.0,6.166199763876297
62.0,96.0,9.81917399070772
52.0,83.0,2.3498500948193026
5.0,14.0,0.1691742381271143
59.0,100.0,1.7091640215766353
24.0,46.0,0.7397280376851281
24.0,38.0,0.7436674390058954
31.0,51.0,0.9336844230882212
18.0,33.0,0.9106742339207191
4.0,6.0,6.352774510407742
4.0,4.0,3.0209707584734358
11.0,16.0,6.166199763876297
64.0,96.0,9.81917399070772
57.0,83.0,2.3498500948193026
10.0,14.0,0.1691742381271143
68.0,100.0,1.7091640215766353
28.0,46.0,0.7397280376851281
28.0,38.0,0.7436674390058954
36.0,51.0,0.9336844230882212
20.0,33.0,0.9106742339207191
5.0,6.0,6.352774510407742
4.0,4.0,3.0209707584734358
14.0,16.0,6.166199763876297
70.0,96.0,9.81917399070772
62.0,83.0,2.3498500948193026
11.0,14.0,0.1691742381271143
81.0,100.0,1.7091640215766353
39.0,46.0,0.7397280376851281
26.0,38.0,0.7436674390058954
36.0,51.0,0.9336844230882212
24.0,33.0,0.9106742339207191
5.0,6.0,6.352774510407742
4.0,4.0,3.0209707584734358
16.0,16.0,6.166199763876297
87.0,96.0,9.81917399070772
77.0,83.0,2.3498500948193026
14.0,14.0,0.1691742381271143
93.0,100.0,1.7091640215766353
40.0,46.0,0.7397280376851281
36.0,38.0,0.7436674390058954
45.0,51.0,0.9336844230882212
32.0,33.0,0.9106742339207191
1.0,4.0,5.183863486572241
1.0,4.0,2.88853667717398
1.0,3.0,2.70700566848429
1.0,22.0,5.327897280905048
1.0,11.0,0.8534972271842528
4.0,63.0,4.669576164428949
0.0,3.0,0.1552726936336555
5.0,51.0,1.6296576456166867
1.0,16.0,0.2366386856991116
1.0,13.0,0.3003330156001864
4.0,33.0,1.459436839175717
1.0,4.0,5.183863486572241
1.0,4.0,2.88853667717398
1.0,3.0,2.70700566848429
4.0,22.0,5.327897280905048
2.0,11.0,0.8534972271842528
9.0,63.0,4.669576164428949
0.0,3.0,0.1552726936336555
14.0,51.0,1.6296576456166867
5.0,16.0,0.2366386856991116
2.0,13.0,0.3003330156001864
8.0,33.0,1.459436839175717
1.0,4.0,5.183863486572241
1.0,4.0,2.88853667717398
1.0,3.0,2.70700566848429
4.0,22.0,5.327897280905048
3.0,11.0,0.8534972271842528
11.0,63.0,4.669576164428949
1.0,3.0,0.1552726936336555
18.0,51.0,1.6296576456166867
8.0,16.0,0.2366386856991116
7.0,13.0,0.3003330156001864
9.0,33.0,1.459436839175717
1.0,4.0,5.183863486572241
1.0,4.0,2.88853667717398
2.0,3.0,2.70700566848429
14.0,22.0,5.327897280905048
4.0,11.0,0.8534972271842528
28.0,63.0,4.669576164428949
3.0,3.0,0.1552726936336555
17.0,51.0,1.6296576456166867
7.0,16.0,0.2366386856991116
5.0,13.0,0.3003330156001864
17.0,33.0,1.459436839175717
1.0,4.0,5.183863486572241
1.0,4.0,2.88853667717398
0.0,3.0,2.70700566848429
11.0,22.0,5.327897280905048
7.0,11.0,0.8534972271842528
33.0,63.0,4.669576164428949
1.0,3.0,0.1552726936336555
25.0,51.0,1.6296576456166867
5.0,16.0,0.2366386856991116
7.0,13.0,0.3003330156001864
19.0,33.0,1.459436839175717
1.0,4.0,5.183863486572241
3.0,4.0,2.88853667717398
2.0,3.0,2.70700566848429
10.0,22.0,5.327897280905048
10.0,11.0,0.8534972271842528
43.0,63.0,4.669576164428949
1.0,3.0,0.1552726936336555
31.0,51.0,1.6296576456166867
9.0,16.0,0.2366386856991116
8.0,13.0,0.3003330156001864
17.0,33.0,1.459436839175717
2.0,4.0,5.183863486572241
4.0,4.0,2.88853667717398
1.0,3.0,2.70700566848429
14.0,22.0,5.327897280905048
7.0,11.0,0.8534972271842528
38.0,63.0,4.669576164428949
2.0,3.0,0.1552726936336555
32.0,51.0,1.6296576456166867
11.0,16.0,0.2366386856991116
8.0,13.0,0.3003330156001864
24.0,33.0,1.459436839175717
4.0,4.0,5.183863486572241
3.0,4.0,2.88853667717398
2.0,3.0,2.70700566848429
18.0,22.0,5.327897280905048
10.0,11.0,0.8534972271842528
52.0,63.0,4.669576164428949
2.0,3.0,0.1552726936336555
39.0,51.0,1.6296576456166867
11.0,16.0,0.2366386856991116
12.0,13.0,0.3003330156001864
29.0,33.0,1.459436839175717
4.0,4.0,5.183863486572241
3.0,4.0,2.88853667717398
2.0,3.0,2.70700566848429
19.0,22.0,5.327897280905048
10.0,11.0,0.8534972271842528
56.0,63.0,4.669576164428949
3.0,3.0,0.1552726936336555
45.0,51.0,1.6296576456166867
15.0,16.0,0.2366386856991116
12.0,13.0,0.3003330156001864
28.0,33.0,1.459436839175717
1.0,6.0,13.169736265567836
2.0,8.0,5.16136150466814
3.0,30.0,5.282384003645556
2.0,7.0,0.7336565307305405
1.0,17.0,0.671047351874208
1.0,18.0,1.1533513008740133
3.0,15.0,0.8185579846097636
3.0,25.0,1.7618092556136105
0.0,11.0,0.6722603456360049
3.0,19.0,1.3123231980691623
6.0,56.0,3.382292237220771
1.0,6.0,13.169736265567836
1.0,8.0,5.16136150466814
4.0,30.0,5.282384003645556
0.0,7.0,0.7336565307305405
7.0,17.0,0.671047351874208
0.0,18.0,1.1533513008740133
6.0,15.0,0.8185579846097636
2.0,25.0,1.7618092556136105
3.0,11.0,0.6722603456360049
5.0,19.0,1.3123231980691623
12.0,56.0,3.382292237220771
3.0,6.0,13.169736265567836
4.0,8.0,5.16136150466814
10.0,30.0,5.282384003645556
4.0,7.0,0.7336565307305405
9.0,17.0,0.671047351874208
6.0,18.0,1.1533513008740133
5.0,15.0,0.8185579846097636
6.0,25.0,1.7618092556136105
1.0,11.0,0.6722603456360049
3.0,19.0,1.3123231980691623
12.0,56.0,3.382292237220771
3.0,6.0,13.169736265567836
2.0,8.0,5.16136150466814
9.0,30.0,5.282384003645556
1.0,7.0,0.7336565307305405
6.0,17.0,0.671047351874208
7.0,18.0,1.1533513008740133
7.0,15.0,0.8185579846097636
8.0,25.0,1.7618092556136105
6.0,11.0,0.6722603456360049
9.0,19.0,1.3123231980691623
25.0,56.0,3.382292237220771
2.0,6.0,13.169736265567836
3.0,8.0,5.16136150466814
11.0,30.0,5.282384003645556
3.0,7.0,0.7336565307305405
10.0,17.0,0.671047351874208
12.0,18.0,1.1533513008740133
8.0,15.0,0.8185579846097636
12.0,25.0,1.7618092556136105
6.0,11.0,0.6722603456360049
8.0,19.0,1.3123231980691623
29.0,56.0,3.382292237220771
4.0,6.0,13.169736265567836
4.0,8.0,5.16136150466814
16.0,30.0,5.282384003645556
5.0,7.0,0.7336565307305405
10.0,17.0,0.671047351874208
13.0,18.0,1.1533513008740133
7.0,15.0,0.8185579846097636
17.0,25.0,1.7618092556136105
8.0,11.0,0.6722603456360049
11.0,19.0,1.3123231980691623
37.0,56.0,3.382292237220771
4.0,6.0,13.169736265567836
6.0,8.0,5.16136150466814
22.0,30.0,5.282384003645556
3.0,7.0,0.7336565307305405
13.0,17.0,0.671047351874208
12.0,18.0,1.1533513008740133
12.0,15.0,0.8185579846097636
16.0,25.0,1.7618092556136105
8.0,11.0,0.6722603456360049
14.0,19.0,1.3123231980691623
39.0,56.0,3.382292237220771
5.0,6.0,13.169736265567836
6.0,8.0,5.16136150466814
25.0,30.0,5.282384003645556
7.0,7.0,0.7336565307305405
14.0,17.0,0.671047351874208
17.0,18.0,1.1533513008740133
11.0,15.0,0.8185579846097636
22.0,25.0,1.7618092556136105
9.0,11.0,0.6722603456360049
15.0,19.0,1.3123231980691623
47.0,56.0,3.382292237220771
6.0,6.0,13.169736265567836
6.0,8.0,5.16136150466814
29.0,30.0,5.282384003645556
6.0,7.0,0.7336565307305405
15.0,17.0,0.671047351874208
15.0,18.0,1.1533513008740133
15.0,15.0,0.8185579846097636
22.0,25.0,1.7618092556136105
11.0,11.0,0.6722603456360049
16.0,19.0,1.3123231980691623
49.0,56.0,3.382292237220771
2.0,8.0,9.862133633356914
1.0,11.0,3.9359683247628157
2.0,7.0,1.5674831634141908
3.0,24.0,3.594251424611035
0.0,11.0,1.07069704674849
5.0,58.0,3.443354330124614
2.0,21.0,0.6725924979393733
0.0,8.0,0.26253794019726717
10.0,71.0,2.202918283434882
11.0,79.0,2.2062611567342683
3.0,52.0,0.9512485184235646
1.0,8.0,9.862133633356914
1.0,11.0,3.9359683247628157
3.0,7.0,1.5674831634141908
2.0,24.0,3.594251424611035
1.0,11.0,1.07069704674849
10.0,58.0,3.443354330124614
3.0,21.0,0.6725924979393733
1.0,8.0,0.26253794019726717
14.0,71.0,2.202918283434882
15.0,79.0,2.2062611567342683
17.0,52.0,0.9512485184235646
2.0,8.0,9.862133633356914
4.0,11.0,3.9359683247628157
4.0,7.0,1.5674831634141908
7.0,24.0,3.594251424611035
2.0,11.0,1.07069704674849
12.0,58.0,3.443354330124614
10.0,21.0,0.6725924979393733
3.0,8.0,0.26253794019726717
18.0,71.0,2.202918283434882
19.0,79.0,2.2062611567342683
17.0,52.0,0.9512485184235646
2.0,8.0,9.862133633356914
4.0,11.0,3.9359683247628157
4.0,7.0,1.5674831634141908
10.0,24.0,3.594251424611035
7.0,11.0,1.07069704674849
18.0,58.0,3.443354330124614
5.0,21.0,0.6725924979393733
3.0,8.0,0.26253794019726717
33.0,71.0,2.202918283434882
23.0,79.0,2.2062611567342683
23.0,52.0,0.9512485184235646
7.0,8.0,9.862133633356914
7.0,11.0,3.9359683247628157
4.0,7.0,1.5674831634141908
14.0,24.0,3.594251424611035
9.0,11.0,1.07069704674849
39.0,58.0,3.443354330124614
11.0,21.0,0.6725924979393733
5.0,8.0,0.26253794019726717
34.0,71.0,2.202918283434882
38.0,79.0,2.2062611567342683
30.0,52.0,0.9512485184235646
5.0,8.0,9.862133633356914
9.0,11.0,3.9359683247628157
4.0,7.0,1.5674831634141908
10.0,24.0,3.594251424611035
6.0,11.0,1.07069704674849
37.0,58.0,3.443354330124614
10.0,21.0,0.6725924979393733
4.0,8.0,0.26253794019726717
40.0,71.0,2.202918283434882
43.0,79.0,2.2062611567342683
29.0,52.0,0.9512485184235646
7.0,8.0,9.862133633356914
6.0,11.0,3.9359683247628157
7.0,7.0,1.5674831634141908
14.0,24.0,3.594251424611035
10.0,11.0,1.07069704674849
41.0,58.0,3.443354330124614
13.0,21.0,0.6725924979393733
6.0,8.0,0.26253794019726717
47.0,71.0,2.202918283434882
53.0,79.0,2.2062611567342683
39.0,52.0,0.9512485184235646
7.0,8.0,9.862133633356914
10.0,11.0,3.9359683247628157
6.0,7.0,1.5674831634141908
16.0,24.0,3.594251424611035
9.0,11.0,1.07069704674849
47.0,58.0,3.443354330124614
13.0,21.0,0.6725924979393733
8.0,8.0,0.26253794019726717
56.0,71.0,2.202918283434882
64.0,79.0,2.2062611567342683
39.0,52.0,0.9512485184235646
7.0,8.0,9.862133633356914
8.0,11.0,3.9359683247628157
7.0,7.0,1.5674831634141908
22.0,24.0,3.594251424611035
11.0,11.0,1.07069704674849
51.0,58.0,3.443354330124614
15.0,21.0,0.6725924979393733
7.0,8.0,0.26253794019726717
67.0,71.0,2.202918283434882
69.0,79.0,2.2062611567342683
45.0,52.0,0.9512485184235646
1.0,3.0,1.3938273099401053
1.0,10.0,5.580266462562916
0.0,12.0,3.3193517845296605
0.0,3.0,0.3323462223251068
4.0,15.0,2.1820443916202477
1.0,31.0,2.8222668478778177
3.0,18.0,1.1659688094600005
0.0,3.0,0.11281392218071298
2.0,11.0,0.6551378693738167
1.0,29.0,2.379368315736028
1.0,12.0,0.7309248408687751
1.0,3.0,1.3938273099401053
5.0,10.0,5.580266462562916
2.0,12.0,3.3193517845296605
1.0,3.0,0.3323462223251068
3.0,15.0,2.1820443916202477
5.0,31.0,2.8222668478778177
3.0,18.0,1.1659688094600005
3.0,3.0,0.11281392218071298
4.0,11.0,0.6551378693738167
6.0,29.0,2.379368315736028
0.0,12.0,0.7309248408687751
1.0,3.0,1.3938273099401053
4.0,10.0,5.580266462562916
3.0,12.0,3.3193517845296605
2.0,3.0,0.3323462223251068
2.0,15.0,2.1820443916202477
8.0,31.0,2.8222668478778177
7.0,18.0,1.1659688094600005
1.0,3.0,0.11281392218071298
5.0,11.0,0.6551378693738167
11.0,29.0,2.379368315736028
4.0,12.0,0.7309248408687751
1.0,3.0,1.3938273099401053
3.0,10.0,5.580266462562916
7.0,12.0,3.3193517845296605
3.0,3.0,0.3323462223251068
9.0,15.0,2.1820443916202477
13.0,31.0,2.8222668478778177
9.0,18.0,1.1659688094600005
2.0,3.0,0.11281392218071298
4.0,11.0,0.6551378693738167
15.0,29.0,2.379368315736028
7.0,12.0,0.7309248408687751
3.0,3.0,1.3938273099401053
3.0,10.0,5.580266462562916
6.0,12.0,3.3193517845296605
3.0,3.0,0.3323462223251068
7.0,15.0,2.1820443916202477
12.0,31.0,2.8222668478778177
11.0,18.0,1.1659688094600005
2.0,3.0,0.11281392218071298
8.0,11.0,0.6551378693738167
21.0,29.0,2.379368315736028
5.0,12.0,0.7309248408687751
2.0,3.0,1.3938273099401053
6.0,10.0,5.580266462562916
4.0,12.0,3.3193517845296605
3.0,3.0,0.3323462223251068
9.0,15.0,2.1820443916202477
18.0,31.0,2.8222668478778177
8.0,18.0,1.1659688094600005
3.0,3.0,0.11281392218071298
9.0,11.0,0.6551378693738167
20.0,29.0,2.379368315736028
6.0,12.0,0.7309248408687751
2.0,3.0,1.3938273099401053
4.0,10.0,5.580266462562916
7.0,12.0,3.3193517845296605
2.0,3.0,0.3323462223251068
9.0,15.0,2.1820443916202477
21.0,31.0,2.8222668478778177
12.0,18.0,1.1659688094600005
3.0,3.0,0.11281392218071298
9.0,11.0,0.6551378693738167
22.0,29.0,2.379368315736028
9.0,12.0,0.7309248408687751
2.0,3.0,1.3938273099401053
6.0,10.0,5.580266462562916
11.0,12.0,3.3193517845296605
3.0,3.0,0.3323462223251068
12.0,15.0,2.1820443916202477
25.0,31.0,2.8222668478778177
12.0,18.0,1.1659688094600005
2.0,3.0,0.11281392218071298
8.0,11.0,0.6551378693738167
24.0,29.0,2.379368315736028
11.0,12.0,0.7309248408687751
3.0,3.0,1.3938273099401053
8.0,10.0,5.580266462562916
8.0,12.0,3.3193517845296605
2.0,3.0,0.3323462223251068
14.0,15.0,2.1820443916202477
29.0,31.0,2.8222668478778177
18.0,18.0,1.1659688094600005
3.0,3.0,0.11281392218071298
10.0,11.0,0.6551378693738167
27.0,29.0,2.379368315736028
11.0,12.0,0.7309248408687751
2.0,3.0,8.491753395203947
0.0,4.0,2.5519405251286678
2.0,10.0,3.9726252259327444
1.0,2.0,0.3867997267144022
1.0,22.0,3.037183931465833
5.0,32.0,3.4062264278091217
2.0,11.0,0.6762045690395081
3.0,11.0,0.4748320606300451
1.0,19.0,1.882348763857955
7.0,44.0,2.770205689972234
9.0,50.0,1.4933785704434452
1.0,3.0,8.491753395203947
1.0,4.0,2.5519405251286678
1.0,10.0,3.9726252259327444
1.0,2.0,0.3867997267144022
5.0,22.0,3.037183931465833
9.0,32.0,3.4062264278091217
1.0,11.0,0.6762045690395081
1.0,11.0,0.4748320606300451
7.0,19.0,1.882348763857955
6.0,44.0,2.770205689972234
8.0,50.0,1.4933785704434452
1.0,3.0,8.491753395203947
0.0,4.0,2.5519405251286678
2.0,10.0,3.9726252259327444
1.0,2.0,0.3867997267144022
6.0,22.0,3.037183931465833
11.0,32.0,3.4062264278091217
1.0,11.0,0.6762045690395081
3.0,11.0,0.4748320606300451
6.0,19.0,1.882348763857955
9.0,44.0,2.770205689972234
10.0,50.0,1.4933785704434452
1.0,3.0,8.491753395203947
1.0,4.0,2.5519405251286678
6.0,10.0,3.9726252259327444
0.0,2.0,0.3867997267144022
7.0,22.0,3.037183931465833
13.0,32.0,3.4062264278091217
3.0,11.0,0.6762045690395081
5.0,11.0,0.4748320606300451
6.0,19.0,1.882348763857955
13.0,44.0,2.770205689972234
19.0,50.0,1.4933785704434452
2.0,3.0,8.491753395203947
3.0,4.0,2.5519405251286678
7.0,10.0,3.9726252259327444
2.0,2.0,0.3867997267144022
8.0,22.0,3.037183931465833
15.0,32.0,3.4062264278091217
7.0,11.0,0.6762045690395081
4.0,11.0,0.4748320606300451
10.0,19.0,1.882348763857955
22.0,44.0,2.770205689972234
28.0,50.0,1.4933785704434452
1.0,3.0,8.491753395203947
4.0,4.0,2.5519405251286678
7.0,10.0,3.9726252259327444
2.0,2.0,0.3867997267144022
13.0,22.0,3.037183931465833
20.0,32.0,3.4062264278091217
8.0,11.0,0.6762045690395081
7.0,11.0,0.4748320606300451
13.0,19.0,1.882348763857955
30.0,44.0,2.770205689972234
29.0,50.0,1.4933785704434452
2.0,3.0,8.491753395203947
4.0,4.0,2.5519405251286678
7.0,10.0,3.9726252259327444
2.0,2.0,0.3867997267144022
13.0,22.0,3.037183931465833
24.0,32.0,3.4062264278091217
9.0,11.0,0.6762045690395081
7.0,11.0,0.4748320606300451
15.0,19.0,1.882348763857955
31.0,44.0,2.770205689972234
35.0,50.0,1.4933785704434452
1.0,3.0,8.491753395203947
3.0,4.0,2.5519405251286678
8.0,10.0,3.9726252259327444
2.0,2.0,0.3867997267144022
17.0,22.0,3.037183931465833
30.0,32.0,3.4062264278091217
8.0,11.0,0.6762045690395081
8.0,11.0,0.4748320606300451
16.0,19.0,1.882348763857955
35.0,44.0,2.770205689972234
45.0,50.0,1.4933785704434452
3.0,3.0,8.491753395203947
4.0,4.0,2.5519405251286678
9.0,10.0,3.9726252259327444
2.0,2.0,0.3867997267144022
22.0,22.0,3.037183931465833
32.0,32.0,3.4062264278091217
9.0,11.0,0.6762045690395081
9.0,11.0,0.4748320606300451
18.0,19.0,1.882348763857955
41.0,44.0,2.770205689972234
44.0,50.0,1.4933785704434452
1.0,4.0,10.245474013503944
0.0,5.0,2.80778866318815
2.0,36.0,5.39890987734047
1.0,19.0,0.5912330745708034
9.0,35.0,2.200521820683958
3.0,37.0,1.169400616197561
4.0,38.0,1.2819251513866734
0.0,5.0,0.20204563765832678
0.0,12.0,0.33898091061840996
2.0,16.0,0.6978746677773069
1.0,15.0,1.5351326344427136
1.0,4.0,10.245474013503944
1.0,5.0,2.80778866318815
7.0,36.0,5.39890987734047
6.0,19.0,0.5912330745708034
7.0,35.0,2.200521820683958
11.0,37.0,1.169400616197561
8.0,38.0,1.2819251513866734
1.0,5.0,0.20204563765832678
2.0,12.0,0.33898091061840996
4.0,16.0,0.6978746677773069
1.0,15.0,1.5351326344427136
2.0,4.0,10.245474013503944
2.0,5.0,2.80778866318815
11.0,36.0,5.39890987734047
7.0,19.0,0.5912330745708034
8.0,35.0,2.200521820683958
7.0,37.0,1.169400616197561
9.0,38.0,1.2819251513866734
2.0,5.0,0.20204563765832678
3.0,12.0,0.33898091061840996
4.0,16.0,0.6978746677773069
4.0,15.0,1.5351326344427136
3.0,4.0,10.245474013503944
2.0,5.0,2.80778866318815
18.0,36.0,5.39890987734047
9.0,19.0,0.5912330745708034
14.0,35.0,2.200521820683958
16.0,37.0,1.169400616197561
13.0,38.0,1.2819251513866734
1.0,5.0,0.20204563765832678
1.0,12.0,0.33898091061840996
4.0,16.0,0.6978746677773069
6.0,15.0,1.5351326344427136
2.0,4.0,10.245474013503944
2.0,5.0,2.80778866318815
20.0,36.0,5.39890987734047
9.0,19.0,0.5912330745708034
21.0,35.0,2.200521820683958
19.0,37.0,1.169400616197561
21.0,38.0,1.2819251513866734
2.0,5.0,0.20204563765832678
7.0,12.0,0.33898091061840996
6.0,16.0,0.6978746677773069
10.0,15.0,1.5351326344427136
2.0,4.0,10.245474013503944
3.0,5.0,2.80778866318815
20.0,36.0,5.39890987734047
12.0,19.0,0.5912330745708034
20.0,35.0,2.200521820683958
20.0,37.0,1.169400616197561
23.0,38.0,1.2819251513866734
2.0,5.0,0.20204563765832678
8.0,12.0,0.33898091061840996
8.0,16.0,0.6978746677773069
10.0,15.0,1.5351326344427136
3.0,4.0,10.245474013503944
3.0,5.0,2.80778866318815
25.0,36.0,5.39890987734047
16.0,19.0,0.5912330745708034
26.0,35.0,2.200521820683958
21.0,37.0,1.169400616197561
20.0,38.0,1.2819251513866734
3.0,5.0,0.20204563765832678
8.0,12.0,0.33898091061840996
11.0,16.0,0.6978746677773069
11.0,15.0,1.5351326344427136
3.0,4.0,10.245474013503944
4.0,5.0,2.80778866318815
32.0,36.0,5.39890987734047
18.0,19.0,0.5912330745708034
30.0,35.0,2.200521820683958
34.0,37.0,1.169400616197561
29.0,38.0,1.2819251513866734
3.0,5.0,0.20204563765832678
10.0,12.0,0.33898091061840996
13.0,16.0,0.6978746677773069
9.0,15.0,1.5351326344427136
4.0,4.0,10.245474013503944
5.0,5.0,2.80778866318815
31.0,36.0,5.39890987734047
19.0,19.0,0.5912330745708034
33.0,35.0,2.200521820683958
35.0,37.0,1.169400616197561
33.0,38.0,1.2819251513866734
5.0,5.0,0.20204563765832678
8.0,12.0,0.33898091061840996
14.0,16.0,0.6978746677773069
12.0,15.0,1.5351326344427136
1.0,6.0,10.151692881627246
3.0,14.0,4.177209464850603
2.0,11.0,2.1119103402650157
13.0,93.0,7.199890511366833
4.0,36.0,1.070129998912574
1.0,24.0,0.620100736386825
0.0,5.0,0.16809638495857254
13.0,111.0,4.184062877173218
2.0,9.0,0.15223691606326717
5.0,80.0,1.5766610864999087
1.0,3.0,0.06275873186619269
1.0,6.0,10.151692881627246
4.0,14.0,4.177209464850603
3.0,11.0,2.1119103402650157
22.0,93.0,7.199890511366833
3.0,36.0,1.070129998912574
4.0,24.0,0.620100736386825
0.0,5.0,0.16809638495857254
14.0,111.0,4.184062877173218
2.0,9.0,0.15223691606326717
19.0,80.0,1.5766610864999087
1.0,3.0,0.06275873186619269
1.0,6.0,10.151692881627246
5.0,14.0,4.177209464850603
3.0,11.0,2.1119103402650157
27.0,93.0,7.199890511366833
6.0,36.0,1.070129998912574
8.0,24.0,0.620100736386825
2.0,5.0,0.16809638495857254
39.0,111.0,4.184062877173218
2.0,9.0,0.15223691606326717
26.0,80.0,1.5766610864999087
0.0,3.0,0.06275873186619269
2.0,6.0,10.151692881627246
3.0,14.0,4.177209464850603
6.0,11.0,2.1119103402650157
21.0,93.0,7.199890511366833
18.0,36.0,1.070129998912574
9.0,24.0,0.620100736386825
3.0,5.0,0.16809638495857254
41.0,111.0,4.184062877173218
4.0,9.0,0.15223691606326717
28.0,80.0,1.5766610864999087
0.0,3.0,0.06275873186619269
2.0,6.0,10.151692881627246
3.0,14.0,4.177209464850603
7.0,11.0,2.1119103402650157
56.0,93.0,7.199890511366833
22.0,36.0,1.070129998912574
16.0,24.0,0.620100736386825
3.0,5.0,0.16809638495857254
57.0,111.0,4.184062877173218
5.0,9.0,0.15223691606326717
41.0,80.0,1.5766610864999087
2.0,3.0,0.06275873186619269
3.0,6.0,10.151692881627246
9.0,14.0,4.177209464850603
6.0,11.0,2.1119103402650157
57.0,93.0,7.199890511366833
21.0,36.0,1.070129998912574
12.0,24.0,0.620100736386825
3.0,5.0,0.16809638495857254
69.0,111.0,4.184062877173218
5.0,9.0,0.15223691606326717
48.0,80.0,1.5766610864999087
1.0,3.0,0.06275873186619269
4.0,6.0,10.151692881627246
11.0,14.0,4.177209464850603
6.0,11.0,2.1119103402650157
68.0,93.0,7.199890511366833
28.0,36.0,1.070129998912574
12.0,24.0,0.620100736386825
3.0,5.0,0.16809638495857254
82.0,111.0,4.184062877173218
4.0,9.0,0.15223691606326717
61.0,80.0,1.5766610864999087
2.0,3.0,0.06275873186619269
6.0,6.0,10.151692881627246
13.0,14.0,4.177209464850603
9.0,11.0,2.1119103402650157
73.0,93.0,7.199890511366833
26.0,36.0,1.070129998912574
16.0,24.0,0.620100736386825
5.0,5.0,0.16809638495857254
89.0,111.0,4.184062877173218
9.0,9.0,0.15223691606326717
65.0,80.0,1.5766610864999087
2.0,3.0,0.06275873186619269
4.0,6.0,10.151692881627246
14.0,14.0,4.177209464850603
9.0,11.0,2.1119103402650157
84.0,93.0,7.199890511366833
33.0,36.0,1.070129998912574
20.0,24.0,0.620100736386825
5.0,5.0,0.16809638495857254
99.0,111.0,4.184062877173218
8.0,9.0,0.15223691606326717
72.0,80.0,1.5766610864999087
3.0,3.0,0.06275873186619269
1.0,4.0,2.2755225845256155
0.0,5.0,2.338790245486078
2.0,6.0,1.3236895501196253
1.0,27.0,4.848017046320655
4.0,45.0,3.391144770401554
2.0,45.0,1.4110047423526153
1.0,15.0,0.7903119203488315
4.0,78.0,1.8944910772643737
8.0,55.0,1.090164239729873
4.0,24.0,0.5503651295855363
2.0,40.0,0.6706560705489562
3.0,4.0,2.2755225845256155
0.0,5.0,2.338790245486078
1.0,6.0,1.3236895501196253
4.0,27.0,4.848017046320655
7.0,45.0,3.391144770401554
10.0,45.0,1.4110047423526153
8.0,15.0,0.7903119203488315
12.0,78.0,1.8944910772643737
11.0,55.0,1.090164239729873
3.0,24.0,0.5503651295855363
6.0,40.0,0.6706560705489562
1.0,4.0,2.2755225845256155
2.0,5.0,2.338790245486078
2.0,6.0,1.3236895501196253
11.0,27.0,4.848017046320655
10.0,45.0,3.391144770401554
14.0,45.0,1.4110047423526153
3.0,15.0,0.7903119203488315
29.0,78.0,1.8944910772643737
18.0,55.0,1.090164239729873
10.0,24.0,0.5503651295855363
12.0,40.0,0.6706560705489562
2.0,4.0,2.2755225845256155
2.0,5.0,2.338790245486078
1.0,6.0,1.3236895501196253
13.0,27.0,4.848017046320655
15.0,45.0,3.391144770401554
24.0,45.0,1.4110047423526153
7.0,15.0,0.7903119203488315
35.0,78.0,1.8944910772643737
23.0,55.0,1.090164239729873
9.0,24.0,0.5503651295855363
20.0,40.0,0.6706560705489562
2.0,4.0,2.2755225845256155
4.0,5.0,2.338790245486078
1.0,6.0,1.3236895501196253
16.0,27.0,4.848017046320655
24.0,45.0,3.391144770401554
27.0,45.0,1.4110047423526153
7.0,15.0,0.7903119203488315
39.0,78.0,1.8944910772643737
26.0,55.0,1.090164239729873
11.0,24.0,0.5503651295855363
18.0,40.0,0.6706560705489562
2.0,4.0,2.2755225845256155
3.0,5.0,2.338790245486078
6.0,6.0,1.3236895501196253
18.0,27.0,4.848017046320655
25.0,45.0,3.391144770401554
26.0,45.0,1.4110047423526153
10.0,15.0,0.7903119203488315
43.0,78.0,1.8944910772643737
31.0,55.0,1.090164239729873
17.0,24.0,0.5503651295855363
27.0,40.0,0.6706560705489562
4.0,4.0,2.2755225845256155
3.0,5.0,2.338790245486078
3.0,6.0,1.3236895501196253
16.0,27.0,4.848017046320655
28.0,45.0,3.391144770401554
31.0,45.0,1.4110047423526153
11.0,15.0,0.7903119203488315
54.0,78.0,1.8944910772643737
33.0,55.0,1.090164239729873
19.0,24.0,0.5503651295855363
33.0,40.0,0.6706560705489562
3.0,4.0,2.2755225845256155
5.0,5.0,2.338790245486078
2.0,6.0,1.3236895501196253
23.0,27.0,4.848017046320655
39.0,45.0,3.391144770401554
35.0,45.0,1.4110047423526153
13.0,15.0,0.7903119203488315
60.0,78.0,1.8944910772643737
46.0,55.0,1.090164239729873
17.0,24.0,0.5503651295855363
34.0,40.0,0.6706560705489562
4.0,4.0,2.2755225845256155
5.0,5.0,2.338790245486078
5.0,6.0,1.3236895501196253
24.0,27.0,4.848017046320655
42.0,45.0,3.391144770401554
45.0,45.0,1.4110047423526153
13.0,15.0,0.7903119203488315
65.0,78.0,1.8944910772643737
49.0,55.0,1.090164239729873
22.0,24.0,0.5503651295855363
38.0,40.0,0.6706560705489562
1.0,5.0,6.1263204547485826
1.0,6.0,2.7259991336175413
0.0,5.0,2.5504164235667743
2.0,7.0,1.9042683329425676
3.0,32.0,4.830617674978982
1.0,11.0,1.110967563315782
4.0,42.0,2.206951566716289
8.0,83.0,3.0607231200774567
10.0,79.0,1.8304621987921967
1.0,33.0,0.5357046568998468
3.0,17.0,0.3380381634095407
1.0,5.0,6.1263204547485826
0.0,6.0,2.7259991336175413
2.0,5.0,2.5504164235667743
1.0,7.0,1.9042683329425676
7.0,32.0,4.830617674978982
4.0,11.0,1.110967563315782
10.0,42.0,2.206951566716289
13.0,83.0,3.0607231200774567
20.0,79.0,1.8304621987921967
3.0,33.0,0.5357046568998468
0.0,17.0,0.3380381634095407
1.0,5.0,6.1263204547485826
5.0,6.0,2.7259991336175413
2.0,5.0,2.5504164235667743
3.0,7.0,1.9042683329425676
13.0,32.0,4.830617674978982
5.0,11.0,1.110967563315782
9.0,42.0,2.206951566716289
29.0,83.0,3.0607231200774567
21.0,79.0,1.8304621987921967
10.0,33.0,0.5357046568998468
7.0,17.0,0.3380381634095407
4.0,5.0,6.1263204547485826
4.0,6.0,2.7259991336175413
2.0,5.0,2.5504164235667743
3.0,7.0,1.9042683329425676
15.0,32.0,4.830617674978982
4.0,11.0,1.110967563315782
17.0,42.0,2.206951566716289
31.0,83.0,3.0607231200774567
33.0,79.0,1.8304621987921967
14.0,33.0,0.5357046568998468
8.0,17.0,0.3380381634095407
2.0,5.0,6.1263204547485826
5.0,6.0,2.7259991336175413
1.0,5.0,2.5504164235667743
3.0,7.0,1.9042683329425676
14.0,32.0,4.830617674978982
6.0,11.0,1.110967563315782
21.0,42.0,2.206951566716289
43.0,83.0,3.0607231200774567
35.0,79.0,1.8304621987921967
19.0,33.0,0.5357046568998468
7.0,17.0,0.3380381634095407
4.0,5.0,6.1263204547485826
5.0,6.0,2.7259991336175413
4.0,5.0,2.5504164235667743
3.0,7.0,1.9042683329425676
18.0,32.0,4.830617674978982
6.0,11.0,1.110967563315782
25.0,42.0,2.206951566716289
56.0,83.0,3.0607231200774567
42.0,79.0,1.8304621987921967
21.0,33.0,0.5357046568998468
12.0,17.0,0.3380381634095407
4.0,5.0,6.1263204547485826
6.0,6.0,2.7259991336175413
5.0,5.0,2.5504164235667743
7.0,7.0,1.9042683329425676
22.0,32.0,4.830617674978982
7.0,11.0,1.110967563315782
32.0,42.0,2.206951566716289
62.0,83.0,3.0607231200774567
57.0,79.0,1.8304621987921967
26.0,33.0,0.5357046568998468
11.0,17.0,0.3380381634095407
4.0,5.0,6.1263204547485826
4.0,6.0,2.7259991336175413
4.0,5.0,2.5504164235667743
6.0,7.0,1.9042683329425676
26.0,32.0,4.830617674978982
8.0,11.0,1.110967563315782
27.0,42.0,2.206951566716289
65.0,83.0,3.0607231200774567
62.0,79.0,1.8304621987921967
27.0,33.0,0.5357046568998468
12.0,17.0,0.3380381634095407
4.0,5.0,6.1263204547485826
6.0,6.0,2.7259991336175413
5.0,5.0,2.5504164235667743
7.0,7.0,1.9042683329425676
27.0,32.0,4.830617674978982
10.0,11.0,1.110967563315782
38.0,42.0,2.206951566716289
73.0,83.0,3.0607231200774567
70.0,79.0,1.8304621987921967
29.0,33.0,0.5357046568998468
15.0,17.0,0.3380381634095407
2.0,3.0,5.24883425278609
1.0,13.0,8.371288273529375
0.0,8.0,2.594891062448389
1.0,20.0,1.7525292355987725
2.0,17.0,1.2430009703322167
0.0,4.0,0.13851120765327288
3.0,22.0,2.2134129299443903
1.0,4.0,0.16713031167572634
6.0,92.0,5.489208538972748
2.0,24.0,0.6244065698035545
2.0,6.0,0.1526089369218204
1.0,3.0,5.24883425278609
4.0,13.0,8.371288273529375
2.0,8.0,2.594891062448389
3.0,20.0,1.7525292355987725
3.0,17.0,1.2430009703322167
1.0,4.0,0.13851120765327288
7.0,22.0,2.2134129299443903
0.0,4.0,0.16713031167572634
19.0,92.0,5.489208538972748
7.0,24.0,0.6244065698035545
2.0,6.0,0.1526089369218204
2.0,3.0,5.24883425278609
2.0,13.0,8.371288273529375
0.0,8.0,2.594891062448389
5.0,20.0,1.7525292355987725
9.0,17.0,1.2430009703322167
1.0,4.0,0.13851120765327288
6.0,22.0,2.2134129299443903
2.0,4.0,0.16713031167572634
27.0,92.0,5.489208538972748
4.0,24.0,0.6244065698035545
3.0,6.0,0.1526089369218204
1.0,3.0,5.24883425278609
3.0,13.0,8.371288273529375
5.0,8.0,2.594891062448389
10.0,20.0,1.7525292355987725
5.0,17.0,1.2430009703322167
1.0,4.0,0.13851120765327288
7.0,22.0,2.2134129299443903
2.0,4.0,0.16713031167572634
32.0,92.0,5.489208538972748
7.0,24.0,0.6244065698035545
3.0,6.0,0.1526089369218204
2.0,3.0,5.24883425278609
8.0,13.0,8.371288273529375
4.0,8.0,2.594891062448389
5.0,20.0,1.7525292355987725
7.0,17.0,1.2430009703322167
2.0,4.0,0.13851120765327288
13.0,22.0,2.2134129299443903
2.0,4.0,0.16713031167572634
44.0,92.0,5.489208538972748
14.0,24.0,0.6244065698035545
4.0,6.0,0.1526089369218204
2.0,3.0,5.24883425278609
7.0,13.0,8.371288273529375
2.0,8.0,2.594891062448389
10.0,20.0,1.7525292355987725
10.0,17.0,1.2430009703322167
2.0,4.0,0.13851120765327288
13.0,22.0,2.2134129299443903
3.0,4.0,0.16713031167572634
57.0,92.0,5.489208538972748
10.0,24.0,0.6244065698035545
3.0,6.0,0.1526089369218204
2.0,3.0,5.24883425278609
11.0,13.0,8.371288273529375
6.0,8.0,2.594891062448389
12.0,20.0,1.7525292355987725
11.0,17.0,1.2430009703322167
4.0,4.0,0.13851120765327288
19.0,22.0,2.2134129299443903
2.0,4.0,0.16713031167572634
71.0,92.0,5.489208538972748
17.0,24.0,0.6244065698035545
5.0,6.0,0.1526089369218204
3.0,3.0,5.24883425278609
9.0,13.0,8.371288273529375
8.0,8.0,2.594891062448389
17.0,20.0,1.7525292355987725
14.0,17.0,1.2430009703322167
3.0,4.0,0.13851120765327288
16.0,22.0,2.2134129299443903
4.0,4.0,0.16713031167572634
72.0,92.0,5.489208538972748
17.0,24.0,0.6244065698035545
6.0,6.0,0.1526089369218204
3.0,3.0,5.24883425278609
11.0,13.0,8.371288273529375
7.0,8.0,2.594891062448389
17.0,20.0,1.7525292355987725
16.0,17.0,1.2430009703322167
4.0,4.0,0.13851120765327288
20.0,22.0,2.2134129299443903
4.0,4.0,0.16713031167572634
77.0,92.0,5.489208538972748
23.0,24.0,0.6244065698035545
5.0,6.0,0.1526089369218204
1.0,4.0,7.001050823850549
0.0,2.0,1.4780640664264233
2.0,18.0,4.322957030595894
0.0,4.0,0.5211094247097002
1.0,10.0,1.2728195518336731
2.0,11.0,1.6128598879450884
4.0,21.0,2.173609784479757
1.0,8.0,0.29966392740243564
1.0,13.0,1.4804195397773048
3.0,41.0,2.993276058067221
1.0,8.0,0.17831780320448043
2.0,4.0,7.001050823850549
1.0,2.0,1.4780640664264233
3.0,18.0,4.322957030595894
0.0,4.0,0.5211094247097002
2.0,10.0,1.2728195518336731
3.0,11.0,1.6128598879450884
4.0,21.0,2.173609784479757
4.0,8.0,0.29966392740243564
6.0,13.0,1.4804195397773048
12.0,41.0,2.993276058067221
3.0,8.0,0.17831780320448043
1.0,4.0,7.001050823850549
0.0,2.0,1.4780640664264233
8.0,18.0,4.322957030595894
1.0,4.0,0.5211094247097002
1.0,10.0,1.2728195518336731
6.0,11.0,1.6128598879450884
7.0,21.0,2.173609784479757
3.0,8.0,0.29966392740243564
6.0,13.0,1.4804195397773048
15.0,41.0,2.993276058067221
3.0,8.0,0.17831780320448043
2.0,4.0,7.001050823850549
1.0,2.0,1.4780640664264233
7.0,18.0,4.322957030595894
1.0,4.0,0.5211094247097002
4.0,10.0,1.2728195518336731
1.0,11.0,1.6128598879450884
4.0,21.0,2.173609784479757
3.0,8.0,0.29966392740243564
5.0,13.0,1.4804195397773048
16.0,41.0,2.993276058067221
3.0,8.0,0.17831780320448043
3.0,4.0,7.001050823850549
1.0,2.0,1.4780640664264233
10.0,18.0,4.322957030595894
2.0,4.0,0.5211094247097002
3.0,10.0,1.2728195518336731
6.0,11.0,1.6128598879450884
11.0,21.0,2.173609784479757
5.0,8.0,0.29966392740243564
4.0,13.0,1.4804195397773048
19.0,41.0,2.993276058067221
4.0,8.0,0.17831780320448043
2.0,4.0,7.001050823850549
2.0,2.0,1.4780640664264233
9.0,18.0,4.322957030595894
2.0,4.0,0.5211094247097002
6.0,10.0,1.2728195518336731
5.0,11.0,1.6128598879450884
9.0,21.0,2.173609784479757
6.0,8.0,0.29966392740243564
10.0,13.0,1.4804195397773048
22.0,41.0,2.993276058067221
3.0,8.0,0.17831780320448043
3.0,4.0,7.001050823850549
1.0,2.0,1.4780640664264233
13.0,18.0,4.322957030595894
2.0,4.0,0.5211094247097002
9.0,10.0,1.2728195518336731
8.0,11.0,1.6128598879450884
17.0,21.0,2.173609784479757
4.0,8.0,0.29966392740243564
10.0,13.0,1.4804195397773048
20.0,41.0,2.993276058067221
6.0,8.0,0.17831780320448043
3.0,4.0,7.001050823850549
2.0,2.0,1.4780640664264233
17.0,18.0,4.322957030595894
3.0,4.0,0.5211094247097002
10.0,10.0,1.2728195518336731
8.0,11.0,1.6128598879450884
18.0,21.0,2.173609784479757
4.0,8.0,0.29966392740243564
9.0,13.0,1.4804195397773048
32.0,41.0,2.993276058067221
6.0,8.0,0.17831780320448043
4.0,4.0,7.001050823850549
2.0,2.0,1.4780640664264233
12.0,18.0,4.322957030595894
4.0,4.0,0.5211094247097002
9.0,10.0,1.2728195518336731
11.0,11.0,1.6128598879450884
20.0,21.0,2.173609784479757
7.0,8.0,0.29966392740243564
11.0,13.0,1.4804195397773048
38.0,41.0,2.993276058067221
8.0,8.0,0.17831780320448043
2.0,9.0,6.192104500069736
1.0,5.0,1.8079024190259285
0.0,6.0,1.2715703295494207
1.0,10.0,2.3778018952303945
1.0,5.0,1.00292858291865
4.0,34.0,4.488239367247096
1.0,6.0,0.22934860936785265
3.0,51.0,2.5812042532422517
4.0,61.0,2.5108113183400826
10.0,98.0,2.4275464441842556
3.0,32.0,0.6039313935372761
2.0,9.0,6.192104500069736
2.0,5.0,1.8079024190259285
2.0,6.0,1.2715703295494207
3.0,10.0,2.3778018952303945
0.0,5.0,1.00292858291865
7.0,34.0,4.488239367247096
1.0,6.0,0.22934860936785265
7.0,51.0,2.5812042532422517
5.0,61.0,2.5108113183400826
27.0,98.0,2.4275464441842556
6.0,32.0,0.6039313935372761
5.0,9.0,6.192104500069736
1.0,5.0,1.8079024190259285
2.0,6.0,1.2715703295494207
3.0,10.0,2.3778018952303945
0.0,5.0,1.00292858291865
12.0,34.0,4.488239367247096
5.0,6.0,0.22934860936785265
17.0,51.0,2.5812042532422517
16.0,61.0,2.5108113183400826
34.0,98.0,2.4275464441842556
11.0,32.0,0.6039313935372761
3.0,9.0,6.192104500069736
3.0,5.0,1.8079024190259285
4.0,6.0,1.2715703295494207
4.0,10.0,2.3778018952303945
3.0,5.0,1.00292858291865
17.0,34.0,4.488239367247096
3.0,6.0,0.22934860936785265
27.0,51.0,2.5812042532422517
26.0,61.0,2.5108113183400826
48.0,98.0,2.4275464441842556
12.0,32.0,0.6039313935372761
3.0,9.0,6.192104500069736
4.0,5.0,1.8079024190259285
2.0,6.0,1.2715703295494207
5.0,10.0,2.3778018952303945
1.0,5.0,1.00292858291865
11.0,34.0,4.488239367247096
1.0,6.0,0.22934860936785265
18.0,51.0,2.5812042532422517
32.0,61.0,2.5108113183400826
48.0,98.0,2.4275464441842556
17.0,32.0,0.6039313935372761
6.0,9.0,6.192104500069736
3.0,5.0,1.8079024190259285
4.0,6.0,1.2715703295494207
6.0,10.0,2.3778018952303945
4.0,5.0,1.00292858291865
19.0,34.0,4.488239367247096
2.0,6.0,0.22934860936785265
29.0,51.0,2.5812042532422517
41.0,61.0,2.5108113183400826
60.0,98.0,2.4275464441842556
22.0,32.0,0.6039313935372761
7.0,9.0,6.192104500069736
4.0,5.0,1.8079024190259285
4.0,6.0,1.2715703295494207
9.0,10.0,2.3778018952303945
1.0,5.0,1.00292858291865
18.0,34.0,4.488239367247096
3.0,6.0,0.22934860936785265
35.0,51.0,2.5812042532422517
40.0,61.0,2.5108113183400826
75.0,98.0,2.4275464441842556
23.0,32.0,0.6039313935372761
7.0,9.0,6.192104500069736
3.0,5.0,1.8079024190259285
5.0,6.0,1.2715703295494207
8.0,10.0,2.3778018952303945
4.0,5.0,1.00292858291865
28.0,34.0,4.488239367247096
6.0,6.0,0.22934860936785265
40.0,51.0,2.5812042532422517
51.0,61.0,2.5108113183400826
79.0,98.0,2.4275464441842556
26.0,32.0,0.6039313935372761
8.0,9.0,6.192104500069736
5.0,5.0,1.8079024190259285
6.0,6.0,1.2715703295494207
9.0,10.0,2.3778018952303945
5.0,5.0,1.00292858291865
29.0,34.0,4.488239367247096
6.0,6.0,0.22934860936785265
44.0,51.0,2.5812042532422517
51.0,61.0,2.5108113183400826
88.0,98.0,2.4275464441842556
26.0,32.0,0.6039313935372761
1.0,3.0,3.8699702947038066
0.0,16.0,10.39178617050728
1.0,8.0,1.5051390923856116
3.0,27.0,2.8604097334994765
0.0,5.0,0.4859883081911043
4.0,43.0,3.4012821291715145
1.0,24.0,1.1481014631255382
4.0,17.0,0.6197109641001204
6.0,54.0,1.907468043033529
5.0,39.0,1.5815962264579622
4.0,53.0,1.354647226694597
2.0,3.0,3.8699702947038066
4.0,16.0,10.39178617050728
2.0,8.0,1.5051390923856116
5.0,27.0,2.8604097334994765
1.0,5.0,0.4859883081911043
4.0,43.0,3.4012821291715145
4.0,24.0,1.1481014631255382
2.0,17.0,0.6197109641001204
9.0,54.0,1.907468043033529
11.0,39.0,1.5815962264579622
11.0,53.0,1.354647226694597
1.0,3.0,3.8699702947038066
4.0,16.0,10.39178617050728
3.0,8.0,1.5051390923856116
11.0,27.0,2.8604097334994765
3.0,5.0,0.4859883081911043
19.0,43.0,3.4012821291715145
7.0,24.0,1.1481014631255382
3.0,17.0,0.6197109641001204
16.0,54.0,1.907468043033529
13.0,39.0,1.5815962264579622
19.0,53.0,1.354647226694597
1.0,3.0,3.8699702947038066
6.0,16.0,10.39178617050728
4.0,8.0,1.5051390923856116
14.0,27.0,2.8604097334994765
3.0,5.0,0.4859883081911043
24.0,43.0,3.4012821291715145
9.0,24.0,1.1481014631255382
6.0,17.0,0.6197109641001204
15.0,54.0,1.907468043033529
14.0,39.0,1.5815962264579622
19.0,53.0,1.354647226694597
1.0,3.0,3.8699702947038066
7.0,16.0,10.39178617050728
4.0,8.0,1.5051390923856116
15.0,27.0,2.8604097334994765
2.0,5.0,0.4859883081911043
27.0,43.0,3.4012821291715145
11.0,24.0,1.1481014631255382
12.0,17.0,0.6197109641001204
34.0,54.0,1.907468043033529
23.0,39.0,1.5815962264579622
28.0,53.0,1.354647226694597
2.0,3.0,3.8699702947038066
12.0,16.0,10.39178617050728
5.0,8.0,1.5051390923856116
17.0,27.0,2.8604097334994765
4.0,5.0,0.4859883081911043
26.0,43.0,3.4012821291715145
13.0,24.0,1.1481014631255382
7.0,17.0,0.6197109641001204
33.0,54.0,1.907468043033529
24.0,39.0,1.5815962264579622
27.0,53.0,1.354647226694597
2.0,3.0,3.8699702947038066
11.0,16.0,10.39178617050728
5.0,8.0,1.5051390923856116
19.0,27.0,2.8604097334994765
3.0,5.0,0.4859883081911043
26.0,43.0,3.4012821291715145
15.0,24.0,1.1481014631255382
13.0,17.0,0.6197109641001204
37.0,54.0,1.907468043033529
31.0,39.0,1.5815962264579622
28.0,53.0,1.354647226694597
2.0,3.0,3.8699702947038066
16.0,16.0,10.39178617050728
7.0,8.0,1.5051390923856116
22.0,27.0,2.8604097334994765
3.0,5.0,0.4859883081911043
40.0,43.0,3.4012821291715145
16.0,24.0,1.1481014631255382
13.0,17.0,0.6197109641001204
44.0,54.0,1.907468043033529
29.0,39.0,1.5815962264579622
43.0,53.0,1.354647226694597
3.0,3.0,3.8699702947038066
13.0,16.0,10.39178617050728
8.0,8.0,1.5051390923856116
25.0,27.0,2.8604097334994765
5.0,5.0,0.4859883081911043
39.0,43.0,3.4012821291715145
23.0,24.0,1.1481014631255382
17.0,17.0,0.6197109641001204
51.0,54.0,1.907468043033529
33.0,39.0,1.5815962264579622
48.0,53.0,1.354647226694597
1.0,5.0,3.5679771738805353
1.0,7.0,4.286320547132663
0.0,5.0,1.3810870162124549
2.0,17.0,2.5030780297516704
1.0,21.0,2.9716935793020545
4.0,25.0,1.5906400876473954
4.0,44.0,2.2337675215794057
6.0,46.0,1.4531310267533784
0.0,9.0,0.2161382812075091
1.0,24.0,0.5743406506650783
3.0,24.0,1.2342317690780849
1.0,5.0,3.5679771738805353
2.0,7.0,4.286320547132663
2.0,5.0,1.3810870162124549
3.0,17.0,2.5030780297516704
6.0,21.0,2.9716935793020545
5.0,25.0,1.5906400876473954
9.0,44.0,2.2337675215794057
9.0,46.0,1.4531310267533784
2.0,9.0,0.2161382812075091
8.0,24.0,0.5743406506650783
6.0,24.0,1.2342317690780849
2.0,5.0,3.5679771738805353
1.0,7.0,4.286320547132663
1.0,5.0,1.3810870162124549
3.0,17.0,2.5030780297516704
2.0,21.0,2.9716935793020545
8.0,25.0,1.5906400876473954
10.0,44.0,2.2337675215794057
11.0,46.0,1.4531310267533784
2.0,9.0,0.2161382812075091
7.0,24.0,0.5743406506650783
9.0,24.0,1.2342317690780849
4.0,5.0,3.5679771738805353
2.0,7.0,4.286320547132663
2.0,5.0,1.3810870162124549
8.0,17.0,2.5030780297516704
7.0,21.0,2.9716935793020545
7.0,25.0,1.5906400876473954
17.0,44.0,2.2337675215794057
22.0,46.0,1.4531310267533784
4.0,9.0,0.2161382812075091
6.0,24.0,0.5743406506650783
11.0,24.0,1.2342317690780849
1.0,5.0,3.5679771738805353
3.0,7.0,4.286320547132663
3.0,5.0,1.3810870162124549
7.0,17.0,2.5030780297516704
9.0,21.0,2.9716935793020545
14.0,25.0,1.5906400876473954
21.0,44.0,2.2337675215794057
22.0,46.0,1.4531310267533784
6.0,9.0,0.2161382812075091
14.0,24.0,0.5743406506650783
11.0,24.0,1.2342317690780849
3.0,5.0,3.5679771738805353
6.0,7.0,4.286320547132663
1.0,5.0,1.3810870162124549
10.0,17.0,2.5030780297516704
13.0,21.0,2.9716935793020545
14.0,25.0,1.5906400876473954
25.0,44.0,2.2337675215794057
30.0,46.0,1.4531310267533784
3.0,9.0,0.2161382812075091
13.0,24.0,0.5743406506650783
17.0,24.0,1.2342317690780849
3.0,5.0,3.5679771738805353
6.0,7.0,4.286320547132663
4.0,5.0,1.3810870162124549
12.0,17.0,2.5030780297516704
11.0,21.0,2.9716935793020545
18.0,25.0,1.5906400876473954
24.0,44.0,2.2337675215794057
29.0,46.0,1.4531310267533784
9.0,9.0,0.2161382812075091
16.0,24.0,0.5743406506650783
20.0,24.0,1.2342317690780849
4.0,5.0,3.5679771738805353
6.0,7.0,4.286320547132663
3.0,5.0,1.3810870162124549
15.0,17.0,2.5030780297516704
16.0,21.0,2.9716935793020545
20.0,25.0,1.5906400876473954
40.0,44.0,2.2337675215794057
36.0,46.0,1.4531310267533784
9.0,9.0,0.2161382812075091
19.0,24.0,0.5743406506650783
20.0,24.0,1.2342317690780849
4.0,5.0,3.5679771738805353
6.0,7.0,4.286320547132663
5.0,5.0,1.3810870162124549
15.0,17.0,2.5030780297516704
19.0,21.0,2.9716935793020545
23.0,25.0,1.5906400876473954
36.0,44.0,2.2337675215794057
42.0,46.0,1.4531310267533784
8.0,9.0,0.2161382812075091
24.0,24.0,0.5743406506650783
20.0,24.0,1.2342317690780849
1.0,5.0,3.997749495089461
1.0,10.0,4.5383274392942194
1.0,2.0,0.8586933298331332
2.0,19.0,3.5057368039552417
0.0,3.0,0.7182026470094551
3.0,15.0,1.5319263206127802
1.0,14.0,1.4668299975134895
1.0,23.0,2.0085337223242736
5.0,56.0,3.5758230459180016
3.0,21.0,0.6707515935081042
4.0,48.0,2.0079718098512953
1.0,5.0,3.997749495089461
2.0,10.0,4.5383274392942194
1.0,2.0,0.8586933298331332
3.0,19.0,3.5057368039552417
1.0,3.0,0.7182026470094551
4.0,15.0,1.5319263206127802
8.0,14.0,1.4668299975134895
4.0,23.0,2.0085337223242736
14.0,56.0,3.5758230459180016
5.0,21.0,0.6707515935081042
7.0,48.0,2.0079718098512953
1.0,5.0,3.997749495089461
3.0,10.0,4.5383274392942194
0.0,2.0,0.8586933298331332
7.0,19.0,3.5057368039552417
1.0,3.0,0.7182026470094551
5.0,15.0,1.5319263206127802
4.0,14.0,1.4668299975134895
7.0,23.0,2.0085337223242736
14.0,56.0,3.5758230459180016
6.0,21.0,0.6707515935081042
17.0,48.0,2.0079718098512953
1.0,5.0,3.997749495089461
2.0,10.0,4.5383274392942194
1.0,2.0,0.8586933298331332
7.0,19.0,3.5057368039552417
0.0,3.0,0.7182026470094551
8.0,15.0,1.5319263206127802
8.0,14.0,1.4668299975134895
7.0,23.0,2.0085337223242736
19.0,56.0,3.5758230459180016
8.0,21.0,0.6707515935081042
20.0,48.0,2.0079718098512953
1.0,5.0,3.997749495089461
4.0,10.0,4.5383274392942194
1.0,2.0,0.8586933298331332
11.0,19.0,3.5057368039552417
1.0,3.0,0.7182026470094551
5.0,15.0,1.5319263206127802
6.0,14.0,1.4668299975134895
11.0,23.0,2.0085337223242736
25.0,56.0,3.5758230459180016
8.0,21.0,0.6707515935081042
27.0,48.0,2.0079718098512953
4.0,5.0,3.997749495089461
5.0,10.0,4.5383274392942194
2.0,2.0,0.8586933298331332
13.0,19.0,3.5057368039552417
3.0,3.0,0.7182026470094551
10.0,15.0,1.5319263206127802
7.0,14.0,1.4668299975134895
15.0,23.0,2.0085337223242736
34.0,56.0,3.5758230459180016
13.0,21.0,0.6707515935081042
25.0,48.0,2.0079718098512953
4.0,5.0,3.997749495089461
7.0,10.0,4.5383274392942194
2.0,2.0,0.8586933298331332
12.0,19.0,3.5057368039552417
3.0,3.0,0.7182026470094551
11.0,15.0,1.5319263206127802
12.0,14.0,1.4668299975134895
15.0,23.0,2.0085337223242736
42.0,56.0,3.5758230459180016
14.0,21.0,0.6707515935081042
33.0,48.0,2.0079718098512953
4.0,5.0,3.997749495089461
8.0,10.0,4.5383274392942194
2.0,2.0,0.8586933298331332
17.0,19.0,3.5057368039552417
3.0,3.0,0.7182026470094551
10.0,15.0,1.5319263206127802
11.0,14.0,1.4668299975134895
18.0,23.0,2.0085337223242736
43.0,56.0,3.5758230459180016
18.0,21.0,0.6707515935081042
38.0,48.0,2.0079718098512953
4.0,5.0,3.997749495089461
9.0,10.0,4.5383274392942194
2.0,2.0,0.8586933298331332
18.0,19.0,3.5057368039552417
3.0,3.0,0.7182026470094551
14.0,15.0,1.5319263206127802
14.0,14.0,1.4668299975134895
20.0,23.0,2.0085337223242736
52.0,56.0,3.5758230459180016
20.0,21.0,0.6707515935081042
47.0,48.0,2.0079718098512953
1.0,2.0,8.12718429551314
1.0,8.0,3.659125738907048
0.0,4.0,1.880821645635374
4.0,31.0,4.9753778446266965
1.0,14.0,1.3253124156597635
1.0,8.0,0.6912776953807804
1.0,25.0,1.8452381934495965
6.0,54.0,3.175354424158202
6.0,97.0,3.122937934493867
3.0,42.0,0.6861970353023757
5.0,36.0,0.5396341837095863
1.0,2.0,8.12718429551314
1.0,8.0,3.659125738907048
0.0,4.0,1.880821645635374
9.0,31.0,4.9753778446266965
2.0,14.0,1.3253124156597635
2.0,8.0,0.6912776953807804
4.0,25.0,1.8452381934495965
14.0,54.0,3.175354424158202
22.0,97.0,3.122937934493867
6.0,42.0,0.6861970353023757
11.0,36.0,0.5396341837095863
1.0,2.0,8.12718429551314
4.0,8.0,3.659125738907048
0.0,4.0,1.880821645635374
7.0,31.0,4.9753778446266965
6.0,14.0,1.3253124156597635
2.0,8.0,0.6912776953807804
11.0,25.0,1.8452381934495965
22.0,54.0,3.175354424158202
30.0,97.0,3.122937934493867
9.0,42.0,0.6861970353023757
10.0,36.0,0.5396341837095863
1.0,2.0,8.12718429551314
5.0,8.0,3.659125738907048
2.0,4.0,1.880821645635374
9.0,31.0,4.9753778446266965
6.0,14.0,1.3253124156597635
3.0,8.0,0.6912776953807804
8.0,25.0,1.8452381934495965
26.0,54.0,3.175354424158202
37.0,97.0,3.122937934493867
21.0,42.0,0.6861970353023757
9.0,36.0,0.5396341837095863
2.0,2.0,8.12718429551314
2.0,8.0,3.659125738907048
3.0,4.0,1.880821645635374
21.0,31.0,4.9753778446266965
6.0,14.0,1.3253124156597635
5.0,8.0,0.6912776953807804
13.0,25.0,1.8452381934495965
21.0,54.0,3.175354424158202
52.0,97.0,3.122937934493867
18.0,42.0,0.6861970353023757
15.0,36.0,0.5396341837095863
2.0,2.0,8.12718429551314
6.0,8.0,3.659125738907048
1.0,4.0,1.880821645635374
18.0,31.0,4.9753778446266965
9.0,14.0,1.3253124156597635
5.0,8.0,0.6912776953807804
21.0,25.0,1.8452381934495965
25.0,54.0,3.175354424158202
61.0,97.0,3.122937934493867
25.0,42.0,0.6861970353023757
16.0,36.0,0.5396341837095863
2.0,2.0,8.12718429551314
5.0,8.0,3.659125738907048
3.0,4.0,1.880821645635374
26.0,31.0,4.9753778446266965
11.0,14.0,1.3253124156597635
7.0,8.0,0.6912776953807804
18.0,25.0,1.8452381934495965
39.0,54.0,3.175354424158202
74.0,97.0,3.122937934493867
29.0,42.0,0.6861970353023757
25.0,36.0,0.5396341837095863
2.0,2.0,8.12718429551314
6.0,8.0,3.659125738907048
4.0,4.0,1.880821645635374
25.0,31.0,4.9753778446266965
10.0,14.0,1.3253124156597635
7.0,8.0,0.6912776953807804
22.0,25.0,1.8452381934495965
47.0,54.0,3.175354424158202
78.0,97.0,3.122937934493867
29.0,42.0,0.6861970353023757
33.0,36.0,0.5396341837095863
1.0,2.0,8.12718429551314
8.0,8.0,3.659125738907048
4.0,4.0,1.880821645635374
27.0,31.0,4.9753778446266965
14.0,14.0,1.3253124156597635
7.0,8.0,0.6912776953807804
22.0,25.0,1.8452381934495965
46.0,54.0,3.175354424158202
85.0,97.0,3.122937934493867
38.0,42.0,0.6861970353023757
32.0,36.0,0.5396341837095863
1.0,3.0,2.091001835833066
0.0,3.0,1.0642695335272827
0.0,13.0,3.910332052020651
2.0,22.0,3.7900820852071195
1.0,24.0,2.084018171551258
2.0,39.0,1.9603850962954343
1.0,9.0,0.42986239109929514
2.0,27.0,1.299624882101521
3.0,17.0,0.4921288968801349
1.0,19.0,0.8991047889510332
0.0,6.0,0.3608101580529327
1.0,3.0,2.091001835833066
2.0,3.0,1.0642695335272827
2.0,13.0,3.910332052020651
4.0,22.0,3.7900820852071195
5.0,24.0,2.084018171551258
5.0,39.0,1.9603850962954343
3.0,9.0,0.42986239109929514
5.0,27.0,1.299624882101521
4.0,17.0,0.4921288968801349
4.0,19.0,0.8991047889510332
1.0,6.0,0.3608101580529327
1.0,3.0,2.091001835833066
2.0,3.0,1.0642695335272827
4.0,13.0,3.910332052020651
6.0,22.0,3.7900820852071195
4.0,24.0,2.084018171551258
10.0,39.0,1.9603850962954343
3.0,9.0,0.42986239109929514
6.0,27.0,1.299624882101521
5.0,17.0,0.4921288968801349
4.0,19.0,0.8991047889510332
2.0,6.0,0.3608101580529327
1.0,3.0,2.091001835833066
2.0,3.0,1.0642695335272827
7.0,13.0,3.910332052020651
12.0,22.0,3.7900820852071195
7.0,24.0,2.084018171551258
17.0,39.0,1.9603850962954343
1.0,9.0,0.42986239109929514
7.0,27.0,1.299624882101521
2.0,17.0,0.4921288968801349
7.0,19.0,0.8991047889510332
2.0,6.0,0.3608101580529327
2.0,3.0,2.091001835833066
2.0,3.0,1.0642695335272827
6.0,13.0,3.910332052020651
11.0,22.0,3.7900820852071195
14.0,24.0,2.084018171551258
17.0,39.0,1.9603850962954343
5.0,9.0,0.42986239109929514
11.0,27.0,1.299624882101521
7.0,17.0,0.4921288968801349
7.0,19.0,0.8991047889510332
4.0,6.0,0.3608101580529327
1.0,3.0,2.091001835833066
1.0,3.0,1.0642695335272827
9.0,13.0,3.910332052020651
17.0,22.0,3.7900820852071195
12.0,24.0,2.084018171551258
21.0,39.0,1.9603850962954343
7.0,9.0,0.42986239109929514
16.0,27.0,1.299624882101521
9.0,17.0,0.4921288968801349
12.0,19.0,0.8991047889510332
3.0,6.0,0.3608101580529327
3.0,3.0,2.091001835833066
3.0,3.0,1.0642695335272827
8.0,13.0,3.910332052020651
15.0,22.0,3.7900820852071195
19.0,24.0,2.084018171551258
26.0,39.0,1.9603850962954343
7.0,9.0,0.42986239109929514
20.0,27.0,1.299624882101521
14.0,17.0,0.4921288968801349
12.0,19.0,0.8991047889510332
5.0,6.0,0.3608101580529327
2.0,3.0,2.091001835833066
2.0,3.0,1.0642695335272827
10.0,13.0,3.910332052020651
16.0,22.0,3.7900820852071195
14.0,24.0,2.084018171551258
28.0,39.0,1.9603850962954343
7.0,9.0,0.42986239109929514
19.0,27.0,1.299624882101521
13.0,17.0,0.4921288968801349
14.0,19.0,0.8991047889510332
4.0,6.0,0.3608101580529327
2.0,3.0,2.091001835833066
3.0,3.0,1.0642695335272827
12.0,13.0,3.910332052020651
21.0,22.0,3.7900820852071195
22.0,24.0,2.084018171551258
34.0,39.0,1.9603850962954343
7.0,9.0,0.42986239109929514
23.0,27.0,1.299624882101521
16.0,17.0,0.4921288968801349
15.0,19.0,0.8991047889510332
6.0,6.0,0.3608101580529327
1.0,2.0,2.6846183709765836
0.0,4.0,5.529005895294525
0.0,3.0,1.4566798413766073
1.0,14.0,3.531430283095399
4.0,32.0,3.7997980406802414
8.0,78.0,4.184463971501022
6.0,66.0,1.6714164173057857
2.0,11.0,0.2723712906281066
3.0,42.0,0.90499856667616
10.0,99.0,2.0598591526572005
7.0,33.0,0.6254534743126701
1.0,2.0,2.6846183709765836
0.0,4.0,5.529005895294525
1.0,3.0,1.4566798413766073
3.0,14.0,3.531430283095399
5.0,32.0,3.7997980406802414
14.0,78.0,4.184463971501022
16.0,66.0,1.6714164173057857
1.0,11.0,0.2723712906281066
8.0,42.0,0.90499856667616
18.0,99.0,2.0598591526572005
6.0,33.0,0.6254534743126701
1.0,2.0,2.6846183709765836
1.0,4.0,5.529005895294525
2.0,3.0,1.4566798413766073
3.0,14.0,3.531430283095399
9.0,32.0,3.7997980406802414
31.0,78.0,4.184463971501022
16.0,66.0,1.6714164173057857
4.0,11.0,0.2723712906281066
15.0,42.0,0.90499856667616
25.0,99.0,2.0598591526572005
11.0,33.0,0.6254534743126701
2.0,2.0,2.6846183709765836
0.0,4.0,5.529005895294525
1.0,3.0,1.4566798413766073
5.0,14.0,3.531430283095399
9.0,32.0,3.7997980406802414
29.0,78.0,4.184463971501022
29.0,66.0,1.6714164173057857
6.0,11.0,0.2723712906281066
17.0,42.0,0.90499856667616
34.0,99.0,2.0598591526572005
13.0,33.0,0.6254534743126701
1.0,2.0,2.6846183709765836
2.0,4.0,5.529005895294525
1.0,3.0,1.4566798413766073
8.0,14.0,3.531430283095399
16.0,32.0,3.7997980406802414
44.0,78.0,4.184463971501022
38.0,66.0,1.6714164173057857
6.0,11.0,0.2723712906281066
19.0,42.0,0.90499856667616
50.0,99.0,2.0598591526572005
11.0,33.0,0.6254534743126701
2.0,2.0,2.6846183709765836
3.0,4.0,5.529005895294525
3.0,3.0,1.4566798413766073
9.0,14.0,3.531430283095399
14.0,32.0,3.7997980406802414
55.0,78.0,4.184463971501022
42.0,66.0,1.6714164173057857
8.0,11.0,0.2723712906281066
30.0,42.0,0.90499856667616
50.0,99.0,2.0598591526572005
20.0,33.0,0.6254534743126701
2.0,2.0,2.6846183709765836
3.0,4.0,5.529005895294525
1.0,3.0,1.4566798413766073
10.0,14.0,3.531430283095399
21.0,32.0,3.7997980406802414
50.0,78.0,4.184463971501022
40.0,66.0,1.6714164173057857
11.0,11.0,0.2723712906281066
27.0,42.0,0.90499856667616
63.0,99.0,2.0598591526572005
24.0,33.0,0.6254534743126701
1.0,2.0,2.6846183709765836
2.0,4.0,5.529005895294525
3.0,3.0,1.4566798413766073
12.0,14.0,3.531430283095399
27.0,32.0,3.7997980406802414
57.0,78.0,4.184463971501022
56.0,66.0,1.6714164173057857
6.0,11.0,0.2723712906281066
32.0,42.0,0.90499856667616
83.0,99.0,2.0598591526572005
26.0,33.0,0.6254534743126701
1.0,2.0,2.6846183709765836
4.0,4.0,5.529005895294525
3.0,3.0,1.4566798413766073
13.0,14.0,3.531430283095399
26.0,32.0,3.7997980406802414
70.0,78.0,4.184463971501022
61.0,66.0,1.6714164173057857
10.0,11.0,0.2723712906281066
38.0,42.0,0.90499856667616
90.0,99.0,2.0598591526572005
29.0,33.0,0.6254534743126701
1.0,4.0,8.560677550518824
0.0,2.0,0.436256908782525
1.0,9.0,5.485358746940992
0.0,9.0,2.1048192771277856
6.0,31.0,4.834140878693713
2.0,9.0,0.6352643771786257
4.0,38.0,1.6201848169554312
5.0,46.0,1.8933001969887986
2.0,35.0,1.122915125869528
9.0,106.0,2.5641984619394784
1.0,27.0,0.6001137859642264
1.0,4.0,8.560677550518824
1.0,2.0,0.436256908782525
1.0,9.0,5.485358746940992
3.0,9.0,2.1048192771277856
7.0,31.0,4.834140878693713
2.0,9.0,0.6352643771786257
5.0,38.0,1.6201848169554312
11.0,46.0,1.8933001969887986
6.0,35.0,1.122915125869528
20.0,106.0,2.5641984619394784
5.0,27.0,0.6001137859642264
3.0,4.0,8.560677550518824
1.0,2.0,0.436256908782525
2.0,9.0,5.485358746940992
3.0,9.0,2.1048192771277856
12.0,31.0,4.834140878693713
4.0,9.0,0.6352643771786257
15.0,38.0,1.6201848169554312
13.0,46.0,1.8933001969887986
12.0,35.0,1.122915125869528
38.0,106.0,2.5641984619394784
6.0,27.0,0.6001137859642264
3.0,4.0,8.560677550518824
0.0,2.0,0.436256908782525
3.0,9.0,5.485358746940992
3.0,9.0,2.1048192771277856
9.0,31.0,4.834140878693713
4.0,9.0,0.6352643771786257
15.0,38.0,1.6201848169554312
24.0,46.0,1.8933001969887986
14.0,35.0,1.122915125869528
48.0,106.0,2.5641984619394784
9.0,27.0,0.6001137859642264
2.0,4.0,8.560677550518824
1.0,2.0,0.436256908782525
6.0,9.0,5.485358746940992
2.0,9.0,2.1048192771277856
13.0,31.0,4.834140878693713
3.0,9.0,0.6352643771786257
14.0,38.0,1.6201848169554312
22.0,46.0,1.8933001969887986
18.0,35.0,1.122915125869528
50.0,106.0,2.5641984619394784
12.0,27.0,0.6001137859642264
2.0,4.0,8.560677550518824
2.0,2.0,0.436256908782525
7.0,9.0,5.485358746940992
5.0,9.0,2.1048192771277856
16.0,31.0,4.834140878693713
6.0,9.0,0.6352643771786257
25.0,38.0,1.6201848169554312
28.0,46.0,1.8933001969887986
19.0,35.0,1.122915125869528
62.0,106.0,2.5641984619394784
16.0,27.0,0.6001137859642264
4.0,4.0,8.560677550518824
1.0,2.0,0.436256908782525
5.0,9.0,5.485358746940992
9.0,9.0,2.1048192771277856
18.0,31.0,4.834140878693713
7.0,9.0,0.6352643771786257
31.0,38.0,1.6201848169554312
29.0,46.0,1.8933001969887986
19.0,35.0,1.122915125869528
76.0,106.0,2.5641984619394784
18.0,27.0,0.6001137859642264
4.0,4.0,8.560677550518824
1.0,2.0,0.436256908782525
7.0,9.0,5.485358746940992
6.0,9.0,2.1048192771277856
26.0,31.0,4.834140878693713
8.0,9.0,0.6352643771786257
31.0,38.0,1.6201848169554312
41.0,46.0,1.8933001969887986
25.0,35.0,1.122915125869528
95.0,106.0,2.5641984619394784
25.0,27.0,0.6001137859642264
4.0,4.0,8.560677550518824
2.0,2.0,0.436256908782525
9.0,9.0,5.485358746940992
8.0,9.0,2.1048192771277856
29.0,31.0,4.834140878693713
7.0,9.0,0.6352643771786257
33.0,38.0,1.6201848169554312
41.0,46.0,1.8933001969887986
30.0,35.0,1.122915125869528
99.0,106.0,2.5641984619394784
24.0,27.0,0.6001137859642264
1.0,4.0,2.3688836632955272
1.0,3.0,2.6737189864306434
0.0,1.0,0.6729921706123133
2.0,14.0,5.479403518425795
1.0,16.0,2.7573660347154503
1.0,6.0,0.6683156457384897
1.0,12.0,0.6639290082996441
4.0,40.0,3.176582161941244
3.0,43.0,1.6982431689139779
8.0,83.0,2.2803381501134496
6.0,50.0,0.7819961161804861
1.0,4.0,2.3688836632955272
2.0,3.0,2.6737189864306434
0.0,1.0,0.6729921706123133
4.0,14.0,5.479403518425795
1.0,16.0,2.7573660347154503
1.0,6.0,0.6683156457384897
4.0,12.0,0.6639290082996441
7.0,40.0,3.176582161941244
5.0,43.0,1.6982431689139779
19.0,83.0,2.2803381501134496
10.0,50.0,0.7819961161804861
1.0,4.0,2.3688836632955272
2.0,3.0,2.6737189864306434
1.0,1.0,0.6729921706123133
4.0,14.0,5.479403518425795
9.0,16.0,2.7573660347154503
3.0,6.0,0.6683156457384897
4.0,12.0,0.6639290082996441
12.0,40.0,3.176582161941244
6.0,43.0,1.6982431689139779
20.0,83.0,2.2803381501134496
14.0,50.0,0.7819961161804861
3.0,4.0,2.3688836632955272
1.0,3.0,2.6737189864306434
1.0,1.0,0.6729921706123133
3.0,14.0,5.479403518425795
6.0,16.0,2.7573660347154503
4.0,6.0,0.6683156457384897
5.0,12.0,0.6639290082996441
12.0,40.0,3.176582161941244
20.0,43.0,1.6982431689139779
22.0,83.0,2.2803381501134496
22.0,50.0,0.7819961161804861
4.0,4.0,2.3688836632955272
1.0,3.0,2.6737189864306434
1.0,1.0,0.6729921706123133
5.0,14.0,5.479403518425795
10.0,16.0,2.7573660347154503
2.0,6.0,0.6683156457384897
4.0,12.0,0.6639290082996441
13.0,40.0,3.176582161941244
22.0,43.0,1.6982431689139779
41.0,83.0,2.2803381501134496
23.0,50.0,0.7819961161804861
4.0,4.0,2.3688836632955272
1.0,3.0,2.6737189864306434
1.0,1.0,0.6729921706123133
10.0,14.0,5.479403518425795
10.0,16.0,2.7573660347154503
3.0,6.0,0.6683156457384897
7.0,12.0,0.6639290082996441
21.0,40.0,3.176582161941244
23.0,43.0,1.6982431689139779
52.0,83.0,2.2803381501134496
32.0,50.0,0.7819961161804861
4.0,4.0,2.3688836632955272
3.0,3.0,2.6737189864306434
1.0,1.0,0.6729921706123133
11.0,14.0,5.479403518425795
13.0,16.0,2.7573660347154503
5.0,6.0,0.6683156457384897
10.0,12.0,0.6639290082996441
32.0,40.0,3.176582161941244
29.0,43.0,1.6982431689139779
61.0,83.0,2.2803381501134496
32.0,50.0,0.7819961161804861
3.0,4.0,2.3688836632955272
3.0,3.0,2.6737189864306434
1.0,1.0,0.6729921706123133
12.0,14.0,5.479403518425795
13.0,16.0,2.7573660347154503
3.0,6.0,0.6683156457384897
7.0,12.0,0.6639290082996441
30.0,40.0,3.176582161941244
35.0,43.0,1.6982431689139779
68.0,83.0,2.2803381501134496
39.0,50.0,0.7819961161804861
3.0,4.0,2.3688836632955272
3.0,3.0,2.6737189864306434
1.0,1.0,0.6729921706123133
12.0,14.0,5.479403518425795
11.0,16.0,2.7573660347154503
4.0,6.0,0.6683156457384897
10.0,12.0,0.6639290082996441
34.0,40.0,3.176582161941244
35.0,43.0,1.6982431689139779
74.0,83.0,2.2803381501134496
43.0,50.0,0.7819961161804861
1.0,5.0,12.216287639539514
1.0,16.0,8.464201086299667
0.0,1.0,0.24666237542379577
4.0,16.0,2.4630158707074363
5.0,13.0,1.3912541599666362
4.0,28.0,2.2432818183206966
7.0,91.0,4.866923933363094
2.0,54.0,1.4126502212765923
2.0,33.0,0.6275217783361939
4.0,48.0,1.186936735791237
1.0,12.0,0.1906447041434607
1.0,5.0,12.216287639539514
2.0,16.0,8.464201086299667
1.0,1.0,0.24666237542379577
3.0,16.0,2.4630158707074363
4.0,13.0,1.3912541599666362
7.0,28.0,2.2432818183206966
20.0,91.0,4.866923933363094
8.0,54.0,1.4126502212765923
4.0,33.0,0.6275217783361939
9.0,48.0,1.186936735791237
1.0,12.0,0.1906447041434607
3.0,5.0,12.216287639539514
3.0,16.0,8.464201086299667
1.0,1.0,0.24666237542379577
4.0,16.0,2.4630158707074363
3.0,13.0,1.3912541599666362
7.0,28.0,2.2432818183206966
30.0,91.0,4.866923933363094
14.0,54.0,1.4126502212765923
8.0,33.0,0.6275217783361939
12.0,48.0,1.186936735791237
4.0,12.0,0.1906447041434607
1.0,5.0,12.216287639539514
8.0,16.0,8.464201086299667
1.0,1.0,0.24666237542379577
4.0,16.0,2.4630158707074363
8.0,13.0,1.3912541599666362
13.0,28.0,2.2432818183206966
31.0,91.0,4.866923933363094
23.0,54.0,1.4126502212765923
9.0,33.0,0.6275217783361939
14.0,48.0,1.186936735791237
6.0,12.0,0.1906447041434607
1.0,5.0,12.216287639539514
6.0,16.0,8.464201086299667
1.0,1.0,0.24666237542379577
7.0,16.0,2.4630158707074363
7.0,13.0,1.3912541599666362
15.0,28.0,2.2432818183206966
42.0,91.0,4.866923933363094
31.0,54.0,1.4126502212765923
18.0,33.0,0.6275217783361939
25.0,48.0,1.186936735791237
7.0,12.0,0.1906447041434607
3.0,5.0,12.216287639539514
11.0,16.0,8.464201086299667
1.0,1.0,0.24666237542379577
8.0,16.0,2.4630158707074363
9.0,13.0,1.3912541599666362
12.0,28.0,2.2432818183206966
51.0,91.0,4.866923933363094
28.0,54.0,1.4126502212765923
20.0,33.0,0.6275217783361939
30.0,48.0,1.186936735791237
6.0,12.0,0.1906447041434607
4.0,5.0,12.216287639539514
11.0,16.0,8.464201086299667
1.0,1.0,0.24666237542379577
9.0,16.0,2.4630158707074363
9.0,13.0,1.3912541599666362
23.0,28.0,2.2432818183206966
70.0,91.0,4.866923933363094
39.0,54.0,1.4126502212765923
21.0,33.0,0.6275217783361939
31.0,48.0,1.186936735791237
4.0,12.0,0.1906447041434607
5.0,5.0,12.216287639539514
13.0,16.0,8.464201086299667
1.0,1.0,0.24666237542379577
11.0,16.0,2.4630158707074363
12.0,13.0,1.3912541599666362
23.0,28.0,2.2432818183206966
81.0,91.0,4.866923933363094
42.0,54.0,1.4126502212765923
26.0,33.0,0.6275217783361939
40.0,48.0,1.186936735791237
11.0,12.0,0.1906447041434607
4.0,5.0,12.216287639539514
16.0,16.0,8.464201086299667
1.0,1.0,0.24666237542379577
11.0,16.0,2.4630158707074363
11.0,13.0,1.3912541599666362
26.0,28.0,2.2432818183206966
87.0,91.0,4.866923933363094
54.0,54.0,1.4126502212765923
30.0,33.0,0.6275217783361939
40.0,48.0,1.186936735791237
10.0,12.0,0.1906447041434607
1.0,7.0,9.373286311780783
0.0,4.0,2.0997601954840786
3.0,26.0,5.09388064015292
7.0,36.0,3.4601418770712136
0.0,17.0,1.096214253216791
9.0,100.0,3.247365505828869
4.0,19.0,0.31412882498643707
8.0,59.0,1.1999506921893164
13.0,101.0,1.7738526149656306
11.0,79.0,1.1659412667788274
2.0,24.0,0.42222380794483894
3.0,7.0,9.373286311780783
1.0,4.0,2.0997601954840786
3.0,26.0,5.09388064015292
8.0,36.0,3.4601418770712136
3.0,17.0,1.096214253216791
22.0,100.0,3.247365505828869
2.0,19.0,0.31412882498643707
13.0,59.0,1.1999506921893164
21.0,101.0,1.7738526149656306
14.0,79.0,1.1659412667788274
5.0,24.0,0.42222380794483894
1.0,7.0,9.373286311780783
1.0,4.0,2.0997601954840786
8.0,26.0,5.09388064015292
12.0,36.0,3.4601418770712136
2.0,17.0,1.096214253216791
30.0,100.0,3.247365505828869
7.0,19.0,0.31412882498643707
18.0,59.0,1.1999506921893164
29.0,101.0,1.7738526149656306
23.0,79.0,1.1659412667788274
6.0,24.0,0.42222380794483894
6.0,7.0,9.373286311780783
2.0,4.0,2.0997601954840786
11.0,26.0,5.09388064015292
16.0,36.0,3.4601418770712136
12.0,17.0,1.096214253216791
31.0,100.0,3.247365505828869
8.0,19.0,0.31412882498643707
20.0,59.0,1.1999506921893164
42.0,101.0,1.7738526149656306
35.0,79.0,1.1659412667788274
12.0,24.0,0.42222380794483894
2.0,7.0,9.373286311780783
2.0,4.0,2.0997601954840786
8.0,26.0,5.09388064015292
21.0,36.0,3.4601418770712136
11.0,17.0,1.096214253216791
53.0,100.0,3.247365505828869
10.0,19.0,0.31412882498643707
35.0,59.0,1.1999506921893164
56.0,101.0,1.7738526149656306
40.0,79.0,1.1659412667788274
11.0,24.0,0.42222380794483894
5.0,7.0,9.373286311780783
2.0,4.0,2.0997601954840786
16.0,26.0,5.09388064015292
28.0,36.0,3.4601418770712136
11.0,17.0,1.096214253216791
61.0,100.0,3.247365505828869
12.0,19.0,0.31412882498643707
40.0,59.0,1.1999506921893164
50.0,101.0,1.7738526149656306
48.0,79.0,1.1659412667788274
14.0,24.0,0.42222380794483894
3.0,7.0,9.373286311780783
3.0,4.0,2.0997601954840786
20.0,26.0,5.09388064015292
22.0,36.0,3.4601418770712136
13.0,17.0,1.096214253216791
70.0,100.0,3.247365505828869
12.0,19.0,0.31412882498643707
36.0,59.0,1.1999506921893164
65.0,101.0,1.7738526149656306
48.0,79.0,1.1659412667788274
15.0,24.0,0.42222380794483894
7.0,7.0,9.373286311780783
2.0,4.0,2.0997601954840786
21.0,26.0,5.09388064015292
26.0,36.0,3.4601418770712136
15.0,17.0,1.096214253216791
79.0,100.0,3.247365505828869
15.0,19.0,0.31412882498643707
49.0,59.0,1.1999506921893164
86.0,101.0,1.7738526149656306
68.0,79.0,1.1659412667788274
19.0,24.0,0.42222380794483894
7.0,7.0,9.373286311780783
4.0,4.0,2.0997601954840786
25.0,26.0,5.09388064015292
33.0,36.0,3.4601418770712136
14.0,17.0,1.096214253216791
87.0,100.0,3.247365505828869
18.0,19.0,0.31412882498643707
55.0,59.0,1.1999506921893164
88.0,101.0,1.7738526149656306
70.0,79.0,1.1659412667788274
21.0,24.0,0.42222380794483894
1.0,4.0,3.6631974776571963
1.0,8.0,5.028740350331246
1.0,12.0,2.9548332001405075
0.0,5.0,0.5475907380679788
1.0,13.0,1.3146597378643003
1.0,19.0,2.005589771711681
2.0,49.0,2.880725314106732
0.0,8.0,0.5828051927358975
3.0,56.0,2.5283877160507515
1.0,14.0,0.8236180986943221
5.0,28.0,0.4210574864980279
1.0,4.0,3.6631974776571963
2.0,8.0,5.028740350331246
4.0,12.0,2.9548332001405075
0.0,5.0,0.5475907380679788
3.0,13.0,1.3146597378643003
2.0,19.0,2.005589771711681
18.0,49.0,2.880725314106732
1.0,8.0,0.5828051927358975
13.0,56.0,2.5283877160507515
2.0,14.0,0.8236180986943221
9.0,28.0,0.4210574864980279
1.0,4.0,3.6631974776571963
0.0,8.0,5.028740350331246
5.0,12.0,2.9548332001405075
1.0,5.0,0.5475907380679788
2.0,13.0,1.3146597378643003
6.0,19.0,2.005589771711681
12.0,49.0,2.880725314106732
1.0,8.0,0.5828051927358975
22.0,56.0,2.5283877160507515
3.0,14.0,0.8236180986943221
9.0,28.0,0.4210574864980279
3.0,4.0,3.6631974776571963
2.0,8.0,5.028740350331246
6.0,12.0,2.9548332001405075
3.0,5.0,0.5475907380679788
7.0,13.0,1.3146597378643003
7.0,19.0,2.005589771711681
21.0,49.0,2.880725314106732
4.0,8.0,0.5828051927358975
24.0,56.0,2.5283877160507515
4.0,14.0,0.8236180986943221
12.0,28.0,0.4210574864980279
3.0,4.0,3.6631974776571963
5.0,8.0,5.028740350331246
7.0,12.0,2.9548332001405075
2.0,5.0,0.5475907380679788
6.0,13.0,1.3146597378643003
8.0,19.0,2.005589771711681
28.0,49.0,2.880725314106732
3.0,8.0,0.5828051927358975
26.0,56.0,2.5283877160507515
4.0,14.0,0.8236180986943221
15.0,28.0,0.4210574864980279
3.0,4.0,3.6631974776571963
5.0,8.0,5.028740350331246
8.0,12.0,2.9548332001405075
4.0,5.0,0.5475907380679788
8.0,13.0,1.3146597378643003
10.0,19.0,2.005589771711681
30.0,49.0,2.880725314106732
5.0,8.0,0.5828051927358975
29.0,56.0,2.5283877160507515
10.0,14.0,0.8236180986943221
16.0,28.0,0.4210574864980279
2.0,4.0,3.6631974776571963
4.0,8.0,5.028740350331246
8.0,12.0,2.9548332001405075
1.0,5.0,0.5475907380679788
10.0,13.0,1.3146597378643003
14.0,19.0,2.005589771711681
36.0,49.0,2.880725314106732
8.0,8.0,0.5828051927358975
39.0,56.0,2.5283877160507515
11.0,14.0,0.8236180986943221
16.0,28.0,0.4210574864980279
4.0,4.0,3.6631974776571963
6.0,8.0,5.028740350331246
8.0,12.0,2.9548332001405075
4.0,5.0,0.5475907380679788
10.0,13.0,1.3146597378643003
13.0,19.0,2.005589771711681
39.0,49.0,2.880725314106732
5.0,8.0,0.5828051927358975
45.0,56.0,2.5283877160507515
11.0,14.0,0.8236180986943221
21.0,28.0,0.4210574864980279
4.0,4.0,3.6631974776571963
8.0,8.0,5.028740350331246
10.0,12.0,2.9548332001405075
5.0,5.0,0.5475907380679788
11.0,13.0,1.3146597378643003
19.0,19.0,2.005589771711681
42.0,49.0,2.880725314106732
8.0,8.0,0.5828051927358975
50.0,56.0,2.5283877160507515
10.0,14.0,0.8236180986943221
28.0,28.0,0.4210574864980279
1.0,13.0,10.728242053271561
1.0,3.0,0.6810278846176546
3.0,13.0,1.6359196746521323
1.0,9.0,0.9051503268207358
0.0,11.0,1.1693347905731433
4.0,39.0,3.239420005785186
2.0,24.0,1.298608079193139
2.0,24.0,1.3314814100837125
2.0,13.0,0.5005933647847208
7.0,48.0,2.283213053557095
1.0,8.0,0.39966966509223345
5.0,13.0,10.728242053271561
1.0,3.0,0.6810278846176546
3.0,13.0,1.6359196746521323
2.0,9.0,0.9051503268207358
1.0,11.0,1.1693347905731433
7.0,39.0,3.239420005785186
1.0,24.0,1.298608079193139
8.0,24.0,1.3314814100837125
1.0,13.0,0.5005933647847208
11.0,48.0,2.283213053557095
1.0,8.0,0.39966966509223345
7.0,13.0,10.728242053271561
1.0,3.0,0.6810278846176546
4.0,13.0,1.6359196746521323
3.0,9.0,0.9051503268207358
3.0,11.0,1.1693347905731433
16.0,39.0,3.239420005785186
2.0,24.0,1.298608079193139
10.0,24.0,1.3314814100837125
2.0,13.0,0.5005933647847208
14.0,48.0,2.283213053557095
2.0,8.0,0.39966966509223345
3.0,13.0,10.728242053271561
1.0,3.0,0.6810278846176546
6.0,13.0,1.6359196746521323
5.0,9.0,0.9051503268207358
1.0,11.0,1.1693347905731433
9.0,39.0,3.239420005785186
11.0,24.0,1.298608079193139
10.0,24.0,1.3314814100837125
8.0,13.0,0.5005933647847208
21.0,48.0,2.283213053557095
4.0,8.0,0.39966966509223345
10.0,13.0,10.728242053271561
1.0,3.0,0.6810278846176546
7.0,13.0,1.6359196746521323
4.0,9.0,0.9051503268207358
6.0,11.0,1.1693347905731433
17.0,39.0,3.239420005785186
11.0,24.0,1.298608079193139
16.0,24.0,1.3314814100837125
6.0,13.0,0.5005933647847208
30.0,48.0,2.283213053557095
2.0,8.0,0.39966966509223345
4.0,13.0,10.728242053271561
3.0,3.0,0.6810278846176546
10.0,13.0,1.6359196746521323
6.0,9.0,0.9051503268207358
7.0,11.0,1.1693347905731433
27.0,39.0,3.239420005785186
13.0,24.0,1.298608079193139
13.0,24.0,1.3314814100837125
7.0,13.0,0.5005933647847208
35.0,48.0,2.283213053557095
5.0,8.0,0.39966966509223345
10.0,13.0,10.728242053271561
2.0,3.0,0.6810278846176546
9.0,13.0,1.6359196746521323
6.0,9.0,0.9051503268207358
7.0,11.0,1.1693347905731433
27.0,39.0,3.239420005785186
13.0,24.0,1.298608079193139
19.0,24.0,1.3314814100837125
7.0,13.0,0.5005933647847208
32.0,48.0,2.283213053557095
5.0,8.0,0.39966966509223345
8.0,13.0,10.728242053271561
2.0,3.0,0.6810278846176546
13.0,13.0,1.6359196746521323
7.0,9.0,0.9051503268207358
8.0,11.0,1.1693347905731433
32.0,39.0,3.239420005785186
19.0,24.0,1.298608079193139
21.0,24.0,1.3314814100837125
7.0,13.0,0.5005933647847208
40.0,48.0,2.283213053557095
6.0,8.0,0.39966966509223345
12.0,13.0,10.728242053271561
3.0,3.0,0.6810278846176546
12.0,13.0,1.6359196746521323
9.0,9.0,0.9051503268207358
11.0,11.0,1.1693347905731433
34.0,39.0,3.239420005785186
22.0,24.0,1.298608079193139
21.0,24.0,1.3314814100837125
12.0,13.0,0.5005933647847208
43.0,48.0,2.283213053557095
7.0,8.0,0.39966966509223345
1.0,3.0,1.803442848419563
0.0,2.0,1.1488897748356222
1.0,6.0,1.9858651938234193
1.0,12.0,2.5203223214323387
1.0,4.0,0.6400801895096792
1.0,13.0,1.7573146943356444
6.0,47.0,4.230043533224001
6.0,74.0,3.0464902255002424
7.0,79.0,1.7280836127093784
1.0,25.0,0.4564306560724981
6.0,36.0,0.7280360735112523
1.0,3.0,1.803442848419563
1.0,2.0,1.1488897748356222
1.0,6.0,1.9858651938234193
2.0,12.0,2.5203223214323387
0.0,4.0,0.6400801895096792
1.0,13.0,1.7573146943356444
12.0,47.0,4.230043533224001
11.0,74.0,3.0464902255002424
13.0,79.0,1.7280836127093784
6.0,25.0,0.4564306560724981
8.0,36.0,0.7280360735112523
1.0,3.0,1.803442848419563
1.0,2.0,1.1488897748356222
3.0,6.0,1.9858651938234193
3.0,12.0,2.5203223214323387
2.0,4.0,0.6400801895096792
5.0,13.0,1.7573146943356444
11.0,47.0,4.230043533224001
25.0,74.0,3.0464902255002424
28.0,79.0,1.7280836127093784
6.0,25.0,0.4564306560724981
5.0,36.0,0.7280360735112523
2.0,3.0,1.803442848419563
2.0,2.0,1.1488897748356222
4.0,6.0,1.9858651938234193
5.0,12.0,2.5203223214323387
2.0,4.0,0.6400801895096792
4.0,13.0,1.7573146943356444
17.0,47.0,4.230043533224001
32.0,74.0,3.0464902255002424
40.0,79.0,1.7280836127093784
7.0,25.0,0.4564306560724981
18.0,36.0,0.7280360735112523
1.0,3.0,1.803442848419563
1.0,2.0,1.1488897748356222
1.0,6.0,1.9858651938234193
8.0,12.0,2.5203223214323387
2.0,4.0,0.6400801895096792
7.0,13.0,1.7573146943356444
16.0,47.0,4.230043533224001
32.0,74.0,3.0464902255002424
33.0,79.0,1.7280836127093784
10.0,25.0,0.4564306560724981
16.0,36.0,0.7280360735112523
3.0,3.0,1.803442848419563
1.0,2.0,1.1488897748356222
3.0,6.0,1.9858651938234193
10.0,12.0,2.5203223214323387
2.0,4.0,0.6400801895096792
8.0,13.0,1.7573146943356444
29.0,47.0,4.230043533224001
49.0,74.0,3.0464902255002424
55.0,79.0,1.7280836127093784
19.0,25.0,0.4564306560724981
22.0,36.0,0.7280360735112523
1.0,3.0,1.803442848419563
2.0,2.0,1.1488897748356222
3.0,6.0,1.9858651938234193
8.0,12.0,2.5203223214323387
3.0,4.0,0.6400801895096792
7.0,13.0,1.7573146943356444
33.0,47.0,4.230043533224001
55.0,74.0,3.0464902255002424
57.0,79.0,1.7280836127093784
21.0,25.0,0.4564306560724981
26.0,36.0,0.7280360735112523
3.0,3.0,1.803442848419563
2.0,2.0,1.1488897748356222
5.0,6.0,1.9858651938234193
10.0,12.0,2.5203223214323387
4.0,4.0,0.6400801895096792
12.0,13.0,1.7573146943356444
40.0,47.0,4.230043533224001
56.0,74.0,3.0464902255002424
60.0,79.0,1.7280836127093784
18.0,25.0,0.4564306560724981
35.0,36.0,0.7280360735112523
3.0,3.0,1.803442848419563
2.0,2.0,1.1488897748356222
6.0,6.0,1.9858651938234193
12.0,12.0,2.5203223214323387
4.0,4.0,0.6400801895096792
12.0,13.0,1.7573146943356444
42.0,47.0,4.230043533224001
67.0,74.0,3.0464902255002424
68.0,79.0,1.7280836127093784
22.0,25.0,0.4564306560724981
33.0,36.0,0.7280360735112523
1.0,3.0,4.741189265340454
1.0,10.0,8.582713988557593
0.0,5.0,1.6697051334443573
0.0,9.0,1.90130766490704
0.0,22.0,2.5206560386885797
5.0,10.0,0.7388917201323829
0.0,9.0,0.8265029439057717
1.0,21.0,1.806735246220842
1.0,17.0,1.470102306028083
2.0,32.0,1.662270709300333
1.0,10.0,0.5722470640218835
1.0,3.0,4.741189265340454
2.0,10.0,8.582713988557593
1.0,5.0,1.6697051334443573
2.0,9.0,1.90130766490704
2.0,22.0,2.5206560386885797
1.0,10.0,0.7388917201323829
4.0,9.0,0.8265029439057717
1.0,21.0,1.806735246220842
4.0,17.0,1.470102306028083
8.0,32.0,1.662270709300333
1.0,10.0,0.5722470640218835
1.0,3.0,4.741189265340454
4.0,10.0,8.582713988557593
3.0,5.0,1.6697051334443573
3.0,9.0,1.90130766490704
6.0,22.0,2.5206560386885797
2.0,10.0,0.7388917201323829
2.0,9.0,0.8265029439057717
6.0,21.0,1.806735246220842
6.0,17.0,1.470102306028083
11.0,32.0,1.662270709300333
6.0,10.0,0.5722470640218835
1.0,3.0,4.741189265340454
4.0,10.0,8.582713988557593
2.0,5.0,1.6697051334443573
4.0,9.0,1.90130766490704
11.0,22.0,2.5206560386885797
4.0,10.0,0.7388917201323829
2.0,9.0,0.8265029439057717
13.0,21.0,1.806735246220842
3.0,17.0,1.470102306028083
14.0,32.0,1.662270709300333
4.0,10.0,0.5722470640218835
2.0,3.0,4.741189265340454
5.0,10.0,8.582713988557593
3.0,5.0,1.6697051334443573
5.0,9.0,1.90130766490704
11.0,22.0,2.5206560386885797
6.0,10.0,0.7388917201323829
4.0,9.0,0.8265029439057717
16.0,21.0,1.806735246220842
7.0,17.0,1.470102306028083
18.0,32.0,1.662270709300333
4.0,10.0,0.5722470640218835
2.0,3.0,4.741189265340454
4.0,10.0,8.582713988557593
3.0,5.0,1.6697051334443573
6.0,9.0,1.90130766490704
12.0,22.0,2.5206560386885797
7.0,10.0,0.7388917201323829
7.0,9.0,0.8265029439057717
13.0,21.0,1.806735246220842
11.0,17.0,1.470102306028083
21.0,32.0,1.662270709300333
4.0,10.0,0.5722470640218835
3.0,3.0,4.741189265340454
4.0,10.0,8.582713988557593
4.0,5.0,1.6697051334443573
7.0,9.0,1.90130766490704
17.0,22.0,2.5206560386885797
7.0,10.0,0.7388917201323829
5.0,9.0,0.8265029439057717
15.0,21.0,1.806735246220842
11.0,17.0,1.470102306028083
21.0,32.0,1.662270709300333
5.0,10.0,0.5722470640218835
3.0,3.0,4.741189265340454
7.0,10.0,8.582713988557593
4.0,5.0,1.6697051334443573
9.0,9.0,1.90130766490704
17.0,22.0,2.5206560386885797
8.0,10.0,0.7388917201323829
7.0,9.0,0.8265029439057717
18.0,21.0,1.806735246220842
13.0,17.0,1.470102306028083
24.0,32.0,1.662270709300333
8.0,10.0,0.5722470640218835
2.0,3.0,4.741189265340454
9.0,10.0,8.582713988557593
4.0,5.0,1.6697051334443573
7.0,9.0,1.90130766490704
21.0,22.0,2.5206560386885797
8.0,10.0,0.7388917201323829
7.0,9.0,0.8265029439057717
20.0,21.0,1.806735246220842
16.0,17.0,1.470102306028083
30.0,32.0,1.662270709300333
10.0,10.0,0.5722470640218835
1.0,3.0,10.839245846685031
0.0,2.0,4.242992904883175
1.0,6.0,3.0352932161242605
2.0,6.0,2.8542022139403134
3.0,22.0,4.890144688490599
6.0,31.0,2.6563089895396055
4.0,29.0,1.4261935714994036
1.0,29.0,1.1961189239019816
3.0,41.0,1.5405022267657633
1.0,7.0,0.384151049655786
3.0,18.0,0.4463439741814447
2.0,3.0,10.839245846685031
0.0,2.0,4.242992904883175
0.0,6.0,3.0352932161242605
3.0,6.0,2.8542022139403134
6.0,22.0,4.890144688490599
9.0,31.0,2.6563089895396055
6.0,29.0,1.4261935714994036
8.0,29.0,1.1961189239019816
6.0,41.0,1.5405022267657633
3.0,7.0,0.384151049655786
3.0,18.0,0.4463439741814447
1.0,3.0,10.839245846685031
0.0,2.0,4.242992904883175
1.0,6.0,3.0352932161242605
2.0,6.0,2.8542022139403134
5.0,22.0,4.890144688490599
12.0,31.0,2.6563089895396055
7.0,29.0,1.4261935714994036
9.0,29.0,1.1961189239019816
13.0,41.0,1.5405022267657633
2.0,7.0,0.384151049655786
6.0,18.0,0.4463439741814447
1.0,3.0,10.839245846685031
1.0,2.0,4.242992904883175
6.0,6.0,3.0352932161242605
5.0,6.0,2.8542022139403134
8.0,22.0,4.890144688490599
11.0,31.0,2.6563089895396055
13.0,29.0,1.4261935714994036
11.0,29.0,1.1961189239019816
17.0,41.0,1.5405022267657633
3.0,7.0,0.384151049655786
7.0,18.0,0.4463439741814447
1.0,3.0,10.839245846685031
1.0,2.0,4.242992904883175
3.0,6.0,3.0352932161242605
3.0,6.0,2.8542022139403134
13.0,22.0,4.890144688490599
13.0,31.0,2.6563089895396055
15.0,29.0,1.4261935714994036
12.0,29.0,1.1961189239019816
20.0,41.0,1.5405022267657633
3.0,7.0,0.384151049655786
10.0,18.0,0.4463439741814447
2.0,3.0,10.839245846685031
1.0,2.0,4.242992904883175
3.0,6.0,3.0352932161242605
4.0,6.0,2.8542022139403134
15.0,22.0,4.890144688490599
20.0,31.0,2.6563089895396055
16.0,29.0,1.4261935714994036
16.0,29.0,1.1961189239019816
28.0,41.0,1.5405022267657633
6.0,7.0,0.384151049655786
11.0,18.0,0.4463439741814447
2.0,3.0,10.839245846685031
1.0,2.0,4.242992904883175
5.0,6.0,3.0352932161242605
6.0,6.0,2.8542022139403134
13.0,22.0,4.890144688490599
23.0,31.0,2.6563089895396055
20.0,29.0,1.4261935714994036
21.0,29.0,1.1961189239019816
32.0,41.0,1.5405022267657633
4.0,7.0,0.384151049655786
16.0,18.0,0.4463439741814447
3.0,3.0,10.839245846685031
2.0,2.0,4.242992904883175
4.0,6.0,3.0352932161242605
5.0,6.0,2.8542022139403134
16.0,22.0,4.890144688490599
23.0,31.0,2.6563089895396055
23.0,29.0,1.4261935714994036
23.0,29.0,1.1961189239019816
32.0,41.0,1.5405022267657633
6.0,7.0,0.384151049655786
16.0,18.0,0.4463439741814447
3.0,3.0,10.839245846685031
2.0,2.0,4.242992904883175
5.0,6.0,3.0352932161242605
4.0,6.0,2.8542022139403134
21.0,22.0,4.890144688490599
29.0,31.0,2.6563089895396055
28.0,29.0,1.4261935714994036
26.0,29.0,1.1961189239019816
38.0,41.0,1.5405022267657633
5.0,7.0,0.384151049655786
18.0,18.0,0.4463439741814447
2.0,4.0,6.658209106336912
0.0,8.0,5.498568669667521
1.0,1.0,0.18030933629274995
5.0,17.0,5.342315086047007
1.0,7.0,1.27440310218515
1.0,18.0,1.7900669444239705
3.0,33.0,3.3192628920755913
2.0,42.0,1.663081826558108
1.0,33.0,1.0290164112823454
11.0,112.0,2.7590432162281653
4.0,48.0,0.9071074747510464
2.0,4.0,6.658209106336912
1.0,8.0,5.498568669667521
0.0,1.0,0.18030933629274995
4.0,17.0,5.342315086047007
5.0,7.0,1.27440310218515
3.0,18.0,1.7900669444239705
9.0,33.0,3.3192628920755913
12.0,42.0,1.663081826558108
6.0,33.0,1.0290164112823454
14.0,112.0,2.7590432162281653
12.0,48.0,0.9071074747510464
1.0,4.0,6.658209106336912
3.0,8.0,5.498568669667521
1.0,1.0,0.18030933629274995
5.0,17.0,5.342315086047007
1.0,7.0,1.27440310218515
6.0,18.0,1.7900669444239705
15.0,33.0,3.3192628920755913
7.0,42.0,1.663081826558108
5.0,33.0,1.0290164112823454
33.0,112.0,2.7590432162281653
16.0,48.0,0.9071074747510464
1.0,4.0,6.658209106336912
4.0,8.0,5.498568669667521
1.0,1.0,0.18030933629274995
7.0,17.0,5.342315086047007
2.0,7.0,1.27440310218515
9.0,18.0,1.7900669444239705
14.0,33.0,3.3192628920755913
11.0,42.0,1.663081826558108
10.0,33.0,1.0290164112823454
39.0,112.0,2.7590432162281653
18.0,48.0,0.9071074747510464
4.0,4.0,6.658209106336912
5.0,8.0,5.498568669667521
1.0,1.0,0.18030933629274995
6.0,17.0,5.342315086047007
5.0,7.0,1.27440310218515
9.0,18.0,1.7900669444239705
17.0,33.0,3.3192628920755913
17.0,42.0,1.663081826558108
15.0,33.0,1.0290164112823454
52.0,112.0,2.7590432162281653
20.0,48.0,0.9071074747510464
2.0,4.0,6.658209106336912
6.0,8.0,5.498568669667521
1.0,1.0,0.18030933629274995
8.0,17.0,5.342315086047007
5.0,7.0,1.27440310218515
11.0,18.0,1.7900669444239705
19.0,33.0,3.3192628920755913
25.0,42.0,1.663081826558108
20.0,33.0,1.0290164112823454
71.0,112.0,2.7590432162281653
29.0,48.0,0.9071074747510464
3.0,4.0,6.658209106336912
6.0,8.0,5.498568669667521
1.0,1.0,0.18030933629274995
13.0,17.0,5.342315086047007
5.0,7.0,1.27440310218515
11.0,18.0,1.7900669444239705
25.0,33.0,3.3192628920755913
31.0,42.0,1.663081826558108
21.0,33.0,1.0290164112823454
77.0,112.0,2.7590432162281653
35.0,48.0,0.9071074747510464
4.0,4.0,6.658209106336912
6.0,8.0,5.498568669667521
1.0,1.0,0.18030933629274995
15.0,17.0,5.342315086047007
7.0,7.0,1.27440310218515
14.0,18.0,1.7900669444239705
25.0,33.0,3.3192628920755913
34.0,42.0,1.663081826558108
28.0,33.0,1.0290164112823454
93.0,112.0,2.7590432162281653
40.0,48.0,0.9071074747510464
3.0,4.0,6.658209106336912
8.0,8.0,5.498568669667521
1.0,1.0,0.18030933629274995
15.0,17.0,5.342315086047007
4.0,7.0,1.27440310218515
17.0,18.0,1.7900669444239705
29.0,33.0,3.3192628920755913
39.0,42.0,1.663081826558108
30.0,33.0,1.0290164112823454
96.0,112.0,2.7590432162281653
46.0,48.0,0.9071074747510464
2.0,5.0,5.225759724731721
0.0,6.0,3.6090652854303453
0.0,2.0,0.13169529910053857
2.0,15.0,2.7142639445148538
1.0,10.0,1.2456805310950179
2.0,25.0,1.9510449525210887
2.0,20.0,1.6154206688639519
0.0,18.0,1.1549402304522158
5.0,43.0,2.108331055557534
3.0,47.0,2.1528466538590685
5.0,54.0,1.7081508052146528
1.0,5.0,5.225759724731721
3.0,6.0,3.6090652854303453
1.0,2.0,0.13169529910053857
2.0,15.0,2.7142639445148538
1.0,10.0,1.2456805310950179
6.0,25.0,1.9510449525210887
4.0,20.0,1.6154206688639519
2.0,18.0,1.1549402304522158
10.0,43.0,2.108331055557534
14.0,47.0,2.1528466538590685
6.0,54.0,1.7081508052146528
1.0,5.0,5.225759724731721
3.0,6.0,3.6090652854303453
1.0,2.0,0.13169529910053857
4.0,15.0,2.7142639445148538
2.0,10.0,1.2456805310950179
5.0,25.0,1.9510449525210887
3.0,20.0,1.6154206688639519
5.0,18.0,1.1549402304522158
13.0,43.0,2.108331055557534
16.0,47.0,2.1528466538590685
15.0,54.0,1.7081508052146528
2.0,5.0,5.225759724731721
4.0,6.0,3.6090652854303453
1.0,2.0,0.13169529910053857
5.0,15.0,2.7142639445148538
5.0,10.0,1.2456805310950179
8.0,25.0,1.9510449525210887
4.0,20.0,1.6154206688639519
8.0,18.0,1.1549402304522158
11.0,43.0,2.108331055557534
17.0,47.0,2.1528466538590685
17.0,54.0,1.7081508052146528
3.0,5.0,5.225759724731721
3.0,6.0,3.6090652854303453
1.0,2.0,0.13169529910053857
6.0,15.0,2.7142639445148538
4.0,10.0,1.2456805310950179
10.0,25.0,1.9510449525210887
9.0,20.0,1.6154206688639519
11.0,18.0,1.1549402304522158
18.0,43.0,2.108331055557534
25.0,47.0,2.1528466538590685
28.0,54.0,1.7081508052146528
4.0,5.0,5.225759724731721
4.0,6.0,3.6090652854303453
1.0,2.0,0.13169529910053857
8.0,15.0,2.7142639445148538
6.0,10.0,1.2456805310950179
14.0,25.0,1.9510449525210887
9.0,20.0,1.6154206688639519
14.0,18.0,1.1549402304522158
21.0,43.0,2.108331055557534
30.0,47.0,2.1528466538590685
29.0,54.0,1.7081508052146528
3.0,5.0,5.225759724731721
4.0,6.0,3.6090652854303453
2.0,2.0,0.13169529910053857
11.0,15.0,2.7142639445148538
7.0,10.0,1.2456805310950179
20.0,25.0,1.9510449525210887
14.0,20.0,1.6154206688639519
14.0,18.0,1.1549402304522158
34.0,43.0,2.108331055557534
27.0,47.0,2.1528466538590685
39.0,54.0,1.7081508052146528
5.0,5.0,5.225759724731721
5.0,6.0,3.6090652854303453
1.0,2.0,0.13169529910053857
11.0,15.0,2.7142639445148538
8.0,10.0,1.2456805310950179
22.0,25.0,1.9510449525210887
13.0,20.0,1.6154206688639519
15.0,18.0,1.1549402304522158
31.0,43.0,2.108331055557534
34.0,47.0,2.1528466538590685
40.0,54.0,1.7081508052146528
5.0,5.0,5.225759724731721
6.0,6.0,3.6090652854303453
1.0,2.0,0.13169529910053857
11.0,15.0,2.7142639445148538
10.0,10.0,1.2456805310950179
25.0,25.0,1.9510449525210887
16.0,20.0,1.6154206688639519
17.0,18.0,1.1549402304522158
38.0,43.0,2.108331055557534
42.0,47.0,2.1528466538590685
46.0,54.0,1.7081508052146528
1.0,7.0,15.394386121991813
1.0,12.0,5.980816500423989
0.0,10.0,1.9920735030972543
8.0,55.0,3.910365015369089
0.0,29.0,1.410677674773082
3.0,60.0,1.8133147226123723
6.0,87.0,1.8239564268984365
9.0,93.0,1.793530114453916
3.0,32.0,0.4862961057252612
5.0,29.0,0.5284717635044527
1.0,18.0,0.44564681824256136
2.0,7.0,15.394386121991813
2.0,12.0,5.980816500423989
4.0,10.0,1.9920735030972543
14.0,55.0,3.910365015369089
4.0,29.0,1.410677674773082
11.0,60.0,1.8133147226123723
19.0,87.0,1.8239564268984365
17.0,93.0,1.793530114453916
7.0,32.0,0.4862961057252612
10.0,29.0,0.5284717635044527
2.0,18.0,0.44564681824256136
2.0,7.0,15.394386121991813
4.0,12.0,5.980816500423989
2.0,10.0,1.9920735030972543
18.0,55.0,3.910365015369089
14.0,29.0,1.410677674773082
20.0,60.0,1.8133147226123723
27.0,87.0,1.8239564268984365
31.0,93.0,1.793530114453916
10.0,32.0,0.4862961057252612
10.0,29.0,0.5284717635044527
3.0,18.0,0.44564681824256136
2.0,7.0,15.394386121991813
7.0,12.0,5.980816500423989
7.0,10.0,1.9920735030972543
20.0,55.0,3.910365015369089
12.0,29.0,1.410677674773082
19.0,60.0,1.8133147226123723
38.0,87.0,1.8239564268984365
33.0,93.0,1.793530114453916
11.0,32.0,0.4862961057252612
12.0,29.0,0.5284717635044527
5.0,18.0,0.44564681824256136
3.0,7.0,15.394386121991813
8.0,12.0,5.980816500423989
4.0,10.0,1.9920735030972543
27.0,55.0,3.910365015369089
15.0,29.0,1.410677674773082
30.0,60.0,1.8133147226123723
42.0,87.0,1.8239564268984365
36.0,93.0,1.793530114453916
16.0,32.0,0.4862961057252612
11.0,29.0,0.5284717635044527
12.0,18.0,0.44564681824256136
3.0,7.0,15.394386121991813
7.0,12.0,5.980816500423989
7.0,10.0,1.9920735030972543
27.0,55.0,3.910365015369089
21.0,29.0,1.410677674773082
35.0,60.0,1.8133147226123723
50.0,87.0,1.8239564268984365
51.0,93.0,1.793530114453916
16.0,32.0,0.4862961057252612
19.0,29.0,0.5284717635044527
8.0,18.0,0.44564681824256136
4.0,7.0,15.394386121991813
9.0,12.0,5.980816500423989
5.0,10.0,1.9920735030972543
39.0,55.0,3.910365015369089
23.0,29.0,1.410677674773082
43.0,60.0,1.8133147226123723
64.0,87.0,1.8239564268984365
63.0,93.0,1.793530114453916
23.0,32.0,0.4862961057252612
18.0,29.0,0.5284717635044527
15.0,18.0,0.44564681824256136
5.0,7.0,15.394386121991813
10.0,12.0,5.980816500423989
6.0,10.0,1.9920735030972543
44.0,55.0,3.910365015369089
24.0,29.0,1.410677674773082
46.0,60.0,1.8133147226123723
67.0,87.0,1.8239564268984365
76.0,93.0,1.793530114453916
26.0,32.0,0.4862961057252612
21.0,29.0,0.5284717635044527
15.0,18.0,0.44564681824256136
5.0,7.0,15.394386121991813
11.0,12.0,5.980816500423989
9.0,10.0,1.9920735030972543
48.0,55.0,3.910365015369089
23.0,29.0,1.410677674773082
53.0,60.0,1.8133147226123723
81.0,87.0,1.8239564268984365
84.0,93.0,1.793530114453916
30.0,32.0,0.4862961057252612
28.0,29.0,0.5284717635044527
14.0,18.0,0.44564681824256136
2.0,8.0,7.099367211488455
1.0,12.0,4.35983024747614
1.0,39.0,6.35934013918658
1.0,34.0,1.4930860042274192
1.0,21.0,0.7280255952635164
2.0,14.0,0.6757134177744089
0.0,4.0,0.18206520249353556
1.0,4.0,0.3753331050512936
2.0,19.0,1.4730025846228105
1.0,21.0,1.359177377324442
5.0,45.0,2.1935587434810295
1.0,8.0,7.099367211488455
5.0,12.0,4.35983024747614
8.0,39.0,6.35934013918658
6.0,34.0,1.4930860042274192
5.0,21.0,0.7280255952635164
2.0,14.0,0.6757134177744089
0.0,4.0,0.18206520249353556
0.0,4.0,0.3753331050512936
4.0,19.0,1.4730025846228105
3.0,21.0,1.359177377324442
5.0,45.0,2.1935587434810295
4.0,8.0,7.099367211488455
6.0,12.0,4.35983024747614
9.0,39.0,6.35934013918658
12.0,34.0,1.4930860042274192
6.0,21.0,0.7280255952635164
4.0,14.0,0.6757134177744089
1.0,4.0,0.18206520249353556
1.0,4.0,0.3753331050512936
4.0,19.0,1.4730025846228105
8.0,21.0,1.359177377324442
10.0,45.0,2.1935587434810295
3.0,8.0,7.099367211488455
6.0,12.0,4.35983024747614
23.0,39.0,6.35934013918658
12.0,34.0,1.4930860042274192
8.0,21.0,0.7280255952635164
5.0,14.0,0.6757134177744089
1.0,4.0,0.18206520249353556
4.0,4.0,0.3753331050512936
7.0,19.0,1.4730025846228105
10.0,21.0,1.359177377324442
19.0,45.0,2.1935587434810295
4.0,8.0,7.099367211488455
6.0,12.0,4.35983024747614
17.0,39.0,6.35934013918658
21.0,34.0,1.4930860042274192
10.0,21.0,0.7280255952635164
8.0,14.0,0.6757134177744089
1.0,4.0,0.18206520249353556
1.0,4.0,0.3753331050512936
5.0,19.0,1.4730025846228105
10.0,21.0,1.359177377324442
18.0,45.0,2.1935587434810295
5.0,8.0,7.099367211488455
10.0,12.0,4.35983024747614
21.0,39.0,6.35934013918658
16.0,34.0,1.4930860042274192
14.0,21.0,0.7280255952635164
9.0,14.0,0.6757134177744089
2.0,4.0,0.18206520249353556
2.0,4.0,0.3753331050512936
13.0,19.0,1.4730025846228105
11.0,21.0,1.359177377324442
26.0,45.0,2.1935587434810295
7.0,8.0,7.099367211488455
9.0,12.0,4.35983024747614
22.0,39.0,6.35934013918658
25.0,34.0,1.4930860042274192
15.0,21.0,0.7280255952635164
10.0,14.0,0.6757134177744089
3.0,4.0,0.18206520249353556
4.0,4.0,0.3753331050512936
15.0,19.0,1.4730025846228105
17.0,21.0,1.359177377324442
35.0,45.0,2.1935587434810295
6.0,8.0,7.099367211488455
9.0,12.0,4.35983024747614
33.0,39.0,6.35934013918658
29.0,34.0,1.4930860042274192
16.0,21.0,0.7280255952635164
13.0,14.0,0.6757134177744089
4.0,4.0,0.18206520249353556
2.0,4.0,0.3753331050512936
13.0,19.0,1.4730025846228105
19.0,21.0,1.359177377324442
36.0,45.0,2.1935587434810295
5.0,8.0,7.099367211488455
10.0,12.0,4.35983024747614
36.0,39.0,6.35934013918658
29.0,34.0,1.4930860042274192
19.0,21.0,0.7280255952635164
12.0,14.0,0.6757134177744089
4.0,4.0,0.18206520249353556
3.0,4.0,0.3753331050512936
14.0,19.0,1.4730025846228105
16.0,21.0,1.359177377324442
39.0,45.0,2.1935587434810295
1.0,3.0,6.410523010173845
1.0,6.0,3.1023027270593797
1.0,7.0,4.447176241549485
3.0,31.0,4.487579904995468
4.0,53.0,3.6261994549826326
5.0,46.0,1.511263609950419
0.0,3.0,0.1934967020953
5.0,44.0,1.1685851285886577
0.0,31.0,1.1991851842285526
1.0,35.0,1.1854562213812792
3.0,25.0,0.8968162199835858
1.0,3.0,6.410523010173845
2.0,6.0,3.1023027270593797
1.0,7.0,4.447176241549485
13.0,31.0,4.487579904995468
9.0,53.0,3.6261994549826326
10.0,46.0,1.511263609950419
0.0,3.0,0.1934967020953
8.0,44.0,1.1685851285886577
8.0,31.0,1.1991851842285526
6.0,35.0,1.1854562213812792
8.0,25.0,0.8968162199835858
2.0,3.0,6.410523010173845
2.0,6.0,3.1023027270593797
2.0,7.0,4.447176241549485
13.0,31.0,4.487579904995468
14.0,53.0,3.6261994549826326
15.0,46.0,1.511263609950419
1.0,3.0,0.1934967020953
11.0,44.0,1.1685851285886577
12.0,31.0,1.1991851842285526
11.0,35.0,1.1854562213812792
7.0,25.0,0.8968162199835858
3.0,3.0,6.410523010173845
2.0,6.0,3.1023027270593797
4.0,7.0,4.447176241549485
10.0,31.0,4.487579904995468
20.0,53.0,3.6261994549826326
16.0,46.0,1.511263609950419
0.0,3.0,0.1934967020953
17.0,44.0,1.1685851285886577
11.0,31.0,1.1991851842285526
15.0,35.0,1.1854562213812792
11.0,25.0,0.8968162199835858
3.0,3.0,6.410523010173845
1.0,6.0,3.1023027270593797
2.0,7.0,4.447176241549485
13.0,31.0,4.487579904995468
24.0,53.0,3.6261994549826326
26.0,46.0,1.511263609950419
1.0,3.0,0.1934967020953
27.0,44.0,1.1685851285886577
17.0,31.0,1.1991851842285526
18.0,35.0,1.1854562213812792
12.0,25.0,0.8968162199835858
1.0,3.0,6.410523010173845
3.0,6.0,3.1023027270593797
5.0,7.0,4.447176241549485
21.0,31.0,4.487579904995468
34.0,53.0,3.6261994549826326
31.0,46.0,1.511263609950419
2.0,3.0,0.1934967020953
29.0,44.0,1.1685851285886577
23.0,31.0,1.1991851842285526
18.0,35.0,1.1854562213812792
16.0,25.0,0.8968162199835858
2.0,3.0,6.410523010173845
3.0,6.0,3.1023027270593797
6.0,7.0,4.447176241549485
25.0,31.0,4.487579904995468
39.0,53.0,3.6261994549826326
32.0,46.0,1.511263609950419
2.0,3.0,0.1934967020953
30.0,44.0,1.1685851285886577
24.0,31.0,1.1991851842285526
20.0,35.0,1.1854562213812792
20.0,25.0,0.8968162199835858
3.0,3.0,6.410523010173845
4.0,6.0,3.1023027270593797
7.0,7.0,4.447176241549485
26.0,31.0,4.487579904995468
43.0,53.0,3.6261994549826326
37.0,46.0,1.511263609950419
1.0,3.0,0.1934967020953
35.0,44.0,1.1685851285886577
26.0,31.0,1.1991851842285526
31.0,35.0,1.1854562213812792
23.0,25.0,0.8968162199835858
3.0,3.0,6.410523010173845
5.0,6.0,3.1023027270593797
4.0,7.0,4.447176241549485
29.0,31.0,4.487579904995468
46.0,53.0,3.6261994549826326
43.0,46.0,1.511263609950419
3.0,3.0,0.1934967020953
38.0,44.0,1.1685851285886577
28.0,31.0,1.1991851842285526
32.0,35.0,1.1854562213812792
22.0,25.0,0.8968162199835858
3.0,11.0,14.298828580524082
1.0,1.0,0.3373909616948813
0.0,9.0,3.5126225015773955
3.0,46.0,5.210098446805038
8.0,63.0,2.6627583584044108
4.0,38.0,1.0550981279118323
3.0,38.0,0.9827503901774037
1.0,15.0,0.38193203484847194
6.0,57.0,1.478742071407847
3.0,41.0,1.283025604330991
2.0,14.0,0.43731240084277534
1.0,11.0,14.298828580524082
0.0,1.0,0.3373909616948813
1.0,9.0,3.5126225015773955
12.0,46.0,5.210098446805038
11.0,63.0,2.6627583584044108
10.0,38.0,1.0550981279118323
8.0,38.0,0.9827503901774037
1.0,15.0,0.38193203484847194
9.0,57.0,1.478742071407847
5.0,41.0,1.283025604330991
2.0,14.0,0.43731240084277534
9.0,11.0,14.298828580524082
0.0,1.0,0.3373909616948813
1.0,9.0,3.5126225015773955
15.0,46.0,5.210098446805038
15.0,63.0,2.6627583584044108
13.0,38.0,1.0550981279118323
10.0,38.0,0.9827503901774037
1.0,15.0,0.38193203484847194
19.0,57.0,1.478742071407847
10.0,41.0,1.283025604330991
4.0,14.0,0.43731240084277534
1.0,11.0,14.298828580524082
1.0,1.0,0.3373909616948813
4.0,9.0,3.5126225015773955
14.0,46.0,5.210098446805038
22.0,63.0,2.6627583584044108
13.0,38.0,1.0550981279118323
17.0,38.0,0.9827503901774037
7.0,15.0,0.38193203484847194
26.0,57.0,1.478742071407847
20.0,41.0,1.283025604330991
4.0,14.0,0.43731240084277534
7.0,11.0,14.298828580524082
1.0,1.0,0.3373909616948813
4.0,9.0,3.5126225015773955
28.0,46.0,5.210098446805038
28.0,63.0,2.6627583584044108
17.0,38.0,1.0550981279118323
22.0,38.0,0.9827503901774037
8.0,15.0,0.38193203484847194
29.0,57.0,1.478742071407847
17.0,41.0,1.283025604330991
8.0,14.0,0.43731240084277534
3.0,11.0,14.298828580524082
1.0,1.0,0.3373909616948813
5.0,9.0,3.5126225015773955
32.0,46.0,5.210098446805038
43.0,63.0,2.6627583584044108
25.0,38.0,1.0550981279118323
20.0,38.0,0.9827503901774037
9.0,15.0,0.38193203484847194
39.0,57.0,1.478742071407847
27.0,41.0,1.283025604330991
7.0,14.0,0.43731240084277534
7.0,11.0,14.298828580524082
0.0,1.0,0.3373909616948813
8.0,9.0,3.5126225015773955
33.0,46.0,5.210098446805038
42.0,63.0,2.6627583584044108
26.0,38.0,1.0550981279118323
25.0,38.0,0.9827503901774037
11.0,15.0,0.38193203484847194
37.0,57.0,1.478742071407847
26.0,41.0,1.283025604330991
10.0,14.0,0.43731240084277534
9.0,11.0,14.298828580524082
1.0,1.0,0.3373909616948813
7.0,9.0,3.5126225015773955
40.0,46.0,5.210098446805038
50.0,63.0,2.6627583584044108
32.0,38.0,1.0550981279118323
30.0,38.0,0.9827503901774037
11.0,15.0,0.38193203484847194
51.0,57.0,1.478742071407847
30.0,41.0,1.283025604330991
13.0,14.0,0.43731240084277534
10.0,11.0,14.298828580524082
1.0,1.0,0.3373909616948813
8.0,9.0,3.5126225015773955
44.0,46.0,5.210098446805038
59.0,63.0,2.6627583584044108
33.0,38.0,1.0550981279118323
35.0,38.0,0.9827503901774037
14.0,15.0,0.38193203484847194
55.0,57.0,1.478742071407847
38.0,41.0,1.283025604330991
12.0,14.0,0.43731240084277534
2.0,5.0,6.009962651980927
0.0,4.0,4.576091567722359
2.0,13.0,3.035600076607848
7.0,42.0,5.693284067773112
6.0,39.0,1.7820928663378448
4.0,33.0,1.0313230585275595
1.0,2.0,0.0704317643189459
2.0,27.0,0.9594889488507486
4.0,33.0,1.7392100317059873
1.0,2.0,0.05593451863199988
1.0,14.0,0.7126958656823225
1.0,5.0,6.009962651980927
1.0,4.0,4.576091567722359
2.0,13.0,3.035600076607848
11.0,42.0,5.693284067773112
7.0,39.0,1.7820928663378448
1.0,33.0,1.0313230585275595
0.0,2.0,0.0704317643189459
4.0,27.0,0.9594889488507486
4.0,33.0,1.7392100317059873
1.0,2.0,0.05593451863199988
7.0,14.0,0.7126958656823225
1.0,5.0,6.009962651980927
0.0,4.0,4.576091567722359
2.0,13.0,3.035600076607848
16.0,42.0,5.693284067773112
13.0,39.0,1.7820928663378448
12.0,33.0,1.0313230585275595
1.0,2.0,0.0704317643189459
10.0,27.0,0.9594889488507486
13.0,33.0,1.7392100317059873
2.0,2.0,0.05593451863199988
8.0,14.0,0.7126958656823225
3.0,5.0,6.009962651980927
1.0,4.0,4.576091567722359
3.0,13.0,3.035600076607848
14.0,42.0,5.693284067773112
13.0,39.0,1.7820928663378448
16.0,33.0,1.0313230585275595
0.0,2.0,0.0704317643189459
10.0,27.0,0.9594889488507486
14.0,33.0,1.7392100317059873
2.0,2.0,0.05593451863199988
5.0,14.0,0.7126958656823225
3.0,5.0,6.009962651980927
2.0,4.0,4.576091567722359
8.0,13.0,3.035600076607848
26.0,42.0,5.693284067773112
15.0,39.0,1.7820928663378448
21.0,33.0,1.0313230585275595
1.0,2.0,0.0704317643189459
17.0,27.0,0.9594889488507486
13.0,33.0,1.7392100317059873
2.0,2.0,0.05593451863199988
6.0,14.0,0.7126958656823225
3.0,5.0,6.009962651980927
3.0,4.0,4.576091567722359
6.0,13.0,3.035600076607848
29.0,42.0,5.693284067773112
21.0,39.0,1.7820928663378448
25.0,33.0,1.0313230585275595
2.0,2.0,0.0704317643189459
16.0,27.0,0.9594889488507486
22.0,33.0,1.7392100317059873
1.0,2.0,0.05593451863199988
8.0,14.0,0.7126958656823225
2.0,5.0,6.009962651980927
1.0,4.0,4.576091567722359
7.0,13.0,3.035600076607848
29.0,42.0,5.693284067773112
22.0,39.0,1.7820928663378448
20.0,33.0,1.0313230585275595
2.0,2.0,0.0704317643189459
17.0,27.0,0.9594889488507486
22.0,33.0,1.7392100317059873
1.0,2.0,0.05593451863199988
11.0,14.0,0.7126958656823225
4.0,5.0,6.009962651980927
2.0,4.0,4.576091567722359
13.0,13.0,3.035600076607848
35.0,42.0,5.693284067773112
29.0,39.0,1.7820928663378448
28.0,33.0,1.0313230585275595
2.0,2.0,0.0704317643189459
20.0,27.0,0.9594889488507486
30.0,33.0,1.7392100317059873
2.0,2.0,0.05593451863199988
12.0,14.0,0.7126958656823225
5.0,5.0,6.009962651980927
4.0,4.0,4.576091567722359
12.0,13.0,3.035600076607848
36.0,42.0,5.693284067773112
37.0,39.0,1.7820928663378448
31.0,33.0,1.0313230585275595
2.0,2.0,0.0704317643189459
26.0,27.0,0.9594889488507486
32.0,33.0,1.7392100317059873
2.0,2.0,0.05593451863199988
12.0,14.0,0.7126958656823225
1.0,3.0,6.674234233232112
1.0,13.0,7.37525825741922
5.0,16.0,3.682301324498478
0.0,15.0,1.6431815504214489
1.0,13.0,0.6515306235686726
1.0,17.0,1.082456630295461
4.0,52.0,3.1220238715834174
0.0,19.0,0.7046259474182064
7.0,62.0,1.752434839810203
5.0,46.0,1.281841057426283
6.0,41.0,0.7960464877431869
1.0,3.0,6.674234233232112
2.0,13.0,7.37525825741922
4.0,16.0,3.682301324498478
2.0,15.0,1.6431815504214489
3.0,13.0,0.6515306235686726
2.0,17.0,1.082456630295461
4.0,52.0,3.1220238715834174
2.0,19.0,0.7046259474182064
9.0,62.0,1.752434839810203
9.0,46.0,1.281841057426283
4.0,41.0,0.7960464877431869
1.0,3.0,6.674234233232112
4.0,13.0,7.37525825741922
5.0,16.0,3.682301324498478
6.0,15.0,1.6431815504214489
6.0,13.0,0.6515306235686726
5.0,17.0,1.082456630295461
20.0,52.0,3.1220238715834174
10.0,19.0,0.7046259474182064
21.0,62.0,1.752434839810203
12.0,46.0,1.281841057426283
14.0,41.0,0.7960464877431869
1.0,3.0,6.674234233232112
3.0,13.0,7.37525825741922
12.0,16.0,3.682301324498478
8.0,15.0,1.6431815504214489
4.0,13.0,0.6515306235686726
6.0,17.0,1.082456630295461
26.0,52.0,3.1220238715834174
6.0,19.0,0.7046259474182064
26.0,62.0,1.752434839810203
25.0,46.0,1.281841057426283
13.0,41.0,0.7960464877431869
3.0,3.0,6.674234233232112
6.0,13.0,7.37525825741922
8.0,16.0,3.682301324498478
10.0,15.0,1.6431815504214489
10.0,13.0,0.6515306235686726
9.0,17.0,1.082456630295461
25.0,52.0,3.1220238715834174
8.0,19.0,0.7046259474182064
27.0,62.0,1.752434839810203
27.0,46.0,1.281841057426283
12.0,41.0,0.7960464877431869
1.0,3.0,6.674234233232112
11.0,13.0,7.37525825741922
9.0,16.0,3.682301324498478
10.0,15.0,1.6431815504214489
9.0,13.0,0.6515306235686726
13.0,17.0,1.082456630295461
32.0,52.0,3.1220238715834174
7.0,19.0,0.7046259474182064
38.0,62.0,1.752434839810203
27.0,46.0,1.281841057426283
24.0,41.0,0.7960464877431869
1.0,3.0,6.674234233232112
7.0,13.0,7.37525825741922
14.0,16.0,3.682301324498478
14.0,15.0,1.6431815504214489
9.0,13.0,0.6515306235686726
13.0,17.0,1.082456630295461
34.0,52.0,3.1220238715834174
15.0,19.0,0.7046259474182064
37.0,62.0,1.752434839810203
33.0,46.0,1.281841057426283
34.0,41.0,0.7960464877431869
2.0,3.0,6.674234233232112
10.0,13.0,7.37525825741922
14.0,16.0,3.682301324498478
14.0,15.0,1.6431815504214489
7.0,13.0,0.6515306235686726
16.0,17.0,1.082456630295461
43.0,52.0,3.1220238715834174
15.0,19.0,0.7046259474182064
51.0,62.0,1.752434839810203
42.0,46.0,1.281841057426283
36.0,41.0,0.7960464877431869
3.0,3.0,6.674234233232112
11.0,13.0,7.37525825741922
14.0,16.0,3.682301324498478
13.0,15.0,1.6431815504214489
12.0,13.0,0.6515306235686726
16.0,17.0,1.082456630295461
48.0,52.0,3.1220238715834174
16.0,19.0,0.7046259474182064
57.0,62.0,1.752434839810203
39.0,46.0,1.281841057426283
35.0,41.0,0.7960464877431869
1.0,2.0,2.209538222364485
1.0,6.0,3.483018020190422
10.0,50.0,13.660189964209888
1.0,6.0,0.4023473787726179
2.0,60.0,2.5268628083971
1.0,12.0,0.36970409486590844
6.0,32.0,1.0670808787483688
0.0,10.0,0.7610264576031106
2.0,14.0,0.5925392316258167
2.0,6.0,0.5102700444488362
3.0,30.0,1.633327604800674
1.0,2.0,2.209538222364485
0.0,6.0,3.483018020190422
9.0,50.0,13.660189964209888
1.0,6.0,0.4023473787726179
10.0,60.0,2.5268628083971
5.0,12.0,0.36970409486590844
5.0,32.0,1.0670808787483688
0.0,10.0,0.7610264576031106
4.0,14.0,0.5925392316258167
2.0,6.0,0.5102700444488362
8.0,30.0,1.633327604800674
1.0,2.0,2.209538222364485
5.0,6.0,3.483018020190422
13.0,50.0,13.660189964209888
1.0,6.0,0.4023473787726179
20.0,60.0,2.5268628083971
3.0,12.0,0.36970409486590844
10.0,32.0,1.0670808787483688
2.0,10.0,0.7610264576031106
3.0,14.0,0.5925392316258167
1.0,6.0,0.5102700444488362
6.0,30.0,1.633327604800674
1.0,2.0,2.209538222364485
2.0,6.0,3.483018020190422
24.0,50.0,13.660189964209888
2.0,6.0,0.4023473787726179
23.0,60.0,2.5268628083971
6.0,12.0,0.36970409486590844
17.0,32.0,1.0670808787483688
3.0,10.0,0.7610264576031106
3.0,14.0,0.5925392316258167
4.0,6.0,0.5102700444488362
13.0,30.0,1.633327604800674
1.0,2.0,2.209538222364485
3.0,6.0,3.483018020190422
19.0,50.0,13.660189964209888
3.0,6.0,0.4023473787726179
32.0,60.0,2.5268628083971
7.0,12.0,0.36970409486590844
19.0,32.0,1.0670808787483688
5.0,10.0,0.7610264576031106
7.0,14.0,0.5925392316258167
3.0,6.0,0.5102700444488362
19.0,30.0,1.633327604800674
1.0,2.0,2.209538222364485
2.0,6.0,3.483018020190422
31.0,50.0,13.660189964209888
4.0,6.0,0.4023473787726179
39.0,60.0,2.5268628083971
8.0,12.0,0.36970409486590844
25.0,32.0,1.0670808787483688
4.0,10.0,0.7610264576031106
9.0,14.0,0.5925392316258167
6.0,6.0,0.5102700444488362
16.0,30.0,1.633327604800674
2.0,2.0,2.209538222364485
5.0,6.0,3.483018020190422
36.0,50.0,13.660189964209888
5.0,6.0,0.4023473787726179
39.0,60.0,2.5268628083971
9.0,12.0,0.36970409486590844
21.0,32.0,1.0670808787483688
8.0,10.0,0.7610264576031106
10.0,14.0,0.5925392316258167
6.0,6.0,0.5102700444488362
20.0,30.0,1.633327604800674
2.0,2.0,2.209538222364485
4.0,6.0,3.483018020190422
42.0,50.0,13.660189964209888
5.0,6.0,0.4023473787726179
53.0,60.0,2.5268628083971
9.0,12.0,0.36970409486590844
26.0,32.0,1.0670808787483688
9.0,10.0,0.7610264576031106
13.0,14.0,0.5925392316258167
5.0,6.0,0.5102700444488362
21.0,30.0,1.633327604800674
1.0,2.0,2.209538222364485
6.0,6.0,3.483018020190422
40.0,50.0,13.660189964209888
4.0,6.0,0.4023473787726179
53.0,60.0,2.5268628083971
11.0,12.0,0.36970409486590844
31.0,32.0,1.0670808787483688
8.0,10.0,0.7610264576031106
12.0,14.0,0.5925392316258167
6.0,6.0,0.5102700444488362
28.0,30.0,1.633327604800674
1.0,3.0,5.540546039205047
0.0,7.0,2.624692857761438
2.0,13.0,3.476345968361347
0.0,9.0,1.8544372473539228
0.0,14.0,1.088758985935084
2.0,14.0,1.8001394933044166
3.0,23.0,1.4672257373950979
3.0,33.0,1.877996979022839
5.0,66.0,2.821170405649977
10.0,63.0,1.6608431803261687
2.0,49.0,0.995704451123671
1.0,3.0,5.540546039205047
3.0,7.0,2.624692857761438
2.0,13.0,3.476345968361347
0.0,9.0,1.8544372473539228
1.0,14.0,1.088758985935084
2.0,14.0,1.8001394933044166
4.0,23.0,1.4672257373950979
8.0,33.0,1.877996979022839
8.0,66.0,2.821170405649977
18.0,63.0,1.6608431803261687
12.0,49.0,0.995704451123671
1.0,3.0,5.540546039205047
2.0,7.0,2.624692857761438
3.0,13.0,3.476345968361347
3.0,9.0,1.8544372473539228
6.0,14.0,1.088758985935084
7.0,14.0,1.8001394933044166
9.0,23.0,1.4672257373950979
10.0,33.0,1.877996979022839
11.0,66.0,2.821170405649977
25.0,63.0,1.6608431803261687
15.0,49.0,0.995704451123671
1.0,3.0,5.540546039205047
2.0,7.0,2.624692857761438
1.0,13.0,3.476345968361347
4.0,9.0,1.8544372473539228
4.0,14.0,1.088758985935084
7.0,14.0,1.8001394933044166
7.0,23.0,1.4672257373950979
12.0,33.0,1.877996979022839
26.0,66.0,2.821170405649977
26.0,63.0,1.6608431803261687
18.0,49.0,0.995704451123671
1.0,3.0,5.540546039205047
2.0,7.0,2.624692857761438
7.0,13.0,3.476345968361347
5.0,9.0,1.8544372473539228
9.0,14.0,1.088758985935084
8.0,14.0,1.8001394933044166
6.0,23.0,1.4672257373950979
20.0,33.0,1.877996979022839
38.0,66.0,2.821170405649977
29.0,63.0,1.6608431803261687
23.0,49.0,0.995704451123671
2.0,3.0,5.540546039205047
5.0,7.0,2.624692857761438
10.0,13.0,3.476345968361347
4.0,9.0,1.8544372473539228
8.0,14.0,1.088758985935084
8.0,14.0,1.8001394933044166
17.0,23.0,1.4672257373950979
20.0,33.0,1.877996979022839
39.0,66.0,2.821170405649977
40.0,63.0,1.6608431803261687
31.0,49.0,0.995704451123671
2.0,3.0,5.540546039205047
5.0,7.0,2.624692857761438
7.0,13.0,3.476345968361347
7.0,9.0,1.8544372473539228
11.0,14.0,1.088758985935084
12.0,14.0,1.8001394933044166
18.0,23.0,1.4672257373950979
17.0,33.0,1.877996979022839
51.0,66.0,2.821170405649977
37.0,63.0,1.6608431803261687
33.0,49.0,0.995704451123671
3.0,3.0,5.540546039205047
7.0,7.0,2.624692857761438
10.0,13.0,3.476345968361347
7.0,9.0,1.8544372473539228
11.0,14.0,1.088758985935084
11.0,14.0,1.8001394933044166
18.0,23.0,1.4672257373950979
28.0,33.0,1.877996979022839
46.0,66.0,2.821170405649977
54.0,63.0,1.6608431803261687
39.0,49.0,0.995704451123671
1.0,3.0,5.540546039205047
6.0,7.0,2.624692857761438
13.0,13.0,3.476345968361347
9.0,9.0,1.8544372473539228
10.0,14.0,1.088758985935084
14.0,14.0,1.8001394933044166
21.0,23.0,1.4672257373950979
33.0,33.0,1.877996979022839
55.0,66.0,2.821170405649977
56.0,63.0,1.6608431803261687
44.0,49.0,0.995704451123671
1.0,6.0,6.369909708898633
3.0,21.0,7.707955736168421
3.0,40.0,4.960301461116737
12.0,71.0,2.476161080259883
0.0,8.0,0.26363434906839356
4.0,31.0,0.5901325326454321
4.0,60.0,2.021898502163618
3.0,42.0,1.2945601807502387
1.0,5.0,0.0936320082145728
3.0,35.0,1.2564976887750718
2.0,19.0,1.0309581238722878
1.0,6.0,6.369909708898633
2.0,21.0,7.707955736168421
5.0,40.0,4.960301461116737
11.0,71.0,2.476161080259883
1.0,8.0,0.26363434906839356
6.0,31.0,0.5901325326454321
9.0,60.0,2.021898502163618
12.0,42.0,1.2945601807502387
0.0,5.0,0.0936320082145728
7.0,35.0,1.2564976887750718
3.0,19.0,1.0309581238722878
1.0,6.0,6.369909708898633
7.0,21.0,7.707955736168421
11.0,40.0,4.960301461116737
19.0,71.0,2.476161080259883
2.0,8.0,0.26363434906839356
13.0,31.0,0.5901325326454321
18.0,60.0,2.021898502163618
16.0,42.0,1.2945601807502387
2.0,5.0,0.0936320082145728
12.0,35.0,1.2564976887750718
6.0,19.0,1.0309581238722878
3.0,6.0,6.369909708898633
7.0,21.0,7.707955736168421
19.0,40.0,4.960301461116737
31.0,71.0,2.476161080259883
4.0,8.0,0.26363434906839356
10.0,31.0,0.5901325326454321
27.0,60.0,2.021898502163618
14.0,42.0,1.2945601807502387
1.0,5.0,0.0936320082145728
11.0,35.0,1.2564976887750718
9.0,19.0,1.0309581238722878
4.0,6.0,6.369909708898633
12.0,21.0,7.707955736168421
11.0,40.0,4.960301461116737
39.0,71.0,2.476161080259883
5.0,8.0,0.26363434906839356
15.0,31.0,0.5901325326454321
24.0,60.0,2.021898502163618
20.0,42.0,1.2945601807502387
4.0,5.0,0.0936320082145728
15.0,35.0,1.2564976887750718
8.0,19.0,1.0309581238722878
5.0,6.0,6.369909708898633
16.0,21.0,7.707955736168421
27.0,40.0,4.960301461116737
51.0,71.0,2.476161080259883
5.0,8.0,0.26363434906839356
18.0,31.0,0.5901325326454321
37.0,60.0,2.021898502163618
28.0,42.0,1.2945601807502387
4.0,5.0,0.0936320082145728
20.0,35.0,1.2564976887750718
12.0,19.0,1.0309581238722878
5.0,6.0,6.369909708898633
13.0,21.0,7.707955736168421
30.0,40.0,4.960301461116737
49.0,71.0,2.476161080259883
5.0,8.0,0.26363434906839356
20.0,31.0,0.5901325326454321
43.0,60.0,2.021898502163618
32.0,42.0,1.2945601807502387
3.0,5.0,0.0936320082145728
26.0,35.0,1.2564976887750718
13.0,19.0,1.0309581238722878
4.0,6.0,6.369909708898633
18.0,21.0,7.707955736168421
30.0,40.0,4.960301461116737
59.0,71.0,2.476161080259883
5.0,8.0,0.26363434906839356
25.0,31.0,0.5901325326454321
49.0,60.0,2.021898502163618
31.0,42.0,1.2945601807502387
4.0,5.0,0.0936320082145728
30.0,35.0,1.2564976887750718
16.0,19.0,1.0309581238722878
6.0,6.0,6.369909708898633
19.0,21.0,7.707955736168421
39.0,40.0,4.960301461116737
64.0,71.0,2.476161080259883
6.0,8.0,0.26363434906839356
27.0,31.0,0.5901325326454321
55.0,60.0,2.021898502163618
42.0,42.0,1.2945601807502387
4.0,5.0,0.0936320082145728
32.0,35.0,1.2564976887750718
18.0,19.0,1.0309581238722878
1.0,4.0,4.277004450042174
2.0,10.0,6.4860013846116145
1.0,27.0,4.533500982832494
0.0,8.0,1.0288484814203518
10.0,33.0,2.1330584105912136
1.0,10.0,0.6052756460769093
12.0,100.0,4.4392553244726605
3.0,32.0,0.8978165053490176
1.0,7.0,0.2701521146037997
0.0,14.0,0.5078032924913483
1.0,14.0,0.5885546986890116
2.0,4.0,4.277004450042174
1.0,10.0,6.4860013846116145
4.0,27.0,4.533500982832494
0.0,8.0,1.0288484814203518
8.0,33.0,2.1330584105912136
2.0,10.0,0.6052756460769093
20.0,100.0,4.4392553244726605
5.0,32.0,0.8978165053490176
2.0,7.0,0.2701521146037997
7.0,14.0,0.5078032924913483
3.0,14.0,0.5885546986890116
2.0,4.0,4.277004450042174
4.0,10.0,6.4860013846116145
9.0,27.0,4.533500982832494
3.0,8.0,1.0288484814203518
8.0,33.0,2.1330584105912136
2.0,10.0,0.6052756460769093
35.0,100.0,4.4392553244726605
8.0,32.0,0.8978165053490176
3.0,7.0,0.2701521146037997
5.0,14.0,0.5078032924913483
3.0,14.0,0.5885546986890116
2.0,4.0,4.277004450042174
5.0,10.0,6.4860013846116145
12.0,27.0,4.533500982832494
1.0,8.0,1.0288484814203518
12.0,33.0,2.1330584105912136
3.0,10.0,0.6052756460769093
48.0,100.0,4.4392553244726605
12.0,32.0,0.8978165053490176
5.0,7.0,0.2701521146037997
6.0,14.0,0.5078032924913483
5.0,14.0,0.5885546986890116
2.0,4.0,4.277004450042174
5.0,10.0,6.4860013846116145
17.0,27.0,4.533500982832494
2.0,8.0,1.0288484814203518
18.0,33.0,2.1330584105912136
6.0,10.0,0.6052756460769093
45.0,100.0,4.4392553244726605
16.0,32.0,0.8978165053490176
3.0,7.0,0.2701521146037997
9.0,14.0,0.5078032924913483
5.0,14.0,0.5885546986890116
2.0,4.0,4.277004450042174
4.0,10.0,6.4860013846116145
17.0,27.0,4.533500982832494
7.0,8.0,1.0288484814203518
25.0,33.0,2.1330584105912136
4.0,10.0,0.6052756460769093
59.0,100.0,4.4392553244726605
16.0,32.0,0.8978165053490176
4.0,7.0,0.2701521146037997
8.0,14.0,0.5078032924913483
4.0,14.0,0.5885546986890116
1.0,4.0,4.277004450042174
8.0,10.0,6.4860013846116145
17.0,27.0,4.533500982832494
7.0,8.0,1.0288484814203518
23.0,33.0,2.1330584105912136
7.0,10.0,0.6052756460769093
61.0,100.0,4.4392553244726605
25.0,32.0,0.8978165053490176
3.0,7.0,0.2701521146037997
11.0,14.0,0.5078032924913483
7.0,14.0,0.5885546986890116
4.0,4.0,4.277004450042174
9.0,10.0,6.4860013846116145
23.0,27.0,4.533500982832494
6.0,8.0,1.0288484814203518
26.0,33.0,2.1330584105912136
7.0,10.0,0.6052756460769093
79.0,100.0,4.4392553244726605
27.0,32.0,0.8978165053490176
5.0,7.0,0.2701521146037997
13.0,14.0,0.5078032924913483
11.0,14.0,0.5885546986890116
3.0,4.0,4.277004450042174
9.0,10.0,6.4860013846116145
23.0,27.0,4.533500982832494
6.0,8.0,1.0288484814203518
30.0,33.0,2.1330584105912136
9.0,10.0,0.6052756460769093
92.0,100.0,4.4392553244726605
27.0,32.0,0.8978165053490176
7.0,7.0,0.2701521146037997
11.0,14.0,0.5078032924913483
14.0,14.0,0.5885546986890116
1.0,2.0,5.835441807140093
1.0,2.0,2.942406165803156
3.0,8.0,4.919353726343419
1.0,13.0,2.4430861437835003
3.0,19.0,2.601142305426262
0.0,3.0,0.1904712677143851
1.0,17.0,1.2126792774369084
2.0,24.0,1.6572222748794876
0.0,7.0,0.6636564234050998
3.0,28.0,2.1544560296690185
4.0,28.0,0.9071333180141449
1.0,2.0,5.835441807140093
2.0,2.0,2.942406165803156
1.0,8.0,4.919353726343419
1.0,13.0,2.4430861437835003
3.0,19.0,2.601142305426262
0.0,3.0,0.1904712677143851
1.0,17.0,1.2126792774369084
2.0,24.0,1.6572222748794876
2.0,7.0,0.6636564234050998
8.0,28.0,2.1544560296690185
5.0,28.0,0.9071333180141449
2.0,2.0,5.835441807140093
1.0,2.0,2.942406165803156
1.0,8.0,4.919353726343419
4.0,13.0,2.4430861437835003
8.0,19.0,2.601142305426262
2.0,3.0,0.1904712677143851
6.0,17.0,1.2126792774369084
6.0,24.0,1.6572222748794876
1.0,7.0,0.6636564234050998
7.0,28.0,2.1544560296690185
8.0,28.0,0.9071333180141449
1.0,2.0,5.835441807140093
0.0,2.0,2.942406165803156
5.0,8.0,4.919353726343419
2.0,13.0,2.4430861437835003
11.0,19.0,2.601142305426262
2.0,3.0,0.1904712677143851
6.0,17.0,1.2126792774369084
5.0,24.0,1.6572222748794876
3.0,7.0,0.6636564234050998
9.0,28.0,2.1544560296690185
9.0,28.0,0.9071333180141449
1.0,2.0,5.835441807140093
1.0,2.0,2.942406165803156
4.0,8.0,4.919353726343419
5.0,13.0,2.4430861437835003
6.0,19.0,2.601142305426262
2.0,3.0,0.1904712677143851
10.0,17.0,1.2126792774369084
9.0,24.0,1.6572222748794876
2.0,7.0,0.6636564234050998
14.0,28.0,2.1544560296690185
15.0,28.0,0.9071333180141449
2.0,2.0,5.835441807140093
1.0,2.0,2.942406165803156
4.0,8.0,4.919353726343419
7.0,13.0,2.4430861437835003
14.0,19.0,2.601142305426262
2.0,3.0,0.1904712677143851
10.0,17.0,1.2126792774369084
15.0,24.0,1.6572222748794876
5.0,7.0,0.6636564234050998
14.0,28.0,2.1544560296690185
17.0,28.0,0.9071333180141449
2.0,2.0,5.835441807140093
2.0,2.0,2.942406165803156
7.0,8.0,4.919353726343419
9.0,13.0,2.4430861437835003
12.0,19.0,2.601142305426262
3.0,3.0,0.1904712677143851
10.0,17.0,1.2126792774369084
17.0,24.0,1.6572222748794876
6.0,7.0,0.6636564234050998
16.0,28.0,2.1544560296690185
20.0,28.0,0.9071333180141449
2.0,2.0,5.835441807140093
2.0,2.0,2.942406165803156
8.0,8.0,4.919353726343419
9.0,13.0,2.4430861437835003
16.0,19.0,2.601142305426262
2.0,3.0,0.1904712677143851
15.0,17.0,1.2126792774369084
19.0,24.0,1.6572222748794876
7.0,7.0,0.6636564234050998
21.0,28.0,2.1544560296690185
27.0,28.0,0.9071333180141449
2.0,2.0,5.835441807140093
2.0,2.0,2.942406165803156
7.0,8.0,4.919353726343419
13.0,13.0,2.4430861437835003
17.0,19.0,2.601142305426262
2.0,3.0,0.1904712677143851
14.0,17.0,1.2126792774369084
23.0,24.0,1.6572222748794876
6.0,7.0,0.6636564234050998
27.0,28.0,2.1544560296690185
23.0,28.0,0.9071333180141449
1.0,4.0,6.227392612711996
0.0,8.0,4.088492491128185
2.0,10.0,1.6631885863071274
1.0,8.0,1.4152383247397087
4.0,75.0,7.490436705361131
4.0,58.0,2.187457648563349
4.0,19.0,0.41653414625928104
1.0,22.0,0.3946210719836453
1.0,9.0,0.31371141466374675
8.0,37.0,1.5071514070215006
3.0,24.0,0.9928195265886808
1.0,4.0,6.227392612711996
1.0,8.0,4.088492491128185
4.0,10.0,1.6631885863071274
1.0,8.0,1.4152383247397087
15.0,75.0,7.490436705361131
15.0,58.0,2.187457648563349
7.0,19.0,0.41653414625928104
3.0,22.0,0.3946210719836453
4.0,9.0,0.31371141466374675
6.0,37.0,1.5071514070215006
6.0,24.0,0.9928195265886808
1.0,4.0,6.227392612711996
1.0,8.0,4.088492491128185
3.0,10.0,1.6631885863071274
2.0,8.0,1.4152383247397087
22.0,75.0,7.490436705361131
15.0,58.0,2.187457648563349
3.0,19.0,0.41653414625928104
7.0,22.0,0.3946210719836453
1.0,9.0,0.31371141466374675
11.0,37.0,1.5071514070215006
7.0,24.0,0.9928195265886808
1.0,4.0,6.227392612711996
5.0,8.0,4.088492491128185
5.0,10.0,1.6631885863071274
5.0,8.0,1.4152383247397087
28.0,75.0,7.490436705361131
24.0,58.0,2.187457648563349
9.0,19.0,0.41653414625928104
7.0,22.0,0.3946210719836453
3.0,9.0,0.31371141466374675
17.0,37.0,1.5071514070215006
14.0,24.0,0.9928195265886808
3.0,4.0,6.227392612711996
4.0,8.0,4.088492491128185
5.0,10.0,1.6631885863071274
3.0,8.0,1.4152383247397087
35.0,75.0,7.490436705361131
34.0,58.0,2.187457648563349
13.0,19.0,0.41653414625928104
14.0,22.0,0.3946210719836453
5.0,9.0,0.31371141466374675
18.0,37.0,1.5071514070215006
14.0,24.0,0.9928195265886808
3.0,4.0,6.227392612711996
5.0,8.0,4.088492491128185
7.0,10.0,1.6631885863071274
3.0,8.0,1.4152383247397087
46.0,75.0,7.490436705361131
32.0,58.0,2.187457648563349
9.0,19.0,0.41653414625928104
14.0,22.0,0.3946210719836453
4.0,9.0,0.31371141466374675
27.0,37.0,1.5071514070215006
14.0,24.0,0.9928195265886808
3.0,4.0,6.227392612711996
7.0,8.0,4.088492491128185
7.0,10.0,1.6631885863071274
6.0,8.0,1.4152383247397087
50.0,75.0,7.490436705361131
45.0,58.0,2.187457648563349
14.0,19.0,0.41653414625928104
13.0,22.0,0.3946210719836453
6.0,9.0,0.31371141466374675
26.0,37.0,1.5071514070215006
19.0,24.0,0.9928195265886808
3.0,4.0,6.227392612711996
4.0,8.0,4.088492491128185
10.0,10.0,1.6631885863071274
7.0,8.0,1.4152383247397087
63.0,75.0,7.490436705361131
40.0,58.0,2.187457648563349
14.0,19.0,0.41653414625928104
17.0,22.0,0.3946210719836453
7.0,9.0,0.31371141466374675
26.0,37.0,1.5071514070215006
19.0,24.0,0.9928195265886808
4.0,4.0,6.227392612711996
7.0,8.0,4.088492491128185
10.0,10.0,1.6631885863071274
7.0,8.0,1.4152383247397087
69.0,75.0,7.490436705361131
53.0,58.0,2.187457648563349
17.0,19.0,0.41653414625928104
20.0,22.0,0.3946210719836453
8.0,9.0,0.31371141466374675
32.0,37.0,1.5071514070215006
21.0,24.0,0.9928195265886808
1.0,5.0,5.416210783687353
1.0,6.0,1.8146837160053007
2.0,7.0,2.0553500798208097
0.0,8.0,1.7531039022532904
1.0,8.0,1.003075726354663
2.0,9.0,1.2611051299746567
5.0,43.0,3.2430911625813423
8.0,82.0,4.483607018780508
6.0,98.0,2.2311154366732127
1.0,14.0,0.24096614496898308
2.0,24.0,0.5481517499148413
1.0,5.0,5.416210783687353
1.0,6.0,1.8146837160053007
1.0,7.0,2.0553500798208097
2.0,8.0,1.7531039022532904
1.0,8.0,1.003075726354663
1.0,9.0,1.2611051299746567
8.0,43.0,3.2430911625813423
26.0,82.0,4.483607018780508
23.0,98.0,2.2311154366732127
4.0,14.0,0.24096614496898308
6.0,24.0,0.5481517499148413
2.0,5.0,5.416210783687353
2.0,6.0,1.8146837160053007
3.0,7.0,2.0553500798208097
2.0,8.0,1.7531039022532904
2.0,8.0,1.003075726354663
4.0,9.0,1.2611051299746567
10.0,43.0,3.2430911625813423
30.0,82.0,4.483607018780508
27.0,98.0,2.2311154366732127
3.0,14.0,0.24096614496898308
9.0,24.0,0.5481517499148413
1.0,5.0,5.416210783687353
2.0,6.0,1.8146837160053007
3.0,7.0,2.0553500798208097
3.0,8.0,1.7531039022532904
1.0,8.0,1.003075726354663
2.0,9.0,1.2611051299746567
22.0,43.0,3.2430911625813423
36.0,82.0,4.483607018780508
41.0,98.0,2.2311154366732127
7.0,14.0,0.24096614496898308
8.0,24.0,0.5481517499148413
4.0,5.0,5.416210783687353
5.0,6.0,1.8146837160053007
1.0,7.0,2.0553500798208097
4.0,8.0,1.7531039022532904
4.0,8.0,1.003075726354663
6.0,9.0,1.2611051299746567
25.0,43.0,3.2430911625813423
42.0,82.0,4.483607018780508
50.0,98.0,2.2311154366732127
6.0,14.0,0.24096614496898308
11.0,24.0,0.5481517499148413
5.0,5.0,5.416210783687353
3.0,6.0,1.8146837160053007
4.0,7.0,2.0553500798208097
6.0,8.0,1.7531039022532904
6.0,8.0,1.003075726354663
6.0,9.0,1.2611051299746567
30.0,43.0,3.2430911625813423
45.0,82.0,4.483607018780508
59.0,98.0,2.2311154366732127
10.0,14.0,0.24096614496898308
10.0,24.0,0.5481517499148413
4.0,5.0,5.416210783687353
6.0,6.0,1.8146837160053007
3.0,7.0,2.0553500798208097
7.0,8.0,1.7531039022532904
5.0,8.0,1.003075726354663
5.0,9.0,1.2611051299746567
32.0,43.0,3.2430911625813423
57.0,82.0,4.483607018780508
68.0,98.0,2.2311154366732127
12.0,14.0,0.24096614496898308
20.0,24.0,0.5481517499148413
4.0,5.0,5.416210783687353
4.0,6.0,1.8146837160053007
4.0,7.0,2.0553500798208097
6.0,8.0,1.7531039022532904
8.0,8.0,1.003075726354663
5.0,9.0,1.2611051299746567
35.0,43.0,3.2430911625813423
67.0,82.0,4.483607018780508
79.0,98.0,2.2311154366732127
11.0,14.0,0.24096614496898308
22.0,24.0,0.5481517499148413
5.0,5.0,5.416210783687353
6.0,6.0,1.8146837160053007
7.0,7.0,2.0553500798208097
7.0,8.0,1.7531039022532904
8.0,8.0,1.003075726354663
9.0,9.0,1.2611051299746567
39.0,43.0,3.2430911625813423
72.0,82.0,4.483607018780508
89.0,98.0,2.2311154366732127
12.0,14.0,0.24096614496898308
15.0,24.0,0.5481517499148413
1.0,2.0,1.9929996543281931
1.0,13.0,10.501536606401828
1.0,4.0,0.7098903149388947
0.0,28.0,2.548733325974146
0.0,8.0,0.6291127634484723
5.0,40.0,3.044254564306559
6.0,48.0,2.354481989161658
1.0,12.0,0.48923629561995763
2.0,70.0,1.920003953918012
0.0,8.0,0.14927666636572007
7.0,47.0,1.7800279785277862
1.0,2.0,1.9929996543281931
2.0,13.0,10.501536606401828
0.0,4.0,0.7098903149388947
3.0,28.0,2.548733325974146
1.0,8.0,0.6291127634484723
8.0,40.0,3.044254564306559
9.0,48.0,2.354481989161658
2.0,12.0,0.48923629561995763
14.0,70.0,1.920003953918012
3.0,8.0,0.14927666636572007
8.0,47.0,1.7800279785277862
2.0,2.0,1.9929996543281931
2.0,13.0,10.501536606401828
2.0,4.0,0.7098903149388947
12.0,28.0,2.548733325974146
2.0,8.0,0.6291127634484723
9.0,40.0,3.044254564306559
16.0,48.0,2.354481989161658
4.0,12.0,0.48923629561995763
14.0,70.0,1.920003953918012
3.0,8.0,0.14927666636572007
14.0,47.0,1.7800279785277862
1.0,2.0,1.9929996543281931
4.0,13.0,10.501536606401828
4.0,4.0,0.7098903149388947
10.0,28.0,2.548733325974146
2.0,8.0,0.6291127634484723
12.0,40.0,3.044254564306559
24.0,48.0,2.354481989161658
6.0,12.0,0.48923629561995763
29.0,70.0,1.920003953918012
4.0,8.0,0.14927666636572007
26.0,47.0,1.7800279785277862
1.0,2.0,1.9929996543281931
7.0,13.0,10.501536606401828
2.0,4.0,0.7098903149388947
12.0,28.0,2.548733325974146
4.0,8.0,0.6291127634484723
20.0,40.0,3.044254564306559
25.0,48.0,2.354481989161658
4.0,12.0,0.48923629561995763
35.0,70.0,1.920003953918012
6.0,8.0,0.14927666636572007
24.0,47.0,1.7800279785277862
2.0,2.0,1.9929996543281931
5.0,13.0,10.501536606401828
2.0,4.0,0.7098903149388947
15.0,28.0,2.548733325974146
4.0,8.0,0.6291127634484723
25.0,40.0,3.044254564306559
32.0,48.0,2.354481989161658
8.0,12.0,0.48923629561995763
36.0,70.0,1.920003953918012
5.0,8.0,0.14927666636572007
29.0,47.0,1.7800279785277862
1.0,2.0,1.9929996543281931
11.0,13.0,10.501536606401828
3.0,4.0,0.7098903149388947
17.0,28.0,2.548733325974146
7.0,8.0,0.6291127634484723
30.0,40.0,3.044254564306559
36.0,48.0,2.354481989161658
11.0,12.0,0.48923629561995763
47.0,70.0,1.920003953918012
7.0,8.0,0.14927666636572007
32.0,47.0,1.7800279785277862
1.0,2.0,1.9929996543281931
8.0,13.0,10.501536606401828
4.0,4.0,0.7098903149388947
20.0,28.0,2.548733325974146
6.0,8.0,0.6291127634484723
28.0,40.0,3.044254564306559
35.0,48.0,2.354481989161658
9.0,12.0,0.48923629561995763
58.0,70.0,1.920003953918012
6.0,8.0,0.14927666636572007
41.0,47.0,1.7800279785277862
2.0,2.0,1.9929996543281931
11.0,13.0,10.501536606401828
4.0,4.0,0.7098903149388947
25.0,28.0,2.548733325974146
7.0,8.0,0.6291127634484723
36.0,40.0,3.044254564306559
44.0,48.0,2.354481989161658
12.0,12.0,0.48923629561995763
63.0,70.0,1.920003953918012
7.0,8.0,0.14927666636572007
45.0,47.0,1.7800279785277862
1.0,4.0,3.670393448456356
1.0,4.0,2.1186493681043523
0.0,21.0,6.718196605761786
1.0,9.0,1.3110418765785439
4.0,9.0,0.724961353267307
1.0,20.0,1.3017773900319065
4.0,65.0,3.0552084433246063
2.0,15.0,0.3944612593776477
5.0,25.0,0.7228232604558014
0.0,18.0,0.5416930535512283
1.0,15.0,0.7434761827007488
1.0,4.0,3.670393448456356
2.0,4.0,2.1186493681043523
8.0,21.0,6.718196605761786
3.0,9.0,1.3110418765785439
3.0,9.0,0.724961353267307
5.0,20.0,1.3017773900319065
8.0,65.0,3.0552084433246063
6.0,15.0,0.3944612593776477
9.0,25.0,0.7228232604558014
2.0,18.0,0.5416930535512283
4.0,15.0,0.7434761827007488
1.0,4.0,3.670393448456356
2.0,4.0,2.1186493681043523
2.0,21.0,6.718196605761786
1.0,9.0,1.3110418765785439
2.0,9.0,0.724961353267307
12.0,20.0,1.3017773900319065
24.0,65.0,3.0552084433246063
6.0,15.0,0.3944612593776477
6.0,25.0,0.7228232604558014
6.0,18.0,0.5416930535512283
3.0,15.0,0.7434761827007488
1.0,4.0,3.670393448456356
2.0,4.0,2.1186493681043523
3.0,21.0,6.718196605761786
3.0,9.0,1.3110418765785439
4.0,9.0,0.724961353267307
10.0,20.0,1.3017773900319065
22.0,65.0,3.0552084433246063
5.0,15.0,0.3944612593776477
10.0,25.0,0.7228232604558014
8.0,18.0,0.5416930535512283
6.0,15.0,0.7434761827007488
4.0,4.0,3.670393448456356
4.0,4.0,2.1186493681043523
13.0,21.0,6.718196605761786
7.0,9.0,1.3110418765785439
6.0,9.0,0.724961353267307
9.0,20.0,1.3017773900319065
39.0,65.0,3.0552084433246063
10.0,15.0,0.3944612593776477
14.0,25.0,0.7228232604558014
9.0,18.0,0.5416930535512283
10.0,15.0,0.7434761827007488
2.0,4.0,3.670393448456356
3.0,4.0,2.1186493681043523
8.0,21.0,6.718196605761786
6.0,9.0,1.3110418765785439
5.0,9.0,0.724961353267307
12.0,20.0,1.3017773900319065
36.0,65.0,3.0552084433246063
10.0,15.0,0.3944612593776477
16.0,25.0,0.7228232604558014
14.0,18.0,0.5416930535512283
11.0,15.0,0.7434761827007488
3.0,4.0,3.670393448456356
3.0,4.0,2.1186493681043523
14.0,21.0,6.718196605761786
8.0,9.0,1.3110418765785439
8.0,9.0,0.724961353267307
13.0,20.0,1.3017773900319065
48.0,65.0,3.0552084433246063
12.0,15.0,0.3944612593776477
15.0,25.0,0.7228232604558014
12.0,18.0,0.5416930535512283
8.0,15.0,0.7434761827007488
3.0,4.0,3.670393448456356
4.0,4.0,2.1186493681043523
14.0,21.0,6.718196605761786
6.0,9.0,1.3110418765785439
6.0,9.0,0.724961353267307
16.0,20.0,1.3017773900319065
51.0,65.0,3.0552084433246063
10.0,15.0,0.3944612593776477
23.0,25.0,0.7228232604558014
17.0,18.0,0.5416930535512283
13.0,15.0,0.7434761827007488
4.0,4.0,3.670393448456356
3.0,4.0,2.1186493681043523
20.0,21.0,6.718196605761786
9.0,9.0,1.3110418765785439
8.0,9.0,0.724961353267307
18.0,20.0,1.3017773900319065
59.0,65.0,3.0552084433246063
12.0,15.0,0.3944612593776477
24.0,25.0,0.7228232604558014
17.0,18.0,0.5416930535512283
12.0,15.0,0.7434761827007488
1.0,2.0,3.0086181519704462
1.0,6.0,6.359959669929522
1.0,13.0,5.196873111429457
8.0,42.0,4.996579188061104
1.0,14.0,0.8811848653532542
1.0,15.0,0.5354955297281422
1.0,7.0,0.6072367672491098
2.0,30.0,1.8822133288453933
4.0,48.0,2.2242417886284804
3.0,5.0,0.1776453587804938
3.0,26.0,1.2574222679476117
1.0,2.0,3.0086181519704462
4.0,6.0,6.359959669929522
6.0,13.0,5.196873111429457
15.0,42.0,4.996579188061104
1.0,14.0,0.8811848653532542
4.0,15.0,0.5354955297281422
0.0,7.0,0.6072367672491098
5.0,30.0,1.8822133288453933
13.0,48.0,2.2242417886284804
1.0,5.0,0.1776453587804938
3.0,26.0,1.2574222679476117
1.0,2.0,3.0086181519704462
2.0,6.0,6.359959669929522
5.0,13.0,5.196873111429457
13.0,42.0,4.996579188061104
3.0,14.0,0.8811848653532542
5.0,15.0,0.5354955297281422
4.0,7.0,0.6072367672491098
6.0,30.0,1.8822133288453933
10.0,48.0,2.2242417886284804
0.0,5.0,0.1776453587804938
5.0,26.0,1.2574222679476117
1.0,2.0,3.0086181519704462
3.0,6.0,6.359959669929522
7.0,13.0,5.196873111429457
23.0,42.0,4.996579188061104
9.0,14.0,0.8811848653532542
6.0,15.0,0.5354955297281422
4.0,7.0,0.6072367672491098
9.0,30.0,1.8822133288453933
19.0,48.0,2.2242417886284804
1.0,5.0,0.1776453587804938
5.0,26.0,1.2574222679476117
1.0,2.0,3.0086181519704462
4.0,6.0,6.359959669929522
8.0,13.0,5.196873111429457
21.0,42.0,4.996579188061104
4.0,14.0,0.8811848653532542
10.0,15.0,0.5354955297281422
6.0,7.0,0.6072367672491098
15.0,30.0,1.8822133288453933
17.0,48.0,2.2242417886284804
1.0,5.0,0.1776453587804938
13.0,26.0,1.2574222679476117
2.0,2.0,3.0086181519704462
4.0,6.0,6.359959669929522
8.0,13.0,5.196873111429457
20.0,42.0,4.996579188061104
9.0,14.0,0.8811848653532542
10.0,15.0,0.5354955297281422
5.0,7.0,0.6072367672491098
20.0,30.0,1.8822133288453933
29.0,48.0,2.2242417886284804
3.0,5.0,0.1776453587804938
16.0,26.0,1.2574222679476117
1.0,2.0,3.0086181519704462
5.0,6.0,6.359959669929522
11.0,13.0,5.196873111429457
30.0,42.0,4.996579188061104
12.0,14.0,0.8811848653532542
13.0,15.0,0.5354955297281422
3.0,7.0,0.6072367672491098
24.0,30.0,1.8822133288453933
28.0,48.0,2.2242417886284804
2.0,5.0,0.1776453587804938
18.0,26.0,1.2574222679476117
2.0,2.0,3.0086181519704462
6.0,6.0,6.359959669929522
11.0,13.0,5.196873111429457
31.0,42.0,4.996579188061104
11.0,14.0,0.8811848653532542
11.0,15.0,0.5354955297281422
5.0,7.0,0.6072367672491098
24.0,30.0,1.8822133288453933
35.0,48.0,2.2242417886284804
2.0,5.0,0.1776453587804938
20.0,26.0,1.2574222679476117
2.0,2.0,3.0086181519704462
6.0,6.0,6.359959669929522
12.0,13.0,5.196873111429457
40.0,42.0,4.996579188061104
14.0,14.0,0.8811848653532542
15.0,15.0,0.5354955297281422
7.0,7.0,0.6072367672491098
24.0,30.0,1.8822133288453933
44.0,48.0,2.2242417886284804
4.0,5.0,0.1776453587804938
23.0,26.0,1.2574222679476117
1.0,2.0,1.0830330726268085
1.0,6.0,4.914806439393278
2.0,4.0,0.6420295428175627
3.0,5.0,1.1653827939843089
1.0,11.0,1.9284617160239124
3.0,32.0,5.640045195819676
0.0,12.0,1.0024277496946588
3.0,55.0,3.2579840855767657
1.0,22.0,0.6569662908852936
1.0,21.0,1.2103223650600679
3.0,23.0,0.38127006536872377
1.0,2.0,1.0830330726268085
0.0,6.0,4.914806439393278
1.0,4.0,0.6420295428175627
1.0,5.0,1.1653827939843089
2.0,11.0,1.9284617160239124
6.0,32.0,5.640045195819676
1.0,12.0,1.0024277496946588
10.0,55.0,3.2579840855767657
7.0,22.0,0.6569662908852936
5.0,21.0,1.2103223650600679
4.0,23.0,0.38127006536872377
1.0,2.0,1.0830330726268085
2.0,6.0,4.914806439393278
1.0,4.0,0.6420295428175627
1.0,5.0,1.1653827939843089
3.0,11.0,1.9284617160239124
9.0,32.0,5.640045195819676
1.0,12.0,1.0024277496946588
15.0,55.0,3.2579840855767657
9.0,22.0,0.6569662908852936
6.0,21.0,1.2103223650600679
11.0,23.0,0.38127006536872377
1.0,2.0,1.0830330726268085
3.0,6.0,4.914806439393278
3.0,4.0,0.6420295428175627
3.0,5.0,1.1653827939843089
9.0,11.0,1.9284617160239124
12.0,32.0,5.640045195819676
2.0,12.0,1.0024277496946588
23.0,55.0,3.2579840855767657
9.0,22.0,0.6569662908852936
7.0,21.0,1.2103223650600679
8.0,23.0,0.38127006536872377
1.0,2.0,1.0830330726268085
2.0,6.0,4.914806439393278
2.0,4.0,0.6420295428175627
4.0,5.0,1.1653827939843089
3.0,11.0,1.9284617160239124
17.0,32.0,5.640045195819676
7.0,12.0,1.0024277496946588
28.0,55.0,3.2579840855767657
12.0,22.0,0.6569662908852936
12.0,21.0,1.2103223650600679
13.0,23.0,0.38127006536872377
1.0,2.0,1.0830330726268085
3.0,6.0,4.914806439393278
1.0,4.0,0.6420295428175627
4.0,5.0,1.1653827939843089
10.0,11.0,1.9284617160239124
17.0,32.0,5.640045195819676
11.0,12.0,1.0024277496946588
33.0,55.0,3.2579840855767657
14.0,22.0,0.6569662908852936
16.0,21.0,1.2103223650600679
15.0,23.0,0.38127006536872377
1.0,2.0,1.0830330726268085
3.0,6.0,4.914806439393278
3.0,4.0,0.6420295428175627
4.0,5.0,1.1653827939843089
8.0,11.0,1.9284617160239124
20.0,32.0,5.640045195819676
9.0,12.0,1.0024277496946588
44.0,55.0,3.2579840855767657
16.0,22.0,0.6569662908852936
15.0,21.0,1.2103223650600679
17.0,23.0,0.38127006536872377
2.0,2.0,1.0830330726268085
4.0,6.0,4.914806439393278
3.0,4.0,0.6420295428175627
5.0,5.0,1.1653827939843089
6.0,11.0,1.9284617160239124
30.0,32.0,5.640045195819676
12.0,12.0,1.0024277496946588
41.0,55.0,3.2579840855767657
16.0,22.0,0.6569662908852936
18.0,21.0,1.2103223650600679
17.0,23.0,0.38127006536872377
1.0,2.0,1.0830330726268085
6.0,6.0,4.914806439393278
4.0,4.0,0.6420295428175627
5.0,5.0,1.1653827939843089
9.0,11.0,1.9284617160239124
30.0,32.0,5.640045195819676
12.0,12.0,1.0024277496946588
53.0,55.0,3.2579840855767657
21.0,22.0,0.6569662908852936
20.0,21.0,1.2103223650600679
21.0,23.0,0.38127006536872377
1.0,5.0,6.675561869236996
0.0,5.0,4.151255494615099
1.0,16.0,3.175436955002758
6.0,60.0,6.664229102640066
3.0,14.0,0.6640027474491761
2.0,10.0,0.25829319720469057
1.0,13.0,0.4006706499949448
1.0,8.0,0.40603202424273843
2.0,17.0,1.642807715255173
5.0,36.0,1.7556593631947535
2.0,16.0,0.7359791205525933
2.0,5.0,6.675561869236996
1.0,5.0,4.151255494615099
1.0,16.0,3.175436955002758
12.0,60.0,6.664229102640066
3.0,14.0,0.6640027474491761
3.0,10.0,0.25829319720469057
1.0,13.0,0.4006706499949448
2.0,8.0,0.40603202424273843
2.0,17.0,1.642807715255173
5.0,36.0,1.7556593631947535
2.0,16.0,0.7359791205525933
1.0,5.0,6.675561869236996
2.0,5.0,4.151255494615099
6.0,16.0,3.175436955002758
24.0,60.0,6.664229102640066
5.0,14.0,0.6640027474491761
3.0,10.0,0.25829319720469057
5.0,13.0,0.4006706499949448
4.0,8.0,0.40603202424273843
4.0,17.0,1.642807715255173
7.0,36.0,1.7556593631947535
3.0,16.0,0.7359791205525933
1.0,5.0,6.675561869236996
2.0,5.0,4.151255494615099
9.0,16.0,3.175436955002758
26.0,60.0,6.664229102640066
6.0,14.0,0.6640027474491761
6.0,10.0,0.25829319720469057
4.0,13.0,0.4006706499949448
1.0,8.0,0.40603202424273843
10.0,17.0,1.642807715255173
17.0,36.0,1.7556593631947535
9.0,16.0,0.7359791205525933
3.0,5.0,6.675561869236996
2.0,5.0,4.151255494615099
7.0,16.0,3.175436955002758
28.0,60.0,6.664229102640066
8.0,14.0,0.6640027474491761
2.0,10.0,0.25829319720469057
4.0,13.0,0.4006706499949448
3.0,8.0,0.40603202424273843
9.0,17.0,1.642807715255173
16.0,36.0,1.7556593631947535
6.0,16.0,0.7359791205525933
5.0,5.0,6.675561869236996
2.0,5.0,4.151255494615099
8.0,16.0,3.175436955002758
45.0,60.0,6.664229102640066
10.0,14.0,0.6640027474491761
3.0,10.0,0.25829319720469057
5.0,13.0,0.4006706499949448
7.0,8.0,0.40603202424273843
12.0,17.0,1.642807715255173
26.0,36.0,1.7556593631947535
7.0,16.0,0.7359791205525933
3.0,5.0,6.675561869236996
3.0,5.0,4.151255494615099
9.0,16.0,3.175436955002758
44.0,60.0,6.664229102640066
14.0,14.0,0.6640027474491761
8.0,10.0,0.25829319720469057
10.0,13.0,0.4006706499949448
6.0,8.0,0.40603202424273843
14.0,17.0,1.642807715255173
25.0,36.0,1.7556593631947535
10.0,16.0,0.7359791205525933
2.0,5.0,6.675561869236996
5.0,5.0,4.151255494615099
14.0,16.0,3.175436955002758
50.0,60.0,6.664229102640066
8.0,14.0,0.6640027474491761
9.0,10.0,0.25829319720469057
9.0,13.0,0.4006706499949448
5.0,8.0,0.40603202424273843
15.0,17.0,1.642807715255173
29.0,36.0,1.7556593631947535
13.0,16.0,0.7359791205525933
3.0,5.0,6.675561869236996
4.0,5.0,4.151255494615099
15.0,16.0,3.175436955002758
54.0,60.0,6.664229102640066
14.0,14.0,0.6640027474491761
9.0,10.0,0.25829319720469057
13.0,13.0,0.4006706499949448
6.0,8.0,0.40603202424273843
14.0,17.0,1.642807715255173
31.0,36.0,1.7556593631947535
15.0,16.0,0.7359791205525933
2.0,3.0,5.816152982539853
1.0,19.0,9.04827104383527
2.0,37.0,4.0546166203768585
6.0,32.0,1.5721828582404642
2.0,42.0,1.8914556626009806
3.0,13.0,0.32669148076065546
1.0,5.0,0.25372307708986025
6.0,56.0,3.114789689789826
3.0,12.0,0.3543519007248035
2.0,40.0,1.4135441690378605
3.0,31.0,0.9145297678312917
2.0,3.0,5.816152982539853
5.0,19.0,9.04827104383527
9.0,37.0,4.0546166203768585
10.0,32.0,1.5721828582404642
11.0,42.0,1.8914556626009806
2.0,13.0,0.32669148076065546
0.0,5.0,0.25372307708986025
12.0,56.0,3.114789689789826
4.0,12.0,0.3543519007248035
12.0,40.0,1.4135441690378605
8.0,31.0,0.9145297678312917
2.0,3.0,5.816152982539853
6.0,19.0,9.04827104383527
8.0,37.0,4.0546166203768585
8.0,32.0,1.5721828582404642
13.0,42.0,1.8914556626009806
5.0,13.0,0.32669148076065546
0.0,5.0,0.25372307708986025
16.0,56.0,3.114789689789826
2.0,12.0,0.3543519007248035
13.0,40.0,1.4135441690378605
10.0,31.0,0.9145297678312917
2.0,3.0,5.816152982539853
6.0,19.0,9.04827104383527
11.0,37.0,4.0546166203768585
17.0,32.0,1.5721828582404642
13.0,42.0,1.8914556626009806
5.0,13.0,0.32669148076065546
4.0,5.0,0.25372307708986025
20.0,56.0,3.114789689789826
5.0,12.0,0.3543519007248035
15.0,40.0,1.4135441690378605
15.0,31.0,0.9145297678312917
3.0,3.0,5.816152982539853
11.0,19.0,9.04827104383527
13.0,37.0,4.0546166203768585
15.0,32.0,1.5721828582404642
21.0,42.0,1.8914556626009806
6.0,13.0,0.32669148076065546
2.0,5.0,0.25372307708986025
29.0,56.0,3.114789689789826
6.0,12.0,0.3543519007248035
19.0,40.0,1.4135441690378605
17.0,31.0,0.9145297678312917
3.0,3.0,5.816152982539853
12.0,19.0,9.04827104383527
21.0,37.0,4.0546166203768585
22.0,32.0,1.5721828582404642
25.0,42.0,1.8914556626009806
10.0,13.0,0.32669148076065546
1.0,5.0,0.25372307708986025
32.0,56.0,3.114789689789826
8.0,12.0,0.3543519007248035
24.0,40.0,1.4135441690378605
22.0,31.0,0.9145297678312917
3.0,3.0,5.816152982539853
13.0,19.0,9.04827104383527
26.0,37.0,4.0546166203768585
23.0,32.0,1.5721828582404642
31.0,42.0,1.8914556626009806
10.0,13.0,0.32669148076065546
3.0,5.0,0.25372307708986025
37.0,56.0,3.114789689789826
9.0,12.0,0.3543519007248035
31.0,40.0,1.4135441690378605
23.0,31.0,0.9145297678312917
2.0,3.0,5.816152982539853
13.0,19.0,9.04827104383527
30.0,37.0,4.0546166203768585
27.0,32.0,1.5721828582404642
37.0,42.0,1.8914556626009806
12.0,13.0,0.32669148076065546
4.0,5.0,0.25372307708986025
45.0,56.0,3.114789689789826
12.0,12.0,0.3543519007248035
34.0,40.0,1.4135441690378605
27.0,31.0,0.9145297678312917
3.0,3.0,5.816152982539853
16.0,19.0,9.04827104383527
35.0,37.0,4.0546166203768585
30.0,32.0,1.5721828582404642
40.0,42.0,1.8914556626009806
13.0,13.0,0.32669148076065546
5.0,5.0,0.25372307708986025
49.0,56.0,3.114789689789826
11.0,12.0,0.3543519007248035
37.0,40.0,1.4135441690378605
25.0,31.0,0.9145297678312917
1.0,3.0,4.757221752918278
1.0,6.0,1.944065808322503
0.0,3.0,1.8694285429785662
7.0,33.0,5.600787508490171
3.0,28.0,1.8371729703919786
12.0,80.0,3.265327958771866
0.0,11.0,0.16054610388442922
3.0,34.0,0.8959228201163513
0.0,21.0,0.6006237874823256
9.0,81.0,2.5249792714637413
3.0,41.0,0.7272141042009365
1.0,3.0,4.757221752918278
1.0,6.0,1.944065808322503
0.0,3.0,1.8694285429785662
6.0,33.0,5.600787508490171
7.0,28.0,1.8371729703919786
18.0,80.0,3.265327958771866
4.0,11.0,0.16054610388442922
9.0,34.0,0.8959228201163513
5.0,21.0,0.6006237874823256
13.0,81.0,2.5249792714637413
8.0,41.0,0.7272141042009365
1.0,3.0,4.757221752918278
1.0,6.0,1.944065808322503
1.0,3.0,1.8694285429785662
14.0,33.0,5.600787508490171
9.0,28.0,1.8371729703919786
25.0,80.0,3.265327958771866
6.0,11.0,0.16054610388442922
10.0,34.0,0.8959228201163513
6.0,21.0,0.6006237874823256
19.0,81.0,2.5249792714637413
12.0,41.0,0.7272141042009365
2.0,3.0,4.757221752918278
3.0,6.0,1.944065808322503
2.0,3.0,1.8694285429785662
15.0,33.0,5.600787508490171
10.0,28.0,1.8371729703919786
32.0,80.0,3.265327958771866
2.0,11.0,0.16054610388442922
16.0,34.0,0.8959228201163513
7.0,21.0,0.6006237874823256
36.0,81.0,2.5249792714637413
17.0,41.0,0.7272141042009365
2.0,3.0,4.757221752918278
3.0,6.0,1.944065808322503
2.0,3.0,1.8694285429785662
17.0,33.0,5.600787508490171
13.0,28.0,1.8371729703919786
42.0,80.0,3.265327958771866
6.0,11.0,0.16054610388442922
12.0,34.0,0.8959228201163513
12.0,21.0,0.6006237874823256
41.0,81.0,2.5249792714637413
21.0,41.0,0.7272141042009365
1.0,3.0,4.757221752918278
4.0,6.0,1.944065808322503
2.0,3.0,1.8694285429785662
21.0,33.0,5.600787508490171
16.0,28.0,1.8371729703919786
41.0,80.0,3.265327958771866
7.0,11.0,0.16054610388442922
17.0,34.0,0.8959228201163513
10.0,21.0,0.6006237874823256
43.0,81.0,2.5249792714637413
29.0,41.0,0.7272141042009365
2.0,3.0,4.757221752918278
3.0,6.0,1.944065808322503
3.0,3.0,1.8694285429785662
22.0,33.0,5.600787508490171
23.0,28.0,1.8371729703919786
60.0,80.0,3.265327958771866
5.0,11.0,0.16054610388442922
28.0,34.0,0.8959228201163513
15.0,21.0,0.6006237874823256
51.0,81.0,2.5249792714637413
29.0,41.0,0.7272141042009365
2.0,3.0,4.757221752918278
2.0,6.0,1.944065808322503
3.0,3.0,1.8694285429785662
28.0,33.0,5.600787508490171
24.0,28.0,1.8371729703919786
65.0,80.0,3.265327958771866
8.0,11.0,0.16054610388442922
30.0,34.0,0.8959228201163513
18.0,21.0,0.6006237874823256
58.0,81.0,2.5249792714637413
31.0,41.0,0.7272141042009365
3.0,3.0,4.757221752918278
6.0,6.0,1.944065808322503
2.0,3.0,1.8694285429785662
31.0,33.0,5.600787508490171
25.0,28.0,1.8371729703919786
68.0,80.0,3.265327958771866
11.0,11.0,0.16054610388442922
31.0,34.0,0.8959228201163513
20.0,21.0,0.6006237874823256
76.0,81.0,2.5249792714637413
38.0,41.0,0.7272141042009365
2.0,3.0,3.3620335984643535
0.0,1.0,3.1041173809571685
0.0,9.0,5.475449634075452
1.0,2.0,0.8361546262208718
2.0,7.0,2.1718641106715504
1.0,7.0,1.2001424306380104
1.0,13.0,2.3624692087376062
3.0,27.0,3.2333271685838425
1.0,6.0,1.1556825478508423
2.0,11.0,0.9154411552752271
5.0,47.0,3.08217031994793
1.0,3.0,3.3620335984643535
1.0,1.0,3.1041173809571685
1.0,9.0,5.475449634075452
0.0,2.0,0.8361546262208718
1.0,7.0,2.1718641106715504
2.0,7.0,1.2001424306380104
1.0,13.0,2.3624692087376062
5.0,27.0,3.2333271685838425
2.0,6.0,1.1556825478508423
3.0,11.0,0.9154411552752271
9.0,47.0,3.08217031994793
1.0,3.0,3.3620335984643535
0.0,1.0,3.1041173809571685
3.0,9.0,5.475449634075452
1.0,2.0,0.8361546262208718
2.0,7.0,2.1718641106715504
1.0,7.0,1.2001424306380104
1.0,13.0,2.3624692087376062
5.0,27.0,3.2333271685838425
3.0,6.0,1.1556825478508423
4.0,11.0,0.9154411552752271
11.0,47.0,3.08217031994793
3.0,3.0,3.3620335984643535
1.0,1.0,3.1041173809571685
1.0,9.0,5.475449634075452
1.0,2.0,0.8361546262208718
5.0,7.0,2.1718641106715504
2.0,7.0,1.2001424306380104
4.0,13.0,2.3624692087376062
13.0,27.0,3.2333271685838425
2.0,6.0,1.1556825478508423
2.0,11.0,0.9154411552752271
12.0,47.0,3.08217031994793
1.0,3.0,3.3620335984643535
1.0,1.0,3.1041173809571685
4.0,9.0,5.475449634075452
1.0,2.0,0.8361546262208718
3.0,7.0,2.1718641106715504
4.0,7.0,1.2001424306380104
6.0,13.0,2.3624692087376062
12.0,27.0,3.2333271685838425
2.0,6.0,1.1556825478508423
6.0,11.0,0.9154411552752271
27.0,47.0,3.08217031994793
3.0,3.0,3.3620335984643535
1.0,1.0,3.1041173809571685
7.0,9.0,5.475449634075452
2.0,2.0,0.8361546262208718
3.0,7.0,2.1718641106715504
6.0,7.0,1.2001424306380104
5.0,13.0,2.3624692087376062
13.0,27.0,3.2333271685838425
2.0,6.0,1.1556825478508423
4.0,11.0,0.9154411552752271
28.0,47.0,3.08217031994793
2.0,3.0,3.3620335984643535
1.0,1.0,3.1041173809571685
5.0,9.0,5.475449634075452
1.0,2.0,0.8361546262208718
1.0,7.0,2.1718641106715504
4.0,7.0,1.2001424306380104
12.0,13.0,2.3624692087376062
20.0,27.0,3.2333271685838425
5.0,6.0,1.1556825478508423
7.0,11.0,0.9154411552752271
36.0,47.0,3.08217031994793
2.0,3.0,3.3620335984643535
1.0,1.0,3.1041173809571685
6.0,9.0,5.475449634075452
2.0,2.0,0.8361546262208718
7.0,7.0,2.1718641106715504
6.0,7.0,1.2001424306380104
8.0,13.0,2.3624692087376062
24.0,27.0,3.2333271685838425
5.0,6.0,1.1556825478508423
11.0,11.0,0.9154411552752271
38.0,47.0,3.08217031994793
2.0,3.0,3.3620335984643535
1.0,1.0,3.1041173809571685
8.0,9.0,5.475449634075452
2.0,2.0,0.8361546262208718
6.0,7.0,2.1718641106715504
6.0,7.0,1.2001424306380104
12.0,13.0,2.3624692087376062
26.0,27.0,3.2333271685838425
5.0,6.0,1.1556825478508423
9.0,11.0,0.9154411552752271
43.0,47.0,3.08217031994793
1.0,4.0,7.407407259346365
2.0,10.0,4.535471315395472
0.0,8.0,1.4175934648149378
1.0,16.0,1.9323999496594615
2.0,15.0,1.3645570837264802
3.0,29.0,2.8027191901413464
2.0,40.0,2.0281922982572973
2.0,22.0,0.6554060799343823
0.0,3.0,0.07648654220876716
0.0,6.0,0.18288394587927484
5.0,46.0,2.7972803226085774
1.0,4.0,7.407407259346365
1.0,10.0,4.535471315395472
2.0,8.0,1.4175934648149378
5.0,16.0,1.9323999496594615
4.0,15.0,1.3645570837264802
4.0,29.0,2.8027191901413464
8.0,40.0,2.0281922982572973
8.0,22.0,0.6554060799343823
1.0,3.0,0.07648654220876716
1.0,6.0,0.18288394587927484
7.0,46.0,2.7972803226085774
4.0,4.0,7.407407259346365
2.0,10.0,4.535471315395472
1.0,8.0,1.4175934648149378
4.0,16.0,1.9323999496594615
2.0,15.0,1.3645570837264802
12.0,29.0,2.8027191901413464
15.0,40.0,2.0281922982572973
6.0,22.0,0.6554060799343823
1.0,3.0,0.07648654220876716
3.0,6.0,0.18288394587927484
17.0,46.0,2.7972803226085774
1.0,4.0,7.407407259346365
3.0,10.0,4.535471315395472
5.0,8.0,1.4175934648149378
9.0,16.0,1.9323999496594615
5.0,15.0,1.3645570837264802
14.0,29.0,2.8027191901413464
18.0,40.0,2.0281922982572973
8.0,22.0,0.6554060799343823
2.0,3.0,0.07648654220876716
2.0,6.0,0.18288394587927484
16.0,46.0,2.7972803226085774
2.0,4.0,7.407407259346365
7.0,10.0,4.535471315395472
5.0,8.0,1.4175934648149378
9.0,16.0,1.9323999496594615
8.0,15.0,1.3645570837264802
9.0,29.0,2.8027191901413464
23.0,40.0,2.0281922982572973
11.0,22.0,0.6554060799343823
1.0,3.0,0.07648654220876716
2.0,6.0,0.18288394587927484
20.0,46.0,2.7972803226085774
4.0,4.0,7.407407259346365
6.0,10.0,4.535471315395472
5.0,8.0,1.4175934648149378
11.0,16.0,1.9323999496594615
9.0,15.0,1.3645570837264802
18.0,29.0,2.8027191901413464
19.0,40.0,2.0281922982572973
10.0,22.0,0.6554060799343823
0.0,3.0,0.07648654220876716
2.0,6.0,0.18288394587927484
31.0,46.0,2.7972803226085774
1.0,4.0,7.407407259346365
7.0,10.0,4.535471315395472
5.0,8.0,1.4175934648149378
13.0,16.0,1.9323999496594615
13.0,15.0,1.3645570837264802
18.0,29.0,2.8027191901413464
25.0,40.0,2.0281922982572973
13.0,22.0,0.6554060799343823
2.0,3.0,0.07648654220876716
6.0,6.0,0.18288394587927484
31.0,46.0,2.7972803226085774
4.0,4.0,7.407407259346365
7.0,10.0,4.535471315395472
8.0,8.0,1.4175934648149378
13.0,16.0,1.9323999496594615
12.0,15.0,1.3645570837264802
25.0,29.0,2.8027191901413464
35.0,40.0,2.0281922982572973
16.0,22.0,0.6554060799343823
2.0,3.0,0.07648654220876716
4.0,6.0,0.18288394587927484
32.0,46.0,2.7972803226085774
4.0,4.0,7.407407259346365
9.0,10.0,4.535471315395472
8.0,8.0,1.4175934648149378
15.0,16.0,1.9323999496594615
15.0,15.0,1.3645570837264802
24.0,29.0,2.8027191901413464
37.0,40.0,2.0281922982572973
19.0,22.0,0.6554060799343823
3.0,3.0,0.07648654220876716
6.0,6.0,0.18288394587927484
42.0,46.0,2.7972803226085774
2.0,4.0,6.940418025327357
1.0,4.0,5.118481619351467
1.0,17.0,5.097251029931158
3.0,10.0,1.2403935691488297
2.0,28.0,3.045150271273691
1.0,5.0,0.32473197093480155
5.0,56.0,4.243799308423562
2.0,23.0,0.8422401728502671
2.0,18.0,0.806941696160466
1.0,14.0,0.5950758600536481
1.0,6.0,0.36850989771907644
2.0,4.0,6.940418025327357
2.0,4.0,5.118481619351467
4.0,17.0,5.097251029931158
0.0,10.0,1.2403935691488297
5.0,28.0,3.045150271273691
1.0,5.0,0.32473197093480155
5.0,56.0,4.243799308423562
7.0,23.0,0.8422401728502671
5.0,18.0,0.806941696160466
4.0,14.0,0.5950758600536481
1.0,6.0,0.36850989771907644
3.0,4.0,6.940418025327357
1.0,4.0,5.118481619351467
5.0,17.0,5.097251029931158
2.0,10.0,1.2403935691488297
6.0,28.0,3.045150271273691
2.0,5.0,0.32473197093480155
19.0,56.0,4.243799308423562
11.0,23.0,0.8422401728502671
4.0,18.0,0.806941696160466
6.0,14.0,0.5950758600536481
2.0,6.0,0.36850989771907644
2.0,4.0,6.940418025327357
2.0,4.0,5.118481619351467
6.0,17.0,5.097251029931158
6.0,10.0,1.2403935691488297
18.0,28.0,3.045150271273691
2.0,5.0,0.32473197093480155
27.0,56.0,4.243799308423562
9.0,23.0,0.8422401728502671
9.0,18.0,0.806941696160466
7.0,14.0,0.5950758600536481
0.0,6.0,0.36850989771907644
2.0,4.0,6.940418025327357
3.0,4.0,5.118481619351467
8.0,17.0,5.097251029931158
4.0,10.0,1.2403935691488297
16.0,28.0,3.045150271273691
3.0,5.0,0.32473197093480155
32.0,56.0,4.243799308423562
12.0,23.0,0.8422401728502671
12.0,18.0,0.806941696160466
6.0,14.0,0.5950758600536481
1.0,6.0,0.36850989771907644
2.0,4.0,6.940418025327357
3.0,4.0,5.118481619351467
11.0,17.0,5.097251029931158
4.0,10.0,1.2403935691488297
17.0,28.0,3.045150271273691
3.0,5.0,0.32473197093480155
37.0,56.0,4.243799308423562
10.0,23.0,0.8422401728502671
12.0,18.0,0.806941696160466
6.0,14.0,0.5950758600536481
3.0,6.0,0.36850989771907644
4.0,4.0,6.940418025327357
3.0,4.0,5.118481619351467
13.0,17.0,5.097251029931158
7.0,10.0,1.2403935691488297
20.0,28.0,3.045150271273691
5.0,5.0,0.32473197093480155
31.0,56.0,4.243799308423562
17.0,23.0,0.8422401728502671
12.0,18.0,0.806941696160466
9.0,14.0,0.5950758600536481
4.0,6.0,0.36850989771907644
4.0,4.0,6.940418025327357
4.0,4.0,5.118481619351467
17.0,17.0,5.097251029931158
10.0,10.0,1.2403935691488297
22.0,28.0,3.045150271273691
3.0,5.0,0.32473197093480155
48.0,56.0,4.243799308423562
17.0,23.0,0.8422401728502671
16.0,18.0,0.806941696160466
12.0,14.0,0.5950758600536481
4.0,6.0,0.36850989771907644
4.0,4.0,6.940418025327357
4.0,4.0,5.118481619351467
15.0,17.0,5.097251029931158
9.0,10.0,1.2403935691488297
24.0,28.0,3.045150271273691
5.0,5.0,0.32473197093480155
55.0,56.0,4.243799308423562
22.0,23.0,0.8422401728502671
18.0,18.0,0.806941696160466
12.0,14.0,0.5950758600536481
5.0,6.0,0.36850989771907644
2.0,4.0,4.559180747828643
2.0,27.0,10.1020588385965
2.0,24.0,1.749669442978538
0.0,13.0,0.3739070480795871
7.0,68.0,2.9095553827917873
4.0,54.0,1.2515753190701302
2.0,30.0,0.8581558388948978
6.0,39.0,0.8722925211009879
3.0,17.0,0.4198873921098349
1.0,14.0,0.5205811343290562
2.0,33.0,1.5920016073087921
1.0,4.0,4.559180747828643
6.0,27.0,10.1020588385965
2.0,24.0,1.749669442978538
2.0,13.0,0.3739070480795871
8.0,68.0,2.9095553827917873
8.0,54.0,1.2515753190701302
5.0,30.0,0.8581558388948978
10.0,39.0,0.8722925211009879
4.0,17.0,0.4198873921098349
3.0,14.0,0.5205811343290562
1.0,33.0,1.5920016073087921
1.0,4.0,4.559180747828643
6.0,27.0,10.1020588385965
6.0,24.0,1.749669442978538
3.0,13.0,0.3739070480795871
21.0,68.0,2.9095553827917873
13.0,54.0,1.2515753190701302
9.0,30.0,0.8581558388948978
9.0,39.0,0.8722925211009879
9.0,17.0,0.4198873921098349
5.0,14.0,0.5205811343290562
11.0,33.0,1.5920016073087921
2.0,4.0,4.559180747828643
15.0,27.0,10.1020588385965
9.0,24.0,1.749669442978538
5.0,13.0,0.3739070480795871
30.0,68.0,2.9095553827917873
21.0,54.0,1.2515753190701302
14.0,30.0,0.8581558388948978
12.0,39.0,0.8722925211009879
6.0,17.0,0.4198873921098349
5.0,14.0,0.5205811343290562
13.0,33.0,1.5920016073087921
2.0,4.0,4.559180747828643
15.0,27.0,10.1020588385965
15.0,24.0,1.749669442978538
7.0,13.0,0.3739070480795871
31.0,68.0,2.9095553827917873
29.0,54.0,1.2515753190701302
15.0,30.0,0.8581558388948978
21.0,39.0,0.8722925211009879
7.0,17.0,0.4198873921098349
5.0,14.0,0.5205811343290562
16.0,33.0,1.5920016073087921
3.0,4.0,4.559180747828643
14.0,27.0,10.1020588385965
15.0,24.0,1.749669442978538
11.0,13.0,0.3739070480795871
46.0,68.0,2.9095553827917873
34.0,54.0,1.2515753190701302
18.0,30.0,0.8581558388948978
25.0,39.0,0.8722925211009879
12.0,17.0,0.4198873921098349
9.0,14.0,0.5205811343290562
14.0,33.0,1.5920016073087921
4.0,4.0,4.559180747828643
21.0,27.0,10.1020588385965
15.0,24.0,1.749669442978538
7.0,13.0,0.3739070480795871
41.0,68.0,2.9095553827917873
40.0,54.0,1.2515753190701302
21.0,30.0,0.8581558388948978
25.0,39.0,0.8722925211009879
13.0,17.0,0.4198873921098349
8.0,14.0,0.5205811343290562
24.0,33.0,1.5920016073087921
3.0,4.0,4.559180747828643
24.0,27.0,10.1020588385965
20.0,24.0,1.749669442978538
13.0,13.0,0.3739070480795871
47.0,68.0,2.9095553827917873
47.0,54.0,1.2515753190701302
24.0,30.0,0.8581558388948978
29.0,39.0,0.8722925211009879
13.0,17.0,0.4198873921098349
12.0,14.0,0.5205811343290562
29.0,33.0,1.5920016073087921
3.0,4.0,4.559180747828643
25.0,27.0,10.1020588385965
22.0,24.0,1.749669442978538
13.0,13.0,0.3739070480795871
61.0,68.0,2.9095553827917873
51.0,54.0,1.2515753190701302
25.0,30.0,0.8581558388948978
37.0,39.0,0.8722925211009879
15.0,17.0,0.4198873921098349
13.0,14.0,0.5205811343290562
28.0,33.0,1.5920016073087921
1.0,6.0,1.7878182595068328
1.0,6.0,3.0808322119213383
1.0,7.0,1.5654472721230581
0.0,4.0,0.40036714444390664
2.0,10.0,1.44228517301918
1.0,5.0,0.4814687541071489
1.0,12.0,1.4182528872875833
1.0,18.0,1.4880347958525297
3.0,39.0,2.7797866990514764
0.0,3.0,0.0713770354812862
2.0,23.0,0.9706439112154064
1.0,6.0,1.7878182595068328
1.0,6.0,3.0808322119213383
1.0,7.0,1.5654472721230581
1.0,4.0,0.40036714444390664
4.0,10.0,1.44228517301918
0.0,5.0,0.4814687541071489
2.0,12.0,1.4182528872875833
2.0,18.0,1.4880347958525297
4.0,39.0,2.7797866990514764
1.0,3.0,0.0713770354812862
5.0,23.0,0.9706439112154064
1.0,6.0,1.7878182595068328
3.0,6.0,3.0808322119213383
5.0,7.0,1.5654472721230581
1.0,4.0,0.40036714444390664
0.0,10.0,1.44228517301918
1.0,5.0,0.4814687541071489
2.0,12.0,1.4182528872875833
5.0,18.0,1.4880347958525297
13.0,39.0,2.7797866990514764
2.0,3.0,0.0713770354812862
7.0,23.0,0.9706439112154064
3.0,6.0,1.7878182595068328
4.0,6.0,3.0808322119213383
5.0,7.0,1.5654472721230581
2.0,4.0,0.40036714444390664
7.0,10.0,1.44228517301918
3.0,5.0,0.4814687541071489
6.0,12.0,1.4182528872875833
12.0,18.0,1.4880347958525297
20.0,39.0,2.7797866990514764
1.0,3.0,0.0713770354812862
9.0,23.0,0.9706439112154064
4.0,6.0,1.7878182595068328
2.0,6.0,3.0808322119213383
2.0,7.0,1.5654472721230581
1.0,4.0,0.40036714444390664
5.0,10.0,1.44228517301918
3.0,5.0,0.4814687541071489
8.0,12.0,1.4182528872875833
4.0,18.0,1.4880347958525297
22.0,39.0,2.7797866990514764
1.0,3.0,0.0713770354812862
14.0,23.0,0.9706439112154064
3.0,6.0,1.7878182595068328
4.0,6.0,3.0808322119213383
4.0,7.0,1.5654472721230581
4.0,4.0,0.40036714444390664
5.0,10.0,1.44228517301918
3.0,5.0,0.4814687541071489
9.0,12.0,1.4182528872875833
11.0,18.0,1.4880347958525297
22.0,39.0,2.7797866990514764
2.0,3.0,0.0713770354812862
15.0,23.0,0.9706439112154064
3.0,6.0,1.7878182595068328
3.0,6.0,3.0808322119213383
4.0,7.0,1.5654472721230581
4.0,4.0,0.40036714444390664
7.0,10.0,1.44228517301918
5.0,5.0,0.4814687541071489
6.0,12.0,1.4182528872875833
11.0,18.0,1.4880347958525297
24.0,39.0,2.7797866990514764
2.0,3.0,0.0713770354812862
18.0,23.0,0.9706439112154064
5.0,6.0,1.7878182595068328
6.0,6.0,3.0808322119213383
4.0,7.0,1.5654472721230581
4.0,4.0,0.40036714444390664
9.0,10.0,1.44228517301918
4.0,5.0,0.4814687541071489
10.0,12.0,1.4182528872875833
15.0,18.0,1.4880347958525297
32.0,39.0,2.7797866990514764
3.0,3.0,0.0713770354812862
16.0,23.0,0.9706439112154064
6.0,6.0,1.7878182595068328
3.0,6.0,3.0808322119213383
6.0,7.0,1.5654472721230581
3.0,4.0,0.40036714444390664
6.0,10.0,1.44228517301918
3.0,5.0,0.4814687541071489
11.0,12.0,1.4182528872875833
17.0,18.0,1.4880347958525297
37.0,39.0,2.7797866990514764
2.0,3.0,0.0713770354812862
21.0,23.0,0.9706439112154064
2.0,6.0,5.992199245002626
0.0,5.0,2.157694487495816
3.0,13.0,3.593094287283892
1.0,17.0,1.2790255970267053
1.0,13.0,0.8167757277267266
5.0,54.0,3.7865309872013126
8.0,90.0,2.9521387739669525
5.0,56.0,0.9352999391940772
4.0,43.0,0.8392395491972922
2.0,15.0,0.27941532256241153
1.0,10.0,0.22757206916291395
1.0,6.0,5.992199245002626
2.0,5.0,2.157694487495816
2.0,13.0,3.593094287283892
5.0,17.0,1.2790255970267053
1.0,13.0,0.8167757277267266
6.0,54.0,3.7865309872013126
25.0,90.0,2.9521387739669525
14.0,56.0,0.9352999391940772
8.0,43.0,0.8392395491972922
3.0,15.0,0.27941532256241153
5.0,10.0,0.22757206916291395
3.0,6.0,5.992199245002626
1.0,5.0,2.157694487495816
5.0,13.0,3.593094287283892
5.0,17.0,1.2790255970267053
6.0,13.0,0.8167757277267266
15.0,54.0,3.7865309872013126
32.0,90.0,2.9521387739669525
12.0,56.0,0.9352999391940772
16.0,43.0,0.8392395491972922
6.0,15.0,0.27941532256241153
4.0,10.0,0.22757206916291395
2.0,6.0,5.992199245002626
0.0,5.0,2.157694487495816
3.0,13.0,3.593094287283892
8.0,17.0,1.2790255970267053
5.0,13.0,0.8167757277267266
19.0,54.0,3.7865309872013126
43.0,90.0,2.9521387739669525
19.0,56.0,0.9352999391940772
11.0,43.0,0.8392395491972922
9.0,15.0,0.27941532256241153
2.0,10.0,0.22757206916291395
1.0,6.0,5.992199245002626
4.0,5.0,2.157694487495816
5.0,13.0,3.593094287283892
7.0,17.0,1.2790255970267053
6.0,13.0,0.8167757277267266
27.0,54.0,3.7865309872013126
48.0,90.0,2.9521387739669525
31.0,56.0,0.9352999391940772
27.0,43.0,0.8392395491972922
9.0,15.0,0.27941532256241153
4.0,10.0,0.22757206916291395
3.0,6.0,5.992199245002626
4.0,5.0,2.157694487495816
10.0,13.0,3.593094287283892
10.0,17.0,1.2790255970267053
7.0,13.0,0.8167757277267266
33.0,54.0,3.7865309872013126
59.0,90.0,2.9521387739669525
37.0,56.0,0.9352999391940772
27.0,43.0,0.8392395491972922
9.0,15.0,0.27941532256241153
4.0,10.0,0.22757206916291395
4.0,6.0,5.992199245002626
2.0,5.0,2.157694487495816
11.0,13.0,3.593094287283892
14.0,17.0,1.2790255970267053
9.0,13.0,0.8167757277267266
37.0,54.0,3.7865309872013126
67.0,90.0,2.9521387739669525
40.0,56.0,0.9352999391940772
35.0,43.0,0.8392395491972922
14.0,15.0,0.27941532256241153
7.0,10.0,0.22757206916291395
5.0,6.0,5.992199245002626
3.0,5.0,2.157694487495816
11.0,13.0,3.593094287283892
13.0,17.0,1.2790255970267053
12.0,13.0,0.8167757277267266
44.0,54.0,3.7865309872013126
67.0,90.0,2.9521387739669525
47.0,56.0,0.9352999391940772
34.0,43.0,0.8392395491972922
8.0,15.0,0.27941532256241153
8.0,10.0,0.22757206916291395
5.0,6.0,5.992199245002626
3.0,5.0,2.157694487495816
11.0,13.0,3.593094287283892
14.0,17.0,1.2790255970267053
12.0,13.0,0.8167757277267266
48.0,54.0,3.7865309872013126
80.0,90.0,2.9521387739669525
49.0,56.0,0.9352999391940772
38.0,43.0,0.8392395491972922
14.0,15.0,0.27941532256241153
8.0,10.0,0.22757206916291395
1.0,6.0,7.141451494816902
3.0,10.0,4.804762445016101
2.0,19.0,2.5418145699326136
1.0,9.0,0.8814439877547823
16.0,78.0,5.044989677963401
0.0,8.0,0.4339962820061814
2.0,24.0,1.1437250200848739
1.0,6.0,0.1153424729562295
3.0,24.0,0.8864689472584852
6.0,39.0,2.3568391371438513
4.0,45.0,1.85040841509043
1.0,6.0,7.141451494816902
1.0,10.0,4.804762445016101
5.0,19.0,2.5418145699326136
1.0,9.0,0.8814439877547823
17.0,78.0,5.044989677963401
3.0,8.0,0.4339962820061814
4.0,24.0,1.1437250200848739
2.0,6.0,0.1153424729562295
7.0,24.0,0.8864689472584852
5.0,39.0,2.3568391371438513
6.0,45.0,1.85040841509043
2.0,6.0,7.141451494816902
4.0,10.0,4.804762445016101
8.0,19.0,2.5418145699326136
1.0,9.0,0.8814439877547823
22.0,78.0,5.044989677963401
1.0,8.0,0.4339962820061814
11.0,24.0,1.1437250200848739
2.0,6.0,0.1153424729562295
8.0,24.0,0.8864689472584852
15.0,39.0,2.3568391371438513
17.0,45.0,1.85040841509043
1.0,6.0,7.141451494816902
4.0,10.0,4.804762445016101
7.0,19.0,2.5418145699326136
2.0,9.0,0.8814439877547823
29.0,78.0,5.044989677963401
4.0,8.0,0.4339962820061814
12.0,24.0,1.1437250200848739
0.0,6.0,0.1153424729562295
7.0,24.0,0.8864689472584852
18.0,39.0,2.3568391371438513
16.0,45.0,1.85040841509043
3.0,6.0,7.141451494816902
3.0,10.0,4.804762445016101
10.0,19.0,2.5418145699326136
3.0,9.0,0.8814439877547823
30.0,78.0,5.044989677963401
3.0,8.0,0.4339962820061814
14.0,24.0,1.1437250200848739
2.0,6.0,0.1153424729562295
9.0,24.0,0.8864689472584852
21.0,39.0,2.3568391371438513
26.0,45.0,1.85040841509043
2.0,6.0,7.141451494816902
8.0,10.0,4.804762445016101
11.0,19.0,2.5418145699326136
5.0,9.0,0.8814439877547823
47.0,78.0,5.044989677963401
5.0,8.0,0.4339962820061814
15.0,24.0,1.1437250200848739
3.0,6.0,0.1153424729562295
15.0,24.0,0.8864689472584852
23.0,39.0,2.3568391371438513
26.0,45.0,1.85040841509043
6.0,6.0,7.141451494816902
7.0,10.0,4.804762445016101
12.0,19.0,2.5418145699326136
4.0,9.0,0.8814439877547823
52.0,78.0,5.044989677963401
6.0,8.0,0.4339962820061814
17.0,24.0,1.1437250200848739
5.0,6.0,0.1153424729562295
16.0,24.0,0.8864689472584852
27.0,39.0,2.3568391371438513
31.0,45.0,1.85040841509043
5.0,6.0,7.141451494816902
7.0,10.0,4.804762445016101
13.0,19.0,2.5418145699326136
5.0,9.0,0.8814439877547823
65.0,78.0,5.044989677963401
7.0,8.0,0.4339962820061814
21.0,24.0,1.1437250200848739
4.0,6.0,0.1153424729562295
18.0,24.0,0.8864689472584852
28.0,39.0,2.3568391371438513
36.0,45.0,1.85040841509043
4.0,6.0,7.141451494816902
9.0,10.0,4.804762445016101
18.0,19.0,2.5418145699326136
8.0,9.0,0.8814439877547823
70.0,78.0,5.044989677963401
8.0,8.0,0.4339962820061814
21.0,24.0,1.1437250200848739
6.0,6.0,0.1153424729562295
22.0,24.0,0.8864689472584852
34.0,39.0,2.3568391371438513
39.0,45.0,1.85040841509043
1.0,3.0,2.8030136020549756
2.0,9.0,3.536933424544498
0.0,3.0,1.0599997122963756
4.0,57.0,7.437323592060264
3.0,36.0,1.7562854797681227
4.0,38.0,1.4805038430047572
5.0,30.0,0.8253490276777167
2.0,12.0,0.4920016691260597
4.0,32.0,1.2151879507792012
2.0,16.0,1.341572644300941
0.0,10.0,0.39110409805799107
2.0,3.0,2.8030136020549756
2.0,9.0,3.536933424544498
0.0,3.0,1.0599997122963756
14.0,57.0,7.437323592060264
8.0,36.0,1.7562854797681227
7.0,38.0,1.4805038430047572
5.0,30.0,0.8253490276777167
2.0,12.0,0.4920016691260597
5.0,32.0,1.2151879507792012
4.0,16.0,1.341572644300941
2.0,10.0,0.39110409805799107
1.0,3.0,2.8030136020549756
2.0,9.0,3.536933424544498
2.0,3.0,1.0599997122963756
15.0,57.0,7.437323592060264
11.0,36.0,1.7562854797681227
11.0,38.0,1.4805038430047572
10.0,30.0,0.8253490276777167
4.0,12.0,0.4920016691260597
8.0,32.0,1.2151879507792012
4.0,16.0,1.341572644300941
4.0,10.0,0.39110409805799107
1.0,3.0,2.8030136020549756
5.0,9.0,3.536933424544498
2.0,3.0,1.0599997122963756
18.0,57.0,7.437323592060264
11.0,36.0,1.7562854797681227
20.0,38.0,1.4805038430047572
11.0,30.0,0.8253490276777167
3.0,12.0,0.4920016691260597
10.0,32.0,1.2151879507792012
5.0,16.0,1.341572644300941
3.0,10.0,0.39110409805799107
3.0,3.0,2.8030136020549756
5.0,9.0,3.536933424544498
3.0,3.0,1.0599997122963756
25.0,57.0,7.437323592060264
16.0,36.0,1.7562854797681227
17.0,38.0,1.4805038430047572
16.0,30.0,0.8253490276777167
7.0,12.0,0.4920016691260597
15.0,32.0,1.2151879507792012
7.0,16.0,1.341572644300941
4.0,10.0,0.39110409805799107
2.0,3.0,2.8030136020549756
3.0,9.0,3.536933424544498
2.0,3.0,1.0599997122963756
28.0,57.0,7.437323592060264
19.0,36.0,1.7562854797681227
24.0,38.0,1.4805038430047572
19.0,30.0,0.8253490276777167
8.0,12.0,0.4920016691260597
25.0,32.0,1.2151879507792012
9.0,16.0,1.341572644300941
2.0,10.0,0.39110409805799107
2.0,3.0,2.8030136020549756
8.0,9.0,3.536933424544498
2.0,3.0,1.0599997122963756
36.0,57.0,7.437323592060264
28.0,36.0,1.7562854797681227
25.0,38.0,1.4805038430047572
21.0,30.0,0.8253490276777167
9.0,12.0,0.4920016691260597
22.0,32.0,1.2151879507792012
15.0,16.0,1.341572644300941
4.0,10.0,0.39110409805799107
3.0,3.0,2.8030136020549756
7.0,9.0,3.536933424544498
3.0,3.0,1.0599997122963756
41.0,57.0,7.437323592060264
30.0,36.0,1.7562854797681227
28.0,38.0,1.4805038430047572
26.0,30.0,0.8253490276777167
9.0,12.0,0.4920016691260597
24.0,32.0,1.2151879507792012
13.0,16.0,1.341572644300941
9.0,10.0,0.39110409805799107
3.0,3.0,2.8030136020549756
9.0,9.0,3.536933424544498
2.0,3.0,1.0599997122963756
50.0,57.0,7.437323592060264
30.0,36.0,1.7562854797681227
36.0,38.0,1.4805038430047572
28.0,30.0,0.8253490276777167
12.0,12.0,0.4920016691260597
31.0,32.0,1.2151879507792012
16.0,16.0,1.341572644300941
8.0,10.0,0.39110409805799107
1.0,3.0,2.088811524594943
0.0,5.0,1.3619448434653039
0.0,4.0,1.8404944271407895
1.0,12.0,1.792055865724822
1.0,7.0,1.4597771172815996
0.0,10.0,1.4121790291944045
2.0,10.0,0.972235599340028
1.0,7.0,1.0752667166111125
1.0,16.0,2.7965087215802185
2.0,36.0,3.5602504396643684
1.0,4.0,0.1552668643517461
1.0,3.0,2.088811524594943
2.0,5.0,1.3619448434653039
1.0,4.0,1.8404944271407895
1.0,12.0,1.792055865724822
1.0,7.0,1.4597771172815996
2.0,10.0,1.4121790291944045
1.0,10.0,0.972235599340028
0.0,7.0,1.0752667166111125
5.0,16.0,2.7965087215802185
5.0,36.0,3.5602504396643684
1.0,4.0,0.1552668643517461
2.0,3.0,2.088811524594943
2.0,5.0,1.3619448434653039
2.0,4.0,1.8404944271407895
3.0,12.0,1.792055865724822
2.0,7.0,1.4597771172815996
2.0,10.0,1.4121790291944045
2.0,10.0,0.972235599340028
1.0,7.0,1.0752667166111125
5.0,16.0,2.7965087215802185
12.0,36.0,3.5602504396643684
3.0,4.0,0.1552668643517461
1.0,3.0,2.088811524594943
1.0,5.0,1.3619448434653039
2.0,4.0,1.8404944271407895
3.0,12.0,1.792055865724822
3.0,7.0,1.4597771172815996
4.0,10.0,1.4121790291944045
6.0,10.0,0.972235599340028
5.0,7.0,1.0752667166111125
6.0,16.0,2.7965087215802185
9.0,36.0,3.5602504396643684
1.0,4.0,0.1552668643517461
3.0,3.0,2.088811524594943
4.0,5.0,1.3619448434653039
3.0,4.0,1.8404944271407895
8.0,12.0,1.792055865724822
2.0,7.0,1.4597771172815996
3.0,10.0,1.4121790291944045
5.0,10.0,0.972235599340028
1.0,7.0,1.0752667166111125
9.0,16.0,2.7965087215802185
17.0,36.0,3.5602504396643684
3.0,4.0,0.1552668643517461
1.0,3.0,2.088811524594943
4.0,5.0,1.3619448434653039
2.0,4.0,1.8404944271407895
9.0,12.0,1.792055865724822
4.0,7.0,1.4597771172815996
4.0,10.0,1.4121790291944045
6.0,10.0,0.972235599340028
5.0,7.0,1.0752667166111125
13.0,16.0,2.7965087215802185
21.0,36.0,3.5602504396643684
4.0,4.0,0.1552668643517461
2.0,3.0,2.088811524594943
2.0,5.0,1.3619448434653039
4.0,4.0,1.8404944271407895
5.0,12.0,1.792055865724822
6.0,7.0,1.4597771172815996
6.0,10.0,1.4121790291944045
7.0,10.0,0.972235599340028
6.0,7.0,1.0752667166111125
11.0,16.0,2.7965087215802185
28.0,36.0,3.5602504396643684
4.0,4.0,0.1552668643517461
2.0,3.0,2.088811524594943
4.0,5.0,1.3619448434653039
4.0,4.0,1.8404944271407895
10.0,12.0,1.792055865724822
6.0,7.0,1.4597771172815996
7.0,10.0,1.4121790291944045
9.0,10.0,0.972235599340028
6.0,7.0,1.0752667166111125
15.0,16.0,2.7965087215802185
27.0,36.0,3.5602504396643684
4.0,4.0,0.1552668643517461
3.0,3.0,2.088811524594943
5.0,5.0,1.3619448434653039
4.0,4.0,1.8404944271407895
11.0,12.0,1.792055865724822
7.0,7.0,1.4597771172815996
9.0,10.0,1.4121790291944045
10.0,10.0,0.972235599340028
7.0,7.0,1.0752667166111125
15.0,16.0,2.7965087215802185
31.0,36.0,3.5602504396643684
3.0,4.0,0.1552668643517461
1.0,5.0,8.212665370437353
1.0,5.0,4.27996190310047
0.0,6.0,2.4455131361596862
1.0,4.0,0.6529814479974365
1.0,23.0,3.786039159339955
8.0,38.0,3.2954844427749705
1.0,19.0,0.9117879001287861
6.0,24.0,0.9942610757847601
10.0,65.0,2.6015700318492767
11.0,79.0,2.4639760337195398
2.0,14.0,0.37555514335695134
2.0,5.0,8.212665370437353
0.0,5.0,4.27996190310047
1.0,6.0,2.4455131361596862
1.0,4.0,0.6529814479974365
4.0,23.0,3.786039159339955
7.0,38.0,3.2954844427749705
3.0,19.0,0.9117879001287861
2.0,24.0,0.9942610757847601
13.0,65.0,2.6015700318492767
22.0,79.0,2.4639760337195398
2.0,14.0,0.37555514335695134
1.0,5.0,8.212665370437353
2.0,5.0,4.27996190310047
2.0,6.0,2.4455131361596862
1.0,4.0,0.6529814479974365
11.0,23.0,3.786039159339955
12.0,38.0,3.2954844427749705
7.0,19.0,0.9117879001287861
5.0,24.0,0.9942610757847601
25.0,65.0,2.6015700318492767
31.0,79.0,2.4639760337195398
2.0,14.0,0.37555514335695134
2.0,5.0,8.212665370437353
4.0,5.0,4.27996190310047
3.0,6.0,2.4455131361596862
2.0,4.0,0.6529814479974365
8.0,23.0,3.786039159339955
17.0,38.0,3.2954844427749705
9.0,19.0,0.9117879001287861
10.0,24.0,0.9942610757847601
19.0,65.0,2.6015700318492767
29.0,79.0,2.4639760337195398
9.0,14.0,0.37555514335695134
3.0,5.0,8.212665370437353
0.0,5.0,4.27996190310047
2.0,6.0,2.4455131361596862
1.0,4.0,0.6529814479974365
12.0,23.0,3.786039159339955
19.0,38.0,3.2954844427749705
10.0,19.0,0.9117879001287861
13.0,24.0,0.9942610757847601
33.0,65.0,2.6015700318492767
51.0,79.0,2.4639760337195398
5.0,14.0,0.37555514335695134
4.0,5.0,8.212665370437353
5.0,5.0,4.27996190310047
3.0,6.0,2.4455131361596862
2.0,4.0,0.6529814479974365
16.0,23.0,3.786039159339955
23.0,38.0,3.2954844427749705
13.0,19.0,0.9117879001287861
16.0,24.0,0.9942610757847601
33.0,65.0,2.6015700318492767
49.0,79.0,2.4639760337195398
7.0,14.0,0.37555514335695134
3.0,5.0,8.212665370437353
3.0,5.0,4.27996190310047
6.0,6.0,2.4455131361596862
2.0,4.0,0.6529814479974365
19.0,23.0,3.786039159339955
27.0,38.0,3.2954844427749705
11.0,19.0,0.9117879001287861
16.0,24.0,0.9942610757847601
47.0,65.0,2.6015700318492767
58.0,79.0,2.4639760337195398
9.0,14.0,0.37555514335695134
4.0,5.0,8.212665370437353
4.0,5.0,4.27996190310047
5.0,6.0,2.4455131361596862
4.0,4.0,0.6529814479974365
14.0,23.0,3.786039159339955
32.0,38.0,3.2954844427749705
12.0,19.0,0.9117879001287861
16.0,24.0,0.9942610757847601
55.0,65.0,2.6015700318492767
69.0,79.0,2.4639760337195398
11.0,14.0,0.37555514335695134
4.0,5.0,8.212665370437353
5.0,5.0,4.27996190310047
6.0,6.0,2.4455131361596862
3.0,4.0,0.6529814479974365
21.0,23.0,3.786039159339955
32.0,38.0,3.2954844427749705
18.0,19.0,0.9117879001287861
22.0,24.0,0.9942610757847601
60.0,65.0,2.6015700318492767
69.0,79.0,2.4639760337195398
13.0,14.0,0.37555514335695134
1.0,6.0,2.245181094905583
0.0,11.0,2.978398857356768
4.0,23.0,2.3671876051568654
5.0,87.0,6.058858016311391
1.0,9.0,0.2428396822352754
12.0,96.0,2.6491139872456158
1.0,18.0,0.4417714039654822
3.0,35.0,0.7702657491455236
4.0,46.0,1.03445411885937
3.0,38.0,0.9050213835459165
4.0,19.0,0.5956165756427348
2.0,6.0,2.245181094905583
2.0,11.0,2.978398857356768
6.0,23.0,2.3671876051568654
18.0,87.0,6.058858016311391
1.0,9.0,0.2428396822352754
19.0,96.0,2.6491139872456158
5.0,18.0,0.4417714039654822
10.0,35.0,0.7702657491455236
6.0,46.0,1.03445411885937
7.0,38.0,0.9050213835459165
1.0,19.0,0.5956165756427348
1.0,6.0,2.245181094905583
2.0,11.0,2.978398857356768
9.0,23.0,2.3671876051568654
24.0,87.0,6.058858016311391
4.0,9.0,0.2428396822352754
17.0,96.0,2.6491139872456158
2.0,18.0,0.4417714039654822
17.0,35.0,0.7702657491455236
16.0,46.0,1.03445411885937
15.0,38.0,0.9050213835459165
5.0,19.0,0.5956165756427348
2.0,6.0,2.245181094905583
4.0,11.0,2.978398857356768
11.0,23.0,2.3671876051568654
29.0,87.0,6.058858016311391
5.0,9.0,0.2428396822352754
38.0,96.0,2.6491139872456158
7.0,18.0,0.4417714039654822
15.0,35.0,0.7702657491455236
16.0,46.0,1.03445411885937
16.0,38.0,0.9050213835459165
8.0,19.0,0.5956165756427348
3.0,6.0,2.245181094905583
7.0,11.0,2.978398857356768
14.0,23.0,2.3671876051568654
50.0,87.0,6.058858016311391
5.0,9.0,0.2428396822352754
47.0,96.0,2.6491139872456158
8.0,18.0,0.4417714039654822
16.0,35.0,0.7702657491455236
24.0,46.0,1.03445411885937
22.0,38.0,0.9050213835459165
10.0,19.0,0.5956165756427348
2.0,6.0,2.245181094905583
4.0,11.0,2.978398857356768
13.0,23.0,2.3671876051568654
51.0,87.0,6.058858016311391
6.0,9.0,0.2428396822352754
59.0,96.0,2.6491139872456158
11.0,18.0,0.4417714039654822
21.0,35.0,0.7702657491455236
24.0,46.0,1.03445411885937
23.0,38.0,0.9050213835459165
16.0,19.0,0.5956165756427348
4.0,6.0,2.245181094905583
6.0,11.0,2.978398857356768
18.0,23.0,2.3671876051568654
67.0,87.0,6.058858016311391
7.0,9.0,0.2428396822352754
57.0,96.0,2.6491139872456158
15.0,18.0,0.4417714039654822
26.0,35.0,0.7702657491455236
32.0,46.0,1.03445411885937
29.0,38.0,0.9050213835459165
12.0,19.0,0.5956165756427348
4.0,6.0,2.245181094905583
10.0,11.0,2.978398857356768
18.0,23.0,2.3671876051568654
70.0,87.0,6.058858016311391
6.0,9.0,0.2428396822352754
77.0,96.0,2.6491139872456158
14.0,18.0,0.4417714039654822
29.0,35.0,0.7702657491455236
35.0,46.0,1.03445411885937
31.0,38.0,0.9050213835459165
17.0,19.0,0.5956165756427348
6.0,6.0,2.245181094905583
7.0,11.0,2.978398857356768
21.0,23.0,2.3671876051568654
79.0,87.0,6.058858016311391
9.0,9.0,0.2428396822352754
86.0,96.0,2.6491139872456158
16.0,18.0,0.4417714039654822
33.0,35.0,0.7702657491455236
42.0,46.0,1.03445411885937
35.0,38.0,0.9050213835459165
16.0,19.0,0.5956165756427348
2.0,3.0,8.438851257031383
2.0,2.0,0.4630326969473845
1.0,13.0,5.467971560261329
1.0,9.0,1.2343484846427037
1.0,4.0,0.24123150380962483
2.0,5.0,0.8373386353989284
3.0,26.0,4.292334711789765
1.0,14.0,1.0089247588344075
6.0,55.0,3.5846977090219694
4.0,46.0,1.7482467256483822
1.0,21.0,0.5312378626054914
1.0,3.0,8.438851257031383
1.0,2.0,0.4630326969473845
1.0,13.0,5.467971560261329
1.0,9.0,1.2343484846427037
0.0,4.0,0.24123150380962483
3.0,5.0,0.8373386353989284
2.0,26.0,4.292334711789765
3.0,14.0,1.0089247588344075
12.0,55.0,3.5846977090219694
5.0,46.0,1.7482467256483822
5.0,21.0,0.5312378626054914
1.0,3.0,8.438851257031383
0.0,2.0,0.4630326969473845
2.0,13.0,5.467971560261329
2.0,9.0,1.2343484846427037
1.0,4.0,0.24123150380962483
3.0,5.0,0.8373386353989284
11.0,26.0,4.292334711789765
8.0,14.0,1.0089247588344075
16.0,55.0,3.5846977090219694
13.0,46.0,1.7482467256483822
8.0,21.0,0.5312378626054914
1.0,3.0,8.438851257031383
0.0,2.0,0.4630326969473845
6.0,13.0,5.467971560261329
2.0,9.0,1.2343484846427037
3.0,4.0,0.24123150380962483
3.0,5.0,0.8373386353989284
8.0,26.0,4.292334711789765
4.0,14.0,1.0089247588344075
22.0,55.0,3.5846977090219694
25.0,46.0,1.7482467256483822
5.0,21.0,0.5312378626054914
1.0,3.0,8.438851257031383
1.0,2.0,0.4630326969473845
9.0,13.0,5.467971560261329
5.0,9.0,1.2343484846427037
0.0,4.0,0.24123150380962483
2.0,5.0,0.8373386353989284
15.0,26.0,4.292334711789765
8.0,14.0,1.0089247588344075
29.0,55.0,3.5846977090219694
22.0,46.0,1.7482467256483822
13.0,21.0,0.5312378626054914
2.0,3.0,8.438851257031383
2.0,2.0,0.4630326969473845
8.0,13.0,5.467971560261329
5.0,9.0,1.2343484846427037
1.0,4.0,0.24123150380962483
2.0,5.0,0.8373386353989284
11.0,26.0,4.292334711789765
10.0,14.0,1.0089247588344075
34.0,55.0,3.5846977090219694
27.0,46.0,1.7482467256483822
10.0,21.0,0.5312378626054914
1.0,3.0,8.438851257031383
1.0,2.0,0.4630326969473845
11.0,13.0,5.467971560261329
7.0,9.0,1.2343484846427037
4.0,4.0,0.24123150380962483
2.0,5.0,0.8373386353989284
22.0,26.0,4.292334711789765
9.0,14.0,1.0089247588344075
39.0,55.0,3.5846977090219694
30.0,46.0,1.7482467256483822
14.0,21.0,0.5312378626054914
2.0,3.0,8.438851257031383
2.0,2.0,0.4630326969473845
8.0,13.0,5.467971560261329
8.0,9.0,1.2343484846427037
3.0,4.0,0.24123150380962483
5.0,5.0,0.8373386353989284
23.0,26.0,4.292334711789765
9.0,14.0,1.0089247588344075
43.0,55.0,3.5846977090219694
40.0,46.0,1.7482467256483822
19.0,21.0,0.5312378626054914
2.0,3.0,8.438851257031383
2.0,2.0,0.4630326969473845
13.0,13.0,5.467971560261329
8.0,9.0,1.2343484846427037
4.0,4.0,0.24123150380962483
5.0,5.0,0.8373386353989284
22.0,26.0,4.292334711789765
14.0,14.0,1.0089247588344075
50.0,55.0,3.5846977090219694
43.0,46.0,1.7482467256483822
21.0,21.0,0.5312378626054914
1.0,4.0,10.989598084553496
1.0,10.0,5.032959580910262
1.0,16.0,2.8947693923562894
1.0,5.0,0.5474554390763978
1.0,17.0,1.8775923725602677
3.0,42.0,3.2846706923140707
3.0,8.0,0.3241804790927826
0.0,7.0,0.1707333753145862
8.0,51.0,2.891418184702268
5.0,39.0,1.4978107834301557
0.0,10.0,0.18345439738609953
1.0,4.0,10.989598084553496
1.0,10.0,5.032959580910262
3.0,16.0,2.8947693923562894
2.0,5.0,0.5474554390763978
2.0,17.0,1.8775923725602677
8.0,42.0,3.2846706923140707
3.0,8.0,0.3241804790927826
1.0,7.0,0.1707333753145862
10.0,51.0,2.891418184702268
6.0,39.0,1.4978107834301557
0.0,10.0,0.18345439738609953
1.0,4.0,10.989598084553496
4.0,10.0,5.032959580910262
3.0,16.0,2.8947693923562894
2.0,5.0,0.5474554390763978
2.0,17.0,1.8775923725602677
12.0,42.0,3.2846706923140707
1.0,8.0,0.3241804790927826
2.0,7.0,0.1707333753145862
17.0,51.0,2.891418184702268
11.0,39.0,1.4978107834301557
6.0,10.0,0.18345439738609953
2.0,4.0,10.989598084553496
6.0,10.0,5.032959580910262
7.0,16.0,2.8947693923562894
1.0,5.0,0.5474554390763978
8.0,17.0,1.8775923725602677
15.0,42.0,3.2846706923140707
3.0,8.0,0.3241804790927826
3.0,7.0,0.1707333753145862
22.0,51.0,2.891418184702268
20.0,39.0,1.4978107834301557
6.0,10.0,0.18345439738609953
3.0,4.0,10.989598084553496
6.0,10.0,5.032959580910262
11.0,16.0,2.8947693923562894
3.0,5.0,0.5474554390763978
9.0,17.0,1.8775923725602677
26.0,42.0,3.2846706923140707
1.0,8.0,0.3241804790927826
3.0,7.0,0.1707333753145862
29.0,51.0,2.891418184702268
27.0,39.0,1.4978107834301557
5.0,10.0,0.18345439738609953
2.0,4.0,10.989598084553496
6.0,10.0,5.032959580910262
12.0,16.0,2.8947693923562894
3.0,5.0,0.5474554390763978
12.0,17.0,1.8775923725602677
25.0,42.0,3.2846706923140707
7.0,8.0,0.3241804790927826
3.0,7.0,0.1707333753145862
29.0,51.0,2.891418184702268
28.0,39.0,1.4978107834301557
8.0,10.0,0.18345439738609953
3.0,4.0,10.989598084553496
6.0,10.0,5.032959580910262
11.0,16.0,2.8947693923562894
5.0,5.0,0.5474554390763978
11.0,17.0,1.8775923725602677
33.0,42.0,3.2846706923140707
5.0,8.0,0.3241804790927826
4.0,7.0,0.1707333753145862
40.0,51.0,2.891418184702268
27.0,39.0,1.4978107834301557
9.0,10.0,0.18345439738609953
3.0,4.0,10.989598084553496
7.0,10.0,5.032959580910262
12.0,16.0,2.8947693923562894
4.0,5.0,0.5474554390763978
14.0,17.0,1.8775923725602677
32.0,42.0,3.2846706923140707
7.0,8.0,0.3241804790927826
6.0,7.0,0.1707333753145862
34.0,51.0,2.891418184702268
29.0,39.0,1.4978107834301557
6.0,10.0,0.18345439738609953
4.0,4.0,10.989598084553496
10.0,10.0,5.032959580910262
16.0,16.0,2.8947693923562894
4.0,5.0,0.5474554390763978
15.0,17.0,1.8775923725602677
38.0,42.0,3.2846706923140707
7.0,8.0,0.3241804790927826
5.0,7.0,0.1707333753145862
43.0,51.0,2.891418184702268
36.0,39.0,1.4978107834301557
10.0,10.0,0.18345439738609953
1.0,8.0,9.276173023890788
0.0,4.0,2.8846543718720046
0.0,6.0,1.4798775632838808
2.0,9.0,1.33885019625343
0.0,8.0,1.1301006213737395
2.0,6.0,1.7348820802913434
1.0,5.0,1.1514834912675864
1.0,16.0,1.7522764446693218
1.0,16.0,2.2988401542820935
2.0,15.0,0.8680807247179984
3.0,20.0,0.8617684727814073
1.0,8.0,9.276173023890788
1.0,4.0,2.8846543718720046
1.0,6.0,1.4798775632838808
4.0,9.0,1.33885019625343
1.0,8.0,1.1301006213737395
1.0,6.0,1.7348820802913434
1.0,5.0,1.1514834912675864
3.0,16.0,1.7522764446693218
1.0,16.0,2.2988401542820935
6.0,15.0,0.8680807247179984
4.0,20.0,0.8617684727814073
2.0,8.0,9.276173023890788
2.0,4.0,2.8846543718720046
1.0,6.0,1.4798775632838808
2.0,9.0,1.33885019625343
0.0,8.0,1.1301006213737395
4.0,6.0,1.7348820802913434
4.0,5.0,1.1514834912675864
4.0,16.0,1.7522764446693218
6.0,16.0,2.2988401542820935
6.0,15.0,0.8680807247179984
7.0,20.0,0.8617684727814073
3.0,8.0,9.276173023890788
2.0,4.0,2.8846543718720046
3.0,6.0,1.4798775632838808
3.0,9.0,1.33885019625343
5.0,8.0,1.1301006213737395
3.0,6.0,1.7348820802913434
4.0,5.0,1.1514834912675864
7.0,16.0,1.7522764446693218
6.0,16.0,2.2988401542820935
4.0,15.0,0.8680807247179984
7.0,20.0,0.8617684727814073
6.0,8.0,9.276173023890788
1.0,4.0,2.8846543718720046
4.0,6.0,1.4798775632838808
5.0,9.0,1.33885019625343
1.0,8.0,1.1301006213737395
1.0,6.0,1.7348820802913434
3.0,5.0,1.1514834912675864
8.0,16.0,1.7522764446693218
10.0,16.0,2.2988401542820935
7.0,15.0,0.8680807247179984
9.0,20.0,0.8617684727814073
4.0,8.0,9.276173023890788
2.0,4.0,2.8846543718720046
4.0,6.0,1.4798775632838808
6.0,9.0,1.33885019625343
6.0,8.0,1.1301006213737395
4.0,6.0,1.7348820802913434
1.0,5.0,1.1514834912675864
7.0,16.0,1.7522764446693218
11.0,16.0,2.2988401542820935
11.0,15.0,0.8680807247179984
15.0,20.0,0.8617684727814073
4.0,8.0,9.276173023890788
4.0,4.0,2.8846543718720046
5.0,6.0,1.4798775632838808
7.0,9.0,1.33885019625343
4.0,8.0,1.1301006213737395
2.0,6.0,1.7348820802913434
3.0,5.0,1.1514834912675864
12.0,16.0,1.7522764446693218
12.0,16.0,2.2988401542820935
9.0,15.0,0.8680807247179984
12.0,20.0,0.8617684727814073
5.0,8.0,9.276173023890788
2.0,4.0,2.8846543718720046
5.0,6.0,1.4798775632838808
7.0,9.0,1.33885019625343
7.0,8.0,1.1301006213737395
4.0,6.0,1.7348820802913434
5.0,5.0,1.1514834912675864
13.0,16.0,1.7522764446693218
15.0,16.0,2.2988401542820935
15.0,15.0,0.8680807247179984
16.0,20.0,0.8617684727814073
6.0,8.0,9.276173023890788
3.0,4.0,2.8846543718720046
6.0,6.0,1.4798775632838808
9.0,9.0,1.33885019625343
8.0,8.0,1.1301006213737395
6.0,6.0,1.7348820802913434
5.0,5.0,1.1514834912675864
16.0,16.0,1.7522764446693218
13.0,16.0,2.2988401542820935
14.0,15.0,0.8680807247179984
17.0,20.0,0.8617684727814073
1.0,2.0,2.0432914969428118
0.0,2.0,1.073570842200425
1.0,5.0,3.398425791629397
0.0,3.0,1.5947209042257544
2.0,19.0,3.5705451231666783
6.0,45.0,4.49806408836058
9.0,54.0,2.371839657410947
8.0,53.0,1.5099857101309766
4.0,69.0,1.5424715980124133
13.0,92.0,1.4701146270545296
4.0,24.0,0.31788089568710687
1.0,2.0,2.0432914969428118
2.0,2.0,1.073570842200425
0.0,5.0,3.398425791629397
1.0,3.0,1.5947209042257544
3.0,19.0,3.5705451231666783
13.0,45.0,4.49806408836058
11.0,54.0,2.371839657410947
8.0,53.0,1.5099857101309766
15.0,69.0,1.5424715980124133
13.0,92.0,1.4701146270545296
6.0,24.0,0.31788089568710687
1.0,2.0,2.0432914969428118
2.0,2.0,1.073570842200425
0.0,5.0,3.398425791629397
2.0,3.0,1.5947209042257544
5.0,19.0,3.5705451231666783
15.0,45.0,4.49806408836058
15.0,54.0,2.371839657410947
16.0,53.0,1.5099857101309766
22.0,69.0,1.5424715980124133
30.0,92.0,1.4701146270545296
10.0,24.0,0.31788089568710687
1.0,2.0,2.0432914969428118
1.0,2.0,1.073570842200425
2.0,5.0,3.398425791629397
1.0,3.0,1.5947209042257544
7.0,19.0,3.5705451231666783
12.0,45.0,4.49806408836058
18.0,54.0,2.371839657410947
22.0,53.0,1.5099857101309766
28.0,69.0,1.5424715980124133
32.0,92.0,1.4701146270545296
6.0,24.0,0.31788089568710687
1.0,2.0,2.0432914969428118
2.0,2.0,1.073570842200425
2.0,5.0,3.398425791629397
1.0,3.0,1.5947209042257544
12.0,19.0,3.5705451231666783
19.0,45.0,4.49806408836058
27.0,54.0,2.371839657410947
34.0,53.0,1.5099857101309766
41.0,69.0,1.5424715980124133
38.0,92.0,1.4701146270545296
12.0,24.0,0.31788089568710687
2.0,2.0,2.0432914969428118
2.0,2.0,1.073570842200425
3.0,5.0,3.398425791629397
2.0,3.0,1.5947209042257544
12.0,19.0,3.5705451231666783
27.0,45.0,4.49806408836058
29.0,54.0,2.371839657410947
32.0,53.0,1.5099857101309766
39.0,69.0,1.5424715980124133
56.0,92.0,1.4701146270545296
17.0,24.0,0.31788089568710687
1.0,2.0,2.0432914969428118
2.0,2.0,1.073570842200425
2.0,5.0,3.398425791629397
1.0,3.0,1.5947209042257544
14.0,19.0,3.5705451231666783
28.0,45.0,4.49806408836058
34.0,54.0,2.371839657410947
39.0,53.0,1.5099857101309766
46.0,69.0,1.5424715980124133
67.0,92.0,1.4701146270545296
20.0,24.0,0.31788089568710687
1.0,2.0,2.0432914969428118
2.0,2.0,1.073570842200425
5.0,5.0,3.398425791629397
2.0,3.0,1.5947209042257544
15.0,19.0,3.5705451231666783
38.0,45.0,4.49806408836058
43.0,54.0,2.371839657410947
45.0,53.0,1.5099857101309766
53.0,69.0,1.5424715980124133
71.0,92.0,1.4701146270545296
17.0,24.0,0.31788089568710687
1.0,2.0,2.0432914969428118
1.0,2.0,1.073570842200425
5.0,5.0,3.398425791629397
3.0,3.0,1.5947209042257544
18.0,19.0,3.5705451231666783
42.0,45.0,4.49806408836058
46.0,54.0,2.371839657410947
50.0,53.0,1.5099857101309766
59.0,69.0,1.5424715980124133
85.0,92.0,1.4701146270545296
23.0,24.0,0.31788089568710687
2.0,4.0,1.84793810553002
2.0,5.0,3.502089717134149
3.0,21.0,3.524179550785501
1.0,38.0,3.128271776827364
1.0,10.0,0.4796215433704491
4.0,39.0,1.6057622111508991
1.0,11.0,0.6823188750809295
2.0,17.0,0.8535241608362324
1.0,6.0,0.20348243908726873
2.0,7.0,0.5874240025085289
0.0,19.0,2.165250098027575
2.0,4.0,1.84793810553002
1.0,5.0,3.502089717134149
2.0,21.0,3.524179550785501
4.0,38.0,3.128271776827364
3.0,10.0,0.4796215433704491
7.0,39.0,1.6057622111508991
1.0,11.0,0.6823188750809295
3.0,17.0,0.8535241608362324
1.0,6.0,0.20348243908726873
2.0,7.0,0.5874240025085289
5.0,19.0,2.165250098027575
2.0,4.0,1.84793810553002
1.0,5.0,3.502089717134149
10.0,21.0,3.524179550785501
9.0,38.0,3.128271776827364
2.0,10.0,0.4796215433704491
14.0,39.0,1.6057622111508991
2.0,11.0,0.6823188750809295
5.0,17.0,0.8535241608362324
2.0,6.0,0.20348243908726873
1.0,7.0,0.5874240025085289
5.0,19.0,2.165250098027575
1.0,4.0,1.84793810553002
1.0,5.0,3.502089717134149
7.0,21.0,3.524179550785501
15.0,38.0,3.128271776827364
6.0,10.0,0.4796215433704491
10.0,39.0,1.6057622111508991
5.0,11.0,0.6823188750809295
11.0,17.0,0.8535241608362324
4.0,6.0,0.20348243908726873
1.0,7.0,0.5874240025085289
5.0,19.0,2.165250098027575
2.0,4.0,1.84793810553002
4.0,5.0,3.502089717134149
8.0,21.0,3.524179550785501
22.0,38.0,3.128271776827364
7.0,10.0,0.4796215433704491
20.0,39.0,1.6057622111508991
7.0,11.0,0.6823188750809295
10.0,17.0,0.8535241608362324
4.0,6.0,0.20348243908726873
4.0,7.0,0.5874240025085289
11.0,19.0,2.165250098027575
3.0,4.0,1.84793810553002
5.0,5.0,3.502089717134149
16.0,21.0,3.524179550785501
22.0,38.0,3.128271776827364
8.0,10.0,0.4796215433704491
20.0,39.0,1.6057622111508991
7.0,11.0,0.6823188750809295
14.0,17.0,0.8535241608362324
3.0,6.0,0.20348243908726873
5.0,7.0,0.5874240025085289
15.0,19.0,2.165250098027575
4.0,4.0,1.84793810553002
2.0,5.0,3.502089717134149
14.0,21.0,3.524179550785501
28.0,38.0,3.128271776827364
7.0,10.0,0.4796215433704491
26.0,39.0,1.6057622111508991
10.0,11.0,0.6823188750809295
10.0,17.0,0.8535241608362324
3.0,6.0,0.20348243908726873
5.0,7.0,0.5874240025085289
13.0,19.0,2.165250098027575
4.0,4.0,1.84793810553002
3.0,5.0,3.502089717134149
16.0,21.0,3.524179550785501
29.0,38.0,3.128271776827364
8.0,10.0,0.4796215433704491
34.0,39.0,1.6057622111508991
8.0,11.0,0.6823188750809295
13.0,17.0,0.8535241608362324
5.0,6.0,0.20348243908726873
4.0,7.0,0.5874240025085289
16.0,19.0,2.165250098027575
4.0,4.0,1.84793810553002
5.0,5.0,3.502089717134149
19.0,21.0,3.524179550785501
34.0,38.0,3.128271776827364
10.0,10.0,0.4796215433704491
36.0,39.0,1.6057622111508991
9.0,11.0,0.6823188750809295
14.0,17.0,0.8535241608362324
6.0,6.0,0.20348243908726873
7.0,7.0,0.5874240025085289
15.0,19.0,2.165250098027575
1.0,2.0,5.425662313236583
1.0,2.0,3.01305847643134
1.0,9.0,4.343016058108057
2.0,89.0,11.00445892454998
1.0,3.0,0.02856002021032759
2.0,3.0,0.22083514625255674
5.0,30.0,1.7762703613219575
2.0,19.0,0.9910301974038923
1.0,26.0,0.9923995482054311
1.0,14.0,0.7993821491619258
4.0,44.0,2.1092655441338635
1.0,2.0,5.425662313236583
1.0,2.0,3.01305847643134
1.0,9.0,4.343016058108057
20.0,89.0,11.00445892454998
0.0,3.0,0.02856002021032759
1.0,3.0,0.22083514625255674
2.0,30.0,1.7762703613219575
4.0,19.0,0.9910301974038923
7.0,26.0,0.9923995482054311
2.0,14.0,0.7993821491619258
10.0,44.0,2.1092655441338635
1.0,2.0,5.425662313236583
2.0,2.0,3.01305847643134
2.0,9.0,4.343016058108057
29.0,89.0,11.00445892454998
1.0,3.0,0.02856002021032759
1.0,3.0,0.22083514625255674
9.0,30.0,1.7762703613219575
4.0,19.0,0.9910301974038923
7.0,26.0,0.9923995482054311
4.0,14.0,0.7993821491619258
12.0,44.0,2.1092655441338635
2.0,2.0,5.425662313236583
1.0,2.0,3.01305847643134
4.0,9.0,4.343016058108057
39.0,89.0,11.00445892454998
1.0,3.0,0.02856002021032759
1.0,3.0,0.22083514625255674
9.0,30.0,1.7762703613219575
6.0,19.0,0.9910301974038923
11.0,26.0,0.9923995482054311
6.0,14.0,0.7993821491619258
18.0,44.0,2.1092655441338635
1.0,2.0,5.425662313236583
0.0,2.0,3.01305847643134
5.0,9.0,4.343016058108057
37.0,89.0,11.00445892454998
2.0,3.0,0.02856002021032759
2.0,3.0,0.22083514625255674
18.0,30.0,1.7762703613219575
11.0,19.0,0.9910301974038923
13.0,26.0,0.9923995482054311
9.0,14.0,0.7993821491619258
19.0,44.0,2.1092655441338635
1.0,2.0,5.425662313236583
0.0,2.0,3.01305847643134
3.0,9.0,4.343016058108057
50.0,89.0,11.00445892454998
1.0,3.0,0.02856002021032759
2.0,3.0,0.22083514625255674
16.0,30.0,1.7762703613219575
11.0,19.0,0.9910301974038923
20.0,26.0,0.9923995482054311
8.0,14.0,0.7993821491619258
25.0,44.0,2.1092655441338635
1.0,2.0,5.425662313236583
2.0,2.0,3.01305847643134
6.0,9.0,4.343016058108057
65.0,89.0,11.00445892454998
2.0,3.0,0.02856002021032759
1.0,3.0,0.22083514625255674
22.0,30.0,1.7762703613219575
15.0,19.0,0.9910301974038923
20.0,26.0,0.9923995482054311
10.0,14.0,0.7993821491619258
31.0,44.0,2.1092655441338635
2.0,2.0,5.425662313236583
2.0,2.0,3.01305847643134
7.0,9.0,4.343016058108057
73.0,89.0,11.00445892454998
3.0,3.0,0.02856002021032759
3.0,3.0,0.22083514625255674
24.0,30.0,1.7762703613219575
17.0,19.0,0.9910301974038923
20.0,26.0,0.9923995482054311
11.0,14.0,0.7993821491619258
34.0,44.0,2.1092655441338635
2.0,2.0,5.425662313236583
1.0,2.0,3.01305847643134
9.0,9.0,4.343016058108057
76.0,89.0,11.00445892454998
2.0,3.0,0.02856002021032759
3.0,3.0,0.22083514625255674
25.0,30.0,1.7762703613219575
15.0,19.0,0.9910301974038923
25.0,26.0,0.9923995482054311
12.0,14.0,0.7993821491619258
40.0,44.0,2.1092655441338635
1.0,3.0,7.100342747906566
1.0,8.0,1.7296562727701972
2.0,10.0,1.9097044869164734
0.0,6.0,0.49442979646315743
1.0,19.0,2.404475804059228
3.0,36.0,2.8564706220236458
7.0,63.0,2.902351303438276
0.0,6.0,0.17956005159242305
9.0,60.0,1.5421773555955467
3.0,19.0,0.433453924149965
0.0,10.0,0.4406390328975767
1.0,3.0,7.100342747906566
1.0,8.0,1.7296562727701972
3.0,10.0,1.9097044869164734
1.0,6.0,0.49442979646315743
4.0,19.0,2.404475804059228
6.0,36.0,2.8564706220236458
9.0,63.0,2.902351303438276
0.0,6.0,0.17956005159242305
13.0,60.0,1.5421773555955467
1.0,19.0,0.433453924149965
1.0,10.0,0.4406390328975767
2.0,3.0,7.100342747906566
2.0,8.0,1.7296562727701972
3.0,10.0,1.9097044869164734
1.0,6.0,0.49442979646315743
5.0,19.0,2.404475804059228
10.0,36.0,2.8564706220236458
21.0,63.0,2.902351303438276
4.0,6.0,0.17956005159242305
15.0,60.0,1.5421773555955467
10.0,19.0,0.433453924149965
6.0,10.0,0.4406390328975767
3.0,3.0,7.100342747906566
2.0,8.0,1.7296562727701972
4.0,10.0,1.9097044869164734
3.0,6.0,0.49442979646315743
9.0,19.0,2.404475804059228
18.0,36.0,2.8564706220236458
25.0,63.0,2.902351303438276
3.0,6.0,0.17956005159242305
22.0,60.0,1.5421773555955467
6.0,19.0,0.433453924149965
2.0,10.0,0.4406390328975767
1.0,3.0,7.100342747906566
2.0,8.0,1.7296562727701972
3.0,10.0,1.9097044869164734
5.0,6.0,0.49442979646315743
7.0,19.0,2.404475804059228
20.0,36.0,2.8564706220236458
31.0,63.0,2.902351303438276
2.0,6.0,0.17956005159242305
25.0,60.0,1.5421773555955467
9.0,19.0,0.433453924149965
3.0,10.0,0.4406390328975767
1.0,3.0,7.100342747906566
1.0,8.0,1.7296562727701972
3.0,10.0,1.9097044869164734
3.0,6.0,0.49442979646315743
14.0,19.0,2.404475804059228
26.0,36.0,2.8564706220236458
37.0,63.0,2.902351303438276
5.0,6.0,0.17956005159242305
37.0,60.0,1.5421773555955467
9.0,19.0,0.433453924149965
8.0,10.0,0.4406390328975767
2.0,3.0,7.100342747906566
7.0,8.0,1.7296562727701972
9.0,10.0,1.9097044869164734
4.0,6.0,0.49442979646315743
13.0,19.0,2.404475804059228
23.0,36.0,2.8564706220236458
40.0,63.0,2.902351303438276
2.0,6.0,0.17956005159242305
48.0,60.0,1.5421773555955467
12.0,19.0,0.433453924149965
4.0,10.0,0.4406390328975767
2.0,3.0,7.100342747906566
6.0,8.0,1.7296562727701972
9.0,10.0,1.9097044869164734
5.0,6.0,0.49442979646315743
13.0,19.0,2.404475804059228
27.0,36.0,2.8564706220236458
47.0,63.0,2.902351303438276
5.0,6.0,0.17956005159242305
50.0,60.0,1.5421773555955467
16.0,19.0,0.433453924149965
10.0,10.0,0.4406390328975767
3.0,3.0,7.100342747906566
7.0,8.0,1.7296562727701972
8.0,10.0,1.9097044869164734
4.0,6.0,0.49442979646315743
17.0,19.0,2.404475804059228
31.0,36.0,2.8564706220236458
56.0,63.0,2.902351303438276
5.0,6.0,0.17956005159242305
55.0,60.0,1.5421773555955467
16.0,19.0,0.433453924149965
10.0,10.0,0.4406390328975767
1.0,5.0,8.354387825707713
4.0,41.0,10.5788884526779
2.0,24.0,1.9632646799371505
3.0,46.0,1.978167026067789
2.0,46.0,1.3986602813943803
1.0,11.0,0.5128046133586678
7.0,46.0,1.4879914604251656
1.0,10.0,0.6487555169970103
2.0,13.0,0.45474013241383615
0.0,4.0,0.2691116045027675
1.0,4.0,0.263159212665948
1.0,5.0,8.354387825707713
7.0,41.0,10.5788884526779
5.0,24.0,1.9632646799371505
14.0,46.0,1.978167026067789
11.0,46.0,1.3986602813943803
3.0,11.0,0.5128046133586678
10.0,46.0,1.4879914604251656
2.0,10.0,0.6487555169970103
4.0,13.0,0.45474013241383615
1.0,4.0,0.2691116045027675
0.0,4.0,0.263159212665948
1.0,5.0,8.354387825707713
9.0,41.0,10.5788884526779
7.0,24.0,1.9632646799371505
13.0,46.0,1.978167026067789
16.0,46.0,1.3986602813943803
5.0,11.0,0.5128046133586678
15.0,46.0,1.4879914604251656
4.0,10.0,0.6487555169970103
4.0,13.0,0.45474013241383615
3.0,4.0,0.2691116045027675
1.0,4.0,0.263159212665948
1.0,5.0,8.354387825707713
17.0,41.0,10.5788884526779
10.0,24.0,1.9632646799371505
10.0,46.0,1.978167026067789
18.0,46.0,1.3986602813943803
4.0,11.0,0.5128046133586678
22.0,46.0,1.4879914604251656
2.0,10.0,0.6487555169970103
6.0,13.0,0.45474013241383615
2.0,4.0,0.2691116045027675
1.0,4.0,0.263159212665948
3.0,5.0,8.354387825707713
18.0,41.0,10.5788884526779
13.0,24.0,1.9632646799371505
24.0,46.0,1.978167026067789
26.0,46.0,1.3986602813943803
7.0,11.0,0.5128046133586678
23.0,46.0,1.4879914604251656
7.0,10.0,0.6487555169970103
6.0,13.0,0.45474013241383615
2.0,4.0,0.2691116045027675
3.0,4.0,0.263159212665948
4.0,5.0,8.354387825707713
26.0,41.0,10.5788884526779
16.0,24.0,1.9632646799371505
24.0,46.0,1.978167026067789
26.0,46.0,1.3986602813943803
4.0,11.0,0.5128046133586678
28.0,46.0,1.4879914604251656
3.0,10.0,0.6487555169970103
11.0,13.0,0.45474013241383615
2.0,4.0,0.2691116045027675
2.0,4.0,0.263159212665948
3.0,5.0,8.354387825707713
27.0,41.0,10.5788884526779
18.0,24.0,1.9632646799371505
36.0,46.0,1.978167026067789
29.0,46.0,1.3986602813943803
8.0,11.0,0.5128046133586678
32.0,46.0,1.4879914604251656
7.0,10.0,0.6487555169970103
9.0,13.0,0.45474013241383615
2.0,4.0,0.2691116045027675
4.0,4.0,0.263159212665948
5.0,5.0,8.354387825707713
35.0,41.0,10.5788884526779
18.0,24.0,1.9632646799371505
37.0,46.0,1.978167026067789
38.0,46.0,1.3986602813943803
11.0,11.0,0.5128046133586678
38.0,46.0,1.4879914604251656
9.0,10.0,0.6487555169970103
12.0,13.0,0.45474013241383615
4.0,4.0,0.2691116045027675
4.0,4.0,0.263159212665948
5.0,5.0,8.354387825707713
37.0,41.0,10.5788884526779
20.0,24.0,1.9632646799371505
45.0,46.0,1.978167026067789
43.0,46.0,1.3986602813943803
11.0,11.0,0.5128046133586678
40.0,46.0,1.4879914604251656
9.0,10.0,0.6487555169970103
13.0,13.0,0.45474013241383615
4.0,4.0,0.2691116045027675
4.0,4.0,0.263159212665948
1.0,3.0,5.307012453120532
0.0,2.0,2.8533762643096487
1.0,6.0,1.7458797870133442
1.0,13.0,5.8431467307957226
1.0,12.0,1.3565478564969686
5.0,26.0,3.900959942116462
2.0,18.0,1.175509934221294
2.0,21.0,0.9487489257477951
2.0,5.0,0.38906703146873195
2.0,9.0,0.6360231281991633
1.0,21.0,1.8129563023734814
1.0,3.0,5.307012453120532
1.0,2.0,2.8533762643096487
1.0,6.0,1.7458797870133442
3.0,13.0,5.8431467307957226
2.0,12.0,1.3565478564969686
1.0,26.0,3.900959942116462
2.0,18.0,1.175509934221294
1.0,21.0,0.9487489257477951
2.0,5.0,0.38906703146873195
2.0,9.0,0.6360231281991633
3.0,21.0,1.8129563023734814
1.0,3.0,5.307012453120532
1.0,2.0,2.8533762643096487
2.0,6.0,1.7458797870133442
7.0,13.0,5.8431467307957226
3.0,12.0,1.3565478564969686
10.0,26.0,3.900959942116462
6.0,18.0,1.175509934221294
6.0,21.0,0.9487489257477951
1.0,5.0,0.38906703146873195
4.0,9.0,0.6360231281991633
4.0,21.0,1.8129563023734814
2.0,3.0,5.307012453120532
2.0,2.0,2.8533762643096487
3.0,6.0,1.7458797870133442
4.0,13.0,5.8431467307957226
7.0,12.0,1.3565478564969686
10.0,26.0,3.900959942116462
8.0,18.0,1.175509934221294
10.0,21.0,0.9487489257477951
2.0,5.0,0.38906703146873195
2.0,9.0,0.6360231281991633
9.0,21.0,1.8129563023734814
2.0,3.0,5.307012453120532
1.0,2.0,2.8533762643096487
3.0,6.0,1.7458797870133442
7.0,13.0,5.8431467307957226
8.0,12.0,1.3565478564969686
18.0,26.0,3.900959942116462
11.0,18.0,1.175509934221294
10.0,21.0,0.9487489257477951
3.0,5.0,0.38906703146873195
6.0,9.0,0.6360231281991633
11.0,21.0,1.8129563023734814
2.0,3.0,5.307012453120532
1.0,2.0,2.8533762643096487
6.0,6.0,1.7458797870133442
4.0,13.0,5.8431467307957226
5.0,12.0,1.3565478564969686
19.0,26.0,3.900959942116462
12.0,18.0,1.175509934221294
15.0,21.0,0.9487489257477951
4.0,5.0,0.38906703146873195
7.0,9.0,0.6360231281991633
12.0,21.0,1.8129563023734814
2.0,3.0,5.307012453120532
1.0,2.0,2.8533762643096487
4.0,6.0,1.7458797870133442
10.0,13.0,5.8431467307957226
10.0,12.0,1.3565478564969686
20.0,26.0,3.900959942116462
10.0,18.0,1.175509934221294
17.0,21.0,0.9487489257477951
4.0,5.0,0.38906703146873195
7.0,9.0,0.6360231281991633
15.0,21.0,1.8129563023734814
1.0,3.0,5.307012453120532
2.0,2.0,2.8533762643096487
5.0,6.0,1.7458797870133442
12.0,13.0,5.8431467307957226
9.0,12.0,1.3565478564969686
20.0,26.0,3.900959942116462
13.0,18.0,1.175509934221294
17.0,21.0,0.9487489257477951
3.0,5.0,0.38906703146873195
7.0,9.0,0.6360231281991633
16.0,21.0,1.8129563023734814
3.0,3.0,5.307012453120532
2.0,2.0,2.8533762643096487
5.0,6.0,1.7458797870133442
12.0,13.0,5.8431467307957226
12.0,12.0,1.3565478564969686
22.0,26.0,3.900959942116462
17.0,18.0,1.175509934221294
19.0,21.0,0.9487489257477951
5.0,5.0,0.38906703146873195
8.0,9.0,0.6360231281991633
18.0,21.0,1.8129563023734814
1.0,7.0,5.566304225081157
1.0,9.0,3.853611027197855
1.0,20.0,2.8572875942829743
1.0,3.0,0.28770559435498616
2.0,16.0,1.2372286783131405
1.0,16.0,1.7688031622807128
2.0,16.0,0.9910066809260077
3.0,16.0,1.0492367289504236
1.0,17.0,1.3236910495575744
2.0,47.0,2.3535675775243914
4.0,22.0,0.5779810075726339
2.0,7.0,5.566304225081157
0.0,9.0,3.853611027197855
2.0,20.0,2.8572875942829743
3.0,3.0,0.28770559435498616
5.0,16.0,1.2372286783131405
3.0,16.0,1.7688031622807128
1.0,16.0,0.9910066809260077
6.0,16.0,1.0492367289504236
4.0,17.0,1.3236910495575744
4.0,47.0,2.3535675775243914
4.0,22.0,0.5779810075726339
3.0,7.0,5.566304225081157
4.0,9.0,3.853611027197855
5.0,20.0,2.8572875942829743
1.0,3.0,0.28770559435498616
5.0,16.0,1.2372286783131405
6.0,16.0,1.7688031622807128
4.0,16.0,0.9910066809260077
5.0,16.0,1.0492367289504236
9.0,17.0,1.3236910495575744
13.0,47.0,2.3535675775243914
4.0,22.0,0.5779810075726339
3.0,7.0,5.566304225081157
4.0,9.0,3.853611027197855
8.0,20.0,2.8572875942829743
0.0,3.0,0.28770559435498616
7.0,16.0,1.2372286783131405
3.0,16.0,1.7688031622807128
9.0,16.0,0.9910066809260077
6.0,16.0,1.0492367289504236
10.0,17.0,1.3236910495575744
18.0,47.0,2.3535675775243914
10.0,22.0,0.5779810075726339
5.0,7.0,5.566304225081157
3.0,9.0,3.853611027197855
13.0,20.0,2.8572875942829743
1.0,3.0,0.28770559435498616
8.0,16.0,1.2372286783131405
7.0,16.0,1.7688031622807128
10.0,16.0,0.9910066809260077
10.0,16.0,1.0492367289504236
9.0,17.0,1.3236910495575744
15.0,47.0,2.3535675775243914
11.0,22.0,0.5779810075726339
6.0,7.0,5.566304225081157
8.0,9.0,3.853611027197855
14.0,20.0,2.8572875942829743
2.0,3.0,0.28770559435498616
11.0,16.0,1.2372286783131405
5.0,16.0,1.7688031622807128
10.0,16.0,0.9910066809260077
7.0,16.0,1.0492367289504236
14.0,17.0,1.3236910495575744
31.0,47.0,2.3535675775243914
16.0,22.0,0.5779810075726339
5.0,7.0,5.566304225081157
7.0,9.0,3.853611027197855
15.0,20.0,2.8572875942829743
3.0,3.0,0.28770559435498616
14.0,16.0,1.2372286783131405
10.0,16.0,1.7688031622807128
12.0,16.0,0.9910066809260077
8.0,16.0,1.0492367289504236
12.0,17.0,1.3236910495575744
37.0,47.0,2.3535675775243914
13.0,22.0,0.5779810075726339
6.0,7.0,5.566304225081157
8.0,9.0,3.853611027197855
18.0,20.0,2.8572875942829743
2.0,3.0,0.28770559435498616
12.0,16.0,1.2372286783131405
11.0,16.0,1.7688031622807128
13.0,16.0,0.9910066809260077
10.0,16.0,1.0492367289504236
14.0,17.0,1.3236910495575744
39.0,47.0,2.3535675775243914
18.0,22.0,0.5779810075726339
6.0,7.0,5.566304225081157
7.0,9.0,3.853611027197855
17.0,20.0,2.8572875942829743
3.0,3.0,0.28770559435498616
15.0,16.0,1.2372286783131405
11.0,16.0,1.7688031622807128
14.0,16.0,0.9910066809260077
13.0,16.0,1.0492367289504236
15.0,17.0,1.3236910495575744
42.0,47.0,2.3535675775243914
18.0,22.0,0.5779810075726339
2.0,14.0,10.638152313683957
0.0,4.0,0.9599945317602151
2.0,12.0,1.6264445414898132
1.0,14.0,1.8244966232930522
1.0,33.0,2.4448818421074954
1.0,12.0,0.7353219434523516
1.0,12.0,1.005450090745301
6.0,38.0,2.4301077875703743
1.0,28.0,1.79718501828
4.0,27.0,1.2521849480356981
7.0,37.0,1.3765498093708992
3.0,14.0,10.638152313683957
1.0,4.0,0.9599945317602151
0.0,12.0,1.6264445414898132
2.0,14.0,1.8244966232930522
8.0,33.0,2.4448818421074954
1.0,12.0,0.7353219434523516
3.0,12.0,1.005450090745301
5.0,38.0,2.4301077875703743
4.0,28.0,1.79718501828
8.0,27.0,1.2521849480356981
9.0,37.0,1.3765498093708992
4.0,14.0,10.638152313683957
1.0,4.0,0.9599945317602151
5.0,12.0,1.6264445414898132
3.0,14.0,1.8244966232930522
15.0,33.0,2.4448818421074954
4.0,12.0,0.7353219434523516
5.0,12.0,1.005450090745301
12.0,38.0,2.4301077875703743
10.0,28.0,1.79718501828
8.0,27.0,1.2521849480356981
11.0,37.0,1.3765498093708992
6.0,14.0,10.638152313683957
1.0,4.0,0.9599945317602151
1.0,12.0,1.6264445414898132
4.0,14.0,1.8244966232930522
13.0,33.0,2.4448818421074954
6.0,12.0,0.7353219434523516
6.0,12.0,1.005450090745301
15.0,38.0,2.4301077875703743
5.0,28.0,1.79718501828
9.0,27.0,1.2521849480356981
14.0,37.0,1.3765498093708992
9.0,14.0,10.638152313683957
3.0,4.0,0.9599945317602151
4.0,12.0,1.6264445414898132
4.0,14.0,1.8244966232930522
20.0,33.0,2.4448818421074954
8.0,12.0,0.7353219434523516
9.0,12.0,1.005450090745301
20.0,38.0,2.4301077875703743
13.0,28.0,1.79718501828
10.0,27.0,1.2521849480356981
23.0,37.0,1.3765498093708992
6.0,14.0,10.638152313683957
0.0,4.0,0.9599945317602151
6.0,12.0,1.6264445414898132
11.0,14.0,1.8244966232930522
11.0,33.0,2.4448818421074954
6.0,12.0,0.7353219434523516
10.0,12.0,1.005450090745301
24.0,38.0,2.4301077875703743
15.0,28.0,1.79718501828
15.0,27.0,1.2521849480356981
24.0,37.0,1.3765498093708992
11.0,14.0,10.638152313683957
2.0,4.0,0.9599945317602151
8.0,12.0,1.6264445414898132
11.0,14.0,1.8244966232930522
22.0,33.0,2.4448818421074954
7.0,12.0,0.7353219434523516
8.0,12.0,1.005450090745301
27.0,38.0,2.4301077875703743
22.0,28.0,1.79718501828
19.0,27.0,1.2521849480356981
30.0,37.0,1.3765498093708992
13.0,14.0,10.638152313683957
4.0,4.0,0.9599945317602151
9.0,12.0,1.6264445414898132
11.0,14.0,1.8244966232930522
27.0,33.0,2.4448818421074954
10.0,12.0,0.7353219434523516
10.0,12.0,1.005450090745301
29.0,38.0,2.4301077875703743
26.0,28.0,1.79718501828
22.0,27.0,1.2521849480356981
33.0,37.0,1.3765498093708992
14.0,14.0,10.638152313683957
2.0,4.0,0.9599945317602151
11.0,12.0,1.6264445414898132
12.0,14.0,1.8244966232930522
32.0,33.0,2.4448818421074954
12.0,12.0,0.7353219434523516
11.0,12.0,1.005450090745301
31.0,38.0,2.4301077875703743
26.0,28.0,1.79718501828
26.0,27.0,1.2521849480356981
32.0,37.0,1.3765498093708992
3.0,4.0,6.904239894277524
1.0,14.0,7.0146936121702685
0.0,15.0,1.8684591871726879
0.0,9.0,0.8210678594595813
4.0,20.0,1.7080240572865
1.0,26.0,1.3514518495173897
10.0,73.0,3.2488470125786177
9.0,84.0,2.137174519180812
4.0,22.0,0.314920461151156
0.0,13.0,0.44493569984241
4.0,24.0,0.6904969905190939
3.0,4.0,6.904239894277524
2.0,14.0,7.0146936121702685
4.0,15.0,1.8684591871726879
2.0,9.0,0.8210678594595813
3.0,20.0,1.7080240572865
6.0,26.0,1.3514518495173897
15.0,73.0,3.2488470125786177
10.0,84.0,2.137174519180812
3.0,22.0,0.314920461151156
3.0,13.0,0.44493569984241
5.0,24.0,0.6904969905190939
3.0,4.0,6.904239894277524
2.0,14.0,7.0146936121702685
1.0,15.0,1.8684591871726879
1.0,9.0,0.8210678594595813
4.0,20.0,1.7080240572865
10.0,26.0,1.3514518495173897
29.0,73.0,3.2488470125786177
22.0,84.0,2.137174519180812
3.0,22.0,0.314920461151156
4.0,13.0,0.44493569984241
7.0,24.0,0.6904969905190939
3.0,4.0,6.904239894277524
7.0,14.0,7.0146936121702685
5.0,15.0,1.8684591871726879
6.0,9.0,0.8210678594595813
7.0,20.0,1.7080240572865
6.0,26.0,1.3514518495173897
29.0,73.0,3.2488470125786177
42.0,84.0,2.137174519180812
5.0,22.0,0.314920461151156
6.0,13.0,0.44493569984241
9.0,24.0,0.6904969905190939
2.0,4.0,6.904239894277524
8.0,14.0,7.0146936121702685
7.0,15.0,1.8684591871726879
4.0,9.0,0.8210678594595813
8.0,20.0,1.7080240572865
16.0,26.0,1.3514518495173897
32.0,73.0,3.2488470125786177
51.0,84.0,2.137174519180812
11.0,22.0,0.314920461151156
7.0,13.0,0.44493569984241
11.0,24.0,0.6904969905190939
3.0,4.0,6.904239894277524
8.0,14.0,7.0146936121702685
11.0,15.0,1.8684591871726879
6.0,9.0,0.8210678594595813
11.0,20.0,1.7080240572865
18.0,26.0,1.3514518495173897
54.0,73.0,3.2488470125786177
49.0,84.0,2.137174519180812
12.0,22.0,0.314920461151156
8.0,13.0,0.44493569984241
17.0,24.0,0.6904969905190939
4.0,4.0,6.904239894277524
10.0,14.0,7.0146936121702685
7.0,15.0,1.8684591871726879
8.0,9.0,0.8210678594595813
14.0,20.0,1.7080240572865
18.0,26.0,1.3514518495173897
42.0,73.0,3.2488470125786177
67.0,84.0,2.137174519180812
16.0,22.0,0.314920461151156
10.0,13.0,0.44493569984241
17.0,24.0,0.6904969905190939
3.0,4.0,6.904239894277524
10.0,14.0,7.0146936121702685
13.0,15.0,1.8684591871726879
7.0,9.0,0.8210678594595813
15.0,20.0,1.7080240572865
20.0,26.0,1.3514518495173897
57.0,73.0,3.2488470125786177
65.0,84.0,2.137174519180812
20.0,22.0,0.314920461151156
9.0,13.0,0.44493569984241
21.0,24.0,0.6904969905190939
3.0,4.0,6.904239894277524
13.0,14.0,7.0146936121702685
14.0,15.0,1.8684591871726879
7.0,9.0,0.8210678594595813
18.0,20.0,1.7080240572865
24.0,26.0,1.3514518495173897
66.0,73.0,3.2488470125786177
74.0,84.0,2.137174519180812
22.0,22.0,0.314920461151156
10.0,13.0,0.44493569984241
21.0,24.0,0.6904969905190939
1.0,4.0,11.885593899951676
0.0,6.0,3.5584149602820454
0.0,2.0,0.3844036481000745
0.0,5.0,1.5139169655556481
2.0,14.0,2.1110119129296363
0.0,9.0,1.2408594098245782
1.0,8.0,0.6229579574220852
3.0,28.0,2.4125357585714293
3.0,31.0,1.814602656790293
1.0,31.0,1.4862145168291985
3.0,15.0,0.6225044057270797
1.0,4.0,11.885593899951676
2.0,6.0,3.5584149602820454
1.0,2.0,0.3844036481000745
2.0,5.0,1.5139169655556481
3.0,14.0,2.1110119129296363
3.0,9.0,1.2408594098245782
2.0,8.0,0.6229579574220852
4.0,28.0,2.4125357585714293
7.0,31.0,1.814602656790293
5.0,31.0,1.4862145168291985
3.0,15.0,0.6225044057270797
2.0,4.0,11.885593899951676
2.0,6.0,3.5584149602820454
1.0,2.0,0.3844036481000745
1.0,5.0,1.5139169655556481
3.0,14.0,2.1110119129296363
2.0,9.0,1.2408594098245782
2.0,8.0,0.6229579574220852
8.0,28.0,2.4125357585714293
14.0,31.0,1.814602656790293
7.0,31.0,1.4862145168291985
4.0,15.0,0.6225044057270797
3.0,4.0,11.885593899951676
2.0,6.0,3.5584149602820454
1.0,2.0,0.3844036481000745
2.0,5.0,1.5139169655556481
5.0,14.0,2.1110119129296363
7.0,9.0,1.2408594098245782
3.0,8.0,0.6229579574220852
13.0,28.0,2.4125357585714293
14.0,31.0,1.814602656790293
12.0,31.0,1.4862145168291985
8.0,15.0,0.6225044057270797
2.0,4.0,11.885593899951676
2.0,6.0,3.5584149602820454
1.0,2.0,0.3844036481000745
2.0,5.0,1.5139169655556481
6.0,14.0,2.1110119129296363
4.0,9.0,1.2408594098245782
5.0,8.0,0.6229579574220852
14.0,28.0,2.4125357585714293
14.0,31.0,1.814602656790293
13.0,31.0,1.4862145168291985
8.0,15.0,0.6225044057270797
2.0,4.0,11.885593899951676
1.0,6.0,3.5584149602820454
2.0,2.0,0.3844036481000745
4.0,5.0,1.5139169655556481
7.0,14.0,2.1110119129296363
5.0,9.0,1.2408594098245782
1.0,8.0,0.6229579574220852
15.0,28.0,2.4125357585714293
20.0,31.0,1.814602656790293
16.0,31.0,1.4862145168291985
12.0,15.0,0.6225044057270797
4.0,4.0,11.885593899951676
5.0,6.0,3.5584149602820454
1.0,2.0,0.3844036481000745
4.0,5.0,1.5139169655556481
10.0,14.0,2.1110119129296363
7.0,9.0,1.2408594098245782
7.0,8.0,0.6229579574220852
17.0,28.0,2.4125357585714293
22.0,31.0,1.814602656790293
21.0,31.0,1.4862145168291985
12.0,15.0,0.6225044057270797
3.0,4.0,11.885593899951676
5.0,6.0,3.5584149602820454
1.0,2.0,0.3844036481000745
5.0,5.0,1.5139169655556481
12.0,14.0,2.1110119129296363
8.0,9.0,1.2408594098245782
5.0,8.0,0.6229579574220852
22.0,28.0,2.4125357585714293
27.0,31.0,1.814602656790293
23.0,31.0,1.4862145168291985
13.0,15.0,0.6225044057270797
4.0,4.0,11.885593899951676
5.0,6.0,3.5584149602820454
2.0,2.0,0.3844036481000745
5.0,5.0,1.5139169655556481
12.0,14.0,2.1110119129296363
8.0,9.0,1.2408594098245782
5.0,8.0,0.6229579574220852
26.0,28.0,2.4125357585714293
30.0,31.0,1.814602656790293
27.0,31.0,1.4862145168291985
14.0,15.0,0.6225044057270797
1.0,3.0,4.029469013803676
1.0,7.0,4.521750882032279
2.0,8.0,1.9171964923668705
2.0,21.0,4.044264621207858
1.0,4.0,0.811246792839142
0.0,2.0,0.20351271824031303
4.0,36.0,3.3191052128497778
2.0,40.0,1.9967264373394142
7.0,72.0,2.4163173289841215
3.0,45.0,0.8492296442060993
4.0,55.0,1.2306139509353875
1.0,3.0,4.029469013803676
1.0,7.0,4.521750882032279
4.0,8.0,1.9171964923668705
4.0,21.0,4.044264621207858
2.0,4.0,0.811246792839142
0.0,2.0,0.20351271824031303
10.0,36.0,3.3191052128497778
5.0,40.0,1.9967264373394142
11.0,72.0,2.4163173289841215
9.0,45.0,0.8492296442060993
8.0,55.0,1.2306139509353875
1.0,3.0,4.029469013803676
3.0,7.0,4.521750882032279
2.0,8.0,1.9171964923668705
6.0,21.0,4.044264621207858
3.0,4.0,0.811246792839142
1.0,2.0,0.20351271824031303
13.0,36.0,3.3191052128497778
12.0,40.0,1.9967264373394142
20.0,72.0,2.4163173289841215
15.0,45.0,0.8492296442060993
22.0,55.0,1.2306139509353875
1.0,3.0,4.029469013803676
2.0,7.0,4.521750882032279
5.0,8.0,1.9171964923668705
8.0,21.0,4.044264621207858
1.0,4.0,0.811246792839142
1.0,2.0,0.20351271824031303
17.0,36.0,3.3191052128497778
17.0,40.0,1.9967264373394142
28.0,72.0,2.4163173289841215
16.0,45.0,0.8492296442060993
25.0,55.0,1.2306139509353875
1.0,3.0,4.029469013803676
4.0,7.0,4.521750882032279
6.0,8.0,1.9171964923668705
10.0,21.0,4.044264621207858
0.0,4.0,0.811246792839142
2.0,2.0,0.20351271824031303
21.0,36.0,3.3191052128497778
24.0,40.0,1.9967264373394142
31.0,72.0,2.4163173289841215
21.0,45.0,0.8492296442060993
31.0,55.0,1.2306139509353875
1.0,3.0,4.029469013803676
4.0,7.0,4.521750882032279
4.0,8.0,1.9171964923668705
13.0,21.0,4.044264621207858
2.0,4.0,0.811246792839142
0.0,2.0,0.20351271824031303
23.0,36.0,3.3191052128497778
24.0,40.0,1.9967264373394142
46.0,72.0,2.4163173289841215
28.0,45.0,0.8492296442060993
37.0,55.0,1.2306139509353875
2.0,3.0,4.029469013803676
6.0,7.0,4.521750882032279
5.0,8.0,1.9171964923668705
15.0,21.0,4.044264621207858
3.0,4.0,0.811246792839142
1.0,2.0,0.20351271824031303
28.0,36.0,3.3191052128497778
28.0,40.0,1.9967264373394142
48.0,72.0,2.4163173289841215
32.0,45.0,0.8492296442060993
41.0,55.0,1.2306139509353875
3.0,3.0,4.029469013803676
5.0,7.0,4.521750882032279
4.0,8.0,1.9171964923668705
17.0,21.0,4.044264621207858
3.0,4.0,0.811246792839142
2.0,2.0,0.20351271824031303
28.0,36.0,3.3191052128497778
32.0,40.0,1.9967264373394142
53.0,72.0,2.4163173289841215
37.0,45.0,0.8492296442060993
44.0,55.0,1.2306139509353875
3.0,3.0,4.029469013803676
7.0,7.0,4.521750882032279
7.0,8.0,1.9171964923668705
19.0,21.0,4.044264621207858
4.0,4.0,0.811246792839142
2.0,2.0,0.20351271824031303
34.0,36.0,3.3191052128497778
34.0,40.0,1.9967264373394142
66.0,72.0,2.4163173289841215
41.0,45.0,0.8492296442060993
46.0,55.0,1.2306139509353875
2.0,9.0,7.13194478789452
1.0,3.0,0.58988569435781
1.0,24.0,3.474055832312522
5.0,59.0,3.9833778179528894
2.0,27.0,1.0382140037815892
2.0,7.0,0.2941003733731759
1.0,16.0,0.4550334160730576
2.0,30.0,1.868987269138434
3.0,20.0,1.329779180102273
4.0,14.0,0.6295425062688373
0.0,5.0,0.15521551037065115
1.0,9.0,7.13194478789452
0.0,3.0,0.58988569435781
2.0,24.0,3.474055832312522
10.0,59.0,3.9833778179528894
8.0,27.0,1.0382140037815892
1.0,7.0,0.2941003733731759
4.0,16.0,0.4550334160730576
8.0,30.0,1.868987269138434
3.0,20.0,1.329779180102273
5.0,14.0,0.6295425062688373
0.0,5.0,0.15521551037065115
1.0,9.0,7.13194478789452
1.0,3.0,0.58988569435781
6.0,24.0,3.474055832312522
18.0,59.0,3.9833778179528894
9.0,27.0,1.0382140037815892
3.0,7.0,0.2941003733731759
6.0,16.0,0.4550334160730576
12.0,30.0,1.868987269138434
7.0,20.0,1.329779180102273
3.0,14.0,0.6295425062688373
1.0,5.0,0.15521551037065115
5.0,9.0,7.13194478789452
1.0,3.0,0.58988569435781
9.0,24.0,3.474055832312522
27.0,59.0,3.9833778179528894
7.0,27.0,1.0382140037815892
3.0,7.0,0.2941003733731759
7.0,16.0,0.4550334160730576
8.0,30.0,1.868987269138434
11.0,20.0,1.329779180102273
5.0,14.0,0.6295425062688373
3.0,5.0,0.15521551037065115
6.0,9.0,7.13194478789452
2.0,3.0,0.58988569435781
11.0,24.0,3.474055832312522
29.0,59.0,3.9833778179528894
16.0,27.0,1.0382140037815892
4.0,7.0,0.2941003733731759
9.0,16.0,0.4550334160730576
18.0,30.0,1.868987269138434
11.0,20.0,1.329779180102273
9.0,14.0,0.6295425062688373
4.0,5.0,0.15521551037065115
5.0,9.0,7.13194478789452
3.0,3.0,0.58988569435781
13.0,24.0,3.474055832312522
35.0,59.0,3.9833778179528894
23.0,27.0,1.0382140037815892
4.0,7.0,0.2941003733731759
12.0,16.0,0.4550334160730576
20.0,30.0,1.868987269138434
10.0,20.0,1.329779180102273
7.0,14.0,0.6295425062688373
3.0,5.0,0.15521551037065115
6.0,9.0,7.13194478789452
1.0,3.0,0.58988569435781
17.0,24.0,3.474055832312522
40.0,59.0,3.9833778179528894
19.0,27.0,1.0382140037815892
7.0,7.0,0.2941003733731759
11.0,16.0,0.4550334160730576
17.0,30.0,1.868987269138434
16.0,20.0,1.329779180102273
9.0,14.0,0.6295425062688373
4.0,5.0,0.15521551037065115
6.0,9.0,7.13194478789452
3.0,3.0,0.58988569435781
21.0,24.0,3.474055832312522
46.0,59.0,3.9833778179528894
21.0,27.0,1.0382140037815892
7.0,7.0,0.2941003733731759
16.0,16.0,0.4550334160730576
23.0,30.0,1.868987269138434
16.0,20.0,1.329779180102273
12.0,14.0,0.6295425062688373
5.0,5.0,0.15521551037065115
7.0,9.0,7.13194478789452
3.0,3.0,0.58988569435781
21.0,24.0,3.474055832312522
53.0,59.0,3.9833778179528894
23.0,27.0,1.0382140037815892
6.0,7.0,0.2941003733731759
14.0,16.0,0.4550334160730576
29.0,30.0,1.868987269138434
16.0,20.0,1.329779180102273
12.0,14.0,0.6295425062688373
4.0,5.0,0.15521551037065115
1.0,4.0,2.5564444133884012
1.0,15.0,6.877338726370846
1.0,17.0,1.562827680332499
9.0,72.0,4.910573379632227
0.0,24.0,0.8837747029612055
2.0,19.0,0.6542733513950051
2.0,20.0,0.942707412495841
0.0,23.0,0.8212579837920734
7.0,55.0,1.8582260813547746
2.0,69.0,1.815708568410645
1.0,12.0,0.2737311661255298
1.0,4.0,2.5564444133884012
3.0,15.0,6.877338726370846
4.0,17.0,1.562827680332499
13.0,72.0,4.910573379632227
4.0,24.0,0.8837747029612055
6.0,19.0,0.6542733513950051
2.0,20.0,0.942707412495841
7.0,23.0,0.8212579837920734
15.0,55.0,1.8582260813547746
15.0,69.0,1.815708568410645
1.0,12.0,0.2737311661255298
1.0,4.0,2.5564444133884012
5.0,15.0,6.877338726370846
5.0,17.0,1.562827680332499
28.0,72.0,4.910573379632227
11.0,24.0,0.8837747029612055
6.0,19.0,0.6542733513950051
3.0,20.0,0.942707412495841
9.0,23.0,0.8212579837920734
20.0,55.0,1.8582260813547746
22.0,69.0,1.815708568410645
6.0,12.0,0.2737311661255298
1.0,4.0,2.5564444133884012
6.0,15.0,6.877338726370846
7.0,17.0,1.562827680332499
23.0,72.0,4.910573379632227
7.0,24.0,0.8837747029612055
6.0,19.0,0.6542733513950051
6.0,20.0,0.942707412495841
8.0,23.0,0.8212579837920734
22.0,55.0,1.8582260813547746
26.0,69.0,1.815708568410645
5.0,12.0,0.2737311661255298
4.0,4.0,2.5564444133884012
10.0,15.0,6.877338726370846
8.0,17.0,1.562827680332499
35.0,72.0,4.910573379632227
12.0,24.0,0.8837747029612055
10.0,19.0,0.6542733513950051
14.0,20.0,0.942707412495841
12.0,23.0,0.8212579837920734
32.0,55.0,1.8582260813547746
33.0,69.0,1.815708568410645
9.0,12.0,0.2737311661255298
3.0,4.0,2.5564444133884012
7.0,15.0,6.877338726370846
12.0,17.0,1.562827680332499
45.0,72.0,4.910573379632227
8.0,24.0,0.8837747029612055
12.0,19.0,0.6542733513950051
16.0,20.0,0.942707412495841
14.0,23.0,0.8212579837920734
37.0,55.0,1.8582260813547746
49.0,69.0,1.815708568410645
6.0,12.0,0.2737311661255298
4.0,4.0,2.5564444133884012
13.0,15.0,6.877338726370846
11.0,17.0,1.562827680332499
53.0,72.0,4.910573379632227
16.0,24.0,0.8837747029612055
11.0,19.0,0.6542733513950051
14.0,20.0,0.942707412495841
17.0,23.0,0.8212579837920734
38.0,55.0,1.8582260813547746
45.0,69.0,1.815708568410645
9.0,12.0,0.2737311661255298
3.0,4.0,2.5564444133884012
9.0,15.0,6.877338726370846
15.0,17.0,1.562827680332499
61.0,72.0,4.910573379632227
17.0,24.0,0.8837747029612055
14.0,19.0,0.6542733513950051
19.0,20.0,0.942707412495841
15.0,23.0,0.8212579837920734
44.0,55.0,1.8582260813547746
50.0,69.0,1.815708568410645
10.0,12.0,0.2737311661255298
3.0,4.0,2.5564444133884012
13.0,15.0,6.877338726370846
13.0,17.0,1.562827680332499
68.0,72.0,4.910573379632227
20.0,24.0,0.8837747029612055
18.0,19.0,0.6542733513950051
19.0,20.0,0.942707412495841
17.0,23.0,0.8212579837920734
52.0,55.0,1.8582260813547746
63.0,69.0,1.815708568410645
10.0,12.0,0.2737311661255298
2.0,2.0,2.259115814405691
1.0,4.0,3.296155616720986
1.0,6.0,2.4588329379031717
1.0,10.0,2.983096769578862
3.0,34.0,5.273877719524996
1.0,3.0,0.27824753799788915
0.0,5.0,0.2567027986400766
1.0,4.0,0.3487501736681776
2.0,12.0,1.6061968364643375
1.0,10.0,1.4797289594603422
2.0,4.0,0.5382112710566523
1.0,2.0,2.259115814405691
1.0,4.0,3.296155616720986
1.0,6.0,2.4588329379031717
1.0,10.0,2.983096769578862
11.0,34.0,5.273877719524996
0.0,3.0,0.27824753799788915
2.0,5.0,0.2567027986400766
2.0,4.0,0.3487501736681776
2.0,12.0,1.6061968364643375
1.0,10.0,1.4797289594603422
2.0,4.0,0.5382112710566523
1.0,2.0,2.259115814405691
1.0,4.0,3.296155616720986
2.0,6.0,2.4588329379031717
5.0,10.0,2.983096769578862
10.0,34.0,5.273877719524996
1.0,3.0,0.27824753799788915
2.0,5.0,0.2567027986400766
2.0,4.0,0.3487501736681776
6.0,12.0,1.6061968364643375
4.0,10.0,1.4797289594603422
0.0,4.0,0.5382112710566523
1.0,2.0,2.259115814405691
1.0,4.0,3.296155616720986
3.0,6.0,2.4588329379031717
5.0,10.0,2.983096769578862
12.0,34.0,5.273877719524996
1.0,3.0,0.27824753799788915
3.0,5.0,0.2567027986400766
2.0,4.0,0.3487501736681776
3.0,12.0,1.6061968364643375
6.0,10.0,1.4797289594603422
2.0,4.0,0.5382112710566523
2.0,2.0,2.259115814405691
2.0,4.0,3.296155616720986
5.0,6.0,2.4588329379031717
4.0,10.0,2.983096769578862
15.0,34.0,5.273877719524996
2.0,3.0,0.27824753799788915
3.0,5.0,0.2567027986400766
2.0,4.0,0.3487501736681776
7.0,12.0,1.6061968364643375
5.0,10.0,1.4797289594603422
3.0,4.0,0.5382112710566523
2.0,2.0,2.259115814405691
3.0,4.0,3.296155616720986
4.0,6.0,2.4588329379031717
7.0,10.0,2.983096769578862
23.0,34.0,5.273877719524996
1.0,3.0,0.27824753799788915
2.0,5.0,0.2567027986400766
4.0,4.0,0.3487501736681776
8.0,12.0,1.6061968364643375
9.0,10.0,1.4797289594603422
1.0,4.0,0.5382112710566523
1.0,2.0,2.259115814405691
3.0,4.0,3.296155616720986
4.0,6.0,2.4588329379031717
7.0,10.0,2.983096769578862
23.0,34.0,5.273877719524996
2.0,3.0,0.27824753799788915
2.0,5.0,0.2567027986400766
4.0,4.0,0.3487501736681776
8.0,12.0,1.6061968364643375
9.0,10.0,1.4797289594603422
3.0,4.0,0.5382112710566523
2.0,2.0,2.259115814405691
4.0,4.0,3.296155616720986
3.0,6.0,2.4588329379031717
10.0,10.0,2.983096769578862
26.0,34.0,5.273877719524996
3.0,3.0,0.27824753799788915
4.0,5.0,0.2567027986400766
3.0,4.0,0.3487501736681776
8.0,12.0,1.6061968364643375
7.0,10.0,1.4797289594603422
2.0,4.0,0.5382112710566523
1.0,2.0,2.259115814405691
3.0,4.0,3.296155616720986
6.0,6.0,2.4588329379031717
9.0,10.0,2.983096769578862
26.0,34.0,5.273877719524996
3.0,3.0,0.27824753799788915
5.0,5.0,0.2567027986400766
3.0,4.0,0.3487501736681776
12.0,12.0,1.6061968364643375
9.0,10.0,1.4797289594603422
4.0,4.0,0.5382112710566523
1.0,6.0,8.40034523717685
2.0,13.0,5.883185158020441
1.0,13.0,2.3214934968062635
1.0,20.0,2.001911853174928
5.0,51.0,3.3510441282889842
1.0,10.0,0.8988535148770415
6.0,29.0,1.3995259223328336
4.0,50.0,2.165466873411587
8.0,58.0,1.6741998976433528
6.0,62.0,1.2182461736891796
5.0,52.0,1.0840442112490316
1.0,6.0,8.40034523717685
2.0,13.0,5.883185158020441
3.0,13.0,2.3214934968062635
6.0,20.0,2.001911853174928
10.0,51.0,3.3510441282889842
2.0,10.0,0.8988535148770415
12.0,29.0,1.3995259223328336
14.0,50.0,2.165466873411587
10.0,58.0,1.6741998976433528
13.0,62.0,1.2182461736891796
10.0,52.0,1.0840442112490316
2.0,6.0,8.40034523717685
6.0,13.0,5.883185158020441
2.0,13.0,2.3214934968062635
5.0,20.0,2.001911853174928
22.0,51.0,3.3510441282889842
3.0,10.0,0.8988535148770415
7.0,29.0,1.3995259223328336
13.0,50.0,2.165466873411587
16.0,58.0,1.6741998976433528
19.0,62.0,1.2182461736891796
14.0,52.0,1.0840442112490316
3.0,6.0,8.40034523717685
7.0,13.0,5.883185158020441
7.0,13.0,2.3214934968062635
7.0,20.0,2.001911853174928
18.0,51.0,3.3510441282889842
3.0,10.0,0.8988535148770415
20.0,29.0,1.3995259223328336
19.0,50.0,2.165466873411587
23.0,58.0,1.6741998976433528
23.0,62.0,1.2182461736891796
21.0,52.0,1.0840442112490316
3.0,6.0,8.40034523717685
5.0,13.0,5.883185158020441
7.0,13.0,2.3214934968062635
8.0,20.0,2.001911853174928
24.0,51.0,3.3510441282889842
4.0,10.0,0.8988535148770415
11.0,29.0,1.3995259223328336
30.0,50.0,2.165466873411587
33.0,58.0,1.6741998976433528
25.0,62.0,1.2182461736891796
26.0,52.0,1.0840442112490316
3.0,6.0,8.40034523717685
9.0,13.0,5.883185158020441
8.0,13.0,2.3214934968062635
12.0,20.0,2.001911853174928
32.0,51.0,3.3510441282889842
8.0,10.0,0.8988535148770415
15.0,29.0,1.3995259223328336
26.0,50.0,2.165466873411587
36.0,58.0,1.6741998976433528
39.0,62.0,1.2182461736891796
32.0,52.0,1.0840442112490316
5.0,6.0,8.40034523717685
10.0,13.0,5.883185158020441
8.0,13.0,2.3214934968062635
10.0,20.0,2.001911853174928
31.0,51.0,3.3510441282889842
6.0,10.0,0.8988535148770415
21.0,29.0,1.3995259223328336
35.0,50.0,2.165466873411587
41.0,58.0,1.6741998976433528
39.0,62.0,1.2182461736891796
34.0,52.0,1.0840442112490316
5.0,6.0,8.40034523717685
12.0,13.0,5.883185158020441
12.0,13.0,2.3214934968062635
18.0,20.0,2.001911853174928
40.0,51.0,3.3510441282889842
9.0,10.0,0.8988535148770415
19.0,29.0,1.3995259223328336
39.0,50.0,2.165466873411587
47.0,58.0,1.6741998976433528
49.0,62.0,1.2182461736891796
41.0,52.0,1.0840442112490316
5.0,6.0,8.40034523717685
9.0,13.0,5.883185158020441
10.0,13.0,2.3214934968062635
19.0,20.0,2.001911853174928
44.0,51.0,3.3510441282889842
10.0,10.0,0.8988535148770415
26.0,29.0,1.3995259223328336
46.0,50.0,2.165466873411587
49.0,58.0,1.6741998976433528
55.0,62.0,1.2182461736891796
45.0,52.0,1.0840442112490316
2.0,5.0,3.93717141621715
1.0,6.0,2.8429420427531857
3.0,16.0,4.039320137976907
4.0,28.0,3.694178107402689
0.0,6.0,0.45352933238210547
1.0,18.0,1.0929620369979047
4.0,29.0,2.0101623216390676
2.0,20.0,0.6513021618537949
9.0,90.0,3.60413575748842
6.0,34.0,0.9366763547738093
3.0,22.0,0.4072081034796008
1.0,5.0,3.93717141621715
2.0,6.0,2.8429420427531857
2.0,16.0,4.039320137976907
7.0,28.0,3.694178107402689
0.0,6.0,0.45352933238210547
3.0,18.0,1.0929620369979047
4.0,29.0,2.0101623216390676
7.0,20.0,0.6513021618537949
25.0,90.0,3.60413575748842
11.0,34.0,0.9366763547738093
6.0,22.0,0.4072081034796008
1.0,5.0,3.93717141621715
3.0,6.0,2.8429420427531857
4.0,16.0,4.039320137976907
10.0,28.0,3.694178107402689
2.0,6.0,0.45352933238210547
4.0,18.0,1.0929620369979047
8.0,29.0,2.0101623216390676
4.0,20.0,0.6513021618537949
21.0,90.0,3.60413575748842
11.0,34.0,0.9366763547738093
5.0,22.0,0.4072081034796008
2.0,5.0,3.93717141621715
3.0,6.0,2.8429420427531857
9.0,16.0,4.039320137976907
16.0,28.0,3.694178107402689
0.0,6.0,0.45352933238210547
7.0,18.0,1.0929620369979047
12.0,29.0,2.0101623216390676
11.0,20.0,0.6513021618537949
34.0,90.0,3.60413575748842
11.0,34.0,0.9366763547738093
7.0,22.0,0.4072081034796008
3.0,5.0,3.93717141621715
3.0,6.0,2.8429420427531857
6.0,16.0,4.039320137976907
16.0,28.0,3.694178107402689
3.0,6.0,0.45352933238210547
10.0,18.0,1.0929620369979047
13.0,29.0,2.0101623216390676
14.0,20.0,0.6513021618537949
44.0,90.0,3.60413575748842
8.0,34.0,0.9366763547738093
11.0,22.0,0.4072081034796008
3.0,5.0,3.93717141621715
5.0,6.0,2.8429420427531857
9.0,16.0,4.039320137976907
13.0,28.0,3.694178107402689
4.0,6.0,0.45352933238210547
10.0,18.0,1.0929620369979047
19.0,29.0,2.0101623216390676
13.0,20.0,0.6513021618537949
55.0,90.0,3.60413575748842
19.0,34.0,0.9366763547738093
12.0,22.0,0.4072081034796008
5.0,5.0,3.93717141621715
4.0,6.0,2.8429420427531857
13.0,16.0,4.039320137976907
21.0,28.0,3.694178107402689
4.0,6.0,0.45352933238210547
10.0,18.0,1.0929620369979047
20.0,29.0,2.0101623216390676
18.0,20.0,0.6513021618537949
56.0,90.0,3.60413575748842
24.0,34.0,0.9366763547738093
18.0,22.0,0.4072081034796008
3.0,5.0,3.93717141621715
5.0,6.0,2.8429420427531857
13.0,16.0,4.039320137976907
22.0,28.0,3.694178107402689
5.0,6.0,0.45352933238210547
14.0,18.0,1.0929620369979047
26.0,29.0,2.0101623216390676
15.0,20.0,0.6513021618537949
67.0,90.0,3.60413575748842
22.0,34.0,0.9366763547738093
16.0,22.0,0.4072081034796008
5.0,5.0,3.93717141621715
4.0,6.0,2.8429420427531857
15.0,16.0,4.039320137976907
25.0,28.0,3.694178107402689
6.0,6.0,0.45352933238210547
13.0,18.0,1.0929620369979047
27.0,29.0,2.0101623216390676
18.0,20.0,0.6513021618537949
76.0,90.0,3.60413575748842
33.0,34.0,0.9366763547738093
20.0,22.0,0.4072081034796008
1.0,3.0,1.4144042880832803
0.0,10.0,4.478985215501791
2.0,15.0,2.8448032884265966
2.0,5.0,0.8219188684902549
2.0,17.0,1.8047736878314622
2.0,33.0,2.67681764007584
1.0,14.0,0.6201568752075006
1.0,7.0,0.4846546858836754
5.0,29.0,1.7894569569284313
2.0,16.0,0.9356652999323363
0.0,6.0,0.3372550828896822
1.0,3.0,1.4144042880832803
1.0,10.0,4.478985215501791
4.0,15.0,2.8448032884265966
1.0,5.0,0.8219188684902549
3.0,17.0,1.8047736878314622
7.0,33.0,2.67681764007584
0.0,14.0,0.6201568752075006
2.0,7.0,0.4846546858836754
4.0,29.0,1.7894569569284313
4.0,16.0,0.9356652999323363
2.0,6.0,0.3372550828896822
2.0,3.0,1.4144042880832803
1.0,10.0,4.478985215501791
5.0,15.0,2.8448032884265966
3.0,5.0,0.8219188684902549
3.0,17.0,1.8047736878314622
9.0,33.0,2.67681764007584
4.0,14.0,0.6201568752075006
3.0,7.0,0.4846546858836754
6.0,29.0,1.7894569569284313
5.0,16.0,0.9356652999323363
3.0,6.0,0.3372550828896822
2.0,3.0,1.4144042880832803
3.0,10.0,4.478985215501791
9.0,15.0,2.8448032884265966
2.0,5.0,0.8219188684902549
7.0,17.0,1.8047736878314622
11.0,33.0,2.67681764007584
6.0,14.0,0.6201568752075006
3.0,7.0,0.4846546858836754
11.0,29.0,1.7894569569284313
8.0,16.0,0.9356652999323363
3.0,6.0,0.3372550828896822
1.0,3.0,1.4144042880832803
1.0,10.0,4.478985215501791
5.0,15.0,2.8448032884265966
2.0,5.0,0.8219188684902549
6.0,17.0,1.8047736878314622
20.0,33.0,2.67681764007584
5.0,14.0,0.6201568752075006
3.0,7.0,0.4846546858836754
19.0,29.0,1.7894569569284313
6.0,16.0,0.9356652999323363
1.0,6.0,0.3372550828896822
2.0,3.0,1.4144042880832803
6.0,10.0,4.478985215501791
9.0,15.0,2.8448032884265966
3.0,5.0,0.8219188684902549
11.0,17.0,1.8047736878314622
20.0,33.0,2.67681764007584
11.0,14.0,0.6201568752075006
4.0,7.0,0.4846546858836754
15.0,29.0,1.7894569569284313
12.0,16.0,0.9356652999323363
2.0,6.0,0.3372550828896822
3.0,3.0,1.4144042880832803
7.0,10.0,4.478985215501791
12.0,15.0,2.8448032884265966
5.0,5.0,0.8219188684902549
14.0,17.0,1.8047736878314622
26.0,33.0,2.67681764007584
11.0,14.0,0.6201568752075006
4.0,7.0,0.4846546858836754
19.0,29.0,1.7894569569284313
12.0,16.0,0.9356652999323363
4.0,6.0,0.3372550828896822
3.0,3.0,1.4144042880832803
9.0,10.0,4.478985215501791
14.0,15.0,2.8448032884265966
4.0,5.0,0.8219188684902549
17.0,17.0,1.8047736878314622
29.0,33.0,2.67681764007584
8.0,14.0,0.6201568752075006
5.0,7.0,0.4846546858836754
22.0,29.0,1.7894569569284313
13.0,16.0,0.9356652999323363
6.0,6.0,0.3372550828896822
1.0,3.0,1.4144042880832803
9.0,10.0,4.478985215501791
14.0,15.0,2.8448032884265966
5.0,5.0,0.8219188684902549
15.0,17.0,1.8047736878314622
32.0,33.0,2.67681764007584
11.0,14.0,0.6201568752075006
7.0,7.0,0.4846546858836754
29.0,29.0,1.7894569569284313
15.0,16.0,0.9356652999323363
5.0,6.0,0.3372550828896822
3.0,7.0,9.381399409050662
0.0,19.0,7.457055508280281
2.0,11.0,1.9391373255007793
2.0,13.0,1.5547416489410735
3.0,24.0,1.6418775449148375
6.0,41.0,3.0644135633120966
7.0,64.0,2.0839224242390557
2.0,10.0,0.2753002796896494
0.0,2.0,0.032092597649767456
9.0,104.0,3.337719538744413
1.0,9.0,0.27345049466420746
2.0,7.0,9.381399409050662
8.0,19.0,7.457055508280281
5.0,11.0,1.9391373255007793
2.0,13.0,1.5547416489410735
5.0,24.0,1.6418775449148375
5.0,41.0,3.0644135633120966
19.0,64.0,2.0839224242390557
2.0,10.0,0.2753002796896494
0.0,2.0,0.032092597649767456
18.0,104.0,3.337719538744413
2.0,9.0,0.27345049466420746
3.0,7.0,9.381399409050662
4.0,19.0,7.457055508280281
6.0,11.0,1.9391373255007793
3.0,13.0,1.5547416489410735
9.0,24.0,1.6418775449148375
10.0,41.0,3.0644135633120966
20.0,64.0,2.0839224242390557
5.0,10.0,0.2753002796896494
0.0,2.0,0.032092597649767456
32.0,104.0,3.337719538744413
2.0,9.0,0.27345049466420746
4.0,7.0,9.381399409050662
4.0,19.0,7.457055508280281
4.0,11.0,1.9391373255007793
5.0,13.0,1.5547416489410735
6.0,24.0,1.6418775449148375
20.0,41.0,3.0644135633120966
23.0,64.0,2.0839224242390557
4.0,10.0,0.2753002796896494
1.0,2.0,0.032092597649767456
39.0,104.0,3.337719538744413
6.0,9.0,0.27345049466420746
4.0,7.0,9.381399409050662
8.0,19.0,7.457055508280281
4.0,11.0,1.9391373255007793
6.0,13.0,1.5547416489410735
12.0,24.0,1.6418775449148375
16.0,41.0,3.0644135633120966
32.0,64.0,2.0839224242390557
3.0,10.0,0.2753002796896494
1.0,2.0,0.032092597649767456
44.0,104.0,3.337719538744413
4.0,9.0,0.27345049466420746
5.0,7.0,9.381399409050662
8.0,19.0,7.457055508280281
7.0,11.0,1.9391373255007793
11.0,13.0,1.5547416489410735
13.0,24.0,1.6418775449148375
27.0,41.0,3.0644135633120966
44.0,64.0,2.0839224242390557
4.0,10.0,0.2753002796896494
1.0,2.0,0.032092597649767456
65.0,104.0,3.337719538744413
4.0,9.0,0.27345049466420746
5.0,7.0,9.381399409050662
12.0,19.0,7.457055508280281
8.0,11.0,1.9391373255007793
9.0,13.0,1.5547416489410735
18.0,24.0,1.6418775449148375
27.0,41.0,3.0644135633120966
45.0,64.0,2.0839224242390557
10.0,10.0,0.2753002796896494
1.0,2.0,0.032092597649767456
73.0,104.0,3.337719538744413
8.0,9.0,0.27345049466420746
5.0,7.0,9.381399409050662
13.0,19.0,7.457055508280281
7.0,11.0,1.9391373255007793
9.0,13.0,1.5547416489410735
21.0,24.0,1.6418775449148375
33.0,41.0,3.0644135633120966
53.0,64.0,2.0839224242390557
10.0,10.0,0.2753002796896494
2.0,2.0,0.032092597649767456
84.0,104.0,3.337719538744413
9.0,9.0,0.27345049466420746
5.0,7.0,9.381399409050662
19.0,19.0,7.457055508280281
10.0,11.0,1.9391373255007793
10.0,13.0,1.5547416489410735
23.0,24.0,1.6418775449148375
38.0,41.0,3.0644135633120966
60.0,64.0,2.0839224242390557
9.0,10.0,0.2753002796896494
2.0,2.0,0.032092597649767456
93.0,104.0,3.337719538744413
9.0,9.0,0.27345049466420746
1.0,5.0,10.72789130107902
0.0,10.0,4.492574055080757
3.0,36.0,6.869879720146917
7.0,58.0,4.775995321022687
6.0,54.0,1.5065057215425457
1.0,23.0,0.48640164980507383
13.0,88.0,2.051862311648162
2.0,24.0,0.4461321220289691
1.0,4.0,0.08536265278323225
8.0,87.0,3.100735621461865
1.0,27.0,0.46926559768061754
1.0,5.0,10.72789130107902
3.0,10.0,4.492574055080757
6.0,36.0,6.869879720146917
7.0,58.0,4.775995321022687
8.0,54.0,1.5065057215425457
4.0,23.0,0.48640164980507383
16.0,88.0,2.051862311648162
7.0,24.0,0.4461321220289691
1.0,4.0,0.08536265278323225
20.0,87.0,3.100735621461865
7.0,27.0,0.46926559768061754
1.0,5.0,10.72789130107902
1.0,10.0,4.492574055080757
10.0,36.0,6.869879720146917
21.0,58.0,4.775995321022687
19.0,54.0,1.5065057215425457
6.0,23.0,0.48640164980507383
27.0,88.0,2.051862311648162
6.0,24.0,0.4461321220289691
0.0,4.0,0.08536265278323225
35.0,87.0,3.100735621461865
6.0,27.0,0.46926559768061754
1.0,5.0,10.72789130107902
6.0,10.0,4.492574055080757
13.0,36.0,6.869879720146917
25.0,58.0,4.775995321022687
23.0,54.0,1.5065057215425457
9.0,23.0,0.48640164980507383
41.0,88.0,2.051862311648162
10.0,24.0,0.4461321220289691
4.0,4.0,0.08536265278323225
28.0,87.0,3.100735621461865
12.0,27.0,0.46926559768061754
2.0,5.0,10.72789130107902
5.0,10.0,4.492574055080757
17.0,36.0,6.869879720146917
23.0,58.0,4.775995321022687
27.0,54.0,1.5065057215425457
16.0,23.0,0.48640164980507383
53.0,88.0,2.051862311648162
14.0,24.0,0.4461321220289691
2.0,4.0,0.08536265278323225
46.0,87.0,3.100735621461865
16.0,27.0,0.46926559768061754
4.0,5.0,10.72789130107902
8.0,10.0,4.492574055080757
21.0,36.0,6.869879720146917
29.0,58.0,4.775995321022687
40.0,54.0,1.5065057215425457
14.0,23.0,0.48640164980507383
50.0,88.0,2.051862311648162
13.0,24.0,0.4461321220289691
1.0,4.0,0.08536265278323225
49.0,87.0,3.100735621461865
17.0,27.0,0.46926559768061754
3.0,5.0,10.72789130107902
6.0,10.0,4.492574055080757
24.0,36.0,6.869879720146917
36.0,58.0,4.775995321022687
37.0,54.0,1.5065057215425457
20.0,23.0,0.48640164980507383
58.0,88.0,2.051862311648162
18.0,24.0,0.4461321220289691
2.0,4.0,0.08536265278323225
61.0,87.0,3.100735621461865
15.0,27.0,0.46926559768061754
3.0,5.0,10.72789130107902
8.0,10.0,4.492574055080757
31.0,36.0,6.869879720146917
48.0,58.0,4.775995321022687
44.0,54.0,1.5065057215425457
17.0,23.0,0.48640164980507383
70.0,88.0,2.051862311648162
24.0,24.0,0.4461321220289691
4.0,4.0,0.08536265278323225
71.0,87.0,3.100735621461865
20.0,27.0,0.46926559768061754
5.0,5.0,10.72789130107902
10.0,10.0,4.492574055080757
32.0,36.0,6.869879720146917
55.0,58.0,4.775995321022687
49.0,54.0,1.5065057215425457
18.0,23.0,0.48640164980507383
75.0,88.0,2.051862311648162
21.0,24.0,0.4461321220289691
4.0,4.0,0.08536265278323225
84.0,87.0,3.100735621461865
24.0,27.0,0.46926559768061754
1.0,3.0,2.9623236810691687
0.0,10.0,7.5205823980387665
0.0,24.0,3.6722795997489586
1.0,20.0,2.1564489514073255
1.0,10.0,1.0786574779432963
0.0,8.0,0.5712959218173245
3.0,13.0,0.7688238093824094
2.0,16.0,1.2985957078764243
0.0,20.0,1.711948129268638
1.0,3.0,0.2858980750865682
5.0,35.0,2.069529415689696
2.0,3.0,2.9623236810691687
2.0,10.0,7.5205823980387665
6.0,24.0,3.6722795997489586
3.0,20.0,2.1564489514073255
3.0,10.0,1.0786574779432963
2.0,8.0,0.5712959218173245
3.0,13.0,0.7688238093824094
2.0,16.0,1.2985957078764243
3.0,20.0,1.711948129268638
2.0,3.0,0.2858980750865682
7.0,35.0,2.069529415689696
1.0,3.0,2.9623236810691687
4.0,10.0,7.5205823980387665
5.0,24.0,3.6722795997489586
6.0,20.0,2.1564489514073255
5.0,10.0,1.0786574779432963
4.0,8.0,0.5712959218173245
3.0,13.0,0.7688238093824094
8.0,16.0,1.2985957078764243
8.0,20.0,1.711948129268638
1.0,3.0,0.2858980750865682
16.0,35.0,2.069529415689696
2.0,3.0,2.9623236810691687
4.0,10.0,7.5205823980387665
9.0,24.0,3.6722795997489586
7.0,20.0,2.1564489514073255
4.0,10.0,1.0786574779432963
4.0,8.0,0.5712959218173245
7.0,13.0,0.7688238093824094
6.0,16.0,1.2985957078764243
7.0,20.0,1.711948129268638
2.0,3.0,0.2858980750865682
13.0,35.0,2.069529415689696
1.0,3.0,2.9623236810691687
3.0,10.0,7.5205823980387665
12.0,24.0,3.6722795997489586
12.0,20.0,2.1564489514073255
7.0,10.0,1.0786574779432963
5.0,8.0,0.5712959218173245
9.0,13.0,0.7688238093824094
10.0,16.0,1.2985957078764243
13.0,20.0,1.711948129268638
2.0,3.0,0.2858980750865682
18.0,35.0,2.069529415689696
3.0,3.0,2.9623236810691687
7.0,10.0,7.5205823980387665
14.0,24.0,3.6722795997489586
14.0,20.0,2.1564489514073255
5.0,10.0,1.0786574779432963
5.0,8.0,0.5712959218173245
7.0,13.0,0.7688238093824094
11.0,16.0,1.2985957078764243
13.0,20.0,1.711948129268638
1.0,3.0,0.2858980750865682
22.0,35.0,2.069529415689696
2.0,3.0,2.9623236810691687
9.0,10.0,7.5205823980387665
16.0,24.0,3.6722795997489586
12.0,20.0,2.1564489514073255
6.0,10.0,1.0786574779432963
4.0,8.0,0.5712959218173245
10.0,13.0,0.7688238093824094
13.0,16.0,1.2985957078764243
12.0,20.0,1.711948129268638
3.0,3.0,0.2858980750865682
20.0,35.0,2.069529415689696
2.0,3.0,2.9623236810691687
4.0,10.0,7.5205823980387665
19.0,24.0,3.6722795997489586
15.0,20.0,2.1564489514073255
9.0,10.0,1.0786574779432963
7.0,8.0,0.5712959218173245
10.0,13.0,0.7688238093824094
14.0,16.0,1.2985957078764243
20.0,20.0,1.711948129268638
3.0,3.0,0.2858980750865682
30.0,35.0,2.069529415689696
3.0,3.0,2.9623236810691687
10.0,10.0,7.5205823980387665
21.0,24.0,3.6722795997489586
19.0,20.0,2.1564489514073255
9.0,10.0,1.0786574779432963
8.0,8.0,0.5712959218173245
12.0,13.0,0.7688238093824094
15.0,16.0,1.2985957078764243
14.0,20.0,1.711948129268638
1.0,3.0,0.2858980750865682
32.0,35.0,2.069529415689696
2.0,7.0,3.931711910970395
2.0,6.0,4.373860396129706
1.0,11.0,2.149780155499501
2.0,16.0,2.6969272435896676
1.0,55.0,4.405386408801924
4.0,41.0,1.3832252025140968
3.0,28.0,0.7793751701832439
1.0,26.0,0.7792617780828586
2.0,31.0,0.9330511731417148
12.0,78.0,2.3782951660522804
1.0,7.0,0.12230777796488444
1.0,7.0,3.931711910970395
1.0,6.0,4.373860396129706
3.0,11.0,2.149780155499501
2.0,16.0,2.6969272435896676
15.0,55.0,4.405386408801924
5.0,41.0,1.3832252025140968
3.0,28.0,0.7793751701832439
9.0,26.0,0.7792617780828586
8.0,31.0,0.9330511731417148
17.0,78.0,2.3782951660522804
1.0,7.0,0.12230777796488444
4.0,7.0,3.931711910970395
3.0,6.0,4.373860396129706
6.0,11.0,2.149780155499501
6.0,16.0,2.6969272435896676
23.0,55.0,4.405386408801924
13.0,41.0,1.3832252025140968
8.0,28.0,0.7793751701832439
10.0,26.0,0.7792617780828586
9.0,31.0,0.9330511731417148
24.0,78.0,2.3782951660522804
0.0,7.0,0.12230777796488444
2.0,7.0,3.931711910970395
2.0,6.0,4.373860396129706
5.0,11.0,2.149780155499501
6.0,16.0,2.6969272435896676
27.0,55.0,4.405386408801924
12.0,41.0,1.3832252025140968
12.0,28.0,0.7793751701832439
10.0,26.0,0.7792617780828586
9.0,31.0,0.9330511731417148
31.0,78.0,2.3782951660522804
4.0,7.0,0.12230777796488444
4.0,7.0,3.931711910970395
5.0,6.0,4.373860396129706
5.0,11.0,2.149780155499501
8.0,16.0,2.6969272435896676
25.0,55.0,4.405386408801924
18.0,41.0,1.3832252025140968
11.0,28.0,0.7793751701832439
9.0,26.0,0.7792617780828586
18.0,31.0,0.9330511731417148
32.0,78.0,2.3782951660522804
3.0,7.0,0.12230777796488444
5.0,7.0,3.931711910970395
5.0,6.0,4.373860396129706
5.0,11.0,2.149780155499501
10.0,16.0,2.6969272435896676
31.0,55.0,4.405386408801924
25.0,41.0,1.3832252025140968
14.0,28.0,0.7793751701832439
12.0,26.0,0.7792617780828586
19.0,31.0,0.9330511731417148
51.0,78.0,2.3782951660522804
3.0,7.0,0.12230777796488444
5.0,7.0,3.931711910970395
4.0,6.0,4.373860396129706
7.0,11.0,2.149780155499501
9.0,16.0,2.6969272435896676
42.0,55.0,4.405386408801924
23.0,41.0,1.3832252025140968
16.0,28.0,0.7793751701832439
18.0,26.0,0.7792617780828586
25.0,31.0,0.9330511731417148
49.0,78.0,2.3782951660522804
3.0,7.0,0.12230777796488444
6.0,7.0,3.931711910970395
6.0,6.0,4.373860396129706
10.0,11.0,2.149780155499501
15.0,16.0,2.6969272435896676
43.0,55.0,4.405386408801924
32.0,41.0,1.3832252025140968
23.0,28.0,0.7793751701832439
17.0,26.0,0.7792617780828586
27.0,31.0,0.9330511731417148
59.0,78.0,2.3782951660522804
6.0,7.0,0.12230777796488444
7.0,7.0,3.931711910970395
3.0,6.0,4.373860396129706
10.0,11.0,2.149780155499501
15.0,16.0,2.6969272435896676
50.0,55.0,4.405386408801924
38.0,41.0,1.3832252025140968
28.0,28.0,0.7793751701832439
23.0,26.0,0.7792617780828586
26.0,31.0,0.9330511731417148
66.0,78.0,2.3782951660522804
6.0,7.0,0.12230777796488444
2.0,5.0,12.246569790625445
1.0,4.0,2.3461607462842298
3.0,17.0,4.8361304113632135
1.0,8.0,1.0323147227497818
1.0,11.0,1.2012305823753682
4.0,45.0,3.6709910507097567
6.0,65.0,3.040021328811401
14.0,109.0,2.4552615355844036
13.0,99.0,1.511458476630736
9.0,69.0,0.8000824309687836
5.0,54.0,0.5808645358267068
2.0,5.0,12.246569790625445
0.0,4.0,2.3461607462842298
4.0,17.0,4.8361304113632135
1.0,8.0,1.0323147227497818
4.0,11.0,1.2012305823753682
9.0,45.0,3.6709910507097567
13.0,65.0,3.040021328811401
29.0,109.0,2.4552615355844036
19.0,99.0,1.511458476630736
15.0,69.0,0.8000824309687836
10.0,54.0,0.5808645358267068
3.0,5.0,12.246569790625445
0.0,4.0,2.3461607462842298
9.0,17.0,4.8361304113632135
1.0,8.0,1.0323147227497818
2.0,11.0,1.2012305823753682
15.0,45.0,3.6709910507097567
21.0,65.0,3.040021328811401
29.0,109.0,2.4552615355844036
25.0,99.0,1.511458476630736
21.0,69.0,0.8000824309687836
14.0,54.0,0.5808645358267068
4.0,5.0,12.246569790625445
2.0,4.0,2.3461607462842298
6.0,17.0,4.8361304113632135
1.0,8.0,1.0323147227497818
5.0,11.0,1.2012305823753682
15.0,45.0,3.6709910507097567
23.0,65.0,3.040021328811401
45.0,109.0,2.4552615355844036
48.0,99.0,1.511458476630736
34.0,69.0,0.8000824309687836
18.0,54.0,0.5808645358267068
4.0,5.0,12.246569790625445
1.0,4.0,2.3461607462842298
8.0,17.0,4.8361304113632135
2.0,8.0,1.0323147227497818
3.0,11.0,1.2012305823753682
29.0,45.0,3.6709910507097567
33.0,65.0,3.040021328811401
69.0,109.0,2.4552615355844036
49.0,99.0,1.511458476630736
29.0,69.0,0.8000824309687836
31.0,54.0,0.5808645358267068
4.0,5.0,12.246569790625445
1.0,4.0,2.3461607462842298
13.0,17.0,4.8361304113632135
5.0,8.0,1.0323147227497818
6.0,11.0,1.2012305823753682
23.0,45.0,3.6709910507097567
40.0,65.0,3.040021328811401
60.0,109.0,2.4552615355844036
55.0,99.0,1.511458476630736
40.0,69.0,0.8000824309687836
19.0,54.0,0.5808645358267068
4.0,5.0,12.246569790625445
2.0,4.0,2.3461607462842298
11.0,17.0,4.8361304113632135
6.0,8.0,1.0323147227497818
8.0,11.0,1.2012305823753682
30.0,45.0,3.6709910507097567
49.0,65.0,3.040021328811401
78.0,109.0,2.4552615355844036
76.0,99.0,1.511458476630736
46.0,69.0,0.8000824309687836
34.0,54.0,0.5808645358267068
4.0,5.0,12.246569790625445
4.0,4.0,2.3461607462842298
16.0,17.0,4.8361304113632135
7.0,8.0,1.0323147227497818
9.0,11.0,1.2012305823753682
32.0,45.0,3.6709910507097567
50.0,65.0,3.040021328811401
83.0,109.0,2.4552615355844036
76.0,99.0,1.511458476630736
54.0,69.0,0.8000824309687836
37.0,54.0,0.5808645358267068
4.0,5.0,12.246569790625445
4.0,4.0,2.3461607462842298
15.0,17.0,4.8361304113632135
6.0,8.0,1.0323147227497818
10.0,11.0,1.2012305823753682
44.0,45.0,3.6709910507097567
56.0,65.0,3.040021328811401
97.0,109.0,2.4552615355844036
87.0,99.0,1.511458476630736
62.0,69.0,0.8000824309687836
46.0,54.0,0.5808645358267068
1.0,4.0,2.4976159548099734
2.0,7.0,4.3391122751119
4.0,26.0,5.023105281633477
0.0,19.0,1.996799118114128
6.0,89.0,4.236005527618427
0.0,12.0,0.3140863045422247
3.0,33.0,0.6890896732526409
2.0,22.0,0.5251039156423638
9.0,57.0,1.5418855208147308
3.0,40.0,1.0749471911329211
0.0,5.0,0.17802239968214154
1.0,4.0,2.4976159548099734
2.0,7.0,4.3391122751119
2.0,26.0,5.023105281633477
6.0,19.0,1.996799118114128
15.0,89.0,4.236005527618427
2.0,12.0,0.3140863045422247
3.0,33.0,0.6890896732526409
4.0,22.0,0.5251039156423638
11.0,57.0,1.5418855208147308
8.0,40.0,1.0749471911329211
0.0,5.0,0.17802239968214154
3.0,4.0,2.4976159548099734
3.0,7.0,4.3391122751119
8.0,26.0,5.023105281633477
4.0,19.0,1.996799118114128
28.0,89.0,4.236005527618427
3.0,12.0,0.3140863045422247
8.0,33.0,0.6890896732526409
4.0,22.0,0.5251039156423638
13.0,57.0,1.5418855208147308
7.0,40.0,1.0749471911329211
3.0,5.0,0.17802239968214154
2.0,4.0,2.4976159548099734
5.0,7.0,4.3391122751119
8.0,26.0,5.023105281633477
13.0,19.0,1.996799118114128
35.0,89.0,4.236005527618427
3.0,12.0,0.3140863045422247
10.0,33.0,0.6890896732526409
8.0,22.0,0.5251039156423638
25.0,57.0,1.5418855208147308
17.0,40.0,1.0749471911329211
1.0,5.0,0.17802239968214154
2.0,4.0,2.4976159548099734
3.0,7.0,4.3391122751119
14.0,26.0,5.023105281633477
10.0,19.0,1.996799118114128
37.0,89.0,4.236005527618427
5.0,12.0,0.3140863045422247
21.0,33.0,0.6890896732526409
13.0,22.0,0.5251039156423638
32.0,57.0,1.5418855208147308
25.0,40.0,1.0749471911329211
1.0,5.0,0.17802239968214154
3.0,4.0,2.4976159548099734
4.0,7.0,4.3391122751119
19.0,26.0,5.023105281633477
10.0,19.0,1.996799118114128
60.0,89.0,4.236005527618427
6.0,12.0,0.3140863045422247
20.0,33.0,0.6890896732526409
13.0,22.0,0.5251039156423638
28.0,57.0,1.5418855208147308
28.0,40.0,1.0749471911329211
3.0,5.0,0.17802239968214154
1.0,4.0,2.4976159548099734
5.0,7.0,4.3391122751119
21.0,26.0,5.023105281633477
10.0,19.0,1.996799118114128
57.0,89.0,4.236005527618427
5.0,12.0,0.3140863045422247
25.0,33.0,0.6890896732526409
17.0,22.0,0.5251039156423638
38.0,57.0,1.5418855208147308
26.0,40.0,1.0749471911329211
4.0,5.0,0.17802239968214154
4.0,4.0,2.4976159548099734
5.0,7.0,4.3391122751119
14.0,26.0,5.023105281633477
15.0,19.0,1.996799118114128
67.0,89.0,4.236005527618427
9.0,12.0,0.3140863045422247
28.0,33.0,0.6890896732526409
17.0,22.0,0.5251039156423638
47.0,57.0,1.5418855208147308
28.0,40.0,1.0749471911329211
3.0,5.0,0.17802239968214154
4.0,4.0,2.4976159548099734
6.0,7.0,4.3391122751119
24.0,26.0,5.023105281633477
19.0,19.0,1.996799118114128
83.0,89.0,4.236005527618427
11.0,12.0,0.3140863045422247
32.0,33.0,0.6890896732526409
19.0,22.0,0.5251039156423638
53.0,57.0,1.5418855208147308
39.0,40.0,1.0749471911329211
4.0,5.0,0.17802239968214154
1.0,5.0,3.1057114901623613
2.0,6.0,3.6025488690265743
2.0,18.0,3.9000925654586633
4.0,44.0,4.228132217933434
0.0,5.0,0.1701617152603907
3.0,24.0,0.8857061142668919
4.0,37.0,2.0210611173558455
11.0,74.0,2.664828352931816
11.0,77.0,1.5888617892549002
17.0,77.0,1.3618331514668756
1.0,4.0,0.08332067694847121
1.0,5.0,3.1057114901623613
1.0,6.0,3.6025488690265743
6.0,18.0,3.9000925654586633
8.0,44.0,4.228132217933434
1.0,5.0,0.1701617152603907
4.0,24.0,0.8857061142668919
12.0,37.0,2.0210611173558455
12.0,74.0,2.664828352931816
18.0,77.0,1.5888617892549002
23.0,77.0,1.3618331514668756
0.0,4.0,0.08332067694847121
3.0,5.0,3.1057114901623613
3.0,6.0,3.6025488690265743
4.0,18.0,3.9000925654586633
14.0,44.0,4.228132217933434
1.0,5.0,0.1701617152603907
6.0,24.0,0.8857061142668919
7.0,37.0,2.0210611173558455
22.0,74.0,2.664828352931816
13.0,77.0,1.5888617892549002
27.0,77.0,1.3618331514668756
0.0,4.0,0.08332067694847121
2.0,5.0,3.1057114901623613
2.0,6.0,3.6025488690265743
7.0,18.0,3.9000925654586633
22.0,44.0,4.228132217933434
3.0,5.0,0.1701617152603907
12.0,24.0,0.8857061142668919
15.0,37.0,2.0210611173558455
36.0,74.0,2.664828352931816
33.0,77.0,1.5888617892549002
34.0,77.0,1.3618331514668756
1.0,4.0,0.08332067694847121
3.0,5.0,3.1057114901623613
2.0,6.0,3.6025488690265743
7.0,18.0,3.9000925654586633
22.0,44.0,4.228132217933434
2.0,5.0,0.1701617152603907
15.0,24.0,0.8857061142668919
12.0,37.0,2.0210611173558455
34.0,74.0,2.664828352931816
38.0,77.0,1.5888617892549002
34.0,77.0,1.3618331514668756
3.0,4.0,0.08332067694847121
3.0,5.0,3.1057114901623613
3.0,6.0,3.6025488690265743
13.0,18.0,3.9000925654586633
23.0,44.0,4.228132217933434
2.0,5.0,0.1701617152603907
14.0,24.0,0.8857061142668919
25.0,37.0,2.0210611173558455
41.0,74.0,2.664828352931816
40.0,77.0,1.5888617892549002
44.0,77.0,1.3618331514668756
3.0,4.0,0.08332067694847121
5.0,5.0,3.1057114901623613
4.0,6.0,3.6025488690265743
15.0,18.0,3.9000925654586633
34.0,44.0,4.228132217933434
2.0,5.0,0.1701617152603907
18.0,24.0,0.8857061142668919
21.0,37.0,2.0210611173558455
58.0,74.0,2.664828352931816
60.0,77.0,1.5888617892549002
57.0,77.0,1.3618331514668756
4.0,4.0,0.08332067694847121
5.0,5.0,3.1057114901623613
4.0,6.0,3.6025488690265743
17.0,18.0,3.9000925654586633
34.0,44.0,4.228132217933434
5.0,5.0,0.1701617152603907
19.0,24.0,0.8857061142668919
32.0,37.0,2.0210611173558455
57.0,74.0,2.664828352931816
64.0,77.0,1.5888617892549002
65.0,77.0,1.3618331514668756
2.0,4.0,0.08332067694847121
5.0,5.0,3.1057114901623613
5.0,6.0,3.6025488690265743
17.0,18.0,3.9000925654586633
40.0,44.0,4.228132217933434
5.0,5.0,0.1701617152603907
22.0,24.0,0.8857061142668919
32.0,37.0,2.0210611173558455
66.0,74.0,2.664828352931816
70.0,77.0,1.5888617892549002
72.0,77.0,1.3618331514668756
4.0,4.0,0.08332067694847121
1.0,6.0,6.706814644326656
1.0,15.0,5.885835061498317
2.0,20.0,2.9373193818371854
8.0,60.0,3.614333522720227
3.0,16.0,0.624548683650574
2.0,21.0,1.0719823988623676
4.0,45.0,1.365017542117135
4.0,47.0,1.552654708648797
4.0,28.0,0.7451382906059091
3.0,19.0,0.5655243562251729
2.0,24.0,0.9322717804270498
1.0,6.0,6.706814644326656
4.0,15.0,5.885835061498317
1.0,20.0,2.9373193818371854
8.0,60.0,3.614333522720227
5.0,16.0,0.624548683650574
5.0,21.0,1.0719823988623676
6.0,45.0,1.365017542117135
7.0,47.0,1.552654708648797
6.0,28.0,0.7451382906059091
3.0,19.0,0.5655243562251729
4.0,24.0,0.9322717804270498
2.0,6.0,6.706814644326656
4.0,15.0,5.885835061498317
6.0,20.0,2.9373193818371854
20.0,60.0,3.614333522720227
2.0,16.0,0.624548683650574
7.0,21.0,1.0719823988623676
14.0,45.0,1.365017542117135
10.0,47.0,1.552654708648797
8.0,28.0,0.7451382906059091
5.0,19.0,0.5655243562251729
5.0,24.0,0.9322717804270498
3.0,6.0,6.706814644326656
3.0,15.0,5.885835061498317
6.0,20.0,2.9373193818371854
28.0,60.0,3.614333522720227
5.0,16.0,0.624548683650574
8.0,21.0,1.0719823988623676
16.0,45.0,1.365017542117135
22.0,47.0,1.552654708648797
11.0,28.0,0.7451382906059091
5.0,19.0,0.5655243562251729
13.0,24.0,0.9322717804270498
3.0,6.0,6.706814644326656
9.0,15.0,5.885835061498317
6.0,20.0,2.9373193818371854
30.0,60.0,3.614333522720227
9.0,16.0,0.624548683650574
10.0,21.0,1.0719823988623676
23.0,45.0,1.365017542117135
28.0,47.0,1.552654708648797
10.0,28.0,0.7451382906059091
8.0,19.0,0.5655243562251729
15.0,24.0,0.9322717804270498
4.0,6.0,6.706814644326656
9.0,15.0,5.885835061498317
10.0,20.0,2.9373193818371854
35.0,60.0,3.614333522720227
12.0,16.0,0.624548683650574
9.0,21.0,1.0719823988623676
28.0,45.0,1.365017542117135
23.0,47.0,1.552654708648797
17.0,28.0,0.7451382906059091
14.0,19.0,0.5655243562251729
18.0,24.0,0.9322717804270498
3.0,6.0,6.706814644326656
11.0,15.0,5.885835061498317
15.0,20.0,2.9373193818371854
44.0,60.0,3.614333522720227
8.0,16.0,0.624548683650574
14.0,21.0,1.0719823988623676
31.0,45.0,1.365017542117135
35.0,47.0,1.552654708648797
15.0,28.0,0.7451382906059091
16.0,19.0,0.5655243562251729
17.0,24.0,0.9322717804270498
4.0,6.0,6.706814644326656
13.0,15.0,5.885835061498317
19.0,20.0,2.9373193818371854
49.0,60.0,3.614333522720227
9.0,16.0,0.624548683650574
17.0,21.0,1.0719823988623676
35.0,45.0,1.365017542117135
38.0,47.0,1.552654708648797
22.0,28.0,0.7451382906059091
17.0,19.0,0.5655243562251729
23.0,24.0,0.9322717804270498
5.0,6.0,6.706814644326656
13.0,15.0,5.885835061498317
19.0,20.0,2.9373193818371854
54.0,60.0,3.614333522720227
14.0,16.0,0.624548683650574
20.0,21.0,1.0719823988623676
41.0,45.0,1.365017542117135
43.0,47.0,1.552654708648797
27.0,28.0,0.7451382906059091
19.0,19.0,0.5655243562251729
22.0,24.0,0.9322717804270498
1.0,2.0,1.5655146799302087
1.0,6.0,3.355553243122472
1.0,3.0,0.7141901889899452
3.0,25.0,4.113559445054209
2.0,25.0,2.819340919375842
1.0,18.0,1.2686706069423732
1.0,19.0,0.8930104812417344
2.0,40.0,2.2915450423769275
4.0,33.0,1.3668314086165405
10.0,72.0,1.9562223297375037
1.0,3.0,0.10701434531525213
1.0,2.0,1.5655146799302087
0.0,6.0,3.355553243122472
0.0,3.0,0.7141901889899452
7.0,25.0,4.113559445054209
6.0,25.0,2.819340919375842
4.0,18.0,1.2686706069423732
2.0,19.0,0.8930104812417344
7.0,40.0,2.2915450423769275
4.0,33.0,1.3668314086165405
20.0,72.0,1.9562223297375037
0.0,3.0,0.10701434531525213
2.0,2.0,1.5655146799302087
1.0,6.0,3.355553243122472
0.0,3.0,0.7141901889899452
10.0,25.0,4.113559445054209
10.0,25.0,2.819340919375842
8.0,18.0,1.2686706069423732
7.0,19.0,0.8930104812417344
14.0,40.0,2.2915450423769275
7.0,33.0,1.3668314086165405
19.0,72.0,1.9562223297375037
1.0,3.0,0.10701434531525213
2.0,2.0,1.5655146799302087
2.0,6.0,3.355553243122472
1.0,3.0,0.7141901889899452
8.0,25.0,4.113559445054209
12.0,25.0,2.819340919375842
8.0,18.0,1.2686706069423732
2.0,19.0,0.8930104812417344
11.0,40.0,2.2915450423769275
11.0,33.0,1.3668314086165405
32.0,72.0,1.9562223297375037
2.0,3.0,0.10701434531525213
1.0,2.0,1.5655146799302087
4.0,6.0,3.355553243122472
3.0,3.0,0.7141901889899452
10.0,25.0,4.113559445054209
11.0,25.0,2.819340919375842
11.0,18.0,1.2686706069423732
11.0,19.0,0.8930104812417344
15.0,40.0,2.2915450423769275
20.0,33.0,1.3668314086165405
33.0,72.0,1.9562223297375037
2.0,3.0,0.10701434531525213
1.0,2.0,1.5655146799302087
4.0,6.0,3.355553243122472
3.0,3.0,0.7141901889899452
15.0,25.0,4.113559445054209
16.0,25.0,2.819340919375842
11.0,18.0,1.2686706069423732
13.0,19.0,0.8930104812417344
25.0,40.0,2.2915450423769275
20.0,33.0,1.3668314086165405
46.0,72.0,1.9562223297375037
1.0,3.0,0.10701434531525213
1.0,2.0,1.5655146799302087
4.0,6.0,3.355553243122472
3.0,3.0,0.7141901889899452
17.0,25.0,4.113559445054209
16.0,25.0,2.819340919375842
14.0,18.0,1.2686706069423732
15.0,19.0,0.8930104812417344
30.0,40.0,2.2915450423769275
23.0,33.0,1.3668314086165405
52.0,72.0,1.9562223297375037
2.0,3.0,0.10701434531525213
2.0,2.0,1.5655146799302087
4.0,6.0,3.355553243122472
2.0,3.0,0.7141901889899452
19.0,25.0,4.113559445054209
18.0,25.0,2.819340919375842
16.0,18.0,1.2686706069423732
15.0,19.0,0.8930104812417344
31.0,40.0,2.2915450423769275
26.0,33.0,1.3668314086165405
62.0,72.0,1.9562223297375037
3.0,3.0,0.10701434531525213
2.0,2.0,1.5655146799302087
6.0,6.0,3.355553243122472
3.0,3.0,0.7141901889899452
21.0,25.0,4.113559445054209
22.0,25.0,2.819340919375842
16.0,18.0,1.2686706069423732
17.0,19.0,0.8930104812417344
37.0,40.0,2.2915450423769275
29.0,33.0,1.3668314086165405
63.0,72.0,1.9562223297375037
3.0,3.0,0.10701434531525213
1.0,2.0,2.198956277842704
0.0,17.0,11.466153935223119
1.0,14.0,3.475709941612232
1.0,28.0,2.315528421585493
1.0,12.0,1.088568075099182
3.0,8.0,0.5887478585906304
2.0,12.0,0.7436243004780153
3.0,28.0,2.3016828311054476
1.0,26.0,1.689108714235281
8.0,87.0,3.3260843053905225
6.0,41.0,0.793232536215444
1.0,2.0,2.198956277842704
4.0,17.0,11.466153935223119
2.0,14.0,3.475709941612232
4.0,28.0,2.315528421585493
1.0,12.0,1.088568075099182
2.0,8.0,0.5887478585906304
1.0,12.0,0.7436243004780153
8.0,28.0,2.3016828311054476
4.0,26.0,1.689108714235281
18.0,87.0,3.3260843053905225
9.0,41.0,0.793232536215444
2.0,2.0,2.198956277842704
10.0,17.0,11.466153935223119
5.0,14.0,3.475709941612232
7.0,28.0,2.315528421585493
3.0,12.0,1.088568075099182
1.0,8.0,0.5887478585906304
6.0,12.0,0.7436243004780153
7.0,28.0,2.3016828311054476
9.0,26.0,1.689108714235281
24.0,87.0,3.3260843053905225
9.0,41.0,0.793232536215444
2.0,2.0,2.198956277842704
9.0,17.0,11.466153935223119
9.0,14.0,3.475709941612232
9.0,28.0,2.315528421585493
0.0,12.0,1.088568075099182
3.0,8.0,0.5887478585906304
2.0,12.0,0.7436243004780153
14.0,28.0,2.3016828311054476
9.0,26.0,1.689108714235281
32.0,87.0,3.3260843053905225
17.0,41.0,0.793232536215444
1.0,2.0,2.198956277842704
13.0,17.0,11.466153935223119
8.0,14.0,3.475709941612232
14.0,28.0,2.315528421585493
3.0,12.0,1.088568075099182
3.0,8.0,0.5887478585906304
3.0,12.0,0.7436243004780153
14.0,28.0,2.3016828311054476
11.0,26.0,1.689108714235281
38.0,87.0,3.3260843053905225
17.0,41.0,0.793232536215444
1.0,2.0,2.198956277842704
12.0,17.0,11.466153935223119
10.0,14.0,3.475709941612232
16.0,28.0,2.315528421585493
9.0,12.0,1.088568075099182
3.0,8.0,0.5887478585906304
4.0,12.0,0.7436243004780153
19.0,28.0,2.3016828311054476
13.0,26.0,1.689108714235281
54.0,87.0,3.3260843053905225
25.0,41.0,0.793232536215444
1.0,2.0,2.198956277842704
13.0,17.0,11.466153935223119
11.0,14.0,3.475709941612232
19.0,28.0,2.315528421585493
7.0,12.0,1.088568075099182
4.0,8.0,0.5887478585906304
9.0,12.0,0.7436243004780153
20.0,28.0,2.3016828311054476
15.0,26.0,1.689108714235281
65.0,87.0,3.3260843053905225
33.0,41.0,0.793232536215444
1.0,2.0,2.198956277842704
16.0,17.0,11.466153935223119
12.0,14.0,3.475709941612232
27.0,28.0,2.315528421585493
9.0,12.0,1.088568075099182
5.0,8.0,0.5887478585906304
12.0,12.0,0.7436243004780153
22.0,28.0,2.3016828311054476
23.0,26.0,1.689108714235281
65.0,87.0,3.3260843053905225
33.0,41.0,0.793232536215444
2.0,2.0,2.198956277842704
17.0,17.0,11.466153935223119
13.0,14.0,3.475709941612232
26.0,28.0,2.315528421585493
11.0,12.0,1.088568075099182
7.0,8.0,0.5887478585906304
11.0,12.0,0.7436243004780153
24.0,28.0,2.3016828311054476
25.0,26.0,1.689108714235281
75.0,87.0,3.3260843053905225
38.0,41.0,0.793232536215444
1.0,4.0,3.610872909663777
1.0,4.0,3.072816820562225
3.0,11.0,3.95580776577459
3.0,12.0,2.3765343096001645
1.0,26.0,2.2395299537265743
1.0,5.0,0.28463755280403347
4.0,24.0,1.7035549277444049
1.0,5.0,0.811869472844589
2.0,21.0,1.1387556972555322
1.0,16.0,0.947215730200765
3.0,24.0,1.6698318494668893
1.0,4.0,3.610872909663777
1.0,4.0,3.072816820562225
2.0,11.0,3.95580776577459
2.0,12.0,2.3765343096001645
7.0,26.0,2.2395299537265743
1.0,5.0,0.28463755280403347
3.0,24.0,1.7035549277444049
0.0,5.0,0.811869472844589
4.0,21.0,1.1387556972555322
3.0,16.0,0.947215730200765
6.0,24.0,1.6698318494668893
2.0,4.0,3.610872909663777
1.0,4.0,3.072816820562225
4.0,11.0,3.95580776577459
5.0,12.0,2.3765343096001645
5.0,26.0,2.2395299537265743
1.0,5.0,0.28463755280403347
9.0,24.0,1.7035549277444049
2.0,5.0,0.811869472844589
7.0,21.0,1.1387556972555322
3.0,16.0,0.947215730200765
10.0,24.0,1.6698318494668893
1.0,4.0,3.610872909663777
1.0,4.0,3.072816820562225
7.0,11.0,3.95580776577459
6.0,12.0,2.3765343096001645
14.0,26.0,2.2395299537265743
2.0,5.0,0.28463755280403347
7.0,24.0,1.7035549277444049
2.0,5.0,0.811869472844589
10.0,21.0,1.1387556972555322
3.0,16.0,0.947215730200765
11.0,24.0,1.6698318494668893
3.0,4.0,3.610872909663777
2.0,4.0,3.072816820562225
8.0,11.0,3.95580776577459
4.0,12.0,2.3765343096001645
13.0,26.0,2.2395299537265743
4.0,5.0,0.28463755280403347
15.0,24.0,1.7035549277444049
2.0,5.0,0.811869472844589
8.0,21.0,1.1387556972555322
9.0,16.0,0.947215730200765
11.0,24.0,1.6698318494668893
4.0,4.0,3.610872909663777
2.0,4.0,3.072816820562225
6.0,11.0,3.95580776577459
7.0,12.0,2.3765343096001645
14.0,26.0,2.2395299537265743
5.0,5.0,0.28463755280403347
14.0,24.0,1.7035549277444049
3.0,5.0,0.811869472844589
10.0,21.0,1.1387556972555322
12.0,16.0,0.947215730200765
11.0,24.0,1.6698318494668893
1.0,4.0,3.610872909663777
3.0,4.0,3.072816820562225
9.0,11.0,3.95580776577459
9.0,12.0,2.3765343096001645
14.0,26.0,2.2395299537265743
4.0,5.0,0.28463755280403347
17.0,24.0,1.7035549277444049
4.0,5.0,0.811869472844589
13.0,21.0,1.1387556972555322
11.0,16.0,0.947215730200765
19.0,24.0,1.6698318494668893
4.0,4.0,3.610872909663777
3.0,4.0,3.072816820562225
7.0,11.0,3.95580776577459
9.0,12.0,2.3765343096001645
21.0,26.0,2.2395299537265743
3.0,5.0,0.28463755280403347
19.0,24.0,1.7035549277444049
4.0,5.0,0.811869472844589
15.0,21.0,1.1387556972555322
12.0,16.0,0.947215730200765
20.0,24.0,1.6698318494668893
4.0,4.0,3.610872909663777
4.0,4.0,3.072816820562225
9.0,11.0,3.95580776577459
12.0,12.0,2.3765343096001645
25.0,26.0,2.2395299537265743
4.0,5.0,0.28463755280403347
22.0,24.0,1.7035549277444049
4.0,5.0,0.811869472844589
20.0,21.0,1.1387556972555322
15.0,16.0,0.947215730200765
21.0,24.0,1.6698318494668893
2.0,5.0,6.737485547355354
1.0,6.0,2.8175056670503604
0.0,20.0,2.69333740358913
3.0,18.0,2.2781239078179625
4.0,72.0,4.239115296188768
13.0,77.0,1.8944230559613058
1.0,5.0,0.14284744677737032
7.0,40.0,0.712778919492016
7.0,79.0,1.8289839622659225
1.0,16.0,0.3173681897815065
3.0,18.0,0.5705195781399716
4.0,5.0,6.737485547355354
3.0,6.0,2.8175056670503604
1.0,20.0,2.69333740358913
7.0,18.0,2.2781239078179625
18.0,72.0,4.239115296188768
11.0,77.0,1.8944230559613058
0.0,5.0,0.14284744677737032
8.0,40.0,0.712778919492016
11.0,79.0,1.8289839622659225
2.0,16.0,0.3173681897815065
2.0,18.0,0.5705195781399716
1.0,5.0,6.737485547355354
1.0,6.0,2.8175056670503604
5.0,20.0,2.69333740358913
7.0,18.0,2.2781239078179625
20.0,72.0,4.239115296188768
27.0,77.0,1.8944230559613058
1.0,5.0,0.14284744677737032
10.0,40.0,0.712778919492016
14.0,79.0,1.8289839622659225
7.0,16.0,0.3173681897815065
5.0,18.0,0.5705195781399716
3.0,5.0,6.737485547355354
3.0,6.0,2.8175056670503604
11.0,20.0,2.69333740358913
7.0,18.0,2.2781239078179625
30.0,72.0,4.239115296188768
27.0,77.0,1.8944230559613058
2.0,5.0,0.14284744677737032
21.0,40.0,0.712778919492016
26.0,79.0,1.8289839622659225
6.0,16.0,0.3173681897815065
9.0,18.0,0.5705195781399716
2.0,5.0,6.737485547355354
3.0,6.0,2.8175056670503604
11.0,20.0,2.69333740358913
6.0,18.0,2.2781239078179625
46.0,72.0,4.239115296188768
36.0,77.0,1.8944230559613058
1.0,5.0,0.14284744677737032
19.0,40.0,0.712778919492016
39.0,79.0,1.8289839622659225
9.0,16.0,0.3173681897815065
5.0,18.0,0.5705195781399716
2.0,5.0,6.737485547355354
5.0,6.0,2.8175056670503604
15.0,20.0,2.69333740358913
9.0,18.0,2.2781239078179625
46.0,72.0,4.239115296188768
44.0,77.0,1.8944230559613058
2.0,5.0,0.14284744677737032
22.0,40.0,0.712778919492016
54.0,79.0,1.8289839622659225
9.0,16.0,0.3173681897815065
9.0,18.0,0.5705195781399716
4.0,5.0,6.737485547355354
3.0,6.0,2.8175056670503604
15.0,20.0,2.69333740358913
11.0,18.0,2.2781239078179625
48.0,72.0,4.239115296188768
60.0,77.0,1.8944230559613058
4.0,5.0,0.14284744677737032
25.0,40.0,0.712778919492016
49.0,79.0,1.8289839622659225
13.0,16.0,0.3173681897815065
10.0,18.0,0.5705195781399716
2.0,5.0,6.737485547355354
5.0,6.0,2.8175056670503604
14.0,20.0,2.69333740358913
16.0,18.0,2.2781239078179625
53.0,72.0,4.239115296188768
63.0,77.0,1.8944230559613058
4.0,5.0,0.14284744677737032
32.0,40.0,0.712778919492016
61.0,79.0,1.8289839622659225
12.0,16.0,0.3173681897815065
13.0,18.0,0.5705195781399716
4.0,5.0,6.737485547355354
6.0,6.0,2.8175056670503604
19.0,20.0,2.69333740358913
17.0,18.0,2.2781239078179625
66.0,72.0,4.239115296188768
72.0,77.0,1.8944230559613058
3.0,5.0,0.14284744677737032
36.0,40.0,0.712778919492016
70.0,79.0,1.8289839622659225
16.0,16.0,0.3173681897815065
15.0,18.0,0.5705195781399716
1.0,3.0,2.6453198467375
2.0,10.0,6.114445502835941
0.0,7.0,1.8257927631217181
2.0,5.0,1.3298017643324367
0.0,18.0,1.7351467177071935
2.0,14.0,2.2536947296311416
10.0,73.0,4.244581440901108
6.0,85.0,3.210023346722842
0.0,9.0,0.2743122353567528
10.0,76.0,1.5491831106615273
1.0,13.0,0.3183673251142358
1.0,3.0,2.6453198467375
1.0,10.0,6.114445502835941
1.0,7.0,1.8257927631217181
1.0,5.0,1.3298017643324367
3.0,18.0,1.7351467177071935
2.0,14.0,2.2536947296311416
14.0,73.0,4.244581440901108
20.0,85.0,3.210023346722842
0.0,9.0,0.2743122353567528
21.0,76.0,1.5491831106615273
2.0,13.0,0.3183673251142358
1.0,3.0,2.6453198467375
3.0,10.0,6.114445502835941
1.0,7.0,1.8257927631217181
3.0,5.0,1.3298017643324367
3.0,18.0,1.7351467177071935
7.0,14.0,2.2536947296311416
20.0,73.0,4.244581440901108
33.0,85.0,3.210023346722842
3.0,9.0,0.2743122353567528
21.0,76.0,1.5491831106615273
5.0,13.0,0.3183673251142358
2.0,3.0,2.6453198467375
2.0,10.0,6.114445502835941
5.0,7.0,1.8257927631217181
3.0,5.0,1.3298017643324367
10.0,18.0,1.7351467177071935
6.0,14.0,2.2536947296311416
29.0,73.0,4.244581440901108
21.0,85.0,3.210023346722842
3.0,9.0,0.2743122353567528
29.0,76.0,1.5491831106615273
5.0,13.0,0.3183673251142358
1.0,3.0,2.6453198467375
7.0,10.0,6.114445502835941
2.0,7.0,1.8257927631217181
4.0,5.0,1.3298017643324367
11.0,18.0,1.7351467177071935
3.0,14.0,2.2536947296311416
45.0,73.0,4.244581440901108
46.0,85.0,3.210023346722842
2.0,9.0,0.2743122353567528
36.0,76.0,1.5491831106615273
11.0,13.0,0.3183673251142358
2.0,3.0,2.6453198467375
5.0,10.0,6.114445502835941
1.0,7.0,1.8257927631217181
4.0,5.0,1.3298017643324367
10.0,18.0,1.7351467177071935
9.0,14.0,2.2536947296311416
47.0,73.0,4.244581440901108
44.0,85.0,3.210023346722842
5.0,9.0,0.2743122353567528
47.0,76.0,1.5491831106615273
11.0,13.0,0.3183673251142358
2.0,3.0,2.6453198467375
7.0,10.0,6.114445502835941
4.0,7.0,1.8257927631217181
4.0,5.0,1.3298017643324367
11.0,18.0,1.7351467177071935
10.0,14.0,2.2536947296311416
58.0,73.0,4.244581440901108
57.0,85.0,3.210023346722842
6.0,9.0,0.2743122353567528
42.0,76.0,1.5491831106615273
12.0,13.0,0.3183673251142358
2.0,3.0,2.6453198467375
9.0,10.0,6.114445502835941
6.0,7.0,1.8257927631217181
4.0,5.0,1.3298017643324367
16.0,18.0,1.7351467177071935
10.0,14.0,2.2536947296311416
62.0,73.0,4.244581440901108
67.0,85.0,3.210023346722842
8.0,9.0,0.2743122353567528
59.0,76.0,1.5491831106615273
12.0,13.0,0.3183673251142358
3.0,3.0,2.6453198467375
10.0,10.0,6.114445502835941
7.0,7.0,1.8257927631217181
4.0,5.0,1.3298017643324367
17.0,18.0,1.7351467177071935
13.0,14.0,2.2536947296311416
67.0,73.0,4.244581440901108
79.0,85.0,3.210023346722842
9.0,9.0,0.2743122353567528
63.0,76.0,1.5491831106615273
13.0,13.0,0.3183673251142358
1.0,4.0,3.177812113052515
1.0,7.0,4.712866857961344
6.0,39.0,8.487407942222768
0.0,16.0,0.9299797694708188
7.0,81.0,3.388756382177399
2.0,35.0,1.2853275477963073
3.0,6.0,0.27347155075669477
4.0,34.0,1.124612192723952
0.0,2.0,0.12778069015608157
2.0,12.0,0.695338668259938
3.0,24.0,1.7649285556688283
1.0,4.0,3.177812113052515
3.0,7.0,4.712866857961344
8.0,39.0,8.487407942222768
4.0,16.0,0.9299797694708188
17.0,81.0,3.388756382177399
3.0,35.0,1.2853275477963073
1.0,6.0,0.27347155075669477
8.0,34.0,1.124612192723952
0.0,2.0,0.12778069015608157
1.0,12.0,0.695338668259938
5.0,24.0,1.7649285556688283
2.0,4.0,3.177812113052515
2.0,7.0,4.712866857961344
11.0,39.0,8.487407942222768
5.0,16.0,0.9299797694708188
23.0,81.0,3.388756382177399
12.0,35.0,1.2853275477963073
3.0,6.0,0.27347155075669477
9.0,34.0,1.124612192723952
2.0,2.0,0.12778069015608157
7.0,12.0,0.695338668259938
5.0,24.0,1.7649285556688283
1.0,4.0,3.177812113052515
1.0,7.0,4.712866857961344
22.0,39.0,8.487407942222768
8.0,16.0,0.9299797694708188
33.0,81.0,3.388756382177399
12.0,35.0,1.2853275477963073
4.0,6.0,0.27347155075669477
11.0,34.0,1.124612192723952
1.0,2.0,0.12778069015608157
6.0,12.0,0.695338668259938
11.0,24.0,1.7649285556688283
2.0,4.0,3.177812113052515
6.0,7.0,4.712866857961344
19.0,39.0,8.487407942222768
8.0,16.0,0.9299797694708188
41.0,81.0,3.388756382177399
18.0,35.0,1.2853275477963073
5.0,6.0,0.27347155075669477
15.0,34.0,1.124612192723952
1.0,2.0,0.12778069015608157
6.0,12.0,0.695338668259938
12.0,24.0,1.7649285556688283
2.0,4.0,3.177812113052515
6.0,7.0,4.712866857961344
24.0,39.0,8.487407942222768
9.0,16.0,0.9299797694708188
42.0,81.0,3.388756382177399
19.0,35.0,1.2853275477963073
4.0,6.0,0.27347155075669477
24.0,34.0,1.124612192723952
0.0,2.0,0.12778069015608157
8.0,12.0,0.695338668259938
19.0,24.0,1.7649285556688283
2.0,4.0,3.177812113052515
6.0,7.0,4.712866857961344
22.0,39.0,8.487407942222768
12.0,16.0,0.9299797694708188
57.0,81.0,3.388756382177399
23.0,35.0,1.2853275477963073
5.0,6.0,0.27347155075669477
25.0,34.0,1.124612192723952
2.0,2.0,0.12778069015608157
8.0,12.0,0.695338668259938
14.0,24.0,1.7649285556688283
4.0,4.0,3.177812113052515
5.0,7.0,4.712866857961344
33.0,39.0,8.487407942222768
11.0,16.0,0.9299797694708188
58.0,81.0,3.388756382177399
27.0,35.0,1.2853275477963073
4.0,6.0,0.27347155075669477
27.0,34.0,1.124612192723952
2.0,2.0,0.12778069015608157
10.0,12.0,0.695338668259938
18.0,24.0,1.7649285556688283
4.0,4.0,3.177812113052515
7.0,7.0,4.712866857961344
37.0,39.0,8.487407942222768
15.0,16.0,0.9299797694708188
76.0,81.0,3.388756382177399
28.0,35.0,1.2853275477963073
6.0,6.0,0.27347155075669477
33.0,34.0,1.124612192723952
2.0,2.0,0.12778069015608157
9.0,12.0,0.695338668259938
19.0,24.0,1.7649285556688283
2.0,5.0,9.33445823378968
0.0,5.0,3.9172619930315666
4.0,56.0,9.829346896333202
3.0,16.0,1.0170420947335446
1.0,11.0,0.46928724534720656
1.0,18.0,0.9890578822588233
1.0,7.0,0.33489012133714857
8.0,53.0,2.7771281045835545
9.0,52.0,1.925632823314809
6.0,68.0,2.031902550970771
1.0,45.0,0.8908447749748308
2.0,5.0,9.33445823378968
1.0,5.0,3.9172619930315666
11.0,56.0,9.829346896333202
2.0,16.0,1.0170420947335446
2.0,11.0,0.46928724534720656
3.0,18.0,0.9890578822588233
3.0,7.0,0.33489012133714857
5.0,53.0,2.7771281045835545
8.0,52.0,1.925632823314809
11.0,68.0,2.031902550970771
8.0,45.0,0.8908447749748308
3.0,5.0,9.33445823378968
2.0,5.0,3.9172619930315666
18.0,56.0,9.829346896333202
6.0,16.0,1.0170420947335446
6.0,11.0,0.46928724534720656
6.0,18.0,0.9890578822588233
4.0,7.0,0.33489012133714857
14.0,53.0,2.7771281045835545
14.0,52.0,1.925632823314809
22.0,68.0,2.031902550970771
15.0,45.0,0.8908447749748308
4.0,5.0,9.33445823378968
3.0,5.0,3.9172619930315666
26.0,56.0,9.829346896333202
6.0,16.0,1.0170420947335446
3.0,11.0,0.46928724534720656
3.0,18.0,0.9890578822588233
2.0,7.0,0.33489012133714857
21.0,53.0,2.7771281045835545
20.0,52.0,1.925632823314809
21.0,68.0,2.031902550970771
17.0,45.0,0.8908447749748308
5.0,5.0,9.33445823378968
5.0,5.0,3.9172619930315666
29.0,56.0,9.829346896333202
11.0,16.0,1.0170420947335446
5.0,11.0,0.46928724534720656
10.0,18.0,0.9890578822588233
3.0,7.0,0.33489012133714857
28.0,53.0,2.7771281045835545
29.0,52.0,1.925632823314809
35.0,68.0,2.031902550970771
17.0,45.0,0.8908447749748308
2.0,5.0,9.33445823378968
4.0,5.0,3.9172619930315666
34.0,56.0,9.829346896333202
8.0,16.0,1.0170420947335446
7.0,11.0,0.46928724534720656
14.0,18.0,0.9890578822588233
5.0,7.0,0.33489012133714857
32.0,53.0,2.7771281045835545
31.0,52.0,1.925632823314809
52.0,68.0,2.031902550970771
26.0,45.0,0.8908447749748308
3.0,5.0,9.33445823378968
4.0,5.0,3.9172619930315666
37.0,56.0,9.829346896333202
9.0,16.0,1.0170420947335446
10.0,11.0,0.46928724534720656
10.0,18.0,0.9890578822588233
5.0,7.0,0.33489012133714857
37.0,53.0,2.7771281045835545
33.0,52.0,1.925632823314809
54.0,68.0,2.031902550970771
35.0,45.0,0.8908447749748308
5.0,5.0,9.33445823378968
5.0,5.0,3.9172619930315666
45.0,56.0,9.829346896333202
10.0,16.0,1.0170420947335446
10.0,11.0,0.46928724534720656
15.0,18.0,0.9890578822588233
5.0,7.0,0.33489012133714857
47.0,53.0,2.7771281045835545
43.0,52.0,1.925632823314809
55.0,68.0,2.031902550970771
39.0,45.0,0.8908447749748308
3.0,5.0,9.33445823378968
5.0,5.0,3.9172619930315666
46.0,56.0,9.829346896333202
14.0,16.0,1.0170420947335446
10.0,11.0,0.46928724534720656
16.0,18.0,0.9890578822588233
7.0,7.0,0.33489012133714857
49.0,53.0,2.7771281045835545
41.0,52.0,1.925632823314809
62.0,68.0,2.031902550970771
41.0,45.0,0.8908447749748308
1.0,10.0,12.028310884561376
1.0,19.0,4.261605882404552
3.0,26.0,3.0959093070367416
0.0,9.0,0.4457260648483736
1.0,18.0,1.0811939369159225
0.0,12.0,0.4531998145233096
8.0,76.0,4.0325183048292566
2.0,10.0,0.4659138439913116
4.0,58.0,1.7301414024606079
0.0,11.0,0.2501182672136585
1.0,11.0,0.3148922385658311
2.0,10.0,12.028310884561376
3.0,19.0,4.261605882404552
6.0,26.0,3.0959093070367416
2.0,9.0,0.4457260648483736
4.0,18.0,1.0811939369159225
1.0,12.0,0.4531998145233096
15.0,76.0,4.0325183048292566
3.0,10.0,0.4659138439913116
9.0,58.0,1.7301414024606079
2.0,11.0,0.2501182672136585
2.0,11.0,0.3148922385658311
1.0,10.0,12.028310884561376
4.0,19.0,4.261605882404552
8.0,26.0,3.0959093070367416
3.0,9.0,0.4457260648483736
4.0,18.0,1.0811939369159225
3.0,12.0,0.4531998145233096
18.0,76.0,4.0325183048292566
2.0,10.0,0.4659138439913116
12.0,58.0,1.7301414024606079
4.0,11.0,0.2501182672136585
3.0,11.0,0.3148922385658311
6.0,10.0,12.028310884561376
7.0,19.0,4.261605882404552
12.0,26.0,3.0959093070367416
4.0,9.0,0.4457260648483736
8.0,18.0,1.0811939369159225
6.0,12.0,0.4531998145233096
31.0,76.0,4.0325183048292566
2.0,10.0,0.4659138439913116
24.0,58.0,1.7301414024606079
4.0,11.0,0.2501182672136585
5.0,11.0,0.3148922385658311
4.0,10.0,12.028310884561376
7.0,19.0,4.261605882404552
11.0,26.0,3.0959093070367416
4.0,9.0,0.4457260648483736
10.0,18.0,1.0811939369159225
6.0,12.0,0.4531998145233096
42.0,76.0,4.0325183048292566
5.0,10.0,0.4659138439913116
29.0,58.0,1.7301414024606079
8.0,11.0,0.2501182672136585
6.0,11.0,0.3148922385658311
7.0,10.0,12.028310884561376
13.0,19.0,4.261605882404552
16.0,26.0,3.0959093070367416
2.0,9.0,0.4457260648483736
11.0,18.0,1.0811939369159225
8.0,12.0,0.4531998145233096
50.0,76.0,4.0325183048292566
5.0,10.0,0.4659138439913116
35.0,58.0,1.7301414024606079
3.0,11.0,0.2501182672136585
7.0,11.0,0.3148922385658311
6.0,10.0,12.028310884561376
14.0,19.0,4.261605882404552
20.0,26.0,3.0959093070367416
8.0,9.0,0.4457260648483736
14.0,18.0,1.0811939369159225
7.0,12.0,0.4531998145233096
55.0,76.0,4.0325183048292566
7.0,10.0,0.4659138439913116
44.0,58.0,1.7301414024606079
5.0,11.0,0.2501182672136585
7.0,11.0,0.3148922385658311
8.0,10.0,12.028310884561376
16.0,19.0,4.261605882404552
21.0,26.0,3.0959093070367416
4.0,9.0,0.4457260648483736
15.0,18.0,1.0811939369159225
8.0,12.0,0.4531998145233096
61.0,76.0,4.0325183048292566
6.0,10.0,0.4659138439913116
50.0,58.0,1.7301414024606079
7.0,11.0,0.2501182672136585
8.0,11.0,0.3148922385658311
9.0,10.0,12.028310884561376
18.0,19.0,4.261605882404552
25.0,26.0,3.0959093070367416
8.0,9.0,0.4457260648483736
13.0,18.0,1.0811939369159225
11.0,12.0,0.4531998145233096
67.0,76.0,4.0325183048292566
9.0,10.0,0.4659138439913116
50.0,58.0,1.7301414024606079
9.0,11.0,0.2501182672136585
10.0,11.0,0.3148922385658311
1.0,4.0,2.9988885327836687
1.0,4.0,2.8883359705848455
3.0,30.0,7.12346361095752
2.0,21.0,3.0591745073607823
0.0,4.0,0.14497407608910087
0.0,6.0,0.5781512940173653
2.0,28.0,2.7013399044410122
5.0,23.0,1.7704923942885133
2.0,22.0,1.1299723005275177
8.0,64.0,2.3458913905131147
3.0,31.0,0.8072688044428203
1.0,4.0,2.9988885327836687
0.0,4.0,2.8883359705848455
5.0,30.0,7.12346361095752
5.0,21.0,3.0591745073607823
2.0,4.0,0.14497407608910087
1.0,6.0,0.5781512940173653
5.0,28.0,2.7013399044410122
2.0,23.0,1.7704923942885133
5.0,22.0,1.1299723005275177
11.0,64.0,2.3458913905131147
4.0,31.0,0.8072688044428203
3.0,4.0,2.9988885327836687
0.0,4.0,2.8883359705848455
7.0,30.0,7.12346361095752
6.0,21.0,3.0591745073607823
1.0,4.0,0.14497407608910087
1.0,6.0,0.5781512940173653
6.0,28.0,2.7013399044410122
7.0,23.0,1.7704923942885133
5.0,22.0,1.1299723005275177
24.0,64.0,2.3458913905131147
8.0,31.0,0.8072688044428203
2.0,4.0,2.9988885327836687
2.0,4.0,2.8883359705848455
11.0,30.0,7.12346361095752
11.0,21.0,3.0591745073607823
2.0,4.0,0.14497407608910087
2.0,6.0,0.5781512940173653
7.0,28.0,2.7013399044410122
10.0,23.0,1.7704923942885133
11.0,22.0,1.1299723005275177
23.0,64.0,2.3458913905131147
11.0,31.0,0.8072688044428203
3.0,4.0,2.9988885327836687
2.0,4.0,2.8883359705848455
13.0,30.0,7.12346361095752
9.0,21.0,3.0591745073607823
1.0,4.0,0.14497407608910087
5.0,6.0,0.5781512940173653
15.0,28.0,2.7013399044410122
11.0,23.0,1.7704923942885133
12.0,22.0,1.1299723005275177
34.0,64.0,2.3458913905131147
16.0,31.0,0.8072688044428203
2.0,4.0,2.9988885327836687
3.0,4.0,2.8883359705848455
19.0,30.0,7.12346361095752
13.0,21.0,3.0591745073607823
2.0,4.0,0.14497407608910087
2.0,6.0,0.5781512940173653
17.0,28.0,2.7013399044410122
13.0,23.0,1.7704923942885133
17.0,22.0,1.1299723005275177
46.0,64.0,2.3458913905131147
22.0,31.0,0.8072688044428203
2.0,4.0,2.9988885327836687
3.0,4.0,2.8883359705848455
24.0,30.0,7.12346361095752
16.0,21.0,3.0591745073607823
4.0,4.0,0.14497407608910087
4.0,6.0,0.5781512940173653
19.0,28.0,2.7013399044410122
16.0,23.0,1.7704923942885133
16.0,22.0,1.1299723005275177
44.0,64.0,2.3458913905131147
17.0,31.0,0.8072688044428203
3.0,4.0,2.9988885327836687
4.0,4.0,2.8883359705848455
23.0,30.0,7.12346361095752
17.0,21.0,3.0591745073607823
4.0,4.0,0.14497407608910087
6.0,6.0,0.5781512940173653
20.0,28.0,2.7013399044410122
16.0,23.0,1.7704923942885133
18.0,22.0,1.1299723005275177
45.0,64.0,2.3458913905131147
22.0,31.0,0.8072688044428203
4.0,4.0,2.9988885327836687
4.0,4.0,2.8883359705848455
26.0,30.0,7.12346361095752
21.0,21.0,3.0591745073607823
4.0,4.0,0.14497407608910087
6.0,6.0,0.5781512940173653
25.0,28.0,2.7013399044410122
21.0,23.0,1.7704923942885133
21.0,22.0,1.1299723005275177
56.0,64.0,2.3458913905131147
27.0,31.0,0.8072688044428203
1.0,3.0,2.0997326392673887
0.0,2.0,2.30543451833971
2.0,22.0,11.540843876549523
7.0,36.0,3.792337323139248
1.0,21.0,1.0928311493445826
1.0,15.0,0.7269744340754514
6.0,57.0,2.825958362432188
2.0,21.0,0.570883819106544
6.0,66.0,2.703479026420623
1.0,28.0,0.6565140818038913
3.0,26.0,0.7355241924670517
1.0,3.0,2.0997326392673887
1.0,2.0,2.30543451833971
5.0,22.0,11.540843876549523
13.0,36.0,3.792337323139248
1.0,21.0,1.0928311493445826
2.0,15.0,0.7269744340754514
5.0,57.0,2.825958362432188
5.0,21.0,0.570883819106544
12.0,66.0,2.703479026420623
9.0,28.0,0.6565140818038913
5.0,26.0,0.7355241924670517
1.0,3.0,2.0997326392673887
1.0,2.0,2.30543451833971
9.0,22.0,11.540843876549523
12.0,36.0,3.792337323139248
5.0,21.0,1.0928311493445826
7.0,15.0,0.7269744340754514
21.0,57.0,2.825958362432188
4.0,21.0,0.570883819106544
19.0,66.0,2.703479026420623
6.0,28.0,0.6565140818038913
3.0,26.0,0.7355241924670517
1.0,3.0,2.0997326392673887
1.0,2.0,2.30543451833971
8.0,22.0,11.540843876549523
15.0,36.0,3.792337323139248
10.0,21.0,1.0928311493445826
8.0,15.0,0.7269744340754514
26.0,57.0,2.825958362432188
6.0,21.0,0.570883819106544
26.0,66.0,2.703479026420623
5.0,28.0,0.6565140818038913
8.0,26.0,0.7355241924670517
1.0,3.0,2.0997326392673887
1.0,2.0,2.30543451833971
13.0,22.0,11.540843876549523
18.0,36.0,3.792337323139248
11.0,21.0,1.0928311493445826
9.0,15.0,0.7269744340754514
31.0,57.0,2.825958362432188
9.0,21.0,0.570883819106544
35.0,66.0,2.703479026420623
18.0,28.0,0.6565140818038913
11.0,26.0,0.7355241924670517
1.0,3.0,2.0997326392673887
2.0,2.0,2.30543451833971
12.0,22.0,11.540843876549523
22.0,36.0,3.792337323139248
16.0,21.0,1.0928311493445826
10.0,15.0,0.7269744340754514
36.0,57.0,2.825958362432188
12.0,21.0,0.570883819106544
41.0,66.0,2.703479026420623
17.0,28.0,0.6565140818038913
11.0,26.0,0.7355241924670517
2.0,3.0,2.0997326392673887
1.0,2.0,2.30543451833971
13.0,22.0,11.540843876549523
29.0,36.0,3.792337323139248
17.0,21.0,1.0928311493445826
12.0,15.0,0.7269744340754514
40.0,57.0,2.825958362432188
14.0,21.0,0.570883819106544
47.0,66.0,2.703479026420623
19.0,28.0,0.6565140818038913
16.0,26.0,0.7355241924670517
3.0,3.0,2.0997326392673887
1.0,2.0,2.30543451833971
16.0,22.0,11.540843876549523
25.0,36.0,3.792337323139248
17.0,21.0,1.0928311493445826
11.0,15.0,0.7269744340754514
46.0,57.0,2.825958362432188
18.0,21.0,0.570883819106544
48.0,66.0,2.703479026420623
21.0,28.0,0.6565140818038913
23.0,26.0,0.7355241924670517
3.0,3.0,2.0997326392673887
2.0,2.0,2.30543451833971
21.0,22.0,11.540843876549523
34.0,36.0,3.792337323139248
19.0,21.0,1.0928311493445826
13.0,15.0,0.7269744340754514
51.0,57.0,2.825958362432188
16.0,21.0,0.570883819106544
58.0,66.0,2.703479026420623
25.0,28.0,0.6565140818038913
24.0,26.0,0.7355241924670517
1.0,3.0,8.046674238286332
0.0,2.0,1.3209057069033063
0.0,10.0,6.238137545043463
4.0,40.0,5.791125335601442
3.0,20.0,1.3234150807562393
8.0,84.0,3.6608962292205405
5.0,99.0,2.276032124590662
0.0,5.0,0.09489859649870161
2.0,18.0,0.4480729131717552
3.0,25.0,0.6033261742324213
3.0,22.0,0.930763570459329
1.0,3.0,8.046674238286332
1.0,2.0,1.3209057069033063
3.0,10.0,6.238137545043463
6.0,40.0,5.791125335601442
6.0,20.0,1.3234150807562393
13.0,84.0,3.6608962292205405
21.0,99.0,2.276032124590662
2.0,5.0,0.09489859649870161
1.0,18.0,0.4480729131717552
6.0,25.0,0.6033261742324213
7.0,22.0,0.930763570459329
1.0,3.0,8.046674238286332
1.0,2.0,1.3209057069033063
4.0,10.0,6.238137545043463
9.0,40.0,5.791125335601442
5.0,20.0,1.3234150807562393
24.0,84.0,3.6608962292205405
30.0,99.0,2.276032124590662
0.0,5.0,0.09489859649870161
7.0,18.0,0.4480729131717552
10.0,25.0,0.6033261742324213
11.0,22.0,0.930763570459329
1.0,3.0,8.046674238286332
2.0,2.0,1.3209057069033063
4.0,10.0,6.238137545043463
14.0,40.0,5.791125335601442
4.0,20.0,1.3234150807562393
36.0,84.0,3.6608962292205405
41.0,99.0,2.276032124590662
2.0,5.0,0.09489859649870161
9.0,18.0,0.4480729131717552
8.0,25.0,0.6033261742324213
5.0,22.0,0.930763570459329
2.0,3.0,8.046674238286332
2.0,2.0,1.3209057069033063
1.0,10.0,6.238137545043463
21.0,40.0,5.791125335601442
10.0,20.0,1.3234150807562393
38.0,84.0,3.6608962292205405
47.0,99.0,2.276032124590662
5.0,5.0,0.09489859649870161
10.0,18.0,0.4480729131717552
10.0,25.0,0.6033261742324213
10.0,22.0,0.930763570459329
2.0,3.0,8.046674238286332
1.0,2.0,1.3209057069033063
7.0,10.0,6.238137545043463
31.0,40.0,5.791125335601442
9.0,20.0,1.3234150807562393
51.0,84.0,3.6608962292205405
49.0,99.0,2.276032124590662
5.0,5.0,0.09489859649870161
10.0,18.0,0.4480729131717552
14.0,25.0,0.6033261742324213
16.0,22.0,0.930763570459329
1.0,3.0,8.046674238286332
1.0,2.0,1.3209057069033063
6.0,10.0,6.238137545043463
27.0,40.0,5.791125335601442
11.0,20.0,1.3234150807562393
57.0,84.0,3.6608962292205405
62.0,99.0,2.276032124590662
4.0,5.0,0.09489859649870161
16.0,18.0,0.4480729131717552
20.0,25.0,0.6033261742324213
14.0,22.0,0.930763570459329
3.0,3.0,8.046674238286332
2.0,2.0,1.3209057069033063
10.0,10.0,6.238137545043463
33.0,40.0,5.791125335601442
12.0,20.0,1.3234150807562393
65.0,84.0,3.6608962292205405
78.0,99.0,2.276032124590662
2.0,5.0,0.09489859649870161
14.0,18.0,0.4480729131717552
17.0,25.0,0.6033261742324213
18.0,22.0,0.930763570459329
3.0,3.0,8.046674238286332
2.0,2.0,1.3209057069033063
8.0,10.0,6.238137545043463
36.0,40.0,5.791125335601442
19.0,20.0,1.3234150807562393
76.0,84.0,3.6608962292205405
87.0,99.0,2.276032124590662
4.0,5.0,0.09489859649870161
18.0,18.0,0.4480729131717552
25.0,25.0,0.6033261742324213
22.0,22.0,0.930763570459329
1.0,3.0,2.6005671822344643
0.0,14.0,5.007137094975873
3.0,26.0,4.995089887867457
0.0,1.0,0.08259642533925483
1.0,16.0,1.1477575608323378
2.0,58.0,3.1386057140040537
1.0,5.0,0.20654963527966352
6.0,73.0,3.076643615436602
2.0,17.0,0.664791883879515
15.0,103.0,2.8005800045308176
4.0,46.0,0.7631296654717735
1.0,3.0,2.6005671822344643
2.0,14.0,5.007137094975873
7.0,26.0,4.995089887867457
0.0,1.0,0.08259642533925483
3.0,16.0,1.1477575608323378
10.0,58.0,3.1386057140040537
1.0,5.0,0.20654963527966352
17.0,73.0,3.076643615436602
6.0,17.0,0.664791883879515
17.0,103.0,2.8005800045308176
7.0,46.0,0.7631296654717735
2.0,3.0,2.6005671822344643
4.0,14.0,5.007137094975873
5.0,26.0,4.995089887867457
1.0,1.0,0.08259642533925483
4.0,16.0,1.1477575608323378
18.0,58.0,3.1386057140040537
2.0,5.0,0.20654963527966352
26.0,73.0,3.076643615436602
3.0,17.0,0.664791883879515
37.0,103.0,2.8005800045308176
12.0,46.0,0.7631296654717735
3.0,3.0,2.6005671822344643
6.0,14.0,5.007137094975873
9.0,26.0,4.995089887867457
0.0,1.0,0.08259642533925483
8.0,16.0,1.1477575608323378
18.0,58.0,3.1386057140040537
2.0,5.0,0.20654963527966352
21.0,73.0,3.076643615436602
9.0,17.0,0.664791883879515
34.0,103.0,2.8005800045308176
20.0,46.0,0.7631296654717735
2.0,3.0,2.6005671822344643
10.0,14.0,5.007137094975873
10.0,26.0,4.995089887867457
1.0,1.0,0.08259642533925483
9.0,16.0,1.1477575608323378
34.0,58.0,3.1386057140040537
3.0,5.0,0.20654963527966352
29.0,73.0,3.076643615436602
7.0,17.0,0.664791883879515
50.0,103.0,2.8005800045308176
21.0,46.0,0.7631296654717735
1.0,3.0,2.6005671822344643
5.0,14.0,5.007137094975873
14.0,26.0,4.995089887867457
1.0,1.0,0.08259642533925483
7.0,16.0,1.1477575608323378
33.0,58.0,3.1386057140040537
1.0,5.0,0.20654963527966352
47.0,73.0,3.076643615436602
9.0,17.0,0.664791883879515
58.0,103.0,2.8005800045308176
28.0,46.0,0.7631296654717735
1.0,3.0,2.6005671822344643
11.0,14.0,5.007137094975873
19.0,26.0,4.995089887867457
1.0,1.0,0.08259642533925483
13.0,16.0,1.1477575608323378
43.0,58.0,3.1386057140040537
5.0,5.0,0.20654963527966352
47.0,73.0,3.076643615436602
10.0,17.0,0.664791883879515
77.0,103.0,2.8005800045308176
31.0,46.0,0.7631296654717735
2.0,3.0,2.6005671822344643
10.0,14.0,5.007137094975873
18.0,26.0,4.995089887867457
1.0,1.0,0.08259642533925483
12.0,16.0,1.1477575608323378
45.0,58.0,3.1386057140040537
4.0,5.0,0.20654963527966352
55.0,73.0,3.076643615436602
13.0,17.0,0.664791883879515
83.0,103.0,2.8005800045308176
36.0,46.0,0.7631296654717735
3.0,3.0,2.6005671822344643
14.0,14.0,5.007137094975873
22.0,26.0,4.995089887867457
1.0,1.0,0.08259642533925483
14.0,16.0,1.1477575608323378
44.0,58.0,3.1386057140040537
5.0,5.0,0.20654963527966352
68.0,73.0,3.076643615436602
14.0,17.0,0.664791883879515
89.0,103.0,2.8005800045308176
44.0,46.0,0.7631296654717735
1.0,5.0,10.641518155265464
2.0,13.0,3.199876638300377
3.0,22.0,3.684488604303075
3.0,16.0,1.269659568423787
0.0,4.0,0.6666075021293706
1.0,7.0,0.47549410488945437
1.0,7.0,1.0051130000959352
1.0,25.0,2.8783937878756256
0.0,13.0,1.4000006820401063
5.0,39.0,2.1924166341551747
3.0,31.0,1.6676452616298227
2.0,5.0,10.641518155265464
4.0,13.0,3.199876638300377
4.0,22.0,3.684488604303075
4.0,16.0,1.269659568423787
0.0,4.0,0.6666075021293706
1.0,7.0,0.47549410488945437
3.0,7.0,1.0051130000959352
5.0,25.0,2.8783937878756256
3.0,13.0,1.4000006820401063
4.0,39.0,2.1924166341551747
6.0,31.0,1.6676452616298227
1.0,5.0,10.641518155265464
2.0,13.0,3.199876638300377
8.0,22.0,3.684488604303075
3.0,16.0,1.269659568423787
1.0,4.0,0.6666075021293706
0.0,7.0,0.47549410488945437
2.0,7.0,1.0051130000959352
12.0,25.0,2.8783937878756256
4.0,13.0,1.4000006820401063
17.0,39.0,2.1924166341551747
10.0,31.0,1.6676452616298227
2.0,5.0,10.641518155265464
4.0,13.0,3.199876638300377
13.0,22.0,3.684488604303075
7.0,16.0,1.269659568423787
2.0,4.0,0.6666075021293706
4.0,7.0,0.47549410488945437
4.0,7.0,1.0051130000959352
13.0,25.0,2.8783937878756256
3.0,13.0,1.4000006820401063
17.0,39.0,2.1924166341551747
15.0,31.0,1.6676452616298227
4.0,5.0,10.641518155265464
8.0,13.0,3.199876638300377
10.0,22.0,3.684488604303075
4.0,16.0,1.269659568423787
2.0,4.0,0.6666075021293706
2.0,7.0,0.47549410488945437
3.0,7.0,1.0051130000959352
15.0,25.0,2.8783937878756256
5.0,13.0,1.4000006820401063
19.0,39.0,2.1924166341551747
16.0,31.0,1.6676452616298227
2.0,5.0,10.641518155265464
10.0,13.0,3.199876638300377
17.0,22.0,3.684488604303075
10.0,16.0,1.269659568423787
3.0,4.0,0.6666075021293706
3.0,7.0,0.47549410488945437
4.0,7.0,1.0051130000959352
14.0,25.0,2.8783937878756256
9.0,13.0,1.4000006820401063
23.0,39.0,2.1924166341551747
16.0,31.0,1.6676452616298227
3.0,5.0,10.641518155265464
9.0,13.0,3.199876638300377
16.0,22.0,3.684488604303075
11.0,16.0,1.269659568423787
3.0,4.0,0.6666075021293706
6.0,7.0,0.47549410488945437
6.0,7.0,1.0051130000959352
18.0,25.0,2.8783937878756256
11.0,13.0,1.4000006820401063
34.0,39.0,2.1924166341551747
24.0,31.0,1.6676452616298227
3.0,5.0,10.641518155265464
11.0,13.0,3.199876638300377
14.0,22.0,3.684488604303075
13.0,16.0,1.269659568423787
3.0,4.0,0.6666075021293706
4.0,7.0,0.47549410488945437
5.0,7.0,1.0051130000959352
22.0,25.0,2.8783937878756256
10.0,13.0,1.4000006820401063
30.0,39.0,2.1924166341551747
22.0,31.0,1.6676452616298227
5.0,5.0,10.641518155265464
12.0,13.0,3.199876638300377
22.0,22.0,3.684488604303075
13.0,16.0,1.269659568423787
4.0,4.0,0.6666075021293706
7.0,7.0,0.47549410488945437
5.0,7.0,1.0051130000959352
23.0,25.0,2.8783937878756256
12.0,13.0,1.4000006820401063
39.0,39.0,2.1924166341551747
29.0,31.0,1.6676452616298227
1.0,4.0,1.3960990064621421
0.0,6.0,2.1369128132245283
1.0,8.0,2.313813840845036
0.0,4.0,1.1362787792569795
2.0,35.0,4.136018834344656
1.0,10.0,0.5048876576917359
1.0,18.0,1.1209569884406831
1.0,10.0,0.32170878515562223
8.0,67.0,3.4255771493035403
6.0,67.0,2.45102080151677
1.0,7.0,0.2379462303227405
1.0,4.0,1.3960990064621421
2.0,6.0,2.1369128132245283
2.0,8.0,2.313813840845036
0.0,4.0,1.1362787792569795
8.0,35.0,4.136018834344656
2.0,10.0,0.5048876576917359
4.0,18.0,1.1209569884406831
2.0,10.0,0.32170878515562223
14.0,67.0,3.4255771493035403
17.0,67.0,2.45102080151677
3.0,7.0,0.2379462303227405
1.0,4.0,1.3960990064621421
0.0,6.0,2.1369128132245283
3.0,8.0,2.313813840845036
1.0,4.0,1.1362787792569795
6.0,35.0,4.136018834344656
5.0,10.0,0.5048876576917359
6.0,18.0,1.1209569884406831
4.0,10.0,0.32170878515562223
16.0,67.0,3.4255771493035403
17.0,67.0,2.45102080151677
2.0,7.0,0.2379462303227405
1.0,4.0,1.3960990064621421
3.0,6.0,2.1369128132245283
1.0,8.0,2.313813840845036
1.0,4.0,1.1362787792569795
14.0,35.0,4.136018834344656
4.0,10.0,0.5048876576917359
5.0,18.0,1.1209569884406831
6.0,10.0,0.32170878515562223
28.0,67.0,3.4255771493035403
27.0,67.0,2.45102080151677
3.0,7.0,0.2379462303227405
3.0,4.0,1.3960990064621421
4.0,6.0,2.1369128132245283
3.0,8.0,2.313813840845036
1.0,4.0,1.1362787792569795
17.0,35.0,4.136018834344656
7.0,10.0,0.5048876576917359
9.0,18.0,1.1209569884406831
3.0,10.0,0.32170878515562223
33.0,67.0,3.4255771493035403
31.0,67.0,2.45102080151677
3.0,7.0,0.2379462303227405
2.0,4.0,1.3960990064621421
3.0,6.0,2.1369128132245283
5.0,8.0,2.313813840845036
3.0,4.0,1.1362787792569795
21.0,35.0,4.136018834344656
7.0,10.0,0.5048876576917359
7.0,18.0,1.1209569884406831
3.0,10.0,0.32170878515562223
41.0,67.0,3.4255771493035403
42.0,67.0,2.45102080151677
5.0,7.0,0.2379462303227405
2.0,4.0,1.3960990064621421
5.0,6.0,2.1369128132245283
6.0,8.0,2.313813840845036
4.0,4.0,1.1362787792569795
27.0,35.0,4.136018834344656
8.0,10.0,0.5048876576917359
14.0,18.0,1.1209569884406831
7.0,10.0,0.32170878515562223
42.0,67.0,3.4255771493035403
45.0,67.0,2.45102080151677
3.0,7.0,0.2379462303227405
4.0,4.0,1.3960990064621421
6.0,6.0,2.1369128132245283
7.0,8.0,2.313813840845036
3.0,4.0,1.1362787792569795
24.0,35.0,4.136018834344656
6.0,10.0,0.5048876576917359
14.0,18.0,1.1209569884406831
7.0,10.0,0.32170878515562223
59.0,67.0,3.4255771493035403
57.0,67.0,2.45102080151677
7.0,7.0,0.2379462303227405
4.0,4.0,1.3960990064621421
5.0,6.0,2.1369128132245283
6.0,8.0,2.313813840845036
3.0,4.0,1.1362787792569795
33.0,35.0,4.136018834344656
8.0,10.0,0.5048876576917359
17.0,18.0,1.1209569884406831
10.0,10.0,0.32170878515562223
60.0,67.0,3.4255771493035403
65.0,67.0,2.45102080151677
6.0,7.0,0.2379462303227405
1.0,3.0,6.02462337420721
0.0,9.0,7.886464585320891
1.0,13.0,2.320977781974622
0.0,15.0,1.491739878575138
1.0,11.0,1.2649060279857733
1.0,21.0,2.13508316864453
3.0,16.0,0.9626524392687537
0.0,14.0,0.9465422696857556
1.0,15.0,1.0924828735267231
1.0,10.0,0.861434909341058
3.0,18.0,1.3055975413481398
1.0,3.0,6.02462337420721
2.0,9.0,7.886464585320891
2.0,13.0,2.320977781974622
2.0,15.0,1.491739878575138
0.0,11.0,1.2649060279857733
2.0,21.0,2.13508316864453
1.0,16.0,0.9626524392687537
3.0,14.0,0.9465422696857556
2.0,15.0,1.0924828735267231
5.0,10.0,0.861434909341058
3.0,18.0,1.3055975413481398
1.0,3.0,6.02462337420721
1.0,9.0,7.886464585320891
5.0,13.0,2.320977781974622
2.0,15.0,1.491739878575138
4.0,11.0,1.2649060279857733
7.0,21.0,2.13508316864453
7.0,16.0,0.9626524392687537
2.0,14.0,0.9465422696857556
6.0,15.0,1.0924828735267231
2.0,10.0,0.861434909341058
6.0,18.0,1.3055975413481398
3.0,3.0,6.02462337420721
6.0,9.0,7.886464585320891
8.0,13.0,2.320977781974622
5.0,15.0,1.491739878575138
2.0,11.0,1.2649060279857733
6.0,21.0,2.13508316864453
5.0,16.0,0.9626524392687537
6.0,14.0,0.9465422696857556
4.0,15.0,1.0924828735267231
6.0,10.0,0.861434909341058
6.0,18.0,1.3055975413481398
2.0,3.0,6.02462337420721
7.0,9.0,7.886464585320891
8.0,13.0,2.320977781974622
9.0,15.0,1.491739878575138
7.0,11.0,1.2649060279857733
14.0,21.0,2.13508316864453
9.0,16.0,0.9626524392687537
7.0,14.0,0.9465422696857556
6.0,15.0,1.0924828735267231
6.0,10.0,0.861434909341058
7.0,18.0,1.3055975413481398
1.0,3.0,6.02462337420721
4.0,9.0,7.886464585320891
7.0,13.0,2.320977781974622
7.0,15.0,1.491739878575138
8.0,11.0,1.2649060279857733
11.0,21.0,2.13508316864453
11.0,16.0,0.9626524392687537
7.0,14.0,0.9465422696857556
11.0,15.0,1.0924828735267231
8.0,10.0,0.861434909341058
15.0,18.0,1.3055975413481398
2.0,3.0,6.02462337420721
7.0,9.0,7.886464585320891
10.0,13.0,2.320977781974622
10.0,15.0,1.491739878575138
7.0,11.0,1.2649060279857733
15.0,21.0,2.13508316864453
14.0,16.0,0.9626524392687537
11.0,14.0,0.9465422696857556
8.0,15.0,1.0924828735267231
7.0,10.0,0.861434909341058
11.0,18.0,1.3055975413481398
2.0,3.0,6.02462337420721
9.0,9.0,7.886464585320891
9.0,13.0,2.320977781974622
12.0,15.0,1.491739878575138
10.0,11.0,1.2649060279857733
14.0,21.0,2.13508316864453
14.0,16.0,0.9626524392687537
11.0,14.0,0.9465422696857556
11.0,15.0,1.0924828735267231
9.0,10.0,0.861434909341058
12.0,18.0,1.3055975413481398
3.0,3.0,6.02462337420721
8.0,9.0,7.886464585320891
12.0,13.0,2.320977781974622
14.0,15.0,1.491739878575138
11.0,11.0,1.2649060279857733
21.0,21.0,2.13508316864453
12.0,16.0,0.9626524392687537
14.0,14.0,0.9465422696857556
14.0,15.0,1.0924828735267231
9.0,10.0,0.861434909341058
17.0,18.0,1.3055975413481398
1.0,2.0,5.138139748502153
0.0,7.0,5.901520431111039
1.0,10.0,2.9829701450708788
1.0,21.0,1.8753222592166177
1.0,2.0,0.364644044290038
2.0,17.0,2.2955308547206603
0.0,7.0,0.5682766622252476
3.0,20.0,2.043362585346798
3.0,11.0,0.42974682337057063
0.0,8.0,0.8085627885046677
4.0,23.0,1.6084941332085874
1.0,2.0,5.138139748502153
2.0,7.0,5.901520431111039
2.0,10.0,2.9829701450708788
3.0,21.0,1.8753222592166177
1.0,2.0,0.364644044290038
3.0,17.0,2.2955308547206603
1.0,7.0,0.5682766622252476
6.0,20.0,2.043362585346798
3.0,11.0,0.42974682337057063
3.0,8.0,0.8085627885046677
3.0,23.0,1.6084941332085874
1.0,2.0,5.138139748502153
2.0,7.0,5.901520431111039
4.0,10.0,2.9829701450708788
8.0,21.0,1.8753222592166177
1.0,2.0,0.364644044290038
8.0,17.0,2.2955308547206603
3.0,7.0,0.5682766622252476
9.0,20.0,2.043362585346798
7.0,11.0,0.42974682337057063
3.0,8.0,0.8085627885046677
6.0,23.0,1.6084941332085874
1.0,2.0,5.138139748502153
1.0,7.0,5.901520431111039
5.0,10.0,2.9829701450708788
5.0,21.0,1.8753222592166177
2.0,2.0,0.364644044290038
8.0,17.0,2.2955308547206603
1.0,7.0,0.5682766622252476
10.0,20.0,2.043362585346798
4.0,11.0,0.42974682337057063
4.0,8.0,0.8085627885046677
5.0,23.0,1.6084941332085874
2.0,2.0,5.138139748502153
3.0,7.0,5.901520431111039
3.0,10.0,2.9829701450708788
11.0,21.0,1.8753222592166177
1.0,2.0,0.364644044290038
11.0,17.0,2.2955308547206603
4.0,7.0,0.5682766622252476
9.0,20.0,2.043362585346798
8.0,11.0,0.42974682337057063
3.0,8.0,0.8085627885046677
13.0,23.0,1.6084941332085874
2.0,2.0,5.138139748502153
6.0,7.0,5.901520431111039
5.0,10.0,2.9829701450708788
17.0,21.0,1.8753222592166177
2.0,2.0,0.364644044290038
12.0,17.0,2.2955308547206603
5.0,7.0,0.5682766622252476
13.0,20.0,2.043362585346798
7.0,11.0,0.42974682337057063
3.0,8.0,0.8085627885046677
12.0,23.0,1.6084941332085874
2.0,2.0,5.138139748502153
3.0,7.0,5.901520431111039
9.0,10.0,2.9829701450708788
15.0,21.0,1.8753222592166177
1.0,2.0,0.364644044290038
13.0,17.0,2.2955308547206603
7.0,7.0,0.5682766622252476
14.0,20.0,2.043362585346798
8.0,11.0,0.42974682337057063
6.0,8.0,0.8085627885046677
16.0,23.0,1.6084941332085874
1.0,2.0,5.138139748502153
5.0,7.0,5.901520431111039
8.0,10.0,2.9829701450708788
16.0,21.0,1.8753222592166177
2.0,2.0,0.364644044290038
12.0,17.0,2.2955308547206603
7.0,7.0,0.5682766622252476
14.0,20.0,2.043362585346798
9.0,11.0,0.42974682337057063
7.0,8.0,0.8085627885046677
16.0,23.0,1.6084941332085874
2.0,2.0,5.138139748502153
6.0,7.0,5.901520431111039
10.0,10.0,2.9829701450708788
17.0,21.0,1.8753222592166177
2.0,2.0,0.364644044290038
14.0,17.0,2.2955308547206603
5.0,7.0,0.5682766622252476
18.0,20.0,2.043362585346798
11.0,11.0,0.42974682337057063
8.0,8.0,0.8085627885046677
18.0,23.0,1.6084941332085874
2.0,18.0,17.38578093209261
0.0,5.0,1.4875213975351302
1.0,11.0,1.5126564392592325
0.0,7.0,0.4574918031357942
3.0,24.0,2.520659431626773
4.0,28.0,1.9514066059519513
0.0,23.0,1.1638017696746596
5.0,78.0,3.3304336799292464
9.0,78.0,1.7729152398346295
5.0,84.0,1.1767525401996601
1.0,15.0,0.1796677648055528
3.0,18.0,17.38578093209261
1.0,5.0,1.4875213975351302
4.0,11.0,1.5126564392592325
0.0,7.0,0.4574918031357942
7.0,24.0,2.520659431626773
4.0,28.0,1.9514066059519513
4.0,23.0,1.1638017696746596
19.0,78.0,3.3304336799292464
12.0,78.0,1.7729152398346295
23.0,84.0,1.1767525401996601
3.0,15.0,0.1796677648055528
5.0,18.0,17.38578093209261
3.0,5.0,1.4875213975351302
2.0,11.0,1.5126564392592325
3.0,7.0,0.4574918031357942
7.0,24.0,2.520659431626773
10.0,28.0,1.9514066059519513
7.0,23.0,1.1638017696746596
24.0,78.0,3.3304336799292464
26.0,78.0,1.7729152398346295
22.0,84.0,1.1767525401996601
5.0,15.0,0.1796677648055528
8.0,18.0,17.38578093209261
3.0,5.0,1.4875213975351302
5.0,11.0,1.5126564392592325
3.0,7.0,0.4574918031357942
11.0,24.0,2.520659431626773
11.0,28.0,1.9514066059519513
10.0,23.0,1.1638017696746596
28.0,78.0,3.3304336799292464
30.0,78.0,1.7729152398346295
30.0,84.0,1.1767525401996601
6.0,15.0,0.1796677648055528
8.0,18.0,17.38578093209261
3.0,5.0,1.4875213975351302
7.0,11.0,1.5126564392592325
2.0,7.0,0.4574918031357942
10.0,24.0,2.520659431626773
17.0,28.0,1.9514066059519513
16.0,23.0,1.1638017696746596
40.0,78.0,3.3304336799292464
40.0,78.0,1.7729152398346295
53.0,84.0,1.1767525401996601
11.0,15.0,0.1796677648055528
13.0,18.0,17.38578093209261
2.0,5.0,1.4875213975351302
8.0,11.0,1.5126564392592325
3.0,7.0,0.4574918031357942
18.0,24.0,2.520659431626773
15.0,28.0,1.9514066059519513
12.0,23.0,1.1638017696746596
42.0,78.0,3.3304336799292464
55.0,78.0,1.7729152398346295
46.0,84.0,1.1767525401996601
8.0,15.0,0.1796677648055528
12.0,18.0,17.38578093209261
2.0,5.0,1.4875213975351302
8.0,11.0,1.5126564392592325
5.0,7.0,0.4574918031357942
19.0,24.0,2.520659431626773
18.0,28.0,1.9514066059519513
14.0,23.0,1.1638017696746596
51.0,78.0,3.3304336799292464
55.0,78.0,1.7729152398346295
57.0,84.0,1.1767525401996601
10.0,15.0,0.1796677648055528
13.0,18.0,17.38578093209261
5.0,5.0,1.4875213975351302
7.0,11.0,1.5126564392592325
6.0,7.0,0.4574918031357942
22.0,24.0,2.520659431626773
22.0,28.0,1.9514066059519513
20.0,23.0,1.1638017696746596
57.0,78.0,3.3304336799292464
69.0,78.0,1.7729152398346295
63.0,84.0,1.1767525401996601
13.0,15.0,0.1796677648055528
18.0,18.0,17.38578093209261
5.0,5.0,1.4875213975351302
10.0,11.0,1.5126564392592325
7.0,7.0,0.4574918031357942
21.0,24.0,2.520659431626773
27.0,28.0,1.9514066059519513
22.0,23.0,1.1638017696746596
71.0,78.0,3.3304336799292464
73.0,78.0,1.7729152398346295
72.0,84.0,1.1767525401996601
15.0,15.0,0.1796677648055528
1.0,4.0,6.767105146863885
1.0,10.0,5.332316419256884
1.0,8.0,1.807501748038823
3.0,14.0,1.6759440727725403
1.0,27.0,2.394790284584726
4.0,18.0,1.0860510536864194
1.0,14.0,0.7402817361062303
0.0,10.0,0.7969392450830624
1.0,7.0,0.4206197891120997
0.0,6.0,0.3601747359532946
1.0,13.0,1.3540702036456875
1.0,4.0,6.767105146863885
3.0,10.0,5.332316419256884
5.0,8.0,1.807501748038823
2.0,14.0,1.6759440727725403
2.0,27.0,2.394790284584726
2.0,18.0,1.0860510536864194
2.0,14.0,0.7402817361062303
2.0,10.0,0.7969392450830624
1.0,7.0,0.4206197891120997
1.0,6.0,0.3601747359532946
1.0,13.0,1.3540702036456875
1.0,4.0,6.767105146863885
5.0,10.0,5.332316419256884
2.0,8.0,1.807501748038823
5.0,14.0,1.6759440727725403
9.0,27.0,2.394790284584726
7.0,18.0,1.0860510536864194
7.0,14.0,0.7402817361062303
6.0,10.0,0.7969392450830624
2.0,7.0,0.4206197891120997
1.0,6.0,0.3601747359532946
5.0,13.0,1.3540702036456875
1.0,4.0,6.767105146863885
4.0,10.0,5.332316419256884
4.0,8.0,1.807501748038823
5.0,14.0,1.6759440727725403
9.0,27.0,2.394790284584726
9.0,18.0,1.0860510536864194
3.0,14.0,0.7402817361062303
4.0,10.0,0.7969392450830624
3.0,7.0,0.4206197891120997
3.0,6.0,0.3601747359532946
7.0,13.0,1.3540702036456875
2.0,4.0,6.767105146863885
7.0,10.0,5.332316419256884
4.0,8.0,1.807501748038823
5.0,14.0,1.6759440727725403
14.0,27.0,2.394790284584726
11.0,18.0,1.0860510536864194
6.0,14.0,0.7402817361062303
7.0,10.0,0.7969392450830624
1.0,7.0,0.4206197891120997
1.0,6.0,0.3601747359532946
9.0,13.0,1.3540702036456875
2.0,4.0,6.767105146863885
5.0,10.0,5.332316419256884
3.0,8.0,1.807501748038823
9.0,14.0,1.6759440727725403
21.0,27.0,2.394790284584726
9.0,18.0,1.0860510536864194
9.0,14.0,0.7402817361062303
6.0,10.0,0.7969392450830624
4.0,7.0,0.4206197891120997
5.0,6.0,0.3601747359532946
7.0,13.0,1.3540702036456875
3.0,4.0,6.767105146863885
7.0,10.0,5.332316419256884
4.0,8.0,1.807501748038823
10.0,14.0,1.6759440727725403
19.0,27.0,2.394790284584726
10.0,18.0,1.0860510536864194
7.0,14.0,0.7402817361062303
2.0,10.0,0.7969392450830624
5.0,7.0,0.4206197891120997
3.0,6.0,0.3601747359532946
8.0,13.0,1.3540702036456875
4.0,4.0,6.767105146863885
8.0,10.0,5.332316419256884
8.0,8.0,1.807501748038823
10.0,14.0,1.6759440727725403
23.0,27.0,2.394790284584726
16.0,18.0,1.0860510536864194
11.0,14.0,0.7402817361062303
10.0,10.0,0.7969392450830624
7.0,7.0,0.4206197891120997
4.0,6.0,0.3601747359532946
12.0,13.0,1.3540702036456875
4.0,4.0,6.767105146863885
10.0,10.0,5.332316419256884
7.0,8.0,1.807501748038823
13.0,14.0,1.6759440727725403
20.0,27.0,2.394790284584726
17.0,18.0,1.0860510536864194
11.0,14.0,0.7402817361062303
9.0,10.0,0.7969392450830624
7.0,7.0,0.4206197891120997
6.0,6.0,0.3601747359532946
12.0,13.0,1.3540702036456875
1.0,4.0,7.756243265970059
0.0,12.0,6.254408264206942
0.0,9.0,1.5320915893595044
0.0,4.0,0.4114466349148392
1.0,22.0,2.5458025456403837
1.0,18.0,1.9747246450705116
13.0,83.0,4.078937597352257
4.0,37.0,0.8219225403625937
2.0,22.0,0.5596287694513692
6.0,43.0,1.0996703236196368
1.0,17.0,0.44305564736474884
1.0,4.0,7.756243265970059
2.0,12.0,6.254408264206942
2.0,9.0,1.5320915893595044
1.0,4.0,0.4114466349148392
4.0,22.0,2.5458025456403837
3.0,18.0,1.9747246450705116
15.0,83.0,4.078937597352257
6.0,37.0,0.8219225403625937
1.0,22.0,0.5596287694513692
6.0,43.0,1.0996703236196368
6.0,17.0,0.44305564736474884
1.0,4.0,7.756243265970059
3.0,12.0,6.254408264206942
3.0,9.0,1.5320915893595044
1.0,4.0,0.4114466349148392
8.0,22.0,2.5458025456403837
3.0,18.0,1.9747246450705116
27.0,83.0,4.078937597352257
6.0,37.0,0.8219225403625937
3.0,22.0,0.5596287694513692
13.0,43.0,1.0996703236196368
7.0,17.0,0.44305564736474884
3.0,4.0,7.756243265970059
5.0,12.0,6.254408264206942
4.0,9.0,1.5320915893595044
2.0,4.0,0.4114466349148392
12.0,22.0,2.5458025456403837
3.0,18.0,1.9747246450705116
36.0,83.0,4.078937597352257
14.0,37.0,0.8219225403625937
8.0,22.0,0.5596287694513692
18.0,43.0,1.0996703236196368
5.0,17.0,0.44305564736474884
1.0,4.0,7.756243265970059
7.0,12.0,6.254408264206942
4.0,9.0,1.5320915893595044
3.0,4.0,0.4114466349148392
11.0,22.0,2.5458025456403837
13.0,18.0,1.9747246450705116
45.0,83.0,4.078937597352257
17.0,37.0,0.8219225403625937
10.0,22.0,0.5596287694513692
20.0,43.0,1.0996703236196368
7.0,17.0,0.44305564736474884
2.0,4.0,7.756243265970059
4.0,12.0,6.254408264206942
5.0,9.0,1.5320915893595044
1.0,4.0,0.4114466349148392
9.0,22.0,2.5458025456403837
12.0,18.0,1.9747246450705116
51.0,83.0,4.078937597352257
22.0,37.0,0.8219225403625937
18.0,22.0,0.5596287694513692
28.0,43.0,1.0996703236196368
14.0,17.0,0.44305564736474884
3.0,4.0,7.756243265970059
6.0,12.0,6.254408264206942
6.0,9.0,1.5320915893595044
2.0,4.0,0.4114466349148392
15.0,22.0,2.5458025456403837
14.0,18.0,1.9747246450705116
58.0,83.0,4.078937597352257
27.0,37.0,0.8219225403625937
15.0,22.0,0.5596287694513692
28.0,43.0,1.0996703236196368
11.0,17.0,0.44305564736474884
4.0,4.0,7.756243265970059
11.0,12.0,6.254408264206942
9.0,9.0,1.5320915893595044
3.0,4.0,0.4114466349148392
17.0,22.0,2.5458025456403837
15.0,18.0,1.9747246450705116
70.0,83.0,4.078937597352257
28.0,37.0,0.8219225403625937
18.0,22.0,0.5596287694513692
32.0,43.0,1.0996703236196368
15.0,17.0,0.44305564736474884
4.0,4.0,7.756243265970059
12.0,12.0,6.254408264206942
6.0,9.0,1.5320915893595044
4.0,4.0,0.4114466349148392
20.0,22.0,2.5458025456403837
16.0,18.0,1.9747246450705116
79.0,83.0,4.078937597352257
32.0,37.0,0.8219225403625937
19.0,22.0,0.5596287694513692
37.0,43.0,1.0996703236196368
16.0,17.0,0.44305564736474884
1.0,3.0,3.109942912951626
2.0,17.0,6.0368725858809675
1.0,15.0,2.931876764528035
2.0,23.0,2.443240270426531
0.0,12.0,0.8101494095026319
1.0,3.0,0.3542403307999639
3.0,25.0,1.7727086364025597
2.0,19.0,1.2766200368847431
4.0,17.0,0.7701490721478004
1.0,20.0,1.1391078870983038
2.0,13.0,1.4143327752268373
2.0,3.0,3.109942912951626
2.0,17.0,6.0368725858809675
4.0,15.0,2.931876764528035
3.0,23.0,2.443240270426531
2.0,12.0,0.8101494095026319
2.0,3.0,0.3542403307999639
5.0,25.0,1.7727086364025597
6.0,19.0,1.2766200368847431
6.0,17.0,0.7701490721478004
3.0,20.0,1.1391078870983038
2.0,13.0,1.4143327752268373
1.0,3.0,3.109942912951626
5.0,17.0,6.0368725858809675
3.0,15.0,2.931876764528035
3.0,23.0,2.443240270426531
3.0,12.0,0.8101494095026319
0.0,3.0,0.3542403307999639
7.0,25.0,1.7727086364025597
5.0,19.0,1.2766200368847431
9.0,17.0,0.7701490721478004
4.0,20.0,1.1391078870983038
6.0,13.0,1.4143327752268373
1.0,3.0,3.109942912951626
6.0,17.0,6.0368725858809675
5.0,15.0,2.931876764528035
10.0,23.0,2.443240270426531
8.0,12.0,0.8101494095026319
1.0,3.0,0.3542403307999639
10.0,25.0,1.7727086364025597
8.0,19.0,1.2766200368847431
9.0,17.0,0.7701490721478004
6.0,20.0,1.1391078870983038
6.0,13.0,1.4143327752268373
1.0,3.0,3.109942912951626
7.0,17.0,6.0368725858809675
7.0,15.0,2.931876764528035
10.0,23.0,2.443240270426531
6.0,12.0,0.8101494095026319
1.0,3.0,0.3542403307999639
14.0,25.0,1.7727086364025597
6.0,19.0,1.2766200368847431
4.0,17.0,0.7701490721478004
7.0,20.0,1.1391078870983038
2.0,13.0,1.4143327752268373
2.0,3.0,3.109942912951626
10.0,17.0,6.0368725858809675
4.0,15.0,2.931876764528035
16.0,23.0,2.443240270426531
5.0,12.0,0.8101494095026319
2.0,3.0,0.3542403307999639
19.0,25.0,1.7727086364025597
12.0,19.0,1.2766200368847431
9.0,17.0,0.7701490721478004
12.0,20.0,1.1391078870983038
9.0,13.0,1.4143327752268373
2.0,3.0,3.109942912951626
13.0,17.0,6.0368725858809675
11.0,15.0,2.931876764528035
19.0,23.0,2.443240270426531
11.0,12.0,0.8101494095026319
2.0,3.0,0.3542403307999639
18.0,25.0,1.7727086364025597
12.0,19.0,1.2766200368847431
10.0,17.0,0.7701490721478004
14.0,20.0,1.1391078870983038
10.0,13.0,1.4143327752268373
2.0,3.0,3.109942912951626
14.0,17.0,6.0368725858809675
13.0,15.0,2.931876764528035
18.0,23.0,2.443240270426531
8.0,12.0,0.8101494095026319
2.0,3.0,0.3542403307999639
18.0,25.0,1.7727086364025597
17.0,19.0,1.2766200368847431
13.0,17.0,0.7701490721478004
15.0,20.0,1.1391078870983038
11.0,13.0,1.4143327752268373
2.0,3.0,3.109942912951626
15.0,17.0,6.0368725858809675
14.0,15.0,2.931876764528035
20.0,23.0,2.443240270426531
9.0,12.0,0.8101494095026319
3.0,3.0,0.3542403307999639
22.0,25.0,1.7727086364025597
18.0,19.0,1.2766200368847431
15.0,17.0,0.7701490721478004
17.0,20.0,1.1391078870983038
13.0,13.0,1.4143327752268373
2.0,5.0,3.3801749723615044
1.0,8.0,6.212640423223161
0.0,6.0,1.3812533566293916
2.0,18.0,3.02791605865168
1.0,10.0,0.8627389729365773
6.0,61.0,3.1288998761664595
6.0,79.0,2.6915313988997043
7.0,84.0,1.669641160197271
3.0,24.0,0.3966412566754853
1.0,3.0,0.1194765403559266
3.0,36.0,1.0189788218411053
1.0,5.0,3.3801749723615044
2.0,8.0,6.212640423223161
2.0,6.0,1.3812533566293916
1.0,18.0,3.02791605865168
4.0,10.0,0.8627389729365773
12.0,61.0,3.1288998761664595
16.0,79.0,2.6915313988997043
16.0,84.0,1.669641160197271
7.0,24.0,0.3966412566754853
0.0,3.0,0.1194765403559266
5.0,36.0,1.0189788218411053
1.0,5.0,3.3801749723615044
1.0,8.0,6.212640423223161
2.0,6.0,1.3812533566293916
2.0,18.0,3.02791605865168
4.0,10.0,0.8627389729365773
19.0,61.0,3.1288998761664595
22.0,79.0,2.6915313988997043
22.0,84.0,1.669641160197271
9.0,24.0,0.3966412566754853
1.0,3.0,0.1194765403559266
12.0,36.0,1.0189788218411053
2.0,5.0,3.3801749723615044
5.0,8.0,6.212640423223161
2.0,6.0,1.3812533566293916
6.0,18.0,3.02791605865168
5.0,10.0,0.8627389729365773
31.0,61.0,3.1288998761664595
31.0,79.0,2.6915313988997043
33.0,84.0,1.669641160197271
13.0,24.0,0.3966412566754853
1.0,3.0,0.1194765403559266
11.0,36.0,1.0189788218411053
4.0,5.0,3.3801749723615044
3.0,8.0,6.212640423223161
2.0,6.0,1.3812533566293916
8.0,18.0,3.02791605865168
3.0,10.0,0.8627389729365773
39.0,61.0,3.1288998761664595
39.0,79.0,2.6915313988997043
38.0,84.0,1.669641160197271
14.0,24.0,0.3966412566754853
1.0,3.0,0.1194765403559266
17.0,36.0,1.0189788218411053
4.0,5.0,3.3801749723615044
7.0,8.0,6.212640423223161
5.0,6.0,1.3812533566293916
8.0,18.0,3.02791605865168
7.0,10.0,0.8627389729365773
39.0,61.0,3.1288998761664595
47.0,79.0,2.6915313988997043
55.0,84.0,1.669641160197271
15.0,24.0,0.3966412566754853
2.0,3.0,0.1194765403559266
23.0,36.0,1.0189788218411053
3.0,5.0,3.3801749723615044
2.0,8.0,6.212640423223161
4.0,6.0,1.3812533566293916
14.0,18.0,3.02791605865168
7.0,10.0,0.8627389729365773
39.0,61.0,3.1288998761664595
53.0,79.0,2.6915313988997043
52.0,84.0,1.669641160197271
16.0,24.0,0.3966412566754853
3.0,3.0,0.1194765403559266
20.0,36.0,1.0189788218411053
4.0,5.0,3.3801749723615044
7.0,8.0,6.212640423223161
3.0,6.0,1.3812533566293916
14.0,18.0,3.02791605865168
8.0,10.0,0.8627389729365773
54.0,61.0,3.1288998761664595
65.0,79.0,2.6915313988997043
65.0,84.0,1.669641160197271
21.0,24.0,0.3966412566754853
2.0,3.0,0.1194765403559266
33.0,36.0,1.0189788218411053
4.0,5.0,3.3801749723615044
7.0,8.0,6.212640423223161
6.0,6.0,1.3812533566293916
15.0,18.0,3.02791605865168
8.0,10.0,0.8627389729365773
58.0,61.0,3.1288998761664595
69.0,79.0,2.6915313988997043
81.0,84.0,1.669641160197271
21.0,24.0,0.3966412566754853
2.0,3.0,0.1194765403559266
33.0,36.0,1.0189788218411053
1.0,2.0,0.29671078732995837
0.0,1.0,1.261788569727077
3.0,11.0,5.641678081010838
1.0,23.0,6.9415536666332
3.0,36.0,2.2734276457855738
0.0,7.0,0.27236651642662957
2.0,33.0,1.7310924041252187
3.0,18.0,0.9944048870152731
5.0,30.0,1.3862036652709788
2.0,32.0,1.6301821060630581
1.0,19.0,0.7959013698265027
1.0,2.0,0.29671078732995837
0.0,1.0,1.261788569727077
3.0,11.0,5.641678081010838
4.0,23.0,6.9415536666332
6.0,36.0,2.2734276457855738
1.0,7.0,0.27236651642662957
8.0,33.0,1.7310924041252187
3.0,18.0,0.9944048870152731
7.0,30.0,1.3862036652709788
4.0,32.0,1.6301821060630581
1.0,19.0,0.7959013698265027
1.0,2.0,0.29671078732995837
0.0,1.0,1.261788569727077
4.0,11.0,5.641678081010838
11.0,23.0,6.9415536666332
6.0,36.0,2.2734276457855738
3.0,7.0,0.27236651642662957
10.0,33.0,1.7310924041252187
4.0,18.0,0.9944048870152731
9.0,30.0,1.3862036652709788
7.0,32.0,1.6301821060630581
4.0,19.0,0.7959013698265027
1.0,2.0,0.29671078732995837
1.0,1.0,1.261788569727077
6.0,11.0,5.641678081010838
3.0,23.0,6.9415536666332
24.0,36.0,2.2734276457855738
4.0,7.0,0.27236651642662957
14.0,33.0,1.7310924041252187
7.0,18.0,0.9944048870152731
13.0,30.0,1.3862036652709788
8.0,32.0,1.6301821060630581
7.0,19.0,0.7959013698265027
2.0,2.0,0.29671078732995837
1.0,1.0,1.261788569727077
7.0,11.0,5.641678081010838
9.0,23.0,6.9415536666332
19.0,36.0,2.2734276457855738
4.0,7.0,0.27236651642662957
19.0,33.0,1.7310924041252187
9.0,18.0,0.9944048870152731
13.0,30.0,1.3862036652709788
17.0,32.0,1.6301821060630581
7.0,19.0,0.7959013698265027
2.0,2.0,0.29671078732995837
1.0,1.0,1.261788569727077
7.0,11.0,5.641678081010838
14.0,23.0,6.9415536666332
24.0,36.0,2.2734276457855738
5.0,7.0,0.27236651642662957
17.0,33.0,1.7310924041252187
11.0,18.0,0.9944048870152731
11.0,30.0,1.3862036652709788
19.0,32.0,1.6301821060630581
13.0,19.0,0.7959013698265027
2.0,2.0,0.29671078732995837
1.0,1.0,1.261788569727077
10.0,11.0,5.641678081010838
14.0,23.0,6.9415536666332
25.0,36.0,2.2734276457855738
7.0,7.0,0.27236651642662957
22.0,33.0,1.7310924041252187
10.0,18.0,0.9944048870152731
21.0,30.0,1.3862036652709788
23.0,32.0,1.6301821060630581
13.0,19.0,0.7959013698265027
1.0,2.0,0.29671078732995837
1.0,1.0,1.261788569727077
9.0,11.0,5.641678081010838
20.0,23.0,6.9415536666332
31.0,36.0,2.2734276457855738
5.0,7.0,0.27236651642662957
25.0,33.0,1.7310924041252187
14.0,18.0,0.9944048870152731
26.0,30.0,1.3862036652709788
25.0,32.0,1.6301821060630581
14.0,19.0,0.7959013698265027
2.0,2.0,0.29671078732995837
1.0,1.0,1.261788569727077
11.0,11.0,5.641678081010838
23.0,23.0,6.9415536666332
34.0,36.0,2.2734276457855738
6.0,7.0,0.27236651642662957
30.0,33.0,1.7310924041252187
17.0,18.0,0.9944048870152731
26.0,30.0,1.3862036652709788
31.0,32.0,1.6301821060630581
15.0,19.0,0.7959013698265027
1.0,2.0,0.6220243062886123
1.0,4.0,3.3003789395901415
1.0,6.0,2.6369942443366847
1.0,11.0,2.2181237019665643
2.0,21.0,2.9711333135990325
11.0,100.0,7.2777275750291155
2.0,19.0,0.4180094834474079
0.0,10.0,0.2711413383218063
2.0,37.0,0.9991696372867334
4.0,34.0,1.346499129636759
5.0,50.0,1.595266641745338
1.0,2.0,0.6220243062886123
0.0,4.0,3.3003789395901415
1.0,6.0,2.6369942443366847
3.0,11.0,2.2181237019665643
3.0,21.0,2.9711333135990325
18.0,100.0,7.2777275750291155
3.0,19.0,0.4180094834474079
4.0,10.0,0.2711413383218063
9.0,37.0,0.9991696372867334
11.0,34.0,1.346499129636759
11.0,50.0,1.595266641745338
1.0,2.0,0.6220243062886123
0.0,4.0,3.3003789395901415
1.0,6.0,2.6369942443366847
5.0,11.0,2.2181237019665643
7.0,21.0,2.9711333135990325
31.0,100.0,7.2777275750291155
5.0,19.0,0.4180094834474079
2.0,10.0,0.2711413383218063
14.0,37.0,0.9991696372867334
10.0,34.0,1.346499129636759
16.0,50.0,1.595266641745338
2.0,2.0,0.6220243062886123
1.0,4.0,3.3003789395901415
3.0,6.0,2.6369942443366847
5.0,11.0,2.2181237019665643
6.0,21.0,2.9711333135990325
42.0,100.0,7.2777275750291155
8.0,19.0,0.4180094834474079
7.0,10.0,0.2711413383218063
16.0,37.0,0.9991696372867334
11.0,34.0,1.346499129636759
15.0,50.0,1.595266641745338
2.0,2.0,0.6220243062886123
3.0,4.0,3.3003789395901415
4.0,6.0,2.6369942443366847
7.0,11.0,2.2181237019665643
11.0,21.0,2.9711333135990325
46.0,100.0,7.2777275750291155
11.0,19.0,0.4180094834474079
5.0,10.0,0.2711413383218063
23.0,37.0,0.9991696372867334
18.0,34.0,1.346499129636759
20.0,50.0,1.595266641745338
1.0,2.0,0.6220243062886123
2.0,4.0,3.3003789395901415
4.0,6.0,2.6369942443366847
5.0,11.0,2.2181237019665643
13.0,21.0,2.9711333135990325
61.0,100.0,7.2777275750291155
12.0,19.0,0.4180094834474079
4.0,10.0,0.2711413383218063
17.0,37.0,0.9991696372867334
20.0,34.0,1.346499129636759
31.0,50.0,1.595266641745338
2.0,2.0,0.6220243062886123
4.0,4.0,3.3003789395901415
2.0,6.0,2.6369942443366847
9.0,11.0,2.2181237019665643
13.0,21.0,2.9711333135990325
67.0,100.0,7.2777275750291155
18.0,19.0,0.4180094834474079
8.0,10.0,0.2711413383218063
24.0,37.0,0.9991696372867334
21.0,34.0,1.346499129636759
39.0,50.0,1.595266641745338
2.0,2.0,0.6220243062886123
4.0,4.0,3.3003789395901415
5.0,6.0,2.6369942443366847
8.0,11.0,2.2181237019665643
17.0,21.0,2.9711333135990325
85.0,100.0,7.2777275750291155
16.0,19.0,0.4180094834474079
8.0,10.0,0.2711413383218063
31.0,37.0,0.9991696372867334
32.0,34.0,1.346499129636759
43.0,50.0,1.595266641745338
2.0,2.0,0.6220243062886123
4.0,4.0,3.3003789395901415
6.0,6.0,2.6369942443366847
10.0,11.0,2.2181237019665643
18.0,21.0,2.9711333135990325
89.0,100.0,7.2777275750291155
18.0,19.0,0.4180094834474079
8.0,10.0,0.2711413383218063
34.0,37.0,0.9991696372867334
27.0,34.0,1.346499129636759
45.0,50.0,1.595266641745338
1.0,3.0,2.7730572511536
2.0,13.0,3.9591960880866552
2.0,7.0,1.6049955108709375
2.0,14.0,1.006766553214455
0.0,8.0,0.6807922616138724
0.0,25.0,1.967790228652411
0.0,5.0,0.29742819226332146
13.0,84.0,5.888407078328952
5.0,47.0,1.2020977363014782
10.0,67.0,1.5332949586223246
2.0,43.0,0.7686036447329503
1.0,3.0,2.7730572511536
1.0,13.0,3.9591960880866552
2.0,7.0,1.6049955108709375
4.0,14.0,1.006766553214455
0.0,8.0,0.6807922616138724
5.0,25.0,1.967790228652411
1.0,5.0,0.29742819226332146
19.0,84.0,5.888407078328952
9.0,47.0,1.2020977363014782
14.0,67.0,1.5332949586223246
5.0,43.0,0.7686036447329503
1.0,3.0,2.7730572511536
2.0,13.0,3.9591960880866552
3.0,7.0,1.6049955108709375
6.0,14.0,1.006766553214455
2.0,8.0,0.6807922616138724
7.0,25.0,1.967790228652411
2.0,5.0,0.29742819226332146
30.0,84.0,5.888407078328952
11.0,47.0,1.2020977363014782
24.0,67.0,1.5332949586223246
14.0,43.0,0.7686036447329503
2.0,3.0,2.7730572511536
4.0,13.0,3.9591960880866552
5.0,7.0,1.6049955108709375
8.0,14.0,1.006766553214455
1.0,8.0,0.6807922616138724
7.0,25.0,1.967790228652411
5.0,5.0,0.29742819226332146
40.0,84.0,5.888407078328952
20.0,47.0,1.2020977363014782
25.0,67.0,1.5332949586223246
26.0,43.0,0.7686036447329503
3.0,3.0,2.7730572511536
7.0,13.0,3.9591960880866552
5.0,7.0,1.6049955108709375
7.0,14.0,1.006766553214455
5.0,8.0,0.6807922616138724
17.0,25.0,1.967790228652411
2.0,5.0,0.29742819226332146
39.0,84.0,5.888407078328952
27.0,47.0,1.2020977363014782
30.0,67.0,1.5332949586223246
24.0,43.0,0.7686036447329503
3.0,3.0,2.7730572511536
7.0,13.0,3.9591960880866552
4.0,7.0,1.6049955108709375
8.0,14.0,1.006766553214455
4.0,8.0,0.6807922616138724
15.0,25.0,1.967790228652411
4.0,5.0,0.29742819226332146
45.0,84.0,5.888407078328952
24.0,47.0,1.2020977363014782
44.0,67.0,1.5332949586223246
24.0,43.0,0.7686036447329503
2.0,3.0,2.7730572511536
5.0,13.0,3.9591960880866552
6.0,7.0,1.6049955108709375
11.0,14.0,1.006766553214455
5.0,8.0,0.6807922616138724
15.0,25.0,1.967790228652411
3.0,5.0,0.29742819226332146
51.0,84.0,5.888407078328952
30.0,47.0,1.2020977363014782
43.0,67.0,1.5332949586223246
31.0,43.0,0.7686036447329503
3.0,3.0,2.7730572511536
8.0,13.0,3.9591960880866552
5.0,7.0,1.6049955108709375
11.0,14.0,1.006766553214455
8.0,8.0,0.6807922616138724
23.0,25.0,1.967790228652411
4.0,5.0,0.29742819226332146
68.0,84.0,5.888407078328952
37.0,47.0,1.2020977363014782
58.0,67.0,1.5332949586223246
33.0,43.0,0.7686036447329503
3.0,3.0,2.7730572511536
10.0,13.0,3.9591960880866552
6.0,7.0,1.6049955108709375
11.0,14.0,1.006766553214455
8.0,8.0,0.6807922616138724
21.0,25.0,1.967790228652411
5.0,5.0,0.29742819226332146
76.0,84.0,5.888407078328952
45.0,47.0,1.2020977363014782
57.0,67.0,1.5332949586223246
37.0,43.0,0.7686036447329503
1.0,7.0,4.9284460120041595
0.0,3.0,1.4556517652718695
1.0,10.0,3.295767134192864
0.0,4.0,2.048147069296047
4.0,27.0,3.3826620490904555
7.0,67.0,4.083778238825907
11.0,85.0,3.1011352868102753
11.0,64.0,1.2130809172521744
2.0,27.0,0.454274800934496
0.0,23.0,0.5154778416484784
4.0,33.0,0.615952437416651
2.0,7.0,4.9284460120041595
2.0,3.0,1.4556517652718695
2.0,10.0,3.295767134192864
1.0,4.0,2.048147069296047
5.0,27.0,3.3826620490904555
19.0,67.0,4.083778238825907
21.0,85.0,3.1011352868102753
13.0,64.0,1.2130809172521744
7.0,27.0,0.454274800934496
5.0,23.0,0.5154778416484784
5.0,33.0,0.615952437416651
1.0,7.0,4.9284460120041595
1.0,3.0,1.4556517652718695
2.0,10.0,3.295767134192864
0.0,4.0,2.048147069296047
9.0,27.0,3.3826620490904555
25.0,67.0,4.083778238825907
27.0,85.0,3.1011352868102753
22.0,64.0,1.2130809172521744
11.0,27.0,0.454274800934496
9.0,23.0,0.5154778416484784
10.0,33.0,0.615952437416651
1.0,7.0,4.9284460120041595
1.0,3.0,1.4556517652718695
4.0,10.0,3.295767134192864
1.0,4.0,2.048147069296047
12.0,27.0,3.3826620490904555
32.0,67.0,4.083778238825907
34.0,85.0,3.1011352868102753
26.0,64.0,1.2130809172521744
9.0,27.0,0.454274800934496
10.0,23.0,0.5154778416484784
10.0,33.0,0.615952437416651
3.0,7.0,4.9284460120041595
3.0,3.0,1.4556517652718695
2.0,10.0,3.295767134192864
2.0,4.0,2.048147069296047
15.0,27.0,3.3826620490904555
26.0,67.0,4.083778238825907
45.0,85.0,3.1011352868102753
27.0,64.0,1.2130809172521744
15.0,27.0,0.454274800934496
11.0,23.0,0.5154778416484784
18.0,33.0,0.615952437416651
3.0,7.0,4.9284460120041595
2.0,3.0,1.4556517652718695
7.0,10.0,3.295767134192864
3.0,4.0,2.048147069296047
11.0,27.0,3.3826620490904555
37.0,67.0,4.083778238825907
49.0,85.0,3.1011352868102753
41.0,64.0,1.2130809172521744
16.0,27.0,0.454274800934496
14.0,23.0,0.5154778416484784
22.0,33.0,0.615952437416651
5.0,7.0,4.9284460120041595
3.0,3.0,1.4556517652718695
6.0,10.0,3.295767134192864
3.0,4.0,2.048147069296047
19.0,27.0,3.3826620490904555
39.0,67.0,4.083778238825907
61.0,85.0,3.1011352868102753
46.0,64.0,1.2130809172521744
18.0,27.0,0.454274800934496
17.0,23.0,0.5154778416484784
22.0,33.0,0.615952437416651
6.0,7.0,4.9284460120041595
3.0,3.0,1.4556517652718695
6.0,10.0,3.295767134192864
4.0,4.0,2.048147069296047
23.0,27.0,3.3826620490904555
53.0,67.0,4.083778238825907
74.0,85.0,3.1011352868102753
50.0,64.0,1.2130809172521744
19.0,27.0,0.454274800934496
17.0,23.0,0.5154778416484784
24.0,33.0,0.615952437416651
6.0,7.0,4.9284460120041595
3.0,3.0,1.4556517652718695
9.0,10.0,3.295767134192864
4.0,4.0,2.048147069296047
26.0,27.0,3.3826620490904555
54.0,67.0,4.083778238825907
74.0,85.0,3.1011352868102753
52.0,64.0,1.2130809172521744
23.0,27.0,0.454274800934496
21.0,23.0,0.5154778416484784
31.0,33.0,0.615952437416651
1.0,3.0,4.252982357048219
1.0,13.0,5.635940912481659
0.0,4.0,0.8826487481596071
1.0,37.0,3.805634668094179
1.0,20.0,1.147898178158786
12.0,96.0,4.413554298888954
2.0,11.0,0.22608559050287352
8.0,73.0,1.5949159201155514
4.0,77.0,1.7549257795529318
1.0,9.0,0.12876262824781623
1.0,14.0,0.36407818690825355
1.0,3.0,4.252982357048219
1.0,13.0,5.635940912481659
2.0,4.0,0.8826487481596071
7.0,37.0,3.805634668094179
3.0,20.0,1.147898178158786
22.0,96.0,4.413554298888954
3.0,11.0,0.22608559050287352
12.0,73.0,1.5949159201155514
12.0,77.0,1.7549257795529318
2.0,9.0,0.12876262824781623
1.0,14.0,0.36407818690825355
1.0,3.0,4.252982357048219
4.0,13.0,5.635940912481659
1.0,4.0,0.8826487481596071
10.0,37.0,3.805634668094179
8.0,20.0,1.147898178158786
28.0,96.0,4.413554298888954
3.0,11.0,0.22608559050287352
27.0,73.0,1.5949159201155514
24.0,77.0,1.7549257795529318
4.0,9.0,0.12876262824781623
5.0,14.0,0.36407818690825355
2.0,3.0,4.252982357048219
4.0,13.0,5.635940912481659
1.0,4.0,0.8826487481596071
19.0,37.0,3.805634668094179
9.0,20.0,1.147898178158786
41.0,96.0,4.413554298888954
5.0,11.0,0.22608559050287352
24.0,73.0,1.5949159201155514
26.0,77.0,1.7549257795529318
6.0,9.0,0.12876262824781623
5.0,14.0,0.36407818690825355
1.0,3.0,4.252982357048219
6.0,13.0,5.635940912481659
3.0,4.0,0.8826487481596071
18.0,37.0,3.805634668094179
10.0,20.0,1.147898178158786
45.0,96.0,4.413554298888954
2.0,11.0,0.22608559050287352
33.0,73.0,1.5949159201155514
40.0,77.0,1.7549257795529318
5.0,9.0,0.12876262824781623
4.0,14.0,0.36407818690825355
2.0,3.0,4.252982357048219
8.0,13.0,5.635940912481659
2.0,4.0,0.8826487481596071
23.0,37.0,3.805634668094179
10.0,20.0,1.147898178158786
56.0,96.0,4.413554298888954
8.0,11.0,0.22608559050287352
41.0,73.0,1.5949159201155514
48.0,77.0,1.7549257795529318
6.0,9.0,0.12876262824781623
8.0,14.0,0.36407818690825355
2.0,3.0,4.252982357048219
11.0,13.0,5.635940912481659
3.0,4.0,0.8826487481596071
29.0,37.0,3.805634668094179
14.0,20.0,1.147898178158786
72.0,96.0,4.413554298888954
9.0,11.0,0.22608559050287352
50.0,73.0,1.5949159201155514
51.0,77.0,1.7549257795529318
5.0,9.0,0.12876262824781623
8.0,14.0,0.36407818690825355
3.0,3.0,4.252982357048219
9.0,13.0,5.635940912481659
4.0,4.0,0.8826487481596071
30.0,37.0,3.805634668094179
15.0,20.0,1.147898178158786
75.0,96.0,4.413554298888954
7.0,11.0,0.22608559050287352
57.0,73.0,1.5949159201155514
62.0,77.0,1.7549257795529318
5.0,9.0,0.12876262824781623
13.0,14.0,0.36407818690825355
3.0,3.0,4.252982357048219
12.0,13.0,5.635940912481659
3.0,4.0,0.8826487481596071
33.0,37.0,3.805634668094179
17.0,20.0,1.147898178158786
84.0,96.0,4.413554298888954
9.0,11.0,0.22608559050287352
67.0,73.0,1.5949159201155514
71.0,77.0,1.7549257795529318
9.0,9.0,0.12876262824781623
11.0,14.0,0.36407818690825355
1.0,8.0,8.629524643979698
3.0,16.0,7.569020608449794
0.0,4.0,0.3375534935682892
2.0,33.0,4.119522985594687
1.0,6.0,0.6727300590164011
2.0,16.0,1.0253712884771926
2.0,36.0,2.06040930878807
2.0,21.0,1.0635387937237315
6.0,40.0,1.8449804173797408
3.0,27.0,1.109792551107127
3.0,33.0,0.7953105846686904
1.0,8.0,8.629524643979698
2.0,16.0,7.569020608449794
1.0,4.0,0.3375534935682892
4.0,33.0,4.119522985594687
1.0,6.0,0.6727300590164011
1.0,16.0,1.0253712884771926
3.0,36.0,2.06040930878807
7.0,21.0,1.0635387937237315
6.0,40.0,1.8449804173797408
4.0,27.0,1.109792551107127
4.0,33.0,0.7953105846686904
2.0,8.0,8.629524643979698
5.0,16.0,7.569020608449794
1.0,4.0,0.3375534935682892
10.0,33.0,4.119522985594687
0.0,6.0,0.6727300590164011
4.0,16.0,1.0253712884771926
10.0,36.0,2.06040930878807
4.0,21.0,1.0635387937237315
13.0,40.0,1.8449804173797408
6.0,27.0,1.109792551107127
8.0,33.0,0.7953105846686904
3.0,8.0,8.629524643979698
6.0,16.0,7.569020608449794
2.0,4.0,0.3375534935682892
13.0,33.0,4.119522985594687
4.0,6.0,0.6727300590164011
5.0,16.0,1.0253712884771926
11.0,36.0,2.06040930878807
6.0,21.0,1.0635387937237315
13.0,40.0,1.8449804173797408
11.0,27.0,1.109792551107127
11.0,33.0,0.7953105846686904
2.0,8.0,8.629524643979698
8.0,16.0,7.569020608449794
3.0,4.0,0.3375534935682892
17.0,33.0,4.119522985594687
3.0,6.0,0.6727300590164011
4.0,16.0,1.0253712884771926
14.0,36.0,2.06040930878807
10.0,21.0,1.0635387937237315
26.0,40.0,1.8449804173797408
11.0,27.0,1.109792551107127
19.0,33.0,0.7953105846686904
7.0,8.0,8.629524643979698
12.0,16.0,7.569020608449794
3.0,4.0,0.3375534935682892
20.0,33.0,4.119522985594687
4.0,6.0,0.6727300590164011
9.0,16.0,1.0253712884771926
21.0,36.0,2.06040930878807
12.0,21.0,1.0635387937237315
28.0,40.0,1.8449804173797408
13.0,27.0,1.109792551107127
17.0,33.0,0.7953105846686904
7.0,8.0,8.629524643979698
11.0,16.0,7.569020608449794
2.0,4.0,0.3375534935682892
24.0,33.0,4.119522985594687
5.0,6.0,0.6727300590164011
9.0,16.0,1.0253712884771926
26.0,36.0,2.06040930878807
15.0,21.0,1.0635387937237315
28.0,40.0,1.8449804173797408
21.0,27.0,1.109792551107127
22.0,33.0,0.7953105846686904
8.0,8.0,8.629524643979698
13.0,16.0,7.569020608449794
3.0,4.0,0.3375534935682892
26.0,33.0,4.119522985594687
3.0,6.0,0.6727300590164011
12.0,16.0,1.0253712884771926
29.0,36.0,2.06040930878807
19.0,21.0,1.0635387937237315
31.0,40.0,1.8449804173797408
19.0,27.0,1.109792551107127
26.0,33.0,0.7953105846686904
8.0,8.0,8.629524643979698
15.0,16.0,7.569020608449794
4.0,4.0,0.3375534935682892
29.0,33.0,4.119522985594687
4.0,6.0,0.6727300590164011
13.0,16.0,1.0253712884771926
33.0,36.0,2.06040930878807
18.0,21.0,1.0635387937237315
34.0,40.0,1.8449804173797408
26.0,27.0,1.109792551107127
31.0,33.0,0.7953105846686904
1.0,3.0,2.9756077769492126
0.0,4.0,2.0818745259948077
2.0,17.0,7.2930764067588285
0.0,20.0,2.846700905061191
2.0,21.0,1.178823313527724
0.0,8.0,0.4705680821581743
4.0,22.0,1.4371601881089486
1.0,9.0,0.5298557749131856
11.0,84.0,4.4138080157243955
0.0,16.0,0.6586993696886154
4.0,52.0,1.5689932253761811
1.0,3.0,2.9756077769492126
1.0,4.0,2.0818745259948077
2.0,17.0,7.2930764067588285
8.0,20.0,2.846700905061191
7.0,21.0,1.178823313527724
3.0,8.0,0.4705680821581743
3.0,22.0,1.4371601881089486
1.0,9.0,0.5298557749131856
14.0,84.0,4.4138080157243955
5.0,16.0,0.6586993696886154
11.0,52.0,1.5689932253761811
2.0,3.0,2.9756077769492126
1.0,4.0,2.0818745259948077
3.0,17.0,7.2930764067588285
9.0,20.0,2.846700905061191
7.0,21.0,1.178823313527724
4.0,8.0,0.4705680821581743
7.0,22.0,1.4371601881089486
2.0,9.0,0.5298557749131856
26.0,84.0,4.4138080157243955
2.0,16.0,0.6586993696886154
25.0,52.0,1.5689932253761811
2.0,3.0,2.9756077769492126
2.0,4.0,2.0818745259948077
8.0,17.0,7.2930764067588285
9.0,20.0,2.846700905061191
5.0,21.0,1.178823313527724
4.0,8.0,0.4705680821581743
10.0,22.0,1.4371601881089486
2.0,9.0,0.5298557749131856
34.0,84.0,4.4138080157243955
6.0,16.0,0.6586993696886154
25.0,52.0,1.5689932253761811
2.0,3.0,2.9756077769492126
1.0,4.0,2.0818745259948077
8.0,17.0,7.2930764067588285
11.0,20.0,2.846700905061191
12.0,21.0,1.178823313527724
3.0,8.0,0.4705680821581743
11.0,22.0,1.4371601881089486
4.0,9.0,0.5298557749131856
42.0,84.0,4.4138080157243955
9.0,16.0,0.6586993696886154
29.0,52.0,1.5689932253761811
3.0,3.0,2.9756077769492126
2.0,4.0,2.0818745259948077
10.0,17.0,7.2930764067588285
13.0,20.0,2.846700905061191
13.0,21.0,1.178823313527724
6.0,8.0,0.4705680821581743
16.0,22.0,1.4371601881089486
3.0,9.0,0.5298557749131856
50.0,84.0,4.4138080157243955
11.0,16.0,0.6586993696886154
33.0,52.0,1.5689932253761811
2.0,3.0,2.9756077769492126
3.0,4.0,2.0818745259948077
10.0,17.0,7.2930764067588285
13.0,20.0,2.846700905061191
17.0,21.0,1.178823313527724
4.0,8.0,0.4705680821581743
16.0,22.0,1.4371601881089486
8.0,9.0,0.5298557749131856
61.0,84.0,4.4138080157243955
14.0,16.0,0.6586993696886154
39.0,52.0,1.5689932253761811
2.0,3.0,2.9756077769492126
2.0,4.0,2.0818745259948077
14.0,17.0,7.2930764067588285
19.0,20.0,2.846700905061191
20.0,21.0,1.178823313527724
6.0,8.0,0.4705680821581743
17.0,22.0,1.4371601881089486
6.0,9.0,0.5298557749131856
75.0,84.0,4.4138080157243955
12.0,16.0,0.6586993696886154
42.0,52.0,1.5689932253761811
2.0,3.0,2.9756077769492126
3.0,4.0,2.0818745259948077
14.0,17.0,7.2930764067588285
19.0,20.0,2.846700905061191
16.0,21.0,1.178823313527724
8.0,8.0,0.4705680821581743
20.0,22.0,1.4371601881089486
7.0,9.0,0.5298557749131856
73.0,84.0,4.4138080157243955
15.0,16.0,0.6586993696886154
48.0,52.0,1.5689932253761811
1.0,4.0,6.676985154301284
1.0,6.0,3.5896737477256573
0.0,2.0,0.8857350031059605
1.0,30.0,4.4491906559478585
1.0,3.0,0.3939618877705471
1.0,14.0,0.8667601516666139
2.0,19.0,1.3896399795710457
4.0,22.0,1.949316844232921
3.0,55.0,2.509914611929264
4.0,34.0,1.112375622894811
5.0,38.0,1.067378138641491
2.0,4.0,6.676985154301284
1.0,6.0,3.5896737477256573
0.0,2.0,0.8857350031059605
5.0,30.0,4.4491906559478585
0.0,3.0,0.3939618877705471
3.0,14.0,0.8667601516666139
4.0,19.0,1.3896399795710457
6.0,22.0,1.949316844232921
7.0,55.0,2.509914611929264
7.0,34.0,1.112375622894811
7.0,38.0,1.067378138641491
1.0,4.0,6.676985154301284
1.0,6.0,3.5896737477256573
1.0,2.0,0.8857350031059605
6.0,30.0,4.4491906559478585
2.0,3.0,0.3939618877705471
3.0,14.0,0.8667601516666139
1.0,19.0,1.3896399795710457
3.0,22.0,1.949316844232921
14.0,55.0,2.509914611929264
8.0,34.0,1.112375622894811
11.0,38.0,1.067378138641491
3.0,4.0,6.676985154301284
2.0,6.0,3.5896737477256573
1.0,2.0,0.8857350031059605
11.0,30.0,4.4491906559478585
1.0,3.0,0.3939618877705471
6.0,14.0,0.8667601516666139
6.0,19.0,1.3896399795710457
9.0,22.0,1.949316844232921
22.0,55.0,2.509914611929264
14.0,34.0,1.112375622894811
17.0,38.0,1.067378138641491
2.0,4.0,6.676985154301284
3.0,6.0,3.5896737477256573
0.0,2.0,0.8857350031059605
10.0,30.0,4.4491906559478585
1.0,3.0,0.3939618877705471
6.0,14.0,0.8667601516666139
12.0,19.0,1.3896399795710457
11.0,22.0,1.949316844232921
24.0,55.0,2.509914611929264
19.0,34.0,1.112375622894811
22.0,38.0,1.067378138641491
4.0,4.0,6.676985154301284
2.0,6.0,3.5896737477256573
2.0,2.0,0.8857350031059605
17.0,30.0,4.4491906559478585
1.0,3.0,0.3939618877705471
6.0,14.0,0.8667601516666139
13.0,19.0,1.3896399795710457
9.0,22.0,1.949316844232921
22.0,55.0,2.509914611929264
20.0,34.0,1.112375622894811
20.0,38.0,1.067378138641491
3.0,4.0,6.676985154301284
6.0,6.0,3.5896737477256573
2.0,2.0,0.8857350031059605
20.0,30.0,4.4491906559478585
2.0,3.0,0.3939618877705471
8.0,14.0,0.8667601516666139
14.0,19.0,1.3896399795710457
16.0,22.0,1.949316844232921
38.0,55.0,2.509914611929264
29.0,34.0,1.112375622894811
27.0,38.0,1.067378138641491
1.0,4.0,6.676985154301284
3.0,6.0,3.5896737477256573
2.0,2.0,0.8857350031059605
24.0,30.0,4.4491906559478585
3.0,3.0,0.3939618877705471
14.0,14.0,0.8667601516666139
16.0,19.0,1.3896399795710457
16.0,22.0,1.949316844232921
42.0,55.0,2.509914611929264
30.0,34.0,1.112375622894811
35.0,38.0,1.067378138641491
4.0,4.0,6.676985154301284
6.0,6.0,3.5896737477256573
2.0,2.0,0.8857350031059605
25.0,30.0,4.4491906559478585
3.0,3.0,0.3939618877705471
12.0,14.0,0.8667601516666139
18.0,19.0,1.3896399795710457
21.0,22.0,1.949316844232921
51.0,55.0,2.509914611929264
29.0,34.0,1.112375622894811
32.0,38.0,1.067378138641491
1.0,4.0,1.9214557182501837
0.0,2.0,3.3344508468549656
2.0,12.0,4.224030984220633
1.0,7.0,1.2758740995197055
1.0,8.0,0.9686631668575857
5.0,24.0,1.8464516106560318
1.0,6.0,0.6952375213199197
1.0,8.0,0.740028017253233
11.0,73.0,6.966508631178019
4.0,18.0,0.6094381364653593
1.0,23.0,0.8444961247547786
1.0,4.0,1.9214557182501837
1.0,2.0,3.3344508468549656
2.0,12.0,4.224030984220633
2.0,7.0,1.2758740995197055
0.0,8.0,0.9686631668575857
4.0,24.0,1.8464516106560318
2.0,6.0,0.6952375213199197
1.0,8.0,0.740028017253233
15.0,73.0,6.966508631178019
2.0,18.0,0.6094381364653593
4.0,23.0,0.8444961247547786
1.0,4.0,1.9214557182501837
1.0,2.0,3.3344508468549656
2.0,12.0,4.224030984220633
2.0,7.0,1.2758740995197055
5.0,8.0,0.9686631668575857
10.0,24.0,1.8464516106560318
1.0,6.0,0.6952375213199197
4.0,8.0,0.740028017253233
25.0,73.0,6.966508631178019
4.0,18.0,0.6094381364653593
8.0,23.0,0.8444961247547786
3.0,4.0,1.9214557182501837
0.0,2.0,3.3344508468549656
8.0,12.0,4.224030984220633
3.0,7.0,1.2758740995197055
1.0,8.0,0.9686631668575857
10.0,24.0,1.8464516106560318
4.0,6.0,0.6952375213199197
4.0,8.0,0.740028017253233
32.0,73.0,6.966508631178019
7.0,18.0,0.6094381364653593
8.0,23.0,0.8444961247547786
3.0,4.0,1.9214557182501837
2.0,2.0,3.3344508468549656
7.0,12.0,4.224030984220633
3.0,7.0,1.2758740995197055
4.0,8.0,0.9686631668575857
16.0,24.0,1.8464516106560318
3.0,6.0,0.6952375213199197
4.0,8.0,0.740028017253233
37.0,73.0,6.966508631178019
8.0,18.0,0.6094381364653593
10.0,23.0,0.8444961247547786
3.0,4.0,1.9214557182501837
1.0,2.0,3.3344508468549656
6.0,12.0,4.224030984220633
4.0,7.0,1.2758740995197055
5.0,8.0,0.9686631668575857
14.0,24.0,1.8464516106560318
3.0,6.0,0.6952375213199197
6.0,8.0,0.740028017253233
37.0,73.0,6.966508631178019
8.0,18.0,0.6094381364653593
15.0,23.0,0.8444961247547786
4.0,4.0,1.9214557182501837
2.0,2.0,3.3344508468549656
10.0,12.0,4.224030984220633
4.0,7.0,1.2758740995197055
4.0,8.0,0.9686631668575857
18.0,24.0,1.8464516106560318
5.0,6.0,0.6952375213199197
6.0,8.0,0.740028017253233
52.0,73.0,6.966508631178019
13.0,18.0,0.6094381364653593
19.0,23.0,0.8444961247547786
3.0,4.0,1.9214557182501837
2.0,2.0,3.3344508468549656
8.0,12.0,4.224030984220633
4.0,7.0,1.2758740995197055
7.0,8.0,0.9686631668575857
22.0,24.0,1.8464516106560318
6.0,6.0,0.6952375213199197
6.0,8.0,0.740028017253233
59.0,73.0,6.966508631178019
16.0,18.0,0.6094381364653593
18.0,23.0,0.8444961247547786
3.0,4.0,1.9214557182501837
2.0,2.0,3.3344508468549656
9.0,12.0,4.224030984220633
6.0,7.0,1.2758740995197055
6.0,8.0,0.9686631668575857
22.0,24.0,1.8464516106560318
5.0,6.0,0.6952375213199197
8.0,8.0,0.740028017253233
63.0,73.0,6.966508631178019
17.0,18.0,0.6094381364653593
22.0,23.0,0.8444961247547786
1.0,3.0,3.6999506324826896
0.0,2.0,1.3416663168927054
1.0,4.0,1.8414355678699972
2.0,21.0,4.6525147512093135
4.0,25.0,2.5625711171421233
6.0,105.0,4.98261269137184
2.0,8.0,0.233549078208916
8.0,83.0,1.8890715006437322
5.0,26.0,0.6736059260405829
3.0,18.0,0.47800644163473843
7.0,50.0,1.7357934366616867
1.0,3.0,3.6999506324826896
1.0,2.0,1.3416663168927054
2.0,4.0,1.8414355678699972
2.0,21.0,4.6525147512093135
8.0,25.0,2.5625711171421233
16.0,105.0,4.98261269137184
2.0,8.0,0.233549078208916
18.0,83.0,1.8890715006437322
5.0,26.0,0.6736059260405829
3.0,18.0,0.47800644163473843
10.0,50.0,1.7357934366616867
1.0,3.0,3.6999506324826896
1.0,2.0,1.3416663168927054
1.0,4.0,1.8414355678699972
4.0,21.0,4.6525147512093135
7.0,25.0,2.5625711171421233
35.0,105.0,4.98261269137184
1.0,8.0,0.233549078208916
30.0,83.0,1.8890715006437322
5.0,26.0,0.6736059260405829
8.0,18.0,0.47800644163473843
16.0,50.0,1.7357934366616867
1.0,3.0,3.6999506324826896
0.0,2.0,1.3416663168927054
1.0,4.0,1.8414355678699972
6.0,21.0,4.6525147512093135
10.0,25.0,2.5625711171421233
36.0,105.0,4.98261269137184
3.0,8.0,0.233549078208916
30.0,83.0,1.8890715006437322
16.0,26.0,0.6736059260405829
9.0,18.0,0.47800644163473843
24.0,50.0,1.7357934366616867
1.0,3.0,3.6999506324826896
2.0,2.0,1.3416663168927054
2.0,4.0,1.8414355678699972
10.0,21.0,4.6525147512093135
10.0,25.0,2.5625711171421233
44.0,105.0,4.98261269137184
2.0,8.0,0.233549078208916
40.0,83.0,1.8890715006437322
13.0,26.0,0.6736059260405829
9.0,18.0,0.47800644163473843
26.0,50.0,1.7357934366616867
2.0,3.0,3.6999506324826896
0.0,2.0,1.3416663168927054
2.0,4.0,1.8414355678699972
15.0,21.0,4.6525147512093135
15.0,25.0,2.5625711171421233
51.0,105.0,4.98261269137184
5.0,8.0,0.233549078208916
48.0,83.0,1.8890715006437322
18.0,26.0,0.6736059260405829
13.0,18.0,0.47800644163473843
31.0,50.0,1.7357934366616867
3.0,3.0,3.6999506324826896
2.0,2.0,1.3416663168927054
1.0,4.0,1.8414355678699972
14.0,21.0,4.6525147512093135
18.0,25.0,2.5625711171421233
77.0,105.0,4.98261269137184
4.0,8.0,0.233549078208916
53.0,83.0,1.8890715006437322
20.0,26.0,0.6736059260405829
14.0,18.0,0.47800644163473843
32.0,50.0,1.7357934366616867
2.0,3.0,3.6999506324826896
1.0,2.0,1.3416663168927054
2.0,4.0,1.8414355678699972
16.0,21.0,4.6525147512093135
20.0,25.0,2.5625711171421233
78.0,105.0,4.98261269137184
6.0,8.0,0.233549078208916
69.0,83.0,1.8890715006437322
23.0,26.0,0.6736059260405829
15.0,18.0,0.47800644163473843
36.0,50.0,1.7357934366616867
2.0,3.0,3.6999506324826896
2.0,2.0,1.3416663168927054
4.0,4.0,1.8414355678699972
21.0,21.0,4.6525147512093135
25.0,25.0,2.5625711171421233
91.0,105.0,4.98261269137184
7.0,8.0,0.233549078208916
76.0,83.0,1.8890715006437322
23.0,26.0,0.6736059260405829
16.0,18.0,0.47800644163473843
47.0,50.0,1.7357934366616867
2.0,6.0,3.2301069946587346
4.0,23.0,7.93176405131104
1.0,5.0,0.7730304740939525
2.0,8.0,1.2327326557497973
1.0,9.0,1.264750508260366
0.0,7.0,0.7658483000708478
5.0,10.0,0.950836978099288
4.0,53.0,4.400564221527304
2.0,14.0,0.8153351665338856
6.0,71.0,2.3697739356896244
0.0,4.0,0.17231752488796842
1.0,6.0,3.2301069946587346
1.0,23.0,7.93176405131104
0.0,5.0,0.7730304740939525
4.0,8.0,1.2327326557497973
2.0,9.0,1.264750508260366
2.0,7.0,0.7658483000708478
1.0,10.0,0.950836978099288
14.0,53.0,4.400564221527304
4.0,14.0,0.8153351665338856
13.0,71.0,2.3697739356896244
1.0,4.0,0.17231752488796842
2.0,6.0,3.2301069946587346
4.0,23.0,7.93176405131104
3.0,5.0,0.7730304740939525
2.0,8.0,1.2327326557497973
2.0,9.0,1.264750508260366
1.0,7.0,0.7658483000708478
1.0,10.0,0.950836978099288
14.0,53.0,4.400564221527304
5.0,14.0,0.8153351665338856
18.0,71.0,2.3697739356896244
2.0,4.0,0.17231752488796842
4.0,6.0,3.2301069946587346
10.0,23.0,7.93176405131104
2.0,5.0,0.7730304740939525
5.0,8.0,1.2327326557497973
7.0,9.0,1.264750508260366
3.0,7.0,0.7658483000708478
5.0,10.0,0.950836978099288
25.0,53.0,4.400564221527304
5.0,14.0,0.8153351665338856
24.0,71.0,2.3697739356896244
2.0,4.0,0.17231752488796842
2.0,6.0,3.2301069946587346
14.0,23.0,7.93176405131104
2.0,5.0,0.7730304740939525
5.0,8.0,1.2327326557497973
5.0,9.0,1.264750508260366
5.0,7.0,0.7658483000708478
4.0,10.0,0.950836978099288
27.0,53.0,4.400564221527304
8.0,14.0,0.8153351665338856
34.0,71.0,2.3697739356896244
4.0,4.0,0.17231752488796842
5.0,6.0,3.2301069946587346
18.0,23.0,7.93176405131104
3.0,5.0,0.7730304740939525
5.0,8.0,1.2327326557497973
5.0,9.0,1.264750508260366
2.0,7.0,0.7658483000708478
7.0,10.0,0.950836978099288
25.0,53.0,4.400564221527304
9.0,14.0,0.8153351665338856
38.0,71.0,2.3697739356896244
2.0,4.0,0.17231752488796842
4.0,6.0,3.2301069946587346
19.0,23.0,7.93176405131104
2.0,5.0,0.7730304740939525
7.0,8.0,1.2327326557497973
9.0,9.0,1.264750508260366
7.0,7.0,0.7658483000708478
7.0,10.0,0.950836978099288
40.0,53.0,4.400564221527304
11.0,14.0,0.8153351665338856
46.0,71.0,2.3697739356896244
2.0,4.0,0.17231752488796842
4.0,6.0,3.2301069946587346
17.0,23.0,7.93176405131104
5.0,5.0,0.7730304740939525
5.0,8.0,1.2327326557497973
5.0,9.0,1.264750508260366
6.0,7.0,0.7658483000708478
8.0,10.0,0.950836978099288
40.0,53.0,4.400564221527304
12.0,14.0,0.8153351665338856
48.0,71.0,2.3697739356896244
2.0,4.0,0.17231752488796842
6.0,6.0,3.2301069946587346
21.0,23.0,7.93176405131104
5.0,5.0,0.7730304740939525
7.0,8.0,1.2327326557497973
8.0,9.0,1.264750508260366
7.0,7.0,0.7658483000708478
8.0,10.0,0.950836978099288
51.0,53.0,4.400564221527304
13.0,14.0,0.8153351665338856
63.0,71.0,2.3697739356896244
4.0,4.0,0.17231752488796842
1.0,2.0,2.155049006923047
0.0,2.0,0.6633444373901403
0.0,3.0,1.9573845458866819
2.0,13.0,5.831377840929165
1.0,12.0,2.207018388921541
4.0,21.0,1.6800017136371528
3.0,19.0,1.6462077302135345
3.0,15.0,1.3126854209227932
4.0,35.0,2.1577349859472967
4.0,41.0,1.5474015556556981
2.0,23.0,0.7031955026218264
2.0,2.0,2.155049006923047
1.0,2.0,0.6633444373901403
1.0,3.0,1.9573845458866819
2.0,13.0,5.831377840929165
3.0,12.0,2.207018388921541
3.0,21.0,1.6800017136371528
3.0,19.0,1.6462077302135345
3.0,15.0,1.3126854209227932
10.0,35.0,2.1577349859472967
7.0,41.0,1.5474015556556981
6.0,23.0,0.7031955026218264
2.0,2.0,2.155049006923047
1.0,2.0,0.6633444373901403
1.0,3.0,1.9573845458866819
5.0,13.0,5.831377840929165
3.0,12.0,2.207018388921541
5.0,21.0,1.6800017136371528
4.0,19.0,1.6462077302135345
5.0,15.0,1.3126854209227932
12.0,35.0,2.1577349859472967
17.0,41.0,1.5474015556556981
5.0,23.0,0.7031955026218264
1.0,2.0,2.155049006923047
2.0,2.0,0.6633444373901403
3.0,3.0,1.9573845458866819
4.0,13.0,5.831377840929165
8.0,12.0,2.207018388921541
12.0,21.0,1.6800017136371528
7.0,19.0,1.6462077302135345
3.0,15.0,1.3126854209227932
9.0,35.0,2.1577349859472967
10.0,41.0,1.5474015556556981
9.0,23.0,0.7031955026218264
1.0,2.0,2.155049006923047
2.0,2.0,0.6633444373901403
1.0,3.0,1.9573845458866819
5.0,13.0,5.831377840929165
4.0,12.0,2.207018388921541
12.0,21.0,1.6800017136371528
5.0,19.0,1.6462077302135345
11.0,15.0,1.3126854209227932
24.0,35.0,2.1577349859472967
23.0,41.0,1.5474015556556981
10.0,23.0,0.7031955026218264
2.0,2.0,2.155049006923047
1.0,2.0,0.6633444373901403
2.0,3.0,1.9573845458866819
8.0,13.0,5.831377840929165
5.0,12.0,2.207018388921541
11.0,21.0,1.6800017136371528
13.0,19.0,1.6462077302135345
10.0,15.0,1.3126854209227932
20.0,35.0,2.1577349859472967
29.0,41.0,1.5474015556556981
13.0,23.0,0.7031955026218264
1.0,2.0,2.155049006923047
2.0,2.0,0.6633444373901403
1.0,3.0,1.9573845458866819
8.0,13.0,5.831377840929165
11.0,12.0,2.207018388921541
15.0,21.0,1.6800017136371528
15.0,19.0,1.6462077302135345
14.0,15.0,1.3126854209227932
21.0,35.0,2.1577349859472967
31.0,41.0,1.5474015556556981
17.0,23.0,0.7031955026218264
2.0,2.0,2.155049006923047
2.0,2.0,0.6633444373901403
2.0,3.0,1.9573845458866819
8.0,13.0,5.831377840929165
7.0,12.0,2.207018388921541
15.0,21.0,1.6800017136371528
14.0,19.0,1.6462077302135345
13.0,15.0,1.3126854209227932
27.0,35.0,2.1577349859472967
33.0,41.0,1.5474015556556981
15.0,23.0,0.7031955026218264
2.0,2.0,2.155049006923047
2.0,2.0,0.6633444373901403
2.0,3.0,1.9573845458866819
12.0,13.0,5.831377840929165
10.0,12.0,2.207018388921541
19.0,21.0,1.6800017136371528
17.0,19.0,1.6462077302135345
14.0,15.0,1.3126854209227932
33.0,35.0,2.1577349859472967
36.0,41.0,1.5474015556556981
22.0,23.0,0.7031955026218264
1.0,3.0,4.452336903436659
1.0,6.0,2.4079337242245114
2.0,3.0,0.7012977662433738
2.0,9.0,1.364620245173917
1.0,6.0,0.7063884500347551
1.0,7.0,1.0548390586386638
4.0,11.0,1.577980613330162
0.0,10.0,1.103648165339107
2.0,16.0,1.4977223120269016
7.0,33.0,2.646110635288954
1.0,2.0,0.3255433233481495
1.0,3.0,4.452336903436659
0.0,6.0,2.4079337242245114
1.0,3.0,0.7012977662433738
1.0,9.0,1.364620245173917
1.0,6.0,0.7063884500347551
2.0,7.0,1.0548390586386638
2.0,11.0,1.577980613330162
0.0,10.0,1.103648165339107
1.0,16.0,1.4977223120269016
8.0,33.0,2.646110635288954
2.0,2.0,0.3255433233481495
1.0,3.0,4.452336903436659
1.0,6.0,2.4079337242245114
0.0,3.0,0.7012977662433738
2.0,9.0,1.364620245173917
2.0,6.0,0.7063884500347551
2.0,7.0,1.0548390586386638
2.0,11.0,1.577980613330162
4.0,10.0,1.103648165339107
8.0,16.0,1.4977223120269016
9.0,33.0,2.646110635288954
1.0,2.0,0.3255433233481495
1.0,3.0,4.452336903436659
1.0,6.0,2.4079337242245114
1.0,3.0,0.7012977662433738
2.0,9.0,1.364620245173917
1.0,6.0,0.7063884500347551
3.0,7.0,1.0548390586386638
4.0,11.0,1.577980613330162
4.0,10.0,1.103648165339107
8.0,16.0,1.4977223120269016
12.0,33.0,2.646110635288954
2.0,2.0,0.3255433233481495
1.0,3.0,4.452336903436659
5.0,6.0,2.4079337242245114
2.0,3.0,0.7012977662433738
6.0,9.0,1.364620245173917
2.0,6.0,0.7063884500347551
3.0,7.0,1.0548390586386638
5.0,11.0,1.577980613330162
5.0,10.0,1.103648165339107
7.0,16.0,1.4977223120269016
11.0,33.0,2.646110635288954
1.0,2.0,0.3255433233481495
1.0,3.0,4.452336903436659
2.0,6.0,2.4079337242245114
1.0,3.0,0.7012977662433738
6.0,9.0,1.364620245173917
3.0,6.0,0.7063884500347551
5.0,7.0,1.0548390586386638
8.0,11.0,1.577980613330162
6.0,10.0,1.103648165339107
10.0,16.0,1.4977223120269016
17.0,33.0,2.646110635288954
1.0,2.0,0.3255433233481495
1.0,3.0,4.452336903436659
3.0,6.0,2.4079337242245114
2.0,3.0,0.7012977662433738
9.0,9.0,1.364620245173917
5.0,6.0,0.7063884500347551
6.0,7.0,1.0548390586386638
5.0,11.0,1.577980613330162
6.0,10.0,1.103648165339107
9.0,16.0,1.4977223120269016
30.0,33.0,2.646110635288954
2.0,2.0,0.3255433233481495
3.0,3.0,4.452336903436659
4.0,6.0,2.4079337242245114
3.0,3.0,0.7012977662433738
8.0,9.0,1.364620245173917
5.0,6.0,0.7063884500347551
7.0,7.0,1.0548390586386638
10.0,11.0,1.577980613330162
8.0,10.0,1.103648165339107
14.0,16.0,1.4977223120269016
23.0,33.0,2.646110635288954
2.0,2.0,0.3255433233481495
3.0,3.0,4.452336903436659
6.0,6.0,2.4079337242245114
1.0,3.0,0.7012977662433738
8.0,9.0,1.364620245173917
6.0,6.0,0.7063884500347551
6.0,7.0,1.0548390586386638
11.0,11.0,1.577980613330162
9.0,10.0,1.103648165339107
14.0,16.0,1.4977223120269016
32.0,33.0,2.646110635288954
2.0,2.0,0.3255433233481495
1.0,2.0,3.4063917699742507
1.0,3.0,1.9154947322315004
2.0,14.0,6.0088355439826
1.0,10.0,2.194011026139844
1.0,16.0,1.5934747407673884
0.0,2.0,0.47073971874086884
3.0,27.0,2.1826111661876424
7.0,63.0,3.337138838880975
5.0,31.0,0.9756807123229656
3.0,82.0,2.022869658134844
3.0,43.0,0.9440273894625095
1.0,2.0,3.4063917699742507
1.0,3.0,1.9154947322315004
3.0,14.0,6.0088355439826
2.0,10.0,2.194011026139844
1.0,16.0,1.5934747407673884
0.0,2.0,0.47073971874086884
7.0,27.0,2.1826111661876424
16.0,63.0,3.337138838880975
8.0,31.0,0.9756807123229656
10.0,82.0,2.022869658134844
13.0,43.0,0.9440273894625095
1.0,2.0,3.4063917699742507
2.0,3.0,1.9154947322315004
4.0,14.0,6.0088355439826
1.0,10.0,2.194011026139844
2.0,16.0,1.5934747407673884
2.0,2.0,0.47073971874086884
11.0,27.0,2.1826111661876424
12.0,63.0,3.337138838880975
6.0,31.0,0.9756807123229656
22.0,82.0,2.022869658134844
9.0,43.0,0.9440273894625095
2.0,2.0,3.4063917699742507
1.0,3.0,1.9154947322315004
8.0,14.0,6.0088355439826
5.0,10.0,2.194011026139844
9.0,16.0,1.5934747407673884
2.0,2.0,0.47073971874086884
10.0,27.0,2.1826111661876424
24.0,63.0,3.337138838880975
11.0,31.0,0.9756807123229656
39.0,82.0,2.022869658134844
14.0,43.0,0.9440273894625095
1.0,2.0,3.4063917699742507
2.0,3.0,1.9154947322315004
6.0,14.0,6.0088355439826
4.0,10.0,2.194011026139844
10.0,16.0,1.5934747407673884
1.0,2.0,0.47073971874086884
11.0,27.0,2.1826111661876424
34.0,63.0,3.337138838880975
19.0,31.0,0.9756807123229656
38.0,82.0,2.022869658134844
19.0,43.0,0.9440273894625095
1.0,2.0,3.4063917699742507
2.0,3.0,1.9154947322315004
6.0,14.0,6.0088355439826
8.0,10.0,2.194011026139844
12.0,16.0,1.5934747407673884
2.0,2.0,0.47073971874086884
21.0,27.0,2.1826111661876424
34.0,63.0,3.337138838880975
26.0,31.0,0.9756807123229656
52.0,82.0,2.022869658134844
23.0,43.0,0.9440273894625095
2.0,2.0,3.4063917699742507
3.0,3.0,1.9154947322315004
10.0,14.0,6.0088355439826
5.0,10.0,2.194011026139844
12.0,16.0,1.5934747407673884
2.0,2.0,0.47073971874086884
20.0,27.0,2.1826111661876424
56.0,63.0,3.337138838880975
23.0,31.0,0.9756807123229656
61.0,82.0,2.022869658134844
28.0,43.0,0.9440273894625095
2.0,2.0,3.4063917699742507
2.0,3.0,1.9154947322315004
13.0,14.0,6.0088355439826
9.0,10.0,2.194011026139844
13.0,16.0,1.5934747407673884
2.0,2.0,0.47073971874086884
21.0,27.0,2.1826111661876424
53.0,63.0,3.337138838880975
24.0,31.0,0.9756807123229656
70.0,82.0,2.022869658134844
39.0,43.0,0.9440273894625095
2.0,2.0,3.4063917699742507
3.0,3.0,1.9154947322315004
11.0,14.0,6.0088355439826
10.0,10.0,2.194011026139844
16.0,16.0,1.5934747407673884
2.0,2.0,0.47073971874086884
25.0,27.0,2.1826111661876424
56.0,63.0,3.337138838880975
26.0,31.0,0.9756807123229656
75.0,82.0,2.022869658134844
40.0,43.0,0.9440273894625095
1.0,4.0,8.298421735692745
2.0,6.0,3.1737443257134115
0.0,11.0,2.5709264867805706
3.0,7.0,1.4470467572402346
5.0,50.0,4.604873391969989
6.0,27.0,1.315743670929517
3.0,9.0,0.6023052154297537
5.0,45.0,2.1093530293176204
4.0,15.0,0.7842927935543509
2.0,49.0,1.862053203309848
2.0,52.0,1.6952775290537667
1.0,4.0,8.298421735692745
1.0,6.0,3.1737443257134115
1.0,11.0,2.5709264867805706
2.0,7.0,1.4470467572402346
10.0,50.0,4.604873391969989
3.0,27.0,1.315743670929517
0.0,9.0,0.6023052154297537
10.0,45.0,2.1093530293176204
4.0,15.0,0.7842927935543509
7.0,49.0,1.862053203309848
15.0,52.0,1.6952775290537667
3.0,4.0,8.298421735692745
1.0,6.0,3.1737443257134115
3.0,11.0,2.5709264867805706
4.0,7.0,1.4470467572402346
13.0,50.0,4.604873391969989
5.0,27.0,1.315743670929517
6.0,9.0,0.6023052154297537
12.0,45.0,2.1093530293176204
4.0,15.0,0.7842927935543509
12.0,49.0,1.862053203309848
14.0,52.0,1.6952775290537667
1.0,4.0,8.298421735692745
1.0,6.0,3.1737443257134115
5.0,11.0,2.5709264867805706
5.0,7.0,1.4470467572402346
23.0,50.0,4.604873391969989
11.0,27.0,1.315743670929517
3.0,9.0,0.6023052154297537
19.0,45.0,2.1093530293176204
4.0,15.0,0.7842927935543509
18.0,49.0,1.862053203309848
20.0,52.0,1.6952775290537667
2.0,4.0,8.298421735692745
2.0,6.0,3.1737443257134115
8.0,11.0,2.5709264867805706
3.0,7.0,1.4470467572402346
21.0,50.0,4.604873391969989
13.0,27.0,1.315743670929517
6.0,9.0,0.6023052154297537
22.0,45.0,2.1093530293176204
7.0,15.0,0.7842927935543509
26.0,49.0,1.862053203309848
29.0,52.0,1.6952775290537667
2.0,4.0,8.298421735692745
4.0,6.0,3.1737443257134115
9.0,11.0,2.5709264867805706
2.0,7.0,1.4470467572402346
31.0,50.0,4.604873391969989
19.0,27.0,1.315743670929517
6.0,9.0,0.6023052154297537
22.0,45.0,2.1093530293176204
8.0,15.0,0.7842927935543509
35.0,49.0,1.862053203309848
26.0,52.0,1.6952775290537667
3.0,4.0,8.298421735692745
4.0,6.0,3.1737443257134115
8.0,11.0,2.5709264867805706
3.0,7.0,1.4470467572402346
40.0,50.0,4.604873391969989
19.0,27.0,1.315743670929517
9.0,9.0,0.6023052154297537
28.0,45.0,2.1093530293176204
10.0,15.0,0.7842927935543509
28.0,49.0,1.862053203309848
38.0,52.0,1.6952775290537667
3.0,4.0,8.298421735692745
6.0,6.0,3.1737443257134115
9.0,11.0,2.5709264867805706
7.0,7.0,1.4470467572402346
41.0,50.0,4.604873391969989
22.0,27.0,1.315743670929517
7.0,9.0,0.6023052154297537
36.0,45.0,2.1093530293176204
12.0,15.0,0.7842927935543509
38.0,49.0,1.862053203309848
43.0,52.0,1.6952775290537667
4.0,4.0,8.298421735692745
5.0,6.0,3.1737443257134115
9.0,11.0,2.5709264867805706
6.0,7.0,1.4470467572402346
47.0,50.0,4.604873391969989
24.0,27.0,1.315743670929517
8.0,9.0,0.6023052154297537
41.0,45.0,2.1093530293176204
15.0,15.0,0.7842927935543509
45.0,49.0,1.862053203309848
48.0,52.0,1.6952775290537667
1.0,6.0,5.1716340786625326
2.0,9.0,2.7488510744186265
1.0,42.0,5.9807360506991465
3.0,32.0,1.9553180786996607
1.0,10.0,0.32491869406046237
5.0,53.0,2.106312656356972
1.0,13.0,0.26719903052582034
1.0,4.0,0.18750180433873273
0.0,3.0,0.10203747298329247
0.0,16.0,1.3887275448400402
0.0,5.0,0.3405746891497959
1.0,6.0,5.1716340786625326
2.0,9.0,2.7488510744186265
10.0,42.0,5.9807360506991465
5.0,32.0,1.9553180786996607
2.0,10.0,0.32491869406046237
9.0,53.0,2.106312656356972
3.0,13.0,0.26719903052582034
1.0,4.0,0.18750180433873273
1.0,3.0,0.10203747298329247
5.0,16.0,1.3887275448400402
1.0,5.0,0.3405746891497959
2.0,6.0,5.1716340786625326
3.0,9.0,2.7488510744186265
15.0,42.0,5.9807360506991465
9.0,32.0,1.9553180786996607
1.0,10.0,0.32491869406046237
22.0,53.0,2.106312656356972
4.0,13.0,0.26719903052582034
0.0,4.0,0.18750180433873273
1.0,3.0,0.10203747298329247
3.0,16.0,1.3887275448400402
2.0,5.0,0.3405746891497959
2.0,6.0,5.1716340786625326
2.0,9.0,2.7488510744186265
23.0,42.0,5.9807360506991465
17.0,32.0,1.9553180786996607
5.0,10.0,0.32491869406046237
23.0,53.0,2.106312656356972
7.0,13.0,0.26719903052582034
1.0,4.0,0.18750180433873273
2.0,3.0,0.10203747298329247
7.0,16.0,1.3887275448400402
2.0,5.0,0.3405746891497959
3.0,6.0,5.1716340786625326
2.0,9.0,2.7488510744186265
21.0,42.0,5.9807360506991465
17.0,32.0,1.9553180786996607
5.0,10.0,0.32491869406046237
32.0,53.0,2.106312656356972
6.0,13.0,0.26719903052582034
1.0,4.0,0.18750180433873273
1.0,3.0,0.10203747298329247
5.0,16.0,1.3887275448400402
3.0,5.0,0.3405746891497959
5.0,6.0,5.1716340786625326
6.0,9.0,2.7488510744186265
29.0,42.0,5.9807360506991465
20.0,32.0,1.9553180786996607
4.0,10.0,0.32491869406046237
23.0,53.0,2.106312656356972
9.0,13.0,0.26719903052582034
3.0,4.0,0.18750180433873273
1.0,3.0,0.10203747298329247
10.0,16.0,1.3887275448400402
5.0,5.0,0.3405746891497959
3.0,6.0,5.1716340786625326
6.0,9.0,2.7488510744186265
27.0,42.0,5.9807360506991465
23.0,32.0,1.9553180786996607
8.0,10.0,0.32491869406046237
37.0,53.0,2.106312656356972
12.0,13.0,0.26719903052582034
2.0,4.0,0.18750180433873273
2.0,3.0,0.10203747298329247
11.0,16.0,1.3887275448400402
5.0,5.0,0.3405746891497959
5.0,6.0,5.1716340786625326
7.0,9.0,2.7488510744186265
33.0,42.0,5.9807360506991465
30.0,32.0,1.9553180786996607
9.0,10.0,0.32491869406046237
44.0,53.0,2.106312656356972
10.0,13.0,0.26719903052582034
4.0,4.0,0.18750180433873273
2.0,3.0,0.10203747298329247
14.0,16.0,1.3887275448400402
3.0,5.0,0.3405746891497959
5.0,6.0,5.1716340786625326
8.0,9.0,2.7488510744186265
37.0,42.0,5.9807360506991465
30.0,32.0,1.9553180786996607
9.0,10.0,0.32491869406046237
46.0,53.0,2.106312656356972
10.0,13.0,0.26719903052582034
4.0,4.0,0.18750180433873273
2.0,3.0,0.10203747298329247
15.0,16.0,1.3887275448400402
5.0,5.0,0.3405746891497959
1.0,3.0,1.9967920030805053
1.0,6.0,2.4915669108174003
0.0,8.0,1.5295401672907156
6.0,51.0,10.012798370038075
2.0,11.0,0.5492876110547353
0.0,5.0,0.3648447036721753
3.0,9.0,0.3602595479738147
10.0,85.0,6.099759547509935
0.0,9.0,0.31138671516093047
3.0,43.0,0.9759411399534345
2.0,21.0,0.6149176545068852
1.0,3.0,1.9967920030805053
2.0,6.0,2.4915669108174003
3.0,8.0,1.5295401672907156
14.0,51.0,10.012798370038075
4.0,11.0,0.5492876110547353
2.0,5.0,0.3648447036721753
3.0,9.0,0.3602595479738147
18.0,85.0,6.099759547509935
3.0,9.0,0.31138671516093047
10.0,43.0,0.9759411399534345
3.0,21.0,0.6149176545068852
1.0,3.0,1.9967920030805053
1.0,6.0,2.4915669108174003
1.0,8.0,1.5295401672907156
16.0,51.0,10.012798370038075
5.0,11.0,0.5492876110547353
1.0,5.0,0.3648447036721753
2.0,9.0,0.3602595479738147
25.0,85.0,6.099759547509935
2.0,9.0,0.31138671516093047
10.0,43.0,0.9759411399534345
6.0,21.0,0.6149176545068852
1.0,3.0,1.9967920030805053
3.0,6.0,2.4915669108174003
3.0,8.0,1.5295401672907156
22.0,51.0,10.012798370038075
3.0,11.0,0.5492876110547353
3.0,5.0,0.3648447036721753
3.0,9.0,0.3602595479738147
39.0,85.0,6.099759547509935
5.0,9.0,0.31138671516093047
14.0,43.0,0.9759411399534345
6.0,21.0,0.6149176545068852
1.0,3.0,1.9967920030805053
4.0,6.0,2.4915669108174003
5.0,8.0,1.5295401672907156
21.0,51.0,10.012798370038075
5.0,11.0,0.5492876110547353
3.0,5.0,0.3648447036721753
5.0,9.0,0.3602595479738147
45.0,85.0,6.099759547509935
4.0,9.0,0.31138671516093047
22.0,43.0,0.9759411399534345
8.0,21.0,0.6149176545068852
2.0,3.0,1.9967920030805053
5.0,6.0,2.4915669108174003
5.0,8.0,1.5295401672907156
33.0,51.0,10.012798370038075
5.0,11.0,0.5492876110547353
4.0,5.0,0.3648447036721753
4.0,9.0,0.3602595479738147
46.0,85.0,6.099759547509935
6.0,9.0,0.31138671516093047
30.0,43.0,0.9759411399534345
11.0,21.0,0.6149176545068852
3.0,3.0,1.9967920030805053
4.0,6.0,2.4915669108174003
5.0,8.0,1.5295401672907156
33.0,51.0,10.012798370038075
7.0,11.0,0.5492876110547353
5.0,5.0,0.3648447036721753
5.0,9.0,0.3602595479738147
57.0,85.0,6.099759547509935
5.0,9.0,0.31138671516093047
33.0,43.0,0.9759411399534345
16.0,21.0,0.6149176545068852
3.0,3.0,1.9967920030805053
5.0,6.0,2.4915669108174003
7.0,8.0,1.5295401672907156
43.0,51.0,10.012798370038075
8.0,11.0,0.5492876110547353
5.0,5.0,0.3648447036721753
7.0,9.0,0.3602595479738147
70.0,85.0,6.099759547509935
7.0,9.0,0.31138671516093047
35.0,43.0,0.9759411399534345
17.0,21.0,0.6149176545068852
3.0,3.0,1.9967920030805053
5.0,6.0,2.4915669108174003
6.0,8.0,1.5295401672907156
45.0,51.0,10.012798370038075
10.0,11.0,0.5492876110547353
5.0,5.0,0.3648447036721753
8.0,9.0,0.3602595479738147
74.0,85.0,6.099759547509935
7.0,9.0,0.31138671516093047
41.0,43.0,0.9759411399534345
18.0,21.0,0.6149176545068852
3.0,3.0,6.769996580099675
1.0,16.0,11.175990037706422
1.0,4.0,0.4350599109122883
2.0,22.0,2.6347428050936657
4.0,36.0,3.0322700021353515
1.0,7.0,0.3034927067340859
7.0,54.0,2.6681824344353773
0.0,5.0,0.1402335976443462
2.0,58.0,2.2240302841522857
1.0,16.0,0.493410494988473
3.0,31.0,1.3721818246019266
1.0,3.0,6.769996580099675
2.0,16.0,11.175990037706422
0.0,4.0,0.4350599109122883
3.0,22.0,2.6347428050936657
8.0,36.0,3.0322700021353515
1.0,7.0,0.3034927067340859
13.0,54.0,2.6681824344353773
2.0,5.0,0.1402335976443462
11.0,58.0,2.2240302841522857
3.0,16.0,0.493410494988473
6.0,31.0,1.3721818246019266
1.0,3.0,6.769996580099675
4.0,16.0,11.175990037706422
3.0,4.0,0.4350599109122883
7.0,22.0,2.6347428050936657
13.0,36.0,3.0322700021353515
3.0,7.0,0.3034927067340859
16.0,54.0,2.6681824344353773
0.0,5.0,0.1402335976443462
22.0,58.0,2.2240302841522857
5.0,16.0,0.493410494988473
10.0,31.0,1.3721818246019266
1.0,3.0,6.769996580099675
9.0,16.0,11.175990037706422
2.0,4.0,0.4350599109122883
8.0,22.0,2.6347428050936657
13.0,36.0,3.0322700021353515
2.0,7.0,0.3034927067340859
25.0,54.0,2.6681824344353773
1.0,5.0,0.1402335976443462
18.0,58.0,2.2240302841522857
6.0,16.0,0.493410494988473
14.0,31.0,1.3721818246019266
2.0,3.0,6.769996580099675
8.0,16.0,11.175990037706422
1.0,4.0,0.4350599109122883
14.0,22.0,2.6347428050936657
20.0,36.0,3.0322700021353515
3.0,7.0,0.3034927067340859
33.0,54.0,2.6681824344353773
2.0,5.0,0.1402335976443462
35.0,58.0,2.2240302841522857
6.0,16.0,0.493410494988473
12.0,31.0,1.3721818246019266
2.0,3.0,6.769996580099675
9.0,16.0,11.175990037706422
3.0,4.0,0.4350599109122883
15.0,22.0,2.6347428050936657
20.0,36.0,3.0322700021353515
2.0,7.0,0.3034927067340859
26.0,54.0,2.6681824344353773
2.0,5.0,0.1402335976443462
36.0,58.0,2.2240302841522857
12.0,16.0,0.493410494988473
17.0,31.0,1.3721818246019266
2.0,3.0,6.769996580099675
11.0,16.0,11.175990037706422
4.0,4.0,0.4350599109122883
13.0,22.0,2.6347428050936657
27.0,36.0,3.0322700021353515
4.0,7.0,0.3034927067340859
42.0,54.0,2.6681824344353773
3.0,5.0,0.1402335976443462
40.0,58.0,2.2240302841522857
7.0,16.0,0.493410494988473
16.0,31.0,1.3721818246019266
3.0,3.0,6.769996580099675
14.0,16.0,11.175990037706422
3.0,4.0,0.4350599109122883
15.0,22.0,2.6347428050936657
30.0,36.0,3.0322700021353515
7.0,7.0,0.3034927067340859
47.0,54.0,2.6681824344353773
5.0,5.0,0.1402335976443462
46.0,58.0,2.2240302841522857
12.0,16.0,0.493410494988473
22.0,31.0,1.3721818246019266
3.0,3.0,6.769996580099675
16.0,16.0,11.175990037706422
4.0,4.0,0.4350599109122883
21.0,22.0,2.6347428050936657
30.0,36.0,3.0322700021353515
6.0,7.0,0.3034927067340859
47.0,54.0,2.6681824344353773
5.0,5.0,0.1402335976443462
50.0,58.0,2.2240302841522857
14.0,16.0,0.493410494988473
29.0,31.0,1.3721818246019266
1.0,7.0,13.23616903621126
1.0,14.0,5.265435369593374
1.0,22.0,3.9691742585158734
1.0,18.0,0.8460811507415893
2.0,21.0,0.9492606582672402
5.0,53.0,2.5198584237462467
0.0,2.0,0.08936715288908319
0.0,6.0,0.2414076970098679
5.0,48.0,2.95910295577157
5.0,30.0,1.1987208961267557
5.0,34.0,1.496539811195037
2.0,7.0,13.23616903621126
1.0,14.0,5.265435369593374
4.0,22.0,3.9691742585158734
3.0,18.0,0.8460811507415893
3.0,21.0,0.9492606582672402
9.0,53.0,2.5198584237462467
1.0,2.0,0.08936715288908319
1.0,6.0,0.2414076970098679
11.0,48.0,2.95910295577157
5.0,30.0,1.1987208961267557
9.0,34.0,1.496539811195037
1.0,7.0,13.23616903621126
6.0,14.0,5.265435369593374
4.0,22.0,3.9691742585158734
5.0,18.0,0.8460811507415893
5.0,21.0,0.9492606582672402
12.0,53.0,2.5198584237462467
1.0,2.0,0.08936715288908319
1.0,6.0,0.2414076970098679
15.0,48.0,2.95910295577157
7.0,30.0,1.1987208961267557
6.0,34.0,1.496539811195037
2.0,7.0,13.23616903621126
7.0,14.0,5.265435369593374
7.0,22.0,3.9691742585158734
5.0,18.0,0.8460811507415893
7.0,21.0,0.9492606582672402
23.0,53.0,2.5198584237462467
2.0,2.0,0.08936715288908319
3.0,6.0,0.2414076970098679
19.0,48.0,2.95910295577157
15.0,30.0,1.1987208961267557
14.0,34.0,1.496539811195037
4.0,7.0,13.23616903621126
11.0,14.0,5.265435369593374
17.0,22.0,3.9691742585158734
10.0,18.0,0.8460811507415893
13.0,21.0,0.9492606582672402
27.0,53.0,2.5198584237462467
1.0,2.0,0.08936715288908319
1.0,6.0,0.2414076970098679
26.0,48.0,2.95910295577157
19.0,30.0,1.1987208961267557
16.0,34.0,1.496539811195037
5.0,7.0,13.23616903621126
11.0,14.0,5.265435369593374
12.0,22.0,3.9691742585158734
13.0,18.0,0.8460811507415893
11.0,21.0,0.9492606582672402
33.0,53.0,2.5198584237462467
1.0,2.0,0.08936715288908319
6.0,6.0,0.2414076970098679
29.0,48.0,2.95910295577157
16.0,30.0,1.1987208961267557
17.0,34.0,1.496539811195037
5.0,7.0,13.23616903621126
11.0,14.0,5.265435369593374
20.0,22.0,3.9691742585158734
11.0,18.0,0.8460811507415893
15.0,21.0,0.9492606582672402
32.0,53.0,2.5198584237462467
1.0,2.0,0.08936715288908319
6.0,6.0,0.2414076970098679
36.0,48.0,2.95910295577157
23.0,30.0,1.1987208961267557
23.0,34.0,1.496539811195037
5.0,7.0,13.23616903621126
12.0,14.0,5.265435369593374
17.0,22.0,3.9691742585158734
15.0,18.0,0.8460811507415893
17.0,21.0,0.9492606582672402
40.0,53.0,2.5198584237462467
2.0,2.0,0.08936715288908319
5.0,6.0,0.2414076970098679
42.0,48.0,2.95910295577157
22.0,30.0,1.1987208961267557
28.0,34.0,1.496539811195037
6.0,7.0,13.23616903621126
12.0,14.0,5.265435369593374
17.0,22.0,3.9691742585158734
18.0,18.0,0.8460811507415893
19.0,21.0,0.9492606582672402
46.0,53.0,2.5198584237462467
2.0,2.0,0.08936715288908319
6.0,6.0,0.2414076970098679
45.0,48.0,2.95910295577157
26.0,30.0,1.1987208961267557
30.0,34.0,1.496539811195037
1.0,4.0,7.365554875874611
0.0,3.0,2.424470438809163
1.0,4.0,2.6082589293718916
0.0,10.0,2.407555117481748
3.0,25.0,4.070074418575899
2.0,27.0,2.237133316491148
1.0,9.0,0.9216836459315437
0.0,6.0,0.3469237024757527
1.0,4.0,0.535734402122922
3.0,31.0,2.04971260725796
1.0,17.0,1.0978460497478248
1.0,4.0,7.365554875874611
1.0,3.0,2.424470438809163
1.0,4.0,2.6082589293718916
1.0,10.0,2.407555117481748
5.0,25.0,4.070074418575899
7.0,27.0,2.237133316491148
1.0,9.0,0.9216836459315437
1.0,6.0,0.3469237024757527
2.0,4.0,0.535734402122922
9.0,31.0,2.04971260725796
3.0,17.0,1.0978460497478248
1.0,4.0,7.365554875874611
2.0,3.0,2.424470438809163
2.0,4.0,2.6082589293718916
4.0,10.0,2.407555117481748
7.0,25.0,4.070074418575899
10.0,27.0,2.237133316491148
4.0,9.0,0.9216836459315437
2.0,6.0,0.3469237024757527
1.0,4.0,0.535734402122922
10.0,31.0,2.04971260725796
7.0,17.0,1.0978460497478248
1.0,4.0,7.365554875874611
3.0,3.0,2.424470438809163
1.0,4.0,2.6082589293718916
4.0,10.0,2.407555117481748
12.0,25.0,4.070074418575899
11.0,27.0,2.237133316491148
7.0,9.0,0.9216836459315437
3.0,6.0,0.3469237024757527
2.0,4.0,0.535734402122922
14.0,31.0,2.04971260725796
5.0,17.0,1.0978460497478248
1.0,4.0,7.365554875874611
3.0,3.0,2.424470438809163
2.0,4.0,2.6082589293718916
5.0,10.0,2.407555117481748
10.0,25.0,4.070074418575899
17.0,27.0,2.237133316491148
7.0,9.0,0.9216836459315437
4.0,6.0,0.3469237024757527
4.0,4.0,0.535734402122922
16.0,31.0,2.04971260725796
7.0,17.0,1.0978460497478248
3.0,4.0,7.365554875874611
1.0,3.0,2.424470438809163
4.0,4.0,2.6082589293718916
8.0,10.0,2.407555117481748
17.0,25.0,4.070074418575899
15.0,27.0,2.237133316491148
7.0,9.0,0.9216836459315437
2.0,6.0,0.3469237024757527
2.0,4.0,0.535734402122922
16.0,31.0,2.04971260725796
10.0,17.0,1.0978460497478248
3.0,4.0,7.365554875874611
2.0,3.0,2.424470438809163
2.0,4.0,2.6082589293718916
4.0,10.0,2.407555117481748
16.0,25.0,4.070074418575899
19.0,27.0,2.237133316491148
8.0,9.0,0.9216836459315437
4.0,6.0,0.3469237024757527
3.0,4.0,0.535734402122922
24.0,31.0,2.04971260725796
12.0,17.0,1.0978460497478248
4.0,4.0,7.365554875874611
1.0,3.0,2.424470438809163
4.0,4.0,2.6082589293718916
10.0,10.0,2.407555117481748
21.0,25.0,4.070074418575899
22.0,27.0,2.237133316491148
7.0,9.0,0.9216836459315437
4.0,6.0,0.3469237024757527
4.0,4.0,0.535734402122922
26.0,31.0,2.04971260725796
16.0,17.0,1.0978460497478248
3.0,4.0,7.365554875874611
2.0,3.0,2.424470438809163
2.0,4.0,2.6082589293718916
9.0,10.0,2.407555117481748
24.0,25.0,4.070074418575899
26.0,27.0,2.237133316491148
9.0,9.0,0.9216836459315437
6.0,6.0,0.3469237024757527
4.0,4.0,0.535734402122922
29.0,31.0,2.04971260725796
16.0,17.0,1.0978460497478248
1.0,4.0,6.06840400643383
0.0,8.0,4.616027061853952
1.0,6.0,1.8041719941061698
1.0,17.0,1.9588959914661963
3.0,12.0,1.2931407979368144
2.0,10.0,1.2428508107303153
7.0,54.0,4.0607259452279765
3.0,33.0,1.747985741716525
4.0,44.0,1.3231188592336127
1.0,5.0,0.31842724129374855
0.0,3.0,0.13162494366158875
1.0,4.0,6.06840400643383
1.0,8.0,4.616027061853952
2.0,6.0,1.8041719941061698
3.0,17.0,1.9588959914661963
0.0,12.0,1.2931407979368144
1.0,10.0,1.2428508107303153
10.0,54.0,4.0607259452279765
3.0,33.0,1.747985741716525
6.0,44.0,1.3231188592336127
3.0,5.0,0.31842724129374855
0.0,3.0,0.13162494366158875
2.0,4.0,6.06840400643383
4.0,8.0,4.616027061853952
2.0,6.0,1.8041719941061698
3.0,17.0,1.9588959914661963
5.0,12.0,1.2931407979368144
1.0,10.0,1.2428508107303153
14.0,54.0,4.0607259452279765
15.0,33.0,1.747985741716525
15.0,44.0,1.3231188592336127
1.0,5.0,0.31842724129374855
2.0,3.0,0.13162494366158875
1.0,4.0,6.06840400643383
3.0,8.0,4.616027061853952
2.0,6.0,1.8041719941061698
7.0,17.0,1.9588959914661963
5.0,12.0,1.2931407979368144
5.0,10.0,1.2428508107303153
20.0,54.0,4.0607259452279765
14.0,33.0,1.747985741716525
15.0,44.0,1.3231188592336127
4.0,5.0,0.31842724129374855
2.0,3.0,0.13162494366158875
2.0,4.0,6.06840400643383
6.0,8.0,4.616027061853952
2.0,6.0,1.8041719941061698
7.0,17.0,1.9588959914661963
6.0,12.0,1.2931407979368144
5.0,10.0,1.2428508107303153
27.0,54.0,4.0607259452279765
11.0,33.0,1.747985741716525
24.0,44.0,1.3231188592336127
2.0,5.0,0.31842724129374855
1.0,3.0,0.13162494366158875
1.0,4.0,6.06840400643383
5.0,8.0,4.616027061853952
3.0,6.0,1.8041719941061698
11.0,17.0,1.9588959914661963
10.0,12.0,1.2931407979368144
8.0,10.0,1.2428508107303153
29.0,54.0,4.0607259452279765
18.0,33.0,1.747985741716525
31.0,44.0,1.3231188592336127
3.0,5.0,0.31842724129374855
1.0,3.0,0.13162494366158875
4.0,4.0,6.06840400643383
6.0,8.0,4.616027061853952
5.0,6.0,1.8041719941061698
12.0,17.0,1.9588959914661963
9.0,12.0,1.2931407979368144
7.0,10.0,1.2428508107303153
39.0,54.0,4.0607259452279765
24.0,33.0,1.747985741716525
32.0,44.0,1.3231188592336127
4.0,5.0,0.31842724129374855
2.0,3.0,0.13162494366158875
2.0,4.0,6.06840400643383
6.0,8.0,4.616027061853952
4.0,6.0,1.8041719941061698
15.0,17.0,1.9588959914661963
10.0,12.0,1.2931407979368144
8.0,10.0,1.2428508107303153
43.0,54.0,4.0607259452279765
25.0,33.0,1.747985741716525
29.0,44.0,1.3231188592336127
4.0,5.0,0.31842724129374855
2.0,3.0,0.13162494366158875
4.0,4.0,6.06840400643383
8.0,8.0,4.616027061853952
6.0,6.0,1.8041719941061698
14.0,17.0,1.9588959914661963
11.0,12.0,1.2931407979368144
9.0,10.0,1.2428508107303153
49.0,54.0,4.0607259452279765
29.0,33.0,1.747985741716525
43.0,44.0,1.3231188592336127
4.0,5.0,0.31842724129374855
2.0,3.0,0.13162494366158875
1.0,3.0,4.365886624151684
4.0,10.0,6.807386944859682
2.0,21.0,4.407919373302629
1.0,6.0,0.9804231534163562
0.0,19.0,1.3024071179590389
2.0,14.0,1.041268802939565
1.0,23.0,1.7758351715250082
5.0,44.0,2.6624681154487284
4.0,42.0,1.43672081350662
2.0,21.0,0.6737341585682597
2.0,15.0,0.5385615151297034
1.0,3.0,4.365886624151684
2.0,10.0,6.807386944859682
2.0,21.0,4.407919373302629
0.0,6.0,0.9804231534163562
5.0,19.0,1.3024071179590389
3.0,14.0,1.041268802939565
6.0,23.0,1.7758351715250082
10.0,44.0,2.6624681154487284
7.0,42.0,1.43672081350662
5.0,21.0,0.6737341585682597
2.0,15.0,0.5385615151297034
2.0,3.0,4.365886624151684
4.0,10.0,6.807386944859682
7.0,21.0,4.407919373302629
1.0,6.0,0.9804231534163562
8.0,19.0,1.3024071179590389
4.0,14.0,1.041268802939565
6.0,23.0,1.7758351715250082
13.0,44.0,2.6624681154487284
7.0,42.0,1.43672081350662
6.0,21.0,0.6737341585682597
5.0,15.0,0.5385615151297034
2.0,3.0,4.365886624151684
3.0,10.0,6.807386944859682
8.0,21.0,4.407919373302629
3.0,6.0,0.9804231534163562
7.0,19.0,1.3024071179590389
5.0,14.0,1.041268802939565
9.0,23.0,1.7758351715250082
16.0,44.0,2.6624681154487284
17.0,42.0,1.43672081350662
4.0,21.0,0.6737341585682597
8.0,15.0,0.5385615151297034
1.0,3.0,4.365886624151684
5.0,10.0,6.807386944859682
12.0,21.0,4.407919373302629
2.0,6.0,0.9804231534163562
12.0,19.0,1.3024071179590389
9.0,14.0,1.041268802939565
11.0,23.0,1.7758351715250082
18.0,44.0,2.6624681154487284
28.0,42.0,1.43672081350662
12.0,21.0,0.6737341585682597
8.0,15.0,0.5385615151297034
1.0,3.0,4.365886624151684
7.0,10.0,6.807386944859682
13.0,21.0,4.407919373302629
3.0,6.0,0.9804231534163562
12.0,19.0,1.3024071179590389
8.0,14.0,1.041268802939565
15.0,23.0,1.7758351715250082
24.0,44.0,2.6624681154487284
23.0,42.0,1.43672081350662
13.0,21.0,0.6737341585682597
10.0,15.0,0.5385615151297034
3.0,3.0,4.365886624151684
7.0,10.0,6.807386944859682
16.0,21.0,4.407919373302629
5.0,6.0,0.9804231534163562
14.0,19.0,1.3024071179590389
12.0,14.0,1.041268802939565
17.0,23.0,1.7758351715250082
35.0,44.0,2.6624681154487284
28.0,42.0,1.43672081350662
12.0,21.0,0.6737341585682597
12.0,15.0,0.5385615151297034
1.0,3.0,4.365886624151684
9.0,10.0,6.807386944859682
19.0,21.0,4.407919373302629
6.0,6.0,0.9804231534163562
14.0,19.0,1.3024071179590389
9.0,14.0,1.041268802939565
17.0,23.0,1.7758351715250082
33.0,44.0,2.6624681154487284
35.0,42.0,1.43672081350662
19.0,21.0,0.6737341585682597
12.0,15.0,0.5385615151297034
2.0,3.0,4.365886624151684
10.0,10.0,6.807386944859682
20.0,21.0,4.407919373302629
6.0,6.0,0.9804231534163562
16.0,19.0,1.3024071179590389
10.0,14.0,1.041268802939565
22.0,23.0,1.7758351715250082
41.0,44.0,2.6624681154487284
39.0,42.0,1.43672081350662
18.0,21.0,0.6737341585682597
14.0,15.0,0.5385615151297034
1.0,4.0,4.649124096520397
3.0,5.0,3.686517256729496
1.0,14.0,3.7495111370925773
9.0,35.0,4.456860429656649
1.0,29.0,1.2847177033413986
1.0,14.0,0.5351740319044973
4.0,31.0,1.2168829503012006
1.0,11.0,0.4531867587389321
5.0,71.0,2.4452557737561462
5.0,31.0,0.8134620107773947
2.0,29.0,0.7416524343672689
1.0,4.0,4.649124096520397
2.0,5.0,3.686517256729496
0.0,14.0,3.7495111370925773
6.0,35.0,4.456860429656649
7.0,29.0,1.2847177033413986
1.0,14.0,0.5351740319044973
13.0,31.0,1.2168829503012006
4.0,11.0,0.4531867587389321
12.0,71.0,2.4452557737561462
7.0,31.0,0.8134620107773947
7.0,29.0,0.7416524343672689
1.0,4.0,4.649124096520397
1.0,5.0,3.686517256729496
2.0,14.0,3.7495111370925773
14.0,35.0,4.456860429656649
8.0,29.0,1.2847177033413986
4.0,14.0,0.5351740319044973
9.0,31.0,1.2168829503012006
3.0,11.0,0.4531867587389321
21.0,71.0,2.4452557737561462
8.0,31.0,0.8134620107773947
9.0,29.0,0.7416524343672689
1.0,4.0,4.649124096520397
1.0,5.0,3.686517256729496
7.0,14.0,3.7495111370925773
18.0,35.0,4.456860429656649
10.0,29.0,1.2847177033413986
6.0,14.0,0.5351740319044973
12.0,31.0,1.2168829503012006
3.0,11.0,0.4531867587389321
33.0,71.0,2.4452557737561462
11.0,31.0,0.8134620107773947
13.0,29.0,0.7416524343672689
1.0,4.0,4.649124096520397
1.0,5.0,3.686517256729496
6.0,14.0,3.7495111370925773
19.0,35.0,4.456860429656649
11.0,29.0,1.2847177033413986
7.0,14.0,0.5351740319044973
17.0,31.0,1.2168829503012006
4.0,11.0,0.4531867587389321
45.0,71.0,2.4452557737561462
16.0,31.0,0.8134620107773947
17.0,29.0,0.7416524343672689
3.0,4.0,4.649124096520397
1.0,5.0,3.686517256729496
10.0,14.0,3.7495111370925773
21.0,35.0,4.456860429656649
12.0,29.0,1.2847177033413986
6.0,14.0,0.5351740319044973
19.0,31.0,1.2168829503012006
6.0,11.0,0.4531867587389321
42.0,71.0,2.4452557737561462
19.0,31.0,0.8134620107773947
15.0,29.0,0.7416524343672689
2.0,4.0,4.649124096520397
3.0,5.0,3.686517256729496
10.0,14.0,3.7495111370925773
27.0,35.0,4.456860429656649
18.0,29.0,1.2847177033413986
12.0,14.0,0.5351740319044973
21.0,31.0,1.2168829503012006
9.0,11.0,0.4531867587389321
39.0,71.0,2.4452557737561462
24.0,31.0,0.8134620107773947
24.0,29.0,0.7416524343672689
3.0,4.0,4.649124096520397
4.0,5.0,3.686517256729496
12.0,14.0,3.7495111370925773
29.0,35.0,4.456860429656649
23.0,29.0,1.2847177033413986
10.0,14.0,0.5351740319044973
21.0,31.0,1.2168829503012006
9.0,11.0,0.4531867587389321
54.0,71.0,2.4452557737561462
26.0,31.0,0.8134620107773947
22.0,29.0,0.7416524343672689
4.0,4.0,4.649124096520397
5.0,5.0,3.686517256729496
13.0,14.0,3.7495111370925773
28.0,35.0,4.456860429656649
23.0,29.0,1.2847177033413986
11.0,14.0,0.5351740319044973
30.0,31.0,1.2168829503012006
10.0,11.0,0.4531867587389321
63.0,71.0,2.4452557737561462
28.0,31.0,0.8134620107773947
28.0,29.0,0.7416524343672689
1.0,2.0,2.7527030084348993
0.0,9.0,5.412620536961406
5.0,23.0,6.5746557340403164
2.0,43.0,2.6144524501866084
5.0,57.0,2.405214976946744
6.0,52.0,1.567500420262033
1.0,18.0,0.23395396336645602
2.0,14.0,0.3122189280522291
16.0,83.0,2.628237202349771
10.0,102.0,2.511630948282919
5.0,38.0,0.8788461448669445
1.0,2.0,2.7527030084348993
0.0,9.0,5.412620536961406
4.0,23.0,6.5746557340403164
8.0,43.0,2.6144524501866084
11.0,57.0,2.405214976946744
7.0,52.0,1.567500420262033
7.0,18.0,0.23395396336645602
1.0,14.0,0.3122189280522291
16.0,83.0,2.628237202349771
20.0,102.0,2.511630948282919
10.0,38.0,0.8788461448669445
1.0,2.0,2.7527030084348993
4.0,9.0,5.412620536961406
10.0,23.0,6.5746557340403164
14.0,43.0,2.6144524501866084
21.0,57.0,2.405214976946744
13.0,52.0,1.567500420262033
6.0,18.0,0.23395396336645602
7.0,14.0,0.3122189280522291
25.0,83.0,2.628237202349771
34.0,102.0,2.511630948282919
14.0,38.0,0.8788461448669445
1.0,2.0,2.7527030084348993
3.0,9.0,5.412620536961406
10.0,23.0,6.5746557340403164
16.0,43.0,2.6144524501866084
24.0,57.0,2.405214976946744
22.0,52.0,1.567500420262033
5.0,18.0,0.23395396336645602
2.0,14.0,0.3122189280522291
26.0,83.0,2.628237202349771
38.0,102.0,2.511630948282919
13.0,38.0,0.8788461448669445
1.0,2.0,2.7527030084348993
5.0,9.0,5.412620536961406
11.0,23.0,6.5746557340403164
17.0,43.0,2.6144524501866084
34.0,57.0,2.405214976946744
23.0,52.0,1.567500420262033
12.0,18.0,0.23395396336645602
6.0,14.0,0.3122189280522291
49.0,83.0,2.628237202349771
55.0,102.0,2.511630948282919
19.0,38.0,0.8788461448669445
1.0,2.0,2.7527030084348993
4.0,9.0,5.412620536961406
17.0,23.0,6.5746557340403164
27.0,43.0,2.6144524501866084
38.0,57.0,2.405214976946744
28.0,52.0,1.567500420262033
11.0,18.0,0.23395396336645602
8.0,14.0,0.3122189280522291
45.0,83.0,2.628237202349771
58.0,102.0,2.511630948282919
25.0,38.0,0.8788461448669445
2.0,2.0,2.7527030084348993
6.0,9.0,5.412620536961406
19.0,23.0,6.5746557340403164
32.0,43.0,2.6144524501866084
38.0,57.0,2.405214976946744
40.0,52.0,1.567500420262033
15.0,18.0,0.23395396336645602
10.0,14.0,0.3122189280522291
55.0,83.0,2.628237202349771
70.0,102.0,2.511630948282919
24.0,38.0,0.8788461448669445
2.0,2.0,2.7527030084348993
8.0,9.0,5.412620536961406
16.0,23.0,6.5746557340403164
35.0,43.0,2.6144524501866084
43.0,57.0,2.405214976946744
44.0,52.0,1.567500420262033
14.0,18.0,0.23395396336645602
9.0,14.0,0.3122189280522291
63.0,83.0,2.628237202349771
82.0,102.0,2.511630948282919
23.0,38.0,0.8788461448669445
2.0,2.0,2.7527030084348993
9.0,9.0,5.412620536961406
18.0,23.0,6.5746557340403164
40.0,43.0,2.6144524501866084
53.0,57.0,2.405214976946744
43.0,52.0,1.567500420262033
17.0,18.0,0.23395396336645602
11.0,14.0,0.3122189280522291
72.0,83.0,2.628237202349771
89.0,102.0,2.511630948282919
31.0,38.0,0.8788461448669445
4.0,6.0,3.845603789038143
1.0,6.0,2.315330985424426
0.0,15.0,3.791753989474636
1.0,6.0,0.88064591806203
1.0,26.0,2.1627354628098883
1.0,6.0,0.4276708612610684
6.0,20.0,1.8591775943161801
4.0,55.0,2.6897523095812033
1.0,24.0,0.8467172825450987
7.0,58.0,1.932048218094062
3.0,40.0,0.9650262471065529
4.0,6.0,3.845603789038143
3.0,6.0,2.315330985424426
1.0,15.0,3.791753989474636
1.0,6.0,0.88064591806203
7.0,26.0,2.1627354628098883
1.0,6.0,0.4276708612610684
4.0,20.0,1.8591775943161801
11.0,55.0,2.6897523095812033
5.0,24.0,0.8467172825450987
13.0,58.0,1.932048218094062
5.0,40.0,0.9650262471065529
4.0,6.0,3.845603789038143
1.0,6.0,2.315330985424426
1.0,15.0,3.791753989474636
1.0,6.0,0.88064591806203
10.0,26.0,2.1627354628098883
2.0,6.0,0.4276708612610684
6.0,20.0,1.8591775943161801
13.0,55.0,2.6897523095812033
8.0,24.0,0.8467172825450987
19.0,58.0,1.932048218094062
12.0,40.0,0.9650262471065529
1.0,6.0,3.845603789038143
3.0,6.0,2.315330985424426
2.0,15.0,3.791753989474636
3.0,6.0,0.88064591806203
12.0,26.0,2.1627354628098883
2.0,6.0,0.4276708612610684
7.0,20.0,1.8591775943161801
17.0,55.0,2.6897523095812033
13.0,24.0,0.8467172825450987
22.0,58.0,1.932048218094062
17.0,40.0,0.9650262471065529
1.0,6.0,3.845603789038143
5.0,6.0,2.315330985424426
5.0,15.0,3.791753989474636
3.0,6.0,0.88064591806203
11.0,26.0,2.1627354628098883
3.0,6.0,0.4276708612610684
12.0,20.0,1.8591775943161801
24.0,55.0,2.6897523095812033
10.0,24.0,0.8467172825450987
35.0,58.0,1.932048218094062
21.0,40.0,0.9650262471065529
6.0,6.0,3.845603789038143
5.0,6.0,2.315330985424426
9.0,15.0,3.791753989474636
4.0,6.0,0.88064591806203
14.0,26.0,2.1627354628098883
3.0,6.0,0.4276708612610684
11.0,20.0,1.8591775943161801
31.0,55.0,2.6897523095812033
15.0,24.0,0.8467172825450987
38.0,58.0,1.932048218094062
18.0,40.0,0.9650262471065529
1.0,6.0,3.845603789038143
6.0,6.0,2.315330985424426
11.0,15.0,3.791753989474636
2.0,6.0,0.88064591806203
19.0,26.0,2.1627354628098883
5.0,6.0,0.4276708612610684
15.0,20.0,1.8591775943161801
41.0,55.0,2.6897523095812033
20.0,24.0,0.8467172825450987
45.0,58.0,1.932048218094062
26.0,40.0,0.9650262471065529
6.0,6.0,3.845603789038143
4.0,6.0,2.315330985424426
12.0,15.0,3.791753989474636
5.0,6.0,0.88064591806203
24.0,26.0,2.1627354628098883
5.0,6.0,0.4276708612610684
18.0,20.0,1.8591775943161801
36.0,55.0,2.6897523095812033
22.0,24.0,0.8467172825450987
48.0,58.0,1.932048218094062
31.0,40.0,0.9650262471065529
5.0,6.0,3.845603789038143
6.0,6.0,2.315330985424426
15.0,15.0,3.791753989474636
6.0,6.0,0.88064591806203
23.0,26.0,2.1627354628098883
5.0,6.0,0.4276708612610684
18.0,20.0,1.8591775943161801
51.0,55.0,2.6897523095812033
21.0,24.0,0.8467172825450987
52.0,58.0,1.932048218094062
38.0,40.0,0.9650262471065529
1.0,12.0,7.821688872440139
3.0,16.0,5.2822229807445495
0.0,8.0,1.0091157888325115
2.0,5.0,0.7278876976743964
1.0,13.0,2.576673626604289
1.0,24.0,2.7153960218905757
1.0,21.0,0.94295247579008
3.0,26.0,1.2143296591931458
5.0,40.0,1.628261154177303
3.0,35.0,1.504955531056752
0.0,8.0,0.34983484470075704
2.0,12.0,7.821688872440139
4.0,16.0,5.2822229807445495
3.0,8.0,1.0091157888325115
0.0,5.0,0.7278876976743964
3.0,13.0,2.576673626604289
4.0,24.0,2.7153960218905757
3.0,21.0,0.94295247579008
6.0,26.0,1.2143296591931458
7.0,40.0,1.628261154177303
3.0,35.0,1.504955531056752
0.0,8.0,0.34983484470075704
2.0,12.0,7.821688872440139
6.0,16.0,5.2822229807445495
2.0,8.0,1.0091157888325115
2.0,5.0,0.7278876976743964
4.0,13.0,2.576673626604289
9.0,24.0,2.7153960218905757
5.0,21.0,0.94295247579008
7.0,26.0,1.2143296591931458
14.0,40.0,1.628261154177303
13.0,35.0,1.504955531056752
3.0,8.0,0.34983484470075704
4.0,12.0,7.821688872440139
7.0,16.0,5.2822229807445495
2.0,8.0,1.0091157888325115
2.0,5.0,0.7278876976743964
1.0,13.0,2.576673626604289
4.0,24.0,2.7153960218905757
10.0,21.0,0.94295247579008
10.0,26.0,1.2143296591931458
18.0,40.0,1.628261154177303
17.0,35.0,1.504955531056752
3.0,8.0,0.34983484470075704
4.0,12.0,7.821688872440139
9.0,16.0,5.2822229807445495
6.0,8.0,1.0091157888325115
1.0,5.0,0.7278876976743964
4.0,13.0,2.576673626604289
10.0,24.0,2.7153960218905757
6.0,21.0,0.94295247579008
15.0,26.0,1.2143296591931458
24.0,40.0,1.628261154177303
18.0,35.0,1.504955531056752
4.0,8.0,0.34983484470075704
8.0,12.0,7.821688872440139
13.0,16.0,5.2822229807445495
2.0,8.0,1.0091157888325115
3.0,5.0,0.7278876976743964
8.0,13.0,2.576673626604289
15.0,24.0,2.7153960218905757
12.0,21.0,0.94295247579008
19.0,26.0,1.2143296591931458
22.0,40.0,1.628261154177303
19.0,35.0,1.504955531056752
5.0,8.0,0.34983484470075704
8.0,12.0,7.821688872440139
10.0,16.0,5.2822229807445495
3.0,8.0,1.0091157888325115
3.0,5.0,0.7278876976743964
7.0,13.0,2.576673626604289
18.0,24.0,2.7153960218905757
13.0,21.0,0.94295247579008
21.0,26.0,1.2143296591931458
27.0,40.0,1.628261154177303
23.0,35.0,1.504955531056752
6.0,8.0,0.34983484470075704
8.0,12.0,7.821688872440139
11.0,16.0,5.2822229807445495
4.0,8.0,1.0091157888325115
5.0,5.0,0.7278876976743964
12.0,13.0,2.576673626604289
18.0,24.0,2.7153960218905757
16.0,21.0,0.94295247579008
18.0,26.0,1.2143296591931458
30.0,40.0,1.628261154177303
29.0,35.0,1.504955531056752
8.0,8.0,0.34983484470075704
12.0,12.0,7.821688872440139
16.0,16.0,5.2822229807445495
7.0,8.0,1.0091157888325115
5.0,5.0,0.7278876976743964
12.0,13.0,2.576673626604289
18.0,24.0,2.7153960218905757
19.0,21.0,0.94295247579008
22.0,26.0,1.2143296591931458
40.0,40.0,1.628261154177303
31.0,35.0,1.504955531056752
8.0,8.0,0.34983484470075704
1.0,2.0,0.2433271782927083
0.0,2.0,2.248869958812834
1.0,8.0,3.515353662347728
3.0,24.0,4.869842564839699
0.0,2.0,0.31135035116609566
1.0,13.0,1.1100626903966233
0.0,23.0,2.434020406024111
3.0,20.0,1.0994497180930731
3.0,30.0,2.3386755848175165
15.0,96.0,3.6793413330743685
1.0,5.0,0.07979256849610439
1.0,2.0,0.2433271782927083
2.0,2.0,2.248869958812834
1.0,8.0,3.515353662347728
6.0,24.0,4.869842564839699
1.0,2.0,0.31135035116609566
2.0,13.0,1.1100626903966233
3.0,23.0,2.434020406024111
5.0,20.0,1.0994497180930731
4.0,30.0,2.3386755848175165
21.0,96.0,3.6793413330743685
1.0,5.0,0.07979256849610439
1.0,2.0,0.2433271782927083
1.0,2.0,2.248869958812834
2.0,8.0,3.515353662347728
11.0,24.0,4.869842564839699
0.0,2.0,0.31135035116609566
3.0,13.0,1.1100626903966233
8.0,23.0,2.434020406024111
8.0,20.0,1.0994497180930731
10.0,30.0,2.3386755848175165
29.0,96.0,3.6793413330743685
3.0,5.0,0.07979256849610439
2.0,2.0,0.2433271782927083
1.0,2.0,2.248869958812834
3.0,8.0,3.515353662347728
16.0,24.0,4.869842564839699
1.0,2.0,0.31135035116609566
7.0,13.0,1.1100626903966233
9.0,23.0,2.434020406024111
8.0,20.0,1.0994497180930731
9.0,30.0,2.3386755848175165
44.0,96.0,3.6793413330743685
4.0,5.0,0.07979256849610439
1.0,2.0,0.2433271782927083
2.0,2.0,2.248869958812834
4.0,8.0,3.515353662347728
16.0,24.0,4.869842564839699
1.0,2.0,0.31135035116609566
6.0,13.0,1.1100626903966233
9.0,23.0,2.434020406024111
11.0,20.0,1.0994497180930731
20.0,30.0,2.3386755848175165
46.0,96.0,3.6793413330743685
3.0,5.0,0.07979256849610439
1.0,2.0,0.2433271782927083
1.0,2.0,2.248869958812834
4.0,8.0,3.515353662347728
11.0,24.0,4.869842564839699
1.0,2.0,0.31135035116609566
9.0,13.0,1.1100626903966233
14.0,23.0,2.434020406024111
9.0,20.0,1.0994497180930731
16.0,30.0,2.3386755848175165
56.0,96.0,3.6793413330743685
4.0,5.0,0.07979256849610439
2.0,2.0,0.2433271782927083
2.0,2.0,2.248869958812834
6.0,8.0,3.515353662347728
14.0,24.0,4.869842564839699
1.0,2.0,0.31135035116609566
11.0,13.0,1.1100626903966233
15.0,23.0,2.434020406024111
15.0,20.0,1.0994497180930731
23.0,30.0,2.3386755848175165
71.0,96.0,3.6793413330743685
4.0,5.0,0.07979256849610439
1.0,2.0,0.2433271782927083
1.0,2.0,2.248869958812834
7.0,8.0,3.515353662347728
19.0,24.0,4.869842564839699
2.0,2.0,0.31135035116609566
9.0,13.0,1.1100626903966233
20.0,23.0,2.434020406024111
15.0,20.0,1.0994497180930731
20.0,30.0,2.3386755848175165
75.0,96.0,3.6793413330743685
4.0,5.0,0.07979256849610439
2.0,2.0,0.2433271782927083
2.0,2.0,2.248869958812834
7.0,8.0,3.515353662347728
19.0,24.0,4.869842564839699
2.0,2.0,0.31135035116609566
11.0,13.0,1.1100626903966233
23.0,23.0,2.434020406024111
19.0,20.0,1.0994497180930731
29.0,30.0,2.3386755848175165
84.0,96.0,3.6793413330743685
5.0,5.0,0.07979256849610439
1.0,3.0,2.5232712352000415
1.0,7.0,6.8217021758577685
0.0,6.0,3.196570254733704
4.0,15.0,3.4063286690599965
10.0,31.0,2.4079467064050437
10.0,92.0,5.00633998604673
2.0,39.0,0.7672238471077765
11.0,87.0,1.6115297414265906
2.0,17.0,0.3047877041366734
9.0,105.0,2.100263581471875
2.0,29.0,0.5429705875339991
1.0,3.0,2.5232712352000415
3.0,7.0,6.8217021758577685
1.0,6.0,3.196570254733704
4.0,15.0,3.4063286690599965
5.0,31.0,2.4079467064050437
14.0,92.0,5.00633998604673
6.0,39.0,0.7672238471077765
21.0,87.0,1.6115297414265906
4.0,17.0,0.3047877041366734
16.0,105.0,2.100263581471875
6.0,29.0,0.5429705875339991
2.0,3.0,2.5232712352000415
4.0,7.0,6.8217021758577685
3.0,6.0,3.196570254733704
8.0,15.0,3.4063286690599965
11.0,31.0,2.4079467064050437
25.0,92.0,5.00633998604673
8.0,39.0,0.7672238471077765
33.0,87.0,1.6115297414265906
6.0,17.0,0.3047877041366734
28.0,105.0,2.100263581471875
11.0,29.0,0.5429705875339991
1.0,3.0,2.5232712352000415
2.0,7.0,6.8217021758577685
3.0,6.0,3.196570254733704
8.0,15.0,3.4063286690599965
8.0,31.0,2.4079467064050437
36.0,92.0,5.00633998604673
16.0,39.0,0.7672238471077765
35.0,87.0,1.6115297414265906
6.0,17.0,0.3047877041366734
43.0,105.0,2.100263581471875
14.0,29.0,0.5429705875339991
2.0,3.0,2.5232712352000415
6.0,7.0,6.8217021758577685
2.0,6.0,3.196570254733704
7.0,15.0,3.4063286690599965
13.0,31.0,2.4079467064050437
44.0,92.0,5.00633998604673
20.0,39.0,0.7672238471077765
48.0,87.0,1.6115297414265906
11.0,17.0,0.3047877041366734
52.0,105.0,2.100263581471875
13.0,29.0,0.5429705875339991
3.0,3.0,2.5232712352000415
5.0,7.0,6.8217021758577685
5.0,6.0,3.196570254733704
7.0,15.0,3.4063286690599965
18.0,31.0,2.4079467064050437
54.0,92.0,5.00633998604673
23.0,39.0,0.7672238471077765
50.0,87.0,1.6115297414265906
6.0,17.0,0.3047877041366734
59.0,105.0,2.100263581471875
18.0,29.0,0.5429705875339991
2.0,3.0,2.5232712352000415
4.0,7.0,6.8217021758577685
2.0,6.0,3.196570254733704
11.0,15.0,3.4063286690599965
26.0,31.0,2.4079467064050437
69.0,92.0,5.00633998604673
26.0,39.0,0.7672238471077765
59.0,87.0,1.6115297414265906
8.0,17.0,0.3047877041366734
76.0,105.0,2.100263581471875
20.0,29.0,0.5429705875339991
2.0,3.0,2.5232712352000415
6.0,7.0,6.8217021758577685
4.0,6.0,3.196570254733704
10.0,15.0,3.4063286690599965
23.0,31.0,2.4079467064050437
73.0,92.0,5.00633998604673
28.0,39.0,0.7672238471077765
69.0,87.0,1.6115297414265906
13.0,17.0,0.3047877041366734
87.0,105.0,2.100263581471875
24.0,29.0,0.5429705875339991
3.0,3.0,2.5232712352000415
7.0,7.0,6.8217021758577685
4.0,6.0,3.196570254733704
14.0,15.0,3.4063286690599965
30.0,31.0,2.4079467064050437
84.0,92.0,5.00633998604673
34.0,39.0,0.7672238471077765
81.0,87.0,1.6115297414265906
13.0,17.0,0.3047877041366734
97.0,105.0,2.100263581471875
27.0,29.0,0.5429705875339991
1.0,3.0,4.1687695969998355
0.0,5.0,3.7708119453525626
1.0,9.0,3.606812485764536
1.0,17.0,2.9897054563804564
0.0,4.0,0.8421292854749264
5.0,23.0,3.033321809315367
2.0,14.0,1.5673368241023469
0.0,4.0,0.14077341991625583
1.0,31.0,2.3114407684762788
4.0,48.0,2.5372072047952026
1.0,18.0,0.7543097670446872
1.0,3.0,4.1687695969998355
2.0,5.0,3.7708119453525626
4.0,9.0,3.606812485764536
4.0,17.0,2.9897054563804564
1.0,4.0,0.8421292854749264
5.0,23.0,3.033321809315367
2.0,14.0,1.5673368241023469
1.0,4.0,0.14077341991625583
6.0,31.0,2.3114407684762788
6.0,48.0,2.5372072047952026
3.0,18.0,0.7543097670446872
1.0,3.0,4.1687695969998355
2.0,5.0,3.7708119453525626
4.0,9.0,3.606812485764536
8.0,17.0,2.9897054563804564
0.0,4.0,0.8421292854749264
4.0,23.0,3.033321809315367
9.0,14.0,1.5673368241023469
1.0,4.0,0.14077341991625583
8.0,31.0,2.3114407684762788
13.0,48.0,2.5372072047952026
6.0,18.0,0.7543097670446872
1.0,3.0,4.1687695969998355
4.0,5.0,3.7708119453525626
5.0,9.0,3.606812485764536
9.0,17.0,2.9897054563804564
2.0,4.0,0.8421292854749264
9.0,23.0,3.033321809315367
9.0,14.0,1.5673368241023469
2.0,4.0,0.14077341991625583
10.0,31.0,2.3114407684762788
16.0,48.0,2.5372072047952026
4.0,18.0,0.7543097670446872
3.0,3.0,4.1687695969998355
3.0,5.0,3.7708119453525626
3.0,9.0,3.606812485764536
12.0,17.0,2.9897054563804564
2.0,4.0,0.8421292854749264
10.0,23.0,3.033321809315367
7.0,14.0,1.5673368241023469
2.0,4.0,0.14077341991625583
19.0,31.0,2.3114407684762788
29.0,48.0,2.5372072047952026
10.0,18.0,0.7543097670446872
2.0,3.0,4.1687695969998355
4.0,5.0,3.7708119453525626
7.0,9.0,3.606812485764536
10.0,17.0,2.9897054563804564
4.0,4.0,0.8421292854749264
14.0,23.0,3.033321809315367
6.0,14.0,1.5673368241023469
3.0,4.0,0.14077341991625583
18.0,31.0,2.3114407684762788
23.0,48.0,2.5372072047952026
14.0,18.0,0.7543097670446872
2.0,3.0,4.1687695969998355
4.0,5.0,3.7708119453525626
6.0,9.0,3.606812485764536
11.0,17.0,2.9897054563804564
4.0,4.0,0.8421292854749264
13.0,23.0,3.033321809315367
6.0,14.0,1.5673368241023469
4.0,4.0,0.14077341991625583
19.0,31.0,2.3114407684762788
34.0,48.0,2.5372072047952026
14.0,18.0,0.7543097670446872
3.0,3.0,4.1687695969998355
3.0,5.0,3.7708119453525626
9.0,9.0,3.606812485764536
14.0,17.0,2.9897054563804564
4.0,4.0,0.8421292854749264
18.0,23.0,3.033321809315367
10.0,14.0,1.5673368241023469
4.0,4.0,0.14077341991625583
26.0,31.0,2.3114407684762788
39.0,48.0,2.5372072047952026
17.0,18.0,0.7543097670446872
3.0,3.0,4.1687695969998355
4.0,5.0,3.7708119453525626
9.0,9.0,3.606812485764536
15.0,17.0,2.9897054563804564
4.0,4.0,0.8421292854749264
18.0,23.0,3.033321809315367
13.0,14.0,1.5673368241023469
4.0,4.0,0.14077341991625583
26.0,31.0,2.3114407684762788
45.0,48.0,2.5372072047952026
17.0,18.0,0.7543097670446872
1.0,7.0,11.953931672596694
1.0,3.0,0.8436849172721
1.0,13.0,3.5044530013235375
4.0,53.0,6.495221654103828
1.0,9.0,0.31726670429246073
2.0,26.0,0.9222332720285705
2.0,24.0,0.8326546103754365
2.0,13.0,0.8350965774764145
1.0,8.0,0.5542227923478876
9.0,43.0,3.111667665484744
4.0,38.0,1.442636428389922
3.0,7.0,11.953931672596694
0.0,3.0,0.8436849172721
1.0,13.0,3.5044530013235375
15.0,53.0,6.495221654103828
1.0,9.0,0.31726670429246073
8.0,26.0,0.9222332720285705
7.0,24.0,0.8326546103754365
4.0,13.0,0.8350965774764145
2.0,8.0,0.5542227923478876
8.0,43.0,3.111667665484744
7.0,38.0,1.442636428389922
2.0,7.0,11.953931672596694
1.0,3.0,0.8436849172721
4.0,13.0,3.5044530013235375
12.0,53.0,6.495221654103828
3.0,9.0,0.31726670429246073
8.0,26.0,0.9222332720285705
9.0,24.0,0.8326546103754365
3.0,13.0,0.8350965774764145
2.0,8.0,0.5542227923478876
10.0,43.0,3.111667665484744
10.0,38.0,1.442636428389922
3.0,7.0,11.953931672596694
0.0,3.0,0.8436849172721
4.0,13.0,3.5044530013235375
23.0,53.0,6.495221654103828
2.0,9.0,0.31726670429246073
9.0,26.0,0.9222332720285705
10.0,24.0,0.8326546103754365
6.0,13.0,0.8350965774764145
3.0,8.0,0.5542227923478876
15.0,43.0,3.111667665484744
14.0,38.0,1.442636428389922
3.0,7.0,11.953931672596694
3.0,3.0,0.8436849172721
8.0,13.0,3.5044530013235375
33.0,53.0,6.495221654103828
4.0,9.0,0.31726670429246073
11.0,26.0,0.9222332720285705
14.0,24.0,0.8326546103754365
10.0,13.0,0.8350965774764145
0.0,8.0,0.5542227923478876
24.0,43.0,3.111667665484744
12.0,38.0,1.442636428389922
1.0,7.0,11.953931672596694
2.0,3.0,0.8436849172721
6.0,13.0,3.5044530013235375
28.0,53.0,6.495221654103828
5.0,9.0,0.31726670429246073
17.0,26.0,0.9222332720285705
16.0,24.0,0.8326546103754365
4.0,13.0,0.8350965774764145
5.0,8.0,0.5542227923478876
25.0,43.0,3.111667665484744
20.0,38.0,1.442636428389922
4.0,7.0,11.953931672596694
2.0,3.0,0.8436849172721
7.0,13.0,3.5044530013235375
33.0,53.0,6.495221654103828
7.0,9.0,0.31726670429246073
16.0,26.0,0.9222332720285705
19.0,24.0,0.8326546103754365
10.0,13.0,0.8350965774764145
4.0,8.0,0.5542227923478876
25.0,43.0,3.111667665484744
28.0,38.0,1.442636428389922
5.0,7.0,11.953931672596694
1.0,3.0,0.8436849172721
10.0,13.0,3.5044530013235375
41.0,53.0,6.495221654103828
8.0,9.0,0.31726670429246073
22.0,26.0,0.9222332720285705
22.0,24.0,0.8326546103754365
10.0,13.0,0.8350965774764145
6.0,8.0,0.5542227923478876
33.0,43.0,3.111667665484744
33.0,38.0,1.442636428389922
6.0,7.0,11.953931672596694
2.0,3.0,0.8436849172721
11.0,13.0,3.5044530013235375
45.0,53.0,6.495221654103828
8.0,9.0,0.31726670429246073
20.0,26.0,0.9222332720285705
20.0,24.0,0.8326546103754365
11.0,13.0,0.8350965774764145
8.0,8.0,0.5542227923478876
39.0,43.0,3.111667665484744
34.0,38.0,1.442636428389922
1.0,6.0,5.340877886026728
1.0,12.0,4.759592104313675
1.0,25.0,2.897556535380647
7.0,14.0,1.4292745474412696
2.0,11.0,0.8817124840190855
1.0,12.0,0.4726888944034459
2.0,28.0,1.5180102456733506
0.0,5.0,0.294738277894144
6.0,99.0,5.550555686128032
4.0,74.0,1.6663210988903059
3.0,10.0,0.3479815177454167
2.0,6.0,5.340877886026728
2.0,12.0,4.759592104313675
9.0,25.0,2.897556535380647
3.0,14.0,1.4292745474412696
1.0,11.0,0.8817124840190855
3.0,12.0,0.4726888944034459
3.0,28.0,1.5180102456733506
0.0,5.0,0.294738277894144
18.0,99.0,5.550555686128032
19.0,74.0,1.6663210988903059
3.0,10.0,0.3479815177454167
1.0,6.0,5.340877886026728
4.0,12.0,4.759592104313675
6.0,25.0,2.897556535380647
2.0,14.0,1.4292745474412696
5.0,11.0,0.8817124840190855
3.0,12.0,0.4726888944034459
4.0,28.0,1.5180102456733506
1.0,5.0,0.294738277894144
29.0,99.0,5.550555686128032
23.0,74.0,1.6663210988903059
6.0,10.0,0.3479815177454167
2.0,6.0,5.340877886026728
3.0,12.0,4.759592104313675
17.0,25.0,2.897556535380647
8.0,14.0,1.4292745474412696
5.0,11.0,0.8817124840190855
7.0,12.0,0.4726888944034459
9.0,28.0,1.5180102456733506
2.0,5.0,0.294738277894144
41.0,99.0,5.550555686128032
38.0,74.0,1.6663210988903059
5.0,10.0,0.3479815177454167
2.0,6.0,5.340877886026728
6.0,12.0,4.759592104313675
10.0,25.0,2.897556535380647
8.0,14.0,1.4292745474412696
4.0,11.0,0.8817124840190855
5.0,12.0,0.4726888944034459
11.0,28.0,1.5180102456733506
3.0,5.0,0.294738277894144
45.0,99.0,5.550555686128032
40.0,74.0,1.6663210988903059
6.0,10.0,0.3479815177454167
4.0,6.0,5.340877886026728
8.0,12.0,4.759592104313675
16.0,25.0,2.897556535380647
7.0,14.0,1.4292745474412696
6.0,11.0,0.8817124840190855
10.0,12.0,0.4726888944034459
14.0,28.0,1.5180102456733506
2.0,5.0,0.294738277894144
56.0,99.0,5.550555686128032
46.0,74.0,1.6663210988903059
9.0,10.0,0.3479815177454167
1.0,6.0,5.340877886026728
10.0,12.0,4.759592104313675
18.0,25.0,2.897556535380647
7.0,14.0,1.4292745474412696
5.0,11.0,0.8817124840190855
8.0,12.0,0.4726888944034459
20.0,28.0,1.5180102456733506
4.0,5.0,0.294738277894144
68.0,99.0,5.550555686128032
51.0,74.0,1.6663210988903059
6.0,10.0,0.3479815177454167
5.0,6.0,5.340877886026728
11.0,12.0,4.759592104313675
22.0,25.0,2.897556535380647
12.0,14.0,1.4292745474412696
9.0,11.0,0.8817124840190855
6.0,12.0,0.4726888944034459
23.0,28.0,1.5180102456733506
3.0,5.0,0.294738277894144
70.0,99.0,5.550555686128032
54.0,74.0,1.6663210988903059
10.0,10.0,0.3479815177454167
6.0,6.0,5.340877886026728
10.0,12.0,4.759592104313675
24.0,25.0,2.897556535380647
12.0,14.0,1.4292745474412696
8.0,11.0,0.8817124840190855
12.0,12.0,0.4726888944034459
25.0,28.0,1.5180102456733506
5.0,5.0,0.294738277894144
91.0,99.0,5.550555686128032
63.0,74.0,1.6663210988903059
9.0,10.0,0.3479815177454167
1.0,4.0,2.645612240650909
0.0,2.0,0.9934792688820435
4.0,7.0,3.7822100287434015
4.0,25.0,5.730824925929671
2.0,10.0,1.2489344347590319
2.0,14.0,0.8759810956301216
3.0,55.0,2.897482442239374
3.0,28.0,1.0091967777499216
1.0,24.0,0.5899144148229981
5.0,58.0,1.6768535810784453
3.0,36.0,0.6486977865139165
1.0,4.0,2.645612240650909
0.0,2.0,0.9934792688820435
1.0,7.0,3.7822100287434015
1.0,25.0,5.730824925929671
2.0,10.0,1.2489344347590319
4.0,14.0,0.8759810956301216
15.0,55.0,2.897482442239374
4.0,28.0,1.0091967777499216
4.0,24.0,0.5899144148229981
10.0,58.0,1.6768535810784453
11.0,36.0,0.6486977865139165
1.0,4.0,2.645612240650909
2.0,2.0,0.9934792688820435
3.0,7.0,3.7822100287434015
6.0,25.0,5.730824925929671
2.0,10.0,1.2489344347590319
2.0,14.0,0.8759810956301216
13.0,55.0,2.897482442239374
8.0,28.0,1.0091967777499216
5.0,24.0,0.5899144148229981
16.0,58.0,1.6768535810784453
11.0,36.0,0.6486977865139165
3.0,4.0,2.645612240650909
1.0,2.0,0.9934792688820435
1.0,7.0,3.7822100287434015
11.0,25.0,5.730824925929671
7.0,10.0,1.2489344347590319
9.0,14.0,0.8759810956301216
18.0,55.0,2.897482442239374
8.0,28.0,1.0091967777499216
12.0,24.0,0.5899144148229981
24.0,58.0,1.6768535810784453
13.0,36.0,0.6486977865139165
2.0,4.0,2.645612240650909
0.0,2.0,0.9934792688820435
5.0,7.0,3.7822100287434015
14.0,25.0,5.730824925929671
7.0,10.0,1.2489344347590319
9.0,14.0,0.8759810956301216
24.0,55.0,2.897482442239374
9.0,28.0,1.0091967777499216
11.0,24.0,0.5899144148229981
31.0,58.0,1.6768535810784453
21.0,36.0,0.6486977865139165
4.0,4.0,2.645612240650909
1.0,2.0,0.9934792688820435
3.0,7.0,3.7822100287434015
14.0,25.0,5.730824925929671
6.0,10.0,1.2489344347590319
8.0,14.0,0.8759810956301216
38.0,55.0,2.897482442239374
18.0,28.0,1.0091967777499216
14.0,24.0,0.5899144148229981
38.0,58.0,1.6768535810784453
19.0,36.0,0.6486977865139165
3.0,4.0,2.645612240650909
1.0,2.0,0.9934792688820435
6.0,7.0,3.7822100287434015
21.0,25.0,5.730824925929671
8.0,10.0,1.2489344347590319
9.0,14.0,0.8759810956301216
39.0,55.0,2.897482442239374
21.0,28.0,1.0091967777499216
14.0,24.0,0.5899144148229981
40.0,58.0,1.6768535810784453
24.0,36.0,0.6486977865139165
4.0,4.0,2.645612240650909
1.0,2.0,0.9934792688820435
5.0,7.0,3.7822100287434015
22.0,25.0,5.730824925929671
6.0,10.0,1.2489344347590319
10.0,14.0,0.8759810956301216
42.0,55.0,2.897482442239374
20.0,28.0,1.0091967777499216
19.0,24.0,0.5899144148229981
43.0,58.0,1.6768535810784453
33.0,36.0,0.6486977865139165
3.0,4.0,2.645612240650909
2.0,2.0,0.9934792688820435
5.0,7.0,3.7822100287434015
21.0,25.0,5.730824925929671
9.0,10.0,1.2489344347590319
14.0,14.0,0.8759810956301216
48.0,55.0,2.897482442239374
27.0,28.0,1.0091967777499216
20.0,24.0,0.5899144148229981
55.0,58.0,1.6768535810784453
33.0,36.0,0.6486977865139165
2.0,4.0,18.292991570264615
1.0,13.0,8.034442738369794
0.0,2.0,0.39229182361465087
3.0,27.0,4.128203655683729
2.0,12.0,0.8170298153045561
5.0,48.0,2.8962361272636374
4.0,27.0,1.0475798353708126
7.0,96.0,2.700436081721263
3.0,19.0,0.3511883067773897
2.0,19.0,0.55799428517172
1.0,6.0,0.24440715226825002
1.0,4.0,18.292991570264615
3.0,13.0,8.034442738369794
0.0,2.0,0.39229182361465087
4.0,27.0,4.128203655683729
2.0,12.0,0.8170298153045561
9.0,48.0,2.8962361272636374
3.0,27.0,1.0475798353708126
20.0,96.0,2.700436081721263
2.0,19.0,0.3511883067773897
4.0,19.0,0.55799428517172
1.0,6.0,0.24440715226825002
2.0,4.0,18.292991570264615
5.0,13.0,8.034442738369794
1.0,2.0,0.39229182361465087
11.0,27.0,4.128203655683729
1.0,12.0,0.8170298153045561
18.0,48.0,2.8962361272636374
10.0,27.0,1.0475798353708126
31.0,96.0,2.700436081721263
6.0,19.0,0.3511883067773897
5.0,19.0,0.55799428517172
2.0,6.0,0.24440715226825002
1.0,4.0,18.292991570264615
6.0,13.0,8.034442738369794
1.0,2.0,0.39229182361465087
12.0,27.0,4.128203655683729
4.0,12.0,0.8170298153045561
24.0,48.0,2.8962361272636374
10.0,27.0,1.0475798353708126
40.0,96.0,2.700436081721263
8.0,19.0,0.3511883067773897
6.0,19.0,0.55799428517172
2.0,6.0,0.24440715226825002
4.0,4.0,18.292991570264615
4.0,13.0,8.034442738369794
1.0,2.0,0.39229182361465087
13.0,27.0,4.128203655683729
7.0,12.0,0.8170298153045561
22.0,48.0,2.8962361272636374
11.0,27.0,1.0475798353708126
46.0,96.0,2.700436081721263
9.0,19.0,0.3511883067773897
11.0,19.0,0.55799428517172
4.0,6.0,0.24440715226825002
3.0,4.0,18.292991570264615
12.0,13.0,8.034442738369794
2.0,2.0,0.39229182361465087
19.0,27.0,4.128203655683729
8.0,12.0,0.8170298153045561
30.0,48.0,2.8962361272636374
19.0,27.0,1.0475798353708126
59.0,96.0,2.700436081721263
11.0,19.0,0.3511883067773897
15.0,19.0,0.55799428517172
2.0,6.0,0.24440715226825002
2.0,4.0,18.292991570264615
9.0,13.0,8.034442738369794
1.0,2.0,0.39229182361465087
23.0,27.0,4.128203655683729
10.0,12.0,0.8170298153045561
33.0,48.0,2.8962361272636374
20.0,27.0,1.0475798353708126
75.0,96.0,2.700436081721263
14.0,19.0,0.3511883067773897
11.0,19.0,0.55799428517172
4.0,6.0,0.24440715226825002
3.0,4.0,18.292991570264615
10.0,13.0,8.034442738369794
2.0,2.0,0.39229182361465087
20.0,27.0,4.128203655683729
9.0,12.0,0.8170298153045561
35.0,48.0,2.8962361272636374
21.0,27.0,1.0475798353708126
78.0,96.0,2.700436081721263
16.0,19.0,0.3511883067773897
15.0,19.0,0.55799428517172
4.0,6.0,0.24440715226825002
4.0,4.0,18.292991570264615
12.0,13.0,8.034442738369794
2.0,2.0,0.39229182361465087
24.0,27.0,4.128203655683729
10.0,12.0,0.8170298153045561
47.0,48.0,2.8962361272636374
24.0,27.0,1.0475798353708126
85.0,96.0,2.700436081721263
19.0,19.0,0.3511883067773897
19.0,19.0,0.55799428517172
6.0,6.0,0.24440715226825002
1.0,5.0,8.266507766538997
1.0,8.0,2.6035962295540918
3.0,18.0,2.4935765687298477
2.0,16.0,1.9499026020013277
0.0,1.0,0.1288849321918247
2.0,21.0,2.946984952022814
5.0,48.0,2.7803807234697437
4.0,38.0,1.9393660432668574
5.0,31.0,1.23751065090846
13.0,105.0,2.7490454253553684
3.0,27.0,0.4948932017888518
2.0,5.0,8.266507766538997
1.0,8.0,2.6035962295540918
2.0,18.0,2.4935765687298477
6.0,16.0,1.9499026020013277
0.0,1.0,0.1288849321918247
4.0,21.0,2.946984952022814
7.0,48.0,2.7803807234697437
5.0,38.0,1.9393660432668574
8.0,31.0,1.23751065090846
18.0,105.0,2.7490454253553684
9.0,27.0,0.4948932017888518
1.0,5.0,8.266507766538997
1.0,8.0,2.6035962295540918
7.0,18.0,2.4935765687298477
4.0,16.0,1.9499026020013277
1.0,1.0,0.1288849321918247
10.0,21.0,2.946984952022814
11.0,48.0,2.7803807234697437
12.0,38.0,1.9393660432668574
11.0,31.0,1.23751065090846
36.0,105.0,2.7490454253553684
3.0,27.0,0.4948932017888518
2.0,5.0,8.266507766538997
4.0,8.0,2.6035962295540918
6.0,18.0,2.4935765687298477
7.0,16.0,1.9499026020013277
0.0,1.0,0.1288849321918247
9.0,21.0,2.946984952022814
19.0,48.0,2.7803807234697437
21.0,38.0,1.9393660432668574
14.0,31.0,1.23751065090846
37.0,105.0,2.7490454253553684
12.0,27.0,0.4948932017888518
2.0,5.0,8.266507766538997
4.0,8.0,2.6035962295540918
10.0,18.0,2.4935765687298477
10.0,16.0,1.9499026020013277
1.0,1.0,0.1288849321918247
14.0,21.0,2.946984952022814
23.0,48.0,2.7803807234697437
25.0,38.0,1.9393660432668574
18.0,31.0,1.23751065090846
51.0,105.0,2.7490454253553684
12.0,27.0,0.4948932017888518
3.0,5.0,8.266507766538997
5.0,8.0,2.6035962295540918
13.0,18.0,2.4935765687298477
11.0,16.0,1.9499026020013277
1.0,1.0,0.1288849321918247
16.0,21.0,2.946984952022814
31.0,48.0,2.7803807234697437
18.0,38.0,1.9393660432668574
18.0,31.0,1.23751065090846
68.0,105.0,2.7490454253553684
14.0,27.0,0.4948932017888518
3.0,5.0,8.266507766538997
6.0,8.0,2.6035962295540918
14.0,18.0,2.4935765687298477
12.0,16.0,1.9499026020013277
0.0,1.0,0.1288849321918247
14.0,21.0,2.946984952022814
34.0,48.0,2.7803807234697437
29.0,38.0,1.9393660432668574
21.0,31.0,1.23751065090846
69.0,105.0,2.7490454253553684
21.0,27.0,0.4948932017888518
3.0,5.0,8.266507766538997
4.0,8.0,2.6035962295540918
17.0,18.0,2.4935765687298477
13.0,16.0,1.9499026020013277
1.0,1.0,0.1288849321918247
19.0,21.0,2.946984952022814
41.0,48.0,2.7803807234697437
33.0,38.0,1.9393660432668574
27.0,31.0,1.23751065090846
84.0,105.0,2.7490454253553684
19.0,27.0,0.4948932017888518
2.0,5.0,8.266507766538997
5.0,8.0,2.6035962295540918
16.0,18.0,2.4935765687298477
16.0,16.0,1.9499026020013277
1.0,1.0,0.1288849321918247
21.0,21.0,2.946984952022814
39.0,48.0,2.7803807234697437
34.0,38.0,1.9393660432668574
26.0,31.0,1.23751065090846
90.0,105.0,2.7490454253553684
27.0,27.0,0.4948932017888518
2.0,4.0,4.692325693778819
0.0,4.0,1.3615047645173453
8.0,39.0,7.517540169501599
0.0,6.0,0.3688808271179038
1.0,7.0,0.6992624552327946
8.0,39.0,2.4991624302938695
5.0,30.0,1.2662520873041885
5.0,24.0,0.6899379477546557
1.0,5.0,0.28413814990143954
1.0,15.0,0.6037616373556477
1.0,22.0,1.3189861777653262
1.0,4.0,4.692325693778819
1.0,4.0,1.3615047645173453
11.0,39.0,7.517540169501599
2.0,6.0,0.3688808271179038
3.0,7.0,0.6992624552327946
8.0,39.0,2.4991624302938695
7.0,30.0,1.2662520873041885
7.0,24.0,0.6899379477546557
2.0,5.0,0.28413814990143954
1.0,15.0,0.6037616373556477
4.0,22.0,1.3189861777653262
1.0,4.0,4.692325693778819
1.0,4.0,1.3615047645173453
12.0,39.0,7.517540169501599
3.0,6.0,0.3688808271179038
0.0,7.0,0.6992624552327946
10.0,39.0,2.4991624302938695
9.0,30.0,1.2662520873041885
7.0,24.0,0.6899379477546557
1.0,5.0,0.28413814990143954
5.0,15.0,0.6037616373556477
5.0,22.0,1.3189861777653262
3.0,4.0,4.692325693778819
2.0,4.0,1.3615047645173453
12.0,39.0,7.517540169501599
4.0,6.0,0.3688808271179038
5.0,7.0,0.6992624552327946
19.0,39.0,2.4991624302938695
10.0,30.0,1.2662520873041885
8.0,24.0,0.6899379477546557
1.0,5.0,0.28413814990143954
9.0,15.0,0.6037616373556477
8.0,22.0,1.3189861777653262
1.0,4.0,4.692325693778819
1.0,4.0,1.3615047645173453
21.0,39.0,7.517540169501599
3.0,6.0,0.3688808271179038
6.0,7.0,0.6992624552327946
21.0,39.0,2.4991624302938695
10.0,30.0,1.2662520873041885
11.0,24.0,0.6899379477546557
4.0,5.0,0.28413814990143954
9.0,15.0,0.6037616373556477
7.0,22.0,1.3189861777653262
3.0,4.0,4.692325693778819
2.0,4.0,1.3615047645173453
23.0,39.0,7.517540169501599
3.0,6.0,0.3688808271179038
2.0,7.0,0.6992624552327946
24.0,39.0,2.4991624302938695
16.0,30.0,1.2662520873041885
15.0,24.0,0.6899379477546557
3.0,5.0,0.28413814990143954
7.0,15.0,0.6037616373556477
12.0,22.0,1.3189861777653262
3.0,4.0,4.692325693778819
3.0,4.0,1.3615047645173453
26.0,39.0,7.517540169501599
3.0,6.0,0.3688808271179038
6.0,7.0,0.6992624552327946
32.0,39.0,2.4991624302938695
23.0,30.0,1.2662520873041885
21.0,24.0,0.6899379477546557
4.0,5.0,0.28413814990143954
11.0,15.0,0.6037616373556477
17.0,22.0,1.3189861777653262
4.0,4.0,4.692325693778819
3.0,4.0,1.3615047645173453
31.0,39.0,7.517540169501599
4.0,6.0,0.3688808271179038
7.0,7.0,0.6992624552327946
30.0,39.0,2.4991624302938695
23.0,30.0,1.2662520873041885
15.0,24.0,0.6899379477546557
4.0,5.0,0.28413814990143954
13.0,15.0,0.6037616373556477
20.0,22.0,1.3189861777653262
4.0,4.0,4.692325693778819
3.0,4.0,1.3615047645173453
36.0,39.0,7.517540169501599
6.0,6.0,0.3688808271179038
4.0,7.0,0.6992624552327946
35.0,39.0,2.4991624302938695
27.0,30.0,1.2662520873041885
23.0,24.0,0.6899379477546557
5.0,5.0,0.28413814990143954
12.0,15.0,0.6037616373556477
21.0,22.0,1.3189861777653262
2.0,7.0,10.983471754010694
3.0,34.0,12.03075019524515
1.0,11.0,1.155839589193796
7.0,48.0,2.3972734284637474
4.0,54.0,2.095159130675292
4.0,82.0,2.407970134434291
9.0,93.0,1.3927698867322171
3.0,14.0,0.11955362413452962
2.0,9.0,0.16521452658853905
15.0,98.0,2.239190551375261
6.0,33.0,0.8966117740842704
2.0,7.0,10.983471754010694
8.0,34.0,12.03075019524515
2.0,11.0,1.155839589193796
12.0,48.0,2.3972734284637474
15.0,54.0,2.095159130675292
18.0,82.0,2.407970134434291
19.0,93.0,1.3927698867322171
1.0,14.0,0.11955362413452962
4.0,9.0,0.16521452658853905
13.0,98.0,2.239190551375261
7.0,33.0,0.8966117740842704
1.0,7.0,10.983471754010694
7.0,34.0,12.03075019524515
3.0,11.0,1.155839589193796
18.0,48.0,2.3972734284637474
17.0,54.0,2.095159130675292
28.0,82.0,2.407970134434291
31.0,93.0,1.3927698867322171
6.0,14.0,0.11955362413452962
4.0,9.0,0.16521452658853905
28.0,98.0,2.239190551375261
14.0,33.0,0.8966117740842704
3.0,7.0,10.983471754010694
16.0,34.0,12.03075019524515
4.0,11.0,1.155839589193796
16.0,48.0,2.3972734284637474
18.0,54.0,2.095159130675292
36.0,82.0,2.407970134434291
39.0,93.0,1.3927698867322171
3.0,14.0,0.11955362413452962
5.0,9.0,0.16521452658853905
37.0,98.0,2.239190551375261
10.0,33.0,0.8966117740842704
5.0,7.0,10.983471754010694
18.0,34.0,12.03075019524515
9.0,11.0,1.155839589193796
23.0,48.0,2.3972734284637474
24.0,54.0,2.095159130675292
42.0,82.0,2.407970134434291
45.0,93.0,1.3927698867322171
6.0,14.0,0.11955362413452962
4.0,9.0,0.16521452658853905
58.0,98.0,2.239190551375261
16.0,33.0,0.8966117740842704
5.0,7.0,10.983471754010694
18.0,34.0,12.03075019524515
8.0,11.0,1.155839589193796
27.0,48.0,2.3972734284637474
29.0,54.0,2.095159130675292
51.0,82.0,2.407970134434291
64.0,93.0,1.3927698867322171
10.0,14.0,0.11955362413452962
2.0,9.0,0.16521452658853905
55.0,98.0,2.239190551375261
21.0,33.0,0.8966117740842704
4.0,7.0,10.983471754010694
21.0,34.0,12.03075019524515
11.0,11.0,1.155839589193796
36.0,48.0,2.3972734284637474
39.0,54.0,2.095159130675292
55.0,82.0,2.407970134434291
61.0,93.0,1.3927698867322171
9.0,14.0,0.11955362413452962
8.0,9.0,0.16521452658853905
67.0,98.0,2.239190551375261
24.0,33.0,0.8966117740842704
5.0,7.0,10.983471754010694
26.0,34.0,12.03075019524515
11.0,11.0,1.155839589193796
40.0,48.0,2.3972734284637474
38.0,54.0,2.095159130675292
59.0,82.0,2.407970134434291
74.0,93.0,1.3927698867322171
12.0,14.0,0.11955362413452962
8.0,9.0,0.16521452658853905
78.0,98.0,2.239190551375261
26.0,33.0,0.8966117740842704
7.0,7.0,10.983471754010694
33.0,34.0,12.03075019524515
7.0,11.0,1.155839589193796
45.0,48.0,2.3972734284637474
47.0,54.0,2.095159130675292
74.0,82.0,2.407970134434291
84.0,93.0,1.3927698867322171
12.0,14.0,0.11955362413452962
7.0,9.0,0.16521452658853905
91.0,98.0,2.239190551375261
33.0,33.0,0.8966117740842704
1.0,4.0,4.861897802667077
1.0,10.0,2.844569425852732
3.0,41.0,6.681413835726807
3.0,19.0,1.1509982942867447
4.0,54.0,2.391553608317737
1.0,15.0,0.40375656157946055
3.0,16.0,0.593653395668226
6.0,25.0,0.9368630673934797
2.0,33.0,1.6574999803532666
7.0,92.0,3.101605526055059
1.0,19.0,0.44382072769073394
1.0,4.0,4.861897802667077
3.0,10.0,2.844569425852732
6.0,41.0,6.681413835726807
5.0,19.0,1.1509982942867447
10.0,54.0,2.391553608317737
4.0,15.0,0.40375656157946055
3.0,16.0,0.593653395668226
6.0,25.0,0.9368630673934797
4.0,33.0,1.6574999803532666
20.0,92.0,3.101605526055059
3.0,19.0,0.44382072769073394
2.0,4.0,4.861897802667077
3.0,10.0,2.844569425852732
12.0,41.0,6.681413835726807
6.0,19.0,1.1509982942867447
21.0,54.0,2.391553608317737
7.0,15.0,0.40375656157946055
5.0,16.0,0.593653395668226
6.0,25.0,0.9368630673934797
14.0,33.0,1.6574999803532666
32.0,92.0,3.101605526055059
8.0,19.0,0.44382072769073394
2.0,4.0,4.861897802667077
3.0,10.0,2.844569425852732
15.0,41.0,6.681413835726807
8.0,19.0,1.1509982942867447
17.0,54.0,2.391553608317737
8.0,15.0,0.40375656157946055
5.0,16.0,0.593653395668226
10.0,25.0,0.9368630673934797
12.0,33.0,1.6574999803532666
38.0,92.0,3.101605526055059
13.0,19.0,0.44382072769073394
1.0,4.0,4.861897802667077
6.0,10.0,2.844569425852732
22.0,41.0,6.681413835726807
4.0,19.0,1.1509982942867447
33.0,54.0,2.391553608317737
10.0,15.0,0.40375656157946055
7.0,16.0,0.593653395668226
12.0,25.0,0.9368630673934797
16.0,33.0,1.6574999803532666
40.0,92.0,3.101605526055059
7.0,19.0,0.44382072769073394
3.0,4.0,4.861897802667077
8.0,10.0,2.844569425852732
23.0,41.0,6.681413835726807
16.0,19.0,1.1509982942867447
31.0,54.0,2.391553608317737
11.0,15.0,0.40375656157946055
11.0,16.0,0.593653395668226
18.0,25.0,0.9368630673934797
19.0,33.0,1.6574999803532666
51.0,92.0,3.101605526055059
12.0,19.0,0.44382072769073394
3.0,4.0,4.861897802667077
6.0,10.0,2.844569425852732
29.0,41.0,6.681413835726807
14.0,19.0,1.1509982942867447
34.0,54.0,2.391553608317737
11.0,15.0,0.40375656157946055
13.0,16.0,0.593653395668226
13.0,25.0,0.9368630673934797
26.0,33.0,1.6574999803532666
64.0,92.0,3.101605526055059
13.0,19.0,0.44382072769073394
2.0,4.0,4.861897802667077
6.0,10.0,2.844569425852732
36.0,41.0,6.681413835726807
16.0,19.0,1.1509982942867447
39.0,54.0,2.391553608317737
12.0,15.0,0.40375656157946055
15.0,16.0,0.593653395668226
18.0,25.0,0.9368630673934797
26.0,33.0,1.6574999803532666
72.0,92.0,3.101605526055059
17.0,19.0,0.44382072769073394
4.0,4.0,4.861897802667077
7.0,10.0,2.844569425852732
37.0,41.0,6.681413835726807
17.0,19.0,1.1509982942867447
53.0,54.0,2.391553608317737
14.0,15.0,0.40375656157946055
13.0,16.0,0.593653395668226
22.0,25.0,0.9368630673934797
29.0,33.0,1.6574999803532666
83.0,92.0,3.101605526055059
16.0,19.0,0.44382072769073394
2.0,5.0,3.236766507394879
0.0,2.0,0.7775445863361321
3.0,20.0,8.589154306375354
1.0,15.0,2.4875764527089164
6.0,48.0,2.8751940289990388
2.0,19.0,0.7728661145034524
9.0,61.0,2.1095636224710232
1.0,9.0,0.2544187813462715
12.0,67.0,1.9407502877883143
1.0,29.0,0.8047211634266851
2.0,25.0,0.8395336928916832
1.0,5.0,3.236766507394879
0.0,2.0,0.7775445863361321
5.0,20.0,8.589154306375354
4.0,15.0,2.4875764527089164
14.0,48.0,2.8751940289990388
4.0,19.0,0.7728661145034524
15.0,61.0,2.1095636224710232
4.0,9.0,0.2544187813462715
22.0,67.0,1.9407502877883143
3.0,29.0,0.8047211634266851
4.0,25.0,0.8395336928916832
3.0,5.0,3.236766507394879
2.0,2.0,0.7775445863361321
7.0,20.0,8.589154306375354
4.0,15.0,2.4875764527089164
17.0,48.0,2.8751940289990388
5.0,19.0,0.7728661145034524
20.0,61.0,2.1095636224710232
3.0,9.0,0.2544187813462715
18.0,67.0,1.9407502877883143
10.0,29.0,0.8047211634266851
8.0,25.0,0.8395336928916832
1.0,5.0,3.236766507394879
1.0,2.0,0.7775445863361321
6.0,20.0,8.589154306375354
2.0,15.0,2.4875764527089164
13.0,48.0,2.8751940289990388
7.0,19.0,0.7728661145034524
25.0,61.0,2.1095636224710232
1.0,9.0,0.2544187813462715
29.0,67.0,1.9407502877883143
15.0,29.0,0.8047211634266851
13.0,25.0,0.8395336928916832
3.0,5.0,3.236766507394879
2.0,2.0,0.7775445863361321
13.0,20.0,8.589154306375354
4.0,15.0,2.4875764527089164
32.0,48.0,2.8751940289990388
10.0,19.0,0.7728661145034524
34.0,61.0,2.1095636224710232
5.0,9.0,0.2544187813462715
36.0,67.0,1.9407502877883143
10.0,29.0,0.8047211634266851
13.0,25.0,0.8395336928916832
3.0,5.0,3.236766507394879
1.0,2.0,0.7775445863361321
9.0,20.0,8.589154306375354
8.0,15.0,2.4875764527089164
26.0,48.0,2.8751940289990388
11.0,19.0,0.7728661145034524
34.0,61.0,2.1095636224710232
7.0,9.0,0.2544187813462715
47.0,67.0,1.9407502877883143
16.0,29.0,0.8047211634266851
18.0,25.0,0.8395336928916832
1.0,5.0,3.236766507394879
2.0,2.0,0.7775445863361321
14.0,20.0,8.589154306375354
9.0,15.0,2.4875764527089164
25.0,48.0,2.8751940289990388
15.0,19.0,0.7728661145034524
42.0,61.0,2.1095636224710232
8.0,9.0,0.2544187813462715
51.0,67.0,1.9407502877883143
16.0,29.0,0.8047211634266851
20.0,25.0,0.8395336928916832
3.0,5.0,3.236766507394879
2.0,2.0,0.7775445863361321
18.0,20.0,8.589154306375354
13.0,15.0,2.4875764527089164
39.0,48.0,2.8751940289990388
14.0,19.0,0.7728661145034524
49.0,61.0,2.1095636224710232
6.0,9.0,0.2544187813462715
55.0,67.0,1.9407502877883143
24.0,29.0,0.8047211634266851
19.0,25.0,0.8395336928916832
5.0,5.0,3.236766507394879
1.0,2.0,0.7775445863361321
18.0,20.0,8.589154306375354
15.0,15.0,2.4875764527089164
41.0,48.0,2.8751940289990388
19.0,19.0,0.7728661145034524
59.0,61.0,2.1095636224710232
8.0,9.0,0.2544187813462715
62.0,67.0,1.9407502877883143
24.0,29.0,0.8047211634266851
24.0,25.0,0.8395336928916832
1.0,5.0,6.883945872771564
0.0,2.0,2.5368853717465414
2.0,10.0,2.447372529325308
1.0,14.0,2.8142160086479033
0.0,11.0,1.0763068995509049
1.0,13.0,1.5633052268327658
5.0,45.0,3.035747440004151
5.0,71.0,3.408115908644621
7.0,79.0,1.8122313195729722
2.0,44.0,0.821369392886658
1.0,10.0,0.14712833670798373
2.0,5.0,6.883945872771564
1.0,2.0,2.5368853717465414
4.0,10.0,2.447372529325308
6.0,14.0,2.8142160086479033
2.0,11.0,1.0763068995509049
0.0,13.0,1.5633052268327658
9.0,45.0,3.035747440004151
10.0,71.0,3.408115908644621
16.0,79.0,1.8122313195729722
7.0,44.0,0.821369392886658
4.0,10.0,0.14712833670798373
3.0,5.0,6.883945872771564
0.0,2.0,2.5368853717465414
3.0,10.0,2.447372529325308
4.0,14.0,2.8142160086479033
4.0,11.0,1.0763068995509049
8.0,13.0,1.5633052268327658
10.0,45.0,3.035747440004151
20.0,71.0,3.408115908644621
25.0,79.0,1.8122313195729722
10.0,44.0,0.821369392886658
2.0,10.0,0.14712833670798373
3.0,5.0,6.883945872771564
1.0,2.0,2.5368853717465414
4.0,10.0,2.447372529325308
8.0,14.0,2.8142160086479033
5.0,11.0,1.0763068995509049
6.0,13.0,1.5633052268327658
19.0,45.0,3.035747440004151
24.0,71.0,3.408115908644621
35.0,79.0,1.8122313195729722
17.0,44.0,0.821369392886658
3.0,10.0,0.14712833670798373
2.0,5.0,6.883945872771564
2.0,2.0,2.5368853717465414
3.0,10.0,2.447372529325308
6.0,14.0,2.8142160086479033
5.0,11.0,1.0763068995509049
8.0,13.0,1.5633052268327658
20.0,45.0,3.035747440004151
33.0,71.0,3.408115908644621
38.0,79.0,1.8122313195729722
25.0,44.0,0.821369392886658
5.0,10.0,0.14712833670798373
3.0,5.0,6.883945872771564
1.0,2.0,2.5368853717465414
4.0,10.0,2.447372529325308
9.0,14.0,2.8142160086479033
5.0,11.0,1.0763068995509049
10.0,13.0,1.5633052268327658
33.0,45.0,3.035747440004151
38.0,71.0,3.408115908644621
47.0,79.0,1.8122313195729722
22.0,44.0,0.821369392886658
6.0,10.0,0.14712833670798373
4.0,5.0,6.883945872771564
2.0,2.0,2.5368853717465414
9.0,10.0,2.447372529325308
11.0,14.0,2.8142160086479033
8.0,11.0,1.0763068995509049
8.0,13.0,1.5633052268327658
29.0,45.0,3.035747440004151
55.0,71.0,3.408115908644621
49.0,79.0,1.8122313195729722
32.0,44.0,0.821369392886658
7.0,10.0,0.14712833670798373
4.0,5.0,6.883945872771564
1.0,2.0,2.5368853717465414
7.0,10.0,2.447372529325308
11.0,14.0,2.8142160086479033
8.0,11.0,1.0763068995509049
13.0,13.0,1.5633052268327658
37.0,45.0,3.035747440004151
55.0,71.0,3.408115908644621
70.0,79.0,1.8122313195729722
37.0,44.0,0.821369392886658
9.0,10.0,0.14712833670798373
5.0,5.0,6.883945872771564
2.0,2.0,2.5368853717465414
10.0,10.0,2.447372529325308
12.0,14.0,2.8142160086479033
10.0,11.0,1.0763068995509049
13.0,13.0,1.5633052268327658
40.0,45.0,3.035747440004151
64.0,71.0,3.408115908644621
71.0,79.0,1.8122313195729722
38.0,44.0,0.821369392886658
9.0,10.0,0.14712833670798373
2.0,4.0,9.39128059057869
1.0,14.0,6.626856459301598
0.0,18.0,2.7459731592409167
1.0,39.0,2.359047111013944
7.0,24.0,0.8678494788093017
1.0,6.0,0.21431857534557852
1.0,10.0,0.34996579676169903
2.0,12.0,0.873205989500622
0.0,5.0,0.30904175276296525
0.0,27.0,2.707703931229823
2.0,22.0,1.2972780939864912
2.0,4.0,9.39128059057869
2.0,14.0,6.626856459301598
3.0,18.0,2.7459731592409167
6.0,39.0,2.359047111013944
7.0,24.0,0.8678494788093017
1.0,6.0,0.21431857534557852
1.0,10.0,0.34996579676169903
3.0,12.0,0.873205989500622
1.0,5.0,0.30904175276296525
3.0,27.0,2.707703931229823
4.0,22.0,1.2972780939864912
2.0,4.0,9.39128059057869
4.0,14.0,6.626856459301598
2.0,18.0,2.7459731592409167
8.0,39.0,2.359047111013944
6.0,24.0,0.8678494788093017
3.0,6.0,0.21431857534557852
3.0,10.0,0.34996579676169903
5.0,12.0,0.873205989500622
2.0,5.0,0.30904175276296525
6.0,27.0,2.707703931229823
11.0,22.0,1.2972780939864912
1.0,4.0,9.39128059057869
4.0,14.0,6.626856459301598
9.0,18.0,2.7459731592409167
14.0,39.0,2.359047111013944
15.0,24.0,0.8678494788093017
3.0,6.0,0.21431857534557852
4.0,10.0,0.34996579676169903
6.0,12.0,0.873205989500622
4.0,5.0,0.30904175276296525
9.0,27.0,2.707703931229823
11.0,22.0,1.2972780939864912
3.0,4.0,9.39128059057869
6.0,14.0,6.626856459301598
8.0,18.0,2.7459731592409167
17.0,39.0,2.359047111013944
7.0,24.0,0.8678494788093017
1.0,6.0,0.21431857534557852
1.0,10.0,0.34996579676169903
7.0,12.0,0.873205989500622
2.0,5.0,0.30904175276296525
14.0,27.0,2.707703931229823
8.0,22.0,1.2972780939864912
2.0,4.0,9.39128059057869
10.0,14.0,6.626856459301598
11.0,18.0,2.7459731592409167
20.0,39.0,2.359047111013944
15.0,24.0,0.8678494788093017
4.0,6.0,0.21431857534557852
4.0,10.0,0.34996579676169903
7.0,12.0,0.873205989500622
3.0,5.0,0.30904175276296525
15.0,27.0,2.707703931229823
15.0,22.0,1.2972780939864912
4.0,4.0,9.39128059057869
9.0,14.0,6.626856459301598
12.0,18.0,2.7459731592409167
27.0,39.0,2.359047111013944
17.0,24.0,0.8678494788093017
2.0,6.0,0.21431857534557852
9.0,10.0,0.34996579676169903
7.0,12.0,0.873205989500622
4.0,5.0,0.30904175276296525
18.0,27.0,2.707703931229823
15.0,22.0,1.2972780939864912
4.0,4.0,9.39128059057869
9.0,14.0,6.626856459301598
12.0,18.0,2.7459731592409167
33.0,39.0,2.359047111013944
16.0,24.0,0.8678494788093017
4.0,6.0,0.21431857534557852
8.0,10.0,0.34996579676169903
10.0,12.0,0.873205989500622
5.0,5.0,0.30904175276296525
23.0,27.0,2.707703931229823
15.0,22.0,1.2972780939864912
4.0,4.0,9.39128059057869
12.0,14.0,6.626856459301598
17.0,18.0,2.7459731592409167
36.0,39.0,2.359047111013944
22.0,24.0,0.8678494788093017
5.0,6.0,0.21431857534557852
6.0,10.0,0.34996579676169903
12.0,12.0,0.873205989500622
4.0,5.0,0.30904175276296525
22.0,27.0,2.707703931229823
19.0,22.0,1.2972780939864912
1.0,3.0,1.553322146432453
2.0,7.0,4.505757360025779
1.0,8.0,2.582517107381393
0.0,5.0,0.6176245759571812
2.0,6.0,1.2988288131489831
0.0,5.0,1.627224621425571
0.0,9.0,1.4689454677267642
3.0,21.0,2.7218627910788467
6.0,50.0,3.3058324327781827
1.0,25.0,0.748372487713451
1.0,18.0,0.46243990114845007
1.0,3.0,1.553322146432453
2.0,7.0,4.505757360025779
0.0,8.0,2.582517107381393
1.0,5.0,0.6176245759571812
1.0,6.0,1.2988288131489831
1.0,5.0,1.627224621425571
4.0,9.0,1.4689454677267642
3.0,21.0,2.7218627910788467
9.0,50.0,3.3058324327781827
4.0,25.0,0.748372487713451
5.0,18.0,0.46243990114845007
1.0,3.0,1.553322146432453
3.0,7.0,4.505757360025779
2.0,8.0,2.582517107381393
1.0,5.0,0.6176245759571812
2.0,6.0,1.2988288131489831
3.0,5.0,1.627224621425571
2.0,9.0,1.4689454677267642
5.0,21.0,2.7218627910788467
14.0,50.0,3.3058324327781827
10.0,25.0,0.748372487713451
3.0,18.0,0.46243990114845007
2.0,3.0,1.553322146432453
2.0,7.0,4.505757360025779
3.0,8.0,2.582517107381393
2.0,5.0,0.6176245759571812
3.0,6.0,1.2988288131489831
3.0,5.0,1.627224621425571
4.0,9.0,1.4689454677267642
12.0,21.0,2.7218627910788467
19.0,50.0,3.3058324327781827
8.0,25.0,0.748372487713451
10.0,18.0,0.46243990114845007
2.0,3.0,1.553322146432453
5.0,7.0,4.505757360025779
2.0,8.0,2.582517107381393
2.0,5.0,0.6176245759571812
3.0,6.0,1.2988288131489831
3.0,5.0,1.627224621425571
8.0,9.0,1.4689454677267642
15.0,21.0,2.7218627910788467
29.0,50.0,3.3058324327781827
12.0,25.0,0.748372487713451
8.0,18.0,0.46243990114845007
3.0,3.0,1.553322146432453
3.0,7.0,4.505757360025779
7.0,8.0,2.582517107381393
3.0,5.0,0.6176245759571812
5.0,6.0,1.2988288131489831
2.0,5.0,1.627224621425571
7.0,9.0,1.4689454677267642
9.0,21.0,2.7218627910788467
34.0,50.0,3.3058324327781827
13.0,25.0,0.748372487713451
12.0,18.0,0.46243990114845007
1.0,3.0,1.553322146432453
5.0,7.0,4.505757360025779
7.0,8.0,2.582517107381393
5.0,5.0,0.6176245759571812
3.0,6.0,1.2988288131489831
2.0,5.0,1.627224621425571
7.0,9.0,1.4689454677267642
14.0,21.0,2.7218627910788467
38.0,50.0,3.3058324327781827
19.0,25.0,0.748372487713451
13.0,18.0,0.46243990114845007
2.0,3.0,1.553322146432453
6.0,7.0,4.505757360025779
7.0,8.0,2.582517107381393
2.0,5.0,0.6176245759571812
6.0,6.0,1.2988288131489831
3.0,5.0,1.627224621425571
9.0,9.0,1.4689454677267642
18.0,21.0,2.7218627910788467
42.0,50.0,3.3058324327781827
21.0,25.0,0.748372487713451
17.0,18.0,0.46243990114845007
3.0,3.0,1.553322146432453
7.0,7.0,4.505757360025779
8.0,8.0,2.582517107381393
5.0,5.0,0.6176245759571812
6.0,6.0,1.2988288131489831
4.0,5.0,1.627224621425571
9.0,9.0,1.4689454677267642
19.0,21.0,2.7218627910788467
43.0,50.0,3.3058324327781827
23.0,25.0,0.748372487713451
17.0,18.0,0.46243990114845007
1.0,3.0,4.140330530042681
3.0,9.0,4.055160807251078
0.0,5.0,1.8220670038411249
1.0,20.0,2.950693760956271
0.0,17.0,1.8396761697623678
2.0,12.0,0.7080695446837117
4.0,30.0,1.5923650524708575
0.0,2.0,0.0822896996093065
3.0,20.0,1.233913317470928
2.0,12.0,0.643268423148642
3.0,11.0,1.0530736323349468
1.0,3.0,4.140330530042681
3.0,9.0,4.055160807251078
1.0,5.0,1.8220670038411249
4.0,20.0,2.950693760956271
5.0,17.0,1.8396761697623678
3.0,12.0,0.7080695446837117
7.0,30.0,1.5923650524708575
2.0,2.0,0.0822896996093065
5.0,20.0,1.233913317470928
4.0,12.0,0.643268423148642
2.0,11.0,1.0530736323349468
1.0,3.0,4.140330530042681
3.0,9.0,4.055160807251078
1.0,5.0,1.8220670038411249
7.0,20.0,2.950693760956271
3.0,17.0,1.8396761697623678
3.0,12.0,0.7080695446837117
7.0,30.0,1.5923650524708575
1.0,2.0,0.0822896996093065
7.0,20.0,1.233913317470928
3.0,12.0,0.643268423148642
4.0,11.0,1.0530736323349468
1.0,3.0,4.140330530042681
4.0,9.0,4.055160807251078
2.0,5.0,1.8220670038411249
11.0,20.0,2.950693760956271
9.0,17.0,1.8396761697623678
8.0,12.0,0.7080695446837117
14.0,30.0,1.5923650524708575
1.0,2.0,0.0822896996093065
7.0,20.0,1.233913317470928
5.0,12.0,0.643268423148642
2.0,11.0,1.0530736323349468
1.0,3.0,4.140330530042681
6.0,9.0,4.055160807251078
4.0,5.0,1.8220670038411249
11.0,20.0,2.950693760956271
8.0,17.0,1.8396761697623678
6.0,12.0,0.7080695446837117
13.0,30.0,1.5923650524708575
1.0,2.0,0.0822896996093065
11.0,20.0,1.233913317470928
5.0,12.0,0.643268423148642
7.0,11.0,1.0530736323349468
1.0,3.0,4.140330530042681
6.0,9.0,4.055160807251078
3.0,5.0,1.8220670038411249
14.0,20.0,2.950693760956271
11.0,17.0,1.8396761697623678
8.0,12.0,0.7080695446837117
16.0,30.0,1.5923650524708575
1.0,2.0,0.0822896996093065
14.0,20.0,1.233913317470928
8.0,12.0,0.643268423148642
6.0,11.0,1.0530736323349468
2.0,3.0,4.140330530042681
5.0,9.0,4.055160807251078
4.0,5.0,1.8220670038411249
9.0,20.0,2.950693760956271
9.0,17.0,1.8396761697623678
9.0,12.0,0.7080695446837117
20.0,30.0,1.5923650524708575
1.0,2.0,0.0822896996093065
16.0,20.0,1.233913317470928
9.0,12.0,0.643268423148642
8.0,11.0,1.0530736323349468
3.0,3.0,4.140330530042681
7.0,9.0,4.055160807251078
3.0,5.0,1.8220670038411249
18.0,20.0,2.950693760956271
12.0,17.0,1.8396761697623678
10.0,12.0,0.7080695446837117
25.0,30.0,1.5923650524708575
1.0,2.0,0.0822896996093065
13.0,20.0,1.233913317470928
10.0,12.0,0.643268423148642
9.0,11.0,1.0530736323349468
3.0,3.0,4.140330530042681
8.0,9.0,4.055160807251078
3.0,5.0,1.8220670038411249
19.0,20.0,2.950693760956271
16.0,17.0,1.8396761697623678
11.0,12.0,0.7080695446837117
25.0,30.0,1.5923650524708575
2.0,2.0,0.0822896996093065
20.0,20.0,1.233913317470928
10.0,12.0,0.643268423148642
11.0,11.0,1.0530736323349468
1.0,8.0,8.514587930311222
0.0,9.0,4.144712624420601
2.0,19.0,2.9185373542463715
0.0,39.0,3.331291741145448
1.0,13.0,0.7158619840621471
0.0,4.0,0.2658774824877412
3.0,37.0,1.8757230014835289
5.0,53.0,2.7998356771114654
4.0,55.0,1.583375499861297
7.0,52.0,1.175305905808706
5.0,16.0,0.35291806086291816
2.0,8.0,8.514587930311222
1.0,9.0,4.144712624420601
3.0,19.0,2.9185373542463715
8.0,39.0,3.331291741145448
3.0,13.0,0.7158619840621471
1.0,4.0,0.2658774824877412
5.0,37.0,1.8757230014835289
11.0,53.0,2.7998356771114654
13.0,55.0,1.583375499861297
12.0,52.0,1.175305905808706
2.0,16.0,0.35291806086291816
1.0,8.0,8.514587930311222
4.0,9.0,4.144712624420601
6.0,19.0,2.9185373542463715
9.0,39.0,3.331291741145448
3.0,13.0,0.7158619840621471
1.0,4.0,0.2658774824877412
11.0,37.0,1.8757230014835289
21.0,53.0,2.7998356771114654
10.0,55.0,1.583375499861297
15.0,52.0,1.175305905808706
2.0,16.0,0.35291806086291816
1.0,8.0,8.514587930311222
3.0,9.0,4.144712624420601
6.0,19.0,2.9185373542463715
20.0,39.0,3.331291741145448
4.0,13.0,0.7158619840621471
1.0,4.0,0.2658774824877412
14.0,37.0,1.8757230014835289
15.0,53.0,2.7998356771114654
23.0,55.0,1.583375499861297
21.0,52.0,1.175305905808706
8.0,16.0,0.35291806086291816
4.0,8.0,8.514587930311222
4.0,9.0,4.144712624420601
8.0,19.0,2.9185373542463715
16.0,39.0,3.331291741145448
8.0,13.0,0.7158619840621471
2.0,4.0,0.2658774824877412
19.0,37.0,1.8757230014835289
25.0,53.0,2.7998356771114654
26.0,55.0,1.583375499861297
25.0,52.0,1.175305905808706
9.0,16.0,0.35291806086291816
5.0,8.0,8.514587930311222
6.0,9.0,4.144712624420601
11.0,19.0,2.9185373542463715
21.0,39.0,3.331291741145448
6.0,13.0,0.7158619840621471
4.0,4.0,0.2658774824877412
24.0,37.0,1.8757230014835289
31.0,53.0,2.7998356771114654
28.0,55.0,1.583375499861297
37.0,52.0,1.175305905808706
11.0,16.0,0.35291806086291816
8.0,8.0,8.514587930311222
6.0,9.0,4.144712624420601
14.0,19.0,2.9185373542463715
27.0,39.0,3.331291741145448
12.0,13.0,0.7158619840621471
3.0,4.0,0.2658774824877412
25.0,37.0,1.8757230014835289
39.0,53.0,2.7998356771114654
39.0,55.0,1.583375499861297
38.0,52.0,1.175305905808706
10.0,16.0,0.35291806086291816
6.0,8.0,8.514587930311222
7.0,9.0,4.144712624420601
12.0,19.0,2.9185373542463715
33.0,39.0,3.331291741145448
11.0,13.0,0.7158619840621471
3.0,4.0,0.2658774824877412
30.0,37.0,1.8757230014835289
42.0,53.0,2.7998356771114654
42.0,55.0,1.583375499861297
44.0,52.0,1.175305905808706
11.0,16.0,0.35291806086291816
7.0,8.0,8.514587930311222
9.0,9.0,4.144712624420601
17.0,19.0,2.9185373542463715
38.0,39.0,3.331291741145448
11.0,13.0,0.7158619840621471
4.0,4.0,0.2658774824877412
33.0,37.0,1.8757230014835289
46.0,53.0,2.7998356771114654
52.0,55.0,1.583375499861297
50.0,52.0,1.175305905808706
16.0,16.0,0.35291806086291816
1.0,3.0,7.401946624361755
2.0,11.0,6.085291094505747
1.0,13.0,2.7053174249187855
0.0,6.0,0.4786435239792277
7.0,49.0,3.7415936738854363
6.0,55.0,2.3127178775150674
0.0,3.0,0.14640904470906368
7.0,57.0,1.9724715563142006
5.0,45.0,1.19283722751129
0.0,8.0,0.3165223929589784
2.0,18.0,0.5969172065162731
1.0,3.0,7.401946624361755
3.0,11.0,6.085291094505747
3.0,13.0,2.7053174249187855
1.0,6.0,0.4786435239792277
7.0,49.0,3.7415936738854363
6.0,55.0,2.3127178775150674
1.0,3.0,0.14640904470906368
10.0,57.0,1.9724715563142006
9.0,45.0,1.19283722751129
1.0,8.0,0.3165223929589784
2.0,18.0,0.5969172065162731
1.0,3.0,7.401946624361755
4.0,11.0,6.085291094505747
3.0,13.0,2.7053174249187855
1.0,6.0,0.4786435239792277
15.0,49.0,3.7415936738854363
16.0,55.0,2.3127178775150674
0.0,3.0,0.14640904470906368
13.0,57.0,1.9724715563142006
13.0,45.0,1.19283722751129
2.0,8.0,0.3165223929589784
4.0,18.0,0.5969172065162731
1.0,3.0,7.401946624361755
6.0,11.0,6.085291094505747
6.0,13.0,2.7053174249187855
1.0,6.0,0.4786435239792277
17.0,49.0,3.7415936738854363
21.0,55.0,2.3127178775150674
1.0,3.0,0.14640904470906368
28.0,57.0,1.9724715563142006
19.0,45.0,1.19283722751129
1.0,8.0,0.3165223929589784
8.0,18.0,0.5969172065162731
1.0,3.0,7.401946624361755
6.0,11.0,6.085291094505747
6.0,13.0,2.7053174249187855
4.0,6.0,0.4786435239792277
21.0,49.0,3.7415936738854363
30.0,55.0,2.3127178775150674
2.0,3.0,0.14640904470906368
26.0,57.0,1.9724715563142006
21.0,45.0,1.19283722751129
4.0,8.0,0.3165223929589784
8.0,18.0,0.5969172065162731
3.0,3.0,7.401946624361755
7.0,11.0,6.085291094505747
10.0,13.0,2.7053174249187855
3.0,6.0,0.4786435239792277
25.0,49.0,3.7415936738854363
28.0,55.0,2.3127178775150674
2.0,3.0,0.14640904470906368
35.0,57.0,1.9724715563142006
27.0,45.0,1.19283722751129
3.0,8.0,0.3165223929589784
12.0,18.0,0.5969172065162731
3.0,3.0,7.401946624361755
7.0,11.0,6.085291094505747
10.0,13.0,2.7053174249187855
5.0,6.0,0.4786435239792277
32.0,49.0,3.7415936738854363
40.0,55.0,2.3127178775150674
2.0,3.0,0.14640904470906368
39.0,57.0,1.9724715563142006
32.0,45.0,1.19283722751129
7.0,8.0,0.3165223929589784
12.0,18.0,0.5969172065162731
2.0,3.0,7.401946624361755
9.0,11.0,6.085291094505747
9.0,13.0,2.7053174249187855
4.0,6.0,0.4786435239792277
40.0,49.0,3.7415936738854363
44.0,55.0,2.3127178775150674
2.0,3.0,0.14640904470906368
42.0,57.0,1.9724715563142006
33.0,45.0,1.19283722751129
8.0,8.0,0.3165223929589784
17.0,18.0,0.5969172065162731
2.0,3.0,7.401946624361755
9.0,11.0,6.085291094505747
13.0,13.0,2.7053174249187855
5.0,6.0,0.4786435239792277
46.0,49.0,3.7415936738854363
48.0,55.0,2.3127178775150674
2.0,3.0,0.14640904470906368
53.0,57.0,1.9724715563142006
39.0,45.0,1.19283722751129
8.0,8.0,0.3165223929589784
17.0,18.0,0.5969172065162731
1.0,3.0,9.389287866795307
0.0,7.0,4.755788050889108
1.0,7.0,2.106705678319805
1.0,11.0,1.9237694193513624
4.0,36.0,4.556603954401812
3.0,25.0,1.6776597405294422
7.0,35.0,1.5267612937299782
3.0,39.0,1.0409344071121045
6.0,82.0,2.390639397757754
6.0,32.0,0.7221338148833301
1.0,10.0,0.4055657477441938
1.0,3.0,9.389287866795307
2.0,7.0,4.755788050889108
1.0,7.0,2.106705678319805
3.0,11.0,1.9237694193513624
7.0,36.0,4.556603954401812
5.0,25.0,1.6776597405294422
7.0,35.0,1.5267612937299782
9.0,39.0,1.0409344071121045
15.0,82.0,2.390639397757754
7.0,32.0,0.7221338148833301
2.0,10.0,0.4055657477441938
1.0,3.0,9.389287866795307
0.0,7.0,4.755788050889108
2.0,7.0,2.106705678319805
3.0,11.0,1.9237694193513624
9.0,36.0,4.556603954401812
14.0,25.0,1.6776597405294422
5.0,35.0,1.5267612937299782
14.0,39.0,1.0409344071121045
27.0,82.0,2.390639397757754
10.0,32.0,0.7221338148833301
4.0,10.0,0.4055657477441938
2.0,3.0,9.389287866795307
4.0,7.0,4.755788050889108
5.0,7.0,2.106705678319805
5.0,11.0,1.9237694193513624
17.0,36.0,4.556603954401812
11.0,25.0,1.6776597405294422
13.0,35.0,1.5267612937299782
11.0,39.0,1.0409344071121045
28.0,82.0,2.390639397757754
13.0,32.0,0.7221338148833301
4.0,10.0,0.4055657477441938
3.0,3.0,9.389287866795307
3.0,7.0,4.755788050889108
4.0,7.0,2.106705678319805
6.0,11.0,1.9237694193513624
21.0,36.0,4.556603954401812
11.0,25.0,1.6776597405294422
16.0,35.0,1.5267612937299782
15.0,39.0,1.0409344071121045
42.0,82.0,2.390639397757754
14.0,32.0,0.7221338148833301
6.0,10.0,0.4055657477441938
2.0,3.0,9.389287866795307
6.0,7.0,4.755788050889108
6.0,7.0,2.106705678319805
7.0,11.0,1.9237694193513624
24.0,36.0,4.556603954401812
14.0,25.0,1.6776597405294422
15.0,35.0,1.5267612937299782
22.0,39.0,1.0409344071121045
52.0,82.0,2.390639397757754
25.0,32.0,0.7221338148833301
5.0,10.0,0.4055657477441938
2.0,3.0,9.389287866795307
3.0,7.0,4.755788050889108
5.0,7.0,2.106705678319805
7.0,11.0,1.9237694193513624
31.0,36.0,4.556603954401812
19.0,25.0,1.6776597405294422
27.0,35.0,1.5267612937299782
27.0,39.0,1.0409344071121045
63.0,82.0,2.390639397757754
23.0,32.0,0.7221338148833301
7.0,10.0,0.4055657477441938
3.0,3.0,9.389287866795307
5.0,7.0,4.755788050889108
7.0,7.0,2.106705678319805
9.0,11.0,1.9237694193513624
25.0,36.0,4.556603954401812
22.0,25.0,1.6776597405294422
23.0,35.0,1.5267612937299782
33.0,39.0,1.0409344071121045
61.0,82.0,2.390639397757754
24.0,32.0,0.7221338148833301
9.0,10.0,0.4055657477441938
3.0,3.0,9.389287866795307
6.0,7.0,4.755788050889108
7.0,7.0,2.106705678319805
10.0,11.0,1.9237694193513624
33.0,36.0,4.556603954401812
22.0,25.0,1.6776597405294422
32.0,35.0,1.5267612937299782
35.0,39.0,1.0409344071121045
77.0,82.0,2.390639397757754
31.0,32.0,0.7221338148833301
9.0,10.0,0.4055657477441938
2.0,3.0,4.7779050099928835
1.0,7.0,3.655047051930473
2.0,5.0,0.7271618463120679
5.0,26.0,4.223373485829229
1.0,19.0,1.4472450555635783
8.0,51.0,3.0799731247450337
3.0,19.0,0.8072298122368481
1.0,7.0,0.33553574672699654
0.0,11.0,0.522958199930904
11.0,93.0,5.112081543132225
1.0,14.0,0.34227093541229875
1.0,3.0,4.7779050099928835
1.0,7.0,3.655047051930473
2.0,5.0,0.7271618463120679
5.0,26.0,4.223373485829229
3.0,19.0,1.4472450555635783
12.0,51.0,3.0799731247450337
3.0,19.0,0.8072298122368481
2.0,7.0,0.33553574672699654
1.0,11.0,0.522958199930904
17.0,93.0,5.112081543132225
3.0,14.0,0.34227093541229875
1.0,3.0,4.7779050099928835
2.0,7.0,3.655047051930473
3.0,5.0,0.7271618463120679
13.0,26.0,4.223373485829229
8.0,19.0,1.4472450555635783
17.0,51.0,3.0799731247450337
6.0,19.0,0.8072298122368481
2.0,7.0,0.33553574672699654
3.0,11.0,0.522958199930904
23.0,93.0,5.112081543132225
5.0,14.0,0.34227093541229875
2.0,3.0,4.7779050099928835
1.0,7.0,3.655047051930473
1.0,5.0,0.7271618463120679
11.0,26.0,4.223373485829229
9.0,19.0,1.4472450555635783
17.0,51.0,3.0799731247450337
6.0,19.0,0.8072298122368481
5.0,7.0,0.33553574672699654
6.0,11.0,0.522958199930904
35.0,93.0,5.112081543132225
7.0,14.0,0.34227093541229875
1.0,3.0,4.7779050099928835
3.0,7.0,3.655047051930473
3.0,5.0,0.7271618463120679
12.0,26.0,4.223373485829229
11.0,19.0,1.4472450555635783
29.0,51.0,3.0799731247450337
4.0,19.0,0.8072298122368481
3.0,7.0,0.33553574672699654
6.0,11.0,0.522958199930904
41.0,93.0,5.112081543132225
9.0,14.0,0.34227093541229875
1.0,3.0,4.7779050099928835
6.0,7.0,3.655047051930473
3.0,5.0,0.7271618463120679
16.0,26.0,4.223373485829229
7.0,19.0,1.4472450555635783
30.0,51.0,3.0799731247450337
13.0,19.0,0.8072298122368481
4.0,7.0,0.33553574672699654
8.0,11.0,0.522958199930904
62.0,93.0,5.112081543132225
9.0,14.0,0.34227093541229875
2.0,3.0,4.7779050099928835
5.0,7.0,3.655047051930473
2.0,5.0,0.7271618463120679
18.0,26.0,4.223373485829229
12.0,19.0,1.4472450555635783
38.0,51.0,3.0799731247450337
14.0,19.0,0.8072298122368481
4.0,7.0,0.33553574672699654
7.0,11.0,0.522958199930904
67.0,93.0,5.112081543132225
8.0,14.0,0.34227093541229875
3.0,3.0,4.7779050099928835
6.0,7.0,3.655047051930473
4.0,5.0,0.7271618463120679
25.0,26.0,4.223373485829229
19.0,19.0,1.4472450555635783
42.0,51.0,3.0799731247450337
13.0,19.0,0.8072298122368481
6.0,7.0,0.33553574672699654
11.0,11.0,0.522958199930904
67.0,93.0,5.112081543132225
11.0,14.0,0.34227093541229875
3.0,3.0,4.7779050099928835
6.0,7.0,3.655047051930473
5.0,5.0,0.7271618463120679
25.0,26.0,4.223373485829229
17.0,19.0,1.4472450555635783
41.0,51.0,3.0799731247450337
17.0,19.0,0.8072298122368481
7.0,7.0,0.33553574672699654
9.0,11.0,0.522958199930904
84.0,93.0,5.112081543132225
13.0,14.0,0.34227093541229875
2.0,4.0,4.647924558268383
0.0,1.0,1.1193973912312096
2.0,8.0,2.6505675220195135
1.0,5.0,2.4988935683124467
4.0,34.0,6.1768076362075535
3.0,31.0,2.6733443586730288
3.0,16.0,0.5842001626961465
2.0,13.0,0.5227928720454755
3.0,24.0,1.2460354462524728
7.0,62.0,3.3707405154229795
3.0,43.0,1.2511122072244427
1.0,4.0,4.647924558268383
1.0,1.0,1.1193973912312096
1.0,8.0,2.6505675220195135
1.0,5.0,2.4988935683124467
5.0,34.0,6.1768076362075535
4.0,31.0,2.6733443586730288
3.0,16.0,0.5842001626961465
2.0,13.0,0.5227928720454755
4.0,24.0,1.2460354462524728
10.0,62.0,3.3707405154229795
7.0,43.0,1.2511122072244427
1.0,4.0,4.647924558268383
0.0,1.0,1.1193973912312096
0.0,8.0,2.6505675220195135
1.0,5.0,2.4988935683124467
11.0,34.0,6.1768076362075535
5.0,31.0,2.6733443586730288
3.0,16.0,0.5842001626961465
5.0,13.0,0.5227928720454755
9.0,24.0,1.2460354462524728
16.0,62.0,3.3707405154229795
11.0,43.0,1.2511122072244427
1.0,4.0,4.647924558268383
1.0,1.0,1.1193973912312096
5.0,8.0,2.6505675220195135
3.0,5.0,2.4988935683124467
18.0,34.0,6.1768076362075535
11.0,31.0,2.6733443586730288
6.0,16.0,0.5842001626961465
6.0,13.0,0.5227928720454755
6.0,24.0,1.2460354462524728
23.0,62.0,3.3707405154229795
19.0,43.0,1.2511122072244427
3.0,4.0,4.647924558268383
1.0,1.0,1.1193973912312096
3.0,8.0,2.6505675220195135
1.0,5.0,2.4988935683124467
18.0,34.0,6.1768076362075535
17.0,31.0,2.6733443586730288
9.0,16.0,0.5842001626961465
7.0,13.0,0.5227928720454755
8.0,24.0,1.2460354462524728
27.0,62.0,3.3707405154229795
22.0,43.0,1.2511122072244427
1.0,4.0,4.647924558268383
1.0,1.0,1.1193973912312096
5.0,8.0,2.6505675220195135
3.0,5.0,2.4988935683124467
22.0,34.0,6.1768076362075535
17.0,31.0,2.6733443586730288
12.0,16.0,0.5842001626961465
7.0,13.0,0.5227928720454755
15.0,24.0,1.2460354462524728
28.0,62.0,3.3707405154229795
19.0,43.0,1.2511122072244427
3.0,4.0,4.647924558268383
0.0,1.0,1.1193973912312096
4.0,8.0,2.6505675220195135
3.0,5.0,2.4988935683124467
29.0,34.0,6.1768076362075535
22.0,31.0,2.6733443586730288
9.0,16.0,0.5842001626961465
10.0,13.0,0.5227928720454755
17.0,24.0,1.2460354462524728
46.0,62.0,3.3707405154229795
28.0,43.0,1.2511122072244427
3.0,4.0,4.647924558268383
1.0,1.0,1.1193973912312096
8.0,8.0,2.6505675220195135
5.0,5.0,2.4988935683124467
25.0,34.0,6.1768076362075535
26.0,31.0,2.6733443586730288
13.0,16.0,0.5842001626961465
9.0,13.0,0.5227928720454755
17.0,24.0,1.2460354462524728
45.0,62.0,3.3707405154229795
35.0,43.0,1.2511122072244427
4.0,4.0,4.647924558268383
1.0,1.0,1.1193973912312096
6.0,8.0,2.6505675220195135
5.0,5.0,2.4988935683124467
28.0,34.0,6.1768076362075535
27.0,31.0,2.6733443586730288
14.0,16.0,0.5842001626961465
12.0,13.0,0.5227928720454755
22.0,24.0,1.2460354462524728
55.0,62.0,3.3707405154229795
40.0,43.0,1.2511122072244427
1.0,4.0,3.026901606323078
1.0,14.0,5.778723960944612
0.0,7.0,0.5185012790344017
2.0,7.0,1.247053573214719
5.0,21.0,2.0652170037475996
2.0,10.0,0.6639807052206401
1.0,19.0,1.8304233769946463
5.0,63.0,3.871312443814983
1.0,5.0,0.18789554778548412
8.0,92.0,3.160637489612038
3.0,19.0,0.4087874653247183
1.0,4.0,3.026901606323078
4.0,14.0,5.778723960944612
0.0,7.0,0.5185012790344017
1.0,7.0,1.247053573214719
3.0,21.0,2.0652170037475996
2.0,10.0,0.6639807052206401
2.0,19.0,1.8304233769946463
9.0,63.0,3.871312443814983
1.0,5.0,0.18789554778548412
21.0,92.0,3.160637489612038
6.0,19.0,0.4087874653247183
1.0,4.0,3.026901606323078
4.0,14.0,5.778723960944612
3.0,7.0,0.5185012790344017
0.0,7.0,1.247053573214719
3.0,21.0,2.0652170037475996
3.0,10.0,0.6639807052206401
4.0,19.0,1.8304233769946463
21.0,63.0,3.871312443814983
3.0,5.0,0.18789554778548412
32.0,92.0,3.160637489612038
4.0,19.0,0.4087874653247183
1.0,4.0,3.026901606323078
3.0,14.0,5.778723960944612
4.0,7.0,0.5185012790344017
1.0,7.0,1.247053573214719
10.0,21.0,2.0652170037475996
6.0,10.0,0.6639807052206401
4.0,19.0,1.8304233769946463
24.0,63.0,3.871312443814983
1.0,5.0,0.18789554778548412
23.0,92.0,3.160637489612038
7.0,19.0,0.4087874653247183
2.0,4.0,3.026901606323078
8.0,14.0,5.778723960944612
2.0,7.0,0.5185012790344017
2.0,7.0,1.247053573214719
11.0,21.0,2.0652170037475996
5.0,10.0,0.6639807052206401
7.0,19.0,1.8304233769946463
29.0,63.0,3.871312443814983
3.0,5.0,0.18789554778548412
46.0,92.0,3.160637489612038
11.0,19.0,0.4087874653247183
3.0,4.0,3.026901606323078
7.0,14.0,5.778723960944612
6.0,7.0,0.5185012790344017
5.0,7.0,1.247053573214719
15.0,21.0,2.0652170037475996
4.0,10.0,0.6639807052206401
12.0,19.0,1.8304233769946463
36.0,63.0,3.871312443814983
4.0,5.0,0.18789554778548412
63.0,92.0,3.160637489612038
11.0,19.0,0.4087874653247183
3.0,4.0,3.026901606323078
8.0,14.0,5.778723960944612
5.0,7.0,0.5185012790344017
6.0,7.0,1.247053573214719
14.0,21.0,2.0652170037475996
6.0,10.0,0.6639807052206401
14.0,19.0,1.8304233769946463
44.0,63.0,3.871312443814983
4.0,5.0,0.18789554778548412
64.0,92.0,3.160637489612038
14.0,19.0,0.4087874653247183
4.0,4.0,3.026901606323078
12.0,14.0,5.778723960944612
6.0,7.0,0.5185012790344017
6.0,7.0,1.247053573214719
16.0,21.0,2.0652170037475996
10.0,10.0,0.6639807052206401
13.0,19.0,1.8304233769946463
52.0,63.0,3.871312443814983
2.0,5.0,0.18789554778548412
75.0,92.0,3.160637489612038
14.0,19.0,0.4087874653247183
3.0,4.0,3.026901606323078
13.0,14.0,5.778723960944612
5.0,7.0,0.5185012790344017
7.0,7.0,1.247053573214719
19.0,21.0,2.0652170037475996
10.0,10.0,0.6639807052206401
18.0,19.0,1.8304233769946463
56.0,63.0,3.871312443814983
4.0,5.0,0.18789554778548412
81.0,92.0,3.160637489612038
18.0,19.0,0.4087874653247183
3.0,7.0,4.955187922430937
0.0,16.0,7.214703015714357
0.0,3.0,0.5713860995384732
2.0,14.0,1.1145767940760725
1.0,8.0,0.9427240937896423
7.0,48.0,4.01305891813893
2.0,13.0,0.4803753653332574
1.0,13.0,0.3701732535668247
4.0,44.0,1.7655397131665238
10.0,81.0,3.211426873358088
2.0,34.0,0.7726017926987735
4.0,7.0,4.955187922430937
4.0,16.0,7.214703015714357
1.0,3.0,0.5713860995384732
2.0,14.0,1.1145767940760725
1.0,8.0,0.9427240937896423
10.0,48.0,4.01305891813893
4.0,13.0,0.4803753653332574
3.0,13.0,0.3701732535668247
3.0,44.0,1.7655397131665238
16.0,81.0,3.211426873358088
11.0,34.0,0.7726017926987735
2.0,7.0,4.955187922430937
2.0,16.0,7.214703015714357
1.0,3.0,0.5713860995384732
6.0,14.0,1.1145767940760725
2.0,8.0,0.9427240937896423
15.0,48.0,4.01305891813893
4.0,13.0,0.4803753653332574
5.0,13.0,0.3701732535668247
15.0,44.0,1.7655397131665238
28.0,81.0,3.211426873358088
14.0,34.0,0.7726017926987735
2.0,7.0,4.955187922430937
5.0,16.0,7.214703015714357
2.0,3.0,0.5713860995384732
4.0,14.0,1.1145767940760725
5.0,8.0,0.9427240937896423
16.0,48.0,4.01305891813893
5.0,13.0,0.4803753653332574
9.0,13.0,0.3701732535668247
24.0,44.0,1.7655397131665238
27.0,81.0,3.211426873358088
13.0,34.0,0.7726017926987735
1.0,7.0,4.955187922430937
10.0,16.0,7.214703015714357
3.0,3.0,0.5713860995384732
4.0,14.0,1.1145767940760725
5.0,8.0,0.9427240937896423
20.0,48.0,4.01305891813893
6.0,13.0,0.4803753653332574
6.0,13.0,0.3701732535668247
25.0,44.0,1.7655397131665238
37.0,81.0,3.211426873358088
21.0,34.0,0.7726017926987735
3.0,7.0,4.955187922430937
6.0,16.0,7.214703015714357
2.0,3.0,0.5713860995384732
9.0,14.0,1.1145767940760725
6.0,8.0,0.9427240937896423
28.0,48.0,4.01305891813893
12.0,13.0,0.4803753653332574
8.0,13.0,0.3701732535668247
22.0,44.0,1.7655397131665238
46.0,81.0,3.211426873358088
22.0,34.0,0.7726017926987735
5.0,7.0,4.955187922430937
12.0,16.0,7.214703015714357
2.0,3.0,0.5713860995384732
10.0,14.0,1.1145767940760725
6.0,8.0,0.9427240937896423
30.0,48.0,4.01305891813893
8.0,13.0,0.4803753653332574
8.0,13.0,0.3701732535668247
29.0,44.0,1.7655397131665238
64.0,81.0,3.211426873358088
22.0,34.0,0.7726017926987735
6.0,7.0,4.955187922430937
15.0,16.0,7.214703015714357
3.0,3.0,0.5713860995384732
11.0,14.0,1.1145767940760725
4.0,8.0,0.9427240937896423
40.0,48.0,4.01305891813893
13.0,13.0,0.4803753653332574
10.0,13.0,0.3701732535668247
34.0,44.0,1.7655397131665238
69.0,81.0,3.211426873358088
25.0,34.0,0.7726017926987735
6.0,7.0,4.955187922430937
14.0,16.0,7.214703015714357
3.0,3.0,0.5713860995384732
12.0,14.0,1.1145767940760725
7.0,8.0,0.9427240937896423
43.0,48.0,4.01305891813893
12.0,13.0,0.4803753653332574
12.0,13.0,0.3701732535668247
38.0,44.0,1.7655397131665238
73.0,81.0,3.211426873358088
32.0,34.0,0.7726017926987735
1.0,4.0,7.929656440607291
0.0,4.0,1.7665006395386955
0.0,9.0,2.7026189592010934
0.0,9.0,0.8773130507971388
2.0,25.0,2.642870111306054
2.0,26.0,1.7960333699790538
0.0,19.0,1.0344219452530128
8.0,70.0,2.231135652252383
1.0,17.0,0.6668124653427614
1.0,20.0,0.6046933606975459
1.0,10.0,0.3437741143489914
1.0,4.0,7.929656440607291
3.0,4.0,1.7665006395386955
1.0,9.0,2.7026189592010934
4.0,9.0,0.8773130507971388
8.0,25.0,2.642870111306054
5.0,26.0,1.7960333699790538
3.0,19.0,1.0344219452530128
16.0,70.0,2.231135652252383
6.0,17.0,0.6668124653427614
3.0,20.0,0.6046933606975459
3.0,10.0,0.3437741143489914
2.0,4.0,7.929656440607291
1.0,4.0,1.7665006395386955
4.0,9.0,2.7026189592010934
2.0,9.0,0.8773130507971388
4.0,25.0,2.642870111306054
13.0,26.0,1.7960333699790538
6.0,19.0,1.0344219452530128
19.0,70.0,2.231135652252383
6.0,17.0,0.6668124653427614
7.0,20.0,0.6046933606975459
4.0,10.0,0.3437741143489914
4.0,4.0,7.929656440607291
1.0,4.0,1.7665006395386955
6.0,9.0,2.7026189592010934
4.0,9.0,0.8773130507971388
11.0,25.0,2.642870111306054
8.0,26.0,1.7960333699790538
8.0,19.0,1.0344219452530128
30.0,70.0,2.231135652252383
5.0,17.0,0.6668124653427614
9.0,20.0,0.6046933606975459
5.0,10.0,0.3437741143489914
4.0,4.0,7.929656440607291
2.0,4.0,1.7665006395386955
3.0,9.0,2.7026189592010934
6.0,9.0,0.8773130507971388
15.0,25.0,2.642870111306054
10.0,26.0,1.7960333699790538
10.0,19.0,1.0344219452530128
41.0,70.0,2.231135652252383
9.0,17.0,0.6668124653427614
10.0,20.0,0.6046933606975459
5.0,10.0,0.3437741143489914
3.0,4.0,7.929656440607291
4.0,4.0,1.7665006395386955
7.0,9.0,2.7026189592010934
4.0,9.0,0.8773130507971388
12.0,25.0,2.642870111306054
16.0,26.0,1.7960333699790538
13.0,19.0,1.0344219452530128
39.0,70.0,2.231135652252383
6.0,17.0,0.6668124653427614
12.0,20.0,0.6046933606975459
3.0,10.0,0.3437741143489914
3.0,4.0,7.929656440607291
2.0,4.0,1.7665006395386955
8.0,9.0,2.7026189592010934
5.0,9.0,0.8773130507971388
19.0,25.0,2.642870111306054
18.0,26.0,1.7960333699790538
12.0,19.0,1.0344219452530128
52.0,70.0,2.231135652252383
11.0,17.0,0.6668124653427614
13.0,20.0,0.6046933606975459
8.0,10.0,0.3437741143489914
4.0,4.0,7.929656440607291
2.0,4.0,1.7665006395386955
8.0,9.0,2.7026189592010934
6.0,9.0,0.8773130507971388
18.0,25.0,2.642870111306054
18.0,26.0,1.7960333699790538
15.0,19.0,1.0344219452530128
54.0,70.0,2.231135652252383
9.0,17.0,0.6668124653427614
15.0,20.0,0.6046933606975459
8.0,10.0,0.3437741143489914
4.0,4.0,7.929656440607291
4.0,4.0,1.7665006395386955
9.0,9.0,2.7026189592010934
8.0,9.0,0.8773130507971388
22.0,25.0,2.642870111306054
23.0,26.0,1.7960333699790538
17.0,19.0,1.0344219452530128
58.0,70.0,2.231135652252383
17.0,17.0,0.6668124653427614
18.0,20.0,0.6046933606975459
8.0,10.0,0.3437741143489914
1.0,4.0,4.442338823747273
0.0,4.0,2.046176605953141
2.0,7.0,3.2695719012524522
3.0,11.0,2.057289445277699
4.0,39.0,5.530826042304337
4.0,28.0,2.206556823096366
2.0,17.0,0.6666794473950698
5.0,60.0,3.0904500916176665
1.0,19.0,0.6428595000140915
5.0,35.0,0.9413285597383503
3.0,22.0,1.0013492658333811
1.0,4.0,4.442338823747273
1.0,4.0,2.046176605953141
1.0,7.0,3.2695719012524522
3.0,11.0,2.057289445277699
7.0,39.0,5.530826042304337
5.0,28.0,2.206556823096366
4.0,17.0,0.6666794473950698
17.0,60.0,3.0904500916176665
2.0,19.0,0.6428595000140915
4.0,35.0,0.9413285597383503
7.0,22.0,1.0013492658333811
3.0,4.0,4.442338823747273
1.0,4.0,2.046176605953141
1.0,7.0,3.2695719012524522
2.0,11.0,2.057289445277699
8.0,39.0,5.530826042304337
4.0,28.0,2.206556823096366
6.0,17.0,0.6666794473950698
15.0,60.0,3.0904500916176665
7.0,19.0,0.6428595000140915
10.0,35.0,0.9413285597383503
8.0,22.0,1.0013492658333811
3.0,4.0,4.442338823747273
2.0,4.0,2.046176605953141
4.0,7.0,3.2695719012524522
3.0,11.0,2.057289445277699
14.0,39.0,5.530826042304337
9.0,28.0,2.206556823096366
6.0,17.0,0.6666794473950698
32.0,60.0,3.0904500916176665
8.0,19.0,0.6428595000140915
17.0,35.0,0.9413285597383503
12.0,22.0,1.0013492658333811
3.0,4.0,4.442338823747273
2.0,4.0,2.046176605953141
4.0,7.0,3.2695719012524522
3.0,11.0,2.057289445277699
13.0,39.0,5.530826042304337
18.0,28.0,2.206556823096366
5.0,17.0,0.6666794473950698
29.0,60.0,3.0904500916176665
11.0,19.0,0.6428595000140915
20.0,35.0,0.9413285597383503
14.0,22.0,1.0013492658333811
4.0,4.0,4.442338823747273
3.0,4.0,2.046176605953141
6.0,7.0,3.2695719012524522
8.0,11.0,2.057289445277699
25.0,39.0,5.530826042304337
21.0,28.0,2.206556823096366
8.0,17.0,0.6666794473950698
35.0,60.0,3.0904500916176665
13.0,19.0,0.6428595000140915
19.0,35.0,0.9413285597383503
12.0,22.0,1.0013492658333811
4.0,4.0,4.442338823747273
3.0,4.0,2.046176605953141
4.0,7.0,3.2695719012524522
9.0,11.0,2.057289445277699
27.0,39.0,5.530826042304337
25.0,28.0,2.206556823096366
12.0,17.0,0.6666794473950698
42.0,60.0,3.0904500916176665
12.0,19.0,0.6428595000140915
25.0,35.0,0.9413285597383503
14.0,22.0,1.0013492658333811
3.0,4.0,4.442338823747273
4.0,4.0,2.046176605953141
6.0,7.0,3.2695719012524522
9.0,11.0,2.057289445277699
34.0,39.0,5.530826042304337
24.0,28.0,2.206556823096366
16.0,17.0,0.6666794473950698
53.0,60.0,3.0904500916176665
16.0,19.0,0.6428595000140915
29.0,35.0,0.9413285597383503
17.0,22.0,1.0013492658333811
3.0,4.0,4.442338823747273
4.0,4.0,2.046176605953141
6.0,7.0,3.2695719012524522
9.0,11.0,2.057289445277699
35.0,39.0,5.530826042304337
25.0,28.0,2.206556823096366
17.0,17.0,0.6666794473950698
58.0,60.0,3.0904500916176665
18.0,19.0,0.6428595000140915
30.0,35.0,0.9413285597383503
19.0,22.0,1.0013492658333811
1.0,4.0,7.411460137249178
1.0,4.0,5.470299647337482
1.0,13.0,3.9288781419580134
1.0,9.0,0.7208482389005578
2.0,6.0,1.416952891478818
1.0,7.0,0.8607243912522582
0.0,2.0,0.2842033343055265
0.0,8.0,1.5149890644052326
2.0,11.0,2.67164794240814
7.0,61.0,5.849131422176419
1.0,12.0,0.6472025292765825
2.0,4.0,7.411460137249178
0.0,4.0,5.470299647337482
5.0,13.0,3.9288781419580134
3.0,9.0,0.7208482389005578
1.0,6.0,1.416952891478818
3.0,7.0,0.8607243912522582
0.0,2.0,0.2842033343055265
3.0,8.0,1.5149890644052326
2.0,11.0,2.67164794240814
11.0,61.0,5.849131422176419
1.0,12.0,0.6472025292765825
1.0,4.0,7.411460137249178
1.0,4.0,5.470299647337482
1.0,13.0,3.9288781419580134
3.0,9.0,0.7208482389005578
2.0,6.0,1.416952891478818
2.0,7.0,0.8607243912522582
1.0,2.0,0.2842033343055265
2.0,8.0,1.5149890644052326
4.0,11.0,2.67164794240814
20.0,61.0,5.849131422176419
6.0,12.0,0.6472025292765825
3.0,4.0,7.411460137249178
2.0,4.0,5.470299647337482
2.0,13.0,3.9288781419580134
4.0,9.0,0.7208482389005578
4.0,6.0,1.416952891478818
3.0,7.0,0.8607243912522582
2.0,2.0,0.2842033343055265
4.0,8.0,1.5149890644052326
7.0,11.0,2.67164794240814
23.0,61.0,5.849131422176419
8.0,12.0,0.6472025292765825
2.0,4.0,7.411460137249178
1.0,4.0,5.470299647337482
5.0,13.0,3.9288781419580134
6.0,9.0,0.7208482389005578
4.0,6.0,1.416952891478818
1.0,7.0,0.8607243912522582
2.0,2.0,0.2842033343055265
4.0,8.0,1.5149890644052326
4.0,11.0,2.67164794240814
28.0,61.0,5.849131422176419
9.0,12.0,0.6472025292765825
3.0,4.0,7.411460137249178
3.0,4.0,5.470299647337482
12.0,13.0,3.9288781419580134
7.0,9.0,0.7208482389005578
2.0,6.0,1.416952891478818
7.0,7.0,0.8607243912522582
2.0,2.0,0.2842033343055265
5.0,8.0,1.5149890644052326
6.0,11.0,2.67164794240814
39.0,61.0,5.849131422176419
10.0,12.0,0.6472025292765825
4.0,4.0,7.411460137249178
3.0,4.0,5.470299647337482
7.0,13.0,3.9288781419580134
7.0,9.0,0.7208482389005578
5.0,6.0,1.416952891478818
6.0,7.0,0.8607243912522582
2.0,2.0,0.2842033343055265
6.0,8.0,1.5149890644052326
8.0,11.0,2.67164794240814
42.0,61.0,5.849131422176419
7.0,12.0,0.6472025292765825
3.0,4.0,7.411460137249178
3.0,4.0,5.470299647337482
12.0,13.0,3.9288781419580134
7.0,9.0,0.7208482389005578
4.0,6.0,1.416952891478818
5.0,7.0,0.8607243912522582
1.0,2.0,0.2842033343055265
6.0,8.0,1.5149890644052326
7.0,11.0,2.67164794240814
51.0,61.0,5.849131422176419
12.0,12.0,0.6472025292765825
3.0,4.0,7.411460137249178
4.0,4.0,5.470299647337482
12.0,13.0,3.9288781419580134
9.0,9.0,0.7208482389005578
6.0,6.0,1.416952891478818
6.0,7.0,0.8607243912522582
2.0,2.0,0.2842033343055265
7.0,8.0,1.5149890644052326
9.0,11.0,2.67164794240814
54.0,61.0,5.849131422176419
11.0,12.0,0.6472025292765825
2.0,4.0,9.548549568259297
1.0,2.0,2.037113311125639
0.0,6.0,2.2571241986788033
0.0,5.0,2.7850880591868994
0.0,9.0,2.265228284466257
1.0,9.0,1.7075973973039578
2.0,18.0,2.8524766634274203
4.0,33.0,2.4701136362197116
2.0,5.0,0.45231880100036675
5.0,52.0,3.506967291248607
2.0,35.0,1.08296593839314
1.0,4.0,9.548549568259297
0.0,2.0,2.037113311125639
1.0,6.0,2.2571241986788033
3.0,5.0,2.7850880591868994
1.0,9.0,2.265228284466257
2.0,9.0,1.7075973973039578
3.0,18.0,2.8524766634274203
5.0,33.0,2.4701136362197116
1.0,5.0,0.45231880100036675
9.0,52.0,3.506967291248607
12.0,35.0,1.08296593839314
1.0,4.0,9.548549568259297
1.0,2.0,2.037113311125639
1.0,6.0,2.2571241986788033
1.0,5.0,2.7850880591868994
2.0,9.0,2.265228284466257
4.0,9.0,1.7075973973039578
4.0,18.0,2.8524766634274203
15.0,33.0,2.4701136362197116
1.0,5.0,0.45231880100036675
16.0,52.0,3.506967291248607
16.0,35.0,1.08296593839314
2.0,4.0,9.548549568259297
1.0,2.0,2.037113311125639
2.0,6.0,2.2571241986788033
3.0,5.0,2.7850880591868994
2.0,9.0,2.265228284466257
4.0,9.0,1.7075973973039578
4.0,18.0,2.8524766634274203
13.0,33.0,2.4701136362197116
1.0,5.0,0.45231880100036675
16.0,52.0,3.506967291248607
18.0,35.0,1.08296593839314
2.0,4.0,9.548549568259297
1.0,2.0,2.037113311125639
2.0,6.0,2.2571241986788033
2.0,5.0,2.7850880591868994
6.0,9.0,2.265228284466257
6.0,9.0,1.7075973973039578
10.0,18.0,2.8524766634274203
17.0,33.0,2.4701136362197116
2.0,5.0,0.45231880100036675
29.0,52.0,3.506967291248607
18.0,35.0,1.08296593839314
1.0,4.0,9.548549568259297
1.0,2.0,2.037113311125639
2.0,6.0,2.2571241986788033
5.0,5.0,2.7850880591868994
6.0,9.0,2.265228284466257
6.0,9.0,1.7075973973039578
13.0,18.0,2.8524766634274203
18.0,33.0,2.4701136362197116
2.0,5.0,0.45231880100036675
29.0,52.0,3.506967291248607
19.0,35.0,1.08296593839314
3.0,4.0,9.548549568259297
1.0,2.0,2.037113311125639
3.0,6.0,2.2571241986788033
5.0,5.0,2.7850880591868994
5.0,9.0,2.265228284466257
7.0,9.0,1.7075973973039578
14.0,18.0,2.8524766634274203
22.0,33.0,2.4701136362197116
4.0,5.0,0.45231880100036675
34.0,52.0,3.506967291248607
25.0,35.0,1.08296593839314
3.0,4.0,9.548549568259297
2.0,2.0,2.037113311125639
4.0,6.0,2.2571241986788033
5.0,5.0,2.7850880591868994
8.0,9.0,2.265228284466257
7.0,9.0,1.7075973973039578
15.0,18.0,2.8524766634274203
25.0,33.0,2.4701136362197116
5.0,5.0,0.45231880100036675
38.0,52.0,3.506967291248607
34.0,35.0,1.08296593839314
3.0,4.0,9.548549568259297
2.0,2.0,2.037113311125639
5.0,6.0,2.2571241986788033
4.0,5.0,2.7850880591868994
8.0,9.0,2.265228284466257
8.0,9.0,1.7075973973039578
16.0,18.0,2.8524766634274203
32.0,33.0,2.4701136362197116
4.0,5.0,0.45231880100036675
47.0,52.0,3.506967291248607
31.0,35.0,1.08296593839314
1.0,4.0,4.093451026826022
0.0,5.0,3.9357940420760955
4.0,15.0,5.548404891586817
1.0,9.0,0.8403009283638981
1.0,12.0,2.3296667425580946
3.0,30.0,2.3141263560485044
2.0,7.0,0.34981940559792074
7.0,52.0,2.4751966907767593
6.0,28.0,1.1428997747290297
0.0,10.0,0.33201266455686596
4.0,26.0,1.3062953844211431
1.0,4.0,4.093451026826022
0.0,5.0,3.9357940420760955
3.0,15.0,5.548404891586817
2.0,9.0,0.8403009283638981
3.0,12.0,2.3296667425580946
3.0,30.0,2.3141263560485044
2.0,7.0,0.34981940559792074
11.0,52.0,2.4751966907767593
2.0,28.0,1.1428997747290297
2.0,10.0,0.33201266455686596
5.0,26.0,1.3062953844211431
2.0,4.0,4.093451026826022
2.0,5.0,3.9357940420760955
7.0,15.0,5.548404891586817
2.0,9.0,0.8403009283638981
2.0,12.0,2.3296667425580946
11.0,30.0,2.3141263560485044
2.0,7.0,0.34981940559792074
12.0,52.0,2.4751966907767593
10.0,28.0,1.1428997747290297
4.0,10.0,0.33201266455686596
11.0,26.0,1.3062953844211431
1.0,4.0,4.093451026826022
1.0,5.0,3.9357940420760955
6.0,15.0,5.548404891586817
4.0,9.0,0.8403009283638981
2.0,12.0,2.3296667425580946
12.0,30.0,2.3141263560485044
3.0,7.0,0.34981940559792074
17.0,52.0,2.4751966907767593
9.0,28.0,1.1428997747290297
5.0,10.0,0.33201266455686596
13.0,26.0,1.3062953844211431
2.0,4.0,4.093451026826022
1.0,5.0,3.9357940420760955
10.0,15.0,5.548404891586817
5.0,9.0,0.8403009283638981
6.0,12.0,2.3296667425580946
13.0,30.0,2.3141263560485044
2.0,7.0,0.34981940559792074
33.0,52.0,2.4751966907767593
17.0,28.0,1.1428997747290297
7.0,10.0,0.33201266455686596
13.0,26.0,1.3062953844211431
1.0,4.0,4.093451026826022
3.0,5.0,3.9357940420760955
6.0,15.0,5.548404891586817
6.0,9.0,0.8403009283638981
3.0,12.0,2.3296667425580946
10.0,30.0,2.3141263560485044
4.0,7.0,0.34981940559792074
33.0,52.0,2.4751966907767593
16.0,28.0,1.1428997747290297
6.0,10.0,0.33201266455686596
13.0,26.0,1.3062953844211431
4.0,4.0,4.093451026826022
5.0,5.0,3.9357940420760955
11.0,15.0,5.548404891586817
6.0,9.0,0.8403009283638981
7.0,12.0,2.3296667425580946
21.0,30.0,2.3141263560485044
6.0,7.0,0.34981940559792074
37.0,52.0,2.4751966907767593
18.0,28.0,1.1428997747290297
3.0,10.0,0.33201266455686596
17.0,26.0,1.3062953844211431
3.0,4.0,4.093451026826022
0.0,5.0,3.9357940420760955
14.0,15.0,5.548404891586817
8.0,9.0,0.8403009283638981
9.0,12.0,2.3296667425580946
25.0,30.0,2.3141263560485044
5.0,7.0,0.34981940559792074
42.0,52.0,2.4751966907767593
21.0,28.0,1.1428997747290297
8.0,10.0,0.33201266455686596
20.0,26.0,1.3062953844211431
4.0,4.0,4.093451026826022
5.0,5.0,3.9357940420760955
13.0,15.0,5.548404891586817
9.0,9.0,0.8403009283638981
10.0,12.0,2.3296667425580946
26.0,30.0,2.3141263560485044
6.0,7.0,0.34981940559792074
47.0,52.0,2.4751966907767593
23.0,28.0,1.1428997747290297
10.0,10.0,0.33201266455686596
25.0,26.0,1.3062953844211431
1.0,3.0,3.360345131875644
0.0,3.0,3.878369691235868
1.0,5.0,2.2060672965815873
1.0,13.0,2.6532413677223627
1.0,17.0,2.2376515193594706
2.0,11.0,1.1299383685617277
3.0,42.0,2.084615096419966
5.0,48.0,2.172634032309815
5.0,32.0,1.2265356839073938
3.0,37.0,0.9752406255482855
7.0,32.0,1.0092222226781997
1.0,3.0,3.360345131875644
1.0,3.0,3.878369691235868
2.0,5.0,2.2060672965815873
6.0,13.0,2.6532413677223627
2.0,17.0,2.2376515193594706
4.0,11.0,1.1299383685617277
9.0,42.0,2.084615096419966
6.0,48.0,2.172634032309815
6.0,32.0,1.2265356839073938
6.0,37.0,0.9752406255482855
9.0,32.0,1.0092222226781997
1.0,3.0,3.360345131875644
1.0,3.0,3.878369691235868
0.0,5.0,2.2060672965815873
6.0,13.0,2.6532413677223627
5.0,17.0,2.2376515193594706
1.0,11.0,1.1299383685617277
10.0,42.0,2.084615096419966
17.0,48.0,2.172634032309815
12.0,32.0,1.2265356839073938
12.0,37.0,0.9752406255482855
13.0,32.0,1.0092222226781997
3.0,3.0,3.360345131875644
1.0,3.0,3.878369691235868
2.0,5.0,2.2060672965815873
4.0,13.0,2.6532413677223627
10.0,17.0,2.2376515193594706
5.0,11.0,1.1299383685617277
19.0,42.0,2.084615096419966
25.0,48.0,2.172634032309815
8.0,32.0,1.2265356839073938
10.0,37.0,0.9752406255482855
11.0,32.0,1.0092222226781997
2.0,3.0,3.360345131875644
1.0,3.0,3.878369691235868
2.0,5.0,2.2060672965815873
6.0,13.0,2.6532413677223627
8.0,17.0,2.2376515193594706
6.0,11.0,1.1299383685617277
21.0,42.0,2.084615096419966
22.0,48.0,2.172634032309815
19.0,32.0,1.2265356839073938
13.0,37.0,0.9752406255482855
21.0,32.0,1.0092222226781997
1.0,3.0,3.360345131875644
2.0,3.0,3.878369691235868
2.0,5.0,2.2060672965815873
10.0,13.0,2.6532413677223627
10.0,17.0,2.2376515193594706
9.0,11.0,1.1299383685617277
24.0,42.0,2.084615096419966
30.0,48.0,2.172634032309815
19.0,32.0,1.2265356839073938
22.0,37.0,0.9752406255482855
18.0,32.0,1.0092222226781997
2.0,3.0,3.360345131875644
3.0,3.0,3.878369691235868
3.0,5.0,2.2060672965815873
10.0,13.0,2.6532413677223627
15.0,17.0,2.2376515193594706
6.0,11.0,1.1299383685617277
24.0,42.0,2.084615096419966
30.0,48.0,2.172634032309815
23.0,32.0,1.2265356839073938
25.0,37.0,0.9752406255482855
24.0,32.0,1.0092222226781997
2.0,3.0,3.360345131875644
3.0,3.0,3.878369691235868
5.0,5.0,2.2060672965815873
12.0,13.0,2.6532413677223627
11.0,17.0,2.2376515193594706
7.0,11.0,1.1299383685617277
33.0,42.0,2.084615096419966
35.0,48.0,2.172634032309815
22.0,32.0,1.2265356839073938
29.0,37.0,0.9752406255482855
23.0,32.0,1.0092222226781997
3.0,3.0,3.360345131875644
3.0,3.0,3.878369691235868
5.0,5.0,2.2060672965815873
12.0,13.0,2.6532413677223627
16.0,17.0,2.2376515193594706
9.0,11.0,1.1299383685617277
35.0,42.0,2.084615096419966
44.0,48.0,2.172634032309815
26.0,32.0,1.2265356839073938
34.0,37.0,0.9752406255482855
31.0,32.0,1.0092222226781997
1.0,2.0,0.5395749004252992
1.0,2.0,1.0674572450949522
1.0,7.0,5.357904146257011
1.0,18.0,3.403241363284509
2.0,10.0,2.060469617350291
6.0,39.0,3.1350203941611205
1.0,9.0,0.7188115561712978
1.0,2.0,0.36591282400804886
1.0,19.0,1.4524405955981143
1.0,3.0,0.336911528506942
0.0,15.0,1.0536431497985475
1.0,2.0,0.5395749004252992
0.0,2.0,1.0674572450949522
1.0,7.0,5.357904146257011
4.0,18.0,3.403241363284509
2.0,10.0,2.060469617350291
4.0,39.0,3.1350203941611205
2.0,9.0,0.7188115561712978
1.0,2.0,0.36591282400804886
5.0,19.0,1.4524405955981143
1.0,3.0,0.336911528506942
2.0,15.0,1.0536431497985475
1.0,2.0,0.5395749004252992
0.0,2.0,1.0674572450949522
2.0,7.0,5.357904146257011
4.0,18.0,3.403241363284509
1.0,10.0,2.060469617350291
9.0,39.0,3.1350203941611205
3.0,9.0,0.7188115561712978
1.0,2.0,0.36591282400804886
6.0,19.0,1.4524405955981143
1.0,3.0,0.336911528506942
3.0,15.0,1.0536431497985475
1.0,2.0,0.5395749004252992
1.0,2.0,1.0674572450949522
2.0,7.0,5.357904146257011
6.0,18.0,3.403241363284509
3.0,10.0,2.060469617350291
17.0,39.0,3.1350203941611205
3.0,9.0,0.7188115561712978
0.0,2.0,0.36591282400804886
7.0,19.0,1.4524405955981143
1.0,3.0,0.336911528506942
3.0,15.0,1.0536431497985475
1.0,2.0,0.5395749004252992
2.0,2.0,1.0674572450949522
2.0,7.0,5.357904146257011
10.0,18.0,3.403241363284509
4.0,10.0,2.060469617350291
22.0,39.0,3.1350203941611205
2.0,9.0,0.7188115561712978
1.0,2.0,0.36591282400804886
7.0,19.0,1.4524405955981143
1.0,3.0,0.336911528506942
5.0,15.0,1.0536431497985475
2.0,2.0,0.5395749004252992
2.0,2.0,1.0674572450949522
3.0,7.0,5.357904146257011
11.0,18.0,3.403241363284509
6.0,10.0,2.060469617350291
23.0,39.0,3.1350203941611205
9.0,9.0,0.7188115561712978
2.0,2.0,0.36591282400804886
12.0,19.0,1.4524405955981143
2.0,3.0,0.336911528506942
12.0,15.0,1.0536431497985475
2.0,2.0,0.5395749004252992
2.0,2.0,1.0674572450949522
7.0,7.0,5.357904146257011
15.0,18.0,3.403241363284509
8.0,10.0,2.060469617350291
25.0,39.0,3.1350203941611205
9.0,9.0,0.7188115561712978
2.0,2.0,0.36591282400804886
15.0,19.0,1.4524405955981143
1.0,3.0,0.336911528506942
8.0,15.0,1.0536431497985475
1.0,2.0,0.5395749004252992
1.0,2.0,1.0674572450949522
4.0,7.0,5.357904146257011
13.0,18.0,3.403241363284509
8.0,10.0,2.060469617350291
31.0,39.0,3.1350203941611205
9.0,9.0,0.7188115561712978
2.0,2.0,0.36591282400804886
17.0,19.0,1.4524405955981143
3.0,3.0,0.336911528506942
11.0,15.0,1.0536431497985475
2.0,2.0,0.5395749004252992
2.0,2.0,1.0674572450949522
6.0,7.0,5.357904146257011
16.0,18.0,3.403241363284509
8.0,10.0,2.060469617350291
37.0,39.0,3.1350203941611205
7.0,9.0,0.7188115561712978
1.0,2.0,0.36591282400804886
15.0,19.0,1.4524405955981143
3.0,3.0,0.336911528506942
14.0,15.0,1.0536431497985475
1.0,2.0,6.642858668543379
0.0,4.0,3.8280665259472397
3.0,9.0,4.085903786356032
2.0,10.0,1.6815278124959836
4.0,40.0,6.26136012363036
0.0,15.0,0.947056761276054
3.0,19.0,1.008625001766459
5.0,24.0,1.2998097278325293
2.0,63.0,2.2652851321471474
5.0,75.0,2.2579050168964963
0.0,9.0,0.22771935413517688
1.0,2.0,6.642858668543379
1.0,4.0,3.8280665259472397
1.0,9.0,4.085903786356032
1.0,10.0,1.6815278124959836
8.0,40.0,6.26136012363036
2.0,15.0,0.947056761276054
5.0,19.0,1.008625001766459
9.0,24.0,1.2998097278325293
15.0,63.0,2.2652851321471474
14.0,75.0,2.2579050168964963
1.0,9.0,0.22771935413517688
1.0,2.0,6.642858668543379
4.0,4.0,3.8280665259472397
3.0,9.0,4.085903786356032
2.0,10.0,1.6815278124959836
16.0,40.0,6.26136012363036
4.0,15.0,0.947056761276054
4.0,19.0,1.008625001766459
8.0,24.0,1.2998097278325293
21.0,63.0,2.2652851321471474
20.0,75.0,2.2579050168964963
3.0,9.0,0.22771935413517688
1.0,2.0,6.642858668543379
3.0,4.0,3.8280665259472397
4.0,9.0,4.085903786356032
3.0,10.0,1.6815278124959836
18.0,40.0,6.26136012363036
4.0,15.0,0.947056761276054
8.0,19.0,1.008625001766459
9.0,24.0,1.2998097278325293
30.0,63.0,2.2652851321471474
33.0,75.0,2.2579050168964963
2.0,9.0,0.22771935413517688
1.0,2.0,6.642858668543379
3.0,4.0,3.8280665259472397
7.0,9.0,4.085903786356032
3.0,10.0,1.6815278124959836
23.0,40.0,6.26136012363036
6.0,15.0,0.947056761276054
4.0,19.0,1.008625001766459
9.0,24.0,1.2998097278325293
34.0,63.0,2.2652851321471474
38.0,75.0,2.2579050168964963
3.0,9.0,0.22771935413517688
1.0,2.0,6.642858668543379
4.0,4.0,3.8280665259472397
8.0,9.0,4.085903786356032
6.0,10.0,1.6815278124959836
22.0,40.0,6.26136012363036
11.0,15.0,0.947056761276054
12.0,19.0,1.008625001766459
15.0,24.0,1.2998097278325293
32.0,63.0,2.2652851321471474
57.0,75.0,2.2579050168964963
8.0,9.0,0.22771935413517688
1.0,2.0,6.642858668543379
4.0,4.0,3.8280665259472397
6.0,9.0,4.085903786356032
8.0,10.0,1.6815278124959836
29.0,40.0,6.26136012363036
9.0,15.0,0.947056761276054
12.0,19.0,1.008625001766459
16.0,24.0,1.2998097278325293
40.0,63.0,2.2652851321471474
53.0,75.0,2.2579050168964963
8.0,9.0,0.22771935413517688
2.0,2.0,6.642858668543379
3.0,4.0,3.8280665259472397
6.0,9.0,4.085903786356032
6.0,10.0,1.6815278124959836
27.0,40.0,6.26136012363036
13.0,15.0,0.947056761276054
15.0,19.0,1.008625001766459
21.0,24.0,1.2998097278325293
54.0,63.0,2.2652851321471474
63.0,75.0,2.2579050168964963
6.0,9.0,0.22771935413517688
2.0,2.0,6.642858668543379
4.0,4.0,3.8280665259472397
9.0,9.0,4.085903786356032
9.0,10.0,1.6815278124959836
36.0,40.0,6.26136012363036
13.0,15.0,0.947056761276054
16.0,19.0,1.008625001766459
23.0,24.0,1.2998097278325293
57.0,63.0,2.2652851321471474
68.0,75.0,2.2579050168964963
8.0,9.0,0.22771935413517688
1.0,4.0,6.408096440784128
2.0,11.0,7.774020280215275
2.0,21.0,2.0681991396411443
1.0,18.0,1.11368088155587
5.0,31.0,1.2705960069091589
1.0,19.0,1.0292969877885259
0.0,24.0,1.5433563498089495
5.0,23.0,1.0478848216590788
1.0,27.0,0.9804858356366362
0.0,4.0,0.1864186424502899
1.0,16.0,0.9815971892841693
2.0,4.0,6.408096440784128
1.0,11.0,7.774020280215275
8.0,21.0,2.0681991396411443
2.0,18.0,1.11368088155587
3.0,31.0,1.2705960069091589
1.0,19.0,1.0292969877885259
4.0,24.0,1.5433563498089495
1.0,23.0,1.0478848216590788
6.0,27.0,0.9804858356366362
0.0,4.0,0.1864186424502899
2.0,16.0,0.9815971892841693
1.0,4.0,6.408096440784128
3.0,11.0,7.774020280215275
4.0,21.0,2.0681991396411443
7.0,18.0,1.11368088155587
9.0,31.0,1.2705960069091589
7.0,19.0,1.0292969877885259
5.0,24.0,1.5433563498089495
6.0,23.0,1.0478848216590788
11.0,27.0,0.9804858356366362
3.0,4.0,0.1864186424502899
5.0,16.0,0.9815971892841693
2.0,4.0,6.408096440784128
3.0,11.0,7.774020280215275
13.0,21.0,2.0681991396411443
8.0,18.0,1.11368088155587
15.0,31.0,1.2705960069091589
8.0,19.0,1.0292969877885259
8.0,24.0,1.5433563498089495
6.0,23.0,1.0478848216590788
11.0,27.0,0.9804858356366362
3.0,4.0,0.1864186424502899
7.0,16.0,0.9815971892841693
1.0,4.0,6.408096440784128
6.0,11.0,7.774020280215275
10.0,21.0,2.0681991396411443
8.0,18.0,1.11368088155587
13.0,31.0,1.2705960069091589
10.0,19.0,1.0292969877885259
12.0,24.0,1.5433563498089495
12.0,23.0,1.0478848216590788
16.0,27.0,0.9804858356366362
1.0,4.0,0.1864186424502899
5.0,16.0,0.9815971892841693
2.0,4.0,6.408096440784128
5.0,11.0,7.774020280215275
14.0,21.0,2.0681991396411443
12.0,18.0,1.11368088155587
21.0,31.0,1.2705960069091589
9.0,19.0,1.0292969877885259
14.0,24.0,1.5433563498089495
13.0,23.0,1.0478848216590788
15.0,27.0,0.9804858356366362
2.0,4.0,0.1864186424502899
9.0,16.0,0.9815971892841693
3.0,4.0,6.408096440784128
7.0,11.0,7.774020280215275
11.0,21.0,2.0681991396411443
15.0,18.0,1.11368088155587
20.0,31.0,1.2705960069091589
14.0,19.0,1.0292969877885259
15.0,24.0,1.5433563498089495
14.0,23.0,1.0478848216590788
23.0,27.0,0.9804858356366362
3.0,4.0,0.1864186424502899
15.0,16.0,0.9815971892841693
4.0,4.0,6.408096440784128
7.0,11.0,7.774020280215275
15.0,21.0,2.0681991396411443
11.0,18.0,1.11368088155587
26.0,31.0,1.2705960069091589
17.0,19.0,1.0292969877885259
18.0,24.0,1.5433563498089495
19.0,23.0,1.0478848216590788
24.0,27.0,0.9804858356366362
3.0,4.0,0.1864186424502899
13.0,16.0,0.9815971892841693
4.0,4.0,6.408096440784128
9.0,11.0,7.774020280215275
19.0,21.0,2.0681991396411443
15.0,18.0,1.11368088155587
26.0,31.0,1.2705960069091589
19.0,19.0,1.0292969877885259
20.0,24.0,1.5433563498089495
19.0,23.0,1.0478848216590788
24.0,27.0,0.9804858356366362
4.0,4.0,0.1864186424502899
15.0,16.0,0.9815971892841693
2.0,8.0,8.200086312573973
3.0,39.0,7.6425917526009055
2.0,10.0,1.458507303580499
14.0,68.0,3.123976807628635
3.0,40.0,1.1426695674301977
0.0,4.0,0.06065078825615394
1.0,6.0,0.33828195654365145
1.0,16.0,0.9020107166277286
5.0,38.0,2.5369926586669322
1.0,21.0,0.7096603257017762
2.0,5.0,0.14269639800202122
1.0,8.0,8.200086312573973
5.0,39.0,7.6425917526009055
3.0,10.0,1.458507303580499
10.0,68.0,3.123976807628635
12.0,40.0,1.1426695674301977
1.0,4.0,0.06065078825615394
1.0,6.0,0.33828195654365145
5.0,16.0,0.9020107166277286
9.0,38.0,2.5369926586669322
7.0,21.0,0.7096603257017762
1.0,5.0,0.14269639800202122
2.0,8.0,8.200086312573973
11.0,39.0,7.6425917526009055
3.0,10.0,1.458507303580499
12.0,68.0,3.123976807628635
12.0,40.0,1.1426695674301977
1.0,4.0,0.06065078825615394
5.0,6.0,0.33828195654365145
5.0,16.0,0.9020107166277286
13.0,38.0,2.5369926586669322
3.0,21.0,0.7096603257017762
1.0,5.0,0.14269639800202122
2.0,8.0,8.200086312573973
18.0,39.0,7.6425917526009055
1.0,10.0,1.458507303580499
27.0,68.0,3.123976807628635
12.0,40.0,1.1426695674301977
2.0,4.0,0.06065078825615394
3.0,6.0,0.33828195654365145
7.0,16.0,0.9020107166277286
8.0,38.0,2.5369926586669322
13.0,21.0,0.7096603257017762
2.0,5.0,0.14269639800202122
4.0,8.0,8.200086312573973
22.0,39.0,7.6425917526009055
6.0,10.0,1.458507303580499
38.0,68.0,3.123976807628635
17.0,40.0,1.1426695674301977
2.0,4.0,0.06065078825615394
2.0,6.0,0.33828195654365145
6.0,16.0,0.9020107166277286
17.0,38.0,2.5369926586669322
13.0,21.0,0.7096603257017762
3.0,5.0,0.14269639800202122
6.0,8.0,8.200086312573973
25.0,39.0,7.6425917526009055
9.0,10.0,1.458507303580499
38.0,68.0,3.123976807628635
24.0,40.0,1.1426695674301977
4.0,4.0,0.06065078825615394
3.0,6.0,0.33828195654365145
8.0,16.0,0.9020107166277286
26.0,38.0,2.5369926586669322
12.0,21.0,0.7096603257017762
4.0,5.0,0.14269639800202122
5.0,8.0,8.200086312573973
31.0,39.0,7.6425917526009055
8.0,10.0,1.458507303580499
51.0,68.0,3.123976807628635
25.0,40.0,1.1426695674301977
3.0,4.0,0.06065078825615394
5.0,6.0,0.33828195654365145
11.0,16.0,0.9020107166277286
28.0,38.0,2.5369926586669322
17.0,21.0,0.7096603257017762
3.0,5.0,0.14269639800202122
3.0,8.0,8.200086312573973
30.0,39.0,7.6425917526009055
10.0,10.0,1.458507303580499
54.0,68.0,3.123976807628635
31.0,40.0,1.1426695674301977
4.0,4.0,0.06065078825615394
6.0,6.0,0.33828195654365145
13.0,16.0,0.9020107166277286
29.0,38.0,2.5369926586669322
20.0,21.0,0.7096603257017762
4.0,5.0,0.14269639800202122
6.0,8.0,8.200086312573973
36.0,39.0,7.6425917526009055
10.0,10.0,1.458507303580499
61.0,68.0,3.123976807628635
37.0,40.0,1.1426695674301977
4.0,4.0,0.06065078825615394
6.0,6.0,0.33828195654365145
15.0,16.0,0.9020107166277286
34.0,38.0,2.5369926586669322
19.0,21.0,0.7096603257017762
3.0,5.0,0.14269639800202122
1.0,3.0,5.618979303295881
1.0,12.0,6.297849301417712
0.0,12.0,2.964813458339554
3.0,14.0,1.502724836336535
6.0,77.0,5.221382627471148
3.0,35.0,1.2563390696501788
3.0,22.0,0.5676136175047969
1.0,5.0,0.15461163996997204
0.0,4.0,0.09045267379797878
2.0,16.0,0.8526798815350363
3.0,25.0,2.103852704114707
1.0,3.0,5.618979303295881
4.0,12.0,6.297849301417712
4.0,12.0,2.964813458339554
5.0,14.0,1.502724836336535
16.0,77.0,5.221382627471148
7.0,35.0,1.2563390696501788
6.0,22.0,0.5676136175047969
1.0,5.0,0.15461163996997204
0.0,4.0,0.09045267379797878
2.0,16.0,0.8526798815350363
8.0,25.0,2.103852704114707
2.0,3.0,5.618979303295881
4.0,12.0,6.297849301417712
3.0,12.0,2.964813458339554
2.0,14.0,1.502724836336535
19.0,77.0,5.221382627471148
12.0,35.0,1.2563390696501788
5.0,22.0,0.5676136175047969
2.0,5.0,0.15461163996997204
2.0,4.0,0.09045267379797878
7.0,16.0,0.8526798815350363
9.0,25.0,2.103852704114707
2.0,3.0,5.618979303295881
8.0,12.0,6.297849301417712
4.0,12.0,2.964813458339554
4.0,14.0,1.502724836336535
27.0,77.0,5.221382627471148
17.0,35.0,1.2563390696501788
9.0,22.0,0.5676136175047969
2.0,5.0,0.15461163996997204
2.0,4.0,0.09045267379797878
6.0,16.0,0.8526798815350363
10.0,25.0,2.103852704114707
2.0,3.0,5.618979303295881
6.0,12.0,6.297849301417712
8.0,12.0,2.964813458339554
8.0,14.0,1.502724836336535
32.0,77.0,5.221382627471148
20.0,35.0,1.2563390696501788
11.0,22.0,0.5676136175047969
3.0,5.0,0.15461163996997204
3.0,4.0,0.09045267379797878
10.0,16.0,0.8526798815350363
12.0,25.0,2.103852704114707
1.0,3.0,5.618979303295881
6.0,12.0,6.297849301417712
11.0,12.0,2.964813458339554
4.0,14.0,1.502724836336535
44.0,77.0,5.221382627471148
22.0,35.0,1.2563390696501788
15.0,22.0,0.5676136175047969
3.0,5.0,0.15461163996997204
3.0,4.0,0.09045267379797878
9.0,16.0,0.8526798815350363
13.0,25.0,2.103852704114707
2.0,3.0,5.618979303295881
9.0,12.0,6.297849301417712
9.0,12.0,2.964813458339554
10.0,14.0,1.502724836336535
57.0,77.0,5.221382627471148
17.0,35.0,1.2563390696501788
11.0,22.0,0.5676136175047969
5.0,5.0,0.15461163996997204
3.0,4.0,0.09045267379797878
13.0,16.0,0.8526798815350363
16.0,25.0,2.103852704114707
3.0,3.0,5.618979303295881
11.0,12.0,6.297849301417712
10.0,12.0,2.964813458339554
11.0,14.0,1.502724836336535
65.0,77.0,5.221382627471148
30.0,35.0,1.2563390696501788
17.0,22.0,0.5676136175047969
3.0,5.0,0.15461163996997204
3.0,4.0,0.09045267379797878
11.0,16.0,0.8526798815350363
21.0,25.0,2.103852704114707
2.0,3.0,5.618979303295881
10.0,12.0,6.297849301417712
9.0,12.0,2.964813458339554
12.0,14.0,1.502724836336535
68.0,77.0,5.221382627471148
29.0,35.0,1.2563390696501788
18.0,22.0,0.5676136175047969
4.0,5.0,0.15461163996997204
3.0,4.0,0.09045267379797878
13.0,16.0,0.8526798815350363
20.0,25.0,2.103852704114707
1.0,6.0,5.9588266653236275
0.0,3.0,1.6062966287724165
1.0,8.0,2.0202370989732428
0.0,4.0,0.54029585074976
6.0,31.0,5.603934700118931
7.0,59.0,3.9035603333966895
4.0,35.0,0.7738894363656837
3.0,32.0,0.8578495953439083
5.0,51.0,1.2167599458693164
7.0,79.0,1.8894959006630097
6.0,24.0,0.300463002607664
2.0,6.0,5.9588266653236275
1.0,3.0,1.6062966287724165
5.0,8.0,2.0202370989732428
0.0,4.0,0.54029585074976
6.0,31.0,5.603934700118931
11.0,59.0,3.9035603333966895
9.0,35.0,0.7738894363656837
5.0,32.0,0.8578495953439083
10.0,51.0,1.2167599458693164
20.0,79.0,1.8894959006630097
3.0,24.0,0.300463002607664
3.0,6.0,5.9588266653236275
1.0,3.0,1.6062966287724165
2.0,8.0,2.0202370989732428
2.0,4.0,0.54029585074976
11.0,31.0,5.603934700118931
18.0,59.0,3.9035603333966895
11.0,35.0,0.7738894363656837
8.0,32.0,0.8578495953439083
19.0,51.0,1.2167599458693164
24.0,79.0,1.8894959006630097
7.0,24.0,0.300463002607664
1.0,6.0,5.9588266653236275
1.0,3.0,1.6062966287724165
3.0,8.0,2.0202370989732428
2.0,4.0,0.54029585074976
12.0,31.0,5.603934700118931
22.0,59.0,3.9035603333966895
12.0,35.0,0.7738894363656837
11.0,32.0,0.8578495953439083
24.0,51.0,1.2167599458693164
38.0,79.0,1.8894959006630097
12.0,24.0,0.300463002607664
3.0,6.0,5.9588266653236275
2.0,3.0,1.6062966287724165
5.0,8.0,2.0202370989732428
2.0,4.0,0.54029585074976
19.0,31.0,5.603934700118931
33.0,59.0,3.9035603333966895
21.0,35.0,0.7738894363656837
15.0,32.0,0.8578495953439083
23.0,51.0,1.2167599458693164
35.0,79.0,1.8894959006630097
13.0,24.0,0.300463002607664
5.0,6.0,5.9588266653236275
2.0,3.0,1.6062966287724165
4.0,8.0,2.0202370989732428
4.0,4.0,0.54029585074976
22.0,31.0,5.603934700118931
40.0,59.0,3.9035603333966895
21.0,35.0,0.7738894363656837
19.0,32.0,0.8578495953439083
30.0,51.0,1.2167599458693164
47.0,79.0,1.8894959006630097
12.0,24.0,0.300463002607664
6.0,6.0,5.9588266653236275
2.0,3.0,1.6062966287724165
5.0,8.0,2.0202370989732428
2.0,4.0,0.54029585074976
25.0,31.0,5.603934700118931
39.0,59.0,3.9035603333966895
20.0,35.0,0.7738894363656837
22.0,32.0,0.8578495953439083
34.0,51.0,1.2167599458693164
53.0,79.0,1.8894959006630097
23.0,24.0,0.300463002607664
5.0,6.0,5.9588266653236275
1.0,3.0,1.6062966287724165
5.0,8.0,2.0202370989732428
3.0,4.0,0.54029585074976
23.0,31.0,5.603934700118931
48.0,59.0,3.9035603333966895
28.0,35.0,0.7738894363656837
30.0,32.0,0.8578495953439083
45.0,51.0,1.2167599458693164
61.0,79.0,1.8894959006630097
16.0,24.0,0.300463002607664
5.0,6.0,5.9588266653236275
3.0,3.0,1.6062966287724165
8.0,8.0,2.0202370989732428
4.0,4.0,0.54029585074976
28.0,31.0,5.603934700118931
56.0,59.0,3.9035603333966895
31.0,35.0,0.7738894363656837
32.0,32.0,0.8578495953439083
47.0,51.0,1.2167599458693164
72.0,79.0,1.8894959006630097
17.0,24.0,0.300463002607664
1.0,3.0,10.10385928618378
1.0,2.0,1.1578239597485174
2.0,5.0,5.208858344724903
2.0,17.0,5.639620911906119
1.0,10.0,1.6111724178794633
0.0,7.0,0.9999734427376777
4.0,37.0,2.9449911214028455
1.0,25.0,1.4321736763618356
1.0,17.0,0.6982773858672212
16.0,82.0,3.3772595496726883
4.0,53.0,1.4599654337175885
1.0,3.0,10.10385928618378
0.0,2.0,1.1578239597485174
1.0,5.0,5.208858344724903
8.0,17.0,5.639620911906119
1.0,10.0,1.6111724178794633
1.0,7.0,0.9999734427376777
8.0,37.0,2.9449911214028455
6.0,25.0,1.4321736763618356
4.0,17.0,0.6982773858672212
13.0,82.0,3.3772595496726883
13.0,53.0,1.4599654337175885
1.0,3.0,10.10385928618378
2.0,2.0,1.1578239597485174
0.0,5.0,5.208858344724903
5.0,17.0,5.639620911906119
4.0,10.0,1.6111724178794633
2.0,7.0,0.9999734427376777
6.0,37.0,2.9449911214028455
6.0,25.0,1.4321736763618356
4.0,17.0,0.6982773858672212
29.0,82.0,3.3772595496726883
12.0,53.0,1.4599654337175885
2.0,3.0,10.10385928618378
0.0,2.0,1.1578239597485174
2.0,5.0,5.208858344724903
8.0,17.0,5.639620911906119
6.0,10.0,1.6111724178794633
1.0,7.0,0.9999734427376777
14.0,37.0,2.9449911214028455
6.0,25.0,1.4321736763618356
4.0,17.0,0.6982773858672212
33.0,82.0,3.3772595496726883
26.0,53.0,1.4599654337175885
1.0,3.0,10.10385928618378
1.0,2.0,1.1578239597485174
3.0,5.0,5.208858344724903
7.0,17.0,5.639620911906119
6.0,10.0,1.6111724178794633
3.0,7.0,0.9999734427376777
17.0,37.0,2.9449911214028455
12.0,25.0,1.4321736763618356
10.0,17.0,0.6982773858672212
40.0,82.0,3.3772595496726883
36.0,53.0,1.4599654337175885
1.0,3.0,10.10385928618378
2.0,2.0,1.1578239597485174
4.0,5.0,5.208858344724903
15.0,17.0,5.639620911906119
8.0,10.0,1.6111724178794633
6.0,7.0,0.9999734427376777
21.0,37.0,2.9449911214028455
16.0,25.0,1.4321736763618356
12.0,17.0,0.6982773858672212
48.0,82.0,3.3772595496726883
34.0,53.0,1.4599654337175885
3.0,3.0,10.10385928618378
1.0,2.0,1.1578239597485174
3.0,5.0,5.208858344724903
14.0,17.0,5.639620911906119
5.0,10.0,1.6111724178794633
2.0,7.0,0.9999734427376777
23.0,37.0,2.9449911214028455
19.0,25.0,1.4321736763618356
10.0,17.0,0.6982773858672212
54.0,82.0,3.3772595496726883
40.0,53.0,1.4599654337175885
2.0,3.0,10.10385928618378
2.0,2.0,1.1578239597485174
4.0,5.0,5.208858344724903
16.0,17.0,5.639620911906119
10.0,10.0,1.6111724178794633
6.0,7.0,0.9999734427376777
31.0,37.0,2.9449911214028455
21.0,25.0,1.4321736763618356
10.0,17.0,0.6982773858672212
63.0,82.0,3.3772595496726883
40.0,53.0,1.4599654337175885
3.0,3.0,10.10385928618378
2.0,2.0,1.1578239597485174
5.0,5.0,5.208858344724903
15.0,17.0,5.639620911906119
10.0,10.0,1.6111724178794633
7.0,7.0,0.9999734427376777
35.0,37.0,2.9449911214028455
24.0,25.0,1.4321736763618356
12.0,17.0,0.6982773858672212
74.0,82.0,3.3772595496726883
45.0,53.0,1.4599654337175885
1.0,5.0,15.382000261577907
0.0,4.0,2.1526992931313607
3.0,15.0,3.14087319286483
2.0,12.0,2.1644882560989123
0.0,16.0,1.5806656831744126
2.0,20.0,2.033924881804327
1.0,16.0,0.9624387837767621
1.0,23.0,1.097479339558516
5.0,29.0,1.5550093273454122
0.0,5.0,0.29968102005545855
2.0,25.0,1.2854913812109434
1.0,5.0,15.382000261577907
2.0,4.0,2.1526992931313607
1.0,15.0,3.14087319286483
2.0,12.0,2.1644882560989123
3.0,16.0,1.5806656831744126
4.0,20.0,2.033924881804327
4.0,16.0,0.9624387837767621
6.0,23.0,1.097479339558516
8.0,29.0,1.5550093273454122
1.0,5.0,0.29968102005545855
4.0,25.0,1.2854913812109434
3.0,5.0,15.382000261577907
2.0,4.0,2.1526992931313607
4.0,15.0,3.14087319286483
5.0,12.0,2.1644882560989123
2.0,16.0,1.5806656831744126
11.0,20.0,2.033924881804327
3.0,16.0,0.9624387837767621
8.0,23.0,1.097479339558516
10.0,29.0,1.5550093273454122
1.0,5.0,0.29968102005545855
8.0,25.0,1.2854913812109434
2.0,5.0,15.382000261577907
2.0,4.0,2.1526992931313607
3.0,15.0,3.14087319286483
5.0,12.0,2.1644882560989123
7.0,16.0,1.5806656831744126
7.0,20.0,2.033924881804327
5.0,16.0,0.9624387837767621
9.0,23.0,1.097479339558516
16.0,29.0,1.5550093273454122
4.0,5.0,0.29968102005545855
11.0,25.0,1.2854913812109434
2.0,5.0,15.382000261577907
2.0,4.0,2.1526992931313607
4.0,15.0,3.14087319286483
7.0,12.0,2.1644882560989123
7.0,16.0,1.5806656831744126
10.0,20.0,2.033924881804327
6.0,16.0,0.9624387837767621
11.0,23.0,1.097479339558516
20.0,29.0,1.5550093273454122
1.0,5.0,0.29968102005545855
16.0,25.0,1.2854913812109434
4.0,5.0,15.382000261577907
3.0,4.0,2.1526992931313607
7.0,15.0,3.14087319286483
5.0,12.0,2.1644882560989123
9.0,16.0,1.5806656831744126
10.0,20.0,2.033924881804327
13.0,16.0,0.9624387837767621
10.0,23.0,1.097479339558516
16.0,29.0,1.5550093273454122
2.0,5.0,0.29968102005545855
13.0,25.0,1.2854913812109434
4.0,5.0,15.382000261577907
3.0,4.0,2.1526992931313607
13.0,15.0,3.14087319286483
7.0,12.0,2.1644882560989123
8.0,16.0,1.5806656831744126
16.0,20.0,2.033924881804327
14.0,16.0,0.9624387837767621
16.0,23.0,1.097479339558516
24.0,29.0,1.5550093273454122
4.0,5.0,0.29968102005545855
18.0,25.0,1.2854913812109434
3.0,5.0,15.382000261577907
3.0,4.0,2.1526992931313607
12.0,15.0,3.14087319286483
7.0,12.0,2.1644882560989123
12.0,16.0,1.5806656831744126
17.0,20.0,2.033924881804327
11.0,16.0,0.9624387837767621
19.0,23.0,1.097479339558516
23.0,29.0,1.5550093273454122
2.0,5.0,0.29968102005545855
21.0,25.0,1.2854913812109434
4.0,5.0,15.382000261577907
3.0,4.0,2.1526992931313607
13.0,15.0,3.14087319286483
12.0,12.0,2.1644882560989123
16.0,16.0,1.5806656831744126
19.0,20.0,2.033924881804327
15.0,16.0,0.9624387837767621
20.0,23.0,1.097479339558516
26.0,29.0,1.5550093273454122
5.0,5.0,0.29968102005545855
24.0,25.0,1.2854913812109434
2.0,5.0,4.391644153235286
1.0,3.0,1.239408913820843
0.0,6.0,1.5537645985936055
1.0,6.0,1.5099406030506644
2.0,24.0,3.0861705369635675
3.0,42.0,3.6791158146370484
3.0,21.0,1.0142969011768688
3.0,43.0,1.5714653901879478
11.0,75.0,2.056482813618226
12.0,97.0,2.158191830174155
4.0,44.0,0.6646641636134291
1.0,5.0,4.391644153235286
1.0,3.0,1.239408913820843
0.0,6.0,1.5537645985936055
1.0,6.0,1.5099406030506644
2.0,24.0,3.0861705369635675
4.0,42.0,3.6791158146370484
6.0,21.0,1.0142969011768688
7.0,43.0,1.5714653901879478
13.0,75.0,2.056482813618226
17.0,97.0,2.158191830174155
5.0,44.0,0.6646641636134291
3.0,5.0,4.391644153235286
1.0,3.0,1.239408913820843
2.0,6.0,1.5537645985936055
1.0,6.0,1.5099406030506644
7.0,24.0,3.0861705369635675
14.0,42.0,3.6791158146370484
10.0,21.0,1.0142969011768688
15.0,43.0,1.5714653901879478
22.0,75.0,2.056482813618226
28.0,97.0,2.158191830174155
18.0,44.0,0.6646641636134291
1.0,5.0,4.391644153235286
0.0,3.0,1.239408913820843
4.0,6.0,1.5537645985936055
3.0,6.0,1.5099406030506644
11.0,24.0,3.0861705369635675
20.0,42.0,3.6791158146370484
7.0,21.0,1.0142969011768688
23.0,43.0,1.5714653901879478
28.0,75.0,2.056482813618226
42.0,97.0,2.158191830174155
19.0,44.0,0.6646641636134291
3.0,5.0,4.391644153235286
1.0,3.0,1.239408913820843
4.0,6.0,1.5537645985936055
2.0,6.0,1.5099406030506644
17.0,24.0,3.0861705369635675
21.0,42.0,3.6791158146370484
9.0,21.0,1.0142969011768688
24.0,43.0,1.5714653901879478
39.0,75.0,2.056482813618226
55.0,97.0,2.158191830174155
21.0,44.0,0.6646641636134291
1.0,5.0,4.391644153235286
2.0,3.0,1.239408913820843
5.0,6.0,1.5537645985936055
4.0,6.0,1.5099406030506644
17.0,24.0,3.0861705369635675
28.0,42.0,3.6791158146370484
14.0,21.0,1.0142969011768688
25.0,43.0,1.5714653901879478
42.0,75.0,2.056482813618226
62.0,97.0,2.158191830174155
28.0,44.0,0.6646641636134291
4.0,5.0,4.391644153235286
3.0,3.0,1.239408913820843
5.0,6.0,1.5537645985936055
4.0,6.0,1.5099406030506644
16.0,24.0,3.0861705369635675
32.0,42.0,3.6791158146370484
15.0,21.0,1.0142969011768688
32.0,43.0,1.5714653901879478
43.0,75.0,2.056482813618226
72.0,97.0,2.158191830174155
36.0,44.0,0.6646641636134291
3.0,5.0,4.391644153235286
3.0,3.0,1.239408913820843
5.0,6.0,1.5537645985936055
6.0,6.0,1.5099406030506644
18.0,24.0,3.0861705369635675
32.0,42.0,3.6791158146370484
15.0,21.0,1.0142969011768688
34.0,43.0,1.5714653901879478
61.0,75.0,2.056482813618226
77.0,97.0,2.158191830174155
31.0,44.0,0.6646641636134291
5.0,5.0,4.391644153235286
3.0,3.0,1.239408913820843
5.0,6.0,1.5537645985936055
4.0,6.0,1.5099406030506644
21.0,24.0,3.0861705369635675
36.0,42.0,3.6791158146370484
17.0,21.0,1.0142969011768688
40.0,43.0,1.5714653901879478
65.0,75.0,2.056482813618226
85.0,97.0,2.158191830174155
41.0,44.0,0.6646641636134291
1.0,3.0,4.53805148592625
0.0,3.0,2.5691127395475513
2.0,10.0,5.969444605396784
0.0,5.0,1.5918153262366563
1.0,11.0,2.883662201676231
3.0,22.0,3.0368905283138097
0.0,7.0,0.7953840428538336
4.0,22.0,1.9054966673500724
0.0,6.0,0.539643242027637
3.0,21.0,2.027670879313214
1.0,42.0,2.647315239940564
1.0,3.0,4.53805148592625
1.0,3.0,2.5691127395475513
3.0,10.0,5.969444605396784
1.0,5.0,1.5918153262366563
3.0,11.0,2.883662201676231
1.0,22.0,3.0368905283138097
2.0,7.0,0.7953840428538336
2.0,22.0,1.9054966673500724
2.0,6.0,0.539643242027637
2.0,21.0,2.027670879313214
7.0,42.0,2.647315239940564
2.0,3.0,4.53805148592625
1.0,3.0,2.5691127395475513
3.0,10.0,5.969444605396784
3.0,5.0,1.5918153262366563
4.0,11.0,2.883662201676231
10.0,22.0,3.0368905283138097
3.0,7.0,0.7953840428538336
5.0,22.0,1.9054966673500724
2.0,6.0,0.539643242027637
9.0,21.0,2.027670879313214
11.0,42.0,2.647315239940564
1.0,3.0,4.53805148592625
2.0,3.0,2.5691127395475513
3.0,10.0,5.969444605396784
3.0,5.0,1.5918153262366563
2.0,11.0,2.883662201676231
8.0,22.0,3.0368905283138097
4.0,7.0,0.7953840428538336
9.0,22.0,1.9054966673500724
2.0,6.0,0.539643242027637
10.0,21.0,2.027670879313214
18.0,42.0,2.647315239940564
1.0,3.0,4.53805148592625
2.0,3.0,2.5691127395475513
7.0,10.0,5.969444605396784
2.0,5.0,1.5918153262366563
7.0,11.0,2.883662201676231
11.0,22.0,3.0368905283138097
1.0,7.0,0.7953840428538336
10.0,22.0,1.9054966673500724
4.0,6.0,0.539643242027637
9.0,21.0,2.027670879313214
24.0,42.0,2.647315239940564
2.0,3.0,4.53805148592625
1.0,3.0,2.5691127395475513
6.0,10.0,5.969444605396784
3.0,5.0,1.5918153262366563
4.0,11.0,2.883662201676231
12.0,22.0,3.0368905283138097
2.0,7.0,0.7953840428538336
12.0,22.0,1.9054966673500724
4.0,6.0,0.539643242027637
13.0,21.0,2.027670879313214
25.0,42.0,2.647315239940564
3.0,3.0,4.53805148592625
2.0,3.0,2.5691127395475513
7.0,10.0,5.969444605396784
4.0,5.0,1.5918153262366563
10.0,11.0,2.883662201676231
16.0,22.0,3.0368905283138097
5.0,7.0,0.7953840428538336
14.0,22.0,1.9054966673500724
1.0,6.0,0.539643242027637
13.0,21.0,2.027670879313214
30.0,42.0,2.647315239940564
2.0,3.0,4.53805148592625
3.0,3.0,2.5691127395475513
8.0,10.0,5.969444605396784
4.0,5.0,1.5918153262366563
10.0,11.0,2.883662201676231
21.0,22.0,3.0368905283138097
7.0,7.0,0.7953840428538336
18.0,22.0,1.9054966673500724
4.0,6.0,0.539643242027637
17.0,21.0,2.027670879313214
35.0,42.0,2.647315239940564
3.0,3.0,4.53805148592625
2.0,3.0,2.5691127395475513
9.0,10.0,5.969444605396784
5.0,5.0,1.5918153262366563
10.0,11.0,2.883662201676231
22.0,22.0,3.0368905283138097
7.0,7.0,0.7953840428538336
20.0,22.0,1.9054966673500724
6.0,6.0,0.539643242027637
19.0,21.0,2.027670879313214
34.0,42.0,2.647315239940564
2.0,7.0,7.149020269677216
1.0,4.0,1.523012246356884
2.0,10.0,1.9965898268397444
2.0,8.0,1.5206857875307798
1.0,19.0,1.7784023304895957
4.0,47.0,3.7157120321368766
5.0,59.0,2.4329944485631745
8.0,74.0,1.7876616268551409
7.0,56.0,1.019600672733068
7.0,31.0,0.3624827957340033
3.0,27.0,0.6576852910593979
2.0,7.0,7.149020269677216
0.0,4.0,1.523012246356884
2.0,10.0,1.9965898268397444
1.0,8.0,1.5206857875307798
0.0,19.0,1.7784023304895957
5.0,47.0,3.7157120321368766
11.0,59.0,2.4329944485631745
15.0,74.0,1.7876616268551409
14.0,56.0,1.019600672733068
9.0,31.0,0.3624827957340033
8.0,27.0,0.6576852910593979
3.0,7.0,7.149020269677216
0.0,4.0,1.523012246356884
3.0,10.0,1.9965898268397444
1.0,8.0,1.5206857875307798
8.0,19.0,1.7784023304895957
11.0,47.0,3.7157120321368766
16.0,59.0,2.4329944485631745
22.0,74.0,1.7876616268551409
11.0,56.0,1.019600672733068
10.0,31.0,0.3624827957340033
7.0,27.0,0.6576852910593979
2.0,7.0,7.149020269677216
2.0,4.0,1.523012246356884
0.0,10.0,1.9965898268397444
4.0,8.0,1.5206857875307798
6.0,19.0,1.7784023304895957
20.0,47.0,3.7157120321368766
22.0,59.0,2.4329944485631745
32.0,74.0,1.7876616268551409
22.0,56.0,1.019600672733068
13.0,31.0,0.3624827957340033
11.0,27.0,0.6576852910593979
3.0,7.0,7.149020269677216
1.0,4.0,1.523012246356884
8.0,10.0,1.9965898268397444
4.0,8.0,1.5206857875307798
12.0,19.0,1.7784023304895957
15.0,47.0,3.7157120321368766
31.0,59.0,2.4329944485631745
31.0,74.0,1.7876616268551409
30.0,56.0,1.019600672733068
16.0,31.0,0.3624827957340033
12.0,27.0,0.6576852910593979
2.0,7.0,7.149020269677216
2.0,4.0,1.523012246356884
6.0,10.0,1.9965898268397444
6.0,8.0,1.5206857875307798
10.0,19.0,1.7784023304895957
23.0,47.0,3.7157120321368766
34.0,59.0,2.4329944485631745
40.0,74.0,1.7876616268551409
20.0,56.0,1.019600672733068
18.0,31.0,0.3624827957340033
15.0,27.0,0.6576852910593979
7.0,7.0,7.149020269677216
3.0,4.0,1.523012246356884
6.0,10.0,1.9965898268397444
7.0,8.0,1.5206857875307798
12.0,19.0,1.7784023304895957
35.0,47.0,3.7157120321368766
40.0,59.0,2.4329944485631745
51.0,74.0,1.7876616268551409
39.0,56.0,1.019600672733068
21.0,31.0,0.3624827957340033
17.0,27.0,0.6576852910593979
5.0,7.0,7.149020269677216
4.0,4.0,1.523012246356884
8.0,10.0,1.9965898268397444
6.0,8.0,1.5206857875307798
17.0,19.0,1.7784023304895957
41.0,47.0,3.7157120321368766
53.0,59.0,2.4329944485631745
61.0,74.0,1.7876616268551409
49.0,56.0,1.019600672733068
23.0,31.0,0.3624827957340033
20.0,27.0,0.6576852910593979
5.0,7.0,7.149020269677216
4.0,4.0,1.523012246356884
10.0,10.0,1.9965898268397444
6.0,8.0,1.5206857875307798
18.0,19.0,1.7784023304895957
42.0,47.0,3.7157120321368766
54.0,59.0,2.4329944485631745
68.0,74.0,1.7876616268551409
51.0,56.0,1.019600672733068
30.0,31.0,0.3624827957340033
26.0,27.0,0.6576852910593979
1.0,4.0,10.616414503276422
0.0,4.0,2.3127649230335545
2.0,23.0,4.5166023910234765
3.0,85.0,8.842689239220604
1.0,20.0,0.6088578889812084
10.0,107.0,2.2322538699079084
1.0,11.0,0.17907665317678267
2.0,36.0,0.7133898471610935
7.0,68.0,1.7636195307431728
6.0,22.0,0.41028078497791237
4.0,26.0,0.6295176998797236
1.0,4.0,10.616414503276422
1.0,4.0,2.3127649230335545
5.0,23.0,4.5166023910234765
18.0,85.0,8.842689239220604
5.0,20.0,0.6088578889812084
28.0,107.0,2.2322538699079084
2.0,11.0,0.17907665317678267
8.0,36.0,0.7133898471610935
12.0,68.0,1.7636195307431728
4.0,22.0,0.41028078497791237
6.0,26.0,0.6295176998797236
2.0,4.0,10.616414503276422
2.0,4.0,2.3127649230335545
5.0,23.0,4.5166023910234765
25.0,85.0,8.842689239220604
5.0,20.0,0.6088578889812084
38.0,107.0,2.2322538699079084
2.0,11.0,0.17907665317678267
10.0,36.0,0.7133898471610935
15.0,68.0,1.7636195307431728
3.0,22.0,0.41028078497791237
10.0,26.0,0.6295176998797236
1.0,4.0,10.616414503276422
1.0,4.0,2.3127649230335545
11.0,23.0,4.5166023910234765
30.0,85.0,8.842689239220604
6.0,20.0,0.6088578889812084
46.0,107.0,2.2322538699079084
6.0,11.0,0.17907665317678267
13.0,36.0,0.7133898471610935
26.0,68.0,1.7636195307431728
10.0,22.0,0.41028078497791237
5.0,26.0,0.6295176998797236
3.0,4.0,10.616414503276422
2.0,4.0,2.3127649230335545
12.0,23.0,4.5166023910234765
44.0,85.0,8.842689239220604
12.0,20.0,0.6088578889812084
59.0,107.0,2.2322538699079084
8.0,11.0,0.17907665317678267
19.0,36.0,0.7133898471610935
36.0,68.0,1.7636195307431728
9.0,22.0,0.41028078497791237
14.0,26.0,0.6295176998797236
2.0,4.0,10.616414503276422
3.0,4.0,2.3127649230335545
14.0,23.0,4.5166023910234765
51.0,85.0,8.842689239220604
10.0,20.0,0.6088578889812084
69.0,107.0,2.2322538699079084
7.0,11.0,0.17907665317678267
23.0,36.0,0.7133898471610935
34.0,68.0,1.7636195307431728
12.0,22.0,0.41028078497791237
18.0,26.0,0.6295176998797236
2.0,4.0,10.616414503276422
2.0,4.0,2.3127649230335545
17.0,23.0,4.5166023910234765
53.0,85.0,8.842689239220604
16.0,20.0,0.6088578889812084
80.0,107.0,2.2322538699079084
9.0,11.0,0.17907665317678267
27.0,36.0,0.7133898471610935
38.0,68.0,1.7636195307431728
16.0,22.0,0.41028078497791237
19.0,26.0,0.6295176998797236
3.0,4.0,10.616414503276422
4.0,4.0,2.3127649230335545
18.0,23.0,4.5166023910234765
71.0,85.0,8.842689239220604
15.0,20.0,0.6088578889812084
85.0,107.0,2.2322538699079084
9.0,11.0,0.17907665317678267
28.0,36.0,0.7133898471610935
47.0,68.0,1.7636195307431728
15.0,22.0,0.41028078497791237
23.0,26.0,0.6295176998797236
3.0,4.0,10.616414503276422
3.0,4.0,2.3127649230335545
21.0,23.0,4.5166023910234765
75.0,85.0,8.842689239220604
16.0,20.0,0.6088578889812084
97.0,107.0,2.2322538699079084
10.0,11.0,0.17907665317678267
31.0,36.0,0.7133898471610935
65.0,68.0,1.7636195307431728
20.0,22.0,0.41028078497791237
25.0,26.0,0.6295176998797236
1.0,12.0,17.497817061735077
1.0,24.0,4.80520335054516
2.0,14.0,1.6854070031253936
4.0,16.0,1.1004402932250166
2.0,30.0,1.5997166462951202
2.0,23.0,1.1669425210514521
3.0,13.0,0.96474498854557
0.0,15.0,0.8356254756127377
6.0,80.0,3.7380432339463723
4.0,55.0,1.3173046266729243
2.0,21.0,0.36461274030203294
3.0,12.0,17.497817061735077
5.0,24.0,4.80520335054516
5.0,14.0,1.6854070031253936
5.0,16.0,1.1004402932250166
2.0,30.0,1.5997166462951202
4.0,23.0,1.1669425210514521
1.0,13.0,0.96474498854557
1.0,15.0,0.8356254756127377
14.0,80.0,3.7380432339463723
7.0,55.0,1.3173046266729243
5.0,21.0,0.36461274030203294
2.0,12.0,17.497817061735077
8.0,24.0,4.80520335054516
5.0,14.0,1.6854070031253936
5.0,16.0,1.1004402932250166
10.0,30.0,1.5997166462951202
6.0,23.0,1.1669425210514521
1.0,13.0,0.96474498854557
3.0,15.0,0.8356254756127377
27.0,80.0,3.7380432339463723
14.0,55.0,1.3173046266729243
5.0,21.0,0.36461274030203294
7.0,12.0,17.497817061735077
10.0,24.0,4.80520335054516
9.0,14.0,1.6854070031253936
6.0,16.0,1.1004402932250166
5.0,30.0,1.5997166462951202
9.0,23.0,1.1669425210514521
1.0,13.0,0.96474498854557
2.0,15.0,0.8356254756127377
31.0,80.0,3.7380432339463723
22.0,55.0,1.3173046266729243
11.0,21.0,0.36461274030203294
4.0,12.0,17.497817061735077
14.0,24.0,4.80520335054516
8.0,14.0,1.6854070031253936
3.0,16.0,1.1004402932250166
12.0,30.0,1.5997166462951202
10.0,23.0,1.1669425210514521
6.0,13.0,0.96474498854557
8.0,15.0,0.8356254756127377
40.0,80.0,3.7380432339463723
32.0,55.0,1.3173046266729243
7.0,21.0,0.36461274030203294
8.0,12.0,17.497817061735077
17.0,24.0,4.80520335054516
7.0,14.0,1.6854070031253936
11.0,16.0,1.1004402932250166
22.0,30.0,1.5997166462951202
16.0,23.0,1.1669425210514521
5.0,13.0,0.96474498854557
12.0,15.0,0.8356254756127377
53.0,80.0,3.7380432339463723
31.0,55.0,1.3173046266729243
14.0,21.0,0.36461274030203294
10.0,12.0,17.497817061735077
13.0,24.0,4.80520335054516
11.0,14.0,1.6854070031253936
13.0,16.0,1.1004402932250166
23.0,30.0,1.5997166462951202
19.0,23.0,1.1669425210514521
8.0,13.0,0.96474498854557
12.0,15.0,0.8356254756127377
58.0,80.0,3.7380432339463723
43.0,55.0,1.3173046266729243
14.0,21.0,0.36461274030203294
11.0,12.0,17.497817061735077
22.0,24.0,4.80520335054516
7.0,14.0,1.6854070031253936
13.0,16.0,1.1004402932250166
23.0,30.0,1.5997166462951202
17.0,23.0,1.1669425210514521
10.0,13.0,0.96474498854557
12.0,15.0,0.8356254756127377
55.0,80.0,3.7380432339463723
41.0,55.0,1.3173046266729243
18.0,21.0,0.36461274030203294
12.0,12.0,17.497817061735077
22.0,24.0,4.80520335054516
14.0,14.0,1.6854070031253936
16.0,16.0,1.1004402932250166
27.0,30.0,1.5997166462951202
21.0,23.0,1.1669425210514521
12.0,13.0,0.96474498854557
15.0,15.0,0.8356254756127377
76.0,80.0,3.7380432339463723
47.0,55.0,1.3173046266729243
19.0,21.0,0.36461274030203294
1.0,2.0,7.378678382951285
0.0,4.0,2.3191267027937412
2.0,18.0,7.01902950298064
2.0,20.0,2.1167329215220807
5.0,26.0,2.68938763441518
7.0,73.0,2.8578638089671733
1.0,4.0,0.16126227284156747
3.0,25.0,0.8262180398242092
5.0,10.0,0.3205193100582154
4.0,44.0,2.185280104162577
5.0,34.0,1.5584809595004365
1.0,2.0,7.378678382951285
1.0,4.0,2.3191267027937412
3.0,18.0,7.01902950298064
5.0,20.0,2.1167329215220807
6.0,26.0,2.68938763441518
14.0,73.0,2.8578638089671733
0.0,4.0,0.16126227284156747
7.0,25.0,0.8262180398242092
3.0,10.0,0.3205193100582154
10.0,44.0,2.185280104162577
4.0,34.0,1.5584809595004365
1.0,2.0,7.378678382951285
1.0,4.0,2.3191267027937412
8.0,18.0,7.01902950298064
7.0,20.0,2.1167329215220807
8.0,26.0,2.68938763441518
21.0,73.0,2.8578638089671733
1.0,4.0,0.16126227284156747
5.0,25.0,0.8262180398242092
5.0,10.0,0.3205193100582154
13.0,44.0,2.185280104162577
7.0,34.0,1.5584809595004365
1.0,2.0,7.378678382951285
1.0,4.0,2.3191267027937412
5.0,18.0,7.01902950298064
7.0,20.0,2.1167329215220807
12.0,26.0,2.68938763441518
34.0,73.0,2.8578638089671733
2.0,4.0,0.16126227284156747
10.0,25.0,0.8262180398242092
4.0,10.0,0.3205193100582154
12.0,44.0,2.185280104162577
11.0,34.0,1.5584809595004365
1.0,2.0,7.378678382951285
2.0,4.0,2.3191267027937412
9.0,18.0,7.01902950298064
10.0,20.0,2.1167329215220807
12.0,26.0,2.68938763441518
36.0,73.0,2.8578638089671733
2.0,4.0,0.16126227284156747
15.0,25.0,0.8262180398242092
6.0,10.0,0.3205193100582154
23.0,44.0,2.185280104162577
17.0,34.0,1.5584809595004365
1.0,2.0,7.378678382951285
4.0,4.0,2.3191267027937412
12.0,18.0,7.01902950298064
16.0,20.0,2.1167329215220807
20.0,26.0,2.68938763441518
47.0,73.0,2.8578638089671733
3.0,4.0,0.16126227284156747
19.0,25.0,0.8262180398242092
7.0,10.0,0.3205193100582154
29.0,44.0,2.185280104162577
23.0,34.0,1.5584809595004365
2.0,2.0,7.378678382951285
4.0,4.0,2.3191267027937412
8.0,18.0,7.01902950298064
16.0,20.0,2.1167329215220807
17.0,26.0,2.68938763441518
48.0,73.0,2.8578638089671733
3.0,4.0,0.16126227284156747
15.0,25.0,0.8262180398242092
6.0,10.0,0.3205193100582154
31.0,44.0,2.185280104162577
24.0,34.0,1.5584809595004365
1.0,2.0,7.378678382951285
3.0,4.0,2.3191267027937412
15.0,18.0,7.01902950298064
17.0,20.0,2.1167329215220807
20.0,26.0,2.68938763441518
61.0,73.0,2.8578638089671733
4.0,4.0,0.16126227284156747
23.0,25.0,0.8262180398242092
8.0,10.0,0.3205193100582154
34.0,44.0,2.185280104162577
24.0,34.0,1.5584809595004365
2.0,2.0,7.378678382951285
4.0,4.0,2.3191267027937412
16.0,18.0,7.01902950298064
19.0,20.0,2.1167329215220807
22.0,26.0,2.68938763441518
66.0,73.0,2.8578638089671733
4.0,4.0,0.16126227284156747
25.0,25.0,0.8262180398242092
10.0,10.0,0.3205193100582154
38.0,44.0,2.185280104162577
30.0,34.0,1.5584809595004365
1.0,3.0,4.951556853611833
1.0,5.0,2.541319174590573
1.0,7.0,2.3859284462728976
1.0,15.0,2.58937337692661
0.0,4.0,0.5105754628178678
4.0,20.0,2.566812237254228
8.0,56.0,3.422553303930542
2.0,22.0,0.7601609695899817
1.0,5.0,0.33588549632667686
0.0,11.0,0.6649026497882818
1.0,6.0,0.2576643221929914
1.0,3.0,4.951556853611833
1.0,5.0,2.541319174590573
1.0,7.0,2.3859284462728976
2.0,15.0,2.58937337692661
0.0,4.0,0.5105754628178678
5.0,20.0,2.566812237254228
16.0,56.0,3.422553303930542
5.0,22.0,0.7601609695899817
2.0,5.0,0.33588549632667686
2.0,11.0,0.6649026497882818
1.0,6.0,0.2576643221929914
1.0,3.0,4.951556853611833
1.0,5.0,2.541319174590573
1.0,7.0,2.3859284462728976
4.0,15.0,2.58937337692661
0.0,4.0,0.5105754628178678
5.0,20.0,2.566812237254228
14.0,56.0,3.422553303930542
7.0,22.0,0.7601609695899817
4.0,5.0,0.33588549632667686
1.0,11.0,0.6649026497882818
3.0,6.0,0.2576643221929914
2.0,3.0,4.951556853611833
1.0,5.0,2.541319174590573
2.0,7.0,2.3859284462728976
7.0,15.0,2.58937337692661
1.0,4.0,0.5105754628178678
4.0,20.0,2.566812237254228
24.0,56.0,3.422553303930542
12.0,22.0,0.7601609695899817
3.0,5.0,0.33588549632667686
4.0,11.0,0.6649026497882818
1.0,6.0,0.2576643221929914
1.0,3.0,4.951556853611833
1.0,5.0,2.541319174590573
4.0,7.0,2.3859284462728976
6.0,15.0,2.58937337692661
2.0,4.0,0.5105754628178678
10.0,20.0,2.566812237254228
31.0,56.0,3.422553303930542
7.0,22.0,0.7601609695899817
3.0,5.0,0.33588549632667686
6.0,11.0,0.6649026497882818
2.0,6.0,0.2576643221929914
2.0,3.0,4.951556853611833
2.0,5.0,2.541319174590573
3.0,7.0,2.3859284462728976
8.0,15.0,2.58937337692661
3.0,4.0,0.5105754628178678
12.0,20.0,2.566812237254228
31.0,56.0,3.422553303930542
16.0,22.0,0.7601609695899817
3.0,5.0,0.33588549632667686
9.0,11.0,0.6649026497882818
2.0,6.0,0.2576643221929914
3.0,3.0,4.951556853611833
4.0,5.0,2.541319174590573
5.0,7.0,2.3859284462728976
10.0,15.0,2.58937337692661
2.0,4.0,0.5105754628178678
13.0,20.0,2.566812237254228
41.0,56.0,3.422553303930542
16.0,22.0,0.7601609695899817
2.0,5.0,0.33588549632667686
5.0,11.0,0.6649026497882818
4.0,6.0,0.2576643221929914
3.0,3.0,4.951556853611833
4.0,5.0,2.541319174590573
4.0,7.0,2.3859284462728976
13.0,15.0,2.58937337692661
3.0,4.0,0.5105754628178678
15.0,20.0,2.566812237254228
43.0,56.0,3.422553303930542
18.0,22.0,0.7601609695899817
4.0,5.0,0.33588549632667686
10.0,11.0,0.6649026497882818
4.0,6.0,0.2576643221929914
3.0,3.0,4.951556853611833
4.0,5.0,2.541319174590573
7.0,7.0,2.3859284462728976
12.0,15.0,2.58937337692661
4.0,4.0,0.5105754628178678
18.0,20.0,2.566812237254228
53.0,56.0,3.422553303930542
20.0,22.0,0.7601609695899817
4.0,5.0,0.33588549632667686
9.0,11.0,0.6649026497882818
6.0,6.0,0.2576643221929914
1.0,7.0,8.970721574437784
0.0,9.0,2.6380325065987287
3.0,41.0,6.044753288638629
1.0,18.0,1.3847933445994933
0.0,10.0,0.23753661511633786
7.0,46.0,2.147684704402613
8.0,61.0,2.4438371903923723
6.0,46.0,0.9664562240089215
3.0,27.0,0.7102516861093802
4.0,60.0,1.0187471001937902
5.0,47.0,1.1645311058899888
2.0,7.0,8.970721574437784
0.0,9.0,2.6380325065987287
8.0,41.0,6.044753288638629
4.0,18.0,1.3847933445994933
4.0,10.0,0.23753661511633786
8.0,46.0,2.147684704402613
15.0,61.0,2.4438371903923723
9.0,46.0,0.9664562240089215
5.0,27.0,0.7102516861093802
7.0,60.0,1.0187471001937902
10.0,47.0,1.1645311058899888
2.0,7.0,8.970721574437784
3.0,9.0,2.6380325065987287
13.0,41.0,6.044753288638629
4.0,18.0,1.3847933445994933
3.0,10.0,0.23753661511633786
17.0,46.0,2.147684704402613
15.0,61.0,2.4438371903923723
13.0,46.0,0.9664562240089215
10.0,27.0,0.7102516861093802
17.0,60.0,1.0187471001937902
12.0,47.0,1.1645311058899888
4.0,7.0,8.970721574437784
4.0,9.0,2.6380325065987287
13.0,41.0,6.044753288638629
10.0,18.0,1.3847933445994933
4.0,10.0,0.23753661511633786
18.0,46.0,2.147684704402613
28.0,61.0,2.4438371903923723
18.0,46.0,0.9664562240089215
12.0,27.0,0.7102516861093802
22.0,60.0,1.0187471001937902
22.0,47.0,1.1645311058899888
5.0,7.0,8.970721574437784
5.0,9.0,2.6380325065987287
19.0,41.0,6.044753288638629
12.0,18.0,1.3847933445994933
4.0,10.0,0.23753661511633786
26.0,46.0,2.147684704402613
36.0,61.0,2.4438371903923723
19.0,46.0,0.9664562240089215
14.0,27.0,0.7102516861093802
26.0,60.0,1.0187471001937902
20.0,47.0,1.1645311058899888
4.0,7.0,8.970721574437784
5.0,9.0,2.6380325065987287
29.0,41.0,6.044753288638629
7.0,18.0,1.3847933445994933
7.0,10.0,0.23753661511633786
24.0,46.0,2.147684704402613
34.0,61.0,2.4438371903923723
30.0,46.0,0.9664562240089215
14.0,27.0,0.7102516861093802
36.0,60.0,1.0187471001937902
26.0,47.0,1.1645311058899888
6.0,7.0,8.970721574437784
6.0,9.0,2.6380325065987287
32.0,41.0,6.044753288638629
15.0,18.0,1.3847933445994933
6.0,10.0,0.23753661511633786
27.0,46.0,2.147684704402613
45.0,61.0,2.4438371903923723
33.0,46.0,0.9664562240089215
14.0,27.0,0.7102516861093802
44.0,60.0,1.0187471001937902
30.0,47.0,1.1645311058899888
6.0,7.0,8.970721574437784
6.0,9.0,2.6380325065987287
38.0,41.0,6.044753288638629
16.0,18.0,1.3847933445994933
8.0,10.0,0.23753661511633786
37.0,46.0,2.147684704402613
53.0,61.0,2.4438371903923723
35.0,46.0,0.9664562240089215
19.0,27.0,0.7102516861093802
50.0,60.0,1.0187471001937902
32.0,47.0,1.1645311058899888
7.0,7.0,8.970721574437784
9.0,9.0,2.6380325065987287
37.0,41.0,6.044753288638629
17.0,18.0,1.3847933445994933
9.0,10.0,0.23753661511633786
42.0,46.0,2.147684704402613
58.0,61.0,2.4438371903923723
43.0,46.0,0.9664562240089215
21.0,27.0,0.7102516861093802
55.0,60.0,1.0187471001937902
44.0,47.0,1.1645311058899888
2.0,3.0,2.2514230539334066
0.0,4.0,6.870276246128238
2.0,11.0,2.101794939116435
0.0,3.0,0.8119380807243712
1.0,10.0,1.4137451308525624
9.0,78.0,8.03960889848009
6.0,46.0,1.9277663387933308
4.0,18.0,0.4642397238417385
0.0,8.0,0.2260882051174112
6.0,75.0,2.789785976216401
3.0,40.0,1.185662643077919
1.0,3.0,2.2514230539334066
1.0,4.0,6.870276246128238
0.0,11.0,2.101794939116435
1.0,3.0,0.8119380807243712
1.0,10.0,1.4137451308525624
21.0,78.0,8.03960889848009
7.0,46.0,1.9277663387933308
3.0,18.0,0.4642397238417385
1.0,8.0,0.2260882051174112
20.0,75.0,2.789785976216401
11.0,40.0,1.185662643077919
1.0,3.0,2.2514230539334066
2.0,4.0,6.870276246128238
5.0,11.0,2.101794939116435
2.0,3.0,0.8119380807243712
2.0,10.0,1.4137451308525624
25.0,78.0,8.03960889848009
16.0,46.0,1.9277663387933308
8.0,18.0,0.4642397238417385
1.0,8.0,0.2260882051174112
24.0,75.0,2.789785976216401
9.0,40.0,1.185662643077919
3.0,3.0,2.2514230539334066
2.0,4.0,6.870276246128238
3.0,11.0,2.101794939116435
1.0,3.0,0.8119380807243712
4.0,10.0,1.4137451308525624
28.0,78.0,8.03960889848009
18.0,46.0,1.9277663387933308
5.0,18.0,0.4642397238417385
3.0,8.0,0.2260882051174112
29.0,75.0,2.789785976216401
15.0,40.0,1.185662643077919
3.0,3.0,2.2514230539334066
1.0,4.0,6.870276246128238
3.0,11.0,2.101794939116435
2.0,3.0,0.8119380807243712
4.0,10.0,1.4137451308525624
46.0,78.0,8.03960889848009
18.0,46.0,1.9277663387933308
12.0,18.0,0.4642397238417385
3.0,8.0,0.2260882051174112
44.0,75.0,2.789785976216401
23.0,40.0,1.185662643077919
1.0,3.0,2.2514230539334066
2.0,4.0,6.870276246128238
6.0,11.0,2.101794939116435
2.0,3.0,0.8119380807243712
6.0,10.0,1.4137451308525624
47.0,78.0,8.03960889848009
28.0,46.0,1.9277663387933308
11.0,18.0,0.4642397238417385
3.0,8.0,0.2260882051174112
52.0,75.0,2.789785976216401
32.0,40.0,1.185662643077919
2.0,3.0,2.2514230539334066
3.0,4.0,6.870276246128238
9.0,11.0,2.101794939116435
2.0,3.0,0.8119380807243712
7.0,10.0,1.4137451308525624
56.0,78.0,8.03960889848009
25.0,46.0,1.9277663387933308
11.0,18.0,0.4642397238417385
7.0,8.0,0.2260882051174112
56.0,75.0,2.789785976216401
28.0,40.0,1.185662643077919
3.0,3.0,2.2514230539334066
1.0,4.0,6.870276246128238
11.0,11.0,2.101794939116435
2.0,3.0,0.8119380807243712
6.0,10.0,1.4137451308525624
64.0,78.0,8.03960889848009
41.0,46.0,1.9277663387933308
14.0,18.0,0.4642397238417385
5.0,8.0,0.2260882051174112
66.0,75.0,2.789785976216401
25.0,40.0,1.185662643077919
3.0,3.0,2.2514230539334066
4.0,4.0,6.870276246128238
10.0,11.0,2.101794939116435
3.0,3.0,0.8119380807243712
8.0,10.0,1.4137451308525624
72.0,78.0,8.03960889848009
44.0,46.0,1.9277663387933308
14.0,18.0,0.4642397238417385
6.0,8.0,0.2260882051174112
73.0,75.0,2.789785976216401
38.0,40.0,1.185662643077919
1.0,3.0,2.2681595918160906
1.0,10.0,5.512051841200915
2.0,10.0,2.9478072711752406
1.0,22.0,3.2384507061667027
0.0,11.0,0.9163616380025754
2.0,60.0,3.1203824604850006
3.0,19.0,0.6790441339607846
6.0,44.0,1.2868937593902694
3.0,15.0,0.5344542316045127
6.0,31.0,0.966478232205027
2.0,20.0,0.8888358578600587
1.0,3.0,2.2681595918160906
0.0,10.0,5.512051841200915
4.0,10.0,2.9478072711752406
7.0,22.0,3.2384507061667027
2.0,11.0,0.9163616380025754
18.0,60.0,3.1203824604850006
5.0,19.0,0.6790441339607846
8.0,44.0,1.2868937593902694
4.0,15.0,0.5344542316045127
8.0,31.0,0.966478232205027
5.0,20.0,0.8888358578600587
1.0,3.0,2.2681595918160906
3.0,10.0,5.512051841200915
5.0,10.0,2.9478072711752406
5.0,22.0,3.2384507061667027
6.0,11.0,0.9163616380025754
19.0,60.0,3.1203824604850006
3.0,19.0,0.6790441339607846
11.0,44.0,1.2868937593902694
7.0,15.0,0.5344542316045127
5.0,31.0,0.966478232205027
10.0,20.0,0.8888358578600587
2.0,3.0,2.2681595918160906
2.0,10.0,5.512051841200915
4.0,10.0,2.9478072711752406
8.0,22.0,3.2384507061667027
7.0,11.0,0.9163616380025754
22.0,60.0,3.1203824604850006
6.0,19.0,0.6790441339607846
20.0,44.0,1.2868937593902694
6.0,15.0,0.5344542316045127
10.0,31.0,0.966478232205027
10.0,20.0,0.8888358578600587
2.0,3.0,2.2681595918160906
5.0,10.0,5.512051841200915
4.0,10.0,2.9478072711752406
13.0,22.0,3.2384507061667027
7.0,11.0,0.9163616380025754
31.0,60.0,3.1203824604850006
11.0,19.0,0.6790441339607846
21.0,44.0,1.2868937593902694
9.0,15.0,0.5344542316045127
11.0,31.0,0.966478232205027
10.0,20.0,0.8888358578600587
3.0,3.0,2.2681595918160906
5.0,10.0,5.512051841200915
7.0,10.0,2.9478072711752406
14.0,22.0,3.2384507061667027
6.0,11.0,0.9163616380025754
34.0,60.0,3.1203824604850006
10.0,19.0,0.6790441339607846
27.0,44.0,1.2868937593902694
8.0,15.0,0.5344542316045127
19.0,31.0,0.966478232205027
10.0,20.0,0.8888358578600587
2.0,3.0,2.2681595918160906
7.0,10.0,5.512051841200915
8.0,10.0,2.9478072711752406
12.0,22.0,3.2384507061667027
8.0,11.0,0.9163616380025754
47.0,60.0,3.1203824604850006
15.0,19.0,0.6790441339607846
27.0,44.0,1.2868937593902694
8.0,15.0,0.5344542316045127
22.0,31.0,0.966478232205027
14.0,20.0,0.8888358578600587
3.0,3.0,2.2681595918160906
9.0,10.0,5.512051841200915
8.0,10.0,2.9478072711752406
19.0,22.0,3.2384507061667027
9.0,11.0,0.9163616380025754
49.0,60.0,3.1203824604850006
16.0,19.0,0.6790441339607846
35.0,44.0,1.2868937593902694
12.0,15.0,0.5344542316045127
25.0,31.0,0.966478232205027
18.0,20.0,0.8888358578600587
2.0,3.0,2.2681595918160906
10.0,10.0,5.512051841200915
9.0,10.0,2.9478072711752406
20.0,22.0,3.2384507061667027
10.0,11.0,0.9163616380025754
49.0,60.0,3.1203824604850006
16.0,19.0,0.6790441339607846
36.0,44.0,1.2868937593902694
14.0,15.0,0.5344542316045127
30.0,31.0,0.966478232205027
18.0,20.0,0.8888358578600587
1.0,2.0,2.771522036465202
0.0,5.0,1.9418821458794182
1.0,10.0,3.2409786463382644
2.0,3.0,0.5806237652016831
1.0,25.0,3.102842092967816
1.0,10.0,1.5425375556745484
2.0,18.0,1.6843641056636396
1.0,20.0,1.568200763980145
0.0,4.0,0.19070988190172547
4.0,43.0,3.522823812955188
1.0,11.0,0.39347788440261156
1.0,2.0,2.771522036465202
1.0,5.0,1.9418821458794182
1.0,10.0,3.2409786463382644
1.0,3.0,0.5806237652016831
7.0,25.0,3.102842092967816
2.0,10.0,1.5425375556745484
2.0,18.0,1.6843641056636396
1.0,20.0,1.568200763980145
1.0,4.0,0.19070988190172547
8.0,43.0,3.522823812955188
1.0,11.0,0.39347788440261156
1.0,2.0,2.771522036465202
1.0,5.0,1.9418821458794182
3.0,10.0,3.2409786463382644
2.0,3.0,0.5806237652016831
8.0,25.0,3.102842092967816
5.0,10.0,1.5425375556745484
4.0,18.0,1.6843641056636396
8.0,20.0,1.568200763980145
0.0,4.0,0.19070988190172547
14.0,43.0,3.522823812955188
3.0,11.0,0.39347788440261156
2.0,2.0,2.771522036465202
3.0,5.0,1.9418821458794182
3.0,10.0,3.2409786463382644
2.0,3.0,0.5806237652016831
11.0,25.0,3.102842092967816
4.0,10.0,1.5425375556745484
8.0,18.0,1.6843641056636396
4.0,20.0,1.568200763980145
1.0,4.0,0.19070988190172547
11.0,43.0,3.522823812955188
5.0,11.0,0.39347788440261156
1.0,2.0,2.771522036465202
4.0,5.0,1.9418821458794182
6.0,10.0,3.2409786463382644
2.0,3.0,0.5806237652016831
15.0,25.0,3.102842092967816
5.0,10.0,1.5425375556745484
9.0,18.0,1.6843641056636396
9.0,20.0,1.568200763980145
3.0,4.0,0.19070988190172547
25.0,43.0,3.522823812955188
8.0,11.0,0.39347788440261156
1.0,2.0,2.771522036465202
1.0,5.0,1.9418821458794182
5.0,10.0,3.2409786463382644
3.0,3.0,0.5806237652016831
16.0,25.0,3.102842092967816
6.0,10.0,1.5425375556745484
12.0,18.0,1.6843641056636396
16.0,20.0,1.568200763980145
2.0,4.0,0.19070988190172547
18.0,43.0,3.522823812955188
8.0,11.0,0.39347788440261156
1.0,2.0,2.771522036465202
2.0,5.0,1.9418821458794182
8.0,10.0,3.2409786463382644
3.0,3.0,0.5806237652016831
18.0,25.0,3.102842092967816
6.0,10.0,1.5425375556745484
13.0,18.0,1.6843641056636396
14.0,20.0,1.568200763980145
2.0,4.0,0.19070988190172547
29.0,43.0,3.522823812955188
6.0,11.0,0.39347788440261156
1.0,2.0,2.771522036465202
5.0,5.0,1.9418821458794182
7.0,10.0,3.2409786463382644
3.0,3.0,0.5806237652016831
22.0,25.0,3.102842092967816
7.0,10.0,1.5425375556745484
16.0,18.0,1.6843641056636396
15.0,20.0,1.568200763980145
2.0,4.0,0.19070988190172547
38.0,43.0,3.522823812955188
7.0,11.0,0.39347788440261156
2.0,2.0,2.771522036465202
5.0,5.0,1.9418821458794182
9.0,10.0,3.2409786463382644
2.0,3.0,0.5806237652016831
24.0,25.0,3.102842092967816
10.0,10.0,1.5425375556745484
17.0,18.0,1.6843641056636396
16.0,20.0,1.568200763980145
4.0,4.0,0.19070988190172547
41.0,43.0,3.522823812955188
9.0,11.0,0.39347788440261156
1.0,6.0,13.116910915314536
2.0,11.0,3.959721521923492
0.0,2.0,0.19805167600422255
2.0,40.0,7.948798187801639
7.0,36.0,2.3742533960692667
7.0,56.0,2.4099780257947936
8.0,88.0,2.4921315170634837
5.0,95.0,1.5087093225431985
5.0,32.0,0.5390324399430892
7.0,82.0,1.1275698257464277
2.0,23.0,0.3615055064892698
3.0,6.0,13.116910915314536
3.0,11.0,3.959721521923492
0.0,2.0,0.19805167600422255
5.0,40.0,7.948798187801639
7.0,36.0,2.3742533960692667
12.0,56.0,2.4099780257947936
18.0,88.0,2.4921315170634837
15.0,95.0,1.5087093225431985
5.0,32.0,0.5390324399430892
13.0,82.0,1.1275698257464277
3.0,23.0,0.3615055064892698
1.0,6.0,13.116910915314536
2.0,11.0,3.959721521923492
0.0,2.0,0.19805167600422255
14.0,40.0,7.948798187801639
10.0,36.0,2.3742533960692667
16.0,56.0,2.4099780257947936
15.0,88.0,2.4921315170634837
32.0,95.0,1.5087093225431985
8.0,32.0,0.5390324399430892
24.0,82.0,1.1275698257464277
5.0,23.0,0.3615055064892698
2.0,6.0,13.116910915314536
6.0,11.0,3.959721521923492
1.0,2.0,0.19805167600422255
21.0,40.0,7.948798187801639
12.0,36.0,2.3742533960692667
25.0,56.0,2.4099780257947936
31.0,88.0,2.4921315170634837
41.0,95.0,1.5087093225431985
7.0,32.0,0.5390324399430892
36.0,82.0,1.1275698257464277
11.0,23.0,0.3615055064892698
6.0,6.0,13.116910915314536
4.0,11.0,3.959721521923492
0.0,2.0,0.19805167600422255
25.0,40.0,7.948798187801639
22.0,36.0,2.3742533960692667
24.0,56.0,2.4099780257947936
47.0,88.0,2.4921315170634837
39.0,95.0,1.5087093225431985
14.0,32.0,0.5390324399430892
46.0,82.0,1.1275698257464277
12.0,23.0,0.3615055064892698
5.0,6.0,13.116910915314536
8.0,11.0,3.959721521923492
1.0,2.0,0.19805167600422255
23.0,40.0,7.948798187801639
19.0,36.0,2.3742533960692667
38.0,56.0,2.4099780257947936
38.0,88.0,2.4921315170634837
49.0,95.0,1.5087093225431985
13.0,32.0,0.5390324399430892
47.0,82.0,1.1275698257464277
13.0,23.0,0.3615055064892698
5.0,6.0,13.116910915314536
10.0,11.0,3.959721521923492
1.0,2.0,0.19805167600422255
24.0,40.0,7.948798187801639
27.0,36.0,2.3742533960692667
40.0,56.0,2.4099780257947936
61.0,88.0,2.4921315170634837
58.0,95.0,1.5087093225431985
24.0,32.0,0.5390324399430892
57.0,82.0,1.1275698257464277
12.0,23.0,0.3615055064892698
4.0,6.0,13.116910915314536
9.0,11.0,3.959721521923492
2.0,2.0,0.19805167600422255
34.0,40.0,7.948798187801639
28.0,36.0,2.3742533960692667
48.0,56.0,2.4099780257947936
73.0,88.0,2.4921315170634837
77.0,95.0,1.5087093225431985
24.0,32.0,0.5390324399430892
63.0,82.0,1.1275698257464277
18.0,23.0,0.3615055064892698
6.0,6.0,13.116910915314536
11.0,11.0,3.959721521923492
2.0,2.0,0.19805167600422255
37.0,40.0,7.948798187801639
31.0,36.0,2.3742533960692667
50.0,56.0,2.4099780257947936
75.0,88.0,2.4921315170634837
82.0,95.0,1.5087093225431985
27.0,32.0,0.5390324399430892
74.0,82.0,1.1275698257464277
22.0,23.0,0.3615055064892698
1.0,6.0,12.469266912550086
1.0,8.0,4.358828020505685
1.0,7.0,0.9423823415134603
2.0,6.0,0.5483659171870091
1.0,5.0,0.8354519597436145
0.0,11.0,0.6578858343503701
5.0,65.0,5.975920791488233
1.0,9.0,0.5258455181627776
5.0,44.0,1.5304796382454753
3.0,22.0,0.6363338175308418
3.0,16.0,0.4108638012393425
2.0,6.0,12.469266912550086
4.0,8.0,4.358828020505685
1.0,7.0,0.9423823415134603
2.0,6.0,0.5483659171870091
1.0,5.0,0.8354519597436145
3.0,11.0,0.6578858343503701
9.0,65.0,5.975920791488233
1.0,9.0,0.5258455181627776
5.0,44.0,1.5304796382454753
2.0,22.0,0.6363338175308418
3.0,16.0,0.4108638012393425
3.0,6.0,12.469266912550086
2.0,8.0,4.358828020505685
1.0,7.0,0.9423823415134603
1.0,6.0,0.5483659171870091
3.0,5.0,0.8354519597436145
4.0,11.0,0.6578858343503701
25.0,65.0,5.975920791488233
0.0,9.0,0.5258455181627776
14.0,44.0,1.5304796382454753
5.0,22.0,0.6363338175308418
6.0,16.0,0.4108638012393425
2.0,6.0,12.469266912550086
2.0,8.0,4.358828020505685
1.0,7.0,0.9423823415134603
2.0,6.0,0.5483659171870091
2.0,5.0,0.8354519597436145
4.0,11.0,0.6578858343503701
24.0,65.0,5.975920791488233
5.0,9.0,0.5258455181627776
17.0,44.0,1.5304796382454753
12.0,22.0,0.6363338175308418
9.0,16.0,0.4108638012393425
5.0,6.0,12.469266912550086
5.0,8.0,4.358828020505685
4.0,7.0,0.9423823415134603
2.0,6.0,0.5483659171870091
3.0,5.0,0.8354519597436145
2.0,11.0,0.6578858343503701
30.0,65.0,5.975920791488233
3.0,9.0,0.5258455181627776
20.0,44.0,1.5304796382454753
13.0,22.0,0.6363338175308418
6.0,16.0,0.4108638012393425
4.0,6.0,12.469266912550086
4.0,8.0,4.358828020505685
2.0,7.0,0.9423823415134603
4.0,6.0,0.5483659171870091
2.0,5.0,0.8354519597436145
5.0,11.0,0.6578858343503701
42.0,65.0,5.975920791488233
5.0,9.0,0.5258455181627776
24.0,44.0,1.5304796382454753
13.0,22.0,0.6363338175308418
9.0,16.0,0.4108638012393425
3.0,6.0,12.469266912550086
6.0,8.0,4.358828020505685
5.0,7.0,0.9423823415134603
4.0,6.0,0.5483659171870091
4.0,5.0,0.8354519597436145
8.0,11.0,0.6578858343503701
48.0,65.0,5.975920791488233
7.0,9.0,0.5258455181627776
31.0,44.0,1.5304796382454753
15.0,22.0,0.6363338175308418
10.0,16.0,0.4108638012393425
5.0,6.0,12.469266912550086
8.0,8.0,4.358828020505685
4.0,7.0,0.9423823415134603
6.0,6.0,0.5483659171870091
4.0,5.0,0.8354519597436145
10.0,11.0,0.6578858343503701
56.0,65.0,5.975920791488233
6.0,9.0,0.5258455181627776
34.0,44.0,1.5304796382454753
18.0,22.0,0.6363338175308418
13.0,16.0,0.4108638012393425
6.0,6.0,12.469266912550086
8.0,8.0,4.358828020505685
7.0,7.0,0.9423823415134603
5.0,6.0,0.5483659171870091
3.0,5.0,0.8354519597436145
11.0,11.0,0.6578858343503701
61.0,65.0,5.975920791488233
8.0,9.0,0.5258455181627776
38.0,44.0,1.5304796382454753
21.0,22.0,0.6363338175308418
15.0,16.0,0.4108638012393425
1.0,4.0,8.644138383338106
0.0,1.0,1.5749504071576095
0.0,3.0,1.844924250433696
2.0,10.0,4.717105099391163
1.0,15.0,2.485647616960913
3.0,12.0,2.1385760123669693
1.0,11.0,0.6979062561205249
9.0,73.0,4.662513598761491
10.0,60.0,1.7080868863882306
9.0,84.0,1.6092849404065137
2.0,29.0,0.4445096236117077
2.0,4.0,8.644138383338106
0.0,1.0,1.5749504071576095
2.0,3.0,1.844924250433696
3.0,10.0,4.717105099391163
3.0,15.0,2.485647616960913
3.0,12.0,2.1385760123669693
2.0,11.0,0.6979062561205249
19.0,73.0,4.662513598761491
11.0,60.0,1.7080868863882306
16.0,84.0,1.6092849404065137
7.0,29.0,0.4445096236117077
1.0,4.0,8.644138383338106
0.0,1.0,1.5749504071576095
1.0,3.0,1.844924250433696
3.0,10.0,4.717105099391163
6.0,15.0,2.485647616960913
4.0,12.0,2.1385760123669693
3.0,11.0,0.6979062561205249
26.0,73.0,4.662513598761491
16.0,60.0,1.7080868863882306
22.0,84.0,1.6092849404065137
8.0,29.0,0.4445096236117077
2.0,4.0,8.644138383338106
1.0,1.0,1.5749504071576095
1.0,3.0,1.844924250433696
4.0,10.0,4.717105099391163
5.0,15.0,2.485647616960913
6.0,12.0,2.1385760123669693
4.0,11.0,0.6979062561205249
28.0,73.0,4.662513598761491
28.0,60.0,1.7080868863882306
29.0,84.0,1.6092849404065137
11.0,29.0,0.4445096236117077
1.0,4.0,8.644138383338106
1.0,1.0,1.5749504071576095
1.0,3.0,1.844924250433696
6.0,10.0,4.717105099391163
8.0,15.0,2.485647616960913
6.0,12.0,2.1385760123669693
6.0,11.0,0.6979062561205249
37.0,73.0,4.662513598761491
30.0,60.0,1.7080868863882306
46.0,84.0,1.6092849404065137
11.0,29.0,0.4445096236117077
1.0,4.0,8.644138383338106
1.0,1.0,1.5749504071576095
1.0,3.0,1.844924250433696
7.0,10.0,4.717105099391163
11.0,15.0,2.485647616960913
8.0,12.0,2.1385760123669693
8.0,11.0,0.6979062561205249
43.0,73.0,4.662513598761491
40.0,60.0,1.7080868863882306
51.0,84.0,1.6092849404065137
15.0,29.0,0.4445096236117077
3.0,4.0,8.644138383338106
1.0,1.0,1.5749504071576095
1.0,3.0,1.844924250433696
6.0,10.0,4.717105099391163
10.0,15.0,2.485647616960913
9.0,12.0,2.1385760123669693
7.0,11.0,0.6979062561205249
50.0,73.0,4.662513598761491
37.0,60.0,1.7080868863882306
60.0,84.0,1.6092849404065137
16.0,29.0,0.4445096236117077
3.0,4.0,8.644138383338106
1.0,1.0,1.5749504071576095
1.0,3.0,1.844924250433696
9.0,10.0,4.717105099391163
13.0,15.0,2.485647616960913
12.0,12.0,2.1385760123669693
7.0,11.0,0.6979062561205249
53.0,73.0,4.662513598761491
45.0,60.0,1.7080868863882306
68.0,84.0,1.6092849404065137
23.0,29.0,0.4445096236117077
4.0,4.0,8.644138383338106
1.0,1.0,1.5749504071576095
2.0,3.0,1.844924250433696
8.0,10.0,4.717105099391163
15.0,15.0,2.485647616960913
12.0,12.0,2.1385760123669693
8.0,11.0,0.6979062561205249
63.0,73.0,4.662513598761491
56.0,60.0,1.7080868863882306
70.0,84.0,1.6092849404065137
24.0,29.0,0.4445096236117077
1.0,4.0,1.4043477937261268
3.0,8.0,4.4793961124034825
0.0,3.0,0.5430895703828311
1.0,10.0,2.015664152838113
2.0,5.0,1.0833471803984984
5.0,64.0,6.227291497892241
5.0,49.0,2.350807175562229
5.0,74.0,2.0246839788621758
10.0,88.0,1.8786486088669148
6.0,56.0,0.86069619176513
7.0,33.0,0.3251286312384926
2.0,4.0,1.4043477937261268
2.0,8.0,4.4793961124034825
2.0,3.0,0.5430895703828311
3.0,10.0,2.015664152838113
1.0,5.0,1.0833471803984984
10.0,64.0,6.227291497892241
12.0,49.0,2.350807175562229
15.0,74.0,2.0246839788621758
20.0,88.0,1.8786486088669148
11.0,56.0,0.86069619176513
6.0,33.0,0.3251286312384926
2.0,4.0,1.4043477937261268
1.0,8.0,4.4793961124034825
1.0,3.0,0.5430895703828311
2.0,10.0,2.015664152838113
0.0,5.0,1.0833471803984984
25.0,64.0,6.227291497892241
17.0,49.0,2.350807175562229
25.0,74.0,2.0246839788621758
24.0,88.0,1.8786486088669148
18.0,56.0,0.86069619176513
3.0,33.0,0.3251286312384926
2.0,4.0,1.4043477937261268
1.0,8.0,4.4793961124034825
2.0,3.0,0.5430895703828311
3.0,10.0,2.015664152838113
4.0,5.0,1.0833471803984984
27.0,64.0,6.227291497892241
15.0,49.0,2.350807175562229
31.0,74.0,2.0246839788621758
39.0,88.0,1.8786486088669148
14.0,56.0,0.86069619176513
10.0,33.0,0.3251286312384926
3.0,4.0,1.4043477937261268
5.0,8.0,4.4793961124034825
0.0,3.0,0.5430895703828311
4.0,10.0,2.015664152838113
2.0,5.0,1.0833471803984984
30.0,64.0,6.227291497892241
27.0,49.0,2.350807175562229
29.0,74.0,2.0246839788621758
49.0,88.0,1.8786486088669148
27.0,56.0,0.86069619176513
18.0,33.0,0.3251286312384926
4.0,4.0,1.4043477937261268
5.0,8.0,4.4793961124034825
2.0,3.0,0.5430895703828311
6.0,10.0,2.015664152838113
4.0,5.0,1.0833471803984984
39.0,64.0,6.227291497892241
32.0,49.0,2.350807175562229
48.0,74.0,2.0246839788621758
52.0,88.0,1.8786486088669148
35.0,56.0,0.86069619176513
25.0,33.0,0.3251286312384926
3.0,4.0,1.4043477937261268
6.0,8.0,4.4793961124034825
1.0,3.0,0.5430895703828311
7.0,10.0,2.015664152838113
4.0,5.0,1.0833471803984984
45.0,64.0,6.227291497892241
38.0,49.0,2.350807175562229
47.0,74.0,2.0246839788621758
60.0,88.0,1.8786486088669148
40.0,56.0,0.86069619176513
20.0,33.0,0.3251286312384926
2.0,4.0,1.4043477937261268
7.0,8.0,4.4793961124034825
3.0,3.0,0.5430895703828311
9.0,10.0,2.015664152838113
4.0,5.0,1.0833471803984984
49.0,64.0,6.227291497892241
36.0,49.0,2.350807175562229
55.0,74.0,2.0246839788621758
77.0,88.0,1.8786486088669148
46.0,56.0,0.86069619176513
25.0,33.0,0.3251286312384926
4.0,4.0,1.4043477937261268
8.0,8.0,4.4793961124034825
2.0,3.0,0.5430895703828311
10.0,10.0,2.015664152838113
4.0,5.0,1.0833471803984984
55.0,64.0,6.227291497892241
47.0,49.0,2.350807175562229
70.0,74.0,2.0246839788621758
79.0,88.0,1.8786486088669148
54.0,56.0,0.86069619176513
30.0,33.0,0.3251286312384926
1.0,5.0,10.56527673079164
2.0,21.0,5.9442625538589775
2.0,13.0,1.1906608810085164
0.0,5.0,0.7807039847332662
3.0,20.0,2.0054165748091637
1.0,9.0,0.8407266864632985
4.0,20.0,1.6945230420382995
0.0,7.0,0.7698889484094047
1.0,13.0,0.803951427964847
2.0,12.0,1.7515314403918607
2.0,13.0,1.4918340504240484
1.0,5.0,10.56527673079164
5.0,21.0,5.9442625538589775
4.0,13.0,1.1906608810085164
1.0,5.0,0.7807039847332662
2.0,20.0,2.0054165748091637
2.0,9.0,0.8407266864632985
7.0,20.0,1.6945230420382995
0.0,7.0,0.7698889484094047
2.0,13.0,0.803951427964847
3.0,12.0,1.7515314403918607
0.0,13.0,1.4918340504240484
2.0,5.0,10.56527673079164
4.0,21.0,5.9442625538589775
8.0,13.0,1.1906608810085164
1.0,5.0,0.7807039847332662
6.0,20.0,2.0054165748091637
4.0,9.0,0.8407266864632985
7.0,20.0,1.6945230420382995
2.0,7.0,0.7698889484094047
3.0,13.0,0.803951427964847
1.0,12.0,1.7515314403918607
1.0,13.0,1.4918340504240484
1.0,5.0,10.56527673079164
11.0,21.0,5.9442625538589775
4.0,13.0,1.1906608810085164
1.0,5.0,0.7807039847332662
7.0,20.0,2.0054165748091637
2.0,9.0,0.8407266864632985
8.0,20.0,1.6945230420382995
5.0,7.0,0.7698889484094047
5.0,13.0,0.803951427964847
5.0,12.0,1.7515314403918607
7.0,13.0,1.4918340504240484
1.0,5.0,10.56527673079164
4.0,21.0,5.9442625538589775
4.0,13.0,1.1906608810085164
3.0,5.0,0.7807039847332662
9.0,20.0,2.0054165748091637
6.0,9.0,0.8407266864632985
10.0,20.0,1.6945230420382995
1.0,7.0,0.7698889484094047
5.0,13.0,0.803951427964847
7.0,12.0,1.7515314403918607
8.0,13.0,1.4918340504240484
4.0,5.0,10.56527673079164
16.0,21.0,5.9442625538589775
7.0,13.0,1.1906608810085164
4.0,5.0,0.7807039847332662
13.0,20.0,2.0054165748091637
6.0,9.0,0.8407266864632985
12.0,20.0,1.6945230420382995
5.0,7.0,0.7698889484094047
8.0,13.0,0.803951427964847
9.0,12.0,1.7515314403918607
6.0,13.0,1.4918340504240484
4.0,5.0,10.56527673079164
14.0,21.0,5.9442625538589775
9.0,13.0,1.1906608810085164
5.0,5.0,0.7807039847332662
14.0,20.0,2.0054165748091637
4.0,9.0,0.8407266864632985
15.0,20.0,1.6945230420382995
4.0,7.0,0.7698889484094047
11.0,13.0,0.803951427964847
11.0,12.0,1.7515314403918607
8.0,13.0,1.4918340504240484
4.0,5.0,10.56527673079164
15.0,21.0,5.9442625538589775
9.0,13.0,1.1906608810085164
5.0,5.0,0.7807039847332662
16.0,20.0,2.0054165748091637
6.0,9.0,0.8407266864632985
14.0,20.0,1.6945230420382995
5.0,7.0,0.7698889484094047
10.0,13.0,0.803951427964847
9.0,12.0,1.7515314403918607
9.0,13.0,1.4918340504240484
5.0,5.0,10.56527673079164
19.0,21.0,5.9442625538589775
12.0,13.0,1.1906608810085164
5.0,5.0,0.7807039847332662
19.0,20.0,2.0054165748091637
8.0,9.0,0.8407266864632985
20.0,20.0,1.6945230420382995
6.0,7.0,0.7698889484094047
11.0,13.0,0.803951427964847
10.0,12.0,1.7515314403918607
11.0,13.0,1.4918340504240484
1.0,7.0,3.2413664111279545
0.0,4.0,0.44161417068691566
2.0,16.0,2.596836882214751
1.0,5.0,0.8298104522210155
2.0,12.0,1.4689715090113145
4.0,28.0,2.7679103619540344
3.0,29.0,2.2158087437835015
7.0,40.0,1.720689581726973
5.0,48.0,1.7128180873015693
11.0,92.0,2.151873634449986
1.0,32.0,0.5602126490103932
1.0,7.0,3.2413664111279545
0.0,4.0,0.44161417068691566
4.0,16.0,2.596836882214751
0.0,5.0,0.8298104522210155
1.0,12.0,1.4689715090113145
7.0,28.0,2.7679103619540344
6.0,29.0,2.2158087437835015
14.0,40.0,1.720689581726973
7.0,48.0,1.7128180873015693
12.0,92.0,2.151873634449986
10.0,32.0,0.5602126490103932
1.0,7.0,3.2413664111279545
1.0,4.0,0.44161417068691566
4.0,16.0,2.596836882214751
2.0,5.0,0.8298104522210155
3.0,12.0,1.4689715090113145
6.0,28.0,2.7679103619540344
9.0,29.0,2.2158087437835015
11.0,40.0,1.720689581726973
14.0,48.0,1.7128180873015693
28.0,92.0,2.151873634449986
13.0,32.0,0.5602126490103932
3.0,7.0,3.2413664111279545
2.0,4.0,0.44161417068691566
5.0,16.0,2.596836882214751
3.0,5.0,0.8298104522210155
6.0,12.0,1.4689715090113145
14.0,28.0,2.7679103619540344
10.0,29.0,2.2158087437835015
17.0,40.0,1.720689581726973
16.0,48.0,1.7128180873015693
37.0,92.0,2.151873634449986
13.0,32.0,0.5602126490103932
6.0,7.0,3.2413664111279545
2.0,4.0,0.44161417068691566
12.0,16.0,2.596836882214751
2.0,5.0,0.8298104522210155
6.0,12.0,1.4689715090113145
11.0,28.0,2.7679103619540344
15.0,29.0,2.2158087437835015
19.0,40.0,1.720689581726973
22.0,48.0,1.7128180873015693
45.0,92.0,2.151873634449986
15.0,32.0,0.5602126490103932
4.0,7.0,3.2413664111279545
3.0,4.0,0.44161417068691566
13.0,16.0,2.596836882214751
3.0,5.0,0.8298104522210155
8.0,12.0,1.4689715090113145
20.0,28.0,2.7679103619540344
22.0,29.0,2.2158087437835015
21.0,40.0,1.720689581726973
27.0,48.0,1.7128180873015693
59.0,92.0,2.151873634449986
19.0,32.0,0.5602126490103932
6.0,7.0,3.2413664111279545
4.0,4.0,0.44161417068691566
10.0,16.0,2.596836882214751
3.0,5.0,0.8298104522210155
9.0,12.0,1.4689715090113145
19.0,28.0,2.7679103619540344
19.0,29.0,2.2158087437835015
31.0,40.0,1.720689581726973
33.0,48.0,1.7128180873015693
63.0,92.0,2.151873634449986
18.0,32.0,0.5602126490103932
4.0,7.0,3.2413664111279545
3.0,4.0,0.44161417068691566
12.0,16.0,2.596836882214751
4.0,5.0,0.8298104522210155
8.0,12.0,1.4689715090113145
23.0,28.0,2.7679103619540344
21.0,29.0,2.2158087437835015
35.0,40.0,1.720689581726973
40.0,48.0,1.7128180873015693
74.0,92.0,2.151873634449986
21.0,32.0,0.5602126490103932
6.0,7.0,3.2413664111279545
4.0,4.0,0.44161417068691566
14.0,16.0,2.596836882214751
4.0,5.0,0.8298104522210155
12.0,12.0,1.4689715090113145
25.0,28.0,2.7679103619540344
24.0,29.0,2.2158087437835015
37.0,40.0,1.720689581726973
45.0,48.0,1.7128180873015693
83.0,92.0,2.151873634449986
29.0,32.0,0.5602126490103932
2.0,10.0,13.910009243092244
4.0,14.0,5.356508911789288
0.0,6.0,0.6385974892408689
4.0,35.0,3.2782638547492353
0.0,6.0,0.20111133032861367
2.0,17.0,1.0428144324788526
1.0,16.0,0.8219569337942031
4.0,27.0,1.641197231569985
1.0,13.0,0.8586202389179421
1.0,8.0,0.22463703778630112
0.0,17.0,0.715006333142161
4.0,10.0,13.910009243092244
5.0,14.0,5.356508911789288
0.0,6.0,0.6385974892408689
9.0,35.0,3.2782638547492353
2.0,6.0,0.20111133032861367
5.0,17.0,1.0428144324788526
2.0,16.0,0.8219569337942031
7.0,27.0,1.641197231569985
2.0,13.0,0.8586202389179421
4.0,8.0,0.22463703778630112
3.0,17.0,0.715006333142161
4.0,10.0,13.910009243092244
3.0,14.0,5.356508911789288
2.0,6.0,0.6385974892408689
10.0,35.0,3.2782638547492353
1.0,6.0,0.20111133032861367
5.0,17.0,1.0428144324788526
7.0,16.0,0.8219569337942031
9.0,27.0,1.641197231569985
4.0,13.0,0.8586202389179421
2.0,8.0,0.22463703778630112
7.0,17.0,0.715006333142161
5.0,10.0,13.910009243092244
3.0,14.0,5.356508911789288
3.0,6.0,0.6385974892408689
16.0,35.0,3.2782638547492353
3.0,6.0,0.20111133032861367
9.0,17.0,1.0428144324788526
4.0,16.0,0.8219569337942031
11.0,27.0,1.641197231569985
5.0,13.0,0.8586202389179421
2.0,8.0,0.22463703778630112
4.0,17.0,0.715006333142161
5.0,10.0,13.910009243092244
7.0,14.0,5.356508911789288
3.0,6.0,0.6385974892408689
17.0,35.0,3.2782638547492353
1.0,6.0,0.20111133032861367
9.0,17.0,1.0428144324788526
5.0,16.0,0.8219569337942031
11.0,27.0,1.641197231569985
10.0,13.0,0.8586202389179421
3.0,8.0,0.22463703778630112
6.0,17.0,0.715006333142161
5.0,10.0,13.910009243092244
12.0,14.0,5.356508911789288
5.0,6.0,0.6385974892408689
19.0,35.0,3.2782638547492353
3.0,6.0,0.20111133032861367
10.0,17.0,1.0428144324788526
10.0,16.0,0.8219569337942031
14.0,27.0,1.641197231569985
7.0,13.0,0.8586202389179421
4.0,8.0,0.22463703778630112
11.0,17.0,0.715006333142161
7.0,10.0,13.910009243092244
10.0,14.0,5.356508911789288
2.0,6.0,0.6385974892408689
22.0,35.0,3.2782638547492353
3.0,6.0,0.20111133032861367
13.0,17.0,1.0428144324788526
10.0,16.0,0.8219569337942031
18.0,27.0,1.641197231569985
10.0,13.0,0.8586202389179421
6.0,8.0,0.22463703778630112
13.0,17.0,0.715006333142161
8.0,10.0,13.910009243092244
12.0,14.0,5.356508911789288
6.0,6.0,0.6385974892408689
30.0,35.0,3.2782638547492353
6.0,6.0,0.20111133032861367
15.0,17.0,1.0428144324788526
10.0,16.0,0.8219569337942031
23.0,27.0,1.641197231569985
10.0,13.0,0.8586202389179421
7.0,8.0,0.22463703778630112
12.0,17.0,0.715006333142161
9.0,10.0,13.910009243092244
13.0,14.0,5.356508911789288
5.0,6.0,0.6385974892408689
31.0,35.0,3.2782638547492353
5.0,6.0,0.20111133032861367
17.0,17.0,1.0428144324788526
14.0,16.0,0.8219569337942031
23.0,27.0,1.641197231569985
13.0,13.0,0.8586202389179421
7.0,8.0,0.22463703778630112
17.0,17.0,0.715006333142161
1.0,5.0,5.839319346567008
1.0,7.0,4.489616547027359
0.0,12.0,4.759550301297698
1.0,9.0,1.2763694355567126
4.0,48.0,5.155559653016468
2.0,52.0,2.7383484628692747
3.0,18.0,0.5828330630732925
3.0,27.0,0.7373564404238954
3.0,20.0,0.8617316226231546
1.0,14.0,0.816325904901797
0.0,6.0,0.30706252240148024
1.0,5.0,5.839319346567008
2.0,7.0,4.489616547027359
3.0,12.0,4.759550301297698
2.0,9.0,1.2763694355567126
5.0,48.0,5.155559653016468
7.0,52.0,2.7383484628692747
5.0,18.0,0.5828330630732925
9.0,27.0,0.7373564404238954
6.0,20.0,0.8617316226231546
4.0,14.0,0.816325904901797
1.0,6.0,0.30706252240148024
3.0,5.0,5.839319346567008
0.0,7.0,4.489616547027359
6.0,12.0,4.759550301297698
4.0,9.0,1.2763694355567126
19.0,48.0,5.155559653016468
13.0,52.0,2.7383484628692747
7.0,18.0,0.5828330630732925
9.0,27.0,0.7373564404238954
4.0,20.0,0.8617316226231546
2.0,14.0,0.816325904901797
2.0,6.0,0.30706252240148024
2.0,5.0,5.839319346567008
2.0,7.0,4.489616547027359
5.0,12.0,4.759550301297698
3.0,9.0,1.2763694355567126
19.0,48.0,5.155559653016468
24.0,52.0,2.7383484628692747
7.0,18.0,0.5828330630732925
14.0,27.0,0.7373564404238954
9.0,20.0,0.8617316226231546
5.0,14.0,0.816325904901797
2.0,6.0,0.30706252240148024
3.0,5.0,5.839319346567008
2.0,7.0,4.489616547027359
4.0,12.0,4.759550301297698
7.0,9.0,1.2763694355567126
24.0,48.0,5.155559653016468
29.0,52.0,2.7383484628692747
11.0,18.0,0.5828330630732925
9.0,27.0,0.7373564404238954
11.0,20.0,0.8617316226231546
5.0,14.0,0.816325904901797
4.0,6.0,0.30706252240148024
4.0,5.0,5.839319346567008
5.0,7.0,4.489616547027359
7.0,12.0,4.759550301297698
3.0,9.0,1.2763694355567126
28.0,48.0,5.155559653016468
34.0,52.0,2.7383484628692747
8.0,18.0,0.5828330630732925
16.0,27.0,0.7373564404238954
13.0,20.0,0.8617316226231546
9.0,14.0,0.816325904901797
5.0,6.0,0.30706252240148024
4.0,5.0,5.839319346567008
4.0,7.0,4.489616547027359
7.0,12.0,4.759550301297698
5.0,9.0,1.2763694355567126
29.0,48.0,5.155559653016468
32.0,52.0,2.7383484628692747
13.0,18.0,0.5828330630732925
18.0,27.0,0.7373564404238954
11.0,20.0,0.8617316226231546
10.0,14.0,0.816325904901797
1.0,6.0,0.30706252240148024
3.0,5.0,5.839319346567008
5.0,7.0,4.489616547027359
11.0,12.0,4.759550301297698
8.0,9.0,1.2763694355567126
38.0,48.0,5.155559653016468
46.0,52.0,2.7383484628692747
14.0,18.0,0.5828330630732925
23.0,27.0,0.7373564404238954
18.0,20.0,0.8617316226231546
12.0,14.0,0.816325904901797
5.0,6.0,0.30706252240148024
5.0,5.0,5.839319346567008
6.0,7.0,4.489616547027359
12.0,12.0,4.759550301297698
9.0,9.0,1.2763694355567126
47.0,48.0,5.155559653016468
48.0,52.0,2.7383484628692747
16.0,18.0,0.5828330630732925
23.0,27.0,0.7373564404238954
19.0,20.0,0.8617316226231546
14.0,14.0,0.816325904901797
3.0,6.0,0.30706252240148024
2.0,3.0,3.9392810300405254
1.0,7.0,6.507564133323027
7.0,53.0,9.809979967166463
3.0,30.0,1.5021617022750717
6.0,49.0,1.419479093985936
4.0,23.0,0.6481584692521494
1.0,16.0,0.36750081493228076
4.0,27.0,0.7605538467840831
1.0,7.0,0.24817159026408056
0.0,12.0,0.8113016329122081
2.0,22.0,1.4169042365930378
1.0,3.0,3.9392810300405254
1.0,7.0,6.507564133323027
7.0,53.0,9.809979967166463
5.0,30.0,1.5021617022750717
8.0,49.0,1.419479093985936
4.0,23.0,0.6481584692521494
2.0,16.0,0.36750081493228076
2.0,27.0,0.7605538467840831
1.0,7.0,0.24817159026408056
2.0,12.0,0.8113016329122081
4.0,22.0,1.4169042365930378
1.0,3.0,3.9392810300405254
1.0,7.0,6.507564133323027
11.0,53.0,9.809979967166463
12.0,30.0,1.5021617022750717
22.0,49.0,1.419479093985936
11.0,23.0,0.6481584692521494
3.0,16.0,0.36750081493228076
7.0,27.0,0.7605538467840831
2.0,7.0,0.24817159026408056
1.0,12.0,0.8113016329122081
4.0,22.0,1.4169042365930378
2.0,3.0,3.9392810300405254
2.0,7.0,6.507564133323027
26.0,53.0,9.809979967166463
9.0,30.0,1.5021617022750717
16.0,49.0,1.419479093985936
7.0,23.0,0.6481584692521494
7.0,16.0,0.36750081493228076
5.0,27.0,0.7605538467840831
3.0,7.0,0.24817159026408056
4.0,12.0,0.8113016329122081
7.0,22.0,1.4169042365930378
3.0,3.0,3.9392810300405254
5.0,7.0,6.507564133323027
25.0,53.0,9.809979967166463
12.0,30.0,1.5021617022750717
23.0,49.0,1.419479093985936
10.0,23.0,0.6481584692521494
8.0,16.0,0.36750081493228076
13.0,27.0,0.7605538467840831
3.0,7.0,0.24817159026408056
5.0,12.0,0.8113016329122081
10.0,22.0,1.4169042365930378
2.0,3.0,3.9392810300405254
2.0,7.0,6.507564133323027
35.0,53.0,9.809979967166463
18.0,30.0,1.5021617022750717
30.0,49.0,1.419479093985936
15.0,23.0,0.6481584692521494
9.0,16.0,0.36750081493228076
15.0,27.0,0.7605538467840831
4.0,7.0,0.24817159026408056
11.0,12.0,0.8113016329122081
13.0,22.0,1.4169042365930378
1.0,3.0,3.9392810300405254
6.0,7.0,6.507564133323027
35.0,53.0,9.809979967166463
27.0,30.0,1.5021617022750717
37.0,49.0,1.419479093985936
17.0,23.0,0.6481584692521494
15.0,16.0,0.36750081493228076
19.0,27.0,0.7605538467840831
4.0,7.0,0.24817159026408056
10.0,12.0,0.8113016329122081
16.0,22.0,1.4169042365930378
3.0,3.0,3.9392810300405254
4.0,7.0,6.507564133323027
45.0,53.0,9.809979967166463
24.0,30.0,1.5021617022750717
36.0,49.0,1.419479093985936
17.0,23.0,0.6481584692521494
10.0,16.0,0.36750081493228076
21.0,27.0,0.7605538467840831
5.0,7.0,0.24817159026408056
10.0,12.0,0.8113016329122081
15.0,22.0,1.4169042365930378
3.0,3.0,3.9392810300405254
7.0,7.0,6.507564133323027
48.0,53.0,9.809979967166463
26.0,30.0,1.5021617022750717
41.0,49.0,1.419479093985936
23.0,23.0,0.6481584692521494
16.0,16.0,0.36750081493228076
24.0,27.0,0.7605538467840831
7.0,7.0,0.24817159026408056
11.0,12.0,0.8113016329122081
21.0,22.0,1.4169042365930378
1.0,3.0,4.681155748478606
1.0,7.0,5.565536819020926
1.0,5.0,2.2345806940826725
1.0,11.0,2.071539681462542
2.0,38.0,5.48817545446017
2.0,12.0,0.9111605637589314
4.0,51.0,2.1291893402900524
6.0,49.0,1.194102439759948
2.0,5.0,0.15672359262104832
0.0,6.0,0.21010035486620265
4.0,50.0,2.2376238068300376
2.0,3.0,4.681155748478606
0.0,7.0,5.565536819020926
2.0,5.0,2.2345806940826725
2.0,11.0,2.071539681462542
5.0,38.0,5.48817545446017
3.0,12.0,0.9111605637589314
12.0,51.0,2.1291893402900524
9.0,49.0,1.194102439759948
1.0,5.0,0.15672359262104832
0.0,6.0,0.21010035486620265
9.0,50.0,2.2376238068300376
2.0,3.0,4.681155748478606
3.0,7.0,5.565536819020926
0.0,5.0,2.2345806940826725
5.0,11.0,2.071539681462542
6.0,38.0,5.48817545446017
5.0,12.0,0.9111605637589314
15.0,51.0,2.1291893402900524
14.0,49.0,1.194102439759948
1.0,5.0,0.15672359262104832
2.0,6.0,0.21010035486620265
17.0,50.0,2.2376238068300376
1.0,3.0,4.681155748478606
2.0,7.0,5.565536819020926
2.0,5.0,2.2345806940826725
2.0,11.0,2.071539681462542
22.0,38.0,5.48817545446017
6.0,12.0,0.9111605637589314
23.0,51.0,2.1291893402900524
23.0,49.0,1.194102439759948
2.0,5.0,0.15672359262104832
2.0,6.0,0.21010035486620265
23.0,50.0,2.2376238068300376
2.0,3.0,4.681155748478606
3.0,7.0,5.565536819020926
5.0,5.0,2.2345806940826725
4.0,11.0,2.071539681462542
19.0,38.0,5.48817545446017
9.0,12.0,0.9111605637589314
31.0,51.0,2.1291893402900524
30.0,49.0,1.194102439759948
3.0,5.0,0.15672359262104832
2.0,6.0,0.21010035486620265
25.0,50.0,2.2376238068300376
2.0,3.0,4.681155748478606
4.0,7.0,5.565536819020926
4.0,5.0,2.2345806940826725
8.0,11.0,2.071539681462542
18.0,38.0,5.48817545446017
6.0,12.0,0.9111605637589314
28.0,51.0,2.1291893402900524
30.0,49.0,1.194102439759948
4.0,5.0,0.15672359262104832
3.0,6.0,0.21010035486620265
33.0,50.0,2.2376238068300376
2.0,3.0,4.681155748478606
5.0,7.0,5.565536819020926
3.0,5.0,2.2345806940826725
7.0,11.0,2.071539681462542
27.0,38.0,5.48817545446017
8.0,12.0,0.9111605637589314
35.0,51.0,2.1291893402900524
34.0,49.0,1.194102439759948
1.0,5.0,0.15672359262104832
5.0,6.0,0.21010035486620265
31.0,50.0,2.2376238068300376
3.0,3.0,4.681155748478606
5.0,7.0,5.565536819020926
5.0,5.0,2.2345806940826725
7.0,11.0,2.071539681462542
35.0,38.0,5.48817545446017
9.0,12.0,0.9111605637589314
39.0,51.0,2.1291893402900524
41.0,49.0,1.194102439759948
3.0,5.0,0.15672359262104832
6.0,6.0,0.21010035486620265
43.0,50.0,2.2376238068300376
2.0,3.0,4.681155748478606
7.0,7.0,5.565536819020926
5.0,5.0,2.2345806940826725
11.0,11.0,2.071539681462542
33.0,38.0,5.48817545446017
11.0,12.0,0.9111605637589314
43.0,51.0,2.1291893402900524
45.0,49.0,1.194102439759948
5.0,5.0,0.15672359262104832
6.0,6.0,0.21010035486620265
44.0,50.0,2.2376238068300376
1.0,2.0,1.8018650508279503
0.0,4.0,2.997972507980303
0.0,11.0,3.2183007753473576
6.0,35.0,5.9213126208697595
0.0,4.0,0.4460574433316769
7.0,37.0,1.9595267772830718
3.0,13.0,0.5509212272347686
2.0,13.0,0.9150832724202714
8.0,63.0,2.943408211176831
5.0,29.0,0.7543993043093802
2.0,16.0,0.3629931124302141
2.0,2.0,1.8018650508279503
2.0,4.0,2.997972507980303
4.0,11.0,3.2183007753473576
6.0,35.0,5.9213126208697595
1.0,4.0,0.4460574433316769
9.0,37.0,1.9595267772830718
4.0,13.0,0.5509212272347686
1.0,13.0,0.9150832724202714
7.0,63.0,2.943408211176831
3.0,29.0,0.7543993043093802
3.0,16.0,0.3629931124302141
1.0,2.0,1.8018650508279503
3.0,4.0,2.997972507980303
5.0,11.0,3.2183007753473576
12.0,35.0,5.9213126208697595
1.0,4.0,0.4460574433316769
12.0,37.0,1.9595267772830718
5.0,13.0,0.5509212272347686
4.0,13.0,0.9150832724202714
17.0,63.0,2.943408211176831
7.0,29.0,0.7543993043093802
1.0,16.0,0.3629931124302141
1.0,2.0,1.8018650508279503
2.0,4.0,2.997972507980303
4.0,11.0,3.2183007753473576
15.0,35.0,5.9213126208697595
3.0,4.0,0.4460574433316769
21.0,37.0,1.9595267772830718
4.0,13.0,0.5509212272347686
5.0,13.0,0.9150832724202714
30.0,63.0,2.943408211176831
7.0,29.0,0.7543993043093802
5.0,16.0,0.3629931124302141
2.0,2.0,1.8018650508279503
2.0,4.0,2.997972507980303
2.0,11.0,3.2183007753473576
13.0,35.0,5.9213126208697595
3.0,4.0,0.4460574433316769
13.0,37.0,1.9595267772830718
9.0,13.0,0.5509212272347686
6.0,13.0,0.9150832724202714
28.0,63.0,2.943408211176831
12.0,29.0,0.7543993043093802
5.0,16.0,0.3629931124302141
2.0,2.0,1.8018650508279503
3.0,4.0,2.997972507980303
7.0,11.0,3.2183007753473576
19.0,35.0,5.9213126208697595
2.0,4.0,0.4460574433316769
21.0,37.0,1.9595267772830718
9.0,13.0,0.5509212272347686
8.0,13.0,0.9150832724202714
37.0,63.0,2.943408211176831
18.0,29.0,0.7543993043093802
10.0,16.0,0.3629931124302141
2.0,2.0,1.8018650508279503
3.0,4.0,2.997972507980303
5.0,11.0,3.2183007753473576
26.0,35.0,5.9213126208697595
3.0,4.0,0.4460574433316769
26.0,37.0,1.9595267772830718
6.0,13.0,0.5509212272347686
11.0,13.0,0.9150832724202714
44.0,63.0,2.943408211176831
17.0,29.0,0.7543993043093802
8.0,16.0,0.3629931124302141
2.0,2.0,1.8018650508279503
3.0,4.0,2.997972507980303
10.0,11.0,3.2183007753473576
26.0,35.0,5.9213126208697595
3.0,4.0,0.4460574433316769
28.0,37.0,1.9595267772830718
11.0,13.0,0.5509212272347686
9.0,13.0,0.9150832724202714
50.0,63.0,2.943408211176831
25.0,29.0,0.7543993043093802
14.0,16.0,0.3629931124302141
2.0,2.0,1.8018650508279503
4.0,4.0,2.997972507980303
10.0,11.0,3.2183007753473576
29.0,35.0,5.9213126208697595
4.0,4.0,0.4460574433316769
34.0,37.0,1.9595267772830718
13.0,13.0,0.5509212272347686
13.0,13.0,0.9150832724202714
59.0,63.0,2.943408211176831
25.0,29.0,0.7543993043093802
15.0,16.0,0.3629931124302141
1.0,3.0,3.8343721624478264
3.0,11.0,5.340382167515003
1.0,15.0,2.4468050412760607
1.0,11.0,1.7788640579516382
1.0,15.0,1.0477605806473531
2.0,15.0,1.1336548147494392
5.0,22.0,1.2597007927802375
5.0,35.0,2.4295197676723683
0.0,10.0,0.6631585080348517
1.0,7.0,0.5370903823405183
1.0,4.0,0.3094686404648213
1.0,3.0,3.8343721624478264
1.0,11.0,5.340382167515003
3.0,15.0,2.4468050412760607
3.0,11.0,1.7788640579516382
2.0,15.0,1.0477605806473531
2.0,15.0,1.1336548147494392
1.0,22.0,1.2597007927802375
7.0,35.0,2.4295197676723683
2.0,10.0,0.6631585080348517
3.0,7.0,0.5370903823405183
0.0,4.0,0.3094686404648213
1.0,3.0,3.8343721624478264
5.0,11.0,5.340382167515003
3.0,15.0,2.4468050412760607
3.0,11.0,1.7788640579516382
6.0,15.0,1.0477605806473531
8.0,15.0,1.1336548147494392
8.0,22.0,1.2597007927802375
12.0,35.0,2.4295197676723683
3.0,10.0,0.6631585080348517
3.0,7.0,0.5370903823405183
1.0,4.0,0.3094686404648213
1.0,3.0,3.8343721624478264
6.0,11.0,5.340382167515003
4.0,15.0,2.4468050412760607
4.0,11.0,1.7788640579516382
6.0,15.0,1.0477605806473531
6.0,15.0,1.1336548147494392
7.0,22.0,1.2597007927802375
17.0,35.0,2.4295197676723683
6.0,10.0,0.6631585080348517
3.0,7.0,0.5370903823405183
1.0,4.0,0.3094686404648213
2.0,3.0,3.8343721624478264
4.0,11.0,5.340382167515003
3.0,15.0,2.4468050412760607
4.0,11.0,1.7788640579516382
9.0,15.0,1.0477605806473531
12.0,15.0,1.1336548147494392
11.0,22.0,1.2597007927802375
17.0,35.0,2.4295197676723683
4.0,10.0,0.6631585080348517
6.0,7.0,0.5370903823405183
4.0,4.0,0.3094686404648213
1.0,3.0,3.8343721624478264
7.0,11.0,5.340382167515003
11.0,15.0,2.4468050412760607
7.0,11.0,1.7788640579516382
10.0,15.0,1.0477605806473531
8.0,15.0,1.1336548147494392
10.0,22.0,1.2597007927802375
20.0,35.0,2.4295197676723683
4.0,10.0,0.6631585080348517
4.0,7.0,0.5370903823405183
4.0,4.0,0.3094686404648213
2.0,3.0,3.8343721624478264
8.0,11.0,5.340382167515003
11.0,15.0,2.4468050412760607
11.0,11.0,1.7788640579516382
10.0,15.0,1.0477605806473531
11.0,15.0,1.1336548147494392
16.0,22.0,1.2597007927802375
27.0,35.0,2.4295197676723683
4.0,10.0,0.6631585080348517
6.0,7.0,0.5370903823405183
1.0,4.0,0.3094686404648213
3.0,3.0,3.8343721624478264
9.0,11.0,5.340382167515003
12.0,15.0,2.4468050412760607
11.0,11.0,1.7788640579516382
14.0,15.0,1.0477605806473531
15.0,15.0,1.1336548147494392
18.0,22.0,1.2597007927802375
27.0,35.0,2.4295197676723683
8.0,10.0,0.6631585080348517
6.0,7.0,0.5370903823405183
4.0,4.0,0.3094686404648213
3.0,3.0,3.8343721624478264
10.0,11.0,5.340382167515003
12.0,15.0,2.4468050412760607
10.0,11.0,1.7788640579516382
14.0,15.0,1.0477605806473531
15.0,15.0,1.1336548147494392
20.0,22.0,1.2597007927802375
32.0,35.0,2.4295197676723683
8.0,10.0,0.6631585080348517
7.0,7.0,0.5370903823405183
4.0,4.0,0.3094686404648213
1.0,4.0,3.980994800562788
2.0,6.0,2.060483326262816
1.0,2.0,1.5368962206225014
0.0,10.0,3.039681935410653
2.0,7.0,1.9233918272104062
1.0,28.0,4.014738451920577
1.0,15.0,1.4211686811089306
2.0,20.0,1.3065104454112968
4.0,50.0,3.019259998527667
4.0,33.0,1.201455500818794
2.0,38.0,0.8685912337391674
1.0,4.0,3.980994800562788
1.0,6.0,2.060483326262816
1.0,2.0,1.5368962206225014
0.0,10.0,3.039681935410653
1.0,7.0,1.9233918272104062
7.0,28.0,4.014738451920577
7.0,15.0,1.4211686811089306
3.0,20.0,1.3065104454112968
9.0,50.0,3.019259998527667
4.0,33.0,1.201455500818794
8.0,38.0,0.8685912337391674
2.0,4.0,3.980994800562788
2.0,6.0,2.060483326262816
2.0,2.0,1.5368962206225014
2.0,10.0,3.039681935410653
3.0,7.0,1.9233918272104062
9.0,28.0,4.014738451920577
5.0,15.0,1.4211686811089306
5.0,20.0,1.3065104454112968
17.0,50.0,3.019259998527667
11.0,33.0,1.201455500818794
9.0,38.0,0.8685912337391674
1.0,4.0,3.980994800562788
2.0,6.0,2.060483326262816
1.0,2.0,1.5368962206225014
2.0,10.0,3.039681935410653
3.0,7.0,1.9233918272104062
14.0,28.0,4.014738451920577
5.0,15.0,1.4211686811089306
8.0,20.0,1.3065104454112968
23.0,50.0,3.019259998527667
9.0,33.0,1.201455500818794
17.0,38.0,0.8685912337391674
3.0,4.0,3.980994800562788
3.0,6.0,2.060483326262816
1.0,2.0,1.5368962206225014
6.0,10.0,3.039681935410653
2.0,7.0,1.9233918272104062
16.0,28.0,4.014738451920577
6.0,15.0,1.4211686811089306
12.0,20.0,1.3065104454112968
25.0,50.0,3.019259998527667
18.0,33.0,1.201455500818794
20.0,38.0,0.8685912337391674
2.0,4.0,3.980994800562788
1.0,6.0,2.060483326262816
1.0,2.0,1.5368962206225014
8.0,10.0,3.039681935410653
2.0,7.0,1.9233918272104062
12.0,28.0,4.014738451920577
12.0,15.0,1.4211686811089306
16.0,20.0,1.3065104454112968
27.0,50.0,3.019259998527667
19.0,33.0,1.201455500818794
25.0,38.0,0.8685912337391674
2.0,4.0,3.980994800562788
5.0,6.0,2.060483326262816
0.0,2.0,1.5368962206225014
9.0,10.0,3.039681935410653
4.0,7.0,1.9233918272104062
23.0,28.0,4.014738451920577
11.0,15.0,1.4211686811089306
10.0,20.0,1.3065104454112968
34.0,50.0,3.019259998527667
26.0,33.0,1.201455500818794
28.0,38.0,0.8685912337391674
4.0,4.0,3.980994800562788
2.0,6.0,2.060483326262816
2.0,2.0,1.5368962206225014
10.0,10.0,3.039681935410653
6.0,7.0,1.9233918272104062
23.0,28.0,4.014738451920577
11.0,15.0,1.4211686811089306
14.0,20.0,1.3065104454112968
40.0,50.0,3.019259998527667
24.0,33.0,1.201455500818794
30.0,38.0,0.8685912337391674
4.0,4.0,3.980994800562788
5.0,6.0,2.060483326262816
2.0,2.0,1.5368962206225014
8.0,10.0,3.039681935410653
7.0,7.0,1.9233918272104062
26.0,28.0,4.014738451920577
14.0,15.0,1.4211686811089306
18.0,20.0,1.3065104454112968
46.0,50.0,3.019259998527667
32.0,33.0,1.201455500818794
31.0,38.0,0.8685912337391674
1.0,3.0,1.393792853811547
0.0,4.0,5.056318636057235
1.0,5.0,1.7270158056849834
1.0,16.0,3.9272498098496254
2.0,34.0,3.85964286018808
3.0,13.0,1.01722847072445
4.0,34.0,1.4285137770425693
2.0,15.0,0.7940140568174344
0.0,12.0,0.6763361128660055
2.0,8.0,0.6321285841609624
2.0,36.0,2.1955867354383374
2.0,3.0,1.393792853811547
0.0,4.0,5.056318636057235
1.0,5.0,1.7270158056849834
3.0,16.0,3.9272498098496254
9.0,34.0,3.85964286018808
3.0,13.0,1.01722847072445
11.0,34.0,1.4285137770425693
6.0,15.0,0.7940140568174344
1.0,12.0,0.6763361128660055
2.0,8.0,0.6321285841609624
6.0,36.0,2.1955867354383374
3.0,3.0,1.393792853811547
3.0,4.0,5.056318636057235
1.0,5.0,1.7270158056849834
6.0,16.0,3.9272498098496254
11.0,34.0,3.85964286018808
6.0,13.0,1.01722847072445
13.0,34.0,1.4285137770425693
3.0,15.0,0.7940140568174344
4.0,12.0,0.6763361128660055
1.0,8.0,0.6321285841609624
4.0,36.0,2.1955867354383374
2.0,3.0,1.393792853811547
1.0,4.0,5.056318636057235
4.0,5.0,1.7270158056849834
12.0,16.0,3.9272498098496254
10.0,34.0,3.85964286018808
9.0,13.0,1.01722847072445
18.0,34.0,1.4285137770425693
6.0,15.0,0.7940140568174344
3.0,12.0,0.6763361128660055
2.0,8.0,0.6321285841609624
15.0,36.0,2.1955867354383374
2.0,3.0,1.393792853811547
4.0,4.0,5.056318636057235
4.0,5.0,1.7270158056849834
10.0,16.0,3.9272498098496254
21.0,34.0,3.85964286018808
7.0,13.0,1.01722847072445
14.0,34.0,1.4285137770425693
5.0,15.0,0.7940140568174344
6.0,12.0,0.6763361128660055
3.0,8.0,0.6321285841609624
18.0,36.0,2.1955867354383374
2.0,3.0,1.393792853811547
4.0,4.0,5.056318636057235
4.0,5.0,1.7270158056849834
11.0,16.0,3.9272498098496254
20.0,34.0,3.85964286018808
8.0,13.0,1.01722847072445
16.0,34.0,1.4285137770425693
8.0,15.0,0.7940140568174344
8.0,12.0,0.6763361128660055
5.0,8.0,0.6321285841609624
18.0,36.0,2.1955867354383374
2.0,3.0,1.393792853811547
2.0,4.0,5.056318636057235
5.0,5.0,1.7270158056849834
6.0,16.0,3.9272498098496254
27.0,34.0,3.85964286018808
9.0,13.0,1.01722847072445
28.0,34.0,1.4285137770425693
9.0,15.0,0.7940140568174344
9.0,12.0,0.6763361128660055
7.0,8.0,0.6321285841609624
26.0,36.0,2.1955867354383374
3.0,3.0,1.393792853811547
4.0,4.0,5.056318636057235
3.0,5.0,1.7270158056849834
16.0,16.0,3.9272498098496254
26.0,34.0,3.85964286018808
11.0,13.0,1.01722847072445
27.0,34.0,1.4285137770425693
9.0,15.0,0.7940140568174344
10.0,12.0,0.6763361128660055
6.0,8.0,0.6321285841609624
31.0,36.0,2.1955867354383374
2.0,3.0,1.393792853811547
4.0,4.0,5.056318636057235
5.0,5.0,1.7270158056849834
15.0,16.0,3.9272498098496254
28.0,34.0,3.85964286018808
10.0,13.0,1.01722847072445
33.0,34.0,1.4285137770425693
14.0,15.0,0.7940140568174344
11.0,12.0,0.6763361128660055
7.0,8.0,0.6321285841609624
34.0,36.0,2.1955867354383374
2.0,11.0,8.503768648627206
4.0,29.0,5.593584865207748
1.0,11.0,0.9859730961186842
4.0,62.0,2.9163918856100084
6.0,68.0,2.270272692907206
0.0,10.0,0.16438710200916784
0.0,3.0,0.08931107392716726
3.0,32.0,1.4229835743126718
1.0,10.0,0.4687709704758657
2.0,32.0,2.3017910942651003
2.0,12.0,0.6143552875965337
2.0,11.0,8.503768648627206
4.0,29.0,5.593584865207748
6.0,11.0,0.9859730961186842
5.0,62.0,2.9163918856100084
15.0,68.0,2.270272692907206
2.0,10.0,0.16438710200916784
0.0,3.0,0.08931107392716726
6.0,32.0,1.4229835743126718
1.0,10.0,0.4687709704758657
7.0,32.0,2.3017910942651003
3.0,12.0,0.6143552875965337
5.0,11.0,8.503768648627206
8.0,29.0,5.593584865207748
1.0,11.0,0.9859730961186842
19.0,62.0,2.9163918856100084
19.0,68.0,2.270272692907206
2.0,10.0,0.16438710200916784
1.0,3.0,0.08931107392716726
9.0,32.0,1.4229835743126718
2.0,10.0,0.4687709704758657
12.0,32.0,2.3017910942651003
3.0,12.0,0.6143552875965337
6.0,11.0,8.503768648627206
10.0,29.0,5.593584865207748
5.0,11.0,0.9859730961186842
25.0,62.0,2.9163918856100084
33.0,68.0,2.270272692907206
3.0,10.0,0.16438710200916784
1.0,3.0,0.08931107392716726
14.0,32.0,1.4229835743126718
4.0,10.0,0.4687709704758657
14.0,32.0,2.3017910942651003
2.0,12.0,0.6143552875965337
5.0,11.0,8.503768648627206
15.0,29.0,5.593584865207748
5.0,11.0,0.9859730961186842
27.0,62.0,2.9163918856100084
40.0,68.0,2.270272692907206
7.0,10.0,0.16438710200916784
1.0,3.0,0.08931107392716726
14.0,32.0,1.4229835743126718
2.0,10.0,0.4687709704758657
15.0,32.0,2.3017910942651003
3.0,12.0,0.6143552875965337
7.0,11.0,8.503768648627206
16.0,29.0,5.593584865207748
7.0,11.0,0.9859730961186842
40.0,62.0,2.9163918856100084
36.0,68.0,2.270272692907206
7.0,10.0,0.16438710200916784
1.0,3.0,0.08931107392716726
18.0,32.0,1.4229835743126718
4.0,10.0,0.4687709704758657
21.0,32.0,2.3017910942651003
7.0,12.0,0.6143552875965337
9.0,11.0,8.503768648627206
23.0,29.0,5.593584865207748
6.0,11.0,0.9859730961186842
42.0,62.0,2.9163918856100084
46.0,68.0,2.270272692907206
7.0,10.0,0.16438710200916784
2.0,3.0,0.08931107392716726
28.0,32.0,1.4229835743126718
7.0,10.0,0.4687709704758657
23.0,32.0,2.3017910942651003
7.0,12.0,0.6143552875965337
9.0,11.0,8.503768648627206
25.0,29.0,5.593584865207748
9.0,11.0,0.9859730961186842
52.0,62.0,2.9163918856100084
56.0,68.0,2.270272692907206
9.0,10.0,0.16438710200916784
3.0,3.0,0.08931107392716726
23.0,32.0,1.4229835743126718
10.0,10.0,0.4687709704758657
25.0,32.0,2.3017910942651003
10.0,12.0,0.6143552875965337
9.0,11.0,8.503768648627206
27.0,29.0,5.593584865207748
10.0,11.0,0.9859730961186842
57.0,62.0,2.9163918856100084
60.0,68.0,2.270272692907206
9.0,10.0,0.16438710200916784
2.0,3.0,0.08931107392716726
31.0,32.0,1.4229835743126718
7.0,10.0,0.4687709704758657
28.0,32.0,2.3017910942651003
11.0,12.0,0.6143552875965337
1.0,2.0,3.2222021257030855
2.0,7.0,4.6988409246183656
0.0,4.0,1.5807736474910348
0.0,12.0,1.9055614327892307
1.0,14.0,1.6567286150602643
0.0,6.0,0.5277607385067049
2.0,11.0,1.419446619828489
3.0,26.0,1.8079986024576284
1.0,6.0,0.40310867019717417
4.0,37.0,1.804269429627063
1.0,5.0,0.33741991142235006
1.0,2.0,3.2222021257030855
3.0,7.0,4.6988409246183656
2.0,4.0,1.5807736474910348
4.0,12.0,1.9055614327892307
5.0,14.0,1.6567286150602643
2.0,6.0,0.5277607385067049
6.0,11.0,1.419446619828489
5.0,26.0,1.8079986024576284
1.0,6.0,0.40310867019717417
7.0,37.0,1.804269429627063
0.0,5.0,0.33741991142235006
1.0,2.0,3.2222021257030855
3.0,7.0,4.6988409246183656
1.0,4.0,1.5807736474910348
2.0,12.0,1.9055614327892307
7.0,14.0,1.6567286150602643
1.0,6.0,0.5277607385067049
3.0,11.0,1.419446619828489
5.0,26.0,1.8079986024576284
2.0,6.0,0.40310867019717417
17.0,37.0,1.804269429627063
1.0,5.0,0.33741991142235006
1.0,2.0,3.2222021257030855
3.0,7.0,4.6988409246183656
1.0,4.0,1.5807736474910348
2.0,12.0,1.9055614327892307
2.0,14.0,1.6567286150602643
1.0,6.0,0.5277607385067049
7.0,11.0,1.419446619828489
7.0,26.0,1.8079986024576284
2.0,6.0,0.40310867019717417
20.0,37.0,1.804269429627063
2.0,5.0,0.33741991142235006
1.0,2.0,3.2222021257030855
2.0,7.0,4.6988409246183656
2.0,4.0,1.5807736474910348
7.0,12.0,1.9055614327892307
4.0,14.0,1.6567286150602643
4.0,6.0,0.5277607385067049
6.0,11.0,1.419446619828489
11.0,26.0,1.8079986024576284
3.0,6.0,0.40310867019717417
18.0,37.0,1.804269429627063
3.0,5.0,0.33741991142235006
2.0,2.0,3.2222021257030855
4.0,7.0,4.6988409246183656
3.0,4.0,1.5807736474910348
4.0,12.0,1.9055614327892307
5.0,14.0,1.6567286150602643
4.0,6.0,0.5277607385067049
9.0,11.0,1.419446619828489
21.0,26.0,1.8079986024576284
4.0,6.0,0.40310867019717417
21.0,37.0,1.804269429627063
3.0,5.0,0.33741991142235006
1.0,2.0,3.2222021257030855
5.0,7.0,4.6988409246183656
3.0,4.0,1.5807736474910348
6.0,12.0,1.9055614327892307
11.0,14.0,1.6567286150602643
4.0,6.0,0.5277607385067049
7.0,11.0,1.419446619828489
14.0,26.0,1.8079986024576284
4.0,6.0,0.40310867019717417
28.0,37.0,1.804269429627063
3.0,5.0,0.33741991142235006
1.0,2.0,3.2222021257030855
4.0,7.0,4.6988409246183656
3.0,4.0,1.5807736474910348
10.0,12.0,1.9055614327892307
11.0,14.0,1.6567286150602643
4.0,6.0,0.5277607385067049
9.0,11.0,1.419446619828489
24.0,26.0,1.8079986024576284
6.0,6.0,0.40310867019717417
33.0,37.0,1.804269429627063
3.0,5.0,0.33741991142235006
2.0,2.0,3.2222021257030855
7.0,7.0,4.6988409246183656
3.0,4.0,1.5807736474910348
12.0,12.0,1.9055614327892307
14.0,14.0,1.6567286150602643
6.0,6.0,0.5277607385067049
6.0,11.0,1.419446619828489
25.0,26.0,1.8079986024576284
4.0,6.0,0.40310867019717417
33.0,37.0,1.804269429627063
4.0,5.0,0.33741991142235006
1.0,6.0,6.032073945546826
1.0,8.0,2.256102322398256
0.0,2.0,0.36335641028120075
6.0,54.0,8.823069736108845
0.0,2.0,0.21619191541094188
1.0,21.0,1.3593970502728379
2.0,51.0,2.583829307073567
4.0,11.0,0.5428290316109212
3.0,41.0,0.9969033868886249
1.0,11.0,0.25838884170408377
0.0,17.0,0.7299098605148825
1.0,6.0,6.032073945546826
1.0,8.0,2.256102322398256
0.0,2.0,0.36335641028120075
13.0,54.0,8.823069736108845
1.0,2.0,0.21619191541094188
4.0,21.0,1.3593970502728379
13.0,51.0,2.583829307073567
2.0,11.0,0.5428290316109212
9.0,41.0,0.9969033868886249
2.0,11.0,0.25838884170408377
3.0,17.0,0.7299098605148825
3.0,6.0,6.032073945546826
3.0,8.0,2.256102322398256
1.0,2.0,0.36335641028120075
16.0,54.0,8.823069736108845
1.0,2.0,0.21619191541094188
6.0,21.0,1.3593970502728379
11.0,51.0,2.583829307073567
3.0,11.0,0.5428290316109212
9.0,41.0,0.9969033868886249
5.0,11.0,0.25838884170408377
3.0,17.0,0.7299098605148825
3.0,6.0,6.032073945546826
3.0,8.0,2.256102322398256
1.0,2.0,0.36335641028120075
21.0,54.0,8.823069736108845
1.0,2.0,0.21619191541094188
6.0,21.0,1.3593970502728379
24.0,51.0,2.583829307073567
4.0,11.0,0.5428290316109212
14.0,41.0,0.9969033868886249
3.0,11.0,0.25838884170408377
7.0,17.0,0.7299098605148825
4.0,6.0,6.032073945546826
3.0,8.0,2.256102322398256
2.0,2.0,0.36335641028120075
27.0,54.0,8.823069736108845
2.0,2.0,0.21619191541094188
10.0,21.0,1.3593970502728379
26.0,51.0,2.583829307073567
9.0,11.0,0.5428290316109212
22.0,41.0,0.9969033868886249
4.0,11.0,0.25838884170408377
8.0,17.0,0.7299098605148825
2.0,6.0,6.032073945546826
7.0,8.0,2.256102322398256
1.0,2.0,0.36335641028120075
35.0,54.0,8.823069736108845
1.0,2.0,0.21619191541094188
6.0,21.0,1.3593970502728379
26.0,51.0,2.583829307073567
7.0,11.0,0.5428290316109212
23.0,41.0,0.9969033868886249
6.0,11.0,0.25838884170408377
12.0,17.0,0.7299098605148825
4.0,6.0,6.032073945546826
7.0,8.0,2.256102322398256
1.0,2.0,0.36335641028120075
33.0,54.0,8.823069736108845
2.0,2.0,0.21619191541094188
16.0,21.0,1.3593970502728379
44.0,51.0,2.583829307073567
7.0,11.0,0.5428290316109212
30.0,41.0,0.9969033868886249
6.0,11.0,0.25838884170408377
14.0,17.0,0.7299098605148825
4.0,6.0,6.032073945546826
7.0,8.0,2.256102322398256
2.0,2.0,0.36335641028120075
45.0,54.0,8.823069736108845
2.0,2.0,0.21619191541094188
17.0,21.0,1.3593970502728379
42.0,51.0,2.583829307073567
11.0,11.0,0.5428290316109212
33.0,41.0,0.9969033868886249
8.0,11.0,0.25838884170408377
9.0,17.0,0.7299098605148825
6.0,6.0,6.032073945546826
6.0,8.0,2.256102322398256
2.0,2.0,0.36335641028120075
53.0,54.0,8.823069736108845
1.0,2.0,0.21619191541094188
18.0,21.0,1.3593970502728379
46.0,51.0,2.583829307073567
10.0,11.0,0.5428290316109212
39.0,41.0,0.9969033868886249
10.0,11.0,0.25838884170408377
16.0,17.0,0.7299098605148825
1.0,4.0,4.206581455661924
1.0,7.0,4.005597798796928
0.0,4.0,1.4861559918205467
5.0,39.0,5.114426442156213
1.0,14.0,1.3714772628666123
3.0,36.0,2.3108636841855352
1.0,15.0,0.5717050753632147
6.0,79.0,2.4739666348853326
3.0,18.0,0.7016899794868873
6.0,57.0,1.4330604341947528
3.0,23.0,0.8942765463448655
1.0,4.0,4.206581455661924
1.0,7.0,4.005597798796928
3.0,4.0,1.4861559918205467
9.0,39.0,5.114426442156213
2.0,14.0,1.3714772628666123
10.0,36.0,2.3108636841855352
2.0,15.0,0.5717050753632147
19.0,79.0,2.4739666348853326
3.0,18.0,0.7016899794868873
12.0,57.0,1.4330604341947528
2.0,23.0,0.8942765463448655
1.0,4.0,4.206581455661924
3.0,7.0,4.005597798796928
2.0,4.0,1.4861559918205467
11.0,39.0,5.114426442156213
5.0,14.0,1.3714772628666123
13.0,36.0,2.3108636841855352
8.0,15.0,0.5717050753632147
23.0,79.0,2.4739666348853326
6.0,18.0,0.7016899794868873
18.0,57.0,1.4330604341947528
4.0,23.0,0.8942765463448655
1.0,4.0,4.206581455661924
2.0,7.0,4.005597798796928
0.0,4.0,1.4861559918205467
18.0,39.0,5.114426442156213
8.0,14.0,1.3714772628666123
22.0,36.0,2.3108636841855352
6.0,15.0,0.5717050753632147
21.0,79.0,2.4739666348853326
7.0,18.0,0.7016899794868873
25.0,57.0,1.4330604341947528
7.0,23.0,0.8942765463448655
2.0,4.0,4.206581455661924
3.0,7.0,4.005597798796928
3.0,4.0,1.4861559918205467
16.0,39.0,5.114426442156213
10.0,14.0,1.3714772628666123
18.0,36.0,2.3108636841855352
7.0,15.0,0.5717050753632147
42.0,79.0,2.4739666348853326
9.0,18.0,0.7016899794868873
35.0,57.0,1.4330604341947528
13.0,23.0,0.8942765463448655
1.0,4.0,4.206581455661924
6.0,7.0,4.005597798796928
1.0,4.0,1.4861559918205467
23.0,39.0,5.114426442156213
14.0,14.0,1.3714772628666123
23.0,36.0,2.3108636841855352
10.0,15.0,0.5717050753632147
38.0,79.0,2.4739666348853326
10.0,18.0,0.7016899794868873
32.0,57.0,1.4330604341947528
13.0,23.0,0.8942765463448655
4.0,4.0,4.206581455661924
6.0,7.0,4.005597798796928
2.0,4.0,1.4861559918205467
26.0,39.0,5.114426442156213
12.0,14.0,1.3714772628666123
26.0,36.0,2.3108636841855352
10.0,15.0,0.5717050753632147
56.0,79.0,2.4739666348853326
11.0,18.0,0.7016899794868873
41.0,57.0,1.4330604341947528
18.0,23.0,0.8942765463448655
3.0,4.0,4.206581455661924
5.0,7.0,4.005597798796928
4.0,4.0,1.4861559918205467
34.0,39.0,5.114426442156213
10.0,14.0,1.3714772628666123
29.0,36.0,2.3108636841855352
11.0,15.0,0.5717050753632147
66.0,79.0,2.4739666348853326
12.0,18.0,0.7016899794868873
43.0,57.0,1.4330604341947528
20.0,23.0,0.8942765463448655
4.0,4.0,4.206581455661924
7.0,7.0,4.005597798796928
4.0,4.0,1.4861559918205467
33.0,39.0,5.114426442156213
13.0,14.0,1.3714772628666123
33.0,36.0,2.3108636841855352
14.0,15.0,0.5717050753632147
69.0,79.0,2.4739666348853326
17.0,18.0,0.7016899794868873
49.0,57.0,1.4330604341947528
20.0,23.0,0.8942765463448655
2.0,4.0,15.450477556556308
1.0,2.0,2.2050565639607167
0.0,17.0,6.403769898034775
2.0,23.0,2.8586022118082024
3.0,27.0,1.514273567082852
4.0,17.0,0.7704776954289465
2.0,22.0,1.1401019103152115
4.0,31.0,1.1053717932150342
2.0,6.0,0.14730414356911653
1.0,8.0,0.37100923803002883
2.0,14.0,0.9561781895673233
1.0,4.0,15.450477556556308
2.0,2.0,2.2050565639607167
5.0,17.0,6.403769898034775
6.0,23.0,2.8586022118082024
3.0,27.0,1.514273567082852
2.0,17.0,0.7704776954289465
3.0,22.0,1.1401019103152115
2.0,31.0,1.1053717932150342
3.0,6.0,0.14730414356911653
4.0,8.0,0.37100923803002883
1.0,14.0,0.9561781895673233
2.0,4.0,15.450477556556308
0.0,2.0,2.2050565639607167
5.0,17.0,6.403769898034775
11.0,23.0,2.8586022118082024
7.0,27.0,1.514273567082852
5.0,17.0,0.7704776954289465
8.0,22.0,1.1401019103152115
9.0,31.0,1.1053717932150342
3.0,6.0,0.14730414356911653
4.0,8.0,0.37100923803002883
5.0,14.0,0.9561781895673233
1.0,4.0,15.450477556556308
0.0,2.0,2.2050565639607167
8.0,17.0,6.403769898034775
7.0,23.0,2.8586022118082024
10.0,27.0,1.514273567082852
3.0,17.0,0.7704776954289465
10.0,22.0,1.1401019103152115
16.0,31.0,1.1053717932150342
4.0,6.0,0.14730414356911653
2.0,8.0,0.37100923803002883
6.0,14.0,0.9561781895673233
1.0,4.0,15.450477556556308
1.0,2.0,2.2050565639607167
10.0,17.0,6.403769898034775
4.0,23.0,2.8586022118082024
18.0,27.0,1.514273567082852
9.0,17.0,0.7704776954289465
12.0,22.0,1.1401019103152115
18.0,31.0,1.1053717932150342
3.0,6.0,0.14730414356911653
4.0,8.0,0.37100923803002883
4.0,14.0,0.9561781895673233
3.0,4.0,15.450477556556308
2.0,2.0,2.2050565639607167
12.0,17.0,6.403769898034775
17.0,23.0,2.8586022118082024
22.0,27.0,1.514273567082852
12.0,17.0,0.7704776954289465
17.0,22.0,1.1401019103152115
17.0,31.0,1.1053717932150342
4.0,6.0,0.14730414356911653
4.0,8.0,0.37100923803002883
11.0,14.0,0.9561781895673233
3.0,4.0,15.450477556556308
2.0,2.0,2.2050565639607167
9.0,17.0,6.403769898034775
15.0,23.0,2.8586022118082024
23.0,27.0,1.514273567082852
13.0,17.0,0.7704776954289465
16.0,22.0,1.1401019103152115
20.0,31.0,1.1053717932150342
5.0,6.0,0.14730414356911653
4.0,8.0,0.37100923803002883
7.0,14.0,0.9561781895673233
4.0,4.0,15.450477556556308
1.0,2.0,2.2050565639607167
15.0,17.0,6.403769898034775
18.0,23.0,2.8586022118082024
21.0,27.0,1.514273567082852
12.0,17.0,0.7704776954289465
19.0,22.0,1.1401019103152115
24.0,31.0,1.1053717932150342
6.0,6.0,0.14730414356911653
8.0,8.0,0.37100923803002883
11.0,14.0,0.9561781895673233
4.0,4.0,15.450477556556308
2.0,2.0,2.2050565639607167
16.0,17.0,6.403769898034775
21.0,23.0,2.8586022118082024
25.0,27.0,1.514273567082852
17.0,17.0,0.7704776954289465
21.0,22.0,1.1401019103152115
26.0,31.0,1.1053717932150342
5.0,6.0,0.14730414356911653
8.0,8.0,0.37100923803002883
10.0,14.0,0.9561781895673233
1.0,3.0,0.8238393219504643
1.0,4.0,2.1103991239924764
2.0,10.0,3.8343584521159597
2.0,16.0,2.0269162525214215
5.0,34.0,2.719679599998703
7.0,91.0,4.149233919626309
4.0,50.0,1.1555711749132191
13.0,82.0,1.5283585002622202
2.0,23.0,0.3092245110432327
0.0,7.0,0.22957534392273057
0.0,6.0,0.2409559878042488
2.0,3.0,0.8238393219504643
2.0,4.0,2.1103991239924764
1.0,10.0,3.8343584521159597
3.0,16.0,2.0269162525214215
8.0,34.0,2.719679599998703
14.0,91.0,4.149233919626309
11.0,50.0,1.1555711749132191
15.0,82.0,1.5283585002622202
4.0,23.0,0.3092245110432327
2.0,7.0,0.22957534392273057
3.0,6.0,0.2409559878042488
2.0,3.0,0.8238393219504643
1.0,4.0,2.1103991239924764
2.0,10.0,3.8343584521159597
8.0,16.0,2.0269162525214215
10.0,34.0,2.719679599998703
22.0,91.0,4.149233919626309
14.0,50.0,1.1555711749132191
27.0,82.0,1.5283585002622202
7.0,23.0,0.3092245110432327
3.0,7.0,0.22957534392273057
2.0,6.0,0.2409559878042488
3.0,3.0,0.8238393219504643
1.0,4.0,2.1103991239924764
4.0,10.0,3.8343584521159597
9.0,16.0,2.0269162525214215
7.0,34.0,2.719679599998703
36.0,91.0,4.149233919626309
20.0,50.0,1.1555711749132191
27.0,82.0,1.5283585002622202
10.0,23.0,0.3092245110432327
2.0,7.0,0.22957534392273057
2.0,6.0,0.2409559878042488
2.0,3.0,0.8238393219504643
2.0,4.0,2.1103991239924764
8.0,10.0,3.8343584521159597
6.0,16.0,2.0269162525214215
18.0,34.0,2.719679599998703
46.0,91.0,4.149233919626309
25.0,50.0,1.1555711749132191
32.0,82.0,1.5283585002622202
12.0,23.0,0.3092245110432327
6.0,7.0,0.22957534392273057
1.0,6.0,0.2409559878042488
1.0,3.0,0.8238393219504643
3.0,4.0,2.1103991239924764
7.0,10.0,3.8343584521159597
9.0,16.0,2.0269162525214215
22.0,34.0,2.719679599998703
46.0,91.0,4.149233919626309
27.0,50.0,1.1555711749132191
50.0,82.0,1.5283585002622202
16.0,23.0,0.3092245110432327
4.0,7.0,0.22957534392273057
4.0,6.0,0.2409559878042488
1.0,3.0,0.8238393219504643
3.0,4.0,2.1103991239924764
9.0,10.0,3.8343584521159597
10.0,16.0,2.0269162525214215
21.0,34.0,2.719679599998703
59.0,91.0,4.149233919626309
37.0,50.0,1.1555711749132191
60.0,82.0,1.5283585002622202
18.0,23.0,0.3092245110432327
4.0,7.0,0.22957534392273057
4.0,6.0,0.2409559878042488
3.0,3.0,0.8238393219504643
4.0,4.0,2.1103991239924764
6.0,10.0,3.8343584521159597
12.0,16.0,2.0269162525214215
28.0,34.0,2.719679599998703
74.0,91.0,4.149233919626309
38.0,50.0,1.1555711749132191
65.0,82.0,1.5283585002622202
19.0,23.0,0.3092245110432327
4.0,7.0,0.22957534392273057
5.0,6.0,0.2409559878042488
2.0,3.0,0.8238393219504643
4.0,4.0,2.1103991239924764
10.0,10.0,3.8343584521159597
15.0,16.0,2.0269162525214215
31.0,34.0,2.719679599998703
82.0,91.0,4.149233919626309
46.0,50.0,1.1555711749132191
79.0,82.0,1.5283585002622202
21.0,23.0,0.3092245110432327
7.0,7.0,0.22957534392273057
5.0,6.0,0.2409559878042488
1.0,10.0,14.83024156855807
0.0,21.0,4.683929641765294
5.0,38.0,3.589685424546973
1.0,22.0,1.317726566989279
1.0,29.0,1.1143869649193163
9.0,97.0,3.436057251677114
0.0,1.0,0.017963056694402155
3.0,20.0,0.5354999190024881
2.0,17.0,0.4862049137022339
3.0,34.0,1.5373327716021128
2.0,39.0,1.6621760996547335
4.0,10.0,14.83024156855807
11.0,21.0,4.683929641765294
8.0,38.0,3.589685424546973
5.0,22.0,1.317726566989279
4.0,29.0,1.1143869649193163
20.0,97.0,3.436057251677114
1.0,1.0,0.017963056694402155
4.0,20.0,0.5354999190024881
2.0,17.0,0.4862049137022339
8.0,34.0,1.5373327716021128
10.0,39.0,1.6621760996547335
4.0,10.0,14.83024156855807
6.0,21.0,4.683929641765294
19.0,38.0,3.589685424546973
9.0,22.0,1.317726566989279
5.0,29.0,1.1143869649193163
28.0,97.0,3.436057251677114
0.0,1.0,0.017963056694402155
5.0,20.0,0.5354999190024881
5.0,17.0,0.4862049137022339
10.0,34.0,1.5373327716021128
11.0,39.0,1.6621760996547335
4.0,10.0,14.83024156855807
7.0,21.0,4.683929641765294
17.0,38.0,3.589685424546973
11.0,22.0,1.317726566989279
14.0,29.0,1.1143869649193163
47.0,97.0,3.436057251677114
1.0,1.0,0.017963056694402155
6.0,20.0,0.5354999190024881
5.0,17.0,0.4862049137022339
15.0,34.0,1.5373327716021128
12.0,39.0,1.6621760996547335
5.0,10.0,14.83024156855807
13.0,21.0,4.683929641765294
22.0,38.0,3.589685424546973
9.0,22.0,1.317726566989279
15.0,29.0,1.1143869649193163
51.0,97.0,3.436057251677114
1.0,1.0,0.017963056694402155
12.0,20.0,0.5354999190024881
10.0,17.0,0.4862049137022339
14.0,34.0,1.5373327716021128
13.0,39.0,1.6621760996547335
4.0,10.0,14.83024156855807
12.0,21.0,4.683929641765294
21.0,38.0,3.589685424546973
15.0,22.0,1.317726566989279
17.0,29.0,1.1143869649193163
58.0,97.0,3.436057251677114
1.0,1.0,0.017963056694402155
13.0,20.0,0.5354999190024881
9.0,17.0,0.4862049137022339
20.0,34.0,1.5373327716021128
20.0,39.0,1.6621760996547335
7.0,10.0,14.83024156855807
14.0,21.0,4.683929641765294
25.0,38.0,3.589685424546973
16.0,22.0,1.317726566989279
25.0,29.0,1.1143869649193163
67.0,97.0,3.436057251677114
1.0,1.0,0.017963056694402155
14.0,20.0,0.5354999190024881
13.0,17.0,0.4862049137022339
18.0,34.0,1.5373327716021128
25.0,39.0,1.6621760996547335
6.0,10.0,14.83024156855807
14.0,21.0,4.683929641765294
27.0,38.0,3.589685424546973
18.0,22.0,1.317726566989279
24.0,29.0,1.1143869649193163
78.0,97.0,3.436057251677114
0.0,1.0,0.017963056694402155
18.0,20.0,0.5354999190024881
13.0,17.0,0.4862049137022339
26.0,34.0,1.5373327716021128
31.0,39.0,1.6621760996547335
5.0,10.0,14.83024156855807
20.0,21.0,4.683929641765294
36.0,38.0,3.589685424546973
21.0,22.0,1.317726566989279
26.0,29.0,1.1143869649193163
91.0,97.0,3.436057251677114
1.0,1.0,0.017963056694402155
17.0,20.0,0.5354999190024881
17.0,17.0,0.4862049137022339
27.0,34.0,1.5373327716021128
37.0,39.0,1.6621760996547335
1.0,3.0,1.2149227009495362
2.0,9.0,8.722136891545839
2.0,10.0,2.216030599334126
1.0,6.0,1.0459239778854958
2.0,10.0,1.3310318088210373
3.0,13.0,1.6972868191195323
1.0,22.0,1.5002261387913152
0.0,8.0,0.34127525745593207
2.0,15.0,1.3324303588503843
11.0,89.0,4.690088776377437
1.0,26.0,0.5688954393927239
2.0,3.0,1.2149227009495362
0.0,9.0,8.722136891545839
0.0,10.0,2.216030599334126
1.0,6.0,1.0459239778854958
4.0,10.0,1.3310318088210373
1.0,13.0,1.6972868191195323
3.0,22.0,1.5002261387913152
2.0,8.0,0.34127525745593207
1.0,15.0,1.3324303588503843
18.0,89.0,4.690088776377437
4.0,26.0,0.5688954393927239
1.0,3.0,1.2149227009495362
4.0,9.0,8.722136891545839
3.0,10.0,2.216030599334126
1.0,6.0,1.0459239778854958
2.0,10.0,1.3310318088210373
5.0,13.0,1.6972868191195323
6.0,22.0,1.5002261387913152
3.0,8.0,0.34127525745593207
4.0,15.0,1.3324303588503843
28.0,89.0,4.690088776377437
8.0,26.0,0.5688954393927239
2.0,3.0,1.2149227009495362
3.0,9.0,8.722136891545839
3.0,10.0,2.216030599334126
4.0,6.0,1.0459239778854958
2.0,10.0,1.3310318088210373
5.0,13.0,1.6972868191195323
12.0,22.0,1.5002261387913152
6.0,8.0,0.34127525745593207
2.0,15.0,1.3324303588503843
30.0,89.0,4.690088776377437
10.0,26.0,0.5688954393927239
1.0,3.0,1.2149227009495362
6.0,9.0,8.722136891545839
3.0,10.0,2.216030599334126
3.0,6.0,1.0459239778854958
4.0,10.0,1.3310318088210373
8.0,13.0,1.6972868191195323
16.0,22.0,1.5002261387913152
2.0,8.0,0.34127525745593207
8.0,15.0,1.3324303588503843
44.0,89.0,4.690088776377437
11.0,26.0,0.5688954393927239
2.0,3.0,1.2149227009495362
6.0,9.0,8.722136891545839
9.0,10.0,2.216030599334126
4.0,6.0,1.0459239778854958
2.0,10.0,1.3310318088210373
7.0,13.0,1.6972868191195323
14.0,22.0,1.5002261387913152
3.0,8.0,0.34127525745593207
7.0,15.0,1.3324303588503843
53.0,89.0,4.690088776377437
16.0,26.0,0.5688954393927239
3.0,3.0,1.2149227009495362
5.0,9.0,8.722136891545839
7.0,10.0,2.216030599334126
5.0,6.0,1.0459239778854958
7.0,10.0,1.3310318088210373
8.0,13.0,1.6972868191195323
16.0,22.0,1.5002261387913152
5.0,8.0,0.34127525745593207
10.0,15.0,1.3324303588503843
74.0,89.0,4.690088776377437
21.0,26.0,0.5688954393927239
1.0,3.0,1.2149227009495362
5.0,9.0,8.722136891545839
7.0,10.0,2.216030599334126
5.0,6.0,1.0459239778854958
7.0,10.0,1.3310318088210373
12.0,13.0,1.6972868191195323
18.0,22.0,1.5002261387913152
7.0,8.0,0.34127525745593207
10.0,15.0,1.3324303588503843
72.0,89.0,4.690088776377437
22.0,26.0,0.5688954393927239
2.0,3.0,1.2149227009495362
7.0,9.0,8.722136891545839
9.0,10.0,2.216030599334126
6.0,6.0,1.0459239778854958
10.0,10.0,1.3310318088210373
13.0,13.0,1.6972868191195323
21.0,22.0,1.5002261387913152
6.0,8.0,0.34127525745593207
14.0,15.0,1.3324303588503843
82.0,89.0,4.690088776377437
23.0,26.0,0.5688954393927239
1.0,3.0,5.761376957704239
1.0,5.0,3.1713378270620556
0.0,5.0,2.075076248138859
1.0,5.0,1.8837629265733062
1.0,8.0,1.916719568434581
1.0,12.0,1.8936526924818826
0.0,6.0,0.3522548139971946
2.0,10.0,1.8768037988711712
0.0,7.0,0.6457101356422194
1.0,6.0,1.2279793270471646
2.0,15.0,1.7741630566362832
1.0,3.0,5.761376957704239
2.0,5.0,3.1713378270620556
2.0,5.0,2.075076248138859
2.0,5.0,1.8837629265733062
4.0,8.0,1.916719568434581
3.0,12.0,1.8936526924818826
1.0,6.0,0.3522548139971946
2.0,10.0,1.8768037988711712
1.0,7.0,0.6457101356422194
1.0,6.0,1.2279793270471646
3.0,15.0,1.7741630566362832
2.0,3.0,5.761376957704239
2.0,5.0,3.1713378270620556
1.0,5.0,2.075076248138859
1.0,5.0,1.8837629265733062
3.0,8.0,1.916719568434581
4.0,12.0,1.8936526924818826
3.0,6.0,0.3522548139971946
4.0,10.0,1.8768037988711712
0.0,7.0,0.6457101356422194
1.0,6.0,1.2279793270471646
5.0,15.0,1.7741630566362832
1.0,3.0,5.761376957704239
1.0,5.0,3.1713378270620556
2.0,5.0,2.075076248138859
3.0,5.0,1.8837629265733062
4.0,8.0,1.916719568434581
5.0,12.0,1.8936526924818826
3.0,6.0,0.3522548139971946
1.0,10.0,1.8768037988711712
3.0,7.0,0.6457101356422194
2.0,6.0,1.2279793270471646
6.0,15.0,1.7741630566362832
1.0,3.0,5.761376957704239
3.0,5.0,3.1713378270620556
4.0,5.0,2.075076248138859
3.0,5.0,1.8837629265733062
3.0,8.0,1.916719568434581
4.0,12.0,1.8936526924818826
2.0,6.0,0.3522548139971946
5.0,10.0,1.8768037988711712
2.0,7.0,0.6457101356422194
3.0,6.0,1.2279793270471646
8.0,15.0,1.7741630566362832
1.0,3.0,5.761376957704239
2.0,5.0,3.1713378270620556
4.0,5.0,2.075076248138859
4.0,5.0,1.8837629265733062
5.0,8.0,1.916719568434581
6.0,12.0,1.8936526924818826
5.0,6.0,0.3522548139971946
5.0,10.0,1.8768037988711712
5.0,7.0,0.6457101356422194
3.0,6.0,1.2279793270471646
9.0,15.0,1.7741630566362832
2.0,3.0,5.761376957704239
2.0,5.0,3.1713378270620556
4.0,5.0,2.075076248138859
1.0,5.0,1.8837629265733062
5.0,8.0,1.916719568434581
6.0,12.0,1.8936526924818826
4.0,6.0,0.3522548139971946
8.0,10.0,1.8768037988711712
5.0,7.0,0.6457101356422194
4.0,6.0,1.2279793270471646
13.0,15.0,1.7741630566362832
3.0,3.0,5.761376957704239
4.0,5.0,3.1713378270620556
4.0,5.0,2.075076248138859
5.0,5.0,1.8837629265733062
7.0,8.0,1.916719568434581
10.0,12.0,1.8936526924818826
6.0,6.0,0.3522548139971946
7.0,10.0,1.8768037988711712
6.0,7.0,0.6457101356422194
6.0,6.0,1.2279793270471646
11.0,15.0,1.7741630566362832
3.0,3.0,5.761376957704239
5.0,5.0,3.1713378270620556
5.0,5.0,2.075076248138859
5.0,5.0,1.8837629265733062
7.0,8.0,1.916719568434581
11.0,12.0,1.8936526924818826
6.0,6.0,0.3522548139971946
8.0,10.0,1.8768037988711712
6.0,7.0,0.6457101356422194
4.0,6.0,1.2279793270471646
14.0,15.0,1.7741630566362832
1.0,3.0,2.137356742423797
3.0,15.0,4.544734434270583
0.0,9.0,2.3123509371183726
0.0,24.0,2.080955181548161
1.0,16.0,1.436457074069237
2.0,41.0,2.4815295092859446
0.0,3.0,0.11296137909843443
1.0,45.0,2.2736621067211464
1.0,27.0,1.0021033578133693
3.0,60.0,2.048523343239351
2.0,42.0,1.1139994948419805
1.0,3.0,2.137356742423797
3.0,15.0,4.544734434270583
1.0,9.0,2.3123509371183726
8.0,24.0,2.080955181548161
4.0,16.0,1.436457074069237
5.0,41.0,2.4815295092859446
0.0,3.0,0.11296137909843443
7.0,45.0,2.2736621067211464
5.0,27.0,1.0021033578133693
9.0,60.0,2.048523343239351
13.0,42.0,1.1139994948419805
1.0,3.0,2.137356742423797
8.0,15.0,4.544734434270583
2.0,9.0,2.3123509371183726
9.0,24.0,2.080955181548161
6.0,16.0,1.436457074069237
17.0,41.0,2.4815295092859446
1.0,3.0,0.11296137909843443
15.0,45.0,2.2736621067211464
9.0,27.0,1.0021033578133693
23.0,60.0,2.048523343239351
7.0,42.0,1.1139994948419805
1.0,3.0,2.137356742423797
7.0,15.0,4.544734434270583
4.0,9.0,2.3123509371183726
9.0,24.0,2.080955181548161
6.0,16.0,1.436457074069237
16.0,41.0,2.4815295092859446
2.0,3.0,0.11296137909843443
20.0,45.0,2.2736621067211464
12.0,27.0,1.0021033578133693
22.0,60.0,2.048523343239351
17.0,42.0,1.1139994948419805
1.0,3.0,2.137356742423797
4.0,15.0,4.544734434270583
5.0,9.0,2.3123509371183726
10.0,24.0,2.080955181548161
8.0,16.0,1.436457074069237
19.0,41.0,2.4815295092859446
2.0,3.0,0.11296137909843443
22.0,45.0,2.2736621067211464
13.0,27.0,1.0021033578133693
32.0,60.0,2.048523343239351
18.0,42.0,1.1139994948419805
1.0,3.0,2.137356742423797
10.0,15.0,4.544734434270583
3.0,9.0,2.3123509371183726
15.0,24.0,2.080955181548161
14.0,16.0,1.436457074069237
21.0,41.0,2.4815295092859446
2.0,3.0,0.11296137909843443
23.0,45.0,2.2736621067211464
14.0,27.0,1.0021033578133693
39.0,60.0,2.048523343239351
27.0,42.0,1.1139994948419805
3.0,3.0,2.137356742423797
10.0,15.0,4.544734434270583
5.0,9.0,2.3123509371183726
14.0,24.0,2.080955181548161
13.0,16.0,1.436457074069237
32.0,41.0,2.4815295092859446
3.0,3.0,0.11296137909843443
32.0,45.0,2.2736621067211464
23.0,27.0,1.0021033578133693
43.0,60.0,2.048523343239351
32.0,42.0,1.1139994948419805
2.0,3.0,2.137356742423797
10.0,15.0,4.544734434270583
6.0,9.0,2.3123509371183726
17.0,24.0,2.080955181548161
13.0,16.0,1.436457074069237
29.0,41.0,2.4815295092859446
3.0,3.0,0.11296137909843443
37.0,45.0,2.2736621067211464
23.0,27.0,1.0021033578133693
47.0,60.0,2.048523343239351
30.0,42.0,1.1139994948419805
3.0,3.0,2.137356742423797
13.0,15.0,4.544734434270583
7.0,9.0,2.3123509371183726
22.0,24.0,2.080955181548161
16.0,16.0,1.436457074069237
40.0,41.0,2.4815295092859446
3.0,3.0,0.11296137909843443
42.0,45.0,2.2736621067211464
24.0,27.0,1.0021033578133693
55.0,60.0,2.048523343239351
40.0,42.0,1.1139994948419805
1.0,9.0,12.33207641106705
0.0,1.0,0.5664813980478209
1.0,17.0,3.9541805252610844
1.0,8.0,1.0457789765036118
5.0,25.0,2.5275294500043115
9.0,59.0,3.240858941815999
7.0,57.0,2.063455727485283
1.0,19.0,0.4604762705437055
4.0,30.0,0.7689017662259864
12.0,99.0,2.353677179368891
3.0,35.0,0.6227925162825552
2.0,9.0,12.33207641106705
0.0,1.0,0.5664813980478209
4.0,17.0,3.9541805252610844
1.0,8.0,1.0457789765036118
2.0,25.0,2.5275294500043115
15.0,59.0,3.240858941815999
15.0,57.0,2.063455727485283
5.0,19.0,0.4604762705437055
7.0,30.0,0.7689017662259864
20.0,99.0,2.353677179368891
4.0,35.0,0.6227925162825552
2.0,9.0,12.33207641106705
1.0,1.0,0.5664813980478209
3.0,17.0,3.9541805252610844
3.0,8.0,1.0457789765036118
8.0,25.0,2.5275294500043115
13.0,59.0,3.240858941815999
13.0,57.0,2.063455727485283
7.0,19.0,0.4604762705437055
10.0,30.0,0.7689017662259864
30.0,99.0,2.353677179368891
8.0,35.0,0.6227925162825552
3.0,9.0,12.33207641106705
0.0,1.0,0.5664813980478209
7.0,17.0,3.9541805252610844
6.0,8.0,1.0457789765036118
10.0,25.0,2.5275294500043115
29.0,59.0,3.240858941815999
22.0,57.0,2.063455727485283
8.0,19.0,0.4604762705437055
12.0,30.0,0.7689017662259864
51.0,99.0,2.353677179368891
13.0,35.0,0.6227925162825552
3.0,9.0,12.33207641106705
1.0,1.0,0.5664813980478209
12.0,17.0,3.9541805252610844
5.0,8.0,1.0457789765036118
11.0,25.0,2.5275294500043115
29.0,59.0,3.240858941815999
30.0,57.0,2.063455727485283
10.0,19.0,0.4604762705437055
20.0,30.0,0.7689017662259864
49.0,99.0,2.353677179368891
17.0,35.0,0.6227925162825552
5.0,9.0,12.33207641106705
1.0,1.0,0.5664813980478209
11.0,17.0,3.9541805252610844
5.0,8.0,1.0457789765036118
12.0,25.0,2.5275294500043115
36.0,59.0,3.240858941815999
32.0,57.0,2.063455727485283
13.0,19.0,0.4604762705437055
17.0,30.0,0.7689017662259864
63.0,99.0,2.353677179368891
23.0,35.0,0.6227925162825552
9.0,9.0,12.33207641106705
0.0,1.0,0.5664813980478209
11.0,17.0,3.9541805252610844
8.0,8.0,1.0457789765036118
16.0,25.0,2.5275294500043115
39.0,59.0,3.240858941815999
39.0,57.0,2.063455727485283
12.0,19.0,0.4604762705437055
23.0,30.0,0.7689017662259864
63.0,99.0,2.353677179368891
28.0,35.0,0.6227925162825552
9.0,9.0,12.33207641106705
1.0,1.0,0.5664813980478209
12.0,17.0,3.9541805252610844
5.0,8.0,1.0457789765036118
18.0,25.0,2.5275294500043115
44.0,59.0,3.240858941815999
48.0,57.0,2.063455727485283
17.0,19.0,0.4604762705437055
22.0,30.0,0.7689017662259864
85.0,99.0,2.353677179368891
28.0,35.0,0.6227925162825552
7.0,9.0,12.33207641106705
1.0,1.0,0.5664813980478209
14.0,17.0,3.9541805252610844
7.0,8.0,1.0457789765036118
21.0,25.0,2.5275294500043115
54.0,59.0,3.240858941815999
50.0,57.0,2.063455727485283
15.0,19.0,0.4604762705437055
26.0,30.0,0.7689017662259864
83.0,99.0,2.353677179368891
30.0,35.0,0.6227925162825552
1.0,5.0,3.120787338954691
0.0,2.0,2.9821662984484822
2.0,9.0,3.392585383132378
1.0,4.0,0.815736923162269
2.0,5.0,1.5120538986836107
3.0,13.0,2.2049334689176883
0.0,5.0,0.49148418090979495
1.0,24.0,2.226965165850453
6.0,65.0,3.6616355467545794
7.0,83.0,2.6872711714064628
4.0,26.0,0.6073851296614802
1.0,5.0,3.120787338954691
0.0,2.0,2.9821662984484822
3.0,9.0,3.392585383132378
2.0,4.0,0.815736923162269
1.0,5.0,1.5120538986836107
2.0,13.0,2.2049334689176883
1.0,5.0,0.49148418090979495
9.0,24.0,2.226965165850453
13.0,65.0,3.6616355467545794
17.0,83.0,2.6872711714064628
2.0,26.0,0.6073851296614802
3.0,5.0,3.120787338954691
1.0,2.0,2.9821662984484822
4.0,9.0,3.392585383132378
1.0,4.0,0.815736923162269
1.0,5.0,1.5120538986836107
2.0,13.0,2.2049334689176883
2.0,5.0,0.49148418090979495
7.0,24.0,2.226965165850453
22.0,65.0,3.6616355467545794
23.0,83.0,2.6872711714064628
5.0,26.0,0.6073851296614802
2.0,5.0,3.120787338954691
1.0,2.0,2.9821662984484822
3.0,9.0,3.392585383132378
2.0,4.0,0.815736923162269
3.0,5.0,1.5120538986836107
5.0,13.0,2.2049334689176883
2.0,5.0,0.49148418090979495
11.0,24.0,2.226965165850453
31.0,65.0,3.6616355467545794
37.0,83.0,2.6872711714064628
9.0,26.0,0.6073851296614802
2.0,5.0,3.120787338954691
1.0,2.0,2.9821662984484822
1.0,9.0,3.392585383132378
1.0,4.0,0.815736923162269
1.0,5.0,1.5120538986836107
6.0,13.0,2.2049334689176883
4.0,5.0,0.49148418090979495
13.0,24.0,2.226965165850453
31.0,65.0,3.6616355467545794
47.0,83.0,2.6872711714064628
15.0,26.0,0.6073851296614802
5.0,5.0,3.120787338954691
2.0,2.0,2.9821662984484822
6.0,9.0,3.392585383132378
3.0,4.0,0.815736923162269
2.0,5.0,1.5120538986836107
10.0,13.0,2.2049334689176883
2.0,5.0,0.49148418090979495
15.0,24.0,2.226965165850453
42.0,65.0,3.6616355467545794
54.0,83.0,2.6872711714064628
18.0,26.0,0.6073851296614802
3.0,5.0,3.120787338954691
1.0,2.0,2.9821662984484822
6.0,9.0,3.392585383132378
3.0,4.0,0.815736923162269
3.0,5.0,1.5120538986836107
10.0,13.0,2.2049334689176883
4.0,5.0,0.49148418090979495
20.0,24.0,2.226965165850453
44.0,65.0,3.6616355467545794
53.0,83.0,2.6872711714064628
18.0,26.0,0.6073851296614802
5.0,5.0,3.120787338954691
1.0,2.0,2.9821662984484822
7.0,9.0,3.392585383132378
4.0,4.0,0.815736923162269
5.0,5.0,1.5120538986836107
11.0,13.0,2.2049334689176883
4.0,5.0,0.49148418090979495
20.0,24.0,2.226965165850453
48.0,65.0,3.6616355467545794
73.0,83.0,2.6872711714064628
22.0,26.0,0.6073851296614802
5.0,5.0,3.120787338954691
2.0,2.0,2.9821662984484822
9.0,9.0,3.392585383132378
3.0,4.0,0.815736923162269
3.0,5.0,1.5120538986836107
13.0,13.0,2.2049334689176883
4.0,5.0,0.49148418090979495
24.0,24.0,2.226965165850453
59.0,65.0,3.6616355467545794
78.0,83.0,2.6872711714064628
21.0,26.0,0.6073851296614802
1.0,5.0,8.331705907071049
2.0,16.0,5.160154656269455
3.0,27.0,2.8182278653345234
1.0,14.0,0.8869093008728695
2.0,11.0,1.1433995802166448
1.0,11.0,0.6494844662428174
2.0,19.0,1.3562864568511033
5.0,41.0,2.4639549661746103
6.0,51.0,1.9930277490771835
5.0,51.0,1.5584995938524555
3.0,27.0,0.9535428135373076
1.0,5.0,8.331705907071049
2.0,16.0,5.160154656269455
3.0,27.0,2.8182278653345234
3.0,14.0,0.8869093008728695
1.0,11.0,1.1433995802166448
1.0,11.0,0.6494844662428174
5.0,19.0,1.3562864568511033
4.0,41.0,2.4639549661746103
9.0,51.0,1.9930277490771835
11.0,51.0,1.5584995938524555
5.0,27.0,0.9535428135373076
1.0,5.0,8.331705907071049
6.0,16.0,5.160154656269455
8.0,27.0,2.8182278653345234
6.0,14.0,0.8869093008728695
3.0,11.0,1.1433995802166448
4.0,11.0,0.6494844662428174
7.0,19.0,1.3562864568511033
14.0,41.0,2.4639549661746103
15.0,51.0,1.9930277490771835
15.0,51.0,1.5584995938524555
8.0,27.0,0.9535428135373076
1.0,5.0,8.331705907071049
7.0,16.0,5.160154656269455
15.0,27.0,2.8182278653345234
7.0,14.0,0.8869093008728695
5.0,11.0,1.1433995802166448
1.0,11.0,0.6494844662428174
5.0,19.0,1.3562864568511033
22.0,41.0,2.4639549661746103
23.0,51.0,1.9930277490771835
21.0,51.0,1.5584995938524555
15.0,27.0,0.9535428135373076
3.0,5.0,8.331705907071049
9.0,16.0,5.160154656269455
12.0,27.0,2.8182278653345234
10.0,14.0,0.8869093008728695
7.0,11.0,1.1433995802166448
7.0,11.0,0.6494844662428174
11.0,19.0,1.3562864568511033
24.0,41.0,2.4639549661746103
23.0,51.0,1.9930277490771835
24.0,51.0,1.5584995938524555
12.0,27.0,0.9535428135373076
5.0,5.0,8.331705907071049
10.0,16.0,5.160154656269455
18.0,27.0,2.8182278653345234
10.0,14.0,0.8869093008728695
5.0,11.0,1.1433995802166448
6.0,11.0,0.6494844662428174
9.0,19.0,1.3562864568511033
29.0,41.0,2.4639549661746103
31.0,51.0,1.9930277490771835
33.0,51.0,1.5584995938524555
11.0,27.0,0.9535428135373076
3.0,5.0,8.331705907071049
12.0,16.0,5.160154656269455
23.0,27.0,2.8182278653345234
10.0,14.0,0.8869093008728695
8.0,11.0,1.1433995802166448
8.0,11.0,0.6494844662428174
13.0,19.0,1.3562864568511033
32.0,41.0,2.4639549661746103
35.0,51.0,1.9930277490771835
36.0,51.0,1.5584995938524555
18.0,27.0,0.9535428135373076
5.0,5.0,8.331705907071049
10.0,16.0,5.160154656269455
23.0,27.0,2.8182278653345234
13.0,14.0,0.8869093008728695
9.0,11.0,1.1433995802166448
7.0,11.0,0.6494844662428174
18.0,19.0,1.3562864568511033
33.0,41.0,2.4639549661746103
46.0,51.0,1.9930277490771835
38.0,51.0,1.5584995938524555
22.0,27.0,0.9535428135373076
4.0,5.0,8.331705907071049
15.0,16.0,5.160154656269455
22.0,27.0,2.8182278653345234
11.0,14.0,0.8869093008728695
11.0,11.0,1.1433995802166448
11.0,11.0,0.6494844662428174
16.0,19.0,1.3562864568511033
37.0,41.0,2.4639549661746103
45.0,51.0,1.9930277490771835
43.0,51.0,1.5584995938524555
26.0,27.0,0.9535428135373076
1.0,4.0,8.863809743376015
4.0,21.0,8.396523403940687
3.0,25.0,2.189047460215695
13.0,76.0,4.5224600184857
2.0,37.0,1.0054994774824948
2.0,7.0,0.3257776391669025
2.0,15.0,0.3312740716653727
4.0,17.0,0.555076060153853
1.0,20.0,1.387975096770532
4.0,29.0,1.5083898495934336
3.0,37.0,1.560398092011328
2.0,4.0,8.863809743376015
2.0,21.0,8.396523403940687
3.0,25.0,2.189047460215695
17.0,76.0,4.5224600184857
7.0,37.0,1.0054994774824948
2.0,7.0,0.3257776391669025
4.0,15.0,0.3312740716653727
3.0,17.0,0.555076060153853
3.0,20.0,1.387975096770532
8.0,29.0,1.5083898495934336
4.0,37.0,1.560398092011328
1.0,4.0,8.863809743376015
7.0,21.0,8.396523403940687
12.0,25.0,2.189047460215695
33.0,76.0,4.5224600184857
11.0,37.0,1.0054994774824948
1.0,7.0,0.3257776391669025
4.0,15.0,0.3312740716653727
6.0,17.0,0.555076060153853
6.0,20.0,1.387975096770532
10.0,29.0,1.5083898495934336
15.0,37.0,1.560398092011328
3.0,4.0,8.863809743376015
2.0,21.0,8.396523403940687
8.0,25.0,2.189047460215695
27.0,76.0,4.5224600184857
16.0,37.0,1.0054994774824948
3.0,7.0,0.3257776391669025
6.0,15.0,0.3312740716653727
4.0,17.0,0.555076060153853
9.0,20.0,1.387975096770532
13.0,29.0,1.5083898495934336
13.0,37.0,1.560398092011328
3.0,4.0,8.863809743376015
8.0,21.0,8.396523403940687
11.0,25.0,2.189047460215695
40.0,76.0,4.5224600184857
22.0,37.0,1.0054994774824948
3.0,7.0,0.3257776391669025
6.0,15.0,0.3312740716653727
10.0,17.0,0.555076060153853
6.0,20.0,1.387975096770532
17.0,29.0,1.5083898495934336
18.0,37.0,1.560398092011328
1.0,4.0,8.863809743376015
11.0,21.0,8.396523403940687
11.0,25.0,2.189047460215695
45.0,76.0,4.5224600184857
22.0,37.0,1.0054994774824948
4.0,7.0,0.3257776391669025
10.0,15.0,0.3312740716653727
8.0,17.0,0.555076060153853
15.0,20.0,1.387975096770532
17.0,29.0,1.5083898495934336
21.0,37.0,1.560398092011328
3.0,4.0,8.863809743376015
11.0,21.0,8.396523403940687
13.0,25.0,2.189047460215695
55.0,76.0,4.5224600184857
22.0,37.0,1.0054994774824948
6.0,7.0,0.3257776391669025
9.0,15.0,0.3312740716653727
15.0,17.0,0.555076060153853
16.0,20.0,1.387975096770532
20.0,29.0,1.5083898495934336
28.0,37.0,1.560398092011328
3.0,4.0,8.863809743376015
16.0,21.0,8.396523403940687
17.0,25.0,2.189047460215695
62.0,76.0,4.5224600184857
31.0,37.0,1.0054994774824948
6.0,7.0,0.3257776391669025
13.0,15.0,0.3312740716653727
14.0,17.0,0.555076060153853
17.0,20.0,1.387975096770532
24.0,29.0,1.5083898495934336
31.0,37.0,1.560398092011328
4.0,4.0,8.863809743376015
18.0,21.0,8.396523403940687
22.0,25.0,2.189047460215695
70.0,76.0,4.5224600184857
34.0,37.0,1.0054994774824948
7.0,7.0,0.3257776391669025
14.0,15.0,0.3312740716653727
16.0,17.0,0.555076060153853
17.0,20.0,1.387975096770532
26.0,29.0,1.5083898495934336
32.0,37.0,1.560398092011328
1.0,12.0,11.986775470899058
2.0,13.0,4.240628711475835
2.0,14.0,1.3111990529617195
2.0,18.0,1.0359626073506003
1.0,10.0,0.7966597400545905
6.0,52.0,4.143914444737914
12.0,86.0,2.9516764123162904
1.0,19.0,0.5790627519587815
0.0,3.0,0.05132919275862707
2.0,16.0,0.595222094777782
0.0,8.0,0.5825510054816472
3.0,12.0,11.986775470899058
3.0,13.0,4.240628711475835
2.0,14.0,1.3111990529617195
5.0,18.0,1.0359626073506003
3.0,10.0,0.7966597400545905
12.0,52.0,4.143914444737914
13.0,86.0,2.9516764123162904
2.0,19.0,0.5790627519587815
0.0,3.0,0.05132919275862707
5.0,16.0,0.595222094777782
2.0,8.0,0.5825510054816472
9.0,12.0,11.986775470899058
4.0,13.0,4.240628711475835
5.0,14.0,1.3111990529617195
3.0,18.0,1.0359626073506003
3.0,10.0,0.7966597400545905
8.0,52.0,4.143914444737914
29.0,86.0,2.9516764123162904
7.0,19.0,0.5790627519587815
1.0,3.0,0.05132919275862707
7.0,16.0,0.595222094777782
2.0,8.0,0.5825510054816472
8.0,12.0,11.986775470899058
5.0,13.0,4.240628711475835
8.0,14.0,1.3111990529617195
9.0,18.0,1.0359626073506003
5.0,10.0,0.7966597400545905
21.0,52.0,4.143914444737914
29.0,86.0,2.9516764123162904
8.0,19.0,0.5790627519587815
0.0,3.0,0.05132919275862707
5.0,16.0,0.595222094777782
3.0,8.0,0.5825510054816472
6.0,12.0,11.986775470899058
6.0,13.0,4.240628711475835
7.0,14.0,1.3111990529617195
7.0,18.0,1.0359626073506003
5.0,10.0,0.7966597400545905
23.0,52.0,4.143914444737914
46.0,86.0,2.9516764123162904
10.0,19.0,0.5790627519587815
1.0,3.0,0.05132919275862707
12.0,16.0,0.595222094777782
4.0,8.0,0.5825510054816472
9.0,12.0,11.986775470899058
8.0,13.0,4.240628711475835
7.0,14.0,1.3111990529617195
11.0,18.0,1.0359626073506003
6.0,10.0,0.7966597400545905
27.0,52.0,4.143914444737914
51.0,86.0,2.9516764123162904
12.0,19.0,0.5790627519587815
3.0,3.0,0.05132919275862707
9.0,16.0,0.595222094777782
7.0,8.0,0.5825510054816472
9.0,12.0,11.986775470899058
8.0,13.0,4.240628711475835
13.0,14.0,1.3111990529617195
10.0,18.0,1.0359626073506003
8.0,10.0,0.7966597400545905
32.0,52.0,4.143914444737914
68.0,86.0,2.9516764123162904
10.0,19.0,0.5790627519587815
2.0,3.0,0.05132919275862707
13.0,16.0,0.595222094777782
3.0,8.0,0.5825510054816472
9.0,12.0,11.986775470899058
8.0,13.0,4.240628711475835
12.0,14.0,1.3111990529617195
15.0,18.0,1.0359626073506003
8.0,10.0,0.7966597400545905
40.0,52.0,4.143914444737914
64.0,86.0,2.9516764123162904
15.0,19.0,0.5790627519587815
3.0,3.0,0.05132919275862707
7.0,16.0,0.595222094777782
6.0,8.0,0.5825510054816472
10.0,12.0,11.986775470899058
12.0,13.0,4.240628711475835
14.0,14.0,1.3111990529617195
15.0,18.0,1.0359626073506003
9.0,10.0,0.7966597400545905
45.0,52.0,4.143914444737914
79.0,86.0,2.9516764123162904
16.0,19.0,0.5790627519587815
3.0,3.0,0.05132919275862707
16.0,16.0,0.595222094777782
8.0,8.0,0.5825510054816472
1.0,3.0,4.9005455070255755
1.0,15.0,8.697974710094188
8.0,31.0,5.114706127764541
2.0,38.0,2.0661516695853224
4.0,57.0,1.6161176161868298
0.0,6.0,0.06791930077216493
1.0,7.0,0.2917624046516916
0.0,8.0,1.0341478934875015
4.0,25.0,2.2105038740459784
0.0,3.0,0.19053981680392243
2.0,13.0,1.4209555259038404
1.0,3.0,4.9005455070255755
3.0,15.0,8.697974710094188
3.0,31.0,5.114706127764541
6.0,38.0,2.0661516695853224
9.0,57.0,1.6161176161868298
1.0,6.0,0.06791930077216493
2.0,7.0,0.2917624046516916
0.0,8.0,1.0341478934875015
6.0,25.0,2.2105038740459784
1.0,3.0,0.19053981680392243
2.0,13.0,1.4209555259038404
1.0,3.0,4.9005455070255755
5.0,15.0,8.697974710094188
10.0,31.0,5.114706127764541
17.0,38.0,2.0661516695853224
14.0,57.0,1.6161176161868298
2.0,6.0,0.06791930077216493
4.0,7.0,0.2917624046516916
3.0,8.0,1.0341478934875015
9.0,25.0,2.2105038740459784
1.0,3.0,0.19053981680392243
5.0,13.0,1.4209555259038404
1.0,3.0,4.9005455070255755
5.0,15.0,8.697974710094188
15.0,31.0,5.114706127764541
15.0,38.0,2.0661516695853224
27.0,57.0,1.6161176161868298
2.0,6.0,0.06791930077216493
2.0,7.0,0.2917624046516916
1.0,8.0,1.0341478934875015
5.0,25.0,2.2105038740459784
1.0,3.0,0.19053981680392243
5.0,13.0,1.4209555259038404
2.0,3.0,4.9005455070255755
5.0,15.0,8.697974710094188
17.0,31.0,5.114706127764541
21.0,38.0,2.0661516695853224
29.0,57.0,1.6161176161868298
3.0,6.0,0.06791930077216493
3.0,7.0,0.2917624046516916
4.0,8.0,1.0341478934875015
14.0,25.0,2.2105038740459784
1.0,3.0,0.19053981680392243
3.0,13.0,1.4209555259038404
1.0,3.0,4.9005455070255755
12.0,15.0,8.697974710094188
21.0,31.0,5.114706127764541
23.0,38.0,2.0661516695853224
35.0,57.0,1.6161176161868298
4.0,6.0,0.06791930077216493
3.0,7.0,0.2917624046516916
5.0,8.0,1.0341478934875015
16.0,25.0,2.2105038740459784
2.0,3.0,0.19053981680392243
7.0,13.0,1.4209555259038404
3.0,3.0,4.9005455070255755
7.0,15.0,8.697974710094188
21.0,31.0,5.114706127764541
27.0,38.0,2.0661516695853224
37.0,57.0,1.6161176161868298
6.0,6.0,0.06791930077216493
5.0,7.0,0.2917624046516916
5.0,8.0,1.0341478934875015
17.0,25.0,2.2105038740459784
1.0,3.0,0.19053981680392243
10.0,13.0,1.4209555259038404
3.0,3.0,4.9005455070255755
12.0,15.0,8.697974710094188
23.0,31.0,5.114706127764541
31.0,38.0,2.0661516695853224
46.0,57.0,1.6161176161868298
6.0,6.0,0.06791930077216493
7.0,7.0,0.2917624046516916
7.0,8.0,1.0341478934875015
22.0,25.0,2.2105038740459784
3.0,3.0,0.19053981680392243
10.0,13.0,1.4209555259038404
3.0,3.0,4.9005455070255755
12.0,15.0,8.697974710094188
29.0,31.0,5.114706127764541
38.0,38.0,2.0661516695853224
52.0,57.0,1.6161176161868298
5.0,6.0,0.06791930077216493
6.0,7.0,0.2917624046516916
8.0,8.0,1.0341478934875015
23.0,25.0,2.2105038740459784
3.0,3.0,0.19053981680392243
11.0,13.0,1.4209555259038404
1.0,5.0,10.047183042974204
0.0,3.0,2.2098848416642176
4.0,29.0,7.50219623940286
1.0,29.0,2.5200376473679533
0.0,13.0,0.5261082932427945
6.0,69.0,3.0408397295621405
3.0,11.0,0.4168075395660248
3.0,9.0,0.618816928406903
9.0,76.0,2.7511143793080106
3.0,17.0,0.2992668011440347
1.0,17.0,0.39495618990117143
1.0,5.0,10.047183042974204
2.0,3.0,2.2098848416642176
2.0,29.0,7.50219623940286
4.0,29.0,2.5200376473679533
2.0,13.0,0.5261082932427945
14.0,69.0,3.0408397295621405
2.0,11.0,0.4168075395660248
2.0,9.0,0.618816928406903
17.0,76.0,2.7511143793080106
4.0,17.0,0.2992668011440347
2.0,17.0,0.39495618990117143
2.0,5.0,10.047183042974204
0.0,3.0,2.2098848416642176
8.0,29.0,7.50219623940286
6.0,29.0,2.5200376473679533
4.0,13.0,0.5261082932427945
20.0,69.0,3.0408397295621405
3.0,11.0,0.4168075395660248
2.0,9.0,0.618816928406903
20.0,76.0,2.7511143793080106
4.0,17.0,0.2992668011440347
4.0,17.0,0.39495618990117143
2.0,5.0,10.047183042974204
0.0,3.0,2.2098848416642176
8.0,29.0,7.50219623940286
9.0,29.0,2.5200376473679533
4.0,13.0,0.5261082932427945
21.0,69.0,3.0408397295621405
4.0,11.0,0.4168075395660248
3.0,9.0,0.618816928406903
44.0,76.0,2.7511143793080106
8.0,17.0,0.2992668011440347
6.0,17.0,0.39495618990117143
4.0,5.0,10.047183042974204
1.0,3.0,2.2098848416642176
17.0,29.0,7.50219623940286
10.0,29.0,2.5200376473679533
8.0,13.0,0.5261082932427945
34.0,69.0,3.0408397295621405
3.0,11.0,0.4168075395660248
6.0,9.0,0.618816928406903
41.0,76.0,2.7511143793080106
5.0,17.0,0.2992668011440347
11.0,17.0,0.39495618990117143
4.0,5.0,10.047183042974204
2.0,3.0,2.2098848416642176
19.0,29.0,7.50219623940286
18.0,29.0,2.5200376473679533
11.0,13.0,0.5261082932427945
40.0,69.0,3.0408397295621405
6.0,11.0,0.4168075395660248
6.0,9.0,0.618816928406903
46.0,76.0,2.7511143793080106
7.0,17.0,0.2992668011440347
10.0,17.0,0.39495618990117143
5.0,5.0,10.047183042974204
2.0,3.0,2.2098848416642176
16.0,29.0,7.50219623940286
25.0,29.0,2.5200376473679533
11.0,13.0,0.5261082932427945
49.0,69.0,3.0408397295621405
7.0,11.0,0.4168075395660248
6.0,9.0,0.618816928406903
52.0,76.0,2.7511143793080106
9.0,17.0,0.2992668011440347
10.0,17.0,0.39495618990117143
4.0,5.0,10.047183042974204
3.0,3.0,2.2098848416642176
23.0,29.0,7.50219623940286
22.0,29.0,2.5200376473679533
11.0,13.0,0.5261082932427945
60.0,69.0,3.0408397295621405
9.0,11.0,0.4168075395660248
9.0,9.0,0.618816928406903
57.0,76.0,2.7511143793080106
13.0,17.0,0.2992668011440347
15.0,17.0,0.39495618990117143
5.0,5.0,10.047183042974204
3.0,3.0,2.2098848416642176
26.0,29.0,7.50219623940286
27.0,29.0,2.5200376473679533
11.0,13.0,0.5261082932427945
64.0,69.0,3.0408397295621405
9.0,11.0,0.4168075395660248
8.0,9.0,0.618816928406903
67.0,76.0,2.7511143793080106
14.0,17.0,0.2992668011440347
15.0,17.0,0.39495618990117143
1.0,5.0,2.1729575195313773
1.0,5.0,3.057698223309746
1.0,4.0,0.7051648379464613
4.0,24.0,2.9083166972799166
1.0,28.0,2.4941798696300177
4.0,46.0,2.3973929970199346
0.0,16.0,0.4916451148404187
1.0,36.0,1.20306840098413
20.0,112.0,3.2171330225327472
7.0,109.0,1.7863929130089826
4.0,33.0,0.45473206120971627
2.0,5.0,2.1729575195313773
0.0,5.0,3.057698223309746
1.0,4.0,0.7051648379464613
6.0,24.0,2.9083166972799166
4.0,28.0,2.4941798696300177
6.0,46.0,2.3973929970199346
3.0,16.0,0.4916451148404187
9.0,36.0,1.20306840098413
21.0,112.0,3.2171330225327472
31.0,109.0,1.7863929130089826
3.0,33.0,0.45473206120971627
1.0,5.0,2.1729575195313773
0.0,5.0,3.057698223309746
2.0,4.0,0.7051648379464613
10.0,24.0,2.9083166972799166
7.0,28.0,2.4941798696300177
13.0,46.0,2.3973929970199346
5.0,16.0,0.4916451148404187
12.0,36.0,1.20306840098413
32.0,112.0,3.2171330225327472
30.0,109.0,1.7863929130089826
13.0,33.0,0.45473206120971627
1.0,5.0,2.1729575195313773
1.0,5.0,3.057698223309746
1.0,4.0,0.7051648379464613
12.0,24.0,2.9083166972799166
10.0,28.0,2.4941798696300177
11.0,46.0,2.3973929970199346
5.0,16.0,0.4916451148404187
20.0,36.0,1.20306840098413
42.0,112.0,3.2171330225327472
42.0,109.0,1.7863929130089826
10.0,33.0,0.45473206120971627
4.0,5.0,2.1729575195313773
1.0,5.0,3.057698223309746
2.0,4.0,0.7051648379464613
14.0,24.0,2.9083166972799166
13.0,28.0,2.4941798696300177
17.0,46.0,2.3973929970199346
9.0,16.0,0.4916451148404187
16.0,36.0,1.20306840098413
56.0,112.0,3.2171330225327472
62.0,109.0,1.7863929130089826
11.0,33.0,0.45473206120971627
2.0,5.0,2.1729575195313773
3.0,5.0,3.057698223309746
3.0,4.0,0.7051648379464613
16.0,24.0,2.9083166972799166
19.0,28.0,2.4941798696300177
28.0,46.0,2.3973929970199346
11.0,16.0,0.4916451148404187
18.0,36.0,1.20306840098413
73.0,112.0,3.2171330225327472
68.0,109.0,1.7863929130089826
18.0,33.0,0.45473206120971627
5.0,5.0,2.1729575195313773
3.0,5.0,3.057698223309746
2.0,4.0,0.7051648379464613
15.0,24.0,2.9083166972799166
19.0,28.0,2.4941798696300177
32.0,46.0,2.3973929970199346
13.0,16.0,0.4916451148404187
28.0,36.0,1.20306840098413
76.0,112.0,3.2171330225327472
71.0,109.0,1.7863929130089826
28.0,33.0,0.45473206120971627
2.0,5.0,2.1729575195313773
4.0,5.0,3.057698223309746
4.0,4.0,0.7051648379464613
20.0,24.0,2.9083166972799166
24.0,28.0,2.4941798696300177
35.0,46.0,2.3973929970199346
13.0,16.0,0.4916451148404187
26.0,36.0,1.20306840098413
92.0,112.0,3.2171330225327472
90.0,109.0,1.7863929130089826
30.0,33.0,0.45473206120971627
5.0,5.0,2.1729575195313773
3.0,5.0,3.057698223309746
3.0,4.0,0.7051648379464613
24.0,24.0,2.9083166972799166
26.0,28.0,2.4941798696300177
41.0,46.0,2.3973929970199346
12.0,16.0,0.4916451148404187
31.0,36.0,1.20306840098413
96.0,112.0,3.2171330225327472
99.0,109.0,1.7863929130089826
32.0,33.0,0.45473206120971627
1.0,3.0,8.772058870716593
0.0,11.0,4.570041212449338
0.0,10.0,1.8604435163343798
5.0,68.0,7.369499258644949
11.0,109.0,3.191934718869185
2.0,30.0,0.4448318539122446
6.0,65.0,1.0662932818445492
3.0,16.0,0.2626237422141812
6.0,42.0,0.7202503111199028
1.0,20.0,0.5050641407863314
5.0,30.0,1.0838173292686801
2.0,3.0,8.772058870716593
2.0,11.0,4.570041212449338
2.0,10.0,1.8604435163343798
8.0,68.0,7.369499258644949
30.0,109.0,3.191934718869185
5.0,30.0,0.4448318539122446
13.0,65.0,1.0662932818445492
2.0,16.0,0.2626237422141812
6.0,42.0,0.7202503111199028
9.0,20.0,0.5050641407863314
6.0,30.0,1.0838173292686801
1.0,3.0,8.772058870716593
3.0,11.0,4.570041212449338
3.0,10.0,1.8604435163343798
20.0,68.0,7.369499258644949
30.0,109.0,3.191934718869185
8.0,30.0,0.4448318539122446
15.0,65.0,1.0662932818445492
4.0,16.0,0.2626237422141812
15.0,42.0,0.7202503111199028
6.0,20.0,0.5050641407863314
8.0,30.0,1.0838173292686801
3.0,3.0,8.772058870716593
6.0,11.0,4.570041212449338
3.0,10.0,1.8604435163343798
23.0,68.0,7.369499258644949
42.0,109.0,3.191934718869185
11.0,30.0,0.4448318539122446
30.0,65.0,1.0662932818445492
7.0,16.0,0.2626237422141812
14.0,42.0,0.7202503111199028
11.0,20.0,0.5050641407863314
13.0,30.0,1.0838173292686801
1.0,3.0,8.772058870716593
4.0,11.0,4.570041212449338
4.0,10.0,1.8604435163343798
35.0,68.0,7.369499258644949
50.0,109.0,3.191934718869185
17.0,30.0,0.4448318539122446
33.0,65.0,1.0662932818445492
10.0,16.0,0.2626237422141812
24.0,42.0,0.7202503111199028
11.0,20.0,0.5050641407863314
13.0,30.0,1.0838173292686801
2.0,3.0,8.772058870716593
6.0,11.0,4.570041212449338
6.0,10.0,1.8604435163343798
38.0,68.0,7.369499258644949
66.0,109.0,3.191934718869185
19.0,30.0,0.4448318539122446
41.0,65.0,1.0662932818445492
8.0,16.0,0.2626237422141812
27.0,42.0,0.7202503111199028
11.0,20.0,0.5050641407863314
22.0,30.0,1.0838173292686801
2.0,3.0,8.772058870716593
8.0,11.0,4.570041212449338
8.0,10.0,1.8604435163343798
41.0,68.0,7.369499258644949
82.0,109.0,3.191934718869185
16.0,30.0,0.4448318539122446
51.0,65.0,1.0662932818445492
12.0,16.0,0.2626237422141812
26.0,42.0,0.7202503111199028
16.0,20.0,0.5050641407863314
24.0,30.0,1.0838173292686801
3.0,3.0,8.772058870716593
9.0,11.0,4.570041212449338
8.0,10.0,1.8604435163343798
56.0,68.0,7.369499258644949
79.0,109.0,3.191934718869185
24.0,30.0,0.4448318539122446
49.0,65.0,1.0662932818445492
14.0,16.0,0.2626237422141812
32.0,42.0,0.7202503111199028
17.0,20.0,0.5050641407863314
24.0,30.0,1.0838173292686801
3.0,3.0,8.772058870716593
11.0,11.0,4.570041212449338
10.0,10.0,1.8604435163343798
59.0,68.0,7.369499258644949
96.0,109.0,3.191934718869185
25.0,30.0,0.4448318539122446
61.0,65.0,1.0662932818445492
13.0,16.0,0.2626237422141812
37.0,42.0,0.7202503111199028
19.0,20.0,0.5050641407863314
28.0,30.0,1.0838173292686801
1.0,6.0,9.049553608399494
0.0,8.0,3.9964533615617728
1.0,11.0,1.5819788079121855
1.0,2.0,0.7143190556183457
1.0,14.0,3.256377280656969
2.0,15.0,2.513954936856094
2.0,27.0,2.2852950408087978
0.0,17.0,0.8240891686899323
3.0,24.0,1.0902176360845364
2.0,14.0,0.49577390706397956
2.0,16.0,0.7382331972362858
1.0,6.0,9.049553608399494
1.0,8.0,3.9964533615617728
2.0,11.0,1.5819788079121855
2.0,2.0,0.7143190556183457
4.0,14.0,3.256377280656969
2.0,15.0,2.513954936856094
5.0,27.0,2.2852950408087978
3.0,17.0,0.8240891686899323
3.0,24.0,1.0902176360845364
3.0,14.0,0.49577390706397956
4.0,16.0,0.7382331972362858
2.0,6.0,9.049553608399494
2.0,8.0,3.9964533615617728
4.0,11.0,1.5819788079121855
0.0,2.0,0.7143190556183457
3.0,14.0,3.256377280656969
6.0,15.0,2.513954936856094
10.0,27.0,2.2852950408087978
9.0,17.0,0.8240891686899323
5.0,24.0,1.0902176360845364
5.0,14.0,0.49577390706397956
5.0,16.0,0.7382331972362858
2.0,6.0,9.049553608399494
2.0,8.0,3.9964533615617728
4.0,11.0,1.5819788079121855
1.0,2.0,0.7143190556183457
2.0,14.0,3.256377280656969
5.0,15.0,2.513954936856094
3.0,27.0,2.2852950408087978
7.0,17.0,0.8240891686899323
7.0,24.0,1.0902176360845364
5.0,14.0,0.49577390706397956
7.0,16.0,0.7382331972362858
2.0,6.0,9.049553608399494
3.0,8.0,3.9964533615617728
5.0,11.0,1.5819788079121855
0.0,2.0,0.7143190556183457
4.0,14.0,3.256377280656969
6.0,15.0,2.513954936856094
14.0,27.0,2.2852950408087978
6.0,17.0,0.8240891686899323
14.0,24.0,1.0902176360845364
6.0,14.0,0.49577390706397956
8.0,16.0,0.7382331972362858
6.0,6.0,9.049553608399494
6.0,8.0,3.9964533615617728
8.0,11.0,1.5819788079121855
1.0,2.0,0.7143190556183457
8.0,14.0,3.256377280656969
7.0,15.0,2.513954936856094
17.0,27.0,2.2852950408087978
11.0,17.0,0.8240891686899323
15.0,24.0,1.0902176360845364
6.0,14.0,0.49577390706397956
10.0,16.0,0.7382331972362858
6.0,6.0,9.049553608399494
4.0,8.0,3.9964533615617728
9.0,11.0,1.5819788079121855
2.0,2.0,0.7143190556183457
10.0,14.0,3.256377280656969
11.0,15.0,2.513954936856094
20.0,27.0,2.2852950408087978
12.0,17.0,0.8240891686899323
12.0,24.0,1.0902176360845364
10.0,14.0,0.49577390706397956
10.0,16.0,0.7382331972362858
6.0,6.0,9.049553608399494
7.0,8.0,3.9964533615617728
11.0,11.0,1.5819788079121855
2.0,2.0,0.7143190556183457
12.0,14.0,3.256377280656969
10.0,15.0,2.513954936856094
23.0,27.0,2.2852950408087978
14.0,17.0,0.8240891686899323
16.0,24.0,1.0902176360845364
10.0,14.0,0.49577390706397956
10.0,16.0,0.7382331972362858
6.0,6.0,9.049553608399494
7.0,8.0,3.9964533615617728
10.0,11.0,1.5819788079121855
2.0,2.0,0.7143190556183457
11.0,14.0,3.256377280656969
14.0,15.0,2.513954936856094
24.0,27.0,2.2852950408087978
14.0,17.0,0.8240891686899323
20.0,24.0,1.0902176360845364
12.0,14.0,0.49577390706397956
15.0,16.0,0.7382331972362858
2.0,6.0,9.303129578568353
0.0,2.0,1.7409110276943678
0.0,6.0,2.966015663991434
1.0,7.0,0.9105508343116246
1.0,20.0,4.160764848669901
4.0,16.0,1.8461715105433862
2.0,32.0,1.9355443984178666
3.0,33.0,1.3312528743120602
5.0,49.0,1.954645219309231
5.0,35.0,1.3381355488215299
6.0,49.0,1.2412746080193282
3.0,6.0,9.303129578568353
1.0,2.0,1.7409110276943678
1.0,6.0,2.966015663991434
2.0,7.0,0.9105508343116246
7.0,20.0,4.160764848669901
4.0,16.0,1.8461715105433862
4.0,32.0,1.9355443984178666
4.0,33.0,1.3312528743120602
10.0,49.0,1.954645219309231
5.0,35.0,1.3381355488215299
8.0,49.0,1.2412746080193282
4.0,6.0,9.303129578568353
1.0,2.0,1.7409110276943678
2.0,6.0,2.966015663991434
1.0,7.0,0.9105508343116246
8.0,20.0,4.160764848669901
5.0,16.0,1.8461715105433862
13.0,32.0,1.9355443984178666
7.0,33.0,1.3312528743120602
18.0,49.0,1.954645219309231
16.0,35.0,1.3381355488215299
11.0,49.0,1.2412746080193282
3.0,6.0,9.303129578568353
1.0,2.0,1.7409110276943678
3.0,6.0,2.966015663991434
4.0,7.0,0.9105508343116246
5.0,20.0,4.160764848669901
9.0,16.0,1.8461715105433862
14.0,32.0,1.9355443984178666
11.0,33.0,1.3312528743120602
15.0,49.0,1.954645219309231
14.0,35.0,1.3381355488215299
18.0,49.0,1.2412746080193282
4.0,6.0,9.303129578568353
1.0,2.0,1.7409110276943678
4.0,6.0,2.966015663991434
3.0,7.0,0.9105508343116246
6.0,20.0,4.160764848669901
11.0,16.0,1.8461715105433862
17.0,32.0,1.9355443984178666
13.0,33.0,1.3312528743120602
25.0,49.0,1.954645219309231
15.0,35.0,1.3381355488215299
24.0,49.0,1.2412746080193282
2.0,6.0,9.303129578568353
1.0,2.0,1.7409110276943678
4.0,6.0,2.966015663991434
6.0,7.0,0.9105508343116246
11.0,20.0,4.160764848669901
13.0,16.0,1.8461715105433862
18.0,32.0,1.9355443984178666
19.0,33.0,1.3312528743120602
28.0,49.0,1.954645219309231
23.0,35.0,1.3381355488215299
26.0,49.0,1.2412746080193282
3.0,6.0,9.303129578568353
2.0,2.0,1.7409110276943678
5.0,6.0,2.966015663991434
3.0,7.0,0.9105508343116246
15.0,20.0,4.160764848669901
11.0,16.0,1.8461715105433862
21.0,32.0,1.9355443984178666
20.0,33.0,1.3312528743120602
35.0,49.0,1.954645219309231
29.0,35.0,1.3381355488215299
34.0,49.0,1.2412746080193282
5.0,6.0,9.303129578568353
2.0,2.0,1.7409110276943678
4.0,6.0,2.966015663991434
6.0,7.0,0.9105508343116246
15.0,20.0,4.160764848669901
12.0,16.0,1.8461715105433862
27.0,32.0,1.9355443984178666
24.0,33.0,1.3312528743120602
37.0,49.0,1.954645219309231
29.0,35.0,1.3381355488215299
35.0,49.0,1.2412746080193282
5.0,6.0,9.303129578568353
2.0,2.0,1.7409110276943678
6.0,6.0,2.966015663991434
6.0,7.0,0.9105508343116246
18.0,20.0,4.160764848669901
15.0,16.0,1.8461715105433862
30.0,32.0,1.9355443984178666
30.0,33.0,1.3312528743120602
43.0,49.0,1.954645219309231
32.0,35.0,1.3381355488215299
49.0,49.0,1.2412746080193282
1.0,4.0,5.5068507876205315
1.0,13.0,5.762508124583652
7.0,59.0,8.969854462671744
2.0,9.0,0.259589533799887
0.0,10.0,0.26040782498346754
1.0,13.0,0.6433508637647589
2.0,31.0,2.1254690485420706
4.0,63.0,3.7781972762195544
3.0,18.0,0.7385274227391401
0.0,4.0,0.1343272785094804
3.0,30.0,1.6572135922250815
1.0,4.0,5.5068507876205315
0.0,13.0,5.762508124583652
6.0,59.0,8.969854462671744
1.0,9.0,0.259589533799887
3.0,10.0,0.26040782498346754
4.0,13.0,0.6433508637647589
8.0,31.0,2.1254690485420706
17.0,63.0,3.7781972762195544
1.0,18.0,0.7385274227391401
1.0,4.0,0.1343272785094804
7.0,30.0,1.6572135922250815
2.0,4.0,5.5068507876205315
7.0,13.0,5.762508124583652
18.0,59.0,8.969854462671744
4.0,9.0,0.259589533799887
3.0,10.0,0.26040782498346754
4.0,13.0,0.6433508637647589
5.0,31.0,2.1254690485420706
17.0,63.0,3.7781972762195544
8.0,18.0,0.7385274227391401
1.0,4.0,0.1343272785094804
9.0,30.0,1.6572135922250815
1.0,4.0,5.5068507876205315
3.0,13.0,5.762508124583652
18.0,59.0,8.969854462671744
3.0,9.0,0.259589533799887
5.0,10.0,0.26040782498346754
6.0,13.0,0.6433508637647589
15.0,31.0,2.1254690485420706
27.0,63.0,3.7781972762195544
8.0,18.0,0.7385274227391401
1.0,4.0,0.1343272785094804
13.0,30.0,1.6572135922250815
3.0,4.0,5.5068507876205315
5.0,13.0,5.762508124583652
35.0,59.0,8.969854462671744
5.0,9.0,0.259589533799887
4.0,10.0,0.26040782498346754
6.0,13.0,0.6433508637647589
14.0,31.0,2.1254690485420706
30.0,63.0,3.7781972762195544
9.0,18.0,0.7385274227391401
3.0,4.0,0.1343272785094804
15.0,30.0,1.6572135922250815
2.0,4.0,5.5068507876205315
9.0,13.0,5.762508124583652
32.0,59.0,8.969854462671744
4.0,9.0,0.259589533799887
7.0,10.0,0.26040782498346754
10.0,13.0,0.6433508637647589
14.0,31.0,2.1254690485420706
40.0,63.0,3.7781972762195544
8.0,18.0,0.7385274227391401
3.0,4.0,0.1343272785094804
18.0,30.0,1.6572135922250815
3.0,4.0,5.5068507876205315
7.0,13.0,5.762508124583652
43.0,59.0,8.969854462671744
7.0,9.0,0.259589533799887
4.0,10.0,0.26040782498346754
9.0,13.0,0.6433508637647589
22.0,31.0,2.1254690485420706
35.0,63.0,3.7781972762195544
14.0,18.0,0.7385274227391401
3.0,4.0,0.1343272785094804
22.0,30.0,1.6572135922250815
4.0,4.0,5.5068507876205315
11.0,13.0,5.762508124583652
47.0,59.0,8.969854462671744
7.0,9.0,0.259589533799887
8.0,10.0,0.26040782498346754
13.0,13.0,0.6433508637647589
26.0,31.0,2.1254690485420706
49.0,63.0,3.7781972762195544
12.0,18.0,0.7385274227391401
3.0,4.0,0.1343272785094804
25.0,30.0,1.6572135922250815
4.0,4.0,5.5068507876205315
11.0,13.0,5.762508124583652
54.0,59.0,8.969854462671744
8.0,9.0,0.259589533799887
9.0,10.0,0.26040782498346754
12.0,13.0,0.6433508637647589
27.0,31.0,2.1254690485420706
60.0,63.0,3.7781972762195544
18.0,18.0,0.7385274227391401
4.0,4.0,0.1343272785094804
26.0,30.0,1.6572135922250815
3.0,5.0,5.352285662658002
3.0,13.0,5.229261730521474
1.0,11.0,1.1077676662941283
0.0,4.0,0.6695303786191873
1.0,12.0,1.9959392403472291
1.0,5.0,0.44093244978470886
3.0,26.0,2.6689819804052886
3.0,37.0,2.0586868385837245
2.0,54.0,3.2158520251998537
4.0,42.0,1.4081072715346659
1.0,9.0,0.30985483125291974
1.0,5.0,5.352285662658002
1.0,13.0,5.229261730521474
1.0,11.0,1.1077676662941283
0.0,4.0,0.6695303786191873
3.0,12.0,1.9959392403472291
1.0,5.0,0.44093244978470886
4.0,26.0,2.6689819804052886
6.0,37.0,2.0586868385837245
11.0,54.0,3.2158520251998537
8.0,42.0,1.4081072715346659
1.0,9.0,0.30985483125291974
2.0,5.0,5.352285662658002
6.0,13.0,5.229261730521474
3.0,11.0,1.1077676662941283
3.0,4.0,0.6695303786191873
6.0,12.0,1.9959392403472291
3.0,5.0,0.44093244978470886
11.0,26.0,2.6689819804052886
10.0,37.0,2.0586868385837245
10.0,54.0,3.2158520251998537
13.0,42.0,1.4081072715346659
2.0,9.0,0.30985483125291974
2.0,5.0,5.352285662658002
6.0,13.0,5.229261730521474
3.0,11.0,1.1077676662941283
1.0,4.0,0.6695303786191873
2.0,12.0,1.9959392403472291
1.0,5.0,0.44093244978470886
11.0,26.0,2.6689819804052886
14.0,37.0,2.0586868385837245
19.0,54.0,3.2158520251998537
17.0,42.0,1.4081072715346659
4.0,9.0,0.30985483125291974
4.0,5.0,5.352285662658002
9.0,13.0,5.229261730521474
5.0,11.0,1.1077676662941283
3.0,4.0,0.6695303786191873
8.0,12.0,1.9959392403472291
0.0,5.0,0.44093244978470886
7.0,26.0,2.6689819804052886
18.0,37.0,2.0586868385837245
32.0,54.0,3.2158520251998537
21.0,42.0,1.4081072715346659
3.0,9.0,0.30985483125291974
3.0,5.0,5.352285662658002
7.0,13.0,5.229261730521474
6.0,11.0,1.1077676662941283
2.0,4.0,0.6695303786191873
7.0,12.0,1.9959392403472291
2.0,5.0,0.44093244978470886
15.0,26.0,2.6689819804052886
22.0,37.0,2.0586868385837245
33.0,54.0,3.2158520251998537
20.0,42.0,1.4081072715346659
3.0,9.0,0.30985483125291974
3.0,5.0,5.352285662658002
8.0,13.0,5.229261730521474
8.0,11.0,1.1077676662941283
2.0,4.0,0.6695303786191873
10.0,12.0,1.9959392403472291
2.0,5.0,0.44093244978470886
19.0,26.0,2.6689819804052886
23.0,37.0,2.0586868385837245
36.0,54.0,3.2158520251998537
24.0,42.0,1.4081072715346659
5.0,9.0,0.30985483125291974
5.0,5.0,5.352285662658002
10.0,13.0,5.229261730521474
9.0,11.0,1.1077676662941283
2.0,4.0,0.6695303786191873
11.0,12.0,1.9959392403472291
5.0,5.0,0.44093244978470886
19.0,26.0,2.6689819804052886
31.0,37.0,2.0586868385837245
43.0,54.0,3.2158520251998537
35.0,42.0,1.4081072715346659
7.0,9.0,0.30985483125291974
5.0,5.0,5.352285662658002
13.0,13.0,5.229261730521474
9.0,11.0,1.1077676662941283
4.0,4.0,0.6695303786191873
12.0,12.0,1.9959392403472291
4.0,5.0,0.44093244978470886
24.0,26.0,2.6689819804052886
33.0,37.0,2.0586868385837245
48.0,54.0,3.2158520251998537
41.0,42.0,1.4081072715346659
9.0,9.0,0.30985483125291974
1.0,3.0,6.439759849514404
1.0,12.0,6.59601601216991
1.0,11.0,3.2216267934070473
4.0,18.0,3.6209039246856483
1.0,9.0,0.805328524969903
1.0,8.0,0.6737687740493374
2.0,18.0,1.2516015239987057
2.0,11.0,0.8522909537225551
0.0,6.0,0.32679846010790364
2.0,13.0,1.200133836396483
1.0,17.0,1.2855904628279002
2.0,3.0,6.439759849514404
3.0,12.0,6.59601601216991
2.0,11.0,3.2216267934070473
2.0,18.0,3.6209039246856483
1.0,9.0,0.805328524969903
1.0,8.0,0.6737687740493374
2.0,18.0,1.2516015239987057
0.0,11.0,0.8522909537225551
1.0,6.0,0.32679846010790364
3.0,13.0,1.200133836396483
2.0,17.0,1.2855904628279002
1.0,3.0,6.439759849514404
2.0,12.0,6.59601601216991
3.0,11.0,3.2216267934070473
9.0,18.0,3.6209039246856483
1.0,9.0,0.805328524969903
2.0,8.0,0.6737687740493374
6.0,18.0,1.2516015239987057
4.0,11.0,0.8522909537225551
1.0,6.0,0.32679846010790364
4.0,13.0,1.200133836396483
6.0,17.0,1.2855904628279002
2.0,3.0,6.439759849514404
8.0,12.0,6.59601601216991
4.0,11.0,3.2216267934070473
9.0,18.0,3.6209039246856483
6.0,9.0,0.805328524969903
4.0,8.0,0.6737687740493374
9.0,18.0,1.2516015239987057
4.0,11.0,0.8522909537225551
4.0,6.0,0.32679846010790364
6.0,13.0,1.200133836396483
4.0,17.0,1.2855904628279002
1.0,3.0,6.439759849514404
8.0,12.0,6.59601601216991
3.0,11.0,3.2216267934070473
8.0,18.0,3.6209039246856483
7.0,9.0,0.805328524969903
2.0,8.0,0.6737687740493374
8.0,18.0,1.2516015239987057
5.0,11.0,0.8522909537225551
3.0,6.0,0.32679846010790364
4.0,13.0,1.200133836396483
11.0,17.0,1.2855904628279002
1.0,3.0,6.439759849514404
10.0,12.0,6.59601601216991
8.0,11.0,3.2216267934070473
15.0,18.0,3.6209039246856483
7.0,9.0,0.805328524969903
7.0,8.0,0.6737687740493374
11.0,18.0,1.2516015239987057
6.0,11.0,0.8522909537225551
3.0,6.0,0.32679846010790364
6.0,13.0,1.200133836396483
12.0,17.0,1.2855904628279002
2.0,3.0,6.439759849514404
7.0,12.0,6.59601601216991
10.0,11.0,3.2216267934070473
16.0,18.0,3.6209039246856483
5.0,9.0,0.805328524969903
6.0,8.0,0.6737687740493374
11.0,18.0,1.2516015239987057
10.0,11.0,0.8522909537225551
2.0,6.0,0.32679846010790364
8.0,13.0,1.200133836396483
12.0,17.0,1.2855904628279002
1.0,3.0,6.439759849514404
11.0,12.0,6.59601601216991
11.0,11.0,3.2216267934070473
12.0,18.0,3.6209039246856483
9.0,9.0,0.805328524969903
5.0,8.0,0.6737687740493374
16.0,18.0,1.2516015239987057
7.0,11.0,0.8522909537225551
4.0,6.0,0.32679846010790364
8.0,13.0,1.200133836396483
12.0,17.0,1.2855904628279002
3.0,3.0,6.439759849514404
10.0,12.0,6.59601601216991
11.0,11.0,3.2216267934070473
17.0,18.0,3.6209039246856483
7.0,9.0,0.805328524969903
6.0,8.0,0.6737687740493374
15.0,18.0,1.2516015239987057
8.0,11.0,0.8522909537225551
6.0,6.0,0.32679846010790364
9.0,13.0,1.200133836396483
17.0,17.0,1.2855904628279002
1.0,3.0,5.456186121923376
0.0,5.0,3.60905376614719
3.0,14.0,3.9611711433857044
1.0,10.0,2.106512996432262
5.0,27.0,3.38433000216878
3.0,26.0,1.832611648322076
2.0,23.0,0.8351840859964192
0.0,9.0,0.5080456557168334
5.0,26.0,1.422748861097062
1.0,26.0,1.411219350689851
4.0,41.0,1.8859589945282655
1.0,3.0,5.456186121923376
2.0,5.0,3.60905376614719
2.0,14.0,3.9611711433857044
1.0,10.0,2.106512996432262
3.0,27.0,3.38433000216878
3.0,26.0,1.832611648322076
7.0,23.0,0.8351840859964192
2.0,9.0,0.5080456557168334
7.0,26.0,1.422748861097062
7.0,26.0,1.411219350689851
7.0,41.0,1.8859589945282655
1.0,3.0,5.456186121923376
1.0,5.0,3.60905376614719
6.0,14.0,3.9611711433857044
5.0,10.0,2.106512996432262
9.0,27.0,3.38433000216878
7.0,26.0,1.832611648322076
4.0,23.0,0.8351840859964192
4.0,9.0,0.5080456557168334
9.0,26.0,1.422748861097062
10.0,26.0,1.411219350689851
9.0,41.0,1.8859589945282655
2.0,3.0,5.456186121923376
3.0,5.0,3.60905376614719
7.0,14.0,3.9611711433857044
5.0,10.0,2.106512996432262
8.0,27.0,3.38433000216878
8.0,26.0,1.832611648322076
9.0,23.0,0.8351840859964192
5.0,9.0,0.5080456557168334
15.0,26.0,1.422748861097062
6.0,26.0,1.411219350689851
14.0,41.0,1.8859589945282655
2.0,3.0,5.456186121923376
4.0,5.0,3.60905376614719
2.0,14.0,3.9611711433857044
6.0,10.0,2.106512996432262
12.0,27.0,3.38433000216878
14.0,26.0,1.832611648322076
11.0,23.0,0.8351840859964192
4.0,9.0,0.5080456557168334
10.0,26.0,1.422748861097062
12.0,26.0,1.411219350689851
16.0,41.0,1.8859589945282655
3.0,3.0,5.456186121923376
4.0,5.0,3.60905376614719
9.0,14.0,3.9611711433857044
2.0,10.0,2.106512996432262
15.0,27.0,3.38433000216878
14.0,26.0,1.832611648322076
13.0,23.0,0.8351840859964192
6.0,9.0,0.5080456557168334
16.0,26.0,1.422748861097062
19.0,26.0,1.411219350689851
24.0,41.0,1.8859589945282655
3.0,3.0,5.456186121923376
2.0,5.0,3.60905376614719
8.0,14.0,3.9611711433857044
8.0,10.0,2.106512996432262
23.0,27.0,3.38433000216878
21.0,26.0,1.832611648322076
19.0,23.0,0.8351840859964192
4.0,9.0,0.5080456557168334
19.0,26.0,1.422748861097062
21.0,26.0,1.411219350689851
32.0,41.0,1.8859589945282655
1.0,3.0,5.456186121923376
5.0,5.0,3.60905376614719
13.0,14.0,3.9611711433857044
7.0,10.0,2.106512996432262
22.0,27.0,3.38433000216878
21.0,26.0,1.832611648322076
18.0,23.0,0.8351840859964192
7.0,9.0,0.5080456557168334
20.0,26.0,1.422748861097062
20.0,26.0,1.411219350689851
31.0,41.0,1.8859589945282655
3.0,3.0,5.456186121923376
5.0,5.0,3.60905376614719
13.0,14.0,3.9611711433857044
8.0,10.0,2.106512996432262
25.0,27.0,3.38433000216878
24.0,26.0,1.832611648322076
22.0,23.0,0.8351840859964192
7.0,9.0,0.5080456557168334
24.0,26.0,1.422748861097062
22.0,26.0,1.411219350689851
36.0,41.0,1.8859589945282655
1.0,4.0,5.221246893356918
0.0,7.0,4.526644837003782
4.0,19.0,3.7853709995957634
3.0,33.0,3.23351218662432
4.0,9.0,0.5692727555214211
6.0,64.0,2.540147577139203
0.0,5.0,0.31015322329194533
2.0,28.0,0.9646215605732325
2.0,20.0,1.0355381877364058
6.0,55.0,2.436026163148192
3.0,24.0,0.8537345488912955
2.0,4.0,5.221246893356918
0.0,7.0,4.526644837003782
2.0,19.0,3.7853709995957634
6.0,33.0,3.23351218662432
3.0,9.0,0.5692727555214211
10.0,64.0,2.540147577139203
1.0,5.0,0.31015322329194533
8.0,28.0,0.9646215605732325
6.0,20.0,1.0355381877364058
15.0,55.0,2.436026163148192
5.0,24.0,0.8537345488912955
1.0,4.0,5.221246893356918
3.0,7.0,4.526644837003782
6.0,19.0,3.7853709995957634
11.0,33.0,3.23351218662432
2.0,9.0,0.5692727555214211
18.0,64.0,2.540147577139203
2.0,5.0,0.31015322329194533
7.0,28.0,0.9646215605732325
4.0,20.0,1.0355381877364058
10.0,55.0,2.436026163148192
8.0,24.0,0.8537345488912955
1.0,4.0,5.221246893356918
1.0,7.0,4.526644837003782
6.0,19.0,3.7853709995957634
8.0,33.0,3.23351218662432
5.0,9.0,0.5692727555214211
28.0,64.0,2.540147577139203
2.0,5.0,0.31015322329194533
10.0,28.0,0.9646215605732325
13.0,20.0,1.0355381877364058
20.0,55.0,2.436026163148192
9.0,24.0,0.8537345488912955
2.0,4.0,5.221246893356918
2.0,7.0,4.526644837003782
9.0,19.0,3.7853709995957634
14.0,33.0,3.23351218662432
5.0,9.0,0.5692727555214211
36.0,64.0,2.540147577139203
3.0,5.0,0.31015322329194533
14.0,28.0,0.9646215605732325
9.0,20.0,1.0355381877364058
29.0,55.0,2.436026163148192
11.0,24.0,0.8537345488912955
3.0,4.0,5.221246893356918
5.0,7.0,4.526644837003782
14.0,19.0,3.7853709995957634
18.0,33.0,3.23351218662432
5.0,9.0,0.5692727555214211
46.0,64.0,2.540147577139203
4.0,5.0,0.31015322329194533
17.0,28.0,0.9646215605732325
8.0,20.0,1.0355381877364058
30.0,55.0,2.436026163148192
18.0,24.0,0.8537345488912955
3.0,4.0,5.221246893356918
2.0,7.0,4.526644837003782
12.0,19.0,3.7853709995957634
26.0,33.0,3.23351218662432
7.0,9.0,0.5692727555214211
46.0,64.0,2.540147577139203
3.0,5.0,0.31015322329194533
23.0,28.0,0.9646215605732325
13.0,20.0,1.0355381877364058
37.0,55.0,2.436026163148192
15.0,24.0,0.8537345488912955
4.0,4.0,5.221246893356918
5.0,7.0,4.526644837003782
18.0,19.0,3.7853709995957634
31.0,33.0,3.23351218662432
8.0,9.0,0.5692727555214211
52.0,64.0,2.540147577139203
5.0,5.0,0.31015322329194533
22.0,28.0,0.9646215605732325
13.0,20.0,1.0355381877364058
46.0,55.0,2.436026163148192
22.0,24.0,0.8537345488912955
4.0,4.0,5.221246893356918
5.0,7.0,4.526644837003782
19.0,19.0,3.7853709995957634
31.0,33.0,3.23351218662432
8.0,9.0,0.5692727555214211
54.0,64.0,2.540147577139203
5.0,5.0,0.31015322329194533
24.0,28.0,0.9646215605732325
19.0,20.0,1.0355381877364058
48.0,55.0,2.436026163148192
23.0,24.0,0.8537345488912955
1.0,4.0,5.620924479107175
0.0,5.0,3.2674187907812726
1.0,20.0,5.743793164816171
1.0,5.0,0.5494385843514505
1.0,5.0,0.3272245650115214
0.0,15.0,1.3838386452518805
7.0,80.0,5.527893426386027
3.0,22.0,0.5867273373647518
4.0,35.0,0.86258171208104
3.0,24.0,0.891834222654859
3.0,13.0,0.6352463878456841
1.0,4.0,5.620924479107175
1.0,5.0,3.2674187907812726
4.0,20.0,5.743793164816171
1.0,5.0,0.5494385843514505
2.0,5.0,0.3272245650115214
3.0,15.0,1.3838386452518805
10.0,80.0,5.527893426386027
4.0,22.0,0.5867273373647518
12.0,35.0,0.86258171208104
3.0,24.0,0.891834222654859
2.0,13.0,0.6352463878456841
1.0,4.0,5.620924479107175
1.0,5.0,3.2674187907812726
3.0,20.0,5.743793164816171
1.0,5.0,0.5494385843514505
2.0,5.0,0.3272245650115214
2.0,15.0,1.3838386452518805
26.0,80.0,5.527893426386027
9.0,22.0,0.5867273373647518
9.0,35.0,0.86258171208104
9.0,24.0,0.891834222654859
2.0,13.0,0.6352463878456841
1.0,4.0,5.620924479107175
4.0,5.0,3.2674187907812726
5.0,20.0,5.743793164816171
2.0,5.0,0.5494385843514505
1.0,5.0,0.3272245650115214
6.0,15.0,1.3838386452518805
41.0,80.0,5.527893426386027
4.0,22.0,0.5867273373647518
17.0,35.0,0.86258171208104
10.0,24.0,0.891834222654859
6.0,13.0,0.6352463878456841
2.0,4.0,5.620924479107175
3.0,5.0,3.2674187907812726
5.0,20.0,5.743793164816171
1.0,5.0,0.5494385843514505
4.0,5.0,0.3272245650115214
5.0,15.0,1.3838386452518805
34.0,80.0,5.527893426386027
11.0,22.0,0.5867273373647518
18.0,35.0,0.86258171208104
12.0,24.0,0.891834222654859
5.0,13.0,0.6352463878456841
2.0,4.0,5.620924479107175
4.0,5.0,3.2674187907812726
10.0,20.0,5.743793164816171
3.0,5.0,0.5494385843514505
3.0,5.0,0.3272245650115214
10.0,15.0,1.3838386452518805
51.0,80.0,5.527893426386027
13.0,22.0,0.5867273373647518
21.0,35.0,0.86258171208104
14.0,24.0,0.891834222654859
11.0,13.0,0.6352463878456841
3.0,4.0,5.620924479107175
5.0,5.0,3.2674187907812726
13.0,20.0,5.743793164816171
5.0,5.0,0.5494385843514505
5.0,5.0,0.3272245650115214
10.0,15.0,1.3838386452518805
60.0,80.0,5.527893426386027
13.0,22.0,0.5867273373647518
23.0,35.0,0.86258171208104
19.0,24.0,0.891834222654859
8.0,13.0,0.6352463878456841
3.0,4.0,5.620924479107175
4.0,5.0,3.2674187907812726
19.0,20.0,5.743793164816171
4.0,5.0,0.5494385843514505
5.0,5.0,0.3272245650115214
11.0,15.0,1.3838386452518805
64.0,80.0,5.527893426386027
16.0,22.0,0.5867273373647518
29.0,35.0,0.86258171208104
18.0,24.0,0.891834222654859
10.0,13.0,0.6352463878456841
4.0,4.0,5.620924479107175
5.0,5.0,3.2674187907812726
16.0,20.0,5.743793164816171
5.0,5.0,0.5494385843514505
5.0,5.0,0.3272245650115214
13.0,15.0,1.3838386452518805
72.0,80.0,5.527893426386027
21.0,22.0,0.5867273373647518
31.0,35.0,0.86258171208104
16.0,24.0,0.891834222654859
11.0,13.0,0.6352463878456841
1.0,6.0,7.093826299272628
2.0,11.0,7.560970479597433
2.0,5.0,1.0912214663362358
6.0,47.0,4.28299035278066
0.0,11.0,0.42352145212197395
7.0,45.0,2.221657496654416
2.0,23.0,0.8769253163951624
9.0,70.0,2.032738592015134
13.0,90.0,2.34805947597019
3.0,13.0,0.18804604156790025
3.0,47.0,0.981813349716445
1.0,6.0,7.093826299272628
3.0,11.0,7.560970479597433
0.0,5.0,1.0912214663362358
6.0,47.0,4.28299035278066
1.0,11.0,0.42352145212197395
11.0,45.0,2.221657496654416
7.0,23.0,0.8769253163951624
18.0,70.0,2.032738592015134
13.0,90.0,2.34805947597019
4.0,13.0,0.18804604156790025
9.0,47.0,0.981813349716445
4.0,6.0,7.093826299272628
6.0,11.0,7.560970479597433
0.0,5.0,1.0912214663362358
14.0,47.0,4.28299035278066
3.0,11.0,0.42352145212197395
13.0,45.0,2.221657496654416
3.0,23.0,0.8769253163951624
25.0,70.0,2.032738592015134
31.0,90.0,2.34805947597019
5.0,13.0,0.18804604156790025
10.0,47.0,0.981813349716445
2.0,6.0,7.093826299272628
6.0,11.0,7.560970479597433
4.0,5.0,1.0912214663362358
28.0,47.0,4.28299035278066
4.0,11.0,0.42352145212197395
16.0,45.0,2.221657496654416
13.0,23.0,0.8769253163951624
31.0,70.0,2.032738592015134
35.0,90.0,2.34805947597019
5.0,13.0,0.18804604156790025
16.0,47.0,0.981813349716445
5.0,6.0,7.093826299272628
5.0,11.0,7.560970479597433
1.0,5.0,1.0912214663362358
23.0,47.0,4.28299035278066
6.0,11.0,0.42352145212197395
23.0,45.0,2.221657496654416
12.0,23.0,0.8769253163951624
36.0,70.0,2.032738592015134
42.0,90.0,2.34805947597019
5.0,13.0,0.18804604156790025
27.0,47.0,0.981813349716445
3.0,6.0,7.093826299272628
5.0,11.0,7.560970479597433
4.0,5.0,1.0912214663362358
29.0,47.0,4.28299035278066
7.0,11.0,0.42352145212197395
30.0,45.0,2.221657496654416
15.0,23.0,0.8769253163951624
46.0,70.0,2.032738592015134
61.0,90.0,2.34805947597019
11.0,13.0,0.18804604156790025
24.0,47.0,0.981813349716445
5.0,6.0,7.093826299272628
9.0,11.0,7.560970479597433
5.0,5.0,1.0912214663362358
33.0,47.0,4.28299035278066
6.0,11.0,0.42352145212197395
33.0,45.0,2.221657496654416
19.0,23.0,0.8769253163951624
47.0,70.0,2.032738592015134
59.0,90.0,2.34805947597019
7.0,13.0,0.18804604156790025
35.0,47.0,0.981813349716445
2.0,6.0,7.093826299272628
9.0,11.0,7.560970479597433
4.0,5.0,1.0912214663362358
37.0,47.0,4.28299035278066
11.0,11.0,0.42352145212197395
36.0,45.0,2.221657496654416
19.0,23.0,0.8769253163951624
58.0,70.0,2.032738592015134
72.0,90.0,2.34805947597019
11.0,13.0,0.18804604156790025
40.0,47.0,0.981813349716445
6.0,6.0,7.093826299272628
9.0,11.0,7.560970479597433
5.0,5.0,1.0912214663362358
44.0,47.0,4.28299035278066
8.0,11.0,0.42352145212197395
42.0,45.0,2.221657496654416
21.0,23.0,0.8769253163951624
63.0,70.0,2.032738592015134
82.0,90.0,2.34805947597019
12.0,13.0,0.18804604156790025
43.0,47.0,0.981813349716445
2.0,5.0,3.737496736601571
0.0,2.0,1.4609025257408976
1.0,11.0,4.001976282403923
0.0,3.0,1.5377308736309272
5.0,16.0,2.4050086361329477
1.0,21.0,2.6408630280627436
3.0,18.0,1.0714749467166025
2.0,37.0,2.3019472390222937
9.0,100.0,3.723175251927406
3.0,23.0,0.4280519887160796
2.0,16.0,0.3098031328560493
1.0,5.0,3.737496736601571
1.0,2.0,1.4609025257408976
4.0,11.0,4.001976282403923
1.0,3.0,1.5377308736309272
7.0,16.0,2.4050086361329477
3.0,21.0,2.6408630280627436
4.0,18.0,1.0714749467166025
4.0,37.0,2.3019472390222937
21.0,100.0,3.723175251927406
4.0,23.0,0.4280519887160796
3.0,16.0,0.3098031328560493
1.0,5.0,3.737496736601571
2.0,2.0,1.4609025257408976
5.0,11.0,4.001976282403923
1.0,3.0,1.5377308736309272
5.0,16.0,2.4050086361329477
6.0,21.0,2.6408630280627436
4.0,18.0,1.0714749467166025
13.0,37.0,2.3019472390222937
43.0,100.0,3.723175251927406
11.0,23.0,0.4280519887160796
5.0,16.0,0.3098031328560493
3.0,5.0,3.737496736601571
2.0,2.0,1.4609025257408976
3.0,11.0,4.001976282403923
2.0,3.0,1.5377308736309272
10.0,16.0,2.4050086361329477
9.0,21.0,2.6408630280627436
7.0,18.0,1.0714749467166025
21.0,37.0,2.3019472390222937
29.0,100.0,3.723175251927406
8.0,23.0,0.4280519887160796
12.0,16.0,0.3098031328560493
3.0,5.0,3.737496736601571
2.0,2.0,1.4609025257408976
6.0,11.0,4.001976282403923
2.0,3.0,1.5377308736309272
7.0,16.0,2.4050086361329477
10.0,21.0,2.6408630280627436
12.0,18.0,1.0714749467166025
19.0,37.0,2.3019472390222937
54.0,100.0,3.723175251927406
11.0,23.0,0.4280519887160796
10.0,16.0,0.3098031328560493
1.0,5.0,3.737496736601571
0.0,2.0,1.4609025257408976
7.0,11.0,4.001976282403923
2.0,3.0,1.5377308736309272
13.0,16.0,2.4050086361329477
15.0,21.0,2.6408630280627436
10.0,18.0,1.0714749467166025
18.0,37.0,2.3019472390222937
56.0,100.0,3.723175251927406
9.0,23.0,0.4280519887160796
6.0,16.0,0.3098031328560493
4.0,5.0,3.737496736601571
1.0,2.0,1.4609025257408976
3.0,11.0,4.001976282403923
2.0,3.0,1.5377308736309272
15.0,16.0,2.4050086361329477
16.0,21.0,2.6408630280627436
12.0,18.0,1.0714749467166025
29.0,37.0,2.3019472390222937
80.0,100.0,3.723175251927406
16.0,23.0,0.4280519887160796
13.0,16.0,0.3098031328560493
3.0,5.0,3.737496736601571
2.0,2.0,1.4609025257408976
8.0,11.0,4.001976282403923
2.0,3.0,1.5377308736309272
15.0,16.0,2.4050086361329477
20.0,21.0,2.6408630280627436
13.0,18.0,1.0714749467166025
25.0,37.0,2.3019472390222937
86.0,100.0,3.723175251927406
17.0,23.0,0.4280519887160796
11.0,16.0,0.3098031328560493
3.0,5.0,3.737496736601571
2.0,2.0,1.4609025257408976
10.0,11.0,4.001976282403923
3.0,3.0,1.5377308736309272
13.0,16.0,2.4050086361329477
15.0,21.0,2.6408630280627436
15.0,18.0,1.0714749467166025
35.0,37.0,2.3019472390222937
89.0,100.0,3.723175251927406
22.0,23.0,0.4280519887160796
15.0,16.0,0.3098031328560493
1.0,5.0,6.829200249190381
0.0,3.0,2.487354629787826
1.0,8.0,2.5187663404937988
0.0,13.0,1.886306499131093
0.0,19.0,2.965590008020766
2.0,8.0,0.868000072450545
3.0,28.0,1.3887779704450915
1.0,27.0,1.846940956768402
3.0,21.0,0.7676245315229013
2.0,14.0,0.652916310498168
7.0,38.0,2.450438768546043
1.0,5.0,6.829200249190381
1.0,3.0,2.487354629787826
2.0,8.0,2.5187663404937988
6.0,13.0,1.886306499131093
7.0,19.0,2.965590008020766
2.0,8.0,0.868000072450545
6.0,28.0,1.3887779704450915
7.0,27.0,1.846940956768402
3.0,21.0,0.7676245315229013
0.0,14.0,0.652916310498168
7.0,38.0,2.450438768546043
2.0,5.0,6.829200249190381
1.0,3.0,2.487354629787826
1.0,8.0,2.5187663404937988
3.0,13.0,1.886306499131093
5.0,19.0,2.965590008020766
2.0,8.0,0.868000072450545
9.0,28.0,1.3887779704450915
10.0,27.0,1.846940956768402
6.0,21.0,0.7676245315229013
2.0,14.0,0.652916310498168
12.0,38.0,2.450438768546043
3.0,5.0,6.829200249190381
2.0,3.0,2.487354629787826
2.0,8.0,2.5187663404937988
6.0,13.0,1.886306499131093
10.0,19.0,2.965590008020766
5.0,8.0,0.868000072450545
12.0,28.0,1.3887779704450915
9.0,27.0,1.846940956768402
7.0,21.0,0.7676245315229013
8.0,14.0,0.652916310498168
19.0,38.0,2.450438768546043
4.0,5.0,6.829200249190381
1.0,3.0,2.487354629787826
6.0,8.0,2.5187663404937988
6.0,13.0,1.886306499131093
10.0,19.0,2.965590008020766
2.0,8.0,0.868000072450545
12.0,28.0,1.3887779704450915
11.0,27.0,1.846940956768402
9.0,21.0,0.7676245315229013
2.0,14.0,0.652916310498168
18.0,38.0,2.450438768546043
2.0,5.0,6.829200249190381
2.0,3.0,2.487354629787826
5.0,8.0,2.5187663404937988
8.0,13.0,1.886306499131093
11.0,19.0,2.965590008020766
4.0,8.0,0.868000072450545
18.0,28.0,1.3887779704450915
18.0,27.0,1.846940956768402
14.0,21.0,0.7676245315229013
13.0,14.0,0.652916310498168
17.0,38.0,2.450438768546043
2.0,5.0,6.829200249190381
2.0,3.0,2.487354629787826
4.0,8.0,2.5187663404937988
8.0,13.0,1.886306499131093
14.0,19.0,2.965590008020766
6.0,8.0,0.868000072450545
23.0,28.0,1.3887779704450915
19.0,27.0,1.846940956768402
14.0,21.0,0.7676245315229013
10.0,14.0,0.652916310498168
27.0,38.0,2.450438768546043
3.0,5.0,6.829200249190381
3.0,3.0,2.487354629787826
6.0,8.0,2.5187663404937988
10.0,13.0,1.886306499131093
15.0,19.0,2.965590008020766
5.0,8.0,0.868000072450545
22.0,28.0,1.3887779704450915
21.0,27.0,1.846940956768402
14.0,21.0,0.7676245315229013
11.0,14.0,0.652916310498168
28.0,38.0,2.450438768546043
5.0,5.0,6.829200249190381
2.0,3.0,2.487354629787826
7.0,8.0,2.5187663404937988
12.0,13.0,1.886306499131093
16.0,19.0,2.965590008020766
6.0,8.0,0.868000072450545
27.0,28.0,1.3887779704450915
24.0,27.0,1.846940956768402
19.0,21.0,0.7676245315229013
11.0,14.0,0.652916310498168
34.0,38.0,2.450438768546043
1.0,3.0,8.017618621638075
2.0,10.0,6.869692894396504
1.0,3.0,0.9364362839898888
0.0,1.0,0.14689383539832263
0.0,7.0,1.4629476072311214
1.0,5.0,1.657610077269551
1.0,4.0,0.5240308583181643
1.0,4.0,1.2470720415129426
5.0,55.0,9.678375999138538
9.0,94.0,3.843484558187516
2.0,12.0,0.19191786472733627
1.0,3.0,8.017618621638075
2.0,10.0,6.869692894396504
1.0,3.0,0.9364362839898888
0.0,1.0,0.14689383539832263
1.0,7.0,1.4629476072311214
1.0,5.0,1.657610077269551
1.0,4.0,0.5240308583181643
1.0,4.0,1.2470720415129426
18.0,55.0,9.678375999138538
12.0,94.0,3.843484558187516
1.0,12.0,0.19191786472733627
2.0,3.0,8.017618621638075
5.0,10.0,6.869692894396504
1.0,3.0,0.9364362839898888
0.0,1.0,0.14689383539832263
2.0,7.0,1.4629476072311214
1.0,5.0,1.657610077269551
3.0,4.0,0.5240308583181643
2.0,4.0,1.2470720415129426
24.0,55.0,9.678375999138538
26.0,94.0,3.843484558187516
2.0,12.0,0.19191786472733627
1.0,3.0,8.017618621638075
2.0,10.0,6.869692894396504
2.0,3.0,0.9364362839898888
1.0,1.0,0.14689383539832263
4.0,7.0,1.4629476072311214
2.0,5.0,1.657610077269551
1.0,4.0,0.5240308583181643
2.0,4.0,1.2470720415129426
20.0,55.0,9.678375999138538
36.0,94.0,3.843484558187516
7.0,12.0,0.19191786472733627
1.0,3.0,8.017618621638075
5.0,10.0,6.869692894396504
3.0,3.0,0.9364362839898888
1.0,1.0,0.14689383539832263
2.0,7.0,1.4629476072311214
2.0,5.0,1.657610077269551
2.0,4.0,0.5240308583181643
1.0,4.0,1.2470720415129426
27.0,55.0,9.678375999138538
53.0,94.0,3.843484558187516
7.0,12.0,0.19191786472733627
1.0,3.0,8.017618621638075
8.0,10.0,6.869692894396504
1.0,3.0,0.9364362839898888
1.0,1.0,0.14689383539832263
3.0,7.0,1.4629476072311214
4.0,5.0,1.657610077269551
1.0,4.0,0.5240308583181643
4.0,4.0,1.2470720415129426
32.0,55.0,9.678375999138538
47.0,94.0,3.843484558187516
8.0,12.0,0.19191786472733627
1.0,3.0,8.017618621638075
5.0,10.0,6.869692894396504
3.0,3.0,0.9364362839898888
1.0,1.0,0.14689383539832263
4.0,7.0,1.4629476072311214
3.0,5.0,1.657610077269551
3.0,4.0,0.5240308583181643
3.0,4.0,1.2470720415129426
43.0,55.0,9.678375999138538
67.0,94.0,3.843484558187516
8.0,12.0,0.19191786472733627
2.0,3.0,8.017618621638075
6.0,10.0,6.869692894396504
2.0,3.0,0.9364362839898888
1.0,1.0,0.14689383539832263
5.0,7.0,1.4629476072311214
5.0,5.0,1.657610077269551
3.0,4.0,0.5240308583181643
4.0,4.0,1.2470720415129426
39.0,55.0,9.678375999138538
75.0,94.0,3.843484558187516
11.0,12.0,0.19191786472733627
3.0,3.0,8.017618621638075
8.0,10.0,6.869692894396504
2.0,3.0,0.9364362839898888
1.0,1.0,0.14689383539832263
7.0,7.0,1.4629476072311214
4.0,5.0,1.657610077269551
4.0,4.0,0.5240308583181643
3.0,4.0,1.2470720415129426
50.0,55.0,9.678375999138538
84.0,94.0,3.843484558187516
9.0,12.0,0.19191786472733627
1.0,4.0,4.894506482719572
0.0,5.0,3.380318140340407
1.0,4.0,1.0510280357569053
1.0,19.0,4.361920652131911
2.0,33.0,3.3452494870780347
6.0,26.0,1.6692300290580677
4.0,40.0,1.4367878600774076
4.0,47.0,1.5620092160757237
3.0,20.0,0.6769505847752673
0.0,8.0,0.3323583223885229
5.0,26.0,0.947321320533617
2.0,4.0,4.894506482719572
2.0,5.0,3.380318140340407
1.0,4.0,1.0510280357569053
3.0,19.0,4.361920652131911
7.0,33.0,3.3452494870780347
1.0,26.0,1.6692300290580677
10.0,40.0,1.4367878600774076
8.0,47.0,1.5620092160757237
6.0,20.0,0.6769505847752673
3.0,8.0,0.3323583223885229
5.0,26.0,0.947321320533617
2.0,4.0,4.894506482719572
2.0,5.0,3.380318140340407
0.0,4.0,1.0510280357569053
3.0,19.0,4.361920652131911
11.0,33.0,3.3452494870780347
6.0,26.0,1.6692300290580677
14.0,40.0,1.4367878600774076
17.0,47.0,1.5620092160757237
6.0,20.0,0.6769505847752673
1.0,8.0,0.3323583223885229
8.0,26.0,0.947321320533617
2.0,4.0,4.894506482719572
1.0,5.0,3.380318140340407
2.0,4.0,1.0510280357569053
8.0,19.0,4.361920652131911
13.0,33.0,3.3452494870780347
7.0,26.0,1.6692300290580677
19.0,40.0,1.4367878600774076
21.0,47.0,1.5620092160757237
8.0,20.0,0.6769505847752673
3.0,8.0,0.3323583223885229
11.0,26.0,0.947321320533617
2.0,4.0,4.894506482719572
3.0,5.0,3.380318140340407
2.0,4.0,1.0510280357569053
11.0,19.0,4.361920652131911
14.0,33.0,3.3452494870780347
12.0,26.0,1.6692300290580677
16.0,40.0,1.4367878600774076
24.0,47.0,1.5620092160757237
11.0,20.0,0.6769505847752673
4.0,8.0,0.3323583223885229
12.0,26.0,0.947321320533617
2.0,4.0,4.894506482719572
4.0,5.0,3.380318140340407
1.0,4.0,1.0510280357569053
14.0,19.0,4.361920652131911
22.0,33.0,3.3452494870780347
12.0,26.0,1.6692300290580677
22.0,40.0,1.4367878600774076
27.0,47.0,1.5620092160757237
11.0,20.0,0.6769505847752673
4.0,8.0,0.3323583223885229
14.0,26.0,0.947321320533617
2.0,4.0,4.894506482719572
3.0,5.0,3.380318140340407
1.0,4.0,1.0510280357569053
10.0,19.0,4.361920652131911
24.0,33.0,3.3452494870780347
16.0,26.0,1.6692300290580677
30.0,40.0,1.4367878600774076
37.0,47.0,1.5620092160757237
15.0,20.0,0.6769505847752673
7.0,8.0,0.3323583223885229
15.0,26.0,0.947321320533617
4.0,4.0,4.894506482719572
3.0,5.0,3.380318140340407
4.0,4.0,1.0510280357569053
15.0,19.0,4.361920652131911
27.0,33.0,3.3452494870780347
23.0,26.0,1.6692300290580677
33.0,40.0,1.4367878600774076
38.0,47.0,1.5620092160757237
15.0,20.0,0.6769505847752673
5.0,8.0,0.3323583223885229
20.0,26.0,0.947321320533617
4.0,4.0,4.894506482719572
5.0,5.0,3.380318140340407
3.0,4.0,1.0510280357569053
18.0,19.0,4.361920652131911
31.0,33.0,3.3452494870780347
25.0,26.0,1.6692300290580677
35.0,40.0,1.4367878600774076
39.0,47.0,1.5620092160757237
19.0,20.0,0.6769505847752673
7.0,8.0,0.3323583223885229
25.0,26.0,0.947321320533617
1.0,5.0,5.022889628313
2.0,2.0,1.4708931129853806
0.0,8.0,2.3348111022914786
1.0,19.0,4.649555227501706
4.0,29.0,2.8439301828196943
2.0,39.0,2.413235260695697
2.0,29.0,0.8714783033876778
3.0,11.0,0.3163897153062446
6.0,65.0,2.6522979416717174
7.0,62.0,1.447117410579158
2.0,7.0,0.24862844477073298
2.0,5.0,5.022889628313
0.0,2.0,1.4708931129853806
2.0,8.0,2.3348111022914786
4.0,19.0,4.649555227501706
4.0,29.0,2.8439301828196943
7.0,39.0,2.413235260695697
4.0,29.0,0.8714783033876778
3.0,11.0,0.3163897153062446
9.0,65.0,2.6522979416717174
11.0,62.0,1.447117410579158
1.0,7.0,0.24862844477073298
3.0,5.0,5.022889628313
0.0,2.0,1.4708931129853806
4.0,8.0,2.3348111022914786
6.0,19.0,4.649555227501706
9.0,29.0,2.8439301828196943
11.0,39.0,2.413235260695697
7.0,29.0,0.8714783033876778
3.0,11.0,0.3163897153062446
18.0,65.0,2.6522979416717174
24.0,62.0,1.447117410579158
1.0,7.0,0.24862844477073298
1.0,5.0,5.022889628313
1.0,2.0,1.4708931129853806
2.0,8.0,2.3348111022914786
8.0,19.0,4.649555227501706
15.0,29.0,2.8439301828196943
9.0,39.0,2.413235260695697
13.0,29.0,0.8714783033876778
5.0,11.0,0.3163897153062446
31.0,65.0,2.6522979416717174
21.0,62.0,1.447117410579158
4.0,7.0,0.24862844477073298
1.0,5.0,5.022889628313
1.0,2.0,1.4708931129853806
1.0,8.0,2.3348111022914786
8.0,19.0,4.649555227501706
12.0,29.0,2.8439301828196943
15.0,39.0,2.413235260695697
14.0,29.0,0.8714783033876778
2.0,11.0,0.3163897153062446
33.0,65.0,2.6522979416717174
28.0,62.0,1.447117410579158
3.0,7.0,0.24862844477073298
2.0,5.0,5.022889628313
1.0,2.0,1.4708931129853806
5.0,8.0,2.3348111022914786
12.0,19.0,4.649555227501706
15.0,29.0,2.8439301828196943
18.0,39.0,2.413235260695697
19.0,29.0,0.8714783033876778
7.0,11.0,0.3163897153062446
38.0,65.0,2.6522979416717174
41.0,62.0,1.447117410579158
5.0,7.0,0.24862844477073298
3.0,5.0,5.022889628313
1.0,2.0,1.4708931129853806
2.0,8.0,2.3348111022914786
11.0,19.0,4.649555227501706
21.0,29.0,2.8439301828196943
27.0,39.0,2.413235260695697
21.0,29.0,0.8714783033876778
9.0,11.0,0.3163897153062446
48.0,65.0,2.6522979416717174
47.0,62.0,1.447117410579158
5.0,7.0,0.24862844477073298
5.0,5.0,5.022889628313
2.0,2.0,1.4708931129853806
7.0,8.0,2.3348111022914786
15.0,19.0,4.649555227501706
22.0,29.0,2.8439301828196943
31.0,39.0,2.413235260695697
25.0,29.0,0.8714783033876778
8.0,11.0,0.3163897153062446
53.0,65.0,2.6522979416717174
50.0,62.0,1.447117410579158
6.0,7.0,0.24862844477073298
4.0,5.0,5.022889628313
2.0,2.0,1.4708931129853806
6.0,8.0,2.3348111022914786
15.0,19.0,4.649555227501706
26.0,29.0,2.8439301828196943
32.0,39.0,2.413235260695697
28.0,29.0,0.8714783033876778
9.0,11.0,0.3163897153062446
52.0,65.0,2.6522979416717174
54.0,62.0,1.447117410579158
6.0,7.0,0.24862844477073298
1.0,4.0,10.829909397831788
1.0,6.0,2.143290764360461
5.0,34.0,6.492356156661549
1.0,15.0,1.2459841158944156
1.0,16.0,0.8757134164941942
4.0,101.0,4.524591818590594
5.0,44.0,0.8792452951356292
9.0,61.0,1.057757513274216
0.0,16.0,0.3049770532548672
0.0,9.0,0.15046418876374176
5.0,36.0,1.0929748901638443
1.0,4.0,10.829909397831788
2.0,6.0,2.143290764360461
10.0,34.0,6.492356156661549
2.0,15.0,1.2459841158944156
2.0,16.0,0.8757134164941942
21.0,101.0,4.524591818590594
8.0,44.0,0.8792452951356292
10.0,61.0,1.057757513274216
6.0,16.0,0.3049770532548672
2.0,9.0,0.15046418876374176
6.0,36.0,1.0929748901638443
2.0,4.0,10.829909397831788
2.0,6.0,2.143290764360461
8.0,34.0,6.492356156661549
2.0,15.0,1.2459841158944156
6.0,16.0,0.8757134164941942
41.0,101.0,4.524591818590594
11.0,44.0,0.8792452951356292
14.0,61.0,1.057757513274216
3.0,16.0,0.3049770532548672
2.0,9.0,0.15046418876374176
11.0,36.0,1.0929748901638443
1.0,4.0,10.829909397831788
2.0,6.0,2.143290764360461
13.0,34.0,6.492356156661549
6.0,15.0,1.2459841158944156
6.0,16.0,0.8757134164941942
37.0,101.0,4.524591818590594
18.0,44.0,0.8792452951356292
29.0,61.0,1.057757513274216
5.0,16.0,0.3049770532548672
4.0,9.0,0.15046418876374176
17.0,36.0,1.0929748901638443
1.0,4.0,10.829909397831788
3.0,6.0,2.143290764360461
13.0,34.0,6.492356156661549
6.0,15.0,1.2459841158944156
9.0,16.0,0.8757134164941942
48.0,101.0,4.524591818590594
21.0,44.0,0.8792452951356292
32.0,61.0,1.057757513274216
6.0,16.0,0.3049770532548672
7.0,9.0,0.15046418876374176
19.0,36.0,1.0929748901638443
4.0,4.0,10.829909397831788
4.0,6.0,2.143290764360461
21.0,34.0,6.492356156661549
10.0,15.0,1.2459841158944156
12.0,16.0,0.8757134164941942
53.0,101.0,4.524591818590594
27.0,44.0,0.8792452951356292
31.0,61.0,1.057757513274216
8.0,16.0,0.3049770532548672
7.0,9.0,0.15046418876374176
22.0,36.0,1.0929748901638443
4.0,4.0,10.829909397831788
5.0,6.0,2.143290764360461
27.0,34.0,6.492356156661549
12.0,15.0,1.2459841158944156
7.0,16.0,0.8757134164941942
76.0,101.0,4.524591818590594
31.0,44.0,0.8792452951356292
43.0,61.0,1.057757513274216
10.0,16.0,0.3049770532548672
6.0,9.0,0.15046418876374176
27.0,36.0,1.0929748901638443
4.0,4.0,10.829909397831788
4.0,6.0,2.143290764360461
27.0,34.0,6.492356156661549
13.0,15.0,1.2459841158944156
15.0,16.0,0.8757134164941942
84.0,101.0,4.524591818590594
38.0,44.0,0.8792452951356292
49.0,61.0,1.057757513274216
14.0,16.0,0.3049770532548672
4.0,9.0,0.15046418876374176
32.0,36.0,1.0929748901638443
4.0,4.0,10.829909397831788
6.0,6.0,2.143290764360461
27.0,34.0,6.492356156661549
13.0,15.0,1.2459841158944156
15.0,16.0,0.8757134164941942
94.0,101.0,4.524591818590594
40.0,44.0,0.8792452951356292
56.0,61.0,1.057757513274216
14.0,16.0,0.3049770532548672
9.0,9.0,0.15046418876374176
34.0,36.0,1.0929748901638443
1.0,3.0,2.5569851082367823
1.0,2.0,2.610328836130448
1.0,7.0,2.6002301529743512
12.0,50.0,8.201582031444087
3.0,43.0,1.8543066718302894
5.0,60.0,1.7993010750761835
5.0,35.0,0.8838729674848734
8.0,108.0,2.283687994050524
4.0,52.0,0.9043001613778754
0.0,35.0,0.4404450644271654
5.0,27.0,0.5238840780386076
1.0,3.0,2.5569851082367823
0.0,2.0,2.610328836130448
2.0,7.0,2.6002301529743512
5.0,50.0,8.201582031444087
5.0,43.0,1.8543066718302894
7.0,60.0,1.7993010750761835
8.0,35.0,0.8838729674848734
16.0,108.0,2.283687994050524
9.0,52.0,0.9043001613778754
7.0,35.0,0.4404450644271654
4.0,27.0,0.5238840780386076
2.0,3.0,2.5569851082367823
0.0,2.0,2.610328836130448
1.0,7.0,2.6002301529743512
17.0,50.0,8.201582031444087
13.0,43.0,1.8543066718302894
17.0,60.0,1.7993010750761835
10.0,35.0,0.8838729674848734
28.0,108.0,2.283687994050524
12.0,52.0,0.9043001613778754
11.0,35.0,0.4404450644271654
5.0,27.0,0.5238840780386076
2.0,3.0,2.5569851082367823
0.0,2.0,2.610328836130448
2.0,7.0,2.6002301529743512
15.0,50.0,8.201582031444087
21.0,43.0,1.8543066718302894
29.0,60.0,1.7993010750761835
13.0,35.0,0.8838729674848734
38.0,108.0,2.283687994050524
23.0,52.0,0.9043001613778754
17.0,35.0,0.4404450644271654
7.0,27.0,0.5238840780386076
1.0,3.0,2.5569851082367823
2.0,2.0,2.610328836130448
4.0,7.0,2.6002301529743512
22.0,50.0,8.201582031444087
22.0,43.0,1.8543066718302894
29.0,60.0,1.7993010750761835
18.0,35.0,0.8838729674848734
60.0,108.0,2.283687994050524
31.0,52.0,0.9043001613778754
14.0,35.0,0.4404450644271654
10.0,27.0,0.5238840780386076
2.0,3.0,2.5569851082367823
1.0,2.0,2.610328836130448
5.0,7.0,2.6002301529743512
29.0,50.0,8.201582031444087
23.0,43.0,1.8543066718302894
40.0,60.0,1.7993010750761835
21.0,35.0,0.8838729674848734
62.0,108.0,2.283687994050524
28.0,52.0,0.9043001613778754
23.0,35.0,0.4404450644271654
17.0,27.0,0.5238840780386076
1.0,3.0,2.5569851082367823
2.0,2.0,2.610328836130448
4.0,7.0,2.6002301529743512
37.0,50.0,8.201582031444087
30.0,43.0,1.8543066718302894
41.0,60.0,1.7993010750761835
25.0,35.0,0.8838729674848734
66.0,108.0,2.283687994050524
38.0,52.0,0.9043001613778754
30.0,35.0,0.4404450644271654
20.0,27.0,0.5238840780386076
3.0,3.0,2.5569851082367823
1.0,2.0,2.610328836130448
7.0,7.0,2.6002301529743512
39.0,50.0,8.201582031444087
34.0,43.0,1.8543066718302894
45.0,60.0,1.7993010750761835
25.0,35.0,0.8838729674848734
87.0,108.0,2.283687994050524
42.0,52.0,0.9043001613778754
27.0,35.0,0.4404450644271654
21.0,27.0,0.5238840780386076
3.0,3.0,2.5569851082367823
2.0,2.0,2.610328836130448
7.0,7.0,2.6002301529743512
45.0,50.0,8.201582031444087
38.0,43.0,1.8543066718302894
56.0,60.0,1.7993010750761835
25.0,35.0,0.8838729674848734
93.0,108.0,2.283687994050524
47.0,52.0,0.9043001613778754
34.0,35.0,0.4404450644271654
23.0,27.0,0.5238840780386076
2.0,4.0,14.05945807314203
0.0,9.0,8.535007695474262
2.0,17.0,4.567106561068239
2.0,7.0,0.9186808469485296
1.0,7.0,0.28516894788085484
2.0,6.0,0.5187819060823063
3.0,5.0,0.8953426153984675
4.0,68.0,6.907197745388058
5.0,46.0,1.532125601318897
8.0,61.0,1.814411903435896
1.0,24.0,0.4186282704836713
1.0,4.0,14.05945807314203
2.0,9.0,8.535007695474262
4.0,17.0,4.567106561068239
1.0,7.0,0.9186808469485296
1.0,7.0,0.28516894788085484
2.0,6.0,0.5187819060823063
2.0,5.0,0.8953426153984675
19.0,68.0,6.907197745388058
7.0,46.0,1.532125601318897
9.0,61.0,1.814411903435896
4.0,24.0,0.4186282704836713
1.0,4.0,14.05945807314203
3.0,9.0,8.535007695474262
9.0,17.0,4.567106561068239
1.0,7.0,0.9186808469485296
3.0,7.0,0.28516894788085484
1.0,6.0,0.5187819060823063
1.0,5.0,0.8953426153984675
23.0,68.0,6.907197745388058
8.0,46.0,1.532125601318897
20.0,61.0,1.814411903435896
6.0,24.0,0.4186282704836713
2.0,4.0,14.05945807314203
3.0,9.0,8.535007695474262
7.0,17.0,4.567106561068239
3.0,7.0,0.9186808469485296
0.0,7.0,0.28516894788085484
1.0,6.0,0.5187819060823063
2.0,5.0,0.8953426153984675
33.0,68.0,6.907197745388058
20.0,46.0,1.532125601318897
23.0,61.0,1.814411903435896
10.0,24.0,0.4186282704836713
2.0,4.0,14.05945807314203
2.0,9.0,8.535007695474262
11.0,17.0,4.567106561068239
2.0,7.0,0.9186808469485296
6.0,7.0,0.28516894788085484
2.0,6.0,0.5187819060823063
1.0,5.0,0.8953426153984675
41.0,68.0,6.907197745388058
24.0,46.0,1.532125601318897
33.0,61.0,1.814411903435896
12.0,24.0,0.4186282704836713
4.0,4.0,14.05945807314203
7.0,9.0,8.535007695474262
13.0,17.0,4.567106561068239
4.0,7.0,0.9186808469485296
4.0,7.0,0.28516894788085484
3.0,6.0,0.5187819060823063
2.0,5.0,0.8953426153984675
45.0,68.0,6.907197745388058
24.0,46.0,1.532125601318897
34.0,61.0,1.814411903435896
16.0,24.0,0.4186282704836713
3.0,4.0,14.05945807314203
8.0,9.0,8.535007695474262
13.0,17.0,4.567106561068239
7.0,7.0,0.9186808469485296
4.0,7.0,0.28516894788085484
6.0,6.0,0.5187819060823063
4.0,5.0,0.8953426153984675
45.0,68.0,6.907197745388058
34.0,46.0,1.532125601318897
45.0,61.0,1.814411903435896
19.0,24.0,0.4186282704836713
4.0,4.0,14.05945807314203
8.0,9.0,8.535007695474262
10.0,17.0,4.567106561068239
5.0,7.0,0.9186808469485296
4.0,7.0,0.28516894788085484
4.0,6.0,0.5187819060823063
5.0,5.0,0.8953426153984675
53.0,68.0,6.907197745388058
38.0,46.0,1.532125601318897
51.0,61.0,1.814411903435896
18.0,24.0,0.4186282704836713
4.0,4.0,14.05945807314203
8.0,9.0,8.535007695474262
16.0,17.0,4.567106561068239
6.0,7.0,0.9186808469485296
7.0,7.0,0.28516894788085484
4.0,6.0,0.5187819060823063
3.0,5.0,0.8953426153984675
58.0,68.0,6.907197745388058
41.0,46.0,1.532125601318897
58.0,61.0,1.814411903435896
23.0,24.0,0.4186282704836713
2.0,8.0,7.541743827156928
1.0,6.0,2.3683662623141584
0.0,4.0,0.9243583511139302
5.0,41.0,6.407594944414814
3.0,13.0,0.7171555836135327
3.0,9.0,0.40794990551396837
2.0,8.0,0.5402068937748714
3.0,7.0,1.1323982935537633
2.0,19.0,2.0171848279591607
2.0,20.0,1.684593497966154
7.0,48.0,2.462217779936057
2.0,8.0,7.541743827156928
1.0,6.0,2.3683662623141584
1.0,4.0,0.9243583511139302
11.0,41.0,6.407594944414814
3.0,13.0,0.7171555836135327
2.0,9.0,0.40794990551396837
1.0,8.0,0.5402068937748714
3.0,7.0,1.1323982935537633
4.0,19.0,2.0171848279591607
2.0,20.0,1.684593497966154
8.0,48.0,2.462217779936057
4.0,8.0,7.541743827156928
1.0,6.0,2.3683662623141584
2.0,4.0,0.9243583511139302
13.0,41.0,6.407594944414814
3.0,13.0,0.7171555836135327
3.0,9.0,0.40794990551396837
0.0,8.0,0.5402068937748714
4.0,7.0,1.1323982935537633
7.0,19.0,2.0171848279591607
4.0,20.0,1.684593497966154
22.0,48.0,2.462217779936057
1.0,8.0,7.541743827156928
3.0,6.0,2.3683662623141584
2.0,4.0,0.9243583511139302
23.0,41.0,6.407594944414814
6.0,13.0,0.7171555836135327
5.0,9.0,0.40794990551396837
4.0,8.0,0.5402068937748714
5.0,7.0,1.1323982935537633
10.0,19.0,2.0171848279591607
9.0,20.0,1.684593497966154
25.0,48.0,2.462217779936057
1.0,8.0,7.541743827156928
3.0,6.0,2.3683662623141584
1.0,4.0,0.9243583511139302
24.0,41.0,6.407594944414814
7.0,13.0,0.7171555836135327
7.0,9.0,0.40794990551396837
5.0,8.0,0.5402068937748714
4.0,7.0,1.1323982935537633
10.0,19.0,2.0171848279591607
10.0,20.0,1.684593497966154
23.0,48.0,2.462217779936057
5.0,8.0,7.541743827156928
5.0,6.0,2.3683662623141584
2.0,4.0,0.9243583511139302
29.0,41.0,6.407594944414814
8.0,13.0,0.7171555836135327
7.0,9.0,0.40794990551396837
4.0,8.0,0.5402068937748714
6.0,7.0,1.1323982935537633
12.0,19.0,2.0171848279591607
15.0,20.0,1.684593497966154
25.0,48.0,2.462217779936057
6.0,8.0,7.541743827156928
3.0,6.0,2.3683662623141584
4.0,4.0,0.9243583511139302
29.0,41.0,6.407594944414814
7.0,13.0,0.7171555836135327
9.0,9.0,0.40794990551396837
7.0,8.0,0.5402068937748714
6.0,7.0,1.1323982935537633
14.0,19.0,2.0171848279591607
14.0,20.0,1.684593497966154
34.0,48.0,2.462217779936057
6.0,8.0,7.541743827156928
6.0,6.0,2.3683662623141584
2.0,4.0,0.9243583511139302
28.0,41.0,6.407594944414814
10.0,13.0,0.7171555836135327
9.0,9.0,0.40794990551396837
8.0,8.0,0.5402068937748714
6.0,7.0,1.1323982935537633
15.0,19.0,2.0171848279591607
15.0,20.0,1.684593497966154
33.0,48.0,2.462217779936057
8.0,8.0,7.541743827156928
6.0,6.0,2.3683662623141584
4.0,4.0,0.9243583511139302
40.0,41.0,6.407594944414814
13.0,13.0,0.7171555836135327
7.0,9.0,0.40794990551396837
7.0,8.0,0.5402068937748714
7.0,7.0,1.1323982935537633
17.0,19.0,2.0171848279591607
20.0,20.0,1.684593497966154
44.0,48.0,2.462217779936057
1.0,5.0,10.911752547512329
0.0,6.0,2.9116755191901613
1.0,16.0,2.5659963164723094
2.0,44.0,3.255191281723428
3.0,12.0,0.8180507679123433
0.0,15.0,0.7242193917917463
6.0,68.0,2.5252692214275503
2.0,24.0,0.6156722592925353
4.0,44.0,1.4145949760532306
0.0,24.0,0.5401108053943868
1.0,5.0,0.38508142262746886
1.0,5.0,10.911752547512329
2.0,6.0,2.9116755191901613
5.0,16.0,2.5659963164723094
8.0,44.0,3.255191281723428
3.0,12.0,0.8180507679123433
2.0,15.0,0.7242193917917463
21.0,68.0,2.5252692214275503
9.0,24.0,0.6156722592925353
12.0,44.0,1.4145949760532306
2.0,24.0,0.5401108053943868
2.0,5.0,0.38508142262746886
2.0,5.0,10.911752547512329
1.0,6.0,2.9116755191901613
6.0,16.0,2.5659963164723094
13.0,44.0,3.255191281723428
3.0,12.0,0.8180507679123433
7.0,15.0,0.7242193917917463
12.0,68.0,2.5252692214275503
5.0,24.0,0.6156722592925353
12.0,44.0,1.4145949760532306
10.0,24.0,0.5401108053943868
1.0,5.0,0.38508142262746886
3.0,5.0,10.911752547512329
1.0,6.0,2.9116755191901613
7.0,16.0,2.5659963164723094
25.0,44.0,3.255191281723428
4.0,12.0,0.8180507679123433
7.0,15.0,0.7242193917917463
35.0,68.0,2.5252692214275503
5.0,24.0,0.6156722592925353
19.0,44.0,1.4145949760532306
13.0,24.0,0.5401108053943868
1.0,5.0,0.38508142262746886
4.0,5.0,10.911752547512329
2.0,6.0,2.9116755191901613
12.0,16.0,2.5659963164723094
19.0,44.0,3.255191281723428
4.0,12.0,0.8180507679123433
5.0,15.0,0.7242193917917463
38.0,68.0,2.5252692214275503
13.0,24.0,0.6156722592925353
21.0,44.0,1.4145949760532306
14.0,24.0,0.5401108053943868
0.0,5.0,0.38508142262746886
3.0,5.0,10.911752547512329
3.0,6.0,2.9116755191901613
12.0,16.0,2.5659963164723094
34.0,44.0,3.255191281723428
8.0,12.0,0.8180507679123433
8.0,15.0,0.7242193917917463
38.0,68.0,2.5252692214275503
12.0,24.0,0.6156722592925353
22.0,44.0,1.4145949760532306
16.0,24.0,0.5401108053943868
4.0,5.0,0.38508142262746886
4.0,5.0,10.911752547512329
3.0,6.0,2.9116755191901613
13.0,16.0,2.5659963164723094
25.0,44.0,3.255191281723428
9.0,12.0,0.8180507679123433
10.0,15.0,0.7242193917917463
54.0,68.0,2.5252692214275503
14.0,24.0,0.6156722592925353
34.0,44.0,1.4145949760532306
13.0,24.0,0.5401108053943868
4.0,5.0,0.38508142262746886
5.0,5.0,10.911752547512329
5.0,6.0,2.9116755191901613
12.0,16.0,2.5659963164723094
39.0,44.0,3.255191281723428
12.0,12.0,0.8180507679123433
10.0,15.0,0.7242193917917463
57.0,68.0,2.5252692214275503
17.0,24.0,0.6156722592925353
36.0,44.0,1.4145949760532306
15.0,24.0,0.5401108053943868
2.0,5.0,0.38508142262746886
5.0,5.0,10.911752547512329
6.0,6.0,2.9116755191901613
15.0,16.0,2.5659963164723094
40.0,44.0,3.255191281723428
11.0,12.0,0.8180507679123433
13.0,15.0,0.7242193917917463
62.0,68.0,2.5252692214275503
23.0,24.0,0.6156722592925353
39.0,44.0,1.4145949760532306
22.0,24.0,0.5401108053943868
4.0,5.0,0.38508142262746886
1.0,4.0,4.807619547632528
1.0,3.0,5.333644338780715
1.0,11.0,4.413173329359549
0.0,8.0,1.3579074286518331
2.0,20.0,1.676232181197213
5.0,21.0,1.6195905330873992
1.0,20.0,1.0630297231180592
2.0,10.0,0.5413468200013738
1.0,12.0,0.5695243120481961
3.0,23.0,1.2228823149029406
3.0,19.0,1.2016540592434968
1.0,4.0,4.807619547632528
2.0,3.0,5.333644338780715
3.0,11.0,4.413173329359549
1.0,8.0,1.3579074286518331
2.0,20.0,1.676232181197213
2.0,21.0,1.6195905330873992
4.0,20.0,1.0630297231180592
1.0,10.0,0.5413468200013738
3.0,12.0,0.5695243120481961
4.0,23.0,1.2228823149029406
5.0,19.0,1.2016540592434968
3.0,4.0,4.807619547632528
0.0,3.0,5.333644338780715
3.0,11.0,4.413173329359549
1.0,8.0,1.3579074286518331
7.0,20.0,1.676232181197213
6.0,21.0,1.6195905330873992
6.0,20.0,1.0630297231180592
3.0,10.0,0.5413468200013738
2.0,12.0,0.5695243120481961
6.0,23.0,1.2228823149029406
9.0,19.0,1.2016540592434968
1.0,4.0,4.807619547632528
2.0,3.0,5.333644338780715
5.0,11.0,4.413173329359549
3.0,8.0,1.3579074286518331
4.0,20.0,1.676232181197213
7.0,21.0,1.6195905330873992
10.0,20.0,1.0630297231180592
4.0,10.0,0.5413468200013738
7.0,12.0,0.5695243120481961
14.0,23.0,1.2228823149029406
8.0,19.0,1.2016540592434968
2.0,4.0,4.807619547632528
2.0,3.0,5.333644338780715
6.0,11.0,4.413173329359549
4.0,8.0,1.3579074286518331
10.0,20.0,1.676232181197213
6.0,21.0,1.6195905330873992
6.0,20.0,1.0630297231180592
3.0,10.0,0.5413468200013738
6.0,12.0,0.5695243120481961
11.0,23.0,1.2228823149029406
13.0,19.0,1.2016540592434968
1.0,4.0,4.807619547632528
2.0,3.0,5.333644338780715
7.0,11.0,4.413173329359549
6.0,8.0,1.3579074286518331
14.0,20.0,1.676232181197213
13.0,21.0,1.6195905330873992
9.0,20.0,1.0630297231180592
5.0,10.0,0.5413468200013738
10.0,12.0,0.5695243120481961
15.0,23.0,1.2228823149029406
13.0,19.0,1.2016540592434968
4.0,4.0,4.807619547632528
2.0,3.0,5.333644338780715
7.0,11.0,4.413173329359549
6.0,8.0,1.3579074286518331
15.0,20.0,1.676232181197213
14.0,21.0,1.6195905330873992
15.0,20.0,1.0630297231180592
7.0,10.0,0.5413468200013738
8.0,12.0,0.5695243120481961
16.0,23.0,1.2228823149029406
11.0,19.0,1.2016540592434968
4.0,4.0,4.807619547632528
3.0,3.0,5.333644338780715
11.0,11.0,4.413173329359549
6.0,8.0,1.3579074286518331
16.0,20.0,1.676232181197213
18.0,21.0,1.6195905330873992
13.0,20.0,1.0630297231180592
9.0,10.0,0.5413468200013738
9.0,12.0,0.5695243120481961
17.0,23.0,1.2228823149029406
17.0,19.0,1.2016540592434968
3.0,4.0,4.807619547632528
3.0,3.0,5.333644338780715
10.0,11.0,4.413173329359549
7.0,8.0,1.3579074286518331
18.0,20.0,1.676232181197213
20.0,21.0,1.6195905330873992
15.0,20.0,1.0630297231180592
10.0,10.0,0.5413468200013738
12.0,12.0,0.5695243120481961
21.0,23.0,1.2228823149029406
18.0,19.0,1.2016540592434968
1.0,3.0,2.6668952302754834
0.0,6.0,6.574194016500589
2.0,40.0,8.595831882426845
1.0,18.0,1.3781445480765662
3.0,47.0,1.751153993098693
9.0,84.0,2.4912889009861265
10.0,85.0,1.6474921890950505
0.0,9.0,0.07420522889295686
7.0,40.0,0.9090390824174054
1.0,5.0,0.11973328973950295
4.0,31.0,1.1923799956249739
1.0,3.0,2.6668952302754834
1.0,6.0,6.574194016500589
6.0,40.0,8.595831882426845
7.0,18.0,1.3781445480765662
14.0,47.0,1.751153993098693
23.0,84.0,2.4912889009861265
21.0,85.0,1.6474921890950505
2.0,9.0,0.07420522889295686
8.0,40.0,0.9090390824174054
2.0,5.0,0.11973328973950295
7.0,31.0,1.1923799956249739
1.0,3.0,2.6668952302754834
2.0,6.0,6.574194016500589
15.0,40.0,8.595831882426845
5.0,18.0,1.3781445480765662
15.0,47.0,1.751153993098693
23.0,84.0,2.4912889009861265
30.0,85.0,1.6474921890950505
3.0,9.0,0.07420522889295686
9.0,40.0,0.9090390824174054
1.0,5.0,0.11973328973950295
8.0,31.0,1.1923799956249739
2.0,3.0,2.6668952302754834
1.0,6.0,6.574194016500589
20.0,40.0,8.595831882426845
6.0,18.0,1.3781445480765662
22.0,47.0,1.751153993098693
34.0,84.0,2.4912889009861265
34.0,85.0,1.6474921890950505
4.0,9.0,0.07420522889295686
17.0,40.0,0.9090390824174054
3.0,5.0,0.11973328973950295
13.0,31.0,1.1923799956249739
2.0,3.0,2.6668952302754834
1.0,6.0,6.574194016500589
16.0,40.0,8.595831882426845
7.0,18.0,1.3781445480765662
26.0,47.0,1.751153993098693
38.0,84.0,2.4912889009861265
49.0,85.0,1.6474921890950505
4.0,9.0,0.07420522889295686
24.0,40.0,0.9090390824174054
1.0,5.0,0.11973328973950295
15.0,31.0,1.1923799956249739
1.0,3.0,2.6668952302754834
4.0,6.0,6.574194016500589
28.0,40.0,8.595831882426845
12.0,18.0,1.3781445480765662
31.0,47.0,1.751153993098693
51.0,84.0,2.4912889009861265
44.0,85.0,1.6474921890950505
3.0,9.0,0.07420522889295686
28.0,40.0,0.9090390824174054
2.0,5.0,0.11973328973950295
19.0,31.0,1.1923799956249739
2.0,3.0,2.6668952302754834
5.0,6.0,6.574194016500589
33.0,40.0,8.595831882426845
13.0,18.0,1.3781445480765662
26.0,47.0,1.751153993098693
58.0,84.0,2.4912889009861265
58.0,85.0,1.6474921890950505
5.0,9.0,0.07420522889295686
25.0,40.0,0.9090390824174054
4.0,5.0,0.11973328973950295
22.0,31.0,1.1923799956249739
3.0,3.0,2.6668952302754834
6.0,6.0,6.574194016500589
29.0,40.0,8.595831882426845
15.0,18.0,1.3781445480765662
36.0,47.0,1.751153993098693
67.0,84.0,2.4912889009861265
71.0,85.0,1.6474921890950505
8.0,9.0,0.07420522889295686
34.0,40.0,0.9090390824174054
4.0,5.0,0.11973328973950295
27.0,31.0,1.1923799956249739
3.0,3.0,2.6668952302754834
5.0,6.0,6.574194016500589
38.0,40.0,8.595831882426845
18.0,18.0,1.3781445480765662
42.0,47.0,1.751153993098693
77.0,84.0,2.4912889009861265
73.0,85.0,1.6474921890950505
8.0,9.0,0.07420522889295686
31.0,40.0,0.9090390824174054
4.0,5.0,0.11973328973950295
31.0,31.0,1.1923799956249739
2.0,3.0,4.842468700093927
2.0,14.0,9.948676894563164
3.0,18.0,3.236926585915986
2.0,32.0,2.807068950895714
3.0,7.0,0.26143776567784105
1.0,23.0,1.0079893574783307
1.0,28.0,1.3134927378899646
1.0,34.0,1.398823053881037
3.0,55.0,1.7138098738479342
0.0,4.0,0.18214702207115066
2.0,24.0,0.9144399201444857
1.0,3.0,4.842468700093927
5.0,14.0,9.948676894563164
3.0,18.0,3.236926585915986
7.0,32.0,2.807068950895714
0.0,7.0,0.26143776567784105
3.0,23.0,1.0079893574783307
5.0,28.0,1.3134927378899646
9.0,34.0,1.398823053881037
12.0,55.0,1.7138098738479342
0.0,4.0,0.18214702207115066
2.0,24.0,0.9144399201444857
2.0,3.0,4.842468700093927
3.0,14.0,9.948676894563164
4.0,18.0,3.236926585915986
7.0,32.0,2.807068950895714
3.0,7.0,0.26143776567784105
6.0,23.0,1.0079893574783307
12.0,28.0,1.3134927378899646
7.0,34.0,1.398823053881037
23.0,55.0,1.7138098738479342
1.0,4.0,0.18214702207115066
12.0,24.0,0.9144399201444857
2.0,3.0,4.842468700093927
7.0,14.0,9.948676894563164
8.0,18.0,3.236926585915986
16.0,32.0,2.807068950895714
2.0,7.0,0.26143776567784105
8.0,23.0,1.0079893574783307
9.0,28.0,1.3134927378899646
9.0,34.0,1.398823053881037
19.0,55.0,1.7138098738479342
1.0,4.0,0.18214702207115066
5.0,24.0,0.9144399201444857
3.0,3.0,4.842468700093927
9.0,14.0,9.948676894563164
11.0,18.0,3.236926585915986
12.0,32.0,2.807068950895714
3.0,7.0,0.26143776567784105
12.0,23.0,1.0079893574783307
15.0,28.0,1.3134927378899646
19.0,34.0,1.398823053881037
21.0,55.0,1.7138098738479342
3.0,4.0,0.18214702207115066
12.0,24.0,0.9144399201444857
2.0,3.0,4.842468700093927
8.0,14.0,9.948676894563164
13.0,18.0,3.236926585915986
21.0,32.0,2.807068950895714
6.0,7.0,0.26143776567784105
17.0,23.0,1.0079893574783307
17.0,28.0,1.3134927378899646
24.0,34.0,1.398823053881037
43.0,55.0,1.7138098738479342
3.0,4.0,0.18214702207115066
15.0,24.0,0.9144399201444857
3.0,3.0,4.842468700093927
10.0,14.0,9.948676894563164
14.0,18.0,3.236926585915986
20.0,32.0,2.807068950895714
7.0,7.0,0.26143776567784105
15.0,23.0,1.0079893574783307
21.0,28.0,1.3134927378899646
20.0,34.0,1.398823053881037
35.0,55.0,1.7138098738479342
3.0,4.0,0.18214702207115066
16.0,24.0,0.9144399201444857
3.0,3.0,4.842468700093927
11.0,14.0,9.948676894563164
15.0,18.0,3.236926585915986
26.0,32.0,2.807068950895714
6.0,7.0,0.26143776567784105
20.0,23.0,1.0079893574783307
21.0,28.0,1.3134927378899646
28.0,34.0,1.398823053881037
47.0,55.0,1.7138098738479342
3.0,4.0,0.18214702207115066
18.0,24.0,0.9144399201444857
2.0,3.0,4.842468700093927
11.0,14.0,9.948676894563164
18.0,18.0,3.236926585915986
30.0,32.0,2.807068950895714
7.0,7.0,0.26143776567784105
18.0,23.0,1.0079893574783307
24.0,28.0,1.3134927378899646
27.0,34.0,1.398823053881037
47.0,55.0,1.7138098738479342
3.0,4.0,0.18214702207115066
24.0,24.0,0.9144399201444857
1.0,4.0,7.867708160223002
2.0,6.0,4.179274832795552
5.0,23.0,6.344897791369841
1.0,22.0,2.5762404634046763
0.0,4.0,0.36272649381099503
4.0,32.0,2.5277033568258
8.0,63.0,3.1306930663168466
1.0,11.0,0.1252529391570507
3.0,15.0,0.4650693248382157
2.0,16.0,0.82066923312839
6.0,35.0,1.9154851537162867
1.0,4.0,7.867708160223002
1.0,6.0,4.179274832795552
5.0,23.0,6.344897791369841
7.0,22.0,2.5762404634046763
1.0,4.0,0.36272649381099503
12.0,32.0,2.5277033568258
8.0,63.0,3.1306930663168466
2.0,11.0,0.1252529391570507
3.0,15.0,0.4650693248382157
1.0,16.0,0.82066923312839
10.0,35.0,1.9154851537162867
1.0,4.0,7.867708160223002
1.0,6.0,4.179274832795552
8.0,23.0,6.344897791369841
5.0,22.0,2.5762404634046763
1.0,4.0,0.36272649381099503
10.0,32.0,2.5277033568258
17.0,63.0,3.1306930663168466
4.0,11.0,0.1252529391570507
4.0,15.0,0.4650693248382157
4.0,16.0,0.82066923312839
15.0,35.0,1.9154851537162867
3.0,4.0,7.867708160223002
1.0,6.0,4.179274832795552
9.0,23.0,6.344897791369841
6.0,22.0,2.5762404634046763
0.0,4.0,0.36272649381099503
12.0,32.0,2.5277033568258
28.0,63.0,3.1306930663168466
6.0,11.0,0.1252529391570507
7.0,15.0,0.4650693248382157
9.0,16.0,0.82066923312839
15.0,35.0,1.9154851537162867
2.0,4.0,7.867708160223002
4.0,6.0,4.179274832795552
10.0,23.0,6.344897791369841
8.0,22.0,2.5762404634046763
2.0,4.0,0.36272649381099503
21.0,32.0,2.5277033568258
33.0,63.0,3.1306930663168466
3.0,11.0,0.1252529391570507
4.0,15.0,0.4650693248382157
9.0,16.0,0.82066923312839
14.0,35.0,1.9154851537162867
2.0,4.0,7.867708160223002
5.0,6.0,4.179274832795552
13.0,23.0,6.344897791369841
13.0,22.0,2.5762404634046763
3.0,4.0,0.36272649381099503
17.0,32.0,2.5277033568258
38.0,63.0,3.1306930663168466
5.0,11.0,0.1252529391570507
8.0,15.0,0.4650693248382157
10.0,16.0,0.82066923312839
26.0,35.0,1.9154851537162867
2.0,4.0,7.867708160223002
2.0,6.0,4.179274832795552
17.0,23.0,6.344897791369841
17.0,22.0,2.5762404634046763
2.0,4.0,0.36272649381099503
20.0,32.0,2.5277033568258
48.0,63.0,3.1306930663168466
7.0,11.0,0.1252529391570507
11.0,15.0,0.4650693248382157
15.0,16.0,0.82066923312839
28.0,35.0,1.9154851537162867
4.0,4.0,7.867708160223002
5.0,6.0,4.179274832795552
20.0,23.0,6.344897791369841
18.0,22.0,2.5762404634046763
4.0,4.0,0.36272649381099503
25.0,32.0,2.5277033568258
52.0,63.0,3.1306930663168466
5.0,11.0,0.1252529391570507
12.0,15.0,0.4650693248382157
15.0,16.0,0.82066923312839
32.0,35.0,1.9154851537162867
3.0,4.0,7.867708160223002
4.0,6.0,4.179274832795552
19.0,23.0,6.344897791369841
19.0,22.0,2.5762404634046763
3.0,4.0,0.36272649381099503
28.0,32.0,2.5277033568258
56.0,63.0,3.1306930663168466
11.0,11.0,0.1252529391570507
15.0,15.0,0.4650693248382157
13.0,16.0,0.82066923312839
30.0,35.0,1.9154851537162867
1.0,2.0,0.8437686630883978
0.0,4.0,2.0305929052906535
2.0,7.0,3.8876925134914466
2.0,9.0,1.8183449682654813
1.0,8.0,0.8398582841762166
2.0,16.0,1.4685219972379266
3.0,12.0,1.143709416367896
3.0,22.0,1.1482064885824295
0.0,3.0,0.1757000601452211
6.0,29.0,1.8692588740350544
1.0,11.0,0.5842121738462623
1.0,2.0,0.8437686630883978
1.0,4.0,2.0305929052906535
1.0,7.0,3.8876925134914466
0.0,9.0,1.8183449682654813
2.0,8.0,0.8398582841762166
5.0,16.0,1.4685219972379266
1.0,12.0,1.143709416367896
7.0,22.0,1.1482064885824295
1.0,3.0,0.1757000601452211
9.0,29.0,1.8692588740350544
2.0,11.0,0.5842121738462623
1.0,2.0,0.8437686630883978
3.0,4.0,2.0305929052906535
2.0,7.0,3.8876925134914466
3.0,9.0,1.8183449682654813
2.0,8.0,0.8398582841762166
5.0,16.0,1.4685219972379266
6.0,12.0,1.143709416367896
3.0,22.0,1.1482064885824295
1.0,3.0,0.1757000601452211
3.0,29.0,1.8692588740350544
2.0,11.0,0.5842121738462623
2.0,2.0,0.8437686630883978
2.0,4.0,2.0305929052906535
3.0,7.0,3.8876925134914466
4.0,9.0,1.8183449682654813
6.0,8.0,0.8398582841762166
4.0,16.0,1.4685219972379266
6.0,12.0,1.143709416367896
8.0,22.0,1.1482064885824295
2.0,3.0,0.1757000601452211
10.0,29.0,1.8692588740350544
5.0,11.0,0.5842121738462623
2.0,2.0,0.8437686630883978
1.0,4.0,2.0305929052906535
3.0,7.0,3.8876925134914466
4.0,9.0,1.8183449682654813
3.0,8.0,0.8398582841762166
5.0,16.0,1.4685219972379266
7.0,12.0,1.143709416367896
14.0,22.0,1.1482064885824295
2.0,3.0,0.1757000601452211
17.0,29.0,1.8692588740350544
6.0,11.0,0.5842121738462623
1.0,2.0,0.8437686630883978
3.0,4.0,2.0305929052906535
4.0,7.0,3.8876925134914466
5.0,9.0,1.8183449682654813
4.0,8.0,0.8398582841762166
5.0,16.0,1.4685219972379266
9.0,12.0,1.143709416367896
12.0,22.0,1.1482064885824295
2.0,3.0,0.1757000601452211
17.0,29.0,1.8692588740350544
8.0,11.0,0.5842121738462623
1.0,2.0,0.8437686630883978
3.0,4.0,2.0305929052906535
5.0,7.0,3.8876925134914466
8.0,9.0,1.8183449682654813
6.0,8.0,0.8398582841762166
10.0,16.0,1.4685219972379266
10.0,12.0,1.143709416367896
17.0,22.0,1.1482064885824295
3.0,3.0,0.1757000601452211
22.0,29.0,1.8692588740350544
7.0,11.0,0.5842121738462623
2.0,2.0,0.8437686630883978
4.0,4.0,2.0305929052906535
6.0,7.0,3.8876925134914466
9.0,9.0,1.8183449682654813
7.0,8.0,0.8398582841762166
14.0,16.0,1.4685219972379266
9.0,12.0,1.143709416367896
16.0,22.0,1.1482064885824295
3.0,3.0,0.1757000601452211
22.0,29.0,1.8692588740350544
10.0,11.0,0.5842121738462623
2.0,2.0,0.8437686630883978
3.0,4.0,2.0305929052906535
7.0,7.0,3.8876925134914466
8.0,9.0,1.8183449682654813
8.0,8.0,0.8398582841762166
16.0,16.0,1.4685219972379266
11.0,12.0,1.143709416367896
20.0,22.0,1.1482064885824295
3.0,3.0,0.1757000601452211
24.0,29.0,1.8692588740350544
11.0,11.0,0.5842121738462623
1.0,3.0,3.0147479980853054
1.0,4.0,4.10602267594848
2.0,9.0,2.834719366108615
1.0,9.0,1.3880080693519559
1.0,11.0,2.20981460057783
1.0,22.0,2.9186541388844267
5.0,53.0,3.920994344303759
4.0,27.0,0.8967657440935197
1.0,24.0,0.8566567305879637
0.0,11.0,0.38161131962361017
1.0,18.0,0.8284903528991591
2.0,3.0,3.0147479980853054
2.0,4.0,4.10602267594848
1.0,9.0,2.834719366108615
3.0,9.0,1.3880080693519559
1.0,11.0,2.20981460057783
6.0,22.0,2.9186541388844267
7.0,53.0,3.920994344303759
7.0,27.0,0.8967657440935197
5.0,24.0,0.8566567305879637
1.0,11.0,0.38161131962361017
2.0,18.0,0.8284903528991591
1.0,3.0,3.0147479980853054
1.0,4.0,4.10602267594848
3.0,9.0,2.834719366108615
3.0,9.0,1.3880080693519559
4.0,11.0,2.20981460057783
5.0,22.0,2.9186541388844267
12.0,53.0,3.920994344303759
12.0,27.0,0.8967657440935197
5.0,24.0,0.8566567305879637
7.0,11.0,0.38161131962361017
6.0,18.0,0.8284903528991591
1.0,3.0,3.0147479980853054
0.0,4.0,4.10602267594848
4.0,9.0,2.834719366108615
6.0,9.0,1.3880080693519559
7.0,11.0,2.20981460057783
7.0,22.0,2.9186541388844267
21.0,53.0,3.920994344303759
10.0,27.0,0.8967657440935197
11.0,24.0,0.8566567305879637
2.0,11.0,0.38161131962361017
6.0,18.0,0.8284903528991591
3.0,3.0,3.0147479980853054
3.0,4.0,4.10602267594848
4.0,9.0,2.834719366108615
6.0,9.0,1.3880080693519559
2.0,11.0,2.20981460057783
8.0,22.0,2.9186541388844267
27.0,53.0,3.920994344303759
11.0,27.0,0.8967657440935197
12.0,24.0,0.8566567305879637
7.0,11.0,0.38161131962361017
7.0,18.0,0.8284903528991591
1.0,3.0,3.0147479980853054
4.0,4.0,4.10602267594848
9.0,9.0,2.834719366108615
3.0,9.0,1.3880080693519559
6.0,11.0,2.20981460057783
14.0,22.0,2.9186541388844267
30.0,53.0,3.920994344303759
16.0,27.0,0.8967657440935197
18.0,24.0,0.8566567305879637
7.0,11.0,0.38161131962361017
10.0,18.0,0.8284903528991591
2.0,3.0,3.0147479980853054
2.0,4.0,4.10602267594848
8.0,9.0,2.834719366108615
7.0,9.0,1.3880080693519559
7.0,11.0,2.20981460057783
14.0,22.0,2.9186541388844267
37.0,53.0,3.920994344303759
16.0,27.0,0.8967657440935197
18.0,24.0,0.8566567305879637
8.0,11.0,0.38161131962361017
16.0,18.0,0.8284903528991591
2.0,3.0,3.0147479980853054
3.0,4.0,4.10602267594848
8.0,9.0,2.834719366108615
6.0,9.0,1.3880080693519559
8.0,11.0,2.20981460057783
19.0,22.0,2.9186541388844267
46.0,53.0,3.920994344303759
18.0,27.0,0.8967657440935197
17.0,24.0,0.8566567305879637
7.0,11.0,0.38161131962361017
13.0,18.0,0.8284903528991591
3.0,3.0,3.0147479980853054
3.0,4.0,4.10602267594848
7.0,9.0,2.834719366108615
9.0,9.0,1.3880080693519559
10.0,11.0,2.20981460057783
18.0,22.0,2.9186541388844267
48.0,53.0,3.920994344303759
23.0,27.0,0.8967657440935197
21.0,24.0,0.8566567305879637
8.0,11.0,0.38161131962361017
14.0,18.0,0.8284903528991591
1.0,4.0,7.004323300712147
1.0,3.0,4.257512450814214
3.0,9.0,2.6634750803766782
2.0,17.0,2.8036660671091043
3.0,16.0,2.207080652200118
1.0,3.0,0.31694121987796176
6.0,27.0,1.693160499445512
5.0,70.0,4.099731028289785
3.0,42.0,1.0229861449004383
4.0,32.0,0.7011807121529827
4.0,33.0,0.820440750004488
2.0,4.0,7.004323300712147
0.0,3.0,4.257512450814214
2.0,9.0,2.6634750803766782
6.0,17.0,2.8036660671091043
3.0,16.0,2.207080652200118
1.0,3.0,0.31694121987796176
5.0,27.0,1.693160499445512
15.0,70.0,4.099731028289785
12.0,42.0,1.0229861449004383
8.0,32.0,0.7011807121529827
4.0,33.0,0.820440750004488
1.0,4.0,7.004323300712147
1.0,3.0,4.257512450814214
2.0,9.0,2.6634750803766782
5.0,17.0,2.8036660671091043
3.0,16.0,2.207080652200118
1.0,3.0,0.31694121987796176
5.0,27.0,1.693160499445512
28.0,70.0,4.099731028289785
13.0,42.0,1.0229861449004383
7.0,32.0,0.7011807121529827
7.0,33.0,0.820440750004488
1.0,4.0,7.004323300712147
0.0,3.0,4.257512450814214
5.0,9.0,2.6634750803766782
8.0,17.0,2.8036660671091043
4.0,16.0,2.207080652200118
3.0,3.0,0.31694121987796176
13.0,27.0,1.693160499445512
36.0,70.0,4.099731028289785
14.0,42.0,1.0229861449004383
15.0,32.0,0.7011807121529827
11.0,33.0,0.820440750004488
3.0,4.0,7.004323300712147
2.0,3.0,4.257512450814214
5.0,9.0,2.6634750803766782
11.0,17.0,2.8036660671091043
10.0,16.0,2.207080652200118
3.0,3.0,0.31694121987796176
11.0,27.0,1.693160499445512
34.0,70.0,4.099731028289785
26.0,42.0,1.0229861449004383
14.0,32.0,0.7011807121529827
12.0,33.0,0.820440750004488
3.0,4.0,7.004323300712147
2.0,3.0,4.257512450814214
2.0,9.0,2.6634750803766782
10.0,17.0,2.8036660671091043
11.0,16.0,2.207080652200118
2.0,3.0,0.31694121987796176
10.0,27.0,1.693160499445512
47.0,70.0,4.099731028289785
25.0,42.0,1.0229861449004383
20.0,32.0,0.7011807121529827
21.0,33.0,0.820440750004488
2.0,4.0,7.004323300712147
3.0,3.0,4.257512450814214
5.0,9.0,2.6634750803766782
11.0,17.0,2.8036660671091043
10.0,16.0,2.207080652200118
1.0,3.0,0.31694121987796176
21.0,27.0,1.693160499445512
49.0,70.0,4.099731028289785
34.0,42.0,1.0229861449004383
21.0,32.0,0.7011807121529827
21.0,33.0,0.820440750004488
4.0,4.0,7.004323300712147
1.0,3.0,4.257512450814214
8.0,9.0,2.6634750803766782
12.0,17.0,2.8036660671091043
9.0,16.0,2.207080652200118
2.0,3.0,0.31694121987796176
19.0,27.0,1.693160499445512
58.0,70.0,4.099731028289785
33.0,42.0,1.0229861449004383
24.0,32.0,0.7011807121529827
25.0,33.0,0.820440750004488
4.0,4.0,7.004323300712147
2.0,3.0,4.257512450814214
9.0,9.0,2.6634750803766782
14.0,17.0,2.8036660671091043
14.0,16.0,2.207080652200118
3.0,3.0,0.31694121987796176
26.0,27.0,1.693160499445512
63.0,70.0,4.099731028289785
39.0,42.0,1.0229861449004383
31.0,32.0,0.7011807121529827
31.0,33.0,0.820440750004488
1.0,4.0,2.51287898510208
0.0,6.0,3.3754981831741517
0.0,3.0,0.9774937531422832
0.0,27.0,4.586238325456211
4.0,20.0,2.422728192880626
2.0,15.0,1.003155990588481
1.0,9.0,0.3352742759532385
0.0,14.0,0.9042656440019597
3.0,13.0,0.6019612087451893
2.0,16.0,1.716685330618958
3.0,20.0,1.8584187763346198
1.0,4.0,2.51287898510208
1.0,6.0,3.3754981831741517
2.0,3.0,0.9774937531422832
5.0,27.0,4.586238325456211
5.0,20.0,2.422728192880626
5.0,15.0,1.003155990588481
1.0,9.0,0.3352742759532385
2.0,14.0,0.9042656440019597
4.0,13.0,0.6019612087451893
2.0,16.0,1.716685330618958
4.0,20.0,1.8584187763346198
1.0,4.0,2.51287898510208
3.0,6.0,3.3754981831741517
1.0,3.0,0.9774937531422832
8.0,27.0,4.586238325456211
7.0,20.0,2.422728192880626
2.0,15.0,1.003155990588481
3.0,9.0,0.3352742759532385
6.0,14.0,0.9042656440019597
3.0,13.0,0.6019612087451893
6.0,16.0,1.716685330618958
5.0,20.0,1.8584187763346198
1.0,4.0,2.51287898510208
3.0,6.0,3.3754981831741517
2.0,3.0,0.9774937531422832
12.0,27.0,4.586238325456211
9.0,20.0,2.422728192880626
8.0,15.0,1.003155990588481
3.0,9.0,0.3352742759532385
5.0,14.0,0.9042656440019597
1.0,13.0,0.6019612087451893
10.0,16.0,1.716685330618958
5.0,20.0,1.8584187763346198
1.0,4.0,2.51287898510208
4.0,6.0,3.3754981831741517
1.0,3.0,0.9774937531422832
11.0,27.0,4.586238325456211
8.0,20.0,2.422728192880626
8.0,15.0,1.003155990588481
4.0,9.0,0.3352742759532385
9.0,14.0,0.9042656440019597
8.0,13.0,0.6019612087451893
6.0,16.0,1.716685330618958
14.0,20.0,1.8584187763346198
2.0,4.0,2.51287898510208
2.0,6.0,3.3754981831741517
3.0,3.0,0.9774937531422832
15.0,27.0,4.586238325456211
8.0,20.0,2.422728192880626
11.0,15.0,1.003155990588481
5.0,9.0,0.3352742759532385
7.0,14.0,0.9042656440019597
10.0,13.0,0.6019612087451893
5.0,16.0,1.716685330618958
11.0,20.0,1.8584187763346198
4.0,4.0,2.51287898510208
3.0,6.0,3.3754981831741517
2.0,3.0,0.9774937531422832
15.0,27.0,4.586238325456211
13.0,20.0,2.422728192880626
13.0,15.0,1.003155990588481
8.0,9.0,0.3352742759532385
9.0,14.0,0.9042656440019597
10.0,13.0,0.6019612087451893
11.0,16.0,1.716685330618958
12.0,20.0,1.8584187763346198
3.0,4.0,2.51287898510208
3.0,6.0,3.3754981831741517
3.0,3.0,0.9774937531422832
19.0,27.0,4.586238325456211
13.0,20.0,2.422728192880626
10.0,15.0,1.003155990588481
6.0,9.0,0.3352742759532385
12.0,14.0,0.9042656440019597
10.0,13.0,0.6019612087451893
11.0,16.0,1.716685330618958
15.0,20.0,1.8584187763346198
4.0,4.0,2.51287898510208
6.0,6.0,3.3754981831741517
3.0,3.0,0.9774937531422832
26.0,27.0,4.586238325456211
19.0,20.0,2.422728192880626
13.0,15.0,1.003155990588481
8.0,9.0,0.3352742759532385
14.0,14.0,0.9042656440019597
12.0,13.0,0.6019612087451893
14.0,16.0,1.716685330618958
17.0,20.0,1.8584187763346198
1.0,5.0,8.636054934808913
0.0,5.0,1.9843827532672933
1.0,6.0,3.210959962596791
3.0,12.0,2.6777075603219807
0.0,4.0,0.4121732279995796
4.0,28.0,2.663119115604765
8.0,37.0,3.119842542225997
2.0,37.0,1.8736458251316
0.0,7.0,0.23454839554282014
5.0,33.0,1.5937580510667602
4.0,33.0,0.9738340304466936
1.0,5.0,8.636054934808913
1.0,5.0,1.9843827532672933
3.0,6.0,3.210959962596791
3.0,12.0,2.6777075603219807
0.0,4.0,0.4121732279995796
7.0,28.0,2.663119115604765
8.0,37.0,3.119842542225997
6.0,37.0,1.8736458251316
3.0,7.0,0.23454839554282014
8.0,33.0,1.5937580510667602
10.0,33.0,0.9738340304466936
2.0,5.0,8.636054934808913
1.0,5.0,1.9843827532672933
3.0,6.0,3.210959962596791
4.0,12.0,2.6777075603219807
1.0,4.0,0.4121732279995796
14.0,28.0,2.663119115604765
11.0,37.0,3.119842542225997
10.0,37.0,1.8736458251316
2.0,7.0,0.23454839554282014
10.0,33.0,1.5937580510667602
10.0,33.0,0.9738340304466936
1.0,5.0,8.636054934808913
1.0,5.0,1.9843827532672933
1.0,6.0,3.210959962596791
8.0,12.0,2.6777075603219807
1.0,4.0,0.4121732279995796
11.0,28.0,2.663119115604765
10.0,37.0,3.119842542225997
13.0,37.0,1.8736458251316
2.0,7.0,0.23454839554282014
15.0,33.0,1.5937580510667602
14.0,33.0,0.9738340304466936
2.0,5.0,8.636054934808913
4.0,5.0,1.9843827532672933
1.0,6.0,3.210959962596791
7.0,12.0,2.6777075603219807
2.0,4.0,0.4121732279995796
14.0,28.0,2.663119115604765
21.0,37.0,3.119842542225997
20.0,37.0,1.8736458251316
4.0,7.0,0.23454839554282014
16.0,33.0,1.5937580510667602
21.0,33.0,0.9738340304466936
1.0,5.0,8.636054934808913
2.0,5.0,1.9843827532672933
2.0,6.0,3.210959962596791
5.0,12.0,2.6777075603219807
2.0,4.0,0.4121732279995796
14.0,28.0,2.663119115604765
22.0,37.0,3.119842542225997
19.0,37.0,1.8736458251316
4.0,7.0,0.23454839554282014
20.0,33.0,1.5937580510667602
19.0,33.0,0.9738340304466936
3.0,5.0,8.636054934808913
4.0,5.0,1.9843827532672933
5.0,6.0,3.210959962596791
11.0,12.0,2.6777075603219807
2.0,4.0,0.4121732279995796
13.0,28.0,2.663119115604765
31.0,37.0,3.119842542225997
22.0,37.0,1.8736458251316
6.0,7.0,0.23454839554282014
20.0,33.0,1.5937580510667602
22.0,33.0,0.9738340304466936
4.0,5.0,8.636054934808913
3.0,5.0,1.9843827532672933
6.0,6.0,3.210959962596791
9.0,12.0,2.6777075603219807
3.0,4.0,0.4121732279995796
21.0,28.0,2.663119115604765
33.0,37.0,3.119842542225997
32.0,37.0,1.8736458251316
4.0,7.0,0.23454839554282014
26.0,33.0,1.5937580510667602
27.0,33.0,0.9738340304466936
5.0,5.0,8.636054934808913
3.0,5.0,1.9843827532672933
5.0,6.0,3.210959962596791
12.0,12.0,2.6777075603219807
3.0,4.0,0.4121732279995796
26.0,28.0,2.663119115604765
34.0,37.0,3.119842542225997
36.0,37.0,1.8736458251316
7.0,7.0,0.23454839554282014
30.0,33.0,1.5937580510667602
32.0,33.0,0.9738340304466936
1.0,3.0,1.423997014875699
0.0,1.0,0.626931793880932
2.0,3.0,2.5968891606726374
3.0,30.0,7.889086312432434
1.0,8.0,0.5994488307389747
0.0,8.0,0.8664117675054657
1.0,10.0,0.6903232653562427
2.0,33.0,3.6212157223530186
3.0,62.0,3.478662697981634
1.0,16.0,0.6253424353600905
2.0,20.0,0.4842868008345124
1.0,3.0,1.423997014875699
1.0,1.0,0.626931793880932
1.0,3.0,2.5968891606726374
4.0,30.0,7.889086312432434
2.0,8.0,0.5994488307389747
3.0,8.0,0.8664117675054657
2.0,10.0,0.6903232653562427
7.0,33.0,3.6212157223530186
9.0,62.0,3.478662697981634
4.0,16.0,0.6253424353600905
3.0,20.0,0.4842868008345124
1.0,3.0,1.423997014875699
1.0,1.0,0.626931793880932
2.0,3.0,2.5968891606726374
10.0,30.0,7.889086312432434
3.0,8.0,0.5994488307389747
4.0,8.0,0.8664117675054657
4.0,10.0,0.6903232653562427
9.0,33.0,3.6212157223530186
14.0,62.0,3.478662697981634
4.0,16.0,0.6253424353600905
2.0,20.0,0.4842868008345124
2.0,3.0,1.423997014875699
0.0,1.0,0.626931793880932
2.0,3.0,2.5968891606726374
13.0,30.0,7.889086312432434
1.0,8.0,0.5994488307389747
4.0,8.0,0.8664117675054657
5.0,10.0,0.6903232653562427
15.0,33.0,3.6212157223530186
27.0,62.0,3.478662697981634
6.0,16.0,0.6253424353600905
9.0,20.0,0.4842868008345124
1.0,3.0,1.423997014875699
1.0,1.0,0.626931793880932
1.0,3.0,2.5968891606726374
17.0,30.0,7.889086312432434
2.0,8.0,0.5994488307389747
2.0,8.0,0.8664117675054657
4.0,10.0,0.6903232653562427
12.0,33.0,3.6212157223530186
32.0,62.0,3.478662697981634
8.0,16.0,0.6253424353600905
11.0,20.0,0.4842868008345124
2.0,3.0,1.423997014875699
1.0,1.0,0.626931793880932
0.0,3.0,2.5968891606726374
16.0,30.0,7.889086312432434
4.0,8.0,0.5994488307389747
6.0,8.0,0.8664117675054657
9.0,10.0,0.6903232653562427
24.0,33.0,3.6212157223530186
35.0,62.0,3.478662697981634
10.0,16.0,0.6253424353600905
15.0,20.0,0.4842868008345124
1.0,3.0,1.423997014875699
1.0,1.0,0.626931793880932
3.0,3.0,2.5968891606726374
23.0,30.0,7.889086312432434
5.0,8.0,0.5994488307389747
6.0,8.0,0.8664117675054657
7.0,10.0,0.6903232653562427
22.0,33.0,3.6212157223530186
47.0,62.0,3.478662697981634
12.0,16.0,0.6253424353600905
16.0,20.0,0.4842868008345124
3.0,3.0,1.423997014875699
1.0,1.0,0.626931793880932
2.0,3.0,2.5968891606726374
22.0,30.0,7.889086312432434
6.0,8.0,0.5994488307389747
8.0,8.0,0.8664117675054657
8.0,10.0,0.6903232653562427
29.0,33.0,3.6212157223530186
47.0,62.0,3.478662697981634
10.0,16.0,0.6253424353600905
18.0,20.0,0.4842868008345124
2.0,3.0,1.423997014875699
1.0,1.0,0.626931793880932
3.0,3.0,2.5968891606726374
26.0,30.0,7.889086312432434
8.0,8.0,0.5994488307389747
6.0,8.0,0.8664117675054657
9.0,10.0,0.6903232653562427
30.0,33.0,3.6212157223530186
59.0,62.0,3.478662697981634
14.0,16.0,0.6253424353600905
20.0,20.0,0.4842868008345124
2.0,5.0,7.826429358167309
1.0,12.0,4.357116715115591
3.0,6.0,1.1529067537186222
0.0,29.0,3.258802309129398
3.0,21.0,1.1460043360192087
2.0,22.0,0.7278158912927513
2.0,22.0,1.240165390116423
6.0,35.0,1.3933550219995439
8.0,79.0,2.22652659306503
11.0,81.0,2.060974690374382
6.0,26.0,0.42365658789838917
2.0,5.0,7.826429358167309
0.0,12.0,4.357116715115591
1.0,6.0,1.1529067537186222
2.0,29.0,3.258802309129398
5.0,21.0,1.1460043360192087
4.0,22.0,0.7278158912927513
3.0,22.0,1.240165390116423
6.0,35.0,1.3933550219995439
15.0,79.0,2.22652659306503
17.0,81.0,2.060974690374382
4.0,26.0,0.42365658789838917
2.0,5.0,7.826429358167309
5.0,12.0,4.357116715115591
3.0,6.0,1.1529067537186222
7.0,29.0,3.258802309129398
4.0,21.0,1.1460043360192087
7.0,22.0,0.7278158912927513
7.0,22.0,1.240165390116423
7.0,35.0,1.3933550219995439
24.0,79.0,2.22652659306503
25.0,81.0,2.060974690374382
7.0,26.0,0.42365658789838917
3.0,5.0,7.826429358167309
3.0,12.0,4.357116715115591
4.0,6.0,1.1529067537186222
12.0,29.0,3.258802309129398
8.0,21.0,1.1460043360192087
10.0,22.0,0.7278158912927513
5.0,22.0,1.240165390116423
12.0,35.0,1.3933550219995439
31.0,79.0,2.22652659306503
32.0,81.0,2.060974690374382
9.0,26.0,0.42365658789838917
4.0,5.0,7.826429358167309
8.0,12.0,4.357116715115591
4.0,6.0,1.1529067537186222
15.0,29.0,3.258802309129398
10.0,21.0,1.1460043360192087
12.0,22.0,0.7278158912927513
13.0,22.0,1.240165390116423
16.0,35.0,1.3933550219995439
37.0,79.0,2.22652659306503
43.0,81.0,2.060974690374382
13.0,26.0,0.42365658789838917
3.0,5.0,7.826429358167309
7.0,12.0,4.357116715115591
3.0,6.0,1.1529067537186222
19.0,29.0,3.258802309129398
14.0,21.0,1.1460043360192087
16.0,22.0,0.7278158912927513
14.0,22.0,1.240165390116423
22.0,35.0,1.3933550219995439
46.0,79.0,2.22652659306503
56.0,81.0,2.060974690374382
15.0,26.0,0.42365658789838917
5.0,5.0,7.826429358167309
9.0,12.0,4.357116715115591
3.0,6.0,1.1529067537186222
18.0,29.0,3.258802309129398
15.0,21.0,1.1460043360192087
13.0,22.0,0.7278158912927513
15.0,22.0,1.240165390116423
21.0,35.0,1.3933550219995439
50.0,79.0,2.22652659306503
57.0,81.0,2.060974690374382
20.0,26.0,0.42365658789838917
4.0,5.0,7.826429358167309
10.0,12.0,4.357116715115591
5.0,6.0,1.1529067537186222
26.0,29.0,3.258802309129398
16.0,21.0,1.1460043360192087
18.0,22.0,0.7278158912927513
18.0,22.0,1.240165390116423
30.0,35.0,1.3933550219995439
62.0,79.0,2.22652659306503
65.0,81.0,2.060974690374382
20.0,26.0,0.42365658789838917
4.0,5.0,7.826429358167309
8.0,12.0,4.357116715115591
5.0,6.0,1.1529067537186222
26.0,29.0,3.258802309129398
20.0,21.0,1.1460043360192087
17.0,22.0,0.7278158912927513
17.0,22.0,1.240165390116423
30.0,35.0,1.3933550219995439
75.0,79.0,2.22652659306503
73.0,81.0,2.060974690374382
23.0,26.0,0.42365658789838917
1.0,4.0,8.123416157920262
2.0,5.0,2.4313497905812556
2.0,30.0,6.441413398558003
2.0,53.0,4.162118613315952
4.0,62.0,2.3551220635018333
4.0,25.0,0.6086723728637233
1.0,17.0,0.37479332695158984
7.0,71.0,1.646356776507766
8.0,45.0,1.0887143984991874
4.0,54.0,1.1524025848518518
6.0,43.0,0.8809819646695586
2.0,4.0,8.123416157920262
2.0,5.0,2.4313497905812556
8.0,30.0,6.441413398558003
13.0,53.0,4.162118613315952
10.0,62.0,2.3551220635018333
6.0,25.0,0.6086723728637233
3.0,17.0,0.37479332695158984
14.0,71.0,1.646356776507766
12.0,45.0,1.0887143984991874
8.0,54.0,1.1524025848518518
9.0,43.0,0.8809819646695586
3.0,4.0,8.123416157920262
0.0,5.0,2.4313497905812556
6.0,30.0,6.441413398558003
18.0,53.0,4.162118613315952
24.0,62.0,2.3551220635018333
9.0,25.0,0.6086723728637233
5.0,17.0,0.37479332695158984
21.0,71.0,1.646356776507766
16.0,45.0,1.0887143984991874
15.0,54.0,1.1524025848518518
16.0,43.0,0.8809819646695586
3.0,4.0,8.123416157920262
2.0,5.0,2.4313497905812556
12.0,30.0,6.441413398558003
20.0,53.0,4.162118613315952
24.0,62.0,2.3551220635018333
3.0,25.0,0.6086723728637233
10.0,17.0,0.37479332695158984
29.0,71.0,1.646356776507766
20.0,45.0,1.0887143984991874
21.0,54.0,1.1524025848518518
15.0,43.0,0.8809819646695586
3.0,4.0,8.123416157920262
4.0,5.0,2.4313497905812556
11.0,30.0,6.441413398558003
25.0,53.0,4.162118613315952
40.0,62.0,2.3551220635018333
15.0,25.0,0.6086723728637233
5.0,17.0,0.37479332695158984
42.0,71.0,1.646356776507766
23.0,45.0,1.0887143984991874
33.0,54.0,1.1524025848518518
23.0,43.0,0.8809819646695586
3.0,4.0,8.123416157920262
2.0,5.0,2.4313497905812556
17.0,30.0,6.441413398558003
26.0,53.0,4.162118613315952
41.0,62.0,2.3551220635018333
17.0,25.0,0.6086723728637233
12.0,17.0,0.37479332695158984
40.0,71.0,1.646356776507766
27.0,45.0,1.0887143984991874
29.0,54.0,1.1524025848518518
21.0,43.0,0.8809819646695586
3.0,4.0,8.123416157920262
4.0,5.0,2.4313497905812556
19.0,30.0,6.441413398558003
38.0,53.0,4.162118613315952
42.0,62.0,2.3551220635018333
17.0,25.0,0.6086723728637233
12.0,17.0,0.37479332695158984
46.0,71.0,1.646356776507766
30.0,45.0,1.0887143984991874
39.0,54.0,1.1524025848518518
37.0,43.0,0.8809819646695586
4.0,4.0,8.123416157920262
5.0,5.0,2.4313497905812556
27.0,30.0,6.441413398558003
35.0,53.0,4.162118613315952
47.0,62.0,2.3551220635018333
22.0,25.0,0.6086723728637233
14.0,17.0,0.37479332695158984
57.0,71.0,1.646356776507766
31.0,45.0,1.0887143984991874
46.0,54.0,1.1524025848518518
36.0,43.0,0.8809819646695586
4.0,4.0,8.123416157920262
5.0,5.0,2.4313497905812556
26.0,30.0,6.441413398558003
48.0,53.0,4.162118613315952
54.0,62.0,2.3551220635018333
22.0,25.0,0.6086723728637233
17.0,17.0,0.37479332695158984
66.0,71.0,1.646356776507766
41.0,45.0,1.0887143984991874
50.0,54.0,1.1524025848518518
36.0,43.0,0.8809819646695586
2.0,7.0,2.6667243415098842
1.0,25.0,5.295327237533786
1.0,23.0,1.9911394107761666
4.0,37.0,1.393390038119609
0.0,7.0,0.464652064890031
1.0,17.0,1.029054534656101
0.0,27.0,1.3287595839467015
0.0,3.0,0.14724777973124714
2.0,15.0,0.7119124128797184
4.0,65.0,3.6722296156303504
0.0,23.0,0.6427209588861077
2.0,7.0,2.6667243415098842
4.0,25.0,5.295327237533786
9.0,23.0,1.9911394107761666
7.0,37.0,1.393390038119609
1.0,7.0,0.464652064890031
2.0,17.0,1.029054534656101
7.0,27.0,1.3287595839467015
1.0,3.0,0.14724777973124714
3.0,15.0,0.7119124128797184
14.0,65.0,3.6722296156303504
3.0,23.0,0.6427209588861077
2.0,7.0,2.6667243415098842
8.0,25.0,5.295327237533786
9.0,23.0,1.9911394107761666
7.0,37.0,1.393390038119609
2.0,7.0,0.464652064890031
3.0,17.0,1.029054534656101
6.0,27.0,1.3287595839467015
1.0,3.0,0.14724777973124714
6.0,15.0,0.7119124128797184
17.0,65.0,3.6722296156303504
4.0,23.0,0.6427209588861077
5.0,7.0,2.6667243415098842
7.0,25.0,5.295327237533786
5.0,23.0,1.9911394107761666
13.0,37.0,1.393390038119609
1.0,7.0,0.464652064890031
5.0,17.0,1.029054534656101
6.0,27.0,1.3287595839467015
2.0,3.0,0.14724777973124714
4.0,15.0,0.7119124128797184
30.0,65.0,3.6722296156303504
9.0,23.0,0.6427209588861077
1.0,7.0,2.6667243415098842
11.0,25.0,5.295327237533786
10.0,23.0,1.9911394107761666
20.0,37.0,1.393390038119609
4.0,7.0,0.464652064890031
6.0,17.0,1.029054534656101
17.0,27.0,1.3287595839467015
1.0,3.0,0.14724777973124714
7.0,15.0,0.7119124128797184
38.0,65.0,3.6722296156303504
11.0,23.0,0.6427209588861077
3.0,7.0,2.6667243415098842
16.0,25.0,5.295327237533786
11.0,23.0,1.9911394107761666
24.0,37.0,1.393390038119609
5.0,7.0,0.464652064890031
9.0,17.0,1.029054534656101
19.0,27.0,1.3287595839467015
1.0,3.0,0.14724777973124714
10.0,15.0,0.7119124128797184
40.0,65.0,3.6722296156303504
14.0,23.0,0.6427209588861077
6.0,7.0,2.6667243415098842
14.0,25.0,5.295327237533786
16.0,23.0,1.9911394107761666
22.0,37.0,1.393390038119609
6.0,7.0,0.464652064890031
15.0,17.0,1.029054534656101
19.0,27.0,1.3287595839467015
2.0,3.0,0.14724777973124714
11.0,15.0,0.7119124128797184
43.0,65.0,3.6722296156303504
18.0,23.0,0.6427209588861077
4.0,7.0,2.6667243415098842
20.0,25.0,5.295327237533786
19.0,23.0,1.9911394107761666
28.0,37.0,1.393390038119609
6.0,7.0,0.464652064890031
12.0,17.0,1.029054534656101
21.0,27.0,1.3287595839467015
3.0,3.0,0.14724777973124714
11.0,15.0,0.7119124128797184
56.0,65.0,3.6722296156303504
18.0,23.0,0.6427209588861077
6.0,7.0,2.6667243415098842
23.0,25.0,5.295327237533786
17.0,23.0,1.9911394107761666
34.0,37.0,1.393390038119609
7.0,7.0,0.464652064890031
16.0,17.0,1.029054534656101
25.0,27.0,1.3287595839467015
3.0,3.0,0.14724777973124714
12.0,15.0,0.7119124128797184
54.0,65.0,3.6722296156303504
22.0,23.0,0.6427209588861077
1.0,5.0,7.191190126978453
0.0,5.0,2.7865430282710757
2.0,17.0,5.542008380356103
0.0,9.0,1.4674668677428218
5.0,35.0,2.81524581254472
6.0,29.0,1.2685063484225154
1.0,14.0,0.6979546180186417
1.0,32.0,1.3097380378435368
5.0,40.0,1.379987544218613
2.0,34.0,0.7558274270340103
5.0,50.0,1.434956605529845
1.0,5.0,7.191190126978453
0.0,5.0,2.7865430282710757
3.0,17.0,5.542008380356103
4.0,9.0,1.4674668677428218
11.0,35.0,2.81524581254472
9.0,29.0,1.2685063484225154
1.0,14.0,0.6979546180186417
6.0,32.0,1.3097380378435368
4.0,40.0,1.379987544218613
7.0,34.0,0.7558274270340103
9.0,50.0,1.434956605529845
1.0,5.0,7.191190126978453
0.0,5.0,2.7865430282710757
3.0,17.0,5.542008380356103
3.0,9.0,1.4674668677428218
9.0,35.0,2.81524581254472
7.0,29.0,1.2685063484225154
7.0,14.0,0.6979546180186417
6.0,32.0,1.3097380378435368
9.0,40.0,1.379987544218613
10.0,34.0,0.7558274270340103
16.0,50.0,1.434956605529845
1.0,5.0,7.191190126978453
1.0,5.0,2.7865430282710757
8.0,17.0,5.542008380356103
4.0,9.0,1.4674668677428218
19.0,35.0,2.81524581254472
12.0,29.0,1.2685063484225154
5.0,14.0,0.6979546180186417
16.0,32.0,1.3097380378435368
16.0,40.0,1.379987544218613
12.0,34.0,0.7558274270340103
23.0,50.0,1.434956605529845
3.0,5.0,7.191190126978453
5.0,5.0,2.7865430282710757
7.0,17.0,5.542008380356103
5.0,9.0,1.4674668677428218
16.0,35.0,2.81524581254472
19.0,29.0,1.2685063484225154
9.0,14.0,0.6979546180186417
14.0,32.0,1.3097380378435368
16.0,40.0,1.379987544218613
19.0,34.0,0.7558274270340103
29.0,50.0,1.434956605529845
5.0,5.0,7.191190126978453
4.0,5.0,2.7865430282710757
8.0,17.0,5.542008380356103
6.0,9.0,1.4674668677428218
25.0,35.0,2.81524581254472
18.0,29.0,1.2685063484225154
8.0,14.0,0.6979546180186417
19.0,32.0,1.3097380378435368
22.0,40.0,1.379987544218613
27.0,34.0,0.7558274270340103
30.0,50.0,1.434956605529845
5.0,5.0,7.191190126978453
3.0,5.0,2.7865430282710757
13.0,17.0,5.542008380356103
6.0,9.0,1.4674668677428218
28.0,35.0,2.81524581254472
17.0,29.0,1.2685063484225154
9.0,14.0,0.6979546180186417
21.0,32.0,1.3097380378435368
34.0,40.0,1.379987544218613
24.0,34.0,0.7558274270340103
32.0,50.0,1.434956605529845
4.0,5.0,7.191190126978453
4.0,5.0,2.7865430282710757
14.0,17.0,5.542008380356103
8.0,9.0,1.4674668677428218
32.0,35.0,2.81524581254472
25.0,29.0,1.2685063484225154
14.0,14.0,0.6979546180186417
28.0,32.0,1.3097380378435368
30.0,40.0,1.379987544218613
28.0,34.0,0.7558274270340103
40.0,50.0,1.434956605529845
4.0,5.0,7.191190126978453
4.0,5.0,2.7865430282710757
13.0,17.0,5.542008380356103
8.0,9.0,1.4674668677428218
33.0,35.0,2.81524581254472
25.0,29.0,1.2685063484225154
14.0,14.0,0.6979546180186417
31.0,32.0,1.3097380378435368
37.0,40.0,1.379987544218613
30.0,34.0,0.7558274270340103
46.0,50.0,1.434956605529845
1.0,5.0,7.459542883672153
1.0,13.0,9.876344666161842
0.0,4.0,0.848687067911855
1.0,10.0,2.0213934754982805
0.0,7.0,0.9000550338197163
1.0,15.0,1.2513435170621567
3.0,34.0,2.855387982291264
1.0,20.0,1.2319184210154321
3.0,29.0,1.4212055673776347
13.0,100.0,3.814035210231305
1.0,15.0,0.26488275908270564
2.0,5.0,7.459542883672153
0.0,13.0,9.876344666161842
2.0,4.0,0.848687067911855
5.0,10.0,2.0213934754982805
1.0,7.0,0.9000550338197163
2.0,15.0,1.2513435170621567
8.0,34.0,2.855387982291264
1.0,20.0,1.2319184210154321
6.0,29.0,1.4212055673776347
21.0,100.0,3.814035210231305
4.0,15.0,0.26488275908270564
1.0,5.0,7.459542883672153
2.0,13.0,9.876344666161842
1.0,4.0,0.848687067911855
4.0,10.0,2.0213934754982805
1.0,7.0,0.9000550338197163
4.0,15.0,1.2513435170621567
5.0,34.0,2.855387982291264
3.0,20.0,1.2319184210154321
8.0,29.0,1.4212055673776347
28.0,100.0,3.814035210231305
4.0,15.0,0.26488275908270564
3.0,5.0,7.459542883672153
5.0,13.0,9.876344666161842
1.0,4.0,0.848687067911855
5.0,10.0,2.0213934754982805
3.0,7.0,0.9000550338197163
7.0,15.0,1.2513435170621567
17.0,34.0,2.855387982291264
5.0,20.0,1.2319184210154321
12.0,29.0,1.4212055673776347
44.0,100.0,3.814035210231305
7.0,15.0,0.26488275908270564
1.0,5.0,7.459542883672153
9.0,13.0,9.876344666161842
2.0,4.0,0.848687067911855
3.0,10.0,2.0213934754982805
3.0,7.0,0.9000550338197163
5.0,15.0,1.2513435170621567
23.0,34.0,2.855387982291264
9.0,20.0,1.2319184210154321
13.0,29.0,1.4212055673776347
50.0,100.0,3.814035210231305
6.0,15.0,0.26488275908270564
3.0,5.0,7.459542883672153
6.0,13.0,9.876344666161842
3.0,4.0,0.848687067911855
6.0,10.0,2.0213934754982805
4.0,7.0,0.9000550338197163
10.0,15.0,1.2513435170621567
15.0,34.0,2.855387982291264
14.0,20.0,1.2319184210154321
16.0,29.0,1.4212055673776347
70.0,100.0,3.814035210231305
8.0,15.0,0.26488275908270564
4.0,5.0,7.459542883672153
10.0,13.0,9.876344666161842
2.0,4.0,0.848687067911855
10.0,10.0,2.0213934754982805
5.0,7.0,0.9000550338197163
10.0,15.0,1.2513435170621567
21.0,34.0,2.855387982291264
17.0,20.0,1.2319184210154321
18.0,29.0,1.4212055673776347
72.0,100.0,3.814035210231305
9.0,15.0,0.26488275908270564
5.0,5.0,7.459542883672153
9.0,13.0,9.876344666161842
2.0,4.0,0.848687067911855
8.0,10.0,2.0213934754982805
7.0,7.0,0.9000550338197163
11.0,15.0,1.2513435170621567
28.0,34.0,2.855387982291264
13.0,20.0,1.2319184210154321
24.0,29.0,1.4212055673776347
78.0,100.0,3.814035210231305
13.0,15.0,0.26488275908270564
5.0,5.0,7.459542883672153
11.0,13.0,9.876344666161842
4.0,4.0,0.848687067911855
8.0,10.0,2.0213934754982805
7.0,7.0,0.9000550338197163
14.0,15.0,1.2513435170621567
34.0,34.0,2.855387982291264
17.0,20.0,1.2319184210154321
26.0,29.0,1.4212055673776347
93.0,100.0,3.814035210231305
15.0,15.0,0.26488275908270564
1.0,6.0,8.560123318371206
0.0,5.0,2.0111519487716474
1.0,5.0,0.9952789277198243
6.0,54.0,7.750732048068219
9.0,106.0,4.850080701096477
13.0,96.0,1.7794168403273276
1.0,11.0,0.14996052197836843
1.0,24.0,0.41726782329188533
0.0,4.0,0.08919100988299598
2.0,18.0,0.7689940416454087
5.0,26.0,1.28481116491321
2.0,6.0,8.560123318371206
1.0,5.0,2.0111519487716474
1.0,5.0,0.9952789277198243
11.0,54.0,7.750732048068219
21.0,106.0,4.850080701096477
18.0,96.0,1.7794168403273276
1.0,11.0,0.14996052197836843
6.0,24.0,0.41726782329188533
2.0,4.0,0.08919100988299598
2.0,18.0,0.7689940416454087
2.0,26.0,1.28481116491321
3.0,6.0,8.560123318371206
2.0,5.0,2.0111519487716474
0.0,5.0,0.9952789277198243
16.0,54.0,7.750732048068219
35.0,106.0,4.850080701096477
28.0,96.0,1.7794168403273276
3.0,11.0,0.14996052197836843
4.0,24.0,0.41726782329188533
1.0,4.0,0.08919100988299598
8.0,18.0,0.7689940416454087
8.0,26.0,1.28481116491321
2.0,6.0,8.560123318371206
2.0,5.0,2.0111519487716474
4.0,5.0,0.9952789277198243
23.0,54.0,7.750732048068219
49.0,106.0,4.850080701096477
36.0,96.0,1.7794168403273276
5.0,11.0,0.14996052197836843
4.0,24.0,0.41726782329188533
3.0,4.0,0.08919100988299598
9.0,18.0,0.7689940416454087
13.0,26.0,1.28481116491321
6.0,6.0,8.560123318371206
3.0,5.0,2.0111519487716474
4.0,5.0,0.9952789277198243
26.0,54.0,7.750732048068219
57.0,106.0,4.850080701096477
47.0,96.0,1.7794168403273276
5.0,11.0,0.14996052197836843
11.0,24.0,0.41726782329188533
2.0,4.0,0.08919100988299598
10.0,18.0,0.7689940416454087
17.0,26.0,1.28481116491321
3.0,6.0,8.560123318371206
3.0,5.0,2.0111519487716474
3.0,5.0,0.9952789277198243
34.0,54.0,7.750732048068219
66.0,106.0,4.850080701096477
51.0,96.0,1.7794168403273276
6.0,11.0,0.14996052197836843
18.0,24.0,0.41726782329188533
3.0,4.0,0.08919100988299598
12.0,18.0,0.7689940416454087
21.0,26.0,1.28481116491321
5.0,6.0,8.560123318371206
4.0,5.0,2.0111519487716474
4.0,5.0,0.9952789277198243
42.0,54.0,7.750732048068219
79.0,106.0,4.850080701096477
75.0,96.0,1.7794168403273276
8.0,11.0,0.14996052197836843
16.0,24.0,0.41726782329188533
4.0,4.0,0.08919100988299598
13.0,18.0,0.7689940416454087
19.0,26.0,1.28481116491321
6.0,6.0,8.560123318371206
5.0,5.0,2.0111519487716474
1.0,5.0,0.9952789277198243
42.0,54.0,7.750732048068219
77.0,106.0,4.850080701096477
77.0,96.0,1.7794168403273276
7.0,11.0,0.14996052197836843
18.0,24.0,0.41726782329188533
3.0,4.0,0.08919100988299598
13.0,18.0,0.7689940416454087
20.0,26.0,1.28481116491321
6.0,6.0,8.560123318371206
4.0,5.0,2.0111519487716474
5.0,5.0,0.9952789277198243
50.0,54.0,7.750732048068219
93.0,106.0,4.850080701096477
86.0,96.0,1.7794168403273276
11.0,11.0,0.14996052197836843
19.0,24.0,0.41726782329188533
4.0,4.0,0.08919100988299598
17.0,18.0,0.7689940416454087
26.0,26.0,1.28481116491321
1.0,6.0,2.633811637895922
0.0,4.0,0.9983113146801721
1.0,14.0,3.3744556476713345
1.0,6.0,1.077837053521805
9.0,80.0,7.710627148530339
0.0,8.0,0.25199356094223013
3.0,27.0,0.8690935740297882
2.0,37.0,1.43815018956593
2.0,16.0,0.5440629284422736
15.0,88.0,2.92616464689751
2.0,6.0,0.2226176905809097
1.0,6.0,2.633811637895922
0.0,4.0,0.9983113146801721
4.0,14.0,3.3744556476713345
2.0,6.0,1.077837053521805
18.0,80.0,7.710627148530339
1.0,8.0,0.25199356094223013
4.0,27.0,0.8690935740297882
5.0,37.0,1.43815018956593
4.0,16.0,0.5440629284422736
14.0,88.0,2.92616464689751
3.0,6.0,0.2226176905809097
5.0,6.0,2.633811637895922
2.0,4.0,0.9983113146801721
7.0,14.0,3.3744556476713345
1.0,6.0,1.077837053521805
21.0,80.0,7.710627148530339
1.0,8.0,0.25199356094223013
9.0,27.0,0.8690935740297882
9.0,37.0,1.43815018956593
4.0,16.0,0.5440629284422736
22.0,88.0,2.92616464689751
0.0,6.0,0.2226176905809097
3.0,6.0,2.633811637895922
1.0,4.0,0.9983113146801721
6.0,14.0,3.3744556476713345
1.0,6.0,1.077837053521805
25.0,80.0,7.710627148530339
3.0,8.0,0.25199356094223013
12.0,27.0,0.8690935740297882
15.0,37.0,1.43815018956593
7.0,16.0,0.5440629284422736
36.0,88.0,2.92616464689751
3.0,6.0,0.2226176905809097
3.0,6.0,2.633811637895922
2.0,4.0,0.9983113146801721
6.0,14.0,3.3744556476713345
3.0,6.0,1.077837053521805
42.0,80.0,7.710627148530339
5.0,8.0,0.25199356094223013
15.0,27.0,0.8690935740297882
27.0,37.0,1.43815018956593
6.0,16.0,0.5440629284422736
45.0,88.0,2.92616464689751
2.0,6.0,0.2226176905809097
3.0,6.0,2.633811637895922
1.0,4.0,0.9983113146801721
10.0,14.0,3.3744556476713345
4.0,6.0,1.077837053521805
57.0,80.0,7.710627148530339
4.0,8.0,0.25199356094223013
14.0,27.0,0.8690935740297882
17.0,37.0,1.43815018956593
11.0,16.0,0.5440629284422736
46.0,88.0,2.92616464689751
5.0,6.0,0.2226176905809097
4.0,6.0,2.633811637895922
2.0,4.0,0.9983113146801721
12.0,14.0,3.3744556476713345
6.0,6.0,1.077837053521805
62.0,80.0,7.710627148530339
5.0,8.0,0.25199356094223013
19.0,27.0,0.8690935740297882
30.0,37.0,1.43815018956593
15.0,16.0,0.5440629284422736
61.0,88.0,2.92616464689751
3.0,6.0,0.2226176905809097
5.0,6.0,2.633811637895922
4.0,4.0,0.9983113146801721
11.0,14.0,3.3744556476713345
4.0,6.0,1.077837053521805
71.0,80.0,7.710627148530339
7.0,8.0,0.25199356094223013
19.0,27.0,0.8690935740297882
32.0,37.0,1.43815018956593
14.0,16.0,0.5440629284422736
69.0,88.0,2.92616464689751
2.0,6.0,0.2226176905809097
5.0,6.0,2.633811637895922
3.0,4.0,0.9983113146801721
14.0,14.0,3.3744556476713345
6.0,6.0,1.077837053521805
73.0,80.0,7.710627148530339
6.0,8.0,0.25199356094223013
23.0,27.0,0.8690935740297882
36.0,37.0,1.43815018956593
13.0,16.0,0.5440629284422736
80.0,88.0,2.92616464689751
6.0,6.0,0.2226176905809097
1.0,4.0,8.336491994810052
0.0,4.0,1.4772556068564002
1.0,16.0,3.8899862593701022
0.0,4.0,0.8118726941596174
6.0,36.0,2.9934934879895434
1.0,14.0,0.805973629877517
1.0,4.0,0.3005891236792734
9.0,34.0,2.4901339679291112
2.0,20.0,0.8691945632502944
4.0,54.0,3.500499885261564
2.0,15.0,0.3825652500045282
2.0,4.0,8.336491994810052
1.0,4.0,1.4772556068564002
3.0,16.0,3.8899862593701022
0.0,4.0,0.8118726941596174
5.0,36.0,2.9934934879895434
6.0,14.0,0.805973629877517
2.0,4.0,0.3005891236792734
2.0,34.0,2.4901339679291112
4.0,20.0,0.8691945632502944
14.0,54.0,3.500499885261564
5.0,15.0,0.3825652500045282
2.0,4.0,8.336491994810052
1.0,4.0,1.4772556068564002
6.0,16.0,3.8899862593701022
4.0,4.0,0.8118726941596174
8.0,36.0,2.9934934879895434
5.0,14.0,0.805973629877517
1.0,4.0,0.3005891236792734
12.0,34.0,2.4901339679291112
5.0,20.0,0.8691945632502944
17.0,54.0,3.500499885261564
4.0,15.0,0.3825652500045282
2.0,4.0,8.336491994810052
2.0,4.0,1.4772556068564002
5.0,16.0,3.8899862593701022
1.0,4.0,0.8118726941596174
14.0,36.0,2.9934934879895434
8.0,14.0,0.805973629877517
0.0,4.0,0.3005891236792734
12.0,34.0,2.4901339679291112
8.0,20.0,0.8691945632502944
19.0,54.0,3.500499885261564
8.0,15.0,0.3825652500045282
1.0,4.0,8.336491994810052
2.0,4.0,1.4772556068564002
8.0,16.0,3.8899862593701022
1.0,4.0,0.8118726941596174
19.0,36.0,2.9934934879895434
6.0,14.0,0.805973629877517
1.0,4.0,0.3005891236792734
19.0,34.0,2.4901339679291112
7.0,20.0,0.8691945632502944
22.0,54.0,3.500499885261564
8.0,15.0,0.3825652500045282
1.0,4.0,8.336491994810052
2.0,4.0,1.4772556068564002
8.0,16.0,3.8899862593701022
3.0,4.0,0.8118726941596174
22.0,36.0,2.9934934879895434
6.0,14.0,0.805973629877517
3.0,4.0,0.3005891236792734
20.0,34.0,2.4901339679291112
10.0,20.0,0.8691945632502944
27.0,54.0,3.500499885261564
7.0,15.0,0.3825652500045282
2.0,4.0,8.336491994810052
1.0,4.0,1.4772556068564002
12.0,16.0,3.8899862593701022
2.0,4.0,0.8118726941596174
28.0,36.0,2.9934934879895434
9.0,14.0,0.805973629877517
2.0,4.0,0.3005891236792734
21.0,34.0,2.4901339679291112
14.0,20.0,0.8691945632502944
39.0,54.0,3.500499885261564
10.0,15.0,0.3825652500045282
3.0,4.0,8.336491994810052
4.0,4.0,1.4772556068564002
12.0,16.0,3.8899862593701022
4.0,4.0,0.8118726941596174
29.0,36.0,2.9934934879895434
11.0,14.0,0.805973629877517
4.0,4.0,0.3005891236792734
26.0,34.0,2.4901339679291112
16.0,20.0,0.8691945632502944
44.0,54.0,3.500499885261564
13.0,15.0,0.3825652500045282
4.0,4.0,8.336491994810052
3.0,4.0,1.4772556068564002
16.0,16.0,3.8899862593701022
4.0,4.0,0.8118726941596174
32.0,36.0,2.9934934879895434
9.0,14.0,0.805973629877517
3.0,4.0,0.3005891236792734
28.0,34.0,2.4901339679291112
18.0,20.0,0.8691945632502944
48.0,54.0,3.500499885261564
15.0,15.0,0.3825652500045282
2.0,13.0,9.503272627937676
2.0,14.0,3.149742206499454
2.0,32.0,2.708175956057428
4.0,23.0,1.6494664228679035
7.0,38.0,1.7366668247512187
2.0,28.0,0.9229867122936544
1.0,9.0,0.2896042449121955
2.0,47.0,2.12302896392859
5.0,40.0,1.3751345075873245
4.0,55.0,1.1342713261987487
2.0,16.0,0.5401828168371119
3.0,13.0,9.503272627937676
1.0,14.0,3.149742206499454
6.0,32.0,2.708175956057428
3.0,23.0,1.6494664228679035
7.0,38.0,1.7366668247512187
6.0,28.0,0.9229867122936544
2.0,9.0,0.2896042449121955
11.0,47.0,2.12302896392859
4.0,40.0,1.3751345075873245
8.0,55.0,1.1342713261987487
1.0,16.0,0.5401828168371119
5.0,13.0,9.503272627937676
6.0,14.0,3.149742206499454
13.0,32.0,2.708175956057428
6.0,23.0,1.6494664228679035
10.0,38.0,1.7366668247512187
6.0,28.0,0.9229867122936544
3.0,9.0,0.2896042449121955
17.0,47.0,2.12302896392859
12.0,40.0,1.3751345075873245
21.0,55.0,1.1342713261987487
3.0,16.0,0.5401828168371119
4.0,13.0,9.503272627937676
3.0,14.0,3.149742206499454
19.0,32.0,2.708175956057428
10.0,23.0,1.6494664228679035
16.0,38.0,1.7366668247512187
11.0,28.0,0.9229867122936544
3.0,9.0,0.2896042449121955
12.0,47.0,2.12302896392859
13.0,40.0,1.3751345075873245
21.0,55.0,1.1342713261987487
6.0,16.0,0.5401828168371119
8.0,13.0,9.503272627937676
5.0,14.0,3.149742206499454
19.0,32.0,2.708175956057428
13.0,23.0,1.6494664228679035
23.0,38.0,1.7366668247512187
19.0,28.0,0.9229867122936544
5.0,9.0,0.2896042449121955
30.0,47.0,2.12302896392859
24.0,40.0,1.3751345075873245
21.0,55.0,1.1342713261987487
8.0,16.0,0.5401828168371119
8.0,13.0,9.503272627937676
9.0,14.0,3.149742206499454
15.0,32.0,2.708175956057428
7.0,23.0,1.6494664228679035
19.0,38.0,1.7366668247512187
18.0,28.0,0.9229867122936544
5.0,9.0,0.2896042449121955
28.0,47.0,2.12302896392859
25.0,40.0,1.3751345075873245
33.0,55.0,1.1342713261987487
9.0,16.0,0.5401828168371119
10.0,13.0,9.503272627937676
12.0,14.0,3.149742206499454
20.0,32.0,2.708175956057428
15.0,23.0,1.6494664228679035
17.0,38.0,1.7366668247512187
21.0,28.0,0.9229867122936544
3.0,9.0,0.2896042449121955
35.0,47.0,2.12302896392859
30.0,40.0,1.3751345075873245
33.0,55.0,1.1342713261987487
9.0,16.0,0.5401828168371119
9.0,13.0,9.503272627937676
12.0,14.0,3.149742206499454
22.0,32.0,2.708175956057428
21.0,23.0,1.6494664228679035
33.0,38.0,1.7366668247512187
20.0,28.0,0.9229867122936544
7.0,9.0,0.2896042449121955
36.0,47.0,2.12302896392859
34.0,40.0,1.3751345075873245
48.0,55.0,1.1342713261987487
12.0,16.0,0.5401828168371119
10.0,13.0,9.503272627937676
9.0,14.0,3.149742206499454
29.0,32.0,2.708175956057428
19.0,23.0,1.6494664228679035
36.0,38.0,1.7366668247512187
26.0,28.0,0.9229867122936544
8.0,9.0,0.2896042449121955
42.0,47.0,2.12302896392859
36.0,40.0,1.3751345075873245
50.0,55.0,1.1342713261987487
13.0,16.0,0.5401828168371119
1.0,3.0,5.1837705002825
1.0,4.0,2.672237757559442
0.0,7.0,1.2987627809961915
2.0,19.0,3.6091580576836515
5.0,42.0,4.026913346341949
3.0,40.0,1.9576474797002585
4.0,41.0,1.3889063753849566
6.0,72.0,1.473558624122486
2.0,23.0,0.41111269379943743
6.0,70.0,1.4833088472772975
4.0,23.0,0.6378806709184114
1.0,3.0,5.1837705002825
1.0,4.0,2.672237757559442
0.0,7.0,1.2987627809961915
3.0,19.0,3.6091580576836515
6.0,42.0,4.026913346341949
9.0,40.0,1.9576474797002585
8.0,41.0,1.3889063753849566
17.0,72.0,1.473558624122486
6.0,23.0,0.41111269379943743
14.0,70.0,1.4833088472772975
5.0,23.0,0.6378806709184114
2.0,3.0,5.1837705002825
3.0,4.0,2.672237757559442
0.0,7.0,1.2987627809961915
4.0,19.0,3.6091580576836515
20.0,42.0,4.026913346341949
9.0,40.0,1.9576474797002585
4.0,41.0,1.3889063753849566
19.0,72.0,1.473558624122486
11.0,23.0,0.41111269379943743
23.0,70.0,1.4833088472772975
9.0,23.0,0.6378806709184114
3.0,3.0,5.1837705002825
2.0,4.0,2.672237757559442
2.0,7.0,1.2987627809961915
4.0,19.0,3.6091580576836515
15.0,42.0,4.026913346341949
17.0,40.0,1.9576474797002585
11.0,41.0,1.3889063753849566
21.0,72.0,1.473558624122486
6.0,23.0,0.41111269379943743
28.0,70.0,1.4833088472772975
13.0,23.0,0.6378806709184114
1.0,3.0,5.1837705002825
0.0,4.0,2.672237757559442
5.0,7.0,1.2987627809961915
13.0,19.0,3.6091580576836515
26.0,42.0,4.026913346341949
18.0,40.0,1.9576474797002585
23.0,41.0,1.3889063753849566
36.0,72.0,1.473558624122486
13.0,23.0,0.41111269379943743
33.0,70.0,1.4833088472772975
12.0,23.0,0.6378806709184114
1.0,3.0,5.1837705002825
3.0,4.0,2.672237757559442
5.0,7.0,1.2987627809961915
10.0,19.0,3.6091580576836515
19.0,42.0,4.026913346341949
23.0,40.0,1.9576474797002585
28.0,41.0,1.3889063753849566
42.0,72.0,1.473558624122486
10.0,23.0,0.41111269379943743
45.0,70.0,1.4833088472772975
13.0,23.0,0.6378806709184114
2.0,3.0,5.1837705002825
2.0,4.0,2.672237757559442
5.0,7.0,1.2987627809961915
13.0,19.0,3.6091580576836515
27.0,42.0,4.026913346341949
30.0,40.0,1.9576474797002585
28.0,41.0,1.3889063753849566
54.0,72.0,1.473558624122486
18.0,23.0,0.41111269379943743
49.0,70.0,1.4833088472772975
15.0,23.0,0.6378806709184114
2.0,3.0,5.1837705002825
4.0,4.0,2.672237757559442
6.0,7.0,1.2987627809961915
16.0,19.0,3.6091580576836515
30.0,42.0,4.026913346341949
33.0,40.0,1.9576474797002585
32.0,41.0,1.3889063753849566
57.0,72.0,1.473558624122486
17.0,23.0,0.41111269379943743
54.0,70.0,1.4833088472772975
17.0,23.0,0.6378806709184114
3.0,3.0,5.1837705002825
4.0,4.0,2.672237757559442
6.0,7.0,1.2987627809961915
17.0,19.0,3.6091580576836515
39.0,42.0,4.026913346341949
37.0,40.0,1.9576474797002585
38.0,41.0,1.3889063753849566
66.0,72.0,1.473558624122486
21.0,23.0,0.41111269379943743
59.0,70.0,1.4833088472772975
23.0,23.0,0.6378806709184114
1.0,6.0,14.554436156159253
0.0,10.0,4.342435769046443
1.0,14.0,2.7554651348804975
3.0,34.0,2.7936396599330235
1.0,22.0,1.0676568911655966
4.0,24.0,0.672315046003727
1.0,1.0,0.15891191291210952
2.0,20.0,1.1439852844870428
3.0,21.0,1.0477651790248386
10.0,74.0,3.9461391930651764
5.0,57.0,1.7759069752159091
1.0,6.0,14.554436156159253
4.0,10.0,4.342435769046443
2.0,14.0,2.7554651348804975
5.0,34.0,2.7936396599330235
4.0,22.0,1.0676568911655966
3.0,24.0,0.672315046003727
1.0,1.0,0.15891191291210952
3.0,20.0,1.1439852844870428
9.0,21.0,1.0477651790248386
12.0,74.0,3.9461391930651764
9.0,57.0,1.7759069752159091
1.0,6.0,14.554436156159253
5.0,10.0,4.342435769046443
6.0,14.0,2.7554651348804975
12.0,34.0,2.7936396599330235
4.0,22.0,1.0676568911655966
7.0,24.0,0.672315046003727
0.0,1.0,0.15891191291210952
9.0,20.0,1.1439852844870428
10.0,21.0,1.0477651790248386
23.0,74.0,3.9461391930651764
17.0,57.0,1.7759069752159091
3.0,6.0,14.554436156159253
5.0,10.0,4.342435769046443
5.0,14.0,2.7554651348804975
17.0,34.0,2.7936396599330235
12.0,22.0,1.0676568911655966
8.0,24.0,0.672315046003727
1.0,1.0,0.15891191291210952
10.0,20.0,1.1439852844870428
10.0,21.0,1.0477651790248386
30.0,74.0,3.9461391930651764
22.0,57.0,1.7759069752159091
3.0,6.0,14.554436156159253
6.0,10.0,4.342435769046443
7.0,14.0,2.7554651348804975
18.0,34.0,2.7936396599330235
11.0,22.0,1.0676568911655966
7.0,24.0,0.672315046003727
0.0,1.0,0.15891191291210952
10.0,20.0,1.1439852844870428
12.0,21.0,1.0477651790248386
34.0,74.0,3.9461391930651764
21.0,57.0,1.7759069752159091
4.0,6.0,14.554436156159253
5.0,10.0,4.342435769046443
8.0,14.0,2.7554651348804975
22.0,34.0,2.7936396599330235
13.0,22.0,1.0676568911655966
13.0,24.0,0.672315046003727
1.0,1.0,0.15891191291210952
13.0,20.0,1.1439852844870428
16.0,21.0,1.0477651790248386
47.0,74.0,3.9461391930651764
39.0,57.0,1.7759069752159091
6.0,6.0,14.554436156159253
7.0,10.0,4.342435769046443
9.0,14.0,2.7554651348804975
24.0,34.0,2.7936396599330235
17.0,22.0,1.0676568911655966
19.0,24.0,0.672315046003727
1.0,1.0,0.15891191291210952
12.0,20.0,1.1439852844870428
14.0,21.0,1.0477651790248386
57.0,74.0,3.9461391930651764
37.0,57.0,1.7759069752159091
6.0,6.0,14.554436156159253
7.0,10.0,4.342435769046443
11.0,14.0,2.7554651348804975
24.0,34.0,2.7936396599330235
16.0,22.0,1.0676568911655966
20.0,24.0,0.672315046003727
1.0,1.0,0.15891191291210952
17.0,20.0,1.1439852844870428
18.0,21.0,1.0477651790248386
63.0,74.0,3.9461391930651764
42.0,57.0,1.7759069752159091
6.0,6.0,14.554436156159253
9.0,10.0,4.342435769046443
12.0,14.0,2.7554651348804975
30.0,34.0,2.7936396599330235
20.0,22.0,1.0676568911655966
22.0,24.0,0.672315046003727
0.0,1.0,0.15891191291210952
17.0,20.0,1.1439852844870428
19.0,21.0,1.0477651790248386
69.0,74.0,3.9461391930651764
48.0,57.0,1.7759069752159091
1.0,2.0,4.848356934230796
0.0,3.0,4.5942234564688444
1.0,4.0,2.443009699006172
2.0,10.0,3.829519244701731
1.0,19.0,4.2670824225407955
2.0,12.0,1.1609829276915113
2.0,30.0,2.2634992441385426
11.0,63.0,2.673167959897918
0.0,25.0,1.0233679595626954
1.0,36.0,1.0088139837609889
1.0,14.0,0.47030706158096164
1.0,2.0,4.848356934230796
0.0,3.0,4.5942234564688444
1.0,4.0,2.443009699006172
1.0,10.0,3.829519244701731
3.0,19.0,4.2670824225407955
2.0,12.0,1.1609829276915113
5.0,30.0,2.2634992441385426
17.0,63.0,2.673167959897918
8.0,25.0,1.0233679595626954
7.0,36.0,1.0088139837609889
1.0,14.0,0.47030706158096164
1.0,2.0,4.848356934230796
2.0,3.0,4.5942234564688444
1.0,4.0,2.443009699006172
1.0,10.0,3.829519244701731
5.0,19.0,4.2670824225407955
2.0,12.0,1.1609829276915113
6.0,30.0,2.2634992441385426
19.0,63.0,2.673167959897918
5.0,25.0,1.0233679595626954
8.0,36.0,1.0088139837609889
6.0,14.0,0.47030706158096164
2.0,2.0,4.848356934230796
2.0,3.0,4.5942234564688444
3.0,4.0,2.443009699006172
5.0,10.0,3.829519244701731
3.0,19.0,4.2670824225407955
5.0,12.0,1.1609829276915113
13.0,30.0,2.2634992441385426
20.0,63.0,2.673167959897918
14.0,25.0,1.0233679595626954
17.0,36.0,1.0088139837609889
5.0,14.0,0.47030706158096164
1.0,2.0,4.848356934230796
1.0,3.0,4.5942234564688444
4.0,4.0,2.443009699006172
5.0,10.0,3.829519244701731
8.0,19.0,4.2670824225407955
8.0,12.0,1.1609829276915113
18.0,30.0,2.2634992441385426
29.0,63.0,2.673167959897918
14.0,25.0,1.0233679595626954
24.0,36.0,1.0088139837609889
8.0,14.0,0.47030706158096164
2.0,2.0,4.848356934230796
1.0,3.0,4.5942234564688444
1.0,4.0,2.443009699006172
5.0,10.0,3.829519244701731
10.0,19.0,4.2670824225407955
7.0,12.0,1.1609829276915113
16.0,30.0,2.2634992441385426
45.0,63.0,2.673167959897918
15.0,25.0,1.0233679595626954
23.0,36.0,1.0088139837609889
7.0,14.0,0.47030706158096164
1.0,2.0,4.848356934230796
3.0,3.0,4.5942234564688444
1.0,4.0,2.443009699006172
8.0,10.0,3.829519244701731
17.0,19.0,4.2670824225407955
9.0,12.0,1.1609829276915113
23.0,30.0,2.2634992441385426
44.0,63.0,2.673167959897918
17.0,25.0,1.0233679595626954
26.0,36.0,1.0088139837609889
12.0,14.0,0.47030706158096164
2.0,2.0,4.848356934230796
1.0,3.0,4.5942234564688444
3.0,4.0,2.443009699006172
8.0,10.0,3.829519244701731
16.0,19.0,4.2670824225407955
10.0,12.0,1.1609829276915113
25.0,30.0,2.2634992441385426
46.0,63.0,2.673167959897918
15.0,25.0,1.0233679595626954
30.0,36.0,1.0088139837609889
12.0,14.0,0.47030706158096164
2.0,2.0,4.848356934230796
3.0,3.0,4.5942234564688444
4.0,4.0,2.443009699006172
10.0,10.0,3.829519244701731
17.0,19.0,4.2670824225407955
11.0,12.0,1.1609829276915113
25.0,30.0,2.2634992441385426
59.0,63.0,2.673167959897918
23.0,25.0,1.0233679595626954
36.0,36.0,1.0088139837609889
10.0,14.0,0.47030706158096164
1.0,3.0,12.725311382251823
1.0,4.0,3.1900039603062056
2.0,18.0,5.281396087820796
0.0,7.0,1.1896376045886872
5.0,37.0,3.605833160851397
2.0,21.0,1.4072036785021869
5.0,43.0,2.095292807618918
5.0,32.0,1.0533266039977853
9.0,50.0,1.362498981335153
2.0,37.0,0.8597626777634398
1.0,12.0,0.37755423095577084
1.0,3.0,12.725311382251823
1.0,4.0,3.1900039603062056
3.0,18.0,5.281396087820796
3.0,7.0,1.1896376045886872
5.0,37.0,3.605833160851397
2.0,21.0,1.4072036785021869
11.0,43.0,2.095292807618918
5.0,32.0,1.0533266039977853
6.0,50.0,1.362498981335153
10.0,37.0,0.8597626777634398
2.0,12.0,0.37755423095577084
2.0,3.0,12.725311382251823
0.0,4.0,3.1900039603062056
5.0,18.0,5.281396087820796
4.0,7.0,1.1896376045886872
10.0,37.0,3.605833160851397
6.0,21.0,1.4072036785021869
24.0,43.0,2.095292807618918
14.0,32.0,1.0533266039977853
17.0,50.0,1.362498981335153
7.0,37.0,0.8597626777634398
5.0,12.0,0.37755423095577084
2.0,3.0,12.725311382251823
1.0,4.0,3.1900039603062056
6.0,18.0,5.281396087820796
3.0,7.0,1.1896376045886872
16.0,37.0,3.605833160851397
8.0,21.0,1.4072036785021869
14.0,43.0,2.095292807618918
13.0,32.0,1.0533266039977853
16.0,50.0,1.362498981335153
12.0,37.0,0.8597626777634398
5.0,12.0,0.37755423095577084
2.0,3.0,12.725311382251823
3.0,4.0,3.1900039603062056
9.0,18.0,5.281396087820796
3.0,7.0,1.1896376045886872
17.0,37.0,3.605833160851397
12.0,21.0,1.4072036785021869
22.0,43.0,2.095292807618918
14.0,32.0,1.0533266039977853
27.0,50.0,1.362498981335153
24.0,37.0,0.8597626777634398
3.0,12.0,0.37755423095577084
1.0,3.0,12.725311382251823
1.0,4.0,3.1900039603062056
14.0,18.0,5.281396087820796
7.0,7.0,1.1896376045886872
20.0,37.0,3.605833160851397
15.0,21.0,1.4072036785021869
27.0,43.0,2.095292807618918
21.0,32.0,1.0533266039977853
33.0,50.0,1.362498981335153
25.0,37.0,0.8597626777634398
9.0,12.0,0.37755423095577084
2.0,3.0,12.725311382251823
2.0,4.0,3.1900039603062056
14.0,18.0,5.281396087820796
5.0,7.0,1.1896376045886872
30.0,37.0,3.605833160851397
14.0,21.0,1.4072036785021869
29.0,43.0,2.095292807618918
27.0,32.0,1.0533266039977853
38.0,50.0,1.362498981335153
24.0,37.0,0.8597626777634398
11.0,12.0,0.37755423095577084
2.0,3.0,12.725311382251823
4.0,4.0,3.1900039603062056
11.0,18.0,5.281396087820796
6.0,7.0,1.1896376045886872
31.0,37.0,3.605833160851397
17.0,21.0,1.4072036785021869
35.0,43.0,2.095292807618918
27.0,32.0,1.0533266039977853
38.0,50.0,1.362498981335153
30.0,37.0,0.8597626777634398
11.0,12.0,0.37755423095577084
3.0,3.0,12.725311382251823
3.0,4.0,3.1900039603062056
18.0,18.0,5.281396087820796
6.0,7.0,1.1896376045886872
34.0,37.0,3.605833160851397
20.0,21.0,1.4072036785021869
37.0,43.0,2.095292807618918
30.0,32.0,1.0533266039977853
44.0,50.0,1.362498981335153
32.0,37.0,0.8597626777634398
11.0,12.0,0.37755423095577084
1.0,3.0,3.3066966406961495
1.0,11.0,6.48912245787446
1.0,18.0,3.670436418524895
1.0,15.0,1.6437896678013004
1.0,7.0,0.7492418715969439
2.0,17.0,1.1620870878182785
1.0,9.0,0.8968252785565272
9.0,73.0,5.633689968853518
0.0,4.0,0.27814959145091495
2.0,35.0,1.449876181497137
2.0,30.0,1.0735926203118864
1.0,3.0,3.3066966406961495
2.0,11.0,6.48912245787446
3.0,18.0,3.670436418524895
5.0,15.0,1.6437896678013004
1.0,7.0,0.7492418715969439
2.0,17.0,1.1620870878182785
4.0,9.0,0.8968252785565272
15.0,73.0,5.633689968853518
0.0,4.0,0.27814959145091495
5.0,35.0,1.449876181497137
8.0,30.0,1.0735926203118864
1.0,3.0,3.3066966406961495
3.0,11.0,6.48912245787446
6.0,18.0,3.670436418524895
3.0,15.0,1.6437896678013004
0.0,7.0,0.7492418715969439
6.0,17.0,1.1620870878182785
2.0,9.0,0.8968252785565272
25.0,73.0,5.633689968853518
1.0,4.0,0.27814959145091495
15.0,35.0,1.449876181497137
7.0,30.0,1.0735926203118864
3.0,3.0,3.3066966406961495
3.0,11.0,6.48912245787446
7.0,18.0,3.670436418524895
4.0,15.0,1.6437896678013004
3.0,7.0,0.7492418715969439
8.0,17.0,1.1620870878182785
4.0,9.0,0.8968252785565272
35.0,73.0,5.633689968853518
1.0,4.0,0.27814959145091495
16.0,35.0,1.449876181497137
10.0,30.0,1.0735926203118864
2.0,3.0,3.3066966406961495
7.0,11.0,6.48912245787446
11.0,18.0,3.670436418524895
7.0,15.0,1.6437896678013004
3.0,7.0,0.7492418715969439
9.0,17.0,1.1620870878182785
4.0,9.0,0.8968252785565272
30.0,73.0,5.633689968853518
3.0,4.0,0.27814959145091495
17.0,35.0,1.449876181497137
13.0,30.0,1.0735926203118864
3.0,3.0,3.3066966406961495
5.0,11.0,6.48912245787446
11.0,18.0,3.670436418524895
10.0,15.0,1.6437896678013004
4.0,7.0,0.7492418715969439
11.0,17.0,1.1620870878182785
7.0,9.0,0.8968252785565272
40.0,73.0,5.633689968853518
2.0,4.0,0.27814959145091495
20.0,35.0,1.449876181497137
17.0,30.0,1.0735926203118864
1.0,3.0,3.3066966406961495
10.0,11.0,6.48912245787446
15.0,18.0,3.670436418524895
9.0,15.0,1.6437896678013004
7.0,7.0,0.7492418715969439
9.0,17.0,1.1620870878182785
5.0,9.0,0.8968252785565272
54.0,73.0,5.633689968853518
2.0,4.0,0.27814959145091495
24.0,35.0,1.449876181497137
22.0,30.0,1.0735926203118864
3.0,3.0,3.3066966406961495
8.0,11.0,6.48912245787446
16.0,18.0,3.670436418524895
11.0,15.0,1.6437896678013004
7.0,7.0,0.7492418715969439
10.0,17.0,1.1620870878182785
8.0,9.0,0.8968252785565272
63.0,73.0,5.633689968853518
4.0,4.0,0.27814959145091495
28.0,35.0,1.449876181497137
26.0,30.0,1.0735926203118864
3.0,3.0,3.3066966406961495
9.0,11.0,6.48912245787446
18.0,18.0,3.670436418524895
15.0,15.0,1.6437896678013004
5.0,7.0,0.7492418715969439
15.0,17.0,1.1620870878182785
8.0,9.0,0.8968252785565272
68.0,73.0,5.633689968853518
4.0,4.0,0.27814959145091495
35.0,35.0,1.449876181497137
28.0,30.0,1.0735926203118864
1.0,3.0,2.2298064098602186
0.0,14.0,8.03864122010454
2.0,15.0,2.3464340879439054
0.0,4.0,0.9342476936328169
0.0,2.0,0.18272540050647207
6.0,25.0,4.28377793762659
1.0,15.0,1.1512981937756037
2.0,19.0,1.0674405860804101
2.0,21.0,1.583919957455196
1.0,8.0,0.4931922096076717
1.0,14.0,1.5335586201431646
1.0,3.0,2.2298064098602186
2.0,14.0,8.03864122010454
2.0,15.0,2.3464340879439054
1.0,4.0,0.9342476936328169
1.0,2.0,0.18272540050647207
2.0,25.0,4.28377793762659
4.0,15.0,1.1512981937756037
6.0,19.0,1.0674405860804101
7.0,21.0,1.583919957455196
3.0,8.0,0.4931922096076717
2.0,14.0,1.5335586201431646
2.0,3.0,2.2298064098602186
4.0,14.0,8.03864122010454
5.0,15.0,2.3464340879439054
1.0,4.0,0.9342476936328169
0.0,2.0,0.18272540050647207
4.0,25.0,4.28377793762659
4.0,15.0,1.1512981937756037
7.0,19.0,1.0674405860804101
5.0,21.0,1.583919957455196
1.0,8.0,0.4931922096076717
5.0,14.0,1.5335586201431646
2.0,3.0,2.2298064098602186
5.0,14.0,8.03864122010454
8.0,15.0,2.3464340879439054
1.0,4.0,0.9342476936328169
1.0,2.0,0.18272540050647207
10.0,25.0,4.28377793762659
5.0,15.0,1.1512981937756037
8.0,19.0,1.0674405860804101
9.0,21.0,1.583919957455196
1.0,8.0,0.4931922096076717
4.0,14.0,1.5335586201431646
1.0,3.0,2.2298064098602186
6.0,14.0,8.03864122010454
6.0,15.0,2.3464340879439054
3.0,4.0,0.9342476936328169
1.0,2.0,0.18272540050647207
13.0,25.0,4.28377793762659
6.0,15.0,1.1512981937756037
7.0,19.0,1.0674405860804101
10.0,21.0,1.583919957455196
2.0,8.0,0.4931922096076717
5.0,14.0,1.5335586201431646
1.0,3.0,2.2298064098602186
7.0,14.0,8.03864122010454
11.0,15.0,2.3464340879439054
4.0,4.0,0.9342476936328169
1.0,2.0,0.18272540050647207
18.0,25.0,4.28377793762659
8.0,15.0,1.1512981937756037
11.0,19.0,1.0674405860804101
10.0,21.0,1.583919957455196
6.0,8.0,0.4931922096076717
12.0,14.0,1.5335586201431646
2.0,3.0,2.2298064098602186
9.0,14.0,8.03864122010454
10.0,15.0,2.3464340879439054
2.0,4.0,0.9342476936328169
2.0,2.0,0.18272540050647207
15.0,25.0,4.28377793762659
10.0,15.0,1.1512981937756037
12.0,19.0,1.0674405860804101
16.0,21.0,1.583919957455196
8.0,8.0,0.4931922096076717
11.0,14.0,1.5335586201431646
2.0,3.0,2.2298064098602186
10.0,14.0,8.03864122010454
12.0,15.0,2.3464340879439054
3.0,4.0,0.9342476936328169
2.0,2.0,0.18272540050647207
16.0,25.0,4.28377793762659
10.0,15.0,1.1512981937756037
14.0,19.0,1.0674405860804101
18.0,21.0,1.583919957455196
7.0,8.0,0.4931922096076717
10.0,14.0,1.5335586201431646
3.0,3.0,2.2298064098602186
13.0,14.0,8.03864122010454
14.0,15.0,2.3464340879439054
3.0,4.0,0.9342476936328169
2.0,2.0,0.18272540050647207
22.0,25.0,4.28377793762659
13.0,15.0,1.1512981937756037
17.0,19.0,1.0674405860804101
18.0,21.0,1.583919957455196
8.0,8.0,0.4931922096076717
12.0,14.0,1.5335586201431646
3.0,7.0,3.0548670985433883
0.0,13.0,6.408549016694872
1.0,4.0,0.5269782328676487
1.0,32.0,2.2633944577672556
4.0,12.0,1.1272135578250995
3.0,20.0,1.1237810707100924
0.0,8.0,0.4300356736225194
2.0,40.0,2.644460481025337
0.0,6.0,0.23444186620280155
5.0,54.0,2.2192356658274472
8.0,55.0,1.7741519685285467
1.0,7.0,3.0548670985433883
3.0,13.0,6.408549016694872
2.0,4.0,0.5269782328676487
8.0,32.0,2.2633944577672556
5.0,12.0,1.1272135578250995
5.0,20.0,1.1237810707100924
2.0,8.0,0.4300356736225194
5.0,40.0,2.644460481025337
1.0,6.0,0.23444186620280155
10.0,54.0,2.2192356658274472
13.0,55.0,1.7741519685285467
3.0,7.0,3.0548670985433883
3.0,13.0,6.408549016694872
1.0,4.0,0.5269782328676487
16.0,32.0,2.2633944577672556
4.0,12.0,1.1272135578250995
8.0,20.0,1.1237810707100924
2.0,8.0,0.4300356736225194
12.0,40.0,2.644460481025337
2.0,6.0,0.23444186620280155
15.0,54.0,2.2192356658274472
20.0,55.0,1.7741519685285467
1.0,7.0,3.0548670985433883
3.0,13.0,6.408549016694872
2.0,4.0,0.5269782328676487
14.0,32.0,2.2633944577672556
2.0,12.0,1.1272135578250995
10.0,20.0,1.1237810707100924
6.0,8.0,0.4300356736225194
18.0,40.0,2.644460481025337
2.0,6.0,0.23444186620280155
28.0,54.0,2.2192356658274472
22.0,55.0,1.7741519685285467
3.0,7.0,3.0548670985433883
8.0,13.0,6.408549016694872
1.0,4.0,0.5269782328676487
21.0,32.0,2.2633944577672556
5.0,12.0,1.1272135578250995
9.0,20.0,1.1237810707100924
2.0,8.0,0.4300356736225194
21.0,40.0,2.644460481025337
4.0,6.0,0.23444186620280155
24.0,54.0,2.2192356658274472
27.0,55.0,1.7741519685285467
5.0,7.0,3.0548670985433883
11.0,13.0,6.408549016694872
2.0,4.0,0.5269782328676487
20.0,32.0,2.2633944577672556
4.0,12.0,1.1272135578250995
12.0,20.0,1.1237810707100924
6.0,8.0,0.4300356736225194
25.0,40.0,2.644460481025337
4.0,6.0,0.23444186620280155
27.0,54.0,2.2192356658274472
30.0,55.0,1.7741519685285467
4.0,7.0,3.0548670985433883
6.0,13.0,6.408549016694872
3.0,4.0,0.5269782328676487
24.0,32.0,2.2633944577672556
6.0,12.0,1.1272135578250995
14.0,20.0,1.1237810707100924
5.0,8.0,0.4300356736225194
31.0,40.0,2.644460481025337
3.0,6.0,0.23444186620280155
36.0,54.0,2.2192356658274472
37.0,55.0,1.7741519685285467
5.0,7.0,3.0548670985433883
10.0,13.0,6.408549016694872
4.0,4.0,0.5269782328676487
23.0,32.0,2.2633944577672556
11.0,12.0,1.1272135578250995
17.0,20.0,1.1237810707100924
8.0,8.0,0.4300356736225194
32.0,40.0,2.644460481025337
5.0,6.0,0.23444186620280155
43.0,54.0,2.2192356658274472
45.0,55.0,1.7741519685285467
7.0,7.0,3.0548670985433883
13.0,13.0,6.408549016694872
3.0,4.0,0.5269782328676487
29.0,32.0,2.2633944577672556
10.0,12.0,1.1272135578250995
16.0,20.0,1.1237810707100924
8.0,8.0,0.4300356736225194
34.0,40.0,2.644460481025337
4.0,6.0,0.23444186620280155
50.0,54.0,2.2192356658274472
49.0,55.0,1.7741519685285467
1.0,3.0,6.076368246216226
1.0,5.0,2.2102383802153796
0.0,3.0,2.0851187711211114
1.0,6.0,1.097831671210818
1.0,13.0,2.5900075933116495
3.0,42.0,5.705178133061321
2.0,15.0,0.7126679386822298
2.0,16.0,0.7453405990111486
3.0,44.0,1.6187112727592392
4.0,44.0,1.4275221634592707
3.0,26.0,0.8989771380075919
1.0,3.0,6.076368246216226
0.0,5.0,2.2102383802153796
1.0,3.0,2.0851187711211114
1.0,6.0,1.097831671210818
0.0,13.0,2.5900075933116495
7.0,42.0,5.705178133061321
5.0,15.0,0.7126679386822298
2.0,16.0,0.7453405990111486
12.0,44.0,1.6187112727592392
8.0,44.0,1.4275221634592707
3.0,26.0,0.8989771380075919
1.0,3.0,6.076368246216226
1.0,5.0,2.2102383802153796
1.0,3.0,2.0851187711211114
3.0,6.0,1.097831671210818
5.0,13.0,2.5900075933116495
11.0,42.0,5.705178133061321
4.0,15.0,0.7126679386822298
6.0,16.0,0.7453405990111486
11.0,44.0,1.6187112727592392
8.0,44.0,1.4275221634592707
7.0,26.0,0.8989771380075919
2.0,3.0,6.076368246216226
1.0,5.0,2.2102383802153796
3.0,3.0,2.0851187711211114
2.0,6.0,1.097831671210818
6.0,13.0,2.5900075933116495
19.0,42.0,5.705178133061321
2.0,15.0,0.7126679386822298
10.0,16.0,0.7453405990111486
18.0,44.0,1.6187112727592392
12.0,44.0,1.4275221634592707
9.0,26.0,0.8989771380075919
2.0,3.0,6.076368246216226
3.0,5.0,2.2102383802153796
2.0,3.0,2.0851187711211114
0.0,6.0,1.097831671210818
5.0,13.0,2.5900075933116495
21.0,42.0,5.705178133061321
6.0,15.0,0.7126679386822298
7.0,16.0,0.7453405990111486
23.0,44.0,1.6187112727592392
24.0,44.0,1.4275221634592707
16.0,26.0,0.8989771380075919
2.0,3.0,6.076368246216226
4.0,5.0,2.2102383802153796
1.0,3.0,2.0851187711211114
2.0,6.0,1.097831671210818
8.0,13.0,2.5900075933116495
27.0,42.0,5.705178133061321
7.0,15.0,0.7126679386822298
8.0,16.0,0.7453405990111486
21.0,44.0,1.6187112727592392
25.0,44.0,1.4275221634592707
15.0,26.0,0.8989771380075919
3.0,3.0,6.076368246216226
2.0,5.0,2.2102383802153796
2.0,3.0,2.0851187711211114
5.0,6.0,1.097831671210818
9.0,13.0,2.5900075933116495
28.0,42.0,5.705178133061321
10.0,15.0,0.7126679386822298
12.0,16.0,0.7453405990111486
35.0,44.0,1.6187112727592392
27.0,44.0,1.4275221634592707
16.0,26.0,0.8989771380075919
3.0,3.0,6.076368246216226
3.0,5.0,2.2102383802153796
2.0,3.0,2.0851187711211114
4.0,6.0,1.097831671210818
10.0,13.0,2.5900075933116495
34.0,42.0,5.705178133061321
11.0,15.0,0.7126679386822298
13.0,16.0,0.7453405990111486
37.0,44.0,1.6187112727592392
37.0,44.0,1.4275221634592707
20.0,26.0,0.8989771380075919
3.0,3.0,6.076368246216226
5.0,5.0,2.2102383802153796
2.0,3.0,2.0851187711211114
5.0,6.0,1.097831671210818
13.0,13.0,2.5900075933116495
34.0,42.0,5.705178133061321
11.0,15.0,0.7126679386822298
13.0,16.0,0.7453405990111486
38.0,44.0,1.6187112727592392
34.0,44.0,1.4275221634592707
22.0,26.0,0.8989771380075919
1.0,3.0,8.420507639350582
0.0,4.0,0.9281646854762537
0.0,14.0,4.121802848509435
5.0,18.0,3.7914781168149405
5.0,55.0,3.6604363747074813
1.0,10.0,0.40956654147035687
0.0,3.0,0.08932963829186141
5.0,91.0,3.5141681760478223
3.0,33.0,0.8719649877276494
5.0,90.0,2.01430073994391
2.0,19.0,0.3900776844216828
1.0,3.0,8.420507639350582
0.0,4.0,0.9281646854762537
2.0,14.0,4.121802848509435
2.0,18.0,3.7914781168149405
12.0,55.0,3.6604363747074813
2.0,10.0,0.40956654147035687
1.0,3.0,0.08932963829186141
17.0,91.0,3.5141681760478223
5.0,33.0,0.8719649877276494
21.0,90.0,2.01430073994391
3.0,19.0,0.3900776844216828
1.0,3.0,8.420507639350582
1.0,4.0,0.9281646854762537
2.0,14.0,4.121802848509435
1.0,18.0,3.7914781168149405
17.0,55.0,3.6604363747074813
3.0,10.0,0.40956654147035687
3.0,3.0,0.08932963829186141
21.0,91.0,3.5141681760478223
9.0,33.0,0.8719649877276494
28.0,90.0,2.01430073994391
2.0,19.0,0.3900776844216828
3.0,3.0,8.420507639350582
3.0,4.0,0.9281646854762537
3.0,14.0,4.121802848509435
7.0,18.0,3.7914781168149405
22.0,55.0,3.6604363747074813
4.0,10.0,0.40956654147035687
1.0,3.0,0.08932963829186141
35.0,91.0,3.5141681760478223
15.0,33.0,0.8719649877276494
37.0,90.0,2.01430073994391
7.0,19.0,0.3900776844216828
2.0,3.0,8.420507639350582
3.0,4.0,0.9281646854762537
10.0,14.0,4.121802848509435
8.0,18.0,3.7914781168149405
28.0,55.0,3.6604363747074813
6.0,10.0,0.40956654147035687
2.0,3.0,0.08932963829186141
41.0,91.0,3.5141681760478223
20.0,33.0,0.8719649877276494
55.0,90.0,2.01430073994391
7.0,19.0,0.3900776844216828
3.0,3.0,8.420507639350582
3.0,4.0,0.9281646854762537
12.0,14.0,4.121802848509435
11.0,18.0,3.7914781168149405
29.0,55.0,3.6604363747074813
5.0,10.0,0.40956654147035687
2.0,3.0,0.08932963829186141
48.0,91.0,3.5141681760478223
23.0,33.0,0.8719649877276494
59.0,90.0,2.01430073994391
14.0,19.0,0.3900776844216828
1.0,3.0,8.420507639350582
4.0,4.0,0.9281646854762537
7.0,14.0,4.121802848509435
13.0,18.0,3.7914781168149405
36.0,55.0,3.6604363747074813
6.0,10.0,0.40956654147035687
2.0,3.0,0.08932963829186141
66.0,91.0,3.5141681760478223
20.0,33.0,0.8719649877276494
63.0,90.0,2.01430073994391
14.0,19.0,0.3900776844216828
1.0,3.0,8.420507639350582
2.0,4.0,0.9281646854762537
12.0,14.0,4.121802848509435
15.0,18.0,3.7914781168149405
42.0,55.0,3.6604363747074813
8.0,10.0,0.40956654147035687
3.0,3.0,0.08932963829186141
72.0,91.0,3.5141681760478223
27.0,33.0,0.8719649877276494
72.0,90.0,2.01430073994391
14.0,19.0,0.3900776844216828
3.0,3.0,8.420507639350582
4.0,4.0,0.9281646854762537
13.0,14.0,4.121802848509435
18.0,18.0,3.7914781168149405
46.0,55.0,3.6604363747074813
8.0,10.0,0.40956654147035687
3.0,3.0,0.08932963829186141
82.0,91.0,3.5141681760478223
32.0,33.0,0.8719649877276494
82.0,90.0,2.01430073994391
18.0,19.0,0.3900776844216828
1.0,3.0,3.2170173259217423
1.0,4.0,3.6446813357217605
0.0,6.0,2.746700741182773
2.0,11.0,2.0791717426031986
0.0,6.0,0.8578369290077636
2.0,8.0,1.2500582759701346
1.0,12.0,1.5937618200812549
5.0,67.0,5.521556558145758
3.0,41.0,1.6415957611905336
6.0,36.0,0.7059098349230087
7.0,53.0,1.088268145221625
1.0,3.0,3.2170173259217423
0.0,4.0,3.6446813357217605
1.0,6.0,2.746700741182773
3.0,11.0,2.0791717426031986
1.0,6.0,0.8578369290077636
0.0,8.0,1.2500582759701346
1.0,12.0,1.5937618200812549
11.0,67.0,5.521556558145758
8.0,41.0,1.6415957611905336
4.0,36.0,0.7059098349230087
6.0,53.0,1.088268145221625
1.0,3.0,3.2170173259217423
3.0,4.0,3.6446813357217605
1.0,6.0,2.746700741182773
3.0,11.0,2.0791717426031986
1.0,6.0,0.8578369290077636
1.0,8.0,1.2500582759701346
7.0,12.0,1.5937618200812549
26.0,67.0,5.521556558145758
8.0,41.0,1.6415957611905336
8.0,36.0,0.7059098349230087
13.0,53.0,1.088268145221625
2.0,3.0,3.2170173259217423
3.0,4.0,3.6446813357217605
3.0,6.0,2.746700741182773
4.0,11.0,2.0791717426031986
2.0,6.0,0.8578369290077636
2.0,8.0,1.2500582759701346
5.0,12.0,1.5937618200812549
26.0,67.0,5.521556558145758
20.0,41.0,1.6415957611905336
12.0,36.0,0.7059098349230087
20.0,53.0,1.088268145221625
3.0,3.0,3.2170173259217423
1.0,4.0,3.6446813357217605
2.0,6.0,2.746700741182773
6.0,11.0,2.0791717426031986
3.0,6.0,0.8578369290077636
5.0,8.0,1.2500582759701346
7.0,12.0,1.5937618200812549
30.0,67.0,5.521556558145758
21.0,41.0,1.6415957611905336
16.0,36.0,0.7059098349230087
20.0,53.0,1.088268145221625
3.0,3.0,3.2170173259217423
2.0,4.0,3.6446813357217605
3.0,6.0,2.746700741182773
5.0,11.0,2.0791717426031986
4.0,6.0,0.8578369290077636
6.0,8.0,1.2500582759701346
6.0,12.0,1.5937618200812549
28.0,67.0,5.521556558145758
29.0,41.0,1.6415957611905336
18.0,36.0,0.7059098349230087
32.0,53.0,1.088268145221625
3.0,3.0,3.2170173259217423
2.0,4.0,3.6446813357217605
4.0,6.0,2.746700741182773
8.0,11.0,2.0791717426031986
5.0,6.0,0.8578369290077636
5.0,8.0,1.2500582759701346
8.0,12.0,1.5937618200812549
52.0,67.0,5.521556558145758
33.0,41.0,1.6415957611905336
23.0,36.0,0.7059098349230087
40.0,53.0,1.088268145221625
2.0,3.0,3.2170173259217423
4.0,4.0,3.6446813357217605
4.0,6.0,2.746700741182773
10.0,11.0,2.0791717426031986
2.0,6.0,0.8578369290077636
5.0,8.0,1.2500582759701346
7.0,12.0,1.5937618200812549
48.0,67.0,5.521556558145758
30.0,41.0,1.6415957611905336
30.0,36.0,0.7059098349230087
48.0,53.0,1.088268145221625
3.0,3.0,3.2170173259217423
4.0,4.0,3.6446813357217605
5.0,6.0,2.746700741182773
10.0,11.0,2.0791717426031986
5.0,6.0,0.8578369290077636
7.0,8.0,1.2500582759701346
12.0,12.0,1.5937618200812549
59.0,67.0,5.521556558145758
37.0,41.0,1.6415957611905336
33.0,36.0,0.7059098349230087
48.0,53.0,1.088268145221625
2.0,5.0,0.9376903675979615
1.0,7.0,3.5113920372279726
1.0,3.0,0.9909006884940257
1.0,10.0,2.476353828759842
4.0,18.0,2.376928783975011
5.0,27.0,2.28180063613613
2.0,22.0,1.1879835266111092
4.0,39.0,2.0690897327085427
1.0,11.0,0.43186014043069176
6.0,45.0,2.319785996210311
4.0,32.0,0.8323898923361647
2.0,5.0,0.9376903675979615
1.0,7.0,3.5113920372279726
0.0,3.0,0.9909006884940257
1.0,10.0,2.476353828759842
1.0,18.0,2.376928783975011
11.0,27.0,2.28180063613613
3.0,22.0,1.1879835266111092
10.0,39.0,2.0690897327085427
2.0,11.0,0.43186014043069176
10.0,45.0,2.319785996210311
8.0,32.0,0.8323898923361647
2.0,5.0,0.9376903675979615
3.0,7.0,3.5113920372279726
2.0,3.0,0.9909006884940257
4.0,10.0,2.476353828759842
10.0,18.0,2.376928783975011
10.0,27.0,2.28180063613613
3.0,22.0,1.1879835266111092
19.0,39.0,2.0690897327085427
3.0,11.0,0.43186014043069176
19.0,45.0,2.319785996210311
9.0,32.0,0.8323898923361647
3.0,5.0,0.9376903675979615
4.0,7.0,3.5113920372279726
1.0,3.0,0.9909006884940257
1.0,10.0,2.476353828759842
2.0,18.0,2.376928783975011
11.0,27.0,2.28180063613613
12.0,22.0,1.1879835266111092
16.0,39.0,2.0690897327085427
6.0,11.0,0.43186014043069176
21.0,45.0,2.319785996210311
12.0,32.0,0.8323898923361647
2.0,5.0,0.9376903675979615
2.0,7.0,3.5113920372279726
2.0,3.0,0.9909006884940257
2.0,10.0,2.476353828759842
5.0,18.0,2.376928783975011
14.0,27.0,2.28180063613613
8.0,22.0,1.1879835266111092
18.0,39.0,2.0690897327085427
4.0,11.0,0.43186014043069176
25.0,45.0,2.319785996210311
17.0,32.0,0.8323898923361647
2.0,5.0,0.9376903675979615
5.0,7.0,3.5113920372279726
1.0,3.0,0.9909006884940257
7.0,10.0,2.476353828759842
9.0,18.0,2.376928783975011
17.0,27.0,2.28180063613613
14.0,22.0,1.1879835266111092
24.0,39.0,2.0690897327085427
4.0,11.0,0.43186014043069176
24.0,45.0,2.319785996210311
18.0,32.0,0.8323898923361647
4.0,5.0,0.9376903675979615
5.0,7.0,3.5113920372279726
2.0,3.0,0.9909006884940257
7.0,10.0,2.476353828759842
15.0,18.0,2.376928783975011
19.0,27.0,2.28180063613613
14.0,22.0,1.1879835266111092
24.0,39.0,2.0690897327085427
11.0,11.0,0.43186014043069176
32.0,45.0,2.319785996210311
24.0,32.0,0.8323898923361647
5.0,5.0,0.9376903675979615
7.0,7.0,3.5113920372279726
2.0,3.0,0.9909006884940257
8.0,10.0,2.476353828759842
16.0,18.0,2.376928783975011
23.0,27.0,2.28180063613613
18.0,22.0,1.1879835266111092
30.0,39.0,2.0690897327085427
10.0,11.0,0.43186014043069176
39.0,45.0,2.319785996210311
26.0,32.0,0.8323898923361647
4.0,5.0,0.9376903675979615
7.0,7.0,3.5113920372279726
2.0,3.0,0.9909006884940257
10.0,10.0,2.476353828759842
18.0,18.0,2.376928783975011
22.0,27.0,2.28180063613613
22.0,22.0,1.1879835266111092
32.0,39.0,2.0690897327085427
10.0,11.0,0.43186014043069176
40.0,45.0,2.319785996210311
29.0,32.0,0.8323898923361647
1.0,5.0,5.640279882625544
1.0,5.0,1.96262156405111
1.0,1.0,0.3123703005926361
1.0,13.0,2.8588016056655117
2.0,9.0,1.1287783076339706
1.0,6.0,0.2735627656666095
1.0,7.0,0.6183595244937474
1.0,9.0,1.120796579290182
3.0,25.0,3.96806970307267
1.0,33.0,2.2289834153500663
1.0,14.0,0.564922756642888
1.0,5.0,5.640279882625544
2.0,5.0,1.96262156405111
0.0,1.0,0.3123703005926361
4.0,13.0,2.8588016056655117
1.0,9.0,1.1287783076339706
1.0,6.0,0.2735627656666095
2.0,7.0,0.6183595244937474
3.0,9.0,1.120796579290182
3.0,25.0,3.96806970307267
10.0,33.0,2.2289834153500663
4.0,14.0,0.564922756642888
1.0,5.0,5.640279882625544
1.0,5.0,1.96262156405111
1.0,1.0,0.3123703005926361
8.0,13.0,2.8588016056655117
4.0,9.0,1.1287783076339706
2.0,6.0,0.2735627656666095
4.0,7.0,0.6183595244937474
5.0,9.0,1.120796579290182
5.0,25.0,3.96806970307267
10.0,33.0,2.2289834153500663
3.0,14.0,0.564922756642888
2.0,5.0,5.640279882625544
3.0,5.0,1.96262156405111
1.0,1.0,0.3123703005926361
5.0,13.0,2.8588016056655117
3.0,9.0,1.1287783076339706
2.0,6.0,0.2735627656666095
1.0,7.0,0.6183595244937474
1.0,9.0,1.120796579290182
8.0,25.0,3.96806970307267
14.0,33.0,2.2289834153500663
5.0,14.0,0.564922756642888
3.0,5.0,5.640279882625544
2.0,5.0,1.96262156405111
1.0,1.0,0.3123703005926361
9.0,13.0,2.8588016056655117
5.0,9.0,1.1287783076339706
3.0,6.0,0.2735627656666095
3.0,7.0,0.6183595244937474
5.0,9.0,1.120796579290182
10.0,25.0,3.96806970307267
18.0,33.0,2.2289834153500663
7.0,14.0,0.564922756642888
4.0,5.0,5.640279882625544
3.0,5.0,1.96262156405111
1.0,1.0,0.3123703005926361
6.0,13.0,2.8588016056655117
5.0,9.0,1.1287783076339706
3.0,6.0,0.2735627656666095
6.0,7.0,0.6183595244937474
7.0,9.0,1.120796579290182
22.0,25.0,3.96806970307267
16.0,33.0,2.2289834153500663
6.0,14.0,0.564922756642888
2.0,5.0,5.640279882625544
3.0,5.0,1.96262156405111
1.0,1.0,0.3123703005926361
11.0,13.0,2.8588016056655117
3.0,9.0,1.1287783076339706
5.0,6.0,0.2735627656666095
5.0,7.0,0.6183595244937474
7.0,9.0,1.120796579290182
12.0,25.0,3.96806970307267
23.0,33.0,2.2289834153500663
10.0,14.0,0.564922756642888
3.0,5.0,5.640279882625544
3.0,5.0,1.96262156405111
1.0,1.0,0.3123703005926361
10.0,13.0,2.8588016056655117
7.0,9.0,1.1287783076339706
6.0,6.0,0.2735627656666095
3.0,7.0,0.6183595244937474
7.0,9.0,1.120796579290182
21.0,25.0,3.96806970307267
26.0,33.0,2.2289834153500663
11.0,14.0,0.564922756642888
5.0,5.0,5.640279882625544
3.0,5.0,1.96262156405111
1.0,1.0,0.3123703005926361
10.0,13.0,2.8588016056655117
8.0,9.0,1.1287783076339706
5.0,6.0,0.2735627656666095
6.0,7.0,0.6183595244937474
9.0,9.0,1.120796579290182
21.0,25.0,3.96806970307267
31.0,33.0,2.2289834153500663
13.0,14.0,0.564922756642888
1.0,5.0,4.21082039369589
0.0,2.0,2.4119789507368554
1.0,4.0,2.940796473722798
3.0,19.0,4.504527660302084
4.0,22.0,2.8349220647299735
2.0,10.0,0.7666855002416723
2.0,23.0,1.2859664139996727
6.0,51.0,2.3021776219516537
7.0,41.0,1.6633456430728062
2.0,29.0,0.7722405442799369
0.0,30.0,0.8137463222805088
1.0,5.0,4.21082039369589
1.0,2.0,2.4119789507368554
3.0,4.0,2.940796473722798
5.0,19.0,4.504527660302084
2.0,22.0,2.8349220647299735
2.0,10.0,0.7666855002416723
4.0,23.0,1.2859664139996727
11.0,51.0,2.3021776219516537
7.0,41.0,1.6633456430728062
6.0,29.0,0.7722405442799369
3.0,30.0,0.8137463222805088
1.0,5.0,4.21082039369589
0.0,2.0,2.4119789507368554
2.0,4.0,2.940796473722798
4.0,19.0,4.504527660302084
5.0,22.0,2.8349220647299735
3.0,10.0,0.7666855002416723
10.0,23.0,1.2859664139996727
15.0,51.0,2.3021776219516537
10.0,41.0,1.6633456430728062
9.0,29.0,0.7722405442799369
7.0,30.0,0.8137463222805088
1.0,5.0,4.21082039369589
0.0,2.0,2.4119789507368554
2.0,4.0,2.940796473722798
8.0,19.0,4.504527660302084
8.0,22.0,2.8349220647299735
2.0,10.0,0.7666855002416723
10.0,23.0,1.2859664139996727
17.0,51.0,2.3021776219516537
11.0,41.0,1.6633456430728062
11.0,29.0,0.7722405442799369
11.0,30.0,0.8137463222805088
4.0,5.0,4.21082039369589
1.0,2.0,2.4119789507368554
2.0,4.0,2.940796473722798
9.0,19.0,4.504527660302084
11.0,22.0,2.8349220647299735
6.0,10.0,0.7666855002416723
8.0,23.0,1.2859664139996727
26.0,51.0,2.3021776219516537
26.0,41.0,1.6633456430728062
16.0,29.0,0.7722405442799369
14.0,30.0,0.8137463222805088
2.0,5.0,4.21082039369589
2.0,2.0,2.4119789507368554
2.0,4.0,2.940796473722798
16.0,19.0,4.504527660302084
14.0,22.0,2.8349220647299735
6.0,10.0,0.7666855002416723
12.0,23.0,1.2859664139996727
29.0,51.0,2.3021776219516537
22.0,41.0,1.6633456430728062
17.0,29.0,0.7722405442799369
21.0,30.0,0.8137463222805088
3.0,5.0,4.21082039369589
2.0,2.0,2.4119789507368554
2.0,4.0,2.940796473722798
14.0,19.0,4.504527660302084
16.0,22.0,2.8349220647299735
8.0,10.0,0.7666855002416723
15.0,23.0,1.2859664139996727
38.0,51.0,2.3021776219516537
26.0,41.0,1.6633456430728062
21.0,29.0,0.7722405442799369
21.0,30.0,0.8137463222805088
3.0,5.0,4.21082039369589
1.0,2.0,2.4119789507368554
2.0,4.0,2.940796473722798
15.0,19.0,4.504527660302084
12.0,22.0,2.8349220647299735
6.0,10.0,0.7666855002416723
18.0,23.0,1.2859664139996727
40.0,51.0,2.3021776219516537
29.0,41.0,1.6633456430728062
23.0,29.0,0.7722405442799369
21.0,30.0,0.8137463222805088
3.0,5.0,4.21082039369589
2.0,2.0,2.4119789507368554
4.0,4.0,2.940796473722798
17.0,19.0,4.504527660302084
19.0,22.0,2.8349220647299735
9.0,10.0,0.7666855002416723
19.0,23.0,1.2859664139996727
43.0,51.0,2.3021776219516537
39.0,41.0,1.6633456430728062
25.0,29.0,0.7722405442799369
28.0,30.0,0.8137463222805088
1.0,2.0,3.137157833357935
0.0,14.0,10.340230661348736
0.0,10.0,2.268771890640077
0.0,2.0,0.401826873038691
1.0,11.0,2.267122896300971
2.0,29.0,2.7550859351322816
4.0,27.0,2.258991406110309
2.0,31.0,1.8569954441346288
2.0,13.0,0.5957103928522062
2.0,24.0,1.2128441912746746
1.0,16.0,0.4953781443399816
1.0,2.0,3.137157833357935
2.0,14.0,10.340230661348736
1.0,10.0,2.268771890640077
2.0,2.0,0.401826873038691
1.0,11.0,2.267122896300971
7.0,29.0,2.7550859351322816
6.0,27.0,2.258991406110309
7.0,31.0,1.8569954441346288
3.0,13.0,0.5957103928522062
5.0,24.0,1.2128441912746746
3.0,16.0,0.4953781443399816
1.0,2.0,3.137157833357935
2.0,14.0,10.340230661348736
1.0,10.0,2.268771890640077
2.0,2.0,0.401826873038691
7.0,11.0,2.267122896300971
9.0,29.0,2.7550859351322816
7.0,27.0,2.258991406110309
9.0,31.0,1.8569954441346288
4.0,13.0,0.5957103928522062
8.0,24.0,1.2128441912746746
5.0,16.0,0.4953781443399816
1.0,2.0,3.137157833357935
5.0,14.0,10.340230661348736
2.0,10.0,2.268771890640077
1.0,2.0,0.401826873038691
4.0,11.0,2.267122896300971
13.0,29.0,2.7550859351322816
12.0,27.0,2.258991406110309
5.0,31.0,1.8569954441346288
5.0,13.0,0.5957103928522062
8.0,24.0,1.2128441912746746
8.0,16.0,0.4953781443399816
1.0,2.0,3.137157833357935
7.0,14.0,10.340230661348736
5.0,10.0,2.268771890640077
0.0,2.0,0.401826873038691
3.0,11.0,2.267122896300971
17.0,29.0,2.7550859351322816
12.0,27.0,2.258991406110309
13.0,31.0,1.8569954441346288
9.0,13.0,0.5957103928522062
17.0,24.0,1.2128441912746746
7.0,16.0,0.4953781443399816
2.0,2.0,3.137157833357935
10.0,14.0,10.340230661348736
5.0,10.0,2.268771890640077
2.0,2.0,0.401826873038691
4.0,11.0,2.267122896300971
20.0,29.0,2.7550859351322816
15.0,27.0,2.258991406110309
20.0,31.0,1.8569954441346288
6.0,13.0,0.5957103928522062
16.0,24.0,1.2128441912746746
11.0,16.0,0.4953781443399816
2.0,2.0,3.137157833357935
8.0,14.0,10.340230661348736
8.0,10.0,2.268771890640077
2.0,2.0,0.401826873038691
8.0,11.0,2.267122896300971
22.0,29.0,2.7550859351322816
17.0,27.0,2.258991406110309
19.0,31.0,1.8569954441346288
10.0,13.0,0.5957103928522062
16.0,24.0,1.2128441912746746
12.0,16.0,0.4953781443399816
2.0,2.0,3.137157833357935
12.0,14.0,10.340230661348736
9.0,10.0,2.268771890640077
2.0,2.0,0.401826873038691
8.0,11.0,2.267122896300971
21.0,29.0,2.7550859351322816
21.0,27.0,2.258991406110309
22.0,31.0,1.8569954441346288
10.0,13.0,0.5957103928522062
17.0,24.0,1.2128441912746746
13.0,16.0,0.4953781443399816
2.0,2.0,3.137157833357935
12.0,14.0,10.340230661348736
10.0,10.0,2.268771890640077
2.0,2.0,0.401826873038691
10.0,11.0,2.267122896300971
25.0,29.0,2.7550859351322816
25.0,27.0,2.258991406110309
29.0,31.0,1.8569954441346288
13.0,13.0,0.5957103928522062
20.0,24.0,1.2128441912746746
15.0,16.0,0.4953781443399816
1.0,3.0,3.629625054582279
1.0,10.0,5.849451379676033
1.0,12.0,3.136686290100093
1.0,12.0,2.085732238336527
4.0,36.0,2.9051039793243403
1.0,8.0,0.3262589544366566
0.0,8.0,0.49669624219546665
1.0,12.0,0.5067809623902885
1.0,23.0,1.6248757155811522
1.0,19.0,1.6830094471889752
1.0,23.0,0.9058433945749008
1.0,3.0,3.629625054582279
2.0,10.0,5.849451379676033
0.0,12.0,3.136686290100093
0.0,12.0,2.085732238336527
10.0,36.0,2.9051039793243403
1.0,8.0,0.3262589544366566
1.0,8.0,0.49669624219546665
3.0,12.0,0.5067809623902885
4.0,23.0,1.6248757155811522
1.0,19.0,1.6830094471889752
1.0,23.0,0.9058433945749008
2.0,3.0,3.629625054582279
3.0,10.0,5.849451379676033
3.0,12.0,3.136686290100093
2.0,12.0,2.085732238336527
11.0,36.0,2.9051039793243403
3.0,8.0,0.3262589544366566
3.0,8.0,0.49669624219546665
2.0,12.0,0.5067809623902885
5.0,23.0,1.6248757155811522
7.0,19.0,1.6830094471889752
4.0,23.0,0.9058433945749008
2.0,3.0,3.629625054582279
4.0,10.0,5.849451379676033
6.0,12.0,3.136686290100093
3.0,12.0,2.085732238336527
14.0,36.0,2.9051039793243403
5.0,8.0,0.3262589544366566
1.0,8.0,0.49669624219546665
3.0,12.0,0.5067809623902885
8.0,23.0,1.6248757155811522
7.0,19.0,1.6830094471889752
8.0,23.0,0.9058433945749008
2.0,3.0,3.629625054582279
4.0,10.0,5.849451379676033
7.0,12.0,3.136686290100093
7.0,12.0,2.085732238336527
20.0,36.0,2.9051039793243403
1.0,8.0,0.3262589544366566
4.0,8.0,0.49669624219546665
4.0,12.0,0.5067809623902885
12.0,23.0,1.6248757155811522
9.0,19.0,1.6830094471889752
12.0,23.0,0.9058433945749008
3.0,3.0,3.629625054582279
5.0,10.0,5.849451379676033
8.0,12.0,3.136686290100093
10.0,12.0,2.085732238336527
21.0,36.0,2.9051039793243403
4.0,8.0,0.3262589544366566
4.0,8.0,0.49669624219546665
3.0,12.0,0.5067809623902885
13.0,23.0,1.6248757155811522
12.0,19.0,1.6830094471889752
11.0,23.0,0.9058433945749008
2.0,3.0,3.629625054582279
7.0,10.0,5.849451379676033
8.0,12.0,3.136686290100093
7.0,12.0,2.085732238336527
28.0,36.0,2.9051039793243403
8.0,8.0,0.3262589544366566
6.0,8.0,0.49669624219546665
7.0,12.0,0.5067809623902885
12.0,23.0,1.6248757155811522
12.0,19.0,1.6830094471889752
16.0,23.0,0.9058433945749008
2.0,3.0,3.629625054582279
10.0,10.0,5.849451379676033
9.0,12.0,3.136686290100093
10.0,12.0,2.085732238336527
31.0,36.0,2.9051039793243403
7.0,8.0,0.3262589544366566
7.0,8.0,0.49669624219546665
10.0,12.0,0.5067809623902885
18.0,23.0,1.6248757155811522
17.0,19.0,1.6830094471889752
20.0,23.0,0.9058433945749008
3.0,3.0,3.629625054582279
8.0,10.0,5.849451379676033
11.0,12.0,3.136686290100093
10.0,12.0,2.085732238336527
33.0,36.0,2.9051039793243403
8.0,8.0,0.3262589544366566
7.0,8.0,0.49669624219546665
12.0,12.0,0.5067809623902885
21.0,23.0,1.6248757155811522
17.0,19.0,1.6830094471889752
23.0,23.0,0.9058433945749008
1.0,2.0,5.469941064467339
1.0,13.0,10.585900715471025
3.0,11.0,2.1252195784182293
2.0,6.0,0.7025835737986297
0.0,7.0,0.9715914792732727
2.0,37.0,3.835225935439008
1.0,24.0,1.1160240922519093
0.0,27.0,1.2567972078463276
3.0,34.0,1.3271898182219737
5.0,44.0,1.4251816990877006
3.0,55.0,1.3278544333694473
1.0,2.0,5.469941064467339
3.0,13.0,10.585900715471025
2.0,11.0,2.1252195784182293
0.0,6.0,0.7025835737986297
2.0,7.0,0.9715914792732727
5.0,37.0,3.835225935439008
4.0,24.0,1.1160240922519093
6.0,27.0,1.2567972078463276
6.0,34.0,1.3271898182219737
8.0,44.0,1.4251816990877006
12.0,55.0,1.3278544333694473
1.0,2.0,5.469941064467339
6.0,13.0,10.585900715471025
1.0,11.0,2.1252195784182293
2.0,6.0,0.7025835737986297
3.0,7.0,0.9715914792732727
9.0,37.0,3.835225935439008
8.0,24.0,1.1160240922519093
8.0,27.0,1.2567972078463276
9.0,34.0,1.3271898182219737
12.0,44.0,1.4251816990877006
14.0,55.0,1.3278544333694473
1.0,2.0,5.469941064467339
5.0,13.0,10.585900715471025
6.0,11.0,2.1252195784182293
3.0,6.0,0.7025835737986297
3.0,7.0,0.9715914792732727
19.0,37.0,3.835225935439008
11.0,24.0,1.1160240922519093
10.0,27.0,1.2567972078463276
10.0,34.0,1.3271898182219737
15.0,44.0,1.4251816990877006
21.0,55.0,1.3278544333694473
1.0,2.0,5.469941064467339
5.0,13.0,10.585900715471025
5.0,11.0,2.1252195784182293
4.0,6.0,0.7025835737986297
6.0,7.0,0.9715914792732727
18.0,37.0,3.835225935439008
12.0,24.0,1.1160240922519093
12.0,27.0,1.2567972078463276
10.0,34.0,1.3271898182219737
23.0,44.0,1.4251816990877006
32.0,55.0,1.3278544333694473
2.0,2.0,5.469941064467339
7.0,13.0,10.585900715471025
6.0,11.0,2.1252195784182293
4.0,6.0,0.7025835737986297
5.0,7.0,0.9715914792732727
23.0,37.0,3.835225935439008
15.0,24.0,1.1160240922519093
12.0,27.0,1.2567972078463276
24.0,34.0,1.3271898182219737
30.0,44.0,1.4251816990877006
35.0,55.0,1.3278544333694473
1.0,2.0,5.469941064467339
10.0,13.0,10.585900715471025
8.0,11.0,2.1252195784182293
3.0,6.0,0.7025835737986297
6.0,7.0,0.9715914792732727
21.0,37.0,3.835225935439008
16.0,24.0,1.1160240922519093
19.0,27.0,1.2567972078463276
24.0,34.0,1.3271898182219737
28.0,44.0,1.4251816990877006
41.0,55.0,1.3278544333694473
1.0,2.0,5.469941064467339
12.0,13.0,10.585900715471025
7.0,11.0,2.1252195784182293
5.0,6.0,0.7025835737986297
5.0,7.0,0.9715914792732727
33.0,37.0,3.835225935439008
18.0,24.0,1.1160240922519093
21.0,27.0,1.2567972078463276
27.0,34.0,1.3271898182219737
35.0,44.0,1.4251816990877006
45.0,55.0,1.3278544333694473
2.0,2.0,5.469941064467339
11.0,13.0,10.585900715471025
10.0,11.0,2.1252195784182293
5.0,6.0,0.7025835737986297
7.0,7.0,0.9715914792732727
30.0,37.0,3.835225935439008
20.0,24.0,1.1160240922519093
25.0,27.0,1.2567972078463276
32.0,34.0,1.3271898182219737
40.0,44.0,1.4251816990877006
45.0,55.0,1.3278544333694473
1.0,3.0,6.2371034304585535
2.0,8.0,5.529656611436009
1.0,24.0,5.575861224343158
0.0,3.0,0.19230125123774958
1.0,20.0,1.8339078137838867
0.0,2.0,0.4295943975326839
5.0,42.0,3.1937268026490235
1.0,6.0,0.5480610231460477
1.0,8.0,0.47185081711899574
4.0,18.0,1.0667757930818524
1.0,12.0,1.188821705384337
1.0,3.0,6.2371034304585535
1.0,8.0,5.529656611436009
6.0,24.0,5.575861224343158
0.0,3.0,0.19230125123774958
4.0,20.0,1.8339078137838867
2.0,2.0,0.4295943975326839
9.0,42.0,3.1937268026490235
2.0,6.0,0.5480610231460477
1.0,8.0,0.47185081711899574
4.0,18.0,1.0667757930818524
2.0,12.0,1.188821705384337
1.0,3.0,6.2371034304585535
1.0,8.0,5.529656611436009
3.0,24.0,5.575861224343158
1.0,3.0,0.19230125123774958
6.0,20.0,1.8339078137838867
1.0,2.0,0.4295943975326839
10.0,42.0,3.1937268026490235
2.0,6.0,0.5480610231460477
4.0,8.0,0.47185081711899574
6.0,18.0,1.0667757930818524
7.0,12.0,1.188821705384337
2.0,3.0,6.2371034304585535
3.0,8.0,5.529656611436009
9.0,24.0,5.575861224343158
1.0,3.0,0.19230125123774958
8.0,20.0,1.8339078137838867
1.0,2.0,0.4295943975326839
13.0,42.0,3.1937268026490235
3.0,6.0,0.5480610231460477
2.0,8.0,0.47185081711899574
6.0,18.0,1.0667757930818524
6.0,12.0,1.188821705384337
2.0,3.0,6.2371034304585535
4.0,8.0,5.529656611436009
16.0,24.0,5.575861224343158
3.0,3.0,0.19230125123774958
8.0,20.0,1.8339078137838867
2.0,2.0,0.4295943975326839
25.0,42.0,3.1937268026490235
4.0,6.0,0.5480610231460477
6.0,8.0,0.47185081711899574
6.0,18.0,1.0667757930818524
8.0,12.0,1.188821705384337
3.0,3.0,6.2371034304585535
6.0,8.0,5.529656611436009
14.0,24.0,5.575861224343158
2.0,3.0,0.19230125123774958
12.0,20.0,1.8339078137838867
1.0,2.0,0.4295943975326839
19.0,42.0,3.1937268026490235
2.0,6.0,0.5480610231460477
6.0,8.0,0.47185081711899574
12.0,18.0,1.0667757930818524
8.0,12.0,1.188821705384337
2.0,3.0,6.2371034304585535
5.0,8.0,5.529656611436009
18.0,24.0,5.575861224343158
1.0,3.0,0.19230125123774958
12.0,20.0,1.8339078137838867
1.0,2.0,0.4295943975326839
28.0,42.0,3.1937268026490235
2.0,6.0,0.5480610231460477
7.0,8.0,0.47185081711899574
15.0,18.0,1.0667757930818524
9.0,12.0,1.188821705384337
2.0,3.0,6.2371034304585535
8.0,8.0,5.529656611436009
22.0,24.0,5.575861224343158
3.0,3.0,0.19230125123774958
15.0,20.0,1.8339078137838867
2.0,2.0,0.4295943975326839
29.0,42.0,3.1937268026490235
6.0,6.0,0.5480610231460477
8.0,8.0,0.47185081711899574
16.0,18.0,1.0667757930818524
12.0,12.0,1.188821705384337
3.0,3.0,6.2371034304585535
7.0,8.0,5.529656611436009
22.0,24.0,5.575861224343158
3.0,3.0,0.19230125123774958
17.0,20.0,1.8339078137838867
2.0,2.0,0.4295943975326839
39.0,42.0,3.1937268026490235
6.0,6.0,0.5480610231460477
6.0,8.0,0.47185081711899574
15.0,18.0,1.0667757930818524
11.0,12.0,1.188821705384337
1.0,11.0,17.401249393821956
0.0,8.0,1.9163351986135275
0.0,3.0,0.32979287710238236
4.0,42.0,4.611295158193297
0.0,13.0,1.6113375092534554
10.0,72.0,3.480987564524351
3.0,31.0,0.8163176901397154
4.0,23.0,0.6404081143812618
4.0,28.0,0.9248185458025796
8.0,89.0,2.5092220446454343
2.0,15.0,0.5014998220477822
2.0,11.0,17.401249393821956
3.0,8.0,1.9163351986135275
0.0,3.0,0.32979287710238236
10.0,42.0,4.611295158193297
4.0,13.0,1.6113375092534554
17.0,72.0,3.480987564524351
7.0,31.0,0.8163176901397154
4.0,23.0,0.6404081143812618
5.0,28.0,0.9248185458025796
14.0,89.0,2.5092220446454343
1.0,15.0,0.5014998220477822
3.0,11.0,17.401249393821956
1.0,8.0,1.9163351986135275
1.0,3.0,0.32979287710238236
14.0,42.0,4.611295158193297
3.0,13.0,1.6113375092534554
20.0,72.0,3.480987564524351
11.0,31.0,0.8163176901397154
7.0,23.0,0.6404081143812618
12.0,28.0,0.9248185458025796
18.0,89.0,2.5092220446454343
3.0,15.0,0.5014998220477822
4.0,11.0,17.401249393821956
5.0,8.0,1.9163351986135275
1.0,3.0,0.32979287710238236
15.0,42.0,4.611295158193297
4.0,13.0,1.6113375092534554
34.0,72.0,3.480987564524351
16.0,31.0,0.8163176901397154
11.0,23.0,0.6404081143812618
13.0,28.0,0.9248185458025796
35.0,89.0,2.5092220446454343
4.0,15.0,0.5014998220477822
7.0,11.0,17.401249393821956
4.0,8.0,1.9163351986135275
2.0,3.0,0.32979287710238236
19.0,42.0,4.611295158193297
6.0,13.0,1.6113375092534554
29.0,72.0,3.480987564524351
13.0,31.0,0.8163176901397154
11.0,23.0,0.6404081143812618
14.0,28.0,0.9248185458025796
44.0,89.0,2.5092220446454343
8.0,15.0,0.5014998220477822
7.0,11.0,17.401249393821956
6.0,8.0,1.9163351986135275
1.0,3.0,0.32979287710238236
27.0,42.0,4.611295158193297
10.0,13.0,1.6113375092534554
37.0,72.0,3.480987564524351
20.0,31.0,0.8163176901397154
12.0,23.0,0.6404081143812618
20.0,28.0,0.9248185458025796
59.0,89.0,2.5092220446454343
11.0,15.0,0.5014998220477822
8.0,11.0,17.401249393821956
5.0,8.0,1.9163351986135275
2.0,3.0,0.32979287710238236
26.0,42.0,4.611295158193297
11.0,13.0,1.6113375092534554
45.0,72.0,3.480987564524351
21.0,31.0,0.8163176901397154
13.0,23.0,0.6404081143812618
18.0,28.0,0.9248185458025796
65.0,89.0,2.5092220446454343
13.0,15.0,0.5014998220477822
8.0,11.0,17.401249393821956
6.0,8.0,1.9163351986135275
2.0,3.0,0.32979287710238236
32.0,42.0,4.611295158193297
10.0,13.0,1.6113375092534554
63.0,72.0,3.480987564524351
25.0,31.0,0.8163176901397154
17.0,23.0,0.6404081143812618
24.0,28.0,0.9248185458025796
73.0,89.0,2.5092220446454343
7.0,15.0,0.5014998220477822
11.0,11.0,17.401249393821956
8.0,8.0,1.9163351986135275
3.0,3.0,0.32979287710238236
40.0,42.0,4.611295158193297
13.0,13.0,1.6113375092534554
65.0,72.0,3.480987564524351
30.0,31.0,0.8163176901397154
20.0,23.0,0.6404081143812618
27.0,28.0,0.9248185458025796
81.0,89.0,2.5092220446454343
14.0,15.0,0.5014998220477822
1.0,3.0,12.071192122651071
0.0,11.0,6.976731467526741
1.0,25.0,3.799173737086299
0.0,19.0,1.6692990514015817
6.0,40.0,1.6090764657954237
0.0,6.0,0.4203622385152875
4.0,23.0,1.1216116327550416
3.0,15.0,0.7952629096897743
6.0,41.0,1.2399786369231542
4.0,27.0,1.3227053984283452
1.0,22.0,0.7657068067284996
1.0,3.0,12.071192122651071
2.0,11.0,6.976731467526741
9.0,25.0,3.799173737086299
5.0,19.0,1.6692990514015817
5.0,40.0,1.6090764657954237
2.0,6.0,0.4203622385152875
3.0,23.0,1.1216116327550416
4.0,15.0,0.7952629096897743
8.0,41.0,1.2399786369231542
7.0,27.0,1.3227053984283452
9.0,22.0,0.7657068067284996
1.0,3.0,12.071192122651071
5.0,11.0,6.976731467526741
7.0,25.0,3.799173737086299
8.0,19.0,1.6692990514015817
13.0,40.0,1.6090764657954237
0.0,6.0,0.4203622385152875
4.0,23.0,1.1216116327550416
3.0,15.0,0.7952629096897743
15.0,41.0,1.2399786369231542
12.0,27.0,1.3227053984283452
10.0,22.0,0.7657068067284996
1.0,3.0,12.071192122651071
5.0,11.0,6.976731467526741
9.0,25.0,3.799173737086299
7.0,19.0,1.6692990514015817
17.0,40.0,1.6090764657954237
6.0,6.0,0.4203622385152875
11.0,23.0,1.1216116327550416
7.0,15.0,0.7952629096897743
15.0,41.0,1.2399786369231542
9.0,27.0,1.3227053984283452
12.0,22.0,0.7657068067284996
2.0,3.0,12.071192122651071
1.0,11.0,6.976731467526741
18.0,25.0,3.799173737086299
8.0,19.0,1.6692990514015817
21.0,40.0,1.6090764657954237
4.0,6.0,0.4203622385152875
12.0,23.0,1.1216116327550416
8.0,15.0,0.7952629096897743
19.0,41.0,1.2399786369231542
13.0,27.0,1.3227053984283452
11.0,22.0,0.7657068067284996
1.0,3.0,12.071192122651071
10.0,11.0,6.976731467526741
12.0,25.0,3.799173737086299
16.0,19.0,1.6692990514015817
22.0,40.0,1.6090764657954237
5.0,6.0,0.4203622385152875
10.0,23.0,1.1216116327550416
10.0,15.0,0.7952629096897743
22.0,41.0,1.2399786369231542
19.0,27.0,1.3227053984283452
14.0,22.0,0.7657068067284996
1.0,3.0,12.071192122651071
8.0,11.0,6.976731467526741
19.0,25.0,3.799173737086299
10.0,19.0,1.6692990514015817
20.0,40.0,1.6090764657954237
3.0,6.0,0.4203622385152875
17.0,23.0,1.1216116327550416
12.0,15.0,0.7952629096897743
29.0,41.0,1.2399786369231542
16.0,27.0,1.3227053984283452
16.0,22.0,0.7657068067284996
3.0,3.0,12.071192122651071
8.0,11.0,6.976731467526741
20.0,25.0,3.799173737086299
17.0,19.0,1.6692990514015817
32.0,40.0,1.6090764657954237
4.0,6.0,0.4203622385152875
18.0,23.0,1.1216116327550416
11.0,15.0,0.7952629096897743
36.0,41.0,1.2399786369231542
19.0,27.0,1.3227053984283452
17.0,22.0,0.7657068067284996
2.0,3.0,12.071192122651071
11.0,11.0,6.976731467526741
21.0,25.0,3.799173737086299
17.0,19.0,1.6692990514015817
37.0,40.0,1.6090764657954237
5.0,6.0,0.4203622385152875
20.0,23.0,1.1216116327550416
15.0,15.0,0.7952629096897743
39.0,41.0,1.2399786369231542
25.0,27.0,1.3227053984283452
20.0,22.0,0.7657068067284996
1.0,2.0,3.1332280736524165
1.0,5.0,4.460725183801205
0.0,6.0,2.6989475103949108
4.0,23.0,4.546935644360204
1.0,17.0,1.389812861043156
0.0,8.0,0.9470598977570601
4.0,9.0,0.2609618324272952
1.0,10.0,0.6278475257703389
2.0,11.0,0.8779113172503464
7.0,101.0,5.99828183140293
2.0,14.0,0.5704268933988105
1.0,2.0,3.1332280736524165
1.0,5.0,4.460725183801205
1.0,6.0,2.6989475103949108
4.0,23.0,4.546935644360204
3.0,17.0,1.389812861043156
2.0,8.0,0.9470598977570601
3.0,9.0,0.2609618324272952
2.0,10.0,0.6278475257703389
2.0,11.0,0.8779113172503464
25.0,101.0,5.99828183140293
2.0,14.0,0.5704268933988105
1.0,2.0,3.1332280736524165
2.0,5.0,4.460725183801205
3.0,6.0,2.6989475103949108
4.0,23.0,4.546935644360204
7.0,17.0,1.389812861043156
3.0,8.0,0.9470598977570601
3.0,9.0,0.2609618324272952
3.0,10.0,0.6278475257703389
5.0,11.0,0.8779113172503464
35.0,101.0,5.99828183140293
4.0,14.0,0.5704268933988105
1.0,2.0,3.1332280736524165
2.0,5.0,4.460725183801205
2.0,6.0,2.6989475103949108
11.0,23.0,4.546935644360204
9.0,17.0,1.389812861043156
2.0,8.0,0.9470598977570601
2.0,9.0,0.2609618324272952
1.0,10.0,0.6278475257703389
5.0,11.0,0.8779113172503464
40.0,101.0,5.99828183140293
6.0,14.0,0.5704268933988105
2.0,2.0,3.1332280736524165
3.0,5.0,4.460725183801205
4.0,6.0,2.6989475103949108
12.0,23.0,4.546935644360204
9.0,17.0,1.389812861043156
3.0,8.0,0.9470598977570601
3.0,9.0,0.2609618324272952
5.0,10.0,0.6278475257703389
7.0,11.0,0.8779113172503464
47.0,101.0,5.99828183140293
4.0,14.0,0.5704268933988105
2.0,2.0,3.1332280736524165
4.0,5.0,4.460725183801205
5.0,6.0,2.6989475103949108
13.0,23.0,4.546935644360204
12.0,17.0,1.389812861043156
4.0,8.0,0.9470598977570601
4.0,9.0,0.2609618324272952
5.0,10.0,0.6278475257703389
6.0,11.0,0.8779113172503464
63.0,101.0,5.99828183140293
10.0,14.0,0.5704268933988105
2.0,2.0,3.1332280736524165
4.0,5.0,4.460725183801205
4.0,6.0,2.6989475103949108
17.0,23.0,4.546935644360204
12.0,17.0,1.389812861043156
8.0,8.0,0.9470598977570601
7.0,9.0,0.2609618324272952
7.0,10.0,0.6278475257703389
9.0,11.0,0.8779113172503464
77.0,101.0,5.99828183140293
13.0,14.0,0.5704268933988105
1.0,2.0,3.1332280736524165
4.0,5.0,4.460725183801205
4.0,6.0,2.6989475103949108
18.0,23.0,4.546935644360204
13.0,17.0,1.389812861043156
8.0,8.0,0.9470598977570601
7.0,9.0,0.2609618324272952
10.0,10.0,0.6278475257703389
10.0,11.0,0.8779113172503464
81.0,101.0,5.99828183140293
11.0,14.0,0.5704268933988105
2.0,2.0,3.1332280736524165
5.0,5.0,4.460725183801205
5.0,6.0,2.6989475103949108
22.0,23.0,4.546935644360204
16.0,17.0,1.389812861043156
8.0,8.0,0.9470598977570601
9.0,9.0,0.2609618324272952
9.0,10.0,0.6278475257703389
10.0,11.0,0.8779113172503464
94.0,101.0,5.99828183140293
13.0,14.0,0.5704268933988105
1.0,3.0,4.371206274183184
0.0,9.0,3.5639776948625443
2.0,15.0,3.6708894795229985
1.0,21.0,2.1489625796739316
0.0,13.0,0.638692515770449
6.0,20.0,1.2014196476430323
1.0,14.0,0.7173054262783027
4.0,54.0,3.858190967129828
6.0,48.0,1.342865606316606
6.0,67.0,2.0298241099296215
0.0,7.0,0.14024701874136716
1.0,3.0,4.371206274183184
2.0,9.0,3.5639776948625443
3.0,15.0,3.6708894795229985
3.0,21.0,2.1489625796739316
4.0,13.0,0.638692515770449
5.0,20.0,1.2014196476430323
2.0,14.0,0.7173054262783027
10.0,54.0,3.858190967129828
12.0,48.0,1.342865606316606
14.0,67.0,2.0298241099296215
2.0,7.0,0.14024701874136716
1.0,3.0,4.371206274183184
4.0,9.0,3.5639776948625443
5.0,15.0,3.6708894795229985
7.0,21.0,2.1489625796739316
4.0,13.0,0.638692515770449
7.0,20.0,1.2014196476430323
4.0,14.0,0.7173054262783027
9.0,54.0,3.858190967129828
13.0,48.0,1.342865606316606
23.0,67.0,2.0298241099296215
5.0,7.0,0.14024701874136716
1.0,3.0,4.371206274183184
4.0,9.0,3.5639776948625443
5.0,15.0,3.6708894795229985
10.0,21.0,2.1489625796739316
3.0,13.0,0.638692515770449
8.0,20.0,1.2014196476430323
5.0,14.0,0.7173054262783027
17.0,54.0,3.858190967129828
16.0,48.0,1.342865606316606
26.0,67.0,2.0298241099296215
3.0,7.0,0.14024701874136716
1.0,3.0,4.371206274183184
6.0,9.0,3.5639776948625443
11.0,15.0,3.6708894795229985
10.0,21.0,2.1489625796739316
9.0,13.0,0.638692515770449
9.0,20.0,1.2014196476430323
5.0,14.0,0.7173054262783027
20.0,54.0,3.858190967129828
24.0,48.0,1.342865606316606
42.0,67.0,2.0298241099296215
4.0,7.0,0.14024701874136716
2.0,3.0,4.371206274183184
6.0,9.0,3.5639776948625443
5.0,15.0,3.6708894795229985
15.0,21.0,2.1489625796739316
7.0,13.0,0.638692515770449
14.0,20.0,1.2014196476430323
6.0,14.0,0.7173054262783027
26.0,54.0,3.858190967129828
34.0,48.0,1.342865606316606
40.0,67.0,2.0298241099296215
4.0,7.0,0.14024701874136716
3.0,3.0,4.371206274183184
5.0,9.0,3.5639776948625443
12.0,15.0,3.6708894795229985
15.0,21.0,2.1489625796739316
7.0,13.0,0.638692515770449
17.0,20.0,1.2014196476430323
11.0,14.0,0.7173054262783027
37.0,54.0,3.858190967129828
35.0,48.0,1.342865606316606
41.0,67.0,2.0298241099296215
6.0,7.0,0.14024701874136716
3.0,3.0,4.371206274183184
7.0,9.0,3.5639776948625443
10.0,15.0,3.6708894795229985
18.0,21.0,2.1489625796739316
10.0,13.0,0.638692515770449
18.0,20.0,1.2014196476430323
10.0,14.0,0.7173054262783027
43.0,54.0,3.858190967129828
40.0,48.0,1.342865606316606
53.0,67.0,2.0298241099296215
6.0,7.0,0.14024701874136716
2.0,3.0,4.371206274183184
7.0,9.0,3.5639776948625443
15.0,15.0,3.6708894795229985
18.0,21.0,2.1489625796739316
11.0,13.0,0.638692515770449
16.0,20.0,1.2014196476430323
12.0,14.0,0.7173054262783027
46.0,54.0,3.858190967129828
45.0,48.0,1.342865606316606
56.0,67.0,2.0298241099296215
5.0,7.0,0.14024701874136716
2.0,5.0,12.193260559690133
3.0,7.0,2.663711098055276
2.0,21.0,4.6050777322380405
0.0,12.0,0.7693377057067835
1.0,7.0,0.6947640824692466
1.0,16.0,1.6749474068329087
0.0,4.0,0.7458770055455578
0.0,10.0,1.338526990911462
3.0,20.0,1.546476577083289
3.0,30.0,2.5730725537955026
1.0,25.0,1.2265838284872983
1.0,5.0,12.193260559690133
1.0,7.0,2.663711098055276
6.0,21.0,4.6050777322380405
2.0,12.0,0.7693377057067835
2.0,7.0,0.6947640824692466
2.0,16.0,1.6749474068329087
1.0,4.0,0.7458770055455578
3.0,10.0,1.338526990911462
3.0,20.0,1.546476577083289
6.0,30.0,2.5730725537955026
3.0,25.0,1.2265838284872983
1.0,5.0,12.193260559690133
4.0,7.0,2.663711098055276
11.0,21.0,4.6050777322380405
2.0,12.0,0.7693377057067835
1.0,7.0,0.6947640824692466
3.0,16.0,1.6749474068329087
0.0,4.0,0.7458770055455578
2.0,10.0,1.338526990911462
6.0,20.0,1.546476577083289
10.0,30.0,2.5730725537955026
3.0,25.0,1.2265838284872983
2.0,5.0,12.193260559690133
2.0,7.0,2.663711098055276
5.0,21.0,4.6050777322380405
7.0,12.0,0.7693377057067835
2.0,7.0,0.6947640824692466
5.0,16.0,1.6749474068329087
2.0,4.0,0.7458770055455578
5.0,10.0,1.338526990911462
10.0,20.0,1.546476577083289
12.0,30.0,2.5730725537955026
13.0,25.0,1.2265838284872983
3.0,5.0,12.193260559690133
6.0,7.0,2.663711098055276
12.0,21.0,4.6050777322380405
7.0,12.0,0.7693377057067835
6.0,7.0,0.6947640824692466
6.0,16.0,1.6749474068329087
2.0,4.0,0.7458770055455578
6.0,10.0,1.338526990911462
8.0,20.0,1.546476577083289
17.0,30.0,2.5730725537955026
16.0,25.0,1.2265838284872983
3.0,5.0,12.193260559690133
3.0,7.0,2.663711098055276
11.0,21.0,4.6050777322380405
6.0,12.0,0.7693377057067835
6.0,7.0,0.6947640824692466
9.0,16.0,1.6749474068329087
1.0,4.0,0.7458770055455578
6.0,10.0,1.338526990911462
11.0,20.0,1.546476577083289
20.0,30.0,2.5730725537955026
14.0,25.0,1.2265838284872983
4.0,5.0,12.193260559690133
4.0,7.0,2.663711098055276
15.0,21.0,4.6050777322380405
7.0,12.0,0.7693377057067835
3.0,7.0,0.6947640824692466
13.0,16.0,1.6749474068329087
2.0,4.0,0.7458770055455578
3.0,10.0,1.338526990911462
11.0,20.0,1.546476577083289
24.0,30.0,2.5730725537955026
18.0,25.0,1.2265838284872983
4.0,5.0,12.193260559690133
6.0,7.0,2.663711098055276
14.0,21.0,4.6050777322380405
9.0,12.0,0.7693377057067835
7.0,7.0,0.6947640824692466
13.0,16.0,1.6749474068329087
4.0,4.0,0.7458770055455578
9.0,10.0,1.338526990911462
17.0,20.0,1.546476577083289
19.0,30.0,2.5730725537955026
17.0,25.0,1.2265838284872983
5.0,5.0,12.193260559690133
7.0,7.0,2.663711098055276
20.0,21.0,4.6050777322380405
11.0,12.0,0.7693377057067835
7.0,7.0,0.6947640824692466
15.0,16.0,1.6749474068329087
4.0,4.0,0.7458770055455578
9.0,10.0,1.338526990911462
20.0,20.0,1.546476577083289
26.0,30.0,2.5730725537955026
24.0,25.0,1.2265838284872983
1.0,6.0,13.53661144476732
1.0,4.0,1.9922469937324763
0.0,3.0,0.788743421683523
2.0,13.0,2.358972323649233
1.0,5.0,1.311249993542338
2.0,9.0,1.481191344761031
4.0,24.0,2.783064112169822
7.0,57.0,3.784398841219996
5.0,30.0,1.266210706663483
2.0,15.0,0.6627355658316706
7.0,51.0,1.6066453707878618
1.0,6.0,13.53661144476732
2.0,4.0,1.9922469937324763
1.0,3.0,0.788743421683523
4.0,13.0,2.358972323649233
1.0,5.0,1.311249993542338
1.0,9.0,1.481191344761031
5.0,24.0,2.783064112169822
8.0,57.0,3.784398841219996
4.0,30.0,1.266210706663483
7.0,15.0,0.6627355658316706
9.0,51.0,1.6066453707878618
1.0,6.0,13.53661144476732
1.0,4.0,1.9922469937324763
1.0,3.0,0.788743421683523
2.0,13.0,2.358972323649233
1.0,5.0,1.311249993542338
2.0,9.0,1.481191344761031
7.0,24.0,2.783064112169822
17.0,57.0,3.784398841219996
5.0,30.0,1.266210706663483
7.0,15.0,0.6627355658316706
14.0,51.0,1.6066453707878618
2.0,6.0,13.53661144476732
1.0,4.0,1.9922469937324763
1.0,3.0,0.788743421683523
8.0,13.0,2.358972323649233
0.0,5.0,1.311249993542338
4.0,9.0,1.481191344761031
9.0,24.0,2.783064112169822
20.0,57.0,3.784398841219996
11.0,30.0,1.266210706663483
7.0,15.0,0.6627355658316706
23.0,51.0,1.6066453707878618
4.0,6.0,13.53661144476732
1.0,4.0,1.9922469937324763
1.0,3.0,0.788743421683523
7.0,13.0,2.358972323649233
3.0,5.0,1.311249993542338
4.0,9.0,1.481191344761031
14.0,24.0,2.783064112169822
31.0,57.0,3.784398841219996
14.0,30.0,1.266210706663483
8.0,15.0,0.6627355658316706
21.0,51.0,1.6066453707878618
6.0,6.0,13.53661144476732
3.0,4.0,1.9922469937324763
2.0,3.0,0.788743421683523
8.0,13.0,2.358972323649233
2.0,5.0,1.311249993542338
5.0,9.0,1.481191344761031
11.0,24.0,2.783064112169822
36.0,57.0,3.784398841219996
19.0,30.0,1.266210706663483
8.0,15.0,0.6627355658316706
33.0,51.0,1.6066453707878618
5.0,6.0,13.53661144476732
4.0,4.0,1.9922469937324763
1.0,3.0,0.788743421683523
13.0,13.0,2.358972323649233
3.0,5.0,1.311249993542338
7.0,9.0,1.481191344761031
17.0,24.0,2.783064112169822
41.0,57.0,3.784398841219996
21.0,30.0,1.266210706663483
9.0,15.0,0.6627355658316706
36.0,51.0,1.6066453707878618
5.0,6.0,13.53661144476732
4.0,4.0,1.9922469937324763
3.0,3.0,0.788743421683523
9.0,13.0,2.358972323649233
3.0,5.0,1.311249993542338
5.0,9.0,1.481191344761031
21.0,24.0,2.783064112169822
49.0,57.0,3.784398841219996
23.0,30.0,1.266210706663483
12.0,15.0,0.6627355658316706
32.0,51.0,1.6066453707878618
4.0,6.0,13.53661144476732
3.0,4.0,1.9922469937324763
3.0,3.0,0.788743421683523
11.0,13.0,2.358972323649233
5.0,5.0,1.311249993542338
9.0,9.0,1.481191344761031
21.0,24.0,2.783064112169822
49.0,57.0,3.784398841219996
30.0,30.0,1.266210706663483
15.0,15.0,0.6627355658316706
48.0,51.0,1.6066453707878618
1.0,4.0,5.381363174309396
1.0,5.0,2.4383374748150994
0.0,11.0,1.897738309630287
1.0,13.0,2.0558187794866853
3.0,32.0,2.655176826682925
2.0,27.0,1.80222408727349
1.0,25.0,0.9229181641668583
11.0,66.0,2.3858074389910646
0.0,18.0,0.5207828038243655
3.0,36.0,1.004421428296991
4.0,29.0,0.7785184769532353
1.0,4.0,5.381363174309396
2.0,5.0,2.4383374748150994
3.0,11.0,1.897738309630287
4.0,13.0,2.0558187794866853
8.0,32.0,2.655176826682925
4.0,27.0,1.80222408727349
4.0,25.0,0.9229181641668583
14.0,66.0,2.3858074389910646
1.0,18.0,0.5207828038243655
6.0,36.0,1.004421428296991
4.0,29.0,0.7785184769532353
2.0,4.0,5.381363174309396
0.0,5.0,2.4383374748150994
2.0,11.0,1.897738309630287
4.0,13.0,2.0558187794866853
8.0,32.0,2.655176826682925
10.0,27.0,1.80222408727349
6.0,25.0,0.9229181641668583
21.0,66.0,2.3858074389910646
6.0,18.0,0.5207828038243655
10.0,36.0,1.004421428296991
11.0,29.0,0.7785184769532353
2.0,4.0,5.381363174309396
3.0,5.0,2.4383374748150994
3.0,11.0,1.897738309630287
4.0,13.0,2.0558187794866853
15.0,32.0,2.655176826682925
14.0,27.0,1.80222408727349
12.0,25.0,0.9229181641668583
20.0,66.0,2.3858074389910646
10.0,18.0,0.5207828038243655
14.0,36.0,1.004421428296991
13.0,29.0,0.7785184769532353
2.0,4.0,5.381363174309396
1.0,5.0,2.4383374748150994
7.0,11.0,1.897738309630287
9.0,13.0,2.0558187794866853
15.0,32.0,2.655176826682925
10.0,27.0,1.80222408727349
16.0,25.0,0.9229181641668583
32.0,66.0,2.3858074389910646
9.0,18.0,0.5207828038243655
20.0,36.0,1.004421428296991
10.0,29.0,0.7785184769532353
3.0,4.0,5.381363174309396
2.0,5.0,2.4383374748150994
5.0,11.0,1.897738309630287
8.0,13.0,2.0558187794866853
19.0,32.0,2.655176826682925
15.0,27.0,1.80222408727349
18.0,25.0,0.9229181641668583
38.0,66.0,2.3858074389910646
8.0,18.0,0.5207828038243655
18.0,36.0,1.004421428296991
19.0,29.0,0.7785184769532353
3.0,4.0,5.381363174309396
3.0,5.0,2.4383374748150994
10.0,11.0,1.897738309630287
8.0,13.0,2.0558187794866853
21.0,32.0,2.655176826682925
25.0,27.0,1.80222408727349
20.0,25.0,0.9229181641668583
47.0,66.0,2.3858074389910646
15.0,18.0,0.5207828038243655
21.0,36.0,1.004421428296991
19.0,29.0,0.7785184769532353
3.0,4.0,5.381363174309396
5.0,5.0,2.4383374748150994
10.0,11.0,1.897738309630287
13.0,13.0,2.0558187794866853
26.0,32.0,2.655176826682925
21.0,27.0,1.80222408727349
20.0,25.0,0.9229181641668583
58.0,66.0,2.3858074389910646
13.0,18.0,0.5207828038243655
32.0,36.0,1.004421428296991
27.0,29.0,0.7785184769532353
4.0,4.0,5.381363174309396
5.0,5.0,2.4383374748150994
9.0,11.0,1.897738309630287
11.0,13.0,2.0558187794866853
31.0,32.0,2.655176826682925
25.0,27.0,1.80222408727349
23.0,25.0,0.9229181641668583
60.0,66.0,2.3858074389910646
13.0,18.0,0.5207828038243655
32.0,36.0,1.004421428296991
27.0,29.0,0.7785184769532353
1.0,6.0,4.82002509947396
1.0,12.0,4.390112076688271
2.0,13.0,2.198286223425817
2.0,9.0,0.7710996802638405
0.0,30.0,2.0833112240936393
3.0,14.0,0.805460025289727
1.0,8.0,0.708507143002414
4.0,58.0,3.383172346482943
0.0,9.0,0.3684314225988298
6.0,32.0,1.101767495006822
1.0,9.0,0.5079181615962526
1.0,6.0,4.82002509947396
7.0,12.0,4.390112076688271
2.0,13.0,2.198286223425817
4.0,9.0,0.7710996802638405
5.0,30.0,2.0833112240936393
3.0,14.0,0.805460025289727
3.0,8.0,0.708507143002414
17.0,58.0,3.383172346482943
1.0,9.0,0.3684314225988298
11.0,32.0,1.101767495006822
2.0,9.0,0.5079181615962526
4.0,6.0,4.82002509947396
5.0,12.0,4.390112076688271
2.0,13.0,2.198286223425817
3.0,9.0,0.7710996802638405
9.0,30.0,2.0833112240936393
3.0,14.0,0.805460025289727
2.0,8.0,0.708507143002414
19.0,58.0,3.383172346482943
2.0,9.0,0.3684314225988298
11.0,32.0,1.101767495006822
4.0,9.0,0.5079181615962526
1.0,6.0,4.82002509947396
5.0,12.0,4.390112076688271
5.0,13.0,2.198286223425817
3.0,9.0,0.7710996802638405
13.0,30.0,2.0833112240936393
3.0,14.0,0.805460025289727
1.0,8.0,0.708507143002414
23.0,58.0,3.383172346482943
4.0,9.0,0.3684314225988298
15.0,32.0,1.101767495006822
3.0,9.0,0.5079181615962526
1.0,6.0,4.82002509947396
7.0,12.0,4.390112076688271
8.0,13.0,2.198286223425817
3.0,9.0,0.7710996802638405
15.0,30.0,2.0833112240936393
11.0,14.0,0.805460025289727
2.0,8.0,0.708507143002414
28.0,58.0,3.383172346482943
1.0,9.0,0.3684314225988298
17.0,32.0,1.101767495006822
7.0,9.0,0.5079181615962526
2.0,6.0,4.82002509947396
6.0,12.0,4.390112076688271
9.0,13.0,2.198286223425817
6.0,9.0,0.7710996802638405
20.0,30.0,2.0833112240936393
8.0,14.0,0.805460025289727
4.0,8.0,0.708507143002414
30.0,58.0,3.383172346482943
5.0,9.0,0.3684314225988298
22.0,32.0,1.101767495006822
5.0,9.0,0.5079181615962526
4.0,6.0,4.82002509947396
6.0,12.0,4.390112076688271
8.0,13.0,2.198286223425817
7.0,9.0,0.7710996802638405
21.0,30.0,2.0833112240936393
11.0,14.0,0.805460025289727
3.0,8.0,0.708507143002414
41.0,58.0,3.383172346482943
6.0,9.0,0.3684314225988298
24.0,32.0,1.101767495006822
8.0,9.0,0.5079181615962526
5.0,6.0,4.82002509947396
10.0,12.0,4.390112076688271
10.0,13.0,2.198286223425817
7.0,9.0,0.7710996802638405
23.0,30.0,2.0833112240936393
10.0,14.0,0.805460025289727
8.0,8.0,0.708507143002414
46.0,58.0,3.383172346482943
6.0,9.0,0.3684314225988298
26.0,32.0,1.101767495006822
7.0,9.0,0.5079181615962526
4.0,6.0,4.82002509947396
11.0,12.0,4.390112076688271
12.0,13.0,2.198286223425817
7.0,9.0,0.7710996802638405
28.0,30.0,2.0833112240936393
13.0,14.0,0.805460025289727
8.0,8.0,0.708507143002414
50.0,58.0,3.383172346482943
9.0,9.0,0.3684314225988298
28.0,32.0,1.101767495006822
9.0,9.0,0.5079181615962526
1.0,3.0,1.5571171763961713
0.0,3.0,3.5049983662404878
2.0,6.0,4.150428806124905
1.0,7.0,1.5844513024309477
2.0,30.0,3.505441521546351
1.0,16.0,1.4346054400172639
2.0,20.0,0.8469964165096892
5.0,37.0,1.7605631359687932
1.0,14.0,0.6292048581345758
2.0,40.0,1.546231187400521
8.0,51.0,1.888689762759916
1.0,3.0,1.5571171763961713
0.0,3.0,3.5049983662404878
1.0,6.0,4.150428806124905
2.0,7.0,1.5844513024309477
6.0,30.0,3.505441521546351
5.0,16.0,1.4346054400172639
5.0,20.0,0.8469964165096892
5.0,37.0,1.7605631359687932
2.0,14.0,0.6292048581345758
10.0,40.0,1.546231187400521
15.0,51.0,1.888689762759916
1.0,3.0,1.5571171763961713
0.0,3.0,3.5049983662404878
1.0,6.0,4.150428806124905
4.0,7.0,1.5844513024309477
9.0,30.0,3.505441521546351
4.0,16.0,1.4346054400172639
5.0,20.0,0.8469964165096892
15.0,37.0,1.7605631359687932
4.0,14.0,0.6292048581345758
9.0,40.0,1.546231187400521
21.0,51.0,1.888689762759916
1.0,3.0,1.5571171763961713
2.0,3.0,3.5049983662404878
1.0,6.0,4.150428806124905
1.0,7.0,1.5844513024309477
13.0,30.0,3.505441521546351
6.0,16.0,1.4346054400172639
7.0,20.0,0.8469964165096892
15.0,37.0,1.7605631359687932
5.0,14.0,0.6292048581345758
15.0,40.0,1.546231187400521
19.0,51.0,1.888689762759916
2.0,3.0,1.5571171763961713
0.0,3.0,3.5049983662404878
5.0,6.0,4.150428806124905
1.0,7.0,1.5844513024309477
16.0,30.0,3.505441521546351
8.0,16.0,1.4346054400172639
8.0,20.0,0.8469964165096892
18.0,37.0,1.7605631359687932
8.0,14.0,0.6292048581345758
11.0,40.0,1.546231187400521
32.0,51.0,1.888689762759916
1.0,3.0,1.5571171763961713
3.0,3.0,3.5049983662404878
3.0,6.0,4.150428806124905
5.0,7.0,1.5844513024309477
15.0,30.0,3.505441521546351
13.0,16.0,1.4346054400172639
12.0,20.0,0.8469964165096892
23.0,37.0,1.7605631359687932
7.0,14.0,0.6292048581345758
25.0,40.0,1.546231187400521
33.0,51.0,1.888689762759916
3.0,3.0,1.5571171763961713
2.0,3.0,3.5049983662404878
6.0,6.0,4.150428806124905
5.0,7.0,1.5844513024309477
14.0,30.0,3.505441521546351
9.0,16.0,1.4346054400172639
14.0,20.0,0.8469964165096892
30.0,37.0,1.7605631359687932
10.0,14.0,0.6292048581345758
30.0,40.0,1.546231187400521
25.0,51.0,1.888689762759916
1.0,3.0,1.5571171763961713
3.0,3.0,3.5049983662404878
6.0,6.0,4.150428806124905
6.0,7.0,1.5844513024309477
22.0,30.0,3.505441521546351
15.0,16.0,1.4346054400172639
16.0,20.0,0.8469964165096892
29.0,37.0,1.7605631359687932
11.0,14.0,0.6292048581345758
31.0,40.0,1.546231187400521
42.0,51.0,1.888689762759916
3.0,3.0,1.5571171763961713
3.0,3.0,3.5049983662404878
5.0,6.0,4.150428806124905
6.0,7.0,1.5844513024309477
26.0,30.0,3.505441521546351
13.0,16.0,1.4346054400172639
19.0,20.0,0.8469964165096892
35.0,37.0,1.7605631359687932
13.0,14.0,0.6292048581345758
38.0,40.0,1.546231187400521
47.0,51.0,1.888689762759916
3.0,6.0,4.4009006266103246
0.0,14.0,4.336123572134496
7.0,61.0,7.363892961705306
8.0,102.0,3.5727473576614166
2.0,9.0,0.13180289212079715
1.0,7.0,0.14781288285116123
3.0,21.0,0.6054906355220138
5.0,32.0,0.9736093430317797
0.0,2.0,0.09026092604859964
4.0,19.0,1.1140111004158402
2.0,22.0,1.4749302650399299
3.0,6.0,4.4009006266103246
6.0,14.0,4.336123572134496
11.0,61.0,7.363892961705306
14.0,102.0,3.5727473576614166
0.0,9.0,0.13180289212079715
2.0,7.0,0.14781288285116123
2.0,21.0,0.6054906355220138
9.0,32.0,0.9736093430317797
0.0,2.0,0.09026092604859964
2.0,19.0,1.1140111004158402
5.0,22.0,1.4749302650399299
1.0,6.0,4.4009006266103246
4.0,14.0,4.336123572134496
23.0,61.0,7.363892961705306
27.0,102.0,3.5727473576614166
2.0,9.0,0.13180289212079715
2.0,7.0,0.14781288285116123
9.0,21.0,0.6054906355220138
7.0,32.0,0.9736093430317797
1.0,2.0,0.09026092604859964
8.0,19.0,1.1140111004158402
7.0,22.0,1.4749302650399299
3.0,6.0,4.4009006266103246
9.0,14.0,4.336123572134496
27.0,61.0,7.363892961705306
46.0,102.0,3.5727473576614166
4.0,9.0,0.13180289212079715
1.0,7.0,0.14781288285116123
9.0,21.0,0.6054906355220138
12.0,32.0,0.9736093430317797
1.0,2.0,0.09026092604859964
7.0,19.0,1.1140111004158402
11.0,22.0,1.4749302650399299
2.0,6.0,4.4009006266103246
8.0,14.0,4.336123572134496
32.0,61.0,7.363892961705306
51.0,102.0,3.5727473576614166
3.0,9.0,0.13180289212079715
1.0,7.0,0.14781288285116123
14.0,21.0,0.6054906355220138
13.0,32.0,0.9736093430317797
1.0,2.0,0.09026092604859964
12.0,19.0,1.1140111004158402
10.0,22.0,1.4749302650399299
3.0,6.0,4.4009006266103246
9.0,14.0,4.336123572134496
40.0,61.0,7.363892961705306
63.0,102.0,3.5727473576614166
7.0,9.0,0.13180289212079715
5.0,7.0,0.14781288285116123
16.0,21.0,0.6054906355220138
22.0,32.0,0.9736093430317797
1.0,2.0,0.09026092604859964
11.0,19.0,1.1140111004158402
11.0,22.0,1.4749302650399299
5.0,6.0,4.4009006266103246
11.0,14.0,4.336123572134496
45.0,61.0,7.363892961705306
75.0,102.0,3.5727473576614166
7.0,9.0,0.13180289212079715
5.0,7.0,0.14781288285116123
10.0,21.0,0.6054906355220138
18.0,32.0,0.9736093430317797
1.0,2.0,0.09026092604859964
15.0,19.0,1.1140111004158402
10.0,22.0,1.4749302650399299
3.0,6.0,4.4009006266103246
12.0,14.0,4.336123572134496
50.0,61.0,7.363892961705306
82.0,102.0,3.5727473576614166
7.0,9.0,0.13180289212079715
6.0,7.0,0.14781288285116123
18.0,21.0,0.6054906355220138
27.0,32.0,0.9736093430317797
1.0,2.0,0.09026092604859964
16.0,19.0,1.1140111004158402
18.0,22.0,1.4749302650399299
6.0,6.0,4.4009006266103246
13.0,14.0,4.336123572134496
57.0,61.0,7.363892961705306
92.0,102.0,3.5727473576614166
9.0,9.0,0.13180289212079715
7.0,7.0,0.14781288285116123
21.0,21.0,0.6054906355220138
31.0,32.0,0.9736093430317797
2.0,2.0,0.09026092604859964
18.0,19.0,1.1140111004158402
20.0,22.0,1.4749302650399299
2.0,5.0,2.0420628787387867
2.0,11.0,5.514194356334502
0.0,6.0,1.0117249860106818
1.0,6.0,0.44165049871958995
9.0,106.0,11.533403596813098
9.0,95.0,2.2906824283617024
8.0,66.0,1.0886785755604294
1.0,23.0,0.4968108646916391
6.0,47.0,0.7842706913157779
6.0,37.0,0.7955083942195148
2.0,10.0,0.17520642801617262
1.0,5.0,2.0420628787387867
3.0,11.0,5.514194356334502
0.0,6.0,1.0117249860106818
3.0,6.0,0.44165049871958995
20.0,106.0,11.533403596813098
21.0,95.0,2.2906824283617024
13.0,66.0,1.0886785755604294
3.0,23.0,0.4968108646916391
10.0,47.0,0.7842706913157779
8.0,37.0,0.7955083942195148
6.0,10.0,0.17520642801617262
1.0,5.0,2.0420628787387867
4.0,11.0,5.514194356334502
3.0,6.0,1.0117249860106818
2.0,6.0,0.44165049871958995
24.0,106.0,11.533403596813098
28.0,95.0,2.2906824283617024
26.0,66.0,1.0886785755604294
8.0,23.0,0.4968108646916391
18.0,47.0,0.7842706913157779
12.0,37.0,0.7955083942195148
5.0,10.0,0.17520642801617262
3.0,5.0,2.0420628787387867
3.0,11.0,5.514194356334502
1.0,6.0,1.0117249860106818
4.0,6.0,0.44165049871958995
39.0,106.0,11.533403596813098
34.0,95.0,2.2906824283617024
26.0,66.0,1.0886785755604294
9.0,23.0,0.4968108646916391
19.0,47.0,0.7842706913157779
17.0,37.0,0.7955083942195148
3.0,10.0,0.17520642801617262
3.0,5.0,2.0420628787387867
5.0,11.0,5.514194356334502
3.0,6.0,1.0117249860106818
4.0,6.0,0.44165049871958995
57.0,106.0,11.533403596813098
44.0,95.0,2.2906824283617024
31.0,66.0,1.0886785755604294
15.0,23.0,0.4968108646916391
21.0,47.0,0.7842706913157779
14.0,37.0,0.7955083942195148
5.0,10.0,0.17520642801617262
3.0,5.0,2.0420628787387867
6.0,11.0,5.514194356334502
5.0,6.0,1.0117249860106818
4.0,6.0,0.44165049871958995
70.0,106.0,11.533403596813098
52.0,95.0,2.2906824283617024
40.0,66.0,1.0886785755604294
14.0,23.0,0.4968108646916391
21.0,47.0,0.7842706913157779
22.0,37.0,0.7955083942195148
7.0,10.0,0.17520642801617262
4.0,5.0,2.0420628787387867
7.0,11.0,5.514194356334502
2.0,6.0,1.0117249860106818
4.0,6.0,0.44165049871958995
70.0,106.0,11.533403596813098
68.0,95.0,2.2906824283617024
35.0,66.0,1.0886785755604294
15.0,23.0,0.4968108646916391
31.0,47.0,0.7842706913157779
26.0,37.0,0.7955083942195148
6.0,10.0,0.17520642801617262
5.0,5.0,2.0420628787387867
10.0,11.0,5.514194356334502
5.0,6.0,1.0117249860106818
3.0,6.0,0.44165049871958995
91.0,106.0,11.533403596813098
78.0,95.0,2.2906824283617024
56.0,66.0,1.0886785755604294
18.0,23.0,0.4968108646916391
38.0,47.0,0.7842706913157779
29.0,37.0,0.7955083942195148
9.0,10.0,0.17520642801617262
5.0,5.0,2.0420628787387867
10.0,11.0,5.514194356334502
6.0,6.0,1.0117249860106818
6.0,6.0,0.44165049871958995
96.0,106.0,11.533403596813098
90.0,95.0,2.2906824283617024
54.0,66.0,1.0886785755604294
19.0,23.0,0.4968108646916391
40.0,47.0,0.7842706913157779
35.0,37.0,0.7955083942195148
9.0,10.0,0.17520642801617262
1.0,5.0,3.5745501183762936
1.0,6.0,5.22089239904209
0.0,9.0,1.5485122097465995
2.0,22.0,4.914614068714199
1.0,13.0,1.106771844092261
3.0,12.0,0.6707183955289862
8.0,102.0,4.551352693138592
1.0,16.0,0.7132067146409121
5.0,38.0,1.0696713739101567
1.0,39.0,0.9460655097116648
2.0,41.0,1.1840160655796506
2.0,5.0,3.5745501183762936
1.0,6.0,5.22089239904209
3.0,9.0,1.5485122097465995
5.0,22.0,4.914614068714199
3.0,13.0,1.106771844092261
3.0,12.0,0.6707183955289862
26.0,102.0,4.551352693138592
3.0,16.0,0.7132067146409121
3.0,38.0,1.0696713739101567
7.0,39.0,0.9460655097116648
7.0,41.0,1.1840160655796506
2.0,5.0,3.5745501183762936
2.0,6.0,5.22089239904209
4.0,9.0,1.5485122097465995
4.0,22.0,4.914614068714199
4.0,13.0,1.106771844092261
3.0,12.0,0.6707183955289862
30.0,102.0,4.551352693138592
8.0,16.0,0.7132067146409121
13.0,38.0,1.0696713739101567
14.0,39.0,0.9460655097116648
16.0,41.0,1.1840160655796506
3.0,5.0,3.5745501183762936
3.0,6.0,5.22089239904209
2.0,9.0,1.5485122097465995
9.0,22.0,4.914614068714199
7.0,13.0,1.106771844092261
5.0,12.0,0.6707183955289862
38.0,102.0,4.551352693138592
7.0,16.0,0.7132067146409121
21.0,38.0,1.0696713739101567
14.0,39.0,0.9460655097116648
17.0,41.0,1.1840160655796506
3.0,5.0,3.5745501183762936
3.0,6.0,5.22089239904209
2.0,9.0,1.5485122097465995
11.0,22.0,4.914614068714199
7.0,13.0,1.106771844092261
6.0,12.0,0.6707183955289862
51.0,102.0,4.551352693138592
6.0,16.0,0.7132067146409121
19.0,38.0,1.0696713739101567
14.0,39.0,0.9460655097116648
21.0,41.0,1.1840160655796506
3.0,5.0,3.5745501183762936
3.0,6.0,5.22089239904209
4.0,9.0,1.5485122097465995
15.0,22.0,4.914614068714199
7.0,13.0,1.106771844092261
8.0,12.0,0.6707183955289862
62.0,102.0,4.551352693138592
9.0,16.0,0.7132067146409121
22.0,38.0,1.0696713739101567
27.0,39.0,0.9460655097116648
27.0,41.0,1.1840160655796506
2.0,5.0,3.5745501183762936
6.0,6.0,5.22089239904209
8.0,9.0,1.5485122097465995
16.0,22.0,4.914614068714199
12.0,13.0,1.106771844092261
8.0,12.0,0.6707183955289862
68.0,102.0,4.551352693138592
12.0,16.0,0.7132067146409121
27.0,38.0,1.0696713739101567
29.0,39.0,0.9460655097116648
24.0,41.0,1.1840160655796506
4.0,5.0,3.5745501183762936
5.0,6.0,5.22089239904209
7.0,9.0,1.5485122097465995
19.0,22.0,4.914614068714199
12.0,13.0,1.106771844092261
10.0,12.0,0.6707183955289862
74.0,102.0,4.551352693138592
13.0,16.0,0.7132067146409121
32.0,38.0,1.0696713739101567
31.0,39.0,0.9460655097116648
31.0,41.0,1.1840160655796506
5.0,5.0,3.5745501183762936
5.0,6.0,5.22089239904209
8.0,9.0,1.5485122097465995
20.0,22.0,4.914614068714199
12.0,13.0,1.106771844092261
10.0,12.0,0.6707183955289862
93.0,102.0,4.551352693138592
15.0,16.0,0.7132067146409121
36.0,38.0,1.0696713739101567
35.0,39.0,0.9460655097116648
39.0,41.0,1.1840160655796506
1.0,6.0,12.197659689689154
0.0,16.0,7.043920413106833
3.0,47.0,5.830187139120824
3.0,57.0,2.801295767233316
3.0,29.0,0.7047711846501123
8.0,71.0,1.7067193363223994
1.0,10.0,0.2009932632688148
2.0,16.0,0.5343130758943962
0.0,4.0,0.21907437752128106
1.0,6.0,0.22454650705129575
4.0,40.0,3.4729455537887763
1.0,6.0,12.197659689689154
7.0,16.0,7.043920413106833
9.0,47.0,5.830187139120824
10.0,57.0,2.801295767233316
6.0,29.0,0.7047711846501123
20.0,71.0,1.7067193363223994
1.0,10.0,0.2009932632688148
3.0,16.0,0.5343130758943962
0.0,4.0,0.21907437752128106
2.0,6.0,0.22454650705129575
5.0,40.0,3.4729455537887763
1.0,6.0,12.197659689689154
3.0,16.0,7.043920413106833
14.0,47.0,5.830187139120824
10.0,57.0,2.801295767233316
12.0,29.0,0.7047711846501123
13.0,71.0,1.7067193363223994
2.0,10.0,0.2009932632688148
7.0,16.0,0.5343130758943962
1.0,4.0,0.21907437752128106
1.0,6.0,0.22454650705129575
8.0,40.0,3.4729455537887763
2.0,6.0,12.197659689689154
10.0,16.0,7.043920413106833
23.0,47.0,5.830187139120824
24.0,57.0,2.801295767233316
13.0,29.0,0.7047711846501123
27.0,71.0,1.7067193363223994
6.0,10.0,0.2009932632688148
6.0,16.0,0.5343130758943962
2.0,4.0,0.21907437752128106
1.0,6.0,0.22454650705129575
15.0,40.0,3.4729455537887763
2.0,6.0,12.197659689689154
6.0,16.0,7.043920413106833
21.0,47.0,5.830187139120824
28.0,57.0,2.801295767233316
15.0,29.0,0.7047711846501123
46.0,71.0,1.7067193363223994
5.0,10.0,0.2009932632688148
10.0,16.0,0.5343130758943962
4.0,4.0,0.21907437752128106
2.0,6.0,0.22454650705129575
22.0,40.0,3.4729455537887763
4.0,6.0,12.197659689689154
8.0,16.0,7.043920413106833
23.0,47.0,5.830187139120824
29.0,57.0,2.801295767233316
15.0,29.0,0.7047711846501123
43.0,71.0,1.7067193363223994
6.0,10.0,0.2009932632688148
10.0,16.0,0.5343130758943962
1.0,4.0,0.21907437752128106
4.0,6.0,0.22454650705129575
25.0,40.0,3.4729455537887763
5.0,6.0,12.197659689689154
12.0,16.0,7.043920413106833
32.0,47.0,5.830187139120824
41.0,57.0,2.801295767233316
19.0,29.0,0.7047711846501123
54.0,71.0,1.7067193363223994
4.0,10.0,0.2009932632688148
9.0,16.0,0.5343130758943962
3.0,4.0,0.21907437752128106
5.0,6.0,0.22454650705129575
32.0,40.0,3.4729455537887763
5.0,6.0,12.197659689689154
14.0,16.0,7.043920413106833
38.0,47.0,5.830187139120824
48.0,57.0,2.801295767233316
27.0,29.0,0.7047711846501123
51.0,71.0,1.7067193363223994
9.0,10.0,0.2009932632688148
11.0,16.0,0.5343130758943962
4.0,4.0,0.21907437752128106
5.0,6.0,0.22454650705129575
28.0,40.0,3.4729455537887763
4.0,6.0,12.197659689689154
12.0,16.0,7.043920413106833
42.0,47.0,5.830187139120824
49.0,57.0,2.801295767233316
27.0,29.0,0.7047711846501123
61.0,71.0,1.7067193363223994
10.0,10.0,0.2009932632688148
16.0,16.0,0.5343130758943962
4.0,4.0,0.21907437752128106
5.0,6.0,0.22454650705129575
37.0,40.0,3.4729455537887763
1.0,8.0,10.998893704338618
2.0,11.0,3.504034666502061
0.0,5.0,0.7776257360864854
1.0,10.0,1.4443694595511376
0.0,5.0,0.7129364406586075
1.0,9.0,1.6965279166444578
1.0,7.0,1.0739294765980079
2.0,20.0,1.9081788002942282
3.0,12.0,1.136113242875029
8.0,66.0,5.022861528357517
1.0,40.0,1.609972603768879
2.0,8.0,10.998893704338618
3.0,11.0,3.504034666502061
1.0,5.0,0.7776257360864854
2.0,10.0,1.4443694595511376
1.0,5.0,0.7129364406586075
0.0,9.0,1.6965279166444578
2.0,7.0,1.0739294765980079
3.0,20.0,1.9081788002942282
2.0,12.0,1.136113242875029
14.0,66.0,5.022861528357517
7.0,40.0,1.609972603768879
4.0,8.0,10.998893704338618
5.0,11.0,3.504034666502061
0.0,5.0,0.7776257360864854
3.0,10.0,1.4443694595511376
2.0,5.0,0.7129364406586075
3.0,9.0,1.6965279166444578
1.0,7.0,1.0739294765980079
4.0,20.0,1.9081788002942282
5.0,12.0,1.136113242875029
20.0,66.0,5.022861528357517
7.0,40.0,1.609972603768879
3.0,8.0,10.998893704338618
5.0,11.0,3.504034666502061
1.0,5.0,0.7776257360864854
4.0,10.0,1.4443694595511376
1.0,5.0,0.7129364406586075
5.0,9.0,1.6965279166444578
5.0,7.0,1.0739294765980079
9.0,20.0,1.9081788002942282
4.0,12.0,1.136113242875029
27.0,66.0,5.022861528357517
11.0,40.0,1.609972603768879
4.0,8.0,10.998893704338618
5.0,11.0,3.504034666502061
2.0,5.0,0.7776257360864854
4.0,10.0,1.4443694595511376
2.0,5.0,0.7129364406586075
5.0,9.0,1.6965279166444578
3.0,7.0,1.0739294765980079
10.0,20.0,1.9081788002942282
5.0,12.0,1.136113242875029
33.0,66.0,5.022861528357517
21.0,40.0,1.609972603768879
7.0,8.0,10.998893704338618
7.0,11.0,3.504034666502061
2.0,5.0,0.7776257360864854
8.0,10.0,1.4443694595511376
3.0,5.0,0.7129364406586075
5.0,9.0,1.6965279166444578
6.0,7.0,1.0739294765980079
8.0,20.0,1.9081788002942282
8.0,12.0,1.136113242875029
35.0,66.0,5.022861528357517
17.0,40.0,1.609972603768879
5.0,8.0,10.998893704338618
10.0,11.0,3.504034666502061
3.0,5.0,0.7776257360864854
8.0,10.0,1.4443694595511376
4.0,5.0,0.7129364406586075
4.0,9.0,1.6965279166444578
5.0,7.0,1.0739294765980079
15.0,20.0,1.9081788002942282
9.0,12.0,1.136113242875029
39.0,66.0,5.022861528357517
27.0,40.0,1.609972603768879
8.0,8.0,10.998893704338618
10.0,11.0,3.504034666502061
4.0,5.0,0.7776257360864854
9.0,10.0,1.4443694595511376
4.0,5.0,0.7129364406586075
7.0,9.0,1.6965279166444578
4.0,7.0,1.0739294765980079
13.0,20.0,1.9081788002942282
11.0,12.0,1.136113242875029
51.0,66.0,5.022861528357517
36.0,40.0,1.609972603768879
8.0,8.0,10.998893704338618
10.0,11.0,3.504034666502061
4.0,5.0,0.7776257360864854
10.0,10.0,1.4443694595511376
5.0,5.0,0.7129364406586075
7.0,9.0,1.6965279166444578
7.0,7.0,1.0739294765980079
18.0,20.0,1.9081788002942282
12.0,12.0,1.136113242875029
59.0,66.0,5.022861528357517
35.0,40.0,1.609972603768879
1.0,6.0,9.063222483875368
2.0,5.0,1.9517548449076594
1.0,14.0,3.656811845930182
3.0,60.0,6.322593943376696
0.0,4.0,0.30062436688897776
5.0,69.0,2.6810478203385024
2.0,54.0,1.027379571943862
2.0,30.0,0.6756299134072952
5.0,23.0,0.5174228418743235
7.0,61.0,1.4491688908088787
3.0,21.0,0.5987491430346846
3.0,6.0,9.063222483875368
0.0,5.0,1.9517548449076594
3.0,14.0,3.656811845930182
15.0,60.0,6.322593943376696
1.0,4.0,0.30062436688897776
11.0,69.0,2.6810478203385024
15.0,54.0,1.027379571943862
7.0,30.0,0.6756299134072952
5.0,23.0,0.5174228418743235
11.0,61.0,1.4491688908088787
3.0,21.0,0.5987491430346846
2.0,6.0,9.063222483875368
0.0,5.0,1.9517548449076594
5.0,14.0,3.656811845930182
18.0,60.0,6.322593943376696
1.0,4.0,0.30062436688897776
17.0,69.0,2.6810478203385024
15.0,54.0,1.027379571943862
5.0,30.0,0.6756299134072952
9.0,23.0,0.5174228418743235
19.0,61.0,1.4491688908088787
5.0,21.0,0.5987491430346846
1.0,6.0,9.063222483875368
1.0,5.0,1.9517548449076594
6.0,14.0,3.656811845930182
21.0,60.0,6.322593943376696
2.0,4.0,0.30062436688897776
27.0,69.0,2.6810478203385024
20.0,54.0,1.027379571943862
14.0,30.0,0.6756299134072952
8.0,23.0,0.5174228418743235
29.0,61.0,1.4491688908088787
7.0,21.0,0.5987491430346846
3.0,6.0,9.063222483875368
4.0,5.0,1.9517548449076594
9.0,14.0,3.656811845930182
31.0,60.0,6.322593943376696
4.0,4.0,0.30062436688897776
36.0,69.0,2.6810478203385024
27.0,54.0,1.027379571943862
15.0,30.0,0.6756299134072952
19.0,23.0,0.5174228418743235
26.0,61.0,1.4491688908088787
10.0,21.0,0.5987491430346846
4.0,6.0,9.063222483875368
4.0,5.0,1.9517548449076594
7.0,14.0,3.656811845930182
38.0,60.0,6.322593943376696
2.0,4.0,0.30062436688897776
39.0,69.0,2.6810478203385024
35.0,54.0,1.027379571943862
16.0,30.0,0.6756299134072952
14.0,23.0,0.5174228418743235
38.0,61.0,1.4491688908088787
9.0,21.0,0.5987491430346846
6.0,6.0,9.063222483875368
3.0,5.0,1.9517548449076594
11.0,14.0,3.656811845930182
42.0,60.0,6.322593943376696
4.0,4.0,0.30062436688897776
54.0,69.0,2.6810478203385024
44.0,54.0,1.027379571943862
20.0,30.0,0.6756299134072952
17.0,23.0,0.5174228418743235
40.0,61.0,1.4491688908088787
14.0,21.0,0.5987491430346846
6.0,6.0,9.063222483875368
3.0,5.0,1.9517548449076594
12.0,14.0,3.656811845930182
47.0,60.0,6.322593943376696
3.0,4.0,0.30062436688897776
53.0,69.0,2.6810478203385024
40.0,54.0,1.027379571943862
23.0,30.0,0.6756299134072952
16.0,23.0,0.5174228418743235
50.0,61.0,1.4491688908088787
19.0,21.0,0.5987491430346846
6.0,6.0,9.063222483875368
5.0,5.0,1.9517548449076594
12.0,14.0,3.656811845930182
58.0,60.0,6.322593943376696
4.0,4.0,0.30062436688897776
64.0,69.0,2.6810478203385024
47.0,54.0,1.027379571943862
28.0,30.0,0.6756299134072952
23.0,23.0,0.5174228418743235
55.0,61.0,1.4491688908088787
17.0,21.0,0.5987491430346846
1.0,5.0,7.676956713638263
0.0,4.0,4.3321000206872515
0.0,4.0,2.6146408529150356
1.0,24.0,3.542563248150787
0.0,8.0,0.4659172228760214
3.0,23.0,1.9735773710551843
2.0,25.0,1.548171269683603
1.0,11.0,0.6097884814162396
9.0,73.0,3.3087049296218245
4.0,37.0,1.0580828948534788
4.0,32.0,0.7357722320250338
2.0,5.0,7.676956713638263
1.0,4.0,4.3321000206872515
1.0,4.0,2.6146408529150356
3.0,24.0,3.542563248150787
1.0,8.0,0.4659172228760214
6.0,23.0,1.9735773710551843
6.0,25.0,1.548171269683603
2.0,11.0,0.6097884814162396
18.0,73.0,3.3087049296218245
7.0,37.0,1.0580828948534788
5.0,32.0,0.7357722320250338
2.0,5.0,7.676956713638263
0.0,4.0,4.3321000206872515
2.0,4.0,2.6146408529150356
9.0,24.0,3.542563248150787
3.0,8.0,0.4659172228760214
5.0,23.0,1.9735773710551843
7.0,25.0,1.548171269683603
1.0,11.0,0.6097884814162396
23.0,73.0,3.3087049296218245
9.0,37.0,1.0580828948534788
10.0,32.0,0.7357722320250338
2.0,5.0,7.676956713638263
2.0,4.0,4.3321000206872515
2.0,4.0,2.6146408529150356
17.0,24.0,3.542563248150787
4.0,8.0,0.4659172228760214
11.0,23.0,1.9735773710551843
13.0,25.0,1.548171269683603
6.0,11.0,0.6097884814162396
24.0,73.0,3.3087049296218245
11.0,37.0,1.0580828948534788
13.0,32.0,0.7357722320250338
1.0,5.0,7.676956713638263
2.0,4.0,4.3321000206872515
1.0,4.0,2.6146408529150356
11.0,24.0,3.542563248150787
6.0,8.0,0.4659172228760214
10.0,23.0,1.9735773710551843
12.0,25.0,1.548171269683603
6.0,11.0,0.6097884814162396
30.0,73.0,3.3087049296218245
20.0,37.0,1.0580828948534788
17.0,32.0,0.7357722320250338
5.0,5.0,7.676956713638263
2.0,4.0,4.3321000206872515
3.0,4.0,2.6146408529150356
11.0,24.0,3.542563248150787
7.0,8.0,0.4659172228760214
13.0,23.0,1.9735773710551843
16.0,25.0,1.548171269683603
7.0,11.0,0.6097884814162396
41.0,73.0,3.3087049296218245
16.0,37.0,1.0580828948534788
21.0,32.0,0.7357722320250338
4.0,5.0,7.676956713638263
4.0,4.0,4.3321000206872515
3.0,4.0,2.6146408529150356
19.0,24.0,3.542563248150787
8.0,8.0,0.4659172228760214
12.0,23.0,1.9735773710551843
15.0,25.0,1.548171269683603
11.0,11.0,0.6097884814162396
53.0,73.0,3.3087049296218245
22.0,37.0,1.0580828948534788
20.0,32.0,0.7357722320250338
5.0,5.0,7.676956713638263
4.0,4.0,4.3321000206872515
4.0,4.0,2.6146408529150356
19.0,24.0,3.542563248150787
6.0,8.0,0.4659172228760214
17.0,23.0,1.9735773710551843
18.0,25.0,1.548171269683603
7.0,11.0,0.6097884814162396
63.0,73.0,3.3087049296218245
29.0,37.0,1.0580828948534788
25.0,32.0,0.7357722320250338
4.0,5.0,7.676956713638263
4.0,4.0,4.3321000206872515
2.0,4.0,2.6146408529150356
20.0,24.0,3.542563248150787
8.0,8.0,0.4659172228760214
20.0,23.0,1.9735773710551843
23.0,25.0,1.548171269683603
9.0,11.0,0.6097884814162396
66.0,73.0,3.3087049296218245
35.0,37.0,1.0580828948534788
26.0,32.0,0.7357722320250338
1.0,3.0,8.936283444490291
1.0,13.0,6.143296949424136
0.0,1.0,0.12730223374318841
2.0,8.0,2.8243661269584095
1.0,5.0,0.49683357314769894
6.0,38.0,5.269779821590277
2.0,34.0,2.344151322532491
2.0,15.0,0.8575583260645947
2.0,21.0,0.8867262206766052
10.0,77.0,2.846106145994652
3.0,43.0,1.0758220705916868
1.0,3.0,8.936283444490291
1.0,13.0,6.143296949424136
0.0,1.0,0.12730223374318841
1.0,8.0,2.8243661269584095
1.0,5.0,0.49683357314769894
11.0,38.0,5.269779821590277
9.0,34.0,2.344151322532491
2.0,15.0,0.8575583260645947
4.0,21.0,0.8867262206766052
23.0,77.0,2.846106145994652
10.0,43.0,1.0758220705916868
1.0,3.0,8.936283444490291
3.0,13.0,6.143296949424136
0.0,1.0,0.12730223374318841
4.0,8.0,2.8243661269584095
1.0,5.0,0.49683357314769894
10.0,38.0,5.269779821590277
11.0,34.0,2.344151322532491
3.0,15.0,0.8575583260645947
4.0,21.0,0.8867262206766052
20.0,77.0,2.846106145994652
14.0,43.0,1.0758220705916868
1.0,3.0,8.936283444490291
5.0,13.0,6.143296949424136
1.0,1.0,0.12730223374318841
4.0,8.0,2.8243661269584095
1.0,5.0,0.49683357314769894
15.0,38.0,5.269779821590277
14.0,34.0,2.344151322532491
8.0,15.0,0.8575583260645947
7.0,21.0,0.8867262206766052
32.0,77.0,2.846106145994652
20.0,43.0,1.0758220705916868
1.0,3.0,8.936283444490291
5.0,13.0,6.143296949424136
1.0,1.0,0.12730223374318841
2.0,8.0,2.8243661269584095
3.0,5.0,0.49683357314769894
15.0,38.0,5.269779821590277
19.0,34.0,2.344151322532491
12.0,15.0,0.8575583260645947
14.0,21.0,0.8867262206766052
38.0,77.0,2.846106145994652
23.0,43.0,1.0758220705916868
1.0,3.0,8.936283444490291
6.0,13.0,6.143296949424136
1.0,1.0,0.12730223374318841
4.0,8.0,2.8243661269584095
3.0,5.0,0.49683357314769894
20.0,38.0,5.269779821590277
22.0,34.0,2.344151322532491
7.0,15.0,0.8575583260645947
12.0,21.0,0.8867262206766052
41.0,77.0,2.846106145994652
24.0,43.0,1.0758220705916868
3.0,3.0,8.936283444490291
10.0,13.0,6.143296949424136
1.0,1.0,0.12730223374318841
5.0,8.0,2.8243661269584095
2.0,5.0,0.49683357314769894
28.0,38.0,5.269779821590277
23.0,34.0,2.344151322532491
8.0,15.0,0.8575583260645947
15.0,21.0,0.8867262206766052
56.0,77.0,2.846106145994652
28.0,43.0,1.0758220705916868
2.0,3.0,8.936283444490291
10.0,13.0,6.143296949424136
0.0,1.0,0.12730223374318841
7.0,8.0,2.8243661269584095
2.0,5.0,0.49683357314769894
30.0,38.0,5.269779821590277
28.0,34.0,2.344151322532491
10.0,15.0,0.8575583260645947
18.0,21.0,0.8867262206766052
69.0,77.0,2.846106145994652
34.0,43.0,1.0758220705916868
3.0,3.0,8.936283444490291
11.0,13.0,6.143296949424136
1.0,1.0,0.12730223374318841
7.0,8.0,2.8243661269584095
5.0,5.0,0.49683357314769894
35.0,38.0,5.269779821590277
31.0,34.0,2.344151322532491
13.0,15.0,0.8575583260645947
19.0,21.0,0.8867262206766052
63.0,77.0,2.846106145994652
42.0,43.0,1.0758220705916868
1.0,7.0,3.7337532825764246
0.0,6.0,2.612713328849236
4.0,26.0,4.058458544811274
2.0,12.0,1.1250435927063878
2.0,18.0,1.4470262114917651
2.0,39.0,2.3323726530736404
3.0,17.0,0.9838642393280245
3.0,32.0,1.289253168988528
8.0,34.0,1.8803221862296327
0.0,5.0,0.37879776878983795
3.0,32.0,1.3614368551578488
3.0,7.0,3.7337532825764246
0.0,6.0,2.612713328849236
4.0,26.0,4.058458544811274
1.0,12.0,1.1250435927063878
4.0,18.0,1.4470262114917651
6.0,39.0,2.3323726530736404
1.0,17.0,0.9838642393280245
8.0,32.0,1.289253168988528
6.0,34.0,1.8803221862296327
1.0,5.0,0.37879776878983795
7.0,32.0,1.3614368551578488
1.0,7.0,3.7337532825764246
4.0,6.0,2.612713328849236
8.0,26.0,4.058458544811274
6.0,12.0,1.1250435927063878
6.0,18.0,1.4470262114917651
13.0,39.0,2.3323726530736404
3.0,17.0,0.9838642393280245
12.0,32.0,1.289253168988528
7.0,34.0,1.8803221862296327
1.0,5.0,0.37879776878983795
11.0,32.0,1.3614368551578488
1.0,7.0,3.7337532825764246
2.0,6.0,2.612713328849236
12.0,26.0,4.058458544811274
5.0,12.0,1.1250435927063878
6.0,18.0,1.4470262114917651
13.0,39.0,2.3323726530736404
8.0,17.0,0.9838642393280245
14.0,32.0,1.289253168988528
13.0,34.0,1.8803221862296327
3.0,5.0,0.37879776878983795
11.0,32.0,1.3614368551578488
2.0,7.0,3.7337532825764246
4.0,6.0,2.612713328849236
13.0,26.0,4.058458544811274
6.0,12.0,1.1250435927063878
10.0,18.0,1.4470262114917651
22.0,39.0,2.3323726530736404
10.0,17.0,0.9838642393280245
14.0,32.0,1.289253168988528
21.0,34.0,1.8803221862296327
1.0,5.0,0.37879776878983795
19.0,32.0,1.3614368551578488
3.0,7.0,3.7337532825764246
5.0,6.0,2.612713328849236
15.0,26.0,4.058458544811274
10.0,12.0,1.1250435927063878
16.0,18.0,1.4470262114917651
25.0,39.0,2.3323726530736404
8.0,17.0,0.9838642393280245
15.0,32.0,1.289253168988528
21.0,34.0,1.8803221862296327
2.0,5.0,0.37879776878983795
19.0,32.0,1.3614368551578488
5.0,7.0,3.7337532825764246
5.0,6.0,2.612713328849236
20.0,26.0,4.058458544811274
9.0,12.0,1.1250435927063878
12.0,18.0,1.4470262114917651
28.0,39.0,2.3323726530736404
11.0,17.0,0.9838642393280245
23.0,32.0,1.289253168988528
26.0,34.0,1.8803221862296327
3.0,5.0,0.37879776878983795
14.0,32.0,1.3614368551578488
7.0,7.0,3.7337532825764246
5.0,6.0,2.612713328849236
17.0,26.0,4.058458544811274
10.0,12.0,1.1250435927063878
18.0,18.0,1.4470262114917651
29.0,39.0,2.3323726530736404
16.0,17.0,0.9838642393280245
25.0,32.0,1.289253168988528
30.0,34.0,1.8803221862296327
4.0,5.0,0.37879776878983795
24.0,32.0,1.3614368551578488
7.0,7.0,3.7337532825764246
5.0,6.0,2.612713328849236
22.0,26.0,4.058458544811274
12.0,12.0,1.1250435927063878
17.0,18.0,1.4470262114917651
34.0,39.0,2.3323726530736404
16.0,17.0,0.9838642393280245
28.0,32.0,1.289253168988528
31.0,34.0,1.8803221862296327
4.0,5.0,0.37879776878983795
28.0,32.0,1.3614368551578488
2.0,6.0,5.619315983275308
0.0,25.0,6.748101494864876
1.0,32.0,2.5306272063211135
7.0,80.0,3.457813069183116
1.0,19.0,0.5196219496915641
8.0,76.0,1.8368277312828962
2.0,13.0,0.2516989507055549
4.0,21.0,0.4136793969933768
8.0,49.0,1.1794686201259008
3.0,24.0,0.6506029398835358
0.0,6.0,0.2506846460518668
3.0,6.0,5.619315983275308
7.0,25.0,6.748101494864876
6.0,32.0,2.5306272063211135
19.0,80.0,3.457813069183116
3.0,19.0,0.5196219496915641
15.0,76.0,1.8368277312828962
2.0,13.0,0.2516989507055549
4.0,21.0,0.4136793969933768
13.0,49.0,1.1794686201259008
5.0,24.0,0.6506029398835358
0.0,6.0,0.2506846460518668
2.0,6.0,5.619315983275308
6.0,25.0,6.748101494864876
6.0,32.0,2.5306272063211135
20.0,80.0,3.457813069183116
4.0,19.0,0.5196219496915641
23.0,76.0,1.8368277312828962
3.0,13.0,0.2516989507055549
12.0,21.0,0.4136793969933768
18.0,49.0,1.1794686201259008
8.0,24.0,0.6506029398835358
3.0,6.0,0.2506846460518668
4.0,6.0,5.619315983275308
8.0,25.0,6.748101494864876
11.0,32.0,2.5306272063211135
36.0,80.0,3.457813069183116
12.0,19.0,0.5196219496915641
33.0,76.0,1.8368277312828962
6.0,13.0,0.2516989507055549
13.0,21.0,0.4136793969933768
13.0,49.0,1.1794686201259008
9.0,24.0,0.6506029398835358
2.0,6.0,0.2506846460518668
4.0,6.0,5.619315983275308
16.0,25.0,6.748101494864876
13.0,32.0,2.5306272063211135
46.0,80.0,3.457813069183116
10.0,19.0,0.5196219496915641
44.0,76.0,1.8368277312828962
7.0,13.0,0.2516989507055549
14.0,21.0,0.4136793969933768
32.0,49.0,1.1794686201259008
12.0,24.0,0.6506029398835358
5.0,6.0,0.2506846460518668
4.0,6.0,5.619315983275308
13.0,25.0,6.748101494864876
23.0,32.0,2.5306272063211135
48.0,80.0,3.457813069183116
11.0,19.0,0.5196219496915641
48.0,76.0,1.8368277312828962
8.0,13.0,0.2516989507055549
10.0,21.0,0.4136793969933768
27.0,49.0,1.1794686201259008
16.0,24.0,0.6506029398835358
4.0,6.0,0.2506846460518668
4.0,6.0,5.619315983275308
17.0,25.0,6.748101494864876
21.0,32.0,2.5306272063211135
56.0,80.0,3.457813069183116
10.0,19.0,0.5196219496915641
50.0,76.0,1.8368277312828962
9.0,13.0,0.2516989507055549
16.0,21.0,0.4136793969933768
35.0,49.0,1.1794686201259008
20.0,24.0,0.6506029398835358
6.0,6.0,0.2506846460518668
6.0,6.0,5.619315983275308
21.0,25.0,6.748101494864876
27.0,32.0,2.5306272063211135
62.0,80.0,3.457813069183116
16.0,19.0,0.5196219496915641
57.0,76.0,1.8368277312828962
12.0,13.0,0.2516989507055549
18.0,21.0,0.4136793969933768
39.0,49.0,1.1794686201259008
23.0,24.0,0.6506029398835358
5.0,6.0,0.2506846460518668
6.0,6.0,5.619315983275308
22.0,25.0,6.748101494864876
28.0,32.0,2.5306272063211135
71.0,80.0,3.457813069183116
18.0,19.0,0.5196219496915641
70.0,76.0,1.8368277312828962
12.0,13.0,0.2516989507055549
20.0,21.0,0.4136793969933768
44.0,49.0,1.1794686201259008
19.0,24.0,0.6506029398835358
5.0,6.0,0.2506846460518668
1.0,5.0,9.079639344142066
1.0,7.0,3.652882884527736
2.0,6.0,1.9934443769664651
0.0,3.0,0.9813092726395864
1.0,25.0,4.011899924444889
1.0,9.0,0.9171622114331792
3.0,34.0,2.5606387270103945
0.0,6.0,0.48671597034500375
1.0,3.0,0.23506490572926186
1.0,12.0,1.463769407807662
2.0,27.0,2.2096855768226837
2.0,5.0,9.079639344142066
2.0,7.0,3.652882884527736
3.0,6.0,1.9934443769664651
1.0,3.0,0.9813092726395864
4.0,25.0,4.011899924444889
2.0,9.0,0.9171622114331792
6.0,34.0,2.5606387270103945
2.0,6.0,0.48671597034500375
0.0,3.0,0.23506490572926186
3.0,12.0,1.463769407807662
5.0,27.0,2.2096855768226837
2.0,5.0,9.079639344142066
3.0,7.0,3.652882884527736
2.0,6.0,1.9934443769664651
3.0,3.0,0.9813092726395864
8.0,25.0,4.011899924444889
4.0,9.0,0.9171622114331792
9.0,34.0,2.5606387270103945
1.0,6.0,0.48671597034500375
2.0,3.0,0.23506490572926186
2.0,12.0,1.463769407807662
8.0,27.0,2.2096855768226837
3.0,5.0,9.079639344142066
4.0,7.0,3.652882884527736
2.0,6.0,1.9934443769664651
3.0,3.0,0.9813092726395864
8.0,25.0,4.011899924444889
2.0,9.0,0.9171622114331792
10.0,34.0,2.5606387270103945
3.0,6.0,0.48671597034500375
1.0,3.0,0.23506490572926186
4.0,12.0,1.463769407807662
7.0,27.0,2.2096855768226837
4.0,5.0,9.079639344142066
3.0,7.0,3.652882884527736
2.0,6.0,1.9934443769664651
1.0,3.0,0.9813092726395864
18.0,25.0,4.011899924444889
5.0,9.0,0.9171622114331792
13.0,34.0,2.5606387270103945
2.0,6.0,0.48671597034500375
1.0,3.0,0.23506490572926186
7.0,12.0,1.463769407807662
15.0,27.0,2.2096855768226837
4.0,5.0,9.079639344142066
3.0,7.0,3.652882884527736
5.0,6.0,1.9934443769664651
2.0,3.0,0.9813092726395864
18.0,25.0,4.011899924444889
8.0,9.0,0.9171622114331792
25.0,34.0,2.5606387270103945
4.0,6.0,0.48671597034500375
2.0,3.0,0.23506490572926186
7.0,12.0,1.463769407807662
18.0,27.0,2.2096855768226837
3.0,5.0,9.079639344142066
4.0,7.0,3.652882884527736
3.0,6.0,1.9934443769664651
3.0,3.0,0.9813092726395864
18.0,25.0,4.011899924444889
5.0,9.0,0.9171622114331792
27.0,34.0,2.5606387270103945
4.0,6.0,0.48671597034500375
3.0,3.0,0.23506490572926186
6.0,12.0,1.463769407807662
22.0,27.0,2.2096855768226837
1.0,5.0,9.079639344142066
6.0,7.0,3.652882884527736
6.0,6.0,1.9934443769664651
3.0,3.0,0.9813092726395864
20.0,25.0,4.011899924444889
7.0,9.0,0.9171622114331792
25.0,34.0,2.5606387270103945
6.0,6.0,0.48671597034500375
1.0,3.0,0.23506490572926186
11.0,12.0,1.463769407807662
16.0,27.0,2.2096855768226837
4.0,5.0,9.079639344142066
5.0,7.0,3.652882884527736
6.0,6.0,1.9934443769664651
3.0,3.0,0.9813092726395864
20.0,25.0,4.011899924444889
8.0,9.0,0.9171622114331792
31.0,34.0,2.5606387270103945
6.0,6.0,0.48671597034500375
3.0,3.0,0.23506490572926186
12.0,12.0,1.463769407807662
26.0,27.0,2.2096855768226837
1.0,5.0,10.0394077846376
1.0,2.0,1.5417653278995498
0.0,8.0,2.2191964135610007
0.0,8.0,1.6909378613164974
4.0,43.0,6.249938089304404
1.0,71.0,3.3002030391247383
9.0,92.0,2.4542497397753285
2.0,11.0,0.17332152843225165
6.0,54.0,0.9317109258248284
1.0,20.0,0.3581371559353463
5.0,49.0,1.2548740903995743
2.0,5.0,10.0394077846376
1.0,2.0,1.5417653278995498
2.0,8.0,2.2191964135610007
2.0,8.0,1.6909378613164974
8.0,43.0,6.249938089304404
10.0,71.0,3.3002030391247383
25.0,92.0,2.4542497397753285
2.0,11.0,0.17332152843225165
10.0,54.0,0.9317109258248284
3.0,20.0,0.3581371559353463
12.0,49.0,1.2548740903995743
1.0,5.0,10.0394077846376
1.0,2.0,1.5417653278995498
2.0,8.0,2.2191964135610007
2.0,8.0,1.6909378613164974
14.0,43.0,6.249938089304404
17.0,71.0,3.3002030391247383
34.0,92.0,2.4542497397753285
3.0,11.0,0.17332152843225165
18.0,54.0,0.9317109258248284
6.0,20.0,0.3581371559353463
19.0,49.0,1.2548740903995743
1.0,5.0,10.0394077846376
0.0,2.0,1.5417653278995498
3.0,8.0,2.2191964135610007
4.0,8.0,1.6909378613164974
18.0,43.0,6.249938089304404
35.0,71.0,3.3002030391247383
33.0,92.0,2.4542497397753285
3.0,11.0,0.17332152843225165
24.0,54.0,0.9317109258248284
7.0,20.0,0.3581371559353463
23.0,49.0,1.2548740903995743
3.0,5.0,10.0394077846376
1.0,2.0,1.5417653278995498
3.0,8.0,2.2191964135610007
5.0,8.0,1.6909378613164974
24.0,43.0,6.249938089304404
39.0,71.0,3.3002030391247383
43.0,92.0,2.4542497397753285
8.0,11.0,0.17332152843225165
34.0,54.0,0.9317109258248284
10.0,20.0,0.3581371559353463
20.0,49.0,1.2548740903995743
5.0,5.0,10.0394077846376
1.0,2.0,1.5417653278995498
5.0,8.0,2.2191964135610007
6.0,8.0,1.6909378613164974
30.0,43.0,6.249938089304404
40.0,71.0,3.3002030391247383
51.0,92.0,2.4542497397753285
6.0,11.0,0.17332152843225165
35.0,54.0,0.9317109258248284
15.0,20.0,0.3581371559353463
34.0,49.0,1.2548740903995743
4.0,5.0,10.0394077846376
2.0,2.0,1.5417653278995498
6.0,8.0,2.2191964135610007
6.0,8.0,1.6909378613164974
35.0,43.0,6.249938089304404
48.0,71.0,3.3002030391247383
64.0,92.0,2.4542497397753285
9.0,11.0,0.17332152843225165
36.0,54.0,0.9317109258248284
14.0,20.0,0.3581371559353463
31.0,49.0,1.2548740903995743
4.0,5.0,10.0394077846376
2.0,2.0,1.5417653278995498
7.0,8.0,2.2191964135610007
5.0,8.0,1.6909378613164974
35.0,43.0,6.249938089304404
61.0,71.0,3.3002030391247383
68.0,92.0,2.4542497397753285
8.0,11.0,0.17332152843225165
45.0,54.0,0.9317109258248284
16.0,20.0,0.3581371559353463
39.0,49.0,1.2548740903995743
5.0,5.0,10.0394077846376
2.0,2.0,1.5417653278995498
8.0,8.0,2.2191964135610007
6.0,8.0,1.6909378613164974
40.0,43.0,6.249938089304404
63.0,71.0,3.3002030391247383
81.0,92.0,2.4542497397753285
9.0,11.0,0.17332152843225165
50.0,54.0,0.9317109258248284
19.0,20.0,0.3581371559353463
45.0,49.0,1.2548740903995743
1.0,6.0,3.458385751782165
2.0,4.0,1.5482185507973496
0.0,7.0,2.3965434079544643
1.0,19.0,3.381583984560457
2.0,20.0,1.324302620466598
3.0,29.0,2.0600820430033493
3.0,23.0,1.5719144668279135
5.0,46.0,1.6235507899885202
9.0,68.0,2.8407547172962273
1.0,5.0,0.06943805549805523
1.0,18.0,0.5552157351933864
1.0,6.0,3.458385751782165
0.0,4.0,1.5482185507973496
2.0,7.0,2.3965434079544643
3.0,19.0,3.381583984560457
4.0,20.0,1.324302620466598
5.0,29.0,2.0600820430033493
1.0,23.0,1.5719144668279135
6.0,46.0,1.6235507899885202
9.0,68.0,2.8407547172962273
1.0,5.0,0.06943805549805523
5.0,18.0,0.5552157351933864
1.0,6.0,3.458385751782165
2.0,4.0,1.5482185507973496
2.0,7.0,2.3965434079544643
4.0,19.0,3.381583984560457
4.0,20.0,1.324302620466598
8.0,29.0,2.0600820430033493
9.0,23.0,1.5719144668279135
13.0,46.0,1.6235507899885202
24.0,68.0,2.8407547172962273
1.0,5.0,0.06943805549805523
6.0,18.0,0.5552157351933864
3.0,6.0,3.458385751782165
1.0,4.0,1.5482185507973496
2.0,7.0,2.3965434079544643
9.0,19.0,3.381583984560457
11.0,20.0,1.324302620466598
8.0,29.0,2.0600820430033493
7.0,23.0,1.5719144668279135
21.0,46.0,1.6235507899885202
32.0,68.0,2.8407547172962273
1.0,5.0,0.06943805549805523
5.0,18.0,0.5552157351933864
3.0,6.0,3.458385751782165
3.0,4.0,1.5482185507973496
2.0,7.0,2.3965434079544643
7.0,19.0,3.381583984560457
12.0,20.0,1.324302620466598
15.0,29.0,2.0600820430033493
10.0,23.0,1.5719144668279135
27.0,46.0,1.6235507899885202
40.0,68.0,2.8407547172962273
1.0,5.0,0.06943805549805523
9.0,18.0,0.5552157351933864
4.0,6.0,3.458385751782165
3.0,4.0,1.5482185507973496
3.0,7.0,2.3965434079544643
12.0,19.0,3.381583984560457
8.0,20.0,1.324302620466598
21.0,29.0,2.0600820430033493
13.0,23.0,1.5719144668279135
30.0,46.0,1.6235507899885202
36.0,68.0,2.8407547172962273
4.0,5.0,0.06943805549805523
12.0,18.0,0.5552157351933864
5.0,6.0,3.458385751782165
2.0,4.0,1.5482185507973496
5.0,7.0,2.3965434079544643
13.0,19.0,3.381583984560457
15.0,20.0,1.324302620466598
25.0,29.0,2.0600820430033493
14.0,23.0,1.5719144668279135
31.0,46.0,1.6235507899885202
44.0,68.0,2.8407547172962273
4.0,5.0,0.06943805549805523
14.0,18.0,0.5552157351933864
6.0,6.0,3.458385751782165
4.0,4.0,1.5482185507973496
6.0,7.0,2.3965434079544643
14.0,19.0,3.381583984560457
19.0,20.0,1.324302620466598
26.0,29.0,2.0600820430033493
17.0,23.0,1.5719144668279135
37.0,46.0,1.6235507899885202
55.0,68.0,2.8407547172962273
4.0,5.0,0.06943805549805523
14.0,18.0,0.5552157351933864
5.0,6.0,3.458385751782165
4.0,4.0,1.5482185507973496
5.0,7.0,2.3965434079544643
16.0,19.0,3.381583984560457
19.0,20.0,1.324302620466598
26.0,29.0,2.0600820430033493
22.0,23.0,1.5719144668279135
43.0,46.0,1.6235507899885202
61.0,68.0,2.8407547172962273
5.0,5.0,0.06943805549805523
16.0,18.0,0.5552157351933864
1.0,3.0,3.258929540879514
0.0,8.0,5.066432750972492
0.0,5.0,1.5970922300860433
1.0,9.0,1.4449625409508386
0.0,22.0,2.280780928182241
1.0,12.0,1.2038663575414794
0.0,4.0,0.3503749809922517
4.0,37.0,2.6694344165565775
3.0,36.0,2.3469700809308662
2.0,33.0,1.2641448469540053
1.0,25.0,1.0926833134365541
2.0,3.0,3.258929540879514
2.0,8.0,5.066432750972492
1.0,5.0,1.5970922300860433
4.0,9.0,1.4449625409508386
4.0,22.0,2.280780928182241
3.0,12.0,1.2038663575414794
2.0,4.0,0.3503749809922517
9.0,37.0,2.6694344165565775
5.0,36.0,2.3469700809308662
6.0,33.0,1.2641448469540053
5.0,25.0,1.0926833134365541
1.0,3.0,3.258929540879514
2.0,8.0,5.066432750972492
1.0,5.0,1.5970922300860433
4.0,9.0,1.4449625409508386
6.0,22.0,2.280780928182241
3.0,12.0,1.2038663575414794
1.0,4.0,0.3503749809922517
7.0,37.0,2.6694344165565775
11.0,36.0,2.3469700809308662
6.0,33.0,1.2641448469540053
7.0,25.0,1.0926833134365541
1.0,3.0,3.258929540879514
2.0,8.0,5.066432750972492
1.0,5.0,1.5970922300860433
4.0,9.0,1.4449625409508386
10.0,22.0,2.280780928182241
4.0,12.0,1.2038663575414794
3.0,4.0,0.3503749809922517
11.0,37.0,2.6694344165565775
19.0,36.0,2.3469700809308662
15.0,33.0,1.2641448469540053
9.0,25.0,1.0926833134365541
2.0,3.0,3.258929540879514
2.0,8.0,5.066432750972492
1.0,5.0,1.5970922300860433
4.0,9.0,1.4449625409508386
8.0,22.0,2.280780928182241
6.0,12.0,1.2038663575414794
1.0,4.0,0.3503749809922517
20.0,37.0,2.6694344165565775
18.0,36.0,2.3469700809308662
17.0,33.0,1.2641448469540053
18.0,25.0,1.0926833134365541
1.0,3.0,3.258929540879514
4.0,8.0,5.066432750972492
2.0,5.0,1.5970922300860433
9.0,9.0,1.4449625409508386
18.0,22.0,2.280780928182241
5.0,12.0,1.2038663575414794
4.0,4.0,0.3503749809922517
17.0,37.0,2.6694344165565775
20.0,36.0,2.3469700809308662
25.0,33.0,1.2641448469540053
15.0,25.0,1.0926833134365541
2.0,3.0,3.258929540879514
7.0,8.0,5.066432750972492
4.0,5.0,1.5970922300860433
6.0,9.0,1.4449625409508386
12.0,22.0,2.280780928182241
9.0,12.0,1.2038663575414794
3.0,4.0,0.3503749809922517
28.0,37.0,2.6694344165565775
29.0,36.0,2.3469700809308662
24.0,33.0,1.2641448469540053
14.0,25.0,1.0926833134365541
2.0,3.0,3.258929540879514
8.0,8.0,5.066432750972492
3.0,5.0,1.5970922300860433
5.0,9.0,1.4449625409508386
16.0,22.0,2.280780928182241
10.0,12.0,1.2038663575414794
3.0,4.0,0.3503749809922517
27.0,37.0,2.6694344165565775
26.0,36.0,2.3469700809308662
25.0,33.0,1.2641448469540053
18.0,25.0,1.0926833134365541
3.0,3.0,3.258929540879514
6.0,8.0,5.066432750972492
5.0,5.0,1.5970922300860433
6.0,9.0,1.4449625409508386
19.0,22.0,2.280780928182241
11.0,12.0,1.2038663575414794
4.0,4.0,0.3503749809922517
33.0,37.0,2.6694344165565775
35.0,36.0,2.3469700809308662
30.0,33.0,1.2641448469540053
22.0,25.0,1.0926833134365541
1.0,3.0,6.8416613587571256
2.0,12.0,7.388495393463668
0.0,5.0,0.7340143441327804
1.0,5.0,1.5819204699482963
6.0,27.0,4.569503981980551
4.0,27.0,2.153590046685925
1.0,23.0,1.120145583966477
0.0,12.0,0.6837451133984117
1.0,30.0,1.6102455180309756
2.0,28.0,1.2930982991908355
3.0,45.0,1.775974910232325
1.0,3.0,6.8416613587571256
2.0,12.0,7.388495393463668
1.0,5.0,0.7340143441327804
2.0,5.0,1.5819204699482963
5.0,27.0,4.569503981980551
6.0,27.0,2.153590046685925
3.0,23.0,1.120145583966477
2.0,12.0,0.6837451133984117
10.0,30.0,1.6102455180309756
6.0,28.0,1.2930982991908355
9.0,45.0,1.775974910232325
1.0,3.0,6.8416613587571256
5.0,12.0,7.388495393463668
1.0,5.0,0.7340143441327804
1.0,5.0,1.5819204699482963
6.0,27.0,4.569503981980551
10.0,27.0,2.153590046685925
8.0,23.0,1.120145583966477
3.0,12.0,0.6837451133984117
8.0,30.0,1.6102455180309756
9.0,28.0,1.2930982991908355
10.0,45.0,1.775974910232325
1.0,3.0,6.8416613587571256
4.0,12.0,7.388495393463668
0.0,5.0,0.7340143441327804
4.0,5.0,1.5819204699482963
12.0,27.0,4.569503981980551
12.0,27.0,2.153590046685925
9.0,23.0,1.120145583966477
4.0,12.0,0.6837451133984117
15.0,30.0,1.6102455180309756
11.0,28.0,1.2930982991908355
18.0,45.0,1.775974910232325
2.0,3.0,6.8416613587571256
7.0,12.0,7.388495393463668
5.0,5.0,0.7340143441327804
2.0,5.0,1.5819204699482963
12.0,27.0,4.569503981980551
14.0,27.0,2.153590046685925
12.0,23.0,1.120145583966477
9.0,12.0,0.6837451133984117
13.0,30.0,1.6102455180309756
15.0,28.0,1.2930982991908355
21.0,45.0,1.775974910232325
3.0,3.0,6.8416613587571256
5.0,12.0,7.388495393463668
3.0,5.0,0.7340143441327804
2.0,5.0,1.5819204699482963
15.0,27.0,4.569503981980551
14.0,27.0,2.153590046685925
13.0,23.0,1.120145583966477
9.0,12.0,0.6837451133984117
18.0,30.0,1.6102455180309756
17.0,28.0,1.2930982991908355
24.0,45.0,1.775974910232325
3.0,3.0,6.8416613587571256
8.0,12.0,7.388495393463668
5.0,5.0,0.7340143441327804
4.0,5.0,1.5819204699482963
21.0,27.0,4.569503981980551
18.0,27.0,2.153590046685925
14.0,23.0,1.120145583966477
7.0,12.0,0.6837451133984117
27.0,30.0,1.6102455180309756
20.0,28.0,1.2930982991908355
28.0,45.0,1.775974910232325
2.0,3.0,6.8416613587571256
11.0,12.0,7.388495393463668
4.0,5.0,0.7340143441327804
5.0,5.0,1.5819204699482963
24.0,27.0,4.569503981980551
20.0,27.0,2.153590046685925
19.0,23.0,1.120145583966477
9.0,12.0,0.6837451133984117
24.0,30.0,1.6102455180309756
23.0,28.0,1.2930982991908355
40.0,45.0,1.775974910232325
1.0,3.0,6.8416613587571256
12.0,12.0,7.388495393463668
4.0,5.0,0.7340143441327804
4.0,5.0,1.5819204699482963
24.0,27.0,4.569503981980551
22.0,27.0,2.153590046685925
22.0,23.0,1.120145583966477
12.0,12.0,0.6837451133984117
28.0,30.0,1.6102455180309756
26.0,28.0,1.2930982991908355
44.0,45.0,1.775974910232325
1.0,3.0,2.1104718525877586
2.0,14.0,6.312979791605238
0.0,14.0,1.7090677197026396
1.0,8.0,0.6476311097444297
3.0,22.0,2.4818547154596518
6.0,27.0,1.8690213344332003
4.0,28.0,1.4991578366318232
3.0,55.0,1.8842540063839694
0.0,2.0,0.06804872273266455
2.0,19.0,0.5955469729894103
3.0,46.0,2.804296411380128
1.0,3.0,2.1104718525877586
3.0,14.0,6.312979791605238
3.0,14.0,1.7090677197026396
0.0,8.0,0.6476311097444297
4.0,22.0,2.4818547154596518
5.0,27.0,1.8690213344332003
6.0,28.0,1.4991578366318232
14.0,55.0,1.8842540063839694
1.0,2.0,0.06804872273266455
4.0,19.0,0.5955469729894103
9.0,46.0,2.804296411380128
1.0,3.0,2.1104718525877586
8.0,14.0,6.312979791605238
3.0,14.0,1.7090677197026396
3.0,8.0,0.6476311097444297
3.0,22.0,2.4818547154596518
6.0,27.0,1.8690213344332003
10.0,28.0,1.4991578366318232
11.0,55.0,1.8842540063839694
2.0,2.0,0.06804872273266455
5.0,19.0,0.5955469729894103
13.0,46.0,2.804296411380128
3.0,3.0,2.1104718525877586
5.0,14.0,6.312979791605238
8.0,14.0,1.7090677197026396
3.0,8.0,0.6476311097444297
12.0,22.0,2.4818547154596518
11.0,27.0,1.8690213344332003
15.0,28.0,1.4991578366318232
25.0,55.0,1.8842540063839694
0.0,2.0,0.06804872273266455
9.0,19.0,0.5955469729894103
20.0,46.0,2.804296411380128
1.0,3.0,2.1104718525877586
7.0,14.0,6.312979791605238
6.0,14.0,1.7090677197026396
4.0,8.0,0.6476311097444297
14.0,22.0,2.4818547154596518
17.0,27.0,1.8690213344332003
17.0,28.0,1.4991578366318232
31.0,55.0,1.8842540063839694
1.0,2.0,0.06804872273266455
7.0,19.0,0.5955469729894103
20.0,46.0,2.804296411380128
2.0,3.0,2.1104718525877586
11.0,14.0,6.312979791605238
8.0,14.0,1.7090677197026396
5.0,8.0,0.6476311097444297
14.0,22.0,2.4818547154596518
16.0,27.0,1.8690213344332003
18.0,28.0,1.4991578366318232
25.0,55.0,1.8842540063839694
1.0,2.0,0.06804872273266455
12.0,19.0,0.5955469729894103
22.0,46.0,2.804296411380128
2.0,3.0,2.1104718525877586
7.0,14.0,6.312979791605238
10.0,14.0,1.7090677197026396
6.0,8.0,0.6476311097444297
17.0,22.0,2.4818547154596518
22.0,27.0,1.8690213344332003
15.0,28.0,1.4991578366318232
37.0,55.0,1.8842540063839694
2.0,2.0,0.06804872273266455
10.0,19.0,0.5955469729894103
37.0,46.0,2.804296411380128
3.0,3.0,2.1104718525877586
13.0,14.0,6.312979791605238
11.0,14.0,1.7090677197026396
8.0,8.0,0.6476311097444297
18.0,22.0,2.4818547154596518
20.0,27.0,1.8690213344332003
24.0,28.0,1.4991578366318232
45.0,55.0,1.8842540063839694
1.0,2.0,0.06804872273266455
15.0,19.0,0.5955469729894103
37.0,46.0,2.804296411380128
3.0,3.0,2.1104718525877586
14.0,14.0,6.312979791605238
12.0,14.0,1.7090677197026396
8.0,8.0,0.6476311097444297
21.0,22.0,2.4818547154596518
24.0,27.0,1.8690213344332003
24.0,28.0,1.4991578366318232
51.0,55.0,1.8842540063839694
2.0,2.0,0.06804872273266455
18.0,19.0,0.5955469729894103
43.0,46.0,2.804296411380128
1.0,3.0,5.185800251420743
2.0,7.0,7.072593202103717
6.0,19.0,3.9637460946012792
1.0,4.0,0.3721570072991085
5.0,30.0,2.3341854036173597
1.0,11.0,0.8833579931636393
3.0,36.0,1.4216478901486225
4.0,37.0,1.2843509936311563
0.0,4.0,0.2955810535965195
1.0,8.0,0.25484802957017194
3.0,28.0,1.714418502757738
1.0,3.0,5.185800251420743
2.0,7.0,7.072593202103717
3.0,19.0,3.9637460946012792
2.0,4.0,0.3721570072991085
6.0,30.0,2.3341854036173597
3.0,11.0,0.8833579931636393
7.0,36.0,1.4216478901486225
7.0,37.0,1.2843509936311563
1.0,4.0,0.2955810535965195
1.0,8.0,0.25484802957017194
6.0,28.0,1.714418502757738
1.0,3.0,5.185800251420743
5.0,7.0,7.072593202103717
4.0,19.0,3.9637460946012792
1.0,4.0,0.3721570072991085
13.0,30.0,2.3341854036173597
1.0,11.0,0.8833579931636393
13.0,36.0,1.4216478901486225
10.0,37.0,1.2843509936311563
1.0,4.0,0.2955810535965195
2.0,8.0,0.25484802957017194
3.0,28.0,1.714418502757738
1.0,3.0,5.185800251420743
3.0,7.0,7.072593202103717
7.0,19.0,3.9637460946012792
2.0,4.0,0.3721570072991085
11.0,30.0,2.3341854036173597
5.0,11.0,0.8833579931636393
15.0,36.0,1.4216478901486225
18.0,37.0,1.2843509936311563
4.0,4.0,0.2955810535965195
4.0,8.0,0.25484802957017194
14.0,28.0,1.714418502757738
2.0,3.0,5.185800251420743
5.0,7.0,7.072593202103717
12.0,19.0,3.9637460946012792
2.0,4.0,0.3721570072991085
19.0,30.0,2.3341854036173597
4.0,11.0,0.8833579931636393
13.0,36.0,1.4216478901486225
17.0,37.0,1.2843509936311563
2.0,4.0,0.2955810535965195
3.0,8.0,0.25484802957017194
15.0,28.0,1.714418502757738
1.0,3.0,5.185800251420743
6.0,7.0,7.072593202103717
11.0,19.0,3.9637460946012792
3.0,4.0,0.3721570072991085
19.0,30.0,2.3341854036173597
6.0,11.0,0.8833579931636393
22.0,36.0,1.4216478901486225
19.0,37.0,1.2843509936311563
1.0,4.0,0.2955810535965195
5.0,8.0,0.25484802957017194
16.0,28.0,1.714418502757738
3.0,3.0,5.185800251420743
4.0,7.0,7.072593202103717
13.0,19.0,3.9637460946012792
2.0,4.0,0.3721570072991085
20.0,30.0,2.3341854036173597
7.0,11.0,0.8833579931636393
22.0,36.0,1.4216478901486225
27.0,37.0,1.2843509936311563
3.0,4.0,0.2955810535965195
6.0,8.0,0.25484802957017194
18.0,28.0,1.714418502757738
2.0,3.0,5.185800251420743
5.0,7.0,7.072593202103717
15.0,19.0,3.9637460946012792
4.0,4.0,0.3721570072991085
25.0,30.0,2.3341854036173597
10.0,11.0,0.8833579931636393
29.0,36.0,1.4216478901486225
32.0,37.0,1.2843509936311563
2.0,4.0,0.2955810535965195
7.0,8.0,0.25484802957017194
21.0,28.0,1.714418502757738
3.0,3.0,5.185800251420743
7.0,7.0,7.072593202103717
16.0,19.0,3.9637460946012792
3.0,4.0,0.3721570072991085
26.0,30.0,2.3341854036173597
10.0,11.0,0.8833579931636393
34.0,36.0,1.4216478901486225
30.0,37.0,1.2843509936311563
3.0,4.0,0.2955810535965195
8.0,8.0,0.25484802957017194
25.0,28.0,1.714418502757738
1.0,4.0,4.631206734602454
1.0,2.0,1.653753789667672
0.0,3.0,2.894079666998287
2.0,5.0,1.6355311282800877
0.0,5.0,1.6080325820039476
3.0,39.0,4.920590719902568
3.0,24.0,1.4338258144158955
4.0,63.0,3.0357125446338227
4.0,39.0,0.9277178863012308
16.0,103.0,2.4168051368206873
8.0,51.0,0.9536437534417762
1.0,4.0,4.631206734602454
1.0,2.0,1.653753789667672
1.0,3.0,2.894079666998287
1.0,5.0,1.6355311282800877
3.0,5.0,1.6080325820039476
8.0,39.0,4.920590719902568
4.0,24.0,1.4338258144158955
15.0,63.0,3.0357125446338227
4.0,39.0,0.9277178863012308
27.0,103.0,2.4168051368206873
15.0,51.0,0.9536437534417762
1.0,4.0,4.631206734602454
1.0,2.0,1.653753789667672
1.0,3.0,2.894079666998287
2.0,5.0,1.6355311282800877
1.0,5.0,1.6080325820039476
18.0,39.0,4.920590719902568
4.0,24.0,1.4338258144158955
15.0,63.0,3.0357125446338227
12.0,39.0,0.9277178863012308
32.0,103.0,2.4168051368206873
13.0,51.0,0.9536437534417762
2.0,4.0,4.631206734602454
2.0,2.0,1.653753789667672
1.0,3.0,2.894079666998287
3.0,5.0,1.6355311282800877
1.0,5.0,1.6080325820039476
16.0,39.0,4.920590719902568
8.0,24.0,1.4338258144158955
22.0,63.0,3.0357125446338227
18.0,39.0,0.9277178863012308
39.0,103.0,2.4168051368206873
24.0,51.0,0.9536437534417762
1.0,4.0,4.631206734602454
1.0,2.0,1.653753789667672
1.0,3.0,2.894079666998287
2.0,5.0,1.6355311282800877
4.0,5.0,1.6080325820039476
20.0,39.0,4.920590719902568
12.0,24.0,1.4338258144158955
34.0,63.0,3.0357125446338227
14.0,39.0,0.9277178863012308
53.0,103.0,2.4168051368206873
27.0,51.0,0.9536437534417762
3.0,4.0,4.631206734602454
2.0,2.0,1.653753789667672
2.0,3.0,2.894079666998287
3.0,5.0,1.6355311282800877
2.0,5.0,1.6080325820039476
29.0,39.0,4.920590719902568
13.0,24.0,1.4338258144158955
36.0,63.0,3.0357125446338227
18.0,39.0,0.9277178863012308
67.0,103.0,2.4168051368206873
36.0,51.0,0.9536437534417762
4.0,4.0,4.631206734602454
1.0,2.0,1.653753789667672
2.0,3.0,2.894079666998287
3.0,5.0,1.6355311282800877
3.0,5.0,1.6080325820039476
23.0,39.0,4.920590719902568
17.0,24.0,1.4338258144158955
44.0,63.0,3.0357125446338227
33.0,39.0,0.9277178863012308
65.0,103.0,2.4168051368206873
35.0,51.0,0.9536437534417762
4.0,4.0,4.631206734602454
2.0,2.0,1.653753789667672
3.0,3.0,2.894079666998287
5.0,5.0,1.6355311282800877
3.0,5.0,1.6080325820039476
29.0,39.0,4.920590719902568
18.0,24.0,1.4338258144158955
47.0,63.0,3.0357125446338227
30.0,39.0,0.9277178863012308
75.0,103.0,2.4168051368206873
37.0,51.0,0.9536437534417762
2.0,4.0,4.631206734602454
2.0,2.0,1.653753789667672
3.0,3.0,2.894079666998287
4.0,5.0,1.6355311282800877
2.0,5.0,1.6080325820039476
35.0,39.0,4.920590719902568
22.0,24.0,1.4338258144158955
58.0,63.0,3.0357125446338227
34.0,39.0,0.9277178863012308
92.0,103.0,2.4168051368206873
47.0,51.0,0.9536437534417762
1.0,2.0,2.6946172509138013
0.0,3.0,4.265502789660973
2.0,8.0,2.9172296845497736
0.0,13.0,2.784661401721044
2.0,41.0,5.568213903221139
4.0,41.0,1.7297540963136844
7.0,64.0,1.791982493764929
3.0,20.0,0.4382378278888017
8.0,65.0,1.6945967083767546
2.0,21.0,0.4936367944187463
7.0,49.0,1.028680599458353
1.0,2.0,2.6946172509138013
1.0,3.0,4.265502789660973
3.0,8.0,2.9172296845497736
4.0,13.0,2.784661401721044
6.0,41.0,5.568213903221139
6.0,41.0,1.7297540963136844
13.0,64.0,1.791982493764929
4.0,20.0,0.4382378278888017
14.0,65.0,1.6945967083767546
5.0,21.0,0.4936367944187463
12.0,49.0,1.028680599458353
1.0,2.0,2.6946172509138013
1.0,3.0,4.265502789660973
1.0,8.0,2.9172296845497736
3.0,13.0,2.784661401721044
14.0,41.0,5.568213903221139
15.0,41.0,1.7297540963136844
17.0,64.0,1.791982493764929
3.0,20.0,0.4382378278888017
17.0,65.0,1.6945967083767546
7.0,21.0,0.4936367944187463
15.0,49.0,1.028680599458353
2.0,2.0,2.6946172509138013
1.0,3.0,4.265502789660973
3.0,8.0,2.9172296845497736
3.0,13.0,2.784661401721044
12.0,41.0,5.568213903221139
16.0,41.0,1.7297540963136844
20.0,64.0,1.791982493764929
9.0,20.0,0.4382378278888017
23.0,65.0,1.6945967083767546
3.0,21.0,0.4936367944187463
21.0,49.0,1.028680599458353
1.0,2.0,2.6946172509138013
1.0,3.0,4.265502789660973
2.0,8.0,2.9172296845497736
5.0,13.0,2.784661401721044
23.0,41.0,5.568213903221139
24.0,41.0,1.7297540963136844
31.0,64.0,1.791982493764929
9.0,20.0,0.4382378278888017
34.0,65.0,1.6945967083767546
11.0,21.0,0.4936367944187463
26.0,49.0,1.028680599458353
2.0,2.0,2.6946172509138013
1.0,3.0,4.265502789660973
5.0,8.0,2.9172296845497736
4.0,13.0,2.784661401721044
26.0,41.0,5.568213903221139
23.0,41.0,1.7297540963136844
45.0,64.0,1.791982493764929
11.0,20.0,0.4382378278888017
34.0,65.0,1.6945967083767546
14.0,21.0,0.4936367944187463
31.0,49.0,1.028680599458353
2.0,2.0,2.6946172509138013
2.0,3.0,4.265502789660973
6.0,8.0,2.9172296845497736
11.0,13.0,2.784661401721044
28.0,41.0,5.568213903221139
32.0,41.0,1.7297540963136844
45.0,64.0,1.791982493764929
14.0,20.0,0.4382378278888017
48.0,65.0,1.6945967083767546
15.0,21.0,0.4936367944187463
31.0,49.0,1.028680599458353
1.0,2.0,2.6946172509138013
3.0,3.0,4.265502789660973
7.0,8.0,2.9172296845497736
12.0,13.0,2.784661401721044
35.0,41.0,5.568213903221139
34.0,41.0,1.7297540963136844
54.0,64.0,1.791982493764929
19.0,20.0,0.4382378278888017
49.0,65.0,1.6945967083767546
17.0,21.0,0.4936367944187463
37.0,49.0,1.028680599458353
1.0,2.0,2.6946172509138013
3.0,3.0,4.265502789660973
7.0,8.0,2.9172296845497736
13.0,13.0,2.784661401721044
40.0,41.0,5.568213903221139
36.0,41.0,1.7297540963136844
57.0,64.0,1.791982493764929
19.0,20.0,0.4382378278888017
59.0,65.0,1.6945967083767546
19.0,21.0,0.4936367944187463
46.0,49.0,1.028680599458353
1.0,7.0,10.308854444232994
1.0,15.0,5.3179730944760255
1.0,9.0,2.0270964874636554
1.0,11.0,1.9000701231870265
7.0,76.0,5.56372855986551
1.0,8.0,0.32958040296101515
2.0,18.0,0.5393294835399445
1.0,13.0,0.6241606032956962
6.0,64.0,3.5059826154835467
2.0,33.0,0.9864200740668668
1.0,13.0,0.2786196002025162
3.0,7.0,10.308854444232994
2.0,15.0,5.3179730944760255
2.0,9.0,2.0270964874636554
3.0,11.0,1.9000701231870265
14.0,76.0,5.56372855986551
5.0,8.0,0.32958040296101515
7.0,18.0,0.5393294835399445
2.0,13.0,0.6241606032956962
15.0,64.0,3.5059826154835467
5.0,33.0,0.9864200740668668
3.0,13.0,0.2786196002025162
1.0,7.0,10.308854444232994
5.0,15.0,5.3179730944760255
2.0,9.0,2.0270964874636554
4.0,11.0,1.9000701231870265
27.0,76.0,5.56372855986551
2.0,8.0,0.32958040296101515
6.0,18.0,0.5393294835399445
6.0,13.0,0.6241606032956962
17.0,64.0,3.5059826154835467
10.0,33.0,0.9864200740668668
2.0,13.0,0.2786196002025162
4.0,7.0,10.308854444232994
3.0,15.0,5.3179730944760255
3.0,9.0,2.0270964874636554
5.0,11.0,1.9000701231870265
29.0,76.0,5.56372855986551
5.0,8.0,0.32958040296101515
3.0,18.0,0.5393294835399445
1.0,13.0,0.6241606032956962
28.0,64.0,3.5059826154835467
13.0,33.0,0.9864200740668668
7.0,13.0,0.2786196002025162
3.0,7.0,10.308854444232994
9.0,15.0,5.3179730944760255
4.0,9.0,2.0270964874636554
7.0,11.0,1.9000701231870265
42.0,76.0,5.56372855986551
4.0,8.0,0.32958040296101515
8.0,18.0,0.5393294835399445
8.0,13.0,0.6241606032956962
33.0,64.0,3.5059826154835467
14.0,33.0,0.9864200740668668
6.0,13.0,0.2786196002025162
7.0,7.0,10.308854444232994
9.0,15.0,5.3179730944760255
6.0,9.0,2.0270964874636554
7.0,11.0,1.9000701231870265
49.0,76.0,5.56372855986551
6.0,8.0,0.32958040296101515
10.0,18.0,0.5393294835399445
6.0,13.0,0.6241606032956962
40.0,64.0,3.5059826154835467
21.0,33.0,0.9864200740668668
7.0,13.0,0.2786196002025162
5.0,7.0,10.308854444232994
12.0,15.0,5.3179730944760255
8.0,9.0,2.0270964874636554
9.0,11.0,1.9000701231870265
52.0,76.0,5.56372855986551
6.0,8.0,0.32958040296101515
14.0,18.0,0.5393294835399445
8.0,13.0,0.6241606032956962
46.0,64.0,3.5059826154835467
24.0,33.0,0.9864200740668668
11.0,13.0,0.2786196002025162
5.0,7.0,10.308854444232994
10.0,15.0,5.3179730944760255
6.0,9.0,2.0270964874636554
11.0,11.0,1.9000701231870265
60.0,76.0,5.56372855986551
7.0,8.0,0.32958040296101515
17.0,18.0,0.5393294835399445
9.0,13.0,0.6241606032956962
52.0,64.0,3.5059826154835467
25.0,33.0,0.9864200740668668
11.0,13.0,0.2786196002025162
7.0,7.0,10.308854444232994
14.0,15.0,5.3179730944760255
8.0,9.0,2.0270964874636554
11.0,11.0,1.9000701231870265
64.0,76.0,5.56372855986551
6.0,8.0,0.32958040296101515
17.0,18.0,0.5393294835399445
11.0,13.0,0.6241606032956962
61.0,64.0,3.5059826154835467
32.0,33.0,0.9864200740668668
12.0,13.0,0.2786196002025162
2.0,7.0,8.38938962019803
2.0,19.0,5.817096330020422
0.0,2.0,0.382020430648379
0.0,16.0,1.7348308937180361
3.0,18.0,1.242832336481659
6.0,22.0,1.306373998658973
1.0,17.0,1.2950575785311593
5.0,100.0,4.279098109420319
10.0,93.0,2.150449532473929
9.0,69.0,0.973777386794221
5.0,38.0,0.5868507392915151
2.0,7.0,8.38938962019803
4.0,19.0,5.817096330020422
0.0,2.0,0.382020430648379
1.0,16.0,1.7348308937180361
3.0,18.0,1.242832336481659
3.0,22.0,1.306373998658973
2.0,17.0,1.2950575785311593
19.0,100.0,4.279098109420319
20.0,93.0,2.150449532473929
20.0,69.0,0.973777386794221
5.0,38.0,0.5868507392915151
2.0,7.0,8.38938962019803
3.0,19.0,5.817096330020422
1.0,2.0,0.382020430648379
4.0,16.0,1.7348308937180361
2.0,18.0,1.242832336481659
5.0,22.0,1.306373998658973
6.0,17.0,1.2950575785311593
36.0,100.0,4.279098109420319
35.0,93.0,2.150449532473929
19.0,69.0,0.973777386794221
12.0,38.0,0.5868507392915151
5.0,7.0,8.38938962019803
8.0,19.0,5.817096330020422
0.0,2.0,0.382020430648379
7.0,16.0,1.7348308937180361
8.0,18.0,1.242832336481659
10.0,22.0,1.306373998658973
10.0,17.0,1.2950575785311593
31.0,100.0,4.279098109420319
35.0,93.0,2.150449532473929
23.0,69.0,0.973777386794221
14.0,38.0,0.5868507392915151
4.0,7.0,8.38938962019803
9.0,19.0,5.817096330020422
1.0,2.0,0.382020430648379
8.0,16.0,1.7348308937180361
10.0,18.0,1.242832336481659
10.0,22.0,1.306373998658973
7.0,17.0,1.2950575785311593
53.0,100.0,4.279098109420319
48.0,93.0,2.150449532473929
40.0,69.0,0.973777386794221
20.0,38.0,0.5868507392915151
5.0,7.0,8.38938962019803
15.0,19.0,5.817096330020422
2.0,2.0,0.382020430648379
7.0,16.0,1.7348308937180361
12.0,18.0,1.242832336481659
14.0,22.0,1.306373998658973
6.0,17.0,1.2950575785311593
61.0,100.0,4.279098109420319
52.0,93.0,2.150449532473929
42.0,69.0,0.973777386794221
21.0,38.0,0.5868507392915151
3.0,7.0,8.38938962019803
13.0,19.0,5.817096330020422
2.0,2.0,0.382020430648379
12.0,16.0,1.7348308937180361
16.0,18.0,1.242832336481659
15.0,22.0,1.306373998658973
12.0,17.0,1.2950575785311593
76.0,100.0,4.279098109420319
57.0,93.0,2.150449532473929
46.0,69.0,0.973777386794221
23.0,38.0,0.5868507392915151
6.0,7.0,8.38938962019803
18.0,19.0,5.817096330020422
2.0,2.0,0.382020430648379
14.0,16.0,1.7348308937180361
16.0,18.0,1.242832336481659
18.0,22.0,1.306373998658973
15.0,17.0,1.2950575785311593
78.0,100.0,4.279098109420319
77.0,93.0,2.150449532473929
54.0,69.0,0.973777386794221
31.0,38.0,0.5868507392915151
7.0,7.0,8.38938962019803
16.0,19.0,5.817096330020422
2.0,2.0,0.382020430648379
14.0,16.0,1.7348308937180361
17.0,18.0,1.242832336481659
20.0,22.0,1.306373998658973
16.0,17.0,1.2950575785311593
93.0,100.0,4.279098109420319
84.0,93.0,2.150449532473929
64.0,69.0,0.973777386794221
37.0,38.0,0.5868507392915151
1.0,4.0,12.201469688601955
0.0,3.0,4.180682619655823
1.0,7.0,2.554021867459104
0.0,5.0,1.0732665101017542
1.0,9.0,0.8599837677602181
3.0,43.0,5.975807157325725
1.0,25.0,1.3174801294979483
4.0,45.0,1.6105958440099342
1.0,9.0,0.2524236764597967
3.0,30.0,0.8872354693293079
5.0,26.0,1.0352697877738675
1.0,4.0,12.201469688601955
1.0,3.0,4.180682619655823
3.0,7.0,2.554021867459104
1.0,5.0,1.0732665101017542
0.0,9.0,0.8599837677602181
8.0,43.0,5.975807157325725
6.0,25.0,1.3174801294979483
12.0,45.0,1.6105958440099342
1.0,9.0,0.2524236764597967
9.0,30.0,0.8872354693293079
6.0,26.0,1.0352697877738675
2.0,4.0,12.201469688601955
1.0,3.0,4.180682619655823
2.0,7.0,2.554021867459104
2.0,5.0,1.0732665101017542
4.0,9.0,0.8599837677602181
18.0,43.0,5.975807157325725
5.0,25.0,1.3174801294979483
11.0,45.0,1.6105958440099342
1.0,9.0,0.2524236764597967
14.0,30.0,0.8872354693293079
12.0,26.0,1.0352697877738675
4.0,4.0,12.201469688601955
0.0,3.0,4.180682619655823
2.0,7.0,2.554021867459104
2.0,5.0,1.0732665101017542
5.0,9.0,0.8599837677602181
19.0,43.0,5.975807157325725
9.0,25.0,1.3174801294979483
17.0,45.0,1.6105958440099342
6.0,9.0,0.2524236764597967
11.0,30.0,0.8872354693293079
14.0,26.0,1.0352697877738675
2.0,4.0,12.201469688601955
2.0,3.0,4.180682619655823
4.0,7.0,2.554021867459104
3.0,5.0,1.0732665101017542
6.0,9.0,0.8599837677602181
19.0,43.0,5.975807157325725
13.0,25.0,1.3174801294979483
19.0,45.0,1.6105958440099342
4.0,9.0,0.2524236764597967
15.0,30.0,0.8872354693293079
12.0,26.0,1.0352697877738675
4.0,4.0,12.201469688601955
2.0,3.0,4.180682619655823
6.0,7.0,2.554021867459104
3.0,5.0,1.0732665101017542
2.0,9.0,0.8599837677602181
29.0,43.0,5.975807157325725
15.0,25.0,1.3174801294979483
24.0,45.0,1.6105958440099342
6.0,9.0,0.2524236764597967
17.0,30.0,0.8872354693293079
17.0,26.0,1.0352697877738675
4.0,4.0,12.201469688601955
2.0,3.0,4.180682619655823
4.0,7.0,2.554021867459104
3.0,5.0,1.0732665101017542
6.0,9.0,0.8599837677602181
24.0,43.0,5.975807157325725
16.0,25.0,1.3174801294979483
37.0,45.0,1.6105958440099342
7.0,9.0,0.2524236764597967
22.0,30.0,0.8872354693293079
19.0,26.0,1.0352697877738675
3.0,4.0,12.201469688601955
2.0,3.0,4.180682619655823
6.0,7.0,2.554021867459104
4.0,5.0,1.0732665101017542
8.0,9.0,0.8599837677602181
28.0,43.0,5.975807157325725
24.0,25.0,1.3174801294979483
36.0,45.0,1.6105958440099342
6.0,9.0,0.2524236764597967
21.0,30.0,0.8872354693293079
23.0,26.0,1.0352697877738675
4.0,4.0,12.201469688601955
3.0,3.0,4.180682619655823
7.0,7.0,2.554021867459104
5.0,5.0,1.0732665101017542
8.0,9.0,0.8599837677602181
38.0,43.0,5.975807157325725
25.0,25.0,1.3174801294979483
42.0,45.0,1.6105958440099342
7.0,9.0,0.2524236764597967
26.0,30.0,0.8872354693293079
26.0,26.0,1.0352697877738675
2.0,3.0,5.823322338577205
4.0,13.0,10.068540852888258
1.0,7.0,2.1685922882161504
1.0,22.0,2.4745774164890446
5.0,68.0,5.157066904983189
6.0,42.0,1.4405914350248754
17.0,86.0,1.8513042798288475
2.0,10.0,0.1896571168233673
10.0,96.0,1.6993585414159882
1.0,16.0,0.2711611843167707
4.0,53.0,0.9286464943319432
1.0,3.0,5.823322338577205
3.0,13.0,10.068540852888258
2.0,7.0,2.1685922882161504
2.0,22.0,2.4745774164890446
11.0,68.0,5.157066904983189
9.0,42.0,1.4405914350248754
16.0,86.0,1.8513042798288475
1.0,10.0,0.1896571168233673
21.0,96.0,1.6993585414159882
4.0,16.0,0.2711611843167707
4.0,53.0,0.9286464943319432
1.0,3.0,5.823322338577205
1.0,13.0,10.068540852888258
1.0,7.0,2.1685922882161504
9.0,22.0,2.4745774164890446
21.0,68.0,5.157066904983189
13.0,42.0,1.4405914350248754
24.0,86.0,1.8513042798288475
4.0,10.0,0.1896571168233673
25.0,96.0,1.6993585414159882
5.0,16.0,0.2711611843167707
16.0,53.0,0.9286464943319432
2.0,3.0,5.823322338577205
4.0,13.0,10.068540852888258
0.0,7.0,2.1685922882161504
8.0,22.0,2.4745774164890446
37.0,68.0,5.157066904983189
17.0,42.0,1.4405914350248754
37.0,86.0,1.8513042798288475
3.0,10.0,0.1896571168233673
31.0,96.0,1.6993585414159882
6.0,16.0,0.2711611843167707
16.0,53.0,0.9286464943319432
1.0,3.0,5.823322338577205
6.0,13.0,10.068540852888258
4.0,7.0,2.1685922882161504
11.0,22.0,2.4745774164890446
40.0,68.0,5.157066904983189
18.0,42.0,1.4405914350248754
50.0,86.0,1.8513042798288475
4.0,10.0,0.1896571168233673
48.0,96.0,1.6993585414159882
9.0,16.0,0.2711611843167707
34.0,53.0,0.9286464943319432
2.0,3.0,5.823322338577205
7.0,13.0,10.068540852888258
6.0,7.0,2.1685922882161504
16.0,22.0,2.4745774164890446
48.0,68.0,5.157066904983189
28.0,42.0,1.4405914350248754
52.0,86.0,1.8513042798288475
4.0,10.0,0.1896571168233673
59.0,96.0,1.6993585414159882
11.0,16.0,0.2711611843167707
31.0,53.0,0.9286464943319432
1.0,3.0,5.823322338577205
8.0,13.0,10.068540852888258
5.0,7.0,2.1685922882161504
10.0,22.0,2.4745774164890446
47.0,68.0,5.157066904983189
30.0,42.0,1.4405914350248754
62.0,86.0,1.8513042798288475
6.0,10.0,0.1896571168233673
67.0,96.0,1.6993585414159882
14.0,16.0,0.2711611843167707
39.0,53.0,0.9286464943319432
2.0,3.0,5.823322338577205
10.0,13.0,10.068540852888258
7.0,7.0,2.1685922882161504
19.0,22.0,2.4745774164890446
50.0,68.0,5.157066904983189
35.0,42.0,1.4405914350248754
74.0,86.0,1.8513042798288475
7.0,10.0,0.1896571168233673
75.0,96.0,1.6993585414159882
11.0,16.0,0.2711611843167707
42.0,53.0,0.9286464943319432
3.0,3.0,5.823322338577205
12.0,13.0,10.068540852888258
5.0,7.0,2.1685922882161504
20.0,22.0,2.4745774164890446
61.0,68.0,5.157066904983189
37.0,42.0,1.4405914350248754
78.0,86.0,1.8513042798288475
7.0,10.0,0.1896571168233673
90.0,96.0,1.6993585414159882
15.0,16.0,0.2711611843167707
44.0,53.0,0.9286464943319432
1.0,10.0,7.353675221708307
0.0,5.0,1.604393439134784
2.0,12.0,1.6262260780150137
2.0,13.0,0.87751534494396
0.0,12.0,1.0296672684633412
2.0,19.0,1.4440795187646374
6.0,55.0,4.0671209449326255
1.0,10.0,0.33443070891991167
1.0,8.0,0.4246120835142472
3.0,27.0,1.356562117213063
2.0,19.0,0.887319509526437
3.0,10.0,7.353675221708307
0.0,5.0,1.604393439134784
0.0,12.0,1.6262260780150137
1.0,13.0,0.87751534494396
2.0,12.0,1.0296672684633412
4.0,19.0,1.4440795187646374
7.0,55.0,4.0671209449326255
2.0,10.0,0.33443070891991167
1.0,8.0,0.4246120835142472
7.0,27.0,1.356562117213063
4.0,19.0,0.887319509526437
2.0,10.0,7.353675221708307
3.0,5.0,1.604393439134784
2.0,12.0,1.6262260780150137
2.0,13.0,0.87751534494396
2.0,12.0,1.0296672684633412
7.0,19.0,1.4440795187646374
13.0,55.0,4.0671209449326255
3.0,10.0,0.33443070891991167
5.0,8.0,0.4246120835142472
5.0,27.0,1.356562117213063
5.0,19.0,0.887319509526437
3.0,10.0,7.353675221708307
3.0,5.0,1.604393439134784
5.0,12.0,1.6262260780150137
6.0,13.0,0.87751534494396
4.0,12.0,1.0296672684633412
10.0,19.0,1.4440795187646374
18.0,55.0,4.0671209449326255
2.0,10.0,0.33443070891991167
5.0,8.0,0.4246120835142472
9.0,27.0,1.356562117213063
6.0,19.0,0.887319509526437
4.0,10.0,7.353675221708307
4.0,5.0,1.604393439134784
6.0,12.0,1.6262260780150137
5.0,13.0,0.87751534494396
5.0,12.0,1.0296672684633412
11.0,19.0,1.4440795187646374
22.0,55.0,4.0671209449326255
4.0,10.0,0.33443070891991167
5.0,8.0,0.4246120835142472
16.0,27.0,1.356562117213063
12.0,19.0,0.887319509526437
4.0,10.0,7.353675221708307
1.0,5.0,1.604393439134784
8.0,12.0,1.6262260780150137
7.0,13.0,0.87751534494396
9.0,12.0,1.0296672684633412
14.0,19.0,1.4440795187646374
33.0,55.0,4.0671209449326255
5.0,10.0,0.33443070891991167
5.0,8.0,0.4246120835142472
18.0,27.0,1.356562117213063
6.0,19.0,0.887319509526437
4.0,10.0,7.353675221708307
3.0,5.0,1.604393439134784
5.0,12.0,1.6262260780150137
9.0,13.0,0.87751534494396
11.0,12.0,1.0296672684633412
14.0,19.0,1.4440795187646374
38.0,55.0,4.0671209449326255
6.0,10.0,0.33443070891991167
4.0,8.0,0.4246120835142472
17.0,27.0,1.356562117213063
15.0,19.0,0.887319509526437
9.0,10.0,7.353675221708307
5.0,5.0,1.604393439134784
10.0,12.0,1.6262260780150137
13.0,13.0,0.87751534494396
11.0,12.0,1.0296672684633412
14.0,19.0,1.4440795187646374
42.0,55.0,4.0671209449326255
8.0,10.0,0.33443070891991167
7.0,8.0,0.4246120835142472
19.0,27.0,1.356562117213063
14.0,19.0,0.887319509526437
10.0,10.0,7.353675221708307
4.0,5.0,1.604393439134784
9.0,12.0,1.6262260780150137
13.0,13.0,0.87751534494396
12.0,12.0,1.0296672684633412
19.0,19.0,1.4440795187646374
48.0,55.0,4.0671209449326255
8.0,10.0,0.33443070891991167
8.0,8.0,0.4246120835142472
25.0,27.0,1.356562117213063
16.0,19.0,0.887319509526437
1.0,4.0,7.482483593560728
1.0,13.0,5.477285814990302
1.0,19.0,2.7186166002474836
2.0,9.0,1.0078349514201776
1.0,27.0,1.8337661535242389
9.0,77.0,3.55387523357372
0.0,3.0,0.10861825688334979
3.0,23.0,0.6896693873804658
7.0,54.0,1.7761380360636374
1.0,32.0,0.8458076768138417
1.0,3.0,0.060167235734809976
2.0,4.0,7.482483593560728
5.0,13.0,5.477285814990302
5.0,19.0,2.7186166002474836
4.0,9.0,1.0078349514201776
6.0,27.0,1.8337661535242389
13.0,77.0,3.55387523357372
2.0,3.0,0.10861825688334979
8.0,23.0,0.6896693873804658
12.0,54.0,1.7761380360636374
9.0,32.0,0.8458076768138417
1.0,3.0,0.060167235734809976
1.0,4.0,7.482483593560728
5.0,13.0,5.477285814990302
6.0,19.0,2.7186166002474836
4.0,9.0,1.0078349514201776
7.0,27.0,1.8337661535242389
25.0,77.0,3.55387523357372
2.0,3.0,0.10861825688334979
10.0,23.0,0.6896693873804658
18.0,54.0,1.7761380360636374
11.0,32.0,0.8458076768138417
1.0,3.0,0.060167235734809976
1.0,4.0,7.482483593560728
4.0,13.0,5.477285814990302
7.0,19.0,2.7186166002474836
2.0,9.0,1.0078349514201776
12.0,27.0,1.8337661535242389
28.0,77.0,3.55387523357372
0.0,3.0,0.10861825688334979
11.0,23.0,0.6896693873804658
21.0,54.0,1.7761380360636374
6.0,32.0,0.8458076768138417
1.0,3.0,0.060167235734809976
2.0,4.0,7.482483593560728
9.0,13.0,5.477285814990302
9.0,19.0,2.7186166002474836
5.0,9.0,1.0078349514201776
13.0,27.0,1.8337661535242389
37.0,77.0,3.55387523357372
2.0,3.0,0.10861825688334979
13.0,23.0,0.6896693873804658
27.0,54.0,1.7761380360636374
16.0,32.0,0.8458076768138417
1.0,3.0,0.060167235734809976
3.0,4.0,7.482483593560728
9.0,13.0,5.477285814990302
12.0,19.0,2.7186166002474836
6.0,9.0,1.0078349514201776
14.0,27.0,1.8337661535242389
49.0,77.0,3.55387523357372
2.0,3.0,0.10861825688334979
11.0,23.0,0.6896693873804658
29.0,54.0,1.7761380360636374
17.0,32.0,0.8458076768138417
1.0,3.0,0.060167235734809976
3.0,4.0,7.482483593560728
10.0,13.0,5.477285814990302
14.0,19.0,2.7186166002474836
4.0,9.0,1.0078349514201776
19.0,27.0,1.8337661535242389
56.0,77.0,3.55387523357372
1.0,3.0,0.10861825688334979
14.0,23.0,0.6896693873804658
37.0,54.0,1.7761380360636374
25.0,32.0,0.8458076768138417
2.0,3.0,0.060167235734809976
2.0,4.0,7.482483593560728
7.0,13.0,5.477285814990302
14.0,19.0,2.7186166002474836
6.0,9.0,1.0078349514201776
24.0,27.0,1.8337661535242389
64.0,77.0,3.55387523357372
3.0,3.0,0.10861825688334979
20.0,23.0,0.6896693873804658
41.0,54.0,1.7761380360636374
26.0,32.0,0.8458076768138417
2.0,3.0,0.060167235734809976
4.0,4.0,7.482483593560728
13.0,13.0,5.477285814990302
19.0,19.0,2.7186166002474836
9.0,9.0,1.0078349514201776
22.0,27.0,1.8337661535242389
70.0,77.0,3.55387523357372
3.0,3.0,0.10861825688334979
21.0,23.0,0.6896693873804658
50.0,54.0,1.7761380360636374
32.0,32.0,0.8458076768138417
3.0,3.0,0.060167235734809976
1.0,5.0,13.342081449608644
2.0,9.0,5.041223177992009
7.0,49.0,6.68425728196117
4.0,37.0,1.5259828479051145
1.0,4.0,0.17620545967805118
0.0,4.0,0.2641991193633023
0.0,19.0,1.750957958903283
4.0,27.0,1.6254287864450347
2.0,22.0,1.4140337248323804
7.0,59.0,2.611010621399513
0.0,7.0,0.17155859412817903
1.0,5.0,13.342081449608644
2.0,9.0,5.041223177992009
8.0,49.0,6.68425728196117
6.0,37.0,1.5259828479051145
0.0,4.0,0.17620545967805118
1.0,4.0,0.2641991193633023
2.0,19.0,1.750957958903283
4.0,27.0,1.6254287864450347
3.0,22.0,1.4140337248323804
8.0,59.0,2.611010621399513
1.0,7.0,0.17155859412817903
3.0,5.0,13.342081449608644
2.0,9.0,5.041223177992009
20.0,49.0,6.68425728196117
10.0,37.0,1.5259828479051145
2.0,4.0,0.17620545967805118
1.0,4.0,0.2641991193633023
4.0,19.0,1.750957958903283
9.0,27.0,1.6254287864450347
7.0,22.0,1.4140337248323804
20.0,59.0,2.611010621399513
1.0,7.0,0.17155859412817903
2.0,5.0,13.342081449608644
4.0,9.0,5.041223177992009
16.0,49.0,6.68425728196117
18.0,37.0,1.5259828479051145
1.0,4.0,0.17620545967805118
2.0,4.0,0.2641991193633023
6.0,19.0,1.750957958903283
12.0,27.0,1.6254287864450347
7.0,22.0,1.4140337248323804
22.0,59.0,2.611010621399513
5.0,7.0,0.17155859412817903
2.0,5.0,13.342081449608644
4.0,9.0,5.041223177992009
26.0,49.0,6.68425728196117
18.0,37.0,1.5259828479051145
2.0,4.0,0.17620545967805118
4.0,4.0,0.2641991193633023
9.0,19.0,1.750957958903283
13.0,27.0,1.6254287864450347
9.0,22.0,1.4140337248323804
28.0,59.0,2.611010621399513
3.0,7.0,0.17155859412817903
3.0,5.0,13.342081449608644
3.0,9.0,5.041223177992009
23.0,49.0,6.68425728196117
25.0,37.0,1.5259828479051145
2.0,4.0,0.17620545967805118
3.0,4.0,0.2641991193633023
15.0,19.0,1.750957958903283
19.0,27.0,1.6254287864450347
12.0,22.0,1.4140337248323804
33.0,59.0,2.611010621399513
3.0,7.0,0.17155859412817903
4.0,5.0,13.342081449608644
5.0,9.0,5.041223177992009
33.0,49.0,6.68425728196117
30.0,37.0,1.5259828479051145
2.0,4.0,0.17620545967805118
2.0,4.0,0.2641991193633023
14.0,19.0,1.750957958903283
21.0,27.0,1.6254287864450347
13.0,22.0,1.4140337248323804
39.0,59.0,2.611010621399513
6.0,7.0,0.17155859412817903
5.0,5.0,13.342081449608644
6.0,9.0,5.041223177992009
39.0,49.0,6.68425728196117
30.0,37.0,1.5259828479051145
3.0,4.0,0.17620545967805118
4.0,4.0,0.2641991193633023
15.0,19.0,1.750957958903283
20.0,27.0,1.6254287864450347
15.0,22.0,1.4140337248323804
49.0,59.0,2.611010621399513
6.0,7.0,0.17155859412817903
4.0,5.0,13.342081449608644
7.0,9.0,5.041223177992009
47.0,49.0,6.68425728196117
33.0,37.0,1.5259828479051145
3.0,4.0,0.17620545967805118
3.0,4.0,0.2641991193633023
18.0,19.0,1.750957958903283
25.0,27.0,1.6254287864450347
20.0,22.0,1.4140337248323804
50.0,59.0,2.611010621399513
5.0,7.0,0.17155859412817903
1.0,5.0,15.983650146740265
4.0,14.0,4.155910022136163
2.0,26.0,3.9077826727208897
3.0,26.0,1.7023369975883667
0.0,7.0,0.27698793333855315
1.0,17.0,0.8330422403491413
9.0,109.0,5.054691540652886
6.0,44.0,1.0272511198525596
2.0,32.0,0.6143556595787457
4.0,69.0,1.2886729770917036
3.0,20.0,0.2939107958239601
1.0,5.0,15.983650146740265
3.0,14.0,4.155910022136163
6.0,26.0,3.9077826727208897
5.0,26.0,1.7023369975883667
2.0,7.0,0.27698793333855315
4.0,17.0,0.8330422403491413
25.0,109.0,5.054691540652886
9.0,44.0,1.0272511198525596
5.0,32.0,0.6143556595787457
15.0,69.0,1.2886729770917036
1.0,20.0,0.2939107958239601
1.0,5.0,15.983650146740265
0.0,14.0,4.155910022136163
8.0,26.0,3.9077826727208897
9.0,26.0,1.7023369975883667
2.0,7.0,0.27698793333855315
4.0,17.0,0.8330422403491413
25.0,109.0,5.054691540652886
14.0,44.0,1.0272511198525596
11.0,32.0,0.6143556595787457
28.0,69.0,1.2886729770917036
3.0,20.0,0.2939107958239601
3.0,5.0,15.983650146740265
4.0,14.0,4.155910022136163
12.0,26.0,3.9077826727208897
10.0,26.0,1.7023369975883667
4.0,7.0,0.27698793333855315
5.0,17.0,0.8330422403491413
42.0,109.0,5.054691540652886
18.0,44.0,1.0272511198525596
12.0,32.0,0.6143556595787457
28.0,69.0,1.2886729770917036
5.0,20.0,0.2939107958239601
4.0,5.0,15.983650146740265
7.0,14.0,4.155910022136163
10.0,26.0,3.9077826727208897
14.0,26.0,1.7023369975883667
3.0,7.0,0.27698793333855315
9.0,17.0,0.8330422403491413
52.0,109.0,5.054691540652886
19.0,44.0,1.0272511198525596
14.0,32.0,0.6143556595787457
34.0,69.0,1.2886729770917036
12.0,20.0,0.2939107958239601
3.0,5.0,15.983650146740265
12.0,14.0,4.155910022136163
17.0,26.0,3.9077826727208897
17.0,26.0,1.7023369975883667
4.0,7.0,0.27698793333855315
9.0,17.0,0.8330422403491413
55.0,109.0,5.054691540652886
28.0,44.0,1.0272511198525596
16.0,32.0,0.6143556595787457
41.0,69.0,1.2886729770917036
18.0,20.0,0.2939107958239601
4.0,5.0,15.983650146740265
9.0,14.0,4.155910022136163
17.0,26.0,3.9077826727208897
18.0,26.0,1.7023369975883667
5.0,7.0,0.27698793333855315
15.0,17.0,0.8330422403491413
75.0,109.0,5.054691540652886
29.0,44.0,1.0272511198525596
27.0,32.0,0.6143556595787457
50.0,69.0,1.2886729770917036
12.0,20.0,0.2939107958239601
3.0,5.0,15.983650146740265
9.0,14.0,4.155910022136163
18.0,26.0,3.9077826727208897
23.0,26.0,1.7023369975883667
6.0,7.0,0.27698793333855315
13.0,17.0,0.8330422403491413
90.0,109.0,5.054691540652886
38.0,44.0,1.0272511198525596
30.0,32.0,0.6143556595787457
47.0,69.0,1.2886729770917036
10.0,20.0,0.2939107958239601
3.0,5.0,15.983650146740265
12.0,14.0,4.155910022136163
21.0,26.0,3.9077826727208897
24.0,26.0,1.7023369975883667
7.0,7.0,0.27698793333855315
17.0,17.0,0.8330422403491413
93.0,109.0,5.054691540652886
38.0,44.0,1.0272511198525596
30.0,32.0,0.6143556595787457
59.0,69.0,1.2886729770917036
17.0,20.0,0.2939107958239601
1.0,3.0,3.0993253577986017
0.0,3.0,2.052140852203515
1.0,5.0,1.4356683704748758
2.0,12.0,4.8318894975639095
1.0,14.0,1.4266065463422937
1.0,18.0,2.1651417398889965
2.0,14.0,0.8622761266305672
0.0,17.0,1.2633095098122602
11.0,68.0,4.296042465243525
1.0,13.0,0.6552271133171025
1.0,10.0,0.24497171748203964
2.0,3.0,3.0993253577986017
1.0,3.0,2.052140852203515
1.0,5.0,1.4356683704748758
1.0,12.0,4.8318894975639095
4.0,14.0,1.4266065463422937
3.0,18.0,2.1651417398889965
2.0,14.0,0.8622761266305672
5.0,17.0,1.2633095098122602
19.0,68.0,4.296042465243525
5.0,13.0,0.6552271133171025
2.0,10.0,0.24497171748203964
1.0,3.0,3.0993253577986017
0.0,3.0,2.052140852203515
0.0,5.0,1.4356683704748758
1.0,12.0,4.8318894975639095
4.0,14.0,1.4266065463422937
6.0,18.0,2.1651417398889965
3.0,14.0,0.8622761266305672
4.0,17.0,1.2633095098122602
17.0,68.0,4.296042465243525
4.0,13.0,0.6552271133171025
5.0,10.0,0.24497171748203964
1.0,3.0,3.0993253577986017
1.0,3.0,2.052140852203515
3.0,5.0,1.4356683704748758
5.0,12.0,4.8318894975639095
5.0,14.0,1.4266065463422937
8.0,18.0,2.1651417398889965
6.0,14.0,0.8622761266305672
3.0,17.0,1.2633095098122602
28.0,68.0,4.296042465243525
5.0,13.0,0.6552271133171025
6.0,10.0,0.24497171748203964
1.0,3.0,3.0993253577986017
2.0,3.0,2.052140852203515
2.0,5.0,1.4356683704748758
5.0,12.0,4.8318894975639095
8.0,14.0,1.4266065463422937
11.0,18.0,2.1651417398889965
4.0,14.0,0.8622761266305672
6.0,17.0,1.2633095098122602
35.0,68.0,4.296042465243525
6.0,13.0,0.6552271133171025
6.0,10.0,0.24497171748203964
2.0,3.0,3.0993253577986017
3.0,3.0,2.052140852203515
4.0,5.0,1.4356683704748758
9.0,12.0,4.8318894975639095
8.0,14.0,1.4266065463422937
13.0,18.0,2.1651417398889965
6.0,14.0,0.8622761266305672
11.0,17.0,1.2633095098122602
36.0,68.0,4.296042465243525
9.0,13.0,0.6552271133171025
7.0,10.0,0.24497171748203964
2.0,3.0,3.0993253577986017
3.0,3.0,2.052140852203515
3.0,5.0,1.4356683704748758
6.0,12.0,4.8318894975639095
7.0,14.0,1.4266065463422937
14.0,18.0,2.1651417398889965
9.0,14.0,0.8622761266305672
10.0,17.0,1.2633095098122602
49.0,68.0,4.296042465243525
11.0,13.0,0.6552271133171025
6.0,10.0,0.24497171748203964
3.0,3.0,3.0993253577986017
2.0,3.0,2.052140852203515
4.0,5.0,1.4356683704748758
9.0,12.0,4.8318894975639095
8.0,14.0,1.4266065463422937
17.0,18.0,2.1651417398889965
10.0,14.0,0.8622761266305672
17.0,17.0,1.2633095098122602
54.0,68.0,4.296042465243525
8.0,13.0,0.6552271133171025
9.0,10.0,0.24497171748203964
3.0,3.0,3.0993253577986017
3.0,3.0,2.052140852203515
5.0,5.0,1.4356683704748758
12.0,12.0,4.8318894975639095
12.0,14.0,1.4266065463422937
16.0,18.0,2.1651417398889965
13.0,14.0,0.8622761266305672
15.0,17.0,1.2633095098122602
62.0,68.0,4.296042465243525
13.0,13.0,0.6552271133171025
8.0,10.0,0.24497171748203964
1.0,3.0,7.533595203154136
2.0,7.0,2.2956407421063507
0.0,1.0,0.06622971862772523
0.0,12.0,2.8904190835006554
6.0,42.0,5.059072939680928
2.0,16.0,1.6148008703192676
1.0,19.0,0.8009086630119505
7.0,46.0,2.015483679118058
3.0,25.0,0.5942834677977724
7.0,44.0,1.2085379965337113
1.0,11.0,0.17785843464250367
1.0,3.0,7.533595203154136
1.0,7.0,2.2956407421063507
0.0,1.0,0.06622971862772523
4.0,12.0,2.8904190835006554
8.0,42.0,5.059072939680928
5.0,16.0,1.6148008703192676
1.0,19.0,0.8009086630119505
1.0,46.0,2.015483679118058
7.0,25.0,0.5942834677977724
11.0,44.0,1.2085379965337113
1.0,11.0,0.17785843464250367
1.0,3.0,7.533595203154136
1.0,7.0,2.2956407421063507
1.0,1.0,0.06622971862772523
4.0,12.0,2.8904190835006554
11.0,42.0,5.059072939680928
8.0,16.0,1.6148008703192676
2.0,19.0,0.8009086630119505
12.0,46.0,2.015483679118058
8.0,25.0,0.5942834677977724
15.0,44.0,1.2085379965337113
7.0,11.0,0.17785843464250367
3.0,3.0,7.533595203154136
4.0,7.0,2.2956407421063507
1.0,1.0,0.06622971862772523
5.0,12.0,2.8904190835006554
14.0,42.0,5.059072939680928
6.0,16.0,1.6148008703192676
4.0,19.0,0.8009086630119505
21.0,46.0,2.015483679118058
13.0,25.0,0.5942834677977724
21.0,44.0,1.2085379965337113
7.0,11.0,0.17785843464250367
3.0,3.0,7.533595203154136
1.0,7.0,2.2956407421063507
1.0,1.0,0.06622971862772523
5.0,12.0,2.8904190835006554
28.0,42.0,5.059072939680928
8.0,16.0,1.6148008703192676
8.0,19.0,0.8009086630119505
25.0,46.0,2.015483679118058
13.0,25.0,0.5942834677977724
21.0,44.0,1.2085379965337113
6.0,11.0,0.17785843464250367
2.0,3.0,7.533595203154136
6.0,7.0,2.2956407421063507
1.0,1.0,0.06622971862772523
9.0,12.0,2.8904190835006554
31.0,42.0,5.059072939680928
9.0,16.0,1.6148008703192676
7.0,19.0,0.8009086630119505
31.0,46.0,2.015483679118058
13.0,25.0,0.5942834677977724
28.0,44.0,1.2085379965337113
6.0,11.0,0.17785843464250367
3.0,3.0,7.533595203154136
6.0,7.0,2.2956407421063507
1.0,1.0,0.06622971862772523
7.0,12.0,2.8904190835006554
27.0,42.0,5.059072939680928
12.0,16.0,1.6148008703192676
14.0,19.0,0.8009086630119505
31.0,46.0,2.015483679118058
20.0,25.0,0.5942834677977724
34.0,44.0,1.2085379965337113
6.0,11.0,0.17785843464250367
3.0,3.0,7.533595203154136
7.0,7.0,2.2956407421063507
1.0,1.0,0.06622971862772523
9.0,12.0,2.8904190835006554
31.0,42.0,5.059072939680928
12.0,16.0,1.6148008703192676
12.0,19.0,0.8009086630119505
35.0,46.0,2.015483679118058
21.0,25.0,0.5942834677977724
39.0,44.0,1.2085379965337113
9.0,11.0,0.17785843464250367
3.0,3.0,7.533595203154136
6.0,7.0,2.2956407421063507
1.0,1.0,0.06622971862772523
10.0,12.0,2.8904190835006554
38.0,42.0,5.059072939680928
15.0,16.0,1.6148008703192676
17.0,19.0,0.8009086630119505
43.0,46.0,2.015483679118058
20.0,25.0,0.5942834677977724
37.0,44.0,1.2085379965337113
9.0,11.0,0.17785843464250367
2.0,11.0,7.727157734163038
1.0,8.0,2.8518544132598547
1.0,5.0,1.0083074010305284
1.0,10.0,1.2376231151046355
10.0,97.0,8.122933269245518
9.0,69.0,2.182879450334959
10.0,75.0,1.3541254629921633
3.0,34.0,0.6638864853908545
7.0,52.0,0.9770820926018929
3.0,51.0,0.9545576152115189
2.0,35.0,0.8028673159864198
1.0,11.0,7.727157734163038
1.0,8.0,2.8518544132598547
1.0,5.0,1.0083074010305284
2.0,10.0,1.2376231151046355
13.0,97.0,8.122933269245518
17.0,69.0,2.182879450334959
25.0,75.0,1.3541254629921633
3.0,34.0,0.6638864853908545
10.0,52.0,0.9770820926018929
6.0,51.0,0.9545576152115189
9.0,35.0,0.8028673159864198
4.0,11.0,7.727157734163038
1.0,8.0,2.8518544132598547
1.0,5.0,1.0083074010305284
1.0,10.0,1.2376231151046355
26.0,97.0,8.122933269245518
11.0,69.0,2.182879450334959
18.0,75.0,1.3541254629921633
12.0,34.0,0.6638864853908545
18.0,52.0,0.9770820926018929
15.0,51.0,0.9545576152115189
12.0,35.0,0.8028673159864198
3.0,11.0,7.727157734163038
4.0,8.0,2.8518544132598547
1.0,5.0,1.0083074010305284
4.0,10.0,1.2376231151046355
30.0,97.0,8.122933269245518
30.0,69.0,2.182879450334959
30.0,75.0,1.3541254629921633
8.0,34.0,0.6638864853908545
30.0,52.0,0.9770820926018929
23.0,51.0,0.9545576152115189
12.0,35.0,0.8028673159864198
4.0,11.0,7.727157734163038
5.0,8.0,2.8518544132598547
4.0,5.0,1.0083074010305284
2.0,10.0,1.2376231151046355
53.0,97.0,8.122933269245518
35.0,69.0,2.182879450334959
40.0,75.0,1.3541254629921633
17.0,34.0,0.6638864853908545
30.0,52.0,0.9770820926018929
24.0,51.0,0.9545576152115189
16.0,35.0,0.8028673159864198
9.0,11.0,7.727157734163038
5.0,8.0,2.8518544132598547
3.0,5.0,1.0083074010305284
6.0,10.0,1.2376231151046355
58.0,97.0,8.122933269245518
45.0,69.0,2.182879450334959
53.0,75.0,1.3541254629921633
21.0,34.0,0.6638864853908545
24.0,52.0,0.9770820926018929
34.0,51.0,0.9545576152115189
24.0,35.0,0.8028673159864198
6.0,11.0,7.727157734163038
3.0,8.0,2.8518544132598547
2.0,5.0,1.0083074010305284
8.0,10.0,1.2376231151046355
64.0,97.0,8.122933269245518
48.0,69.0,2.182879450334959
59.0,75.0,1.3541254629921633
25.0,34.0,0.6638864853908545
42.0,52.0,0.9770820926018929
27.0,51.0,0.9545576152115189
28.0,35.0,0.8028673159864198
10.0,11.0,7.727157734163038
8.0,8.0,2.8518544132598547
5.0,5.0,1.0083074010305284
8.0,10.0,1.2376231151046355
75.0,97.0,8.122933269245518
55.0,69.0,2.182879450334959
61.0,75.0,1.3541254629921633
30.0,34.0,0.6638864853908545
32.0,52.0,0.9770820926018929
43.0,51.0,0.9545576152115189
31.0,35.0,0.8028673159864198
10.0,11.0,7.727157734163038
7.0,8.0,2.8518544132598547
5.0,5.0,1.0083074010305284
9.0,10.0,1.2376231151046355
88.0,97.0,8.122933269245518
64.0,69.0,2.182879450334959
69.0,75.0,1.3541254629921633
29.0,34.0,0.6638864853908545
46.0,52.0,0.9770820926018929
45.0,51.0,0.9545576152115189
29.0,35.0,0.8028673159864198
1.0,6.0,4.547889738043421
1.0,9.0,2.963514854818631
0.0,2.0,0.5580136434406072
2.0,35.0,6.53761457557333
2.0,15.0,0.6872240617665207
3.0,23.0,0.9746647150578791
1.0,7.0,0.42926388889855144
1.0,18.0,1.4438953798912126
4.0,13.0,0.6805444988954095
6.0,38.0,2.437223287013363
3.0,9.0,0.32582805372201556
1.0,6.0,4.547889738043421
2.0,9.0,2.963514854818631
1.0,2.0,0.5580136434406072
9.0,35.0,6.53761457557333
6.0,15.0,0.6872240617665207
7.0,23.0,0.9746647150578791
4.0,7.0,0.42926388889855144
4.0,18.0,1.4438953798912126
1.0,13.0,0.6805444988954095
17.0,38.0,2.437223287013363
0.0,9.0,0.32582805372201556
3.0,6.0,4.547889738043421
3.0,9.0,2.963514854818631
2.0,2.0,0.5580136434406072
9.0,35.0,6.53761457557333
4.0,15.0,0.6872240617665207
6.0,23.0,0.9746647150578791
3.0,7.0,0.42926388889855144
6.0,18.0,1.4438953798912126
3.0,13.0,0.6805444988954095
9.0,38.0,2.437223287013363
5.0,9.0,0.32582805372201556
1.0,6.0,4.547889738043421
4.0,9.0,2.963514854818631
0.0,2.0,0.5580136434406072
10.0,35.0,6.53761457557333
7.0,15.0,0.6872240617665207
10.0,23.0,0.9746647150578791
2.0,7.0,0.42926388889855144
7.0,18.0,1.4438953798912126
2.0,13.0,0.6805444988954095
13.0,38.0,2.437223287013363
3.0,9.0,0.32582805372201556
4.0,6.0,4.547889738043421
5.0,9.0,2.963514854818631
1.0,2.0,0.5580136434406072
18.0,35.0,6.53761457557333
8.0,15.0,0.6872240617665207
13.0,23.0,0.9746647150578791
3.0,7.0,0.42926388889855144
8.0,18.0,1.4438953798912126
5.0,13.0,0.6805444988954095
17.0,38.0,2.437223287013363
6.0,9.0,0.32582805372201556
6.0,6.0,4.547889738043421
4.0,9.0,2.963514854818631
1.0,2.0,0.5580136434406072
19.0,35.0,6.53761457557333
6.0,15.0,0.6872240617665207
13.0,23.0,0.9746647150578791
3.0,7.0,0.42926388889855144
13.0,18.0,1.4438953798912126
8.0,13.0,0.6805444988954095
22.0,38.0,2.437223287013363
5.0,9.0,0.32582805372201556
4.0,6.0,4.547889738043421
7.0,9.0,2.963514854818631
0.0,2.0,0.5580136434406072
24.0,35.0,6.53761457557333
10.0,15.0,0.6872240617665207
20.0,23.0,0.9746647150578791
5.0,7.0,0.42926388889855144
15.0,18.0,1.4438953798912126
9.0,13.0,0.6805444988954095
30.0,38.0,2.437223287013363
7.0,9.0,0.32582805372201556
5.0,6.0,4.547889738043421
6.0,9.0,2.963514854818631
1.0,2.0,0.5580136434406072
28.0,35.0,6.53761457557333
13.0,15.0,0.6872240617665207
20.0,23.0,0.9746647150578791
6.0,7.0,0.42926388889855144
16.0,18.0,1.4438953798912126
8.0,13.0,0.6805444988954095
32.0,38.0,2.437223287013363
8.0,9.0,0.32582805372201556
6.0,6.0,4.547889738043421
9.0,9.0,2.963514854818631
2.0,2.0,0.5580136434406072
31.0,35.0,6.53761457557333
11.0,15.0,0.6872240617665207
21.0,23.0,0.9746647150578791
7.0,7.0,0.42926388889855144
17.0,18.0,1.4438953798912126
12.0,13.0,0.6805444988954095
33.0,38.0,2.437223287013363
9.0,9.0,0.32582805372201556
1.0,3.0,3.5915060745275373
2.0,5.0,3.481899961472256
4.0,24.0,4.392531106990818
1.0,11.0,1.339890448939841
2.0,11.0,0.7998506065024941
5.0,38.0,3.254012604244531
2.0,21.0,1.1395587410109238
1.0,15.0,0.47239490660939565
4.0,20.0,1.0321457424742324
8.0,61.0,3.1399867999345625
1.0,23.0,0.7076778156206877
1.0,3.0,3.5915060745275373
1.0,5.0,3.481899961472256
5.0,24.0,4.392531106990818
4.0,11.0,1.339890448939841
2.0,11.0,0.7998506065024941
6.0,38.0,3.254012604244531
5.0,21.0,1.1395587410109238
3.0,15.0,0.47239490660939565
4.0,20.0,1.0321457424742324
10.0,61.0,3.1399867999345625
6.0,23.0,0.7076778156206877
1.0,3.0,3.5915060745275373
2.0,5.0,3.481899961472256
6.0,24.0,4.392531106990818
0.0,11.0,1.339890448939841
5.0,11.0,0.7998506065024941
18.0,38.0,3.254012604244531
9.0,21.0,1.1395587410109238
7.0,15.0,0.47239490660939565
7.0,20.0,1.0321457424742324
22.0,61.0,3.1399867999345625
10.0,23.0,0.7076778156206877
3.0,3.0,3.5915060745275373
2.0,5.0,3.481899961472256
8.0,24.0,4.392531106990818
6.0,11.0,1.339890448939841
6.0,11.0,0.7998506065024941
17.0,38.0,3.254012604244531
9.0,21.0,1.1395587410109238
7.0,15.0,0.47239490660939565
9.0,20.0,1.0321457424742324
25.0,61.0,3.1399867999345625
8.0,23.0,0.7076778156206877
3.0,3.0,3.5915060745275373
2.0,5.0,3.481899961472256
16.0,24.0,4.392531106990818
6.0,11.0,1.339890448939841
6.0,11.0,0.7998506065024941
18.0,38.0,3.254012604244531
8.0,21.0,1.1395587410109238
9.0,15.0,0.47239490660939565
8.0,20.0,1.0321457424742324
30.0,61.0,3.1399867999345625
11.0,23.0,0.7076778156206877
1.0,3.0,3.5915060745275373
3.0,5.0,3.481899961472256
13.0,24.0,4.392531106990818
8.0,11.0,1.339890448939841
8.0,11.0,0.7998506065024941
21.0,38.0,3.254012604244531
10.0,21.0,1.1395587410109238
8.0,15.0,0.47239490660939565
10.0,20.0,1.0321457424742324
32.0,61.0,3.1399867999345625
13.0,23.0,0.7076778156206877
1.0,3.0,3.5915060745275373
4.0,5.0,3.481899961472256
14.0,24.0,4.392531106990818
8.0,11.0,1.339890448939841
8.0,11.0,0.7998506065024941
24.0,38.0,3.254012604244531
18.0,21.0,1.1395587410109238
11.0,15.0,0.47239490660939565
14.0,20.0,1.0321457424742324
45.0,61.0,3.1399867999345625
20.0,23.0,0.7076778156206877
2.0,3.0,3.5915060745275373
4.0,5.0,3.481899961472256
23.0,24.0,4.392531106990818
9.0,11.0,1.339890448939841
10.0,11.0,0.7998506065024941
34.0,38.0,3.254012604244531
18.0,21.0,1.1395587410109238
10.0,15.0,0.47239490660939565
18.0,20.0,1.0321457424742324
49.0,61.0,3.1399867999345625
20.0,23.0,0.7076778156206877
2.0,3.0,3.5915060745275373
4.0,5.0,3.481899961472256
21.0,24.0,4.392531106990818
10.0,11.0,1.339890448939841
11.0,11.0,0.7998506065024941
35.0,38.0,3.254012604244531
18.0,21.0,1.1395587410109238
13.0,15.0,0.47239490660939565
19.0,20.0,1.0321457424742324
58.0,61.0,3.1399867999345625
22.0,23.0,0.7076778156206877
1.0,4.0,5.429848608510112
1.0,10.0,8.3308565210363
3.0,18.0,4.1507461312926095
1.0,23.0,2.086328676508379
5.0,26.0,1.752865201339339
0.0,13.0,0.4938829307388041
2.0,10.0,0.3408096902161621
3.0,41.0,1.686507456279524
3.0,12.0,0.3943347591901332
2.0,34.0,2.1959598540569707
4.0,37.0,1.7697632224873021
1.0,4.0,5.429848608510112
2.0,10.0,8.3308565210363
4.0,18.0,4.1507461312926095
2.0,23.0,2.086328676508379
11.0,26.0,1.752865201339339
2.0,13.0,0.4938829307388041
5.0,10.0,0.3408096902161621
10.0,41.0,1.686507456279524
2.0,12.0,0.3943347591901332
7.0,34.0,2.1959598540569707
11.0,37.0,1.7697632224873021
1.0,4.0,5.429848608510112
2.0,10.0,8.3308565210363
4.0,18.0,4.1507461312926095
6.0,23.0,2.086328676508379
7.0,26.0,1.752865201339339
5.0,13.0,0.4938829307388041
2.0,10.0,0.3408096902161621
12.0,41.0,1.686507456279524
5.0,12.0,0.3943347591901332
13.0,34.0,2.1959598540569707
9.0,37.0,1.7697632224873021
3.0,4.0,5.429848608510112
4.0,10.0,8.3308565210363
7.0,18.0,4.1507461312926095
11.0,23.0,2.086328676508379
11.0,26.0,1.752865201339339
2.0,13.0,0.4938829307388041
5.0,10.0,0.3408096902161621
16.0,41.0,1.686507456279524
6.0,12.0,0.3943347591901332
15.0,34.0,2.1959598540569707
10.0,37.0,1.7697632224873021
2.0,4.0,5.429848608510112
4.0,10.0,8.3308565210363
5.0,18.0,4.1507461312926095
13.0,23.0,2.086328676508379
14.0,26.0,1.752865201339339
10.0,13.0,0.4938829307388041
6.0,10.0,0.3408096902161621
20.0,41.0,1.686507456279524
4.0,12.0,0.3943347591901332
18.0,34.0,2.1959598540569707
12.0,37.0,1.7697632224873021
3.0,4.0,5.429848608510112
5.0,10.0,8.3308565210363
11.0,18.0,4.1507461312926095
10.0,23.0,2.086328676508379
19.0,26.0,1.752865201339339
8.0,13.0,0.4938829307388041
8.0,10.0,0.3408096902161621
26.0,41.0,1.686507456279524
8.0,12.0,0.3943347591901332
24.0,34.0,2.1959598540569707
28.0,37.0,1.7697632224873021
4.0,4.0,5.429848608510112
8.0,10.0,8.3308565210363
15.0,18.0,4.1507461312926095
13.0,23.0,2.086328676508379
15.0,26.0,1.752865201339339
8.0,13.0,0.4938829307388041
7.0,10.0,0.3408096902161621
23.0,41.0,1.686507456279524
10.0,12.0,0.3943347591901332
23.0,34.0,2.1959598540569707
24.0,37.0,1.7697632224873021
4.0,4.0,5.429848608510112
7.0,10.0,8.3308565210363
16.0,18.0,4.1507461312926095
17.0,23.0,2.086328676508379
25.0,26.0,1.752865201339339
9.0,13.0,0.4938829307388041
7.0,10.0,0.3408096902161621
32.0,41.0,1.686507456279524
11.0,12.0,0.3943347591901332
30.0,34.0,2.1959598540569707
26.0,37.0,1.7697632224873021
4.0,4.0,5.429848608510112
7.0,10.0,8.3308565210363
16.0,18.0,4.1507461312926095
21.0,23.0,2.086328676508379
21.0,26.0,1.752865201339339
10.0,13.0,0.4938829307388041
8.0,10.0,0.3408096902161621
35.0,41.0,1.686507456279524
12.0,12.0,0.3943347591901332
32.0,34.0,2.1959598540569707
32.0,37.0,1.7697632224873021
1.0,1.0,1.765329948801644
0.0,6.0,6.741756535657124
0.0,12.0,4.110566139621315
7.0,34.0,5.590702644703181
5.0,97.0,5.753610841972611
1.0,6.0,0.16916978296645946
1.0,13.0,0.34567479283414476
0.0,5.0,0.18991160393307527
3.0,8.0,0.2245542166719975
2.0,18.0,1.4352441428137452
3.0,19.0,1.7209339238493686
1.0,1.0,1.765329948801644
1.0,6.0,6.741756535657124
3.0,12.0,4.110566139621315
7.0,34.0,5.590702644703181
19.0,97.0,5.753610841972611
3.0,6.0,0.16916978296645946
2.0,13.0,0.34567479283414476
1.0,5.0,0.18991160393307527
1.0,8.0,0.2245542166719975
6.0,18.0,1.4352441428137452
1.0,19.0,1.7209339238493686
1.0,1.0,1.765329948801644
2.0,6.0,6.741756535657124
5.0,12.0,4.110566139621315
15.0,34.0,5.590702644703181
27.0,97.0,5.753610841972611
2.0,6.0,0.16916978296645946
2.0,13.0,0.34567479283414476
1.0,5.0,0.18991160393307527
1.0,8.0,0.2245542166719975
5.0,18.0,1.4352441428137452
3.0,19.0,1.7209339238493686
1.0,1.0,1.765329948801644
2.0,6.0,6.741756535657124
5.0,12.0,4.110566139621315
16.0,34.0,5.590702644703181
49.0,97.0,5.753610841972611
1.0,6.0,0.16916978296645946
6.0,13.0,0.34567479283414476
4.0,5.0,0.18991160393307527
4.0,8.0,0.2245542166719975
6.0,18.0,1.4352441428137452
4.0,19.0,1.7209339238493686
1.0,1.0,1.765329948801644
3.0,6.0,6.741756535657124
5.0,12.0,4.110566139621315
14.0,34.0,5.590702644703181
49.0,97.0,5.753610841972611
5.0,6.0,0.16916978296645946
8.0,13.0,0.34567479283414476
4.0,5.0,0.18991160393307527
2.0,8.0,0.2245542166719975
12.0,18.0,1.4352441428137452
8.0,19.0,1.7209339238493686
1.0,1.0,1.765329948801644
5.0,6.0,6.741756535657124
7.0,12.0,4.110566139621315
15.0,34.0,5.590702644703181
58.0,97.0,5.753610841972611
1.0,6.0,0.16916978296645946
12.0,13.0,0.34567479283414476
3.0,5.0,0.18991160393307527
6.0,8.0,0.2245542166719975
13.0,18.0,1.4352441428137452
12.0,19.0,1.7209339238493686
1.0,1.0,1.765329948801644
5.0,6.0,6.741756535657124
10.0,12.0,4.110566139621315
24.0,34.0,5.590702644703181
69.0,97.0,5.753610841972611
6.0,6.0,0.16916978296645946
12.0,13.0,0.34567479283414476
3.0,5.0,0.18991160393307527
6.0,8.0,0.2245542166719975
13.0,18.0,1.4352441428137452
12.0,19.0,1.7209339238493686
1.0,1.0,1.765329948801644
3.0,6.0,6.741756535657124
10.0,12.0,4.110566139621315
30.0,34.0,5.590702644703181
76.0,97.0,5.753610841972611
5.0,6.0,0.16916978296645946
11.0,13.0,0.34567479283414476
2.0,5.0,0.18991160393307527
8.0,8.0,0.2245542166719975
14.0,18.0,1.4352441428137452
14.0,19.0,1.7209339238493686
1.0,1.0,1.765329948801644
5.0,6.0,6.741756535657124
11.0,12.0,4.110566139621315
32.0,34.0,5.590702644703181
88.0,97.0,5.753610841972611
5.0,6.0,0.16916978296645946
13.0,13.0,0.34567479283414476
5.0,5.0,0.18991160393307527
8.0,8.0,0.2245542166719975
16.0,18.0,1.4352441428137452
18.0,19.0,1.7209339238493686
2.0,5.0,11.840688443820605
1.0,7.0,4.167948154445604
3.0,41.0,8.317618114106548
2.0,45.0,3.108308347463827
0.0,7.0,0.3138713687561368
6.0,30.0,1.3833836470136416
1.0,18.0,0.8294840159090641
2.0,57.0,1.9171518079260634
4.0,31.0,0.9549629731149136
4.0,23.0,0.6835673334310343
2.0,11.0,0.3943590868192785
2.0,5.0,11.840688443820605
1.0,7.0,4.167948154445604
11.0,41.0,8.317618114106548
10.0,45.0,3.108308347463827
2.0,7.0,0.3138713687561368
4.0,30.0,1.3833836470136416
5.0,18.0,0.8294840159090641
7.0,57.0,1.9171518079260634
5.0,31.0,0.9549629731149136
2.0,23.0,0.6835673334310343
1.0,11.0,0.3943590868192785
1.0,5.0,11.840688443820605
1.0,7.0,4.167948154445604
16.0,41.0,8.317618114106548
14.0,45.0,3.108308347463827
2.0,7.0,0.3138713687561368
7.0,30.0,1.3833836470136416
4.0,18.0,0.8294840159090641
22.0,57.0,1.9171518079260634
13.0,31.0,0.9549629731149136
5.0,23.0,0.6835673334310343
5.0,11.0,0.3943590868192785
3.0,5.0,11.840688443820605
3.0,7.0,4.167948154445604
22.0,41.0,8.317618114106548
16.0,45.0,3.108308347463827
2.0,7.0,0.3138713687561368
14.0,30.0,1.3833836470136416
10.0,18.0,0.8294840159090641
25.0,57.0,1.9171518079260634
13.0,31.0,0.9549629731149136
14.0,23.0,0.6835673334310343
6.0,11.0,0.3943590868192785
2.0,5.0,11.840688443820605
3.0,7.0,4.167948154445604
17.0,41.0,8.317618114106548
27.0,45.0,3.108308347463827
5.0,7.0,0.3138713687561368
15.0,30.0,1.3833836470136416
10.0,18.0,0.8294840159090641
25.0,57.0,1.9171518079260634
12.0,31.0,0.9549629731149136
11.0,23.0,0.6835673334310343
6.0,11.0,0.3943590868192785
4.0,5.0,11.840688443820605
5.0,7.0,4.167948154445604
24.0,41.0,8.317618114106548
27.0,45.0,3.108308347463827
5.0,7.0,0.3138713687561368
15.0,30.0,1.3833836470136416
13.0,18.0,0.8294840159090641
31.0,57.0,1.9171518079260634
18.0,31.0,0.9549629731149136
11.0,23.0,0.6835673334310343
3.0,11.0,0.3943590868192785
3.0,5.0,11.840688443820605
6.0,7.0,4.167948154445604
29.0,41.0,8.317618114106548
33.0,45.0,3.108308347463827
5.0,7.0,0.3138713687561368
21.0,30.0,1.3833836470136416
13.0,18.0,0.8294840159090641
36.0,57.0,1.9171518079260634
24.0,31.0,0.9549629731149136
19.0,23.0,0.6835673334310343
9.0,11.0,0.3943590868192785
3.0,5.0,11.840688443820605
6.0,7.0,4.167948154445604
32.0,41.0,8.317618114106548
36.0,45.0,3.108308347463827
7.0,7.0,0.3138713687561368
27.0,30.0,1.3833836470136416
13.0,18.0,0.8294840159090641
46.0,57.0,1.9171518079260634
26.0,31.0,0.9549629731149136
19.0,23.0,0.6835673334310343
11.0,11.0,0.3943590868192785
4.0,5.0,11.840688443820605
7.0,7.0,4.167948154445604
38.0,41.0,8.317618114106548
38.0,45.0,3.108308347463827
6.0,7.0,0.3138713687561368
28.0,30.0,1.3833836470136416
15.0,18.0,0.8294840159090641
52.0,57.0,1.9171518079260634
29.0,31.0,0.9549629731149136
21.0,23.0,0.6835673334310343
7.0,11.0,0.3943590868192785
1.0,4.0,4.500081451646957
0.0,8.0,2.9649272441434342
0.0,4.0,0.3566539633441074
1.0,17.0,3.2278536019483584
3.0,22.0,2.6080768274295365
4.0,31.0,2.235995422172046
2.0,19.0,1.6082487862001855
3.0,85.0,3.6622095993084707
0.0,10.0,0.250292825689937
5.0,27.0,0.8669224184927891
1.0,20.0,0.7672463064172774
2.0,4.0,4.500081451646957
3.0,8.0,2.9649272441434342
2.0,4.0,0.3566539633441074
2.0,17.0,3.2278536019483584
6.0,22.0,2.6080768274295365
6.0,31.0,2.235995422172046
7.0,19.0,1.6082487862001855
17.0,85.0,3.6622095993084707
2.0,10.0,0.250292825689937
5.0,27.0,0.8669224184927891
3.0,20.0,0.7672463064172774
1.0,4.0,4.500081451646957
1.0,8.0,2.9649272441434342
2.0,4.0,0.3566539633441074
6.0,17.0,3.2278536019483584
5.0,22.0,2.6080768274295365
9.0,31.0,2.235995422172046
6.0,19.0,1.6082487862001855
30.0,85.0,3.6622095993084707
2.0,10.0,0.250292825689937
8.0,27.0,0.8669224184927891
8.0,20.0,0.7672463064172774
2.0,4.0,4.500081451646957
3.0,8.0,2.9649272441434342
1.0,4.0,0.3566539633441074
7.0,17.0,3.2278536019483584
7.0,22.0,2.6080768274295365
19.0,31.0,2.235995422172046
7.0,19.0,1.6082487862001855
27.0,85.0,3.6622095993084707
3.0,10.0,0.250292825689937
11.0,27.0,0.8669224184927891
5.0,20.0,0.7672463064172774
3.0,4.0,4.500081451646957
3.0,8.0,2.9649272441434342
2.0,4.0,0.3566539633441074
8.0,17.0,3.2278536019483584
15.0,22.0,2.6080768274295365
12.0,31.0,2.235995422172046
14.0,19.0,1.6082487862001855
49.0,85.0,3.6622095993084707
3.0,10.0,0.250292825689937
15.0,27.0,0.8669224184927891
10.0,20.0,0.7672463064172774
4.0,4.0,4.500081451646957
5.0,8.0,2.9649272441434342
3.0,4.0,0.3566539633441074
11.0,17.0,3.2278536019483584
14.0,22.0,2.6080768274295365
19.0,31.0,2.235995422172046
10.0,19.0,1.6082487862001855
55.0,85.0,3.6622095993084707
7.0,10.0,0.250292825689937
14.0,27.0,0.8669224184927891
9.0,20.0,0.7672463064172774
2.0,4.0,4.500081451646957
3.0,8.0,2.9649272441434342
3.0,4.0,0.3566539633441074
10.0,17.0,3.2278536019483584
14.0,22.0,2.6080768274295365
21.0,31.0,2.235995422172046
14.0,19.0,1.6082487862001855
60.0,85.0,3.6622095993084707
7.0,10.0,0.250292825689937
20.0,27.0,0.8669224184927891
14.0,20.0,0.7672463064172774
4.0,4.0,4.500081451646957
6.0,8.0,2.9649272441434342
2.0,4.0,0.3566539633441074
13.0,17.0,3.2278536019483584
19.0,22.0,2.6080768274295365
23.0,31.0,2.235995422172046
16.0,19.0,1.6082487862001855
77.0,85.0,3.6622095993084707
5.0,10.0,0.250292825689937
19.0,27.0,0.8669224184927891
15.0,20.0,0.7672463064172774
4.0,4.0,4.500081451646957
5.0,8.0,2.9649272441434342
3.0,4.0,0.3566539633441074
15.0,17.0,3.2278536019483584
19.0,22.0,2.6080768274295365
29.0,31.0,2.235995422172046
16.0,19.0,1.6082487862001855
78.0,85.0,3.6622095993084707
7.0,10.0,0.250292825689937
23.0,27.0,0.8669224184927891
19.0,20.0,0.7672463064172774
1.0,3.0,9.276689569152285
2.0,4.0,3.325936397768053
1.0,8.0,2.237153574623552
4.0,24.0,3.7510373790425797
1.0,9.0,1.0515476067703007
5.0,40.0,2.2817070054353015
1.0,23.0,0.6696353886600248
5.0,48.0,1.8521730040393256
8.0,54.0,1.5536284251940922
3.0,22.0,0.4882841385013956
3.0,42.0,1.3340939476265956
1.0,3.0,9.276689569152285
3.0,4.0,3.325936397768053
3.0,8.0,2.237153574623552
5.0,24.0,3.7510373790425797
1.0,9.0,1.0515476067703007
8.0,40.0,2.2817070054353015
5.0,23.0,0.6696353886600248
8.0,48.0,1.8521730040393256
13.0,54.0,1.5536284251940922
5.0,22.0,0.4882841385013956
6.0,42.0,1.3340939476265956
1.0,3.0,9.276689569152285
2.0,4.0,3.325936397768053
3.0,8.0,2.237153574623552
8.0,24.0,3.7510373790425797
2.0,9.0,1.0515476067703007
12.0,40.0,2.2817070054353015
4.0,23.0,0.6696353886600248
14.0,48.0,1.8521730040393256
23.0,54.0,1.5536284251940922
4.0,22.0,0.4882841385013956
11.0,42.0,1.3340939476265956
1.0,3.0,9.276689569152285
1.0,4.0,3.325936397768053
4.0,8.0,2.237153574623552
8.0,24.0,3.7510373790425797
4.0,9.0,1.0515476067703007
20.0,40.0,2.2817070054353015
7.0,23.0,0.6696353886600248
11.0,48.0,1.8521730040393256
20.0,54.0,1.5536284251940922
11.0,22.0,0.4882841385013956
16.0,42.0,1.3340939476265956
1.0,3.0,9.276689569152285
2.0,4.0,3.325936397768053
4.0,8.0,2.237153574623552
15.0,24.0,3.7510373790425797
6.0,9.0,1.0515476067703007
18.0,40.0,2.2817070054353015
14.0,23.0,0.6696353886600248
27.0,48.0,1.8521730040393256
29.0,54.0,1.5536284251940922
9.0,22.0,0.4882841385013956
21.0,42.0,1.3340939476265956
2.0,3.0,9.276689569152285
2.0,4.0,3.325936397768053
5.0,8.0,2.237153574623552
15.0,24.0,3.7510373790425797
7.0,9.0,1.0515476067703007
28.0,40.0,2.2817070054353015
16.0,23.0,0.6696353886600248
30.0,48.0,1.8521730040393256
34.0,54.0,1.5536284251940922
10.0,22.0,0.4882841385013956
27.0,42.0,1.3340939476265956
2.0,3.0,9.276689569152285
4.0,4.0,3.325936397768053
7.0,8.0,2.237153574623552
16.0,24.0,3.7510373790425797
6.0,9.0,1.0515476067703007
32.0,40.0,2.2817070054353015
16.0,23.0,0.6696353886600248
34.0,48.0,1.8521730040393256
44.0,54.0,1.5536284251940922
14.0,22.0,0.4882841385013956
28.0,42.0,1.3340939476265956
2.0,3.0,9.276689569152285
4.0,4.0,3.325936397768053
5.0,8.0,2.237153574623552
18.0,24.0,3.7510373790425797
6.0,9.0,1.0515476067703007
33.0,40.0,2.2817070054353015
18.0,23.0,0.6696353886600248
41.0,48.0,1.8521730040393256
50.0,54.0,1.5536284251940922
19.0,22.0,0.4882841385013956
32.0,42.0,1.3340939476265956
2.0,3.0,9.276689569152285
4.0,4.0,3.325936397768053
7.0,8.0,2.237153574623552
21.0,24.0,3.7510373790425797
9.0,9.0,1.0515476067703007
37.0,40.0,2.2817070054353015
19.0,23.0,0.6696353886600248
41.0,48.0,1.8521730040393256
45.0,54.0,1.5536284251940922
17.0,22.0,0.4882841385013956
38.0,42.0,1.3340939476265956
1.0,6.0,7.602499267053076
0.0,5.0,4.3105364012805465
0.0,7.0,3.0400149919932575
2.0,4.0,1.213178640181658
2.0,15.0,3.0310123857890634
0.0,8.0,1.025257300041588
4.0,33.0,3.3496751760154866
5.0,36.0,1.8326836563354638
3.0,23.0,0.9783502352662199
1.0,23.0,0.6779482548818663
3.0,30.0,0.9281557405835598
1.0,6.0,7.602499267053076
0.0,5.0,4.3105364012805465
1.0,7.0,3.0400149919932575
1.0,4.0,1.213178640181658
5.0,15.0,3.0310123857890634
1.0,8.0,1.025257300041588
9.0,33.0,3.3496751760154866
4.0,36.0,1.8326836563354638
3.0,23.0,0.9783502352662199
7.0,23.0,0.6779482548818663
6.0,30.0,0.9281557405835598
1.0,6.0,7.602499267053076
3.0,5.0,4.3105364012805465
3.0,7.0,3.0400149919932575
1.0,4.0,1.213178640181658
3.0,15.0,3.0310123857890634
4.0,8.0,1.025257300041588
10.0,33.0,3.3496751760154866
10.0,36.0,1.8326836563354638
7.0,23.0,0.9783502352662199
13.0,23.0,0.6779482548818663
8.0,30.0,0.9281557405835598
2.0,6.0,7.602499267053076
2.0,5.0,4.3105364012805465
4.0,7.0,3.0400149919932575
1.0,4.0,1.213178640181658
3.0,15.0,3.0310123857890634
4.0,8.0,1.025257300041588
14.0,33.0,3.3496751760154866
16.0,36.0,1.8326836563354638
5.0,23.0,0.9783502352662199
8.0,23.0,0.6779482548818663
13.0,30.0,0.9281557405835598
5.0,6.0,7.602499267053076
4.0,5.0,4.3105364012805465
2.0,7.0,3.0400149919932575
2.0,4.0,1.213178640181658
10.0,15.0,3.0310123857890634
6.0,8.0,1.025257300041588
17.0,33.0,3.3496751760154866
17.0,36.0,1.8326836563354638
13.0,23.0,0.9783502352662199
11.0,23.0,0.6779482548818663
13.0,30.0,0.9281557405835598
3.0,6.0,7.602499267053076
2.0,5.0,4.3105364012805465
3.0,7.0,3.0400149919932575
3.0,4.0,1.213178640181658
10.0,15.0,3.0310123857890634
6.0,8.0,1.025257300041588
19.0,33.0,3.3496751760154866
20.0,36.0,1.8326836563354638
17.0,23.0,0.9783502352662199
16.0,23.0,0.6779482548818663
17.0,30.0,0.9281557405835598
4.0,6.0,7.602499267053076
3.0,5.0,4.3105364012805465
5.0,7.0,3.0400149919932575
4.0,4.0,1.213178640181658
10.0,15.0,3.0310123857890634
8.0,8.0,1.025257300041588
26.0,33.0,3.3496751760154866
22.0,36.0,1.8326836563354638
14.0,23.0,0.9783502352662199
18.0,23.0,0.6779482548818663
22.0,30.0,0.9281557405835598
3.0,6.0,7.602499267053076
3.0,5.0,4.3105364012805465
5.0,7.0,3.0400149919932575
2.0,4.0,1.213178640181658
11.0,15.0,3.0310123857890634
8.0,8.0,1.025257300041588
24.0,33.0,3.3496751760154866
28.0,36.0,1.8326836563354638
20.0,23.0,0.9783502352662199
19.0,23.0,0.6779482548818663
24.0,30.0,0.9281557405835598
6.0,6.0,7.602499267053076
5.0,5.0,4.3105364012805465
7.0,7.0,3.0400149919932575
4.0,4.0,1.213178640181658
15.0,15.0,3.0310123857890634
8.0,8.0,1.025257300041588
29.0,33.0,3.3496751760154866
29.0,36.0,1.8326836563354638
20.0,23.0,0.9783502352662199
21.0,23.0,0.6779482548818663
26.0,30.0,0.9281557405835598
3.0,8.0,10.130015795426143
0.0,4.0,3.10312318553669
1.0,22.0,4.251681421438722
4.0,29.0,2.4195533894950207
6.0,17.0,1.1630256864768964
3.0,14.0,0.5425068513000819
7.0,33.0,1.7753435282824441
2.0,15.0,1.12158365122362
3.0,17.0,0.545046552387265
6.0,99.0,4.559212426910051
5.0,43.0,1.2113634879922157
3.0,8.0,10.130015795426143
2.0,4.0,3.10312318553669
4.0,22.0,4.251681421438722
9.0,29.0,2.4195533894950207
3.0,17.0,1.1630256864768964
2.0,14.0,0.5425068513000819
9.0,33.0,1.7753435282824441
3.0,15.0,1.12158365122362
4.0,17.0,0.545046552387265
19.0,99.0,4.559212426910051
6.0,43.0,1.2113634879922157
1.0,8.0,10.130015795426143
3.0,4.0,3.10312318553669
8.0,22.0,4.251681421438722
5.0,29.0,2.4195533894950207
4.0,17.0,1.1630256864768964
3.0,14.0,0.5425068513000819
6.0,33.0,1.7753435282824441
4.0,15.0,1.12158365122362
8.0,17.0,0.545046552387265
31.0,99.0,4.559212426910051
11.0,43.0,1.2113634879922157
5.0,8.0,10.130015795426143
1.0,4.0,3.10312318553669
9.0,22.0,4.251681421438722
9.0,29.0,2.4195533894950207
6.0,17.0,1.1630256864768964
4.0,14.0,0.5425068513000819
11.0,33.0,1.7753435282824441
4.0,15.0,1.12158365122362
6.0,17.0,0.545046552387265
40.0,99.0,4.559212426910051
15.0,43.0,1.2113634879922157
2.0,8.0,10.130015795426143
2.0,4.0,3.10312318553669
9.0,22.0,4.251681421438722
20.0,29.0,2.4195533894950207
10.0,17.0,1.1630256864768964
9.0,14.0,0.5425068513000819
19.0,33.0,1.7753435282824441
9.0,15.0,1.12158365122362
7.0,17.0,0.545046552387265
63.0,99.0,4.559212426910051
19.0,43.0,1.2113634879922157
7.0,8.0,10.130015795426143
2.0,4.0,3.10312318553669
13.0,22.0,4.251681421438722
17.0,29.0,2.4195533894950207
9.0,17.0,1.1630256864768964
12.0,14.0,0.5425068513000819
20.0,33.0,1.7753435282824441
9.0,15.0,1.12158365122362
11.0,17.0,0.545046552387265
51.0,99.0,4.559212426910051
19.0,43.0,1.2113634879922157
5.0,8.0,10.130015795426143
3.0,4.0,3.10312318553669
16.0,22.0,4.251681421438722
22.0,29.0,2.4195533894950207
8.0,17.0,1.1630256864768964
10.0,14.0,0.5425068513000819
22.0,33.0,1.7753435282824441
12.0,15.0,1.12158365122362
13.0,17.0,0.545046552387265
73.0,99.0,4.559212426910051
31.0,43.0,1.2113634879922157
6.0,8.0,10.130015795426143
4.0,4.0,3.10312318553669
19.0,22.0,4.251681421438722
22.0,29.0,2.4195533894950207
16.0,17.0,1.1630256864768964
12.0,14.0,0.5425068513000819
28.0,33.0,1.7753435282824441
11.0,15.0,1.12158365122362
10.0,17.0,0.545046552387265
77.0,99.0,4.559212426910051
32.0,43.0,1.2113634879922157
6.0,8.0,10.130015795426143
3.0,4.0,3.10312318553669
19.0,22.0,4.251681421438722
24.0,29.0,2.4195533894950207
15.0,17.0,1.1630256864768964
12.0,14.0,0.5425068513000819
32.0,33.0,1.7753435282824441
14.0,15.0,1.12158365122362
14.0,17.0,0.545046552387265
88.0,99.0,4.559212426910051
35.0,43.0,1.2113634879922157
1.0,3.0,2.238804517774209
1.0,9.0,11.50028124384676
0.0,11.0,1.7380023427749132
2.0,19.0,2.775327619799324
4.0,23.0,2.5784928776913616
0.0,15.0,1.0316906811543527
1.0,3.0,0.3019469526841248
1.0,28.0,2.1394094680808116
7.0,43.0,2.639723584838508
11.0,55.0,1.441708647131404
5.0,55.0,1.6704704174941432
1.0,3.0,2.238804517774209
2.0,9.0,11.50028124384676
1.0,11.0,1.7380023427749132
2.0,19.0,2.775327619799324
6.0,23.0,2.5784928776913616
2.0,15.0,1.0316906811543527
0.0,3.0,0.3019469526841248
1.0,28.0,2.1394094680808116
7.0,43.0,2.639723584838508
17.0,55.0,1.441708647131404
10.0,55.0,1.6704704174941432
1.0,3.0,2.238804517774209
6.0,9.0,11.50028124384676
2.0,11.0,1.7380023427749132
8.0,19.0,2.775327619799324
4.0,23.0,2.5784928776913616
3.0,15.0,1.0316906811543527
0.0,3.0,0.3019469526841248
6.0,28.0,2.1394094680808116
13.0,43.0,2.639723584838508
15.0,55.0,1.441708647131404
15.0,55.0,1.6704704174941432
2.0,3.0,2.238804517774209
3.0,9.0,11.50028124384676
4.0,11.0,1.7380023427749132
8.0,19.0,2.775327619799324
11.0,23.0,2.5784928776913616
3.0,15.0,1.0316906811543527
2.0,3.0,0.3019469526841248
7.0,28.0,2.1394094680808116
13.0,43.0,2.639723584838508
27.0,55.0,1.441708647131404
20.0,55.0,1.6704704174941432
1.0,3.0,2.238804517774209
3.0,9.0,11.50028124384676
6.0,11.0,1.7380023427749132
9.0,19.0,2.775327619799324
12.0,23.0,2.5784928776913616
8.0,15.0,1.0316906811543527
2.0,3.0,0.3019469526841248
11.0,28.0,2.1394094680808116
17.0,43.0,2.639723584838508
24.0,55.0,1.441708647131404
23.0,55.0,1.6704704174941432
1.0,3.0,2.238804517774209
3.0,9.0,11.50028124384676
6.0,11.0,1.7380023427749132
10.0,19.0,2.775327619799324
14.0,23.0,2.5784928776913616
9.0,15.0,1.0316906811543527
1.0,3.0,0.3019469526841248
13.0,28.0,2.1394094680808116
26.0,43.0,2.639723584838508
35.0,55.0,1.441708647131404
36.0,55.0,1.6704704174941432
3.0,3.0,2.238804517774209
5.0,9.0,11.50028124384676
10.0,11.0,1.7380023427749132
14.0,19.0,2.775327619799324
19.0,23.0,2.5784928776913616
13.0,15.0,1.0316906811543527
2.0,3.0,0.3019469526841248
19.0,28.0,2.1394094680808116
30.0,43.0,2.639723584838508
41.0,55.0,1.441708647131404
39.0,55.0,1.6704704174941432
3.0,3.0,2.238804517774209
7.0,9.0,11.50028124384676
9.0,11.0,1.7380023427749132
14.0,19.0,2.775327619799324
15.0,23.0,2.5784928776913616
11.0,15.0,1.0316906811543527
1.0,3.0,0.3019469526841248
23.0,28.0,2.1394094680808116
33.0,43.0,2.639723584838508
49.0,55.0,1.441708647131404
45.0,55.0,1.6704704174941432
2.0,3.0,2.238804517774209
6.0,9.0,11.50028124384676
9.0,11.0,1.7380023427749132
17.0,19.0,2.775327619799324
21.0,23.0,2.5784928776913616
14.0,15.0,1.0316906811543527
2.0,3.0,0.3019469526841248
22.0,28.0,2.1394094680808116
37.0,43.0,2.639723584838508
51.0,55.0,1.441708647131404
47.0,55.0,1.6704704174941432
1.0,3.0,3.053114068192966
1.0,10.0,4.0005553630614425
1.0,16.0,2.102185413704863
2.0,36.0,4.565595440966692
1.0,13.0,0.9848887263848667
0.0,2.0,0.07569838830526292
2.0,6.0,0.8000958687790399
1.0,16.0,1.574918373185747
2.0,19.0,0.9004223828070281
7.0,41.0,2.8619824614587817
6.0,47.0,2.338287271949263
1.0,3.0,3.053114068192966
2.0,10.0,4.0005553630614425
4.0,16.0,2.102185413704863
10.0,36.0,4.565595440966692
4.0,13.0,0.9848887263848667
1.0,2.0,0.07569838830526292
0.0,6.0,0.8000958687790399
2.0,16.0,1.574918373185747
4.0,19.0,0.9004223828070281
11.0,41.0,2.8619824614587817
12.0,47.0,2.338287271949263
1.0,3.0,3.053114068192966
8.0,10.0,4.0005553630614425
5.0,16.0,2.102185413704863
10.0,36.0,4.565595440966692
3.0,13.0,0.9848887263848667
1.0,2.0,0.07569838830526292
1.0,6.0,0.8000958687790399
6.0,16.0,1.574918373185747
3.0,19.0,0.9004223828070281
12.0,41.0,2.8619824614587817
16.0,47.0,2.338287271949263
2.0,3.0,3.053114068192966
5.0,10.0,4.0005553630614425
4.0,16.0,2.102185413704863
13.0,36.0,4.565595440966692
4.0,13.0,0.9848887263848667
2.0,2.0,0.07569838830526292
4.0,6.0,0.8000958687790399
7.0,16.0,1.574918373185747
10.0,19.0,0.9004223828070281
20.0,41.0,2.8619824614587817
19.0,47.0,2.338287271949263
3.0,3.0,3.053114068192966
5.0,10.0,4.0005553630614425
9.0,16.0,2.102185413704863
17.0,36.0,4.565595440966692
5.0,13.0,0.9848887263848667
0.0,2.0,0.07569838830526292
6.0,6.0,0.8000958687790399
9.0,16.0,1.574918373185747
9.0,19.0,0.9004223828070281
26.0,41.0,2.8619824614587817
30.0,47.0,2.338287271949263
1.0,3.0,3.053114068192966
7.0,10.0,4.0005553630614425
11.0,16.0,2.102185413704863
25.0,36.0,4.565595440966692
7.0,13.0,0.9848887263848667
2.0,2.0,0.07569838830526292
4.0,6.0,0.8000958687790399
10.0,16.0,1.574918373185747
13.0,19.0,0.9004223828070281
25.0,41.0,2.8619824614587817
23.0,47.0,2.338287271949263
2.0,3.0,3.053114068192966
7.0,10.0,4.0005553630614425
14.0,16.0,2.102185413704863
26.0,36.0,4.565595440966692
8.0,13.0,0.9848887263848667
2.0,2.0,0.07569838830526292
4.0,6.0,0.8000958687790399
8.0,16.0,1.574918373185747
15.0,19.0,0.9004223828070281
27.0,41.0,2.8619824614587817
36.0,47.0,2.338287271949263
3.0,3.0,3.053114068192966
10.0,10.0,4.0005553630614425
9.0,16.0,2.102185413704863
33.0,36.0,4.565595440966692
11.0,13.0,0.9848887263848667
2.0,2.0,0.07569838830526292
4.0,6.0,0.8000958687790399
11.0,16.0,1.574918373185747
17.0,19.0,0.9004223828070281
32.0,41.0,2.8619824614587817
29.0,47.0,2.338287271949263
3.0,3.0,3.053114068192966
8.0,10.0,4.0005553630614425
13.0,16.0,2.102185413704863
31.0,36.0,4.565595440966692
11.0,13.0,0.9848887263848667
2.0,2.0,0.07569838830526292
6.0,6.0,0.8000958687790399
13.0,16.0,1.574918373185747
19.0,19.0,0.9004223828070281
38.0,41.0,2.8619824614587817
40.0,47.0,2.338287271949263
1.0,3.0,1.4874763527158166
1.0,8.0,2.0846042582671194
2.0,15.0,2.382469147822201
1.0,9.0,0.8510180576927571
4.0,18.0,1.9210395438943328
5.0,52.0,3.934146189531982
3.0,14.0,0.7051645402344326
1.0,10.0,0.3074257794383445
1.0,3.0,0.2389868543421304
3.0,20.0,1.098578268396797
1.0,5.0,0.17166708576555673
1.0,3.0,1.4874763527158166
1.0,8.0,2.0846042582671194
2.0,15.0,2.382469147822201
3.0,9.0,0.8510180576927571
4.0,18.0,1.9210395438943328
12.0,52.0,3.934146189531982
3.0,14.0,0.7051645402344326
3.0,10.0,0.3074257794383445
1.0,3.0,0.2389868543421304
6.0,20.0,1.098578268396797
1.0,5.0,0.17166708576555673
1.0,3.0,1.4874763527158166
1.0,8.0,2.0846042582671194
4.0,15.0,2.382469147822201
2.0,9.0,0.8510180576927571
7.0,18.0,1.9210395438943328
13.0,52.0,3.934146189531982
5.0,14.0,0.7051645402344326
3.0,10.0,0.3074257794383445
0.0,3.0,0.2389868543421304
8.0,20.0,1.098578268396797
1.0,5.0,0.17166708576555673
1.0,3.0,1.4874763527158166
2.0,8.0,2.0846042582671194
5.0,15.0,2.382469147822201
5.0,9.0,0.8510180576927571
9.0,18.0,1.9210395438943328
25.0,52.0,3.934146189531982
6.0,14.0,0.7051645402344326
4.0,10.0,0.3074257794383445
0.0,3.0,0.2389868543421304
9.0,20.0,1.098578268396797
3.0,5.0,0.17166708576555673
1.0,3.0,1.4874763527158166
3.0,8.0,2.0846042582671194
6.0,15.0,2.382469147822201
6.0,9.0,0.8510180576927571
10.0,18.0,1.9210395438943328
22.0,52.0,3.934146189531982
7.0,14.0,0.7051645402344326
7.0,10.0,0.3074257794383445
0.0,3.0,0.2389868543421304
13.0,20.0,1.098578268396797
3.0,5.0,0.17166708576555673
2.0,3.0,1.4874763527158166
5.0,8.0,2.0846042582671194
8.0,15.0,2.382469147822201
7.0,9.0,0.8510180576927571
11.0,18.0,1.9210395438943328
34.0,52.0,3.934146189531982
5.0,14.0,0.7051645402344326
5.0,10.0,0.3074257794383445
3.0,3.0,0.2389868543421304
8.0,20.0,1.098578268396797
4.0,5.0,0.17166708576555673
3.0,3.0,1.4874763527158166
6.0,8.0,2.0846042582671194
11.0,15.0,2.382469147822201
7.0,9.0,0.8510180576927571
17.0,18.0,1.9210395438943328
34.0,52.0,3.934146189531982
9.0,14.0,0.7051645402344326
9.0,10.0,0.3074257794383445
2.0,3.0,0.2389868543421304
12.0,20.0,1.098578268396797
4.0,5.0,0.17166708576555673
3.0,3.0,1.4874763527158166
6.0,8.0,2.0846042582671194
13.0,15.0,2.382469147822201
8.0,9.0,0.8510180576927571
12.0,18.0,1.9210395438943328
42.0,52.0,3.934146189531982
10.0,14.0,0.7051645402344326
7.0,10.0,0.3074257794383445
2.0,3.0,0.2389868543421304
16.0,20.0,1.098578268396797
4.0,5.0,0.17166708576555673
3.0,3.0,1.4874763527158166
8.0,8.0,2.0846042582671194
15.0,15.0,2.382469147822201
8.0,9.0,0.8510180576927571
17.0,18.0,1.9210395438943328
47.0,52.0,3.934146189531982
12.0,14.0,0.7051645402344326
7.0,10.0,0.3074257794383445
1.0,3.0,0.2389868543421304
18.0,20.0,1.098578268396797
4.0,5.0,0.17166708576555673
2.0,6.0,6.982489029923349
2.0,8.0,3.044654266586376
0.0,6.0,0.8200446278440688
2.0,28.0,3.711491993054197
6.0,20.0,1.4586937966968834
3.0,44.0,2.7961428395948675
1.0,9.0,0.6847665034951949
5.0,26.0,1.2294073494559894
4.0,55.0,1.7268415640013133
1.0,9.0,0.33462861770319835
4.0,42.0,1.1126909276444228
3.0,6.0,6.982489029923349
2.0,8.0,3.044654266586376
0.0,6.0,0.8200446278440688
7.0,28.0,3.711491993054197
4.0,20.0,1.4586937966968834
5.0,44.0,2.7961428395948675
2.0,9.0,0.6847665034951949
5.0,26.0,1.2294073494559894
9.0,55.0,1.7268415640013133
2.0,9.0,0.33462861770319835
10.0,42.0,1.1126909276444228
5.0,6.0,6.982489029923349
2.0,8.0,3.044654266586376
1.0,6.0,0.8200446278440688
5.0,28.0,3.711491993054197
5.0,20.0,1.4586937966968834
12.0,44.0,2.7961428395948675
4.0,9.0,0.6847665034951949
10.0,26.0,1.2294073494559894
17.0,55.0,1.7268415640013133
5.0,9.0,0.33462861770319835
16.0,42.0,1.1126909276444228
2.0,6.0,6.982489029923349
5.0,8.0,3.044654266586376
4.0,6.0,0.8200446278440688
9.0,28.0,3.711491993054197
7.0,20.0,1.4586937966968834
21.0,44.0,2.7961428395948675
3.0,9.0,0.6847665034951949
10.0,26.0,1.2294073494559894
20.0,55.0,1.7268415640013133
3.0,9.0,0.33462861770319835
14.0,42.0,1.1126909276444228
3.0,6.0,6.982489029923349
6.0,8.0,3.044654266586376
4.0,6.0,0.8200446278440688
14.0,28.0,3.711491993054197
11.0,20.0,1.4586937966968834
26.0,44.0,2.7961428395948675
4.0,9.0,0.6847665034951949
16.0,26.0,1.2294073494559894
32.0,55.0,1.7268415640013133
5.0,9.0,0.33462861770319835
16.0,42.0,1.1126909276444228
1.0,6.0,6.982489029923349
4.0,8.0,3.044654266586376
4.0,6.0,0.8200446278440688
17.0,28.0,3.711491993054197
13.0,20.0,1.4586937966968834
26.0,44.0,2.7961428395948675
7.0,9.0,0.6847665034951949
15.0,26.0,1.2294073494559894
28.0,55.0,1.7268415640013133
5.0,9.0,0.33462861770319835
29.0,42.0,1.1126909276444228
5.0,6.0,6.982489029923349
7.0,8.0,3.044654266586376
5.0,6.0,0.8200446278440688
20.0,28.0,3.711491993054197
16.0,20.0,1.4586937966968834
29.0,44.0,2.7961428395948675
7.0,9.0,0.6847665034951949
17.0,26.0,1.2294073494559894
38.0,55.0,1.7268415640013133
7.0,9.0,0.33462861770319835
27.0,42.0,1.1126909276444228
4.0,6.0,6.982489029923349
6.0,8.0,3.044654266586376
5.0,6.0,0.8200446278440688
21.0,28.0,3.711491993054197
19.0,20.0,1.4586937966968834
36.0,44.0,2.7961428395948675
6.0,9.0,0.6847665034951949
17.0,26.0,1.2294073494559894
47.0,55.0,1.7268415640013133
7.0,9.0,0.33462861770319835
35.0,42.0,1.1126909276444228
6.0,6.0,6.982489029923349
8.0,8.0,3.044654266586376
5.0,6.0,0.8200446278440688
24.0,28.0,3.711491993054197
19.0,20.0,1.4586937966968834
34.0,44.0,2.7961428395948675
7.0,9.0,0.6847665034951949
22.0,26.0,1.2294073494559894
50.0,55.0,1.7268415640013133
7.0,9.0,0.33462861770319835
39.0,42.0,1.1126909276444228
1.0,3.0,3.1839848463696976
1.0,10.0,8.160426238763336
1.0,28.0,4.296421634397029
0.0,20.0,2.0407720255717634
1.0,32.0,1.5692932803095603
2.0,20.0,1.519759370551693
3.0,23.0,1.1241615495136805
3.0,24.0,0.9459468483514297
7.0,31.0,1.0727183287314674
2.0,33.0,1.1898808889532089
2.0,13.0,0.3838336816495557
1.0,3.0,3.1839848463696976
2.0,10.0,8.160426238763336
6.0,28.0,4.296421634397029
5.0,20.0,2.0407720255717634
7.0,32.0,1.5692932803095603
5.0,20.0,1.519759370551693
4.0,23.0,1.1241615495136805
5.0,24.0,0.9459468483514297
4.0,31.0,1.0727183287314674
6.0,33.0,1.1898808889532089
2.0,13.0,0.3838336816495557
2.0,3.0,3.1839848463696976
4.0,10.0,8.160426238763336
5.0,28.0,4.296421634397029
6.0,20.0,2.0407720255717634
7.0,32.0,1.5692932803095603
7.0,20.0,1.519759370551693
7.0,23.0,1.1241615495136805
8.0,24.0,0.9459468483514297
12.0,31.0,1.0727183287314674
9.0,33.0,1.1898808889532089
3.0,13.0,0.3838336816495557
2.0,3.0,3.1839848463696976
6.0,10.0,8.160426238763336
11.0,28.0,4.296421634397029
8.0,20.0,2.0407720255717634
12.0,32.0,1.5692932803095603
10.0,20.0,1.519759370551693
6.0,23.0,1.1241615495136805
9.0,24.0,0.9459468483514297
10.0,31.0,1.0727183287314674
10.0,33.0,1.1898808889532089
4.0,13.0,0.3838336816495557
2.0,3.0,3.1839848463696976
4.0,10.0,8.160426238763336
16.0,28.0,4.296421634397029
13.0,20.0,2.0407720255717634
15.0,32.0,1.5692932803095603
7.0,20.0,1.519759370551693
15.0,23.0,1.1241615495136805
15.0,24.0,0.9459468483514297
15.0,31.0,1.0727183287314674
20.0,33.0,1.1898808889532089
7.0,13.0,0.3838336816495557
1.0,3.0,3.1839848463696976
6.0,10.0,8.160426238763336
17.0,28.0,4.296421634397029
10.0,20.0,2.0407720255717634
25.0,32.0,1.5692932803095603
16.0,20.0,1.519759370551693
10.0,23.0,1.1241615495136805
13.0,24.0,0.9459468483514297
17.0,31.0,1.0727183287314674
22.0,33.0,1.1898808889532089
6.0,13.0,0.3838336816495557
3.0,3.0,3.1839848463696976
6.0,10.0,8.160426238763336
20.0,28.0,4.296421634397029
12.0,20.0,2.0407720255717634
16.0,32.0,1.5692932803095603
16.0,20.0,1.519759370551693
16.0,23.0,1.1241615495136805
17.0,24.0,0.9459468483514297
23.0,31.0,1.0727183287314674
23.0,33.0,1.1898808889532089
9.0,13.0,0.3838336816495557
2.0,3.0,3.1839848463696976
7.0,10.0,8.160426238763336
24.0,28.0,4.296421634397029
15.0,20.0,2.0407720255717634
22.0,32.0,1.5692932803095603
16.0,20.0,1.519759370551693
17.0,23.0,1.1241615495136805
19.0,24.0,0.9459468483514297
25.0,31.0,1.0727183287314674
28.0,33.0,1.1898808889532089
9.0,13.0,0.3838336816495557
2.0,3.0,3.1839848463696976
9.0,10.0,8.160426238763336
25.0,28.0,4.296421634397029
20.0,20.0,2.0407720255717634
29.0,32.0,1.5692932803095603
19.0,20.0,1.519759370551693
21.0,23.0,1.1241615495136805
21.0,24.0,0.9459468483514297
30.0,31.0,1.0727183287314674
29.0,33.0,1.1898808889532089
11.0,13.0,0.3838336816495557
3.0,7.0,5.343092752573458
0.0,2.0,0.8591632544724895
7.0,48.0,10.924972218534323
0.0,17.0,0.9189247293537743
1.0,8.0,0.35314408600566616
1.0,21.0,1.160828824088882
2.0,31.0,1.4340378399007623
3.0,37.0,1.3838550691963845
5.0,60.0,2.0369812919672188
7.0,74.0,1.6542008398928203
1.0,31.0,0.5664160709482324
1.0,7.0,5.343092752573458
0.0,2.0,0.8591632544724895
5.0,48.0,10.924972218534323
7.0,17.0,0.9189247293537743
1.0,8.0,0.35314408600566616
2.0,21.0,1.160828824088882
7.0,31.0,1.4340378399007623
6.0,37.0,1.3838550691963845
14.0,60.0,2.0369812919672188
15.0,74.0,1.6542008398928203
11.0,31.0,0.5664160709482324
2.0,7.0,5.343092752573458
1.0,2.0,0.8591632544724895
9.0,48.0,10.924972218534323
3.0,17.0,0.9189247293537743
1.0,8.0,0.35314408600566616
4.0,21.0,1.160828824088882
9.0,31.0,1.4340378399007623
10.0,37.0,1.3838550691963845
19.0,60.0,2.0369812919672188
20.0,74.0,1.6542008398928203
9.0,31.0,0.5664160709482324
3.0,7.0,5.343092752573458
1.0,2.0,0.8591632544724895
21.0,48.0,10.924972218534323
7.0,17.0,0.9189247293537743
4.0,8.0,0.35314408600566616
12.0,21.0,1.160828824088882
17.0,31.0,1.4340378399007623
13.0,37.0,1.3838550691963845
28.0,60.0,2.0369812919672188
36.0,74.0,1.6542008398928203
15.0,31.0,0.5664160709482324
5.0,7.0,5.343092752573458
2.0,2.0,0.8591632544724895
24.0,48.0,10.924972218534323
11.0,17.0,0.9189247293537743
4.0,8.0,0.35314408600566616
11.0,21.0,1.160828824088882
18.0,31.0,1.4340378399007623
19.0,37.0,1.3838550691963845
33.0,60.0,2.0369812919672188
37.0,74.0,1.6542008398928203
16.0,31.0,0.5664160709482324
4.0,7.0,5.343092752573458
1.0,2.0,0.8591632544724895
26.0,48.0,10.924972218534323
11.0,17.0,0.9189247293537743
5.0,8.0,0.35314408600566616
17.0,21.0,1.160828824088882
15.0,31.0,1.4340378399007623
19.0,37.0,1.3838550691963845
38.0,60.0,2.0369812919672188
39.0,74.0,1.6542008398928203
19.0,31.0,0.5664160709482324
5.0,7.0,5.343092752573458
1.0,2.0,0.8591632544724895
31.0,48.0,10.924972218534323
13.0,17.0,0.9189247293537743
6.0,8.0,0.35314408600566616
13.0,21.0,1.160828824088882
24.0,31.0,1.4340378399007623
24.0,37.0,1.3838550691963845
40.0,60.0,2.0369812919672188
52.0,74.0,1.6542008398928203
19.0,31.0,0.5664160709482324
7.0,7.0,5.343092752573458
2.0,2.0,0.8591632544724895
39.0,48.0,10.924972218534323
16.0,17.0,0.9189247293537743
5.0,8.0,0.35314408600566616
18.0,21.0,1.160828824088882
22.0,31.0,1.4340378399007623
31.0,37.0,1.3838550691963845
54.0,60.0,2.0369812919672188
59.0,74.0,1.6542008398928203
23.0,31.0,0.5664160709482324
6.0,7.0,5.343092752573458
2.0,2.0,0.8591632544724895
46.0,48.0,10.924972218534323
13.0,17.0,0.9189247293537743
8.0,8.0,0.35314408600566616
16.0,21.0,1.160828824088882
26.0,31.0,1.4340378399007623
30.0,37.0,1.3838550691963845
53.0,60.0,2.0369812919672188
68.0,74.0,1.6542008398928203
28.0,31.0,0.5664160709482324
1.0,5.0,5.354363805308574
1.0,5.0,2.6252631847143326
1.0,19.0,3.224342792333002
0.0,8.0,0.6417564497999494
1.0,14.0,0.7489186965448617
4.0,53.0,4.125130570707375
5.0,52.0,1.7767619932114396
2.0,18.0,0.5477505169669454
2.0,35.0,0.7230124234325859
0.0,6.0,0.24822104198623535
1.0,22.0,0.8227948897683028
1.0,5.0,5.354363805308574
2.0,5.0,2.6252631847143326
6.0,19.0,3.224342792333002
1.0,8.0,0.6417564497999494
3.0,14.0,0.7489186965448617
15.0,53.0,4.125130570707375
8.0,52.0,1.7767619932114396
2.0,18.0,0.5477505169669454
10.0,35.0,0.7230124234325859
3.0,6.0,0.24822104198623535
3.0,22.0,0.8227948897683028
4.0,5.0,5.354363805308574
2.0,5.0,2.6252631847143326
9.0,19.0,3.224342792333002
1.0,8.0,0.6417564497999494
3.0,14.0,0.7489186965448617
15.0,53.0,4.125130570707375
19.0,52.0,1.7767619932114396
5.0,18.0,0.5477505169669454
8.0,35.0,0.7230124234325859
3.0,6.0,0.24822104198623535
10.0,22.0,0.8227948897683028
3.0,5.0,5.354363805308574
1.0,5.0,2.6252631847143326
8.0,19.0,3.224342792333002
4.0,8.0,0.6417564497999494
4.0,14.0,0.7489186965448617
22.0,53.0,4.125130570707375
22.0,52.0,1.7767619932114396
8.0,18.0,0.5477505169669454
13.0,35.0,0.7230124234325859
1.0,6.0,0.24822104198623535
10.0,22.0,0.8227948897683028
2.0,5.0,5.354363805308574
3.0,5.0,2.6252631847143326
7.0,19.0,3.224342792333002
5.0,8.0,0.6417564497999494
5.0,14.0,0.7489186965448617
28.0,53.0,4.125130570707375
24.0,52.0,1.7767619932114396
12.0,18.0,0.5477505169669454
14.0,35.0,0.7230124234325859
2.0,6.0,0.24822104198623535
9.0,22.0,0.8227948897683028
3.0,5.0,5.354363805308574
3.0,5.0,2.6252631847143326
13.0,19.0,3.224342792333002
4.0,8.0,0.6417564497999494
12.0,14.0,0.7489186965448617
36.0,53.0,4.125130570707375
29.0,52.0,1.7767619932114396
11.0,18.0,0.5477505169669454
19.0,35.0,0.7230124234325859
2.0,6.0,0.24822104198623535
11.0,22.0,0.8227948897683028
4.0,5.0,5.354363805308574
4.0,5.0,2.6252631847143326
13.0,19.0,3.224342792333002
6.0,8.0,0.6417564497999494
9.0,14.0,0.7489186965448617
36.0,53.0,4.125130570707375
34.0,52.0,1.7767619932114396
10.0,18.0,0.5477505169669454
25.0,35.0,0.7230124234325859
2.0,6.0,0.24822104198623535
14.0,22.0,0.8227948897683028
5.0,5.0,5.354363805308574
5.0,5.0,2.6252631847143326
17.0,19.0,3.224342792333002
6.0,8.0,0.6417564497999494
12.0,14.0,0.7489186965448617
44.0,53.0,4.125130570707375
40.0,52.0,1.7767619932114396
10.0,18.0,0.5477505169669454
27.0,35.0,0.7230124234325859
4.0,6.0,0.24822104198623535
19.0,22.0,0.8227948897683028
5.0,5.0,5.354363805308574
5.0,5.0,2.6252631847143326
16.0,19.0,3.224342792333002
8.0,8.0,0.6417564497999494
10.0,14.0,0.7489186965448617
47.0,53.0,4.125130570707375
46.0,52.0,1.7767619932114396
17.0,18.0,0.5477505169669454
35.0,35.0,0.7230124234325859
6.0,6.0,0.24822104198623535
22.0,22.0,0.8227948897683028
1.0,9.0,7.780343099279203
0.0,5.0,1.4311578522002413
1.0,7.0,2.244011144919988
0.0,8.0,0.9865955615204287
2.0,13.0,1.3899725161743894
0.0,1.0,0.04486036374127213
2.0,12.0,2.2102792893133545
2.0,22.0,3.0128348564002376
6.0,54.0,2.935260360405275
5.0,70.0,2.5576241746494754
3.0,54.0,1.4828593837080815
2.0,9.0,7.780343099279203
4.0,5.0,1.4311578522002413
1.0,7.0,2.244011144919988
2.0,8.0,0.9865955615204287
1.0,13.0,1.3899725161743894
0.0,1.0,0.04486036374127213
4.0,12.0,2.2102792893133545
1.0,22.0,3.0128348564002376
10.0,54.0,2.935260360405275
13.0,70.0,2.5576241746494754
9.0,54.0,1.4828593837080815
1.0,9.0,7.780343099279203
3.0,5.0,1.4311578522002413
2.0,7.0,2.244011144919988
2.0,8.0,0.9865955615204287
2.0,13.0,1.3899725161743894
1.0,1.0,0.04486036374127213
6.0,12.0,2.2102792893133545
7.0,22.0,3.0128348564002376
13.0,54.0,2.935260360405275
26.0,70.0,2.5576241746494754
19.0,54.0,1.4828593837080815
3.0,9.0,7.780343099279203
2.0,5.0,1.4311578522002413
3.0,7.0,2.244011144919988
3.0,8.0,0.9865955615204287
2.0,13.0,1.3899725161743894
1.0,1.0,0.04486036374127213
3.0,12.0,2.2102792893133545
10.0,22.0,3.0128348564002376
25.0,54.0,2.935260360405275
29.0,70.0,2.5576241746494754
20.0,54.0,1.4828593837080815
4.0,9.0,7.780343099279203
2.0,5.0,1.4311578522002413
3.0,7.0,2.244011144919988
5.0,8.0,0.9865955615204287
4.0,13.0,1.3899725161743894
1.0,1.0,0.04486036374127213
6.0,12.0,2.2102792893133545
9.0,22.0,3.0128348564002376
24.0,54.0,2.935260360405275
39.0,70.0,2.5576241746494754
30.0,54.0,1.4828593837080815
7.0,9.0,7.780343099279203
2.0,5.0,1.4311578522002413
3.0,7.0,2.244011144919988
7.0,8.0,0.9865955615204287
8.0,13.0,1.3899725161743894
1.0,1.0,0.04486036374127213
10.0,12.0,2.2102792893133545
15.0,22.0,3.0128348564002376
32.0,54.0,2.935260360405275
40.0,70.0,2.5576241746494754
37.0,54.0,1.4828593837080815
7.0,9.0,7.780343099279203
2.0,5.0,1.4311578522002413
5.0,7.0,2.244011144919988
5.0,8.0,0.9865955615204287
9.0,13.0,1.3899725161743894
1.0,1.0,0.04486036374127213
11.0,12.0,2.2102792893133545
13.0,22.0,3.0128348564002376
39.0,54.0,2.935260360405275
46.0,70.0,2.5576241746494754
37.0,54.0,1.4828593837080815
8.0,9.0,7.780343099279203
5.0,5.0,1.4311578522002413
6.0,7.0,2.244011144919988
6.0,8.0,0.9865955615204287
11.0,13.0,1.3899725161743894
1.0,1.0,0.04486036374127213
9.0,12.0,2.2102792893133545
20.0,22.0,3.0128348564002376
44.0,54.0,2.935260360405275
49.0,70.0,2.5576241746494754
40.0,54.0,1.4828593837080815
9.0,9.0,7.780343099279203
5.0,5.0,1.4311578522002413
6.0,7.0,2.244011144919988
7.0,8.0,0.9865955615204287
11.0,13.0,1.3899725161743894
1.0,1.0,0.04486036374127213
10.0,12.0,2.2102792893133545
18.0,22.0,3.0128348564002376
50.0,54.0,2.935260360405275
61.0,70.0,2.5576241746494754
46.0,54.0,1.4828593837080815
1.0,6.0,7.233439106676632
1.0,2.0,0.5525878435358428
2.0,8.0,2.5206755833576198
3.0,12.0,1.5524640068978814
1.0,10.0,1.0389708999257479
1.0,14.0,1.8450909471347094
1.0,19.0,2.0651288193579185
2.0,42.0,2.7072813325273652
2.0,19.0,0.6425712247990871
5.0,49.0,1.6559689514345148
7.0,47.0,1.434754939433854
2.0,6.0,7.233439106676632
0.0,2.0,0.5525878435358428
1.0,8.0,2.5206755833576198
4.0,12.0,1.5524640068978814
1.0,10.0,1.0389708999257479
3.0,14.0,1.8450909471347094
3.0,19.0,2.0651288193579185
6.0,42.0,2.7072813325273652
4.0,19.0,0.6425712247990871
6.0,49.0,1.6559689514345148
5.0,47.0,1.434754939433854
2.0,6.0,7.233439106676632
1.0,2.0,0.5525878435358428
2.0,8.0,2.5206755833576198
3.0,12.0,1.5524640068978814
2.0,10.0,1.0389708999257479
6.0,14.0,1.8450909471347094
6.0,19.0,2.0651288193579185
12.0,42.0,2.7072813325273652
2.0,19.0,0.6425712247990871
9.0,49.0,1.6559689514345148
13.0,47.0,1.434754939433854
2.0,6.0,7.233439106676632
1.0,2.0,0.5525878435358428
4.0,8.0,2.5206755833576198
6.0,12.0,1.5524640068978814
4.0,10.0,1.0389708999257479
4.0,14.0,1.8450909471347094
6.0,19.0,2.0651288193579185
19.0,42.0,2.7072813325273652
9.0,19.0,0.6425712247990871
21.0,49.0,1.6559689514345148
14.0,47.0,1.434754939433854
4.0,6.0,7.233439106676632
1.0,2.0,0.5525878435358428
3.0,8.0,2.5206755833576198
7.0,12.0,1.5524640068978814
3.0,10.0,1.0389708999257479
8.0,14.0,1.8450909471347094
8.0,19.0,2.0651288193579185
17.0,42.0,2.7072813325273652
6.0,19.0,0.6425712247990871
32.0,49.0,1.6559689514345148
22.0,47.0,1.434754939433854
2.0,6.0,7.233439106676632
0.0,2.0,0.5525878435358428
6.0,8.0,2.5206755833576198
8.0,12.0,1.5524640068978814
6.0,10.0,1.0389708999257479
10.0,14.0,1.8450909471347094
13.0,19.0,2.0651288193579185
26.0,42.0,2.7072813325273652
13.0,19.0,0.6425712247990871
28.0,49.0,1.6559689514345148
32.0,47.0,1.434754939433854
5.0,6.0,7.233439106676632
0.0,2.0,0.5525878435358428
7.0,8.0,2.5206755833576198
10.0,12.0,1.5524640068978814
7.0,10.0,1.0389708999257479
12.0,14.0,1.8450909471347094
15.0,19.0,2.0651288193579185
29.0,42.0,2.7072813325273652
13.0,19.0,0.6425712247990871
34.0,49.0,1.6559689514345148
32.0,47.0,1.434754939433854
4.0,6.0,7.233439106676632
2.0,2.0,0.5525878435358428
6.0,8.0,2.5206755833576198
9.0,12.0,1.5524640068978814
10.0,10.0,1.0389708999257479
11.0,14.0,1.8450909471347094
12.0,19.0,2.0651288193579185
32.0,42.0,2.7072813325273652
15.0,19.0,0.6425712247990871
35.0,49.0,1.6559689514345148
32.0,47.0,1.434754939433854
4.0,6.0,7.233439106676632
2.0,2.0,0.5525878435358428
7.0,8.0,2.5206755833576198
12.0,12.0,1.5524640068978814
8.0,10.0,1.0389708999257479
13.0,14.0,1.8450909471347094
18.0,19.0,2.0651288193579185
37.0,42.0,2.7072813325273652
16.0,19.0,0.6425712247990871
44.0,49.0,1.6559689514345148
41.0,47.0,1.434754939433854
1.0,3.0,5.793943224606473
0.0,6.0,2.0623395637932567
0.0,3.0,0.4626563863658977
1.0,8.0,1.9886572464766932
3.0,22.0,3.1279161344626663
5.0,32.0,2.9150864335203597
1.0,15.0,0.9978830865194063
1.0,10.0,0.5191819456310338
3.0,20.0,1.0698717505028867
0.0,17.0,0.8476653336027183
3.0,15.0,0.5339387722740562
2.0,3.0,5.793943224606473
0.0,6.0,2.0623395637932567
1.0,3.0,0.4626563863658977
2.0,8.0,1.9886572464766932
4.0,22.0,3.1279161344626663
7.0,32.0,2.9150864335203597
2.0,15.0,0.9978830865194063
2.0,10.0,0.5191819456310338
5.0,20.0,1.0698717505028867
4.0,17.0,0.8476653336027183
1.0,15.0,0.5339387722740562
1.0,3.0,5.793943224606473
3.0,6.0,2.0623395637932567
2.0,3.0,0.4626563863658977
1.0,8.0,1.9886572464766932
10.0,22.0,3.1279161344626663
12.0,32.0,2.9150864335203597
7.0,15.0,0.9978830865194063
2.0,10.0,0.5191819456310338
4.0,20.0,1.0698717505028867
6.0,17.0,0.8476653336027183
4.0,15.0,0.5339387722740562
1.0,3.0,5.793943224606473
1.0,6.0,2.0623395637932567
1.0,3.0,0.4626563863658977
1.0,8.0,1.9886572464766932
6.0,22.0,3.1279161344626663
10.0,32.0,2.9150864335203597
6.0,15.0,0.9978830865194063
3.0,10.0,0.5191819456310338
9.0,20.0,1.0698717505028867
8.0,17.0,0.8476653336027183
5.0,15.0,0.5339387722740562
1.0,3.0,5.793943224606473
2.0,6.0,2.0623395637932567
3.0,3.0,0.4626563863658977
3.0,8.0,1.9886572464766932
7.0,22.0,3.1279161344626663
17.0,32.0,2.9150864335203597
7.0,15.0,0.9978830865194063
5.0,10.0,0.5191819456310338
8.0,20.0,1.0698717505028867
7.0,17.0,0.8476653336027183
9.0,15.0,0.5339387722740562
1.0,3.0,5.793943224606473
4.0,6.0,2.0623395637932567
2.0,3.0,0.4626563863658977
2.0,8.0,1.9886572464766932
9.0,22.0,3.1279161344626663
21.0,32.0,2.9150864335203597
10.0,15.0,0.9978830865194063
4.0,10.0,0.5191819456310338
13.0,20.0,1.0698717505028867
9.0,17.0,0.8476653336027183
11.0,15.0,0.5339387722740562
1.0,3.0,5.793943224606473
5.0,6.0,2.0623395637932567
3.0,3.0,0.4626563863658977
5.0,8.0,1.9886572464766932
20.0,22.0,3.1279161344626663
28.0,32.0,2.9150864335203597
12.0,15.0,0.9978830865194063
7.0,10.0,0.5191819456310338
14.0,20.0,1.0698717505028867
11.0,17.0,0.8476653336027183
9.0,15.0,0.5339387722740562
3.0,3.0,5.793943224606473
6.0,6.0,2.0623395637932567
1.0,3.0,0.4626563863658977
6.0,8.0,1.9886572464766932
14.0,22.0,3.1279161344626663
21.0,32.0,2.9150864335203597
13.0,15.0,0.9978830865194063
7.0,10.0,0.5191819456310338
17.0,20.0,1.0698717505028867
13.0,17.0,0.8476653336027183
12.0,15.0,0.5339387722740562
3.0,3.0,5.793943224606473
4.0,6.0,2.0623395637932567
3.0,3.0,0.4626563863658977
7.0,8.0,1.9886572464766932
21.0,22.0,3.1279161344626663
29.0,32.0,2.9150864335203597
13.0,15.0,0.9978830865194063
7.0,10.0,0.5191819456310338
18.0,20.0,1.0698717505028867
16.0,17.0,0.8476653336027183
15.0,15.0,0.5339387722740562
1.0,4.0,3.5762695044490345
1.0,2.0,1.6034479760920888
1.0,11.0,5.79800179303106
1.0,7.0,1.3412849403157392
5.0,34.0,4.0660006973918845
3.0,38.0,2.3577138648802904
1.0,35.0,1.2409033894952604
4.0,49.0,1.2018066420177473
8.0,48.0,1.568730364369727
3.0,15.0,0.4026317140802566
5.0,35.0,1.057200045249629
2.0,4.0,3.5762695044490345
0.0,2.0,1.6034479760920888
3.0,11.0,5.79800179303106
3.0,7.0,1.3412849403157392
5.0,34.0,4.0660006973918845
7.0,38.0,2.3577138648802904
8.0,35.0,1.2409033894952604
13.0,49.0,1.2018066420177473
5.0,48.0,1.568730364369727
4.0,15.0,0.4026317140802566
2.0,35.0,1.057200045249629
1.0,4.0,3.5762695044490345
0.0,2.0,1.6034479760920888
2.0,11.0,5.79800179303106
1.0,7.0,1.3412849403157392
9.0,34.0,4.0660006973918845
8.0,38.0,2.3577138648802904
14.0,35.0,1.2409033894952604
20.0,49.0,1.2018066420177473
17.0,48.0,1.568730364369727
4.0,15.0,0.4026317140802566
12.0,35.0,1.057200045249629
1.0,4.0,3.5762695044490345
0.0,2.0,1.6034479760920888
6.0,11.0,5.79800179303106
3.0,7.0,1.3412849403157392
11.0,34.0,4.0660006973918845
15.0,38.0,2.3577138648802904
23.0,35.0,1.2409033894952604
13.0,49.0,1.2018066420177473
23.0,48.0,1.568730364369727
5.0,15.0,0.4026317140802566
18.0,35.0,1.057200045249629
3.0,4.0,3.5762695044490345
2.0,2.0,1.6034479760920888
7.0,11.0,5.79800179303106
3.0,7.0,1.3412849403157392
19.0,34.0,4.0660006973918845
18.0,38.0,2.3577138648802904
19.0,35.0,1.2409033894952604
33.0,49.0,1.2018066420177473
29.0,48.0,1.568730364369727
8.0,15.0,0.4026317140802566
16.0,35.0,1.057200045249629
4.0,4.0,3.5762695044490345
1.0,2.0,1.6034479760920888
3.0,11.0,5.79800179303106
5.0,7.0,1.3412849403157392
22.0,34.0,4.0660006973918845
26.0,38.0,2.3577138648802904
23.0,35.0,1.2409033894952604
29.0,49.0,1.2018066420177473
21.0,48.0,1.568730364369727
7.0,15.0,0.4026317140802566
17.0,35.0,1.057200045249629
3.0,4.0,3.5762695044490345
2.0,2.0,1.6034479760920888
8.0,11.0,5.79800179303106
5.0,7.0,1.3412849403157392
25.0,34.0,4.0660006973918845
24.0,38.0,2.3577138648802904
25.0,35.0,1.2409033894952604
34.0,49.0,1.2018066420177473
39.0,48.0,1.568730364369727
11.0,15.0,0.4026317140802566
22.0,35.0,1.057200045249629
4.0,4.0,3.5762695044490345
2.0,2.0,1.6034479760920888
8.0,11.0,5.79800179303106
7.0,7.0,1.3412849403157392
25.0,34.0,4.0660006973918845
32.0,38.0,2.3577138648802904
28.0,35.0,1.2409033894952604
39.0,49.0,1.2018066420177473
41.0,48.0,1.568730364369727
12.0,15.0,0.4026317140802566
29.0,35.0,1.057200045249629
3.0,4.0,3.5762695044490345
2.0,2.0,1.6034479760920888
10.0,11.0,5.79800179303106
6.0,7.0,1.3412849403157392
33.0,34.0,4.0660006973918845
34.0,38.0,2.3577138648802904
32.0,35.0,1.2409033894952604
42.0,49.0,1.2018066420177473
43.0,48.0,1.568730364369727
14.0,15.0,0.4026317140802566
28.0,35.0,1.057200045249629
1.0,3.0,5.250603150852906
0.0,4.0,5.910364810931296
2.0,13.0,3.6716478577238023
3.0,16.0,2.9021576662600195
1.0,5.0,0.7364926844474012
4.0,33.0,2.8190132736522586
10.0,101.0,7.040472766733311
11.0,95.0,2.1559004268708337
12.0,99.0,1.5350675466205055
6.0,41.0,0.4356796164762258
8.0,49.0,0.4864184289125184
1.0,3.0,5.250603150852906
1.0,4.0,5.910364810931296
3.0,13.0,3.6716478577238023
1.0,16.0,2.9021576662600195
3.0,5.0,0.7364926844474012
9.0,33.0,2.8190132736522586
20.0,101.0,7.040472766733311
14.0,95.0,2.1559004268708337
18.0,99.0,1.5350675466205055
7.0,41.0,0.4356796164762258
12.0,49.0,0.4864184289125184
1.0,3.0,5.250603150852906
1.0,4.0,5.910364810931296
4.0,13.0,3.6716478577238023
8.0,16.0,2.9021576662600195
1.0,5.0,0.7364926844474012
5.0,33.0,2.8190132736522586
30.0,101.0,7.040472766733311
27.0,95.0,2.1559004268708337
20.0,99.0,1.5350675466205055
12.0,41.0,0.4356796164762258
10.0,49.0,0.4864184289125184
2.0,3.0,5.250603150852906
2.0,4.0,5.910364810931296
4.0,13.0,3.6716478577238023
7.0,16.0,2.9021576662600195
2.0,5.0,0.7364926844474012
11.0,33.0,2.8190132736522586
39.0,101.0,7.040472766733311
31.0,95.0,2.1559004268708337
43.0,99.0,1.5350675466205055
19.0,41.0,0.4356796164762258
23.0,49.0,0.4864184289125184
1.0,3.0,5.250603150852906
2.0,4.0,5.910364810931296
9.0,13.0,3.6716478577238023
12.0,16.0,2.9021576662600195
4.0,5.0,0.7364926844474012
17.0,33.0,2.8190132736522586
45.0,101.0,7.040472766733311
43.0,95.0,2.1559004268708337
43.0,99.0,1.5350675466205055
22.0,41.0,0.4356796164762258
21.0,49.0,0.4864184289125184
1.0,3.0,5.250603150852906
3.0,4.0,5.910364810931296
8.0,13.0,3.6716478577238023
7.0,16.0,2.9021576662600195
2.0,5.0,0.7364926844474012
20.0,33.0,2.8190132736522586
60.0,101.0,7.040472766733311
60.0,95.0,2.1559004268708337
66.0,99.0,1.5350675466205055
23.0,41.0,0.4356796164762258
35.0,49.0,0.4864184289125184
2.0,3.0,5.250603150852906
4.0,4.0,5.910364810931296
7.0,13.0,3.6716478577238023
11.0,16.0,2.9021576662600195
4.0,5.0,0.7364926844474012
20.0,33.0,2.8190132736522586
69.0,101.0,7.040472766733311
67.0,95.0,2.1559004268708337
72.0,99.0,1.5350675466205055
25.0,41.0,0.4356796164762258
38.0,49.0,0.4864184289125184
2.0,3.0,5.250603150852906
3.0,4.0,5.910364810931296
10.0,13.0,3.6716478577238023
13.0,16.0,2.9021576662600195
5.0,5.0,0.7364926844474012
24.0,33.0,2.8190132736522586
80.0,101.0,7.040472766733311
71.0,95.0,2.1559004268708337
80.0,99.0,1.5350675466205055
29.0,41.0,0.4356796164762258
35.0,49.0,0.4864184289125184
3.0,3.0,5.250603150852906
4.0,4.0,5.910364810931296
12.0,13.0,3.6716478577238023
15.0,16.0,2.9021576662600195
4.0,5.0,0.7364926844474012
31.0,33.0,2.8190132736522586
92.0,101.0,7.040472766733311
86.0,95.0,2.1559004268708337
92.0,99.0,1.5350675466205055
39.0,41.0,0.4356796164762258
44.0,49.0,0.4864184289125184
1.0,7.0,9.190064598300852
1.0,10.0,4.6363012475566885
0.0,10.0,1.8957728462571224
0.0,14.0,1.8518082645430471
0.0,8.0,0.9333619143964165
3.0,39.0,3.5653966293303676
1.0,24.0,1.4153596728178999
0.0,11.0,0.4782106470328596
3.0,25.0,0.9978736158146583
5.0,29.0,1.647335788716959
2.0,52.0,1.5573592708486972
2.0,7.0,9.190064598300852
1.0,10.0,4.6363012475566885
2.0,10.0,1.8957728462571224
2.0,14.0,1.8518082645430471
1.0,8.0,0.9333619143964165
3.0,39.0,3.5653966293303676
8.0,24.0,1.4153596728178999
3.0,11.0,0.4782106470328596
5.0,25.0,0.9978736158146583
2.0,29.0,1.647335788716959
11.0,52.0,1.5573592708486972
2.0,7.0,9.190064598300852
1.0,10.0,4.6363012475566885
2.0,10.0,1.8957728462571224
2.0,14.0,1.8518082645430471
2.0,8.0,0.9333619143964165
11.0,39.0,3.5653966293303676
3.0,24.0,1.4153596728178999
4.0,11.0,0.4782106470328596
5.0,25.0,0.9978736158146583
7.0,29.0,1.647335788716959
10.0,52.0,1.5573592708486972
1.0,7.0,9.190064598300852
1.0,10.0,4.6363012475566885
5.0,10.0,1.8957728462571224
7.0,14.0,1.8518082645430471
3.0,8.0,0.9333619143964165
16.0,39.0,3.5653966293303676
6.0,24.0,1.4153596728178999
6.0,11.0,0.4782106470328596
11.0,25.0,0.9978736158146583
18.0,29.0,1.647335788716959
22.0,52.0,1.5573592708486972
6.0,7.0,9.190064598300852
8.0,10.0,4.6363012475566885
8.0,10.0,1.8957728462571224
7.0,14.0,1.8518082645430471
3.0,8.0,0.9333619143964165
18.0,39.0,3.5653966293303676
9.0,24.0,1.4153596728178999
6.0,11.0,0.4782106470328596
15.0,25.0,0.9978736158146583
18.0,29.0,1.647335788716959
24.0,52.0,1.5573592708486972
3.0,7.0,9.190064598300852
2.0,10.0,4.6363012475566885
7.0,10.0,1.8957728462571224
3.0,14.0,1.8518082645430471
5.0,8.0,0.9333619143964165
21.0,39.0,3.5653966293303676
10.0,24.0,1.4153596728178999
6.0,11.0,0.4782106470328596
22.0,25.0,0.9978736158146583
17.0,29.0,1.647335788716959
34.0,52.0,1.5573592708486972
7.0,7.0,9.190064598300852
8.0,10.0,4.6363012475566885
6.0,10.0,1.8957728462571224
10.0,14.0,1.8518082645430471
5.0,8.0,0.9333619143964165
33.0,39.0,3.5653966293303676
19.0,24.0,1.4153596728178999
9.0,11.0,0.4782106470328596
16.0,25.0,0.9978736158146583
16.0,29.0,1.647335788716959
30.0,52.0,1.5573592708486972
6.0,7.0,9.190064598300852
7.0,10.0,4.6363012475566885
7.0,10.0,1.8957728462571224
13.0,14.0,1.8518082645430471
5.0,8.0,0.9333619143964165
32.0,39.0,3.5653966293303676
21.0,24.0,1.4153596728178999
9.0,11.0,0.4782106470328596
19.0,25.0,0.9978736158146583
22.0,29.0,1.647335788716959
46.0,52.0,1.5573592708486972
6.0,7.0,9.190064598300852
10.0,10.0,4.6363012475566885
7.0,10.0,1.8957728462571224
13.0,14.0,1.8518082645430471
7.0,8.0,0.9333619143964165
33.0,39.0,3.5653966293303676
22.0,24.0,1.4153596728178999
9.0,11.0,0.4782106470328596
23.0,25.0,0.9978736158146583
27.0,29.0,1.647335788716959
47.0,52.0,1.5573592708486972
1.0,1.0,2.9656922693462464
1.0,3.0,4.965323423548298
0.0,18.0,7.594933910291193
2.0,5.0,0.5508988667436858
1.0,5.0,0.39565622307707515
1.0,6.0,1.460976816307503
1.0,11.0,1.0792936110647884
0.0,6.0,0.5521285464994475
7.0,91.0,8.076909047475391
6.0,41.0,1.5884082342306989
4.0,48.0,0.9526094384042351
1.0,1.0,2.9656922693462464
0.0,3.0,4.965323423548298
2.0,18.0,7.594933910291193
2.0,5.0,0.5508988667436858
3.0,5.0,0.39565622307707515
2.0,6.0,1.460976816307503
2.0,11.0,1.0792936110647884
0.0,6.0,0.5521285464994475
17.0,91.0,8.076909047475391
11.0,41.0,1.5884082342306989
8.0,48.0,0.9526094384042351
1.0,1.0,2.9656922693462464
1.0,3.0,4.965323423548298
9.0,18.0,7.594933910291193
1.0,5.0,0.5508988667436858
2.0,5.0,0.39565622307707515
2.0,6.0,1.460976816307503
2.0,11.0,1.0792936110647884
2.0,6.0,0.5521285464994475
28.0,91.0,8.076909047475391
12.0,41.0,1.5884082342306989
16.0,48.0,0.9526094384042351
1.0,1.0,2.9656922693462464
1.0,3.0,4.965323423548298
8.0,18.0,7.594933910291193
1.0,5.0,0.5508988667436858
3.0,5.0,0.39565622307707515
3.0,6.0,1.460976816307503
4.0,11.0,1.0792936110647884
1.0,6.0,0.5521285464994475
35.0,91.0,8.076909047475391
26.0,41.0,1.5884082342306989
15.0,48.0,0.9526094384042351
1.0,1.0,2.9656922693462464
1.0,3.0,4.965323423548298
10.0,18.0,7.594933910291193
3.0,5.0,0.5508988667436858
4.0,5.0,0.39565622307707515
3.0,6.0,1.460976816307503
5.0,11.0,1.0792936110647884
2.0,6.0,0.5521285464994475
46.0,91.0,8.076909047475391
17.0,41.0,1.5884082342306989
26.0,48.0,0.9526094384042351
1.0,1.0,2.9656922693462464
1.0,3.0,4.965323423548298
12.0,18.0,7.594933910291193
2.0,5.0,0.5508988667436858
5.0,5.0,0.39565622307707515
4.0,6.0,1.460976816307503
7.0,11.0,1.0792936110647884
5.0,6.0,0.5521285464994475
53.0,91.0,8.076909047475391
28.0,41.0,1.5884082342306989
28.0,48.0,0.9526094384042351
1.0,1.0,2.9656922693462464
2.0,3.0,4.965323423548298
15.0,18.0,7.594933910291193
3.0,5.0,0.5508988667436858
5.0,5.0,0.39565622307707515
5.0,6.0,1.460976816307503
8.0,11.0,1.0792936110647884
3.0,6.0,0.5521285464994475
59.0,91.0,8.076909047475391
32.0,41.0,1.5884082342306989
33.0,48.0,0.9526094384042351
1.0,1.0,2.9656922693462464
3.0,3.0,4.965323423548298
15.0,18.0,7.594933910291193
2.0,5.0,0.5508988667436858
4.0,5.0,0.39565622307707515
6.0,6.0,1.460976816307503
8.0,11.0,1.0792936110647884
5.0,6.0,0.5521285464994475
74.0,91.0,8.076909047475391
33.0,41.0,1.5884082342306989
41.0,48.0,0.9526094384042351
1.0,1.0,2.9656922693462464
2.0,3.0,4.965323423548298
16.0,18.0,7.594933910291193
4.0,5.0,0.5508988667436858
4.0,5.0,0.39565622307707515
6.0,6.0,1.460976816307503
11.0,11.0,1.0792936110647884
6.0,6.0,0.5521285464994475
85.0,91.0,8.076909047475391
37.0,41.0,1.5884082342306989
46.0,48.0,0.9526094384042351
1.0,6.0,6.32247296976806
1.0,4.0,1.8386163454011522
4.0,24.0,4.338509320733538
1.0,26.0,2.7042219361750077
1.0,25.0,1.273279039925525
8.0,66.0,2.7422879735274974
9.0,97.0,2.584282078630625
1.0,5.0,0.10722123364608593
8.0,69.0,1.1520800457078264
9.0,60.0,1.0123329636548721
0.0,36.0,0.8170860977064375
1.0,6.0,6.32247296976806
2.0,4.0,1.8386163454011522
5.0,24.0,4.338509320733538
6.0,26.0,2.7042219361750077
4.0,25.0,1.273279039925525
7.0,66.0,2.7422879735274974
17.0,97.0,2.584282078630625
1.0,5.0,0.10722123364608593
14.0,69.0,1.1520800457078264
8.0,60.0,1.0123329636548721
6.0,36.0,0.8170860977064375
1.0,6.0,6.32247296976806
0.0,4.0,1.8386163454011522
8.0,24.0,4.338509320733538
6.0,26.0,2.7042219361750077
8.0,25.0,1.273279039925525
20.0,66.0,2.7422879735274974
31.0,97.0,2.584282078630625
0.0,5.0,0.10722123364608593
19.0,69.0,1.1520800457078264
19.0,60.0,1.0123329636548721
11.0,36.0,0.8170860977064375
1.0,6.0,6.32247296976806
3.0,4.0,1.8386163454011522
15.0,24.0,4.338509320733538
9.0,26.0,2.7042219361750077
9.0,25.0,1.273279039925525
33.0,66.0,2.7422879735274974
41.0,97.0,2.584282078630625
2.0,5.0,0.10722123364608593
24.0,69.0,1.1520800457078264
18.0,60.0,1.0123329636548721
11.0,36.0,0.8170860977064375
5.0,6.0,6.32247296976806
2.0,4.0,1.8386163454011522
16.0,24.0,4.338509320733538
12.0,26.0,2.7042219361750077
14.0,25.0,1.273279039925525
30.0,66.0,2.7422879735274974
53.0,97.0,2.584282078630625
5.0,5.0,0.10722123364608593
34.0,69.0,1.1520800457078264
34.0,60.0,1.0123329636548721
14.0,36.0,0.8170860977064375
4.0,6.0,6.32247296976806
2.0,4.0,1.8386163454011522
11.0,24.0,4.338509320733538
16.0,26.0,2.7042219361750077
15.0,25.0,1.273279039925525
43.0,66.0,2.7422879735274974
61.0,97.0,2.584282078630625
3.0,5.0,0.10722123364608593
36.0,69.0,1.1520800457078264
32.0,60.0,1.0123329636548721
17.0,36.0,0.8170860977064375
5.0,6.0,6.32247296976806
4.0,4.0,1.8386163454011522
18.0,24.0,4.338509320733538
16.0,26.0,2.7042219361750077
16.0,25.0,1.273279039925525
43.0,66.0,2.7422879735274974
75.0,97.0,2.584282078630625
4.0,5.0,0.10722123364608593
52.0,69.0,1.1520800457078264
43.0,60.0,1.0123329636548721
25.0,36.0,0.8170860977064375
4.0,6.0,6.32247296976806
3.0,4.0,1.8386163454011522
19.0,24.0,4.338509320733538
18.0,26.0,2.7042219361750077
24.0,25.0,1.273279039925525
48.0,66.0,2.7422879735274974
77.0,97.0,2.584282078630625
3.0,5.0,0.10722123364608593
59.0,69.0,1.1520800457078264
48.0,60.0,1.0123329636548721
28.0,36.0,0.8170860977064375
6.0,6.0,6.32247296976806
4.0,4.0,1.8386163454011522
22.0,24.0,4.338509320733538
20.0,26.0,2.7042219361750077
23.0,25.0,1.273279039925525
59.0,66.0,2.7422879735274974
91.0,97.0,2.584282078630625
5.0,5.0,0.10722123364608593
64.0,69.0,1.1520800457078264
53.0,60.0,1.0123329636548721
30.0,36.0,0.8170860977064375
1.0,5.0,8.696179938730284
0.0,8.0,5.348953058763137
3.0,32.0,6.829183200095369
1.0,15.0,1.1237456459736197
6.0,31.0,1.7419375435911049
3.0,13.0,1.2165335415037204
12.0,54.0,2.085808329707577
0.0,3.0,0.1370655210257311
2.0,45.0,1.733894822769818
4.0,31.0,1.059870650917351
1.0,19.0,0.45447738130256876
2.0,5.0,8.696179938730284
2.0,8.0,5.348953058763137
8.0,32.0,6.829183200095369
1.0,15.0,1.1237456459736197
3.0,31.0,1.7419375435911049
4.0,13.0,1.2165335415037204
16.0,54.0,2.085808329707577
1.0,3.0,0.1370655210257311
8.0,45.0,1.733894822769818
6.0,31.0,1.059870650917351
6.0,19.0,0.45447738130256876
3.0,5.0,8.696179938730284
1.0,8.0,5.348953058763137
13.0,32.0,6.829183200095369
7.0,15.0,1.1237456459736197
12.0,31.0,1.7419375435911049
2.0,13.0,1.2165335415037204
19.0,54.0,2.085808329707577
0.0,3.0,0.1370655210257311
15.0,45.0,1.733894822769818
11.0,31.0,1.059870650917351
5.0,19.0,0.45447738130256876
1.0,5.0,8.696179938730284
2.0,8.0,5.348953058763137
13.0,32.0,6.829183200095369
10.0,15.0,1.1237456459736197
13.0,31.0,1.7419375435911049
8.0,13.0,1.2165335415037204
20.0,54.0,2.085808329707577
0.0,3.0,0.1370655210257311
20.0,45.0,1.733894822769818
15.0,31.0,1.059870650917351
7.0,19.0,0.45447738130256876
2.0,5.0,8.696179938730284
4.0,8.0,5.348953058763137
12.0,32.0,6.829183200095369
7.0,15.0,1.1237456459736197
12.0,31.0,1.7419375435911049
7.0,13.0,1.2165335415037204
29.0,54.0,2.085808329707577
2.0,3.0,0.1370655210257311
21.0,45.0,1.733894822769818
17.0,31.0,1.059870650917351
7.0,19.0,0.45447738130256876
2.0,5.0,8.696179938730284
3.0,8.0,5.348953058763137
19.0,32.0,6.829183200095369
9.0,15.0,1.1237456459736197
14.0,31.0,1.7419375435911049
8.0,13.0,1.2165335415037204
23.0,54.0,2.085808329707577
2.0,3.0,0.1370655210257311
22.0,45.0,1.733894822769818
25.0,31.0,1.059870650917351
9.0,19.0,0.45447738130256876
3.0,5.0,8.696179938730284
6.0,8.0,5.348953058763137
21.0,32.0,6.829183200095369
11.0,15.0,1.1237456459736197
23.0,31.0,1.7419375435911049
6.0,13.0,1.2165335415037204
38.0,54.0,2.085808329707577
2.0,3.0,0.1370655210257311
36.0,45.0,1.733894822769818
20.0,31.0,1.059870650917351
10.0,19.0,0.45447738130256876
4.0,5.0,8.696179938730284
7.0,8.0,5.348953058763137
28.0,32.0,6.829183200095369
11.0,15.0,1.1237456459736197
25.0,31.0,1.7419375435911049
9.0,13.0,1.2165335415037204
46.0,54.0,2.085808329707577
1.0,3.0,0.1370655210257311
40.0,45.0,1.733894822769818
25.0,31.0,1.059870650917351
16.0,19.0,0.45447738130256876
5.0,5.0,8.696179938730284
6.0,8.0,5.348953058763137
28.0,32.0,6.829183200095369
13.0,15.0,1.1237456459736197
29.0,31.0,1.7419375435911049
12.0,13.0,1.2165335415037204
46.0,54.0,2.085808329707577
3.0,3.0,0.1370655210257311
41.0,45.0,1.733894822769818
29.0,31.0,1.059870650917351
18.0,19.0,0.45447738130256876
1.0,4.0,2.1608893997921754
2.0,5.0,4.316849831636683
3.0,21.0,5.246839930100031
2.0,14.0,1.8080748181498445
1.0,20.0,0.994556972476812
2.0,38.0,2.084256454443993
1.0,4.0,0.3102527761244412
2.0,26.0,1.2706091875432077
3.0,50.0,2.8437887714164467
2.0,15.0,0.7134518412388959
1.0,11.0,0.19773439586338762
1.0,4.0,2.1608893997921754
1.0,5.0,4.316849831636683
5.0,21.0,5.246839930100031
1.0,14.0,1.8080748181498445
2.0,20.0,0.994556972476812
5.0,38.0,2.084256454443993
0.0,4.0,0.3102527761244412
5.0,26.0,1.2706091875432077
7.0,50.0,2.8437887714164467
4.0,15.0,0.7134518412388959
0.0,11.0,0.19773439586338762
2.0,4.0,2.1608893997921754
3.0,5.0,4.316849831636683
5.0,21.0,5.246839930100031
2.0,14.0,1.8080748181498445
4.0,20.0,0.994556972476812
10.0,38.0,2.084256454443993
1.0,4.0,0.3102527761244412
5.0,26.0,1.2706091875432077
10.0,50.0,2.8437887714164467
7.0,15.0,0.7134518412388959
4.0,11.0,0.19773439586338762
1.0,4.0,2.1608893997921754
2.0,5.0,4.316849831636683
10.0,21.0,5.246839930100031
6.0,14.0,1.8080748181498445
8.0,20.0,0.994556972476812
16.0,38.0,2.084256454443993
0.0,4.0,0.3102527761244412
9.0,26.0,1.2706091875432077
19.0,50.0,2.8437887714164467
5.0,15.0,0.7134518412388959
2.0,11.0,0.19773439586338762
2.0,4.0,2.1608893997921754
2.0,5.0,4.316849831636683
10.0,21.0,5.246839930100031
7.0,14.0,1.8080748181498445
9.0,20.0,0.994556972476812
23.0,38.0,2.084256454443993
3.0,4.0,0.3102527761244412
15.0,26.0,1.2706091875432077
17.0,50.0,2.8437887714164467
7.0,15.0,0.7134518412388959
6.0,11.0,0.19773439586338762
3.0,4.0,2.1608893997921754
3.0,5.0,4.316849831636683
10.0,21.0,5.246839930100031
7.0,14.0,1.8080748181498445
8.0,20.0,0.994556972476812
27.0,38.0,2.084256454443993
2.0,4.0,0.3102527761244412
15.0,26.0,1.2706091875432077
26.0,50.0,2.8437887714164467
9.0,15.0,0.7134518412388959
3.0,11.0,0.19773439586338762
3.0,4.0,2.1608893997921754
3.0,5.0,4.316849831636683
14.0,21.0,5.246839930100031
10.0,14.0,1.8080748181498445
13.0,20.0,0.994556972476812
24.0,38.0,2.084256454443993
2.0,4.0,0.3102527761244412
21.0,26.0,1.2706091875432077
33.0,50.0,2.8437887714164467
10.0,15.0,0.7134518412388959
8.0,11.0,0.19773439586338762
3.0,4.0,2.1608893997921754
5.0,5.0,4.316849831636683
18.0,21.0,5.246839930100031
12.0,14.0,1.8080748181498445
14.0,20.0,0.994556972476812
29.0,38.0,2.084256454443993
4.0,4.0,0.3102527761244412
23.0,26.0,1.2706091875432077
41.0,50.0,2.8437887714164467
11.0,15.0,0.7134518412388959
9.0,11.0,0.19773439586338762
4.0,4.0,2.1608893997921754
4.0,5.0,4.316849831636683
18.0,21.0,5.246839930100031
13.0,14.0,1.8080748181498445
18.0,20.0,0.994556972476812
37.0,38.0,2.084256454443993
3.0,4.0,0.3102527761244412
19.0,26.0,1.2706091875432077
46.0,50.0,2.8437887714164467
13.0,15.0,0.7134518412388959
9.0,11.0,0.19773439586338762
1.0,4.0,6.680597930764017
2.0,9.0,7.417314989165813
1.0,12.0,2.003104711108989
2.0,38.0,4.1080865824488875
1.0,8.0,0.9602847242163121
1.0,24.0,1.0157920156653564
2.0,12.0,0.5582574329084099
1.0,15.0,0.9876172154267997
4.0,31.0,1.648548833750232
3.0,49.0,1.9113513733210596
2.0,16.0,0.3324641430151469
1.0,4.0,6.680597930764017
2.0,9.0,7.417314989165813
3.0,12.0,2.003104711108989
9.0,38.0,4.1080865824488875
0.0,8.0,0.9602847242163121
1.0,24.0,1.0157920156653564
0.0,12.0,0.5582574329084099
2.0,15.0,0.9876172154267997
4.0,31.0,1.648548833750232
7.0,49.0,1.9113513733210596
4.0,16.0,0.3324641430151469
1.0,4.0,6.680597930764017
0.0,9.0,7.417314989165813
8.0,12.0,2.003104711108989
10.0,38.0,4.1080865824488875
2.0,8.0,0.9602847242163121
6.0,24.0,1.0157920156653564
1.0,12.0,0.5582574329084099
2.0,15.0,0.9876172154267997
10.0,31.0,1.648548833750232
14.0,49.0,1.9113513733210596
6.0,16.0,0.3324641430151469
2.0,4.0,6.680597930764017
5.0,9.0,7.417314989165813
6.0,12.0,2.003104711108989
14.0,38.0,4.1080865824488875
4.0,8.0,0.9602847242163121
12.0,24.0,1.0157920156653564
5.0,12.0,0.5582574329084099
5.0,15.0,0.9876172154267997
10.0,31.0,1.648548833750232
23.0,49.0,1.9113513733210596
6.0,16.0,0.3324641430151469
2.0,4.0,6.680597930764017
3.0,9.0,7.417314989165813
9.0,12.0,2.003104711108989
18.0,38.0,4.1080865824488875
6.0,8.0,0.9602847242163121
16.0,24.0,1.0157920156653564
8.0,12.0,0.5582574329084099
7.0,15.0,0.9876172154267997
21.0,31.0,1.648548833750232
23.0,49.0,1.9113513733210596
7.0,16.0,0.3324641430151469
2.0,4.0,6.680597930764017
6.0,9.0,7.417314989165813
9.0,12.0,2.003104711108989
25.0,38.0,4.1080865824488875
7.0,8.0,0.9602847242163121
18.0,24.0,1.0157920156653564
7.0,12.0,0.5582574329084099
10.0,15.0,0.9876172154267997
19.0,31.0,1.648548833750232
30.0,49.0,1.9113513733210596
8.0,16.0,0.3324641430151469
1.0,4.0,6.680597930764017
4.0,9.0,7.417314989165813
9.0,12.0,2.003104711108989
25.0,38.0,4.1080865824488875
4.0,8.0,0.9602847242163121
16.0,24.0,1.0157920156653564
7.0,12.0,0.5582574329084099
6.0,15.0,0.9876172154267997
22.0,31.0,1.648548833750232
37.0,49.0,1.9113513733210596
10.0,16.0,0.3324641430151469
4.0,4.0,6.680597930764017
4.0,9.0,7.417314989165813
10.0,12.0,2.003104711108989
31.0,38.0,4.1080865824488875
8.0,8.0,0.9602847242163121
19.0,24.0,1.0157920156653564
9.0,12.0,0.5582574329084099
13.0,15.0,0.9876172154267997
21.0,31.0,1.648548833750232
39.0,49.0,1.9113513733210596
14.0,16.0,0.3324641430151469
4.0,4.0,6.680597930764017
8.0,9.0,7.417314989165813
11.0,12.0,2.003104711108989
35.0,38.0,4.1080865824488875
7.0,8.0,0.9602847242163121
23.0,24.0,1.0157920156653564
11.0,12.0,0.5582574329084099
14.0,15.0,0.9876172154267997
26.0,31.0,1.648548833750232
45.0,49.0,1.9113513733210596
15.0,16.0,0.3324641430151469
1.0,4.0,0.7748485157883287
2.0,15.0,9.482143896506814
1.0,12.0,1.7459449780323915
1.0,19.0,1.5748241870059956
0.0,9.0,0.5037793085569477
0.0,20.0,1.2830188674461014
0.0,5.0,0.5943695472465811
1.0,6.0,0.5599755889374309
7.0,77.0,6.730874562477092
4.0,50.0,1.2406902495717456
3.0,53.0,1.3037781303731364
1.0,4.0,0.7748485157883287
4.0,15.0,9.482143896506814
3.0,12.0,1.7459449780323915
5.0,19.0,1.5748241870059956
2.0,9.0,0.5037793085569477
2.0,20.0,1.2830188674461014
0.0,5.0,0.5943695472465811
1.0,6.0,0.5599755889374309
12.0,77.0,6.730874562477092
9.0,50.0,1.2406902495717456
14.0,53.0,1.3037781303731364
1.0,4.0,0.7748485157883287
8.0,15.0,9.482143896506814
5.0,12.0,1.7459449780323915
5.0,19.0,1.5748241870059956
3.0,9.0,0.5037793085569477
7.0,20.0,1.2830188674461014
2.0,5.0,0.5943695472465811
3.0,6.0,0.5599755889374309
21.0,77.0,6.730874562477092
18.0,50.0,1.2406902495717456
9.0,53.0,1.3037781303731364
3.0,4.0,0.7748485157883287
10.0,15.0,9.482143896506814
6.0,12.0,1.7459449780323915
10.0,19.0,1.5748241870059956
1.0,9.0,0.5037793085569477
6.0,20.0,1.2830188674461014
3.0,5.0,0.5943695472465811
3.0,6.0,0.5599755889374309
34.0,77.0,6.730874562477092
18.0,50.0,1.2406902495717456
21.0,53.0,1.3037781303731364
3.0,4.0,0.7748485157883287
6.0,15.0,9.482143896506814
8.0,12.0,1.7459449780323915
11.0,19.0,1.5748241870059956
5.0,9.0,0.5037793085569477
10.0,20.0,1.2830188674461014
3.0,5.0,0.5943695472465811
4.0,6.0,0.5599755889374309
45.0,77.0,6.730874562477092
28.0,50.0,1.2406902495717456
26.0,53.0,1.3037781303731364
3.0,4.0,0.7748485157883287
10.0,15.0,9.482143896506814
8.0,12.0,1.7459449780323915
12.0,19.0,1.5748241870059956
3.0,9.0,0.5037793085569477
16.0,20.0,1.2830188674461014
3.0,5.0,0.5943695472465811
5.0,6.0,0.5599755889374309
48.0,77.0,6.730874562477092
32.0,50.0,1.2406902495717456
34.0,53.0,1.3037781303731364
3.0,4.0,0.7748485157883287
11.0,15.0,9.482143896506814
11.0,12.0,1.7459449780323915
15.0,19.0,1.5748241870059956
7.0,9.0,0.5037793085569477
14.0,20.0,1.2830188674461014
3.0,5.0,0.5943695472465811
4.0,6.0,0.5599755889374309
53.0,77.0,6.730874562477092
40.0,50.0,1.2406902495717456
38.0,53.0,1.3037781303731364
2.0,4.0,0.7748485157883287
12.0,15.0,9.482143896506814
8.0,12.0,1.7459449780323915
14.0,19.0,1.5748241870059956
8.0,9.0,0.5037793085569477
16.0,20.0,1.2830188674461014
5.0,5.0,0.5943695472465811
4.0,6.0,0.5599755889374309
60.0,77.0,6.730874562477092
41.0,50.0,1.2406902495717456
39.0,53.0,1.3037781303731364
4.0,4.0,0.7748485157883287
12.0,15.0,9.482143896506814
10.0,12.0,1.7459449780323915
18.0,19.0,1.5748241870059956
7.0,9.0,0.5037793085569477
19.0,20.0,1.2830188674461014
5.0,5.0,0.5943695472465811
5.0,6.0,0.5599755889374309
73.0,77.0,6.730874562477092
43.0,50.0,1.2406902495717456
45.0,53.0,1.3037781303731364
2.0,6.0,6.5984638896000725
1.0,5.0,2.139077957607148
0.0,4.0,0.6429164847269462
0.0,4.0,1.2638949669865693
1.0,4.0,1.5608285879489547
3.0,20.0,3.3065886577256807
2.0,24.0,2.4615369832404133
2.0,11.0,0.8229802518083967
5.0,32.0,2.022465707882739
2.0,30.0,1.794822974800309
3.0,32.0,1.1644515209158381
2.0,6.0,6.5984638896000725
1.0,5.0,2.139077957607148
1.0,4.0,0.6429164847269462
0.0,4.0,1.2638949669865693
1.0,4.0,1.5608285879489547
3.0,20.0,3.3065886577256807
7.0,24.0,2.4615369832404133
2.0,11.0,0.8229802518083967
5.0,32.0,2.022465707882739
4.0,30.0,1.794822974800309
8.0,32.0,1.1644515209158381
3.0,6.0,6.5984638896000725
2.0,5.0,2.139077957607148
1.0,4.0,0.6429164847269462
1.0,4.0,1.2638949669865693
2.0,4.0,1.5608285879489547
3.0,20.0,3.3065886577256807
9.0,24.0,2.4615369832404133
3.0,11.0,0.8229802518083967
13.0,32.0,2.022465707882739
13.0,30.0,1.794822974800309
11.0,32.0,1.1644515209158381
4.0,6.0,6.5984638896000725
3.0,5.0,2.139077957607148
2.0,4.0,0.6429164847269462
0.0,4.0,1.2638949669865693
2.0,4.0,1.5608285879489547
9.0,20.0,3.3065886577256807
10.0,24.0,2.4615369832404133
7.0,11.0,0.8229802518083967
17.0,32.0,2.022465707882739
11.0,30.0,1.794822974800309
9.0,32.0,1.1644515209158381
2.0,6.0,6.5984638896000725
2.0,5.0,2.139077957607148
2.0,4.0,0.6429164847269462
1.0,4.0,1.2638949669865693
4.0,4.0,1.5608285879489547
5.0,20.0,3.3065886577256807
9.0,24.0,2.4615369832404133
6.0,11.0,0.8229802518083967
11.0,32.0,2.022465707882739
13.0,30.0,1.794822974800309
16.0,32.0,1.1644515209158381
5.0,6.0,6.5984638896000725
2.0,5.0,2.139077957607148
3.0,4.0,0.6429164847269462
2.0,4.0,1.2638949669865693
2.0,4.0,1.5608285879489547
13.0,20.0,3.3065886577256807
15.0,24.0,2.4615369832404133
8.0,11.0,0.8229802518083967
17.0,32.0,2.022465707882739
16.0,30.0,1.794822974800309
20.0,32.0,1.1644515209158381
6.0,6.0,6.5984638896000725
4.0,5.0,2.139077957607148
3.0,4.0,0.6429164847269462
3.0,4.0,1.2638949669865693
3.0,4.0,1.5608285879489547
16.0,20.0,3.3065886577256807
17.0,24.0,2.4615369832404133
5.0,11.0,0.8229802518083967
27.0,32.0,2.022465707882739
21.0,30.0,1.794822974800309
22.0,32.0,1.1644515209158381
6.0,6.0,6.5984638896000725
5.0,5.0,2.139077957607148
4.0,4.0,0.6429164847269462
4.0,4.0,1.2638949669865693
4.0,4.0,1.5608285879489547
16.0,20.0,3.3065886577256807
18.0,24.0,2.4615369832404133
6.0,11.0,0.8229802518083967
29.0,32.0,2.022465707882739
21.0,30.0,1.794822974800309
26.0,32.0,1.1644515209158381
6.0,6.0,6.5984638896000725
4.0,5.0,2.139077957607148
4.0,4.0,0.6429164847269462
3.0,4.0,1.2638949669865693
4.0,4.0,1.5608285879489547
19.0,20.0,3.3065886577256807
20.0,24.0,2.4615369832404133
11.0,11.0,0.8229802518083967
28.0,32.0,2.022465707882739
26.0,30.0,1.794822974800309
26.0,32.0,1.1644515209158381
1.0,7.0,7.600925428533106
1.0,8.0,3.577237301843811
2.0,13.0,1.2628747688579773
0.0,9.0,1.503010883642396
2.0,9.0,2.054760887262273
6.0,71.0,4.691968535853595
1.0,24.0,0.9800919618955688
11.0,80.0,1.9929567379958184
5.0,62.0,0.962501735114707
1.0,7.0,0.09035994527209652
1.0,22.0,0.3357390651775157
1.0,7.0,7.600925428533106
4.0,8.0,3.577237301843811
4.0,13.0,1.2628747688579773
2.0,9.0,1.503010883642396
2.0,9.0,2.054760887262273
21.0,71.0,4.691968535853595
4.0,24.0,0.9800919618955688
13.0,80.0,1.9929567379958184
17.0,62.0,0.962501735114707
0.0,7.0,0.09035994527209652
4.0,22.0,0.3357390651775157
2.0,7.0,7.600925428533106
2.0,8.0,3.577237301843811
3.0,13.0,1.2628747688579773
4.0,9.0,1.503010883642396
2.0,9.0,2.054760887262273
28.0,71.0,4.691968535853595
8.0,24.0,0.9800919618955688
21.0,80.0,1.9929567379958184
15.0,62.0,0.962501735114707
2.0,7.0,0.09035994527209652
3.0,22.0,0.3357390651775157
3.0,7.0,7.600925428533106
2.0,8.0,3.577237301843811
7.0,13.0,1.2628747688579773
4.0,9.0,1.503010883642396
6.0,9.0,2.054760887262273
30.0,71.0,4.691968535853595
10.0,24.0,0.9800919618955688
31.0,80.0,1.9929567379958184
19.0,62.0,0.962501735114707
2.0,7.0,0.09035994527209652
9.0,22.0,0.3357390651775157
4.0,7.0,7.600925428533106
5.0,8.0,3.577237301843811
9.0,13.0,1.2628747688579773
4.0,9.0,1.503010883642396
2.0,9.0,2.054760887262273
33.0,71.0,4.691968535853595
13.0,24.0,0.9800919618955688
44.0,80.0,1.9929567379958184
31.0,62.0,0.962501735114707
5.0,7.0,0.09035994527209652
12.0,22.0,0.3357390651775157
4.0,7.0,7.600925428533106
5.0,8.0,3.577237301843811
9.0,13.0,1.2628747688579773
5.0,9.0,1.503010883642396
7.0,9.0,2.054760887262273
40.0,71.0,4.691968535853595
15.0,24.0,0.9800919618955688
53.0,80.0,1.9929567379958184
36.0,62.0,0.962501735114707
5.0,7.0,0.09035994527209652
16.0,22.0,0.3357390651775157
6.0,7.0,7.600925428533106
6.0,8.0,3.577237301843811
10.0,13.0,1.2628747688579773
7.0,9.0,1.503010883642396
5.0,9.0,2.054760887262273
50.0,71.0,4.691968535853595
17.0,24.0,0.9800919618955688
54.0,80.0,1.9929567379958184
36.0,62.0,0.962501735114707
4.0,7.0,0.09035994527209652
14.0,22.0,0.3357390651775157
7.0,7.0,7.600925428533106
7.0,8.0,3.577237301843811
12.0,13.0,1.2628747688579773
7.0,9.0,1.503010883642396
8.0,9.0,2.054760887262273
57.0,71.0,4.691968535853595
17.0,24.0,0.9800919618955688
60.0,80.0,1.9929567379958184
48.0,62.0,0.962501735114707
5.0,7.0,0.09035994527209652
20.0,22.0,0.3357390651775157
7.0,7.0,7.600925428533106
8.0,8.0,3.577237301843811
12.0,13.0,1.2628747688579773
8.0,9.0,1.503010883642396
9.0,9.0,2.054760887262273
62.0,71.0,4.691968535853595
24.0,24.0,0.9800919618955688
70.0,80.0,1.9929567379958184
56.0,62.0,0.962501735114707
7.0,7.0,0.09035994527209652
20.0,22.0,0.3357390651775157
2.0,3.0,4.93076242045169
0.0,3.0,3.4842107313206943
0.0,8.0,2.423403558882545
3.0,16.0,5.45236614990794
1.0,12.0,1.158283985400124
1.0,16.0,1.4243549736119343
0.0,11.0,0.994662093714919
1.0,9.0,0.7444862535359912
1.0,7.0,0.6011882100733484
0.0,10.0,1.107473626176193
1.0,8.0,0.9484076749146041
1.0,3.0,4.93076242045169
2.0,3.0,3.4842107313206943
4.0,8.0,2.423403558882545
3.0,16.0,5.45236614990794
1.0,12.0,1.158283985400124
1.0,16.0,1.4243549736119343
2.0,11.0,0.994662093714919
1.0,9.0,0.7444862535359912
1.0,7.0,0.6011882100733484
5.0,10.0,1.107473626176193
1.0,8.0,0.9484076749146041
1.0,3.0,4.93076242045169
2.0,3.0,3.4842107313206943
3.0,8.0,2.423403558882545
2.0,16.0,5.45236614990794
3.0,12.0,1.158283985400124
5.0,16.0,1.4243549736119343
2.0,11.0,0.994662093714919
2.0,9.0,0.7444862535359912
2.0,7.0,0.6011882100733484
4.0,10.0,1.107473626176193
2.0,8.0,0.9484076749146041
2.0,3.0,4.93076242045169
2.0,3.0,3.4842107313206943
2.0,8.0,2.423403558882545
7.0,16.0,5.45236614990794
6.0,12.0,1.158283985400124
3.0,16.0,1.4243549736119343
7.0,11.0,0.994662093714919
5.0,9.0,0.7444862535359912
3.0,7.0,0.6011882100733484
6.0,10.0,1.107473626176193
3.0,8.0,0.9484076749146041
1.0,3.0,4.93076242045169
2.0,3.0,3.4842107313206943
4.0,8.0,2.423403558882545
10.0,16.0,5.45236614990794
2.0,12.0,1.158283985400124
9.0,16.0,1.4243549736119343
5.0,11.0,0.994662093714919
3.0,9.0,0.7444862535359912
2.0,7.0,0.6011882100733484
7.0,10.0,1.107473626176193
4.0,8.0,0.9484076749146041
2.0,3.0,4.93076242045169
2.0,3.0,3.4842107313206943
5.0,8.0,2.423403558882545
11.0,16.0,5.45236614990794
7.0,12.0,1.158283985400124
10.0,16.0,1.4243549736119343
7.0,11.0,0.994662093714919
6.0,9.0,0.7444862535359912
3.0,7.0,0.6011882100733484
9.0,10.0,1.107473626176193
4.0,8.0,0.9484076749146041
3.0,3.0,4.93076242045169
2.0,3.0,3.4842107313206943
8.0,8.0,2.423403558882545
9.0,16.0,5.45236614990794
11.0,12.0,1.158283985400124
9.0,16.0,1.4243549736119343
8.0,11.0,0.994662093714919
8.0,9.0,0.7444862535359912
4.0,7.0,0.6011882100733484
7.0,10.0,1.107473626176193
6.0,8.0,0.9484076749146041
2.0,3.0,4.93076242045169
3.0,3.0,3.4842107313206943
8.0,8.0,2.423403558882545
12.0,16.0,5.45236614990794
11.0,12.0,1.158283985400124
14.0,16.0,1.4243549736119343
7.0,11.0,0.994662093714919
7.0,9.0,0.7444862535359912
6.0,7.0,0.6011882100733484
8.0,10.0,1.107473626176193
7.0,8.0,0.9484076749146041
3.0,3.0,4.93076242045169
2.0,3.0,3.4842107313206943
6.0,8.0,2.423403558882545
14.0,16.0,5.45236614990794
10.0,12.0,1.158283985400124
11.0,16.0,1.4243549736119343
8.0,11.0,0.994662093714919
9.0,9.0,0.7444862535359912
6.0,7.0,0.6011882100733484
9.0,10.0,1.107473626176193
8.0,8.0,0.9484076749146041
1.0,4.0,7.734506985095555
1.0,7.0,3.0499400428554897
1.0,2.0,1.4925273685221527
1.0,9.0,2.004553623268743
1.0,12.0,2.5672847782631316
4.0,40.0,4.077415987121408
3.0,36.0,1.8681074364346224
7.0,61.0,1.9338897638587922
2.0,18.0,0.4791211638590897
4.0,56.0,1.396553173258654
1.0,10.0,0.2597202541863597
1.0,4.0,7.734506985095555
0.0,7.0,3.0499400428554897
0.0,2.0,1.4925273685221527
1.0,9.0,2.004553623268743
1.0,12.0,2.5672847782631316
7.0,40.0,4.077415987121408
9.0,36.0,1.8681074364346224
19.0,61.0,1.9338897638587922
4.0,18.0,0.4791211638590897
11.0,56.0,1.396553173258654
1.0,10.0,0.2597202541863597
2.0,4.0,7.734506985095555
2.0,7.0,3.0499400428554897
0.0,2.0,1.4925273685221527
4.0,9.0,2.004553623268743
3.0,12.0,2.5672847782631316
12.0,40.0,4.077415987121408
15.0,36.0,1.8681074364346224
23.0,61.0,1.9338897638587922
4.0,18.0,0.4791211638590897
11.0,56.0,1.396553173258654
1.0,10.0,0.2597202541863597
2.0,4.0,7.734506985095555
5.0,7.0,3.0499400428554897
0.0,2.0,1.4925273685221527
2.0,9.0,2.004553623268743
5.0,12.0,2.5672847782631316
17.0,40.0,4.077415987121408
17.0,36.0,1.8681074364346224
22.0,61.0,1.9338897638587922
10.0,18.0,0.4791211638590897
21.0,56.0,1.396553173258654
4.0,10.0,0.2597202541863597
1.0,4.0,7.734506985095555
5.0,7.0,3.0499400428554897
1.0,2.0,1.4925273685221527
6.0,9.0,2.004553623268743
3.0,12.0,2.5672847782631316
24.0,40.0,4.077415987121408
18.0,36.0,1.8681074364346224
31.0,61.0,1.9338897638587922
5.0,18.0,0.4791211638590897
31.0,56.0,1.396553173258654
3.0,10.0,0.2597202541863597
3.0,4.0,7.734506985095555
3.0,7.0,3.0499400428554897
1.0,2.0,1.4925273685221527
3.0,9.0,2.004553623268743
6.0,12.0,2.5672847782631316
26.0,40.0,4.077415987121408
15.0,36.0,1.8681074364346224
40.0,61.0,1.9338897638587922
10.0,18.0,0.4791211638590897
39.0,56.0,1.396553173258654
6.0,10.0,0.2597202541863597
3.0,4.0,7.734506985095555
6.0,7.0,3.0499400428554897
2.0,2.0,1.4925273685221527
5.0,9.0,2.004553623268743
9.0,12.0,2.5672847782631316
24.0,40.0,4.077415987121408
24.0,36.0,1.8681074364346224
46.0,61.0,1.9338897638587922
10.0,18.0,0.4791211638590897
40.0,56.0,1.396553173258654
6.0,10.0,0.2597202541863597
3.0,4.0,7.734506985095555
5.0,7.0,3.0499400428554897
2.0,2.0,1.4925273685221527
5.0,9.0,2.004553623268743
12.0,12.0,2.5672847782631316
36.0,40.0,4.077415987121408
28.0,36.0,1.8681074364346224
47.0,61.0,1.9338897638587922
14.0,18.0,0.4791211638590897
48.0,56.0,1.396553173258654
8.0,10.0,0.2597202541863597
4.0,4.0,7.734506985095555
7.0,7.0,3.0499400428554897
2.0,2.0,1.4925273685221527
8.0,9.0,2.004553623268743
11.0,12.0,2.5672847782631316
36.0,40.0,4.077415987121408
31.0,36.0,1.8681074364346224
54.0,61.0,1.9338897638587922
16.0,18.0,0.4791211638590897
49.0,56.0,1.396553173258654
10.0,10.0,0.2597202541863597
1.0,4.0,3.2925942743884136
0.0,4.0,2.214277221980729
1.0,4.0,1.7561356933380006
1.0,7.0,2.26952756068152
4.0,32.0,6.035104601325136
8.0,67.0,4.643608390048886
6.0,101.0,2.104222324299684
2.0,41.0,0.6266312015268667
1.0,7.0,0.1070744270181186
2.0,62.0,1.5508526450251907
0.0,30.0,0.4817862433402207
2.0,4.0,3.2925942743884136
1.0,4.0,2.214277221980729
0.0,4.0,1.7561356933380006
2.0,7.0,2.26952756068152
9.0,32.0,6.035104601325136
13.0,67.0,4.643608390048886
21.0,101.0,2.104222324299684
7.0,41.0,0.6266312015268667
2.0,7.0,0.1070744270181186
16.0,62.0,1.5508526450251907
8.0,30.0,0.4817862433402207
1.0,4.0,3.2925942743884136
1.0,4.0,2.214277221980729
1.0,4.0,1.7561356933380006
2.0,7.0,2.26952756068152
13.0,32.0,6.035104601325136
14.0,67.0,4.643608390048886
29.0,101.0,2.104222324299684
8.0,41.0,0.6266312015268667
3.0,7.0,0.1070744270181186
16.0,62.0,1.5508526450251907
10.0,30.0,0.4817862433402207
1.0,4.0,3.2925942743884136
2.0,4.0,2.214277221980729
2.0,4.0,1.7561356933380006
3.0,7.0,2.26952756068152
14.0,32.0,6.035104601325136
28.0,67.0,4.643608390048886
30.0,101.0,2.104222324299684
17.0,41.0,0.6266312015268667
2.0,7.0,0.1070744270181186
24.0,62.0,1.5508526450251907
9.0,30.0,0.4817862433402207
2.0,4.0,3.2925942743884136
2.0,4.0,2.214277221980729
1.0,4.0,1.7561356933380006
5.0,7.0,2.26952756068152
12.0,32.0,6.035104601325136
35.0,67.0,4.643608390048886
38.0,101.0,2.104222324299684
25.0,41.0,0.6266312015268667
5.0,7.0,0.1070744270181186
33.0,62.0,1.5508526450251907
16.0,30.0,0.4817862433402207
3.0,4.0,3.2925942743884136
2.0,4.0,2.214277221980729
3.0,4.0,1.7561356933380006
2.0,7.0,2.26952756068152
21.0,32.0,6.035104601325136
42.0,67.0,4.643608390048886
60.0,101.0,2.104222324299684
31.0,41.0,0.6266312015268667
5.0,7.0,0.1070744270181186
26.0,62.0,1.5508526450251907
17.0,30.0,0.4817862433402207
4.0,4.0,3.2925942743884136
3.0,4.0,2.214277221980729
4.0,4.0,1.7561356933380006
4.0,7.0,2.26952756068152
19.0,32.0,6.035104601325136
47.0,67.0,4.643608390048886
75.0,101.0,2.104222324299684
29.0,41.0,0.6266312015268667
4.0,7.0,0.1070744270181186
44.0,62.0,1.5508526450251907
20.0,30.0,0.4817862433402207
3.0,4.0,3.2925942743884136
4.0,4.0,2.214277221980729
2.0,4.0,1.7561356933380006
6.0,7.0,2.26952756068152
25.0,32.0,6.035104601325136
49.0,67.0,4.643608390048886
75.0,101.0,2.104222324299684
33.0,41.0,0.6266312015268667
4.0,7.0,0.1070744270181186
50.0,62.0,1.5508526450251907
19.0,30.0,0.4817862433402207
4.0,4.0,3.2925942743884136
4.0,4.0,2.214277221980729
4.0,4.0,1.7561356933380006
7.0,7.0,2.26952756068152
28.0,32.0,6.035104601325136
55.0,67.0,4.643608390048886
96.0,101.0,2.104222324299684
37.0,41.0,0.6266312015268667
7.0,7.0,0.1070744270181186
54.0,62.0,1.5508526450251907
28.0,30.0,0.4817862433402207
1.0,2.0,4.621584277517214
3.0,14.0,9.528920505055797
0.0,4.0,0.7741574168866471
3.0,12.0,3.426518766596676
2.0,9.0,0.8169088917594491
0.0,6.0,0.8693137551329421
1.0,6.0,0.6247814613357768
4.0,48.0,6.162637786987388
3.0,33.0,1.6413207471155766
3.0,25.0,0.7370055914228676
2.0,22.0,0.8759953416365512
2.0,2.0,4.621584277517214
3.0,14.0,9.528920505055797
2.0,4.0,0.7741574168866471
3.0,12.0,3.426518766596676
1.0,9.0,0.8169088917594491
1.0,6.0,0.8693137551329421
3.0,6.0,0.6247814613357768
10.0,48.0,6.162637786987388
9.0,33.0,1.6413207471155766
5.0,25.0,0.7370055914228676
5.0,22.0,0.8759953416365512
1.0,2.0,4.621584277517214
4.0,14.0,9.528920505055797
1.0,4.0,0.7741574168866471
5.0,12.0,3.426518766596676
5.0,9.0,0.8169088917594491
1.0,6.0,0.8693137551329421
1.0,6.0,0.6247814613357768
12.0,48.0,6.162637786987388
11.0,33.0,1.6413207471155766
10.0,25.0,0.7370055914228676
4.0,22.0,0.8759953416365512
1.0,2.0,4.621584277517214
4.0,14.0,9.528920505055797
1.0,4.0,0.7741574168866471
3.0,12.0,3.426518766596676
8.0,9.0,0.8169088917594491
3.0,6.0,0.8693137551329421
1.0,6.0,0.6247814613357768
16.0,48.0,6.162637786987388
14.0,33.0,1.6413207471155766
8.0,25.0,0.7370055914228676
5.0,22.0,0.8759953416365512
1.0,2.0,4.621584277517214
8.0,14.0,9.528920505055797
2.0,4.0,0.7741574168866471
6.0,12.0,3.426518766596676
5.0,9.0,0.8169088917594491
3.0,6.0,0.8693137551329421
3.0,6.0,0.6247814613357768
28.0,48.0,6.162637786987388
17.0,33.0,1.6413207471155766
14.0,25.0,0.7370055914228676
11.0,22.0,0.8759953416365512
1.0,2.0,4.621584277517214
8.0,14.0,9.528920505055797
3.0,4.0,0.7741574168866471
8.0,12.0,3.426518766596676
3.0,9.0,0.8169088917594491
4.0,6.0,0.8693137551329421
3.0,6.0,0.6247814613357768
30.0,48.0,6.162637786987388
18.0,33.0,1.6413207471155766
14.0,25.0,0.7370055914228676
14.0,22.0,0.8759953416365512
1.0,2.0,4.621584277517214
7.0,14.0,9.528920505055797
2.0,4.0,0.7741574168866471
5.0,12.0,3.426518766596676
7.0,9.0,0.8169088917594491
4.0,6.0,0.8693137551329421
5.0,6.0,0.6247814613357768
27.0,48.0,6.162637786987388
23.0,33.0,1.6413207471155766
21.0,25.0,0.7370055914228676
15.0,22.0,0.8759953416365512
2.0,2.0,4.621584277517214
10.0,14.0,9.528920505055797
4.0,4.0,0.7741574168866471
9.0,12.0,3.426518766596676
7.0,9.0,0.8169088917594491
5.0,6.0,0.8693137551329421
5.0,6.0,0.6247814613357768
39.0,48.0,6.162637786987388
27.0,33.0,1.6413207471155766
23.0,25.0,0.7370055914228676
17.0,22.0,0.8759953416365512
2.0,2.0,4.621584277517214
12.0,14.0,9.528920505055797
4.0,4.0,0.7741574168866471
11.0,12.0,3.426518766596676
8.0,9.0,0.8169088917594491
6.0,6.0,0.8693137551329421
6.0,6.0,0.6247814613357768
44.0,48.0,6.162637786987388
32.0,33.0,1.6413207471155766
19.0,25.0,0.7370055914228676
20.0,22.0,0.8759953416365512
1.0,4.0,8.071957114170928
1.0,9.0,6.937868907301312
1.0,5.0,0.5513865694608211
0.0,8.0,1.2344303407912014
1.0,11.0,2.2012721472317485
3.0,23.0,2.894577221001136
3.0,17.0,1.1073348466688189
0.0,6.0,0.43758939053888274
3.0,50.0,2.773212810307787
2.0,23.0,0.7643865882835599
8.0,47.0,1.8086845068570663
1.0,4.0,8.071957114170928
1.0,9.0,6.937868907301312
2.0,5.0,0.5513865694608211
1.0,8.0,1.2344303407912014
2.0,11.0,2.2012721472317485
6.0,23.0,2.894577221001136
6.0,17.0,1.1073348466688189
1.0,6.0,0.43758939053888274
13.0,50.0,2.773212810307787
7.0,23.0,0.7643865882835599
10.0,47.0,1.8086845068570663
1.0,4.0,8.071957114170928
5.0,9.0,6.937868907301312
0.0,5.0,0.5513865694608211
4.0,8.0,1.2344303407912014
2.0,11.0,2.2012721472317485
8.0,23.0,2.894577221001136
6.0,17.0,1.1073348466688189
0.0,6.0,0.43758939053888274
16.0,50.0,2.773212810307787
13.0,23.0,0.7643865882835599
24.0,47.0,1.8086845068570663
1.0,4.0,8.071957114170928
3.0,9.0,6.937868907301312
3.0,5.0,0.5513865694608211
5.0,8.0,1.2344303407912014
2.0,11.0,2.2012721472317485
4.0,23.0,2.894577221001136
8.0,17.0,1.1073348466688189
3.0,6.0,0.43758939053888274
18.0,50.0,2.773212810307787
9.0,23.0,0.7643865882835599
23.0,47.0,1.8086845068570663
4.0,4.0,8.071957114170928
4.0,9.0,6.937868907301312
2.0,5.0,0.5513865694608211
5.0,8.0,1.2344303407912014
5.0,11.0,2.2012721472317485
14.0,23.0,2.894577221001136
13.0,17.0,1.1073348466688189
5.0,6.0,0.43758939053888274
30.0,50.0,2.773212810307787
8.0,23.0,0.7643865882835599
24.0,47.0,1.8086845068570663
2.0,4.0,8.071957114170928
8.0,9.0,6.937868907301312
2.0,5.0,0.5513865694608211
4.0,8.0,1.2344303407912014
6.0,11.0,2.2012721472317485
13.0,23.0,2.894577221001136
12.0,17.0,1.1073348466688189
5.0,6.0,0.43758939053888274
29.0,50.0,2.773212810307787
15.0,23.0,0.7643865882835599
35.0,47.0,1.8086845068570663
3.0,4.0,8.071957114170928
4.0,9.0,6.937868907301312
5.0,5.0,0.5513865694608211
6.0,8.0,1.2344303407912014
4.0,11.0,2.2012721472317485
17.0,23.0,2.894577221001136
12.0,17.0,1.1073348466688189
4.0,6.0,0.43758939053888274
32.0,50.0,2.773212810307787
16.0,23.0,0.7643865882835599
32.0,47.0,1.8086845068570663
3.0,4.0,8.071957114170928
8.0,9.0,6.937868907301312
5.0,5.0,0.5513865694608211
7.0,8.0,1.2344303407912014
8.0,11.0,2.2012721472317485
21.0,23.0,2.894577221001136
15.0,17.0,1.1073348466688189
6.0,6.0,0.43758939053888274
42.0,50.0,2.773212810307787
19.0,23.0,0.7643865882835599
40.0,47.0,1.8086845068570663
4.0,4.0,8.071957114170928
9.0,9.0,6.937868907301312
4.0,5.0,0.5513865694608211
8.0,8.0,1.2344303407912014
11.0,11.0,2.2012721472317485
22.0,23.0,2.894577221001136
15.0,17.0,1.1073348466688189
5.0,6.0,0.43758939053888274
49.0,50.0,2.773212810307787
23.0,23.0,0.7643865882835599
45.0,47.0,1.8086845068570663
1.0,3.0,4.032679482223916
1.0,8.0,6.350156962306538
2.0,11.0,4.140033128282478
1.0,14.0,3.484922468954877
0.0,23.0,1.2458397497486746
0.0,10.0,1.0975563674366096
0.0,8.0,0.6577150970186529
1.0,5.0,0.3430232031999053
2.0,36.0,3.963222355789414
3.0,21.0,1.5443762009726802
6.0,33.0,1.4642198148945258
1.0,3.0,4.032679482223916
1.0,8.0,6.350156962306538
1.0,11.0,4.140033128282478
2.0,14.0,3.484922468954877
3.0,23.0,1.2458397497486746
3.0,10.0,1.0975563674366096
2.0,8.0,0.6577150970186529
0.0,5.0,0.3430232031999053
5.0,36.0,3.963222355789414
6.0,21.0,1.5443762009726802
6.0,33.0,1.4642198148945258
1.0,3.0,4.032679482223916
2.0,8.0,6.350156962306538
4.0,11.0,4.140033128282478
3.0,14.0,3.484922468954877
10.0,23.0,1.2458397497486746
3.0,10.0,1.0975563674366096
1.0,8.0,0.6577150970186529
3.0,5.0,0.3430232031999053
13.0,36.0,3.963222355789414
10.0,21.0,1.5443762009726802
9.0,33.0,1.4642198148945258
2.0,3.0,4.032679482223916
2.0,8.0,6.350156962306538
3.0,11.0,4.140033128282478
9.0,14.0,3.484922468954877
14.0,23.0,1.2458397497486746
4.0,10.0,1.0975563674366096
1.0,8.0,0.6577150970186529
1.0,5.0,0.3430232031999053
13.0,36.0,3.963222355789414
7.0,21.0,1.5443762009726802
14.0,33.0,1.4642198148945258
1.0,3.0,4.032679482223916
3.0,8.0,6.350156962306538
3.0,11.0,4.140033128282478
5.0,14.0,3.484922468954877
11.0,23.0,1.2458397497486746
7.0,10.0,1.0975563674366096
5.0,8.0,0.6577150970186529
5.0,5.0,0.3430232031999053
17.0,36.0,3.963222355789414
9.0,21.0,1.5443762009726802
16.0,33.0,1.4642198148945258
2.0,3.0,4.032679482223916
6.0,8.0,6.350156962306538
7.0,11.0,4.140033128282478
7.0,14.0,3.484922468954877
14.0,23.0,1.2458397497486746
6.0,10.0,1.0975563674366096
5.0,8.0,0.6577150970186529
4.0,5.0,0.3430232031999053
23.0,36.0,3.963222355789414
12.0,21.0,1.5443762009726802
22.0,33.0,1.4642198148945258
3.0,3.0,4.032679482223916
5.0,8.0,6.350156962306538
7.0,11.0,4.140033128282478
10.0,14.0,3.484922468954877
14.0,23.0,1.2458397497486746
8.0,10.0,1.0975563674366096
6.0,8.0,0.6577150970186529
3.0,5.0,0.3430232031999053
30.0,36.0,3.963222355789414
12.0,21.0,1.5443762009726802
24.0,33.0,1.4642198148945258
3.0,3.0,4.032679482223916
4.0,8.0,6.350156962306538
9.0,11.0,4.140033128282478
13.0,14.0,3.484922468954877
16.0,23.0,1.2458397497486746
8.0,10.0,1.0975563674366096
7.0,8.0,0.6577150970186529
4.0,5.0,0.3430232031999053
29.0,36.0,3.963222355789414
18.0,21.0,1.5443762009726802
27.0,33.0,1.4642198148945258
3.0,3.0,4.032679482223916
6.0,8.0,6.350156962306538
11.0,11.0,4.140033128282478
11.0,14.0,3.484922468954877
20.0,23.0,1.2458397497486746
10.0,10.0,1.0975563674366096
8.0,8.0,0.6577150970186529
5.0,5.0,0.3430232031999053
32.0,36.0,3.963222355789414
19.0,21.0,1.5443762009726802
29.0,33.0,1.4642198148945258
2.0,6.0,7.711439315461859
2.0,5.0,3.2108100259861647
3.0,34.0,6.927273365568016
0.0,2.0,0.4126895956031467
2.0,18.0,1.1924895934850381
1.0,5.0,0.8018696546716702
3.0,47.0,2.6084308893892003
0.0,11.0,0.4938388996892486
14.0,98.0,3.7350842843669723
5.0,61.0,1.5794719849863148
3.0,24.0,0.44646809402146936
1.0,6.0,7.711439315461859
0.0,5.0,3.2108100259861647
7.0,34.0,6.927273365568016
1.0,2.0,0.4126895956031467
5.0,18.0,1.1924895934850381
2.0,5.0,0.8018696546716702
10.0,47.0,2.6084308893892003
1.0,11.0,0.4938388996892486
20.0,98.0,3.7350842843669723
13.0,61.0,1.5794719849863148
6.0,24.0,0.44646809402146936
4.0,6.0,7.711439315461859
1.0,5.0,3.2108100259861647
12.0,34.0,6.927273365568016
0.0,2.0,0.4126895956031467
5.0,18.0,1.1924895934850381
1.0,5.0,0.8018696546716702
16.0,47.0,2.6084308893892003
2.0,11.0,0.4938388996892486
30.0,98.0,3.7350842843669723
21.0,61.0,1.5794719849863148
9.0,24.0,0.44646809402146936
2.0,6.0,7.711439315461859
3.0,5.0,3.2108100259861647
11.0,34.0,6.927273365568016
1.0,2.0,0.4126895956031467
10.0,18.0,1.1924895934850381
1.0,5.0,0.8018696546716702
19.0,47.0,2.6084308893892003
6.0,11.0,0.4938388996892486
34.0,98.0,3.7350842843669723
22.0,61.0,1.5794719849863148
13.0,24.0,0.44646809402146936
2.0,6.0,7.711439315461859
2.0,5.0,3.2108100259861647
15.0,34.0,6.927273365568016
2.0,2.0,0.4126895956031467
11.0,18.0,1.1924895934850381
4.0,5.0,0.8018696546716702
24.0,47.0,2.6084308893892003
9.0,11.0,0.4938388996892486
55.0,98.0,3.7350842843669723
27.0,61.0,1.5794719849863148
12.0,24.0,0.44646809402146936
4.0,6.0,7.711439315461859
3.0,5.0,3.2108100259861647
20.0,34.0,6.927273365568016
2.0,2.0,0.4126895956031467
10.0,18.0,1.1924895934850381
5.0,5.0,0.8018696546716702
28.0,47.0,2.6084308893892003
7.0,11.0,0.4938388996892486
60.0,98.0,3.7350842843669723
35.0,61.0,1.5794719849863148
18.0,24.0,0.44646809402146936
5.0,6.0,7.711439315461859
4.0,5.0,3.2108100259861647
26.0,34.0,6.927273365568016
2.0,2.0,0.4126895956031467
14.0,18.0,1.1924895934850381
5.0,5.0,0.8018696546716702
32.0,47.0,2.6084308893892003
9.0,11.0,0.4938388996892486
68.0,98.0,3.7350842843669723
40.0,61.0,1.5794719849863148
16.0,24.0,0.44646809402146936
4.0,6.0,7.711439315461859
3.0,5.0,3.2108100259861647
27.0,34.0,6.927273365568016
1.0,2.0,0.4126895956031467
16.0,18.0,1.1924895934850381
3.0,5.0,0.8018696546716702
35.0,47.0,2.6084308893892003
10.0,11.0,0.4938388996892486
73.0,98.0,3.7350842843669723
43.0,61.0,1.5794719849863148
18.0,24.0,0.44646809402146936
5.0,6.0,7.711439315461859
5.0,5.0,3.2108100259861647
32.0,34.0,6.927273365568016
1.0,2.0,0.4126895956031467
16.0,18.0,1.1924895934850381
4.0,5.0,0.8018696546716702
38.0,47.0,2.6084308893892003
10.0,11.0,0.4938388996892486
92.0,98.0,3.7350842843669723
55.0,61.0,1.5794719849863148
22.0,24.0,0.44646809402146936
3.0,5.0,5.900555833287822
0.0,2.0,1.4236467866739009
1.0,12.0,3.2698819188284847
2.0,28.0,5.840863546279293
4.0,29.0,2.471810619396378
3.0,48.0,1.4413776739554631
1.0,19.0,0.7611178054299825
1.0,5.0,0.25999844001689526
7.0,66.0,2.7139844422817645
2.0,47.0,1.4290592994414337
4.0,20.0,0.6175702555781172
1.0,5.0,5.900555833287822
0.0,2.0,1.4236467866739009
1.0,12.0,3.2698819188284847
6.0,28.0,5.840863546279293
3.0,29.0,2.471810619396378
5.0,48.0,1.4413776739554631
3.0,19.0,0.7611178054299825
2.0,5.0,0.25999844001689526
14.0,66.0,2.7139844422817645
13.0,47.0,1.4290592994414337
3.0,20.0,0.6175702555781172
1.0,5.0,5.900555833287822
2.0,2.0,1.4236467866739009
3.0,12.0,3.2698819188284847
10.0,28.0,5.840863546279293
8.0,29.0,2.471810619396378
7.0,48.0,1.4413776739554631
4.0,19.0,0.7611178054299825
1.0,5.0,0.25999844001689526
20.0,66.0,2.7139844422817645
17.0,47.0,1.4290592994414337
3.0,20.0,0.6175702555781172
4.0,5.0,5.900555833287822
1.0,2.0,1.4236467866739009
5.0,12.0,3.2698819188284847
10.0,28.0,5.840863546279293
9.0,29.0,2.471810619396378
20.0,48.0,1.4413776739554631
6.0,19.0,0.7611178054299825
1.0,5.0,0.25999844001689526
24.0,66.0,2.7139844422817645
20.0,47.0,1.4290592994414337
10.0,20.0,0.6175702555781172
2.0,5.0,5.900555833287822
2.0,2.0,1.4236467866739009
5.0,12.0,3.2698819188284847
11.0,28.0,5.840863546279293
13.0,29.0,2.471810619396378
18.0,48.0,1.4413776739554631
9.0,19.0,0.7611178054299825
1.0,5.0,0.25999844001689526
31.0,66.0,2.7139844422817645
23.0,47.0,1.4290592994414337
12.0,20.0,0.6175702555781172
3.0,5.0,5.900555833287822
0.0,2.0,1.4236467866739009
8.0,12.0,3.2698819188284847
19.0,28.0,5.840863546279293
17.0,29.0,2.471810619396378
26.0,48.0,1.4413776739554631
12.0,19.0,0.7611178054299825
3.0,5.0,0.25999844001689526
41.0,66.0,2.7139844422817645
29.0,47.0,1.4290592994414337
15.0,20.0,0.6175702555781172
4.0,5.0,5.900555833287822
1.0,2.0,1.4236467866739009
11.0,12.0,3.2698819188284847
17.0,28.0,5.840863546279293
20.0,29.0,2.471810619396378
32.0,48.0,1.4413776739554631
13.0,19.0,0.7611178054299825
4.0,5.0,0.25999844001689526
39.0,66.0,2.7139844422817645
32.0,47.0,1.4290592994414337
10.0,20.0,0.6175702555781172
4.0,5.0,5.900555833287822
0.0,2.0,1.4236467866739009
11.0,12.0,3.2698819188284847
22.0,28.0,5.840863546279293
24.0,29.0,2.471810619396378
40.0,48.0,1.4413776739554631
16.0,19.0,0.7611178054299825
4.0,5.0,0.25999844001689526
55.0,66.0,2.7139844422817645
32.0,47.0,1.4290592994414337
16.0,20.0,0.6175702555781172
5.0,5.0,5.900555833287822
2.0,2.0,1.4236467866739009
11.0,12.0,3.2698819188284847
25.0,28.0,5.840863546279293
26.0,29.0,2.471810619396378
43.0,48.0,1.4413776739554631
16.0,19.0,0.7611178054299825
3.0,5.0,0.25999844001689526
64.0,66.0,2.7139844422817645
43.0,47.0,1.4290592994414337
18.0,20.0,0.6175702555781172
1.0,4.0,8.387077787817702
1.0,3.0,2.28883838096978
1.0,6.0,2.863764556346702
1.0,4.0,2.382745045344371
7.0,38.0,4.840940747859712
3.0,44.0,2.2215764072789717
4.0,56.0,1.861828565224673
1.0,10.0,0.364794122384787
3.0,25.0,1.1793973412645198
7.0,58.0,2.3019664950833745
4.0,32.0,1.2054720874803813
1.0,4.0,8.387077787817702
0.0,3.0,2.28883838096978
0.0,6.0,2.863764556346702
2.0,4.0,2.382745045344371
11.0,38.0,4.840940747859712
12.0,44.0,2.2215764072789717
10.0,56.0,1.861828565224673
1.0,10.0,0.364794122384787
4.0,25.0,1.1793973412645198
14.0,58.0,2.3019664950833745
7.0,32.0,1.2054720874803813
2.0,4.0,8.387077787817702
1.0,3.0,2.28883838096978
3.0,6.0,2.863764556346702
1.0,4.0,2.382745045344371
10.0,38.0,4.840940747859712
14.0,44.0,2.2215764072789717
18.0,56.0,1.861828565224673
2.0,10.0,0.364794122384787
3.0,25.0,1.1793973412645198
17.0,58.0,2.3019664950833745
14.0,32.0,1.2054720874803813
3.0,4.0,8.387077787817702
1.0,3.0,2.28883838096978
2.0,6.0,2.863764556346702
1.0,4.0,2.382745045344371
20.0,38.0,4.840940747859712
21.0,44.0,2.2215764072789717
16.0,56.0,1.861828565224673
1.0,10.0,0.364794122384787
9.0,25.0,1.1793973412645198
21.0,58.0,2.3019664950833745
13.0,32.0,1.2054720874803813
4.0,4.0,8.387077787817702
2.0,3.0,2.28883838096978
4.0,6.0,2.863764556346702
2.0,4.0,2.382745045344371
16.0,38.0,4.840940747859712
21.0,44.0,2.2215764072789717
27.0,56.0,1.861828565224673
5.0,10.0,0.364794122384787
11.0,25.0,1.1793973412645198
27.0,58.0,2.3019664950833745
15.0,32.0,1.2054720874803813
3.0,4.0,8.387077787817702
3.0,3.0,2.28883838096978
1.0,6.0,2.863764556346702
3.0,4.0,2.382745045344371
21.0,38.0,4.840940747859712
24.0,44.0,2.2215764072789717
39.0,56.0,1.861828565224673
4.0,10.0,0.364794122384787
17.0,25.0,1.1793973412645198
36.0,58.0,2.3019664950833745
15.0,32.0,1.2054720874803813
4.0,4.0,8.387077787817702
1.0,3.0,2.28883838096978
4.0,6.0,2.863764556346702
3.0,4.0,2.382745045344371
30.0,38.0,4.840940747859712
32.0,44.0,2.2215764072789717
42.0,56.0,1.861828565224673
8.0,10.0,0.364794122384787
19.0,25.0,1.1793973412645198
47.0,58.0,2.3019664950833745
27.0,32.0,1.2054720874803813
4.0,4.0,8.387077787817702
3.0,3.0,2.28883838096978
5.0,6.0,2.863764556346702
3.0,4.0,2.382745045344371
32.0,38.0,4.840940747859712
37.0,44.0,2.2215764072789717
46.0,56.0,1.861828565224673
9.0,10.0,0.364794122384787
21.0,25.0,1.1793973412645198
46.0,58.0,2.3019664950833745
27.0,32.0,1.2054720874803813
4.0,4.0,8.387077787817702
3.0,3.0,2.28883838096978
5.0,6.0,2.863764556346702
3.0,4.0,2.382745045344371
35.0,38.0,4.840940747859712
38.0,44.0,2.2215764072789717
49.0,56.0,1.861828565224673
9.0,10.0,0.364794122384787
23.0,25.0,1.1793973412645198
54.0,58.0,2.3019664950833745
26.0,32.0,1.2054720874803813
1.0,6.0,7.2499510319616105
0.0,10.0,3.0015687842953724
1.0,7.0,1.6436012671563018
2.0,10.0,1.187444969550431
0.0,18.0,1.42852570783549
2.0,28.0,2.0070000645238646
2.0,24.0,1.8581125831155776
1.0,19.0,0.9563604770578882
9.0,68.0,2.6397475277414513
0.0,8.0,0.1973583299610382
2.0,24.0,0.9234652759436558
4.0,6.0,7.2499510319616105
1.0,10.0,3.0015687842953724
1.0,7.0,1.6436012671563018
1.0,10.0,1.187444969550431
2.0,18.0,1.42852570783549
7.0,28.0,2.0070000645238646
5.0,24.0,1.8581125831155776
2.0,19.0,0.9563604770578882
10.0,68.0,2.6397475277414513
3.0,8.0,0.1973583299610382
7.0,24.0,0.9234652759436558
3.0,6.0,7.2499510319616105
3.0,10.0,3.0015687842953724
1.0,7.0,1.6436012671563018
2.0,10.0,1.187444969550431
8.0,18.0,1.42852570783549
8.0,28.0,2.0070000645238646
7.0,24.0,1.8581125831155776
3.0,19.0,0.9563604770578882
18.0,68.0,2.6397475277414513
4.0,8.0,0.1973583299610382
4.0,24.0,0.9234652759436558
3.0,6.0,7.2499510319616105
5.0,10.0,3.0015687842953724
4.0,7.0,1.6436012671563018
4.0,10.0,1.187444969550431
6.0,18.0,1.42852570783549
13.0,28.0,2.0070000645238646
11.0,24.0,1.8581125831155776
7.0,19.0,0.9563604770578882
37.0,68.0,2.6397475277414513
3.0,8.0,0.1973583299610382
9.0,24.0,0.9234652759436558
3.0,6.0,7.2499510319616105
5.0,10.0,3.0015687842953724
2.0,7.0,1.6436012671563018
3.0,10.0,1.187444969550431
5.0,18.0,1.42852570783549
12.0,28.0,2.0070000645238646
15.0,24.0,1.8581125831155776
11.0,19.0,0.9563604770578882
37.0,68.0,2.6397475277414513
3.0,8.0,0.1973583299610382
13.0,24.0,0.9234652759436558
2.0,6.0,7.2499510319616105
4.0,10.0,3.0015687842953724
4.0,7.0,1.6436012671563018
5.0,10.0,1.187444969550431
10.0,18.0,1.42852570783549
15.0,28.0,2.0070000645238646
11.0,24.0,1.8581125831155776
10.0,19.0,0.9563604770578882
42.0,68.0,2.6397475277414513
6.0,8.0,0.1973583299610382
14.0,24.0,0.9234652759436558
4.0,6.0,7.2499510319616105
7.0,10.0,3.0015687842953724
4.0,7.0,1.6436012671563018
10.0,10.0,1.187444969550431
10.0,18.0,1.42852570783549
20.0,28.0,2.0070000645238646
21.0,24.0,1.8581125831155776
17.0,19.0,0.9563604770578882
48.0,68.0,2.6397475277414513
4.0,8.0,0.1973583299610382
18.0,24.0,0.9234652759436558
6.0,6.0,7.2499510319616105
7.0,10.0,3.0015687842953724
7.0,7.0,1.6436012671563018
8.0,10.0,1.187444969550431
11.0,18.0,1.42852570783549
24.0,28.0,2.0070000645238646
20.0,24.0,1.8581125831155776
14.0,19.0,0.9563604770578882
60.0,68.0,2.6397475277414513
6.0,8.0,0.1973583299610382
21.0,24.0,0.9234652759436558
6.0,6.0,7.2499510319616105
8.0,10.0,3.0015687842953724
7.0,7.0,1.6436012671563018
9.0,10.0,1.187444969550431
18.0,18.0,1.42852570783549
24.0,28.0,2.0070000645238646
22.0,24.0,1.8581125831155776
19.0,19.0,0.9563604770578882
58.0,68.0,2.6397475277414513
8.0,8.0,0.1973583299610382
20.0,24.0,0.9234652759436558
2.0,4.0,3.4634803703947896
0.0,4.0,2.7630182560183365
0.0,4.0,1.0238912758912302
1.0,4.0,0.5367831537678031
1.0,6.0,3.2756539084053022
2.0,20.0,4.707251852258065
3.0,26.0,2.2138363133179033
5.0,14.0,0.7529931966181196
5.0,67.0,3.6019143971491365
8.0,74.0,2.3146262990661306
5.0,31.0,0.5479352725864135
2.0,4.0,3.4634803703947896
1.0,4.0,2.7630182560183365
1.0,4.0,1.0238912758912302
2.0,4.0,0.5367831537678031
3.0,6.0,3.2756539084053022
9.0,20.0,4.707251852258065
4.0,26.0,2.2138363133179033
2.0,14.0,0.7529931966181196
14.0,67.0,3.6019143971491365
13.0,74.0,2.3146262990661306
6.0,31.0,0.5479352725864135
1.0,4.0,3.4634803703947896
1.0,4.0,2.7630182560183365
3.0,4.0,1.0238912758912302
2.0,4.0,0.5367831537678031
3.0,6.0,3.2756539084053022
6.0,20.0,4.707251852258065
9.0,26.0,2.2138363133179033
2.0,14.0,0.7529931966181196
19.0,67.0,3.6019143971491365
28.0,74.0,2.3146262990661306
11.0,31.0,0.5479352725864135
4.0,4.0,3.4634803703947896
3.0,4.0,2.7630182560183365
3.0,4.0,1.0238912758912302
0.0,4.0,0.5367831537678031
2.0,6.0,3.2756539084053022
8.0,20.0,4.707251852258065
12.0,26.0,2.2138363133179033
6.0,14.0,0.7529931966181196
25.0,67.0,3.6019143971491365
31.0,74.0,2.3146262990661306
16.0,31.0,0.5479352725864135
2.0,4.0,3.4634803703947896
3.0,4.0,2.7630182560183365
2.0,4.0,1.0238912758912302
2.0,4.0,0.5367831537678031
5.0,6.0,3.2756539084053022
5.0,20.0,4.707251852258065
16.0,26.0,2.2138363133179033
10.0,14.0,0.7529931966181196
30.0,67.0,3.6019143971491365
36.0,74.0,2.3146262990661306
16.0,31.0,0.5479352725864135
2.0,4.0,3.4634803703947896
3.0,4.0,2.7630182560183365
3.0,4.0,1.0238912758912302
3.0,4.0,0.5367831537678031
4.0,6.0,3.2756539084053022
16.0,20.0,4.707251852258065
15.0,26.0,2.2138363133179033
11.0,14.0,0.7529931966181196
40.0,67.0,3.6019143971491365
38.0,74.0,2.3146262990661306
21.0,31.0,0.5479352725864135
4.0,4.0,3.4634803703947896
3.0,4.0,2.7630182560183365
3.0,4.0,1.0238912758912302
2.0,4.0,0.5367831537678031
6.0,6.0,3.2756539084053022
15.0,20.0,4.707251852258065
14.0,26.0,2.2138363133179033
10.0,14.0,0.7529931966181196
50.0,67.0,3.6019143971491365
49.0,74.0,2.3146262990661306
21.0,31.0,0.5479352725864135
3.0,4.0,3.4634803703947896
2.0,4.0,2.7630182560183365
3.0,4.0,1.0238912758912302
3.0,4.0,0.5367831537678031
5.0,6.0,3.2756539084053022
15.0,20.0,4.707251852258065
19.0,26.0,2.2138363133179033
12.0,14.0,0.7529931966181196
50.0,67.0,3.6019143971491365
57.0,74.0,2.3146262990661306
25.0,31.0,0.5479352725864135
4.0,4.0,3.4634803703947896
3.0,4.0,2.7630182560183365
3.0,4.0,1.0238912758912302
4.0,4.0,0.5367831537678031
5.0,6.0,3.2756539084053022
16.0,20.0,4.707251852258065
24.0,26.0,2.2138363133179033
12.0,14.0,0.7529931966181196
61.0,67.0,3.6019143971491365
66.0,74.0,2.3146262990661306
28.0,31.0,0.5479352725864135
1.0,2.0,0.479096959088149
0.0,17.0,10.193670578875565
2.0,11.0,2.2602758330155908
3.0,20.0,2.5110880066962986
1.0,13.0,1.1018716795302268
5.0,34.0,1.5840657453805733
2.0,36.0,1.8305240748309843
2.0,26.0,0.9433926393627476
4.0,40.0,1.926231265643707
1.0,20.0,0.5181029555395301
0.0,4.0,0.2035448129603652
1.0,2.0,0.479096959088149
2.0,17.0,10.193670578875565
0.0,11.0,2.2602758330155908
7.0,20.0,2.5110880066962986
1.0,13.0,1.1018716795302268
8.0,34.0,1.5840657453805733
6.0,36.0,1.8305240748309843
5.0,26.0,0.9433926393627476
8.0,40.0,1.926231265643707
1.0,20.0,0.5181029555395301
1.0,4.0,0.2035448129603652
1.0,2.0,0.479096959088149
6.0,17.0,10.193670578875565
2.0,11.0,2.2602758330155908
7.0,20.0,2.5110880066962986
4.0,13.0,1.1018716795302268
5.0,34.0,1.5840657453805733
12.0,36.0,1.8305240748309843
11.0,26.0,0.9433926393627476
11.0,40.0,1.926231265643707
6.0,20.0,0.5181029555395301
2.0,4.0,0.2035448129603652
1.0,2.0,0.479096959088149
6.0,17.0,10.193670578875565
2.0,11.0,2.2602758330155908
12.0,20.0,2.5110880066962986
4.0,13.0,1.1018716795302268
12.0,34.0,1.5840657453805733
16.0,36.0,1.8305240748309843
12.0,26.0,0.9433926393627476
20.0,40.0,1.926231265643707
10.0,20.0,0.5181029555395301
0.0,4.0,0.2035448129603652
1.0,2.0,0.479096959088149
5.0,17.0,10.193670578875565
5.0,11.0,2.2602758330155908
9.0,20.0,2.5110880066962986
6.0,13.0,1.1018716795302268
19.0,34.0,1.5840657453805733
19.0,36.0,1.8305240748309843
16.0,26.0,0.9433926393627476
14.0,40.0,1.926231265643707
7.0,20.0,0.5181029555395301
3.0,4.0,0.2035448129603652
1.0,2.0,0.479096959088149
9.0,17.0,10.193670578875565
7.0,11.0,2.2602758330155908
8.0,20.0,2.5110880066962986
5.0,13.0,1.1018716795302268
17.0,34.0,1.5840657453805733
23.0,36.0,1.8305240748309843
13.0,26.0,0.9433926393627476
19.0,40.0,1.926231265643707
12.0,20.0,0.5181029555395301
1.0,4.0,0.2035448129603652
2.0,2.0,0.479096959088149
10.0,17.0,10.193670578875565
9.0,11.0,2.2602758330155908
15.0,20.0,2.5110880066962986
11.0,13.0,1.1018716795302268
20.0,34.0,1.5840657453805733
26.0,36.0,1.8305240748309843
23.0,26.0,0.9433926393627476
28.0,40.0,1.926231265643707
12.0,20.0,0.5181029555395301
2.0,4.0,0.2035448129603652
2.0,2.0,0.479096959088149
12.0,17.0,10.193670578875565
10.0,11.0,2.2602758330155908
16.0,20.0,2.5110880066962986
12.0,13.0,1.1018716795302268
29.0,34.0,1.5840657453805733
35.0,36.0,1.8305240748309843
23.0,26.0,0.9433926393627476
33.0,40.0,1.926231265643707
18.0,20.0,0.5181029555395301
4.0,4.0,0.2035448129603652
2.0,2.0,0.479096959088149
15.0,17.0,10.193670578875565
9.0,11.0,2.2602758330155908
19.0,20.0,2.5110880066962986
12.0,13.0,1.1018716795302268
30.0,34.0,1.5840657453805733
32.0,36.0,1.8305240748309843
22.0,26.0,0.9433926393627476
35.0,40.0,1.926231265643707
18.0,20.0,0.5181029555395301
4.0,4.0,0.2035448129603652
1.0,3.0,5.309280210845658
2.0,6.0,3.736032955616415
3.0,19.0,3.732509128623185
5.0,49.0,3.9306050901008835
1.0,10.0,0.49327189981949254
3.0,27.0,1.5298522295910102
0.0,23.0,0.9665358406371845
2.0,9.0,0.5322295818691313
1.0,19.0,1.0878847603151713
2.0,25.0,1.1472766660062508
3.0,33.0,2.419408012058336
1.0,3.0,5.309280210845658
1.0,6.0,3.736032955616415
1.0,19.0,3.732509128623185
12.0,49.0,3.9306050901008835
2.0,10.0,0.49327189981949254
5.0,27.0,1.5298522295910102
4.0,23.0,0.9665358406371845
2.0,9.0,0.5322295818691313
2.0,19.0,1.0878847603151713
6.0,25.0,1.1472766660062508
4.0,33.0,2.419408012058336
2.0,3.0,5.309280210845658
1.0,6.0,3.736032955616415
6.0,19.0,3.732509128623185
11.0,49.0,3.9306050901008835
6.0,10.0,0.49327189981949254
8.0,27.0,1.5298522295910102
9.0,23.0,0.9665358406371845
1.0,9.0,0.5322295818691313
6.0,19.0,1.0878847603151713
10.0,25.0,1.1472766660062508
11.0,33.0,2.419408012058336
2.0,3.0,5.309280210845658
1.0,6.0,3.736032955616415
10.0,19.0,3.732509128623185
22.0,49.0,3.9306050901008835
5.0,10.0,0.49327189981949254
12.0,27.0,1.5298522295910102
9.0,23.0,0.9665358406371845
3.0,9.0,0.5322295818691313
6.0,19.0,1.0878847603151713
10.0,25.0,1.1472766660062508
11.0,33.0,2.419408012058336
2.0,3.0,5.309280210845658
3.0,6.0,3.736032955616415
10.0,19.0,3.732509128623185
22.0,49.0,3.9306050901008835
8.0,10.0,0.49327189981949254
19.0,27.0,1.5298522295910102
9.0,23.0,0.9665358406371845
6.0,9.0,0.5322295818691313
11.0,19.0,1.0878847603151713
12.0,25.0,1.1472766660062508
18.0,33.0,2.419408012058336
1.0,3.0,5.309280210845658
4.0,6.0,3.736032955616415
10.0,19.0,3.732509128623185
30.0,49.0,3.9306050901008835
4.0,10.0,0.49327189981949254
19.0,27.0,1.5298522295910102
15.0,23.0,0.9665358406371845
6.0,9.0,0.5322295818691313
9.0,19.0,1.0878847603151713
18.0,25.0,1.1472766660062508
19.0,33.0,2.419408012058336
3.0,3.0,5.309280210845658
5.0,6.0,3.736032955616415
18.0,19.0,3.732509128623185
34.0,49.0,3.9306050901008835
6.0,10.0,0.49327189981949254
16.0,27.0,1.5298522295910102
16.0,23.0,0.9665358406371845
4.0,9.0,0.5322295818691313
13.0,19.0,1.0878847603151713
15.0,25.0,1.1472766660062508
28.0,33.0,2.419408012058336
3.0,3.0,5.309280210845658
6.0,6.0,3.736032955616415
17.0,19.0,3.732509128623185
36.0,49.0,3.9306050901008835
10.0,10.0,0.49327189981949254
23.0,27.0,1.5298522295910102
21.0,23.0,0.9665358406371845
9.0,9.0,0.5322295818691313
13.0,19.0,1.0878847603151713
22.0,25.0,1.1472766660062508
25.0,33.0,2.419408012058336
3.0,3.0,5.309280210845658
3.0,6.0,3.736032955616415
17.0,19.0,3.732509128623185
45.0,49.0,3.9306050901008835
10.0,10.0,0.49327189981949254
25.0,27.0,1.5298522295910102
22.0,23.0,0.9665358406371845
9.0,9.0,0.5322295818691313
18.0,19.0,1.0878847603151713
23.0,25.0,1.1472766660062508
26.0,33.0,2.419408012058336
1.0,1.0,0.27671546730819496
0.0,12.0,11.699020493949279
0.0,2.0,0.6210113947266646
3.0,63.0,9.361268328973214
2.0,41.0,1.7254217959902904
5.0,21.0,0.6249538023063271
4.0,25.0,0.9536787937830213
2.0,13.0,0.7359296255683617
3.0,36.0,1.6917596766955407
4.0,30.0,1.2271983226370269
2.0,5.0,0.15356145805344695
1.0,1.0,0.27671546730819496
3.0,12.0,11.699020493949279
0.0,2.0,0.6210113947266646
11.0,63.0,9.361268328973214
9.0,41.0,1.7254217959902904
3.0,21.0,0.6249538023063271
2.0,25.0,0.9536787937830213
3.0,13.0,0.7359296255683617
4.0,36.0,1.6917596766955407
7.0,30.0,1.2271983226370269
2.0,5.0,0.15356145805344695
1.0,1.0,0.27671546730819496
5.0,12.0,11.699020493949279
1.0,2.0,0.6210113947266646
16.0,63.0,9.361268328973214
16.0,41.0,1.7254217959902904
3.0,21.0,0.6249538023063271
8.0,25.0,0.9536787937830213
2.0,13.0,0.7359296255683617
13.0,36.0,1.6917596766955407
12.0,30.0,1.2271983226370269
1.0,5.0,0.15356145805344695
1.0,1.0,0.27671546730819496
7.0,12.0,11.699020493949279
1.0,2.0,0.6210113947266646
20.0,63.0,9.361268328973214
13.0,41.0,1.7254217959902904
5.0,21.0,0.6249538023063271
9.0,25.0,0.9536787937830213
2.0,13.0,0.7359296255683617
20.0,36.0,1.6917596766955407
7.0,30.0,1.2271983226370269
4.0,5.0,0.15356145805344695
1.0,1.0,0.27671546730819496
4.0,12.0,11.699020493949279
1.0,2.0,0.6210113947266646
30.0,63.0,9.361268328973214
24.0,41.0,1.7254217959902904
12.0,21.0,0.6249538023063271
14.0,25.0,0.9536787937830213
7.0,13.0,0.7359296255683617
17.0,36.0,1.6917596766955407
17.0,30.0,1.2271983226370269
1.0,5.0,0.15356145805344695
1.0,1.0,0.27671546730819496
7.0,12.0,11.699020493949279
2.0,2.0,0.6210113947266646
37.0,63.0,9.361268328973214
28.0,41.0,1.7254217959902904
15.0,21.0,0.6249538023063271
13.0,25.0,0.9536787937830213
10.0,13.0,0.7359296255683617
20.0,36.0,1.6917596766955407
13.0,30.0,1.2271983226370269
3.0,5.0,0.15356145805344695
1.0,1.0,0.27671546730819496
9.0,12.0,11.699020493949279
2.0,2.0,0.6210113947266646
44.0,63.0,9.361268328973214
30.0,41.0,1.7254217959902904
18.0,21.0,0.6249538023063271
18.0,25.0,0.9536787937830213
8.0,13.0,0.7359296255683617
25.0,36.0,1.6917596766955407
23.0,30.0,1.2271983226370269
3.0,5.0,0.15356145805344695
1.0,1.0,0.27671546730819496
9.0,12.0,11.699020493949279
1.0,2.0,0.6210113947266646
50.0,63.0,9.361268328973214
33.0,41.0,1.7254217959902904
17.0,21.0,0.6249538023063271
20.0,25.0,0.9536787937830213
10.0,13.0,0.7359296255683617
31.0,36.0,1.6917596766955407
23.0,30.0,1.2271983226370269
3.0,5.0,0.15356145805344695
1.0,1.0,0.27671546730819496
10.0,12.0,11.699020493949279
1.0,2.0,0.6210113947266646
61.0,63.0,9.361268328973214
36.0,41.0,1.7254217959902904
18.0,21.0,0.6249538023063271
25.0,25.0,0.9536787937830213
11.0,13.0,0.7359296255683617
31.0,36.0,1.6917596766955407
28.0,30.0,1.2271983226370269
3.0,5.0,0.15356145805344695
1.0,3.0,4.121924995333739
1.0,6.0,5.758775072424605
1.0,4.0,2.325565091247464
2.0,14.0,2.1909260723175965
1.0,14.0,2.084035630930513
4.0,26.0,3.0209087906243375
1.0,7.0,0.46578144379710457
2.0,17.0,1.010061030443697
3.0,10.0,1.2733423889062163
1.0,16.0,1.4067642452237423
6.0,50.0,4.0154900646525284
1.0,3.0,4.121924995333739
1.0,6.0,5.758775072424605
0.0,4.0,2.325565091247464
6.0,14.0,2.1909260723175965
3.0,14.0,2.084035630930513
3.0,26.0,3.0209087906243375
2.0,7.0,0.46578144379710457
6.0,17.0,1.010061030443697
3.0,10.0,1.2733423889062163
2.0,16.0,1.4067642452237423
15.0,50.0,4.0154900646525284
1.0,3.0,4.121924995333739
2.0,6.0,5.758775072424605
1.0,4.0,2.325565091247464
4.0,14.0,2.1909260723175965
4.0,14.0,2.084035630930513
10.0,26.0,3.0209087906243375
1.0,7.0,0.46578144379710457
2.0,17.0,1.010061030443697
2.0,10.0,1.2733423889062163
7.0,16.0,1.4067642452237423
15.0,50.0,4.0154900646525284
2.0,3.0,4.121924995333739
1.0,6.0,5.758775072424605
3.0,4.0,2.325565091247464
6.0,14.0,2.1909260723175965
5.0,14.0,2.084035630930513
10.0,26.0,3.0209087906243375
3.0,7.0,0.46578144379710457
5.0,17.0,1.010061030443697
3.0,10.0,1.2733423889062163
6.0,16.0,1.4067642452237423
19.0,50.0,4.0154900646525284
3.0,3.0,4.121924995333739
1.0,6.0,5.758775072424605
4.0,4.0,2.325565091247464
7.0,14.0,2.1909260723175965
6.0,14.0,2.084035630930513
12.0,26.0,3.0209087906243375
3.0,7.0,0.46578144379710457
7.0,17.0,1.010061030443697
5.0,10.0,1.2733423889062163
9.0,16.0,1.4067642452237423
26.0,50.0,4.0154900646525284
1.0,3.0,4.121924995333739
2.0,6.0,5.758775072424605
3.0,4.0,2.325565091247464
8.0,14.0,2.1909260723175965
11.0,14.0,2.084035630930513
17.0,26.0,3.0209087906243375
3.0,7.0,0.46578144379710457
12.0,17.0,1.010061030443697
6.0,10.0,1.2733423889062163
10.0,16.0,1.4067642452237423
28.0,50.0,4.0154900646525284
3.0,3.0,4.121924995333739
3.0,6.0,5.758775072424605
3.0,4.0,2.325565091247464
9.0,14.0,2.1909260723175965
12.0,14.0,2.084035630930513
18.0,26.0,3.0209087906243375
4.0,7.0,0.46578144379710457
11.0,17.0,1.010061030443697
9.0,10.0,1.2733423889062163
10.0,16.0,1.4067642452237423
29.0,50.0,4.0154900646525284
1.0,3.0,4.121924995333739
4.0,6.0,5.758775072424605
4.0,4.0,2.325565091247464
9.0,14.0,2.1909260723175965
9.0,14.0,2.084035630930513
25.0,26.0,3.0209087906243375
6.0,7.0,0.46578144379710457
11.0,17.0,1.010061030443697
9.0,10.0,1.2733423889062163
10.0,16.0,1.4067642452237423
39.0,50.0,4.0154900646525284
3.0,3.0,4.121924995333739
6.0,6.0,5.758775072424605
4.0,4.0,2.325565091247464
10.0,14.0,2.1909260723175965
12.0,14.0,2.084035630930513
22.0,26.0,3.0209087906243375
5.0,7.0,0.46578144379710457
16.0,17.0,1.010061030443697
6.0,10.0,1.2733423889062163
14.0,16.0,1.4067642452237423
47.0,50.0,4.0154900646525284
1.0,3.0,5.377870613511246
0.0,2.0,0.953831505576579
1.0,10.0,3.838232814393087
2.0,10.0,2.3532377060991125
1.0,24.0,3.3768279988168284
3.0,17.0,1.0884245583649368
0.0,26.0,1.833921238637407
5.0,71.0,3.0534192710534245
2.0,50.0,1.166453836463683
13.0,76.0,1.7320080607297126
2.0,31.0,0.4231936848955926
1.0,3.0,5.377870613511246
1.0,2.0,0.953831505576579
1.0,10.0,3.838232814393087
2.0,10.0,2.3532377060991125
3.0,24.0,3.3768279988168284
5.0,17.0,1.0884245583649368
2.0,26.0,1.833921238637407
11.0,71.0,3.0534192710534245
6.0,50.0,1.166453836463683
11.0,76.0,1.7320080607297126
6.0,31.0,0.4231936848955926
1.0,3.0,5.377870613511246
0.0,2.0,0.953831505576579
4.0,10.0,3.838232814393087
4.0,10.0,2.3532377060991125
6.0,24.0,3.3768279988168284
4.0,17.0,1.0884245583649368
10.0,26.0,1.833921238637407
27.0,71.0,3.0534192710534245
15.0,50.0,1.166453836463683
14.0,76.0,1.7320080607297126
7.0,31.0,0.4231936848955926
1.0,3.0,5.377870613511246
1.0,2.0,0.953831505576579
3.0,10.0,3.838232814393087
8.0,10.0,2.3532377060991125
8.0,24.0,3.3768279988168284
5.0,17.0,1.0884245583649368
13.0,26.0,1.833921238637407
32.0,71.0,3.0534192710534245
16.0,50.0,1.166453836463683
36.0,76.0,1.7320080607297126
13.0,31.0,0.4231936848955926
1.0,3.0,5.377870613511246
1.0,2.0,0.953831505576579
5.0,10.0,3.838232814393087
6.0,10.0,2.3532377060991125
10.0,24.0,3.3768279988168284
7.0,17.0,1.0884245583649368
13.0,26.0,1.833921238637407
28.0,71.0,3.0534192710534245
26.0,50.0,1.166453836463683
37.0,76.0,1.7320080607297126
8.0,31.0,0.4231936848955926
2.0,3.0,5.377870613511246
0.0,2.0,0.953831505576579
5.0,10.0,3.838232814393087
8.0,10.0,2.3532377060991125
11.0,24.0,3.3768279988168284
11.0,17.0,1.0884245583649368
16.0,26.0,1.833921238637407
47.0,71.0,3.0534192710534245
31.0,50.0,1.166453836463683
38.0,76.0,1.7320080607297126
19.0,31.0,0.4231936848955926
2.0,3.0,5.377870613511246
2.0,2.0,0.953831505576579
4.0,10.0,3.838232814393087
7.0,10.0,2.3532377060991125
17.0,24.0,3.3768279988168284
12.0,17.0,1.0884245583649368
22.0,26.0,1.833921238637407
56.0,71.0,3.0534192710534245
32.0,50.0,1.166453836463683
57.0,76.0,1.7320080607297126
23.0,31.0,0.4231936848955926
3.0,3.0,5.377870613511246
1.0,2.0,0.953831505576579
7.0,10.0,3.838232814393087
7.0,10.0,2.3532377060991125
23.0,24.0,3.3768279988168284
16.0,17.0,1.0884245583649368
25.0,26.0,1.833921238637407
57.0,71.0,3.0534192710534245
42.0,50.0,1.166453836463683
63.0,76.0,1.7320080607297126
25.0,31.0,0.4231936848955926
2.0,3.0,5.377870613511246
1.0,2.0,0.953831505576579
10.0,10.0,3.838232814393087
10.0,10.0,2.3532377060991125
20.0,24.0,3.3768279988168284
17.0,17.0,1.0884245583649368
24.0,26.0,1.833921238637407
61.0,71.0,3.0534192710534245
45.0,50.0,1.166453836463683
64.0,76.0,1.7320080607297126
26.0,31.0,0.4231936848955926
1.0,4.0,8.273817218770496
0.0,7.0,4.415542005290878
0.0,1.0,1.9875102158270241
1.0,15.0,2.461182187146965
1.0,44.0,4.794851231325546
3.0,28.0,1.6665162759315337
5.0,57.0,1.8158380480077647
3.0,20.0,0.40361360391029155
5.0,72.0,1.7963261970088031
1.0,15.0,0.4223564738491025
2.0,17.0,0.43749396818597064
1.0,4.0,8.273817218770496
2.0,7.0,4.415542005290878
0.0,1.0,1.9875102158270241
5.0,15.0,2.461182187146965
10.0,44.0,4.794851231325546
5.0,28.0,1.6665162759315337
11.0,57.0,1.8158380480077647
1.0,20.0,0.40361360391029155
17.0,72.0,1.7963261970088031
3.0,15.0,0.4223564738491025
1.0,17.0,0.43749396818597064
1.0,4.0,8.273817218770496
1.0,7.0,4.415542005290878
1.0,1.0,1.9875102158270241
6.0,15.0,2.461182187146965
14.0,44.0,4.794851231325546
10.0,28.0,1.6665162759315337
16.0,57.0,1.8158380480077647
5.0,20.0,0.40361360391029155
19.0,72.0,1.7963261970088031
2.0,15.0,0.4223564738491025
2.0,17.0,0.43749396818597064
2.0,4.0,8.273817218770496
4.0,7.0,4.415542005290878
1.0,1.0,1.9875102158270241
5.0,15.0,2.461182187146965
19.0,44.0,4.794851231325546
15.0,28.0,1.6665162759315337
19.0,57.0,1.8158380480077647
6.0,20.0,0.40361360391029155
30.0,72.0,1.7963261970088031
4.0,15.0,0.4223564738491025
10.0,17.0,0.43749396818597064
2.0,4.0,8.273817218770496
5.0,7.0,4.415542005290878
0.0,1.0,1.9875102158270241
7.0,15.0,2.461182187146965
24.0,44.0,4.794851231325546
13.0,28.0,1.6665162759315337
32.0,57.0,1.8158380480077647
8.0,20.0,0.40361360391029155
42.0,72.0,1.7963261970088031
8.0,15.0,0.4223564738491025
9.0,17.0,0.43749396818597064
2.0,4.0,8.273817218770496
4.0,7.0,4.415542005290878
1.0,1.0,1.9875102158270241
10.0,15.0,2.461182187146965
23.0,44.0,4.794851231325546
15.0,28.0,1.6665162759315337
35.0,57.0,1.8158380480077647
13.0,20.0,0.40361360391029155
39.0,72.0,1.7963261970088031
11.0,15.0,0.4223564738491025
9.0,17.0,0.43749396818597064
1.0,4.0,8.273817218770496
5.0,7.0,4.415542005290878
1.0,1.0,1.9875102158270241
10.0,15.0,2.461182187146965
32.0,44.0,4.794851231325546
21.0,28.0,1.6665162759315337
38.0,57.0,1.8158380480077647
16.0,20.0,0.40361360391029155
58.0,72.0,1.7963261970088031
12.0,15.0,0.4223564738491025
14.0,17.0,0.43749396818597064
4.0,4.0,8.273817218770496
6.0,7.0,4.415542005290878
1.0,1.0,1.9875102158270241
10.0,15.0,2.461182187146965
33.0,44.0,4.794851231325546
24.0,28.0,1.6665162759315337
47.0,57.0,1.8158380480077647
16.0,20.0,0.40361360391029155
64.0,72.0,1.7963261970088031
11.0,15.0,0.4223564738491025
14.0,17.0,0.43749396818597064
4.0,4.0,8.273817218770496
4.0,7.0,4.415542005290878
1.0,1.0,1.9875102158270241
14.0,15.0,2.461182187146965
42.0,44.0,4.794851231325546
27.0,28.0,1.6665162759315337
51.0,57.0,1.8158380480077647
18.0,20.0,0.40361360391029155
64.0,72.0,1.7963261970088031
15.0,15.0,0.4223564738491025
16.0,17.0,0.43749396818597064
1.0,3.0,2.5447227630393727
2.0,8.0,7.562098122082423
4.0,12.0,2.0690453961829447
1.0,30.0,2.454682435600234
0.0,13.0,0.8464349388093811
2.0,17.0,1.4181257022189515
1.0,15.0,0.8528838376982418
2.0,40.0,2.809231328534493
0.0,9.0,0.26242931193310093
2.0,16.0,0.9325169878707257
2.0,20.0,1.4502527911598544
1.0,3.0,2.5447227630393727
1.0,8.0,7.562098122082423
3.0,12.0,2.0690453961829447
8.0,30.0,2.454682435600234
3.0,13.0,0.8464349388093811
3.0,17.0,1.4181257022189515
4.0,15.0,0.8528838376982418
10.0,40.0,2.809231328534493
2.0,9.0,0.26242931193310093
2.0,16.0,0.9325169878707257
5.0,20.0,1.4502527911598544
2.0,3.0,2.5447227630393727
2.0,8.0,7.562098122082423
3.0,12.0,2.0690453961829447
7.0,30.0,2.454682435600234
3.0,13.0,0.8464349388093811
5.0,17.0,1.4181257022189515
4.0,15.0,0.8528838376982418
10.0,40.0,2.809231328534493
3.0,9.0,0.26242931193310093
7.0,16.0,0.9325169878707257
6.0,20.0,1.4502527911598544
3.0,3.0,2.5447227630393727
4.0,8.0,7.562098122082423
4.0,12.0,2.0690453961829447
9.0,30.0,2.454682435600234
2.0,13.0,0.8464349388093811
7.0,17.0,1.4181257022189515
7.0,15.0,0.8528838376982418
14.0,40.0,2.809231328534493
1.0,9.0,0.26242931193310093
5.0,16.0,0.9325169878707257
8.0,20.0,1.4502527911598544
3.0,3.0,2.5447227630393727
6.0,8.0,7.562098122082423
7.0,12.0,2.0690453961829447
18.0,30.0,2.454682435600234
7.0,13.0,0.8464349388093811
7.0,17.0,1.4181257022189515
6.0,15.0,0.8528838376982418
25.0,40.0,2.809231328534493
5.0,9.0,0.26242931193310093
12.0,16.0,0.9325169878707257
10.0,20.0,1.4502527911598544
3.0,3.0,2.5447227630393727
5.0,8.0,7.562098122082423
7.0,12.0,2.0690453961829447
21.0,30.0,2.454682435600234
8.0,13.0,0.8464349388093811
11.0,17.0,1.4181257022189515
8.0,15.0,0.8528838376982418
24.0,40.0,2.809231328534493
6.0,9.0,0.26242931193310093
8.0,16.0,0.9325169878707257
9.0,20.0,1.4502527911598544
2.0,3.0,2.5447227630393727
7.0,8.0,7.562098122082423
8.0,12.0,2.0690453961829447
20.0,30.0,2.454682435600234
9.0,13.0,0.8464349388093811
13.0,17.0,1.4181257022189515
9.0,15.0,0.8528838376982418
31.0,40.0,2.809231328534493
4.0,9.0,0.26242931193310093
14.0,16.0,0.9325169878707257
13.0,20.0,1.4502527911598544
2.0,3.0,2.5447227630393727
7.0,8.0,7.562098122082423
9.0,12.0,2.0690453961829447
24.0,30.0,2.454682435600234
10.0,13.0,0.8464349388093811
14.0,17.0,1.4181257022189515
11.0,15.0,0.8528838376982418
29.0,40.0,2.809231328534493
8.0,9.0,0.26242931193310093
14.0,16.0,0.9325169878707257
14.0,20.0,1.4502527911598544
3.0,3.0,2.5447227630393727
7.0,8.0,7.562098122082423
11.0,12.0,2.0690453961829447
27.0,30.0,2.454682435600234
11.0,13.0,0.8464349388093811
16.0,17.0,1.4181257022189515
12.0,15.0,0.8528838376982418
32.0,40.0,2.809231328534493
9.0,9.0,0.26242931193310093
16.0,16.0,0.9325169878707257
18.0,20.0,1.4502527911598544
1.0,3.0,2.4949595901236807
0.0,3.0,4.9839568928048195
4.0,20.0,6.924024084274443
2.0,9.0,0.6786067726505941
10.0,79.0,4.988561032161598
5.0,25.0,0.7437569908889701
9.0,60.0,1.4314466322674442
4.0,29.0,0.6214116028869361
0.0,7.0,0.26264079704922927
1.0,11.0,0.39795105391055396
2.0,46.0,2.129126752545837
1.0,3.0,2.4949595901236807
0.0,3.0,4.9839568928048195
2.0,20.0,6.924024084274443
0.0,9.0,0.6786067726505941
17.0,79.0,4.988561032161598
2.0,25.0,0.7437569908889701
13.0,60.0,1.4314466322674442
3.0,29.0,0.6214116028869361
3.0,7.0,0.26264079704922927
3.0,11.0,0.39795105391055396
10.0,46.0,2.129126752545837
1.0,3.0,2.4949595901236807
2.0,3.0,4.9839568928048195
6.0,20.0,6.924024084274443
2.0,9.0,0.6786067726505941
27.0,79.0,4.988561032161598
7.0,25.0,0.7437569908889701
21.0,60.0,1.4314466322674442
10.0,29.0,0.6214116028869361
3.0,7.0,0.26264079704922927
4.0,11.0,0.39795105391055396
16.0,46.0,2.129126752545837
2.0,3.0,2.4949595901236807
1.0,3.0,4.9839568928048195
8.0,20.0,6.924024084274443
2.0,9.0,0.6786067726505941
31.0,79.0,4.988561032161598
12.0,25.0,0.7437569908889701
21.0,60.0,1.4314466322674442
10.0,29.0,0.6214116028869361
5.0,7.0,0.26264079704922927
6.0,11.0,0.39795105391055396
21.0,46.0,2.129126752545837
3.0,3.0,2.4949595901236807
2.0,3.0,4.9839568928048195
7.0,20.0,6.924024084274443
5.0,9.0,0.6786067726505941
40.0,79.0,4.988561032161598
10.0,25.0,0.7437569908889701
30.0,60.0,1.4314466322674442
11.0,29.0,0.6214116028869361
2.0,7.0,0.26264079704922927
6.0,11.0,0.39795105391055396
20.0,46.0,2.129126752545837
1.0,3.0,2.4949595901236807
2.0,3.0,4.9839568928048195
13.0,20.0,6.924024084274443
5.0,9.0,0.6786067726505941
52.0,79.0,4.988561032161598
15.0,25.0,0.7437569908889701
32.0,60.0,1.4314466322674442
18.0,29.0,0.6214116028869361
3.0,7.0,0.26264079704922927
4.0,11.0,0.39795105391055396
24.0,46.0,2.129126752545837
2.0,3.0,2.4949595901236807
2.0,3.0,4.9839568928048195
14.0,20.0,6.924024084274443
7.0,9.0,0.6786067726505941
64.0,79.0,4.988561032161598
19.0,25.0,0.7437569908889701
47.0,60.0,1.4314466322674442
20.0,29.0,0.6214116028869361
5.0,7.0,0.26264079704922927
5.0,11.0,0.39795105391055396
29.0,46.0,2.129126752545837
2.0,3.0,2.4949595901236807
3.0,3.0,4.9839568928048195
13.0,20.0,6.924024084274443
6.0,9.0,0.6786067726505941
66.0,79.0,4.988561032161598
19.0,25.0,0.7437569908889701
51.0,60.0,1.4314466322674442
25.0,29.0,0.6214116028869361
5.0,7.0,0.26264079704922927
10.0,11.0,0.39795105391055396
36.0,46.0,2.129126752545837
3.0,3.0,2.4949595901236807
3.0,3.0,4.9839568928048195
19.0,20.0,6.924024084274443
9.0,9.0,0.6786067726505941
70.0,79.0,4.988561032161598
21.0,25.0,0.7437569908889701
54.0,60.0,1.4314466322674442
22.0,29.0,0.6214116028869361
7.0,7.0,0.26264079704922927
11.0,11.0,0.39795105391055396
40.0,46.0,2.129126752545837
1.0,3.0,2.4764871803544772
0.0,4.0,2.84042066770372
3.0,17.0,9.299767496759333
1.0,4.0,0.5700833871699419
1.0,9.0,1.8350222003750651
1.0,4.0,0.6373046690865742
3.0,26.0,3.2929496119979356
2.0,14.0,1.3678224450146867
1.0,14.0,0.9110557134055124
3.0,59.0,3.3841133082395065
0.0,24.0,1.0330931433606767
1.0,3.0,2.4764871803544772
2.0,4.0,2.84042066770372
2.0,17.0,9.299767496759333
0.0,4.0,0.5700833871699419
0.0,9.0,1.8350222003750651
1.0,4.0,0.6373046690865742
7.0,26.0,3.2929496119979356
2.0,14.0,1.3678224450146867
2.0,14.0,0.9110557134055124
8.0,59.0,3.3841133082395065
2.0,24.0,1.0330931433606767
1.0,3.0,2.4764871803544772
1.0,4.0,2.84042066770372
3.0,17.0,9.299767496759333
1.0,4.0,0.5700833871699419
4.0,9.0,1.8350222003750651
1.0,4.0,0.6373046690865742
9.0,26.0,3.2929496119979356
4.0,14.0,1.3678224450146867
6.0,14.0,0.9110557134055124
23.0,59.0,3.3841133082395065
11.0,24.0,1.0330931433606767
2.0,3.0,2.4764871803544772
1.0,4.0,2.84042066770372
8.0,17.0,9.299767496759333
1.0,4.0,0.5700833871699419
4.0,9.0,1.8350222003750651
1.0,4.0,0.6373046690865742
9.0,26.0,3.2929496119979356
8.0,14.0,1.3678224450146867
4.0,14.0,0.9110557134055124
30.0,59.0,3.3841133082395065
5.0,24.0,1.0330931433606767
3.0,3.0,2.4764871803544772
3.0,4.0,2.84042066770372
9.0,17.0,9.299767496759333
2.0,4.0,0.5700833871699419
4.0,9.0,1.8350222003750651
1.0,4.0,0.6373046690865742
14.0,26.0,3.2929496119979356
5.0,14.0,1.3678224450146867
7.0,14.0,0.9110557134055124
34.0,59.0,3.3841133082395065
10.0,24.0,1.0330931433606767
1.0,3.0,2.4764871803544772
3.0,4.0,2.84042066770372
13.0,17.0,9.299767496759333
1.0,4.0,0.5700833871699419
5.0,9.0,1.8350222003750651
2.0,4.0,0.6373046690865742
13.0,26.0,3.2929496119979356
8.0,14.0,1.3678224450146867
10.0,14.0,0.9110557134055124
34.0,59.0,3.3841133082395065
13.0,24.0,1.0330931433606767
2.0,3.0,2.4764871803544772
2.0,4.0,2.84042066770372
8.0,17.0,9.299767496759333
4.0,4.0,0.5700833871699419
5.0,9.0,1.8350222003750651
2.0,4.0,0.6373046690865742
21.0,26.0,3.2929496119979356
11.0,14.0,1.3678224450146867
7.0,14.0,0.9110557134055124
31.0,59.0,3.3841133082395065
12.0,24.0,1.0330931433606767
2.0,3.0,2.4764871803544772
3.0,4.0,2.84042066770372
14.0,17.0,9.299767496759333
4.0,4.0,0.5700833871699419
8.0,9.0,1.8350222003750651
2.0,4.0,0.6373046690865742
19.0,26.0,3.2929496119979356
9.0,14.0,1.3678224450146867
13.0,14.0,0.9110557134055124
49.0,59.0,3.3841133082395065
20.0,24.0,1.0330931433606767
3.0,3.0,2.4764871803544772
4.0,4.0,2.84042066770372
16.0,17.0,9.299767496759333
4.0,4.0,0.5700833871699419
7.0,9.0,1.8350222003750651
4.0,4.0,0.6373046690865742
25.0,26.0,3.2929496119979356
14.0,14.0,1.3678224450146867
12.0,14.0,0.9110557134055124
54.0,59.0,3.3841133082395065
22.0,24.0,1.0330931433606767
1.0,13.0,14.764138538650984
0.0,1.0,0.0858576763873116
1.0,11.0,2.2220018147161773
0.0,13.0,1.6918018405696078
1.0,7.0,0.5442329535971013
1.0,3.0,0.27066008493588123
5.0,29.0,3.215537558141077
1.0,14.0,0.8324500372635386
2.0,41.0,2.2921489601507887
6.0,89.0,3.268321060435581
3.0,44.0,0.8803341490910632
2.0,13.0,14.764138538650984
0.0,1.0,0.0858576763873116
2.0,11.0,2.2220018147161773
1.0,13.0,1.6918018405696078
2.0,7.0,0.5442329535971013
1.0,3.0,0.27066008493588123
6.0,29.0,3.215537558141077
2.0,14.0,0.8324500372635386
7.0,41.0,2.2921489601507887
22.0,89.0,3.268321060435581
10.0,44.0,0.8803341490910632
5.0,13.0,14.764138538650984
1.0,1.0,0.0858576763873116
2.0,11.0,2.2220018147161773
3.0,13.0,1.6918018405696078
4.0,7.0,0.5442329535971013
1.0,3.0,0.27066008493588123
9.0,29.0,3.215537558141077
4.0,14.0,0.8324500372635386
9.0,41.0,2.2921489601507887
34.0,89.0,3.268321060435581
18.0,44.0,0.8803341490910632
5.0,13.0,14.764138538650984
1.0,1.0,0.0858576763873116
6.0,11.0,2.2220018147161773
4.0,13.0,1.6918018405696078
1.0,7.0,0.5442329535971013
3.0,3.0,0.27066008493588123
16.0,29.0,3.215537558141077
8.0,14.0,0.8324500372635386
11.0,41.0,2.2921489601507887
35.0,89.0,3.268321060435581
23.0,44.0,0.8803341490910632
6.0,13.0,14.764138538650984
1.0,1.0,0.0858576763873116
6.0,11.0,2.2220018147161773
10.0,13.0,1.6918018405696078
3.0,7.0,0.5442329535971013
1.0,3.0,0.27066008493588123
14.0,29.0,3.215537558141077
6.0,14.0,0.8324500372635386
26.0,41.0,2.2921489601507887
41.0,89.0,3.268321060435581
25.0,44.0,0.8803341490910632
5.0,13.0,14.764138538650984
1.0,1.0,0.0858576763873116
5.0,11.0,2.2220018147161773
5.0,13.0,1.6918018405696078
2.0,7.0,0.5442329535971013
3.0,3.0,0.27066008493588123
18.0,29.0,3.215537558141077
8.0,14.0,0.8324500372635386
27.0,41.0,2.2921489601507887
46.0,89.0,3.268321060435581
28.0,44.0,0.8803341490910632
9.0,13.0,14.764138538650984
1.0,1.0,0.0858576763873116
6.0,11.0,2.2220018147161773
10.0,13.0,1.6918018405696078
4.0,7.0,0.5442329535971013
1.0,3.0,0.27066008493588123
19.0,29.0,3.215537558141077
9.0,14.0,0.8324500372635386
33.0,41.0,2.2921489601507887
62.0,89.0,3.268321060435581
32.0,44.0,0.8803341490910632
11.0,13.0,14.764138538650984
1.0,1.0,0.0858576763873116
9.0,11.0,2.2220018147161773
11.0,13.0,1.6918018405696078
6.0,7.0,0.5442329535971013
3.0,3.0,0.27066008493588123
25.0,29.0,3.215537558141077
11.0,14.0,0.8324500372635386
31.0,41.0,2.2921489601507887
67.0,89.0,3.268321060435581
34.0,44.0,0.8803341490910632
13.0,13.0,14.764138538650984
1.0,1.0,0.0858576763873116
9.0,11.0,2.2220018147161773
11.0,13.0,1.6918018405696078
6.0,7.0,0.5442329535971013
3.0,3.0,0.27066008493588123
27.0,29.0,3.215537558141077
12.0,14.0,0.8324500372635386
38.0,41.0,2.2921489601507887
80.0,89.0,3.268321060435581
40.0,44.0,0.8803341490910632
1.0,8.0,12.820092673193672
1.0,6.0,2.6423560519593527
2.0,14.0,2.3143922326319664
1.0,20.0,2.156532190225942
2.0,45.0,3.0485948879606495
2.0,30.0,0.8813579031656027
2.0,7.0,0.4789821164542023
6.0,30.0,1.1863729646470849
0.0,6.0,0.27492090720613743
2.0,6.0,0.49514524359430057
6.0,33.0,2.5658765976827516
3.0,8.0,12.820092673193672
2.0,6.0,2.6423560519593527
4.0,14.0,2.3143922326319664
4.0,20.0,2.156532190225942
10.0,45.0,3.0485948879606495
8.0,30.0,0.8813579031656027
3.0,7.0,0.4789821164542023
5.0,30.0,1.1863729646470849
0.0,6.0,0.27492090720613743
3.0,6.0,0.49514524359430057
6.0,33.0,2.5658765976827516
4.0,8.0,12.820092673193672
2.0,6.0,2.6423560519593527
3.0,14.0,2.3143922326319664
3.0,20.0,2.156532190225942
8.0,45.0,3.0485948879606495
8.0,30.0,0.8813579031656027
3.0,7.0,0.4789821164542023
8.0,30.0,1.1863729646470849
2.0,6.0,0.27492090720613743
1.0,6.0,0.49514524359430057
9.0,33.0,2.5658765976827516
4.0,8.0,12.820092673193672
2.0,6.0,2.6423560519593527
2.0,14.0,2.3143922326319664
9.0,20.0,2.156532190225942
18.0,45.0,3.0485948879606495
7.0,30.0,0.8813579031656027
2.0,7.0,0.4789821164542023
13.0,30.0,1.1863729646470849
5.0,6.0,0.27492090720613743
2.0,6.0,0.49514524359430057
13.0,33.0,2.5658765976827516
3.0,8.0,12.820092673193672
3.0,6.0,2.6423560519593527
9.0,14.0,2.3143922326319664
11.0,20.0,2.156532190225942
28.0,45.0,3.0485948879606495
15.0,30.0,0.8813579031656027
4.0,7.0,0.4789821164542023
14.0,30.0,1.1863729646470849
3.0,6.0,0.27492090720613743
3.0,6.0,0.49514524359430057
17.0,33.0,2.5658765976827516
4.0,8.0,12.820092673193672
3.0,6.0,2.6423560519593527
7.0,14.0,2.3143922326319664
15.0,20.0,2.156532190225942
29.0,45.0,3.0485948879606495
19.0,30.0,0.8813579031656027
3.0,7.0,0.4789821164542023
16.0,30.0,1.1863729646470849
2.0,6.0,0.27492090720613743
3.0,6.0,0.49514524359430057
19.0,33.0,2.5658765976827516
6.0,8.0,12.820092673193672
4.0,6.0,2.6423560519593527
11.0,14.0,2.3143922326319664
12.0,20.0,2.156532190225942
25.0,45.0,3.0485948879606495
20.0,30.0,0.8813579031656027
4.0,7.0,0.4789821164542023
25.0,30.0,1.1863729646470849
3.0,6.0,0.27492090720613743
3.0,6.0,0.49514524359430057
19.0,33.0,2.5658765976827516
7.0,8.0,12.820092673193672
3.0,6.0,2.6423560519593527
12.0,14.0,2.3143922326319664
15.0,20.0,2.156532190225942
37.0,45.0,3.0485948879606495
25.0,30.0,0.8813579031656027
6.0,7.0,0.4789821164542023
28.0,30.0,1.1863729646470849
4.0,6.0,0.27492090720613743
4.0,6.0,0.49514524359430057
25.0,33.0,2.5658765976827516
7.0,8.0,12.820092673193672
6.0,6.0,2.6423560519593527
14.0,14.0,2.3143922326319664
17.0,20.0,2.156532190225942
42.0,45.0,3.0485948879606495
29.0,30.0,0.8813579031656027
6.0,7.0,0.4789821164542023
28.0,30.0,1.1863729646470849
6.0,6.0,0.27492090720613743
6.0,6.0,0.49514524359430057
31.0,33.0,2.5658765976827516
2.0,7.0,6.008210136899338
0.0,8.0,2.6111471521273844
4.0,50.0,6.15246080162832
1.0,18.0,0.8779328687475814
1.0,11.0,0.3948054085729812
6.0,37.0,1.4903403907376849
0.0,6.0,0.23701782358840115
1.0,28.0,1.224338662329807
2.0,21.0,1.2697760800074134
1.0,4.0,0.14646915313610226
4.0,54.0,3.3443308607384545
1.0,7.0,6.008210136899338
0.0,8.0,2.6111471521273844
10.0,50.0,6.15246080162832
2.0,18.0,0.8779328687475814
2.0,11.0,0.3948054085729812
5.0,37.0,1.4903403907376849
0.0,6.0,0.23701782358840115
6.0,28.0,1.224338662329807
7.0,21.0,1.2697760800074134
1.0,4.0,0.14646915313610226
7.0,54.0,3.3443308607384545
1.0,7.0,6.008210136899338
1.0,8.0,2.6111471521273844
13.0,50.0,6.15246080162832
4.0,18.0,0.8779328687475814
3.0,11.0,0.3948054085729812
10.0,37.0,1.4903403907376849
2.0,6.0,0.23701782358840115
8.0,28.0,1.224338662329807
6.0,21.0,1.2697760800074134
1.0,4.0,0.14646915313610226
17.0,54.0,3.3443308607384545
3.0,7.0,6.008210136899338
4.0,8.0,2.6111471521273844
19.0,50.0,6.15246080162832
7.0,18.0,0.8779328687475814
5.0,11.0,0.3948054085729812
17.0,37.0,1.4903403907376849
1.0,6.0,0.23701782358840115
12.0,28.0,1.224338662329807
9.0,21.0,1.2697760800074134
1.0,4.0,0.14646915313610226
23.0,54.0,3.3443308607384545
2.0,7.0,6.008210136899338
7.0,8.0,2.6111471521273844
25.0,50.0,6.15246080162832
14.0,18.0,0.8779328687475814
5.0,11.0,0.3948054085729812
23.0,37.0,1.4903403907376849
5.0,6.0,0.23701782358840115
18.0,28.0,1.224338662329807
13.0,21.0,1.2697760800074134
1.0,4.0,0.14646915313610226
23.0,54.0,3.3443308607384545
5.0,7.0,6.008210136899338
5.0,8.0,2.6111471521273844
35.0,50.0,6.15246080162832
12.0,18.0,0.8779328687475814
6.0,11.0,0.3948054085729812
25.0,37.0,1.4903403907376849
5.0,6.0,0.23701782358840115
14.0,28.0,1.224338662329807
14.0,21.0,1.2697760800074134
2.0,4.0,0.14646915313610226
32.0,54.0,3.3443308607384545
5.0,7.0,6.008210136899338
6.0,8.0,2.6111471521273844
30.0,50.0,6.15246080162832
11.0,18.0,0.8779328687475814
9.0,11.0,0.3948054085729812
29.0,37.0,1.4903403907376849
6.0,6.0,0.23701782358840115
19.0,28.0,1.224338662329807
15.0,21.0,1.2697760800074134
3.0,4.0,0.14646915313610226
35.0,54.0,3.3443308607384545
7.0,7.0,6.008210136899338
8.0,8.0,2.6111471521273844
39.0,50.0,6.15246080162832
15.0,18.0,0.8779328687475814
8.0,11.0,0.3948054085729812
25.0,37.0,1.4903403907376849
5.0,6.0,0.23701782358840115
23.0,28.0,1.224338662329807
18.0,21.0,1.2697760800074134
1.0,4.0,0.14646915313610226
42.0,54.0,3.3443308607384545
5.0,7.0,6.008210136899338
8.0,8.0,2.6111471521273844
48.0,50.0,6.15246080162832
17.0,18.0,0.8779328687475814
9.0,11.0,0.3948054085729812
31.0,37.0,1.4903403907376849
5.0,6.0,0.23701782358840115
27.0,28.0,1.224338662329807
20.0,21.0,1.2697760800074134
3.0,4.0,0.14646915313610226
49.0,54.0,3.3443308607384545
2.0,7.0,4.957426681361836
1.0,8.0,3.502139834123363
6.0,27.0,5.099448266315538
0.0,9.0,0.8577312845737336
3.0,80.0,4.171812503626356
0.0,4.0,0.15963345828218733
6.0,53.0,1.122129823752167
8.0,44.0,0.8513190263925582
2.0,39.0,1.0327556182394568
8.0,82.0,1.8404732280241614
3.0,35.0,0.7355522256084206
2.0,7.0,4.957426681361836
2.0,8.0,3.502139834123363
8.0,27.0,5.099448266315538
3.0,9.0,0.8577312845737336
19.0,80.0,4.171812503626356
1.0,4.0,0.15963345828218733
6.0,53.0,1.122129823752167
15.0,44.0,0.8513190263925582
5.0,39.0,1.0327556182394568
18.0,82.0,1.8404732280241614
6.0,35.0,0.7355522256084206
1.0,7.0,4.957426681361836
5.0,8.0,3.502139834123363
9.0,27.0,5.099448266315538
0.0,9.0,0.8577312845737336
27.0,80.0,4.171812503626356
0.0,4.0,0.15963345828218733
15.0,53.0,1.122129823752167
14.0,44.0,0.8513190263925582
23.0,39.0,1.0327556182394568
18.0,82.0,1.8404732280241614
16.0,35.0,0.7355522256084206
2.0,7.0,4.957426681361836
4.0,8.0,3.502139834123363
12.0,27.0,5.099448266315538
2.0,9.0,0.8577312845737336
32.0,80.0,4.171812503626356
1.0,4.0,0.15963345828218733
21.0,53.0,1.122129823752167
16.0,44.0,0.8513190263925582
15.0,39.0,1.0327556182394568
33.0,82.0,1.8404732280241614
17.0,35.0,0.7355522256084206
5.0,7.0,4.957426681361836
3.0,8.0,3.502139834123363
15.0,27.0,5.099448266315538
6.0,9.0,0.8577312845737336
36.0,80.0,4.171812503626356
2.0,4.0,0.15963345828218733
29.0,53.0,1.122129823752167
19.0,44.0,0.8513190263925582
15.0,39.0,1.0327556182394568
42.0,82.0,1.8404732280241614
16.0,35.0,0.7355522256084206
3.0,7.0,4.957426681361836
5.0,8.0,3.502139834123363
17.0,27.0,5.099448266315538
7.0,9.0,0.8577312845737336
48.0,80.0,4.171812503626356
3.0,4.0,0.15963345828218733
31.0,53.0,1.122129823752167
21.0,44.0,0.8513190263925582
19.0,39.0,1.0327556182394568
43.0,82.0,1.8404732280241614
20.0,35.0,0.7355522256084206
6.0,7.0,4.957426681361836
5.0,8.0,3.502139834123363
16.0,27.0,5.099448266315538
9.0,9.0,0.8577312845737336
57.0,80.0,4.171812503626356
3.0,4.0,0.15963345828218733
42.0,53.0,1.122129823752167
35.0,44.0,0.8513190263925582
26.0,39.0,1.0327556182394568
61.0,82.0,1.8404732280241614
28.0,35.0,0.7355522256084206
4.0,7.0,4.957426681361836
7.0,8.0,3.502139834123363
22.0,27.0,5.099448266315538
9.0,9.0,0.8577312845737336
66.0,80.0,4.171812503626356
3.0,4.0,0.15963345828218733
45.0,53.0,1.122129823752167
37.0,44.0,0.8513190263925582
29.0,39.0,1.0327556182394568
58.0,82.0,1.8404732280241614
28.0,35.0,0.7355522256084206
6.0,7.0,4.957426681361836
8.0,8.0,3.502139834123363
26.0,27.0,5.099448266315538
8.0,9.0,0.8577312845737336
77.0,80.0,4.171812503626356
4.0,4.0,0.15963345828218733
47.0,53.0,1.122129823752167
37.0,44.0,0.8513190263925582
35.0,39.0,1.0327556182394568
69.0,82.0,1.8404732280241614
30.0,35.0,0.7355522256084206
1.0,4.0,9.735941806632482
0.0,10.0,5.624535421475052
0.0,15.0,2.500569509962463
0.0,8.0,0.7849636676096993
4.0,29.0,2.248136126034107
11.0,66.0,2.737484752644999
2.0,15.0,0.4191652268962349
15.0,92.0,2.5017565405432864
5.0,43.0,0.7308996728573023
7.0,79.0,1.3572393527105284
0.0,30.0,0.5008069895054525
1.0,4.0,9.735941806632482
1.0,10.0,5.624535421475052
3.0,15.0,2.500569509962463
2.0,8.0,0.7849636676096993
6.0,29.0,2.248136126034107
11.0,66.0,2.737484752644999
4.0,15.0,0.4191652268962349
13.0,92.0,2.5017565405432864
8.0,43.0,0.7308996728573023
16.0,79.0,1.3572393527105284
8.0,30.0,0.5008069895054525
1.0,4.0,9.735941806632482
2.0,10.0,5.624535421475052
5.0,15.0,2.500569509962463
3.0,8.0,0.7849636676096993
2.0,29.0,2.248136126034107
20.0,66.0,2.737484752644999
5.0,15.0,0.4191652268962349
27.0,92.0,2.5017565405432864
15.0,43.0,0.7308996728573023
21.0,79.0,1.3572393527105284
11.0,30.0,0.5008069895054525
3.0,4.0,9.735941806632482
3.0,10.0,5.624535421475052
6.0,15.0,2.500569509962463
3.0,8.0,0.7849636676096993
12.0,29.0,2.248136126034107
36.0,66.0,2.737484752644999
7.0,15.0,0.4191652268962349
42.0,92.0,2.5017565405432864
22.0,43.0,0.7308996728573023
32.0,79.0,1.3572393527105284
10.0,30.0,0.5008069895054525
2.0,4.0,9.735941806632482
6.0,10.0,5.624535421475052
6.0,15.0,2.500569509962463
6.0,8.0,0.7849636676096993
18.0,29.0,2.248136126034107
30.0,66.0,2.737484752644999
7.0,15.0,0.4191652268962349
49.0,92.0,2.5017565405432864
17.0,43.0,0.7308996728573023
30.0,79.0,1.3572393527105284
17.0,30.0,0.5008069895054525
1.0,4.0,9.735941806632482
6.0,10.0,5.624535421475052
8.0,15.0,2.500569509962463
7.0,8.0,0.7849636676096993
18.0,29.0,2.248136126034107
36.0,66.0,2.737484752644999
9.0,15.0,0.4191652268962349
57.0,92.0,2.5017565405432864
25.0,43.0,0.7308996728573023
49.0,79.0,1.3572393527105284
19.0,30.0,0.5008069895054525
2.0,4.0,9.735941806632482
5.0,10.0,5.624535421475052
13.0,15.0,2.500569509962463
6.0,8.0,0.7849636676096993
21.0,29.0,2.248136126034107
44.0,66.0,2.737484752644999
9.0,15.0,0.4191652268962349
67.0,92.0,2.5017565405432864
34.0,43.0,0.7308996728573023
56.0,79.0,1.3572393527105284
22.0,30.0,0.5008069895054525
3.0,4.0,9.735941806632482
10.0,10.0,5.624535421475052
9.0,15.0,2.500569509962463
6.0,8.0,0.7849636676096993
25.0,29.0,2.248136126034107
49.0,66.0,2.737484752644999
13.0,15.0,0.4191652268962349
64.0,92.0,2.5017565405432864
36.0,43.0,0.7308996728573023
61.0,79.0,1.3572393527105284
20.0,30.0,0.5008069895054525
4.0,4.0,9.735941806632482
9.0,10.0,5.624535421475052
14.0,15.0,2.500569509962463
6.0,8.0,0.7849636676096993
27.0,29.0,2.248136126034107
56.0,66.0,2.737484752644999
14.0,15.0,0.4191652268962349
80.0,92.0,2.5017565405432864
39.0,43.0,0.7308996728573023
70.0,79.0,1.3572393527105284
27.0,30.0,0.5008069895054525
1.0,7.0,12.374175518303554
1.0,13.0,6.307606273219914
4.0,18.0,2.113760464685381
1.0,17.0,1.4279948246954604
1.0,10.0,0.9174206064695559
3.0,33.0,2.5742624224907398
10.0,87.0,3.6966163774962233
0.0,11.0,0.3429458419124272
2.0,17.0,0.5783509793136989
1.0,31.0,0.7677318763162082
2.0,8.0,0.3394462095672854
3.0,7.0,12.374175518303554
1.0,13.0,6.307606273219914
3.0,18.0,2.113760464685381
4.0,17.0,1.4279948246954604
3.0,10.0,0.9174206064695559
6.0,33.0,2.5742624224907398
11.0,87.0,3.6966163774962233
5.0,11.0,0.3429458419124272
7.0,17.0,0.5783509793136989
7.0,31.0,0.7677318763162082
2.0,8.0,0.3394462095672854
2.0,7.0,12.374175518303554
3.0,13.0,6.307606273219914
10.0,18.0,2.113760464685381
4.0,17.0,1.4279948246954604
3.0,10.0,0.9174206064695559
11.0,33.0,2.5742624224907398
30.0,87.0,3.6966163774962233
5.0,11.0,0.3429458419124272
5.0,17.0,0.5783509793136989
10.0,31.0,0.7677318763162082
3.0,8.0,0.3394462095672854
2.0,7.0,12.374175518303554
6.0,13.0,6.307606273219914
7.0,18.0,2.113760464685381
6.0,17.0,1.4279948246954604
2.0,10.0,0.9174206064695559
12.0,33.0,2.5742624224907398
38.0,87.0,3.6966163774962233
6.0,11.0,0.3429458419124272
9.0,17.0,0.5783509793136989
9.0,31.0,0.7677318763162082
2.0,8.0,0.3394462095672854
2.0,7.0,12.374175518303554
9.0,13.0,6.307606273219914
11.0,18.0,2.113760464685381
8.0,17.0,1.4279948246954604
3.0,10.0,0.9174206064695559
20.0,33.0,2.5742624224907398
56.0,87.0,3.6966163774962233
5.0,11.0,0.3429458419124272
8.0,17.0,0.5783509793136989
13.0,31.0,0.7677318763162082
4.0,8.0,0.3394462095672854
7.0,7.0,12.374175518303554
9.0,13.0,6.307606273219914
11.0,18.0,2.113760464685381
12.0,17.0,1.4279948246954604
6.0,10.0,0.9174206064695559
16.0,33.0,2.5742624224907398
51.0,87.0,3.6966163774962233
8.0,11.0,0.3429458419124272
9.0,17.0,0.5783509793136989
21.0,31.0,0.7677318763162082
5.0,8.0,0.3394462095672854
5.0,7.0,12.374175518303554
8.0,13.0,6.307606273219914
12.0,18.0,2.113760464685381
12.0,17.0,1.4279948246954604
7.0,10.0,0.9174206064695559
24.0,33.0,2.5742624224907398
66.0,87.0,3.6966163774962233
6.0,11.0,0.3429458419124272
13.0,17.0,0.5783509793136989
19.0,31.0,0.7677318763162082
6.0,8.0,0.3394462095672854
6.0,7.0,12.374175518303554
9.0,13.0,6.307606273219914
18.0,18.0,2.113760464685381
14.0,17.0,1.4279948246954604
8.0,10.0,0.9174206064695559
24.0,33.0,2.5742624224907398
62.0,87.0,3.6966163774962233
9.0,11.0,0.3429458419124272
14.0,17.0,0.5783509793136989
24.0,31.0,0.7677318763162082
7.0,8.0,0.3394462095672854
5.0,7.0,12.374175518303554
13.0,13.0,6.307606273219914
16.0,18.0,2.113760464685381
16.0,17.0,1.4279948246954604
9.0,10.0,0.9174206064695559
31.0,33.0,2.5742624224907398
71.0,87.0,3.6966163774962233
10.0,11.0,0.3429458419124272
17.0,17.0,0.5783509793136989
31.0,31.0,0.7677318763162082
7.0,8.0,0.3394462095672854
1.0,7.0,9.266475182164832
0.0,8.0,3.216257102783586
2.0,27.0,3.89778909403639
2.0,37.0,3.048703940333408
1.0,28.0,0.9551318717207657
3.0,26.0,0.7852069136955914
2.0,21.0,0.840000118098223
3.0,31.0,1.1606887620271416
5.0,24.0,1.127567721104493
5.0,71.0,2.6060981947630517
1.0,7.0,0.31405694276750257
2.0,7.0,9.266475182164832
1.0,8.0,3.216257102783586
6.0,27.0,3.89778909403639
2.0,37.0,3.048703940333408
7.0,28.0,0.9551318717207657
4.0,26.0,0.7852069136955914
5.0,21.0,0.840000118098223
3.0,31.0,1.1606887620271416
4.0,24.0,1.127567721104493
15.0,71.0,2.6060981947630517
1.0,7.0,0.31405694276750257
2.0,7.0,9.266475182164832
3.0,8.0,3.216257102783586
10.0,27.0,3.89778909403639
11.0,37.0,3.048703940333408
8.0,28.0,0.9551318717207657
5.0,26.0,0.7852069136955914
5.0,21.0,0.840000118098223
12.0,31.0,1.1606887620271416
8.0,24.0,1.127567721104493
21.0,71.0,2.6060981947630517
3.0,7.0,0.31405694276750257
2.0,7.0,9.266475182164832
3.0,8.0,3.216257102783586
9.0,27.0,3.89778909403639
13.0,37.0,3.048703940333408
11.0,28.0,0.9551318717207657
8.0,26.0,0.7852069136955914
12.0,21.0,0.840000118098223
13.0,31.0,1.1606887620271416
8.0,24.0,1.127567721104493
36.0,71.0,2.6060981947630517
3.0,7.0,0.31405694276750257
6.0,7.0,9.266475182164832
3.0,8.0,3.216257102783586
13.0,27.0,3.89778909403639
17.0,37.0,3.048703940333408
11.0,28.0,0.9551318717207657
12.0,26.0,0.7852069136955914
8.0,21.0,0.840000118098223
9.0,31.0,1.1606887620271416
13.0,24.0,1.127567721104493
46.0,71.0,2.6060981947630517
2.0,7.0,0.31405694276750257
5.0,7.0,9.266475182164832
5.0,8.0,3.216257102783586
17.0,27.0,3.89778909403639
26.0,37.0,3.048703940333408
18.0,28.0,0.9551318717207657
12.0,26.0,0.7852069136955914
13.0,21.0,0.840000118098223
19.0,31.0,1.1606887620271416
12.0,24.0,1.127567721104493
34.0,71.0,2.6060981947630517
6.0,7.0,0.31405694276750257
7.0,7.0,9.266475182164832
5.0,8.0,3.216257102783586
24.0,27.0,3.89778909403639
25.0,37.0,3.048703940333408
21.0,28.0,0.9551318717207657
20.0,26.0,0.7852069136955914
18.0,21.0,0.840000118098223
24.0,31.0,1.1606887620271416
18.0,24.0,1.127567721104493
52.0,71.0,2.6060981947630517
4.0,7.0,0.31405694276750257
6.0,7.0,9.266475182164832
7.0,8.0,3.216257102783586
24.0,27.0,3.89778909403639
33.0,37.0,3.048703940333408
20.0,28.0,0.9551318717207657
20.0,26.0,0.7852069136955914
19.0,21.0,0.840000118098223
25.0,31.0,1.1606887620271416
21.0,24.0,1.127567721104493
58.0,71.0,2.6060981947630517
6.0,7.0,0.31405694276750257
6.0,7.0,9.266475182164832
7.0,8.0,3.216257102783586
24.0,27.0,3.89778909403639
34.0,37.0,3.048703940333408
26.0,28.0,0.9551318717207657
23.0,26.0,0.7852069136955914
21.0,21.0,0.840000118098223
30.0,31.0,1.1606887620271416
21.0,24.0,1.127567721104493
66.0,71.0,2.6060981947630517
6.0,7.0,0.31405694276750257
2.0,5.0,4.966611467300068
0.0,3.0,1.5485686782646297
1.0,3.0,0.5486786714166536
2.0,11.0,2.5402549360904922
1.0,2.0,0.7026858692715573
1.0,19.0,3.117979881824607
2.0,9.0,0.9171380760204696
1.0,4.0,0.3689721479325569
6.0,53.0,4.276635159021322
3.0,44.0,1.4681454480320726
1.0,25.0,0.5695499827857597
1.0,5.0,4.966611467300068
1.0,3.0,1.5485686782646297
0.0,3.0,0.5486786714166536
1.0,11.0,2.5402549360904922
0.0,2.0,0.7026858692715573
5.0,19.0,3.117979881824607
3.0,9.0,0.9171380760204696
0.0,4.0,0.3689721479325569
13.0,53.0,4.276635159021322
12.0,44.0,1.4681454480320726
1.0,25.0,0.5695499827857597
3.0,5.0,4.966611467300068
1.0,3.0,1.5485686782646297
1.0,3.0,0.5486786714166536
5.0,11.0,2.5402549360904922
2.0,2.0,0.7026858692715573
5.0,19.0,3.117979881824607
2.0,9.0,0.9171380760204696
2.0,4.0,0.3689721479325569
13.0,53.0,4.276635159021322
12.0,44.0,1.4681454480320726
9.0,25.0,0.5695499827857597
3.0,5.0,4.966611467300068
1.0,3.0,1.5485686782646297
1.0,3.0,0.5486786714166536
5.0,11.0,2.5402549360904922
2.0,2.0,0.7026858692715573
8.0,19.0,3.117979881824607
3.0,9.0,0.9171380760204696
3.0,4.0,0.3689721479325569
22.0,53.0,4.276635159021322
28.0,44.0,1.4681454480320726
8.0,25.0,0.5695499827857597
1.0,5.0,4.966611467300068
1.0,3.0,1.5485686782646297
1.0,3.0,0.5486786714166536
9.0,11.0,2.5402549360904922
2.0,2.0,0.7026858692715573
8.0,19.0,3.117979881824607
7.0,9.0,0.9171380760204696
3.0,4.0,0.3689721479325569
29.0,53.0,4.276635159021322
21.0,44.0,1.4681454480320726
12.0,25.0,0.5695499827857597
3.0,5.0,4.966611467300068
1.0,3.0,1.5485686782646297
1.0,3.0,0.5486786714166536
7.0,11.0,2.5402549360904922
1.0,2.0,0.7026858692715573
14.0,19.0,3.117979881824607
5.0,9.0,0.9171380760204696
1.0,4.0,0.3689721479325569
35.0,53.0,4.276635159021322
27.0,44.0,1.4681454480320726
18.0,25.0,0.5695499827857597
3.0,5.0,4.966611467300068
3.0,3.0,1.5485686782646297
3.0,3.0,0.5486786714166536
9.0,11.0,2.5402549360904922
2.0,2.0,0.7026858692715573
13.0,19.0,3.117979881824607
7.0,9.0,0.9171380760204696
4.0,4.0,0.3689721479325569
28.0,53.0,4.276635159021322
31.0,44.0,1.4681454480320726
15.0,25.0,0.5695499827857597
5.0,5.0,4.966611467300068
3.0,3.0,1.5485686782646297
3.0,3.0,0.5486786714166536
10.0,11.0,2.5402549360904922
1.0,2.0,0.7026858692715573
14.0,19.0,3.117979881824607
7.0,9.0,0.9171380760204696
4.0,4.0,0.3689721479325569
46.0,53.0,4.276635159021322
37.0,44.0,1.4681454480320726
21.0,25.0,0.5695499827857597
5.0,5.0,4.966611467300068
3.0,3.0,1.5485686782646297
3.0,3.0,0.5486786714166536
9.0,11.0,2.5402549360904922
2.0,2.0,0.7026858692715573
18.0,19.0,3.117979881824607
8.0,9.0,0.9171380760204696
4.0,4.0,0.3689721479325569
51.0,53.0,4.276635159021322
38.0,44.0,1.4681454480320726
23.0,25.0,0.5695499827857597
1.0,9.0,14.693272485751816
0.0,10.0,5.18312723860755
4.0,24.0,4.210319032517775
0.0,5.0,0.621499157189161
1.0,13.0,0.8222752007064594
0.0,14.0,0.76455700132329
1.0,4.0,0.3565150588528935
0.0,26.0,2.8994094500317322
1.0,33.0,2.5530792428144315
4.0,33.0,1.3434882560133679
5.0,53.0,1.7414916805790899
1.0,9.0,14.693272485751816
2.0,10.0,5.18312723860755
7.0,24.0,4.210319032517775
3.0,5.0,0.621499157189161
3.0,13.0,0.8222752007064594
5.0,14.0,0.76455700132329
2.0,4.0,0.3565150588528935
4.0,26.0,2.8994094500317322
4.0,33.0,2.5530792428144315
8.0,33.0,1.3434882560133679
10.0,53.0,1.7414916805790899
3.0,9.0,14.693272485751816
3.0,10.0,5.18312723860755
5.0,24.0,4.210319032517775
1.0,5.0,0.621499157189161
7.0,13.0,0.8222752007064594
6.0,14.0,0.76455700132329
1.0,4.0,0.3565150588528935
9.0,26.0,2.8994094500317322
8.0,33.0,2.5530792428144315
10.0,33.0,1.3434882560133679
18.0,53.0,1.7414916805790899
6.0,9.0,14.693272485751816
4.0,10.0,5.18312723860755
9.0,24.0,4.210319032517775
1.0,5.0,0.621499157189161
6.0,13.0,0.8222752007064594
7.0,14.0,0.76455700132329
2.0,4.0,0.3565150588528935
10.0,26.0,2.8994094500317322
16.0,33.0,2.5530792428144315
11.0,33.0,1.3434882560133679
20.0,53.0,1.7414916805790899
9.0,9.0,14.693272485751816
2.0,10.0,5.18312723860755
13.0,24.0,4.210319032517775
4.0,5.0,0.621499157189161
4.0,13.0,0.8222752007064594
7.0,14.0,0.76455700132329
2.0,4.0,0.3565150588528935
14.0,26.0,2.8994094500317322
16.0,33.0,2.5530792428144315
21.0,33.0,1.3434882560133679
24.0,53.0,1.7414916805790899
6.0,9.0,14.693272485751816
5.0,10.0,5.18312723860755
13.0,24.0,4.210319032517775
3.0,5.0,0.621499157189161
7.0,13.0,0.8222752007064594
9.0,14.0,0.76455700132329
3.0,4.0,0.3565150588528935
19.0,26.0,2.8994094500317322
18.0,33.0,2.5530792428144315
18.0,33.0,1.3434882560133679
29.0,53.0,1.7414916805790899
6.0,9.0,14.693272485751816
6.0,10.0,5.18312723860755
13.0,24.0,4.210319032517775
5.0,5.0,0.621499157189161
11.0,13.0,0.8222752007064594
10.0,14.0,0.76455700132329
2.0,4.0,0.3565150588528935
17.0,26.0,2.8994094500317322
23.0,33.0,2.5530792428144315
22.0,33.0,1.3434882560133679
33.0,53.0,1.7414916805790899
7.0,9.0,14.693272485751816
9.0,10.0,5.18312723860755
16.0,24.0,4.210319032517775
5.0,5.0,0.621499157189161
10.0,13.0,0.8222752007064594
12.0,14.0,0.76455700132329
4.0,4.0,0.3565150588528935
22.0,26.0,2.8994094500317322
20.0,33.0,2.5530792428144315
26.0,33.0,1.3434882560133679
39.0,53.0,1.7414916805790899
8.0,9.0,14.693272485751816
10.0,10.0,5.18312723860755
22.0,24.0,4.210319032517775
4.0,5.0,0.621499157189161
12.0,13.0,0.8222752007064594
12.0,14.0,0.76455700132329
4.0,4.0,0.3565150588528935
25.0,26.0,2.8994094500317322
30.0,33.0,2.5530792428144315
29.0,33.0,1.3434882560133679
48.0,53.0,1.7414916805790899
1.0,6.0,6.363210512962748
1.0,9.0,2.932752957310109
1.0,12.0,2.28773840109494
0.0,3.0,0.5437824771108347
3.0,10.0,2.724058686683904
2.0,9.0,1.233803347577625
1.0,34.0,2.5200099172286996
3.0,24.0,1.0589459869705948
1.0,18.0,1.030395114536424
2.0,5.0,0.2135673770998937
0.0,17.0,0.8432774153235078
1.0,6.0,6.363210512962748
3.0,9.0,2.932752957310109
1.0,12.0,2.28773840109494
1.0,3.0,0.5437824771108347
1.0,10.0,2.724058686683904
2.0,9.0,1.233803347577625
7.0,34.0,2.5200099172286996
7.0,24.0,1.0589459869705948
4.0,18.0,1.030395114536424
1.0,5.0,0.2135673770998937
5.0,17.0,0.8432774153235078
3.0,6.0,6.363210512962748
3.0,9.0,2.932752957310109
7.0,12.0,2.28773840109494
1.0,3.0,0.5437824771108347
6.0,10.0,2.724058686683904
2.0,9.0,1.233803347577625
14.0,34.0,2.5200099172286996
6.0,24.0,1.0589459869705948
6.0,18.0,1.030395114536424
0.0,5.0,0.2135673770998937
4.0,17.0,0.8432774153235078
4.0,6.0,6.363210512962748
4.0,9.0,2.932752957310109
5.0,12.0,2.28773840109494
1.0,3.0,0.5437824771108347
4.0,10.0,2.724058686683904
2.0,9.0,1.233803347577625
10.0,34.0,2.5200099172286996
8.0,24.0,1.0589459869705948
10.0,18.0,1.030395114536424
3.0,5.0,0.2135673770998937
4.0,17.0,0.8432774153235078
2.0,6.0,6.363210512962748
4.0,9.0,2.932752957310109
6.0,12.0,2.28773840109494
2.0,3.0,0.5437824771108347
5.0,10.0,2.724058686683904
6.0,9.0,1.233803347577625
17.0,34.0,2.5200099172286996
12.0,24.0,1.0589459869705948
6.0,18.0,1.030395114536424
5.0,5.0,0.2135673770998937
11.0,17.0,0.8432774153235078
4.0,6.0,6.363210512962748
5.0,9.0,2.932752957310109
10.0,12.0,2.28773840109494
2.0,3.0,0.5437824771108347
5.0,10.0,2.724058686683904
5.0,9.0,1.233803347577625
19.0,34.0,2.5200099172286996
11.0,24.0,1.0589459869705948
13.0,18.0,1.030395114536424
1.0,5.0,0.2135673770998937
9.0,17.0,0.8432774153235078
3.0,6.0,6.363210512962748
6.0,9.0,2.932752957310109
7.0,12.0,2.28773840109494
1.0,3.0,0.5437824771108347
6.0,10.0,2.724058686683904
6.0,9.0,1.233803347577625
23.0,34.0,2.5200099172286996
17.0,24.0,1.0589459869705948
12.0,18.0,1.030395114536424
3.0,5.0,0.2135673770998937
9.0,17.0,0.8432774153235078
5.0,6.0,6.363210512962748
6.0,9.0,2.932752957310109
11.0,12.0,2.28773840109494
2.0,3.0,0.5437824771108347
8.0,10.0,2.724058686683904
7.0,9.0,1.233803347577625
26.0,34.0,2.5200099172286996
19.0,24.0,1.0589459869705948
15.0,18.0,1.030395114536424
4.0,5.0,0.2135673770998937
16.0,17.0,0.8432774153235078
6.0,6.0,6.363210512962748
8.0,9.0,2.932752957310109
10.0,12.0,2.28773840109494
3.0,3.0,0.5437824771108347
10.0,10.0,2.724058686683904
6.0,9.0,1.233803347577625
29.0,34.0,2.5200099172286996
21.0,24.0,1.0589459869705948
13.0,18.0,1.030395114536424
4.0,5.0,0.2135673770998937
17.0,17.0,0.8432774153235078
1.0,3.0,1.7936642534336225
2.0,4.0,2.7524730217268893
1.0,10.0,2.8711037574623504
5.0,24.0,3.5387908196980637
3.0,25.0,2.5283461206474085
1.0,9.0,0.4684151796075391
3.0,20.0,1.255373002253684
1.0,8.0,0.511773720010385
2.0,20.0,1.462076070189282
5.0,49.0,2.806456904653371
3.0,12.0,0.42888488470951835
1.0,3.0,1.7936642534336225
1.0,4.0,2.7524730217268893
3.0,10.0,2.8711037574623504
3.0,24.0,3.5387908196980637
5.0,25.0,2.5283461206474085
2.0,9.0,0.4684151796075391
5.0,20.0,1.255373002253684
3.0,8.0,0.511773720010385
2.0,20.0,1.462076070189282
8.0,49.0,2.806456904653371
3.0,12.0,0.42888488470951835
1.0,3.0,1.7936642534336225
2.0,4.0,2.7524730217268893
3.0,10.0,2.8711037574623504
2.0,24.0,3.5387908196980637
9.0,25.0,2.5283461206474085
4.0,9.0,0.4684151796075391
7.0,20.0,1.255373002253684
0.0,8.0,0.511773720010385
5.0,20.0,1.462076070189282
13.0,49.0,2.806456904653371
6.0,12.0,0.42888488470951835
2.0,3.0,1.7936642534336225
3.0,4.0,2.7524730217268893
3.0,10.0,2.8711037574623504
7.0,24.0,3.5387908196980637
10.0,25.0,2.5283461206474085
2.0,9.0,0.4684151796075391
9.0,20.0,1.255373002253684
3.0,8.0,0.511773720010385
5.0,20.0,1.462076070189282
18.0,49.0,2.806456904653371
4.0,12.0,0.42888488470951835
1.0,3.0,1.7936642534336225
3.0,4.0,2.7524730217268893
5.0,10.0,2.8711037574623504
15.0,24.0,3.5387908196980637
9.0,25.0,2.5283461206474085
5.0,9.0,0.4684151796075391
6.0,20.0,1.255373002253684
3.0,8.0,0.511773720010385
9.0,20.0,1.462076070189282
35.0,49.0,2.806456904653371
6.0,12.0,0.42888488470951835
3.0,3.0,1.7936642534336225
2.0,4.0,2.7524730217268893
4.0,10.0,2.8711037574623504
20.0,24.0,3.5387908196980637
14.0,25.0,2.5283461206474085
7.0,9.0,0.4684151796075391
11.0,20.0,1.255373002253684
6.0,8.0,0.511773720010385
10.0,20.0,1.462076070189282
30.0,49.0,2.806456904653371
8.0,12.0,0.42888488470951835
3.0,3.0,1.7936642534336225
2.0,4.0,2.7524730217268893
8.0,10.0,2.8711037574623504
19.0,24.0,3.5387908196980637
15.0,25.0,2.5283461206474085
5.0,9.0,0.4684151796075391
16.0,20.0,1.255373002253684
6.0,8.0,0.511773720010385
15.0,20.0,1.462076070189282
36.0,49.0,2.806456904653371
12.0,12.0,0.42888488470951835
2.0,3.0,1.7936642534336225
3.0,4.0,2.7524730217268893
7.0,10.0,2.8711037574623504
23.0,24.0,3.5387908196980637
22.0,25.0,2.5283461206474085
7.0,9.0,0.4684151796075391
17.0,20.0,1.255373002253684
4.0,8.0,0.511773720010385
16.0,20.0,1.462076070189282
44.0,49.0,2.806456904653371
12.0,12.0,0.42888488470951835
1.0,3.0,1.7936642534336225
4.0,4.0,2.7524730217268893
9.0,10.0,2.8711037574623504
19.0,24.0,3.5387908196980637
23.0,25.0,2.5283461206474085
8.0,9.0,0.4684151796075391
18.0,20.0,1.255373002253684
8.0,8.0,0.511773720010385
19.0,20.0,1.462076070189282
43.0,49.0,2.806456904653371
12.0,12.0,0.42888488470951835
3.0,7.0,6.053311614427121
2.0,12.0,4.760200208846834
3.0,38.0,4.852935242223273
0.0,7.0,0.367138405230524
1.0,8.0,0.30196023998439986
2.0,59.0,3.7554394488698115
0.0,6.0,0.22270352205378388
1.0,10.0,0.8181186629382263
1.0,7.0,0.4114807066881218
2.0,28.0,1.6734651833104712
0.0,21.0,0.9502950121406065
2.0,7.0,6.053311614427121
2.0,12.0,4.760200208846834
8.0,38.0,4.852935242223273
3.0,7.0,0.367138405230524
3.0,8.0,0.30196023998439986
10.0,59.0,3.7554394488698115
3.0,6.0,0.22270352205378388
3.0,10.0,0.8181186629382263
2.0,7.0,0.4114807066881218
10.0,28.0,1.6734651833104712
6.0,21.0,0.9502950121406065
3.0,7.0,6.053311614427121
3.0,12.0,4.760200208846834
13.0,38.0,4.852935242223273
0.0,7.0,0.367138405230524
2.0,8.0,0.30196023998439986
21.0,59.0,3.7554394488698115
1.0,6.0,0.22270352205378388
3.0,10.0,0.8181186629382263
1.0,7.0,0.4114807066881218
7.0,28.0,1.6734651833104712
9.0,21.0,0.9502950121406065
3.0,7.0,6.053311614427121
3.0,12.0,4.760200208846834
18.0,38.0,4.852935242223273
1.0,7.0,0.367138405230524
5.0,8.0,0.30196023998439986
22.0,59.0,3.7554394488698115
5.0,6.0,0.22270352205378388
6.0,10.0,0.8181186629382263
2.0,7.0,0.4114807066881218
8.0,28.0,1.6734651833104712
7.0,21.0,0.9502950121406065
6.0,7.0,6.053311614427121
6.0,12.0,4.760200208846834
19.0,38.0,4.852935242223273
5.0,7.0,0.367138405230524
1.0,8.0,0.30196023998439986
31.0,59.0,3.7554394488698115
3.0,6.0,0.22270352205378388
7.0,10.0,0.8181186629382263
3.0,7.0,0.4114807066881218
14.0,28.0,1.6734651833104712
11.0,21.0,0.9502950121406065
4.0,7.0,6.053311614427121
8.0,12.0,4.760200208846834
22.0,38.0,4.852935242223273
4.0,7.0,0.367138405230524
4.0,8.0,0.30196023998439986
42.0,59.0,3.7554394488698115
2.0,6.0,0.22270352205378388
7.0,10.0,0.8181186629382263
3.0,7.0,0.4114807066881218
19.0,28.0,1.6734651833104712
8.0,21.0,0.9502950121406065
7.0,7.0,6.053311614427121
12.0,12.0,4.760200208846834
26.0,38.0,4.852935242223273
4.0,7.0,0.367138405230524
6.0,8.0,0.30196023998439986
34.0,59.0,3.7554394488698115
5.0,6.0,0.22270352205378388
7.0,10.0,0.8181186629382263
5.0,7.0,0.4114807066881218
19.0,28.0,1.6734651833104712
16.0,21.0,0.9502950121406065
3.0,7.0,6.053311614427121
10.0,12.0,4.760200208846834
33.0,38.0,4.852935242223273
6.0,7.0,0.367138405230524
8.0,8.0,0.30196023998439986
47.0,59.0,3.7554394488698115
6.0,6.0,0.22270352205378388
7.0,10.0,0.8181186629382263
7.0,7.0,0.4114807066881218
20.0,28.0,1.6734651833104712
17.0,21.0,0.9502950121406065
7.0,7.0,6.053311614427121
12.0,12.0,4.760200208846834
34.0,38.0,4.852935242223273
6.0,7.0,0.367138405230524
7.0,8.0,0.30196023998439986
52.0,59.0,3.7554394488698115
6.0,6.0,0.22270352205378388
8.0,10.0,0.8181186629382263
6.0,7.0,0.4114807066881218
24.0,28.0,1.6734651833104712
20.0,21.0,0.9502950121406065
3.0,6.0,7.257751425318653
1.0,7.0,3.524909354611449
1.0,4.0,0.947166886029449
1.0,7.0,1.8011155780947803
3.0,26.0,3.1751153059447397
0.0,4.0,0.18344742633697575
1.0,8.0,0.4048917837399551
5.0,43.0,3.480273647221768
1.0,3.0,0.34183999181129593
1.0,10.0,0.4904652079896338
7.0,33.0,2.1894295463722773
1.0,6.0,7.257751425318653
2.0,7.0,3.524909354611449
3.0,4.0,0.947166886029449
1.0,7.0,1.8011155780947803
4.0,26.0,3.1751153059447397
1.0,4.0,0.18344742633697575
1.0,8.0,0.4048917837399551
8.0,43.0,3.480273647221768
0.0,3.0,0.34183999181129593
3.0,10.0,0.4904652079896338
5.0,33.0,2.1894295463722773
1.0,6.0,7.257751425318653
2.0,7.0,3.524909354611449
2.0,4.0,0.947166886029449
2.0,7.0,1.8011155780947803
12.0,26.0,3.1751153059447397
1.0,4.0,0.18344742633697575
4.0,8.0,0.4048917837399551
7.0,43.0,3.480273647221768
1.0,3.0,0.34183999181129593
4.0,10.0,0.4904652079896338
9.0,33.0,2.1894295463722773
3.0,6.0,7.257751425318653
4.0,7.0,3.524909354611449
3.0,4.0,0.947166886029449
1.0,7.0,1.8011155780947803
10.0,26.0,3.1751153059447397
1.0,4.0,0.18344742633697575
4.0,8.0,0.4048917837399551
20.0,43.0,3.480273647221768
2.0,3.0,0.34183999181129593
3.0,10.0,0.4904652079896338
11.0,33.0,2.1894295463722773
4.0,6.0,7.257751425318653
5.0,7.0,3.524909354611449
1.0,4.0,0.947166886029449
3.0,7.0,1.8011155780947803
9.0,26.0,3.1751153059447397
3.0,4.0,0.18344742633697575
6.0,8.0,0.4048917837399551
27.0,43.0,3.480273647221768
2.0,3.0,0.34183999181129593
5.0,10.0,0.4904652079896338
14.0,33.0,2.1894295463722773
4.0,6.0,7.257751425318653
1.0,7.0,3.524909354611449
1.0,4.0,0.947166886029449
3.0,7.0,1.8011155780947803
19.0,26.0,3.1751153059447397
3.0,4.0,0.18344742633697575
6.0,8.0,0.4048917837399551
25.0,43.0,3.480273647221768
3.0,3.0,0.34183999181129593
5.0,10.0,0.4904652079896338
23.0,33.0,2.1894295463722773
3.0,6.0,7.257751425318653
5.0,7.0,3.524909354611449
3.0,4.0,0.947166886029449
3.0,7.0,1.8011155780947803
16.0,26.0,3.1751153059447397
3.0,4.0,0.18344742633697575
7.0,8.0,0.4048917837399551
30.0,43.0,3.480273647221768
2.0,3.0,0.34183999181129593
5.0,10.0,0.4904652079896338
22.0,33.0,2.1894295463722773
4.0,6.0,7.257751425318653
6.0,7.0,3.524909354611449
2.0,4.0,0.947166886029449
6.0,7.0,1.8011155780947803
18.0,26.0,3.1751153059447397
4.0,4.0,0.18344742633697575
6.0,8.0,0.4048917837399551
32.0,43.0,3.480273647221768
3.0,3.0,0.34183999181129593
6.0,10.0,0.4904652079896338
29.0,33.0,2.1894295463722773
4.0,6.0,7.257751425318653
6.0,7.0,3.524909354611449
3.0,4.0,0.947166886029449
7.0,7.0,1.8011155780947803
24.0,26.0,3.1751153059447397
3.0,4.0,0.18344742633697575
8.0,8.0,0.4048917837399551
39.0,43.0,3.480273647221768
3.0,3.0,0.34183999181129593
8.0,10.0,0.4904652079896338
28.0,33.0,2.1894295463722773
1.0,5.0,5.068169008446251
2.0,9.0,6.264231805875905
2.0,5.0,1.3598831426189397
2.0,12.0,1.9740683760947046
4.0,7.0,1.6390086851099548
2.0,14.0,1.0523984962880177
3.0,28.0,2.455817357669142
6.0,91.0,4.347524516952768
2.0,14.0,0.25052520166973
7.0,70.0,1.3786930674999067
0.0,8.0,0.18870535981930636
1.0,5.0,5.068169008446251
5.0,9.0,6.264231805875905
0.0,5.0,1.3598831426189397
2.0,12.0,1.9740683760947046
2.0,7.0,1.6390086851099548
3.0,14.0,1.0523984962880177
4.0,28.0,2.455817357669142
16.0,91.0,4.347524516952768
3.0,14.0,0.25052520166973
16.0,70.0,1.3786930674999067
2.0,8.0,0.18870535981930636
1.0,5.0,5.068169008446251
0.0,9.0,6.264231805875905
0.0,5.0,1.3598831426189397
2.0,12.0,1.9740683760947046
4.0,7.0,1.6390086851099548
6.0,14.0,1.0523984962880177
12.0,28.0,2.455817357669142
27.0,91.0,4.347524516952768
3.0,14.0,0.25052520166973
24.0,70.0,1.3786930674999067
1.0,8.0,0.18870535981930636
2.0,5.0,5.068169008446251
2.0,9.0,6.264231805875905
2.0,5.0,1.3598831426189397
6.0,12.0,1.9740683760947046
2.0,7.0,1.6390086851099548
8.0,14.0,1.0523984962880177
11.0,28.0,2.455817357669142
38.0,91.0,4.347524516952768
7.0,14.0,0.25052520166973
33.0,70.0,1.3786930674999067
3.0,8.0,0.18870535981930636
3.0,5.0,5.068169008446251
3.0,9.0,6.264231805875905
2.0,5.0,1.3598831426189397
7.0,12.0,1.9740683760947046
4.0,7.0,1.6390086851099548
6.0,14.0,1.0523984962880177
20.0,28.0,2.455817357669142
44.0,91.0,4.347524516952768
5.0,14.0,0.25052520166973
33.0,70.0,1.3786930674999067
4.0,8.0,0.18870535981930636
3.0,5.0,5.068169008446251
6.0,9.0,6.264231805875905
4.0,5.0,1.3598831426189397
8.0,12.0,1.9740683760947046
1.0,7.0,1.6390086851099548
11.0,14.0,1.0523984962880177
13.0,28.0,2.455817357669142
64.0,91.0,4.347524516952768
7.0,14.0,0.25052520166973
43.0,70.0,1.3786930674999067
6.0,8.0,0.18870535981930636
3.0,5.0,5.068169008446251
8.0,9.0,6.264231805875905
3.0,5.0,1.3598831426189397
8.0,12.0,1.9740683760947046
7.0,7.0,1.6390086851099548
11.0,14.0,1.0523984962880177
23.0,28.0,2.455817357669142
63.0,91.0,4.347524516952768
12.0,14.0,0.25052520166973
49.0,70.0,1.3786930674999067
5.0,8.0,0.18870535981930636
4.0,5.0,5.068169008446251
6.0,9.0,6.264231805875905
4.0,5.0,1.3598831426189397
12.0,12.0,1.9740683760947046
5.0,7.0,1.6390086851099548
13.0,14.0,1.0523984962880177
24.0,28.0,2.455817357669142
73.0,91.0,4.347524516952768
10.0,14.0,0.25052520166973
53.0,70.0,1.3786930674999067
7.0,8.0,0.18870535981930636
5.0,5.0,5.068169008446251
9.0,9.0,6.264231805875905
4.0,5.0,1.3598831426189397
11.0,12.0,1.9740683760947046
7.0,7.0,1.6390086851099548
12.0,14.0,1.0523984962880177
26.0,28.0,2.455817357669142
84.0,91.0,4.347524516952768
13.0,14.0,0.25052520166973
63.0,70.0,1.3786930674999067
8.0,8.0,0.18870535981930636
1.0,9.0,12.081937753700661
0.0,2.0,0.8557891415573258
1.0,13.0,3.156424445988637
0.0,10.0,1.0586637478921734
9.0,91.0,6.622705531805528
2.0,41.0,1.620944539374242
8.0,71.0,1.1684154739008272
1.0,9.0,0.09080818218232986
4.0,15.0,0.43072319418456245
4.0,33.0,1.210802432608166
3.0,49.0,1.4618352574132838
3.0,9.0,12.081937753700661
0.0,2.0,0.8557891415573258
4.0,13.0,3.156424445988637
1.0,10.0,1.0586637478921734
17.0,91.0,6.622705531805528
7.0,41.0,1.620944539374242
6.0,71.0,1.1684154739008272
1.0,9.0,0.09080818218232986
1.0,15.0,0.43072319418456245
11.0,33.0,1.210802432608166
8.0,49.0,1.4618352574132838
4.0,9.0,12.081937753700661
0.0,2.0,0.8557891415573258
6.0,13.0,3.156424445988637
2.0,10.0,1.0586637478921734
21.0,91.0,6.622705531805528
7.0,41.0,1.620944539374242
18.0,71.0,1.1684154739008272
2.0,9.0,0.09080818218232986
6.0,15.0,0.43072319418456245
11.0,33.0,1.210802432608166
15.0,49.0,1.4618352574132838
2.0,9.0,12.081937753700661
1.0,2.0,0.8557891415573258
6.0,13.0,3.156424445988637
3.0,10.0,1.0586637478921734
40.0,91.0,6.622705531805528
14.0,41.0,1.620944539374242
35.0,71.0,1.1684154739008272
5.0,9.0,0.09080818218232986
4.0,15.0,0.43072319418456245
17.0,33.0,1.210802432608166
21.0,49.0,1.4618352574132838
6.0,9.0,12.081937753700661
1.0,2.0,0.8557891415573258
8.0,13.0,3.156424445988637
4.0,10.0,1.0586637478921734
49.0,91.0,6.622705531805528
20.0,41.0,1.620944539374242
35.0,71.0,1.1684154739008272
4.0,9.0,0.09080818218232986
8.0,15.0,0.43072319418456245
16.0,33.0,1.210802432608166
28.0,49.0,1.4618352574132838
5.0,9.0,12.081937753700661
2.0,2.0,0.8557891415573258
4.0,13.0,3.156424445988637
8.0,10.0,1.0586637478921734
61.0,91.0,6.622705531805528
18.0,41.0,1.620944539374242
45.0,71.0,1.1684154739008272
7.0,9.0,0.09080818218232986
6.0,15.0,0.43072319418456245
17.0,33.0,1.210802432608166
26.0,49.0,1.4618352574132838
7.0,9.0,12.081937753700661
2.0,2.0,0.8557891415573258
11.0,13.0,3.156424445988637
8.0,10.0,1.0586637478921734
60.0,91.0,6.622705531805528
28.0,41.0,1.620944539374242
51.0,71.0,1.1684154739008272
8.0,9.0,0.09080818218232986
11.0,15.0,0.43072319418456245
23.0,33.0,1.210802432608166
31.0,49.0,1.4618352574132838
7.0,9.0,12.081937753700661
2.0,2.0,0.8557891415573258
13.0,13.0,3.156424445988637
9.0,10.0,1.0586637478921734
75.0,91.0,6.622705531805528
32.0,41.0,1.620944539374242
56.0,71.0,1.1684154739008272
9.0,9.0,0.09080818218232986
11.0,15.0,0.43072319418456245
26.0,33.0,1.210802432608166
40.0,49.0,1.4618352574132838
8.0,9.0,12.081937753700661
2.0,2.0,0.8557891415573258
12.0,13.0,3.156424445988637
9.0,10.0,1.0586637478921734
79.0,91.0,6.622705531805528
37.0,41.0,1.620944539374242
61.0,71.0,1.1684154739008272
8.0,9.0,0.09080818218232986
15.0,15.0,0.43072319418456245
31.0,33.0,1.210802432608166
44.0,49.0,1.4618352574132838
2.0,4.0,9.871332037150092
4.0,34.0,12.103727084017562
0.0,2.0,0.2732717910423325
1.0,29.0,2.566154231979615
0.0,1.0,0.31939227746857934
3.0,28.0,1.6315972087291628
1.0,20.0,0.9680497150484423
3.0,15.0,0.7771390598877295
5.0,29.0,1.6490023621740706
1.0,43.0,1.3500544919996187
6.0,39.0,1.355466611268494
2.0,4.0,9.871332037150092
6.0,34.0,12.103727084017562
1.0,2.0,0.2732717910423325
3.0,29.0,2.566154231979615
1.0,1.0,0.31939227746857934
6.0,28.0,1.6315972087291628
5.0,20.0,0.9680497150484423
3.0,15.0,0.7771390598877295
6.0,29.0,1.6490023621740706
7.0,43.0,1.3500544919996187
10.0,39.0,1.355466611268494
3.0,4.0,9.871332037150092
11.0,34.0,12.103727084017562
1.0,2.0,0.2732717910423325
7.0,29.0,2.566154231979615
0.0,1.0,0.31939227746857934
11.0,28.0,1.6315972087291628
6.0,20.0,0.9680497150484423
4.0,15.0,0.7771390598877295
13.0,29.0,1.6490023621740706
9.0,43.0,1.3500544919996187
9.0,39.0,1.355466611268494
3.0,4.0,9.871332037150092
14.0,34.0,12.103727084017562
1.0,2.0,0.2732717910423325
12.0,29.0,2.566154231979615
1.0,1.0,0.31939227746857934
11.0,28.0,1.6315972087291628
8.0,20.0,0.9680497150484423
7.0,15.0,0.7771390598877295
8.0,29.0,1.6490023621740706
21.0,43.0,1.3500544919996187
14.0,39.0,1.355466611268494
3.0,4.0,9.871332037150092
19.0,34.0,12.103727084017562
2.0,2.0,0.2732717910423325
13.0,29.0,2.566154231979615
1.0,1.0,0.31939227746857934
10.0,28.0,1.6315972087291628
6.0,20.0,0.9680497150484423
8.0,15.0,0.7771390598877295
14.0,29.0,1.6490023621740706
24.0,43.0,1.3500544919996187
18.0,39.0,1.355466611268494
3.0,4.0,9.871332037150092
19.0,34.0,12.103727084017562
1.0,2.0,0.2732717910423325
15.0,29.0,2.566154231979615
1.0,1.0,0.31939227746857934
11.0,28.0,1.6315972087291628
12.0,20.0,0.9680497150484423
10.0,15.0,0.7771390598877295
13.0,29.0,1.6490023621740706
25.0,43.0,1.3500544919996187
21.0,39.0,1.355466611268494
2.0,4.0,9.871332037150092
23.0,34.0,12.103727084017562
1.0,2.0,0.2732717910423325
14.0,29.0,2.566154231979615
1.0,1.0,0.31939227746857934
21.0,28.0,1.6315972087291628
16.0,20.0,0.9680497150484423
11.0,15.0,0.7771390598877295
17.0,29.0,1.6490023621740706
23.0,43.0,1.3500544919996187
30.0,39.0,1.355466611268494
2.0,4.0,9.871332037150092
25.0,34.0,12.103727084017562
2.0,2.0,0.2732717910423325
26.0,29.0,2.566154231979615
1.0,1.0,0.31939227746857934
19.0,28.0,1.6315972087291628
15.0,20.0,0.9680497150484423
10.0,15.0,0.7771390598877295
22.0,29.0,1.6490023621740706
34.0,43.0,1.3500544919996187
30.0,39.0,1.355466611268494
3.0,4.0,9.871332037150092
29.0,34.0,12.103727084017562
2.0,2.0,0.2732717910423325
28.0,29.0,2.566154231979615
1.0,1.0,0.31939227746857934
25.0,28.0,1.6315972087291628
18.0,20.0,0.9680497150484423
13.0,15.0,0.7771390598877295
26.0,29.0,1.6490023621740706
40.0,43.0,1.3500544919996187
35.0,39.0,1.355466611268494
1.0,8.0,10.959374479474384
4.0,18.0,4.669500957738637
0.0,3.0,0.2772712598973129
0.0,18.0,2.0255271520673364
1.0,19.0,1.6442538039868075
0.0,8.0,0.40114703004812957
2.0,42.0,2.8750498532803648
2.0,15.0,0.5868781487199088
5.0,27.0,0.8091175374905546
6.0,66.0,2.3824063379505147
1.0,27.0,0.7438802514405284
2.0,8.0,10.959374479474384
6.0,18.0,4.669500957738637
1.0,3.0,0.2772712598973129
3.0,18.0,2.0255271520673364
6.0,19.0,1.6442538039868075
1.0,8.0,0.40114703004812957
9.0,42.0,2.8750498532803648
1.0,15.0,0.5868781487199088
1.0,27.0,0.8091175374905546
18.0,66.0,2.3824063379505147
9.0,27.0,0.7438802514405284
1.0,8.0,10.959374479474384
3.0,18.0,4.669500957738637
0.0,3.0,0.2772712598973129
8.0,18.0,2.0255271520673364
2.0,19.0,1.6442538039868075
3.0,8.0,0.40114703004812957
13.0,42.0,2.8750498532803648
6.0,15.0,0.5868781487199088
8.0,27.0,0.8091175374905546
17.0,66.0,2.3824063379505147
10.0,27.0,0.7438802514405284
1.0,8.0,10.959374479474384
10.0,18.0,4.669500957738637
1.0,3.0,0.2772712598973129
7.0,18.0,2.0255271520673364
7.0,19.0,1.6442538039868075
2.0,8.0,0.40114703004812957
15.0,42.0,2.8750498532803648
5.0,15.0,0.5868781487199088
11.0,27.0,0.8091175374905546
30.0,66.0,2.3824063379505147
10.0,27.0,0.7438802514405284
2.0,8.0,10.959374479474384
7.0,18.0,4.669500957738637
2.0,3.0,0.2772712598973129
9.0,18.0,2.0255271520673364
11.0,19.0,1.6442538039868075
4.0,8.0,0.40114703004812957
24.0,42.0,2.8750498532803648
6.0,15.0,0.5868781487199088
14.0,27.0,0.8091175374905546
41.0,66.0,2.3824063379505147
17.0,27.0,0.7438802514405284
3.0,8.0,10.959374479474384
8.0,18.0,4.669500957738637
2.0,3.0,0.2772712598973129
9.0,18.0,2.0255271520673364
11.0,19.0,1.6442538039868075
4.0,8.0,0.40114703004812957
27.0,42.0,2.8750498532803648
8.0,15.0,0.5868781487199088
16.0,27.0,0.8091175374905546
40.0,66.0,2.3824063379505147
17.0,27.0,0.7438802514405284
7.0,8.0,10.959374479474384
13.0,18.0,4.669500957738637
3.0,3.0,0.2772712598973129
10.0,18.0,2.0255271520673364
16.0,19.0,1.6442538039868075
6.0,8.0,0.40114703004812957
27.0,42.0,2.8750498532803648
12.0,15.0,0.5868781487199088
24.0,27.0,0.8091175374905546
40.0,66.0,2.3824063379505147
20.0,27.0,0.7438802514405284
5.0,8.0,10.959374479474384
13.0,18.0,4.669500957738637
1.0,3.0,0.2772712598973129
14.0,18.0,2.0255271520673364
16.0,19.0,1.6442538039868075
6.0,8.0,0.40114703004812957
32.0,42.0,2.8750498532803648
9.0,15.0,0.5868781487199088
25.0,27.0,0.8091175374905546
59.0,66.0,2.3824063379505147
19.0,27.0,0.7438802514405284
6.0,8.0,10.959374479474384
17.0,18.0,4.669500957738637
1.0,3.0,0.2772712598973129
15.0,18.0,2.0255271520673364
17.0,19.0,1.6442538039868075
8.0,8.0,0.40114703004812957
41.0,42.0,2.8750498532803648
15.0,15.0,0.5868781487199088
26.0,27.0,0.8091175374905546
61.0,66.0,2.3824063379505147
24.0,27.0,0.7438802514405284
1.0,2.0,0.8625560175743361
2.0,5.0,4.048818693655813
3.0,13.0,4.614331892510991
1.0,5.0,0.7063135064907198
6.0,70.0,5.819850723414994
1.0,23.0,1.0951143893488624
1.0,17.0,0.4747926407574944
0.0,9.0,0.3267668359522548
0.0,22.0,0.6236661657289909
1.0,6.0,0.702953116073784
3.0,29.0,2.048393593484582
1.0,2.0,0.8625560175743361
1.0,5.0,4.048818693655813
1.0,13.0,4.614331892510991
1.0,5.0,0.7063135064907198
16.0,70.0,5.819850723414994
4.0,23.0,1.0951143893488624
2.0,17.0,0.4747926407574944
2.0,9.0,0.3267668359522548
2.0,22.0,0.6236661657289909
0.0,6.0,0.702953116073784
3.0,29.0,2.048393593484582
1.0,2.0,0.8625560175743361
1.0,5.0,4.048818693655813
3.0,13.0,4.614331892510991
3.0,5.0,0.7063135064907198
21.0,70.0,5.819850723414994
6.0,23.0,1.0951143893488624
3.0,17.0,0.4747926407574944
4.0,9.0,0.3267668359522548
10.0,22.0,0.6236661657289909
1.0,6.0,0.702953116073784
8.0,29.0,2.048393593484582
2.0,2.0,0.8625560175743361
0.0,5.0,4.048818693655813
7.0,13.0,4.614331892510991
2.0,5.0,0.7063135064907198
26.0,70.0,5.819850723414994
7.0,23.0,1.0951143893488624
7.0,17.0,0.4747926407574944
3.0,9.0,0.3267668359522548
8.0,22.0,0.6236661657289909
2.0,6.0,0.702953116073784
15.0,29.0,2.048393593484582
2.0,2.0,0.8625560175743361
1.0,5.0,4.048818693655813
4.0,13.0,4.614331892510991
1.0,5.0,0.7063135064907198
27.0,70.0,5.819850723414994
9.0,23.0,1.0951143893488624
5.0,17.0,0.4747926407574944
4.0,9.0,0.3267668359522548
8.0,22.0,0.6236661657289909
2.0,6.0,0.702953116073784
17.0,29.0,2.048393593484582
1.0,2.0,0.8625560175743361
4.0,5.0,4.048818693655813
6.0,13.0,4.614331892510991
2.0,5.0,0.7063135064907198
38.0,70.0,5.819850723414994
15.0,23.0,1.0951143893488624
11.0,17.0,0.4747926407574944
7.0,9.0,0.3267668359522548
9.0,22.0,0.6236661657289909
5.0,6.0,0.702953116073784
17.0,29.0,2.048393593484582
2.0,2.0,0.8625560175743361
5.0,5.0,4.048818693655813
7.0,13.0,4.614331892510991
2.0,5.0,0.7063135064907198
53.0,70.0,5.819850723414994
14.0,23.0,1.0951143893488624
13.0,17.0,0.4747926407574944
6.0,9.0,0.3267668359522548
16.0,22.0,0.6236661657289909
6.0,6.0,0.702953116073784
19.0,29.0,2.048393593484582
2.0,2.0,0.8625560175743361
3.0,5.0,4.048818693655813
12.0,13.0,4.614331892510991
4.0,5.0,0.7063135064907198
59.0,70.0,5.819850723414994
22.0,23.0,1.0951143893488624
15.0,17.0,0.4747926407574944
7.0,9.0,0.3267668359522548
19.0,22.0,0.6236661657289909
5.0,6.0,0.702953116073784
21.0,29.0,2.048393593484582
2.0,2.0,0.8625560175743361
4.0,5.0,4.048818693655813
12.0,13.0,4.614331892510991
4.0,5.0,0.7063135064907198
65.0,70.0,5.819850723414994
21.0,23.0,1.0951143893488624
14.0,17.0,0.4747926407574944
9.0,9.0,0.3267668359522548
21.0,22.0,0.6236661657289909
4.0,6.0,0.702953116073784
29.0,29.0,2.048393593484582
1.0,2.0,6.091592923958917
1.0,4.0,5.311367914653438
1.0,11.0,3.048144753983306
2.0,27.0,3.428757420583584
6.0,32.0,2.527327984018927
2.0,22.0,1.0243887734859558
6.0,43.0,1.5026716678963206
2.0,14.0,0.4459137489086061
1.0,4.0,0.12407159417411887
2.0,31.0,1.9233320660950972
0.0,14.0,0.5961475393154092
2.0,2.0,6.091592923958917
0.0,4.0,5.311367914653438
2.0,11.0,3.048144753983306
7.0,27.0,3.428757420583584
4.0,32.0,2.527327984018927
8.0,22.0,1.0243887734859558
7.0,43.0,1.5026716678963206
2.0,14.0,0.4459137489086061
0.0,4.0,0.12407159417411887
4.0,31.0,1.9233320660950972
3.0,14.0,0.5961475393154092
1.0,2.0,6.091592923958917
1.0,4.0,5.311367914653438
4.0,11.0,3.048144753983306
6.0,27.0,3.428757420583584
7.0,32.0,2.527327984018927
7.0,22.0,1.0243887734859558
16.0,43.0,1.5026716678963206
3.0,14.0,0.4459137489086061
1.0,4.0,0.12407159417411887
12.0,31.0,1.9233320660950972
5.0,14.0,0.5961475393154092
1.0,2.0,6.091592923958917
3.0,4.0,5.311367914653438
4.0,11.0,3.048144753983306
9.0,27.0,3.428757420583584
12.0,32.0,2.527327984018927
7.0,22.0,1.0243887734859558
14.0,43.0,1.5026716678963206
6.0,14.0,0.4459137489086061
1.0,4.0,0.12407159417411887
11.0,31.0,1.9233320660950972
3.0,14.0,0.5961475393154092
1.0,2.0,6.091592923958917
1.0,4.0,5.311367914653438
3.0,11.0,3.048144753983306
10.0,27.0,3.428757420583584
20.0,32.0,2.527327984018927
10.0,22.0,1.0243887734859558
20.0,43.0,1.5026716678963206
8.0,14.0,0.4459137489086061
1.0,4.0,0.12407159417411887
16.0,31.0,1.9233320660950972
8.0,14.0,0.5961475393154092
1.0,2.0,6.091592923958917
4.0,4.0,5.311367914653438
8.0,11.0,3.048144753983306
18.0,27.0,3.428757420583584
21.0,32.0,2.527327984018927
16.0,22.0,1.0243887734859558
24.0,43.0,1.5026716678963206
11.0,14.0,0.4459137489086061
2.0,4.0,0.12407159417411887
21.0,31.0,1.9233320660950972
10.0,14.0,0.5961475393154092
1.0,2.0,6.091592923958917
2.0,4.0,5.311367914653438
8.0,11.0,3.048144753983306
21.0,27.0,3.428757420583584
21.0,32.0,2.527327984018927
14.0,22.0,1.0243887734859558
30.0,43.0,1.5026716678963206
10.0,14.0,0.4459137489086061
3.0,4.0,0.12407159417411887
25.0,31.0,1.9233320660950972
11.0,14.0,0.5961475393154092
2.0,2.0,6.091592923958917
2.0,4.0,5.311367914653438
8.0,11.0,3.048144753983306
20.0,27.0,3.428757420583584
26.0,32.0,2.527327984018927
19.0,22.0,1.0243887734859558
33.0,43.0,1.5026716678963206
12.0,14.0,0.4459137489086061
4.0,4.0,0.12407159417411887
27.0,31.0,1.9233320660950972
11.0,14.0,0.5961475393154092
2.0,2.0,6.091592923958917
4.0,4.0,5.311367914653438
11.0,11.0,3.048144753983306
23.0,27.0,3.428757420583584
28.0,32.0,2.527327984018927
18.0,22.0,1.0243887734859558
38.0,43.0,1.5026716678963206
14.0,14.0,0.4459137489086061
4.0,4.0,0.12407159417411887
30.0,31.0,1.9233320660950972
13.0,14.0,0.5961475393154092
1.0,3.0,2.2526816702582004
1.0,5.0,2.8418272953894657
0.0,10.0,5.686984962810873
3.0,25.0,4.965960989336442
0.0,6.0,0.8300511754018199
3.0,34.0,2.6743628362315954
2.0,13.0,0.6922768897716838
4.0,35.0,2.264074937638233
10.0,107.0,3.446567269663347
10.0,120.0,2.4148988907703126
3.0,44.0,0.590183372441316
2.0,3.0,2.2526816702582004
0.0,5.0,2.8418272953894657
2.0,10.0,5.686984962810873
3.0,25.0,4.965960989336442
3.0,6.0,0.8300511754018199
4.0,34.0,2.6743628362315954
2.0,13.0,0.6922768897716838
11.0,35.0,2.264074937638233
17.0,107.0,3.446567269663347
24.0,120.0,2.4148988907703126
5.0,44.0,0.590183372441316
1.0,3.0,2.2526816702582004
3.0,5.0,2.8418272953894657
7.0,10.0,5.686984962810873
6.0,25.0,4.965960989336442
0.0,6.0,0.8300511754018199
10.0,34.0,2.6743628362315954
5.0,13.0,0.6922768897716838
16.0,35.0,2.264074937638233
35.0,107.0,3.446567269663347
41.0,120.0,2.4148988907703126
10.0,44.0,0.590183372441316
2.0,3.0,2.2526816702582004
4.0,5.0,2.8418272953894657
4.0,10.0,5.686984962810873
12.0,25.0,4.965960989336442
1.0,6.0,0.8300511754018199
14.0,34.0,2.6743628362315954
4.0,13.0,0.6922768897716838
13.0,35.0,2.264074937638233
39.0,107.0,3.446567269663347
44.0,120.0,2.4148988907703126
21.0,44.0,0.590183372441316
1.0,3.0,2.2526816702582004
3.0,5.0,2.8418272953894657
6.0,10.0,5.686984962810873
12.0,25.0,4.965960989336442
4.0,6.0,0.8300511754018199
12.0,34.0,2.6743628362315954
8.0,13.0,0.6922768897716838
19.0,35.0,2.264074937638233
52.0,107.0,3.446567269663347
54.0,120.0,2.4148988907703126
23.0,44.0,0.590183372441316
3.0,3.0,2.2526816702582004
4.0,5.0,2.8418272953894657
4.0,10.0,5.686984962810873
13.0,25.0,4.965960989336442
3.0,6.0,0.8300511754018199
21.0,34.0,2.6743628362315954
12.0,13.0,0.6922768897716838
19.0,35.0,2.264074937638233
61.0,107.0,3.446567269663347
71.0,120.0,2.4148988907703126
22.0,44.0,0.590183372441316
1.0,3.0,2.2526816702582004
2.0,5.0,2.8418272953894657
6.0,10.0,5.686984962810873
17.0,25.0,4.965960989336442
6.0,6.0,0.8300511754018199
25.0,34.0,2.6743628362315954
9.0,13.0,0.6922768897716838
24.0,35.0,2.264074937638233
72.0,107.0,3.446567269663347
79.0,120.0,2.4148988907703126
32.0,44.0,0.590183372441316
3.0,3.0,2.2526816702582004
4.0,5.0,2.8418272953894657
8.0,10.0,5.686984962810873
23.0,25.0,4.965960989336442
5.0,6.0,0.8300511754018199
29.0,34.0,2.6743628362315954
13.0,13.0,0.6922768897716838
26.0,35.0,2.264074937638233
85.0,107.0,3.446567269663347
97.0,120.0,2.4148988907703126
35.0,44.0,0.590183372441316
2.0,3.0,2.2526816702582004
5.0,5.0,2.8418272953894657
7.0,10.0,5.686984962810873
23.0,25.0,4.965960989336442
5.0,6.0,0.8300511754018199
31.0,34.0,2.6743628362315954
13.0,13.0,0.6922768897716838
34.0,35.0,2.264074937638233
94.0,107.0,3.446567269663347
99.0,120.0,2.4148988907703126
43.0,44.0,0.590183372441316
1.0,2.0,3.8385111548989865
0.0,7.0,6.367539226055935
3.0,16.0,7.1966359948570355
2.0,18.0,1.7483365102595896
1.0,9.0,0.5883315643159067
2.0,22.0,1.6351472259461837
4.0,43.0,2.6849141645682715
2.0,14.0,0.5946078830973504
0.0,5.0,0.1966992586562225
7.0,48.0,2.0174127547348664
4.0,16.0,0.8419699144997858
1.0,2.0,3.8385111548989865
0.0,7.0,6.367539226055935
5.0,16.0,7.1966359948570355
7.0,18.0,1.7483365102595896
1.0,9.0,0.5883315643159067
3.0,22.0,1.6351472259461837
10.0,43.0,2.6849141645682715
2.0,14.0,0.5946078830973504
1.0,5.0,0.1966992586562225
7.0,48.0,2.0174127547348664
2.0,16.0,0.8419699144997858
1.0,2.0,3.8385111548989865
3.0,7.0,6.367539226055935
6.0,16.0,7.1966359948570355
7.0,18.0,1.7483365102595896
4.0,9.0,0.5883315643159067
8.0,22.0,1.6351472259461837
13.0,43.0,2.6849141645682715
3.0,14.0,0.5946078830973504
2.0,5.0,0.1966992586562225
11.0,48.0,2.0174127547348664
5.0,16.0,0.8419699144997858
1.0,2.0,3.8385111548989865
1.0,7.0,6.367539226055935
7.0,16.0,7.1966359948570355
3.0,18.0,1.7483365102595896
5.0,9.0,0.5883315643159067
10.0,22.0,1.6351472259461837
12.0,43.0,2.6849141645682715
7.0,14.0,0.5946078830973504
3.0,5.0,0.1966992586562225
21.0,48.0,2.0174127547348664
8.0,16.0,0.8419699144997858
2.0,2.0,3.8385111548989865
3.0,7.0,6.367539226055935
8.0,16.0,7.1966359948570355
9.0,18.0,1.7483365102595896
6.0,9.0,0.5883315643159067
15.0,22.0,1.6351472259461837
18.0,43.0,2.6849141645682715
6.0,14.0,0.5946078830973504
4.0,5.0,0.1966992586562225
24.0,48.0,2.0174127547348664
9.0,16.0,0.8419699144997858
1.0,2.0,3.8385111548989865
4.0,7.0,6.367539226055935
9.0,16.0,7.1966359948570355
11.0,18.0,1.7483365102595896
4.0,9.0,0.5883315643159067
15.0,22.0,1.6351472259461837
26.0,43.0,2.6849141645682715
10.0,14.0,0.5946078830973504
3.0,5.0,0.1966992586562225
36.0,48.0,2.0174127547348664
7.0,16.0,0.8419699144997858
2.0,2.0,3.8385111548989865
4.0,7.0,6.367539226055935
10.0,16.0,7.1966359948570355
11.0,18.0,1.7483365102595896
8.0,9.0,0.5883315643159067
17.0,22.0,1.6351472259461837
30.0,43.0,2.6849141645682715
13.0,14.0,0.5946078830973504
3.0,5.0,0.1966992586562225
35.0,48.0,2.0174127547348664
10.0,16.0,0.8419699144997858
2.0,2.0,3.8385111548989865
6.0,7.0,6.367539226055935
13.0,16.0,7.1966359948570355
16.0,18.0,1.7483365102595896
6.0,9.0,0.5883315643159067
18.0,22.0,1.6351472259461837
34.0,43.0,2.6849141645682715
11.0,14.0,0.5946078830973504
5.0,5.0,0.1966992586562225
42.0,48.0,2.0174127547348664
14.0,16.0,0.8419699144997858
2.0,2.0,3.8385111548989865
7.0,7.0,6.367539226055935
16.0,16.0,7.1966359948570355
17.0,18.0,1.7483365102595896
7.0,9.0,0.5883315643159067
20.0,22.0,1.6351472259461837
40.0,43.0,2.6849141645682715
14.0,14.0,0.5946078830973504
5.0,5.0,0.1966992586562225
38.0,48.0,2.0174127547348664
14.0,16.0,0.8419699144997858
2.0,4.0,4.861716153997794
0.0,5.0,1.303773727126576
2.0,22.0,5.16711935919829
0.0,4.0,0.5112878915211435
4.0,88.0,6.99357472497983
2.0,13.0,0.6270346818727699
2.0,10.0,0.4002174352902616
6.0,52.0,2.006413725755065
3.0,15.0,0.549149715149817
18.0,107.0,3.6310093269473347
5.0,45.0,0.7417399002542301
1.0,4.0,4.861716153997794
2.0,5.0,1.303773727126576
3.0,22.0,5.16711935919829
0.0,4.0,0.5112878915211435
22.0,88.0,6.99357472497983
3.0,13.0,0.6270346818727699
2.0,10.0,0.4002174352902616
7.0,52.0,2.006413725755065
1.0,15.0,0.549149715149817
18.0,107.0,3.6310093269473347
11.0,45.0,0.7417399002542301
1.0,4.0,4.861716153997794
2.0,5.0,1.303773727126576
6.0,22.0,5.16711935919829
2.0,4.0,0.5112878915211435
20.0,88.0,6.99357472497983
7.0,13.0,0.6270346818727699
4.0,10.0,0.4002174352902616
12.0,52.0,2.006413725755065
6.0,15.0,0.549149715149817
33.0,107.0,3.6310093269473347
15.0,45.0,0.7417399002542301
1.0,4.0,4.861716153997794
1.0,5.0,1.303773727126576
8.0,22.0,5.16711935919829
4.0,4.0,0.5112878915211435
33.0,88.0,6.99357472497983
5.0,13.0,0.6270346818727699
5.0,10.0,0.4002174352902616
21.0,52.0,2.006413725755065
7.0,15.0,0.549149715149817
43.0,107.0,3.6310093269473347
14.0,45.0,0.7417399002542301
2.0,4.0,4.861716153997794
1.0,5.0,1.303773727126576
14.0,22.0,5.16711935919829
2.0,4.0,0.5112878915211435
41.0,88.0,6.99357472497983
7.0,13.0,0.6270346818727699
5.0,10.0,0.4002174352902616
22.0,52.0,2.006413725755065
5.0,15.0,0.549149715149817
56.0,107.0,3.6310093269473347
25.0,45.0,0.7417399002542301
2.0,4.0,4.861716153997794
3.0,5.0,1.303773727126576
15.0,22.0,5.16711935919829
2.0,4.0,0.5112878915211435
56.0,88.0,6.99357472497983
10.0,13.0,0.6270346818727699
7.0,10.0,0.4002174352902616
36.0,52.0,2.006413725755065
8.0,15.0,0.549149715149817
66.0,107.0,3.6310093269473347
27.0,45.0,0.7417399002542301
3.0,4.0,4.861716153997794
4.0,5.0,1.303773727126576
11.0,22.0,5.16711935919829
2.0,4.0,0.5112878915211435
62.0,88.0,6.99357472497983
10.0,13.0,0.6270346818727699
9.0,10.0,0.4002174352902616
37.0,52.0,2.006413725755065
8.0,15.0,0.549149715149817
70.0,107.0,3.6310093269473347
30.0,45.0,0.7417399002542301
4.0,4.0,4.861716153997794
4.0,5.0,1.303773727126576
18.0,22.0,5.16711935919829
3.0,4.0,0.5112878915211435
70.0,88.0,6.99357472497983
10.0,13.0,0.6270346818727699
6.0,10.0,0.4002174352902616
41.0,52.0,2.006413725755065
12.0,15.0,0.549149715149817
83.0,107.0,3.6310093269473347
37.0,45.0,0.7417399002542301
4.0,4.0,4.861716153997794
5.0,5.0,1.303773727126576
21.0,22.0,5.16711935919829
2.0,4.0,0.5112878915211435
79.0,88.0,6.99357472497983
13.0,13.0,0.6270346818727699
10.0,10.0,0.4002174352902616
46.0,52.0,2.006413725755065
14.0,15.0,0.549149715149817
98.0,107.0,3.6310093269473347
41.0,45.0,0.7417399002542301
1.0,4.0,6.209677972641784
0.0,5.0,2.416628161105079
2.0,3.0,1.3980027544201181
3.0,12.0,4.113410264760082
0.0,4.0,0.8005067249464629
8.0,54.0,7.097242850405481
6.0,78.0,3.2521253253067464
3.0,12.0,0.3286350803862112
12.0,70.0,1.6789891751551045
8.0,68.0,1.5271293716843934
2.0,17.0,0.3364686497523551
1.0,4.0,6.209677972641784
2.0,5.0,2.416628161105079
0.0,3.0,1.3980027544201181
4.0,12.0,4.113410264760082
1.0,4.0,0.8005067249464629
8.0,54.0,7.097242850405481
14.0,78.0,3.2521253253067464
2.0,12.0,0.3286350803862112
15.0,70.0,1.6789891751551045
13.0,68.0,1.5271293716843934
1.0,17.0,0.3364686497523551
1.0,4.0,6.209677972641784
2.0,5.0,2.416628161105079
2.0,3.0,1.3980027544201181
2.0,12.0,4.113410264760082
2.0,4.0,0.8005067249464629
12.0,54.0,7.097242850405481
22.0,78.0,3.2521253253067464
4.0,12.0,0.3286350803862112
16.0,70.0,1.6789891751551045
14.0,68.0,1.5271293716843934
2.0,17.0,0.3364686497523551
2.0,4.0,6.209677972641784
3.0,5.0,2.416628161105079
1.0,3.0,1.3980027544201181
3.0,12.0,4.113410264760082
1.0,4.0,0.8005067249464629
18.0,54.0,7.097242850405481
25.0,78.0,3.2521253253067464
6.0,12.0,0.3286350803862112
28.0,70.0,1.6789891751551045
21.0,68.0,1.5271293716843934
6.0,17.0,0.3364686497523551
2.0,4.0,6.209677972641784
4.0,5.0,2.416628161105079
1.0,3.0,1.3980027544201181
7.0,12.0,4.113410264760082
3.0,4.0,0.8005067249464629
25.0,54.0,7.097242850405481
38.0,78.0,3.2521253253067464
7.0,12.0,0.3286350803862112
34.0,70.0,1.6789891751551045
35.0,68.0,1.5271293716843934
12.0,17.0,0.3364686497523551
2.0,4.0,6.209677972641784
4.0,5.0,2.416628161105079
2.0,3.0,1.3980027544201181
7.0,12.0,4.113410264760082
1.0,4.0,0.8005067249464629
33.0,54.0,7.097242850405481
47.0,78.0,3.2521253253067464
8.0,12.0,0.3286350803862112
39.0,70.0,1.6789891751551045
38.0,68.0,1.5271293716843934
7.0,17.0,0.3364686497523551
4.0,4.0,6.209677972641784
5.0,5.0,2.416628161105079
2.0,3.0,1.3980027544201181
6.0,12.0,4.113410264760082
4.0,4.0,0.8005067249464629
42.0,54.0,7.097242850405481
53.0,78.0,3.2521253253067464
11.0,12.0,0.3286350803862112
46.0,70.0,1.6789891751551045
46.0,68.0,1.5271293716843934
14.0,17.0,0.3364686497523551
3.0,4.0,6.209677972641784
4.0,5.0,2.416628161105079
2.0,3.0,1.3980027544201181
8.0,12.0,4.113410264760082
2.0,4.0,0.8005067249464629
43.0,54.0,7.097242850405481
63.0,78.0,3.2521253253067464
10.0,12.0,0.3286350803862112
56.0,70.0,1.6789891751551045
57.0,68.0,1.5271293716843934
15.0,17.0,0.3364686497523551
4.0,4.0,6.209677972641784
4.0,5.0,2.416628161105079
3.0,3.0,1.3980027544201181
11.0,12.0,4.113410264760082
4.0,4.0,0.8005067249464629
49.0,54.0,7.097242850405481
70.0,78.0,3.2521253253067464
10.0,12.0,0.3286350803862112
66.0,70.0,1.6789891751551045
63.0,68.0,1.5271293716843934
15.0,17.0,0.3364686497523551
2.0,6.0,7.2987738838634115
1.0,10.0,6.273226597240961
2.0,35.0,5.478194829083506
3.0,24.0,1.959569255458593
5.0,70.0,2.865148133412838
1.0,10.0,0.3218361460227214
3.0,42.0,1.0546975906703906
4.0,43.0,0.9601166623211518
3.0,47.0,1.4496722937618949
4.0,11.0,0.22669982666752417
2.0,17.0,0.5423636100721837
1.0,6.0,7.2987738838634115
3.0,10.0,6.273226597240961
6.0,35.0,5.478194829083506
3.0,24.0,1.959569255458593
12.0,70.0,2.865148133412838
0.0,10.0,0.3218361460227214
3.0,42.0,1.0546975906703906
7.0,43.0,0.9601166623211518
6.0,47.0,1.4496722937618949
3.0,11.0,0.22669982666752417
4.0,17.0,0.5423636100721837
1.0,6.0,7.2987738838634115
2.0,10.0,6.273226597240961
7.0,35.0,5.478194829083506
14.0,24.0,1.959569255458593
16.0,70.0,2.865148133412838
0.0,10.0,0.3218361460227214
17.0,42.0,1.0546975906703906
12.0,43.0,0.9601166623211518
13.0,47.0,1.4496722937618949
5.0,11.0,0.22669982666752417
3.0,17.0,0.5423636100721837
4.0,6.0,7.2987738838634115
4.0,10.0,6.273226597240961
13.0,35.0,5.478194829083506
13.0,24.0,1.959569255458593
25.0,70.0,2.865148133412838
6.0,10.0,0.3218361460227214
18.0,42.0,1.0546975906703906
20.0,43.0,0.9601166623211518
15.0,47.0,1.4496722937618949
4.0,11.0,0.22669982666752417
7.0,17.0,0.5423636100721837
6.0,6.0,7.2987738838634115
6.0,10.0,6.273226597240961
14.0,35.0,5.478194829083506
14.0,24.0,1.959569255458593
38.0,70.0,2.865148133412838
6.0,10.0,0.3218361460227214
19.0,42.0,1.0546975906703906
19.0,43.0,0.9601166623211518
22.0,47.0,1.4496722937618949
8.0,11.0,0.22669982666752417
7.0,17.0,0.5423636100721837
3.0,6.0,7.2987738838634115
3.0,10.0,6.273226597240961
24.0,35.0,5.478194829083506
13.0,24.0,1.959569255458593
42.0,70.0,2.865148133412838
6.0,10.0,0.3218361460227214
20.0,42.0,1.0546975906703906
20.0,43.0,0.9601166623211518
25.0,47.0,1.4496722937618949
8.0,11.0,0.22669982666752417
12.0,17.0,0.5423636100721837
4.0,6.0,7.2987738838634115
9.0,10.0,6.273226597240961
21.0,35.0,5.478194829083506
16.0,24.0,1.959569255458593
47.0,70.0,2.865148133412838
7.0,10.0,0.3218361460227214
27.0,42.0,1.0546975906703906
33.0,43.0,0.9601166623211518
34.0,47.0,1.4496722937618949
6.0,11.0,0.22669982666752417
12.0,17.0,0.5423636100721837
6.0,6.0,7.2987738838634115
8.0,10.0,6.273226597240961
29.0,35.0,5.478194829083506
22.0,24.0,1.959569255458593
60.0,70.0,2.865148133412838
8.0,10.0,0.3218361460227214
35.0,42.0,1.0546975906703906
37.0,43.0,0.9601166623211518
41.0,47.0,1.4496722937618949
9.0,11.0,0.22669982666752417
13.0,17.0,0.5423636100721837
6.0,6.0,7.2987738838634115
9.0,10.0,6.273226597240961
31.0,35.0,5.478194829083506
23.0,24.0,1.959569255458593
66.0,70.0,2.865148133412838
10.0,10.0,0.3218361460227214
37.0,42.0,1.0546975906703906
40.0,43.0,0.9601166623211518
43.0,47.0,1.4496722937618949
9.0,11.0,0.22669982666752417
15.0,17.0,0.5423636100721837
2.0,3.0,3.4948498301547377
1.0,9.0,5.855794013267362
0.0,10.0,1.718852276423989
3.0,21.0,2.9073594313084166
4.0,32.0,2.6837863810229443
5.0,51.0,2.0383384941676193
5.0,50.0,1.5979301340237522
10.0,102.0,2.189712479528549
7.0,102.0,1.6551390640519479
0.0,5.0,0.05001505984876739
1.0,12.0,0.2662349458615492
1.0,3.0,3.4948498301547377
0.0,9.0,5.855794013267362
3.0,10.0,1.718852276423989
1.0,21.0,2.9073594313084166
6.0,32.0,2.6837863810229443
11.0,51.0,2.0383384941676193
5.0,50.0,1.5979301340237522
19.0,102.0,2.189712479528549
21.0,102.0,1.6551390640519479
0.0,5.0,0.05001505984876739
2.0,12.0,0.2662349458615492
2.0,3.0,3.4948498301547377
2.0,9.0,5.855794013267362
4.0,10.0,1.718852276423989
5.0,21.0,2.9073594313084166
13.0,32.0,2.6837863810229443
11.0,51.0,2.0383384941676193
21.0,50.0,1.5979301340237522
40.0,102.0,2.189712479528549
30.0,102.0,1.6551390640519479
2.0,5.0,0.05001505984876739
3.0,12.0,0.2662349458615492
2.0,3.0,3.4948498301547377
2.0,9.0,5.855794013267362
2.0,10.0,1.718852276423989
11.0,21.0,2.9073594313084166
14.0,32.0,2.6837863810229443
17.0,51.0,2.0383384941676193
25.0,50.0,1.5979301340237522
30.0,102.0,2.189712479528549
32.0,102.0,1.6551390640519479
1.0,5.0,0.05001505984876739
3.0,12.0,0.2662349458615492
1.0,3.0,3.4948498301547377
4.0,9.0,5.855794013267362
5.0,10.0,1.718852276423989
11.0,21.0,2.9073594313084166
19.0,32.0,2.6837863810229443
25.0,51.0,2.0383384941676193
21.0,50.0,1.5979301340237522
55.0,102.0,2.189712479528549
46.0,102.0,1.6551390640519479
5.0,5.0,0.05001505984876739
3.0,12.0,0.2662349458615492
1.0,3.0,3.4948498301547377
5.0,9.0,5.855794013267362
4.0,10.0,1.718852276423989
12.0,21.0,2.9073594313084166
20.0,32.0,2.6837863810229443
27.0,51.0,2.0383384941676193
26.0,50.0,1.5979301340237522
55.0,102.0,2.189712479528549
59.0,102.0,1.6551390640519479
2.0,5.0,0.05001505984876739
8.0,12.0,0.2662349458615492
1.0,3.0,3.4948498301547377
6.0,9.0,5.855794013267362
8.0,10.0,1.718852276423989
17.0,21.0,2.9073594313084166
22.0,32.0,2.6837863810229443
33.0,51.0,2.0383384941676193
35.0,50.0,1.5979301340237522
69.0,102.0,2.189712479528549
79.0,102.0,1.6551390640519479
4.0,5.0,0.05001505984876739
8.0,12.0,0.2662349458615492
2.0,3.0,3.4948498301547377
7.0,9.0,5.855794013267362
8.0,10.0,1.718852276423989
14.0,21.0,2.9073594313084166
26.0,32.0,2.6837863810229443
44.0,51.0,2.0383384941676193
36.0,50.0,1.5979301340237522
78.0,102.0,2.189712479528549
82.0,102.0,1.6551390640519479
4.0,5.0,0.05001505984876739
7.0,12.0,0.2662349458615492
3.0,3.0,3.4948498301547377
7.0,9.0,5.855794013267362
10.0,10.0,1.718852276423989
20.0,21.0,2.9073594313084166
30.0,32.0,2.6837863810229443
46.0,51.0,2.0383384941676193
45.0,50.0,1.5979301340237522
98.0,102.0,2.189712479528549
92.0,102.0,1.6551390640519479
5.0,5.0,0.05001505984876739
9.0,12.0,0.2662349458615492
1.0,3.0,3.01874432996456
2.0,12.0,5.109473034686274
1.0,19.0,4.227847523700168
2.0,41.0,3.5865646005884844
1.0,15.0,1.0216536699160035
3.0,16.0,0.966822887346435
1.0,42.0,1.8389307536110215
2.0,20.0,0.8560751091525752
7.0,81.0,2.924139171304361
0.0,7.0,0.11245569735907449
1.0,41.0,0.7748292566681991
1.0,3.0,3.01874432996456
4.0,12.0,5.109473034686274
3.0,19.0,4.227847523700168
7.0,41.0,3.5865646005884844
2.0,15.0,1.0216536699160035
5.0,16.0,0.966822887346435
14.0,42.0,1.8389307536110215
2.0,20.0,0.8560751091525752
13.0,81.0,2.924139171304361
3.0,7.0,0.11245569735907449
5.0,41.0,0.7748292566681991
1.0,3.0,3.01874432996456
4.0,12.0,5.109473034686274
2.0,19.0,4.227847523700168
15.0,41.0,3.5865646005884844
6.0,15.0,1.0216536699160035
6.0,16.0,0.966822887346435
12.0,42.0,1.8389307536110215
7.0,20.0,0.8560751091525752
21.0,81.0,2.924139171304361
0.0,7.0,0.11245569735907449
13.0,41.0,0.7748292566681991
3.0,3.0,3.01874432996456
5.0,12.0,5.109473034686274
7.0,19.0,4.227847523700168
12.0,41.0,3.5865646005884844
3.0,15.0,1.0216536699160035
4.0,16.0,0.966822887346435
20.0,42.0,1.8389307536110215
9.0,20.0,0.8560751091525752
34.0,81.0,2.924139171304361
3.0,7.0,0.11245569735907449
13.0,41.0,0.7748292566681991
2.0,3.0,3.01874432996456
6.0,12.0,5.109473034686274
11.0,19.0,4.227847523700168
22.0,41.0,3.5865646005884844
7.0,15.0,1.0216536699160035
13.0,16.0,0.966822887346435
25.0,42.0,1.8389307536110215
12.0,20.0,0.8560751091525752
47.0,81.0,2.924139171304361
4.0,7.0,0.11245569735907449
19.0,41.0,0.7748292566681991
1.0,3.0,3.01874432996456
8.0,12.0,5.109473034686274
12.0,19.0,4.227847523700168
24.0,41.0,3.5865646005884844
7.0,15.0,1.0216536699160035
9.0,16.0,0.966822887346435
29.0,42.0,1.8389307536110215
7.0,20.0,0.8560751091525752
52.0,81.0,2.924139171304361
4.0,7.0,0.11245569735907449
21.0,41.0,0.7748292566681991
3.0,3.0,3.01874432996456
12.0,12.0,5.109473034686274
10.0,19.0,4.227847523700168
24.0,41.0,3.5865646005884844
9.0,15.0,1.0216536699160035
12.0,16.0,0.966822887346435
31.0,42.0,1.8389307536110215
13.0,20.0,0.8560751091525752
59.0,81.0,2.924139171304361
5.0,7.0,0.11245569735907449
27.0,41.0,0.7748292566681991
1.0,3.0,3.01874432996456
12.0,12.0,5.109473034686274
15.0,19.0,4.227847523700168
28.0,41.0,3.5865646005884844
14.0,15.0,1.0216536699160035
13.0,16.0,0.966822887346435
34.0,42.0,1.8389307536110215
17.0,20.0,0.8560751091525752
61.0,81.0,2.924139171304361
5.0,7.0,0.11245569735907449
34.0,41.0,0.7748292566681991
3.0,3.0,3.01874432996456
10.0,12.0,5.109473034686274
16.0,19.0,4.227847523700168
39.0,41.0,3.5865646005884844
12.0,15.0,1.0216536699160035
13.0,16.0,0.966822887346435
36.0,42.0,1.8389307536110215
15.0,20.0,0.8560751091525752
73.0,81.0,2.924139171304361
6.0,7.0,0.11245569735907449
36.0,41.0,0.7748292566681991
1.0,7.0,11.845520298385372
3.0,9.0,2.851680162574622
1.0,5.0,1.5306239924414755
2.0,15.0,2.162660144833107
1.0,11.0,1.2330076473008869
9.0,93.0,7.647699173102478
5.0,49.0,1.5567211663446994
0.0,8.0,0.19547084812671497
0.0,4.0,0.1741250831984787
2.0,10.0,0.2777153005624704
13.0,54.0,2.446647234446075
1.0,7.0,11.845520298385372
1.0,9.0,2.851680162574622
2.0,5.0,1.5306239924414755
5.0,15.0,2.162660144833107
1.0,11.0,1.2330076473008869
13.0,93.0,7.647699173102478
9.0,49.0,1.5567211663446994
4.0,8.0,0.19547084812671497
2.0,4.0,0.1741250831984787
2.0,10.0,0.2777153005624704
11.0,54.0,2.446647234446075
3.0,7.0,11.845520298385372
4.0,9.0,2.851680162574622
1.0,5.0,1.5306239924414755
3.0,15.0,2.162660144833107
1.0,11.0,1.2330076473008869
21.0,93.0,7.647699173102478
8.0,49.0,1.5567211663446994
2.0,8.0,0.19547084812671497
1.0,4.0,0.1741250831984787
4.0,10.0,0.2777153005624704
18.0,54.0,2.446647234446075
1.0,7.0,11.845520298385372
5.0,9.0,2.851680162574622
2.0,5.0,1.5306239924414755
6.0,15.0,2.162660144833107
3.0,11.0,1.2330076473008869
44.0,93.0,7.647699173102478
21.0,49.0,1.5567211663446994
6.0,8.0,0.19547084812671497
2.0,4.0,0.1741250831984787
4.0,10.0,0.2777153005624704
18.0,54.0,2.446647234446075
3.0,7.0,11.845520298385372
3.0,9.0,2.851680162574622
4.0,5.0,1.5306239924414755
10.0,15.0,2.162660144833107
5.0,11.0,1.2330076473008869
44.0,93.0,7.647699173102478
21.0,49.0,1.5567211663446994
5.0,8.0,0.19547084812671497
2.0,4.0,0.1741250831984787
4.0,10.0,0.2777153005624704
29.0,54.0,2.446647234446075
5.0,7.0,11.845520298385372
7.0,9.0,2.851680162574622
3.0,5.0,1.5306239924414755
9.0,15.0,2.162660144833107
8.0,11.0,1.2330076473008869
59.0,93.0,7.647699173102478
28.0,49.0,1.5567211663446994
5.0,8.0,0.19547084812671497
2.0,4.0,0.1741250831984787
4.0,10.0,0.2777153005624704
29.0,54.0,2.446647234446075
6.0,7.0,11.845520298385372
6.0,9.0,2.851680162574622
4.0,5.0,1.5306239924414755
10.0,15.0,2.162660144833107
8.0,11.0,1.2330076473008869
70.0,93.0,7.647699173102478
34.0,49.0,1.5567211663446994
5.0,8.0,0.19547084812671497
3.0,4.0,0.1741250831984787
5.0,10.0,0.2777153005624704
36.0,54.0,2.446647234446075
7.0,7.0,11.845520298385372
8.0,9.0,2.851680162574622
4.0,5.0,1.5306239924414755
14.0,15.0,2.162660144833107
9.0,11.0,1.2330076473008869
65.0,93.0,7.647699173102478
38.0,49.0,1.5567211663446994
7.0,8.0,0.19547084812671497
3.0,4.0,0.1741250831984787
9.0,10.0,0.2777153005624704
46.0,54.0,2.446647234446075
7.0,7.0,11.845520298385372
9.0,9.0,2.851680162574622
5.0,5.0,1.5306239924414755
14.0,15.0,2.162660144833107
11.0,11.0,1.2330076473008869
83.0,93.0,7.647699173102478
44.0,49.0,1.5567211663446994
7.0,8.0,0.19547084812671497
4.0,4.0,0.1741250831984787
10.0,10.0,0.2777153005624704
45.0,54.0,2.446647234446075
1.0,3.0,1.3808488622197754
0.0,5.0,2.6661784923390757
3.0,34.0,9.49042137805075
3.0,37.0,2.9960436207339587
11.0,91.0,3.5877279476718202
1.0,29.0,0.6020628411771021
3.0,13.0,0.3515138013644713
4.0,21.0,0.8845760521856088
0.0,1.0,0.06770312832792615
2.0,17.0,1.3218614593149964
1.0,16.0,2.132395209976974
2.0,3.0,1.3808488622197754
2.0,5.0,2.6661784923390757
5.0,34.0,9.49042137805075
11.0,37.0,2.9960436207339587
23.0,91.0,3.5877279476718202
6.0,29.0,0.6020628411771021
3.0,13.0,0.3515138013644713
7.0,21.0,0.8845760521856088
1.0,1.0,0.06770312832792615
3.0,17.0,1.3218614593149964
5.0,16.0,2.132395209976974
2.0,3.0,1.3808488622197754
2.0,5.0,2.6661784923390757
12.0,34.0,9.49042137805075
10.0,37.0,2.9960436207339587
27.0,91.0,3.5877279476718202
10.0,29.0,0.6020628411771021
3.0,13.0,0.3515138013644713
3.0,21.0,0.8845760521856088
0.0,1.0,0.06770312832792615
3.0,17.0,1.3218614593149964
4.0,16.0,2.132395209976974
1.0,3.0,1.3808488622197754
3.0,5.0,2.6661784923390757
19.0,34.0,9.49042137805075
9.0,37.0,2.9960436207339587
35.0,91.0,3.5877279476718202
11.0,29.0,0.6020628411771021
9.0,13.0,0.3515138013644713
6.0,21.0,0.8845760521856088
1.0,1.0,0.06770312832792615
9.0,17.0,1.3218614593149964
5.0,16.0,2.132395209976974
2.0,3.0,1.3808488622197754
2.0,5.0,2.6661784923390757
18.0,34.0,9.49042137805075
17.0,37.0,2.9960436207339587
52.0,91.0,3.5877279476718202
18.0,29.0,0.6020628411771021
4.0,13.0,0.3515138013644713
12.0,21.0,0.8845760521856088
1.0,1.0,0.06770312832792615
10.0,17.0,1.3218614593149964
6.0,16.0,2.132395209976974
1.0,3.0,1.3808488622197754
3.0,5.0,2.6661784923390757
20.0,34.0,9.49042137805075
26.0,37.0,2.9960436207339587
55.0,91.0,3.5877279476718202
16.0,29.0,0.6020628411771021
9.0,13.0,0.3515138013644713
11.0,21.0,0.8845760521856088
1.0,1.0,0.06770312832792615
13.0,17.0,1.3218614593149964
11.0,16.0,2.132395209976974
3.0,3.0,1.3808488622197754
4.0,5.0,2.6661784923390757
20.0,34.0,9.49042137805075
23.0,37.0,2.9960436207339587
64.0,91.0,3.5877279476718202
23.0,29.0,0.6020628411771021
13.0,13.0,0.3515138013644713
16.0,21.0,0.8845760521856088
1.0,1.0,0.06770312832792615
11.0,17.0,1.3218614593149964
12.0,16.0,2.132395209976974
3.0,3.0,1.3808488622197754
5.0,5.0,2.6661784923390757
32.0,34.0,9.49042137805075
28.0,37.0,2.9960436207339587
76.0,91.0,3.5877279476718202
22.0,29.0,0.6020628411771021
9.0,13.0,0.3515138013644713
17.0,21.0,0.8845760521856088
1.0,1.0,0.06770312832792615
13.0,17.0,1.3218614593149964
15.0,16.0,2.132395209976974
2.0,3.0,1.3808488622197754
2.0,5.0,2.6661784923390757
32.0,34.0,9.49042137805075
37.0,37.0,2.9960436207339587
82.0,91.0,3.5877279476718202
27.0,29.0,0.6020628411771021
11.0,13.0,0.3515138013644713
17.0,21.0,0.8845760521856088
1.0,1.0,0.06770312832792615
16.0,17.0,1.3218614593149964
15.0,16.0,2.132395209976974
2.0,6.0,6.12597590125087
1.0,3.0,1.7179655789365142
0.0,7.0,1.8438770591422304
1.0,5.0,0.6918159607333338
1.0,27.0,3.3451253318338936
9.0,76.0,6.195670217208369
6.0,92.0,2.4425904404410588
7.0,76.0,1.3614820677241268
3.0,58.0,0.759263347754757
2.0,5.0,0.06358824703502244
0.0,37.0,0.7116614868072284
1.0,6.0,6.12597590125087
0.0,3.0,1.7179655789365142
1.0,7.0,1.8438770591422304
1.0,5.0,0.6918159607333338
7.0,27.0,3.3451253318338936
15.0,76.0,6.195670217208369
22.0,92.0,2.4425904404410588
18.0,76.0,1.3614820677241268
11.0,58.0,0.759263347754757
1.0,5.0,0.06358824703502244
6.0,37.0,0.7116614868072284
2.0,6.0,6.12597590125087
1.0,3.0,1.7179655789365142
1.0,7.0,1.8438770591422304
1.0,5.0,0.6918159607333338
13.0,27.0,3.3451253318338936
13.0,76.0,6.195670217208369
31.0,92.0,2.4425904404410588
17.0,76.0,1.3614820677241268
16.0,58.0,0.759263347754757
5.0,5.0,0.06358824703502244
13.0,37.0,0.7116614868072284
2.0,6.0,6.12597590125087
2.0,3.0,1.7179655789365142
4.0,7.0,1.8438770591422304
2.0,5.0,0.6918159607333338
16.0,27.0,3.3451253318338936
36.0,76.0,6.195670217208369
35.0,92.0,2.4425904404410588
32.0,76.0,1.3614820677241268
27.0,58.0,0.759263347754757
2.0,5.0,0.06358824703502244
15.0,37.0,0.7116614868072284
3.0,6.0,6.12597590125087
2.0,3.0,1.7179655789365142
4.0,7.0,1.8438770591422304
1.0,5.0,0.6918159607333338
17.0,27.0,3.3451253318338936
36.0,76.0,6.195670217208369
62.0,92.0,2.4425904404410588
42.0,76.0,1.3614820677241268
29.0,58.0,0.759263347754757
2.0,5.0,0.06358824703502244
22.0,37.0,0.7116614868072284
5.0,6.0,6.12597590125087
2.0,3.0,1.7179655789365142
5.0,7.0,1.8438770591422304
3.0,5.0,0.6918159607333338
20.0,27.0,3.3451253318338936
40.0,76.0,6.195670217208369
51.0,92.0,2.4425904404410588
47.0,76.0,1.3614820677241268
36.0,58.0,0.759263347754757
2.0,5.0,0.06358824703502244
21.0,37.0,0.7116614868072284
5.0,6.0,6.12597590125087
2.0,3.0,1.7179655789365142
5.0,7.0,1.8438770591422304
3.0,5.0,0.6918159607333338
20.0,27.0,3.3451253318338936
56.0,76.0,6.195670217208369
70.0,92.0,2.4425904404410588
56.0,76.0,1.3614820677241268
35.0,58.0,0.759263347754757
4.0,5.0,0.06358824703502244
33.0,37.0,0.7116614868072284
6.0,6.0,6.12597590125087
3.0,3.0,1.7179655789365142
5.0,7.0,1.8438770591422304
4.0,5.0,0.6918159607333338
19.0,27.0,3.3451253318338936
57.0,76.0,6.195670217208369
79.0,92.0,2.4425904404410588
59.0,76.0,1.3614820677241268
48.0,58.0,0.759263347754757
3.0,5.0,0.06358824703502244
24.0,37.0,0.7116614868072284
4.0,6.0,6.12597590125087
2.0,3.0,1.7179655789365142
6.0,7.0,1.8438770591422304
5.0,5.0,0.6918159607333338
25.0,27.0,3.3451253318338936
67.0,76.0,6.195670217208369
77.0,92.0,2.4425904404410588
65.0,76.0,1.3614820677241268
52.0,58.0,0.759263347754757
5.0,5.0,0.06358824703502244
34.0,37.0,0.7116614868072284
1.0,4.0,6.923643323555803
2.0,11.0,5.2363950540819095
1.0,22.0,3.3718894285716687
8.0,79.0,4.711744296314162
4.0,36.0,0.8265992987890479
6.0,39.0,0.9811924850571516
11.0,87.0,1.6551776444001216
0.0,21.0,0.27981457719467123
6.0,63.0,1.0454648058897122
1.0,15.0,0.2882235196205553
0.0,19.0,0.6361177325508559
1.0,4.0,6.923643323555803
3.0,11.0,5.2363950540819095
6.0,22.0,3.3718894285716687
13.0,79.0,4.711744296314162
9.0,36.0,0.8265992987890479
13.0,39.0,0.9811924850571516
23.0,87.0,1.6551776444001216
7.0,21.0,0.27981457719467123
8.0,63.0,1.0454648058897122
3.0,15.0,0.2882235196205553
2.0,19.0,0.6361177325508559
1.0,4.0,6.923643323555803
4.0,11.0,5.2363950540819095
6.0,22.0,3.3718894285716687
26.0,79.0,4.711744296314162
11.0,36.0,0.8265992987890479
13.0,39.0,0.9811924850571516
26.0,87.0,1.6551776444001216
6.0,21.0,0.27981457719467123
15.0,63.0,1.0454648058897122
5.0,15.0,0.2882235196205553
7.0,19.0,0.6361177325508559
1.0,4.0,6.923643323555803
4.0,11.0,5.2363950540819095
9.0,22.0,3.3718894285716687
40.0,79.0,4.711744296314162
15.0,36.0,0.8265992987890479
20.0,39.0,0.9811924850571516
38.0,87.0,1.6551776444001216
8.0,21.0,0.27981457719467123
23.0,63.0,1.0454648058897122
5.0,15.0,0.2882235196205553
5.0,19.0,0.6361177325508559
3.0,4.0,6.923643323555803
6.0,11.0,5.2363950540819095
11.0,22.0,3.3718894285716687
42.0,79.0,4.711744296314162
15.0,36.0,0.8265992987890479
24.0,39.0,0.9811924850571516
37.0,87.0,1.6551776444001216
14.0,21.0,0.27981457719467123
35.0,63.0,1.0454648058897122
7.0,15.0,0.2882235196205553
11.0,19.0,0.6361177325508559
3.0,4.0,6.923643323555803
5.0,11.0,5.2363950540819095
15.0,22.0,3.3718894285716687
47.0,79.0,4.711744296314162
18.0,36.0,0.8265992987890479
23.0,39.0,0.9811924850571516
48.0,87.0,1.6551776444001216
17.0,21.0,0.27981457719467123
37.0,63.0,1.0454648058897122
7.0,15.0,0.2882235196205553
11.0,19.0,0.6361177325508559
3.0,4.0,6.923643323555803
11.0,11.0,5.2363950540819095
19.0,22.0,3.3718894285716687
63.0,79.0,4.711744296314162
21.0,36.0,0.8265992987890479
28.0,39.0,0.9811924850571516
59.0,87.0,1.6551776444001216
17.0,21.0,0.27981457719467123
35.0,63.0,1.0454648058897122
12.0,15.0,0.2882235196205553
13.0,19.0,0.6361177325508559
4.0,4.0,6.923643323555803
8.0,11.0,5.2363950540819095
18.0,22.0,3.3718894285716687
63.0,79.0,4.711744296314162
28.0,36.0,0.8265992987890479
35.0,39.0,0.9811924850571516
70.0,87.0,1.6551776444001216
19.0,21.0,0.27981457719467123
51.0,63.0,1.0454648058897122
11.0,15.0,0.2882235196205553
16.0,19.0,0.6361177325508559
3.0,4.0,6.923643323555803
11.0,11.0,5.2363950540819095
21.0,22.0,3.3718894285716687
70.0,79.0,4.711744296314162
34.0,36.0,0.8265992987890479
33.0,39.0,0.9811924850571516
83.0,87.0,1.6551776444001216
19.0,21.0,0.27981457719467123
57.0,63.0,1.0454648058897122
14.0,15.0,0.2882235196205553
19.0,19.0,0.6361177325508559
1.0,3.0,4.2976357213507015
0.0,6.0,4.812311662043491
4.0,30.0,5.118191727245954
3.0,30.0,2.2911953365971045
1.0,8.0,0.29915182434642285
4.0,35.0,2.09829556544929
3.0,7.0,0.30056881768325633
9.0,34.0,1.7694485766535992
6.0,46.0,1.3048948795685928
10.0,115.0,3.292755230589752
0.0,9.0,0.14182715855705233
1.0,3.0,4.2976357213507015
0.0,6.0,4.812311662043491
4.0,30.0,5.118191727245954
9.0,30.0,2.2911953365971045
3.0,8.0,0.29915182434642285
7.0,35.0,2.09829556544929
1.0,7.0,0.30056881768325633
5.0,34.0,1.7694485766535992
4.0,46.0,1.3048948795685928
25.0,115.0,3.292755230589752
3.0,9.0,0.14182715855705233
2.0,3.0,4.2976357213507015
0.0,6.0,4.812311662043491
10.0,30.0,5.118191727245954
14.0,30.0,2.2911953365971045
3.0,8.0,0.29915182434642285
12.0,35.0,2.09829556544929
3.0,7.0,0.30056881768325633
5.0,34.0,1.7694485766535992
12.0,46.0,1.3048948795685928
47.0,115.0,3.292755230589752
4.0,9.0,0.14182715855705233
1.0,3.0,4.2976357213507015
5.0,6.0,4.812311662043491
12.0,30.0,5.118191727245954
6.0,30.0,2.2911953365971045
2.0,8.0,0.29915182434642285
12.0,35.0,2.09829556544929
5.0,7.0,0.30056881768325633
13.0,34.0,1.7694485766535992
24.0,46.0,1.3048948795685928
48.0,115.0,3.292755230589752
4.0,9.0,0.14182715855705233
1.0,3.0,4.2976357213507015
4.0,6.0,4.812311662043491
14.0,30.0,5.118191727245954
16.0,30.0,2.2911953365971045
5.0,8.0,0.29915182434642285
16.0,35.0,2.09829556544929
6.0,7.0,0.30056881768325633
18.0,34.0,1.7694485766535992
18.0,46.0,1.3048948795685928
58.0,115.0,3.292755230589752
4.0,9.0,0.14182715855705233
2.0,3.0,4.2976357213507015
4.0,6.0,4.812311662043491
19.0,30.0,5.118191727245954
15.0,30.0,2.2911953365971045
5.0,8.0,0.29915182434642285
21.0,35.0,2.09829556544929
4.0,7.0,0.30056881768325633
21.0,34.0,1.7694485766535992
29.0,46.0,1.3048948795685928
72.0,115.0,3.292755230589752
5.0,9.0,0.14182715855705233
2.0,3.0,4.2976357213507015
3.0,6.0,4.812311662043491
25.0,30.0,5.118191727245954
21.0,30.0,2.2911953365971045
6.0,8.0,0.29915182434642285
30.0,35.0,2.09829556544929
4.0,7.0,0.30056881768325633
20.0,34.0,1.7694485766535992
33.0,46.0,1.3048948795685928
80.0,115.0,3.292755230589752
6.0,9.0,0.14182715855705233
2.0,3.0,4.2976357213507015
4.0,6.0,4.812311662043491
26.0,30.0,5.118191727245954
26.0,30.0,2.2911953365971045
6.0,8.0,0.29915182434642285
32.0,35.0,2.09829556544929
5.0,7.0,0.30056881768325633
26.0,34.0,1.7694485766535992
36.0,46.0,1.3048948795685928
89.0,115.0,3.292755230589752
7.0,9.0,0.14182715855705233
3.0,3.0,4.2976357213507015
4.0,6.0,4.812311662043491
25.0,30.0,5.118191727245954
29.0,30.0,2.2911953365971045
8.0,8.0,0.29915182434642285
32.0,35.0,2.09829556544929
6.0,7.0,0.30056881768325633
30.0,34.0,1.7694485766535992
41.0,46.0,1.3048948795685928
99.0,115.0,3.292755230589752
8.0,9.0,0.14182715855705233
1.0,3.0,2.4555318411332503
0.0,2.0,0.618778468655644
1.0,6.0,1.0436696524305324
2.0,21.0,5.960714357592628
9.0,85.0,6.850589448749217
2.0,13.0,0.33080110430007337
1.0,42.0,0.821586979287588
4.0,43.0,1.2648984639009477
9.0,67.0,1.312085311193199
1.0,11.0,0.28341983432923035
4.0,44.0,0.9873857732355094
1.0,3.0,2.4555318411332503
1.0,2.0,0.618778468655644
1.0,6.0,1.0436696524305324
4.0,21.0,5.960714357592628
20.0,85.0,6.850589448749217
3.0,13.0,0.33080110430007337
10.0,42.0,0.821586979287588
8.0,43.0,1.2648984639009477
15.0,67.0,1.312085311193199
1.0,11.0,0.28341983432923035
16.0,44.0,0.9873857732355094
1.0,3.0,2.4555318411332503
2.0,2.0,0.618778468655644
2.0,6.0,1.0436696524305324
4.0,21.0,5.960714357592628
32.0,85.0,6.850589448749217
5.0,13.0,0.33080110430007337
15.0,42.0,0.821586979287588
11.0,43.0,1.2648984639009477
25.0,67.0,1.312085311193199
2.0,11.0,0.28341983432923035
16.0,44.0,0.9873857732355094
1.0,3.0,2.4555318411332503
0.0,2.0,0.618778468655644
1.0,6.0,1.0436696524305324
7.0,21.0,5.960714357592628
36.0,85.0,6.850589448749217
4.0,13.0,0.33080110430007337
20.0,42.0,0.821586979287588
17.0,43.0,1.2648984639009477
27.0,67.0,1.312085311193199
3.0,11.0,0.28341983432923035
18.0,44.0,0.9873857732355094
2.0,3.0,2.4555318411332503
0.0,2.0,0.618778468655644
5.0,6.0,1.0436696524305324
10.0,21.0,5.960714357592628
43.0,85.0,6.850589448749217
6.0,13.0,0.33080110430007337
20.0,42.0,0.821586979287588
26.0,43.0,1.2648984639009477
36.0,67.0,1.312085311193199
5.0,11.0,0.28341983432923035
26.0,44.0,0.9873857732355094
2.0,3.0,2.4555318411332503
2.0,2.0,0.618778468655644
3.0,6.0,1.0436696524305324
6.0,21.0,5.960714357592628
49.0,85.0,6.850589448749217
7.0,13.0,0.33080110430007337
23.0,42.0,0.821586979287588
28.0,43.0,1.2648984639009477
40.0,67.0,1.312085311193199
8.0,11.0,0.28341983432923035
32.0,44.0,0.9873857732355094
2.0,3.0,2.4555318411332503
1.0,2.0,0.618778468655644
4.0,6.0,1.0436696524305324
14.0,21.0,5.960714357592628
61.0,85.0,6.850589448749217
7.0,13.0,0.33080110430007337
27.0,42.0,0.821586979287588
28.0,43.0,1.2648984639009477
50.0,67.0,1.312085311193199
8.0,11.0,0.28341983432923035
27.0,44.0,0.9873857732355094
3.0,3.0,2.4555318411332503
2.0,2.0,0.618778468655644
6.0,6.0,1.0436696524305324
18.0,21.0,5.960714357592628
67.0,85.0,6.850589448749217
9.0,13.0,0.33080110430007337
35.0,42.0,0.821586979287588
34.0,43.0,1.2648984639009477
57.0,67.0,1.312085311193199
9.0,11.0,0.28341983432923035
33.0,44.0,0.9873857732355094
3.0,3.0,2.4555318411332503
2.0,2.0,0.618778468655644
6.0,6.0,1.0436696524305324
18.0,21.0,5.960714357592628
75.0,85.0,6.850589448749217
12.0,13.0,0.33080110430007337
42.0,42.0,0.821586979287588
42.0,43.0,1.2648984639009477
59.0,67.0,1.312085311193199
11.0,11.0,0.28341983432923035
41.0,44.0,0.9873857732355094
1.0,4.0,6.435158012346142
2.0,10.0,6.577347433627031
0.0,2.0,0.48023028563147097
0.0,7.0,1.393364648833308
1.0,7.0,1.4421854522756323
0.0,15.0,2.11261583930959
1.0,25.0,2.2732929753826494
1.0,13.0,0.5105365994500114
1.0,24.0,1.6216077929332633
3.0,41.0,1.9070004211919414
2.0,26.0,0.8612348185473144
2.0,4.0,6.435158012346142
1.0,10.0,6.577347433627031
1.0,2.0,0.48023028563147097
1.0,7.0,1.393364648833308
3.0,7.0,1.4421854522756323
2.0,15.0,2.11261583930959
6.0,25.0,2.2732929753826494
2.0,13.0,0.5105365994500114
4.0,24.0,1.6216077929332633
9.0,41.0,1.9070004211919414
4.0,26.0,0.8612348185473144
1.0,4.0,6.435158012346142
5.0,10.0,6.577347433627031
1.0,2.0,0.48023028563147097
2.0,7.0,1.393364648833308
3.0,7.0,1.4421854522756323
7.0,15.0,2.11261583930959
12.0,25.0,2.2732929753826494
4.0,13.0,0.5105365994500114
4.0,24.0,1.6216077929332633
7.0,41.0,1.9070004211919414
8.0,26.0,0.8612348185473144
4.0,4.0,6.435158012346142
4.0,10.0,6.577347433627031
0.0,2.0,0.48023028563147097
2.0,7.0,1.393364648833308
3.0,7.0,1.4421854522756323
4.0,15.0,2.11261583930959
7.0,25.0,2.2732929753826494
6.0,13.0,0.5105365994500114
14.0,24.0,1.6216077929332633
16.0,41.0,1.9070004211919414
13.0,26.0,0.8612348185473144
3.0,4.0,6.435158012346142
7.0,10.0,6.577347433627031
1.0,2.0,0.48023028563147097
4.0,7.0,1.393364648833308
2.0,7.0,1.4421854522756323
7.0,15.0,2.11261583930959
15.0,25.0,2.2732929753826494
8.0,13.0,0.5105365994500114
14.0,24.0,1.6216077929332633
21.0,41.0,1.9070004211919414
14.0,26.0,0.8612348185473144
1.0,4.0,6.435158012346142
6.0,10.0,6.577347433627031
1.0,2.0,0.48023028563147097
5.0,7.0,1.393364648833308
4.0,7.0,1.4421854522756323
10.0,15.0,2.11261583930959
15.0,25.0,2.2732929753826494
4.0,13.0,0.5105365994500114
12.0,24.0,1.6216077929332633
27.0,41.0,1.9070004211919414
21.0,26.0,0.8612348185473144
3.0,4.0,6.435158012346142
8.0,10.0,6.577347433627031
1.0,2.0,0.48023028563147097
7.0,7.0,1.393364648833308
6.0,7.0,1.4421854522756323
9.0,15.0,2.11261583930959
16.0,25.0,2.2732929753826494
11.0,13.0,0.5105365994500114
16.0,24.0,1.6216077929332633
27.0,41.0,1.9070004211919414
21.0,26.0,0.8612348185473144
4.0,4.0,6.435158012346142
10.0,10.0,6.577347433627031
2.0,2.0,0.48023028563147097
6.0,7.0,1.393364648833308
7.0,7.0,1.4421854522756323
12.0,15.0,2.11261583930959
23.0,25.0,2.2732929753826494
11.0,13.0,0.5105365994500114
23.0,24.0,1.6216077929332633
34.0,41.0,1.9070004211919414
20.0,26.0,0.8612348185473144
4.0,4.0,6.435158012346142
10.0,10.0,6.577347433627031
2.0,2.0,0.48023028563147097
7.0,7.0,1.393364648833308
5.0,7.0,1.4421854522756323
13.0,15.0,2.11261583930959
22.0,25.0,2.2732929753826494
11.0,13.0,0.5105365994500114
22.0,24.0,1.6216077929332633
37.0,41.0,1.9070004211919414
26.0,26.0,0.8612348185473144
1.0,2.0,6.103218137818806
2.0,5.0,4.082413995204931
0.0,3.0,3.125386205403635
1.0,21.0,4.950201414212275
7.0,53.0,5.065385770611134
6.0,32.0,1.3881926950744992
5.0,56.0,1.5221227320278323
0.0,5.0,0.12596898728621903
2.0,47.0,1.32119471744861
9.0,61.0,1.0793020693652446
0.0,19.0,0.404020056597173
1.0,2.0,6.103218137818806
1.0,5.0,4.082413995204931
1.0,3.0,3.125386205403635
5.0,21.0,4.950201414212275
11.0,53.0,5.065385770611134
5.0,32.0,1.3881926950744992
9.0,56.0,1.5221227320278323
4.0,5.0,0.12596898728621903
16.0,47.0,1.32119471744861
10.0,61.0,1.0793020693652446
3.0,19.0,0.404020056597173
1.0,2.0,6.103218137818806
3.0,5.0,4.082413995204931
1.0,3.0,3.125386205403635
5.0,21.0,4.950201414212275
13.0,53.0,5.065385770611134
10.0,32.0,1.3881926950744992
20.0,56.0,1.5221227320278323
2.0,5.0,0.12596898728621903
13.0,47.0,1.32119471744861
21.0,61.0,1.0793020693652446
6.0,19.0,0.404020056597173
1.0,2.0,6.103218137818806
1.0,5.0,4.082413995204931
3.0,3.0,3.125386205403635
5.0,21.0,4.950201414212275
24.0,53.0,5.065385770611134
13.0,32.0,1.3881926950744992
22.0,56.0,1.5221227320278323
3.0,5.0,0.12596898728621903
15.0,47.0,1.32119471744861
22.0,61.0,1.0793020693652446
7.0,19.0,0.404020056597173
2.0,2.0,6.103218137818806
1.0,5.0,4.082413995204931
3.0,3.0,3.125386205403635
12.0,21.0,4.950201414212275
26.0,53.0,5.065385770611134
12.0,32.0,1.3881926950744992
29.0,56.0,1.5221227320278323
5.0,5.0,0.12596898728621903
25.0,47.0,1.32119471744861
34.0,61.0,1.0793020693652446
8.0,19.0,0.404020056597173
2.0,2.0,6.103218137818806
2.0,5.0,4.082413995204931
2.0,3.0,3.125386205403635
13.0,21.0,4.950201414212275
27.0,53.0,5.065385770611134
19.0,32.0,1.3881926950744992
31.0,56.0,1.5221227320278323
2.0,5.0,0.12596898728621903
30.0,47.0,1.32119471744861
37.0,61.0,1.0793020693652446
8.0,19.0,0.404020056597173
1.0,2.0,6.103218137818806
1.0,5.0,4.082413995204931
2.0,3.0,3.125386205403635
17.0,21.0,4.950201414212275
39.0,53.0,5.065385770611134
24.0,32.0,1.3881926950744992
40.0,56.0,1.5221227320278323
5.0,5.0,0.12596898728621903
35.0,47.0,1.32119471744861
36.0,61.0,1.0793020693652446
13.0,19.0,0.404020056597173
1.0,2.0,6.103218137818806
5.0,5.0,4.082413995204931
3.0,3.0,3.125386205403635
18.0,21.0,4.950201414212275
44.0,53.0,5.065385770611134
26.0,32.0,1.3881926950744992
43.0,56.0,1.5221227320278323
4.0,5.0,0.12596898728621903
37.0,47.0,1.32119471744861
53.0,61.0,1.0793020693652446
15.0,19.0,0.404020056597173
2.0,2.0,6.103218137818806
4.0,5.0,4.082413995204931
3.0,3.0,3.125386205403635
20.0,21.0,4.950201414212275
46.0,53.0,5.065385770611134
28.0,32.0,1.3881926950744992
53.0,56.0,1.5221227320278323
5.0,5.0,0.12596898728621903
43.0,47.0,1.32119471744861
57.0,61.0,1.0793020693652446
17.0,19.0,0.404020056597173
2.0,5.0,6.713422300731799
1.0,15.0,6.833002673268537
3.0,14.0,1.727415760049423
3.0,23.0,2.425036159253653
3.0,24.0,1.8265201105580728
2.0,26.0,0.8717163100622913
0.0,10.0,0.4059481777285839
1.0,16.0,0.9045299949561838
2.0,18.0,0.9910027335209189
0.0,4.0,0.22703659520855016
3.0,43.0,2.9287071680982297
1.0,5.0,6.713422300731799
4.0,15.0,6.833002673268537
3.0,14.0,1.727415760049423
6.0,23.0,2.425036159253653
5.0,24.0,1.8265201105580728
4.0,26.0,0.8717163100622913
3.0,10.0,0.4059481777285839
4.0,16.0,0.9045299949561838
7.0,18.0,0.9910027335209189
0.0,4.0,0.22703659520855016
7.0,43.0,2.9287071680982297
1.0,5.0,6.713422300731799
7.0,15.0,6.833002673268537
3.0,14.0,1.727415760049423
7.0,23.0,2.425036159253653
6.0,24.0,1.8265201105580728
9.0,26.0,0.8717163100622913
3.0,10.0,0.4059481777285839
8.0,16.0,0.9045299949561838
4.0,18.0,0.9910027335209189
0.0,4.0,0.22703659520855016
15.0,43.0,2.9287071680982297
4.0,5.0,6.713422300731799
6.0,15.0,6.833002673268537
6.0,14.0,1.727415760049423
10.0,23.0,2.425036159253653
10.0,24.0,1.8265201105580728
13.0,26.0,0.8717163100622913
3.0,10.0,0.4059481777285839
8.0,16.0,0.9045299949561838
6.0,18.0,0.9910027335209189
2.0,4.0,0.22703659520855016
13.0,43.0,2.9287071680982297
4.0,5.0,6.713422300731799
8.0,15.0,6.833002673268537
3.0,14.0,1.727415760049423
14.0,23.0,2.425036159253653
13.0,24.0,1.8265201105580728
18.0,26.0,0.8717163100622913
3.0,10.0,0.4059481777285839
9.0,16.0,0.9045299949561838
10.0,18.0,0.9910027335209189
2.0,4.0,0.22703659520855016
21.0,43.0,2.9287071680982297
2.0,5.0,6.713422300731799
8.0,15.0,6.833002673268537
9.0,14.0,1.727415760049423
12.0,23.0,2.425036159253653
11.0,24.0,1.8265201105580728
19.0,26.0,0.8717163100622913
6.0,10.0,0.4059481777285839
8.0,16.0,0.9045299949561838
8.0,18.0,0.9910027335209189
3.0,4.0,0.22703659520855016
29.0,43.0,2.9287071680982297
3.0,5.0,6.713422300731799
8.0,15.0,6.833002673268537
11.0,14.0,1.727415760049423
15.0,23.0,2.425036159253653
14.0,24.0,1.8265201105580728
18.0,26.0,0.8717163100622913
9.0,10.0,0.4059481777285839
13.0,16.0,0.9045299949561838
14.0,18.0,0.9910027335209189
2.0,4.0,0.22703659520855016
30.0,43.0,2.9287071680982297
4.0,5.0,6.713422300731799
14.0,15.0,6.833002673268537
13.0,14.0,1.727415760049423
16.0,23.0,2.425036159253653
21.0,24.0,1.8265201105580728
20.0,26.0,0.8717163100622913
8.0,10.0,0.4059481777285839
14.0,16.0,0.9045299949561838
13.0,18.0,0.9910027335209189
3.0,4.0,0.22703659520855016
34.0,43.0,2.9287071680982297
5.0,5.0,6.713422300731799
13.0,15.0,6.833002673268537
13.0,14.0,1.727415760049423
23.0,23.0,2.425036159253653
24.0,24.0,1.8265201105580728
22.0,26.0,0.8717163100622913
9.0,10.0,0.4059481777285839
15.0,16.0,0.9045299949561838
15.0,18.0,0.9910027335209189
4.0,4.0,0.22703659520855016
39.0,43.0,2.9287071680982297
2.0,5.0,7.452953865803971
0.0,6.0,4.133500352845169
1.0,6.0,1.3821047118285743
1.0,7.0,1.3005166565148711
1.0,15.0,2.3440357940741214
8.0,68.0,5.735898224436847
7.0,61.0,2.4933924993669447
1.0,10.0,0.3294012206161076
1.0,6.0,0.16176344321101052
2.0,16.0,0.6591789716758678
2.0,22.0,1.4973624701695438
1.0,5.0,7.452953865803971
3.0,6.0,4.133500352845169
0.0,6.0,1.3821047118285743
0.0,7.0,1.3005166565148711
1.0,15.0,2.3440357940741214
18.0,68.0,5.735898224436847
12.0,61.0,2.4933924993669447
3.0,10.0,0.3294012206161076
2.0,6.0,0.16176344321101052
3.0,16.0,0.6591789716758678
8.0,22.0,1.4973624701695438
2.0,5.0,7.452953865803971
1.0,6.0,4.133500352845169
2.0,6.0,1.3821047118285743
3.0,7.0,1.3005166565148711
7.0,15.0,2.3440357940741214
19.0,68.0,5.735898224436847
12.0,61.0,2.4933924993669447
3.0,10.0,0.3294012206161076
0.0,6.0,0.16176344321101052
3.0,16.0,0.6591789716758678
4.0,22.0,1.4973624701695438
2.0,5.0,7.452953865803971
1.0,6.0,4.133500352845169
2.0,6.0,1.3821047118285743
3.0,7.0,1.3005166565148711
8.0,15.0,2.3440357940741214
27.0,68.0,5.735898224436847
19.0,61.0,2.4933924993669447
6.0,10.0,0.3294012206161076
4.0,6.0,0.16176344321101052
8.0,16.0,0.6591789716758678
7.0,22.0,1.4973624701695438
3.0,5.0,7.452953865803971
4.0,6.0,4.133500352845169
3.0,6.0,1.3821047118285743
4.0,7.0,1.3005166565148711
10.0,15.0,2.3440357940741214
34.0,68.0,5.735898224436847
26.0,61.0,2.4933924993669447
2.0,10.0,0.3294012206161076
5.0,6.0,0.16176344321101052
4.0,16.0,0.6591789716758678
10.0,22.0,1.4973624701695438
5.0,5.0,7.452953865803971
2.0,6.0,4.133500352845169
3.0,6.0,1.3821047118285743
5.0,7.0,1.3005166565148711
9.0,15.0,2.3440357940741214
38.0,68.0,5.735898224436847
32.0,61.0,2.4933924993669447
7.0,10.0,0.3294012206161076
5.0,6.0,0.16176344321101052
9.0,16.0,0.6591789716758678
17.0,22.0,1.4973624701695438
5.0,5.0,7.452953865803971
6.0,6.0,4.133500352845169
3.0,6.0,1.3821047118285743
4.0,7.0,1.3005166565148711
12.0,15.0,2.3440357940741214
46.0,68.0,5.735898224436847
39.0,61.0,2.4933924993669447
9.0,10.0,0.3294012206161076
4.0,6.0,0.16176344321101052
12.0,16.0,0.6591789716758678
11.0,22.0,1.4973624701695438
3.0,5.0,7.452953865803971
6.0,6.0,4.133500352845169
5.0,6.0,1.3821047118285743
4.0,7.0,1.3005166565148711
12.0,15.0,2.3440357940741214
54.0,68.0,5.735898224436847
50.0,61.0,2.4933924993669447
7.0,10.0,0.3294012206161076
5.0,6.0,0.16176344321101052
14.0,16.0,0.6591789716758678
16.0,22.0,1.4973624701695438
5.0,5.0,7.452953865803971
6.0,6.0,4.133500352845169
6.0,6.0,1.3821047118285743
5.0,7.0,1.3005166565148711
14.0,15.0,2.3440357940741214
58.0,68.0,5.735898224436847
54.0,61.0,2.4933924993669447
7.0,10.0,0.3294012206161076
5.0,6.0,0.16176344321101052
14.0,16.0,0.6591789716758678
18.0,22.0,1.4973624701695438
1.0,3.0,12.677224361566548
0.0,6.0,5.38438855465535
2.0,28.0,5.385720711945957
2.0,30.0,2.8056178592535534
0.0,5.0,0.39265335286553554
1.0,11.0,0.9014678707152531
5.0,34.0,2.4203646422323395
2.0,15.0,1.0607871389947896
1.0,33.0,1.151653183279025
2.0,38.0,1.1308696841428347
1.0,22.0,1.038262427521273
1.0,3.0,12.677224361566548
0.0,6.0,5.38438855465535
4.0,28.0,5.385720711945957
8.0,30.0,2.8056178592535534
1.0,5.0,0.39265335286553554
3.0,11.0,0.9014678707152531
12.0,34.0,2.4203646422323395
6.0,15.0,1.0607871389947896
7.0,33.0,1.151653183279025
10.0,38.0,1.1308696841428347
8.0,22.0,1.038262427521273
1.0,3.0,12.677224361566548
1.0,6.0,5.38438855465535
8.0,28.0,5.385720711945957
10.0,30.0,2.8056178592535534
1.0,5.0,0.39265335286553554
2.0,11.0,0.9014678707152531
7.0,34.0,2.4203646422323395
2.0,15.0,1.0607871389947896
11.0,33.0,1.151653183279025
15.0,38.0,1.1308696841428347
6.0,22.0,1.038262427521273
3.0,3.0,12.677224361566548
1.0,6.0,5.38438855465535
11.0,28.0,5.385720711945957
15.0,30.0,2.8056178592535534
1.0,5.0,0.39265335286553554
6.0,11.0,0.9014678707152531
12.0,34.0,2.4203646422323395
5.0,15.0,1.0607871389947896
11.0,33.0,1.151653183279025
19.0,38.0,1.1308696841428347
6.0,22.0,1.038262427521273
2.0,3.0,12.677224361566548
1.0,6.0,5.38438855465535
12.0,28.0,5.385720711945957
12.0,30.0,2.8056178592535534
3.0,5.0,0.39265335286553554
4.0,11.0,0.9014678707152531
10.0,34.0,2.4203646422323395
8.0,15.0,1.0607871389947896
23.0,33.0,1.151653183279025
17.0,38.0,1.1308696841428347
14.0,22.0,1.038262427521273
3.0,3.0,12.677224361566548
4.0,6.0,5.38438855465535
17.0,28.0,5.385720711945957
19.0,30.0,2.8056178592535534
4.0,5.0,0.39265335286553554
10.0,11.0,0.9014678707152531
21.0,34.0,2.4203646422323395
8.0,15.0,1.0607871389947896
25.0,33.0,1.151653183279025
20.0,38.0,1.1308696841428347
12.0,22.0,1.038262427521273
1.0,3.0,12.677224361566548
6.0,6.0,5.38438855465535
23.0,28.0,5.385720711945957
22.0,30.0,2.8056178592535534
4.0,5.0,0.39265335286553554
6.0,11.0,0.9014678707152531
18.0,34.0,2.4203646422323395
12.0,15.0,1.0607871389947896
26.0,33.0,1.151653183279025
24.0,38.0,1.1308696841428347
17.0,22.0,1.038262427521273
1.0,3.0,12.677224361566548
6.0,6.0,5.38438855465535
20.0,28.0,5.385720711945957
23.0,30.0,2.8056178592535534
3.0,5.0,0.39265335286553554
8.0,11.0,0.9014678707152531
29.0,34.0,2.4203646422323395
13.0,15.0,1.0607871389947896
22.0,33.0,1.151653183279025
31.0,38.0,1.1308696841428347
20.0,22.0,1.038262427521273
3.0,3.0,12.677224361566548
5.0,6.0,5.38438855465535
28.0,28.0,5.385720711945957
25.0,30.0,2.8056178592535534
5.0,5.0,0.39265335286553554
9.0,11.0,0.9014678707152531
29.0,34.0,2.4203646422323395
11.0,15.0,1.0607871389947896
32.0,33.0,1.151653183279025
31.0,38.0,1.1308696841428347
20.0,22.0,1.038262427521273
1.0,7.0,5.707842579676468
2.0,4.0,3.018791554065588
0.0,5.0,1.1335198380101381
2.0,35.0,4.874084133925506
4.0,29.0,2.1912109275016167
3.0,27.0,1.3131371205585016
1.0,11.0,0.43795619719693357
4.0,46.0,1.6708163608386355
2.0,27.0,1.0894474734724142
0.0,5.0,0.10246754932657338
2.0,35.0,1.5109976429059238
2.0,7.0,5.707842579676468
1.0,4.0,3.018791554065588
1.0,5.0,1.1335198380101381
8.0,35.0,4.874084133925506
7.0,29.0,2.1912109275016167
5.0,27.0,1.3131371205585016
0.0,11.0,0.43795619719693357
16.0,46.0,1.6708163608386355
4.0,27.0,1.0894474734724142
2.0,5.0,0.10246754932657338
7.0,35.0,1.5109976429059238
1.0,7.0,5.707842579676468
0.0,4.0,3.018791554065588
1.0,5.0,1.1335198380101381
7.0,35.0,4.874084133925506
10.0,29.0,2.1912109275016167
8.0,27.0,1.3131371205585016
7.0,11.0,0.43795619719693357
7.0,46.0,1.6708163608386355
9.0,27.0,1.0894474734724142
2.0,5.0,0.10246754932657338
15.0,35.0,1.5109976429059238
3.0,7.0,5.707842579676468
2.0,4.0,3.018791554065588
3.0,5.0,1.1335198380101381
11.0,35.0,4.874084133925506
10.0,29.0,2.1912109275016167
13.0,27.0,1.3131371205585016
3.0,11.0,0.43795619719693357
17.0,46.0,1.6708163608386355
12.0,27.0,1.0894474734724142
3.0,5.0,0.10246754932657338
15.0,35.0,1.5109976429059238
4.0,7.0,5.707842579676468
3.0,4.0,3.018791554065588
2.0,5.0,1.1335198380101381
12.0,35.0,4.874084133925506
12.0,29.0,2.1912109275016167
12.0,27.0,1.3131371205585016
5.0,11.0,0.43795619719693357
20.0,46.0,1.6708163608386355
18.0,27.0,1.0894474734724142
2.0,5.0,0.10246754932657338
20.0,35.0,1.5109976429059238
4.0,7.0,5.707842579676468
3.0,4.0,3.018791554065588
2.0,5.0,1.1335198380101381
19.0,35.0,4.874084133925506
22.0,29.0,2.1912109275016167
17.0,27.0,1.3131371205585016
4.0,11.0,0.43795619719693357
28.0,46.0,1.6708163608386355
14.0,27.0,1.0894474734724142
4.0,5.0,0.10246754932657338
22.0,35.0,1.5109976429059238
5.0,7.0,5.707842579676468
4.0,4.0,3.018791554065588
4.0,5.0,1.1335198380101381
21.0,35.0,4.874084133925506
20.0,29.0,2.1912109275016167
19.0,27.0,1.3131371205585016
10.0,11.0,0.43795619719693357
36.0,46.0,1.6708163608386355
15.0,27.0,1.0894474734724142
4.0,5.0,0.10246754932657338
30.0,35.0,1.5109976429059238
6.0,7.0,5.707842579676468
4.0,4.0,3.018791554065588
4.0,5.0,1.1335198380101381
27.0,35.0,4.874084133925506
22.0,29.0,2.1912109275016167
21.0,27.0,1.3131371205585016
6.0,11.0,0.43795619719693357
42.0,46.0,1.6708163608386355
18.0,27.0,1.0894474734724142
5.0,5.0,0.10246754932657338
30.0,35.0,1.5109976429059238
6.0,7.0,5.707842579676468
3.0,4.0,3.018791554065588
5.0,5.0,1.1335198380101381
31.0,35.0,4.874084133925506
27.0,29.0,2.1912109275016167
23.0,27.0,1.3131371205585016
11.0,11.0,0.43795619719693357
43.0,46.0,1.6708163608386355
25.0,27.0,1.0894474734724142
5.0,5.0,0.10246754932657338
30.0,35.0,1.5109976429059238
1.0,5.0,10.525529526425851
0.0,5.0,3.1846295026761777
0.0,2.0,1.0605139818455482
2.0,20.0,4.403371510967614
1.0,20.0,2.0626951889378726
3.0,26.0,2.127640875487195
4.0,31.0,2.5939307388490564
6.0,37.0,1.3018294915969337
2.0,19.0,0.6842592784633442
1.0,8.0,0.2630600502750375
4.0,25.0,1.0684641440143094
1.0,5.0,10.525529526425851
1.0,5.0,3.1846295026761777
0.0,2.0,1.0605139818455482
3.0,20.0,4.403371510967614
1.0,20.0,2.0626951889378726
7.0,26.0,2.127640875487195
5.0,31.0,2.5939307388490564
7.0,37.0,1.3018294915969337
4.0,19.0,0.6842592784633442
1.0,8.0,0.2630600502750375
4.0,25.0,1.0684641440143094
1.0,5.0,10.525529526425851
2.0,5.0,3.1846295026761777
0.0,2.0,1.0605139818455482
7.0,20.0,4.403371510967614
6.0,20.0,2.0626951889378726
6.0,26.0,2.127640875487195
8.0,31.0,2.5939307388490564
12.0,37.0,1.3018294915969337
9.0,19.0,0.6842592784633442
1.0,8.0,0.2630600502750375
10.0,25.0,1.0684641440143094
3.0,5.0,10.525529526425851
4.0,5.0,3.1846295026761777
1.0,2.0,1.0605139818455482
7.0,20.0,4.403371510967614
10.0,20.0,2.0626951889378726
9.0,26.0,2.127640875487195
15.0,31.0,2.5939307388490564
11.0,37.0,1.3018294915969337
8.0,19.0,0.6842592784633442
3.0,8.0,0.2630600502750375
12.0,25.0,1.0684641440143094
1.0,5.0,10.525529526425851
4.0,5.0,3.1846295026761777
1.0,2.0,1.0605139818455482
10.0,20.0,4.403371510967614
10.0,20.0,2.0626951889378726
12.0,26.0,2.127640875487195
15.0,31.0,2.5939307388490564
18.0,37.0,1.3018294915969337
9.0,19.0,0.6842592784633442
2.0,8.0,0.2630600502750375
14.0,25.0,1.0684641440143094
3.0,5.0,10.525529526425851
5.0,5.0,3.1846295026761777
2.0,2.0,1.0605139818455482
11.0,20.0,4.403371510967614
14.0,20.0,2.0626951889378726
14.0,26.0,2.127640875487195
15.0,31.0,2.5939307388490564
21.0,37.0,1.3018294915969337
14.0,19.0,0.6842592784633442
8.0,8.0,0.2630600502750375
14.0,25.0,1.0684641440143094
4.0,5.0,10.525529526425851
5.0,5.0,3.1846295026761777
1.0,2.0,1.0605139818455482
13.0,20.0,4.403371510967614
15.0,20.0,2.0626951889378726
19.0,26.0,2.127640875487195
22.0,31.0,2.5939307388490564
26.0,37.0,1.3018294915969337
12.0,19.0,0.6842592784633442
5.0,8.0,0.2630600502750375
17.0,25.0,1.0684641440143094
4.0,5.0,10.525529526425851
3.0,5.0,3.1846295026761777
2.0,2.0,1.0605139818455482
18.0,20.0,4.403371510967614
14.0,20.0,2.0626951889378726
23.0,26.0,2.127640875487195
29.0,31.0,2.5939307388490564
30.0,37.0,1.3018294915969337
16.0,19.0,0.6842592784633442
5.0,8.0,0.2630600502750375
21.0,25.0,1.0684641440143094
5.0,5.0,10.525529526425851
4.0,5.0,3.1846295026761777
2.0,2.0,1.0605139818455482
18.0,20.0,4.403371510967614
19.0,20.0,2.0626951889378726
23.0,26.0,2.127640875487195
28.0,31.0,2.5939307388490564
36.0,37.0,1.3018294915969337
16.0,19.0,0.6842592784633442
8.0,8.0,0.2630600502750375
21.0,25.0,1.0684641440143094
1.0,4.0,5.688706709605198
0.0,8.0,3.6553724144267044
4.0,25.0,4.95492041909844
7.0,26.0,2.0328727183902253
1.0,13.0,0.6267725031162938
8.0,41.0,2.1478344270970444
4.0,37.0,1.7108979846178092
4.0,67.0,2.077981069323596
0.0,3.0,0.13059539279935298
3.0,24.0,0.6419163871858948
0.0,4.0,0.19612110590402027
1.0,4.0,5.688706709605198
3.0,8.0,3.6553724144267044
8.0,25.0,4.95492041909844
3.0,26.0,2.0328727183902253
1.0,13.0,0.6267725031162938
6.0,41.0,2.1478344270970444
6.0,37.0,1.7108979846178092
15.0,67.0,2.077981069323596
2.0,3.0,0.13059539279935298
7.0,24.0,0.6419163871858948
1.0,4.0,0.19612110590402027
1.0,4.0,5.688706709605198
3.0,8.0,3.6553724144267044
4.0,25.0,4.95492041909844
5.0,26.0,2.0328727183902253
3.0,13.0,0.6267725031162938
10.0,41.0,2.1478344270970444
11.0,37.0,1.7108979846178092
16.0,67.0,2.077981069323596
1.0,3.0,0.13059539279935298
5.0,24.0,0.6419163871858948
1.0,4.0,0.19612110590402027
3.0,4.0,5.688706709605198
4.0,8.0,3.6553724144267044
13.0,25.0,4.95492041909844
6.0,26.0,2.0328727183902253
4.0,13.0,0.6267725031162938
14.0,41.0,2.1478344270970444
20.0,37.0,1.7108979846178092
21.0,67.0,2.077981069323596
3.0,3.0,0.13059539279935298
10.0,24.0,0.6419163871858948
2.0,4.0,0.19612110590402027
1.0,4.0,5.688706709605198
4.0,8.0,3.6553724144267044
11.0,25.0,4.95492041909844
14.0,26.0,2.0328727183902253
8.0,13.0,0.6267725031162938
19.0,41.0,2.1478344270970444
14.0,37.0,1.7108979846178092
31.0,67.0,2.077981069323596
2.0,3.0,0.13059539279935298
14.0,24.0,0.6419163871858948
2.0,4.0,0.19612110590402027
2.0,4.0,5.688706709605198
6.0,8.0,3.6553724144267044
16.0,25.0,4.95492041909844
16.0,26.0,2.0328727183902253
7.0,13.0,0.6267725031162938
26.0,41.0,2.1478344270970444
19.0,37.0,1.7108979846178092
42.0,67.0,2.077981069323596
2.0,3.0,0.13059539279935298
13.0,24.0,0.6419163871858948
2.0,4.0,0.19612110590402027
2.0,4.0,5.688706709605198
3.0,8.0,3.6553724144267044
19.0,25.0,4.95492041909844
18.0,26.0,2.0328727183902253
10.0,13.0,0.6267725031162938
32.0,41.0,2.1478344270970444
25.0,37.0,1.7108979846178092
48.0,67.0,2.077981069323596
2.0,3.0,0.13059539279935298
14.0,24.0,0.6419163871858948
4.0,4.0,0.19612110590402027
4.0,4.0,5.688706709605198
8.0,8.0,3.6553724144267044
19.0,25.0,4.95492041909844
23.0,26.0,2.0328727183902253
11.0,13.0,0.6267725031162938
35.0,41.0,2.1478344270970444
29.0,37.0,1.7108979846178092
52.0,67.0,2.077981069323596
1.0,3.0,0.13059539279935298
20.0,24.0,0.6419163871858948
4.0,4.0,0.19612110590402027
3.0,4.0,5.688706709605198
8.0,8.0,3.6553724144267044
23.0,25.0,4.95492041909844
19.0,26.0,2.0328727183902253
10.0,13.0,0.6267725031162938
37.0,41.0,2.1478344270970444
33.0,37.0,1.7108979846178092
63.0,67.0,2.077981069323596
1.0,3.0,0.13059539279935298
24.0,24.0,0.6419163871858948
4.0,4.0,0.19612110590402027
2.0,11.0,10.870564122481358
1.0,6.0,2.837964118061359
3.0,23.0,2.0248736237063003
1.0,8.0,0.5082293770540128
2.0,22.0,1.3777092597647953
0.0,8.0,0.6940172013839135
2.0,27.0,1.6812794235287558
3.0,11.0,0.6475750017870942
4.0,38.0,2.0432343571041742
3.0,22.0,0.9484258227304991
0.0,13.0,0.33157592725652624
3.0,11.0,10.870564122481358
3.0,6.0,2.837964118061359
5.0,23.0,2.0248736237063003
2.0,8.0,0.5082293770540128
7.0,22.0,1.3777092597647953
3.0,8.0,0.6940172013839135
6.0,27.0,1.6812794235287558
4.0,11.0,0.6475750017870942
4.0,38.0,2.0432343571041742
5.0,22.0,0.9484258227304991
4.0,13.0,0.33157592725652624
4.0,11.0,10.870564122481358
1.0,6.0,2.837964118061359
5.0,23.0,2.0248736237063003
1.0,8.0,0.5082293770540128
4.0,22.0,1.3777092597647953
5.0,8.0,0.6940172013839135
8.0,27.0,1.6812794235287558
3.0,11.0,0.6475750017870942
13.0,38.0,2.0432343571041742
5.0,22.0,0.9484258227304991
4.0,13.0,0.33157592725652624
4.0,11.0,10.870564122481358
4.0,6.0,2.837964118061359
9.0,23.0,2.0248736237063003
4.0,8.0,0.5082293770540128
7.0,22.0,1.3777092597647953
3.0,8.0,0.6940172013839135
4.0,27.0,1.6812794235287558
6.0,11.0,0.6475750017870942
15.0,38.0,2.0432343571041742
10.0,22.0,0.9484258227304991
6.0,13.0,0.33157592725652624
7.0,11.0,10.870564122481358
4.0,6.0,2.837964118061359
16.0,23.0,2.0248736237063003
4.0,8.0,0.5082293770540128
11.0,22.0,1.3777092597647953
3.0,8.0,0.6940172013839135
18.0,27.0,1.6812794235287558
4.0,11.0,0.6475750017870942
17.0,38.0,2.0432343571041742
11.0,22.0,0.9484258227304991
5.0,13.0,0.33157592725652624
5.0,11.0,10.870564122481358
4.0,6.0,2.837964118061359
14.0,23.0,2.0248736237063003
4.0,8.0,0.5082293770540128
12.0,22.0,1.3777092597647953
3.0,8.0,0.6940172013839135
18.0,27.0,1.6812794235287558
8.0,11.0,0.6475750017870942
23.0,38.0,2.0432343571041742
17.0,22.0,0.9484258227304991
7.0,13.0,0.33157592725652624
7.0,11.0,10.870564122481358
3.0,6.0,2.837964118061359
16.0,23.0,2.0248736237063003
4.0,8.0,0.5082293770540128
14.0,22.0,1.3777092597647953
5.0,8.0,0.6940172013839135
22.0,27.0,1.6812794235287558
10.0,11.0,0.6475750017870942
27.0,38.0,2.0432343571041742
16.0,22.0,0.9484258227304991
11.0,13.0,0.33157592725652624
9.0,11.0,10.870564122481358
5.0,6.0,2.837964118061359
19.0,23.0,2.0248736237063003
6.0,8.0,0.5082293770540128
14.0,22.0,1.3777092597647953
5.0,8.0,0.6940172013839135
23.0,27.0,1.6812794235287558
8.0,11.0,0.6475750017870942
28.0,38.0,2.0432343571041742
18.0,22.0,0.9484258227304991
11.0,13.0,0.33157592725652624
11.0,11.0,10.870564122481358
5.0,6.0,2.837964118061359
21.0,23.0,2.0248736237063003
8.0,8.0,0.5082293770540128
20.0,22.0,1.3777092597647953
5.0,8.0,0.6940172013839135
24.0,27.0,1.6812794235287558
10.0,11.0,0.6475750017870942
32.0,38.0,2.0432343571041742
17.0,22.0,0.9484258227304991
12.0,13.0,0.33157592725652624
1.0,4.0,2.8890898327673438
0.0,2.0,1.4429807932926149
3.0,30.0,6.263689823361101
5.0,33.0,3.115033961946483
2.0,13.0,0.30810032378026136
1.0,7.0,0.23166710351442332
2.0,18.0,0.7726831320624498
1.0,28.0,2.791995965744257
4.0,27.0,1.2369401692130786
4.0,55.0,1.8893276477553604
5.0,49.0,1.2360119747596723
1.0,4.0,2.8890898327673438
0.0,2.0,1.4429807932926149
8.0,30.0,6.263689823361101
8.0,33.0,3.115033961946483
3.0,13.0,0.30810032378026136
2.0,7.0,0.23166710351442332
0.0,18.0,0.7726831320624498
5.0,28.0,2.791995965744257
7.0,27.0,1.2369401692130786
12.0,55.0,1.8893276477553604
9.0,49.0,1.2360119747596723
1.0,4.0,2.8890898327673438
1.0,2.0,1.4429807932926149
11.0,30.0,6.263689823361101
14.0,33.0,3.115033961946483
3.0,13.0,0.30810032378026136
4.0,7.0,0.23166710351442332
6.0,18.0,0.7726831320624498
7.0,28.0,2.791995965744257
10.0,27.0,1.2369401692130786
13.0,55.0,1.8893276477553604
15.0,49.0,1.2360119747596723
2.0,4.0,2.8890898327673438
1.0,2.0,1.4429807932926149
16.0,30.0,6.263689823361101
12.0,33.0,3.115033961946483
5.0,13.0,0.30810032378026136
5.0,7.0,0.23166710351442332
7.0,18.0,0.7726831320624498
13.0,28.0,2.791995965744257
12.0,27.0,1.2369401692130786
17.0,55.0,1.8893276477553604
15.0,49.0,1.2360119747596723
1.0,4.0,2.8890898327673438
1.0,2.0,1.4429807932926149
14.0,30.0,6.263689823361101
14.0,33.0,3.115033961946483
10.0,13.0,0.30810032378026136
4.0,7.0,0.23166710351442332
7.0,18.0,0.7726831320624498
14.0,28.0,2.791995965744257
13.0,27.0,1.2369401692130786
30.0,55.0,1.8893276477553604
24.0,49.0,1.2360119747596723
3.0,4.0,2.8890898327673438
1.0,2.0,1.4429807932926149
14.0,30.0,6.263689823361101
18.0,33.0,3.115033961946483
13.0,13.0,0.30810032378026136
5.0,7.0,0.23166710351442332
15.0,18.0,0.7726831320624498
17.0,28.0,2.791995965744257
14.0,27.0,1.2369401692130786
36.0,55.0,1.8893276477553604
28.0,49.0,1.2360119747596723
4.0,4.0,2.8890898327673438
1.0,2.0,1.4429807932926149
18.0,30.0,6.263689823361101
20.0,33.0,3.115033961946483
9.0,13.0,0.30810032378026136
6.0,7.0,0.23166710351442332
13.0,18.0,0.7726831320624498
17.0,28.0,2.791995965744257
17.0,27.0,1.2369401692130786
31.0,55.0,1.8893276477553604
37.0,49.0,1.2360119747596723
3.0,4.0,2.8890898327673438
2.0,2.0,1.4429807932926149
25.0,30.0,6.263689823361101
27.0,33.0,3.115033961946483
12.0,13.0,0.30810032378026136
7.0,7.0,0.23166710351442332
15.0,18.0,0.7726831320624498
20.0,28.0,2.791995965744257
22.0,27.0,1.2369401692130786
46.0,55.0,1.8893276477553604
40.0,49.0,1.2360119747596723
4.0,4.0,2.8890898327673438
2.0,2.0,1.4429807932926149
29.0,30.0,6.263689823361101
30.0,33.0,3.115033961946483
11.0,13.0,0.30810032378026136
6.0,7.0,0.23166710351442332
15.0,18.0,0.7726831320624498
28.0,28.0,2.791995965744257
27.0,27.0,1.2369401692130786
50.0,55.0,1.8893276477553604
46.0,49.0,1.2360119747596723
1.0,6.0,6.900652550712119
1.0,9.0,3.2196246344585604
6.0,59.0,7.484302159598046
2.0,13.0,0.5111579326042802
5.0,23.0,0.6759673738905231
2.0,12.0,0.8266961633567831
4.0,35.0,1.8159553149785792
5.0,73.0,2.941111674110326
3.0,15.0,0.48058833098508225
2.0,35.0,1.2796248712125362
3.0,19.0,0.44953792066698317
1.0,6.0,6.900652550712119
2.0,9.0,3.2196246344585604
12.0,59.0,7.484302159598046
4.0,13.0,0.5111579326042802
4.0,23.0,0.6759673738905231
0.0,12.0,0.8266961633567831
9.0,35.0,1.8159553149785792
10.0,73.0,2.941111674110326
3.0,15.0,0.48058833098508225
5.0,35.0,1.2796248712125362
4.0,19.0,0.44953792066698317
1.0,6.0,6.900652550712119
4.0,9.0,3.2196246344585604
23.0,59.0,7.484302159598046
2.0,13.0,0.5111579326042802
6.0,23.0,0.6759673738905231
6.0,12.0,0.8266961633567831
9.0,35.0,1.8159553149785792
22.0,73.0,2.941111674110326
3.0,15.0,0.48058833098508225
12.0,35.0,1.2796248712125362
6.0,19.0,0.44953792066698317
2.0,6.0,6.900652550712119
4.0,9.0,3.2196246344585604
22.0,59.0,7.484302159598046
5.0,13.0,0.5111579326042802
13.0,23.0,0.6759673738905231
8.0,12.0,0.8266961633567831
14.0,35.0,1.8159553149785792
26.0,73.0,2.941111674110326
5.0,15.0,0.48058833098508225
12.0,35.0,1.2796248712125362
8.0,19.0,0.44953792066698317
5.0,6.0,6.900652550712119
3.0,9.0,3.2196246344585604
30.0,59.0,7.484302159598046
5.0,13.0,0.5111579326042802
13.0,23.0,0.6759673738905231
8.0,12.0,0.8266961633567831
17.0,35.0,1.8159553149785792
34.0,73.0,2.941111674110326
6.0,15.0,0.48058833098508225
18.0,35.0,1.2796248712125362
4.0,19.0,0.44953792066698317
4.0,6.0,6.900652550712119
5.0,9.0,3.2196246344585604
35.0,59.0,7.484302159598046
8.0,13.0,0.5111579326042802
13.0,23.0,0.6759673738905231
6.0,12.0,0.8266961633567831
23.0,35.0,1.8159553149785792
48.0,73.0,2.941111674110326
13.0,15.0,0.48058833098508225
24.0,35.0,1.2796248712125362
13.0,19.0,0.44953792066698317
4.0,6.0,6.900652550712119
7.0,9.0,3.2196246344585604
38.0,59.0,7.484302159598046
6.0,13.0,0.5111579326042802
13.0,23.0,0.6759673738905231
10.0,12.0,0.8266961633567831
23.0,35.0,1.8159553149785792
56.0,73.0,2.941111674110326
13.0,15.0,0.48058833098508225
21.0,35.0,1.2796248712125362
15.0,19.0,0.44953792066698317
3.0,6.0,6.900652550712119
7.0,9.0,3.2196246344585604
45.0,59.0,7.484302159598046
12.0,13.0,0.5111579326042802
17.0,23.0,0.6759673738905231
10.0,12.0,0.8266961633567831
29.0,35.0,1.8159553149785792
56.0,73.0,2.941111674110326
11.0,15.0,0.48058833098508225
28.0,35.0,1.2796248712125362
15.0,19.0,0.44953792066698317
6.0,6.0,6.900652550712119
7.0,9.0,3.2196246344585604
52.0,59.0,7.484302159598046
13.0,13.0,0.5111579326042802
22.0,23.0,0.6759673738905231
12.0,12.0,0.8266961633567831
34.0,35.0,1.8159553149785792
67.0,73.0,2.941111674110326
13.0,15.0,0.48058833098508225
29.0,35.0,1.2796248712125362
17.0,19.0,0.44953792066698317
1.0,3.0,2.5209637024218177
2.0,9.0,4.621728998085635
1.0,10.0,2.126622954035145
2.0,28.0,3.5638013237638
4.0,10.0,0.5839641044459978
0.0,30.0,2.131503904147094
0.0,4.0,0.15520643326357553
15.0,95.0,3.9973024796825642
2.0,25.0,0.7372784694993226
8.0,89.0,2.0580267113162414
2.0,47.0,0.974532005758366
1.0,3.0,2.5209637024218177
3.0,9.0,4.621728998085635
0.0,10.0,2.126622954035145
3.0,28.0,3.5638013237638
2.0,10.0,0.5839641044459978
4.0,30.0,2.131503904147094
2.0,4.0,0.15520643326357553
17.0,95.0,3.9973024796825642
7.0,25.0,0.7372784694993226
15.0,89.0,2.0580267113162414
10.0,47.0,0.974532005758366
1.0,3.0,2.5209637024218177
2.0,9.0,4.621728998085635
3.0,10.0,2.126622954035145
11.0,28.0,3.5638013237638
2.0,10.0,0.5839641044459978
7.0,30.0,2.131503904147094
1.0,4.0,0.15520643326357553
28.0,95.0,3.9973024796825642
6.0,25.0,0.7372784694993226
30.0,89.0,2.0580267113162414
11.0,47.0,0.974532005758366
2.0,3.0,2.5209637024218177
1.0,9.0,4.621728998085635
4.0,10.0,2.126622954035145
14.0,28.0,3.5638013237638
3.0,10.0,0.5839641044459978
10.0,30.0,2.131503904147094
1.0,4.0,0.15520643326357553
41.0,95.0,3.9973024796825642
8.0,25.0,0.7372784694993226
31.0,89.0,2.0580267113162414
22.0,47.0,0.974532005758366
1.0,3.0,2.5209637024218177
5.0,9.0,4.621728998085635
4.0,10.0,2.126622954035145
16.0,28.0,3.5638013237638
6.0,10.0,0.5839641044459978
19.0,30.0,2.131503904147094
1.0,4.0,0.15520643326357553
46.0,95.0,3.9973024796825642
15.0,25.0,0.7372784694993226
46.0,89.0,2.0580267113162414
28.0,47.0,0.974532005758366
3.0,3.0,2.5209637024218177
8.0,9.0,4.621728998085635
6.0,10.0,2.126622954035145
18.0,28.0,3.5638013237638
6.0,10.0,0.5839641044459978
24.0,30.0,2.131503904147094
4.0,4.0,0.15520643326357553
55.0,95.0,3.9973024796825642
14.0,25.0,0.7372784694993226
52.0,89.0,2.0580267113162414
26.0,47.0,0.974532005758366
1.0,3.0,2.5209637024218177
4.0,9.0,4.621728998085635
7.0,10.0,2.126622954035145
21.0,28.0,3.5638013237638
6.0,10.0,0.5839641044459978
20.0,30.0,2.131503904147094
1.0,4.0,0.15520643326357553
76.0,95.0,3.9973024796825642
19.0,25.0,0.7372784694993226
63.0,89.0,2.0580267113162414
28.0,47.0,0.974532005758366
2.0,3.0,2.5209637024218177
6.0,9.0,4.621728998085635
7.0,10.0,2.126622954035145
22.0,28.0,3.5638013237638
9.0,10.0,0.5839641044459978
25.0,30.0,2.131503904147094
3.0,4.0,0.15520643326357553
86.0,95.0,3.9973024796825642
23.0,25.0,0.7372784694993226
74.0,89.0,2.0580267113162414
40.0,47.0,0.974532005758366
3.0,3.0,2.5209637024218177
8.0,9.0,4.621728998085635
10.0,10.0,2.126622954035145
24.0,28.0,3.5638013237638
10.0,10.0,0.5839641044459978
29.0,30.0,2.131503904147094
3.0,4.0,0.15520643326357553
86.0,95.0,3.9973024796825642
24.0,25.0,0.7372784694993226
82.0,89.0,2.0580267113162414
42.0,47.0,0.974532005758366
1.0,3.0,5.759370307357275
0.0,4.0,3.8107048743689176
0.0,15.0,5.335529800633613
4.0,14.0,2.7795118662344462
1.0,17.0,2.4070813422683917
1.0,18.0,1.264224254770891
5.0,59.0,3.064550594802253
0.0,11.0,0.35058642815197866
0.0,4.0,0.13516072401962076
1.0,25.0,1.6255363207160276
2.0,12.0,0.6344718413852428
1.0,3.0,5.759370307357275
2.0,4.0,3.8107048743689176
6.0,15.0,5.335529800633613
2.0,14.0,2.7795118662344462
7.0,17.0,2.4070813422683917
3.0,18.0,1.264224254770891
10.0,59.0,3.064550594802253
2.0,11.0,0.35058642815197866
1.0,4.0,0.13516072401962076
5.0,25.0,1.6255363207160276
4.0,12.0,0.6344718413852428
2.0,3.0,5.759370307357275
1.0,4.0,3.8107048743689176
4.0,15.0,5.335529800633613
4.0,14.0,2.7795118662344462
3.0,17.0,2.4070813422683917
3.0,18.0,1.264224254770891
20.0,59.0,3.064550594802253
3.0,11.0,0.35058642815197866
3.0,4.0,0.13516072401962076
9.0,25.0,1.6255363207160276
2.0,12.0,0.6344718413852428
1.0,3.0,5.759370307357275
4.0,4.0,3.8107048743689176
6.0,15.0,5.335529800633613
3.0,14.0,2.7795118662344462
5.0,17.0,2.4070813422683917
10.0,18.0,1.264224254770891
22.0,59.0,3.064550594802253
5.0,11.0,0.35058642815197866
2.0,4.0,0.13516072401962076
12.0,25.0,1.6255363207160276
5.0,12.0,0.6344718413852428
2.0,3.0,5.759370307357275
4.0,4.0,3.8107048743689176
11.0,15.0,5.335529800633613
6.0,14.0,2.7795118662344462
6.0,17.0,2.4070813422683917
5.0,18.0,1.264224254770891
30.0,59.0,3.064550594802253
5.0,11.0,0.35058642815197866
3.0,4.0,0.13516072401962076
9.0,25.0,1.6255363207160276
3.0,12.0,0.6344718413852428
3.0,3.0,5.759370307357275
3.0,4.0,3.8107048743689176
10.0,15.0,5.335529800633613
7.0,14.0,2.7795118662344462
12.0,17.0,2.4070813422683917
8.0,18.0,1.264224254770891
33.0,59.0,3.064550594802253
3.0,11.0,0.35058642815197866
3.0,4.0,0.13516072401962076
18.0,25.0,1.6255363207160276
4.0,12.0,0.6344718413852428
1.0,3.0,5.759370307357275
2.0,4.0,3.8107048743689176
10.0,15.0,5.335529800633613
10.0,14.0,2.7795118662344462
8.0,17.0,2.4070813422683917
18.0,18.0,1.264224254770891
44.0,59.0,3.064550594802253
7.0,11.0,0.35058642815197866
2.0,4.0,0.13516072401962076
20.0,25.0,1.6255363207160276
8.0,12.0,0.6344718413852428
3.0,3.0,5.759370307357275
4.0,4.0,3.8107048743689176
12.0,15.0,5.335529800633613
9.0,14.0,2.7795118662344462
16.0,17.0,2.4070813422683917
15.0,18.0,1.264224254770891
46.0,59.0,3.064550594802253
7.0,11.0,0.35058642815197866
2.0,4.0,0.13516072401962076
19.0,25.0,1.6255363207160276
10.0,12.0,0.6344718413852428
3.0,3.0,5.759370307357275
3.0,4.0,3.8107048743689176
14.0,15.0,5.335529800633613
14.0,14.0,2.7795118662344462
16.0,17.0,2.4070813422683917
16.0,18.0,1.264224254770891
52.0,59.0,3.064550594802253
9.0,11.0,0.35058642815197866
3.0,4.0,0.13516072401962076
23.0,25.0,1.6255363207160276
10.0,12.0,0.6344718413852428
1.0,3.0,6.621448784759007
0.0,5.0,4.056375403603501
0.0,5.0,3.2080435393100477
6.0,26.0,5.891460297626395
2.0,54.0,4.781926157591544
6.0,20.0,0.9030603499133699
6.0,74.0,1.8685937475439136
9.0,79.0,1.584428636341139
5.0,35.0,0.5294435787071221
1.0,34.0,0.6910130945162943
4.0,55.0,1.2800396262117606
1.0,3.0,6.621448784759007
2.0,5.0,4.056375403603501
1.0,5.0,3.2080435393100477
5.0,26.0,5.891460297626395
6.0,54.0,4.781926157591544
3.0,20.0,0.9030603499133699
13.0,74.0,1.8685937475439136
19.0,79.0,1.584428636341139
6.0,35.0,0.5294435787071221
7.0,34.0,0.6910130945162943
10.0,55.0,1.2800396262117606
1.0,3.0,6.621448784759007
2.0,5.0,4.056375403603501
1.0,5.0,3.2080435393100477
11.0,26.0,5.891460297626395
18.0,54.0,4.781926157591544
7.0,20.0,0.9030603499133699
22.0,74.0,1.8685937475439136
28.0,79.0,1.584428636341139
13.0,35.0,0.5294435787071221
7.0,34.0,0.6910130945162943
16.0,55.0,1.2800396262117606
2.0,3.0,6.621448784759007
3.0,5.0,4.056375403603501
0.0,5.0,3.2080435393100477
9.0,26.0,5.891460297626395
19.0,54.0,4.781926157591544
8.0,20.0,0.9030603499133699
31.0,74.0,1.8685937475439136
31.0,79.0,1.584428636341139
12.0,35.0,0.5294435787071221
14.0,34.0,0.6910130945162943
24.0,55.0,1.2800396262117606
1.0,3.0,6.621448784759007
0.0,5.0,4.056375403603501
3.0,5.0,3.2080435393100477
15.0,26.0,5.891460297626395
29.0,54.0,4.781926157591544
9.0,20.0,0.9030603499133699
40.0,74.0,1.8685937475439136
38.0,79.0,1.584428636341139
22.0,35.0,0.5294435787071221
13.0,34.0,0.6910130945162943
26.0,55.0,1.2800396262117606
3.0,3.0,6.621448784759007
4.0,5.0,4.056375403603501
3.0,5.0,3.2080435393100477
16.0,26.0,5.891460297626395
30.0,54.0,4.781926157591544
15.0,20.0,0.9030603499133699
54.0,74.0,1.8685937475439136
40.0,79.0,1.584428636341139
27.0,35.0,0.5294435787071221
22.0,34.0,0.6910130945162943
27.0,55.0,1.2800396262117606
1.0,3.0,6.621448784759007
4.0,5.0,4.056375403603501
3.0,5.0,3.2080435393100477
17.0,26.0,5.891460297626395
38.0,54.0,4.781926157591544
17.0,20.0,0.9030603499133699
53.0,74.0,1.8685937475439136
63.0,79.0,1.584428636341139
28.0,35.0,0.5294435787071221
22.0,34.0,0.6910130945162943
42.0,55.0,1.2800396262117606
3.0,3.0,6.621448784759007
3.0,5.0,4.056375403603501
3.0,5.0,3.2080435393100477
20.0,26.0,5.891460297626395
43.0,54.0,4.781926157591544
16.0,20.0,0.9030603499133699
61.0,74.0,1.8685937475439136
52.0,79.0,1.584428636341139
30.0,35.0,0.5294435787071221
29.0,34.0,0.6910130945162943
45.0,55.0,1.2800396262117606
3.0,3.0,6.621448784759007
4.0,5.0,4.056375403603501
4.0,5.0,3.2080435393100477
22.0,26.0,5.891460297626395
49.0,54.0,4.781926157591544
19.0,20.0,0.9030603499133699
65.0,74.0,1.8685937475439136
71.0,79.0,1.584428636341139
31.0,35.0,0.5294435787071221
30.0,34.0,0.6910130945162943
47.0,55.0,1.2800396262117606
1.0,3.0,3.2848828605429117
1.0,7.0,5.7529147630026625
0.0,7.0,1.353941414236635
4.0,17.0,2.4228435955280943
2.0,14.0,1.6926402080766232
5.0,33.0,2.2327822055656883
1.0,17.0,0.6610840178266074
5.0,39.0,1.7057280742644718
2.0,8.0,0.6449060723763991
0.0,2.0,0.09862162835013083
5.0,45.0,2.359084031735335
1.0,3.0,3.2848828605429117
3.0,7.0,5.7529147630026625
5.0,7.0,1.353941414236635
5.0,17.0,2.4228435955280943
1.0,14.0,1.6926402080766232
4.0,33.0,2.2327822055656883
2.0,17.0,0.6610840178266074
5.0,39.0,1.7057280742644718
3.0,8.0,0.6449060723763991
1.0,2.0,0.09862162835013083
8.0,45.0,2.359084031735335
1.0,3.0,3.2848828605429117
1.0,7.0,5.7529147630026625
2.0,7.0,1.353941414236635
5.0,17.0,2.4228435955280943
2.0,14.0,1.6926402080766232
7.0,33.0,2.2327822055656883
5.0,17.0,0.6610840178266074
14.0,39.0,1.7057280742644718
1.0,8.0,0.6449060723763991
1.0,2.0,0.09862162835013083
13.0,45.0,2.359084031735335
1.0,3.0,3.2848828605429117
2.0,7.0,5.7529147630026625
5.0,7.0,1.353941414236635
10.0,17.0,2.4228435955280943
5.0,14.0,1.6926402080766232
18.0,33.0,2.2327822055656883
6.0,17.0,0.6610840178266074
11.0,39.0,1.7057280742644718
5.0,8.0,0.6449060723763991
1.0,2.0,0.09862162835013083
15.0,45.0,2.359084031735335
1.0,3.0,3.2848828605429117
6.0,7.0,5.7529147630026625
4.0,7.0,1.353941414236635
7.0,17.0,2.4228435955280943
9.0,14.0,1.6926402080766232
18.0,33.0,2.2327822055656883
7.0,17.0,0.6610840178266074
15.0,39.0,1.7057280742644718
5.0,8.0,0.6449060723763991
0.0,2.0,0.09862162835013083
18.0,45.0,2.359084031735335
2.0,3.0,3.2848828605429117
2.0,7.0,5.7529147630026625
7.0,7.0,1.353941414236635
8.0,17.0,2.4228435955280943
6.0,14.0,1.6926402080766232
20.0,33.0,2.2327822055656883
8.0,17.0,0.6610840178266074
28.0,39.0,1.7057280742644718
5.0,8.0,0.6449060723763991
2.0,2.0,0.09862162835013083
27.0,45.0,2.359084031735335
1.0,3.0,3.2848828605429117
2.0,7.0,5.7529147630026625
3.0,7.0,1.353941414236635
11.0,17.0,2.4228435955280943
11.0,14.0,1.6926402080766232
24.0,33.0,2.2327822055656883
13.0,17.0,0.6610840178266074
30.0,39.0,1.7057280742644718
7.0,8.0,0.6449060723763991
1.0,2.0,0.09862162835013083
33.0,45.0,2.359084031735335
3.0,3.0,3.2848828605429117
4.0,7.0,5.7529147630026625
7.0,7.0,1.353941414236635
12.0,17.0,2.4228435955280943
10.0,14.0,1.6926402080766232
26.0,33.0,2.2327822055656883
15.0,17.0,0.6610840178266074
31.0,39.0,1.7057280742644718
6.0,8.0,0.6449060723763991
2.0,2.0,0.09862162835013083
36.0,45.0,2.359084031735335
3.0,3.0,3.2848828605429117
7.0,7.0,5.7529147630026625
7.0,7.0,1.353941414236635
13.0,17.0,2.4228435955280943
13.0,14.0,1.6926402080766232
30.0,33.0,2.2327822055656883
16.0,17.0,0.6610840178266074
35.0,39.0,1.7057280742644718
7.0,8.0,0.6449060723763991
2.0,2.0,0.09862162835013083
42.0,45.0,2.359084031735335
1.0,4.0,4.455743855863407
1.0,4.0,2.2449019009951003
3.0,14.0,6.3755699627720634
5.0,36.0,6.583578151083007
0.0,11.0,0.5811564167357669
2.0,24.0,1.0802926829089763
6.0,54.0,2.7813926823012016
2.0,12.0,0.4281156838936649
2.0,24.0,0.6439598690380258
4.0,40.0,2.045384842143764
2.0,15.0,0.5856449165260933
1.0,4.0,4.455743855863407
0.0,4.0,2.2449019009951003
3.0,14.0,6.3755699627720634
8.0,36.0,6.583578151083007
1.0,11.0,0.5811564167357669
7.0,24.0,1.0802926829089763
8.0,54.0,2.7813926823012016
2.0,12.0,0.4281156838936649
4.0,24.0,0.6439598690380258
10.0,40.0,2.045384842143764
3.0,15.0,0.5856449165260933
1.0,4.0,4.455743855863407
1.0,4.0,2.2449019009951003
6.0,14.0,6.3755699627720634
15.0,36.0,6.583578151083007
3.0,11.0,0.5811564167357669
9.0,24.0,1.0802926829089763
14.0,54.0,2.7813926823012016
2.0,12.0,0.4281156838936649
8.0,24.0,0.6439598690380258
13.0,40.0,2.045384842143764
7.0,15.0,0.5856449165260933
1.0,4.0,4.455743855863407
0.0,4.0,2.2449019009951003
3.0,14.0,6.3755699627720634
10.0,36.0,6.583578151083007
5.0,11.0,0.5811564167357669
11.0,24.0,1.0802926829089763
24.0,54.0,2.7813926823012016
4.0,12.0,0.4281156838936649
9.0,24.0,0.6439598690380258
17.0,40.0,2.045384842143764
5.0,15.0,0.5856449165260933
2.0,4.0,4.455743855863407
1.0,4.0,2.2449019009951003
7.0,14.0,6.3755699627720634
15.0,36.0,6.583578151083007
1.0,11.0,0.5811564167357669
14.0,24.0,1.0802926829089763
29.0,54.0,2.7813926823012016
6.0,12.0,0.4281156838936649
12.0,24.0,0.6439598690380258
20.0,40.0,2.045384842143764
7.0,15.0,0.5856449165260933
1.0,4.0,4.455743855863407
3.0,4.0,2.2449019009951003
9.0,14.0,6.3755699627720634
17.0,36.0,6.583578151083007
5.0,11.0,0.5811564167357669
13.0,24.0,1.0802926829089763
36.0,54.0,2.7813926823012016
6.0,12.0,0.4281156838936649
18.0,24.0,0.6439598690380258
21.0,40.0,2.045384842143764
5.0,15.0,0.5856449165260933
1.0,4.0,4.455743855863407
3.0,4.0,2.2449019009951003
12.0,14.0,6.3755699627720634
25.0,36.0,6.583578151083007
8.0,11.0,0.5811564167357669
18.0,24.0,1.0802926829089763
36.0,54.0,2.7813926823012016
8.0,12.0,0.4281156838936649
21.0,24.0,0.6439598690380258
28.0,40.0,2.045384842143764
13.0,15.0,0.5856449165260933
3.0,4.0,4.455743855863407
4.0,4.0,2.2449019009951003
11.0,14.0,6.3755699627720634
27.0,36.0,6.583578151083007
9.0,11.0,0.5811564167357669
21.0,24.0,1.0802926829089763
43.0,54.0,2.7813926823012016
11.0,12.0,0.4281156838936649
18.0,24.0,0.6439598690380258
31.0,40.0,2.045384842143764
12.0,15.0,0.5856449165260933
4.0,4.0,4.455743855863407
4.0,4.0,2.2449019009951003
12.0,14.0,6.3755699627720634
34.0,36.0,6.583578151083007
10.0,11.0,0.5811564167357669
23.0,24.0,1.0802926829089763
51.0,54.0,2.7813926823012016
12.0,12.0,0.4281156838936649
21.0,24.0,0.6439598690380258
35.0,40.0,2.045384842143764
15.0,15.0,0.5856449165260933
1.0,6.0,9.199283314644292
2.0,10.0,4.90691442261814
1.0,15.0,2.941071083142256
3.0,24.0,1.8126046258011463
0.0,17.0,1.0068197702760935
2.0,9.0,0.4806932691631093
6.0,57.0,4.0485895115725095
3.0,27.0,0.7928768203058363
1.0,8.0,0.2466117474896062
3.0,13.0,0.7003875960234694
0.0,4.0,0.3378475410814909
1.0,6.0,9.199283314644292
3.0,10.0,4.90691442261814
0.0,15.0,2.941071083142256
5.0,24.0,1.8126046258011463
4.0,17.0,1.0068197702760935
3.0,9.0,0.4806932691631093
13.0,57.0,4.0485895115725095
2.0,27.0,0.7928768203058363
2.0,8.0,0.2466117474896062
5.0,13.0,0.7003875960234694
0.0,4.0,0.3378475410814909
1.0,6.0,9.199283314644292
3.0,10.0,4.90691442261814
5.0,15.0,2.941071083142256
12.0,24.0,1.8126046258011463
4.0,17.0,1.0068197702760935
1.0,9.0,0.4806932691631093
16.0,57.0,4.0485895115725095
8.0,27.0,0.7928768203058363
1.0,8.0,0.2466117474896062
4.0,13.0,0.7003875960234694
2.0,4.0,0.3378475410814909
2.0,6.0,9.199283314644292
1.0,10.0,4.90691442261814
7.0,15.0,2.941071083142256
11.0,24.0,1.8126046258011463
9.0,17.0,1.0068197702760935
6.0,9.0,0.4806932691631093
28.0,57.0,4.0485895115725095
10.0,27.0,0.7928768203058363
5.0,8.0,0.2466117474896062
3.0,13.0,0.7003875960234694
1.0,4.0,0.3378475410814909
4.0,6.0,9.199283314644292
4.0,10.0,4.90691442261814
3.0,15.0,2.941071083142256
11.0,24.0,1.8126046258011463
9.0,17.0,1.0068197702760935
6.0,9.0,0.4806932691631093
28.0,57.0,4.0485895115725095
18.0,27.0,0.7928768203058363
3.0,8.0,0.2466117474896062
5.0,13.0,0.7003875960234694
2.0,4.0,0.3378475410814909
4.0,6.0,9.199283314644292
4.0,10.0,4.90691442261814
7.0,15.0,2.941071083142256
15.0,24.0,1.8126046258011463
11.0,17.0,1.0068197702760935
7.0,9.0,0.4806932691631093
29.0,57.0,4.0485895115725095
17.0,27.0,0.7928768203058363
6.0,8.0,0.2466117474896062
6.0,13.0,0.7003875960234694
1.0,4.0,0.3378475410814909
4.0,6.0,9.199283314644292
7.0,10.0,4.90691442261814
10.0,15.0,2.941071083142256
21.0,24.0,1.8126046258011463
11.0,17.0,1.0068197702760935
8.0,9.0,0.4806932691631093
35.0,57.0,4.0485895115725095
24.0,27.0,0.7928768203058363
5.0,8.0,0.2466117474896062
9.0,13.0,0.7003875960234694
4.0,4.0,0.3378475410814909
6.0,6.0,9.199283314644292
8.0,10.0,4.90691442261814
8.0,15.0,2.941071083142256
21.0,24.0,1.8126046258011463
12.0,17.0,1.0068197702760935
7.0,9.0,0.4806932691631093
43.0,57.0,4.0485895115725095
22.0,27.0,0.7928768203058363
8.0,8.0,0.2466117474896062
10.0,13.0,0.7003875960234694
2.0,4.0,0.3378475410814909
6.0,6.0,9.199283314644292
8.0,10.0,4.90691442261814
13.0,15.0,2.941071083142256
23.0,24.0,1.8126046258011463
15.0,17.0,1.0068197702760935
8.0,9.0,0.4806932691631093
55.0,57.0,4.0485895115725095
23.0,27.0,0.7928768203058363
7.0,8.0,0.2466117474896062
13.0,13.0,0.7003875960234694
4.0,4.0,0.3378475410814909
1.0,4.0,4.737107404918507
1.0,6.0,3.387775924802431
0.0,13.0,5.241787201784851
3.0,14.0,2.6035373412392953
3.0,14.0,1.9502714816378577
2.0,17.0,1.207589753045498
1.0,2.0,0.2898687937697235
0.0,6.0,0.802452553761294
1.0,6.0,0.630692741121847
3.0,35.0,4.8596432691901565
1.0,9.0,0.501566124487374
2.0,4.0,4.737107404918507
1.0,6.0,3.387775924802431
2.0,13.0,5.241787201784851
1.0,14.0,2.6035373412392953
1.0,14.0,1.9502714816378577
6.0,17.0,1.207589753045498
0.0,2.0,0.2898687937697235
1.0,6.0,0.802452553761294
1.0,6.0,0.630692741121847
6.0,35.0,4.8596432691901565
1.0,9.0,0.501566124487374
1.0,4.0,4.737107404918507
1.0,6.0,3.387775924802431
4.0,13.0,5.241787201784851
7.0,14.0,2.6035373412392953
5.0,14.0,1.9502714816378577
9.0,17.0,1.207589753045498
1.0,2.0,0.2898687937697235
2.0,6.0,0.802452553761294
1.0,6.0,0.630692741121847
9.0,35.0,4.8596432691901565
4.0,9.0,0.501566124487374
2.0,4.0,4.737107404918507
2.0,6.0,3.387775924802431
3.0,13.0,5.241787201784851
8.0,14.0,2.6035373412392953
5.0,14.0,1.9502714816378577
8.0,17.0,1.207589753045498
1.0,2.0,0.2898687937697235
1.0,6.0,0.802452553761294
2.0,6.0,0.630692741121847
15.0,35.0,4.8596432691901565
4.0,9.0,0.501566124487374
3.0,4.0,4.737107404918507
4.0,6.0,3.387775924802431
5.0,13.0,5.241787201784851
5.0,14.0,2.6035373412392953
7.0,14.0,1.9502714816378577
9.0,17.0,1.207589753045498
1.0,2.0,0.2898687937697235
3.0,6.0,0.802452553761294
3.0,6.0,0.630692741121847
19.0,35.0,4.8596432691901565
7.0,9.0,0.501566124487374
1.0,4.0,4.737107404918507
3.0,6.0,3.387775924802431
8.0,13.0,5.241787201784851
6.0,14.0,2.6035373412392953
10.0,14.0,1.9502714816378577
10.0,17.0,1.207589753045498
2.0,2.0,0.2898687937697235
4.0,6.0,0.802452553761294
4.0,6.0,0.630692741121847
24.0,35.0,4.8596432691901565
7.0,9.0,0.501566124487374
3.0,4.0,4.737107404918507
4.0,6.0,3.387775924802431
11.0,13.0,5.241787201784851
12.0,14.0,2.6035373412392953
9.0,14.0,1.9502714816378577
11.0,17.0,1.207589753045498
1.0,2.0,0.2898687937697235
2.0,6.0,0.802452553761294
3.0,6.0,0.630692741121847
26.0,35.0,4.8596432691901565
6.0,9.0,0.501566124487374
2.0,4.0,4.737107404918507
6.0,6.0,3.387775924802431
10.0,13.0,5.241787201784851
11.0,14.0,2.6035373412392953
12.0,14.0,1.9502714816378577
14.0,17.0,1.207589753045498
2.0,2.0,0.2898687937697235
6.0,6.0,0.802452553761294
3.0,6.0,0.630692741121847
25.0,35.0,4.8596432691901565
7.0,9.0,0.501566124487374
4.0,4.0,4.737107404918507
5.0,6.0,3.387775924802431
12.0,13.0,5.241787201784851
13.0,14.0,2.6035373412392953
12.0,14.0,1.9502714816378577
14.0,17.0,1.207589753045498
1.0,2.0,0.2898687937697235
6.0,6.0,0.802452553761294
6.0,6.0,0.630692741121847
30.0,35.0,4.8596432691901565
9.0,9.0,0.501566124487374
1.0,4.0,6.612382210533263
0.0,1.0,1.030978342760934
2.0,14.0,5.9637825788461445
5.0,40.0,6.468387014134536
1.0,21.0,1.0815708628941723
10.0,72.0,2.876988719576588
5.0,57.0,1.1966997969486803
0.0,15.0,0.23393289114488694
4.0,37.0,0.8572775230384481
4.0,27.0,0.5797540561963896
6.0,46.0,1.4958518445838904
2.0,4.0,6.612382210533263
1.0,1.0,1.030978342760934
4.0,14.0,5.9637825788461445
6.0,40.0,6.468387014134536
4.0,21.0,1.0815708628941723
13.0,72.0,2.876988719576588
8.0,57.0,1.1966997969486803
4.0,15.0,0.23393289114488694
10.0,37.0,0.8572775230384481
4.0,27.0,0.5797540561963896
7.0,46.0,1.4958518445838904
2.0,4.0,6.612382210533263
0.0,1.0,1.030978342760934
5.0,14.0,5.9637825788461445
13.0,40.0,6.468387014134536
7.0,21.0,1.0815708628941723
23.0,72.0,2.876988719576588
14.0,57.0,1.1966997969486803
3.0,15.0,0.23393289114488694
8.0,37.0,0.8572775230384481
6.0,27.0,0.5797540561963896
8.0,46.0,1.4958518445838904
2.0,4.0,6.612382210533263
1.0,1.0,1.030978342760934
3.0,14.0,5.9637825788461445
18.0,40.0,6.468387014134536
8.0,21.0,1.0815708628941723
29.0,72.0,2.876988719576588
27.0,57.0,1.1966997969486803
5.0,15.0,0.23393289114488694
13.0,37.0,0.8572775230384481
9.0,27.0,0.5797540561963896
21.0,46.0,1.4958518445838904
2.0,4.0,6.612382210533263
0.0,1.0,1.030978342760934
9.0,14.0,5.9637825788461445
19.0,40.0,6.468387014134536
14.0,21.0,1.0815708628941723
33.0,72.0,2.876988719576588
26.0,57.0,1.1966997969486803
11.0,15.0,0.23393289114488694
16.0,37.0,0.8572775230384481
12.0,27.0,0.5797540561963896
27.0,46.0,1.4958518445838904
2.0,4.0,6.612382210533263
1.0,1.0,1.030978342760934
6.0,14.0,5.9637825788461445
29.0,40.0,6.468387014134536
11.0,21.0,1.0815708628941723
42.0,72.0,2.876988719576588
39.0,57.0,1.1966997969486803
11.0,15.0,0.23393289114488694
21.0,37.0,0.8572775230384481
15.0,27.0,0.5797540561963896
30.0,46.0,1.4958518445838904
3.0,4.0,6.612382210533263
1.0,1.0,1.030978342760934
10.0,14.0,5.9637825788461445
25.0,40.0,6.468387014134536
15.0,21.0,1.0815708628941723
48.0,72.0,2.876988719576588
40.0,57.0,1.1966997969486803
10.0,15.0,0.23393289114488694
28.0,37.0,0.8572775230384481
14.0,27.0,0.5797540561963896
34.0,46.0,1.4958518445838904
2.0,4.0,6.612382210533263
1.0,1.0,1.030978342760934
9.0,14.0,5.9637825788461445
35.0,40.0,6.468387014134536
18.0,21.0,1.0815708628941723
64.0,72.0,2.876988719576588
46.0,57.0,1.1966997969486803
13.0,15.0,0.23393289114488694
33.0,37.0,0.8572775230384481
20.0,27.0,0.5797540561963896
41.0,46.0,1.4958518445838904
3.0,4.0,6.612382210533263
1.0,1.0,1.030978342760934
14.0,14.0,5.9637825788461445
38.0,40.0,6.468387014134536
20.0,21.0,1.0815708628941723
69.0,72.0,2.876988719576588
53.0,57.0,1.1966997969486803
13.0,15.0,0.23393289114488694
34.0,37.0,0.8572775230384481
26.0,27.0,0.5797540561963896
38.0,46.0,1.4958518445838904
1.0,4.0,4.4078908341841885
2.0,6.0,3.943505181364548
1.0,8.0,1.2055700065654429
2.0,15.0,2.47746491858331
1.0,5.0,1.399631148223264
2.0,31.0,2.856945003703539
2.0,39.0,1.656171268925781
2.0,34.0,1.1691900442983199
12.0,75.0,2.2432562317219906
1.0,17.0,0.33518058557824276
5.0,47.0,1.078301855836354
1.0,4.0,4.4078908341841885
1.0,6.0,3.943505181364548
3.0,8.0,1.2055700065654429
1.0,15.0,2.47746491858331
0.0,5.0,1.399631148223264
2.0,31.0,2.856945003703539
7.0,39.0,1.656171268925781
5.0,34.0,1.1691900442983199
14.0,75.0,2.2432562317219906
3.0,17.0,0.33518058557824276
11.0,47.0,1.078301855836354
2.0,4.0,4.4078908341841885
1.0,6.0,3.943505181364548
2.0,8.0,1.2055700065654429
5.0,15.0,2.47746491858331
3.0,5.0,1.399631148223264
11.0,31.0,2.856945003703539
12.0,39.0,1.656171268925781
12.0,34.0,1.1691900442983199
18.0,75.0,2.2432562317219906
6.0,17.0,0.33518058557824276
12.0,47.0,1.078301855836354
2.0,4.0,4.4078908341841885
2.0,6.0,3.943505181364548
4.0,8.0,1.2055700065654429
5.0,15.0,2.47746491858331
1.0,5.0,1.399631148223264
15.0,31.0,2.856945003703539
16.0,39.0,1.656171268925781
6.0,34.0,1.1691900442983199
38.0,75.0,2.2432562317219906
7.0,17.0,0.33518058557824276
15.0,47.0,1.078301855836354
2.0,4.0,4.4078908341841885
4.0,6.0,3.943505181364548
4.0,8.0,1.2055700065654429
5.0,15.0,2.47746491858331
0.0,5.0,1.399631148223264
19.0,31.0,2.856945003703539
13.0,39.0,1.656171268925781
12.0,34.0,1.1691900442983199
45.0,75.0,2.2432562317219906
7.0,17.0,0.33518058557824276
24.0,47.0,1.078301855836354
3.0,4.0,4.4078908341841885
5.0,6.0,3.943505181364548
5.0,8.0,1.2055700065654429
6.0,15.0,2.47746491858331
3.0,5.0,1.399631148223264
17.0,31.0,2.856945003703539
24.0,39.0,1.656171268925781
23.0,34.0,1.1691900442983199
42.0,75.0,2.2432562317219906
10.0,17.0,0.33518058557824276
32.0,47.0,1.078301855836354
4.0,4.0,4.4078908341841885
4.0,6.0,3.943505181364548
5.0,8.0,1.2055700065654429
7.0,15.0,2.47746491858331
1.0,5.0,1.399631148223264
21.0,31.0,2.856945003703539
27.0,39.0,1.656171268925781
27.0,34.0,1.1691900442983199
52.0,75.0,2.2432562317219906
14.0,17.0,0.33518058557824276
33.0,47.0,1.078301855836354
4.0,4.0,4.4078908341841885
4.0,6.0,3.943505181364548
8.0,8.0,1.2055700065654429
12.0,15.0,2.47746491858331
2.0,5.0,1.399631148223264
26.0,31.0,2.856945003703539
32.0,39.0,1.656171268925781
28.0,34.0,1.1691900442983199
59.0,75.0,2.2432562317219906
16.0,17.0,0.33518058557824276
41.0,47.0,1.078301855836354
3.0,4.0,4.4078908341841885
5.0,6.0,3.943505181364548
7.0,8.0,1.2055700065654429
12.0,15.0,2.47746491858331
5.0,5.0,1.399631148223264
30.0,31.0,2.856945003703539
38.0,39.0,1.656171268925781
30.0,34.0,1.1691900442983199
74.0,75.0,2.2432562317219906
16.0,17.0,0.33518058557824276
42.0,47.0,1.078301855836354
1.0,3.0,5.643255719584993
0.0,5.0,3.500599407462136
0.0,3.0,0.848375615867153
4.0,37.0,7.287444695840251
2.0,13.0,1.2255518788837034
3.0,25.0,1.588169700237572
5.0,49.0,2.817351773107395
14.0,61.0,1.9408047663321473
1.0,12.0,0.2050909086761213
1.0,9.0,0.1367429047907358
1.0,21.0,0.715330656992573
1.0,3.0,5.643255719584993
2.0,5.0,3.500599407462136
0.0,3.0,0.848375615867153
6.0,37.0,7.287444695840251
3.0,13.0,1.2255518788837034
2.0,25.0,1.588169700237572
9.0,49.0,2.817351773107395
18.0,61.0,1.9408047663321473
4.0,12.0,0.2050909086761213
2.0,9.0,0.1367429047907358
5.0,21.0,0.715330656992573
2.0,3.0,5.643255719584993
2.0,5.0,3.500599407462136
1.0,3.0,0.848375615867153
11.0,37.0,7.287444695840251
3.0,13.0,1.2255518788837034
11.0,25.0,1.588169700237572
14.0,49.0,2.817351773107395
18.0,61.0,1.9408047663321473
1.0,12.0,0.2050909086761213
1.0,9.0,0.1367429047907358
10.0,21.0,0.715330656992573
1.0,3.0,5.643255719584993
2.0,5.0,3.500599407462136
1.0,3.0,0.848375615867153
19.0,37.0,7.287444695840251
2.0,13.0,1.2255518788837034
10.0,25.0,1.588169700237572
16.0,49.0,2.817351773107395
18.0,61.0,1.9408047663321473
6.0,12.0,0.2050909086761213
2.0,9.0,0.1367429047907358
4.0,21.0,0.715330656992573
1.0,3.0,5.643255719584993
1.0,5.0,3.500599407462136
3.0,3.0,0.848375615867153
22.0,37.0,7.287444695840251
6.0,13.0,1.2255518788837034
12.0,25.0,1.588169700237572
35.0,49.0,2.817351773107395
35.0,61.0,1.9408047663321473
6.0,12.0,0.2050909086761213
4.0,9.0,0.1367429047907358
9.0,21.0,0.715330656992573
2.0,3.0,5.643255719584993
3.0,5.0,3.500599407462136
3.0,3.0,0.848375615867153
24.0,37.0,7.287444695840251
6.0,13.0,1.2255518788837034
12.0,25.0,1.588169700237572
31.0,49.0,2.817351773107395
40.0,61.0,1.9408047663321473
9.0,12.0,0.2050909086761213
4.0,9.0,0.1367429047907358
15.0,21.0,0.715330656992573
3.0,3.0,5.643255719584993
4.0,5.0,3.500599407462136
2.0,3.0,0.848375615867153
26.0,37.0,7.287444695840251
10.0,13.0,1.2255518788837034
16.0,25.0,1.588169700237572
33.0,49.0,2.817351773107395
34.0,61.0,1.9408047663321473
8.0,12.0,0.2050909086761213
5.0,9.0,0.1367429047907358
16.0,21.0,0.715330656992573
3.0,3.0,5.643255719584993
4.0,5.0,3.500599407462136
1.0,3.0,0.848375615867153
32.0,37.0,7.287444695840251
12.0,13.0,1.2255518788837034
20.0,25.0,1.588169700237572
36.0,49.0,2.817351773107395
44.0,61.0,1.9408047663321473
9.0,12.0,0.2050909086761213
8.0,9.0,0.1367429047907358
16.0,21.0,0.715330656992573
3.0,3.0,5.643255719584993
5.0,5.0,3.500599407462136
3.0,3.0,0.848375615867153
31.0,37.0,7.287444695840251
12.0,13.0,1.2255518788837034
22.0,25.0,1.588169700237572
41.0,49.0,2.817351773107395
51.0,61.0,1.9408047663321473
12.0,12.0,0.2050909086761213
9.0,9.0,0.1367429047907358
20.0,21.0,0.715330656992573
1.0,2.0,0.7874214898056515
1.0,7.0,4.441864246725145
1.0,2.0,1.3773920536623638
1.0,15.0,4.9628490209080525
5.0,20.0,1.8510810538164975
3.0,42.0,3.0894629863054304
3.0,32.0,1.240607718645149
2.0,23.0,0.9276776223772617
2.0,20.0,0.45865635002338273
0.0,8.0,0.1459375429418473
2.0,39.0,2.204662221458142
2.0,2.0,0.7874214898056515
3.0,7.0,4.441864246725145
1.0,2.0,1.3773920536623638
4.0,15.0,4.9628490209080525
6.0,20.0,1.8510810538164975
7.0,42.0,3.0894629863054304
10.0,32.0,1.240607718645149
5.0,23.0,0.9276776223772617
3.0,20.0,0.45865635002338273
1.0,8.0,0.1459375429418473
4.0,39.0,2.204662221458142
1.0,2.0,0.7874214898056515
4.0,7.0,4.441864246725145
0.0,2.0,1.3773920536623638
5.0,15.0,4.9628490209080525
6.0,20.0,1.8510810538164975
11.0,42.0,3.0894629863054304
10.0,32.0,1.240607718645149
6.0,23.0,0.9276776223772617
6.0,20.0,0.45865635002338273
2.0,8.0,0.1459375429418473
6.0,39.0,2.204662221458142
1.0,2.0,0.7874214898056515
5.0,7.0,4.441864246725145
1.0,2.0,1.3773920536623638
11.0,15.0,4.9628490209080525
8.0,20.0,1.8510810538164975
18.0,42.0,3.0894629863054304
13.0,32.0,1.240607718645149
6.0,23.0,0.9276776223772617
5.0,20.0,0.45865635002338273
2.0,8.0,0.1459375429418473
20.0,39.0,2.204662221458142
2.0,2.0,0.7874214898056515
4.0,7.0,4.441864246725145
0.0,2.0,1.3773920536623638
7.0,15.0,4.9628490209080525
10.0,20.0,1.8510810538164975
17.0,42.0,3.0894629863054304
15.0,32.0,1.240607718645149
9.0,23.0,0.9276776223772617
10.0,20.0,0.45865635002338273
3.0,8.0,0.1459375429418473
19.0,39.0,2.204662221458142
2.0,2.0,0.7874214898056515
4.0,7.0,4.441864246725145
2.0,2.0,1.3773920536623638
10.0,15.0,4.9628490209080525
15.0,20.0,1.8510810538164975
25.0,42.0,3.0894629863054304
20.0,32.0,1.240607718645149
17.0,23.0,0.9276776223772617
12.0,20.0,0.45865635002338273
5.0,8.0,0.1459375429418473
19.0,39.0,2.204662221458142
2.0,2.0,0.7874214898056515
5.0,7.0,4.441864246725145
0.0,2.0,1.3773920536623638
9.0,15.0,4.9628490209080525
13.0,20.0,1.8510810538164975
30.0,42.0,3.0894629863054304
19.0,32.0,1.240607718645149
20.0,23.0,0.9276776223772617
15.0,20.0,0.45865635002338273
7.0,8.0,0.1459375429418473
28.0,39.0,2.204662221458142
2.0,2.0,0.7874214898056515
6.0,7.0,4.441864246725145
2.0,2.0,1.3773920536623638
12.0,15.0,4.9628490209080525
16.0,20.0,1.8510810538164975
35.0,42.0,3.0894629863054304
24.0,32.0,1.240607718645149
20.0,23.0,0.9276776223772617
15.0,20.0,0.45865635002338273
6.0,8.0,0.1459375429418473
28.0,39.0,2.204662221458142
1.0,2.0,0.7874214898056515
7.0,7.0,4.441864246725145
2.0,2.0,1.3773920536623638
12.0,15.0,4.9628490209080525
18.0,20.0,1.8510810538164975
38.0,42.0,3.0894629863054304
29.0,32.0,1.240607718645149
22.0,23.0,0.9276776223772617
19.0,20.0,0.45865635002338273
6.0,8.0,0.1459375429418473
33.0,39.0,2.204662221458142
1.0,4.0,4.914685940058367
0.0,7.0,6.495687139420386
2.0,22.0,3.5163417434153135
1.0,19.0,1.9584243430322132
3.0,12.0,0.7626067821108138
2.0,47.0,2.045408101368034
0.0,7.0,0.5200145793419836
2.0,28.0,0.7763885409346363
5.0,56.0,2.8825263351291297
6.0,54.0,1.7238608500452828
1.0,10.0,0.3039589836754454
2.0,4.0,4.914685940058367
1.0,7.0,6.495687139420386
3.0,22.0,3.5163417434153135
3.0,19.0,1.9584243430322132
0.0,12.0,0.7626067821108138
6.0,47.0,2.045408101368034
0.0,7.0,0.5200145793419836
7.0,28.0,0.7763885409346363
14.0,56.0,2.8825263351291297
11.0,54.0,1.7238608500452828
3.0,10.0,0.3039589836754454
2.0,4.0,4.914685940058367
2.0,7.0,6.495687139420386
6.0,22.0,3.5163417434153135
5.0,19.0,1.9584243430322132
6.0,12.0,0.7626067821108138
15.0,47.0,2.045408101368034
2.0,7.0,0.5200145793419836
3.0,28.0,0.7763885409346363
14.0,56.0,2.8825263351291297
19.0,54.0,1.7238608500452828
1.0,10.0,0.3039589836754454
4.0,4.0,4.914685940058367
3.0,7.0,6.495687139420386
6.0,22.0,3.5163417434153135
9.0,19.0,1.9584243430322132
4.0,12.0,0.7626067821108138
16.0,47.0,2.045408101368034
6.0,7.0,0.5200145793419836
12.0,28.0,0.7763885409346363
29.0,56.0,2.8825263351291297
22.0,54.0,1.7238608500452828
3.0,10.0,0.3039589836754454
1.0,4.0,4.914685940058367
2.0,7.0,6.495687139420386
12.0,22.0,3.5163417434153135
10.0,19.0,1.9584243430322132
7.0,12.0,0.7626067821108138
26.0,47.0,2.045408101368034
4.0,7.0,0.5200145793419836
15.0,28.0,0.7763885409346363
26.0,56.0,2.8825263351291297
24.0,54.0,1.7238608500452828
5.0,10.0,0.3039589836754454
3.0,4.0,4.914685940058367
4.0,7.0,6.495687139420386
13.0,22.0,3.5163417434153135
11.0,19.0,1.9584243430322132
5.0,12.0,0.7626067821108138
27.0,47.0,2.045408101368034
6.0,7.0,0.5200145793419836
16.0,28.0,0.7763885409346363
29.0,56.0,2.8825263351291297
27.0,54.0,1.7238608500452828
3.0,10.0,0.3039589836754454
1.0,4.0,4.914685940058367
4.0,7.0,6.495687139420386
17.0,22.0,3.5163417434153135
10.0,19.0,1.9584243430322132
8.0,12.0,0.7626067821108138
35.0,47.0,2.045408101368034
3.0,7.0,0.5200145793419836
25.0,28.0,0.7763885409346363
37.0,56.0,2.8825263351291297
36.0,54.0,1.7238608500452828
8.0,10.0,0.3039589836754454
4.0,4.0,4.914685940058367
4.0,7.0,6.495687139420386
18.0,22.0,3.5163417434153135
14.0,19.0,1.9584243430322132
10.0,12.0,0.7626067821108138
39.0,47.0,2.045408101368034
6.0,7.0,0.5200145793419836
21.0,28.0,0.7763885409346363
47.0,56.0,2.8825263351291297
43.0,54.0,1.7238608500452828
6.0,10.0,0.3039589836754454
4.0,4.0,4.914685940058367
7.0,7.0,6.495687139420386
21.0,22.0,3.5163417434153135
16.0,19.0,1.9584243430322132
12.0,12.0,0.7626067821108138
42.0,47.0,2.045408101368034
7.0,7.0,0.5200145793419836
26.0,28.0,0.7763885409346363
54.0,56.0,2.8825263351291297
49.0,54.0,1.7238608500452828
8.0,10.0,0.3039589836754454
1.0,4.0,7.807989193555997
0.0,6.0,3.578768845365458
2.0,44.0,6.978994308365209
2.0,24.0,1.192192291559279
0.0,5.0,0.30673646375672176
4.0,50.0,2.2940746248297166
3.0,17.0,0.7241485344753522
2.0,25.0,1.0221160826355247
3.0,37.0,1.744960661844609
7.0,50.0,1.6769053365343685
2.0,15.0,0.3053213014647489
2.0,4.0,7.807989193555997
1.0,6.0,3.578768845365458
8.0,44.0,6.978994308365209
2.0,24.0,1.192192291559279
1.0,5.0,0.30673646375672176
4.0,50.0,2.2940746248297166
3.0,17.0,0.7241485344753522
2.0,25.0,1.0221160826355247
7.0,37.0,1.744960661844609
7.0,50.0,1.6769053365343685
0.0,15.0,0.3053213014647489
1.0,4.0,7.807989193555997
2.0,6.0,3.578768845365458
13.0,44.0,6.978994308365209
9.0,24.0,1.192192291559279
0.0,5.0,0.30673646375672176
15.0,50.0,2.2940746248297166
2.0,17.0,0.7241485344753522
6.0,25.0,1.0221160826355247
2.0,37.0,1.744960661844609
13.0,50.0,1.6769053365343685
7.0,15.0,0.3053213014647489
2.0,4.0,7.807989193555997
2.0,6.0,3.578768845365458
19.0,44.0,6.978994308365209
12.0,24.0,1.192192291559279
1.0,5.0,0.30673646375672176
18.0,50.0,2.2940746248297166
11.0,17.0,0.7241485344753522
11.0,25.0,1.0221160826355247
13.0,37.0,1.744960661844609
20.0,50.0,1.6769053365343685
5.0,15.0,0.3053213014647489
3.0,4.0,7.807989193555997
3.0,6.0,3.578768845365458
20.0,44.0,6.978994308365209
13.0,24.0,1.192192291559279
1.0,5.0,0.30673646375672176
29.0,50.0,2.2940746248297166
8.0,17.0,0.7241485344753522
11.0,25.0,1.0221160826355247
20.0,37.0,1.744960661844609
23.0,50.0,1.6769053365343685
6.0,15.0,0.3053213014647489
2.0,4.0,7.807989193555997
3.0,6.0,3.578768845365458
21.0,44.0,6.978994308365209
17.0,24.0,1.192192291559279
3.0,5.0,0.30673646375672176
27.0,50.0,2.2940746248297166
9.0,17.0,0.7241485344753522
12.0,25.0,1.0221160826355247
21.0,37.0,1.744960661844609
27.0,50.0,1.6769053365343685
7.0,15.0,0.3053213014647489
3.0,4.0,7.807989193555997
5.0,6.0,3.578768845365458
27.0,44.0,6.978994308365209
17.0,24.0,1.192192291559279
4.0,5.0,0.30673646375672176
32.0,50.0,2.2940746248297166
11.0,17.0,0.7241485344753522
17.0,25.0,1.0221160826355247
25.0,37.0,1.744960661844609
35.0,50.0,1.6769053365343685
11.0,15.0,0.3053213014647489
2.0,4.0,7.807989193555997
4.0,6.0,3.578768845365458
34.0,44.0,6.978994308365209
20.0,24.0,1.192192291559279
3.0,5.0,0.30673646375672176
42.0,50.0,2.2940746248297166
17.0,17.0,0.7241485344753522
20.0,25.0,1.0221160826355247
30.0,37.0,1.744960661844609
38.0,50.0,1.6769053365343685
14.0,15.0,0.3053213014647489
4.0,4.0,7.807989193555997
6.0,6.0,3.578768845365458
38.0,44.0,6.978994308365209
21.0,24.0,1.192192291559279
3.0,5.0,0.30673646375672176
44.0,50.0,2.2940746248297166
14.0,17.0,0.7241485344753522
22.0,25.0,1.0221160826355247
30.0,37.0,1.744960661844609
45.0,50.0,1.6769053365343685
13.0,15.0,0.3053213014647489
1.0,6.0,5.655722493987457
2.0,13.0,4.571964968821831
3.0,28.0,4.138663424013279
4.0,34.0,2.4645463649693884
2.0,9.0,0.48956364887148013
5.0,45.0,1.7979218366390262
2.0,39.0,2.096899661211779
0.0,9.0,0.27330800138566136
0.0,7.0,0.2870269283473585
0.0,4.0,0.2429263876977637
2.0,24.0,1.6755446196589736
1.0,6.0,5.655722493987457
4.0,13.0,4.571964968821831
5.0,28.0,4.138663424013279
6.0,34.0,2.4645463649693884
2.0,9.0,0.48956364887148013
7.0,45.0,1.7979218366390262
10.0,39.0,2.096899661211779
3.0,9.0,0.27330800138566136
3.0,7.0,0.2870269283473585
1.0,4.0,0.2429263876977637
4.0,24.0,1.6755446196589736
2.0,6.0,5.655722493987457
5.0,13.0,4.571964968821831
5.0,28.0,4.138663424013279
11.0,34.0,2.4645463649693884
1.0,9.0,0.48956364887148013
18.0,45.0,1.7979218366390262
10.0,39.0,2.096899661211779
4.0,9.0,0.27330800138566136
2.0,7.0,0.2870269283473585
1.0,4.0,0.2429263876977637
5.0,24.0,1.6755446196589736
3.0,6.0,5.655722493987457
6.0,13.0,4.571964968821831
15.0,28.0,4.138663424013279
12.0,34.0,2.4645463649693884
5.0,9.0,0.48956364887148013
21.0,45.0,1.7979218366390262
16.0,39.0,2.096899661211779
3.0,9.0,0.27330800138566136
4.0,7.0,0.2870269283473585
2.0,4.0,0.2429263876977637
9.0,24.0,1.6755446196589736
1.0,6.0,5.655722493987457
4.0,13.0,4.571964968821831
12.0,28.0,4.138663424013279
23.0,34.0,2.4645463649693884
5.0,9.0,0.48956364887148013
28.0,45.0,1.7979218366390262
13.0,39.0,2.096899661211779
4.0,9.0,0.27330800138566136
2.0,7.0,0.2870269283473585
1.0,4.0,0.2429263876977637
14.0,24.0,1.6755446196589736
3.0,6.0,5.655722493987457
9.0,13.0,4.571964968821831
14.0,28.0,4.138663424013279
17.0,34.0,2.4645463649693884
2.0,9.0,0.48956364887148013
25.0,45.0,1.7979218366390262
26.0,39.0,2.096899661211779
8.0,9.0,0.27330800138566136
5.0,7.0,0.2870269283473585
3.0,4.0,0.2429263876977637
14.0,24.0,1.6755446196589736
5.0,6.0,5.655722493987457
9.0,13.0,4.571964968821831
17.0,28.0,4.138663424013279
24.0,34.0,2.4645463649693884
7.0,9.0,0.48956364887148013
31.0,45.0,1.7979218366390262
26.0,39.0,2.096899661211779
5.0,9.0,0.27330800138566136
5.0,7.0,0.2870269283473585
4.0,4.0,0.2429263876977637
20.0,24.0,1.6755446196589736
4.0,6.0,5.655722493987457
9.0,13.0,4.571964968821831
24.0,28.0,4.138663424013279
30.0,34.0,2.4645463649693884
8.0,9.0,0.48956364887148013
35.0,45.0,1.7979218366390262
34.0,39.0,2.096899661211779
9.0,9.0,0.27330800138566136
5.0,7.0,0.2870269283473585
4.0,4.0,0.2429263876977637
17.0,24.0,1.6755446196589736
6.0,6.0,5.655722493987457
11.0,13.0,4.571964968821831
26.0,28.0,4.138663424013279
31.0,34.0,2.4645463649693884
7.0,9.0,0.48956364887148013
39.0,45.0,1.7979218366390262
33.0,39.0,2.096899661211779
9.0,9.0,0.27330800138566136
6.0,7.0,0.2870269283473585
4.0,4.0,0.2429263876977637
23.0,24.0,1.6755446196589736
1.0,5.0,8.220299857791144
0.0,9.0,5.2380764755595095
4.0,20.0,3.3091401620298595
4.0,38.0,3.6369325442098197
2.0,23.0,1.827123821883445
5.0,42.0,2.0425407516938465
0.0,7.0,0.24810825597122216
6.0,22.0,0.9933778180922813
3.0,12.0,0.5189972554906002
0.0,8.0,0.2640977678311607
0.0,22.0,1.6382067919420011
3.0,5.0,8.220299857791144
1.0,9.0,5.2380764755595095
7.0,20.0,3.3091401620298595
8.0,38.0,3.6369325442098197
2.0,23.0,1.827123821883445
10.0,42.0,2.0425407516938465
2.0,7.0,0.24810825597122216
3.0,22.0,0.9933778180922813
1.0,12.0,0.5189972554906002
1.0,8.0,0.2640977678311607
5.0,22.0,1.6382067919420011
2.0,5.0,8.220299857791144
2.0,9.0,5.2380764755595095
6.0,20.0,3.3091401620298595
11.0,38.0,3.6369325442098197
6.0,23.0,1.827123821883445
11.0,42.0,2.0425407516938465
1.0,7.0,0.24810825597122216
3.0,22.0,0.9933778180922813
2.0,12.0,0.5189972554906002
2.0,8.0,0.2640977678311607
9.0,22.0,1.6382067919420011
4.0,5.0,8.220299857791144
3.0,9.0,5.2380764755595095
8.0,20.0,3.3091401620298595
18.0,38.0,3.6369325442098197
8.0,23.0,1.827123821883445
21.0,42.0,2.0425407516938465
2.0,7.0,0.24810825597122216
8.0,22.0,0.9933778180922813
1.0,12.0,0.5189972554906002
5.0,8.0,0.2640977678311607
6.0,22.0,1.6382067919420011
2.0,5.0,8.220299857791144
6.0,9.0,5.2380764755595095
9.0,20.0,3.3091401620298595
24.0,38.0,3.6369325442098197
12.0,23.0,1.827123821883445
25.0,42.0,2.0425407516938465
7.0,7.0,0.24810825597122216
16.0,22.0,0.9933778180922813
8.0,12.0,0.5189972554906002
4.0,8.0,0.2640977678311607
9.0,22.0,1.6382067919420011
2.0,5.0,8.220299857791144
6.0,9.0,5.2380764755595095
12.0,20.0,3.3091401620298595
24.0,38.0,3.6369325442098197
12.0,23.0,1.827123821883445
28.0,42.0,2.0425407516938465
7.0,7.0,0.24810825597122216
13.0,22.0,0.9933778180922813
7.0,12.0,0.5189972554906002
6.0,8.0,0.2640977678311607
14.0,22.0,1.6382067919420011
2.0,5.0,8.220299857791144
7.0,9.0,5.2380764755595095
17.0,20.0,3.3091401620298595
27.0,38.0,3.6369325442098197
20.0,23.0,1.827123821883445
30.0,42.0,2.0425407516938465
5.0,7.0,0.24810825597122216
17.0,22.0,0.9933778180922813
10.0,12.0,0.5189972554906002
7.0,8.0,0.2640977678311607
16.0,22.0,1.6382067919420011
4.0,5.0,8.220299857791144
7.0,9.0,5.2380764755595095
19.0,20.0,3.3091401620298595
32.0,38.0,3.6369325442098197
18.0,23.0,1.827123821883445
33.0,42.0,2.0425407516938465
6.0,7.0,0.24810825597122216
18.0,22.0,0.9933778180922813
10.0,12.0,0.5189972554906002
6.0,8.0,0.2640977678311607
17.0,22.0,1.6382067919420011
4.0,5.0,8.220299857791144
9.0,9.0,5.2380764755595095
17.0,20.0,3.3091401620298595
36.0,38.0,3.6369325442098197
20.0,23.0,1.827123821883445
38.0,42.0,2.0425407516938465
7.0,7.0,0.24810825597122216
19.0,22.0,0.9933778180922813
11.0,12.0,0.5189972554906002
8.0,8.0,0.2640977678311607
18.0,22.0,1.6382067919420011
1.0,4.0,6.69192021334174
1.0,3.0,4.524534178375781
2.0,32.0,7.653915969941809
1.0,15.0,1.291555424112509
2.0,21.0,1.5422836495881749
4.0,26.0,1.5823309566540285
7.0,103.0,4.153848369899616
1.0,12.0,0.25343669434574756
2.0,15.0,0.36610254576875706
3.0,66.0,2.3772454884402303
5.0,32.0,0.8117399582418728
1.0,4.0,6.69192021334174
1.0,3.0,4.524534178375781
11.0,32.0,7.653915969941809
5.0,15.0,1.291555424112509
7.0,21.0,1.5422836495881749
2.0,26.0,1.5823309566540285
19.0,103.0,4.153848369899616
0.0,12.0,0.25343669434574756
3.0,15.0,0.36610254576875706
10.0,66.0,2.3772454884402303
8.0,32.0,0.8117399582418728
1.0,4.0,6.69192021334174
1.0,3.0,4.524534178375781
7.0,32.0,7.653915969941809
3.0,15.0,1.291555424112509
5.0,21.0,1.5422836495881749
7.0,26.0,1.5823309566540285
29.0,103.0,4.153848369899616
3.0,12.0,0.25343669434574756
5.0,15.0,0.36610254576875706
27.0,66.0,2.3772454884402303
11.0,32.0,0.8117399582418728
1.0,4.0,6.69192021334174
2.0,3.0,4.524534178375781
9.0,32.0,7.653915969941809
8.0,15.0,1.291555424112509
9.0,21.0,1.5422836495881749
11.0,26.0,1.5823309566540285
40.0,103.0,4.153848369899616
5.0,12.0,0.25343669434574756
9.0,15.0,0.36610254576875706
22.0,66.0,2.3772454884402303
16.0,32.0,0.8117399582418728
1.0,4.0,6.69192021334174
1.0,3.0,4.524534178375781
15.0,32.0,7.653915969941809
8.0,15.0,1.291555424112509
14.0,21.0,1.5422836495881749
11.0,26.0,1.5823309566540285
63.0,103.0,4.153848369899616
10.0,12.0,0.25343669434574756
9.0,15.0,0.36610254576875706
33.0,66.0,2.3772454884402303
16.0,32.0,0.8117399582418728
1.0,4.0,6.69192021334174
1.0,3.0,4.524534178375781
22.0,32.0,7.653915969941809
8.0,15.0,1.291555424112509
13.0,21.0,1.5422836495881749
16.0,26.0,1.5823309566540285
59.0,103.0,4.153848369899616
8.0,12.0,0.25343669434574756
11.0,15.0,0.36610254576875706
40.0,66.0,2.3772454884402303
25.0,32.0,0.8117399582418728
2.0,4.0,6.69192021334174
1.0,3.0,4.524534178375781
20.0,32.0,7.653915969941809
9.0,15.0,1.291555424112509
16.0,21.0,1.5422836495881749
19.0,26.0,1.5823309566540285
72.0,103.0,4.153848369899616
12.0,12.0,0.25343669434574756
11.0,15.0,0.36610254576875706
46.0,66.0,2.3772454884402303
24.0,32.0,0.8117399582418728
2.0,4.0,6.69192021334174
3.0,3.0,4.524534178375781
23.0,32.0,7.653915969941809
14.0,15.0,1.291555424112509
19.0,21.0,1.5422836495881749
23.0,26.0,1.5823309566540285
78.0,103.0,4.153848369899616
10.0,12.0,0.25343669434574756
13.0,15.0,0.36610254576875706
55.0,66.0,2.3772454884402303
22.0,32.0,0.8117399582418728
4.0,4.0,6.69192021334174
3.0,3.0,4.524534178375781
27.0,32.0,7.653915969941809
15.0,15.0,1.291555424112509
19.0,21.0,1.5422836495881749
24.0,26.0,1.5823309566540285
90.0,103.0,4.153848369899616
10.0,12.0,0.25343669434574756
12.0,15.0,0.36610254576875706
60.0,66.0,2.3772454884402303
28.0,32.0,0.8117399582418728
1.0,4.0,9.98439389884696
2.0,13.0,9.9429072035888
2.0,15.0,2.5874949174026547
1.0,16.0,1.4697263580661044
0.0,3.0,0.36856381158976803
2.0,25.0,2.4042070270706146
4.0,41.0,2.241406011817994
6.0,61.0,2.567994472687473
3.0,27.0,0.8650965089531941
10.0,30.0,0.6534289736974995
0.0,10.0,0.333894637089787
1.0,4.0,9.98439389884696
2.0,13.0,9.9429072035888
2.0,15.0,2.5874949174026547
4.0,16.0,1.4697263580661044
1.0,3.0,0.36856381158976803
11.0,25.0,2.4042070270706146
3.0,41.0,2.241406011817994
15.0,61.0,2.567994472687473
8.0,27.0,0.8650965089531941
10.0,30.0,0.6534289736974995
1.0,10.0,0.333894637089787
2.0,4.0,9.98439389884696
1.0,13.0,9.9429072035888
6.0,15.0,2.5874949174026547
5.0,16.0,1.4697263580661044
1.0,3.0,0.36856381158976803
9.0,25.0,2.4042070270706146
10.0,41.0,2.241406011817994
18.0,61.0,2.567994472687473
6.0,27.0,0.8650965089531941
11.0,30.0,0.6534289736974995
3.0,10.0,0.333894637089787
2.0,4.0,9.98439389884696
4.0,13.0,9.9429072035888
7.0,15.0,2.5874949174026547
5.0,16.0,1.4697263580661044
1.0,3.0,0.36856381158976803
6.0,25.0,2.4042070270706146
20.0,41.0,2.241406011817994
24.0,61.0,2.567994472687473
13.0,27.0,0.8650965089531941
10.0,30.0,0.6534289736974995
6.0,10.0,0.333894637089787
3.0,4.0,9.98439389884696
7.0,13.0,9.9429072035888
4.0,15.0,2.5874949174026547
10.0,16.0,1.4697263580661044
2.0,3.0,0.36856381158976803
12.0,25.0,2.4042070270706146
23.0,41.0,2.241406011817994
32.0,61.0,2.567994472687473
15.0,27.0,0.8650965089531941
18.0,30.0,0.6534289736974995
6.0,10.0,0.333894637089787
3.0,4.0,9.98439389884696
9.0,13.0,9.9429072035888
10.0,15.0,2.5874949174026547
8.0,16.0,1.4697263580661044
2.0,3.0,0.36856381158976803
15.0,25.0,2.4042070270706146
17.0,41.0,2.241406011817994
31.0,61.0,2.567994472687473
18.0,27.0,0.8650965089531941
14.0,30.0,0.6534289736974995
8.0,10.0,0.333894637089787
3.0,4.0,9.98439389884696
10.0,13.0,9.9429072035888
13.0,15.0,2.5874949174026547
14.0,16.0,1.4697263580661044
3.0,3.0,0.36856381158976803
18.0,25.0,2.4042070270706146
27.0,41.0,2.241406011817994
46.0,61.0,2.567994472687473
19.0,27.0,0.8650965089531941
22.0,30.0,0.6534289736974995
8.0,10.0,0.333894637089787
4.0,4.0,9.98439389884696
10.0,13.0,9.9429072035888
12.0,15.0,2.5874949174026547
15.0,16.0,1.4697263580661044
3.0,3.0,0.36856381158976803
22.0,25.0,2.4042070270706146
33.0,41.0,2.241406011817994
52.0,61.0,2.567994472687473
23.0,27.0,0.8650965089531941
22.0,30.0,0.6534289736974995
8.0,10.0,0.333894637089787
3.0,4.0,9.98439389884696
11.0,13.0,9.9429072035888
15.0,15.0,2.5874949174026547
13.0,16.0,1.4697263580661044
3.0,3.0,0.36856381158976803
22.0,25.0,2.4042070270706146
38.0,41.0,2.241406011817994
56.0,61.0,2.567994472687473
26.0,27.0,0.8650965089531941
27.0,30.0,0.6534289736974995
8.0,10.0,0.333894637089787
1.0,14.0,18.380506782565057
0.0,5.0,1.7897914295609145
2.0,21.0,2.9421059267929444
1.0,9.0,0.5804223144584116
7.0,76.0,4.140157426111118
3.0,25.0,0.6280374210323435
4.0,23.0,0.7289621110900598
1.0,10.0,0.31308253196408403
9.0,84.0,3.078369160201972
0.0,3.0,0.06366716249511817
2.0,12.0,0.46156352359318165
4.0,14.0,18.380506782565057
2.0,5.0,1.7897914295609145
5.0,21.0,2.9421059267929444
2.0,9.0,0.5804223144584116
13.0,76.0,4.140157426111118
9.0,25.0,0.6280374210323435
3.0,23.0,0.7289621110900598
4.0,10.0,0.31308253196408403
22.0,84.0,3.078369160201972
1.0,3.0,0.06366716249511817
4.0,12.0,0.46156352359318165
5.0,14.0,18.380506782565057
2.0,5.0,1.7897914295609145
9.0,21.0,2.9421059267929444
2.0,9.0,0.5804223144584116
22.0,76.0,4.140157426111118
7.0,25.0,0.6280374210323435
7.0,23.0,0.7289621110900598
4.0,10.0,0.31308253196408403
23.0,84.0,3.078369160201972
1.0,3.0,0.06366716249511817
5.0,12.0,0.46156352359318165
5.0,14.0,18.380506782565057
3.0,5.0,1.7897914295609145
10.0,21.0,2.9421059267929444
3.0,9.0,0.5804223144584116
27.0,76.0,4.140157426111118
9.0,25.0,0.6280374210323435
8.0,23.0,0.7289621110900598
5.0,10.0,0.31308253196408403
30.0,84.0,3.078369160201972
1.0,3.0,0.06366716249511817
8.0,12.0,0.46156352359318165
7.0,14.0,18.380506782565057
3.0,5.0,1.7897914295609145
7.0,21.0,2.9421059267929444
4.0,9.0,0.5804223144584116
36.0,76.0,4.140157426111118
12.0,25.0,0.6280374210323435
19.0,23.0,0.7289621110900598
2.0,10.0,0.31308253196408403
47.0,84.0,3.078369160201972
1.0,3.0,0.06366716249511817
8.0,12.0,0.46156352359318165
4.0,14.0,18.380506782565057
3.0,5.0,1.7897914295609145
13.0,21.0,2.9421059267929444
4.0,9.0,0.5804223144584116
43.0,76.0,4.140157426111118
14.0,25.0,0.6280374210323435
17.0,23.0,0.7289621110900598
6.0,10.0,0.31308253196408403
49.0,84.0,3.078369160201972
2.0,3.0,0.06366716249511817
9.0,12.0,0.46156352359318165
10.0,14.0,18.380506782565057
4.0,5.0,1.7897914295609145
18.0,21.0,2.9421059267929444
6.0,9.0,0.5804223144584116
51.0,76.0,4.140157426111118
15.0,25.0,0.6280374210323435
15.0,23.0,0.7289621110900598
5.0,10.0,0.31308253196408403
61.0,84.0,3.078369160201972
2.0,3.0,0.06366716249511817
9.0,12.0,0.46156352359318165
12.0,14.0,18.380506782565057
5.0,5.0,1.7897914295609145
16.0,21.0,2.9421059267929444
8.0,9.0,0.5804223144584116
58.0,76.0,4.140157426111118
22.0,25.0,0.6280374210323435
17.0,23.0,0.7289621110900598
9.0,10.0,0.31308253196408403
59.0,84.0,3.078369160201972
0.0,3.0,0.06366716249511817
9.0,12.0,0.46156352359318165
14.0,14.0,18.380506782565057
5.0,5.0,1.7897914295609145
16.0,21.0,2.9421059267929444
7.0,9.0,0.5804223144584116
66.0,76.0,4.140157426111118
23.0,25.0,0.6280374210323435
20.0,23.0,0.7289621110900598
10.0,10.0,0.31308253196408403
77.0,84.0,3.078369160201972
3.0,3.0,0.06366716249511817
11.0,12.0,0.46156352359318165
2.0,5.0,4.0289587688254125
2.0,4.0,1.271254116371441
4.0,42.0,9.755174153039325
3.0,47.0,2.9194445995653138
1.0,17.0,0.6522536063608926
1.0,4.0,0.22401352931993726
4.0,64.0,2.659592812607974
2.0,7.0,0.17648341968354148
7.0,57.0,1.5747283072553746
3.0,28.0,0.9679367603060485
4.0,26.0,0.4363691472689193
3.0,5.0,4.0289587688254125
0.0,4.0,1.271254116371441
8.0,42.0,9.755174153039325
13.0,47.0,2.9194445995653138
2.0,17.0,0.6522536063608926
1.0,4.0,0.22401352931993726
12.0,64.0,2.659592812607974
1.0,7.0,0.17648341968354148
11.0,57.0,1.5747283072553746
4.0,28.0,0.9679367603060485
6.0,26.0,0.4363691472689193
2.0,5.0,4.0289587688254125
1.0,4.0,1.271254116371441
13.0,42.0,9.755174153039325
14.0,47.0,2.9194445995653138
8.0,17.0,0.6522536063608926
2.0,4.0,0.22401352931993726
16.0,64.0,2.659592812607974
3.0,7.0,0.17648341968354148
16.0,57.0,1.5747283072553746
11.0,28.0,0.9679367603060485
9.0,26.0,0.4363691472689193
1.0,5.0,4.0289587688254125
1.0,4.0,1.271254116371441
18.0,42.0,9.755174153039325
24.0,47.0,2.9194445995653138
9.0,17.0,0.6522536063608926
2.0,4.0,0.22401352931993726
30.0,64.0,2.659592812607974
4.0,7.0,0.17648341968354148
19.0,57.0,1.5747283072553746
12.0,28.0,0.9679367603060485
7.0,26.0,0.4363691472689193
3.0,5.0,4.0289587688254125
2.0,4.0,1.271254116371441
15.0,42.0,9.755174153039325
22.0,47.0,2.9194445995653138
8.0,17.0,0.6522536063608926
2.0,4.0,0.22401352931993726
35.0,64.0,2.659592812607974
3.0,7.0,0.17648341968354148
38.0,57.0,1.5747283072553746
12.0,28.0,0.9679367603060485
12.0,26.0,0.4363691472689193
3.0,5.0,4.0289587688254125
4.0,4.0,1.271254116371441
23.0,42.0,9.755174153039325
27.0,47.0,2.9194445995653138
10.0,17.0,0.6522536063608926
3.0,4.0,0.22401352931993726
40.0,64.0,2.659592812607974
2.0,7.0,0.17648341968354148
34.0,57.0,1.5747283072553746
20.0,28.0,0.9679367603060485
18.0,26.0,0.4363691472689193
2.0,5.0,4.0289587688254125
4.0,4.0,1.271254116371441
28.0,42.0,9.755174153039325
29.0,47.0,2.9194445995653138
11.0,17.0,0.6522536063608926
4.0,4.0,0.22401352931993726
43.0,64.0,2.659592812607974
7.0,7.0,0.17648341968354148
38.0,57.0,1.5747283072553746
21.0,28.0,0.9679367603060485
15.0,26.0,0.4363691472689193
2.0,5.0,4.0289587688254125
4.0,4.0,1.271254116371441
37.0,42.0,9.755174153039325
33.0,47.0,2.9194445995653138
14.0,17.0,0.6522536063608926
4.0,4.0,0.22401352931993726
47.0,64.0,2.659592812607974
6.0,7.0,0.17648341968354148
49.0,57.0,1.5747283072553746
25.0,28.0,0.9679367603060485
21.0,26.0,0.4363691472689193
4.0,5.0,4.0289587688254125
4.0,4.0,1.271254116371441
40.0,42.0,9.755174153039325
45.0,47.0,2.9194445995653138
16.0,17.0,0.6522536063608926
4.0,4.0,0.22401352931993726
58.0,64.0,2.659592812607974
6.0,7.0,0.17648341968354148
51.0,57.0,1.5747283072553746
24.0,28.0,0.9679367603060485
25.0,26.0,0.4363691472689193
1.0,3.0,7.773186533849422
1.0,12.0,8.188067134128271
2.0,14.0,1.9778925210260487
1.0,4.0,0.43597068510910797
2.0,32.0,2.7863261867249314
1.0,9.0,0.6013246395162298
1.0,1.0,0.10809276354976388
3.0,35.0,2.8559317570576015
2.0,30.0,1.6542350617648516
4.0,30.0,1.5880044014110408
3.0,31.0,1.094555460745577
1.0,3.0,7.773186533849422
2.0,12.0,8.188067134128271
8.0,14.0,1.9778925210260487
0.0,4.0,0.43597068510910797
4.0,32.0,2.7863261867249314
1.0,9.0,0.6013246395162298
1.0,1.0,0.10809276354976388
5.0,35.0,2.8559317570576015
4.0,30.0,1.6542350617648516
5.0,30.0,1.5880044014110408
5.0,31.0,1.094555460745577
1.0,3.0,7.773186533849422
6.0,12.0,8.188067134128271
5.0,14.0,1.9778925210260487
2.0,4.0,0.43597068510910797
8.0,32.0,2.7863261867249314
2.0,9.0,0.6013246395162298
0.0,1.0,0.10809276354976388
11.0,35.0,2.8559317570576015
13.0,30.0,1.6542350617648516
5.0,30.0,1.5880044014110408
7.0,31.0,1.094555460745577
1.0,3.0,7.773186533849422
8.0,12.0,8.188067134128271
5.0,14.0,1.9778925210260487
2.0,4.0,0.43597068510910797
12.0,32.0,2.7863261867249314
3.0,9.0,0.6013246395162298
1.0,1.0,0.10809276354976388
12.0,35.0,2.8559317570576015
14.0,30.0,1.6542350617648516
13.0,30.0,1.5880044014110408
8.0,31.0,1.094555460745577
1.0,3.0,7.773186533849422
9.0,12.0,8.188067134128271
5.0,14.0,1.9778925210260487
1.0,4.0,0.43597068510910797
16.0,32.0,2.7863261867249314
6.0,9.0,0.6013246395162298
1.0,1.0,0.10809276354976388
16.0,35.0,2.8559317570576015
13.0,30.0,1.6542350617648516
16.0,30.0,1.5880044014110408
18.0,31.0,1.094555460745577
1.0,3.0,7.773186533849422
8.0,12.0,8.188067134128271
9.0,14.0,1.9778925210260487
2.0,4.0,0.43597068510910797
21.0,32.0,2.7863261867249314
4.0,9.0,0.6013246395162298
1.0,1.0,0.10809276354976388
18.0,35.0,2.8559317570576015
21.0,30.0,1.6542350617648516
17.0,30.0,1.5880044014110408
18.0,31.0,1.094555460745577
3.0,3.0,7.773186533849422
10.0,12.0,8.188067134128271
11.0,14.0,1.9778925210260487
3.0,4.0,0.43597068510910797
27.0,32.0,2.7863261867249314
8.0,9.0,0.6013246395162298
0.0,1.0,0.10809276354976388
24.0,35.0,2.8559317570576015
15.0,30.0,1.6542350617648516
20.0,30.0,1.5880044014110408
19.0,31.0,1.094555460745577
2.0,3.0,7.773186533849422
11.0,12.0,8.188067134128271
12.0,14.0,1.9778925210260487
4.0,4.0,0.43597068510910797
24.0,32.0,2.7863261867249314
7.0,9.0,0.6013246395162298
1.0,1.0,0.10809276354976388
31.0,35.0,2.8559317570576015
26.0,30.0,1.6542350617648516
26.0,30.0,1.5880044014110408
22.0,31.0,1.094555460745577
3.0,3.0,7.773186533849422
10.0,12.0,8.188067134128271
13.0,14.0,1.9778925210260487
2.0,4.0,0.43597068510910797
29.0,32.0,2.7863261867249314
7.0,9.0,0.6013246395162298
1.0,1.0,0.10809276354976388
32.0,35.0,2.8559317570576015
27.0,30.0,1.6542350617648516
24.0,30.0,1.5880044014110408
27.0,31.0,1.094555460745577
1.0,4.0,5.4492120368387855
0.0,3.0,4.8041375099725965
4.0,25.0,6.919526307479049
2.0,12.0,1.4405797080421665
7.0,45.0,2.8871422033755674
1.0,24.0,1.224049052116722
1.0,8.0,0.475819842765007
2.0,24.0,1.3897309635942918
2.0,14.0,0.7692700644637334
2.0,21.0,0.748605481236369
1.0,2.0,0.16813853349090804
1.0,4.0,5.4492120368387855
0.0,3.0,4.8041375099725965
6.0,25.0,6.919526307479049
4.0,12.0,1.4405797080421665
10.0,45.0,2.8871422033755674
3.0,24.0,1.224049052116722
4.0,8.0,0.475819842765007
4.0,24.0,1.3897309635942918
5.0,14.0,0.7692700644637334
1.0,21.0,0.748605481236369
0.0,2.0,0.16813853349090804
2.0,4.0,5.4492120368387855
1.0,3.0,4.8041375099725965
8.0,25.0,6.919526307479049
3.0,12.0,1.4405797080421665
20.0,45.0,2.8871422033755674
6.0,24.0,1.224049052116722
1.0,8.0,0.475819842765007
6.0,24.0,1.3897309635942918
4.0,14.0,0.7692700644637334
3.0,21.0,0.748605481236369
2.0,2.0,0.16813853349090804
2.0,4.0,5.4492120368387855
1.0,3.0,4.8041375099725965
8.0,25.0,6.919526307479049
4.0,12.0,1.4405797080421665
18.0,45.0,2.8871422033755674
12.0,24.0,1.224049052116722
3.0,8.0,0.475819842765007
10.0,24.0,1.3897309635942918
4.0,14.0,0.7692700644637334
7.0,21.0,0.748605481236369
1.0,2.0,0.16813853349090804
2.0,4.0,5.4492120368387855
2.0,3.0,4.8041375099725965
11.0,25.0,6.919526307479049
7.0,12.0,1.4405797080421665
19.0,45.0,2.8871422033755674
14.0,24.0,1.224049052116722
4.0,8.0,0.475819842765007
8.0,24.0,1.3897309635942918
8.0,14.0,0.7692700644637334
6.0,21.0,0.748605481236369
2.0,2.0,0.16813853349090804
2.0,4.0,5.4492120368387855
2.0,3.0,4.8041375099725965
16.0,25.0,6.919526307479049
4.0,12.0,1.4405797080421665
28.0,45.0,2.8871422033755674
11.0,24.0,1.224049052116722
5.0,8.0,0.475819842765007
14.0,24.0,1.3897309635942918
9.0,14.0,0.7692700644637334
13.0,21.0,0.748605481236369
2.0,2.0,0.16813853349090804
3.0,4.0,5.4492120368387855
3.0,3.0,4.8041375099725965
20.0,25.0,6.919526307479049
10.0,12.0,1.4405797080421665
25.0,45.0,2.8871422033755674
19.0,24.0,1.224049052116722
5.0,8.0,0.475819842765007
17.0,24.0,1.3897309635942918
10.0,14.0,0.7692700644637334
16.0,21.0,0.748605481236369
2.0,2.0,0.16813853349090804
4.0,4.0,5.4492120368387855
2.0,3.0,4.8041375099725965
18.0,25.0,6.919526307479049
11.0,12.0,1.4405797080421665
27.0,45.0,2.8871422033755674
18.0,24.0,1.224049052116722
5.0,8.0,0.475819842765007
18.0,24.0,1.3897309635942918
11.0,14.0,0.7692700644637334
15.0,21.0,0.748605481236369
2.0,2.0,0.16813853349090804
4.0,4.0,5.4492120368387855
2.0,3.0,4.8041375099725965
20.0,25.0,6.919526307479049
11.0,12.0,1.4405797080421665
41.0,45.0,2.8871422033755674
23.0,24.0,1.224049052116722
5.0,8.0,0.475819842765007
20.0,24.0,1.3897309635942918
13.0,14.0,0.7692700644637334
19.0,21.0,0.748605481236369
1.0,2.0,0.16813853349090804
1.0,5.0,2.5940392954722045
0.0,7.0,3.4267268524339687
0.0,8.0,2.4137978407403367
1.0,9.0,1.5339521158060878
2.0,21.0,2.568790139933176
1.0,24.0,2.095129134711231
5.0,51.0,2.2148887644218953
1.0,12.0,0.4514286984339739
2.0,42.0,1.614730936793791
0.0,8.0,0.5185075256340491
1.0,5.0,0.2729796838799419
1.0,5.0,2.5940392954722045
1.0,7.0,3.4267268524339687
1.0,8.0,2.4137978407403367
2.0,9.0,1.5339521158060878
4.0,21.0,2.568790139933176
4.0,24.0,2.095129134711231
9.0,51.0,2.2148887644218953
5.0,12.0,0.4514286984339739
13.0,42.0,1.614730936793791
2.0,8.0,0.5185075256340491
1.0,5.0,0.2729796838799419
3.0,5.0,2.5940392954722045
2.0,7.0,3.4267268524339687
2.0,8.0,2.4137978407403367
3.0,9.0,1.5339521158060878
7.0,21.0,2.568790139933176
9.0,24.0,2.095129134711231
12.0,51.0,2.2148887644218953
3.0,12.0,0.4514286984339739
12.0,42.0,1.614730936793791
2.0,8.0,0.5185075256340491
3.0,5.0,0.2729796838799419
2.0,5.0,2.5940392954722045
4.0,7.0,3.4267268524339687
4.0,8.0,2.4137978407403367
2.0,9.0,1.5339521158060878
12.0,21.0,2.568790139933176
11.0,24.0,2.095129134711231
20.0,51.0,2.2148887644218953
3.0,12.0,0.4514286984339739
14.0,42.0,1.614730936793791
3.0,8.0,0.5185075256340491
1.0,5.0,0.2729796838799419
3.0,5.0,2.5940392954722045
5.0,7.0,3.4267268524339687
3.0,8.0,2.4137978407403367
8.0,9.0,1.5339521158060878
12.0,21.0,2.568790139933176
7.0,24.0,2.095129134711231
28.0,51.0,2.2148887644218953
5.0,12.0,0.4514286984339739
24.0,42.0,1.614730936793791
4.0,8.0,0.5185075256340491
2.0,5.0,0.2729796838799419
2.0,5.0,2.5940392954722045
4.0,7.0,3.4267268524339687
5.0,8.0,2.4137978407403367
5.0,9.0,1.5339521158060878
13.0,21.0,2.568790139933176
11.0,24.0,2.095129134711231
33.0,51.0,2.2148887644218953
6.0,12.0,0.4514286984339739
19.0,42.0,1.614730936793791
6.0,8.0,0.5185075256340491
3.0,5.0,0.2729796838799419
4.0,5.0,2.5940392954722045
6.0,7.0,3.4267268524339687
5.0,8.0,2.4137978407403367
6.0,9.0,1.5339521158060878
15.0,21.0,2.568790139933176
18.0,24.0,2.095129134711231
36.0,51.0,2.2148887644218953
10.0,12.0,0.4514286984339739
32.0,42.0,1.614730936793791
7.0,8.0,0.5185075256340491
3.0,5.0,0.2729796838799419
4.0,5.0,2.5940392954722045
5.0,7.0,3.4267268524339687
7.0,8.0,2.4137978407403367
6.0,9.0,1.5339521158060878
16.0,21.0,2.568790139933176
22.0,24.0,2.095129134711231
37.0,51.0,2.2148887644218953
8.0,12.0,0.4514286984339739
35.0,42.0,1.614730936793791
6.0,8.0,0.5185075256340491
4.0,5.0,0.2729796838799419
5.0,5.0,2.5940392954722045
7.0,7.0,3.4267268524339687
8.0,8.0,2.4137978407403367
7.0,9.0,1.5339521158060878
20.0,21.0,2.568790139933176
21.0,24.0,2.095129134711231
48.0,51.0,2.2148887644218953
12.0,12.0,0.4514286984339739
37.0,42.0,1.614730936793791
8.0,8.0,0.5185075256340491
5.0,5.0,0.2729796838799419
1.0,3.0,6.274117464169973
0.0,7.0,6.37599209910128
1.0,4.0,1.515399702668836
1.0,6.0,1.2280606270939427
0.0,8.0,1.2384724857032214
1.0,10.0,2.03235757231337
0.0,20.0,1.863171449231548
1.0,23.0,1.4534368663213648
4.0,35.0,1.9042490339175084
2.0,17.0,0.6443064364438542
5.0,56.0,2.683497383598437
1.0,3.0,6.274117464169973
1.0,7.0,6.37599209910128
2.0,4.0,1.515399702668836
1.0,6.0,1.2280606270939427
3.0,8.0,1.2384724857032214
4.0,10.0,2.03235757231337
2.0,20.0,1.863171449231548
6.0,23.0,1.4534368663213648
8.0,35.0,1.9042490339175084
7.0,17.0,0.6443064364438542
12.0,56.0,2.683497383598437
1.0,3.0,6.274117464169973
1.0,7.0,6.37599209910128
1.0,4.0,1.515399702668836
1.0,6.0,1.2280606270939427
3.0,8.0,1.2384724857032214
2.0,10.0,2.03235757231337
8.0,20.0,1.863171449231548
8.0,23.0,1.4534368663213648
10.0,35.0,1.9042490339175084
4.0,17.0,0.6443064364438542
20.0,56.0,2.683497383598437
2.0,3.0,6.274117464169973
2.0,7.0,6.37599209910128
2.0,4.0,1.515399702668836
3.0,6.0,1.2280606270939427
4.0,8.0,1.2384724857032214
4.0,10.0,2.03235757231337
8.0,20.0,1.863171449231548
11.0,23.0,1.4534368663213648
16.0,35.0,1.9042490339175084
8.0,17.0,0.6443064364438542
20.0,56.0,2.683497383598437
1.0,3.0,6.274117464169973
2.0,7.0,6.37599209910128
3.0,4.0,1.515399702668836
4.0,6.0,1.2280606270939427
4.0,8.0,1.2384724857032214
8.0,10.0,2.03235757231337
7.0,20.0,1.863171449231548
15.0,23.0,1.4534368663213648
20.0,35.0,1.9042490339175084
14.0,17.0,0.6443064364438542
29.0,56.0,2.683497383598437
2.0,3.0,6.274117464169973
2.0,7.0,6.37599209910128
1.0,4.0,1.515399702668836
2.0,6.0,1.2280606270939427
2.0,8.0,1.2384724857032214
6.0,10.0,2.03235757231337
9.0,20.0,1.863171449231548
17.0,23.0,1.4534368663213648
22.0,35.0,1.9042490339175084
12.0,17.0,0.6443064364438542
34.0,56.0,2.683497383598437
3.0,3.0,6.274117464169973
5.0,7.0,6.37599209910128
0.0,4.0,1.515399702668836
4.0,6.0,1.2280606270939427
6.0,8.0,1.2384724857032214
8.0,10.0,2.03235757231337
17.0,20.0,1.863171449231548
15.0,23.0,1.4534368663213648
28.0,35.0,1.9042490339175084
14.0,17.0,0.6443064364438542
37.0,56.0,2.683497383598437
3.0,3.0,6.274117464169973
6.0,7.0,6.37599209910128
1.0,4.0,1.515399702668836
5.0,6.0,1.2280606270939427
7.0,8.0,1.2384724857032214
10.0,10.0,2.03235757231337
18.0,20.0,1.863171449231548
20.0,23.0,1.4534368663213648
28.0,35.0,1.9042490339175084
13.0,17.0,0.6443064364438542
41.0,56.0,2.683497383598437
2.0,3.0,6.274117464169973
7.0,7.0,6.37599209910128
4.0,4.0,1.515399702668836
6.0,6.0,1.2280606270939427
8.0,8.0,1.2384724857032214
10.0,10.0,2.03235757231337
18.0,20.0,1.863171449231548
22.0,23.0,1.4534368663213648
33.0,35.0,1.9042490339175084
13.0,17.0,0.6443064364438542
47.0,56.0,2.683497383598437
1.0,5.0,9.834766891558255
2.0,15.0,7.715103369151185
0.0,5.0,0.9952029499759399
3.0,12.0,1.6060516726237208
3.0,14.0,1.406722240879969
1.0,14.0,1.522398274747977
2.0,25.0,1.8134260517122018
5.0,49.0,2.5219914085289488
6.0,105.0,3.8764695211910065
7.0,48.0,1.0321884513104813
3.0,49.0,0.7497430907108733
3.0,5.0,9.834766891558255
3.0,15.0,7.715103369151185
2.0,5.0,0.9952029499759399
4.0,12.0,1.6060516726237208
1.0,14.0,1.406722240879969
4.0,14.0,1.522398274747977
3.0,25.0,1.8134260517122018
10.0,49.0,2.5219914085289488
18.0,105.0,3.8764695211910065
13.0,48.0,1.0321884513104813
8.0,49.0,0.7497430907108733
3.0,5.0,9.834766891558255
6.0,15.0,7.715103369151185
3.0,5.0,0.9952029499759399
2.0,12.0,1.6060516726237208
4.0,14.0,1.406722240879969
3.0,14.0,1.522398274747977
8.0,25.0,1.8134260517122018
18.0,49.0,2.5219914085289488
39.0,105.0,3.8764695211910065
15.0,48.0,1.0321884513104813
13.0,49.0,0.7497430907108733
1.0,5.0,9.834766891558255
4.0,15.0,7.715103369151185
4.0,5.0,0.9952029499759399
8.0,12.0,1.6060516726237208
3.0,14.0,1.406722240879969
5.0,14.0,1.522398274747977
8.0,25.0,1.8134260517122018
22.0,49.0,2.5219914085289488
38.0,105.0,3.8764695211910065
22.0,48.0,1.0321884513104813
24.0,49.0,0.7497430907108733
1.0,5.0,9.834766891558255
7.0,15.0,7.715103369151185
5.0,5.0,0.9952029499759399
4.0,12.0,1.6060516726237208
7.0,14.0,1.406722240879969
6.0,14.0,1.522398274747977
9.0,25.0,1.8134260517122018
24.0,49.0,2.5219914085289488
59.0,105.0,3.8764695211910065
23.0,48.0,1.0321884513104813
22.0,49.0,0.7497430907108733
3.0,5.0,9.834766891558255
9.0,15.0,7.715103369151185
4.0,5.0,0.9952029499759399
7.0,12.0,1.6060516726237208
11.0,14.0,1.406722240879969
11.0,14.0,1.522398274747977
15.0,25.0,1.8134260517122018
32.0,49.0,2.5219914085289488
62.0,105.0,3.8764695211910065
37.0,48.0,1.0321884513104813
32.0,49.0,0.7497430907108733
5.0,5.0,9.834766891558255
11.0,15.0,7.715103369151185
4.0,5.0,0.9952029499759399
6.0,12.0,1.6060516726237208
9.0,14.0,1.406722240879969
13.0,14.0,1.522398274747977
18.0,25.0,1.8134260517122018
37.0,49.0,2.5219914085289488
73.0,105.0,3.8764695211910065
34.0,48.0,1.0321884513104813
32.0,49.0,0.7497430907108733
2.0,5.0,9.834766891558255
11.0,15.0,7.715103369151185
5.0,5.0,0.9952029499759399
10.0,12.0,1.6060516726237208
10.0,14.0,1.406722240879969
9.0,14.0,1.522398274747977
24.0,25.0,1.8134260517122018
43.0,49.0,2.5219914085289488
81.0,105.0,3.8764695211910065
38.0,48.0,1.0321884513104813
45.0,49.0,0.7497430907108733
5.0,5.0,9.834766891558255
13.0,15.0,7.715103369151185
4.0,5.0,0.9952029499759399
12.0,12.0,1.6060516726237208
14.0,14.0,1.406722240879969
12.0,14.0,1.522398274747977
25.0,25.0,1.8134260517122018
45.0,49.0,2.5219914085289488
90.0,105.0,3.8764695211910065
45.0,48.0,1.0321884513104813
41.0,49.0,0.7497430907108733
1.0,4.0,2.3418367697243174
1.0,4.0,3.0965192316413317
3.0,29.0,5.946946321187525
7.0,74.0,6.512919024991988
7.0,69.0,1.468109465451803
1.0,23.0,0.46262660963114055
4.0,50.0,0.8566827858599128
1.0,33.0,0.8381965680102342
0.0,7.0,0.19069978343975685
12.0,105.0,3.1626555962286127
1.0,18.0,0.3019564109170445
1.0,4.0,2.3418367697243174
1.0,4.0,3.0965192316413317
7.0,29.0,5.946946321187525
14.0,74.0,6.512919024991988
7.0,69.0,1.468109465451803
8.0,23.0,0.46262660963114055
9.0,50.0,0.8566827858599128
5.0,33.0,0.8381965680102342
1.0,7.0,0.19069978343975685
24.0,105.0,3.1626555962286127
8.0,18.0,0.3019564109170445
3.0,4.0,2.3418367697243174
2.0,4.0,3.0965192316413317
2.0,29.0,5.946946321187525
22.0,74.0,6.512919024991988
22.0,69.0,1.468109465451803
10.0,23.0,0.46262660963114055
15.0,50.0,0.8566827858599128
13.0,33.0,0.8381965680102342
4.0,7.0,0.19069978343975685
25.0,105.0,3.1626555962286127
3.0,18.0,0.3019564109170445
1.0,4.0,2.3418367697243174
2.0,4.0,3.0965192316413317
11.0,29.0,5.946946321187525
27.0,74.0,6.512919024991988
30.0,69.0,1.468109465451803
10.0,23.0,0.46262660963114055
22.0,50.0,0.8566827858599128
8.0,33.0,0.8381965680102342
2.0,7.0,0.19069978343975685
42.0,105.0,3.1626555962286127
8.0,18.0,0.3019564109170445
1.0,4.0,2.3418367697243174
2.0,4.0,3.0965192316413317
14.0,29.0,5.946946321187525
33.0,74.0,6.512919024991988
34.0,69.0,1.468109465451803
12.0,23.0,0.46262660963114055
22.0,50.0,0.8566827858599128
21.0,33.0,0.8381965680102342
4.0,7.0,0.19069978343975685
52.0,105.0,3.1626555962286127
13.0,18.0,0.3019564109170445
3.0,4.0,2.3418367697243174
2.0,4.0,3.0965192316413317
12.0,29.0,5.946946321187525
42.0,74.0,6.512919024991988
41.0,69.0,1.468109465451803
16.0,23.0,0.46262660963114055
33.0,50.0,0.8566827858599128
16.0,33.0,0.8381965680102342
4.0,7.0,0.19069978343975685
60.0,105.0,3.1626555962286127
9.0,18.0,0.3019564109170445
3.0,4.0,2.3418367697243174
4.0,4.0,3.0965192316413317
19.0,29.0,5.946946321187525
54.0,74.0,6.512919024991988
48.0,69.0,1.468109465451803
15.0,23.0,0.46262660963114055
32.0,50.0,0.8566827858599128
25.0,33.0,0.8381965680102342
5.0,7.0,0.19069978343975685
74.0,105.0,3.1626555962286127
11.0,18.0,0.3019564109170445
3.0,4.0,2.3418367697243174
4.0,4.0,3.0965192316413317
27.0,29.0,5.946946321187525
55.0,74.0,6.512919024991988
60.0,69.0,1.468109465451803
18.0,23.0,0.46262660963114055
40.0,50.0,0.8566827858599128
26.0,33.0,0.8381965680102342
7.0,7.0,0.19069978343975685
87.0,105.0,3.1626555962286127
13.0,18.0,0.3019564109170445
4.0,4.0,2.3418367697243174
4.0,4.0,3.0965192316413317
26.0,29.0,5.946946321187525
64.0,74.0,6.512919024991988
65.0,69.0,1.468109465451803
20.0,23.0,0.46262660963114055
44.0,50.0,0.8566827858599128
27.0,33.0,0.8381965680102342
5.0,7.0,0.19069978343975685
97.0,105.0,3.1626555962286127
17.0,18.0,0.3019564109170445
1.0,4.0,5.3967214570541335
3.0,5.0,2.561951338530443
2.0,8.0,1.4341428369307498
3.0,18.0,1.794303335961371
2.0,22.0,1.9588550283980883
4.0,38.0,2.3222923192396334
2.0,27.0,1.3366215418553755
3.0,20.0,0.9561318509008796
5.0,53.0,1.9740406774738926
3.0,58.0,1.8649030203337718
1.0,9.0,0.1808280599984043
2.0,4.0,5.3967214570541335
2.0,5.0,2.561951338530443
1.0,8.0,1.4341428369307498
6.0,18.0,1.794303335961371
7.0,22.0,1.9588550283980883
7.0,38.0,2.3222923192396334
4.0,27.0,1.3366215418553755
4.0,20.0,0.9561318509008796
13.0,53.0,1.9740406774738926
6.0,58.0,1.8649030203337718
1.0,9.0,0.1808280599984043
2.0,4.0,5.3967214570541335
2.0,5.0,2.561951338530443
0.0,8.0,1.4341428369307498
10.0,18.0,1.794303335961371
6.0,22.0,1.9588550283980883
14.0,38.0,2.3222923192396334
5.0,27.0,1.3366215418553755
5.0,20.0,0.9561318509008796
18.0,53.0,1.9740406774738926
22.0,58.0,1.8649030203337718
3.0,9.0,0.1808280599984043
2.0,4.0,5.3967214570541335
0.0,5.0,2.561951338530443
4.0,8.0,1.4341428369307498
12.0,18.0,1.794303335961371
13.0,22.0,1.9588550283980883
13.0,38.0,2.3222923192396334
9.0,27.0,1.3366215418553755
8.0,20.0,0.9561318509008796
23.0,53.0,1.9740406774738926
21.0,58.0,1.8649030203337718
5.0,9.0,0.1808280599984043
1.0,4.0,5.3967214570541335
3.0,5.0,2.561951338530443
3.0,8.0,1.4341428369307498
9.0,18.0,1.794303335961371
11.0,22.0,1.9588550283980883
22.0,38.0,2.3222923192396334
12.0,27.0,1.3366215418553755
6.0,20.0,0.9561318509008796
30.0,53.0,1.9740406774738926
30.0,58.0,1.8649030203337718
4.0,9.0,0.1808280599984043
1.0,4.0,5.3967214570541335
3.0,5.0,2.561951338530443
4.0,8.0,1.4341428369307498
11.0,18.0,1.794303335961371
14.0,22.0,1.9588550283980883
25.0,38.0,2.3222923192396334
15.0,27.0,1.3366215418553755
12.0,20.0,0.9561318509008796
33.0,53.0,1.9740406774738926
36.0,58.0,1.8649030203337718
5.0,9.0,0.1808280599984043
4.0,4.0,5.3967214570541335
4.0,5.0,2.561951338530443
7.0,8.0,1.4341428369307498
12.0,18.0,1.794303335961371
18.0,22.0,1.9588550283980883
25.0,38.0,2.3222923192396334
24.0,27.0,1.3366215418553755
11.0,20.0,0.9561318509008796
32.0,53.0,1.9740406774738926
40.0,58.0,1.8649030203337718
6.0,9.0,0.1808280599984043
1.0,4.0,5.3967214570541335
4.0,5.0,2.561951338530443
5.0,8.0,1.4341428369307498
15.0,18.0,1.794303335961371
18.0,22.0,1.9588550283980883
32.0,38.0,2.3222923192396334
20.0,27.0,1.3366215418553755
12.0,20.0,0.9561318509008796
39.0,53.0,1.9740406774738926
50.0,58.0,1.8649030203337718
7.0,9.0,0.1808280599984043
4.0,4.0,5.3967214570541335
5.0,5.0,2.561951338530443
7.0,8.0,1.4341428369307498
15.0,18.0,1.794303335961371
19.0,22.0,1.9588550283980883
31.0,38.0,2.3222923192396334
24.0,27.0,1.3366215418553755
20.0,20.0,0.9561318509008796
50.0,53.0,1.9740406774738926
51.0,58.0,1.8649030203337718
9.0,9.0,0.1808280599984043
1.0,2.0,2.7374976328292293
2.0,4.0,2.4831086826322912
0.0,5.0,2.108855828369098
1.0,13.0,3.026060590235535
0.0,8.0,0.9091517859791567
1.0,3.0,0.425086613654912
4.0,53.0,5.9277767725719075
1.0,14.0,1.0685453775963019
8.0,81.0,3.3231493005725086
1.0,32.0,0.7973756428951101
2.0,5.0,0.06426585584640665
1.0,2.0,2.7374976328292293
1.0,4.0,2.4831086826322912
1.0,5.0,2.108855828369098
3.0,13.0,3.026060590235535
3.0,8.0,0.9091517859791567
0.0,3.0,0.425086613654912
13.0,53.0,5.9277767725719075
2.0,14.0,1.0685453775963019
16.0,81.0,3.3231493005725086
9.0,32.0,0.7973756428951101
0.0,5.0,0.06426585584640665
1.0,2.0,2.7374976328292293
1.0,4.0,2.4831086826322912
1.0,5.0,2.108855828369098
4.0,13.0,3.026060590235535
1.0,8.0,0.9091517859791567
1.0,3.0,0.425086613654912
13.0,53.0,5.9277767725719075
3.0,14.0,1.0685453775963019
29.0,81.0,3.3231493005725086
9.0,32.0,0.7973756428951101
2.0,5.0,0.06426585584640665
2.0,2.0,2.7374976328292293
1.0,4.0,2.4831086826322912
1.0,5.0,2.108855828369098
5.0,13.0,3.026060590235535
3.0,8.0,0.9091517859791567
2.0,3.0,0.425086613654912
24.0,53.0,5.9277767725719075
2.0,14.0,1.0685453775963019
34.0,81.0,3.3231493005725086
17.0,32.0,0.7973756428951101
2.0,5.0,0.06426585584640665
2.0,2.0,2.7374976328292293
3.0,4.0,2.4831086826322912
1.0,5.0,2.108855828369098
6.0,13.0,3.026060590235535
4.0,8.0,0.9091517859791567
3.0,3.0,0.425086613654912
23.0,53.0,5.9277767725719075
7.0,14.0,1.0685453775963019
43.0,81.0,3.3231493005725086
19.0,32.0,0.7973756428951101
2.0,5.0,0.06426585584640665
1.0,2.0,2.7374976328292293
3.0,4.0,2.4831086826322912
4.0,5.0,2.108855828369098
7.0,13.0,3.026060590235535
5.0,8.0,0.9091517859791567
1.0,3.0,0.425086613654912
34.0,53.0,5.9277767725719075
6.0,14.0,1.0685453775963019
54.0,81.0,3.3231493005725086
19.0,32.0,0.7973756428951101
2.0,5.0,0.06426585584640665
1.0,2.0,2.7374976328292293
3.0,4.0,2.4831086826322912
5.0,5.0,2.108855828369098
10.0,13.0,3.026060590235535
5.0,8.0,0.9091517859791567
3.0,3.0,0.425086613654912
31.0,53.0,5.9277767725719075
10.0,14.0,1.0685453775963019
57.0,81.0,3.3231493005725086
22.0,32.0,0.7973756428951101
4.0,5.0,0.06426585584640665
1.0,2.0,2.7374976328292293
3.0,4.0,2.4831086826322912
4.0,5.0,2.108855828369098
12.0,13.0,3.026060590235535
8.0,8.0,0.9091517859791567
3.0,3.0,0.425086613654912
42.0,53.0,5.9277767725719075
12.0,14.0,1.0685453775963019
73.0,81.0,3.3231493005725086
28.0,32.0,0.7973756428951101
4.0,5.0,0.06426585584640665
2.0,2.0,2.7374976328292293
4.0,4.0,2.4831086826322912
5.0,5.0,2.108855828369098
13.0,13.0,3.026060590235535
6.0,8.0,0.9091517859791567
2.0,3.0,0.425086613654912
49.0,53.0,5.9277767725719075
13.0,14.0,1.0685453775963019
78.0,81.0,3.3231493005725086
29.0,32.0,0.7973756428951101
5.0,5.0,0.06426585584640665
1.0,4.0,4.8598360381303864
0.0,1.0,0.16960684577525406
1.0,8.0,4.588706281629011
1.0,18.0,4.909957468158513
0.0,4.0,0.46237513922254986
3.0,18.0,2.1787977669623246
1.0,13.0,1.3266362510149663
1.0,12.0,1.5925828055984483
8.0,87.0,5.14379321181455
2.0,13.0,0.38746875840050854
3.0,48.0,1.2232882699338556
1.0,4.0,4.8598360381303864
0.0,1.0,0.16960684577525406
2.0,8.0,4.588706281629011
4.0,18.0,4.909957468158513
1.0,4.0,0.46237513922254986
4.0,18.0,2.1787977669623246
2.0,13.0,1.3266362510149663
4.0,12.0,1.5925828055984483
14.0,87.0,5.14379321181455
3.0,13.0,0.38746875840050854
11.0,48.0,1.2232882699338556
2.0,4.0,4.8598360381303864
0.0,1.0,0.16960684577525406
3.0,8.0,4.588706281629011
4.0,18.0,4.909957468158513
1.0,4.0,0.46237513922254986
5.0,18.0,2.1787977669623246
2.0,13.0,1.3266362510149663
4.0,12.0,1.5925828055984483
26.0,87.0,5.14379321181455
2.0,13.0,0.38746875840050854
12.0,48.0,1.2232882699338556
3.0,4.0,4.8598360381303864
1.0,1.0,0.16960684577525406
5.0,8.0,4.588706281629011
5.0,18.0,4.909957468158513
1.0,4.0,0.46237513922254986
4.0,18.0,2.1787977669623246
5.0,13.0,1.3266362510149663
6.0,12.0,1.5925828055984483
34.0,87.0,5.14379321181455
8.0,13.0,0.38746875840050854
20.0,48.0,1.2232882699338556
2.0,4.0,4.8598360381303864
1.0,1.0,0.16960684577525406
1.0,8.0,4.588706281629011
10.0,18.0,4.909957468158513
1.0,4.0,0.46237513922254986
11.0,18.0,2.1787977669623246
6.0,13.0,1.3266362510149663
8.0,12.0,1.5925828055984483
45.0,87.0,5.14379321181455
4.0,13.0,0.38746875840050854
22.0,48.0,1.2232882699338556
3.0,4.0,4.8598360381303864
1.0,1.0,0.16960684577525406
2.0,8.0,4.588706281629011
13.0,18.0,4.909957468158513
2.0,4.0,0.46237513922254986
13.0,18.0,2.1787977669623246
6.0,13.0,1.3266362510149663
7.0,12.0,1.5925828055984483
53.0,87.0,5.14379321181455
6.0,13.0,0.38746875840050854
29.0,48.0,1.2232882699338556
1.0,4.0,4.8598360381303864
1.0,1.0,0.16960684577525406
7.0,8.0,4.588706281629011
14.0,18.0,4.909957468158513
3.0,4.0,0.46237513922254986
12.0,18.0,2.1787977669623246
10.0,13.0,1.3266362510149663
8.0,12.0,1.5925828055984483
65.0,87.0,5.14379321181455
10.0,13.0,0.38746875840050854
38.0,48.0,1.2232882699338556
2.0,4.0,4.8598360381303864
1.0,1.0,0.16960684577525406
7.0,8.0,4.588706281629011
13.0,18.0,4.909957468158513
3.0,4.0,0.46237513922254986
16.0,18.0,2.1787977669623246
9.0,13.0,1.3266362510149663
12.0,12.0,1.5925828055984483
66.0,87.0,5.14379321181455
11.0,13.0,0.38746875840050854
35.0,48.0,1.2232882699338556
4.0,4.0,4.8598360381303864
1.0,1.0,0.16960684577525406
7.0,8.0,4.588706281629011
13.0,18.0,4.909957468158513
4.0,4.0,0.46237513922254986
17.0,18.0,2.1787977669623246
12.0,13.0,1.3266362510149663
11.0,12.0,1.5925828055984483
81.0,87.0,5.14379321181455
11.0,13.0,0.38746875840050854
46.0,48.0,1.2232882699338556
3.0,5.0,5.675252043221425
4.0,19.0,7.271026350999238
0.0,7.0,1.0806821909182456
3.0,43.0,4.288716987829347
7.0,54.0,2.769470690412087
10.0,91.0,2.365215113068127
6.0,53.0,0.9072409219422903
1.0,18.0,0.48121877746545794
11.0,84.0,2.1787949690895188
7.0,64.0,1.525768645604634
4.0,52.0,0.805363833758103
1.0,5.0,5.675252043221425
3.0,19.0,7.271026350999238
2.0,7.0,1.0806821909182456
11.0,43.0,4.288716987829347
17.0,54.0,2.769470690412087
14.0,91.0,2.365215113068127
15.0,53.0,0.9072409219422903
5.0,18.0,0.48121877746545794
10.0,84.0,2.1787949690895188
16.0,64.0,1.525768645604634
12.0,52.0,0.805363833758103
1.0,5.0,5.675252043221425
9.0,19.0,7.271026350999238
2.0,7.0,1.0806821909182456
15.0,43.0,4.288716987829347
18.0,54.0,2.769470690412087
22.0,91.0,2.365215113068127
20.0,53.0,0.9072409219422903
4.0,18.0,0.48121877746545794
24.0,84.0,2.1787949690895188
23.0,64.0,1.525768645604634
19.0,52.0,0.805363833758103
2.0,5.0,5.675252043221425
4.0,19.0,7.271026350999238
4.0,7.0,1.0806821909182456
17.0,43.0,4.288716987829347
21.0,54.0,2.769470690412087
39.0,91.0,2.365215113068127
22.0,53.0,0.9072409219422903
9.0,18.0,0.48121877746545794
35.0,84.0,2.1787949690895188
29.0,64.0,1.525768645604634
29.0,52.0,0.805363833758103
1.0,5.0,5.675252043221425
10.0,19.0,7.271026350999238
2.0,7.0,1.0806821909182456
18.0,43.0,4.288716987829347
27.0,54.0,2.769470690412087
49.0,91.0,2.365215113068127
25.0,53.0,0.9072409219422903
6.0,18.0,0.48121877746545794
47.0,84.0,2.1787949690895188
34.0,64.0,1.525768645604634
30.0,52.0,0.805363833758103
4.0,5.0,5.675252043221425
14.0,19.0,7.271026350999238
4.0,7.0,1.0806821909182456
23.0,43.0,4.288716987829347
30.0,54.0,2.769470690412087
49.0,91.0,2.365215113068127
29.0,53.0,0.9072409219422903
11.0,18.0,0.48121877746545794
49.0,84.0,2.1787949690895188
34.0,64.0,1.525768645604634
33.0,52.0,0.805363833758103
3.0,5.0,5.675252043221425
12.0,19.0,7.271026350999238
6.0,7.0,1.0806821909182456
34.0,43.0,4.288716987829347
39.0,54.0,2.769470690412087
72.0,91.0,2.365215113068127
33.0,53.0,0.9072409219422903
13.0,18.0,0.48121877746545794
60.0,84.0,2.1787949690895188
44.0,64.0,1.525768645604634
36.0,52.0,0.805363833758103
2.0,5.0,5.675252043221425
17.0,19.0,7.271026350999238
4.0,7.0,1.0806821909182456
34.0,43.0,4.288716987829347
46.0,54.0,2.769470690412087
76.0,91.0,2.365215113068127
43.0,53.0,0.9072409219422903
13.0,18.0,0.48121877746545794
66.0,84.0,2.1787949690895188
53.0,64.0,1.525768645604634
39.0,52.0,0.805363833758103
5.0,5.0,5.675252043221425
19.0,19.0,7.271026350999238
7.0,7.0,1.0806821909182456
34.0,43.0,4.288716987829347
49.0,54.0,2.769470690412087
80.0,91.0,2.365215113068127
44.0,53.0,0.9072409219422903
18.0,18.0,0.48121877746545794
74.0,84.0,2.1787949690895188
58.0,64.0,1.525768645604634
49.0,52.0,0.805363833758103
1.0,10.0,23.546681115571623
1.0,3.0,1.7164542298964376
1.0,2.0,0.5630818641446984
4.0,53.0,10.327216780032092
4.0,32.0,1.6286255536364767
3.0,25.0,0.7700266591369819
0.0,5.0,0.3952129671555032
5.0,40.0,2.2640058455425756
3.0,91.0,3.434498461336047
10.0,96.0,2.4032209961129216
3.0,17.0,0.22270891388336253
1.0,10.0,23.546681115571623
0.0,3.0,1.7164542298964376
0.0,2.0,0.5630818641446984
12.0,53.0,10.327216780032092
9.0,32.0,1.6286255536364767
5.0,25.0,0.7700266591369819
1.0,5.0,0.3952129671555032
6.0,40.0,2.2640058455425756
15.0,91.0,3.434498461336047
19.0,96.0,2.4032209961129216
3.0,17.0,0.22270891388336253
5.0,10.0,23.546681115571623
2.0,3.0,1.7164542298964376
2.0,2.0,0.5630818641446984
22.0,53.0,10.327216780032092
11.0,32.0,1.6286255536364767
5.0,25.0,0.7700266591369819
2.0,5.0,0.3952129671555032
8.0,40.0,2.2640058455425756
24.0,91.0,3.434498461336047
37.0,96.0,2.4032209961129216
5.0,17.0,0.22270891388336253
1.0,10.0,23.546681115571623
1.0,3.0,1.7164542298964376
1.0,2.0,0.5630818641446984
25.0,53.0,10.327216780032092
14.0,32.0,1.6286255536364767
7.0,25.0,0.7700266591369819
3.0,5.0,0.3952129671555032
17.0,40.0,2.2640058455425756
34.0,91.0,3.434498461336047
38.0,96.0,2.4032209961129216
6.0,17.0,0.22270891388336253
5.0,10.0,23.546681115571623
2.0,3.0,1.7164542298964376
1.0,2.0,0.5630818641446984
33.0,53.0,10.327216780032092
21.0,32.0,1.6286255536364767
13.0,25.0,0.7700266591369819
1.0,5.0,0.3952129671555032
21.0,40.0,2.2640058455425756
49.0,91.0,3.434498461336047
42.0,96.0,2.4032209961129216
8.0,17.0,0.22270891388336253
5.0,10.0,23.546681115571623
3.0,3.0,1.7164542298964376
1.0,2.0,0.5630818641446984
33.0,53.0,10.327216780032092
17.0,32.0,1.6286255536364767
16.0,25.0,0.7700266591369819
2.0,5.0,0.3952129671555032
27.0,40.0,2.2640058455425756
50.0,91.0,3.434498461336047
55.0,96.0,2.4032209961129216
10.0,17.0,0.22270891388336253
5.0,10.0,23.546681115571623
2.0,3.0,1.7164542298964376
2.0,2.0,0.5630818641446984
39.0,53.0,10.327216780032092
23.0,32.0,1.6286255536364767
16.0,25.0,0.7700266591369819
4.0,5.0,0.3952129671555032
32.0,40.0,2.2640058455425756
55.0,91.0,3.434498461336047
71.0,96.0,2.4032209961129216
8.0,17.0,0.22270891388336253
9.0,10.0,23.546681115571623
3.0,3.0,1.7164542298964376
2.0,2.0,0.5630818641446984
47.0,53.0,10.327216780032092
30.0,32.0,1.6286255536364767
21.0,25.0,0.7700266591369819
3.0,5.0,0.3952129671555032
33.0,40.0,2.2640058455425756
73.0,91.0,3.434498461336047
81.0,96.0,2.4032209961129216
12.0,17.0,0.22270891388336253
8.0,10.0,23.546681115571623
3.0,3.0,1.7164542298964376
2.0,2.0,0.5630818641446984
49.0,53.0,10.327216780032092
31.0,32.0,1.6286255536364767
22.0,25.0,0.7700266591369819
5.0,5.0,0.3952129671555032
33.0,40.0,2.2640058455425756
80.0,91.0,3.434498461336047
85.0,96.0,2.4032209961129216
16.0,17.0,0.22270891388336253
1.0,4.0,2.957906814368136
1.0,5.0,1.5126722269491988
1.0,8.0,1.821623894006051
1.0,17.0,2.8418648896226153
2.0,12.0,1.319415590895452
6.0,88.0,5.437266131556761
0.0,15.0,0.7014837497078463
10.0,80.0,1.7804553106584344
0.0,7.0,0.14789546295371858
4.0,48.0,1.1524575608402428
4.0,34.0,0.7386423689342352
1.0,4.0,2.957906814368136
0.0,5.0,1.5126722269491988
2.0,8.0,1.821623894006051
6.0,17.0,2.8418648896226153
2.0,12.0,1.319415590895452
12.0,88.0,5.437266131556761
2.0,15.0,0.7014837497078463
19.0,80.0,1.7804553106584344
1.0,7.0,0.14789546295371858
11.0,48.0,1.1524575608402428
5.0,34.0,0.7386423689342352
2.0,4.0,2.957906814368136
0.0,5.0,1.5126722269491988
4.0,8.0,1.821623894006051
7.0,17.0,2.8418648896226153
4.0,12.0,1.319415590895452
22.0,88.0,5.437266131556761
6.0,15.0,0.7014837497078463
27.0,80.0,1.7804553106584344
1.0,7.0,0.14789546295371858
15.0,48.0,1.1524575608402428
8.0,34.0,0.7386423689342352
2.0,4.0,2.957906814368136
2.0,5.0,1.5126722269491988
3.0,8.0,1.821623894006051
6.0,17.0,2.8418648896226153
7.0,12.0,1.319415590895452
27.0,88.0,5.437266131556761
7.0,15.0,0.7014837497078463
34.0,80.0,1.7804553106584344
1.0,7.0,0.14789546295371858
22.0,48.0,1.1524575608402428
13.0,34.0,0.7386423689342352
2.0,4.0,2.957906814368136
1.0,5.0,1.5126722269491988
2.0,8.0,1.821623894006051
9.0,17.0,2.8418648896226153
9.0,12.0,1.319415590895452
48.0,88.0,5.437266131556761
7.0,15.0,0.7014837497078463
41.0,80.0,1.7804553106584344
1.0,7.0,0.14789546295371858
25.0,48.0,1.1524575608402428
22.0,34.0,0.7386423689342352
3.0,4.0,2.957906814368136
4.0,5.0,1.5126722269491988
5.0,8.0,1.821623894006051
9.0,17.0,2.8418648896226153
7.0,12.0,1.319415590895452
44.0,88.0,5.437266131556761
8.0,15.0,0.7014837497078463
40.0,80.0,1.7804553106584344
3.0,7.0,0.14789546295371858
26.0,48.0,1.1524575608402428
21.0,34.0,0.7386423689342352
3.0,4.0,2.957906814368136
3.0,5.0,1.5126722269491988
6.0,8.0,1.821623894006051
17.0,17.0,2.8418648896226153
9.0,12.0,1.319415590895452
65.0,88.0,5.437266131556761
7.0,15.0,0.7014837497078463
62.0,80.0,1.7804553106584344
6.0,7.0,0.14789546295371858
36.0,48.0,1.1524575608402428
26.0,34.0,0.7386423689342352
2.0,4.0,2.957906814368136
5.0,5.0,1.5126722269491988
6.0,8.0,1.821623894006051
11.0,17.0,2.8418648896226153
7.0,12.0,1.319415590895452
69.0,88.0,5.437266131556761
13.0,15.0,0.7014837497078463
66.0,80.0,1.7804553106584344
7.0,7.0,0.14789546295371858
40.0,48.0,1.1524575608402428
27.0,34.0,0.7386423689342352
4.0,4.0,2.957906814368136
5.0,5.0,1.5126722269491988
7.0,8.0,1.821623894006051
13.0,17.0,2.8418648896226153
12.0,12.0,1.319415590895452
79.0,88.0,5.437266131556761
15.0,15.0,0.7014837497078463
69.0,80.0,1.7804553106584344
6.0,7.0,0.14789546295371858
42.0,48.0,1.1524575608402428
30.0,34.0,0.7386423689342352
1.0,3.0,1.4898294490132196
1.0,3.0,1.7014019477856044
0.0,3.0,3.964062941331439
1.0,22.0,7.999077024862768
3.0,34.0,3.13023745914775
4.0,58.0,3.1594493238665873
1.0,22.0,1.104945628071946
2.0,17.0,0.6051017149286962
2.0,11.0,0.4181460062354158
0.0,5.0,0.5819884678816153
0.0,5.0,0.5000840302438404
1.0,3.0,1.4898294490132196
1.0,3.0,1.7014019477856044
1.0,3.0,3.964062941331439
3.0,22.0,7.999077024862768
7.0,34.0,3.13023745914775
14.0,58.0,3.1594493238665873
1.0,22.0,1.104945628071946
5.0,17.0,0.6051017149286962
3.0,11.0,0.4181460062354158
1.0,5.0,0.5819884678816153
1.0,5.0,0.5000840302438404
1.0,3.0,1.4898294490132196
3.0,3.0,1.7014019477856044
0.0,3.0,3.964062941331439
8.0,22.0,7.999077024862768
11.0,34.0,3.13023745914775
20.0,58.0,3.1594493238665873
7.0,22.0,1.104945628071946
7.0,17.0,0.6051017149286962
3.0,11.0,0.4181460062354158
3.0,5.0,0.5819884678816153
1.0,5.0,0.5000840302438404
2.0,3.0,1.4898294490132196
2.0,3.0,1.7014019477856044
1.0,3.0,3.964062941331439
6.0,22.0,7.999077024862768
15.0,34.0,3.13023745914775
25.0,58.0,3.1594493238665873
13.0,22.0,1.104945628071946
3.0,17.0,0.6051017149286962
3.0,11.0,0.4181460062354158
4.0,5.0,0.5819884678816153
3.0,5.0,0.5000840302438404
1.0,3.0,1.4898294490132196
2.0,3.0,1.7014019477856044
2.0,3.0,3.964062941331439
14.0,22.0,7.999077024862768
16.0,34.0,3.13023745914775
36.0,58.0,3.1594493238665873
14.0,22.0,1.104945628071946
8.0,17.0,0.6051017149286962
6.0,11.0,0.4181460062354158
2.0,5.0,0.5819884678816153
1.0,5.0,0.5000840302438404
3.0,3.0,1.4898294490132196
3.0,3.0,1.7014019477856044
2.0,3.0,3.964062941331439
14.0,22.0,7.999077024862768
22.0,34.0,3.13023745914775
33.0,58.0,3.1594493238665873
13.0,22.0,1.104945628071946
10.0,17.0,0.6051017149286962
5.0,11.0,0.4181460062354158
1.0,5.0,0.5819884678816153
5.0,5.0,0.5000840302438404
1.0,3.0,1.4898294490132196
1.0,3.0,1.7014019477856044
2.0,3.0,3.964062941331439
12.0,22.0,7.999077024862768
26.0,34.0,3.13023745914775
41.0,58.0,3.1594493238665873
15.0,22.0,1.104945628071946
10.0,17.0,0.6051017149286962
9.0,11.0,0.4181460062354158
5.0,5.0,0.5819884678816153
4.0,5.0,0.5000840302438404
3.0,3.0,1.4898294490132196
2.0,3.0,1.7014019477856044
3.0,3.0,3.964062941331439
19.0,22.0,7.999077024862768
25.0,34.0,3.13023745914775
44.0,58.0,3.1594493238665873
16.0,22.0,1.104945628071946
14.0,17.0,0.6051017149286962
7.0,11.0,0.4181460062354158
4.0,5.0,0.5819884678816153
4.0,5.0,0.5000840302438404
3.0,3.0,1.4898294490132196
3.0,3.0,1.7014019477856044
2.0,3.0,3.964062941331439
19.0,22.0,7.999077024862768
29.0,34.0,3.13023745914775
52.0,58.0,3.1594493238665873
22.0,22.0,1.104945628071946
16.0,17.0,0.6051017149286962
9.0,11.0,0.4181460062354158
5.0,5.0,0.5819884678816153
5.0,5.0,0.5000840302438404
1.0,5.0,5.3180899545989995
4.0,13.0,7.144534916567711
2.0,21.0,4.122895627233968
2.0,7.0,0.5711388844008888
1.0,9.0,0.8025626413558038
0.0,3.0,0.3827394123965307
1.0,14.0,1.6602958181018994
1.0,10.0,2.090186927053022
3.0,40.0,2.657965615341066
3.0,15.0,0.6928095752811074
4.0,24.0,1.053858376475237
2.0,5.0,5.3180899545989995
2.0,13.0,7.144534916567711
2.0,21.0,4.122895627233968
1.0,7.0,0.5711388844008888
1.0,9.0,0.8025626413558038
0.0,3.0,0.3827394123965307
4.0,14.0,1.6602958181018994
3.0,10.0,2.090186927053022
12.0,40.0,2.657965615341066
4.0,15.0,0.6928095752811074
10.0,24.0,1.053858376475237
1.0,5.0,5.3180899545989995
5.0,13.0,7.144534916567711
8.0,21.0,4.122895627233968
0.0,7.0,0.5711388844008888
1.0,9.0,0.8025626413558038
1.0,3.0,0.3827394123965307
3.0,14.0,1.6602958181018994
3.0,10.0,2.090186927053022
10.0,40.0,2.657965615341066
5.0,15.0,0.6928095752811074
11.0,24.0,1.053858376475237
2.0,5.0,5.3180899545989995
5.0,13.0,7.144534916567711
7.0,21.0,4.122895627233968
1.0,7.0,0.5711388844008888
4.0,9.0,0.8025626413558038
0.0,3.0,0.3827394123965307
5.0,14.0,1.6602958181018994
5.0,10.0,2.090186927053022
16.0,40.0,2.657965615341066
1.0,15.0,0.6928095752811074
8.0,24.0,1.053858376475237
3.0,5.0,5.3180899545989995
5.0,13.0,7.144534916567711
12.0,21.0,4.122895627233968
2.0,7.0,0.5711388844008888
3.0,9.0,0.8025626413558038
1.0,3.0,0.3827394123965307
8.0,14.0,1.6602958181018994
4.0,10.0,2.090186927053022
21.0,40.0,2.657965615341066
3.0,15.0,0.6928095752811074
11.0,24.0,1.053858376475237
4.0,5.0,5.3180899545989995
4.0,13.0,7.144534916567711
14.0,21.0,4.122895627233968
4.0,7.0,0.5711388844008888
8.0,9.0,0.8025626413558038
2.0,3.0,0.3827394123965307
6.0,14.0,1.6602958181018994
7.0,10.0,2.090186927053022
24.0,40.0,2.657965615341066
8.0,15.0,0.6928095752811074
11.0,24.0,1.053858376475237
2.0,5.0,5.3180899545989995
9.0,13.0,7.144534916567711
14.0,21.0,4.122895627233968
5.0,7.0,0.5711388844008888
7.0,9.0,0.8025626413558038
1.0,3.0,0.3827394123965307
10.0,14.0,1.6602958181018994
5.0,10.0,2.090186927053022
30.0,40.0,2.657965615341066
10.0,15.0,0.6928095752811074
19.0,24.0,1.053858376475237
4.0,5.0,5.3180899545989995
10.0,13.0,7.144534916567711
14.0,21.0,4.122895627233968
6.0,7.0,0.5711388844008888
7.0,9.0,0.8025626413558038
2.0,3.0,0.3827394123965307
12.0,14.0,1.6602958181018994
8.0,10.0,2.090186927053022
33.0,40.0,2.657965615341066
9.0,15.0,0.6928095752811074
20.0,24.0,1.053858376475237
5.0,5.0,5.3180899545989995
13.0,13.0,7.144534916567711
17.0,21.0,4.122895627233968
6.0,7.0,0.5711388844008888
7.0,9.0,0.8025626413558038
2.0,3.0,0.3827394123965307
13.0,14.0,1.6602958181018994
9.0,10.0,2.090186927053022
38.0,40.0,2.657965615341066
14.0,15.0,0.6928095752811074
22.0,24.0,1.053858376475237
1.0,6.0,5.419539939938172
1.0,10.0,3.718856190685717
1.0,22.0,3.9081052191881294
1.0,15.0,1.417831860525261
0.0,10.0,0.8980767587177249
1.0,11.0,0.9862009223574545
2.0,19.0,1.1551159233239137
1.0,18.0,1.1229136310299264
0.0,7.0,0.4804777175264416
2.0,9.0,1.3309886842180556
4.0,32.0,2.4323466948731944
1.0,6.0,5.419539939938172
0.0,10.0,3.718856190685717
6.0,22.0,3.9081052191881294
3.0,15.0,1.417831860525261
2.0,10.0,0.8980767587177249
3.0,11.0,0.9862009223574545
7.0,19.0,1.1551159233239137
6.0,18.0,1.1229136310299264
1.0,7.0,0.4804777175264416
3.0,9.0,1.3309886842180556
6.0,32.0,2.4323466948731944
3.0,6.0,5.419539939938172
2.0,10.0,3.718856190685717
5.0,22.0,3.9081052191881294
4.0,15.0,1.417831860525261
3.0,10.0,0.8980767587177249
4.0,11.0,0.9862009223574545
3.0,19.0,1.1551159233239137
5.0,18.0,1.1229136310299264
2.0,7.0,0.4804777175264416
1.0,9.0,1.3309886842180556
11.0,32.0,2.4323466948731944
3.0,6.0,5.419539939938172
3.0,10.0,3.718856190685717
9.0,22.0,3.9081052191881294
5.0,15.0,1.417831860525261
6.0,10.0,0.8980767587177249
6.0,11.0,0.9862009223574545
6.0,19.0,1.1551159233239137
9.0,18.0,1.1229136310299264
3.0,7.0,0.4804777175264416
3.0,9.0,1.3309886842180556
13.0,32.0,2.4323466948731944
3.0,6.0,5.419539939938172
3.0,10.0,3.718856190685717
10.0,22.0,3.9081052191881294
7.0,15.0,1.417831860525261
6.0,10.0,0.8980767587177249
3.0,11.0,0.9862009223574545
7.0,19.0,1.1551159233239137
8.0,18.0,1.1229136310299264
5.0,7.0,0.4804777175264416
1.0,9.0,1.3309886842180556
16.0,32.0,2.4323466948731944
2.0,6.0,5.419539939938172
6.0,10.0,3.718856190685717
12.0,22.0,3.9081052191881294
9.0,15.0,1.417831860525261
6.0,10.0,0.8980767587177249
3.0,11.0,0.9862009223574545
9.0,19.0,1.1551159233239137
12.0,18.0,1.1229136310299264
4.0,7.0,0.4804777175264416
5.0,9.0,1.3309886842180556
23.0,32.0,2.4323466948731944
3.0,6.0,5.419539939938172
9.0,10.0,3.718856190685717
12.0,22.0,3.9081052191881294
13.0,15.0,1.417831860525261
5.0,10.0,0.8980767587177249
8.0,11.0,0.9862009223574545
16.0,19.0,1.1551159233239137
9.0,18.0,1.1229136310299264
3.0,7.0,0.4804777175264416
6.0,9.0,1.3309886842180556
22.0,32.0,2.4323466948731944
4.0,6.0,5.419539939938172
8.0,10.0,3.718856190685717
18.0,22.0,3.9081052191881294
14.0,15.0,1.417831860525261
8.0,10.0,0.8980767587177249
11.0,11.0,0.9862009223574545
15.0,19.0,1.1551159233239137
16.0,18.0,1.1229136310299264
5.0,7.0,0.4804777175264416
7.0,9.0,1.3309886842180556
30.0,32.0,2.4323466948731944
6.0,6.0,5.419539939938172
9.0,10.0,3.718856190685717
19.0,22.0,3.9081052191881294
12.0,15.0,1.417831860525261
9.0,10.0,0.8980767587177249
11.0,11.0,0.9862009223574545
16.0,19.0,1.1551159233239137
16.0,18.0,1.1229136310299264
7.0,7.0,0.4804777175264416
7.0,9.0,1.3309886842180556
26.0,32.0,2.4323466948731944
1.0,4.0,5.510367790232141
2.0,13.0,2.739192156562828
1.0,4.0,0.6065195642056886
6.0,56.0,6.822207026915403
2.0,27.0,1.1108139825996997
1.0,7.0,0.23495923580557945
0.0,11.0,0.46237056285116374
3.0,30.0,1.7483124830912478
1.0,6.0,0.4174350906142612
1.0,20.0,1.2314497276807217
1.0,8.0,0.3211134515629169
1.0,4.0,5.510367790232141
4.0,13.0,2.739192156562828
0.0,4.0,0.6065195642056886
9.0,56.0,6.822207026915403
2.0,27.0,1.1108139825996997
1.0,7.0,0.23495923580557945
1.0,11.0,0.46237056285116374
7.0,30.0,1.7483124830912478
1.0,6.0,0.4174350906142612
4.0,20.0,1.2314497276807217
2.0,8.0,0.3211134515629169
1.0,4.0,5.510367790232141
3.0,13.0,2.739192156562828
0.0,4.0,0.6065195642056886
12.0,56.0,6.822207026915403
8.0,27.0,1.1108139825996997
3.0,7.0,0.23495923580557945
4.0,11.0,0.46237056285116374
8.0,30.0,1.7483124830912478
1.0,6.0,0.4174350906142612
6.0,20.0,1.2314497276807217
2.0,8.0,0.3211134515629169
2.0,4.0,5.510367790232141
8.0,13.0,2.739192156562828
2.0,4.0,0.6065195642056886
29.0,56.0,6.822207026915403
9.0,27.0,1.1108139825996997
3.0,7.0,0.23495923580557945
4.0,11.0,0.46237056285116374
8.0,30.0,1.7483124830912478
2.0,6.0,0.4174350906142612
10.0,20.0,1.2314497276807217
4.0,8.0,0.3211134515629169
1.0,4.0,5.510367790232141
5.0,13.0,2.739192156562828
1.0,4.0,0.6065195642056886
33.0,56.0,6.822207026915403
12.0,27.0,1.1108139825996997
3.0,7.0,0.23495923580557945
6.0,11.0,0.46237056285116374
18.0,30.0,1.7483124830912478
3.0,6.0,0.4174350906142612
13.0,20.0,1.2314497276807217
4.0,8.0,0.3211134515629169
3.0,4.0,5.510367790232141
7.0,13.0,2.739192156562828
1.0,4.0,0.6065195642056886
35.0,56.0,6.822207026915403
13.0,27.0,1.1108139825996997
5.0,7.0,0.23495923580557945
8.0,11.0,0.46237056285116374
17.0,30.0,1.7483124830912478
2.0,6.0,0.4174350906142612
12.0,20.0,1.2314497276807217
2.0,8.0,0.3211134515629169
3.0,4.0,5.510367790232141
12.0,13.0,2.739192156562828
4.0,4.0,0.6065195642056886
35.0,56.0,6.822207026915403
22.0,27.0,1.1108139825996997
6.0,7.0,0.23495923580557945
9.0,11.0,0.46237056285116374
23.0,30.0,1.7483124830912478
3.0,6.0,0.4174350906142612
15.0,20.0,1.2314497276807217
7.0,8.0,0.3211134515629169
3.0,4.0,5.510367790232141
10.0,13.0,2.739192156562828
3.0,4.0,0.6065195642056886
45.0,56.0,6.822207026915403
23.0,27.0,1.1108139825996997
7.0,7.0,0.23495923580557945
10.0,11.0,0.46237056285116374
25.0,30.0,1.7483124830912478
6.0,6.0,0.4174350906142612
16.0,20.0,1.2314497276807217
7.0,8.0,0.3211134515629169
2.0,4.0,5.510367790232141
13.0,13.0,2.739192156562828
4.0,4.0,0.6065195642056886
48.0,56.0,6.822207026915403
23.0,27.0,1.1108139825996997
6.0,7.0,0.23495923580557945
11.0,11.0,0.46237056285116374
27.0,30.0,1.7483124830912478
5.0,6.0,0.4174350906142612
19.0,20.0,1.2314497276807217
7.0,8.0,0.3211134515629169
1.0,6.0,3.197828522193648
1.0,12.0,4.129243579314137
1.0,5.0,1.6544518283806344
1.0,27.0,3.3973561207895586
5.0,36.0,2.43395602596385
6.0,64.0,2.656952304866421
0.0,7.0,0.16078808985513093
2.0,39.0,1.2788706082541583
2.0,15.0,0.46247976342149644
0.0,13.0,0.87013729369754
1.0,13.0,0.3496708560059896
2.0,6.0,3.197828522193648
3.0,12.0,4.129243579314137
2.0,5.0,1.6544518283806344
5.0,27.0,3.3973561207895586
10.0,36.0,2.43395602596385
17.0,64.0,2.656952304866421
3.0,7.0,0.16078808985513093
7.0,39.0,1.2788706082541583
2.0,15.0,0.46247976342149644
1.0,13.0,0.87013729369754
1.0,13.0,0.3496708560059896
1.0,6.0,3.197828522193648
4.0,12.0,4.129243579314137
2.0,5.0,1.6544518283806344
6.0,27.0,3.3973561207895586
6.0,36.0,2.43395602596385
23.0,64.0,2.656952304866421
3.0,7.0,0.16078808985513093
14.0,39.0,1.2788706082541583
6.0,15.0,0.46247976342149644
7.0,13.0,0.87013729369754
7.0,13.0,0.3496708560059896
4.0,6.0,3.197828522193648
4.0,12.0,4.129243579314137
1.0,5.0,1.6544518283806344
11.0,27.0,3.3973561207895586
10.0,36.0,2.43395602596385
25.0,64.0,2.656952304866421
3.0,7.0,0.16078808985513093
13.0,39.0,1.2788706082541583
8.0,15.0,0.46247976342149644
3.0,13.0,0.87013729369754
7.0,13.0,0.3496708560059896
1.0,6.0,3.197828522193648
4.0,12.0,4.129243579314137
3.0,5.0,1.6544518283806344
15.0,27.0,3.3973561207895586
20.0,36.0,2.43395602596385
36.0,64.0,2.656952304866421
4.0,7.0,0.16078808985513093
19.0,39.0,1.2788706082541583
7.0,15.0,0.46247976342149644
6.0,13.0,0.87013729369754
4.0,13.0,0.3496708560059896
4.0,6.0,3.197828522193648
10.0,12.0,4.129243579314137
2.0,5.0,1.6544518283806344
15.0,27.0,3.3973561207895586
20.0,36.0,2.43395602596385
40.0,64.0,2.656952304866421
6.0,7.0,0.16078808985513093
23.0,39.0,1.2788706082541583
7.0,15.0,0.46247976342149644
6.0,13.0,0.87013729369754
7.0,13.0,0.3496708560059896
4.0,6.0,3.197828522193648
11.0,12.0,4.129243579314137
4.0,5.0,1.6544518283806344
19.0,27.0,3.3973561207895586
21.0,36.0,2.43395602596385
50.0,64.0,2.656952304866421
6.0,7.0,0.16078808985513093
27.0,39.0,1.2788706082541583
13.0,15.0,0.46247976342149644
11.0,13.0,0.87013729369754
6.0,13.0,0.3496708560059896
4.0,6.0,3.197828522193648
11.0,12.0,4.129243579314137
3.0,5.0,1.6544518283806344
23.0,27.0,3.3973561207895586
29.0,36.0,2.43395602596385
49.0,64.0,2.656952304866421
5.0,7.0,0.16078808985513093
32.0,39.0,1.2788706082541583
11.0,15.0,0.46247976342149644
12.0,13.0,0.87013729369754
10.0,13.0,0.3496708560059896
6.0,6.0,3.197828522193648
11.0,12.0,4.129243579314137
5.0,5.0,1.6544518283806344
26.0,27.0,3.3973561207895586
31.0,36.0,2.43395602596385
55.0,64.0,2.656952304866421
7.0,7.0,0.16078808985513093
34.0,39.0,1.2788706082541583
14.0,15.0,0.46247976342149644
11.0,13.0,0.87013729369754
11.0,13.0,0.3496708560059896
1.0,6.0,7.2681997154345845
2.0,10.0,6.48087135199838
4.0,16.0,2.832375892919891
7.0,55.0,3.8858094789268023
1.0,7.0,0.4621264829341912
7.0,78.0,2.2565266464565936
3.0,20.0,0.43252988619835775
4.0,74.0,1.8224932356534993
1.0,7.0,0.2053067012821888
3.0,44.0,1.38347403876873
3.0,33.0,0.6042108710821792
2.0,6.0,7.2681997154345845
2.0,10.0,6.48087135199838
3.0,16.0,2.832375892919891
14.0,55.0,3.8858094789268023
3.0,7.0,0.4621264829341912
16.0,78.0,2.2565266464565936
6.0,20.0,0.43252988619835775
20.0,74.0,1.8224932356534993
2.0,7.0,0.2053067012821888
9.0,44.0,1.38347403876873
7.0,33.0,0.6042108710821792
2.0,6.0,7.2681997154345845
2.0,10.0,6.48087135199838
9.0,16.0,2.832375892919891
12.0,55.0,3.8858094789268023
4.0,7.0,0.4621264829341912
27.0,78.0,2.2565266464565936
5.0,20.0,0.43252988619835775
26.0,74.0,1.8224932356534993
0.0,7.0,0.2053067012821888
14.0,44.0,1.38347403876873
15.0,33.0,0.6042108710821792
3.0,6.0,7.2681997154345845
3.0,10.0,6.48087135199838
6.0,16.0,2.832375892919891
19.0,55.0,3.8858094789268023
4.0,7.0,0.4621264829341912
34.0,78.0,2.2565266464565936
7.0,20.0,0.43252988619835775
25.0,74.0,1.8224932356534993
2.0,7.0,0.2053067012821888
17.0,44.0,1.38347403876873
16.0,33.0,0.6042108710821792
1.0,6.0,7.2681997154345845
2.0,10.0,6.48087135199838
9.0,16.0,2.832375892919891
29.0,55.0,3.8858094789268023
3.0,7.0,0.4621264829341912
44.0,78.0,2.2565266464565936
10.0,20.0,0.43252988619835775
35.0,74.0,1.8224932356534993
4.0,7.0,0.2053067012821888
22.0,44.0,1.38347403876873
17.0,33.0,0.6042108710821792
3.0,6.0,7.2681997154345845
3.0,10.0,6.48087135199838
14.0,16.0,2.832375892919891
38.0,55.0,3.8858094789268023
3.0,7.0,0.4621264829341912
40.0,78.0,2.2565266464565936
11.0,20.0,0.43252988619835775
44.0,74.0,1.8224932356534993
5.0,7.0,0.2053067012821888
29.0,44.0,1.38347403876873
16.0,33.0,0.6042108710821792
4.0,6.0,7.2681997154345845
9.0,10.0,6.48087135199838
10.0,16.0,2.832375892919891
40.0,55.0,3.8858094789268023
6.0,7.0,0.4621264829341912
55.0,78.0,2.2565266464565936
14.0,20.0,0.43252988619835775
44.0,74.0,1.8224932356534993
4.0,7.0,0.2053067012821888
30.0,44.0,1.38347403876873
22.0,33.0,0.6042108710821792
2.0,6.0,7.2681997154345845
8.0,10.0,6.48087135199838
14.0,16.0,2.832375892919891
47.0,55.0,3.8858094789268023
6.0,7.0,0.4621264829341912
64.0,78.0,2.2565266464565936
18.0,20.0,0.43252988619835775
63.0,74.0,1.8224932356534993
5.0,7.0,0.2053067012821888
37.0,44.0,1.38347403876873
28.0,33.0,0.6042108710821792
6.0,6.0,7.2681997154345845
9.0,10.0,6.48087135199838
16.0,16.0,2.832375892919891
51.0,55.0,3.8858094789268023
4.0,7.0,0.4621264829341912
68.0,78.0,2.2565266464565936
19.0,20.0,0.43252988619835775
69.0,74.0,1.8224932356534993
7.0,7.0,0.2053067012821888
38.0,44.0,1.38347403876873
30.0,33.0,0.6042108710821792
1.0,5.0,7.78265392975024
0.0,5.0,2.5209725800566103
1.0,10.0,2.4287539157305917
1.0,10.0,1.4071869689167273
0.0,10.0,1.3517770359882026
8.0,37.0,3.5876751469800015
5.0,64.0,3.3378030418815263
7.0,22.0,0.8378413846637369
2.0,33.0,0.8583555518780296
1.0,18.0,0.5526500339528782
1.0,6.0,0.32553005102154614
1.0,5.0,7.78265392975024
0.0,5.0,2.5209725800566103
3.0,10.0,2.4287539157305917
2.0,10.0,1.4071869689167273
1.0,10.0,1.3517770359882026
8.0,37.0,3.5876751469800015
8.0,64.0,3.3378030418815263
4.0,22.0,0.8378413846637369
7.0,33.0,0.8583555518780296
5.0,18.0,0.5526500339528782
2.0,6.0,0.32553005102154614
3.0,5.0,7.78265392975024
0.0,5.0,2.5209725800566103
1.0,10.0,2.4287539157305917
4.0,10.0,1.4071869689167273
1.0,10.0,1.3517770359882026
5.0,37.0,3.5876751469800015
16.0,64.0,3.3378030418815263
8.0,22.0,0.8378413846637369
9.0,33.0,0.8583555518780296
5.0,18.0,0.5526500339528782
1.0,6.0,0.32553005102154614
1.0,5.0,7.78265392975024
2.0,5.0,2.5209725800566103
4.0,10.0,2.4287539157305917
3.0,10.0,1.4071869689167273
5.0,10.0,1.3517770359882026
13.0,37.0,3.5876751469800015
26.0,64.0,3.3378030418815263
13.0,22.0,0.8378413846637369
15.0,33.0,0.8583555518780296
8.0,18.0,0.5526500339528782
2.0,6.0,0.32553005102154614
1.0,5.0,7.78265392975024
1.0,5.0,2.5209725800566103
3.0,10.0,2.4287539157305917
5.0,10.0,1.4071869689167273
6.0,10.0,1.3517770359882026
18.0,37.0,3.5876751469800015
30.0,64.0,3.3378030418815263
12.0,22.0,0.8378413846637369
19.0,33.0,0.8583555518780296
10.0,18.0,0.5526500339528782
1.0,6.0,0.32553005102154614
4.0,5.0,7.78265392975024
2.0,5.0,2.5209725800566103
6.0,10.0,2.4287539157305917
6.0,10.0,1.4071869689167273
7.0,10.0,1.3517770359882026
22.0,37.0,3.5876751469800015
36.0,64.0,3.3378030418815263
12.0,22.0,0.8378413846637369
16.0,33.0,0.8583555518780296
12.0,18.0,0.5526500339528782
3.0,6.0,0.32553005102154614
4.0,5.0,7.78265392975024
4.0,5.0,2.5209725800566103
5.0,10.0,2.4287539157305917
7.0,10.0,1.4071869689167273
6.0,10.0,1.3517770359882026
30.0,37.0,3.5876751469800015
47.0,64.0,3.3378030418815263
13.0,22.0,0.8378413846637369
26.0,33.0,0.8583555518780296
13.0,18.0,0.5526500339528782
5.0,6.0,0.32553005102154614
2.0,5.0,7.78265392975024
4.0,5.0,2.5209725800566103
9.0,10.0,2.4287539157305917
8.0,10.0,1.4071869689167273
7.0,10.0,1.3517770359882026
32.0,37.0,3.5876751469800015
55.0,64.0,3.3378030418815263
18.0,22.0,0.8378413846637369
25.0,33.0,0.8583555518780296
14.0,18.0,0.5526500339528782
4.0,6.0,0.32553005102154614
4.0,5.0,7.78265392975024
4.0,5.0,2.5209725800566103
8.0,10.0,2.4287539157305917
10.0,10.0,1.4071869689167273
7.0,10.0,1.3517770359882026
34.0,37.0,3.5876751469800015
59.0,64.0,3.3378030418815263
19.0,22.0,0.8378413846637369
32.0,33.0,0.8583555518780296
14.0,18.0,0.5526500339528782
6.0,6.0,0.32553005102154614
2.0,5.0,3.08692470575981
0.0,3.0,1.3979093320721787
3.0,20.0,5.970466869359054
1.0,24.0,2.80328134864999
7.0,78.0,4.7915191002058295
2.0,16.0,0.5347692790610035
0.0,4.0,0.09557495917721112
1.0,5.0,0.5214446694556982
3.0,23.0,1.9307858854217972
3.0,35.0,2.609343406449237
3.0,14.0,0.7175599161865714
1.0,5.0,3.08692470575981
1.0,3.0,1.3979093320721787
1.0,20.0,5.970466869359054
4.0,24.0,2.80328134864999
16.0,78.0,4.7915191002058295
4.0,16.0,0.5347692790610035
1.0,4.0,0.09557495917721112
0.0,5.0,0.5214446694556982
3.0,23.0,1.9307858854217972
10.0,35.0,2.609343406449237
2.0,14.0,0.7175599161865714
1.0,5.0,3.08692470575981
1.0,3.0,1.3979093320721787
4.0,20.0,5.970466869359054
6.0,24.0,2.80328134864999
24.0,78.0,4.7915191002058295
5.0,16.0,0.5347692790610035
2.0,4.0,0.09557495917721112
3.0,5.0,0.5214446694556982
4.0,23.0,1.9307858854217972
14.0,35.0,2.609343406449237
6.0,14.0,0.7175599161865714
2.0,5.0,3.08692470575981
1.0,3.0,1.3979093320721787
7.0,20.0,5.970466869359054
11.0,24.0,2.80328134864999
30.0,78.0,4.7915191002058295
5.0,16.0,0.5347692790610035
2.0,4.0,0.09557495917721112
4.0,5.0,0.5214446694556982
9.0,23.0,1.9307858854217972
14.0,35.0,2.609343406449237
6.0,14.0,0.7175599161865714
3.0,5.0,3.08692470575981
1.0,3.0,1.3979093320721787
9.0,20.0,5.970466869359054
13.0,24.0,2.80328134864999
32.0,78.0,4.7915191002058295
8.0,16.0,0.5347692790610035
3.0,4.0,0.09557495917721112
4.0,5.0,0.5214446694556982
8.0,23.0,1.9307858854217972
21.0,35.0,2.609343406449237
8.0,14.0,0.7175599161865714
4.0,5.0,3.08692470575981
3.0,3.0,1.3979093320721787
13.0,20.0,5.970466869359054
15.0,24.0,2.80328134864999
54.0,78.0,4.7915191002058295
8.0,16.0,0.5347692790610035
3.0,4.0,0.09557495917721112
2.0,5.0,0.5214446694556982
16.0,23.0,1.9307858854217972
23.0,35.0,2.609343406449237
9.0,14.0,0.7175599161865714
5.0,5.0,3.08692470575981
3.0,3.0,1.3979093320721787
13.0,20.0,5.970466869359054
16.0,24.0,2.80328134864999
52.0,78.0,4.7915191002058295
13.0,16.0,0.5347692790610035
3.0,4.0,0.09557495917721112
5.0,5.0,0.5214446694556982
16.0,23.0,1.9307858854217972
23.0,35.0,2.609343406449237
9.0,14.0,0.7175599161865714
5.0,5.0,3.08692470575981
3.0,3.0,1.3979093320721787
18.0,20.0,5.970466869359054
20.0,24.0,2.80328134864999
64.0,78.0,4.7915191002058295
12.0,16.0,0.5347692790610035
3.0,4.0,0.09557495917721112
5.0,5.0,0.5214446694556982
18.0,23.0,1.9307858854217972
28.0,35.0,2.609343406449237
12.0,14.0,0.7175599161865714
5.0,5.0,3.08692470575981
3.0,3.0,1.3979093320721787
18.0,20.0,5.970466869359054
21.0,24.0,2.80328134864999
72.0,78.0,4.7915191002058295
14.0,16.0,0.5347692790610035
4.0,4.0,0.09557495917721112
5.0,5.0,0.5214446694556982
20.0,23.0,1.9307858854217972
33.0,35.0,2.609343406449237
11.0,14.0,0.7175599161865714
1.0,3.0,1.9402224904598977
2.0,13.0,8.712030151900672
0.0,9.0,1.549095879281938
2.0,17.0,2.9971416104955053
3.0,11.0,1.2245657962596304
1.0,12.0,0.8387985507486646
3.0,33.0,2.310995487208349
3.0,51.0,2.3927230866578113
3.0,35.0,1.0667774357458275
4.0,68.0,1.6134876884406162
6.0,44.0,0.8250052099704543
1.0,3.0,1.9402224904598977
2.0,13.0,8.712030151900672
2.0,9.0,1.549095879281938
2.0,17.0,2.9971416104955053
4.0,11.0,1.2245657962596304
3.0,12.0,0.8387985507486646
10.0,33.0,2.310995487208349
7.0,51.0,2.3927230866578113
7.0,35.0,1.0667774357458275
13.0,68.0,1.6134876884406162
9.0,44.0,0.8250052099704543
2.0,3.0,1.9402224904598977
6.0,13.0,8.712030151900672
3.0,9.0,1.549095879281938
3.0,17.0,2.9971416104955053
3.0,11.0,1.2245657962596304
3.0,12.0,0.8387985507486646
11.0,33.0,2.310995487208349
15.0,51.0,2.3927230866578113
13.0,35.0,1.0667774357458275
20.0,68.0,1.6134876884406162
15.0,44.0,0.8250052099704543
1.0,3.0,1.9402224904598977
3.0,13.0,8.712030151900672
3.0,9.0,1.549095879281938
7.0,17.0,2.9971416104955053
5.0,11.0,1.2245657962596304
7.0,12.0,0.8387985507486646
12.0,33.0,2.310995487208349
23.0,51.0,2.3927230866578113
13.0,35.0,1.0667774357458275
28.0,68.0,1.6134876884406162
17.0,44.0,0.8250052099704543
2.0,3.0,1.9402224904598977
3.0,13.0,8.712030151900672
6.0,9.0,1.549095879281938
5.0,17.0,2.9971416104955053
10.0,11.0,1.2245657962596304
5.0,12.0,0.8387985507486646
15.0,33.0,2.310995487208349
30.0,51.0,2.3927230866578113
15.0,35.0,1.0667774357458275
33.0,68.0,1.6134876884406162
15.0,44.0,0.8250052099704543
3.0,3.0,1.9402224904598977
6.0,13.0,8.712030151900672
7.0,9.0,1.549095879281938
10.0,17.0,2.9971416104955053
7.0,11.0,1.2245657962596304
9.0,12.0,0.8387985507486646
19.0,33.0,2.310995487208349
28.0,51.0,2.3927230866578113
26.0,35.0,1.0667774357458275
40.0,68.0,1.6134876884406162
23.0,44.0,0.8250052099704543
2.0,3.0,1.9402224904598977
10.0,13.0,8.712030151900672
6.0,9.0,1.549095879281938
11.0,17.0,2.9971416104955053
7.0,11.0,1.2245657962596304
6.0,12.0,0.8387985507486646
24.0,33.0,2.310995487208349
36.0,51.0,2.3927230866578113
22.0,35.0,1.0667774357458275
45.0,68.0,1.6134876884406162
31.0,44.0,0.8250052099704543
3.0,3.0,1.9402224904598977
12.0,13.0,8.712030151900672
6.0,9.0,1.549095879281938
12.0,17.0,2.9971416104955053
8.0,11.0,1.2245657962596304
8.0,12.0,0.8387985507486646
24.0,33.0,2.310995487208349
40.0,51.0,2.3927230866578113
25.0,35.0,1.0667774357458275
60.0,68.0,1.6134876884406162
40.0,44.0,0.8250052099704543
3.0,3.0,1.9402224904598977
11.0,13.0,8.712030151900672
6.0,9.0,1.549095879281938
15.0,17.0,2.9971416104955053
10.0,11.0,1.2245657962596304
11.0,12.0,0.8387985507486646
27.0,33.0,2.310995487208349
41.0,51.0,2.3927230866578113
32.0,35.0,1.0667774357458275
62.0,68.0,1.6134876884406162
41.0,44.0,0.8250052099704543
1.0,4.0,1.9748184458916294
1.0,3.0,3.8035164839976847
1.0,4.0,1.1979574357071092
2.0,3.0,1.2325666011170477
0.0,4.0,1.7727763561973056
2.0,25.0,7.5682841158522045
2.0,9.0,1.4999593324507916
2.0,19.0,1.601601278104283
6.0,28.0,1.2947003170782823
4.0,43.0,1.9698520339265522
3.0,16.0,0.5280269434149606
1.0,4.0,1.9748184458916294
1.0,3.0,3.8035164839976847
1.0,4.0,1.1979574357071092
1.0,3.0,1.2325666011170477
1.0,4.0,1.7727763561973056
6.0,25.0,7.5682841158522045
3.0,9.0,1.4999593324507916
3.0,19.0,1.601601278104283
4.0,28.0,1.2947003170782823
6.0,43.0,1.9698520339265522
2.0,16.0,0.5280269434149606
1.0,4.0,1.9748184458916294
1.0,3.0,3.8035164839976847
3.0,4.0,1.1979574357071092
0.0,3.0,1.2325666011170477
1.0,4.0,1.7727763561973056
7.0,25.0,7.5682841158522045
4.0,9.0,1.4999593324507916
6.0,19.0,1.601601278104283
6.0,28.0,1.2947003170782823
17.0,43.0,1.9698520339265522
4.0,16.0,0.5280269434149606
1.0,4.0,1.9748184458916294
3.0,3.0,3.8035164839976847
1.0,4.0,1.1979574357071092
2.0,3.0,1.2325666011170477
1.0,4.0,1.7727763561973056
8.0,25.0,7.5682841158522045
4.0,9.0,1.4999593324507916
9.0,19.0,1.601601278104283
8.0,28.0,1.2947003170782823
9.0,43.0,1.9698520339265522
8.0,16.0,0.5280269434149606
2.0,4.0,1.9748184458916294
3.0,3.0,3.8035164839976847
2.0,4.0,1.1979574357071092
1.0,3.0,1.2325666011170477
2.0,4.0,1.7727763561973056
9.0,25.0,7.5682841158522045
4.0,9.0,1.4999593324507916
11.0,19.0,1.601601278104283
14.0,28.0,1.2947003170782823
21.0,43.0,1.9698520339265522
5.0,16.0,0.5280269434149606
3.0,4.0,1.9748184458916294
2.0,3.0,3.8035164839976847
3.0,4.0,1.1979574357071092
2.0,3.0,1.2325666011170477
4.0,4.0,1.7727763561973056
13.0,25.0,7.5682841158522045
8.0,9.0,1.4999593324507916
13.0,19.0,1.601601278104283
17.0,28.0,1.2947003170782823
23.0,43.0,1.9698520339265522
11.0,16.0,0.5280269434149606
3.0,4.0,1.9748184458916294
1.0,3.0,3.8035164839976847
3.0,4.0,1.1979574357071092
3.0,3.0,1.2325666011170477
3.0,4.0,1.7727763561973056
20.0,25.0,7.5682841158522045
5.0,9.0,1.4999593324507916
13.0,19.0,1.601601278104283
24.0,28.0,1.2947003170782823
34.0,43.0,1.9698520339265522
13.0,16.0,0.5280269434149606
4.0,4.0,1.9748184458916294
2.0,3.0,3.8035164839976847
3.0,4.0,1.1979574357071092
3.0,3.0,1.2325666011170477
2.0,4.0,1.7727763561973056
22.0,25.0,7.5682841158522045
9.0,9.0,1.4999593324507916
12.0,19.0,1.601601278104283
21.0,28.0,1.2947003170782823
35.0,43.0,1.9698520339265522
14.0,16.0,0.5280269434149606
4.0,4.0,1.9748184458916294
3.0,3.0,3.8035164839976847
4.0,4.0,1.1979574357071092
3.0,3.0,1.2325666011170477
2.0,4.0,1.7727763561973056
21.0,25.0,7.5682841158522045
8.0,9.0,1.4999593324507916
18.0,19.0,1.601601278104283
24.0,28.0,1.2947003170782823
35.0,43.0,1.9698520339265522
14.0,16.0,0.5280269434149606
2.0,2.0,2.3498528488868393
2.0,9.0,8.380896085664402
4.0,23.0,4.301755236942551
1.0,36.0,3.279915222201326
4.0,55.0,2.5353872052608564
8.0,46.0,1.1750128025851023
0.0,4.0,0.11844729134459851
2.0,23.0,0.7969706858485601
13.0,69.0,2.8295409728187733
0.0,3.0,0.12306882186235753
2.0,42.0,1.2200845323757927
1.0,2.0,2.3498528488868393
2.0,9.0,8.380896085664402
3.0,23.0,4.301755236942551
7.0,36.0,3.279915222201326
7.0,55.0,2.5353872052608564
9.0,46.0,1.1750128025851023
0.0,4.0,0.11844729134459851
6.0,23.0,0.7969706858485601
11.0,69.0,2.8295409728187733
1.0,3.0,0.12306882186235753
4.0,42.0,1.2200845323757927
1.0,2.0,2.3498528488868393
1.0,9.0,8.380896085664402
9.0,23.0,4.301755236942551
7.0,36.0,3.279915222201326
10.0,55.0,2.5353872052608564
14.0,46.0,1.1750128025851023
1.0,4.0,0.11844729134459851
6.0,23.0,0.7969706858485601
25.0,69.0,2.8295409728187733
2.0,3.0,0.12306882186235753
12.0,42.0,1.2200845323757927
1.0,2.0,2.3498528488868393
3.0,9.0,8.380896085664402
10.0,23.0,4.301755236942551
15.0,36.0,3.279915222201326
26.0,55.0,2.5353872052608564
22.0,46.0,1.1750128025851023
1.0,4.0,0.11844729134459851
5.0,23.0,0.7969706858485601
34.0,69.0,2.8295409728187733
1.0,3.0,0.12306882186235753
17.0,42.0,1.2200845323757927
1.0,2.0,2.3498528488868393
6.0,9.0,8.380896085664402
16.0,23.0,4.301755236942551
21.0,36.0,3.279915222201326
29.0,55.0,2.5353872052608564
28.0,46.0,1.1750128025851023
2.0,4.0,0.11844729134459851
13.0,23.0,0.7969706858485601
32.0,69.0,2.8295409728187733
2.0,3.0,0.12306882186235753
26.0,42.0,1.2200845323757927
1.0,2.0,2.3498528488868393
7.0,9.0,8.380896085664402
12.0,23.0,4.301755236942551
25.0,36.0,3.279915222201326
32.0,55.0,2.5353872052608564
26.0,46.0,1.1750128025851023
2.0,4.0,0.11844729134459851
18.0,23.0,0.7969706858485601
46.0,69.0,2.8295409728187733
2.0,3.0,0.12306882186235753
24.0,42.0,1.2200845323757927
2.0,2.0,2.3498528488868393
8.0,9.0,8.380896085664402
16.0,23.0,4.301755236942551
27.0,36.0,3.279915222201326
42.0,55.0,2.5353872052608564
31.0,46.0,1.1750128025851023
3.0,4.0,0.11844729134459851
14.0,23.0,0.7969706858485601
54.0,69.0,2.8295409728187733
1.0,3.0,0.12306882186235753
33.0,42.0,1.2200845323757927
2.0,2.0,2.3498528488868393
5.0,9.0,8.380896085664402
20.0,23.0,4.301755236942551
25.0,36.0,3.279915222201326
44.0,55.0,2.5353872052608564
39.0,46.0,1.1750128025851023
2.0,4.0,0.11844729134459851
17.0,23.0,0.7969706858485601
58.0,69.0,2.8295409728187733
3.0,3.0,0.12306882186235753
36.0,42.0,1.2200845323757927
2.0,2.0,2.3498528488868393
9.0,9.0,8.380896085664402
19.0,23.0,4.301755236942551
32.0,36.0,3.279915222201326
49.0,55.0,2.5353872052608564
42.0,46.0,1.1750128025851023
4.0,4.0,0.11844729134459851
20.0,23.0,0.7969706858485601
64.0,69.0,2.8295409728187733
3.0,3.0,0.12306882186235753
39.0,42.0,1.2200845323757927
1.0,3.0,2.765842589260502
0.0,3.0,3.9388312406885246
4.0,30.0,8.35558005707731
1.0,11.0,0.7673181901128269
0.0,6.0,0.5077124246733614
3.0,31.0,2.1653194249263557
5.0,53.0,3.0283874086709104
3.0,21.0,0.7302973887882181
9.0,53.0,1.4070819653053133
4.0,36.0,1.2605679222940682
3.0,18.0,0.41491357209328406
2.0,3.0,2.765842589260502
1.0,3.0,3.9388312406885246
8.0,30.0,8.35558005707731
3.0,11.0,0.7673181901128269
0.0,6.0,0.5077124246733614
9.0,31.0,2.1653194249263557
9.0,53.0,3.0283874086709104
3.0,21.0,0.7302973887882181
10.0,53.0,1.4070819653053133
6.0,36.0,1.2605679222940682
8.0,18.0,0.41491357209328406
2.0,3.0,2.765842589260502
1.0,3.0,3.9388312406885246
7.0,30.0,8.35558005707731
4.0,11.0,0.7673181901128269
1.0,6.0,0.5077124246733614
6.0,31.0,2.1653194249263557
18.0,53.0,3.0283874086709104
8.0,21.0,0.7302973887882181
17.0,53.0,1.4070819653053133
9.0,36.0,1.2605679222940682
3.0,18.0,0.41491357209328406
1.0,3.0,2.765842589260502
0.0,3.0,3.9388312406885246
15.0,30.0,8.35558005707731
3.0,11.0,0.7673181901128269
2.0,6.0,0.5077124246733614
13.0,31.0,2.1653194249263557
20.0,53.0,3.0283874086709104
5.0,21.0,0.7302973887882181
16.0,53.0,1.4070819653053133
11.0,36.0,1.2605679222940682
5.0,18.0,0.41491357209328406
1.0,3.0,2.765842589260502
1.0,3.0,3.9388312406885246
16.0,30.0,8.35558005707731
7.0,11.0,0.7673181901128269
3.0,6.0,0.5077124246733614
16.0,31.0,2.1653194249263557
29.0,53.0,3.0283874086709104
11.0,21.0,0.7302973887882181
28.0,53.0,1.4070819653053133
15.0,36.0,1.2605679222940682
7.0,18.0,0.41491357209328406
1.0,3.0,2.765842589260502
2.0,3.0,3.9388312406885246
16.0,30.0,8.35558005707731
8.0,11.0,0.7673181901128269
1.0,6.0,0.5077124246733614
16.0,31.0,2.1653194249263557
29.0,53.0,3.0283874086709104
11.0,21.0,0.7302973887882181
37.0,53.0,1.4070819653053133
17.0,36.0,1.2605679222940682
13.0,18.0,0.41491357209328406
1.0,3.0,2.765842589260502
2.0,3.0,3.9388312406885246
23.0,30.0,8.35558005707731
8.0,11.0,0.7673181901128269
3.0,6.0,0.5077124246733614
24.0,31.0,2.1653194249263557
42.0,53.0,3.0283874086709104
15.0,21.0,0.7302973887882181
34.0,53.0,1.4070819653053133
34.0,36.0,1.2605679222940682
12.0,18.0,0.41491357209328406
2.0,3.0,2.765842589260502
3.0,3.0,3.9388312406885246
26.0,30.0,8.35558005707731
8.0,11.0,0.7673181901128269
5.0,6.0,0.5077124246733614
24.0,31.0,2.1653194249263557
42.0,53.0,3.0283874086709104
18.0,21.0,0.7302973887882181
43.0,53.0,1.4070819653053133
32.0,36.0,1.2605679222940682
14.0,18.0,0.41491357209328406
3.0,3.0,2.765842589260502
3.0,3.0,3.9388312406885246
26.0,30.0,8.35558005707731
11.0,11.0,0.7673181901128269
5.0,6.0,0.5077124246733614
30.0,31.0,2.1653194249263557
48.0,53.0,3.0283874086709104
19.0,21.0,0.7302973887882181
43.0,53.0,1.4070819653053133
33.0,36.0,1.2605679222940682
18.0,18.0,0.41491357209328406
1.0,4.0,3.9079954943727984
1.0,8.0,3.7606439374363165
1.0,8.0,2.2524614032165995
6.0,49.0,6.467944693235109
3.0,14.0,0.675739488163353
13.0,88.0,4.132556870145185
2.0,13.0,0.2804283164396448
8.0,80.0,1.7403890167240585
2.0,36.0,0.7105350020739375
7.0,52.0,0.8523337376584862
4.0,36.0,0.8301981409708543
2.0,4.0,3.9079954943727984
0.0,8.0,3.7606439374363165
1.0,8.0,2.2524614032165995
8.0,49.0,6.467944693235109
4.0,14.0,0.675739488163353
16.0,88.0,4.132556870145185
0.0,13.0,0.2804283164396448
15.0,80.0,1.7403890167240585
5.0,36.0,0.7105350020739375
7.0,52.0,0.8523337376584862
4.0,36.0,0.8301981409708543
2.0,4.0,3.9079954943727984
2.0,8.0,3.7606439374363165
3.0,8.0,2.2524614032165995
20.0,49.0,6.467944693235109
6.0,14.0,0.675739488163353
33.0,88.0,4.132556870145185
1.0,13.0,0.2804283164396448
17.0,80.0,1.7403890167240585
11.0,36.0,0.7105350020739375
12.0,52.0,0.8523337376584862
10.0,36.0,0.8301981409708543
4.0,4.0,3.9079954943727984
1.0,8.0,3.7606439374363165
5.0,8.0,2.2524614032165995
15.0,49.0,6.467944693235109
6.0,14.0,0.675739488163353
39.0,88.0,4.132556870145185
5.0,13.0,0.2804283164396448
39.0,80.0,1.7403890167240585
17.0,36.0,0.7105350020739375
23.0,52.0,0.8523337376584862
11.0,36.0,0.8301981409708543
3.0,4.0,3.9079954943727984
6.0,8.0,3.7606439374363165
3.0,8.0,2.2524614032165995
20.0,49.0,6.467944693235109
10.0,14.0,0.675739488163353
41.0,88.0,4.132556870145185
3.0,13.0,0.2804283164396448
46.0,80.0,1.7403890167240585
20.0,36.0,0.7105350020739375
34.0,52.0,0.8523337376584862
14.0,36.0,0.8301981409708543
2.0,4.0,3.9079954943727984
7.0,8.0,3.7606439374363165
3.0,8.0,2.2524614032165995
27.0,49.0,6.467944693235109
5.0,14.0,0.675739488163353
50.0,88.0,4.132556870145185
7.0,13.0,0.2804283164396448
47.0,80.0,1.7403890167240585
16.0,36.0,0.7105350020739375
28.0,52.0,0.8523337376584862
24.0,36.0,0.8301981409708543
3.0,4.0,3.9079954943727984
7.0,8.0,3.7606439374363165
5.0,8.0,2.2524614032165995
38.0,49.0,6.467944693235109
9.0,14.0,0.675739488163353
56.0,88.0,4.132556870145185
9.0,13.0,0.2804283164396448
52.0,80.0,1.7403890167240585
24.0,36.0,0.7105350020739375
36.0,52.0,0.8523337376584862
24.0,36.0,0.8301981409708543
4.0,4.0,3.9079954943727984
7.0,8.0,3.7606439374363165
5.0,8.0,2.2524614032165995
41.0,49.0,6.467944693235109
14.0,14.0,0.675739488163353
73.0,88.0,4.132556870145185
12.0,13.0,0.2804283164396448
61.0,80.0,1.7403890167240585
29.0,36.0,0.7105350020739375
41.0,52.0,0.8523337376584862
32.0,36.0,0.8301981409708543
4.0,4.0,3.9079954943727984
5.0,8.0,3.7606439374363165
7.0,8.0,2.2524614032165995
45.0,49.0,6.467944693235109
12.0,14.0,0.675739488163353
73.0,88.0,4.132556870145185
11.0,13.0,0.2804283164396448
72.0,80.0,1.7403890167240585
34.0,36.0,0.7105350020739375
44.0,52.0,0.8523337376584862
33.0,36.0,0.8301981409708543
1.0,6.0,8.59304166175712
1.0,5.0,3.92666602993176
2.0,11.0,2.8830334944782843
1.0,13.0,1.9825099183790973
2.0,11.0,1.1162346949623803
8.0,71.0,5.366335713568942
3.0,22.0,0.9125177760032748
4.0,27.0,0.6150621292158668
6.0,55.0,1.4785019409738815
3.0,104.0,2.141463766002562
0.0,2.0,0.02122254331331488
3.0,6.0,8.59304166175712
0.0,5.0,3.92666602993176
3.0,11.0,2.8830334944782843
2.0,13.0,1.9825099183790973
3.0,11.0,1.1162346949623803
13.0,71.0,5.366335713568942
8.0,22.0,0.9125177760032748
4.0,27.0,0.6150621292158668
11.0,55.0,1.4785019409738815
28.0,104.0,2.141463766002562
1.0,2.0,0.02122254331331488
1.0,6.0,8.59304166175712
2.0,5.0,3.92666602993176
5.0,11.0,2.8830334944782843
4.0,13.0,1.9825099183790973
6.0,11.0,1.1162346949623803
22.0,71.0,5.366335713568942
6.0,22.0,0.9125177760032748
6.0,27.0,0.6150621292158668
15.0,55.0,1.4785019409738815
29.0,104.0,2.141463766002562
0.0,2.0,0.02122254331331488
2.0,6.0,8.59304166175712
3.0,5.0,3.92666602993176
4.0,11.0,2.8830334944782843
6.0,13.0,1.9825099183790973
4.0,11.0,1.1162346949623803
32.0,71.0,5.366335713568942
8.0,22.0,0.9125177760032748
12.0,27.0,0.6150621292158668
21.0,55.0,1.4785019409738815
40.0,104.0,2.141463766002562
1.0,2.0,0.02122254331331488
6.0,6.0,8.59304166175712
4.0,5.0,3.92666602993176
4.0,11.0,2.8830334944782843
7.0,13.0,1.9825099183790973
6.0,11.0,1.1162346949623803
32.0,71.0,5.366335713568942
10.0,22.0,0.9125177760032748
8.0,27.0,0.6150621292158668
32.0,55.0,1.4785019409738815
61.0,104.0,2.141463766002562
0.0,2.0,0.02122254331331488
2.0,6.0,8.59304166175712
4.0,5.0,3.92666602993176
7.0,11.0,2.8830334944782843
10.0,13.0,1.9825099183790973
3.0,11.0,1.1162346949623803
39.0,71.0,5.366335713568942
17.0,22.0,0.9125177760032748
18.0,27.0,0.6150621292158668
39.0,55.0,1.4785019409738815
61.0,104.0,2.141463766002562
1.0,2.0,0.02122254331331488
5.0,6.0,8.59304166175712
4.0,5.0,3.92666602993176
7.0,11.0,2.8830334944782843
6.0,13.0,1.9825099183790973
9.0,11.0,1.1162346949623803
45.0,71.0,5.366335713568942
18.0,22.0,0.9125177760032748
16.0,27.0,0.6150621292158668
32.0,55.0,1.4785019409738815
65.0,104.0,2.141463766002562
1.0,2.0,0.02122254331331488
5.0,6.0,8.59304166175712
5.0,5.0,3.92666602993176
6.0,11.0,2.8830334944782843
11.0,13.0,1.9825099183790973
7.0,11.0,1.1162346949623803
58.0,71.0,5.366335713568942
20.0,22.0,0.9125177760032748
23.0,27.0,0.6150621292158668
44.0,55.0,1.4785019409738815
81.0,104.0,2.141463766002562
2.0,2.0,0.02122254331331488
4.0,6.0,8.59304166175712
5.0,5.0,3.92666602993176
10.0,11.0,2.8830334944782843
10.0,13.0,1.9825099183790973
10.0,11.0,1.1162346949623803
66.0,71.0,5.366335713568942
22.0,22.0,0.9125177760032748
24.0,27.0,0.6150621292158668
48.0,55.0,1.4785019409738815
97.0,104.0,2.141463766002562
1.0,2.0,0.02122254331331488
3.0,9.0,11.507953506939474
0.0,4.0,3.204438618485184
1.0,8.0,2.025314433324184
1.0,12.0,2.1433781320212035
1.0,24.0,2.6578866075695426
1.0,6.0,0.5724828243478813
0.0,6.0,0.22220027219752583
2.0,22.0,2.096626786748498
10.0,95.0,4.642546702921609
1.0,16.0,0.41898642402221464
4.0,33.0,0.8528086663545357
2.0,9.0,11.507953506939474
1.0,4.0,3.204438618485184
2.0,8.0,2.025314433324184
4.0,12.0,2.1433781320212035
5.0,24.0,2.6578866075695426
1.0,6.0,0.5724828243478813
3.0,6.0,0.22220027219752583
8.0,22.0,2.096626786748498
18.0,95.0,4.642546702921609
3.0,16.0,0.41898642402221464
9.0,33.0,0.8528086663545357
4.0,9.0,11.507953506939474
1.0,4.0,3.204438618485184
2.0,8.0,2.025314433324184
8.0,12.0,2.1433781320212035
3.0,24.0,2.6578866075695426
1.0,6.0,0.5724828243478813
3.0,6.0,0.22220027219752583
6.0,22.0,2.096626786748498
35.0,95.0,4.642546702921609
5.0,16.0,0.41898642402221464
10.0,33.0,0.8528086663545357
3.0,9.0,11.507953506939474
0.0,4.0,3.204438618485184
5.0,8.0,2.025314433324184
4.0,12.0,2.1433781320212035
7.0,24.0,2.6578866075695426
4.0,6.0,0.5724828243478813
1.0,6.0,0.22220027219752583
9.0,22.0,2.096626786748498
44.0,95.0,4.642546702921609
5.0,16.0,0.41898642402221464
14.0,33.0,0.8528086663545357
5.0,9.0,11.507953506939474
2.0,4.0,3.204438618485184
5.0,8.0,2.025314433324184
8.0,12.0,2.1433781320212035
13.0,24.0,2.6578866075695426
5.0,6.0,0.5724828243478813
4.0,6.0,0.22220027219752583
5.0,22.0,2.096626786748498
54.0,95.0,4.642546702921609
13.0,16.0,0.41898642402221464
17.0,33.0,0.8528086663545357
2.0,9.0,11.507953506939474
2.0,4.0,3.204438618485184
7.0,8.0,2.025314433324184
5.0,12.0,2.1433781320212035
20.0,24.0,2.6578866075695426
5.0,6.0,0.5724828243478813
4.0,6.0,0.22220027219752583
12.0,22.0,2.096626786748498
60.0,95.0,4.642546702921609
8.0,16.0,0.41898642402221464
19.0,33.0,0.8528086663545357
6.0,9.0,11.507953506939474
4.0,4.0,3.204438618485184
6.0,8.0,2.025314433324184
10.0,12.0,2.1433781320212035
15.0,24.0,2.6578866075695426
3.0,6.0,0.5724828243478813
6.0,6.0,0.22220027219752583
16.0,22.0,2.096626786748498
63.0,95.0,4.642546702921609
15.0,16.0,0.41898642402221464
23.0,33.0,0.8528086663545357
7.0,9.0,11.507953506939474
3.0,4.0,3.204438618485184
4.0,8.0,2.025314433324184
8.0,12.0,2.1433781320212035
18.0,24.0,2.6578866075695426
5.0,6.0,0.5724828243478813
6.0,6.0,0.22220027219752583
18.0,22.0,2.096626786748498
80.0,95.0,4.642546702921609
14.0,16.0,0.41898642402221464
30.0,33.0,0.8528086663545357
9.0,9.0,11.507953506939474
4.0,4.0,3.204438618485184
8.0,8.0,2.025314433324184
12.0,12.0,2.1433781320212035
23.0,24.0,2.6578866075695426
6.0,6.0,0.5724828243478813
6.0,6.0,0.22220027219752583
18.0,22.0,2.096626786748498
91.0,95.0,4.642546702921609
13.0,16.0,0.41898642402221464
31.0,33.0,0.8528086663545357
1.0,3.0,8.172295687693282
0.0,5.0,6.05626681202619
0.0,3.0,0.8993816535749559
0.0,5.0,2.57451834786401
6.0,47.0,7.056653346462052
1.0,6.0,0.37267607795363866
5.0,37.0,1.8584410892697325
5.0,48.0,2.0310967357149567
1.0,55.0,1.3920507577730015
4.0,38.0,0.913495877361408
2.0,23.0,0.6091279481019656
1.0,3.0,8.172295687693282
1.0,5.0,6.05626681202619
1.0,3.0,0.8993816535749559
3.0,5.0,2.57451834786401
10.0,47.0,7.056653346462052
0.0,6.0,0.37267607795363866
5.0,37.0,1.8584410892697325
10.0,48.0,2.0310967357149567
17.0,55.0,1.3920507577730015
13.0,38.0,0.913495877361408
4.0,23.0,0.6091279481019656
1.0,3.0,8.172295687693282
1.0,5.0,6.05626681202619
1.0,3.0,0.8993816535749559
1.0,5.0,2.57451834786401
15.0,47.0,7.056653346462052
1.0,6.0,0.37267607795363866
12.0,37.0,1.8584410892697325
14.0,48.0,2.0310967357149567
18.0,55.0,1.3920507577730015
12.0,38.0,0.913495877361408
6.0,23.0,0.6091279481019656
1.0,3.0,8.172295687693282
1.0,5.0,6.05626681202619
2.0,3.0,0.8993816535749559
1.0,5.0,2.57451834786401
22.0,47.0,7.056653346462052
4.0,6.0,0.37267607795363866
15.0,37.0,1.8584410892697325
20.0,48.0,2.0310967357149567
23.0,55.0,1.3920507577730015
16.0,38.0,0.913495877361408
13.0,23.0,0.6091279481019656
2.0,3.0,8.172295687693282
2.0,5.0,6.05626681202619
2.0,3.0,0.8993816535749559
3.0,5.0,2.57451834786401
22.0,47.0,7.056653346462052
3.0,6.0,0.37267607795363866
12.0,37.0,1.8584410892697325
30.0,48.0,2.0310967357149567
21.0,55.0,1.3920507577730015
24.0,38.0,0.913495877361408
12.0,23.0,0.6091279481019656
1.0,3.0,8.172295687693282
4.0,5.0,6.05626681202619
1.0,3.0,0.8993816535749559
4.0,5.0,2.57451834786401
26.0,47.0,7.056653346462052
2.0,6.0,0.37267607795363866
21.0,37.0,1.8584410892697325
30.0,48.0,2.0310967357149567
31.0,55.0,1.3920507577730015
22.0,38.0,0.913495877361408
15.0,23.0,0.6091279481019656
2.0,3.0,8.172295687693282
4.0,5.0,6.05626681202619
3.0,3.0,0.8993816535749559
3.0,5.0,2.57451834786401
37.0,47.0,7.056653346462052
5.0,6.0,0.37267607795363866
24.0,37.0,1.8584410892697325
28.0,48.0,2.0310967357149567
39.0,55.0,1.3920507577730015
29.0,38.0,0.913495877361408
19.0,23.0,0.6091279481019656
2.0,3.0,8.172295687693282
4.0,5.0,6.05626681202619
3.0,3.0,0.8993816535749559
5.0,5.0,2.57451834786401
36.0,47.0,7.056653346462052
3.0,6.0,0.37267607795363866
25.0,37.0,1.8584410892697325
38.0,48.0,2.0310967357149567
39.0,55.0,1.3920507577730015
31.0,38.0,0.913495877361408
17.0,23.0,0.6091279481019656
3.0,3.0,8.172295687693282
5.0,5.0,6.05626681202619
3.0,3.0,0.8993816535749559
5.0,5.0,2.57451834786401
45.0,47.0,7.056653346462052
6.0,6.0,0.37267607795363866
32.0,37.0,1.8584410892697325
43.0,48.0,2.0310967357149567
50.0,55.0,1.3920507577730015
36.0,38.0,0.913495877361408
22.0,23.0,0.6091279481019656
1.0,3.0,6.0104761930667765
1.0,7.0,6.762436923473629
3.0,12.0,4.732960568766218
1.0,9.0,1.1698886491680187
0.0,24.0,2.3895271572479224
4.0,31.0,2.636462094111932
1.0,9.0,0.6013044143623778
4.0,30.0,1.6302246698590355
6.0,52.0,1.8748807043993763
1.0,27.0,0.8110193572697746
1.0,42.0,1.4342554735137796
1.0,3.0,6.0104761930667765
2.0,7.0,6.762436923473629
5.0,12.0,4.732960568766218
1.0,9.0,1.1698886491680187
6.0,24.0,2.3895271572479224
8.0,31.0,2.636462094111932
2.0,9.0,0.6013044143623778
7.0,30.0,1.6302246698590355
13.0,52.0,1.8748807043993763
7.0,27.0,0.8110193572697746
7.0,42.0,1.4342554735137796
1.0,3.0,6.0104761930667765
1.0,7.0,6.762436923473629
4.0,12.0,4.732960568766218
2.0,9.0,1.1698886491680187
4.0,24.0,2.3895271572479224
9.0,31.0,2.636462094111932
1.0,9.0,0.6013044143623778
8.0,30.0,1.6302246698590355
13.0,52.0,1.8748807043993763
8.0,27.0,0.8110193572697746
14.0,42.0,1.4342554735137796
2.0,3.0,6.0104761930667765
3.0,7.0,6.762436923473629
5.0,12.0,4.732960568766218
5.0,9.0,1.1698886491680187
8.0,24.0,2.3895271572479224
10.0,31.0,2.636462094111932
3.0,9.0,0.6013044143623778
14.0,30.0,1.6302246698590355
22.0,52.0,1.8748807043993763
11.0,27.0,0.8110193572697746
15.0,42.0,1.4342554735137796
3.0,3.0,6.0104761930667765
6.0,7.0,6.762436923473629
6.0,12.0,4.732960568766218
5.0,9.0,1.1698886491680187
13.0,24.0,2.3895271572479224
16.0,31.0,2.636462094111932
8.0,9.0,0.6013044143623778
19.0,30.0,1.6302246698590355
24.0,52.0,1.8748807043993763
14.0,27.0,0.8110193572697746
21.0,42.0,1.4342554735137796
3.0,3.0,6.0104761930667765
5.0,7.0,6.762436923473629
7.0,12.0,4.732960568766218
6.0,9.0,1.1698886491680187
15.0,24.0,2.3895271572479224
12.0,31.0,2.636462094111932
4.0,9.0,0.6013044143623778
20.0,30.0,1.6302246698590355
28.0,52.0,1.8748807043993763
17.0,27.0,0.8110193572697746
19.0,42.0,1.4342554735137796
2.0,3.0,6.0104761930667765
5.0,7.0,6.762436923473629
6.0,12.0,4.732960568766218
8.0,9.0,1.1698886491680187
17.0,24.0,2.3895271572479224
20.0,31.0,2.636462094111932
5.0,9.0,0.6013044143623778
23.0,30.0,1.6302246698590355
32.0,52.0,1.8748807043993763
20.0,27.0,0.8110193572697746
29.0,42.0,1.4342554735137796
3.0,3.0,6.0104761930667765
6.0,7.0,6.762436923473629
9.0,12.0,4.732960568766218
6.0,9.0,1.1698886491680187
18.0,24.0,2.3895271572479224
24.0,31.0,2.636462094111932
8.0,9.0,0.6013044143623778
23.0,30.0,1.6302246698590355
40.0,52.0,1.8748807043993763
22.0,27.0,0.8110193572697746
36.0,42.0,1.4342554735137796
3.0,3.0,6.0104761930667765
6.0,7.0,6.762436923473629
11.0,12.0,4.732960568766218
8.0,9.0,1.1698886491680187
21.0,24.0,2.3895271572479224
28.0,31.0,2.636462094111932
7.0,9.0,0.6013044143623778
28.0,30.0,1.6302246698590355
45.0,52.0,1.8748807043993763
27.0,27.0,0.8110193572697746
38.0,42.0,1.4342554735137796
1.0,5.0,5.160848587209737
0.0,6.0,2.187683876563137
1.0,8.0,1.6612176589594252
0.0,1.0,0.30084730514971936
4.0,27.0,3.642644934727529
4.0,30.0,3.0290395493184588
6.0,58.0,2.646455412748687
13.0,91.0,2.157594949993133
3.0,45.0,0.7105859425302741
7.0,73.0,1.2132541300004203
1.0,41.0,0.6494994970165209
2.0,5.0,5.160848587209737
1.0,6.0,2.187683876563137
2.0,8.0,1.6612176589594252
0.0,1.0,0.30084730514971936
7.0,27.0,3.642644934727529
3.0,30.0,3.0290395493184588
8.0,58.0,2.646455412748687
15.0,91.0,2.157594949993133
7.0,45.0,0.7105859425302741
15.0,73.0,1.2132541300004203
8.0,41.0,0.6494994970165209
2.0,5.0,5.160848587209737
1.0,6.0,2.187683876563137
2.0,8.0,1.6612176589594252
0.0,1.0,0.30084730514971936
12.0,27.0,3.642644934727529
6.0,30.0,3.0290395493184588
14.0,58.0,2.646455412748687
26.0,91.0,2.157594949993133
15.0,45.0,0.7105859425302741
24.0,73.0,1.2132541300004203
22.0,41.0,0.6494994970165209
3.0,5.0,5.160848587209737
2.0,6.0,2.187683876563137
2.0,8.0,1.6612176589594252
1.0,1.0,0.30084730514971936
9.0,27.0,3.642644934727529
8.0,30.0,3.0290395493184588
19.0,58.0,2.646455412748687
28.0,91.0,2.157594949993133
20.0,45.0,0.7105859425302741
31.0,73.0,1.2132541300004203
20.0,41.0,0.6494994970165209
1.0,5.0,5.160848587209737
2.0,6.0,2.187683876563137
4.0,8.0,1.6612176589594252
1.0,1.0,0.30084730514971936
10.0,27.0,3.642644934727529
14.0,30.0,3.0290395493184588
23.0,58.0,2.646455412748687
57.0,91.0,2.157594949993133
28.0,45.0,0.7105859425302741
33.0,73.0,1.2132541300004203
26.0,41.0,0.6494994970165209
4.0,5.0,5.160848587209737
3.0,6.0,2.187683876563137
4.0,8.0,1.6612176589594252
1.0,1.0,0.30084730514971936
16.0,27.0,3.642644934727529
18.0,30.0,3.0290395493184588
30.0,58.0,2.646455412748687
54.0,91.0,2.157594949993133
24.0,45.0,0.7105859425302741
46.0,73.0,1.2132541300004203
28.0,41.0,0.6494994970165209
5.0,5.0,5.160848587209737
3.0,6.0,2.187683876563137
6.0,8.0,1.6612176589594252
1.0,1.0,0.30084730514971936
16.0,27.0,3.642644934727529
21.0,30.0,3.0290395493184588
41.0,58.0,2.646455412748687
66.0,91.0,2.157594949993133
33.0,45.0,0.7105859425302741
50.0,73.0,1.2132541300004203
32.0,41.0,0.6494994970165209
4.0,5.0,5.160848587209737
5.0,6.0,2.187683876563137
8.0,8.0,1.6612176589594252
1.0,1.0,0.30084730514971936
22.0,27.0,3.642644934727529
27.0,30.0,3.0290395493184588
42.0,58.0,2.646455412748687
76.0,91.0,2.157594949993133
33.0,45.0,0.7105859425302741
64.0,73.0,1.2132541300004203
32.0,41.0,0.6494994970165209
3.0,5.0,5.160848587209737
5.0,6.0,2.187683876563137
7.0,8.0,1.6612176589594252
1.0,1.0,0.30084730514971936
25.0,27.0,3.642644934727529
29.0,30.0,3.0290395493184588
54.0,58.0,2.646455412748687
81.0,91.0,2.157594949993133
37.0,45.0,0.7105859425302741
62.0,73.0,1.2132541300004203
33.0,41.0,0.6494994970165209
1.0,3.0,2.4058706106942536
1.0,4.0,1.8167599273100152
1.0,3.0,0.6417995922050967
0.0,5.0,1.4971946859595202
1.0,22.0,4.176942259663282
4.0,48.0,4.666381787400794
3.0,15.0,0.42878092858802336
0.0,11.0,0.4331170885436155
1.0,9.0,0.2513573262193319
9.0,76.0,3.2589157026631543
3.0,29.0,1.0468066149533817
1.0,3.0,2.4058706106942536
1.0,4.0,1.8167599273100152
3.0,3.0,0.6417995922050967
1.0,5.0,1.4971946859595202
3.0,22.0,4.176942259663282
9.0,48.0,4.666381787400794
0.0,15.0,0.42878092858802336
2.0,11.0,0.4331170885436155
1.0,9.0,0.2513573262193319
14.0,76.0,3.2589157026631543
5.0,29.0,1.0468066149533817
1.0,3.0,2.4058706106942536
2.0,4.0,1.8167599273100152
1.0,3.0,0.6417995922050967
2.0,5.0,1.4971946859595202
7.0,22.0,4.176942259663282
14.0,48.0,4.666381787400794
6.0,15.0,0.42878092858802336
3.0,11.0,0.4331170885436155
3.0,9.0,0.2513573262193319
25.0,76.0,3.2589157026631543
11.0,29.0,1.0468066149533817
1.0,3.0,2.4058706106942536
1.0,4.0,1.8167599273100152
2.0,3.0,0.6417995922050967
2.0,5.0,1.4971946859595202
6.0,22.0,4.176942259663282
17.0,48.0,4.666381787400794
6.0,15.0,0.42878092858802336
6.0,11.0,0.4331170885436155
2.0,9.0,0.2513573262193319
28.0,76.0,3.2589157026631543
15.0,29.0,1.0468066149533817
2.0,3.0,2.4058706106942536
2.0,4.0,1.8167599273100152
2.0,3.0,0.6417995922050967
3.0,5.0,1.4971946859595202
9.0,22.0,4.176942259663282
25.0,48.0,4.666381787400794
5.0,15.0,0.42878092858802336
9.0,11.0,0.4331170885436155
5.0,9.0,0.2513573262193319
38.0,76.0,3.2589157026631543
12.0,29.0,1.0468066149533817
2.0,3.0,2.4058706106942536
3.0,4.0,1.8167599273100152
2.0,3.0,0.6417995922050967
4.0,5.0,1.4971946859595202
18.0,22.0,4.176942259663282
37.0,48.0,4.666381787400794
11.0,15.0,0.42878092858802336
6.0,11.0,0.4331170885436155
5.0,9.0,0.2513573262193319
51.0,76.0,3.2589157026631543
18.0,29.0,1.0468066149533817
2.0,3.0,2.4058706106942536
4.0,4.0,1.8167599273100152
3.0,3.0,0.6417995922050967
3.0,5.0,1.4971946859595202
19.0,22.0,4.176942259663282
35.0,48.0,4.666381787400794
11.0,15.0,0.42878092858802336
5.0,11.0,0.4331170885436155
4.0,9.0,0.2513573262193319
53.0,76.0,3.2589157026631543
23.0,29.0,1.0468066149533817
3.0,3.0,2.4058706106942536
2.0,4.0,1.8167599273100152
1.0,3.0,0.6417995922050967
4.0,5.0,1.4971946859595202
15.0,22.0,4.176942259663282
38.0,48.0,4.666381787400794
13.0,15.0,0.42878092858802336
10.0,11.0,0.4331170885436155
8.0,9.0,0.2513573262193319
62.0,76.0,3.2589157026631543
23.0,29.0,1.0468066149533817
2.0,3.0,2.4058706106942536
4.0,4.0,1.8167599273100152
2.0,3.0,0.6417995922050967
4.0,5.0,1.4971946859595202
20.0,22.0,4.176942259663282
46.0,48.0,4.666381787400794
15.0,15.0,0.42878092858802336
11.0,11.0,0.4331170885436155
9.0,9.0,0.2513573262193319
66.0,76.0,3.2589157026631543
26.0,29.0,1.0468066149533817
1.0,5.0,7.2678636852337055
2.0,13.0,6.3291653908103935
0.0,2.0,0.5834284193199315
1.0,11.0,1.5938144892240718
2.0,41.0,3.217408131749918
0.0,3.0,0.127960347805935
3.0,34.0,1.8349908025755186
2.0,17.0,0.6752326649003685
2.0,15.0,0.7428458999098327
5.0,42.0,2.217196093773163
2.0,10.0,0.24895088512288602
1.0,5.0,7.2678636852337055
5.0,13.0,6.3291653908103935
1.0,2.0,0.5834284193199315
4.0,11.0,1.5938144892240718
9.0,41.0,3.217408131749918
0.0,3.0,0.127960347805935
10.0,34.0,1.8349908025755186
5.0,17.0,0.6752326649003685
4.0,15.0,0.7428458999098327
13.0,42.0,2.217196093773163
2.0,10.0,0.24895088512288602
2.0,5.0,7.2678636852337055
2.0,13.0,6.3291653908103935
1.0,2.0,0.5834284193199315
2.0,11.0,1.5938144892240718
13.0,41.0,3.217408131749918
1.0,3.0,0.127960347805935
13.0,34.0,1.8349908025755186
7.0,17.0,0.6752326649003685
5.0,15.0,0.7428458999098327
9.0,42.0,2.217196093773163
3.0,10.0,0.24895088512288602
1.0,5.0,7.2678636852337055
3.0,13.0,6.3291653908103935
0.0,2.0,0.5834284193199315
2.0,11.0,1.5938144892240718
14.0,41.0,3.217408131749918
2.0,3.0,0.127960347805935
8.0,34.0,1.8349908025755186
9.0,17.0,0.6752326649003685
8.0,15.0,0.7428458999098327
16.0,42.0,2.217196093773163
3.0,10.0,0.24895088512288602
2.0,5.0,7.2678636852337055
8.0,13.0,6.3291653908103935
1.0,2.0,0.5834284193199315
5.0,11.0,1.5938144892240718
20.0,41.0,3.217408131749918
2.0,3.0,0.127960347805935
16.0,34.0,1.8349908025755186
4.0,17.0,0.6752326649003685
7.0,15.0,0.7428458999098327
18.0,42.0,2.217196093773163
5.0,10.0,0.24895088512288602
5.0,5.0,7.2678636852337055
9.0,13.0,6.3291653908103935
1.0,2.0,0.5834284193199315
4.0,11.0,1.5938144892240718
22.0,41.0,3.217408131749918
1.0,3.0,0.127960347805935
26.0,34.0,1.8349908025755186
11.0,17.0,0.6752326649003685
10.0,15.0,0.7428458999098327
21.0,42.0,2.217196093773163
3.0,10.0,0.24895088512288602
4.0,5.0,7.2678636852337055
11.0,13.0,6.3291653908103935
2.0,2.0,0.5834284193199315
10.0,11.0,1.5938144892240718
32.0,41.0,3.217408131749918
2.0,3.0,0.127960347805935
19.0,34.0,1.8349908025755186
11.0,17.0,0.6752326649003685
11.0,15.0,0.7428458999098327
26.0,42.0,2.217196093773163
8.0,10.0,0.24895088512288602
4.0,5.0,7.2678636852337055
12.0,13.0,6.3291653908103935
1.0,2.0,0.5834284193199315
7.0,11.0,1.5938144892240718
34.0,41.0,3.217408131749918
3.0,3.0,0.127960347805935
26.0,34.0,1.8349908025755186
14.0,17.0,0.6752326649003685
15.0,15.0,0.7428458999098327
32.0,42.0,2.217196093773163
8.0,10.0,0.24895088512288602
4.0,5.0,7.2678636852337055
12.0,13.0,6.3291653908103935
2.0,2.0,0.5834284193199315
9.0,11.0,1.5938144892240718
38.0,41.0,3.217408131749918
3.0,3.0,0.127960347805935
32.0,34.0,1.8349908025755186
14.0,17.0,0.6752326649003685
14.0,15.0,0.7428458999098327
38.0,42.0,2.217196093773163
9.0,10.0,0.24895088512288602
1.0,4.0,6.085065825098299
0.0,8.0,8.214408137602014
0.0,7.0,2.146499865972812
1.0,9.0,1.7817621976360858
2.0,29.0,3.726438111279667
2.0,23.0,1.4885730670997677
2.0,52.0,2.196550814719207
4.0,47.0,1.42265661434628
2.0,24.0,0.7579734504380637
3.0,33.0,0.8272799843550467
2.0,25.0,0.706898696368374
1.0,4.0,6.085065825098299
1.0,8.0,8.214408137602014
1.0,7.0,2.146499865972812
6.0,9.0,1.7817621976360858
4.0,29.0,3.726438111279667
5.0,23.0,1.4885730670997677
14.0,52.0,2.196550814719207
10.0,47.0,1.42265661434628
5.0,24.0,0.7579734504380637
5.0,33.0,0.8272799843550467
7.0,25.0,0.706898696368374
2.0,4.0,6.085065825098299
1.0,8.0,8.214408137602014
3.0,7.0,2.146499865972812
1.0,9.0,1.7817621976360858
10.0,29.0,3.726438111279667
5.0,23.0,1.4885730670997677
20.0,52.0,2.196550814719207
11.0,47.0,1.42265661434628
10.0,24.0,0.7579734504380637
8.0,33.0,0.8272799843550467
8.0,25.0,0.706898696368374
2.0,4.0,6.085065825098299
2.0,8.0,8.214408137602014
4.0,7.0,2.146499865972812
3.0,9.0,1.7817621976360858
11.0,29.0,3.726438111279667
11.0,23.0,1.4885730670997677
22.0,52.0,2.196550814719207
20.0,47.0,1.42265661434628
13.0,24.0,0.7579734504380637
16.0,33.0,0.8272799843550467
6.0,25.0,0.706898696368374
3.0,4.0,6.085065825098299
4.0,8.0,8.214408137602014
3.0,7.0,2.146499865972812
4.0,9.0,1.7817621976360858
13.0,29.0,3.726438111279667
11.0,23.0,1.4885730670997677
23.0,52.0,2.196550814719207
26.0,47.0,1.42265661434628
12.0,24.0,0.7579734504380637
17.0,33.0,0.8272799843550467
13.0,25.0,0.706898696368374
1.0,4.0,6.085065825098299
5.0,8.0,8.214408137602014
4.0,7.0,2.146499865972812
3.0,9.0,1.7817621976360858
14.0,29.0,3.726438111279667
12.0,23.0,1.4885730670997677
32.0,52.0,2.196550814719207
33.0,47.0,1.42265661434628
13.0,24.0,0.7579734504380637
19.0,33.0,0.8272799843550467
16.0,25.0,0.706898696368374
3.0,4.0,6.085065825098299
2.0,8.0,8.214408137602014
3.0,7.0,2.146499865972812
5.0,9.0,1.7817621976360858
24.0,29.0,3.726438111279667
17.0,23.0,1.4885730670997677
30.0,52.0,2.196550814719207
33.0,47.0,1.42265661434628
18.0,24.0,0.7579734504380637
25.0,33.0,0.8272799843550467
19.0,25.0,0.706898696368374
2.0,4.0,6.085065825098299
5.0,8.0,8.214408137602014
7.0,7.0,2.146499865972812
6.0,9.0,1.7817621976360858
24.0,29.0,3.726438111279667
21.0,23.0,1.4885730670997677
40.0,52.0,2.196550814719207
38.0,47.0,1.42265661434628
17.0,24.0,0.7579734504380637
28.0,33.0,0.8272799843550467
16.0,25.0,0.706898696368374
4.0,4.0,6.085065825098299
7.0,8.0,8.214408137602014
6.0,7.0,2.146499865972812
8.0,9.0,1.7817621976360858
28.0,29.0,3.726438111279667
19.0,23.0,1.4885730670997677
48.0,52.0,2.196550814719207
43.0,47.0,1.42265661434628
21.0,24.0,0.7579734504380637
28.0,33.0,0.8272799843550467
24.0,25.0,0.706898696368374
1.0,5.0,9.979622525231704
0.0,16.0,8.598111437131363
0.0,3.0,0.2603921376948582
1.0,4.0,0.21405585931662408
0.0,6.0,0.364219791350872
5.0,21.0,3.1841323477706673
3.0,10.0,0.6406692208831549
2.0,11.0,0.7728971352051844
3.0,43.0,2.9362459727110175
2.0,26.0,0.8863577655089057
0.0,9.0,0.4657353011670887
1.0,5.0,9.979622525231704
2.0,16.0,8.598111437131363
3.0,3.0,0.2603921376948582
1.0,4.0,0.21405585931662408
1.0,6.0,0.364219791350872
4.0,21.0,3.1841323477706673
2.0,10.0,0.6406692208831549
1.0,11.0,0.7728971352051844
10.0,43.0,2.9362459727110175
5.0,26.0,0.8863577655089057
2.0,9.0,0.4657353011670887
1.0,5.0,9.979622525231704
5.0,16.0,8.598111437131363
2.0,3.0,0.2603921376948582
2.0,4.0,0.21405585931662408
4.0,6.0,0.364219791350872
5.0,21.0,3.1841323477706673
3.0,10.0,0.6406692208831549
3.0,11.0,0.7728971352051844
19.0,43.0,2.9362459727110175
8.0,26.0,0.8863577655089057
4.0,9.0,0.4657353011670887
3.0,5.0,9.979622525231704
4.0,16.0,8.598111437131363
2.0,3.0,0.2603921376948582
1.0,4.0,0.21405585931662408
1.0,6.0,0.364219791350872
4.0,21.0,3.1841323477706673
6.0,10.0,0.6406692208831549
7.0,11.0,0.7728971352051844
15.0,43.0,2.9362459727110175
9.0,26.0,0.8863577655089057
1.0,9.0,0.4657353011670887
2.0,5.0,9.979622525231704
10.0,16.0,8.598111437131363
1.0,3.0,0.2603921376948582
2.0,4.0,0.21405585931662408
4.0,6.0,0.364219791350872
8.0,21.0,3.1841323477706673
6.0,10.0,0.6406692208831549
5.0,11.0,0.7728971352051844
19.0,43.0,2.9362459727110175
11.0,26.0,0.8863577655089057
5.0,9.0,0.4657353011670887
4.0,5.0,9.979622525231704
5.0,16.0,8.598111437131363
2.0,3.0,0.2603921376948582
2.0,4.0,0.21405585931662408
2.0,6.0,0.364219791350872
13.0,21.0,3.1841323477706673
6.0,10.0,0.6406692208831549
5.0,11.0,0.7728971352051844
23.0,43.0,2.9362459727110175
14.0,26.0,0.8863577655089057
7.0,9.0,0.4657353011670887
3.0,5.0,9.979622525231704
14.0,16.0,8.598111437131363
3.0,3.0,0.2603921376948582
4.0,4.0,0.21405585931662408
5.0,6.0,0.364219791350872
17.0,21.0,3.1841323477706673
7.0,10.0,0.6406692208831549
8.0,11.0,0.7728971352051844
32.0,43.0,2.9362459727110175
15.0,26.0,0.8863577655089057
7.0,9.0,0.4657353011670887
2.0,5.0,9.979622525231704
13.0,16.0,8.598111437131363
2.0,3.0,0.2603921376948582
3.0,4.0,0.21405585931662408
5.0,6.0,0.364219791350872
14.0,21.0,3.1841323477706673
7.0,10.0,0.6406692208831549
8.0,11.0,0.7728971352051844
33.0,43.0,2.9362459727110175
24.0,26.0,0.8863577655089057
8.0,9.0,0.4657353011670887
4.0,5.0,9.979622525231704
16.0,16.0,8.598111437131363
3.0,3.0,0.2603921376948582
4.0,4.0,0.21405585931662408
6.0,6.0,0.364219791350872
20.0,21.0,3.1841323477706673
9.0,10.0,0.6406692208831549
10.0,11.0,0.7728971352051844
35.0,43.0,2.9362459727110175
21.0,26.0,0.8863577655089057
8.0,9.0,0.4657353011670887
1.0,3.0,1.8957561915353014
0.0,3.0,1.8016673904138754
1.0,11.0,3.917478760428019
11.0,101.0,12.055877396343563
0.0,15.0,0.4078706948502572
1.0,4.0,0.0762659149944282
5.0,46.0,1.582019494490093
0.0,29.0,1.0129929209417745
2.0,23.0,1.122208225143808
1.0,11.0,0.5565253671915604
1.0,13.0,0.8009698003468871
1.0,3.0,1.8957561915353014
1.0,3.0,1.8016673904138754
4.0,11.0,3.917478760428019
13.0,101.0,12.055877396343563
2.0,15.0,0.4078706948502572
0.0,4.0,0.0762659149944282
10.0,46.0,1.582019494490093
8.0,29.0,1.0129929209417745
7.0,23.0,1.122208225143808
4.0,11.0,0.5565253671915604
3.0,13.0,0.8009698003468871
1.0,3.0,1.8957561915353014
2.0,3.0,1.8016673904138754
2.0,11.0,3.917478760428019
38.0,101.0,12.055877396343563
5.0,15.0,0.4078706948502572
1.0,4.0,0.0762659149944282
14.0,46.0,1.582019494490093
12.0,29.0,1.0129929209417745
8.0,23.0,1.122208225143808
6.0,11.0,0.5565253671915604
2.0,13.0,0.8009698003468871
1.0,3.0,1.8957561915353014
2.0,3.0,1.8016673904138754
3.0,11.0,3.917478760428019
40.0,101.0,12.055877396343563
7.0,15.0,0.4078706948502572
1.0,4.0,0.0762659149944282
20.0,46.0,1.582019494490093
7.0,29.0,1.0129929209417745
8.0,23.0,1.122208225143808
6.0,11.0,0.5565253671915604
4.0,13.0,0.8009698003468871
1.0,3.0,1.8957561915353014
2.0,3.0,1.8016673904138754
6.0,11.0,3.917478760428019
53.0,101.0,12.055877396343563
11.0,15.0,0.4078706948502572
1.0,4.0,0.0762659149944282
20.0,46.0,1.582019494490093
16.0,29.0,1.0129929209417745
11.0,23.0,1.122208225143808
8.0,11.0,0.5565253671915604
7.0,13.0,0.8009698003468871
3.0,3.0,1.8957561915353014
1.0,3.0,1.8016673904138754
9.0,11.0,3.917478760428019
58.0,101.0,12.055877396343563
9.0,15.0,0.4078706948502572
4.0,4.0,0.0762659149944282
27.0,46.0,1.582019494490093
16.0,29.0,1.0129929209417745
14.0,23.0,1.122208225143808
6.0,11.0,0.5565253671915604
7.0,13.0,0.8009698003468871
2.0,3.0,1.8957561915353014
3.0,3.0,1.8016673904138754
7.0,11.0,3.917478760428019
75.0,101.0,12.055877396343563
9.0,15.0,0.4078706948502572
3.0,4.0,0.0762659149944282
33.0,46.0,1.582019494490093
19.0,29.0,1.0129929209417745
15.0,23.0,1.122208225143808
7.0,11.0,0.5565253671915604
11.0,13.0,0.8009698003468871
3.0,3.0,1.8957561915353014
2.0,3.0,1.8016673904138754
9.0,11.0,3.917478760428019
84.0,101.0,12.055877396343563
10.0,15.0,0.4078706948502572
3.0,4.0,0.0762659149944282
39.0,46.0,1.582019494490093
24.0,29.0,1.0129929209417745
15.0,23.0,1.122208225143808
9.0,11.0,0.5565253671915604
13.0,13.0,0.8009698003468871
2.0,3.0,1.8957561915353014
3.0,3.0,1.8016673904138754
9.0,11.0,3.917478760428019
92.0,101.0,12.055877396343563
10.0,15.0,0.4078706948502572
3.0,4.0,0.0762659149944282
39.0,46.0,1.582019494490093
28.0,29.0,1.0129929209417745
19.0,23.0,1.122208225143808
11.0,11.0,0.5565253671915604
12.0,13.0,0.8009698003468871
1.0,4.0,5.251857078702805
1.0,8.0,5.083770069455633
2.0,4.0,1.3420174395679751
3.0,19.0,2.6821221487615916
1.0,9.0,0.8950551238475026
1.0,9.0,1.0428883261133355
4.0,48.0,4.354372237212236
1.0,31.0,1.7860547882143134
4.0,38.0,1.7004995673396701
4.0,44.0,1.1389318447057017
0.0,6.0,0.1009473999109505
1.0,4.0,5.251857078702805
2.0,8.0,5.083770069455633
0.0,4.0,1.3420174395679751
6.0,19.0,2.6821221487615916
1.0,9.0,0.8950551238475026
4.0,9.0,1.0428883261133355
9.0,48.0,4.354372237212236
7.0,31.0,1.7860547882143134
8.0,38.0,1.7004995673396701
12.0,44.0,1.1389318447057017
0.0,6.0,0.1009473999109505
1.0,4.0,5.251857078702805
1.0,8.0,5.083770069455633
1.0,4.0,1.3420174395679751
9.0,19.0,2.6821221487615916
2.0,9.0,0.8950551238475026
1.0,9.0,1.0428883261133355
6.0,48.0,4.354372237212236
8.0,31.0,1.7860547882143134
11.0,38.0,1.7004995673396701
12.0,44.0,1.1389318447057017
2.0,6.0,0.1009473999109505
2.0,4.0,5.251857078702805
4.0,8.0,5.083770069455633
0.0,4.0,1.3420174395679751
11.0,19.0,2.6821221487615916
2.0,9.0,0.8950551238475026
5.0,9.0,1.0428883261133355
19.0,48.0,4.354372237212236
9.0,31.0,1.7860547882143134
17.0,38.0,1.7004995673396701
19.0,44.0,1.1389318447057017
1.0,6.0,0.1009473999109505
3.0,4.0,5.251857078702805
4.0,8.0,5.083770069455633
1.0,4.0,1.3420174395679751
9.0,19.0,2.6821221487615916
4.0,9.0,0.8950551238475026
3.0,9.0,1.0428883261133355
26.0,48.0,4.354372237212236
16.0,31.0,1.7860547882143134
18.0,38.0,1.7004995673396701
23.0,44.0,1.1389318447057017
2.0,6.0,0.1009473999109505
4.0,4.0,5.251857078702805
6.0,8.0,5.083770069455633
4.0,4.0,1.3420174395679751
12.0,19.0,2.6821221487615916
5.0,9.0,0.8950551238475026
4.0,9.0,1.0428883261133355
37.0,48.0,4.354372237212236
14.0,31.0,1.7860547882143134
27.0,38.0,1.7004995673396701
31.0,44.0,1.1389318447057017
5.0,6.0,0.1009473999109505
4.0,4.0,5.251857078702805
4.0,8.0,5.083770069455633
2.0,4.0,1.3420174395679751
15.0,19.0,2.6821221487615916
7.0,9.0,0.8950551238475026
5.0,9.0,1.0428883261133355
38.0,48.0,4.354372237212236
20.0,31.0,1.7860547882143134
28.0,38.0,1.7004995673396701
30.0,44.0,1.1389318447057017
4.0,6.0,0.1009473999109505
4.0,4.0,5.251857078702805
3.0,8.0,5.083770069455633
3.0,4.0,1.3420174395679751
14.0,19.0,2.6821221487615916
8.0,9.0,0.8950551238475026
7.0,9.0,1.0428883261133355
38.0,48.0,4.354372237212236
24.0,31.0,1.7860547882143134
31.0,38.0,1.7004995673396701
32.0,44.0,1.1389318447057017
3.0,6.0,0.1009473999109505
4.0,4.0,5.251857078702805
8.0,8.0,5.083770069455633
3.0,4.0,1.3420174395679751
17.0,19.0,2.6821221487615916
6.0,9.0,0.8950551238475026
7.0,9.0,1.0428883261133355
44.0,48.0,4.354372237212236
26.0,31.0,1.7860547882143134
32.0,38.0,1.7004995673396701
39.0,44.0,1.1389318447057017
6.0,6.0,0.1009473999109505
1.0,5.0,10.613977128835268
1.0,5.0,5.1226801886834705
6.0,17.0,3.548479768521997
1.0,19.0,2.920752308787552
9.0,73.0,5.6280801339373205
4.0,30.0,0.9778359001331354
5.0,37.0,1.1285149301230115
8.0,76.0,1.7172348372401383
6.0,53.0,1.0173541182690145
3.0,44.0,0.8581764990072693
3.0,31.0,0.665689700346991
1.0,5.0,10.613977128835268
0.0,5.0,5.1226801886834705
2.0,17.0,3.548479768521997
5.0,19.0,2.920752308787552
17.0,73.0,5.6280801339373205
5.0,30.0,0.9778359001331354
7.0,37.0,1.1285149301230115
15.0,76.0,1.7172348372401383
14.0,53.0,1.0173541182690145
6.0,44.0,0.8581764990072693
10.0,31.0,0.665689700346991
1.0,5.0,10.613977128835268
3.0,5.0,5.1226801886834705
5.0,17.0,3.548479768521997
9.0,19.0,2.920752308787552
23.0,73.0,5.6280801339373205
5.0,30.0,0.9778359001331354
5.0,37.0,1.1285149301230115
15.0,76.0,1.7172348372401383
17.0,53.0,1.0173541182690145
12.0,44.0,0.8581764990072693
11.0,31.0,0.665689700346991
1.0,5.0,10.613977128835268
3.0,5.0,5.1226801886834705
9.0,17.0,3.548479768521997
10.0,19.0,2.920752308787552
35.0,73.0,5.6280801339373205
16.0,30.0,0.9778359001331354
16.0,37.0,1.1285149301230115
26.0,76.0,1.7172348372401383
23.0,53.0,1.0173541182690145
16.0,44.0,0.8581764990072693
11.0,31.0,0.665689700346991
2.0,5.0,10.613977128835268
1.0,5.0,5.1226801886834705
9.0,17.0,3.548479768521997
8.0,19.0,2.920752308787552
38.0,73.0,5.6280801339373205
12.0,30.0,0.9778359001331354
16.0,37.0,1.1285149301230115
43.0,76.0,1.7172348372401383
24.0,53.0,1.0173541182690145
26.0,44.0,0.8581764990072693
13.0,31.0,0.665689700346991
2.0,5.0,10.613977128835268
4.0,5.0,5.1226801886834705
12.0,17.0,3.548479768521997
12.0,19.0,2.920752308787552
38.0,73.0,5.6280801339373205
21.0,30.0,0.9778359001331354
23.0,37.0,1.1285149301230115
41.0,76.0,1.7172348372401383
34.0,53.0,1.0173541182690145
20.0,44.0,0.8581764990072693
20.0,31.0,0.665689700346991
4.0,5.0,10.613977128835268
4.0,5.0,5.1226801886834705
10.0,17.0,3.548479768521997
14.0,19.0,2.920752308787552
49.0,73.0,5.6280801339373205
20.0,30.0,0.9778359001331354
28.0,37.0,1.1285149301230115
57.0,76.0,1.7172348372401383
41.0,53.0,1.0173541182690145
32.0,44.0,0.8581764990072693
24.0,31.0,0.665689700346991
3.0,5.0,10.613977128835268
3.0,5.0,5.1226801886834705
15.0,17.0,3.548479768521997
16.0,19.0,2.920752308787552
62.0,73.0,5.6280801339373205
21.0,30.0,0.9778359001331354
27.0,37.0,1.1285149301230115
59.0,76.0,1.7172348372401383
43.0,53.0,1.0173541182690145
35.0,44.0,0.8581764990072693
25.0,31.0,0.665689700346991
4.0,5.0,10.613977128835268
4.0,5.0,5.1226801886834705
15.0,17.0,3.548479768521997
16.0,19.0,2.920752308787552
66.0,73.0,5.6280801339373205
28.0,30.0,0.9778359001331354
33.0,37.0,1.1285149301230115
68.0,76.0,1.7172348372401383
46.0,53.0,1.0173541182690145
36.0,44.0,0.8581764990072693
30.0,31.0,0.665689700346991
1.0,3.0,4.181204400150267
0.0,2.0,0.9571654406387259
2.0,19.0,6.073331588504962
3.0,21.0,2.4558899845500877
1.0,5.0,0.7237667903167332
1.0,26.0,2.1578536202793748
4.0,62.0,3.588154130447041
2.0,21.0,0.7954520145279707
4.0,38.0,0.9469230154539301
3.0,62.0,2.0262215336997524
3.0,44.0,1.152192814493401
2.0,3.0,4.181204400150267
1.0,2.0,0.9571654406387259
2.0,19.0,6.073331588504962
2.0,21.0,2.4558899845500877
1.0,5.0,0.7237667903167332
5.0,26.0,2.1578536202793748
15.0,62.0,3.588154130447041
5.0,21.0,0.7954520145279707
8.0,38.0,0.9469230154539301
17.0,62.0,2.0262215336997524
8.0,44.0,1.152192814493401
2.0,3.0,4.181204400150267
1.0,2.0,0.9571654406387259
3.0,19.0,6.073331588504962
2.0,21.0,2.4558899845500877
2.0,5.0,0.7237667903167332
4.0,26.0,2.1578536202793748
24.0,62.0,3.588154130447041
6.0,21.0,0.7954520145279707
11.0,38.0,0.9469230154539301
15.0,62.0,2.0262215336997524
11.0,44.0,1.152192814493401
1.0,3.0,4.181204400150267
0.0,2.0,0.9571654406387259
9.0,19.0,6.073331588504962
10.0,21.0,2.4558899845500877
2.0,5.0,0.7237667903167332
14.0,26.0,2.1578536202793748
26.0,62.0,3.588154130447041
7.0,21.0,0.7954520145279707
17.0,38.0,0.9469230154539301
31.0,62.0,2.0262215336997524
25.0,44.0,1.152192814493401
2.0,3.0,4.181204400150267
1.0,2.0,0.9571654406387259
10.0,19.0,6.073331588504962
13.0,21.0,2.4558899845500877
2.0,5.0,0.7237667903167332
13.0,26.0,2.1578536202793748
33.0,62.0,3.588154130447041
9.0,21.0,0.7954520145279707
16.0,38.0,0.9469230154539301
26.0,62.0,2.0262215336997524
23.0,44.0,1.152192814493401
1.0,3.0,4.181204400150267
0.0,2.0,0.9571654406387259
10.0,19.0,6.073331588504962
13.0,21.0,2.4558899845500877
2.0,5.0,0.7237667903167332
18.0,26.0,2.1578536202793748
37.0,62.0,3.588154130447041
13.0,21.0,0.7954520145279707
27.0,38.0,0.9469230154539301
36.0,62.0,2.0262215336997524
23.0,44.0,1.152192814493401
1.0,3.0,4.181204400150267
1.0,2.0,0.9571654406387259
14.0,19.0,6.073331588504962
12.0,21.0,2.4558899845500877
4.0,5.0,0.7237667903167332
20.0,26.0,2.1578536202793748
46.0,62.0,3.588154130447041
15.0,21.0,0.7954520145279707
31.0,38.0,0.9469230154539301
43.0,62.0,2.0262215336997524
32.0,44.0,1.152192814493401
2.0,3.0,4.181204400150267
1.0,2.0,0.9571654406387259
13.0,19.0,6.073331588504962
19.0,21.0,2.4558899845500877
3.0,5.0,0.7237667903167332
23.0,26.0,2.1578536202793748
52.0,62.0,3.588154130447041
19.0,21.0,0.7954520145279707
31.0,38.0,0.9469230154539301
49.0,62.0,2.0262215336997524
33.0,44.0,1.152192814493401
2.0,3.0,4.181204400150267
2.0,2.0,0.9571654406387259
17.0,19.0,6.073331588504962
17.0,21.0,2.4558899845500877
5.0,5.0,0.7237667903167332
22.0,26.0,2.1578536202793748
54.0,62.0,3.588154130447041
15.0,21.0,0.7954520145279707
34.0,38.0,0.9469230154539301
51.0,62.0,2.0262215336997524
42.0,44.0,1.152192814493401
1.0,4.0,4.485725093325399
1.0,7.0,1.1147398804922384
1.0,14.0,3.189893285757246
2.0,41.0,3.9665147575675364
2.0,21.0,0.7694675464835867
1.0,5.0,0.21229400886344466
0.0,13.0,0.530965803497521
2.0,24.0,1.256321861193203
1.0,7.0,0.3329884777373007
6.0,54.0,3.3421321332569116
3.0,12.0,0.6578526717619316
2.0,4.0,4.485725093325399
1.0,7.0,1.1147398804922384
1.0,14.0,3.189893285757246
10.0,41.0,3.9665147575675364
5.0,21.0,0.7694675464835867
1.0,5.0,0.21229400886344466
1.0,13.0,0.530965803497521
2.0,24.0,1.256321861193203
1.0,7.0,0.3329884777373007
10.0,54.0,3.3421321332569116
1.0,12.0,0.6578526717619316
3.0,4.0,4.485725093325399
1.0,7.0,1.1147398804922384
2.0,14.0,3.189893285757246
14.0,41.0,3.9665147575675364
7.0,21.0,0.7694675464835867
0.0,5.0,0.21229400886344466
3.0,13.0,0.530965803497521
5.0,24.0,1.256321861193203
1.0,7.0,0.3329884777373007
21.0,54.0,3.3421321332569116
2.0,12.0,0.6578526717619316
2.0,4.0,4.485725093325399
4.0,7.0,1.1147398804922384
6.0,14.0,3.189893285757246
21.0,41.0,3.9665147575675364
8.0,21.0,0.7694675464835867
1.0,5.0,0.21229400886344466
5.0,13.0,0.530965803497521
10.0,24.0,1.256321861193203
2.0,7.0,0.3329884777373007
20.0,54.0,3.3421321332569116
4.0,12.0,0.6578526717619316
3.0,4.0,4.485725093325399
2.0,7.0,1.1147398804922384
7.0,14.0,3.189893285757246
17.0,41.0,3.9665147575675364
8.0,21.0,0.7694675464835867
2.0,5.0,0.21229400886344466
8.0,13.0,0.530965803497521
10.0,24.0,1.256321861193203
4.0,7.0,0.3329884777373007
30.0,54.0,3.3421321332569116
4.0,12.0,0.6578526717619316
1.0,4.0,4.485725093325399
3.0,7.0,1.1147398804922384
9.0,14.0,3.189893285757246
25.0,41.0,3.9665147575675364
14.0,21.0,0.7694675464835867
4.0,5.0,0.21229400886344466
7.0,13.0,0.530965803497521
16.0,24.0,1.256321861193203
6.0,7.0,0.3329884777373007
30.0,54.0,3.3421321332569116
6.0,12.0,0.6578526717619316
4.0,4.0,4.485725093325399
6.0,7.0,1.1147398804922384
8.0,14.0,3.189893285757246
29.0,41.0,3.9665147575675364
9.0,21.0,0.7694675464835867
3.0,5.0,0.21229400886344466
7.0,13.0,0.530965803497521
17.0,24.0,1.256321861193203
4.0,7.0,0.3329884777373007
33.0,54.0,3.3421321332569116
9.0,12.0,0.6578526717619316
2.0,4.0,4.485725093325399
6.0,7.0,1.1147398804922384
13.0,14.0,3.189893285757246
33.0,41.0,3.9665147575675364
20.0,21.0,0.7694675464835867
4.0,5.0,0.21229400886344466
10.0,13.0,0.530965803497521
22.0,24.0,1.256321861193203
3.0,7.0,0.3329884777373007
48.0,54.0,3.3421321332569116
11.0,12.0,0.6578526717619316
4.0,4.0,4.485725093325399
6.0,7.0,1.1147398804922384
13.0,14.0,3.189893285757246
38.0,41.0,3.9665147575675364
19.0,21.0,0.7694675464835867
3.0,5.0,0.21229400886344466
12.0,13.0,0.530965803497521
17.0,24.0,1.256321861193203
6.0,7.0,0.3329884777373007
49.0,54.0,3.3421321332569116
11.0,12.0,0.6578526717619316
1.0,3.0,4.275273310966435
2.0,22.0,13.532447809108412
0.0,5.0,0.3570371538671504
0.0,8.0,0.733004936004437
3.0,19.0,1.791162193733185
3.0,20.0,1.8713586020455724
2.0,14.0,0.8258595821371694
1.0,7.0,0.2143800053438132
0.0,9.0,0.40606971138334746
3.0,18.0,0.8572426598251781
1.0,20.0,1.77767961206721
1.0,3.0,4.275273310966435
3.0,22.0,13.532447809108412
1.0,5.0,0.3570371538671504
1.0,8.0,0.733004936004437
7.0,19.0,1.791162193733185
3.0,20.0,1.8713586020455724
3.0,14.0,0.8258595821371694
2.0,7.0,0.2143800053438132
2.0,9.0,0.40606971138334746
6.0,18.0,0.8572426598251781
4.0,20.0,1.77767961206721
1.0,3.0,4.275273310966435
2.0,22.0,13.532447809108412
2.0,5.0,0.3570371538671504
2.0,8.0,0.733004936004437
3.0,19.0,1.791162193733185
5.0,20.0,1.8713586020455724
3.0,14.0,0.8258595821371694
3.0,7.0,0.2143800053438132
3.0,9.0,0.40606971138334746
5.0,18.0,0.8572426598251781
9.0,20.0,1.77767961206721
1.0,3.0,4.275273310966435
8.0,22.0,13.532447809108412
2.0,5.0,0.3570371538671504
2.0,8.0,0.733004936004437
9.0,19.0,1.791162193733185
4.0,20.0,1.8713586020455724
5.0,14.0,0.8258595821371694
2.0,7.0,0.2143800053438132
3.0,9.0,0.40606971138334746
4.0,18.0,0.8572426598251781
10.0,20.0,1.77767961206721
1.0,3.0,4.275273310966435
7.0,22.0,13.532447809108412
3.0,5.0,0.3570371538671504
2.0,8.0,0.733004936004437
11.0,19.0,1.791162193733185
8.0,20.0,1.8713586020455724
7.0,14.0,0.8258595821371694
2.0,7.0,0.2143800053438132
5.0,9.0,0.40606971138334746
8.0,18.0,0.8572426598251781
13.0,20.0,1.77767961206721
2.0,3.0,4.275273310966435
14.0,22.0,13.532447809108412
4.0,5.0,0.3570371538671504
7.0,8.0,0.733004936004437
12.0,19.0,1.791162193733185
10.0,20.0,1.8713586020455724
9.0,14.0,0.8258595821371694
1.0,7.0,0.2143800053438132
3.0,9.0,0.40606971138334746
9.0,18.0,0.8572426598251781
13.0,20.0,1.77767961206721
1.0,3.0,4.275273310966435
18.0,22.0,13.532447809108412
4.0,5.0,0.3570371538671504
4.0,8.0,0.733004936004437
13.0,19.0,1.791162193733185
15.0,20.0,1.8713586020455724
12.0,14.0,0.8258595821371694
5.0,7.0,0.2143800053438132
8.0,9.0,0.40606971138334746
12.0,18.0,0.8572426598251781
18.0,20.0,1.77767961206721
3.0,3.0,4.275273310966435
16.0,22.0,13.532447809108412
4.0,5.0,0.3570371538671504
7.0,8.0,0.733004936004437
16.0,19.0,1.791162193733185
13.0,20.0,1.8713586020455724
11.0,14.0,0.8258595821371694
5.0,7.0,0.2143800053438132
9.0,9.0,0.40606971138334746
11.0,18.0,0.8572426598251781
16.0,20.0,1.77767961206721
3.0,3.0,4.275273310966435
18.0,22.0,13.532447809108412
5.0,5.0,0.3570371538671504
8.0,8.0,0.733004936004437
17.0,19.0,1.791162193733185
17.0,20.0,1.8713586020455724
10.0,14.0,0.8258595821371694
7.0,7.0,0.2143800053438132
8.0,9.0,0.40606971138334746
16.0,18.0,0.8572426598251781
20.0,20.0,1.77767961206721
1.0,3.0,6.184690729585877
2.0,8.0,7.925865139970749
0.0,4.0,0.8887146402471688
2.0,5.0,1.214030766012261
1.0,18.0,3.426806082227898
1.0,9.0,0.7604030586154716
4.0,41.0,3.9555162223560076
2.0,19.0,1.3263133879612008
3.0,21.0,1.0697822054778072
7.0,55.0,2.1155162328822334
0.0,3.0,0.0816190555291147
2.0,3.0,6.184690729585877
1.0,8.0,7.925865139970749
1.0,4.0,0.8887146402471688
2.0,5.0,1.214030766012261
4.0,18.0,3.426806082227898
1.0,9.0,0.7604030586154716
10.0,41.0,3.9555162223560076
4.0,19.0,1.3263133879612008
5.0,21.0,1.0697822054778072
14.0,55.0,2.1155162328822334
1.0,3.0,0.0816190555291147
1.0,3.0,6.184690729585877
3.0,8.0,7.925865139970749
2.0,4.0,0.8887146402471688
3.0,5.0,1.214030766012261
3.0,18.0,3.426806082227898
5.0,9.0,0.7604030586154716
17.0,41.0,3.9555162223560076
7.0,19.0,1.3263133879612008
11.0,21.0,1.0697822054778072
18.0,55.0,2.1155162328822334
0.0,3.0,0.0816190555291147
1.0,3.0,6.184690729585877
4.0,8.0,7.925865139970749
3.0,4.0,0.8887146402471688
2.0,5.0,1.214030766012261
7.0,18.0,3.426806082227898
3.0,9.0,0.7604030586154716
13.0,41.0,3.9555162223560076
9.0,19.0,1.3263133879612008
10.0,21.0,1.0697822054778072
24.0,55.0,2.1155162328822334
2.0,3.0,0.0816190555291147
1.0,3.0,6.184690729585877
8.0,8.0,7.925865139970749
2.0,4.0,0.8887146402471688
2.0,5.0,1.214030766012261
11.0,18.0,3.426806082227898
5.0,9.0,0.7604030586154716
17.0,41.0,3.9555162223560076
12.0,19.0,1.3263133879612008
15.0,21.0,1.0697822054778072
24.0,55.0,2.1155162328822334
1.0,3.0,0.0816190555291147
1.0,3.0,6.184690729585877
5.0,8.0,7.925865139970749
4.0,4.0,0.8887146402471688
4.0,5.0,1.214030766012261
12.0,18.0,3.426806082227898
5.0,9.0,0.7604030586154716
20.0,41.0,3.9555162223560076
13.0,19.0,1.3263133879612008
11.0,21.0,1.0697822054778072
35.0,55.0,2.1155162328822334
2.0,3.0,0.0816190555291147
3.0,3.0,6.184690729585877
7.0,8.0,7.925865139970749
4.0,4.0,0.8887146402471688
2.0,5.0,1.214030766012261
14.0,18.0,3.426806082227898
5.0,9.0,0.7604030586154716
26.0,41.0,3.9555162223560076
12.0,19.0,1.3263133879612008
16.0,21.0,1.0697822054778072
42.0,55.0,2.1155162328822334
3.0,3.0,0.0816190555291147
2.0,3.0,6.184690729585877
6.0,8.0,7.925865139970749
4.0,4.0,0.8887146402471688
3.0,5.0,1.214030766012261
16.0,18.0,3.426806082227898
9.0,9.0,0.7604030586154716
28.0,41.0,3.9555162223560076
16.0,19.0,1.3263133879612008
14.0,21.0,1.0697822054778072
45.0,55.0,2.1155162328822334
2.0,3.0,0.0816190555291147
3.0,3.0,6.184690729585877
8.0,8.0,7.925865139970749
4.0,4.0,0.8887146402471688
4.0,5.0,1.214030766012261
17.0,18.0,3.426806082227898
9.0,9.0,0.7604030586154716
36.0,41.0,3.9555162223560076
17.0,19.0,1.3263133879612008
16.0,21.0,1.0697822054778072
51.0,55.0,2.1155162328822334
3.0,3.0,0.0816190555291147
1.0,5.0,14.134694091595028
0.0,5.0,2.5766947409164955
3.0,12.0,3.0749648168351245
0.0,6.0,0.603461922700566
0.0,29.0,3.0428085782111753
3.0,60.0,2.9384890052414887
0.0,11.0,0.3344981720978629
1.0,18.0,0.46044376585925795
1.0,10.0,0.37615019963493906
6.0,59.0,2.3305286223392927
2.0,12.0,0.5396381183973746
3.0,5.0,14.134694091595028
1.0,5.0,2.5766947409164955
2.0,12.0,3.0749648168351245
1.0,6.0,0.603461922700566
4.0,29.0,3.0428085782111753
16.0,60.0,2.9384890052414887
3.0,11.0,0.3344981720978629
4.0,18.0,0.46044376585925795
2.0,10.0,0.37615019963493906
12.0,59.0,2.3305286223392927
2.0,12.0,0.5396381183973746
3.0,5.0,14.134694091595028
2.0,5.0,2.5766947409164955
8.0,12.0,3.0749648168351245
3.0,6.0,0.603461922700566
13.0,29.0,3.0428085782111753
18.0,60.0,2.9384890052414887
4.0,11.0,0.3344981720978629
4.0,18.0,0.46044376585925795
3.0,10.0,0.37615019963493906
16.0,59.0,2.3305286223392927
5.0,12.0,0.5396381183973746
2.0,5.0,14.134694091595028
2.0,5.0,2.5766947409164955
5.0,12.0,3.0749648168351245
3.0,6.0,0.603461922700566
11.0,29.0,3.0428085782111753
25.0,60.0,2.9384890052414887
2.0,11.0,0.3344981720978629
10.0,18.0,0.46044376585925795
4.0,10.0,0.37615019963493906
21.0,59.0,2.3305286223392927
6.0,12.0,0.5396381183973746
3.0,5.0,14.134694091595028
4.0,5.0,2.5766947409164955
8.0,12.0,3.0749648168351245
3.0,6.0,0.603461922700566
10.0,29.0,3.0428085782111753
29.0,60.0,2.9384890052414887
7.0,11.0,0.3344981720978629
8.0,18.0,0.46044376585925795
5.0,10.0,0.37615019963493906
29.0,59.0,2.3305286223392927
9.0,12.0,0.5396381183973746
2.0,5.0,14.134694091595028
3.0,5.0,2.5766947409164955
6.0,12.0,3.0749648168351245
1.0,6.0,0.603461922700566
17.0,29.0,3.0428085782111753
26.0,60.0,2.9384890052414887
7.0,11.0,0.3344981720978629
8.0,18.0,0.46044376585925795
3.0,10.0,0.37615019963493906
28.0,59.0,2.3305286223392927
8.0,12.0,0.5396381183973746
2.0,5.0,14.134694091595028
4.0,5.0,2.5766947409164955
9.0,12.0,3.0749648168351245
4.0,6.0,0.603461922700566
19.0,29.0,3.0428085782111753
43.0,60.0,2.9384890052414887
7.0,11.0,0.3344981720978629
14.0,18.0,0.46044376585925795
9.0,10.0,0.37615019963493906
42.0,59.0,2.3305286223392927
7.0,12.0,0.5396381183973746
3.0,5.0,14.134694091595028
5.0,5.0,2.5766947409164955
11.0,12.0,3.0749648168351245
5.0,6.0,0.603461922700566
26.0,29.0,3.0428085782111753
50.0,60.0,2.9384890052414887
9.0,11.0,0.3344981720978629
16.0,18.0,0.46044376585925795
9.0,10.0,0.37615019963493906
44.0,59.0,2.3305286223392927
12.0,12.0,0.5396381183973746
4.0,5.0,14.134694091595028
5.0,5.0,2.5766947409164955
10.0,12.0,3.0749648168351245
5.0,6.0,0.603461922700566
26.0,29.0,3.0428085782111753
54.0,60.0,2.9384890052414887
10.0,11.0,0.3344981720978629
15.0,18.0,0.46044376585925795
10.0,10.0,0.37615019963493906
54.0,59.0,2.3305286223392927
10.0,12.0,0.5396381183973746
1.0,5.0,4.7551328088148095
0.0,13.0,4.920593303592534
3.0,24.0,4.3250712847342605
6.0,28.0,2.722995613394617
5.0,42.0,2.061305588487785
1.0,64.0,2.163257690487716
0.0,2.0,0.022512124651085742
2.0,17.0,0.5030737595593751
3.0,16.0,0.6742296285974113
4.0,9.0,0.3937196271643644
2.0,21.0,1.2136958208263884
1.0,5.0,4.7551328088148095
3.0,13.0,4.920593303592534
2.0,24.0,4.3250712847342605
10.0,28.0,2.722995613394617
4.0,42.0,2.061305588487785
11.0,64.0,2.163257690487716
2.0,2.0,0.022512124651085742
2.0,17.0,0.5030737595593751
4.0,16.0,0.6742296285974113
3.0,9.0,0.3937196271643644
2.0,21.0,1.2136958208263884
1.0,5.0,4.7551328088148095
4.0,13.0,4.920593303592534
9.0,24.0,4.3250712847342605
11.0,28.0,2.722995613394617
14.0,42.0,2.061305588487785
22.0,64.0,2.163257690487716
2.0,2.0,0.022512124651085742
7.0,17.0,0.5030737595593751
3.0,16.0,0.6742296285974113
3.0,9.0,0.3937196271643644
6.0,21.0,1.2136958208263884
3.0,5.0,4.7551328088148095
7.0,13.0,4.920593303592534
11.0,24.0,4.3250712847342605
15.0,28.0,2.722995613394617
15.0,42.0,2.061305588487785
27.0,64.0,2.163257690487716
0.0,2.0,0.022512124651085742
7.0,17.0,0.5030737595593751
9.0,16.0,0.6742296285974113
2.0,9.0,0.3937196271643644
8.0,21.0,1.2136958208263884
2.0,5.0,4.7551328088148095
8.0,13.0,4.920593303592534
9.0,24.0,4.3250712847342605
11.0,28.0,2.722995613394617
21.0,42.0,2.061305588487785
37.0,64.0,2.163257690487716
2.0,2.0,0.022512124651085742
10.0,17.0,0.5030737595593751
8.0,16.0,0.6742296285974113
4.0,9.0,0.3937196271643644
11.0,21.0,1.2136958208263884
3.0,5.0,4.7551328088148095
6.0,13.0,4.920593303592534
18.0,24.0,4.3250712847342605
19.0,28.0,2.722995613394617
25.0,42.0,2.061305588487785
36.0,64.0,2.163257690487716
1.0,2.0,0.022512124651085742
8.0,17.0,0.5030737595593751
12.0,16.0,0.6742296285974113
6.0,9.0,0.3937196271643644
13.0,21.0,1.2136958208263884
4.0,5.0,4.7551328088148095
12.0,13.0,4.920593303592534
11.0,24.0,4.3250712847342605
18.0,28.0,2.722995613394617
29.0,42.0,2.061305588487785
39.0,64.0,2.163257690487716
2.0,2.0,0.022512124651085742
13.0,17.0,0.5030737595593751
13.0,16.0,0.6742296285974113
7.0,9.0,0.3937196271643644
14.0,21.0,1.2136958208263884
4.0,5.0,4.7551328088148095
10.0,13.0,4.920593303592534
22.0,24.0,4.3250712847342605
22.0,28.0,2.722995613394617
37.0,42.0,2.061305588487785
54.0,64.0,2.163257690487716
2.0,2.0,0.022512124651085742
11.0,17.0,0.5030737595593751
15.0,16.0,0.6742296285974113
6.0,9.0,0.3937196271643644
19.0,21.0,1.2136958208263884
5.0,5.0,4.7551328088148095
12.0,13.0,4.920593303592534
22.0,24.0,4.3250712847342605
27.0,28.0,2.722995613394617
40.0,42.0,2.061305588487785
60.0,64.0,2.163257690487716
1.0,2.0,0.022512124651085742
15.0,17.0,0.5030737595593751
14.0,16.0,0.6742296285974113
7.0,9.0,0.3937196271643644
19.0,21.0,1.2136958208263884
1.0,3.0,5.793846176497593
1.0,8.0,4.945583749006318
2.0,16.0,6.1880640825720015
1.0,10.0,0.6558188605553011
0.0,5.0,0.8519380367508799
7.0,31.0,2.8152232140754183
14.0,114.0,5.80118047043123
1.0,8.0,0.20129388870738854
2.0,22.0,0.3556711299621467
4.0,59.0,1.77768751331098
2.0,19.0,0.497749307621151
1.0,3.0,5.793846176497593
2.0,8.0,4.945583749006318
6.0,16.0,6.1880640825720015
2.0,10.0,0.6558188605553011
1.0,5.0,0.8519380367508799
7.0,31.0,2.8152232140754183
26.0,114.0,5.80118047043123
1.0,8.0,0.20129388870738854
2.0,22.0,0.3556711299621467
6.0,59.0,1.77768751331098
4.0,19.0,0.497749307621151
1.0,3.0,5.793846176497593
2.0,8.0,4.945583749006318
1.0,16.0,6.1880640825720015
2.0,10.0,0.6558188605553011
2.0,5.0,0.8519380367508799
10.0,31.0,2.8152232140754183
33.0,114.0,5.80118047043123
1.0,8.0,0.20129388870738854
9.0,22.0,0.3556711299621467
20.0,59.0,1.77768751331098
4.0,19.0,0.497749307621151
1.0,3.0,5.793846176497593
3.0,8.0,4.945583749006318
6.0,16.0,6.1880640825720015
3.0,10.0,0.6558188605553011
2.0,5.0,0.8519380367508799
10.0,31.0,2.8152232140754183
49.0,114.0,5.80118047043123
3.0,8.0,0.20129388870738854
5.0,22.0,0.3556711299621467
27.0,59.0,1.77768751331098
7.0,19.0,0.497749307621151
1.0,3.0,5.793846176497593
6.0,8.0,4.945583749006318
9.0,16.0,6.1880640825720015
4.0,10.0,0.6558188605553011
3.0,5.0,0.8519380367508799
15.0,31.0,2.8152232140754183
52.0,114.0,5.80118047043123
5.0,8.0,0.20129388870738854
10.0,22.0,0.3556711299621467
33.0,59.0,1.77768751331098
9.0,19.0,0.497749307621151
2.0,3.0,5.793846176497593
5.0,8.0,4.945583749006318
11.0,16.0,6.1880640825720015
6.0,10.0,0.6558188605553011
4.0,5.0,0.8519380367508799
20.0,31.0,2.8152232140754183
69.0,114.0,5.80118047043123
3.0,8.0,0.20129388870738854
15.0,22.0,0.3556711299621467
36.0,59.0,1.77768751331098
10.0,19.0,0.497749307621151
2.0,3.0,5.793846176497593
6.0,8.0,4.945583749006318
7.0,16.0,6.1880640825720015
6.0,10.0,0.6558188605553011
4.0,5.0,0.8519380367508799
24.0,31.0,2.8152232140754183
83.0,114.0,5.80118047043123
7.0,8.0,0.20129388870738854
15.0,22.0,0.3556711299621467
40.0,59.0,1.77768751331098
17.0,19.0,0.497749307621151
3.0,3.0,5.793846176497593
7.0,8.0,4.945583749006318
13.0,16.0,6.1880640825720015
8.0,10.0,0.6558188605553011
3.0,5.0,0.8519380367508799
20.0,31.0,2.8152232140754183
87.0,114.0,5.80118047043123
6.0,8.0,0.20129388870738854
15.0,22.0,0.3556711299621467
51.0,59.0,1.77768751331098
16.0,19.0,0.497749307621151
3.0,3.0,5.793846176497593
7.0,8.0,4.945583749006318
14.0,16.0,6.1880640825720015
9.0,10.0,0.6558188605553011
5.0,5.0,0.8519380367508799
29.0,31.0,2.8152232140754183
95.0,114.0,5.80118047043123
7.0,8.0,0.20129388870738854
19.0,22.0,0.3556711299621467
53.0,59.0,1.77768751331098
15.0,19.0,0.497749307621151
1.0,5.0,6.109735864086262
1.0,7.0,6.523405693365738
0.0,4.0,1.8787625953042035
0.0,8.0,1.9239584432092718
8.0,43.0,6.883571887295343
4.0,40.0,1.917072717635656
3.0,25.0,0.7675795025041241
2.0,40.0,0.9647659858205867
2.0,25.0,1.0663475845304513
4.0,43.0,1.6179588887883762
0.0,6.0,0.13138532741976672
1.0,5.0,6.109735864086262
1.0,7.0,6.523405693365738
2.0,4.0,1.8787625953042035
1.0,8.0,1.9239584432092718
7.0,43.0,6.883571887295343
7.0,40.0,1.917072717635656
3.0,25.0,0.7675795025041241
12.0,40.0,0.9647659858205867
5.0,25.0,1.0663475845304513
5.0,43.0,1.6179588887883762
3.0,6.0,0.13138532741976672
2.0,5.0,6.109735864086262
2.0,7.0,6.523405693365738
1.0,4.0,1.8787625953042035
1.0,8.0,1.9239584432092718
12.0,43.0,6.883571887295343
12.0,40.0,1.917072717635656
7.0,25.0,0.7675795025041241
16.0,40.0,0.9647659858205867
5.0,25.0,1.0663475845304513
14.0,43.0,1.6179588887883762
1.0,6.0,0.13138532741976672
2.0,5.0,6.109735864086262
2.0,7.0,6.523405693365738
2.0,4.0,1.8787625953042035
2.0,8.0,1.9239584432092718
17.0,43.0,6.883571887295343
18.0,40.0,1.917072717635656
11.0,25.0,0.7675795025041241
16.0,40.0,0.9647659858205867
8.0,25.0,1.0663475845304513
16.0,43.0,1.6179588887883762
3.0,6.0,0.13138532741976672
2.0,5.0,6.109735864086262
4.0,7.0,6.523405693365738
1.0,4.0,1.8787625953042035
4.0,8.0,1.9239584432092718
20.0,43.0,6.883571887295343
20.0,40.0,1.917072717635656
12.0,25.0,0.7675795025041241
22.0,40.0,0.9647659858205867
17.0,25.0,1.0663475845304513
21.0,43.0,1.6179588887883762
5.0,6.0,0.13138532741976672
3.0,5.0,6.109735864086262
4.0,7.0,6.523405693365738
4.0,4.0,1.8787625953042035
6.0,8.0,1.9239584432092718
29.0,43.0,6.883571887295343
28.0,40.0,1.917072717635656
14.0,25.0,0.7675795025041241
27.0,40.0,0.9647659858205867
15.0,25.0,1.0663475845304513
25.0,43.0,1.6179588887883762
3.0,6.0,0.13138532741976672
5.0,5.0,6.109735864086262
4.0,7.0,6.523405693365738
4.0,4.0,1.8787625953042035
5.0,8.0,1.9239584432092718
28.0,43.0,6.883571887295343
27.0,40.0,1.917072717635656
19.0,25.0,0.7675795025041241
31.0,40.0,0.9647659858205867
14.0,25.0,1.0663475845304513
33.0,43.0,1.6179588887883762
3.0,6.0,0.13138532741976672
4.0,5.0,6.109735864086262
6.0,7.0,6.523405693365738
3.0,4.0,1.8787625953042035
6.0,8.0,1.9239584432092718
34.0,43.0,6.883571887295343
28.0,40.0,1.917072717635656
18.0,25.0,0.7675795025041241
34.0,40.0,0.9647659858205867
17.0,25.0,1.0663475845304513
38.0,43.0,1.6179588887883762
2.0,6.0,0.13138532741976672
5.0,5.0,6.109735864086262
7.0,7.0,6.523405693365738
4.0,4.0,1.8787625953042035
6.0,8.0,1.9239584432092718
38.0,43.0,6.883571887295343
37.0,40.0,1.917072717635656
20.0,25.0,0.7675795025041241
37.0,40.0,0.9647659858205867
24.0,25.0,1.0663475845304513
38.0,43.0,1.6179588887883762
6.0,6.0,0.13138532741976672
1.0,7.0,7.712704549718372
0.0,7.0,3.893543173353175
3.0,15.0,2.802290562690398
2.0,2.0,0.3844325718945856
1.0,11.0,1.00382463415683
1.0,4.0,0.5884734149858969
1.0,7.0,1.734251154322961
5.0,80.0,9.430434335521547
0.0,6.0,0.14443429591953957
2.0,12.0,0.3515476764531525
2.0,28.0,1.3089535423729866
2.0,7.0,7.712704549718372
1.0,7.0,3.893543173353175
2.0,15.0,2.802290562690398
1.0,2.0,0.3844325718945856
2.0,11.0,1.00382463415683
0.0,4.0,0.5884734149858969
3.0,7.0,1.734251154322961
23.0,80.0,9.430434335521547
2.0,6.0,0.14443429591953957
3.0,12.0,0.3515476764531525
5.0,28.0,1.3089535423729866
1.0,7.0,7.712704549718372
2.0,7.0,3.893543173353175
3.0,15.0,2.802290562690398
0.0,2.0,0.3844325718945856
5.0,11.0,1.00382463415683
1.0,4.0,0.5884734149858969
2.0,7.0,1.734251154322961
23.0,80.0,9.430434335521547
2.0,6.0,0.14443429591953957
3.0,12.0,0.3515476764531525
12.0,28.0,1.3089535423729866
3.0,7.0,7.712704549718372
4.0,7.0,3.893543173353175
7.0,15.0,2.802290562690398
1.0,2.0,0.3844325718945856
5.0,11.0,1.00382463415683
1.0,4.0,0.5884734149858969
4.0,7.0,1.734251154322961
35.0,80.0,9.430434335521547
4.0,6.0,0.14443429591953957
3.0,12.0,0.3515476764531525
9.0,28.0,1.3089535423729866
3.0,7.0,7.712704549718372
4.0,7.0,3.893543173353175
10.0,15.0,2.802290562690398
1.0,2.0,0.3844325718945856
5.0,11.0,1.00382463415683
1.0,4.0,0.5884734149858969
3.0,7.0,1.734251154322961
30.0,80.0,9.430434335521547
2.0,6.0,0.14443429591953957
3.0,12.0,0.3515476764531525
9.0,28.0,1.3089535423729866
4.0,7.0,7.712704549718372
5.0,7.0,3.893543173353175
8.0,15.0,2.802290562690398
2.0,2.0,0.3844325718945856
6.0,11.0,1.00382463415683
2.0,4.0,0.5884734149858969
6.0,7.0,1.734251154322961
55.0,80.0,9.430434335521547
3.0,6.0,0.14443429591953957
10.0,12.0,0.3515476764531525
16.0,28.0,1.3089535423729866
5.0,7.0,7.712704549718372
6.0,7.0,3.893543173353175
8.0,15.0,2.802290562690398
1.0,2.0,0.3844325718945856
8.0,11.0,1.00382463415683
4.0,4.0,0.5884734149858969
4.0,7.0,1.734251154322961
53.0,80.0,9.430434335521547
6.0,6.0,0.14443429591953957
7.0,12.0,0.3515476764531525
23.0,28.0,1.3089535423729866
6.0,7.0,7.712704549718372
5.0,7.0,3.893543173353175
12.0,15.0,2.802290562690398
1.0,2.0,0.3844325718945856
9.0,11.0,1.00382463415683
3.0,4.0,0.5884734149858969
3.0,7.0,1.734251154322961
64.0,80.0,9.430434335521547
5.0,6.0,0.14443429591953957
11.0,12.0,0.3515476764531525
21.0,28.0,1.3089535423729866
6.0,7.0,7.712704549718372
7.0,7.0,3.893543173353175
15.0,15.0,2.802290562690398
2.0,2.0,0.3844325718945856
10.0,11.0,1.00382463415683
3.0,4.0,0.5884734149858969
5.0,7.0,1.734251154322961
73.0,80.0,9.430434335521547
6.0,6.0,0.14443429591953957
9.0,12.0,0.3515476764531525
27.0,28.0,1.3089535423729866
1.0,4.0,5.581295972426737
0.0,6.0,1.7899011442216441
1.0,21.0,6.523931689092043
3.0,8.0,0.8743532866437111
2.0,13.0,0.9526932263919562
4.0,35.0,2.1002566023312403
0.0,12.0,0.6900699473743035
0.0,15.0,0.8459880714040245
1.0,7.0,0.3994607102620216
5.0,100.0,5.577855636903766
1.0,24.0,0.705347557545545
2.0,4.0,5.581295972426737
2.0,6.0,1.7899011442216441
4.0,21.0,6.523931689092043
1.0,8.0,0.8743532866437111
3.0,13.0,0.9526932263919562
9.0,35.0,2.1002566023312403
2.0,12.0,0.6900699473743035
4.0,15.0,0.8459880714040245
0.0,7.0,0.3994607102620216
12.0,100.0,5.577855636903766
5.0,24.0,0.705347557545545
2.0,4.0,5.581295972426737
2.0,6.0,1.7899011442216441
7.0,21.0,6.523931689092043
3.0,8.0,0.8743532866437111
4.0,13.0,0.9526932263919562
12.0,35.0,2.1002566023312403
1.0,12.0,0.6900699473743035
7.0,15.0,0.8459880714040245
2.0,7.0,0.3994607102620216
34.0,100.0,5.577855636903766
8.0,24.0,0.705347557545545
3.0,4.0,5.581295972426737
2.0,6.0,1.7899011442216441
6.0,21.0,6.523931689092043
3.0,8.0,0.8743532866437111
6.0,13.0,0.9526932263919562
14.0,35.0,2.1002566023312403
8.0,12.0,0.6900699473743035
7.0,15.0,0.8459880714040245
1.0,7.0,0.3994607102620216
39.0,100.0,5.577855636903766
8.0,24.0,0.705347557545545
2.0,4.0,5.581295972426737
5.0,6.0,1.7899011442216441
15.0,21.0,6.523931689092043
5.0,8.0,0.8743532866437111
7.0,13.0,0.9526932263919562
15.0,35.0,2.1002566023312403
6.0,12.0,0.6900699473743035
6.0,15.0,0.8459880714040245
3.0,7.0,0.3994607102620216
53.0,100.0,5.577855636903766
7.0,24.0,0.705347557545545
2.0,4.0,5.581295972426737
3.0,6.0,1.7899011442216441
11.0,21.0,6.523931689092043
5.0,8.0,0.8743532866437111
6.0,13.0,0.9526932263919562
15.0,35.0,2.1002566023312403
5.0,12.0,0.6900699473743035
12.0,15.0,0.8459880714040245
4.0,7.0,0.3994607102620216
60.0,100.0,5.577855636903766
16.0,24.0,0.705347557545545
4.0,4.0,5.581295972426737
5.0,6.0,1.7899011442216441
14.0,21.0,6.523931689092043
7.0,8.0,0.8743532866437111
9.0,13.0,0.9526932263919562
23.0,35.0,2.1002566023312403
8.0,12.0,0.6900699473743035
8.0,15.0,0.8459880714040245
4.0,7.0,0.3994607102620216
63.0,100.0,5.577855636903766
14.0,24.0,0.705347557545545
3.0,4.0,5.581295972426737
5.0,6.0,1.7899011442216441
13.0,21.0,6.523931689092043
6.0,8.0,0.8743532866437111
9.0,13.0,0.9526932263919562
31.0,35.0,2.1002566023312403
9.0,12.0,0.6900699473743035
11.0,15.0,0.8459880714040245
6.0,7.0,0.3994607102620216
78.0,100.0,5.577855636903766
18.0,24.0,0.705347557545545
3.0,4.0,5.581295972426737
4.0,6.0,1.7899011442216441
19.0,21.0,6.523931689092043
8.0,8.0,0.8743532866437111
12.0,13.0,0.9526932263919562
32.0,35.0,2.1002566023312403
11.0,12.0,0.6900699473743035
14.0,15.0,0.8459880714040245
6.0,7.0,0.3994607102620216
89.0,100.0,5.577855636903766
21.0,24.0,0.705347557545545
1.0,5.0,8.174127464465052
0.0,7.0,3.0697013396941544
1.0,6.0,2.442300117237747
5.0,30.0,5.421894801321892
3.0,32.0,2.440479076883161
2.0,41.0,1.6485367679577871
7.0,105.0,2.6417985804244175
1.0,29.0,0.7149203489734375
0.0,16.0,0.2964716183954549
2.0,41.0,0.6888407430705049
1.0,4.0,0.205615849224964
1.0,5.0,8.174127464465052
1.0,7.0,3.0697013396941544
1.0,6.0,2.442300117237747
5.0,30.0,5.421894801321892
9.0,32.0,2.440479076883161
6.0,41.0,1.6485367679577871
16.0,105.0,2.6417985804244175
6.0,29.0,0.7149203489734375
2.0,16.0,0.2964716183954549
8.0,41.0,0.6888407430705049
0.0,4.0,0.205615849224964
1.0,5.0,8.174127464465052
1.0,7.0,3.0697013396941544
0.0,6.0,2.442300117237747
9.0,30.0,5.421894801321892
8.0,32.0,2.440479076883161
14.0,41.0,1.6485367679577871
33.0,105.0,2.6417985804244175
12.0,29.0,0.7149203489734375
2.0,16.0,0.2964716183954549
13.0,41.0,0.6888407430705049
1.0,4.0,0.205615849224964
1.0,5.0,8.174127464465052
3.0,7.0,3.0697013396941544
1.0,6.0,2.442300117237747
14.0,30.0,5.421894801321892
8.0,32.0,2.440479076883161
18.0,41.0,1.6485367679577871
43.0,105.0,2.6417985804244175
12.0,29.0,0.7149203489734375
10.0,16.0,0.2964716183954549
19.0,41.0,0.6888407430705049
2.0,4.0,0.205615849224964
1.0,5.0,8.174127464465052
4.0,7.0,3.0697013396941544
4.0,6.0,2.442300117237747
14.0,30.0,5.421894801321892
14.0,32.0,2.440479076883161
21.0,41.0,1.6485367679577871
59.0,105.0,2.6417985804244175
10.0,29.0,0.7149203489734375
7.0,16.0,0.2964716183954549
21.0,41.0,0.6888407430705049
2.0,4.0,0.205615849224964
3.0,5.0,8.174127464465052
2.0,7.0,3.0697013396941544
3.0,6.0,2.442300117237747
17.0,30.0,5.421894801321892
20.0,32.0,2.440479076883161
25.0,41.0,1.6485367679577871
67.0,105.0,2.6417985804244175
16.0,29.0,0.7149203489734375
9.0,16.0,0.2964716183954549
25.0,41.0,0.6888407430705049
3.0,4.0,0.205615849224964
3.0,5.0,8.174127464465052
6.0,7.0,3.0697013396941544
5.0,6.0,2.442300117237747
18.0,30.0,5.421894801321892
20.0,32.0,2.440479076883161
33.0,41.0,1.6485367679577871
70.0,105.0,2.6417985804244175
21.0,29.0,0.7149203489734375
11.0,16.0,0.2964716183954549
28.0,41.0,0.6888407430705049
4.0,4.0,0.205615849224964
3.0,5.0,8.174127464465052
6.0,7.0,3.0697013396941544
5.0,6.0,2.442300117237747
26.0,30.0,5.421894801321892
27.0,32.0,2.440479076883161
33.0,41.0,1.6485367679577871
79.0,105.0,2.6417985804244175
25.0,29.0,0.7149203489734375
14.0,16.0,0.2964716183954549
36.0,41.0,0.6888407430705049
3.0,4.0,0.205615849224964
4.0,5.0,8.174127464465052
6.0,7.0,3.0697013396941544
5.0,6.0,2.442300117237747
27.0,30.0,5.421894801321892
28.0,32.0,2.440479076883161
38.0,41.0,1.6485367679577871
95.0,105.0,2.6417985804244175
25.0,29.0,0.7149203489734375
14.0,16.0,0.2964716183954549
39.0,41.0,0.6888407430705049
3.0,4.0,0.205615849224964
1.0,4.0,4.762619730200845
1.0,5.0,2.58936807684463
1.0,6.0,2.8094231159745333
0.0,4.0,0.8590301125665321
1.0,5.0,0.9020684831900379
1.0,20.0,2.9513241780606188
0.0,9.0,0.4382466760238377
7.0,85.0,6.744303647079581
10.0,71.0,2.2908128326136157
9.0,91.0,1.8352297362005325
2.0,39.0,0.5235698576047152
1.0,4.0,4.762619730200845
1.0,5.0,2.58936807684463
0.0,6.0,2.8094231159745333
1.0,4.0,0.8590301125665321
1.0,5.0,0.9020684831900379
5.0,20.0,2.9513241780606188
2.0,9.0,0.4382466760238377
14.0,85.0,6.744303647079581
17.0,71.0,2.2908128326136157
19.0,91.0,1.8352297362005325
6.0,39.0,0.5235698576047152
2.0,4.0,4.762619730200845
3.0,5.0,2.58936807684463
2.0,6.0,2.8094231159745333
0.0,4.0,0.8590301125665321
2.0,5.0,0.9020684831900379
6.0,20.0,2.9513241780606188
3.0,9.0,0.4382466760238377
28.0,85.0,6.744303647079581
25.0,71.0,2.2908128326136157
25.0,91.0,1.8352297362005325
13.0,39.0,0.5235698576047152
1.0,4.0,4.762619730200845
2.0,5.0,2.58936807684463
3.0,6.0,2.8094231159745333
2.0,4.0,0.8590301125665321
3.0,5.0,0.9020684831900379
8.0,20.0,2.9513241780606188
2.0,9.0,0.4382466760238377
35.0,85.0,6.744303647079581
27.0,71.0,2.2908128326136157
36.0,91.0,1.8352297362005325
11.0,39.0,0.5235698576047152
3.0,4.0,4.762619730200845
2.0,5.0,2.58936807684463
4.0,6.0,2.8094231159745333
2.0,4.0,0.8590301125665321
2.0,5.0,0.9020684831900379
10.0,20.0,2.9513241780606188
7.0,9.0,0.4382466760238377
50.0,85.0,6.744303647079581
29.0,71.0,2.2908128326136157
48.0,91.0,1.8352297362005325
19.0,39.0,0.5235698576047152
3.0,4.0,4.762619730200845
5.0,5.0,2.58936807684463
3.0,6.0,2.8094231159745333
3.0,4.0,0.8590301125665321
3.0,5.0,0.9020684831900379
13.0,20.0,2.9513241780606188
6.0,9.0,0.4382466760238377
47.0,85.0,6.744303647079581
46.0,71.0,2.2908128326136157
50.0,91.0,1.8352297362005325
20.0,39.0,0.5235698576047152
2.0,4.0,4.762619730200845
3.0,5.0,2.58936807684463
4.0,6.0,2.8094231159745333
3.0,4.0,0.8590301125665321
4.0,5.0,0.9020684831900379
17.0,20.0,2.9513241780606188
6.0,9.0,0.4382466760238377
66.0,85.0,6.744303647079581
45.0,71.0,2.2908128326136157
59.0,91.0,1.8352297362005325
30.0,39.0,0.5235698576047152
3.0,4.0,4.762619730200845
5.0,5.0,2.58936807684463
3.0,6.0,2.8094231159745333
4.0,4.0,0.8590301125665321
3.0,5.0,0.9020684831900379
18.0,20.0,2.9513241780606188
7.0,9.0,0.4382466760238377
67.0,85.0,6.744303647079581
57.0,71.0,2.2908128326136157
80.0,91.0,1.8352297362005325
32.0,39.0,0.5235698576047152
4.0,4.0,4.762619730200845
4.0,5.0,2.58936807684463
6.0,6.0,2.8094231159745333
4.0,4.0,0.8590301125665321
5.0,5.0,0.9020684831900379
19.0,20.0,2.9513241780606188
9.0,9.0,0.4382466760238377
80.0,85.0,6.744303647079581
62.0,71.0,2.2908128326136157
81.0,91.0,1.8352297362005325
35.0,39.0,0.5235698576047152
1.0,5.0,4.936532966333918
2.0,11.0,3.8915800197609083
1.0,10.0,1.6687217793980333
0.0,20.0,2.2099800920440016
0.0,11.0,0.8557717514176348
7.0,85.0,4.0648386355582335
10.0,102.0,2.743956212265456
2.0,63.0,0.9102344564106104
7.0,67.0,0.8486968539437011
16.0,111.0,1.584901215837376
0.0,11.0,0.13277908969315952
1.0,5.0,4.936532966333918
3.0,11.0,3.8915800197609083
1.0,10.0,1.6687217793980333
3.0,20.0,2.2099800920440016
2.0,11.0,0.8557717514176348
16.0,85.0,4.0648386355582335
19.0,102.0,2.743956212265456
15.0,63.0,0.9102344564106104
10.0,67.0,0.8486968539437011
27.0,111.0,1.584901215837376
2.0,11.0,0.13277908969315952
1.0,5.0,4.936532966333918
5.0,11.0,3.8915800197609083
2.0,10.0,1.6687217793980333
2.0,20.0,2.2099800920440016
2.0,11.0,0.8557717514176348
20.0,85.0,4.0648386355582335
23.0,102.0,2.743956212265456
16.0,63.0,0.9102344564106104
22.0,67.0,0.8486968539437011
34.0,111.0,1.584901215837376
1.0,11.0,0.13277908969315952
1.0,5.0,4.936532966333918
1.0,11.0,3.8915800197609083
2.0,10.0,1.6687217793980333
8.0,20.0,2.2099800920440016
8.0,11.0,0.8557717514176348
32.0,85.0,4.0648386355582335
45.0,102.0,2.743956212265456
27.0,63.0,0.9102344564106104
38.0,67.0,0.8486968539437011
36.0,111.0,1.584901215837376
6.0,11.0,0.13277908969315952
1.0,5.0,4.936532966333918
4.0,11.0,3.8915800197609083
5.0,10.0,1.6687217793980333
10.0,20.0,2.2099800920440016
6.0,11.0,0.8557717514176348
44.0,85.0,4.0648386355582335
44.0,102.0,2.743956212265456
41.0,63.0,0.9102344564106104
29.0,67.0,0.8486968539437011
53.0,111.0,1.584901215837376
6.0,11.0,0.13277908969315952
3.0,5.0,4.936532966333918
8.0,11.0,3.8915800197609083
7.0,10.0,1.6687217793980333
11.0,20.0,2.2099800920440016
8.0,11.0,0.8557717514176348
56.0,85.0,4.0648386355582335
64.0,102.0,2.743956212265456
43.0,63.0,0.9102344564106104
39.0,67.0,0.8486968539437011
69.0,111.0,1.584901215837376
4.0,11.0,0.13277908969315952
3.0,5.0,4.936532966333918
7.0,11.0,3.8915800197609083
7.0,10.0,1.6687217793980333
13.0,20.0,2.2099800920440016
10.0,11.0,0.8557717514176348
56.0,85.0,4.0648386355582335
74.0,102.0,2.743956212265456
46.0,63.0,0.9102344564106104
45.0,67.0,0.8486968539437011
74.0,111.0,1.584901215837376
5.0,11.0,0.13277908969315952
4.0,5.0,4.936532966333918
9.0,11.0,3.8915800197609083
10.0,10.0,1.6687217793980333
15.0,20.0,2.2099800920440016
8.0,11.0,0.8557717514176348
67.0,85.0,4.0648386355582335
78.0,102.0,2.743956212265456
48.0,63.0,0.9102344564106104
52.0,67.0,0.8486968539437011
81.0,111.0,1.584901215837376
9.0,11.0,0.13277908969315952
5.0,5.0,4.936532966333918
10.0,11.0,3.8915800197609083
9.0,10.0,1.6687217793980333
19.0,20.0,2.2099800920440016
10.0,11.0,0.8557717514176348
74.0,85.0,4.0648386355582335
92.0,102.0,2.743956212265456
56.0,63.0,0.9102344564106104
62.0,67.0,0.8486968539437011
98.0,111.0,1.584901215837376
7.0,11.0,0.13277908969315952
1.0,2.0,2.412285098731472
1.0,21.0,13.189871550645575
1.0,2.0,0.29760492006552797
3.0,11.0,0.7659945592295108
0.0,17.0,2.2826964159563197
2.0,39.0,2.394727782446565
1.0,11.0,0.8490111128461122
1.0,5.0,0.2258600163931851
7.0,23.0,1.450187911408393
7.0,52.0,3.0315364882787215
5.0,43.0,1.5474024364834948
1.0,2.0,2.412285098731472
3.0,21.0,13.189871550645575
1.0,2.0,0.29760492006552797
3.0,11.0,0.7659945592295108
1.0,17.0,2.2826964159563197
7.0,39.0,2.394727782446565
1.0,11.0,0.8490111128461122
0.0,5.0,0.2258600163931851
7.0,23.0,1.450187911408393
9.0,52.0,3.0315364882787215
6.0,43.0,1.5474024364834948
1.0,2.0,2.412285098731472
7.0,21.0,13.189871550645575
2.0,2.0,0.29760492006552797
3.0,11.0,0.7659945592295108
2.0,17.0,2.2826964159563197
14.0,39.0,2.394727782446565
3.0,11.0,0.8490111128461122
2.0,5.0,0.2258600163931851
9.0,23.0,1.450187911408393
18.0,52.0,3.0315364882787215
19.0,43.0,1.5474024364834948
2.0,2.0,2.412285098731472
13.0,21.0,13.189871550645575
2.0,2.0,0.29760492006552797
5.0,11.0,0.7659945592295108
6.0,17.0,2.2826964159563197
15.0,39.0,2.394727782446565
6.0,11.0,0.8490111128461122
2.0,5.0,0.2258600163931851
12.0,23.0,1.450187911408393
23.0,52.0,3.0315364882787215
12.0,43.0,1.5474024364834948
1.0,2.0,2.412285098731472
10.0,21.0,13.189871550645575
1.0,2.0,0.29760492006552797
6.0,11.0,0.7659945592295108
7.0,17.0,2.2826964159563197
19.0,39.0,2.394727782446565
4.0,11.0,0.8490111128461122
2.0,5.0,0.2258600163931851
11.0,23.0,1.450187911408393
22.0,52.0,3.0315364882787215
26.0,43.0,1.5474024364834948
1.0,2.0,2.412285098731472
14.0,21.0,13.189871550645575
1.0,2.0,0.29760492006552797
8.0,11.0,0.7659945592295108
11.0,17.0,2.2826964159563197
25.0,39.0,2.394727782446565
6.0,11.0,0.8490111128461122
3.0,5.0,0.2258600163931851
13.0,23.0,1.450187911408393
32.0,52.0,3.0315364882787215
20.0,43.0,1.5474024364834948
2.0,2.0,2.412285098731472
18.0,21.0,13.189871550645575
1.0,2.0,0.29760492006552797
8.0,11.0,0.7659945592295108
10.0,17.0,2.2826964159563197
25.0,39.0,2.394727782446565
6.0,11.0,0.8490111128461122
1.0,5.0,0.2258600163931851
17.0,23.0,1.450187911408393
34.0,52.0,3.0315364882787215
32.0,43.0,1.5474024364834948
1.0,2.0,2.412285098731472
15.0,21.0,13.189871550645575
1.0,2.0,0.29760492006552797
8.0,11.0,0.7659945592295108
14.0,17.0,2.2826964159563197
31.0,39.0,2.394727782446565
10.0,11.0,0.8490111128461122
3.0,5.0,0.2258600163931851
19.0,23.0,1.450187911408393
40.0,52.0,3.0315364882787215
34.0,43.0,1.5474024364834948
2.0,2.0,2.412285098731472
19.0,21.0,13.189871550645575
2.0,2.0,0.29760492006552797
10.0,11.0,0.7659945592295108
16.0,17.0,2.2826964159563197
34.0,39.0,2.394727782446565
9.0,11.0,0.8490111128461122
5.0,5.0,0.2258600163931851
20.0,23.0,1.450187911408393
48.0,52.0,3.0315364882787215
37.0,43.0,1.5474024364834948
1.0,5.0,9.132178915914498
0.0,3.0,1.7131088765726297
2.0,15.0,4.3679775499317435
2.0,7.0,1.2929083717634013
1.0,13.0,1.778573414030093
9.0,91.0,7.7768073840244085
6.0,34.0,1.0730565802084213
1.0,13.0,0.2603917410198557
8.0,89.0,2.3088543087767843
7.0,33.0,0.6433643401182424
8.0,44.0,0.9519836867788675
1.0,5.0,9.132178915914498
1.0,3.0,1.7131088765726297
4.0,15.0,4.3679775499317435
1.0,7.0,1.2929083717634013
1.0,13.0,1.778573414030093
17.0,91.0,7.7768073840244085
5.0,34.0,1.0730565802084213
1.0,13.0,0.2603917410198557
16.0,89.0,2.3088543087767843
7.0,33.0,0.6433643401182424
9.0,44.0,0.9519836867788675
2.0,5.0,9.132178915914498
1.0,3.0,1.7131088765726297
5.0,15.0,4.3679775499317435
2.0,7.0,1.2929083717634013
4.0,13.0,1.778573414030093
20.0,91.0,7.7768073840244085
7.0,34.0,1.0730565802084213
4.0,13.0,0.2603917410198557
32.0,89.0,2.3088543087767843
17.0,33.0,0.6433643401182424
18.0,44.0,0.9519836867788675
1.0,5.0,9.132178915914498
0.0,3.0,1.7131088765726297
8.0,15.0,4.3679775499317435
4.0,7.0,1.2929083717634013
4.0,13.0,1.778573414030093
35.0,91.0,7.7768073840244085
9.0,34.0,1.0730565802084213
5.0,13.0,0.2603917410198557
35.0,89.0,2.3088543087767843
11.0,33.0,0.6433643401182424
14.0,44.0,0.9519836867788675
4.0,5.0,9.132178915914498
1.0,3.0,1.7131088765726297
7.0,15.0,4.3679775499317435
3.0,7.0,1.2929083717634013
8.0,13.0,1.778573414030093
50.0,91.0,7.7768073840244085
14.0,34.0,1.0730565802084213
7.0,13.0,0.2603917410198557
38.0,89.0,2.3088543087767843
22.0,33.0,0.6433643401182424
28.0,44.0,0.9519836867788675
3.0,5.0,9.132178915914498
2.0,3.0,1.7131088765726297
8.0,15.0,4.3679775499317435
4.0,7.0,1.2929083717634013
7.0,13.0,1.778573414030093
50.0,91.0,7.7768073840244085
23.0,34.0,1.0730565802084213
9.0,13.0,0.2603917410198557
64.0,89.0,2.3088543087767843
18.0,33.0,0.6433643401182424
27.0,44.0,0.9519836867788675
5.0,5.0,9.132178915914498
3.0,3.0,1.7131088765726297
11.0,15.0,4.3679775499317435
3.0,7.0,1.2929083717634013
8.0,13.0,1.778573414030093
65.0,91.0,7.7768073840244085
22.0,34.0,1.0730565802084213
6.0,13.0,0.2603917410198557
65.0,89.0,2.3088543087767843
24.0,33.0,0.6433643401182424
32.0,44.0,0.9519836867788675
4.0,5.0,9.132178915914498
3.0,3.0,1.7131088765726297
11.0,15.0,4.3679775499317435
3.0,7.0,1.2929083717634013
8.0,13.0,1.778573414030093
65.0,91.0,7.7768073840244085
32.0,34.0,1.0730565802084213
12.0,13.0,0.2603917410198557
73.0,89.0,2.3088543087767843
27.0,33.0,0.6433643401182424
39.0,44.0,0.9519836867788675
4.0,5.0,9.132178915914498
3.0,3.0,1.7131088765726297
13.0,15.0,4.3679775499317435
7.0,7.0,1.2929083717634013
12.0,13.0,1.778573414030093
84.0,91.0,7.7768073840244085
32.0,34.0,1.0730565802084213
12.0,13.0,0.2603917410198557
79.0,89.0,2.3088543087767843
30.0,33.0,0.6433643401182424
38.0,44.0,0.9519836867788675
1.0,3.0,2.428306062204151
0.0,13.0,8.738503377584786
1.0,14.0,2.450741694384269
2.0,24.0,2.613790877951979
4.0,12.0,0.5089620007888714
3.0,12.0,0.6466161755409036
7.0,66.0,3.695866394066125
4.0,41.0,1.292476237180268
1.0,6.0,0.18312848514909272
6.0,35.0,0.8950366173013488
4.0,19.0,0.6381259084132652
1.0,3.0,2.428306062204151
2.0,13.0,8.738503377584786
2.0,14.0,2.450741694384269
4.0,24.0,2.613790877951979
1.0,12.0,0.5089620007888714
3.0,12.0,0.6466161755409036
19.0,66.0,3.695866394066125
7.0,41.0,1.292476237180268
0.0,6.0,0.18312848514909272
11.0,35.0,0.8950366173013488
2.0,19.0,0.6381259084132652
1.0,3.0,2.428306062204151
3.0,13.0,8.738503377584786
5.0,14.0,2.450741694384269
12.0,24.0,2.613790877951979
3.0,12.0,0.5089620007888714
6.0,12.0,0.6466161755409036
16.0,66.0,3.695866394066125
11.0,41.0,1.292476237180268
1.0,6.0,0.18312848514909272
14.0,35.0,0.8950366173013488
10.0,19.0,0.6381259084132652
1.0,3.0,2.428306062204151
8.0,13.0,8.738503377584786
4.0,14.0,2.450741694384269
13.0,24.0,2.613790877951979
8.0,12.0,0.5089620007888714
4.0,12.0,0.6466161755409036
22.0,66.0,3.695866394066125
13.0,41.0,1.292476237180268
0.0,6.0,0.18312848514909272
14.0,35.0,0.8950366173013488
7.0,19.0,0.6381259084132652
3.0,3.0,2.428306062204151
7.0,13.0,8.738503377584786
7.0,14.0,2.450741694384269
13.0,24.0,2.613790877951979
2.0,12.0,0.5089620007888714
5.0,12.0,0.6466161755409036
29.0,66.0,3.695866394066125
19.0,41.0,1.292476237180268
3.0,6.0,0.18312848514909272
16.0,35.0,0.8950366173013488
6.0,19.0,0.6381259084132652
2.0,3.0,2.428306062204151
9.0,13.0,8.738503377584786
7.0,14.0,2.450741694384269
16.0,24.0,2.613790877951979
4.0,12.0,0.5089620007888714
7.0,12.0,0.6466161755409036
43.0,66.0,3.695866394066125
25.0,41.0,1.292476237180268
3.0,6.0,0.18312848514909272
23.0,35.0,0.8950366173013488
13.0,19.0,0.6381259084132652
2.0,3.0,2.428306062204151
12.0,13.0,8.738503377584786
9.0,14.0,2.450741694384269
19.0,24.0,2.613790877951979
9.0,12.0,0.5089620007888714
9.0,12.0,0.6466161755409036
45.0,66.0,3.695866394066125
28.0,41.0,1.292476237180268
5.0,6.0,0.18312848514909272
19.0,35.0,0.8950366173013488
10.0,19.0,0.6381259084132652
3.0,3.0,2.428306062204151
11.0,13.0,8.738503377584786
9.0,14.0,2.450741694384269
20.0,24.0,2.613790877951979
10.0,12.0,0.5089620007888714
8.0,12.0,0.6466161755409036
50.0,66.0,3.695866394066125
32.0,41.0,1.292476237180268
4.0,6.0,0.18312848514909272
28.0,35.0,0.8950366173013488
14.0,19.0,0.6381259084132652
3.0,3.0,2.428306062204151
10.0,13.0,8.738503377584786
14.0,14.0,2.450741694384269
23.0,24.0,2.613790877951979
12.0,12.0,0.5089620007888714
12.0,12.0,0.6466161755409036
61.0,66.0,3.695866394066125
34.0,41.0,1.292476237180268
6.0,6.0,0.18312848514909272
32.0,35.0,0.8950366173013488
18.0,19.0,0.6381259084132652
1.0,4.0,6.337527454134752
1.0,15.0,7.246796920877614
2.0,13.0,2.8701457025262345
2.0,29.0,2.2280401304210526
0.0,5.0,0.2905342307340701
0.0,4.0,0.295801631045092
1.0,7.0,0.3539524470286406
6.0,24.0,2.699301878318284
8.0,49.0,3.9211987921203146
1.0,12.0,0.5372147979629865
1.0,20.0,0.5523024145814667
2.0,4.0,6.337527454134752
4.0,15.0,7.246796920877614
2.0,13.0,2.8701457025262345
4.0,29.0,2.2280401304210526
4.0,5.0,0.2905342307340701
0.0,4.0,0.295801631045092
1.0,7.0,0.3539524470286406
4.0,24.0,2.699301878318284
6.0,49.0,3.9211987921203146
3.0,12.0,0.5372147979629865
2.0,20.0,0.5523024145814667
2.0,4.0,6.337527454134752
5.0,15.0,7.246796920877614
5.0,13.0,2.8701457025262345
13.0,29.0,2.2280401304210526
2.0,5.0,0.2905342307340701
1.0,4.0,0.295801631045092
3.0,7.0,0.3539524470286406
9.0,24.0,2.699301878318284
10.0,49.0,3.9211987921203146
2.0,12.0,0.5372147979629865
7.0,20.0,0.5523024145814667
2.0,4.0,6.337527454134752
9.0,15.0,7.246796920877614
5.0,13.0,2.8701457025262345
10.0,29.0,2.2280401304210526
3.0,5.0,0.2905342307340701
1.0,4.0,0.295801631045092
3.0,7.0,0.3539524470286406
10.0,24.0,2.699301878318284
22.0,49.0,3.9211987921203146
8.0,12.0,0.5372147979629865
10.0,20.0,0.5523024145814667
3.0,4.0,6.337527454134752
8.0,15.0,7.246796920877614
5.0,13.0,2.8701457025262345
19.0,29.0,2.2280401304210526
5.0,5.0,0.2905342307340701
1.0,4.0,0.295801631045092
3.0,7.0,0.3539524470286406
8.0,24.0,2.699301878318284
23.0,49.0,3.9211987921203146
7.0,12.0,0.5372147979629865
10.0,20.0,0.5523024145814667
3.0,4.0,6.337527454134752
8.0,15.0,7.246796920877614
6.0,13.0,2.8701457025262345
18.0,29.0,2.2280401304210526
2.0,5.0,0.2905342307340701
4.0,4.0,0.295801631045092
3.0,7.0,0.3539524470286406
13.0,24.0,2.699301878318284
33.0,49.0,3.9211987921203146
8.0,12.0,0.5372147979629865
10.0,20.0,0.5523024145814667
3.0,4.0,6.337527454134752
10.0,15.0,7.246796920877614
10.0,13.0,2.8701457025262345
15.0,29.0,2.2280401304210526
4.0,5.0,0.2905342307340701
2.0,4.0,0.295801631045092
6.0,7.0,0.3539524470286406
16.0,24.0,2.699301878318284
36.0,49.0,3.9211987921203146
8.0,12.0,0.5372147979629865
15.0,20.0,0.5523024145814667
2.0,4.0,6.337527454134752
10.0,15.0,7.246796920877614
11.0,13.0,2.8701457025262345
23.0,29.0,2.2280401304210526
4.0,5.0,0.2905342307340701
4.0,4.0,0.295801631045092
4.0,7.0,0.3539524470286406
20.0,24.0,2.699301878318284
41.0,49.0,3.9211987921203146
8.0,12.0,0.5372147979629865
18.0,20.0,0.5523024145814667
3.0,4.0,6.337527454134752
13.0,15.0,7.246796920877614
12.0,13.0,2.8701457025262345
24.0,29.0,2.2280401304210526
5.0,5.0,0.2905342307340701
3.0,4.0,0.295801631045092
6.0,7.0,0.3539524470286406
23.0,24.0,2.699301878318284
47.0,49.0,3.9211987921203146
11.0,12.0,0.5372147979629865
18.0,20.0,0.5523024145814667
1.0,4.0,8.34823888118014
2.0,15.0,5.642294936896236
0.0,4.0,1.2128013426964246
0.0,19.0,2.2990508581561637
2.0,36.0,3.970061230796463
4.0,56.0,2.5629273662690926
11.0,99.0,2.457123523235258
1.0,22.0,0.35590019761189884
8.0,90.0,1.4952422061361046
7.0,73.0,1.097478456194349
2.0,29.0,0.470323047090524
1.0,4.0,8.34823888118014
2.0,15.0,5.642294936896236
0.0,4.0,1.2128013426964246
1.0,19.0,2.2990508581561637
9.0,36.0,3.970061230796463
12.0,56.0,2.5629273662690926
21.0,99.0,2.457123523235258
3.0,22.0,0.35590019761189884
17.0,90.0,1.4952422061361046
14.0,73.0,1.097478456194349
5.0,29.0,0.470323047090524
3.0,4.0,8.34823888118014
5.0,15.0,5.642294936896236
4.0,4.0,1.2128013426964246
5.0,19.0,2.2990508581561637
14.0,36.0,3.970061230796463
13.0,56.0,2.5629273662690926
31.0,99.0,2.457123523235258
7.0,22.0,0.35590019761189884
35.0,90.0,1.4952422061361046
25.0,73.0,1.097478456194349
7.0,29.0,0.470323047090524
2.0,4.0,8.34823888118014
8.0,15.0,5.642294936896236
1.0,4.0,1.2128013426964246
10.0,19.0,2.2990508581561637
21.0,36.0,3.970061230796463
19.0,56.0,2.5629273662690926
44.0,99.0,2.457123523235258
10.0,22.0,0.35590019761189884
35.0,90.0,1.4952422061361046
29.0,73.0,1.097478456194349
11.0,29.0,0.470323047090524
1.0,4.0,8.34823888118014
10.0,15.0,5.642294936896236
0.0,4.0,1.2128013426964246
6.0,19.0,2.2990508581561637
18.0,36.0,3.970061230796463
36.0,56.0,2.5629273662690926
62.0,99.0,2.457123523235258
9.0,22.0,0.35590019761189884
41.0,90.0,1.4952422061361046
36.0,73.0,1.097478456194349
17.0,29.0,0.470323047090524
2.0,4.0,8.34823888118014
6.0,15.0,5.642294936896236
1.0,4.0,1.2128013426964246
9.0,19.0,2.2990508581561637
26.0,36.0,3.970061230796463
36.0,56.0,2.5629273662690926
61.0,99.0,2.457123523235258
12.0,22.0,0.35590019761189884
48.0,90.0,1.4952422061361046
40.0,73.0,1.097478456194349
16.0,29.0,0.470323047090524
3.0,4.0,8.34823888118014
11.0,15.0,5.642294936896236
4.0,4.0,1.2128013426964246
14.0,19.0,2.2990508581561637
24.0,36.0,3.970061230796463
49.0,56.0,2.5629273662690926
67.0,99.0,2.457123523235258
17.0,22.0,0.35590019761189884
63.0,90.0,1.4952422061361046
58.0,73.0,1.097478456194349
18.0,29.0,0.470323047090524
2.0,4.0,8.34823888118014
11.0,15.0,5.642294936896236
4.0,4.0,1.2128013426964246
12.0,19.0,2.2990508581561637
32.0,36.0,3.970061230796463
46.0,56.0,2.5629273662690926
81.0,99.0,2.457123523235258
19.0,22.0,0.35590019761189884
75.0,90.0,1.4952422061361046
58.0,73.0,1.097478456194349
21.0,29.0,0.470323047090524
3.0,4.0,8.34823888118014
13.0,15.0,5.642294936896236
4.0,4.0,1.2128013426964246
15.0,19.0,2.2990508581561637
31.0,36.0,3.970061230796463
51.0,56.0,2.5629273662690926
87.0,99.0,2.457123523235258
20.0,22.0,0.35590019761189884
83.0,90.0,1.4952422061361046
70.0,73.0,1.097478456194349
27.0,29.0,0.470323047090524
1.0,3.0,4.985842832369882
1.0,1.0,0.4469407746751267
0.0,8.0,4.484786334470093
3.0,26.0,6.240778820943543
2.0,16.0,2.2246959731321554
1.0,20.0,1.0056288149144061
7.0,71.0,3.6012862000756978
6.0,38.0,1.1880010718235285
4.0,43.0,1.0596299616028324
9.0,71.0,1.52353852643582
4.0,24.0,0.4060654535170783
1.0,3.0,4.985842832369882
1.0,1.0,0.4469407746751267
2.0,8.0,4.484786334470093
8.0,26.0,6.240778820943543
2.0,16.0,2.2246959731321554
4.0,20.0,1.0056288149144061
13.0,71.0,3.6012862000756978
11.0,38.0,1.1880010718235285
6.0,43.0,1.0596299616028324
15.0,71.0,1.52353852643582
5.0,24.0,0.4060654535170783
1.0,3.0,4.985842832369882
1.0,1.0,0.4469407746751267
1.0,8.0,4.484786334470093
10.0,26.0,6.240778820943543
7.0,16.0,2.2246959731321554
5.0,20.0,1.0056288149144061
16.0,71.0,3.6012862000756978
9.0,38.0,1.1880010718235285
15.0,43.0,1.0596299616028324
27.0,71.0,1.52353852643582
7.0,24.0,0.4060654535170783
1.0,3.0,4.985842832369882
1.0,1.0,0.4469407746751267
3.0,8.0,4.484786334470093
9.0,26.0,6.240778820943543
6.0,16.0,2.2246959731321554
6.0,20.0,1.0056288149144061
32.0,71.0,3.6012862000756978
12.0,38.0,1.1880010718235285
18.0,43.0,1.0596299616028324
26.0,71.0,1.52353852643582
9.0,24.0,0.4060654535170783
2.0,3.0,4.985842832369882
1.0,1.0,0.4469407746751267
4.0,8.0,4.484786334470093
12.0,26.0,6.240778820943543
10.0,16.0,2.2246959731321554
7.0,20.0,1.0056288149144061
30.0,71.0,3.6012862000756978
17.0,38.0,1.1880010718235285
21.0,43.0,1.0596299616028324
34.0,71.0,1.52353852643582
13.0,24.0,0.4060654535170783
1.0,3.0,4.985842832369882
0.0,1.0,0.4469407746751267
5.0,8.0,4.484786334470093
17.0,26.0,6.240778820943543
5.0,16.0,2.2246959731321554
11.0,20.0,1.0056288149144061
48.0,71.0,3.6012862000756978
25.0,38.0,1.1880010718235285
26.0,43.0,1.0596299616028324
41.0,71.0,1.52353852643582
16.0,24.0,0.4060654535170783
3.0,3.0,4.985842832369882
0.0,1.0,0.4469407746751267
6.0,8.0,4.484786334470093
15.0,26.0,6.240778820943543
12.0,16.0,2.2246959731321554
16.0,20.0,1.0056288149144061
52.0,71.0,3.6012862000756978
28.0,38.0,1.1880010718235285
26.0,43.0,1.0596299616028324
47.0,71.0,1.52353852643582
18.0,24.0,0.4060654535170783
2.0,3.0,4.985842832369882
1.0,1.0,0.4469407746751267
6.0,8.0,4.484786334470093
21.0,26.0,6.240778820943543
11.0,16.0,2.2246959731321554
14.0,20.0,1.0056288149144061
51.0,71.0,3.6012862000756978
31.0,38.0,1.1880010718235285
37.0,43.0,1.0596299616028324
57.0,71.0,1.52353852643582
18.0,24.0,0.4060654535170783
3.0,3.0,4.985842832369882
1.0,1.0,0.4469407746751267
6.0,8.0,4.484786334470093
26.0,26.0,6.240778820943543
14.0,16.0,2.2246959731321554
20.0,20.0,1.0056288149144061
57.0,71.0,3.6012862000756978
36.0,38.0,1.1880010718235285
39.0,43.0,1.0596299616028324
66.0,71.0,1.52353852643582
21.0,24.0,0.4060654535170783
3.0,4.0,7.799519009293284
2.0,9.0,3.284288608316018
2.0,17.0,3.346269294803182
1.0,11.0,1.1040985171939355
0.0,8.0,0.5944322530986661
1.0,19.0,2.362399441579927
4.0,8.0,0.7314331132010041
5.0,43.0,2.938816179718111
5.0,52.0,2.3265328622498003
10.0,78.0,1.8234834990644155
2.0,28.0,0.55706651124367
2.0,4.0,7.799519009293284
0.0,9.0,3.284288608316018
2.0,17.0,3.346269294803182
0.0,11.0,1.1040985171939355
3.0,8.0,0.5944322530986661
5.0,19.0,2.362399441579927
1.0,8.0,0.7314331132010041
5.0,43.0,2.938816179718111
7.0,52.0,2.3265328622498003
14.0,78.0,1.8234834990644155
4.0,28.0,0.55706651124367
1.0,4.0,7.799519009293284
2.0,9.0,3.284288608316018
4.0,17.0,3.346269294803182
2.0,11.0,1.1040985171939355
1.0,8.0,0.5944322530986661
3.0,19.0,2.362399441579927
1.0,8.0,0.7314331132010041
15.0,43.0,2.938816179718111
15.0,52.0,2.3265328622498003
21.0,78.0,1.8234834990644155
10.0,28.0,0.55706651124367
3.0,4.0,7.799519009293284
3.0,9.0,3.284288608316018
5.0,17.0,3.346269294803182
5.0,11.0,1.1040985171939355
4.0,8.0,0.5944322530986661
6.0,19.0,2.362399441579927
3.0,8.0,0.7314331132010041
18.0,43.0,2.938816179718111
16.0,52.0,2.3265328622498003
35.0,78.0,1.8234834990644155
10.0,28.0,0.55706651124367
1.0,4.0,7.799519009293284
8.0,9.0,3.284288608316018
8.0,17.0,3.346269294803182
6.0,11.0,1.1040985171939355
2.0,8.0,0.5944322530986661
8.0,19.0,2.362399441579927
2.0,8.0,0.7314331132010041
24.0,43.0,2.938816179718111
24.0,52.0,2.3265328622498003
42.0,78.0,1.8234834990644155
19.0,28.0,0.55706651124367
2.0,4.0,7.799519009293284
8.0,9.0,3.284288608316018
7.0,17.0,3.346269294803182
8.0,11.0,1.1040985171939355
5.0,8.0,0.5944322530986661
14.0,19.0,2.362399441579927
5.0,8.0,0.7314331132010041
29.0,43.0,2.938816179718111
26.0,52.0,2.3265328622498003
52.0,78.0,1.8234834990644155
20.0,28.0,0.55706651124367
3.0,4.0,7.799519009293284
7.0,9.0,3.284288608316018
11.0,17.0,3.346269294803182
8.0,11.0,1.1040985171939355
6.0,8.0,0.5944322530986661
14.0,19.0,2.362399441579927
7.0,8.0,0.7314331132010041
32.0,43.0,2.938816179718111
36.0,52.0,2.3265328622498003
54.0,78.0,1.8234834990644155
16.0,28.0,0.55706651124367
3.0,4.0,7.799519009293284
5.0,9.0,3.284288608316018
11.0,17.0,3.346269294803182
10.0,11.0,1.1040985171939355
6.0,8.0,0.5944322530986661
14.0,19.0,2.362399441579927
8.0,8.0,0.7314331132010041
34.0,43.0,2.938816179718111
40.0,52.0,2.3265328622498003
64.0,78.0,1.8234834990644155
23.0,28.0,0.55706651124367
4.0,4.0,7.799519009293284
8.0,9.0,3.284288608316018
14.0,17.0,3.346269294803182
10.0,11.0,1.1040985171939355
8.0,8.0,0.5944322530986661
17.0,19.0,2.362399441579927
8.0,8.0,0.7314331132010041
38.0,43.0,2.938816179718111
45.0,52.0,2.3265328622498003
70.0,78.0,1.8234834990644155
26.0,28.0,0.55706651124367
1.0,3.0,2.52455580126986
1.0,4.0,0.8147871961766435
0.0,9.0,3.222500533940217
1.0,24.0,5.585389775025628
3.0,25.0,1.4262911437846277
11.0,69.0,3.95819097476812
11.0,99.0,2.2692913023244135
1.0,3.0,0.07617442942919336
1.0,21.0,0.5254613376888396
5.0,55.0,1.4303268739163724
3.0,18.0,0.4567743330547081
3.0,3.0,2.52455580126986
1.0,4.0,0.8147871961766435
4.0,9.0,3.222500533940217
3.0,24.0,5.585389775025628
5.0,25.0,1.4262911437846277
9.0,69.0,3.95819097476812
23.0,99.0,2.2692913023244135
0.0,3.0,0.07617442942919336
8.0,21.0,0.5254613376888396
12.0,55.0,1.4303268739163724
3.0,18.0,0.4567743330547081
1.0,3.0,2.52455580126986
1.0,4.0,0.8147871961766435
2.0,9.0,3.222500533940217
7.0,24.0,5.585389775025628
6.0,25.0,1.4262911437846277
21.0,69.0,3.95819097476812
37.0,99.0,2.2692913023244135
0.0,3.0,0.07617442942919336
8.0,21.0,0.5254613376888396
19.0,55.0,1.4303268739163724
8.0,18.0,0.4567743330547081
1.0,3.0,2.52455580126986
1.0,4.0,0.8147871961766435
4.0,9.0,3.222500533940217
10.0,24.0,5.585389775025628
10.0,25.0,1.4262911437846277
32.0,69.0,3.95819097476812
40.0,99.0,2.2692913023244135
1.0,3.0,0.07617442942919336
12.0,21.0,0.5254613376888396
20.0,55.0,1.4303268739163724
6.0,18.0,0.4567743330547081
3.0,3.0,2.52455580126986
1.0,4.0,0.8147871961766435
4.0,9.0,3.222500533940217
15.0,24.0,5.585389775025628
12.0,25.0,1.4262911437846277
40.0,69.0,3.95819097476812
44.0,99.0,2.2692913023244135
2.0,3.0,0.07617442942919336
8.0,21.0,0.5254613376888396
29.0,55.0,1.4303268739163724
6.0,18.0,0.4567743330547081
1.0,3.0,2.52455580126986
2.0,4.0,0.8147871961766435
6.0,9.0,3.222500533940217
17.0,24.0,5.585389775025628
15.0,25.0,1.4262911437846277
36.0,69.0,3.95819097476812
55.0,99.0,2.2692913023244135
2.0,3.0,0.07617442942919336
11.0,21.0,0.5254613376888396
29.0,55.0,1.4303268739163724
7.0,18.0,0.4567743330547081
3.0,3.0,2.52455580126986
3.0,4.0,0.8147871961766435
6.0,9.0,3.222500533940217
15.0,24.0,5.585389775025628
16.0,25.0,1.4262911437846277
51.0,69.0,3.95819097476812
73.0,99.0,2.2692913023244135
2.0,3.0,0.07617442942919336
12.0,21.0,0.5254613376888396
34.0,55.0,1.4303268739163724
13.0,18.0,0.4567743330547081
3.0,3.0,2.52455580126986
2.0,4.0,0.8147871961766435
7.0,9.0,3.222500533940217
17.0,24.0,5.585389775025628
23.0,25.0,1.4262911437846277
56.0,69.0,3.95819097476812
76.0,99.0,2.2692913023244135
3.0,3.0,0.07617442942919336
15.0,21.0,0.5254613376888396
41.0,55.0,1.4303268739163724
13.0,18.0,0.4567743330547081
2.0,3.0,2.52455580126986
4.0,4.0,0.8147871961766435
8.0,9.0,3.222500533940217
21.0,24.0,5.585389775025628
22.0,25.0,1.4262911437846277
59.0,69.0,3.95819097476812
93.0,99.0,2.2692913023244135
3.0,3.0,0.07617442942919336
18.0,21.0,0.5254613376888396
48.0,55.0,1.4303268739163724
17.0,18.0,0.4567743330547081
2.0,10.0,13.895209040110574
0.0,5.0,1.547499697625178
3.0,22.0,4.23382249490514
4.0,36.0,2.4954350442405895
0.0,19.0,1.1617940578887185
3.0,23.0,0.5503530484073416
0.0,13.0,0.6938103780236238
1.0,18.0,0.7997230423947039
3.0,28.0,1.291685537488778
7.0,48.0,2.378072894758472
4.0,42.0,1.3774594126693793
2.0,10.0,13.895209040110574
1.0,5.0,1.547499697625178
4.0,22.0,4.23382249490514
5.0,36.0,2.4954350442405895
5.0,19.0,1.1617940578887185
8.0,23.0,0.5503530484073416
2.0,13.0,0.6938103780236238
4.0,18.0,0.7997230423947039
5.0,28.0,1.291685537488778
7.0,48.0,2.378072894758472
6.0,42.0,1.3774594126693793
4.0,10.0,13.895209040110574
2.0,5.0,1.547499697625178
8.0,22.0,4.23382249490514
12.0,36.0,2.4954350442405895
4.0,19.0,1.1617940578887185
10.0,23.0,0.5503530484073416
5.0,13.0,0.6938103780236238
6.0,18.0,0.7997230423947039
10.0,28.0,1.291685537488778
15.0,48.0,2.378072894758472
13.0,42.0,1.3774594126693793
4.0,10.0,13.895209040110574
0.0,5.0,1.547499697625178
7.0,22.0,4.23382249490514
20.0,36.0,2.4954350442405895
9.0,19.0,1.1617940578887185
7.0,23.0,0.5503530484073416
1.0,13.0,0.6938103780236238
8.0,18.0,0.7997230423947039
10.0,28.0,1.291685537488778
26.0,48.0,2.378072894758472
23.0,42.0,1.3774594126693793
6.0,10.0,13.895209040110574
2.0,5.0,1.547499697625178
13.0,22.0,4.23382249490514
19.0,36.0,2.4954350442405895
13.0,19.0,1.1617940578887185
10.0,23.0,0.5503530484073416
5.0,13.0,0.6938103780236238
7.0,18.0,0.7997230423947039
8.0,28.0,1.291685537488778
22.0,48.0,2.378072894758472
18.0,42.0,1.3774594126693793
3.0,10.0,13.895209040110574
3.0,5.0,1.547499697625178
14.0,22.0,4.23382249490514
26.0,36.0,2.4954350442405895
16.0,19.0,1.1617940578887185
14.0,23.0,0.5503530484073416
9.0,13.0,0.6938103780236238
12.0,18.0,0.7997230423947039
16.0,28.0,1.291685537488778
34.0,48.0,2.378072894758472
20.0,42.0,1.3774594126693793
7.0,10.0,13.895209040110574
3.0,5.0,1.547499697625178
18.0,22.0,4.23382249490514
22.0,36.0,2.4954350442405895
12.0,19.0,1.1617940578887185
13.0,23.0,0.5503530484073416
8.0,13.0,0.6938103780236238
15.0,18.0,0.7997230423947039
23.0,28.0,1.291685537488778
33.0,48.0,2.378072894758472
30.0,42.0,1.3774594126693793
8.0,10.0,13.895209040110574
5.0,5.0,1.547499697625178
17.0,22.0,4.23382249490514
26.0,36.0,2.4954350442405895
16.0,19.0,1.1617940578887185
23.0,23.0,0.5503530484073416
12.0,13.0,0.6938103780236238
16.0,18.0,0.7997230423947039
21.0,28.0,1.291685537488778
40.0,48.0,2.378072894758472
37.0,42.0,1.3774594126693793
9.0,10.0,13.895209040110574
5.0,5.0,1.547499697625178
20.0,22.0,4.23382249490514
30.0,36.0,2.4954350442405895
17.0,19.0,1.1617940578887185
21.0,23.0,0.5503530484073416
11.0,13.0,0.6938103780236238
17.0,18.0,0.7997230423947039
26.0,28.0,1.291685537488778
47.0,48.0,2.378072894758472
34.0,42.0,1.3774594126693793
2.0,4.0,2.485421257724383
2.0,7.0,2.879187988067502
1.0,5.0,2.0612764833666355
1.0,7.0,0.5739008961582146
2.0,28.0,4.488561534920247
0.0,14.0,0.8406628229950627
1.0,9.0,0.5266499634208681
1.0,27.0,1.7666643926841488
4.0,56.0,2.946129685082994
1.0,16.0,0.6238096444899655
1.0,14.0,0.9341229817247991
2.0,4.0,2.485421257724383
0.0,7.0,2.879187988067502
2.0,5.0,2.0612764833666355
1.0,7.0,0.5739008961582146
5.0,28.0,4.488561534920247
5.0,14.0,0.8406628229950627
2.0,9.0,0.5266499634208681
7.0,27.0,1.7666643926841488
13.0,56.0,2.946129685082994
2.0,16.0,0.6238096444899655
1.0,14.0,0.9341229817247991
1.0,4.0,2.485421257724383
1.0,7.0,2.879187988067502
2.0,5.0,2.0612764833666355
1.0,7.0,0.5739008961582146
6.0,28.0,4.488561534920247
2.0,14.0,0.8406628229950627
2.0,9.0,0.5266499634208681
7.0,27.0,1.7666643926841488
16.0,56.0,2.946129685082994
6.0,16.0,0.6238096444899655
3.0,14.0,0.9341229817247991
1.0,4.0,2.485421257724383
3.0,7.0,2.879187988067502
1.0,5.0,2.0612764833666355
3.0,7.0,0.5739008961582146
10.0,28.0,4.488561534920247
5.0,14.0,0.8406628229950627
2.0,9.0,0.5266499634208681
12.0,27.0,1.7666643926841488
24.0,56.0,2.946129685082994
8.0,16.0,0.6238096444899655
6.0,14.0,0.9341229817247991
1.0,4.0,2.485421257724383
2.0,7.0,2.879187988067502
3.0,5.0,2.0612764833666355
4.0,7.0,0.5739008961582146
12.0,28.0,4.488561534920247
9.0,14.0,0.8406628229950627
4.0,9.0,0.5266499634208681
11.0,27.0,1.7666643926841488
21.0,56.0,2.946129685082994
5.0,16.0,0.6238096444899655
6.0,14.0,0.9341229817247991
3.0,4.0,2.485421257724383
5.0,7.0,2.879187988067502
2.0,5.0,2.0612764833666355
5.0,7.0,0.5739008961582146
16.0,28.0,4.488561534920247
8.0,14.0,0.8406628229950627
6.0,9.0,0.5266499634208681
14.0,27.0,1.7666643926841488
38.0,56.0,2.946129685082994
6.0,16.0,0.6238096444899655
5.0,14.0,0.9341229817247991
3.0,4.0,2.485421257724383
5.0,7.0,2.879187988067502
4.0,5.0,2.0612764833666355
4.0,7.0,0.5739008961582146
20.0,28.0,4.488561534920247
10.0,14.0,0.8406628229950627
3.0,9.0,0.5266499634208681
20.0,27.0,1.7666643926841488
37.0,56.0,2.946129685082994
14.0,16.0,0.6238096444899655
12.0,14.0,0.9341229817247991
4.0,4.0,2.485421257724383
4.0,7.0,2.879187988067502
5.0,5.0,2.0612764833666355
4.0,7.0,0.5739008961582146
23.0,28.0,4.488561534920247
14.0,14.0,0.8406628229950627
7.0,9.0,0.5266499634208681
22.0,27.0,1.7666643926841488
43.0,56.0,2.946129685082994
13.0,16.0,0.6238096444899655
10.0,14.0,0.9341229817247991
4.0,4.0,2.485421257724383
5.0,7.0,2.879187988067502
4.0,5.0,2.0612764833666355
7.0,7.0,0.5739008961582146
27.0,28.0,4.488561534920247
13.0,14.0,0.8406628229950627
7.0,9.0,0.5266499634208681
24.0,27.0,1.7666643926841488
49.0,56.0,2.946129685082994
15.0,16.0,0.6238096444899655
12.0,14.0,0.9341229817247991
3.0,14.0,9.676973744075852
1.0,8.0,1.3905083859275245
1.0,19.0,2.7555524646694676
1.0,9.0,1.1688920407270833
0.0,3.0,0.14157576177999823
3.0,19.0,2.4126413851151423
3.0,22.0,1.7485715625623894
4.0,9.0,0.8179756796978873
2.0,24.0,1.9944955438559218
3.0,11.0,0.8257344162603173
4.0,46.0,3.2931054393023422
1.0,14.0,9.676973744075852
1.0,8.0,1.3905083859275245
3.0,19.0,2.7555524646694676
2.0,9.0,1.1688920407270833
2.0,3.0,0.14157576177999823
2.0,19.0,2.4126413851151423
2.0,22.0,1.7485715625623894
2.0,9.0,0.8179756796978873
4.0,24.0,1.9944955438559218
4.0,11.0,0.8257344162603173
9.0,46.0,3.2931054393023422
6.0,14.0,9.676973744075852
1.0,8.0,1.3905083859275245
6.0,19.0,2.7555524646694676
2.0,9.0,1.1688920407270833
1.0,3.0,0.14157576177999823
3.0,19.0,2.4126413851151423
5.0,22.0,1.7485715625623894
3.0,9.0,0.8179756796978873
6.0,24.0,1.9944955438559218
2.0,11.0,0.8257344162603173
20.0,46.0,3.2931054393023422
10.0,14.0,9.676973744075852
2.0,8.0,1.3905083859275245
9.0,19.0,2.7555524646694676
3.0,9.0,1.1688920407270833
1.0,3.0,0.14157576177999823
4.0,19.0,2.4126413851151423
7.0,22.0,1.7485715625623894
2.0,9.0,0.8179756796978873
8.0,24.0,1.9944955438559218
2.0,11.0,0.8257344162603173
21.0,46.0,3.2931054393023422
11.0,14.0,9.676973744075852
4.0,8.0,1.3905083859275245
11.0,19.0,2.7555524646694676
6.0,9.0,1.1688920407270833
1.0,3.0,0.14157576177999823
10.0,19.0,2.4126413851151423
13.0,22.0,1.7485715625623894
2.0,9.0,0.8179756796978873
13.0,24.0,1.9944955438559218
6.0,11.0,0.8257344162603173
20.0,46.0,3.2931054393023422
7.0,14.0,9.676973744075852
5.0,8.0,1.3905083859275245
9.0,19.0,2.7555524646694676
7.0,9.0,1.1688920407270833
1.0,3.0,0.14157576177999823
8.0,19.0,2.4126413851151423
10.0,22.0,1.7485715625623894
5.0,9.0,0.8179756796978873
15.0,24.0,1.9944955438559218
4.0,11.0,0.8257344162603173
21.0,46.0,3.2931054393023422
11.0,14.0,9.676973744075852
6.0,8.0,1.3905083859275245
15.0,19.0,2.7555524646694676
6.0,9.0,1.1688920407270833
3.0,3.0,0.14157576177999823
15.0,19.0,2.4126413851151423
18.0,22.0,1.7485715625623894
5.0,9.0,0.8179756796978873
18.0,24.0,1.9944955438559218
9.0,11.0,0.8257344162603173
37.0,46.0,3.2931054393023422
11.0,14.0,9.676973744075852
6.0,8.0,1.3905083859275245
17.0,19.0,2.7555524646694676
9.0,9.0,1.1688920407270833
2.0,3.0,0.14157576177999823
15.0,19.0,2.4126413851151423
16.0,22.0,1.7485715625623894
7.0,9.0,0.8179756796978873
16.0,24.0,1.9944955438559218
9.0,11.0,0.8257344162603173
36.0,46.0,3.2931054393023422
13.0,14.0,9.676973744075852
8.0,8.0,1.3905083859275245
16.0,19.0,2.7555524646694676
7.0,9.0,1.1688920407270833
2.0,3.0,0.14157576177999823
16.0,19.0,2.4126413851151423
20.0,22.0,1.7485715625623894
7.0,9.0,0.8179756796978873
22.0,24.0,1.9944955438559218
11.0,11.0,0.8257344162603173
38.0,46.0,3.2931054393023422
1.0,4.0,4.717455216083715
2.0,14.0,9.045069786725344
2.0,20.0,3.3905419951270663
1.0,13.0,0.8125495061639789
4.0,23.0,1.665787271279317
9.0,55.0,1.9258069924423824
0.0,4.0,0.09978708156739044
1.0,5.0,0.3677927263473274
6.0,53.0,2.546378853157065
10.0,71.0,2.62045228650822
1.0,6.0,0.10794723630580083
1.0,4.0,4.717455216083715
1.0,14.0,9.045069786725344
5.0,20.0,3.3905419951270663
2.0,13.0,0.8125495061639789
5.0,23.0,1.665787271279317
11.0,55.0,1.9258069924423824
0.0,4.0,0.09978708156739044
1.0,5.0,0.3677927263473274
15.0,53.0,2.546378853157065
14.0,71.0,2.62045228650822
1.0,6.0,0.10794723630580083
1.0,4.0,4.717455216083715
4.0,14.0,9.045069786725344
8.0,20.0,3.3905419951270663
5.0,13.0,0.8125495061639789
8.0,23.0,1.665787271279317
14.0,55.0,1.9258069924423824
1.0,4.0,0.09978708156739044
2.0,5.0,0.3677927263473274
16.0,53.0,2.546378853157065
21.0,71.0,2.62045228650822
2.0,6.0,0.10794723630580083
1.0,4.0,4.717455216083715
4.0,14.0,9.045069786725344
8.0,20.0,3.3905419951270663
4.0,13.0,0.8125495061639789
8.0,23.0,1.665787271279317
19.0,55.0,1.9258069924423824
2.0,4.0,0.09978708156739044
2.0,5.0,0.3677927263473274
20.0,53.0,2.546378853157065
31.0,71.0,2.62045228650822
4.0,6.0,0.10794723630580083
1.0,4.0,4.717455216083715
9.0,14.0,9.045069786725344
8.0,20.0,3.3905419951270663
2.0,13.0,0.8125495061639789
11.0,23.0,1.665787271279317
28.0,55.0,1.9258069924423824
4.0,4.0,0.09978708156739044
0.0,5.0,0.3677927263473274
31.0,53.0,2.546378853157065
37.0,71.0,2.62045228650822
5.0,6.0,0.10794723630580083
1.0,4.0,4.717455216083715
8.0,14.0,9.045069786725344
15.0,20.0,3.3905419951270663
7.0,13.0,0.8125495061639789
14.0,23.0,1.665787271279317
31.0,55.0,1.9258069924423824
3.0,4.0,0.09978708156739044
4.0,5.0,0.3677927263473274
31.0,53.0,2.546378853157065
47.0,71.0,2.62045228650822
4.0,6.0,0.10794723630580083
2.0,4.0,4.717455216083715
11.0,14.0,9.045069786725344
12.0,20.0,3.3905419951270663
10.0,13.0,0.8125495061639789
16.0,23.0,1.665787271279317
34.0,55.0,1.9258069924423824
3.0,4.0,0.09978708156739044
5.0,5.0,0.3677927263473274
39.0,53.0,2.546378853157065
52.0,71.0,2.62045228650822
6.0,6.0,0.10794723630580083
4.0,4.0,4.717455216083715
11.0,14.0,9.045069786725344
15.0,20.0,3.3905419951270663
12.0,13.0,0.8125495061639789
20.0,23.0,1.665787271279317
42.0,55.0,1.9258069924423824
3.0,4.0,0.09978708156739044
5.0,5.0,0.3677927263473274
45.0,53.0,2.546378853157065
59.0,71.0,2.62045228650822
5.0,6.0,0.10794723630580083
3.0,4.0,4.717455216083715
12.0,14.0,9.045069786725344
16.0,20.0,3.3905419951270663
11.0,13.0,0.8125495061639789
20.0,23.0,1.665787271279317
46.0,55.0,1.9258069924423824
4.0,4.0,0.09978708156739044
4.0,5.0,0.3677927263473274
51.0,53.0,2.546378853157065
65.0,71.0,2.62045228650822
5.0,6.0,0.10794723630580083
1.0,7.0,12.295012398917287
0.0,10.0,6.035572614066891
3.0,15.0,1.4670292011045867
5.0,40.0,3.0038177196998594
2.0,15.0,0.6694113315619289
2.0,12.0,0.3568036159384905
3.0,56.0,2.2384147993378103
2.0,28.0,0.9992544144577523
10.0,101.0,3.2143165381597316
5.0,60.0,0.8296205515217069
4.0,45.0,0.8831593358845058
1.0,7.0,12.295012398917287
3.0,10.0,6.035572614066891
1.0,15.0,1.4670292011045867
7.0,40.0,3.0038177196998594
3.0,15.0,0.6694113315619289
2.0,12.0,0.3568036159384905
7.0,56.0,2.2384147993378103
8.0,28.0,0.9992544144577523
24.0,101.0,3.2143165381597316
12.0,60.0,0.8296205515217069
7.0,45.0,0.8831593358845058
2.0,7.0,12.295012398917287
4.0,10.0,6.035572614066891
5.0,15.0,1.4670292011045867
11.0,40.0,3.0038177196998594
4.0,15.0,0.6694113315619289
4.0,12.0,0.3568036159384905
12.0,56.0,2.2384147993378103
13.0,28.0,0.9992544144577523
29.0,101.0,3.2143165381597316
19.0,60.0,0.8296205515217069
12.0,45.0,0.8831593358845058
4.0,7.0,12.295012398917287
4.0,10.0,6.035572614066891
6.0,15.0,1.4670292011045867
17.0,40.0,3.0038177196998594
9.0,15.0,0.6694113315619289
3.0,12.0,0.3568036159384905
23.0,56.0,2.2384147993378103
12.0,28.0,0.9992544144577523
49.0,101.0,3.2143165381597316
19.0,60.0,0.8296205515217069
13.0,45.0,0.8831593358845058
7.0,7.0,12.295012398917287
5.0,10.0,6.035572614066891
7.0,15.0,1.4670292011045867
20.0,40.0,3.0038177196998594
6.0,15.0,0.6694113315619289
6.0,12.0,0.3568036159384905
21.0,56.0,2.2384147993378103
17.0,28.0,0.9992544144577523
51.0,101.0,3.2143165381597316
29.0,60.0,0.8296205515217069
24.0,45.0,0.8831593358845058
5.0,7.0,12.295012398917287
5.0,10.0,6.035572614066891
8.0,15.0,1.4670292011045867
25.0,40.0,3.0038177196998594
12.0,15.0,0.6694113315619289
5.0,12.0,0.3568036159384905
37.0,56.0,2.2384147993378103
20.0,28.0,0.9992544144577523
64.0,101.0,3.2143165381597316
38.0,60.0,0.8296205515217069
26.0,45.0,0.8831593358845058
7.0,7.0,12.295012398917287
9.0,10.0,6.035572614066891
10.0,15.0,1.4670292011045867
23.0,40.0,3.0038177196998594
9.0,15.0,0.6694113315619289
6.0,12.0,0.3568036159384905
38.0,56.0,2.2384147993378103
19.0,28.0,0.9992544144577523
68.0,101.0,3.2143165381597316
45.0,60.0,0.8296205515217069
33.0,45.0,0.8831593358845058
5.0,7.0,12.295012398917287
8.0,10.0,6.035572614066891
11.0,15.0,1.4670292011045867
32.0,40.0,3.0038177196998594
11.0,15.0,0.6694113315619289
10.0,12.0,0.3568036159384905
33.0,56.0,2.2384147993378103
22.0,28.0,0.9992544144577523
77.0,101.0,3.2143165381597316
46.0,60.0,0.8296205515217069
37.0,45.0,0.8831593358845058
5.0,7.0,12.295012398917287
7.0,10.0,6.035572614066891
14.0,15.0,1.4670292011045867
33.0,40.0,3.0038177196998594
12.0,15.0,0.6694113315619289
11.0,12.0,0.3568036159384905
53.0,56.0,2.2384147993378103
25.0,28.0,0.9992544144577523
89.0,101.0,3.2143165381597316
52.0,60.0,0.8296205515217069
40.0,45.0,0.8831593358845058
1.0,5.0,5.831379857444993
2.0,6.0,2.6647106315636373
2.0,10.0,3.052856634598159
3.0,7.0,1.402237596422007
1.0,8.0,0.6269825969622924
1.0,4.0,0.8276018025402666
2.0,20.0,2.0916205720636163
0.0,2.0,0.593829577994345
3.0,36.0,3.5020781554122333
10.0,79.0,4.508053096636135
1.0,31.0,0.8837551400586794
1.0,5.0,5.831379857444993
1.0,6.0,2.6647106315636373
2.0,10.0,3.052856634598159
0.0,7.0,1.402237596422007
2.0,8.0,0.6269825969622924
2.0,4.0,0.8276018025402666
3.0,20.0,2.0916205720636163
1.0,2.0,0.593829577994345
8.0,36.0,3.5020781554122333
17.0,79.0,4.508053096636135
6.0,31.0,0.8837551400586794
2.0,5.0,5.831379857444993
2.0,6.0,2.6647106315636373
2.0,10.0,3.052856634598159
3.0,7.0,1.402237596422007
3.0,8.0,0.6269825969622924
1.0,4.0,0.8276018025402666
5.0,20.0,2.0916205720636163
0.0,2.0,0.593829577994345
10.0,36.0,3.5020781554122333
24.0,79.0,4.508053096636135
10.0,31.0,0.8837551400586794
2.0,5.0,5.831379857444993
3.0,6.0,2.6647106315636373
6.0,10.0,3.052856634598159
2.0,7.0,1.402237596422007
3.0,8.0,0.6269825969622924
3.0,4.0,0.8276018025402666
9.0,20.0,2.0916205720636163
1.0,2.0,0.593829577994345
12.0,36.0,3.5020781554122333
34.0,79.0,4.508053096636135
10.0,31.0,0.8837551400586794
4.0,5.0,5.831379857444993
3.0,6.0,2.6647106315636373
6.0,10.0,3.052856634598159
4.0,7.0,1.402237596422007
2.0,8.0,0.6269825969622924
2.0,4.0,0.8276018025402666
9.0,20.0,2.0916205720636163
1.0,2.0,0.593829577994345
19.0,36.0,3.5020781554122333
37.0,79.0,4.508053096636135
16.0,31.0,0.8837551400586794
1.0,5.0,5.831379857444993
3.0,6.0,2.6647106315636373
5.0,10.0,3.052856634598159
5.0,7.0,1.402237596422007
7.0,8.0,0.6269825969622924
2.0,4.0,0.8276018025402666
11.0,20.0,2.0916205720636163
2.0,2.0,0.593829577994345
21.0,36.0,3.5020781554122333
42.0,79.0,4.508053096636135
18.0,31.0,0.8837551400586794
4.0,5.0,5.831379857444993
4.0,6.0,2.6647106315636373
8.0,10.0,3.052856634598159
6.0,7.0,1.402237596422007
7.0,8.0,0.6269825969622924
3.0,4.0,0.8276018025402666
15.0,20.0,2.0916205720636163
2.0,2.0,0.593829577994345
24.0,36.0,3.5020781554122333
60.0,79.0,4.508053096636135
22.0,31.0,0.8837551400586794
4.0,5.0,5.831379857444993
6.0,6.0,2.6647106315636373
7.0,10.0,3.052856634598159
6.0,7.0,1.402237596422007
5.0,8.0,0.6269825969622924
3.0,4.0,0.8276018025402666
18.0,20.0,2.0916205720636163
2.0,2.0,0.593829577994345
29.0,36.0,3.5020781554122333
68.0,79.0,4.508053096636135
27.0,31.0,0.8837551400586794
5.0,5.0,5.831379857444993
6.0,6.0,2.6647106315636373
10.0,10.0,3.052856634598159
6.0,7.0,1.402237596422007
8.0,8.0,0.6269825969622924
4.0,4.0,0.8276018025402666
17.0,20.0,2.0916205720636163
2.0,2.0,0.593829577994345
34.0,36.0,3.5020781554122333
77.0,79.0,4.508053096636135
28.0,31.0,0.8837551400586794
2.0,5.0,5.41958771996775
1.0,7.0,3.7129618015094925
2.0,11.0,1.6414059033462607
3.0,25.0,2.4896794511202245
8.0,49.0,3.4630782665419586
5.0,35.0,1.1924972518413073
13.0,112.0,3.4780964058883614
5.0,60.0,1.1404834776887718
4.0,29.0,0.5367492384772251
1.0,10.0,0.1761933655828061
2.0,15.0,0.523587585395493
1.0,5.0,5.41958771996775
2.0,7.0,3.7129618015094925
0.0,11.0,1.6414059033462607
6.0,25.0,2.4896794511202245
13.0,49.0,3.4630782665419586
4.0,35.0,1.1924972518413073
22.0,112.0,3.4780964058883614
14.0,60.0,1.1404834776887718
2.0,29.0,0.5367492384772251
2.0,10.0,0.1761933655828061
4.0,15.0,0.523587585395493
2.0,5.0,5.41958771996775
2.0,7.0,3.7129618015094925
1.0,11.0,1.6414059033462607
6.0,25.0,2.4896794511202245
16.0,49.0,3.4630782665419586
13.0,35.0,1.1924972518413073
27.0,112.0,3.4780964058883614
15.0,60.0,1.1404834776887718
12.0,29.0,0.5367492384772251
2.0,10.0,0.1761933655828061
4.0,15.0,0.523587585395493
1.0,5.0,5.41958771996775
2.0,7.0,3.7129618015094925
4.0,11.0,1.6414059033462607
11.0,25.0,2.4896794511202245
20.0,49.0,3.4630782665419586
15.0,35.0,1.1924972518413073
45.0,112.0,3.4780964058883614
21.0,60.0,1.1404834776887718
14.0,29.0,0.5367492384772251
3.0,10.0,0.1761933655828061
8.0,15.0,0.523587585395493
3.0,5.0,5.41958771996775
4.0,7.0,3.7129618015094925
6.0,11.0,1.6414059033462607
12.0,25.0,2.4896794511202245
16.0,49.0,3.4630782665419586
16.0,35.0,1.1924972518413073
56.0,112.0,3.4780964058883614
29.0,60.0,1.1404834776887718
11.0,29.0,0.5367492384772251
3.0,10.0,0.1761933655828061
7.0,15.0,0.523587585395493
4.0,5.0,5.41958771996775
5.0,7.0,3.7129618015094925
7.0,11.0,1.6414059033462607
15.0,25.0,2.4896794511202245
25.0,49.0,3.4630782665419586
25.0,35.0,1.1924972518413073
68.0,112.0,3.4780964058883614
39.0,60.0,1.1404834776887718
21.0,29.0,0.5367492384772251
5.0,10.0,0.1761933655828061
11.0,15.0,0.523587585395493
2.0,5.0,5.41958771996775
4.0,7.0,3.7129618015094925
6.0,11.0,1.6414059033462607
15.0,25.0,2.4896794511202245
36.0,49.0,3.4630782665419586
23.0,35.0,1.1924972518413073
81.0,112.0,3.4780964058883614
45.0,60.0,1.1404834776887718
24.0,29.0,0.5367492384772251
7.0,10.0,0.1761933655828061
12.0,15.0,0.523587585395493
3.0,5.0,5.41958771996775
7.0,7.0,3.7129618015094925
9.0,11.0,1.6414059033462607
21.0,25.0,2.4896794511202245
35.0,49.0,3.4630782665419586
28.0,35.0,1.1924972518413073
96.0,112.0,3.4780964058883614
46.0,60.0,1.1404834776887718
21.0,29.0,0.5367492384772251
10.0,10.0,0.1761933655828061
12.0,15.0,0.523587585395493
3.0,5.0,5.41958771996775
6.0,7.0,3.7129618015094925
7.0,11.0,1.6414059033462607
20.0,25.0,2.4896794511202245
43.0,49.0,3.4630782665419586
32.0,35.0,1.1924972518413073
94.0,112.0,3.4780964058883614
48.0,60.0,1.1404834776887718
26.0,29.0,0.5367492384772251
10.0,10.0,0.1761933655828061
14.0,15.0,0.523587585395493
3.0,4.0,3.1343863755121917
0.0,3.0,1.1324175337366866
1.0,6.0,3.2605399233624532
1.0,17.0,4.395541124031523
3.0,16.0,1.7184672137760006
2.0,39.0,3.4298513786519
2.0,4.0,0.23236704839324007
3.0,23.0,1.4608691721947678
1.0,12.0,0.5992389129634159
9.0,50.0,2.3924576051853097
0.0,16.0,0.5488076862590356
1.0,4.0,3.1343863755121917
0.0,3.0,1.1324175337366866
3.0,6.0,3.2605399233624532
5.0,17.0,4.395541124031523
6.0,16.0,1.7184672137760006
10.0,39.0,3.4298513786519
3.0,4.0,0.23236704839324007
6.0,23.0,1.4608691721947678
1.0,12.0,0.5992389129634159
4.0,50.0,2.3924576051853097
0.0,16.0,0.5488076862590356
2.0,4.0,3.1343863755121917
2.0,3.0,1.1324175337366866
2.0,6.0,3.2605399233624532
4.0,17.0,4.395541124031523
7.0,16.0,1.7184672137760006
10.0,39.0,3.4298513786519
2.0,4.0,0.23236704839324007
3.0,23.0,1.4608691721947678
1.0,12.0,0.5992389129634159
16.0,50.0,2.3924576051853097
1.0,16.0,0.5488076862590356
1.0,4.0,3.1343863755121917
3.0,3.0,1.1324175337366866
3.0,6.0,3.2605399233624532
6.0,17.0,4.395541124031523
8.0,16.0,1.7184672137760006
15.0,39.0,3.4298513786519
2.0,4.0,0.23236704839324007
11.0,23.0,1.4608691721947678
7.0,12.0,0.5992389129634159
16.0,50.0,2.3924576051853097
7.0,16.0,0.5488076862590356
1.0,4.0,3.1343863755121917
1.0,3.0,1.1324175337366866
1.0,6.0,3.2605399233624532
9.0,17.0,4.395541124031523
10.0,16.0,1.7184672137760006
14.0,39.0,3.4298513786519
2.0,4.0,0.23236704839324007
10.0,23.0,1.4608691721947678
6.0,12.0,0.5992389129634159
20.0,50.0,2.3924576051853097
7.0,16.0,0.5488076862590356
2.0,4.0,3.1343863755121917
1.0,3.0,1.1324175337366866
3.0,6.0,3.2605399233624532
12.0,17.0,4.395541124031523
11.0,16.0,1.7184672137760006
26.0,39.0,3.4298513786519
3.0,4.0,0.23236704839324007
16.0,23.0,1.4608691721947678
3.0,12.0,0.5992389129634159
27.0,50.0,2.3924576051853097
12.0,16.0,0.5488076862590356
4.0,4.0,3.1343863755121917
2.0,3.0,1.1324175337366866
4.0,6.0,3.2605399233624532
13.0,17.0,4.395541124031523
13.0,16.0,1.7184672137760006
26.0,39.0,3.4298513786519
2.0,4.0,0.23236704839324007
15.0,23.0,1.4608691721947678
8.0,12.0,0.5992389129634159
43.0,50.0,2.3924576051853097
9.0,16.0,0.5488076862590356
4.0,4.0,3.1343863755121917
3.0,3.0,1.1324175337366866
5.0,6.0,3.2605399233624532
13.0,17.0,4.395541124031523
10.0,16.0,1.7184672137760006
35.0,39.0,3.4298513786519
2.0,4.0,0.23236704839324007
17.0,23.0,1.4608691721947678
11.0,12.0,0.5992389129634159
40.0,50.0,2.3924576051853097
14.0,16.0,0.5488076862590356
4.0,4.0,3.1343863755121917
3.0,3.0,1.1324175337366866
4.0,6.0,3.2605399233624532
13.0,17.0,4.395541124031523
15.0,16.0,1.7184672137760006
34.0,39.0,3.4298513786519
4.0,4.0,0.23236704839324007
19.0,23.0,1.4608691721947678
11.0,12.0,0.5992389129634159
46.0,50.0,2.3924576051853097
13.0,16.0,0.5488076862590356
1.0,7.0,4.418830793925048
0.0,4.0,1.8514516256169624
2.0,8.0,2.504998959858669
0.0,10.0,1.6418324392721795
1.0,8.0,1.0621597169197674
3.0,23.0,2.9668954889349313
2.0,38.0,2.5761083914403025
2.0,13.0,0.508135506218073
0.0,19.0,0.8851536393354233
11.0,73.0,2.7993061959475405
2.0,22.0,0.4181895684120843
2.0,7.0,4.418830793925048
2.0,4.0,1.8514516256169624
6.0,8.0,2.504998959858669
2.0,10.0,1.6418324392721795
1.0,8.0,1.0621597169197674
8.0,23.0,2.9668954889349313
8.0,38.0,2.5761083914403025
2.0,13.0,0.508135506218073
1.0,19.0,0.8851536393354233
15.0,73.0,2.7993061959475405
4.0,22.0,0.4181895684120843
4.0,7.0,4.418830793925048
2.0,4.0,1.8514516256169624
4.0,8.0,2.504998959858669
2.0,10.0,1.6418324392721795
3.0,8.0,1.0621597169197674
6.0,23.0,2.9668954889349313
8.0,38.0,2.5761083914403025
3.0,13.0,0.508135506218073
6.0,19.0,0.8851536393354233
28.0,73.0,2.7993061959475405
8.0,22.0,0.4181895684120843
2.0,7.0,4.418830793925048
2.0,4.0,1.8514516256169624
4.0,8.0,2.504998959858669
4.0,10.0,1.6418324392721795
4.0,8.0,1.0621597169197674
11.0,23.0,2.9668954889349313
12.0,38.0,2.5761083914403025
4.0,13.0,0.508135506218073
9.0,19.0,0.8851536393354233
28.0,73.0,2.7993061959475405
8.0,22.0,0.4181895684120843
3.0,7.0,4.418830793925048
1.0,4.0,1.8514516256169624
5.0,8.0,2.504998959858669
7.0,10.0,1.6418324392721795
4.0,8.0,1.0621597169197674
15.0,23.0,2.9668954889349313
23.0,38.0,2.5761083914403025
5.0,13.0,0.508135506218073
10.0,19.0,0.8851536393354233
34.0,73.0,2.7993061959475405
9.0,22.0,0.4181895684120843
3.0,7.0,4.418830793925048
2.0,4.0,1.8514516256169624
5.0,8.0,2.504998959858669
6.0,10.0,1.6418324392721795
6.0,8.0,1.0621597169197674
13.0,23.0,2.9668954889349313
29.0,38.0,2.5761083914403025
6.0,13.0,0.508135506218073
10.0,19.0,0.8851536393354233
31.0,73.0,2.7993061959475405
13.0,22.0,0.4181895684120843
6.0,7.0,4.418830793925048
1.0,4.0,1.8514516256169624
6.0,8.0,2.504998959858669
8.0,10.0,1.6418324392721795
5.0,8.0,1.0621597169197674
16.0,23.0,2.9668954889349313
26.0,38.0,2.5761083914403025
10.0,13.0,0.508135506218073
15.0,19.0,0.8851536393354233
44.0,73.0,2.7993061959475405
17.0,22.0,0.4181895684120843
6.0,7.0,4.418830793925048
1.0,4.0,1.8514516256169624
6.0,8.0,2.504998959858669
8.0,10.0,1.6418324392721795
6.0,8.0,1.0621597169197674
19.0,23.0,2.9668954889349313
30.0,38.0,2.5761083914403025
12.0,13.0,0.508135506218073
18.0,19.0,0.8851536393354233
55.0,73.0,2.7993061959475405
19.0,22.0,0.4181895684120843
6.0,7.0,4.418830793925048
4.0,4.0,1.8514516256169624
7.0,8.0,2.504998959858669
8.0,10.0,1.6418324392721795
6.0,8.0,1.0621597169197674
23.0,23.0,2.9668954889349313
32.0,38.0,2.5761083914403025
12.0,13.0,0.508135506218073
19.0,19.0,0.8851536393354233
67.0,73.0,2.7993061959475405
19.0,22.0,0.4181895684120843
1.0,3.0,5.296438187951907
2.0,20.0,6.209445830084586
0.0,2.0,0.4971524173506587
3.0,42.0,3.3112542704760206
4.0,38.0,2.1738622692399203
14.0,91.0,3.2149675329131204
3.0,49.0,1.0876001231098786
1.0,2.0,0.08346297063787372
6.0,72.0,1.54133342874353
7.0,57.0,1.5438231740917496
2.0,36.0,0.7604046141743107
1.0,3.0,5.296438187951907
3.0,20.0,6.209445830084586
2.0,2.0,0.4971524173506587
7.0,42.0,3.3112542704760206
9.0,38.0,2.1738622692399203
22.0,91.0,3.2149675329131204
10.0,49.0,1.0876001231098786
1.0,2.0,0.08346297063787372
15.0,72.0,1.54133342874353
8.0,57.0,1.5438231740917496
11.0,36.0,0.7604046141743107
1.0,3.0,5.296438187951907
10.0,20.0,6.209445830084586
1.0,2.0,0.4971524173506587
14.0,42.0,3.3112542704760206
7.0,38.0,2.1738622692399203
27.0,91.0,3.2149675329131204
18.0,49.0,1.0876001231098786
2.0,2.0,0.08346297063787372
20.0,72.0,1.54133342874353
14.0,57.0,1.5438231740917496
10.0,36.0,0.7604046141743107
2.0,3.0,5.296438187951907
8.0,20.0,6.209445830084586
0.0,2.0,0.4971524173506587
16.0,42.0,3.3112542704760206
22.0,38.0,2.1738622692399203
30.0,91.0,3.2149675329131204
16.0,49.0,1.0876001231098786
0.0,2.0,0.08346297063787372
33.0,72.0,1.54133342874353
23.0,57.0,1.5438231740917496
12.0,36.0,0.7604046141743107
2.0,3.0,5.296438187951907
10.0,20.0,6.209445830084586
1.0,2.0,0.4971524173506587
18.0,42.0,3.3112542704760206
22.0,38.0,2.1738622692399203
45.0,91.0,3.2149675329131204
31.0,49.0,1.0876001231098786
1.0,2.0,0.08346297063787372
40.0,72.0,1.54133342874353
32.0,57.0,1.5438231740917496
18.0,36.0,0.7604046141743107
2.0,3.0,5.296438187951907
9.0,20.0,6.209445830084586
1.0,2.0,0.4971524173506587
22.0,42.0,3.3112542704760206
23.0,38.0,2.1738622692399203
56.0,91.0,3.2149675329131204
25.0,49.0,1.0876001231098786
2.0,2.0,0.08346297063787372
47.0,72.0,1.54133342874353
38.0,57.0,1.5438231740917496
17.0,36.0,0.7604046141743107
3.0,3.0,5.296438187951907
15.0,20.0,6.209445830084586
2.0,2.0,0.4971524173506587
28.0,42.0,3.3112542704760206
29.0,38.0,2.1738622692399203
66.0,91.0,3.2149675329131204
34.0,49.0,1.0876001231098786
1.0,2.0,0.08346297063787372
52.0,72.0,1.54133342874353
42.0,57.0,1.5438231740917496
22.0,36.0,0.7604046141743107
2.0,3.0,5.296438187951907
18.0,20.0,6.209445830084586
2.0,2.0,0.4971524173506587
34.0,42.0,3.3112542704760206
28.0,38.0,2.1738622692399203
69.0,91.0,3.2149675329131204
42.0,49.0,1.0876001231098786
2.0,2.0,0.08346297063787372
55.0,72.0,1.54133342874353
40.0,57.0,1.5438231740917496
30.0,36.0,0.7604046141743107
3.0,3.0,5.296438187951907
17.0,20.0,6.209445830084586
1.0,2.0,0.4971524173506587
37.0,42.0,3.3112542704760206
34.0,38.0,2.1738622692399203
82.0,91.0,3.2149675329131204
47.0,49.0,1.0876001231098786
2.0,2.0,0.08346297063787372
67.0,72.0,1.54133342874353
50.0,57.0,1.5438231740917496
33.0,36.0,0.7604046141743107
1.0,7.0,6.6850044909060795
1.0,7.0,2.5870050737315555
1.0,15.0,2.1220998885513036
0.0,2.0,0.5592050487060007
0.0,17.0,2.1064453818093947
1.0,23.0,1.9461695593605948
5.0,33.0,1.8712545063620782
1.0,7.0,0.24156322374974057
7.0,38.0,1.6730942300813327
6.0,25.0,1.1467088068362592
5.0,51.0,1.8487513633368113
1.0,7.0,6.6850044909060795
2.0,7.0,2.5870050737315555
4.0,15.0,2.1220998885513036
1.0,2.0,0.5592050487060007
4.0,17.0,2.1064453818093947
3.0,23.0,1.9461695593605948
5.0,33.0,1.8712545063620782
1.0,7.0,0.24156322374974057
4.0,38.0,1.6730942300813327
3.0,25.0,1.1467088068362592
8.0,51.0,1.8487513633368113
1.0,7.0,6.6850044909060795
2.0,7.0,2.5870050737315555
6.0,15.0,2.1220998885513036
0.0,2.0,0.5592050487060007
2.0,17.0,2.1064453818093947
7.0,23.0,1.9461695593605948
13.0,33.0,1.8712545063620782
4.0,7.0,0.24156322374974057
14.0,38.0,1.6730942300813327
5.0,25.0,1.1467088068362592
18.0,51.0,1.8487513633368113
1.0,7.0,6.6850044909060795
3.0,7.0,2.5870050737315555
9.0,15.0,2.1220998885513036
1.0,2.0,0.5592050487060007
6.0,17.0,2.1064453818093947
12.0,23.0,1.9461695593605948
12.0,33.0,1.8712545063620782
3.0,7.0,0.24156322374974057
13.0,38.0,1.6730942300813327
6.0,25.0,1.1467088068362592
13.0,51.0,1.8487513633368113
4.0,7.0,6.6850044909060795
4.0,7.0,2.5870050737315555
6.0,15.0,2.1220998885513036
0.0,2.0,0.5592050487060007
9.0,17.0,2.1064453818093947
10.0,23.0,1.9461695593605948
23.0,33.0,1.8712545063620782
5.0,7.0,0.24156322374974057
15.0,38.0,1.6730942300813327
11.0,25.0,1.1467088068362592
25.0,51.0,1.8487513633368113
4.0,7.0,6.6850044909060795
5.0,7.0,2.5870050737315555
6.0,15.0,2.1220998885513036
1.0,2.0,0.5592050487060007
8.0,17.0,2.1064453818093947
11.0,23.0,1.9461695593605948
21.0,33.0,1.8712545063620782
5.0,7.0,0.24156322374974057
28.0,38.0,1.6730942300813327
17.0,25.0,1.1467088068362592
33.0,51.0,1.8487513633368113
5.0,7.0,6.6850044909060795
6.0,7.0,2.5870050737315555
12.0,15.0,2.1220998885513036
2.0,2.0,0.5592050487060007
9.0,17.0,2.1064453818093947
13.0,23.0,1.9461695593605948
24.0,33.0,1.8712545063620782
4.0,7.0,0.24156322374974057
24.0,38.0,1.6730942300813327
14.0,25.0,1.1467088068362592
35.0,51.0,1.8487513633368113
5.0,7.0,6.6850044909060795
6.0,7.0,2.5870050737315555
11.0,15.0,2.1220998885513036
1.0,2.0,0.5592050487060007
12.0,17.0,2.1064453818093947
16.0,23.0,1.9461695593605948
24.0,33.0,1.8712545063620782
4.0,7.0,0.24156322374974057
34.0,38.0,1.6730942300813327
19.0,25.0,1.1467088068362592
41.0,51.0,1.8487513633368113
5.0,7.0,6.6850044909060795
5.0,7.0,2.5870050737315555
13.0,15.0,2.1220998885513036
2.0,2.0,0.5592050487060007
15.0,17.0,2.1064453818093947
22.0,23.0,1.9461695593605948
30.0,33.0,1.8712545063620782
7.0,7.0,0.24156322374974057
33.0,38.0,1.6730942300813327
22.0,25.0,1.1467088068362592
40.0,51.0,1.8487513633368113
1.0,6.0,9.282470528141015
0.0,4.0,3.7483140653785028
1.0,5.0,0.8568323911442682
4.0,54.0,7.5315186136625885
0.0,9.0,0.46944346926774194
2.0,12.0,0.5340744038805091
2.0,16.0,1.0335366770298655
4.0,36.0,1.4293576727795305
1.0,13.0,0.6431029827097939
3.0,34.0,1.3759472733663682
3.0,14.0,0.774701772875651
2.0,6.0,9.282470528141015
1.0,4.0,3.7483140653785028
1.0,5.0,0.8568323911442682
14.0,54.0,7.5315186136625885
1.0,9.0,0.46944346926774194
1.0,12.0,0.5340744038805091
1.0,16.0,1.0335366770298655
10.0,36.0,1.4293576727795305
3.0,13.0,0.6431029827097939
10.0,34.0,1.3759472733663682
3.0,14.0,0.774701772875651
2.0,6.0,9.282470528141015
3.0,4.0,3.7483140653785028
1.0,5.0,0.8568323911442682
21.0,54.0,7.5315186136625885
6.0,9.0,0.46944346926774194
2.0,12.0,0.5340744038805091
3.0,16.0,1.0335366770298655
11.0,36.0,1.4293576727795305
2.0,13.0,0.6431029827097939
6.0,34.0,1.3759472733663682
6.0,14.0,0.774701772875651
4.0,6.0,9.282470528141015
1.0,4.0,3.7483140653785028
1.0,5.0,0.8568323911442682
26.0,54.0,7.5315186136625885
5.0,9.0,0.46944346926774194
4.0,12.0,0.5340744038805091
9.0,16.0,1.0335366770298655
12.0,36.0,1.4293576727795305
3.0,13.0,0.6431029827097939
14.0,34.0,1.3759472733663682
3.0,14.0,0.774701772875651
4.0,6.0,9.282470528141015
3.0,4.0,3.7483140653785028
3.0,5.0,0.8568323911442682
28.0,54.0,7.5315186136625885
3.0,9.0,0.46944346926774194
6.0,12.0,0.5340744038805091
6.0,16.0,1.0335366770298655
18.0,36.0,1.4293576727795305
8.0,13.0,0.6431029827097939
15.0,34.0,1.3759472733663682
8.0,14.0,0.774701772875651
5.0,6.0,9.282470528141015
3.0,4.0,3.7483140653785028
3.0,5.0,0.8568323911442682
29.0,54.0,7.5315186136625885
5.0,9.0,0.46944346926774194
4.0,12.0,0.5340744038805091
10.0,16.0,1.0335366770298655
23.0,36.0,1.4293576727795305
8.0,13.0,0.6431029827097939
22.0,34.0,1.3759472733663682
9.0,14.0,0.774701772875651
3.0,6.0,9.282470528141015
3.0,4.0,3.7483140653785028
3.0,5.0,0.8568323911442682
44.0,54.0,7.5315186136625885
7.0,9.0,0.46944346926774194
8.0,12.0,0.5340744038805091
12.0,16.0,1.0335366770298655
28.0,36.0,1.4293576727795305
9.0,13.0,0.6431029827097939
27.0,34.0,1.3759472733663682
9.0,14.0,0.774701772875651
5.0,6.0,9.282470528141015
3.0,4.0,3.7483140653785028
4.0,5.0,0.8568323911442682
42.0,54.0,7.5315186136625885
8.0,9.0,0.46944346926774194
11.0,12.0,0.5340744038805091
14.0,16.0,1.0335366770298655
28.0,36.0,1.4293576727795305
11.0,13.0,0.6431029827097939
31.0,34.0,1.3759472733663682
14.0,14.0,0.774701772875651
5.0,6.0,9.282470528141015
3.0,4.0,3.7483140653785028
4.0,5.0,0.8568323911442682
49.0,54.0,7.5315186136625885
9.0,9.0,0.46944346926774194
12.0,12.0,0.5340744038805091
15.0,16.0,1.0335366770298655
35.0,36.0,1.4293576727795305
13.0,13.0,0.6431029827097939
30.0,34.0,1.3759472733663682
10.0,14.0,0.774701772875651
1.0,5.0,8.356636727813061
1.0,11.0,3.4507216180823312
2.0,9.0,1.7700016918164028
2.0,25.0,3.7399887838167025
1.0,19.0,1.481854795758146
1.0,6.0,0.40052607075822855
2.0,6.0,0.29309888372361675
0.0,4.0,1.126576837998923
6.0,39.0,2.676259564743846
2.0,28.0,1.8093032408063399
2.0,14.0,0.28813508953000544
1.0,5.0,8.356636727813061
2.0,11.0,3.4507216180823312
2.0,9.0,1.7700016918164028
4.0,25.0,3.7399887838167025
3.0,19.0,1.481854795758146
2.0,6.0,0.40052607075822855
2.0,6.0,0.29309888372361675
3.0,4.0,1.126576837998923
11.0,39.0,2.676259564743846
9.0,28.0,1.8093032408063399
2.0,14.0,0.28813508953000544
3.0,5.0,8.356636727813061
4.0,11.0,3.4507216180823312
3.0,9.0,1.7700016918164028
8.0,25.0,3.7399887838167025
5.0,19.0,1.481854795758146
0.0,6.0,0.40052607075822855
2.0,6.0,0.29309888372361675
2.0,4.0,1.126576837998923
9.0,39.0,2.676259564743846
4.0,28.0,1.8093032408063399
3.0,14.0,0.28813508953000544
3.0,5.0,8.356636727813061
3.0,11.0,3.4507216180823312
5.0,9.0,1.7700016918164028
8.0,25.0,3.7399887838167025
7.0,19.0,1.481854795758146
0.0,6.0,0.40052607075822855
1.0,6.0,0.29309888372361675
0.0,4.0,1.126576837998923
20.0,39.0,2.676259564743846
11.0,28.0,1.8093032408063399
5.0,14.0,0.28813508953000544
2.0,5.0,8.356636727813061
7.0,11.0,3.4507216180823312
4.0,9.0,1.7700016918164028
11.0,25.0,3.7399887838167025
12.0,19.0,1.481854795758146
4.0,6.0,0.40052607075822855
4.0,6.0,0.29309888372361675
2.0,4.0,1.126576837998923
20.0,39.0,2.676259564743846
13.0,28.0,1.8093032408063399
5.0,14.0,0.28813508953000544
4.0,5.0,8.356636727813061
6.0,11.0,3.4507216180823312
7.0,9.0,1.7700016918164028
15.0,25.0,3.7399887838167025
10.0,19.0,1.481854795758146
5.0,6.0,0.40052607075822855
5.0,6.0,0.29309888372361675
3.0,4.0,1.126576837998923
26.0,39.0,2.676259564743846
16.0,28.0,1.8093032408063399
10.0,14.0,0.28813508953000544
3.0,5.0,8.356636727813061
9.0,11.0,3.4507216180823312
5.0,9.0,1.7700016918164028
17.0,25.0,3.7399887838167025
13.0,19.0,1.481854795758146
3.0,6.0,0.40052607075822855
5.0,6.0,0.29309888372361675
3.0,4.0,1.126576837998923
28.0,39.0,2.676259564743846
14.0,28.0,1.8093032408063399
9.0,14.0,0.28813508953000544
5.0,5.0,8.356636727813061
9.0,11.0,3.4507216180823312
8.0,9.0,1.7700016918164028
19.0,25.0,3.7399887838167025
16.0,19.0,1.481854795758146
4.0,6.0,0.40052607075822855
4.0,6.0,0.29309888372361675
3.0,4.0,1.126576837998923
31.0,39.0,2.676259564743846
20.0,28.0,1.8093032408063399
10.0,14.0,0.28813508953000544
3.0,5.0,8.356636727813061
11.0,11.0,3.4507216180823312
6.0,9.0,1.7700016918164028
22.0,25.0,3.7399887838167025
16.0,19.0,1.481854795758146
6.0,6.0,0.40052607075822855
5.0,6.0,0.29309888372361675
3.0,4.0,1.126576837998923
36.0,39.0,2.676259564743846
25.0,28.0,1.8093032408063399
14.0,14.0,0.28813508953000544
1.0,1.0,2.06373463891915
3.0,13.0,5.325160141019926
3.0,38.0,6.351608468263783
5.0,38.0,2.301099995091539
3.0,8.0,0.2581212198884129
1.0,16.0,0.5868063058328887
5.0,51.0,2.201820807764477
5.0,19.0,0.9280127364134912
2.0,32.0,1.024320249055625
9.0,57.0,1.7187247663379601
3.0,25.0,0.6543856647780015
1.0,1.0,2.06373463891915
4.0,13.0,5.325160141019926
6.0,38.0,6.351608468263783
8.0,38.0,2.301099995091539
0.0,8.0,0.2581212198884129
1.0,16.0,0.5868063058328887
10.0,51.0,2.201820807764477
2.0,19.0,0.9280127364134912
7.0,32.0,1.024320249055625
11.0,57.0,1.7187247663379601
2.0,25.0,0.6543856647780015
1.0,1.0,2.06373463891915
2.0,13.0,5.325160141019926
12.0,38.0,6.351608468263783
13.0,38.0,2.301099995091539
3.0,8.0,0.2581212198884129
1.0,16.0,0.5868063058328887
15.0,51.0,2.201820807764477
5.0,19.0,0.9280127364134912
8.0,32.0,1.024320249055625
16.0,57.0,1.7187247663379601
6.0,25.0,0.6543856647780015
1.0,1.0,2.06373463891915
5.0,13.0,5.325160141019926
16.0,38.0,6.351608468263783
14.0,38.0,2.301099995091539
2.0,8.0,0.2581212198884129
7.0,16.0,0.5868063058328887
19.0,51.0,2.201820807764477
6.0,19.0,0.9280127364134912
12.0,32.0,1.024320249055625
20.0,57.0,1.7187247663379601
8.0,25.0,0.6543856647780015
1.0,1.0,2.06373463891915
9.0,13.0,5.325160141019926
21.0,38.0,6.351608468263783
24.0,38.0,2.301099995091539
3.0,8.0,0.2581212198884129
9.0,16.0,0.5868063058328887
21.0,51.0,2.201820807764477
11.0,19.0,0.9280127364134912
16.0,32.0,1.024320249055625
26.0,57.0,1.7187247663379601
13.0,25.0,0.6543856647780015
1.0,1.0,2.06373463891915
10.0,13.0,5.325160141019926
23.0,38.0,6.351608468263783
26.0,38.0,2.301099995091539
5.0,8.0,0.2581212198884129
8.0,16.0,0.5868063058328887
29.0,51.0,2.201820807764477
11.0,19.0,0.9280127364134912
17.0,32.0,1.024320249055625
33.0,57.0,1.7187247663379601
12.0,25.0,0.6543856647780015
1.0,1.0,2.06373463891915
9.0,13.0,5.325160141019926
21.0,38.0,6.351608468263783
31.0,38.0,2.301099995091539
6.0,8.0,0.2581212198884129
11.0,16.0,0.5868063058328887
33.0,51.0,2.201820807764477
16.0,19.0,0.9280127364134912
23.0,32.0,1.024320249055625
42.0,57.0,1.7187247663379601
15.0,25.0,0.6543856647780015
1.0,1.0,2.06373463891915
13.0,13.0,5.325160141019926
28.0,38.0,6.351608468263783
32.0,38.0,2.301099995091539
7.0,8.0,0.2581212198884129
14.0,16.0,0.5868063058328887
44.0,51.0,2.201820807764477
15.0,19.0,0.9280127364134912
28.0,32.0,1.024320249055625
45.0,57.0,1.7187247663379601
18.0,25.0,0.6543856647780015
1.0,1.0,2.06373463891915
13.0,13.0,5.325160141019926
34.0,38.0,6.351608468263783
34.0,38.0,2.301099995091539
6.0,8.0,0.2581212198884129
16.0,16.0,0.5868063058328887
44.0,51.0,2.201820807764477
18.0,19.0,0.9280127364134912
28.0,32.0,1.024320249055625
52.0,57.0,1.7187247663379601
22.0,25.0,0.6543856647780015
1.0,3.0,4.5737277469595865
1.0,4.0,2.4337281471595746
1.0,7.0,2.60057072183504
0.0,6.0,2.0434535627178416
1.0,7.0,1.484701805584783
0.0,10.0,1.9425652819059613
3.0,22.0,2.552531790618555
13.0,97.0,5.757567284032031
10.0,83.0,1.9143770953411772
3.0,50.0,0.7953630607729841
7.0,41.0,0.7146588660493113
1.0,3.0,4.5737277469595865
0.0,4.0,2.4337281471595746
4.0,7.0,2.60057072183504
4.0,6.0,2.0434535627178416
2.0,7.0,1.484701805584783
2.0,10.0,1.9425652819059613
1.0,22.0,2.552531790618555
18.0,97.0,5.757567284032031
13.0,83.0,1.9143770953411772
10.0,50.0,0.7953630607729841
8.0,41.0,0.7146588660493113
1.0,3.0,4.5737277469595865
0.0,4.0,2.4337281471595746
2.0,7.0,2.60057072183504
2.0,6.0,2.0434535627178416
1.0,7.0,1.484701805584783
4.0,10.0,1.9425652819059613
7.0,22.0,2.552531790618555
28.0,97.0,5.757567284032031
21.0,83.0,1.9143770953411772
19.0,50.0,0.7953630607729841
16.0,41.0,0.7146588660493113
1.0,3.0,4.5737277469595865
1.0,4.0,2.4337281471595746
1.0,7.0,2.60057072183504
1.0,6.0,2.0434535627178416
1.0,7.0,1.484701805584783
1.0,10.0,1.9425652819059613
6.0,22.0,2.552531790618555
35.0,97.0,5.757567284032031
33.0,83.0,1.9143770953411772
19.0,50.0,0.7953630607729841
17.0,41.0,0.7146588660493113
1.0,3.0,4.5737277469595865
1.0,4.0,2.4337281471595746
2.0,7.0,2.60057072183504
3.0,6.0,2.0434535627178416
6.0,7.0,1.484701805584783
5.0,10.0,1.9425652819059613
10.0,22.0,2.552531790618555
45.0,97.0,5.757567284032031
49.0,83.0,1.9143770953411772
16.0,50.0,0.7953630607729841
22.0,41.0,0.7146588660493113
2.0,3.0,4.5737277469595865
3.0,4.0,2.4337281471595746
5.0,7.0,2.60057072183504
6.0,6.0,2.0434535627178416
2.0,7.0,1.484701805584783
8.0,10.0,1.9425652819059613
10.0,22.0,2.552531790618555
50.0,97.0,5.757567284032031
53.0,83.0,1.9143770953411772
30.0,50.0,0.7953630607729841
26.0,41.0,0.7146588660493113
2.0,3.0,4.5737277469595865
2.0,4.0,2.4337281471595746
6.0,7.0,2.60057072183504
5.0,6.0,2.0434535627178416
4.0,7.0,1.484701805584783
7.0,10.0,1.9425652819059613
16.0,22.0,2.552531790618555
69.0,97.0,5.757567284032031
59.0,83.0,1.9143770953411772
36.0,50.0,0.7953630607729841
25.0,41.0,0.7146588660493113
3.0,3.0,4.5737277469595865
3.0,4.0,2.4337281471595746
4.0,7.0,2.60057072183504
3.0,6.0,2.0434535627178416
6.0,7.0,1.484701805584783
6.0,10.0,1.9425652819059613
18.0,22.0,2.552531790618555
80.0,97.0,5.757567284032031
65.0,83.0,1.9143770953411772
41.0,50.0,0.7953630607729841
34.0,41.0,0.7146588660493113
3.0,3.0,4.5737277469595865
3.0,4.0,2.4337281471595746
7.0,7.0,2.60057072183504
4.0,6.0,2.0434535627178416
5.0,7.0,1.484701805584783
9.0,10.0,1.9425652819059613
20.0,22.0,2.552531790618555
87.0,97.0,5.757567284032031
67.0,83.0,1.9143770953411772
43.0,50.0,0.7953630607729841
39.0,41.0,0.7146588660493113
1.0,2.0,4.97969243784294
2.0,5.0,2.7274462603213183
0.0,3.0,2.8128316258104835
3.0,24.0,5.260233233684211
1.0,12.0,1.1027593269172495
1.0,16.0,1.2624474220330146
1.0,42.0,2.483368207811626
4.0,35.0,1.8678520696438075
5.0,54.0,1.819775936764574
4.0,30.0,0.739603663335427
4.0,36.0,0.819037901316526
1.0,2.0,4.97969243784294
0.0,5.0,2.7274462603213183
0.0,3.0,2.8128316258104835
1.0,24.0,5.260233233684211
5.0,12.0,1.1027593269172495
6.0,16.0,1.2624474220330146
7.0,42.0,2.483368207811626
4.0,35.0,1.8678520696438075
11.0,54.0,1.819775936764574
4.0,30.0,0.739603663335427
7.0,36.0,0.819037901316526
1.0,2.0,4.97969243784294
1.0,5.0,2.7274462603213183
1.0,3.0,2.8128316258104835
8.0,24.0,5.260233233684211
3.0,12.0,1.1027593269172495
3.0,16.0,1.2624474220330146
15.0,42.0,2.483368207811626
11.0,35.0,1.8678520696438075
19.0,54.0,1.819775936764574
16.0,30.0,0.739603663335427
8.0,36.0,0.819037901316526
1.0,2.0,4.97969243784294
2.0,5.0,2.7274462603213183
1.0,3.0,2.8128316258104835
8.0,24.0,5.260233233684211
5.0,12.0,1.1027593269172495
5.0,16.0,1.2624474220330146
11.0,42.0,2.483368207811626
12.0,35.0,1.8678520696438075
24.0,54.0,1.819775936764574
11.0,30.0,0.739603663335427
12.0,36.0,0.819037901316526
1.0,2.0,4.97969243784294
4.0,5.0,2.7274462603213183
0.0,3.0,2.8128316258104835
13.0,24.0,5.260233233684211
4.0,12.0,1.1027593269172495
9.0,16.0,1.2624474220330146
25.0,42.0,2.483368207811626
17.0,35.0,1.8678520696438075
32.0,54.0,1.819775936764574
21.0,30.0,0.739603663335427
13.0,36.0,0.819037901316526
1.0,2.0,4.97969243784294
3.0,5.0,2.7274462603213183
1.0,3.0,2.8128316258104835
16.0,24.0,5.260233233684211
7.0,12.0,1.1027593269172495
9.0,16.0,1.2624474220330146
24.0,42.0,2.483368207811626
20.0,35.0,1.8678520696438075
38.0,54.0,1.819775936764574
16.0,30.0,0.739603663335427
20.0,36.0,0.819037901316526
2.0,2.0,4.97969243784294
4.0,5.0,2.7274462603213183
3.0,3.0,2.8128316258104835
19.0,24.0,5.260233233684211
7.0,12.0,1.1027593269172495
10.0,16.0,1.2624474220330146
31.0,42.0,2.483368207811626
21.0,35.0,1.8678520696438075
35.0,54.0,1.819775936764574
15.0,30.0,0.739603663335427
25.0,36.0,0.819037901316526
1.0,2.0,4.97969243784294
3.0,5.0,2.7274462603213183
2.0,3.0,2.8128316258104835
17.0,24.0,5.260233233684211
12.0,12.0,1.1027593269172495
15.0,16.0,1.2624474220330146
35.0,42.0,2.483368207811626
22.0,35.0,1.8678520696438075
47.0,54.0,1.819775936764574
21.0,30.0,0.739603663335427
27.0,36.0,0.819037901316526
2.0,2.0,4.97969243784294
5.0,5.0,2.7274462603213183
3.0,3.0,2.8128316258104835
21.0,24.0,5.260233233684211
9.0,12.0,1.1027593269172495
16.0,16.0,1.2624474220330146
38.0,42.0,2.483368207811626
30.0,35.0,1.8678520696438075
47.0,54.0,1.819775936764574
29.0,30.0,0.739603663335427
32.0,36.0,0.819037901316526
1.0,3.0,2.5491807271823936
2.0,5.0,3.3948432040678798
3.0,10.0,3.6397644806373015
1.0,3.0,0.873058823840141
1.0,15.0,3.5002233987501836
2.0,30.0,2.924644204230083
5.0,28.0,2.4176885801709624
12.0,93.0,4.685763360310033
7.0,57.0,1.1153358866468293
11.0,79.0,1.2804870053443018
3.0,18.0,0.37757418614467814
1.0,3.0,2.5491807271823936
1.0,5.0,3.3948432040678798
0.0,10.0,3.6397644806373015
0.0,3.0,0.873058823840141
2.0,15.0,3.5002233987501836
9.0,30.0,2.924644204230083
5.0,28.0,2.4176885801709624
20.0,93.0,4.685763360310033
10.0,57.0,1.1153358866468293
18.0,79.0,1.2804870053443018
3.0,18.0,0.37757418614467814
1.0,3.0,2.5491807271823936
3.0,5.0,3.3948432040678798
3.0,10.0,3.6397644806373015
2.0,3.0,0.873058823840141
5.0,15.0,3.5002233987501836
12.0,30.0,2.924644204230083
10.0,28.0,2.4176885801709624
30.0,93.0,4.685763360310033
14.0,57.0,1.1153358866468293
27.0,79.0,1.2804870053443018
3.0,18.0,0.37757418614467814
2.0,3.0,2.5491807271823936
2.0,5.0,3.3948432040678798
2.0,10.0,3.6397644806373015
2.0,3.0,0.873058823840141
5.0,15.0,3.5002233987501836
8.0,30.0,2.924644204230083
15.0,28.0,2.4176885801709624
48.0,93.0,4.685763360310033
23.0,57.0,1.1153358866468293
34.0,79.0,1.2804870053443018
7.0,18.0,0.37757418614467814
1.0,3.0,2.5491807271823936
3.0,5.0,3.3948432040678798
3.0,10.0,3.6397644806373015
1.0,3.0,0.873058823840141
8.0,15.0,3.5002233987501836
11.0,30.0,2.924644204230083
14.0,28.0,2.4176885801709624
46.0,93.0,4.685763360310033
26.0,57.0,1.1153358866468293
34.0,79.0,1.2804870053443018
5.0,18.0,0.37757418614467814
1.0,3.0,2.5491807271823936
5.0,5.0,3.3948432040678798
7.0,10.0,3.6397644806373015
2.0,3.0,0.873058823840141
7.0,15.0,3.5002233987501836
18.0,30.0,2.924644204230083
22.0,28.0,2.4176885801709624
55.0,93.0,4.685763360310033
36.0,57.0,1.1153358866468293
53.0,79.0,1.2804870053443018
11.0,18.0,0.37757418614467814
3.0,3.0,2.5491807271823936
5.0,5.0,3.3948432040678798
3.0,10.0,3.6397644806373015
2.0,3.0,0.873058823840141
12.0,15.0,3.5002233987501836
15.0,30.0,2.924644204230083
18.0,28.0,2.4176885801709624
68.0,93.0,4.685763360310033
43.0,57.0,1.1153358866468293
46.0,79.0,1.2804870053443018
15.0,18.0,0.37757418614467814
1.0,3.0,2.5491807271823936
4.0,5.0,3.3948432040678798
6.0,10.0,3.6397644806373015
2.0,3.0,0.873058823840141
12.0,15.0,3.5002233987501836
25.0,30.0,2.924644204230083
18.0,28.0,2.4176885801709624
73.0,93.0,4.685763360310033
46.0,57.0,1.1153358866468293
68.0,79.0,1.2804870053443018
14.0,18.0,0.37757418614467814
3.0,3.0,2.5491807271823936
4.0,5.0,3.3948432040678798
10.0,10.0,3.6397644806373015
3.0,3.0,0.873058823840141
15.0,15.0,3.5002233987501836
28.0,30.0,2.924644204230083
25.0,28.0,2.4176885801709624
88.0,93.0,4.685763360310033
54.0,57.0,1.1153358866468293
68.0,79.0,1.2804870053443018
17.0,18.0,0.37757418614467814
1.0,2.0,9.138054703228068
1.0,9.0,5.98697269649915
1.0,18.0,5.229317682187505
1.0,3.0,0.8078025470371148
2.0,29.0,3.4628271731951967
0.0,19.0,1.2831339838293951
5.0,49.0,2.419255389207191
0.0,15.0,0.35473728077600586
1.0,25.0,1.015285905128883
2.0,5.0,0.15765466849237722
0.0,17.0,1.2432652642376678
1.0,2.0,9.138054703228068
2.0,9.0,5.98697269649915
3.0,18.0,5.229317682187505
1.0,3.0,0.8078025470371148
9.0,29.0,3.4628271731951967
2.0,19.0,1.2831339838293951
11.0,49.0,2.419255389207191
4.0,15.0,0.35473728077600586
5.0,25.0,1.015285905128883
1.0,5.0,0.15765466849237722
1.0,17.0,1.2432652642376678
1.0,2.0,9.138054703228068
4.0,9.0,5.98697269649915
9.0,18.0,5.229317682187505
1.0,3.0,0.8078025470371148
8.0,29.0,3.4628271731951967
5.0,19.0,1.2831339838293951
19.0,49.0,2.419255389207191
5.0,15.0,0.35473728077600586
7.0,25.0,1.015285905128883
0.0,5.0,0.15765466849237722
1.0,17.0,1.2432652642376678
1.0,2.0,9.138054703228068
1.0,9.0,5.98697269649915
8.0,18.0,5.229317682187505
1.0,3.0,0.8078025470371148
9.0,29.0,3.4628271731951967
5.0,19.0,1.2831339838293951
22.0,49.0,2.419255389207191
5.0,15.0,0.35473728077600586
11.0,25.0,1.015285905128883
3.0,5.0,0.15765466849237722
6.0,17.0,1.2432652642376678
1.0,2.0,9.138054703228068
4.0,9.0,5.98697269649915
10.0,18.0,5.229317682187505
2.0,3.0,0.8078025470371148
13.0,29.0,3.4628271731951967
12.0,19.0,1.2831339838293951
27.0,49.0,2.419255389207191
9.0,15.0,0.35473728077600586
9.0,25.0,1.015285905128883
1.0,5.0,0.15765466849237722
9.0,17.0,1.2432652642376678
1.0,2.0,9.138054703228068
6.0,9.0,5.98697269649915
13.0,18.0,5.229317682187505
3.0,3.0,0.8078025470371148
16.0,29.0,3.4628271731951967
16.0,19.0,1.2831339838293951
30.0,49.0,2.419255389207191
12.0,15.0,0.35473728077600586
13.0,25.0,1.015285905128883
3.0,5.0,0.15765466849237722
13.0,17.0,1.2432652642376678
2.0,2.0,9.138054703228068
7.0,9.0,5.98697269649915
14.0,18.0,5.229317682187505
3.0,3.0,0.8078025470371148
24.0,29.0,3.4628271731951967
13.0,19.0,1.2831339838293951
32.0,49.0,2.419255389207191
8.0,15.0,0.35473728077600586
17.0,25.0,1.015285905128883
5.0,5.0,0.15765466849237722
14.0,17.0,1.2432652642376678
1.0,2.0,9.138054703228068
8.0,9.0,5.98697269649915
12.0,18.0,5.229317682187505
3.0,3.0,0.8078025470371148
24.0,29.0,3.4628271731951967
16.0,19.0,1.2831339838293951
36.0,49.0,2.419255389207191
13.0,15.0,0.35473728077600586
18.0,25.0,1.015285905128883
3.0,5.0,0.15765466849237722
16.0,17.0,1.2432652642376678
2.0,2.0,9.138054703228068
9.0,9.0,5.98697269649915
17.0,18.0,5.229317682187505
2.0,3.0,0.8078025470371148
28.0,29.0,3.4628271731951967
18.0,19.0,1.2831339838293951
43.0,49.0,2.419255389207191
11.0,15.0,0.35473728077600586
22.0,25.0,1.015285905128883
4.0,5.0,0.15765466849237722
16.0,17.0,1.2432652642376678
2.0,4.0,3.2195323327764824
1.0,16.0,9.421429077229652
0.0,4.0,0.27147887358028006
2.0,9.0,1.286472603295059
3.0,32.0,3.767729373645131
0.0,6.0,0.5030903957800114
2.0,12.0,0.6676077021685684
7.0,75.0,3.655916938647944
7.0,77.0,2.471597620592447
4.0,70.0,1.3875938367351612
3.0,22.0,0.3774753107682797
1.0,4.0,3.2195323327764824
1.0,16.0,9.421429077229652
1.0,4.0,0.27147887358028006
1.0,9.0,1.286472603295059
6.0,32.0,3.767729373645131
2.0,6.0,0.5030903957800114
0.0,12.0,0.6676077021685684
11.0,75.0,3.655916938647944
16.0,77.0,2.471597620592447
11.0,70.0,1.3875938367351612
5.0,22.0,0.3774753107682797
1.0,4.0,3.2195323327764824
7.0,16.0,9.421429077229652
2.0,4.0,0.27147887358028006
4.0,9.0,1.286472603295059
9.0,32.0,3.767729373645131
1.0,6.0,0.5030903957800114
3.0,12.0,0.6676077021685684
26.0,75.0,3.655916938647944
20.0,77.0,2.471597620592447
19.0,70.0,1.3875938367351612
5.0,22.0,0.3774753107682797
1.0,4.0,3.2195323327764824
3.0,16.0,9.421429077229652
0.0,4.0,0.27147887358028006
2.0,9.0,1.286472603295059
9.0,32.0,3.767729373645131
3.0,6.0,0.5030903957800114
5.0,12.0,0.6676077021685684
32.0,75.0,3.655916938647944
31.0,77.0,2.471597620592447
30.0,70.0,1.3875938367351612
9.0,22.0,0.3774753107682797
4.0,4.0,3.2195323327764824
11.0,16.0,9.421429077229652
3.0,4.0,0.27147887358028006
2.0,9.0,1.286472603295059
18.0,32.0,3.767729373645131
5.0,6.0,0.5030903957800114
8.0,12.0,0.6676077021685684
46.0,75.0,3.655916938647944
43.0,77.0,2.471597620592447
38.0,70.0,1.3875938367351612
9.0,22.0,0.3774753107682797
4.0,4.0,3.2195323327764824
8.0,16.0,9.421429077229652
2.0,4.0,0.27147887358028006
6.0,9.0,1.286472603295059
16.0,32.0,3.767729373645131
3.0,6.0,0.5030903957800114
5.0,12.0,0.6676077021685684
37.0,75.0,3.655916938647944
40.0,77.0,2.471597620592447
45.0,70.0,1.3875938367351612
16.0,22.0,0.3774753107682797
3.0,4.0,3.2195323327764824
11.0,16.0,9.421429077229652
2.0,4.0,0.27147887358028006
6.0,9.0,1.286472603295059
22.0,32.0,3.767729373645131
3.0,6.0,0.5030903957800114
8.0,12.0,0.6676077021685684
56.0,75.0,3.655916938647944
51.0,77.0,2.471597620592447
51.0,70.0,1.3875938367351612
15.0,22.0,0.3774753107682797
4.0,4.0,3.2195323327764824
16.0,16.0,9.421429077229652
4.0,4.0,0.27147887358028006
8.0,9.0,1.286472603295059
25.0,32.0,3.767729373645131
6.0,6.0,0.5030903957800114
9.0,12.0,0.6676077021685684
62.0,75.0,3.655916938647944
61.0,77.0,2.471597620592447
53.0,70.0,1.3875938367351612
17.0,22.0,0.3774753107682797
4.0,4.0,3.2195323327764824
15.0,16.0,9.421429077229652
3.0,4.0,0.27147887358028006
9.0,9.0,1.286472603295059
31.0,32.0,3.767729373645131
6.0,6.0,0.5030903957800114
12.0,12.0,0.6676077021685684
68.0,75.0,3.655916938647944
65.0,77.0,2.471597620592447
60.0,70.0,1.3875938367351612
20.0,22.0,0.3774753107682797
2.0,3.0,7.903261113928064
1.0,7.0,4.817145170871458
0.0,6.0,1.9401039033019845
2.0,16.0,2.619874781923637
4.0,56.0,6.002352315443969
5.0,47.0,1.8642457466294253
6.0,56.0,1.4256652823836047
0.0,7.0,0.14473413316563705
8.0,76.0,2.0904949549975207
4.0,62.0,1.3048627364126382
1.0,3.0,0.053134169203678944
1.0,3.0,7.903261113928064
2.0,7.0,4.817145170871458
1.0,6.0,1.9401039033019845
4.0,16.0,2.619874781923637
14.0,56.0,6.002352315443969
11.0,47.0,1.8642457466294253
12.0,56.0,1.4256652823836047
2.0,7.0,0.14473413316563705
15.0,76.0,2.0904949549975207
14.0,62.0,1.3048627364126382
0.0,3.0,0.053134169203678944
2.0,3.0,7.903261113928064
3.0,7.0,4.817145170871458
2.0,6.0,1.9401039033019845
5.0,16.0,2.619874781923637
22.0,56.0,6.002352315443969
20.0,47.0,1.8642457466294253
18.0,56.0,1.4256652823836047
1.0,7.0,0.14473413316563705
18.0,76.0,2.0904949549975207
20.0,62.0,1.3048627364126382
1.0,3.0,0.053134169203678944
1.0,3.0,7.903261113928064
4.0,7.0,4.817145170871458
1.0,6.0,1.9401039033019845
6.0,16.0,2.619874781923637
28.0,56.0,6.002352315443969
25.0,47.0,1.8642457466294253
27.0,56.0,1.4256652823836047
4.0,7.0,0.14473413316563705
29.0,76.0,2.0904949549975207
27.0,62.0,1.3048627364126382
2.0,3.0,0.053134169203678944
2.0,3.0,7.903261113928064
2.0,7.0,4.817145170871458
4.0,6.0,1.9401039033019845
9.0,16.0,2.619874781923637
30.0,56.0,6.002352315443969
25.0,47.0,1.8642457466294253
34.0,56.0,1.4256652823836047
2.0,7.0,0.14473413316563705
36.0,76.0,2.0904949549975207
31.0,62.0,1.3048627364126382
1.0,3.0,0.053134169203678944
1.0,3.0,7.903261113928064
3.0,7.0,4.817145170871458
6.0,6.0,1.9401039033019845
10.0,16.0,2.619874781923637
28.0,56.0,6.002352315443969
25.0,47.0,1.8642457466294253
29.0,56.0,1.4256652823836047
5.0,7.0,0.14473413316563705
42.0,76.0,2.0904949549975207
37.0,62.0,1.3048627364126382
2.0,3.0,0.053134169203678944
3.0,3.0,7.903261113928064
3.0,7.0,4.817145170871458
5.0,6.0,1.9401039033019845
11.0,16.0,2.619874781923637
40.0,56.0,6.002352315443969
35.0,47.0,1.8642457466294253
37.0,56.0,1.4256652823836047
5.0,7.0,0.14473413316563705
59.0,76.0,2.0904949549975207
42.0,62.0,1.3048627364126382
1.0,3.0,0.053134169203678944
3.0,3.0,7.903261113928064
5.0,7.0,4.817145170871458
4.0,6.0,1.9401039033019845
13.0,16.0,2.619874781923637
50.0,56.0,6.002352315443969
37.0,47.0,1.8642457466294253
42.0,56.0,1.4256652823836047
6.0,7.0,0.14473413316563705
57.0,76.0,2.0904949549975207
49.0,62.0,1.3048627364126382
3.0,3.0,0.053134169203678944
3.0,3.0,7.903261113928064
7.0,7.0,4.817145170871458
3.0,6.0,1.9401039033019845
15.0,16.0,2.619874781923637
51.0,56.0,6.002352315443969
42.0,47.0,1.8642457466294253
54.0,56.0,1.4256652823836047
7.0,7.0,0.14473413316563705
72.0,76.0,2.0904949549975207
56.0,62.0,1.3048627364126382
2.0,3.0,0.053134169203678944
1.0,2.0,1.9606907046224467
0.0,9.0,7.5259221279946065
0.0,6.0,1.9964498627621432
2.0,12.0,2.1465734159579313
1.0,7.0,1.0097318703472231
2.0,8.0,0.8641289510180001
3.0,31.0,3.661683735058607
3.0,24.0,1.5342131605035876
1.0,8.0,0.2467036344315578
5.0,14.0,0.8113381158518131
3.0,19.0,0.7149297273150891
1.0,2.0,1.9606907046224467
1.0,9.0,7.5259221279946065
1.0,6.0,1.9964498627621432
5.0,12.0,2.1465734159579313
1.0,7.0,1.0097318703472231
2.0,8.0,0.8641289510180001
6.0,31.0,3.661683735058607
3.0,24.0,1.5342131605035876
1.0,8.0,0.2467036344315578
1.0,14.0,0.8113381158518131
5.0,19.0,0.7149297273150891
1.0,2.0,1.9606907046224467
1.0,9.0,7.5259221279946065
2.0,6.0,1.9964498627621432
4.0,12.0,2.1465734159579313
2.0,7.0,1.0097318703472231
2.0,8.0,0.8641289510180001
8.0,31.0,3.661683735058607
11.0,24.0,1.5342131605035876
2.0,8.0,0.2467036344315578
3.0,14.0,0.8113381158518131
6.0,19.0,0.7149297273150891
2.0,2.0,1.9606907046224467
4.0,9.0,7.5259221279946065
2.0,6.0,1.9964498627621432
4.0,12.0,2.1465734159579313
1.0,7.0,1.0097318703472231
5.0,8.0,0.8641289510180001
11.0,31.0,3.661683735058607
8.0,24.0,1.5342131605035876
3.0,8.0,0.2467036344315578
4.0,14.0,0.8113381158518131
8.0,19.0,0.7149297273150891
1.0,2.0,1.9606907046224467
3.0,9.0,7.5259221279946065
1.0,6.0,1.9964498627621432
5.0,12.0,2.1465734159579313
4.0,7.0,1.0097318703472231
3.0,8.0,0.8641289510180001
19.0,31.0,3.661683735058607
15.0,24.0,1.5342131605035876
4.0,8.0,0.2467036344315578
7.0,14.0,0.8113381158518131
10.0,19.0,0.7149297273150891
2.0,2.0,1.9606907046224467
7.0,9.0,7.5259221279946065
2.0,6.0,1.9964498627621432
5.0,12.0,2.1465734159579313
6.0,7.0,1.0097318703472231
5.0,8.0,0.8641289510180001
14.0,31.0,3.661683735058607
17.0,24.0,1.5342131605035876
6.0,8.0,0.2467036344315578
5.0,14.0,0.8113381158518131
12.0,19.0,0.7149297273150891
2.0,2.0,1.9606907046224467
5.0,9.0,7.5259221279946065
4.0,6.0,1.9964498627621432
3.0,12.0,2.1465734159579313
6.0,7.0,1.0097318703472231
6.0,8.0,0.8641289510180001
19.0,31.0,3.661683735058607
11.0,24.0,1.5342131605035876
6.0,8.0,0.2467036344315578
9.0,14.0,0.8113381158518131
13.0,19.0,0.7149297273150891
2.0,2.0,1.9606907046224467
6.0,9.0,7.5259221279946065
4.0,6.0,1.9964498627621432
11.0,12.0,2.1465734159579313
6.0,7.0,1.0097318703472231
8.0,8.0,0.8641289510180001
23.0,31.0,3.661683735058607
19.0,24.0,1.5342131605035876
8.0,8.0,0.2467036344315578
9.0,14.0,0.8113381158518131
18.0,19.0,0.7149297273150891
1.0,2.0,1.9606907046224467
8.0,9.0,7.5259221279946065
6.0,6.0,1.9964498627621432
10.0,12.0,2.1465734159579313
7.0,7.0,1.0097318703472231
6.0,8.0,0.8641289510180001
28.0,31.0,3.661683735058607
22.0,24.0,1.5342131605035876
8.0,8.0,0.2467036344315578
12.0,14.0,0.8113381158518131
15.0,19.0,0.7149297273150891
2.0,2.0,1.5317812395768151
0.0,3.0,3.5586586443525547
1.0,15.0,5.5471954128230205
1.0,20.0,2.6173677041874424
2.0,22.0,1.9750062168904248
1.0,6.0,0.4476840068616066
1.0,16.0,0.9786745763466411
1.0,4.0,0.434307584496727
2.0,41.0,3.703927679346084
0.0,7.0,0.242243890145577
3.0,17.0,0.9772404182057204
1.0,2.0,1.5317812395768151
1.0,3.0,3.5586586443525547
3.0,15.0,5.5471954128230205
4.0,20.0,2.6173677041874424
0.0,22.0,1.9750062168904248
2.0,6.0,0.4476840068616066
3.0,16.0,0.9786745763466411
0.0,4.0,0.434307584496727
5.0,41.0,3.703927679346084
1.0,7.0,0.242243890145577
5.0,17.0,0.9772404182057204
1.0,2.0,1.5317812395768151
2.0,3.0,3.5586586443525547
4.0,15.0,5.5471954128230205
6.0,20.0,2.6173677041874424
5.0,22.0,1.9750062168904248
3.0,6.0,0.4476840068616066
7.0,16.0,0.9786745763466411
1.0,4.0,0.434307584496727
13.0,41.0,3.703927679346084
2.0,7.0,0.242243890145577
4.0,17.0,0.9772404182057204
1.0,2.0,1.5317812395768151
1.0,3.0,3.5586586443525547
4.0,15.0,5.5471954128230205
9.0,20.0,2.6173677041874424
10.0,22.0,1.9750062168904248
2.0,6.0,0.4476840068616066
5.0,16.0,0.9786745763466411
2.0,4.0,0.434307584496727
14.0,41.0,3.703927679346084
1.0,7.0,0.242243890145577
6.0,17.0,0.9772404182057204
1.0,2.0,1.5317812395768151
1.0,3.0,3.5586586443525547
6.0,15.0,5.5471954128230205
9.0,20.0,2.6173677041874424
10.0,22.0,1.9750062168904248
5.0,6.0,0.4476840068616066
9.0,16.0,0.9786745763466411
1.0,4.0,0.434307584496727
27.0,41.0,3.703927679346084
5.0,7.0,0.242243890145577
12.0,17.0,0.9772404182057204
2.0,2.0,1.5317812395768151
2.0,3.0,3.5586586443525547
10.0,15.0,5.5471954128230205
10.0,20.0,2.6173677041874424
11.0,22.0,1.9750062168904248
3.0,6.0,0.4476840068616066
8.0,16.0,0.9786745763466411
4.0,4.0,0.434307584496727
24.0,41.0,3.703927679346084
6.0,7.0,0.242243890145577
11.0,17.0,0.9772404182057204
2.0,2.0,1.5317812395768151
3.0,3.0,3.5586586443525547
11.0,15.0,5.5471954128230205
12.0,20.0,2.6173677041874424
16.0,22.0,1.9750062168904248
5.0,6.0,0.4476840068616066
14.0,16.0,0.9786745763466411
3.0,4.0,0.434307584496727
28.0,41.0,3.703927679346084
5.0,7.0,0.242243890145577
11.0,17.0,0.9772404182057204
2.0,2.0,1.5317812395768151
2.0,3.0,3.5586586443525547
12.0,15.0,5.5471954128230205
15.0,20.0,2.6173677041874424
14.0,22.0,1.9750062168904248
5.0,6.0,0.4476840068616066
12.0,16.0,0.9786745763466411
1.0,4.0,0.434307584496727
33.0,41.0,3.703927679346084
4.0,7.0,0.242243890145577
14.0,17.0,0.9772404182057204
1.0,2.0,1.5317812395768151
3.0,3.0,3.5586586443525547
15.0,15.0,5.5471954128230205
18.0,20.0,2.6173677041874424
20.0,22.0,1.9750062168904248
5.0,6.0,0.4476840068616066
14.0,16.0,0.9786745763466411
4.0,4.0,0.434307584496727
37.0,41.0,3.703927679346084
7.0,7.0,0.242243890145577
16.0,17.0,0.9772404182057204
1.0,3.0,1.793132480449704
3.0,31.0,14.99992162600546
0.0,1.0,0.20061483717598722
2.0,19.0,1.830282608406029
9.0,72.0,5.02466701087343
3.0,79.0,2.518181502316723
3.0,39.0,0.9033321215777877
10.0,68.0,1.3015661803905707
2.0,3.0,0.106102916600585
2.0,45.0,1.0136796051061747
4.0,57.0,1.6318398642956755
1.0,3.0,1.793132480449704
8.0,31.0,14.99992162600546
1.0,1.0,0.20061483717598722
6.0,19.0,1.830282608406029
15.0,72.0,5.02466701087343
14.0,79.0,2.518181502316723
7.0,39.0,0.9033321215777877
17.0,68.0,1.3015661803905707
2.0,3.0,0.106102916600585
9.0,45.0,1.0136796051061747
13.0,57.0,1.6318398642956755
1.0,3.0,1.793132480449704
11.0,31.0,14.99992162600546
1.0,1.0,0.20061483717598722
6.0,19.0,1.830282608406029
17.0,72.0,5.02466701087343
20.0,79.0,2.518181502316723
12.0,39.0,0.9033321215777877
22.0,68.0,1.3015661803905707
1.0,3.0,0.106102916600585
13.0,45.0,1.0136796051061747
19.0,57.0,1.6318398642956755
2.0,3.0,1.793132480449704
18.0,31.0,14.99992162600546
0.0,1.0,0.20061483717598722
10.0,19.0,1.830282608406029
27.0,72.0,5.02466701087343
32.0,79.0,2.518181502316723
19.0,39.0,0.9033321215777877
24.0,68.0,1.3015661803905707
1.0,3.0,0.106102916600585
13.0,45.0,1.0136796051061747
19.0,57.0,1.6318398642956755
2.0,3.0,1.793132480449704
15.0,31.0,14.99992162600546
0.0,1.0,0.20061483717598722
12.0,19.0,1.830282608406029
41.0,72.0,5.02466701087343
39.0,79.0,2.518181502316723
23.0,39.0,0.9033321215777877
37.0,68.0,1.3015661803905707
3.0,3.0,0.106102916600585
19.0,45.0,1.0136796051061747
31.0,57.0,1.6318398642956755
2.0,3.0,1.793132480449704
19.0,31.0,14.99992162600546
1.0,1.0,0.20061483717598722
7.0,19.0,1.830282608406029
41.0,72.0,5.02466701087343
41.0,79.0,2.518181502316723
22.0,39.0,0.9033321215777877
36.0,68.0,1.3015661803905707
2.0,3.0,0.106102916600585
25.0,45.0,1.0136796051061747
34.0,57.0,1.6318398642956755
2.0,3.0,1.793132480449704
26.0,31.0,14.99992162600546
1.0,1.0,0.20061483717598722
13.0,19.0,1.830282608406029
50.0,72.0,5.02466701087343
59.0,79.0,2.518181502316723
30.0,39.0,0.9033321215777877
46.0,68.0,1.3015661803905707
2.0,3.0,0.106102916600585
31.0,45.0,1.0136796051061747
41.0,57.0,1.6318398642956755
3.0,3.0,1.793132480449704
23.0,31.0,14.99992162600546
0.0,1.0,0.20061483717598722
14.0,19.0,1.830282608406029
56.0,72.0,5.02466701087343
67.0,79.0,2.518181502316723
34.0,39.0,0.9033321215777877
54.0,68.0,1.3015661803905707
3.0,3.0,0.106102916600585
38.0,45.0,1.0136796051061747
46.0,57.0,1.6318398642956755
3.0,3.0,1.793132480449704
30.0,31.0,14.99992162600546
1.0,1.0,0.20061483717598722
14.0,19.0,1.830282608406029
60.0,72.0,5.02466701087343
72.0,79.0,2.518181502316723
38.0,39.0,0.9033321215777877
59.0,68.0,1.3015661803905707
3.0,3.0,0.106102916600585
40.0,45.0,1.0136796051061747
47.0,57.0,1.6318398642956755
1.0,2.0,3.1520138028675144
0.0,2.0,1.226240332468852
1.0,4.0,4.496519560610134
1.0,8.0,5.610092694906393
1.0,9.0,1.4630257035669878
6.0,45.0,4.829389928193996
0.0,7.0,0.3088290004445219
3.0,49.0,2.3409703975080056
2.0,17.0,0.7628905049297096
2.0,21.0,0.9043013191988036
2.0,18.0,0.6216042636822573
1.0,2.0,3.1520138028675144
0.0,2.0,1.226240332468852
2.0,4.0,4.496519560610134
2.0,8.0,5.610092694906393
3.0,9.0,1.4630257035669878
8.0,45.0,4.829389928193996
2.0,7.0,0.3088290004445219
14.0,49.0,2.3409703975080056
4.0,17.0,0.7628905049297096
4.0,21.0,0.9043013191988036
5.0,18.0,0.6216042636822573
1.0,2.0,3.1520138028675144
1.0,2.0,1.226240332468852
2.0,4.0,4.496519560610134
5.0,8.0,5.610092694906393
3.0,9.0,1.4630257035669878
15.0,45.0,4.829389928193996
2.0,7.0,0.3088290004445219
18.0,49.0,2.3409703975080056
5.0,17.0,0.7628905049297096
4.0,21.0,0.9043013191988036
8.0,18.0,0.6216042636822573
1.0,2.0,3.1520138028675144
1.0,2.0,1.226240332468852
1.0,4.0,4.496519560610134
3.0,8.0,5.610092694906393
4.0,9.0,1.4630257035669878
17.0,45.0,4.829389928193996
4.0,7.0,0.3088290004445219
20.0,49.0,2.3409703975080056
5.0,17.0,0.7628905049297096
7.0,21.0,0.9043013191988036
6.0,18.0,0.6216042636822573
1.0,2.0,3.1520138028675144
2.0,2.0,1.226240332468852
4.0,4.0,4.496519560610134
7.0,8.0,5.610092694906393
4.0,9.0,1.4630257035669878
24.0,45.0,4.829389928193996
3.0,7.0,0.3088290004445219
18.0,49.0,2.3409703975080056
8.0,17.0,0.7628905049297096
13.0,21.0,0.9043013191988036
7.0,18.0,0.6216042636822573
1.0,2.0,3.1520138028675144
1.0,2.0,1.226240332468852
2.0,4.0,4.496519560610134
4.0,8.0,5.610092694906393
5.0,9.0,1.4630257035669878
29.0,45.0,4.829389928193996
6.0,7.0,0.3088290004445219
28.0,49.0,2.3409703975080056
7.0,17.0,0.7628905049297096
15.0,21.0,0.9043013191988036
10.0,18.0,0.6216042636822573
1.0,2.0,3.1520138028675144
2.0,2.0,1.226240332468852
3.0,4.0,4.496519560610134
5.0,8.0,5.610092694906393
8.0,9.0,1.4630257035669878
32.0,45.0,4.829389928193996
4.0,7.0,0.3088290004445219
34.0,49.0,2.3409703975080056
13.0,17.0,0.7628905049297096
14.0,21.0,0.9043013191988036
15.0,18.0,0.6216042636822573
1.0,2.0,3.1520138028675144
2.0,2.0,1.226240332468852
4.0,4.0,4.496519560610134
6.0,8.0,5.610092694906393
8.0,9.0,1.4630257035669878
36.0,45.0,4.829389928193996
6.0,7.0,0.3088290004445219
41.0,49.0,2.3409703975080056
14.0,17.0,0.7628905049297096
17.0,21.0,0.9043013191988036
15.0,18.0,0.6216042636822573
2.0,2.0,3.1520138028675144
2.0,2.0,1.226240332468852
4.0,4.0,4.496519560610134
7.0,8.0,5.610092694906393
8.0,9.0,1.4630257035669878
43.0,45.0,4.829389928193996
7.0,7.0,0.3088290004445219
43.0,49.0,2.3409703975080056
16.0,17.0,0.7628905049297096
17.0,21.0,0.9043013191988036
16.0,18.0,0.6216042636822573
1.0,2.0,1.8946902881024656
0.0,6.0,2.586409342084536
0.0,4.0,2.8275238268916754
2.0,34.0,6.143114366777583
3.0,11.0,0.9477310697280693
3.0,30.0,1.575960259923801
1.0,15.0,0.8684694720304128
1.0,25.0,0.913430269318032
2.0,9.0,0.5899995754928608
1.0,8.0,0.4464316837940738
2.0,31.0,1.9339629243903225
1.0,2.0,1.8946902881024656
1.0,6.0,2.586409342084536
1.0,4.0,2.8275238268916754
2.0,34.0,6.143114366777583
3.0,11.0,0.9477310697280693
4.0,30.0,1.575960259923801
3.0,15.0,0.8684694720304128
6.0,25.0,0.913430269318032
3.0,9.0,0.5899995754928608
5.0,8.0,0.4464316837940738
8.0,31.0,1.9339629243903225
1.0,2.0,1.8946902881024656
2.0,6.0,2.586409342084536
2.0,4.0,2.8275238268916754
11.0,34.0,6.143114366777583
1.0,11.0,0.9477310697280693
8.0,30.0,1.575960259923801
3.0,15.0,0.8684694720304128
7.0,25.0,0.913430269318032
3.0,9.0,0.5899995754928608
1.0,8.0,0.4464316837940738
6.0,31.0,1.9339629243903225
1.0,2.0,1.8946902881024656
1.0,6.0,2.586409342084536
2.0,4.0,2.8275238268916754
11.0,34.0,6.143114366777583
3.0,11.0,0.9477310697280693
12.0,30.0,1.575960259923801
9.0,15.0,0.8684694720304128
8.0,25.0,0.913430269318032
3.0,9.0,0.5899995754928608
5.0,8.0,0.4464316837940738
5.0,31.0,1.9339629243903225
1.0,2.0,1.8946902881024656
4.0,6.0,2.586409342084536
3.0,4.0,2.8275238268916754
19.0,34.0,6.143114366777583
4.0,11.0,0.9477310697280693
19.0,30.0,1.575960259923801
8.0,15.0,0.8684694720304128
15.0,25.0,0.913430269318032
6.0,9.0,0.5899995754928608
4.0,8.0,0.4464316837940738
18.0,31.0,1.9339629243903225
1.0,2.0,1.8946902881024656
4.0,6.0,2.586409342084536
2.0,4.0,2.8275238268916754
18.0,34.0,6.143114366777583
5.0,11.0,0.9477310697280693
15.0,30.0,1.575960259923801
9.0,15.0,0.8684694720304128
17.0,25.0,0.913430269318032
6.0,9.0,0.5899995754928608
6.0,8.0,0.4464316837940738
18.0,31.0,1.9339629243903225
1.0,2.0,1.8946902881024656
5.0,6.0,2.586409342084536
2.0,4.0,2.8275238268916754
24.0,34.0,6.143114366777583
9.0,11.0,0.9477310697280693
23.0,30.0,1.575960259923801
9.0,15.0,0.8684694720304128
20.0,25.0,0.913430269318032
5.0,9.0,0.5899995754928608
5.0,8.0,0.4464316837940738
22.0,31.0,1.9339629243903225
2.0,2.0,1.8946902881024656
4.0,6.0,2.586409342084536
3.0,4.0,2.8275238268916754
26.0,34.0,6.143114366777583
9.0,11.0,0.9477310697280693
27.0,30.0,1.575960259923801
11.0,15.0,0.8684694720304128
20.0,25.0,0.913430269318032
7.0,9.0,0.5899995754928608
6.0,8.0,0.4464316837940738
25.0,31.0,1.9339629243903225
2.0,2.0,1.8946902881024656
5.0,6.0,2.586409342084536
3.0,4.0,2.8275238268916754
33.0,34.0,6.143114366777583
8.0,11.0,0.9477310697280693
28.0,30.0,1.575960259923801
14.0,15.0,0.8684694720304128
22.0,25.0,0.913430269318032
9.0,9.0,0.5899995754928608
8.0,8.0,0.4464316837940738
30.0,31.0,1.9339629243903225
1.0,4.0,3.728138030693221
1.0,7.0,3.112539176873087
0.0,2.0,0.603393553250684
0.0,14.0,2.71196132336796
1.0,20.0,2.121068079059157
2.0,25.0,1.8825371303833995
2.0,67.0,3.469616259314465
6.0,71.0,1.9704906123703827
5.0,24.0,0.6005262331523803
6.0,66.0,1.4212244949035064
2.0,22.0,0.4554712866996676
2.0,4.0,3.728138030693221
2.0,7.0,3.112539176873087
2.0,2.0,0.603393553250684
4.0,14.0,2.71196132336796
3.0,20.0,2.121068079059157
5.0,25.0,1.8825371303833995
15.0,67.0,3.469616259314465
9.0,71.0,1.9704906123703827
9.0,24.0,0.6005262331523803
13.0,66.0,1.4212244949035064
6.0,22.0,0.4554712866996676
4.0,4.0,3.728138030693221
2.0,7.0,3.112539176873087
1.0,2.0,0.603393553250684
5.0,14.0,2.71196132336796
7.0,20.0,2.121068079059157
10.0,25.0,1.8825371303833995
14.0,67.0,3.469616259314465
24.0,71.0,1.9704906123703827
9.0,24.0,0.6005262331523803
18.0,66.0,1.4212244949035064
8.0,22.0,0.4554712866996676
2.0,4.0,3.728138030693221
2.0,7.0,3.112539176873087
0.0,2.0,0.603393553250684
3.0,14.0,2.71196132336796
8.0,20.0,2.121068079059157
10.0,25.0,1.8825371303833995
28.0,67.0,3.469616259314465
25.0,71.0,1.9704906123703827
10.0,24.0,0.6005262331523803
28.0,66.0,1.4212244949035064
10.0,22.0,0.4554712866996676
2.0,4.0,3.728138030693221
5.0,7.0,3.112539176873087
2.0,2.0,0.603393553250684
6.0,14.0,2.71196132336796
13.0,20.0,2.121068079059157
12.0,25.0,1.8825371303833995
42.0,67.0,3.469616259314465
43.0,71.0,1.9704906123703827
12.0,24.0,0.6005262331523803
33.0,66.0,1.4212244949035064
7.0,22.0,0.4554712866996676
4.0,4.0,3.728138030693221
3.0,7.0,3.112539176873087
1.0,2.0,0.603393553250684
9.0,14.0,2.71196132336796
13.0,20.0,2.121068079059157
17.0,25.0,1.8825371303833995
36.0,67.0,3.469616259314465
38.0,71.0,1.9704906123703827
13.0,24.0,0.6005262331523803
39.0,66.0,1.4212244949035064
15.0,22.0,0.4554712866996676
1.0,4.0,3.728138030693221
5.0,7.0,3.112539176873087
2.0,2.0,0.603393553250684
8.0,14.0,2.71196132336796
15.0,20.0,2.121068079059157
14.0,25.0,1.8825371303833995
50.0,67.0,3.469616259314465
58.0,71.0,1.9704906123703827
18.0,24.0,0.6005262331523803
49.0,66.0,1.4212244949035064
13.0,22.0,0.4554712866996676
4.0,4.0,3.728138030693221
6.0,7.0,3.112539176873087
0.0,2.0,0.603393553250684
12.0,14.0,2.71196132336796
16.0,20.0,2.121068079059157
18.0,25.0,1.8825371303833995
58.0,67.0,3.469616259314465
60.0,71.0,1.9704906123703827
20.0,24.0,0.6005262331523803
51.0,66.0,1.4212244949035064
20.0,22.0,0.4554712866996676
4.0,4.0,3.728138030693221
7.0,7.0,3.112539176873087
2.0,2.0,0.603393553250684
14.0,14.0,2.71196132336796
20.0,20.0,2.121068079059157
21.0,25.0,1.8825371303833995
60.0,67.0,3.469616259314465
60.0,71.0,1.9704906123703827
18.0,24.0,0.6005262331523803
60.0,66.0,1.4212244949035064
19.0,22.0,0.4554712866996676
4.0,7.0,4.225568204795234
1.0,7.0,1.9438089977269668
1.0,12.0,1.755938627253372
1.0,4.0,0.38048598202395073
2.0,21.0,2.099353088425916
0.0,21.0,1.5700129146200956
8.0,74.0,4.825191334461883
4.0,64.0,1.6691835898011516
10.0,101.0,1.6533337336994929
1.0,7.0,0.08496735696091703
2.0,43.0,0.732962773591197
1.0,7.0,4.225568204795234
2.0,7.0,1.9438089977269668
3.0,12.0,1.755938627253372
0.0,4.0,0.38048598202395073
6.0,21.0,2.099353088425916
1.0,21.0,1.5700129146200956
16.0,74.0,4.825191334461883
14.0,64.0,1.6691835898011516
15.0,101.0,1.6533337336994929
1.0,7.0,0.08496735696091703
11.0,43.0,0.732962773591197
1.0,7.0,4.225568204795234
2.0,7.0,1.9438089977269668
3.0,12.0,1.755938627253372
2.0,4.0,0.38048598202395073
7.0,21.0,2.099353088425916
4.0,21.0,1.5700129146200956
18.0,74.0,4.825191334461883
22.0,64.0,1.6691835898011516
19.0,101.0,1.6533337336994929
1.0,7.0,0.08496735696091703
18.0,43.0,0.732962773591197
1.0,7.0,4.225568204795234
4.0,7.0,1.9438089977269668
4.0,12.0,1.755938627253372
3.0,4.0,0.38048598202395073
8.0,21.0,2.099353088425916
7.0,21.0,1.5700129146200956
33.0,74.0,4.825191334461883
17.0,64.0,1.6691835898011516
52.0,101.0,1.6533337336994929
2.0,7.0,0.08496735696091703
15.0,43.0,0.732962773591197
2.0,7.0,4.225568204795234
5.0,7.0,1.9438089977269668
8.0,12.0,1.755938627253372
3.0,4.0,0.38048598202395073
12.0,21.0,2.099353088425916
9.0,21.0,1.5700129146200956
28.0,74.0,4.825191334461883
28.0,64.0,1.6691835898011516
49.0,101.0,1.6533337336994929
4.0,7.0,0.08496735696091703
16.0,43.0,0.732962773591197
2.0,7.0,4.225568204795234
5.0,7.0,1.9438089977269668
8.0,12.0,1.755938627253372
0.0,4.0,0.38048598202395073
15.0,21.0,2.099353088425916
14.0,21.0,1.5700129146200956
47.0,74.0,4.825191334461883
37.0,64.0,1.6691835898011516
56.0,101.0,1.6533337336994929
6.0,7.0,0.08496735696091703
25.0,43.0,0.732962773591197
5.0,7.0,4.225568204795234
6.0,7.0,1.9438089977269668
8.0,12.0,1.755938627253372
3.0,4.0,0.38048598202395073
17.0,21.0,2.099353088425916
16.0,21.0,1.5700129146200956
47.0,74.0,4.825191334461883
44.0,64.0,1.6691835898011516
72.0,101.0,1.6533337336994929
5.0,7.0,0.08496735696091703
32.0,43.0,0.732962773591197
7.0,7.0,4.225568204795234
6.0,7.0,1.9438089977269668
11.0,12.0,1.755938627253372
3.0,4.0,0.38048598202395073
18.0,21.0,2.099353088425916
15.0,21.0,1.5700129146200956
55.0,74.0,4.825191334461883
50.0,64.0,1.6691835898011516
86.0,101.0,1.6533337336994929
6.0,7.0,0.08496735696091703
39.0,43.0,0.732962773591197
7.0,7.0,4.225568204795234
7.0,7.0,1.9438089977269668
12.0,12.0,1.755938627253372
4.0,4.0,0.38048598202395073
19.0,21.0,2.099353088425916
19.0,21.0,1.5700129146200956
66.0,74.0,4.825191334461883
59.0,64.0,1.6691835898011516
85.0,101.0,1.6533337336994929
6.0,7.0,0.08496735696091703
40.0,43.0,0.732962773591197
1.0,4.0,6.7309133057885795
1.0,4.0,1.9545377940969249
0.0,2.0,1.112548460119546
1.0,18.0,5.129174154661944
1.0,9.0,0.909271151194378
3.0,29.0,2.474596488436241
10.0,87.0,4.529171663093189
10.0,52.0,1.41254002176777
6.0,49.0,1.0472662075623915
7.0,72.0,1.2727401546107835
1.0,9.0,0.16865045410882762
1.0,4.0,6.7309133057885795
1.0,4.0,1.9545377940969249
1.0,2.0,1.112548460119546
6.0,18.0,5.129174154661944
3.0,9.0,0.909271151194378
4.0,29.0,2.474596488436241
19.0,87.0,4.529171663093189
18.0,52.0,1.41254002176777
11.0,49.0,1.0472662075623915
12.0,72.0,1.2727401546107835
2.0,9.0,0.16865045410882762
2.0,4.0,6.7309133057885795
1.0,4.0,1.9545377940969249
0.0,2.0,1.112548460119546
5.0,18.0,5.129174154661944
3.0,9.0,0.909271151194378
10.0,29.0,2.474596488436241
21.0,87.0,4.529171663093189
17.0,52.0,1.41254002176777
15.0,49.0,1.0472662075623915
33.0,72.0,1.2727401546107835
6.0,9.0,0.16865045410882762
1.0,4.0,6.7309133057885795
1.0,4.0,1.9545377940969249
2.0,2.0,1.112548460119546
8.0,18.0,5.129174154661944
3.0,9.0,0.909271151194378
15.0,29.0,2.474596488436241
35.0,87.0,4.529171663093189
17.0,52.0,1.41254002176777
17.0,49.0,1.0472662075623915
28.0,72.0,1.2727401546107835
8.0,9.0,0.16865045410882762
3.0,4.0,6.7309133057885795
1.0,4.0,1.9545377940969249
0.0,2.0,1.112548460119546
13.0,18.0,5.129174154661944
6.0,9.0,0.909271151194378
16.0,29.0,2.474596488436241
52.0,87.0,4.529171663093189
22.0,52.0,1.41254002176777
31.0,49.0,1.0472662075623915
29.0,72.0,1.2727401546107835
6.0,9.0,0.16865045410882762
3.0,4.0,6.7309133057885795
3.0,4.0,1.9545377940969249
1.0,2.0,1.112548460119546
13.0,18.0,5.129174154661944
5.0,9.0,0.909271151194378
18.0,29.0,2.474596488436241
49.0,87.0,4.529171663093189
28.0,52.0,1.41254002176777
29.0,49.0,1.0472662075623915
43.0,72.0,1.2727401546107835
6.0,9.0,0.16865045410882762
2.0,4.0,6.7309133057885795
3.0,4.0,1.9545377940969249
1.0,2.0,1.112548460119546
14.0,18.0,5.129174154661944
4.0,9.0,0.909271151194378
23.0,29.0,2.474596488436241
56.0,87.0,4.529171663093189
39.0,52.0,1.41254002176777
33.0,49.0,1.0472662075623915
48.0,72.0,1.2727401546107835
7.0,9.0,0.16865045410882762
4.0,4.0,6.7309133057885795
4.0,4.0,1.9545377940969249
2.0,2.0,1.112548460119546
14.0,18.0,5.129174154661944
7.0,9.0,0.909271151194378
23.0,29.0,2.474596488436241
67.0,87.0,4.529171663093189
41.0,52.0,1.41254002176777
40.0,49.0,1.0472662075623915
64.0,72.0,1.2727401546107835
9.0,9.0,0.16865045410882762
3.0,4.0,6.7309133057885795
4.0,4.0,1.9545377940969249
2.0,2.0,1.112548460119546
16.0,18.0,5.129174154661944
9.0,9.0,0.909271151194378
27.0,29.0,2.474596488436241
83.0,87.0,4.529171663093189
46.0,52.0,1.41254002176777
43.0,49.0,1.0472662075623915
65.0,72.0,1.2727401546107835
8.0,9.0,0.16865045410882762
2.0,7.0,10.075351931097726
2.0,11.0,3.311630192386543
0.0,12.0,2.018608426365502
1.0,8.0,1.380320448885225
2.0,39.0,2.904960146921842
2.0,12.0,0.6199685924312753
2.0,13.0,0.8807035008528606
3.0,32.0,1.8333913717414319
2.0,35.0,1.226362240090877
0.0,13.0,0.40202581564185036
6.0,40.0,1.5537995047347366
3.0,7.0,10.075351931097726
3.0,11.0,3.311630192386543
2.0,12.0,2.018608426365502
3.0,8.0,1.380320448885225
7.0,39.0,2.904960146921842
1.0,12.0,0.6199685924312753
2.0,13.0,0.8807035008528606
6.0,32.0,1.8333913717414319
7.0,35.0,1.226362240090877
2.0,13.0,0.40202581564185036
9.0,40.0,1.5537995047347366
3.0,7.0,10.075351931097726
1.0,11.0,3.311630192386543
4.0,12.0,2.018608426365502
3.0,8.0,1.380320448885225
11.0,39.0,2.904960146921842
7.0,12.0,0.6199685924312753
5.0,13.0,0.8807035008528606
11.0,32.0,1.8333913717414319
11.0,35.0,1.226362240090877
6.0,13.0,0.40202581564185036
13.0,40.0,1.5537995047347366
4.0,7.0,10.075351931097726
2.0,11.0,3.311630192386543
7.0,12.0,2.018608426365502
4.0,8.0,1.380320448885225
14.0,39.0,2.904960146921842
5.0,12.0,0.6199685924312753
5.0,13.0,0.8807035008528606
16.0,32.0,1.8333913717414319
11.0,35.0,1.226362240090877
4.0,13.0,0.40202581564185036
18.0,40.0,1.5537995047347366
3.0,7.0,10.075351931097726
7.0,11.0,3.311630192386543
6.0,12.0,2.018608426365502
3.0,8.0,1.380320448885225
22.0,39.0,2.904960146921842
5.0,12.0,0.6199685924312753
6.0,13.0,0.8807035008528606
18.0,32.0,1.8333913717414319
15.0,35.0,1.226362240090877
7.0,13.0,0.40202581564185036
12.0,40.0,1.5537995047347366
2.0,7.0,10.075351931097726
6.0,11.0,3.311630192386543
9.0,12.0,2.018608426365502
4.0,8.0,1.380320448885225
26.0,39.0,2.904960146921842
10.0,12.0,0.6199685924312753
5.0,13.0,0.8807035008528606
19.0,32.0,1.8333913717414319
21.0,35.0,1.226362240090877
8.0,13.0,0.40202581564185036
24.0,40.0,1.5537995047347366
4.0,7.0,10.075351931097726
6.0,11.0,3.311630192386543
8.0,12.0,2.018608426365502
4.0,8.0,1.380320448885225
28.0,39.0,2.904960146921842
8.0,12.0,0.6199685924312753
12.0,13.0,0.8807035008528606
26.0,32.0,1.8333913717414319
26.0,35.0,1.226362240090877
12.0,13.0,0.40202581564185036
30.0,40.0,1.5537995047347366
7.0,7.0,10.075351931097726
7.0,11.0,3.311630192386543
6.0,12.0,2.018608426365502
6.0,8.0,1.380320448885225
35.0,39.0,2.904960146921842
11.0,12.0,0.6199685924312753
12.0,13.0,0.8807035008528606
27.0,32.0,1.8333913717414319
26.0,35.0,1.226362240090877
11.0,13.0,0.40202581564185036
32.0,40.0,1.5537995047347366
7.0,7.0,10.075351931097726
8.0,11.0,3.311630192386543
11.0,12.0,2.018608426365502
6.0,8.0,1.380320448885225
34.0,39.0,2.904960146921842
11.0,12.0,0.6199685924312753
12.0,13.0,0.8807035008528606
28.0,32.0,1.8333913717414319
33.0,35.0,1.226362240090877
10.0,13.0,0.40202581564185036
36.0,40.0,1.5537995047347366
1.0,3.0,7.898660304164785
1.0,5.0,3.4225269435084775
1.0,18.0,7.9582238769493046
8.0,68.0,6.910091135051223
0.0,4.0,0.13680850339135853
4.0,46.0,1.5947423741364541
2.0,12.0,0.38394882158729676
11.0,87.0,2.5278652007783617
4.0,43.0,0.8527919977636774
4.0,27.0,0.4388857443568432
1.0,38.0,0.8776054743090227
1.0,3.0,7.898660304164785
1.0,5.0,3.4225269435084775
2.0,18.0,7.9582238769493046
15.0,68.0,6.910091135051223
0.0,4.0,0.13680850339135853
12.0,46.0,1.5947423741364541
2.0,12.0,0.38394882158729676
16.0,87.0,2.5278652007783617
8.0,43.0,0.8527919977636774
7.0,27.0,0.4388857443568432
8.0,38.0,0.8776054743090227
1.0,3.0,7.898660304164785
0.0,5.0,3.4225269435084775
6.0,18.0,7.9582238769493046
26.0,68.0,6.910091135051223
1.0,4.0,0.13680850339135853
15.0,46.0,1.5947423741364541
3.0,12.0,0.38394882158729676
20.0,87.0,2.5278652007783617
9.0,43.0,0.8527919977636774
10.0,27.0,0.4388857443568432
11.0,38.0,0.8776054743090227
1.0,3.0,7.898660304164785
2.0,5.0,3.4225269435084775
10.0,18.0,7.9582238769493046
30.0,68.0,6.910091135051223
1.0,4.0,0.13680850339135853
18.0,46.0,1.5947423741364541
7.0,12.0,0.38394882158729676
38.0,87.0,2.5278652007783617
21.0,43.0,0.8527919977636774
10.0,27.0,0.4388857443568432
18.0,38.0,0.8776054743090227
1.0,3.0,7.898660304164785
2.0,5.0,3.4225269435084775
10.0,18.0,7.9582238769493046
27.0,68.0,6.910091135051223
3.0,4.0,0.13680850339135853
29.0,46.0,1.5947423741364541
7.0,12.0,0.38394882158729676
46.0,87.0,2.5278652007783617
21.0,43.0,0.8527919977636774
12.0,27.0,0.4388857443568432
21.0,38.0,0.8776054743090227
2.0,3.0,7.898660304164785
4.0,5.0,3.4225269435084775
10.0,18.0,7.9582238769493046
40.0,68.0,6.910091135051223
3.0,4.0,0.13680850339135853
29.0,46.0,1.5947423741364541
5.0,12.0,0.38394882158729676
53.0,87.0,2.5278652007783617
27.0,43.0,0.8527919977636774
12.0,27.0,0.4388857443568432
18.0,38.0,0.8776054743090227
2.0,3.0,7.898660304164785
2.0,5.0,3.4225269435084775
12.0,18.0,7.9582238769493046
50.0,68.0,6.910091135051223
4.0,4.0,0.13680850339135853
32.0,46.0,1.5947423741364541
7.0,12.0,0.38394882158729676
62.0,87.0,2.5278652007783617
34.0,43.0,0.8527919977636774
20.0,27.0,0.4388857443568432
31.0,38.0,0.8776054743090227
3.0,3.0,7.898660304164785
4.0,5.0,3.4225269435084775
17.0,18.0,7.9582238769493046
57.0,68.0,6.910091135051223
3.0,4.0,0.13680850339135853
38.0,46.0,1.5947423741364541
9.0,12.0,0.38394882158729676
69.0,87.0,2.5278652007783617
34.0,43.0,0.8527919977636774
20.0,27.0,0.4388857443568432
28.0,38.0,0.8776054743090227
3.0,3.0,7.898660304164785
4.0,5.0,3.4225269435084775
14.0,18.0,7.9582238769493046
63.0,68.0,6.910091135051223
4.0,4.0,0.13680850339135853
36.0,46.0,1.5947423741364541
9.0,12.0,0.38394882158729676
77.0,87.0,2.5278652007783617
38.0,43.0,0.8527919977636774
24.0,27.0,0.4388857443568432
31.0,38.0,0.8776054743090227
2.0,3.0,2.7262636245254055
1.0,7.0,4.340352756252121
1.0,4.0,1.8094932196738207
5.0,21.0,3.67729032215364
2.0,20.0,1.773160457891446
1.0,3.0,0.3508059696151463
1.0,15.0,1.5503737504319783
4.0,27.0,2.1824178786632267
1.0,7.0,0.35502251673643387
6.0,75.0,3.9364466252567376
1.0,40.0,1.1252007400754582
1.0,3.0,2.7262636245254055
1.0,7.0,4.340352756252121
0.0,4.0,1.8094932196738207
3.0,21.0,3.67729032215364
3.0,20.0,1.773160457891446
0.0,3.0,0.3508059696151463
5.0,15.0,1.5503737504319783
8.0,27.0,2.1824178786632267
3.0,7.0,0.35502251673643387
22.0,75.0,3.9364466252567376
12.0,40.0,1.1252007400754582
1.0,3.0,2.7262636245254055
3.0,7.0,4.340352756252121
1.0,4.0,1.8094932196738207
9.0,21.0,3.67729032215364
5.0,20.0,1.773160457891446
1.0,3.0,0.3508059696151463
7.0,15.0,1.5503737504319783
6.0,27.0,2.1824178786632267
1.0,7.0,0.35502251673643387
25.0,75.0,3.9364466252567376
17.0,40.0,1.1252007400754582
1.0,3.0,2.7262636245254055
3.0,7.0,4.340352756252121
2.0,4.0,1.8094932196738207
13.0,21.0,3.67729032215364
9.0,20.0,1.773160457891446
1.0,3.0,0.3508059696151463
5.0,15.0,1.5503737504319783
16.0,27.0,2.1824178786632267
2.0,7.0,0.35502251673643387
27.0,75.0,3.9364466252567376
17.0,40.0,1.1252007400754582
1.0,3.0,2.7262636245254055
3.0,7.0,4.340352756252121
4.0,4.0,1.8094932196738207
9.0,21.0,3.67729032215364
10.0,20.0,1.773160457891446
2.0,3.0,0.3508059696151463
5.0,15.0,1.5503737504319783
9.0,27.0,2.1824178786632267
6.0,7.0,0.35502251673643387
43.0,75.0,3.9364466252567376
21.0,40.0,1.1252007400754582
3.0,3.0,2.7262636245254055
5.0,7.0,4.340352756252121
2.0,4.0,1.8094932196738207
13.0,21.0,3.67729032215364
11.0,20.0,1.773160457891446
2.0,3.0,0.3508059696151463
11.0,15.0,1.5503737504319783
15.0,27.0,2.1824178786632267
1.0,7.0,0.35502251673643387
42.0,75.0,3.9364466252567376
28.0,40.0,1.1252007400754582
2.0,3.0,2.7262636245254055
5.0,7.0,4.340352756252121
3.0,4.0,1.8094932196738207
17.0,21.0,3.67729032215364
18.0,20.0,1.773160457891446
3.0,3.0,0.3508059696151463
10.0,15.0,1.5503737504319783
22.0,27.0,2.1824178786632267
6.0,7.0,0.35502251673643387
53.0,75.0,3.9364466252567376
26.0,40.0,1.1252007400754582
2.0,3.0,2.7262636245254055
7.0,7.0,4.340352756252121
3.0,4.0,1.8094932196738207
15.0,21.0,3.67729032215364
19.0,20.0,1.773160457891446
2.0,3.0,0.3508059696151463
14.0,15.0,1.5503737504319783
21.0,27.0,2.1824178786632267
6.0,7.0,0.35502251673643387
60.0,75.0,3.9364466252567376
28.0,40.0,1.1252007400754582
2.0,3.0,2.7262636245254055
6.0,7.0,4.340352756252121
4.0,4.0,1.8094932196738207
20.0,21.0,3.67729032215364
16.0,20.0,1.773160457891446
3.0,3.0,0.3508059696151463
14.0,15.0,1.5503737504319783
23.0,27.0,2.1824178786632267
4.0,7.0,0.35502251673643387
69.0,75.0,3.9364466252567376
36.0,40.0,1.1252007400754582
1.0,2.0,5.586324372813772
0.0,1.0,2.384889548862503
1.0,3.0,3.501598668371014
2.0,15.0,3.9683626525075884
1.0,12.0,2.5967869646290964
1.0,9.0,1.1060792167606508
3.0,11.0,0.8108762952613593
2.0,26.0,2.652158255641439
6.0,42.0,2.7073925714183296
1.0,5.0,0.3424836974771335
2.0,49.0,2.1215258694481745
1.0,2.0,5.586324372813772
0.0,1.0,2.384889548862503
1.0,3.0,3.501598668371014
3.0,15.0,3.9683626525075884
3.0,12.0,2.5967869646290964
1.0,9.0,1.1060792167606508
1.0,11.0,0.8108762952613593
7.0,26.0,2.652158255641439
8.0,42.0,2.7073925714183296
1.0,5.0,0.3424836974771335
12.0,49.0,2.1215258694481745
1.0,2.0,5.586324372813772
0.0,1.0,2.384889548862503
1.0,3.0,3.501598668371014
2.0,15.0,3.9683626525075884
2.0,12.0,2.5967869646290964
4.0,9.0,1.1060792167606508
4.0,11.0,0.8108762952613593
7.0,26.0,2.652158255641439
11.0,42.0,2.7073925714183296
2.0,5.0,0.3424836974771335
14.0,49.0,2.1215258694481745
1.0,2.0,5.586324372813772
1.0,1.0,2.384889548862503
2.0,3.0,3.501598668371014
8.0,15.0,3.9683626525075884
7.0,12.0,2.5967869646290964
5.0,9.0,1.1060792167606508
6.0,11.0,0.8108762952613593
8.0,26.0,2.652158255641439
14.0,42.0,2.7073925714183296
2.0,5.0,0.3424836974771335
26.0,49.0,2.1215258694481745
2.0,2.0,5.586324372813772
1.0,1.0,2.384889548862503
2.0,3.0,3.501598668371014
4.0,15.0,3.9683626525075884
4.0,12.0,2.5967869646290964
5.0,9.0,1.1060792167606508
7.0,11.0,0.8108762952613593
12.0,26.0,2.652158255641439
28.0,42.0,2.7073925714183296
2.0,5.0,0.3424836974771335
24.0,49.0,2.1215258694481745
1.0,2.0,5.586324372813772
1.0,1.0,2.384889548862503
3.0,3.0,3.501598668371014
7.0,15.0,3.9683626525075884
6.0,12.0,2.5967869646290964
6.0,9.0,1.1060792167606508
7.0,11.0,0.8108762952613593
13.0,26.0,2.652158255641439
24.0,42.0,2.7073925714183296
1.0,5.0,0.3424836974771335
28.0,49.0,2.1215258694481745
2.0,2.0,5.586324372813772
1.0,1.0,2.384889548862503
2.0,3.0,3.501598668371014
9.0,15.0,3.9683626525075884
8.0,12.0,2.5967869646290964
7.0,9.0,1.1060792167606508
9.0,11.0,0.8108762952613593
18.0,26.0,2.652158255641439
33.0,42.0,2.7073925714183296
4.0,5.0,0.3424836974771335
37.0,49.0,2.1215258694481745
2.0,2.0,5.586324372813772
1.0,1.0,2.384889548862503
2.0,3.0,3.501598668371014
13.0,15.0,3.9683626525075884
11.0,12.0,2.5967869646290964
8.0,9.0,1.1060792167606508
7.0,11.0,0.8108762952613593
21.0,26.0,2.652158255641439
34.0,42.0,2.7073925714183296
4.0,5.0,0.3424836974771335
37.0,49.0,2.1215258694481745
2.0,2.0,5.586324372813772
0.0,1.0,2.384889548862503
3.0,3.0,3.501598668371014
13.0,15.0,3.9683626525075884
11.0,12.0,2.5967869646290964
9.0,9.0,1.1060792167606508
10.0,11.0,0.8108762952613593
20.0,26.0,2.652158255641439
40.0,42.0,2.7073925714183296
5.0,5.0,0.3424836974771335
44.0,49.0,2.1215258694481745
3.0,9.0,10.480551433972533
1.0,9.0,2.157790141687623
2.0,27.0,3.515593930517791
6.0,77.0,4.52052227150587
1.0,5.0,0.18917031173294643
1.0,20.0,0.6511215229836221
0.0,3.0,0.10193036896171442
2.0,44.0,1.8972331328428236
10.0,95.0,3.439474801507755
4.0,58.0,1.3897336015691344
4.0,21.0,0.46779403024060995
2.0,9.0,10.480551433972533
3.0,9.0,2.157790141687623
4.0,27.0,3.515593930517791
19.0,77.0,4.52052227150587
0.0,5.0,0.18917031173294643
2.0,20.0,0.6511215229836221
0.0,3.0,0.10193036896171442
9.0,44.0,1.8972331328428236
17.0,95.0,3.439474801507755
14.0,58.0,1.3897336015691344
8.0,21.0,0.46779403024060995
3.0,9.0,10.480551433972533
4.0,9.0,2.157790141687623
14.0,27.0,3.515593930517791
21.0,77.0,4.52052227150587
2.0,5.0,0.18917031173294643
7.0,20.0,0.6511215229836221
1.0,3.0,0.10193036896171442
12.0,44.0,1.8972331328428236
19.0,95.0,3.439474801507755
19.0,58.0,1.3897336015691344
7.0,21.0,0.46779403024060995
4.0,9.0,10.480551433972533
6.0,9.0,2.157790141687623
10.0,27.0,3.515593930517791
24.0,77.0,4.52052227150587
2.0,5.0,0.18917031173294643
8.0,20.0,0.6511215229836221
2.0,3.0,0.10193036896171442
17.0,44.0,1.8972331328428236
40.0,95.0,3.439474801507755
22.0,58.0,1.3897336015691344
10.0,21.0,0.46779403024060995
6.0,9.0,10.480551433972533
3.0,9.0,2.157790141687623
18.0,27.0,3.515593930517791
35.0,77.0,4.52052227150587
2.0,5.0,0.18917031173294643
12.0,20.0,0.6511215229836221
2.0,3.0,0.10193036896171442
26.0,44.0,1.8972331328428236
54.0,95.0,3.439474801507755
26.0,58.0,1.3897336015691344
11.0,21.0,0.46779403024060995
7.0,9.0,10.480551433972533
6.0,9.0,2.157790141687623
13.0,27.0,3.515593930517791
51.0,77.0,4.52052227150587
2.0,5.0,0.18917031173294643
10.0,20.0,0.6511215229836221
3.0,3.0,0.10193036896171442
20.0,44.0,1.8972331328428236
58.0,95.0,3.439474801507755
28.0,58.0,1.3897336015691344
11.0,21.0,0.46779403024060995
5.0,9.0,10.480551433972533
4.0,9.0,2.157790141687623
16.0,27.0,3.515593930517791
54.0,77.0,4.52052227150587
2.0,5.0,0.18917031173294643
14.0,20.0,0.6511215229836221
3.0,3.0,0.10193036896171442
33.0,44.0,1.8972331328428236
68.0,95.0,3.439474801507755
40.0,58.0,1.3897336015691344
14.0,21.0,0.46779403024060995
8.0,9.0,10.480551433972533
8.0,9.0,2.157790141687623
19.0,27.0,3.515593930517791
66.0,77.0,4.52052227150587
4.0,5.0,0.18917031173294643
18.0,20.0,0.6511215229836221
2.0,3.0,0.10193036896171442
35.0,44.0,1.8972331328428236
72.0,95.0,3.439474801507755
46.0,58.0,1.3897336015691344
19.0,21.0,0.46779403024060995
8.0,9.0,10.480551433972533
8.0,9.0,2.157790141687623
20.0,27.0,3.515593930517791
72.0,77.0,4.52052227150587
5.0,5.0,0.18917031173294643
19.0,20.0,0.6511215229836221
3.0,3.0,0.10193036896171442
38.0,44.0,1.8972331328428236
84.0,95.0,3.439474801507755
52.0,58.0,1.3897336015691344
18.0,21.0,0.46779403024060995
1.0,5.0,4.515306163940635
0.0,5.0,4.044035037292662
1.0,9.0,2.0063078644357035
1.0,10.0,1.235572537848888
0.0,2.0,0.4060742649204852
1.0,6.0,0.8579697502183758
1.0,15.0,2.968535863763909
4.0,40.0,4.493307757073052
2.0,24.0,1.3497866967750678
1.0,15.0,0.8334321621949258
4.0,34.0,1.4616306960368748
1.0,5.0,4.515306163940635
3.0,5.0,4.044035037292662
1.0,9.0,2.0063078644357035
1.0,10.0,1.235572537848888
1.0,2.0,0.4060742649204852
1.0,6.0,0.8579697502183758
2.0,15.0,2.968535863763909
4.0,40.0,4.493307757073052
4.0,24.0,1.3497866967750678
3.0,15.0,0.8334321621949258
7.0,34.0,1.4616306960368748
3.0,5.0,4.515306163940635
3.0,5.0,4.044035037292662
2.0,9.0,2.0063078644357035
8.0,10.0,1.235572537848888
1.0,2.0,0.4060742649204852
3.0,6.0,0.8579697502183758
4.0,15.0,2.968535863763909
10.0,40.0,4.493307757073052
9.0,24.0,1.3497866967750678
4.0,15.0,0.8334321621949258
4.0,34.0,1.4616306960368748
2.0,5.0,4.515306163940635
0.0,5.0,4.044035037292662
6.0,9.0,2.0063078644357035
5.0,10.0,1.235572537848888
1.0,2.0,0.4060742649204852
2.0,6.0,0.8579697502183758
5.0,15.0,2.968535863763909
13.0,40.0,4.493307757073052
9.0,24.0,1.3497866967750678
6.0,15.0,0.8334321621949258
15.0,34.0,1.4616306960368748
2.0,5.0,4.515306163940635
3.0,5.0,4.044035037292662
6.0,9.0,2.0063078644357035
2.0,10.0,1.235572537848888
1.0,2.0,0.4060742649204852
3.0,6.0,0.8579697502183758
7.0,15.0,2.968535863763909
23.0,40.0,4.493307757073052
15.0,24.0,1.3497866967750678
1.0,15.0,0.8334321621949258
15.0,34.0,1.4616306960368748
2.0,5.0,4.515306163940635
4.0,5.0,4.044035037292662
7.0,9.0,2.0063078644357035
4.0,10.0,1.235572537848888
2.0,2.0,0.4060742649204852
2.0,6.0,0.8579697502183758
9.0,15.0,2.968535863763909
24.0,40.0,4.493307757073052
13.0,24.0,1.3497866967750678
9.0,15.0,0.8334321621949258
19.0,34.0,1.4616306960368748
5.0,5.0,4.515306163940635
3.0,5.0,4.044035037292662
7.0,9.0,2.0063078644357035
5.0,10.0,1.235572537848888
2.0,2.0,0.4060742649204852
3.0,6.0,0.8579697502183758
10.0,15.0,2.968535863763909
29.0,40.0,4.493307757073052
16.0,24.0,1.3497866967750678
10.0,15.0,0.8334321621949258
26.0,34.0,1.4616306960368748
4.0,5.0,4.515306163940635
3.0,5.0,4.044035037292662
9.0,9.0,2.0063078644357035
7.0,10.0,1.235572537848888
1.0,2.0,0.4060742649204852
2.0,6.0,0.8579697502183758
14.0,15.0,2.968535863763909
34.0,40.0,4.493307757073052
20.0,24.0,1.3497866967750678
14.0,15.0,0.8334321621949258
23.0,34.0,1.4616306960368748
5.0,5.0,4.515306163940635
5.0,5.0,4.044035037292662
9.0,9.0,2.0063078644357035
9.0,10.0,1.235572537848888
2.0,2.0,0.4060742649204852
5.0,6.0,0.8579697502183758
14.0,15.0,2.968535863763909
36.0,40.0,4.493307757073052
22.0,24.0,1.3497866967750678
11.0,15.0,0.8334321621949258
28.0,34.0,1.4616306960368748
1.0,4.0,3.8745786901769805
4.0,14.0,4.879217150118978
2.0,34.0,5.872907794284059
2.0,12.0,0.8959844034406969
5.0,35.0,1.3247624324822214
2.0,45.0,2.1958048359254887
0.0,13.0,0.3734656215159872
10.0,99.0,3.2588678981084396
5.0,88.0,1.8477592765956936
1.0,9.0,0.17030517724805594
4.0,42.0,0.7051211956428964
1.0,4.0,3.8745786901769805
1.0,14.0,4.879217150118978
5.0,34.0,5.872907794284059
1.0,12.0,0.8959844034406969
4.0,35.0,1.3247624324822214
11.0,45.0,2.1958048359254887
1.0,13.0,0.3734656215159872
20.0,99.0,3.2588678981084396
18.0,88.0,1.8477592765956936
2.0,9.0,0.17030517724805594
7.0,42.0,0.7051211956428964
3.0,4.0,3.8745786901769805
6.0,14.0,4.879217150118978
9.0,34.0,5.872907794284059
3.0,12.0,0.8959844034406969
13.0,35.0,1.3247624324822214
12.0,45.0,2.1958048359254887
1.0,13.0,0.3734656215159872
36.0,99.0,3.2588678981084396
29.0,88.0,1.8477592765956936
4.0,9.0,0.17030517724805594
11.0,42.0,0.7051211956428964
2.0,4.0,3.8745786901769805
5.0,14.0,4.879217150118978
12.0,34.0,5.872907794284059
4.0,12.0,0.8959844034406969
12.0,35.0,1.3247624324822214
17.0,45.0,2.1958048359254887
4.0,13.0,0.3734656215159872
37.0,99.0,3.2588678981084396
36.0,88.0,1.8477592765956936
2.0,9.0,0.17030517724805594
12.0,42.0,0.7051211956428964
2.0,4.0,3.8745786901769805
7.0,14.0,4.879217150118978
14.0,34.0,5.872907794284059
6.0,12.0,0.8959844034406969
19.0,35.0,1.3247624324822214
26.0,45.0,2.1958048359254887
7.0,13.0,0.3734656215159872
54.0,99.0,3.2588678981084396
41.0,88.0,1.8477592765956936
4.0,9.0,0.17030517724805594
17.0,42.0,0.7051211956428964
2.0,4.0,3.8745786901769805
6.0,14.0,4.879217150118978
20.0,34.0,5.872907794284059
7.0,12.0,0.8959844034406969
21.0,35.0,1.3247624324822214
29.0,45.0,2.1958048359254887
3.0,13.0,0.3734656215159872
59.0,99.0,3.2588678981084396
48.0,88.0,1.8477592765956936
5.0,9.0,0.17030517724805594
27.0,42.0,0.7051211956428964
2.0,4.0,3.8745786901769805
9.0,14.0,4.879217150118978
27.0,34.0,5.872907794284059
8.0,12.0,0.8959844034406969
21.0,35.0,1.3247624324822214
30.0,45.0,2.1958048359254887
9.0,13.0,0.3734656215159872
67.0,99.0,3.2588678981084396
59.0,88.0,1.8477592765956936
6.0,9.0,0.17030517724805594
26.0,42.0,0.7051211956428964
4.0,4.0,3.8745786901769805
11.0,14.0,4.879217150118978
25.0,34.0,5.872907794284059
11.0,12.0,0.8959844034406969
28.0,35.0,1.3247624324822214
38.0,45.0,2.1958048359254887
10.0,13.0,0.3734656215159872
82.0,99.0,3.2588678981084396
69.0,88.0,1.8477592765956936
7.0,9.0,0.17030517724805594
34.0,42.0,0.7051211956428964
4.0,4.0,3.8745786901769805
14.0,14.0,4.879217150118978
30.0,34.0,5.872907794284059
12.0,12.0,0.8959844034406969
35.0,35.0,1.3247624324822214
40.0,45.0,2.1958048359254887
12.0,13.0,0.3734656215159872
88.0,99.0,3.2588678981084396
78.0,88.0,1.8477592765956936
9.0,9.0,0.17030517724805594
40.0,42.0,0.7051211956428964
1.0,3.0,4.65779136905993
3.0,11.0,5.5112044681158965
0.0,5.0,0.9406278548456695
3.0,29.0,5.652193433924935
2.0,13.0,1.2754158298118516
1.0,28.0,1.3663060564596325
2.0,15.0,0.6209587187682544
10.0,34.0,1.9410342705581873
7.0,51.0,2.2221926889128722
4.0,35.0,0.7943906229247075
5.0,43.0,1.2830128327810875
1.0,3.0,4.65779136905993
3.0,11.0,5.5112044681158965
0.0,5.0,0.9406278548456695
5.0,29.0,5.652193433924935
2.0,13.0,1.2754158298118516
5.0,28.0,1.3663060564596325
2.0,15.0,0.6209587187682544
5.0,34.0,1.9410342705581873
8.0,51.0,2.2221926889128722
9.0,35.0,0.7943906229247075
11.0,43.0,1.2830128327810875
2.0,3.0,4.65779136905993
5.0,11.0,5.5112044681158965
2.0,5.0,0.9406278548456695
8.0,29.0,5.652193433924935
5.0,13.0,1.2754158298118516
13.0,28.0,1.3663060564596325
5.0,15.0,0.6209587187682544
12.0,34.0,1.9410342705581873
17.0,51.0,2.2221926889128722
10.0,35.0,0.7943906229247075
9.0,43.0,1.2830128327810875
2.0,3.0,4.65779136905993
7.0,11.0,5.5112044681158965
2.0,5.0,0.9406278548456695
16.0,29.0,5.652193433924935
4.0,13.0,1.2754158298118516
12.0,28.0,1.3663060564596325
5.0,15.0,0.6209587187682544
13.0,34.0,1.9410342705581873
24.0,51.0,2.2221926889128722
16.0,35.0,0.7943906229247075
22.0,43.0,1.2830128327810875
1.0,3.0,4.65779136905993
4.0,11.0,5.5112044681158965
2.0,5.0,0.9406278548456695
16.0,29.0,5.652193433924935
6.0,13.0,1.2754158298118516
15.0,28.0,1.3663060564596325
7.0,15.0,0.6209587187682544
19.0,34.0,1.9410342705581873
23.0,51.0,2.2221926889128722
14.0,35.0,0.7943906229247075
23.0,43.0,1.2830128327810875
2.0,3.0,4.65779136905993
7.0,11.0,5.5112044681158965
3.0,5.0,0.9406278548456695
17.0,29.0,5.652193433924935
7.0,13.0,1.2754158298118516
18.0,28.0,1.3663060564596325
9.0,15.0,0.6209587187682544
22.0,34.0,1.9410342705581873
31.0,51.0,2.2221926889128722
24.0,35.0,0.7943906229247075
26.0,43.0,1.2830128327810875
2.0,3.0,4.65779136905993
9.0,11.0,5.5112044681158965
5.0,5.0,0.9406278548456695
28.0,29.0,5.652193433924935
12.0,13.0,1.2754158298118516
16.0,28.0,1.3663060564596325
12.0,15.0,0.6209587187682544
21.0,34.0,1.9410342705581873
37.0,51.0,2.2221926889128722
21.0,35.0,0.7943906229247075
33.0,43.0,1.2830128327810875
2.0,3.0,4.65779136905993
8.0,11.0,5.5112044681158965
4.0,5.0,0.9406278548456695
22.0,29.0,5.652193433924935
12.0,13.0,1.2754158298118516
26.0,28.0,1.3663060564596325
13.0,15.0,0.6209587187682544
29.0,34.0,1.9410342705581873
45.0,51.0,2.2221926889128722
25.0,35.0,0.7943906229247075
32.0,43.0,1.2830128327810875
2.0,3.0,4.65779136905993
11.0,11.0,5.5112044681158965
4.0,5.0,0.9406278548456695
25.0,29.0,5.652193433924935
12.0,13.0,1.2754158298118516
27.0,28.0,1.3663060564596325
15.0,15.0,0.6209587187682544
30.0,34.0,1.9410342705581873
48.0,51.0,2.2221926889128722
33.0,35.0,0.7943906229247075
41.0,43.0,1.2830128327810875
1.0,3.0,9.311887517555526
0.0,9.0,3.660757947310371
1.0,9.0,2.63813828632105
1.0,9.0,1.5114410990397913
3.0,24.0,3.1991909447591262
3.0,40.0,2.7749039513401828
6.0,28.0,1.4078380199516805
1.0,22.0,0.9822604258416787
8.0,71.0,2.1881074353660157
3.0,21.0,0.6341325901596795
2.0,9.0,0.2770228628385785
1.0,3.0,9.311887517555526
2.0,9.0,3.660757947310371
3.0,9.0,2.63813828632105
3.0,9.0,1.5114410990397913
3.0,24.0,3.1991909447591262
11.0,40.0,2.7749039513401828
4.0,28.0,1.4078380199516805
8.0,22.0,0.9822604258416787
16.0,71.0,2.1881074353660157
1.0,21.0,0.6341325901596795
2.0,9.0,0.2770228628385785
2.0,3.0,9.311887517555526
4.0,9.0,3.660757947310371
2.0,9.0,2.63813828632105
2.0,9.0,1.5114410990397913
7.0,24.0,3.1991909447591262
9.0,40.0,2.7749039513401828
11.0,28.0,1.4078380199516805
7.0,22.0,0.9822604258416787
22.0,71.0,2.1881074353660157
8.0,21.0,0.6341325901596795
4.0,9.0,0.2770228628385785
2.0,3.0,9.311887517555526
2.0,9.0,3.660757947310371
5.0,9.0,2.63813828632105
5.0,9.0,1.5114410990397913
16.0,24.0,3.1991909447591262
11.0,40.0,2.7749039513401828
13.0,28.0,1.4078380199516805
6.0,22.0,0.9822604258416787
26.0,71.0,2.1881074353660157
6.0,21.0,0.6341325901596795
6.0,9.0,0.2770228628385785
2.0,3.0,9.311887517555526
4.0,9.0,3.660757947310371
4.0,9.0,2.63813828632105
5.0,9.0,1.5114410990397913
16.0,24.0,3.1991909447591262
20.0,40.0,2.7749039513401828
15.0,28.0,1.4078380199516805
11.0,22.0,0.9822604258416787
30.0,71.0,2.1881074353660157
9.0,21.0,0.6341325901596795
6.0,9.0,0.2770228628385785
3.0,3.0,9.311887517555526
6.0,9.0,3.660757947310371
6.0,9.0,2.63813828632105
3.0,9.0,1.5114410990397913
14.0,24.0,3.1991909447591262
25.0,40.0,2.7749039513401828
18.0,28.0,1.4078380199516805
11.0,22.0,0.9822604258416787
39.0,71.0,2.1881074353660157
11.0,21.0,0.6341325901596795
8.0,9.0,0.2770228628385785
3.0,3.0,9.311887517555526
7.0,9.0,3.660757947310371
6.0,9.0,2.63813828632105
7.0,9.0,1.5114410990397913
16.0,24.0,3.1991909447591262
28.0,40.0,2.7749039513401828
18.0,28.0,1.4078380199516805
18.0,22.0,0.9822604258416787
47.0,71.0,2.1881074353660157
16.0,21.0,0.6341325901596795
8.0,9.0,0.2770228628385785
3.0,3.0,9.311887517555526
7.0,9.0,3.660757947310371
4.0,9.0,2.63813828632105
7.0,9.0,1.5114410990397913
21.0,24.0,3.1991909447591262
35.0,40.0,2.7749039513401828
23.0,28.0,1.4078380199516805
14.0,22.0,0.9822604258416787
57.0,71.0,2.1881074353660157
19.0,21.0,0.6341325901596795
7.0,9.0,0.2770228628385785
1.0,3.0,9.311887517555526
7.0,9.0,3.660757947310371
7.0,9.0,2.63813828632105
9.0,9.0,1.5114410990397913
21.0,24.0,3.1991909447591262
37.0,40.0,2.7749039513401828
26.0,28.0,1.4078380199516805
19.0,22.0,0.9822604258416787
60.0,71.0,2.1881074353660157
18.0,21.0,0.6341325901596795
9.0,9.0,0.2770228628385785
1.0,3.0,3.9658704646596603
0.0,7.0,6.530178610592358
0.0,4.0,1.4489910532117205
3.0,11.0,1.5665129409687375
4.0,41.0,5.0726698257177985
9.0,102.0,5.070023944275743
1.0,9.0,0.29897556127551544
6.0,27.0,0.7711657798464693
2.0,35.0,1.0610065924240384
9.0,50.0,1.6699200907242664
4.0,49.0,1.42731689658209
1.0,3.0,3.9658704646596603
1.0,7.0,6.530178610592358
1.0,4.0,1.4489910532117205
3.0,11.0,1.5665129409687375
11.0,41.0,5.0726698257177985
19.0,102.0,5.070023944275743
2.0,9.0,0.29897556127551544
4.0,27.0,0.7711657798464693
11.0,35.0,1.0610065924240384
12.0,50.0,1.6699200907242664
11.0,49.0,1.42731689658209
2.0,3.0,3.9658704646596603
1.0,7.0,6.530178610592358
1.0,4.0,1.4489910532117205
3.0,11.0,1.5665129409687375
6.0,41.0,5.0726698257177985
23.0,102.0,5.070023944275743
5.0,9.0,0.29897556127551544
7.0,27.0,0.7711657798464693
14.0,35.0,1.0610065924240384
20.0,50.0,1.6699200907242664
13.0,49.0,1.42731689658209
2.0,3.0,3.9658704646596603
1.0,7.0,6.530178610592358
3.0,4.0,1.4489910532117205
7.0,11.0,1.5665129409687375
22.0,41.0,5.0726698257177985
45.0,102.0,5.070023944275743
5.0,9.0,0.29897556127551544
14.0,27.0,0.7711657798464693
20.0,35.0,1.0610065924240384
20.0,50.0,1.6699200907242664
18.0,49.0,1.42731689658209
2.0,3.0,3.9658704646596603
4.0,7.0,6.530178610592358
2.0,4.0,1.4489910532117205
7.0,11.0,1.5665129409687375
20.0,41.0,5.0726698257177985
55.0,102.0,5.070023944275743
5.0,9.0,0.29897556127551544
12.0,27.0,0.7711657798464693
13.0,35.0,1.0610065924240384
21.0,50.0,1.6699200907242664
20.0,49.0,1.42731689658209
3.0,3.0,3.9658704646596603
3.0,7.0,6.530178610592358
3.0,4.0,1.4489910532117205
6.0,11.0,1.5665129409687375
28.0,41.0,5.0726698257177985
60.0,102.0,5.070023944275743
7.0,9.0,0.29897556127551544
18.0,27.0,0.7711657798464693
19.0,35.0,1.0610065924240384
33.0,50.0,1.6699200907242664
25.0,49.0,1.42731689658209
3.0,3.0,3.9658704646596603
4.0,7.0,6.530178610592358
4.0,4.0,1.4489910532117205
9.0,11.0,1.5665129409687375
31.0,41.0,5.0726698257177985
73.0,102.0,5.070023944275743
5.0,9.0,0.29897556127551544
17.0,27.0,0.7711657798464693
23.0,35.0,1.0610065924240384
37.0,50.0,1.6699200907242664
35.0,49.0,1.42731689658209
3.0,3.0,3.9658704646596603
5.0,7.0,6.530178610592358
3.0,4.0,1.4489910532117205
8.0,11.0,1.5665129409687375
33.0,41.0,5.0726698257177985
82.0,102.0,5.070023944275743
8.0,9.0,0.29897556127551544
20.0,27.0,0.7711657798464693
23.0,35.0,1.0610065924240384
44.0,50.0,1.6699200907242664
37.0,49.0,1.42731689658209
3.0,3.0,3.9658704646596603
6.0,7.0,6.530178610592358
4.0,4.0,1.4489910532117205
9.0,11.0,1.5665129409687375
36.0,41.0,5.0726698257177985
93.0,102.0,5.070023944275743
9.0,9.0,0.29897556127551544
24.0,27.0,0.7711657798464693
30.0,35.0,1.0610065924240384
47.0,50.0,1.6699200907242664
45.0,49.0,1.42731689658209
1.0,3.0,10.908737184807752
0.0,3.0,2.8898060683705373
1.0,24.0,8.99515417199872
1.0,15.0,1.3580133519495783
3.0,19.0,1.4818194656250199
6.0,42.0,2.0708840131735835
1.0,15.0,0.592647833413909
3.0,17.0,0.6282831869781408
1.0,5.0,0.20596114274162985
4.0,39.0,2.8820796345286213
5.0,42.0,1.9201189326340053
1.0,3.0,10.908737184807752
0.0,3.0,2.8898060683705373
6.0,24.0,8.99515417199872
2.0,15.0,1.3580133519495783
1.0,19.0,1.4818194656250199
13.0,42.0,2.0708840131735835
2.0,15.0,0.592647833413909
2.0,17.0,0.6282831869781408
1.0,5.0,0.20596114274162985
5.0,39.0,2.8820796345286213
10.0,42.0,1.9201189326340053
1.0,3.0,10.908737184807752
0.0,3.0,2.8898060683705373
5.0,24.0,8.99515417199872
5.0,15.0,1.3580133519495783
5.0,19.0,1.4818194656250199
14.0,42.0,2.0708840131735835
5.0,15.0,0.592647833413909
7.0,17.0,0.6282831869781408
1.0,5.0,0.20596114274162985
15.0,39.0,2.8820796345286213
13.0,42.0,1.9201189326340053
2.0,3.0,10.908737184807752
2.0,3.0,2.8898060683705373
11.0,24.0,8.99515417199872
5.0,15.0,1.3580133519495783
7.0,19.0,1.4818194656250199
19.0,42.0,2.0708840131735835
8.0,15.0,0.592647833413909
6.0,17.0,0.6282831869781408
2.0,5.0,0.20596114274162985
16.0,39.0,2.8820796345286213
14.0,42.0,1.9201189326340053
2.0,3.0,10.908737184807752
2.0,3.0,2.8898060683705373
12.0,24.0,8.99515417199872
8.0,15.0,1.3580133519495783
12.0,19.0,1.4818194656250199
23.0,42.0,2.0708840131735835
9.0,15.0,0.592647833413909
8.0,17.0,0.6282831869781408
2.0,5.0,0.20596114274162985
20.0,39.0,2.8820796345286213
22.0,42.0,1.9201189326340053
2.0,3.0,10.908737184807752
2.0,3.0,2.8898060683705373
12.0,24.0,8.99515417199872
10.0,15.0,1.3580133519495783
11.0,19.0,1.4818194656250199
23.0,42.0,2.0708840131735835
7.0,15.0,0.592647833413909
11.0,17.0,0.6282831869781408
2.0,5.0,0.20596114274162985
24.0,39.0,2.8820796345286213
23.0,42.0,1.9201189326340053
2.0,3.0,10.908737184807752
3.0,3.0,2.8898060683705373
16.0,24.0,8.99515417199872
10.0,15.0,1.3580133519495783
11.0,19.0,1.4818194656250199
29.0,42.0,2.0708840131735835
11.0,15.0,0.592647833413909
12.0,17.0,0.6282831869781408
4.0,5.0,0.20596114274162985
25.0,39.0,2.8820796345286213
35.0,42.0,1.9201189326340053
3.0,3.0,10.908737184807752
2.0,3.0,2.8898060683705373
19.0,24.0,8.99515417199872
14.0,15.0,1.3580133519495783
11.0,19.0,1.4818194656250199
35.0,42.0,2.0708840131735835
10.0,15.0,0.592647833413909
14.0,17.0,0.6282831869781408
4.0,5.0,0.20596114274162985
34.0,39.0,2.8820796345286213
40.0,42.0,1.9201189326340053
2.0,3.0,10.908737184807752
3.0,3.0,2.8898060683705373
22.0,24.0,8.99515417199872
14.0,15.0,1.3580133519495783
17.0,19.0,1.4818194656250199
39.0,42.0,2.0708840131735835
11.0,15.0,0.592647833413909
14.0,17.0,0.6282831869781408
4.0,5.0,0.20596114274162985
35.0,39.0,2.8820796345286213
37.0,42.0,1.9201189326340053
1.0,3.0,2.4596078513356017
0.0,3.0,2.7763518454624787
1.0,6.0,3.3295198791572047
1.0,6.0,1.8668858350388855
4.0,23.0,3.5492292463722572
1.0,2.0,0.4248527220171008
6.0,50.0,4.280302697518932
2.0,15.0,0.68749887184746
5.0,26.0,0.8025771071882132
2.0,19.0,0.9953492515866053
2.0,11.0,0.49698472712320074
1.0,3.0,2.4596078513356017
1.0,3.0,2.7763518454624787
2.0,6.0,3.3295198791572047
2.0,6.0,1.8668858350388855
4.0,23.0,3.5492292463722572
0.0,2.0,0.4248527220171008
10.0,50.0,4.280302697518932
2.0,15.0,0.68749887184746
7.0,26.0,0.8025771071882132
2.0,19.0,0.9953492515866053
4.0,11.0,0.49698472712320074
1.0,3.0,2.4596078513356017
0.0,3.0,2.7763518454624787
2.0,6.0,3.3295198791572047
3.0,6.0,1.8668858350388855
6.0,23.0,3.5492292463722572
1.0,2.0,0.4248527220171008
11.0,50.0,4.280302697518932
5.0,15.0,0.68749887184746
8.0,26.0,0.8025771071882132
5.0,19.0,0.9953492515866053
3.0,11.0,0.49698472712320074
2.0,3.0,2.4596078513356017
1.0,3.0,2.7763518454624787
1.0,6.0,3.3295198791572047
2.0,6.0,1.8668858350388855
9.0,23.0,3.5492292463722572
1.0,2.0,0.4248527220171008
20.0,50.0,4.280302697518932
8.0,15.0,0.68749887184746
11.0,26.0,0.8025771071882132
10.0,19.0,0.9953492515866053
3.0,11.0,0.49698472712320074
3.0,3.0,2.4596078513356017
0.0,3.0,2.7763518454624787
4.0,6.0,3.3295198791572047
4.0,6.0,1.8668858350388855
12.0,23.0,3.5492292463722572
1.0,2.0,0.4248527220171008
24.0,50.0,4.280302697518932
11.0,15.0,0.68749887184746
10.0,26.0,0.8025771071882132
9.0,19.0,0.9953492515866053
5.0,11.0,0.49698472712320074
1.0,3.0,2.4596078513356017
1.0,3.0,2.7763518454624787
3.0,6.0,3.3295198791572047
3.0,6.0,1.8668858350388855
13.0,23.0,3.5492292463722572
2.0,2.0,0.4248527220171008
30.0,50.0,4.280302697518932
8.0,15.0,0.68749887184746
17.0,26.0,0.8025771071882132
13.0,19.0,0.9953492515866053
8.0,11.0,0.49698472712320074
2.0,3.0,2.4596078513356017
1.0,3.0,2.7763518454624787
5.0,6.0,3.3295198791572047
5.0,6.0,1.8668858350388855
14.0,23.0,3.5492292463722572
2.0,2.0,0.4248527220171008
31.0,50.0,4.280302697518932
9.0,15.0,0.68749887184746
19.0,26.0,0.8025771071882132
11.0,19.0,0.9953492515866053
10.0,11.0,0.49698472712320074
3.0,3.0,2.4596078513356017
3.0,3.0,2.7763518454624787
4.0,6.0,3.3295198791572047
4.0,6.0,1.8668858350388855
21.0,23.0,3.5492292463722572
2.0,2.0,0.4248527220171008
42.0,50.0,4.280302697518932
11.0,15.0,0.68749887184746
21.0,26.0,0.8025771071882132
15.0,19.0,0.9953492515866053
7.0,11.0,0.49698472712320074
3.0,3.0,2.4596078513356017
3.0,3.0,2.7763518454624787
4.0,6.0,3.3295198791572047
5.0,6.0,1.8668858350388855
22.0,23.0,3.5492292463722572
2.0,2.0,0.4248527220171008
48.0,50.0,4.280302697518932
13.0,15.0,0.68749887184746
24.0,26.0,0.8025771071882132
18.0,19.0,0.9953492515866053
10.0,11.0,0.49698472712320074
1.0,3.0,5.525534257489938
1.0,3.0,1.4421912772123013
1.0,5.0,1.2832820187293381
1.0,22.0,3.338043542849866
5.0,68.0,5.554930069537546
0.0,11.0,0.2453206987749293
11.0,109.0,2.8940587138889478
11.0,59.0,1.1834871497126804
14.0,78.0,1.3797402171247752
5.0,33.0,0.479294230950369
2.0,22.0,0.36243248561249936
1.0,3.0,5.525534257489938
1.0,3.0,1.4421912772123013
0.0,5.0,1.2832820187293381
4.0,22.0,3.338043542849866
9.0,68.0,5.554930069537546
1.0,11.0,0.2453206987749293
19.0,109.0,2.8940587138889478
9.0,59.0,1.1834871497126804
16.0,78.0,1.3797402171247752
2.0,33.0,0.479294230950369
3.0,22.0,0.36243248561249936
1.0,3.0,5.525534257489938
2.0,3.0,1.4421912772123013
1.0,5.0,1.2832820187293381
4.0,22.0,3.338043542849866
21.0,68.0,5.554930069537546
3.0,11.0,0.2453206987749293
34.0,109.0,2.8940587138889478
18.0,59.0,1.1834871497126804
22.0,78.0,1.3797402171247752
8.0,33.0,0.479294230950369
8.0,22.0,0.36243248561249936
1.0,3.0,5.525534257489938
2.0,3.0,1.4421912772123013
2.0,5.0,1.2832820187293381
9.0,22.0,3.338043542849866
26.0,68.0,5.554930069537546
5.0,11.0,0.2453206987749293
43.0,109.0,2.8940587138889478
21.0,59.0,1.1834871497126804
33.0,78.0,1.3797402171247752
9.0,33.0,0.479294230950369
7.0,22.0,0.36243248561249936
2.0,3.0,5.525534257489938
2.0,3.0,1.4421912772123013
3.0,5.0,1.2832820187293381
13.0,22.0,3.338043542849866
27.0,68.0,5.554930069537546
6.0,11.0,0.2453206987749293
58.0,109.0,2.8940587138889478
24.0,59.0,1.1834871497126804
32.0,78.0,1.3797402171247752
17.0,33.0,0.479294230950369
11.0,22.0,0.36243248561249936
3.0,3.0,5.525534257489938
2.0,3.0,1.4421912772123013
3.0,5.0,1.2832820187293381
14.0,22.0,3.338043542849866
42.0,68.0,5.554930069537546
4.0,11.0,0.2453206987749293
68.0,109.0,2.8940587138889478
39.0,59.0,1.1834871497126804
46.0,78.0,1.3797402171247752
22.0,33.0,0.479294230950369
12.0,22.0,0.36243248561249936
2.0,3.0,5.525534257489938
2.0,3.0,1.4421912772123013
4.0,5.0,1.2832820187293381
16.0,22.0,3.338043542849866
49.0,68.0,5.554930069537546
6.0,11.0,0.2453206987749293
76.0,109.0,2.8940587138889478
40.0,59.0,1.1834871497126804
54.0,78.0,1.3797402171247752
26.0,33.0,0.479294230950369
16.0,22.0,0.36243248561249936
2.0,3.0,5.525534257489938
2.0,3.0,1.4421912772123013
5.0,5.0,1.2832820187293381
19.0,22.0,3.338043542849866
53.0,68.0,5.554930069537546
11.0,11.0,0.2453206987749293
91.0,109.0,2.8940587138889478
49.0,59.0,1.1834871497126804
65.0,78.0,1.3797402171247752
24.0,33.0,0.479294230950369
17.0,22.0,0.36243248561249936
2.0,3.0,5.525534257489938
3.0,3.0,1.4421912772123013
5.0,5.0,1.2832820187293381
21.0,22.0,3.338043542849866
57.0,68.0,5.554930069537546
10.0,11.0,0.2453206987749293
98.0,109.0,2.8940587138889478
52.0,59.0,1.1834871497126804
64.0,78.0,1.3797402171247752
30.0,33.0,0.479294230950369
21.0,22.0,0.36243248561249936
1.0,3.0,4.443232699012364
0.0,6.0,5.1217467380622645
2.0,20.0,3.812137057015027
2.0,26.0,3.6578769974439598
5.0,17.0,1.5809159184843429
3.0,18.0,0.8877464382575398
1.0,7.0,0.6310644506022188
1.0,17.0,0.8546418464162193
2.0,30.0,1.7676954890566052
0.0,6.0,0.412966199925344
1.0,10.0,0.6373439643619826
1.0,3.0,4.443232699012364
0.0,6.0,5.1217467380622645
3.0,20.0,3.812137057015027
5.0,26.0,3.6578769974439598
2.0,17.0,1.5809159184843429
4.0,18.0,0.8877464382575398
1.0,7.0,0.6310644506022188
6.0,17.0,0.8546418464162193
5.0,30.0,1.7676954890566052
2.0,6.0,0.412966199925344
0.0,10.0,0.6373439643619826
1.0,3.0,4.443232699012364
2.0,6.0,5.1217467380622645
10.0,20.0,3.812137057015027
8.0,26.0,3.6578769974439598
7.0,17.0,1.5809159184843429
4.0,18.0,0.8877464382575398
3.0,7.0,0.6310644506022188
1.0,17.0,0.8546418464162193
9.0,30.0,1.7676954890566052
2.0,6.0,0.412966199925344
6.0,10.0,0.6373439643619826
1.0,3.0,4.443232699012364
3.0,6.0,5.1217467380622645
10.0,20.0,3.812137057015027
11.0,26.0,3.6578769974439598
4.0,17.0,1.5809159184843429
5.0,18.0,0.8877464382575398
3.0,7.0,0.6310644506022188
6.0,17.0,0.8546418464162193
14.0,30.0,1.7676954890566052
1.0,6.0,0.412966199925344
6.0,10.0,0.6373439643619826
1.0,3.0,4.443232699012364
3.0,6.0,5.1217467380622645
14.0,20.0,3.812137057015027
12.0,26.0,3.6578769974439598
11.0,17.0,1.5809159184843429
13.0,18.0,0.8877464382575398
6.0,7.0,0.6310644506022188
9.0,17.0,0.8546418464162193
16.0,30.0,1.7676954890566052
2.0,6.0,0.412966199925344
7.0,10.0,0.6373439643619826
2.0,3.0,4.443232699012364
5.0,6.0,5.1217467380622645
9.0,20.0,3.812137057015027
15.0,26.0,3.6578769974439598
9.0,17.0,1.5809159184843429
11.0,18.0,0.8877464382575398
4.0,7.0,0.6310644506022188
12.0,17.0,0.8546418464162193
16.0,30.0,1.7676954890566052
3.0,6.0,0.412966199925344
4.0,10.0,0.6373439643619826
1.0,3.0,4.443232699012364
5.0,6.0,5.1217467380622645
9.0,20.0,3.812137057015027
21.0,26.0,3.6578769974439598
13.0,17.0,1.5809159184843429
13.0,18.0,0.8877464382575398
6.0,7.0,0.6310644506022188
11.0,17.0,0.8546418464162193
19.0,30.0,1.7676954890566052
6.0,6.0,0.412966199925344
7.0,10.0,0.6373439643619826
2.0,3.0,4.443232699012364
3.0,6.0,5.1217467380622645
16.0,20.0,3.812137057015027
24.0,26.0,3.6578769974439598
12.0,17.0,1.5809159184843429
16.0,18.0,0.8877464382575398
7.0,7.0,0.6310644506022188
13.0,17.0,0.8546418464162193
27.0,30.0,1.7676954890566052
4.0,6.0,0.412966199925344
7.0,10.0,0.6373439643619826
3.0,3.0,4.443232699012364
6.0,6.0,5.1217467380622645
17.0,20.0,3.812137057015027
24.0,26.0,3.6578769974439598
14.0,17.0,1.5809159184843429
18.0,18.0,0.8877464382575398
7.0,7.0,0.6310644506022188
14.0,17.0,0.8546418464162193
24.0,30.0,1.7676954890566052
5.0,6.0,0.412966199925344
9.0,10.0,0.6373439643619826
2.0,5.0,6.268873780955218
1.0,5.0,2.5342202068839854
1.0,4.0,3.5978462707561714
1.0,7.0,1.2986447019346383
2.0,5.0,0.9323869612767822
1.0,7.0,0.6655779250826417
2.0,20.0,4.150093647712162
7.0,78.0,5.471131929184745
6.0,46.0,1.340024110281528
10.0,62.0,1.0580475303365988
2.0,15.0,0.3279110712725669
1.0,5.0,6.268873780955218
1.0,5.0,2.5342202068839854
1.0,4.0,3.5978462707561714
3.0,7.0,1.2986447019346383
0.0,5.0,0.9323869612767822
1.0,7.0,0.6655779250826417
3.0,20.0,4.150093647712162
14.0,78.0,5.471131929184745
8.0,46.0,1.340024110281528
16.0,62.0,1.0580475303365988
5.0,15.0,0.3279110712725669
1.0,5.0,6.268873780955218
0.0,5.0,2.5342202068839854
3.0,4.0,3.5978462707561714
1.0,7.0,1.2986447019346383
0.0,5.0,0.9323869612767822
2.0,7.0,0.6655779250826417
8.0,20.0,4.150093647712162
20.0,78.0,5.471131929184745
14.0,46.0,1.340024110281528
21.0,62.0,1.0580475303365988
5.0,15.0,0.3279110712725669
4.0,5.0,6.268873780955218
3.0,5.0,2.5342202068839854
2.0,4.0,3.5978462707561714
5.0,7.0,1.2986447019346383
2.0,5.0,0.9323869612767822
3.0,7.0,0.6655779250826417
5.0,20.0,4.150093647712162
31.0,78.0,5.471131929184745
22.0,46.0,1.340024110281528
20.0,62.0,1.0580475303365988
3.0,15.0,0.3279110712725669
2.0,5.0,6.268873780955218
2.0,5.0,2.5342202068839854
2.0,4.0,3.5978462707561714
1.0,7.0,1.2986447019346383
4.0,5.0,0.9323869612767822
3.0,7.0,0.6655779250826417
10.0,20.0,4.150093647712162
32.0,78.0,5.471131929184745
19.0,46.0,1.340024110281528
29.0,62.0,1.0580475303365988
8.0,15.0,0.3279110712725669
5.0,5.0,6.268873780955218
2.0,5.0,2.5342202068839854
1.0,4.0,3.5978462707561714
5.0,7.0,1.2986447019346383
3.0,5.0,0.9323869612767822
3.0,7.0,0.6655779250826417
17.0,20.0,4.150093647712162
46.0,78.0,5.471131929184745
32.0,46.0,1.340024110281528
34.0,62.0,1.0580475303365988
10.0,15.0,0.3279110712725669
5.0,5.0,6.268873780955218
3.0,5.0,2.5342202068839854
4.0,4.0,3.5978462707561714
4.0,7.0,1.2986447019346383
4.0,5.0,0.9323869612767822
2.0,7.0,0.6655779250826417
14.0,20.0,4.150093647712162
55.0,78.0,5.471131929184745
34.0,46.0,1.340024110281528
46.0,62.0,1.0580475303365988
15.0,15.0,0.3279110712725669
5.0,5.0,6.268873780955218
4.0,5.0,2.5342202068839854
4.0,4.0,3.5978462707561714
7.0,7.0,1.2986447019346383
5.0,5.0,0.9323869612767822
5.0,7.0,0.6655779250826417
18.0,20.0,4.150093647712162
59.0,78.0,5.471131929184745
36.0,46.0,1.340024110281528
47.0,62.0,1.0580475303365988
12.0,15.0,0.3279110712725669
5.0,5.0,6.268873780955218
4.0,5.0,2.5342202068839854
4.0,4.0,3.5978462707561714
7.0,7.0,1.2986447019346383
4.0,5.0,0.9323869612767822
4.0,7.0,0.6655779250826417
17.0,20.0,4.150093647712162
75.0,78.0,5.471131929184745
40.0,46.0,1.340024110281528
59.0,62.0,1.0580475303365988
11.0,15.0,0.3279110712725669
1.0,4.0,2.5540848926355486
0.0,5.0,1.8428406597885973
0.0,5.0,1.8316543208849532
1.0,10.0,3.0160386220137325
1.0,8.0,1.1412700631420618
7.0,34.0,3.724105100689167
2.0,10.0,0.6525532052911184
5.0,32.0,2.1973636079970773
1.0,10.0,0.5409194635127048
4.0,61.0,2.848672171133547
4.0,35.0,1.0309004609248087
1.0,4.0,2.5540848926355486
0.0,5.0,1.8428406597885973
2.0,5.0,1.8316543208849532
1.0,10.0,3.0160386220137325
1.0,8.0,1.1412700631420618
13.0,34.0,3.724105100689167
3.0,10.0,0.6525532052911184
6.0,32.0,2.1973636079970773
2.0,10.0,0.5409194635127048
9.0,61.0,2.848672171133547
6.0,35.0,1.0309004609248087
1.0,4.0,2.5540848926355486
2.0,5.0,1.8428406597885973
2.0,5.0,1.8316543208849532
1.0,10.0,3.0160386220137325
5.0,8.0,1.1412700631420618
9.0,34.0,3.724105100689167
3.0,10.0,0.6525532052911184
6.0,32.0,2.1973636079970773
3.0,10.0,0.5409194635127048
19.0,61.0,2.848672171133547
14.0,35.0,1.0309004609248087
3.0,4.0,2.5540848926355486
2.0,5.0,1.8428406597885973
2.0,5.0,1.8316543208849532
4.0,10.0,3.0160386220137325
5.0,8.0,1.1412700631420618
11.0,34.0,3.724105100689167
4.0,10.0,0.6525532052911184
13.0,32.0,2.1973636079970773
4.0,10.0,0.5409194635127048
26.0,61.0,2.848672171133547
15.0,35.0,1.0309004609248087
2.0,4.0,2.5540848926355486
4.0,5.0,1.8428406597885973
1.0,5.0,1.8316543208849532
2.0,10.0,3.0160386220137325
4.0,8.0,1.1412700631420618
17.0,34.0,3.724105100689167
4.0,10.0,0.6525532052911184
16.0,32.0,2.1973636079970773
2.0,10.0,0.5409194635127048
30.0,61.0,2.848672171133547
12.0,35.0,1.0309004609248087
2.0,4.0,2.5540848926355486
3.0,5.0,1.8428406597885973
3.0,5.0,1.8316543208849532
7.0,10.0,3.0160386220137325
6.0,8.0,1.1412700631420618
19.0,34.0,3.724105100689167
6.0,10.0,0.6525532052911184
23.0,32.0,2.1973636079970773
6.0,10.0,0.5409194635127048
37.0,61.0,2.848672171133547
24.0,35.0,1.0309004609248087
1.0,4.0,2.5540848926355486
4.0,5.0,1.8428406597885973
4.0,5.0,1.8316543208849532
7.0,10.0,3.0160386220137325
6.0,8.0,1.1412700631420618
27.0,34.0,3.724105100689167
6.0,10.0,0.6525532052911184
28.0,32.0,2.1973636079970773
8.0,10.0,0.5409194635127048
41.0,61.0,2.848672171133547
20.0,35.0,1.0309004609248087
4.0,4.0,2.5540848926355486
4.0,5.0,1.8428406597885973
5.0,5.0,1.8316543208849532
7.0,10.0,3.0160386220137325
7.0,8.0,1.1412700631420618
31.0,34.0,3.724105100689167
8.0,10.0,0.6525532052911184
29.0,32.0,2.1973636079970773
8.0,10.0,0.5409194635127048
49.0,61.0,2.848672171133547
29.0,35.0,1.0309004609248087
3.0,4.0,2.5540848926355486
3.0,5.0,1.8428406597885973
4.0,5.0,1.8316543208849532
8.0,10.0,3.0160386220137325
7.0,8.0,1.1412700631420618
30.0,34.0,3.724105100689167
10.0,10.0,0.6525532052911184
28.0,32.0,2.1973636079970773
10.0,10.0,0.5409194635127048
54.0,61.0,2.848672171133547
32.0,35.0,1.0309004609248087
1.0,4.0,8.135308577151475
2.0,4.0,3.4634872209643044
3.0,20.0,5.0394014945013765
0.0,4.0,0.31708614617826725
3.0,14.0,1.4513943885262106
4.0,26.0,2.1946929162014674
5.0,38.0,2.5751376218531505
2.0,19.0,0.907988136064696
2.0,34.0,1.1622084694637607
5.0,66.0,2.017572889362828
7.0,44.0,1.238940212395707
2.0,4.0,8.135308577151475
1.0,4.0,3.4634872209643044
4.0,20.0,5.0394014945013765
0.0,4.0,0.31708614617826725
4.0,14.0,1.4513943885262106
2.0,26.0,2.1946929162014674
9.0,38.0,2.5751376218531505
0.0,19.0,0.907988136064696
5.0,34.0,1.1622084694637607
10.0,66.0,2.017572889362828
3.0,44.0,1.238940212395707
3.0,4.0,8.135308577151475
2.0,4.0,3.4634872209643044
6.0,20.0,5.0394014945013765
1.0,4.0,0.31708614617826725
6.0,14.0,1.4513943885262106
8.0,26.0,2.1946929162014674
9.0,38.0,2.5751376218531505
5.0,19.0,0.907988136064696
10.0,34.0,1.1622084694637607
14.0,66.0,2.017572889362828
16.0,44.0,1.238940212395707
2.0,4.0,8.135308577151475
2.0,4.0,3.4634872209643044
8.0,20.0,5.0394014945013765
1.0,4.0,0.31708614617826725
7.0,14.0,1.4513943885262106
10.0,26.0,2.1946929162014674
17.0,38.0,2.5751376218531505
5.0,19.0,0.907988136064696
15.0,34.0,1.1622084694637607
28.0,66.0,2.017572889362828
19.0,44.0,1.238940212395707
2.0,4.0,8.135308577151475
2.0,4.0,3.4634872209643044
12.0,20.0,5.0394014945013765
4.0,4.0,0.31708614617826725
7.0,14.0,1.4513943885262106
11.0,26.0,2.1946929162014674
18.0,38.0,2.5751376218531505
11.0,19.0,0.907988136064696
17.0,34.0,1.1622084694637607
36.0,66.0,2.017572889362828
25.0,44.0,1.238940212395707
2.0,4.0,8.135308577151475
2.0,4.0,3.4634872209643044
13.0,20.0,5.0394014945013765
3.0,4.0,0.31708614617826725
10.0,14.0,1.4513943885262106
14.0,26.0,2.1946929162014674
26.0,38.0,2.5751376218531505
9.0,19.0,0.907988136064696
21.0,34.0,1.1622084694637607
38.0,66.0,2.017572889362828
23.0,44.0,1.238940212395707
1.0,4.0,8.135308577151475
2.0,4.0,3.4634872209643044
13.0,20.0,5.0394014945013765
2.0,4.0,0.31708614617826725
13.0,14.0,1.4513943885262106
20.0,26.0,2.1946929162014674
26.0,38.0,2.5751376218531505
15.0,19.0,0.907988136064696
21.0,34.0,1.1622084694637607
41.0,66.0,2.017572889362828
32.0,44.0,1.238940212395707
3.0,4.0,8.135308577151475
3.0,4.0,3.4634872209643044
13.0,20.0,5.0394014945013765
3.0,4.0,0.31708614617826725
13.0,14.0,1.4513943885262106
19.0,26.0,2.1946929162014674
32.0,38.0,2.5751376218531505
15.0,19.0,0.907988136064696
29.0,34.0,1.1622084694637607
52.0,66.0,2.017572889362828
34.0,44.0,1.238940212395707
4.0,4.0,8.135308577151475
4.0,4.0,3.4634872209643044
19.0,20.0,5.0394014945013765
4.0,4.0,0.31708614617826725
13.0,14.0,1.4513943885262106
24.0,26.0,2.1946929162014674
35.0,38.0,2.5751376218531505
18.0,19.0,0.907988136064696
31.0,34.0,1.1622084694637607
57.0,66.0,2.017572889362828
39.0,44.0,1.238940212395707
1.0,3.0,0.902435022764729
0.0,6.0,5.36851447821153
2.0,14.0,3.2952573284222066
5.0,28.0,3.194206009244035
0.0,9.0,0.5670962073799009
0.0,7.0,0.46213843604766425
2.0,27.0,3.017342969412261
1.0,12.0,0.6111902340046945
3.0,21.0,1.1867964404971536
3.0,37.0,2.4469316737483195
1.0,4.0,0.141175932650187
2.0,3.0,0.902435022764729
2.0,6.0,5.36851447821153
2.0,14.0,3.2952573284222066
4.0,28.0,3.194206009244035
2.0,9.0,0.5670962073799009
1.0,7.0,0.46213843604766425
4.0,27.0,3.017342969412261
4.0,12.0,0.6111902340046945
1.0,21.0,1.1867964404971536
9.0,37.0,2.4469316737483195
2.0,4.0,0.141175932650187
1.0,3.0,0.902435022764729
0.0,6.0,5.36851447821153
3.0,14.0,3.2952573284222066
11.0,28.0,3.194206009244035
4.0,9.0,0.5670962073799009
2.0,7.0,0.46213843604766425
9.0,27.0,3.017342969412261
5.0,12.0,0.6111902340046945
8.0,21.0,1.1867964404971536
18.0,37.0,2.4469316737483195
2.0,4.0,0.141175932650187
1.0,3.0,0.902435022764729
3.0,6.0,5.36851447821153
6.0,14.0,3.2952573284222066
12.0,28.0,3.194206009244035
1.0,9.0,0.5670962073799009
3.0,7.0,0.46213843604766425
15.0,27.0,3.017342969412261
7.0,12.0,0.6111902340046945
10.0,21.0,1.1867964404971536
18.0,37.0,2.4469316737483195
1.0,4.0,0.141175932650187
2.0,3.0,0.902435022764729
3.0,6.0,5.36851447821153
8.0,14.0,3.2952573284222066
8.0,28.0,3.194206009244035
5.0,9.0,0.5670962073799009
3.0,7.0,0.46213843604766425
11.0,27.0,3.017342969412261
7.0,12.0,0.6111902340046945
11.0,21.0,1.1867964404971536
16.0,37.0,2.4469316737483195
1.0,4.0,0.141175932650187
3.0,3.0,0.902435022764729
4.0,6.0,5.36851447821153
9.0,14.0,3.2952573284222066
13.0,28.0,3.194206009244035
4.0,9.0,0.5670962073799009
5.0,7.0,0.46213843604766425
14.0,27.0,3.017342969412261
7.0,12.0,0.6111902340046945
13.0,21.0,1.1867964404971536
24.0,37.0,2.4469316737483195
4.0,4.0,0.141175932650187
2.0,3.0,0.902435022764729
4.0,6.0,5.36851447821153
10.0,14.0,3.2952573284222066
16.0,28.0,3.194206009244035
6.0,9.0,0.5670962073799009
4.0,7.0,0.46213843604766425
18.0,27.0,3.017342969412261
9.0,12.0,0.6111902340046945
16.0,21.0,1.1867964404971536
23.0,37.0,2.4469316737483195
3.0,4.0,0.141175932650187
3.0,3.0,0.902435022764729
6.0,6.0,5.36851447821153
13.0,14.0,3.2952573284222066
21.0,28.0,3.194206009244035
8.0,9.0,0.5670962073799009
7.0,7.0,0.46213843604766425
19.0,27.0,3.017342969412261
12.0,12.0,0.6111902340046945
15.0,21.0,1.1867964404971536
30.0,37.0,2.4469316737483195
3.0,4.0,0.141175932650187
3.0,3.0,0.902435022764729
5.0,6.0,5.36851447821153
13.0,14.0,3.2952573284222066
26.0,28.0,3.194206009244035
9.0,9.0,0.5670962073799009
7.0,7.0,0.46213843604766425
23.0,27.0,3.017342969412261
10.0,12.0,0.6111902340046945
18.0,21.0,1.1867964404971536
36.0,37.0,2.4469316737483195
3.0,4.0,0.141175932650187
1.0,3.0,1.1366126553161529
0.0,5.0,3.937567035904922
1.0,6.0,2.8874296293735204
1.0,8.0,1.216233048546717
2.0,22.0,4.106561607001029
7.0,50.0,3.7334326380954446
2.0,27.0,1.549698916097737
9.0,59.0,1.9133570094651262
3.0,25.0,0.45672145013226656
2.0,33.0,0.8040246726062033
4.0,25.0,0.6931027665144188
1.0,3.0,1.1366126553161529
2.0,5.0,3.937567035904922
2.0,6.0,2.8874296293735204
0.0,8.0,1.216233048546717
5.0,22.0,4.106561607001029
4.0,50.0,3.7334326380954446
7.0,27.0,1.549698916097737
12.0,59.0,1.9133570094651262
5.0,25.0,0.45672145013226656
5.0,33.0,0.8040246726062033
2.0,25.0,0.6931027665144188
2.0,3.0,1.1366126553161529
3.0,5.0,3.937567035904922
2.0,6.0,2.8874296293735204
2.0,8.0,1.216233048546717
7.0,22.0,4.106561607001029
13.0,50.0,3.7334326380954446
7.0,27.0,1.549698916097737
21.0,59.0,1.9133570094651262
15.0,25.0,0.45672145013226656
13.0,33.0,0.8040246726062033
8.0,25.0,0.6931027665144188
1.0,3.0,1.1366126553161529
2.0,5.0,3.937567035904922
2.0,6.0,2.8874296293735204
4.0,8.0,1.216233048546717
8.0,22.0,4.106561607001029
16.0,50.0,3.7334326380954446
12.0,27.0,1.549698916097737
30.0,59.0,1.9133570094651262
13.0,25.0,0.45672145013226656
13.0,33.0,0.8040246726062033
6.0,25.0,0.6931027665144188
1.0,3.0,1.1366126553161529
3.0,5.0,3.937567035904922
5.0,6.0,2.8874296293735204
4.0,8.0,1.216233048546717
9.0,22.0,4.106561607001029
30.0,50.0,3.7334326380954446
15.0,27.0,1.549698916097737
33.0,59.0,1.9133570094651262
10.0,25.0,0.45672145013226656
19.0,33.0,0.8040246726062033
13.0,25.0,0.6931027665144188
2.0,3.0,1.1366126553161529
2.0,5.0,3.937567035904922
2.0,6.0,2.8874296293735204
6.0,8.0,1.216233048546717
10.0,22.0,4.106561607001029
28.0,50.0,3.7334326380954446
19.0,27.0,1.549698916097737
34.0,59.0,1.9133570094651262
16.0,25.0,0.45672145013226656
21.0,33.0,0.8040246726062033
15.0,25.0,0.6931027665144188
1.0,3.0,1.1366126553161529
3.0,5.0,3.937567035904922
3.0,6.0,2.8874296293735204
5.0,8.0,1.216233048546717
14.0,22.0,4.106561607001029
34.0,50.0,3.7334326380954446
21.0,27.0,1.549698916097737
47.0,59.0,1.9133570094651262
18.0,25.0,0.45672145013226656
22.0,33.0,0.8040246726062033
17.0,25.0,0.6931027665144188
2.0,3.0,1.1366126553161529
4.0,5.0,3.937567035904922
6.0,6.0,2.8874296293735204
7.0,8.0,1.216233048546717
19.0,22.0,4.106561607001029
38.0,50.0,3.7334326380954446
24.0,27.0,1.549698916097737
48.0,59.0,1.9133570094651262
22.0,25.0,0.45672145013226656
28.0,33.0,0.8040246726062033
23.0,25.0,0.6931027665144188
3.0,3.0,1.1366126553161529
4.0,5.0,3.937567035904922
5.0,6.0,2.8874296293735204
4.0,8.0,1.216233048546717
21.0,22.0,4.106561607001029
46.0,50.0,3.7334326380954446
26.0,27.0,1.549698916097737
54.0,59.0,1.9133570094651262
25.0,25.0,0.45672145013226656
29.0,33.0,0.8040246726062033
21.0,25.0,0.6931027665144188
1.0,3.0,3.1514066215332073
2.0,10.0,5.784427773144635
2.0,20.0,3.68311886984872
0.0,2.0,0.393387803600481
1.0,6.0,0.8428923862976886
1.0,10.0,0.5219393806631714
3.0,31.0,4.743884260069737
6.0,49.0,2.9811382672633164
12.0,103.0,3.008955079991814
1.0,54.0,0.870679133978857
3.0,52.0,0.8200434366209955
1.0,3.0,3.1514066215332073
3.0,10.0,5.784427773144635
5.0,20.0,3.68311886984872
0.0,2.0,0.393387803600481
1.0,6.0,0.8428923862976886
3.0,10.0,0.5219393806631714
11.0,31.0,4.743884260069737
10.0,49.0,2.9811382672633164
25.0,103.0,3.008955079991814
10.0,54.0,0.870679133978857
12.0,52.0,0.8200434366209955
1.0,3.0,3.1514066215332073
4.0,10.0,5.784427773144635
7.0,20.0,3.68311886984872
0.0,2.0,0.393387803600481
2.0,6.0,0.8428923862976886
4.0,10.0,0.5219393806631714
11.0,31.0,4.743884260069737
14.0,49.0,2.9811382672633164
34.0,103.0,3.008955079991814
19.0,54.0,0.870679133978857
19.0,52.0,0.8200434366209955
1.0,3.0,3.1514066215332073
8.0,10.0,5.784427773144635
6.0,20.0,3.68311886984872
2.0,2.0,0.393387803600481
1.0,6.0,0.8428923862976886
4.0,10.0,0.5219393806631714
15.0,31.0,4.743884260069737
20.0,49.0,2.9811382672633164
39.0,103.0,3.008955079991814
24.0,54.0,0.870679133978857
25.0,52.0,0.8200434366209955
2.0,3.0,3.1514066215332073
7.0,10.0,5.784427773144635
11.0,20.0,3.68311886984872
0.0,2.0,0.393387803600481
3.0,6.0,0.8428923862976886
4.0,10.0,0.5219393806631714
20.0,31.0,4.743884260069737
20.0,49.0,2.9811382672633164
54.0,103.0,3.008955079991814
28.0,54.0,0.870679133978857
26.0,52.0,0.8200434366209955
1.0,3.0,3.1514066215332073
5.0,10.0,5.784427773144635
10.0,20.0,3.68311886984872
1.0,2.0,0.393387803600481
4.0,6.0,0.8428923862976886
3.0,10.0,0.5219393806631714
15.0,31.0,4.743884260069737
35.0,49.0,2.9811382672633164
48.0,103.0,3.008955079991814
28.0,54.0,0.870679133978857
35.0,52.0,0.8200434366209955
3.0,3.0,3.1514066215332073
9.0,10.0,5.784427773144635
15.0,20.0,3.68311886984872
2.0,2.0,0.393387803600481
5.0,6.0,0.8428923862976886
8.0,10.0,0.5219393806631714
25.0,31.0,4.743884260069737
31.0,49.0,2.9811382672633164
71.0,103.0,3.008955079991814
42.0,54.0,0.870679133978857
39.0,52.0,0.8200434366209955
3.0,3.0,3.1514066215332073
7.0,10.0,5.784427773144635
17.0,20.0,3.68311886984872
2.0,2.0,0.393387803600481
4.0,6.0,0.8428923862976886
10.0,10.0,0.5219393806631714
26.0,31.0,4.743884260069737
40.0,49.0,2.9811382672633164
86.0,103.0,3.008955079991814
45.0,54.0,0.870679133978857
39.0,52.0,0.8200434366209955
3.0,3.0,3.1514066215332073
10.0,10.0,5.784427773144635
18.0,20.0,3.68311886984872
2.0,2.0,0.393387803600481
5.0,6.0,0.8428923862976886
10.0,10.0,0.5219393806631714
28.0,31.0,4.743884260069737
45.0,49.0,2.9811382672633164
92.0,103.0,3.008955079991814
49.0,54.0,0.870679133978857
44.0,52.0,0.8200434366209955
1.0,2.0,2.702636436035205
1.0,4.0,5.07376804485381
0.0,11.0,3.897663294319729
2.0,17.0,3.1573080507578997
1.0,26.0,1.797202733215651
6.0,31.0,1.5442849242484933
1.0,5.0,0.32375217769757786
6.0,54.0,1.7796455283422363
2.0,51.0,1.4269393687226586
5.0,77.0,2.04622375488305
2.0,50.0,0.8742554944102804
1.0,2.0,2.702636436035205
1.0,4.0,5.07376804485381
4.0,11.0,3.897663294319729
5.0,17.0,3.1573080507578997
3.0,26.0,1.797202733215651
3.0,31.0,1.5442849242484933
0.0,5.0,0.32375217769757786
15.0,54.0,1.7796455283422363
11.0,51.0,1.4269393687226586
23.0,77.0,2.04622375488305
9.0,50.0,0.8742554944102804
1.0,2.0,2.702636436035205
1.0,4.0,5.07376804485381
2.0,11.0,3.897663294319729
3.0,17.0,3.1573080507578997
10.0,26.0,1.797202733215651
4.0,31.0,1.5442849242484933
2.0,5.0,0.32375217769757786
18.0,54.0,1.7796455283422363
9.0,51.0,1.4269393687226586
22.0,77.0,2.04622375488305
15.0,50.0,0.8742554944102804
1.0,2.0,2.702636436035205
0.0,4.0,5.07376804485381
5.0,11.0,3.897663294319729
7.0,17.0,3.1573080507578997
12.0,26.0,1.797202733215651
16.0,31.0,1.5442849242484933
2.0,5.0,0.32375217769757786
27.0,54.0,1.7796455283422363
20.0,51.0,1.4269393687226586
38.0,77.0,2.04622375488305
21.0,50.0,0.8742554944102804
1.0,2.0,2.702636436035205
2.0,4.0,5.07376804485381
5.0,11.0,3.897663294319729
12.0,17.0,3.1573080507578997
16.0,26.0,1.797202733215651
17.0,31.0,1.5442849242484933
2.0,5.0,0.32375217769757786
26.0,54.0,1.7796455283422363
27.0,51.0,1.4269393687226586
46.0,77.0,2.04622375488305
27.0,50.0,0.8742554944102804
1.0,2.0,2.702636436035205
3.0,4.0,5.07376804485381
9.0,11.0,3.897663294319729
9.0,17.0,3.1573080507578997
15.0,26.0,1.797202733215651
22.0,31.0,1.5442849242484933
3.0,5.0,0.32375217769757786
30.0,54.0,1.7796455283422363
35.0,51.0,1.4269393687226586
50.0,77.0,2.04622375488305
29.0,50.0,0.8742554944102804
2.0,2.0,2.702636436035205
4.0,4.0,5.07376804485381
6.0,11.0,3.897663294319729
13.0,17.0,3.1573080507578997
19.0,26.0,1.797202733215651
20.0,31.0,1.5442849242484933
5.0,5.0,0.32375217769757786
36.0,54.0,1.7796455283422363
35.0,51.0,1.4269393687226586
58.0,77.0,2.04622375488305
31.0,50.0,0.8742554944102804
1.0,2.0,2.702636436035205
3.0,4.0,5.07376804485381
7.0,11.0,3.897663294319729
14.0,17.0,3.1573080507578997
20.0,26.0,1.797202733215651
27.0,31.0,1.5442849242484933
4.0,5.0,0.32375217769757786
40.0,54.0,1.7796455283422363
42.0,51.0,1.4269393687226586
60.0,77.0,2.04622375488305
35.0,50.0,0.8742554944102804
2.0,2.0,2.702636436035205
4.0,4.0,5.07376804485381
10.0,11.0,3.897663294319729
16.0,17.0,3.1573080507578997
24.0,26.0,1.797202733215651
31.0,31.0,1.5442849242484933
4.0,5.0,0.32375217769757786
50.0,54.0,1.7796455283422363
48.0,51.0,1.4269393687226586
66.0,77.0,2.04622375488305
45.0,50.0,0.8742554944102804
2.0,3.0,0.970667850952707
1.0,13.0,5.765964039755445
1.0,7.0,1.2458049993812046
0.0,7.0,0.9133192249549571
2.0,46.0,4.757254541694221
4.0,36.0,2.078526249041098
1.0,8.0,0.2749019437135565
6.0,77.0,2.6255513286368166
1.0,27.0,0.6942630708938645
6.0,72.0,1.8098681276330266
2.0,25.0,0.43319497466304147
1.0,3.0,0.970667850952707
2.0,13.0,5.765964039755445
2.0,7.0,1.2458049993812046
0.0,7.0,0.9133192249549571
10.0,46.0,4.757254541694221
5.0,36.0,2.078526249041098
3.0,8.0,0.2749019437135565
20.0,77.0,2.6255513286368166
5.0,27.0,0.6942630708938645
12.0,72.0,1.8098681276330266
3.0,25.0,0.43319497466304147
2.0,3.0,0.970667850952707
4.0,13.0,5.765964039755445
2.0,7.0,1.2458049993812046
1.0,7.0,0.9133192249549571
8.0,46.0,4.757254541694221
10.0,36.0,2.078526249041098
2.0,8.0,0.2749019437135565
20.0,77.0,2.6255513286368166
10.0,27.0,0.6942630708938645
17.0,72.0,1.8098681276330266
8.0,25.0,0.43319497466304147
3.0,3.0,0.970667850952707
6.0,13.0,5.765964039755445
2.0,7.0,1.2458049993812046
4.0,7.0,0.9133192249549571
20.0,46.0,4.757254541694221
14.0,36.0,2.078526249041098
3.0,8.0,0.2749019437135565
31.0,77.0,2.6255513286368166
13.0,27.0,0.6942630708938645
29.0,72.0,1.8098681276330266
10.0,25.0,0.43319497466304147
1.0,3.0,0.970667850952707
5.0,13.0,5.765964039755445
4.0,7.0,1.2458049993812046
4.0,7.0,0.9133192249549571
20.0,46.0,4.757254541694221
17.0,36.0,2.078526249041098
3.0,8.0,0.2749019437135565
35.0,77.0,2.6255513286368166
16.0,27.0,0.6942630708938645
35.0,72.0,1.8098681276330266
13.0,25.0,0.43319497466304147
2.0,3.0,0.970667850952707
8.0,13.0,5.765964039755445
7.0,7.0,1.2458049993812046
5.0,7.0,0.9133192249549571
35.0,46.0,4.757254541694221
25.0,36.0,2.078526249041098
5.0,8.0,0.2749019437135565
51.0,77.0,2.6255513286368166
15.0,27.0,0.6942630708938645
35.0,72.0,1.8098681276330266
12.0,25.0,0.43319497466304147
2.0,3.0,0.970667850952707
9.0,13.0,5.765964039755445
5.0,7.0,1.2458049993812046
7.0,7.0,0.9133192249549571
31.0,46.0,4.757254541694221
30.0,36.0,2.078526249041098
4.0,8.0,0.2749019437135565
56.0,77.0,2.6255513286368166
18.0,27.0,0.6942630708938645
48.0,72.0,1.8098681276330266
19.0,25.0,0.43319497466304147
3.0,3.0,0.970667850952707
11.0,13.0,5.765964039755445
4.0,7.0,1.2458049993812046
6.0,7.0,0.9133192249549571
33.0,46.0,4.757254541694221
26.0,36.0,2.078526249041098
8.0,8.0,0.2749019437135565
61.0,77.0,2.6255513286368166
21.0,27.0,0.6942630708938645
57.0,72.0,1.8098681276330266
19.0,25.0,0.43319497466304147
2.0,3.0,0.970667850952707
13.0,13.0,5.765964039755445
6.0,7.0,1.2458049993812046
7.0,7.0,0.9133192249549571
36.0,46.0,4.757254541694221
31.0,36.0,2.078526249041098
8.0,8.0,0.2749019437135565
68.0,77.0,2.6255513286368166
23.0,27.0,0.6942630708938645
66.0,72.0,1.8098681276330266
23.0,25.0,0.43319497466304147
1.0,4.0,5.408536116435929
0.0,6.0,3.327530789123095
1.0,24.0,6.070551667821453
1.0,23.0,1.9870283452820534
2.0,34.0,2.2362830486535565
2.0,10.0,0.435520892259247
11.0,92.0,3.8939539693803837
2.0,34.0,0.9733018416740408
4.0,61.0,1.4239214093582253
0.0,14.0,0.32377926181959915
5.0,41.0,0.8015192074345452
2.0,4.0,5.408536116435929
2.0,6.0,3.327530789123095
5.0,24.0,6.070551667821453
3.0,23.0,1.9870283452820534
7.0,34.0,2.2362830486535565
2.0,10.0,0.435520892259247
16.0,92.0,3.8939539693803837
11.0,34.0,0.9733018416740408
7.0,61.0,1.4239214093582253
2.0,14.0,0.32377926181959915
12.0,41.0,0.8015192074345452
1.0,4.0,5.408536116435929
3.0,6.0,3.327530789123095
7.0,24.0,6.070551667821453
5.0,23.0,1.9870283452820534
11.0,34.0,2.2362830486535565
1.0,10.0,0.435520892259247
24.0,92.0,3.8939539693803837
14.0,34.0,0.9733018416740408
16.0,61.0,1.4239214093582253
6.0,14.0,0.32377926181959915
11.0,41.0,0.8015192074345452
2.0,4.0,5.408536116435929
1.0,6.0,3.327530789123095
8.0,24.0,6.070551667821453
13.0,23.0,1.9870283452820534
14.0,34.0,2.2362830486535565
2.0,10.0,0.435520892259247
38.0,92.0,3.8939539693803837
16.0,34.0,0.9733018416740408
18.0,61.0,1.4239214093582253
7.0,14.0,0.32377926181959915
15.0,41.0,0.8015192074345452
3.0,4.0,5.408536116435929
3.0,6.0,3.327530789123095
11.0,24.0,6.070551667821453
8.0,23.0,1.9870283452820534
16.0,34.0,2.2362830486535565
4.0,10.0,0.435520892259247
47.0,92.0,3.8939539693803837
15.0,34.0,0.9733018416740408
33.0,61.0,1.4239214093582253
10.0,14.0,0.32377926181959915
18.0,41.0,0.8015192074345452
3.0,4.0,5.408536116435929
4.0,6.0,3.327530789123095
17.0,24.0,6.070551667821453
12.0,23.0,1.9870283452820534
23.0,34.0,2.2362830486535565
6.0,10.0,0.435520892259247
51.0,92.0,3.8939539693803837
24.0,34.0,0.9733018416740408
43.0,61.0,1.4239214093582253
6.0,14.0,0.32377926181959915
25.0,41.0,0.8015192074345452
2.0,4.0,5.408536116435929
4.0,6.0,3.327530789123095
17.0,24.0,6.070551667821453
15.0,23.0,1.9870283452820534
25.0,34.0,2.2362830486535565
5.0,10.0,0.435520892259247
66.0,92.0,3.8939539693803837
23.0,34.0,0.9733018416740408
42.0,61.0,1.4239214093582253
8.0,14.0,0.32377926181959915
29.0,41.0,0.8015192074345452
4.0,4.0,5.408536116435929
5.0,6.0,3.327530789123095
21.0,24.0,6.070551667821453
18.0,23.0,1.9870283452820534
31.0,34.0,2.2362830486535565
8.0,10.0,0.435520892259247
72.0,92.0,3.8939539693803837
32.0,34.0,0.9733018416740408
46.0,61.0,1.4239214093582253
12.0,14.0,0.32377926181959915
31.0,41.0,0.8015192074345452
4.0,4.0,5.408536116435929
5.0,6.0,3.327530789123095
24.0,24.0,6.070551667821453
20.0,23.0,1.9870283452820534
29.0,34.0,2.2362830486535565
10.0,10.0,0.435520892259247
78.0,92.0,3.8939539693803837
30.0,34.0,0.9733018416740408
57.0,61.0,1.4239214093582253
14.0,14.0,0.32377926181959915
38.0,41.0,0.8015192074345452
1.0,5.0,11.495365356079295
1.0,6.0,2.708041663577687
3.0,20.0,5.081857696355301
1.0,3.0,0.39529750791623564
1.0,10.0,0.8798488696154547
1.0,17.0,1.027413026889799
2.0,23.0,2.6392867292323348
0.0,9.0,0.4794430140899594
2.0,17.0,0.7817124050164571
3.0,31.0,2.069988894262354
5.0,45.0,2.1904269842842448
2.0,5.0,11.495365356079295
3.0,6.0,2.708041663577687
4.0,20.0,5.081857696355301
1.0,3.0,0.39529750791623564
1.0,10.0,0.8798488696154547
3.0,17.0,1.027413026889799
6.0,23.0,2.6392867292323348
3.0,9.0,0.4794430140899594
5.0,17.0,0.7817124050164571
7.0,31.0,2.069988894262354
12.0,45.0,2.1904269842842448
3.0,5.0,11.495365356079295
2.0,6.0,2.708041663577687
7.0,20.0,5.081857696355301
1.0,3.0,0.39529750791623564
4.0,10.0,0.8798488696154547
6.0,17.0,1.027413026889799
8.0,23.0,2.6392867292323348
4.0,9.0,0.4794430140899594
7.0,17.0,0.7817124050164571
11.0,31.0,2.069988894262354
15.0,45.0,2.1904269842842448
2.0,5.0,11.495365356079295
2.0,6.0,2.708041663577687
5.0,20.0,5.081857696355301
0.0,3.0,0.39529750791623564
3.0,10.0,0.8798488696154547
5.0,17.0,1.027413026889799
12.0,23.0,2.6392867292323348
2.0,9.0,0.4794430140899594
4.0,17.0,0.7817124050164571
17.0,31.0,2.069988894262354
15.0,45.0,2.1904269842842448
3.0,5.0,11.495365356079295
5.0,6.0,2.708041663577687
12.0,20.0,5.081857696355301
2.0,3.0,0.39529750791623564
6.0,10.0,0.8798488696154547
10.0,17.0,1.027413026889799
13.0,23.0,2.6392867292323348
5.0,9.0,0.4794430140899594
10.0,17.0,0.7817124050164571
16.0,31.0,2.069988894262354
18.0,45.0,2.1904269842842448
5.0,5.0,11.495365356079295
6.0,6.0,2.708041663577687
14.0,20.0,5.081857696355301
2.0,3.0,0.39529750791623564
5.0,10.0,0.8798488696154547
10.0,17.0,1.027413026889799
16.0,23.0,2.6392867292323348
7.0,9.0,0.4794430140899594
10.0,17.0,0.7817124050164571
22.0,31.0,2.069988894262354
28.0,45.0,2.1904269842842448
3.0,5.0,11.495365356079295
3.0,6.0,2.708041663577687
16.0,20.0,5.081857696355301
1.0,3.0,0.39529750791623564
7.0,10.0,0.8798488696154547
11.0,17.0,1.027413026889799
16.0,23.0,2.6392867292323348
5.0,9.0,0.4794430140899594
9.0,17.0,0.7817124050164571
22.0,31.0,2.069988894262354
30.0,45.0,2.1904269842842448
5.0,5.0,11.495365356079295
3.0,6.0,2.708041663577687
13.0,20.0,5.081857696355301
3.0,3.0,0.39529750791623564
9.0,10.0,0.8798488696154547
12.0,17.0,1.027413026889799
17.0,23.0,2.6392867292323348
5.0,9.0,0.4794430140899594
14.0,17.0,0.7817124050164571
23.0,31.0,2.069988894262354
34.0,45.0,2.1904269842842448
3.0,5.0,11.495365356079295
2.0,6.0,2.708041663577687
16.0,20.0,5.081857696355301
2.0,3.0,0.39529750791623564
9.0,10.0,0.8798488696154547
15.0,17.0,1.027413026889799
20.0,23.0,2.6392867292323348
8.0,9.0,0.4794430140899594
15.0,17.0,0.7817124050164571
27.0,31.0,2.069988894262354
39.0,45.0,2.1904269842842448
1.0,6.0,2.4854569199061465
3.0,16.0,6.80234579409127
1.0,13.0,1.3509187738357515
4.0,44.0,3.890672100842111
3.0,33.0,1.3409758088117278
5.0,36.0,1.0521604028202258
5.0,78.0,2.4810076225554742
4.0,24.0,0.5095434504515778
1.0,5.0,0.11778217854790005
7.0,52.0,1.3040711260884688
1.0,13.0,0.3811756443476962
3.0,6.0,2.4854569199061465
2.0,16.0,6.80234579409127
5.0,13.0,1.3509187738357515
16.0,44.0,3.890672100842111
7.0,33.0,1.3409758088117278
9.0,36.0,1.0521604028202258
12.0,78.0,2.4810076225554742
3.0,24.0,0.5095434504515778
1.0,5.0,0.11778217854790005
14.0,52.0,1.3040711260884688
2.0,13.0,0.3811756443476962
4.0,6.0,2.4854569199061465
3.0,16.0,6.80234579409127
7.0,13.0,1.3509187738357515
14.0,44.0,3.890672100842111
5.0,33.0,1.3409758088117278
5.0,36.0,1.0521604028202258
28.0,78.0,2.4810076225554742
8.0,24.0,0.5095434504515778
2.0,5.0,0.11778217854790005
15.0,52.0,1.3040711260884688
3.0,13.0,0.3811756443476962
3.0,6.0,2.4854569199061465
7.0,16.0,6.80234579409127
7.0,13.0,1.3509187738357515
17.0,44.0,3.890672100842111
14.0,33.0,1.3409758088117278
21.0,36.0,1.0521604028202258
31.0,78.0,2.4810076225554742
12.0,24.0,0.5095434504515778
2.0,5.0,0.11778217854790005
15.0,52.0,1.3040711260884688
6.0,13.0,0.3811756443476962
3.0,6.0,2.4854569199061465
4.0,16.0,6.80234579409127
6.0,13.0,1.3509187738357515
20.0,44.0,3.890672100842111
14.0,33.0,1.3409758088117278
18.0,36.0,1.0521604028202258
39.0,78.0,2.4810076225554742
9.0,24.0,0.5095434504515778
5.0,5.0,0.11778217854790005
27.0,52.0,1.3040711260884688
2.0,13.0,0.3811756443476962
4.0,6.0,2.4854569199061465
11.0,16.0,6.80234579409127
7.0,13.0,1.3509187738357515
26.0,44.0,3.890672100842111
18.0,33.0,1.3409758088117278
22.0,36.0,1.0521604028202258
50.0,78.0,2.4810076225554742
12.0,24.0,0.5095434504515778
2.0,5.0,0.11778217854790005
28.0,52.0,1.3040711260884688
9.0,13.0,0.3811756443476962
5.0,6.0,2.4854569199061465
14.0,16.0,6.80234579409127
9.0,13.0,1.3509187738357515
35.0,44.0,3.890672100842111
22.0,33.0,1.3409758088117278
26.0,36.0,1.0521604028202258
57.0,78.0,2.4810076225554742
16.0,24.0,0.5095434504515778
0.0,5.0,0.11778217854790005
35.0,52.0,1.3040711260884688
8.0,13.0,0.3811756443476962
3.0,6.0,2.4854569199061465
10.0,16.0,6.80234579409127
9.0,13.0,1.3509187738357515
36.0,44.0,3.890672100842111
26.0,33.0,1.3409758088117278
28.0,36.0,1.0521604028202258
64.0,78.0,2.4810076225554742
19.0,24.0,0.5095434504515778
5.0,5.0,0.11778217854790005
42.0,52.0,1.3040711260884688
9.0,13.0,0.3811756443476962
6.0,6.0,2.4854569199061465
13.0,16.0,6.80234579409127
10.0,13.0,1.3509187738357515
39.0,44.0,3.890672100842111
32.0,33.0,1.3409758088117278
30.0,36.0,1.0521604028202258
73.0,78.0,2.4810076225554742
22.0,24.0,0.5095434504515778
3.0,5.0,0.11778217854790005
47.0,52.0,1.3040711260884688
12.0,13.0,0.3811756443476962
1.0,3.0,2.9316454171514965
1.0,5.0,3.326162313542235
2.0,9.0,1.395900712501215
2.0,13.0,2.196785062861168
3.0,13.0,1.3890918249746482
5.0,34.0,3.358362196682092
1.0,9.0,0.9430485765190135
2.0,11.0,0.7875573858088105
4.0,46.0,2.0142992863292433
9.0,92.0,3.8250214255492407
1.0,9.0,0.20317014465130906
1.0,3.0,2.9316454171514965
1.0,5.0,3.326162313542235
1.0,9.0,1.395900712501215
6.0,13.0,2.196785062861168
2.0,13.0,1.3890918249746482
11.0,34.0,3.358362196682092
2.0,9.0,0.9430485765190135
0.0,11.0,0.7875573858088105
10.0,46.0,2.0142992863292433
16.0,92.0,3.8250214255492407
2.0,9.0,0.20317014465130906
1.0,3.0,2.9316454171514965
2.0,5.0,3.326162313542235
2.0,9.0,1.395900712501215
3.0,13.0,2.196785062861168
3.0,13.0,1.3890918249746482
11.0,34.0,3.358362196682092
4.0,9.0,0.9430485765190135
3.0,11.0,0.7875573858088105
16.0,46.0,2.0142992863292433
28.0,92.0,3.8250214255492407
0.0,9.0,0.20317014465130906
2.0,3.0,2.9316454171514965
1.0,5.0,3.326162313542235
1.0,9.0,1.395900712501215
7.0,13.0,2.196785062861168
5.0,13.0,1.3890918249746482
13.0,34.0,3.358362196682092
4.0,9.0,0.9430485765190135
5.0,11.0,0.7875573858088105
19.0,46.0,2.0142992863292433
39.0,92.0,3.8250214255492407
1.0,9.0,0.20317014465130906
3.0,3.0,2.9316454171514965
1.0,5.0,3.326162313542235
3.0,9.0,1.395900712501215
7.0,13.0,2.196785062861168
7.0,13.0,1.3890918249746482
18.0,34.0,3.358362196682092
5.0,9.0,0.9430485765190135
6.0,11.0,0.7875573858088105
18.0,46.0,2.0142992863292433
41.0,92.0,3.8250214255492407
5.0,9.0,0.20317014465130906
2.0,3.0,2.9316454171514965
3.0,5.0,3.326162313542235
5.0,9.0,1.395900712501215
9.0,13.0,2.196785062861168
8.0,13.0,1.3890918249746482
19.0,34.0,3.358362196682092
2.0,9.0,0.9430485765190135
6.0,11.0,0.7875573858088105
25.0,46.0,2.0142992863292433
58.0,92.0,3.8250214255492407
7.0,9.0,0.20317014465130906
2.0,3.0,2.9316454171514965
4.0,5.0,3.326162313542235
5.0,9.0,1.395900712501215
8.0,13.0,2.196785062861168
9.0,13.0,1.3890918249746482
21.0,34.0,3.358362196682092
6.0,9.0,0.9430485765190135
7.0,11.0,0.7875573858088105
35.0,46.0,2.0142992863292433
51.0,92.0,3.8250214255492407
7.0,9.0,0.20317014465130906
3.0,3.0,2.9316454171514965
4.0,5.0,3.326162313542235
7.0,9.0,1.395900712501215
13.0,13.0,2.196785062861168
9.0,13.0,1.3890918249746482
26.0,34.0,3.358362196682092
6.0,9.0,0.9430485765190135
9.0,11.0,0.7875573858088105
35.0,46.0,2.0142992863292433
75.0,92.0,3.8250214255492407
7.0,9.0,0.20317014465130906
3.0,3.0,2.9316454171514965
5.0,5.0,3.326162313542235
8.0,9.0,1.395900712501215
8.0,13.0,2.196785062861168
13.0,13.0,1.3890918249746482
33.0,34.0,3.358362196682092
8.0,9.0,0.9430485765190135
10.0,11.0,0.7875573858088105
43.0,46.0,2.0142992863292433
85.0,92.0,3.8250214255492407
7.0,9.0,0.20317014465130906
1.0,3.0,3.1083027969684607
2.0,14.0,10.572818741285534
3.0,26.0,4.531817529762695
3.0,20.0,1.0077198231150764
1.0,20.0,1.2244128291205079
0.0,5.0,0.2817278014789486
5.0,69.0,3.700260340279898
3.0,44.0,1.1090862177822576
4.0,39.0,1.1540196004721905
12.0,97.0,2.1920646634299192
2.0,42.0,0.6030661920814266
1.0,3.0,3.1083027969684607
6.0,14.0,10.572818741285534
5.0,26.0,4.531817529762695
4.0,20.0,1.0077198231150764
5.0,20.0,1.2244128291205079
0.0,5.0,0.2817278014789486
12.0,69.0,3.700260340279898
5.0,44.0,1.1090862177822576
9.0,39.0,1.1540196004721905
25.0,97.0,2.1920646634299192
6.0,42.0,0.6030661920814266
1.0,3.0,3.1083027969684607
5.0,14.0,10.572818741285534
7.0,26.0,4.531817529762695
9.0,20.0,1.0077198231150764
7.0,20.0,1.2244128291205079
1.0,5.0,0.2817278014789486
20.0,69.0,3.700260340279898
13.0,44.0,1.1090862177822576
12.0,39.0,1.1540196004721905
24.0,97.0,2.1920646634299192
14.0,42.0,0.6030661920814266
2.0,3.0,3.1083027969684607
7.0,14.0,10.572818741285534
15.0,26.0,4.531817529762695
7.0,20.0,1.0077198231150764
9.0,20.0,1.2244128291205079
1.0,5.0,0.2817278014789486
37.0,69.0,3.700260340279898
18.0,44.0,1.1090862177822576
15.0,39.0,1.1540196004721905
38.0,97.0,2.1920646634299192
17.0,42.0,0.6030661920814266
1.0,3.0,3.1083027969684607
8.0,14.0,10.572818741285534
14.0,26.0,4.531817529762695
9.0,20.0,1.0077198231150764
5.0,20.0,1.2244128291205079
0.0,5.0,0.2817278014789486
31.0,69.0,3.700260340279898
21.0,44.0,1.1090862177822576
18.0,39.0,1.1540196004721905
43.0,97.0,2.1920646634299192
15.0,42.0,0.6030661920814266
3.0,3.0,3.1083027969684607
5.0,14.0,10.572818741285534
13.0,26.0,4.531817529762695
14.0,20.0,1.0077198231150764
12.0,20.0,1.2244128291205079
3.0,5.0,0.2817278014789486
42.0,69.0,3.700260340279898
24.0,44.0,1.1090862177822576
24.0,39.0,1.1540196004721905
63.0,97.0,2.1920646634299192
27.0,42.0,0.6030661920814266
2.0,3.0,3.1083027969684607
9.0,14.0,10.572818741285534
16.0,26.0,4.531817529762695
18.0,20.0,1.0077198231150764
10.0,20.0,1.2244128291205079
3.0,5.0,0.2817278014789486
42.0,69.0,3.700260340279898
30.0,44.0,1.1090862177822576
28.0,39.0,1.1540196004721905
72.0,97.0,2.1920646634299192
30.0,42.0,0.6030661920814266
3.0,3.0,3.1083027969684607
8.0,14.0,10.572818741285534
17.0,26.0,4.531817529762695
18.0,20.0,1.0077198231150764
12.0,20.0,1.2244128291205079
5.0,5.0,0.2817278014789486
53.0,69.0,3.700260340279898
35.0,44.0,1.1090862177822576
27.0,39.0,1.1540196004721905
74.0,97.0,2.1920646634299192
38.0,42.0,0.6030661920814266
3.0,3.0,3.1083027969684607
12.0,14.0,10.572818741285534
25.0,26.0,4.531817529762695
18.0,20.0,1.0077198231150764
17.0,20.0,1.2244128291205079
5.0,5.0,0.2817278014789486
63.0,69.0,3.700260340279898
40.0,44.0,1.1090862177822576
36.0,39.0,1.1540196004721905
90.0,97.0,2.1920646634299192
37.0,42.0,0.6030661920814266
1.0,6.0,13.338599598022125
1.0,12.0,6.3822965421789295
1.0,9.0,2.049236024432575
3.0,8.0,1.1466501453155755
0.0,20.0,3.1509547718642357
2.0,7.0,0.5137441028393257
0.0,16.0,1.397925553447546
4.0,65.0,4.575479599667951
3.0,52.0,1.4908130015411285
3.0,68.0,1.6154383788281996
2.0,17.0,0.19661404462161575
1.0,6.0,13.338599598022125
2.0,12.0,6.3822965421789295
1.0,9.0,2.049236024432575
2.0,8.0,1.1466501453155755
3.0,20.0,3.1509547718642357
0.0,7.0,0.5137441028393257
1.0,16.0,1.397925553447546
17.0,65.0,4.575479599667951
17.0,52.0,1.4908130015411285
19.0,68.0,1.6154383788281996
1.0,17.0,0.19661404462161575
1.0,6.0,13.338599598022125
3.0,12.0,6.3822965421789295
4.0,9.0,2.049236024432575
3.0,8.0,1.1466501453155755
8.0,20.0,3.1509547718642357
2.0,7.0,0.5137441028393257
4.0,16.0,1.397925553447546
15.0,65.0,4.575479599667951
14.0,52.0,1.4908130015411285
22.0,68.0,1.6154383788281996
3.0,17.0,0.19661404462161575
1.0,6.0,13.338599598022125
4.0,12.0,6.3822965421789295
5.0,9.0,2.049236024432575
3.0,8.0,1.1466501453155755
8.0,20.0,3.1509547718642357
2.0,7.0,0.5137441028393257
7.0,16.0,1.397925553447546
30.0,65.0,4.575479599667951
26.0,52.0,1.4908130015411285
28.0,68.0,1.6154383788281996
5.0,17.0,0.19661404462161575
2.0,6.0,13.338599598022125
4.0,12.0,6.3822965421789295
5.0,9.0,2.049236024432575
5.0,8.0,1.1466501453155755
8.0,20.0,3.1509547718642357
5.0,7.0,0.5137441028393257
8.0,16.0,1.397925553447546
42.0,65.0,4.575479599667951
24.0,52.0,1.4908130015411285
33.0,68.0,1.6154383788281996
9.0,17.0,0.19661404462161575
2.0,6.0,13.338599598022125
7.0,12.0,6.3822965421789295
6.0,9.0,2.049236024432575
5.0,8.0,1.1466501453155755
8.0,20.0,3.1509547718642357
4.0,7.0,0.5137441028393257
10.0,16.0,1.397925553447546
36.0,65.0,4.575479599667951
32.0,52.0,1.4908130015411285
41.0,68.0,1.6154383788281996
11.0,17.0,0.19661404462161575
3.0,6.0,13.338599598022125
7.0,12.0,6.3822965421789295
6.0,9.0,2.049236024432575
5.0,8.0,1.1466501453155755
17.0,20.0,3.1509547718642357
4.0,7.0,0.5137441028393257
11.0,16.0,1.397925553447546
46.0,65.0,4.575479599667951
37.0,52.0,1.4908130015411285
53.0,68.0,1.6154383788281996
12.0,17.0,0.19661404462161575
5.0,6.0,13.338599598022125
9.0,12.0,6.3822965421789295
6.0,9.0,2.049236024432575
5.0,8.0,1.1466501453155755
16.0,20.0,3.1509547718642357
7.0,7.0,0.5137441028393257
14.0,16.0,1.397925553447546
55.0,65.0,4.575479599667951
40.0,52.0,1.4908130015411285
56.0,68.0,1.6154383788281996
13.0,17.0,0.19661404462161575
5.0,6.0,13.338599598022125
11.0,12.0,6.3822965421789295
8.0,9.0,2.049236024432575
7.0,8.0,1.1466501453155755
17.0,20.0,3.1509547718642357
6.0,7.0,0.5137441028393257
13.0,16.0,1.397925553447546
57.0,65.0,4.575479599667951
44.0,52.0,1.4908130015411285
64.0,68.0,1.6154383788281996
16.0,17.0,0.19661404462161575
2.0,7.0,8.13813577971724
0.0,6.0,3.9789809045012223
3.0,11.0,4.244423976324785
1.0,19.0,3.0676926331211893
0.0,7.0,0.9091116797968022
3.0,26.0,2.1675592522799576
2.0,29.0,1.7715620387600872
1.0,35.0,2.027578869041114
10.0,61.0,2.21840911261002
10.0,74.0,1.3439758927495071
3.0,12.0,0.2476469688247963
3.0,7.0,8.13813577971724
1.0,6.0,3.9789809045012223
0.0,11.0,4.244423976324785
1.0,19.0,3.0676926331211893
1.0,7.0,0.9091116797968022
3.0,26.0,2.1675592522799576
2.0,29.0,1.7715620387600872
7.0,35.0,2.027578869041114
13.0,61.0,2.21840911261002
12.0,74.0,1.3439758927495071
3.0,12.0,0.2476469688247963
2.0,7.0,8.13813577971724
1.0,6.0,3.9789809045012223
1.0,11.0,4.244423976324785
5.0,19.0,3.0676926331211893
1.0,7.0,0.9091116797968022
8.0,26.0,2.1675592522799576
11.0,29.0,1.7715620387600872
12.0,35.0,2.027578869041114
11.0,61.0,2.21840911261002
24.0,74.0,1.3439758927495071
2.0,12.0,0.2476469688247963
3.0,7.0,8.13813577971724
1.0,6.0,3.9789809045012223
6.0,11.0,4.244423976324785
7.0,19.0,3.0676926331211893
1.0,7.0,0.9091116797968022
10.0,26.0,2.1675592522799576
10.0,29.0,1.7715620387600872
14.0,35.0,2.027578869041114
19.0,61.0,2.21840911261002
41.0,74.0,1.3439758927495071
7.0,12.0,0.2476469688247963
6.0,7.0,8.13813577971724
2.0,6.0,3.9789809045012223
4.0,11.0,4.244423976324785
12.0,19.0,3.0676926331211893
2.0,7.0,0.9091116797968022
11.0,26.0,2.1675592522799576
13.0,29.0,1.7715620387600872
13.0,35.0,2.027578869041114
30.0,61.0,2.21840911261002
39.0,74.0,1.3439758927495071
7.0,12.0,0.2476469688247963
4.0,7.0,8.13813577971724
3.0,6.0,3.9789809045012223
8.0,11.0,4.244423976324785
10.0,19.0,3.0676926331211893
3.0,7.0,0.9091116797968022
19.0,26.0,2.1675592522799576
19.0,29.0,1.7715620387600872
21.0,35.0,2.027578869041114
37.0,61.0,2.21840911261002
45.0,74.0,1.3439758927495071
8.0,12.0,0.2476469688247963
5.0,7.0,8.13813577971724
3.0,6.0,3.9789809045012223
10.0,11.0,4.244423976324785
14.0,19.0,3.0676926331211893
6.0,7.0,0.9091116797968022
20.0,26.0,2.1675592522799576
21.0,29.0,1.7715620387600872
24.0,35.0,2.027578869041114
45.0,61.0,2.21840911261002
44.0,74.0,1.3439758927495071
9.0,12.0,0.2476469688247963
5.0,7.0,8.13813577971724
4.0,6.0,3.9789809045012223
6.0,11.0,4.244423976324785
15.0,19.0,3.0676926331211893
7.0,7.0,0.9091116797968022
19.0,26.0,2.1675592522799576
23.0,29.0,1.7715620387600872
28.0,35.0,2.027578869041114
44.0,61.0,2.21840911261002
61.0,74.0,1.3439758927495071
9.0,12.0,0.2476469688247963
7.0,7.0,8.13813577971724
6.0,6.0,3.9789809045012223
8.0,11.0,4.244423976324785
18.0,19.0,3.0676926331211893
7.0,7.0,0.9091116797968022
24.0,26.0,2.1675592522799576
22.0,29.0,1.7715620387600872
32.0,35.0,2.027578869041114
51.0,61.0,2.21840911261002
61.0,74.0,1.3439758927495071
11.0,12.0,0.2476469688247963
1.0,3.0,1.4938535791711312
0.0,2.0,0.5394704521874146
0.0,11.0,4.000926133779587
1.0,7.0,1.9835397371850614
2.0,17.0,1.990039216952795
1.0,11.0,1.058434816353444
3.0,22.0,1.9994799436388595
1.0,10.0,0.5488192808711498
2.0,7.0,0.49534239373886435
3.0,20.0,1.6339507307547736
1.0,17.0,1.0595215475034132
1.0,3.0,1.4938535791711312
1.0,2.0,0.5394704521874146
4.0,11.0,4.000926133779587
2.0,7.0,1.9835397371850614
2.0,17.0,1.990039216952795
0.0,11.0,1.058434816353444
3.0,22.0,1.9994799436388595
4.0,10.0,0.5488192808711498
2.0,7.0,0.49534239373886435
1.0,20.0,1.6339507307547736
3.0,17.0,1.0595215475034132
2.0,3.0,1.4938535791711312
1.0,2.0,0.5394704521874146
3.0,11.0,4.000926133779587
1.0,7.0,1.9835397371850614
1.0,17.0,1.990039216952795
4.0,11.0,1.058434816353444
5.0,22.0,1.9994799436388595
4.0,10.0,0.5488192808711498
2.0,7.0,0.49534239373886435
7.0,20.0,1.6339507307547736
8.0,17.0,1.0595215475034132
1.0,3.0,1.4938535791711312
1.0,2.0,0.5394704521874146
5.0,11.0,4.000926133779587
2.0,7.0,1.9835397371850614
6.0,17.0,1.990039216952795
6.0,11.0,1.058434816353444
11.0,22.0,1.9994799436388595
3.0,10.0,0.5488192808711498
5.0,7.0,0.49534239373886435
8.0,20.0,1.6339507307547736
5.0,17.0,1.0595215475034132
1.0,3.0,1.4938535791711312
1.0,2.0,0.5394704521874146
6.0,11.0,4.000926133779587
3.0,7.0,1.9835397371850614
7.0,17.0,1.990039216952795
3.0,11.0,1.058434816353444
10.0,22.0,1.9994799436388595
5.0,10.0,0.5488192808711498
1.0,7.0,0.49534239373886435
12.0,20.0,1.6339507307547736
9.0,17.0,1.0595215475034132
1.0,3.0,1.4938535791711312
1.0,2.0,0.5394704521874146
2.0,11.0,4.000926133779587
4.0,7.0,1.9835397371850614
12.0,17.0,1.990039216952795
9.0,11.0,1.058434816353444
11.0,22.0,1.9994799436388595
6.0,10.0,0.5488192808711498
4.0,7.0,0.49534239373886435
9.0,20.0,1.6339507307547736
12.0,17.0,1.0595215475034132
2.0,3.0,1.4938535791711312
2.0,2.0,0.5394704521874146
6.0,11.0,4.000926133779587
6.0,7.0,1.9835397371850614
16.0,17.0,1.990039216952795
10.0,11.0,1.058434816353444
14.0,22.0,1.9994799436388595
8.0,10.0,0.5488192808711498
5.0,7.0,0.49534239373886435
15.0,20.0,1.6339507307547736
11.0,17.0,1.0595215475034132
3.0,3.0,1.4938535791711312
1.0,2.0,0.5394704521874146
8.0,11.0,4.000926133779587
7.0,7.0,1.9835397371850614
11.0,17.0,1.990039216952795
9.0,11.0,1.058434816353444
17.0,22.0,1.9994799436388595
10.0,10.0,0.5488192808711498
5.0,7.0,0.49534239373886435
15.0,20.0,1.6339507307547736
12.0,17.0,1.0595215475034132
3.0,3.0,1.4938535791711312
2.0,2.0,0.5394704521874146
10.0,11.0,4.000926133779587
6.0,7.0,1.9835397371850614
17.0,17.0,1.990039216952795
10.0,11.0,1.058434816353444
19.0,22.0,1.9994799436388595
8.0,10.0,0.5488192808711498
6.0,7.0,0.49534239373886435
17.0,20.0,1.6339507307547736
15.0,17.0,1.0595215475034132
1.0,4.0,2.775809266257469
2.0,10.0,4.902089116789302
2.0,13.0,2.866777059872831
2.0,21.0,2.014277107732349
3.0,8.0,0.53395680389828
7.0,51.0,2.855453274054716
1.0,21.0,0.7905605237433744
1.0,15.0,0.772154149679
1.0,27.0,1.2029599698793327
1.0,44.0,1.7934550263382276
2.0,19.0,0.7360419669955328
1.0,4.0,2.775809266257469
2.0,10.0,4.902089116789302
2.0,13.0,2.866777059872831
2.0,21.0,2.014277107732349
1.0,8.0,0.53395680389828
15.0,51.0,2.855453274054716
3.0,21.0,0.7905605237433744
2.0,15.0,0.772154149679
4.0,27.0,1.2029599698793327
8.0,44.0,1.7934550263382276
3.0,19.0,0.7360419669955328
1.0,4.0,2.775809266257469
3.0,10.0,4.902089116789302
5.0,13.0,2.866777059872831
6.0,21.0,2.014277107732349
0.0,8.0,0.53395680389828
15.0,51.0,2.855453274054716
5.0,21.0,0.7905605237433744
3.0,15.0,0.772154149679
5.0,27.0,1.2029599698793327
13.0,44.0,1.7934550263382276
8.0,19.0,0.7360419669955328
2.0,4.0,2.775809266257469
3.0,10.0,4.902089116789302
2.0,13.0,2.866777059872831
5.0,21.0,2.014277107732349
7.0,8.0,0.53395680389828
18.0,51.0,2.855453274054716
9.0,21.0,0.7905605237433744
11.0,15.0,0.772154149679
14.0,27.0,1.2029599698793327
17.0,44.0,1.7934550263382276
8.0,19.0,0.7360419669955328
3.0,4.0,2.775809266257469
8.0,10.0,4.902089116789302
8.0,13.0,2.866777059872831
10.0,21.0,2.014277107732349
4.0,8.0,0.53395680389828
25.0,51.0,2.855453274054716
11.0,21.0,0.7905605237433744
8.0,15.0,0.772154149679
14.0,27.0,1.2029599698793327
23.0,44.0,1.7934550263382276
12.0,19.0,0.7360419669955328
1.0,4.0,2.775809266257469
5.0,10.0,4.902089116789302
7.0,13.0,2.866777059872831
14.0,21.0,2.014277107732349
6.0,8.0,0.53395680389828
30.0,51.0,2.855453274054716
9.0,21.0,0.7905605237433744
14.0,15.0,0.772154149679
16.0,27.0,1.2029599698793327
24.0,44.0,1.7934550263382276
13.0,19.0,0.7360419669955328
4.0,4.0,2.775809266257469
7.0,10.0,4.902089116789302
8.0,13.0,2.866777059872831
13.0,21.0,2.014277107732349
5.0,8.0,0.53395680389828
32.0,51.0,2.855453274054716
11.0,21.0,0.7905605237433744
11.0,15.0,0.772154149679
21.0,27.0,1.2029599698793327
32.0,44.0,1.7934550263382276
15.0,19.0,0.7360419669955328
3.0,4.0,2.775809266257469
6.0,10.0,4.902089116789302
8.0,13.0,2.866777059872831
17.0,21.0,2.014277107732349
6.0,8.0,0.53395680389828
37.0,51.0,2.855453274054716
19.0,21.0,0.7905605237433744
13.0,15.0,0.772154149679
22.0,27.0,1.2029599698793327
35.0,44.0,1.7934550263382276
13.0,19.0,0.7360419669955328
3.0,4.0,2.775809266257469
9.0,10.0,4.902089116789302
13.0,13.0,2.866777059872831
17.0,21.0,2.014277107732349
7.0,8.0,0.53395680389828
47.0,51.0,2.855453274054716
19.0,21.0,0.7905605237433744
14.0,15.0,0.772154149679
20.0,27.0,1.2029599698793327
39.0,44.0,1.7934550263382276
16.0,19.0,0.7360419669955328
1.0,3.0,7.360201044978
0.0,3.0,1.7853300128897895
1.0,5.0,2.9282390565650815
1.0,23.0,6.237397157546338
4.0,23.0,2.023572373190605
0.0,11.0,1.129775160514137
3.0,16.0,1.0510271832714724
2.0,33.0,2.3831014236963166
1.0,17.0,0.9092264407218997
7.0,49.0,1.8239582484357526
3.0,17.0,0.47605589420594385
1.0,3.0,7.360201044978
0.0,3.0,1.7853300128897895
2.0,5.0,2.9282390565650815
4.0,23.0,6.237397157546338
2.0,23.0,2.023572373190605
2.0,11.0,1.129775160514137
7.0,16.0,1.0510271832714724
2.0,33.0,2.3831014236963166
4.0,17.0,0.9092264407218997
11.0,49.0,1.8239582484357526
4.0,17.0,0.47605589420594385
1.0,3.0,7.360201044978
1.0,3.0,1.7853300128897895
2.0,5.0,2.9282390565650815
7.0,23.0,6.237397157546338
4.0,23.0,2.023572373190605
4.0,11.0,1.129775160514137
6.0,16.0,1.0510271832714724
6.0,33.0,2.3831014236963166
9.0,17.0,0.9092264407218997
7.0,49.0,1.8239582484357526
4.0,17.0,0.47605589420594385
1.0,3.0,7.360201044978
0.0,3.0,1.7853300128897895
3.0,5.0,2.9282390565650815
10.0,23.0,6.237397157546338
6.0,23.0,2.023572373190605
6.0,11.0,1.129775160514137
8.0,16.0,1.0510271832714724
9.0,33.0,2.3831014236963166
5.0,17.0,0.9092264407218997
19.0,49.0,1.8239582484357526
5.0,17.0,0.47605589420594385
1.0,3.0,7.360201044978
2.0,3.0,1.7853300128897895
3.0,5.0,2.9282390565650815
10.0,23.0,6.237397157546338
14.0,23.0,2.023572373190605
7.0,11.0,1.129775160514137
11.0,16.0,1.0510271832714724
13.0,33.0,2.3831014236963166
6.0,17.0,0.9092264407218997
24.0,49.0,1.8239582484357526
6.0,17.0,0.47605589420594385
2.0,3.0,7.360201044978
3.0,3.0,1.7853300128897895
3.0,5.0,2.9282390565650815
14.0,23.0,6.237397157546338
17.0,23.0,2.023572373190605
6.0,11.0,1.129775160514137
11.0,16.0,1.0510271832714724
15.0,33.0,2.3831014236963166
14.0,17.0,0.9092264407218997
28.0,49.0,1.8239582484357526
9.0,17.0,0.47605589420594385
2.0,3.0,7.360201044978
2.0,3.0,1.7853300128897895
3.0,5.0,2.9282390565650815
16.0,23.0,6.237397157546338
17.0,23.0,2.023572373190605
6.0,11.0,1.129775160514137
12.0,16.0,1.0510271832714724
23.0,33.0,2.3831014236963166
9.0,17.0,0.9092264407218997
36.0,49.0,1.8239582484357526
14.0,17.0,0.47605589420594385
3.0,3.0,7.360201044978
2.0,3.0,1.7853300128897895
4.0,5.0,2.9282390565650815
17.0,23.0,6.237397157546338
18.0,23.0,2.023572373190605
8.0,11.0,1.129775160514137
13.0,16.0,1.0510271832714724
23.0,33.0,2.3831014236963166
13.0,17.0,0.9092264407218997
40.0,49.0,1.8239582484357526
14.0,17.0,0.47605589420594385
3.0,3.0,7.360201044978
3.0,3.0,1.7853300128897895
4.0,5.0,2.9282390565650815
20.0,23.0,6.237397157546338
22.0,23.0,2.023572373190605
10.0,11.0,1.129775160514137
16.0,16.0,1.0510271832714724
31.0,33.0,2.3831014236963166
15.0,17.0,0.9092264407218997
46.0,49.0,1.8239582484357526
16.0,17.0,0.47605589420594385
2.0,4.0,2.2078372151386594
0.0,3.0,2.68882491711724
0.0,3.0,1.4194090930204037
1.0,10.0,4.478384793883944
3.0,40.0,5.814734676605908
1.0,12.0,0.8961252469203115
5.0,61.0,3.1043946709706085
4.0,48.0,1.5369920582142673
6.0,93.0,2.329659402178506
5.0,90.0,1.5939082432533134
2.0,32.0,0.5999003071802654
1.0,4.0,2.2078372151386594
1.0,3.0,2.68882491711724
2.0,3.0,1.4194090930204037
0.0,10.0,4.478384793883944
10.0,40.0,5.814734676605908
5.0,12.0,0.8961252469203115
10.0,61.0,3.1043946709706085
11.0,48.0,1.5369920582142673
20.0,93.0,2.329659402178506
21.0,90.0,1.5939082432533134
3.0,32.0,0.5999003071802654
1.0,4.0,2.2078372151386594
0.0,3.0,2.68882491711724
1.0,3.0,1.4194090930204037
2.0,10.0,4.478384793883944
7.0,40.0,5.814734676605908
2.0,12.0,0.8961252469203115
22.0,61.0,3.1043946709706085
11.0,48.0,1.5369920582142673
25.0,93.0,2.329659402178506
28.0,90.0,1.5939082432533134
9.0,32.0,0.5999003071802654
1.0,4.0,2.2078372151386594
2.0,3.0,2.68882491711724
1.0,3.0,1.4194090930204037
5.0,10.0,4.478384793883944
18.0,40.0,5.814734676605908
5.0,12.0,0.8961252469203115
16.0,61.0,3.1043946709706085
24.0,48.0,1.5369920582142673
37.0,93.0,2.329659402178506
39.0,90.0,1.5939082432533134
9.0,32.0,0.5999003071802654
1.0,4.0,2.2078372151386594
1.0,3.0,2.68882491711724
2.0,3.0,1.4194090930204037
6.0,10.0,4.478384793883944
20.0,40.0,5.814734676605908
7.0,12.0,0.8961252469203115
26.0,61.0,3.1043946709706085
17.0,48.0,1.5369920582142673
39.0,93.0,2.329659402178506
43.0,90.0,1.5939082432533134
15.0,32.0,0.5999003071802654
2.0,4.0,2.2078372151386594
2.0,3.0,2.68882491711724
2.0,3.0,1.4194090930204037
5.0,10.0,4.478384793883944
25.0,40.0,5.814734676605908
6.0,12.0,0.8961252469203115
35.0,61.0,3.1043946709706085
30.0,48.0,1.5369920582142673
57.0,93.0,2.329659402178506
54.0,90.0,1.5939082432533134
16.0,32.0,0.5999003071802654
3.0,4.0,2.2078372151386594
2.0,3.0,2.68882491711724
2.0,3.0,1.4194090930204037
5.0,10.0,4.478384793883944
32.0,40.0,5.814734676605908
6.0,12.0,0.8961252469203115
43.0,61.0,3.1043946709706085
37.0,48.0,1.5369920582142673
68.0,93.0,2.329659402178506
66.0,90.0,1.5939082432533134
25.0,32.0,0.5999003071802654
4.0,4.0,2.2078372151386594
3.0,3.0,2.68882491711724
3.0,3.0,1.4194090930204037
9.0,10.0,4.478384793883944
31.0,40.0,5.814734676605908
9.0,12.0,0.8961252469203115
49.0,61.0,3.1043946709706085
37.0,48.0,1.5369920582142673
78.0,93.0,2.329659402178506
76.0,90.0,1.5939082432533134
28.0,32.0,0.5999003071802654
4.0,4.0,2.2078372151386594
3.0,3.0,2.68882491711724
2.0,3.0,1.4194090930204037
10.0,10.0,4.478384793883944
34.0,40.0,5.814734676605908
10.0,12.0,0.8961252469203115
54.0,61.0,3.1043946709706085
40.0,48.0,1.5369920582142673
86.0,93.0,2.329659402178506
82.0,90.0,1.5939082432533134
24.0,32.0,0.5999003071802654
1.0,2.0,6.581226688639683
0.0,3.0,4.930890992274651
2.0,7.0,2.8959850536807514
2.0,18.0,3.8899119712633357
1.0,25.0,2.2717073470274705
1.0,8.0,0.9002459160463677
1.0,13.0,1.2999987952446734
13.0,90.0,4.779227723043704
0.0,12.0,0.3260600976549067
1.0,11.0,0.26431976590403444
3.0,30.0,0.9664557945261864
1.0,2.0,6.581226688639683
1.0,3.0,4.930890992274651
1.0,7.0,2.8959850536807514
3.0,18.0,3.8899119712633357
4.0,25.0,2.2717073470274705
2.0,8.0,0.9002459160463677
2.0,13.0,1.2999987952446734
18.0,90.0,4.779227723043704
4.0,12.0,0.3260600976549067
1.0,11.0,0.26431976590403444
4.0,30.0,0.9664557945261864
1.0,2.0,6.581226688639683
0.0,3.0,4.930890992274651
1.0,7.0,2.8959850536807514
3.0,18.0,3.8899119712633357
7.0,25.0,2.2717073470274705
2.0,8.0,0.9002459160463677
7.0,13.0,1.2999987952446734
24.0,90.0,4.779227723043704
3.0,12.0,0.3260600976549067
3.0,11.0,0.26431976590403444
8.0,30.0,0.9664557945261864
1.0,2.0,6.581226688639683
2.0,3.0,4.930890992274651
4.0,7.0,2.8959850536807514
5.0,18.0,3.8899119712633357
12.0,25.0,2.2717073470274705
4.0,8.0,0.9002459160463677
7.0,13.0,1.2999987952446734
30.0,90.0,4.779227723043704
6.0,12.0,0.3260600976549067
5.0,11.0,0.26431976590403444
7.0,30.0,0.9664557945261864
1.0,2.0,6.581226688639683
2.0,3.0,4.930890992274651
4.0,7.0,2.8959850536807514
7.0,18.0,3.8899119712633357
17.0,25.0,2.2717073470274705
6.0,8.0,0.9002459160463677
5.0,13.0,1.2999987952446734
49.0,90.0,4.779227723043704
6.0,12.0,0.3260600976549067
1.0,11.0,0.26431976590403444
22.0,30.0,0.9664557945261864
1.0,2.0,6.581226688639683
2.0,3.0,4.930890992274651
6.0,7.0,2.8959850536807514
10.0,18.0,3.8899119712633357
13.0,25.0,2.2717073470274705
6.0,8.0,0.9002459160463677
6.0,13.0,1.2999987952446734
60.0,90.0,4.779227723043704
4.0,12.0,0.3260600976549067
8.0,11.0,0.26431976590403444
18.0,30.0,0.9664557945261864
2.0,2.0,6.581226688639683
2.0,3.0,4.930890992274651
6.0,7.0,2.8959850536807514
12.0,18.0,3.8899119712633357
16.0,25.0,2.2717073470274705
7.0,8.0,0.9002459160463677
8.0,13.0,1.2999987952446734
70.0,90.0,4.779227723043704
6.0,12.0,0.3260600976549067
10.0,11.0,0.26431976590403444
21.0,30.0,0.9664557945261864
2.0,2.0,6.581226688639683
3.0,3.0,4.930890992274651
6.0,7.0,2.8959850536807514
16.0,18.0,3.8899119712633357
23.0,25.0,2.2717073470274705
7.0,8.0,0.9002459160463677
8.0,13.0,1.2999987952446734
73.0,90.0,4.779227723043704
11.0,12.0,0.3260600976549067
6.0,11.0,0.26431976590403444
19.0,30.0,0.9664557945261864
2.0,2.0,6.581226688639683
3.0,3.0,4.930890992274651
5.0,7.0,2.8959850536807514
17.0,18.0,3.8899119712633357
24.0,25.0,2.2717073470274705
8.0,8.0,0.9002459160463677
12.0,13.0,1.2999987952446734
83.0,90.0,4.779227723043704
9.0,12.0,0.3260600976549067
10.0,11.0,0.26431976590403444
24.0,30.0,0.9664557945261864
1.0,2.0,1.0942016971701563
1.0,15.0,9.76307856417752
1.0,19.0,3.4709319006968857
1.0,4.0,0.7905553073922883
1.0,13.0,0.8701525564934004
1.0,9.0,1.235485335705042
6.0,46.0,3.069817204047153
1.0,20.0,0.9586140365561654
8.0,104.0,3.626955247489892
7.0,104.0,2.2239127467825957
0.0,2.0,0.018012540715871373
1.0,2.0,1.0942016971701563
1.0,15.0,9.76307856417752
5.0,19.0,3.4709319006968857
2.0,4.0,0.7905553073922883
0.0,13.0,0.8701525564934004
1.0,9.0,1.235485335705042
11.0,46.0,3.069817204047153
5.0,20.0,0.9586140365561654
18.0,104.0,3.626955247489892
23.0,104.0,2.2239127467825957
0.0,2.0,0.018012540715871373
1.0,2.0,1.0942016971701563
6.0,15.0,9.76307856417752
8.0,19.0,3.4709319006968857
1.0,4.0,0.7905553073922883
4.0,13.0,0.8701525564934004
4.0,9.0,1.235485335705042
13.0,46.0,3.069817204047153
8.0,20.0,0.9586140365561654
29.0,104.0,3.626955247489892
42.0,104.0,2.2239127467825957
1.0,2.0,0.018012540715871373
2.0,2.0,1.0942016971701563
7.0,15.0,9.76307856417752
7.0,19.0,3.4709319006968857
2.0,4.0,0.7905553073922883
5.0,13.0,0.8701525564934004
5.0,9.0,1.235485335705042
18.0,46.0,3.069817204047153
6.0,20.0,0.9586140365561654
40.0,104.0,3.626955247489892
34.0,104.0,2.2239127467825957
1.0,2.0,0.018012540715871373
2.0,2.0,1.0942016971701563
9.0,15.0,9.76307856417752
11.0,19.0,3.4709319006968857
2.0,4.0,0.7905553073922883
3.0,13.0,0.8701525564934004
4.0,9.0,1.235485335705042
25.0,46.0,3.069817204047153
12.0,20.0,0.9586140365561654
50.0,104.0,3.626955247489892
56.0,104.0,2.2239127467825957
1.0,2.0,0.018012540715871373
2.0,2.0,1.0942016971701563
12.0,15.0,9.76307856417752
11.0,19.0,3.4709319006968857
4.0,4.0,0.7905553073922883
7.0,13.0,0.8701525564934004
5.0,9.0,1.235485335705042
22.0,46.0,3.069817204047153
13.0,20.0,0.9586140365561654
59.0,104.0,3.626955247489892
61.0,104.0,2.2239127467825957
2.0,2.0,0.018012540715871373
1.0,2.0,1.0942016971701563
10.0,15.0,9.76307856417752
15.0,19.0,3.4709319006968857
3.0,4.0,0.7905553073922883
10.0,13.0,0.8701525564934004
7.0,9.0,1.235485335705042
33.0,46.0,3.069817204047153
16.0,20.0,0.9586140365561654
66.0,104.0,3.626955247489892
69.0,104.0,2.2239127467825957
2.0,2.0,0.018012540715871373
2.0,2.0,1.0942016971701563
8.0,15.0,9.76307856417752
13.0,19.0,3.4709319006968857
3.0,4.0,0.7905553073922883
10.0,13.0,0.8701525564934004
7.0,9.0,1.235485335705042
33.0,46.0,3.069817204047153
18.0,20.0,0.9586140365561654
94.0,104.0,3.626955247489892
86.0,104.0,2.2239127467825957
1.0,2.0,0.018012540715871373
2.0,2.0,1.0942016971701563
14.0,15.0,9.76307856417752
14.0,19.0,3.4709319006968857
3.0,4.0,0.7905553073922883
12.0,13.0,0.8701525564934004
8.0,9.0,1.235485335705042
45.0,46.0,3.069817204047153
18.0,20.0,0.9586140365561654
93.0,104.0,3.626955247489892
95.0,104.0,2.2239127467825957
2.0,2.0,0.018012540715871373
1.0,5.0,4.959951241681324
4.0,11.0,7.555248612857326
1.0,4.0,0.7859178190463028
8.0,44.0,4.959861998215045
1.0,5.0,0.25259317093067246
2.0,12.0,0.784907911384327
6.0,59.0,3.5756508529800195
1.0,3.0,0.08139162427507701
2.0,31.0,1.5117500638251848
2.0,42.0,1.1762283191390481
3.0,26.0,1.0579630265470836
1.0,5.0,4.959951241681324
3.0,11.0,7.555248612857326
1.0,4.0,0.7859178190463028
7.0,44.0,4.959861998215045
2.0,5.0,0.25259317093067246
4.0,12.0,0.784907911384327
11.0,59.0,3.5756508529800195
1.0,3.0,0.08139162427507701
6.0,31.0,1.5117500638251848
9.0,42.0,1.1762283191390481
5.0,26.0,1.0579630265470836
1.0,5.0,4.959951241681324
4.0,11.0,7.555248612857326
2.0,4.0,0.7859178190463028
13.0,44.0,4.959861998215045
1.0,5.0,0.25259317093067246
3.0,12.0,0.784907911384327
24.0,59.0,3.5756508529800195
0.0,3.0,0.08139162427507701
15.0,31.0,1.5117500638251848
13.0,42.0,1.1762283191390481
3.0,26.0,1.0579630265470836
4.0,5.0,4.959951241681324
3.0,11.0,7.555248612857326
2.0,4.0,0.7859178190463028
18.0,44.0,4.959861998215045
2.0,5.0,0.25259317093067246
5.0,12.0,0.784907911384327
19.0,59.0,3.5756508529800195
2.0,3.0,0.08139162427507701
12.0,31.0,1.5117500638251848
17.0,42.0,1.1762283191390481
10.0,26.0,1.0579630265470836
2.0,5.0,4.959951241681324
6.0,11.0,7.555248612857326
1.0,4.0,0.7859178190463028
24.0,44.0,4.959861998215045
3.0,5.0,0.25259317093067246
6.0,12.0,0.784907911384327
29.0,59.0,3.5756508529800195
1.0,3.0,0.08139162427507701
13.0,31.0,1.5117500638251848
24.0,42.0,1.1762283191390481
10.0,26.0,1.0579630265470836
1.0,5.0,4.959951241681324
7.0,11.0,7.555248612857326
2.0,4.0,0.7859178190463028
22.0,44.0,4.959861998215045
3.0,5.0,0.25259317093067246
7.0,12.0,0.784907911384327
30.0,59.0,3.5756508529800195
3.0,3.0,0.08139162427507701
22.0,31.0,1.5117500638251848
27.0,42.0,1.1762283191390481
14.0,26.0,1.0579630265470836
3.0,5.0,4.959951241681324
7.0,11.0,7.555248612857326
3.0,4.0,0.7859178190463028
29.0,44.0,4.959861998215045
3.0,5.0,0.25259317093067246
8.0,12.0,0.784907911384327
38.0,59.0,3.5756508529800195
2.0,3.0,0.08139162427507701
21.0,31.0,1.5117500638251848
29.0,42.0,1.1762283191390481
17.0,26.0,1.0579630265470836
2.0,5.0,4.959951241681324
5.0,11.0,7.555248612857326
4.0,4.0,0.7859178190463028
35.0,44.0,4.959861998215045
5.0,5.0,0.25259317093067246
9.0,12.0,0.784907911384327
47.0,59.0,3.5756508529800195
2.0,3.0,0.08139162427507701
25.0,31.0,1.5117500638251848
31.0,42.0,1.1762283191390481
20.0,26.0,1.0579630265470836
5.0,5.0,4.959951241681324
9.0,11.0,7.555248612857326
4.0,4.0,0.7859178190463028
40.0,44.0,4.959861998215045
4.0,5.0,0.25259317093067246
10.0,12.0,0.784907911384327
56.0,59.0,3.5756508529800195
3.0,3.0,0.08139162427507701
28.0,31.0,1.5117500638251848
41.0,42.0,1.1762283191390481
19.0,26.0,1.0579630265470836
1.0,5.0,6.7091115089538285
0.0,1.0,0.7724596713442344
2.0,15.0,6.20868605986809
2.0,16.0,2.323654401165037
0.0,9.0,0.5890506975699652
1.0,4.0,0.14138519335189376
5.0,62.0,4.934749846407122
1.0,27.0,1.2104923223885775
11.0,86.0,2.4251229600918682
6.0,91.0,1.9498119355327221
4.0,47.0,0.6635248304638532
1.0,5.0,6.7091115089538285
1.0,1.0,0.7724596713442344
5.0,15.0,6.20868605986809
4.0,16.0,2.323654401165037
1.0,9.0,0.5890506975699652
2.0,4.0,0.14138519335189376
18.0,62.0,4.934749846407122
4.0,27.0,1.2104923223885775
14.0,86.0,2.4251229600918682
22.0,91.0,1.9498119355327221
13.0,47.0,0.6635248304638532
4.0,5.0,6.7091115089538285
1.0,1.0,0.7724596713442344
4.0,15.0,6.20868605986809
5.0,16.0,2.323654401165037
3.0,9.0,0.5890506975699652
2.0,4.0,0.14138519335189376
14.0,62.0,4.934749846407122
9.0,27.0,1.2104923223885775
25.0,86.0,2.4251229600918682
22.0,91.0,1.9498119355327221
16.0,47.0,0.6635248304638532
1.0,5.0,6.7091115089538285
1.0,1.0,0.7724596713442344
6.0,15.0,6.20868605986809
9.0,16.0,2.323654401165037
4.0,9.0,0.5890506975699652
1.0,4.0,0.14138519335189376
27.0,62.0,4.934749846407122
12.0,27.0,1.2104923223885775
45.0,86.0,2.4251229600918682
33.0,91.0,1.9498119355327221
19.0,47.0,0.6635248304638532
3.0,5.0,6.7091115089538285
0.0,1.0,0.7724596713442344
6.0,15.0,6.20868605986809
10.0,16.0,2.323654401165037
5.0,9.0,0.5890506975699652
2.0,4.0,0.14138519335189376
30.0,62.0,4.934749846407122
11.0,27.0,1.2104923223885775
47.0,86.0,2.4251229600918682
45.0,91.0,1.9498119355327221
22.0,47.0,0.6635248304638532
3.0,5.0,6.7091115089538285
0.0,1.0,0.7724596713442344
6.0,15.0,6.20868605986809
10.0,16.0,2.323654401165037
8.0,9.0,0.5890506975699652
3.0,4.0,0.14138519335189376
44.0,62.0,4.934749846407122
17.0,27.0,1.2104923223885775
56.0,86.0,2.4251229600918682
53.0,91.0,1.9498119355327221
25.0,47.0,0.6635248304638532
3.0,5.0,6.7091115089538285
1.0,1.0,0.7724596713442344
13.0,15.0,6.20868605986809
11.0,16.0,2.323654401165037
8.0,9.0,0.5890506975699652
3.0,4.0,0.14138519335189376
39.0,62.0,4.934749846407122
18.0,27.0,1.2104923223885775
61.0,86.0,2.4251229600918682
69.0,91.0,1.9498119355327221
33.0,47.0,0.6635248304638532
3.0,5.0,6.7091115089538285
1.0,1.0,0.7724596713442344
10.0,15.0,6.20868605986809
15.0,16.0,2.323654401165037
8.0,9.0,0.5890506975699652
4.0,4.0,0.14138519335189376
52.0,62.0,4.934749846407122
26.0,27.0,1.2104923223885775
62.0,86.0,2.4251229600918682
74.0,91.0,1.9498119355327221
37.0,47.0,0.6635248304638532
4.0,5.0,6.7091115089538285
1.0,1.0,0.7724596713442344
14.0,15.0,6.20868605986809
14.0,16.0,2.323654401165037
8.0,9.0,0.5890506975699652
4.0,4.0,0.14138519335189376
57.0,62.0,4.934749846407122
22.0,27.0,1.2104923223885775
83.0,86.0,2.4251229600918682
87.0,91.0,1.9498119355327221
42.0,47.0,0.6635248304638532
2.0,5.0,4.655687152734413
0.0,3.0,0.7875127944273694
1.0,12.0,1.7223464943456908
1.0,8.0,1.0154806731784856
0.0,5.0,0.7675229052870941
6.0,23.0,2.2647260673039886
2.0,16.0,1.0377554037548349
4.0,47.0,3.6792193343664152
2.0,19.0,0.7838839384260285
1.0,18.0,0.5173239826491596
1.0,8.0,0.3056524058644886
1.0,5.0,4.655687152734413
1.0,3.0,0.7875127944273694
2.0,12.0,1.7223464943456908
2.0,8.0,1.0154806731784856
1.0,5.0,0.7675229052870941
4.0,23.0,2.2647260673039886
7.0,16.0,1.0377554037548349
6.0,47.0,3.6792193343664152
2.0,19.0,0.7838839384260285
3.0,18.0,0.5173239826491596
1.0,8.0,0.3056524058644886
2.0,5.0,4.655687152734413
1.0,3.0,0.7875127944273694
2.0,12.0,1.7223464943456908
1.0,8.0,1.0154806731784856
1.0,5.0,0.7675229052870941
7.0,23.0,2.2647260673039886
3.0,16.0,1.0377554037548349
16.0,47.0,3.6792193343664152
4.0,19.0,0.7838839384260285
6.0,18.0,0.5173239826491596
3.0,8.0,0.3056524058644886
2.0,5.0,4.655687152734413
1.0,3.0,0.7875127944273694
5.0,12.0,1.7223464943456908
2.0,8.0,1.0154806731784856
2.0,5.0,0.7675229052870941
11.0,23.0,2.2647260673039886
8.0,16.0,1.0377554037548349
18.0,47.0,3.6792193343664152
5.0,19.0,0.7838839384260285
4.0,18.0,0.5173239826491596
2.0,8.0,0.3056524058644886
3.0,5.0,4.655687152734413
1.0,3.0,0.7875127944273694
6.0,12.0,1.7223464943456908
3.0,8.0,1.0154806731784856
3.0,5.0,0.7675229052870941
12.0,23.0,2.2647260673039886
6.0,16.0,1.0377554037548349
27.0,47.0,3.6792193343664152
5.0,19.0,0.7838839384260285
12.0,18.0,0.5173239826491596
4.0,8.0,0.3056524058644886
4.0,5.0,4.655687152734413
2.0,3.0,0.7875127944273694
8.0,12.0,1.7223464943456908
5.0,8.0,1.0154806731784856
2.0,5.0,0.7675229052870941
15.0,23.0,2.2647260673039886
10.0,16.0,1.0377554037548349
32.0,47.0,3.6792193343664152
13.0,19.0,0.7838839384260285
14.0,18.0,0.5173239826491596
5.0,8.0,0.3056524058644886
5.0,5.0,4.655687152734413
2.0,3.0,0.7875127944273694
8.0,12.0,1.7223464943456908
4.0,8.0,1.0154806731784856
5.0,5.0,0.7675229052870941
14.0,23.0,2.2647260673039886
10.0,16.0,1.0377554037548349
35.0,47.0,3.6792193343664152
13.0,19.0,0.7838839384260285
10.0,18.0,0.5173239826491596
5.0,8.0,0.3056524058644886
5.0,5.0,4.655687152734413
3.0,3.0,0.7875127944273694
10.0,12.0,1.7223464943456908
8.0,8.0,1.0154806731784856
5.0,5.0,0.7675229052870941
19.0,23.0,2.2647260673039886
13.0,16.0,1.0377554037548349
34.0,47.0,3.6792193343664152
13.0,19.0,0.7838839384260285
13.0,18.0,0.5173239826491596
7.0,8.0,0.3056524058644886
4.0,5.0,4.655687152734413
3.0,3.0,0.7875127944273694
11.0,12.0,1.7223464943456908
8.0,8.0,1.0154806731784856
5.0,5.0,0.7675229052870941
23.0,23.0,2.2647260673039886
16.0,16.0,1.0377554037548349
43.0,47.0,3.6792193343664152
17.0,19.0,0.7838839384260285
17.0,18.0,0.5173239826491596
8.0,8.0,0.3056524058644886
1.0,5.0,4.975372313106418
2.0,16.0,7.252525020566161
2.0,30.0,5.283858042392513
1.0,6.0,0.32893689040106294
0.0,6.0,0.4439602920148772
2.0,8.0,0.6067591739721266
1.0,2.0,0.3507628120571211
1.0,3.0,0.7321862756346043
5.0,54.0,7.2799215486334745
1.0,40.0,2.866089450062776
2.0,10.0,0.3555328312591041
1.0,5.0,4.975372313106418
1.0,16.0,7.252525020566161
6.0,30.0,5.283858042392513
2.0,6.0,0.32893689040106294
0.0,6.0,0.4439602920148772
0.0,8.0,0.6067591739721266
1.0,2.0,0.3507628120571211
1.0,3.0,0.7321862756346043
9.0,54.0,7.2799215486334745
10.0,40.0,2.866089450062776
1.0,10.0,0.3555328312591041
3.0,5.0,4.975372313106418
1.0,16.0,7.252525020566161
7.0,30.0,5.283858042392513
2.0,6.0,0.32893689040106294
1.0,6.0,0.4439602920148772
2.0,8.0,0.6067591739721266
1.0,2.0,0.3507628120571211
1.0,3.0,0.7321862756346043
15.0,54.0,7.2799215486334745
13.0,40.0,2.866089450062776
3.0,10.0,0.3555328312591041
3.0,5.0,4.975372313106418
4.0,16.0,7.252525020566161
12.0,30.0,5.283858042392513
1.0,6.0,0.32893689040106294
3.0,6.0,0.4439602920148772
4.0,8.0,0.6067591739721266
0.0,2.0,0.3507628120571211
1.0,3.0,0.7321862756346043
22.0,54.0,7.2799215486334745
22.0,40.0,2.866089450062776
4.0,10.0,0.3555328312591041
3.0,5.0,4.975372313106418
7.0,16.0,7.252525020566161
14.0,30.0,5.283858042392513
4.0,6.0,0.32893689040106294
4.0,6.0,0.4439602920148772
3.0,8.0,0.6067591739721266
1.0,2.0,0.3507628120571211
3.0,3.0,0.7321862756346043
32.0,54.0,7.2799215486334745
21.0,40.0,2.866089450062776
3.0,10.0,0.3555328312591041
3.0,5.0,4.975372313106418
9.0,16.0,7.252525020566161
23.0,30.0,5.283858042392513
4.0,6.0,0.32893689040106294
3.0,6.0,0.4439602920148772
6.0,8.0,0.6067591739721266
1.0,2.0,0.3507628120571211
1.0,3.0,0.7321862756346043
37.0,54.0,7.2799215486334745
19.0,40.0,2.866089450062776
7.0,10.0,0.3555328312591041
3.0,5.0,4.975372313106418
11.0,16.0,7.252525020566161
20.0,30.0,5.283858042392513
3.0,6.0,0.32893689040106294
3.0,6.0,0.4439602920148772
4.0,8.0,0.6067591739721266
2.0,2.0,0.3507628120571211
2.0,3.0,0.7321862756346043
33.0,54.0,7.2799215486334745
28.0,40.0,2.866089450062776
8.0,10.0,0.3555328312591041
4.0,5.0,4.975372313106418
12.0,16.0,7.252525020566161
25.0,30.0,5.283858042392513
4.0,6.0,0.32893689040106294
4.0,6.0,0.4439602920148772
5.0,8.0,0.6067591739721266
2.0,2.0,0.3507628120571211
3.0,3.0,0.7321862756346043
43.0,54.0,7.2799215486334745
38.0,40.0,2.866089450062776
9.0,10.0,0.3555328312591041
4.0,5.0,4.975372313106418
15.0,16.0,7.252525020566161
27.0,30.0,5.283858042392513
6.0,6.0,0.32893689040106294
5.0,6.0,0.4439602920148772
6.0,8.0,0.6067591739721266
2.0,2.0,0.3507628120571211
3.0,3.0,0.7321862756346043
49.0,54.0,7.2799215486334745
39.0,40.0,2.866089450062776
9.0,10.0,0.3555328312591041
1.0,4.0,4.8494070894351795
0.0,3.0,2.4765864584591544
1.0,6.0,2.578293100592813
1.0,9.0,1.3046483082293596
4.0,41.0,4.182533419960855
3.0,35.0,2.292844693528789
1.0,6.0,0.448532127479721
1.0,38.0,1.3887067188157656
1.0,10.0,0.4937380054364873
3.0,34.0,1.8026850579619207
4.0,31.0,1.2619459321442634
1.0,4.0,4.8494070894351795
0.0,3.0,2.4765864584591544
1.0,6.0,2.578293100592813
1.0,9.0,1.3046483082293596
8.0,41.0,4.182533419960855
4.0,35.0,2.292844693528789
1.0,6.0,0.448532127479721
8.0,38.0,1.3887067188157656
2.0,10.0,0.4937380054364873
12.0,34.0,1.8026850579619207
2.0,31.0,1.2619459321442634
2.0,4.0,4.8494070894351795
2.0,3.0,2.4765864584591544
1.0,6.0,2.578293100592813
2.0,9.0,1.3046483082293596
18.0,41.0,4.182533419960855
8.0,35.0,2.292844693528789
1.0,6.0,0.448532127479721
12.0,38.0,1.3887067188157656
3.0,10.0,0.4937380054364873
12.0,34.0,1.8026850579619207
12.0,31.0,1.2619459321442634
1.0,4.0,4.8494070894351795
2.0,3.0,2.4765864584591544
1.0,6.0,2.578293100592813
2.0,9.0,1.3046483082293596
19.0,41.0,4.182533419960855
13.0,35.0,2.292844693528789
1.0,6.0,0.448532127479721
18.0,38.0,1.3887067188157656
3.0,10.0,0.4937380054364873
12.0,34.0,1.8026850579619207
13.0,31.0,1.2619459321442634
2.0,4.0,4.8494070894351795
2.0,3.0,2.4765864584591544
5.0,6.0,2.578293100592813
4.0,9.0,1.3046483082293596
20.0,41.0,4.182533419960855
16.0,35.0,2.292844693528789
3.0,6.0,0.448532127479721
21.0,38.0,1.3887067188157656
8.0,10.0,0.4937380054364873
16.0,34.0,1.8026850579619207
18.0,31.0,1.2619459321442634
2.0,4.0,4.8494070894351795
2.0,3.0,2.4765864584591544
3.0,6.0,2.578293100592813
4.0,9.0,1.3046483082293596
33.0,41.0,4.182533419960855
23.0,35.0,2.292844693528789
4.0,6.0,0.448532127479721
24.0,38.0,1.3887067188157656
7.0,10.0,0.4937380054364873
12.0,34.0,1.8026850579619207
20.0,31.0,1.2619459321442634
3.0,4.0,4.8494070894351795
1.0,3.0,2.4765864584591544
5.0,6.0,2.578293100592813
4.0,9.0,1.3046483082293596
34.0,41.0,4.182533419960855
24.0,35.0,2.292844693528789
4.0,6.0,0.448532127479721
22.0,38.0,1.3887067188157656
4.0,10.0,0.4937380054364873
23.0,34.0,1.8026850579619207
23.0,31.0,1.2619459321442634
3.0,4.0,4.8494070894351795
3.0,3.0,2.4765864584591544
5.0,6.0,2.578293100592813
8.0,9.0,1.3046483082293596
36.0,41.0,4.182533419960855
28.0,35.0,2.292844693528789
4.0,6.0,0.448532127479721
30.0,38.0,1.3887067188157656
9.0,10.0,0.4937380054364873
27.0,34.0,1.8026850579619207
24.0,31.0,1.2619459321442634
4.0,4.0,4.8494070894351795
2.0,3.0,2.4765864584591544
5.0,6.0,2.578293100592813
8.0,9.0,1.3046483082293596
39.0,41.0,4.182533419960855
34.0,35.0,2.292844693528789
6.0,6.0,0.448532127479721
33.0,38.0,1.3887067188157656
6.0,10.0,0.4937380054364873
32.0,34.0,1.8026850579619207
30.0,31.0,1.2619459321442634
1.0,5.0,5.20179994782608
1.0,7.0,4.445447334512196
2.0,12.0,2.5891173661110862
4.0,19.0,2.526000741825623
2.0,9.0,0.9550809360745085
6.0,36.0,1.9662436854363246
1.0,5.0,0.14086043137820914
6.0,73.0,3.0279106466706525
10.0,94.0,2.4512200380242053
3.0,36.0,0.7121041464371549
2.0,20.0,0.2666017288847948
1.0,5.0,5.20179994782608
1.0,7.0,4.445447334512196
0.0,12.0,2.5891173661110862
6.0,19.0,2.526000741825623
1.0,9.0,0.9550809360745085
5.0,36.0,1.9662436854363246
2.0,5.0,0.14086043137820914
14.0,73.0,3.0279106466706525
24.0,94.0,2.4512200380242053
3.0,36.0,0.7121041464371549
6.0,20.0,0.2666017288847948
1.0,5.0,5.20179994782608
1.0,7.0,4.445447334512196
4.0,12.0,2.5891173661110862
8.0,19.0,2.526000741825623
1.0,9.0,0.9550809360745085
11.0,36.0,1.9662436854363246
3.0,5.0,0.14086043137820914
16.0,73.0,3.0279106466706525
29.0,94.0,2.4512200380242053
14.0,36.0,0.7121041464371549
4.0,20.0,0.2666017288847948
3.0,5.0,5.20179994782608
3.0,7.0,4.445447334512196
5.0,12.0,2.5891173661110862
10.0,19.0,2.526000741825623
2.0,9.0,0.9550809360745085
12.0,36.0,1.9662436854363246
3.0,5.0,0.14086043137820914
20.0,73.0,3.0279106466706525
30.0,94.0,2.4512200380242053
17.0,36.0,0.7121041464371549
8.0,20.0,0.2666017288847948
2.0,5.0,5.20179994782608
2.0,7.0,4.445447334512196
6.0,12.0,2.5891173661110862
11.0,19.0,2.526000741825623
3.0,9.0,0.9550809360745085
19.0,36.0,1.9662436854363246
1.0,5.0,0.14086043137820914
39.0,73.0,3.0279106466706525
54.0,94.0,2.4512200380242053
19.0,36.0,0.7121041464371549
13.0,20.0,0.2666017288847948
3.0,5.0,5.20179994782608
4.0,7.0,4.445447334512196
7.0,12.0,2.5891173661110862
12.0,19.0,2.526000741825623
4.0,9.0,0.9550809360745085
22.0,36.0,1.9662436854363246
3.0,5.0,0.14086043137820914
43.0,73.0,3.0279106466706525
53.0,94.0,2.4512200380242053
24.0,36.0,0.7121041464371549
10.0,20.0,0.2666017288847948
3.0,5.0,5.20179994782608
5.0,7.0,4.445447334512196
9.0,12.0,2.5891173661110862
15.0,19.0,2.526000741825623
8.0,9.0,0.9550809360745085
26.0,36.0,1.9662436854363246
4.0,5.0,0.14086043137820914
46.0,73.0,3.0279106466706525
70.0,94.0,2.4512200380242053
28.0,36.0,0.7121041464371549
14.0,20.0,0.2666017288847948
5.0,5.0,5.20179994782608
5.0,7.0,4.445447334512196
10.0,12.0,2.5891173661110862
14.0,19.0,2.526000741825623
7.0,9.0,0.9550809360745085
33.0,36.0,1.9662436854363246
4.0,5.0,0.14086043137820914
63.0,73.0,3.0279106466706525
71.0,94.0,2.4512200380242053
28.0,36.0,0.7121041464371549
16.0,20.0,0.2666017288847948
3.0,5.0,5.20179994782608
7.0,7.0,4.445447334512196
12.0,12.0,2.5891173661110862
19.0,19.0,2.526000741825623
8.0,9.0,0.9550809360745085
32.0,36.0,1.9662436854363246
5.0,5.0,0.14086043137820914
63.0,73.0,3.0279106466706525
89.0,94.0,2.4512200380242053
32.0,36.0,0.7121041464371549
19.0,20.0,0.2666017288847948
2.0,3.0,1.0337696450331855
1.0,15.0,6.0076938105652005
4.0,16.0,4.306726804799708
1.0,6.0,0.46995964262139794
2.0,9.0,1.4938336492361524
3.0,22.0,2.4906765164352027
1.0,8.0,0.7586871200000379
2.0,52.0,2.9826527653331865
1.0,10.0,0.40936464415532214
3.0,36.0,1.5055442828431524
3.0,30.0,1.3554885218655424
1.0,3.0,1.0337696450331855
1.0,15.0,6.0076938105652005
2.0,16.0,4.306726804799708
0.0,6.0,0.46995964262139794
1.0,9.0,1.4938336492361524
6.0,22.0,2.4906765164352027
1.0,8.0,0.7586871200000379
13.0,52.0,2.9826527653331865
3.0,10.0,0.40936464415532214
10.0,36.0,1.5055442828431524
5.0,30.0,1.3554885218655424
2.0,3.0,1.0337696450331855
7.0,15.0,6.0076938105652005
4.0,16.0,4.306726804799708
0.0,6.0,0.46995964262139794
5.0,9.0,1.4938336492361524
9.0,22.0,2.4906765164352027
4.0,8.0,0.7586871200000379
12.0,52.0,2.9826527653331865
1.0,10.0,0.40936464415532214
13.0,36.0,1.5055442828431524
12.0,30.0,1.3554885218655424
3.0,3.0,1.0337696450331855
9.0,15.0,6.0076938105652005
6.0,16.0,4.306726804799708
4.0,6.0,0.46995964262139794
2.0,9.0,1.4938336492361524
10.0,22.0,2.4906765164352027
3.0,8.0,0.7586871200000379
24.0,52.0,2.9826527653331865
6.0,10.0,0.40936464415532214
12.0,36.0,1.5055442828431524
10.0,30.0,1.3554885218655424
2.0,3.0,1.0337696450331855
6.0,15.0,6.0076938105652005
4.0,16.0,4.306726804799708
4.0,6.0,0.46995964262139794
4.0,9.0,1.4938336492361524
13.0,22.0,2.4906765164352027
5.0,8.0,0.7586871200000379
18.0,52.0,2.9826527653331865
5.0,10.0,0.40936464415532214
17.0,36.0,1.5055442828431524
14.0,30.0,1.3554885218655424
1.0,3.0,1.0337696450331855
8.0,15.0,6.0076938105652005
8.0,16.0,4.306726804799708
4.0,6.0,0.46995964262139794
4.0,9.0,1.4938336492361524
14.0,22.0,2.4906765164352027
6.0,8.0,0.7586871200000379
36.0,52.0,2.9826527653331865
7.0,10.0,0.40936464415532214
22.0,36.0,1.5055442828431524
18.0,30.0,1.3554885218655424
3.0,3.0,1.0337696450331855
8.0,15.0,6.0076938105652005
8.0,16.0,4.306726804799708
4.0,6.0,0.46995964262139794
6.0,9.0,1.4938336492361524
14.0,22.0,2.4906765164352027
7.0,8.0,0.7586871200000379
37.0,52.0,2.9826527653331865
8.0,10.0,0.40936464415532214
28.0,36.0,1.5055442828431524
17.0,30.0,1.3554885218655424
2.0,3.0,1.0337696450331855
11.0,15.0,6.0076938105652005
13.0,16.0,4.306726804799708
3.0,6.0,0.46995964262139794
6.0,9.0,1.4938336492361524
19.0,22.0,2.4906765164352027
8.0,8.0,0.7586871200000379
37.0,52.0,2.9826527653331865
7.0,10.0,0.40936464415532214
30.0,36.0,1.5055442828431524
26.0,30.0,1.3554885218655424
3.0,3.0,1.0337696450331855
14.0,15.0,6.0076938105652005
13.0,16.0,4.306726804799708
5.0,6.0,0.46995964262139794
9.0,9.0,1.4938336492361524
16.0,22.0,2.4906765164352027
7.0,8.0,0.7586871200000379
46.0,52.0,2.9826527653331865
8.0,10.0,0.40936464415532214
35.0,36.0,1.5055442828431524
28.0,30.0,1.3554885218655424
1.0,3.0,1.0380641131506805
0.0,11.0,6.787467369766644
2.0,12.0,2.522017322855698
1.0,12.0,0.6750280925784463
1.0,3.0,0.27146910485154135
5.0,40.0,2.624160255127587
5.0,50.0,1.9557747450855112
0.0,12.0,0.22310867209077925
4.0,36.0,1.2967595920220076
3.0,37.0,1.2428430650180369
4.0,44.0,1.3801272357268868
2.0,3.0,1.0380641131506805
2.0,11.0,6.787467369766644
2.0,12.0,2.522017322855698
4.0,12.0,0.6750280925784463
0.0,3.0,0.27146910485154135
8.0,40.0,2.624160255127587
7.0,50.0,1.9557747450855112
4.0,12.0,0.22310867209077925
4.0,36.0,1.2967595920220076
8.0,37.0,1.2428430650180369
12.0,44.0,1.3801272357268868
2.0,3.0,1.0380641131506805
1.0,11.0,6.787467369766644
2.0,12.0,2.522017322855698
2.0,12.0,0.6750280925784463
0.0,3.0,0.27146910485154135
8.0,40.0,2.624160255127587
11.0,50.0,1.9557747450855112
3.0,12.0,0.22310867209077925
13.0,36.0,1.2967595920220076
14.0,37.0,1.2428430650180369
17.0,44.0,1.3801272357268868
1.0,3.0,1.0380641131506805
4.0,11.0,6.787467369766644
6.0,12.0,2.522017322855698
5.0,12.0,0.6750280925784463
1.0,3.0,0.27146910485154135
13.0,40.0,2.624160255127587
16.0,50.0,1.9557747450855112
6.0,12.0,0.22310867209077925
12.0,36.0,1.2967595920220076
12.0,37.0,1.2428430650180369
18.0,44.0,1.3801272357268868
2.0,3.0,1.0380641131506805
5.0,11.0,6.787467369766644
5.0,12.0,2.522017322855698
6.0,12.0,0.6750280925784463
2.0,3.0,0.27146910485154135
21.0,40.0,2.624160255127587
19.0,50.0,1.9557747450855112
5.0,12.0,0.22310867209077925
18.0,36.0,1.2967595920220076
16.0,37.0,1.2428430650180369
17.0,44.0,1.3801272357268868
2.0,3.0,1.0380641131506805
9.0,11.0,6.787467369766644
6.0,12.0,2.522017322855698
4.0,12.0,0.6750280925784463
3.0,3.0,0.27146910485154135
26.0,40.0,2.624160255127587
29.0,50.0,1.9557747450855112
10.0,12.0,0.22310867209077925
20.0,36.0,1.2967595920220076
21.0,37.0,1.2428430650180369
22.0,44.0,1.3801272357268868
3.0,3.0,1.0380641131506805
9.0,11.0,6.787467369766644
9.0,12.0,2.522017322855698
8.0,12.0,0.6750280925784463
2.0,3.0,0.27146910485154135
29.0,40.0,2.624160255127587
38.0,50.0,1.9557747450855112
11.0,12.0,0.22310867209077925
23.0,36.0,1.2967595920220076
23.0,37.0,1.2428430650180369
29.0,44.0,1.3801272357268868
3.0,3.0,1.0380641131506805
8.0,11.0,6.787467369766644
12.0,12.0,2.522017322855698
10.0,12.0,0.6750280925784463
2.0,3.0,0.27146910485154135
32.0,40.0,2.624160255127587
40.0,50.0,1.9557747450855112
9.0,12.0,0.22310867209077925
29.0,36.0,1.2967595920220076
31.0,37.0,1.2428430650180369
36.0,44.0,1.3801272357268868
3.0,3.0,1.0380641131506805
10.0,11.0,6.787467369766644
12.0,12.0,2.522017322855698
12.0,12.0,0.6750280925784463
3.0,3.0,0.27146910485154135
35.0,40.0,2.624160255127587
41.0,50.0,1.9557747450855112
10.0,12.0,0.22310867209077925
33.0,36.0,1.2967595920220076
35.0,37.0,1.2428430650180369
36.0,44.0,1.3801272357268868
1.0,3.0,2.0348823417187596
2.0,10.0,9.9381956245098
2.0,10.0,2.8579445098814458
0.0,8.0,1.8399867762667823
6.0,29.0,2.603628406810392
0.0,22.0,1.0366812090824444
4.0,64.0,2.5544153466886517
5.0,54.0,1.539047201766769
1.0,10.0,0.2744898889099226
2.0,39.0,0.9615905678922971
0.0,18.0,0.5419133196840512
1.0,3.0,2.0348823417187596
3.0,10.0,9.9381956245098
1.0,10.0,2.8579445098814458
3.0,8.0,1.8399867762667823
14.0,29.0,2.603628406810392
1.0,22.0,1.0366812090824444
15.0,64.0,2.5544153466886517
8.0,54.0,1.539047201766769
3.0,10.0,0.2744898889099226
8.0,39.0,0.9615905678922971
5.0,18.0,0.5419133196840512
1.0,3.0,2.0348823417187596
4.0,10.0,9.9381956245098
5.0,10.0,2.8579445098814458
3.0,8.0,1.8399867762667823
8.0,29.0,2.603628406810392
6.0,22.0,1.0366812090824444
22.0,64.0,2.5544153466886517
18.0,54.0,1.539047201766769
5.0,10.0,0.2744898889099226
8.0,39.0,0.9615905678922971
7.0,18.0,0.5419133196840512
1.0,3.0,2.0348823417187596
5.0,10.0,9.9381956245098
3.0,10.0,2.8579445098814458
4.0,8.0,1.8399867762667823
12.0,29.0,2.603628406810392
8.0,22.0,1.0366812090824444
31.0,64.0,2.5544153466886517
19.0,54.0,1.539047201766769
3.0,10.0,0.2744898889099226
13.0,39.0,0.9615905678922971
9.0,18.0,0.5419133196840512
1.0,3.0,2.0348823417187596
4.0,10.0,9.9381956245098
6.0,10.0,2.8579445098814458
4.0,8.0,1.8399867762667823
17.0,29.0,2.603628406810392
12.0,22.0,1.0366812090824444
37.0,64.0,2.5544153466886517
28.0,54.0,1.539047201766769
5.0,10.0,0.2744898889099226
19.0,39.0,0.9615905678922971
5.0,18.0,0.5419133196840512
1.0,3.0,2.0348823417187596
6.0,10.0,9.9381956245098
4.0,10.0,2.8579445098814458
4.0,8.0,1.8399867762667823
16.0,29.0,2.603628406810392
11.0,22.0,1.0366812090824444
46.0,64.0,2.5544153466886517
32.0,54.0,1.539047201766769
5.0,10.0,0.2744898889099226
27.0,39.0,0.9615905678922971
13.0,18.0,0.5419133196840512
3.0,3.0,2.0348823417187596
7.0,10.0,9.9381956245098
9.0,10.0,2.8579445098814458
7.0,8.0,1.8399867762667823
16.0,29.0,2.603628406810392
12.0,22.0,1.0366812090824444
41.0,64.0,2.5544153466886517
39.0,54.0,1.539047201766769
8.0,10.0,0.2744898889099226
29.0,39.0,0.9615905678922971
8.0,18.0,0.5419133196840512
3.0,3.0,2.0348823417187596
9.0,10.0,9.9381956245098
9.0,10.0,2.8579445098814458
6.0,8.0,1.8399867762667823
25.0,29.0,2.603628406810392
18.0,22.0,1.0366812090824444
53.0,64.0,2.5544153466886517
48.0,54.0,1.539047201766769
9.0,10.0,0.2744898889099226
36.0,39.0,0.9615905678922971
16.0,18.0,0.5419133196840512
1.0,3.0,2.0348823417187596
10.0,10.0,9.9381956245098
9.0,10.0,2.8579445098814458
7.0,8.0,1.8399867762667823
27.0,29.0,2.603628406810392
20.0,22.0,1.0366812090824444
58.0,64.0,2.5544153466886517
51.0,54.0,1.539047201766769
8.0,10.0,0.2744898889099226
33.0,39.0,0.9615905678922971
14.0,18.0,0.5419133196840512
2.0,6.0,5.401884218233188
1.0,5.0,1.969721991393532
1.0,14.0,2.897738699027455
1.0,10.0,2.476540197673981
1.0,4.0,0.29848254360340337
1.0,26.0,3.551510789697826
1.0,36.0,2.6672210089527084
3.0,20.0,1.338776246037013
4.0,43.0,1.9703241105431852
8.0,44.0,1.5744364320745046
6.0,27.0,1.0724057170648347
1.0,6.0,5.401884218233188
2.0,5.0,1.969721991393532
0.0,14.0,2.897738699027455
3.0,10.0,2.476540197673981
1.0,4.0,0.29848254360340337
3.0,26.0,3.551510789697826
7.0,36.0,2.6672210089527084
2.0,20.0,1.338776246037013
6.0,43.0,1.9703241105431852
6.0,44.0,1.5744364320745046
3.0,27.0,1.0724057170648347
1.0,6.0,5.401884218233188
0.0,5.0,1.969721991393532
5.0,14.0,2.897738699027455
5.0,10.0,2.476540197673981
1.0,4.0,0.29848254360340337
7.0,26.0,3.551510789697826
11.0,36.0,2.6672210089527084
8.0,20.0,1.338776246037013
14.0,43.0,1.9703241105431852
15.0,44.0,1.5744364320745046
8.0,27.0,1.0724057170648347
2.0,6.0,5.401884218233188
2.0,5.0,1.969721991393532
4.0,14.0,2.897738699027455
2.0,10.0,2.476540197673981
2.0,4.0,0.29848254360340337
8.0,26.0,3.551510789697826
13.0,36.0,2.6672210089527084
7.0,20.0,1.338776246037013
19.0,43.0,1.9703241105431852
14.0,44.0,1.5744364320745046
8.0,27.0,1.0724057170648347
2.0,6.0,5.401884218233188
3.0,5.0,1.969721991393532
7.0,14.0,2.897738699027455
3.0,10.0,2.476540197673981
3.0,4.0,0.29848254360340337
10.0,26.0,3.551510789697826
18.0,36.0,2.6672210089527084
5.0,20.0,1.338776246037013
17.0,43.0,1.9703241105431852
25.0,44.0,1.5744364320745046
13.0,27.0,1.0724057170648347
2.0,6.0,5.401884218233188
2.0,5.0,1.969721991393532
9.0,14.0,2.897738699027455
5.0,10.0,2.476540197673981
4.0,4.0,0.29848254360340337
14.0,26.0,3.551510789697826
24.0,36.0,2.6672210089527084
13.0,20.0,1.338776246037013
27.0,43.0,1.9703241105431852
22.0,44.0,1.5744364320745046
21.0,27.0,1.0724057170648347
3.0,6.0,5.401884218233188
5.0,5.0,1.969721991393532
10.0,14.0,2.897738699027455
5.0,10.0,2.476540197673981
3.0,4.0,0.29848254360340337
18.0,26.0,3.551510789697826
21.0,36.0,2.6672210089527084
13.0,20.0,1.338776246037013
27.0,43.0,1.9703241105431852
29.0,44.0,1.5744364320745046
17.0,27.0,1.0724057170648347
5.0,6.0,5.401884218233188
2.0,5.0,1.969721991393532
12.0,14.0,2.897738699027455
8.0,10.0,2.476540197673981
3.0,4.0,0.29848254360340337
24.0,26.0,3.551510789697826
26.0,36.0,2.6672210089527084
15.0,20.0,1.338776246037013
34.0,43.0,1.9703241105431852
39.0,44.0,1.5744364320745046
23.0,27.0,1.0724057170648347
5.0,6.0,5.401884218233188
5.0,5.0,1.969721991393532
13.0,14.0,2.897738699027455
9.0,10.0,2.476540197673981
3.0,4.0,0.29848254360340337
24.0,26.0,3.551510789697826
34.0,36.0,2.6672210089527084
17.0,20.0,1.338776246037013
40.0,43.0,1.9703241105431852
39.0,44.0,1.5744364320745046
21.0,27.0,1.0724057170648347
1.0,3.0,4.831914369765066
0.0,8.0,4.20750148418971
1.0,16.0,4.088662793053297
2.0,8.0,1.016772444695094
0.0,10.0,0.7718285318168612
2.0,54.0,2.7427749314766268
9.0,81.0,3.1622838014316557
1.0,8.0,0.10036934064561763
1.0,8.0,0.20888763075981773
3.0,23.0,0.9230182105774318
5.0,44.0,2.0668503368665787
1.0,3.0,4.831914369765066
0.0,8.0,4.20750148418971
4.0,16.0,4.088662793053297
1.0,8.0,1.016772444695094
2.0,10.0,0.7718285318168612
8.0,54.0,2.7427749314766268
20.0,81.0,3.1622838014316557
2.0,8.0,0.10036934064561763
2.0,8.0,0.20888763075981773
4.0,23.0,0.9230182105774318
10.0,44.0,2.0668503368665787
1.0,3.0,4.831914369765066
1.0,8.0,4.20750148418971
4.0,16.0,4.088662793053297
5.0,8.0,1.016772444695094
1.0,10.0,0.7718285318168612
13.0,54.0,2.7427749314766268
22.0,81.0,3.1622838014316557
5.0,8.0,0.10036934064561763
3.0,8.0,0.20888763075981773
7.0,23.0,0.9230182105774318
11.0,44.0,2.0668503368665787
1.0,3.0,4.831914369765066
1.0,8.0,4.20750148418971
7.0,16.0,4.088662793053297
2.0,8.0,1.016772444695094
4.0,10.0,0.7718285318168612
23.0,54.0,2.7427749314766268
47.0,81.0,3.1622838014316557
6.0,8.0,0.10036934064561763
3.0,8.0,0.20888763075981773
11.0,23.0,0.9230182105774318
16.0,44.0,2.0668503368665787
2.0,3.0,4.831914369765066
4.0,8.0,4.20750148418971
6.0,16.0,4.088662793053297
3.0,8.0,1.016772444695094
5.0,10.0,0.7718285318168612
27.0,54.0,2.7427749314766268
41.0,81.0,3.1622838014316557
4.0,8.0,0.10036934064561763
4.0,8.0,0.20888763075981773
9.0,23.0,0.9230182105774318
22.0,44.0,2.0668503368665787
3.0,3.0,4.831914369765066
5.0,8.0,4.20750148418971
14.0,16.0,4.088662793053297
4.0,8.0,1.016772444695094
8.0,10.0,0.7718285318168612
32.0,54.0,2.7427749314766268
47.0,81.0,3.1622838014316557
4.0,8.0,0.10036934064561763
4.0,8.0,0.20888763075981773
17.0,23.0,0.9230182105774318
24.0,44.0,2.0668503368665787
3.0,3.0,4.831914369765066
6.0,8.0,4.20750148418971
10.0,16.0,4.088662793053297
6.0,8.0,1.016772444695094
6.0,10.0,0.7718285318168612
43.0,54.0,2.7427749314766268
53.0,81.0,3.1622838014316557
8.0,8.0,0.10036934064561763
6.0,8.0,0.20888763075981773
16.0,23.0,0.9230182105774318
29.0,44.0,2.0668503368665787
3.0,3.0,4.831914369765066
6.0,8.0,4.20750148418971
12.0,16.0,4.088662793053297
8.0,8.0,1.016772444695094
9.0,10.0,0.7718285318168612
33.0,54.0,2.7427749314766268
62.0,81.0,3.1622838014316557
7.0,8.0,0.10036934064561763
8.0,8.0,0.20888763075981773
21.0,23.0,0.9230182105774318
38.0,44.0,2.0668503368665787
3.0,3.0,4.831914369765066
8.0,8.0,4.20750148418971
16.0,16.0,4.088662793053297
7.0,8.0,1.016772444695094
9.0,10.0,0.7718285318168612
54.0,54.0,2.7427749314766268
75.0,81.0,3.1622838014316557
6.0,8.0,0.10036934064561763
7.0,8.0,0.20888763075981773
19.0,23.0,0.9230182105774318
42.0,44.0,2.0668503368665787
1.0,2.0,2.1385871433843637
0.0,3.0,6.729268633285933
0.0,3.0,1.3934081867982724
1.0,12.0,3.6761708342503345
2.0,7.0,1.705930161395387
3.0,20.0,3.3770822762724615
2.0,14.0,1.5068617195341742
3.0,44.0,3.3109814934949187
5.0,77.0,2.884600826485389
3.0,15.0,0.49915510107677985
1.0,17.0,0.38990513171944796
1.0,2.0,2.1385871433843637
0.0,3.0,6.729268633285933
1.0,3.0,1.3934081867982724
2.0,12.0,3.6761708342503345
4.0,7.0,1.705930161395387
3.0,20.0,3.3770822762724615
1.0,14.0,1.5068617195341742
11.0,44.0,3.3109814934949187
14.0,77.0,2.884600826485389
1.0,15.0,0.49915510107677985
1.0,17.0,0.38990513171944796
1.0,2.0,2.1385871433843637
1.0,3.0,6.729268633285933
1.0,3.0,1.3934081867982724
4.0,12.0,3.6761708342503345
4.0,7.0,1.705930161395387
6.0,20.0,3.3770822762724615
3.0,14.0,1.5068617195341742
19.0,44.0,3.3109814934949187
23.0,77.0,2.884600826485389
4.0,15.0,0.49915510107677985
6.0,17.0,0.38990513171944796
1.0,2.0,2.1385871433843637
1.0,3.0,6.729268633285933
2.0,3.0,1.3934081867982724
4.0,12.0,3.6761708342503345
3.0,7.0,1.705930161395387
10.0,20.0,3.3770822762724615
3.0,14.0,1.5068617195341742
15.0,44.0,3.3109814934949187
33.0,77.0,2.884600826485389
9.0,15.0,0.49915510107677985
6.0,17.0,0.38990513171944796
2.0,2.0,2.1385871433843637
1.0,3.0,6.729268633285933
2.0,3.0,1.3934081867982724
3.0,12.0,3.6761708342503345
2.0,7.0,1.705930161395387
8.0,20.0,3.3770822762724615
7.0,14.0,1.5068617195341742
24.0,44.0,3.3109814934949187
33.0,77.0,2.884600826485389
10.0,15.0,0.49915510107677985
9.0,17.0,0.38990513171944796
2.0,2.0,2.1385871433843637
1.0,3.0,6.729268633285933
2.0,3.0,1.3934081867982724
8.0,12.0,3.6761708342503345
3.0,7.0,1.705930161395387
13.0,20.0,3.3770822762724615
6.0,14.0,1.5068617195341742
24.0,44.0,3.3109814934949187
56.0,77.0,2.884600826485389
8.0,15.0,0.49915510107677985
12.0,17.0,0.38990513171944796
2.0,2.0,2.1385871433843637
3.0,3.0,6.729268633285933
2.0,3.0,1.3934081867982724
11.0,12.0,3.6761708342503345
6.0,7.0,1.705930161395387
14.0,20.0,3.3770822762724615
12.0,14.0,1.5068617195341742
35.0,44.0,3.3109814934949187
50.0,77.0,2.884600826485389
11.0,15.0,0.49915510107677985
15.0,17.0,0.38990513171944796
2.0,2.0,2.1385871433843637
2.0,3.0,6.729268633285933
3.0,3.0,1.3934081867982724
11.0,12.0,3.6761708342503345
6.0,7.0,1.705930161395387
15.0,20.0,3.3770822762724615
13.0,14.0,1.5068617195341742
37.0,44.0,3.3109814934949187
68.0,77.0,2.884600826485389
12.0,15.0,0.49915510107677985
16.0,17.0,0.38990513171944796
1.0,2.0,2.1385871433843637
3.0,3.0,6.729268633285933
3.0,3.0,1.3934081867982724
11.0,12.0,3.6761708342503345
6.0,7.0,1.705930161395387
19.0,20.0,3.3770822762724615
12.0,14.0,1.5068617195341742
41.0,44.0,3.3109814934949187
71.0,77.0,2.884600826485389
15.0,15.0,0.49915510107677985
15.0,17.0,0.38990513171944796
2.0,7.0,1.962623251830146
7.0,46.0,9.41334207618117
3.0,31.0,2.011622253509261
9.0,63.0,2.3862884309712706
1.0,8.0,0.22042092583437078
3.0,43.0,1.1977840904644654
0.0,6.0,0.12507012136043863
0.0,11.0,0.445034595912801
5.0,55.0,2.304018423269295
4.0,32.0,1.2359590177426796
0.0,5.0,0.3931623393262745
2.0,7.0,1.962623251830146
6.0,46.0,9.41334207618117
6.0,31.0,2.011622253509261
14.0,63.0,2.3862884309712706
2.0,8.0,0.22042092583437078
11.0,43.0,1.1977840904644654
2.0,6.0,0.12507012136043863
2.0,11.0,0.445034595912801
14.0,55.0,2.304018423269295
5.0,32.0,1.2359590177426796
2.0,5.0,0.3931623393262745
1.0,7.0,1.962623251830146
13.0,46.0,9.41334207618117
8.0,31.0,2.011622253509261
24.0,63.0,2.3862884309712706
0.0,8.0,0.22042092583437078
13.0,43.0,1.1977840904644654
2.0,6.0,0.12507012136043863
5.0,11.0,0.445034595912801
17.0,55.0,2.304018423269295
10.0,32.0,1.2359590177426796
1.0,5.0,0.3931623393262745
3.0,7.0,1.962623251830146
23.0,46.0,9.41334207618117
10.0,31.0,2.011622253509261
25.0,63.0,2.3862884309712706
5.0,8.0,0.22042092583437078
20.0,43.0,1.1977840904644654
3.0,6.0,0.12507012136043863
4.0,11.0,0.445034595912801
26.0,55.0,2.304018423269295
9.0,32.0,1.2359590177426796
2.0,5.0,0.3931623393262745
4.0,7.0,1.962623251830146
21.0,46.0,9.41334207618117
12.0,31.0,2.011622253509261
34.0,63.0,2.3862884309712706
6.0,8.0,0.22042092583437078
23.0,43.0,1.1977840904644654
1.0,6.0,0.12507012136043863
8.0,11.0,0.445034595912801
25.0,55.0,2.304018423269295
12.0,32.0,1.2359590177426796
2.0,5.0,0.3931623393262745
4.0,7.0,1.962623251830146
27.0,46.0,9.41334207618117
17.0,31.0,2.011622253509261
39.0,63.0,2.3862884309712706
7.0,8.0,0.22042092583437078
26.0,43.0,1.1977840904644654
4.0,6.0,0.12507012136043863
6.0,11.0,0.445034595912801
38.0,55.0,2.304018423269295
21.0,32.0,1.2359590177426796
3.0,5.0,0.3931623393262745
6.0,7.0,1.962623251830146
37.0,46.0,9.41334207618117
26.0,31.0,2.011622253509261
44.0,63.0,2.3862884309712706
5.0,8.0,0.22042092583437078
36.0,43.0,1.1977840904644654
2.0,6.0,0.12507012136043863
7.0,11.0,0.445034595912801
33.0,55.0,2.304018423269295
23.0,32.0,1.2359590177426796
4.0,5.0,0.3931623393262745
6.0,7.0,1.962623251830146
36.0,46.0,9.41334207618117
26.0,31.0,2.011622253509261
49.0,63.0,2.3862884309712706
6.0,8.0,0.22042092583437078
36.0,43.0,1.1977840904644654
5.0,6.0,0.12507012136043863
11.0,11.0,0.445034595912801
43.0,55.0,2.304018423269295
27.0,32.0,1.2359590177426796
4.0,5.0,0.3931623393262745
6.0,7.0,1.962623251830146
40.0,46.0,9.41334207618117
30.0,31.0,2.011622253509261
49.0,63.0,2.3862884309712706
5.0,8.0,0.22042092583437078
38.0,43.0,1.1977840904644654
5.0,6.0,0.12507012136043863
11.0,11.0,0.445034595912801
53.0,55.0,2.304018423269295
29.0,32.0,1.2359590177426796
5.0,5.0,0.3931623393262745
1.0,4.0,5.785202845581574
0.0,4.0,2.977831384454942
0.0,9.0,2.371593471863484
1.0,7.0,2.238175939634111
0.0,17.0,3.198688582011557
1.0,17.0,1.737721285144587
3.0,16.0,1.611429657565176
1.0,8.0,0.9799100003078675
2.0,14.0,0.7594983646776725
8.0,64.0,3.9868985988480796
2.0,33.0,1.0776258085986925
1.0,4.0,5.785202845581574
2.0,4.0,2.977831384454942
2.0,9.0,2.371593471863484
2.0,7.0,2.238175939634111
5.0,17.0,3.198688582011557
3.0,17.0,1.737721285144587
5.0,16.0,1.611429657565176
2.0,8.0,0.9799100003078675
1.0,14.0,0.7594983646776725
11.0,64.0,3.9868985988480796
7.0,33.0,1.0776258085986925
1.0,4.0,5.785202845581574
1.0,4.0,2.977831384454942
4.0,9.0,2.371593471863484
0.0,7.0,2.238175939634111
3.0,17.0,3.198688582011557
4.0,17.0,1.737721285144587
4.0,16.0,1.611429657565176
3.0,8.0,0.9799100003078675
5.0,14.0,0.7594983646776725
25.0,64.0,3.9868985988480796
8.0,33.0,1.0776258085986925
1.0,4.0,5.785202845581574
1.0,4.0,2.977831384454942
5.0,9.0,2.371593471863484
1.0,7.0,2.238175939634111
6.0,17.0,3.198688582011557
5.0,17.0,1.737721285144587
3.0,16.0,1.611429657565176
3.0,8.0,0.9799100003078675
3.0,14.0,0.7594983646776725
25.0,64.0,3.9868985988480796
15.0,33.0,1.0776258085986925
1.0,4.0,5.785202845581574
3.0,4.0,2.977831384454942
5.0,9.0,2.371593471863484
2.0,7.0,2.238175939634111
8.0,17.0,3.198688582011557
8.0,17.0,1.737721285144587
9.0,16.0,1.611429657565176
3.0,8.0,0.9799100003078675
7.0,14.0,0.7594983646776725
27.0,64.0,3.9868985988480796
16.0,33.0,1.0776258085986925
4.0,4.0,5.785202845581574
3.0,4.0,2.977831384454942
6.0,9.0,2.371593471863484
4.0,7.0,2.238175939634111
11.0,17.0,3.198688582011557
11.0,17.0,1.737721285144587
12.0,16.0,1.611429657565176
5.0,8.0,0.9799100003078675
9.0,14.0,0.7594983646776725
34.0,64.0,3.9868985988480796
22.0,33.0,1.0776258085986925
4.0,4.0,5.785202845581574
4.0,4.0,2.977831384454942
5.0,9.0,2.371593471863484
5.0,7.0,2.238175939634111
10.0,17.0,3.198688582011557
9.0,17.0,1.737721285144587
12.0,16.0,1.611429657565176
5.0,8.0,0.9799100003078675
10.0,14.0,0.7594983646776725
47.0,64.0,3.9868985988480796
24.0,33.0,1.0776258085986925
2.0,4.0,5.785202845581574
4.0,4.0,2.977831384454942
8.0,9.0,2.371593471863484
6.0,7.0,2.238175939634111
11.0,17.0,3.198688582011557
8.0,17.0,1.737721285144587
15.0,16.0,1.611429657565176
5.0,8.0,0.9799100003078675
10.0,14.0,0.7594983646776725
56.0,64.0,3.9868985988480796
27.0,33.0,1.0776258085986925
3.0,4.0,5.785202845581574
4.0,4.0,2.977831384454942
8.0,9.0,2.371593471863484
5.0,7.0,2.238175939634111
15.0,17.0,3.198688582011557
15.0,17.0,1.737721285144587
16.0,16.0,1.611429657565176
7.0,8.0,0.9799100003078675
13.0,14.0,0.7594983646776725
60.0,64.0,3.9868985988480796
30.0,33.0,1.0776258085986925
1.0,7.0,5.258910555307292
3.0,12.0,5.816694243693945
0.0,6.0,1.1118020988281003
1.0,5.0,0.525202308089012
0.0,15.0,3.050070104401282
0.0,21.0,2.87256978812884
1.0,4.0,0.6069475483552019
2.0,30.0,2.369617042362532
1.0,16.0,1.0924514309620188
1.0,29.0,1.0602023382863066
6.0,56.0,2.1991366994531436
1.0,7.0,5.258910555307292
3.0,12.0,5.816694243693945
1.0,6.0,1.1118020988281003
1.0,5.0,0.525202308089012
4.0,15.0,3.050070104401282
4.0,21.0,2.87256978812884
1.0,4.0,0.6069475483552019
4.0,30.0,2.369617042362532
5.0,16.0,1.0924514309620188
3.0,29.0,1.0602023382863066
11.0,56.0,2.1991366994531436
3.0,7.0,5.258910555307292
6.0,12.0,5.816694243693945
3.0,6.0,1.1118020988281003
1.0,5.0,0.525202308089012
2.0,15.0,3.050070104401282
7.0,21.0,2.87256978812884
0.0,4.0,0.6069475483552019
10.0,30.0,2.369617042362532
6.0,16.0,1.0924514309620188
10.0,29.0,1.0602023382863066
17.0,56.0,2.1991366994531436
2.0,7.0,5.258910555307292
3.0,12.0,5.816694243693945
4.0,6.0,1.1118020988281003
3.0,5.0,0.525202308089012
10.0,15.0,3.050070104401282
10.0,21.0,2.87256978812884
1.0,4.0,0.6069475483552019
10.0,30.0,2.369617042362532
7.0,16.0,1.0924514309620188
16.0,29.0,1.0602023382863066
28.0,56.0,2.1991366994531436
2.0,7.0,5.258910555307292
4.0,12.0,5.816694243693945
5.0,6.0,1.1118020988281003
3.0,5.0,0.525202308089012
9.0,15.0,3.050070104401282
10.0,21.0,2.87256978812884
3.0,4.0,0.6069475483552019
15.0,30.0,2.369617042362532
9.0,16.0,1.0924514309620188
14.0,29.0,1.0602023382863066
34.0,56.0,2.1991366994531436
4.0,7.0,5.258910555307292
7.0,12.0,5.816694243693945
2.0,6.0,1.1118020988281003
1.0,5.0,0.525202308089012
10.0,15.0,3.050070104401282
11.0,21.0,2.87256978812884
1.0,4.0,0.6069475483552019
22.0,30.0,2.369617042362532
9.0,16.0,1.0924514309620188
15.0,29.0,1.0602023382863066
35.0,56.0,2.1991366994531436
5.0,7.0,5.258910555307292
10.0,12.0,5.816694243693945
6.0,6.0,1.1118020988281003
5.0,5.0,0.525202308089012
9.0,15.0,3.050070104401282
15.0,21.0,2.87256978812884
3.0,4.0,0.6069475483552019
22.0,30.0,2.369617042362532
13.0,16.0,1.0924514309620188
18.0,29.0,1.0602023382863066
39.0,56.0,2.1991366994531436
5.0,7.0,5.258910555307292
11.0,12.0,5.816694243693945
6.0,6.0,1.1118020988281003
5.0,5.0,0.525202308089012
9.0,15.0,3.050070104401282
17.0,21.0,2.87256978812884
4.0,4.0,0.6069475483552019
26.0,30.0,2.369617042362532
11.0,16.0,1.0924514309620188
26.0,29.0,1.0602023382863066
45.0,56.0,2.1991366994531436
7.0,7.0,5.258910555307292
10.0,12.0,5.816694243693945
6.0,6.0,1.1118020988281003
4.0,5.0,0.525202308089012
15.0,15.0,3.050070104401282
19.0,21.0,2.87256978812884
4.0,4.0,0.6069475483552019
29.0,30.0,2.369617042362532
14.0,16.0,1.0924514309620188
25.0,29.0,1.0602023382863066
47.0,56.0,2.1991366994531436
1.0,3.0,0.7516561239551298
0.0,2.0,1.4693328659446343
1.0,6.0,2.2841427240131793
1.0,15.0,5.163596353131999
2.0,13.0,1.599629472935962
1.0,13.0,1.0069367335434218
6.0,56.0,4.3928839641798385
1.0,20.0,0.7958319875456423
4.0,54.0,1.5379515619820556
1.0,11.0,0.3383588490649513
3.0,47.0,1.344331334847565
2.0,3.0,0.7516561239551298
1.0,2.0,1.4693328659446343
3.0,6.0,2.2841427240131793
2.0,15.0,5.163596353131999
5.0,13.0,1.599629472935962
1.0,13.0,1.0069367335434218
12.0,56.0,4.3928839641798385
6.0,20.0,0.7958319875456423
10.0,54.0,1.5379515619820556
2.0,11.0,0.3383588490649513
7.0,47.0,1.344331334847565
1.0,3.0,0.7516561239551298
1.0,2.0,1.4693328659446343
4.0,6.0,2.2841427240131793
5.0,15.0,5.163596353131999
4.0,13.0,1.599629472935962
2.0,13.0,1.0069367335434218
15.0,56.0,4.3928839641798385
7.0,20.0,0.7958319875456423
12.0,54.0,1.5379515619820556
5.0,11.0,0.3383588490649513
17.0,47.0,1.344331334847565
1.0,3.0,0.7516561239551298
1.0,2.0,1.4693328659446343
4.0,6.0,2.2841427240131793
6.0,15.0,5.163596353131999
7.0,13.0,1.599629472935962
6.0,13.0,1.0069367335434218
25.0,56.0,4.3928839641798385
8.0,20.0,0.7958319875456423
17.0,54.0,1.5379515619820556
6.0,11.0,0.3383588490649513
19.0,47.0,1.344331334847565
1.0,3.0,0.7516561239551298
1.0,2.0,1.4693328659446343
3.0,6.0,2.2841427240131793
6.0,15.0,5.163596353131999
7.0,13.0,1.599629472935962
5.0,13.0,1.0069367335434218
31.0,56.0,4.3928839641798385
6.0,20.0,0.7958319875456423
30.0,54.0,1.5379515619820556
2.0,11.0,0.3383588490649513
24.0,47.0,1.344331334847565
3.0,3.0,0.7516561239551298
1.0,2.0,1.4693328659446343
2.0,6.0,2.2841427240131793
7.0,15.0,5.163596353131999
8.0,13.0,1.599629472935962
6.0,13.0,1.0069367335434218
37.0,56.0,4.3928839641798385
11.0,20.0,0.7958319875456423
32.0,54.0,1.5379515619820556
7.0,11.0,0.3383588490649513
22.0,47.0,1.344331334847565
3.0,3.0,0.7516561239551298
1.0,2.0,1.4693328659446343
2.0,6.0,2.2841427240131793
12.0,15.0,5.163596353131999
6.0,13.0,1.599629472935962
11.0,13.0,1.0069367335434218
40.0,56.0,4.3928839641798385
18.0,20.0,0.7958319875456423
40.0,54.0,1.5379515619820556
6.0,11.0,0.3383588490649513
29.0,47.0,1.344331334847565
3.0,3.0,0.7516561239551298
2.0,2.0,1.4693328659446343
5.0,6.0,2.2841427240131793
14.0,15.0,5.163596353131999
9.0,13.0,1.599629472935962
8.0,13.0,1.0069367335434218
43.0,56.0,4.3928839641798385
16.0,20.0,0.7958319875456423
44.0,54.0,1.5379515619820556
7.0,11.0,0.3383588490649513
39.0,47.0,1.344331334847565
3.0,3.0,0.7516561239551298
2.0,2.0,1.4693328659446343
6.0,6.0,2.2841427240131793
14.0,15.0,5.163596353131999
12.0,13.0,1.599629472935962
11.0,13.0,1.0069367335434218
54.0,56.0,4.3928839641798385
19.0,20.0,0.7958319875456423
46.0,54.0,1.5379515619820556
11.0,11.0,0.3383588490649513
41.0,47.0,1.344331334847565
1.0,3.0,1.725263824873854
0.0,6.0,4.262003478098048
2.0,21.0,10.201472998233706
2.0,10.0,1.5556155120637174
7.0,66.0,4.003396488423507
1.0,35.0,1.4062788801054682
7.0,48.0,1.174248179091443
7.0,29.0,0.8394898849304457
5.0,77.0,1.8391154316676785
5.0,22.0,0.44113658496672525
3.0,27.0,0.6665592657287202
2.0,3.0,1.725263824873854
1.0,6.0,4.262003478098048
6.0,21.0,10.201472998233706
4.0,10.0,1.5556155120637174
12.0,66.0,4.003396488423507
6.0,35.0,1.4062788801054682
5.0,48.0,1.174248179091443
7.0,29.0,0.8394898849304457
13.0,77.0,1.8391154316676785
2.0,22.0,0.44113658496672525
5.0,27.0,0.6665592657287202
2.0,3.0,1.725263824873854
0.0,6.0,4.262003478098048
7.0,21.0,10.201472998233706
2.0,10.0,1.5556155120637174
25.0,66.0,4.003396488423507
12.0,35.0,1.4062788801054682
15.0,48.0,1.174248179091443
7.0,29.0,0.8394898849304457
22.0,77.0,1.8391154316676785
8.0,22.0,0.44113658496672525
7.0,27.0,0.6665592657287202
2.0,3.0,1.725263824873854
1.0,6.0,4.262003478098048
10.0,21.0,10.201472998233706
5.0,10.0,1.5556155120637174
24.0,66.0,4.003396488423507
17.0,35.0,1.4062788801054682
19.0,48.0,1.174248179091443
8.0,29.0,0.8394898849304457
36.0,77.0,1.8391154316676785
7.0,22.0,0.44113658496672525
11.0,27.0,0.6665592657287202
3.0,3.0,1.725263824873854
2.0,6.0,4.262003478098048
11.0,21.0,10.201472998233706
5.0,10.0,1.5556155120637174
34.0,66.0,4.003396488423507
16.0,35.0,1.4062788801054682
19.0,48.0,1.174248179091443
13.0,29.0,0.8394898849304457
52.0,77.0,1.8391154316676785
10.0,22.0,0.44113658496672525
9.0,27.0,0.6665592657287202
3.0,3.0,1.725263824873854
2.0,6.0,4.262003478098048
14.0,21.0,10.201472998233706
6.0,10.0,1.5556155120637174
41.0,66.0,4.003396488423507
18.0,35.0,1.4062788801054682
30.0,48.0,1.174248179091443
15.0,29.0,0.8394898849304457
43.0,77.0,1.8391154316676785
12.0,22.0,0.44113658496672525
14.0,27.0,0.6665592657287202
2.0,3.0,1.725263824873854
4.0,6.0,4.262003478098048
17.0,21.0,10.201472998233706
5.0,10.0,1.5556155120637174
48.0,66.0,4.003396488423507
23.0,35.0,1.4062788801054682
38.0,48.0,1.174248179091443
24.0,29.0,0.8394898849304457
59.0,77.0,1.8391154316676785
15.0,22.0,0.44113658496672525
20.0,27.0,0.6665592657287202
3.0,3.0,1.725263824873854
5.0,6.0,4.262003478098048
17.0,21.0,10.201472998233706
9.0,10.0,1.5556155120637174
57.0,66.0,4.003396488423507
26.0,35.0,1.4062788801054682
38.0,48.0,1.174248179091443
25.0,29.0,0.8394898849304457
63.0,77.0,1.8391154316676785
18.0,22.0,0.44113658496672525
22.0,27.0,0.6665592657287202
3.0,3.0,1.725263824873854
5.0,6.0,4.262003478098048
19.0,21.0,10.201472998233706
10.0,10.0,1.5556155120637174
59.0,66.0,4.003396488423507
32.0,35.0,1.4062788801054682
39.0,48.0,1.174248179091443
27.0,29.0,0.8394898849304457
67.0,77.0,1.8391154316676785
16.0,22.0,0.44113658496672525
25.0,27.0,0.6665592657287202
1.0,6.0,8.694032842630941
0.0,1.0,0.2953449722292396
3.0,16.0,7.450894361478557
7.0,52.0,6.198367301855103
2.0,51.0,2.32175741157596
1.0,15.0,0.3038227402688231
5.0,45.0,1.530306296741013
2.0,21.0,0.5702859947902157
3.0,35.0,0.9087816607182543
8.0,69.0,2.013115582716034
1.0,8.0,0.06999765305303216
2.0,6.0,8.694032842630941
1.0,1.0,0.2953449722292396
2.0,16.0,7.450894361478557
15.0,52.0,6.198367301855103
11.0,51.0,2.32175741157596
1.0,15.0,0.3038227402688231
4.0,45.0,1.530306296741013
5.0,21.0,0.5702859947902157
11.0,35.0,0.9087816607182543
11.0,69.0,2.013115582716034
1.0,8.0,0.06999765305303216
4.0,6.0,8.694032842630941
1.0,1.0,0.2953449722292396
4.0,16.0,7.450894361478557
16.0,52.0,6.198367301855103
17.0,51.0,2.32175741157596
5.0,15.0,0.3038227402688231
16.0,45.0,1.530306296741013
7.0,21.0,0.5702859947902157
8.0,35.0,0.9087816607182543
24.0,69.0,2.013115582716034
2.0,8.0,0.06999765305303216
1.0,6.0,8.694032842630941
0.0,1.0,0.2953449722292396
6.0,16.0,7.450894361478557
19.0,52.0,6.198367301855103
15.0,51.0,2.32175741157596
6.0,15.0,0.3038227402688231
15.0,45.0,1.530306296741013
11.0,21.0,0.5702859947902157
14.0,35.0,0.9087816607182543
26.0,69.0,2.013115582716034
3.0,8.0,0.06999765305303216
2.0,6.0,8.694032842630941
1.0,1.0,0.2953449722292396
7.0,16.0,7.450894361478557
30.0,52.0,6.198367301855103
23.0,51.0,2.32175741157596
9.0,15.0,0.3038227402688231
27.0,45.0,1.530306296741013
10.0,21.0,0.5702859947902157
23.0,35.0,0.9087816607182543
36.0,69.0,2.013115582716034
2.0,8.0,0.06999765305303216
5.0,6.0,8.694032842630941
0.0,1.0,0.2953449722292396
7.0,16.0,7.450894361478557
30.0,52.0,6.198367301855103
31.0,51.0,2.32175741157596
8.0,15.0,0.3038227402688231
29.0,45.0,1.530306296741013
17.0,21.0,0.5702859947902157
21.0,35.0,0.9087816607182543
47.0,69.0,2.013115582716034
3.0,8.0,0.06999765305303216
6.0,6.0,8.694032842630941
1.0,1.0,0.2953449722292396
7.0,16.0,7.450894361478557
42.0,52.0,6.198367301855103
34.0,51.0,2.32175741157596
10.0,15.0,0.3038227402688231
29.0,45.0,1.530306296741013
13.0,21.0,0.5702859947902157
24.0,35.0,0.9087816607182543
49.0,69.0,2.013115582716034
5.0,8.0,0.06999765305303216
5.0,6.0,8.694032842630941
1.0,1.0,0.2953449722292396
11.0,16.0,7.450894361478557
42.0,52.0,6.198367301855103
44.0,51.0,2.32175741157596
12.0,15.0,0.3038227402688231
26.0,45.0,1.530306296741013
17.0,21.0,0.5702859947902157
33.0,35.0,0.9087816607182543
53.0,69.0,2.013115582716034
7.0,8.0,0.06999765305303216
6.0,6.0,8.694032842630941
1.0,1.0,0.2953449722292396
15.0,16.0,7.450894361478557
49.0,52.0,6.198367301855103
45.0,51.0,2.32175741157596
12.0,15.0,0.3038227402688231
41.0,45.0,1.530306296741013
19.0,21.0,0.5702859947902157
30.0,35.0,0.9087816607182543
59.0,69.0,2.013115582716034
8.0,8.0,0.06999765305303216
1.0,4.0,3.1770927462545884
2.0,16.0,7.793698445741241
0.0,5.0,1.108072342965352
3.0,24.0,1.9440923204401683
3.0,39.0,2.488914375639675
5.0,53.0,2.5682144893224264
2.0,20.0,0.5664216368906548
3.0,23.0,0.5568927811015932
6.0,43.0,1.385539139145806
11.0,65.0,1.7387440470760214
3.0,45.0,0.938953280644962
1.0,4.0,3.1770927462545884
4.0,16.0,7.793698445741241
0.0,5.0,1.108072342965352
4.0,24.0,1.9440923204401683
4.0,39.0,2.488914375639675
6.0,53.0,2.5682144893224264
3.0,20.0,0.5664216368906548
4.0,23.0,0.5568927811015932
6.0,43.0,1.385539139145806
14.0,65.0,1.7387440470760214
11.0,45.0,0.938953280644962
3.0,4.0,3.1770927462545884
5.0,16.0,7.793698445741241
2.0,5.0,1.108072342965352
7.0,24.0,1.9440923204401683
13.0,39.0,2.488914375639675
16.0,53.0,2.5682144893224264
3.0,20.0,0.5664216368906548
3.0,23.0,0.5568927811015932
12.0,43.0,1.385539139145806
20.0,65.0,1.7387440470760214
18.0,45.0,0.938953280644962
1.0,4.0,3.1770927462545884
7.0,16.0,7.793698445741241
1.0,5.0,1.108072342965352
10.0,24.0,1.9440923204401683
14.0,39.0,2.488914375639675
27.0,53.0,2.5682144893224264
6.0,20.0,0.5664216368906548
9.0,23.0,0.5568927811015932
12.0,43.0,1.385539139145806
27.0,65.0,1.7387440470760214
11.0,45.0,0.938953280644962
1.0,4.0,3.1770927462545884
9.0,16.0,7.793698445741241
2.0,5.0,1.108072342965352
10.0,24.0,1.9440923204401683
18.0,39.0,2.488914375639675
27.0,53.0,2.5682144893224264
11.0,20.0,0.5664216368906548
13.0,23.0,0.5568927811015932
22.0,43.0,1.385539139145806
33.0,65.0,1.7387440470760214
21.0,45.0,0.938953280644962
1.0,4.0,3.1770927462545884
11.0,16.0,7.793698445741241
2.0,5.0,1.108072342965352
18.0,24.0,1.9440923204401683
23.0,39.0,2.488914375639675
36.0,53.0,2.5682144893224264
8.0,20.0,0.5664216368906548
14.0,23.0,0.5568927811015932
26.0,43.0,1.385539139145806
38.0,65.0,1.7387440470760214
30.0,45.0,0.938953280644962
3.0,4.0,3.1770927462545884
11.0,16.0,7.793698445741241
3.0,5.0,1.108072342965352
16.0,24.0,1.9440923204401683
25.0,39.0,2.488914375639675
42.0,53.0,2.5682144893224264
12.0,20.0,0.5664216368906548
16.0,23.0,0.5568927811015932
33.0,43.0,1.385539139145806
46.0,65.0,1.7387440470760214
34.0,45.0,0.938953280644962
4.0,4.0,3.1770927462545884
12.0,16.0,7.793698445741241
4.0,5.0,1.108072342965352
15.0,24.0,1.9440923204401683
28.0,39.0,2.488914375639675
44.0,53.0,2.5682144893224264
16.0,20.0,0.5664216368906548
18.0,23.0,0.5568927811015932
38.0,43.0,1.385539139145806
53.0,65.0,1.7387440470760214
35.0,45.0,0.938953280644962
4.0,4.0,3.1770927462545884
15.0,16.0,7.793698445741241
5.0,5.0,1.108072342965352
23.0,24.0,1.9440923204401683
34.0,39.0,2.488914375639675
49.0,53.0,2.5682144893224264
18.0,20.0,0.5664216368906548
19.0,23.0,0.5568927811015932
39.0,43.0,1.385539139145806
63.0,65.0,1.7387440470760214
43.0,45.0,0.938953280644962
1.0,3.0,7.778736701455239
3.0,14.0,9.623743190845742
0.0,3.0,0.679398689719767
0.0,19.0,1.8085163845304006
0.0,12.0,1.3478040972598946
1.0,6.0,0.5021263485836128
2.0,32.0,2.1047489351121067
1.0,9.0,0.46030653206789024
3.0,10.0,0.7846349367857564
1.0,24.0,2.052033749354177
4.0,36.0,2.4571014480329287
1.0,3.0,7.778736701455239
3.0,14.0,9.623743190845742
1.0,3.0,0.679398689719767
6.0,19.0,1.8085163845304006
5.0,12.0,1.3478040972598946
1.0,6.0,0.5021263485836128
5.0,32.0,2.1047489351121067
3.0,9.0,0.46030653206789024
3.0,10.0,0.7846349367857564
3.0,24.0,2.052033749354177
10.0,36.0,2.4571014480329287
2.0,3.0,7.778736701455239
6.0,14.0,9.623743190845742
0.0,3.0,0.679398689719767
7.0,19.0,1.8085163845304006
5.0,12.0,1.3478040972598946
2.0,6.0,0.5021263485836128
4.0,32.0,2.1047489351121067
2.0,9.0,0.46030653206789024
2.0,10.0,0.7846349367857564
5.0,24.0,2.052033749354177
10.0,36.0,2.4571014480329287
1.0,3.0,7.778736701455239
5.0,14.0,9.623743190845742
1.0,3.0,0.679398689719767
8.0,19.0,1.8085163845304006
6.0,12.0,1.3478040972598946
1.0,6.0,0.5021263485836128
12.0,32.0,2.1047489351121067
2.0,9.0,0.46030653206789024
5.0,10.0,0.7846349367857564
9.0,24.0,2.052033749354177
15.0,36.0,2.4571014480329287
2.0,3.0,7.778736701455239
11.0,14.0,9.623743190845742
2.0,3.0,0.679398689719767
10.0,19.0,1.8085163845304006
7.0,12.0,1.3478040972598946
4.0,6.0,0.5021263485836128
19.0,32.0,2.1047489351121067
3.0,9.0,0.46030653206789024
2.0,10.0,0.7846349367857564
10.0,24.0,2.052033749354177
14.0,36.0,2.4571014480329287
2.0,3.0,7.778736701455239
7.0,14.0,9.623743190845742
3.0,3.0,0.679398689719767
12.0,19.0,1.8085163845304006
9.0,12.0,1.3478040972598946
3.0,6.0,0.5021263485836128
19.0,32.0,2.1047489351121067
8.0,9.0,0.46030653206789024
7.0,10.0,0.7846349367857564
17.0,24.0,2.052033749354177
18.0,36.0,2.4571014480329287
1.0,3.0,7.778736701455239
10.0,14.0,9.623743190845742
3.0,3.0,0.679398689719767
13.0,19.0,1.8085163845304006
9.0,12.0,1.3478040972598946
5.0,6.0,0.5021263485836128
22.0,32.0,2.1047489351121067
6.0,9.0,0.46030653206789024
7.0,10.0,0.7846349367857564
15.0,24.0,2.052033749354177
29.0,36.0,2.4571014480329287
2.0,3.0,7.778736701455239
12.0,14.0,9.623743190845742
2.0,3.0,0.679398689719767
14.0,19.0,1.8085163845304006
8.0,12.0,1.3478040972598946
5.0,6.0,0.5021263485836128
23.0,32.0,2.1047489351121067
9.0,9.0,0.46030653206789024
8.0,10.0,0.7846349367857564
21.0,24.0,2.052033749354177
31.0,36.0,2.4571014480329287
3.0,3.0,7.778736701455239
12.0,14.0,9.623743190845742
3.0,3.0,0.679398689719767
19.0,19.0,1.8085163845304006
11.0,12.0,1.3478040972598946
6.0,6.0,0.5021263485836128
26.0,32.0,2.1047489351121067
9.0,9.0,0.46030653206789024
10.0,10.0,0.7846349367857564
20.0,24.0,2.052033749354177
32.0,36.0,2.4571014480329287
1.0,3.0,7.2827097027847945
3.0,4.0,1.5261759880130934
1.0,5.0,3.050722974491604
0.0,5.0,1.1066169294177441
3.0,19.0,5.303686166952753
2.0,10.0,1.6855856867399972
3.0,21.0,1.6711738491554633
0.0,3.0,0.30353891827514806
8.0,67.0,4.354883006815127
2.0,14.0,0.5307698693105548
1.0,28.0,1.0095456816268353
1.0,3.0,7.2827097027847945
1.0,4.0,1.5261759880130934
1.0,5.0,3.050722974491604
2.0,5.0,1.1066169294177441
4.0,19.0,5.303686166952753
3.0,10.0,1.6855856867399972
1.0,21.0,1.6711738491554633
0.0,3.0,0.30353891827514806
8.0,67.0,4.354883006815127
1.0,14.0,0.5307698693105548
10.0,28.0,1.0095456816268353
2.0,3.0,7.2827097027847945
2.0,4.0,1.5261759880130934
0.0,5.0,3.050722974491604
1.0,5.0,1.1066169294177441
9.0,19.0,5.303686166952753
3.0,10.0,1.6855856867399972
3.0,21.0,1.6711738491554633
1.0,3.0,0.30353891827514806
15.0,67.0,4.354883006815127
3.0,14.0,0.5307698693105548
5.0,28.0,1.0095456816268353
2.0,3.0,7.2827097027847945
2.0,4.0,1.5261759880130934
1.0,5.0,3.050722974491604
2.0,5.0,1.1066169294177441
6.0,19.0,5.303686166952753
4.0,10.0,1.6855856867399972
8.0,21.0,1.6711738491554633
1.0,3.0,0.30353891827514806
29.0,67.0,4.354883006815127
6.0,14.0,0.5307698693105548
9.0,28.0,1.0095456816268353
1.0,3.0,7.2827097027847945
2.0,4.0,1.5261759880130934
2.0,5.0,3.050722974491604
3.0,5.0,1.1066169294177441
7.0,19.0,5.303686166952753
6.0,10.0,1.6855856867399972
7.0,21.0,1.6711738491554633
1.0,3.0,0.30353891827514806
35.0,67.0,4.354883006815127
10.0,14.0,0.5307698693105548
11.0,28.0,1.0095456816268353
2.0,3.0,7.2827097027847945
4.0,4.0,1.5261759880130934
1.0,5.0,3.050722974491604
3.0,5.0,1.1066169294177441
13.0,19.0,5.303686166952753
7.0,10.0,1.6855856867399972
11.0,21.0,1.6711738491554633
1.0,3.0,0.30353891827514806
46.0,67.0,4.354883006815127
7.0,14.0,0.5307698693105548
18.0,28.0,1.0095456816268353
3.0,3.0,7.2827097027847945
4.0,4.0,1.5261759880130934
5.0,5.0,3.050722974491604
4.0,5.0,1.1066169294177441
16.0,19.0,5.303686166952753
9.0,10.0,1.6855856867399972
16.0,21.0,1.6711738491554633
3.0,3.0,0.30353891827514806
45.0,67.0,4.354883006815127
13.0,14.0,0.5307698693105548
18.0,28.0,1.0095456816268353
2.0,3.0,7.2827097027847945
3.0,4.0,1.5261759880130934
1.0,5.0,3.050722974491604
5.0,5.0,1.1066169294177441
15.0,19.0,5.303686166952753
8.0,10.0,1.6855856867399972
18.0,21.0,1.6711738491554633
3.0,3.0,0.30353891827514806
51.0,67.0,4.354883006815127
10.0,14.0,0.5307698693105548
25.0,28.0,1.0095456816268353
3.0,3.0,7.2827097027847945
4.0,4.0,1.5261759880130934
4.0,5.0,3.050722974491604
5.0,5.0,1.1066169294177441
18.0,19.0,5.303686166952753
7.0,10.0,1.6855856867399972
21.0,21.0,1.6711738491554633
3.0,3.0,0.30353891827514806
57.0,67.0,4.354883006815127
14.0,14.0,0.5307698693105548
23.0,28.0,1.0095456816268353
2.0,6.0,2.15964807600487
1.0,12.0,5.221351793817626
1.0,28.0,3.914851488782915
3.0,34.0,1.8400867651993398
4.0,43.0,1.7778692153767723
0.0,29.0,0.6921896629492461
0.0,11.0,0.1701102459800232
0.0,9.0,0.35073233032758283
2.0,13.0,0.7565268529886825
4.0,25.0,1.30596718314482
4.0,17.0,0.6793010503263391
1.0,6.0,2.15964807600487
1.0,12.0,5.221351793817626
5.0,28.0,3.914851488782915
6.0,34.0,1.8400867651993398
8.0,43.0,1.7778692153767723
5.0,29.0,0.6921896629492461
1.0,11.0,0.1701102459800232
1.0,9.0,0.35073233032758283
3.0,13.0,0.7565268529886825
5.0,25.0,1.30596718314482
5.0,17.0,0.6793010503263391
3.0,6.0,2.15964807600487
1.0,12.0,5.221351793817626
2.0,28.0,3.914851488782915
10.0,34.0,1.8400867651993398
17.0,43.0,1.7778692153767723
7.0,29.0,0.6921896629492461
4.0,11.0,0.1701102459800232
1.0,9.0,0.35073233032758283
5.0,13.0,0.7565268529886825
5.0,25.0,1.30596718314482
1.0,17.0,0.6793010503263391
3.0,6.0,2.15964807600487
5.0,12.0,5.221351793817626
11.0,28.0,3.914851488782915
12.0,34.0,1.8400867651993398
14.0,43.0,1.7778692153767723
9.0,29.0,0.6921896629492461
3.0,11.0,0.1701102459800232
2.0,9.0,0.35073233032758283
5.0,13.0,0.7565268529886825
8.0,25.0,1.30596718314482
4.0,17.0,0.6793010503263391
3.0,6.0,2.15964807600487
3.0,12.0,5.221351793817626
13.0,28.0,3.914851488782915
22.0,34.0,1.8400867651993398
27.0,43.0,1.7778692153767723
14.0,29.0,0.6921896629492461
4.0,11.0,0.1701102459800232
3.0,9.0,0.35073233032758283
8.0,13.0,0.7565268529886825
18.0,25.0,1.30596718314482
8.0,17.0,0.6793010503263391
6.0,6.0,2.15964807600487
7.0,12.0,5.221351793817626
14.0,28.0,3.914851488782915
19.0,34.0,1.8400867651993398
21.0,43.0,1.7778692153767723
15.0,29.0,0.6921896629492461
6.0,11.0,0.1701102459800232
6.0,9.0,0.35073233032758283
9.0,13.0,0.7565268529886825
17.0,25.0,1.30596718314482
12.0,17.0,0.6793010503263391
4.0,6.0,2.15964807600487
9.0,12.0,5.221351793817626
22.0,28.0,3.914851488782915
22.0,34.0,1.8400867651993398
27.0,43.0,1.7778692153767723
20.0,29.0,0.6921896629492461
6.0,11.0,0.1701102459800232
6.0,9.0,0.35073233032758283
7.0,13.0,0.7565268529886825
17.0,25.0,1.30596718314482
10.0,17.0,0.6793010503263391
6.0,6.0,2.15964807600487
10.0,12.0,5.221351793817626
21.0,28.0,3.914851488782915
24.0,34.0,1.8400867651993398
34.0,43.0,1.7778692153767723
21.0,29.0,0.6921896629492461
8.0,11.0,0.1701102459800232
7.0,9.0,0.35073233032758283
8.0,13.0,0.7565268529886825
20.0,25.0,1.30596718314482
11.0,17.0,0.6793010503263391
5.0,6.0,2.15964807600487
12.0,12.0,5.221351793817626
24.0,28.0,3.914851488782915
30.0,34.0,1.8400867651993398
38.0,43.0,1.7778692153767723
26.0,29.0,0.6921896629492461
10.0,11.0,0.1701102459800232
9.0,9.0,0.35073233032758283
11.0,13.0,0.7565268529886825
21.0,25.0,1.30596718314482
17.0,17.0,0.6793010503263391
2.0,3.0,3.0288629476796873
2.0,7.0,4.899395980635769
0.0,4.0,0.6195334959949427
1.0,4.0,0.5243781235304571
1.0,7.0,1.5969335821128308
1.0,10.0,1.813577314463628
3.0,19.0,2.612728765803508
2.0,23.0,1.7991547086326543
3.0,24.0,1.4475414817013577
2.0,6.0,0.6074701244109151
2.0,23.0,1.6068981236906001
1.0,3.0,3.0288629476796873
0.0,7.0,4.899395980635769
2.0,4.0,0.6195334959949427
0.0,4.0,0.5243781235304571
1.0,7.0,1.5969335821128308
4.0,10.0,1.813577314463628
6.0,19.0,2.612728765803508
5.0,23.0,1.7991547086326543
4.0,24.0,1.4475414817013577
2.0,6.0,0.6074701244109151
7.0,23.0,1.6068981236906001
1.0,3.0,3.0288629476796873
3.0,7.0,4.899395980635769
3.0,4.0,0.6195334959949427
1.0,4.0,0.5243781235304571
1.0,7.0,1.5969335821128308
3.0,10.0,1.813577314463628
7.0,19.0,2.612728765803508
5.0,23.0,1.7991547086326543
7.0,24.0,1.4475414817013577
2.0,6.0,0.6074701244109151
6.0,23.0,1.6068981236906001
2.0,3.0,3.0288629476796873
3.0,7.0,4.899395980635769
2.0,4.0,0.6195334959949427
1.0,4.0,0.5243781235304571
1.0,7.0,1.5969335821128308
1.0,10.0,1.813577314463628
9.0,19.0,2.612728765803508
8.0,23.0,1.7991547086326543
14.0,24.0,1.4475414817013577
1.0,6.0,0.6074701244109151
10.0,23.0,1.6068981236906001
3.0,3.0,3.0288629476796873
4.0,7.0,4.899395980635769
2.0,4.0,0.6195334959949427
1.0,4.0,0.5243781235304571
5.0,7.0,1.5969335821128308
4.0,10.0,1.813577314463628
9.0,19.0,2.612728765803508
7.0,23.0,1.7991547086326543
9.0,24.0,1.4475414817013577
3.0,6.0,0.6074701244109151
15.0,23.0,1.6068981236906001
2.0,3.0,3.0288629476796873
3.0,7.0,4.899395980635769
2.0,4.0,0.6195334959949427
2.0,4.0,0.5243781235304571
2.0,7.0,1.5969335821128308
8.0,10.0,1.813577314463628
9.0,19.0,2.612728765803508
14.0,23.0,1.7991547086326543
13.0,24.0,1.4475414817013577
5.0,6.0,0.6074701244109151
15.0,23.0,1.6068981236906001
3.0,3.0,3.0288629476796873
2.0,7.0,4.899395980635769
4.0,4.0,0.6195334959949427
2.0,4.0,0.5243781235304571
5.0,7.0,1.5969335821128308
6.0,10.0,1.813577314463628
17.0,19.0,2.612728765803508
17.0,23.0,1.7991547086326543
18.0,24.0,1.4475414817013577
5.0,6.0,0.6074701244109151
16.0,23.0,1.6068981236906001
2.0,3.0,3.0288629476796873
6.0,7.0,4.899395980635769
4.0,4.0,0.6195334959949427
3.0,4.0,0.5243781235304571
6.0,7.0,1.5969335821128308
9.0,10.0,1.813577314463628
13.0,19.0,2.612728765803508
17.0,23.0,1.7991547086326543
21.0,24.0,1.4475414817013577
4.0,6.0,0.6074701244109151
19.0,23.0,1.6068981236906001
3.0,3.0,3.0288629476796873
7.0,7.0,4.899395980635769
4.0,4.0,0.6195334959949427
3.0,4.0,0.5243781235304571
7.0,7.0,1.5969335821128308
8.0,10.0,1.813577314463628
17.0,19.0,2.612728765803508
19.0,23.0,1.7991547086326543
20.0,24.0,1.4475414817013577
5.0,6.0,0.6074701244109151
22.0,23.0,1.6068981236906001
1.0,3.0,2.4674705604147604
0.0,4.0,3.1064369735272415
0.0,6.0,3.9578982371746787
0.0,7.0,1.4907049323032575
4.0,38.0,5.590579301635865
0.0,15.0,0.8188854319566127
3.0,27.0,1.8184245430045713
3.0,42.0,2.1379480464891985
4.0,34.0,1.3070918412955985
6.0,70.0,2.164284920645155
5.0,39.0,0.8704727832808163
1.0,3.0,2.4674705604147604
1.0,4.0,3.1064369735272415
1.0,6.0,3.9578982371746787
1.0,7.0,1.4907049323032575
7.0,38.0,5.590579301635865
3.0,15.0,0.8188854319566127
5.0,27.0,1.8184245430045713
5.0,42.0,2.1379480464891985
6.0,34.0,1.3070918412955985
12.0,70.0,2.164284920645155
5.0,39.0,0.8704727832808163
1.0,3.0,2.4674705604147604
2.0,4.0,3.1064369735272415
1.0,6.0,3.9578982371746787
2.0,7.0,1.4907049323032575
9.0,38.0,5.590579301635865
6.0,15.0,0.8188854319566127
12.0,27.0,1.8184245430045713
11.0,42.0,2.1379480464891985
13.0,34.0,1.3070918412955985
15.0,70.0,2.164284920645155
12.0,39.0,0.8704727832808163
1.0,3.0,2.4674705604147604
3.0,4.0,3.1064369735272415
3.0,6.0,3.9578982371746787
2.0,7.0,1.4907049323032575
14.0,38.0,5.590579301635865
6.0,15.0,0.8188854319566127
11.0,27.0,1.8184245430045713
15.0,42.0,2.1379480464891985
14.0,34.0,1.3070918412955985
26.0,70.0,2.164284920645155
18.0,39.0,0.8704727832808163
1.0,3.0,2.4674705604147604
3.0,4.0,3.1064369735272415
3.0,6.0,3.9578982371746787
4.0,7.0,1.4907049323032575
19.0,38.0,5.590579301635865
8.0,15.0,0.8188854319566127
12.0,27.0,1.8184245430045713
26.0,42.0,2.1379480464891985
21.0,34.0,1.3070918412955985
41.0,70.0,2.164284920645155
20.0,39.0,0.8704727832808163
3.0,3.0,2.4674705604147604
1.0,4.0,3.1064369735272415
4.0,6.0,3.9578982371746787
4.0,7.0,1.4907049323032575
21.0,38.0,5.590579301635865
9.0,15.0,0.8188854319566127
13.0,27.0,1.8184245430045713
28.0,42.0,2.1379480464891985
19.0,34.0,1.3070918412955985
45.0,70.0,2.164284920645155
24.0,39.0,0.8704727832808163
2.0,3.0,2.4674705604147604
3.0,4.0,3.1064369735272415
3.0,6.0,3.9578982371746787
3.0,7.0,1.4907049323032575
29.0,38.0,5.590579301635865
10.0,15.0,0.8188854319566127
17.0,27.0,1.8184245430045713
27.0,42.0,2.1379480464891985
21.0,34.0,1.3070918412955985
50.0,70.0,2.164284920645155
26.0,39.0,0.8704727832808163
3.0,3.0,2.4674705604147604
4.0,4.0,3.1064369735272415
4.0,6.0,3.9578982371746787
6.0,7.0,1.4907049323032575
33.0,38.0,5.590579301635865
11.0,15.0,0.8188854319566127
16.0,27.0,1.8184245430045713
37.0,42.0,2.1379480464891985
30.0,34.0,1.3070918412955985
51.0,70.0,2.164284920645155
31.0,39.0,0.8704727832808163
3.0,3.0,2.4674705604147604
4.0,4.0,3.1064369735272415
5.0,6.0,3.9578982371746787
4.0,7.0,1.4907049323032575
34.0,38.0,5.590579301635865
14.0,15.0,0.8188854319566127
26.0,27.0,1.8184245430045713
34.0,42.0,2.1379480464891985
28.0,34.0,1.3070918412955985
65.0,70.0,2.164284920645155
38.0,39.0,0.8704727832808163
2.0,4.0,7.585378465226892
0.0,7.0,3.8453453010015597
2.0,21.0,5.754231323655104
6.0,51.0,4.815417633922184
0.0,20.0,1.1194011893700961
3.0,15.0,0.3502207876817316
5.0,18.0,0.5636769028537115
1.0,10.0,0.8620854152299248
1.0,21.0,1.4236834696136644
0.0,5.0,0.28018105450031333
1.0,4.0,0.27776990695846376
1.0,4.0,7.585378465226892
2.0,7.0,3.8453453010015597
5.0,21.0,5.754231323655104
7.0,51.0,4.815417633922184
2.0,20.0,1.1194011893700961
4.0,15.0,0.3502207876817316
3.0,18.0,0.5636769028537115
4.0,10.0,0.8620854152299248
5.0,21.0,1.4236834696136644
1.0,5.0,0.28018105450031333
1.0,4.0,0.27776990695846376
2.0,4.0,7.585378465226892
3.0,7.0,3.8453453010015597
6.0,21.0,5.754231323655104
14.0,51.0,4.815417633922184
6.0,20.0,1.1194011893700961
7.0,15.0,0.3502207876817316
3.0,18.0,0.5636769028537115
6.0,10.0,0.8620854152299248
5.0,21.0,1.4236834696136644
2.0,5.0,0.28018105450031333
2.0,4.0,0.27776990695846376
1.0,4.0,7.585378465226892
3.0,7.0,3.8453453010015597
6.0,21.0,5.754231323655104
19.0,51.0,4.815417633922184
9.0,20.0,1.1194011893700961
6.0,15.0,0.3502207876817316
7.0,18.0,0.5636769028537115
3.0,10.0,0.8620854152299248
11.0,21.0,1.4236834696136644
2.0,5.0,0.28018105450031333
1.0,4.0,0.27776990695846376
1.0,4.0,7.585378465226892
5.0,7.0,3.8453453010015597
10.0,21.0,5.754231323655104
25.0,51.0,4.815417633922184
8.0,20.0,1.1194011893700961
9.0,15.0,0.3502207876817316
13.0,18.0,0.5636769028537115
6.0,10.0,0.8620854152299248
14.0,21.0,1.4236834696136644
2.0,5.0,0.28018105450031333
1.0,4.0,0.27776990695846376
2.0,4.0,7.585378465226892
4.0,7.0,3.8453453010015597
13.0,21.0,5.754231323655104
30.0,51.0,4.815417633922184
14.0,20.0,1.1194011893700961
12.0,15.0,0.3502207876817316
14.0,18.0,0.5636769028537115
4.0,10.0,0.8620854152299248
15.0,21.0,1.4236834696136644
3.0,5.0,0.28018105450031333
2.0,4.0,0.27776990695846376
2.0,4.0,7.585378465226892
4.0,7.0,3.8453453010015597
14.0,21.0,5.754231323655104
38.0,51.0,4.815417633922184
15.0,20.0,1.1194011893700961
11.0,15.0,0.3502207876817316
15.0,18.0,0.5636769028537115
6.0,10.0,0.8620854152299248
14.0,21.0,1.4236834696136644
5.0,5.0,0.28018105450031333
1.0,4.0,0.27776990695846376
2.0,4.0,7.585378465226892
5.0,7.0,3.8453453010015597
20.0,21.0,5.754231323655104
42.0,51.0,4.815417633922184
18.0,20.0,1.1194011893700961
13.0,15.0,0.3502207876817316
14.0,18.0,0.5636769028537115
8.0,10.0,0.8620854152299248
16.0,21.0,1.4236834696136644
5.0,5.0,0.28018105450031333
2.0,4.0,0.27776990695846376
4.0,4.0,7.585378465226892
7.0,7.0,3.8453453010015597
21.0,21.0,5.754231323655104
41.0,51.0,4.815417633922184
18.0,20.0,1.1194011893700961
12.0,15.0,0.3502207876817316
17.0,18.0,0.5636769028537115
9.0,10.0,0.8620854152299248
19.0,21.0,1.4236834696136644
3.0,5.0,0.28018105450031333
3.0,4.0,0.27776990695846376
1.0,3.0,3.116176743652172
0.0,7.0,3.688323593820179
1.0,9.0,2.8107065632336523
2.0,19.0,2.25612748671055
3.0,23.0,1.8896489357267654
1.0,14.0,0.7614572070709367
3.0,31.0,2.1194857035188517
0.0,5.0,0.19541497055232274
5.0,77.0,3.718707786946826
0.0,7.0,0.14878741890348296
6.0,51.0,1.3666739064392188
1.0,3.0,3.116176743652172
1.0,7.0,3.688323593820179
1.0,9.0,2.8107065632336523
1.0,19.0,2.25612748671055
4.0,23.0,1.8896489357267654
4.0,14.0,0.7614572070709367
7.0,31.0,2.1194857035188517
2.0,5.0,0.19541497055232274
14.0,77.0,3.718707786946826
1.0,7.0,0.14878741890348296
9.0,51.0,1.3666739064392188
1.0,3.0,3.116176743652172
5.0,7.0,3.688323593820179
3.0,9.0,2.8107065632336523
3.0,19.0,2.25612748671055
5.0,23.0,1.8896489357267654
1.0,14.0,0.7614572070709367
11.0,31.0,2.1194857035188517
2.0,5.0,0.19541497055232274
23.0,77.0,3.718707786946826
1.0,7.0,0.14878741890348296
17.0,51.0,1.3666739064392188
2.0,3.0,3.116176743652172
1.0,7.0,3.688323593820179
4.0,9.0,2.8107065632336523
5.0,19.0,2.25612748671055
8.0,23.0,1.8896489357267654
6.0,14.0,0.7614572070709367
13.0,31.0,2.1194857035188517
1.0,5.0,0.19541497055232274
27.0,77.0,3.718707786946826
6.0,7.0,0.14878741890348296
17.0,51.0,1.3666739064392188
2.0,3.0,3.116176743652172
3.0,7.0,3.688323593820179
7.0,9.0,2.8107065632336523
13.0,19.0,2.25612748671055
10.0,23.0,1.8896489357267654
9.0,14.0,0.7614572070709367
16.0,31.0,2.1194857035188517
3.0,5.0,0.19541497055232274
39.0,77.0,3.718707786946826
1.0,7.0,0.14878741890348296
26.0,51.0,1.3666739064392188
1.0,3.0,3.116176743652172
6.0,7.0,3.688323593820179
3.0,9.0,2.8107065632336523
9.0,19.0,2.25612748671055
13.0,23.0,1.8896489357267654
5.0,14.0,0.7614572070709367
17.0,31.0,2.1194857035188517
3.0,5.0,0.19541497055232274
49.0,77.0,3.718707786946826
3.0,7.0,0.14878741890348296
33.0,51.0,1.3666739064392188
3.0,3.0,3.116176743652172
6.0,7.0,3.688323593820179
7.0,9.0,2.8107065632336523
13.0,19.0,2.25612748671055
15.0,23.0,1.8896489357267654
9.0,14.0,0.7614572070709367
21.0,31.0,2.1194857035188517
3.0,5.0,0.19541497055232274
54.0,77.0,3.718707786946826
5.0,7.0,0.14878741890348296
40.0,51.0,1.3666739064392188
2.0,3.0,3.116176743652172
7.0,7.0,3.688323593820179
8.0,9.0,2.8107065632336523
16.0,19.0,2.25612748671055
20.0,23.0,1.8896489357267654
12.0,14.0,0.7614572070709367
24.0,31.0,2.1194857035188517
2.0,5.0,0.19541497055232274
65.0,77.0,3.718707786946826
7.0,7.0,0.14878741890348296
47.0,51.0,1.3666739064392188
3.0,3.0,3.116176743652172
6.0,7.0,3.688323593820179
9.0,9.0,2.8107065632336523
16.0,19.0,2.25612748671055
18.0,23.0,1.8896489357267654
14.0,14.0,0.7614572070709367
25.0,31.0,2.1194857035188517
5.0,5.0,0.19541497055232274
69.0,77.0,3.718707786946826
7.0,7.0,0.14878741890348296
48.0,51.0,1.3666739064392188
2.0,5.0,8.45279297151814
1.0,2.0,1.3886382566086808
2.0,27.0,6.880937969549625
1.0,12.0,1.7000652056468848
3.0,33.0,2.211678482434316
1.0,9.0,0.4982647680953653
9.0,36.0,1.9732073975192086
1.0,7.0,0.2983356539002393
4.0,84.0,3.921714220307936
7.0,40.0,0.8879828519952034
1.0,12.0,0.45864912740038
1.0,5.0,8.45279297151814
0.0,2.0,1.3886382566086808
6.0,27.0,6.880937969549625
5.0,12.0,1.7000652056468848
8.0,33.0,2.211678482434316
2.0,9.0,0.4982647680953653
8.0,36.0,1.9732073975192086
2.0,7.0,0.2983356539002393
22.0,84.0,3.921714220307936
9.0,40.0,0.8879828519952034
1.0,12.0,0.45864912740038
1.0,5.0,8.45279297151814
0.0,2.0,1.3886382566086808
8.0,27.0,6.880937969549625
2.0,12.0,1.7000652056468848
4.0,33.0,2.211678482434316
2.0,9.0,0.4982647680953653
15.0,36.0,1.9732073975192086
1.0,7.0,0.2983356539002393
27.0,84.0,3.921714220307936
10.0,40.0,0.8879828519952034
4.0,12.0,0.45864912740038
3.0,5.0,8.45279297151814
1.0,2.0,1.3886382566086808
12.0,27.0,6.880937969549625
6.0,12.0,1.7000652056468848
12.0,33.0,2.211678482434316
2.0,9.0,0.4982647680953653
15.0,36.0,1.9732073975192086
3.0,7.0,0.2983356539002393
38.0,84.0,3.921714220307936
14.0,40.0,0.8879828519952034
5.0,12.0,0.45864912740038
2.0,5.0,8.45279297151814
0.0,2.0,1.3886382566086808
10.0,27.0,6.880937969549625
5.0,12.0,1.7000652056468848
16.0,33.0,2.211678482434316
5.0,9.0,0.4982647680953653
22.0,36.0,1.9732073975192086
4.0,7.0,0.2983356539002393
36.0,84.0,3.921714220307936
23.0,40.0,0.8879828519952034
4.0,12.0,0.45864912740038
4.0,5.0,8.45279297151814
1.0,2.0,1.3886382566086808
16.0,27.0,6.880937969549625
6.0,12.0,1.7000652056468848
20.0,33.0,2.211678482434316
5.0,9.0,0.4982647680953653
23.0,36.0,1.9732073975192086
2.0,7.0,0.2983356539002393
48.0,84.0,3.921714220307936
26.0,40.0,0.8879828519952034
7.0,12.0,0.45864912740038
4.0,5.0,8.45279297151814
2.0,2.0,1.3886382566086808
18.0,27.0,6.880937969549625
5.0,12.0,1.7000652056468848
27.0,33.0,2.211678482434316
9.0,9.0,0.4982647680953653
27.0,36.0,1.9732073975192086
6.0,7.0,0.2983356539002393
70.0,84.0,3.921714220307936
25.0,40.0,0.8879828519952034
6.0,12.0,0.45864912740038
5.0,5.0,8.45279297151814
1.0,2.0,1.3886382566086808
22.0,27.0,6.880937969549625
10.0,12.0,1.7000652056468848
25.0,33.0,2.211678482434316
8.0,9.0,0.4982647680953653
32.0,36.0,1.9732073975192086
6.0,7.0,0.2983356539002393
71.0,84.0,3.921714220307936
30.0,40.0,0.8879828519952034
9.0,12.0,0.45864912740038
5.0,5.0,8.45279297151814
1.0,2.0,1.3886382566086808
24.0,27.0,6.880937969549625
12.0,12.0,1.7000652056468848
32.0,33.0,2.211678482434316
9.0,9.0,0.4982647680953653
32.0,36.0,1.9732073975192086
6.0,7.0,0.2983356539002393
72.0,84.0,3.921714220307936
35.0,40.0,0.8879828519952034
10.0,12.0,0.45864912740038
1.0,6.0,9.23128714187061
0.0,9.0,3.1091260170604893
1.0,23.0,4.182298906649715
2.0,18.0,1.5161366790065043
4.0,10.0,0.7244476869742399
3.0,33.0,1.8038630174354082
1.0,20.0,0.7630779920675818
5.0,36.0,1.6365228495295594
1.0,11.0,0.6296614504247463
2.0,47.0,1.9985914042603872
1.0,6.0,0.32043945567043475
2.0,6.0,9.23128714187061
3.0,9.0,3.1091260170604893
2.0,23.0,4.182298906649715
6.0,18.0,1.5161366790065043
3.0,10.0,0.7244476869742399
7.0,33.0,1.8038630174354082
6.0,20.0,0.7630779920675818
16.0,36.0,1.6365228495295594
0.0,11.0,0.6296614504247463
9.0,47.0,1.9985914042603872
4.0,6.0,0.32043945567043475
3.0,6.0,9.23128714187061
3.0,9.0,3.1091260170604893
8.0,23.0,4.182298906649715
4.0,18.0,1.5161366790065043
2.0,10.0,0.7244476869742399
11.0,33.0,1.8038630174354082
9.0,20.0,0.7630779920675818
8.0,36.0,1.6365228495295594
3.0,11.0,0.6296614504247463
20.0,47.0,1.9985914042603872
3.0,6.0,0.32043945567043475
2.0,6.0,9.23128714187061
4.0,9.0,3.1091260170604893
7.0,23.0,4.182298906649715
6.0,18.0,1.5161366790065043
6.0,10.0,0.7244476869742399
8.0,33.0,1.8038630174354082
9.0,20.0,0.7630779920675818
20.0,36.0,1.6365228495295594
5.0,11.0,0.6296614504247463
19.0,47.0,1.9985914042603872
2.0,6.0,0.32043945567043475
1.0,6.0,9.23128714187061
6.0,9.0,3.1091260170604893
13.0,23.0,4.182298906649715
7.0,18.0,1.5161366790065043
6.0,10.0,0.7244476869742399
15.0,33.0,1.8038630174354082
6.0,20.0,0.7630779920675818
13.0,36.0,1.6365228495295594
6.0,11.0,0.6296614504247463
24.0,47.0,1.9985914042603872
4.0,6.0,0.32043945567043475
3.0,6.0,9.23128714187061
4.0,9.0,3.1091260170604893
16.0,23.0,4.182298906649715
12.0,18.0,1.5161366790065043
5.0,10.0,0.7244476869742399
19.0,33.0,1.8038630174354082
11.0,20.0,0.7630779920675818
20.0,36.0,1.6365228495295594
6.0,11.0,0.6296614504247463
28.0,47.0,1.9985914042603872
4.0,6.0,0.32043945567043475
5.0,6.0,9.23128714187061
6.0,9.0,3.1091260170604893
16.0,23.0,4.182298906649715
14.0,18.0,1.5161366790065043
7.0,10.0,0.7244476869742399
25.0,33.0,1.8038630174354082
14.0,20.0,0.7630779920675818
27.0,36.0,1.6365228495295594
7.0,11.0,0.6296614504247463
37.0,47.0,1.9985914042603872
4.0,6.0,0.32043945567043475
5.0,6.0,9.23128714187061
9.0,9.0,3.1091260170604893
19.0,23.0,4.182298906649715
17.0,18.0,1.5161366790065043
7.0,10.0,0.7244476869742399
25.0,33.0,1.8038630174354082
15.0,20.0,0.7630779920675818
29.0,36.0,1.6365228495295594
10.0,11.0,0.6296614504247463
35.0,47.0,1.9985914042603872
6.0,6.0,0.32043945567043475
5.0,6.0,9.23128714187061
9.0,9.0,3.1091260170604893
19.0,23.0,4.182298906649715
14.0,18.0,1.5161366790065043
10.0,10.0,0.7244476869742399
31.0,33.0,1.8038630174354082
18.0,20.0,0.7630779920675818
29.0,36.0,1.6365228495295594
9.0,11.0,0.6296614504247463
43.0,47.0,1.9985914042603872
4.0,6.0,0.32043945567043475
1.0,2.0,2.3041734252078023
0.0,4.0,2.8888824830972886
6.0,23.0,7.534822310451196
0.0,14.0,1.9906712544930147
0.0,5.0,0.3299068737821139
3.0,14.0,1.4697736246646873
2.0,9.0,0.9083513673982028
8.0,32.0,2.5910684703037408
5.0,48.0,2.5876791649179816
7.0,41.0,1.1707132366217028
1.0,9.0,0.36021463513756297
1.0,2.0,2.3041734252078023
1.0,4.0,2.8888824830972886
5.0,23.0,7.534822310451196
3.0,14.0,1.9906712544930147
2.0,5.0,0.3299068737821139
2.0,14.0,1.4697736246646873
2.0,9.0,0.9083513673982028
6.0,32.0,2.5910684703037408
5.0,48.0,2.5876791649179816
8.0,41.0,1.1707132366217028
1.0,9.0,0.36021463513756297
2.0,2.0,2.3041734252078023
2.0,4.0,2.8888824830972886
7.0,23.0,7.534822310451196
4.0,14.0,1.9906712544930147
2.0,5.0,0.3299068737821139
2.0,14.0,1.4697736246646873
4.0,9.0,0.9083513673982028
9.0,32.0,2.5910684703037408
15.0,48.0,2.5876791649179816
13.0,41.0,1.1707132366217028
3.0,9.0,0.36021463513756297
1.0,2.0,2.3041734252078023
1.0,4.0,2.8888824830972886
9.0,23.0,7.534822310451196
7.0,14.0,1.9906712544930147
1.0,5.0,0.3299068737821139
4.0,14.0,1.4697736246646873
4.0,9.0,0.9083513673982028
9.0,32.0,2.5910684703037408
19.0,48.0,2.5876791649179816
20.0,41.0,1.1707132366217028
1.0,9.0,0.36021463513756297
1.0,2.0,2.3041734252078023
3.0,4.0,2.8888824830972886
11.0,23.0,7.534822310451196
5.0,14.0,1.9906712544930147
1.0,5.0,0.3299068737821139
8.0,14.0,1.4697736246646873
7.0,9.0,0.9083513673982028
16.0,32.0,2.5910684703037408
24.0,48.0,2.5876791649179816
24.0,41.0,1.1707132366217028
5.0,9.0,0.36021463513756297
1.0,2.0,2.3041734252078023
2.0,4.0,2.8888824830972886
14.0,23.0,7.534822310451196
6.0,14.0,1.9906712544930147
3.0,5.0,0.3299068737821139
7.0,14.0,1.4697736246646873
7.0,9.0,0.9083513673982028
24.0,32.0,2.5910684703037408
30.0,48.0,2.5876791649179816
27.0,41.0,1.1707132366217028
5.0,9.0,0.36021463513756297
1.0,2.0,2.3041734252078023
4.0,4.0,2.8888824830972886
20.0,23.0,7.534822310451196
9.0,14.0,1.9906712544930147
2.0,5.0,0.3299068737821139
9.0,14.0,1.4697736246646873
6.0,9.0,0.9083513673982028
23.0,32.0,2.5910684703037408
33.0,48.0,2.5876791649179816
32.0,41.0,1.1707132366217028
8.0,9.0,0.36021463513756297
2.0,2.0,2.3041734252078023
3.0,4.0,2.8888824830972886
19.0,23.0,7.534822310451196
13.0,14.0,1.9906712544930147
4.0,5.0,0.3299068737821139
11.0,14.0,1.4697736246646873
6.0,9.0,0.9083513673982028
26.0,32.0,2.5910684703037408
41.0,48.0,2.5876791649179816
30.0,41.0,1.1707132366217028
8.0,9.0,0.36021463513756297
2.0,2.0,2.3041734252078023
4.0,4.0,2.8888824830972886
22.0,23.0,7.534822310451196
13.0,14.0,1.9906712544930147
5.0,5.0,0.3299068737821139
10.0,14.0,1.4697736246646873
9.0,9.0,0.9083513673982028
29.0,32.0,2.5910684703037408
44.0,48.0,2.5876791649179816
40.0,41.0,1.1707132366217028
7.0,9.0,0.36021463513756297
1.0,8.0,6.089592494311057
3.0,26.0,6.095165827809616
0.0,4.0,0.4591826944173442
1.0,9.0,0.679482094047816
1.0,10.0,1.188128781532047
0.0,7.0,1.0183155545880465
2.0,10.0,1.317159468901341
2.0,13.0,1.5793919464088193
1.0,8.0,1.0359872572524995
3.0,19.0,1.4833512351580047
1.0,13.0,1.3445010494745933
4.0,8.0,6.089592494311057
8.0,26.0,6.095165827809616
1.0,4.0,0.4591826944173442
0.0,9.0,0.679482094047816
1.0,10.0,1.188128781532047
2.0,7.0,1.0183155545880465
2.0,10.0,1.317159468901341
2.0,13.0,1.5793919464088193
1.0,8.0,1.0359872572524995
5.0,19.0,1.4833512351580047
4.0,13.0,1.3445010494745933
2.0,8.0,6.089592494311057
12.0,26.0,6.095165827809616
3.0,4.0,0.4591826944173442
2.0,9.0,0.679482094047816
5.0,10.0,1.188128781532047
1.0,7.0,1.0183155545880465
5.0,10.0,1.317159468901341
4.0,13.0,1.5793919464088193
1.0,8.0,1.0359872572524995
3.0,19.0,1.4833512351580047
4.0,13.0,1.3445010494745933
2.0,8.0,6.089592494311057
10.0,26.0,6.095165827809616
2.0,4.0,0.4591826944173442
3.0,9.0,0.679482094047816
3.0,10.0,1.188128781532047
2.0,7.0,1.0183155545880465
4.0,10.0,1.317159468901341
4.0,13.0,1.5793919464088193
6.0,8.0,1.0359872572524995
6.0,19.0,1.4833512351580047
6.0,13.0,1.3445010494745933
4.0,8.0,6.089592494311057
12.0,26.0,6.095165827809616
0.0,4.0,0.4591826944173442
5.0,9.0,0.679482094047816
6.0,10.0,1.188128781532047
5.0,7.0,1.0183155545880465
5.0,10.0,1.317159468901341
9.0,13.0,1.5793919464088193
2.0,8.0,1.0359872572524995
9.0,19.0,1.4833512351580047
7.0,13.0,1.3445010494745933
5.0,8.0,6.089592494311057
20.0,26.0,6.095165827809616
2.0,4.0,0.4591826944173442
4.0,9.0,0.679482094047816
6.0,10.0,1.188128781532047
4.0,7.0,1.0183155545880465
6.0,10.0,1.317159468901341
7.0,13.0,1.5793919464088193
5.0,8.0,1.0359872572524995
14.0,19.0,1.4833512351580047
5.0,13.0,1.3445010494745933
6.0,8.0,6.089592494311057
22.0,26.0,6.095165827809616
4.0,4.0,0.4591826944173442
6.0,9.0,0.679482094047816
4.0,10.0,1.188128781532047
3.0,7.0,1.0183155545880465
4.0,10.0,1.317159468901341
11.0,13.0,1.5793919464088193
7.0,8.0,1.0359872572524995
14.0,19.0,1.4833512351580047
8.0,13.0,1.3445010494745933
7.0,8.0,6.089592494311057
22.0,26.0,6.095165827809616
4.0,4.0,0.4591826944173442
8.0,9.0,0.679482094047816
7.0,10.0,1.188128781532047
6.0,7.0,1.0183155545880465
7.0,10.0,1.317159468901341
9.0,13.0,1.5793919464088193
7.0,8.0,1.0359872572524995
16.0,19.0,1.4833512351580047
9.0,13.0,1.3445010494745933
7.0,8.0,6.089592494311057
21.0,26.0,6.095165827809616
4.0,4.0,0.4591826944173442
8.0,9.0,0.679482094047816
9.0,10.0,1.188128781532047
7.0,7.0,1.0183155545880465
9.0,10.0,1.317159468901341
12.0,13.0,1.5793919464088193
7.0,8.0,1.0359872572524995
17.0,19.0,1.4833512351580047
11.0,13.0,1.3445010494745933
1.0,4.0,7.226877126332524
2.0,7.0,2.2936444532065465
1.0,12.0,2.5772460911810633
7.0,68.0,6.2849890817914
1.0,6.0,0.32751297663399237
1.0,32.0,1.5306710385679083
3.0,35.0,1.1489880402628063
1.0,36.0,0.98386644490883
5.0,59.0,1.6968482906350832
0.0,6.0,0.14735914747034573
3.0,24.0,1.0104600834478052
1.0,4.0,7.226877126332524
0.0,7.0,2.2936444532065465
2.0,12.0,2.5772460911810633
14.0,68.0,6.2849890817914
0.0,6.0,0.32751297663399237
12.0,32.0,1.5306710385679083
6.0,35.0,1.1489880402628063
7.0,36.0,0.98386644490883
8.0,59.0,1.6968482906350832
2.0,6.0,0.14735914747034573
4.0,24.0,1.0104600834478052
1.0,4.0,7.226877126332524
1.0,7.0,2.2936444532065465
4.0,12.0,2.5772460911810633
17.0,68.0,6.2849890817914
1.0,6.0,0.32751297663399237
12.0,32.0,1.5306710385679083
11.0,35.0,1.1489880402628063
11.0,36.0,0.98386644490883
17.0,59.0,1.6968482906350832
2.0,6.0,0.14735914747034573
7.0,24.0,1.0104600834478052
2.0,4.0,7.226877126332524
1.0,7.0,2.2936444532065465
4.0,12.0,2.5772460911810633
23.0,68.0,6.2849890817914
3.0,6.0,0.32751297663399237
10.0,32.0,1.5306710385679083
13.0,35.0,1.1489880402628063
12.0,36.0,0.98386644490883
24.0,59.0,1.6968482906350832
4.0,6.0,0.14735914747034573
10.0,24.0,1.0104600834478052
3.0,4.0,7.226877126332524
2.0,7.0,2.2936444532065465
8.0,12.0,2.5772460911810633
29.0,68.0,6.2849890817914
2.0,6.0,0.32751297663399237
17.0,32.0,1.5306710385679083
21.0,35.0,1.1489880402628063
19.0,36.0,0.98386644490883
29.0,59.0,1.6968482906350832
2.0,6.0,0.14735914747034573
12.0,24.0,1.0104600834478052
4.0,4.0,7.226877126332524
4.0,7.0,2.2936444532065465
6.0,12.0,2.5772460911810633
42.0,68.0,6.2849890817914
4.0,6.0,0.32751297663399237
19.0,32.0,1.5306710385679083
25.0,35.0,1.1489880402628063
20.0,36.0,0.98386644490883
37.0,59.0,1.6968482906350832
4.0,6.0,0.14735914747034573
15.0,24.0,1.0104600834478052
1.0,4.0,7.226877126332524
6.0,7.0,2.2936444532065465
8.0,12.0,2.5772460911810633
47.0,68.0,6.2849890817914
4.0,6.0,0.32751297663399237
19.0,32.0,1.5306710385679083
29.0,35.0,1.1489880402628063
23.0,36.0,0.98386644490883
40.0,59.0,1.6968482906350832
4.0,6.0,0.14735914747034573
18.0,24.0,1.0104600834478052
2.0,4.0,7.226877126332524
7.0,7.0,2.2936444532065465
10.0,12.0,2.5772460911810633
57.0,68.0,6.2849890817914
6.0,6.0,0.32751297663399237
19.0,32.0,1.5306710385679083
28.0,35.0,1.1489880402628063
34.0,36.0,0.98386644490883
51.0,59.0,1.6968482906350832
5.0,6.0,0.14735914747034573
22.0,24.0,1.0104600834478052
4.0,4.0,7.226877126332524
7.0,7.0,2.2936444532065465
10.0,12.0,2.5772460911810633
61.0,68.0,6.2849890817914
5.0,6.0,0.32751297663399237
27.0,32.0,1.5306710385679083
30.0,35.0,1.1489880402628063
32.0,36.0,0.98386644490883
53.0,59.0,1.6968482906350832
6.0,6.0,0.14735914747034573
21.0,24.0,1.0104600834478052
1.0,4.0,5.4192528958900565
0.0,3.0,0.934207308871062
2.0,10.0,2.4963133678301332
1.0,7.0,1.1792514058552113
0.0,8.0,1.9060040453537312
5.0,19.0,2.3499595553774837
1.0,8.0,0.6439121864563501
3.0,23.0,1.5830716384655925
3.0,37.0,2.7147281464867232
4.0,46.0,1.5871242898934066
0.0,8.0,0.2501858869297908
2.0,4.0,5.4192528958900565
1.0,3.0,0.934207308871062
1.0,10.0,2.4963133678301332
3.0,7.0,1.1792514058552113
2.0,8.0,1.9060040453537312
2.0,19.0,2.3499595553774837
2.0,8.0,0.6439121864563501
3.0,23.0,1.5830716384655925
6.0,37.0,2.7147281464867232
9.0,46.0,1.5871242898934066
3.0,8.0,0.2501858869297908
2.0,4.0,5.4192528958900565
1.0,3.0,0.934207308871062
3.0,10.0,2.4963133678301332
1.0,7.0,1.1792514058552113
1.0,8.0,1.9060040453537312
9.0,19.0,2.3499595553774837
2.0,8.0,0.6439121864563501
6.0,23.0,1.5830716384655925
10.0,37.0,2.7147281464867232
18.0,46.0,1.5871242898934066
3.0,8.0,0.2501858869297908
2.0,4.0,5.4192528958900565
2.0,3.0,0.934207308871062
5.0,10.0,2.4963133678301332
2.0,7.0,1.1792514058552113
3.0,8.0,1.9060040453537312
7.0,19.0,2.3499595553774837
2.0,8.0,0.6439121864563501
7.0,23.0,1.5830716384655925
11.0,37.0,2.7147281464867232
18.0,46.0,1.5871242898934066
2.0,8.0,0.2501858869297908
2.0,4.0,5.4192528958900565
0.0,3.0,0.934207308871062
3.0,10.0,2.4963133678301332
4.0,7.0,1.1792514058552113
2.0,8.0,1.9060040453537312
13.0,19.0,2.3499595553774837
4.0,8.0,0.6439121864563501
11.0,23.0,1.5830716384655925
21.0,37.0,2.7147281464867232
16.0,46.0,1.5871242898934066
4.0,8.0,0.2501858869297908
2.0,4.0,5.4192528958900565
3.0,3.0,0.934207308871062
6.0,10.0,2.4963133678301332
3.0,7.0,1.1792514058552113
3.0,8.0,1.9060040453537312
11.0,19.0,2.3499595553774837
4.0,8.0,0.6439121864563501
14.0,23.0,1.5830716384655925
18.0,37.0,2.7147281464867232
31.0,46.0,1.5871242898934066
5.0,8.0,0.2501858869297908
2.0,4.0,5.4192528958900565
2.0,3.0,0.934207308871062
8.0,10.0,2.4963133678301332
2.0,7.0,1.1792514058552113
5.0,8.0,1.9060040453537312
11.0,19.0,2.3499595553774837
7.0,8.0,0.6439121864563501
16.0,23.0,1.5830716384655925
28.0,37.0,2.7147281464867232
35.0,46.0,1.5871242898934066
5.0,8.0,0.2501858869297908
2.0,4.0,5.4192528958900565
3.0,3.0,0.934207308871062
9.0,10.0,2.4963133678301332
5.0,7.0,1.1792514058552113
8.0,8.0,1.9060040453537312
17.0,19.0,2.3499595553774837
6.0,8.0,0.6439121864563501
22.0,23.0,1.5830716384655925
30.0,37.0,2.7147281464867232
36.0,46.0,1.5871242898934066
4.0,8.0,0.2501858869297908
4.0,4.0,5.4192528958900565
3.0,3.0,0.934207308871062
9.0,10.0,2.4963133678301332
6.0,7.0,1.1792514058552113
8.0,8.0,1.9060040453537312
15.0,19.0,2.3499595553774837
7.0,8.0,0.6439121864563501
22.0,23.0,1.5830716384655925
32.0,37.0,2.7147281464867232
44.0,46.0,1.5871242898934066
8.0,8.0,0.2501858869297908
1.0,2.0,2.3048525359906664
0.0,5.0,9.212851036353678
3.0,8.0,3.3198552699268524
4.0,32.0,5.722789123739058
3.0,28.0,1.6780540055469013
0.0,40.0,2.358667040048009
1.0,17.0,0.6476079167595667
3.0,47.0,1.3814639368749395
0.0,2.0,0.17513818988498278
3.0,41.0,1.774842877076379
6.0,47.0,1.629780696917013
1.0,2.0,2.3048525359906664
1.0,5.0,9.212851036353678
3.0,8.0,3.3198552699268524
2.0,32.0,5.722789123739058
4.0,28.0,1.6780540055469013
11.0,40.0,2.358667040048009
1.0,17.0,0.6476079167595667
7.0,47.0,1.3814639368749395
0.0,2.0,0.17513818988498278
7.0,41.0,1.774842877076379
10.0,47.0,1.629780696917013
2.0,2.0,2.3048525359906664
1.0,5.0,9.212851036353678
1.0,8.0,3.3198552699268524
8.0,32.0,5.722789123739058
7.0,28.0,1.6780540055469013
14.0,40.0,2.358667040048009
7.0,17.0,0.6476079167595667
11.0,47.0,1.3814639368749395
1.0,2.0,0.17513818988498278
11.0,41.0,1.774842877076379
14.0,47.0,1.629780696917013
1.0,2.0,2.3048525359906664
3.0,5.0,9.212851036353678
2.0,8.0,3.3198552699268524
13.0,32.0,5.722789123739058
13.0,28.0,1.6780540055469013
15.0,40.0,2.358667040048009
4.0,17.0,0.6476079167595667
23.0,47.0,1.3814639368749395
1.0,2.0,0.17513818988498278
19.0,41.0,1.774842877076379
20.0,47.0,1.629780696917013
1.0,2.0,2.3048525359906664
3.0,5.0,9.212851036353678
5.0,8.0,3.3198552699268524
15.0,32.0,5.722789123739058
12.0,28.0,1.6780540055469013
24.0,40.0,2.358667040048009
5.0,17.0,0.6476079167595667
25.0,47.0,1.3814639368749395
1.0,2.0,0.17513818988498278
23.0,41.0,1.774842877076379
27.0,47.0,1.629780696917013
2.0,2.0,2.3048525359906664
5.0,5.0,9.212851036353678
4.0,8.0,3.3198552699268524
17.0,32.0,5.722789123739058
14.0,28.0,1.6780540055469013
26.0,40.0,2.358667040048009
8.0,17.0,0.6476079167595667
24.0,47.0,1.3814639368749395
2.0,2.0,0.17513818988498278
24.0,41.0,1.774842877076379
32.0,47.0,1.629780696917013
1.0,2.0,2.3048525359906664
3.0,5.0,9.212851036353678
5.0,8.0,3.3198552699268524
25.0,32.0,5.722789123739058
20.0,28.0,1.6780540055469013
31.0,40.0,2.358667040048009
13.0,17.0,0.6476079167595667
31.0,47.0,1.3814639368749395
1.0,2.0,0.17513818988498278
32.0,41.0,1.774842877076379
35.0,47.0,1.629780696917013
2.0,2.0,2.3048525359906664
4.0,5.0,9.212851036353678
4.0,8.0,3.3198552699268524
22.0,32.0,5.722789123739058
22.0,28.0,1.6780540055469013
33.0,40.0,2.358667040048009
12.0,17.0,0.6476079167595667
40.0,47.0,1.3814639368749395
1.0,2.0,0.17513818988498278
31.0,41.0,1.774842877076379
39.0,47.0,1.629780696917013
2.0,2.0,2.3048525359906664
5.0,5.0,9.212851036353678
8.0,8.0,3.3198552699268524
30.0,32.0,5.722789123739058
23.0,28.0,1.6780540055469013
35.0,40.0,2.358667040048009
17.0,17.0,0.6476079167595667
42.0,47.0,1.3814639368749395
2.0,2.0,0.17513818988498278
37.0,41.0,1.774842877076379
44.0,47.0,1.629780696917013
1.0,6.0,14.050965171363236
1.0,9.0,4.492742570901116
2.0,21.0,2.8588531998675406
0.0,10.0,0.8714360722104824
0.0,9.0,0.574965603099923
2.0,15.0,2.1951075613835256
1.0,10.0,0.725735477909668
2.0,15.0,1.0399531318663622
1.0,12.0,1.0053535999659249
8.0,40.0,2.7017738623990804
3.0,19.0,0.7523434615823558
1.0,6.0,14.050965171363236
3.0,9.0,4.492742570901116
3.0,21.0,2.8588531998675406
0.0,10.0,0.8714360722104824
1.0,9.0,0.574965603099923
3.0,15.0,2.1951075613835256
2.0,10.0,0.725735477909668
3.0,15.0,1.0399531318663622
4.0,12.0,1.0053535999659249
15.0,40.0,2.7017738623990804
6.0,19.0,0.7523434615823558
1.0,6.0,14.050965171363236
2.0,9.0,4.492742570901116
6.0,21.0,2.8588531998675406
2.0,10.0,0.8714360722104824
4.0,9.0,0.574965603099923
8.0,15.0,2.1951075613835256
5.0,10.0,0.725735477909668
2.0,15.0,1.0399531318663622
3.0,12.0,1.0053535999659249
13.0,40.0,2.7017738623990804
4.0,19.0,0.7523434615823558
1.0,6.0,14.050965171363236
3.0,9.0,4.492742570901116
10.0,21.0,2.8588531998675406
3.0,10.0,0.8714360722104824
2.0,9.0,0.574965603099923
3.0,15.0,2.1951075613835256
7.0,10.0,0.725735477909668
5.0,15.0,1.0399531318663622
4.0,12.0,1.0053535999659249
16.0,40.0,2.7017738623990804
8.0,19.0,0.7523434615823558
5.0,6.0,14.050965171363236
5.0,9.0,4.492742570901116
8.0,21.0,2.8588531998675406
5.0,10.0,0.8714360722104824
6.0,9.0,0.574965603099923
6.0,15.0,2.1951075613835256
3.0,10.0,0.725735477909668
8.0,15.0,1.0399531318663622
4.0,12.0,1.0053535999659249
21.0,40.0,2.7017738623990804
11.0,19.0,0.7523434615823558
5.0,6.0,14.050965171363236
1.0,9.0,4.492742570901116
13.0,21.0,2.8588531998675406
6.0,10.0,0.8714360722104824
4.0,9.0,0.574965603099923
9.0,15.0,2.1951075613835256
7.0,10.0,0.725735477909668
14.0,15.0,1.0399531318663622
7.0,12.0,1.0053535999659249
28.0,40.0,2.7017738623990804
11.0,19.0,0.7523434615823558
5.0,6.0,14.050965171363236
7.0,9.0,4.492742570901116
14.0,21.0,2.8588531998675406
9.0,10.0,0.8714360722104824
8.0,9.0,0.574965603099923
10.0,15.0,2.1951075613835256
8.0,10.0,0.725735477909668
14.0,15.0,1.0399531318663622
9.0,12.0,1.0053535999659249
26.0,40.0,2.7017738623990804
13.0,19.0,0.7523434615823558
5.0,6.0,14.050965171363236
5.0,9.0,4.492742570901116
17.0,21.0,2.8588531998675406
6.0,10.0,0.8714360722104824
6.0,9.0,0.574965603099923
12.0,15.0,2.1951075613835256
8.0,10.0,0.725735477909668
13.0,15.0,1.0399531318663622
10.0,12.0,1.0053535999659249
30.0,40.0,2.7017738623990804
18.0,19.0,0.7523434615823558
5.0,6.0,14.050965171363236
8.0,9.0,4.492742570901116
21.0,21.0,2.8588531998675406
7.0,10.0,0.8714360722104824
9.0,9.0,0.574965603099923
14.0,15.0,2.1951075613835256
9.0,10.0,0.725735477909668
14.0,15.0,1.0399531318663622
11.0,12.0,1.0053535999659249
34.0,40.0,2.7017738623990804
18.0,19.0,0.7523434615823558
1.0,4.0,2.9855817020410838
2.0,8.0,3.285241316721532
0.0,7.0,1.0643053172138612
4.0,10.0,1.6031902789675225
1.0,15.0,2.047736369338326
1.0,5.0,0.5581538316975035
3.0,19.0,1.6577285580695411
6.0,73.0,4.914111155566337
8.0,89.0,2.497900123377741
10.0,102.0,1.9124703071010767
2.0,16.0,0.24939570125327792
3.0,4.0,2.9855817020410838
1.0,8.0,3.285241316721532
2.0,7.0,1.0643053172138612
5.0,10.0,1.6031902789675225
3.0,15.0,2.047736369338326
1.0,5.0,0.5581538316975035
1.0,19.0,1.6577285580695411
7.0,73.0,4.914111155566337
14.0,89.0,2.497900123377741
15.0,102.0,1.9124703071010767
4.0,16.0,0.24939570125327792
1.0,4.0,2.9855817020410838
3.0,8.0,3.285241316721532
0.0,7.0,1.0643053172138612
4.0,10.0,1.6031902789675225
5.0,15.0,2.047736369338326
2.0,5.0,0.5581538316975035
8.0,19.0,1.6577285580695411
24.0,73.0,4.914111155566337
29.0,89.0,2.497900123377741
36.0,102.0,1.9124703071010767
4.0,16.0,0.24939570125327792
2.0,4.0,2.9855817020410838
5.0,8.0,3.285241316721532
3.0,7.0,1.0643053172138612
6.0,10.0,1.6031902789675225
5.0,15.0,2.047736369338326
3.0,5.0,0.5581538316975035
7.0,19.0,1.6577285580695411
32.0,73.0,4.914111155566337
45.0,89.0,2.497900123377741
42.0,102.0,1.9124703071010767
6.0,16.0,0.24939570125327792
1.0,4.0,2.9855817020410838
4.0,8.0,3.285241316721532
4.0,7.0,1.0643053172138612
4.0,10.0,1.6031902789675225
5.0,15.0,2.047736369338326
4.0,5.0,0.5581538316975035
11.0,19.0,1.6577285580695411
40.0,73.0,4.914111155566337
40.0,89.0,2.497900123377741
55.0,102.0,1.9124703071010767
5.0,16.0,0.24939570125327792
3.0,4.0,2.9855817020410838
4.0,8.0,3.285241316721532
4.0,7.0,1.0643053172138612
7.0,10.0,1.6031902789675225
8.0,15.0,2.047736369338326
3.0,5.0,0.5581538316975035
12.0,19.0,1.6577285580695411
44.0,73.0,4.914111155566337
48.0,89.0,2.497900123377741
56.0,102.0,1.9124703071010767
9.0,16.0,0.24939570125327792
2.0,4.0,2.9855817020410838
5.0,8.0,3.285241316721532
7.0,7.0,1.0643053172138612
6.0,10.0,1.6031902789675225
11.0,15.0,2.047736369338326
5.0,5.0,0.5581538316975035
12.0,19.0,1.6577285580695411
56.0,73.0,4.914111155566337
57.0,89.0,2.497900123377741
74.0,102.0,1.9124703071010767
8.0,16.0,0.24939570125327792
3.0,4.0,2.9855817020410838
8.0,8.0,3.285241316721532
7.0,7.0,1.0643053172138612
7.0,10.0,1.6031902789675225
13.0,15.0,2.047736369338326
4.0,5.0,0.5581538316975035
18.0,19.0,1.6577285580695411
56.0,73.0,4.914111155566337
71.0,89.0,2.497900123377741
79.0,102.0,1.9124703071010767
14.0,16.0,0.24939570125327792
2.0,4.0,2.9855817020410838
8.0,8.0,3.285241316721532
7.0,7.0,1.0643053172138612
7.0,10.0,1.6031902789675225
13.0,15.0,2.047736369338326
5.0,5.0,0.5581538316975035
19.0,19.0,1.6577285580695411
62.0,73.0,4.914111155566337
85.0,89.0,2.497900123377741
88.0,102.0,1.9124703071010767
12.0,16.0,0.24939570125327792
2.0,5.0,4.100563758953556
1.0,5.0,1.332966138811845
2.0,4.0,1.5464948236227192
1.0,5.0,1.0266030906360457
1.0,7.0,2.3625008390552984
0.0,10.0,1.2961553462172348
0.0,11.0,1.9350418342315325
1.0,34.0,3.8179611353263865
10.0,81.0,3.2092280801107003
2.0,27.0,0.5543049395659607
8.0,36.0,0.6912132264468366
2.0,5.0,4.100563758953556
0.0,5.0,1.332966138811845
0.0,4.0,1.5464948236227192
1.0,5.0,1.0266030906360457
1.0,7.0,2.3625008390552984
3.0,10.0,1.2961553462172348
2.0,11.0,1.9350418342315325
6.0,34.0,3.8179611353263865
15.0,81.0,3.2092280801107003
7.0,27.0,0.5543049395659607
2.0,36.0,0.6912132264468366
3.0,5.0,4.100563758953556
1.0,5.0,1.332966138811845
2.0,4.0,1.5464948236227192
2.0,5.0,1.0266030906360457
1.0,7.0,2.3625008390552984
2.0,10.0,1.2961553462172348
2.0,11.0,1.9350418342315325
13.0,34.0,3.8179611353263865
16.0,81.0,3.2092280801107003
11.0,27.0,0.5543049395659607
15.0,36.0,0.6912132264468366
2.0,5.0,4.100563758953556
4.0,5.0,1.332966138811845
1.0,4.0,1.5464948236227192
3.0,5.0,1.0266030906360457
5.0,7.0,2.3625008390552984
1.0,10.0,1.2961553462172348
3.0,11.0,1.9350418342315325
15.0,34.0,3.8179611353263865
28.0,81.0,3.2092280801107003
17.0,27.0,0.5543049395659607
18.0,36.0,0.6912132264468366
3.0,5.0,4.100563758953556
4.0,5.0,1.332966138811845
2.0,4.0,1.5464948236227192
4.0,5.0,1.0266030906360457
1.0,7.0,2.3625008390552984
4.0,10.0,1.2961553462172348
6.0,11.0,1.9350418342315325
18.0,34.0,3.8179611353263865
46.0,81.0,3.2092280801107003
14.0,27.0,0.5543049395659607
16.0,36.0,0.6912132264468366
5.0,5.0,4.100563758953556
4.0,5.0,1.332966138811845
3.0,4.0,1.5464948236227192
3.0,5.0,1.0266030906360457
3.0,7.0,2.3625008390552984
8.0,10.0,1.2961553462172348
6.0,11.0,1.9350418342315325
20.0,34.0,3.8179611353263865
43.0,81.0,3.2092280801107003
13.0,27.0,0.5543049395659607
23.0,36.0,0.6912132264468366
2.0,5.0,4.100563758953556
5.0,5.0,1.332966138811845
4.0,4.0,1.5464948236227192
2.0,5.0,1.0266030906360457
5.0,7.0,2.3625008390552984
7.0,10.0,1.2961553462172348
8.0,11.0,1.9350418342315325
23.0,34.0,3.8179611353263865
57.0,81.0,3.2092280801107003
19.0,27.0,0.5543049395659607
23.0,36.0,0.6912132264468366
5.0,5.0,4.100563758953556
3.0,5.0,1.332966138811845
4.0,4.0,1.5464948236227192
5.0,5.0,1.0266030906360457
7.0,7.0,2.3625008390552984
7.0,10.0,1.2961553462172348
11.0,11.0,1.9350418342315325
29.0,34.0,3.8179611353263865
67.0,81.0,3.2092280801107003
18.0,27.0,0.5543049395659607
29.0,36.0,0.6912132264468366
4.0,5.0,4.100563758953556
5.0,5.0,1.332966138811845
4.0,4.0,1.5464948236227192
5.0,5.0,1.0266030906360457
6.0,7.0,2.3625008390552984
10.0,10.0,1.2961553462172348
8.0,11.0,1.9350418342315325
32.0,34.0,3.8179611353263865
72.0,81.0,3.2092280801107003
24.0,27.0,0.5543049395659607
35.0,36.0,0.6912132264468366
1.0,2.0,4.292115554268286
1.0,4.0,4.214473444151042
1.0,2.0,1.5276670771138254
1.0,5.0,3.0402309720723313
1.0,5.0,1.5194500874490307
3.0,13.0,2.3905651948573405
2.0,11.0,1.4715361557756432
1.0,6.0,0.5298670005623313
6.0,39.0,3.2525490421430563
1.0,9.0,0.3932754943950184
2.0,32.0,1.9356277894355847
1.0,2.0,4.292115554268286
2.0,4.0,4.214473444151042
1.0,2.0,1.5276670771138254
0.0,5.0,3.0402309720723313
1.0,5.0,1.5194500874490307
2.0,13.0,2.3905651948573405
1.0,11.0,1.4715361557756432
0.0,6.0,0.5298670005623313
10.0,39.0,3.2525490421430563
3.0,9.0,0.3932754943950184
2.0,32.0,1.9356277894355847
1.0,2.0,4.292115554268286
1.0,4.0,4.214473444151042
1.0,2.0,1.5276670771138254
1.0,5.0,3.0402309720723313
2.0,5.0,1.5194500874490307
4.0,13.0,2.3905651948573405
1.0,11.0,1.4715361557756432
1.0,6.0,0.5298670005623313
11.0,39.0,3.2525490421430563
3.0,9.0,0.3932754943950184
10.0,32.0,1.9356277894355847
1.0,2.0,4.292115554268286
1.0,4.0,4.214473444151042
1.0,2.0,1.5276670771138254
2.0,5.0,3.0402309720723313
1.0,5.0,1.5194500874490307
6.0,13.0,2.3905651948573405
5.0,11.0,1.4715361557756432
2.0,6.0,0.5298670005623313
18.0,39.0,3.2525490421430563
5.0,9.0,0.3932754943950184
10.0,32.0,1.9356277894355847
1.0,2.0,4.292115554268286
1.0,4.0,4.214473444151042
2.0,2.0,1.5276670771138254
3.0,5.0,3.0402309720723313
2.0,5.0,1.5194500874490307
4.0,13.0,2.3905651948573405
4.0,11.0,1.4715361557756432
3.0,6.0,0.5298670005623313
25.0,39.0,3.2525490421430563
7.0,9.0,0.3932754943950184
13.0,32.0,1.9356277894355847
1.0,2.0,4.292115554268286
1.0,4.0,4.214473444151042
2.0,2.0,1.5276670771138254
2.0,5.0,3.0402309720723313
3.0,5.0,1.5194500874490307
6.0,13.0,2.3905651948573405
6.0,11.0,1.4715361557756432
3.0,6.0,0.5298670005623313
23.0,39.0,3.2525490421430563
7.0,9.0,0.3932754943950184
22.0,32.0,1.9356277894355847
1.0,2.0,4.292115554268286
3.0,4.0,4.214473444151042
2.0,2.0,1.5276670771138254
3.0,5.0,3.0402309720723313
4.0,5.0,1.5194500874490307
11.0,13.0,2.3905651948573405
8.0,11.0,1.4715361557756432
5.0,6.0,0.5298670005623313
22.0,39.0,3.2525490421430563
5.0,9.0,0.3932754943950184
26.0,32.0,1.9356277894355847
2.0,2.0,4.292115554268286
2.0,4.0,4.214473444151042
2.0,2.0,1.5276670771138254
3.0,5.0,3.0402309720723313
3.0,5.0,1.5194500874490307
11.0,13.0,2.3905651948573405
8.0,11.0,1.4715361557756432
5.0,6.0,0.5298670005623313
30.0,39.0,3.2525490421430563
7.0,9.0,0.3932754943950184
26.0,32.0,1.9356277894355847
2.0,2.0,4.292115554268286
4.0,4.0,4.214473444151042
1.0,2.0,1.5276670771138254
5.0,5.0,3.0402309720723313
3.0,5.0,1.5194500874490307
13.0,13.0,2.3905651948573405
11.0,11.0,1.4715361557756432
6.0,6.0,0.5298670005623313
33.0,39.0,3.2525490421430563
9.0,9.0,0.3932754943950184
28.0,32.0,1.9356277894355847
2.0,4.0,4.505507822643347
1.0,6.0,4.473726377863168
0.0,13.0,2.725005178409218
2.0,15.0,2.2340835950506794
1.0,3.0,0.09507763193390549
0.0,4.0,0.5573354898036826
6.0,26.0,2.982725711844997
3.0,40.0,3.2506810458669753
1.0,17.0,0.8741958462267965
5.0,27.0,1.0586030367815669
3.0,31.0,1.670678700592232
1.0,4.0,4.505507822643347
2.0,6.0,4.473726377863168
3.0,13.0,2.725005178409218
4.0,15.0,2.2340835950506794
1.0,3.0,0.09507763193390549
1.0,4.0,0.5573354898036826
4.0,26.0,2.982725711844997
3.0,40.0,3.2506810458669753
4.0,17.0,0.8741958462267965
8.0,27.0,1.0586030367815669
8.0,31.0,1.670678700592232
1.0,4.0,4.505507822643347
3.0,6.0,4.473726377863168
1.0,13.0,2.725005178409218
4.0,15.0,2.2340835950506794
2.0,3.0,0.09507763193390549
3.0,4.0,0.5573354898036826
4.0,26.0,2.982725711844997
17.0,40.0,3.2506810458669753
5.0,17.0,0.8741958462267965
7.0,27.0,1.0586030367815669
10.0,31.0,1.670678700592232
2.0,4.0,4.505507822643347
3.0,6.0,4.473726377863168
7.0,13.0,2.725005178409218
5.0,15.0,2.2340835950506794
0.0,3.0,0.09507763193390549
2.0,4.0,0.5573354898036826
11.0,26.0,2.982725711844997
20.0,40.0,3.2506810458669753
6.0,17.0,0.8741958462267965
10.0,27.0,1.0586030367815669
14.0,31.0,1.670678700592232
2.0,4.0,4.505507822643347
3.0,6.0,4.473726377863168
5.0,13.0,2.725005178409218
10.0,15.0,2.2340835950506794
2.0,3.0,0.09507763193390549
4.0,4.0,0.5573354898036826
14.0,26.0,2.982725711844997
19.0,40.0,3.2506810458669753
6.0,17.0,0.8741958462267965
16.0,27.0,1.0586030367815669
12.0,31.0,1.670678700592232
1.0,4.0,4.505507822643347
5.0,6.0,4.473726377863168
5.0,13.0,2.725005178409218
9.0,15.0,2.2340835950506794
1.0,3.0,0.09507763193390549
2.0,4.0,0.5573354898036826
18.0,26.0,2.982725711844997
24.0,40.0,3.2506810458669753
10.0,17.0,0.8741958462267965
18.0,27.0,1.0586030367815669
22.0,31.0,1.670678700592232
3.0,4.0,4.505507822643347
5.0,6.0,4.473726377863168
7.0,13.0,2.725005178409218
8.0,15.0,2.2340835950506794
2.0,3.0,0.09507763193390549
3.0,4.0,0.5573354898036826
18.0,26.0,2.982725711844997
29.0,40.0,3.2506810458669753
14.0,17.0,0.8741958462267965
21.0,27.0,1.0586030367815669
23.0,31.0,1.670678700592232
3.0,4.0,4.505507822643347
5.0,6.0,4.473726377863168
12.0,13.0,2.725005178409218
12.0,15.0,2.2340835950506794
3.0,3.0,0.09507763193390549
3.0,4.0,0.5573354898036826
24.0,26.0,2.982725711844997
34.0,40.0,3.2506810458669753
13.0,17.0,0.8741958462267965
18.0,27.0,1.0586030367815669
28.0,31.0,1.670678700592232
4.0,4.0,4.505507822643347
6.0,6.0,4.473726377863168
12.0,13.0,2.725005178409218
14.0,15.0,2.2340835950506794
3.0,3.0,0.09507763193390549
4.0,4.0,0.5573354898036826
20.0,26.0,2.982725711844997
36.0,40.0,3.2506810458669753
15.0,17.0,0.8741958462267965
24.0,27.0,1.0586030367815669
30.0,31.0,1.670678700592232
2.0,7.0,23.04207834397885
1.0,3.0,1.894382319137312
2.0,18.0,2.9776704963870237
0.0,19.0,2.1636042007297354
2.0,17.0,0.7856843252963025
0.0,8.0,0.6051763468871137
3.0,15.0,0.6640929683396436
0.0,9.0,0.6551255420080913
1.0,19.0,1.2397489608726324
3.0,38.0,2.340183761702872
2.0,13.0,0.5756344086566287
4.0,7.0,23.04207834397885
3.0,3.0,1.894382319137312
4.0,18.0,2.9776704963870237
3.0,19.0,2.1636042007297354
1.0,17.0,0.7856843252963025
2.0,8.0,0.6051763468871137
2.0,15.0,0.6640929683396436
1.0,9.0,0.6551255420080913
2.0,19.0,1.2397489608726324
13.0,38.0,2.340183761702872
2.0,13.0,0.5756344086566287
4.0,7.0,23.04207834397885
0.0,3.0,1.894382319137312
5.0,18.0,2.9776704963870237
5.0,19.0,2.1636042007297354
7.0,17.0,0.7856843252963025
2.0,8.0,0.6051763468871137
6.0,15.0,0.6640929683396436
4.0,9.0,0.6551255420080913
4.0,19.0,1.2397489608726324
10.0,38.0,2.340183761702872
3.0,13.0,0.5756344086566287
3.0,7.0,23.04207834397885
1.0,3.0,1.894382319137312
8.0,18.0,2.9776704963870237
7.0,19.0,2.1636042007297354
9.0,17.0,0.7856843252963025
5.0,8.0,0.6051763468871137
4.0,15.0,0.6640929683396436
5.0,9.0,0.6551255420080913
10.0,19.0,1.2397489608726324
15.0,38.0,2.340183761702872
6.0,13.0,0.5756344086566287
2.0,7.0,23.04207834397885
2.0,3.0,1.894382319137312
14.0,18.0,2.9776704963870237
15.0,19.0,2.1636042007297354
10.0,17.0,0.7856843252963025
4.0,8.0,0.6051763468871137
6.0,15.0,0.6640929683396436
6.0,9.0,0.6551255420080913
10.0,19.0,1.2397489608726324
19.0,38.0,2.340183761702872
8.0,13.0,0.5756344086566287
5.0,7.0,23.04207834397885
3.0,3.0,1.894382319137312
14.0,18.0,2.9776704963870237
11.0,19.0,2.1636042007297354
7.0,17.0,0.7856843252963025
7.0,8.0,0.6051763468871137
9.0,15.0,0.6640929683396436
6.0,9.0,0.6551255420080913
9.0,19.0,1.2397489608726324
17.0,38.0,2.340183761702872
9.0,13.0,0.5756344086566287
5.0,7.0,23.04207834397885
1.0,3.0,1.894382319137312
15.0,18.0,2.9776704963870237
9.0,19.0,2.1636042007297354
15.0,17.0,0.7856843252963025
6.0,8.0,0.6051763468871137
8.0,15.0,0.6640929683396436
5.0,9.0,0.6551255420080913
14.0,19.0,1.2397489608726324
27.0,38.0,2.340183761702872
10.0,13.0,0.5756344086566287
3.0,7.0,23.04207834397885
3.0,3.0,1.894382319137312
15.0,18.0,2.9776704963870237
12.0,19.0,2.1636042007297354
13.0,17.0,0.7856843252963025
5.0,8.0,0.6051763468871137
12.0,15.0,0.6640929683396436
9.0,9.0,0.6551255420080913
14.0,19.0,1.2397489608726324
32.0,38.0,2.340183761702872
10.0,13.0,0.5756344086566287
6.0,7.0,23.04207834397885
3.0,3.0,1.894382319137312
15.0,18.0,2.9776704963870237
16.0,19.0,2.1636042007297354
16.0,17.0,0.7856843252963025
8.0,8.0,0.6051763468871137
15.0,15.0,0.6640929683396436
8.0,9.0,0.6551255420080913
16.0,19.0,1.2397489608726324
35.0,38.0,2.340183761702872
10.0,13.0,0.5756344086566287
1.0,2.0,0.42390340576414065
1.0,4.0,1.4040875017655274
0.0,4.0,1.6884420373346658
1.0,17.0,3.161858065378647
2.0,9.0,0.9637171517444538
1.0,15.0,1.2849254022925252
0.0,5.0,0.5499298522539189
0.0,17.0,2.0667155183572663
2.0,25.0,2.184204794603649
1.0,12.0,0.6633817469234523
1.0,21.0,1.4579370544929637
1.0,2.0,0.42390340576414065
0.0,4.0,1.4040875017655274
1.0,4.0,1.6884420373346658
1.0,17.0,3.161858065378647
3.0,9.0,0.9637171517444538
2.0,15.0,1.2849254022925252
3.0,5.0,0.5499298522539189
6.0,17.0,2.0667155183572663
4.0,25.0,2.184204794603649
2.0,12.0,0.6633817469234523
5.0,21.0,1.4579370544929637
1.0,2.0,0.42390340576414065
1.0,4.0,1.4040875017655274
2.0,4.0,1.6884420373346658
6.0,17.0,3.161858065378647
1.0,9.0,0.9637171517444538
4.0,15.0,1.2849254022925252
1.0,5.0,0.5499298522539189
8.0,17.0,2.0667155183572663
10.0,25.0,2.184204794603649
3.0,12.0,0.6633817469234523
4.0,21.0,1.4579370544929637
2.0,2.0,0.42390340576414065
2.0,4.0,1.4040875017655274
3.0,4.0,1.6884420373346658
7.0,17.0,3.161858065378647
2.0,9.0,0.9637171517444538
8.0,15.0,1.2849254022925252
3.0,5.0,0.5499298522539189
8.0,17.0,2.0667155183572663
12.0,25.0,2.184204794603649
7.0,12.0,0.6633817469234523
8.0,21.0,1.4579370544929637
1.0,2.0,0.42390340576414065
1.0,4.0,1.4040875017655274
3.0,4.0,1.6884420373346658
7.0,17.0,3.161858065378647
2.0,9.0,0.9637171517444538
5.0,15.0,1.2849254022925252
3.0,5.0,0.5499298522539189
6.0,17.0,2.0667155183572663
15.0,25.0,2.184204794603649
6.0,12.0,0.6633817469234523
13.0,21.0,1.4579370544929637
2.0,2.0,0.42390340576414065
2.0,4.0,1.4040875017655274
3.0,4.0,1.6884420373346658
7.0,17.0,3.161858065378647
7.0,9.0,0.9637171517444538
10.0,15.0,1.2849254022925252
4.0,5.0,0.5499298522539189
7.0,17.0,2.0667155183572663
12.0,25.0,2.184204794603649
8.0,12.0,0.6633817469234523
10.0,21.0,1.4579370544929637
1.0,2.0,0.42390340576414065
4.0,4.0,1.4040875017655274
3.0,4.0,1.6884420373346658
12.0,17.0,3.161858065378647
6.0,9.0,0.9637171517444538
11.0,15.0,1.2849254022925252
5.0,5.0,0.5499298522539189
14.0,17.0,2.0667155183572663
16.0,25.0,2.184204794603649
9.0,12.0,0.6633817469234523
15.0,21.0,1.4579370544929637
1.0,2.0,0.42390340576414065
2.0,4.0,1.4040875017655274
3.0,4.0,1.6884420373346658
15.0,17.0,3.161858065378647
8.0,9.0,0.9637171517444538
10.0,15.0,1.2849254022925252
2.0,5.0,0.5499298522539189
15.0,17.0,2.0667155183572663
24.0,25.0,2.184204794603649
10.0,12.0,0.6633817469234523
18.0,21.0,1.4579370544929637
2.0,2.0,0.42390340576414065
4.0,4.0,1.4040875017655274
4.0,4.0,1.6884420373346658
16.0,17.0,3.161858065378647
9.0,9.0,0.9637171517444538
15.0,15.0,1.2849254022925252
5.0,5.0,0.5499298522539189
17.0,17.0,2.0667155183572663
23.0,25.0,2.184204794603649
11.0,12.0,0.6633817469234523
18.0,21.0,1.4579370544929637
1.0,6.0,7.782458259177853
0.0,3.0,1.9072042702018626
0.0,20.0,4.989502222524245
1.0,32.0,4.402498562258598
3.0,37.0,2.171322801090786
11.0,82.0,3.217465651804986
11.0,92.0,2.1042100640691976
8.0,71.0,1.249384823406193
5.0,72.0,0.8162654795453571
8.0,60.0,0.9665125585462848
1.0,12.0,0.250940531884439
1.0,6.0,7.782458259177853
0.0,3.0,1.9072042702018626
4.0,20.0,4.989502222524245
8.0,32.0,4.402498562258598
2.0,37.0,2.171322801090786
9.0,82.0,3.217465651804986
14.0,92.0,2.1042100640691976
8.0,71.0,1.249384823406193
23.0,72.0,0.8162654795453571
13.0,60.0,0.9665125585462848
5.0,12.0,0.250940531884439
2.0,6.0,7.782458259177853
2.0,3.0,1.9072042702018626
5.0,20.0,4.989502222524245
4.0,32.0,4.402498562258598
10.0,37.0,2.171322801090786
25.0,82.0,3.217465651804986
35.0,92.0,2.1042100640691976
18.0,71.0,1.249384823406193
21.0,72.0,0.8162654795453571
15.0,60.0,0.9665125585462848
3.0,12.0,0.250940531884439
2.0,6.0,7.782458259177853
3.0,3.0,1.9072042702018626
11.0,20.0,4.989502222524245
14.0,32.0,4.402498562258598
19.0,37.0,2.171322801090786
31.0,82.0,3.217465651804986
34.0,92.0,2.1042100640691976
34.0,71.0,1.249384823406193
29.0,72.0,0.8162654795453571
23.0,60.0,0.9665125585462848
7.0,12.0,0.250940531884439
1.0,6.0,7.782458259177853
2.0,3.0,1.9072042702018626
10.0,20.0,4.989502222524245
20.0,32.0,4.402498562258598
18.0,37.0,2.171322801090786
39.0,82.0,3.217465651804986
47.0,92.0,2.1042100640691976
31.0,71.0,1.249384823406193
33.0,72.0,0.8162654795453571
31.0,60.0,0.9665125585462848
7.0,12.0,0.250940531884439
4.0,6.0,7.782458259177853
2.0,3.0,1.9072042702018626
12.0,20.0,4.989502222524245
19.0,32.0,4.402498562258598
24.0,37.0,2.171322801090786
49.0,82.0,3.217465651804986
56.0,92.0,2.1042100640691976
46.0,71.0,1.249384823406193
39.0,72.0,0.8162654795453571
32.0,60.0,0.9665125585462848
5.0,12.0,0.250940531884439
3.0,6.0,7.782458259177853
3.0,3.0,1.9072042702018626
14.0,20.0,4.989502222524245
22.0,32.0,4.402498562258598
25.0,37.0,2.171322801090786
56.0,82.0,3.217465651804986
67.0,92.0,2.1042100640691976
49.0,71.0,1.249384823406193
52.0,72.0,0.8162654795453571
42.0,60.0,0.9665125585462848
7.0,12.0,0.250940531884439
5.0,6.0,7.782458259177853
3.0,3.0,1.9072042702018626
15.0,20.0,4.989502222524245
25.0,32.0,4.402498562258598
34.0,37.0,2.171322801090786
63.0,82.0,3.217465651804986
76.0,92.0,2.1042100640691976
59.0,71.0,1.249384823406193
56.0,72.0,0.8162654795453571
46.0,60.0,0.9665125585462848
11.0,12.0,0.250940531884439
4.0,6.0,7.782458259177853
2.0,3.0,1.9072042702018626
20.0,20.0,4.989502222524245
28.0,32.0,4.402498562258598
31.0,37.0,2.171322801090786
76.0,82.0,3.217465651804986
87.0,92.0,2.1042100640691976
65.0,71.0,1.249384823406193
65.0,72.0,0.8162654795453571
54.0,60.0,0.9665125585462848
10.0,12.0,0.250940531884439
2.0,5.0,8.443773602033495
2.0,4.0,2.4119800027934484
3.0,11.0,3.6251858999556177
0.0,4.0,0.23818736073393587
1.0,4.0,0.616133449192207
5.0,26.0,4.0897375527815
7.0,34.0,2.288037935930774
2.0,16.0,0.576030987165637
3.0,54.0,1.802047005302527
3.0,48.0,1.8911475045449613
3.0,44.0,1.0652872268006814
1.0,5.0,8.443773602033495
1.0,4.0,2.4119800027934484
1.0,11.0,3.6251858999556177
3.0,4.0,0.23818736073393587
2.0,4.0,0.616133449192207
5.0,26.0,4.0897375527815
6.0,34.0,2.288037935930774
4.0,16.0,0.576030987165637
11.0,54.0,1.802047005302527
8.0,48.0,1.8911475045449613
11.0,44.0,1.0652872268006814
4.0,5.0,8.443773602033495
2.0,4.0,2.4119800027934484
3.0,11.0,3.6251858999556177
0.0,4.0,0.23818736073393587
2.0,4.0,0.616133449192207
8.0,26.0,4.0897375527815
10.0,34.0,2.288037935930774
1.0,16.0,0.576030987165637
15.0,54.0,1.802047005302527
13.0,48.0,1.8911475045449613
12.0,44.0,1.0652872268006814
1.0,5.0,8.443773602033495
3.0,4.0,2.4119800027934484
4.0,11.0,3.6251858999556177
2.0,4.0,0.23818736073393587
1.0,4.0,0.616133449192207
11.0,26.0,4.0897375527815
15.0,34.0,2.288037935930774
8.0,16.0,0.576030987165637
21.0,54.0,1.802047005302527
16.0,48.0,1.8911475045449613
22.0,44.0,1.0652872268006814
2.0,5.0,8.443773602033495
2.0,4.0,2.4119800027934484
6.0,11.0,3.6251858999556177
3.0,4.0,0.23818736073393587
3.0,4.0,0.616133449192207
11.0,26.0,4.0897375527815
20.0,34.0,2.288037935930774
13.0,16.0,0.576030987165637
22.0,54.0,1.802047005302527
25.0,48.0,1.8911475045449613
22.0,44.0,1.0652872268006814
2.0,5.0,8.443773602033495
3.0,4.0,2.4119800027934484
4.0,11.0,3.6251858999556177
4.0,4.0,0.23818736073393587
1.0,4.0,0.616133449192207
13.0,26.0,4.0897375527815
18.0,34.0,2.288037935930774
6.0,16.0,0.576030987165637
37.0,54.0,1.802047005302527
24.0,48.0,1.8911475045449613
25.0,44.0,1.0652872268006814
4.0,5.0,8.443773602033495
3.0,4.0,2.4119800027934484
9.0,11.0,3.6251858999556177
3.0,4.0,0.23818736073393587
4.0,4.0,0.616133449192207
13.0,26.0,4.0897375527815
21.0,34.0,2.288037935930774
10.0,16.0,0.576030987165637
39.0,54.0,1.802047005302527
34.0,48.0,1.8911475045449613
32.0,44.0,1.0652872268006814
5.0,5.0,8.443773602033495
3.0,4.0,2.4119800027934484
5.0,11.0,3.6251858999556177
4.0,4.0,0.23818736073393587
4.0,4.0,0.616133449192207
21.0,26.0,4.0897375527815
27.0,34.0,2.288037935930774
13.0,16.0,0.576030987165637
42.0,54.0,1.802047005302527
42.0,48.0,1.8911475045449613
39.0,44.0,1.0652872268006814
5.0,5.0,8.443773602033495
4.0,4.0,2.4119800027934484
10.0,11.0,3.6251858999556177
4.0,4.0,0.23818736073393587
3.0,4.0,0.616133449192207
22.0,26.0,4.0897375527815
31.0,34.0,2.288037935930774
12.0,16.0,0.576030987165637
46.0,54.0,1.802047005302527
42.0,48.0,1.8911475045449613
39.0,44.0,1.0652872268006814
1.0,6.0,7.397515204183357
0.0,3.0,2.472092254983509
1.0,15.0,3.6690013900710423
1.0,15.0,2.4705611109765733
2.0,8.0,0.6172494221191251
2.0,14.0,2.000370418571687
4.0,25.0,2.469127192291683
7.0,45.0,2.6472679855025927
1.0,13.0,0.4024376006849955
14.0,111.0,4.098717365390824
6.0,51.0,0.8647168456630182
1.0,6.0,7.397515204183357
0.0,3.0,2.472092254983509
3.0,15.0,3.6690013900710423
3.0,15.0,2.4705611109765733
1.0,8.0,0.6172494221191251
4.0,14.0,2.000370418571687
6.0,25.0,2.469127192291683
7.0,45.0,2.6472679855025927
2.0,13.0,0.4024376006849955
24.0,111.0,4.098717365390824
12.0,51.0,0.8647168456630182
1.0,6.0,7.397515204183357
2.0,3.0,2.472092254983509
6.0,15.0,3.6690013900710423
2.0,15.0,2.4705611109765733
2.0,8.0,0.6172494221191251
1.0,14.0,2.000370418571687
7.0,25.0,2.469127192291683
6.0,45.0,2.6472679855025927
1.0,13.0,0.4024376006849955
38.0,111.0,4.098717365390824
21.0,51.0,0.8647168456630182
1.0,6.0,7.397515204183357
2.0,3.0,2.472092254983509
7.0,15.0,3.6690013900710423
3.0,15.0,2.4705611109765733
3.0,8.0,0.6172494221191251
5.0,14.0,2.000370418571687
14.0,25.0,2.469127192291683
20.0,45.0,2.6472679855025927
7.0,13.0,0.4024376006849955
46.0,111.0,4.098717365390824
14.0,51.0,0.8647168456630182
3.0,6.0,7.397515204183357
1.0,3.0,2.472092254983509
11.0,15.0,3.6690013900710423
9.0,15.0,2.4705611109765733
1.0,8.0,0.6172494221191251
6.0,14.0,2.000370418571687
10.0,25.0,2.469127192291683
24.0,45.0,2.6472679855025927
8.0,13.0,0.4024376006849955
59.0,111.0,4.098717365390824
24.0,51.0,0.8647168456630182
4.0,6.0,7.397515204183357
1.0,3.0,2.472092254983509
10.0,15.0,3.6690013900710423
10.0,15.0,2.4705611109765733
5.0,8.0,0.6172494221191251
8.0,14.0,2.000370418571687
14.0,25.0,2.469127192291683
28.0,45.0,2.6472679855025927
8.0,13.0,0.4024376006849955
62.0,111.0,4.098717365390824
37.0,51.0,0.8647168456630182
5.0,6.0,7.397515204183357
3.0,3.0,2.472092254983509
7.0,15.0,3.6690013900710423
10.0,15.0,2.4705611109765733
7.0,8.0,0.6172494221191251
10.0,14.0,2.000370418571687
19.0,25.0,2.469127192291683
32.0,45.0,2.6472679855025927
10.0,13.0,0.4024376006849955
81.0,111.0,4.098717365390824
36.0,51.0,0.8647168456630182
6.0,6.0,7.397515204183357
3.0,3.0,2.472092254983509
11.0,15.0,3.6690013900710423
7.0,15.0,2.4705611109765733
5.0,8.0,0.6172494221191251
13.0,14.0,2.000370418571687
23.0,25.0,2.469127192291683
36.0,45.0,2.6472679855025927
10.0,13.0,0.4024376006849955
85.0,111.0,4.098717365390824
43.0,51.0,0.8647168456630182
6.0,6.0,7.397515204183357
3.0,3.0,2.472092254983509
15.0,15.0,3.6690013900710423
14.0,15.0,2.4705611109765733
7.0,8.0,0.6172494221191251
12.0,14.0,2.000370418571687
18.0,25.0,2.469127192291683
41.0,45.0,2.6472679855025927
12.0,13.0,0.4024376006849955
99.0,111.0,4.098717365390824
47.0,51.0,0.8647168456630182
1.0,11.0,15.184566532868658
1.0,14.0,2.292780165614786
1.0,21.0,2.0699020827597034
4.0,44.0,3.554950857099038
1.0,24.0,1.1969851027942309
2.0,21.0,0.5426694975777748
1.0,1.0,0.0652650091428999
2.0,15.0,1.2346324195023173
0.0,6.0,0.5563236478871294
10.0,103.0,5.906409960856526
5.0,39.0,0.958838018401038
2.0,11.0,15.184566532868658
3.0,14.0,2.292780165614786
5.0,21.0,2.0699020827597034
10.0,44.0,3.554950857099038
3.0,24.0,1.1969851027942309
5.0,21.0,0.5426694975777748
1.0,1.0,0.0652650091428999
4.0,15.0,1.2346324195023173
1.0,6.0,0.5563236478871294
15.0,103.0,5.906409960856526
12.0,39.0,0.958838018401038
2.0,11.0,15.184566532868658
5.0,14.0,2.292780165614786
3.0,21.0,2.0699020827597034
14.0,44.0,3.554950857099038
6.0,24.0,1.1969851027942309
3.0,21.0,0.5426694975777748
0.0,1.0,0.0652650091428999
3.0,15.0,1.2346324195023173
2.0,6.0,0.5563236478871294
29.0,103.0,5.906409960856526
9.0,39.0,0.958838018401038
3.0,11.0,15.184566532868658
5.0,14.0,2.292780165614786
7.0,21.0,2.0699020827597034
18.0,44.0,3.554950857099038
7.0,24.0,1.1969851027942309
7.0,21.0,0.5426694975777748
0.0,1.0,0.0652650091428999
6.0,15.0,1.2346324195023173
1.0,6.0,0.5563236478871294
46.0,103.0,5.906409960856526
20.0,39.0,0.958838018401038
8.0,11.0,15.184566532868658
10.0,14.0,2.292780165614786
11.0,21.0,2.0699020827597034
20.0,44.0,3.554950857099038
11.0,24.0,1.1969851027942309
12.0,21.0,0.5426694975777748
1.0,1.0,0.0652650091428999
7.0,15.0,1.2346324195023173
5.0,6.0,0.5563236478871294
56.0,103.0,5.906409960856526
24.0,39.0,0.958838018401038
6.0,11.0,15.184566532868658
12.0,14.0,2.292780165614786
15.0,21.0,2.0699020827597034
26.0,44.0,3.554950857099038
16.0,24.0,1.1969851027942309
7.0,21.0,0.5426694975777748
0.0,1.0,0.0652650091428999
10.0,15.0,1.2346324195023173
4.0,6.0,0.5563236478871294
70.0,103.0,5.906409960856526
21.0,39.0,0.958838018401038
7.0,11.0,15.184566532868658
10.0,14.0,2.292780165614786
14.0,21.0,2.0699020827597034
30.0,44.0,3.554950857099038
12.0,24.0,1.1969851027942309
13.0,21.0,0.5426694975777748
1.0,1.0,0.0652650091428999
12.0,15.0,1.2346324195023173
4.0,6.0,0.5563236478871294
65.0,103.0,5.906409960856526
27.0,39.0,0.958838018401038
8.0,11.0,15.184566532868658
10.0,14.0,2.292780165614786
16.0,21.0,2.0699020827597034
34.0,44.0,3.554950857099038
20.0,24.0,1.1969851027942309
17.0,21.0,0.5426694975777748
1.0,1.0,0.0652650091428999
12.0,15.0,1.2346324195023173
5.0,6.0,0.5563236478871294
80.0,103.0,5.906409960856526
32.0,39.0,0.958838018401038
11.0,11.0,15.184566532868658
12.0,14.0,2.292780165614786
17.0,21.0,2.0699020827597034
40.0,44.0,3.554950857099038
22.0,24.0,1.1969851027942309
18.0,21.0,0.5426694975777748
1.0,1.0,0.0652650091428999
11.0,15.0,1.2346324195023173
5.0,6.0,0.5563236478871294
95.0,103.0,5.906409960856526
37.0,39.0,0.958838018401038
1.0,6.0,4.719584757551848
1.0,5.0,2.5904648144172766
0.0,29.0,6.041311484742535
4.0,14.0,0.9592999962624637
7.0,54.0,2.845442395133793
11.0,79.0,2.4586849000946787
6.0,36.0,0.6797587408224531
1.0,2.0,0.047021806037918716
1.0,62.0,1.4753566035623193
3.0,29.0,0.625083951169093
2.0,31.0,0.7437855718280925
1.0,6.0,4.719584757551848
0.0,5.0,2.5904648144172766
7.0,29.0,6.041311484742535
3.0,14.0,0.9592999962624637
10.0,54.0,2.845442395133793
16.0,79.0,2.4586849000946787
10.0,36.0,0.6797587408224531
2.0,2.0,0.047021806037918716
13.0,62.0,1.4753566035623193
5.0,29.0,0.625083951169093
7.0,31.0,0.7437855718280925
2.0,6.0,4.719584757551848
0.0,5.0,2.5904648144172766
9.0,29.0,6.041311484742535
6.0,14.0,0.9592999962624637
12.0,54.0,2.845442395133793
29.0,79.0,2.4586849000946787
9.0,36.0,0.6797587408224531
1.0,2.0,0.047021806037918716
18.0,62.0,1.4753566035623193
8.0,29.0,0.625083951169093
9.0,31.0,0.7437855718280925
1.0,6.0,4.719584757551848
2.0,5.0,2.5904648144172766
11.0,29.0,6.041311484742535
9.0,14.0,0.9592999962624637
23.0,54.0,2.845442395133793
27.0,79.0,2.4586849000946787
16.0,36.0,0.6797587408224531
0.0,2.0,0.047021806037918716
24.0,62.0,1.4753566035623193
8.0,29.0,0.625083951169093
13.0,31.0,0.7437855718280925
2.0,6.0,4.719584757551848
2.0,5.0,2.5904648144172766
12.0,29.0,6.041311484742535
7.0,14.0,0.9592999962624637
32.0,54.0,2.845442395133793
35.0,79.0,2.4586849000946787
23.0,36.0,0.6797587408224531
1.0,2.0,0.047021806037918716
28.0,62.0,1.4753566035623193
14.0,29.0,0.625083951169093
15.0,31.0,0.7437855718280925
3.0,6.0,4.719584757551848
3.0,5.0,2.5904648144172766
13.0,29.0,6.041311484742535
11.0,14.0,0.9592999962624637
27.0,54.0,2.845442395133793
49.0,79.0,2.4586849000946787
21.0,36.0,0.6797587408224531
2.0,2.0,0.047021806037918716
39.0,62.0,1.4753566035623193
15.0,29.0,0.625083951169093
20.0,31.0,0.7437855718280925
4.0,6.0,4.719584757551848
3.0,5.0,2.5904648144172766
16.0,29.0,6.041311484742535
8.0,14.0,0.9592999962624637
34.0,54.0,2.845442395133793
58.0,79.0,2.4586849000946787
29.0,36.0,0.6797587408224531
2.0,2.0,0.047021806037918716
43.0,62.0,1.4753566035623193
21.0,29.0,0.625083951169093
21.0,31.0,0.7437855718280925
6.0,6.0,4.719584757551848
5.0,5.0,2.5904648144172766
25.0,29.0,6.041311484742535
14.0,14.0,0.9592999962624637
42.0,54.0,2.845442395133793
62.0,79.0,2.4586849000946787
32.0,36.0,0.6797587408224531
2.0,2.0,0.047021806037918716
49.0,62.0,1.4753566035623193
25.0,29.0,0.625083951169093
26.0,31.0,0.7437855718280925
4.0,6.0,4.719584757551848
5.0,5.0,2.5904648144172766
29.0,29.0,6.041311484742535
11.0,14.0,0.9592999962624637
49.0,54.0,2.845442395133793
72.0,79.0,2.4586849000946787
35.0,36.0,0.6797587408224531
2.0,2.0,0.047021806037918716
57.0,62.0,1.4753566035623193
27.0,29.0,0.625083951169093
28.0,31.0,0.7437855718280925
1.0,3.0,3.67757744120298
1.0,12.0,7.900252890076164
7.0,32.0,5.526360039882893
1.0,6.0,0.5125471965537455
1.0,9.0,0.6273445301528618
0.0,7.0,0.2664023964425294
5.0,78.0,5.90699287034168
2.0,14.0,0.43878854595311306
11.0,77.0,2.2668195559715345
2.0,25.0,0.623521704557579
5.0,33.0,0.6641013918424382
2.0,3.0,3.67757744120298
3.0,12.0,7.900252890076164
6.0,32.0,5.526360039882893
1.0,6.0,0.5125471965537455
1.0,9.0,0.6273445301528618
1.0,7.0,0.2664023964425294
18.0,78.0,5.90699287034168
4.0,14.0,0.43878854595311306
17.0,77.0,2.2668195559715345
6.0,25.0,0.623521704557579
5.0,33.0,0.6641013918424382
1.0,3.0,3.67757744120298
4.0,12.0,7.900252890076164
10.0,32.0,5.526360039882893
4.0,6.0,0.5125471965537455
2.0,9.0,0.6273445301528618
3.0,7.0,0.2664023964425294
26.0,78.0,5.90699287034168
1.0,14.0,0.43878854595311306
24.0,77.0,2.2668195559715345
5.0,25.0,0.623521704557579
12.0,33.0,0.6641013918424382
2.0,3.0,3.67757744120298
3.0,12.0,7.900252890076164
9.0,32.0,5.526360039882893
1.0,6.0,0.5125471965537455
6.0,9.0,0.6273445301528618
1.0,7.0,0.2664023964425294
35.0,78.0,5.90699287034168
6.0,14.0,0.43878854595311306
22.0,77.0,2.2668195559715345
11.0,25.0,0.623521704557579
19.0,33.0,0.6641013918424382
2.0,3.0,3.67757744120298
2.0,12.0,7.900252890076164
15.0,32.0,5.526360039882893
2.0,6.0,0.5125471965537455
3.0,9.0,0.6273445301528618
4.0,7.0,0.2664023964425294
38.0,78.0,5.90699287034168
9.0,14.0,0.43878854595311306
35.0,77.0,2.2668195559715345
13.0,25.0,0.623521704557579
18.0,33.0,0.6641013918424382
1.0,3.0,3.67757744120298
5.0,12.0,7.900252890076164
19.0,32.0,5.526360039882893
4.0,6.0,0.5125471965537455
3.0,9.0,0.6273445301528618
4.0,7.0,0.2664023964425294
41.0,78.0,5.90699287034168
8.0,14.0,0.43878854595311306
53.0,77.0,2.2668195559715345
14.0,25.0,0.623521704557579
20.0,33.0,0.6641013918424382
3.0,3.0,3.67757744120298
9.0,12.0,7.900252890076164
20.0,32.0,5.526360039882893
6.0,6.0,0.5125471965537455
6.0,9.0,0.6273445301528618
4.0,7.0,0.2664023964425294
56.0,78.0,5.90699287034168
10.0,14.0,0.43878854595311306
55.0,77.0,2.2668195559715345
13.0,25.0,0.623521704557579
24.0,33.0,0.6641013918424382
1.0,3.0,3.67757744120298
7.0,12.0,7.900252890076164
26.0,32.0,5.526360039882893
5.0,6.0,0.5125471965537455
6.0,9.0,0.6273445301528618
5.0,7.0,0.2664023964425294
64.0,78.0,5.90699287034168
9.0,14.0,0.43878854595311306
57.0,77.0,2.2668195559715345
20.0,25.0,0.623521704557579
25.0,33.0,0.6641013918424382
3.0,3.0,3.67757744120298
12.0,12.0,7.900252890076164
30.0,32.0,5.526360039882893
6.0,6.0,0.5125471965537455
9.0,9.0,0.6273445301528618
4.0,7.0,0.2664023964425294
64.0,78.0,5.90699287034168
12.0,14.0,0.43878854595311306
71.0,77.0,2.2668195559715345
23.0,25.0,0.623521704557579
30.0,33.0,0.6641013918424382
1.0,4.0,4.461035080888125
1.0,5.0,2.3205199868162887
0.0,3.0,2.113408237329163
0.0,3.0,0.5170731320374379
2.0,21.0,4.9904934315360165
1.0,27.0,2.4541989054323943
4.0,17.0,1.287344432455324
1.0,17.0,1.1923771456489765
3.0,31.0,1.6065305022770848
5.0,38.0,1.562822086226066
2.0,29.0,0.9511830223480375
1.0,4.0,4.461035080888125
1.0,5.0,2.3205199868162887
1.0,3.0,2.113408237329163
1.0,3.0,0.5170731320374379
2.0,21.0,4.9904934315360165
3.0,27.0,2.4541989054323943
3.0,17.0,1.287344432455324
2.0,17.0,1.1923771456489765
9.0,31.0,1.6065305022770848
10.0,38.0,1.562822086226066
6.0,29.0,0.9511830223480375
2.0,4.0,4.461035080888125
2.0,5.0,2.3205199868162887
1.0,3.0,2.113408237329163
1.0,3.0,0.5170731320374379
5.0,21.0,4.9904934315360165
7.0,27.0,2.4541989054323943
3.0,17.0,1.287344432455324
4.0,17.0,1.1923771456489765
10.0,31.0,1.6065305022770848
20.0,38.0,1.562822086226066
11.0,29.0,0.9511830223480375
2.0,4.0,4.461035080888125
3.0,5.0,2.3205199868162887
1.0,3.0,2.113408237329163
0.0,3.0,0.5170731320374379
8.0,21.0,4.9904934315360165
10.0,27.0,2.4541989054323943
9.0,17.0,1.287344432455324
6.0,17.0,1.1923771456489765
10.0,31.0,1.6065305022770848
17.0,38.0,1.562822086226066
9.0,29.0,0.9511830223480375
2.0,4.0,4.461035080888125
1.0,5.0,2.3205199868162887
1.0,3.0,2.113408237329163
2.0,3.0,0.5170731320374379
7.0,21.0,4.9904934315360165
17.0,27.0,2.4541989054323943
11.0,17.0,1.287344432455324
10.0,17.0,1.1923771456489765
13.0,31.0,1.6065305022770848
25.0,38.0,1.562822086226066
14.0,29.0,0.9511830223480375
2.0,4.0,4.461035080888125
4.0,5.0,2.3205199868162887
1.0,3.0,2.113408237329163
2.0,3.0,0.5170731320374379
17.0,21.0,4.9904934315360165
17.0,27.0,2.4541989054323943
9.0,17.0,1.287344432455324
10.0,17.0,1.1923771456489765
13.0,31.0,1.6065305022770848
23.0,38.0,1.562822086226066
12.0,29.0,0.9511830223480375
2.0,4.0,4.461035080888125
3.0,5.0,2.3205199868162887
3.0,3.0,2.113408237329163
2.0,3.0,0.5170731320374379
13.0,21.0,4.9904934315360165
17.0,27.0,2.4541989054323943
10.0,17.0,1.287344432455324
13.0,17.0,1.1923771456489765
21.0,31.0,1.6065305022770848
25.0,38.0,1.562822086226066
17.0,29.0,0.9511830223480375
4.0,4.0,4.461035080888125
5.0,5.0,2.3205199868162887
1.0,3.0,2.113408237329163
3.0,3.0,0.5170731320374379
18.0,21.0,4.9904934315360165
20.0,27.0,2.4541989054323943
9.0,17.0,1.287344432455324
13.0,17.0,1.1923771456489765
22.0,31.0,1.6065305022770848
34.0,38.0,1.562822086226066
23.0,29.0,0.9511830223480375
3.0,4.0,4.461035080888125
4.0,5.0,2.3205199868162887
2.0,3.0,2.113408237329163
3.0,3.0,0.5170731320374379
19.0,21.0,4.9904934315360165
26.0,27.0,2.4541989054323943
14.0,17.0,1.287344432455324
15.0,17.0,1.1923771456489765
29.0,31.0,1.6065305022770848
36.0,38.0,1.562822086226066
25.0,29.0,0.9511830223480375
1.0,4.0,3.6319446332567065
2.0,8.0,2.7913067409849934
1.0,7.0,2.5669584524362006
2.0,5.0,2.0848457153282505
0.0,9.0,1.0718346466931346
2.0,42.0,4.689766925873504
0.0,9.0,0.48090190140339567
2.0,9.0,0.5654447140023579
0.0,15.0,0.900793705626335
2.0,22.0,1.1017736630523398
4.0,39.0,1.8750617834955168
1.0,4.0,3.6319446332567065
2.0,8.0,2.7913067409849934
1.0,7.0,2.5669584524362006
2.0,5.0,2.0848457153282505
1.0,9.0,1.0718346466931346
10.0,42.0,4.689766925873504
2.0,9.0,0.48090190140339567
2.0,9.0,0.5654447140023579
4.0,15.0,0.900793705626335
3.0,22.0,1.1017736630523398
11.0,39.0,1.8750617834955168
1.0,4.0,3.6319446332567065
1.0,8.0,2.7913067409849934
1.0,7.0,2.5669584524362006
3.0,5.0,2.0848457153282505
2.0,9.0,1.0718346466931346
11.0,42.0,4.689766925873504
3.0,9.0,0.48090190140339567
2.0,9.0,0.5654447140023579
3.0,15.0,0.900793705626335
7.0,22.0,1.1017736630523398
12.0,39.0,1.8750617834955168
2.0,4.0,3.6319446332567065
4.0,8.0,2.7913067409849934
3.0,7.0,2.5669584524362006
0.0,5.0,2.0848457153282505
2.0,9.0,1.0718346466931346
14.0,42.0,4.689766925873504
2.0,9.0,0.48090190140339567
1.0,9.0,0.5654447140023579
5.0,15.0,0.900793705626335
9.0,22.0,1.1017736630523398
12.0,39.0,1.8750617834955168
2.0,4.0,3.6319446332567065
3.0,8.0,2.7913067409849934
4.0,7.0,2.5669584524362006
1.0,5.0,2.0848457153282505
4.0,9.0,1.0718346466931346
18.0,42.0,4.689766925873504
3.0,9.0,0.48090190140339567
7.0,9.0,0.5654447140023579
10.0,15.0,0.900793705626335
10.0,22.0,1.1017736630523398
23.0,39.0,1.8750617834955168
2.0,4.0,3.6319446332567065
5.0,8.0,2.7913067409849934
5.0,7.0,2.5669584524362006
3.0,5.0,2.0848457153282505
4.0,9.0,1.0718346466931346
22.0,42.0,4.689766925873504
7.0,9.0,0.48090190140339567
2.0,9.0,0.5654447140023579
9.0,15.0,0.900793705626335
12.0,22.0,1.1017736630523398
23.0,39.0,1.8750617834955168
3.0,4.0,3.6319446332567065
4.0,8.0,2.7913067409849934
5.0,7.0,2.5669584524362006
5.0,5.0,2.0848457153282505
8.0,9.0,1.0718346466931346
26.0,42.0,4.689766925873504
7.0,9.0,0.48090190140339567
2.0,9.0,0.5654447140023579
10.0,15.0,0.900793705626335
16.0,22.0,1.1017736630523398
29.0,39.0,1.8750617834955168
3.0,4.0,3.6319446332567065
5.0,8.0,2.7913067409849934
7.0,7.0,2.5669584524362006
2.0,5.0,2.0848457153282505
7.0,9.0,1.0718346466931346
35.0,42.0,4.689766925873504
6.0,9.0,0.48090190140339567
7.0,9.0,0.5654447140023579
10.0,15.0,0.900793705626335
19.0,22.0,1.1017736630523398
31.0,39.0,1.8750617834955168
4.0,4.0,3.6319446332567065
8.0,8.0,2.7913067409849934
6.0,7.0,2.5669584524362006
4.0,5.0,2.0848457153282505
7.0,9.0,1.0718346466931346
39.0,42.0,4.689766925873504
9.0,9.0,0.48090190140339567
9.0,9.0,0.5654447140023579
14.0,15.0,0.900793705626335
20.0,22.0,1.1017736630523398
34.0,39.0,1.8750617834955168
1.0,3.0,8.048073394298752
0.0,6.0,6.005060065809954
1.0,15.0,5.79676989108121
1.0,16.0,2.280411437414564
0.0,13.0,0.7030734745906428
3.0,10.0,0.7141745359184429
1.0,15.0,1.339023780817619
4.0,46.0,3.521673302176534
9.0,52.0,2.2797732809104665
8.0,104.0,2.7128005696211974
1.0,13.0,0.21732518730775174
2.0,3.0,8.048073394298752
2.0,6.0,6.005060065809954
4.0,15.0,5.79676989108121
4.0,16.0,2.280411437414564
2.0,13.0,0.7030734745906428
2.0,10.0,0.7141745359184429
1.0,15.0,1.339023780817619
10.0,46.0,3.521673302176534
10.0,52.0,2.2797732809104665
17.0,104.0,2.7128005696211974
2.0,13.0,0.21732518730775174
1.0,3.0,8.048073394298752
2.0,6.0,6.005060065809954
4.0,15.0,5.79676989108121
3.0,16.0,2.280411437414564
3.0,13.0,0.7030734745906428
3.0,10.0,0.7141745359184429
3.0,15.0,1.339023780817619
9.0,46.0,3.521673302176534
19.0,52.0,2.2797732809104665
31.0,104.0,2.7128005696211974
6.0,13.0,0.21732518730775174
2.0,3.0,8.048073394298752
3.0,6.0,6.005060065809954
5.0,15.0,5.79676989108121
7.0,16.0,2.280411437414564
6.0,13.0,0.7030734745906428
3.0,10.0,0.7141745359184429
4.0,15.0,1.339023780817619
13.0,46.0,3.521673302176534
18.0,52.0,2.2797732809104665
46.0,104.0,2.7128005696211974
6.0,13.0,0.21732518730775174
1.0,3.0,8.048073394298752
3.0,6.0,6.005060065809954
8.0,15.0,5.79676989108121
11.0,16.0,2.280411437414564
9.0,13.0,0.7030734745906428
5.0,10.0,0.7141745359184429
7.0,15.0,1.339023780817619
23.0,46.0,3.521673302176534
25.0,52.0,2.2797732809104665
51.0,104.0,2.7128005696211974
7.0,13.0,0.21732518730775174
1.0,3.0,8.048073394298752
5.0,6.0,6.005060065809954
10.0,15.0,5.79676989108121
11.0,16.0,2.280411437414564
6.0,13.0,0.7030734745906428
5.0,10.0,0.7141745359184429
8.0,15.0,1.339023780817619
30.0,46.0,3.521673302176534
36.0,52.0,2.2797732809104665
71.0,104.0,2.7128005696211974
5.0,13.0,0.21732518730775174
3.0,3.0,8.048073394298752
4.0,6.0,6.005060065809954
7.0,15.0,5.79676989108121
10.0,16.0,2.280411437414564
10.0,13.0,0.7030734745906428
9.0,10.0,0.7141745359184429
10.0,15.0,1.339023780817619
35.0,46.0,3.521673302176534
34.0,52.0,2.2797732809104665
65.0,104.0,2.7128005696211974
9.0,13.0,0.21732518730775174
3.0,3.0,8.048073394298752
5.0,6.0,6.005060065809954
13.0,15.0,5.79676989108121
14.0,16.0,2.280411437414564
11.0,13.0,0.7030734745906428
8.0,10.0,0.7141745359184429
14.0,15.0,1.339023780817619
35.0,46.0,3.521673302176534
39.0,52.0,2.2797732809104665
85.0,104.0,2.7128005696211974
8.0,13.0,0.21732518730775174
3.0,3.0,8.048073394298752
5.0,6.0,6.005060065809954
14.0,15.0,5.79676989108121
16.0,16.0,2.280411437414564
11.0,13.0,0.7030734745906428
10.0,10.0,0.7141745359184429
13.0,15.0,1.339023780817619
40.0,46.0,3.521673302176534
50.0,52.0,2.2797732809104665
88.0,104.0,2.7128005696211974
12.0,13.0,0.21732518730775174
1.0,8.0,7.391765628495183
1.0,4.0,2.0876035843351803
1.0,12.0,1.9931826936495685
0.0,1.0,0.4393277028215377
3.0,15.0,2.3208057097009807
5.0,47.0,3.534946594339012
4.0,55.0,2.2037325495117988
5.0,35.0,0.9353927958936045
3.0,21.0,0.5737001014491083
8.0,92.0,2.129163025281693
1.0,5.0,0.14797983802719805
1.0,8.0,7.391765628495183
1.0,4.0,2.0876035843351803
3.0,12.0,1.9931826936495685
1.0,1.0,0.4393277028215377
3.0,15.0,2.3208057097009807
10.0,47.0,3.534946594339012
10.0,55.0,2.2037325495117988
4.0,35.0,0.9353927958936045
3.0,21.0,0.5737001014491083
24.0,92.0,2.129163025281693
2.0,5.0,0.14797983802719805
2.0,8.0,7.391765628495183
1.0,4.0,2.0876035843351803
1.0,12.0,1.9931826936495685
0.0,1.0,0.4393277028215377
4.0,15.0,2.3208057097009807
13.0,47.0,3.534946594339012
16.0,55.0,2.2037325495117988
7.0,35.0,0.9353927958936045
9.0,21.0,0.5737001014491083
29.0,92.0,2.129163025281693
1.0,5.0,0.14797983802719805
3.0,8.0,7.391765628495183
1.0,4.0,2.0876035843351803
4.0,12.0,1.9931826936495685
1.0,1.0,0.4393277028215377
6.0,15.0,2.3208057097009807
22.0,47.0,3.534946594339012
20.0,55.0,2.2037325495117988
18.0,35.0,0.9353927958936045
6.0,21.0,0.5737001014491083
29.0,92.0,2.129163025281693
3.0,5.0,0.14797983802719805
3.0,8.0,7.391765628495183
1.0,4.0,2.0876035843351803
5.0,12.0,1.9931826936495685
0.0,1.0,0.4393277028215377
4.0,15.0,2.3208057097009807
23.0,47.0,3.534946594339012
29.0,55.0,2.2037325495117988
15.0,35.0,0.9353927958936045
10.0,21.0,0.5737001014491083
47.0,92.0,2.129163025281693
2.0,5.0,0.14797983802719805
5.0,8.0,7.391765628495183
3.0,4.0,2.0876035843351803
9.0,12.0,1.9931826936495685
1.0,1.0,0.4393277028215377
9.0,15.0,2.3208057097009807
33.0,47.0,3.534946594339012
31.0,55.0,2.2037325495117988
20.0,35.0,0.9353927958936045
12.0,21.0,0.5737001014491083
58.0,92.0,2.129163025281693
3.0,5.0,0.14797983802719805
8.0,8.0,7.391765628495183
1.0,4.0,2.0876035843351803
9.0,12.0,1.9931826936495685
1.0,1.0,0.4393277028215377
6.0,15.0,2.3208057097009807
35.0,47.0,3.534946594339012
41.0,55.0,2.2037325495117988
25.0,35.0,0.9353927958936045
15.0,21.0,0.5737001014491083
76.0,92.0,2.129163025281693
3.0,5.0,0.14797983802719805
7.0,8.0,7.391765628495183
2.0,4.0,2.0876035843351803
9.0,12.0,1.9931826936495685
1.0,1.0,0.4393277028215377
13.0,15.0,2.3208057097009807
38.0,47.0,3.534946594339012
45.0,55.0,2.2037325495117988
23.0,35.0,0.9353927958936045
14.0,21.0,0.5737001014491083
75.0,92.0,2.129163025281693
3.0,5.0,0.14797983802719805
8.0,8.0,7.391765628495183
3.0,4.0,2.0876035843351803
12.0,12.0,1.9931826936495685
0.0,1.0,0.4393277028215377
12.0,15.0,2.3208057097009807
41.0,47.0,3.534946594339012
53.0,55.0,2.2037325495117988
29.0,35.0,0.9353927958936045
19.0,21.0,0.5737001014491083
81.0,92.0,2.129163025281693
4.0,5.0,0.14797983802719805
1.0,2.0,2.1028005318939633
2.0,4.0,2.8808302402600945
1.0,2.0,1.732146038217722
2.0,8.0,3.5930157946343377
1.0,7.0,1.9195748677840767
0.0,4.0,0.9288326299485984
6.0,39.0,6.148514481917813
0.0,10.0,0.48623591045329806
1.0,26.0,1.767629907370446
2.0,23.0,1.2376229678005908
1.0,10.0,0.39064683638246095
1.0,2.0,2.1028005318939633
2.0,4.0,2.8808302402600945
1.0,2.0,1.732146038217722
2.0,8.0,3.5930157946343377
2.0,7.0,1.9195748677840767
2.0,4.0,0.9288326299485984
10.0,39.0,6.148514481917813
1.0,10.0,0.48623591045329806
11.0,26.0,1.767629907370446
4.0,23.0,1.2376229678005908
2.0,10.0,0.39064683638246095
1.0,2.0,2.1028005318939633
2.0,4.0,2.8808302402600945
1.0,2.0,1.732146038217722
2.0,8.0,3.5930157946343377
0.0,7.0,1.9195748677840767
1.0,4.0,0.9288326299485984
9.0,39.0,6.148514481917813
3.0,10.0,0.48623591045329806
9.0,26.0,1.767629907370446
3.0,23.0,1.2376229678005908
1.0,10.0,0.39064683638246095
2.0,2.0,2.1028005318939633
3.0,4.0,2.8808302402600945
1.0,2.0,1.732146038217722
4.0,8.0,3.5930157946343377
4.0,7.0,1.9195748677840767
3.0,4.0,0.9288326299485984
14.0,39.0,6.148514481917813
4.0,10.0,0.48623591045329806
12.0,26.0,1.767629907370446
12.0,23.0,1.2376229678005908
4.0,10.0,0.39064683638246095
1.0,2.0,2.1028005318939633
2.0,4.0,2.8808302402600945
0.0,2.0,1.732146038217722
4.0,8.0,3.5930157946343377
4.0,7.0,1.9195748677840767
3.0,4.0,0.9288326299485984
21.0,39.0,6.148514481917813
3.0,10.0,0.48623591045329806
9.0,26.0,1.767629907370446
11.0,23.0,1.2376229678005908
7.0,10.0,0.39064683638246095
2.0,2.0,2.1028005318939633
2.0,4.0,2.8808302402600945
1.0,2.0,1.732146038217722
3.0,8.0,3.5930157946343377
5.0,7.0,1.9195748677840767
2.0,4.0,0.9288326299485984
19.0,39.0,6.148514481917813
6.0,10.0,0.48623591045329806
15.0,26.0,1.767629907370446
16.0,23.0,1.2376229678005908
2.0,10.0,0.39064683638246095
1.0,2.0,2.1028005318939633
1.0,4.0,2.8808302402600945
1.0,2.0,1.732146038217722
7.0,8.0,3.5930157946343377
3.0,7.0,1.9195748677840767
2.0,4.0,0.9288326299485984
27.0,39.0,6.148514481917813
5.0,10.0,0.48623591045329806
22.0,26.0,1.767629907370446
14.0,23.0,1.2376229678005908
7.0,10.0,0.39064683638246095
2.0,2.0,2.1028005318939633
3.0,4.0,2.8808302402600945
2.0,2.0,1.732146038217722
7.0,8.0,3.5930157946343377
4.0,7.0,1.9195748677840767
3.0,4.0,0.9288326299485984
29.0,39.0,6.148514481917813
9.0,10.0,0.48623591045329806
16.0,26.0,1.767629907370446
18.0,23.0,1.2376229678005908
4.0,10.0,0.39064683638246095
2.0,2.0,2.1028005318939633
4.0,4.0,2.8808302402600945
2.0,2.0,1.732146038217722
6.0,8.0,3.5930157946343377
7.0,7.0,1.9195748677840767
4.0,4.0,0.9288326299485984
32.0,39.0,6.148514481917813
8.0,10.0,0.48623591045329806
22.0,26.0,1.767629907370446
16.0,23.0,1.2376229678005908
8.0,10.0,0.39064683638246095
1.0,3.0,1.2449600453013265
1.0,19.0,7.406124070217504
1.0,4.0,1.4359828025816164
1.0,33.0,4.233967672807506
1.0,32.0,2.0202141915125997
0.0,4.0,0.2012368421814258
2.0,17.0,0.7804017813432654
3.0,24.0,1.359723926244106
6.0,37.0,1.751321283324156
3.0,20.0,0.8065787385522721
3.0,53.0,1.922555825008112
1.0,3.0,1.2449600453013265
2.0,19.0,7.406124070217504
0.0,4.0,1.4359828025816164
2.0,33.0,4.233967672807506
7.0,32.0,2.0202141915125997
1.0,4.0,0.2012368421814258
1.0,17.0,0.7804017813432654
3.0,24.0,1.359723926244106
10.0,37.0,1.751321283324156
7.0,20.0,0.8065787385522721
9.0,53.0,1.922555825008112
2.0,3.0,1.2449600453013265
6.0,19.0,7.406124070217504
0.0,4.0,1.4359828025816164
16.0,33.0,4.233967672807506
13.0,32.0,2.0202141915125997
2.0,4.0,0.2012368421814258
3.0,17.0,0.7804017813432654
6.0,24.0,1.359723926244106
9.0,37.0,1.751321283324156
3.0,20.0,0.8065787385522721
14.0,53.0,1.922555825008112
2.0,3.0,1.2449600453013265
5.0,19.0,7.406124070217504
2.0,4.0,1.4359828025816164
12.0,33.0,4.233967672807506
9.0,32.0,2.0202141915125997
1.0,4.0,0.2012368421814258
7.0,17.0,0.7804017813432654
9.0,24.0,1.359723926244106
13.0,37.0,1.751321283324156
9.0,20.0,0.8065787385522721
22.0,53.0,1.922555825008112
1.0,3.0,1.2449600453013265
14.0,19.0,7.406124070217504
3.0,4.0,1.4359828025816164
22.0,33.0,4.233967672807506
18.0,32.0,2.0202141915125997
4.0,4.0,0.2012368421814258
11.0,17.0,0.7804017813432654
12.0,24.0,1.359723926244106
21.0,37.0,1.751321283324156
9.0,20.0,0.8065787385522721
23.0,53.0,1.922555825008112
1.0,3.0,1.2449600453013265
10.0,19.0,7.406124070217504
2.0,4.0,1.4359828025816164
20.0,33.0,4.233967672807506
20.0,32.0,2.0202141915125997
3.0,4.0,0.2012368421814258
12.0,17.0,0.7804017813432654
13.0,24.0,1.359723926244106
27.0,37.0,1.751321283324156
15.0,20.0,0.8065787385522721
36.0,53.0,1.922555825008112
1.0,3.0,1.2449600453013265
15.0,19.0,7.406124070217504
3.0,4.0,1.4359828025816164
21.0,33.0,4.233967672807506
22.0,32.0,2.0202141915125997
4.0,4.0,0.2012368421814258
13.0,17.0,0.7804017813432654
20.0,24.0,1.359723926244106
29.0,37.0,1.751321283324156
11.0,20.0,0.8065787385522721
37.0,53.0,1.922555825008112
3.0,3.0,1.2449600453013265
16.0,19.0,7.406124070217504
3.0,4.0,1.4359828025816164
24.0,33.0,4.233967672807506
21.0,32.0,2.0202141915125997
4.0,4.0,0.2012368421814258
15.0,17.0,0.7804017813432654
18.0,24.0,1.359723926244106
28.0,37.0,1.751321283324156
15.0,20.0,0.8065787385522721
44.0,53.0,1.922555825008112
3.0,3.0,1.2449600453013265
19.0,19.0,7.406124070217504
3.0,4.0,1.4359828025816164
27.0,33.0,4.233967672807506
31.0,32.0,2.0202141915125997
4.0,4.0,0.2012368421814258
14.0,17.0,0.7804017813432654
23.0,24.0,1.359723926244106
33.0,37.0,1.751321283324156
20.0,20.0,0.8065787385522721
45.0,53.0,1.922555825008112
1.0,9.0,15.324447263471292
2.0,8.0,4.328429297228846
8.0,49.0,8.032881811733532
1.0,8.0,0.2360246607465643
16.0,97.0,4.254403799852394
1.0,8.0,0.19694022792777155
11.0,86.0,1.835237591508839
0.0,14.0,0.26410752834614026
0.0,5.0,0.07842174544085216
5.0,48.0,1.3799543085325048
3.0,46.0,1.0556792557791579
1.0,9.0,15.324447263471292
1.0,8.0,4.328429297228846
12.0,49.0,8.032881811733532
2.0,8.0,0.2360246607465643
15.0,97.0,4.254403799852394
2.0,8.0,0.19694022792777155
17.0,86.0,1.835237591508839
5.0,14.0,0.26410752834614026
1.0,5.0,0.07842174544085216
10.0,48.0,1.3799543085325048
10.0,46.0,1.0556792557791579
2.0,9.0,15.324447263471292
0.0,8.0,4.328429297228846
16.0,49.0,8.032881811733532
4.0,8.0,0.2360246607465643
29.0,97.0,4.254403799852394
2.0,8.0,0.19694022792777155
23.0,86.0,1.835237591508839
6.0,14.0,0.26410752834614026
1.0,5.0,0.07842174544085216
16.0,48.0,1.3799543085325048
11.0,46.0,1.0556792557791579
4.0,9.0,15.324447263471292
1.0,8.0,4.328429297228846
22.0,49.0,8.032881811733532
1.0,8.0,0.2360246607465643
34.0,97.0,4.254403799852394
2.0,8.0,0.19694022792777155
45.0,86.0,1.835237591508839
9.0,14.0,0.26410752834614026
2.0,5.0,0.07842174544085216
25.0,48.0,1.3799543085325048
19.0,46.0,1.0556792557791579
4.0,9.0,15.324447263471292
6.0,8.0,4.328429297228846
25.0,49.0,8.032881811733532
6.0,8.0,0.2360246607465643
47.0,97.0,4.254403799852394
4.0,8.0,0.19694022792777155
37.0,86.0,1.835237591508839
7.0,14.0,0.26410752834614026
1.0,5.0,0.07842174544085216
21.0,48.0,1.3799543085325048
28.0,46.0,1.0556792557791579
3.0,9.0,15.324447263471292
3.0,8.0,4.328429297228846
34.0,49.0,8.032881811733532
4.0,8.0,0.2360246607465643
58.0,97.0,4.254403799852394
5.0,8.0,0.19694022792777155
55.0,86.0,1.835237591508839
8.0,14.0,0.26410752834614026
2.0,5.0,0.07842174544085216
26.0,48.0,1.3799543085325048
29.0,46.0,1.0556792557791579
8.0,9.0,15.324447263471292
5.0,8.0,4.328429297228846
32.0,49.0,8.032881811733532
5.0,8.0,0.2360246607465643
65.0,97.0,4.254403799852394
7.0,8.0,0.19694022792777155
60.0,86.0,1.835237591508839
11.0,14.0,0.26410752834614026
3.0,5.0,0.07842174544085216
34.0,48.0,1.3799543085325048
31.0,46.0,1.0556792557791579
7.0,9.0,15.324447263471292
7.0,8.0,4.328429297228846
37.0,49.0,8.032881811733532
5.0,8.0,0.2360246607465643
73.0,97.0,4.254403799852394
7.0,8.0,0.19694022792777155
68.0,86.0,1.835237591508839
11.0,14.0,0.26410752834614026
5.0,5.0,0.07842174544085216
37.0,48.0,1.3799543085325048
33.0,46.0,1.0556792557791579
7.0,9.0,15.324447263471292
6.0,8.0,4.328429297228846
46.0,49.0,8.032881811733532
8.0,8.0,0.2360246607465643
89.0,97.0,4.254403799852394
7.0,8.0,0.19694022792777155
79.0,86.0,1.835237591508839
12.0,14.0,0.26410752834614026
5.0,5.0,0.07842174544085216
44.0,48.0,1.3799543085325048
44.0,46.0,1.0556792557791579
1.0,3.0,3.7564531658572298
1.0,5.0,4.560102338468624
1.0,7.0,1.9552641187956266
1.0,16.0,3.5851213269663784
1.0,7.0,1.7143566345563939
1.0,16.0,1.6754980060155331
11.0,44.0,3.711903439348522
3.0,28.0,1.0385766794527174
0.0,9.0,0.3759631962159268
7.0,62.0,2.1396678673167373
7.0,32.0,0.9398591982002205
1.0,3.0,3.7564531658572298
0.0,5.0,4.560102338468624
3.0,7.0,1.9552641187956266
3.0,16.0,3.5851213269663784
1.0,7.0,1.7143566345563939
3.0,16.0,1.6754980060155331
7.0,44.0,3.711903439348522
4.0,28.0,1.0385766794527174
1.0,9.0,0.3759631962159268
17.0,62.0,2.1396678673167373
4.0,32.0,0.9398591982002205
2.0,3.0,3.7564531658572298
1.0,5.0,4.560102338468624
2.0,7.0,1.9552641187956266
3.0,16.0,3.5851213269663784
3.0,7.0,1.7143566345563939
5.0,16.0,1.6754980060155331
14.0,44.0,3.711903439348522
15.0,28.0,1.0385766794527174
1.0,9.0,0.3759631962159268
25.0,62.0,2.1396678673167373
11.0,32.0,0.9398591982002205
1.0,3.0,3.7564531658572298
2.0,5.0,4.560102338468624
2.0,7.0,1.9552641187956266
8.0,16.0,3.5851213269663784
4.0,7.0,1.7143566345563939
4.0,16.0,1.6754980060155331
20.0,44.0,3.711903439348522
10.0,28.0,1.0385766794527174
4.0,9.0,0.3759631962159268
24.0,62.0,2.1396678673167373
12.0,32.0,0.9398591982002205
2.0,3.0,3.7564531658572298
2.0,5.0,4.560102338468624
5.0,7.0,1.9552641187956266
4.0,16.0,3.5851213269663784
2.0,7.0,1.7143566345563939
6.0,16.0,1.6754980060155331
22.0,44.0,3.711903439348522
14.0,28.0,1.0385766794527174
2.0,9.0,0.3759631962159268
26.0,62.0,2.1396678673167373
11.0,32.0,0.9398591982002205
2.0,3.0,3.7564531658572298
1.0,5.0,4.560102338468624
5.0,7.0,1.9552641187956266
10.0,16.0,3.5851213269663784
5.0,7.0,1.7143566345563939
10.0,16.0,1.6754980060155331
28.0,44.0,3.711903439348522
17.0,28.0,1.0385766794527174
5.0,9.0,0.3759631962159268
40.0,62.0,2.1396678673167373
18.0,32.0,0.9398591982002205
1.0,3.0,3.7564531658572298
4.0,5.0,4.560102338468624
7.0,7.0,1.9552641187956266
13.0,16.0,3.5851213269663784
7.0,7.0,1.7143566345563939
15.0,16.0,1.6754980060155331
33.0,44.0,3.711903439348522
18.0,28.0,1.0385766794527174
8.0,9.0,0.3759631962159268
43.0,62.0,2.1396678673167373
23.0,32.0,0.9398591982002205
1.0,3.0,3.7564531658572298
4.0,5.0,4.560102338468624
6.0,7.0,1.9552641187956266
12.0,16.0,3.5851213269663784
6.0,7.0,1.7143566345563939
15.0,16.0,1.6754980060155331
34.0,44.0,3.711903439348522
23.0,28.0,1.0385766794527174
8.0,9.0,0.3759631962159268
50.0,62.0,2.1396678673167373
27.0,32.0,0.9398591982002205
3.0,3.0,3.7564531658572298
5.0,5.0,4.560102338468624
6.0,7.0,1.9552641187956266
16.0,16.0,3.5851213269663784
5.0,7.0,1.7143566345563939
14.0,16.0,1.6754980060155331
41.0,44.0,3.711903439348522
27.0,28.0,1.0385766794527174
8.0,9.0,0.3759631962159268
56.0,62.0,2.1396678673167373
26.0,32.0,0.9398591982002205
1.0,3.0,3.1536519653395874
0.0,5.0,1.5812732040810116
2.0,5.0,3.9470046127321106
0.0,4.0,2.126854238666027
2.0,6.0,0.6985352020294268
2.0,27.0,4.210791106496261
4.0,35.0,2.0178782779775126
0.0,2.0,0.19688816239280765
1.0,17.0,1.2970919023442553
5.0,49.0,2.3948251623469345
5.0,27.0,0.8213007626790348
1.0,3.0,3.1536519653395874
1.0,5.0,1.5812732040810116
1.0,5.0,3.9470046127321106
3.0,4.0,2.126854238666027
1.0,6.0,0.6985352020294268
7.0,27.0,4.210791106496261
7.0,35.0,2.0178782779775126
1.0,2.0,0.19688816239280765
1.0,17.0,1.2970919023442553
12.0,49.0,2.3948251623469345
8.0,27.0,0.8213007626790348
1.0,3.0,3.1536519653395874
3.0,5.0,1.5812732040810116
4.0,5.0,3.9470046127321106
1.0,4.0,2.126854238666027
5.0,6.0,0.6985352020294268
7.0,27.0,4.210791106496261
13.0,35.0,2.0178782779775126
0.0,2.0,0.19688816239280765
7.0,17.0,1.2970919023442553
12.0,49.0,2.3948251623469345
8.0,27.0,0.8213007626790348
1.0,3.0,3.1536519653395874
2.0,5.0,1.5812732040810116
3.0,5.0,3.9470046127321106
2.0,4.0,2.126854238666027
4.0,6.0,0.6985352020294268
11.0,27.0,4.210791106496261
15.0,35.0,2.0178782779775126
2.0,2.0,0.19688816239280765
3.0,17.0,1.2970919023442553
16.0,49.0,2.3948251623469345
8.0,27.0,0.8213007626790348
3.0,3.0,3.1536519653395874
2.0,5.0,1.5812732040810116
2.0,5.0,3.9470046127321106
1.0,4.0,2.126854238666027
5.0,6.0,0.6985352020294268
15.0,27.0,4.210791106496261
12.0,35.0,2.0178782779775126
1.0,2.0,0.19688816239280765
8.0,17.0,1.2970919023442553
27.0,49.0,2.3948251623469345
14.0,27.0,0.8213007626790348
2.0,3.0,3.1536519653395874
4.0,5.0,1.5812732040810116
5.0,5.0,3.9470046127321106
4.0,4.0,2.126854238666027
5.0,6.0,0.6985352020294268
16.0,27.0,4.210791106496261
17.0,35.0,2.0178782779775126
1.0,2.0,0.19688816239280765
11.0,17.0,1.2970919023442553
26.0,49.0,2.3948251623469345
17.0,27.0,0.8213007626790348
2.0,3.0,3.1536519653395874
4.0,5.0,1.5812732040810116
4.0,5.0,3.9470046127321106
2.0,4.0,2.126854238666027
4.0,6.0,0.6985352020294268
22.0,27.0,4.210791106496261
23.0,35.0,2.0178782779775126
1.0,2.0,0.19688816239280765
13.0,17.0,1.2970919023442553
32.0,49.0,2.3948251623469345
18.0,27.0,0.8213007626790348
2.0,3.0,3.1536519653395874
4.0,5.0,1.5812732040810116
5.0,5.0,3.9470046127321106
4.0,4.0,2.126854238666027
5.0,6.0,0.6985352020294268
22.0,27.0,4.210791106496261
26.0,35.0,2.0178782779775126
2.0,2.0,0.19688816239280765
12.0,17.0,1.2970919023442553
40.0,49.0,2.3948251623469345
22.0,27.0,0.8213007626790348
2.0,3.0,3.1536519653395874
5.0,5.0,1.5812732040810116
5.0,5.0,3.9470046127321106
4.0,4.0,2.126854238666027
4.0,6.0,0.6985352020294268
27.0,27.0,4.210791106496261
29.0,35.0,2.0178782779775126
2.0,2.0,0.19688816239280765
17.0,17.0,1.2970919023442553
44.0,49.0,2.3948251623469345
26.0,27.0,0.8213007626790348
1.0,2.0,1.8154347368136838
2.0,6.0,3.378413021722028
1.0,5.0,3.2371085611262207
3.0,17.0,3.131484387149364
3.0,29.0,3.243573527080713
12.0,94.0,4.416382780586932
3.0,62.0,2.027272850622307
0.0,12.0,0.24200020936413877
7.0,82.0,1.4309226583751726
1.0,5.0,0.12962232801461238
2.0,10.0,0.1960967326926877
1.0,2.0,1.8154347368136838
2.0,6.0,3.378413021722028
3.0,5.0,3.2371085611262207
3.0,17.0,3.131484387149364
4.0,29.0,3.243573527080713
23.0,94.0,4.416382780586932
14.0,62.0,2.027272850622307
2.0,12.0,0.24200020936413877
10.0,82.0,1.4309226583751726
0.0,5.0,0.12962232801461238
0.0,10.0,0.1960967326926877
1.0,2.0,1.8154347368136838
3.0,6.0,3.378413021722028
1.0,5.0,3.2371085611262207
11.0,17.0,3.131484387149364
8.0,29.0,3.243573527080713
22.0,94.0,4.416382780586932
19.0,62.0,2.027272850622307
2.0,12.0,0.24200020936413877
27.0,82.0,1.4309226583751726
1.0,5.0,0.12962232801461238
3.0,10.0,0.1960967326926877
1.0,2.0,1.8154347368136838
3.0,6.0,3.378413021722028
3.0,5.0,3.2371085611262207
8.0,17.0,3.131484387149364
13.0,29.0,3.243573527080713
42.0,94.0,4.416382780586932
26.0,62.0,2.027272850622307
5.0,12.0,0.24200020936413877
36.0,82.0,1.4309226583751726
2.0,5.0,0.12962232801461238
5.0,10.0,0.1960967326926877
1.0,2.0,1.8154347368136838
2.0,6.0,3.378413021722028
1.0,5.0,3.2371085611262207
10.0,17.0,3.131484387149364
18.0,29.0,3.243573527080713
49.0,94.0,4.416382780586932
33.0,62.0,2.027272850622307
6.0,12.0,0.24200020936413877
42.0,82.0,1.4309226583751726
1.0,5.0,0.12962232801461238
6.0,10.0,0.1960967326926877
2.0,2.0,1.8154347368136838
3.0,6.0,3.378413021722028
4.0,5.0,3.2371085611262207
9.0,17.0,3.131484387149364
18.0,29.0,3.243573527080713
57.0,94.0,4.416382780586932
32.0,62.0,2.027272850622307
6.0,12.0,0.24200020936413877
47.0,82.0,1.4309226583751726
2.0,5.0,0.12962232801461238
4.0,10.0,0.1960967326926877
2.0,2.0,1.8154347368136838
4.0,6.0,3.378413021722028
5.0,5.0,3.2371085611262207
13.0,17.0,3.131484387149364
22.0,29.0,3.243573527080713
69.0,94.0,4.416382780586932
49.0,62.0,2.027272850622307
8.0,12.0,0.24200020936413877
60.0,82.0,1.4309226583751726
4.0,5.0,0.12962232801461238
8.0,10.0,0.1960967326926877
1.0,2.0,1.8154347368136838
3.0,6.0,3.378413021722028
4.0,5.0,3.2371085611262207
13.0,17.0,3.131484387149364
26.0,29.0,3.243573527080713
74.0,94.0,4.416382780586932
49.0,62.0,2.027272850622307
4.0,12.0,0.24200020936413877
65.0,82.0,1.4309226583751726
2.0,5.0,0.12962232801461238
8.0,10.0,0.1960967326926877
2.0,2.0,1.8154347368136838
6.0,6.0,3.378413021722028
4.0,5.0,3.2371085611262207
15.0,17.0,3.131484387149364
29.0,29.0,3.243573527080713
86.0,94.0,4.416382780586932
57.0,62.0,2.027272850622307
11.0,12.0,0.24200020936413877
76.0,82.0,1.4309226583751726
5.0,5.0,0.12962232801461238
10.0,10.0,0.1960967326926877
1.0,4.0,6.4725838560326805
1.0,2.0,0.5082297148823138
1.0,15.0,7.333025529411796
4.0,21.0,2.849125989472746
1.0,7.0,0.5967755009465391
2.0,19.0,0.8343133241080133
5.0,32.0,2.2782437956790633
5.0,39.0,1.6059799947003919
0.0,3.0,0.13013844946549297
3.0,103.0,4.293233235783954
1.0,14.0,0.36852854576661265
1.0,4.0,6.4725838560326805
0.0,2.0,0.5082297148823138
2.0,15.0,7.333025529411796
6.0,21.0,2.849125989472746
1.0,7.0,0.5967755009465391
2.0,19.0,0.8343133241080133
4.0,32.0,2.2782437956790633
7.0,39.0,1.6059799947003919
1.0,3.0,0.13013844946549297
20.0,103.0,4.293233235783954
1.0,14.0,0.36852854576661265
1.0,4.0,6.4725838560326805
0.0,2.0,0.5082297148823138
4.0,15.0,7.333025529411796
5.0,21.0,2.849125989472746
2.0,7.0,0.5967755009465391
2.0,19.0,0.8343133241080133
6.0,32.0,2.2782437956790633
11.0,39.0,1.6059799947003919
1.0,3.0,0.13013844946549297
35.0,103.0,4.293233235783954
4.0,14.0,0.36852854576661265
2.0,4.0,6.4725838560326805
2.0,2.0,0.5082297148823138
8.0,15.0,7.333025529411796
8.0,21.0,2.849125989472746
1.0,7.0,0.5967755009465391
9.0,19.0,0.8343133241080133
14.0,32.0,2.2782437956790633
17.0,39.0,1.6059799947003919
1.0,3.0,0.13013844946549297
38.0,103.0,4.293233235783954
6.0,14.0,0.36852854576661265
1.0,4.0,6.4725838560326805
2.0,2.0,0.5082297148823138
8.0,15.0,7.333025529411796
13.0,21.0,2.849125989472746
5.0,7.0,0.5967755009465391
8.0,19.0,0.8343133241080133
17.0,32.0,2.2782437956790633
23.0,39.0,1.6059799947003919
1.0,3.0,0.13013844946549297
45.0,103.0,4.293233235783954
6.0,14.0,0.36852854576661265
2.0,4.0,6.4725838560326805
2.0,2.0,0.5082297148823138
7.0,15.0,7.333025529411796
10.0,21.0,2.849125989472746
3.0,7.0,0.5967755009465391
15.0,19.0,0.8343133241080133
16.0,32.0,2.2782437956790633
22.0,39.0,1.6059799947003919
1.0,3.0,0.13013844946549297
64.0,103.0,4.293233235783954
9.0,14.0,0.36852854576661265
2.0,4.0,6.4725838560326805
2.0,2.0,0.5082297148823138
9.0,15.0,7.333025529411796
19.0,21.0,2.849125989472746
7.0,7.0,0.5967755009465391
16.0,19.0,0.8343133241080133
21.0,32.0,2.2782437956790633
23.0,39.0,1.6059799947003919
2.0,3.0,0.13013844946549297
73.0,103.0,4.293233235783954
12.0,14.0,0.36852854576661265
2.0,4.0,6.4725838560326805
2.0,2.0,0.5082297148823138
10.0,15.0,7.333025529411796
17.0,21.0,2.849125989472746
6.0,7.0,0.5967755009465391
14.0,19.0,0.8343133241080133
28.0,32.0,2.2782437956790633
31.0,39.0,1.6059799947003919
3.0,3.0,0.13013844946549297
80.0,103.0,4.293233235783954
14.0,14.0,0.36852854576661265
4.0,4.0,6.4725838560326805
1.0,2.0,0.5082297148823138
11.0,15.0,7.333025529411796
20.0,21.0,2.849125989472746
5.0,7.0,0.5967755009465391
19.0,19.0,0.8343133241080133
30.0,32.0,2.2782437956790633
34.0,39.0,1.6059799947003919
3.0,3.0,0.13013844946549297
94.0,103.0,4.293233235783954
12.0,14.0,0.36852854576661265
1.0,3.0,4.37782288050733
0.0,3.0,3.0191143706613133
2.0,7.0,3.6592331287828075
2.0,10.0,5.832708357680845
3.0,39.0,4.967857084217928
3.0,17.0,0.9243662518480225
3.0,20.0,0.7332580936880697
0.0,5.0,0.2026528402206736
6.0,20.0,0.8450888255161627
8.0,72.0,4.346182733142689
4.0,27.0,0.59639120228071
1.0,3.0,4.37782288050733
1.0,3.0,3.0191143706613133
2.0,7.0,3.6592331287828075
1.0,10.0,5.832708357680845
5.0,39.0,4.967857084217928
3.0,17.0,0.9243662518480225
1.0,20.0,0.7332580936880697
4.0,5.0,0.2026528402206736
4.0,20.0,0.8450888255161627
22.0,72.0,4.346182733142689
7.0,27.0,0.59639120228071
1.0,3.0,4.37782288050733
2.0,3.0,3.0191143706613133
2.0,7.0,3.6592331287828075
2.0,10.0,5.832708357680845
15.0,39.0,4.967857084217928
7.0,17.0,0.9243662518480225
8.0,20.0,0.7332580936880697
1.0,5.0,0.2026528402206736
6.0,20.0,0.8450888255161627
17.0,72.0,4.346182733142689
14.0,27.0,0.59639120228071
1.0,3.0,4.37782288050733
1.0,3.0,3.0191143706613133
2.0,7.0,3.6592331287828075
4.0,10.0,5.832708357680845
13.0,39.0,4.967857084217928
4.0,17.0,0.9243662518480225
2.0,20.0,0.7332580936880697
2.0,5.0,0.2026528402206736
5.0,20.0,0.8450888255161627
22.0,72.0,4.346182733142689
13.0,27.0,0.59639120228071
3.0,3.0,4.37782288050733
1.0,3.0,3.0191143706613133
4.0,7.0,3.6592331287828075
5.0,10.0,5.832708357680845
17.0,39.0,4.967857084217928
11.0,17.0,0.9243662518480225
10.0,20.0,0.7332580936880697
4.0,5.0,0.2026528402206736
11.0,20.0,0.8450888255161627
31.0,72.0,4.346182733142689
12.0,27.0,0.59639120228071
1.0,3.0,4.37782288050733
3.0,3.0,3.0191143706613133
3.0,7.0,3.6592331287828075
8.0,10.0,5.832708357680845
22.0,39.0,4.967857084217928
9.0,17.0,0.9243662518480225
8.0,20.0,0.7332580936880697
4.0,5.0,0.2026528402206736
14.0,20.0,0.8450888255161627
44.0,72.0,4.346182733142689
15.0,27.0,0.59639120228071
2.0,3.0,4.37782288050733
2.0,3.0,3.0191143706613133
6.0,7.0,3.6592331287828075
5.0,10.0,5.832708357680845
29.0,39.0,4.967857084217928
13.0,17.0,0.9243662518480225
13.0,20.0,0.7332580936880697
4.0,5.0,0.2026528402206736
12.0,20.0,0.8450888255161627
47.0,72.0,4.346182733142689
20.0,27.0,0.59639120228071
3.0,3.0,4.37782288050733
1.0,3.0,3.0191143706613133
4.0,7.0,3.6592331287828075
7.0,10.0,5.832708357680845
32.0,39.0,4.967857084217928
13.0,17.0,0.9243662518480225
17.0,20.0,0.7332580936880697
5.0,5.0,0.2026528402206736
15.0,20.0,0.8450888255161627
58.0,72.0,4.346182733142689
19.0,27.0,0.59639120228071
3.0,3.0,4.37782288050733
3.0,3.0,3.0191143706613133
7.0,7.0,3.6592331287828075
9.0,10.0,5.832708357680845
34.0,39.0,4.967857084217928
16.0,17.0,0.9243662518480225
17.0,20.0,0.7332580936880697
5.0,5.0,0.2026528402206736
16.0,20.0,0.8450888255161627
63.0,72.0,4.346182733142689
25.0,27.0,0.59639120228071
1.0,2.0,6.151069864856539
0.0,7.0,4.003018270860661
1.0,25.0,6.331420162929537
4.0,25.0,1.9836333892869
0.0,11.0,0.6477593338760859
5.0,30.0,1.3038860257134854
2.0,46.0,2.7420694481187247
9.0,83.0,2.644866983487301
3.0,38.0,0.8373846821841865
4.0,29.0,0.6301485631753078
2.0,3.0,0.10654666045949861
1.0,2.0,6.151069864856539
2.0,7.0,4.003018270860661
6.0,25.0,6.331420162929537
6.0,25.0,1.9836333892869
4.0,11.0,0.6477593338760859
4.0,30.0,1.3038860257134854
8.0,46.0,2.7420694481187247
19.0,83.0,2.644866983487301
5.0,38.0,0.8373846821841865
10.0,29.0,0.6301485631753078
0.0,3.0,0.10654666045949861
1.0,2.0,6.151069864856539
1.0,7.0,4.003018270860661
7.0,25.0,6.331420162929537
7.0,25.0,1.9836333892869
2.0,11.0,0.6477593338760859
11.0,30.0,1.3038860257134854
10.0,46.0,2.7420694481187247
26.0,83.0,2.644866983487301
9.0,38.0,0.8373846821841865
8.0,29.0,0.6301485631753078
1.0,3.0,0.10654666045949861
1.0,2.0,6.151069864856539
1.0,7.0,4.003018270860661
8.0,25.0,6.331420162929537
9.0,25.0,1.9836333892869
5.0,11.0,0.6477593338760859
8.0,30.0,1.3038860257134854
18.0,46.0,2.7420694481187247
31.0,83.0,2.644866983487301
10.0,38.0,0.8373846821841865
12.0,29.0,0.6301485631753078
1.0,3.0,0.10654666045949861
1.0,2.0,6.151069864856539
5.0,7.0,4.003018270860661
13.0,25.0,6.331420162929537
14.0,25.0,1.9836333892869
7.0,11.0,0.6477593338760859
16.0,30.0,1.3038860257134854
32.0,46.0,2.7420694481187247
48.0,83.0,2.644866983487301
19.0,38.0,0.8373846821841865
14.0,29.0,0.6301485631753078
1.0,3.0,0.10654666045949861
2.0,2.0,6.151069864856539
3.0,7.0,4.003018270860661
14.0,25.0,6.331420162929537
11.0,25.0,1.9836333892869
7.0,11.0,0.6477593338760859
16.0,30.0,1.3038860257134854
31.0,46.0,2.7420694481187247
49.0,83.0,2.644866983487301
25.0,38.0,0.8373846821841865
22.0,29.0,0.6301485631753078
0.0,3.0,0.10654666045949861
2.0,2.0,6.151069864856539
6.0,7.0,4.003018270860661
18.0,25.0,6.331420162929537
17.0,25.0,1.9836333892869
7.0,11.0,0.6477593338760859
20.0,30.0,1.3038860257134854
35.0,46.0,2.7420694481187247
52.0,83.0,2.644866983487301
27.0,38.0,0.8373846821841865
24.0,29.0,0.6301485631753078
3.0,3.0,0.10654666045949861
2.0,2.0,6.151069864856539
5.0,7.0,4.003018270860661
17.0,25.0,6.331420162929537
20.0,25.0,1.9836333892869
10.0,11.0,0.6477593338760859
24.0,30.0,1.3038860257134854
33.0,46.0,2.7420694481187247
66.0,83.0,2.644866983487301
31.0,38.0,0.8373846821841865
24.0,29.0,0.6301485631753078
3.0,3.0,0.10654666045949861
2.0,2.0,6.151069864856539
6.0,7.0,4.003018270860661
18.0,25.0,6.331420162929537
23.0,25.0,1.9836333892869
10.0,11.0,0.6477593338760859
27.0,30.0,1.3038860257134854
40.0,46.0,2.7420694481187247
76.0,83.0,2.644866983487301
36.0,38.0,0.8373846821841865
26.0,29.0,0.6301485631753078
3.0,3.0,0.10654666045949861
1.0,2.0,12.66537618343232
2.0,4.0,2.9452142290862375
1.0,3.0,0.9033325232932055
4.0,60.0,9.638453465821248
6.0,48.0,1.9275006336441038
3.0,23.0,0.4253251273084683
7.0,28.0,0.6475633269816045
2.0,36.0,1.1149704508786589
1.0,24.0,0.6287901288352684
0.0,6.0,0.21653900229959683
1.0,48.0,1.7070564688140586
1.0,2.0,12.66537618343232
3.0,4.0,2.9452142290862375
0.0,3.0,0.9033325232932055
8.0,60.0,9.638453465821248
10.0,48.0,1.9275006336441038
5.0,23.0,0.4253251273084683
3.0,28.0,0.6475633269816045
5.0,36.0,1.1149704508786589
5.0,24.0,0.6287901288352684
2.0,6.0,0.21653900229959683
10.0,48.0,1.7070564688140586
1.0,2.0,12.66537618343232
0.0,4.0,2.9452142290862375
2.0,3.0,0.9033325232932055
19.0,60.0,9.638453465821248
20.0,48.0,1.9275006336441038
7.0,23.0,0.4253251273084683
6.0,28.0,0.6475633269816045
8.0,36.0,1.1149704508786589
9.0,24.0,0.6287901288352684
2.0,6.0,0.21653900229959683
13.0,48.0,1.7070564688140586
1.0,2.0,12.66537618343232
1.0,4.0,2.9452142290862375
0.0,3.0,0.9033325232932055
26.0,60.0,9.638453465821248
20.0,48.0,1.9275006336441038
7.0,23.0,0.4253251273084683
12.0,28.0,0.6475633269816045
14.0,36.0,1.1149704508786589
6.0,24.0,0.6287901288352684
2.0,6.0,0.21653900229959683
21.0,48.0,1.7070564688140586
2.0,2.0,12.66537618343232
3.0,4.0,2.9452142290862375
2.0,3.0,0.9033325232932055
30.0,60.0,9.638453465821248
24.0,48.0,1.9275006336441038
13.0,23.0,0.4253251273084683
14.0,28.0,0.6475633269816045
14.0,36.0,1.1149704508786589
13.0,24.0,0.6287901288352684
4.0,6.0,0.21653900229959683
22.0,48.0,1.7070564688140586
1.0,2.0,12.66537618343232
3.0,4.0,2.9452142290862375
3.0,3.0,0.9033325232932055
41.0,60.0,9.638453465821248
23.0,48.0,1.9275006336441038
12.0,23.0,0.4253251273084683
18.0,28.0,0.6475633269816045
23.0,36.0,1.1149704508786589
14.0,24.0,0.6287901288352684
5.0,6.0,0.21653900229959683
22.0,48.0,1.7070564688140586
1.0,2.0,12.66537618343232
3.0,4.0,2.9452142290862375
1.0,3.0,0.9033325232932055
38.0,60.0,9.638453465821248
35.0,48.0,1.9275006336441038
16.0,23.0,0.4253251273084683
16.0,28.0,0.6475633269816045
21.0,36.0,1.1149704508786589
17.0,24.0,0.6287901288352684
4.0,6.0,0.21653900229959683
33.0,48.0,1.7070564688140586
2.0,2.0,12.66537618343232
4.0,4.0,2.9452142290862375
3.0,3.0,0.9033325232932055
48.0,60.0,9.638453465821248
40.0,48.0,1.9275006336441038
21.0,23.0,0.4253251273084683
24.0,28.0,0.6475633269816045
29.0,36.0,1.1149704508786589
21.0,24.0,0.6287901288352684
5.0,6.0,0.21653900229959683
38.0,48.0,1.7070564688140586
1.0,2.0,12.66537618343232
4.0,4.0,2.9452142290862375
3.0,3.0,0.9033325232932055
53.0,60.0,9.638453465821248
41.0,48.0,1.9275006336441038
20.0,23.0,0.4253251273084683
25.0,28.0,0.6475633269816045
34.0,36.0,1.1149704508786589
23.0,24.0,0.6287901288352684
4.0,6.0,0.21653900229959683
44.0,48.0,1.7070564688140586
1.0,5.0,7.4171195724645225
0.0,2.0,2.3653251423938944
3.0,9.0,4.219543725694117
1.0,23.0,4.398823560693617
1.0,11.0,1.1613056191556603
1.0,7.0,0.40620127198723377
2.0,22.0,2.2494575762928783
2.0,14.0,0.8994416917096492
2.0,28.0,1.843102571161534
2.0,8.0,0.364342227686544
0.0,18.0,1.1259371540682568
2.0,5.0,7.4171195724645225
2.0,2.0,2.3653251423938944
2.0,9.0,4.219543725694117
3.0,23.0,4.398823560693617
2.0,11.0,1.1613056191556603
1.0,7.0,0.40620127198723377
3.0,22.0,2.2494575762928783
2.0,14.0,0.8994416917096492
4.0,28.0,1.843102571161534
1.0,8.0,0.364342227686544
4.0,18.0,1.1259371540682568
1.0,5.0,7.4171195724645225
0.0,2.0,2.3653251423938944
1.0,9.0,4.219543725694117
4.0,23.0,4.398823560693617
3.0,11.0,1.1613056191556603
2.0,7.0,0.40620127198723377
5.0,22.0,2.2494575762928783
5.0,14.0,0.8994416917096492
6.0,28.0,1.843102571161534
2.0,8.0,0.364342227686544
6.0,18.0,1.1259371540682568
1.0,5.0,7.4171195724645225
1.0,2.0,2.3653251423938944
5.0,9.0,4.219543725694117
13.0,23.0,4.398823560693617
5.0,11.0,1.1613056191556603
2.0,7.0,0.40620127198723377
10.0,22.0,2.2494575762928783
5.0,14.0,0.8994416917096492
13.0,28.0,1.843102571161534
1.0,8.0,0.364342227686544
9.0,18.0,1.1259371540682568
1.0,5.0,7.4171195724645225
1.0,2.0,2.3653251423938944
6.0,9.0,4.219543725694117
13.0,23.0,4.398823560693617
9.0,11.0,1.1613056191556603
4.0,7.0,0.40620127198723377
10.0,22.0,2.2494575762928783
6.0,14.0,0.8994416917096492
15.0,28.0,1.843102571161534
2.0,8.0,0.364342227686544
9.0,18.0,1.1259371540682568
2.0,5.0,7.4171195724645225
1.0,2.0,2.3653251423938944
7.0,9.0,4.219543725694117
10.0,23.0,4.398823560693617
6.0,11.0,1.1613056191556603
4.0,7.0,0.40620127198723377
18.0,22.0,2.2494575762928783
6.0,14.0,0.8994416917096492
10.0,28.0,1.843102571161534
6.0,8.0,0.364342227686544
11.0,18.0,1.1259371540682568
4.0,5.0,7.4171195724645225
0.0,2.0,2.3653251423938944
6.0,9.0,4.219543725694117
19.0,23.0,4.398823560693617
5.0,11.0,1.1613056191556603
6.0,7.0,0.40620127198723377
14.0,22.0,2.2494575762928783
12.0,14.0,0.8994416917096492
21.0,28.0,1.843102571161534
6.0,8.0,0.364342227686544
13.0,18.0,1.1259371540682568
4.0,5.0,7.4171195724645225
2.0,2.0,2.3653251423938944
7.0,9.0,4.219543725694117
20.0,23.0,4.398823560693617
8.0,11.0,1.1613056191556603
6.0,7.0,0.40620127198723377
17.0,22.0,2.2494575762928783
13.0,14.0,0.8994416917096492
23.0,28.0,1.843102571161534
5.0,8.0,0.364342227686544
15.0,18.0,1.1259371540682568
4.0,5.0,7.4171195724645225
2.0,2.0,2.3653251423938944
9.0,9.0,4.219543725694117
20.0,23.0,4.398823560693617
10.0,11.0,1.1613056191556603
4.0,7.0,0.40620127198723377
22.0,22.0,2.2494575762928783
13.0,14.0,0.8994416917096492
24.0,28.0,1.843102571161534
7.0,8.0,0.364342227686544
15.0,18.0,1.1259371540682568
1.0,3.0,7.845253002321643
0.0,5.0,0.9749398294506
2.0,29.0,7.214075889454913
1.0,14.0,1.4661079202794696
3.0,34.0,2.487188958916578
2.0,11.0,0.7638982138553462
1.0,7.0,0.20824021413304197
3.0,31.0,2.306710349451084
0.0,3.0,0.1444431530028196
5.0,18.0,1.0898127946350222
0.0,9.0,0.4546251064637338
1.0,3.0,7.845253002321643
1.0,5.0,0.9749398294506
7.0,29.0,7.214075889454913
5.0,14.0,1.4661079202794696
5.0,34.0,2.487188958916578
3.0,11.0,0.7638982138553462
1.0,7.0,0.20824021413304197
5.0,31.0,2.306710349451084
1.0,3.0,0.1444431530028196
4.0,18.0,1.0898127946350222
3.0,9.0,0.4546251064637338
1.0,3.0,7.845253002321643
1.0,5.0,0.9749398294506
10.0,29.0,7.214075889454913
3.0,14.0,1.4661079202794696
8.0,34.0,2.487188958916578
6.0,11.0,0.7638982138553462
2.0,7.0,0.20824021413304197
13.0,31.0,2.306710349451084
0.0,3.0,0.1444431530028196
6.0,18.0,1.0898127946350222
1.0,9.0,0.4546251064637338
2.0,3.0,7.845253002321643
3.0,5.0,0.9749398294506
10.0,29.0,7.214075889454913
7.0,14.0,1.4661079202794696
9.0,34.0,2.487188958916578
7.0,11.0,0.7638982138553462
1.0,7.0,0.20824021413304197
14.0,31.0,2.306710349451084
1.0,3.0,0.1444431530028196
9.0,18.0,1.0898127946350222
5.0,9.0,0.4546251064637338
3.0,3.0,7.845253002321643
4.0,5.0,0.9749398294506
15.0,29.0,7.214075889454913
10.0,14.0,1.4661079202794696
19.0,34.0,2.487188958916578
6.0,11.0,0.7638982138553462
2.0,7.0,0.20824021413304197
14.0,31.0,2.306710349451084
2.0,3.0,0.1444431530028196
7.0,18.0,1.0898127946350222
5.0,9.0,0.4546251064637338
2.0,3.0,7.845253002321643
2.0,5.0,0.9749398294506
20.0,29.0,7.214075889454913
5.0,14.0,1.4661079202794696
16.0,34.0,2.487188958916578
2.0,11.0,0.7638982138553462
5.0,7.0,0.20824021413304197
18.0,31.0,2.306710349451084
2.0,3.0,0.1444431530028196
13.0,18.0,1.0898127946350222
6.0,9.0,0.4546251064637338
1.0,3.0,7.845253002321643
2.0,5.0,0.9749398294506
17.0,29.0,7.214075889454913
9.0,14.0,1.4661079202794696
24.0,34.0,2.487188958916578
6.0,11.0,0.7638982138553462
4.0,7.0,0.20824021413304197
21.0,31.0,2.306710349451084
2.0,3.0,0.1444431530028196
11.0,18.0,1.0898127946350222
6.0,9.0,0.4546251064637338
3.0,3.0,7.845253002321643
4.0,5.0,0.9749398294506
21.0,29.0,7.214075889454913
10.0,14.0,1.4661079202794696
29.0,34.0,2.487188958916578
8.0,11.0,0.7638982138553462
5.0,7.0,0.20824021413304197
26.0,31.0,2.306710349451084
2.0,3.0,0.1444431530028196
11.0,18.0,1.0898127946350222
7.0,9.0,0.4546251064637338
3.0,3.0,7.845253002321643
5.0,5.0,0.9749398294506
25.0,29.0,7.214075889454913
13.0,14.0,1.4661079202794696
34.0,34.0,2.487188958916578
11.0,11.0,0.7638982138553462
7.0,7.0,0.20824021413304197
31.0,31.0,2.306710349451084
3.0,3.0,0.1444431530028196
18.0,18.0,1.0898127946350222
9.0,9.0,0.4546251064637338
2.0,3.0,4.597951580546056
1.0,14.0,8.079673355313723
2.0,5.0,0.2452213258180808
6.0,33.0,3.4844254735418856
7.0,107.0,5.23371395495156
3.0,46.0,1.0249085800585283
4.0,50.0,0.9205015032450933
2.0,28.0,0.4823767667752581
2.0,43.0,0.7201187320369503
4.0,25.0,0.7206918344513952
3.0,19.0,0.7092935111645888
2.0,3.0,4.597951580546056
1.0,14.0,8.079673355313723
3.0,5.0,0.2452213258180808
8.0,33.0,3.4844254735418856
15.0,107.0,5.23371395495156
8.0,46.0,1.0249085800585283
10.0,50.0,0.9205015032450933
6.0,28.0,0.4823767667752581
12.0,43.0,0.7201187320369503
10.0,25.0,0.7206918344513952
4.0,19.0,0.7092935111645888
1.0,3.0,4.597951580546056
3.0,14.0,8.079673355313723
2.0,5.0,0.2452213258180808
12.0,33.0,3.4844254735418856
26.0,107.0,5.23371395495156
10.0,46.0,1.0249085800585283
15.0,50.0,0.9205015032450933
11.0,28.0,0.4823767667752581
14.0,43.0,0.7201187320369503
5.0,25.0,0.7206918344513952
5.0,19.0,0.7092935111645888
2.0,3.0,4.597951580546056
4.0,14.0,8.079673355313723
2.0,5.0,0.2452213258180808
14.0,33.0,3.4844254735418856
47.0,107.0,5.23371395495156
16.0,46.0,1.0249085800585283
17.0,50.0,0.9205015032450933
14.0,28.0,0.4823767667752581
11.0,43.0,0.7201187320369503
9.0,25.0,0.7206918344513952
5.0,19.0,0.7092935111645888
1.0,3.0,4.597951580546056
7.0,14.0,8.079673355313723
2.0,5.0,0.2452213258180808
17.0,33.0,3.4844254735418856
48.0,107.0,5.23371395495156
22.0,46.0,1.0249085800585283
28.0,50.0,0.9205015032450933
12.0,28.0,0.4823767667752581
25.0,43.0,0.7201187320369503
11.0,25.0,0.7206918344513952
9.0,19.0,0.7092935111645888
2.0,3.0,4.597951580546056
7.0,14.0,8.079673355313723
4.0,5.0,0.2452213258180808
22.0,33.0,3.4844254735418856
74.0,107.0,5.23371395495156
31.0,46.0,1.0249085800585283
32.0,50.0,0.9205015032450933
14.0,28.0,0.4823767667752581
25.0,43.0,0.7201187320369503
17.0,25.0,0.7206918344513952
11.0,19.0,0.7092935111645888
2.0,3.0,4.597951580546056
9.0,14.0,8.079673355313723
4.0,5.0,0.2452213258180808
21.0,33.0,3.4844254735418856
83.0,107.0,5.23371395495156
31.0,46.0,1.0249085800585283
34.0,50.0,0.9205015032450933
23.0,28.0,0.4823767667752581
28.0,43.0,0.7201187320369503
17.0,25.0,0.7206918344513952
11.0,19.0,0.7092935111645888
3.0,3.0,4.597951580546056
12.0,14.0,8.079673355313723
4.0,5.0,0.2452213258180808
27.0,33.0,3.4844254735418856
85.0,107.0,5.23371395495156
39.0,46.0,1.0249085800585283
41.0,50.0,0.9205015032450933
24.0,28.0,0.4823767667752581
36.0,43.0,0.7201187320369503
18.0,25.0,0.7206918344513952
16.0,19.0,0.7092935111645888
1.0,3.0,4.597951580546056
13.0,14.0,8.079673355313723
4.0,5.0,0.2452213258180808
28.0,33.0,3.4844254735418856
94.0,107.0,5.23371395495156
45.0,46.0,1.0249085800585283
44.0,50.0,0.9205015032450933
26.0,28.0,0.4823767667752581
41.0,43.0,0.7201187320369503
23.0,25.0,0.7206918344513952
15.0,19.0,0.7092935111645888
1.0,5.0,7.233764575641366
2.0,14.0,5.985605953799153
1.0,3.0,0.4648793814291939
1.0,8.0,1.3379998221615441
3.0,34.0,3.913460582933229
2.0,11.0,0.8153794321352045
3.0,33.0,1.5029415259561356
4.0,29.0,1.5557897423669473
4.0,42.0,2.027247264087739
2.0,18.0,0.6033433965171219
5.0,31.0,1.2481953253650317
1.0,5.0,7.233764575641366
3.0,14.0,5.985605953799153
0.0,3.0,0.4648793814291939
2.0,8.0,1.3379998221615441
3.0,34.0,3.913460582933229
2.0,11.0,0.8153794321352045
5.0,33.0,1.5029415259561356
1.0,29.0,1.5557897423669473
7.0,42.0,2.027247264087739
2.0,18.0,0.6033433965171219
4.0,31.0,1.2481953253650317
2.0,5.0,7.233764575641366
5.0,14.0,5.985605953799153
1.0,3.0,0.4648793814291939
3.0,8.0,1.3379998221615441
11.0,34.0,3.913460582933229
6.0,11.0,0.8153794321352045
8.0,33.0,1.5029415259561356
5.0,29.0,1.5557897423669473
13.0,42.0,2.027247264087739
6.0,18.0,0.6033433965171219
8.0,31.0,1.2481953253650317
1.0,5.0,7.233764575641366
5.0,14.0,5.985605953799153
0.0,3.0,0.4648793814291939
4.0,8.0,1.3379998221615441
16.0,34.0,3.913460582933229
4.0,11.0,0.8153794321352045
11.0,33.0,1.5029415259561356
10.0,29.0,1.5557897423669473
17.0,42.0,2.027247264087739
12.0,18.0,0.6033433965171219
15.0,31.0,1.2481953253650317
3.0,5.0,7.233764575641366
9.0,14.0,5.985605953799153
2.0,3.0,0.4648793814291939
5.0,8.0,1.3379998221615441
14.0,34.0,3.913460582933229
5.0,11.0,0.8153794321352045
21.0,33.0,1.5029415259561356
15.0,29.0,1.5557897423669473
20.0,42.0,2.027247264087739
8.0,18.0,0.6033433965171219
17.0,31.0,1.2481953253650317
4.0,5.0,7.233764575641366
10.0,14.0,5.985605953799153
2.0,3.0,0.4648793814291939
7.0,8.0,1.3379998221615441
20.0,34.0,3.913460582933229
7.0,11.0,0.8153794321352045
23.0,33.0,1.5029415259561356
22.0,29.0,1.5557897423669473
29.0,42.0,2.027247264087739
15.0,18.0,0.6033433965171219
24.0,31.0,1.2481953253650317
4.0,5.0,7.233764575641366
9.0,14.0,5.985605953799153
3.0,3.0,0.4648793814291939
6.0,8.0,1.3379998221615441
23.0,34.0,3.913460582933229
6.0,11.0,0.8153794321352045
18.0,33.0,1.5029415259561356
21.0,29.0,1.5557897423669473
28.0,42.0,2.027247264087739
12.0,18.0,0.6033433965171219
15.0,31.0,1.2481953253650317
4.0,5.0,7.233764575641366
11.0,14.0,5.985605953799153
2.0,3.0,0.4648793814291939
6.0,8.0,1.3379998221615441
24.0,34.0,3.913460582933229
9.0,11.0,0.8153794321352045
27.0,33.0,1.5029415259561356
24.0,29.0,1.5557897423669473
34.0,42.0,2.027247264087739
15.0,18.0,0.6033433965171219
25.0,31.0,1.2481953253650317
4.0,5.0,7.233764575641366
13.0,14.0,5.985605953799153
3.0,3.0,0.4648793814291939
8.0,8.0,1.3379998221615441
31.0,34.0,3.913460582933229
11.0,11.0,0.8153794321352045
30.0,33.0,1.5029415259561356
25.0,29.0,1.5557897423669473
37.0,42.0,2.027247264087739
17.0,18.0,0.6033433965171219
27.0,31.0,1.2481953253650317
1.0,3.0,1.4435943242570801
0.0,11.0,6.6560932864380975
3.0,24.0,4.3055636096906875
9.0,78.0,5.316752022607842
1.0,14.0,0.5474320152928265
0.0,6.0,0.22355906167182968
3.0,4.0,0.28588406381780346
2.0,27.0,1.8487725102823296
4.0,41.0,2.275659651325934
2.0,37.0,1.6956247259315265
3.0,16.0,0.6740229242603936
1.0,3.0,1.4435943242570801
1.0,11.0,6.6560932864380975
4.0,24.0,4.3055636096906875
15.0,78.0,5.316752022607842
4.0,14.0,0.5474320152928265
2.0,6.0,0.22355906167182968
0.0,4.0,0.28588406381780346
2.0,27.0,1.8487725102823296
7.0,41.0,2.275659651325934
9.0,37.0,1.6956247259315265
2.0,16.0,0.6740229242603936
1.0,3.0,1.4435943242570801
0.0,11.0,6.6560932864380975
8.0,24.0,4.3055636096906875
23.0,78.0,5.316752022607842
3.0,14.0,0.5474320152928265
2.0,6.0,0.22355906167182968
3.0,4.0,0.28588406381780346
9.0,27.0,1.8487725102823296
17.0,41.0,2.275659651325934
11.0,37.0,1.6956247259315265
4.0,16.0,0.6740229242603936
2.0,3.0,1.4435943242570801
4.0,11.0,6.6560932864380975
10.0,24.0,4.3055636096906875
28.0,78.0,5.316752022607842
3.0,14.0,0.5474320152928265
3.0,6.0,0.22355906167182968
2.0,4.0,0.28588406381780346
11.0,27.0,1.8487725102823296
16.0,41.0,2.275659651325934
11.0,37.0,1.6956247259315265
6.0,16.0,0.6740229242603936
2.0,3.0,1.4435943242570801
7.0,11.0,6.6560932864380975
8.0,24.0,4.3055636096906875
40.0,78.0,5.316752022607842
5.0,14.0,0.5474320152928265
5.0,6.0,0.22355906167182968
3.0,4.0,0.28588406381780346
12.0,27.0,1.8487725102823296
20.0,41.0,2.275659651325934
16.0,37.0,1.6956247259315265
6.0,16.0,0.6740229242603936
2.0,3.0,1.4435943242570801
7.0,11.0,6.6560932864380975
18.0,24.0,4.3055636096906875
38.0,78.0,5.316752022607842
8.0,14.0,0.5474320152928265
4.0,6.0,0.22355906167182968
3.0,4.0,0.28588406381780346
21.0,27.0,1.8487725102823296
25.0,41.0,2.275659651325934
23.0,37.0,1.6956247259315265
8.0,16.0,0.6740229242603936
3.0,3.0,1.4435943242570801
7.0,11.0,6.6560932864380975
18.0,24.0,4.3055636096906875
51.0,78.0,5.316752022607842
12.0,14.0,0.5474320152928265
6.0,6.0,0.22355906167182968
1.0,4.0,0.28588406381780346
21.0,27.0,1.8487725102823296
23.0,41.0,2.275659651325934
22.0,37.0,1.6956247259315265
12.0,16.0,0.6740229242603936
3.0,3.0,1.4435943242570801
10.0,11.0,6.6560932864380975
18.0,24.0,4.3055636096906875
62.0,78.0,5.316752022607842
10.0,14.0,0.5474320152928265
5.0,6.0,0.22355906167182968
4.0,4.0,0.28588406381780346
25.0,27.0,1.8487725102823296
31.0,41.0,2.275659651325934
30.0,37.0,1.6956247259315265
13.0,16.0,0.6740229242603936
3.0,3.0,1.4435943242570801
10.0,11.0,6.6560932864380975
22.0,24.0,4.3055636096906875
71.0,78.0,5.316752022607842
14.0,14.0,0.5474320152928265
5.0,6.0,0.22355906167182968
4.0,4.0,0.28588406381780346
24.0,27.0,1.8487725102823296
39.0,41.0,2.275659651325934
29.0,37.0,1.6956247259315265
12.0,16.0,0.6740229242603936
1.0,2.0,1.9557530027146564
0.0,3.0,1.9462791233641947
0.0,7.0,2.916142867401847
3.0,14.0,2.6378227177318685
4.0,37.0,4.525269949898729
2.0,13.0,0.9824340157637327
8.0,102.0,4.488114093519344
1.0,8.0,0.18626259639879222
2.0,10.0,0.265977006404138
7.0,73.0,2.2114357046734456
0.0,13.0,0.3030987083251119
1.0,2.0,1.9557530027146564
2.0,3.0,1.9462791233641947
1.0,7.0,2.916142867401847
3.0,14.0,2.6378227177318685
5.0,37.0,4.525269949898729
3.0,13.0,0.9824340157637327
21.0,102.0,4.488114093519344
2.0,8.0,0.18626259639879222
3.0,10.0,0.265977006404138
12.0,73.0,2.2114357046734456
3.0,13.0,0.3030987083251119
2.0,2.0,1.9557530027146564
0.0,3.0,1.9462791233641947
4.0,7.0,2.916142867401847
5.0,14.0,2.6378227177318685
8.0,37.0,4.525269949898729
2.0,13.0,0.9824340157637327
31.0,102.0,4.488114093519344
1.0,8.0,0.18626259639879222
4.0,10.0,0.265977006404138
25.0,73.0,2.2114357046734456
6.0,13.0,0.3030987083251119
2.0,2.0,1.9557530027146564
1.0,3.0,1.9462791233641947
2.0,7.0,2.916142867401847
5.0,14.0,2.6378227177318685
13.0,37.0,4.525269949898729
4.0,13.0,0.9824340157637327
45.0,102.0,4.488114093519344
6.0,8.0,0.18626259639879222
4.0,10.0,0.265977006404138
26.0,73.0,2.2114357046734456
7.0,13.0,0.3030987083251119
1.0,2.0,1.9557530027146564
3.0,3.0,1.9462791233641947
3.0,7.0,2.916142867401847
5.0,14.0,2.6378227177318685
16.0,37.0,4.525269949898729
7.0,13.0,0.9824340157637327
48.0,102.0,4.488114093519344
2.0,8.0,0.18626259639879222
4.0,10.0,0.265977006404138
28.0,73.0,2.2114357046734456
6.0,13.0,0.3030987083251119
1.0,2.0,1.9557530027146564
1.0,3.0,1.9462791233641947
2.0,7.0,2.916142867401847
8.0,14.0,2.6378227177318685
20.0,37.0,4.525269949898729
5.0,13.0,0.9824340157637327
55.0,102.0,4.488114093519344
6.0,8.0,0.18626259639879222
3.0,10.0,0.265977006404138
43.0,73.0,2.2114357046734456
10.0,13.0,0.3030987083251119
1.0,2.0,1.9557530027146564
3.0,3.0,1.9462791233641947
3.0,7.0,2.916142867401847
11.0,14.0,2.6378227177318685
29.0,37.0,4.525269949898729
9.0,13.0,0.9824340157637327
74.0,102.0,4.488114093519344
4.0,8.0,0.18626259639879222
6.0,10.0,0.265977006404138
48.0,73.0,2.2114357046734456
11.0,13.0,0.3030987083251119
1.0,2.0,1.9557530027146564
3.0,3.0,1.9462791233641947
4.0,7.0,2.916142867401847
12.0,14.0,2.6378227177318685
27.0,37.0,4.525269949898729
7.0,13.0,0.9824340157637327
75.0,102.0,4.488114093519344
7.0,8.0,0.18626259639879222
8.0,10.0,0.265977006404138
60.0,73.0,2.2114357046734456
10.0,13.0,0.3030987083251119
2.0,2.0,1.9557530027146564
3.0,3.0,1.9462791233641947
6.0,7.0,2.916142867401847
13.0,14.0,2.6378227177318685
34.0,37.0,4.525269949898729
13.0,13.0,0.9824340157637327
89.0,102.0,4.488114093519344
8.0,8.0,0.18626259639879222
9.0,10.0,0.265977006404138
68.0,73.0,2.2114357046734456
12.0,13.0,0.3030987083251119
1.0,4.0,8.372306194676506
1.0,3.0,2.275570882288672
6.0,17.0,4.039658944273985
0.0,7.0,1.271642629707775
5.0,37.0,3.2469803585187766
4.0,35.0,1.760463786100272
3.0,9.0,0.49046369124019723
4.0,26.0,1.0197514974665127
5.0,60.0,2.314110633955161
0.0,8.0,0.20568131184790836
5.0,43.0,1.420783108212515
1.0,4.0,8.372306194676506
2.0,3.0,2.275570882288672
4.0,17.0,4.039658944273985
0.0,7.0,1.271642629707775
10.0,37.0,3.2469803585187766
7.0,35.0,1.760463786100272
1.0,9.0,0.49046369124019723
4.0,26.0,1.0197514974665127
10.0,60.0,2.314110633955161
2.0,8.0,0.20568131184790836
6.0,43.0,1.420783108212515
2.0,4.0,8.372306194676506
1.0,3.0,2.275570882288672
6.0,17.0,4.039658944273985
3.0,7.0,1.271642629707775
13.0,37.0,3.2469803585187766
10.0,35.0,1.760463786100272
2.0,9.0,0.49046369124019723
3.0,26.0,1.0197514974665127
24.0,60.0,2.314110633955161
1.0,8.0,0.20568131184790836
11.0,43.0,1.420783108212515
3.0,4.0,8.372306194676506
1.0,3.0,2.275570882288672
9.0,17.0,4.039658944273985
4.0,7.0,1.271642629707775
15.0,37.0,3.2469803585187766
11.0,35.0,1.760463786100272
4.0,9.0,0.49046369124019723
13.0,26.0,1.0197514974665127
25.0,60.0,2.314110633955161
3.0,8.0,0.20568131184790836
17.0,43.0,1.420783108212515
2.0,4.0,8.372306194676506
2.0,3.0,2.275570882288672
11.0,17.0,4.039658944273985
3.0,7.0,1.271642629707775
19.0,37.0,3.2469803585187766
15.0,35.0,1.760463786100272
7.0,9.0,0.49046369124019723
10.0,26.0,1.0197514974665127
25.0,60.0,2.314110633955161
7.0,8.0,0.20568131184790836
21.0,43.0,1.420783108212515
2.0,4.0,8.372306194676506
1.0,3.0,2.275570882288672
12.0,17.0,4.039658944273985
3.0,7.0,1.271642629707775
19.0,37.0,3.2469803585187766
19.0,35.0,1.760463786100272
6.0,9.0,0.49046369124019723
17.0,26.0,1.0197514974665127
39.0,60.0,2.314110633955161
2.0,8.0,0.20568131184790836
25.0,43.0,1.420783108212515
2.0,4.0,8.372306194676506
2.0,3.0,2.275570882288672
11.0,17.0,4.039658944273985
6.0,7.0,1.271642629707775
30.0,37.0,3.2469803585187766
23.0,35.0,1.760463786100272
7.0,9.0,0.49046369124019723
18.0,26.0,1.0197514974665127
41.0,60.0,2.314110633955161
7.0,8.0,0.20568131184790836
29.0,43.0,1.420783108212515
3.0,4.0,8.372306194676506
3.0,3.0,2.275570882288672
15.0,17.0,4.039658944273985
4.0,7.0,1.271642629707775
30.0,37.0,3.2469803585187766
24.0,35.0,1.760463786100272
8.0,9.0,0.49046369124019723
21.0,26.0,1.0197514974665127
49.0,60.0,2.314110633955161
6.0,8.0,0.20568131184790836
35.0,43.0,1.420783108212515
4.0,4.0,8.372306194676506
1.0,3.0,2.275570882288672
15.0,17.0,4.039658944273985
6.0,7.0,1.271642629707775
35.0,37.0,3.2469803585187766
30.0,35.0,1.760463786100272
7.0,9.0,0.49046369124019723
21.0,26.0,1.0197514974665127
53.0,60.0,2.314110633955161
7.0,8.0,0.20568131184790836
39.0,43.0,1.420783108212515
1.0,6.0,4.599778050315293
0.0,4.0,2.821229072680873
1.0,3.0,0.390551344278026
1.0,4.0,0.6721444074241252
5.0,28.0,5.051953353682794
4.0,51.0,4.343584743186283
2.0,12.0,0.5168048107878334
4.0,48.0,1.2557368615525084
2.0,23.0,0.928867716483775
5.0,53.0,1.581559793465548
5.0,52.0,1.0316105759700085
1.0,6.0,4.599778050315293
1.0,4.0,2.821229072680873
2.0,3.0,0.390551344278026
1.0,4.0,0.6721444074241252
6.0,28.0,5.051953353682794
12.0,51.0,4.343584743186283
2.0,12.0,0.5168048107878334
10.0,48.0,1.2557368615525084
8.0,23.0,0.928867716483775
10.0,53.0,1.581559793465548
7.0,52.0,1.0316105759700085
2.0,6.0,4.599778050315293
0.0,4.0,2.821229072680873
1.0,3.0,0.390551344278026
1.0,4.0,0.6721444074241252
7.0,28.0,5.051953353682794
18.0,51.0,4.343584743186283
4.0,12.0,0.5168048107878334
15.0,48.0,1.2557368615525084
6.0,23.0,0.928867716483775
14.0,53.0,1.581559793465548
15.0,52.0,1.0316105759700085
4.0,6.0,4.599778050315293
1.0,4.0,2.821229072680873
1.0,3.0,0.390551344278026
0.0,4.0,0.6721444074241252
16.0,28.0,5.051953353682794
24.0,51.0,4.343584743186283
6.0,12.0,0.5168048107878334
19.0,48.0,1.2557368615525084
8.0,23.0,0.928867716483775
25.0,53.0,1.581559793465548
25.0,52.0,1.0316105759700085
3.0,6.0,4.599778050315293
1.0,4.0,2.821229072680873
0.0,3.0,0.390551344278026
3.0,4.0,0.6721444074241252
18.0,28.0,5.051953353682794
20.0,51.0,4.343584743186283
5.0,12.0,0.5168048107878334
24.0,48.0,1.2557368615525084
10.0,23.0,0.928867716483775
31.0,53.0,1.581559793465548
22.0,52.0,1.0316105759700085
2.0,6.0,4.599778050315293
1.0,4.0,2.821229072680873
2.0,3.0,0.390551344278026
2.0,4.0,0.6721444074241252
17.0,28.0,5.051953353682794
32.0,51.0,4.343584743186283
7.0,12.0,0.5168048107878334
29.0,48.0,1.2557368615525084
11.0,23.0,0.928867716483775
31.0,53.0,1.581559793465548
26.0,52.0,1.0316105759700085
4.0,6.0,4.599778050315293
4.0,4.0,2.821229072680873
3.0,3.0,0.390551344278026
3.0,4.0,0.6721444074241252
19.0,28.0,5.051953353682794
32.0,51.0,4.343584743186283
9.0,12.0,0.5168048107878334
37.0,48.0,1.2557368615525084
20.0,23.0,0.928867716483775
40.0,53.0,1.581559793465548
38.0,52.0,1.0316105759700085
4.0,6.0,4.599778050315293
4.0,4.0,2.821229072680873
3.0,3.0,0.390551344278026
4.0,4.0,0.6721444074241252
22.0,28.0,5.051953353682794
40.0,51.0,4.343584743186283
10.0,12.0,0.5168048107878334
37.0,48.0,1.2557368615525084
18.0,23.0,0.928867716483775
35.0,53.0,1.581559793465548
38.0,52.0,1.0316105759700085
5.0,6.0,4.599778050315293
4.0,4.0,2.821229072680873
3.0,3.0,0.390551344278026
4.0,4.0,0.6721444074241252
25.0,28.0,5.051953353682794
46.0,51.0,4.343584743186283
10.0,12.0,0.5168048107878334
45.0,48.0,1.2557368615525084
22.0,23.0,0.928867716483775
47.0,53.0,1.581559793465548
45.0,52.0,1.0316105759700085
1.0,6.0,12.05458480742992
1.0,7.0,2.0969685548833636
1.0,12.0,2.668847900215371
0.0,12.0,1.2107447833390597
1.0,6.0,0.24982952192736058
2.0,13.0,1.4608445355176338
2.0,8.0,1.1283724893043818
1.0,9.0,0.808580734475324
1.0,15.0,1.488274800922296
4.0,65.0,4.096983167532044
5.0,35.0,1.023654386801963
1.0,6.0,12.05458480742992
1.0,7.0,2.0969685548833636
1.0,12.0,2.668847900215371
2.0,12.0,1.2107447833390597
1.0,6.0,0.24982952192736058
2.0,13.0,1.4608445355176338
2.0,8.0,1.1283724893043818
1.0,9.0,0.808580734475324
1.0,15.0,1.488274800922296
20.0,65.0,4.096983167532044
9.0,35.0,1.023654386801963
3.0,6.0,12.05458480742992
2.0,7.0,2.0969685548833636
6.0,12.0,2.668847900215371
3.0,12.0,1.2107447833390597
2.0,6.0,0.24982952192736058
4.0,13.0,1.4608445355176338
5.0,8.0,1.1283724893043818
4.0,9.0,0.808580734475324
5.0,15.0,1.488274800922296
20.0,65.0,4.096983167532044
15.0,35.0,1.023654386801963
2.0,6.0,12.05458480742992
5.0,7.0,2.0969685548833636
3.0,12.0,2.668847900215371
3.0,12.0,1.2107447833390597
1.0,6.0,0.24982952192736058
3.0,13.0,1.4608445355176338
4.0,8.0,1.1283724893043818
4.0,9.0,0.808580734475324
6.0,15.0,1.488274800922296
27.0,65.0,4.096983167532044
12.0,35.0,1.023654386801963
3.0,6.0,12.05458480742992
6.0,7.0,2.0969685548833636
4.0,12.0,2.668847900215371
4.0,12.0,1.2107447833390597
2.0,6.0,0.24982952192736058
6.0,13.0,1.4608445355176338
3.0,8.0,1.1283724893043818
6.0,9.0,0.808580734475324
6.0,15.0,1.488274800922296
30.0,65.0,4.096983167532044
14.0,35.0,1.023654386801963
3.0,6.0,12.05458480742992
4.0,7.0,2.0969685548833636
6.0,12.0,2.668847900215371
7.0,12.0,1.2107447833390597
3.0,6.0,0.24982952192736058
10.0,13.0,1.4608445355176338
3.0,8.0,1.1283724893043818
8.0,9.0,0.808580734475324
9.0,15.0,1.488274800922296
39.0,65.0,4.096983167532044
22.0,35.0,1.023654386801963
3.0,6.0,12.05458480742992
3.0,7.0,2.0969685548833636
9.0,12.0,2.668847900215371
10.0,12.0,1.2107447833390597
2.0,6.0,0.24982952192736058
8.0,13.0,1.4608445355176338
7.0,8.0,1.1283724893043818
5.0,9.0,0.808580734475324
12.0,15.0,1.488274800922296
46.0,65.0,4.096983167532044
28.0,35.0,1.023654386801963
4.0,6.0,12.05458480742992
6.0,7.0,2.0969685548833636
10.0,12.0,2.668847900215371
9.0,12.0,1.2107447833390597
3.0,6.0,0.24982952192736058
9.0,13.0,1.4608445355176338
6.0,8.0,1.1283724893043818
6.0,9.0,0.808580734475324
12.0,15.0,1.488274800922296
52.0,65.0,4.096983167532044
27.0,35.0,1.023654386801963
5.0,6.0,12.05458480742992
6.0,7.0,2.0969685548833636
10.0,12.0,2.668847900215371
12.0,12.0,1.2107447833390597
6.0,6.0,0.24982952192736058
10.0,13.0,1.4608445355176338
7.0,8.0,1.1283724893043818
8.0,9.0,0.808580734475324
13.0,15.0,1.488274800922296
58.0,65.0,4.096983167532044
31.0,35.0,1.023654386801963
1.0,5.0,3.911975364325044
1.0,3.0,1.2958469677210516
2.0,14.0,3.878406965641289
3.0,17.0,2.3517918584433017
5.0,17.0,2.0247212831002614
1.0,18.0,0.9169691167701645
6.0,38.0,2.1914204105875625
1.0,17.0,0.4624365918228548
1.0,5.0,0.2978340976558253
2.0,26.0,1.9259362515938114
2.0,7.0,0.6082208075945383
1.0,5.0,3.911975364325044
1.0,3.0,1.2958469677210516
3.0,14.0,3.878406965641289
7.0,17.0,2.3517918584433017
4.0,17.0,2.0247212831002614
4.0,18.0,0.9169691167701645
7.0,38.0,2.1914204105875625
2.0,17.0,0.4624365918228548
1.0,5.0,0.2978340976558253
5.0,26.0,1.9259362515938114
0.0,7.0,0.6082208075945383
1.0,5.0,3.911975364325044
1.0,3.0,1.2958469677210516
4.0,14.0,3.878406965641289
6.0,17.0,2.3517918584433017
8.0,17.0,2.0247212831002614
8.0,18.0,0.9169691167701645
13.0,38.0,2.1914204105875625
3.0,17.0,0.4624365918228548
3.0,5.0,0.2978340976558253
9.0,26.0,1.9259362515938114
3.0,7.0,0.6082208075945383
1.0,5.0,3.911975364325044
1.0,3.0,1.2958469677210516
6.0,14.0,3.878406965641289
9.0,17.0,2.3517918584433017
7.0,17.0,2.0247212831002614
6.0,18.0,0.9169691167701645
19.0,38.0,2.1914204105875625
7.0,17.0,0.4624365918228548
2.0,5.0,0.2978340976558253
8.0,26.0,1.9259362515938114
3.0,7.0,0.6082208075945383
3.0,5.0,3.911975364325044
0.0,3.0,1.2958469677210516
7.0,14.0,3.878406965641289
6.0,17.0,2.3517918584433017
9.0,17.0,2.0247212831002614
10.0,18.0,0.9169691167701645
15.0,38.0,2.1914204105875625
11.0,17.0,0.4624365918228548
3.0,5.0,0.2978340976558253
14.0,26.0,1.9259362515938114
3.0,7.0,0.6082208075945383
2.0,5.0,3.911975364325044
3.0,3.0,1.2958469677210516
11.0,14.0,3.878406965641289
9.0,17.0,2.3517918584433017
10.0,17.0,2.0247212831002614
12.0,18.0,0.9169691167701645
21.0,38.0,2.1914204105875625
7.0,17.0,0.4624365918228548
0.0,5.0,0.2978340976558253
12.0,26.0,1.9259362515938114
4.0,7.0,0.6082208075945383
2.0,5.0,3.911975364325044
3.0,3.0,1.2958469677210516
9.0,14.0,3.878406965641289
14.0,17.0,2.3517918584433017
14.0,17.0,2.0247212831002614
11.0,18.0,0.9169691167701645
23.0,38.0,2.1914204105875625
11.0,17.0,0.4624365918228548
5.0,5.0,0.2978340976558253
18.0,26.0,1.9259362515938114
4.0,7.0,0.6082208075945383
3.0,5.0,3.911975364325044
3.0,3.0,1.2958469677210516
10.0,14.0,3.878406965641289
15.0,17.0,2.3517918584433017
15.0,17.0,2.0247212831002614
18.0,18.0,0.9169691167701645
30.0,38.0,2.1914204105875625
15.0,17.0,0.4624365918228548
5.0,5.0,0.2978340976558253
21.0,26.0,1.9259362515938114
6.0,7.0,0.6082208075945383
5.0,5.0,3.911975364325044
2.0,3.0,1.2958469677210516
14.0,14.0,3.878406965641289
15.0,17.0,2.3517918584433017
15.0,17.0,2.0247212831002614
17.0,18.0,0.9169691167701645
35.0,38.0,2.1914204105875625
16.0,17.0,0.4624365918228548
5.0,5.0,0.2978340976558253
24.0,26.0,1.9259362515938114
6.0,7.0,0.6082208075945383
1.0,3.0,4.1380094611741045
0.0,10.0,6.145864294009162
3.0,12.0,4.626334108068766
1.0,17.0,1.723284852311812
1.0,3.0,0.1376515488283178
0.0,4.0,0.43503132104207815
3.0,13.0,1.8813992722743589
2.0,26.0,2.395205607752562
2.0,31.0,2.023681297308389
5.0,50.0,2.272696846962078
0.0,7.0,0.27046965048765276
2.0,3.0,4.1380094611741045
1.0,10.0,6.145864294009162
2.0,12.0,4.626334108068766
5.0,17.0,1.723284852311812
1.0,3.0,0.1376515488283178
2.0,4.0,0.43503132104207815
3.0,13.0,1.8813992722743589
7.0,26.0,2.395205607752562
2.0,31.0,2.023681297308389
5.0,50.0,2.272696846962078
1.0,7.0,0.27046965048765276
1.0,3.0,4.1380094611741045
3.0,10.0,6.145864294009162
4.0,12.0,4.626334108068766
4.0,17.0,1.723284852311812
0.0,3.0,0.1376515488283178
4.0,4.0,0.43503132104207815
4.0,13.0,1.8813992722743589
7.0,26.0,2.395205607752562
6.0,31.0,2.023681297308389
7.0,50.0,2.272696846962078
2.0,7.0,0.27046965048765276
2.0,3.0,4.1380094611741045
3.0,10.0,6.145864294009162
5.0,12.0,4.626334108068766
4.0,17.0,1.723284852311812
1.0,3.0,0.1376515488283178
3.0,4.0,0.43503132104207815
5.0,13.0,1.8813992722743589
10.0,26.0,2.395205607752562
7.0,31.0,2.023681297308389
17.0,50.0,2.272696846962078
4.0,7.0,0.27046965048765276
1.0,3.0,4.1380094611741045
2.0,10.0,6.145864294009162
7.0,12.0,4.626334108068766
7.0,17.0,1.723284852311812
2.0,3.0,0.1376515488283178
1.0,4.0,0.43503132104207815
8.0,13.0,1.8813992722743589
19.0,26.0,2.395205607752562
14.0,31.0,2.023681297308389
24.0,50.0,2.272696846962078
4.0,7.0,0.27046965048765276
3.0,3.0,4.1380094611741045
8.0,10.0,6.145864294009162
7.0,12.0,4.626334108068766
11.0,17.0,1.723284852311812
1.0,3.0,0.1376515488283178
1.0,4.0,0.43503132104207815
5.0,13.0,1.8813992722743589
14.0,26.0,2.395205607752562
15.0,31.0,2.023681297308389
35.0,50.0,2.272696846962078
6.0,7.0,0.27046965048765276
3.0,3.0,4.1380094611741045
8.0,10.0,6.145864294009162
8.0,12.0,4.626334108068766
10.0,17.0,1.723284852311812
3.0,3.0,0.1376515488283178
3.0,4.0,0.43503132104207815
9.0,13.0,1.8813992722743589
17.0,26.0,2.395205607752562
22.0,31.0,2.023681297308389
32.0,50.0,2.272696846962078
4.0,7.0,0.27046965048765276
3.0,3.0,4.1380094611741045
8.0,10.0,6.145864294009162
10.0,12.0,4.626334108068766
13.0,17.0,1.723284852311812
3.0,3.0,0.1376515488283178
2.0,4.0,0.43503132104207815
11.0,13.0,1.8813992722743589
20.0,26.0,2.395205607752562
25.0,31.0,2.023681297308389
38.0,50.0,2.272696846962078
7.0,7.0,0.27046965048765276
3.0,3.0,4.1380094611741045
9.0,10.0,6.145864294009162
11.0,12.0,4.626334108068766
16.0,17.0,1.723284852311812
3.0,3.0,0.1376515488283178
3.0,4.0,0.43503132104207815
11.0,13.0,1.8813992722743589
25.0,26.0,2.395205607752562
29.0,31.0,2.023681297308389
45.0,50.0,2.272696846962078
6.0,7.0,0.27046965048765276
1.0,4.0,3.5038176178056024
0.0,6.0,1.2733049176511329
1.0,8.0,0.9328951813253915
2.0,8.0,1.7016882519490661
2.0,19.0,2.572031958626351
3.0,49.0,4.114967787423587
2.0,15.0,1.0968165399690055
12.0,77.0,2.60821076525431
3.0,27.0,0.49417680215061577
6.0,56.0,1.2456772566011585
5.0,31.0,0.707485621955382
1.0,4.0,3.5038176178056024
2.0,6.0,1.2733049176511329
1.0,8.0,0.9328951813253915
0.0,8.0,1.7016882519490661
5.0,19.0,2.572031958626351
12.0,49.0,4.114967787423587
1.0,15.0,1.0968165399690055
10.0,77.0,2.60821076525431
6.0,27.0,0.49417680215061577
9.0,56.0,1.2456772566011585
4.0,31.0,0.707485621955382
2.0,4.0,3.5038176178056024
2.0,6.0,1.2733049176511329
4.0,8.0,0.9328951813253915
5.0,8.0,1.7016882519490661
9.0,19.0,2.572031958626351
13.0,49.0,4.114967787423587
3.0,15.0,1.0968165399690055
25.0,77.0,2.60821076525431
8.0,27.0,0.49417680215061577
12.0,56.0,1.2456772566011585
12.0,31.0,0.707485621955382
2.0,4.0,3.5038176178056024
1.0,6.0,1.2733049176511329
4.0,8.0,0.9328951813253915
1.0,8.0,1.7016882519490661
4.0,19.0,2.572031958626351
22.0,49.0,4.114967787423587
6.0,15.0,1.0968165399690055
33.0,77.0,2.60821076525431
11.0,27.0,0.49417680215061577
22.0,56.0,1.2456772566011585
14.0,31.0,0.707485621955382
2.0,4.0,3.5038176178056024
2.0,6.0,1.2733049176511329
4.0,8.0,0.9328951813253915
4.0,8.0,1.7016882519490661
11.0,19.0,2.572031958626351
24.0,49.0,4.114967787423587
6.0,15.0,1.0968165399690055
30.0,77.0,2.60821076525431
10.0,27.0,0.49417680215061577
32.0,56.0,1.2456772566011585
20.0,31.0,0.707485621955382
3.0,4.0,3.5038176178056024
3.0,6.0,1.2733049176511329
4.0,8.0,0.9328951813253915
5.0,8.0,1.7016882519490661
12.0,19.0,2.572031958626351
32.0,49.0,4.114967787423587
8.0,15.0,1.0968165399690055
46.0,77.0,2.60821076525431
17.0,27.0,0.49417680215061577
33.0,56.0,1.2456772566011585
23.0,31.0,0.707485621955382
2.0,4.0,3.5038176178056024
4.0,6.0,1.2733049176511329
6.0,8.0,0.9328951813253915
6.0,8.0,1.7016882519490661
15.0,19.0,2.572031958626351
37.0,49.0,4.114967787423587
10.0,15.0,1.0968165399690055
53.0,77.0,2.60821076525431
21.0,27.0,0.49417680215061577
40.0,56.0,1.2456772566011585
21.0,31.0,0.707485621955382
3.0,4.0,3.5038176178056024
4.0,6.0,1.2733049176511329
6.0,8.0,0.9328951813253915
5.0,8.0,1.7016882519490661
16.0,19.0,2.572031958626351
43.0,49.0,4.114967787423587
13.0,15.0,1.0968165399690055
61.0,77.0,2.60821076525431
21.0,27.0,0.49417680215061577
42.0,56.0,1.2456772566011585
26.0,31.0,0.707485621955382
4.0,4.0,3.5038176178056024
6.0,6.0,1.2733049176511329
8.0,8.0,0.9328951813253915
8.0,8.0,1.7016882519490661
16.0,19.0,2.572031958626351
44.0,49.0,4.114967787423587
12.0,15.0,1.0968165399690055
71.0,77.0,2.60821076525431
22.0,27.0,0.49417680215061577
54.0,56.0,1.2456772566011585
30.0,31.0,0.707485621955382
2.0,5.0,3.0609190103970865
2.0,15.0,6.974576611140486
0.0,7.0,1.3674042883576767
0.0,11.0,1.2058548973398664
0.0,17.0,2.5247728554569044
2.0,21.0,1.4462769630694494
4.0,51.0,2.652816322061619
8.0,31.0,1.0939061713948244
2.0,14.0,0.42051405430281147
0.0,13.0,0.44479641603136566
3.0,22.0,1.0956526460847367
1.0,5.0,3.0609190103970865
1.0,15.0,6.974576611140486
1.0,7.0,1.3674042883576767
2.0,11.0,1.2058548973398664
3.0,17.0,2.5247728554569044
2.0,21.0,1.4462769630694494
12.0,51.0,2.652816322061619
4.0,31.0,1.0939061713948244
3.0,14.0,0.42051405430281147
2.0,13.0,0.44479641603136566
3.0,22.0,1.0956526460847367
3.0,5.0,3.0609190103970865
4.0,15.0,6.974576611140486
3.0,7.0,1.3674042883576767
1.0,11.0,1.2058548973398664
8.0,17.0,2.5247728554569044
5.0,21.0,1.4462769630694494
12.0,51.0,2.652816322061619
11.0,31.0,1.0939061713948244
8.0,14.0,0.42051405430281147
3.0,13.0,0.44479641603136566
6.0,22.0,1.0956526460847367
1.0,5.0,3.0609190103970865
5.0,15.0,6.974576611140486
4.0,7.0,1.3674042883576767
5.0,11.0,1.2058548973398664
8.0,17.0,2.5247728554569044
9.0,21.0,1.4462769630694494
15.0,51.0,2.652816322061619
16.0,31.0,1.0939061713948244
5.0,14.0,0.42051405430281147
7.0,13.0,0.44479641603136566
7.0,22.0,1.0956526460847367
3.0,5.0,3.0609190103970865
7.0,15.0,6.974576611140486
1.0,7.0,1.3674042883576767
6.0,11.0,1.2058548973398664
8.0,17.0,2.5247728554569044
8.0,21.0,1.4462769630694494
28.0,51.0,2.652816322061619
15.0,31.0,1.0939061713948244
6.0,14.0,0.42051405430281147
4.0,13.0,0.44479641603136566
9.0,22.0,1.0956526460847367
4.0,5.0,3.0609190103970865
9.0,15.0,6.974576611140486
5.0,7.0,1.3674042883576767
7.0,11.0,1.2058548973398664
11.0,17.0,2.5247728554569044
11.0,21.0,1.4462769630694494
33.0,51.0,2.652816322061619
18.0,31.0,1.0939061713948244
12.0,14.0,0.42051405430281147
7.0,13.0,0.44479641603136566
13.0,22.0,1.0956526460847367
5.0,5.0,3.0609190103970865
12.0,15.0,6.974576611140486
6.0,7.0,1.3674042883576767
9.0,11.0,1.2058548973398664
8.0,17.0,2.5247728554569044
16.0,21.0,1.4462769630694494
37.0,51.0,2.652816322061619
24.0,31.0,1.0939061713948244
9.0,14.0,0.42051405430281147
11.0,13.0,0.44479641603136566
14.0,22.0,1.0956526460847367
3.0,5.0,3.0609190103970865
12.0,15.0,6.974576611140486
6.0,7.0,1.3674042883576767
8.0,11.0,1.2058548973398664
17.0,17.0,2.5247728554569044
19.0,21.0,1.4462769630694494
42.0,51.0,2.652816322061619
26.0,31.0,1.0939061713948244
12.0,14.0,0.42051405430281147
10.0,13.0,0.44479641603136566
18.0,22.0,1.0956526460847367
4.0,5.0,3.0609190103970865
15.0,15.0,6.974576611140486
4.0,7.0,1.3674042883576767
10.0,11.0,1.2058548973398664
15.0,17.0,2.5247728554569044
20.0,21.0,1.4462769630694494
48.0,51.0,2.652816322061619
27.0,31.0,1.0939061713948244
12.0,14.0,0.42051405430281147
12.0,13.0,0.44479641603136566
20.0,22.0,1.0956526460847367
2.0,10.0,16.044195742684828
2.0,5.0,2.287224326129319
0.0,5.0,1.5053337780759202
0.0,3.0,1.2444281062201634
1.0,5.0,0.8925969166453338
1.0,16.0,1.738758960042823
2.0,32.0,2.6399317810634786
10.0,77.0,3.867592445732935
8.0,55.0,1.388866018737322
4.0,24.0,0.8016924233884783
2.0,16.0,0.3429933262365885
4.0,10.0,16.044195742684828
4.0,5.0,2.287224326129319
2.0,5.0,1.5053337780759202
0.0,3.0,1.2444281062201634
1.0,5.0,0.8925969166453338
2.0,16.0,1.738758960042823
10.0,32.0,2.6399317810634786
14.0,77.0,3.867592445732935
11.0,55.0,1.388866018737322
6.0,24.0,0.8016924233884783
4.0,16.0,0.3429933262365885
3.0,10.0,16.044195742684828
1.0,5.0,2.287224326129319
0.0,5.0,1.5053337780759202
2.0,3.0,1.2444281062201634
1.0,5.0,0.8925969166453338
6.0,16.0,1.738758960042823
13.0,32.0,2.6399317810634786
22.0,77.0,3.867592445732935
16.0,55.0,1.388866018737322
10.0,24.0,0.8016924233884783
7.0,16.0,0.3429933262365885
4.0,10.0,16.044195742684828
1.0,5.0,2.287224326129319
5.0,5.0,1.5053337780759202
2.0,3.0,1.2444281062201634
2.0,5.0,0.8925969166453338
5.0,16.0,1.738758960042823
14.0,32.0,2.6399317810634786
31.0,77.0,3.867592445732935
25.0,55.0,1.388866018737322
9.0,24.0,0.8016924233884783
6.0,16.0,0.3429933262365885
3.0,10.0,16.044195742684828
2.0,5.0,2.287224326129319
3.0,5.0,1.5053337780759202
2.0,3.0,1.2444281062201634
2.0,5.0,0.8925969166453338
9.0,16.0,1.738758960042823
20.0,32.0,2.6399317810634786
40.0,77.0,3.867592445732935
30.0,55.0,1.388866018737322
12.0,24.0,0.8016924233884783
5.0,16.0,0.3429933262365885
3.0,10.0,16.044195742684828
4.0,5.0,2.287224326129319
3.0,5.0,1.5053337780759202
2.0,3.0,1.2444281062201634
1.0,5.0,0.8925969166453338
12.0,16.0,1.738758960042823
18.0,32.0,2.6399317810634786
44.0,77.0,3.867592445732935
30.0,55.0,1.388866018737322
17.0,24.0,0.8016924233884783
12.0,16.0,0.3429933262365885
8.0,10.0,16.044195742684828
4.0,5.0,2.287224326129319
3.0,5.0,1.5053337780759202
2.0,3.0,1.2444281062201634
4.0,5.0,0.8925969166453338
11.0,16.0,1.738758960042823
21.0,32.0,2.6399317810634786
52.0,77.0,3.867592445732935
38.0,55.0,1.388866018737322
17.0,24.0,0.8016924233884783
13.0,16.0,0.3429933262365885
7.0,10.0,16.044195742684828
4.0,5.0,2.287224326129319
4.0,5.0,1.5053337780759202
3.0,3.0,1.2444281062201634
3.0,5.0,0.8925969166453338
15.0,16.0,1.738758960042823
27.0,32.0,2.6399317810634786
60.0,77.0,3.867592445732935
42.0,55.0,1.388866018737322
21.0,24.0,0.8016924233884783
14.0,16.0,0.3429933262365885
8.0,10.0,16.044195742684828
4.0,5.0,2.287224326129319
5.0,5.0,1.5053337780759202
3.0,3.0,1.2444281062201634
4.0,5.0,0.8925969166453338
15.0,16.0,1.738758960042823
29.0,32.0,2.6399317810634786
63.0,77.0,3.867592445732935
48.0,55.0,1.388866018737322
21.0,24.0,0.8016924233884783
13.0,16.0,0.3429933262365885
1.0,3.0,4.787472093683388
1.0,6.0,4.315301081178829
4.0,21.0,3.8746083642587474
0.0,6.0,1.7037225108070437
1.0,25.0,2.451145827925913
0.0,6.0,0.13927744030349765
1.0,17.0,0.9248033220575141
7.0,54.0,3.392088876651052
6.0,30.0,1.27393771212354
3.0,43.0,1.3788655632156532
2.0,8.0,0.2219658085031765
1.0,3.0,4.787472093683388
2.0,6.0,4.315301081178829
5.0,21.0,3.8746083642587474
3.0,6.0,1.7037225108070437
2.0,25.0,2.451145827925913
1.0,6.0,0.13927744030349765
2.0,17.0,0.9248033220575141
15.0,54.0,3.392088876651052
10.0,30.0,1.27393771212354
7.0,43.0,1.3788655632156532
5.0,8.0,0.2219658085031765
1.0,3.0,4.787472093683388
1.0,6.0,4.315301081178829
9.0,21.0,3.8746083642587474
3.0,6.0,1.7037225108070437
7.0,25.0,2.451145827925913
3.0,6.0,0.13927744030349765
5.0,17.0,0.9248033220575141
16.0,54.0,3.392088876651052
9.0,30.0,1.27393771212354
15.0,43.0,1.3788655632156532
0.0,8.0,0.2219658085031765
1.0,3.0,4.787472093683388
4.0,6.0,4.315301081178829
5.0,21.0,3.8746083642587474
4.0,6.0,1.7037225108070437
9.0,25.0,2.451145827925913
5.0,6.0,0.13927744030349765
4.0,17.0,0.9248033220575141
27.0,54.0,3.392088876651052
9.0,30.0,1.27393771212354
23.0,43.0,1.3788655632156532
2.0,8.0,0.2219658085031765
2.0,3.0,4.787472093683388
2.0,6.0,4.315301081178829
11.0,21.0,3.8746083642587474
3.0,6.0,1.7037225108070437
13.0,25.0,2.451145827925913
3.0,6.0,0.13927744030349765
10.0,17.0,0.9248033220575141
25.0,54.0,3.392088876651052
13.0,30.0,1.27393771212354
22.0,43.0,1.3788655632156532
1.0,8.0,0.2219658085031765
2.0,3.0,4.787472093683388
4.0,6.0,4.315301081178829
9.0,21.0,3.8746083642587474
4.0,6.0,1.7037225108070437
15.0,25.0,2.451145827925913
3.0,6.0,0.13927744030349765
9.0,17.0,0.9248033220575141
34.0,54.0,3.392088876651052
19.0,30.0,1.27393771212354
27.0,43.0,1.3788655632156532
4.0,8.0,0.2219658085031765
2.0,3.0,4.787472093683388
5.0,6.0,4.315301081178829
15.0,21.0,3.8746083642587474
3.0,6.0,1.7037225108070437
21.0,25.0,2.451145827925913
5.0,6.0,0.13927744030349765
11.0,17.0,0.9248033220575141
39.0,54.0,3.392088876651052
20.0,30.0,1.27393771212354
30.0,43.0,1.3788655632156532
6.0,8.0,0.2219658085031765
3.0,3.0,4.787472093683388
4.0,6.0,4.315301081178829
18.0,21.0,3.8746083642587474
4.0,6.0,1.7037225108070437
19.0,25.0,2.451145827925913
5.0,6.0,0.13927744030349765
12.0,17.0,0.9248033220575141
41.0,54.0,3.392088876651052
21.0,30.0,1.27393771212354
31.0,43.0,1.3788655632156532
7.0,8.0,0.2219658085031765
3.0,3.0,4.787472093683388
5.0,6.0,4.315301081178829
19.0,21.0,3.8746083642587474
6.0,6.0,1.7037225108070437
23.0,25.0,2.451145827925913
5.0,6.0,0.13927744030349765
15.0,17.0,0.9248033220575141
51.0,54.0,3.392088876651052
27.0,30.0,1.27393771212354
40.0,43.0,1.3788655632156532
8.0,8.0,0.2219658085031765
1.0,5.0,3.7784959702159027
1.0,11.0,3.2567278669250475
1.0,11.0,2.0841190750635814
4.0,27.0,2.895452423948644
2.0,26.0,1.486409696244939
7.0,35.0,1.576154807980535
2.0,24.0,0.9545723367975326
6.0,81.0,2.588581418580032
9.0,56.0,1.0445146398856215
3.0,43.0,0.8918157839665511
4.0,46.0,1.1278470166972094
2.0,5.0,3.7784959702159027
2.0,11.0,3.2567278669250475
2.0,11.0,2.0841190750635814
7.0,27.0,2.895452423948644
5.0,26.0,1.486409696244939
5.0,35.0,1.576154807980535
8.0,24.0,0.9545723367975326
14.0,81.0,2.588581418580032
9.0,56.0,1.0445146398856215
7.0,43.0,0.8918157839665511
9.0,46.0,1.1278470166972094
1.0,5.0,3.7784959702159027
0.0,11.0,3.2567278669250475
2.0,11.0,2.0841190750635814
10.0,27.0,2.895452423948644
11.0,26.0,1.486409696244939
12.0,35.0,1.576154807980535
7.0,24.0,0.9545723367975326
27.0,81.0,2.588581418580032
18.0,56.0,1.0445146398856215
11.0,43.0,0.8918157839665511
13.0,46.0,1.1278470166972094
2.0,5.0,3.7784959702159027
7.0,11.0,3.2567278669250475
6.0,11.0,2.0841190750635814
7.0,27.0,2.895452423948644
11.0,26.0,1.486409696244939
17.0,35.0,1.576154807980535
14.0,24.0,0.9545723367975326
38.0,81.0,2.588581418580032
19.0,56.0,1.0445146398856215
20.0,43.0,0.8918157839665511
21.0,46.0,1.1278470166972094
3.0,5.0,3.7784959702159027
4.0,11.0,3.2567278669250475
4.0,11.0,2.0841190750635814
13.0,27.0,2.895452423948644
10.0,26.0,1.486409696244939
16.0,35.0,1.576154807980535
19.0,24.0,0.9545723367975326
32.0,81.0,2.588581418580032
30.0,56.0,1.0445146398856215
25.0,43.0,0.8918157839665511
23.0,46.0,1.1278470166972094
2.0,5.0,3.7784959702159027
7.0,11.0,3.2567278669250475
4.0,11.0,2.0841190750635814
17.0,27.0,2.895452423948644
18.0,26.0,1.486409696244939
26.0,35.0,1.576154807980535
13.0,24.0,0.9545723367975326
46.0,81.0,2.588581418580032
35.0,56.0,1.0445146398856215
28.0,43.0,0.8918157839665511
28.0,46.0,1.1278470166972094
3.0,5.0,3.7784959702159027
7.0,11.0,3.2567278669250475
8.0,11.0,2.0841190750635814
17.0,27.0,2.895452423948644
18.0,26.0,1.486409696244939
23.0,35.0,1.576154807980535
19.0,24.0,0.9545723367975326
57.0,81.0,2.588581418580032
36.0,56.0,1.0445146398856215
28.0,43.0,0.8918157839665511
34.0,46.0,1.1278470166972094
3.0,5.0,3.7784959702159027
9.0,11.0,3.2567278669250475
10.0,11.0,2.0841190750635814
15.0,27.0,2.895452423948644
22.0,26.0,1.486409696244939
30.0,35.0,1.576154807980535
22.0,24.0,0.9545723367975326
65.0,81.0,2.588581418580032
43.0,56.0,1.0445146398856215
30.0,43.0,0.8918157839665511
38.0,46.0,1.1278470166972094
5.0,5.0,3.7784959702159027
10.0,11.0,3.2567278669250475
11.0,11.0,2.0841190750635814
25.0,27.0,2.895452423948644
23.0,26.0,1.486409696244939
33.0,35.0,1.576154807980535
18.0,24.0,0.9545723367975326
73.0,81.0,2.588581418580032
54.0,56.0,1.0445146398856215
40.0,43.0,0.8918157839665511
42.0,46.0,1.1278470166972094
1.0,5.0,4.363715131831052
1.0,15.0,3.9371565001405173
3.0,28.0,4.364374091683278
0.0,5.0,0.6218658731840738
2.0,14.0,1.3163710503046546
5.0,39.0,3.6173756588332444
3.0,75.0,2.831582507115861
6.0,41.0,0.9233813171126664
3.0,81.0,1.5323420654499993
2.0,10.0,0.21145226352555266
3.0,33.0,0.8477843960754112
2.0,5.0,4.363715131831052
0.0,15.0,3.9371565001405173
8.0,28.0,4.364374091683278
2.0,5.0,0.6218658731840738
1.0,14.0,1.3163710503046546
11.0,39.0,3.6173756588332444
12.0,75.0,2.831582507115861
16.0,41.0,0.9233813171126664
14.0,81.0,1.5323420654499993
0.0,10.0,0.21145226352555266
9.0,33.0,0.8477843960754112
2.0,5.0,4.363715131831052
5.0,15.0,3.9371565001405173
10.0,28.0,4.364374091683278
1.0,5.0,0.6218658731840738
4.0,14.0,1.3163710503046546
13.0,39.0,3.6173756588332444
24.0,75.0,2.831582507115861
10.0,41.0,0.9233813171126664
27.0,81.0,1.5323420654499993
2.0,10.0,0.21145226352555266
8.0,33.0,0.8477843960754112
1.0,5.0,4.363715131831052
9.0,15.0,3.9371565001405173
12.0,28.0,4.364374091683278
3.0,5.0,0.6218658731840738
3.0,14.0,1.3163710503046546
13.0,39.0,3.6173756588332444
33.0,75.0,2.831582507115861
20.0,41.0,0.9233813171126664
24.0,81.0,1.5323420654499993
2.0,10.0,0.21145226352555266
17.0,33.0,0.8477843960754112
3.0,5.0,4.363715131831052
6.0,15.0,3.9371565001405173
15.0,28.0,4.364374091683278
2.0,5.0,0.6218658731840738
10.0,14.0,1.3163710503046546
19.0,39.0,3.6173756588332444
47.0,75.0,2.831582507115861
17.0,41.0,0.9233813171126664
46.0,81.0,1.5323420654499993
3.0,10.0,0.21145226352555266
20.0,33.0,0.8477843960754112
3.0,5.0,4.363715131831052
11.0,15.0,3.9371565001405173
17.0,28.0,4.364374091683278
5.0,5.0,0.6218658731840738
7.0,14.0,1.3163710503046546
19.0,39.0,3.6173756588332444
46.0,75.0,2.831582507115861
25.0,41.0,0.9233813171126664
55.0,81.0,1.5323420654499993
9.0,10.0,0.21145226352555266
18.0,33.0,0.8477843960754112
2.0,5.0,4.363715131831052
11.0,15.0,3.9371565001405173
19.0,28.0,4.364374091683278
3.0,5.0,0.6218658731840738
9.0,14.0,1.3163710503046546
28.0,39.0,3.6173756588332444
53.0,75.0,2.831582507115861
31.0,41.0,0.9233813171126664
61.0,81.0,1.5323420654499993
6.0,10.0,0.21145226352555266
27.0,33.0,0.8477843960754112
3.0,5.0,4.363715131831052
11.0,15.0,3.9371565001405173
22.0,28.0,4.364374091683278
5.0,5.0,0.6218658731840738
12.0,14.0,1.3163710503046546
29.0,39.0,3.6173756588332444
64.0,75.0,2.831582507115861
38.0,41.0,0.9233813171126664
71.0,81.0,1.5323420654499993
6.0,10.0,0.21145226352555266
32.0,33.0,0.8477843960754112
5.0,5.0,4.363715131831052
12.0,15.0,3.9371565001405173
27.0,28.0,4.364374091683278
4.0,5.0,0.6218658731840738
14.0,14.0,1.3163710503046546
34.0,39.0,3.6173756588332444
72.0,75.0,2.831582507115861
39.0,41.0,0.9233813171126664
77.0,81.0,1.5323420654499993
9.0,10.0,0.21145226352555266
31.0,33.0,0.8477843960754112
1.0,5.0,10.01722146412694
1.0,5.0,1.9458480138841665
0.0,5.0,2.2068549201437913
1.0,8.0,1.567449786822159
3.0,34.0,4.525635524605271
1.0,7.0,0.7883147108430505
11.0,83.0,4.995239984493906
0.0,18.0,0.3937513085363836
5.0,64.0,1.818959716397439
3.0,80.0,1.5194333020516226
2.0,19.0,0.46467275705010663
1.0,5.0,10.01722146412694
0.0,5.0,1.9458480138841665
3.0,5.0,2.2068549201437913
1.0,8.0,1.567449786822159
9.0,34.0,4.525635524605271
3.0,7.0,0.7883147108430505
24.0,83.0,4.995239984493906
1.0,18.0,0.3937513085363836
9.0,64.0,1.818959716397439
16.0,80.0,1.5194333020516226
9.0,19.0,0.46467275705010663
1.0,5.0,10.01722146412694
1.0,5.0,1.9458480138841665
1.0,5.0,2.2068549201437913
3.0,8.0,1.567449786822159
12.0,34.0,4.525635524605271
2.0,7.0,0.7883147108430505
25.0,83.0,4.995239984493906
6.0,18.0,0.3937513085363836
13.0,64.0,1.818959716397439
19.0,80.0,1.5194333020516226
3.0,19.0,0.46467275705010663
1.0,5.0,10.01722146412694
2.0,5.0,1.9458480138841665
1.0,5.0,2.2068549201437913
3.0,8.0,1.567449786822159
17.0,34.0,4.525635524605271
4.0,7.0,0.7883147108430505
36.0,83.0,4.995239984493906
8.0,18.0,0.3937513085363836
38.0,64.0,1.818959716397439
36.0,80.0,1.5194333020516226
5.0,19.0,0.46467275705010663
1.0,5.0,10.01722146412694
1.0,5.0,1.9458480138841665
1.0,5.0,2.2068549201437913
4.0,8.0,1.567449786822159
20.0,34.0,4.525635524605271
3.0,7.0,0.7883147108430505
44.0,83.0,4.995239984493906
10.0,18.0,0.3937513085363836
41.0,64.0,1.818959716397439
38.0,80.0,1.5194333020516226
11.0,19.0,0.46467275705010663
4.0,5.0,10.01722146412694
2.0,5.0,1.9458480138841665
4.0,5.0,2.2068549201437913
2.0,8.0,1.567449786822159
21.0,34.0,4.525635524605271
2.0,7.0,0.7883147108430505
43.0,83.0,4.995239984493906
11.0,18.0,0.3937513085363836
40.0,64.0,1.818959716397439
44.0,80.0,1.5194333020516226
11.0,19.0,0.46467275705010663
3.0,5.0,10.01722146412694
3.0,5.0,1.9458480138841665
3.0,5.0,2.2068549201437913
4.0,8.0,1.567449786822159
21.0,34.0,4.525635524605271
6.0,7.0,0.7883147108430505
58.0,83.0,4.995239984493906
13.0,18.0,0.3937513085363836
42.0,64.0,1.818959716397439
55.0,80.0,1.5194333020516226
12.0,19.0,0.46467275705010663
4.0,5.0,10.01722146412694
5.0,5.0,1.9458480138841665
4.0,5.0,2.2068549201437913
8.0,8.0,1.567449786822159
29.0,34.0,4.525635524605271
4.0,7.0,0.7883147108430505
68.0,83.0,4.995239984493906
16.0,18.0,0.3937513085363836
52.0,64.0,1.818959716397439
66.0,80.0,1.5194333020516226
16.0,19.0,0.46467275705010663
3.0,5.0,10.01722146412694
4.0,5.0,1.9458480138841665
5.0,5.0,2.2068549201437913
6.0,8.0,1.567449786822159
29.0,34.0,4.525635524605271
5.0,7.0,0.7883147108430505
73.0,83.0,4.995239984493906
16.0,18.0,0.3937513085363836
59.0,64.0,1.818959716397439
74.0,80.0,1.5194333020516226
18.0,19.0,0.46467275705010663
1.0,3.0,0.9175094938293202
3.0,20.0,10.056811326016868
2.0,5.0,1.352732983905267
3.0,20.0,2.6175984144987425
8.0,28.0,2.253603749916396
7.0,62.0,2.9721130292412337
5.0,19.0,0.7428389168626309
1.0,15.0,0.3136630308244045
1.0,9.0,0.1522573040145115
1.0,6.0,0.4507413924698502
2.0,8.0,0.49322058769679666
1.0,3.0,0.9175094938293202
6.0,20.0,10.056811326016868
0.0,5.0,1.352732983905267
6.0,20.0,2.6175984144987425
2.0,28.0,2.253603749916396
10.0,62.0,2.9721130292412337
4.0,19.0,0.7428389168626309
3.0,15.0,0.3136630308244045
4.0,9.0,0.1522573040145115
1.0,6.0,0.4507413924698502
2.0,8.0,0.49322058769679666
1.0,3.0,0.9175094938293202
8.0,20.0,10.056811326016868
0.0,5.0,1.352732983905267
5.0,20.0,2.6175984144987425
9.0,28.0,2.253603749916396
13.0,62.0,2.9721130292412337
5.0,19.0,0.7428389168626309
5.0,15.0,0.3136630308244045
3.0,9.0,0.1522573040145115
3.0,6.0,0.4507413924698502
4.0,8.0,0.49322058769679666
3.0,3.0,0.9175094938293202
6.0,20.0,10.056811326016868
0.0,5.0,1.352732983905267
9.0,20.0,2.6175984144987425
12.0,28.0,2.253603749916396
28.0,62.0,2.9721130292412337
7.0,19.0,0.7428389168626309
8.0,15.0,0.3136630308244045
4.0,9.0,0.1522573040145115
2.0,6.0,0.4507413924698502
6.0,8.0,0.49322058769679666
1.0,3.0,0.9175094938293202
8.0,20.0,10.056811326016868
1.0,5.0,1.352732983905267
13.0,20.0,2.6175984144987425
9.0,28.0,2.253603749916396
30.0,62.0,2.9721130292412337
6.0,19.0,0.7428389168626309
9.0,15.0,0.3136630308244045
7.0,9.0,0.1522573040145115
2.0,6.0,0.4507413924698502
4.0,8.0,0.49322058769679666
3.0,3.0,0.9175094938293202
12.0,20.0,10.056811326016868
2.0,5.0,1.352732983905267
11.0,20.0,2.6175984144987425
19.0,28.0,2.253603749916396
46.0,62.0,2.9721130292412337
11.0,19.0,0.7428389168626309
8.0,15.0,0.3136630308244045
6.0,9.0,0.1522573040145115
4.0,6.0,0.4507413924698502
5.0,8.0,0.49322058769679666
3.0,3.0,0.9175094938293202
14.0,20.0,10.056811326016868
4.0,5.0,1.352732983905267
12.0,20.0,2.6175984144987425
19.0,28.0,2.253603749916396
49.0,62.0,2.9721130292412337
14.0,19.0,0.7428389168626309
11.0,15.0,0.3136630308244045
6.0,9.0,0.1522573040145115
6.0,6.0,0.4507413924698502
7.0,8.0,0.49322058769679666
2.0,3.0,0.9175094938293202
19.0,20.0,10.056811326016868
4.0,5.0,1.352732983905267
18.0,20.0,2.6175984144987425
23.0,28.0,2.253603749916396
49.0,62.0,2.9721130292412337
13.0,19.0,0.7428389168626309
13.0,15.0,0.3136630308244045
7.0,9.0,0.1522573040145115
5.0,6.0,0.4507413924698502
4.0,8.0,0.49322058769679666
3.0,3.0,0.9175094938293202
17.0,20.0,10.056811326016868
3.0,5.0,1.352732983905267
16.0,20.0,2.6175984144987425
24.0,28.0,2.253603749916396
57.0,62.0,2.9721130292412337
16.0,19.0,0.7428389168626309
13.0,15.0,0.3136630308244045
8.0,9.0,0.1522573040145115
5.0,6.0,0.4507413924698502
7.0,8.0,0.49322058769679666
3.0,8.0,11.77847560438448
0.0,7.0,3.7483450902040567
2.0,12.0,1.5681487477062772
2.0,11.0,1.1566623248305048
2.0,3.0,0.41794057117756533
1.0,8.0,1.5119355623027049
4.0,29.0,3.3214352807426684
2.0,25.0,1.3735533545679337
5.0,30.0,1.6611741166086234
1.0,10.0,0.4088970811047845
3.0,30.0,1.102194855343799
1.0,8.0,11.77847560438448
1.0,7.0,3.7483450902040567
2.0,12.0,1.5681487477062772
3.0,11.0,1.1566623248305048
1.0,3.0,0.41794057117756533
1.0,8.0,1.5119355623027049
6.0,29.0,3.3214352807426684
6.0,25.0,1.3735533545679337
2.0,30.0,1.6611741166086234
3.0,10.0,0.4088970811047845
9.0,30.0,1.102194855343799
2.0,8.0,11.77847560438448
1.0,7.0,3.7483450902040567
4.0,12.0,1.5681487477062772
4.0,11.0,1.1566623248305048
0.0,3.0,0.41794057117756533
2.0,8.0,1.5119355623027049
11.0,29.0,3.3214352807426684
6.0,25.0,1.3735533545679337
7.0,30.0,1.6611741166086234
2.0,10.0,0.4088970811047845
9.0,30.0,1.102194855343799
3.0,8.0,11.77847560438448
4.0,7.0,3.7483450902040567
3.0,12.0,1.5681487477062772
6.0,11.0,1.1566623248305048
1.0,3.0,0.41794057117756533
5.0,8.0,1.5119355623027049
6.0,29.0,3.3214352807426684
6.0,25.0,1.3735533545679337
13.0,30.0,1.6611741166086234
3.0,10.0,0.4088970811047845
11.0,30.0,1.102194855343799
3.0,8.0,11.77847560438448
1.0,7.0,3.7483450902040567
7.0,12.0,1.5681487477062772
7.0,11.0,1.1566623248305048
2.0,3.0,0.41794057117756533
8.0,8.0,1.5119355623027049
12.0,29.0,3.3214352807426684
16.0,25.0,1.3735533545679337
13.0,30.0,1.6611741166086234
5.0,10.0,0.4088970811047845
17.0,30.0,1.102194855343799
4.0,8.0,11.77847560438448
6.0,7.0,3.7483450902040567
8.0,12.0,1.5681487477062772
7.0,11.0,1.1566623248305048
3.0,3.0,0.41794057117756533
2.0,8.0,1.5119355623027049
20.0,29.0,3.3214352807426684
16.0,25.0,1.3735533545679337
14.0,30.0,1.6611741166086234
6.0,10.0,0.4088970811047845
20.0,30.0,1.102194855343799
5.0,8.0,11.77847560438448
3.0,7.0,3.7483450902040567
9.0,12.0,1.5681487477062772
6.0,11.0,1.1566623248305048
3.0,3.0,0.41794057117756533
5.0,8.0,1.5119355623027049
18.0,29.0,3.3214352807426684
18.0,25.0,1.3735533545679337
20.0,30.0,1.6611741166086234
7.0,10.0,0.4088970811047845
23.0,30.0,1.102194855343799
6.0,8.0,11.77847560438448
3.0,7.0,3.7483450902040567
7.0,12.0,1.5681487477062772
10.0,11.0,1.1566623248305048
2.0,3.0,0.41794057117756533
7.0,8.0,1.5119355623027049
23.0,29.0,3.3214352807426684
15.0,25.0,1.3735533545679337
25.0,30.0,1.6611741166086234
8.0,10.0,0.4088970811047845
25.0,30.0,1.102194855343799
7.0,8.0,11.77847560438448
7.0,7.0,3.7483450902040567
10.0,12.0,1.5681487477062772
11.0,11.0,1.1566623248305048
3.0,3.0,0.41794057117756533
8.0,8.0,1.5119355623027049
29.0,29.0,3.3214352807426684
24.0,25.0,1.3735533545679337
27.0,30.0,1.6611741166086234
9.0,10.0,0.4088970811047845
25.0,30.0,1.102194855343799
1.0,3.0,4.688286581612425
0.0,2.0,2.2715870991839946
2.0,21.0,6.663397132244686
1.0,18.0,2.3004829682185894
1.0,3.0,0.6288658754111887
0.0,4.0,0.35571354772648484
7.0,22.0,2.357754589074372
4.0,22.0,1.9901216547378608
5.0,23.0,1.5795949818736246
1.0,24.0,1.1024984063817405
1.0,8.0,0.42657736092469073
1.0,3.0,4.688286581612425
1.0,2.0,2.2715870991839946
2.0,21.0,6.663397132244686
3.0,18.0,2.3004829682185894
1.0,3.0,0.6288658754111887
2.0,4.0,0.35571354772648484
4.0,22.0,2.357754589074372
4.0,22.0,1.9901216547378608
6.0,23.0,1.5795949818736246
5.0,24.0,1.1024984063817405
2.0,8.0,0.42657736092469073
1.0,3.0,4.688286581612425
1.0,2.0,2.2715870991839946
4.0,21.0,6.663397132244686
6.0,18.0,2.3004829682185894
2.0,3.0,0.6288658754111887
2.0,4.0,0.35571354772648484
8.0,22.0,2.357754589074372
9.0,22.0,1.9901216547378608
6.0,23.0,1.5795949818736246
8.0,24.0,1.1024984063817405
1.0,8.0,0.42657736092469073
1.0,3.0,4.688286581612425
0.0,2.0,2.2715870991839946
4.0,21.0,6.663397132244686
9.0,18.0,2.3004829682185894
1.0,3.0,0.6288658754111887
4.0,4.0,0.35571354772648484
12.0,22.0,2.357754589074372
12.0,22.0,1.9901216547378608
7.0,23.0,1.5795949818736246
11.0,24.0,1.1024984063817405
4.0,8.0,0.42657736092469073
3.0,3.0,4.688286581612425
0.0,2.0,2.2715870991839946
12.0,21.0,6.663397132244686
11.0,18.0,2.3004829682185894
1.0,3.0,0.6288658754111887
2.0,4.0,0.35571354772648484
14.0,22.0,2.357754589074372
14.0,22.0,1.9901216547378608
12.0,23.0,1.5795949818736246
11.0,24.0,1.1024984063817405
3.0,8.0,0.42657736092469073
3.0,3.0,4.688286581612425
1.0,2.0,2.2715870991839946
13.0,21.0,6.663397132244686
14.0,18.0,2.3004829682185894
2.0,3.0,0.6288658754111887
2.0,4.0,0.35571354772648484
11.0,22.0,2.357754589074372
15.0,22.0,1.9901216547378608
11.0,23.0,1.5795949818736246
12.0,24.0,1.1024984063817405
5.0,8.0,0.42657736092469073
2.0,3.0,4.688286581612425
2.0,2.0,2.2715870991839946
13.0,21.0,6.663397132244686
12.0,18.0,2.3004829682185894
3.0,3.0,0.6288658754111887
2.0,4.0,0.35571354772648484
17.0,22.0,2.357754589074372
19.0,22.0,1.9901216547378608
17.0,23.0,1.5795949818736246
15.0,24.0,1.1024984063817405
4.0,8.0,0.42657736092469073
3.0,3.0,4.688286581612425
2.0,2.0,2.2715870991839946
15.0,21.0,6.663397132244686
15.0,18.0,2.3004829682185894
2.0,3.0,0.6288658754111887
4.0,4.0,0.35571354772648484
19.0,22.0,2.357754589074372
18.0,22.0,1.9901216547378608
20.0,23.0,1.5795949818736246
21.0,24.0,1.1024984063817405
7.0,8.0,0.42657736092469073
3.0,3.0,4.688286581612425
2.0,2.0,2.2715870991839946
19.0,21.0,6.663397132244686
15.0,18.0,2.3004829682185894
3.0,3.0,0.6288658754111887
4.0,4.0,0.35571354772648484
22.0,22.0,2.357754589074372
19.0,22.0,1.9901216547378608
22.0,23.0,1.5795949818736246
22.0,24.0,1.1024984063817405
8.0,8.0,0.42657736092469073
1.0,3.0,3.6508455668342563
2.0,5.0,4.9578460515774525
1.0,8.0,1.7455368504348443
2.0,7.0,1.9190833752511656
1.0,20.0,1.9675234690252634
2.0,8.0,1.6247928702798768
4.0,30.0,1.8830496257163751
5.0,29.0,1.557608809199091
2.0,19.0,1.0034588421035775
3.0,31.0,1.0000980605839898
2.0,8.0,0.6757427350173798
1.0,3.0,3.6508455668342563
2.0,5.0,4.9578460515774525
1.0,8.0,1.7455368504348443
4.0,7.0,1.9190833752511656
7.0,20.0,1.9675234690252634
3.0,8.0,1.6247928702798768
9.0,30.0,1.8830496257163751
6.0,29.0,1.557608809199091
4.0,19.0,1.0034588421035775
5.0,31.0,1.0000980605839898
1.0,8.0,0.6757427350173798
3.0,3.0,3.6508455668342563
2.0,5.0,4.9578460515774525
5.0,8.0,1.7455368504348443
3.0,7.0,1.9190833752511656
5.0,20.0,1.9675234690252634
1.0,8.0,1.6247928702798768
6.0,30.0,1.8830496257163751
7.0,29.0,1.557608809199091
8.0,19.0,1.0034588421035775
4.0,31.0,1.0000980605839898
3.0,8.0,0.6757427350173798
1.0,3.0,3.6508455668342563
1.0,5.0,4.9578460515774525
4.0,8.0,1.7455368504348443
2.0,7.0,1.9190833752511656
5.0,20.0,1.9675234690252634
4.0,8.0,1.6247928702798768
12.0,30.0,1.8830496257163751
13.0,29.0,1.557608809199091
8.0,19.0,1.0034588421035775
8.0,31.0,1.0000980605839898
2.0,8.0,0.6757427350173798
2.0,3.0,3.6508455668342563
3.0,5.0,4.9578460515774525
4.0,8.0,1.7455368504348443
2.0,7.0,1.9190833752511656
8.0,20.0,1.9675234690252634
4.0,8.0,1.6247928702798768
17.0,30.0,1.8830496257163751
13.0,29.0,1.557608809199091
8.0,19.0,1.0034588421035775
14.0,31.0,1.0000980605839898
3.0,8.0,0.6757427350173798
2.0,3.0,3.6508455668342563
4.0,5.0,4.9578460515774525
6.0,8.0,1.7455368504348443
4.0,7.0,1.9190833752511656
12.0,20.0,1.9675234690252634
5.0,8.0,1.6247928702798768
20.0,30.0,1.8830496257163751
12.0,29.0,1.557608809199091
14.0,19.0,1.0034588421035775
21.0,31.0,1.0000980605839898
6.0,8.0,0.6757427350173798
3.0,3.0,3.6508455668342563
3.0,5.0,4.9578460515774525
7.0,8.0,1.7455368504348443
6.0,7.0,1.9190833752511656
11.0,20.0,1.9675234690252634
7.0,8.0,1.6247928702798768
22.0,30.0,1.8830496257163751
18.0,29.0,1.557608809199091
10.0,19.0,1.0034588421035775
21.0,31.0,1.0000980605839898
5.0,8.0,0.6757427350173798
2.0,3.0,3.6508455668342563
3.0,5.0,4.9578460515774525
4.0,8.0,1.7455368504348443
6.0,7.0,1.9190833752511656
14.0,20.0,1.9675234690252634
7.0,8.0,1.6247928702798768
25.0,30.0,1.8830496257163751
20.0,29.0,1.557608809199091
14.0,19.0,1.0034588421035775
23.0,31.0,1.0000980605839898
6.0,8.0,0.6757427350173798
3.0,3.0,3.6508455668342563
5.0,5.0,4.9578460515774525
8.0,8.0,1.7455368504348443
7.0,7.0,1.9190833752511656
17.0,20.0,1.9675234690252634
8.0,8.0,1.6247928702798768
28.0,30.0,1.8830496257163751
26.0,29.0,1.557608809199091
17.0,19.0,1.0034588421035775
29.0,31.0,1.0000980605839898
8.0,8.0,0.6757427350173798
1.0,4.0,1.660160111358587
2.0,14.0,7.155686664415058
1.0,18.0,3.4485995458024705
1.0,5.0,0.5007246186429073
2.0,9.0,0.8365291569174801
0.0,5.0,0.5319298713815095
2.0,45.0,5.3455245215840375
4.0,29.0,1.646702881575656
0.0,4.0,0.2793699706224265
10.0,68.0,3.5956397135257188
1.0,7.0,0.33227230518907946
1.0,4.0,1.660160111358587
3.0,14.0,7.155686664415058
1.0,18.0,3.4485995458024705
1.0,5.0,0.5007246186429073
3.0,9.0,0.8365291569174801
2.0,5.0,0.5319298713815095
11.0,45.0,5.3455245215840375
5.0,29.0,1.646702881575656
0.0,4.0,0.2793699706224265
16.0,68.0,3.5956397135257188
2.0,7.0,0.33227230518907946
2.0,4.0,1.660160111358587
5.0,14.0,7.155686664415058
7.0,18.0,3.4485995458024705
1.0,5.0,0.5007246186429073
3.0,9.0,0.8365291569174801
3.0,5.0,0.5319298713815095
13.0,45.0,5.3455245215840375
7.0,29.0,1.646702881575656
1.0,4.0,0.2793699706224265
16.0,68.0,3.5956397135257188
2.0,7.0,0.33227230518907946
1.0,4.0,1.660160111358587
4.0,14.0,7.155686664415058
5.0,18.0,3.4485995458024705
4.0,5.0,0.5007246186429073
3.0,9.0,0.8365291569174801
2.0,5.0,0.5319298713815095
16.0,45.0,5.3455245215840375
9.0,29.0,1.646702881575656
1.0,4.0,0.2793699706224265
22.0,68.0,3.5956397135257188
3.0,7.0,0.33227230518907946
3.0,4.0,1.660160111358587
8.0,14.0,7.155686664415058
10.0,18.0,3.4485995458024705
2.0,5.0,0.5007246186429073
6.0,9.0,0.8365291569174801
4.0,5.0,0.5319298713815095
19.0,45.0,5.3455245215840375
9.0,29.0,1.646702881575656
1.0,4.0,0.2793699706224265
36.0,68.0,3.5956397135257188
2.0,7.0,0.33227230518907946
1.0,4.0,1.660160111358587
9.0,14.0,7.155686664415058
12.0,18.0,3.4485995458024705
1.0,5.0,0.5007246186429073
5.0,9.0,0.8365291569174801
3.0,5.0,0.5319298713815095
27.0,45.0,5.3455245215840375
19.0,29.0,1.646702881575656
3.0,4.0,0.2793699706224265
49.0,68.0,3.5956397135257188
5.0,7.0,0.33227230518907946
3.0,4.0,1.660160111358587
6.0,14.0,7.155686664415058
12.0,18.0,3.4485995458024705
1.0,5.0,0.5007246186429073
5.0,9.0,0.8365291569174801
2.0,5.0,0.5319298713815095
32.0,45.0,5.3455245215840375
21.0,29.0,1.646702881575656
4.0,4.0,0.2793699706224265
41.0,68.0,3.5956397135257188
3.0,7.0,0.33227230518907946
3.0,4.0,1.660160111358587
9.0,14.0,7.155686664415058
13.0,18.0,3.4485995458024705
5.0,5.0,0.5007246186429073
8.0,9.0,0.8365291569174801
2.0,5.0,0.5319298713815095
38.0,45.0,5.3455245215840375
23.0,29.0,1.646702881575656
2.0,4.0,0.2793699706224265
51.0,68.0,3.5956397135257188
7.0,7.0,0.33227230518907946
4.0,4.0,1.660160111358587
14.0,14.0,7.155686664415058
17.0,18.0,3.4485995458024705
2.0,5.0,0.5007246186429073
9.0,9.0,0.8365291569174801
4.0,5.0,0.5319298713815095
43.0,45.0,5.3455245215840375
27.0,29.0,1.646702881575656
3.0,4.0,0.2793699706224265
60.0,68.0,3.5956397135257188
7.0,7.0,0.33227230518907946
1.0,3.0,11.028652978641757
1.0,6.0,4.449967952953442
1.0,15.0,3.153787197248534
1.0,13.0,1.6276100599448131
2.0,11.0,1.304131990041133
5.0,53.0,4.022881739096496
5.0,28.0,1.1993998576945946
1.0,37.0,1.3768940138817445
1.0,13.0,0.391806410482409
5.0,43.0,1.1187349487228102
2.0,19.0,0.5749700454356772
2.0,3.0,11.028652978641757
1.0,6.0,4.449967952953442
3.0,15.0,3.153787197248534
3.0,13.0,1.6276100599448131
0.0,11.0,1.304131990041133
7.0,53.0,4.022881739096496
7.0,28.0,1.1993998576945946
7.0,37.0,1.3768940138817445
4.0,13.0,0.391806410482409
8.0,43.0,1.1187349487228102
4.0,19.0,0.5749700454356772
1.0,3.0,11.028652978641757
3.0,6.0,4.449967952953442
4.0,15.0,3.153787197248534
4.0,13.0,1.6276100599448131
2.0,11.0,1.304131990041133
13.0,53.0,4.022881739096496
6.0,28.0,1.1993998576945946
10.0,37.0,1.3768940138817445
4.0,13.0,0.391806410482409
15.0,43.0,1.1187349487228102
3.0,19.0,0.5749700454356772
1.0,3.0,11.028652978641757
2.0,6.0,4.449967952953442
8.0,15.0,3.153787197248534
7.0,13.0,1.6276100599448131
4.0,11.0,1.304131990041133
21.0,53.0,4.022881739096496
8.0,28.0,1.1993998576945946
10.0,37.0,1.3768940138817445
5.0,13.0,0.391806410482409
20.0,43.0,1.1187349487228102
10.0,19.0,0.5749700454356772
2.0,3.0,11.028652978641757
5.0,6.0,4.449967952953442
6.0,15.0,3.153787197248534
7.0,13.0,1.6276100599448131
5.0,11.0,1.304131990041133
26.0,53.0,4.022881739096496
13.0,28.0,1.1993998576945946
18.0,37.0,1.3768940138817445
9.0,13.0,0.391806410482409
17.0,43.0,1.1187349487228102
12.0,19.0,0.5749700454356772
2.0,3.0,11.028652978641757
6.0,6.0,4.449967952953442
8.0,15.0,3.153787197248534
7.0,13.0,1.6276100599448131
8.0,11.0,1.304131990041133
28.0,53.0,4.022881739096496
19.0,28.0,1.1993998576945946
18.0,37.0,1.3768940138817445
7.0,13.0,0.391806410482409
33.0,43.0,1.1187349487228102
9.0,19.0,0.5749700454356772
3.0,3.0,11.028652978641757
4.0,6.0,4.449967952953442
11.0,15.0,3.153787197248534
8.0,13.0,1.6276100599448131
8.0,11.0,1.304131990041133
44.0,53.0,4.022881739096496
21.0,28.0,1.1993998576945946
23.0,37.0,1.3768940138817445
8.0,13.0,0.391806410482409
34.0,43.0,1.1187349487228102
13.0,19.0,0.5749700454356772
2.0,3.0,11.028652978641757
5.0,6.0,4.449967952953442
9.0,15.0,3.153787197248534
12.0,13.0,1.6276100599448131
8.0,11.0,1.304131990041133
42.0,53.0,4.022881739096496
24.0,28.0,1.1993998576945946
27.0,37.0,1.3768940138817445
12.0,13.0,0.391806410482409
27.0,43.0,1.1187349487228102
13.0,19.0,0.5749700454356772
2.0,3.0,11.028652978641757
6.0,6.0,4.449967952953442
15.0,15.0,3.153787197248534
12.0,13.0,1.6276100599448131
11.0,11.0,1.304131990041133
49.0,53.0,4.022881739096496
22.0,28.0,1.1993998576945946
34.0,37.0,1.3768940138817445
12.0,13.0,0.391806410482409
36.0,43.0,1.1187349487228102
17.0,19.0,0.5749700454356772
1.0,2.0,0.3282669771155831
2.0,7.0,3.6048409126125596
0.0,14.0,8.37025788980767
3.0,26.0,2.410010654174821
2.0,18.0,0.9513954928181639
1.0,26.0,1.6933019140100825
2.0,34.0,1.6703270181958632
6.0,111.0,3.6415680293739134
9.0,40.0,1.0503616617511267
12.0,103.0,1.591039282254649
4.0,32.0,0.5162520089858642
1.0,2.0,0.3282669771155831
2.0,7.0,3.6048409126125596
4.0,14.0,8.37025788980767
3.0,26.0,2.410010654174821
5.0,18.0,0.9513954928181639
7.0,26.0,1.6933019140100825
6.0,34.0,1.6703270181958632
21.0,111.0,3.6415680293739134
9.0,40.0,1.0503616617511267
23.0,103.0,1.591039282254649
8.0,32.0,0.5162520089858642
1.0,2.0,0.3282669771155831
1.0,7.0,3.6048409126125596
4.0,14.0,8.37025788980767
7.0,26.0,2.410010654174821
3.0,18.0,0.9513954928181639
12.0,26.0,1.6933019140100825
12.0,34.0,1.6703270181958632
31.0,111.0,3.6415680293739134
12.0,40.0,1.0503616617511267
34.0,103.0,1.591039282254649
10.0,32.0,0.5162520089858642
1.0,2.0,0.3282669771155831
2.0,7.0,3.6048409126125596
6.0,14.0,8.37025788980767
12.0,26.0,2.410010654174821
6.0,18.0,0.9513954928181639
10.0,26.0,1.6933019140100825
13.0,34.0,1.6703270181958632
52.0,111.0,3.6415680293739134
17.0,40.0,1.0503616617511267
42.0,103.0,1.591039282254649
11.0,32.0,0.5162520089858642
1.0,2.0,0.3282669771155831
3.0,7.0,3.6048409126125596
5.0,14.0,8.37025788980767
13.0,26.0,2.410010654174821
8.0,18.0,0.9513954928181639
15.0,26.0,1.6933019140100825
14.0,34.0,1.6703270181958632
52.0,111.0,3.6415680293739134
17.0,40.0,1.0503616617511267
54.0,103.0,1.591039282254649
18.0,32.0,0.5162520089858642
1.0,2.0,0.3282669771155831
4.0,7.0,3.6048409126125596
10.0,14.0,8.37025788980767
19.0,26.0,2.410010654174821
10.0,18.0,0.9513954928181639
13.0,26.0,1.6933019140100825
17.0,34.0,1.6703270181958632
68.0,111.0,3.6415680293739134
28.0,40.0,1.0503616617511267
63.0,103.0,1.591039282254649
16.0,32.0,0.5162520089858642
2.0,2.0,0.3282669771155831
6.0,7.0,3.6048409126125596
9.0,14.0,8.37025788980767
18.0,26.0,2.410010654174821
11.0,18.0,0.9513954928181639
20.0,26.0,1.6933019140100825
24.0,34.0,1.6703270181958632
71.0,111.0,3.6415680293739134
26.0,40.0,1.0503616617511267
73.0,103.0,1.591039282254649
15.0,32.0,0.5162520089858642
1.0,2.0,0.3282669771155831
7.0,7.0,3.6048409126125596
10.0,14.0,8.37025788980767
21.0,26.0,2.410010654174821
16.0,18.0,0.9513954928181639
19.0,26.0,1.6933019140100825
31.0,34.0,1.6703270181958632
81.0,111.0,3.6415680293739134
35.0,40.0,1.0503616617511267
76.0,103.0,1.591039282254649
27.0,32.0,0.5162520089858642
2.0,2.0,0.3282669771155831
5.0,7.0,3.6048409126125596
11.0,14.0,8.37025788980767
25.0,26.0,2.410010654174821
17.0,18.0,0.9513954928181639
22.0,26.0,1.6933019140100825
30.0,34.0,1.6703270181958632
98.0,111.0,3.6415680293739134
35.0,40.0,1.0503616617511267
91.0,103.0,1.591039282254649
31.0,32.0,0.5162520089858642
1.0,3.0,2.024580203261299
2.0,14.0,5.344601481551611
6.0,31.0,6.489921629897127
1.0,2.0,0.1105160623002454
2.0,32.0,1.495362801893584
2.0,11.0,0.5142023019244568
8.0,98.0,5.129127156105368
1.0,25.0,0.8216239106289387
0.0,8.0,0.2892938810635335
1.0,15.0,0.40971849669871774
0.0,19.0,0.8809568974112126
1.0,3.0,2.024580203261299
2.0,14.0,5.344601481551611
6.0,31.0,6.489921629897127
0.0,2.0,0.1105160623002454
9.0,32.0,1.495362801893584
3.0,11.0,0.5142023019244568
19.0,98.0,5.129127156105368
2.0,25.0,0.8216239106289387
0.0,8.0,0.2892938810635335
5.0,15.0,0.40971849669871774
2.0,19.0,0.8809568974112126
1.0,3.0,2.024580203261299
3.0,14.0,5.344601481551611
12.0,31.0,6.489921629897127
1.0,2.0,0.1105160623002454
10.0,32.0,1.495362801893584
2.0,11.0,0.5142023019244568
21.0,98.0,5.129127156105368
4.0,25.0,0.8216239106289387
2.0,8.0,0.2892938810635335
5.0,15.0,0.40971849669871774
8.0,19.0,0.8809568974112126
2.0,3.0,2.024580203261299
6.0,14.0,5.344601481551611
15.0,31.0,6.489921629897127
1.0,2.0,0.1105160623002454
8.0,32.0,1.495362801893584
2.0,11.0,0.5142023019244568
45.0,98.0,5.129127156105368
10.0,25.0,0.8216239106289387
2.0,8.0,0.2892938810635335
6.0,15.0,0.40971849669871774
7.0,19.0,0.8809568974112126
1.0,3.0,2.024580203261299
7.0,14.0,5.344601481551611
18.0,31.0,6.489921629897127
1.0,2.0,0.1105160623002454
11.0,32.0,1.495362801893584
5.0,11.0,0.5142023019244568
45.0,98.0,5.129127156105368
15.0,25.0,0.8216239106289387
4.0,8.0,0.2892938810635335
11.0,15.0,0.40971849669871774
8.0,19.0,0.8809568974112126
3.0,3.0,2.024580203261299
3.0,14.0,5.344601481551611
21.0,31.0,6.489921629897127
2.0,2.0,0.1105160623002454
21.0,32.0,1.495362801893584
6.0,11.0,0.5142023019244568
60.0,98.0,5.129127156105368
17.0,25.0,0.8216239106289387
7.0,8.0,0.2892938810635335
10.0,15.0,0.40971849669871774
9.0,19.0,0.8809568974112126
2.0,3.0,2.024580203261299
12.0,14.0,5.344601481551611
24.0,31.0,6.489921629897127
2.0,2.0,0.1105160623002454
22.0,32.0,1.495362801893584
7.0,11.0,0.5142023019244568
73.0,98.0,5.129127156105368
17.0,25.0,0.8216239106289387
6.0,8.0,0.2892938810635335
10.0,15.0,0.40971849669871774
12.0,19.0,0.8809568974112126
2.0,3.0,2.024580203261299
11.0,14.0,5.344601481551611
26.0,31.0,6.489921629897127
2.0,2.0,0.1105160623002454
22.0,32.0,1.495362801893584
10.0,11.0,0.5142023019244568
78.0,98.0,5.129127156105368
20.0,25.0,0.8216239106289387
8.0,8.0,0.2892938810635335
11.0,15.0,0.40971849669871774
16.0,19.0,0.8809568974112126
3.0,3.0,2.024580203261299
13.0,14.0,5.344601481551611
26.0,31.0,6.489921629897127
1.0,2.0,0.1105160623002454
30.0,32.0,1.495362801893584
10.0,11.0,0.5142023019244568
82.0,98.0,5.129127156105368
21.0,25.0,0.8216239106289387
7.0,8.0,0.2892938810635335
13.0,15.0,0.40971849669871774
19.0,19.0,0.8809568974112126
1.0,7.0,7.96654013397295
0.0,5.0,1.2619158788098657
0.0,16.0,2.545307272181666
1.0,10.0,0.9746473027476453
4.0,26.0,2.1341436198686714
1.0,5.0,0.2224045464523846
6.0,31.0,1.9426386832367577
2.0,32.0,2.0885816051200474
8.0,78.0,2.8022460538679597
4.0,110.0,2.7941277425319457
6.0,53.0,0.7799206383581369
1.0,7.0,7.96654013397295
2.0,5.0,1.2619158788098657
3.0,16.0,2.545307272181666
2.0,10.0,0.9746473027476453
4.0,26.0,2.1341436198686714
1.0,5.0,0.2224045464523846
7.0,31.0,1.9426386832367577
7.0,32.0,2.0885816051200474
15.0,78.0,2.8022460538679597
27.0,110.0,2.7941277425319457
11.0,53.0,0.7799206383581369
3.0,7.0,7.96654013397295
1.0,5.0,1.2619158788098657
5.0,16.0,2.545307272181666
4.0,10.0,0.9746473027476453
6.0,26.0,2.1341436198686714
0.0,5.0,0.2224045464523846
9.0,31.0,1.9426386832367577
8.0,32.0,2.0885816051200474
22.0,78.0,2.8022460538679597
33.0,110.0,2.7941277425319457
16.0,53.0,0.7799206383581369
4.0,7.0,7.96654013397295
3.0,5.0,1.2619158788098657
8.0,16.0,2.545307272181666
3.0,10.0,0.9746473027476453
9.0,26.0,2.1341436198686714
1.0,5.0,0.2224045464523846
16.0,31.0,1.9426386832367577
12.0,32.0,2.0885816051200474
28.0,78.0,2.8022460538679597
42.0,110.0,2.7941277425319457
18.0,53.0,0.7799206383581369
4.0,7.0,7.96654013397295
3.0,5.0,1.2619158788098657
6.0,16.0,2.545307272181666
7.0,10.0,0.9746473027476453
14.0,26.0,2.1341436198686714
2.0,5.0,0.2224045464523846
15.0,31.0,1.9426386832367577
19.0,32.0,2.0885816051200474
39.0,78.0,2.8022460538679597
51.0,110.0,2.7941277425319457
26.0,53.0,0.7799206383581369
6.0,7.0,7.96654013397295
3.0,5.0,1.2619158788098657
11.0,16.0,2.545307272181666
6.0,10.0,0.9746473027476453
19.0,26.0,2.1341436198686714
4.0,5.0,0.2224045464523846
26.0,31.0,1.9426386832367577
20.0,32.0,2.0885816051200474
48.0,78.0,2.8022460538679597
61.0,110.0,2.7941277425319457
34.0,53.0,0.7799206383581369
2.0,7.0,7.96654013397295
2.0,5.0,1.2619158788098657
14.0,16.0,2.545307272181666
7.0,10.0,0.9746473027476453
20.0,26.0,2.1341436198686714
5.0,5.0,0.2224045464523846
19.0,31.0,1.9426386832367577
23.0,32.0,2.0885816051200474
56.0,78.0,2.8022460538679597
70.0,110.0,2.7941277425319457
37.0,53.0,0.7799206383581369
6.0,7.0,7.96654013397295
5.0,5.0,1.2619158788098657
13.0,16.0,2.545307272181666
7.0,10.0,0.9746473027476453
24.0,26.0,2.1341436198686714
5.0,5.0,0.2224045464523846
26.0,31.0,1.9426386832367577
27.0,32.0,2.0885816051200474
63.0,78.0,2.8022460538679597
85.0,110.0,2.7941277425319457
40.0,53.0,0.7799206383581369
7.0,7.0,7.96654013397295
4.0,5.0,1.2619158788098657
15.0,16.0,2.545307272181666
10.0,10.0,0.9746473027476453
23.0,26.0,2.1341436198686714
5.0,5.0,0.2224045464523846
25.0,31.0,1.9426386832367577
29.0,32.0,2.0885816051200474
71.0,78.0,2.8022460538679597
98.0,110.0,2.7941277425319457
46.0,53.0,0.7799206383581369
1.0,7.0,15.06192152476834
1.0,27.0,8.1286041413789
2.0,22.0,2.1979472208875372
3.0,31.0,2.0847856346676665
3.0,48.0,1.89154031049924
5.0,47.0,1.4645900573740498
1.0,17.0,0.4526101423160082
4.0,38.0,1.0037109915271458
4.0,64.0,1.675063514158595
4.0,20.0,0.4123811569723448
0.0,11.0,0.2518899118050573
2.0,7.0,15.06192152476834
5.0,27.0,8.1286041413789
3.0,22.0,2.1979472208875372
7.0,31.0,2.0847856346676665
15.0,48.0,1.89154031049924
6.0,47.0,1.4645900573740498
4.0,17.0,0.4526101423160082
14.0,38.0,1.0037109915271458
10.0,64.0,1.675063514158595
5.0,20.0,0.4123811569723448
0.0,11.0,0.2518899118050573
3.0,7.0,15.06192152476834
8.0,27.0,8.1286041413789
6.0,22.0,2.1979472208875372
12.0,31.0,2.0847856346676665
12.0,48.0,1.89154031049924
18.0,47.0,1.4645900573740498
6.0,17.0,0.4526101423160082
10.0,38.0,1.0037109915271458
18.0,64.0,1.675063514158595
6.0,20.0,0.4123811569723448
4.0,11.0,0.2518899118050573
2.0,7.0,15.06192152476834
11.0,27.0,8.1286041413789
9.0,22.0,2.1979472208875372
17.0,31.0,2.0847856346676665
19.0,48.0,1.89154031049924
24.0,47.0,1.4645900573740498
9.0,17.0,0.4526101423160082
13.0,38.0,1.0037109915271458
28.0,64.0,1.675063514158595
12.0,20.0,0.4123811569723448
4.0,11.0,0.2518899118050573
6.0,7.0,15.06192152476834
13.0,27.0,8.1286041413789
11.0,22.0,2.1979472208875372
10.0,31.0,2.0847856346676665
25.0,48.0,1.89154031049924
25.0,47.0,1.4645900573740498
5.0,17.0,0.4526101423160082
22.0,38.0,1.0037109915271458
35.0,64.0,1.675063514158595
12.0,20.0,0.4123811569723448
7.0,11.0,0.2518899118050573
5.0,7.0,15.06192152476834
11.0,27.0,8.1286041413789
14.0,22.0,2.1979472208875372
21.0,31.0,2.0847856346676665
33.0,48.0,1.89154031049924
25.0,47.0,1.4645900573740498
10.0,17.0,0.4526101423160082
19.0,38.0,1.0037109915271458
39.0,64.0,1.675063514158595
12.0,20.0,0.4123811569723448
7.0,11.0,0.2518899118050573
5.0,7.0,15.06192152476834
21.0,27.0,8.1286041413789
15.0,22.0,2.1979472208875372
24.0,31.0,2.0847856346676665
36.0,48.0,1.89154031049924
26.0,47.0,1.4645900573740498
12.0,17.0,0.4526101423160082
23.0,38.0,1.0037109915271458
45.0,64.0,1.675063514158595
11.0,20.0,0.4123811569723448
7.0,11.0,0.2518899118050573
4.0,7.0,15.06192152476834
19.0,27.0,8.1286041413789
18.0,22.0,2.1979472208875372
26.0,31.0,2.0847856346676665
34.0,48.0,1.89154031049924
36.0,47.0,1.4645900573740498
15.0,17.0,0.4526101423160082
32.0,38.0,1.0037109915271458
47.0,64.0,1.675063514158595
19.0,20.0,0.4123811569723448
10.0,11.0,0.2518899118050573
7.0,7.0,15.06192152476834
25.0,27.0,8.1286041413789
19.0,22.0,2.1979472208875372
28.0,31.0,2.0847856346676665
45.0,48.0,1.89154031049924
39.0,47.0,1.4645900573740498
15.0,17.0,0.4526101423160082
37.0,38.0,1.0037109915271458
55.0,64.0,1.675063514158595
18.0,20.0,0.4123811569723448
11.0,11.0,0.2518899118050573
1.0,3.0,1.8076431947700091
1.0,6.0,2.364037572354079
0.0,13.0,6.859811716943148
0.0,4.0,0.6434581508970169
2.0,11.0,1.2891144437221658
9.0,66.0,4.777294124978025
7.0,45.0,1.3149742380183764
1.0,18.0,0.6323899936127944
1.0,8.0,0.1288765150033045
3.0,53.0,1.9514726482267908
4.0,43.0,1.021939524402583
1.0,3.0,1.8076431947700091
1.0,6.0,2.364037572354079
1.0,13.0,6.859811716943148
1.0,4.0,0.6434581508970169
4.0,11.0,1.2891144437221658
18.0,66.0,4.777294124978025
7.0,45.0,1.3149742380183764
2.0,18.0,0.6323899936127944
3.0,8.0,0.1288765150033045
13.0,53.0,1.9514726482267908
7.0,43.0,1.021939524402583
1.0,3.0,1.8076431947700091
1.0,6.0,2.364037572354079
5.0,13.0,6.859811716943148
0.0,4.0,0.6434581508970169
3.0,11.0,1.2891144437221658
18.0,66.0,4.777294124978025
17.0,45.0,1.3149742380183764
4.0,18.0,0.6323899936127944
3.0,8.0,0.1288765150033045
9.0,53.0,1.9514726482267908
6.0,43.0,1.021939524402583
1.0,3.0,1.8076431947700091
5.0,6.0,2.364037572354079
4.0,13.0,6.859811716943148
1.0,4.0,0.6434581508970169
6.0,11.0,1.2891144437221658
21.0,66.0,4.777294124978025
18.0,45.0,1.3149742380183764
6.0,18.0,0.6323899936127944
5.0,8.0,0.1288765150033045
23.0,53.0,1.9514726482267908
12.0,43.0,1.021939524402583
1.0,3.0,1.8076431947700091
5.0,6.0,2.364037572354079
7.0,13.0,6.859811716943148
3.0,4.0,0.6434581508970169
3.0,11.0,1.2891144437221658
36.0,66.0,4.777294124978025
22.0,45.0,1.3149742380183764
14.0,18.0,0.6323899936127944
5.0,8.0,0.1288765150033045
28.0,53.0,1.9514726482267908
23.0,43.0,1.021939524402583
2.0,3.0,1.8076431947700091
3.0,6.0,2.364037572354079
6.0,13.0,6.859811716943148
4.0,4.0,0.6434581508970169
8.0,11.0,1.2891144437221658
41.0,66.0,4.777294124978025
24.0,45.0,1.3149742380183764
10.0,18.0,0.6323899936127944
4.0,8.0,0.1288765150033045
25.0,53.0,1.9514726482267908
25.0,43.0,1.021939524402583
1.0,3.0,1.8076431947700091
3.0,6.0,2.364037572354079
7.0,13.0,6.859811716943148
3.0,4.0,0.6434581508970169
6.0,11.0,1.2891144437221658
45.0,66.0,4.777294124978025
30.0,45.0,1.3149742380183764
12.0,18.0,0.6323899936127944
5.0,8.0,0.1288765150033045
42.0,53.0,1.9514726482267908
29.0,43.0,1.021939524402583
3.0,3.0,1.8076431947700091
4.0,6.0,2.364037572354079
10.0,13.0,6.859811716943148
3.0,4.0,0.6434581508970169
9.0,11.0,1.2891144437221658
56.0,66.0,4.777294124978025
35.0,45.0,1.3149742380183764
15.0,18.0,0.6323899936127944
5.0,8.0,0.1288765150033045
40.0,53.0,1.9514726482267908
38.0,43.0,1.021939524402583
3.0,3.0,1.8076431947700091
6.0,6.0,2.364037572354079
10.0,13.0,6.859811716943148
2.0,4.0,0.6434581508970169
10.0,11.0,1.2891144437221658
62.0,66.0,4.777294124978025
34.0,45.0,1.3149742380183764
14.0,18.0,0.6323899936127944
7.0,8.0,0.1288765150033045
49.0,53.0,1.9514726482267908
42.0,43.0,1.021939524402583
2.0,9.0,6.6186508195696065
0.0,8.0,2.8203106706698318
0.0,16.0,3.381931539672178
3.0,27.0,1.6882529400979782
0.0,8.0,0.6215487949545676
1.0,16.0,0.7524038836464939
5.0,43.0,3.0839682370582238
3.0,23.0,0.9707752960022951
7.0,21.0,0.8756449319922782
0.0,10.0,0.35681277420362834
5.0,43.0,2.002707228570341
1.0,9.0,6.6186508195696065
1.0,8.0,2.8203106706698318
2.0,16.0,3.381931539672178
2.0,27.0,1.6882529400979782
2.0,8.0,0.6215487949545676
3.0,16.0,0.7524038836464939
9.0,43.0,3.0839682370582238
4.0,23.0,0.9707752960022951
3.0,21.0,0.8756449319922782
1.0,10.0,0.35681277420362834
8.0,43.0,2.002707228570341
1.0,9.0,6.6186508195696065
2.0,8.0,2.8203106706698318
4.0,16.0,3.381931539672178
7.0,27.0,1.6882529400979782
2.0,8.0,0.6215487949545676
4.0,16.0,0.7524038836464939
9.0,43.0,3.0839682370582238
5.0,23.0,0.9707752960022951
8.0,21.0,0.8756449319922782
4.0,10.0,0.35681277420362834
13.0,43.0,2.002707228570341
6.0,9.0,6.6186508195696065
2.0,8.0,2.8203106706698318
8.0,16.0,3.381931539672178
7.0,27.0,1.6882529400979782
3.0,8.0,0.6215487949545676
6.0,16.0,0.7524038836464939
15.0,43.0,3.0839682370582238
9.0,23.0,0.9707752960022951
8.0,21.0,0.8756449319922782
6.0,10.0,0.35681277420362834
21.0,43.0,2.002707228570341
4.0,9.0,6.6186508195696065
4.0,8.0,2.8203106706698318
8.0,16.0,3.381931539672178
13.0,27.0,1.6882529400979782
3.0,8.0,0.6215487949545676
9.0,16.0,0.7524038836464939
20.0,43.0,3.0839682370582238
10.0,23.0,0.9707752960022951
7.0,21.0,0.8756449319922782
2.0,10.0,0.35681277420362834
19.0,43.0,2.002707228570341
3.0,9.0,6.6186508195696065
3.0,8.0,2.8203106706698318
12.0,16.0,3.381931539672178
19.0,27.0,1.6882529400979782
3.0,8.0,0.6215487949545676
9.0,16.0,0.7524038836464939
28.0,43.0,3.0839682370582238
14.0,23.0,0.9707752960022951
11.0,21.0,0.8756449319922782
7.0,10.0,0.35681277420362834
23.0,43.0,2.002707228570341
5.0,9.0,6.6186508195696065
5.0,8.0,2.8203106706698318
12.0,16.0,3.381931539672178
19.0,27.0,1.6882529400979782
5.0,8.0,0.6215487949545676
10.0,16.0,0.7524038836464939
31.0,43.0,3.0839682370582238
16.0,23.0,0.9707752960022951
15.0,21.0,0.8756449319922782
7.0,10.0,0.35681277420362834
28.0,43.0,2.002707228570341
8.0,9.0,6.6186508195696065
5.0,8.0,2.8203106706698318
12.0,16.0,3.381931539672178
17.0,27.0,1.6882529400979782
8.0,8.0,0.6215487949545676
12.0,16.0,0.7524038836464939
32.0,43.0,3.0839682370582238
18.0,23.0,0.9707752960022951
14.0,21.0,0.8756449319922782
9.0,10.0,0.35681277420362834
37.0,43.0,2.002707228570341
5.0,9.0,6.6186508195696065
7.0,8.0,2.8203106706698318
13.0,16.0,3.381931539672178
26.0,27.0,1.6882529400979782
8.0,8.0,0.6215487949545676
14.0,16.0,0.7524038836464939
38.0,43.0,3.0839682370582238
22.0,23.0,0.9707752960022951
20.0,21.0,0.8756449319922782
10.0,10.0,0.35681277420362834
41.0,43.0,2.002707228570341
1.0,4.0,1.294843451302386
1.0,13.0,6.287002259215311
1.0,8.0,1.20454879628169
1.0,8.0,0.48660961462477953
3.0,23.0,2.52174326057035
1.0,6.0,0.4631972160603919
1.0,69.0,3.747807900498714
1.0,5.0,0.09482357825722175
4.0,31.0,0.9552673252645472
4.0,64.0,2.192431046930011
2.0,23.0,0.561949891276647
1.0,4.0,1.294843451302386
3.0,13.0,6.287002259215311
3.0,8.0,1.20454879628169
2.0,8.0,0.48660961462477953
5.0,23.0,2.52174326057035
0.0,6.0,0.4631972160603919
12.0,69.0,3.747807900498714
1.0,5.0,0.09482357825722175
5.0,31.0,0.9552673252645472
10.0,64.0,2.192431046930011
6.0,23.0,0.561949891276647
1.0,4.0,1.294843451302386
2.0,13.0,6.287002259215311
4.0,8.0,1.20454879628169
1.0,8.0,0.48660961462477953
5.0,23.0,2.52174326057035
2.0,6.0,0.4631972160603919
12.0,69.0,3.747807900498714
3.0,5.0,0.09482357825722175
11.0,31.0,0.9552673252645472
16.0,64.0,2.192431046930011
10.0,23.0,0.561949891276647
3.0,4.0,1.294843451302386
4.0,13.0,6.287002259215311
5.0,8.0,1.20454879628169
4.0,8.0,0.48660961462477953
4.0,23.0,2.52174326057035
1.0,6.0,0.4631972160603919
22.0,69.0,3.747807900498714
5.0,5.0,0.09482357825722175
15.0,31.0,0.9552673252645472
28.0,64.0,2.192431046930011
9.0,23.0,0.561949891276647
1.0,4.0,1.294843451302386
4.0,13.0,6.287002259215311
3.0,8.0,1.20454879628169
5.0,8.0,0.48660961462477953
11.0,23.0,2.52174326057035
2.0,6.0,0.4631972160603919
39.0,69.0,3.747807900498714
3.0,5.0,0.09482357825722175
14.0,31.0,0.9552673252645472
28.0,64.0,2.192431046930011
10.0,23.0,0.561949891276647
1.0,4.0,1.294843451302386
8.0,13.0,6.287002259215311
6.0,8.0,1.20454879628169
2.0,8.0,0.48660961462477953
14.0,23.0,2.52174326057035
5.0,6.0,0.4631972160603919
46.0,69.0,3.747807900498714
3.0,5.0,0.09482357825722175
20.0,31.0,0.9552673252645472
41.0,64.0,2.192431046930011
10.0,23.0,0.561949891276647
3.0,4.0,1.294843451302386
4.0,13.0,6.287002259215311
5.0,8.0,1.20454879628169
6.0,8.0,0.48660961462477953
20.0,23.0,2.52174326057035
6.0,6.0,0.4631972160603919
51.0,69.0,3.747807900498714
3.0,5.0,0.09482357825722175
24.0,31.0,0.9552673252645472
46.0,64.0,2.192431046930011
16.0,23.0,0.561949891276647
4.0,4.0,1.294843451302386
10.0,13.0,6.287002259215311
5.0,8.0,1.20454879628169
7.0,8.0,0.48660961462477953
19.0,23.0,2.52174326057035
6.0,6.0,0.4631972160603919
49.0,69.0,3.747807900498714
3.0,5.0,0.09482357825722175
26.0,31.0,0.9552673252645472
49.0,64.0,2.192431046930011
15.0,23.0,0.561949891276647
4.0,4.0,1.294843451302386
12.0,13.0,6.287002259215311
8.0,8.0,1.20454879628169
7.0,8.0,0.48660961462477953
23.0,23.0,2.52174326057035
6.0,6.0,0.4631972160603919
59.0,69.0,3.747807900498714
4.0,5.0,0.09482357825722175
28.0,31.0,0.9552673252645472
57.0,64.0,2.192431046930011
22.0,23.0,0.561949891276647
1.0,5.0,4.36394486688963
3.0,15.0,7.120132116458221
0.0,4.0,0.4821310178539554
3.0,31.0,3.990561806466898
5.0,46.0,2.272278451698256
2.0,33.0,1.0463630368362398
0.0,15.0,0.6141721021030373
2.0,36.0,1.302653040734793
9.0,103.0,2.990127478292632
2.0,19.0,0.3083918294080691
1.0,35.0,0.6625291662453434
2.0,5.0,4.36394486688963
2.0,15.0,7.120132116458221
2.0,4.0,0.4821310178539554
6.0,31.0,3.990561806466898
7.0,46.0,2.272278451698256
6.0,33.0,1.0463630368362398
0.0,15.0,0.6141721021030373
2.0,36.0,1.302653040734793
19.0,103.0,2.990127478292632
2.0,19.0,0.3083918294080691
8.0,35.0,0.6625291662453434
1.0,5.0,4.36394486688963
6.0,15.0,7.120132116458221
1.0,4.0,0.4821310178539554
7.0,31.0,3.990561806466898
13.0,46.0,2.272278451698256
9.0,33.0,1.0463630368362398
3.0,15.0,0.6141721021030373
10.0,36.0,1.302653040734793
38.0,103.0,2.990127478292632
7.0,19.0,0.3083918294080691
6.0,35.0,0.6625291662453434
2.0,5.0,4.36394486688963
6.0,15.0,7.120132116458221
2.0,4.0,0.4821310178539554
15.0,31.0,3.990561806466898
19.0,46.0,2.272278451698256
7.0,33.0,1.0463630368362398
6.0,15.0,0.6141721021030373
12.0,36.0,1.302653040734793
42.0,103.0,2.990127478292632
10.0,19.0,0.3083918294080691
20.0,35.0,0.6625291662453434
1.0,5.0,4.36394486688963
6.0,15.0,7.120132116458221
2.0,4.0,0.4821310178539554
13.0,31.0,3.990561806466898
29.0,46.0,2.272278451698256
17.0,33.0,1.0463630368362398
7.0,15.0,0.6141721021030373
20.0,36.0,1.302653040734793
54.0,103.0,2.990127478292632
7.0,19.0,0.3083918294080691
21.0,35.0,0.6625291662453434
3.0,5.0,4.36394486688963
9.0,15.0,7.120132116458221
3.0,4.0,0.4821310178539554
20.0,31.0,3.990561806466898
30.0,46.0,2.272278451698256
20.0,33.0,1.0463630368362398
8.0,15.0,0.6141721021030373
19.0,36.0,1.302653040734793
60.0,103.0,2.990127478292632
14.0,19.0,0.3083918294080691
22.0,35.0,0.6625291662453434
4.0,5.0,4.36394486688963
8.0,15.0,7.120132116458221
2.0,4.0,0.4821310178539554
20.0,31.0,3.990561806466898
27.0,46.0,2.272278451698256
25.0,33.0,1.0463630368362398
10.0,15.0,0.6141721021030373
27.0,36.0,1.302653040734793
67.0,103.0,2.990127478292632
8.0,19.0,0.3083918294080691
24.0,35.0,0.6625291662453434
4.0,5.0,4.36394486688963
14.0,15.0,7.120132116458221
4.0,4.0,0.4821310178539554
22.0,31.0,3.990561806466898
39.0,46.0,2.272278451698256
29.0,33.0,1.0463630368362398
12.0,15.0,0.6141721021030373
29.0,36.0,1.302653040734793
82.0,103.0,2.990127478292632
17.0,19.0,0.3083918294080691
28.0,35.0,0.6625291662453434
4.0,5.0,4.36394486688963
14.0,15.0,7.120132116458221
4.0,4.0,0.4821310178539554
28.0,31.0,3.990561806466898
41.0,46.0,2.272278451698256
31.0,33.0,1.0463630368362398
13.0,15.0,0.6141721021030373
35.0,36.0,1.302653040734793
94.0,103.0,2.990127478292632
16.0,19.0,0.3083918294080691
33.0,35.0,0.6625291662453434
1.0,3.0,4.257461992600682
1.0,11.0,6.714670831574351
1.0,9.0,1.261522664126277
0.0,5.0,0.45907625087201603
7.0,62.0,5.589589703369697
2.0,15.0,0.5303902142678811
7.0,59.0,2.081231566602755
8.0,76.0,2.177247316524971
5.0,85.0,1.6803475494869704
1.0,12.0,0.24852827539761277
7.0,54.0,1.0773057868811957
1.0,3.0,4.257461992600682
1.0,11.0,6.714670831574351
0.0,9.0,1.261522664126277
2.0,5.0,0.45907625087201603
15.0,62.0,5.589589703369697
3.0,15.0,0.5303902142678811
9.0,59.0,2.081231566602755
16.0,76.0,2.177247316524971
16.0,85.0,1.6803475494869704
2.0,12.0,0.24852827539761277
15.0,54.0,1.0773057868811957
2.0,3.0,4.257461992600682
2.0,11.0,6.714670831574351
3.0,9.0,1.261522664126277
1.0,5.0,0.45907625087201603
12.0,62.0,5.589589703369697
2.0,15.0,0.5303902142678811
12.0,59.0,2.081231566602755
18.0,76.0,2.177247316524971
30.0,85.0,1.6803475494869704
2.0,12.0,0.24852827539761277
15.0,54.0,1.0773057868811957
1.0,3.0,4.257461992600682
3.0,11.0,6.714670831574351
3.0,9.0,1.261522664126277
2.0,5.0,0.45907625087201603
23.0,62.0,5.589589703369697
9.0,15.0,0.5303902142678811
24.0,59.0,2.081231566602755
20.0,76.0,2.177247316524971
38.0,85.0,1.6803475494869704
6.0,12.0,0.24852827539761277
14.0,54.0,1.0773057868811957
2.0,3.0,4.257461992600682
7.0,11.0,6.714670831574351
6.0,9.0,1.261522664126277
1.0,5.0,0.45907625087201603
37.0,62.0,5.589589703369697
6.0,15.0,0.5303902142678811
29.0,59.0,2.081231566602755
38.0,76.0,2.177247316524971
39.0,85.0,1.6803475494869704
5.0,12.0,0.24852827539761277
31.0,54.0,1.0773057868811957
2.0,3.0,4.257461992600682
11.0,11.0,6.714670831574351
5.0,9.0,1.261522664126277
2.0,5.0,0.45907625087201603
41.0,62.0,5.589589703369697
9.0,15.0,0.5303902142678811
36.0,59.0,2.081231566602755
53.0,76.0,2.177247316524971
43.0,85.0,1.6803475494869704
9.0,12.0,0.24852827539761277
38.0,54.0,1.0773057868811957
1.0,3.0,4.257461992600682
7.0,11.0,6.714670831574351
6.0,9.0,1.261522664126277
4.0,5.0,0.45907625087201603
44.0,62.0,5.589589703369697
13.0,15.0,0.5303902142678811
37.0,59.0,2.081231566602755
58.0,76.0,2.177247316524971
58.0,85.0,1.6803475494869704
6.0,12.0,0.24852827539761277
38.0,54.0,1.0773057868811957
1.0,3.0,4.257461992600682
6.0,11.0,6.714670831574351
7.0,9.0,1.261522664126277
4.0,5.0,0.45907625087201603
52.0,62.0,5.589589703369697
12.0,15.0,0.5303902142678811
46.0,59.0,2.081231566602755
62.0,76.0,2.177247316524971
68.0,85.0,1.6803475494869704
8.0,12.0,0.24852827539761277
45.0,54.0,1.0773057868811957
3.0,3.0,4.257461992600682
10.0,11.0,6.714670831574351
8.0,9.0,1.261522664126277
5.0,5.0,0.45907625087201603
60.0,62.0,5.589589703369697
14.0,15.0,0.5303902142678811
57.0,59.0,2.081231566602755
70.0,76.0,2.177247316524971
79.0,85.0,1.6803475494869704
7.0,12.0,0.24852827539761277
46.0,54.0,1.0773057868811957
1.0,4.0,12.160418654319296
0.0,6.0,3.9542087631750578
7.0,46.0,10.537505697681546
5.0,17.0,1.2364255201871555
0.0,2.0,0.1239722723796425
1.0,23.0,1.0153254846598458
4.0,20.0,1.204568432732696
5.0,85.0,4.762079076333981
1.0,18.0,0.44258576247729053
6.0,58.0,1.20489819474704
2.0,9.0,0.16918972858016032
1.0,4.0,12.160418654319296
2.0,6.0,3.9542087631750578
6.0,46.0,10.537505697681546
1.0,17.0,1.2364255201871555
0.0,2.0,0.1239722723796425
9.0,23.0,1.0153254846598458
5.0,20.0,1.204568432732696
19.0,85.0,4.762079076333981
1.0,18.0,0.44258576247729053
10.0,58.0,1.20489819474704
2.0,9.0,0.16918972858016032
1.0,4.0,12.160418654319296
2.0,6.0,3.9542087631750578
16.0,46.0,10.537505697681546
6.0,17.0,1.2364255201871555
0.0,2.0,0.1239722723796425
5.0,23.0,1.0153254846598458
3.0,20.0,1.204568432732696
31.0,85.0,4.762079076333981
5.0,18.0,0.44258576247729053
16.0,58.0,1.20489819474704
4.0,9.0,0.16918972858016032
2.0,4.0,12.160418654319296
2.0,6.0,3.9542087631750578
19.0,46.0,10.537505697681546
8.0,17.0,1.2364255201871555
1.0,2.0,0.1239722723796425
9.0,23.0,1.0153254846598458
9.0,20.0,1.204568432732696
30.0,85.0,4.762079076333981
2.0,18.0,0.44258576247729053
25.0,58.0,1.20489819474704
5.0,9.0,0.16918972858016032
2.0,4.0,12.160418654319296
3.0,6.0,3.9542087631750578
21.0,46.0,10.537505697681546
11.0,17.0,1.2364255201871555
1.0,2.0,0.1239722723796425
13.0,23.0,1.0153254846598458
9.0,20.0,1.204568432732696
41.0,85.0,4.762079076333981
11.0,18.0,0.44258576247729053
28.0,58.0,1.20489819474704
7.0,9.0,0.16918972858016032
3.0,4.0,12.160418654319296
3.0,6.0,3.9542087631750578
29.0,46.0,10.537505697681546
11.0,17.0,1.2364255201871555
2.0,2.0,0.1239722723796425
16.0,23.0,1.0153254846598458
11.0,20.0,1.204568432732696
51.0,85.0,4.762079076333981
13.0,18.0,0.44258576247729053
38.0,58.0,1.20489819474704
5.0,9.0,0.16918972858016032
3.0,4.0,12.160418654319296
4.0,6.0,3.9542087631750578
32.0,46.0,10.537505697681546
12.0,17.0,1.2364255201871555
2.0,2.0,0.1239722723796425
17.0,23.0,1.0153254846598458
14.0,20.0,1.204568432732696
60.0,85.0,4.762079076333981
14.0,18.0,0.44258576247729053
44.0,58.0,1.20489819474704
6.0,9.0,0.16918972858016032
1.0,4.0,12.160418654319296
6.0,6.0,3.9542087631750578
31.0,46.0,10.537505697681546
12.0,17.0,1.2364255201871555
2.0,2.0,0.1239722723796425
16.0,23.0,1.0153254846598458
14.0,20.0,1.204568432732696
69.0,85.0,4.762079076333981
13.0,18.0,0.44258576247729053
44.0,58.0,1.20489819474704
8.0,9.0,0.16918972858016032
3.0,4.0,12.160418654319296
5.0,6.0,3.9542087631750578
39.0,46.0,10.537505697681546
13.0,17.0,1.2364255201871555
2.0,2.0,0.1239722723796425
22.0,23.0,1.0153254846598458
17.0,20.0,1.204568432732696
77.0,85.0,4.762079076333981
18.0,18.0,0.44258576247729053
55.0,58.0,1.20489819474704
5.0,9.0,0.16918972858016032
1.0,2.0,2.202310937275126
1.0,5.0,5.221480249964177
6.0,27.0,8.462274679327036
4.0,14.0,1.7010774094585828
2.0,10.0,0.7970733317091708
5.0,33.0,2.574189612573524
5.0,45.0,2.21060096564652
9.0,66.0,1.8354729908502685
6.0,57.0,1.1738923369611958
4.0,27.0,0.5613249448058776
3.0,41.0,0.7962682474783009
1.0,2.0,2.202310937275126
1.0,5.0,5.221480249964177
5.0,27.0,8.462274679327036
4.0,14.0,1.7010774094585828
2.0,10.0,0.7970733317091708
5.0,33.0,2.574189612573524
13.0,45.0,2.21060096564652
15.0,66.0,1.8354729908502685
7.0,57.0,1.1738923369611958
4.0,27.0,0.5613249448058776
9.0,41.0,0.7962682474783009
1.0,2.0,2.202310937275126
1.0,5.0,5.221480249964177
3.0,27.0,8.462274679327036
4.0,14.0,1.7010774094585828
3.0,10.0,0.7970733317091708
5.0,33.0,2.574189612573524
27.0,45.0,2.21060096564652
22.0,66.0,1.8354729908502685
13.0,57.0,1.1738923369611958
7.0,27.0,0.5613249448058776
9.0,41.0,0.7962682474783009
1.0,2.0,2.202310937275126
2.0,5.0,5.221480249964177
8.0,27.0,8.462274679327036
8.0,14.0,1.7010774094585828
5.0,10.0,0.7970733317091708
10.0,33.0,2.574189612573524
19.0,45.0,2.21060096564652
28.0,66.0,1.8354729908502685
30.0,57.0,1.1738923369611958
10.0,27.0,0.5613249448058776
19.0,41.0,0.7962682474783009
1.0,2.0,2.202310937275126
2.0,5.0,5.221480249964177
15.0,27.0,8.462274679327036
9.0,14.0,1.7010774094585828
5.0,10.0,0.7970733317091708
15.0,33.0,2.574189612573524
23.0,45.0,2.21060096564652
34.0,66.0,1.8354729908502685
28.0,57.0,1.1738923369611958
16.0,27.0,0.5613249448058776
24.0,41.0,0.7962682474783009
1.0,2.0,2.202310937275126
3.0,5.0,5.221480249964177
20.0,27.0,8.462274679327036
8.0,14.0,1.7010774094585828
9.0,10.0,0.7970733317091708
19.0,33.0,2.574189612573524
26.0,45.0,2.21060096564652
38.0,66.0,1.8354729908502685
31.0,57.0,1.1738923369611958
15.0,27.0,0.5613249448058776
24.0,41.0,0.7962682474783009
2.0,2.0,2.202310937275126
2.0,5.0,5.221480249964177
18.0,27.0,8.462274679327036
11.0,14.0,1.7010774094585828
8.0,10.0,0.7970733317091708
24.0,33.0,2.574189612573524
34.0,45.0,2.21060096564652
43.0,66.0,1.8354729908502685
42.0,57.0,1.1738923369611958
17.0,27.0,0.5613249448058776
27.0,41.0,0.7962682474783009
2.0,2.0,2.202310937275126
5.0,5.0,5.221480249964177
21.0,27.0,8.462274679327036
13.0,14.0,1.7010774094585828
9.0,10.0,0.7970733317091708
24.0,33.0,2.574189612573524
36.0,45.0,2.21060096564652
56.0,66.0,1.8354729908502685
49.0,57.0,1.1738923369611958
26.0,27.0,0.5613249448058776
30.0,41.0,0.7962682474783009
2.0,2.0,2.202310937275126
4.0,5.0,5.221480249964177
23.0,27.0,8.462274679327036
11.0,14.0,1.7010774094585828
10.0,10.0,0.7970733317091708
32.0,33.0,2.574189612573524
41.0,45.0,2.21060096564652
59.0,66.0,1.8354729908502685
47.0,57.0,1.1738923369611958
24.0,27.0,0.5613249448058776
40.0,41.0,0.7962682474783009
1.0,3.0,7.600943344212834
1.0,3.0,0.5677080233090022
4.0,16.0,6.219902561282373
2.0,21.0,2.4996276260504495
8.0,81.0,4.8028343818178305
5.0,40.0,0.8976538020683666
6.0,66.0,1.3319191710645573
6.0,52.0,1.213505715954077
0.0,4.0,0.15837855005718218
5.0,31.0,0.9113051994753215
5.0,47.0,1.6137745713047915
1.0,3.0,7.600943344212834
1.0,3.0,0.5677080233090022
2.0,16.0,6.219902561282373
4.0,21.0,2.4996276260504495
21.0,81.0,4.8028343818178305
8.0,40.0,0.8976538020683666
17.0,66.0,1.3319191710645573
10.0,52.0,1.213505715954077
3.0,4.0,0.15837855005718218
11.0,31.0,0.9113051994753215
7.0,47.0,1.6137745713047915
1.0,3.0,7.600943344212834
2.0,3.0,0.5677080233090022
6.0,16.0,6.219902561282373
3.0,21.0,2.4996276260504495
25.0,81.0,4.8028343818178305
10.0,40.0,0.8976538020683666
26.0,66.0,1.3319191710645573
14.0,52.0,1.213505715954077
2.0,4.0,0.15837855005718218
4.0,31.0,0.9113051994753215
12.0,47.0,1.6137745713047915
1.0,3.0,7.600943344212834
1.0,3.0,0.5677080233090022
4.0,16.0,6.219902561282373
7.0,21.0,2.4996276260504495
35.0,81.0,4.8028343818178305
15.0,40.0,0.8976538020683666
26.0,66.0,1.3319191710645573
19.0,52.0,1.213505715954077
2.0,4.0,0.15837855005718218
13.0,31.0,0.9113051994753215
24.0,47.0,1.6137745713047915
1.0,3.0,7.600943344212834
2.0,3.0,0.5677080233090022
8.0,16.0,6.219902561282373
9.0,21.0,2.4996276260504495
36.0,81.0,4.8028343818178305
19.0,40.0,0.8976538020683666
36.0,66.0,1.3319191710645573
23.0,52.0,1.213505715954077
3.0,4.0,0.15837855005718218
14.0,31.0,0.9113051994753215
19.0,47.0,1.6137745713047915
3.0,3.0,7.600943344212834
1.0,3.0,0.5677080233090022
7.0,16.0,6.219902561282373
15.0,21.0,2.4996276260504495
52.0,81.0,4.8028343818178305
25.0,40.0,0.8976538020683666
41.0,66.0,1.3319191710645573
28.0,52.0,1.213505715954077
1.0,4.0,0.15837855005718218
17.0,31.0,0.9113051994753215
28.0,47.0,1.6137745713047915
3.0,3.0,7.600943344212834
2.0,3.0,0.5677080233090022
9.0,16.0,6.219902561282373
18.0,21.0,2.4996276260504495
59.0,81.0,4.8028343818178305
26.0,40.0,0.8976538020683666
43.0,66.0,1.3319191710645573
35.0,52.0,1.213505715954077
4.0,4.0,0.15837855005718218
19.0,31.0,0.9113051994753215
30.0,47.0,1.6137745713047915
3.0,3.0,7.600943344212834
3.0,3.0,0.5677080233090022
13.0,16.0,6.219902561282373
12.0,21.0,2.4996276260504495
62.0,81.0,4.8028343818178305
35.0,40.0,0.8976538020683666
55.0,66.0,1.3319191710645573
43.0,52.0,1.213505715954077
4.0,4.0,0.15837855005718218
22.0,31.0,0.9113051994753215
40.0,47.0,1.6137745713047915
3.0,3.0,7.600943344212834
3.0,3.0,0.5677080233090022
13.0,16.0,6.219902561282373
20.0,21.0,2.4996276260504495
72.0,81.0,4.8028343818178305
35.0,40.0,0.8976538020683666
61.0,66.0,1.3319191710645573
51.0,52.0,1.213505715954077
4.0,4.0,0.15837855005718218
27.0,31.0,0.9113051994753215
42.0,47.0,1.6137745713047915
2.0,3.0,0.8411697606202705
3.0,8.0,3.6320594517103135
1.0,4.0,2.6033465746115487
4.0,18.0,5.223963869397803
2.0,7.0,1.1652098966397426
2.0,15.0,1.2956206226092022
2.0,15.0,1.2598156412108277
1.0,6.0,0.3598543133186485
1.0,5.0,0.19469493296518514
0.0,15.0,2.333559023910524
2.0,20.0,2.153277689332128
1.0,3.0,0.8411697606202705
1.0,8.0,3.6320594517103135
1.0,4.0,2.6033465746115487
7.0,18.0,5.223963869397803
3.0,7.0,1.1652098966397426
5.0,15.0,1.2956206226092022
3.0,15.0,1.2598156412108277
2.0,6.0,0.3598543133186485
1.0,5.0,0.19469493296518514
1.0,15.0,2.333559023910524
2.0,20.0,2.153277689332128
1.0,3.0,0.8411697606202705
4.0,8.0,3.6320594517103135
2.0,4.0,2.6033465746115487
6.0,18.0,5.223963869397803
2.0,7.0,1.1652098966397426
1.0,15.0,1.2956206226092022
6.0,15.0,1.2598156412108277
1.0,6.0,0.3598543133186485
1.0,5.0,0.19469493296518514
8.0,15.0,2.333559023910524
8.0,20.0,2.153277689332128
2.0,3.0,0.8411697606202705
5.0,8.0,3.6320594517103135
2.0,4.0,2.6033465746115487
8.0,18.0,5.223963869397803
3.0,7.0,1.1652098966397426
3.0,15.0,1.2956206226092022
7.0,15.0,1.2598156412108277
1.0,6.0,0.3598543133186485
1.0,5.0,0.19469493296518514
7.0,15.0,2.333559023910524
9.0,20.0,2.153277689332128
1.0,3.0,0.8411697606202705
3.0,8.0,3.6320594517103135
2.0,4.0,2.6033465746115487
11.0,18.0,5.223963869397803
2.0,7.0,1.1652098966397426
6.0,15.0,1.2956206226092022
7.0,15.0,1.2598156412108277
2.0,6.0,0.3598543133186485
4.0,5.0,0.19469493296518514
8.0,15.0,2.333559023910524
9.0,20.0,2.153277689332128
2.0,3.0,0.8411697606202705
6.0,8.0,3.6320594517103135
3.0,4.0,2.6033465746115487
14.0,18.0,5.223963869397803
5.0,7.0,1.1652098966397426
9.0,15.0,1.2956206226092022
9.0,15.0,1.2598156412108277
4.0,6.0,0.3598543133186485
3.0,5.0,0.19469493296518514
6.0,15.0,2.333559023910524
10.0,20.0,2.153277689332128
2.0,3.0,0.8411697606202705
6.0,8.0,3.6320594517103135
4.0,4.0,2.6033465746115487
11.0,18.0,5.223963869397803
7.0,7.0,1.1652098966397426
12.0,15.0,1.2956206226092022
12.0,15.0,1.2598156412108277
2.0,6.0,0.3598543133186485
2.0,5.0,0.19469493296518514
11.0,15.0,2.333559023910524
16.0,20.0,2.153277689332128
3.0,3.0,0.8411697606202705
5.0,8.0,3.6320594517103135
3.0,4.0,2.6033465746115487
15.0,18.0,5.223963869397803
4.0,7.0,1.1652098966397426
12.0,15.0,1.2956206226092022
11.0,15.0,1.2598156412108277
6.0,6.0,0.3598543133186485
3.0,5.0,0.19469493296518514
14.0,15.0,2.333559023910524
14.0,20.0,2.153277689332128
3.0,3.0,0.8411697606202705
8.0,8.0,3.6320594517103135
3.0,4.0,2.6033465746115487
17.0,18.0,5.223963869397803
7.0,7.0,1.1652098966397426
14.0,15.0,1.2956206226092022
14.0,15.0,1.2598156412108277
5.0,6.0,0.3598543133186485
5.0,5.0,0.19469493296518514
12.0,15.0,2.333559023910524
19.0,20.0,2.153277689332128
1.0,6.0,7.2925210399852425
0.0,11.0,4.00261315870213
2.0,16.0,2.1854421054268904
0.0,5.0,0.6021242856688035
6.0,50.0,3.9393246844597605
3.0,27.0,1.2164539039557287
3.0,36.0,1.3289513469820315
3.0,30.0,1.152198553589509
2.0,67.0,1.7892694588802736
2.0,8.0,0.16706116059621764
5.0,41.0,1.25640182379956
2.0,6.0,7.2925210399852425
1.0,11.0,4.00261315870213
4.0,16.0,2.1854421054268904
1.0,5.0,0.6021242856688035
8.0,50.0,3.9393246844597605
6.0,27.0,1.2164539039557287
8.0,36.0,1.3289513469820315
9.0,30.0,1.152198553589509
12.0,67.0,1.7892694588802736
3.0,8.0,0.16706116059621764
8.0,41.0,1.25640182379956
4.0,6.0,7.2925210399852425
2.0,11.0,4.00261315870213
3.0,16.0,2.1854421054268904
1.0,5.0,0.6021242856688035
16.0,50.0,3.9393246844597605
6.0,27.0,1.2164539039557287
6.0,36.0,1.3289513469820315
7.0,30.0,1.152198553589509
20.0,67.0,1.7892694588802736
1.0,8.0,0.16706116059621764
12.0,41.0,1.25640182379956
4.0,6.0,7.2925210399852425
6.0,11.0,4.00261315870213
9.0,16.0,2.1854421054268904
1.0,5.0,0.6021242856688035
27.0,50.0,3.9393246844597605
14.0,27.0,1.2164539039557287
12.0,36.0,1.3289513469820315
11.0,30.0,1.152198553589509
19.0,67.0,1.7892694588802736
0.0,8.0,0.16706116059621764
13.0,41.0,1.25640182379956
2.0,6.0,7.2925210399852425
2.0,11.0,4.00261315870213
11.0,16.0,2.1854421054268904
2.0,5.0,0.6021242856688035
29.0,50.0,3.9393246844597605
13.0,27.0,1.2164539039557287
17.0,36.0,1.3289513469820315
15.0,30.0,1.152198553589509
24.0,67.0,1.7892694588802736
3.0,8.0,0.16706116059621764
23.0,41.0,1.25640182379956
4.0,6.0,7.2925210399852425
7.0,11.0,4.00261315870213
9.0,16.0,2.1854421054268904
4.0,5.0,0.6021242856688035
34.0,50.0,3.9393246844597605
16.0,27.0,1.2164539039557287
26.0,36.0,1.3289513469820315
16.0,30.0,1.152198553589509
43.0,67.0,1.7892694588802736
6.0,8.0,0.16706116059621764
24.0,41.0,1.25640182379956
5.0,6.0,7.2925210399852425
5.0,11.0,4.00261315870213
9.0,16.0,2.1854421054268904
3.0,5.0,0.6021242856688035
34.0,50.0,3.9393246844597605
18.0,27.0,1.2164539039557287
27.0,36.0,1.3289513469820315
22.0,30.0,1.152198553589509
44.0,67.0,1.7892694588802736
4.0,8.0,0.16706116059621764
25.0,41.0,1.25640182379956
4.0,6.0,7.2925210399852425
8.0,11.0,4.00261315870213
12.0,16.0,2.1854421054268904
5.0,5.0,0.6021242856688035
42.0,50.0,3.9393246844597605
26.0,27.0,1.2164539039557287
28.0,36.0,1.3289513469820315
27.0,30.0,1.152198553589509
53.0,67.0,1.7892694588802736
7.0,8.0,0.16706116059621764
32.0,41.0,1.25640182379956
6.0,6.0,7.2925210399852425
11.0,11.0,4.00261315870213
16.0,16.0,2.1854421054268904
5.0,5.0,0.6021242856688035
46.0,50.0,3.9393246844597605
24.0,27.0,1.2164539039557287
33.0,36.0,1.3289513469820315
29.0,30.0,1.152198553589509
59.0,67.0,1.7892694588802736
8.0,8.0,0.16706116059621764
36.0,41.0,1.25640182379956
1.0,3.0,4.37960246170491
0.0,3.0,6.276301367778062
1.0,3.0,0.8858095830688498
1.0,12.0,2.055220673402446
2.0,19.0,2.9939005874907765
2.0,11.0,1.0946411193696381
1.0,11.0,1.3111700427411048
6.0,32.0,2.4384334163528116
0.0,22.0,1.1392078984518472
6.0,29.0,1.1933077144119664
7.0,42.0,1.7706145993296758
2.0,3.0,4.37960246170491
1.0,3.0,6.276301367778062
0.0,3.0,0.8858095830688498
2.0,12.0,2.055220673402446
5.0,19.0,2.9939005874907765
1.0,11.0,1.0946411193696381
3.0,11.0,1.3111700427411048
9.0,32.0,2.4384334163528116
3.0,22.0,1.1392078984518472
4.0,29.0,1.1933077144119664
7.0,42.0,1.7706145993296758
1.0,3.0,4.37960246170491
0.0,3.0,6.276301367778062
1.0,3.0,0.8858095830688498
5.0,12.0,2.055220673402446
7.0,19.0,2.9939005874907765
2.0,11.0,1.0946411193696381
4.0,11.0,1.3111700427411048
6.0,32.0,2.4384334163528116
4.0,22.0,1.1392078984518472
12.0,29.0,1.1933077144119664
11.0,42.0,1.7706145993296758
1.0,3.0,4.37960246170491
1.0,3.0,6.276301367778062
1.0,3.0,0.8858095830688498
6.0,12.0,2.055220673402446
9.0,19.0,2.9939005874907765
4.0,11.0,1.0946411193696381
3.0,11.0,1.3111700427411048
17.0,32.0,2.4384334163528116
4.0,22.0,1.1392078984518472
14.0,29.0,1.1933077144119664
15.0,42.0,1.7706145993296758
2.0,3.0,4.37960246170491
1.0,3.0,6.276301367778062
2.0,3.0,0.8858095830688498
5.0,12.0,2.055220673402446
9.0,19.0,2.9939005874907765
9.0,11.0,1.0946411193696381
6.0,11.0,1.3111700427411048
17.0,32.0,2.4384334163528116
11.0,22.0,1.1392078984518472
16.0,29.0,1.1933077144119664
24.0,42.0,1.7706145993296758
1.0,3.0,4.37960246170491
3.0,3.0,6.276301367778062
2.0,3.0,0.8858095830688498
8.0,12.0,2.055220673402446
12.0,19.0,2.9939005874907765
7.0,11.0,1.0946411193696381
9.0,11.0,1.3111700427411048
19.0,32.0,2.4384334163528116
15.0,22.0,1.1392078984518472
13.0,29.0,1.1933077144119664
32.0,42.0,1.7706145993296758
2.0,3.0,4.37960246170491
1.0,3.0,6.276301367778062
2.0,3.0,0.8858095830688498
8.0,12.0,2.055220673402446
13.0,19.0,2.9939005874907765
8.0,11.0,1.0946411193696381
9.0,11.0,1.3111700427411048
19.0,32.0,2.4384334163528116
16.0,22.0,1.1392078984518472
22.0,29.0,1.1933077144119664
29.0,42.0,1.7706145993296758
3.0,3.0,4.37960246170491
3.0,3.0,6.276301367778062
3.0,3.0,0.8858095830688498
9.0,12.0,2.055220673402446
18.0,19.0,2.9939005874907765
6.0,11.0,1.0946411193696381
7.0,11.0,1.3111700427411048
28.0,32.0,2.4384334163528116
16.0,22.0,1.1392078984518472
25.0,29.0,1.1933077144119664
33.0,42.0,1.7706145993296758
3.0,3.0,4.37960246170491
3.0,3.0,6.276301367778062
3.0,3.0,0.8858095830688498
11.0,12.0,2.055220673402446
16.0,19.0,2.9939005874907765
6.0,11.0,1.0946411193696381
9.0,11.0,1.3111700427411048
31.0,32.0,2.4384334163528116
17.0,22.0,1.1392078984518472
26.0,29.0,1.1933077144119664
41.0,42.0,1.7706145993296758
1.0,3.0,1.5482503936649181
0.0,3.0,2.568361580345348
0.0,4.0,1.297872455351102
1.0,7.0,3.0063079916030797
0.0,8.0,2.0719969245182956
1.0,4.0,0.7444215779102467
1.0,22.0,2.288991345508303
2.0,31.0,2.132837251259114
4.0,66.0,2.607978965593825
3.0,39.0,1.175989476796849
4.0,48.0,1.4651192874315795
1.0,3.0,1.5482503936649181
2.0,3.0,2.568361580345348
1.0,4.0,1.297872455351102
1.0,7.0,3.0063079916030797
2.0,8.0,2.0719969245182956
1.0,4.0,0.7444215779102467
2.0,22.0,2.288991345508303
10.0,31.0,2.132837251259114
15.0,66.0,2.607978965593825
12.0,39.0,1.175989476796849
10.0,48.0,1.4651192874315795
1.0,3.0,1.5482503936649181
0.0,3.0,2.568361580345348
1.0,4.0,1.297872455351102
1.0,7.0,3.0063079916030797
2.0,8.0,2.0719969245182956
3.0,4.0,0.7444215779102467
9.0,22.0,2.288991345508303
6.0,31.0,2.132837251259114
21.0,66.0,2.607978965593825
13.0,39.0,1.175989476796849
15.0,48.0,1.4651192874315795
1.0,3.0,1.5482503936649181
2.0,3.0,2.568361580345348
1.0,4.0,1.297872455351102
2.0,7.0,3.0063079916030797
3.0,8.0,2.0719969245182956
1.0,4.0,0.7444215779102467
8.0,22.0,2.288991345508303
17.0,31.0,2.132837251259114
28.0,66.0,2.607978965593825
14.0,39.0,1.175989476796849
22.0,48.0,1.4651192874315795
1.0,3.0,1.5482503936649181
3.0,3.0,2.568361580345348
2.0,4.0,1.297872455351102
4.0,7.0,3.0063079916030797
2.0,8.0,2.0719969245182956
1.0,4.0,0.7444215779102467
11.0,22.0,2.288991345508303
20.0,31.0,2.132837251259114
35.0,66.0,2.607978965593825
22.0,39.0,1.175989476796849
24.0,48.0,1.4651192874315795
2.0,3.0,1.5482503936649181
2.0,3.0,2.568361580345348
2.0,4.0,1.297872455351102
6.0,7.0,3.0063079916030797
4.0,8.0,2.0719969245182956
2.0,4.0,0.7444215779102467
15.0,22.0,2.288991345508303
23.0,31.0,2.132837251259114
34.0,66.0,2.607978965593825
32.0,39.0,1.175989476796849
29.0,48.0,1.4651192874315795
3.0,3.0,1.5482503936649181
3.0,3.0,2.568361580345348
3.0,4.0,1.297872455351102
5.0,7.0,3.0063079916030797
5.0,8.0,2.0719969245182956
3.0,4.0,0.7444215779102467
14.0,22.0,2.288991345508303
19.0,31.0,2.132837251259114
48.0,66.0,2.607978965593825
25.0,39.0,1.175989476796849
35.0,48.0,1.4651192874315795
1.0,3.0,1.5482503936649181
3.0,3.0,2.568361580345348
4.0,4.0,1.297872455351102
6.0,7.0,3.0063079916030797
5.0,8.0,2.0719969245182956
3.0,4.0,0.7444215779102467
13.0,22.0,2.288991345508303
25.0,31.0,2.132837251259114
51.0,66.0,2.607978965593825
31.0,39.0,1.175989476796849
38.0,48.0,1.4651192874315795
3.0,3.0,1.5482503936649181
2.0,3.0,2.568361580345348
4.0,4.0,1.297872455351102
5.0,7.0,3.0063079916030797
8.0,8.0,2.0719969245182956
4.0,4.0,0.7444215779102467
19.0,22.0,2.288991345508303
25.0,31.0,2.132837251259114
62.0,66.0,2.607978965593825
36.0,39.0,1.175989476796849
44.0,48.0,1.4651192874315795
2.0,8.0,6.762390985182852
1.0,12.0,4.345617946542705
5.0,22.0,4.11241177805421
2.0,20.0,1.1033774937688996
5.0,36.0,2.0778264890883533
5.0,44.0,1.7442993773867905
1.0,7.0,0.27263883796581717
0.0,36.0,1.300865411496301
1.0,7.0,0.20298981814225125
1.0,16.0,0.8427042026018539
1.0,13.0,0.6538226845671361
1.0,8.0,6.762390985182852
2.0,12.0,4.345617946542705
5.0,22.0,4.11241177805421
2.0,20.0,1.1033774937688996
3.0,36.0,2.0778264890883533
6.0,44.0,1.7442993773867905
0.0,7.0,0.27263883796581717
11.0,36.0,1.300865411496301
1.0,7.0,0.20298981814225125
3.0,16.0,0.8427042026018539
0.0,13.0,0.6538226845671361
4.0,8.0,6.762390985182852
4.0,12.0,4.345617946542705
8.0,22.0,4.11241177805421
4.0,20.0,1.1033774937688996
9.0,36.0,2.0778264890883533
8.0,44.0,1.7442993773867905
2.0,7.0,0.27263883796581717
9.0,36.0,1.300865411496301
4.0,7.0,0.20298981814225125
2.0,16.0,0.8427042026018539
2.0,13.0,0.6538226845671361
2.0,8.0,6.762390985182852
5.0,12.0,4.345617946542705
5.0,22.0,4.11241177805421
9.0,20.0,1.1033774937688996
10.0,36.0,2.0778264890883533
17.0,44.0,1.7442993773867905
6.0,7.0,0.27263883796581717
14.0,36.0,1.300865411496301
3.0,7.0,0.20298981814225125
5.0,16.0,0.8427042026018539
8.0,13.0,0.6538226845671361
4.0,8.0,6.762390985182852
5.0,12.0,4.345617946542705
13.0,22.0,4.11241177805421
11.0,20.0,1.1033774937688996
25.0,36.0,2.0778264890883533
22.0,44.0,1.7442993773867905
5.0,7.0,0.27263883796581717
21.0,36.0,1.300865411496301
4.0,7.0,0.20298981814225125
7.0,16.0,0.8427042026018539
5.0,13.0,0.6538226845671361
4.0,8.0,6.762390985182852
9.0,12.0,4.345617946542705
14.0,22.0,4.11241177805421
11.0,20.0,1.1033774937688996
23.0,36.0,2.0778264890883533
29.0,44.0,1.7442993773867905
7.0,7.0,0.27263883796581717
23.0,36.0,1.300865411496301
5.0,7.0,0.20298981814225125
7.0,16.0,0.8427042026018539
9.0,13.0,0.6538226845671361
7.0,8.0,6.762390985182852
10.0,12.0,4.345617946542705
13.0,22.0,4.11241177805421
12.0,20.0,1.1033774937688996
24.0,36.0,2.0778264890883533
31.0,44.0,1.7442993773867905
4.0,7.0,0.27263883796581717
24.0,36.0,1.300865411496301
7.0,7.0,0.20298981814225125
10.0,16.0,0.8427042026018539
9.0,13.0,0.6538226845671361
5.0,8.0,6.762390985182852
10.0,12.0,4.345617946542705
20.0,22.0,4.11241177805421
18.0,20.0,1.1033774937688996
27.0,36.0,2.0778264890883533
34.0,44.0,1.7442993773867905
5.0,7.0,0.27263883796581717
29.0,36.0,1.300865411496301
5.0,7.0,0.20298981814225125
12.0,16.0,0.8427042026018539
13.0,13.0,0.6538226845671361
8.0,8.0,6.762390985182852
10.0,12.0,4.345617946542705
19.0,22.0,4.11241177805421
19.0,20.0,1.1033774937688996
33.0,36.0,2.0778264890883533
39.0,44.0,1.7442993773867905
7.0,7.0,0.27263883796581717
32.0,36.0,1.300865411496301
7.0,7.0,0.20298981814225125
16.0,16.0,0.8427042026018539
11.0,13.0,0.6538226845671361
1.0,5.0,8.060324401375494
0.0,32.0,8.45057990874206
2.0,15.0,0.9300297155236865
0.0,14.0,0.6291454114295725
4.0,31.0,1.657732202809643
5.0,32.0,1.5824226026291752
1.0,10.0,0.6775746716833301
1.0,27.0,0.8870672648644351
3.0,17.0,0.8801552795965553
1.0,15.0,0.6544004900038783
3.0,14.0,0.7323115572162263
2.0,5.0,8.060324401375494
7.0,32.0,8.45057990874206
3.0,15.0,0.9300297155236865
2.0,14.0,0.6291454114295725
6.0,31.0,1.657732202809643
7.0,32.0,1.5824226026291752
2.0,10.0,0.6775746716833301
7.0,27.0,0.8870672648644351
5.0,17.0,0.8801552795965553
1.0,15.0,0.6544004900038783
3.0,14.0,0.7323115572162263
1.0,5.0,8.060324401375494
9.0,32.0,8.45057990874206
6.0,15.0,0.9300297155236865
4.0,14.0,0.6291454114295725
9.0,31.0,1.657732202809643
5.0,32.0,1.5824226026291752
3.0,10.0,0.6775746716833301
11.0,27.0,0.8870672648644351
5.0,17.0,0.8801552795965553
3.0,15.0,0.6544004900038783
5.0,14.0,0.7323115572162263
1.0,5.0,8.060324401375494
10.0,32.0,8.45057990874206
7.0,15.0,0.9300297155236865
4.0,14.0,0.6291454114295725
13.0,31.0,1.657732202809643
7.0,32.0,1.5824226026291752
8.0,10.0,0.6775746716833301
11.0,27.0,0.8870672648644351
8.0,17.0,0.8801552795965553
7.0,15.0,0.6544004900038783
4.0,14.0,0.7323115572162263
3.0,5.0,8.060324401375494
15.0,32.0,8.45057990874206
9.0,15.0,0.9300297155236865
7.0,14.0,0.6291454114295725
15.0,31.0,1.657732202809643
16.0,32.0,1.5824226026291752
5.0,10.0,0.6775746716833301
13.0,27.0,0.8870672648644351
6.0,17.0,0.8801552795965553
10.0,15.0,0.6544004900038783
10.0,14.0,0.7323115572162263
3.0,5.0,8.060324401375494
17.0,32.0,8.45057990874206
7.0,15.0,0.9300297155236865
11.0,14.0,0.6291454114295725
17.0,31.0,1.657732202809643
20.0,32.0,1.5824226026291752
9.0,10.0,0.6775746716833301
15.0,27.0,0.8870672648644351
8.0,17.0,0.8801552795965553
9.0,15.0,0.6544004900038783
7.0,14.0,0.7323115572162263
3.0,5.0,8.060324401375494
25.0,32.0,8.45057990874206
12.0,15.0,0.9300297155236865
10.0,14.0,0.6291454114295725
21.0,31.0,1.657732202809643
19.0,32.0,1.5824226026291752
6.0,10.0,0.6775746716833301
18.0,27.0,0.8870672648644351
12.0,17.0,0.8801552795965553
10.0,15.0,0.6544004900038783
12.0,14.0,0.7323115572162263
4.0,5.0,8.060324401375494
27.0,32.0,8.45057990874206
12.0,15.0,0.9300297155236865
11.0,14.0,0.6291454114295725
24.0,31.0,1.657732202809643
23.0,32.0,1.5824226026291752
8.0,10.0,0.6775746716833301
22.0,27.0,0.8870672648644351
9.0,17.0,0.8801552795965553
12.0,15.0,0.6544004900038783
9.0,14.0,0.7323115572162263
4.0,5.0,8.060324401375494
30.0,32.0,8.45057990874206
13.0,15.0,0.9300297155236865
11.0,14.0,0.6291454114295725
29.0,31.0,1.657732202809643
29.0,32.0,1.5824226026291752
9.0,10.0,0.6775746716833301
22.0,27.0,0.8870672648644351
15.0,17.0,0.8801552795965553
13.0,15.0,0.6544004900038783
14.0,14.0,0.7323115572162263
2.0,7.0,8.249400920815537
1.0,4.0,2.6076346840885303
1.0,5.0,1.6124030734035595
6.0,37.0,3.6684374046930843
3.0,15.0,0.9840657118938138
1.0,12.0,0.676208846644727
3.0,20.0,1.5093974728766226
8.0,86.0,3.9355630677135434
0.0,1.0,0.08297486072112113
6.0,54.0,1.706740111925387
6.0,45.0,1.0336567594123056
2.0,7.0,8.249400920815537
1.0,4.0,2.6076346840885303
1.0,5.0,1.6124030734035595
3.0,37.0,3.6684374046930843
5.0,15.0,0.9840657118938138
1.0,12.0,0.676208846644727
2.0,20.0,1.5093974728766226
18.0,86.0,3.9355630677135434
0.0,1.0,0.08297486072112113
13.0,54.0,1.706740111925387
5.0,45.0,1.0336567594123056
1.0,7.0,8.249400920815537
2.0,4.0,2.6076346840885303
2.0,5.0,1.6124030734035595
11.0,37.0,3.6684374046930843
4.0,15.0,0.9840657118938138
5.0,12.0,0.676208846644727
3.0,20.0,1.5093974728766226
32.0,86.0,3.9355630677135434
1.0,1.0,0.08297486072112113
17.0,54.0,1.706740111925387
15.0,45.0,1.0336567594123056
1.0,7.0,8.249400920815537
3.0,4.0,2.6076346840885303
2.0,5.0,1.6124030734035595
14.0,37.0,3.6684374046930843
4.0,15.0,0.9840657118938138
3.0,12.0,0.676208846644727
9.0,20.0,1.5093974728766226
37.0,86.0,3.9355630677135434
0.0,1.0,0.08297486072112113
25.0,54.0,1.706740111925387
20.0,45.0,1.0336567594123056
4.0,7.0,8.249400920815537
1.0,4.0,2.6076346840885303
3.0,5.0,1.6124030734035595
18.0,37.0,3.6684374046930843
7.0,15.0,0.9840657118938138
5.0,12.0,0.676208846644727
7.0,20.0,1.5093974728766226
43.0,86.0,3.9355630677135434
0.0,1.0,0.08297486072112113
24.0,54.0,1.706740111925387
23.0,45.0,1.0336567594123056
6.0,7.0,8.249400920815537
4.0,4.0,2.6076346840885303
2.0,5.0,1.6124030734035595
22.0,37.0,3.6684374046930843
12.0,15.0,0.9840657118938138
9.0,12.0,0.676208846644727
12.0,20.0,1.5093974728766226
59.0,86.0,3.9355630677135434
1.0,1.0,0.08297486072112113
34.0,54.0,1.706740111925387
27.0,45.0,1.0336567594123056
6.0,7.0,8.249400920815537
3.0,4.0,2.6076346840885303
2.0,5.0,1.6124030734035595
23.0,37.0,3.6684374046930843
11.0,15.0,0.9840657118938138
6.0,12.0,0.676208846644727
13.0,20.0,1.5093974728766226
61.0,86.0,3.9355630677135434
1.0,1.0,0.08297486072112113
34.0,54.0,1.706740111925387
27.0,45.0,1.0336567594123056
6.0,7.0,8.249400920815537
3.0,4.0,2.6076346840885303
3.0,5.0,1.6124030734035595
32.0,37.0,3.6684374046930843
11.0,15.0,0.9840657118938138
10.0,12.0,0.676208846644727
18.0,20.0,1.5093974728766226
69.0,86.0,3.9355630677135434
1.0,1.0,0.08297486072112113
37.0,54.0,1.706740111925387
41.0,45.0,1.0336567594123056
7.0,7.0,8.249400920815537
4.0,4.0,2.6076346840885303
3.0,5.0,1.6124030734035595
34.0,37.0,3.6684374046930843
15.0,15.0,0.9840657118938138
10.0,12.0,0.676208846644727
17.0,20.0,1.5093974728766226
78.0,86.0,3.9355630677135434
1.0,1.0,0.08297486072112113
48.0,54.0,1.706740111925387
41.0,45.0,1.0336567594123056
2.0,3.0,19.092268323991444
0.0,5.0,3.194168699228766
0.0,9.0,3.313933506342591
5.0,23.0,4.971493980394052
1.0,16.0,1.299822070998211
4.0,64.0,4.054141967463315
0.0,14.0,0.5440865083240614
7.0,46.0,1.8406332593870993
8.0,26.0,0.891606063420336
1.0,7.0,0.09217875947300058
2.0,30.0,1.3525837120619844
1.0,3.0,19.092268323991444
0.0,5.0,3.194168699228766
1.0,9.0,3.313933506342591
4.0,23.0,4.971493980394052
1.0,16.0,1.299822070998211
13.0,64.0,4.054141967463315
2.0,14.0,0.5440865083240614
9.0,46.0,1.8406332593870993
7.0,26.0,0.891606063420336
1.0,7.0,0.09217875947300058
6.0,30.0,1.3525837120619844
1.0,3.0,19.092268323991444
1.0,5.0,3.194168699228766
3.0,9.0,3.313933506342591
7.0,23.0,4.971493980394052
3.0,16.0,1.299822070998211
22.0,64.0,4.054141967463315
3.0,14.0,0.5440865083240614
18.0,46.0,1.8406332593870993
3.0,26.0,0.891606063420336
1.0,7.0,0.09217875947300058
10.0,30.0,1.3525837120619844
1.0,3.0,19.092268323991444
3.0,5.0,3.194168699228766
4.0,9.0,3.313933506342591
12.0,23.0,4.971493980394052
8.0,16.0,1.299822070998211
27.0,64.0,4.054141967463315
7.0,14.0,0.5440865083240614
23.0,46.0,1.8406332593870993
7.0,26.0,0.891606063420336
4.0,7.0,0.09217875947300058
11.0,30.0,1.3525837120619844
3.0,3.0,19.092268323991444
2.0,5.0,3.194168699228766
6.0,9.0,3.313933506342591
11.0,23.0,4.971493980394052
8.0,16.0,1.299822070998211
35.0,64.0,4.054141967463315
7.0,14.0,0.5440865083240614
20.0,46.0,1.8406332593870993
14.0,26.0,0.891606063420336
4.0,7.0,0.09217875947300058
13.0,30.0,1.3525837120619844
2.0,3.0,19.092268323991444
2.0,5.0,3.194168699228766
6.0,9.0,3.313933506342591
12.0,23.0,4.971493980394052
8.0,16.0,1.299822070998211
37.0,64.0,4.054141967463315
7.0,14.0,0.5440865083240614
29.0,46.0,1.8406332593870993
12.0,26.0,0.891606063420336
6.0,7.0,0.09217875947300058
21.0,30.0,1.3525837120619844
3.0,3.0,19.092268323991444
1.0,5.0,3.194168699228766
8.0,9.0,3.313933506342591
17.0,23.0,4.971493980394052
7.0,16.0,1.299822070998211
51.0,64.0,4.054141967463315
10.0,14.0,0.5440865083240614
29.0,46.0,1.8406332593870993
20.0,26.0,0.891606063420336
7.0,7.0,0.09217875947300058
18.0,30.0,1.3525837120619844
3.0,3.0,19.092268323991444
3.0,5.0,3.194168699228766
7.0,9.0,3.313933506342591
17.0,23.0,4.971493980394052
14.0,16.0,1.299822070998211
50.0,64.0,4.054141967463315
13.0,14.0,0.5440865083240614
36.0,46.0,1.8406332593870993
23.0,26.0,0.891606063420336
6.0,7.0,0.09217875947300058
24.0,30.0,1.3525837120619844
3.0,3.0,19.092268323991444
5.0,5.0,3.194168699228766
9.0,9.0,3.313933506342591
21.0,23.0,4.971493980394052
15.0,16.0,1.299822070998211
57.0,64.0,4.054141967463315
14.0,14.0,0.5440865083240614
38.0,46.0,1.8406332593870993
23.0,26.0,0.891606063420336
7.0,7.0,0.09217875947300058
26.0,30.0,1.3525837120619844
2.0,4.0,3.935093665742923
0.0,5.0,0.687834890044225
1.0,14.0,2.5773618063565604
1.0,3.0,0.8006199689383906
0.0,13.0,2.7666563054275644
1.0,14.0,2.1292073411747743
1.0,14.0,0.9677987913480326
2.0,31.0,1.9408698776503839
1.0,20.0,1.2013808697733663
4.0,74.0,2.9175989691085924
4.0,34.0,0.9924399120050716
2.0,4.0,3.935093665742923
1.0,5.0,0.687834890044225
4.0,14.0,2.5773618063565604
0.0,3.0,0.8006199689383906
2.0,13.0,2.7666563054275644
3.0,14.0,2.1292073411747743
2.0,14.0,0.9677987913480326
5.0,31.0,1.9408698776503839
4.0,20.0,1.2013808697733663
17.0,74.0,2.9175989691085924
8.0,34.0,0.9924399120050716
1.0,4.0,3.935093665742923
0.0,5.0,0.687834890044225
4.0,14.0,2.5773618063565604
1.0,3.0,0.8006199689383906
4.0,13.0,2.7666563054275644
5.0,14.0,2.1292073411747743
3.0,14.0,0.9677987913480326
10.0,31.0,1.9408698776503839
4.0,20.0,1.2013808697733663
17.0,74.0,2.9175989691085924
8.0,34.0,0.9924399120050716
1.0,4.0,3.935093665742923
2.0,5.0,0.687834890044225
7.0,14.0,2.5773618063565604
2.0,3.0,0.8006199689383906
5.0,13.0,2.7666563054275644
4.0,14.0,2.1292073411747743
6.0,14.0,0.9677987913480326
13.0,31.0,1.9408698776503839
4.0,20.0,1.2013808697733663
25.0,74.0,2.9175989691085924
16.0,34.0,0.9924399120050716
2.0,4.0,3.935093665742923
4.0,5.0,0.687834890044225
8.0,14.0,2.5773618063565604
2.0,3.0,0.8006199689383906
8.0,13.0,2.7666563054275644
7.0,14.0,2.1292073411747743
9.0,14.0,0.9677987913480326
17.0,31.0,1.9408698776503839
11.0,20.0,1.2013808697733663
32.0,74.0,2.9175989691085924
17.0,34.0,0.9924399120050716
1.0,4.0,3.935093665742923
4.0,5.0,0.687834890044225
7.0,14.0,2.5773618063565604
2.0,3.0,0.8006199689383906
9.0,13.0,2.7666563054275644
7.0,14.0,2.1292073411747743
7.0,14.0,0.9677987913480326
17.0,31.0,1.9408698776503839
13.0,20.0,1.2013808697733663
46.0,74.0,2.9175989691085924
15.0,34.0,0.9924399120050716
4.0,4.0,3.935093665742923
5.0,5.0,0.687834890044225
11.0,14.0,2.5773618063565604
2.0,3.0,0.8006199689383906
9.0,13.0,2.7666563054275644
13.0,14.0,2.1292073411747743
7.0,14.0,0.9677987913480326
20.0,31.0,1.9408698776503839
11.0,20.0,1.2013808697733663
51.0,74.0,2.9175989691085924
25.0,34.0,0.9924399120050716
4.0,4.0,3.935093665742923
5.0,5.0,0.687834890044225
12.0,14.0,2.5773618063565604
1.0,3.0,0.8006199689383906
9.0,13.0,2.7666563054275644
11.0,14.0,2.1292073411747743
12.0,14.0,0.9677987913480326
23.0,31.0,1.9408698776503839
16.0,20.0,1.2013808697733663
55.0,74.0,2.9175989691085924
26.0,34.0,0.9924399120050716
4.0,4.0,3.935093665742923
5.0,5.0,0.687834890044225
12.0,14.0,2.5773618063565604
3.0,3.0,0.8006199689383906
11.0,13.0,2.7666563054275644
14.0,14.0,2.1292073411747743
13.0,14.0,0.9677987913480326
29.0,31.0,1.9408698776503839
17.0,20.0,1.2013808697733663
66.0,74.0,2.9175989691085924
32.0,34.0,0.9924399120050716
1.0,3.0,4.575493649872602
1.0,2.0,1.545619725862053
0.0,7.0,1.8250511707139736
2.0,13.0,3.479382566999655
0.0,14.0,1.826685520694624
6.0,52.0,3.5305894397049356
1.0,40.0,1.2779303028823192
5.0,68.0,1.8157599515694895
12.0,99.0,2.067573613181535
1.0,22.0,0.38842889377564976
3.0,46.0,0.7050915442549595
2.0,3.0,4.575493649872602
0.0,2.0,1.545619725862053
2.0,7.0,1.8250511707139736
2.0,13.0,3.479382566999655
5.0,14.0,1.826685520694624
8.0,52.0,3.5305894397049356
3.0,40.0,1.2779303028823192
13.0,68.0,1.8157599515694895
14.0,99.0,2.067573613181535
4.0,22.0,0.38842889377564976
9.0,46.0,0.7050915442549595
3.0,3.0,4.575493649872602
1.0,2.0,1.545619725862053
2.0,7.0,1.8250511707139736
3.0,13.0,3.479382566999655
3.0,14.0,1.826685520694624
13.0,52.0,3.5305894397049356
11.0,40.0,1.2779303028823192
16.0,68.0,1.8157599515694895
28.0,99.0,2.067573613181535
6.0,22.0,0.38842889377564976
12.0,46.0,0.7050915442549595
2.0,3.0,4.575493649872602
1.0,2.0,1.545619725862053
3.0,7.0,1.8250511707139736
4.0,13.0,3.479382566999655
6.0,14.0,1.826685520694624
23.0,52.0,3.5305894397049356
15.0,40.0,1.2779303028823192
30.0,68.0,1.8157599515694895
40.0,99.0,2.067573613181535
6.0,22.0,0.38842889377564976
13.0,46.0,0.7050915442549595
2.0,3.0,4.575493649872602
1.0,2.0,1.545619725862053
5.0,7.0,1.8250511707139736
8.0,13.0,3.479382566999655
7.0,14.0,1.826685520694624
29.0,52.0,3.5305894397049356
18.0,40.0,1.2779303028823192
34.0,68.0,1.8157599515694895
50.0,99.0,2.067573613181535
11.0,22.0,0.38842889377564976
22.0,46.0,0.7050915442549595
1.0,3.0,4.575493649872602
1.0,2.0,1.545619725862053
2.0,7.0,1.8250511707139736
11.0,13.0,3.479382566999655
7.0,14.0,1.826685520694624
28.0,52.0,3.5305894397049356
26.0,40.0,1.2779303028823192
39.0,68.0,1.8157599515694895
62.0,99.0,2.067573613181535
13.0,22.0,0.38842889377564976
30.0,46.0,0.7050915442549595
1.0,3.0,4.575493649872602
2.0,2.0,1.545619725862053
5.0,7.0,1.8250511707139736
13.0,13.0,3.479382566999655
10.0,14.0,1.826685520694624
32.0,52.0,3.5305894397049356
27.0,40.0,1.2779303028823192
50.0,68.0,1.8157599515694895
70.0,99.0,2.067573613181535
14.0,22.0,0.38842889377564976
32.0,46.0,0.7050915442549595
3.0,3.0,4.575493649872602
2.0,2.0,1.545619725862053
7.0,7.0,1.8250511707139736
12.0,13.0,3.479382566999655
14.0,14.0,1.826685520694624
44.0,52.0,3.5305894397049356
27.0,40.0,1.2779303028823192
56.0,68.0,1.8157599515694895
82.0,99.0,2.067573613181535
17.0,22.0,0.38842889377564976
36.0,46.0,0.7050915442549595
3.0,3.0,4.575493649872602
2.0,2.0,1.545619725862053
7.0,7.0,1.8250511707139736
13.0,13.0,3.479382566999655
13.0,14.0,1.826685520694624
45.0,52.0,3.5305894397049356
36.0,40.0,1.2779303028823192
64.0,68.0,1.8157599515694895
94.0,99.0,2.067573613181535
20.0,22.0,0.38842889377564976
43.0,46.0,0.7050915442549595
1.0,6.0,5.706034400054237
0.0,11.0,3.242912265068254
1.0,4.0,0.34526656108590537
1.0,7.0,1.2611860634863274
1.0,11.0,1.2636744477124693
1.0,15.0,2.5968979078070444
2.0,33.0,2.44014908348683
2.0,29.0,1.5253228112588293
1.0,10.0,0.44536007166039443
11.0,81.0,4.065735133078684
2.0,8.0,0.2092613182431025
2.0,6.0,5.706034400054237
2.0,11.0,3.242912265068254
1.0,4.0,0.34526656108590537
1.0,7.0,1.2611860634863274
1.0,11.0,1.2636744477124693
4.0,15.0,2.5968979078070444
5.0,33.0,2.44014908348683
5.0,29.0,1.5253228112588293
3.0,10.0,0.44536007166039443
14.0,81.0,4.065735133078684
3.0,8.0,0.2092613182431025
1.0,6.0,5.706034400054237
3.0,11.0,3.242912265068254
0.0,4.0,0.34526656108590537
1.0,7.0,1.2611860634863274
8.0,11.0,1.2636744477124693
2.0,15.0,2.5968979078070444
8.0,33.0,2.44014908348683
7.0,29.0,1.5253228112588293
1.0,10.0,0.44536007166039443
24.0,81.0,4.065735133078684
1.0,8.0,0.2092613182431025
4.0,6.0,5.706034400054237
4.0,11.0,3.242912265068254
1.0,4.0,0.34526656108590537
2.0,7.0,1.2611860634863274
5.0,11.0,1.2636744477124693
6.0,15.0,2.5968979078070444
10.0,33.0,2.44014908348683
14.0,29.0,1.5253228112588293
3.0,10.0,0.44536007166039443
40.0,81.0,4.065735133078684
3.0,8.0,0.2092613182431025
4.0,6.0,5.706034400054237
6.0,11.0,3.242912265068254
1.0,4.0,0.34526656108590537
4.0,7.0,1.2611860634863274
4.0,11.0,1.2636744477124693
10.0,15.0,2.5968979078070444
13.0,33.0,2.44014908348683
13.0,29.0,1.5253228112588293
4.0,10.0,0.44536007166039443
44.0,81.0,4.065735133078684
3.0,8.0,0.2092613182431025
6.0,6.0,5.706034400054237
6.0,11.0,3.242912265068254
3.0,4.0,0.34526656108590537
5.0,7.0,1.2611860634863274
7.0,11.0,1.2636744477124693
10.0,15.0,2.5968979078070444
22.0,33.0,2.44014908348683
20.0,29.0,1.5253228112588293
4.0,10.0,0.44536007166039443
48.0,81.0,4.065735133078684
3.0,8.0,0.2092613182431025
4.0,6.0,5.706034400054237
9.0,11.0,3.242912265068254
4.0,4.0,0.34526656108590537
5.0,7.0,1.2611860634863274
7.0,11.0,1.2636744477124693
9.0,15.0,2.5968979078070444
25.0,33.0,2.44014908348683
20.0,29.0,1.5253228112588293
9.0,10.0,0.44536007166039443
59.0,81.0,4.065735133078684
5.0,8.0,0.2092613182431025
5.0,6.0,5.706034400054237
10.0,11.0,3.242912265068254
4.0,4.0,0.34526656108590537
5.0,7.0,1.2611860634863274
10.0,11.0,1.2636744477124693
13.0,15.0,2.5968979078070444
26.0,33.0,2.44014908348683
23.0,29.0,1.5253228112588293
6.0,10.0,0.44536007166039443
66.0,81.0,4.065735133078684
7.0,8.0,0.2092613182431025
6.0,6.0,5.706034400054237
9.0,11.0,3.242912265068254
1.0,4.0,0.34526656108590537
5.0,7.0,1.2611860634863274
10.0,11.0,1.2636744477124693
14.0,15.0,2.5968979078070444
28.0,33.0,2.44014908348683
26.0,29.0,1.5253228112588293
7.0,10.0,0.44536007166039443
67.0,81.0,4.065735133078684
8.0,8.0,0.2092613182431025
1.0,4.0,4.080884578180255
0.0,5.0,1.8250805652128619
1.0,10.0,1.9102672604081248
0.0,5.0,1.216724232128137
4.0,20.0,4.593014543576995
1.0,8.0,0.6403809961188857
6.0,23.0,2.446069491926629
1.0,18.0,1.0686513476841508
3.0,13.0,0.7764988473479545
3.0,31.0,2.33357084471825
1.0,28.0,1.3533156007079306
1.0,4.0,4.080884578180255
2.0,5.0,1.8250805652128619
3.0,10.0,1.9102672604081248
1.0,5.0,1.216724232128137
3.0,20.0,4.593014543576995
0.0,8.0,0.6403809961188857
7.0,23.0,2.446069491926629
4.0,18.0,1.0686513476841508
1.0,13.0,0.7764988473479545
9.0,31.0,2.33357084471825
3.0,28.0,1.3533156007079306
2.0,4.0,4.080884578180255
1.0,5.0,1.8250805652128619
5.0,10.0,1.9102672604081248
1.0,5.0,1.216724232128137
7.0,20.0,4.593014543576995
3.0,8.0,0.6403809961188857
8.0,23.0,2.446069491926629
6.0,18.0,1.0686513476841508
3.0,13.0,0.7764988473479545
6.0,31.0,2.33357084471825
10.0,28.0,1.3533156007079306
1.0,4.0,4.080884578180255
3.0,5.0,1.8250805652128619
5.0,10.0,1.9102672604081248
4.0,5.0,1.216724232128137
6.0,20.0,4.593014543576995
2.0,8.0,0.6403809961188857
9.0,23.0,2.446069491926629
6.0,18.0,1.0686513476841508
5.0,13.0,0.7764988473479545
14.0,31.0,2.33357084471825
11.0,28.0,1.3533156007079306
3.0,4.0,4.080884578180255
1.0,5.0,1.8250805652128619
7.0,10.0,1.9102672604081248
1.0,5.0,1.216724232128137
7.0,20.0,4.593014543576995
4.0,8.0,0.6403809961188857
13.0,23.0,2.446069491926629
8.0,18.0,1.0686513476841508
4.0,13.0,0.7764988473479545
15.0,31.0,2.33357084471825
15.0,28.0,1.3533156007079306
3.0,4.0,4.080884578180255
3.0,5.0,1.8250805652128619
9.0,10.0,1.9102672604081248
2.0,5.0,1.216724232128137
13.0,20.0,4.593014543576995
4.0,8.0,0.6403809961188857
15.0,23.0,2.446069491926629
12.0,18.0,1.0686513476841508
7.0,13.0,0.7764988473479545
19.0,31.0,2.33357084471825
17.0,28.0,1.3533156007079306
3.0,4.0,4.080884578180255
3.0,5.0,1.8250805652128619
9.0,10.0,1.9102672604081248
5.0,5.0,1.216724232128137
12.0,20.0,4.593014543576995
6.0,8.0,0.6403809961188857
16.0,23.0,2.446069491926629
13.0,18.0,1.0686513476841508
7.0,13.0,0.7764988473479545
26.0,31.0,2.33357084471825
17.0,28.0,1.3533156007079306
4.0,4.0,4.080884578180255
4.0,5.0,1.8250805652128619
8.0,10.0,1.9102672604081248
4.0,5.0,1.216724232128137
14.0,20.0,4.593014543576995
7.0,8.0,0.6403809961188857
18.0,23.0,2.446069491926629
12.0,18.0,1.0686513476841508
10.0,13.0,0.7764988473479545
23.0,31.0,2.33357084471825
23.0,28.0,1.3533156007079306
4.0,4.0,4.080884578180255
5.0,5.0,1.8250805652128619
10.0,10.0,1.9102672604081248
4.0,5.0,1.216724232128137
18.0,20.0,4.593014543576995
7.0,8.0,0.6403809961188857
22.0,23.0,2.446069491926629
15.0,18.0,1.0686513476841508
12.0,13.0,0.7764988473479545
29.0,31.0,2.33357084471825
26.0,28.0,1.3533156007079306
1.0,3.0,4.9283531747648635
2.0,11.0,6.749335261560375
5.0,28.0,4.039975498612431
2.0,10.0,0.8783043493452304
4.0,24.0,1.4048229610016516
11.0,106.0,4.845943117473366
8.0,85.0,1.9072851533291288
10.0,108.0,1.6077241250465288
12.0,99.0,1.1381868135719275
3.0,38.0,0.39679165134667993
2.0,37.0,0.47309588063696717
1.0,3.0,4.9283531747648635
2.0,11.0,6.749335261560375
7.0,28.0,4.039975498612431
2.0,10.0,0.8783043493452304
1.0,24.0,1.4048229610016516
11.0,106.0,4.845943117473366
22.0,85.0,1.9072851533291288
19.0,108.0,1.6077241250465288
17.0,99.0,1.1381868135719275
6.0,38.0,0.39679165134667993
7.0,37.0,0.47309588063696717
1.0,3.0,4.9283531747648635
4.0,11.0,6.749335261560375
9.0,28.0,4.039975498612431
2.0,10.0,0.8783043493452304
8.0,24.0,1.4048229610016516
25.0,106.0,4.845943117473366
26.0,85.0,1.9072851533291288
35.0,108.0,1.6077241250465288
28.0,99.0,1.1381868135719275
6.0,38.0,0.39679165134667993
18.0,37.0,0.47309588063696717
2.0,3.0,4.9283531747648635
4.0,11.0,6.749335261560375
14.0,28.0,4.039975498612431
1.0,10.0,0.8783043493452304
8.0,24.0,1.4048229610016516
38.0,106.0,4.845943117473366
35.0,85.0,1.9072851533291288
39.0,108.0,1.6077241250465288
42.0,99.0,1.1381868135719275
17.0,38.0,0.39679165134667993
13.0,37.0,0.47309588063696717
2.0,3.0,4.9283531747648635
3.0,11.0,6.749335261560375
19.0,28.0,4.039975498612431
6.0,10.0,0.8783043493452304
11.0,24.0,1.4048229610016516
50.0,106.0,4.845943117473366
42.0,85.0,1.9072851533291288
47.0,108.0,1.6077241250465288
57.0,99.0,1.1381868135719275
18.0,38.0,0.39679165134667993
20.0,37.0,0.47309588063696717
2.0,3.0,4.9283531747648635
9.0,11.0,6.749335261560375
17.0,28.0,4.039975498612431
4.0,10.0,0.8783043493452304
16.0,24.0,1.4048229610016516
58.0,106.0,4.845943117473366
50.0,85.0,1.9072851533291288
63.0,108.0,1.6077241250465288
64.0,99.0,1.1381868135719275
23.0,38.0,0.39679165134667993
24.0,37.0,0.47309588063696717
3.0,3.0,4.9283531747648635
8.0,11.0,6.749335261560375
16.0,28.0,4.039975498612431
6.0,10.0,0.8783043493452304
16.0,24.0,1.4048229610016516
76.0,106.0,4.845943117473366
53.0,85.0,1.9072851533291288
81.0,108.0,1.6077241250465288
68.0,99.0,1.1381868135719275
25.0,38.0,0.39679165134667993
23.0,37.0,0.47309588063696717
3.0,3.0,4.9283531747648635
9.0,11.0,6.749335261560375
18.0,28.0,4.039975498612431
9.0,10.0,0.8783043493452304
18.0,24.0,1.4048229610016516
76.0,106.0,4.845943117473366
69.0,85.0,1.9072851533291288
89.0,108.0,1.6077241250465288
77.0,99.0,1.1381868135719275
31.0,38.0,0.39679165134667993
33.0,37.0,0.47309588063696717
3.0,3.0,4.9283531747648635
11.0,11.0,6.749335261560375
27.0,28.0,4.039975498612431
9.0,10.0,0.8783043493452304
22.0,24.0,1.4048229610016516
98.0,106.0,4.845943117473366
78.0,85.0,1.9072851533291288
99.0,108.0,1.6077241250465288
89.0,99.0,1.1381868135719275
33.0,38.0,0.39679165134667993
33.0,37.0,0.47309588063696717
2.0,4.0,3.4471689244443167
1.0,6.0,1.8611959558614029
2.0,11.0,2.8671886455021296
1.0,3.0,0.8231277023809339
12.0,93.0,8.842061347163957
7.0,38.0,1.2869058462544842
5.0,18.0,0.5004526703971296
4.0,79.0,1.7343792959722353
1.0,9.0,0.11900119311817403
1.0,6.0,0.05003210680956312
1.0,27.0,1.4911952918260518
1.0,4.0,3.4471689244443167
0.0,6.0,1.8611959558614029
0.0,11.0,2.8671886455021296
2.0,3.0,0.8231277023809339
24.0,93.0,8.842061347163957
11.0,38.0,1.2869058462544842
8.0,18.0,0.5004526703971296
18.0,79.0,1.7343792959722353
3.0,9.0,0.11900119311817403
0.0,6.0,0.05003210680956312
4.0,27.0,1.4911952918260518
1.0,4.0,3.4471689244443167
2.0,6.0,1.8611959558614029
2.0,11.0,2.8671886455021296
0.0,3.0,0.8231277023809339
29.0,93.0,8.842061347163957
12.0,38.0,1.2869058462544842
4.0,18.0,0.5004526703971296
28.0,79.0,1.7343792959722353
2.0,9.0,0.11900119311817403
3.0,6.0,0.05003210680956312
8.0,27.0,1.4911952918260518
3.0,4.0,3.4471689244443167
5.0,6.0,1.8611959558614029
7.0,11.0,2.8671886455021296
1.0,3.0,0.8231277023809339
44.0,93.0,8.842061347163957
12.0,38.0,1.2869058462544842
9.0,18.0,0.5004526703971296
35.0,79.0,1.7343792959722353
1.0,9.0,0.11900119311817403
2.0,6.0,0.05003210680956312
11.0,27.0,1.4911952918260518
1.0,4.0,3.4471689244443167
3.0,6.0,1.8611959558614029
5.0,11.0,2.8671886455021296
1.0,3.0,0.8231277023809339
43.0,93.0,8.842061347163957
21.0,38.0,1.2869058462544842
8.0,18.0,0.5004526703971296
32.0,79.0,1.7343792959722353
3.0,9.0,0.11900119311817403
2.0,6.0,0.05003210680956312
11.0,27.0,1.4911952918260518
3.0,4.0,3.4471689244443167
3.0,6.0,1.8611959558614029
6.0,11.0,2.8671886455021296
1.0,3.0,0.8231277023809339
48.0,93.0,8.842061347163957
22.0,38.0,1.2869058462544842
10.0,18.0,0.5004526703971296
42.0,79.0,1.7343792959722353
2.0,9.0,0.11900119311817403
2.0,6.0,0.05003210680956312
15.0,27.0,1.4911952918260518
3.0,4.0,3.4471689244443167
5.0,6.0,1.8611959558614029
10.0,11.0,2.8671886455021296
3.0,3.0,0.8231277023809339
67.0,93.0,8.842061347163957
30.0,38.0,1.2869058462544842
17.0,18.0,0.5004526703971296
62.0,79.0,1.7343792959722353
8.0,9.0,0.11900119311817403
3.0,6.0,0.05003210680956312
18.0,27.0,1.4911952918260518
4.0,4.0,3.4471689244443167
5.0,6.0,1.8611959558614029
8.0,11.0,2.8671886455021296
3.0,3.0,0.8231277023809339
78.0,93.0,8.842061347163957
31.0,38.0,1.2869058462544842
17.0,18.0,0.5004526703971296
63.0,79.0,1.7343792959722353
6.0,9.0,0.11900119311817403
6.0,6.0,0.05003210680956312
25.0,27.0,1.4911952918260518
4.0,4.0,3.4471689244443167
6.0,6.0,1.8611959558614029
10.0,11.0,2.8671886455021296
3.0,3.0,0.8231277023809339
82.0,93.0,8.842061347163957
36.0,38.0,1.2869058462544842
15.0,18.0,0.5004526703971296
72.0,79.0,1.7343792959722353
9.0,9.0,0.11900119311817403
6.0,6.0,0.05003210680956312
24.0,27.0,1.4911952918260518
1.0,1.0,2.90198492001161
1.0,6.0,5.920140803883242
0.0,2.0,0.48583450920451393
2.0,15.0,4.483684671970119
2.0,11.0,2.143249093992502
2.0,13.0,1.1139736046468234
1.0,11.0,1.1286502128058267
1.0,15.0,1.4569280446310398
4.0,41.0,3.010989642865481
1.0,33.0,1.1493576086947548
3.0,21.0,0.7620347135482567
1.0,1.0,2.90198492001161
1.0,6.0,5.920140803883242
0.0,2.0,0.48583450920451393
3.0,15.0,4.483684671970119
5.0,11.0,2.143249093992502
5.0,13.0,1.1139736046468234
5.0,11.0,1.1286502128058267
2.0,15.0,1.4569280446310398
6.0,41.0,3.010989642865481
10.0,33.0,1.1493576086947548
6.0,21.0,0.7620347135482567
1.0,1.0,2.90198492001161
1.0,6.0,5.920140803883242
2.0,2.0,0.48583450920451393
6.0,15.0,4.483684671970119
1.0,11.0,2.143249093992502
4.0,13.0,1.1139736046468234
4.0,11.0,1.1286502128058267
3.0,15.0,1.4569280446310398
9.0,41.0,3.010989642865481
6.0,33.0,1.1493576086947548
6.0,21.0,0.7620347135482567
1.0,1.0,2.90198492001161
2.0,6.0,5.920140803883242
2.0,2.0,0.48583450920451393
7.0,15.0,4.483684671970119
6.0,11.0,2.143249093992502
5.0,13.0,1.1139736046468234
4.0,11.0,1.1286502128058267
2.0,15.0,1.4569280446310398
18.0,41.0,3.010989642865481
11.0,33.0,1.1493576086947548
8.0,21.0,0.7620347135482567
1.0,1.0,2.90198492001161
4.0,6.0,5.920140803883242
1.0,2.0,0.48583450920451393
6.0,15.0,4.483684671970119
2.0,11.0,2.143249093992502
7.0,13.0,1.1139736046468234
7.0,11.0,1.1286502128058267
6.0,15.0,1.4569280446310398
20.0,41.0,3.010989642865481
16.0,33.0,1.1493576086947548
13.0,21.0,0.7620347135482567
1.0,1.0,2.90198492001161
4.0,6.0,5.920140803883242
0.0,2.0,0.48583450920451393
9.0,15.0,4.483684671970119
5.0,11.0,2.143249093992502
8.0,13.0,1.1139736046468234
5.0,11.0,1.1286502128058267
12.0,15.0,1.4569280446310398
21.0,41.0,3.010989642865481
19.0,33.0,1.1493576086947548
12.0,21.0,0.7620347135482567
1.0,1.0,2.90198492001161
5.0,6.0,5.920140803883242
2.0,2.0,0.48583450920451393
13.0,15.0,4.483684671970119
9.0,11.0,2.143249093992502
8.0,13.0,1.1139736046468234
8.0,11.0,1.1286502128058267
10.0,15.0,1.4569280446310398
29.0,41.0,3.010989642865481
26.0,33.0,1.1493576086947548
14.0,21.0,0.7620347135482567
1.0,1.0,2.90198492001161
3.0,6.0,5.920140803883242
2.0,2.0,0.48583450920451393
14.0,15.0,4.483684671970119
8.0,11.0,2.143249093992502
11.0,13.0,1.1139736046468234
8.0,11.0,1.1286502128058267
11.0,15.0,1.4569280446310398
31.0,41.0,3.010989642865481
28.0,33.0,1.1493576086947548
15.0,21.0,0.7620347135482567
1.0,1.0,2.90198492001161
6.0,6.0,5.920140803883242
2.0,2.0,0.48583450920451393
12.0,15.0,4.483684671970119
11.0,11.0,2.143249093992502
12.0,13.0,1.1139736046468234
11.0,11.0,1.1286502128058267
13.0,15.0,1.4569280446310398
35.0,41.0,3.010989642865481
29.0,33.0,1.1493576086947548
19.0,21.0,0.7620347135482567
1.0,5.0,2.884072807158046
2.0,8.0,5.098894004504667
0.0,4.0,0.8107261645520941
1.0,5.0,1.4666418133411
6.0,41.0,7.805245902207511
0.0,18.0,1.4165130304578804
10.0,101.0,4.075517780201448
0.0,12.0,0.2560096649245071
1.0,37.0,0.8777671443931978
7.0,61.0,1.5361047743287055
2.0,28.0,0.639000923049906
1.0,5.0,2.884072807158046
2.0,8.0,5.098894004504667
1.0,4.0,0.8107261645520941
2.0,5.0,1.4666418133411
8.0,41.0,7.805245902207511
5.0,18.0,1.4165130304578804
14.0,101.0,4.075517780201448
3.0,12.0,0.2560096649245071
7.0,37.0,0.8777671443931978
12.0,61.0,1.5361047743287055
3.0,28.0,0.639000923049906
4.0,5.0,2.884072807158046
1.0,8.0,5.098894004504667
2.0,4.0,0.8107261645520941
3.0,5.0,1.4666418133411
11.0,41.0,7.805245902207511
6.0,18.0,1.4165130304578804
34.0,101.0,4.075517780201448
3.0,12.0,0.2560096649245071
11.0,37.0,0.8777671443931978
28.0,61.0,1.5361047743287055
4.0,28.0,0.639000923049906
3.0,5.0,2.884072807158046
3.0,8.0,5.098894004504667
2.0,4.0,0.8107261645520941
2.0,5.0,1.4666418133411
18.0,41.0,7.805245902207511
5.0,18.0,1.4165130304578804
39.0,101.0,4.075517780201448
4.0,12.0,0.2560096649245071
17.0,37.0,0.8777671443931978
28.0,61.0,1.5361047743287055
12.0,28.0,0.639000923049906
3.0,5.0,2.884072807158046
6.0,8.0,5.098894004504667
1.0,4.0,0.8107261645520941
5.0,5.0,1.4666418133411
19.0,41.0,7.805245902207511
7.0,18.0,1.4165130304578804
42.0,101.0,4.075517780201448
7.0,12.0,0.2560096649245071
22.0,37.0,0.8777671443931978
34.0,61.0,1.5361047743287055
14.0,28.0,0.639000923049906
3.0,5.0,2.884072807158046
5.0,8.0,5.098894004504667
2.0,4.0,0.8107261645520941
4.0,5.0,1.4666418133411
27.0,41.0,7.805245902207511
11.0,18.0,1.4165130304578804
65.0,101.0,4.075517780201448
9.0,12.0,0.2560096649245071
23.0,37.0,0.8777671443931978
38.0,61.0,1.5361047743287055
17.0,28.0,0.639000923049906
4.0,5.0,2.884072807158046
5.0,8.0,5.098894004504667
2.0,4.0,0.8107261645520941
4.0,5.0,1.4666418133411
26.0,41.0,7.805245902207511
11.0,18.0,1.4165130304578804
67.0,101.0,4.075517780201448
7.0,12.0,0.2560096649245071
30.0,37.0,0.8777671443931978
45.0,61.0,1.5361047743287055
18.0,28.0,0.639000923049906
5.0,5.0,2.884072807158046
7.0,8.0,5.098894004504667
2.0,4.0,0.8107261645520941
4.0,5.0,1.4666418133411
30.0,41.0,7.805245902207511
15.0,18.0,1.4165130304578804
78.0,101.0,4.075517780201448
9.0,12.0,0.2560096649245071
29.0,37.0,0.8777671443931978
43.0,61.0,1.5361047743287055
26.0,28.0,0.639000923049906
5.0,5.0,2.884072807158046
5.0,8.0,5.098894004504667
4.0,4.0,0.8107261645520941
5.0,5.0,1.4666418133411
37.0,41.0,7.805245902207511
13.0,18.0,1.4165130304578804
91.0,101.0,4.075517780201448
11.0,12.0,0.2560096649245071
27.0,37.0,0.8777671443931978
54.0,61.0,1.5361047743287055
27.0,28.0,0.639000923049906
2.0,3.0,5.4002179339930505
0.0,9.0,3.8475112963451235
3.0,25.0,4.227639023890807
8.0,63.0,4.467881958653783
1.0,39.0,1.6034174538514356
2.0,28.0,0.9401740524585095
1.0,4.0,0.14460846162358026
0.0,5.0,0.13269168936137926
1.0,13.0,0.7833447232887502
3.0,11.0,0.8573523217977269
2.0,9.0,0.6902158748148141
2.0,3.0,5.4002179339930505
2.0,9.0,3.8475112963451235
4.0,25.0,4.227639023890807
15.0,63.0,4.467881958653783
5.0,39.0,1.6034174538514356
3.0,28.0,0.9401740524585095
1.0,4.0,0.14460846162358026
1.0,5.0,0.13269168936137926
2.0,13.0,0.7833447232887502
1.0,11.0,0.8573523217977269
5.0,9.0,0.6902158748148141
2.0,3.0,5.4002179339930505
1.0,9.0,3.8475112963451235
8.0,25.0,4.227639023890807
17.0,63.0,4.467881958653783
14.0,39.0,1.6034174538514356
8.0,28.0,0.9401740524585095
0.0,4.0,0.14460846162358026
3.0,5.0,0.13269168936137926
7.0,13.0,0.7833447232887502
3.0,11.0,0.8573523217977269
2.0,9.0,0.6902158748148141
3.0,3.0,5.4002179339930505
2.0,9.0,3.8475112963451235
10.0,25.0,4.227639023890807
20.0,63.0,4.467881958653783
15.0,39.0,1.6034174538514356
8.0,28.0,0.9401740524585095
2.0,4.0,0.14460846162358026
2.0,5.0,0.13269168936137926
4.0,13.0,0.7833447232887502
5.0,11.0,0.8573523217977269
4.0,9.0,0.6902158748148141
2.0,3.0,5.4002179339930505
5.0,9.0,3.8475112963451235
10.0,25.0,4.227639023890807
33.0,63.0,4.467881958653783
19.0,39.0,1.6034174538514356
18.0,28.0,0.9401740524585095
3.0,4.0,0.14460846162358026
2.0,5.0,0.13269168936137926
3.0,13.0,0.7833447232887502
6.0,11.0,0.8573523217977269
5.0,9.0,0.6902158748148141
1.0,3.0,5.4002179339930505
5.0,9.0,3.8475112963451235
16.0,25.0,4.227639023890807
38.0,63.0,4.467881958653783
31.0,39.0,1.6034174538514356
10.0,28.0,0.9401740524585095
2.0,4.0,0.14460846162358026
2.0,5.0,0.13269168936137926
8.0,13.0,0.7833447232887502
6.0,11.0,0.8573523217977269
5.0,9.0,0.6902158748148141
2.0,3.0,5.4002179339930505
8.0,9.0,3.8475112963451235
18.0,25.0,4.227639023890807
42.0,63.0,4.467881958653783
24.0,39.0,1.6034174538514356
16.0,28.0,0.9401740524585095
2.0,4.0,0.14460846162358026
3.0,5.0,0.13269168936137926
8.0,13.0,0.7833447232887502
8.0,11.0,0.8573523217977269
7.0,9.0,0.6902158748148141
2.0,3.0,5.4002179339930505
9.0,9.0,3.8475112963451235
20.0,25.0,4.227639023890807
55.0,63.0,4.467881958653783
30.0,39.0,1.6034174538514356
25.0,28.0,0.9401740524585095
4.0,4.0,0.14460846162358026
5.0,5.0,0.13269168936137926
8.0,13.0,0.7833447232887502
7.0,11.0,0.8573523217977269
9.0,9.0,0.6902158748148141
2.0,3.0,5.4002179339930505
9.0,9.0,3.8475112963451235
25.0,25.0,4.227639023890807
59.0,63.0,4.467881958653783
32.0,39.0,1.6034174538514356
27.0,28.0,0.9401740524585095
4.0,4.0,0.14460846162358026
4.0,5.0,0.13269168936137926
11.0,13.0,0.7833447232887502
10.0,11.0,0.8573523217977269
6.0,9.0,0.6902158748148141
1.0,6.0,8.187825911496837
1.0,28.0,7.790647201963918
3.0,21.0,2.010985044843598
2.0,22.0,1.0559643889855235
0.0,3.0,0.10697777340866974
1.0,9.0,0.730953726642588
4.0,36.0,2.312407607148405
1.0,22.0,1.0694855214104968
1.0,21.0,0.8169385751087527
2.0,33.0,1.898419687208547
4.0,39.0,1.4248041618943939
1.0,6.0,8.187825911496837
7.0,28.0,7.790647201963918
5.0,21.0,2.010985044843598
3.0,22.0,1.0559643889855235
0.0,3.0,0.10697777340866974
1.0,9.0,0.730953726642588
7.0,36.0,2.312407607148405
2.0,22.0,1.0694855214104968
4.0,21.0,0.8169385751087527
4.0,33.0,1.898419687208547
5.0,39.0,1.4248041618943939
2.0,6.0,8.187825911496837
8.0,28.0,7.790647201963918
12.0,21.0,2.010985044843598
5.0,22.0,1.0559643889855235
0.0,3.0,0.10697777340866974
3.0,9.0,0.730953726642588
10.0,36.0,2.312407607148405
5.0,22.0,1.0694855214104968
9.0,21.0,0.8169385751087527
9.0,33.0,1.898419687208547
11.0,39.0,1.4248041618943939
4.0,6.0,8.187825911496837
13.0,28.0,7.790647201963918
6.0,21.0,2.010985044843598
12.0,22.0,1.0559643889855235
2.0,3.0,0.10697777340866974
5.0,9.0,0.730953726642588
16.0,36.0,2.312407607148405
8.0,22.0,1.0694855214104968
14.0,21.0,0.8169385751087527
19.0,33.0,1.898419687208547
15.0,39.0,1.4248041618943939
3.0,6.0,8.187825911496837
15.0,28.0,7.790647201963918
8.0,21.0,2.010985044843598
10.0,22.0,1.0559643889855235
1.0,3.0,0.10697777340866974
5.0,9.0,0.730953726642588
19.0,36.0,2.312407607148405
11.0,22.0,1.0694855214104968
12.0,21.0,0.8169385751087527
23.0,33.0,1.898419687208547
18.0,39.0,1.4248041618943939
4.0,6.0,8.187825911496837
18.0,28.0,7.790647201963918
11.0,21.0,2.010985044843598
11.0,22.0,1.0559643889855235
0.0,3.0,0.10697777340866974
6.0,9.0,0.730953726642588
18.0,36.0,2.312407607148405
10.0,22.0,1.0694855214104968
12.0,21.0,0.8169385751087527
21.0,33.0,1.898419687208547
25.0,39.0,1.4248041618943939
6.0,6.0,8.187825911496837
19.0,28.0,7.790647201963918
13.0,21.0,2.010985044843598
19.0,22.0,1.0559643889855235
2.0,3.0,0.10697777340866974
6.0,9.0,0.730953726642588
23.0,36.0,2.312407607148405
18.0,22.0,1.0694855214104968
13.0,21.0,0.8169385751087527
25.0,33.0,1.898419687208547
25.0,39.0,1.4248041618943939
2.0,6.0,8.187825911496837
23.0,28.0,7.790647201963918
17.0,21.0,2.010985044843598
18.0,22.0,1.0559643889855235
2.0,3.0,0.10697777340866974
8.0,9.0,0.730953726642588
27.0,36.0,2.312407607148405
19.0,22.0,1.0694855214104968
17.0,21.0,0.8169385751087527
26.0,33.0,1.898419687208547
26.0,39.0,1.4248041618943939
4.0,6.0,8.187825911496837
25.0,28.0,7.790647201963918
18.0,21.0,2.010985044843598
20.0,22.0,1.0559643889855235
3.0,3.0,0.10697777340866974
9.0,9.0,0.730953726642588
31.0,36.0,2.312407607148405
21.0,22.0,1.0694855214104968
18.0,21.0,0.8169385751087527
28.0,33.0,1.898419687208547
37.0,39.0,1.4248041618943939
1.0,4.0,0.8216362429963044
0.0,7.0,6.104440051468171
1.0,22.0,3.697246079111446
0.0,15.0,0.8812066524322547
2.0,17.0,1.098192671099183
2.0,10.0,0.9086610151619839
2.0,6.0,0.40816312774356467
0.0,20.0,1.2946444156167063
2.0,27.0,1.904125002125125
2.0,11.0,0.4893809391145567
0.0,17.0,0.9480832178927858
1.0,4.0,0.8216362429963044
4.0,7.0,6.104440051468171
7.0,22.0,3.697246079111446
4.0,15.0,0.8812066524322547
4.0,17.0,1.098192671099183
1.0,10.0,0.9086610151619839
2.0,6.0,0.40816312774356467
7.0,20.0,1.2946444156167063
7.0,27.0,1.904125002125125
1.0,11.0,0.4893809391145567
5.0,17.0,0.9480832178927858
1.0,4.0,0.8216362429963044
1.0,7.0,6.104440051468171
5.0,22.0,3.697246079111446
3.0,15.0,0.8812066524322547
6.0,17.0,1.098192671099183
3.0,10.0,0.9086610151619839
1.0,6.0,0.40816312774356467
7.0,20.0,1.2946444156167063
8.0,27.0,1.904125002125125
3.0,11.0,0.4893809391145567
6.0,17.0,0.9480832178927858
2.0,4.0,0.8216362429963044
2.0,7.0,6.104440051468171
6.0,22.0,3.697246079111446
5.0,15.0,0.8812066524322547
6.0,17.0,1.098192671099183
2.0,10.0,0.9086610151619839
2.0,6.0,0.40816312774356467
9.0,20.0,1.2946444156167063
12.0,27.0,1.904125002125125
6.0,11.0,0.4893809391145567
7.0,17.0,0.9480832178927858
1.0,4.0,0.8216362429963044
4.0,7.0,6.104440051468171
13.0,22.0,3.697246079111446
5.0,15.0,0.8812066524322547
5.0,17.0,1.098192671099183
4.0,10.0,0.9086610151619839
2.0,6.0,0.40816312774356467
11.0,20.0,1.2946444156167063
12.0,27.0,1.904125002125125
6.0,11.0,0.4893809391145567
7.0,17.0,0.9480832178927858
3.0,4.0,0.8216362429963044
5.0,7.0,6.104440051468171
14.0,22.0,3.697246079111446
9.0,15.0,0.8812066524322547
9.0,17.0,1.098192671099183
5.0,10.0,0.9086610151619839
3.0,6.0,0.40816312774356467
10.0,20.0,1.2946444156167063
17.0,27.0,1.904125002125125
5.0,11.0,0.4893809391145567
9.0,17.0,0.9480832178927858
3.0,4.0,0.8216362429963044
4.0,7.0,6.104440051468171
14.0,22.0,3.697246079111446
8.0,15.0,0.8812066524322547
10.0,17.0,1.098192671099183
6.0,10.0,0.9086610151619839
3.0,6.0,0.40816312774356467
11.0,20.0,1.2946444156167063
17.0,27.0,1.904125002125125
6.0,11.0,0.4893809391145567
10.0,17.0,0.9480832178927858
4.0,4.0,0.8216362429963044
7.0,7.0,6.104440051468171
16.0,22.0,3.697246079111446
11.0,15.0,0.8812066524322547
15.0,17.0,1.098192671099183
8.0,10.0,0.9086610151619839
5.0,6.0,0.40816312774356467
18.0,20.0,1.2946444156167063
24.0,27.0,1.904125002125125
7.0,11.0,0.4893809391145567
13.0,17.0,0.9480832178927858
4.0,4.0,0.8216362429963044
7.0,7.0,6.104440051468171
18.0,22.0,3.697246079111446
13.0,15.0,0.8812066524322547
15.0,17.0,1.098192671099183
10.0,10.0,0.9086610151619839
5.0,6.0,0.40816312774356467
19.0,20.0,1.2946444156167063
24.0,27.0,1.904125002125125
10.0,11.0,0.4893809391145567
16.0,17.0,0.9480832178927858
1.0,2.0,0.5671646644808336
0.0,8.0,6.687047636345283
1.0,3.0,0.918871870036603
0.0,8.0,0.8848407503167063
1.0,15.0,2.451702115112723
2.0,25.0,2.941920050630158
0.0,9.0,0.7120812994522596
2.0,18.0,1.0637697449300123
2.0,33.0,2.3068397270811216
1.0,24.0,0.8962435350182977
3.0,30.0,1.0953982420735051
1.0,2.0,0.5671646644808336
1.0,8.0,6.687047636345283
1.0,3.0,0.918871870036603
2.0,8.0,0.8848407503167063
3.0,15.0,2.451702115112723
5.0,25.0,2.941920050630158
0.0,9.0,0.7120812994522596
5.0,18.0,1.0637697449300123
3.0,33.0,2.3068397270811216
5.0,24.0,0.8962435350182977
7.0,30.0,1.0953982420735051
1.0,2.0,0.5671646644808336
2.0,8.0,6.687047636345283
1.0,3.0,0.918871870036603
2.0,8.0,0.8848407503167063
2.0,15.0,2.451702115112723
4.0,25.0,2.941920050630158
1.0,9.0,0.7120812994522596
4.0,18.0,1.0637697449300123
9.0,33.0,2.3068397270811216
7.0,24.0,0.8962435350182977
8.0,30.0,1.0953982420735051
1.0,2.0,0.5671646644808336
4.0,8.0,6.687047636345283
2.0,3.0,0.918871870036603
3.0,8.0,0.8848407503167063
5.0,15.0,2.451702115112723
8.0,25.0,2.941920050630158
2.0,9.0,0.7120812994522596
5.0,18.0,1.0637697449300123
15.0,33.0,2.3068397270811216
7.0,24.0,0.8962435350182977
13.0,30.0,1.0953982420735051
1.0,2.0,0.5671646644808336
3.0,8.0,6.687047636345283
2.0,3.0,0.918871870036603
3.0,8.0,0.8848407503167063
7.0,15.0,2.451702115112723
11.0,25.0,2.941920050630158
4.0,9.0,0.7120812994522596
12.0,18.0,1.0637697449300123
13.0,33.0,2.3068397270811216
16.0,24.0,0.8962435350182977
12.0,30.0,1.0953982420735051
1.0,2.0,0.5671646644808336
7.0,8.0,6.687047636345283
2.0,3.0,0.918871870036603
3.0,8.0,0.8848407503167063
12.0,15.0,2.451702115112723
13.0,25.0,2.941920050630158
7.0,9.0,0.7120812994522596
12.0,18.0,1.0637697449300123
24.0,33.0,2.3068397270811216
12.0,24.0,0.8962435350182977
17.0,30.0,1.0953982420735051
2.0,2.0,0.5671646644808336
5.0,8.0,6.687047636345283
2.0,3.0,0.918871870036603
4.0,8.0,0.8848407503167063
13.0,15.0,2.451702115112723
20.0,25.0,2.941920050630158
5.0,9.0,0.7120812994522596
10.0,18.0,1.0637697449300123
25.0,33.0,2.3068397270811216
16.0,24.0,0.8962435350182977
18.0,30.0,1.0953982420735051
2.0,2.0,0.5671646644808336
4.0,8.0,6.687047636345283
2.0,3.0,0.918871870036603
6.0,8.0,0.8848407503167063
12.0,15.0,2.451702115112723
22.0,25.0,2.941920050630158
6.0,9.0,0.7120812994522596
15.0,18.0,1.0637697449300123
27.0,33.0,2.3068397270811216
18.0,24.0,0.8962435350182977
24.0,30.0,1.0953982420735051
1.0,2.0,0.5671646644808336
7.0,8.0,6.687047636345283
3.0,3.0,0.918871870036603
8.0,8.0,0.8848407503167063
11.0,15.0,2.451702115112723
21.0,25.0,2.941920050630158
9.0,9.0,0.7120812994522596
17.0,18.0,1.0637697449300123
31.0,33.0,2.3068397270811216
24.0,24.0,0.8962435350182977
26.0,30.0,1.0953982420735051
1.0,2.0,2.8838227779840935
2.0,10.0,4.869131253472788
0.0,1.0,0.7764161109062752
1.0,14.0,4.574478483929058
1.0,7.0,1.0610372182690775
2.0,12.0,1.2582665469225414
8.0,32.0,2.99780862874798
1.0,8.0,0.5087029909660638
3.0,58.0,3.9124014071245505
5.0,62.0,2.0722074874015473
4.0,40.0,0.9251685678226992
1.0,2.0,2.8838227779840935
2.0,10.0,4.869131253472788
1.0,1.0,0.7764161109062752
3.0,14.0,4.574478483929058
2.0,7.0,1.0610372182690775
2.0,12.0,1.2582665469225414
6.0,32.0,2.99780862874798
1.0,8.0,0.5087029909660638
14.0,58.0,3.9124014071245505
12.0,62.0,2.0722074874015473
12.0,40.0,0.9251685678226992
1.0,2.0,2.8838227779840935
2.0,10.0,4.869131253472788
0.0,1.0,0.7764161109062752
3.0,14.0,4.574478483929058
3.0,7.0,1.0610372182690775
6.0,12.0,1.2582665469225414
12.0,32.0,2.99780862874798
1.0,8.0,0.5087029909660638
15.0,58.0,3.9124014071245505
19.0,62.0,2.0722074874015473
10.0,40.0,0.9251685678226992
2.0,2.0,2.8838227779840935
6.0,10.0,4.869131253472788
1.0,1.0,0.7764161109062752
11.0,14.0,4.574478483929058
2.0,7.0,1.0610372182690775
5.0,12.0,1.2582665469225414
13.0,32.0,2.99780862874798
4.0,8.0,0.5087029909660638
25.0,58.0,3.9124014071245505
29.0,62.0,2.0722074874015473
17.0,40.0,0.9251685678226992
1.0,2.0,2.8838227779840935
6.0,10.0,4.869131253472788
1.0,1.0,0.7764161109062752
8.0,14.0,4.574478483929058
4.0,7.0,1.0610372182690775
4.0,12.0,1.2582665469225414
15.0,32.0,2.99780862874798
4.0,8.0,0.5087029909660638
24.0,58.0,3.9124014071245505
24.0,62.0,2.0722074874015473
18.0,40.0,0.9251685678226992
1.0,2.0,2.8838227779840935
6.0,10.0,4.869131253472788
1.0,1.0,0.7764161109062752
9.0,14.0,4.574478483929058
2.0,7.0,1.0610372182690775
6.0,12.0,1.2582665469225414
18.0,32.0,2.99780862874798
5.0,8.0,0.5087029909660638
37.0,58.0,3.9124014071245505
43.0,62.0,2.0722074874015473
27.0,40.0,0.9251685678226992
2.0,2.0,2.8838227779840935
6.0,10.0,4.869131253472788
1.0,1.0,0.7764161109062752
12.0,14.0,4.574478483929058
5.0,7.0,1.0610372182690775
8.0,12.0,1.2582665469225414
24.0,32.0,2.99780862874798
6.0,8.0,0.5087029909660638
47.0,58.0,3.9124014071245505
43.0,62.0,2.0722074874015473
30.0,40.0,0.9251685678226992
1.0,2.0,2.8838227779840935
9.0,10.0,4.869131253472788
0.0,1.0,0.7764161109062752
13.0,14.0,4.574478483929058
7.0,7.0,1.0610372182690775
8.0,12.0,1.2582665469225414
28.0,32.0,2.99780862874798
5.0,8.0,0.5087029909660638
39.0,58.0,3.9124014071245505
45.0,62.0,2.0722074874015473
33.0,40.0,0.9251685678226992
2.0,2.0,2.8838227779840935
9.0,10.0,4.869131253472788
0.0,1.0,0.7764161109062752
14.0,14.0,4.574478483929058
7.0,7.0,1.0610372182690775
11.0,12.0,1.2582665469225414
25.0,32.0,2.99780862874798
8.0,8.0,0.5087029909660638
50.0,58.0,3.9124014071245505
61.0,62.0,2.0722074874015473
38.0,40.0,0.9251685678226992
1.0,5.0,11.347108523184348
0.0,5.0,3.1091717541868054
0.0,3.0,1.0614418655618505
1.0,10.0,0.8995067671543364
6.0,48.0,5.817320985941451
0.0,6.0,0.3811675268374982
5.0,29.0,1.425748331009523
7.0,45.0,2.0198269238417406
1.0,14.0,0.6474650520716707
2.0,11.0,0.6982741770185327
5.0,25.0,1.2961358970396715
1.0,5.0,11.347108523184348
2.0,5.0,3.1091717541868054
1.0,3.0,1.0614418655618505
2.0,10.0,0.8995067671543364
7.0,48.0,5.817320985941451
2.0,6.0,0.3811675268374982
6.0,29.0,1.425748331009523
9.0,45.0,2.0198269238417406
2.0,14.0,0.6474650520716707
1.0,11.0,0.6982741770185327
7.0,25.0,1.2961358970396715
2.0,5.0,11.347108523184348
2.0,5.0,3.1091717541868054
1.0,3.0,1.0614418655618505
3.0,10.0,0.8995067671543364
18.0,48.0,5.817320985941451
2.0,6.0,0.3811675268374982
4.0,29.0,1.425748331009523
13.0,45.0,2.0198269238417406
5.0,14.0,0.6474650520716707
2.0,11.0,0.6982741770185327
8.0,25.0,1.2961358970396715
2.0,5.0,11.347108523184348
2.0,5.0,3.1091717541868054
1.0,3.0,1.0614418655618505
5.0,10.0,0.8995067671543364
21.0,48.0,5.817320985941451
1.0,6.0,0.3811675268374982
9.0,29.0,1.425748331009523
22.0,45.0,2.0198269238417406
8.0,14.0,0.6474650520716707
3.0,11.0,0.6982741770185327
7.0,25.0,1.2961358970396715
1.0,5.0,11.347108523184348
2.0,5.0,3.1091717541868054
1.0,3.0,1.0614418655618505
3.0,10.0,0.8995067671543364
30.0,48.0,5.817320985941451
4.0,6.0,0.3811675268374982
11.0,29.0,1.425748331009523
27.0,45.0,2.0198269238417406
9.0,14.0,0.6474650520716707
8.0,11.0,0.6982741770185327
12.0,25.0,1.2961358970396715
3.0,5.0,11.347108523184348
4.0,5.0,3.1091717541868054
2.0,3.0,1.0614418655618505
6.0,10.0,0.8995067671543364
27.0,48.0,5.817320985941451
3.0,6.0,0.3811675268374982
16.0,29.0,1.425748331009523
31.0,45.0,2.0198269238417406
9.0,14.0,0.6474650520716707
7.0,11.0,0.6982741770185327
11.0,25.0,1.2961358970396715
5.0,5.0,11.347108523184348
3.0,5.0,3.1091717541868054
1.0,3.0,1.0614418655618505
6.0,10.0,0.8995067671543364
30.0,48.0,5.817320985941451
3.0,6.0,0.3811675268374982
22.0,29.0,1.425748331009523
29.0,45.0,2.0198269238417406
11.0,14.0,0.6474650520716707
9.0,11.0,0.6982741770185327
11.0,25.0,1.2961358970396715
3.0,5.0,11.347108523184348
4.0,5.0,3.1091717541868054
2.0,3.0,1.0614418655618505
6.0,10.0,0.8995067671543364
41.0,48.0,5.817320985941451
6.0,6.0,0.3811675268374982
21.0,29.0,1.425748331009523
39.0,45.0,2.0198269238417406
8.0,14.0,0.6474650520716707
8.0,11.0,0.6982741770185327
20.0,25.0,1.2961358970396715
5.0,5.0,11.347108523184348
5.0,5.0,3.1091717541868054
2.0,3.0,1.0614418655618505
10.0,10.0,0.8995067671543364
45.0,48.0,5.817320985941451
5.0,6.0,0.3811675268374982
28.0,29.0,1.425748331009523
40.0,45.0,2.0198269238417406
13.0,14.0,0.6474650520716707
11.0,11.0,0.6982741770185327
22.0,25.0,1.2961358970396715
2.0,5.0,5.157154122944133
0.0,3.0,1.2054136938737858
1.0,9.0,2.510290750523049
1.0,5.0,0.677183741783296
2.0,40.0,4.66506980885267
3.0,18.0,1.0131788903102297
3.0,46.0,1.9806503455203965
6.0,38.0,1.443026580414303
4.0,41.0,0.9221382067117638
0.0,32.0,0.6364646281063134
5.0,49.0,1.2265592008203352
1.0,5.0,5.157154122944133
1.0,3.0,1.2054136938737858
1.0,9.0,2.510290750523049
2.0,5.0,0.677183741783296
9.0,40.0,4.66506980885267
3.0,18.0,1.0131788903102297
8.0,46.0,1.9806503455203965
14.0,38.0,1.443026580414303
6.0,41.0,0.9221382067117638
7.0,32.0,0.6364646281063134
15.0,49.0,1.2265592008203352
1.0,5.0,5.157154122944133
0.0,3.0,1.2054136938737858
2.0,9.0,2.510290750523049
1.0,5.0,0.677183741783296
14.0,40.0,4.66506980885267
5.0,18.0,1.0131788903102297
16.0,46.0,1.9806503455203965
13.0,38.0,1.443026580414303
13.0,41.0,0.9221382067117638
12.0,32.0,0.6364646281063134
12.0,49.0,1.2265592008203352
2.0,5.0,5.157154122944133
2.0,3.0,1.2054136938737858
2.0,9.0,2.510290750523049
2.0,5.0,0.677183741783296
20.0,40.0,4.66506980885267
9.0,18.0,1.0131788903102297
12.0,46.0,1.9806503455203965
9.0,38.0,1.443026580414303
12.0,41.0,0.9221382067117638
13.0,32.0,0.6364646281063134
19.0,49.0,1.2265592008203352
2.0,5.0,5.157154122944133
2.0,3.0,1.2054136938737858
6.0,9.0,2.510290750523049
2.0,5.0,0.677183741783296
21.0,40.0,4.66506980885267
9.0,18.0,1.0131788903102297
26.0,46.0,1.9806503455203965
16.0,38.0,1.443026580414303
11.0,41.0,0.9221382067117638
20.0,32.0,0.6364646281063134
26.0,49.0,1.2265592008203352
2.0,5.0,5.157154122944133
2.0,3.0,1.2054136938737858
4.0,9.0,2.510290750523049
2.0,5.0,0.677183741783296
24.0,40.0,4.66506980885267
10.0,18.0,1.0131788903102297
28.0,46.0,1.9806503455203965
23.0,38.0,1.443026580414303
24.0,41.0,0.9221382067117638
14.0,32.0,0.6364646281063134
29.0,49.0,1.2265592008203352
1.0,5.0,5.157154122944133
2.0,3.0,1.2054136938737858
7.0,9.0,2.510290750523049
3.0,5.0,0.677183741783296
23.0,40.0,4.66506980885267
11.0,18.0,1.0131788903102297
30.0,46.0,1.9806503455203965
29.0,38.0,1.443026580414303
22.0,41.0,0.9221382067117638
21.0,32.0,0.6364646281063134
36.0,49.0,1.2265592008203352
4.0,5.0,5.157154122944133
1.0,3.0,1.2054136938737858
7.0,9.0,2.510290750523049
3.0,5.0,0.677183741783296
30.0,40.0,4.66506980885267
11.0,18.0,1.0131788903102297
35.0,46.0,1.9806503455203965
27.0,38.0,1.443026580414303
35.0,41.0,0.9221382067117638
27.0,32.0,0.6364646281063134
42.0,49.0,1.2265592008203352
5.0,5.0,5.157154122944133
3.0,3.0,1.2054136938737858
8.0,9.0,2.510290750523049
5.0,5.0,0.677183741783296
39.0,40.0,4.66506980885267
18.0,18.0,1.0131788903102297
41.0,46.0,1.9806503455203965
32.0,38.0,1.443026580414303
38.0,41.0,0.9221382067117638
28.0,32.0,0.6364646281063134
42.0,49.0,1.2265592008203352
1.0,4.0,5.893489189637539
1.0,11.0,7.111671439589486
0.0,1.0,0.3054973092435522
2.0,11.0,3.143020867914259
2.0,15.0,2.583288631739542
2.0,21.0,1.6514671221597899
2.0,16.0,0.9454813907234109
1.0,21.0,1.1023822480358616
3.0,56.0,2.346294151198464
7.0,35.0,1.3757799870413325
1.0,20.0,0.6664328838563299
1.0,4.0,5.893489189637539
5.0,11.0,7.111671439589486
0.0,1.0,0.3054973092435522
3.0,11.0,3.143020867914259
3.0,15.0,2.583288631739542
5.0,21.0,1.6514671221597899
2.0,16.0,0.9454813907234109
6.0,21.0,1.1023822480358616
6.0,56.0,2.346294151198464
9.0,35.0,1.3757799870413325
1.0,20.0,0.6664328838563299
1.0,4.0,5.893489189637539
3.0,11.0,7.111671439589486
1.0,1.0,0.3054973092435522
1.0,11.0,3.143020867914259
4.0,15.0,2.583288631739542
9.0,21.0,1.6514671221597899
5.0,16.0,0.9454813907234109
2.0,21.0,1.1023822480358616
21.0,56.0,2.346294151198464
8.0,35.0,1.3757799870413325
4.0,20.0,0.6664328838563299
1.0,4.0,5.893489189637539
4.0,11.0,7.111671439589486
1.0,1.0,0.3054973092435522
3.0,11.0,3.143020867914259
7.0,15.0,2.583288631739542
8.0,21.0,1.6514671221597899
11.0,16.0,0.9454813907234109
9.0,21.0,1.1023822480358616
29.0,56.0,2.346294151198464
17.0,35.0,1.3757799870413325
4.0,20.0,0.6664328838563299
1.0,4.0,5.893489189637539
6.0,11.0,7.111671439589486
1.0,1.0,0.3054973092435522
5.0,11.0,3.143020867914259
7.0,15.0,2.583288631739542
11.0,21.0,1.6514671221597899
8.0,16.0,0.9454813907234109
12.0,21.0,1.1023822480358616
27.0,56.0,2.346294151198464
19.0,35.0,1.3757799870413325
10.0,20.0,0.6664328838563299
2.0,4.0,5.893489189637539
7.0,11.0,7.111671439589486
1.0,1.0,0.3054973092435522
5.0,11.0,3.143020867914259
9.0,15.0,2.583288631739542
14.0,21.0,1.6514671221597899
7.0,16.0,0.9454813907234109
11.0,21.0,1.1023822480358616
33.0,56.0,2.346294151198464
17.0,35.0,1.3757799870413325
10.0,20.0,0.6664328838563299
4.0,4.0,5.893489189637539
7.0,11.0,7.111671439589486
1.0,1.0,0.3054973092435522
9.0,11.0,3.143020867914259
11.0,15.0,2.583288631739542
16.0,21.0,1.6514671221597899
8.0,16.0,0.9454813907234109
11.0,21.0,1.1023822480358616
33.0,56.0,2.346294151198464
26.0,35.0,1.3757799870413325
13.0,20.0,0.6664328838563299
4.0,4.0,5.893489189637539
9.0,11.0,7.111671439589486
1.0,1.0,0.3054973092435522
10.0,11.0,3.143020867914259
12.0,15.0,2.583288631739542
17.0,21.0,1.6514671221597899
12.0,16.0,0.9454813907234109
21.0,21.0,1.1023822480358616
47.0,56.0,2.346294151198464
28.0,35.0,1.3757799870413325
15.0,20.0,0.6664328838563299
4.0,4.0,5.893489189637539
10.0,11.0,7.111671439589486
0.0,1.0,0.3054973092435522
9.0,11.0,3.143020867914259
14.0,15.0,2.583288631739542
18.0,21.0,1.6514671221597899
15.0,16.0,0.9454813907234109
21.0,21.0,1.1023822480358616
52.0,56.0,2.346294151198464
31.0,35.0,1.3757799870413325
18.0,20.0,0.6664328838563299
2.0,7.0,5.621845222883289
3.0,13.0,3.856329119883918
1.0,3.0,0.8780139125466668
0.0,22.0,2.8497516059508055
1.0,5.0,0.46069549408370236
5.0,47.0,4.559289689076202
9.0,73.0,2.9355562575617546
6.0,59.0,1.3152797675031933
5.0,36.0,0.7189414934319631
11.0,97.0,1.7114274596109116
9.0,40.0,0.550352157013488
2.0,7.0,5.621845222883289
2.0,13.0,3.856329119883918
1.0,3.0,0.8780139125466668
3.0,22.0,2.8497516059508055
2.0,5.0,0.46069549408370236
7.0,47.0,4.559289689076202
15.0,73.0,2.9355562575617546
11.0,59.0,1.3152797675031933
6.0,36.0,0.7189414934319631
9.0,97.0,1.7114274596109116
4.0,40.0,0.550352157013488
1.0,7.0,5.621845222883289
4.0,13.0,3.856329119883918
1.0,3.0,0.8780139125466668
4.0,22.0,2.8497516059508055
2.0,5.0,0.46069549408370236
14.0,47.0,4.559289689076202
27.0,73.0,2.9355562575617546
13.0,59.0,1.3152797675031933
6.0,36.0,0.7189414934319631
25.0,97.0,1.7114274596109116
8.0,40.0,0.550352157013488
2.0,7.0,5.621845222883289
4.0,13.0,3.856329119883918
1.0,3.0,0.8780139125466668
8.0,22.0,2.8497516059508055
3.0,5.0,0.46069549408370236
21.0,47.0,4.559289689076202
35.0,73.0,2.9355562575617546
15.0,59.0,1.3152797675031933
10.0,36.0,0.7189414934319631
37.0,97.0,1.7114274596109116
18.0,40.0,0.550352157013488
5.0,7.0,5.621845222883289
6.0,13.0,3.856329119883918
1.0,3.0,0.8780139125466668
11.0,22.0,2.8497516059508055
3.0,5.0,0.46069549408370236
24.0,47.0,4.559289689076202
35.0,73.0,2.9355562575617546
34.0,59.0,1.3152797675031933
17.0,36.0,0.7189414934319631
43.0,97.0,1.7114274596109116
16.0,40.0,0.550352157013488
3.0,7.0,5.621845222883289
8.0,13.0,3.856329119883918
3.0,3.0,0.8780139125466668
16.0,22.0,2.8497516059508055
2.0,5.0,0.46069549408370236
28.0,47.0,4.559289689076202
32.0,73.0,2.9355562575617546
32.0,59.0,1.3152797675031933
22.0,36.0,0.7189414934319631
56.0,97.0,1.7114274596109116
26.0,40.0,0.550352157013488
4.0,7.0,5.621845222883289
9.0,13.0,3.856329119883918
3.0,3.0,0.8780139125466668
12.0,22.0,2.8497516059508055
4.0,5.0,0.46069549408370236
32.0,47.0,4.559289689076202
54.0,73.0,2.9355562575617546
38.0,59.0,1.3152797675031933
30.0,36.0,0.7189414934319631
70.0,97.0,1.7114274596109116
30.0,40.0,0.550352157013488
3.0,7.0,5.621845222883289
12.0,13.0,3.856329119883918
3.0,3.0,0.8780139125466668
12.0,22.0,2.8497516059508055
5.0,5.0,0.46069549408370236
38.0,47.0,4.559289689076202
57.0,73.0,2.9355562575617546
51.0,59.0,1.3152797675031933
31.0,36.0,0.7189414934319631
72.0,97.0,1.7114274596109116
32.0,40.0,0.550352157013488
6.0,7.0,5.621845222883289
12.0,13.0,3.856329119883918
3.0,3.0,0.8780139125466668
19.0,22.0,2.8497516059508055
5.0,5.0,0.46069549408370236
40.0,47.0,4.559289689076202
63.0,73.0,2.9355562575617546
54.0,59.0,1.3152797675031933
34.0,36.0,0.7189414934319631
85.0,97.0,1.7114274596109116
35.0,40.0,0.550352157013488
1.0,4.0,6.404363487315769
0.0,5.0,4.1931296662795265
1.0,4.0,0.8574518597121477
4.0,16.0,4.081487639844269
1.0,6.0,0.8219008105521275
3.0,37.0,2.9430864201560762
7.0,82.0,4.4476773947935815
3.0,12.0,0.3432555728079844
5.0,60.0,1.4547164090185243
3.0,26.0,0.7475694071157994
1.0,2.0,0.016051276874517375
2.0,4.0,6.404363487315769
0.0,5.0,4.1931296662795265
0.0,4.0,0.8574518597121477
5.0,16.0,4.081487639844269
0.0,6.0,0.8219008105521275
10.0,37.0,2.9430864201560762
17.0,82.0,4.4476773947935815
1.0,12.0,0.3432555728079844
9.0,60.0,1.4547164090185243
3.0,26.0,0.7475694071157994
1.0,2.0,0.016051276874517375
1.0,4.0,6.404363487315769
3.0,5.0,4.1931296662795265
1.0,4.0,0.8574518597121477
7.0,16.0,4.081487639844269
2.0,6.0,0.8219008105521275
11.0,37.0,2.9430864201560762
23.0,82.0,4.4476773947935815
3.0,12.0,0.3432555728079844
19.0,60.0,1.4547164090185243
5.0,26.0,0.7475694071157994
1.0,2.0,0.016051276874517375
2.0,4.0,6.404363487315769
2.0,5.0,4.1931296662795265
1.0,4.0,0.8574518597121477
7.0,16.0,4.081487639844269
5.0,6.0,0.8219008105521275
15.0,37.0,2.9430864201560762
35.0,82.0,4.4476773947935815
7.0,12.0,0.3432555728079844
23.0,60.0,1.4547164090185243
12.0,26.0,0.7475694071157994
1.0,2.0,0.016051276874517375
4.0,4.0,6.404363487315769
3.0,5.0,4.1931296662795265
2.0,4.0,0.8574518597121477
9.0,16.0,4.081487639844269
2.0,6.0,0.8219008105521275
20.0,37.0,2.9430864201560762
47.0,82.0,4.4476773947935815
5.0,12.0,0.3432555728079844
41.0,60.0,1.4547164090185243
13.0,26.0,0.7475694071157994
2.0,2.0,0.016051276874517375
2.0,4.0,6.404363487315769
3.0,5.0,4.1931296662795265
4.0,4.0,0.8574518597121477
10.0,16.0,4.081487639844269
4.0,6.0,0.8219008105521275
25.0,37.0,2.9430864201560762
48.0,82.0,4.4476773947935815
9.0,12.0,0.3432555728079844
33.0,60.0,1.4547164090185243
15.0,26.0,0.7475694071157994
1.0,2.0,0.016051276874517375
4.0,4.0,6.404363487315769
2.0,5.0,4.1931296662795265
3.0,4.0,0.8574518597121477
11.0,16.0,4.081487639844269
5.0,6.0,0.8219008105521275
29.0,37.0,2.9430864201560762
62.0,82.0,4.4476773947935815
9.0,12.0,0.3432555728079844
34.0,60.0,1.4547164090185243
16.0,26.0,0.7475694071157994
1.0,2.0,0.016051276874517375
4.0,4.0,6.404363487315769
5.0,5.0,4.1931296662795265
4.0,4.0,0.8574518597121477
15.0,16.0,4.081487639844269
6.0,6.0,0.8219008105521275
28.0,37.0,2.9430864201560762
67.0,82.0,4.4476773947935815
11.0,12.0,0.3432555728079844
52.0,60.0,1.4547164090185243
22.0,26.0,0.7475694071157994
2.0,2.0,0.016051276874517375
4.0,4.0,6.404363487315769
5.0,5.0,4.1931296662795265
3.0,4.0,0.8574518597121477
14.0,16.0,4.081487639844269
6.0,6.0,0.8219008105521275
34.0,37.0,2.9430864201560762
70.0,82.0,4.4476773947935815
11.0,12.0,0.3432555728079844
56.0,60.0,1.4547164090185243
20.0,26.0,0.7475694071157994
2.0,2.0,0.016051276874517375
1.0,8.0,19.535975155530757
1.0,5.0,2.642198647196197
5.0,17.0,1.6520433317960312
1.0,15.0,1.4679545831789789
4.0,47.0,3.801268179247366
1.0,22.0,1.0132958696771863
4.0,39.0,1.3763463491026493
1.0,9.0,0.48958854976824817
3.0,24.0,1.0507168632299468
5.0,44.0,2.0501569879395394
5.0,31.0,0.8077884064670122
1.0,8.0,19.535975155530757
1.0,5.0,2.642198647196197
6.0,17.0,1.6520433317960312
3.0,15.0,1.4679545831789789
9.0,47.0,3.801268179247366
4.0,22.0,1.0132958696771863
11.0,39.0,1.3763463491026493
1.0,9.0,0.48958854976824817
0.0,24.0,1.0507168632299468
11.0,44.0,2.0501569879395394
3.0,31.0,0.8077884064670122
3.0,8.0,19.535975155530757
3.0,5.0,2.642198647196197
1.0,17.0,1.6520433317960312
5.0,15.0,1.4679545831789789
14.0,47.0,3.801268179247366
5.0,22.0,1.0132958696771863
12.0,39.0,1.3763463491026493
1.0,9.0,0.48958854976824817
5.0,24.0,1.0507168632299468
14.0,44.0,2.0501569879395394
7.0,31.0,0.8077884064670122
5.0,8.0,19.535975155530757
4.0,5.0,2.642198647196197
10.0,17.0,1.6520433317960312
7.0,15.0,1.4679545831789789
26.0,47.0,3.801268179247366
9.0,22.0,1.0132958696771863
16.0,39.0,1.3763463491026493
5.0,9.0,0.48958854976824817
12.0,24.0,1.0507168632299468
14.0,44.0,2.0501569879395394
12.0,31.0,0.8077884064670122
4.0,8.0,19.535975155530757
4.0,5.0,2.642198647196197
8.0,17.0,1.6520433317960312
7.0,15.0,1.4679545831789789
20.0,47.0,3.801268179247366
13.0,22.0,1.0132958696771863
14.0,39.0,1.3763463491026493
4.0,9.0,0.48958854976824817
10.0,24.0,1.0507168632299468
20.0,44.0,2.0501569879395394
17.0,31.0,0.8077884064670122
6.0,8.0,19.535975155530757
2.0,5.0,2.642198647196197
11.0,17.0,1.6520433317960312
6.0,15.0,1.4679545831789789
25.0,47.0,3.801268179247366
10.0,22.0,1.0132958696771863
27.0,39.0,1.3763463491026493
6.0,9.0,0.48958854976824817
12.0,24.0,1.0507168632299468
33.0,44.0,2.0501569879395394
19.0,31.0,0.8077884064670122
5.0,8.0,19.535975155530757
4.0,5.0,2.642198647196197
12.0,17.0,1.6520433317960312
11.0,15.0,1.4679545831789789
30.0,47.0,3.801268179247366
14.0,22.0,1.0132958696771863
29.0,39.0,1.3763463491026493
5.0,9.0,0.48958854976824817
16.0,24.0,1.0507168632299468
25.0,44.0,2.0501569879395394
17.0,31.0,0.8077884064670122
7.0,8.0,19.535975155530757
3.0,5.0,2.642198647196197
12.0,17.0,1.6520433317960312
12.0,15.0,1.4679545831789789
37.0,47.0,3.801268179247366
20.0,22.0,1.0132958696771863
33.0,39.0,1.3763463491026493
8.0,9.0,0.48958854976824817
20.0,24.0,1.0507168632299468
38.0,44.0,2.0501569879395394
22.0,31.0,0.8077884064670122
7.0,8.0,19.535975155530757
4.0,5.0,2.642198647196197
17.0,17.0,1.6520433317960312
12.0,15.0,1.4679545831789789
42.0,47.0,3.801268179247366
18.0,22.0,1.0132958696771863
37.0,39.0,1.3763463491026493
9.0,9.0,0.48958854976824817
20.0,24.0,1.0507168632299468
39.0,44.0,2.0501569879395394
29.0,31.0,0.8077884064670122
1.0,3.0,6.328352904659103
0.0,4.0,3.460560706810126
0.0,8.0,2.6597205544827296
2.0,9.0,1.3452571993626152
1.0,8.0,0.45540060115326264
9.0,47.0,4.892384223333336
2.0,19.0,1.0696325732995837
3.0,15.0,0.8823881248825446
5.0,47.0,2.420400799226762
9.0,68.0,2.0163234067702285
2.0,23.0,0.6404614339995992
1.0,3.0,6.328352904659103
1.0,4.0,3.460560706810126
2.0,8.0,2.6597205544827296
1.0,9.0,1.3452571993626152
1.0,8.0,0.45540060115326264
5.0,47.0,4.892384223333336
4.0,19.0,1.0696325732995837
3.0,15.0,0.8823881248825446
7.0,47.0,2.420400799226762
15.0,68.0,2.0163234067702285
5.0,23.0,0.6404614339995992
1.0,3.0,6.328352904659103
0.0,4.0,3.460560706810126
1.0,8.0,2.6597205544827296
5.0,9.0,1.3452571993626152
3.0,8.0,0.45540060115326264
18.0,47.0,4.892384223333336
7.0,19.0,1.0696325732995837
7.0,15.0,0.8823881248825446
15.0,47.0,2.420400799226762
18.0,68.0,2.0163234067702285
11.0,23.0,0.6404614339995992
3.0,3.0,6.328352904659103
1.0,4.0,3.460560706810126
2.0,8.0,2.6597205544827296
1.0,9.0,1.3452571993626152
2.0,8.0,0.45540060115326264
18.0,47.0,4.892384223333336
6.0,19.0,1.0696325732995837
7.0,15.0,0.8823881248825446
20.0,47.0,2.420400799226762
33.0,68.0,2.0163234067702285
6.0,23.0,0.6404614339995992
2.0,3.0,6.328352904659103
2.0,4.0,3.460560706810126
5.0,8.0,2.6597205544827296
3.0,9.0,1.3452571993626152
5.0,8.0,0.45540060115326264
17.0,47.0,4.892384223333336
9.0,19.0,1.0696325732995837
6.0,15.0,0.8823881248825446
26.0,47.0,2.420400799226762
33.0,68.0,2.0163234067702285
11.0,23.0,0.6404614339995992
2.0,3.0,6.328352904659103
2.0,4.0,3.460560706810126
4.0,8.0,2.6597205544827296
7.0,9.0,1.3452571993626152
5.0,8.0,0.45540060115326264
26.0,47.0,4.892384223333336
11.0,19.0,1.0696325732995837
11.0,15.0,0.8823881248825446
27.0,47.0,2.420400799226762
38.0,68.0,2.0163234067702285
13.0,23.0,0.6404614339995992
2.0,3.0,6.328352904659103
3.0,4.0,3.460560706810126
8.0,8.0,2.6597205544827296
5.0,9.0,1.3452571993626152
5.0,8.0,0.45540060115326264
28.0,47.0,4.892384223333336
13.0,19.0,1.0696325732995837
11.0,15.0,0.8823881248825446
25.0,47.0,2.420400799226762
46.0,68.0,2.0163234067702285
17.0,23.0,0.6404614339995992
1.0,3.0,6.328352904659103
4.0,4.0,3.460560706810126
8.0,8.0,2.6597205544827296
8.0,9.0,1.3452571993626152
7.0,8.0,0.45540060115326264
40.0,47.0,4.892384223333336
15.0,19.0,1.0696325732995837
14.0,15.0,0.8823881248825446
38.0,47.0,2.420400799226762
51.0,68.0,2.0163234067702285
18.0,23.0,0.6404614339995992
3.0,3.0,6.328352904659103
3.0,4.0,3.460560706810126
8.0,8.0,2.6597205544827296
9.0,9.0,1.3452571993626152
7.0,8.0,0.45540060115326264
45.0,47.0,4.892384223333336
18.0,19.0,1.0696325732995837
13.0,15.0,0.8823881248825446
43.0,47.0,2.420400799226762
62.0,68.0,2.0163234067702285
21.0,23.0,0.6404614339995992
1.0,2.0,1.8015036268343794
0.0,2.0,2.7054902797152267
1.0,11.0,6.64776875776493
0.0,8.0,1.3118771366321447
5.0,41.0,4.354535111354791
0.0,8.0,0.34330731851456925
6.0,54.0,2.87846038534947
13.0,102.0,3.4603510897299885
14.0,76.0,0.9924695216877597
5.0,44.0,0.7942578438504844
5.0,38.0,0.7270567229003836
1.0,2.0,1.8015036268343794
0.0,2.0,2.7054902797152267
2.0,11.0,6.64776875776493
1.0,8.0,1.3118771366321447
14.0,41.0,4.354535111354791
1.0,8.0,0.34330731851456925
9.0,54.0,2.87846038534947
18.0,102.0,3.4603510897299885
9.0,76.0,0.9924695216877597
10.0,44.0,0.7942578438504844
3.0,38.0,0.7270567229003836
2.0,2.0,1.8015036268343794
2.0,2.0,2.7054902797152267
2.0,11.0,6.64776875776493
1.0,8.0,1.3118771366321447
14.0,41.0,4.354535111354791
1.0,8.0,0.34330731851456925
15.0,54.0,2.87846038534947
32.0,102.0,3.4603510897299885
20.0,76.0,0.9924695216877597
16.0,44.0,0.7942578438504844
13.0,38.0,0.7270567229003836
1.0,2.0,1.8015036268343794
1.0,2.0,2.7054902797152267
6.0,11.0,6.64776875776493
2.0,8.0,1.3118771366321447
14.0,41.0,4.354535111354791
3.0,8.0,0.34330731851456925
14.0,54.0,2.87846038534947
51.0,102.0,3.4603510897299885
35.0,76.0,0.9924695216877597
19.0,44.0,0.7942578438504844
12.0,38.0,0.7270567229003836
1.0,2.0,1.8015036268343794
1.0,2.0,2.7054902797152267
6.0,11.0,6.64776875776493
5.0,8.0,1.3118771366321447
20.0,41.0,4.354535111354791
6.0,8.0,0.34330731851456925
23.0,54.0,2.87846038534947
41.0,102.0,3.4603510897299885
39.0,76.0,0.9924695216877597
16.0,44.0,0.7942578438504844
13.0,38.0,0.7270567229003836
2.0,2.0,1.8015036268343794
2.0,2.0,2.7054902797152267
7.0,11.0,6.64776875776493
6.0,8.0,1.3118771366321447
24.0,41.0,4.354535111354791
5.0,8.0,0.34330731851456925
32.0,54.0,2.87846038534947
60.0,102.0,3.4603510897299885
50.0,76.0,0.9924695216877597
23.0,44.0,0.7942578438504844
30.0,38.0,0.7270567229003836
1.0,2.0,1.8015036268343794
1.0,2.0,2.7054902797152267
8.0,11.0,6.64776875776493
6.0,8.0,1.3118771366321447
28.0,41.0,4.354535111354791
5.0,8.0,0.34330731851456925
35.0,54.0,2.87846038534947
76.0,102.0,3.4603510897299885
54.0,76.0,0.9924695216877597
27.0,44.0,0.7942578438504844
26.0,38.0,0.7270567229003836
2.0,2.0,1.8015036268343794
1.0,2.0,2.7054902797152267
10.0,11.0,6.64776875776493
6.0,8.0,1.3118771366321447
33.0,41.0,4.354535111354791
6.0,8.0,0.34330731851456925
46.0,54.0,2.87846038534947
82.0,102.0,3.4603510897299885
56.0,76.0,0.9924695216877597
34.0,44.0,0.7942578438504844
30.0,38.0,0.7270567229003836
1.0,2.0,1.8015036268343794
1.0,2.0,2.7054902797152267
11.0,11.0,6.64776875776493
8.0,8.0,1.3118771366321447
35.0,41.0,4.354535111354791
8.0,8.0,0.34330731851456925
46.0,54.0,2.87846038534947
93.0,102.0,3.4603510897299885
73.0,76.0,0.9924695216877597
40.0,44.0,0.7942578438504844
34.0,38.0,0.7270567229003836
2.0,3.0,5.875715110368149
0.0,4.0,1.1942779101055891
0.0,9.0,4.506146411490367
2.0,14.0,2.84526169405594
1.0,12.0,1.8590378875189237
2.0,13.0,1.263096707923882
3.0,27.0,2.24191843183084
2.0,18.0,1.8509524452293888
2.0,17.0,1.1474700917405596
1.0,22.0,1.1022001870791804
3.0,39.0,2.0998309580790635
1.0,3.0,5.875715110368149
0.0,4.0,1.1942779101055891
1.0,9.0,4.506146411490367
7.0,14.0,2.84526169405594
2.0,12.0,1.8590378875189237
4.0,13.0,1.263096707923882
10.0,27.0,2.24191843183084
5.0,18.0,1.8509524452293888
3.0,17.0,1.1474700917405596
7.0,22.0,1.1022001870791804
7.0,39.0,2.0998309580790635
1.0,3.0,5.875715110368149
1.0,4.0,1.1942779101055891
3.0,9.0,4.506146411490367
6.0,14.0,2.84526169405594
2.0,12.0,1.8590378875189237
2.0,13.0,1.263096707923882
5.0,27.0,2.24191843183084
4.0,18.0,1.8509524452293888
8.0,17.0,1.1474700917405596
5.0,22.0,1.1022001870791804
14.0,39.0,2.0998309580790635
1.0,3.0,5.875715110368149
1.0,4.0,1.1942779101055891
4.0,9.0,4.506146411490367
6.0,14.0,2.84526169405594
6.0,12.0,1.8590378875189237
6.0,13.0,1.263096707923882
10.0,27.0,2.24191843183084
9.0,18.0,1.8509524452293888
6.0,17.0,1.1474700917405596
10.0,22.0,1.1022001870791804
19.0,39.0,2.0998309580790635
1.0,3.0,5.875715110368149
2.0,4.0,1.1942779101055891
6.0,9.0,4.506146411490367
8.0,14.0,2.84526169405594
3.0,12.0,1.8590378875189237
6.0,13.0,1.263096707923882
13.0,27.0,2.24191843183084
11.0,18.0,1.8509524452293888
6.0,17.0,1.1474700917405596
9.0,22.0,1.1022001870791804
21.0,39.0,2.0998309580790635
1.0,3.0,5.875715110368149
1.0,4.0,1.1942779101055891
4.0,9.0,4.506146411490367
9.0,14.0,2.84526169405594
5.0,12.0,1.8590378875189237
5.0,13.0,1.263096707923882
17.0,27.0,2.24191843183084
10.0,18.0,1.8509524452293888
7.0,17.0,1.1474700917405596
15.0,22.0,1.1022001870791804
22.0,39.0,2.0998309580790635
2.0,3.0,5.875715110368149
2.0,4.0,1.1942779101055891
5.0,9.0,4.506146411490367
10.0,14.0,2.84526169405594
7.0,12.0,1.8590378875189237
10.0,13.0,1.263096707923882
22.0,27.0,2.24191843183084
12.0,18.0,1.8509524452293888
11.0,17.0,1.1474700917405596
20.0,22.0,1.1022001870791804
27.0,39.0,2.0998309580790635
3.0,3.0,5.875715110368149
2.0,4.0,1.1942779101055891
7.0,9.0,4.506146411490367
13.0,14.0,2.84526169405594
9.0,12.0,1.8590378875189237
10.0,13.0,1.263096707923882
20.0,27.0,2.24191843183084
15.0,18.0,1.8509524452293888
11.0,17.0,1.1474700917405596
20.0,22.0,1.1022001870791804
31.0,39.0,2.0998309580790635
3.0,3.0,5.875715110368149
3.0,4.0,1.1942779101055891
8.0,9.0,4.506146411490367
13.0,14.0,2.84526169405594
9.0,12.0,1.8590378875189237
11.0,13.0,1.263096707923882
25.0,27.0,2.24191843183084
15.0,18.0,1.8509524452293888
16.0,17.0,1.1474700917405596
19.0,22.0,1.1022001870791804
33.0,39.0,2.0998309580790635
1.0,7.0,6.892575560272434
0.0,8.0,3.936267491729596
2.0,14.0,1.9041186710091162
1.0,10.0,0.9770503104333457
0.0,11.0,1.2932798592742905
4.0,43.0,3.932308687346414
4.0,49.0,2.6235327022145967
4.0,58.0,1.6844294987556923
8.0,71.0,1.4560926579107918
5.0,42.0,0.6621907948835727
7.0,47.0,0.8626417308702604
2.0,7.0,6.892575560272434
2.0,8.0,3.936267491729596
1.0,14.0,1.9041186710091162
1.0,10.0,0.9770503104333457
1.0,11.0,1.2932798592742905
7.0,43.0,3.932308687346414
11.0,49.0,2.6235327022145967
10.0,58.0,1.6844294987556923
14.0,71.0,1.4560926579107918
8.0,42.0,0.6621907948835727
8.0,47.0,0.8626417308702604
1.0,7.0,6.892575560272434
3.0,8.0,3.936267491729596
7.0,14.0,1.9041186710091162
2.0,10.0,0.9770503104333457
0.0,11.0,1.2932798592742905
12.0,43.0,3.932308687346414
14.0,49.0,2.6235327022145967
15.0,58.0,1.6844294987556923
20.0,71.0,1.4560926579107918
10.0,42.0,0.6621907948835727
17.0,47.0,0.8626417308702604
2.0,7.0,6.892575560272434
2.0,8.0,3.936267491729596
6.0,14.0,1.9041186710091162
6.0,10.0,0.9770503104333457
3.0,11.0,1.2932798592742905
16.0,43.0,3.932308687346414
15.0,49.0,2.6235327022145967
27.0,58.0,1.6844294987556923
22.0,71.0,1.4560926579107918
16.0,42.0,0.6621907948835727
19.0,47.0,0.8626417308702604
2.0,7.0,6.892575560272434
4.0,8.0,3.936267491729596
5.0,14.0,1.9041186710091162
6.0,10.0,0.9770503104333457
5.0,11.0,1.2932798592742905
22.0,43.0,3.932308687346414
28.0,49.0,2.6235327022145967
26.0,58.0,1.6844294987556923
38.0,71.0,1.4560926579107918
21.0,42.0,0.6621907948835727
24.0,47.0,0.8626417308702604
3.0,7.0,6.892575560272434
4.0,8.0,3.936267491729596
5.0,14.0,1.9041186710091162
4.0,10.0,0.9770503104333457
5.0,11.0,1.2932798592742905
23.0,43.0,3.932308687346414
30.0,49.0,2.6235327022145967
39.0,58.0,1.6844294987556923
48.0,71.0,1.4560926579107918
28.0,42.0,0.6621907948835727
27.0,47.0,0.8626417308702604
6.0,7.0,6.892575560272434
7.0,8.0,3.936267491729596
10.0,14.0,1.9041186710091162
6.0,10.0,0.9770503104333457
9.0,11.0,1.2932798592742905
27.0,43.0,3.932308687346414
38.0,49.0,2.6235327022145967
40.0,58.0,1.6844294987556923
48.0,71.0,1.4560926579107918
34.0,42.0,0.6621907948835727
34.0,47.0,0.8626417308702604
4.0,7.0,6.892575560272434
5.0,8.0,3.936267491729596
12.0,14.0,1.9041186710091162
7.0,10.0,0.9770503104333457
11.0,11.0,1.2932798592742905
34.0,43.0,3.932308687346414
36.0,49.0,2.6235327022145967
42.0,58.0,1.6844294987556923
55.0,71.0,1.4560926579107918
36.0,42.0,0.6621907948835727
42.0,47.0,0.8626417308702604
7.0,7.0,6.892575560272434
8.0,8.0,3.936267491729596
14.0,14.0,1.9041186710091162
10.0,10.0,0.9770503104333457
9.0,11.0,1.2932798592742905
42.0,43.0,3.932308687346414
44.0,49.0,2.6235327022145967
46.0,58.0,1.6844294987556923
67.0,71.0,1.4560926579107918
34.0,42.0,0.6621907948835727
43.0,47.0,0.8626417308702604
1.0,8.0,8.809404582431984
2.0,16.0,3.229373685696639
6.0,48.0,5.003111651968298
6.0,63.0,2.465331696365272
2.0,11.0,0.4105621576246968
4.0,24.0,0.7569405536821013
2.0,11.0,0.2242720850896427
1.0,14.0,0.5713215710770808
11.0,67.0,3.4006500092198038
7.0,60.0,2.3107737252942524
2.0,6.0,0.13953643918907094
4.0,8.0,8.809404582431984
7.0,16.0,3.229373685696639
11.0,48.0,5.003111651968298
11.0,63.0,2.465331696365272
3.0,11.0,0.4105621576246968
5.0,24.0,0.7569405536821013
0.0,11.0,0.2242720850896427
5.0,14.0,0.5713215710770808
11.0,67.0,3.4006500092198038
18.0,60.0,2.3107737252942524
2.0,6.0,0.13953643918907094
3.0,8.0,8.809404582431984
2.0,16.0,3.229373685696639
16.0,48.0,5.003111651968298
11.0,63.0,2.465331696365272
5.0,11.0,0.4105621576246968
6.0,24.0,0.7569405536821013
3.0,11.0,0.2242720850896427
4.0,14.0,0.5713215710770808
17.0,67.0,3.4006500092198038
23.0,60.0,2.3107737252942524
1.0,6.0,0.13953643918907094
7.0,8.0,8.809404582431984
6.0,16.0,3.229373685696639
21.0,48.0,5.003111651968298
16.0,63.0,2.465331696365272
6.0,11.0,0.4105621576246968
11.0,24.0,0.7569405536821013
6.0,11.0,0.2242720850896427
7.0,14.0,0.5713215710770808
23.0,67.0,3.4006500092198038
20.0,60.0,2.3107737252942524
2.0,6.0,0.13953643918907094
5.0,8.0,8.809404582431984
8.0,16.0,3.229373685696639
31.0,48.0,5.003111651968298
28.0,63.0,2.465331696365272
4.0,11.0,0.4105621576246968
16.0,24.0,0.7569405536821013
4.0,11.0,0.2242720850896427
3.0,14.0,0.5713215710770808
27.0,67.0,3.4006500092198038
37.0,60.0,2.3107737252942524
4.0,6.0,0.13953643918907094
5.0,8.0,8.809404582431984
10.0,16.0,3.229373685696639
27.0,48.0,5.003111651968298
38.0,63.0,2.465331696365272
8.0,11.0,0.4105621576246968
12.0,24.0,0.7569405536821013
7.0,11.0,0.2242720850896427
7.0,14.0,0.5713215710770808
35.0,67.0,3.4006500092198038
40.0,60.0,2.3107737252942524
3.0,6.0,0.13953643918907094
6.0,8.0,8.809404582431984
16.0,16.0,3.229373685696639
26.0,48.0,5.003111651968298
47.0,63.0,2.465331696365272
6.0,11.0,0.4105621576246968
22.0,24.0,0.7569405536821013
11.0,11.0,0.2242720850896427
7.0,14.0,0.5713215710770808
44.0,67.0,3.4006500092198038
38.0,60.0,2.3107737252942524
4.0,6.0,0.13953643918907094
7.0,8.0,8.809404582431984
14.0,16.0,3.229373685696639
38.0,48.0,5.003111651968298
54.0,63.0,2.465331696365272
9.0,11.0,0.4105621576246968
19.0,24.0,0.7569405536821013
10.0,11.0,0.2242720850896427
11.0,14.0,0.5713215710770808
53.0,67.0,3.4006500092198038
50.0,60.0,2.3107737252942524
3.0,6.0,0.13953643918907094
7.0,8.0,8.809404582431984
14.0,16.0,3.229373685696639
40.0,48.0,5.003111651968298
61.0,63.0,2.465331696365272
9.0,11.0,0.4105621576246968
22.0,24.0,0.7569405536821013
8.0,11.0,0.2242720850896427
12.0,14.0,0.5713215710770808
59.0,67.0,3.4006500092198038
53.0,60.0,2.3107737252942524
6.0,6.0,0.13953643918907094
1.0,4.0,2.9786925655400176
1.0,3.0,1.1064012749833367
3.0,16.0,4.868180475863173
3.0,22.0,2.4818016596840238
4.0,25.0,1.8071605569621978
8.0,51.0,2.318788256692179
2.0,9.0,0.38356454937249534
4.0,45.0,1.815672038733774
2.0,20.0,0.5084370653389368
9.0,99.0,2.6399175747000028
8.0,36.0,0.8315930173924272
1.0,4.0,2.9786925655400176
1.0,3.0,1.1064012749833367
5.0,16.0,4.868180475863173
4.0,22.0,2.4818016596840238
4.0,25.0,1.8071605569621978
7.0,51.0,2.318788256692179
2.0,9.0,0.38356454937249534
6.0,45.0,1.815672038733774
8.0,20.0,0.5084370653389368
16.0,99.0,2.6399175747000028
4.0,36.0,0.8315930173924272
1.0,4.0,2.9786925655400176
0.0,3.0,1.1064012749833367
4.0,16.0,4.868180475863173
9.0,22.0,2.4818016596840238
7.0,25.0,1.8071605569621978
18.0,51.0,2.318788256692179
1.0,9.0,0.38356454937249534
13.0,45.0,1.815672038733774
3.0,20.0,0.5084370653389368
21.0,99.0,2.6399175747000028
12.0,36.0,0.8315930173924272
3.0,4.0,2.9786925655400176
2.0,3.0,1.1064012749833367
7.0,16.0,4.868180475863173
8.0,22.0,2.4818016596840238
12.0,25.0,1.8071605569621978
21.0,51.0,2.318788256692179
2.0,9.0,0.38356454937249534
19.0,45.0,1.815672038733774
9.0,20.0,0.5084370653389368
40.0,99.0,2.6399175747000028
17.0,36.0,0.8315930173924272
4.0,4.0,2.9786925655400176
3.0,3.0,1.1064012749833367
7.0,16.0,4.868180475863173
14.0,22.0,2.4818016596840238
11.0,25.0,1.8071605569621978
27.0,51.0,2.318788256692179
3.0,9.0,0.38356454937249534
22.0,45.0,1.815672038733774
10.0,20.0,0.5084370653389368
55.0,99.0,2.6399175747000028
19.0,36.0,0.8315930173924272
2.0,4.0,2.9786925655400176
2.0,3.0,1.1064012749833367
13.0,16.0,4.868180475863173
18.0,22.0,2.4818016596840238
13.0,25.0,1.8071605569621978
32.0,51.0,2.318788256692179
7.0,9.0,0.38356454937249534
27.0,45.0,1.815672038733774
14.0,20.0,0.5084370653389368
66.0,99.0,2.6399175747000028
22.0,36.0,0.8315930173924272
2.0,4.0,2.9786925655400176
0.0,3.0,1.1064012749833367
11.0,16.0,4.868180475863173
19.0,22.0,2.4818016596840238
19.0,25.0,1.8071605569621978
35.0,51.0,2.318788256692179
7.0,9.0,0.38356454937249534
30.0,45.0,1.815672038733774
18.0,20.0,0.5084370653389368
73.0,99.0,2.6399175747000028
28.0,36.0,0.8315930173924272
3.0,4.0,2.9786925655400176
2.0,3.0,1.1064012749833367
14.0,16.0,4.868180475863173
17.0,22.0,2.4818016596840238
22.0,25.0,1.8071605569621978
42.0,51.0,2.318788256692179
8.0,9.0,0.38356454937249534
38.0,45.0,1.815672038733774
17.0,20.0,0.5084370653389368
75.0,99.0,2.6399175747000028
31.0,36.0,0.8315930173924272
4.0,4.0,2.9786925655400176
3.0,3.0,1.1064012749833367
12.0,16.0,4.868180475863173
21.0,22.0,2.4818016596840238
25.0,25.0,1.8071605569621978
48.0,51.0,2.318788256692179
9.0,9.0,0.38356454937249534
41.0,45.0,1.815672038733774
20.0,20.0,0.5084370653389368
85.0,99.0,2.6399175747000028
35.0,36.0,0.8315930173924272
1.0,3.0,1.3296794085636243
1.0,9.0,6.280967276514578
1.0,8.0,1.8264256867862023
2.0,16.0,2.81536709887818
5.0,35.0,2.798215704655366
0.0,14.0,0.9895774968252979
2.0,16.0,1.0766455610010082
1.0,5.0,0.4382945430359243
2.0,12.0,0.7110440111868521
2.0,13.0,1.36466032138381
0.0,13.0,0.7505080103379933
1.0,3.0,1.3296794085636243
1.0,9.0,6.280967276514578
2.0,8.0,1.8264256867862023
8.0,16.0,2.81536709887818
5.0,35.0,2.798215704655366
2.0,14.0,0.9895774968252979
4.0,16.0,1.0766455610010082
0.0,5.0,0.4382945430359243
2.0,12.0,0.7110440111868521
3.0,13.0,1.36466032138381
4.0,13.0,0.7505080103379933
2.0,3.0,1.3296794085636243
3.0,9.0,6.280967276514578
4.0,8.0,1.8264256867862023
4.0,16.0,2.81536709887818
13.0,35.0,2.798215704655366
5.0,14.0,0.9895774968252979
8.0,16.0,1.0766455610010082
0.0,5.0,0.4382945430359243
3.0,12.0,0.7110440111868521
2.0,13.0,1.36466032138381
4.0,13.0,0.7505080103379933
1.0,3.0,1.3296794085636243
4.0,9.0,6.280967276514578
6.0,8.0,1.8264256867862023
12.0,16.0,2.81536709887818
20.0,35.0,2.798215704655366
6.0,14.0,0.9895774968252979
7.0,16.0,1.0766455610010082
3.0,5.0,0.4382945430359243
4.0,12.0,0.7110440111868521
6.0,13.0,1.36466032138381
3.0,13.0,0.7505080103379933
2.0,3.0,1.3296794085636243
5.0,9.0,6.280967276514578
5.0,8.0,1.8264256867862023
8.0,16.0,2.81536709887818
17.0,35.0,2.798215704655366
5.0,14.0,0.9895774968252979
7.0,16.0,1.0766455610010082
4.0,5.0,0.4382945430359243
5.0,12.0,0.7110440111868521
4.0,13.0,1.36466032138381
7.0,13.0,0.7505080103379933
2.0,3.0,1.3296794085636243
7.0,9.0,6.280967276514578
6.0,8.0,1.8264256867862023
11.0,16.0,2.81536709887818
18.0,35.0,2.798215704655366
10.0,14.0,0.9895774968252979
9.0,16.0,1.0766455610010082
4.0,5.0,0.4382945430359243
8.0,12.0,0.7110440111868521
9.0,13.0,1.36466032138381
8.0,13.0,0.7505080103379933
1.0,3.0,1.3296794085636243
7.0,9.0,6.280967276514578
6.0,8.0,1.8264256867862023
12.0,16.0,2.81536709887818
22.0,35.0,2.798215704655366
11.0,14.0,0.9895774968252979
11.0,16.0,1.0766455610010082
2.0,5.0,0.4382945430359243
7.0,12.0,0.7110440111868521
8.0,13.0,1.36466032138381
10.0,13.0,0.7505080103379933
2.0,3.0,1.3296794085636243
6.0,9.0,6.280967276514578
6.0,8.0,1.8264256867862023
11.0,16.0,2.81536709887818
21.0,35.0,2.798215704655366
13.0,14.0,0.9895774968252979
11.0,16.0,1.0766455610010082
5.0,5.0,0.4382945430359243
8.0,12.0,0.7110440111868521
9.0,13.0,1.36466032138381
10.0,13.0,0.7505080103379933
3.0,3.0,1.3296794085636243
9.0,9.0,6.280967276514578
8.0,8.0,1.8264256867862023
15.0,16.0,2.81536709887818
31.0,35.0,2.798215704655366
13.0,14.0,0.9895774968252979
16.0,16.0,1.0766455610010082
5.0,5.0,0.4382945430359243
11.0,12.0,0.7110440111868521
11.0,13.0,1.36466032138381
11.0,13.0,0.7505080103379933
1.0,5.0,3.9724948160678415
1.0,6.0,2.754866115654822
1.0,5.0,1.419028090117957
4.0,16.0,3.21701870053194
0.0,12.0,1.223245376588807
1.0,5.0,0.3323173374113365
7.0,66.0,4.881620824825759
6.0,45.0,1.6966246788701702
1.0,8.0,0.3128987720044138
4.0,73.0,2.129414309891234
0.0,5.0,0.18292979915946933
2.0,5.0,3.9724948160678415
1.0,6.0,2.754866115654822
0.0,5.0,1.419028090117957
4.0,16.0,3.21701870053194
1.0,12.0,1.223245376588807
1.0,5.0,0.3323173374113365
11.0,66.0,4.881620824825759
14.0,45.0,1.6966246788701702
0.0,8.0,0.3128987720044138
18.0,73.0,2.129414309891234
2.0,5.0,0.18292979915946933
3.0,5.0,3.9724948160678415
1.0,6.0,2.754866115654822
1.0,5.0,1.419028090117957
4.0,16.0,3.21701870053194
2.0,12.0,1.223245376588807
3.0,5.0,0.3323173374113365
20.0,66.0,4.881620824825759
14.0,45.0,1.6966246788701702
6.0,8.0,0.3128987720044138
23.0,73.0,2.129414309891234
2.0,5.0,0.18292979915946933
4.0,5.0,3.9724948160678415
4.0,6.0,2.754866115654822
2.0,5.0,1.419028090117957
6.0,16.0,3.21701870053194
7.0,12.0,1.223245376588807
1.0,5.0,0.3323173374113365
24.0,66.0,4.881620824825759
21.0,45.0,1.6966246788701702
2.0,8.0,0.3128987720044138
30.0,73.0,2.129414309891234
2.0,5.0,0.18292979915946933
4.0,5.0,3.9724948160678415
3.0,6.0,2.754866115654822
4.0,5.0,1.419028090117957
7.0,16.0,3.21701870053194
6.0,12.0,1.223245376588807
1.0,5.0,0.3323173374113365
34.0,66.0,4.881620824825759
19.0,45.0,1.6966246788701702
3.0,8.0,0.3128987720044138
31.0,73.0,2.129414309891234
4.0,5.0,0.18292979915946933
4.0,5.0,3.9724948160678415
4.0,6.0,2.754866115654822
4.0,5.0,1.419028090117957
11.0,16.0,3.21701870053194
8.0,12.0,1.223245376588807
5.0,5.0,0.3323173374113365
47.0,66.0,4.881620824825759
20.0,45.0,1.6966246788701702
5.0,8.0,0.3128987720044138
47.0,73.0,2.129414309891234
5.0,5.0,0.18292979915946933
3.0,5.0,3.9724948160678415
3.0,6.0,2.754866115654822
5.0,5.0,1.419028090117957
11.0,16.0,3.21701870053194
10.0,12.0,1.223245376588807
3.0,5.0,0.3323173374113365
46.0,66.0,4.881620824825759
31.0,45.0,1.6966246788701702
6.0,8.0,0.3128987720044138
53.0,73.0,2.129414309891234
4.0,5.0,0.18292979915946933
4.0,5.0,3.9724948160678415
5.0,6.0,2.754866115654822
3.0,5.0,1.419028090117957
11.0,16.0,3.21701870053194
9.0,12.0,1.223245376588807
4.0,5.0,0.3323173374113365
50.0,66.0,4.881620824825759
35.0,45.0,1.6966246788701702
6.0,8.0,0.3128987720044138
56.0,73.0,2.129414309891234
3.0,5.0,0.18292979915946933
5.0,5.0,3.9724948160678415
6.0,6.0,2.754866115654822
4.0,5.0,1.419028090117957
16.0,16.0,3.21701870053194
11.0,12.0,1.223245376588807
5.0,5.0,0.3323173374113365
53.0,66.0,4.881620824825759
38.0,45.0,1.6966246788701702
7.0,8.0,0.3128987720044138
67.0,73.0,2.129414309891234
5.0,5.0,0.18292979915946933
1.0,5.0,4.149912244126409
1.0,7.0,3.7072980966579143
0.0,21.0,3.4483859102510834
2.0,22.0,2.920115028300423
19.0,113.0,5.365592688574498
4.0,35.0,0.7574795935507532
1.0,13.0,0.26038573282540106
1.0,5.0,0.20949962617611154
4.0,68.0,2.548561161867711
5.0,46.0,1.4805054094764583
2.0,4.0,0.11387781355952672
1.0,5.0,4.149912244126409
3.0,7.0,3.7072980966579143
2.0,21.0,3.4483859102510834
1.0,22.0,2.920115028300423
26.0,113.0,5.365592688574498
2.0,35.0,0.7574795935507532
1.0,13.0,0.26038573282540106
2.0,5.0,0.20949962617611154
16.0,68.0,2.548561161867711
8.0,46.0,1.4805054094764583
1.0,4.0,0.11387781355952672
1.0,5.0,4.149912244126409
5.0,7.0,3.7072980966579143
6.0,21.0,3.4483859102510834
12.0,22.0,2.920115028300423
22.0,113.0,5.365592688574498
7.0,35.0,0.7574795935507532
4.0,13.0,0.26038573282540106
1.0,5.0,0.20949962617611154
26.0,68.0,2.548561161867711
14.0,46.0,1.4805054094764583
3.0,4.0,0.11387781355952672
2.0,5.0,4.149912244126409
1.0,7.0,3.7072980966579143
6.0,21.0,3.4483859102510834
8.0,22.0,2.920115028300423
43.0,113.0,5.365592688574498
12.0,35.0,0.7574795935507532
7.0,13.0,0.26038573282540106
4.0,5.0,0.20949962617611154
25.0,68.0,2.548561161867711
22.0,46.0,1.4805054094764583
0.0,4.0,0.11387781355952672
3.0,5.0,4.149912244126409
3.0,7.0,3.7072980966579143
11.0,21.0,3.4483859102510834
5.0,22.0,2.920115028300423
55.0,113.0,5.365592688574498
18.0,35.0,0.7574795935507532
5.0,13.0,0.26038573282540106
2.0,5.0,0.20949962617611154
29.0,68.0,2.548561161867711
22.0,46.0,1.4805054094764583
1.0,4.0,0.11387781355952672
2.0,5.0,4.149912244126409
3.0,7.0,3.7072980966579143
11.0,21.0,3.4483859102510834
18.0,22.0,2.920115028300423
70.0,113.0,5.365592688574498
16.0,35.0,0.7574795935507532
6.0,13.0,0.26038573282540106
2.0,5.0,0.20949962617611154
32.0,68.0,2.548561161867711
36.0,46.0,1.4805054094764583
3.0,4.0,0.11387781355952672
2.0,5.0,4.149912244126409
5.0,7.0,3.7072980966579143
15.0,21.0,3.4483859102510834
17.0,22.0,2.920115028300423
85.0,113.0,5.365592688574498
24.0,35.0,0.7574795935507532
9.0,13.0,0.26038573282540106
3.0,5.0,0.20949962617611154
47.0,68.0,2.548561161867711
31.0,46.0,1.4805054094764583
3.0,4.0,0.11387781355952672
2.0,5.0,4.149912244126409
7.0,7.0,3.7072980966579143
15.0,21.0,3.4483859102510834
18.0,22.0,2.920115028300423
83.0,113.0,5.365592688574498
24.0,35.0,0.7574795935507532
12.0,13.0,0.26038573282540106
3.0,5.0,0.20949962617611154
51.0,68.0,2.548561161867711
38.0,46.0,1.4805054094764583
4.0,4.0,0.11387781355952672
5.0,5.0,4.149912244126409
6.0,7.0,3.7072980966579143
21.0,21.0,3.4483859102510834
18.0,22.0,2.920115028300423
98.0,113.0,5.365592688574498
31.0,35.0,0.7574795935507532
13.0,13.0,0.26038573282540106
5.0,5.0,0.20949962617611154
60.0,68.0,2.548561161867711
40.0,46.0,1.4805054094764583
3.0,4.0,0.11387781355952672
1.0,2.0,1.8106192314128315
1.0,6.0,5.042755495546218
0.0,2.0,0.3342984987973468
1.0,14.0,4.208798757125931
9.0,53.0,6.480985117104152
1.0,7.0,0.4341029330376555
0.0,7.0,0.25617960241214843
7.0,52.0,2.697250800086266
2.0,32.0,1.0425834727925947
8.0,67.0,2.1980342411474605
1.0,6.0,0.07489092704460876
1.0,2.0,1.8106192314128315
2.0,6.0,5.042755495546218
1.0,2.0,0.3342984987973468
1.0,14.0,4.208798757125931
14.0,53.0,6.480985117104152
1.0,7.0,0.4341029330376555
2.0,7.0,0.25617960241214843
10.0,52.0,2.697250800086266
5.0,32.0,1.0425834727925947
12.0,67.0,2.1980342411474605
2.0,6.0,0.07489092704460876
1.0,2.0,1.8106192314128315
2.0,6.0,5.042755495546218
1.0,2.0,0.3342984987973468
5.0,14.0,4.208798757125931
17.0,53.0,6.480985117104152
2.0,7.0,0.4341029330376555
1.0,7.0,0.25617960241214843
19.0,52.0,2.697250800086266
12.0,32.0,1.0425834727925947
13.0,67.0,2.1980342411474605
1.0,6.0,0.07489092704460876
2.0,2.0,1.8106192314128315
2.0,6.0,5.042755495546218
0.0,2.0,0.3342984987973468
4.0,14.0,4.208798757125931
18.0,53.0,6.480985117104152
4.0,7.0,0.4341029330376555
3.0,7.0,0.25617960241214843
22.0,52.0,2.697250800086266
13.0,32.0,1.0425834727925947
29.0,67.0,2.1980342411474605
4.0,6.0,0.07489092704460876
1.0,2.0,1.8106192314128315
4.0,6.0,5.042755495546218
1.0,2.0,0.3342984987973468
8.0,14.0,4.208798757125931
24.0,53.0,6.480985117104152
4.0,7.0,0.4341029330376555
5.0,7.0,0.25617960241214843
26.0,52.0,2.697250800086266
12.0,32.0,1.0425834727925947
35.0,67.0,2.1980342411474605
1.0,6.0,0.07489092704460876
2.0,2.0,1.8106192314128315
3.0,6.0,5.042755495546218
2.0,2.0,0.3342984987973468
10.0,14.0,4.208798757125931
34.0,53.0,6.480985117104152
4.0,7.0,0.4341029330376555
3.0,7.0,0.25617960241214843
33.0,52.0,2.697250800086266
22.0,32.0,1.0425834727925947
40.0,67.0,2.1980342411474605
5.0,6.0,0.07489092704460876
2.0,2.0,1.8106192314128315
3.0,6.0,5.042755495546218
0.0,2.0,0.3342984987973468
11.0,14.0,4.208798757125931
32.0,53.0,6.480985117104152
4.0,7.0,0.4341029330376555
5.0,7.0,0.25617960241214843
28.0,52.0,2.697250800086266
28.0,32.0,1.0425834727925947
47.0,67.0,2.1980342411474605
4.0,6.0,0.07489092704460876
1.0,2.0,1.8106192314128315
5.0,6.0,5.042755495546218
1.0,2.0,0.3342984987973468
13.0,14.0,4.208798757125931
43.0,53.0,6.480985117104152
7.0,7.0,0.4341029330376555
4.0,7.0,0.25617960241214843
41.0,52.0,2.697250800086266
28.0,32.0,1.0425834727925947
50.0,67.0,2.1980342411474605
4.0,6.0,0.07489092704460876
2.0,2.0,1.8106192314128315
5.0,6.0,5.042755495546218
2.0,2.0,0.3342984987973468
13.0,14.0,4.208798757125931
45.0,53.0,6.480985117104152
7.0,7.0,0.4341029330376555
7.0,7.0,0.25617960241214843
48.0,52.0,2.697250800086266
28.0,32.0,1.0425834727925947
61.0,67.0,2.1980342411474605
4.0,6.0,0.07489092704460876
1.0,8.0,8.35382065307043
3.0,14.0,4.5725025076945345
2.0,7.0,1.5361227441856369
0.0,3.0,0.2179924773304337
1.0,24.0,2.337304223889196
4.0,39.0,3.6386764712207613
0.0,7.0,0.6832674610212925
1.0,3.0,0.1388117575534369
3.0,18.0,1.2301978139386773
3.0,22.0,1.4134192688536127
1.0,25.0,1.193876802596497
4.0,8.0,8.35382065307043
1.0,14.0,4.5725025076945345
4.0,7.0,1.5361227441856369
2.0,3.0,0.2179924773304337
5.0,24.0,2.337304223889196
12.0,39.0,3.6386764712207613
4.0,7.0,0.6832674610212925
0.0,3.0,0.1388117575534369
3.0,18.0,1.2301978139386773
5.0,22.0,1.4134192688536127
8.0,25.0,1.193876802596497
1.0,8.0,8.35382065307043
3.0,14.0,4.5725025076945345
2.0,7.0,1.5361227441856369
1.0,3.0,0.2179924773304337
10.0,24.0,2.337304223889196
11.0,39.0,3.6386764712207613
2.0,7.0,0.6832674610212925
1.0,3.0,0.1388117575534369
3.0,18.0,1.2301978139386773
7.0,22.0,1.4134192688536127
4.0,25.0,1.193876802596497
2.0,8.0,8.35382065307043
6.0,14.0,4.5725025076945345
3.0,7.0,1.5361227441856369
2.0,3.0,0.2179924773304337
10.0,24.0,2.337304223889196
19.0,39.0,3.6386764712207613
2.0,7.0,0.6832674610212925
1.0,3.0,0.1388117575534369
8.0,18.0,1.2301978139386773
6.0,22.0,1.4134192688536127
19.0,25.0,1.193876802596497
6.0,8.0,8.35382065307043
8.0,14.0,4.5725025076945345
7.0,7.0,1.5361227441856369
1.0,3.0,0.2179924773304337
12.0,24.0,2.337304223889196
19.0,39.0,3.6386764712207613
3.0,7.0,0.6832674610212925
1.0,3.0,0.1388117575534369
9.0,18.0,1.2301978139386773
11.0,22.0,1.4134192688536127
8.0,25.0,1.193876802596497
5.0,8.0,8.35382065307043
9.0,14.0,4.5725025076945345
4.0,7.0,1.5361227441856369
2.0,3.0,0.2179924773304337
14.0,24.0,2.337304223889196
17.0,39.0,3.6386764712207613
2.0,7.0,0.6832674610212925
1.0,3.0,0.1388117575534369
13.0,18.0,1.2301978139386773
14.0,22.0,1.4134192688536127
13.0,25.0,1.193876802596497
3.0,8.0,8.35382065307043
12.0,14.0,4.5725025076945345
6.0,7.0,1.5361227441856369
2.0,3.0,0.2179924773304337
19.0,24.0,2.337304223889196
31.0,39.0,3.6386764712207613
3.0,7.0,0.6832674610212925
3.0,3.0,0.1388117575534369
9.0,18.0,1.2301978139386773
20.0,22.0,1.4134192688536127
17.0,25.0,1.193876802596497
6.0,8.0,8.35382065307043
8.0,14.0,4.5725025076945345
5.0,7.0,1.5361227441856369
2.0,3.0,0.2179924773304337
20.0,24.0,2.337304223889196
28.0,39.0,3.6386764712207613
5.0,7.0,0.6832674610212925
3.0,3.0,0.1388117575534369
14.0,18.0,1.2301978139386773
20.0,22.0,1.4134192688536127
21.0,25.0,1.193876802596497
6.0,8.0,8.35382065307043
12.0,14.0,4.5725025076945345
6.0,7.0,1.5361227441856369
3.0,3.0,0.2179924773304337
18.0,24.0,2.337304223889196
35.0,39.0,3.6386764712207613
7.0,7.0,0.6832674610212925
3.0,3.0,0.1388117575534369
15.0,18.0,1.2301978139386773
21.0,22.0,1.4134192688536127
21.0,25.0,1.193876802596497
2.0,4.0,3.6102640496475793
1.0,5.0,1.9398062966167524
0.0,4.0,0.6619733919185697
1.0,14.0,5.773058680498149
1.0,10.0,2.504492211621785
2.0,26.0,2.4296541464822208
1.0,15.0,0.9456458182841436
2.0,24.0,1.4964604909854224
0.0,2.0,0.07528131146388323
0.0,30.0,1.5815629844077632
6.0,39.0,2.1686461597571545
1.0,4.0,3.6102640496475793
2.0,5.0,1.9398062966167524
1.0,4.0,0.6619733919185697
1.0,14.0,5.773058680498149
4.0,10.0,2.504492211621785
5.0,26.0,2.4296541464822208
1.0,15.0,0.9456458182841436
4.0,24.0,1.4964604909854224
0.0,2.0,0.07528131146388323
8.0,30.0,1.5815629844077632
9.0,39.0,2.1686461597571545
1.0,4.0,3.6102640496475793
1.0,5.0,1.9398062966167524
1.0,4.0,0.6619733919185697
5.0,14.0,5.773058680498149
4.0,10.0,2.504492211621785
14.0,26.0,2.4296541464822208
4.0,15.0,0.9456458182841436
9.0,24.0,1.4964604909854224
1.0,2.0,0.07528131146388323
8.0,30.0,1.5815629844077632
7.0,39.0,2.1686461597571545
1.0,4.0,3.6102640496475793
3.0,5.0,1.9398062966167524
2.0,4.0,0.6619733919185697
7.0,14.0,5.773058680498149
2.0,10.0,2.504492211621785
11.0,26.0,2.4296541464822208
4.0,15.0,0.9456458182841436
8.0,24.0,1.4964604909854224
1.0,2.0,0.07528131146388323
10.0,30.0,1.5815629844077632
10.0,39.0,2.1686461597571545
2.0,4.0,3.6102640496475793
2.0,5.0,1.9398062966167524
1.0,4.0,0.6619733919185697
6.0,14.0,5.773058680498149
4.0,10.0,2.504492211621785
12.0,26.0,2.4296541464822208
9.0,15.0,0.9456458182841436
12.0,24.0,1.4964604909854224
1.0,2.0,0.07528131146388323
19.0,30.0,1.5815629844077632
17.0,39.0,2.1686461597571545
2.0,4.0,3.6102640496475793
2.0,5.0,1.9398062966167524
2.0,4.0,0.6619733919185697
9.0,14.0,5.773058680498149
5.0,10.0,2.504492211621785
16.0,26.0,2.4296541464822208
10.0,15.0,0.9456458182841436
17.0,24.0,1.4964604909854224
1.0,2.0,0.07528131146388323
17.0,30.0,1.5815629844077632
29.0,39.0,2.1686461597571545
3.0,4.0,3.6102640496475793
4.0,5.0,1.9398062966167524
3.0,4.0,0.6619733919185697
10.0,14.0,5.773058680498149
7.0,10.0,2.504492211621785
21.0,26.0,2.4296541464822208
12.0,15.0,0.9456458182841436
19.0,24.0,1.4964604909854224
2.0,2.0,0.07528131146388323
22.0,30.0,1.5815629844077632
30.0,39.0,2.1686461597571545
3.0,4.0,3.6102640496475793
4.0,5.0,1.9398062966167524
4.0,4.0,0.6619733919185697
11.0,14.0,5.773058680498149
8.0,10.0,2.504492211621785
24.0,26.0,2.4296541464822208
11.0,15.0,0.9456458182841436
19.0,24.0,1.4964604909854224
1.0,2.0,0.07528131146388323
24.0,30.0,1.5815629844077632
32.0,39.0,2.1686461597571545
4.0,4.0,3.6102640496475793
3.0,5.0,1.9398062966167524
4.0,4.0,0.6619733919185697
11.0,14.0,5.773058680498149
7.0,10.0,2.504492211621785
23.0,26.0,2.4296541464822208
15.0,15.0,0.9456458182841436
22.0,24.0,1.4964604909854224
2.0,2.0,0.07528131146388323
25.0,30.0,1.5815629844077632
38.0,39.0,2.1686461597571545
1.0,7.0,14.071124320442415
1.0,4.0,2.524157615921388
1.0,9.0,1.039779553825515
0.0,1.0,0.11617291760280547
1.0,20.0,3.2336224281467505
1.0,5.0,0.5722141527965823
1.0,20.0,1.5556235085580798
1.0,13.0,0.7798881714679293
1.0,12.0,0.6329586282642745
0.0,15.0,1.2157553100096494
1.0,4.0,0.6184924890977228
2.0,7.0,14.071124320442415
1.0,4.0,2.524157615921388
3.0,9.0,1.039779553825515
1.0,1.0,0.11617291760280547
6.0,20.0,3.2336224281467505
0.0,5.0,0.5722141527965823
3.0,20.0,1.5556235085580798
3.0,13.0,0.7798881714679293
4.0,12.0,0.6329586282642745
5.0,15.0,1.2157553100096494
2.0,4.0,0.6184924890977228
2.0,7.0,14.071124320442415
3.0,4.0,2.524157615921388
3.0,9.0,1.039779553825515
0.0,1.0,0.11617291760280547
8.0,20.0,3.2336224281467505
1.0,5.0,0.5722141527965823
5.0,20.0,1.5556235085580798
4.0,13.0,0.7798881714679293
1.0,12.0,0.6329586282642745
6.0,15.0,1.2157553100096494
2.0,4.0,0.6184924890977228
2.0,7.0,14.071124320442415
1.0,4.0,2.524157615921388
3.0,9.0,1.039779553825515
1.0,1.0,0.11617291760280547
11.0,20.0,3.2336224281467505
3.0,5.0,0.5722141527965823
8.0,20.0,1.5556235085580798
4.0,13.0,0.7798881714679293
7.0,12.0,0.6329586282642745
3.0,15.0,1.2157553100096494
2.0,4.0,0.6184924890977228
2.0,7.0,14.071124320442415
3.0,4.0,2.524157615921388
3.0,9.0,1.039779553825515
1.0,1.0,0.11617291760280547
9.0,20.0,3.2336224281467505
3.0,5.0,0.5722141527965823
12.0,20.0,1.5556235085580798
7.0,13.0,0.7798881714679293
7.0,12.0,0.6329586282642745
8.0,15.0,1.2157553100096494
2.0,4.0,0.6184924890977228
1.0,7.0,14.071124320442415
3.0,4.0,2.524157615921388
5.0,9.0,1.039779553825515
1.0,1.0,0.11617291760280547
12.0,20.0,3.2336224281467505
4.0,5.0,0.5722141527965823
10.0,20.0,1.5556235085580798
7.0,13.0,0.7798881714679293
5.0,12.0,0.6329586282642745
7.0,15.0,1.2157553100096494
1.0,4.0,0.6184924890977228
6.0,7.0,14.071124320442415
2.0,4.0,2.524157615921388
6.0,9.0,1.039779553825515
1.0,1.0,0.11617291760280547
12.0,20.0,3.2336224281467505
3.0,5.0,0.5722141527965823
13.0,20.0,1.5556235085580798
10.0,13.0,0.7798881714679293
8.0,12.0,0.6329586282642745
12.0,15.0,1.2157553100096494
2.0,4.0,0.6184924890977228
7.0,7.0,14.071124320442415
3.0,4.0,2.524157615921388
8.0,9.0,1.039779553825515
1.0,1.0,0.11617291760280547
13.0,20.0,3.2336224281467505
5.0,5.0,0.5722141527965823
17.0,20.0,1.5556235085580798
8.0,13.0,0.7798881714679293
11.0,12.0,0.6329586282642745
14.0,15.0,1.2157553100096494
4.0,4.0,0.6184924890977228
7.0,7.0,14.071124320442415
4.0,4.0,2.524157615921388
8.0,9.0,1.039779553825515
1.0,1.0,0.11617291760280547
17.0,20.0,3.2336224281467505
5.0,5.0,0.5722141527965823
16.0,20.0,1.5556235085580798
12.0,13.0,0.7798881714679293
12.0,12.0,0.6329586282642745
13.0,15.0,1.2157553100096494
4.0,4.0,0.6184924890977228
1.0,8.0,14.550243504679505
2.0,13.0,6.5276385994597685
1.0,32.0,3.709283196112679
1.0,10.0,0.6909494482529209
0.0,12.0,0.7377730794258928
1.0,12.0,0.8231581038642671
5.0,47.0,2.780346561534732
5.0,51.0,2.4030956839532536
1.0,19.0,0.4609575400706426
2.0,12.0,0.27825751441945556
2.0,6.0,0.21180197832970318
4.0,8.0,14.550243504679505
4.0,13.0,6.5276385994597685
7.0,32.0,3.709283196112679
2.0,10.0,0.6909494482529209
3.0,12.0,0.7377730794258928
5.0,12.0,0.8231581038642671
10.0,47.0,2.780346561534732
10.0,51.0,2.4030956839532536
4.0,19.0,0.4609575400706426
3.0,12.0,0.27825751441945556
1.0,6.0,0.21180197832970318
1.0,8.0,14.550243504679505
4.0,13.0,6.5276385994597685
5.0,32.0,3.709283196112679
3.0,10.0,0.6909494482529209
4.0,12.0,0.7377730794258928
2.0,12.0,0.8231581038642671
16.0,47.0,2.780346561534732
18.0,51.0,2.4030956839532536
5.0,19.0,0.4609575400706426
5.0,12.0,0.27825751441945556
2.0,6.0,0.21180197832970318
3.0,8.0,14.550243504679505
5.0,13.0,6.5276385994597685
12.0,32.0,3.709283196112679
4.0,10.0,0.6909494482529209
4.0,12.0,0.7377730794258928
6.0,12.0,0.8231581038642671
23.0,47.0,2.780346561534732
22.0,51.0,2.4030956839532536
4.0,19.0,0.4609575400706426
3.0,12.0,0.27825751441945556
3.0,6.0,0.21180197832970318
5.0,8.0,14.550243504679505
6.0,13.0,6.5276385994597685
16.0,32.0,3.709283196112679
3.0,10.0,0.6909494482529209
7.0,12.0,0.7377730794258928
9.0,12.0,0.8231581038642671
25.0,47.0,2.780346561534732
26.0,51.0,2.4030956839532536
7.0,19.0,0.4609575400706426
8.0,12.0,0.27825751441945556
0.0,6.0,0.21180197832970318
5.0,8.0,14.550243504679505
9.0,13.0,6.5276385994597685
20.0,32.0,3.709283196112679
4.0,10.0,0.6909494482529209
9.0,12.0,0.7377730794258928
9.0,12.0,0.8231581038642671
29.0,47.0,2.780346561534732
26.0,51.0,2.4030956839532536
10.0,19.0,0.4609575400706426
8.0,12.0,0.27825751441945556
2.0,6.0,0.21180197832970318
5.0,8.0,14.550243504679505
10.0,13.0,6.5276385994597685
18.0,32.0,3.709283196112679
4.0,10.0,0.6909494482529209
5.0,12.0,0.7377730794258928
10.0,12.0,0.8231581038642671
33.0,47.0,2.780346561534732
39.0,51.0,2.4030956839532536
14.0,19.0,0.4609575400706426
8.0,12.0,0.27825751441945556
3.0,6.0,0.21180197832970318
7.0,8.0,14.550243504679505
10.0,13.0,6.5276385994597685
27.0,32.0,3.709283196112679
8.0,10.0,0.6909494482529209
9.0,12.0,0.7377730794258928
9.0,12.0,0.8231581038642671
34.0,47.0,2.780346561534732
42.0,51.0,2.4030956839532536
16.0,19.0,0.4609575400706426
11.0,12.0,0.27825751441945556
3.0,6.0,0.21180197832970318
8.0,8.0,14.550243504679505
12.0,13.0,6.5276385994597685
31.0,32.0,3.709283196112679
10.0,10.0,0.6909494482529209
11.0,12.0,0.7377730794258928
11.0,12.0,0.8231581038642671
40.0,47.0,2.780346561534732
48.0,51.0,2.4030956839532536
15.0,19.0,0.4609575400706426
12.0,12.0,0.27825751441945556
5.0,6.0,0.21180197832970318
1.0,2.0,0.870698766103371
0.0,7.0,2.835287362703176
0.0,6.0,3.5996730379867525
2.0,8.0,2.4274145096573196
1.0,7.0,1.1067412454399022
2.0,28.0,3.284432703484048
6.0,67.0,4.231199566017997
12.0,71.0,2.5950019659189683
9.0,97.0,1.705503681404056
7.0,59.0,0.9267253494686328
3.0,46.0,0.5568267453186703
1.0,2.0,0.870698766103371
0.0,7.0,2.835287362703176
1.0,6.0,3.5996730379867525
0.0,8.0,2.4274145096573196
1.0,7.0,1.1067412454399022
2.0,28.0,3.284432703484048
11.0,67.0,4.231199566017997
20.0,71.0,2.5950019659189683
19.0,97.0,1.705503681404056
13.0,59.0,0.9267253494686328
11.0,46.0,0.5568267453186703
1.0,2.0,0.870698766103371
3.0,7.0,2.835287362703176
3.0,6.0,3.5996730379867525
2.0,8.0,2.4274145096573196
1.0,7.0,1.1067412454399022
9.0,28.0,3.284432703484048
11.0,67.0,4.231199566017997
24.0,71.0,2.5950019659189683
22.0,97.0,1.705503681404056
22.0,59.0,0.9267253494686328
17.0,46.0,0.5568267453186703
2.0,2.0,0.870698766103371
1.0,7.0,2.835287362703176
1.0,6.0,3.5996730379867525
4.0,8.0,2.4274145096573196
2.0,7.0,1.1067412454399022
8.0,28.0,3.284432703484048
31.0,67.0,4.231199566017997
31.0,71.0,2.5950019659189683
38.0,97.0,1.705503681404056
21.0,59.0,0.9267253494686328
18.0,46.0,0.5568267453186703
1.0,2.0,0.870698766103371
2.0,7.0,2.835287362703176
4.0,6.0,3.5996730379867525
3.0,8.0,2.4274145096573196
5.0,7.0,1.1067412454399022
13.0,28.0,3.284432703484048
29.0,67.0,4.231199566017997
39.0,71.0,2.5950019659189683
51.0,97.0,1.705503681404056
30.0,59.0,0.9267253494686328
27.0,46.0,0.5568267453186703
1.0,2.0,0.870698766103371
3.0,7.0,2.835287362703176
4.0,6.0,3.5996730379867525
5.0,8.0,2.4274145096573196
5.0,7.0,1.1067412454399022
19.0,28.0,3.284432703484048
35.0,67.0,4.231199566017997
35.0,71.0,2.5950019659189683
55.0,97.0,1.705503681404056
29.0,59.0,0.9267253494686328
24.0,46.0,0.5568267453186703
2.0,2.0,0.870698766103371
3.0,7.0,2.835287362703176
6.0,6.0,3.5996730379867525
6.0,8.0,2.4274145096573196
5.0,7.0,1.1067412454399022
15.0,28.0,3.284432703484048
47.0,67.0,4.231199566017997
61.0,71.0,2.5950019659189683
65.0,97.0,1.705503681404056
37.0,59.0,0.9267253494686328
33.0,46.0,0.5568267453186703
1.0,2.0,0.870698766103371
5.0,7.0,2.835287362703176
4.0,6.0,3.5996730379867525
8.0,8.0,2.4274145096573196
6.0,7.0,1.1067412454399022
24.0,28.0,3.284432703484048
44.0,67.0,4.231199566017997
54.0,71.0,2.5950019659189683
75.0,97.0,1.705503681404056
44.0,59.0,0.9267253494686328
39.0,46.0,0.5568267453186703
2.0,2.0,0.870698766103371
7.0,7.0,2.835287362703176
6.0,6.0,3.5996730379867525
6.0,8.0,2.4274145096573196
7.0,7.0,1.1067412454399022
24.0,28.0,3.284432703484048
61.0,67.0,4.231199566017997
65.0,71.0,2.5950019659189683
89.0,97.0,1.705503681404056
52.0,59.0,0.9267253494686328
42.0,46.0,0.5568267453186703
1.0,5.0,2.8560775255722723
0.0,2.0,1.543430549956358
0.0,4.0,2.6148721104228128
2.0,24.0,7.130606842117317
6.0,51.0,4.074422106281004
1.0,11.0,0.3858449403721289
4.0,36.0,1.1821628648330793
4.0,76.0,2.8753466315147795
3.0,50.0,0.9576848462411068
8.0,76.0,1.5637347401766792
2.0,35.0,0.6087810715133809
1.0,5.0,2.8560775255722723
1.0,2.0,1.543430549956358
0.0,4.0,2.6148721104228128
3.0,24.0,7.130606842117317
9.0,51.0,4.074422106281004
3.0,11.0,0.3858449403721289
9.0,36.0,1.1821628648330793
16.0,76.0,2.8753466315147795
7.0,50.0,0.9576848462411068
18.0,76.0,1.5637347401766792
6.0,35.0,0.6087810715133809
2.0,5.0,2.8560775255722723
1.0,2.0,1.543430549956358
2.0,4.0,2.6148721104228128
9.0,24.0,7.130606842117317
16.0,51.0,4.074422106281004
4.0,11.0,0.3858449403721289
9.0,36.0,1.1821628648330793
18.0,76.0,2.8753466315147795
12.0,50.0,0.9576848462411068
24.0,76.0,1.5637347401766792
11.0,35.0,0.6087810715133809
4.0,5.0,2.8560775255722723
1.0,2.0,1.543430549956358
2.0,4.0,2.6148721104228128
7.0,24.0,7.130606842117317
22.0,51.0,4.074422106281004
6.0,11.0,0.3858449403721289
16.0,36.0,1.1821628648330793
30.0,76.0,2.8753466315147795
25.0,50.0,0.9576848462411068
29.0,76.0,1.5637347401766792
15.0,35.0,0.6087810715133809
4.0,5.0,2.8560775255722723
0.0,2.0,1.543430549956358
2.0,4.0,2.6148721104228128
12.0,24.0,7.130606842117317
32.0,51.0,4.074422106281004
4.0,11.0,0.3858449403721289
14.0,36.0,1.1821628648330793
40.0,76.0,2.8753466315147795
21.0,50.0,0.9576848462411068
32.0,76.0,1.5637347401766792
14.0,35.0,0.6087810715133809
3.0,5.0,2.8560775255722723
2.0,2.0,1.543430549956358
2.0,4.0,2.6148721104228128
15.0,24.0,7.130606842117317
31.0,51.0,4.074422106281004
10.0,11.0,0.3858449403721289
19.0,36.0,1.1821628648330793
43.0,76.0,2.8753466315147795
22.0,50.0,0.9576848462411068
47.0,76.0,1.5637347401766792
22.0,35.0,0.6087810715133809
3.0,5.0,2.8560775255722723
1.0,2.0,1.543430549956358
2.0,4.0,2.6148721104228128
13.0,24.0,7.130606842117317
33.0,51.0,4.074422106281004
4.0,11.0,0.3858449403721289
26.0,36.0,1.1821628648330793
51.0,76.0,2.8753466315147795
39.0,50.0,0.9576848462411068
57.0,76.0,1.5637347401766792
21.0,35.0,0.6087810715133809
3.0,5.0,2.8560775255722723
2.0,2.0,1.543430549956358
4.0,4.0,2.6148721104228128
18.0,24.0,7.130606842117317
41.0,51.0,4.074422106281004
10.0,11.0,0.3858449403721289
31.0,36.0,1.1821628648330793
64.0,76.0,2.8753466315147795
40.0,50.0,0.9576848462411068
60.0,76.0,1.5637347401766792
31.0,35.0,0.6087810715133809
5.0,5.0,2.8560775255722723
2.0,2.0,1.543430549956358
4.0,4.0,2.6148721104228128
20.0,24.0,7.130606842117317
43.0,51.0,4.074422106281004
10.0,11.0,0.3858449403721289
32.0,36.0,1.1821628648330793
70.0,76.0,2.8753466315147795
43.0,50.0,0.9576848462411068
63.0,76.0,1.5637347401766792
29.0,35.0,0.6087810715133809
1.0,3.0,1.733682222859884
0.0,10.0,5.1350909302308185
0.0,7.0,1.7357754520539124
0.0,13.0,2.2816186994708976
2.0,13.0,0.6443657784360098
2.0,31.0,2.2278841197933663
0.0,7.0,0.38408848860666317
1.0,9.0,0.4536717578296856
6.0,62.0,3.2797384592895265
3.0,8.0,0.37446060847530177
2.0,10.0,0.2534701504784412
1.0,3.0,1.733682222859884
2.0,10.0,5.1350909302308185
2.0,7.0,1.7357754520539124
3.0,13.0,2.2816186994708976
2.0,13.0,0.6443657784360098
11.0,31.0,2.2278841197933663
3.0,7.0,0.38408848860666317
2.0,9.0,0.4536717578296856
14.0,62.0,3.2797384592895265
3.0,8.0,0.37446060847530177
3.0,10.0,0.2534701504784412
2.0,3.0,1.733682222859884
4.0,10.0,5.1350909302308185
2.0,7.0,1.7357754520539124
3.0,13.0,2.2816186994708976
5.0,13.0,0.6443657784360098
11.0,31.0,2.2278841197933663
1.0,7.0,0.38408848860666317
4.0,9.0,0.4536717578296856
16.0,62.0,3.2797384592895265
3.0,8.0,0.37446060847530177
1.0,10.0,0.2534701504784412
3.0,3.0,1.733682222859884
6.0,10.0,5.1350909302308185
2.0,7.0,1.7357754520539124
3.0,13.0,2.2816186994708976
4.0,13.0,0.6443657784360098
10.0,31.0,2.2278841197933663
4.0,7.0,0.38408848860666317
2.0,9.0,0.4536717578296856
27.0,62.0,3.2797384592895265
2.0,8.0,0.37446060847530177
3.0,10.0,0.2534701504784412
1.0,3.0,1.733682222859884
7.0,10.0,5.1350909302308185
3.0,7.0,1.7357754520539124
5.0,13.0,2.2816186994708976
5.0,13.0,0.6443657784360098
14.0,31.0,2.2278841197933663
4.0,7.0,0.38408848860666317
3.0,9.0,0.4536717578296856
34.0,62.0,3.2797384592895265
3.0,8.0,0.37446060847530177
4.0,10.0,0.2534701504784412
1.0,3.0,1.733682222859884
7.0,10.0,5.1350909302308185
6.0,7.0,1.7357754520539124
9.0,13.0,2.2816186994708976
7.0,13.0,0.6443657784360098
20.0,31.0,2.2278841197933663
5.0,7.0,0.38408848860666317
5.0,9.0,0.4536717578296856
37.0,62.0,3.2797384592895265
4.0,8.0,0.37446060847530177
8.0,10.0,0.2534701504784412
3.0,3.0,1.733682222859884
6.0,10.0,5.1350909302308185
4.0,7.0,1.7357754520539124
12.0,13.0,2.2816186994708976
9.0,13.0,0.6443657784360098
18.0,31.0,2.2278841197933663
5.0,7.0,0.38408848860666317
5.0,9.0,0.4536717578296856
48.0,62.0,3.2797384592895265
5.0,8.0,0.37446060847530177
8.0,10.0,0.2534701504784412
2.0,3.0,1.733682222859884
9.0,10.0,5.1350909302308185
6.0,7.0,1.7357754520539124
10.0,13.0,2.2816186994708976
8.0,13.0,0.6443657784360098
27.0,31.0,2.2278841197933663
7.0,7.0,0.38408848860666317
7.0,9.0,0.4536717578296856
52.0,62.0,3.2797384592895265
5.0,8.0,0.37446060847530177
8.0,10.0,0.2534701504784412
2.0,3.0,1.733682222859884
10.0,10.0,5.1350909302308185
7.0,7.0,1.7357754520539124
12.0,13.0,2.2816186994708976
12.0,13.0,0.6443657784360098
30.0,31.0,2.2278841197933663
7.0,7.0,0.38408848860666317
9.0,9.0,0.4536717578296856
57.0,62.0,3.2797384592895265
8.0,8.0,0.37446060847530177
10.0,10.0,0.2534701504784412
1.0,3.0,7.3719400546771645
0.0,4.0,1.9826529875060708
2.0,12.0,3.5805669148011487
0.0,6.0,0.7269637559667248
5.0,51.0,5.553316807835185
1.0,21.0,0.9996889196800801
0.0,29.0,1.1944362527450623
5.0,45.0,1.4397319825652568
6.0,29.0,1.038367712824894
4.0,41.0,1.0570707558813568
2.0,22.0,0.5469664505710772
1.0,3.0,7.3719400546771645
1.0,4.0,1.9826529875060708
4.0,12.0,3.5805669148011487
3.0,6.0,0.7269637559667248
6.0,51.0,5.553316807835185
4.0,21.0,0.9996889196800801
2.0,29.0,1.1944362527450623
7.0,45.0,1.4397319825652568
7.0,29.0,1.038367712824894
9.0,41.0,1.0570707558813568
5.0,22.0,0.5469664505710772
1.0,3.0,7.3719400546771645
2.0,4.0,1.9826529875060708
2.0,12.0,3.5805669148011487
1.0,6.0,0.7269637559667248
15.0,51.0,5.553316807835185
12.0,21.0,0.9996889196800801
11.0,29.0,1.1944362527450623
16.0,45.0,1.4397319825652568
8.0,29.0,1.038367712824894
13.0,41.0,1.0570707558813568
6.0,22.0,0.5469664505710772
1.0,3.0,7.3719400546771645
0.0,4.0,1.9826529875060708
4.0,12.0,3.5805669148011487
4.0,6.0,0.7269637559667248
27.0,51.0,5.553316807835185
10.0,21.0,0.9996889196800801
7.0,29.0,1.1944362527450623
22.0,45.0,1.4397319825652568
15.0,29.0,1.038367712824894
14.0,41.0,1.0570707558813568
9.0,22.0,0.5469664505710772
1.0,3.0,7.3719400546771645
3.0,4.0,1.9826529875060708
7.0,12.0,3.5805669148011487
3.0,6.0,0.7269637559667248
29.0,51.0,5.553316807835185
15.0,21.0,0.9996889196800801
12.0,29.0,1.1944362527450623
21.0,45.0,1.4397319825652568
15.0,29.0,1.038367712824894
18.0,41.0,1.0570707558813568
8.0,22.0,0.5469664505710772
2.0,3.0,7.3719400546771645
2.0,4.0,1.9826529875060708
6.0,12.0,3.5805669148011487
4.0,6.0,0.7269637559667248
27.0,51.0,5.553316807835185
11.0,21.0,0.9996889196800801
25.0,29.0,1.1944362527450623
23.0,45.0,1.4397319825652568
15.0,29.0,1.038367712824894
27.0,41.0,1.0570707558813568
13.0,22.0,0.5469664505710772
3.0,3.0,7.3719400546771645
1.0,4.0,1.9826529875060708
9.0,12.0,3.5805669148011487
5.0,6.0,0.7269637559667248
34.0,51.0,5.553316807835185
16.0,21.0,0.9996889196800801
20.0,29.0,1.1944362527450623
31.0,45.0,1.4397319825652568
22.0,29.0,1.038367712824894
28.0,41.0,1.0570707558813568
17.0,22.0,0.5469664505710772
2.0,3.0,7.3719400546771645
3.0,4.0,1.9826529875060708
10.0,12.0,3.5805669148011487
6.0,6.0,0.7269637559667248
41.0,51.0,5.553316807835185
16.0,21.0,0.9996889196800801
22.0,29.0,1.1944362527450623
39.0,45.0,1.4397319825652568
22.0,29.0,1.038367712824894
34.0,41.0,1.0570707558813568
19.0,22.0,0.5469664505710772
3.0,3.0,7.3719400546771645
4.0,4.0,1.9826529875060708
11.0,12.0,3.5805669148011487
6.0,6.0,0.7269637559667248
47.0,51.0,5.553316807835185
19.0,21.0,0.9996889196800801
26.0,29.0,1.1944362527450623
42.0,45.0,1.4397319825652568
28.0,29.0,1.038367712824894
36.0,41.0,1.0570707558813568
18.0,22.0,0.5469664505710772
1.0,3.0,3.2534093117188987
1.0,5.0,3.872964662126242
1.0,17.0,5.974372060526152
2.0,14.0,2.7647322917742057
2.0,8.0,0.41942086470071716
0.0,5.0,0.28220011437194215
0.0,7.0,0.7385999393549242
4.0,16.0,1.540291885984471
3.0,9.0,0.9217973965953663
2.0,10.0,0.9354218106905385
1.0,24.0,2.2434549864056805
1.0,3.0,3.2534093117188987
1.0,5.0,3.872964662126242
3.0,17.0,5.974372060526152
5.0,14.0,2.7647322917742057
2.0,8.0,0.41942086470071716
1.0,5.0,0.28220011437194215
2.0,7.0,0.7385999393549242
6.0,16.0,1.540291885984471
4.0,9.0,0.9217973965953663
4.0,10.0,0.9354218106905385
6.0,24.0,2.2434549864056805
1.0,3.0,3.2534093117188987
2.0,5.0,3.872964662126242
6.0,17.0,5.974372060526152
5.0,14.0,2.7647322917742057
0.0,8.0,0.41942086470071716
2.0,5.0,0.28220011437194215
1.0,7.0,0.7385999393549242
5.0,16.0,1.540291885984471
4.0,9.0,0.9217973965953663
6.0,10.0,0.9354218106905385
5.0,24.0,2.2434549864056805
1.0,3.0,3.2534093117188987
4.0,5.0,3.872964662126242
8.0,17.0,5.974372060526152
6.0,14.0,2.7647322917742057
2.0,8.0,0.41942086470071716
2.0,5.0,0.28220011437194215
1.0,7.0,0.7385999393549242
6.0,16.0,1.540291885984471
6.0,9.0,0.9217973965953663
5.0,10.0,0.9354218106905385
8.0,24.0,2.2434549864056805
2.0,3.0,3.2534093117188987
3.0,5.0,3.872964662126242
11.0,17.0,5.974372060526152
6.0,14.0,2.7647322917742057
5.0,8.0,0.41942086470071716
3.0,5.0,0.28220011437194215
6.0,7.0,0.7385999393549242
13.0,16.0,1.540291885984471
5.0,9.0,0.9217973965953663
6.0,10.0,0.9354218106905385
9.0,24.0,2.2434549864056805
2.0,3.0,3.2534093117188987
1.0,5.0,3.872964662126242
9.0,17.0,5.974372060526152
8.0,14.0,2.7647322917742057
5.0,8.0,0.41942086470071716
4.0,5.0,0.28220011437194215
4.0,7.0,0.7385999393549242
11.0,16.0,1.540291885984471
7.0,9.0,0.9217973965953663
6.0,10.0,0.9354218106905385
12.0,24.0,2.2434549864056805
2.0,3.0,3.2534093117188987
5.0,5.0,3.872964662126242
13.0,17.0,5.974372060526152
11.0,14.0,2.7647322917742057
3.0,8.0,0.41942086470071716
4.0,5.0,0.28220011437194215
5.0,7.0,0.7385999393549242
12.0,16.0,1.540291885984471
8.0,9.0,0.9217973965953663
6.0,10.0,0.9354218106905385
18.0,24.0,2.2434549864056805
2.0,3.0,3.2534093117188987
5.0,5.0,3.872964662126242
12.0,17.0,5.974372060526152
12.0,14.0,2.7647322917742057
7.0,8.0,0.41942086470071716
4.0,5.0,0.28220011437194215
5.0,7.0,0.7385999393549242
10.0,16.0,1.540291885984471
5.0,9.0,0.9217973965953663
6.0,10.0,0.9354218106905385
20.0,24.0,2.2434549864056805
3.0,3.0,3.2534093117188987
4.0,5.0,3.872964662126242
15.0,17.0,5.974372060526152
13.0,14.0,2.7647322917742057
7.0,8.0,0.41942086470071716
5.0,5.0,0.28220011437194215
7.0,7.0,0.7385999393549242
12.0,16.0,1.540291885984471
7.0,9.0,0.9217973965953663
8.0,10.0,0.9354218106905385
23.0,24.0,2.2434549864056805
1.0,4.0,3.5233337616693072
2.0,8.0,3.260349089192782
1.0,10.0,2.345312523486075
1.0,8.0,1.6860790813935809
2.0,16.0,2.1384543292604614
5.0,54.0,3.3420279808252307
1.0,19.0,0.5120070696253347
5.0,22.0,1.0157984739392796
0.0,26.0,0.7903601261494343
6.0,57.0,1.7663840932967532
0.0,7.0,0.17293654860963742
1.0,4.0,3.5233337616693072
2.0,8.0,3.260349089192782
1.0,10.0,2.345312523486075
0.0,8.0,1.6860790813935809
2.0,16.0,2.1384543292604614
14.0,54.0,3.3420279808252307
4.0,19.0,0.5120070696253347
4.0,22.0,1.0157984739392796
7.0,26.0,0.7903601261494343
15.0,57.0,1.7663840932967532
0.0,7.0,0.17293654860963742
2.0,4.0,3.5233337616693072
2.0,8.0,3.260349089192782
1.0,10.0,2.345312523486075
2.0,8.0,1.6860790813935809
4.0,16.0,2.1384543292604614
19.0,54.0,3.3420279808252307
7.0,19.0,0.5120070696253347
10.0,22.0,1.0157984739392796
3.0,26.0,0.7903601261494343
18.0,57.0,1.7663840932967532
3.0,7.0,0.17293654860963742
3.0,4.0,3.5233337616693072
5.0,8.0,3.260349089192782
5.0,10.0,2.345312523486075
5.0,8.0,1.6860790813935809
7.0,16.0,2.1384543292604614
21.0,54.0,3.3420279808252307
8.0,19.0,0.5120070696253347
7.0,22.0,1.0157984739392796
5.0,26.0,0.7903601261494343
28.0,57.0,1.7663840932967532
2.0,7.0,0.17293654860963742
1.0,4.0,3.5233337616693072
2.0,8.0,3.260349089192782
7.0,10.0,2.345312523486075
3.0,8.0,1.6860790813935809
6.0,16.0,2.1384543292604614
25.0,54.0,3.3420279808252307
11.0,19.0,0.5120070696253347
8.0,22.0,1.0157984739392796
15.0,26.0,0.7903601261494343
27.0,57.0,1.7663840932967532
2.0,7.0,0.17293654860963742
3.0,4.0,3.5233337616693072
2.0,8.0,3.260349089192782
6.0,10.0,2.345312523486075
5.0,8.0,1.6860790813935809
7.0,16.0,2.1384543292604614
37.0,54.0,3.3420279808252307
10.0,19.0,0.5120070696253347
13.0,22.0,1.0157984739392796
15.0,26.0,0.7903601261494343
34.0,57.0,1.7663840932967532
1.0,7.0,0.17293654860963742
4.0,4.0,3.5233337616693072
7.0,8.0,3.260349089192782
7.0,10.0,2.345312523486075
3.0,8.0,1.6860790813935809
12.0,16.0,2.1384543292604614
35.0,54.0,3.3420279808252307
14.0,19.0,0.5120070696253347
16.0,22.0,1.0157984739392796
14.0,26.0,0.7903601261494343
38.0,57.0,1.7663840932967532
3.0,7.0,0.17293654860963742
4.0,4.0,3.5233337616693072
7.0,8.0,3.260349089192782
8.0,10.0,2.345312523486075
7.0,8.0,1.6860790813935809
13.0,16.0,2.1384543292604614
40.0,54.0,3.3420279808252307
14.0,19.0,0.5120070696253347
18.0,22.0,1.0157984739392796
18.0,26.0,0.7903601261494343
43.0,57.0,1.7663840932967532
6.0,7.0,0.17293654860963742
4.0,4.0,3.5233337616693072
8.0,8.0,3.260349089192782
9.0,10.0,2.345312523486075
6.0,8.0,1.6860790813935809
15.0,16.0,2.1384543292604614
49.0,54.0,3.3420279808252307
15.0,19.0,0.5120070696253347
19.0,22.0,1.0157984739392796
25.0,26.0,0.7903601261494343
47.0,57.0,1.7663840932967532
7.0,7.0,0.17293654860963742
1.0,4.0,6.771220704098255
1.0,7.0,4.731137762718218
0.0,15.0,3.062357965645997
3.0,32.0,3.7817544370682015
1.0,11.0,0.7998331293470964
4.0,53.0,2.9584922636437265
12.0,100.0,3.08889245377213
3.0,39.0,0.6585107925805791
4.0,23.0,0.4310299985273835
8.0,58.0,1.069568883102838
2.0,17.0,0.3579238899465963
1.0,4.0,6.771220704098255
2.0,7.0,4.731137762718218
1.0,15.0,3.062357965645997
7.0,32.0,3.7817544370682015
3.0,11.0,0.7998331293470964
13.0,53.0,2.9584922636437265
23.0,100.0,3.08889245377213
6.0,39.0,0.6585107925805791
4.0,23.0,0.4310299985273835
10.0,58.0,1.069568883102838
1.0,17.0,0.3579238899465963
1.0,4.0,6.771220704098255
1.0,7.0,4.731137762718218
5.0,15.0,3.062357965645997
11.0,32.0,3.7817544370682015
2.0,11.0,0.7998331293470964
13.0,53.0,2.9584922636437265
27.0,100.0,3.08889245377213
15.0,39.0,0.6585107925805791
6.0,23.0,0.4310299985273835
19.0,58.0,1.069568883102838
6.0,17.0,0.3579238899465963
3.0,4.0,6.771220704098255
2.0,7.0,4.731137762718218
5.0,15.0,3.062357965645997
13.0,32.0,3.7817544370682015
6.0,11.0,0.7998331293470964
22.0,53.0,2.9584922636437265
44.0,100.0,3.08889245377213
16.0,39.0,0.6585107925805791
10.0,23.0,0.4310299985273835
20.0,58.0,1.069568883102838
7.0,17.0,0.3579238899465963
3.0,4.0,6.771220704098255
2.0,7.0,4.731137762718218
9.0,15.0,3.062357965645997
18.0,32.0,3.7817544370682015
4.0,11.0,0.7998331293470964
24.0,53.0,2.9584922636437265
40.0,100.0,3.08889245377213
17.0,39.0,0.6585107925805791
12.0,23.0,0.4310299985273835
36.0,58.0,1.069568883102838
10.0,17.0,0.3579238899465963
3.0,4.0,6.771220704098255
4.0,7.0,4.731137762718218
10.0,15.0,3.062357965645997
22.0,32.0,3.7817544370682015
6.0,11.0,0.7998331293470964
29.0,53.0,2.9584922636437265
61.0,100.0,3.08889245377213
25.0,39.0,0.6585107925805791
13.0,23.0,0.4310299985273835
31.0,58.0,1.069568883102838
7.0,17.0,0.3579238899465963
3.0,4.0,6.771220704098255
7.0,7.0,4.731137762718218
14.0,15.0,3.062357965645997
20.0,32.0,3.7817544370682015
5.0,11.0,0.7998331293470964
33.0,53.0,2.9584922636437265
77.0,100.0,3.08889245377213
27.0,39.0,0.6585107925805791
14.0,23.0,0.4310299985273835
36.0,58.0,1.069568883102838
10.0,17.0,0.3579238899465963
3.0,4.0,6.771220704098255
6.0,7.0,4.731137762718218
13.0,15.0,3.062357965645997
22.0,32.0,3.7817544370682015
7.0,11.0,0.7998331293470964
41.0,53.0,2.9584922636437265
82.0,100.0,3.08889245377213
29.0,39.0,0.6585107925805791
21.0,23.0,0.4310299985273835
47.0,58.0,1.069568883102838
11.0,17.0,0.3579238899465963
3.0,4.0,6.771220704098255
7.0,7.0,4.731137762718218
14.0,15.0,3.062357965645997
30.0,32.0,3.7817544370682015
11.0,11.0,0.7998331293470964
52.0,53.0,2.9584922636437265
88.0,100.0,3.08889245377213
33.0,39.0,0.6585107925805791
19.0,23.0,0.4310299985273835
53.0,58.0,1.069568883102838
17.0,17.0,0.3579238899465963
1.0,5.0,9.692204136474261
1.0,7.0,4.48849197113931
2.0,11.0,2.8850601999145757
2.0,11.0,2.2736591233684464
1.0,2.0,0.05238403857245328
0.0,14.0,2.9328256473281624
1.0,6.0,1.4095484561953415
1.0,10.0,1.5769019570050684
1.0,7.0,1.3638156499090366
1.0,14.0,1.2771332523000698
2.0,7.0,0.9043299226602414
1.0,5.0,9.692204136474261
1.0,7.0,4.48849197113931
2.0,11.0,2.8850601999145757
2.0,11.0,2.2736591233684464
0.0,2.0,0.05238403857245328
0.0,14.0,2.9328256473281624
1.0,6.0,1.4095484561953415
3.0,10.0,1.5769019570050684
2.0,7.0,1.3638156499090366
2.0,14.0,1.2771332523000698
1.0,7.0,0.9043299226602414
3.0,5.0,9.692204136474261
1.0,7.0,4.48849197113931
4.0,11.0,2.8850601999145757
3.0,11.0,2.2736591233684464
2.0,2.0,0.05238403857245328
4.0,14.0,2.9328256473281624
1.0,6.0,1.4095484561953415
2.0,10.0,1.5769019570050684
5.0,7.0,1.3638156499090366
4.0,14.0,1.2771332523000698
1.0,7.0,0.9043299226602414
3.0,5.0,9.692204136474261
2.0,7.0,4.48849197113931
4.0,11.0,2.8850601999145757
4.0,11.0,2.2736591233684464
2.0,2.0,0.05238403857245328
4.0,14.0,2.9328256473281624
3.0,6.0,1.4095484561953415
5.0,10.0,1.5769019570050684
2.0,7.0,1.3638156499090366
7.0,14.0,1.2771332523000698
2.0,7.0,0.9043299226602414
1.0,5.0,9.692204136474261
2.0,7.0,4.48849197113931
7.0,11.0,2.8850601999145757
4.0,11.0,2.2736591233684464
1.0,2.0,0.05238403857245328
5.0,14.0,2.9328256473281624
3.0,6.0,1.4095484561953415
5.0,10.0,1.5769019570050684
5.0,7.0,1.3638156499090366
9.0,14.0,1.2771332523000698
5.0,7.0,0.9043299226602414
2.0,5.0,9.692204136474261
5.0,7.0,4.48849197113931
7.0,11.0,2.8850601999145757
6.0,11.0,2.2736591233684464
2.0,2.0,0.05238403857245328
6.0,14.0,2.9328256473281624
3.0,6.0,1.4095484561953415
7.0,10.0,1.5769019570050684
4.0,7.0,1.3638156499090366
5.0,14.0,1.2771332523000698
6.0,7.0,0.9043299226602414
4.0,5.0,9.692204136474261
6.0,7.0,4.48849197113931
10.0,11.0,2.8850601999145757
10.0,11.0,2.2736591233684464
1.0,2.0,0.05238403857245328
10.0,14.0,2.9328256473281624
4.0,6.0,1.4095484561953415
10.0,10.0,1.5769019570050684
5.0,7.0,1.3638156499090366
11.0,14.0,1.2771332523000698
5.0,7.0,0.9043299226602414
5.0,5.0,9.692204136474261
5.0,7.0,4.48849197113931
7.0,11.0,2.8850601999145757
6.0,11.0,2.2736591233684464
2.0,2.0,0.05238403857245328
10.0,14.0,2.9328256473281624
5.0,6.0,1.4095484561953415
7.0,10.0,1.5769019570050684
5.0,7.0,1.3638156499090366
13.0,14.0,1.2771332523000698
6.0,7.0,0.9043299226602414
5.0,5.0,9.692204136474261
7.0,7.0,4.48849197113931
9.0,11.0,2.8850601999145757
9.0,11.0,2.2736591233684464
1.0,2.0,0.05238403857245328
13.0,14.0,2.9328256473281624
5.0,6.0,1.4095484561953415
9.0,10.0,1.5769019570050684
5.0,7.0,1.3638156499090366
13.0,14.0,1.2771332523000698
6.0,7.0,0.9043299226602414
1.0,4.0,2.800823984609339
1.0,4.0,2.531066482432783
1.0,7.0,3.1248339844251976
1.0,4.0,0.6690916392349215
1.0,28.0,3.6058525820352925
1.0,8.0,1.3242896142977665
4.0,39.0,2.8523572114418942
0.0,9.0,0.39418250504300606
5.0,88.0,3.6465903542757423
3.0,30.0,0.8069797358164873
0.0,6.0,0.12317119056847795
1.0,4.0,2.800823984609339
2.0,4.0,2.531066482432783
4.0,7.0,3.1248339844251976
1.0,4.0,0.6690916392349215
3.0,28.0,3.6058525820352925
2.0,8.0,1.3242896142977665
11.0,39.0,2.8523572114418942
4.0,9.0,0.39418250504300606
16.0,88.0,3.6465903542757423
2.0,30.0,0.8069797358164873
1.0,6.0,0.12317119056847795
1.0,4.0,2.800823984609339
1.0,4.0,2.531066482432783
0.0,7.0,3.1248339844251976
3.0,4.0,0.6690916392349215
8.0,28.0,3.6058525820352925
3.0,8.0,1.3242896142977665
9.0,39.0,2.8523572114418942
3.0,9.0,0.39418250504300606
26.0,88.0,3.6465903542757423
10.0,30.0,0.8069797358164873
2.0,6.0,0.12317119056847795
1.0,4.0,2.800823984609339
2.0,4.0,2.531066482432783
2.0,7.0,3.1248339844251976
2.0,4.0,0.6690916392349215
13.0,28.0,3.6058525820352925
4.0,8.0,1.3242896142977665
16.0,39.0,2.8523572114418942
3.0,9.0,0.39418250504300606
40.0,88.0,3.6465903542757423
11.0,30.0,0.8069797358164873
3.0,6.0,0.12317119056847795
1.0,4.0,2.800823984609339
0.0,4.0,2.531066482432783
2.0,7.0,3.1248339844251976
2.0,4.0,0.6690916392349215
15.0,28.0,3.6058525820352925
3.0,8.0,1.3242896142977665
23.0,39.0,2.8523572114418942
5.0,9.0,0.39418250504300606
43.0,88.0,3.6465903542757423
13.0,30.0,0.8069797358164873
2.0,6.0,0.12317119056847795
1.0,4.0,2.800823984609339
2.0,4.0,2.531066482432783
4.0,7.0,3.1248339844251976
3.0,4.0,0.6690916392349215
19.0,28.0,3.6058525820352925
4.0,8.0,1.3242896142977665
25.0,39.0,2.8523572114418942
5.0,9.0,0.39418250504300606
53.0,88.0,3.6465903542757423
23.0,30.0,0.8069797358164873
5.0,6.0,0.12317119056847795
3.0,4.0,2.800823984609339
3.0,4.0,2.531066482432783
5.0,7.0,3.1248339844251976
2.0,4.0,0.6690916392349215
18.0,28.0,3.6058525820352925
4.0,8.0,1.3242896142977665
27.0,39.0,2.8523572114418942
6.0,9.0,0.39418250504300606
64.0,88.0,3.6465903542757423
22.0,30.0,0.8069797358164873
3.0,6.0,0.12317119056847795
2.0,4.0,2.800823984609339
2.0,4.0,2.531066482432783
6.0,7.0,3.1248339844251976
3.0,4.0,0.6690916392349215
24.0,28.0,3.6058525820352925
7.0,8.0,1.3242896142977665
32.0,39.0,2.8523572114418942
8.0,9.0,0.39418250504300606
73.0,88.0,3.6465903542757423
23.0,30.0,0.8069797358164873
4.0,6.0,0.12317119056847795
4.0,4.0,2.800823984609339
4.0,4.0,2.531066482432783
5.0,7.0,3.1248339844251976
3.0,4.0,0.6690916392349215
25.0,28.0,3.6058525820352925
7.0,8.0,1.3242896142977665
33.0,39.0,2.8523572114418942
8.0,9.0,0.39418250504300606
80.0,88.0,3.6465903542757423
28.0,30.0,0.8069797358164873
6.0,6.0,0.12317119056847795
1.0,7.0,8.831404739349743
2.0,17.0,7.354617444584826
4.0,57.0,7.842118162991286
4.0,33.0,1.3727557849113399
14.0,78.0,2.49116134500419
5.0,38.0,0.7744364111819663
11.0,96.0,1.9370159708580357
4.0,47.0,0.6410389157159153
3.0,26.0,0.36604335189389714
0.0,18.0,0.347941989871224
0.0,4.0,0.1188958454437457
3.0,7.0,8.831404739349743
4.0,17.0,7.354617444584826
10.0,57.0,7.842118162991286
7.0,33.0,1.3727557849113399
20.0,78.0,2.49116134500419
9.0,38.0,0.7744364111819663
22.0,96.0,1.9370159708580357
9.0,47.0,0.6410389157159153
5.0,26.0,0.36604335189389714
3.0,18.0,0.347941989871224
0.0,4.0,0.1188958454437457
5.0,7.0,8.831404739349743
6.0,17.0,7.354617444584826
13.0,57.0,7.842118162991286
7.0,33.0,1.3727557849113399
25.0,78.0,2.49116134500419
15.0,38.0,0.7744364111819663
26.0,96.0,1.9370159708580357
16.0,47.0,0.6410389157159153
7.0,26.0,0.36604335189389714
8.0,18.0,0.347941989871224
2.0,4.0,0.1188958454437457
2.0,7.0,8.831404739349743
9.0,17.0,7.354617444584826
31.0,57.0,7.842118162991286
12.0,33.0,1.3727557849113399
34.0,78.0,2.49116134500419
19.0,38.0,0.7744364111819663
41.0,96.0,1.9370159708580357
21.0,47.0,0.6410389157159153
10.0,26.0,0.36604335189389714
7.0,18.0,0.347941989871224
2.0,4.0,0.1188958454437457
4.0,7.0,8.831404739349743
11.0,17.0,7.354617444584826
26.0,57.0,7.842118162991286
19.0,33.0,1.3727557849113399
38.0,78.0,2.49116134500419
24.0,38.0,0.7744364111819663
44.0,96.0,1.9370159708580357
26.0,47.0,0.6410389157159153
8.0,26.0,0.36604335189389714
11.0,18.0,0.347941989871224
4.0,4.0,0.1188958454437457
3.0,7.0,8.831404739349743
9.0,17.0,7.354617444584826
39.0,57.0,7.842118162991286
23.0,33.0,1.3727557849113399
43.0,78.0,2.49116134500419
27.0,38.0,0.7744364111819663
58.0,96.0,1.9370159708580357
29.0,47.0,0.6410389157159153
18.0,26.0,0.36604335189389714
10.0,18.0,0.347941989871224
1.0,4.0,0.1188958454437457
5.0,7.0,8.831404739349743
12.0,17.0,7.354617444584826
36.0,57.0,7.842118162991286
19.0,33.0,1.3727557849113399
53.0,78.0,2.49116134500419
26.0,38.0,0.7744364111819663
64.0,96.0,1.9370159708580357
34.0,47.0,0.6410389157159153
19.0,26.0,0.36604335189389714
14.0,18.0,0.347941989871224
3.0,4.0,0.1188958454437457
5.0,7.0,8.831404739349743
12.0,17.0,7.354617444584826
46.0,57.0,7.842118162991286
25.0,33.0,1.3727557849113399
62.0,78.0,2.49116134500419
33.0,38.0,0.7744364111819663
74.0,96.0,1.9370159708580357
37.0,47.0,0.6410389157159153
17.0,26.0,0.36604335189389714
16.0,18.0,0.347941989871224
3.0,4.0,0.1188958454437457
4.0,7.0,8.831404739349743
14.0,17.0,7.354617444584826
51.0,57.0,7.842118162991286
29.0,33.0,1.3727557849113399
71.0,78.0,2.49116134500419
33.0,38.0,0.7744364111819663
88.0,96.0,1.9370159708580357
40.0,47.0,0.6410389157159153
24.0,26.0,0.36604335189389714
16.0,18.0,0.347941989871224
4.0,4.0,0.1188958454437457
1.0,6.0,8.34738397086887
3.0,12.0,5.335168519297952
0.0,4.0,0.5701827029593494
1.0,5.0,1.9246018514477334
2.0,12.0,3.231755457678158
1.0,7.0,0.8916712131960784
3.0,20.0,2.413715962727148
1.0,19.0,1.4055930495438864
2.0,15.0,0.9297535910643758
1.0,23.0,1.264240437893126
0.0,44.0,2.1133168093862507
1.0,6.0,8.34738397086887
3.0,12.0,5.335168519297952
1.0,4.0,0.5701827029593494
1.0,5.0,1.9246018514477334
0.0,12.0,3.231755457678158
2.0,7.0,0.8916712131960784
3.0,20.0,2.413715962727148
3.0,19.0,1.4055930495438864
3.0,15.0,0.9297535910643758
7.0,23.0,1.264240437893126
6.0,44.0,2.1133168093862507
2.0,6.0,8.34738397086887
3.0,12.0,5.335168519297952
0.0,4.0,0.5701827029593494
1.0,5.0,1.9246018514477334
5.0,12.0,3.231755457678158
3.0,7.0,0.8916712131960784
7.0,20.0,2.413715962727148
6.0,19.0,1.4055930495438864
6.0,15.0,0.9297535910643758
7.0,23.0,1.264240437893126
13.0,44.0,2.1133168093862507
2.0,6.0,8.34738397086887
6.0,12.0,5.335168519297952
1.0,4.0,0.5701827029593494
3.0,5.0,1.9246018514477334
2.0,12.0,3.231755457678158
1.0,7.0,0.8916712131960784
9.0,20.0,2.413715962727148
10.0,19.0,1.4055930495438864
7.0,15.0,0.9297535910643758
12.0,23.0,1.264240437893126
20.0,44.0,2.1133168093862507
2.0,6.0,8.34738397086887
7.0,12.0,5.335168519297952
3.0,4.0,0.5701827029593494
1.0,5.0,1.9246018514477334
4.0,12.0,3.231755457678158
5.0,7.0,0.8916712131960784
8.0,20.0,2.413715962727148
11.0,19.0,1.4055930495438864
4.0,15.0,0.9297535910643758
9.0,23.0,1.264240437893126
25.0,44.0,2.1133168093862507
5.0,6.0,8.34738397086887
10.0,12.0,5.335168519297952
3.0,4.0,0.5701827029593494
4.0,5.0,1.9246018514477334
5.0,12.0,3.231755457678158
5.0,7.0,0.8916712131960784
11.0,20.0,2.413715962727148
12.0,19.0,1.4055930495438864
8.0,15.0,0.9297535910643758
12.0,23.0,1.264240437893126
28.0,44.0,2.1133168093862507
3.0,6.0,8.34738397086887
10.0,12.0,5.335168519297952
2.0,4.0,0.5701827029593494
5.0,5.0,1.9246018514477334
8.0,12.0,3.231755457678158
3.0,7.0,0.8916712131960784
13.0,20.0,2.413715962727148
15.0,19.0,1.4055930495438864
13.0,15.0,0.9297535910643758
10.0,23.0,1.264240437893126
35.0,44.0,2.1133168093862507
5.0,6.0,8.34738397086887
11.0,12.0,5.335168519297952
3.0,4.0,0.5701827029593494
5.0,5.0,1.9246018514477334
11.0,12.0,3.231755457678158
5.0,7.0,0.8916712131960784
13.0,20.0,2.413715962727148
15.0,19.0,1.4055930495438864
9.0,15.0,0.9297535910643758
13.0,23.0,1.264240437893126
34.0,44.0,2.1133168093862507
4.0,6.0,8.34738397086887
12.0,12.0,5.335168519297952
3.0,4.0,0.5701827029593494
3.0,5.0,1.9246018514477334
9.0,12.0,3.231755457678158
5.0,7.0,0.8916712131960784
20.0,20.0,2.413715962727148
16.0,19.0,1.4055930495438864
14.0,15.0,0.9297535910643758
19.0,23.0,1.264240437893126
40.0,44.0,2.1133168093862507
2.0,2.0,2.8953279341768696
1.0,8.0,6.29218658147647
1.0,7.0,2.993941449980734
1.0,4.0,0.9827491210838442
5.0,24.0,3.686817761367054
1.0,10.0,1.0393216868039885
3.0,35.0,2.437837987369763
2.0,27.0,1.4983458584491585
2.0,25.0,1.3955722310857364
1.0,37.0,1.4818759887788977
4.0,36.0,0.8481502840596611
1.0,2.0,2.8953279341768696
5.0,8.0,6.29218658147647
4.0,7.0,2.993941449980734
1.0,4.0,0.9827491210838442
3.0,24.0,3.686817761367054
4.0,10.0,1.0393216868039885
8.0,35.0,2.437837987369763
5.0,27.0,1.4983458584491585
6.0,25.0,1.3955722310857364
6.0,37.0,1.4818759887788977
6.0,36.0,0.8481502840596611
1.0,2.0,2.8953279341768696
2.0,8.0,6.29218658147647
4.0,7.0,2.993941449980734
1.0,4.0,0.9827491210838442
8.0,24.0,3.686817761367054
4.0,10.0,1.0393216868039885
6.0,35.0,2.437837987369763
6.0,27.0,1.4983458584491585
8.0,25.0,1.3955722310857364
14.0,37.0,1.4818759887788977
10.0,36.0,0.8481502840596611
2.0,2.0,2.8953279341768696
2.0,8.0,6.29218658147647
1.0,7.0,2.993941449980734
2.0,4.0,0.9827491210838442
13.0,24.0,3.686817761367054
8.0,10.0,1.0393216868039885
17.0,35.0,2.437837987369763
10.0,27.0,1.4983458584491585
11.0,25.0,1.3955722310857364
17.0,37.0,1.4818759887788977
14.0,36.0,0.8481502840596611
1.0,2.0,2.8953279341768696
3.0,8.0,6.29218658147647
4.0,7.0,2.993941449980734
3.0,4.0,0.9827491210838442
14.0,24.0,3.686817761367054
8.0,10.0,1.0393216868039885
18.0,35.0,2.437837987369763
17.0,27.0,1.4983458584491585
12.0,25.0,1.3955722310857364
13.0,37.0,1.4818759887788977
18.0,36.0,0.8481502840596611
1.0,2.0,2.8953279341768696
4.0,8.0,6.29218658147647
3.0,7.0,2.993941449980734
3.0,4.0,0.9827491210838442
14.0,24.0,3.686817761367054
8.0,10.0,1.0393216868039885
19.0,35.0,2.437837987369763
14.0,27.0,1.4983458584491585
18.0,25.0,1.3955722310857364
20.0,37.0,1.4818759887788977
24.0,36.0,0.8481502840596611
2.0,2.0,2.8953279341768696
3.0,8.0,6.29218658147647
5.0,7.0,2.993941449980734
3.0,4.0,0.9827491210838442
19.0,24.0,3.686817761367054
8.0,10.0,1.0393216868039885
26.0,35.0,2.437837987369763
18.0,27.0,1.4983458584491585
16.0,25.0,1.3955722310857364
26.0,37.0,1.4818759887788977
28.0,36.0,0.8481502840596611
2.0,2.0,2.8953279341768696
4.0,8.0,6.29218658147647
4.0,7.0,2.993941449980734
2.0,4.0,0.9827491210838442
23.0,24.0,3.686817761367054
9.0,10.0,1.0393216868039885
23.0,35.0,2.437837987369763
26.0,27.0,1.4983458584491585
19.0,25.0,1.3955722310857364
32.0,37.0,1.4818759887788977
31.0,36.0,0.8481502840596611
2.0,2.0,2.8953279341768696
8.0,8.0,6.29218658147647
7.0,7.0,2.993941449980734
2.0,4.0,0.9827491210838442
19.0,24.0,3.686817761367054
8.0,10.0,1.0393216868039885
33.0,35.0,2.437837987369763
24.0,27.0,1.4983458584491585
23.0,25.0,1.3955722310857364
32.0,37.0,1.4818759887788977
34.0,36.0,0.8481502840596611
1.0,2.0,1.9300196595978618
0.0,5.0,3.6303958800331073
1.0,11.0,4.41961926923898
1.0,5.0,0.6927138040940807
2.0,18.0,1.8654798405632969
1.0,8.0,0.619074851639611
1.0,19.0,2.212075268980522
3.0,18.0,1.066143252659519
2.0,11.0,0.589290925863702
4.0,19.0,1.0085450277189991
1.0,22.0,1.4844024618802862
1.0,2.0,1.9300196595978618
2.0,5.0,3.6303958800331073
3.0,11.0,4.41961926923898
2.0,5.0,0.6927138040940807
4.0,18.0,1.8654798405632969
0.0,8.0,0.619074851639611
5.0,19.0,2.212075268980522
2.0,18.0,1.066143252659519
2.0,11.0,0.589290925863702
5.0,19.0,1.0085450277189991
8.0,22.0,1.4844024618802862
1.0,2.0,1.9300196595978618
3.0,5.0,3.6303958800331073
5.0,11.0,4.41961926923898
0.0,5.0,0.6927138040940807
6.0,18.0,1.8654798405632969
4.0,8.0,0.619074851639611
5.0,19.0,2.212075268980522
9.0,18.0,1.066143252659519
1.0,11.0,0.589290925863702
6.0,19.0,1.0085450277189991
10.0,22.0,1.4844024618802862
1.0,2.0,1.9300196595978618
3.0,5.0,3.6303958800331073
6.0,11.0,4.41961926923898
1.0,5.0,0.6927138040940807
8.0,18.0,1.8654798405632969
5.0,8.0,0.619074851639611
7.0,19.0,2.212075268980522
6.0,18.0,1.066143252659519
1.0,11.0,0.589290925863702
9.0,19.0,1.0085450277189991
10.0,22.0,1.4844024618802862
1.0,2.0,1.9300196595978618
0.0,5.0,3.6303958800331073
4.0,11.0,4.41961926923898
2.0,5.0,0.6927138040940807
13.0,18.0,1.8654798405632969
5.0,8.0,0.619074851639611
13.0,19.0,2.212075268980522
7.0,18.0,1.066143252659519
4.0,11.0,0.589290925863702
10.0,19.0,1.0085450277189991
13.0,22.0,1.4844024618802862
1.0,2.0,1.9300196595978618
4.0,5.0,3.6303958800331073
5.0,11.0,4.41961926923898
5.0,5.0,0.6927138040940807
14.0,18.0,1.8654798405632969
3.0,8.0,0.619074851639611
11.0,19.0,2.212075268980522
8.0,18.0,1.066143252659519
5.0,11.0,0.589290925863702
11.0,19.0,1.0085450277189991
13.0,22.0,1.4844024618802862
1.0,2.0,1.9300196595978618
5.0,5.0,3.6303958800331073
7.0,11.0,4.41961926923898
2.0,5.0,0.6927138040940807
8.0,18.0,1.8654798405632969
5.0,8.0,0.619074851639611
13.0,19.0,2.212075268980522
12.0,18.0,1.066143252659519
10.0,11.0,0.589290925863702
11.0,19.0,1.0085450277189991
16.0,22.0,1.4844024618802862
2.0,2.0,1.9300196595978618
3.0,5.0,3.6303958800331073
9.0,11.0,4.41961926923898
2.0,5.0,0.6927138040940807
15.0,18.0,1.8654798405632969
5.0,8.0,0.619074851639611
16.0,19.0,2.212075268980522
15.0,18.0,1.066143252659519
9.0,11.0,0.589290925863702
14.0,19.0,1.0085450277189991
20.0,22.0,1.4844024618802862
2.0,2.0,1.9300196595978618
5.0,5.0,3.6303958800331073
9.0,11.0,4.41961926923898
4.0,5.0,0.6927138040940807
14.0,18.0,1.8654798405632969
8.0,8.0,0.619074851639611
18.0,19.0,2.212075268980522
16.0,18.0,1.066143252659519
10.0,11.0,0.589290925863702
17.0,19.0,1.0085450277189991
19.0,22.0,1.4844024618802862
2.0,12.0,17.467825773787922
0.0,8.0,1.5505434167439107
1.0,14.0,1.9406424277932637
0.0,2.0,0.1618274318669667
1.0,3.0,0.35612934595582607
1.0,7.0,1.4065994314422638
1.0,5.0,1.1269080548762995
1.0,9.0,1.1407472009274102
3.0,15.0,3.3056727628713385
2.0,3.0,0.15771830325635572
1.0,16.0,1.7011966917197603
3.0,12.0,17.467825773787922
2.0,8.0,1.5505434167439107
3.0,14.0,1.9406424277932637
1.0,2.0,0.1618274318669667
1.0,3.0,0.35612934595582607
1.0,7.0,1.4065994314422638
2.0,5.0,1.1269080548762995
4.0,9.0,1.1407472009274102
2.0,15.0,3.3056727628713385
2.0,3.0,0.15771830325635572
4.0,16.0,1.7011966917197603
8.0,12.0,17.467825773787922
3.0,8.0,1.5505434167439107
3.0,14.0,1.9406424277932637
1.0,2.0,0.1618274318669667
2.0,3.0,0.35612934595582607
3.0,7.0,1.4065994314422638
2.0,5.0,1.1269080548762995
2.0,9.0,1.1407472009274102
6.0,15.0,3.3056727628713385
1.0,3.0,0.15771830325635572
5.0,16.0,1.7011966917197603
6.0,12.0,17.467825773787922
2.0,8.0,1.5505434167439107
6.0,14.0,1.9406424277932637
1.0,2.0,0.1618274318669667
3.0,3.0,0.35612934595582607
2.0,7.0,1.4065994314422638
4.0,5.0,1.1269080548762995
4.0,9.0,1.1407472009274102
6.0,15.0,3.3056727628713385
2.0,3.0,0.15771830325635572
3.0,16.0,1.7011966917197603
9.0,12.0,17.467825773787922
5.0,8.0,1.5505434167439107
7.0,14.0,1.9406424277932637
2.0,2.0,0.1618274318669667
1.0,3.0,0.35612934595582607
4.0,7.0,1.4065994314422638
2.0,5.0,1.1269080548762995
5.0,9.0,1.1407472009274102
8.0,15.0,3.3056727628713385
1.0,3.0,0.15771830325635572
11.0,16.0,1.7011966917197603
6.0,12.0,17.467825773787922
5.0,8.0,1.5505434167439107
9.0,14.0,1.9406424277932637
0.0,2.0,0.1618274318669667
3.0,3.0,0.35612934595582607
5.0,7.0,1.4065994314422638
2.0,5.0,1.1269080548762995
5.0,9.0,1.1407472009274102
10.0,15.0,3.3056727628713385
1.0,3.0,0.15771830325635572
7.0,16.0,1.7011966917197603
10.0,12.0,17.467825773787922
6.0,8.0,1.5505434167439107
9.0,14.0,1.9406424277932637
2.0,2.0,0.1618274318669667
2.0,3.0,0.35612934595582607
6.0,7.0,1.4065994314422638
5.0,5.0,1.1269080548762995
7.0,9.0,1.1407472009274102
13.0,15.0,3.3056727628713385
1.0,3.0,0.15771830325635572
8.0,16.0,1.7011966917197603
9.0,12.0,17.467825773787922
7.0,8.0,1.5505434167439107
6.0,14.0,1.9406424277932637
1.0,2.0,0.1618274318669667
3.0,3.0,0.35612934595582607
5.0,7.0,1.4065994314422638
3.0,5.0,1.1269080548762995
6.0,9.0,1.1407472009274102
14.0,15.0,3.3056727628713385
3.0,3.0,0.15771830325635572
13.0,16.0,1.7011966917197603
11.0,12.0,17.467825773787922
8.0,8.0,1.5505434167439107
12.0,14.0,1.9406424277932637
2.0,2.0,0.1618274318669667
3.0,3.0,0.35612934595582607
7.0,7.0,1.4065994314422638
5.0,5.0,1.1269080548762995
7.0,9.0,1.1407472009274102
14.0,15.0,3.3056727628713385
2.0,3.0,0.15771830325635572
16.0,16.0,1.7011966917197603
1.0,7.0,8.435894004483371
3.0,10.0,4.260726804449538
0.0,7.0,0.9295363297949057
2.0,34.0,4.334386460541387
2.0,11.0,0.46557398377432463
3.0,11.0,0.9193689922978715
1.0,12.0,0.6780345164173744
8.0,60.0,2.876815915630655
1.0,1.0,0.09126661914105173
5.0,50.0,1.9912526217025184
7.0,50.0,1.3639583179236277
2.0,7.0,8.435894004483371
1.0,10.0,4.260726804449538
1.0,7.0,0.9295363297949057
4.0,34.0,4.334386460541387
1.0,11.0,0.46557398377432463
3.0,11.0,0.9193689922978715
2.0,12.0,0.6780345164173744
6.0,60.0,2.876815915630655
1.0,1.0,0.09126661914105173
13.0,50.0,1.9912526217025184
10.0,50.0,1.3639583179236277
1.0,7.0,8.435894004483371
4.0,10.0,4.260726804449538
4.0,7.0,0.9295363297949057
8.0,34.0,4.334386460541387
3.0,11.0,0.46557398377432463
3.0,11.0,0.9193689922978715
5.0,12.0,0.6780345164173744
19.0,60.0,2.876815915630655
0.0,1.0,0.09126661914105173
12.0,50.0,1.9912526217025184
13.0,50.0,1.3639583179236277
1.0,7.0,8.435894004483371
4.0,10.0,4.260726804449538
4.0,7.0,0.9295363297949057
15.0,34.0,4.334386460541387
7.0,11.0,0.46557398377432463
5.0,11.0,0.9193689922978715
6.0,12.0,0.6780345164173744
29.0,60.0,2.876815915630655
0.0,1.0,0.09126661914105173
20.0,50.0,1.9912526217025184
20.0,50.0,1.3639583179236277
4.0,7.0,8.435894004483371
7.0,10.0,4.260726804449538
2.0,7.0,0.9295363297949057
17.0,34.0,4.334386460541387
6.0,11.0,0.46557398377432463
4.0,11.0,0.9193689922978715
7.0,12.0,0.6780345164173744
28.0,60.0,2.876815915630655
0.0,1.0,0.09126661914105173
27.0,50.0,1.9912526217025184
28.0,50.0,1.3639583179236277
4.0,7.0,8.435894004483371
9.0,10.0,4.260726804449538
4.0,7.0,0.9295363297949057
17.0,34.0,4.334386460541387
7.0,11.0,0.46557398377432463
7.0,11.0,0.9193689922978715
8.0,12.0,0.6780345164173744
34.0,60.0,2.876815915630655
1.0,1.0,0.09126661914105173
25.0,50.0,1.9912526217025184
32.0,50.0,1.3639583179236277
5.0,7.0,8.435894004483371
9.0,10.0,4.260726804449538
4.0,7.0,0.9295363297949057
25.0,34.0,4.334386460541387
9.0,11.0,0.46557398377432463
7.0,11.0,0.9193689922978715
7.0,12.0,0.6780345164173744
44.0,60.0,2.876815915630655
1.0,1.0,0.09126661914105173
39.0,50.0,1.9912526217025184
37.0,50.0,1.3639583179236277
6.0,7.0,8.435894004483371
9.0,10.0,4.260726804449538
6.0,7.0,0.9295363297949057
22.0,34.0,4.334386460541387
7.0,11.0,0.46557398377432463
11.0,11.0,0.9193689922978715
12.0,12.0,0.6780345164173744
42.0,60.0,2.876815915630655
1.0,1.0,0.09126661914105173
41.0,50.0,1.9912526217025184
37.0,50.0,1.3639583179236277
5.0,7.0,8.435894004483371
10.0,10.0,4.260726804449538
7.0,7.0,0.9295363297949057
30.0,34.0,4.334386460541387
11.0,11.0,0.46557398377432463
9.0,11.0,0.9193689922978715
11.0,12.0,0.6780345164173744
55.0,60.0,2.876815915630655
1.0,1.0,0.09126661914105173
44.0,50.0,1.9912526217025184
41.0,50.0,1.3639583179236277
1.0,4.0,12.983440176452966
3.0,10.0,5.3109717938991094
7.0,46.0,7.2403347650937775
1.0,10.0,0.827655821564509
4.0,20.0,1.2258984853645478
0.0,26.0,1.12547233661299
7.0,39.0,1.9459090216425534
8.0,56.0,1.5582725710799143
5.0,50.0,1.2743173791349454
1.0,9.0,0.2568522837720392
3.0,40.0,1.2614379820313895
1.0,4.0,12.983440176452966
2.0,10.0,5.3109717938991094
11.0,46.0,7.2403347650937775
1.0,10.0,0.827655821564509
5.0,20.0,1.2258984853645478
4.0,26.0,1.12547233661299
5.0,39.0,1.9459090216425534
13.0,56.0,1.5582725710799143
9.0,50.0,1.2743173791349454
2.0,9.0,0.2568522837720392
10.0,40.0,1.2614379820313895
1.0,4.0,12.983440176452966
3.0,10.0,5.3109717938991094
14.0,46.0,7.2403347650937775
3.0,10.0,0.827655821564509
8.0,20.0,1.2258984853645478
7.0,26.0,1.12547233661299
10.0,39.0,1.9459090216425534
21.0,56.0,1.5582725710799143
9.0,50.0,1.2743173791349454
2.0,9.0,0.2568522837720392
10.0,40.0,1.2614379820313895
2.0,4.0,12.983440176452966
6.0,10.0,5.3109717938991094
15.0,46.0,7.2403347650937775
4.0,10.0,0.827655821564509
9.0,20.0,1.2258984853645478
10.0,26.0,1.12547233661299
17.0,39.0,1.9459090216425534
20.0,56.0,1.5582725710799143
25.0,50.0,1.2743173791349454
3.0,9.0,0.2568522837720392
15.0,40.0,1.2614379820313895
2.0,4.0,12.983440176452966
6.0,10.0,5.3109717938991094
23.0,46.0,7.2403347650937775
4.0,10.0,0.827655821564509
10.0,20.0,1.2258984853645478
15.0,26.0,1.12547233661299
21.0,39.0,1.9459090216425534
31.0,56.0,1.5582725710799143
28.0,50.0,1.2743173791349454
6.0,9.0,0.2568522837720392
22.0,40.0,1.2614379820313895
3.0,4.0,12.983440176452966
8.0,10.0,5.3109717938991094
24.0,46.0,7.2403347650937775
9.0,10.0,0.827655821564509
14.0,20.0,1.2258984853645478
17.0,26.0,1.12547233661299
22.0,39.0,1.9459090216425534
31.0,56.0,1.5582725710799143
33.0,50.0,1.2743173791349454
5.0,9.0,0.2568522837720392
29.0,40.0,1.2614379820313895
4.0,4.0,12.983440176452966
8.0,10.0,5.3109717938991094
40.0,46.0,7.2403347650937775
6.0,10.0,0.827655821564509
12.0,20.0,1.2258984853645478
21.0,26.0,1.12547233661299
25.0,39.0,1.9459090216425534
36.0,56.0,1.5582725710799143
40.0,50.0,1.2743173791349454
5.0,9.0,0.2568522837720392
25.0,40.0,1.2614379820313895
3.0,4.0,12.983440176452966
8.0,10.0,5.3109717938991094
37.0,46.0,7.2403347650937775
7.0,10.0,0.827655821564509
18.0,20.0,1.2258984853645478
22.0,26.0,1.12547233661299
35.0,39.0,1.9459090216425534
41.0,56.0,1.5582725710799143
38.0,50.0,1.2743173791349454
7.0,9.0,0.2568522837720392
34.0,40.0,1.2614379820313895
4.0,4.0,12.983440176452966
10.0,10.0,5.3109717938991094
40.0,46.0,7.2403347650937775
9.0,10.0,0.827655821564509
17.0,20.0,1.2258984853645478
25.0,26.0,1.12547233661299
34.0,39.0,1.9459090216425534
48.0,56.0,1.5582725710799143
42.0,50.0,1.2743173791349454
9.0,9.0,0.2568522837720392
37.0,40.0,1.2614379820313895
1.0,3.0,1.8777202292157256
0.0,3.0,2.2402806098450516
2.0,11.0,4.223983617273527
0.0,3.0,0.6612153645739488
0.0,31.0,3.631076807006589
3.0,27.0,2.1524262761201607
8.0,89.0,3.5144976370319383
3.0,29.0,0.7449750380466966
8.0,67.0,1.0576982125774141
0.0,27.0,0.651064046812506
4.0,18.0,0.3103733219701283
1.0,3.0,1.8777202292157256
1.0,3.0,2.2402806098450516
3.0,11.0,4.223983617273527
1.0,3.0,0.6612153645739488
7.0,31.0,3.631076807006589
5.0,27.0,2.1524262761201607
18.0,89.0,3.5144976370319383
4.0,29.0,0.7449750380466966
11.0,67.0,1.0576982125774141
3.0,27.0,0.651064046812506
5.0,18.0,0.3103733219701283
1.0,3.0,1.8777202292157256
2.0,3.0,2.2402806098450516
3.0,11.0,4.223983617273527
1.0,3.0,0.6612153645739488
7.0,31.0,3.631076807006589
9.0,27.0,2.1524262761201607
27.0,89.0,3.5144976370319383
7.0,29.0,0.7449750380466966
21.0,67.0,1.0576982125774141
7.0,27.0,0.651064046812506
5.0,18.0,0.3103733219701283
1.0,3.0,1.8777202292157256
1.0,3.0,2.2402806098450516
3.0,11.0,4.223983617273527
1.0,3.0,0.6612153645739488
8.0,31.0,3.631076807006589
9.0,27.0,2.1524262761201607
38.0,89.0,3.5144976370319383
14.0,29.0,0.7449750380466966
32.0,67.0,1.0576982125774141
10.0,27.0,0.651064046812506
8.0,18.0,0.3103733219701283
3.0,3.0,1.8777202292157256
1.0,3.0,2.2402806098450516
5.0,11.0,4.223983617273527
1.0,3.0,0.6612153645739488
18.0,31.0,3.631076807006589
18.0,27.0,2.1524262761201607
41.0,89.0,3.5144976370319383
17.0,29.0,0.7449750380466966
34.0,67.0,1.0576982125774141
11.0,27.0,0.651064046812506
10.0,18.0,0.3103733219701283
2.0,3.0,1.8777202292157256
3.0,3.0,2.2402806098450516
6.0,11.0,4.223983617273527
3.0,3.0,0.6612153645739488
14.0,31.0,3.631076807006589
18.0,27.0,2.1524262761201607
59.0,89.0,3.5144976370319383
14.0,29.0,0.7449750380466966
40.0,67.0,1.0576982125774141
16.0,27.0,0.651064046812506
12.0,18.0,0.3103733219701283
1.0,3.0,1.8777202292157256
2.0,3.0,2.2402806098450516
8.0,11.0,4.223983617273527
2.0,3.0,0.6612153645739488
24.0,31.0,3.631076807006589
22.0,27.0,2.1524262761201607
59.0,89.0,3.5144976370319383
18.0,29.0,0.7449750380466966
47.0,67.0,1.0576982125774141
15.0,27.0,0.651064046812506
16.0,18.0,0.3103733219701283
3.0,3.0,1.8777202292157256
3.0,3.0,2.2402806098450516
9.0,11.0,4.223983617273527
3.0,3.0,0.6612153645739488
26.0,31.0,3.631076807006589
20.0,27.0,2.1524262761201607
72.0,89.0,3.5144976370319383
19.0,29.0,0.7449750380466966
53.0,67.0,1.0576982125774141
19.0,27.0,0.651064046812506
13.0,18.0,0.3103733219701283
3.0,3.0,1.8777202292157256
3.0,3.0,2.2402806098450516
8.0,11.0,4.223983617273527
3.0,3.0,0.6612153645739488
29.0,31.0,3.631076807006589
27.0,27.0,2.1524262761201607
82.0,89.0,3.5144976370319383
27.0,29.0,0.7449750380466966
61.0,67.0,1.0576982125774141
24.0,27.0,0.651064046812506
17.0,18.0,0.3103733219701283
2.0,5.0,5.568903345514761
2.0,8.0,6.1415309969350735
0.0,7.0,1.4789508102364717
5.0,47.0,5.248105613058257
6.0,40.0,2.114503282950908
3.0,28.0,0.7814332554710798
1.0,7.0,0.2536493929133729
9.0,62.0,1.8273609701979978
2.0,32.0,0.9476920192840201
0.0,4.0,0.22662982751066738
1.0,4.0,0.20842531418074325
1.0,5.0,5.568903345514761
1.0,8.0,6.1415309969350735
1.0,7.0,1.4789508102364717
10.0,47.0,5.248105613058257
4.0,40.0,2.114503282950908
4.0,28.0,0.7814332554710798
1.0,7.0,0.2536493929133729
8.0,62.0,1.8273609701979978
10.0,32.0,0.9476920192840201
1.0,4.0,0.22662982751066738
1.0,4.0,0.20842531418074325
1.0,5.0,5.568903345514761
2.0,8.0,6.1415309969350735
2.0,7.0,1.4789508102364717
13.0,47.0,5.248105613058257
14.0,40.0,2.114503282950908
10.0,28.0,0.7814332554710798
0.0,7.0,0.2536493929133729
19.0,62.0,1.8273609701979978
13.0,32.0,0.9476920192840201
2.0,4.0,0.22662982751066738
0.0,4.0,0.20842531418074325
2.0,5.0,5.568903345514761
2.0,8.0,6.1415309969350735
3.0,7.0,1.4789508102364717
16.0,47.0,5.248105613058257
17.0,40.0,2.114503282950908
20.0,28.0,0.7814332554710798
1.0,7.0,0.2536493929133729
24.0,62.0,1.8273609701979978
14.0,32.0,0.9476920192840201
2.0,4.0,0.22662982751066738
1.0,4.0,0.20842531418074325
2.0,5.0,5.568903345514761
2.0,8.0,6.1415309969350735
3.0,7.0,1.4789508102364717
25.0,47.0,5.248105613058257
17.0,40.0,2.114503282950908
12.0,28.0,0.7814332554710798
5.0,7.0,0.2536493929133729
23.0,62.0,1.8273609701979978
16.0,32.0,0.9476920192840201
3.0,4.0,0.22662982751066738
2.0,4.0,0.20842531418074325
4.0,5.0,5.568903345514761
6.0,8.0,6.1415309969350735
4.0,7.0,1.4789508102364717
23.0,47.0,5.248105613058257
22.0,40.0,2.114503282950908
17.0,28.0,0.7814332554710798
5.0,7.0,0.2536493929133729
41.0,62.0,1.8273609701979978
21.0,32.0,0.9476920192840201
2.0,4.0,0.22662982751066738
2.0,4.0,0.20842531418074325
4.0,5.0,5.568903345514761
8.0,8.0,6.1415309969350735
5.0,7.0,1.4789508102364717
34.0,47.0,5.248105613058257
28.0,40.0,2.114503282950908
19.0,28.0,0.7814332554710798
4.0,7.0,0.2536493929133729
43.0,62.0,1.8273609701979978
26.0,32.0,0.9476920192840201
3.0,4.0,0.22662982751066738
4.0,4.0,0.20842531418074325
3.0,5.0,5.568903345514761
6.0,8.0,6.1415309969350735
3.0,7.0,1.4789508102364717
36.0,47.0,5.248105613058257
33.0,40.0,2.114503282950908
22.0,28.0,0.7814332554710798
6.0,7.0,0.2536493929133729
50.0,62.0,1.8273609701979978
25.0,32.0,0.9476920192840201
4.0,4.0,0.22662982751066738
4.0,4.0,0.20842531418074325
5.0,5.0,5.568903345514761
6.0,8.0,6.1415309969350735
7.0,7.0,1.4789508102364717
40.0,47.0,5.248105613058257
37.0,40.0,2.114503282950908
25.0,28.0,0.7814332554710798
5.0,7.0,0.2536493929133729
54.0,62.0,1.8273609701979978
27.0,32.0,0.9476920192840201
3.0,4.0,0.22662982751066738
3.0,4.0,0.20842531418074325
2.0,6.0,14.08873708231394
1.0,11.0,3.5556312902559126
1.0,20.0,4.613233066247021
5.0,55.0,4.6075485494585235
1.0,8.0,0.4783228728328156
1.0,13.0,0.6117176177335455
11.0,97.0,3.9127748585117654
3.0,10.0,0.26446787655145687
3.0,15.0,0.3075336961097835
12.0,100.0,3.0113135507173983
1.0,28.0,0.5210052711764459
1.0,6.0,14.08873708231394
2.0,11.0,3.5556312902559126
2.0,20.0,4.613233066247021
12.0,55.0,4.6075485494585235
3.0,8.0,0.4783228728328156
2.0,13.0,0.6117176177335455
21.0,97.0,3.9127748585117654
2.0,10.0,0.26446787655145687
4.0,15.0,0.3075336961097835
26.0,100.0,3.0113135507173983
9.0,28.0,0.5210052711764459
3.0,6.0,14.08873708231394
3.0,11.0,3.5556312902559126
6.0,20.0,4.613233066247021
15.0,55.0,4.6075485494585235
0.0,8.0,0.4783228728328156
6.0,13.0,0.6117176177335455
30.0,97.0,3.9127748585117654
2.0,10.0,0.26446787655145687
3.0,15.0,0.3075336961097835
34.0,100.0,3.0113135507173983
6.0,28.0,0.5210052711764459
1.0,6.0,14.08873708231394
6.0,11.0,3.5556312902559126
9.0,20.0,4.613233066247021
24.0,55.0,4.6075485494585235
3.0,8.0,0.4783228728328156
8.0,13.0,0.6117176177335455
34.0,97.0,3.9127748585117654
2.0,10.0,0.26446787655145687
3.0,15.0,0.3075336961097835
37.0,100.0,3.0113135507173983
11.0,28.0,0.5210052711764459
3.0,6.0,14.08873708231394
6.0,11.0,3.5556312902559126
10.0,20.0,4.613233066247021
25.0,55.0,4.6075485494585235
6.0,8.0,0.4783228728328156
7.0,13.0,0.6117176177335455
56.0,97.0,3.9127748585117654
5.0,10.0,0.26446787655145687
9.0,15.0,0.3075336961097835
52.0,100.0,3.0113135507173983
13.0,28.0,0.5210052711764459
5.0,6.0,14.08873708231394
7.0,11.0,3.5556312902559126
10.0,20.0,4.613233066247021
31.0,55.0,4.6075485494585235
2.0,8.0,0.4783228728328156
8.0,13.0,0.6117176177335455
59.0,97.0,3.9127748585117654
7.0,10.0,0.26446787655145687
11.0,15.0,0.3075336961097835
66.0,100.0,3.0113135507173983
18.0,28.0,0.5210052711764459
3.0,6.0,14.08873708231394
9.0,11.0,3.5556312902559126
14.0,20.0,4.613233066247021
46.0,55.0,4.6075485494585235
7.0,8.0,0.4783228728328156
11.0,13.0,0.6117176177335455
63.0,97.0,3.9127748585117654
9.0,10.0,0.26446787655145687
10.0,15.0,0.3075336961097835
69.0,100.0,3.0113135507173983
18.0,28.0,0.5210052711764459
5.0,6.0,14.08873708231394
8.0,11.0,3.5556312902559126
13.0,20.0,4.613233066247021
44.0,55.0,4.6075485494585235
6.0,8.0,0.4783228728328156
13.0,13.0,0.6117176177335455
78.0,97.0,3.9127748585117654
9.0,10.0,0.26446787655145687
12.0,15.0,0.3075336961097835
81.0,100.0,3.0113135507173983
22.0,28.0,0.5210052711764459
6.0,6.0,14.08873708231394
9.0,11.0,3.5556312902559126
19.0,20.0,4.613233066247021
50.0,55.0,4.6075485494585235
8.0,8.0,0.4783228728328156
9.0,13.0,0.6117176177335455
86.0,97.0,3.9127748585117654
9.0,10.0,0.26446787655145687
14.0,15.0,0.3075336961097835
84.0,100.0,3.0113135507173983
21.0,28.0,0.5210052711764459
1.0,4.0,1.991578863823914
1.0,9.0,4.4001583694796516
0.0,4.0,1.7277031153349363
2.0,20.0,2.9790583127412655
4.0,37.0,2.613539024364406
6.0,36.0,1.397540330473795
2.0,18.0,0.6132367268379363
3.0,33.0,1.2789855599581794
11.0,84.0,3.1478380501757837
1.0,44.0,1.1457852403409188
3.0,22.0,0.3985647371376507
1.0,4.0,1.991578863823914
0.0,9.0,4.4001583694796516
0.0,4.0,1.7277031153349363
3.0,20.0,2.9790583127412655
7.0,37.0,2.613539024364406
5.0,36.0,1.397540330473795
2.0,18.0,0.6132367268379363
14.0,33.0,1.2789855599581794
14.0,84.0,3.1478380501757837
9.0,44.0,1.1457852403409188
5.0,22.0,0.3985647371376507
1.0,4.0,1.991578863823914
2.0,9.0,4.4001583694796516
1.0,4.0,1.7277031153349363
6.0,20.0,2.9790583127412655
9.0,37.0,2.613539024364406
10.0,36.0,1.397540330473795
5.0,18.0,0.6132367268379363
12.0,33.0,1.2789855599581794
28.0,84.0,3.1478380501757837
18.0,44.0,1.1457852403409188
6.0,22.0,0.3985647371376507
2.0,4.0,1.991578863823914
4.0,9.0,4.4001583694796516
3.0,4.0,1.7277031153349363
7.0,20.0,2.9790583127412655
13.0,37.0,2.613539024364406
17.0,36.0,1.397540330473795
8.0,18.0,0.6132367268379363
16.0,33.0,1.2789855599581794
35.0,84.0,3.1478380501757837
18.0,44.0,1.1457852403409188
11.0,22.0,0.3985647371376507
2.0,4.0,1.991578863823914
5.0,9.0,4.4001583694796516
0.0,4.0,1.7277031153349363
8.0,20.0,2.9790583127412655
18.0,37.0,2.613539024364406
24.0,36.0,1.397540330473795
9.0,18.0,0.6132367268379363
16.0,33.0,1.2789855599581794
43.0,84.0,3.1478380501757837
24.0,44.0,1.1457852403409188
10.0,22.0,0.3985647371376507
2.0,4.0,1.991578863823914
4.0,9.0,4.4001583694796516
3.0,4.0,1.7277031153349363
11.0,20.0,2.9790583127412655
23.0,37.0,2.613539024364406
25.0,36.0,1.397540330473795
13.0,18.0,0.6132367268379363
18.0,33.0,1.2789855599581794
49.0,84.0,3.1478380501757837
23.0,44.0,1.1457852403409188
13.0,22.0,0.3985647371376507
3.0,4.0,1.991578863823914
8.0,9.0,4.4001583694796516
4.0,4.0,1.7277031153349363
12.0,20.0,2.9790583127412655
24.0,37.0,2.613539024364406
26.0,36.0,1.397540330473795
14.0,18.0,0.6132367268379363
25.0,33.0,1.2789855599581794
58.0,84.0,3.1478380501757837
31.0,44.0,1.1457852403409188
13.0,22.0,0.3985647371376507
3.0,4.0,1.991578863823914
9.0,9.0,4.4001583694796516
3.0,4.0,1.7277031153349363
15.0,20.0,2.9790583127412655
30.0,37.0,2.613539024364406
29.0,36.0,1.397540330473795
14.0,18.0,0.6132367268379363
31.0,33.0,1.2789855599581794
62.0,84.0,3.1478380501757837
35.0,44.0,1.1457852403409188
19.0,22.0,0.3985647371376507
4.0,4.0,1.991578863823914
8.0,9.0,4.4001583694796516
3.0,4.0,1.7277031153349363
19.0,20.0,2.9790583127412655
31.0,37.0,2.613539024364406
33.0,36.0,1.397540330473795
16.0,18.0,0.6132367268379363
32.0,33.0,1.2789855599581794
80.0,84.0,3.1478380501757837
35.0,44.0,1.1457852403409188
22.0,22.0,0.3985647371376507
1.0,6.0,7.330445027723572
3.0,9.0,4.128918270089758
1.0,10.0,1.3279415214137544
1.0,9.0,1.2121792574317116
0.0,8.0,1.5985609304782142
1.0,19.0,2.3939640266655524
1.0,6.0,0.7177305086505267
5.0,17.0,1.5357627669634564
4.0,49.0,4.149269927915922
3.0,51.0,2.0535950805533307
3.0,49.0,1.6969616824571105
3.0,6.0,7.330445027723572
2.0,9.0,4.128918270089758
1.0,10.0,1.3279415214137544
0.0,9.0,1.2121792574317116
2.0,8.0,1.5985609304782142
3.0,19.0,2.3939640266655524
2.0,6.0,0.7177305086505267
4.0,17.0,1.5357627669634564
7.0,49.0,4.149269927915922
13.0,51.0,2.0535950805533307
9.0,49.0,1.6969616824571105
2.0,6.0,7.330445027723572
1.0,9.0,4.128918270089758
5.0,10.0,1.3279415214137544
3.0,9.0,1.2121792574317116
3.0,8.0,1.5985609304782142
5.0,19.0,2.3939640266655524
1.0,6.0,0.7177305086505267
5.0,17.0,1.5357627669634564
14.0,49.0,4.149269927915922
13.0,51.0,2.0535950805533307
11.0,49.0,1.6969616824571105
3.0,6.0,7.330445027723572
4.0,9.0,4.128918270089758
2.0,10.0,1.3279415214137544
1.0,9.0,1.2121792574317116
3.0,8.0,1.5985609304782142
4.0,19.0,2.3939640266655524
2.0,6.0,0.7177305086505267
6.0,17.0,1.5357627669634564
21.0,49.0,4.149269927915922
16.0,51.0,2.0535950805533307
27.0,49.0,1.6969616824571105
3.0,6.0,7.330445027723572
6.0,9.0,4.128918270089758
4.0,10.0,1.3279415214137544
6.0,9.0,1.2121792574317116
6.0,8.0,1.5985609304782142
11.0,19.0,2.3939640266655524
3.0,6.0,0.7177305086505267
11.0,17.0,1.5357627669634564
26.0,49.0,4.149269927915922
27.0,51.0,2.0535950805533307
26.0,49.0,1.6969616824571105
2.0,6.0,7.330445027723572
7.0,9.0,4.128918270089758
6.0,10.0,1.3279415214137544
6.0,9.0,1.2121792574317116
6.0,8.0,1.5985609304782142
12.0,19.0,2.3939640266655524
3.0,6.0,0.7177305086505267
11.0,17.0,1.5357627669634564
29.0,49.0,4.149269927915922
29.0,51.0,2.0535950805533307
28.0,49.0,1.6969616824571105
5.0,6.0,7.330445027723572
6.0,9.0,4.128918270089758
7.0,10.0,1.3279415214137544
5.0,9.0,1.2121792574317116
5.0,8.0,1.5985609304782142
17.0,19.0,2.3939640266655524
3.0,6.0,0.7177305086505267
15.0,17.0,1.5357627669634564
38.0,49.0,4.149269927915922
38.0,51.0,2.0535950805533307
34.0,49.0,1.6969616824571105
5.0,6.0,7.330445027723572
7.0,9.0,4.128918270089758
9.0,10.0,1.3279415214137544
8.0,9.0,1.2121792574317116
8.0,8.0,1.5985609304782142
14.0,19.0,2.3939640266655524
4.0,6.0,0.7177305086505267
16.0,17.0,1.5357627669634564
42.0,49.0,4.149269927915922
41.0,51.0,2.0535950805533307
36.0,49.0,1.6969616824571105
5.0,6.0,7.330445027723572
7.0,9.0,4.128918270089758
8.0,10.0,1.3279415214137544
8.0,9.0,1.2121792574317116
8.0,8.0,1.5985609304782142
17.0,19.0,2.3939640266655524
5.0,6.0,0.7177305086505267
16.0,17.0,1.5357627669634564
40.0,49.0,4.149269927915922
45.0,51.0,2.0535950805533307
45.0,49.0,1.6969616824571105
1.0,7.0,7.00053982793426
0.0,5.0,1.0916014441299517
2.0,20.0,3.5843260100443612
1.0,7.0,0.5930208914963507
2.0,15.0,1.2287772513850799
1.0,27.0,1.9194681080850449
0.0,9.0,0.5269982610783855
4.0,34.0,1.9807017007186518
0.0,7.0,0.28200839113986204
2.0,27.0,1.1100150641911386
6.0,21.0,0.9916183860882375
1.0,7.0,7.00053982793426
0.0,5.0,1.0916014441299517
5.0,20.0,3.5843260100443612
1.0,7.0,0.5930208914963507
4.0,15.0,1.2287772513850799
8.0,27.0,1.9194681080850449
2.0,9.0,0.5269982610783855
6.0,34.0,1.9807017007186518
2.0,7.0,0.28200839113986204
8.0,27.0,1.1100150641911386
4.0,21.0,0.9916183860882375
2.0,7.0,7.00053982793426
3.0,5.0,1.0916014441299517
7.0,20.0,3.5843260100443612
1.0,7.0,0.5930208914963507
7.0,15.0,1.2287772513850799
9.0,27.0,1.9194681080850449
3.0,9.0,0.5269982610783855
12.0,34.0,1.9807017007186518
3.0,7.0,0.28200839113986204
10.0,27.0,1.1100150641911386
4.0,21.0,0.9916183860882375
2.0,7.0,7.00053982793426
2.0,5.0,1.0916014441299517
10.0,20.0,3.5843260100443612
2.0,7.0,0.5930208914963507
5.0,15.0,1.2287772513850799
12.0,27.0,1.9194681080850449
2.0,9.0,0.5269982610783855
13.0,34.0,1.9807017007186518
2.0,7.0,0.28200839113986204
16.0,27.0,1.1100150641911386
13.0,21.0,0.9916183860882375
2.0,7.0,7.00053982793426
2.0,5.0,1.0916014441299517
8.0,20.0,3.5843260100443612
3.0,7.0,0.5930208914963507
8.0,15.0,1.2287772513850799
15.0,27.0,1.9194681080850449
4.0,9.0,0.5269982610783855
14.0,34.0,1.9807017007186518
3.0,7.0,0.28200839113986204
19.0,27.0,1.1100150641911386
11.0,21.0,0.9916183860882375
7.0,7.0,7.00053982793426
3.0,5.0,1.0916014441299517
12.0,20.0,3.5843260100443612
4.0,7.0,0.5930208914963507
12.0,15.0,1.2287772513850799
14.0,27.0,1.9194681080850449
8.0,9.0,0.5269982610783855
19.0,34.0,1.9807017007186518
5.0,7.0,0.28200839113986204
17.0,27.0,1.1100150641911386
13.0,21.0,0.9916183860882375
4.0,7.0,7.00053982793426
5.0,5.0,1.0916014441299517
15.0,20.0,3.5843260100443612
6.0,7.0,0.5930208914963507
9.0,15.0,1.2287772513850799
20.0,27.0,1.9194681080850449
5.0,9.0,0.5269982610783855
27.0,34.0,1.9807017007186518
4.0,7.0,0.28200839113986204
15.0,27.0,1.1100150641911386
14.0,21.0,0.9916183860882375
7.0,7.0,7.00053982793426
4.0,5.0,1.0916014441299517
11.0,20.0,3.5843260100443612
5.0,7.0,0.5930208914963507
14.0,15.0,1.2287772513850799
22.0,27.0,1.9194681080850449
6.0,9.0,0.5269982610783855
27.0,34.0,1.9807017007186518
3.0,7.0,0.28200839113986204
22.0,27.0,1.1100150641911386
19.0,21.0,0.9916183860882375
7.0,7.0,7.00053982793426
4.0,5.0,1.0916014441299517
20.0,20.0,3.5843260100443612
7.0,7.0,0.5930208914963507
14.0,15.0,1.2287772513850799
23.0,27.0,1.9194681080850449
9.0,9.0,0.5269982610783855
30.0,34.0,1.9807017007186518
4.0,7.0,0.28200839113986204
25.0,27.0,1.1100150641911386
20.0,21.0,0.9916183860882375
2.0,6.0,6.029018738189375
3.0,29.0,9.144815379474162
16.0,81.0,5.93305988602771
6.0,59.0,1.552589300542585
5.0,75.0,1.4718111008223593
0.0,12.0,0.24332663894013126
3.0,82.0,1.7591363256387278
0.0,20.0,0.48683900546854814
1.0,16.0,0.41576997981370045
0.0,3.0,0.29425099151437467
7.0,44.0,1.9993582601167905
1.0,6.0,6.029018738189375
6.0,29.0,9.144815379474162
16.0,81.0,5.93305988602771
7.0,59.0,1.552589300542585
16.0,75.0,1.4718111008223593
4.0,12.0,0.24332663894013126
12.0,82.0,1.7591363256387278
4.0,20.0,0.48683900546854814
2.0,16.0,0.41576997981370045
1.0,3.0,0.29425099151437467
10.0,44.0,1.9993582601167905
1.0,6.0,6.029018738189375
4.0,29.0,9.144815379474162
29.0,81.0,5.93305988602771
17.0,59.0,1.552589300542585
20.0,75.0,1.4718111008223593
3.0,12.0,0.24332663894013126
20.0,82.0,1.7591363256387278
5.0,20.0,0.48683900546854814
5.0,16.0,0.41576997981370045
2.0,3.0,0.29425099151437467
9.0,44.0,1.9993582601167905
2.0,6.0,6.029018738189375
16.0,29.0,9.144815379474162
34.0,81.0,5.93305988602771
27.0,59.0,1.552589300542585
31.0,75.0,1.4718111008223593
5.0,12.0,0.24332663894013126
33.0,82.0,1.7591363256387278
10.0,20.0,0.48683900546854814
7.0,16.0,0.41576997981370045
0.0,3.0,0.29425099151437467
18.0,44.0,1.9993582601167905
6.0,6.0,6.029018738189375
13.0,29.0,9.144815379474162
42.0,81.0,5.93305988602771
32.0,59.0,1.552589300542585
38.0,75.0,1.4718111008223593
4.0,12.0,0.24332663894013126
39.0,82.0,1.7591363256387278
13.0,20.0,0.48683900546854814
9.0,16.0,0.41576997981370045
1.0,3.0,0.29425099151437467
23.0,44.0,1.9993582601167905
4.0,6.0,6.029018738189375
17.0,29.0,9.144815379474162
54.0,81.0,5.93305988602771
43.0,59.0,1.552589300542585
41.0,75.0,1.4718111008223593
8.0,12.0,0.24332663894013126
43.0,82.0,1.7591363256387278
14.0,20.0,0.48683900546854814
9.0,16.0,0.41576997981370045
2.0,3.0,0.29425099151437467
24.0,44.0,1.9993582601167905
3.0,6.0,6.029018738189375
22.0,29.0,9.144815379474162
56.0,81.0,5.93305988602771
40.0,59.0,1.552589300542585
58.0,75.0,1.4718111008223593
7.0,12.0,0.24332663894013126
55.0,82.0,1.7591363256387278
17.0,20.0,0.48683900546854814
11.0,16.0,0.41576997981370045
3.0,3.0,0.29425099151437467
33.0,44.0,1.9993582601167905
4.0,6.0,6.029018738189375
27.0,29.0,9.144815379474162
63.0,81.0,5.93305988602771
44.0,59.0,1.552589300542585
53.0,75.0,1.4718111008223593
9.0,12.0,0.24332663894013126
66.0,82.0,1.7591363256387278
18.0,20.0,0.48683900546854814
13.0,16.0,0.41576997981370045
2.0,3.0,0.29425099151437467
35.0,44.0,1.9993582601167905
6.0,6.0,6.029018738189375
28.0,29.0,9.144815379474162
67.0,81.0,5.93305988602771
55.0,59.0,1.552589300542585
63.0,75.0,1.4718111008223593
11.0,12.0,0.24332663894013126
71.0,82.0,1.7591363256387278
16.0,20.0,0.48683900546854814
14.0,16.0,0.41576997981370045
3.0,3.0,0.29425099151437467
42.0,44.0,1.9993582601167905
2.0,7.0,11.048506218996156
1.0,3.0,0.862091711833113
1.0,17.0,3.7431584401937745
1.0,14.0,2.0702504776855135
7.0,32.0,2.702775615478355
3.0,15.0,0.8970454042327561
0.0,9.0,0.5642514069634256
6.0,17.0,1.4549852485107484
2.0,27.0,1.6611502667551281
1.0,21.0,1.259949828973299
2.0,43.0,1.716336156808396
1.0,7.0,11.048506218996156
0.0,3.0,0.862091711833113
1.0,17.0,3.7431584401937745
2.0,14.0,2.0702504776855135
10.0,32.0,2.702775615478355
3.0,15.0,0.8970454042327561
1.0,9.0,0.5642514069634256
4.0,17.0,1.4549852485107484
6.0,27.0,1.6611502667551281
5.0,21.0,1.259949828973299
4.0,43.0,1.716336156808396
4.0,7.0,11.048506218996156
1.0,3.0,0.862091711833113
6.0,17.0,3.7431584401937745
4.0,14.0,2.0702504776855135
14.0,32.0,2.702775615478355
8.0,15.0,0.8970454042327561
0.0,9.0,0.5642514069634256
2.0,17.0,1.4549852485107484
5.0,27.0,1.6611502667551281
6.0,21.0,1.259949828973299
18.0,43.0,1.716336156808396
2.0,7.0,11.048506218996156
1.0,3.0,0.862091711833113
13.0,17.0,3.7431584401937745
5.0,14.0,2.0702504776855135
12.0,32.0,2.702775615478355
6.0,15.0,0.8970454042327561
4.0,9.0,0.5642514069634256
8.0,17.0,1.4549852485107484
9.0,27.0,1.6611502667551281
5.0,21.0,1.259949828973299
15.0,43.0,1.716336156808396
2.0,7.0,11.048506218996156
2.0,3.0,0.862091711833113
8.0,17.0,3.7431584401937745
3.0,14.0,2.0702504776855135
15.0,32.0,2.702775615478355
7.0,15.0,0.8970454042327561
4.0,9.0,0.5642514069634256
10.0,17.0,1.4549852485107484
16.0,27.0,1.6611502667551281
8.0,21.0,1.259949828973299
19.0,43.0,1.716336156808396
4.0,7.0,11.048506218996156
2.0,3.0,0.862091711833113
11.0,17.0,3.7431584401937745
8.0,14.0,2.0702504776855135
17.0,32.0,2.702775615478355
8.0,15.0,0.8970454042327561
4.0,9.0,0.5642514069634256
10.0,17.0,1.4549852485107484
16.0,27.0,1.6611502667551281
12.0,21.0,1.259949828973299
25.0,43.0,1.716336156808396
5.0,7.0,11.048506218996156
3.0,3.0,0.862091711833113
13.0,17.0,3.7431584401937745
10.0,14.0,2.0702504776855135
21.0,32.0,2.702775615478355
11.0,15.0,0.8970454042327561
7.0,9.0,0.5642514069634256
12.0,17.0,1.4549852485107484
19.0,27.0,1.6611502667551281
18.0,21.0,1.259949828973299
34.0,43.0,1.716336156808396
6.0,7.0,11.048506218996156
2.0,3.0,0.862091711833113
14.0,17.0,3.7431584401937745
14.0,14.0,2.0702504776855135
28.0,32.0,2.702775615478355
11.0,15.0,0.8970454042327561
7.0,9.0,0.5642514069634256
13.0,17.0,1.4549852485107484
23.0,27.0,1.6611502667551281
15.0,21.0,1.259949828973299
36.0,43.0,1.716336156808396
7.0,7.0,11.048506218996156
3.0,3.0,0.862091711833113
16.0,17.0,3.7431584401937745
12.0,14.0,2.0702504776855135
30.0,32.0,2.702775615478355
15.0,15.0,0.8970454042327561
7.0,9.0,0.5642514069634256
14.0,17.0,1.4549852485107484
24.0,27.0,1.6611502667551281
16.0,21.0,1.259949828973299
37.0,43.0,1.716336156808396
2.0,3.0,8.598440136796214
0.0,2.0,1.687739625385993
2.0,11.0,5.2744357771623935
2.0,9.0,1.6202888433745561
0.0,10.0,1.261800627817844
4.0,36.0,3.5586675080894055
1.0,9.0,0.7462320095145767
2.0,15.0,0.5972150128068204
0.0,15.0,1.299449811866332
10.0,92.0,3.5098279583703533
4.0,25.0,0.6089771296350703
2.0,3.0,8.598440136796214
1.0,2.0,1.687739625385993
3.0,11.0,5.2744357771623935
0.0,9.0,1.6202888433745561
2.0,10.0,1.261800627817844
6.0,36.0,3.5586675080894055
3.0,9.0,0.7462320095145767
3.0,15.0,0.5972150128068204
1.0,15.0,1.299449811866332
14.0,92.0,3.5098279583703533
3.0,25.0,0.6089771296350703
1.0,3.0,8.598440136796214
1.0,2.0,1.687739625385993
2.0,11.0,5.2744357771623935
5.0,9.0,1.6202888433745561
3.0,10.0,1.261800627817844
9.0,36.0,3.5586675080894055
4.0,9.0,0.7462320095145767
4.0,15.0,0.5972150128068204
3.0,15.0,1.299449811866332
30.0,92.0,3.5098279583703533
3.0,25.0,0.6089771296350703
3.0,3.0,8.598440136796214
1.0,2.0,1.687739625385993
7.0,11.0,5.2744357771623935
3.0,9.0,1.6202888433745561
3.0,10.0,1.261800627817844
13.0,36.0,3.5586675080894055
4.0,9.0,0.7462320095145767
4.0,15.0,0.5972150128068204
8.0,15.0,1.299449811866332
32.0,92.0,3.5098279583703533
12.0,25.0,0.6089771296350703
2.0,3.0,8.598440136796214
1.0,2.0,1.687739625385993
8.0,11.0,5.2744357771623935
3.0,9.0,1.6202888433745561
3.0,10.0,1.261800627817844
17.0,36.0,3.5586675080894055
6.0,9.0,0.7462320095145767
7.0,15.0,0.5972150128068204
8.0,15.0,1.299449811866332
50.0,92.0,3.5098279583703533
18.0,25.0,0.6089771296350703
2.0,3.0,8.598440136796214
2.0,2.0,1.687739625385993
5.0,11.0,5.2744357771623935
5.0,9.0,1.6202888433745561
5.0,10.0,1.261800627817844
24.0,36.0,3.5586675080894055
6.0,9.0,0.7462320095145767
8.0,15.0,0.5972150128068204
8.0,15.0,1.299449811866332
46.0,92.0,3.5098279583703533
17.0,25.0,0.6089771296350703
3.0,3.0,8.598440136796214
2.0,2.0,1.687739625385993
8.0,11.0,5.2744357771623935
6.0,9.0,1.6202888433745561
7.0,10.0,1.261800627817844
22.0,36.0,3.5586675080894055
6.0,9.0,0.7462320095145767
11.0,15.0,0.5972150128068204
12.0,15.0,1.299449811866332
60.0,92.0,3.5098279583703533
18.0,25.0,0.6089771296350703
1.0,3.0,8.598440136796214
2.0,2.0,1.687739625385993
10.0,11.0,5.2744357771623935
8.0,9.0,1.6202888433745561
10.0,10.0,1.261800627817844
27.0,36.0,3.5586675080894055
8.0,9.0,0.7462320095145767
14.0,15.0,0.5972150128068204
13.0,15.0,1.299449811866332
79.0,92.0,3.5098279583703533
22.0,25.0,0.6089771296350703
3.0,3.0,8.598440136796214
2.0,2.0,1.687739625385993
10.0,11.0,5.2744357771623935
7.0,9.0,1.6202888433745561
8.0,10.0,1.261800627817844
32.0,36.0,3.5586675080894055
9.0,9.0,0.7462320095145767
12.0,15.0,0.5972150128068204
14.0,15.0,1.299449811866332
85.0,92.0,3.5098279583703533
24.0,25.0,0.6089771296350703
1.0,3.0,5.3460787420663545
0.0,5.0,2.608563523747325
0.0,10.0,4.651738080756893
2.0,33.0,4.762040860204007
1.0,19.0,1.4883027145914576
1.0,17.0,0.7720787855370069
1.0,17.0,1.1238850008397476
2.0,13.0,0.6089294367242949
0.0,7.0,0.6796799382672941
5.0,41.0,2.558899544281465
1.0,12.0,0.5040167368607622
1.0,3.0,5.3460787420663545
1.0,5.0,2.608563523747325
1.0,10.0,4.651738080756893
4.0,33.0,4.762040860204007
3.0,19.0,1.4883027145914576
3.0,17.0,0.7720787855370069
2.0,17.0,1.1238850008397476
2.0,13.0,0.6089294367242949
0.0,7.0,0.6796799382672941
6.0,41.0,2.558899544281465
4.0,12.0,0.5040167368607622
1.0,3.0,5.3460787420663545
2.0,5.0,2.608563523747325
3.0,10.0,4.651738080756893
10.0,33.0,4.762040860204007
3.0,19.0,1.4883027145914576
4.0,17.0,0.7720787855370069
3.0,17.0,1.1238850008397476
3.0,13.0,0.6089294367242949
4.0,7.0,0.6796799382672941
15.0,41.0,2.558899544281465
2.0,12.0,0.5040167368607622
1.0,3.0,5.3460787420663545
2.0,5.0,2.608563523747325
4.0,10.0,4.651738080756893
10.0,33.0,4.762040860204007
9.0,19.0,1.4883027145914576
6.0,17.0,0.7720787855370069
11.0,17.0,1.1238850008397476
6.0,13.0,0.6089294367242949
1.0,7.0,0.6796799382672941
17.0,41.0,2.558899544281465
5.0,12.0,0.5040167368607622
2.0,3.0,5.3460787420663545
1.0,5.0,2.608563523747325
5.0,10.0,4.651738080756893
9.0,33.0,4.762040860204007
9.0,19.0,1.4883027145914576
8.0,17.0,0.7720787855370069
12.0,17.0,1.1238850008397476
5.0,13.0,0.6089294367242949
2.0,7.0,0.6796799382672941
19.0,41.0,2.558899544281465
7.0,12.0,0.5040167368607622
2.0,3.0,5.3460787420663545
4.0,5.0,2.608563523747325
5.0,10.0,4.651738080756893
25.0,33.0,4.762040860204007
10.0,19.0,1.4883027145914576
12.0,17.0,0.7720787855370069
12.0,17.0,1.1238850008397476
6.0,13.0,0.6089294367242949
5.0,7.0,0.6796799382672941
22.0,41.0,2.558899544281465
9.0,12.0,0.5040167368607622
2.0,3.0,5.3460787420663545
3.0,5.0,2.608563523747325
8.0,10.0,4.651738080756893
27.0,33.0,4.762040860204007
14.0,19.0,1.4883027145914576
10.0,17.0,0.7720787855370069
11.0,17.0,1.1238850008397476
12.0,13.0,0.6089294367242949
7.0,7.0,0.6796799382672941
28.0,41.0,2.558899544281465
10.0,12.0,0.5040167368607622
3.0,3.0,5.3460787420663545
5.0,5.0,2.608563523747325
8.0,10.0,4.651738080756893
24.0,33.0,4.762040860204007
15.0,19.0,1.4883027145914576
12.0,17.0,0.7720787855370069
13.0,17.0,1.1238850008397476
9.0,13.0,0.6089294367242949
6.0,7.0,0.6796799382672941
31.0,41.0,2.558899544281465
9.0,12.0,0.5040167368607622
3.0,3.0,5.3460787420663545
5.0,5.0,2.608563523747325
10.0,10.0,4.651738080756893
30.0,33.0,4.762040860204007
16.0,19.0,1.4883027145914576
17.0,17.0,0.7720787855370069
15.0,17.0,1.1238850008397476
11.0,13.0,0.6089294367242949
7.0,7.0,0.6796799382672941
38.0,41.0,2.558899544281465
11.0,12.0,0.5040167368607622
1.0,6.0,5.753123138814686
1.0,12.0,5.7604515698671275
3.0,9.0,1.731574462905781
0.0,10.0,0.9999268155418273
1.0,9.0,0.7808006644113722
0.0,9.0,0.7295059189474017
2.0,9.0,1.304845183422251
1.0,4.0,0.7215720619119883
6.0,81.0,5.3945450170560365
5.0,37.0,1.1427107191123476
4.0,20.0,0.5592357912915237
2.0,6.0,5.753123138814686
4.0,12.0,5.7604515698671275
1.0,9.0,1.731574462905781
1.0,10.0,0.9999268155418273
2.0,9.0,0.7808006644113722
2.0,9.0,0.7295059189474017
1.0,9.0,1.304845183422251
0.0,4.0,0.7215720619119883
10.0,81.0,5.3945450170560365
6.0,37.0,1.1427107191123476
4.0,20.0,0.5592357912915237
2.0,6.0,5.753123138814686
6.0,12.0,5.7604515698671275
4.0,9.0,1.731574462905781
5.0,10.0,0.9999268155418273
3.0,9.0,0.7808006644113722
2.0,9.0,0.7295059189474017
3.0,9.0,1.304845183422251
2.0,4.0,0.7215720619119883
11.0,81.0,5.3945450170560365
11.0,37.0,1.1427107191123476
7.0,20.0,0.5592357912915237
3.0,6.0,5.753123138814686
2.0,12.0,5.7604515698671275
5.0,9.0,1.731574462905781
4.0,10.0,0.9999268155418273
4.0,9.0,0.7808006644113722
4.0,9.0,0.7295059189474017
6.0,9.0,1.304845183422251
2.0,4.0,0.7215720619119883
24.0,81.0,5.3945450170560365
16.0,37.0,1.1427107191123476
4.0,20.0,0.5592357912915237
3.0,6.0,5.753123138814686
7.0,12.0,5.7604515698671275
7.0,9.0,1.731574462905781
7.0,10.0,0.9999268155418273
6.0,9.0,0.7808006644113722
3.0,9.0,0.7295059189474017
5.0,9.0,1.304845183422251
2.0,4.0,0.7215720619119883
42.0,81.0,5.3945450170560365
16.0,37.0,1.1427107191123476
10.0,20.0,0.5592357912915237
6.0,6.0,5.753123138814686
6.0,12.0,5.7604515698671275
4.0,9.0,1.731574462905781
6.0,10.0,0.9999268155418273
6.0,9.0,0.7808006644113722
5.0,9.0,0.7295059189474017
6.0,9.0,1.304845183422251
3.0,4.0,0.7215720619119883
50.0,81.0,5.3945450170560365
24.0,37.0,1.1427107191123476
9.0,20.0,0.5592357912915237
4.0,6.0,5.753123138814686
10.0,12.0,5.7604515698671275
4.0,9.0,1.731574462905781
8.0,10.0,0.9999268155418273
8.0,9.0,0.7808006644113722
8.0,9.0,0.7295059189474017
6.0,9.0,1.304845183422251
2.0,4.0,0.7215720619119883
56.0,81.0,5.3945450170560365
27.0,37.0,1.1427107191123476
13.0,20.0,0.5592357912915237
4.0,6.0,5.753123138814686
8.0,12.0,5.7604515698671275
9.0,9.0,1.731574462905781
8.0,10.0,0.9999268155418273
7.0,9.0,0.7808006644113722
9.0,9.0,0.7295059189474017
8.0,9.0,1.304845183422251
4.0,4.0,0.7215720619119883
67.0,81.0,5.3945450170560365
26.0,37.0,1.1427107191123476
15.0,20.0,0.5592357912915237
6.0,6.0,5.753123138814686
9.0,12.0,5.7604515698671275
9.0,9.0,1.731574462905781
10.0,10.0,0.9999268155418273
9.0,9.0,0.7808006644113722
8.0,9.0,0.7295059189474017
9.0,9.0,1.304845183422251
4.0,4.0,0.7215720619119883
78.0,81.0,5.3945450170560365
37.0,37.0,1.1427107191123476
17.0,20.0,0.5592357912915237
1.0,6.0,3.5711171359268183
0.0,1.0,0.5546909909973469
8.0,68.0,12.45977221417159
2.0,21.0,0.9860797309023198
3.0,33.0,0.9602429575704442
12.0,103.0,3.1411206392575703
8.0,107.0,1.720531993639267
5.0,63.0,0.823037612966404
2.0,30.0,0.47734996275623426
6.0,61.0,0.9934457009240916
5.0,27.0,0.6494018397917124
1.0,6.0,3.5711171359268183
0.0,1.0,0.5546909909973469
13.0,68.0,12.45977221417159
5.0,21.0,0.9860797309023198
8.0,33.0,0.9602429575704442
24.0,103.0,3.1411206392575703
24.0,107.0,1.720531993639267
9.0,63.0,0.823037612966404
9.0,30.0,0.47734996275623426
3.0,61.0,0.9934457009240916
4.0,27.0,0.6494018397917124
1.0,6.0,3.5711171359268183
1.0,1.0,0.5546909909973469
16.0,68.0,12.45977221417159
7.0,21.0,0.9860797309023198
9.0,33.0,0.9602429575704442
23.0,103.0,3.1411206392575703
36.0,107.0,1.720531993639267
14.0,63.0,0.823037612966404
9.0,30.0,0.47734996275623426
15.0,61.0,0.9934457009240916
10.0,27.0,0.6494018397917124
5.0,6.0,3.5711171359268183
0.0,1.0,0.5546909909973469
29.0,68.0,12.45977221417159
12.0,21.0,0.9860797309023198
11.0,33.0,0.9602429575704442
41.0,103.0,3.1411206392575703
39.0,107.0,1.720531993639267
26.0,63.0,0.823037612966404
10.0,30.0,0.47734996275623426
21.0,61.0,0.9934457009240916
11.0,27.0,0.6494018397917124
5.0,6.0,3.5711171359268183
1.0,1.0,0.5546909909973469
39.0,68.0,12.45977221417159
15.0,21.0,0.9860797309023198
18.0,33.0,0.9602429575704442
66.0,103.0,3.1411206392575703
60.0,107.0,1.720531993639267
36.0,63.0,0.823037612966404
21.0,30.0,0.47734996275623426
23.0,61.0,0.9934457009240916
13.0,27.0,0.6494018397917124
4.0,6.0,3.5711171359268183
1.0,1.0,0.5546909909973469
38.0,68.0,12.45977221417159
10.0,21.0,0.9860797309023198
23.0,33.0,0.9602429575704442
67.0,103.0,3.1411206392575703
52.0,107.0,1.720531993639267
39.0,63.0,0.823037612966404
16.0,30.0,0.47734996275623426
37.0,61.0,0.9934457009240916
16.0,27.0,0.6494018397917124
3.0,6.0,3.5711171359268183
0.0,1.0,0.5546909909973469
41.0,68.0,12.45977221417159
16.0,21.0,0.9860797309023198
27.0,33.0,0.9602429575704442
73.0,103.0,3.1411206392575703
79.0,107.0,1.720531993639267
42.0,63.0,0.823037612966404
25.0,30.0,0.47734996275623426
40.0,61.0,0.9934457009240916
20.0,27.0,0.6494018397917124
6.0,6.0,3.5711171359268183
1.0,1.0,0.5546909909973469
48.0,68.0,12.45977221417159
15.0,21.0,0.9860797309023198
27.0,33.0,0.9602429575704442
82.0,103.0,3.1411206392575703
78.0,107.0,1.720531993639267
47.0,63.0,0.823037612966404
27.0,30.0,0.47734996275623426
51.0,61.0,0.9934457009240916
20.0,27.0,0.6494018397917124
5.0,6.0,3.5711171359268183
1.0,1.0,0.5546909909973469
66.0,68.0,12.45977221417159
20.0,21.0,0.9860797309023198
30.0,33.0,0.9602429575704442
96.0,103.0,3.1411206392575703
92.0,107.0,1.720531993639267
56.0,63.0,0.823037612966404
27.0,30.0,0.47734996275623426
59.0,61.0,0.9934457009240916
25.0,27.0,0.6494018397917124
1.0,5.0,7.322502584997059
1.0,22.0,10.068501021985242
4.0,65.0,7.35386695969852
7.0,60.0,1.918121458751653
3.0,27.0,0.6923298585798839
2.0,27.0,0.6073041461933708
1.0,37.0,0.7671151585765764
3.0,13.0,0.40866907683638765
1.0,10.0,0.4265027105441624
1.0,24.0,1.1658757273788463
0.0,16.0,0.5414747341933921
1.0,5.0,7.322502584997059
5.0,22.0,10.068501021985242
12.0,65.0,7.35386695969852
15.0,60.0,1.918121458751653
2.0,27.0,0.6923298585798839
10.0,27.0,0.6073041461933708
10.0,37.0,0.7671151585765764
4.0,13.0,0.40866907683638765
1.0,10.0,0.4265027105441624
6.0,24.0,1.1658757273788463
4.0,16.0,0.5414747341933921
3.0,5.0,7.322502584997059
5.0,22.0,10.068501021985242
24.0,65.0,7.35386695969852
23.0,60.0,1.918121458751653
9.0,27.0,0.6923298585798839
9.0,27.0,0.6073041461933708
9.0,37.0,0.7671151585765764
4.0,13.0,0.40866907683638765
2.0,10.0,0.4265027105441624
7.0,24.0,1.1658757273788463
2.0,16.0,0.5414747341933921
3.0,5.0,7.322502584997059
6.0,22.0,10.068501021985242
33.0,65.0,7.35386695969852
23.0,60.0,1.918121458751653
12.0,27.0,0.6923298585798839
11.0,27.0,0.6073041461933708
10.0,37.0,0.7671151585765764
6.0,13.0,0.40866907683638765
5.0,10.0,0.4265027105441624
7.0,24.0,1.1658757273788463
5.0,16.0,0.5414747341933921
3.0,5.0,7.322502584997059
14.0,22.0,10.068501021985242
33.0,65.0,7.35386695969852
25.0,60.0,1.918121458751653
11.0,27.0,0.6923298585798839
15.0,27.0,0.6073041461933708
21.0,37.0,0.7671151585765764
5.0,13.0,0.40866907683638765
5.0,10.0,0.4265027105441624
8.0,24.0,1.1658757273788463
8.0,16.0,0.5414747341933921
3.0,5.0,7.322502584997059
7.0,22.0,10.068501021985242
43.0,65.0,7.35386695969852
38.0,60.0,1.918121458751653
14.0,27.0,0.6923298585798839
19.0,27.0,0.6073041461933708
22.0,37.0,0.7671151585765764
6.0,13.0,0.40866907683638765
7.0,10.0,0.4265027105441624
15.0,24.0,1.1658757273788463
9.0,16.0,0.5414747341933921
5.0,5.0,7.322502584997059
13.0,22.0,10.068501021985242
52.0,65.0,7.35386695969852
46.0,60.0,1.918121458751653
19.0,27.0,0.6923298585798839
18.0,27.0,0.6073041461933708
27.0,37.0,0.7671151585765764
10.0,13.0,0.40866907683638765
6.0,10.0,0.4265027105441624
19.0,24.0,1.1658757273788463
12.0,16.0,0.5414747341933921
4.0,5.0,7.322502584997059
18.0,22.0,10.068501021985242
58.0,65.0,7.35386695969852
44.0,60.0,1.918121458751653
22.0,27.0,0.6923298585798839
19.0,27.0,0.6073041461933708
30.0,37.0,0.7671151585765764
12.0,13.0,0.40866907683638765
8.0,10.0,0.4265027105441624
21.0,24.0,1.1658757273788463
14.0,16.0,0.5414747341933921
4.0,5.0,7.322502584997059
20.0,22.0,10.068501021985242
59.0,65.0,7.35386695969852
53.0,60.0,1.918121458751653
26.0,27.0,0.6923298585798839
26.0,27.0,0.6073041461933708
34.0,37.0,0.7671151585765764
13.0,13.0,0.40866907683638765
9.0,10.0,0.4265027105441624
23.0,24.0,1.1658757273788463
13.0,16.0,0.5414747341933921
1.0,3.0,2.2110553601953247
1.0,7.0,6.614345433691697
2.0,13.0,3.297468750512826
1.0,7.0,0.6325244685495871
4.0,19.0,2.194791745347206
0.0,7.0,0.9662334684227265
2.0,15.0,1.549637299753894
1.0,20.0,1.598744969443306
1.0,9.0,0.8335490993492062
2.0,21.0,1.362885797611984
1.0,6.0,0.38211677910716807
1.0,3.0,2.2110553601953247
0.0,7.0,6.614345433691697
4.0,13.0,3.297468750512826
1.0,7.0,0.6325244685495871
3.0,19.0,2.194791745347206
2.0,7.0,0.9662334684227265
4.0,15.0,1.549637299753894
4.0,20.0,1.598744969443306
2.0,9.0,0.8335490993492062
7.0,21.0,1.362885797611984
0.0,6.0,0.38211677910716807
2.0,3.0,2.2110553601953247
1.0,7.0,6.614345433691697
0.0,13.0,3.297468750512826
4.0,7.0,0.6325244685495871
9.0,19.0,2.194791745347206
5.0,7.0,0.9662334684227265
5.0,15.0,1.549637299753894
5.0,20.0,1.598744969443306
2.0,9.0,0.8335490993492062
5.0,21.0,1.362885797611984
3.0,6.0,0.38211677910716807
1.0,3.0,2.2110553601953247
2.0,7.0,6.614345433691697
1.0,13.0,3.297468750512826
3.0,7.0,0.6325244685495871
4.0,19.0,2.194791745347206
1.0,7.0,0.9662334684227265
8.0,15.0,1.549637299753894
8.0,20.0,1.598744969443306
2.0,9.0,0.8335490993492062
6.0,21.0,1.362885797611984
4.0,6.0,0.38211677910716807
3.0,3.0,2.2110553601953247
4.0,7.0,6.614345433691697
10.0,13.0,3.297468750512826
3.0,7.0,0.6325244685495871
9.0,19.0,2.194791745347206
5.0,7.0,0.9662334684227265
8.0,15.0,1.549637299753894
13.0,20.0,1.598744969443306
5.0,9.0,0.8335490993492062
11.0,21.0,1.362885797611984
3.0,6.0,0.38211677910716807
1.0,3.0,2.2110553601953247
4.0,7.0,6.614345433691697
6.0,13.0,3.297468750512826
2.0,7.0,0.6325244685495871
15.0,19.0,2.194791745347206
5.0,7.0,0.9662334684227265
12.0,15.0,1.549637299753894
13.0,20.0,1.598744969443306
5.0,9.0,0.8335490993492062
16.0,21.0,1.362885797611984
3.0,6.0,0.38211677910716807
2.0,3.0,2.2110553601953247
5.0,7.0,6.614345433691697
11.0,13.0,3.297468750512826
5.0,7.0,0.6325244685495871
15.0,19.0,2.194791745347206
4.0,7.0,0.9662334684227265
13.0,15.0,1.549637299753894
17.0,20.0,1.598744969443306
6.0,9.0,0.8335490993492062
13.0,21.0,1.362885797611984
5.0,6.0,0.38211677910716807
3.0,3.0,2.2110553601953247
7.0,7.0,6.614345433691697
8.0,13.0,3.297468750512826
7.0,7.0,0.6325244685495871
14.0,19.0,2.194791745347206
6.0,7.0,0.9662334684227265
12.0,15.0,1.549637299753894
17.0,20.0,1.598744969443306
7.0,9.0,0.8335490993492062
17.0,21.0,1.362885797611984
5.0,6.0,0.38211677910716807
3.0,3.0,2.2110553601953247
6.0,7.0,6.614345433691697
10.0,13.0,3.297468750512826
6.0,7.0,0.6325244685495871
15.0,19.0,2.194791745347206
7.0,7.0,0.9662334684227265
15.0,15.0,1.549637299753894
20.0,20.0,1.598744969443306
7.0,9.0,0.8335490993492062
17.0,21.0,1.362885797611984
6.0,6.0,0.38211677910716807
1.0,3.0,3.0036093672756325
1.0,6.0,6.190409729609118
0.0,3.0,0.34872831428332185
3.0,22.0,4.857478144041623
11.0,67.0,5.948601543611357
6.0,71.0,2.051114172187244
5.0,46.0,0.9224907940917233
4.0,24.0,0.6418386994738307
1.0,9.0,0.29134535283565566
1.0,19.0,0.615510899005663
3.0,18.0,0.6940390277423933
1.0,3.0,3.0036093672756325
1.0,6.0,6.190409729609118
1.0,3.0,0.34872831428332185
6.0,22.0,4.857478144041623
10.0,67.0,5.948601543611357
15.0,71.0,2.051114172187244
14.0,46.0,0.9224907940917233
5.0,24.0,0.6418386994738307
3.0,9.0,0.29134535283565566
6.0,19.0,0.615510899005663
2.0,18.0,0.6940390277423933
1.0,3.0,3.0036093672756325
0.0,6.0,6.190409729609118
1.0,3.0,0.34872831428332185
9.0,22.0,4.857478144041623
22.0,67.0,5.948601543611357
21.0,71.0,2.051114172187244
14.0,46.0,0.9224907940917233
6.0,24.0,0.6418386994738307
5.0,9.0,0.29134535283565566
3.0,19.0,0.615510899005663
6.0,18.0,0.6940390277423933
1.0,3.0,3.0036093672756325
2.0,6.0,6.190409729609118
3.0,3.0,0.34872831428332185
13.0,22.0,4.857478144041623
25.0,67.0,5.948601543611357
33.0,71.0,2.051114172187244
16.0,46.0,0.9224907940917233
9.0,24.0,0.6418386994738307
3.0,9.0,0.29134535283565566
4.0,19.0,0.615510899005663
9.0,18.0,0.6940390277423933
2.0,3.0,3.0036093672756325
3.0,6.0,6.190409729609118
2.0,3.0,0.34872831428332185
15.0,22.0,4.857478144041623
34.0,67.0,5.948601543611357
32.0,71.0,2.051114172187244
24.0,46.0,0.9224907940917233
12.0,24.0,0.6418386994738307
3.0,9.0,0.29134535283565566
9.0,19.0,0.615510899005663
10.0,18.0,0.6940390277423933
3.0,3.0,3.0036093672756325
2.0,6.0,6.190409729609118
3.0,3.0,0.34872831428332185
12.0,22.0,4.857478144041623
35.0,67.0,5.948601543611357
42.0,71.0,2.051114172187244
26.0,46.0,0.9224907940917233
14.0,24.0,0.6418386994738307
7.0,9.0,0.29134535283565566
14.0,19.0,0.615510899005663
10.0,18.0,0.6940390277423933
2.0,3.0,3.0036093672756325
6.0,6.0,6.190409729609118
1.0,3.0,0.34872831428332185
13.0,22.0,4.857478144041623
46.0,67.0,5.948601543611357
45.0,71.0,2.051114172187244
35.0,46.0,0.9224907940917233
21.0,24.0,0.6418386994738307
7.0,9.0,0.29134535283565566
8.0,19.0,0.615510899005663
14.0,18.0,0.6940390277423933
3.0,3.0,3.0036093672756325
4.0,6.0,6.190409729609118
3.0,3.0,0.34872831428332185
18.0,22.0,4.857478144041623
54.0,67.0,5.948601543611357
58.0,71.0,2.051114172187244
32.0,46.0,0.9224907940917233
21.0,24.0,0.6418386994738307
7.0,9.0,0.29134535283565566
13.0,19.0,0.615510899005663
14.0,18.0,0.6940390277423933
2.0,3.0,3.0036093672756325
6.0,6.0,6.190409729609118
2.0,3.0,0.34872831428332185
20.0,22.0,4.857478144041623
58.0,67.0,5.948601543611357
67.0,71.0,2.051114172187244
39.0,46.0,0.9224907940917233
19.0,24.0,0.6418386994738307
8.0,9.0,0.29134535283565566
18.0,19.0,0.615510899005663
17.0,18.0,0.6940390277423933
3.0,9.0,6.714750146413249
3.0,14.0,3.197490385338683
0.0,8.0,0.46191297306853407
2.0,34.0,2.596481481248314
1.0,26.0,1.173564181766349
5.0,37.0,2.0229156924074805
2.0,20.0,0.6876357498872014
1.0,9.0,0.5001129678612296
0.0,9.0,0.44646797001654276
1.0,14.0,1.2193200343985677
2.0,16.0,1.1057712797856398
1.0,9.0,6.714750146413249
2.0,14.0,3.197490385338683
2.0,8.0,0.46191297306853407
4.0,34.0,2.596481481248314
4.0,26.0,1.173564181766349
9.0,37.0,2.0229156924074805
6.0,20.0,0.6876357498872014
0.0,9.0,0.5001129678612296
3.0,9.0,0.44646797001654276
3.0,14.0,1.2193200343985677
3.0,16.0,1.1057712797856398
1.0,9.0,6.714750146413249
5.0,14.0,3.197490385338683
5.0,8.0,0.46191297306853407
8.0,34.0,2.596481481248314
6.0,26.0,1.173564181766349
14.0,37.0,2.0229156924074805
7.0,20.0,0.6876357498872014
2.0,9.0,0.5001129678612296
4.0,9.0,0.44646797001654276
3.0,14.0,1.2193200343985677
5.0,16.0,1.1057712797856398
5.0,9.0,6.714750146413249
7.0,14.0,3.197490385338683
3.0,8.0,0.46191297306853407
19.0,34.0,2.596481481248314
15.0,26.0,1.173564181766349
13.0,37.0,2.0229156924074805
11.0,20.0,0.6876357498872014
2.0,9.0,0.5001129678612296
7.0,9.0,0.44646797001654276
1.0,14.0,1.2193200343985677
8.0,16.0,1.1057712797856398
6.0,9.0,6.714750146413249
6.0,14.0,3.197490385338683
4.0,8.0,0.46191297306853407
14.0,34.0,2.596481481248314
13.0,26.0,1.173564181766349
20.0,37.0,2.0229156924074805
12.0,20.0,0.6876357498872014
5.0,9.0,0.5001129678612296
3.0,9.0,0.44646797001654276
9.0,14.0,1.2193200343985677
9.0,16.0,1.1057712797856398
7.0,9.0,6.714750146413249
9.0,14.0,3.197490385338683
4.0,8.0,0.46191297306853407
21.0,34.0,2.596481481248314
13.0,26.0,1.173564181766349
28.0,37.0,2.0229156924074805
11.0,20.0,0.6876357498872014
8.0,9.0,0.5001129678612296
8.0,9.0,0.44646797001654276
8.0,14.0,1.2193200343985677
7.0,16.0,1.1057712797856398
7.0,9.0,6.714750146413249
9.0,14.0,3.197490385338683
4.0,8.0,0.46191297306853407
26.0,34.0,2.596481481248314
19.0,26.0,1.173564181766349
25.0,37.0,2.0229156924074805
13.0,20.0,0.6876357498872014
7.0,9.0,0.5001129678612296
5.0,9.0,0.44646797001654276
8.0,14.0,1.2193200343985677
13.0,16.0,1.1057712797856398
7.0,9.0,6.714750146413249
11.0,14.0,3.197490385338683
8.0,8.0,0.46191297306853407
25.0,34.0,2.596481481248314
19.0,26.0,1.173564181766349
30.0,37.0,2.0229156924074805
16.0,20.0,0.6876357498872014
6.0,9.0,0.5001129678612296
6.0,9.0,0.44646797001654276
12.0,14.0,1.2193200343985677
13.0,16.0,1.1057712797856398
8.0,9.0,6.714750146413249
14.0,14.0,3.197490385338683
8.0,8.0,0.46191297306853407
29.0,34.0,2.596481481248314
24.0,26.0,1.173564181766349
33.0,37.0,2.0229156924074805
18.0,20.0,0.6876357498872014
9.0,9.0,0.5001129678612296
9.0,9.0,0.44646797001654276
14.0,14.0,1.2193200343985677
16.0,16.0,1.1057712797856398
1.0,4.0,3.9423579772970334
2.0,13.0,5.050177570054975
1.0,9.0,1.4170105929932226
0.0,7.0,0.44092480315333743
0.0,3.0,0.449807605902375
3.0,34.0,3.12709893777132
5.0,59.0,3.21860362752636
2.0,22.0,0.6415199258670294
5.0,95.0,2.6224598408933213
4.0,27.0,0.4196626232448465
0.0,6.0,0.13980965317991934
1.0,4.0,3.9423579772970334
3.0,13.0,5.050177570054975
2.0,9.0,1.4170105929932226
1.0,7.0,0.44092480315333743
1.0,3.0,0.449807605902375
9.0,34.0,3.12709893777132
14.0,59.0,3.21860362752636
4.0,22.0,0.6415199258670294
12.0,95.0,2.6224598408933213
5.0,27.0,0.4196626232448465
0.0,6.0,0.13980965317991934
1.0,4.0,3.9423579772970334
7.0,13.0,5.050177570054975
4.0,9.0,1.4170105929932226
3.0,7.0,0.44092480315333743
1.0,3.0,0.449807605902375
10.0,34.0,3.12709893777132
18.0,59.0,3.21860362752636
4.0,22.0,0.6415199258670294
30.0,95.0,2.6224598408933213
6.0,27.0,0.4196626232448465
2.0,6.0,0.13980965317991934
2.0,4.0,3.9423579772970334
3.0,13.0,5.050177570054975
2.0,9.0,1.4170105929932226
3.0,7.0,0.44092480315333743
1.0,3.0,0.449807605902375
13.0,34.0,3.12709893777132
26.0,59.0,3.21860362752636
11.0,22.0,0.6415199258670294
47.0,95.0,2.6224598408933213
12.0,27.0,0.4196626232448465
2.0,6.0,0.13980965317991934
2.0,4.0,3.9423579772970334
6.0,13.0,5.050177570054975
5.0,9.0,1.4170105929932226
3.0,7.0,0.44092480315333743
2.0,3.0,0.449807605902375
20.0,34.0,3.12709893777132
30.0,59.0,3.21860362752636
9.0,22.0,0.6415199258670294
49.0,95.0,2.6224598408933213
18.0,27.0,0.4196626232448465
5.0,6.0,0.13980965317991934
2.0,4.0,3.9423579772970334
6.0,13.0,5.050177570054975
4.0,9.0,1.4170105929932226
5.0,7.0,0.44092480315333743
2.0,3.0,0.449807605902375
23.0,34.0,3.12709893777132
40.0,59.0,3.21860362752636
10.0,22.0,0.6415199258670294
52.0,95.0,2.6224598408933213
16.0,27.0,0.4196626232448465
5.0,6.0,0.13980965317991934
3.0,4.0,3.9423579772970334
8.0,13.0,5.050177570054975
8.0,9.0,1.4170105929932226
7.0,7.0,0.44092480315333743
3.0,3.0,0.449807605902375
25.0,34.0,3.12709893777132
42.0,59.0,3.21860362752636
14.0,22.0,0.6415199258670294
78.0,95.0,2.6224598408933213
21.0,27.0,0.4196626232448465
3.0,6.0,0.13980965317991934
2.0,4.0,3.9423579772970334
9.0,13.0,5.050177570054975
8.0,9.0,1.4170105929932226
5.0,7.0,0.44092480315333743
3.0,3.0,0.449807605902375
29.0,34.0,3.12709893777132
55.0,59.0,3.21860362752636
17.0,22.0,0.6415199258670294
84.0,95.0,2.6224598408933213
23.0,27.0,0.4196626232448465
4.0,6.0,0.13980965317991934
4.0,4.0,3.9423579772970334
13.0,13.0,5.050177570054975
8.0,9.0,1.4170105929932226
6.0,7.0,0.44092480315333743
3.0,3.0,0.449807605902375
30.0,34.0,3.12709893777132
53.0,59.0,3.21860362752636
21.0,22.0,0.6415199258670294
87.0,95.0,2.6224598408933213
25.0,27.0,0.4196626232448465
5.0,6.0,0.13980965317991934
1.0,2.0,5.599421276109988
1.0,10.0,5.018757784836132
2.0,10.0,3.054701449628279
3.0,17.0,2.5462301950111197
2.0,5.0,0.7824437002393495
0.0,13.0,1.0339784885432035
0.0,10.0,1.067027523671479
2.0,12.0,1.141066221072651
3.0,41.0,3.0247688259568113
3.0,21.0,0.6531388941305131
1.0,16.0,0.9135468018733272
1.0,2.0,5.599421276109988
3.0,10.0,5.018757784836132
4.0,10.0,3.054701449628279
4.0,17.0,2.5462301950111197
0.0,5.0,0.7824437002393495
2.0,13.0,1.0339784885432035
2.0,10.0,1.067027523671479
4.0,12.0,1.141066221072651
10.0,41.0,3.0247688259568113
6.0,21.0,0.6531388941305131
0.0,16.0,0.9135468018733272
1.0,2.0,5.599421276109988
2.0,10.0,5.018757784836132
3.0,10.0,3.054701449628279
5.0,17.0,2.5462301950111197
1.0,5.0,0.7824437002393495
5.0,13.0,1.0339784885432035
5.0,10.0,1.067027523671479
4.0,12.0,1.141066221072651
13.0,41.0,3.0247688259568113
7.0,21.0,0.6531388941305131
3.0,16.0,0.9135468018733272
1.0,2.0,5.599421276109988
4.0,10.0,5.018757784836132
4.0,10.0,3.054701449628279
7.0,17.0,2.5462301950111197
2.0,5.0,0.7824437002393495
2.0,13.0,1.0339784885432035
3.0,10.0,1.067027523671479
3.0,12.0,1.141066221072651
15.0,41.0,3.0247688259568113
9.0,21.0,0.6531388941305131
6.0,16.0,0.9135468018733272
1.0,2.0,5.599421276109988
6.0,10.0,5.018757784836132
5.0,10.0,3.054701449628279
9.0,17.0,2.5462301950111197
3.0,5.0,0.7824437002393495
11.0,13.0,1.0339784885432035
9.0,10.0,1.067027523671479
3.0,12.0,1.141066221072651
17.0,41.0,3.0247688259568113
13.0,21.0,0.6531388941305131
6.0,16.0,0.9135468018733272
1.0,2.0,5.599421276109988
6.0,10.0,5.018757784836132
5.0,10.0,3.054701449628279
11.0,17.0,2.5462301950111197
3.0,5.0,0.7824437002393495
7.0,13.0,1.0339784885432035
7.0,10.0,1.067027523671479
5.0,12.0,1.141066221072651
23.0,41.0,3.0247688259568113
10.0,21.0,0.6531388941305131
15.0,16.0,0.9135468018733272
2.0,2.0,5.599421276109988
7.0,10.0,5.018757784836132
6.0,10.0,3.054701449628279
13.0,17.0,2.5462301950111197
4.0,5.0,0.7824437002393495
11.0,13.0,1.0339784885432035
8.0,10.0,1.067027523671479
9.0,12.0,1.141066221072651
28.0,41.0,3.0247688259568113
17.0,21.0,0.6531388941305131
8.0,16.0,0.9135468018733272
1.0,2.0,5.599421276109988
8.0,10.0,5.018757784836132
8.0,10.0,3.054701449628279
11.0,17.0,2.5462301950111197
3.0,5.0,0.7824437002393495
10.0,13.0,1.0339784885432035
9.0,10.0,1.067027523671479
11.0,12.0,1.141066221072651
34.0,41.0,3.0247688259568113
15.0,21.0,0.6531388941305131
13.0,16.0,0.9135468018733272
2.0,2.0,5.599421276109988
9.0,10.0,5.018757784836132
10.0,10.0,3.054701449628279
15.0,17.0,2.5462301950111197
3.0,5.0,0.7824437002393495
11.0,13.0,1.0339784885432035
10.0,10.0,1.067027523671479
12.0,12.0,1.141066221072651
37.0,41.0,3.0247688259568113
19.0,21.0,0.6531388941305131
12.0,16.0,0.9135468018733272
1.0,20.0,17.82295562944784
0.0,4.0,1.1449837217731882
5.0,28.0,3.0294644428742936
0.0,13.0,0.8321636846633456
5.0,33.0,1.8796989056942133
1.0,33.0,1.0965832607812518
5.0,54.0,1.7794204865676209
2.0,11.0,0.24850817526982769
12.0,85.0,2.429182707543365
3.0,31.0,0.5917547094270763
3.0,41.0,0.9141368125070276
4.0,20.0,17.82295562944784
3.0,4.0,1.1449837217731882
3.0,28.0,3.0294644428742936
2.0,13.0,0.8321636846633456
8.0,33.0,1.8796989056942133
9.0,33.0,1.0965832607812518
12.0,54.0,1.7794204865676209
3.0,11.0,0.24850817526982769
11.0,85.0,2.429182707543365
10.0,31.0,0.5917547094270763
10.0,41.0,0.9141368125070276
5.0,20.0,17.82295562944784
2.0,4.0,1.1449837217731882
9.0,28.0,3.0294644428742936
4.0,13.0,0.8321636846633456
9.0,33.0,1.8796989056942133
16.0,33.0,1.0965832607812518
16.0,54.0,1.7794204865676209
5.0,11.0,0.24850817526982769
23.0,85.0,2.429182707543365
2.0,31.0,0.5917547094270763
12.0,41.0,0.9141368125070276
6.0,20.0,17.82295562944784
0.0,4.0,1.1449837217731882
13.0,28.0,3.0294644428742936
5.0,13.0,0.8321636846633456
13.0,33.0,1.8796989056942133
15.0,33.0,1.0965832607812518
27.0,54.0,1.7794204865676209
8.0,11.0,0.24850817526982769
36.0,85.0,2.429182707543365
17.0,31.0,0.5917547094270763
23.0,41.0,0.9141368125070276
10.0,20.0,17.82295562944784
1.0,4.0,1.1449837217731882
16.0,28.0,3.0294644428742936
10.0,13.0,0.8321636846633456
14.0,33.0,1.8796989056942133
15.0,33.0,1.0965832607812518
29.0,54.0,1.7794204865676209
7.0,11.0,0.24850817526982769
48.0,85.0,2.429182707543365
14.0,31.0,0.5917547094270763
22.0,41.0,0.9141368125070276
9.0,20.0,17.82295562944784
3.0,4.0,1.1449837217731882
17.0,28.0,3.0294644428742936
7.0,13.0,0.8321636846633456
18.0,33.0,1.8796989056942133
20.0,33.0,1.0965832607812518
32.0,54.0,1.7794204865676209
5.0,11.0,0.24850817526982769
57.0,85.0,2.429182707543365
22.0,31.0,0.5917547094270763
27.0,41.0,0.9141368125070276
19.0,20.0,17.82295562944784
2.0,4.0,1.1449837217731882
15.0,28.0,3.0294644428742936
8.0,13.0,0.8321636846633456
24.0,33.0,1.8796989056942133
20.0,33.0,1.0965832607812518
40.0,54.0,1.7794204865676209
8.0,11.0,0.24850817526982769
61.0,85.0,2.429182707543365
24.0,31.0,0.5917547094270763
29.0,41.0,0.9141368125070276
14.0,20.0,17.82295562944784
4.0,4.0,1.1449837217731882
21.0,28.0,3.0294644428742936
11.0,13.0,0.8321636846633456
26.0,33.0,1.8796989056942133
26.0,33.0,1.0965832607812518
35.0,54.0,1.7794204865676209
10.0,11.0,0.24850817526982769
70.0,85.0,2.429182707543365
23.0,31.0,0.5917547094270763
37.0,41.0,0.9141368125070276
20.0,20.0,17.82295562944784
3.0,4.0,1.1449837217731882
25.0,28.0,3.0294644428742936
13.0,13.0,0.8321636846633456
32.0,33.0,1.8796989056942133
27.0,33.0,1.0965832607812518
52.0,54.0,1.7794204865676209
10.0,11.0,0.24850817526982769
73.0,85.0,2.429182707543365
28.0,31.0,0.5917547094270763
38.0,41.0,0.9141368125070276
1.0,5.0,3.7171375432020106
1.0,7.0,5.047487682854521
1.0,9.0,2.5850387108229693
0.0,6.0,0.4226336032280093
2.0,22.0,2.9815863463465186
0.0,4.0,0.4069579131501971
4.0,41.0,2.6880654813197067
1.0,17.0,1.0883946643373779
5.0,38.0,2.17449612149468
6.0,64.0,1.9325658539685548
3.0,12.0,0.587786365590453
1.0,5.0,3.7171375432020106
1.0,7.0,5.047487682854521
1.0,9.0,2.5850387108229693
1.0,6.0,0.4226336032280093
4.0,22.0,2.9815863463465186
1.0,4.0,0.4069579131501971
7.0,41.0,2.6880654813197067
4.0,17.0,1.0883946643373779
7.0,38.0,2.17449612149468
8.0,64.0,1.9325658539685548
3.0,12.0,0.587786365590453
2.0,5.0,3.7171375432020106
3.0,7.0,5.047487682854521
5.0,9.0,2.5850387108229693
3.0,6.0,0.4226336032280093
3.0,22.0,2.9815863463465186
1.0,4.0,0.4069579131501971
12.0,41.0,2.6880654813197067
5.0,17.0,1.0883946643373779
9.0,38.0,2.17449612149468
20.0,64.0,1.9325658539685548
4.0,12.0,0.587786365590453
2.0,5.0,3.7171375432020106
0.0,7.0,5.047487682854521
7.0,9.0,2.5850387108229693
4.0,6.0,0.4226336032280093
11.0,22.0,2.9815863463465186
3.0,4.0,0.4069579131501971
18.0,41.0,2.6880654813197067
7.0,17.0,1.0883946643373779
12.0,38.0,2.17449612149468
30.0,64.0,1.9325658539685548
6.0,12.0,0.587786365590453
3.0,5.0,3.7171375432020106
5.0,7.0,5.047487682854521
6.0,9.0,2.5850387108229693
3.0,6.0,0.4226336032280093
14.0,22.0,2.9815863463465186
2.0,4.0,0.4069579131501971
21.0,41.0,2.6880654813197067
7.0,17.0,1.0883946643373779
19.0,38.0,2.17449612149468
32.0,64.0,1.9325658539685548
4.0,12.0,0.587786365590453
3.0,5.0,3.7171375432020106
4.0,7.0,5.047487682854521
3.0,9.0,2.5850387108229693
3.0,6.0,0.4226336032280093
15.0,22.0,2.9815863463465186
2.0,4.0,0.4069579131501971
22.0,41.0,2.6880654813197067
12.0,17.0,1.0883946643373779
22.0,38.0,2.17449612149468
41.0,64.0,1.9325658539685548
7.0,12.0,0.587786365590453
3.0,5.0,3.7171375432020106
6.0,7.0,5.047487682854521
7.0,9.0,2.5850387108229693
3.0,6.0,0.4226336032280093
13.0,22.0,2.9815863463465186
1.0,4.0,0.4069579131501971
29.0,41.0,2.6880654813197067
9.0,17.0,1.0883946643373779
31.0,38.0,2.17449612149468
47.0,64.0,1.9325658539685548
6.0,12.0,0.587786365590453
5.0,5.0,3.7171375432020106
6.0,7.0,5.047487682854521
8.0,9.0,2.5850387108229693
5.0,6.0,0.4226336032280093
16.0,22.0,2.9815863463465186
4.0,4.0,0.4069579131501971
32.0,41.0,2.6880654813197067
9.0,17.0,1.0883946643373779
33.0,38.0,2.17449612149468
50.0,64.0,1.9325658539685548
9.0,12.0,0.587786365590453
4.0,5.0,3.7171375432020106
6.0,7.0,5.047487682854521
8.0,9.0,2.5850387108229693
5.0,6.0,0.4226336032280093
19.0,22.0,2.9815863463465186
3.0,4.0,0.4069579131501971
35.0,41.0,2.6880654813197067
17.0,17.0,1.0883946643373779
32.0,38.0,2.17449612149468
57.0,64.0,1.9325658539685548
10.0,12.0,0.587786365590453
1.0,2.0,2.114220729126649
3.0,15.0,10.038761663002457
3.0,22.0,3.9287200429276132
4.0,53.0,3.090256212627144
1.0,42.0,1.3475508889472936
3.0,48.0,1.369129104790815
4.0,48.0,0.8768145754612715
1.0,6.0,0.0976523456494532
4.0,27.0,0.8846053066144711
1.0,7.0,0.10885401306522278
1.0,12.0,0.4092081803281397
1.0,2.0,2.114220729126649
3.0,15.0,10.038761663002457
2.0,22.0,3.9287200429276132
10.0,53.0,3.090256212627144
12.0,42.0,1.3475508889472936
6.0,48.0,1.369129104790815
8.0,48.0,0.8768145754612715
2.0,6.0,0.0976523456494532
5.0,27.0,0.8846053066144711
0.0,7.0,0.10885401306522278
1.0,12.0,0.4092081803281397
2.0,2.0,2.114220729126649
4.0,15.0,10.038761663002457
5.0,22.0,3.9287200429276132
13.0,53.0,3.090256212627144
14.0,42.0,1.3475508889472936
11.0,48.0,1.369129104790815
13.0,48.0,0.8768145754612715
5.0,6.0,0.0976523456494532
10.0,27.0,0.8846053066144711
2.0,7.0,0.10885401306522278
4.0,12.0,0.4092081803281397
2.0,2.0,2.114220729126649
9.0,15.0,10.038761663002457
7.0,22.0,3.9287200429276132
15.0,53.0,3.090256212627144
16.0,42.0,1.3475508889472936
18.0,48.0,1.369129104790815
26.0,48.0,0.8768145754612715
1.0,6.0,0.0976523456494532
10.0,27.0,0.8846053066144711
1.0,7.0,0.10885401306522278
6.0,12.0,0.4092081803281397
1.0,2.0,2.114220729126649
10.0,15.0,10.038761663002457
6.0,22.0,3.9287200429276132
23.0,53.0,3.090256212627144
13.0,42.0,1.3475508889472936
22.0,48.0,1.369129104790815
17.0,48.0,0.8768145754612715
1.0,6.0,0.0976523456494532
18.0,27.0,0.8846053066144711
3.0,7.0,0.10885401306522278
5.0,12.0,0.4092081803281397
2.0,2.0,2.114220729126649
11.0,15.0,10.038761663002457
17.0,22.0,3.9287200429276132
30.0,53.0,3.090256212627144
31.0,42.0,1.3475508889472936
28.0,48.0,1.369129104790815
24.0,48.0,0.8768145754612715
4.0,6.0,0.0976523456494532
17.0,27.0,0.8846053066144711
4.0,7.0,0.10885401306522278
6.0,12.0,0.4092081803281397
2.0,2.0,2.114220729126649
8.0,15.0,10.038761663002457
15.0,22.0,3.9287200429276132
39.0,53.0,3.090256212627144
24.0,42.0,1.3475508889472936
37.0,48.0,1.369129104790815
33.0,48.0,0.8768145754612715
4.0,6.0,0.0976523456494532
19.0,27.0,0.8846053066144711
5.0,7.0,0.10885401306522278
8.0,12.0,0.4092081803281397
2.0,2.0,2.114220729126649
11.0,15.0,10.038761663002457
21.0,22.0,3.9287200429276132
45.0,53.0,3.090256212627144
37.0,42.0,1.3475508889472936
38.0,48.0,1.369129104790815
42.0,48.0,0.8768145754612715
4.0,6.0,0.0976523456494532
16.0,27.0,0.8846053066144711
6.0,7.0,0.10885401306522278
11.0,12.0,0.4092081803281397
2.0,2.0,2.114220729126649
13.0,15.0,10.038761663002457
18.0,22.0,3.9287200429276132
50.0,53.0,3.090256212627144
38.0,42.0,1.3475508889472936
42.0,48.0,1.369129104790815
44.0,48.0,0.8768145754612715
5.0,6.0,0.0976523456494532
25.0,27.0,0.8846053066144711
6.0,7.0,0.10885401306522278
11.0,12.0,0.4092081803281397
2.0,5.0,4.475524850492108
0.0,4.0,1.4829612196869
0.0,5.0,1.8234262243933117
3.0,15.0,2.5437976511904425
11.0,61.0,6.921948906635908
2.0,6.0,0.3914578296040537
6.0,74.0,2.745721292074057
2.0,7.0,0.10937481633558752
5.0,49.0,1.5720043511946826
1.0,19.0,0.6397397633464919
4.0,36.0,1.4287899978983525
1.0,5.0,4.475524850492108
1.0,4.0,1.4829612196869
1.0,5.0,1.8234262243933117
2.0,15.0,2.5437976511904425
14.0,61.0,6.921948906635908
1.0,6.0,0.3914578296040537
9.0,74.0,2.745721292074057
1.0,7.0,0.10937481633558752
11.0,49.0,1.5720043511946826
4.0,19.0,0.6397397633464919
15.0,36.0,1.4287899978983525
1.0,5.0,4.475524850492108
2.0,4.0,1.4829612196869
0.0,5.0,1.8234262243933117
1.0,15.0,2.5437976511904425
19.0,61.0,6.921948906635908
1.0,6.0,0.3914578296040537
23.0,74.0,2.745721292074057
2.0,7.0,0.10937481633558752
10.0,49.0,1.5720043511946826
8.0,19.0,0.6397397633464919
10.0,36.0,1.4287899978983525
2.0,5.0,4.475524850492108
1.0,4.0,1.4829612196869
2.0,5.0,1.8234262243933117
7.0,15.0,2.5437976511904425
26.0,61.0,6.921948906635908
1.0,6.0,0.3914578296040537
27.0,74.0,2.745721292074057
6.0,7.0,0.10937481633558752
17.0,49.0,1.5720043511946826
8.0,19.0,0.6397397633464919
20.0,36.0,1.4287899978983525
3.0,5.0,4.475524850492108
2.0,4.0,1.4829612196869
4.0,5.0,1.8234262243933117
7.0,15.0,2.5437976511904425
26.0,61.0,6.921948906635908
4.0,6.0,0.3914578296040537
37.0,74.0,2.745721292074057
5.0,7.0,0.10937481633558752
26.0,49.0,1.5720043511946826
12.0,19.0,0.6397397633464919
19.0,36.0,1.4287899978983525
3.0,5.0,4.475524850492108
1.0,4.0,1.4829612196869
3.0,5.0,1.8234262243933117
11.0,15.0,2.5437976511904425
41.0,61.0,6.921948906635908
1.0,6.0,0.3914578296040537
42.0,74.0,2.745721292074057
3.0,7.0,0.10937481633558752
30.0,49.0,1.5720043511946826
10.0,19.0,0.6397397633464919
20.0,36.0,1.4287899978983525
1.0,5.0,4.475524850492108
2.0,4.0,1.4829612196869
4.0,5.0,1.8234262243933117
9.0,15.0,2.5437976511904425
43.0,61.0,6.921948906635908
4.0,6.0,0.3914578296040537
55.0,74.0,2.745721292074057
4.0,7.0,0.10937481633558752
39.0,49.0,1.5720043511946826
15.0,19.0,0.6397397633464919
24.0,36.0,1.4287899978983525
3.0,5.0,4.475524850492108
3.0,4.0,1.4829612196869
3.0,5.0,1.8234262243933117
12.0,15.0,2.5437976511904425
49.0,61.0,6.921948906635908
5.0,6.0,0.3914578296040537
56.0,74.0,2.745721292074057
6.0,7.0,0.10937481633558752
42.0,49.0,1.5720043511946826
16.0,19.0,0.6397397633464919
29.0,36.0,1.4287899978983525
4.0,5.0,4.475524850492108
3.0,4.0,1.4829612196869
5.0,5.0,1.8234262243933117
14.0,15.0,2.5437976511904425
50.0,61.0,6.921948906635908
6.0,6.0,0.3914578296040537
66.0,74.0,2.745721292074057
7.0,7.0,0.10937481633558752
48.0,49.0,1.5720043511946826
19.0,19.0,0.6397397633464919
34.0,36.0,1.4287899978983525
1.0,3.0,3.9404201925983062
1.0,3.0,3.5662238448631185
1.0,11.0,5.56458843163326
2.0,15.0,3.470052975271572
1.0,16.0,1.811428914431724
1.0,17.0,1.336963282060717
2.0,35.0,2.48419590844608
4.0,38.0,1.3596963026931617
5.0,60.0,1.90464137386457
11.0,80.0,1.816483264516341
2.0,18.0,0.29411224114142553
1.0,3.0,3.9404201925983062
0.0,3.0,3.5662238448631185
2.0,11.0,5.56458843163326
6.0,15.0,3.470052975271572
2.0,16.0,1.811428914431724
6.0,17.0,1.336963282060717
9.0,35.0,2.48419590844608
6.0,38.0,1.3596963026931617
8.0,60.0,1.90464137386457
14.0,80.0,1.816483264516341
6.0,18.0,0.29411224114142553
1.0,3.0,3.9404201925983062
1.0,3.0,3.5662238448631185
2.0,11.0,5.56458843163326
7.0,15.0,3.470052975271572
8.0,16.0,1.811428914431724
9.0,17.0,1.336963282060717
12.0,35.0,2.48419590844608
11.0,38.0,1.3596963026931617
16.0,60.0,1.90464137386457
25.0,80.0,1.816483264516341
6.0,18.0,0.29411224114142553
1.0,3.0,3.9404201925983062
1.0,3.0,3.5662238448631185
5.0,11.0,5.56458843163326
3.0,15.0,3.470052975271572
10.0,16.0,1.811428914431724
10.0,17.0,1.336963282060717
13.0,35.0,2.48419590844608
17.0,38.0,1.3596963026931617
22.0,60.0,1.90464137386457
35.0,80.0,1.816483264516341
7.0,18.0,0.29411224114142553
1.0,3.0,3.9404201925983062
1.0,3.0,3.5662238448631185
9.0,11.0,5.56458843163326
5.0,15.0,3.470052975271572
8.0,16.0,1.811428914431724
8.0,17.0,1.336963282060717
14.0,35.0,2.48419590844608
22.0,38.0,1.3596963026931617
25.0,60.0,1.90464137386457
39.0,80.0,1.816483264516341
11.0,18.0,0.29411224114142553
2.0,3.0,3.9404201925983062
2.0,3.0,3.5662238448631185
6.0,11.0,5.56458843163326
11.0,15.0,3.470052975271572
10.0,16.0,1.811428914431724
11.0,17.0,1.336963282060717
23.0,35.0,2.48419590844608
23.0,38.0,1.3596963026931617
39.0,60.0,1.90464137386457
37.0,80.0,1.816483264516341
11.0,18.0,0.29411224114142553
2.0,3.0,3.9404201925983062
2.0,3.0,3.5662238448631185
8.0,11.0,5.56458843163326
10.0,15.0,3.470052975271572
9.0,16.0,1.811428914431724
11.0,17.0,1.336963282060717
28.0,35.0,2.48419590844608
30.0,38.0,1.3596963026931617
43.0,60.0,1.90464137386457
58.0,80.0,1.816483264516341
14.0,18.0,0.29411224114142553
2.0,3.0,3.9404201925983062
3.0,3.0,3.5662238448631185
7.0,11.0,5.56458843163326
12.0,15.0,3.470052975271572
12.0,16.0,1.811428914431724
14.0,17.0,1.336963282060717
31.0,35.0,2.48419590844608
31.0,38.0,1.3596963026931617
48.0,60.0,1.90464137386457
69.0,80.0,1.816483264516341
13.0,18.0,0.29411224114142553
3.0,3.0,3.9404201925983062
3.0,3.0,3.5662238448631185
10.0,11.0,5.56458843163326
12.0,15.0,3.470052975271572
11.0,16.0,1.811428914431724
16.0,17.0,1.336963282060717
30.0,35.0,2.48419590844608
37.0,38.0,1.3596963026931617
53.0,60.0,1.90464137386457
75.0,80.0,1.816483264516341
18.0,18.0,0.29411224114142553
1.0,6.0,8.143281946624056
1.0,14.0,5.405463398523421
0.0,1.0,0.15559441762335643
0.0,4.0,1.1919508837815402
3.0,27.0,4.04368638398651
3.0,21.0,1.223159577647114
1.0,19.0,1.2109619798524558
5.0,90.0,3.4572661864328396
1.0,34.0,0.7320859436822891
2.0,18.0,0.350789936466426
1.0,20.0,0.6298710913954566
2.0,6.0,8.143281946624056
3.0,14.0,5.405463398523421
1.0,1.0,0.15559441762335643
0.0,4.0,1.1919508837815402
7.0,27.0,4.04368638398651
6.0,21.0,1.223159577647114
6.0,19.0,1.2109619798524558
15.0,90.0,3.4572661864328396
7.0,34.0,0.7320859436822891
3.0,18.0,0.350789936466426
4.0,20.0,0.6298710913954566
3.0,6.0,8.143281946624056
5.0,14.0,5.405463398523421
1.0,1.0,0.15559441762335643
2.0,4.0,1.1919508837815402
9.0,27.0,4.04368638398651
10.0,21.0,1.223159577647114
5.0,19.0,1.2109619798524558
32.0,90.0,3.4572661864328396
9.0,34.0,0.7320859436822891
6.0,18.0,0.350789936466426
3.0,20.0,0.6298710913954566
2.0,6.0,8.143281946624056
5.0,14.0,5.405463398523421
0.0,1.0,0.15559441762335643
1.0,4.0,1.1919508837815402
6.0,27.0,4.04368638398651
8.0,21.0,1.223159577647114
5.0,19.0,1.2109619798524558
42.0,90.0,3.4572661864328396
16.0,34.0,0.7320859436822891
9.0,18.0,0.350789936466426
8.0,20.0,0.6298710913954566
2.0,6.0,8.143281946624056
4.0,14.0,5.405463398523421
1.0,1.0,0.15559441762335643
1.0,4.0,1.1919508837815402
12.0,27.0,4.04368638398651
7.0,21.0,1.223159577647114
12.0,19.0,1.2109619798524558
37.0,90.0,3.4572661864328396
18.0,34.0,0.7320859436822891
9.0,18.0,0.350789936466426
13.0,20.0,0.6298710913954566
2.0,6.0,8.143281946624056
9.0,14.0,5.405463398523421
1.0,1.0,0.15559441762335643
4.0,4.0,1.1919508837815402
13.0,27.0,4.04368638398651
13.0,21.0,1.223159577647114
12.0,19.0,1.2109619798524558
51.0,90.0,3.4572661864328396
21.0,34.0,0.7320859436822891
13.0,18.0,0.350789936466426
13.0,20.0,0.6298710913954566
2.0,6.0,8.143281946624056
11.0,14.0,5.405463398523421
1.0,1.0,0.15559441762335643
1.0,4.0,1.1919508837815402
16.0,27.0,4.04368638398651
16.0,21.0,1.223159577647114
15.0,19.0,1.2109619798524558
56.0,90.0,3.4572661864328396
23.0,34.0,0.7320859436822891
10.0,18.0,0.350789936466426
15.0,20.0,0.6298710913954566
4.0,6.0,8.143281946624056
10.0,14.0,5.405463398523421
1.0,1.0,0.15559441762335643
4.0,4.0,1.1919508837815402
24.0,27.0,4.04368638398651
18.0,21.0,1.223159577647114
14.0,19.0,1.2109619798524558
71.0,90.0,3.4572661864328396
24.0,34.0,0.7320859436822891
15.0,18.0,0.350789936466426
17.0,20.0,0.6298710913954566
5.0,6.0,8.143281946624056
12.0,14.0,5.405463398523421
1.0,1.0,0.15559441762335643
4.0,4.0,1.1919508837815402
25.0,27.0,4.04368638398651
19.0,21.0,1.223159577647114
18.0,19.0,1.2109619798524558
77.0,90.0,3.4572661864328396
29.0,34.0,0.7320859436822891
16.0,18.0,0.350789936466426
16.0,20.0,0.6298710913954566
2.0,3.0,3.5143060551271685
1.0,6.0,4.754962313399751
0.0,6.0,2.2258873402252504
3.0,16.0,4.982587130426175
1.0,14.0,2.0117555022117695
6.0,37.0,2.715138556407868
1.0,16.0,0.7050211688011818
2.0,16.0,0.6874612506990058
4.0,29.0,1.6144437900315125
8.0,101.0,3.934614365034798
2.0,23.0,0.7011211961486956
1.0,3.0,3.5143060551271685
1.0,6.0,4.754962313399751
2.0,6.0,2.2258873402252504
2.0,16.0,4.982587130426175
4.0,14.0,2.0117555022117695
10.0,37.0,2.715138556407868
3.0,16.0,0.7050211688011818
5.0,16.0,0.6874612506990058
3.0,29.0,1.6144437900315125
30.0,101.0,3.934614365034798
8.0,23.0,0.7011211961486956
2.0,3.0,3.5143060551271685
1.0,6.0,4.754962313399751
1.0,6.0,2.2258873402252504
5.0,16.0,4.982587130426175
7.0,14.0,2.0117555022117695
13.0,37.0,2.715138556407868
4.0,16.0,0.7050211688011818
5.0,16.0,0.6874612506990058
11.0,29.0,1.6144437900315125
21.0,101.0,3.934614365034798
8.0,23.0,0.7011211961486956
1.0,3.0,3.5143060551271685
4.0,6.0,4.754962313399751
5.0,6.0,2.2258873402252504
7.0,16.0,4.982587130426175
4.0,14.0,2.0117555022117695
19.0,37.0,2.715138556407868
8.0,16.0,0.7050211688011818
6.0,16.0,0.6874612506990058
12.0,29.0,1.6144437900315125
37.0,101.0,3.934614365034798
11.0,23.0,0.7011211961486956
1.0,3.0,3.5143060551271685
4.0,6.0,4.754962313399751
3.0,6.0,2.2258873402252504
13.0,16.0,4.982587130426175
7.0,14.0,2.0117555022117695
17.0,37.0,2.715138556407868
7.0,16.0,0.7050211688011818
5.0,16.0,0.6874612506990058
13.0,29.0,1.6144437900315125
55.0,101.0,3.934614365034798
7.0,23.0,0.7011211961486956
1.0,3.0,3.5143060551271685
6.0,6.0,4.754962313399751
4.0,6.0,2.2258873402252504
10.0,16.0,4.982587130426175
10.0,14.0,2.0117555022117695
19.0,37.0,2.715138556407868
10.0,16.0,0.7050211688011818
9.0,16.0,0.6874612506990058
17.0,29.0,1.6144437900315125
55.0,101.0,3.934614365034798
17.0,23.0,0.7011211961486956
3.0,3.0,3.5143060551271685
5.0,6.0,4.754962313399751
6.0,6.0,2.2258873402252504
12.0,16.0,4.982587130426175
12.0,14.0,2.0117555022117695
28.0,37.0,2.715138556407868
8.0,16.0,0.7050211688011818
13.0,16.0,0.6874612506990058
24.0,29.0,1.6144437900315125
66.0,101.0,3.934614365034798
11.0,23.0,0.7011211961486956
3.0,3.0,3.5143060551271685
4.0,6.0,4.754962313399751
5.0,6.0,2.2258873402252504
11.0,16.0,4.982587130426175
12.0,14.0,2.0117555022117695
33.0,37.0,2.715138556407868
15.0,16.0,0.7050211688011818
14.0,16.0,0.6874612506990058
25.0,29.0,1.6144437900315125
79.0,101.0,3.934614365034798
17.0,23.0,0.7011211961486956
2.0,3.0,3.5143060551271685
6.0,6.0,4.754962313399751
5.0,6.0,2.2258873402252504
14.0,16.0,4.982587130426175
12.0,14.0,2.0117555022117695
33.0,37.0,2.715138556407868
16.0,16.0,0.7050211688011818
14.0,16.0,0.6874612506990058
28.0,29.0,1.6144437900315125
85.0,101.0,3.934614365034798
22.0,23.0,0.7011211961486956
1.0,3.0,4.567682631147276
1.0,22.0,12.362027980679695
0.0,3.0,0.6368833287809468
2.0,18.0,2.0334585865139894
9.0,101.0,6.1433456778290925
3.0,36.0,1.0033431349659596
5.0,42.0,0.7472421065360375
2.0,27.0,0.6336865941519156
3.0,36.0,0.8658777143601128
5.0,63.0,1.6799792670360267
0.0,13.0,0.350615494091333
1.0,3.0,4.567682631147276
6.0,22.0,12.362027980679695
0.0,3.0,0.6368833287809468
4.0,18.0,2.0334585865139894
27.0,101.0,6.1433456778290925
10.0,36.0,1.0033431349659596
7.0,42.0,0.7472421065360375
2.0,27.0,0.6336865941519156
12.0,36.0,0.8658777143601128
12.0,63.0,1.6799792670360267
0.0,13.0,0.350615494091333
1.0,3.0,4.567682631147276
10.0,22.0,12.362027980679695
1.0,3.0,0.6368833287809468
6.0,18.0,2.0334585865139894
25.0,101.0,6.1433456778290925
9.0,36.0,1.0033431349659596
14.0,42.0,0.7472421065360375
7.0,27.0,0.6336865941519156
12.0,36.0,0.8658777143601128
20.0,63.0,1.6799792670360267
3.0,13.0,0.350615494091333
1.0,3.0,4.567682631147276
13.0,22.0,12.362027980679695
1.0,3.0,0.6368833287809468
8.0,18.0,2.0334585865139894
38.0,101.0,6.1433456778290925
16.0,36.0,1.0033431349659596
15.0,42.0,0.7472421065360375
10.0,27.0,0.6336865941519156
15.0,36.0,0.8658777143601128
26.0,63.0,1.6799792670360267
7.0,13.0,0.350615494091333
3.0,3.0,4.567682631147276
13.0,22.0,12.362027980679695
2.0,3.0,0.6368833287809468
7.0,18.0,2.0334585865139894
51.0,101.0,6.1433456778290925
22.0,36.0,1.0033431349659596
17.0,42.0,0.7472421065360375
16.0,27.0,0.6336865941519156
20.0,36.0,0.8658777143601128
26.0,63.0,1.6799792670360267
6.0,13.0,0.350615494091333
2.0,3.0,4.567682631147276
16.0,22.0,12.362027980679695
1.0,3.0,0.6368833287809468
10.0,18.0,2.0334585865139894
58.0,101.0,6.1433456778290925
20.0,36.0,1.0033431349659596
25.0,42.0,0.7472421065360375
17.0,27.0,0.6336865941519156
21.0,36.0,0.8658777143601128
43.0,63.0,1.6799792670360267
9.0,13.0,0.350615494091333
3.0,3.0,4.567682631147276
14.0,22.0,12.362027980679695
2.0,3.0,0.6368833287809468
13.0,18.0,2.0334585865139894
73.0,101.0,6.1433456778290925
24.0,36.0,1.0033431349659596
28.0,42.0,0.7472421065360375
18.0,27.0,0.6336865941519156
28.0,36.0,0.8658777143601128
41.0,63.0,1.6799792670360267
10.0,13.0,0.350615494091333
2.0,3.0,4.567682631147276
18.0,22.0,12.362027980679695
3.0,3.0,0.6368833287809468
15.0,18.0,2.0334585865139894
76.0,101.0,6.1433456778290925
29.0,36.0,1.0033431349659596
34.0,42.0,0.7472421065360375
21.0,27.0,0.6336865941519156
29.0,36.0,0.8658777143601128
49.0,63.0,1.6799792670360267
12.0,13.0,0.350615494091333
3.0,3.0,4.567682631147276
21.0,22.0,12.362027980679695
3.0,3.0,0.6368833287809468
16.0,18.0,2.0334585865139894
92.0,101.0,6.1433456778290925
32.0,36.0,1.0033431349659596
39.0,42.0,0.7472421065360375
25.0,27.0,0.6336865941519156
33.0,36.0,0.8658777143601128
55.0,63.0,1.6799792670360267
11.0,13.0,0.350615494091333
2.0,3.0,4.194735468431341
0.0,6.0,3.24364635885768
3.0,16.0,5.187993513153154
0.0,4.0,0.6958530437779258
0.0,10.0,0.8680623012448427
1.0,14.0,1.4257286173586876
2.0,43.0,3.276955229091052
1.0,7.0,0.2998666418209133
3.0,60.0,2.6579135819186686
1.0,12.0,0.34983075184431994
1.0,22.0,0.8901824626788776
1.0,3.0,4.194735468431341
2.0,6.0,3.24364635885768
2.0,16.0,5.187993513153154
1.0,4.0,0.6958530437779258
4.0,10.0,0.8680623012448427
3.0,14.0,1.4257286173586876
9.0,43.0,3.276955229091052
1.0,7.0,0.2998666418209133
11.0,60.0,2.6579135819186686
1.0,12.0,0.34983075184431994
6.0,22.0,0.8901824626788776
1.0,3.0,4.194735468431341
1.0,6.0,3.24364635885768
7.0,16.0,5.187993513153154
0.0,4.0,0.6958530437779258
5.0,10.0,0.8680623012448427
4.0,14.0,1.4257286173586876
13.0,43.0,3.276955229091052
2.0,7.0,0.2998666418209133
17.0,60.0,2.6579135819186686
3.0,12.0,0.34983075184431994
8.0,22.0,0.8901824626788776
1.0,3.0,4.194735468431341
3.0,6.0,3.24364635885768
5.0,16.0,5.187993513153154
2.0,4.0,0.6958530437779258
5.0,10.0,0.8680623012448427
8.0,14.0,1.4257286173586876
17.0,43.0,3.276955229091052
2.0,7.0,0.2998666418209133
25.0,60.0,2.6579135819186686
6.0,12.0,0.34983075184431994
11.0,22.0,0.8901824626788776
3.0,3.0,4.194735468431341
3.0,6.0,3.24364635885768
8.0,16.0,5.187993513153154
3.0,4.0,0.6958530437779258
4.0,10.0,0.8680623012448427
3.0,14.0,1.4257286173586876
20.0,43.0,3.276955229091052
2.0,7.0,0.2998666418209133
26.0,60.0,2.6579135819186686
6.0,12.0,0.34983075184431994
11.0,22.0,0.8901824626788776
1.0,3.0,4.194735468431341
2.0,6.0,3.24364635885768
7.0,16.0,5.187993513153154
3.0,4.0,0.6958530437779258
5.0,10.0,0.8680623012448427
8.0,14.0,1.4257286173586876
23.0,43.0,3.276955229091052
4.0,7.0,0.2998666418209133
39.0,60.0,2.6579135819186686
6.0,12.0,0.34983075184431994
13.0,22.0,0.8901824626788776
1.0,3.0,4.194735468431341
5.0,6.0,3.24364635885768
12.0,16.0,5.187993513153154
2.0,4.0,0.6958530437779258
8.0,10.0,0.8680623012448427
10.0,14.0,1.4257286173586876
31.0,43.0,3.276955229091052
6.0,7.0,0.2998666418209133
40.0,60.0,2.6579135819186686
9.0,12.0,0.34983075184431994
16.0,22.0,0.8901824626788776
2.0,3.0,4.194735468431341
6.0,6.0,3.24364635885768
12.0,16.0,5.187993513153154
3.0,4.0,0.6958530437779258
6.0,10.0,0.8680623012448427
12.0,14.0,1.4257286173586876
37.0,43.0,3.276955229091052
5.0,7.0,0.2998666418209133
50.0,60.0,2.6579135819186686
10.0,12.0,0.34983075184431994
18.0,22.0,0.8901824626788776
3.0,3.0,4.194735468431341
5.0,6.0,3.24364635885768
16.0,16.0,5.187993513153154
4.0,4.0,0.6958530437779258
10.0,10.0,0.8680623012448427
13.0,14.0,1.4257286173586876
38.0,43.0,3.276955229091052
7.0,7.0,0.2998666418209133
52.0,60.0,2.6579135819186686
11.0,12.0,0.34983075184431994
21.0,22.0,0.8901824626788776
1.0,3.0,2.876848198775884
0.0,8.0,7.067058758732987
3.0,20.0,4.018196120204723
2.0,11.0,1.0403432790025176
0.0,10.0,0.585226420178983
0.0,9.0,0.943846049269082
4.0,62.0,3.3328075874113234
1.0,5.0,0.12049733139187505
11.0,87.0,3.214600227232062
3.0,32.0,1.076000374653332
5.0,24.0,0.5292646005898558
2.0,3.0,2.876848198775884
2.0,8.0,7.067058758732987
2.0,20.0,4.018196120204723
3.0,11.0,1.0403432790025176
3.0,10.0,0.585226420178983
1.0,9.0,0.943846049269082
14.0,62.0,3.3328075874113234
0.0,5.0,0.12049733139187505
13.0,87.0,3.214600227232062
9.0,32.0,1.076000374653332
11.0,24.0,0.5292646005898558
1.0,3.0,2.876848198775884
2.0,8.0,7.067058758732987
8.0,20.0,4.018196120204723
3.0,11.0,1.0403432790025176
4.0,10.0,0.585226420178983
3.0,9.0,0.943846049269082
17.0,62.0,3.3328075874113234
2.0,5.0,0.12049733139187505
23.0,87.0,3.214600227232062
8.0,32.0,1.076000374653332
7.0,24.0,0.5292646005898558
1.0,3.0,2.876848198775884
2.0,8.0,7.067058758732987
9.0,20.0,4.018196120204723
2.0,11.0,1.0403432790025176
3.0,10.0,0.585226420178983
4.0,9.0,0.943846049269082
26.0,62.0,3.3328075874113234
2.0,5.0,0.12049733139187505
32.0,87.0,3.214600227232062
18.0,32.0,1.076000374653332
12.0,24.0,0.5292646005898558
1.0,3.0,2.876848198775884
5.0,8.0,7.067058758732987
11.0,20.0,4.018196120204723
4.0,11.0,1.0403432790025176
6.0,10.0,0.585226420178983
6.0,9.0,0.943846049269082
27.0,62.0,3.3328075874113234
3.0,5.0,0.12049733139187505
50.0,87.0,3.214600227232062
16.0,32.0,1.076000374653332
11.0,24.0,0.5292646005898558
2.0,3.0,2.876848198775884
6.0,8.0,7.067058758732987
18.0,20.0,4.018196120204723
8.0,11.0,1.0403432790025176
6.0,10.0,0.585226420178983
7.0,9.0,0.943846049269082
37.0,62.0,3.3328075874113234
3.0,5.0,0.12049733139187505
51.0,87.0,3.214600227232062
26.0,32.0,1.076000374653332
12.0,24.0,0.5292646005898558
3.0,3.0,2.876848198775884
5.0,8.0,7.067058758732987
14.0,20.0,4.018196120204723
7.0,11.0,1.0403432790025176
9.0,10.0,0.585226420178983
4.0,9.0,0.943846049269082
43.0,62.0,3.3328075874113234
4.0,5.0,0.12049733139187505
57.0,87.0,3.214600227232062
27.0,32.0,1.076000374653332
18.0,24.0,0.5292646005898558
1.0,3.0,2.876848198775884
5.0,8.0,7.067058758732987
16.0,20.0,4.018196120204723
9.0,11.0,1.0403432790025176
5.0,10.0,0.585226420178983
5.0,9.0,0.943846049269082
52.0,62.0,3.3328075874113234
4.0,5.0,0.12049733139187505
70.0,87.0,3.214600227232062
24.0,32.0,1.076000374653332
19.0,24.0,0.5292646005898558
3.0,3.0,2.876848198775884
8.0,8.0,7.067058758732987
18.0,20.0,4.018196120204723
11.0,11.0,1.0403432790025176
8.0,10.0,0.585226420178983
8.0,9.0,0.943846049269082
58.0,62.0,3.3328075874113234
5.0,5.0,0.12049733139187505
82.0,87.0,3.214600227232062
27.0,32.0,1.076000374653332
22.0,24.0,0.5292646005898558
1.0,2.0,0.6539569871299553
0.0,4.0,3.8417670155419246
1.0,5.0,2.210758638589644
1.0,12.0,2.47075410952638
2.0,8.0,0.6989896592091493
1.0,10.0,0.9202989421205958
1.0,21.0,1.2653467583307418
5.0,31.0,2.2157848358968364
1.0,25.0,0.9600337672114719
2.0,7.0,0.2431676250926714
0.0,2.0,0.058851021904840886
1.0,2.0,0.6539569871299553
2.0,4.0,3.8417670155419246
1.0,5.0,2.210758638589644
2.0,12.0,2.47075410952638
1.0,8.0,0.6989896592091493
2.0,10.0,0.9202989421205958
4.0,21.0,1.2653467583307418
5.0,31.0,2.2157848358968364
7.0,25.0,0.9600337672114719
1.0,7.0,0.2431676250926714
1.0,2.0,0.058851021904840886
1.0,2.0,0.6539569871299553
0.0,4.0,3.8417670155419246
1.0,5.0,2.210758638589644
2.0,12.0,2.47075410952638
1.0,8.0,0.6989896592091493
3.0,10.0,0.9202989421205958
5.0,21.0,1.2653467583307418
7.0,31.0,2.2157848358968364
6.0,25.0,0.9600337672114719
1.0,7.0,0.2431676250926714
1.0,2.0,0.058851021904840886
1.0,2.0,0.6539569871299553
3.0,4.0,3.8417670155419246
3.0,5.0,2.210758638589644
4.0,12.0,2.47075410952638
5.0,8.0,0.6989896592091493
3.0,10.0,0.9202989421205958
10.0,21.0,1.2653467583307418
14.0,31.0,2.2157848358968364
10.0,25.0,0.9600337672114719
4.0,7.0,0.2431676250926714
0.0,2.0,0.058851021904840886
1.0,2.0,0.6539569871299553
2.0,4.0,3.8417670155419246
4.0,5.0,2.210758638589644
6.0,12.0,2.47075410952638
7.0,8.0,0.6989896592091493
6.0,10.0,0.9202989421205958
9.0,21.0,1.2653467583307418
12.0,31.0,2.2157848358968364
13.0,25.0,0.9600337672114719
4.0,7.0,0.2431676250926714
1.0,2.0,0.058851021904840886
1.0,2.0,0.6539569871299553
3.0,4.0,3.8417670155419246
4.0,5.0,2.210758638589644
7.0,12.0,2.47075410952638
5.0,8.0,0.6989896592091493
5.0,10.0,0.9202989421205958
13.0,21.0,1.2653467583307418
18.0,31.0,2.2157848358968364
12.0,25.0,0.9600337672114719
4.0,7.0,0.2431676250926714
2.0,2.0,0.058851021904840886
2.0,2.0,0.6539569871299553
3.0,4.0,3.8417670155419246
4.0,5.0,2.210758638589644
9.0,12.0,2.47075410952638
6.0,8.0,0.6989896592091493
7.0,10.0,0.9202989421205958
18.0,21.0,1.2653467583307418
20.0,31.0,2.2157848358968364
13.0,25.0,0.9600337672114719
6.0,7.0,0.2431676250926714
1.0,2.0,0.058851021904840886
2.0,2.0,0.6539569871299553
4.0,4.0,3.8417670155419246
1.0,5.0,2.210758638589644
8.0,12.0,2.47075410952638
7.0,8.0,0.6989896592091493
9.0,10.0,0.9202989421205958
19.0,21.0,1.2653467583307418
22.0,31.0,2.2157848358968364
21.0,25.0,0.9600337672114719
6.0,7.0,0.2431676250926714
1.0,2.0,0.058851021904840886
2.0,2.0,0.6539569871299553
4.0,4.0,3.8417670155419246
4.0,5.0,2.210758638589644
12.0,12.0,2.47075410952638
7.0,8.0,0.6989896592091493
6.0,10.0,0.9202989421205958
17.0,21.0,1.2653467583307418
27.0,31.0,2.2157848358968364
22.0,25.0,0.9600337672114719
5.0,7.0,0.2431676250926714
2.0,2.0,0.058851021904840886
1.0,4.0,3.383852821200661
0.0,8.0,3.362345514578218
1.0,36.0,6.525406895917079
0.0,10.0,0.8197763097537843
5.0,50.0,2.2324361124771186
3.0,36.0,1.415684122865998
3.0,23.0,0.6189815190689059
6.0,29.0,1.0025206566550857
6.0,43.0,1.3772110209915605
2.0,12.0,0.23877840470317704
5.0,49.0,1.700745144090284
1.0,4.0,3.383852821200661
0.0,8.0,3.362345514578218
5.0,36.0,6.525406895917079
2.0,10.0,0.8197763097537843
8.0,50.0,2.2324361124771186
10.0,36.0,1.415684122865998
4.0,23.0,0.6189815190689059
4.0,29.0,1.0025206566550857
9.0,43.0,1.3772110209915605
3.0,12.0,0.23877840470317704
8.0,49.0,1.700745144090284
2.0,4.0,3.383852821200661
3.0,8.0,3.362345514578218
12.0,36.0,6.525406895917079
2.0,10.0,0.8197763097537843
13.0,50.0,2.2324361124771186
9.0,36.0,1.415684122865998
7.0,23.0,0.6189815190689059
6.0,29.0,1.0025206566550857
15.0,43.0,1.3772110209915605
4.0,12.0,0.23877840470317704
15.0,49.0,1.700745144090284
2.0,4.0,3.383852821200661
4.0,8.0,3.362345514578218
11.0,36.0,6.525406895917079
6.0,10.0,0.8197763097537843
16.0,50.0,2.2324361124771186
17.0,36.0,1.415684122865998
5.0,23.0,0.6189815190689059
13.0,29.0,1.0025206566550857
15.0,43.0,1.3772110209915605
5.0,12.0,0.23877840470317704
21.0,49.0,1.700745144090284
3.0,4.0,3.383852821200661
5.0,8.0,3.362345514578218
10.0,36.0,6.525406895917079
5.0,10.0,0.8197763097537843
25.0,50.0,2.2324361124771186
23.0,36.0,1.415684122865998
12.0,23.0,0.6189815190689059
15.0,29.0,1.0025206566550857
16.0,43.0,1.3772110209915605
5.0,12.0,0.23877840470317704
24.0,49.0,1.700745144090284
4.0,4.0,3.383852821200661
4.0,8.0,3.362345514578218
24.0,36.0,6.525406895917079
6.0,10.0,0.8197763097537843
26.0,50.0,2.2324361124771186
24.0,36.0,1.415684122865998
14.0,23.0,0.6189815190689059
18.0,29.0,1.0025206566550857
27.0,43.0,1.3772110209915605
8.0,12.0,0.23877840470317704
25.0,49.0,1.700745144090284
4.0,4.0,3.383852821200661
6.0,8.0,3.362345514578218
27.0,36.0,6.525406895917079
4.0,10.0,0.8197763097537843
34.0,50.0,2.2324361124771186
28.0,36.0,1.415684122865998
15.0,23.0,0.6189815190689059
19.0,29.0,1.0025206566550857
26.0,43.0,1.3772110209915605
9.0,12.0,0.23877840470317704
36.0,49.0,1.700745144090284
3.0,4.0,3.383852821200661
6.0,8.0,3.362345514578218
31.0,36.0,6.525406895917079
10.0,10.0,0.8197763097537843
39.0,50.0,2.2324361124771186
30.0,36.0,1.415684122865998
19.0,23.0,0.6189815190689059
21.0,29.0,1.0025206566550857
29.0,43.0,1.3772110209915605
9.0,12.0,0.23877840470317704
40.0,49.0,1.700745144090284
4.0,4.0,3.383852821200661
7.0,8.0,3.362345514578218
34.0,36.0,6.525406895917079
9.0,10.0,0.8197763097537843
45.0,50.0,2.2324361124771186
33.0,36.0,1.415684122865998
22.0,23.0,0.6189815190689059
26.0,29.0,1.0025206566550857
38.0,43.0,1.3772110209915605
11.0,12.0,0.23877840470317704
43.0,49.0,1.700745144090284
1.0,4.0,3.4093421760172613
2.0,20.0,15.732525814646404
3.0,38.0,4.211139801133454
0.0,3.0,0.3561466718699721
1.0,4.0,0.14227518918997434
1.0,20.0,1.284101312614856
7.0,39.0,2.8686362258702265
1.0,7.0,0.5725938924977245
1.0,8.0,0.29446266527891535
8.0,81.0,4.841795730886585
1.0,28.0,0.527315454972517
2.0,4.0,3.4093421760172613
6.0,20.0,15.732525814646404
4.0,38.0,4.211139801133454
1.0,3.0,0.3561466718699721
1.0,4.0,0.14227518918997434
7.0,20.0,1.284101312614856
5.0,39.0,2.8686362258702265
0.0,7.0,0.5725938924977245
2.0,8.0,0.29446266527891535
12.0,81.0,4.841795730886585
3.0,28.0,0.527315454972517
3.0,4.0,3.4093421760172613
3.0,20.0,15.732525814646404
10.0,38.0,4.211139801133454
1.0,3.0,0.3561466718699721
3.0,4.0,0.14227518918997434
10.0,20.0,1.284101312614856
9.0,39.0,2.8686362258702265
2.0,7.0,0.5725938924977245
3.0,8.0,0.29446266527891535
24.0,81.0,4.841795730886585
6.0,28.0,0.527315454972517
2.0,4.0,3.4093421760172613
8.0,20.0,15.732525814646404
15.0,38.0,4.211139801133454
3.0,3.0,0.3561466718699721
1.0,4.0,0.14227518918997434
8.0,20.0,1.284101312614856
15.0,39.0,2.8686362258702265
5.0,7.0,0.5725938924977245
5.0,8.0,0.29446266527891535
29.0,81.0,4.841795730886585
14.0,28.0,0.527315454972517
3.0,4.0,3.4093421760172613
11.0,20.0,15.732525814646404
19.0,38.0,4.211139801133454
2.0,3.0,0.3561466718699721
3.0,4.0,0.14227518918997434
12.0,20.0,1.284101312614856
21.0,39.0,2.8686362258702265
3.0,7.0,0.5725938924977245
5.0,8.0,0.29446266527891535
41.0,81.0,4.841795730886585
11.0,28.0,0.527315454972517
1.0,4.0,3.4093421760172613
11.0,20.0,15.732525814646404
19.0,38.0,4.211139801133454
2.0,3.0,0.3561466718699721
4.0,4.0,0.14227518918997434
10.0,20.0,1.284101312614856
22.0,39.0,2.8686362258702265
3.0,7.0,0.5725938924977245
7.0,8.0,0.29446266527891535
50.0,81.0,4.841795730886585
11.0,28.0,0.527315454972517
3.0,4.0,3.4093421760172613
16.0,20.0,15.732525814646404
28.0,38.0,4.211139801133454
0.0,3.0,0.3561466718699721
0.0,4.0,0.14227518918997434
14.0,20.0,1.284101312614856
25.0,39.0,2.8686362258702265
5.0,7.0,0.5725938924977245
5.0,8.0,0.29446266527891535
64.0,81.0,4.841795730886585
21.0,28.0,0.527315454972517
4.0,4.0,3.4093421760172613
15.0,20.0,15.732525814646404
33.0,38.0,4.211139801133454
2.0,3.0,0.3561466718699721
3.0,4.0,0.14227518918997434
15.0,20.0,1.284101312614856
32.0,39.0,2.8686362258702265
7.0,7.0,0.5725938924977245
8.0,8.0,0.29446266527891535
68.0,81.0,4.841795730886585
19.0,28.0,0.527315454972517
2.0,4.0,3.4093421760172613
20.0,20.0,15.732525814646404
34.0,38.0,4.211139801133454
2.0,3.0,0.3561466718699721
4.0,4.0,0.14227518918997434
17.0,20.0,1.284101312614856
33.0,39.0,2.8686362258702265
7.0,7.0,0.5725938924977245
6.0,8.0,0.29446266527891535
70.0,81.0,4.841795730886585
25.0,28.0,0.527315454972517
1.0,5.0,1.5247910066244144
0.0,10.0,3.273805772808523
0.0,5.0,1.093782751305159
2.0,22.0,2.9023127668342004
7.0,45.0,3.1508055280571012
1.0,20.0,0.8456859559804648
2.0,40.0,1.4272180699946417
6.0,49.0,1.5862504773662294
2.0,63.0,1.2883504445739076
5.0,78.0,1.4423089982015564
0.0,3.0,0.0455048424459136
2.0,5.0,1.5247910066244144
4.0,10.0,3.273805772808523
2.0,5.0,1.093782751305159
4.0,22.0,2.9023127668342004
8.0,45.0,3.1508055280571012
2.0,20.0,0.8456859559804648
2.0,40.0,1.4272180699946417
8.0,49.0,1.5862504773662294
18.0,63.0,1.2883504445739076
16.0,78.0,1.4423089982015564
1.0,3.0,0.0455048424459136
1.0,5.0,1.5247910066244144
2.0,10.0,3.273805772808523
2.0,5.0,1.093782751305159
7.0,22.0,2.9023127668342004
15.0,45.0,3.1508055280571012
5.0,20.0,0.8456859559804648
17.0,40.0,1.4272180699946417
16.0,49.0,1.5862504773662294
12.0,63.0,1.2883504445739076
23.0,78.0,1.4423089982015564
1.0,3.0,0.0455048424459136
4.0,5.0,1.5247910066244144
3.0,10.0,3.273805772808523
2.0,5.0,1.093782751305159
7.0,22.0,2.9023127668342004
13.0,45.0,3.1508055280571012
10.0,20.0,0.8456859559804648
16.0,40.0,1.4272180699946417
19.0,49.0,1.5862504773662294
29.0,63.0,1.2883504445739076
32.0,78.0,1.4423089982015564
1.0,3.0,0.0455048424459136
4.0,5.0,1.5247910066244144
4.0,10.0,3.273805772808523
3.0,5.0,1.093782751305159
11.0,22.0,2.9023127668342004
23.0,45.0,3.1508055280571012
12.0,20.0,0.8456859559804648
21.0,40.0,1.4272180699946417
24.0,49.0,1.5862504773662294
34.0,63.0,1.2883504445739076
43.0,78.0,1.4423089982015564
2.0,3.0,0.0455048424459136
2.0,5.0,1.5247910066244144
8.0,10.0,3.273805772808523
3.0,5.0,1.093782751305159
15.0,22.0,2.9023127668342004
28.0,45.0,3.1508055280571012
10.0,20.0,0.8456859559804648
26.0,40.0,1.4272180699946417
30.0,49.0,1.5862504773662294
37.0,63.0,1.2883504445739076
48.0,78.0,1.4423089982015564
2.0,3.0,0.0455048424459136
5.0,5.0,1.5247910066244144
6.0,10.0,3.273805772808523
4.0,5.0,1.093782751305159
16.0,22.0,2.9023127668342004
28.0,45.0,3.1508055280571012
11.0,20.0,0.8456859559804648
33.0,40.0,1.4272180699946417
39.0,49.0,1.5862504773662294
45.0,63.0,1.2883504445739076
55.0,78.0,1.4423089982015564
3.0,3.0,0.0455048424459136
5.0,5.0,1.5247910066244144
6.0,10.0,3.273805772808523
4.0,5.0,1.093782751305159
18.0,22.0,2.9023127668342004
35.0,45.0,3.1508055280571012
16.0,20.0,0.8456859559804648
30.0,40.0,1.4272180699946417
42.0,49.0,1.5862504773662294
51.0,63.0,1.2883504445739076
60.0,78.0,1.4423089982015564
1.0,3.0,0.0455048424459136
4.0,5.0,1.5247910066244144
10.0,10.0,3.273805772808523
5.0,5.0,1.093782751305159
21.0,22.0,2.9023127668342004
41.0,45.0,3.1508055280571012
19.0,20.0,0.8456859559804648
35.0,40.0,1.4272180699946417
43.0,49.0,1.5862504773662294
61.0,63.0,1.2883504445739076
67.0,78.0,1.4423089982015564
3.0,3.0,0.0455048424459136
1.0,4.0,1.8703407917719383
1.0,10.0,3.5023860330338588
2.0,10.0,2.535727096943716
3.0,21.0,2.72694710231322
1.0,17.0,1.485697833392814
1.0,4.0,0.3537917963477849
2.0,13.0,0.7431533351691689
1.0,18.0,1.514799943867367
3.0,29.0,1.4824794731336586
4.0,50.0,2.3855115080110836
2.0,20.0,0.9004819688606902
2.0,4.0,1.8703407917719383
0.0,10.0,3.5023860330338588
2.0,10.0,2.535727096943716
4.0,21.0,2.72694710231322
2.0,17.0,1.485697833392814
1.0,4.0,0.3537917963477849
2.0,13.0,0.7431533351691689
4.0,18.0,1.514799943867367
7.0,29.0,1.4824794731336586
9.0,50.0,2.3855115080110836
5.0,20.0,0.9004819688606902
1.0,4.0,1.8703407917719383
1.0,10.0,3.5023860330338588
3.0,10.0,2.535727096943716
8.0,21.0,2.72694710231322
5.0,17.0,1.485697833392814
1.0,4.0,0.3537917963477849
3.0,13.0,0.7431533351691689
5.0,18.0,1.514799943867367
6.0,29.0,1.4824794731336586
13.0,50.0,2.3855115080110836
3.0,20.0,0.9004819688606902
2.0,4.0,1.8703407917719383
2.0,10.0,3.5023860330338588
4.0,10.0,2.535727096943716
10.0,21.0,2.72694710231322
9.0,17.0,1.485697833392814
2.0,4.0,0.3537917963477849
6.0,13.0,0.7431533351691689
10.0,18.0,1.514799943867367
12.0,29.0,1.4824794731336586
18.0,50.0,2.3855115080110836
5.0,20.0,0.9004819688606902
1.0,4.0,1.8703407917719383
4.0,10.0,3.5023860330338588
6.0,10.0,2.535727096943716
15.0,21.0,2.72694710231322
8.0,17.0,1.485697833392814
2.0,4.0,0.3537917963477849
5.0,13.0,0.7431533351691689
8.0,18.0,1.514799943867367
13.0,29.0,1.4824794731336586
21.0,50.0,2.3855115080110836
10.0,20.0,0.9004819688606902
3.0,4.0,1.8703407917719383
8.0,10.0,3.5023860330338588
6.0,10.0,2.535727096943716
13.0,21.0,2.72694710231322
12.0,17.0,1.485697833392814
1.0,4.0,0.3537917963477849
4.0,13.0,0.7431533351691689
5.0,18.0,1.514799943867367
18.0,29.0,1.4824794731336586
39.0,50.0,2.3855115080110836
14.0,20.0,0.9004819688606902
3.0,4.0,1.8703407917719383
4.0,10.0,3.5023860330338588
9.0,10.0,2.535727096943716
14.0,21.0,2.72694710231322
13.0,17.0,1.485697833392814
4.0,4.0,0.3537917963477849
11.0,13.0,0.7431533351691689
13.0,18.0,1.514799943867367
19.0,29.0,1.4824794731336586
32.0,50.0,2.3855115080110836
13.0,20.0,0.9004819688606902
3.0,4.0,1.8703407917719383
6.0,10.0,3.5023860330338588
9.0,10.0,2.535727096943716
17.0,21.0,2.72694710231322
14.0,17.0,1.485697833392814
4.0,4.0,0.3537917963477849
9.0,13.0,0.7431533351691689
15.0,18.0,1.514799943867367
26.0,29.0,1.4824794731336586
42.0,50.0,2.3855115080110836
17.0,20.0,0.9004819688606902
4.0,4.0,1.8703407917719383
7.0,10.0,3.5023860330338588
8.0,10.0,2.535727096943716
19.0,21.0,2.72694710231322
15.0,17.0,1.485697833392814
4.0,4.0,0.3537917963477849
13.0,13.0,0.7431533351691689
17.0,18.0,1.514799943867367
25.0,29.0,1.4824794731336586
47.0,50.0,2.3855115080110836
19.0,20.0,0.9004819688606902
1.0,6.0,6.7273961218229905
1.0,11.0,2.9921460826412174
0.0,1.0,0.16519579020052075
7.0,38.0,4.961169616203021
4.0,11.0,1.0173039039377965
0.0,11.0,0.9455390913486739
2.0,25.0,0.9582162013975555
3.0,37.0,1.7742740631443639
4.0,44.0,1.7934100104750175
2.0,38.0,1.0209893254462923
2.0,20.0,0.3208722579389118
1.0,6.0,6.7273961218229905
5.0,11.0,2.9921460826412174
1.0,1.0,0.16519579020052075
13.0,38.0,4.961169616203021
2.0,11.0,1.0173039039377965
1.0,11.0,0.9455390913486739
5.0,25.0,0.9582162013975555
7.0,37.0,1.7742740631443639
6.0,44.0,1.7934100104750175
5.0,38.0,1.0209893254462923
5.0,20.0,0.3208722579389118
2.0,6.0,6.7273961218229905
2.0,11.0,2.9921460826412174
0.0,1.0,0.16519579020052075
10.0,38.0,4.961169616203021
3.0,11.0,1.0173039039377965
5.0,11.0,0.9455390913486739
7.0,25.0,0.9582162013975555
16.0,37.0,1.7742740631443639
12.0,44.0,1.7934100104750175
14.0,38.0,1.0209893254462923
3.0,20.0,0.3208722579389118
2.0,6.0,6.7273961218229905
6.0,11.0,2.9921460826412174
1.0,1.0,0.16519579020052075
19.0,38.0,4.961169616203021
4.0,11.0,1.0173039039377965
3.0,11.0,0.9455390913486739
7.0,25.0,0.9582162013975555
13.0,37.0,1.7742740631443639
18.0,44.0,1.7934100104750175
18.0,38.0,1.0209893254462923
3.0,20.0,0.3208722579389118
3.0,6.0,6.7273961218229905
5.0,11.0,2.9921460826412174
0.0,1.0,0.16519579020052075
18.0,38.0,4.961169616203021
6.0,11.0,1.0173039039377965
6.0,11.0,0.9455390913486739
10.0,25.0,0.9582162013975555
22.0,37.0,1.7742740631443639
19.0,44.0,1.7934100104750175
22.0,38.0,1.0209893254462923
11.0,20.0,0.3208722579389118
5.0,6.0,6.7273961218229905
5.0,11.0,2.9921460826412174
1.0,1.0,0.16519579020052075
23.0,38.0,4.961169616203021
6.0,11.0,1.0173039039377965
7.0,11.0,0.9455390913486739
18.0,25.0,0.9582162013975555
24.0,37.0,1.7742740631443639
23.0,44.0,1.7934100104750175
24.0,38.0,1.0209893254462923
12.0,20.0,0.3208722579389118
4.0,6.0,6.7273961218229905
8.0,11.0,2.9921460826412174
1.0,1.0,0.16519579020052075
24.0,38.0,4.961169616203021
8.0,11.0,1.0173039039377965
9.0,11.0,0.9455390913486739
17.0,25.0,0.9582162013975555
24.0,37.0,1.7742740631443639
32.0,44.0,1.7934100104750175
21.0,38.0,1.0209893254462923
14.0,20.0,0.3208722579389118
5.0,6.0,6.7273961218229905
10.0,11.0,2.9921460826412174
1.0,1.0,0.16519579020052075
27.0,38.0,4.961169616203021
8.0,11.0,1.0173039039377965
7.0,11.0,0.9455390913486739
22.0,25.0,0.9582162013975555
32.0,37.0,1.7742740631443639
37.0,44.0,1.7934100104750175
28.0,38.0,1.0209893254462923
16.0,20.0,0.3208722579389118
6.0,6.0,6.7273961218229905
11.0,11.0,2.9921460826412174
1.0,1.0,0.16519579020052075
34.0,38.0,4.961169616203021
8.0,11.0,1.0173039039377965
10.0,11.0,0.9455390913486739
23.0,25.0,0.9582162013975555
35.0,37.0,1.7742740631443639
39.0,44.0,1.7934100104750175
34.0,38.0,1.0209893254462923
18.0,20.0,0.3208722579389118
1.0,7.0,3.8681569472849944
0.0,5.0,1.988362761760423
1.0,12.0,3.5398226824952514
0.0,8.0,0.9056794477501647
1.0,14.0,1.895260160615176
1.0,13.0,0.511880487927165
0.0,9.0,0.8466745630299612
1.0,37.0,2.6832378795674834
6.0,62.0,2.8975154132612095
3.0,46.0,1.1313026745659958
2.0,23.0,0.6919520412978275
1.0,7.0,3.8681569472849944
1.0,5.0,1.988362761760423
5.0,12.0,3.5398226824952514
4.0,8.0,0.9056794477501647
4.0,14.0,1.895260160615176
2.0,13.0,0.511880487927165
1.0,9.0,0.8466745630299612
9.0,37.0,2.6832378795674834
12.0,62.0,2.8975154132612095
9.0,46.0,1.1313026745659958
3.0,23.0,0.6919520412978275
1.0,7.0,3.8681569472849944
1.0,5.0,1.988362761760423
2.0,12.0,3.5398226824952514
2.0,8.0,0.9056794477501647
4.0,14.0,1.895260160615176
2.0,13.0,0.511880487927165
3.0,9.0,0.8466745630299612
10.0,37.0,2.6832378795674834
19.0,62.0,2.8975154132612095
11.0,46.0,1.1313026745659958
12.0,23.0,0.6919520412978275
4.0,7.0,3.8681569472849944
2.0,5.0,1.988362761760423
4.0,12.0,3.5398226824952514
2.0,8.0,0.9056794477501647
4.0,14.0,1.895260160615176
6.0,13.0,0.511880487927165
5.0,9.0,0.8466745630299612
17.0,37.0,2.6832378795674834
25.0,62.0,2.8975154132612095
20.0,46.0,1.1313026745659958
10.0,23.0,0.6919520412978275
3.0,7.0,3.8681569472849944
1.0,5.0,1.988362761760423
3.0,12.0,3.5398226824952514
6.0,8.0,0.9056794477501647
9.0,14.0,1.895260160615176
7.0,13.0,0.511880487927165
4.0,9.0,0.8466745630299612
15.0,37.0,2.6832378795674834
33.0,62.0,2.8975154132612095
20.0,46.0,1.1313026745659958
13.0,23.0,0.6919520412978275
5.0,7.0,3.8681569472849944
3.0,5.0,1.988362761760423
7.0,12.0,3.5398226824952514
5.0,8.0,0.9056794477501647
9.0,14.0,1.895260160615176
9.0,13.0,0.511880487927165
4.0,9.0,0.8466745630299612
23.0,37.0,2.6832378795674834
32.0,62.0,2.8975154132612095
28.0,46.0,1.1313026745659958
14.0,23.0,0.6919520412978275
4.0,7.0,3.8681569472849944
5.0,5.0,1.988362761760423
9.0,12.0,3.5398226824952514
6.0,8.0,0.9056794477501647
12.0,14.0,1.895260160615176
10.0,13.0,0.511880487927165
6.0,9.0,0.8466745630299612
26.0,37.0,2.6832378795674834
38.0,62.0,2.8975154132612095
34.0,46.0,1.1313026745659958
15.0,23.0,0.6919520412978275
5.0,7.0,3.8681569472849944
4.0,5.0,1.988362761760423
10.0,12.0,3.5398226824952514
6.0,8.0,0.9056794477501647
8.0,14.0,1.895260160615176
11.0,13.0,0.511880487927165
7.0,9.0,0.8466745630299612
29.0,37.0,2.6832378795674834
50.0,62.0,2.8975154132612095
35.0,46.0,1.1313026745659958
18.0,23.0,0.6919520412978275
6.0,7.0,3.8681569472849944
5.0,5.0,1.988362761760423
10.0,12.0,3.5398226824952514
6.0,8.0,0.9056794477501647
12.0,14.0,1.895260160615176
11.0,13.0,0.511880487927165
9.0,9.0,0.8466745630299612
37.0,37.0,2.6832378795674834
56.0,62.0,2.8975154132612095
40.0,46.0,1.1313026745659958
22.0,23.0,0.6919520412978275
1.0,3.0,4.940549644340361
0.0,9.0,6.198690642871225
2.0,8.0,1.8204979395613008
0.0,9.0,1.5250011307694484
2.0,31.0,2.481293475234769
1.0,25.0,1.4807948779283842
1.0,42.0,2.188251023276269
7.0,97.0,3.069959007838997
11.0,85.0,1.3491152687198669
10.0,77.0,1.155507175390606
3.0,31.0,0.3755776244847047
1.0,3.0,4.940549644340361
2.0,9.0,6.198690642871225
2.0,8.0,1.8204979395613008
3.0,9.0,1.5250011307694484
9.0,31.0,2.481293475234769
6.0,25.0,1.4807948779283842
12.0,42.0,2.188251023276269
15.0,97.0,3.069959007838997
19.0,85.0,1.3491152687198669
15.0,77.0,1.155507175390606
5.0,31.0,0.3755776244847047
1.0,3.0,4.940549644340361
0.0,9.0,6.198690642871225
1.0,8.0,1.8204979395613008
2.0,9.0,1.5250011307694484
11.0,31.0,2.481293475234769
5.0,25.0,1.4807948779283842
15.0,42.0,2.188251023276269
21.0,97.0,3.069959007838997
28.0,85.0,1.3491152687198669
26.0,77.0,1.155507175390606
9.0,31.0,0.3755776244847047
1.0,3.0,4.940549644340361
1.0,9.0,6.198690642871225
1.0,8.0,1.8204979395613008
6.0,9.0,1.5250011307694484
10.0,31.0,2.481293475234769
13.0,25.0,1.4807948779283842
20.0,42.0,2.188251023276269
36.0,97.0,3.069959007838997
30.0,85.0,1.3491152687198669
32.0,77.0,1.155507175390606
13.0,31.0,0.3755776244847047
2.0,3.0,4.940549644340361
4.0,9.0,6.198690642871225
2.0,8.0,1.8204979395613008
1.0,9.0,1.5250011307694484
18.0,31.0,2.481293475234769
15.0,25.0,1.4807948779283842
29.0,42.0,2.188251023276269
51.0,97.0,3.069959007838997
38.0,85.0,1.3491152687198669
39.0,77.0,1.155507175390606
16.0,31.0,0.3755776244847047
1.0,3.0,4.940549644340361
6.0,9.0,6.198690642871225
5.0,8.0,1.8204979395613008
5.0,9.0,1.5250011307694484
16.0,31.0,2.481293475234769
16.0,25.0,1.4807948779283842
20.0,42.0,2.188251023276269
57.0,97.0,3.069959007838997
51.0,85.0,1.3491152687198669
48.0,77.0,1.155507175390606
15.0,31.0,0.3755776244847047
2.0,3.0,4.940549644340361
6.0,9.0,6.198690642871225
6.0,8.0,1.8204979395613008
7.0,9.0,1.5250011307694484
26.0,31.0,2.481293475234769
18.0,25.0,1.4807948779283842
29.0,42.0,2.188251023276269
63.0,97.0,3.069959007838997
67.0,85.0,1.3491152687198669
51.0,77.0,1.155507175390606
23.0,31.0,0.3755776244847047
3.0,3.0,4.940549644340361
7.0,9.0,6.198690642871225
8.0,8.0,1.8204979395613008
5.0,9.0,1.5250011307694484
24.0,31.0,2.481293475234769
19.0,25.0,1.4807948779283842
34.0,42.0,2.188251023276269
77.0,97.0,3.069959007838997
73.0,85.0,1.3491152687198669
62.0,77.0,1.155507175390606
25.0,31.0,0.3755776244847047
3.0,3.0,4.940549644340361
9.0,9.0,6.198690642871225
8.0,8.0,1.8204979395613008
9.0,9.0,1.5250011307694484
29.0,31.0,2.481293475234769
24.0,25.0,1.4807948779283842
40.0,42.0,2.188251023276269
85.0,97.0,3.069959007838997
79.0,85.0,1.3491152687198669
69.0,77.0,1.155507175390606
29.0,31.0,0.3755776244847047
2.0,3.0,5.646041642113897
1.0,2.0,2.210983097334623
1.0,6.0,1.6240173703698413
3.0,18.0,3.3930536587990763
5.0,20.0,2.393359150774623
1.0,15.0,1.6716123009224964
8.0,84.0,4.869664220913201
5.0,77.0,1.8034332741925023
4.0,22.0,0.5554954749512762
0.0,1.0,0.03598679294625159
1.0,16.0,0.5188865068923871
1.0,3.0,5.646041642113897
2.0,2.0,2.210983097334623
2.0,6.0,1.6240173703698413
4.0,18.0,3.3930536587990763
4.0,20.0,2.393359150774623
4.0,15.0,1.6716123009224964
17.0,84.0,4.869664220913201
12.0,77.0,1.8034332741925023
7.0,22.0,0.5554954749512762
0.0,1.0,0.03598679294625159
1.0,16.0,0.5188865068923871
2.0,3.0,5.646041642113897
1.0,2.0,2.210983097334623
1.0,6.0,1.6240173703698413
9.0,18.0,3.3930536587990763
9.0,20.0,2.393359150774623
7.0,15.0,1.6716123009224964
27.0,84.0,4.869664220913201
28.0,77.0,1.8034332741925023
7.0,22.0,0.5554954749512762
0.0,1.0,0.03598679294625159
2.0,16.0,0.5188865068923871
1.0,3.0,5.646041642113897
1.0,2.0,2.210983097334623
4.0,6.0,1.6240173703698413
8.0,18.0,3.3930536587990763
6.0,20.0,2.393359150774623
4.0,15.0,1.6716123009224964
41.0,84.0,4.869664220913201
33.0,77.0,1.8034332741925023
5.0,22.0,0.5554954749512762
1.0,1.0,0.03598679294625159
7.0,16.0,0.5188865068923871
2.0,3.0,5.646041642113897
1.0,2.0,2.210983097334623
5.0,6.0,1.6240173703698413
9.0,18.0,3.3930536587990763
9.0,20.0,2.393359150774623
7.0,15.0,1.6716123009224964
33.0,84.0,4.869664220913201
34.0,77.0,1.8034332741925023
14.0,22.0,0.5554954749512762
0.0,1.0,0.03598679294625159
6.0,16.0,0.5188865068923871
2.0,3.0,5.646041642113897
2.0,2.0,2.210983097334623
2.0,6.0,1.6240173703698413
7.0,18.0,3.3930536587990763
17.0,20.0,2.393359150774623
9.0,15.0,1.6716123009224964
47.0,84.0,4.869664220913201
40.0,77.0,1.8034332741925023
10.0,22.0,0.5554954749512762
1.0,1.0,0.03598679294625159
14.0,16.0,0.5188865068923871
2.0,3.0,5.646041642113897
1.0,2.0,2.210983097334623
5.0,6.0,1.6240173703698413
12.0,18.0,3.3930536587990763
17.0,20.0,2.393359150774623
11.0,15.0,1.6716123009224964
61.0,84.0,4.869664220913201
46.0,77.0,1.8034332741925023
14.0,22.0,0.5554954749512762
1.0,1.0,0.03598679294625159
11.0,16.0,0.5188865068923871
2.0,3.0,5.646041642113897
2.0,2.0,2.210983097334623
4.0,6.0,1.6240173703698413
15.0,18.0,3.3930536587990763
18.0,20.0,2.393359150774623
11.0,15.0,1.6716123009224964
66.0,84.0,4.869664220913201
65.0,77.0,1.8034332741925023
18.0,22.0,0.5554954749512762
1.0,1.0,0.03598679294625159
12.0,16.0,0.5188865068923871
3.0,3.0,5.646041642113897
2.0,2.0,2.210983097334623
5.0,6.0,1.6240173703698413
17.0,18.0,3.3930536587990763
17.0,20.0,2.393359150774623
13.0,15.0,1.6716123009224964
73.0,84.0,4.869664220913201
72.0,77.0,1.8034332741925023
22.0,22.0,0.5554954749512762
1.0,1.0,0.03598679294625159
13.0,16.0,0.5188865068923871
1.0,4.0,3.4416960626930875
2.0,7.0,2.2732904775479925
0.0,5.0,2.70760913178851
2.0,9.0,2.735295531551218
0.0,12.0,1.7836043761563656
0.0,4.0,0.34628560539296294
2.0,31.0,4.9923532268801365
1.0,7.0,0.5891384009157219
4.0,36.0,1.9821766439679411
10.0,58.0,2.524814620266015
2.0,25.0,0.47922489275738206
1.0,4.0,3.4416960626930875
3.0,7.0,2.2732904775479925
1.0,5.0,2.70760913178851
1.0,9.0,2.735295531551218
4.0,12.0,1.7836043761563656
1.0,4.0,0.34628560539296294
11.0,31.0,4.9923532268801365
2.0,7.0,0.5891384009157219
8.0,36.0,1.9821766439679411
11.0,58.0,2.524814620266015
8.0,25.0,0.47922489275738206
2.0,4.0,3.4416960626930875
4.0,7.0,2.2732904775479925
1.0,5.0,2.70760913178851
4.0,9.0,2.735295531551218
3.0,12.0,1.7836043761563656
1.0,4.0,0.34628560539296294
9.0,31.0,4.9923532268801365
3.0,7.0,0.5891384009157219
8.0,36.0,1.9821766439679411
23.0,58.0,2.524814620266015
7.0,25.0,0.47922489275738206
3.0,4.0,3.4416960626930875
4.0,7.0,2.2732904775479925
3.0,5.0,2.70760913178851
4.0,9.0,2.735295531551218
4.0,12.0,1.7836043761563656
3.0,4.0,0.34628560539296294
12.0,31.0,4.9923532268801365
2.0,7.0,0.5891384009157219
14.0,36.0,1.9821766439679411
14.0,58.0,2.524814620266015
15.0,25.0,0.47922489275738206
2.0,4.0,3.4416960626930875
3.0,7.0,2.2732904775479925
3.0,5.0,2.70760913178851
4.0,9.0,2.735295531551218
5.0,12.0,1.7836043761563656
2.0,4.0,0.34628560539296294
13.0,31.0,4.9923532268801365
3.0,7.0,0.5891384009157219
16.0,36.0,1.9821766439679411
29.0,58.0,2.524814620266015
12.0,25.0,0.47922489275738206
3.0,4.0,3.4416960626930875
6.0,7.0,2.2732904775479925
4.0,5.0,2.70760913178851
6.0,9.0,2.735295531551218
6.0,12.0,1.7836043761563656
3.0,4.0,0.34628560539296294
19.0,31.0,4.9923532268801365
2.0,7.0,0.5891384009157219
24.0,36.0,1.9821766439679411
34.0,58.0,2.524814620266015
20.0,25.0,0.47922489275738206
3.0,4.0,3.4416960626930875
3.0,7.0,2.2732904775479925
5.0,5.0,2.70760913178851
5.0,9.0,2.735295531551218
7.0,12.0,1.7836043761563656
1.0,4.0,0.34628560539296294
19.0,31.0,4.9923532268801365
5.0,7.0,0.5891384009157219
23.0,36.0,1.9821766439679411
38.0,58.0,2.524814620266015
21.0,25.0,0.47922489275738206
4.0,4.0,3.4416960626930875
7.0,7.0,2.2732904775479925
3.0,5.0,2.70760913178851
8.0,9.0,2.735295531551218
10.0,12.0,1.7836043761563656
4.0,4.0,0.34628560539296294
27.0,31.0,4.9923532268801365
6.0,7.0,0.5891384009157219
31.0,36.0,1.9821766439679411
51.0,58.0,2.524814620266015
16.0,25.0,0.47922489275738206
4.0,4.0,3.4416960626930875
7.0,7.0,2.2732904775479925
4.0,5.0,2.70760913178851
9.0,9.0,2.735295531551218
12.0,12.0,1.7836043761563656
4.0,4.0,0.34628560539296294
29.0,31.0,4.9923532268801365
7.0,7.0,0.5891384009157219
29.0,36.0,1.9821766439679411
50.0,58.0,2.524814620266015
24.0,25.0,0.47922489275738206
1.0,3.0,5.658133391413113
2.0,9.0,3.56908243567857
0.0,3.0,0.6032617054947497
1.0,14.0,2.4685469102752946
2.0,12.0,2.3961803372711112
0.0,17.0,1.0205768443778487
1.0,11.0,0.6388429085476323
4.0,35.0,2.734177240310561
12.0,92.0,4.20654289364666
14.0,113.0,2.335694346788561
3.0,7.0,0.08351633102402628
1.0,3.0,5.658133391413113
3.0,9.0,3.56908243567857
1.0,3.0,0.6032617054947497
5.0,14.0,2.4685469102752946
3.0,12.0,2.3961803372711112
5.0,17.0,1.0205768443778487
1.0,11.0,0.6388429085476323
8.0,35.0,2.734177240310561
17.0,92.0,4.20654289364666
17.0,113.0,2.335694346788561
4.0,7.0,0.08351633102402628
2.0,3.0,5.658133391413113
3.0,9.0,3.56908243567857
1.0,3.0,0.6032617054947497
5.0,14.0,2.4685469102752946
4.0,12.0,2.3961803372711112
3.0,17.0,1.0205768443778487
2.0,11.0,0.6388429085476323
6.0,35.0,2.734177240310561
23.0,92.0,4.20654289364666
38.0,113.0,2.335694346788561
2.0,7.0,0.08351633102402628
1.0,3.0,5.658133391413113
2.0,9.0,3.56908243567857
2.0,3.0,0.6032617054947497
4.0,14.0,2.4685469102752946
3.0,12.0,2.3961803372711112
7.0,17.0,1.0205768443778487
6.0,11.0,0.6388429085476323
11.0,35.0,2.734177240310561
41.0,92.0,4.20654289364666
48.0,113.0,2.335694346788561
4.0,7.0,0.08351633102402628
2.0,3.0,5.658133391413113
4.0,9.0,3.56908243567857
1.0,3.0,0.6032617054947497
9.0,14.0,2.4685469102752946
5.0,12.0,2.3961803372711112
11.0,17.0,1.0205768443778487
5.0,11.0,0.6388429085476323
18.0,35.0,2.734177240310561
45.0,92.0,4.20654289364666
57.0,113.0,2.335694346788561
3.0,7.0,0.08351633102402628
2.0,3.0,5.658133391413113
1.0,9.0,3.56908243567857
1.0,3.0,0.6032617054947497
9.0,14.0,2.4685469102752946
11.0,12.0,2.3961803372711112
6.0,17.0,1.0205768443778487
5.0,11.0,0.6388429085476323
26.0,35.0,2.734177240310561
62.0,92.0,4.20654289364666
66.0,113.0,2.335694346788561
4.0,7.0,0.08351633102402628
3.0,3.0,5.658133391413113
6.0,9.0,3.56908243567857
3.0,3.0,0.6032617054947497
9.0,14.0,2.4685469102752946
6.0,12.0,2.3961803372711112
14.0,17.0,1.0205768443778487
10.0,11.0,0.6388429085476323
21.0,35.0,2.734177240310561
67.0,92.0,4.20654289364666
74.0,113.0,2.335694346788561
3.0,7.0,0.08351633102402628
2.0,3.0,5.658133391413113
5.0,9.0,3.56908243567857
3.0,3.0,0.6032617054947497
11.0,14.0,2.4685469102752946
9.0,12.0,2.3961803372711112
9.0,17.0,1.0205768443778487
8.0,11.0,0.6388429085476323
29.0,35.0,2.734177240310561
75.0,92.0,4.20654289364666
85.0,113.0,2.335694346788561
6.0,7.0,0.08351633102402628
3.0,3.0,5.658133391413113
9.0,9.0,3.56908243567857
3.0,3.0,0.6032617054947497
12.0,14.0,2.4685469102752946
9.0,12.0,2.3961803372711112
17.0,17.0,1.0205768443778487
11.0,11.0,0.6388429085476323
32.0,35.0,2.734177240310561
84.0,92.0,4.20654289364666
96.0,113.0,2.335694346788561
6.0,7.0,0.08351633102402628
1.0,2.0,1.6204609307483029
1.0,1.0,2.595205172813338
3.0,10.0,7.308524398481965
2.0,21.0,3.645133671645825
0.0,6.0,0.3648264316657378
2.0,14.0,1.6093760258833019
1.0,6.0,0.4111051069741185
2.0,6.0,1.2280696850216126
4.0,32.0,2.0679354149437357
3.0,41.0,2.6098605844701757
3.0,53.0,2.367056768937803
1.0,2.0,1.6204609307483029
0.0,1.0,2.595205172813338
3.0,10.0,7.308524398481965
3.0,21.0,3.645133671645825
2.0,6.0,0.3648264316657378
3.0,14.0,1.6093760258833019
1.0,6.0,0.4111051069741185
2.0,6.0,1.2280696850216126
5.0,32.0,2.0679354149437357
9.0,41.0,2.6098605844701757
8.0,53.0,2.367056768937803
1.0,2.0,1.6204609307483029
1.0,1.0,2.595205172813338
3.0,10.0,7.308524398481965
4.0,21.0,3.645133671645825
4.0,6.0,0.3648264316657378
5.0,14.0,1.6093760258833019
2.0,6.0,0.4111051069741185
2.0,6.0,1.2280696850216126
4.0,32.0,2.0679354149437357
15.0,41.0,2.6098605844701757
14.0,53.0,2.367056768937803
1.0,2.0,1.6204609307483029
1.0,1.0,2.595205172813338
5.0,10.0,7.308524398481965
11.0,21.0,3.645133671645825
3.0,6.0,0.3648264316657378
4.0,14.0,1.6093760258833019
2.0,6.0,0.4111051069741185
3.0,6.0,1.2280696850216126
11.0,32.0,2.0679354149437357
14.0,41.0,2.6098605844701757
22.0,53.0,2.367056768937803
1.0,2.0,1.6204609307483029
0.0,1.0,2.595205172813338
6.0,10.0,7.308524398481965
11.0,21.0,3.645133671645825
3.0,6.0,0.3648264316657378
5.0,14.0,1.6093760258833019
2.0,6.0,0.4111051069741185
2.0,6.0,1.2280696850216126
16.0,32.0,2.0679354149437357
23.0,41.0,2.6098605844701757
29.0,53.0,2.367056768937803
1.0,2.0,1.6204609307483029
1.0,1.0,2.595205172813338
7.0,10.0,7.308524398481965
11.0,21.0,3.645133671645825
4.0,6.0,0.3648264316657378
8.0,14.0,1.6093760258833019
4.0,6.0,0.4111051069741185
5.0,6.0,1.2280696850216126
20.0,32.0,2.0679354149437357
23.0,41.0,2.6098605844701757
30.0,53.0,2.367056768937803
1.0,2.0,1.6204609307483029
0.0,1.0,2.595205172813338
7.0,10.0,7.308524398481965
18.0,21.0,3.645133671645825
6.0,6.0,0.3648264316657378
12.0,14.0,1.6093760258833019
4.0,6.0,0.4111051069741185
6.0,6.0,1.2280696850216126
21.0,32.0,2.0679354149437357
26.0,41.0,2.6098605844701757
31.0,53.0,2.367056768937803
2.0,2.0,1.6204609307483029
1.0,1.0,2.595205172813338
8.0,10.0,7.308524398481965
16.0,21.0,3.645133671645825
5.0,6.0,0.3648264316657378
11.0,14.0,1.6093760258833019
5.0,6.0,0.4111051069741185
6.0,6.0,1.2280696850216126
25.0,32.0,2.0679354149437357
36.0,41.0,2.6098605844701757
42.0,53.0,2.367056768937803
2.0,2.0,1.6204609307483029
1.0,1.0,2.595205172813338
10.0,10.0,7.308524398481965
20.0,21.0,3.645133671645825
4.0,6.0,0.3648264316657378
13.0,14.0,1.6093760258833019
6.0,6.0,0.4111051069741185
5.0,6.0,1.2280696850216126
29.0,32.0,2.0679354149437357
36.0,41.0,2.6098605844701757
47.0,53.0,2.367056768937803
1.0,3.0,7.157126323799867
1.0,16.0,11.932903423498995
3.0,60.0,8.148407881129955
0.0,5.0,0.2719961570425664
1.0,22.0,1.3989279223034545
0.0,11.0,0.5073728188462376
2.0,12.0,0.8943979623904257
4.0,8.0,0.43633980152160545
2.0,10.0,0.8859969143483526
0.0,5.0,1.116896183930328
1.0,27.0,2.7316062188607195
2.0,3.0,7.157126323799867
1.0,16.0,11.932903423498995
15.0,60.0,8.148407881129955
3.0,5.0,0.2719961570425664
4.0,22.0,1.3989279223034545
2.0,11.0,0.5073728188462376
2.0,12.0,0.8943979623904257
2.0,8.0,0.43633980152160545
3.0,10.0,0.8859969143483526
1.0,5.0,1.116896183930328
7.0,27.0,2.7316062188607195
2.0,3.0,7.157126323799867
7.0,16.0,11.932903423498995
18.0,60.0,8.148407881129955
1.0,5.0,0.2719961570425664
9.0,22.0,1.3989279223034545
5.0,11.0,0.5073728188462376
2.0,12.0,0.8943979623904257
3.0,8.0,0.43633980152160545
1.0,10.0,0.8859969143483526
3.0,5.0,1.116896183930328
9.0,27.0,2.7316062188607195
1.0,3.0,7.157126323799867
9.0,16.0,11.932903423498995
26.0,60.0,8.148407881129955
2.0,5.0,0.2719961570425664
11.0,22.0,1.3989279223034545
6.0,11.0,0.5073728188462376
8.0,12.0,0.8943979623904257
2.0,8.0,0.43633980152160545
4.0,10.0,0.8859969143483526
2.0,5.0,1.116896183930328
11.0,27.0,2.7316062188607195
2.0,3.0,7.157126323799867
3.0,16.0,11.932903423498995
29.0,60.0,8.148407881129955
2.0,5.0,0.2719961570425664
11.0,22.0,1.3989279223034545
5.0,11.0,0.5073728188462376
6.0,12.0,0.8943979623904257
5.0,8.0,0.43633980152160545
7.0,10.0,0.8859969143483526
2.0,5.0,1.116896183930328
12.0,27.0,2.7316062188607195
1.0,3.0,7.157126323799867
10.0,16.0,11.932903423498995
33.0,60.0,8.148407881129955
3.0,5.0,0.2719961570425664
12.0,22.0,1.3989279223034545
6.0,11.0,0.5073728188462376
9.0,12.0,0.8943979623904257
6.0,8.0,0.43633980152160545
8.0,10.0,0.8859969143483526
3.0,5.0,1.116896183930328
18.0,27.0,2.7316062188607195
3.0,3.0,7.157126323799867
10.0,16.0,11.932903423498995
47.0,60.0,8.148407881129955
1.0,5.0,0.2719961570425664
16.0,22.0,1.3989279223034545
9.0,11.0,0.5073728188462376
10.0,12.0,0.8943979623904257
5.0,8.0,0.43633980152160545
8.0,10.0,0.8859969143483526
5.0,5.0,1.116896183930328
19.0,27.0,2.7316062188607195
2.0,3.0,7.157126323799867
14.0,16.0,11.932903423498995
49.0,60.0,8.148407881129955
4.0,5.0,0.2719961570425664
16.0,22.0,1.3989279223034545
11.0,11.0,0.5073728188462376
10.0,12.0,0.8943979623904257
8.0,8.0,0.43633980152160545
4.0,10.0,0.8859969143483526
3.0,5.0,1.116896183930328
23.0,27.0,2.7316062188607195
3.0,3.0,7.157126323799867
13.0,16.0,11.932903423498995
51.0,60.0,8.148407881129955
5.0,5.0,0.2719961570425664
21.0,22.0,1.3989279223034545
11.0,11.0,0.5073728188462376
10.0,12.0,0.8943979623904257
8.0,8.0,0.43633980152160545
9.0,10.0,0.8859969143483526
4.0,5.0,1.116896183930328
26.0,27.0,2.7316062188607195
1.0,4.0,4.920493021134102
2.0,15.0,9.077339164737303
1.0,3.0,0.3605953024792478
0.0,14.0,1.7128041099489981
2.0,3.0,0.4254721357300827
2.0,28.0,2.3270370791236155
10.0,100.0,5.215262030793554
2.0,37.0,0.9261391240307301
5.0,26.0,0.7186858014656711
3.0,25.0,0.9191010507599696
5.0,35.0,1.0891951278792882
1.0,4.0,4.920493021134102
6.0,15.0,9.077339164737303
2.0,3.0,0.3605953024792478
1.0,14.0,1.7128041099489981
0.0,3.0,0.4254721357300827
9.0,28.0,2.3270370791236155
14.0,100.0,5.215262030793554
8.0,37.0,0.9261391240307301
4.0,26.0,0.7186858014656711
8.0,25.0,0.9191010507599696
5.0,35.0,1.0891951278792882
1.0,4.0,4.920493021134102
6.0,15.0,9.077339164737303
1.0,3.0,0.3605953024792478
7.0,14.0,1.7128041099489981
0.0,3.0,0.4254721357300827
6.0,28.0,2.3270370791236155
29.0,100.0,5.215262030793554
10.0,37.0,0.9261391240307301
10.0,26.0,0.7186858014656711
6.0,25.0,0.9191010507599696
8.0,35.0,1.0891951278792882
1.0,4.0,4.920493021134102
6.0,15.0,9.077339164737303
0.0,3.0,0.3605953024792478
8.0,14.0,1.7128041099489981
1.0,3.0,0.4254721357300827
8.0,28.0,2.3270370791236155
46.0,100.0,5.215262030793554
7.0,37.0,0.9261391240307301
9.0,26.0,0.7186858014656711
8.0,25.0,0.9191010507599696
14.0,35.0,1.0891951278792882
3.0,4.0,4.920493021134102
5.0,15.0,9.077339164737303
2.0,3.0,0.3605953024792478
5.0,14.0,1.7128041099489981
1.0,3.0,0.4254721357300827
15.0,28.0,2.3270370791236155
49.0,100.0,5.215262030793554
15.0,37.0,0.9261391240307301
12.0,26.0,0.7186858014656711
15.0,25.0,0.9191010507599696
18.0,35.0,1.0891951278792882
4.0,4.0,4.920493021134102
6.0,15.0,9.077339164737303
2.0,3.0,0.3605953024792478
9.0,14.0,1.7128041099489981
2.0,3.0,0.4254721357300827
18.0,28.0,2.3270370791236155
66.0,100.0,5.215262030793554
24.0,37.0,0.9261391240307301
15.0,26.0,0.7186858014656711
17.0,25.0,0.9191010507599696
25.0,35.0,1.0891951278792882
2.0,4.0,4.920493021134102
11.0,15.0,9.077339164737303
2.0,3.0,0.3605953024792478
11.0,14.0,1.7128041099489981
2.0,3.0,0.4254721357300827
18.0,28.0,2.3270370791236155
80.0,100.0,5.215262030793554
25.0,37.0,0.9261391240307301
20.0,26.0,0.7186858014656711
17.0,25.0,0.9191010507599696
28.0,35.0,1.0891951278792882
3.0,4.0,4.920493021134102
13.0,15.0,9.077339164737303
3.0,3.0,0.3605953024792478
9.0,14.0,1.7128041099489981
2.0,3.0,0.4254721357300827
24.0,28.0,2.3270370791236155
70.0,100.0,5.215262030793554
30.0,37.0,0.9261391240307301
20.0,26.0,0.7186858014656711
23.0,25.0,0.9191010507599696
28.0,35.0,1.0891951278792882
4.0,4.0,4.920493021134102
15.0,15.0,9.077339164737303
2.0,3.0,0.3605953024792478
11.0,14.0,1.7128041099489981
3.0,3.0,0.4254721357300827
25.0,28.0,2.3270370791236155
93.0,100.0,5.215262030793554
33.0,37.0,0.9261391240307301
25.0,26.0,0.7186858014656711
24.0,25.0,0.9191010507599696
33.0,35.0,1.0891951278792882
1.0,3.0,4.2062630028896075
0.0,7.0,6.11243814655981
2.0,18.0,4.357626735455329
3.0,73.0,8.454330775379749
0.0,5.0,0.161571947362081
11.0,87.0,2.533368979958276
2.0,20.0,0.6083792565080419
1.0,31.0,0.7941793892529685
6.0,58.0,1.182577552204606
7.0,111.0,2.2390113331427295
4.0,51.0,0.6987103309015081
1.0,3.0,4.2062630028896075
2.0,7.0,6.11243814655981
3.0,18.0,4.357626735455329
19.0,73.0,8.454330775379749
0.0,5.0,0.161571947362081
20.0,87.0,2.533368979958276
7.0,20.0,0.6083792565080419
4.0,31.0,0.7941793892529685
9.0,58.0,1.182577552204606
24.0,111.0,2.2390113331427295
6.0,51.0,0.6987103309015081
1.0,3.0,4.2062630028896075
4.0,7.0,6.11243814655981
5.0,18.0,4.357626735455329
25.0,73.0,8.454330775379749
2.0,5.0,0.161571947362081
24.0,87.0,2.533368979958276
7.0,20.0,0.6083792565080419
8.0,31.0,0.7941793892529685
18.0,58.0,1.182577552204606
34.0,111.0,2.2390113331427295
15.0,51.0,0.6987103309015081
1.0,3.0,4.2062630028896075
2.0,7.0,6.11243814655981
6.0,18.0,4.357626735455329
35.0,73.0,8.454330775379749
1.0,5.0,0.161571947362081
34.0,87.0,2.533368979958276
8.0,20.0,0.6083792565080419
10.0,31.0,0.7941793892529685
28.0,58.0,1.182577552204606
46.0,111.0,2.2390113331427295
21.0,51.0,0.6987103309015081
1.0,3.0,4.2062630028896075
5.0,7.0,6.11243814655981
11.0,18.0,4.357626735455329
36.0,73.0,8.454330775379749
3.0,5.0,0.161571947362081
30.0,87.0,2.533368979958276
12.0,20.0,0.6083792565080419
16.0,31.0,0.7941793892529685
33.0,58.0,1.182577552204606
60.0,111.0,2.2390113331427295
22.0,51.0,0.6987103309015081
3.0,3.0,4.2062630028896075
2.0,7.0,6.11243814655981
11.0,18.0,4.357626735455329
52.0,73.0,8.454330775379749
3.0,5.0,0.161571947362081
50.0,87.0,2.533368979958276
15.0,20.0,0.6083792565080419
17.0,31.0,0.7941793892529685
35.0,58.0,1.182577552204606
65.0,111.0,2.2390113331427295
35.0,51.0,0.6987103309015081
2.0,3.0,4.2062630028896075
5.0,7.0,6.11243814655981
13.0,18.0,4.357626735455329
50.0,73.0,8.454330775379749
2.0,5.0,0.161571947362081
51.0,87.0,2.533368979958276
12.0,20.0,0.6083792565080419
19.0,31.0,0.7941793892529685
47.0,58.0,1.182577552204606
81.0,111.0,2.2390113331427295
31.0,51.0,0.6987103309015081
3.0,3.0,4.2062630028896075
5.0,7.0,6.11243814655981
16.0,18.0,4.357626735455329
62.0,73.0,8.454330775379749
2.0,5.0,0.161571947362081
69.0,87.0,2.533368979958276
13.0,20.0,0.6083792565080419
25.0,31.0,0.7941793892529685
47.0,58.0,1.182577552204606
92.0,111.0,2.2390113331427295
38.0,51.0,0.6987103309015081
3.0,3.0,4.2062630028896075
7.0,7.0,6.11243814655981
16.0,18.0,4.357626735455329
65.0,73.0,8.454330775379749
5.0,5.0,0.161571947362081
79.0,87.0,2.533368979958276
19.0,20.0,0.6083792565080419
27.0,31.0,0.7941793892529685
49.0,58.0,1.182577552204606
99.0,111.0,2.2390113331427295
47.0,51.0,0.6987103309015081
1.0,2.0,0.8657898847104989
0.0,6.0,2.247997437076129
1.0,8.0,1.405977129555559
4.0,23.0,3.3526051268292267
5.0,40.0,3.3109246692046392
1.0,19.0,0.7420652812891245
3.0,13.0,0.9799523317513923
1.0,9.0,0.44890345320174785
0.0,7.0,0.41853496660339723
2.0,42.0,3.4491655216873083
2.0,10.0,0.32578876103421006
1.0,2.0,0.8657898847104989
1.0,6.0,2.247997437076129
0.0,8.0,1.405977129555559
3.0,23.0,3.3526051268292267
9.0,40.0,3.3109246692046392
2.0,19.0,0.7420652812891245
1.0,13.0,0.9799523317513923
1.0,9.0,0.44890345320174785
1.0,7.0,0.41853496660339723
3.0,42.0,3.4491655216873083
2.0,10.0,0.32578876103421006
2.0,2.0,0.8657898847104989
3.0,6.0,2.247997437076129
3.0,8.0,1.405977129555559
6.0,23.0,3.3526051268292267
10.0,40.0,3.3109246692046392
5.0,19.0,0.7420652812891245
5.0,13.0,0.9799523317513923
2.0,9.0,0.44890345320174785
4.0,7.0,0.41853496660339723
10.0,42.0,3.4491655216873083
5.0,10.0,0.32578876103421006
1.0,2.0,0.8657898847104989
3.0,6.0,2.247997437076129
5.0,8.0,1.405977129555559
9.0,23.0,3.3526051268292267
18.0,40.0,3.3109246692046392
6.0,19.0,0.7420652812891245
5.0,13.0,0.9799523317513923
1.0,9.0,0.44890345320174785
3.0,7.0,0.41853496660339723
21.0,42.0,3.4491655216873083
2.0,10.0,0.32578876103421006
1.0,2.0,0.8657898847104989
2.0,6.0,2.247997437076129
5.0,8.0,1.405977129555559
14.0,23.0,3.3526051268292267
19.0,40.0,3.3109246692046392
8.0,19.0,0.7420652812891245
7.0,13.0,0.9799523317513923
5.0,9.0,0.44890345320174785
4.0,7.0,0.41853496660339723
27.0,42.0,3.4491655216873083
3.0,10.0,0.32578876103421006
1.0,2.0,0.8657898847104989
2.0,6.0,2.247997437076129
6.0,8.0,1.405977129555559
12.0,23.0,3.3526051268292267
24.0,40.0,3.3109246692046392
12.0,19.0,0.7420652812891245
6.0,13.0,0.9799523317513923
5.0,9.0,0.44890345320174785
3.0,7.0,0.41853496660339723
24.0,42.0,3.4491655216873083
5.0,10.0,0.32578876103421006
1.0,2.0,0.8657898847104989
5.0,6.0,2.247997437076129
6.0,8.0,1.405977129555559
14.0,23.0,3.3526051268292267
31.0,40.0,3.3109246692046392
13.0,19.0,0.7420652812891245
12.0,13.0,0.9799523317513923
6.0,9.0,0.44890345320174785
5.0,7.0,0.41853496660339723
29.0,42.0,3.4491655216873083
8.0,10.0,0.32578876103421006
1.0,2.0,0.8657898847104989
5.0,6.0,2.247997437076129
6.0,8.0,1.405977129555559
20.0,23.0,3.3526051268292267
31.0,40.0,3.3109246692046392
15.0,19.0,0.7420652812891245
11.0,13.0,0.9799523317513923
5.0,9.0,0.44890345320174785
5.0,7.0,0.41853496660339723
36.0,42.0,3.4491655216873083
9.0,10.0,0.32578876103421006
2.0,2.0,0.8657898847104989
5.0,6.0,2.247997437076129
7.0,8.0,1.405977129555559
19.0,23.0,3.3526051268292267
34.0,40.0,3.3109246692046392
18.0,19.0,0.7420652812891245
12.0,13.0,0.9799523317513923
8.0,9.0,0.44890345320174785
7.0,7.0,0.41853496660339723
35.0,42.0,3.4491655216873083
9.0,10.0,0.32578876103421006
1.0,2.0,8.419352818429392
0.0,7.0,8.767109648513399
0.0,11.0,2.6883578014696363
3.0,16.0,2.470592635791726
0.0,8.0,0.37953406834570175
1.0,22.0,1.6569437003426581
2.0,17.0,1.744766300609244
2.0,18.0,0.8658684077337363
1.0,5.0,0.402573534285907
17.0,78.0,5.5071415687982705
1.0,26.0,0.9333069909413774
1.0,2.0,8.419352818429392
2.0,7.0,8.767109648513399
2.0,11.0,2.6883578014696363
1.0,16.0,2.470592635791726
1.0,8.0,0.37953406834570175
5.0,22.0,1.6569437003426581
3.0,17.0,1.744766300609244
6.0,18.0,0.8658684077337363
2.0,5.0,0.402573534285907
17.0,78.0,5.5071415687982705
6.0,26.0,0.9333069909413774
1.0,2.0,8.419352818429392
1.0,7.0,8.767109648513399
3.0,11.0,2.6883578014696363
10.0,16.0,2.470592635791726
1.0,8.0,0.37953406834570175
4.0,22.0,1.6569437003426581
6.0,17.0,1.744766300609244
4.0,18.0,0.8658684077337363
1.0,5.0,0.402573534285907
18.0,78.0,5.5071415687982705
4.0,26.0,0.9333069909413774
2.0,2.0,8.419352818429392
2.0,7.0,8.767109648513399
5.0,11.0,2.6883578014696363
7.0,16.0,2.470592635791726
2.0,8.0,0.37953406834570175
8.0,22.0,1.6569437003426581
7.0,17.0,1.744766300609244
10.0,18.0,0.8658684077337363
3.0,5.0,0.402573534285907
36.0,78.0,5.5071415687982705
7.0,26.0,0.9333069909413774
2.0,2.0,8.419352818429392
3.0,7.0,8.767109648513399
4.0,11.0,2.6883578014696363
9.0,16.0,2.470592635791726
4.0,8.0,0.37953406834570175
12.0,22.0,1.6569437003426581
8.0,17.0,1.744766300609244
7.0,18.0,0.8658684077337363
2.0,5.0,0.402573534285907
46.0,78.0,5.5071415687982705
11.0,26.0,0.9333069909413774
1.0,2.0,8.419352818429392
4.0,7.0,8.767109648513399
8.0,11.0,2.6883578014696363
11.0,16.0,2.470592635791726
5.0,8.0,0.37953406834570175
11.0,22.0,1.6569437003426581
8.0,17.0,1.744766300609244
11.0,18.0,0.8658684077337363
4.0,5.0,0.402573534285907
39.0,78.0,5.5071415687982705
18.0,26.0,0.9333069909413774
2.0,2.0,8.419352818429392
4.0,7.0,8.767109648513399
9.0,11.0,2.6883578014696363
11.0,16.0,2.470592635791726
8.0,8.0,0.37953406834570175
15.0,22.0,1.6569437003426581
13.0,17.0,1.744766300609244
13.0,18.0,0.8658684077337363
4.0,5.0,0.402573534285907
59.0,78.0,5.5071415687982705
18.0,26.0,0.9333069909413774
1.0,2.0,8.419352818429392
6.0,7.0,8.767109648513399
9.0,11.0,2.6883578014696363
13.0,16.0,2.470592635791726
7.0,8.0,0.37953406834570175
21.0,22.0,1.6569437003426581
12.0,17.0,1.744766300609244
14.0,18.0,0.8658684077337363
4.0,5.0,0.402573534285907
62.0,78.0,5.5071415687982705
18.0,26.0,0.9333069909413774
2.0,2.0,8.419352818429392
7.0,7.0,8.767109648513399
8.0,11.0,2.6883578014696363
14.0,16.0,2.470592635791726
8.0,8.0,0.37953406834570175
22.0,22.0,1.6569437003426581
16.0,17.0,1.744766300609244
16.0,18.0,0.8658684077337363
5.0,5.0,0.402573534285907
70.0,78.0,5.5071415687982705
19.0,26.0,0.9333069909413774
1.0,9.0,12.667959712262101
1.0,10.0,4.029089635925592
9.0,67.0,9.438990889474958
2.0,7.0,0.16330563765805634
4.0,52.0,1.7736215198128535
1.0,11.0,0.5749788443457938
3.0,22.0,1.0498924196395254
5.0,30.0,1.4328962369684917
6.0,66.0,2.850587417938629
2.0,22.0,0.7261493645615067
2.0,22.0,0.9322808353040254
3.0,9.0,12.667959712262101
2.0,10.0,4.029089635925592
15.0,67.0,9.438990889474958
2.0,7.0,0.16330563765805634
5.0,52.0,1.7736215198128535
5.0,11.0,0.5749788443457938
7.0,22.0,1.0498924196395254
10.0,30.0,1.4328962369684917
12.0,66.0,2.850587417938629
4.0,22.0,0.7261493645615067
4.0,22.0,0.9322808353040254
2.0,9.0,12.667959712262101
4.0,10.0,4.029089635925592
17.0,67.0,9.438990889474958
3.0,7.0,0.16330563765805634
8.0,52.0,1.7736215198128535
2.0,11.0,0.5749788443457938
4.0,22.0,1.0498924196395254
5.0,30.0,1.4328962369684917
25.0,66.0,2.850587417938629
8.0,22.0,0.7261493645615067
2.0,22.0,0.9322808353040254
4.0,9.0,12.667959712262101
4.0,10.0,4.029089635925592
27.0,67.0,9.438990889474958
3.0,7.0,0.16330563765805634
22.0,52.0,1.7736215198128535
4.0,11.0,0.5749788443457938
7.0,22.0,1.0498924196395254
11.0,30.0,1.4328962369684917
20.0,66.0,2.850587417938629
9.0,22.0,0.7261493645615067
8.0,22.0,0.9322808353040254
3.0,9.0,12.667959712262101
3.0,10.0,4.029089635925592
30.0,67.0,9.438990889474958
3.0,7.0,0.16330563765805634
22.0,52.0,1.7736215198128535
5.0,11.0,0.5749788443457938
11.0,22.0,1.0498924196395254
20.0,30.0,1.4328962369684917
32.0,66.0,2.850587417938629
14.0,22.0,0.7261493645615067
8.0,22.0,0.9322808353040254
4.0,9.0,12.667959712262101
3.0,10.0,4.029089635925592
38.0,67.0,9.438990889474958
6.0,7.0,0.16330563765805634
35.0,52.0,1.7736215198128535
10.0,11.0,0.5749788443457938
13.0,22.0,1.0498924196395254
20.0,30.0,1.4328962369684917
38.0,66.0,2.850587417938629
13.0,22.0,0.7261493645615067
15.0,22.0,0.9322808353040254
6.0,9.0,12.667959712262101
6.0,10.0,4.029089635925592
50.0,67.0,9.438990889474958
5.0,7.0,0.16330563765805634
40.0,52.0,1.7736215198128535
10.0,11.0,0.5749788443457938
12.0,22.0,1.0498924196395254
18.0,30.0,1.4328962369684917
46.0,66.0,2.850587417938629
17.0,22.0,0.7261493645615067
14.0,22.0,0.9322808353040254
8.0,9.0,12.667959712262101
9.0,10.0,4.029089635925592
57.0,67.0,9.438990889474958
6.0,7.0,0.16330563765805634
41.0,52.0,1.7736215198128535
8.0,11.0,0.5749788443457938
18.0,22.0,1.0498924196395254
29.0,30.0,1.4328962369684917
56.0,66.0,2.850587417938629
20.0,22.0,0.7261493645615067
19.0,22.0,0.9322808353040254
9.0,9.0,12.667959712262101
10.0,10.0,4.029089635925592
62.0,67.0,9.438990889474958
7.0,7.0,0.16330563765805634
50.0,52.0,1.7736215198128535
9.0,11.0,0.5749788443457938
21.0,22.0,1.0498924196395254
28.0,30.0,1.4328962369684917
60.0,66.0,2.850587417938629
20.0,22.0,0.7261493645615067
22.0,22.0,0.9322808353040254
1.0,1.0,3.329778702054581
0.0,2.0,3.8024867566468976
1.0,4.0,6.545685464154532
0.0,8.0,3.0729028924468476
4.0,20.0,4.021166955757695
2.0,18.0,1.9595051759113016
1.0,5.0,0.30287215778185794
0.0,12.0,0.7704668987568053
7.0,91.0,5.480065121106049
2.0,25.0,1.0508904164887651
3.0,21.0,0.4857229726934479
1.0,1.0,3.329778702054581
1.0,2.0,3.8024867566468976
0.0,4.0,6.545685464154532
1.0,8.0,3.0729028924468476
7.0,20.0,4.021166955757695
2.0,18.0,1.9595051759113016
1.0,5.0,0.30287215778185794
4.0,12.0,0.7704668987568053
16.0,91.0,5.480065121106049
4.0,25.0,1.0508904164887651
4.0,21.0,0.4857229726934479
1.0,1.0,3.329778702054581
1.0,2.0,3.8024867566468976
1.0,4.0,6.545685464154532
1.0,8.0,3.0729028924468476
5.0,20.0,4.021166955757695
6.0,18.0,1.9595051759113016
1.0,5.0,0.30287215778185794
3.0,12.0,0.7704668987568053
31.0,91.0,5.480065121106049
6.0,25.0,1.0508904164887651
7.0,21.0,0.4857229726934479
1.0,1.0,3.329778702054581
2.0,2.0,3.8024867566468976
1.0,4.0,6.545685464154532
4.0,8.0,3.0729028924468476
8.0,20.0,4.021166955757695
9.0,18.0,1.9595051759113016
3.0,5.0,0.30287215778185794
6.0,12.0,0.7704668987568053
36.0,91.0,5.480065121106049
16.0,25.0,1.0508904164887651
7.0,21.0,0.4857229726934479
1.0,1.0,3.329778702054581
2.0,2.0,3.8024867566468976
2.0,4.0,6.545685464154532
2.0,8.0,3.0729028924468476
13.0,20.0,4.021166955757695
6.0,18.0,1.9595051759113016
3.0,5.0,0.30287215778185794
8.0,12.0,0.7704668987568053
55.0,91.0,5.480065121106049
12.0,25.0,1.0508904164887651
10.0,21.0,0.4857229726934479
1.0,1.0,3.329778702054581
1.0,2.0,3.8024867566468976
1.0,4.0,6.545685464154532
4.0,8.0,3.0729028924468476
13.0,20.0,4.021166955757695
10.0,18.0,1.9595051759113016
2.0,5.0,0.30287215778185794
8.0,12.0,0.7704668987568053
65.0,91.0,5.480065121106049
13.0,25.0,1.0508904164887651
12.0,21.0,0.4857229726934479
1.0,1.0,3.329778702054581
2.0,2.0,3.8024867566468976
3.0,4.0,6.545685464154532
7.0,8.0,3.0729028924468476
16.0,20.0,4.021166955757695
12.0,18.0,1.9595051759113016
4.0,5.0,0.30287215778185794
8.0,12.0,0.7704668987568053
74.0,91.0,5.480065121106049
21.0,25.0,1.0508904164887651
15.0,21.0,0.4857229726934479
1.0,1.0,3.329778702054581
1.0,2.0,3.8024867566468976
2.0,4.0,6.545685464154532
7.0,8.0,3.0729028924468476
16.0,20.0,4.021166955757695
13.0,18.0,1.9595051759113016
2.0,5.0,0.30287215778185794
10.0,12.0,0.7704668987568053
70.0,91.0,5.480065121106049
22.0,25.0,1.0508904164887651
18.0,21.0,0.4857229726934479
1.0,1.0,3.329778702054581
2.0,2.0,3.8024867566468976
4.0,4.0,6.545685464154532
8.0,8.0,3.0729028924468476
18.0,20.0,4.021166955757695
18.0,18.0,1.9595051759113016
5.0,5.0,0.30287215778185794
11.0,12.0,0.7704668987568053
83.0,91.0,5.480065121106049
22.0,25.0,1.0508904164887651
18.0,21.0,0.4857229726934479
1.0,3.0,9.61445186892431
0.0,6.0,7.200443376157185
0.0,7.0,1.3037559878400153
1.0,7.0,0.7880794404033025
1.0,12.0,1.7307538014163322
3.0,24.0,2.38198405054539
4.0,49.0,2.6934800334828406
4.0,30.0,1.257065471600409
3.0,26.0,0.9526661290889615
0.0,31.0,1.0179540715565019
0.0,11.0,0.4525419496260256
1.0,3.0,9.61445186892431
1.0,6.0,7.200443376157185
1.0,7.0,1.3037559878400153
1.0,7.0,0.7880794404033025
2.0,12.0,1.7307538014163322
7.0,24.0,2.38198405054539
8.0,49.0,2.6934800334828406
6.0,30.0,1.257065471600409
2.0,26.0,0.9526661290889615
6.0,31.0,1.0179540715565019
2.0,11.0,0.4525419496260256
1.0,3.0,9.61445186892431
2.0,6.0,7.200443376157185
1.0,7.0,1.3037559878400153
2.0,7.0,0.7880794404033025
4.0,12.0,1.7307538014163322
7.0,24.0,2.38198405054539
13.0,49.0,2.6934800334828406
13.0,30.0,1.257065471600409
9.0,26.0,0.9526661290889615
17.0,31.0,1.0179540715565019
5.0,11.0,0.4525419496260256
1.0,3.0,9.61445186892431
2.0,6.0,7.200443376157185
2.0,7.0,1.3037559878400153
5.0,7.0,0.7880794404033025
3.0,12.0,1.7307538014163322
10.0,24.0,2.38198405054539
19.0,49.0,2.6934800334828406
13.0,30.0,1.257065471600409
13.0,26.0,0.9526661290889615
10.0,31.0,1.0179540715565019
3.0,11.0,0.4525419496260256
1.0,3.0,9.61445186892431
3.0,6.0,7.200443376157185
4.0,7.0,1.3037559878400153
3.0,7.0,0.7880794404033025
7.0,12.0,1.7307538014163322
12.0,24.0,2.38198405054539
30.0,49.0,2.6934800334828406
17.0,30.0,1.257065471600409
16.0,26.0,0.9526661290889615
9.0,31.0,1.0179540715565019
9.0,11.0,0.4525419496260256
1.0,3.0,9.61445186892431
4.0,6.0,7.200443376157185
4.0,7.0,1.3037559878400153
2.0,7.0,0.7880794404033025
4.0,12.0,1.7307538014163322
14.0,24.0,2.38198405054539
30.0,49.0,2.6934800334828406
19.0,30.0,1.257065471600409
15.0,26.0,0.9526661290889615
19.0,31.0,1.0179540715565019
7.0,11.0,0.4525419496260256
2.0,3.0,9.61445186892431
5.0,6.0,7.200443376157185
4.0,7.0,1.3037559878400153
4.0,7.0,0.7880794404033025
9.0,12.0,1.7307538014163322
14.0,24.0,2.38198405054539
38.0,49.0,2.6934800334828406
21.0,30.0,1.257065471600409
23.0,26.0,0.9526661290889615
23.0,31.0,1.0179540715565019
6.0,11.0,0.4525419496260256
3.0,3.0,9.61445186892431
5.0,6.0,7.200443376157185
6.0,7.0,1.3037559878400153
5.0,7.0,0.7880794404033025
10.0,12.0,1.7307538014163322
21.0,24.0,2.38198405054539
36.0,49.0,2.6934800334828406
27.0,30.0,1.257065471600409
22.0,26.0,0.9526661290889615
26.0,31.0,1.0179540715565019
8.0,11.0,0.4525419496260256
2.0,3.0,9.61445186892431
6.0,6.0,7.200443376157185
7.0,7.0,1.3037559878400153
7.0,7.0,0.7880794404033025
12.0,12.0,1.7307538014163322
23.0,24.0,2.38198405054539
41.0,49.0,2.6934800334828406
27.0,30.0,1.257065471600409
23.0,26.0,0.9526661290889615
29.0,31.0,1.0179540715565019
11.0,11.0,0.4525419496260256
1.0,2.0,3.4653811841596736
1.0,7.0,3.644116562113798
0.0,9.0,1.2839154995824185
7.0,44.0,5.642872291178391
3.0,31.0,2.141362669852688
2.0,43.0,2.3035087247206114
6.0,32.0,0.7639900755146432
14.0,81.0,2.262328736418273
4.0,58.0,0.9831442588138798
7.0,82.0,1.3298371939650095
0.0,17.0,0.23079786314725007
1.0,2.0,3.4653811841596736
2.0,7.0,3.644116562113798
0.0,9.0,1.2839154995824185
8.0,44.0,5.642872291178391
8.0,31.0,2.141362669852688
12.0,43.0,2.3035087247206114
9.0,32.0,0.7639900755146432
19.0,81.0,2.262328736418273
11.0,58.0,0.9831442588138798
24.0,82.0,1.3298371939650095
3.0,17.0,0.23079786314725007
2.0,2.0,3.4653811841596736
0.0,7.0,3.644116562113798
4.0,9.0,1.2839154995824185
8.0,44.0,5.642872291178391
8.0,31.0,2.141362669852688
20.0,43.0,2.3035087247206114
14.0,32.0,0.7639900755146432
22.0,81.0,2.262328736418273
13.0,58.0,0.9831442588138798
22.0,82.0,1.3298371939650095
3.0,17.0,0.23079786314725007
1.0,2.0,3.4653811841596736
3.0,7.0,3.644116562113798
3.0,9.0,1.2839154995824185
13.0,44.0,5.642872291178391
11.0,31.0,2.141362669852688
13.0,43.0,2.3035087247206114
13.0,32.0,0.7639900755146432
40.0,81.0,2.262328736418273
22.0,58.0,0.9831442588138798
31.0,82.0,1.3298371939650095
2.0,17.0,0.23079786314725007
1.0,2.0,3.4653811841596736
2.0,7.0,3.644116562113798
5.0,9.0,1.2839154995824185
18.0,44.0,5.642872291178391
15.0,31.0,2.141362669852688
28.0,43.0,2.3035087247206114
15.0,32.0,0.7639900755146432
44.0,81.0,2.262328736418273
24.0,58.0,0.9831442588138798
51.0,82.0,1.3298371939650095
12.0,17.0,0.23079786314725007
2.0,2.0,3.4653811841596736
6.0,7.0,3.644116562113798
4.0,9.0,1.2839154995824185
22.0,44.0,5.642872291178391
21.0,31.0,2.141362669852688
26.0,43.0,2.3035087247206114
23.0,32.0,0.7639900755146432
46.0,81.0,2.262328736418273
39.0,58.0,0.9831442588138798
45.0,82.0,1.3298371939650095
7.0,17.0,0.23079786314725007
1.0,2.0,3.4653811841596736
4.0,7.0,3.644116562113798
6.0,9.0,1.2839154995824185
33.0,44.0,5.642872291178391
28.0,31.0,2.141362669852688
31.0,43.0,2.3035087247206114
18.0,32.0,0.7639900755146432
52.0,81.0,2.262328736418273
39.0,58.0,0.9831442588138798
58.0,82.0,1.3298371939650095
13.0,17.0,0.23079786314725007
2.0,2.0,3.4653811841596736
5.0,7.0,3.644116562113798
7.0,9.0,1.2839154995824185
31.0,44.0,5.642872291178391
27.0,31.0,2.141362669852688
38.0,43.0,2.3035087247206114
22.0,32.0,0.7639900755146432
66.0,81.0,2.262328736418273
47.0,58.0,0.9831442588138798
67.0,82.0,1.3298371939650095
15.0,17.0,0.23079786314725007
2.0,2.0,3.4653811841596736
5.0,7.0,3.644116562113798
9.0,9.0,1.2839154995824185
41.0,44.0,5.642872291178391
28.0,31.0,2.141362669852688
41.0,43.0,2.3035087247206114
29.0,32.0,0.7639900755146432
76.0,81.0,2.262328736418273
53.0,58.0,0.9831442588138798
70.0,82.0,1.3298371939650095
17.0,17.0,0.23079786314725007
1.0,2.0,3.0441085711013867
0.0,13.0,9.99767894774381
0.0,4.0,1.320257605934388
2.0,8.0,1.627161733053123
1.0,6.0,1.5605594355051284
2.0,18.0,1.863648805620581
2.0,11.0,1.1603282741156928
4.0,35.0,2.0097382199595075
1.0,22.0,1.7743008672813019
2.0,37.0,1.5356185224528565
4.0,32.0,1.0819171814450963
1.0,2.0,3.0441085711013867
2.0,13.0,9.99767894774381
2.0,4.0,1.320257605934388
2.0,8.0,1.627161733053123
1.0,6.0,1.5605594355051284
5.0,18.0,1.863648805620581
1.0,11.0,1.1603282741156928
5.0,35.0,2.0097382199595075
2.0,22.0,1.7743008672813019
7.0,37.0,1.5356185224528565
7.0,32.0,1.0819171814450963
1.0,2.0,3.0441085711013867
2.0,13.0,9.99767894774381
2.0,4.0,1.320257605934388
2.0,8.0,1.627161733053123
1.0,6.0,1.5605594355051284
9.0,18.0,1.863648805620581
3.0,11.0,1.1603282741156928
12.0,35.0,2.0097382199595075
7.0,22.0,1.7743008672813019
7.0,37.0,1.5356185224528565
10.0,32.0,1.0819171814450963
2.0,2.0,3.0441085711013867
6.0,13.0,9.99767894774381
2.0,4.0,1.320257605934388
5.0,8.0,1.627161733053123
0.0,6.0,1.5605594355051284
5.0,18.0,1.863648805620581
4.0,11.0,1.1603282741156928
19.0,35.0,2.0097382199595075
12.0,22.0,1.7743008672813019
13.0,37.0,1.5356185224528565
18.0,32.0,1.0819171814450963
1.0,2.0,3.0441085711013867
5.0,13.0,9.99767894774381
1.0,4.0,1.320257605934388
2.0,8.0,1.627161733053123
4.0,6.0,1.5605594355051284
8.0,18.0,1.863648805620581
3.0,11.0,1.1603282741156928
19.0,35.0,2.0097382199595075
13.0,22.0,1.7743008672813019
16.0,37.0,1.5356185224528565
16.0,32.0,1.0819171814450963
2.0,2.0,3.0441085711013867
7.0,13.0,9.99767894774381
4.0,4.0,1.320257605934388
5.0,8.0,1.627161733053123
4.0,6.0,1.5605594355051284
10.0,18.0,1.863648805620581
8.0,11.0,1.1603282741156928
26.0,35.0,2.0097382199595075
8.0,22.0,1.7743008672813019
24.0,37.0,1.5356185224528565
21.0,32.0,1.0819171814450963
2.0,2.0,3.0441085711013867
7.0,13.0,9.99767894774381
3.0,4.0,1.320257605934388
5.0,8.0,1.627161733053123
4.0,6.0,1.5605594355051284
9.0,18.0,1.863648805620581
8.0,11.0,1.1603282741156928
25.0,35.0,2.0097382199595075
15.0,22.0,1.7743008672813019
25.0,37.0,1.5356185224528565
21.0,32.0,1.0819171814450963
2.0,2.0,3.0441085711013867
10.0,13.0,9.99767894774381
4.0,4.0,1.320257605934388
7.0,8.0,1.627161733053123
5.0,6.0,1.5605594355051284
13.0,18.0,1.863648805620581
10.0,11.0,1.1603282741156928
30.0,35.0,2.0097382199595075
17.0,22.0,1.7743008672813019
28.0,37.0,1.5356185224528565
29.0,32.0,1.0819171814450963
2.0,2.0,3.0441085711013867
9.0,13.0,9.99767894774381
4.0,4.0,1.320257605934388
5.0,8.0,1.627161733053123
6.0,6.0,1.5605594355051284
16.0,18.0,1.863648805620581
11.0,11.0,1.1603282741156928
32.0,35.0,2.0097382199595075
20.0,22.0,1.7743008672813019
36.0,37.0,1.5356185224528565
30.0,32.0,1.0819171814450963
1.0,4.0,4.072086447083309
0.0,2.0,1.2003272154705091
2.0,12.0,3.3698163924123614
0.0,9.0,2.2482714516212057
0.0,12.0,1.614706145212429
3.0,27.0,2.6403422247252006
1.0,17.0,1.186600732637136
5.0,53.0,3.120523670412143
7.0,69.0,2.4640569253895626
4.0,65.0,1.5354297329851132
4.0,35.0,0.6291777693323607
1.0,4.0,4.072086447083309
1.0,2.0,1.2003272154705091
3.0,12.0,3.3698163924123614
4.0,9.0,2.2482714516212057
1.0,12.0,1.614706145212429
5.0,27.0,2.6403422247252006
4.0,17.0,1.186600732637136
12.0,53.0,3.120523670412143
16.0,69.0,2.4640569253895626
11.0,65.0,1.5354297329851132
6.0,35.0,0.6291777693323607
2.0,4.0,4.072086447083309
1.0,2.0,1.2003272154705091
4.0,12.0,3.3698163924123614
3.0,9.0,2.2482714516212057
5.0,12.0,1.614706145212429
9.0,27.0,2.6403422247252006
5.0,17.0,1.186600732637136
9.0,53.0,3.120523670412143
21.0,69.0,2.4640569253895626
18.0,65.0,1.5354297329851132
13.0,35.0,0.6291777693323607
3.0,4.0,4.072086447083309
1.0,2.0,1.2003272154705091
4.0,12.0,3.3698163924123614
2.0,9.0,2.2482714516212057
3.0,12.0,1.614706145212429
9.0,27.0,2.6403422247252006
7.0,17.0,1.186600732637136
26.0,53.0,3.120523670412143
28.0,69.0,2.4640569253895626
28.0,65.0,1.5354297329851132
17.0,35.0,0.6291777693323607
1.0,4.0,4.072086447083309
1.0,2.0,1.2003272154705091
6.0,12.0,3.3698163924123614
7.0,9.0,2.2482714516212057
6.0,12.0,1.614706145212429
17.0,27.0,2.6403422247252006
13.0,17.0,1.186600732637136
29.0,53.0,3.120523670412143
33.0,69.0,2.4640569253895626
30.0,65.0,1.5354297329851132
19.0,35.0,0.6291777693323607
3.0,4.0,4.072086447083309
1.0,2.0,1.2003272154705091
7.0,12.0,3.3698163924123614
5.0,9.0,2.2482714516212057
9.0,12.0,1.614706145212429
16.0,27.0,2.6403422247252006
12.0,17.0,1.186600732637136
29.0,53.0,3.120523670412143
42.0,69.0,2.4640569253895626
37.0,65.0,1.5354297329851132
28.0,35.0,0.6291777693323607
2.0,4.0,4.072086447083309
1.0,2.0,1.2003272154705091
7.0,12.0,3.3698163924123614
7.0,9.0,2.2482714516212057
9.0,12.0,1.614706145212429
20.0,27.0,2.6403422247252006
14.0,17.0,1.186600732637136
36.0,53.0,3.120523670412143
47.0,69.0,2.4640569253895626
41.0,65.0,1.5354297329851132
26.0,35.0,0.6291777693323607
4.0,4.0,4.072086447083309
1.0,2.0,1.2003272154705091
11.0,12.0,3.3698163924123614
7.0,9.0,2.2482714516212057
11.0,12.0,1.614706145212429
24.0,27.0,2.6403422247252006
12.0,17.0,1.186600732637136
45.0,53.0,3.120523670412143
58.0,69.0,2.4640569253895626
52.0,65.0,1.5354297329851132
26.0,35.0,0.6291777693323607
2.0,4.0,4.072086447083309
2.0,2.0,1.2003272154705091
11.0,12.0,3.3698163924123614
9.0,9.0,2.2482714516212057
10.0,12.0,1.614706145212429
24.0,27.0,2.6403422247252006
15.0,17.0,1.186600732637136
46.0,53.0,3.120523670412143
66.0,69.0,2.4640569253895626
57.0,65.0,1.5354297329851132
33.0,35.0,0.6291777693323607
1.0,2.0,2.478760300952303
1.0,8.0,10.604824948284806
1.0,9.0,2.062564214254691
1.0,8.0,1.0989161947659147
0.0,2.0,0.1885262532196401
2.0,9.0,1.7882457658250417
0.0,10.0,1.055614452869296
3.0,20.0,1.5484012987885618
1.0,8.0,1.0094756763248656
2.0,47.0,4.064438869005272
2.0,25.0,1.5477315738163122
1.0,2.0,2.478760300952303
3.0,8.0,10.604824948284806
1.0,9.0,2.062564214254691
4.0,8.0,1.0989161947659147
0.0,2.0,0.1885262532196401
1.0,9.0,1.7882457658250417
1.0,10.0,1.055614452869296
4.0,20.0,1.5484012987885618
2.0,8.0,1.0094756763248656
15.0,47.0,4.064438869005272
5.0,25.0,1.5477315738163122
1.0,2.0,2.478760300952303
5.0,8.0,10.604824948284806
3.0,9.0,2.062564214254691
4.0,8.0,1.0989161947659147
1.0,2.0,0.1885262532196401
3.0,9.0,1.7882457658250417
6.0,10.0,1.055614452869296
7.0,20.0,1.5484012987885618
3.0,8.0,1.0094756763248656
11.0,47.0,4.064438869005272
8.0,25.0,1.5477315738163122
1.0,2.0,2.478760300952303
5.0,8.0,10.604824948284806
4.0,9.0,2.062564214254691
3.0,8.0,1.0989161947659147
1.0,2.0,0.1885262532196401
1.0,9.0,1.7882457658250417
8.0,10.0,1.055614452869296
11.0,20.0,1.5484012987885618
2.0,8.0,1.0094756763248656
16.0,47.0,4.064438869005272
8.0,25.0,1.5477315738163122
2.0,2.0,2.478760300952303
4.0,8.0,10.604824948284806
7.0,9.0,2.062564214254691
3.0,8.0,1.0989161947659147
1.0,2.0,0.1885262532196401
4.0,9.0,1.7882457658250417
6.0,10.0,1.055614452869296
12.0,20.0,1.5484012987885618
5.0,8.0,1.0094756763248656
26.0,47.0,4.064438869005272
12.0,25.0,1.5477315738163122
2.0,2.0,2.478760300952303
4.0,8.0,10.604824948284806
6.0,9.0,2.062564214254691
4.0,8.0,1.0989161947659147
1.0,2.0,0.1885262532196401
6.0,9.0,1.7882457658250417
5.0,10.0,1.055614452869296
14.0,20.0,1.5484012987885618
6.0,8.0,1.0094756763248656
28.0,47.0,4.064438869005272
18.0,25.0,1.5477315738163122
2.0,2.0,2.478760300952303
6.0,8.0,10.604824948284806
7.0,9.0,2.062564214254691
7.0,8.0,1.0989161947659147
2.0,2.0,0.1885262532196401
4.0,9.0,1.7882457658250417
8.0,10.0,1.055614452869296
15.0,20.0,1.5484012987885618
2.0,8.0,1.0094756763248656
32.0,47.0,4.064438869005272
10.0,25.0,1.5477315738163122
2.0,2.0,2.478760300952303
6.0,8.0,10.604824948284806
8.0,9.0,2.062564214254691
6.0,8.0,1.0989161947659147
2.0,2.0,0.1885262532196401
8.0,9.0,1.7882457658250417
9.0,10.0,1.055614452869296
16.0,20.0,1.5484012987885618
7.0,8.0,1.0094756763248656
34.0,47.0,4.064438869005272
19.0,25.0,1.5477315738163122
2.0,2.0,2.478760300952303
6.0,8.0,10.604824948284806
9.0,9.0,2.062564214254691
4.0,8.0,1.0989161947659147
2.0,2.0,0.1885262532196401
7.0,9.0,1.7882457658250417
10.0,10.0,1.055614452869296
19.0,20.0,1.5484012987885618
8.0,8.0,1.0094756763248656
43.0,47.0,4.064438869005272
24.0,25.0,1.5477315738163122
2.0,4.0,2.895518445365423
2.0,10.0,6.1820336532898015
2.0,7.0,1.2450777756988771
0.0,8.0,1.1924549636695407
0.0,10.0,1.4154118209927051
1.0,6.0,0.8715559894487523
2.0,11.0,1.5584194121520973
1.0,4.0,0.640814304906801
0.0,18.0,1.5497851920685444
3.0,14.0,1.1175612012004508
0.0,11.0,0.5278537590112827
2.0,4.0,2.895518445365423
2.0,10.0,6.1820336532898015
1.0,7.0,1.2450777756988771
1.0,8.0,1.1924549636695407
1.0,10.0,1.4154118209927051
3.0,6.0,0.8715559894487523
3.0,11.0,1.5584194121520973
1.0,4.0,0.640814304906801
5.0,18.0,1.5497851920685444
3.0,14.0,1.1175612012004508
1.0,11.0,0.5278537590112827
1.0,4.0,2.895518445365423
3.0,10.0,6.1820336532898015
2.0,7.0,1.2450777756988771
2.0,8.0,1.1924549636695407
4.0,10.0,1.4154118209927051
2.0,6.0,0.8715559894487523
5.0,11.0,1.5584194121520973
1.0,4.0,0.640814304906801
6.0,18.0,1.5497851920685444
4.0,14.0,1.1175612012004508
3.0,11.0,0.5278537590112827
1.0,4.0,2.895518445365423
6.0,10.0,6.1820336532898015
3.0,7.0,1.2450777756988771
5.0,8.0,1.1924549636695407
3.0,10.0,1.4154118209927051
4.0,6.0,0.8715559894487523
3.0,11.0,1.5584194121520973
3.0,4.0,0.640814304906801
9.0,18.0,1.5497851920685444
7.0,14.0,1.1175612012004508
4.0,11.0,0.5278537590112827
2.0,4.0,2.895518445365423
5.0,10.0,6.1820336532898015
4.0,7.0,1.2450777756988771
4.0,8.0,1.1924549636695407
4.0,10.0,1.4154118209927051
1.0,6.0,0.8715559894487523
7.0,11.0,1.5584194121520973
1.0,4.0,0.640814304906801
10.0,18.0,1.5497851920685444
7.0,14.0,1.1175612012004508
5.0,11.0,0.5278537590112827
2.0,4.0,2.895518445365423
4.0,10.0,6.1820336532898015
4.0,7.0,1.2450777756988771
5.0,8.0,1.1924549636695407
6.0,10.0,1.4154118209927051
2.0,6.0,0.8715559894487523
5.0,11.0,1.5584194121520973
3.0,4.0,0.640814304906801
10.0,18.0,1.5497851920685444
7.0,14.0,1.1175612012004508
9.0,11.0,0.5278537590112827
2.0,4.0,2.895518445365423
6.0,10.0,6.1820336532898015
4.0,7.0,1.2450777756988771
6.0,8.0,1.1924549636695407
7.0,10.0,1.4154118209927051
5.0,6.0,0.8715559894487523
4.0,11.0,1.5584194121520973
4.0,4.0,0.640814304906801
15.0,18.0,1.5497851920685444
9.0,14.0,1.1175612012004508
8.0,11.0,0.5278537590112827
3.0,4.0,2.895518445365423
5.0,10.0,6.1820336532898015
7.0,7.0,1.2450777756988771
6.0,8.0,1.1924549636695407
8.0,10.0,1.4154118209927051
3.0,6.0,0.8715559894487523
7.0,11.0,1.5584194121520973
4.0,4.0,0.640814304906801
17.0,18.0,1.5497851920685444
12.0,14.0,1.1175612012004508
9.0,11.0,0.5278537590112827
3.0,4.0,2.895518445365423
8.0,10.0,6.1820336532898015
7.0,7.0,1.2450777756988771
8.0,8.0,1.1924549636695407
9.0,10.0,1.4154118209927051
4.0,6.0,0.8715559894487523
10.0,11.0,1.5584194121520973
4.0,4.0,0.640814304906801
18.0,18.0,1.5497851920685444
12.0,14.0,1.1175612012004508
10.0,11.0,0.5278537590112827
1.0,2.0,1.5319954669648874
0.0,1.0,1.4840625141232489
1.0,3.0,3.856001946670448
1.0,10.0,4.791852378551705
5.0,25.0,3.917216307474332
3.0,10.0,1.0301313585791128
7.0,39.0,1.7983316341251765
10.0,90.0,3.52420536294518
7.0,26.0,0.5754518540162495
2.0,12.0,0.2956951522253959
5.0,19.0,0.5258915547421665
1.0,2.0,1.5319954669648874
1.0,1.0,1.4840625141232489
0.0,3.0,3.856001946670448
3.0,10.0,4.791852378551705
5.0,25.0,3.917216307474332
1.0,10.0,1.0301313585791128
7.0,39.0,1.7983316341251765
21.0,90.0,3.52420536294518
3.0,26.0,0.5754518540162495
6.0,12.0,0.2956951522253959
2.0,19.0,0.5258915547421665
1.0,2.0,1.5319954669648874
1.0,1.0,1.4840625141232489
1.0,3.0,3.856001946670448
2.0,10.0,4.791852378551705
6.0,25.0,3.917216307474332
4.0,10.0,1.0301313585791128
9.0,39.0,1.7983316341251765
31.0,90.0,3.52420536294518
6.0,26.0,0.5754518540162495
4.0,12.0,0.2956951522253959
4.0,19.0,0.5258915547421665
1.0,2.0,1.5319954669648874
1.0,1.0,1.4840625141232489
3.0,3.0,3.856001946670448
3.0,10.0,4.791852378551705
9.0,25.0,3.917216307474332
2.0,10.0,1.0301313585791128
13.0,39.0,1.7983316341251765
40.0,90.0,3.52420536294518
10.0,26.0,0.5754518540162495
6.0,12.0,0.2956951522253959
13.0,19.0,0.5258915547421665
2.0,2.0,1.5319954669648874
1.0,1.0,1.4840625141232489
2.0,3.0,3.856001946670448
7.0,10.0,4.791852378551705
19.0,25.0,3.917216307474332
2.0,10.0,1.0301313585791128
21.0,39.0,1.7983316341251765
41.0,90.0,3.52420536294518
17.0,26.0,0.5754518540162495
2.0,12.0,0.2956951522253959
5.0,19.0,0.5258915547421665
1.0,2.0,1.5319954669648874
0.0,1.0,1.4840625141232489
3.0,3.0,3.856001946670448
7.0,10.0,4.791852378551705
18.0,25.0,3.917216307474332
6.0,10.0,1.0301313585791128
25.0,39.0,1.7983316341251765
57.0,90.0,3.52420536294518
12.0,26.0,0.5754518540162495
7.0,12.0,0.2956951522253959
12.0,19.0,0.5258915547421665
2.0,2.0,1.5319954669648874
1.0,1.0,1.4840625141232489
1.0,3.0,3.856001946670448
5.0,10.0,4.791852378551705
17.0,25.0,3.917216307474332
8.0,10.0,1.0301313585791128
27.0,39.0,1.7983316341251765
72.0,90.0,3.52420536294518
21.0,26.0,0.5754518540162495
7.0,12.0,0.2956951522253959
13.0,19.0,0.5258915547421665
2.0,2.0,1.5319954669648874
1.0,1.0,1.4840625141232489
3.0,3.0,3.856001946670448
7.0,10.0,4.791852378551705
19.0,25.0,3.917216307474332
8.0,10.0,1.0301313585791128
35.0,39.0,1.7983316341251765
70.0,90.0,3.52420536294518
22.0,26.0,0.5754518540162495
5.0,12.0,0.2956951522253959
17.0,19.0,0.5258915547421665
1.0,2.0,1.5319954669648874
1.0,1.0,1.4840625141232489
3.0,3.0,3.856001946670448
9.0,10.0,4.791852378551705
21.0,25.0,3.917216307474332
10.0,10.0,1.0301313585791128
34.0,39.0,1.7983316341251765
81.0,90.0,3.52420536294518
25.0,26.0,0.5754518540162495
12.0,12.0,0.2956951522253959
18.0,19.0,0.5258915547421665
2.0,4.0,6.292564637281515
0.0,12.0,9.017393510723466
1.0,5.0,2.9302870232057434
2.0,13.0,2.782194666413276
2.0,23.0,2.326814602297027
3.0,18.0,1.4106434787535127
1.0,14.0,1.3009208636774345
0.0,11.0,0.5252619357440087
0.0,5.0,0.20404276801840734
3.0,49.0,3.517146748821929
1.0,12.0,0.5593336719434122
1.0,4.0,6.292564637281515
1.0,12.0,9.017393510723466
3.0,5.0,2.9302870232057434
1.0,13.0,2.782194666413276
6.0,23.0,2.326814602297027
1.0,18.0,1.4106434787535127
4.0,14.0,1.3009208636774345
2.0,11.0,0.5252619357440087
1.0,5.0,0.20404276801840734
9.0,49.0,3.517146748821929
3.0,12.0,0.5593336719434122
1.0,4.0,6.292564637281515
1.0,12.0,9.017393510723466
2.0,5.0,2.9302870232057434
2.0,13.0,2.782194666413276
10.0,23.0,2.326814602297027
8.0,18.0,1.4106434787535127
3.0,14.0,1.3009208636774345
1.0,11.0,0.5252619357440087
2.0,5.0,0.20404276801840734
21.0,49.0,3.517146748821929
4.0,12.0,0.5593336719434122
2.0,4.0,6.292564637281515
6.0,12.0,9.017393510723466
2.0,5.0,2.9302870232057434
1.0,13.0,2.782194666413276
12.0,23.0,2.326814602297027
9.0,18.0,1.4106434787535127
7.0,14.0,1.3009208636774345
2.0,11.0,0.5252619357440087
2.0,5.0,0.20404276801840734
16.0,49.0,3.517146748821929
4.0,12.0,0.5593336719434122
2.0,4.0,6.292564637281515
7.0,12.0,9.017393510723466
2.0,5.0,2.9302870232057434
8.0,13.0,2.782194666413276
9.0,23.0,2.326814602297027
10.0,18.0,1.4106434787535127
8.0,14.0,1.3009208636774345
5.0,11.0,0.5252619357440087
2.0,5.0,0.20404276801840734
24.0,49.0,3.517146748821929
7.0,12.0,0.5593336719434122
3.0,4.0,6.292564637281515
9.0,12.0,9.017393510723466
5.0,5.0,2.9302870232057434
9.0,13.0,2.782194666413276
16.0,23.0,2.326814602297027
11.0,18.0,1.4106434787535127
10.0,14.0,1.3009208636774345
7.0,11.0,0.5252619357440087
1.0,5.0,0.20404276801840734
30.0,49.0,3.517146748821929
9.0,12.0,0.5593336719434122
4.0,4.0,6.292564637281515
8.0,12.0,9.017393510723466
4.0,5.0,2.9302870232057434
11.0,13.0,2.782194666413276
15.0,23.0,2.326814602297027
10.0,18.0,1.4106434787535127
8.0,14.0,1.3009208636774345
9.0,11.0,0.5252619357440087
4.0,5.0,0.20404276801840734
37.0,49.0,3.517146748821929
5.0,12.0,0.5593336719434122
4.0,4.0,6.292564637281515
12.0,12.0,9.017393510723466
3.0,5.0,2.9302870232057434
12.0,13.0,2.782194666413276
18.0,23.0,2.326814602297027
16.0,18.0,1.4106434787535127
10.0,14.0,1.3009208636774345
10.0,11.0,0.5252619357440087
5.0,5.0,0.20404276801840734
39.0,49.0,3.517146748821929
11.0,12.0,0.5593336719434122
4.0,4.0,6.292564637281515
11.0,12.0,9.017393510723466
3.0,5.0,2.9302870232057434
12.0,13.0,2.782194666413276
21.0,23.0,2.326814602297027
13.0,18.0,1.4106434787535127
14.0,14.0,1.3009208636774345
11.0,11.0,0.5252619357440087
5.0,5.0,0.20404276801840734
43.0,49.0,3.517146748821929
12.0,12.0,0.5593336719434122
1.0,3.0,7.9481669385182245
0.0,1.0,0.928377151028831
4.0,48.0,11.088728741668563
4.0,60.0,3.404779931091538
4.0,65.0,2.118821468001209
1.0,17.0,0.4255629098417145
6.0,77.0,1.8177142064711334
7.0,100.0,1.839139373334742
4.0,44.0,0.6590878366031087
5.0,90.0,1.2717175046640785
6.0,35.0,0.5522044918765934
1.0,3.0,7.9481669385182245
0.0,1.0,0.928377151028831
8.0,48.0,11.088728741668563
9.0,60.0,3.404779931091538
13.0,65.0,2.118821468001209
2.0,17.0,0.4255629098417145
21.0,77.0,1.8177142064711334
17.0,100.0,1.839139373334742
7.0,44.0,0.6590878366031087
18.0,90.0,1.2717175046640785
12.0,35.0,0.5522044918765934
1.0,3.0,7.9481669385182245
1.0,1.0,0.928377151028831
15.0,48.0,11.088728741668563
17.0,60.0,3.404779931091538
18.0,65.0,2.118821468001209
8.0,17.0,0.4255629098417145
28.0,77.0,1.8177142064711334
36.0,100.0,1.839139373334742
12.0,44.0,0.6590878366031087
31.0,90.0,1.2717175046640785
10.0,35.0,0.5522044918765934
2.0,3.0,7.9481669385182245
0.0,1.0,0.928377151028831
14.0,48.0,11.088728741668563
24.0,60.0,3.404779931091538
32.0,65.0,2.118821468001209
7.0,17.0,0.4255629098417145
23.0,77.0,1.8177142064711334
48.0,100.0,1.839139373334742
16.0,44.0,0.6590878366031087
32.0,90.0,1.2717175046640785
12.0,35.0,0.5522044918765934
1.0,3.0,7.9481669385182245
0.0,1.0,0.928377151028831
20.0,48.0,11.088728741668563
30.0,60.0,3.404779931091538
27.0,65.0,2.118821468001209
11.0,17.0,0.4255629098417145
42.0,77.0,1.8177142064711334
47.0,100.0,1.839139373334742
22.0,44.0,0.6590878366031087
46.0,90.0,1.2717175046640785
17.0,35.0,0.5522044918765934
2.0,3.0,7.9481669385182245
1.0,1.0,0.928377151028831
29.0,48.0,11.088728741668563
37.0,60.0,3.404779931091538
43.0,65.0,2.118821468001209
11.0,17.0,0.4255629098417145
41.0,77.0,1.8177142064711334
68.0,100.0,1.839139373334742
28.0,44.0,0.6590878366031087
59.0,90.0,1.2717175046640785
22.0,35.0,0.5522044918765934
3.0,3.0,7.9481669385182245
1.0,1.0,0.928377151028831
31.0,48.0,11.088728741668563
44.0,60.0,3.404779931091538
45.0,65.0,2.118821468001209
12.0,17.0,0.4255629098417145
54.0,77.0,1.8177142064711334
66.0,100.0,1.839139373334742
29.0,44.0,0.6590878366031087
61.0,90.0,1.2717175046640785
26.0,35.0,0.5522044918765934
3.0,3.0,7.9481669385182245
1.0,1.0,0.928377151028831
41.0,48.0,11.088728741668563
52.0,60.0,3.404779931091538
51.0,65.0,2.118821468001209
14.0,17.0,0.4255629098417145
56.0,77.0,1.8177142064711334
76.0,100.0,1.839139373334742
37.0,44.0,0.6590878366031087
77.0,90.0,1.2717175046640785
31.0,35.0,0.5522044918765934
2.0,3.0,7.9481669385182245
1.0,1.0,0.928377151028831
44.0,48.0,11.088728741668563
57.0,60.0,3.404779931091538
60.0,65.0,2.118821468001209
14.0,17.0,0.4255629098417145
71.0,77.0,1.8177142064711334
86.0,100.0,1.839139373334742
38.0,44.0,0.6590878366031087
79.0,90.0,1.2717175046640785
32.0,35.0,0.5522044918765934
1.0,4.0,3.884550978078916
1.0,2.0,1.9172600708716419
0.0,4.0,2.2941658946332923
3.0,26.0,5.6057914802319075
3.0,26.0,2.067325643099126
5.0,32.0,1.4390433883860854
1.0,12.0,0.7073670408577912
2.0,30.0,1.3304901637558209
4.0,28.0,1.7014449283481636
10.0,80.0,2.385351354669077
1.0,17.0,0.342865213990921
1.0,4.0,3.884550978078916
1.0,2.0,1.9172600708716419
1.0,4.0,2.2941658946332923
3.0,26.0,5.6057914802319075
2.0,26.0,2.067325643099126
2.0,32.0,1.4390433883860854
1.0,12.0,0.7073670408577912
5.0,30.0,1.3304901637558209
7.0,28.0,1.7014449283481636
16.0,80.0,2.385351354669077
4.0,17.0,0.342865213990921
2.0,4.0,3.884550978078916
1.0,2.0,1.9172600708716419
2.0,4.0,2.2941658946332923
9.0,26.0,5.6057914802319075
16.0,26.0,2.067325643099126
8.0,32.0,1.4390433883860854
6.0,12.0,0.7073670408577912
6.0,30.0,1.3304901637558209
7.0,28.0,1.7014449283481636
27.0,80.0,2.385351354669077
6.0,17.0,0.342865213990921
1.0,4.0,3.884550978078916
1.0,2.0,1.9172600708716419
1.0,4.0,2.2941658946332923
12.0,26.0,5.6057914802319075
11.0,26.0,2.067325643099126
10.0,32.0,1.4390433883860854
4.0,12.0,0.7073670408577912
14.0,30.0,1.3304901637558209
16.0,28.0,1.7014449283481636
36.0,80.0,2.385351354669077
7.0,17.0,0.342865213990921
2.0,4.0,3.884550978078916
0.0,2.0,1.9172600708716419
4.0,4.0,2.2941658946332923
12.0,26.0,5.6057914802319075
13.0,26.0,2.067325643099126
14.0,32.0,1.4390433883860854
10.0,12.0,0.7073670408577912
21.0,30.0,1.3304901637558209
16.0,28.0,1.7014449283481636
43.0,80.0,2.385351354669077
10.0,17.0,0.342865213990921
2.0,4.0,3.884550978078916
1.0,2.0,1.9172600708716419
2.0,4.0,2.2941658946332923
15.0,26.0,5.6057914802319075
19.0,26.0,2.067325643099126
20.0,32.0,1.4390433883860854
9.0,12.0,0.7073670408577912
15.0,30.0,1.3304901637558209
19.0,28.0,1.7014449283481636
44.0,80.0,2.385351354669077
8.0,17.0,0.342865213990921
4.0,4.0,3.884550978078916
1.0,2.0,1.9172600708716419
2.0,4.0,2.2941658946332923
21.0,26.0,5.6057914802319075
22.0,26.0,2.067325643099126
26.0,32.0,1.4390433883860854
8.0,12.0,0.7073670408577912
21.0,30.0,1.3304901637558209
15.0,28.0,1.7014449283481636
54.0,80.0,2.385351354669077
13.0,17.0,0.342865213990921
3.0,4.0,3.884550978078916
2.0,2.0,1.9172600708716419
4.0,4.0,2.2941658946332923
22.0,26.0,5.6057914802319075
19.0,26.0,2.067325643099126
24.0,32.0,1.4390433883860854
8.0,12.0,0.7073670408577912
17.0,30.0,1.3304901637558209
27.0,28.0,1.7014449283481636
62.0,80.0,2.385351354669077
12.0,17.0,0.342865213990921
4.0,4.0,3.884550978078916
2.0,2.0,1.9172600708716419
4.0,4.0,2.2941658946332923
23.0,26.0,5.6057914802319075
24.0,26.0,2.067325643099126
27.0,32.0,1.4390433883860854
8.0,12.0,0.7073670408577912
27.0,30.0,1.3304901637558209
20.0,28.0,1.7014449283481636
72.0,80.0,2.385351354669077
17.0,17.0,0.342865213990921
1.0,5.0,11.071254104078836
0.0,9.0,2.3235344459667373
2.0,7.0,1.0825037795526822
2.0,8.0,0.796357882896883
1.0,6.0,1.3766338883901805
2.0,24.0,3.2406434236572927
1.0,5.0,0.7964292832129367
0.0,19.0,2.0314232575419684
1.0,6.0,0.5176054568758749
1.0,20.0,1.6349148068950883
3.0,12.0,0.7286524637291112
1.0,5.0,11.071254104078836
0.0,9.0,2.3235344459667373
3.0,7.0,1.0825037795526822
3.0,8.0,0.796357882896883
0.0,6.0,1.3766338883901805
5.0,24.0,3.2406434236572927
1.0,5.0,0.7964292832129367
2.0,19.0,2.0314232575419684
1.0,6.0,0.5176054568758749
7.0,20.0,1.6349148068950883
3.0,12.0,0.7286524637291112
1.0,5.0,11.071254104078836
3.0,9.0,2.3235344459667373
3.0,7.0,1.0825037795526822
1.0,8.0,0.796357882896883
2.0,6.0,1.3766338883901805
9.0,24.0,3.2406434236572927
3.0,5.0,0.7964292832129367
4.0,19.0,2.0314232575419684
3.0,6.0,0.5176054568758749
4.0,20.0,1.6349148068950883
1.0,12.0,0.7286524637291112
3.0,5.0,11.071254104078836
4.0,9.0,2.3235344459667373
4.0,7.0,1.0825037795526822
3.0,8.0,0.796357882896883
3.0,6.0,1.3766338883901805
8.0,24.0,3.2406434236572927
1.0,5.0,0.7964292832129367
7.0,19.0,2.0314232575419684
4.0,6.0,0.5176054568758749
6.0,20.0,1.6349148068950883
3.0,12.0,0.7286524637291112
1.0,5.0,11.071254104078836
4.0,9.0,2.3235344459667373
6.0,7.0,1.0825037795526822
4.0,8.0,0.796357882896883
4.0,6.0,1.3766338883901805
13.0,24.0,3.2406434236572927
1.0,5.0,0.7964292832129367
7.0,19.0,2.0314232575419684
3.0,6.0,0.5176054568758749
12.0,20.0,1.6349148068950883
3.0,12.0,0.7286524637291112
2.0,5.0,11.071254104078836
6.0,9.0,2.3235344459667373
6.0,7.0,1.0825037795526822
5.0,8.0,0.796357882896883
3.0,6.0,1.3766338883901805
12.0,24.0,3.2406434236572927
2.0,5.0,0.7964292832129367
12.0,19.0,2.0314232575419684
4.0,6.0,0.5176054568758749
15.0,20.0,1.6349148068950883
6.0,12.0,0.7286524637291112
4.0,5.0,11.071254104078836
5.0,9.0,2.3235344459667373
2.0,7.0,1.0825037795526822
6.0,8.0,0.796357882896883
4.0,6.0,1.3766338883901805
20.0,24.0,3.2406434236572927
3.0,5.0,0.7964292832129367
13.0,19.0,2.0314232575419684
3.0,6.0,0.5176054568758749
13.0,20.0,1.6349148068950883
7.0,12.0,0.7286524637291112
5.0,5.0,11.071254104078836
6.0,9.0,2.3235344459667373
6.0,7.0,1.0825037795526822
5.0,8.0,0.796357882896883
6.0,6.0,1.3766338883901805
22.0,24.0,3.2406434236572927
5.0,5.0,0.7964292832129367
19.0,19.0,2.0314232575419684
4.0,6.0,0.5176054568758749
13.0,20.0,1.6349148068950883
10.0,12.0,0.7286524637291112
5.0,5.0,11.071254104078836
8.0,9.0,2.3235344459667373
5.0,7.0,1.0825037795526822
7.0,8.0,0.796357882896883
6.0,6.0,1.3766338883901805
22.0,24.0,3.2406434236572927
5.0,5.0,0.7964292832129367
17.0,19.0,2.0314232575419684
5.0,6.0,0.5176054568758749
18.0,20.0,1.6349148068950883
10.0,12.0,0.7286524637291112
1.0,2.0,2.41090507975851
0.0,4.0,2.951679640327238
5.0,48.0,11.811559192158825
2.0,8.0,0.4437731202743711
1.0,37.0,1.7684874479067583
3.0,34.0,1.7010935210015095
12.0,93.0,2.4096972370246306
4.0,34.0,0.4246764985360094
4.0,64.0,1.4183224883994048
5.0,67.0,1.4042140552082287
0.0,12.0,0.2885520991411189
1.0,2.0,2.41090507975851
0.0,4.0,2.951679640327238
8.0,48.0,11.811559192158825
3.0,8.0,0.4437731202743711
7.0,37.0,1.7684874479067583
7.0,34.0,1.7010935210015095
21.0,93.0,2.4096972370246306
8.0,34.0,0.4246764985360094
8.0,64.0,1.4183224883994048
11.0,67.0,1.4042140552082287
3.0,12.0,0.2885520991411189
1.0,2.0,2.41090507975851
3.0,4.0,2.951679640327238
13.0,48.0,11.811559192158825
5.0,8.0,0.4437731202743711
12.0,37.0,1.7684874479067583
14.0,34.0,1.7010935210015095
23.0,93.0,2.4096972370246306
7.0,34.0,0.4246764985360094
18.0,64.0,1.4183224883994048
21.0,67.0,1.4042140552082287
4.0,12.0,0.2885520991411189
1.0,2.0,2.41090507975851
0.0,4.0,2.951679640327238
21.0,48.0,11.811559192158825
3.0,8.0,0.4437731202743711
19.0,37.0,1.7684874479067583
19.0,34.0,1.7010935210015095
34.0,93.0,2.4096972370246306
10.0,34.0,0.4246764985360094
28.0,64.0,1.4183224883994048
32.0,67.0,1.4042140552082287
7.0,12.0,0.2885520991411189
1.0,2.0,2.41090507975851
2.0,4.0,2.951679640327238
23.0,48.0,11.811559192158825
4.0,8.0,0.4437731202743711
16.0,37.0,1.7684874479067583
16.0,34.0,1.7010935210015095
55.0,93.0,2.4096972370246306
15.0,34.0,0.4246764985360094
32.0,64.0,1.4183224883994048
35.0,67.0,1.4042140552082287
9.0,12.0,0.2885520991411189
1.0,2.0,2.41090507975851
3.0,4.0,2.951679640327238
31.0,48.0,11.811559192158825
6.0,8.0,0.4437731202743711
20.0,37.0,1.7684874479067583
21.0,34.0,1.7010935210015095
55.0,93.0,2.4096972370246306
21.0,34.0,0.4246764985360094
42.0,64.0,1.4183224883994048
41.0,67.0,1.4042140552082287
7.0,12.0,0.2885520991411189
1.0,2.0,2.41090507975851
4.0,4.0,2.951679640327238
33.0,48.0,11.811559192158825
7.0,8.0,0.4437731202743711
30.0,37.0,1.7684874479067583
25.0,34.0,1.7010935210015095
64.0,93.0,2.4096972370246306
24.0,34.0,0.4246764985360094
48.0,64.0,1.4183224883994048
48.0,67.0,1.4042140552082287
10.0,12.0,0.2885520991411189
2.0,2.0,2.41090507975851
4.0,4.0,2.951679640327238
38.0,48.0,11.811559192158825
6.0,8.0,0.4437731202743711
34.0,37.0,1.7684874479067583
27.0,34.0,1.7010935210015095
66.0,93.0,2.4096972370246306
24.0,34.0,0.4246764985360094
50.0,64.0,1.4183224883994048
51.0,67.0,1.4042140552082287
10.0,12.0,0.2885520991411189
1.0,2.0,2.41090507975851
3.0,4.0,2.951679640327238
45.0,48.0,11.811559192158825
8.0,8.0,0.4437731202743711
30.0,37.0,1.7684874479067583
31.0,34.0,1.7010935210015095
84.0,93.0,2.4096972370246306
31.0,34.0,0.4246764985360094
54.0,64.0,1.4183224883994048
63.0,67.0,1.4042140552082287
11.0,12.0,0.2885520991411189
1.0,2.0,2.085832232391068
0.0,3.0,6.670931507280576
2.0,6.0,7.307459217807481
0.0,5.0,1.6918081685748971
0.0,8.0,1.4601001403547733
4.0,29.0,3.1884983685716906
2.0,14.0,0.9800228252613629
6.0,36.0,2.295667805724647
0.0,6.0,0.3454307767098799
6.0,59.0,2.4712118765110476
3.0,11.0,0.2663898164299986
1.0,2.0,2.085832232391068
1.0,3.0,6.670931507280576
1.0,6.0,7.307459217807481
3.0,5.0,1.6918081685748971
1.0,8.0,1.4601001403547733
4.0,29.0,3.1884983685716906
1.0,14.0,0.9800228252613629
3.0,36.0,2.295667805724647
3.0,6.0,0.3454307767098799
11.0,59.0,2.4712118765110476
5.0,11.0,0.2663898164299986
1.0,2.0,2.085832232391068
2.0,3.0,6.670931507280576
2.0,6.0,7.307459217807481
1.0,5.0,1.6918081685748971
3.0,8.0,1.4601001403547733
5.0,29.0,3.1884983685716906
6.0,14.0,0.9800228252613629
9.0,36.0,2.295667805724647
2.0,6.0,0.3454307767098799
14.0,59.0,2.4712118765110476
2.0,11.0,0.2663898164299986
1.0,2.0,2.085832232391068
1.0,3.0,6.670931507280576
2.0,6.0,7.307459217807481
2.0,5.0,1.6918081685748971
1.0,8.0,1.4601001403547733
12.0,29.0,3.1884983685716906
8.0,14.0,0.9800228252613629
14.0,36.0,2.295667805724647
3.0,6.0,0.3454307767098799
20.0,59.0,2.4712118765110476
4.0,11.0,0.2663898164299986
1.0,2.0,2.085832232391068
1.0,3.0,6.670931507280576
3.0,6.0,7.307459217807481
3.0,5.0,1.6918081685748971
4.0,8.0,1.4601001403547733
14.0,29.0,3.1884983685716906
10.0,14.0,0.9800228252613629
18.0,36.0,2.295667805724647
5.0,6.0,0.3454307767098799
30.0,59.0,2.4712118765110476
6.0,11.0,0.2663898164299986
2.0,2.0,2.085832232391068
3.0,3.0,6.670931507280576
5.0,6.0,7.307459217807481
2.0,5.0,1.6918081685748971
7.0,8.0,1.4601001403547733
16.0,29.0,3.1884983685716906
11.0,14.0,0.9800228252613629
20.0,36.0,2.295667805724647
3.0,6.0,0.3454307767098799
35.0,59.0,2.4712118765110476
8.0,11.0,0.2663898164299986
2.0,2.0,2.085832232391068
1.0,3.0,6.670931507280576
3.0,6.0,7.307459217807481
5.0,5.0,1.6918081685748971
5.0,8.0,1.4601001403547733
21.0,29.0,3.1884983685716906
8.0,14.0,0.9800228252613629
22.0,36.0,2.295667805724647
5.0,6.0,0.3454307767098799
46.0,59.0,2.4712118765110476
9.0,11.0,0.2663898164299986
2.0,2.0,2.085832232391068
3.0,3.0,6.670931507280576
6.0,6.0,7.307459217807481
5.0,5.0,1.6918081685748971
8.0,8.0,1.4601001403547733
27.0,29.0,3.1884983685716906
12.0,14.0,0.9800228252613629
25.0,36.0,2.295667805724647
5.0,6.0,0.3454307767098799
52.0,59.0,2.4712118765110476
9.0,11.0,0.2663898164299986
2.0,2.0,2.085832232391068
3.0,3.0,6.670931507280576
6.0,6.0,7.307459217807481
4.0,5.0,1.6918081685748971
7.0,8.0,1.4601001403547733
28.0,29.0,3.1884983685716906
12.0,14.0,0.9800228252613629
34.0,36.0,2.295667805724647
6.0,6.0,0.3454307767098799
53.0,59.0,2.4712118765110476
11.0,11.0,0.2663898164299986
1.0,4.0,3.80129796438709
0.0,7.0,5.0193834524605325
1.0,4.0,1.1722486478563006
0.0,4.0,1.844412133952983
2.0,16.0,3.283369714397413
3.0,26.0,3.1025001383005026
3.0,20.0,1.0061513353111091
7.0,71.0,3.0227804400320935
9.0,88.0,2.4419844304882963
4.0,73.0,1.2696816079500493
2.0,43.0,0.6956890510579241
1.0,4.0,3.80129796438709
2.0,7.0,5.0193834524605325
2.0,4.0,1.1722486478563006
0.0,4.0,1.844412133952983
5.0,16.0,3.283369714397413
5.0,26.0,3.1025001383005026
2.0,20.0,1.0061513353111091
18.0,71.0,3.0227804400320935
22.0,88.0,2.4419844304882963
15.0,73.0,1.2696816079500493
12.0,43.0,0.6956890510579241
1.0,4.0,3.80129796438709
2.0,7.0,5.0193834524605325
1.0,4.0,1.1722486478563006
1.0,4.0,1.844412133952983
4.0,16.0,3.283369714397413
11.0,26.0,3.1025001383005026
5.0,20.0,1.0061513353111091
22.0,71.0,3.0227804400320935
27.0,88.0,2.4419844304882963
18.0,73.0,1.2696816079500493
10.0,43.0,0.6956890510579241
2.0,4.0,3.80129796438709
3.0,7.0,5.0193834524605325
1.0,4.0,1.1722486478563006
1.0,4.0,1.844412133952983
6.0,16.0,3.283369714397413
10.0,26.0,3.1025001383005026
5.0,20.0,1.0061513353111091
36.0,71.0,3.0227804400320935
42.0,88.0,2.4419844304882963
29.0,73.0,1.2696816079500493
11.0,43.0,0.6956890510579241
3.0,4.0,3.80129796438709
3.0,7.0,5.0193834524605325
2.0,4.0,1.1722486478563006
2.0,4.0,1.844412133952983
11.0,16.0,3.283369714397413
13.0,26.0,3.1025001383005026
11.0,20.0,1.0061513353111091
28.0,71.0,3.0227804400320935
41.0,88.0,2.4419844304882963
36.0,73.0,1.2696816079500493
22.0,43.0,0.6956890510579241
2.0,4.0,3.80129796438709
2.0,7.0,5.0193834524605325
1.0,4.0,1.1722486478563006
3.0,4.0,1.844412133952983
8.0,16.0,3.283369714397413
14.0,26.0,3.1025001383005026
15.0,20.0,1.0061513353111091
46.0,71.0,3.0227804400320935
48.0,88.0,2.4419844304882963
45.0,73.0,1.2696816079500493
33.0,43.0,0.6956890510579241
3.0,4.0,3.80129796438709
4.0,7.0,5.0193834524605325
4.0,4.0,1.1722486478563006
4.0,4.0,1.844412133952983
15.0,16.0,3.283369714397413
22.0,26.0,3.1025001383005026
14.0,20.0,1.0061513353111091
50.0,71.0,3.0227804400320935
59.0,88.0,2.4419844304882963
55.0,73.0,1.2696816079500493
30.0,43.0,0.6956890510579241
2.0,4.0,3.80129796438709
7.0,7.0,5.0193834524605325
3.0,4.0,1.1722486478563006
2.0,4.0,1.844412133952983
14.0,16.0,3.283369714397413
21.0,26.0,3.1025001383005026
17.0,20.0,1.0061513353111091
56.0,71.0,3.0227804400320935
75.0,88.0,2.4419844304882963
65.0,73.0,1.2696816079500493
28.0,43.0,0.6956890510579241
4.0,4.0,3.80129796438709
6.0,7.0,5.0193834524605325
2.0,4.0,1.1722486478563006
4.0,4.0,1.844412133952983
14.0,16.0,3.283369714397413
23.0,26.0,3.1025001383005026
19.0,20.0,1.0061513353111091
67.0,71.0,3.0227804400320935
79.0,88.0,2.4419844304882963
68.0,73.0,1.2696816079500493
37.0,43.0,0.6956890510579241
1.0,6.0,12.509849162924972
1.0,4.0,1.7087246462764163
1.0,11.0,3.525480309985105
0.0,7.0,1.5276953035465808
0.0,6.0,0.7534603800419032
1.0,20.0,2.4147444749127946
7.0,78.0,5.052486562438991
9.0,57.0,1.99822732260598
6.0,110.0,2.30202925170693
6.0,95.0,1.327004758722425
1.0,14.0,0.11106894218530419
1.0,6.0,12.509849162924972
0.0,4.0,1.7087246462764163
3.0,11.0,3.525480309985105
1.0,7.0,1.5276953035465808
2.0,6.0,0.7534603800419032
5.0,20.0,2.4147444749127946
20.0,78.0,5.052486562438991
10.0,57.0,1.99822732260598
27.0,110.0,2.30202925170693
22.0,95.0,1.327004758722425
1.0,14.0,0.11106894218530419
4.0,6.0,12.509849162924972
0.0,4.0,1.7087246462764163
5.0,11.0,3.525480309985105
3.0,7.0,1.5276953035465808
3.0,6.0,0.7534603800419032
6.0,20.0,2.4147444749127946
20.0,78.0,5.052486562438991
16.0,57.0,1.99822732260598
30.0,110.0,2.30202925170693
28.0,95.0,1.327004758722425
5.0,14.0,0.11106894218530419
3.0,6.0,12.509849162924972
1.0,4.0,1.7087246462764163
2.0,11.0,3.525480309985105
2.0,7.0,1.5276953035465808
4.0,6.0,0.7534603800419032
8.0,20.0,2.4147444749127946
32.0,78.0,5.052486562438991
17.0,57.0,1.99822732260598
45.0,110.0,2.30202925170693
33.0,95.0,1.327004758722425
8.0,14.0,0.11106894218530419
3.0,6.0,12.509849162924972
2.0,4.0,1.7087246462764163
6.0,11.0,3.525480309985105
4.0,7.0,1.5276953035465808
4.0,6.0,0.7534603800419032
11.0,20.0,2.4147444749127946
38.0,78.0,5.052486562438991
29.0,57.0,1.99822732260598
53.0,110.0,2.30202925170693
45.0,95.0,1.327004758722425
8.0,14.0,0.11106894218530419
2.0,6.0,12.509849162924972
4.0,4.0,1.7087246462764163
8.0,11.0,3.525480309985105
5.0,7.0,1.5276953035465808
4.0,6.0,0.7534603800419032
14.0,20.0,2.4147444749127946
46.0,78.0,5.052486562438991
40.0,57.0,1.99822732260598
77.0,110.0,2.30202925170693
55.0,95.0,1.327004758722425
8.0,14.0,0.11106894218530419
5.0,6.0,12.509849162924972
2.0,4.0,1.7087246462764163
6.0,11.0,3.525480309985105
5.0,7.0,1.5276953035465808
3.0,6.0,0.7534603800419032
11.0,20.0,2.4147444749127946
51.0,78.0,5.052486562438991
41.0,57.0,1.99822732260598
78.0,110.0,2.30202925170693
64.0,95.0,1.327004758722425
12.0,14.0,0.11106894218530419
6.0,6.0,12.509849162924972
3.0,4.0,1.7087246462764163
11.0,11.0,3.525480309985105
7.0,7.0,1.5276953035465808
6.0,6.0,0.7534603800419032
14.0,20.0,2.4147444749127946
63.0,78.0,5.052486562438991
47.0,57.0,1.99822732260598
90.0,110.0,2.30202925170693
72.0,95.0,1.327004758722425
12.0,14.0,0.11106894218530419
5.0,6.0,12.509849162924972
2.0,4.0,1.7087246462764163
11.0,11.0,3.525480309985105
5.0,7.0,1.5276953035465808
6.0,6.0,0.7534603800419032
17.0,20.0,2.4147444749127946
72.0,78.0,5.052486562438991
54.0,57.0,1.99822732260598
93.0,110.0,2.30202925170693
87.0,95.0,1.327004758722425
13.0,14.0,0.11106894218530419
1.0,7.0,4.831566033963282
0.0,5.0,1.5591383160671461
1.0,18.0,4.624809247800212
1.0,27.0,2.935807668641569
1.0,14.0,1.1391973564925066
1.0,15.0,0.7818252507026903
0.0,11.0,0.5810209068328269
5.0,34.0,1.831101307427992
6.0,61.0,3.244017275537031
1.0,10.0,0.3276051120454906
3.0,18.0,0.6730287945486151
1.0,7.0,4.831566033963282
2.0,5.0,1.5591383160671461
2.0,18.0,4.624809247800212
4.0,27.0,2.935807668641569
2.0,14.0,1.1391973564925066
4.0,15.0,0.7818252507026903
2.0,11.0,0.5810209068328269
6.0,34.0,1.831101307427992
23.0,61.0,3.244017275537031
2.0,10.0,0.3276051120454906
6.0,18.0,0.6730287945486151
2.0,7.0,4.831566033963282
1.0,5.0,1.5591383160671461
6.0,18.0,4.624809247800212
12.0,27.0,2.935807668641569
7.0,14.0,1.1391973564925066
7.0,15.0,0.7818252507026903
4.0,11.0,0.5810209068328269
10.0,34.0,1.831101307427992
20.0,61.0,3.244017275537031
3.0,10.0,0.3276051120454906
1.0,18.0,0.6730287945486151
2.0,7.0,4.831566033963282
2.0,5.0,1.5591383160671461
6.0,18.0,4.624809247800212
12.0,27.0,2.935807668641569
7.0,14.0,1.1391973564925066
6.0,15.0,0.7818252507026903
6.0,11.0,0.5810209068328269
14.0,34.0,1.831101307427992
13.0,61.0,3.244017275537031
5.0,10.0,0.3276051120454906
9.0,18.0,0.6730287945486151
3.0,7.0,4.831566033963282
1.0,5.0,1.5591383160671461
7.0,18.0,4.624809247800212
7.0,27.0,2.935807668641569
9.0,14.0,1.1391973564925066
6.0,15.0,0.7818252507026903
5.0,11.0,0.5810209068328269
17.0,34.0,1.831101307427992
24.0,61.0,3.244017275537031
5.0,10.0,0.3276051120454906
10.0,18.0,0.6730287945486151
4.0,7.0,4.831566033963282
2.0,5.0,1.5591383160671461
13.0,18.0,4.624809247800212
18.0,27.0,2.935807668641569
10.0,14.0,1.1391973564925066
10.0,15.0,0.7818252507026903
3.0,11.0,0.5810209068328269
19.0,34.0,1.831101307427992
33.0,61.0,3.244017275537031
6.0,10.0,0.3276051120454906
6.0,18.0,0.6730287945486151
6.0,7.0,4.831566033963282
3.0,5.0,1.5591383160671461
15.0,18.0,4.624809247800212
22.0,27.0,2.935807668641569
9.0,14.0,1.1391973564925066
8.0,15.0,0.7818252507026903
7.0,11.0,0.5810209068328269
18.0,34.0,1.831101307427992
38.0,61.0,3.244017275537031
7.0,10.0,0.3276051120454906
12.0,18.0,0.6730287945486151
6.0,7.0,4.831566033963282
3.0,5.0,1.5591383160671461
16.0,18.0,4.624809247800212
18.0,27.0,2.935807668641569
11.0,14.0,1.1391973564925066
13.0,15.0,0.7818252507026903
7.0,11.0,0.5810209068328269
27.0,34.0,1.831101307427992
47.0,61.0,3.244017275537031
6.0,10.0,0.3276051120454906
12.0,18.0,0.6730287945486151
7.0,7.0,4.831566033963282
5.0,5.0,1.5591383160671461
18.0,18.0,4.624809247800212
22.0,27.0,2.935807668641569
12.0,14.0,1.1391973564925066
11.0,15.0,0.7818252507026903
11.0,11.0,0.5810209068328269
32.0,34.0,1.831101307427992
55.0,61.0,3.244017275537031
7.0,10.0,0.3276051120454906
17.0,18.0,0.6730287945486151
3.0,6.0,3.595799604011753
1.0,7.0,4.826243854630733
0.0,16.0,2.9193728716040237
6.0,46.0,3.9178159198569045
1.0,9.0,0.37360480467777835
7.0,56.0,2.0909784792269432
2.0,17.0,0.405820550448946
7.0,72.0,1.9929535777214997
7.0,73.0,1.7307701672998381
14.0,107.0,1.4961977502122747
1.0,31.0,0.3875176917429039
1.0,6.0,3.595799604011753
1.0,7.0,4.826243854630733
2.0,16.0,2.9193728716040237
13.0,46.0,3.9178159198569045
2.0,9.0,0.37360480467777835
9.0,56.0,2.0909784792269432
6.0,17.0,0.405820550448946
19.0,72.0,1.9929535777214997
13.0,73.0,1.7307701672998381
26.0,107.0,1.4961977502122747
5.0,31.0,0.3875176917429039
2.0,6.0,3.595799604011753
3.0,7.0,4.826243854630733
2.0,16.0,2.9193728716040237
19.0,46.0,3.9178159198569045
6.0,9.0,0.37360480467777835
18.0,56.0,2.0909784792269432
5.0,17.0,0.405820550448946
19.0,72.0,1.9929535777214997
26.0,73.0,1.7307701672998381
31.0,107.0,1.4961977502122747
3.0,31.0,0.3875176917429039
2.0,6.0,3.595799604011753
4.0,7.0,4.826243854630733
4.0,16.0,2.9193728716040237
17.0,46.0,3.9178159198569045
3.0,9.0,0.37360480467777835
22.0,56.0,2.0909784792269432
8.0,17.0,0.405820550448946
32.0,72.0,1.9929535777214997
33.0,73.0,1.7307701672998381
41.0,107.0,1.4961977502122747
10.0,31.0,0.3875176917429039
2.0,6.0,3.595799604011753
4.0,7.0,4.826243854630733
7.0,16.0,2.9193728716040237
21.0,46.0,3.9178159198569045
3.0,9.0,0.37360480467777835
23.0,56.0,2.0909784792269432
8.0,17.0,0.405820550448946
37.0,72.0,1.9929535777214997
43.0,73.0,1.7307701672998381
46.0,107.0,1.4961977502122747
20.0,31.0,0.3875176917429039
4.0,6.0,3.595799604011753
5.0,7.0,4.826243854630733
9.0,16.0,2.9193728716040237
31.0,46.0,3.9178159198569045
7.0,9.0,0.37360480467777835
34.0,56.0,2.0909784792269432
9.0,17.0,0.405820550448946
50.0,72.0,1.9929535777214997
43.0,73.0,1.7307701672998381
72.0,107.0,1.4961977502122747
17.0,31.0,0.3875176917429039
5.0,6.0,3.595799604011753
5.0,7.0,4.826243854630733
9.0,16.0,2.9193728716040237
36.0,46.0,3.9178159198569045
5.0,9.0,0.37360480467777835
46.0,56.0,2.0909784792269432
14.0,17.0,0.405820550448946
41.0,72.0,1.9929535777214997
48.0,73.0,1.7307701672998381
75.0,107.0,1.4961977502122747
23.0,31.0,0.3875176917429039
4.0,6.0,3.595799604011753
4.0,7.0,4.826243854630733
15.0,16.0,2.9193728716040237
38.0,46.0,3.9178159198569045
7.0,9.0,0.37360480467777835
45.0,56.0,2.0909784792269432
15.0,17.0,0.405820550448946
63.0,72.0,1.9929535777214997
63.0,73.0,1.7307701672998381
82.0,107.0,1.4961977502122747
25.0,31.0,0.3875176917429039
6.0,6.0,3.595799604011753
7.0,7.0,4.826243854630733
15.0,16.0,2.9193728716040237
38.0,46.0,3.9178159198569045
8.0,9.0,0.37360480467777835
50.0,56.0,2.0909784792269432
17.0,17.0,0.405820550448946
59.0,72.0,1.9929535777214997
67.0,73.0,1.7307701672998381
95.0,107.0,1.4961977502122747
28.0,31.0,0.3875176917429039
1.0,2.0,4.558744242792421
0.0,2.0,3.1928810039722264
3.0,7.0,4.881621552877589
1.0,9.0,2.1976328099744706
1.0,5.0,1.0116548896217112
4.0,21.0,3.157354406543919
7.0,40.0,3.0659781524582894
1.0,14.0,1.098364253128009
3.0,52.0,2.385677932604
1.0,14.0,0.5967656977986289
6.0,25.0,1.0291816614156273
1.0,2.0,4.558744242792421
0.0,2.0,3.1928810039722264
3.0,7.0,4.881621552877589
3.0,9.0,2.1976328099744706
0.0,5.0,1.0116548896217112
6.0,21.0,3.157354406543919
7.0,40.0,3.0659781524582894
4.0,14.0,1.098364253128009
6.0,52.0,2.385677932604
5.0,14.0,0.5967656977986289
7.0,25.0,1.0291816614156273
1.0,2.0,4.558744242792421
1.0,2.0,3.1928810039722264
0.0,7.0,4.881621552877589
2.0,9.0,2.1976328099744706
1.0,5.0,1.0116548896217112
9.0,21.0,3.157354406543919
12.0,40.0,3.0659781524582894
3.0,14.0,1.098364253128009
15.0,52.0,2.385677932604
2.0,14.0,0.5967656977986289
4.0,25.0,1.0291816614156273
1.0,2.0,4.558744242792421
2.0,2.0,3.1928810039722264
2.0,7.0,4.881621552877589
4.0,9.0,2.1976328099744706
1.0,5.0,1.0116548896217112
7.0,21.0,3.157354406543919
17.0,40.0,3.0659781524582894
7.0,14.0,1.098364253128009
23.0,52.0,2.385677932604
5.0,14.0,0.5967656977986289
12.0,25.0,1.0291816614156273
1.0,2.0,4.558744242792421
1.0,2.0,3.1928810039722264
4.0,7.0,4.881621552877589
5.0,9.0,2.1976328099744706
3.0,5.0,1.0116548896217112
13.0,21.0,3.157354406543919
14.0,40.0,3.0659781524582894
6.0,14.0,1.098364253128009
28.0,52.0,2.385677932604
8.0,14.0,0.5967656977986289
14.0,25.0,1.0291816614156273
1.0,2.0,4.558744242792421
2.0,2.0,3.1928810039722264
5.0,7.0,4.881621552877589
6.0,9.0,2.1976328099744706
3.0,5.0,1.0116548896217112
13.0,21.0,3.157354406543919
23.0,40.0,3.0659781524582894
9.0,14.0,1.098364253128009
35.0,52.0,2.385677932604
8.0,14.0,0.5967656977986289
13.0,25.0,1.0291816614156273
1.0,2.0,4.558744242792421
1.0,2.0,3.1928810039722264
3.0,7.0,4.881621552877589
6.0,9.0,2.1976328099744706
1.0,5.0,1.0116548896217112
13.0,21.0,3.157354406543919
31.0,40.0,3.0659781524582894
8.0,14.0,1.098364253128009
33.0,52.0,2.385677932604
10.0,14.0,0.5967656977986289
18.0,25.0,1.0291816614156273
1.0,2.0,4.558744242792421
1.0,2.0,3.1928810039722264
5.0,7.0,4.881621552877589
6.0,9.0,2.1976328099744706
4.0,5.0,1.0116548896217112
20.0,21.0,3.157354406543919
30.0,40.0,3.0659781524582894
10.0,14.0,1.098364253128009
41.0,52.0,2.385677932604
13.0,14.0,0.5967656977986289
20.0,25.0,1.0291816614156273
2.0,2.0,4.558744242792421
2.0,2.0,3.1928810039722264
7.0,7.0,4.881621552877589
9.0,9.0,2.1976328099744706
4.0,5.0,1.0116548896217112
19.0,21.0,3.157354406543919
36.0,40.0,3.0659781524582894
14.0,14.0,1.098364253128009
42.0,52.0,2.385677932604
14.0,14.0,0.5967656977986289
25.0,25.0,1.0291816614156273
1.0,9.0,9.409400159006006
2.0,9.0,1.8997571441264451
1.0,11.0,2.3486954514183727
2.0,20.0,2.366879403129478
0.0,5.0,0.8579361554781999
1.0,11.0,1.2275889412809986
8.0,68.0,4.625941991005979
0.0,16.0,0.6720187337689026
5.0,50.0,1.5962684219768313
4.0,52.0,1.334738722698419
1.0,10.0,0.2675160400337433
1.0,9.0,9.409400159006006
2.0,9.0,1.8997571441264451
1.0,11.0,2.3486954514183727
4.0,20.0,2.366879403129478
1.0,5.0,0.8579361554781999
2.0,11.0,1.2275889412809986
10.0,68.0,4.625941991005979
3.0,16.0,0.6720187337689026
9.0,50.0,1.5962684219768313
10.0,52.0,1.334738722698419
0.0,10.0,0.2675160400337433
6.0,9.0,9.409400159006006
2.0,9.0,1.8997571441264451
6.0,11.0,2.3486954514183727
4.0,20.0,2.366879403129478
1.0,5.0,0.8579361554781999
3.0,11.0,1.2275889412809986
21.0,68.0,4.625941991005979
2.0,16.0,0.6720187337689026
15.0,50.0,1.5962684219768313
12.0,52.0,1.334738722698419
5.0,10.0,0.2675160400337433
2.0,9.0,9.409400159006006
4.0,9.0,1.8997571441264451
8.0,11.0,2.3486954514183727
6.0,20.0,2.366879403129478
4.0,5.0,0.8579361554781999
5.0,11.0,1.2275889412809986
32.0,68.0,4.625941991005979
7.0,16.0,0.6720187337689026
18.0,50.0,1.5962684219768313
28.0,52.0,1.334738722698419
1.0,10.0,0.2675160400337433
5.0,9.0,9.409400159006006
5.0,9.0,1.8997571441264451
3.0,11.0,2.3486954514183727
9.0,20.0,2.366879403129478
5.0,5.0,0.8579361554781999
4.0,11.0,1.2275889412809986
30.0,68.0,4.625941991005979
7.0,16.0,0.6720187337689026
17.0,50.0,1.5962684219768313
28.0,52.0,1.334738722698419
5.0,10.0,0.2675160400337433
5.0,9.0,9.409400159006006
7.0,9.0,1.8997571441264451
4.0,11.0,2.3486954514183727
14.0,20.0,2.366879403129478
4.0,5.0,0.8579361554781999
7.0,11.0,1.2275889412809986
45.0,68.0,4.625941991005979
9.0,16.0,0.6720187337689026
28.0,50.0,1.5962684219768313
31.0,52.0,1.334738722698419
6.0,10.0,0.2675160400337433
4.0,9.0,9.409400159006006
6.0,9.0,1.8997571441264451
5.0,11.0,2.3486954514183727
10.0,20.0,2.366879403129478
5.0,5.0,0.8579361554781999
8.0,11.0,1.2275889412809986
45.0,68.0,4.625941991005979
11.0,16.0,0.6720187337689026
38.0,50.0,1.5962684219768313
41.0,52.0,1.334738722698419
8.0,10.0,0.2675160400337433
7.0,9.0,9.409400159006006
6.0,9.0,1.8997571441264451
7.0,11.0,2.3486954514183727
18.0,20.0,2.366879403129478
5.0,5.0,0.8579361554781999
8.0,11.0,1.2275889412809986
51.0,68.0,4.625941991005979
14.0,16.0,0.6720187337689026
39.0,50.0,1.5962684219768313
46.0,52.0,1.334738722698419
9.0,10.0,0.2675160400337433
8.0,9.0,9.409400159006006
6.0,9.0,1.8997571441264451
11.0,11.0,2.3486954514183727
14.0,20.0,2.366879403129478
4.0,5.0,0.8579361554781999
9.0,11.0,1.2275889412809986
62.0,68.0,4.625941991005979
14.0,16.0,0.6720187337689026
42.0,50.0,1.5962684219768313
46.0,52.0,1.334738722698419
8.0,10.0,0.2675160400337433
1.0,5.0,9.749978386021501
0.0,5.0,3.4191779041245565
0.0,16.0,3.636348979100602
5.0,29.0,3.1976389113679984
1.0,9.0,0.8359562323268686
6.0,36.0,2.1186997335715207
1.0,39.0,1.544774970180882
4.0,43.0,1.4697679811040278
3.0,24.0,0.7724657375794232
4.0,88.0,2.725903529415098
4.0,24.0,0.5432410739432394
1.0,5.0,9.749978386021501
1.0,5.0,3.4191779041245565
2.0,16.0,3.636348979100602
8.0,29.0,3.1976389113679984
3.0,9.0,0.8359562323268686
7.0,36.0,2.1186997335715207
7.0,39.0,1.544774970180882
5.0,43.0,1.4697679811040278
3.0,24.0,0.7724657375794232
15.0,88.0,2.725903529415098
1.0,24.0,0.5432410739432394
1.0,5.0,9.749978386021501
1.0,5.0,3.4191779041245565
0.0,16.0,3.636348979100602
9.0,29.0,3.1976389113679984
3.0,9.0,0.8359562323268686
10.0,36.0,2.1186997335715207
9.0,39.0,1.544774970180882
17.0,43.0,1.4697679811040278
7.0,24.0,0.7724657375794232
25.0,88.0,2.725903529415098
8.0,24.0,0.5432410739432394
3.0,5.0,9.749978386021501
2.0,5.0,3.4191779041245565
5.0,16.0,3.636348979100602
12.0,29.0,3.1976389113679984
4.0,9.0,0.8359562323268686
19.0,36.0,2.1186997335715207
11.0,39.0,1.544774970180882
14.0,43.0,1.4697679811040278
11.0,24.0,0.7724657375794232
38.0,88.0,2.725903529415098
11.0,24.0,0.5432410739432394
3.0,5.0,9.749978386021501
3.0,5.0,3.4191779041245565
8.0,16.0,3.636348979100602
17.0,29.0,3.1976389113679984
8.0,9.0,0.8359562323268686
17.0,36.0,2.1186997335715207
20.0,39.0,1.544774970180882
22.0,43.0,1.4697679811040278
11.0,24.0,0.7724657375794232
52.0,88.0,2.725903529415098
12.0,24.0,0.5432410739432394
1.0,5.0,9.749978386021501
5.0,5.0,3.4191779041245565
8.0,16.0,3.636348979100602
17.0,29.0,3.1976389113679984
6.0,9.0,0.8359562323268686
20.0,36.0,2.1186997335715207
24.0,39.0,1.544774970180882
29.0,43.0,1.4697679811040278
17.0,24.0,0.7724657375794232
56.0,88.0,2.725903529415098
18.0,24.0,0.5432410739432394
2.0,5.0,9.749978386021501
5.0,5.0,3.4191779041245565
11.0,16.0,3.636348979100602
23.0,29.0,3.1976389113679984
7.0,9.0,0.8359562323268686
25.0,36.0,2.1186997335715207
24.0,39.0,1.544774970180882
33.0,43.0,1.4697679811040278
18.0,24.0,0.7724657375794232
56.0,88.0,2.725903529415098
17.0,24.0,0.5432410739432394
5.0,5.0,9.749978386021501
4.0,5.0,3.4191779041245565
15.0,16.0,3.636348979100602
23.0,29.0,3.1976389113679984
8.0,9.0,0.8359562323268686
29.0,36.0,2.1186997335715207
32.0,39.0,1.544774970180882
36.0,43.0,1.4697679811040278
17.0,24.0,0.7724657375794232
69.0,88.0,2.725903529415098
20.0,24.0,0.5432410739432394
3.0,5.0,9.749978386021501
3.0,5.0,3.4191779041245565
14.0,16.0,3.636348979100602
25.0,29.0,3.1976389113679984
7.0,9.0,0.8359562323268686
34.0,36.0,2.1186997335715207
37.0,39.0,1.544774970180882
38.0,43.0,1.4697679811040278
22.0,24.0,0.7724657375794232
76.0,88.0,2.725903529415098
22.0,24.0,0.5432410739432394
1.0,5.0,6.059702275227444
0.0,3.0,1.1731311955675692
1.0,24.0,4.591873750988184
1.0,25.0,2.4159156327843294
2.0,25.0,1.4114575557586206
1.0,22.0,0.7544738283922012
1.0,19.0,0.7582496751224108
2.0,39.0,1.4829491661009442
3.0,28.0,0.8758596760058848
2.0,27.0,0.888546744161668
0.0,11.0,0.42325277445842635
1.0,5.0,6.059702275227444
0.0,3.0,1.1731311955675692
3.0,24.0,4.591873750988184
0.0,25.0,2.4159156327843294
4.0,25.0,1.4114575557586206
5.0,22.0,0.7544738283922012
4.0,19.0,0.7582496751224108
9.0,39.0,1.4829491661009442
11.0,28.0,0.8758596760058848
5.0,27.0,0.888546744161668
1.0,11.0,0.42325277445842635
2.0,5.0,6.059702275227444
1.0,3.0,1.1731311955675692
7.0,24.0,4.591873750988184
10.0,25.0,2.4159156327843294
9.0,25.0,1.4114575557586206
6.0,22.0,0.7544738283922012
5.0,19.0,0.7582496751224108
9.0,39.0,1.4829491661009442
12.0,28.0,0.8758596760058848
12.0,27.0,0.888546744161668
4.0,11.0,0.42325277445842635
1.0,5.0,6.059702275227444
3.0,3.0,1.1731311955675692
10.0,24.0,4.591873750988184
9.0,25.0,2.4159156327843294
12.0,25.0,1.4114575557586206
9.0,22.0,0.7544738283922012
7.0,19.0,0.7582496751224108
15.0,39.0,1.4829491661009442
10.0,28.0,0.8758596760058848
8.0,27.0,0.888546744161668
2.0,11.0,0.42325277445842635
2.0,5.0,6.059702275227444
1.0,3.0,1.1731311955675692
14.0,24.0,4.591873750988184
12.0,25.0,2.4159156327843294
10.0,25.0,1.4114575557586206
9.0,22.0,0.7544738283922012
7.0,19.0,0.7582496751224108
14.0,39.0,1.4829491661009442
10.0,28.0,0.8758596760058848
16.0,27.0,0.888546744161668
4.0,11.0,0.42325277445842635
4.0,5.0,6.059702275227444
3.0,3.0,1.1731311955675692
11.0,24.0,4.591873750988184
14.0,25.0,2.4159156327843294
16.0,25.0,1.4114575557586206
13.0,22.0,0.7544738283922012
11.0,19.0,0.7582496751224108
25.0,39.0,1.4829491661009442
15.0,28.0,0.8758596760058848
18.0,27.0,0.888546744161668
5.0,11.0,0.42325277445842635
3.0,5.0,6.059702275227444
3.0,3.0,1.1731311955675692
18.0,24.0,4.591873750988184
16.0,25.0,2.4159156327843294
17.0,25.0,1.4114575557586206
16.0,22.0,0.7544738283922012
13.0,19.0,0.7582496751224108
28.0,39.0,1.4829491661009442
18.0,28.0,0.8758596760058848
17.0,27.0,0.888546744161668
8.0,11.0,0.42325277445842635
5.0,5.0,6.059702275227444
3.0,3.0,1.1731311955675692
21.0,24.0,4.591873750988184
19.0,25.0,2.4159156327843294
25.0,25.0,1.4114575557586206
15.0,22.0,0.7544738283922012
14.0,19.0,0.7582496751224108
33.0,39.0,1.4829491661009442
23.0,28.0,0.8758596760058848
22.0,27.0,0.888546744161668
10.0,11.0,0.42325277445842635
4.0,5.0,6.059702275227444
3.0,3.0,1.1731311955675692
23.0,24.0,4.591873750988184
23.0,25.0,2.4159156327843294
22.0,25.0,1.4114575557586206
19.0,22.0,0.7544738283922012
16.0,19.0,0.7582496751224108
37.0,39.0,1.4829491661009442
26.0,28.0,0.8758596760058848
25.0,27.0,0.888546744161668
9.0,11.0,0.42325277445842635
1.0,4.0,6.642082805545056
0.0,1.0,0.6923638324993947
1.0,25.0,8.649586415724553
4.0,33.0,3.784708410610959
2.0,27.0,1.0909358838390428
5.0,59.0,2.3674739439874446
3.0,30.0,0.5569112311555215
2.0,20.0,0.5705489281092934
2.0,13.0,0.4887463616915727
3.0,38.0,1.5184330850129917
0.0,22.0,1.0080318250648634
1.0,4.0,6.642082805545056
0.0,1.0,0.6923638324993947
5.0,25.0,8.649586415724553
4.0,33.0,3.784708410610959
7.0,27.0,1.0909358838390428
9.0,59.0,2.3674739439874446
8.0,30.0,0.5569112311555215
8.0,20.0,0.5705489281092934
2.0,13.0,0.4887463616915727
10.0,38.0,1.5184330850129917
3.0,22.0,1.0080318250648634
1.0,4.0,6.642082805545056
0.0,1.0,0.6923638324993947
8.0,25.0,8.649586415724553
8.0,33.0,3.784708410610959
8.0,27.0,1.0909358838390428
11.0,59.0,2.3674739439874446
7.0,30.0,0.5569112311555215
5.0,20.0,0.5705489281092934
5.0,13.0,0.4887463616915727
11.0,38.0,1.5184330850129917
9.0,22.0,1.0080318250648634
2.0,4.0,6.642082805545056
1.0,1.0,0.6923638324993947
9.0,25.0,8.649586415724553
12.0,33.0,3.784708410610959
12.0,27.0,1.0909358838390428
21.0,59.0,2.3674739439874446
19.0,30.0,0.5569112311555215
8.0,20.0,0.5705489281092934
4.0,13.0,0.4887463616915727
17.0,38.0,1.5184330850129917
11.0,22.0,1.0080318250648634
4.0,4.0,6.642082805545056
1.0,1.0,0.6923638324993947
12.0,25.0,8.649586415724553
17.0,33.0,3.784708410610959
15.0,27.0,1.0909358838390428
27.0,59.0,2.3674739439874446
14.0,30.0,0.5569112311555215
9.0,20.0,0.5705489281092934
3.0,13.0,0.4887463616915727
24.0,38.0,1.5184330850129917
10.0,22.0,1.0080318250648634
2.0,4.0,6.642082805545056
1.0,1.0,0.6923638324993947
13.0,25.0,8.649586415724553
22.0,33.0,3.784708410610959
14.0,27.0,1.0909358838390428
31.0,59.0,2.3674739439874446
16.0,30.0,0.5569112311555215
14.0,20.0,0.5705489281092934
10.0,13.0,0.4887463616915727
20.0,38.0,1.5184330850129917
16.0,22.0,1.0080318250648634
3.0,4.0,6.642082805545056
1.0,1.0,0.6923638324993947
17.0,25.0,8.649586415724553
23.0,33.0,3.784708410610959
18.0,27.0,1.0909358838390428
45.0,59.0,2.3674739439874446
22.0,30.0,0.5569112311555215
15.0,20.0,0.5705489281092934
8.0,13.0,0.4887463616915727
21.0,38.0,1.5184330850129917
18.0,22.0,1.0080318250648634
2.0,4.0,6.642082805545056
1.0,1.0,0.6923638324993947
21.0,25.0,8.649586415724553
26.0,33.0,3.784708410610959
25.0,27.0,1.0909358838390428
50.0,59.0,2.3674739439874446
19.0,30.0,0.5569112311555215
14.0,20.0,0.5705489281092934
11.0,13.0,0.4887463616915727
25.0,38.0,1.5184330850129917
16.0,22.0,1.0080318250648634
3.0,4.0,6.642082805545056
1.0,1.0,0.6923638324993947
23.0,25.0,8.649586415724553
28.0,33.0,3.784708410610959
24.0,27.0,1.0909358838390428
55.0,59.0,2.3674739439874446
28.0,30.0,0.5569112311555215
17.0,20.0,0.5705489281092934
13.0,13.0,0.4887463616915727
32.0,38.0,1.5184330850129917
17.0,22.0,1.0080318250648634
1.0,6.0,5.641224815265928
0.0,8.0,4.408283952075002
3.0,13.0,6.0663823140309034
1.0,12.0,2.51247478882355
0.0,12.0,0.8312989994706202
1.0,20.0,1.7539778982335028
2.0,7.0,0.7086893313623819
2.0,42.0,2.399100155242157
13.0,100.0,3.76667346535188
4.0,66.0,1.2806435479668232
0.0,9.0,0.19742065765899944
1.0,6.0,5.641224815265928
1.0,8.0,4.408283952075002
3.0,13.0,6.0663823140309034
3.0,12.0,2.51247478882355
1.0,12.0,0.8312989994706202
2.0,20.0,1.7539778982335028
0.0,7.0,0.7086893313623819
11.0,42.0,2.399100155242157
23.0,100.0,3.76667346535188
14.0,66.0,1.2806435479668232
3.0,9.0,0.19742065765899944
4.0,6.0,5.641224815265928
1.0,8.0,4.408283952075002
3.0,13.0,6.0663823140309034
4.0,12.0,2.51247478882355
4.0,12.0,0.8312989994706202
5.0,20.0,1.7539778982335028
3.0,7.0,0.7086893313623819
12.0,42.0,2.399100155242157
32.0,100.0,3.76667346535188
24.0,66.0,1.2806435479668232
2.0,9.0,0.19742065765899944
2.0,6.0,5.641224815265928
5.0,8.0,4.408283952075002
5.0,13.0,6.0663823140309034
5.0,12.0,2.51247478882355
3.0,12.0,0.8312989994706202
2.0,20.0,1.7539778982335028
2.0,7.0,0.7086893313623819
17.0,42.0,2.399100155242157
42.0,100.0,3.76667346535188
22.0,66.0,1.2806435479668232
3.0,9.0,0.19742065765899944
1.0,6.0,5.641224815265928
3.0,8.0,4.408283952075002
8.0,13.0,6.0663823140309034
7.0,12.0,2.51247478882355
3.0,12.0,0.8312989994706202
14.0,20.0,1.7539778982335028
5.0,7.0,0.7086893313623819
21.0,42.0,2.399100155242157
55.0,100.0,3.76667346535188
31.0,66.0,1.2806435479668232
7.0,9.0,0.19742065765899944
4.0,6.0,5.641224815265928
3.0,8.0,4.408283952075002
9.0,13.0,6.0663823140309034
7.0,12.0,2.51247478882355
7.0,12.0,0.8312989994706202
15.0,20.0,1.7539778982335028
3.0,7.0,0.7086893313623819
24.0,42.0,2.399100155242157
62.0,100.0,3.76667346535188
35.0,66.0,1.2806435479668232
3.0,9.0,0.19742065765899944
5.0,6.0,5.641224815265928
7.0,8.0,4.408283952075002
12.0,13.0,6.0663823140309034
7.0,12.0,2.51247478882355
9.0,12.0,0.8312989994706202
13.0,20.0,1.7539778982335028
5.0,7.0,0.7086893313623819
26.0,42.0,2.399100155242157
76.0,100.0,3.76667346535188
53.0,66.0,1.2806435479668232
5.0,9.0,0.19742065765899944
5.0,6.0,5.641224815265928
6.0,8.0,4.408283952075002
11.0,13.0,6.0663823140309034
9.0,12.0,2.51247478882355
7.0,12.0,0.8312989994706202
16.0,20.0,1.7539778982335028
6.0,7.0,0.7086893313623819
36.0,42.0,2.399100155242157
83.0,100.0,3.76667346535188
49.0,66.0,1.2806435479668232
9.0,9.0,0.19742065765899944
6.0,6.0,5.641224815265928
8.0,8.0,4.408283952075002
10.0,13.0,6.0663823140309034
12.0,12.0,2.51247478882355
12.0,12.0,0.8312989994706202
18.0,20.0,1.7539778982335028
7.0,7.0,0.7086893313623819
37.0,42.0,2.399100155242157
89.0,100.0,3.76667346535188
55.0,66.0,1.2806435479668232
7.0,9.0,0.19742065765899944
1.0,4.0,2.842000894826231
0.0,8.0,4.513125565623078
2.0,23.0,3.480483286404537
1.0,8.0,0.9353865278899066
0.0,5.0,0.7582371341588817
7.0,69.0,5.26124597648268
5.0,48.0,1.6954067786805922
6.0,56.0,1.3835945587207394
1.0,30.0,0.9260744980946392
10.0,60.0,1.1722716278030498
1.0,21.0,0.3552211749810437
2.0,4.0,2.842000894826231
0.0,8.0,4.513125565623078
4.0,23.0,3.480483286404537
3.0,8.0,0.9353865278899066
1.0,5.0,0.7582371341588817
16.0,69.0,5.26124597648268
11.0,48.0,1.6954067786805922
12.0,56.0,1.3835945587207394
6.0,30.0,0.9260744980946392
13.0,60.0,1.1722716278030498
3.0,21.0,0.3552211749810437
1.0,4.0,2.842000894826231
2.0,8.0,4.513125565623078
7.0,23.0,3.480483286404537
2.0,8.0,0.9353865278899066
1.0,5.0,0.7582371341588817
19.0,69.0,5.26124597648268
15.0,48.0,1.6954067786805922
16.0,56.0,1.3835945587207394
7.0,30.0,0.9260744980946392
18.0,60.0,1.1722716278030498
6.0,21.0,0.3552211749810437
3.0,4.0,2.842000894826231
4.0,8.0,4.513125565623078
9.0,23.0,3.480483286404537
4.0,8.0,0.9353865278899066
3.0,5.0,0.7582371341588817
25.0,69.0,5.26124597648268
15.0,48.0,1.6954067786805922
23.0,56.0,1.3835945587207394
8.0,30.0,0.9260744980946392
26.0,60.0,1.1722716278030498
8.0,21.0,0.3552211749810437
3.0,4.0,2.842000894826231
5.0,8.0,4.513125565623078
11.0,23.0,3.480483286404537
4.0,8.0,0.9353865278899066
3.0,5.0,0.7582371341588817
29.0,69.0,5.26124597648268
21.0,48.0,1.6954067786805922
26.0,56.0,1.3835945587207394
15.0,30.0,0.9260744980946392
33.0,60.0,1.1722716278030498
10.0,21.0,0.3552211749810437
1.0,4.0,2.842000894826231
5.0,8.0,4.513125565623078
16.0,23.0,3.480483286404537
4.0,8.0,0.9353865278899066
2.0,5.0,0.7582371341588817
48.0,69.0,5.26124597648268
25.0,48.0,1.6954067786805922
32.0,56.0,1.3835945587207394
20.0,30.0,0.9260744980946392
38.0,60.0,1.1722716278030498
14.0,21.0,0.3552211749810437
4.0,4.0,2.842000894826231
4.0,8.0,4.513125565623078
19.0,23.0,3.480483286404537
6.0,8.0,0.9353865278899066
3.0,5.0,0.7582371341588817
51.0,69.0,5.26124597648268
28.0,48.0,1.6954067786805922
40.0,56.0,1.3835945587207394
22.0,30.0,0.9260744980946392
35.0,60.0,1.1722716278030498
15.0,21.0,0.3552211749810437
4.0,4.0,2.842000894826231
4.0,8.0,4.513125565623078
20.0,23.0,3.480483286404537
6.0,8.0,0.9353865278899066
5.0,5.0,0.7582371341588817
52.0,69.0,5.26124597648268
39.0,48.0,1.6954067786805922
48.0,56.0,1.3835945587207394
27.0,30.0,0.9260744980946392
43.0,60.0,1.1722716278030498
17.0,21.0,0.3552211749810437
4.0,4.0,2.842000894826231
6.0,8.0,4.513125565623078
21.0,23.0,3.480483286404537
8.0,8.0,0.9353865278899066
5.0,5.0,0.7582371341588817
62.0,69.0,5.26124597648268
46.0,48.0,1.6954067786805922
51.0,56.0,1.3835945587207394
26.0,30.0,0.9260744980946392
54.0,60.0,1.1722716278030498
20.0,21.0,0.3552211749810437
1.0,7.0,9.331006668971115
0.0,2.0,0.5552030458203414
2.0,7.0,2.572647755458035
0.0,13.0,2.435955607207618
2.0,12.0,1.3434545574685886
3.0,12.0,1.2139209392261125
2.0,33.0,2.529442249140307
2.0,41.0,1.7399118841039471
4.0,43.0,1.1107659297461177
6.0,47.0,1.5349204475493647
2.0,33.0,0.8364483418170302
2.0,7.0,9.331006668971115
0.0,2.0,0.5552030458203414
2.0,7.0,2.572647755458035
1.0,13.0,2.435955607207618
0.0,12.0,1.3434545574685886
2.0,12.0,1.2139209392261125
7.0,33.0,2.529442249140307
9.0,41.0,1.7399118841039471
7.0,43.0,1.1107659297461177
11.0,47.0,1.5349204475493647
6.0,33.0,0.8364483418170302
1.0,7.0,9.331006668971115
1.0,2.0,0.5552030458203414
1.0,7.0,2.572647755458035
3.0,13.0,2.435955607207618
3.0,12.0,1.3434545574685886
3.0,12.0,1.2139209392261125
13.0,33.0,2.529442249140307
14.0,41.0,1.7399118841039471
10.0,43.0,1.1107659297461177
13.0,47.0,1.5349204475493647
11.0,33.0,0.8364483418170302
2.0,7.0,9.331006668971115
2.0,2.0,0.5552030458203414
3.0,7.0,2.572647755458035
3.0,13.0,2.435955607207618
5.0,12.0,1.3434545574685886
6.0,12.0,1.2139209392261125
11.0,33.0,2.529442249140307
17.0,41.0,1.7399118841039471
13.0,43.0,1.1107659297461177
22.0,47.0,1.5349204475493647
12.0,33.0,0.8364483418170302
5.0,7.0,9.331006668971115
1.0,2.0,0.5552030458203414
5.0,7.0,2.572647755458035
8.0,13.0,2.435955607207618
4.0,12.0,1.3434545574685886
8.0,12.0,1.2139209392261125
14.0,33.0,2.529442249140307
20.0,41.0,1.7399118841039471
20.0,43.0,1.1107659297461177
21.0,47.0,1.5349204475493647
19.0,33.0,0.8364483418170302
6.0,7.0,9.331006668971115
1.0,2.0,0.5552030458203414
5.0,7.0,2.572647755458035
7.0,13.0,2.435955607207618
9.0,12.0,1.3434545574685886
7.0,12.0,1.2139209392261125
21.0,33.0,2.529442249140307
28.0,41.0,1.7399118841039471
27.0,43.0,1.1107659297461177
31.0,47.0,1.5349204475493647
21.0,33.0,0.8364483418170302
4.0,7.0,9.331006668971115
2.0,2.0,0.5552030458203414
5.0,7.0,2.572647755458035
11.0,13.0,2.435955607207618
9.0,12.0,1.3434545574685886
7.0,12.0,1.2139209392261125
21.0,33.0,2.529442249140307
32.0,41.0,1.7399118841039471
30.0,43.0,1.1107659297461177
33.0,47.0,1.5349204475493647
22.0,33.0,0.8364483418170302
6.0,7.0,9.331006668971115
2.0,2.0,0.5552030458203414
6.0,7.0,2.572647755458035
9.0,13.0,2.435955607207618
10.0,12.0,1.3434545574685886
10.0,12.0,1.2139209392261125
33.0,33.0,2.529442249140307
34.0,41.0,1.7399118841039471
34.0,43.0,1.1107659297461177
39.0,47.0,1.5349204475493647
30.0,33.0,0.8364483418170302
7.0,7.0,9.331006668971115
2.0,2.0,0.5552030458203414
7.0,7.0,2.572647755458035
13.0,13.0,2.435955607207618
12.0,12.0,1.3434545574685886
8.0,12.0,1.2139209392261125
28.0,33.0,2.529442249140307
34.0,41.0,1.7399118841039471
37.0,43.0,1.1107659297461177
40.0,47.0,1.5349204475493647
29.0,33.0,0.8364483418170302
1.0,6.0,7.10960317806032
0.0,2.0,1.0142232681324737
1.0,14.0,2.5469652325625702
1.0,14.0,2.267719813520654
0.0,7.0,0.5683905103263245
0.0,10.0,0.852246775788623
2.0,19.0,1.7925995894548907
1.0,24.0,1.6373762175062683
6.0,48.0,2.2930774989243843
3.0,43.0,1.6940767233078204
3.0,21.0,0.5964298822120406
1.0,6.0,7.10960317806032
0.0,2.0,1.0142232681324737
3.0,14.0,2.5469652325625702
1.0,14.0,2.267719813520654
2.0,7.0,0.5683905103263245
1.0,10.0,0.852246775788623
5.0,19.0,1.7925995894548907
3.0,24.0,1.6373762175062683
11.0,48.0,2.2930774989243843
9.0,43.0,1.6940767233078204
2.0,21.0,0.5964298822120406
2.0,6.0,7.10960317806032
1.0,2.0,1.0142232681324737
2.0,14.0,2.5469652325625702
6.0,14.0,2.267719813520654
1.0,7.0,0.5683905103263245
1.0,10.0,0.852246775788623
7.0,19.0,1.7925995894548907
3.0,24.0,1.6373762175062683
13.0,48.0,2.2930774989243843
15.0,43.0,1.6940767233078204
6.0,21.0,0.5964298822120406
4.0,6.0,7.10960317806032
2.0,2.0,1.0142232681324737
4.0,14.0,2.5469652325625702
5.0,14.0,2.267719813520654
2.0,7.0,0.5683905103263245
6.0,10.0,0.852246775788623
6.0,19.0,1.7925995894548907
8.0,24.0,1.6373762175062683
21.0,48.0,2.2930774989243843
13.0,43.0,1.6940767233078204
10.0,21.0,0.5964298822120406
1.0,6.0,7.10960317806032
1.0,2.0,1.0142232681324737
6.0,14.0,2.5469652325625702
7.0,14.0,2.267719813520654
3.0,7.0,0.5683905103263245
4.0,10.0,0.852246775788623
9.0,19.0,1.7925995894548907
13.0,24.0,1.6373762175062683
19.0,48.0,2.2930774989243843
21.0,43.0,1.6940767233078204
10.0,21.0,0.5964298822120406
4.0,6.0,7.10960317806032
1.0,2.0,1.0142232681324737
10.0,14.0,2.5469652325625702
9.0,14.0,2.267719813520654
6.0,7.0,0.5683905103263245
7.0,10.0,0.852246775788623
9.0,19.0,1.7925995894548907
17.0,24.0,1.6373762175062683
23.0,48.0,2.2930774989243843
30.0,43.0,1.6940767233078204
10.0,21.0,0.5964298822120406
3.0,6.0,7.10960317806032
2.0,2.0,1.0142232681324737
11.0,14.0,2.5469652325625702
9.0,14.0,2.267719813520654
3.0,7.0,0.5683905103263245
6.0,10.0,0.852246775788623
10.0,19.0,1.7925995894548907
17.0,24.0,1.6373762175062683
31.0,48.0,2.2930774989243843
32.0,43.0,1.6940767233078204
17.0,21.0,0.5964298822120406
5.0,6.0,7.10960317806032
1.0,2.0,1.0142232681324737
11.0,14.0,2.5469652325625702
9.0,14.0,2.267719813520654
7.0,7.0,0.5683905103263245
10.0,10.0,0.852246775788623
14.0,19.0,1.7925995894548907
21.0,24.0,1.6373762175062683
41.0,48.0,2.2930774989243843
34.0,43.0,1.6940767233078204
17.0,21.0,0.5964298822120406
6.0,6.0,7.10960317806032
2.0,2.0,1.0142232681324737
14.0,14.0,2.5469652325625702
12.0,14.0,2.267719813520654
6.0,7.0,0.5683905103263245
8.0,10.0,0.852246775788623
16.0,19.0,1.7925995894548907
21.0,24.0,1.6373762175062683
44.0,48.0,2.2930774989243843
39.0,43.0,1.6940767233078204
19.0,21.0,0.5964298822120406
1.0,3.0,2.70409157080039
0.0,2.0,3.464196063364053
1.0,8.0,5.239071002963089
0.0,17.0,3.440518517026479
1.0,20.0,2.645893509588226
2.0,28.0,1.4203422272841748
1.0,20.0,0.9157425093220555
4.0,53.0,2.3684077913442363
9.0,77.0,2.2620842655311404
1.0,19.0,0.4399046085541282
1.0,18.0,0.5033107670743732
1.0,3.0,2.70409157080039
0.0,2.0,3.464196063364053
2.0,8.0,5.239071002963089
2.0,17.0,3.440518517026479
6.0,20.0,2.645893509588226
3.0,28.0,1.4203422272841748
4.0,20.0,0.9157425093220555
7.0,53.0,2.3684077913442363
11.0,77.0,2.2620842655311404
3.0,19.0,0.4399046085541282
4.0,18.0,0.5033107670743732
2.0,3.0,2.70409157080039
0.0,2.0,3.464196063364053
2.0,8.0,5.239071002963089
2.0,17.0,3.440518517026479
3.0,20.0,2.645893509588226
5.0,28.0,1.4203422272841748
6.0,20.0,0.9157425093220555
17.0,53.0,2.3684077913442363
20.0,77.0,2.2620842655311404
3.0,19.0,0.4399046085541282
6.0,18.0,0.5033107670743732
2.0,3.0,2.70409157080039
1.0,2.0,3.464196063364053
3.0,8.0,5.239071002963089
5.0,17.0,3.440518517026479
8.0,20.0,2.645893509588226
9.0,28.0,1.4203422272841748
11.0,20.0,0.9157425093220555
15.0,53.0,2.3684077913442363
35.0,77.0,2.2620842655311404
6.0,19.0,0.4399046085541282
6.0,18.0,0.5033107670743732
2.0,3.0,2.70409157080039
2.0,2.0,3.464196063364053
5.0,8.0,5.239071002963089
10.0,17.0,3.440518517026479
7.0,20.0,2.645893509588226
14.0,28.0,1.4203422272841748
12.0,20.0,0.9157425093220555
25.0,53.0,2.3684077913442363
42.0,77.0,2.2620842655311404
7.0,19.0,0.4399046085541282
7.0,18.0,0.5033107670743732
3.0,3.0,2.70409157080039
1.0,2.0,3.464196063364053
6.0,8.0,5.239071002963089
12.0,17.0,3.440518517026479
10.0,20.0,2.645893509588226
16.0,28.0,1.4203422272841748
16.0,20.0,0.9157425093220555
32.0,53.0,2.3684077913442363
43.0,77.0,2.2620842655311404
12.0,19.0,0.4399046085541282
15.0,18.0,0.5033107670743732
3.0,3.0,2.70409157080039
1.0,2.0,3.464196063364053
6.0,8.0,5.239071002963089
7.0,17.0,3.440518517026479
14.0,20.0,2.645893509588226
21.0,28.0,1.4203422272841748
12.0,20.0,0.9157425093220555
40.0,53.0,2.3684077913442363
63.0,77.0,2.2620842655311404
9.0,19.0,0.4399046085541282
14.0,18.0,0.5033107670743732
3.0,3.0,2.70409157080039
2.0,2.0,3.464196063364053
6.0,8.0,5.239071002963089
13.0,17.0,3.440518517026479
17.0,20.0,2.645893509588226
25.0,28.0,1.4203422272841748
15.0,20.0,0.9157425093220555
47.0,53.0,2.3684077913442363
64.0,77.0,2.2620842655311404
15.0,19.0,0.4399046085541282
11.0,18.0,0.5033107670743732
2.0,3.0,2.70409157080039
2.0,2.0,3.464196063364053
7.0,8.0,5.239071002963089
17.0,17.0,3.440518517026479
19.0,20.0,2.645893509588226
24.0,28.0,1.4203422272841748
17.0,20.0,0.9157425093220555
52.0,53.0,2.3684077913442363
69.0,77.0,2.2620842655311404
16.0,19.0,0.4399046085541282
18.0,18.0,0.5033107670743732
1.0,4.0,7.4192923844237555
0.0,4.0,4.053038371860879
0.0,4.0,1.2494126861638029
2.0,28.0,4.191329426175849
0.0,6.0,0.39321659371509515
1.0,13.0,0.967463974040004
2.0,18.0,1.7653584575289871
0.0,7.0,0.32808641410365913
1.0,11.0,0.7203381270890598
3.0,43.0,3.1776206976188295
2.0,5.0,0.20927281389275296
3.0,4.0,7.4192923844237555
1.0,4.0,4.053038371860879
1.0,4.0,1.2494126861638029
5.0,28.0,4.191329426175849
1.0,6.0,0.39321659371509515
4.0,13.0,0.967463974040004
1.0,18.0,1.7653584575289871
1.0,7.0,0.32808641410365913
4.0,11.0,0.7203381270890598
11.0,43.0,3.1776206976188295
2.0,5.0,0.20927281389275296
1.0,4.0,7.4192923844237555
1.0,4.0,4.053038371860879
1.0,4.0,1.2494126861638029
12.0,28.0,4.191329426175849
3.0,6.0,0.39321659371509515
2.0,13.0,0.967463974040004
6.0,18.0,1.7653584575289871
1.0,7.0,0.32808641410365913
1.0,11.0,0.7203381270890598
11.0,43.0,3.1776206976188295
1.0,5.0,0.20927281389275296
1.0,4.0,7.4192923844237555
1.0,4.0,4.053038371860879
3.0,4.0,1.2494126861638029
12.0,28.0,4.191329426175849
5.0,6.0,0.39321659371509515
7.0,13.0,0.967463974040004
4.0,18.0,1.7653584575289871
2.0,7.0,0.32808641410365913
4.0,11.0,0.7203381270890598
14.0,43.0,3.1776206976188295
2.0,5.0,0.20927281389275296
1.0,4.0,7.4192923844237555
1.0,4.0,4.053038371860879
3.0,4.0,1.2494126861638029
15.0,28.0,4.191329426175849
3.0,6.0,0.39321659371509515
8.0,13.0,0.967463974040004
6.0,18.0,1.7653584575289871
2.0,7.0,0.32808641410365913
2.0,11.0,0.7203381270890598
18.0,43.0,3.1776206976188295
2.0,5.0,0.20927281389275296
3.0,4.0,7.4192923844237555
4.0,4.0,4.053038371860879
1.0,4.0,1.2494126861638029
12.0,28.0,4.191329426175849
2.0,6.0,0.39321659371509515
8.0,13.0,0.967463974040004
5.0,18.0,1.7653584575289871
6.0,7.0,0.32808641410365913
7.0,11.0,0.7203381270890598
29.0,43.0,3.1776206976188295
5.0,5.0,0.20927281389275296
3.0,4.0,7.4192923844237555
1.0,4.0,4.053038371860879
3.0,4.0,1.2494126861638029
18.0,28.0,4.191329426175849
2.0,6.0,0.39321659371509515
8.0,13.0,0.967463974040004
14.0,18.0,1.7653584575289871
4.0,7.0,0.32808641410365913
7.0,11.0,0.7203381270890598
26.0,43.0,3.1776206976188295
4.0,5.0,0.20927281389275296
3.0,4.0,7.4192923844237555
3.0,4.0,4.053038371860879
3.0,4.0,1.2494126861638029
21.0,28.0,4.191329426175849
5.0,6.0,0.39321659371509515
11.0,13.0,0.967463974040004
17.0,18.0,1.7653584575289871
4.0,7.0,0.32808641410365913
10.0,11.0,0.7203381270890598
29.0,43.0,3.1776206976188295
4.0,5.0,0.20927281389275296
2.0,4.0,7.4192923844237555
3.0,4.0,4.053038371860879
4.0,4.0,1.2494126861638029
23.0,28.0,4.191329426175849
4.0,6.0,0.39321659371509515
10.0,13.0,0.967463974040004
15.0,18.0,1.7653584575289871
6.0,7.0,0.32808641410365913
8.0,11.0,0.7203381270890598
41.0,43.0,3.1776206976188295
5.0,5.0,0.20927281389275296
1.0,4.0,4.3669780079127385
0.0,3.0,1.0015629551552037
0.0,9.0,4.059675570997809
1.0,22.0,4.1253164749492734
4.0,31.0,3.0447768672368922
2.0,6.0,0.2776333077748522
0.0,22.0,0.9171608218552801
2.0,24.0,1.4005672160464646
2.0,19.0,0.8384417993690118
3.0,31.0,1.4805751601343962
1.0,9.0,0.5267157118821164
2.0,4.0,4.3669780079127385
1.0,3.0,1.0015629551552037
2.0,9.0,4.059675570997809
5.0,22.0,4.1253164749492734
6.0,31.0,3.0447768672368922
3.0,6.0,0.2776333077748522
4.0,22.0,0.9171608218552801
3.0,24.0,1.4005672160464646
6.0,19.0,0.8384417993690118
3.0,31.0,1.4805751601343962
1.0,9.0,0.5267157118821164
2.0,4.0,4.3669780079127385
1.0,3.0,1.0015629551552037
2.0,9.0,4.059675570997809
9.0,22.0,4.1253164749492734
7.0,31.0,3.0447768672368922
2.0,6.0,0.2776333077748522
5.0,22.0,0.9171608218552801
7.0,24.0,1.4005672160464646
4.0,19.0,0.8384417993690118
10.0,31.0,1.4805751601343962
4.0,9.0,0.5267157118821164
2.0,4.0,4.3669780079127385
2.0,3.0,1.0015629551552037
4.0,9.0,4.059675570997809
14.0,22.0,4.1253164749492734
12.0,31.0,3.0447768672368922
2.0,6.0,0.2776333077748522
11.0,22.0,0.9171608218552801
7.0,24.0,1.4005672160464646
8.0,19.0,0.8384417993690118
9.0,31.0,1.4805751601343962
1.0,9.0,0.5267157118821164
3.0,4.0,4.3669780079127385
1.0,3.0,1.0015629551552037
3.0,9.0,4.059675570997809
5.0,22.0,4.1253164749492734
12.0,31.0,3.0447768672368922
3.0,6.0,0.2776333077748522
10.0,22.0,0.9171608218552801
15.0,24.0,1.4005672160464646
11.0,19.0,0.8384417993690118
20.0,31.0,1.4805751601343962
1.0,9.0,0.5267157118821164
4.0,4.0,4.3669780079127385
1.0,3.0,1.0015629551552037
6.0,9.0,4.059675570997809
9.0,22.0,4.1253164749492734
18.0,31.0,3.0447768672368922
2.0,6.0,0.2776333077748522
18.0,22.0,0.9171608218552801
18.0,24.0,1.4005672160464646
9.0,19.0,0.8384417993690118
19.0,31.0,1.4805751601343962
6.0,9.0,0.5267157118821164
1.0,4.0,4.3669780079127385
2.0,3.0,1.0015629551552037
6.0,9.0,4.059675570997809
15.0,22.0,4.1253164749492734
20.0,31.0,3.0447768672368922
4.0,6.0,0.2776333077748522
13.0,22.0,0.9171608218552801
16.0,24.0,1.4005672160464646
14.0,19.0,0.8384417993690118
19.0,31.0,1.4805751601343962
7.0,9.0,0.5267157118821164
4.0,4.0,4.3669780079127385
3.0,3.0,1.0015629551552037
6.0,9.0,4.059675570997809
19.0,22.0,4.1253164749492734
25.0,31.0,3.0447768672368922
5.0,6.0,0.2776333077748522
17.0,22.0,0.9171608218552801
22.0,24.0,1.4005672160464646
16.0,19.0,0.8384417993690118
29.0,31.0,1.4805751601343962
6.0,9.0,0.5267157118821164
4.0,4.0,4.3669780079127385
2.0,3.0,1.0015629551552037
8.0,9.0,4.059675570997809
19.0,22.0,4.1253164749492734
30.0,31.0,3.0447768672368922
6.0,6.0,0.2776333077748522
19.0,22.0,0.9171608218552801
22.0,24.0,1.4005672160464646
17.0,19.0,0.8384417993690118
29.0,31.0,1.4805751601343962
8.0,9.0,0.5267157118821164
1.0,5.0,2.966762386139034
0.0,11.0,3.2943751922337765
0.0,4.0,0.9910346019373815
0.0,12.0,0.8605835624475262
1.0,57.0,5.9897812962577355
6.0,60.0,2.30194800744645
2.0,66.0,1.2937830570392823
8.0,44.0,0.8133836220222013
3.0,54.0,1.3636008162562439
8.0,65.0,1.3096786162786733
0.0,29.0,0.5468471253589777
1.0,5.0,2.966762386139034
2.0,11.0,3.2943751922337765
2.0,4.0,0.9910346019373815
5.0,12.0,0.8605835624475262
10.0,57.0,5.9897812962577355
13.0,60.0,2.30194800744645
14.0,66.0,1.2937830570392823
5.0,44.0,0.8133836220222013
14.0,54.0,1.3636008162562439
10.0,65.0,1.3096786162786733
3.0,29.0,0.5468471253589777
2.0,5.0,2.966762386139034
6.0,11.0,3.2943751922337765
2.0,4.0,0.9910346019373815
6.0,12.0,0.8605835624475262
16.0,57.0,5.9897812962577355
15.0,60.0,2.30194800744645
17.0,66.0,1.2937830570392823
10.0,44.0,0.8133836220222013
19.0,54.0,1.3636008162562439
18.0,65.0,1.3096786162786733
12.0,29.0,0.5468471253589777
3.0,5.0,2.966762386139034
4.0,11.0,3.2943751922337765
3.0,4.0,0.9910346019373815
5.0,12.0,0.8605835624475262
27.0,57.0,5.9897812962577355
25.0,60.0,2.30194800744645
24.0,66.0,1.2937830570392823
23.0,44.0,0.8133836220222013
22.0,54.0,1.3636008162562439
30.0,65.0,1.3096786162786733
12.0,29.0,0.5468471253589777
4.0,5.0,2.966762386139034
5.0,11.0,3.2943751922337765
2.0,4.0,0.9910346019373815
8.0,12.0,0.8605835624475262
28.0,57.0,5.9897812962577355
31.0,60.0,2.30194800744645
30.0,66.0,1.2937830570392823
20.0,44.0,0.8133836220222013
25.0,54.0,1.3636008162562439
31.0,65.0,1.3096786162786733
17.0,29.0,0.5468471253589777
3.0,5.0,2.966762386139034
5.0,11.0,3.2943751922337765
4.0,4.0,0.9910346019373815
6.0,12.0,0.8605835624475262
31.0,57.0,5.9897812962577355
42.0,60.0,2.30194800744645
39.0,66.0,1.2937830570392823
24.0,44.0,0.8133836220222013
32.0,54.0,1.3636008162562439
39.0,65.0,1.3096786162786733
19.0,29.0,0.5468471253589777
4.0,5.0,2.966762386139034
7.0,11.0,3.2943751922337765
2.0,4.0,0.9910346019373815
7.0,12.0,0.8605835624475262
42.0,57.0,5.9897812962577355
38.0,60.0,2.30194800744645
44.0,66.0,1.2937830570392823
27.0,44.0,0.8133836220222013
38.0,54.0,1.3636008162562439
46.0,65.0,1.3096786162786733
21.0,29.0,0.5468471253589777
5.0,5.0,2.966762386139034
10.0,11.0,3.2943751922337765
3.0,4.0,0.9910346019373815
11.0,12.0,0.8605835624475262
49.0,57.0,5.9897812962577355
49.0,60.0,2.30194800744645
51.0,66.0,1.2937830570392823
36.0,44.0,0.8133836220222013
45.0,54.0,1.3636008162562439
59.0,65.0,1.3096786162786733
18.0,29.0,0.5468471253589777
5.0,5.0,2.966762386139034
10.0,11.0,3.2943751922337765
3.0,4.0,0.9910346019373815
12.0,12.0,0.8605835624475262
53.0,57.0,5.9897812962577355
54.0,60.0,2.30194800744645
59.0,66.0,1.2937830570392823
41.0,44.0,0.8133836220222013
46.0,54.0,1.3636008162562439
57.0,65.0,1.3096786162786733
27.0,29.0,0.5468471253589777
1.0,4.0,6.368186568930161
0.0,10.0,4.519327535889984
1.0,7.0,1.0107344295356244
0.0,4.0,1.6813797625525688
1.0,23.0,3.0251639972190616
5.0,48.0,3.455228171177312
5.0,54.0,2.669921600059878
1.0,6.0,0.2468677623022203
3.0,23.0,0.9662770329882844
0.0,7.0,0.15481228536557348
2.0,37.0,1.5357274750039658
2.0,4.0,6.368186568930161
2.0,10.0,4.519327535889984
2.0,7.0,1.0107344295356244
2.0,4.0,1.6813797625525688
4.0,23.0,3.0251639972190616
7.0,48.0,3.455228171177312
7.0,54.0,2.669921600059878
2.0,6.0,0.2468677623022203
2.0,23.0,0.9662770329882844
1.0,7.0,0.15481228536557348
12.0,37.0,1.5357274750039658
1.0,4.0,6.368186568930161
5.0,10.0,4.519327535889984
4.0,7.0,1.0107344295356244
2.0,4.0,1.6813797625525688
10.0,23.0,3.0251639972190616
10.0,48.0,3.455228171177312
19.0,54.0,2.669921600059878
3.0,6.0,0.2468677623022203
6.0,23.0,0.9662770329882844
4.0,7.0,0.15481228536557348
12.0,37.0,1.5357274750039658
2.0,4.0,6.368186568930161
3.0,10.0,4.519327535889984
2.0,7.0,1.0107344295356244
1.0,4.0,1.6813797625525688
9.0,23.0,3.0251639972190616
20.0,48.0,3.455228171177312
25.0,54.0,2.669921600059878
2.0,6.0,0.2468677623022203
5.0,23.0,0.9662770329882844
3.0,7.0,0.15481228536557348
16.0,37.0,1.5357274750039658
1.0,4.0,6.368186568930161
5.0,10.0,4.519327535889984
4.0,7.0,1.0107344295356244
3.0,4.0,1.6813797625525688
9.0,23.0,3.0251639972190616
24.0,48.0,3.455228171177312
26.0,54.0,2.669921600059878
1.0,6.0,0.2468677623022203
14.0,23.0,0.9662770329882844
3.0,7.0,0.15481228536557348
19.0,37.0,1.5357274750039658
3.0,4.0,6.368186568930161
2.0,10.0,4.519327535889984
4.0,7.0,1.0107344295356244
2.0,4.0,1.6813797625525688
10.0,23.0,3.0251639972190616
33.0,48.0,3.455228171177312
30.0,54.0,2.669921600059878
3.0,6.0,0.2468677623022203
14.0,23.0,0.9662770329882844
3.0,7.0,0.15481228536557348
22.0,37.0,1.5357274750039658
2.0,4.0,6.368186568930161
7.0,10.0,4.519327535889984
5.0,7.0,1.0107344295356244
4.0,4.0,1.6813797625525688
16.0,23.0,3.0251639972190616
34.0,48.0,3.455228171177312
31.0,54.0,2.669921600059878
6.0,6.0,0.2468677623022203
17.0,23.0,0.9662770329882844
4.0,7.0,0.15481228536557348
24.0,37.0,1.5357274750039658
3.0,4.0,6.368186568930161
8.0,10.0,4.519327535889984
7.0,7.0,1.0107344295356244
4.0,4.0,1.6813797625525688
16.0,23.0,3.0251639972190616
43.0,48.0,3.455228171177312
41.0,54.0,2.669921600059878
4.0,6.0,0.2468677623022203
20.0,23.0,0.9662770329882844
4.0,7.0,0.15481228536557348
32.0,37.0,1.5357274750039658
4.0,4.0,6.368186568930161
10.0,10.0,4.519327535889984
7.0,7.0,1.0107344295356244
4.0,4.0,1.6813797625525688
23.0,23.0,3.0251639972190616
44.0,48.0,3.455228171177312
53.0,54.0,2.669921600059878
5.0,6.0,0.2468677623022203
22.0,23.0,0.9662770329882844
6.0,7.0,0.15481228536557348
34.0,37.0,1.5357274750039658
1.0,5.0,5.55705109080768
1.0,21.0,6.407398472193053
1.0,8.0,1.27312202789064
2.0,11.0,0.7753800669665081
1.0,25.0,1.7824279434501387
0.0,15.0,1.084147283709573
0.0,8.0,0.6648940399809465
2.0,17.0,1.2766767067872655
1.0,9.0,0.462489294856183
3.0,26.0,1.8972118099885869
1.0,7.0,0.4957222153708888
1.0,5.0,5.55705109080768
3.0,21.0,6.407398472193053
1.0,8.0,1.27312202789064
1.0,11.0,0.7753800669665081
1.0,25.0,1.7824279434501387
2.0,15.0,1.084147283709573
4.0,8.0,0.6648940399809465
7.0,17.0,1.2766767067872655
0.0,9.0,0.462489294856183
3.0,26.0,1.8972118099885869
2.0,7.0,0.4957222153708888
1.0,5.0,5.55705109080768
6.0,21.0,6.407398472193053
2.0,8.0,1.27312202789064
1.0,11.0,0.7753800669665081
10.0,25.0,1.7824279434501387
2.0,15.0,1.084147283709573
0.0,8.0,0.6648940399809465
6.0,17.0,1.2766767067872655
2.0,9.0,0.462489294856183
6.0,26.0,1.8972118099885869
1.0,7.0,0.4957222153708888
2.0,5.0,5.55705109080768
11.0,21.0,6.407398472193053
4.0,8.0,1.27312202789064
3.0,11.0,0.7753800669665081
6.0,25.0,1.7824279434501387
6.0,15.0,1.084147283709573
4.0,8.0,0.6648940399809465
4.0,17.0,1.2766767067872655
7.0,9.0,0.462489294856183
13.0,26.0,1.8972118099885869
2.0,7.0,0.4957222153708888
2.0,5.0,5.55705109080768
10.0,21.0,6.407398472193053
2.0,8.0,1.27312202789064
3.0,11.0,0.7753800669665081
7.0,25.0,1.7824279434501387
9.0,15.0,1.084147283709573
5.0,8.0,0.6648940399809465
7.0,17.0,1.2766767067872655
5.0,9.0,0.462489294856183
16.0,26.0,1.8972118099885869
5.0,7.0,0.4957222153708888
4.0,5.0,5.55705109080768
10.0,21.0,6.407398472193053
3.0,8.0,1.27312202789064
8.0,11.0,0.7753800669665081
16.0,25.0,1.7824279434501387
10.0,15.0,1.084147283709573
5.0,8.0,0.6648940399809465
7.0,17.0,1.2766767067872655
6.0,9.0,0.462489294856183
16.0,26.0,1.8972118099885869
6.0,7.0,0.4957222153708888
4.0,5.0,5.55705109080768
16.0,21.0,6.407398472193053
5.0,8.0,1.27312202789064
9.0,11.0,0.7753800669665081
18.0,25.0,1.7824279434501387
10.0,15.0,1.084147283709573
5.0,8.0,0.6648940399809465
14.0,17.0,1.2766767067872655
6.0,9.0,0.462489294856183
16.0,26.0,1.8972118099885869
5.0,7.0,0.4957222153708888
3.0,5.0,5.55705109080768
14.0,21.0,6.407398472193053
7.0,8.0,1.27312202789064
7.0,11.0,0.7753800669665081
20.0,25.0,1.7824279434501387
13.0,15.0,1.084147283709573
7.0,8.0,0.6648940399809465
14.0,17.0,1.2766767067872655
6.0,9.0,0.462489294856183
19.0,26.0,1.8972118099885869
6.0,7.0,0.4957222153708888
4.0,5.0,5.55705109080768
18.0,21.0,6.407398472193053
7.0,8.0,1.27312202789064
9.0,11.0,0.7753800669665081
20.0,25.0,1.7824279434501387
12.0,15.0,1.084147283709573
7.0,8.0,0.6648940399809465
14.0,17.0,1.2766767067872655
7.0,9.0,0.462489294856183
23.0,26.0,1.8972118099885869
7.0,7.0,0.4957222153708888
1.0,2.0,0.6498347343079597
2.0,10.0,5.032911605829426
0.0,5.0,1.9486316434349369
0.0,24.0,3.5493984966142382
1.0,19.0,1.4568664305183512
6.0,84.0,4.040297982382122
2.0,25.0,0.6258677467277391
1.0,10.0,0.24433076934484446
3.0,29.0,1.2007215273891092
0.0,10.0,0.3978886878131127
9.0,51.0,3.0168261551654085
1.0,2.0,0.6498347343079597
2.0,10.0,5.032911605829426
1.0,5.0,1.9486316434349369
4.0,24.0,3.5493984966142382
5.0,19.0,1.4568664305183512
15.0,84.0,4.040297982382122
5.0,25.0,0.6258677467277391
1.0,10.0,0.24433076934484446
6.0,29.0,1.2007215273891092
2.0,10.0,0.3978886878131127
9.0,51.0,3.0168261551654085
2.0,2.0,0.6498347343079597
0.0,10.0,5.032911605829426
3.0,5.0,1.9486316434349369
9.0,24.0,3.5493984966142382
7.0,19.0,1.4568664305183512
23.0,84.0,4.040297982382122
7.0,25.0,0.6258677467277391
2.0,10.0,0.24433076934484446
11.0,29.0,1.2007215273891092
3.0,10.0,0.3978886878131127
16.0,51.0,3.0168261551654085
1.0,2.0,0.6498347343079597
4.0,10.0,5.032911605829426
3.0,5.0,1.9486316434349369
12.0,24.0,3.5493984966142382
11.0,19.0,1.4568664305183512
31.0,84.0,4.040297982382122
10.0,25.0,0.6258677467277391
4.0,10.0,0.24433076934484446
19.0,29.0,1.2007215273891092
3.0,10.0,0.3978886878131127
19.0,51.0,3.0168261551654085
1.0,2.0,0.6498347343079597
6.0,10.0,5.032911605829426
5.0,5.0,1.9486316434349369
12.0,24.0,3.5493984966142382
12.0,19.0,1.4568664305183512
42.0,84.0,4.040297982382122
11.0,25.0,0.6258677467277391
6.0,10.0,0.24433076934484446
14.0,29.0,1.2007215273891092
2.0,10.0,0.3978886878131127
26.0,51.0,3.0168261551654085
2.0,2.0,0.6498347343079597
10.0,10.0,5.032911605829426
2.0,5.0,1.9486316434349369
15.0,24.0,3.5493984966142382
11.0,19.0,1.4568664305183512
54.0,84.0,4.040297982382122
16.0,25.0,0.6258677467277391
5.0,10.0,0.24433076934484446
21.0,29.0,1.2007215273891092
7.0,10.0,0.3978886878131127
24.0,51.0,3.0168261551654085
1.0,2.0,0.6498347343079597
7.0,10.0,5.032911605829426
3.0,5.0,1.9486316434349369
16.0,24.0,3.5493984966142382
15.0,19.0,1.4568664305183512
57.0,84.0,4.040297982382122
17.0,25.0,0.6258677467277391
9.0,10.0,0.24433076934484446
21.0,29.0,1.2007215273891092
5.0,10.0,0.3978886878131127
32.0,51.0,3.0168261551654085
2.0,2.0,0.6498347343079597
8.0,10.0,5.032911605829426
5.0,5.0,1.9486316434349369
20.0,24.0,3.5493984966142382
15.0,19.0,1.4568664305183512
65.0,84.0,4.040297982382122
19.0,25.0,0.6258677467277391
6.0,10.0,0.24433076934484446
19.0,29.0,1.2007215273891092
7.0,10.0,0.3978886878131127
41.0,51.0,3.0168261551654085
2.0,2.0,0.6498347343079597
10.0,10.0,5.032911605829426
5.0,5.0,1.9486316434349369
22.0,24.0,3.5493984966142382
18.0,19.0,1.4568664305183512
75.0,84.0,4.040297982382122
22.0,25.0,0.6258677467277391
9.0,10.0,0.24433076934484446
26.0,29.0,1.2007215273891092
9.0,10.0,0.3978886878131127
48.0,51.0,3.0168261551654085
2.0,3.0,2.8296110692689314
0.0,9.0,4.235778134241906
1.0,4.0,0.6793842979167727
1.0,5.0,1.4525619815179776
2.0,7.0,1.2784226697615781
0.0,11.0,1.5984047918595174
1.0,24.0,2.6588723225794975
1.0,8.0,0.3639703928505861
1.0,23.0,1.5233861741442372
2.0,19.0,1.8368327054644271
3.0,26.0,1.2816052055028606
1.0,3.0,2.8296110692689314
1.0,9.0,4.235778134241906
0.0,4.0,0.6793842979167727
2.0,5.0,1.4525619815179776
2.0,7.0,1.2784226697615781
1.0,11.0,1.5984047918595174
4.0,24.0,2.6588723225794975
2.0,8.0,0.3639703928505861
4.0,23.0,1.5233861741442372
2.0,19.0,1.8368327054644271
2.0,26.0,1.2816052055028606
3.0,3.0,2.8296110692689314
5.0,9.0,4.235778134241906
1.0,4.0,0.6793842979167727
1.0,5.0,1.4525619815179776
2.0,7.0,1.2784226697615781
7.0,11.0,1.5984047918595174
5.0,24.0,2.6588723225794975
2.0,8.0,0.3639703928505861
1.0,23.0,1.5233861741442372
7.0,19.0,1.8368327054644271
7.0,26.0,1.2816052055028606
1.0,3.0,2.8296110692689314
4.0,9.0,4.235778134241906
0.0,4.0,0.6793842979167727
2.0,5.0,1.4525619815179776
3.0,7.0,1.2784226697615781
2.0,11.0,1.5984047918595174
9.0,24.0,2.6588723225794975
3.0,8.0,0.3639703928505861
9.0,23.0,1.5233861741442372
7.0,19.0,1.8368327054644271
13.0,26.0,1.2816052055028606
1.0,3.0,2.8296110692689314
6.0,9.0,4.235778134241906
2.0,4.0,0.6793842979167727
3.0,5.0,1.4525619815179776
6.0,7.0,1.2784226697615781
9.0,11.0,1.5984047918595174
11.0,24.0,2.6588723225794975
5.0,8.0,0.3639703928505861
10.0,23.0,1.5233861741442372
11.0,19.0,1.8368327054644271
16.0,26.0,1.2816052055028606
2.0,3.0,2.8296110692689314
6.0,9.0,4.235778134241906
2.0,4.0,0.6793842979167727
2.0,5.0,1.4525619815179776
3.0,7.0,1.2784226697615781
6.0,11.0,1.5984047918595174
17.0,24.0,2.6588723225794975
8.0,8.0,0.3639703928505861
13.0,23.0,1.5233861741442372
13.0,19.0,1.8368327054644271
13.0,26.0,1.2816052055028606
2.0,3.0,2.8296110692689314
7.0,9.0,4.235778134241906
3.0,4.0,0.6793842979167727
3.0,5.0,1.4525619815179776
4.0,7.0,1.2784226697615781
10.0,11.0,1.5984047918595174
17.0,24.0,2.6588723225794975
4.0,8.0,0.3639703928505861
16.0,23.0,1.5233861741442372
12.0,19.0,1.8368327054644271
17.0,26.0,1.2816052055028606
2.0,3.0,2.8296110692689314
7.0,9.0,4.235778134241906
4.0,4.0,0.6793842979167727
4.0,5.0,1.4525619815179776
6.0,7.0,1.2784226697615781
9.0,11.0,1.5984047918595174
19.0,24.0,2.6588723225794975
6.0,8.0,0.3639703928505861
20.0,23.0,1.5233861741442372
18.0,19.0,1.8368327054644271
17.0,26.0,1.2816052055028606
2.0,3.0,2.8296110692689314
8.0,9.0,4.235778134241906
3.0,4.0,0.6793842979167727
5.0,5.0,1.4525619815179776
7.0,7.0,1.2784226697615781
9.0,11.0,1.5984047918595174
24.0,24.0,2.6588723225794975
8.0,8.0,0.3639703928505861
21.0,23.0,1.5233861741442372
17.0,19.0,1.8368327054644271
24.0,26.0,1.2816052055028606
1.0,3.0,4.556539412781779
1.0,7.0,4.810010676032693
0.0,3.0,1.2213798144614845
2.0,15.0,4.0718368191139955
4.0,30.0,5.098182265701169
11.0,85.0,4.3767991435974665
1.0,32.0,1.0822367497355816
1.0,26.0,0.41566798765223806
3.0,23.0,0.6171810956750753
10.0,77.0,2.640676201739541
3.0,18.0,0.42920513571133073
1.0,3.0,4.556539412781779
4.0,7.0,4.810010676032693
0.0,3.0,1.2213798144614845
5.0,15.0,4.0718368191139955
7.0,30.0,5.098182265701169
12.0,85.0,4.3767991435974665
7.0,32.0,1.0822367497355816
7.0,26.0,0.41566798765223806
2.0,23.0,0.6171810956750753
20.0,77.0,2.640676201739541
3.0,18.0,0.42920513571133073
1.0,3.0,4.556539412781779
1.0,7.0,4.810010676032693
0.0,3.0,1.2213798144614845
2.0,15.0,4.0718368191139955
12.0,30.0,5.098182265701169
29.0,85.0,4.3767991435974665
13.0,32.0,1.0822367497355816
5.0,26.0,0.41566798765223806
4.0,23.0,0.6171810956750753
25.0,77.0,2.640676201739541
7.0,18.0,0.42920513571133073
2.0,3.0,4.556539412781779
3.0,7.0,4.810010676032693
2.0,3.0,1.2213798144614845
2.0,15.0,4.0718368191139955
17.0,30.0,5.098182265701169
30.0,85.0,4.3767991435974665
12.0,32.0,1.0822367497355816
7.0,26.0,0.41566798765223806
8.0,23.0,0.6171810956750753
36.0,77.0,2.640676201739541
11.0,18.0,0.42920513571133073
3.0,3.0,4.556539412781779
4.0,7.0,4.810010676032693
2.0,3.0,1.2213798144614845
5.0,15.0,4.0718368191139955
20.0,30.0,5.098182265701169
45.0,85.0,4.3767991435974665
19.0,32.0,1.0822367497355816
9.0,26.0,0.41566798765223806
11.0,23.0,0.6171810956750753
35.0,77.0,2.640676201739541
11.0,18.0,0.42920513571133073
2.0,3.0,4.556539412781779
2.0,7.0,4.810010676032693
2.0,3.0,1.2213798144614845
9.0,15.0,4.0718368191139955
16.0,30.0,5.098182265701169
48.0,85.0,4.3767991435974665
19.0,32.0,1.0822367497355816
15.0,26.0,0.41566798765223806
13.0,23.0,0.6171810956750753
45.0,77.0,2.640676201739541
13.0,18.0,0.42920513571133073
2.0,3.0,4.556539412781779
7.0,7.0,4.810010676032693
2.0,3.0,1.2213798144614845
9.0,15.0,4.0718368191139955
21.0,30.0,5.098182265701169
64.0,85.0,4.3767991435974665
25.0,32.0,1.0822367497355816
21.0,26.0,0.41566798765223806
20.0,23.0,0.6171810956750753
52.0,77.0,2.640676201739541
12.0,18.0,0.42920513571133073
2.0,3.0,4.556539412781779
5.0,7.0,4.810010676032693
3.0,3.0,1.2213798144614845
12.0,15.0,4.0718368191139955
25.0,30.0,5.098182265701169
75.0,85.0,4.3767991435974665
28.0,32.0,1.0822367497355816
21.0,26.0,0.41566798765223806
21.0,23.0,0.6171810956750753
65.0,77.0,2.640676201739541
14.0,18.0,0.42920513571133073
2.0,3.0,4.556539412781779
7.0,7.0,4.810010676032693
3.0,3.0,1.2213798144614845
12.0,15.0,4.0718368191139955
27.0,30.0,5.098182265701169
74.0,85.0,4.3767991435974665
28.0,32.0,1.0822367497355816
23.0,26.0,0.41566798765223806
20.0,23.0,0.6171810956750753
68.0,77.0,2.640676201739541
14.0,18.0,0.42920513571133073
1.0,2.0,4.287197619211788
1.0,9.0,5.042400428085672
0.0,3.0,0.7531091185850778
1.0,11.0,2.524282037598171
3.0,34.0,4.765306878170812
2.0,21.0,1.5765741229650685
1.0,9.0,0.18766888703861467
3.0,38.0,2.069667606296806
4.0,57.0,2.0718655129720633
3.0,14.0,0.443352678006518
3.0,27.0,0.8087382134824671
1.0,2.0,4.287197619211788
3.0,9.0,5.042400428085672
0.0,3.0,0.7531091185850778
3.0,11.0,2.524282037598171
7.0,34.0,4.765306878170812
3.0,21.0,1.5765741229650685
1.0,9.0,0.18766888703861467
11.0,38.0,2.069667606296806
12.0,57.0,2.0718655129720633
2.0,14.0,0.443352678006518
5.0,27.0,0.8087382134824671
2.0,2.0,4.287197619211788
3.0,9.0,5.042400428085672
1.0,3.0,0.7531091185850778
3.0,11.0,2.524282037598171
9.0,34.0,4.765306878170812
8.0,21.0,1.5765741229650685
3.0,9.0,0.18766888703861467
16.0,38.0,2.069667606296806
17.0,57.0,2.0718655129720633
3.0,14.0,0.443352678006518
6.0,27.0,0.8087382134824671
1.0,2.0,4.287197619211788
4.0,9.0,5.042400428085672
1.0,3.0,0.7531091185850778
4.0,11.0,2.524282037598171
10.0,34.0,4.765306878170812
9.0,21.0,1.5765741229650685
2.0,9.0,0.18766888703861467
16.0,38.0,2.069667606296806
28.0,57.0,2.0718655129720633
9.0,14.0,0.443352678006518
11.0,27.0,0.8087382134824671
1.0,2.0,4.287197619211788
4.0,9.0,5.042400428085672
1.0,3.0,0.7531091185850778
6.0,11.0,2.524282037598171
22.0,34.0,4.765306878170812
9.0,21.0,1.5765741229650685
5.0,9.0,0.18766888703861467
21.0,38.0,2.069667606296806
27.0,57.0,2.0718655129720633
6.0,14.0,0.443352678006518
13.0,27.0,0.8087382134824671
1.0,2.0,4.287197619211788
7.0,9.0,5.042400428085672
3.0,3.0,0.7531091185850778
7.0,11.0,2.524282037598171
18.0,34.0,4.765306878170812
16.0,21.0,1.5765741229650685
4.0,9.0,0.18766888703861467
24.0,38.0,2.069667606296806
33.0,57.0,2.0718655129720633
6.0,14.0,0.443352678006518
15.0,27.0,0.8087382134824671
2.0,2.0,4.287197619211788
6.0,9.0,5.042400428085672
2.0,3.0,0.7531091185850778
8.0,11.0,2.524282037598171
27.0,34.0,4.765306878170812
18.0,21.0,1.5765741229650685
6.0,9.0,0.18766888703861467
24.0,38.0,2.069667606296806
42.0,57.0,2.0718655129720633
12.0,14.0,0.443352678006518
16.0,27.0,0.8087382134824671
2.0,2.0,4.287197619211788
7.0,9.0,5.042400428085672
3.0,3.0,0.7531091185850778
9.0,11.0,2.524282037598171
29.0,34.0,4.765306878170812
16.0,21.0,1.5765741229650685
9.0,9.0,0.18766888703861467
33.0,38.0,2.069667606296806
45.0,57.0,2.0718655129720633
11.0,14.0,0.443352678006518
19.0,27.0,0.8087382134824671
1.0,2.0,4.287197619211788
9.0,9.0,5.042400428085672
3.0,3.0,0.7531091185850778
10.0,11.0,2.524282037598171
31.0,34.0,4.765306878170812
17.0,21.0,1.5765741229650685
9.0,9.0,0.18766888703861467
32.0,38.0,2.069667606296806
49.0,57.0,2.0718655129720633
12.0,14.0,0.443352678006518
26.0,27.0,0.8087382134824671
2.0,8.0,16.277134534194346
1.0,6.0,3.3567682284909863
2.0,23.0,4.942901243119348
2.0,28.0,2.7470304273825943
2.0,7.0,0.4471513936066426
6.0,51.0,2.606778756823186
2.0,14.0,0.5067811716047287
1.0,12.0,0.43255268659025226
0.0,6.0,0.27423242968336375
13.0,82.0,3.4986460114272098
1.0,28.0,0.7487076167287577
2.0,8.0,16.277134534194346
1.0,6.0,3.3567682284909863
9.0,23.0,4.942901243119348
6.0,28.0,2.7470304273825943
1.0,7.0,0.4471513936066426
12.0,51.0,2.606778756823186
2.0,14.0,0.5067811716047287
2.0,12.0,0.43255268659025226
1.0,6.0,0.27423242968336375
20.0,82.0,3.4986460114272098
5.0,28.0,0.7487076167287577
3.0,8.0,16.277134534194346
2.0,6.0,3.3567682284909863
7.0,23.0,4.942901243119348
10.0,28.0,2.7470304273825943
2.0,7.0,0.4471513936066426
16.0,51.0,2.606778756823186
5.0,14.0,0.5067811716047287
1.0,12.0,0.43255268659025226
2.0,6.0,0.27423242968336375
24.0,82.0,3.4986460114272098
10.0,28.0,0.7487076167287577
3.0,8.0,16.277134534194346
3.0,6.0,3.3567682284909863
8.0,23.0,4.942901243119348
9.0,28.0,2.7470304273825943
2.0,7.0,0.4471513936066426
16.0,51.0,2.606778756823186
9.0,14.0,0.5067811716047287
5.0,12.0,0.43255268659025226
0.0,6.0,0.27423242968336375
29.0,82.0,3.4986460114272098
13.0,28.0,0.7487076167287577
6.0,8.0,16.277134534194346
3.0,6.0,3.3567682284909863
10.0,23.0,4.942901243119348
14.0,28.0,2.7470304273825943
0.0,7.0,0.4471513936066426
19.0,51.0,2.606778756823186
8.0,14.0,0.5067811716047287
7.0,12.0,0.43255268659025226
3.0,6.0,0.27423242968336375
37.0,82.0,3.4986460114272098
14.0,28.0,0.7487076167287577
6.0,8.0,16.277134534194346
1.0,6.0,3.3567682284909863
12.0,23.0,4.942901243119348
18.0,28.0,2.7470304273825943
6.0,7.0,0.4471513936066426
27.0,51.0,2.606778756823186
9.0,14.0,0.5067811716047287
8.0,12.0,0.43255268659025226
4.0,6.0,0.27423242968336375
52.0,82.0,3.4986460114272098
18.0,28.0,0.7487076167287577
6.0,8.0,16.277134534194346
6.0,6.0,3.3567682284909863
19.0,23.0,4.942901243119348
24.0,28.0,2.7470304273825943
5.0,7.0,0.4471513936066426
40.0,51.0,2.606778756823186
14.0,14.0,0.5067811716047287
8.0,12.0,0.43255268659025226
1.0,6.0,0.27423242968336375
61.0,82.0,3.4986460114272098
17.0,28.0,0.7487076167287577
7.0,8.0,16.277134534194346
5.0,6.0,3.3567682284909863
18.0,23.0,4.942901243119348
23.0,28.0,2.7470304273825943
7.0,7.0,0.4471513936066426
40.0,51.0,2.606778756823186
10.0,14.0,0.5067811716047287
10.0,12.0,0.43255268659025226
4.0,6.0,0.27423242968336375
65.0,82.0,3.4986460114272098
21.0,28.0,0.7487076167287577
6.0,8.0,16.277134534194346
4.0,6.0,3.3567682284909863
21.0,23.0,4.942901243119348
26.0,28.0,2.7470304273825943
7.0,7.0,0.4471513936066426
45.0,51.0,2.606778756823186
13.0,14.0,0.5067811716047287
10.0,12.0,0.43255268659025226
4.0,6.0,0.27423242968336375
73.0,82.0,3.4986460114272098
25.0,28.0,0.7487076167287577
1.0,5.0,9.719249532282443
1.0,4.0,2.503866089577565
1.0,2.0,1.0109963728186633
5.0,19.0,7.131533942960941
7.0,49.0,4.365200854035541
0.0,11.0,0.48305324200363875
0.0,13.0,0.41668283544064155
1.0,6.0,0.5704414878289563
2.0,8.0,0.42496332100145245
2.0,8.0,0.437531877693606
1.0,45.0,3.8375044800364697
2.0,5.0,9.719249532282443
1.0,4.0,2.503866089577565
0.0,2.0,1.0109963728186633
3.0,19.0,7.131533942960941
11.0,49.0,4.365200854035541
1.0,11.0,0.48305324200363875
7.0,13.0,0.41668283544064155
2.0,6.0,0.5704414878289563
2.0,8.0,0.42496332100145245
1.0,8.0,0.437531877693606
6.0,45.0,3.8375044800364697
1.0,5.0,9.719249532282443
1.0,4.0,2.503866089577565
0.0,2.0,1.0109963728186633
5.0,19.0,7.131533942960941
16.0,49.0,4.365200854035541
5.0,11.0,0.48305324200363875
4.0,13.0,0.41668283544064155
3.0,6.0,0.5704414878289563
3.0,8.0,0.42496332100145245
1.0,8.0,0.437531877693606
11.0,45.0,3.8375044800364697
3.0,5.0,9.719249532282443
2.0,4.0,2.503866089577565
1.0,2.0,1.0109963728186633
10.0,19.0,7.131533942960941
25.0,49.0,4.365200854035541
4.0,11.0,0.48305324200363875
6.0,13.0,0.41668283544064155
1.0,6.0,0.5704414878289563
3.0,8.0,0.42496332100145245
3.0,8.0,0.437531877693606
19.0,45.0,3.8375044800364697
2.0,5.0,9.719249532282443
3.0,4.0,2.503866089577565
1.0,2.0,1.0109963728186633
9.0,19.0,7.131533942960941
27.0,49.0,4.365200854035541
7.0,11.0,0.48305324200363875
6.0,13.0,0.41668283544064155
4.0,6.0,0.5704414878289563
2.0,8.0,0.42496332100145245
5.0,8.0,0.437531877693606
24.0,45.0,3.8375044800364697
3.0,5.0,9.719249532282443
2.0,4.0,2.503866089577565
2.0,2.0,1.0109963728186633
12.0,19.0,7.131533942960941
29.0,49.0,4.365200854035541
6.0,11.0,0.48305324200363875
6.0,13.0,0.41668283544064155
3.0,6.0,0.5704414878289563
3.0,8.0,0.42496332100145245
2.0,8.0,0.437531877693606
26.0,45.0,3.8375044800364697
2.0,5.0,9.719249532282443
3.0,4.0,2.503866089577565
2.0,2.0,1.0109963728186633
17.0,19.0,7.131533942960941
35.0,49.0,4.365200854035541
5.0,11.0,0.48305324200363875
9.0,13.0,0.41668283544064155
6.0,6.0,0.5704414878289563
8.0,8.0,0.42496332100145245
6.0,8.0,0.437531877693606
28.0,45.0,3.8375044800364697
5.0,5.0,9.719249532282443
2.0,4.0,2.503866089577565
1.0,2.0,1.0109963728186633
17.0,19.0,7.131533942960941
44.0,49.0,4.365200854035541
6.0,11.0,0.48305324200363875
12.0,13.0,0.41668283544064155
3.0,6.0,0.5704414878289563
5.0,8.0,0.42496332100145245
6.0,8.0,0.437531877693606
34.0,45.0,3.8375044800364697
4.0,5.0,9.719249532282443
3.0,4.0,2.503866089577565
2.0,2.0,1.0109963728186633
15.0,19.0,7.131533942960941
47.0,49.0,4.365200854035541
10.0,11.0,0.48305324200363875
11.0,13.0,0.41668283544064155
6.0,6.0,0.5704414878289563
7.0,8.0,0.42496332100145245
7.0,8.0,0.437531877693606
42.0,45.0,3.8375044800364697
1.0,6.0,7.631926217729567
0.0,2.0,0.9192880454157203
0.0,13.0,4.884856164070461
1.0,14.0,1.9616600092386907
1.0,9.0,0.6782445572300713
1.0,22.0,2.1366037625262497
1.0,11.0,0.7282723177665649
2.0,11.0,0.4472658364297955
2.0,17.0,1.3803211044568964
1.0,17.0,0.6591327773927653
1.0,22.0,0.9733783414391116
2.0,6.0,7.631926217729567
1.0,2.0,0.9192880454157203
2.0,13.0,4.884856164070461
1.0,14.0,1.9616600092386907
1.0,9.0,0.6782445572300713
2.0,22.0,2.1366037625262497
3.0,11.0,0.7282723177665649
2.0,11.0,0.4472658364297955
4.0,17.0,1.3803211044568964
3.0,17.0,0.6591327773927653
9.0,22.0,0.9733783414391116
3.0,6.0,7.631926217729567
0.0,2.0,0.9192880454157203
3.0,13.0,4.884856164070461
5.0,14.0,1.9616600092386907
2.0,9.0,0.6782445572300713
4.0,22.0,2.1366037625262497
2.0,11.0,0.7282723177665649
5.0,11.0,0.4472658364297955
7.0,17.0,1.3803211044568964
5.0,17.0,0.6591327773927653
6.0,22.0,0.9733783414391116
2.0,6.0,7.631926217729567
1.0,2.0,0.9192880454157203
5.0,13.0,4.884856164070461
7.0,14.0,1.9616600092386907
6.0,9.0,0.6782445572300713
10.0,22.0,2.1366037625262497
2.0,11.0,0.7282723177665649
3.0,11.0,0.4472658364297955
5.0,17.0,1.3803211044568964
7.0,17.0,0.6591327773927653
11.0,22.0,0.9733783414391116
1.0,6.0,7.631926217729567
1.0,2.0,0.9192880454157203
6.0,13.0,4.884856164070461
5.0,14.0,1.9616600092386907
7.0,9.0,0.6782445572300713
11.0,22.0,2.1366037625262497
8.0,11.0,0.7282723177665649
8.0,11.0,0.4472658364297955
10.0,17.0,1.3803211044568964
8.0,17.0,0.6591327773927653
14.0,22.0,0.9733783414391116
3.0,6.0,7.631926217729567
2.0,2.0,0.9192880454157203
9.0,13.0,4.884856164070461
6.0,14.0,1.9616600092386907
6.0,9.0,0.6782445572300713
13.0,22.0,2.1366037625262497
5.0,11.0,0.7282723177665649
5.0,11.0,0.4472658364297955
13.0,17.0,1.3803211044568964
11.0,17.0,0.6591327773927653
8.0,22.0,0.9733783414391116
3.0,6.0,7.631926217729567
1.0,2.0,0.9192880454157203
9.0,13.0,4.884856164070461
12.0,14.0,1.9616600092386907
7.0,9.0,0.6782445572300713
13.0,22.0,2.1366037625262497
11.0,11.0,0.7282723177665649
9.0,11.0,0.4472658364297955
15.0,17.0,1.3803211044568964
6.0,17.0,0.6591327773927653
15.0,22.0,0.9733783414391116
5.0,6.0,7.631926217729567
0.0,2.0,0.9192880454157203
6.0,13.0,4.884856164070461
10.0,14.0,1.9616600092386907
9.0,9.0,0.6782445572300713
19.0,22.0,2.1366037625262497
8.0,11.0,0.7282723177665649
7.0,11.0,0.4472658364297955
11.0,17.0,1.3803211044568964
15.0,17.0,0.6591327773927653
17.0,22.0,0.9733783414391116
6.0,6.0,7.631926217729567
2.0,2.0,0.9192880454157203
13.0,13.0,4.884856164070461
9.0,14.0,1.9616600092386907
9.0,9.0,0.6782445572300713
21.0,22.0,2.1366037625262497
9.0,11.0,0.7282723177665649
9.0,11.0,0.4472658364297955
16.0,17.0,1.3803211044568964
17.0,17.0,0.6591327773927653
21.0,22.0,0.9733783414391116
1.0,4.0,3.9520121927264915
0.0,3.0,1.5841383008468284
3.0,20.0,7.606971016779299
1.0,20.0,2.560524901794186
1.0,6.0,0.39536850399967277
0.0,37.0,1.9807055498942394
1.0,22.0,1.2661823434458317
1.0,15.0,0.53931546541444
1.0,33.0,1.2081101300712471
3.0,28.0,1.3021256755808506
2.0,16.0,0.7942087851485129
1.0,4.0,3.9520121927264915
1.0,3.0,1.5841383008468284
6.0,20.0,7.606971016779299
7.0,20.0,2.560524901794186
3.0,6.0,0.39536850399967277
7.0,37.0,1.9807055498942394
3.0,22.0,1.2661823434458317
6.0,15.0,0.53931546541444
7.0,33.0,1.2081101300712471
7.0,28.0,1.3021256755808506
5.0,16.0,0.7942087851485129
2.0,4.0,3.9520121927264915
1.0,3.0,1.5841383008468284
10.0,20.0,7.606971016779299
6.0,20.0,2.560524901794186
3.0,6.0,0.39536850399967277
11.0,37.0,1.9807055498942394
6.0,22.0,1.2661823434458317
3.0,15.0,0.53931546541444
11.0,33.0,1.2081101300712471
10.0,28.0,1.3021256755808506
7.0,16.0,0.7942087851485129
1.0,4.0,3.9520121927264915
1.0,3.0,1.5841383008468284
10.0,20.0,7.606971016779299
7.0,20.0,2.560524901794186
2.0,6.0,0.39536850399967277
19.0,37.0,1.9807055498942394
11.0,22.0,1.2661823434458317
4.0,15.0,0.53931546541444
6.0,33.0,1.2081101300712471
10.0,28.0,1.3021256755808506
8.0,16.0,0.7942087851485129
2.0,4.0,3.9520121927264915
3.0,3.0,1.5841383008468284
12.0,20.0,7.606971016779299
11.0,20.0,2.560524901794186
2.0,6.0,0.39536850399967277
19.0,37.0,1.9807055498942394
11.0,22.0,1.2661823434458317
9.0,15.0,0.53931546541444
21.0,33.0,1.2081101300712471
15.0,28.0,1.3021256755808506
5.0,16.0,0.7942087851485129
3.0,4.0,3.9520121927264915
2.0,3.0,1.5841383008468284
9.0,20.0,7.606971016779299
13.0,20.0,2.560524901794186
4.0,6.0,0.39536850399967277
23.0,37.0,1.9807055498942394
12.0,22.0,1.2661823434458317
8.0,15.0,0.53931546541444
27.0,33.0,1.2081101300712471
17.0,28.0,1.3021256755808506
12.0,16.0,0.7942087851485129
4.0,4.0,3.9520121927264915
1.0,3.0,1.5841383008468284
17.0,20.0,7.606971016779299
17.0,20.0,2.560524901794186
4.0,6.0,0.39536850399967277
23.0,37.0,1.9807055498942394
17.0,22.0,1.2661823434458317
7.0,15.0,0.53931546541444
22.0,33.0,1.2081101300712471
21.0,28.0,1.3021256755808506
9.0,16.0,0.7942087851485129
4.0,4.0,3.9520121927264915
3.0,3.0,1.5841383008468284
17.0,20.0,7.606971016779299
15.0,20.0,2.560524901794186
5.0,6.0,0.39536850399967277
30.0,37.0,1.9807055498942394
19.0,22.0,1.2661823434458317
13.0,15.0,0.53931546541444
26.0,33.0,1.2081101300712471
24.0,28.0,1.3021256755808506
13.0,16.0,0.7942087851485129
4.0,4.0,3.9520121927264915
3.0,3.0,1.5841383008468284
16.0,20.0,7.606971016779299
20.0,20.0,2.560524901794186
5.0,6.0,0.39536850399967277
32.0,37.0,1.9807055498942394
20.0,22.0,1.2661823434458317
13.0,15.0,0.53931546541444
31.0,33.0,1.2081101300712471
27.0,28.0,1.3021256755808506
15.0,16.0,0.7942087851485129
1.0,6.0,7.017594530294915
1.0,11.0,4.578360255736962
1.0,21.0,3.7024380819801306
1.0,8.0,0.5344862555342506
0.0,3.0,0.25494904892560105
0.0,28.0,1.7056562634784938
1.0,15.0,1.0365828178706056
3.0,17.0,1.6189672407498348
5.0,45.0,1.644206629669714
1.0,14.0,0.44522769946778656
2.0,25.0,0.7410734548596638
1.0,6.0,7.017594530294915
4.0,11.0,4.578360255736962
1.0,21.0,3.7024380819801306
2.0,8.0,0.5344862555342506
1.0,3.0,0.25494904892560105
6.0,28.0,1.7056562634784938
4.0,15.0,1.0365828178706056
4.0,17.0,1.6189672407498348
10.0,45.0,1.644206629669714
1.0,14.0,0.44522769946778656
5.0,25.0,0.7410734548596638
3.0,6.0,7.017594530294915
3.0,11.0,4.578360255736962
4.0,21.0,3.7024380819801306
3.0,8.0,0.5344862555342506
0.0,3.0,0.25494904892560105
9.0,28.0,1.7056562634784938
7.0,15.0,1.0365828178706056
6.0,17.0,1.6189672407498348
14.0,45.0,1.644206629669714
4.0,14.0,0.44522769946778656
11.0,25.0,0.7410734548596638
2.0,6.0,7.017594530294915
0.0,11.0,4.578360255736962
4.0,21.0,3.7024380819801306
3.0,8.0,0.5344862555342506
2.0,3.0,0.25494904892560105
12.0,28.0,1.7056562634784938
6.0,15.0,1.0365828178706056
8.0,17.0,1.6189672407498348
11.0,45.0,1.644206629669714
4.0,14.0,0.44522769946778656
10.0,25.0,0.7410734548596638
3.0,6.0,7.017594530294915
6.0,11.0,4.578360255736962
9.0,21.0,3.7024380819801306
3.0,8.0,0.5344862555342506
1.0,3.0,0.25494904892560105
12.0,28.0,1.7056562634784938
8.0,15.0,1.0365828178706056
12.0,17.0,1.6189672407498348
18.0,45.0,1.644206629669714
9.0,14.0,0.44522769946778656
14.0,25.0,0.7410734548596638
2.0,6.0,7.017594530294915
9.0,11.0,4.578360255736962
12.0,21.0,3.7024380819801306
5.0,8.0,0.5344862555342506
2.0,3.0,0.25494904892560105
18.0,28.0,1.7056562634784938
8.0,15.0,1.0365828178706056
10.0,17.0,1.6189672407498348
24.0,45.0,1.644206629669714
12.0,14.0,0.44522769946778656
12.0,25.0,0.7410734548596638
5.0,6.0,7.017594530294915
7.0,11.0,4.578360255736962
17.0,21.0,3.7024380819801306
6.0,8.0,0.5344862555342506
3.0,3.0,0.25494904892560105
23.0,28.0,1.7056562634784938
11.0,15.0,1.0365828178706056
12.0,17.0,1.6189672407498348
39.0,45.0,1.644206629669714
13.0,14.0,0.44522769946778656
18.0,25.0,0.7410734548596638
3.0,6.0,7.017594530294915
10.0,11.0,4.578360255736962
19.0,21.0,3.7024380819801306
6.0,8.0,0.5344862555342506
3.0,3.0,0.25494904892560105
20.0,28.0,1.7056562634784938
10.0,15.0,1.0365828178706056
16.0,17.0,1.6189672407498348
33.0,45.0,1.644206629669714
12.0,14.0,0.44522769946778656
17.0,25.0,0.7410734548596638
6.0,6.0,7.017594530294915
11.0,11.0,4.578360255736962
21.0,21.0,3.7024380819801306
6.0,8.0,0.5344862555342506
3.0,3.0,0.25494904892560105
25.0,28.0,1.7056562634784938
14.0,15.0,1.0365828178706056
14.0,17.0,1.6189672407498348
42.0,45.0,1.644206629669714
13.0,14.0,0.44522769946778656
24.0,25.0,0.7410734548596638
1.0,4.0,4.754609529312662
3.0,14.0,6.900609883560767
1.0,13.0,1.6556242588642276
1.0,6.0,0.6627887864351372
1.0,9.0,1.0362805884911845
1.0,15.0,1.1888183550219322
1.0,17.0,1.3629337786443003
9.0,71.0,4.029221932364494
2.0,33.0,1.1324990504046297
13.0,68.0,1.5376703335826367
0.0,15.0,0.4353267306958389
1.0,4.0,4.754609529312662
3.0,14.0,6.900609883560767
3.0,13.0,1.6556242588642276
1.0,6.0,0.6627887864351372
4.0,9.0,1.0362805884911845
5.0,15.0,1.1888183550219322
6.0,17.0,1.3629337786443003
16.0,71.0,4.029221932364494
7.0,33.0,1.1324990504046297
19.0,68.0,1.5376703335826367
1.0,15.0,0.4353267306958389
1.0,4.0,4.754609529312662
5.0,14.0,6.900609883560767
6.0,13.0,1.6556242588642276
1.0,6.0,0.6627887864351372
1.0,9.0,1.0362805884911845
3.0,15.0,1.1888183550219322
6.0,17.0,1.3629337786443003
24.0,71.0,4.029221932364494
11.0,33.0,1.1324990504046297
22.0,68.0,1.5376703335826367
4.0,15.0,0.4353267306958389
2.0,4.0,4.754609529312662
5.0,14.0,6.900609883560767
5.0,13.0,1.6556242588642276
2.0,6.0,0.6627887864351372
3.0,9.0,1.0362805884911845
7.0,15.0,1.1888183550219322
11.0,17.0,1.3629337786443003
37.0,71.0,4.029221932364494
13.0,33.0,1.1324990504046297
26.0,68.0,1.5376703335826367
6.0,15.0,0.4353267306958389
2.0,4.0,4.754609529312662
4.0,14.0,6.900609883560767
6.0,13.0,1.6556242588642276
3.0,6.0,0.6627887864351372
5.0,9.0,1.0362805884911845
8.0,15.0,1.1888183550219322
14.0,17.0,1.3629337786443003
30.0,71.0,4.029221932364494
11.0,33.0,1.1324990504046297
30.0,68.0,1.5376703335826367
5.0,15.0,0.4353267306958389
1.0,4.0,4.754609529312662
10.0,14.0,6.900609883560767
9.0,13.0,1.6556242588642276
2.0,6.0,0.6627887864351372
3.0,9.0,1.0362805884911845
10.0,15.0,1.1888183550219322
7.0,17.0,1.3629337786443003
39.0,71.0,4.029221932364494
15.0,33.0,1.1324990504046297
42.0,68.0,1.5376703335826367
10.0,15.0,0.4353267306958389
3.0,4.0,4.754609529312662
13.0,14.0,6.900609883560767
11.0,13.0,1.6556242588642276
6.0,6.0,0.6627887864351372
6.0,9.0,1.0362805884911845
11.0,15.0,1.1888183550219322
12.0,17.0,1.3629337786443003
48.0,71.0,4.029221932364494
22.0,33.0,1.1324990504046297
47.0,68.0,1.5376703335826367
12.0,15.0,0.4353267306958389
3.0,4.0,4.754609529312662
11.0,14.0,6.900609883560767
9.0,13.0,1.6556242588642276
6.0,6.0,0.6627887864351372
5.0,9.0,1.0362805884911845
14.0,15.0,1.1888183550219322
14.0,17.0,1.3629337786443003
53.0,71.0,4.029221932364494
29.0,33.0,1.1324990504046297
57.0,68.0,1.5376703335826367
12.0,15.0,0.4353267306958389
3.0,4.0,4.754609529312662
13.0,14.0,6.900609883560767
9.0,13.0,1.6556242588642276
6.0,6.0,0.6627887864351372
9.0,9.0,1.0362805884911845
13.0,15.0,1.1888183550219322
15.0,17.0,1.3629337786443003
63.0,71.0,4.029221932364494
27.0,33.0,1.1324990504046297
62.0,68.0,1.5376703335826367
13.0,15.0,0.4353267306958389
2.0,4.0,7.633605231109687
4.0,34.0,13.82099678521312
3.0,9.0,1.372038299257038
1.0,17.0,1.2363818405784692
4.0,61.0,3.6729564534902153
1.0,32.0,0.9476753021367281
9.0,86.0,2.4067522727344315
1.0,29.0,0.5638022757471678
5.0,32.0,0.641786350727989
3.0,19.0,0.46707655691526945
4.0,30.0,0.8724536793918681
1.0,4.0,7.633605231109687
6.0,34.0,13.82099678521312
3.0,9.0,1.372038299257038
4.0,17.0,1.2363818405784692
9.0,61.0,3.6729564534902153
4.0,32.0,0.9476753021367281
21.0,86.0,2.4067522727344315
6.0,29.0,0.5638022757471678
7.0,32.0,0.641786350727989
8.0,19.0,0.46707655691526945
6.0,30.0,0.8724536793918681
3.0,4.0,7.633605231109687
14.0,34.0,13.82099678521312
2.0,9.0,1.372038299257038
2.0,17.0,1.2363818405784692
20.0,61.0,3.6729564534902153
9.0,32.0,0.9476753021367281
23.0,86.0,2.4067522727344315
12.0,29.0,0.5638022757471678
13.0,32.0,0.641786350727989
5.0,19.0,0.46707655691526945
15.0,30.0,0.8724536793918681
2.0,4.0,7.633605231109687
15.0,34.0,13.82099678521312
5.0,9.0,1.372038299257038
6.0,17.0,1.2363818405784692
23.0,61.0,3.6729564534902153
5.0,32.0,0.9476753021367281
34.0,86.0,2.4067522727344315
9.0,29.0,0.5638022757471678
13.0,32.0,0.641786350727989
6.0,19.0,0.46707655691526945
11.0,30.0,0.8724536793918681
2.0,4.0,7.633605231109687
22.0,34.0,13.82099678521312
7.0,9.0,1.372038299257038
8.0,17.0,1.2363818405784692
32.0,61.0,3.6729564534902153
16.0,32.0,0.9476753021367281
42.0,86.0,2.4067522727344315
11.0,29.0,0.5638022757471678
14.0,32.0,0.641786350727989
6.0,19.0,0.46707655691526945
11.0,30.0,0.8724536793918681
2.0,4.0,7.633605231109687
18.0,34.0,13.82099678521312
6.0,9.0,1.372038299257038
12.0,17.0,1.2363818405784692
37.0,61.0,3.6729564534902153
20.0,32.0,0.9476753021367281
50.0,86.0,2.4067522727344315
15.0,29.0,0.5638022757471678
22.0,32.0,0.641786350727989
10.0,19.0,0.46707655691526945
18.0,30.0,0.8724536793918681
2.0,4.0,7.633605231109687
23.0,34.0,13.82099678521312
6.0,9.0,1.372038299257038
11.0,17.0,1.2363818405784692
46.0,61.0,3.6729564534902153
23.0,32.0,0.9476753021367281
67.0,86.0,2.4067522727344315
18.0,29.0,0.5638022757471678
27.0,32.0,0.641786350727989
13.0,19.0,0.46707655691526945
24.0,30.0,0.8724536793918681
3.0,4.0,7.633605231109687
23.0,34.0,13.82099678521312
6.0,9.0,1.372038299257038
14.0,17.0,1.2363818405784692
49.0,61.0,3.6729564534902153
30.0,32.0,0.9476753021367281
63.0,86.0,2.4067522727344315
26.0,29.0,0.5638022757471678
23.0,32.0,0.641786350727989
14.0,19.0,0.46707655691526945
22.0,30.0,0.8724536793918681
3.0,4.0,7.633605231109687
32.0,34.0,13.82099678521312
8.0,9.0,1.372038299257038
16.0,17.0,1.2363818405784692
50.0,61.0,3.6729564534902153
30.0,32.0,0.9476753021367281
80.0,86.0,2.4067522727344315
22.0,29.0,0.5638022757471678
29.0,32.0,0.641786350727989
17.0,19.0,0.46707655691526945
27.0,30.0,0.8724536793918681
1.0,3.0,4.088347898506491
1.0,7.0,6.461804526419506
1.0,3.0,0.22729266791714856
3.0,27.0,5.202233023459508
2.0,13.0,1.1202012555299736
3.0,48.0,2.9096832379239808
5.0,38.0,1.489316033830757
0.0,3.0,0.06406910175443847
4.0,34.0,1.1983801755368289
2.0,34.0,1.301619189574819
1.0,9.0,0.324662851587633
1.0,3.0,4.088347898506491
2.0,7.0,6.461804526419506
0.0,3.0,0.22729266791714856
5.0,27.0,5.202233023459508
2.0,13.0,1.1202012555299736
10.0,48.0,2.9096832379239808
7.0,38.0,1.489316033830757
0.0,3.0,0.06406910175443847
7.0,34.0,1.1983801755368289
7.0,34.0,1.301619189574819
2.0,9.0,0.324662851587633
2.0,3.0,4.088347898506491
2.0,7.0,6.461804526419506
1.0,3.0,0.22729266791714856
8.0,27.0,5.202233023459508
4.0,13.0,1.1202012555299736
14.0,48.0,2.9096832379239808
15.0,38.0,1.489316033830757
2.0,3.0,0.06406910175443847
5.0,34.0,1.1983801755368289
11.0,34.0,1.301619189574819
3.0,9.0,0.324662851587633
1.0,3.0,4.088347898506491
5.0,7.0,6.461804526419506
0.0,3.0,0.22729266791714856
11.0,27.0,5.202233023459508
6.0,13.0,1.1202012555299736
18.0,48.0,2.9096832379239808
12.0,38.0,1.489316033830757
1.0,3.0,0.06406910175443847
16.0,34.0,1.1983801755368289
11.0,34.0,1.301619189574819
4.0,9.0,0.324662851587633
1.0,3.0,4.088347898506491
2.0,7.0,6.461804526419506
1.0,3.0,0.22729266791714856
19.0,27.0,5.202233023459508
2.0,13.0,1.1202012555299736
22.0,48.0,2.9096832379239808
25.0,38.0,1.489316033830757
1.0,3.0,0.06406910175443847
22.0,34.0,1.1983801755368289
15.0,34.0,1.301619189574819
2.0,9.0,0.324662851587633
3.0,3.0,4.088347898506491
3.0,7.0,6.461804526419506
2.0,3.0,0.22729266791714856
13.0,27.0,5.202233023459508
6.0,13.0,1.1202012555299736
32.0,48.0,2.9096832379239808
24.0,38.0,1.489316033830757
2.0,3.0,0.06406910175443847
24.0,34.0,1.1983801755368289
24.0,34.0,1.301619189574819
5.0,9.0,0.324662851587633
2.0,3.0,4.088347898506491
6.0,7.0,6.461804526419506
1.0,3.0,0.22729266791714856
21.0,27.0,5.202233023459508
9.0,13.0,1.1202012555299736
29.0,48.0,2.9096832379239808
23.0,38.0,1.489316033830757
2.0,3.0,0.06406910175443847
22.0,34.0,1.1983801755368289
21.0,34.0,1.301619189574819
5.0,9.0,0.324662851587633
3.0,3.0,4.088347898506491
7.0,7.0,6.461804526419506
3.0,3.0,0.22729266791714856
25.0,27.0,5.202233023459508
12.0,13.0,1.1202012555299736
39.0,48.0,2.9096832379239808
32.0,38.0,1.489316033830757
3.0,3.0,0.06406910175443847
29.0,34.0,1.1983801755368289
24.0,34.0,1.301619189574819
6.0,9.0,0.324662851587633
2.0,3.0,4.088347898506491
7.0,7.0,6.461804526419506
3.0,3.0,0.22729266791714856
26.0,27.0,5.202233023459508
11.0,13.0,1.1202012555299736
43.0,48.0,2.9096832379239808
31.0,38.0,1.489316033830757
2.0,3.0,0.06406910175443847
32.0,34.0,1.1983801755368289
31.0,34.0,1.301619189574819
9.0,9.0,0.324662851587633
1.0,3.0,3.772164285501527
0.0,3.0,2.0814139076597447
1.0,11.0,2.548247190499266
2.0,28.0,7.147627965335705
2.0,11.0,0.7969762553861904
0.0,18.0,1.428279145939355
1.0,17.0,0.9534406589989364
1.0,32.0,2.0825494570712206
1.0,10.0,0.5589991557817227
2.0,32.0,1.9567521253463007
9.0,44.0,2.130616439083584
1.0,3.0,3.772164285501527
1.0,3.0,2.0814139076597447
4.0,11.0,2.548247190499266
5.0,28.0,7.147627965335705
1.0,11.0,0.7969762553861904
5.0,18.0,1.428279145939355
2.0,17.0,0.9534406589989364
6.0,32.0,2.0825494570712206
4.0,10.0,0.5589991557817227
5.0,32.0,1.9567521253463007
9.0,44.0,2.130616439083584
1.0,3.0,3.772164285501527
0.0,3.0,2.0814139076597447
4.0,11.0,2.548247190499266
9.0,28.0,7.147627965335705
1.0,11.0,0.7969762553861904
6.0,18.0,1.428279145939355
6.0,17.0,0.9534406589989364
10.0,32.0,2.0825494570712206
1.0,10.0,0.5589991557817227
10.0,32.0,1.9567521253463007
14.0,44.0,2.130616439083584
1.0,3.0,3.772164285501527
0.0,3.0,2.0814139076597447
4.0,11.0,2.548247190499266
14.0,28.0,7.147627965335705
2.0,11.0,0.7969762553861904
6.0,18.0,1.428279145939355
5.0,17.0,0.9534406589989364
9.0,32.0,2.0825494570712206
6.0,10.0,0.5589991557817227
10.0,32.0,1.9567521253463007
13.0,44.0,2.130616439083584
1.0,3.0,3.772164285501527
2.0,3.0,2.0814139076597447
3.0,11.0,2.548247190499266
11.0,28.0,7.147627965335705
7.0,11.0,0.7969762553861904
8.0,18.0,1.428279145939355
8.0,17.0,0.9534406589989364
19.0,32.0,2.0825494570712206
3.0,10.0,0.5589991557817227
15.0,32.0,1.9567521253463007
20.0,44.0,2.130616439083584
3.0,3.0,3.772164285501527
3.0,3.0,2.0814139076597447
5.0,11.0,2.548247190499266
21.0,28.0,7.147627965335705
7.0,11.0,0.7969762553861904
11.0,18.0,1.428279145939355
12.0,17.0,0.9534406589989364
22.0,32.0,2.0825494570712206
5.0,10.0,0.5589991557817227
18.0,32.0,1.9567521253463007
19.0,44.0,2.130616439083584
2.0,3.0,3.772164285501527
3.0,3.0,2.0814139076597447
9.0,11.0,2.548247190499266
17.0,28.0,7.147627965335705
8.0,11.0,0.7969762553861904
11.0,18.0,1.428279145939355
15.0,17.0,0.9534406589989364
24.0,32.0,2.0825494570712206
8.0,10.0,0.5589991557817227
21.0,32.0,1.9567521253463007
30.0,44.0,2.130616439083584
2.0,3.0,3.772164285501527
2.0,3.0,2.0814139076597447
10.0,11.0,2.548247190499266
23.0,28.0,7.147627965335705
10.0,11.0,0.7969762553861904
15.0,18.0,1.428279145939355
15.0,17.0,0.9534406589989364
26.0,32.0,2.0825494570712206
7.0,10.0,0.5589991557817227
28.0,32.0,1.9567521253463007
35.0,44.0,2.130616439083584
2.0,3.0,3.772164285501527
3.0,3.0,2.0814139076597447
9.0,11.0,2.548247190499266
28.0,28.0,7.147627965335705
9.0,11.0,0.7969762553861904
17.0,18.0,1.428279145939355
17.0,17.0,0.9534406589989364
31.0,32.0,2.0825494570712206
8.0,10.0,0.5589991557817227
30.0,32.0,1.9567521253463007
40.0,44.0,2.130616439083584
2.0,9.0,13.184895559845666
3.0,22.0,6.823514747358683
2.0,27.0,2.3764169189094377
0.0,8.0,0.385645102853871
1.0,9.0,0.4084740853352219
1.0,17.0,1.5644049738822736
5.0,22.0,1.9938063776697956
3.0,27.0,1.620320622650752
1.0,29.0,1.3020407055528787
4.0,29.0,1.1687504221765055
3.0,39.0,1.9164799618742285
1.0,9.0,13.184895559845666
7.0,22.0,6.823514747358683
4.0,27.0,2.3764169189094377
1.0,8.0,0.385645102853871
0.0,9.0,0.4084740853352219
3.0,17.0,1.5644049738822736
4.0,22.0,1.9938063776697956
5.0,27.0,1.620320622650752
7.0,29.0,1.3020407055528787
6.0,29.0,1.1687504221765055
13.0,39.0,1.9164799618742285
3.0,9.0,13.184895559845666
9.0,22.0,6.823514747358683
9.0,27.0,2.3764169189094377
2.0,8.0,0.385645102853871
3.0,9.0,0.4084740853352219
6.0,17.0,1.5644049738822736
6.0,22.0,1.9938063776697956
5.0,27.0,1.620320622650752
11.0,29.0,1.3020407055528787
9.0,29.0,1.1687504221765055
8.0,39.0,1.9164799618742285
2.0,9.0,13.184895559845666
10.0,22.0,6.823514747358683
10.0,27.0,2.3764169189094377
4.0,8.0,0.385645102853871
2.0,9.0,0.4084740853352219
9.0,17.0,1.5644049738822736
10.0,22.0,1.9938063776697956
14.0,27.0,1.620320622650752
7.0,29.0,1.3020407055528787
15.0,29.0,1.1687504221765055
19.0,39.0,1.9164799618742285
3.0,9.0,13.184895559845666
10.0,22.0,6.823514747358683
13.0,27.0,2.3764169189094377
5.0,8.0,0.385645102853871
3.0,9.0,0.4084740853352219
10.0,17.0,1.5644049738822736
12.0,22.0,1.9938063776697956
8.0,27.0,1.620320622650752
21.0,29.0,1.3020407055528787
18.0,29.0,1.1687504221765055
24.0,39.0,1.9164799618742285
5.0,9.0,13.184895559845666
12.0,22.0,6.823514747358683
16.0,27.0,2.3764169189094377
5.0,8.0,0.385645102853871
5.0,9.0,0.4084740853352219
13.0,17.0,1.5644049738822736
12.0,22.0,1.9938063776697956
15.0,27.0,1.620320622650752
17.0,29.0,1.3020407055528787
18.0,29.0,1.1687504221765055
25.0,39.0,1.9164799618742285
8.0,9.0,13.184895559845666
15.0,22.0,6.823514747358683
17.0,27.0,2.3764169189094377
5.0,8.0,0.385645102853871
6.0,9.0,0.4084740853352219
13.0,17.0,1.5644049738822736
17.0,22.0,1.9938063776697956
20.0,27.0,1.620320622650752
21.0,29.0,1.3020407055528787
19.0,29.0,1.1687504221765055
34.0,39.0,1.9164799618742285
9.0,9.0,13.184895559845666
19.0,22.0,6.823514747358683
21.0,27.0,2.3764169189094377
8.0,8.0,0.385645102853871
6.0,9.0,0.4084740853352219
14.0,17.0,1.5644049738822736
18.0,22.0,1.9938063776697956
19.0,27.0,1.620320622650752
23.0,29.0,1.3020407055528787
22.0,29.0,1.1687504221765055
32.0,39.0,1.9164799618742285
8.0,9.0,13.184895559845666
19.0,22.0,6.823514747358683
26.0,27.0,2.3764169189094377
8.0,8.0,0.385645102853871
8.0,9.0,0.4084740853352219
16.0,17.0,1.5644049738822736
20.0,22.0,1.9938063776697956
21.0,27.0,1.620320622650752
25.0,29.0,1.3020407055528787
24.0,29.0,1.1687504221765055
37.0,39.0,1.9164799618742285
1.0,4.0,10.137087430723078
1.0,3.0,1.3476926508685545
2.0,7.0,3.9855803470625717
5.0,20.0,5.976125226438934
1.0,7.0,0.7168167581037477
2.0,9.0,0.2895521934209622
0.0,6.0,0.27752896874603455
8.0,46.0,5.1956765237469416
1.0,31.0,1.6607977211158835
1.0,6.0,0.3318074423948997
8.0,52.0,2.004233847088234
2.0,4.0,10.137087430723078
1.0,3.0,1.3476926508685545
3.0,7.0,3.9855803470625717
1.0,20.0,5.976125226438934
2.0,7.0,0.7168167581037477
2.0,9.0,0.2895521934209622
1.0,6.0,0.27752896874603455
11.0,46.0,5.1956765237469416
10.0,31.0,1.6607977211158835
2.0,6.0,0.3318074423948997
12.0,52.0,2.004233847088234
1.0,4.0,10.137087430723078
2.0,3.0,1.3476926508685545
1.0,7.0,3.9855803470625717
7.0,20.0,5.976125226438934
3.0,7.0,0.7168167581037477
0.0,9.0,0.2895521934209622
1.0,6.0,0.27752896874603455
10.0,46.0,5.1956765237469416
12.0,31.0,1.6607977211158835
0.0,6.0,0.3318074423948997
13.0,52.0,2.004233847088234
1.0,4.0,10.137087430723078
1.0,3.0,1.3476926508685545
4.0,7.0,3.9855803470625717
11.0,20.0,5.976125226438934
3.0,7.0,0.7168167581037477
5.0,9.0,0.2895521934209622
3.0,6.0,0.27752896874603455
18.0,46.0,5.1956765237469416
10.0,31.0,1.6607977211158835
2.0,6.0,0.3318074423948997
24.0,52.0,2.004233847088234
2.0,4.0,10.137087430723078
3.0,3.0,1.3476926508685545
5.0,7.0,3.9855803470625717
12.0,20.0,5.976125226438934
3.0,7.0,0.7168167581037477
5.0,9.0,0.2895521934209622
4.0,6.0,0.27752896874603455
30.0,46.0,5.1956765237469416
16.0,31.0,1.6607977211158835
3.0,6.0,0.3318074423948997
29.0,52.0,2.004233847088234
2.0,4.0,10.137087430723078
2.0,3.0,1.3476926508685545
5.0,7.0,3.9855803470625717
14.0,20.0,5.976125226438934
6.0,7.0,0.7168167581037477
6.0,9.0,0.2895521934209622
3.0,6.0,0.27752896874603455
26.0,46.0,5.1956765237469416
18.0,31.0,1.6607977211158835
5.0,6.0,0.3318074423948997
38.0,52.0,2.004233847088234
2.0,4.0,10.137087430723078
2.0,3.0,1.3476926508685545
6.0,7.0,3.9855803470625717
14.0,20.0,5.976125226438934
7.0,7.0,0.7168167581037477
4.0,9.0,0.2895521934209622
3.0,6.0,0.27752896874603455
32.0,46.0,5.1956765237469416
20.0,31.0,1.6607977211158835
5.0,6.0,0.3318074423948997
37.0,52.0,2.004233847088234
4.0,4.0,10.137087430723078
3.0,3.0,1.3476926508685545
7.0,7.0,3.9855803470625717
17.0,20.0,5.976125226438934
6.0,7.0,0.7168167581037477
8.0,9.0,0.2895521934209622
4.0,6.0,0.27752896874603455
37.0,46.0,5.1956765237469416
21.0,31.0,1.6607977211158835
5.0,6.0,0.3318074423948997
45.0,52.0,2.004233847088234
4.0,4.0,10.137087430723078
3.0,3.0,1.3476926508685545
7.0,7.0,3.9855803470625717
19.0,20.0,5.976125226438934
7.0,7.0,0.7168167581037477
9.0,9.0,0.2895521934209622
5.0,6.0,0.27752896874603455
42.0,46.0,5.1956765237469416
27.0,31.0,1.6607977211158835
5.0,6.0,0.3318074423948997
49.0,52.0,2.004233847088234
1.0,3.0,5.852765958961235
0.0,3.0,2.3474718007421442
1.0,6.0,3.9075605884206523
0.0,11.0,3.1171155318076518
5.0,32.0,3.3114939618032997
2.0,8.0,0.535094500330412
6.0,53.0,3.3493314192277586
2.0,11.0,0.3906480050451981
1.0,8.0,0.14651330761903536
4.0,35.0,1.4972658041798228
4.0,24.0,1.1147047398808385
1.0,3.0,5.852765958961235
0.0,3.0,2.3474718007421442
1.0,6.0,3.9075605884206523
4.0,11.0,3.1171155318076518
10.0,32.0,3.3114939618032997
1.0,8.0,0.535094500330412
17.0,53.0,3.3493314192277586
2.0,11.0,0.3906480050451981
2.0,8.0,0.14651330761903536
6.0,35.0,1.4972658041798228
6.0,24.0,1.1147047398808385
1.0,3.0,5.852765958961235
2.0,3.0,2.3474718007421442
1.0,6.0,3.9075605884206523
5.0,11.0,3.1171155318076518
7.0,32.0,3.3114939618032997
3.0,8.0,0.535094500330412
12.0,53.0,3.3493314192277586
4.0,11.0,0.3906480050451981
4.0,8.0,0.14651330761903536
13.0,35.0,1.4972658041798228
9.0,24.0,1.1147047398808385
1.0,3.0,5.852765958961235
3.0,3.0,2.3474718007421442
2.0,6.0,3.9075605884206523
4.0,11.0,3.1171155318076518
13.0,32.0,3.3114939618032997
2.0,8.0,0.535094500330412
22.0,53.0,3.3493314192277586
6.0,11.0,0.3906480050451981
2.0,8.0,0.14651330761903536
9.0,35.0,1.4972658041798228
13.0,24.0,1.1147047398808385
2.0,3.0,5.852765958961235
3.0,3.0,2.3474718007421442
3.0,6.0,3.9075605884206523
5.0,11.0,3.1171155318076518
15.0,32.0,3.3114939618032997
2.0,8.0,0.535094500330412
24.0,53.0,3.3493314192277586
5.0,11.0,0.3906480050451981
5.0,8.0,0.14651330761903536
18.0,35.0,1.4972658041798228
13.0,24.0,1.1147047398808385
2.0,3.0,5.852765958961235
2.0,3.0,2.3474718007421442
3.0,6.0,3.9075605884206523
7.0,11.0,3.1171155318076518
18.0,32.0,3.3114939618032997
4.0,8.0,0.535094500330412
32.0,53.0,3.3493314192277586
6.0,11.0,0.3906480050451981
4.0,8.0,0.14651330761903536
18.0,35.0,1.4972658041798228
14.0,24.0,1.1147047398808385
2.0,3.0,5.852765958961235
2.0,3.0,2.3474718007421442
3.0,6.0,3.9075605884206523
9.0,11.0,3.1171155318076518
21.0,32.0,3.3114939618032997
6.0,8.0,0.535094500330412
35.0,53.0,3.3493314192277586
7.0,11.0,0.3906480050451981
7.0,8.0,0.14651330761903536
25.0,35.0,1.4972658041798228
18.0,24.0,1.1147047398808385
3.0,3.0,5.852765958961235
2.0,3.0,2.3474718007421442
6.0,6.0,3.9075605884206523
11.0,11.0,3.1171155318076518
25.0,32.0,3.3114939618032997
7.0,8.0,0.535094500330412
42.0,53.0,3.3493314192277586
10.0,11.0,0.3906480050451981
6.0,8.0,0.14651330761903536
32.0,35.0,1.4972658041798228
19.0,24.0,1.1147047398808385
3.0,3.0,5.852765958961235
3.0,3.0,2.3474718007421442
6.0,6.0,3.9075605884206523
11.0,11.0,3.1171155318076518
32.0,32.0,3.3114939618032997
8.0,8.0,0.535094500330412
49.0,53.0,3.3493314192277586
10.0,11.0,0.3906480050451981
7.0,8.0,0.14651330761903536
31.0,35.0,1.4972658041798228
24.0,24.0,1.1147047398808385
1.0,8.0,7.129746453968867
0.0,9.0,3.9302252938696665
1.0,17.0,3.1015462849591064
2.0,10.0,0.9369365148232038
1.0,8.0,0.5856299267893464
3.0,7.0,1.6576749240761441
0.0,21.0,2.3477547070434617
3.0,16.0,1.447767555887971
2.0,19.0,0.8679024735565753
15.0,88.0,3.8547271915104164
1.0,33.0,0.7202778159721914
1.0,8.0,7.129746453968867
1.0,9.0,3.9302252938696665
3.0,17.0,3.1015462849591064
2.0,10.0,0.9369365148232038
2.0,8.0,0.5856299267893464
1.0,7.0,1.6576749240761441
3.0,21.0,2.3477547070434617
3.0,16.0,1.447767555887971
6.0,19.0,0.8679024735565753
15.0,88.0,3.8547271915104164
5.0,33.0,0.7202778159721914
2.0,8.0,7.129746453968867
4.0,9.0,3.9302252938696665
9.0,17.0,3.1015462849591064
5.0,10.0,0.9369365148232038
1.0,8.0,0.5856299267893464
4.0,7.0,1.6576749240761441
7.0,21.0,2.3477547070434617
5.0,16.0,1.447767555887971
5.0,19.0,0.8679024735565753
24.0,88.0,3.8547271915104164
10.0,33.0,0.7202778159721914
6.0,8.0,7.129746453968867
3.0,9.0,3.9302252938696665
7.0,17.0,3.1015462849591064
2.0,10.0,0.9369365148232038
4.0,8.0,0.5856299267893464
3.0,7.0,1.6576749240761441
8.0,21.0,2.3477547070434617
6.0,16.0,1.447767555887971
4.0,19.0,0.8679024735565753
39.0,88.0,3.8547271915104164
14.0,33.0,0.7202778159721914
3.0,8.0,7.129746453968867
3.0,9.0,3.9302252938696665
8.0,17.0,3.1015462849591064
6.0,10.0,0.9369365148232038
4.0,8.0,0.5856299267893464
2.0,7.0,1.6576749240761441
12.0,21.0,2.3477547070434617
8.0,16.0,1.447767555887971
12.0,19.0,0.8679024735565753
38.0,88.0,3.8547271915104164
11.0,33.0,0.7202778159721914
6.0,8.0,7.129746453968867
5.0,9.0,3.9302252938696665
11.0,17.0,3.1015462849591064
5.0,10.0,0.9369365148232038
3.0,8.0,0.5856299267893464
6.0,7.0,1.6576749240761441
12.0,21.0,2.3477547070434617
9.0,16.0,1.447767555887971
10.0,19.0,0.8679024735565753
53.0,88.0,3.8547271915104164
20.0,33.0,0.7202778159721914
7.0,8.0,7.129746453968867
5.0,9.0,3.9302252938696665
11.0,17.0,3.1015462849591064
6.0,10.0,0.9369365148232038
5.0,8.0,0.5856299267893464
3.0,7.0,1.6576749240761441
11.0,21.0,2.3477547070434617
12.0,16.0,1.447767555887971
12.0,19.0,0.8679024735565753
66.0,88.0,3.8547271915104164
21.0,33.0,0.7202778159721914
8.0,8.0,7.129746453968867
6.0,9.0,3.9302252938696665
12.0,17.0,3.1015462849591064
10.0,10.0,0.9369365148232038
6.0,8.0,0.5856299267893464
6.0,7.0,1.6576749240761441
17.0,21.0,2.3477547070434617
12.0,16.0,1.447767555887971
12.0,19.0,0.8679024735565753
71.0,88.0,3.8547271915104164
25.0,33.0,0.7202778159721914
8.0,8.0,7.129746453968867
9.0,9.0,3.9302252938696665
15.0,17.0,3.1015462849591064
9.0,10.0,0.9369365148232038
5.0,8.0,0.5856299267893464
7.0,7.0,1.6576749240761441
18.0,21.0,2.3477547070434617
15.0,16.0,1.447767555887971
19.0,19.0,0.8679024735565753
80.0,88.0,3.8547271915104164
31.0,33.0,0.7202778159721914
2.0,6.0,5.531331241153646
2.0,3.0,0.8815648766335092
2.0,11.0,2.336700202683361
1.0,2.0,0.7778189918211117
4.0,23.0,3.2618804096943137
7.0,30.0,2.494288268208789
7.0,81.0,3.6993440881783686
9.0,66.0,2.039740031293776
5.0,31.0,0.6266114810609672
0.0,5.0,0.13774960549182522
6.0,49.0,1.4798911446411704
1.0,6.0,5.531331241153646
1.0,3.0,0.8815648766335092
5.0,11.0,2.336700202683361
0.0,2.0,0.7778189918211117
3.0,23.0,3.2618804096943137
1.0,30.0,2.494288268208789
20.0,81.0,3.6993440881783686
16.0,66.0,2.039740031293776
8.0,31.0,0.6266114810609672
1.0,5.0,0.13774960549182522
8.0,49.0,1.4798911446411704
1.0,6.0,5.531331241153646
1.0,3.0,0.8815648766335092
3.0,11.0,2.336700202683361
1.0,2.0,0.7778189918211117
6.0,23.0,3.2618804096943137
6.0,30.0,2.494288268208789
29.0,81.0,3.6993440881783686
22.0,66.0,2.039740031293776
11.0,31.0,0.6266114810609672
0.0,5.0,0.13774960549182522
14.0,49.0,1.4798911446411704
1.0,6.0,5.531331241153646
2.0,3.0,0.8815648766335092
3.0,11.0,2.336700202683361
0.0,2.0,0.7778189918211117
8.0,23.0,3.2618804096943137
11.0,30.0,2.494288268208789
30.0,81.0,3.6993440881783686
26.0,66.0,2.039740031293776
13.0,31.0,0.6266114810609672
3.0,5.0,0.13774960549182522
16.0,49.0,1.4798911446411704
5.0,6.0,5.531331241153646
1.0,3.0,0.8815648766335092
4.0,11.0,2.336700202683361
1.0,2.0,0.7778189918211117
15.0,23.0,3.2618804096943137
11.0,30.0,2.494288268208789
34.0,81.0,3.6993440881783686
31.0,66.0,2.039740031293776
17.0,31.0,0.6266114810609672
3.0,5.0,0.13774960549182522
23.0,49.0,1.4798911446411704
4.0,6.0,5.531331241153646
2.0,3.0,0.8815648766335092
5.0,11.0,2.336700202683361
2.0,2.0,0.7778189918211117
11.0,23.0,3.2618804096943137
15.0,30.0,2.494288268208789
49.0,81.0,3.6993440881783686
43.0,66.0,2.039740031293776
13.0,31.0,0.6266114810609672
2.0,5.0,0.13774960549182522
33.0,49.0,1.4798911446411704
4.0,6.0,5.531331241153646
2.0,3.0,0.8815648766335092
5.0,11.0,2.336700202683361
2.0,2.0,0.7778189918211117
15.0,23.0,3.2618804096943137
19.0,30.0,2.494288268208789
53.0,81.0,3.6993440881783686
45.0,66.0,2.039740031293776
27.0,31.0,0.6266114810609672
4.0,5.0,0.13774960549182522
39.0,49.0,1.4798911446411704
5.0,6.0,5.531331241153646
3.0,3.0,0.8815648766335092
7.0,11.0,2.336700202683361
1.0,2.0,0.7778189918211117
19.0,23.0,3.2618804096943137
21.0,30.0,2.494288268208789
59.0,81.0,3.6993440881783686
43.0,66.0,2.039740031293776
26.0,31.0,0.6266114810609672
2.0,5.0,0.13774960549182522
39.0,49.0,1.4798911446411704
6.0,6.0,5.531331241153646
3.0,3.0,0.8815648766335092
10.0,11.0,2.336700202683361
2.0,2.0,0.7778189918211117
20.0,23.0,3.2618804096943137
29.0,30.0,2.494288268208789
73.0,81.0,3.6993440881783686
61.0,66.0,2.039740031293776
29.0,31.0,0.6266114810609672
5.0,5.0,0.13774960549182522
45.0,49.0,1.4798911446411704
1.0,6.0,4.23478746560257
0.0,6.0,3.856495224599089
1.0,5.0,1.4036680941355169
1.0,4.0,0.832714340531992
2.0,16.0,2.817315133069879
4.0,32.0,2.792970521454541
10.0,96.0,4.809252399078282
0.0,4.0,0.16537886019869738
0.0,4.0,0.06585699248657265
3.0,49.0,1.570644546536759
2.0,38.0,1.3124171670885152
1.0,6.0,4.23478746560257
1.0,6.0,3.856495224599089
2.0,5.0,1.4036680941355169
1.0,4.0,0.832714340531992
3.0,16.0,2.817315133069879
4.0,32.0,2.792970521454541
18.0,96.0,4.809252399078282
1.0,4.0,0.16537886019869738
1.0,4.0,0.06585699248657265
10.0,49.0,1.570644546536759
8.0,38.0,1.3124171670885152
2.0,6.0,4.23478746560257
2.0,6.0,3.856495224599089
1.0,5.0,1.4036680941355169
2.0,4.0,0.832714340531992
3.0,16.0,2.817315133069879
6.0,32.0,2.792970521454541
25.0,96.0,4.809252399078282
1.0,4.0,0.16537886019869738
1.0,4.0,0.06585699248657265
11.0,49.0,1.570644546536759
12.0,38.0,1.3124171670885152
1.0,6.0,4.23478746560257
1.0,6.0,3.856495224599089
2.0,5.0,1.4036680941355169
3.0,4.0,0.832714340531992
6.0,16.0,2.817315133069879
15.0,32.0,2.792970521454541
43.0,96.0,4.809252399078282
3.0,4.0,0.16537886019869738
1.0,4.0,0.06585699248657265
17.0,49.0,1.570644546536759
20.0,38.0,1.3124171670885152
3.0,6.0,4.23478746560257
3.0,6.0,3.856495224599089
4.0,5.0,1.4036680941355169
2.0,4.0,0.832714340531992
11.0,16.0,2.817315133069879
18.0,32.0,2.792970521454541
45.0,96.0,4.809252399078282
3.0,4.0,0.16537886019869738
1.0,4.0,0.06585699248657265
20.0,49.0,1.570644546536759
23.0,38.0,1.3124171670885152
6.0,6.0,4.23478746560257
3.0,6.0,3.856495224599089
4.0,5.0,1.4036680941355169
3.0,4.0,0.832714340531992
9.0,16.0,2.817315133069879
16.0,32.0,2.792970521454541
63.0,96.0,4.809252399078282
3.0,4.0,0.16537886019869738
3.0,4.0,0.06585699248657265
28.0,49.0,1.570644546536759
26.0,38.0,1.3124171670885152
4.0,6.0,4.23478746560257
5.0,6.0,3.856495224599089
5.0,5.0,1.4036680941355169
4.0,4.0,0.832714340531992
12.0,16.0,2.817315133069879
21.0,32.0,2.792970521454541
72.0,96.0,4.809252399078282
2.0,4.0,0.16537886019869738
4.0,4.0,0.06585699248657265
35.0,49.0,1.570644546536759
28.0,38.0,1.3124171670885152
4.0,6.0,4.23478746560257
5.0,6.0,3.856495224599089
3.0,5.0,1.4036680941355169
2.0,4.0,0.832714340531992
14.0,16.0,2.817315133069879
21.0,32.0,2.792970521454541
77.0,96.0,4.809252399078282
2.0,4.0,0.16537886019869738
4.0,4.0,0.06585699248657265
45.0,49.0,1.570644546536759
27.0,38.0,1.3124171670885152
6.0,6.0,4.23478746560257
5.0,6.0,3.856495224599089
3.0,5.0,1.4036680941355169
3.0,4.0,0.832714340531992
16.0,16.0,2.817315133069879
27.0,32.0,2.792970521454541
84.0,96.0,4.809252399078282
3.0,4.0,0.16537886019869738
4.0,4.0,0.06585699248657265
43.0,49.0,1.570644546536759
34.0,38.0,1.3124171670885152
1.0,3.0,1.0909291855767698
1.0,2.0,1.9666659280996346
1.0,6.0,2.1604361466329847
2.0,27.0,6.123582845470841
0.0,6.0,0.7625201181598301
1.0,14.0,0.8892529921118889
5.0,60.0,4.562059682881363
8.0,96.0,3.161341238464527
4.0,27.0,0.5484087488989012
9.0,79.0,1.3622350972607808
5.0,28.0,0.46057175665720357
2.0,3.0,1.0909291855767698
1.0,2.0,1.9666659280996346
1.0,6.0,2.1604361466329847
7.0,27.0,6.123582845470841
1.0,6.0,0.7625201181598301
4.0,14.0,0.8892529921118889
10.0,60.0,4.562059682881363
19.0,96.0,3.161341238464527
7.0,27.0,0.5484087488989012
17.0,79.0,1.3622350972607808
4.0,28.0,0.46057175665720357
2.0,3.0,1.0909291855767698
0.0,2.0,1.9666659280996346
2.0,6.0,2.1604361466329847
8.0,27.0,6.123582845470841
2.0,6.0,0.7625201181598301
4.0,14.0,0.8892529921118889
16.0,60.0,4.562059682881363
38.0,96.0,3.161341238464527
11.0,27.0,0.5484087488989012
19.0,79.0,1.3622350972607808
10.0,28.0,0.46057175665720357
1.0,3.0,1.0909291855767698
1.0,2.0,1.9666659280996346
3.0,6.0,2.1604361466329847
12.0,27.0,6.123582845470841
4.0,6.0,0.7625201181598301
4.0,14.0,0.8892529921118889
25.0,60.0,4.562059682881363
35.0,96.0,3.161341238464527
9.0,27.0,0.5484087488989012
30.0,79.0,1.3622350972607808
15.0,28.0,0.46057175665720357
2.0,3.0,1.0909291855767698
1.0,2.0,1.9666659280996346
1.0,6.0,2.1604361466329847
6.0,27.0,6.123582845470841
3.0,6.0,0.7625201181598301
5.0,14.0,0.8892529921118889
28.0,60.0,4.562059682881363
54.0,96.0,3.161341238464527
16.0,27.0,0.5484087488989012
37.0,79.0,1.3622350972607808
10.0,28.0,0.46057175665720357
3.0,3.0,1.0909291855767698
1.0,2.0,1.9666659280996346
3.0,6.0,2.1604361466329847
17.0,27.0,6.123582845470841
3.0,6.0,0.7625201181598301
8.0,14.0,0.8892529921118889
32.0,60.0,4.562059682881363
51.0,96.0,3.161341238464527
17.0,27.0,0.5484087488989012
48.0,79.0,1.3622350972607808
12.0,28.0,0.46057175665720357
2.0,3.0,1.0909291855767698
1.0,2.0,1.9666659280996346
6.0,6.0,2.1604361466329847
19.0,27.0,6.123582845470841
6.0,6.0,0.7625201181598301
13.0,14.0,0.8892529921118889
41.0,60.0,4.562059682881363
69.0,96.0,3.161341238464527
18.0,27.0,0.5484087488989012
56.0,79.0,1.3622350972607808
22.0,28.0,0.46057175665720357
1.0,3.0,1.0909291855767698
2.0,2.0,1.9666659280996346
4.0,6.0,2.1604361466329847
21.0,27.0,6.123582845470841
4.0,6.0,0.7625201181598301
11.0,14.0,0.8892529921118889
54.0,60.0,4.562059682881363
74.0,96.0,3.161341238464527
19.0,27.0,0.5484087488989012
68.0,79.0,1.3622350972607808
27.0,28.0,0.46057175665720357
2.0,3.0,1.0909291855767698
2.0,2.0,1.9666659280996346
5.0,6.0,2.1604361466329847
23.0,27.0,6.123582845470841
6.0,6.0,0.7625201181598301
13.0,14.0,0.8892529921118889
55.0,60.0,4.562059682881363
87.0,96.0,3.161341238464527
24.0,27.0,0.5484087488989012
69.0,79.0,1.3622350972607808
24.0,28.0,0.46057175665720357
1.0,4.0,2.897872109710234
1.0,9.0,4.187221559377766
1.0,2.0,0.43817543080622173
2.0,6.0,1.2970019410212006
1.0,15.0,3.4633456021734617
2.0,11.0,0.5501329218702596
4.0,41.0,4.382788899428759
1.0,14.0,0.5973139633042963
2.0,10.0,0.3951389508171441
1.0,18.0,1.236453678818891
4.0,29.0,1.5645710264215489
2.0,4.0,2.897872109710234
1.0,9.0,4.187221559377766
1.0,2.0,0.43817543080622173
2.0,6.0,1.2970019410212006
1.0,15.0,3.4633456021734617
1.0,11.0,0.5501329218702596
7.0,41.0,4.382788899428759
3.0,14.0,0.5973139633042963
1.0,10.0,0.3951389508171441
2.0,18.0,1.236453678818891
4.0,29.0,1.5645710264215489
1.0,4.0,2.897872109710234
1.0,9.0,4.187221559377766
0.0,2.0,0.43817543080622173
2.0,6.0,1.2970019410212006
1.0,15.0,3.4633456021734617
4.0,11.0,0.5501329218702596
13.0,41.0,4.382788899428759
6.0,14.0,0.5973139633042963
2.0,10.0,0.3951389508171441
2.0,18.0,1.236453678818891
8.0,29.0,1.5645710264215489
2.0,4.0,2.897872109710234
3.0,9.0,4.187221559377766
0.0,2.0,0.43817543080622173
3.0,6.0,1.2970019410212006
4.0,15.0,3.4633456021734617
6.0,11.0,0.5501329218702596
20.0,41.0,4.382788899428759
7.0,14.0,0.5973139633042963
3.0,10.0,0.3951389508171441
7.0,18.0,1.236453678818891
14.0,29.0,1.5645710264215489
3.0,4.0,2.897872109710234
4.0,9.0,4.187221559377766
1.0,2.0,0.43817543080622173
3.0,6.0,1.2970019410212006
5.0,15.0,3.4633456021734617
4.0,11.0,0.5501329218702596
20.0,41.0,4.382788899428759
4.0,14.0,0.5973139633042963
2.0,10.0,0.3951389508171441
8.0,18.0,1.236453678818891
18.0,29.0,1.5645710264215489
2.0,4.0,2.897872109710234
7.0,9.0,4.187221559377766
1.0,2.0,0.43817543080622173
4.0,6.0,1.2970019410212006
10.0,15.0,3.4633456021734617
8.0,11.0,0.5501329218702596
28.0,41.0,4.382788899428759
7.0,14.0,0.5973139633042963
9.0,10.0,0.3951389508171441
12.0,18.0,1.236453678818891
22.0,29.0,1.5645710264215489
3.0,4.0,2.897872109710234
7.0,9.0,4.187221559377766
2.0,2.0,0.43817543080622173
6.0,6.0,1.2970019410212006
9.0,15.0,3.4633456021734617
7.0,11.0,0.5501329218702596
29.0,41.0,4.382788899428759
8.0,14.0,0.5973139633042963
8.0,10.0,0.3951389508171441
12.0,18.0,1.236453678818891
21.0,29.0,1.5645710264215489
4.0,4.0,2.897872109710234
7.0,9.0,4.187221559377766
1.0,2.0,0.43817543080622173
5.0,6.0,1.2970019410212006
11.0,15.0,3.4633456021734617
9.0,11.0,0.5501329218702596
32.0,41.0,4.382788899428759
9.0,14.0,0.5973139633042963
5.0,10.0,0.3951389508171441
15.0,18.0,1.236453678818891
23.0,29.0,1.5645710264215489
4.0,4.0,2.897872109710234
7.0,9.0,4.187221559377766
2.0,2.0,0.43817543080622173
5.0,6.0,1.2970019410212006
15.0,15.0,3.4633456021734617
11.0,11.0,0.5501329218702596
38.0,41.0,4.382788899428759
11.0,14.0,0.5973139633042963
9.0,10.0,0.3951389508171441
18.0,18.0,1.236453678818891
27.0,29.0,1.5645710264215489
1.0,2.0,0.4864354160164089
0.0,6.0,3.8534254767556635
1.0,2.0,0.7188555111840998
3.0,29.0,7.726435813450927
9.0,59.0,4.511250774288993
2.0,7.0,0.3263841705388324
0.0,8.0,0.26622551653070076
2.0,30.0,1.5723189291742419
5.0,59.0,3.068143082018518
3.0,66.0,1.743602944464374
4.0,47.0,0.9491888050601176
1.0,2.0,0.4864354160164089
1.0,6.0,3.8534254767556635
0.0,2.0,0.7188555111840998
7.0,29.0,7.726435813450927
11.0,59.0,4.511250774288993
3.0,7.0,0.3263841705388324
1.0,8.0,0.26622551653070076
7.0,30.0,1.5723189291742419
11.0,59.0,3.068143082018518
15.0,66.0,1.743602944464374
5.0,47.0,0.9491888050601176
1.0,2.0,0.4864354160164089
2.0,6.0,3.8534254767556635
1.0,2.0,0.7188555111840998
11.0,29.0,7.726435813450927
17.0,59.0,4.511250774288993
2.0,7.0,0.3263841705388324
5.0,8.0,0.26622551653070076
8.0,30.0,1.5723189291742419
20.0,59.0,3.068143082018518
24.0,66.0,1.743602944464374
13.0,47.0,0.9491888050601176
1.0,2.0,0.4864354160164089
2.0,6.0,3.8534254767556635
1.0,2.0,0.7188555111840998
7.0,29.0,7.726435813450927
25.0,59.0,4.511250774288993
1.0,7.0,0.3263841705388324
5.0,8.0,0.26622551653070076
9.0,30.0,1.5723189291742419
27.0,59.0,3.068143082018518
28.0,66.0,1.743602944464374
21.0,47.0,0.9491888050601176
1.0,2.0,0.4864354160164089
2.0,6.0,3.8534254767556635
2.0,2.0,0.7188555111840998
16.0,29.0,7.726435813450927
29.0,59.0,4.511250774288993
3.0,7.0,0.3263841705388324
4.0,8.0,0.26622551653070076
18.0,30.0,1.5723189291742419
30.0,59.0,3.068143082018518
34.0,66.0,1.743602944464374
15.0,47.0,0.9491888050601176
2.0,2.0,0.4864354160164089
4.0,6.0,3.8534254767556635
1.0,2.0,0.7188555111840998
18.0,29.0,7.726435813450927
39.0,59.0,4.511250774288993
4.0,7.0,0.3263841705388324
7.0,8.0,0.26622551653070076
17.0,30.0,1.5723189291742419
41.0,59.0,3.068143082018518
44.0,66.0,1.743602944464374
29.0,47.0,0.9491888050601176
2.0,2.0,0.4864354160164089
5.0,6.0,3.8534254767556635
2.0,2.0,0.7188555111840998
19.0,29.0,7.726435813450927
46.0,59.0,4.511250774288993
3.0,7.0,0.3263841705388324
5.0,8.0,0.26622551653070076
21.0,30.0,1.5723189291742419
39.0,59.0,3.068143082018518
44.0,66.0,1.743602944464374
32.0,47.0,0.9491888050601176
1.0,2.0,0.4864354160164089
5.0,6.0,3.8534254767556635
2.0,2.0,0.7188555111840998
24.0,29.0,7.726435813450927
51.0,59.0,4.511250774288993
7.0,7.0,0.3263841705388324
8.0,8.0,0.26622551653070076
27.0,30.0,1.5723189291742419
40.0,59.0,3.068143082018518
53.0,66.0,1.743602944464374
42.0,47.0,0.9491888050601176
2.0,2.0,0.4864354160164089
4.0,6.0,3.8534254767556635
2.0,2.0,0.7188555111840998
25.0,29.0,7.726435813450927
51.0,59.0,4.511250774288993
7.0,7.0,0.3263841705388324
6.0,8.0,0.26622551653070076
27.0,30.0,1.5723189291742419
52.0,59.0,3.068143082018518
59.0,66.0,1.743602944464374
44.0,47.0,0.9491888050601176
1.0,3.0,6.094338765823262
2.0,7.0,5.8865483824085025
2.0,26.0,6.563568665158046
1.0,9.0,0.6343094716204792
3.0,9.0,0.5131399575577976
5.0,25.0,2.1928927715610382
1.0,18.0,1.0495600319008405
1.0,10.0,0.7395801463126369
1.0,19.0,0.943122598427152
6.0,40.0,2.1721498370325
6.0,51.0,2.1039687142195267
2.0,3.0,6.094338765823262
2.0,7.0,5.8865483824085025
8.0,26.0,6.563568665158046
0.0,9.0,0.6343094716204792
1.0,9.0,0.5131399575577976
1.0,25.0,2.1928927715610382
6.0,18.0,1.0495600319008405
2.0,10.0,0.7395801463126369
5.0,19.0,0.943122598427152
8.0,40.0,2.1721498370325
13.0,51.0,2.1039687142195267
1.0,3.0,6.094338765823262
3.0,7.0,5.8865483824085025
9.0,26.0,6.563568665158046
3.0,9.0,0.6343094716204792
2.0,9.0,0.5131399575577976
8.0,25.0,2.1928927715610382
6.0,18.0,1.0495600319008405
3.0,10.0,0.7395801463126369
8.0,19.0,0.943122598427152
10.0,40.0,2.1721498370325
19.0,51.0,2.1039687142195267
2.0,3.0,6.094338765823262
3.0,7.0,5.8865483824085025
8.0,26.0,6.563568665158046
4.0,9.0,0.6343094716204792
4.0,9.0,0.5131399575577976
10.0,25.0,2.1928927715610382
5.0,18.0,1.0495600319008405
2.0,10.0,0.7395801463126369
5.0,19.0,0.943122598427152
16.0,40.0,2.1721498370325
25.0,51.0,2.1039687142195267
2.0,3.0,6.094338765823262
3.0,7.0,5.8865483824085025
14.0,26.0,6.563568665158046
7.0,9.0,0.6343094716204792
5.0,9.0,0.5131399575577976
11.0,25.0,2.1928927715610382
6.0,18.0,1.0495600319008405
8.0,10.0,0.7395801463126369
14.0,19.0,0.943122598427152
19.0,40.0,2.1721498370325
29.0,51.0,2.1039687142195267
2.0,3.0,6.094338765823262
4.0,7.0,5.8865483824085025
9.0,26.0,6.563568665158046
4.0,9.0,0.6343094716204792
8.0,9.0,0.5131399575577976
16.0,25.0,2.1928927715610382
14.0,18.0,1.0495600319008405
6.0,10.0,0.7395801463126369
11.0,19.0,0.943122598427152
24.0,40.0,2.1721498370325
32.0,51.0,2.1039687142195267
2.0,3.0,6.094338765823262
3.0,7.0,5.8865483824085025
15.0,26.0,6.563568665158046
6.0,9.0,0.6343094716204792
8.0,9.0,0.5131399575577976
18.0,25.0,2.1928927715610382
13.0,18.0,1.0495600319008405
7.0,10.0,0.7395801463126369
13.0,19.0,0.943122598427152
30.0,40.0,2.1721498370325
33.0,51.0,2.1039687142195267
3.0,3.0,6.094338765823262
5.0,7.0,5.8865483824085025
18.0,26.0,6.563568665158046
8.0,9.0,0.6343094716204792
8.0,9.0,0.5131399575577976
20.0,25.0,2.1928927715610382
14.0,18.0,1.0495600319008405
8.0,10.0,0.7395801463126369
17.0,19.0,0.943122598427152
34.0,40.0,2.1721498370325
40.0,51.0,2.1039687142195267
3.0,3.0,6.094338765823262
6.0,7.0,5.8865483824085025
23.0,26.0,6.563568665158046
7.0,9.0,0.6343094716204792
7.0,9.0,0.5131399575577976
23.0,25.0,2.1928927715610382
18.0,18.0,1.0495600319008405
9.0,10.0,0.7395801463126369
15.0,19.0,0.943122598427152
35.0,40.0,2.1721498370325
46.0,51.0,2.1039687142195267
2.0,4.0,5.372609522720777
0.0,10.0,7.163374160051752
3.0,18.0,4.143356319148462
1.0,9.0,0.8126713064202157
6.0,27.0,2.8117067106630933
0.0,3.0,0.2515894728650616
1.0,29.0,1.4199456523138136
4.0,38.0,2.647368993145909
7.0,69.0,2.360769325085775
4.0,34.0,1.04167262072806
5.0,54.0,1.228247971686615
2.0,4.0,5.372609522720777
1.0,10.0,7.163374160051752
7.0,18.0,4.143356319148462
2.0,9.0,0.8126713064202157
8.0,27.0,2.8117067106630933
0.0,3.0,0.2515894728650616
3.0,29.0,1.4199456523138136
11.0,38.0,2.647368993145909
10.0,69.0,2.360769325085775
7.0,34.0,1.04167262072806
11.0,54.0,1.228247971686615
1.0,4.0,5.372609522720777
4.0,10.0,7.163374160051752
6.0,18.0,4.143356319148462
3.0,9.0,0.8126713064202157
7.0,27.0,2.8117067106630933
0.0,3.0,0.2515894728650616
11.0,29.0,1.4199456523138136
16.0,38.0,2.647368993145909
17.0,69.0,2.360769325085775
11.0,34.0,1.04167262072806
17.0,54.0,1.228247971686615
2.0,4.0,5.372609522720777
2.0,10.0,7.163374160051752
8.0,18.0,4.143356319148462
2.0,9.0,0.8126713064202157
10.0,27.0,2.8117067106630933
2.0,3.0,0.2515894728650616
17.0,29.0,1.4199456523138136
14.0,38.0,2.647368993145909
25.0,69.0,2.360769325085775
14.0,34.0,1.04167262072806
20.0,54.0,1.228247971686615
3.0,4.0,5.372609522720777
3.0,10.0,7.163374160051752
8.0,18.0,4.143356319148462
5.0,9.0,0.8126713064202157
14.0,27.0,2.8117067106630933
2.0,3.0,0.2515894728650616
10.0,29.0,1.4199456523138136
17.0,38.0,2.647368993145909
38.0,69.0,2.360769325085775
17.0,34.0,1.04167262072806
24.0,54.0,1.228247971686615
3.0,4.0,5.372609522720777
5.0,10.0,7.163374160051752
11.0,18.0,4.143356319148462
4.0,9.0,0.8126713064202157
20.0,27.0,2.8117067106630933
3.0,3.0,0.2515894728650616
16.0,29.0,1.4199456523138136
24.0,38.0,2.647368993145909
39.0,69.0,2.360769325085775
22.0,34.0,1.04167262072806
31.0,54.0,1.228247971686615
4.0,4.0,5.372609522720777
4.0,10.0,7.163374160051752
13.0,18.0,4.143356319148462
8.0,9.0,0.8126713064202157
19.0,27.0,2.8117067106630933
1.0,3.0,0.2515894728650616
21.0,29.0,1.4199456523138136
27.0,38.0,2.647368993145909
45.0,69.0,2.360769325085775
25.0,34.0,1.04167262072806
37.0,54.0,1.228247971686615
3.0,4.0,5.372609522720777
7.0,10.0,7.163374160051752
11.0,18.0,4.143356319148462
9.0,9.0,0.8126713064202157
20.0,27.0,2.8117067106630933
3.0,3.0,0.2515894728650616
25.0,29.0,1.4199456523138136
32.0,38.0,2.647368993145909
62.0,69.0,2.360769325085775
28.0,34.0,1.04167262072806
39.0,54.0,1.228247971686615
3.0,4.0,5.372609522720777
10.0,10.0,7.163374160051752
15.0,18.0,4.143356319148462
7.0,9.0,0.8126713064202157
22.0,27.0,2.8117067106630933
3.0,3.0,0.2515894728650616
25.0,29.0,1.4199456523138136
35.0,38.0,2.647368993145909
65.0,69.0,2.360769325085775
32.0,34.0,1.04167262072806
47.0,54.0,1.228247971686615
1.0,4.0,8.339777642514592
4.0,25.0,8.88907773611439
1.0,28.0,3.1302279253022327
1.0,14.0,0.6534551653748528
2.0,30.0,1.0394920960642293
1.0,19.0,0.8801693961970468
5.0,40.0,1.3626274890469505
12.0,60.0,1.8881376367460012
12.0,94.0,2.0959539333448394
0.0,9.0,0.21628115719733743
7.0,36.0,0.479497593617444
2.0,4.0,8.339777642514592
7.0,25.0,8.88907773611439
5.0,28.0,3.1302279253022327
3.0,14.0,0.6534551653748528
6.0,30.0,1.0394920960642293
3.0,19.0,0.8801693961970468
8.0,40.0,1.3626274890469505
11.0,60.0,1.8881376367460012
18.0,94.0,2.0959539333448394
2.0,9.0,0.21628115719733743
10.0,36.0,0.479497593617444
1.0,4.0,8.339777642514592
8.0,25.0,8.88907773611439
6.0,28.0,3.1302279253022327
2.0,14.0,0.6534551653748528
4.0,30.0,1.0394920960642293
5.0,19.0,0.8801693961970468
9.0,40.0,1.3626274890469505
15.0,60.0,1.8881376367460012
27.0,94.0,2.0959539333448394
2.0,9.0,0.21628115719733743
15.0,36.0,0.479497593617444
1.0,4.0,8.339777642514592
8.0,25.0,8.88907773611439
9.0,28.0,3.1302279253022327
7.0,14.0,0.6534551653748528
13.0,30.0,1.0394920960642293
5.0,19.0,0.8801693961970468
15.0,40.0,1.3626274890469505
33.0,60.0,1.8881376367460012
44.0,94.0,2.0959539333448394
4.0,9.0,0.21628115719733743
15.0,36.0,0.479497593617444
3.0,4.0,8.339777642514592
10.0,25.0,8.88907773611439
14.0,28.0,3.1302279253022327
6.0,14.0,0.6534551653748528
11.0,30.0,1.0394920960642293
10.0,19.0,0.8801693961970468
22.0,40.0,1.3626274890469505
22.0,60.0,1.8881376367460012
40.0,94.0,2.0959539333448394
4.0,9.0,0.21628115719733743
23.0,36.0,0.479497593617444
3.0,4.0,8.339777642514592
15.0,25.0,8.88907773611439
19.0,28.0,3.1302279253022327
7.0,14.0,0.6534551653748528
20.0,30.0,1.0394920960642293
10.0,19.0,0.8801693961970468
28.0,40.0,1.3626274890469505
37.0,60.0,1.8881376367460012
68.0,94.0,2.0959539333448394
5.0,9.0,0.21628115719733743
20.0,36.0,0.479497593617444
2.0,4.0,8.339777642514592
15.0,25.0,8.88907773611439
19.0,28.0,3.1302279253022327
10.0,14.0,0.6534551653748528
20.0,30.0,1.0394920960642293
15.0,19.0,0.8801693961970468
28.0,40.0,1.3626274890469505
47.0,60.0,1.8881376367460012
63.0,94.0,2.0959539333448394
7.0,9.0,0.21628115719733743
23.0,36.0,0.479497593617444
4.0,4.0,8.339777642514592
20.0,25.0,8.88907773611439
24.0,28.0,3.1302279253022327
12.0,14.0,0.6534551653748528
25.0,30.0,1.0394920960642293
15.0,19.0,0.8801693961970468
31.0,40.0,1.3626274890469505
42.0,60.0,1.8881376367460012
78.0,94.0,2.0959539333448394
7.0,9.0,0.21628115719733743
28.0,36.0,0.479497593617444
3.0,4.0,8.339777642514592
23.0,25.0,8.88907773611439
24.0,28.0,3.1302279253022327
13.0,14.0,0.6534551653748528
25.0,30.0,1.0394920960642293
17.0,19.0,0.8801693961970468
37.0,40.0,1.3626274890469505
56.0,60.0,1.8881376367460012
84.0,94.0,2.0959539333448394
9.0,9.0,0.21628115719733743
35.0,36.0,0.479497593617444
2.0,4.0,4.408789968931508
2.0,9.0,3.6106400619732475
0.0,6.0,1.60915291070642
0.0,11.0,1.401456988113292
6.0,52.0,4.727198292395956
2.0,8.0,0.37424943120236026
3.0,43.0,1.8249472494410657
2.0,33.0,1.0705569573423128
4.0,38.0,1.1992419887324666
2.0,31.0,0.9104436842351734
3.0,21.0,0.5477536086335321
1.0,4.0,4.408789968931508
0.0,9.0,3.6106400619732475
1.0,6.0,1.60915291070642
3.0,11.0,1.401456988113292
5.0,52.0,4.727198292395956
1.0,8.0,0.37424943120236026
8.0,43.0,1.8249472494410657
10.0,33.0,1.0705569573423128
8.0,38.0,1.1992419887324666
5.0,31.0,0.9104436842351734
4.0,21.0,0.5477536086335321
1.0,4.0,4.408789968931508
2.0,9.0,3.6106400619732475
2.0,6.0,1.60915291070642
3.0,11.0,1.401456988113292
14.0,52.0,4.727198292395956
3.0,8.0,0.37424943120236026
10.0,43.0,1.8249472494410657
6.0,33.0,1.0705569573423128
14.0,38.0,1.1992419887324666
9.0,31.0,0.9104436842351734
6.0,21.0,0.5477536086335321
1.0,4.0,4.408789968931508
6.0,9.0,3.6106400619732475
4.0,6.0,1.60915291070642
8.0,11.0,1.401456988113292
21.0,52.0,4.727198292395956
5.0,8.0,0.37424943120236026
16.0,43.0,1.8249472494410657
14.0,33.0,1.0705569573423128
16.0,38.0,1.1992419887324666
10.0,31.0,0.9104436842351734
13.0,21.0,0.5477536086335321
1.0,4.0,4.408789968931508
5.0,9.0,3.6106400619732475
4.0,6.0,1.60915291070642
2.0,11.0,1.401456988113292
24.0,52.0,4.727198292395956
5.0,8.0,0.37424943120236026
20.0,43.0,1.8249472494410657
16.0,33.0,1.0705569573423128
19.0,38.0,1.1992419887324666
13.0,31.0,0.9104436842351734
14.0,21.0,0.5477536086335321
2.0,4.0,4.408789968931508
4.0,9.0,3.6106400619732475
2.0,6.0,1.60915291070642
8.0,11.0,1.401456988113292
33.0,52.0,4.727198292395956
7.0,8.0,0.37424943120236026
21.0,43.0,1.8249472494410657
22.0,33.0,1.0705569573423128
24.0,38.0,1.1992419887324666
19.0,31.0,0.9104436842351734
11.0,21.0,0.5477536086335321
1.0,4.0,4.408789968931508
9.0,9.0,3.6106400619732475
4.0,6.0,1.60915291070642
6.0,11.0,1.401456988113292
38.0,52.0,4.727198292395956
7.0,8.0,0.37424943120236026
34.0,43.0,1.8249472494410657
25.0,33.0,1.0705569573423128
22.0,38.0,1.1992419887324666
25.0,31.0,0.9104436842351734
18.0,21.0,0.5477536086335321
4.0,4.0,4.408789968931508
7.0,9.0,3.6106400619732475
4.0,6.0,1.60915291070642
7.0,11.0,1.401456988113292
41.0,52.0,4.727198292395956
8.0,8.0,0.37424943120236026
35.0,43.0,1.8249472494410657
25.0,33.0,1.0705569573423128
30.0,38.0,1.1992419887324666
21.0,31.0,0.9104436842351734
17.0,21.0,0.5477536086335321
3.0,4.0,4.408789968931508
8.0,9.0,3.6106400619732475
5.0,6.0,1.60915291070642
11.0,11.0,1.401456988113292
45.0,52.0,4.727198292395956
8.0,8.0,0.37424943120236026
35.0,43.0,1.8249472494410657
28.0,33.0,1.0705569573423128
34.0,38.0,1.1992419887324666
28.0,31.0,0.9104436842351734
18.0,21.0,0.5477536086335321
1.0,2.0,1.6576825895886975
0.0,4.0,5.065004250125403
2.0,12.0,4.850543173850838
4.0,59.0,6.0884395697980835
4.0,54.0,1.8681628121047624
1.0,16.0,0.43046064934315503
1.0,15.0,0.2165782958141987
6.0,42.0,1.7506758880921711
2.0,32.0,1.3438765994115354
6.0,43.0,1.465683586333832
3.0,25.0,0.7032059723589994
1.0,2.0,1.6576825895886975
0.0,4.0,5.065004250125403
2.0,12.0,4.850543173850838
16.0,59.0,6.0884395697980835
9.0,54.0,1.8681628121047624
2.0,16.0,0.43046064934315503
2.0,15.0,0.2165782958141987
8.0,42.0,1.7506758880921711
3.0,32.0,1.3438765994115354
9.0,43.0,1.465683586333832
6.0,25.0,0.7032059723589994
1.0,2.0,1.6576825895886975
0.0,4.0,5.065004250125403
3.0,12.0,4.850543173850838
18.0,59.0,6.0884395697980835
20.0,54.0,1.8681628121047624
8.0,16.0,0.43046064934315503
4.0,15.0,0.2165782958141987
9.0,42.0,1.7506758880921711
12.0,32.0,1.3438765994115354
9.0,43.0,1.465683586333832
7.0,25.0,0.7032059723589994
1.0,2.0,1.6576825895886975
1.0,4.0,5.065004250125403
7.0,12.0,4.850543173850838
28.0,59.0,6.0884395697980835
20.0,54.0,1.8681628121047624
5.0,16.0,0.43046064934315503
5.0,15.0,0.2165782958141987
16.0,42.0,1.7506758880921711
16.0,32.0,1.3438765994115354
12.0,43.0,1.465683586333832
10.0,25.0,0.7032059723589994
2.0,2.0,1.6576825895886975
3.0,4.0,5.065004250125403
7.0,12.0,4.850543173850838
24.0,59.0,6.0884395697980835
34.0,54.0,1.8681628121047624
10.0,16.0,0.43046064934315503
11.0,15.0,0.2165782958141987
19.0,42.0,1.7506758880921711
20.0,32.0,1.3438765994115354
24.0,43.0,1.465683586333832
19.0,25.0,0.7032059723589994
2.0,2.0,1.6576825895886975
2.0,4.0,5.065004250125403
6.0,12.0,4.850543173850838
40.0,59.0,6.0884395697980835
35.0,54.0,1.8681628121047624
11.0,16.0,0.43046064934315503
5.0,15.0,0.2165782958141987
32.0,42.0,1.7506758880921711
16.0,32.0,1.3438765994115354
21.0,43.0,1.465683586333832
16.0,25.0,0.7032059723589994
2.0,2.0,1.6576825895886975
3.0,4.0,5.065004250125403
11.0,12.0,4.850543173850838
33.0,59.0,6.0884395697980835
37.0,54.0,1.8681628121047624
10.0,16.0,0.43046064934315503
8.0,15.0,0.2165782958141987
32.0,42.0,1.7506758880921711
26.0,32.0,1.3438765994115354
32.0,43.0,1.465683586333832
18.0,25.0,0.7032059723589994
1.0,2.0,1.6576825895886975
4.0,4.0,5.065004250125403
9.0,12.0,4.850543173850838
45.0,59.0,6.0884395697980835
46.0,54.0,1.8681628121047624
15.0,16.0,0.43046064934315503
12.0,15.0,0.2165782958141987
35.0,42.0,1.7506758880921711
28.0,32.0,1.3438765994115354
31.0,43.0,1.465683586333832
17.0,25.0,0.7032059723589994
1.0,2.0,1.6576825895886975
4.0,4.0,5.065004250125403
11.0,12.0,4.850543173850838
58.0,59.0,6.0884395697980835
51.0,54.0,1.8681628121047624
15.0,16.0,0.43046064934315503
14.0,15.0,0.2165782958141987
37.0,42.0,1.7506758880921711
31.0,32.0,1.3438765994115354
38.0,43.0,1.465683586333832
24.0,25.0,0.7032059723589994
1.0,4.0,2.352702263664965
0.0,6.0,1.8222914275258333
1.0,12.0,3.1164233026415173
1.0,18.0,2.8985138804834443
4.0,27.0,2.025333536361223
0.0,23.0,1.2840801205412535
0.0,13.0,0.4645982406045132
4.0,28.0,1.7355754998201767
10.0,86.0,3.2585624235352
3.0,24.0,0.7523823959668826
3.0,29.0,0.6098140488780902
1.0,4.0,2.352702263664965
0.0,6.0,1.8222914275258333
3.0,12.0,3.1164233026415173
3.0,18.0,2.8985138804834443
3.0,27.0,2.025333536361223
3.0,23.0,1.2840801205412535
3.0,13.0,0.4645982406045132
6.0,28.0,1.7355754998201767
20.0,86.0,3.2585624235352
7.0,24.0,0.7523823959668826
6.0,29.0,0.6098140488780902
1.0,4.0,2.352702263664965
2.0,6.0,1.8222914275258333
1.0,12.0,3.1164233026415173
5.0,18.0,2.8985138804834443
3.0,27.0,2.025333536361223
10.0,23.0,1.2840801205412535
5.0,13.0,0.4645982406045132
9.0,28.0,1.7355754998201767
23.0,86.0,3.2585624235352
7.0,24.0,0.7523823959668826
10.0,29.0,0.6098140488780902
2.0,4.0,2.352702263664965
1.0,6.0,1.8222914275258333
6.0,12.0,3.1164233026415173
12.0,18.0,2.8985138804834443
10.0,27.0,2.025333536361223
8.0,23.0,1.2840801205412535
4.0,13.0,0.4645982406045132
15.0,28.0,1.7355754998201767
35.0,86.0,3.2585624235352
7.0,24.0,0.7523823959668826
12.0,29.0,0.6098140488780902
3.0,4.0,2.352702263664965
2.0,6.0,1.8222914275258333
7.0,12.0,3.1164233026415173
13.0,18.0,2.8985138804834443
14.0,27.0,2.025333536361223
10.0,23.0,1.2840801205412535
4.0,13.0,0.4645982406045132
19.0,28.0,1.7355754998201767
53.0,86.0,3.2585624235352
12.0,24.0,0.7523823959668826
13.0,29.0,0.6098140488780902
4.0,4.0,2.352702263664965
3.0,6.0,1.8222914275258333
6.0,12.0,3.1164233026415173
13.0,18.0,2.8985138804834443
16.0,27.0,2.025333536361223
15.0,23.0,1.2840801205412535
10.0,13.0,0.4645982406045132
20.0,28.0,1.7355754998201767
52.0,86.0,3.2585624235352
13.0,24.0,0.7523823959668826
17.0,29.0,0.6098140488780902
1.0,4.0,2.352702263664965
5.0,6.0,1.8222914275258333
11.0,12.0,3.1164233026415173
14.0,18.0,2.8985138804834443
17.0,27.0,2.025333536361223
15.0,23.0,1.2840801205412535
10.0,13.0,0.4645982406045132
20.0,28.0,1.7355754998201767
60.0,86.0,3.2585624235352
20.0,24.0,0.7523823959668826
20.0,29.0,0.6098140488780902
3.0,4.0,2.352702263664965
2.0,6.0,1.8222914275258333
9.0,12.0,3.1164233026415173
16.0,18.0,2.8985138804834443
23.0,27.0,2.025333536361223
18.0,23.0,1.2840801205412535
12.0,13.0,0.4645982406045132
19.0,28.0,1.7355754998201767
60.0,86.0,3.2585624235352
21.0,24.0,0.7523823959668826
25.0,29.0,0.6098140488780902
3.0,4.0,2.352702263664965
5.0,6.0,1.8222914275258333
10.0,12.0,3.1164233026415173
17.0,18.0,2.8985138804834443
24.0,27.0,2.025333536361223
21.0,23.0,1.2840801205412535
11.0,13.0,0.4645982406045132
25.0,28.0,1.7355754998201767
76.0,86.0,3.2585624235352
23.0,24.0,0.7523823959668826
24.0,29.0,0.6098140488780902
1.0,7.0,9.402919060950842
1.0,8.0,3.709538829535558
2.0,17.0,3.385812606967357
1.0,17.0,1.5980648199601812
0.0,11.0,1.2866848386827887
3.0,22.0,1.762191477196208
1.0,10.0,0.9275391484780476
2.0,12.0,0.9676083462794404
1.0,8.0,0.6641321105679663
11.0,67.0,5.441657337628971
7.0,52.0,1.746277965668335
2.0,7.0,9.402919060950842
3.0,8.0,3.709538829535558
3.0,17.0,3.385812606967357
4.0,17.0,1.5980648199601812
1.0,11.0,1.2866848386827887
4.0,22.0,1.762191477196208
3.0,10.0,0.9275391484780476
1.0,12.0,0.9676083462794404
1.0,8.0,0.6641321105679663
8.0,67.0,5.441657337628971
8.0,52.0,1.746277965668335
1.0,7.0,9.402919060950842
2.0,8.0,3.709538829535558
5.0,17.0,3.385812606967357
2.0,17.0,1.5980648199601812
5.0,11.0,1.2866848386827887
6.0,22.0,1.762191477196208
1.0,10.0,0.9275391484780476
5.0,12.0,0.9676083462794404
3.0,8.0,0.6641321105679663
16.0,67.0,5.441657337628971
22.0,52.0,1.746277965668335
5.0,7.0,9.402919060950842
4.0,8.0,3.709538829535558
5.0,17.0,3.385812606967357
11.0,17.0,1.5980648199601812
7.0,11.0,1.2866848386827887
9.0,22.0,1.762191477196208
5.0,10.0,0.9275391484780476
4.0,12.0,0.9676083462794404
3.0,8.0,0.6641321105679663
30.0,67.0,5.441657337628971
24.0,52.0,1.746277965668335
3.0,7.0,9.402919060950842
2.0,8.0,3.709538829535558
8.0,17.0,3.385812606967357
7.0,17.0,1.5980648199601812
3.0,11.0,1.2866848386827887
12.0,22.0,1.762191477196208
4.0,10.0,0.9275391484780476
4.0,12.0,0.9676083462794404
1.0,8.0,0.6641321105679663
41.0,67.0,5.441657337628971
21.0,52.0,1.746277965668335
5.0,7.0,9.402919060950842
4.0,8.0,3.709538829535558
10.0,17.0,3.385812606967357
9.0,17.0,1.5980648199601812
6.0,11.0,1.2866848386827887
15.0,22.0,1.762191477196208
7.0,10.0,0.9275391484780476
7.0,12.0,0.9676083462794404
5.0,8.0,0.6641321105679663
42.0,67.0,5.441657337628971
24.0,52.0,1.746277965668335
4.0,7.0,9.402919060950842
7.0,8.0,3.709538829535558
10.0,17.0,3.385812606967357
10.0,17.0,1.5980648199601812
2.0,11.0,1.2866848386827887
14.0,22.0,1.762191477196208
5.0,10.0,0.9275391484780476
11.0,12.0,0.9676083462794404
5.0,8.0,0.6641321105679663
50.0,67.0,5.441657337628971
35.0,52.0,1.746277965668335
6.0,7.0,9.402919060950842
7.0,8.0,3.709538829535558
15.0,17.0,3.385812606967357
15.0,17.0,1.5980648199601812
6.0,11.0,1.2866848386827887
13.0,22.0,1.762191477196208
8.0,10.0,0.9275391484780476
11.0,12.0,0.9676083462794404
6.0,8.0,0.6641321105679663
52.0,67.0,5.441657337628971
42.0,52.0,1.746277965668335
7.0,7.0,9.402919060950842
7.0,8.0,3.709538829535558
15.0,17.0,3.385812606967357
14.0,17.0,1.5980648199601812
11.0,11.0,1.2866848386827887
22.0,22.0,1.762191477196208
8.0,10.0,0.9275391484780476
11.0,12.0,0.9676083462794404
8.0,8.0,0.6641321105679663
60.0,67.0,5.441657337628971
45.0,52.0,1.746277965668335
1.0,4.0,5.7437938061479406
3.0,19.0,8.191694632461141
0.0,9.0,1.404221738667271
2.0,10.0,1.0516828823627093
1.0,18.0,1.620860268487246
0.0,3.0,0.14433355638568388
5.0,52.0,3.619188019954806
4.0,33.0,1.1459222958128634
3.0,37.0,1.3041116403040636
1.0,35.0,1.0983668745828952
5.0,32.0,1.0301269315285853
1.0,4.0,5.7437938061479406
4.0,19.0,8.191694632461141
2.0,9.0,1.404221738667271
2.0,10.0,1.0516828823627093
1.0,18.0,1.620860268487246
1.0,3.0,0.14433355638568388
14.0,52.0,3.619188019954806
12.0,33.0,1.1459222958128634
10.0,37.0,1.3041116403040636
7.0,35.0,1.0983668745828952
6.0,32.0,1.0301269315285853
2.0,4.0,5.7437938061479406
5.0,19.0,8.191694632461141
3.0,9.0,1.404221738667271
3.0,10.0,1.0516828823627093
6.0,18.0,1.620860268487246
1.0,3.0,0.14433355638568388
18.0,52.0,3.619188019954806
6.0,33.0,1.1459222958128634
16.0,37.0,1.3041116403040636
12.0,35.0,1.0983668745828952
12.0,32.0,1.0301269315285853
1.0,4.0,5.7437938061479406
10.0,19.0,8.191694632461141
6.0,9.0,1.404221738667271
3.0,10.0,1.0516828823627093
6.0,18.0,1.620860268487246
2.0,3.0,0.14433355638568388
23.0,52.0,3.619188019954806
13.0,33.0,1.1459222958128634
16.0,37.0,1.3041116403040636
7.0,35.0,1.0983668745828952
11.0,32.0,1.0301269315285853
2.0,4.0,5.7437938061479406
11.0,19.0,8.191694632461141
3.0,9.0,1.404221738667271
2.0,10.0,1.0516828823627093
10.0,18.0,1.620860268487246
0.0,3.0,0.14433355638568388
19.0,52.0,3.619188019954806
13.0,33.0,1.1459222958128634
20.0,37.0,1.3041116403040636
13.0,35.0,1.0983668745828952
17.0,32.0,1.0301269315285853
4.0,4.0,5.7437938061479406
17.0,19.0,8.191694632461141
7.0,9.0,1.404221738667271
8.0,10.0,1.0516828823627093
11.0,18.0,1.620860268487246
3.0,3.0,0.14433355638568388
34.0,52.0,3.619188019954806
16.0,33.0,1.1459222958128634
21.0,37.0,1.3041116403040636
20.0,35.0,1.0983668745828952
17.0,32.0,1.0301269315285853
4.0,4.0,5.7437938061479406
14.0,19.0,8.191694632461141
6.0,9.0,1.404221738667271
6.0,10.0,1.0516828823627093
14.0,18.0,1.620860268487246
1.0,3.0,0.14433355638568388
40.0,52.0,3.619188019954806
21.0,33.0,1.1459222958128634
29.0,37.0,1.3041116403040636
24.0,35.0,1.0983668745828952
19.0,32.0,1.0301269315285853
3.0,4.0,5.7437938061479406
15.0,19.0,8.191694632461141
7.0,9.0,1.404221738667271
8.0,10.0,1.0516828823627093
14.0,18.0,1.620860268487246
3.0,3.0,0.14433355638568388
42.0,52.0,3.619188019954806
27.0,33.0,1.1459222958128634
29.0,37.0,1.3041116403040636
29.0,35.0,1.0983668745828952
26.0,32.0,1.0301269315285853
3.0,4.0,5.7437938061479406
18.0,19.0,8.191694632461141
8.0,9.0,1.404221738667271
8.0,10.0,1.0516828823627093
17.0,18.0,1.620860268487246
2.0,3.0,0.14433355638568388
48.0,52.0,3.619188019954806
28.0,33.0,1.1459222958128634
34.0,37.0,1.3041116403040636
34.0,35.0,1.0983668745828952
29.0,32.0,1.0301269315285853
1.0,2.0,0.47941191636423064
1.0,15.0,14.603512663195767
1.0,10.0,2.1814125919276073
1.0,20.0,3.0328195492546026
2.0,16.0,1.3515245294984355
2.0,30.0,2.266562554195431
0.0,4.0,0.3838726001316527
4.0,58.0,3.4223608354360273
0.0,8.0,0.2552757548726785
2.0,23.0,0.7307805205856561
0.0,6.0,0.22565300700855742
1.0,2.0,0.47941191636423064
0.0,15.0,14.603512663195767
2.0,10.0,2.1814125919276073
5.0,20.0,3.0328195492546026
4.0,16.0,1.3515245294984355
7.0,30.0,2.266562554195431
2.0,4.0,0.3838726001316527
11.0,58.0,3.4223608354360273
1.0,8.0,0.2552757548726785
1.0,23.0,0.7307805205856561
1.0,6.0,0.22565300700855742
1.0,2.0,0.47941191636423064
2.0,15.0,14.603512663195767
2.0,10.0,2.1814125919276073
5.0,20.0,3.0328195492546026
7.0,16.0,1.3515245294984355
8.0,30.0,2.266562554195431
2.0,4.0,0.3838726001316527
20.0,58.0,3.4223608354360273
3.0,8.0,0.2552757548726785
6.0,23.0,0.7307805205856561
1.0,6.0,0.22565300700855742
1.0,2.0,0.47941191636423064
7.0,15.0,14.603512663195767
5.0,10.0,2.1814125919276073
8.0,20.0,3.0328195492546026
2.0,16.0,1.3515245294984355
9.0,30.0,2.266562554195431
3.0,4.0,0.3838726001316527
23.0,58.0,3.4223608354360273
2.0,8.0,0.2552757548726785
6.0,23.0,0.7307805205856561
4.0,6.0,0.22565300700855742
1.0,2.0,0.47941191636423064
8.0,15.0,14.603512663195767
6.0,10.0,2.1814125919276073
8.0,20.0,3.0328195492546026
6.0,16.0,1.3515245294984355
16.0,30.0,2.266562554195431
1.0,4.0,0.3838726001316527
31.0,58.0,3.4223608354360273
1.0,8.0,0.2552757548726785
10.0,23.0,0.7307805205856561
1.0,6.0,0.22565300700855742
1.0,2.0,0.47941191636423064
7.0,15.0,14.603512663195767
4.0,10.0,2.1814125919276073
11.0,20.0,3.0328195492546026
8.0,16.0,1.3515245294984355
19.0,30.0,2.266562554195431
1.0,4.0,0.3838726001316527
36.0,58.0,3.4223608354360273
4.0,8.0,0.2552757548726785
12.0,23.0,0.7307805205856561
2.0,6.0,0.22565300700855742
1.0,2.0,0.47941191636423064
13.0,15.0,14.603512663195767
5.0,10.0,2.1814125919276073
15.0,20.0,3.0328195492546026
11.0,16.0,1.3515245294984355
22.0,30.0,2.266562554195431
1.0,4.0,0.3838726001316527
37.0,58.0,3.4223608354360273
5.0,8.0,0.2552757548726785
16.0,23.0,0.7307805205856561
3.0,6.0,0.22565300700855742
1.0,2.0,0.47941191636423064
13.0,15.0,14.603512663195767
7.0,10.0,2.1814125919276073
17.0,20.0,3.0328195492546026
15.0,16.0,1.3515245294984355
22.0,30.0,2.266562554195431
3.0,4.0,0.3838726001316527
49.0,58.0,3.4223608354360273
7.0,8.0,0.2552757548726785
19.0,23.0,0.7307805205856561
5.0,6.0,0.22565300700855742
2.0,2.0,0.47941191636423064
13.0,15.0,14.603512663195767
10.0,10.0,2.1814125919276073
19.0,20.0,3.0328195492546026
16.0,16.0,1.3515245294984355
28.0,30.0,2.266562554195431
4.0,4.0,0.3838726001316527
53.0,58.0,3.4223608354360273
7.0,8.0,0.2552757548726785
21.0,23.0,0.7307805205856561
6.0,6.0,0.22565300700855742
1.0,4.0,2.9268449456855254
0.0,5.0,2.555876447491808
3.0,12.0,4.2967658969894815
0.0,6.0,1.321940469696985
3.0,70.0,7.597083897632513
0.0,5.0,0.15571404151031518
13.0,44.0,1.354447870399774
10.0,72.0,1.801294222331565
8.0,55.0,1.3329253523022893
8.0,105.0,2.0061518237733935
4.0,38.0,0.47991858540778143
1.0,4.0,2.9268449456855254
2.0,5.0,2.555876447491808
5.0,12.0,4.2967658969894815
2.0,6.0,1.321940469696985
15.0,70.0,7.597083897632513
1.0,5.0,0.15571404151031518
8.0,44.0,1.354447870399774
16.0,72.0,1.801294222331565
14.0,55.0,1.3329253523022893
39.0,105.0,2.0061518237733935
9.0,38.0,0.47991858540778143
1.0,4.0,2.9268449456855254
1.0,5.0,2.555876447491808
2.0,12.0,4.2967658969894815
2.0,6.0,1.321940469696985
16.0,70.0,7.597083897632513
1.0,5.0,0.15571404151031518
14.0,44.0,1.354447870399774
20.0,72.0,1.801294222331565
20.0,55.0,1.3329253523022893
43.0,105.0,2.0061518237733935
8.0,38.0,0.47991858540778143
2.0,4.0,2.9268449456855254
2.0,5.0,2.555876447491808
3.0,12.0,4.2967658969894815
3.0,6.0,1.321940469696985
28.0,70.0,7.597083897632513
3.0,5.0,0.15571404151031518
14.0,44.0,1.354447870399774
25.0,72.0,1.801294222331565
27.0,55.0,1.3329253523022893
40.0,105.0,2.0061518237733935
17.0,38.0,0.47991858540778143
1.0,4.0,2.9268449456855254
5.0,5.0,2.555876447491808
4.0,12.0,4.2967658969894815
3.0,6.0,1.321940469696985
28.0,70.0,7.597083897632513
3.0,5.0,0.15571404151031518
20.0,44.0,1.354447870399774
38.0,72.0,1.801294222331565
32.0,55.0,1.3329253523022893
43.0,105.0,2.0061518237733935
15.0,38.0,0.47991858540778143
3.0,4.0,2.9268449456855254
3.0,5.0,2.555876447491808
5.0,12.0,4.2967658969894815
5.0,6.0,1.321940469696985
38.0,70.0,7.597083897632513
3.0,5.0,0.15571404151031518
28.0,44.0,1.354447870399774
43.0,72.0,1.801294222331565
37.0,55.0,1.3329253523022893
60.0,105.0,2.0061518237733935
28.0,38.0,0.47991858540778143
3.0,4.0,2.9268449456855254
3.0,5.0,2.555876447491808
11.0,12.0,4.2967658969894815
4.0,6.0,1.321940469696985
49.0,70.0,7.597083897632513
5.0,5.0,0.15571404151031518
27.0,44.0,1.354447870399774
51.0,72.0,1.801294222331565
37.0,55.0,1.3329253523022893
78.0,105.0,2.0061518237733935
27.0,38.0,0.47991858540778143
3.0,4.0,2.9268449456855254
5.0,5.0,2.555876447491808
7.0,12.0,4.2967658969894815
5.0,6.0,1.321940469696985
63.0,70.0,7.597083897632513
4.0,5.0,0.15571404151031518
30.0,44.0,1.354447870399774
56.0,72.0,1.801294222331565
43.0,55.0,1.3329253523022893
90.0,105.0,2.0061518237733935
25.0,38.0,0.47991858540778143
3.0,4.0,2.9268449456855254
4.0,5.0,2.555876447491808
11.0,12.0,4.2967658969894815
6.0,6.0,1.321940469696985
60.0,70.0,7.597083897632513
5.0,5.0,0.15571404151031518
43.0,44.0,1.354447870399774
61.0,72.0,1.801294222331565
53.0,55.0,1.3329253523022893
91.0,105.0,2.0061518237733935
36.0,38.0,0.47991858540778143
1.0,2.0,2.4702197032898727
2.0,4.0,2.6444904610674937
0.0,2.0,0.33188774944213384
1.0,15.0,4.605889236466956
1.0,14.0,2.9791008019347416
2.0,9.0,1.0476989036331374
0.0,20.0,1.2597202062401687
1.0,7.0,0.29409002590694977
6.0,58.0,3.4892419489219715
6.0,54.0,2.3186060658118124
6.0,37.0,0.9559857255187131
1.0,2.0,2.4702197032898727
0.0,4.0,2.6444904610674937
0.0,2.0,0.33188774944213384
4.0,15.0,4.605889236466956
5.0,14.0,2.9791008019347416
2.0,9.0,1.0476989036331374
2.0,20.0,1.2597202062401687
3.0,7.0,0.29409002590694977
17.0,58.0,3.4892419489219715
3.0,54.0,2.3186060658118124
10.0,37.0,0.9559857255187131
1.0,2.0,2.4702197032898727
2.0,4.0,2.6444904610674937
1.0,2.0,0.33188774944213384
5.0,15.0,4.605889236466956
3.0,14.0,2.9791008019347416
2.0,9.0,1.0476989036331374
6.0,20.0,1.2597202062401687
4.0,7.0,0.29409002590694977
18.0,58.0,3.4892419489219715
16.0,54.0,2.3186060658118124
13.0,37.0,0.9559857255187131
1.0,2.0,2.4702197032898727
1.0,4.0,2.6444904610674937
1.0,2.0,0.33188774944213384
6.0,15.0,4.605889236466956
4.0,14.0,2.9791008019347416
4.0,9.0,1.0476989036331374
11.0,20.0,1.2597202062401687
2.0,7.0,0.29409002590694977
18.0,58.0,3.4892419489219715
25.0,54.0,2.3186060658118124
12.0,37.0,0.9559857255187131
1.0,2.0,2.4702197032898727
3.0,4.0,2.6444904610674937
2.0,2.0,0.33188774944213384
6.0,15.0,4.605889236466956
10.0,14.0,2.9791008019347416
3.0,9.0,1.0476989036331374
8.0,20.0,1.2597202062401687
3.0,7.0,0.29409002590694977
28.0,58.0,3.4892419489219715
30.0,54.0,2.3186060658118124
17.0,37.0,0.9559857255187131
1.0,2.0,2.4702197032898727
3.0,4.0,2.6444904610674937
1.0,2.0,0.33188774944213384
5.0,15.0,4.605889236466956
7.0,14.0,2.9791008019347416
5.0,9.0,1.0476989036331374
10.0,20.0,1.2597202062401687
5.0,7.0,0.29409002590694977
35.0,58.0,3.4892419489219715
34.0,54.0,2.3186060658118124
19.0,37.0,0.9559857255187131
2.0,2.0,2.4702197032898727
2.0,4.0,2.6444904610674937
2.0,2.0,0.33188774944213384
10.0,15.0,4.605889236466956
10.0,14.0,2.9791008019347416
5.0,9.0,1.0476989036331374
14.0,20.0,1.2597202062401687
2.0,7.0,0.29409002590694977
44.0,58.0,3.4892419489219715
39.0,54.0,2.3186060658118124
28.0,37.0,0.9559857255187131
2.0,2.0,2.4702197032898727
4.0,4.0,2.6444904610674937
2.0,2.0,0.33188774944213384
9.0,15.0,4.605889236466956
14.0,14.0,2.9791008019347416
7.0,9.0,1.0476989036331374
16.0,20.0,1.2597202062401687
5.0,7.0,0.29409002590694977
44.0,58.0,3.4892419489219715
41.0,54.0,2.3186060658118124
26.0,37.0,0.9559857255187131
2.0,2.0,2.4702197032898727
4.0,4.0,2.6444904610674937
1.0,2.0,0.33188774944213384
14.0,15.0,4.605889236466956
13.0,14.0,2.9791008019347416
9.0,9.0,1.0476989036331374
19.0,20.0,1.2597202062401687
7.0,7.0,0.29409002590694977
55.0,58.0,3.4892419489219715
50.0,54.0,2.3186060658118124
35.0,37.0,0.9559857255187131
1.0,3.0,3.7247898539535282
1.0,12.0,7.9768509712476945
0.0,13.0,2.7047985356021313
5.0,34.0,3.0430514456380227
2.0,22.0,1.456120551553421
3.0,37.0,1.7391710111108272
3.0,55.0,1.976934238848982
2.0,37.0,0.8672728756633964
3.0,32.0,0.6922883483390806
3.0,23.0,0.3787182284448707
2.0,16.0,0.45138549254543897
2.0,3.0,3.7247898539535282
2.0,12.0,7.9768509712476945
3.0,13.0,2.7047985356021313
4.0,34.0,3.0430514456380227
5.0,22.0,1.456120551553421
2.0,37.0,1.7391710111108272
14.0,55.0,1.976934238848982
4.0,37.0,0.8672728756633964
4.0,32.0,0.6922883483390806
5.0,23.0,0.3787182284448707
5.0,16.0,0.45138549254543897
2.0,3.0,3.7247898539535282
6.0,12.0,7.9768509712476945
5.0,13.0,2.7047985356021313
11.0,34.0,3.0430514456380227
7.0,22.0,1.456120551553421
7.0,37.0,1.7391710111108272
15.0,55.0,1.976934238848982
9.0,37.0,0.8672728756633964
8.0,32.0,0.6922883483390806
5.0,23.0,0.3787182284448707
5.0,16.0,0.45138549254543897
2.0,3.0,3.7247898539535282
2.0,12.0,7.9768509712476945
2.0,13.0,2.7047985356021313
18.0,34.0,3.0430514456380227
7.0,22.0,1.456120551553421
10.0,37.0,1.7391710111108272
21.0,55.0,1.976934238848982
20.0,37.0,0.8672728756633964
10.0,32.0,0.6922883483390806
8.0,23.0,0.3787182284448707
5.0,16.0,0.45138549254543897
2.0,3.0,3.7247898539535282
7.0,12.0,7.9768509712476945
8.0,13.0,2.7047985356021313
14.0,34.0,3.0430514456380227
11.0,22.0,1.456120551553421
17.0,37.0,1.7391710111108272
28.0,55.0,1.976934238848982
24.0,37.0,0.8672728756633964
17.0,32.0,0.6922883483390806
8.0,23.0,0.3787182284448707
13.0,16.0,0.45138549254543897
1.0,3.0,3.7247898539535282
5.0,12.0,7.9768509712476945
9.0,13.0,2.7047985356021313
22.0,34.0,3.0430514456380227
9.0,22.0,1.456120551553421
22.0,37.0,1.7391710111108272
28.0,55.0,1.976934238848982
22.0,37.0,0.8672728756633964
17.0,32.0,0.6922883483390806
12.0,23.0,0.3787182284448707
10.0,16.0,0.45138549254543897
2.0,3.0,3.7247898539535282
7.0,12.0,7.9768509712476945
10.0,13.0,2.7047985356021313
22.0,34.0,3.0430514456380227
19.0,22.0,1.456120551553421
23.0,37.0,1.7391710111108272
44.0,55.0,1.976934238848982
26.0,37.0,0.8672728756633964
18.0,32.0,0.6922883483390806
12.0,23.0,0.3787182284448707
11.0,16.0,0.45138549254543897
3.0,3.0,3.7247898539535282
10.0,12.0,7.9768509712476945
9.0,13.0,2.7047985356021313
27.0,34.0,3.0430514456380227
17.0,22.0,1.456120551553421
29.0,37.0,1.7391710111108272
41.0,55.0,1.976934238848982
28.0,37.0,0.8672728756633964
27.0,32.0,0.6922883483390806
22.0,23.0,0.3787182284448707
15.0,16.0,0.45138549254543897
3.0,3.0,3.7247898539535282
9.0,12.0,7.9768509712476945
11.0,13.0,2.7047985356021313
32.0,34.0,3.0430514456380227
20.0,22.0,1.456120551553421
33.0,37.0,1.7391710111108272
47.0,55.0,1.976934238848982
35.0,37.0,0.8672728756633964
28.0,32.0,0.6922883483390806
19.0,23.0,0.3787182284448707
13.0,16.0,0.45138549254543897
1.0,4.0,6.55268532321114
1.0,14.0,13.575489371664847
1.0,5.0,0.8059215503948175
2.0,5.0,0.5873621170207162
4.0,36.0,3.918860370450939
3.0,30.0,1.8358585973752382
5.0,67.0,2.4455892041018537
1.0,16.0,0.5716180362908551
0.0,4.0,0.07417365573494562
1.0,9.0,0.3780143205982487
5.0,50.0,2.412739697902209
1.0,4.0,6.55268532321114
4.0,14.0,13.575489371664847
1.0,5.0,0.8059215503948175
1.0,5.0,0.5873621170207162
7.0,36.0,3.918860370450939
8.0,30.0,1.8358585973752382
8.0,67.0,2.4455892041018537
6.0,16.0,0.5716180362908551
0.0,4.0,0.07417365573494562
2.0,9.0,0.3780143205982487
10.0,50.0,2.412739697902209
2.0,4.0,6.55268532321114
4.0,14.0,13.575489371664847
2.0,5.0,0.8059215503948175
1.0,5.0,0.5873621170207162
13.0,36.0,3.918860370450939
6.0,30.0,1.8358585973752382
23.0,67.0,2.4455892041018537
6.0,16.0,0.5716180362908551
2.0,4.0,0.07417365573494562
4.0,9.0,0.3780143205982487
13.0,50.0,2.412739697902209
1.0,4.0,6.55268532321114
8.0,14.0,13.575489371664847
2.0,5.0,0.8059215503948175
2.0,5.0,0.5873621170207162
19.0,36.0,3.918860370450939
12.0,30.0,1.8358585973752382
25.0,67.0,2.4455892041018537
9.0,16.0,0.5716180362908551
1.0,4.0,0.07417365573494562
6.0,9.0,0.3780143205982487
22.0,50.0,2.412739697902209
2.0,4.0,6.55268532321114
4.0,14.0,13.575489371664847
1.0,5.0,0.8059215503948175
2.0,5.0,0.5873621170207162
21.0,36.0,3.918860370450939
10.0,30.0,1.8358585973752382
33.0,67.0,2.4455892041018537
12.0,16.0,0.5716180362908551
2.0,4.0,0.07417365573494562
8.0,9.0,0.3780143205982487
27.0,50.0,2.412739697902209
3.0,4.0,6.55268532321114
9.0,14.0,13.575489371664847
2.0,5.0,0.8059215503948175
3.0,5.0,0.5873621170207162
21.0,36.0,3.918860370450939
21.0,30.0,1.8358585973752382
41.0,67.0,2.4455892041018537
9.0,16.0,0.5716180362908551
4.0,4.0,0.07417365573494562
7.0,9.0,0.3780143205982487
31.0,50.0,2.412739697902209
3.0,4.0,6.55268532321114
9.0,14.0,13.575489371664847
2.0,5.0,0.8059215503948175
3.0,5.0,0.5873621170207162
25.0,36.0,3.918860370450939
22.0,30.0,1.8358585973752382
45.0,67.0,2.4455892041018537
12.0,16.0,0.5716180362908551
2.0,4.0,0.07417365573494562
7.0,9.0,0.3780143205982487
31.0,50.0,2.412739697902209
1.0,4.0,6.55268532321114
13.0,14.0,13.575489371664847
3.0,5.0,0.8059215503948175
5.0,5.0,0.5873621170207162
24.0,36.0,3.918860370450939
27.0,30.0,1.8358585973752382
51.0,67.0,2.4455892041018537
13.0,16.0,0.5716180362908551
3.0,4.0,0.07417365573494562
5.0,9.0,0.3780143205982487
41.0,50.0,2.412739697902209
4.0,4.0,6.55268532321114
10.0,14.0,13.575489371664847
4.0,5.0,0.8059215503948175
5.0,5.0,0.5873621170207162
32.0,36.0,3.918860370450939
29.0,30.0,1.8358585973752382
57.0,67.0,2.4455892041018537
15.0,16.0,0.5716180362908551
4.0,4.0,0.07417365573494562
8.0,9.0,0.3780143205982487
48.0,50.0,2.412739697902209
1.0,4.0,3.401461627080007
1.0,13.0,8.117035387951523
2.0,8.0,2.6833749094834523
2.0,49.0,5.2537629917306745
1.0,27.0,1.3720268118737569
0.0,5.0,0.40866585846458225
5.0,28.0,1.1174949570015542
0.0,5.0,0.21424793725010396
1.0,5.0,0.24378503533568777
1.0,10.0,1.1481886950825293
1.0,8.0,1.0570374816615105
1.0,4.0,3.401461627080007
1.0,13.0,8.117035387951523
4.0,8.0,2.6833749094834523
10.0,49.0,5.2537629917306745
3.0,27.0,1.3720268118737569
1.0,5.0,0.40866585846458225
9.0,28.0,1.1174949570015542
1.0,5.0,0.21424793725010396
1.0,5.0,0.24378503533568777
0.0,10.0,1.1481886950825293
1.0,8.0,1.0570374816615105
2.0,4.0,3.401461627080007
1.0,13.0,8.117035387951523
3.0,8.0,2.6833749094834523
10.0,49.0,5.2537629917306745
8.0,27.0,1.3720268118737569
2.0,5.0,0.40866585846458225
12.0,28.0,1.1174949570015542
2.0,5.0,0.21424793725010396
0.0,5.0,0.24378503533568777
5.0,10.0,1.1481886950825293
2.0,8.0,1.0570374816615105
1.0,4.0,3.401461627080007
5.0,13.0,8.117035387951523
6.0,8.0,2.6833749094834523
20.0,49.0,5.2537629917306745
11.0,27.0,1.3720268118737569
1.0,5.0,0.40866585846458225
8.0,28.0,1.1174949570015542
3.0,5.0,0.21424793725010396
2.0,5.0,0.24378503533568777
7.0,10.0,1.1481886950825293
3.0,8.0,1.0570374816615105
3.0,4.0,3.401461627080007
10.0,13.0,8.117035387951523
4.0,8.0,2.6833749094834523
27.0,49.0,5.2537629917306745
15.0,27.0,1.3720268118737569
2.0,5.0,0.40866585846458225
14.0,28.0,1.1174949570015542
2.0,5.0,0.21424793725010396
2.0,5.0,0.24378503533568777
4.0,10.0,1.1481886950825293
3.0,8.0,1.0570374816615105
3.0,4.0,3.401461627080007
7.0,13.0,8.117035387951523
2.0,8.0,2.6833749094834523
30.0,49.0,5.2537629917306745
14.0,27.0,1.3720268118737569
3.0,5.0,0.40866585846458225
17.0,28.0,1.1174949570015542
3.0,5.0,0.21424793725010396
3.0,5.0,0.24378503533568777
7.0,10.0,1.1481886950825293
4.0,8.0,1.0570374816615105
2.0,4.0,3.401461627080007
11.0,13.0,8.117035387951523
4.0,8.0,2.6833749094834523
40.0,49.0,5.2537629917306745
20.0,27.0,1.3720268118737569
2.0,5.0,0.40866585846458225
19.0,28.0,1.1174949570015542
5.0,5.0,0.21424793725010396
4.0,5.0,0.24378503533568777
9.0,10.0,1.1481886950825293
5.0,8.0,1.0570374816615105
4.0,4.0,3.401461627080007
12.0,13.0,8.117035387951523
7.0,8.0,2.6833749094834523
44.0,49.0,5.2537629917306745
23.0,27.0,1.3720268118737569
4.0,5.0,0.40866585846458225
22.0,28.0,1.1174949570015542
4.0,5.0,0.21424793725010396
4.0,5.0,0.24378503533568777
9.0,10.0,1.1481886950825293
7.0,8.0,1.0570374816615105
3.0,4.0,3.401461627080007
11.0,13.0,8.117035387951523
7.0,8.0,2.6833749094834523
46.0,49.0,5.2537629917306745
24.0,27.0,1.3720268118737569
4.0,5.0,0.40866585846458225
26.0,28.0,1.1174949570015542
5.0,5.0,0.21424793725010396
5.0,5.0,0.24378503533568777
8.0,10.0,1.1481886950825293
6.0,8.0,1.0570374816615105
1.0,2.0,9.876919857262303
1.0,5.0,6.883486393042411
1.0,1.0,0.8032786547701033
0.0,7.0,2.5859107091877567
1.0,11.0,2.3465628591087966
6.0,60.0,7.136535573222179
13.0,80.0,3.201886354808787
3.0,31.0,1.054009705560175
3.0,26.0,0.5646039196293361
2.0,12.0,0.27484789026621825
3.0,50.0,1.7463875982243389
1.0,2.0,9.876919857262303
0.0,5.0,6.883486393042411
0.0,1.0,0.8032786547701033
2.0,7.0,2.5859107091877567
3.0,11.0,2.3465628591087966
9.0,60.0,7.136535573222179
16.0,80.0,3.201886354808787
9.0,31.0,1.054009705560175
7.0,26.0,0.5646039196293361
1.0,12.0,0.27484789026621825
4.0,50.0,1.7463875982243389
1.0,2.0,9.876919857262303
1.0,5.0,6.883486393042411
0.0,1.0,0.8032786547701033
2.0,7.0,2.5859107091877567
6.0,11.0,2.3465628591087966
18.0,60.0,7.136535573222179
25.0,80.0,3.201886354808787
9.0,31.0,1.054009705560175
6.0,26.0,0.5646039196293361
3.0,12.0,0.27484789026621825
14.0,50.0,1.7463875982243389
1.0,2.0,9.876919857262303
2.0,5.0,6.883486393042411
1.0,1.0,0.8032786547701033
3.0,7.0,2.5859107091877567
3.0,11.0,2.3465628591087966
23.0,60.0,7.136535573222179
31.0,80.0,3.201886354808787
14.0,31.0,1.054009705560175
11.0,26.0,0.5646039196293361
4.0,12.0,0.27484789026621825
18.0,50.0,1.7463875982243389
1.0,2.0,9.876919857262303
3.0,5.0,6.883486393042411
1.0,1.0,0.8032786547701033
1.0,7.0,2.5859107091877567
3.0,11.0,2.3465628591087966
32.0,60.0,7.136535573222179
42.0,80.0,3.201886354808787
21.0,31.0,1.054009705560175
16.0,26.0,0.5646039196293361
3.0,12.0,0.27484789026621825
24.0,50.0,1.7463875982243389
2.0,2.0,9.876919857262303
3.0,5.0,6.883486393042411
1.0,1.0,0.8032786547701033
5.0,7.0,2.5859107091877567
5.0,11.0,2.3465628591087966
37.0,60.0,7.136535573222179
43.0,80.0,3.201886354808787
19.0,31.0,1.054009705560175
14.0,26.0,0.5646039196293361
7.0,12.0,0.27484789026621825
27.0,50.0,1.7463875982243389
1.0,2.0,9.876919857262303
5.0,5.0,6.883486393042411
1.0,1.0,0.8032786547701033
6.0,7.0,2.5859107091877567
8.0,11.0,2.3465628591087966
42.0,60.0,7.136535573222179
54.0,80.0,3.201886354808787
19.0,31.0,1.054009705560175
16.0,26.0,0.5646039196293361
7.0,12.0,0.27484789026621825
33.0,50.0,1.7463875982243389
2.0,2.0,9.876919857262303
4.0,5.0,6.883486393042411
1.0,1.0,0.8032786547701033
5.0,7.0,2.5859107091877567
9.0,11.0,2.3465628591087966
49.0,60.0,7.136535573222179
73.0,80.0,3.201886354808787
22.0,31.0,1.054009705560175
20.0,26.0,0.5646039196293361
8.0,12.0,0.27484789026621825
37.0,50.0,1.7463875982243389
1.0,2.0,9.876919857262303
5.0,5.0,6.883486393042411
1.0,1.0,0.8032786547701033
7.0,7.0,2.5859107091877567
8.0,11.0,2.3465628591087966
56.0,60.0,7.136535573222179
72.0,80.0,3.201886354808787
26.0,31.0,1.054009705560175
23.0,26.0,0.5646039196293361
11.0,12.0,0.27484789026621825
47.0,50.0,1.7463875982243389
1.0,3.0,4.272433789939458
3.0,8.0,4.258761795714128
2.0,10.0,2.805830638317151
0.0,9.0,1.3805504952972958
0.0,18.0,2.2025157587422584
0.0,12.0,1.881944153346881
3.0,15.0,0.9138294993340499
1.0,7.0,0.6663856389099316
10.0,84.0,5.071527497652737
4.0,51.0,1.7123766184018954
4.0,47.0,1.1637142495487542
1.0,3.0,4.272433789939458
3.0,8.0,4.258761795714128
4.0,10.0,2.805830638317151
2.0,9.0,1.3805504952972958
5.0,18.0,2.2025157587422584
3.0,12.0,1.881944153346881
3.0,15.0,0.9138294993340499
3.0,7.0,0.6663856389099316
12.0,84.0,5.071527497652737
9.0,51.0,1.7123766184018954
13.0,47.0,1.1637142495487542
2.0,3.0,4.272433789939458
2.0,8.0,4.258761795714128
3.0,10.0,2.805830638317151
5.0,9.0,1.3805504952972958
6.0,18.0,2.2025157587422584
3.0,12.0,1.881944153346881
5.0,15.0,0.9138294993340499
1.0,7.0,0.6663856389099316
23.0,84.0,5.071527497652737
17.0,51.0,1.7123766184018954
18.0,47.0,1.1637142495487542
1.0,3.0,4.272433789939458
2.0,8.0,4.258761795714128
7.0,10.0,2.805830638317151
3.0,9.0,1.3805504952972958
9.0,18.0,2.2025157587422584
3.0,12.0,1.881944153346881
7.0,15.0,0.9138294993340499
4.0,7.0,0.6663856389099316
28.0,84.0,5.071527497652737
20.0,51.0,1.7123766184018954
15.0,47.0,1.1637142495487542
2.0,3.0,4.272433789939458
5.0,8.0,4.258761795714128
2.0,10.0,2.805830638317151
5.0,9.0,1.3805504952972958
11.0,18.0,2.2025157587422584
7.0,12.0,1.881944153346881
7.0,15.0,0.9138294993340499
3.0,7.0,0.6663856389099316
42.0,84.0,5.071527497652737
26.0,51.0,1.7123766184018954
25.0,47.0,1.1637142495487542
1.0,3.0,4.272433789939458
5.0,8.0,4.258761795714128
7.0,10.0,2.805830638317151
6.0,9.0,1.3805504952972958
12.0,18.0,2.2025157587422584
7.0,12.0,1.881944153346881
10.0,15.0,0.9138294993340499
5.0,7.0,0.6663856389099316
51.0,84.0,5.071527497652737
37.0,51.0,1.7123766184018954
23.0,47.0,1.1637142495487542
2.0,3.0,4.272433789939458
4.0,8.0,4.258761795714128
7.0,10.0,2.805830638317151
7.0,9.0,1.3805504952972958
7.0,18.0,2.2025157587422584
7.0,12.0,1.881944153346881
11.0,15.0,0.9138294993340499
3.0,7.0,0.6663856389099316
61.0,84.0,5.071527497652737
29.0,51.0,1.7123766184018954
30.0,47.0,1.1637142495487542
2.0,3.0,4.272433789939458
7.0,8.0,4.258761795714128
8.0,10.0,2.805830638317151
6.0,9.0,1.3805504952972958
14.0,18.0,2.2025157587422584
8.0,12.0,1.881944153346881
10.0,15.0,0.9138294993340499
4.0,7.0,0.6663856389099316
65.0,84.0,5.071527497652737
44.0,51.0,1.7123766184018954
36.0,47.0,1.1637142495487542
2.0,3.0,4.272433789939458
8.0,8.0,4.258761795714128
10.0,10.0,2.805830638317151
9.0,9.0,1.3805504952972958
17.0,18.0,2.2025157587422584
9.0,12.0,1.881944153346881
15.0,15.0,0.9138294993340499
6.0,7.0,0.6663856389099316
75.0,84.0,5.071527497652737
45.0,51.0,1.7123766184018954
43.0,47.0,1.1637142495487542
1.0,3.0,2.8774434780850697
0.0,3.0,4.661095833531937
1.0,14.0,9.977966941069056
4.0,26.0,2.9227961044883406
3.0,32.0,2.3781510514495547
7.0,57.0,2.211432499249742
1.0,10.0,0.30783852993674954
6.0,52.0,1.5434914704060174
1.0,8.0,0.26491973336372976
3.0,18.0,0.6304598632946203
2.0,6.0,0.3433922650530326
1.0,3.0,2.8774434780850697
1.0,3.0,4.661095833531937
3.0,14.0,9.977966941069056
4.0,26.0,2.9227961044883406
2.0,32.0,2.3781510514495547
11.0,57.0,2.211432499249742
3.0,10.0,0.30783852993674954
4.0,52.0,1.5434914704060174
2.0,8.0,0.26491973336372976
6.0,18.0,0.6304598632946203
2.0,6.0,0.3433922650530326
1.0,3.0,2.8774434780850697
1.0,3.0,4.661095833531937
5.0,14.0,9.977966941069056
9.0,26.0,2.9227961044883406
8.0,32.0,2.3781510514495547
16.0,57.0,2.211432499249742
1.0,10.0,0.30783852993674954
13.0,52.0,1.5434914704060174
4.0,8.0,0.26491973336372976
2.0,18.0,0.6304598632946203
2.0,6.0,0.3433922650530326
2.0,3.0,2.8774434780850697
0.0,3.0,4.661095833531937
8.0,14.0,9.977966941069056
9.0,26.0,2.9227961044883406
10.0,32.0,2.3781510514495547
20.0,57.0,2.211432499249742
3.0,10.0,0.30783852993674954
22.0,52.0,1.5434914704060174
4.0,8.0,0.26491973336372976
8.0,18.0,0.6304598632946203
3.0,6.0,0.3433922650530326
1.0,3.0,2.8774434780850697
2.0,3.0,4.661095833531937
6.0,14.0,9.977966941069056
14.0,26.0,2.9227961044883406
9.0,32.0,2.3781510514495547
32.0,57.0,2.211432499249742
8.0,10.0,0.30783852993674954
29.0,52.0,1.5434914704060174
4.0,8.0,0.26491973336372976
9.0,18.0,0.6304598632946203
3.0,6.0,0.3433922650530326
3.0,3.0,2.8774434780850697
1.0,3.0,4.661095833531937
8.0,14.0,9.977966941069056
15.0,26.0,2.9227961044883406
21.0,32.0,2.3781510514495547
41.0,57.0,2.211432499249742
4.0,10.0,0.30783852993674954
37.0,52.0,1.5434914704060174
4.0,8.0,0.26491973336372976
11.0,18.0,0.6304598632946203
4.0,6.0,0.3433922650530326
2.0,3.0,2.8774434780850697
3.0,3.0,4.661095833531937
10.0,14.0,9.977966941069056
15.0,26.0,2.9227961044883406
21.0,32.0,2.3781510514495547
37.0,57.0,2.211432499249742
4.0,10.0,0.30783852993674954
39.0,52.0,1.5434914704060174
7.0,8.0,0.26491973336372976
10.0,18.0,0.6304598632946203
4.0,6.0,0.3433922650530326
2.0,3.0,2.8774434780850697
3.0,3.0,4.661095833531937
11.0,14.0,9.977966941069056
18.0,26.0,2.9227961044883406
22.0,32.0,2.3781510514495547
48.0,57.0,2.211432499249742
8.0,10.0,0.30783852993674954
42.0,52.0,1.5434914704060174
7.0,8.0,0.26491973336372976
13.0,18.0,0.6304598632946203
5.0,6.0,0.3433922650530326
3.0,3.0,2.8774434780850697
3.0,3.0,4.661095833531937
13.0,14.0,9.977966941069056
19.0,26.0,2.9227961044883406
29.0,32.0,2.3781510514495547
51.0,57.0,2.211432499249742
10.0,10.0,0.30783852993674954
48.0,52.0,1.5434914704060174
8.0,8.0,0.26491973336372976
16.0,18.0,0.6304598632946203
5.0,6.0,0.3433922650530326
1.0,5.0,4.212542012837811
2.0,8.0,6.435964780328943
1.0,8.0,1.3058994991645796
3.0,16.0,2.4463213894417466
5.0,54.0,5.310502734293196
2.0,32.0,1.0808817110668116
8.0,71.0,2.2821542682406473
3.0,49.0,0.9845764293726882
4.0,47.0,1.12421752444403
10.0,62.0,1.3361933978277973
2.0,28.0,0.36835890507461266
1.0,5.0,4.212542012837811
0.0,8.0,6.435964780328943
1.0,8.0,1.3058994991645796
4.0,16.0,2.4463213894417466
10.0,54.0,5.310502734293196
4.0,32.0,1.0808817110668116
16.0,71.0,2.2821542682406473
12.0,49.0,0.9845764293726882
11.0,47.0,1.12421752444403
16.0,62.0,1.3361933978277973
5.0,28.0,0.36835890507461266
2.0,5.0,4.212542012837811
5.0,8.0,6.435964780328943
3.0,8.0,1.3058994991645796
7.0,16.0,2.4463213894417466
14.0,54.0,5.310502734293196
12.0,32.0,1.0808817110668116
13.0,71.0,2.2821542682406473
16.0,49.0,0.9845764293726882
11.0,47.0,1.12421752444403
18.0,62.0,1.3361933978277973
10.0,28.0,0.36835890507461266
2.0,5.0,4.212542012837811
4.0,8.0,6.435964780328943
4.0,8.0,1.3058994991645796
4.0,16.0,2.4463213894417466
22.0,54.0,5.310502734293196
10.0,32.0,1.0808817110668116
33.0,71.0,2.2821542682406473
19.0,49.0,0.9845764293726882
16.0,47.0,1.12421752444403
29.0,62.0,1.3361933978277973
9.0,28.0,0.36835890507461266
4.0,5.0,4.212542012837811
6.0,8.0,6.435964780328943
5.0,8.0,1.3058994991645796
9.0,16.0,2.4463213894417466
25.0,54.0,5.310502734293196
18.0,32.0,1.0808817110668116
27.0,71.0,2.2821542682406473
22.0,49.0,0.9845764293726882
21.0,47.0,1.12421752444403
25.0,62.0,1.3361933978277973
15.0,28.0,0.36835890507461266
2.0,5.0,4.212542012837811
6.0,8.0,6.435964780328943
3.0,8.0,1.3058994991645796
11.0,16.0,2.4463213894417466
34.0,54.0,5.310502734293196
20.0,32.0,1.0808817110668116
49.0,71.0,2.2821542682406473
32.0,49.0,0.9845764293726882
27.0,47.0,1.12421752444403
39.0,62.0,1.3361933978277973
14.0,28.0,0.36835890507461266
2.0,5.0,4.212542012837811
6.0,8.0,6.435964780328943
5.0,8.0,1.3058994991645796
15.0,16.0,2.4463213894417466
33.0,54.0,5.310502734293196
18.0,32.0,1.0808817110668116
50.0,71.0,2.2821542682406473
39.0,49.0,0.9845764293726882
32.0,47.0,1.12421752444403
43.0,62.0,1.3361933978277973
19.0,28.0,0.36835890507461266
5.0,5.0,4.212542012837811
6.0,8.0,6.435964780328943
4.0,8.0,1.3058994991645796
11.0,16.0,2.4463213894417466
46.0,54.0,5.310502734293196
28.0,32.0,1.0808817110668116
54.0,71.0,2.2821542682406473
40.0,49.0,0.9845764293726882
36.0,47.0,1.12421752444403
49.0,62.0,1.3361933978277973
15.0,28.0,0.36835890507461266
5.0,5.0,4.212542012837811
7.0,8.0,6.435964780328943
8.0,8.0,1.3058994991645796
15.0,16.0,2.4463213894417466
47.0,54.0,5.310502734293196
30.0,32.0,1.0808817110668116
65.0,71.0,2.2821542682406473
47.0,49.0,0.9845764293726882
46.0,47.0,1.12421752444403
54.0,62.0,1.3361933978277973
25.0,28.0,0.36835890507461266
1.0,6.0,7.60231184647476
0.0,3.0,1.0062997883943303
0.0,11.0,4.152064909243458
1.0,6.0,1.4767441396454386
2.0,24.0,4.618374119975567
1.0,18.0,1.135071544835872
5.0,46.0,2.179623270278238
5.0,58.0,2.6956686809305257
2.0,20.0,0.5078639752517159
3.0,38.0,0.8668545255448202
0.0,5.0,0.15270506034466233
1.0,6.0,7.60231184647476
1.0,3.0,1.0062997883943303
1.0,11.0,4.152064909243458
1.0,6.0,1.4767441396454386
2.0,24.0,4.618374119975567
4.0,18.0,1.135071544835872
7.0,46.0,2.179623270278238
5.0,58.0,2.6956686809305257
4.0,20.0,0.5078639752517159
4.0,38.0,0.8668545255448202
1.0,5.0,0.15270506034466233
1.0,6.0,7.60231184647476
2.0,3.0,1.0062997883943303
1.0,11.0,4.152064909243458
2.0,6.0,1.4767441396454386
5.0,24.0,4.618374119975567
5.0,18.0,1.135071544835872
18.0,46.0,2.179623270278238
18.0,58.0,2.6956686809305257
8.0,20.0,0.5078639752517159
12.0,38.0,0.8668545255448202
3.0,5.0,0.15270506034466233
1.0,6.0,7.60231184647476
2.0,3.0,1.0062997883943303
5.0,11.0,4.152064909243458
2.0,6.0,1.4767441396454386
8.0,24.0,4.618374119975567
7.0,18.0,1.135071544835872
18.0,46.0,2.179623270278238
19.0,58.0,2.6956686809305257
6.0,20.0,0.5078639752517159
14.0,38.0,0.8668545255448202
1.0,5.0,0.15270506034466233
4.0,6.0,7.60231184647476
1.0,3.0,1.0062997883943303
4.0,11.0,4.152064909243458
4.0,6.0,1.4767441396454386
11.0,24.0,4.618374119975567
8.0,18.0,1.135071544835872
29.0,46.0,2.179623270278238
37.0,58.0,2.6956686809305257
10.0,20.0,0.5078639752517159
21.0,38.0,0.8668545255448202
1.0,5.0,0.15270506034466233
5.0,6.0,7.60231184647476
2.0,3.0,1.0062997883943303
7.0,11.0,4.152064909243458
5.0,6.0,1.4767441396454386
17.0,24.0,4.618374119975567
13.0,18.0,1.135071544835872
34.0,46.0,2.179623270278238
33.0,58.0,2.6956686809305257
10.0,20.0,0.5078639752517159
21.0,38.0,0.8668545255448202
3.0,5.0,0.15270506034466233
6.0,6.0,7.60231184647476
3.0,3.0,1.0062997883943303
7.0,11.0,4.152064909243458
5.0,6.0,1.4767441396454386
14.0,24.0,4.618374119975567
14.0,18.0,1.135071544835872
34.0,46.0,2.179623270278238
44.0,58.0,2.6956686809305257
16.0,20.0,0.5078639752517159
26.0,38.0,0.8668545255448202
5.0,5.0,0.15270506034466233
5.0,6.0,7.60231184647476
3.0,3.0,1.0062997883943303
9.0,11.0,4.152064909243458
3.0,6.0,1.4767441396454386
21.0,24.0,4.618374119975567
15.0,18.0,1.135071544835872
39.0,46.0,2.179623270278238
46.0,58.0,2.6956686809305257
19.0,20.0,0.5078639752517159
33.0,38.0,0.8668545255448202
5.0,5.0,0.15270506034466233
6.0,6.0,7.60231184647476
3.0,3.0,1.0062997883943303
11.0,11.0,4.152064909243458
6.0,6.0,1.4767441396454386
21.0,24.0,4.618374119975567
16.0,18.0,1.135071544835872
44.0,46.0,2.179623270278238
50.0,58.0,2.6956686809305257
19.0,20.0,0.5078639752517159
32.0,38.0,0.8668545255448202
5.0,5.0,0.15270506034466233
1.0,4.0,4.774445943379705
2.0,5.0,3.290036500618183
0.0,5.0,3.0660953876901518
0.0,2.0,1.1655331230143484
0.0,5.0,1.879156531604297
5.0,28.0,6.938502161226972
2.0,14.0,1.5437799230270264
2.0,13.0,0.7008817770327875
4.0,23.0,1.2793681637270282
1.0,17.0,1.1620085219191316
5.0,28.0,1.596959697693049
1.0,4.0,4.774445943379705
2.0,5.0,3.290036500618183
1.0,5.0,3.0660953876901518
1.0,2.0,1.1655331230143484
1.0,5.0,1.879156531604297
4.0,28.0,6.938502161226972
2.0,14.0,1.5437799230270264
2.0,13.0,0.7008817770327875
2.0,23.0,1.2793681637270282
3.0,17.0,1.1620085219191316
9.0,28.0,1.596959697693049
2.0,4.0,4.774445943379705
1.0,5.0,3.290036500618183
3.0,5.0,3.0660953876901518
0.0,2.0,1.1655331230143484
1.0,5.0,1.879156531604297
7.0,28.0,6.938502161226972
4.0,14.0,1.5437799230270264
3.0,13.0,0.7008817770327875
8.0,23.0,1.2793681637270282
5.0,17.0,1.1620085219191316
9.0,28.0,1.596959697693049
2.0,4.0,4.774445943379705
1.0,5.0,3.290036500618183
1.0,5.0,3.0660953876901518
1.0,2.0,1.1655331230143484
3.0,5.0,1.879156531604297
7.0,28.0,6.938502161226972
6.0,14.0,1.5437799230270264
4.0,13.0,0.7008817770327875
10.0,23.0,1.2793681637270282
9.0,17.0,1.1620085219191316
17.0,28.0,1.596959697693049
2.0,4.0,4.774445943379705
2.0,5.0,3.290036500618183
3.0,5.0,3.0660953876901518
1.0,2.0,1.1655331230143484
1.0,5.0,1.879156531604297
10.0,28.0,6.938502161226972
5.0,14.0,1.5437799230270264
7.0,13.0,0.7008817770327875
14.0,23.0,1.2793681637270282
8.0,17.0,1.1620085219191316
16.0,28.0,1.596959697693049
2.0,4.0,4.774445943379705
3.0,5.0,3.290036500618183
4.0,5.0,3.0660953876901518
1.0,2.0,1.1655331230143484
1.0,5.0,1.879156531604297
17.0,28.0,6.938502161226972
7.0,14.0,1.5437799230270264
8.0,13.0,0.7008817770327875
15.0,23.0,1.2793681637270282
12.0,17.0,1.1620085219191316
12.0,28.0,1.596959697693049
3.0,4.0,4.774445943379705
4.0,5.0,3.290036500618183
4.0,5.0,3.0660953876901518
2.0,2.0,1.1655331230143484
2.0,5.0,1.879156531604297
22.0,28.0,6.938502161226972
11.0,14.0,1.5437799230270264
8.0,13.0,0.7008817770327875
13.0,23.0,1.2793681637270282
13.0,17.0,1.1620085219191316
19.0,28.0,1.596959697693049
4.0,4.0,4.774445943379705
5.0,5.0,3.290036500618183
5.0,5.0,3.0660953876901518
2.0,2.0,1.1655331230143484
4.0,5.0,1.879156531604297
22.0,28.0,6.938502161226972
9.0,14.0,1.5437799230270264
11.0,13.0,0.7008817770327875
18.0,23.0,1.2793681637270282
14.0,17.0,1.1620085219191316
27.0,28.0,1.596959697693049
4.0,4.0,4.774445943379705
4.0,5.0,3.290036500618183
5.0,5.0,3.0660953876901518
2.0,2.0,1.1655331230143484
5.0,5.0,1.879156531604297
26.0,28.0,6.938502161226972
14.0,14.0,1.5437799230270264
10.0,13.0,0.7008817770327875
23.0,23.0,1.2793681637270282
12.0,17.0,1.1620085219191316
22.0,28.0,1.596959697693049
1.0,13.0,11.842002256730598
4.0,17.0,3.05279574929129
11.0,89.0,6.956319197584293
3.0,14.0,0.4300633614200601
5.0,81.0,1.8029256476455635
0.0,27.0,0.5316662128212766
4.0,57.0,1.2406285006651552
0.0,5.0,0.09692714679478898
8.0,34.0,0.8557565032868655
5.0,74.0,2.184602701954741
2.0,57.0,1.385718646961167
3.0,13.0,11.842002256730598
1.0,17.0,3.05279574929129
17.0,89.0,6.956319197584293
0.0,14.0,0.4300633614200601
14.0,81.0,1.8029256476455635
4.0,27.0,0.5316662128212766
12.0,57.0,1.2406285006651552
3.0,5.0,0.09692714679478898
5.0,34.0,0.8557565032868655
16.0,74.0,2.184602701954741
13.0,57.0,1.385718646961167
4.0,13.0,11.842002256730598
3.0,17.0,3.05279574929129
25.0,89.0,6.956319197584293
5.0,14.0,0.4300633614200601
22.0,81.0,1.8029256476455635
7.0,27.0,0.5316662128212766
21.0,57.0,1.2406285006651552
1.0,5.0,0.09692714679478898
5.0,34.0,0.8557565032868655
17.0,74.0,2.184602701954741
26.0,57.0,1.385718646961167
5.0,13.0,11.842002256730598
9.0,17.0,3.05279574929129
38.0,89.0,6.956319197584293
8.0,14.0,0.4300633614200601
29.0,81.0,1.8029256476455635
11.0,27.0,0.5316662128212766
25.0,57.0,1.2406285006651552
1.0,5.0,0.09692714679478898
9.0,34.0,0.8557565032868655
32.0,74.0,2.184602701954741
26.0,57.0,1.385718646961167
9.0,13.0,11.842002256730598
6.0,17.0,3.05279574929129
38.0,89.0,6.956319197584293
9.0,14.0,0.4300633614200601
41.0,81.0,1.8029256476455635
11.0,27.0,0.5316662128212766
30.0,57.0,1.2406285006651552
2.0,5.0,0.09692714679478898
18.0,34.0,0.8557565032868655
38.0,74.0,2.184602701954741
20.0,57.0,1.385718646961167
6.0,13.0,11.842002256730598
12.0,17.0,3.05279574929129
57.0,89.0,6.956319197584293
9.0,14.0,0.4300633614200601
46.0,81.0,1.8029256476455635
15.0,27.0,0.5316662128212766
39.0,57.0,1.2406285006651552
4.0,5.0,0.09692714679478898
19.0,34.0,0.8557565032868655
43.0,74.0,2.184602701954741
40.0,57.0,1.385718646961167
9.0,13.0,11.842002256730598
12.0,17.0,3.05279574929129
61.0,89.0,6.956319197584293
11.0,14.0,0.4300633614200601
64.0,81.0,1.8029256476455635
20.0,27.0,0.5316662128212766
38.0,57.0,1.2406285006651552
3.0,5.0,0.09692714679478898
24.0,34.0,0.8557565032868655
48.0,74.0,2.184602701954741
38.0,57.0,1.385718646961167
12.0,13.0,11.842002256730598
16.0,17.0,3.05279574929129
76.0,89.0,6.956319197584293
13.0,14.0,0.4300633614200601
65.0,81.0,1.8029256476455635
21.0,27.0,0.5316662128212766
47.0,57.0,1.2406285006651552
3.0,5.0,0.09692714679478898
27.0,34.0,0.8557565032868655
58.0,74.0,2.184602701954741
37.0,57.0,1.385718646961167
13.0,13.0,11.842002256730598
16.0,17.0,3.05279574929129
80.0,89.0,6.956319197584293
13.0,14.0,0.4300633614200601
72.0,81.0,1.8029256476455635
22.0,27.0,0.5316662128212766
48.0,57.0,1.2406285006651552
5.0,5.0,0.09692714679478898
34.0,34.0,0.8557565032868655
64.0,74.0,2.184602701954741
47.0,57.0,1.385718646961167
1.0,4.0,5.241674525683586
1.0,2.0,0.5979533332214401
1.0,4.0,3.4141980485060497
1.0,2.0,0.671097188056573
2.0,9.0,2.670770559402932
2.0,26.0,4.394497463772
2.0,15.0,1.645028986727487
1.0,17.0,0.7856980558630368
2.0,22.0,1.0513084490546543
2.0,11.0,0.36196938792965766
2.0,18.0,1.3393642990877006
1.0,4.0,5.241674525683586
0.0,2.0,0.5979533332214401
2.0,4.0,3.4141980485060497
0.0,2.0,0.671097188056573
1.0,9.0,2.670770559402932
5.0,26.0,4.394497463772
2.0,15.0,1.645028986727487
1.0,17.0,0.7856980558630368
6.0,22.0,1.0513084490546543
3.0,11.0,0.36196938792965766
1.0,18.0,1.3393642990877006
1.0,4.0,5.241674525683586
1.0,2.0,0.5979533332214401
2.0,4.0,3.4141980485060497
0.0,2.0,0.671097188056573
3.0,9.0,2.670770559402932
10.0,26.0,4.394497463772
6.0,15.0,1.645028986727487
3.0,17.0,0.7856980558630368
5.0,22.0,1.0513084490546543
3.0,11.0,0.36196938792965766
5.0,18.0,1.3393642990877006
2.0,4.0,5.241674525683586
2.0,2.0,0.5979533332214401
0.0,4.0,3.4141980485060497
1.0,2.0,0.671097188056573
5.0,9.0,2.670770559402932
6.0,26.0,4.394497463772
8.0,15.0,1.645028986727487
10.0,17.0,0.7856980558630368
10.0,22.0,1.0513084490546543
2.0,11.0,0.36196938792965766
7.0,18.0,1.3393642990877006
2.0,4.0,5.241674525683586
1.0,2.0,0.5979533332214401
2.0,4.0,3.4141980485060497
2.0,2.0,0.671097188056573
4.0,9.0,2.670770559402932
5.0,26.0,4.394497463772
7.0,15.0,1.645028986727487
7.0,17.0,0.7856980558630368
10.0,22.0,1.0513084490546543
5.0,11.0,0.36196938792965766
10.0,18.0,1.3393642990877006
1.0,4.0,5.241674525683586
2.0,2.0,0.5979533332214401
3.0,4.0,3.4141980485060497
2.0,2.0,0.671097188056573
5.0,9.0,2.670770559402932
19.0,26.0,4.394497463772
8.0,15.0,1.645028986727487
8.0,17.0,0.7856980558630368
9.0,22.0,1.0513084490546543
9.0,11.0,0.36196938792965766
10.0,18.0,1.3393642990877006
4.0,4.0,5.241674525683586
1.0,2.0,0.5979533332214401
4.0,4.0,3.4141980485060497
2.0,2.0,0.671097188056573
5.0,9.0,2.670770559402932
17.0,26.0,4.394497463772
10.0,15.0,1.645028986727487
12.0,17.0,0.7856980558630368
12.0,22.0,1.0513084490546543
6.0,11.0,0.36196938792965766
6.0,18.0,1.3393642990877006
3.0,4.0,5.241674525683586
2.0,2.0,0.5979533332214401
4.0,4.0,3.4141980485060497
2.0,2.0,0.671097188056573
8.0,9.0,2.670770559402932
21.0,26.0,4.394497463772
11.0,15.0,1.645028986727487
13.0,17.0,0.7856980558630368
15.0,22.0,1.0513084490546543
6.0,11.0,0.36196938792965766
14.0,18.0,1.3393642990877006
4.0,4.0,5.241674525683586
2.0,2.0,0.5979533332214401
4.0,4.0,3.4141980485060497
2.0,2.0,0.671097188056573
8.0,9.0,2.670770559402932
23.0,26.0,4.394497463772
12.0,15.0,1.645028986727487
13.0,17.0,0.7856980558630368
22.0,22.0,1.0513084490546543
11.0,11.0,0.36196938792965766
16.0,18.0,1.3393642990877006
1.0,4.0,6.016698914674094
0.0,8.0,1.8310544344526931
1.0,18.0,2.6385410204274247
2.0,9.0,0.677212778318493
2.0,22.0,1.8618467519752335
3.0,11.0,0.5028377118131145
2.0,24.0,2.087572482801719
11.0,91.0,4.721380911639239
1.0,9.0,0.3344252326010206
7.0,37.0,0.9957335982440809
4.0,27.0,1.2481484695199287
1.0,4.0,6.016698914674094
4.0,8.0,1.8310544344526931
4.0,18.0,2.6385410204274247
1.0,9.0,0.677212778318493
5.0,22.0,1.8618467519752335
3.0,11.0,0.5028377118131145
2.0,24.0,2.087572482801719
16.0,91.0,4.721380911639239
1.0,9.0,0.3344252326010206
7.0,37.0,0.9957335982440809
6.0,27.0,1.2481484695199287
3.0,4.0,6.016698914674094
1.0,8.0,1.8310544344526931
2.0,18.0,2.6385410204274247
2.0,9.0,0.677212778318493
8.0,22.0,1.8618467519752335
2.0,11.0,0.5028377118131145
8.0,24.0,2.087572482801719
28.0,91.0,4.721380911639239
4.0,9.0,0.3344252326010206
10.0,37.0,0.9957335982440809
5.0,27.0,1.2481484695199287
2.0,4.0,6.016698914674094
5.0,8.0,1.8310544344526931
8.0,18.0,2.6385410204274247
2.0,9.0,0.677212778318493
7.0,22.0,1.8618467519752335
1.0,11.0,0.5028377118131145
14.0,24.0,2.087572482801719
38.0,91.0,4.721380911639239
4.0,9.0,0.3344252326010206
16.0,37.0,0.9957335982440809
7.0,27.0,1.2481484695199287
3.0,4.0,6.016698914674094
2.0,8.0,1.8310544344526931
10.0,18.0,2.6385410204274247
5.0,9.0,0.677212778318493
5.0,22.0,1.8618467519752335
8.0,11.0,0.5028377118131145
14.0,24.0,2.087572482801719
50.0,91.0,4.721380911639239
4.0,9.0,0.3344252326010206
18.0,37.0,0.9957335982440809
17.0,27.0,1.2481484695199287
2.0,4.0,6.016698914674094
4.0,8.0,1.8310544344526931
13.0,18.0,2.6385410204274247
3.0,9.0,0.677212778318493
13.0,22.0,1.8618467519752335
7.0,11.0,0.5028377118131145
10.0,24.0,2.087572482801719
55.0,91.0,4.721380911639239
6.0,9.0,0.3344252326010206
28.0,37.0,0.9957335982440809
16.0,27.0,1.2481484695199287
2.0,4.0,6.016698914674094
7.0,8.0,1.8310544344526931
13.0,18.0,2.6385410204274247
8.0,9.0,0.677212778318493
14.0,22.0,1.8618467519752335
5.0,11.0,0.5028377118131145
13.0,24.0,2.087572482801719
64.0,91.0,4.721380911639239
6.0,9.0,0.3344252326010206
27.0,37.0,0.9957335982440809
17.0,27.0,1.2481484695199287
4.0,4.0,6.016698914674094
7.0,8.0,1.8310544344526931
16.0,18.0,2.6385410204274247
5.0,9.0,0.677212778318493
17.0,22.0,1.8618467519752335
8.0,11.0,0.5028377118131145
18.0,24.0,2.087572482801719
76.0,91.0,4.721380911639239
4.0,9.0,0.3344252326010206
27.0,37.0,0.9957335982440809
19.0,27.0,1.2481484695199287
3.0,4.0,6.016698914674094
6.0,8.0,1.8310544344526931
17.0,18.0,2.6385410204274247
8.0,9.0,0.677212778318493
21.0,22.0,1.8618467519752335
11.0,11.0,0.5028377118131145
22.0,24.0,2.087572482801719
82.0,91.0,4.721380911639239
7.0,9.0,0.3344252326010206
37.0,37.0,0.9957335982440809
23.0,27.0,1.2481484695199287
1.0,2.0,1.8802759361070844
1.0,12.0,5.757950917548597
1.0,5.0,1.3350417247538935
2.0,19.0,2.758006357640731
3.0,46.0,2.9158219666869516
10.0,64.0,2.6928387235276476
4.0,36.0,0.6329227000650681
2.0,7.0,0.17339553873976193
6.0,91.0,2.7380075676832534
4.0,91.0,1.5752938382379167
3.0,47.0,0.7447004873040024
1.0,2.0,1.8802759361070844
2.0,12.0,5.757950917548597
1.0,5.0,1.3350417247538935
4.0,19.0,2.758006357640731
6.0,46.0,2.9158219666869516
10.0,64.0,2.6928387235276476
9.0,36.0,0.6329227000650681
3.0,7.0,0.17339553873976193
21.0,91.0,2.7380075676832534
17.0,91.0,1.5752938382379167
11.0,47.0,0.7447004873040024
1.0,2.0,1.8802759361070844
4.0,12.0,5.757950917548597
2.0,5.0,1.3350417247538935
5.0,19.0,2.758006357640731
13.0,46.0,2.9158219666869516
26.0,64.0,2.6928387235276476
5.0,36.0,0.6329227000650681
3.0,7.0,0.17339553873976193
33.0,91.0,2.7380075676832534
33.0,91.0,1.5752938382379167
11.0,47.0,0.7447004873040024
1.0,2.0,1.8802759361070844
8.0,12.0,5.757950917548597
2.0,5.0,1.3350417247538935
4.0,19.0,2.758006357640731
18.0,46.0,2.9158219666869516
32.0,64.0,2.6928387235276476
18.0,36.0,0.6329227000650681
4.0,7.0,0.17339553873976193
41.0,91.0,2.7380075676832534
37.0,91.0,1.5752938382379167
20.0,47.0,0.7447004873040024
1.0,2.0,1.8802759361070844
7.0,12.0,5.757950917548597
0.0,5.0,1.3350417247538935
11.0,19.0,2.758006357640731
24.0,46.0,2.9158219666869516
33.0,64.0,2.6928387235276476
15.0,36.0,0.6329227000650681
5.0,7.0,0.17339553873976193
44.0,91.0,2.7380075676832534
48.0,91.0,1.5752938382379167
21.0,47.0,0.7447004873040024
2.0,2.0,1.8802759361070844
8.0,12.0,5.757950917548597
5.0,5.0,1.3350417247538935
16.0,19.0,2.758006357640731
26.0,46.0,2.9158219666869516
33.0,64.0,2.6928387235276476
17.0,36.0,0.6329227000650681
3.0,7.0,0.17339553873976193
52.0,91.0,2.7380075676832534
49.0,91.0,1.5752938382379167
27.0,47.0,0.7447004873040024
2.0,2.0,1.8802759361070844
8.0,12.0,5.757950917548597
5.0,5.0,1.3350417247538935
15.0,19.0,2.758006357640731
32.0,46.0,2.9158219666869516
48.0,64.0,2.6928387235276476
22.0,36.0,0.6329227000650681
4.0,7.0,0.17339553873976193
64.0,91.0,2.7380075676832534
63.0,91.0,1.5752938382379167
35.0,47.0,0.7447004873040024
2.0,2.0,1.8802759361070844
9.0,12.0,5.757950917548597
4.0,5.0,1.3350417247538935
12.0,19.0,2.758006357640731
35.0,46.0,2.9158219666869516
55.0,64.0,2.6928387235276476
30.0,36.0,0.6329227000650681
5.0,7.0,0.17339553873976193
73.0,91.0,2.7380075676832534
75.0,91.0,1.5752938382379167
32.0,47.0,0.7447004873040024
1.0,2.0,1.8802759361070844
12.0,12.0,5.757950917548597
5.0,5.0,1.3350417247538935
19.0,19.0,2.758006357640731
41.0,46.0,2.9158219666869516
54.0,64.0,2.6928387235276476
32.0,36.0,0.6329227000650681
7.0,7.0,0.17339553873976193
83.0,91.0,2.7380075676832534
75.0,91.0,1.5752938382379167
46.0,47.0,0.7447004873040024
1.0,7.0,13.179684706582366
1.0,21.0,6.550104443889826
1.0,5.0,0.6649555934188965
0.0,4.0,0.2568421553719737
0.0,25.0,2.3567535221448765
2.0,15.0,1.1050530131354006
5.0,35.0,2.296731531026017
3.0,15.0,0.7636464271869688
2.0,37.0,1.8215947825539587
2.0,35.0,1.1573357283726162
3.0,12.0,0.4353038253234708
1.0,7.0,13.179684706582366
4.0,21.0,6.550104443889826
2.0,5.0,0.6649555934188965
0.0,4.0,0.2568421553719737
5.0,25.0,2.3567535221448765
4.0,15.0,1.1050530131354006
4.0,35.0,2.296731531026017
3.0,15.0,0.7636464271869688
12.0,37.0,1.8215947825539587
6.0,35.0,1.1573357283726162
3.0,12.0,0.4353038253234708
1.0,7.0,13.179684706582366
5.0,21.0,6.550104443889826
1.0,5.0,0.6649555934188965
1.0,4.0,0.2568421553719737
6.0,25.0,2.3567535221448765
4.0,15.0,1.1050530131354006
11.0,35.0,2.296731531026017
2.0,15.0,0.7636464271869688
14.0,37.0,1.8215947825539587
13.0,35.0,1.1573357283726162
2.0,12.0,0.4353038253234708
3.0,7.0,13.179684706582366
10.0,21.0,6.550104443889826
2.0,5.0,0.6649555934188965
2.0,4.0,0.2568421553719737
10.0,25.0,2.3567535221448765
4.0,15.0,1.1050530131354006
12.0,35.0,2.296731531026017
5.0,15.0,0.7636464271869688
13.0,37.0,1.8215947825539587
11.0,35.0,1.1573357283726162
2.0,12.0,0.4353038253234708
2.0,7.0,13.179684706582366
9.0,21.0,6.550104443889826
2.0,5.0,0.6649555934188965
1.0,4.0,0.2568421553719737
12.0,25.0,2.3567535221448765
7.0,15.0,1.1050530131354006
17.0,35.0,2.296731531026017
6.0,15.0,0.7636464271869688
16.0,37.0,1.8215947825539587
13.0,35.0,1.1573357283726162
5.0,12.0,0.4353038253234708
3.0,7.0,13.179684706582366
15.0,21.0,6.550104443889826
3.0,5.0,0.6649555934188965
3.0,4.0,0.2568421553719737
14.0,25.0,2.3567535221448765
9.0,15.0,1.1050530131354006
22.0,35.0,2.296731531026017
9.0,15.0,0.7636464271869688
20.0,37.0,1.8215947825539587
22.0,35.0,1.1573357283726162
11.0,12.0,0.4353038253234708
4.0,7.0,13.179684706582366
15.0,21.0,6.550104443889826
3.0,5.0,0.6649555934188965
3.0,4.0,0.2568421553719737
16.0,25.0,2.3567535221448765
8.0,15.0,1.1050530131354006
24.0,35.0,2.296731531026017
7.0,15.0,0.7636464271869688
24.0,37.0,1.8215947825539587
24.0,35.0,1.1573357283726162
9.0,12.0,0.4353038253234708
6.0,7.0,13.179684706582366
20.0,21.0,6.550104443889826
4.0,5.0,0.6649555934188965
3.0,4.0,0.2568421553719737
19.0,25.0,2.3567535221448765
11.0,15.0,1.1050530131354006
31.0,35.0,2.296731531026017
14.0,15.0,0.7636464271869688
31.0,37.0,1.8215947825539587
28.0,35.0,1.1573357283726162
10.0,12.0,0.4353038253234708
7.0,7.0,13.179684706582366
18.0,21.0,6.550104443889826
5.0,5.0,0.6649555934188965
3.0,4.0,0.2568421553719737
23.0,25.0,2.3567535221448765
9.0,15.0,1.1050530131354006
32.0,35.0,2.296731531026017
15.0,15.0,0.7636464271869688
33.0,37.0,1.8215947825539587
34.0,35.0,1.1573357283726162
11.0,12.0,0.4353038253234708
2.0,6.0,5.72735223197476
0.0,14.0,4.865594948184946
5.0,20.0,3.0165565125529965
6.0,46.0,3.390358380347548
1.0,5.0,0.3311629356037343
3.0,21.0,0.8499197772455146
3.0,56.0,2.2051734415589523
0.0,26.0,0.8083466018820615
7.0,83.0,2.091493641913422
4.0,63.0,0.8623202265268318
4.0,40.0,0.7138636665627649
1.0,6.0,5.72735223197476
3.0,14.0,4.865594948184946
9.0,20.0,3.0165565125529965
9.0,46.0,3.390358380347548
2.0,5.0,0.3311629356037343
2.0,21.0,0.8499197772455146
16.0,56.0,2.2051734415589523
3.0,26.0,0.8083466018820615
13.0,83.0,2.091493641913422
10.0,63.0,0.8623202265268318
6.0,40.0,0.7138636665627649
2.0,6.0,5.72735223197476
5.0,14.0,4.865594948184946
9.0,20.0,3.0165565125529965
15.0,46.0,3.390358380347548
3.0,5.0,0.3311629356037343
7.0,21.0,0.8499197772455146
17.0,56.0,2.2051734415589523
6.0,26.0,0.8083466018820615
31.0,83.0,2.091493641913422
19.0,63.0,0.8623202265268318
9.0,40.0,0.7138636665627649
5.0,6.0,5.72735223197476
3.0,14.0,4.865594948184946
9.0,20.0,3.0165565125529965
22.0,46.0,3.390358380347548
1.0,5.0,0.3311629356037343
11.0,21.0,0.8499197772455146
26.0,56.0,2.2051734415589523
10.0,26.0,0.8083466018820615
33.0,83.0,2.091493641913422
22.0,63.0,0.8623202265268318
11.0,40.0,0.7138636665627649
2.0,6.0,5.72735223197476
6.0,14.0,4.865594948184946
15.0,20.0,3.0165565125529965
21.0,46.0,3.390358380347548
1.0,5.0,0.3311629356037343
9.0,21.0,0.8499197772455146
25.0,56.0,2.2051734415589523
16.0,26.0,0.8083466018820615
45.0,83.0,2.091493641913422
32.0,63.0,0.8623202265268318
18.0,40.0,0.7138636665627649
3.0,6.0,5.72735223197476
6.0,14.0,4.865594948184946
13.0,20.0,3.0165565125529965
27.0,46.0,3.390358380347548
3.0,5.0,0.3311629356037343
12.0,21.0,0.8499197772455146
29.0,56.0,2.2051734415589523
15.0,26.0,0.8083466018820615
55.0,83.0,2.091493641913422
32.0,63.0,0.8623202265268318
26.0,40.0,0.7138636665627649
6.0,6.0,5.72735223197476
12.0,14.0,4.865594948184946
13.0,20.0,3.0165565125529965
31.0,46.0,3.390358380347548
5.0,5.0,0.3311629356037343
16.0,21.0,0.8499197772455146
39.0,56.0,2.2051734415589523
19.0,26.0,0.8083466018820615
60.0,83.0,2.091493641913422
46.0,63.0,0.8623202265268318
27.0,40.0,0.7138636665627649
4.0,6.0,5.72735223197476
13.0,14.0,4.865594948184946
18.0,20.0,3.0165565125529965
37.0,46.0,3.390358380347548
4.0,5.0,0.3311629356037343
17.0,21.0,0.8499197772455146
43.0,56.0,2.2051734415589523
15.0,26.0,0.8083466018820615
63.0,83.0,2.091493641913422
51.0,63.0,0.8623202265268318
33.0,40.0,0.7138636665627649
6.0,6.0,5.72735223197476
13.0,14.0,4.865594948184946
19.0,20.0,3.0165565125529965
43.0,46.0,3.390358380347548
4.0,5.0,0.3311629356037343
18.0,21.0,0.8499197772455146
51.0,56.0,2.2051734415589523
22.0,26.0,0.8083466018820615
77.0,83.0,2.091493641913422
55.0,63.0,0.8623202265268318
36.0,40.0,0.7138636665627649
1.0,6.0,5.489926881735381
0.0,20.0,9.76625229912038
0.0,6.0,0.555303969572322
1.0,11.0,1.1526004006836583
1.0,11.0,1.6071845970035792
3.0,41.0,3.28421439792922
1.0,15.0,0.5438088356979567
4.0,20.0,0.6222952969552151
7.0,48.0,1.990277324519644
1.0,23.0,1.0808955224884615
4.0,28.0,0.8999215637047377
1.0,6.0,5.489926881735381
2.0,20.0,9.76625229912038
2.0,6.0,0.555303969572322
3.0,11.0,1.1526004006836583
4.0,11.0,1.6071845970035792
6.0,41.0,3.28421439792922
1.0,15.0,0.5438088356979567
5.0,20.0,0.6222952969552151
9.0,48.0,1.990277324519644
8.0,23.0,1.0808955224884615
2.0,28.0,0.8999215637047377
1.0,6.0,5.489926881735381
7.0,20.0,9.76625229912038
3.0,6.0,0.555303969572322
2.0,11.0,1.1526004006836583
3.0,11.0,1.6071845970035792
9.0,41.0,3.28421439792922
3.0,15.0,0.5438088356979567
8.0,20.0,0.6222952969552151
17.0,48.0,1.990277324519644
6.0,23.0,1.0808955224884615
9.0,28.0,0.8999215637047377
4.0,6.0,5.489926881735381
10.0,20.0,9.76625229912038
2.0,6.0,0.555303969572322
5.0,11.0,1.1526004006836583
2.0,11.0,1.6071845970035792
15.0,41.0,3.28421439792922
4.0,15.0,0.5438088356979567
8.0,20.0,0.6222952969552151
25.0,48.0,1.990277324519644
9.0,23.0,1.0808955224884615
10.0,28.0,0.8999215637047377
2.0,6.0,5.489926881735381
8.0,20.0,9.76625229912038
4.0,6.0,0.555303969572322
4.0,11.0,1.1526004006836583
8.0,11.0,1.6071845970035792
24.0,41.0,3.28421439792922
10.0,15.0,0.5438088356979567
8.0,20.0,0.6222952969552151
32.0,48.0,1.990277324519644
13.0,23.0,1.0808955224884615
14.0,28.0,0.8999215637047377
4.0,6.0,5.489926881735381
9.0,20.0,9.76625229912038
3.0,6.0,0.555303969572322
2.0,11.0,1.1526004006836583
7.0,11.0,1.6071845970035792
24.0,41.0,3.28421439792922
10.0,15.0,0.5438088356979567
13.0,20.0,0.6222952969552151
30.0,48.0,1.990277324519644
13.0,23.0,1.0808955224884615
17.0,28.0,0.8999215637047377
2.0,6.0,5.489926881735381
14.0,20.0,9.76625229912038
6.0,6.0,0.555303969572322
7.0,11.0,1.1526004006836583
6.0,11.0,1.6071845970035792
26.0,41.0,3.28421439792922
13.0,15.0,0.5438088356979567
15.0,20.0,0.6222952969552151
31.0,48.0,1.990277324519644
16.0,23.0,1.0808955224884615
17.0,28.0,0.8999215637047377
5.0,6.0,5.489926881735381
17.0,20.0,9.76625229912038
6.0,6.0,0.555303969572322
9.0,11.0,1.1526004006836583
10.0,11.0,1.6071845970035792
33.0,41.0,3.28421439792922
14.0,15.0,0.5438088356979567
14.0,20.0,0.6222952969552151
38.0,48.0,1.990277324519644
17.0,23.0,1.0808955224884615
22.0,28.0,0.8999215637047377
5.0,6.0,5.489926881735381
17.0,20.0,9.76625229912038
6.0,6.0,0.555303969572322
11.0,11.0,1.1526004006836583
10.0,11.0,1.6071845970035792
38.0,41.0,3.28421439792922
13.0,15.0,0.5438088356979567
20.0,20.0,0.6222952969552151
47.0,48.0,1.990277324519644
20.0,23.0,1.0808955224884615
25.0,28.0,0.8999215637047377
1.0,3.0,3.526881963708189
1.0,4.0,3.2049823774548405
0.0,12.0,4.8464669795710185
1.0,6.0,1.4558217596590983
0.0,4.0,0.6381248380474832
0.0,9.0,1.4416227782316466
4.0,17.0,1.808673465488118
1.0,24.0,2.7473342407745873
7.0,57.0,3.226182521259441
4.0,45.0,1.292442662454564
3.0,43.0,1.126972643520205
1.0,3.0,3.526881963708189
1.0,4.0,3.2049823774548405
3.0,12.0,4.8464669795710185
3.0,6.0,1.4558217596590983
1.0,4.0,0.6381248380474832
1.0,9.0,1.4416227782316466
5.0,17.0,1.808673465488118
1.0,24.0,2.7473342407745873
13.0,57.0,3.226182521259441
9.0,45.0,1.292442662454564
5.0,43.0,1.126972643520205
1.0,3.0,3.526881963708189
2.0,4.0,3.2049823774548405
4.0,12.0,4.8464669795710185
3.0,6.0,1.4558217596590983
3.0,4.0,0.6381248380474832
3.0,9.0,1.4416227782316466
5.0,17.0,1.808673465488118
6.0,24.0,2.7473342407745873
13.0,57.0,3.226182521259441
15.0,45.0,1.292442662454564
8.0,43.0,1.126972643520205
1.0,3.0,3.526881963708189
2.0,4.0,3.2049823774548405
6.0,12.0,4.8464669795710185
1.0,6.0,1.4558217596590983
2.0,4.0,0.6381248380474832
4.0,9.0,1.4416227782316466
11.0,17.0,1.808673465488118
8.0,24.0,2.7473342407745873
20.0,57.0,3.226182521259441
21.0,45.0,1.292442662454564
17.0,43.0,1.126972643520205
2.0,3.0,3.526881963708189
2.0,4.0,3.2049823774548405
6.0,12.0,4.8464669795710185
3.0,6.0,1.4558217596590983
3.0,4.0,0.6381248380474832
5.0,9.0,1.4416227782316466
8.0,17.0,1.808673465488118
13.0,24.0,2.7473342407745873
28.0,57.0,3.226182521259441
21.0,45.0,1.292442662454564
17.0,43.0,1.126972643520205
3.0,3.0,3.526881963708189
4.0,4.0,3.2049823774548405
9.0,12.0,4.8464669795710185
3.0,6.0,1.4558217596590983
2.0,4.0,0.6381248380474832
6.0,9.0,1.4416227782316466
12.0,17.0,1.808673465488118
17.0,24.0,2.7473342407745873
36.0,57.0,3.226182521259441
25.0,45.0,1.292442662454564
25.0,43.0,1.126972643520205
2.0,3.0,3.526881963708189
2.0,4.0,3.2049823774548405
9.0,12.0,4.8464669795710185
5.0,6.0,1.4558217596590983
2.0,4.0,0.6381248380474832
5.0,9.0,1.4416227782316466
12.0,17.0,1.808673465488118
17.0,24.0,2.7473342407745873
37.0,57.0,3.226182521259441
34.0,45.0,1.292442662454564
36.0,43.0,1.126972643520205
3.0,3.0,3.526881963708189
1.0,4.0,3.2049823774548405
10.0,12.0,4.8464669795710185
4.0,6.0,1.4558217596590983
3.0,4.0,0.6381248380474832
9.0,9.0,1.4416227782316466
14.0,17.0,1.808673465488118
20.0,24.0,2.7473342407745873
48.0,57.0,3.226182521259441
39.0,45.0,1.292442662454564
37.0,43.0,1.126972643520205
3.0,3.0,3.526881963708189
3.0,4.0,3.2049823774548405
12.0,12.0,4.8464669795710185
6.0,6.0,1.4558217596590983
4.0,4.0,0.6381248380474832
7.0,9.0,1.4416227782316466
17.0,17.0,1.808673465488118
22.0,24.0,2.7473342407745873
52.0,57.0,3.226182521259441
41.0,45.0,1.292442662454564
40.0,43.0,1.126972643520205
1.0,4.0,5.6622092101504595
1.0,6.0,3.21164191360454
0.0,3.0,1.6685903360109648
2.0,7.0,2.589776724394623
3.0,11.0,2.263926363661077
3.0,22.0,2.746261422095065
1.0,7.0,0.4771062124754794
3.0,32.0,2.4806231298441044
4.0,20.0,1.5858616263463792
7.0,62.0,2.71545179662369
3.0,36.0,0.9896076385704651
1.0,4.0,5.6622092101504595
0.0,6.0,3.21164191360454
1.0,3.0,1.6685903360109648
2.0,7.0,2.589776724394623
5.0,11.0,2.263926363661077
6.0,22.0,2.746261422095065
3.0,7.0,0.4771062124754794
4.0,32.0,2.4806231298441044
4.0,20.0,1.5858616263463792
9.0,62.0,2.71545179662369
12.0,36.0,0.9896076385704651
1.0,4.0,5.6622092101504595
1.0,6.0,3.21164191360454
0.0,3.0,1.6685903360109648
0.0,7.0,2.589776724394623
5.0,11.0,2.263926363661077
9.0,22.0,2.746261422095065
2.0,7.0,0.4771062124754794
8.0,32.0,2.4806231298441044
7.0,20.0,1.5858616263463792
17.0,62.0,2.71545179662369
11.0,36.0,0.9896076385704651
3.0,4.0,5.6622092101504595
3.0,6.0,3.21164191360454
2.0,3.0,1.6685903360109648
2.0,7.0,2.589776724394623
6.0,11.0,2.263926363661077
5.0,22.0,2.746261422095065
5.0,7.0,0.4771062124754794
12.0,32.0,2.4806231298441044
12.0,20.0,1.5858616263463792
22.0,62.0,2.71545179662369
12.0,36.0,0.9896076385704651
3.0,4.0,5.6622092101504595
4.0,6.0,3.21164191360454
2.0,3.0,1.6685903360109648
2.0,7.0,2.589776724394623
6.0,11.0,2.263926363661077
13.0,22.0,2.746261422095065
3.0,7.0,0.4771062124754794
11.0,32.0,2.4806231298441044
10.0,20.0,1.5858616263463792
28.0,62.0,2.71545179662369
17.0,36.0,0.9896076385704651
3.0,4.0,5.6622092101504595
3.0,6.0,3.21164191360454
3.0,3.0,1.6685903360109648
7.0,7.0,2.589776724394623
7.0,11.0,2.263926363661077
11.0,22.0,2.746261422095065
5.0,7.0,0.4771062124754794
16.0,32.0,2.4806231298441044
11.0,20.0,1.5858616263463792
35.0,62.0,2.71545179662369
20.0,36.0,0.9896076385704651
2.0,4.0,5.6622092101504595
3.0,6.0,3.21164191360454
3.0,3.0,1.6685903360109648
5.0,7.0,2.589776724394623
9.0,11.0,2.263926363661077
15.0,22.0,2.746261422095065
5.0,7.0,0.4771062124754794
22.0,32.0,2.4806231298441044
16.0,20.0,1.5858616263463792
39.0,62.0,2.71545179662369
26.0,36.0,0.9896076385704651
4.0,4.0,5.6622092101504595
6.0,6.0,3.21164191360454
3.0,3.0,1.6685903360109648
5.0,7.0,2.589776724394623
7.0,11.0,2.263926363661077
18.0,22.0,2.746261422095065
6.0,7.0,0.4771062124754794
26.0,32.0,2.4806231298441044
16.0,20.0,1.5858616263463792
56.0,62.0,2.71545179662369
25.0,36.0,0.9896076385704651
3.0,4.0,5.6622092101504595
6.0,6.0,3.21164191360454
3.0,3.0,1.6685903360109648
6.0,7.0,2.589776724394623
10.0,11.0,2.263926363661077
21.0,22.0,2.746261422095065
7.0,7.0,0.4771062124754794
28.0,32.0,2.4806231298441044
17.0,20.0,1.5858616263463792
51.0,62.0,2.71545179662369
33.0,36.0,0.9896076385704651
2.0,5.0,7.196804951740966
0.0,2.0,1.616372788001145
0.0,6.0,2.3153551670020347
1.0,27.0,5.52124757255562
1.0,11.0,0.7533016806615791
4.0,26.0,2.0227622443426676
0.0,7.0,0.27812766259059835
2.0,16.0,1.0366210188145146
4.0,49.0,2.715351199963252
3.0,52.0,2.084982090172087
5.0,38.0,0.9739943099752283
1.0,5.0,7.196804951740966
1.0,2.0,1.616372788001145
1.0,6.0,2.3153551670020347
4.0,27.0,5.52124757255562
4.0,11.0,0.7533016806615791
6.0,26.0,2.0227622443426676
2.0,7.0,0.27812766259059835
5.0,16.0,1.0366210188145146
11.0,49.0,2.715351199963252
2.0,52.0,2.084982090172087
8.0,38.0,0.9739943099752283
2.0,5.0,7.196804951740966
1.0,2.0,1.616372788001145
1.0,6.0,2.3153551670020347
3.0,27.0,5.52124757255562
4.0,11.0,0.7533016806615791
8.0,26.0,2.0227622443426676
4.0,7.0,0.27812766259059835
7.0,16.0,1.0366210188145146
17.0,49.0,2.715351199963252
13.0,52.0,2.084982090172087
12.0,38.0,0.9739943099752283
2.0,5.0,7.196804951740966
0.0,2.0,1.616372788001145
1.0,6.0,2.3153551670020347
8.0,27.0,5.52124757255562
5.0,11.0,0.7533016806615791
12.0,26.0,2.0227622443426676
2.0,7.0,0.27812766259059835
6.0,16.0,1.0366210188145146
21.0,49.0,2.715351199963252
20.0,52.0,2.084982090172087
13.0,38.0,0.9739943099752283
3.0,5.0,7.196804951740966
2.0,2.0,1.616372788001145
3.0,6.0,2.3153551670020347
12.0,27.0,5.52124757255562
5.0,11.0,0.7533016806615791
11.0,26.0,2.0227622443426676
4.0,7.0,0.27812766259059835
8.0,16.0,1.0366210188145146
23.0,49.0,2.715351199963252
28.0,52.0,2.084982090172087
27.0,38.0,0.9739943099752283
3.0,5.0,7.196804951740966
2.0,2.0,1.616372788001145
4.0,6.0,2.3153551670020347
16.0,27.0,5.52124757255562
10.0,11.0,0.7533016806615791
18.0,26.0,2.0227622443426676
7.0,7.0,0.27812766259059835
6.0,16.0,1.0366210188145146
28.0,49.0,2.715351199963252
29.0,52.0,2.084982090172087
19.0,38.0,0.9739943099752283
3.0,5.0,7.196804951740966
1.0,2.0,1.616372788001145
4.0,6.0,2.3153551670020347
20.0,27.0,5.52124757255562
6.0,11.0,0.7533016806615791
20.0,26.0,2.0227622443426676
5.0,7.0,0.27812766259059835
10.0,16.0,1.0366210188145146
36.0,49.0,2.715351199963252
31.0,52.0,2.084982090172087
25.0,38.0,0.9739943099752283
4.0,5.0,7.196804951740966
2.0,2.0,1.616372788001145
4.0,6.0,2.3153551670020347
20.0,27.0,5.52124757255562
9.0,11.0,0.7533016806615791
23.0,26.0,2.0227622443426676
7.0,7.0,0.27812766259059835
13.0,16.0,1.0366210188145146
36.0,49.0,2.715351199963252
43.0,52.0,2.084982090172087
35.0,38.0,0.9739943099752283
5.0,5.0,7.196804951740966
1.0,2.0,1.616372788001145
5.0,6.0,2.3153551670020347
22.0,27.0,5.52124757255562
10.0,11.0,0.7533016806615791
23.0,26.0,2.0227622443426676
6.0,7.0,0.27812766259059835
16.0,16.0,1.0366210188145146
46.0,49.0,2.715351199963252
48.0,52.0,2.084982090172087
33.0,38.0,0.9739943099752283
1.0,6.0,11.845817006188698
0.0,10.0,4.40378480657386
0.0,3.0,0.25581924186564436
2.0,50.0,5.703532594964691
2.0,47.0,2.1267463610919184
3.0,37.0,1.2847598483316776
1.0,16.0,0.3497485787013129
2.0,43.0,1.087387434952739
6.0,57.0,1.7709201503692322
10.0,74.0,2.0527251366194195
4.0,28.0,0.47243044364499953
2.0,6.0,11.845817006188698
3.0,10.0,4.40378480657386
2.0,3.0,0.25581924186564436
8.0,50.0,5.703532594964691
11.0,47.0,2.1267463610919184
8.0,37.0,1.2847598483316776
2.0,16.0,0.3497485787013129
6.0,43.0,1.087387434952739
13.0,57.0,1.7709201503692322
14.0,74.0,2.0527251366194195
4.0,28.0,0.47243044364499953
3.0,6.0,11.845817006188698
1.0,10.0,4.40378480657386
1.0,3.0,0.25581924186564436
18.0,50.0,5.703532594964691
13.0,47.0,2.1267463610919184
17.0,37.0,1.2847598483316776
4.0,16.0,0.3497485787013129
12.0,43.0,1.087387434952739
15.0,57.0,1.7709201503692322
23.0,74.0,2.0527251366194195
8.0,28.0,0.47243044364499953
1.0,6.0,11.845817006188698
4.0,10.0,4.40378480657386
1.0,3.0,0.25581924186564436
25.0,50.0,5.703532594964691
19.0,47.0,2.1267463610919184
17.0,37.0,1.2847598483316776
7.0,16.0,0.3497485787013129
22.0,43.0,1.087387434952739
19.0,57.0,1.7709201503692322
36.0,74.0,2.0527251366194195
16.0,28.0,0.47243044364499953
3.0,6.0,11.845817006188698
6.0,10.0,4.40378480657386
2.0,3.0,0.25581924186564436
22.0,50.0,5.703532594964691
21.0,47.0,2.1267463610919184
18.0,37.0,1.2847598483316776
4.0,16.0,0.3497485787013129
20.0,43.0,1.087387434952739
27.0,57.0,1.7709201503692322
43.0,74.0,2.0527251366194195
11.0,28.0,0.47243044364499953
5.0,6.0,11.845817006188698
7.0,10.0,4.40378480657386
1.0,3.0,0.25581924186564436
35.0,50.0,5.703532594964691
28.0,47.0,2.1267463610919184
20.0,37.0,1.2847598483316776
11.0,16.0,0.3497485787013129
28.0,43.0,1.087387434952739
34.0,57.0,1.7709201503692322
38.0,74.0,2.0527251366194195
20.0,28.0,0.47243044364499953
3.0,6.0,11.845817006188698
7.0,10.0,4.40378480657386
2.0,3.0,0.25581924186564436
37.0,50.0,5.703532594964691
32.0,47.0,2.1267463610919184
25.0,37.0,1.2847598483316776
12.0,16.0,0.3497485787013129
28.0,43.0,1.087387434952739
41.0,57.0,1.7709201503692322
52.0,74.0,2.0527251366194195
18.0,28.0,0.47243044364499953
5.0,6.0,11.845817006188698
6.0,10.0,4.40378480657386
3.0,3.0,0.25581924186564436
39.0,50.0,5.703532594964691
33.0,47.0,2.1267463610919184
32.0,37.0,1.2847598483316776
13.0,16.0,0.3497485787013129
36.0,43.0,1.087387434952739
46.0,57.0,1.7709201503692322
64.0,74.0,2.0527251366194195
21.0,28.0,0.47243044364499953
6.0,6.0,11.845817006188698
10.0,10.0,4.40378480657386
3.0,3.0,0.25581924186564436
44.0,50.0,5.703532594964691
41.0,47.0,2.1267463610919184
32.0,37.0,1.2847598483316776
14.0,16.0,0.3497485787013129
42.0,43.0,1.087387434952739
51.0,57.0,1.7709201503692322
67.0,74.0,2.0527251366194195
25.0,28.0,0.47243044364499953
1.0,7.0,8.181773632216151
0.0,5.0,2.875732099806005
2.0,7.0,1.0295533147371163
0.0,5.0,1.0656224373909373
1.0,10.0,2.303834379198934
0.0,15.0,2.161755454664151
14.0,91.0,6.8792278212564755
0.0,14.0,0.25883956151180515
1.0,10.0,0.28761898626124766
8.0,83.0,2.7446675173114423
6.0,32.0,0.7324901959425573
1.0,7.0,8.181773632216151
1.0,5.0,2.875732099806005
3.0,7.0,1.0295533147371163
1.0,5.0,1.0656224373909373
3.0,10.0,2.303834379198934
5.0,15.0,2.161755454664151
21.0,91.0,6.8792278212564755
2.0,14.0,0.25883956151180515
3.0,10.0,0.28761898626124766
17.0,83.0,2.7446675173114423
8.0,32.0,0.7324901959425573
2.0,7.0,8.181773632216151
2.0,5.0,2.875732099806005
2.0,7.0,1.0295533147371163
2.0,5.0,1.0656224373909373
4.0,10.0,2.303834379198934
2.0,15.0,2.161755454664151
22.0,91.0,6.8792278212564755
4.0,14.0,0.25883956151180515
2.0,10.0,0.28761898626124766
25.0,83.0,2.7446675173114423
11.0,32.0,0.7324901959425573
5.0,7.0,8.181773632216151
1.0,5.0,2.875732099806005
3.0,7.0,1.0295533147371163
1.0,5.0,1.0656224373909373
1.0,10.0,2.303834379198934
4.0,15.0,2.161755454664151
32.0,91.0,6.8792278212564755
4.0,14.0,0.25883956151180515
4.0,10.0,0.28761898626124766
27.0,83.0,2.7446675173114423
15.0,32.0,0.7324901959425573
4.0,7.0,8.181773632216151
2.0,5.0,2.875732099806005
2.0,7.0,1.0295533147371163
2.0,5.0,1.0656224373909373
2.0,10.0,2.303834379198934
8.0,15.0,2.161755454664151
45.0,91.0,6.8792278212564755
5.0,14.0,0.25883956151180515
3.0,10.0,0.28761898626124766
48.0,83.0,2.7446675173114423
16.0,32.0,0.7324901959425573
4.0,7.0,8.181773632216151
1.0,5.0,2.875732099806005
2.0,7.0,1.0295533147371163
3.0,5.0,1.0656224373909373
7.0,10.0,2.303834379198934
8.0,15.0,2.161755454664151
66.0,91.0,6.8792278212564755
11.0,14.0,0.25883956151180515
7.0,10.0,0.28761898626124766
47.0,83.0,2.7446675173114423
24.0,32.0,0.7324901959425573
3.0,7.0,8.181773632216151
2.0,5.0,2.875732099806005
4.0,7.0,1.0295533147371163
4.0,5.0,1.0656224373909373
8.0,10.0,2.303834379198934
10.0,15.0,2.161755454664151
60.0,91.0,6.8792278212564755
9.0,14.0,0.25883956151180515
8.0,10.0,0.28761898626124766
55.0,83.0,2.7446675173114423
24.0,32.0,0.7324901959425573
6.0,7.0,8.181773632216151
3.0,5.0,2.875732099806005
6.0,7.0,1.0295533147371163
5.0,5.0,1.0656224373909373
7.0,10.0,2.303834379198934
13.0,15.0,2.161755454664151
76.0,91.0,6.8792278212564755
12.0,14.0,0.25883956151180515
8.0,10.0,0.28761898626124766
65.0,83.0,2.7446675173114423
26.0,32.0,0.7324901959425573
5.0,7.0,8.181773632216151
5.0,5.0,2.875732099806005
7.0,7.0,1.0295533147371163
2.0,5.0,1.0656224373909373
9.0,10.0,2.303834379198934
11.0,15.0,2.161755454664151
87.0,91.0,6.8792278212564755
12.0,14.0,0.25883956151180515
10.0,10.0,0.28761898626124766
71.0,83.0,2.7446675173114423
29.0,32.0,0.7324901959425573
1.0,3.0,4.415215880630047
0.0,5.0,5.771817369147883
4.0,31.0,5.276561582343944
1.0,25.0,2.0387558738766223
1.0,11.0,0.43378930621994544
11.0,81.0,3.629419973430822
4.0,11.0,0.4462236664835104
0.0,5.0,0.2144717491444773
1.0,10.0,0.4047072409131262
3.0,30.0,2.0312667235087782
2.0,49.0,2.3655774720617226
2.0,3.0,4.415215880630047
0.0,5.0,5.771817369147883
6.0,31.0,5.276561582343944
10.0,25.0,2.0387558738766223
2.0,11.0,0.43378930621994544
20.0,81.0,3.629419973430822
4.0,11.0,0.4462236664835104
2.0,5.0,0.2144717491444773
3.0,10.0,0.4047072409131262
5.0,30.0,2.0312667235087782
15.0,49.0,2.3655774720617226
2.0,3.0,4.415215880630047
1.0,5.0,5.771817369147883
7.0,31.0,5.276561582343944
8.0,25.0,2.0387558738766223
2.0,11.0,0.43378930621994544
21.0,81.0,3.629419973430822
1.0,11.0,0.4462236664835104
1.0,5.0,0.2144717491444773
1.0,10.0,0.4047072409131262
11.0,30.0,2.0312667235087782
16.0,49.0,2.3655774720617226
1.0,3.0,4.415215880630047
3.0,5.0,5.771817369147883
12.0,31.0,5.276561582343944
12.0,25.0,2.0387558738766223
5.0,11.0,0.43378930621994544
30.0,81.0,3.629419973430822
3.0,11.0,0.4462236664835104
1.0,5.0,0.2144717491444773
5.0,10.0,0.4047072409131262
13.0,30.0,2.0312667235087782
22.0,49.0,2.3655774720617226
1.0,3.0,4.415215880630047
1.0,5.0,5.771817369147883
12.0,31.0,5.276561582343944
11.0,25.0,2.0387558738766223
2.0,11.0,0.43378930621994544
41.0,81.0,3.629419973430822
9.0,11.0,0.4462236664835104
0.0,5.0,0.2144717491444773
5.0,10.0,0.4047072409131262
10.0,30.0,2.0312667235087782
31.0,49.0,2.3655774720617226
2.0,3.0,4.415215880630047
3.0,5.0,5.771817369147883
20.0,31.0,5.276561582343944
17.0,25.0,2.0387558738766223
9.0,11.0,0.43378930621994544
47.0,81.0,3.629419973430822
7.0,11.0,0.4462236664835104
2.0,5.0,0.2144717491444773
5.0,10.0,0.4047072409131262
17.0,30.0,2.0312667235087782
31.0,49.0,2.3655774720617226
2.0,3.0,4.415215880630047
5.0,5.0,5.771817369147883
22.0,31.0,5.276561582343944
21.0,25.0,2.0387558738766223
8.0,11.0,0.43378930621994544
60.0,81.0,3.629419973430822
6.0,11.0,0.4462236664835104
3.0,5.0,0.2144717491444773
6.0,10.0,0.4047072409131262
20.0,30.0,2.0312667235087782
34.0,49.0,2.3655774720617226
2.0,3.0,4.415215880630047
3.0,5.0,5.771817369147883
26.0,31.0,5.276561582343944
19.0,25.0,2.0387558738766223
10.0,11.0,0.43378930621994544
67.0,81.0,3.629419973430822
5.0,11.0,0.4462236664835104
3.0,5.0,0.2144717491444773
7.0,10.0,0.4047072409131262
21.0,30.0,2.0312667235087782
41.0,49.0,2.3655774720617226
3.0,3.0,4.415215880630047
4.0,5.0,5.771817369147883
28.0,31.0,5.276561582343944
21.0,25.0,2.0387558738766223
9.0,11.0,0.43378930621994544
74.0,81.0,3.629419973430822
10.0,11.0,0.4462236664835104
5.0,5.0,0.2144717491444773
9.0,10.0,0.4047072409131262
27.0,30.0,2.0312667235087782
46.0,49.0,2.3655774720617226
1.0,4.0,6.770806881353125
0.0,5.0,2.062503408392856
2.0,23.0,6.076504495709568
1.0,6.0,0.9823836996087536
7.0,75.0,5.224411125592196
1.0,3.0,0.09251183305866457
8.0,56.0,1.8739152138298638
2.0,25.0,0.7714198808848676
2.0,47.0,1.6751481329341213
6.0,23.0,0.825016520315569
2.0,25.0,0.9053927966286411
1.0,4.0,6.770806881353125
1.0,5.0,2.062503408392856
3.0,23.0,6.076504495709568
1.0,6.0,0.9823836996087536
19.0,75.0,5.224411125592196
0.0,3.0,0.09251183305866457
12.0,56.0,1.8739152138298638
7.0,25.0,0.7714198808848676
11.0,47.0,1.6751481329341213
2.0,23.0,0.825016520315569
6.0,25.0,0.9053927966286411
2.0,4.0,6.770806881353125
2.0,5.0,2.062503408392856
3.0,23.0,6.076504495709568
2.0,6.0,0.9823836996087536
24.0,75.0,5.224411125592196
2.0,3.0,0.09251183305866457
12.0,56.0,1.8739152138298638
6.0,25.0,0.7714198808848676
13.0,47.0,1.6751481329341213
8.0,23.0,0.825016520315569
7.0,25.0,0.9053927966286411
2.0,4.0,6.770806881353125
3.0,5.0,2.062503408392856
8.0,23.0,6.076504495709568
5.0,6.0,0.9823836996087536
25.0,75.0,5.224411125592196
2.0,3.0,0.09251183305866457
15.0,56.0,1.8739152138298638
10.0,25.0,0.7714198808848676
16.0,47.0,1.6751481329341213
11.0,23.0,0.825016520315569
8.0,25.0,0.9053927966286411
2.0,4.0,6.770806881353125
1.0,5.0,2.062503408392856
10.0,23.0,6.076504495709568
5.0,6.0,0.9823836996087536
43.0,75.0,5.224411125592196
1.0,3.0,0.09251183305866457
22.0,56.0,1.8739152138298638
13.0,25.0,0.7714198808848676
27.0,47.0,1.6751481329341213
9.0,23.0,0.825016520315569
14.0,25.0,0.9053927966286411
2.0,4.0,6.770806881353125
2.0,5.0,2.062503408392856
16.0,23.0,6.076504495709568
4.0,6.0,0.9823836996087536
44.0,75.0,5.224411125592196
1.0,3.0,0.09251183305866457
38.0,56.0,1.8739152138298638
13.0,25.0,0.7714198808848676
29.0,47.0,1.6751481329341213
16.0,23.0,0.825016520315569
12.0,25.0,0.9053927966286411
3.0,4.0,6.770806881353125
2.0,5.0,2.062503408392856
21.0,23.0,6.076504495709568
5.0,6.0,0.9823836996087536
51.0,75.0,5.224411125592196
3.0,3.0,0.09251183305866457
36.0,56.0,1.8739152138298638
17.0,25.0,0.7714198808848676
33.0,47.0,1.6751481329341213
12.0,23.0,0.825016520315569
20.0,25.0,0.9053927966286411
3.0,4.0,6.770806881353125
4.0,5.0,2.062503408392856
17.0,23.0,6.076504495709568
3.0,6.0,0.9823836996087536
55.0,75.0,5.224411125592196
2.0,3.0,0.09251183305866457
45.0,56.0,1.8739152138298638
22.0,25.0,0.7714198808848676
40.0,47.0,1.6751481329341213
16.0,23.0,0.825016520315569
20.0,25.0,0.9053927966286411
4.0,4.0,6.770806881353125
5.0,5.0,2.062503408392856
21.0,23.0,6.076504495709568
6.0,6.0,0.9823836996087536
68.0,75.0,5.224411125592196
3.0,3.0,0.09251183305866457
50.0,56.0,1.8739152138298638
23.0,25.0,0.7714198808848676
41.0,47.0,1.6751481329341213
19.0,23.0,0.825016520315569
22.0,25.0,0.9053927966286411
1.0,10.0,12.70955194844772
6.0,40.0,8.773149824143013
5.0,33.0,1.4976489506373578
7.0,67.0,2.462423059200639
2.0,33.0,0.8673654813669168
3.0,34.0,0.8965854479035935
6.0,59.0,1.3980784262217487
4.0,62.0,1.2302760833965003
3.0,19.0,0.4942755592751502
0.0,5.0,0.28260172512307524
0.0,16.0,0.6998613437939807
1.0,10.0,12.70955194844772
11.0,40.0,8.773149824143013
12.0,33.0,1.4976489506373578
8.0,67.0,2.462423059200639
5.0,33.0,0.8673654813669168
6.0,34.0,0.8965854479035935
12.0,59.0,1.3980784262217487
11.0,62.0,1.2302760833965003
2.0,19.0,0.4942755592751502
2.0,5.0,0.28260172512307524
3.0,16.0,0.6998613437939807
4.0,10.0,12.70955194844772
14.0,40.0,8.773149824143013
7.0,33.0,1.4976489506373578
17.0,67.0,2.462423059200639
8.0,33.0,0.8673654813669168
13.0,34.0,0.8965854479035935
19.0,59.0,1.3980784262217487
15.0,62.0,1.2302760833965003
6.0,19.0,0.4942755592751502
3.0,5.0,0.28260172512307524
4.0,16.0,0.6998613437939807
2.0,10.0,12.70955194844772
13.0,40.0,8.773149824143013
16.0,33.0,1.4976489506373578
19.0,67.0,2.462423059200639
11.0,33.0,0.8673654813669168
18.0,34.0,0.8965854479035935
27.0,59.0,1.3980784262217487
20.0,62.0,1.2302760833965003
10.0,19.0,0.4942755592751502
1.0,5.0,0.28260172512307524
7.0,16.0,0.6998613437939807
5.0,10.0,12.70955194844772
18.0,40.0,8.773149824143013
17.0,33.0,1.4976489506373578
31.0,67.0,2.462423059200639
17.0,33.0,0.8673654813669168
20.0,34.0,0.8965854479035935
31.0,59.0,1.3980784262217487
34.0,62.0,1.2302760833965003
13.0,19.0,0.4942755592751502
3.0,5.0,0.28260172512307524
8.0,16.0,0.6998613437939807
7.0,10.0,12.70955194844772
26.0,40.0,8.773149824143013
15.0,33.0,1.4976489506373578
43.0,67.0,2.462423059200639
21.0,33.0,0.8673654813669168
22.0,34.0,0.8965854479035935
35.0,59.0,1.3980784262217487
34.0,62.0,1.2302760833965003
9.0,19.0,0.4942755592751502
3.0,5.0,0.28260172512307524
11.0,16.0,0.6998613437939807
8.0,10.0,12.70955194844772
29.0,40.0,8.773149824143013
23.0,33.0,1.4976489506373578
46.0,67.0,2.462423059200639
26.0,33.0,0.8673654813669168
25.0,34.0,0.8965854479035935
42.0,59.0,1.3980784262217487
41.0,62.0,1.2302760833965003
11.0,19.0,0.4942755592751502
5.0,5.0,0.28260172512307524
10.0,16.0,0.6998613437939807
8.0,10.0,12.70955194844772
34.0,40.0,8.773149824143013
28.0,33.0,1.4976489506373578
56.0,67.0,2.462423059200639
26.0,33.0,0.8673654813669168
25.0,34.0,0.8965854479035935
46.0,59.0,1.3980784262217487
50.0,62.0,1.2302760833965003
15.0,19.0,0.4942755592751502
5.0,5.0,0.28260172512307524
10.0,16.0,0.6998613437939807
8.0,10.0,12.70955194844772
35.0,40.0,8.773149824143013
28.0,33.0,1.4976489506373578
59.0,67.0,2.462423059200639
30.0,33.0,0.8673654813669168
32.0,34.0,0.8965854479035935
53.0,59.0,1.3980784262217487
58.0,62.0,1.2302760833965003
17.0,19.0,0.4942755592751502
5.0,5.0,0.28260172512307524
14.0,16.0,0.6998613437939807
1.0,5.0,8.606658753514875
2.0,9.0,3.469111577301343
3.0,12.0,1.675187797424646
1.0,30.0,4.250394880074467
2.0,13.0,1.2390919936276086
1.0,10.0,0.642191176428113
2.0,9.0,0.6630051782901275
1.0,16.0,0.9622834177610792
4.0,104.0,5.551913490757051
5.0,31.0,0.5852265402459259
6.0,53.0,1.1838774680620658
1.0,5.0,8.606658753514875
4.0,9.0,3.469111577301343
2.0,12.0,1.675187797424646
3.0,30.0,4.250394880074467
5.0,13.0,1.2390919936276086
2.0,10.0,0.642191176428113
1.0,9.0,0.6630051782901275
3.0,16.0,0.9622834177610792
28.0,104.0,5.551913490757051
4.0,31.0,0.5852265402459259
9.0,53.0,1.1838774680620658
1.0,5.0,8.606658753514875
3.0,9.0,3.469111577301343
3.0,12.0,1.675187797424646
16.0,30.0,4.250394880074467
4.0,13.0,1.2390919936276086
2.0,10.0,0.642191176428113
3.0,9.0,0.6630051782901275
7.0,16.0,0.9622834177610792
30.0,104.0,5.551913490757051
11.0,31.0,0.5852265402459259
21.0,53.0,1.1838774680620658
4.0,5.0,8.606658753514875
1.0,9.0,3.469111577301343
5.0,12.0,1.675187797424646
15.0,30.0,4.250394880074467
4.0,13.0,1.2390919936276086
3.0,10.0,0.642191176428113
1.0,9.0,0.6630051782901275
5.0,16.0,0.9622834177610792
47.0,104.0,5.551913490757051
15.0,31.0,0.5852265402459259
19.0,53.0,1.1838774680620658
2.0,5.0,8.606658753514875
4.0,9.0,3.469111577301343
5.0,12.0,1.675187797424646
15.0,30.0,4.250394880074467
8.0,13.0,1.2390919936276086
4.0,10.0,0.642191176428113
6.0,9.0,0.6630051782901275
8.0,16.0,0.9622834177610792
54.0,104.0,5.551913490757051
17.0,31.0,0.5852265402459259
31.0,53.0,1.1838774680620658
2.0,5.0,8.606658753514875
8.0,9.0,3.469111577301343
7.0,12.0,1.675187797424646
19.0,30.0,4.250394880074467
8.0,13.0,1.2390919936276086
7.0,10.0,0.642191176428113
5.0,9.0,0.6630051782901275
10.0,16.0,0.9622834177610792
63.0,104.0,5.551913490757051
22.0,31.0,0.5852265402459259
29.0,53.0,1.1838774680620658
4.0,5.0,8.606658753514875
8.0,9.0,3.469111577301343
9.0,12.0,1.675187797424646
17.0,30.0,4.250394880074467
8.0,13.0,1.2390919936276086
7.0,10.0,0.642191176428113
6.0,9.0,0.6630051782901275
13.0,16.0,0.9622834177610792
76.0,104.0,5.551913490757051
23.0,31.0,0.5852265402459259
42.0,53.0,1.1838774680620658
5.0,5.0,8.606658753514875
6.0,9.0,3.469111577301343
9.0,12.0,1.675187797424646
25.0,30.0,4.250394880074467
8.0,13.0,1.2390919936276086
10.0,10.0,0.642191176428113
8.0,9.0,0.6630051782901275
14.0,16.0,0.9622834177610792
76.0,104.0,5.551913490757051
26.0,31.0,0.5852265402459259
37.0,53.0,1.1838774680620658
3.0,5.0,8.606658753514875
7.0,9.0,3.469111577301343
11.0,12.0,1.675187797424646
28.0,30.0,4.250394880074467
12.0,13.0,1.2390919936276086
9.0,10.0,0.642191176428113
9.0,9.0,0.6630051782901275
13.0,16.0,0.9622834177610792
95.0,104.0,5.551913490757051
27.0,31.0,0.5852265402459259
47.0,53.0,1.1838774680620658
2.0,2.0,4.445519342100098
0.0,4.0,2.307794966321813
1.0,4.0,4.033907424384792
0.0,5.0,1.2019973350001778
2.0,14.0,5.305614880100936
7.0,35.0,3.4848988444495563
3.0,15.0,1.4838915070603476
3.0,26.0,1.1993064557927589
2.0,24.0,0.7916776104814721
12.0,112.0,3.914270816694355
2.0,42.0,0.8687819734579463
1.0,2.0,4.445519342100098
0.0,4.0,2.307794966321813
1.0,4.0,4.033907424384792
2.0,5.0,1.2019973350001778
5.0,14.0,5.305614880100936
7.0,35.0,3.4848988444495563
4.0,15.0,1.4838915070603476
7.0,26.0,1.1993064557927589
2.0,24.0,0.7916776104814721
29.0,112.0,3.914270816694355
5.0,42.0,0.8687819734579463
1.0,2.0,4.445519342100098
2.0,4.0,2.307794966321813
0.0,4.0,4.033907424384792
3.0,5.0,1.2019973350001778
4.0,14.0,5.305614880100936
11.0,35.0,3.4848988444495563
8.0,15.0,1.4838915070603476
4.0,26.0,1.1993064557927589
12.0,24.0,0.7916776104814721
26.0,112.0,3.914270816694355
18.0,42.0,0.8687819734579463
1.0,2.0,4.445519342100098
3.0,4.0,2.307794966321813
3.0,4.0,4.033907424384792
3.0,5.0,1.2019973350001778
9.0,14.0,5.305614880100936
15.0,35.0,3.4848988444495563
4.0,15.0,1.4838915070603476
12.0,26.0,1.1993064557927589
15.0,24.0,0.7916776104814721
47.0,112.0,3.914270816694355
13.0,42.0,0.8687819734579463
1.0,2.0,4.445519342100098
2.0,4.0,2.307794966321813
1.0,4.0,4.033907424384792
3.0,5.0,1.2019973350001778
7.0,14.0,5.305614880100936
16.0,35.0,3.4848988444495563
8.0,15.0,1.4838915070603476
14.0,26.0,1.1993064557927589
15.0,24.0,0.7916776104814721
60.0,112.0,3.914270816694355
27.0,42.0,0.8687819734579463
1.0,2.0,4.445519342100098
2.0,4.0,2.307794966321813
1.0,4.0,4.033907424384792
1.0,5.0,1.2019973350001778
11.0,14.0,5.305614880100936
21.0,35.0,3.4848988444495563
8.0,15.0,1.4838915070603476
20.0,26.0,1.1993064557927589
12.0,24.0,0.7916776104814721
72.0,112.0,3.914270816694355
28.0,42.0,0.8687819734579463
2.0,2.0,4.445519342100098
2.0,4.0,2.307794966321813
3.0,4.0,4.033907424384792
3.0,5.0,1.2019973350001778
14.0,14.0,5.305614880100936
24.0,35.0,3.4848988444495563
11.0,15.0,1.4838915070603476
18.0,26.0,1.1993064557927589
18.0,24.0,0.7916776104814721
92.0,112.0,3.914270816694355
23.0,42.0,0.8687819734579463
1.0,2.0,4.445519342100098
2.0,4.0,2.307794966321813
4.0,4.0,4.033907424384792
4.0,5.0,1.2019973350001778
11.0,14.0,5.305614880100936
30.0,35.0,3.4848988444495563
13.0,15.0,1.4838915070603476
21.0,26.0,1.1993064557927589
20.0,24.0,0.7916776104814721
84.0,112.0,3.914270816694355
33.0,42.0,0.8687819734579463
2.0,2.0,4.445519342100098
3.0,4.0,2.307794966321813
4.0,4.0,4.033907424384792
5.0,5.0,1.2019973350001778
13.0,14.0,5.305614880100936
30.0,35.0,3.4848988444495563
12.0,15.0,1.4838915070603476
23.0,26.0,1.1993064557927589
23.0,24.0,0.7916776104814721
98.0,112.0,3.914270816694355
39.0,42.0,0.8687819734579463
1.0,3.0,3.507741054697218
0.0,2.0,1.1934216734199221
2.0,5.0,0.8477040118454083
1.0,17.0,3.241038993669999
1.0,5.0,1.3010821318675228
1.0,11.0,0.810106984777469
0.0,2.0,0.20476608604733168
0.0,11.0,1.830593237095852
1.0,7.0,0.9329420417311163
2.0,21.0,3.009182798525952
5.0,31.0,1.7032318737415248
1.0,3.0,3.507741054697218
1.0,2.0,1.1934216734199221
1.0,5.0,0.8477040118454083
2.0,17.0,3.241038993669999
2.0,5.0,1.3010821318675228
2.0,11.0,0.810106984777469
1.0,2.0,0.20476608604733168
3.0,11.0,1.830593237095852
1.0,7.0,0.9329420417311163
4.0,21.0,3.009182798525952
8.0,31.0,1.7032318737415248
2.0,3.0,3.507741054697218
1.0,2.0,1.1934216734199221
4.0,5.0,0.8477040118454083
5.0,17.0,3.241038993669999
3.0,5.0,1.3010821318675228
4.0,11.0,0.810106984777469
1.0,2.0,0.20476608604733168
5.0,11.0,1.830593237095852
1.0,7.0,0.9329420417311163
6.0,21.0,3.009182798525952
7.0,31.0,1.7032318737415248
2.0,3.0,3.507741054697218
1.0,2.0,1.1934216734199221
3.0,5.0,0.8477040118454083
7.0,17.0,3.241038993669999
1.0,5.0,1.3010821318675228
7.0,11.0,0.810106984777469
1.0,2.0,0.20476608604733168
4.0,11.0,1.830593237095852
4.0,7.0,0.9329420417311163
9.0,21.0,3.009182798525952
15.0,31.0,1.7032318737415248
2.0,3.0,3.507741054697218
2.0,2.0,1.1934216734199221
3.0,5.0,0.8477040118454083
9.0,17.0,3.241038993669999
2.0,5.0,1.3010821318675228
2.0,11.0,0.810106984777469
2.0,2.0,0.20476608604733168
6.0,11.0,1.830593237095852
4.0,7.0,0.9329420417311163
11.0,21.0,3.009182798525952
10.0,31.0,1.7032318737415248
2.0,3.0,3.507741054697218
2.0,2.0,1.1934216734199221
3.0,5.0,0.8477040118454083
11.0,17.0,3.241038993669999
2.0,5.0,1.3010821318675228
4.0,11.0,0.810106984777469
0.0,2.0,0.20476608604733168
4.0,11.0,1.830593237095852
4.0,7.0,0.9329420417311163
14.0,21.0,3.009182798525952
19.0,31.0,1.7032318737415248
2.0,3.0,3.507741054697218
1.0,2.0,1.1934216734199221
2.0,5.0,0.8477040118454083
14.0,17.0,3.241038993669999
2.0,5.0,1.3010821318675228
8.0,11.0,0.810106984777469
1.0,2.0,0.20476608604733168
7.0,11.0,1.830593237095852
7.0,7.0,0.9329420417311163
13.0,21.0,3.009182798525952
17.0,31.0,1.7032318737415248
3.0,3.0,3.507741054697218
2.0,2.0,1.1934216734199221
4.0,5.0,0.8477040118454083
14.0,17.0,3.241038993669999
5.0,5.0,1.3010821318675228
8.0,11.0,0.810106984777469
1.0,2.0,0.20476608604733168
9.0,11.0,1.830593237095852
7.0,7.0,0.9329420417311163
15.0,21.0,3.009182798525952
23.0,31.0,1.7032318737415248
3.0,3.0,3.507741054697218
2.0,2.0,1.1934216734199221
5.0,5.0,0.8477040118454083
16.0,17.0,3.241038993669999
5.0,5.0,1.3010821318675228
10.0,11.0,0.810106984777469
2.0,2.0,0.20476608604733168
11.0,11.0,1.830593237095852
5.0,7.0,0.9329420417311163
19.0,21.0,3.009182798525952
29.0,31.0,1.7032318737415248
1.0,3.0,4.9408104223944
0.0,6.0,3.868422130119522
2.0,15.0,4.47320921002408
8.0,43.0,2.6988652287164485
0.0,10.0,0.6276371624561544
4.0,31.0,1.4441886439999916
5.0,40.0,1.84373641302329
3.0,23.0,0.6977731161396175
4.0,40.0,1.3596978508184743
4.0,37.0,0.9801611295066424
4.0,38.0,0.9268430648217265
1.0,3.0,4.9408104223944
0.0,6.0,3.868422130119522
1.0,15.0,4.47320921002408
10.0,43.0,2.6988652287164485
1.0,10.0,0.6276371624561544
11.0,31.0,1.4441886439999916
4.0,40.0,1.84373641302329
4.0,23.0,0.6977731161396175
9.0,40.0,1.3596978508184743
5.0,37.0,0.9801611295066424
6.0,38.0,0.9268430648217265
1.0,3.0,4.9408104223944
0.0,6.0,3.868422130119522
2.0,15.0,4.47320921002408
12.0,43.0,2.6988652287164485
3.0,10.0,0.6276371624561544
10.0,31.0,1.4441886439999916
11.0,40.0,1.84373641302329
12.0,23.0,0.6977731161396175
13.0,40.0,1.3596978508184743
15.0,37.0,0.9801611295066424
9.0,38.0,0.9268430648217265
2.0,3.0,4.9408104223944
2.0,6.0,3.868422130119522
7.0,15.0,4.47320921002408
18.0,43.0,2.6988652287164485
5.0,10.0,0.6276371624561544
12.0,31.0,1.4441886439999916
16.0,40.0,1.84373641302329
9.0,23.0,0.6977731161396175
10.0,40.0,1.3596978508184743
15.0,37.0,0.9801611295066424
18.0,38.0,0.9268430648217265
1.0,3.0,4.9408104223944
4.0,6.0,3.868422130119522
7.0,15.0,4.47320921002408
19.0,43.0,2.6988652287164485
3.0,10.0,0.6276371624561544
19.0,31.0,1.4441886439999916
21.0,40.0,1.84373641302329
14.0,23.0,0.6977731161396175
20.0,40.0,1.3596978508184743
13.0,37.0,0.9801611295066424
17.0,38.0,0.9268430648217265
3.0,3.0,4.9408104223944
4.0,6.0,3.868422130119522
10.0,15.0,4.47320921002408
25.0,43.0,2.6988652287164485
6.0,10.0,0.6276371624561544
16.0,31.0,1.4441886439999916
23.0,40.0,1.84373641302329
17.0,23.0,0.6977731161396175
22.0,40.0,1.3596978508184743
29.0,37.0,0.9801611295066424
21.0,38.0,0.9268430648217265
1.0,3.0,4.9408104223944
3.0,6.0,3.868422130119522
9.0,15.0,4.47320921002408
27.0,43.0,2.6988652287164485
7.0,10.0,0.6276371624561544
23.0,31.0,1.4441886439999916
25.0,40.0,1.84373641302329
16.0,23.0,0.6977731161396175
26.0,40.0,1.3596978508184743
24.0,37.0,0.9801611295066424
30.0,38.0,0.9268430648217265
2.0,3.0,4.9408104223944
6.0,6.0,3.868422130119522
12.0,15.0,4.47320921002408
38.0,43.0,2.6988652287164485
10.0,10.0,0.6276371624561544
27.0,31.0,1.4441886439999916
31.0,40.0,1.84373641302329
19.0,23.0,0.6977731161396175
32.0,40.0,1.3596978508184743
28.0,37.0,0.9801611295066424
32.0,38.0,0.9268430648217265
3.0,3.0,4.9408104223944
6.0,6.0,3.868422130119522
14.0,15.0,4.47320921002408
40.0,43.0,2.6988652287164485
8.0,10.0,0.6276371624561544
26.0,31.0,1.4441886439999916
37.0,40.0,1.84373641302329
21.0,23.0,0.6977731161396175
35.0,40.0,1.3596978508184743
32.0,37.0,0.9801611295066424
31.0,38.0,0.9268430648217265
1.0,2.0,4.724592236269652
0.0,5.0,3.226897343716296
2.0,8.0,3.7159068705815836
2.0,6.0,1.484198660964524
1.0,16.0,1.9858844699666527
0.0,9.0,1.5848867150300827
4.0,37.0,2.2154135635913312
3.0,29.0,2.023936212616982
11.0,78.0,2.8786594534145276
3.0,10.0,0.15633204728877567
6.0,40.0,0.8466858710071582
1.0,2.0,4.724592236269652
4.0,5.0,3.226897343716296
2.0,8.0,3.7159068705815836
1.0,6.0,1.484198660964524
1.0,16.0,1.9858844699666527
2.0,9.0,1.5848867150300827
10.0,37.0,2.2154135635913312
4.0,29.0,2.023936212616982
13.0,78.0,2.8786594534145276
2.0,10.0,0.15633204728877567
11.0,40.0,0.8466858710071582
1.0,2.0,4.724592236269652
2.0,5.0,3.226897343716296
3.0,8.0,3.7159068705815836
1.0,6.0,1.484198660964524
5.0,16.0,1.9858844699666527
4.0,9.0,1.5848867150300827
11.0,37.0,2.2154135635913312
8.0,29.0,2.023936212616982
24.0,78.0,2.8786594534145276
4.0,10.0,0.15633204728877567
7.0,40.0,0.8466858710071582
2.0,2.0,4.724592236269652
4.0,5.0,3.226897343716296
2.0,8.0,3.7159068705815836
2.0,6.0,1.484198660964524
6.0,16.0,1.9858844699666527
3.0,9.0,1.5848867150300827
12.0,37.0,2.2154135635913312
14.0,29.0,2.023936212616982
22.0,78.0,2.8786594534145276
4.0,10.0,0.15633204728877567
11.0,40.0,0.8466858710071582
2.0,2.0,4.724592236269652
4.0,5.0,3.226897343716296
3.0,8.0,3.7159068705815836
3.0,6.0,1.484198660964524
8.0,16.0,1.9858844699666527
5.0,9.0,1.5848867150300827
11.0,37.0,2.2154135635913312
14.0,29.0,2.023936212616982
41.0,78.0,2.8786594534145276
4.0,10.0,0.15633204728877567
17.0,40.0,0.8466858710071582
1.0,2.0,4.724592236269652
2.0,5.0,3.226897343716296
3.0,8.0,3.7159068705815836
3.0,6.0,1.484198660964524
6.0,16.0,1.9858844699666527
4.0,9.0,1.5848867150300827
24.0,37.0,2.2154135635913312
15.0,29.0,2.023936212616982
44.0,78.0,2.8786594534145276
5.0,10.0,0.15633204728877567
25.0,40.0,0.8466858710071582
1.0,2.0,4.724592236269652
3.0,5.0,3.226897343716296
5.0,8.0,3.7159068705815836
3.0,6.0,1.484198660964524
13.0,16.0,1.9858844699666527
5.0,9.0,1.5848867150300827
22.0,37.0,2.2154135635913312
16.0,29.0,2.023936212616982
47.0,78.0,2.8786594534145276
6.0,10.0,0.15633204728877567
31.0,40.0,0.8466858710071582
2.0,2.0,4.724592236269652
5.0,5.0,3.226897343716296
2.0,8.0,3.7159068705815836
6.0,6.0,1.484198660964524
14.0,16.0,1.9858844699666527
8.0,9.0,1.5848867150300827
23.0,37.0,2.2154135635913312
24.0,29.0,2.023936212616982
58.0,78.0,2.8786594534145276
7.0,10.0,0.15633204728877567
30.0,40.0,0.8466858710071582
2.0,2.0,4.724592236269652
5.0,5.0,3.226897343716296
8.0,8.0,3.7159068705815836
5.0,6.0,1.484198660964524
14.0,16.0,1.9858844699666527
9.0,9.0,1.5848867150300827
34.0,37.0,2.2154135635913312
28.0,29.0,2.023936212616982
70.0,78.0,2.8786594534145276
10.0,10.0,0.15633204728877567
37.0,40.0,0.8466858710071582
1.0,7.0,14.737083904249143
0.0,10.0,3.0945247134118197
0.0,8.0,1.2879554925823726
3.0,47.0,5.234226198813328
12.0,77.0,3.1586236244416828
1.0,16.0,0.45731217085416603
9.0,80.0,1.9742863487618856
0.0,25.0,0.46633009484959387
1.0,11.0,0.2093645283111771
2.0,12.0,0.3225423276932391
2.0,33.0,1.7219272643578596
1.0,7.0,14.737083904249143
4.0,10.0,3.0945247134118197
3.0,8.0,1.2879554925823726
9.0,47.0,5.234226198813328
14.0,77.0,3.1586236244416828
3.0,16.0,0.45731217085416603
18.0,80.0,1.9742863487618856
7.0,25.0,0.46633009484959387
0.0,11.0,0.2093645283111771
1.0,12.0,0.3225423276932391
8.0,33.0,1.7219272643578596
4.0,7.0,14.737083904249143
2.0,10.0,3.0945247134118197
1.0,8.0,1.2879554925823726
20.0,47.0,5.234226198813328
21.0,77.0,3.1586236244416828
9.0,16.0,0.45731217085416603
25.0,80.0,1.9742863487618856
9.0,25.0,0.46633009484959387
2.0,11.0,0.2093645283111771
4.0,12.0,0.3225423276932391
13.0,33.0,1.7219272643578596
1.0,7.0,14.737083904249143
5.0,10.0,3.0945247134118197
2.0,8.0,1.2879554925823726
20.0,47.0,5.234226198813328
31.0,77.0,3.1586236244416828
5.0,16.0,0.45731217085416603
28.0,80.0,1.9742863487618856
12.0,25.0,0.46633009484959387
5.0,11.0,0.2093645283111771
4.0,12.0,0.3225423276932391
11.0,33.0,1.7219272643578596
4.0,7.0,14.737083904249143
7.0,10.0,3.0945247134118197
3.0,8.0,1.2879554925823726
30.0,47.0,5.234226198813328
45.0,77.0,3.1586236244416828
6.0,16.0,0.45731217085416603
35.0,80.0,1.9742863487618856
11.0,25.0,0.46633009484959387
6.0,11.0,0.2093645283111771
4.0,12.0,0.3225423276932391
18.0,33.0,1.7219272643578596
4.0,7.0,14.737083904249143
7.0,10.0,3.0945247134118197
4.0,8.0,1.2879554925823726
32.0,47.0,5.234226198813328
51.0,77.0,3.1586236244416828
13.0,16.0,0.45731217085416603
51.0,80.0,1.9742863487618856
13.0,25.0,0.46633009484959387
6.0,11.0,0.2093645283111771
8.0,12.0,0.3225423276932391
22.0,33.0,1.7219272643578596
4.0,7.0,14.737083904249143
7.0,10.0,3.0945247134118197
6.0,8.0,1.2879554925823726
38.0,47.0,5.234226198813328
51.0,77.0,3.1586236244416828
10.0,16.0,0.45731217085416603
54.0,80.0,1.9742863487618856
17.0,25.0,0.46633009484959387
9.0,11.0,0.2093645283111771
9.0,12.0,0.3225423276932391
22.0,33.0,1.7219272643578596
5.0,7.0,14.737083904249143
8.0,10.0,3.0945247134118197
7.0,8.0,1.2879554925823726
39.0,47.0,5.234226198813328
53.0,77.0,3.1586236244416828
14.0,16.0,0.45731217085416603
66.0,80.0,1.9742863487618856
20.0,25.0,0.46633009484959387
9.0,11.0,0.2093645283111771
9.0,12.0,0.3225423276932391
26.0,33.0,1.7219272643578596
7.0,7.0,14.737083904249143
9.0,10.0,3.0945247134118197
5.0,8.0,1.2879554925823726
42.0,47.0,5.234226198813328
68.0,77.0,3.1586236244416828
14.0,16.0,0.45731217085416603
67.0,80.0,1.9742863487618856
24.0,25.0,0.46633009484959387
10.0,11.0,0.2093645283111771
10.0,12.0,0.3225423276932391
30.0,33.0,1.7219272643578596
2.0,7.0,7.755989761584908
0.0,3.0,3.035558430883768
1.0,6.0,2.7398698385943185
2.0,21.0,4.1192079011900695
1.0,11.0,1.165932239495998
1.0,10.0,0.7185455802083486
1.0,16.0,1.522755746546076
1.0,16.0,0.7812852251344354
3.0,24.0,1.4402314525441609
0.0,11.0,0.5028278180336424
3.0,15.0,1.0500915389642644
2.0,7.0,7.755989761584908
1.0,3.0,3.035558430883768
2.0,6.0,2.7398698385943185
3.0,21.0,4.1192079011900695
1.0,11.0,1.165932239495998
2.0,10.0,0.7185455802083486
3.0,16.0,1.522755746546076
1.0,16.0,0.7812852251344354
3.0,24.0,1.4402314525441609
2.0,11.0,0.5028278180336424
0.0,15.0,1.0500915389642644
3.0,7.0,7.755989761584908
2.0,3.0,3.035558430883768
1.0,6.0,2.7398698385943185
8.0,21.0,4.1192079011900695
6.0,11.0,1.165932239495998
2.0,10.0,0.7185455802083486
4.0,16.0,1.522755746546076
6.0,16.0,0.7812852251344354
7.0,24.0,1.4402314525441609
3.0,11.0,0.5028278180336424
4.0,15.0,1.0500915389642644
2.0,7.0,7.755989761584908
0.0,3.0,3.035558430883768
2.0,6.0,2.7398698385943185
5.0,21.0,4.1192079011900695
5.0,11.0,1.165932239495998
4.0,10.0,0.7185455802083486
2.0,16.0,1.522755746546076
6.0,16.0,0.7812852251344354
7.0,24.0,1.4402314525441609
4.0,11.0,0.5028278180336424
5.0,15.0,1.0500915389642644
5.0,7.0,7.755989761584908
3.0,3.0,3.035558430883768
4.0,6.0,2.7398698385943185
13.0,21.0,4.1192079011900695
6.0,11.0,1.165932239495998
6.0,10.0,0.7185455802083486
7.0,16.0,1.522755746546076
6.0,16.0,0.7812852251344354
12.0,24.0,1.4402314525441609
8.0,11.0,0.5028278180336424
7.0,15.0,1.0500915389642644
5.0,7.0,7.755989761584908
2.0,3.0,3.035558430883768
2.0,6.0,2.7398698385943185
18.0,21.0,4.1192079011900695
5.0,11.0,1.165932239495998
6.0,10.0,0.7185455802083486
8.0,16.0,1.522755746546076
8.0,16.0,0.7812852251344354
15.0,24.0,1.4402314525441609
10.0,11.0,0.5028278180336424
10.0,15.0,1.0500915389642644
4.0,7.0,7.755989761584908
2.0,3.0,3.035558430883768
4.0,6.0,2.7398698385943185
15.0,21.0,4.1192079011900695
10.0,11.0,1.165932239495998
7.0,10.0,0.7185455802083486
10.0,16.0,1.522755746546076
11.0,16.0,0.7812852251344354
15.0,24.0,1.4402314525441609
10.0,11.0,0.5028278180336424
8.0,15.0,1.0500915389642644
6.0,7.0,7.755989761584908
3.0,3.0,3.035558430883768
5.0,6.0,2.7398698385943185
19.0,21.0,4.1192079011900695
8.0,11.0,1.165932239495998
7.0,10.0,0.7185455802083486
12.0,16.0,1.522755746546076
14.0,16.0,0.7812852251344354
18.0,24.0,1.4402314525441609
9.0,11.0,0.5028278180336424
14.0,15.0,1.0500915389642644
7.0,7.0,7.755989761584908
3.0,3.0,3.035558430883768
6.0,6.0,2.7398698385943185
20.0,21.0,4.1192079011900695
10.0,11.0,1.165932239495998
8.0,10.0,0.7185455802083486
15.0,16.0,1.522755746546076
15.0,16.0,0.7812852251344354
22.0,24.0,1.4402314525441609
11.0,11.0,0.5028278180336424
15.0,15.0,1.0500915389642644
3.0,10.0,6.040978014611875
1.0,7.0,1.9875151455443643
0.0,6.0,1.0330441176011285
2.0,14.0,3.661656585711216
3.0,18.0,1.5962254586715323
1.0,8.0,0.9722215851379498
3.0,12.0,0.9005345368613408
0.0,11.0,1.130883289995239
2.0,13.0,1.384337997927924
1.0,23.0,2.7492407969205206
0.0,9.0,0.6954616808299267
2.0,10.0,6.040978014611875
2.0,7.0,1.9875151455443643
0.0,6.0,1.0330441176011285
5.0,14.0,3.661656585711216
9.0,18.0,1.5962254586715323
2.0,8.0,0.9722215851379498
1.0,12.0,0.9005345368613408
3.0,11.0,1.130883289995239
2.0,13.0,1.384337997927924
3.0,23.0,2.7492407969205206
4.0,9.0,0.6954616808299267
3.0,10.0,6.040978014611875
6.0,7.0,1.9875151455443643
2.0,6.0,1.0330441176011285
4.0,14.0,3.661656585711216
6.0,18.0,1.5962254586715323
2.0,8.0,0.9722215851379498
3.0,12.0,0.9005345368613408
2.0,11.0,1.130883289995239
3.0,13.0,1.384337997927924
7.0,23.0,2.7492407969205206
2.0,9.0,0.6954616808299267
4.0,10.0,6.040978014611875
3.0,7.0,1.9875151455443643
3.0,6.0,1.0330441176011285
5.0,14.0,3.661656585711216
7.0,18.0,1.5962254586715323
3.0,8.0,0.9722215851379498
4.0,12.0,0.9005345368613408
7.0,11.0,1.130883289995239
7.0,13.0,1.384337997927924
11.0,23.0,2.7492407969205206
4.0,9.0,0.6954616808299267
4.0,10.0,6.040978014611875
3.0,7.0,1.9875151455443643
2.0,6.0,1.0330441176011285
5.0,14.0,3.661656585711216
11.0,18.0,1.5962254586715323
5.0,8.0,0.9722215851379498
7.0,12.0,0.9005345368613408
3.0,11.0,1.130883289995239
9.0,13.0,1.384337997927924
14.0,23.0,2.7492407969205206
4.0,9.0,0.6954616808299267
4.0,10.0,6.040978014611875
5.0,7.0,1.9875151455443643
4.0,6.0,1.0330441176011285
8.0,14.0,3.661656585711216
8.0,18.0,1.5962254586715323
4.0,8.0,0.9722215851379498
8.0,12.0,0.9005345368613408
9.0,11.0,1.130883289995239
10.0,13.0,1.384337997927924
11.0,23.0,2.7492407969205206
6.0,9.0,0.6954616808299267
7.0,10.0,6.040978014611875
3.0,7.0,1.9875151455443643
5.0,6.0,1.0330441176011285
9.0,14.0,3.661656585711216
12.0,18.0,1.5962254586715323
4.0,8.0,0.9722215851379498
8.0,12.0,0.9005345368613408
7.0,11.0,1.130883289995239
9.0,13.0,1.384337997927924
14.0,23.0,2.7492407969205206
6.0,9.0,0.6954616808299267
8.0,10.0,6.040978014611875
5.0,7.0,1.9875151455443643
6.0,6.0,1.0330441176011285
10.0,14.0,3.661656585711216
15.0,18.0,1.5962254586715323
7.0,8.0,0.9722215851379498
12.0,12.0,0.9005345368613408
8.0,11.0,1.130883289995239
11.0,13.0,1.384337997927924
19.0,23.0,2.7492407969205206
8.0,9.0,0.6954616808299267
9.0,10.0,6.040978014611875
6.0,7.0,1.9875151455443643
5.0,6.0,1.0330441176011285
11.0,14.0,3.661656585711216
17.0,18.0,1.5962254586715323
7.0,8.0,0.9722215851379498
11.0,12.0,0.9005345368613408
11.0,11.0,1.130883289995239
11.0,13.0,1.384337997927924
19.0,23.0,2.7492407969205206
8.0,9.0,0.6954616808299267
1.0,6.0,8.971317405505516
3.0,13.0,6.793376105436619
2.0,14.0,2.6893830873500693
3.0,34.0,1.7968484072651427
5.0,27.0,1.7735516397977409
2.0,12.0,0.42842090351146017
4.0,38.0,1.8263321773261072
5.0,21.0,0.8273053125757738
3.0,43.0,1.4733853414420426
8.0,49.0,1.7232034177989948
0.0,6.0,0.1635870490329544
1.0,6.0,8.971317405505516
0.0,13.0,6.793376105436619
4.0,14.0,2.6893830873500693
3.0,34.0,1.7968484072651427
4.0,27.0,1.7735516397977409
6.0,12.0,0.42842090351146017
5.0,38.0,1.8263321773261072
6.0,21.0,0.8273053125757738
9.0,43.0,1.4733853414420426
8.0,49.0,1.7232034177989948
2.0,6.0,0.1635870490329544
2.0,6.0,8.971317405505516
2.0,13.0,6.793376105436619
3.0,14.0,2.6893830873500693
9.0,34.0,1.7968484072651427
3.0,27.0,1.7735516397977409
4.0,12.0,0.42842090351146017
12.0,38.0,1.8263321773261072
6.0,21.0,0.8273053125757738
11.0,43.0,1.4733853414420426
17.0,49.0,1.7232034177989948
2.0,6.0,0.1635870490329544
1.0,6.0,8.971317405505516
2.0,13.0,6.793376105436619
5.0,14.0,2.6893830873500693
14.0,34.0,1.7968484072651427
13.0,27.0,1.7735516397977409
3.0,12.0,0.42842090351146017
10.0,38.0,1.8263321773261072
9.0,21.0,0.8273053125757738
16.0,43.0,1.4733853414420426
22.0,49.0,1.7232034177989948
4.0,6.0,0.1635870490329544
2.0,6.0,8.971317405505516
6.0,13.0,6.793376105436619
4.0,14.0,2.6893830873500693
13.0,34.0,1.7968484072651427
13.0,27.0,1.7735516397977409
5.0,12.0,0.42842090351146017
20.0,38.0,1.8263321773261072
11.0,21.0,0.8273053125757738
16.0,43.0,1.4733853414420426
26.0,49.0,1.7232034177989948
2.0,6.0,0.1635870490329544
2.0,6.0,8.971317405505516
10.0,13.0,6.793376105436619
9.0,14.0,2.6893830873500693
16.0,34.0,1.7968484072651427
18.0,27.0,1.7735516397977409
8.0,12.0,0.42842090351146017
25.0,38.0,1.8263321773261072
7.0,21.0,0.8273053125757738
23.0,43.0,1.4733853414420426
25.0,49.0,1.7232034177989948
4.0,6.0,0.1635870490329544
2.0,6.0,8.971317405505516
9.0,13.0,6.793376105436619
9.0,14.0,2.6893830873500693
24.0,34.0,1.7968484072651427
18.0,27.0,1.7735516397977409
9.0,12.0,0.42842090351146017
26.0,38.0,1.8263321773261072
16.0,21.0,0.8273053125757738
33.0,43.0,1.4733853414420426
33.0,49.0,1.7232034177989948
2.0,6.0,0.1635870490329544
6.0,6.0,8.971317405505516
7.0,13.0,6.793376105436619
11.0,14.0,2.6893830873500693
29.0,34.0,1.7968484072651427
21.0,27.0,1.7735516397977409
8.0,12.0,0.42842090351146017
31.0,38.0,1.8263321773261072
18.0,21.0,0.8273053125757738
32.0,43.0,1.4733853414420426
36.0,49.0,1.7232034177989948
5.0,6.0,0.1635870490329544
6.0,6.0,8.971317405505516
11.0,13.0,6.793376105436619
12.0,14.0,2.6893830873500693
31.0,34.0,1.7968484072651427
21.0,27.0,1.7735516397977409
10.0,12.0,0.42842090351146017
36.0,38.0,1.8263321773261072
20.0,21.0,0.8273053125757738
39.0,43.0,1.4733853414420426
46.0,49.0,1.7232034177989948
5.0,6.0,0.1635870490329544
1.0,3.0,5.210472318462659
0.0,3.0,2.0463617770971037
0.0,3.0,1.0045285507292046
1.0,18.0,6.247945562478082
2.0,6.0,0.8866421223127259
2.0,21.0,2.0660069117316366
4.0,29.0,1.9098841782802205
6.0,77.0,3.381218133937653
8.0,90.0,2.1616471197527654
9.0,84.0,1.40719343479765
2.0,28.0,0.3415295377822153
1.0,3.0,5.210472318462659
1.0,3.0,2.0463617770971037
0.0,3.0,1.0045285507292046
5.0,18.0,6.247945562478082
2.0,6.0,0.8866421223127259
0.0,21.0,2.0660069117316366
7.0,29.0,1.9098841782802205
20.0,77.0,3.381218133937653
21.0,90.0,2.1616471197527654
15.0,84.0,1.40719343479765
4.0,28.0,0.3415295377822153
1.0,3.0,5.210472318462659
1.0,3.0,2.0463617770971037
1.0,3.0,1.0045285507292046
5.0,18.0,6.247945562478082
3.0,6.0,0.8866421223127259
5.0,21.0,2.0660069117316366
4.0,29.0,1.9098841782802205
19.0,77.0,3.381218133937653
21.0,90.0,2.1616471197527654
24.0,84.0,1.40719343479765
9.0,28.0,0.3415295377822153
1.0,3.0,5.210472318462659
1.0,3.0,2.0463617770971037
2.0,3.0,1.0045285507292046
8.0,18.0,6.247945562478082
2.0,6.0,0.8866421223127259
12.0,21.0,2.0660069117316366
7.0,29.0,1.9098841782802205
30.0,77.0,3.381218133937653
29.0,90.0,2.1616471197527654
25.0,84.0,1.40719343479765
11.0,28.0,0.3415295377822153
2.0,3.0,5.210472318462659
2.0,3.0,2.0463617770971037
3.0,3.0,1.0045285507292046
12.0,18.0,6.247945562478082
4.0,6.0,0.8866421223127259
10.0,21.0,2.0660069117316366
15.0,29.0,1.9098841782802205
42.0,77.0,3.381218133937653
43.0,90.0,2.1616471197527654
42.0,84.0,1.40719343479765
12.0,28.0,0.3415295377822153
3.0,3.0,5.210472318462659
3.0,3.0,2.0463617770971037
3.0,3.0,1.0045285507292046
8.0,18.0,6.247945562478082
4.0,6.0,0.8866421223127259
9.0,21.0,2.0660069117316366
21.0,29.0,1.9098841782802205
42.0,77.0,3.381218133937653
50.0,90.0,2.1616471197527654
52.0,84.0,1.40719343479765
18.0,28.0,0.3415295377822153
2.0,3.0,5.210472318462659
1.0,3.0,2.0463617770971037
3.0,3.0,1.0045285507292046
12.0,18.0,6.247945562478082
2.0,6.0,0.8866421223127259
15.0,21.0,2.0660069117316366
25.0,29.0,1.9098841782802205
55.0,77.0,3.381218133937653
63.0,90.0,2.1616471197527654
52.0,84.0,1.40719343479765
16.0,28.0,0.3415295377822153
3.0,3.0,5.210472318462659
3.0,3.0,2.0463617770971037
3.0,3.0,1.0045285507292046
13.0,18.0,6.247945562478082
3.0,6.0,0.8866421223127259
17.0,21.0,2.0660069117316366
21.0,29.0,1.9098841782802205
61.0,77.0,3.381218133937653
68.0,90.0,2.1616471197527654
64.0,84.0,1.40719343479765
26.0,28.0,0.3415295377822153
3.0,3.0,5.210472318462659
2.0,3.0,2.0463617770971037
2.0,3.0,1.0045285507292046
15.0,18.0,6.247945562478082
6.0,6.0,0.8866421223127259
20.0,21.0,2.0660069117316366
25.0,29.0,1.9098841782802205
70.0,77.0,3.381218133937653
80.0,90.0,2.1616471197527654
77.0,84.0,1.40719343479765
25.0,28.0,0.3415295377822153
1.0,4.0,2.292320474741068
2.0,11.0,6.327750284146254
0.0,11.0,1.7661761570767884
1.0,27.0,3.2662516466034495
1.0,30.0,2.0710867168637703
1.0,12.0,0.531408592552566
12.0,74.0,3.546740979874505
1.0,33.0,0.9016949874525325
1.0,4.0,0.15232560830459063
1.0,18.0,0.5277796707467738
1.0,37.0,2.3676837823100807
1.0,4.0,2.292320474741068
3.0,11.0,6.327750284146254
2.0,11.0,1.7661761570767884
5.0,27.0,3.2662516466034495
6.0,30.0,2.0710867168637703
6.0,12.0,0.531408592552566
23.0,74.0,3.546740979874505
3.0,33.0,0.9016949874525325
0.0,4.0,0.15232560830459063
5.0,18.0,0.5277796707467738
7.0,37.0,2.3676837823100807
1.0,4.0,2.292320474741068
7.0,11.0,6.327750284146254
4.0,11.0,1.7661761570767884
10.0,27.0,3.2662516466034495
9.0,30.0,2.0710867168637703
5.0,12.0,0.531408592552566
13.0,74.0,3.546740979874505
10.0,33.0,0.9016949874525325
2.0,4.0,0.15232560830459063
5.0,18.0,0.5277796707467738
14.0,37.0,2.3676837823100807
1.0,4.0,2.292320474741068
5.0,11.0,6.327750284146254
6.0,11.0,1.7661761570767884
10.0,27.0,3.2662516466034495
10.0,30.0,2.0710867168637703
4.0,12.0,0.531408592552566
34.0,74.0,3.546740979874505
17.0,33.0,0.9016949874525325
1.0,4.0,0.15232560830459063
4.0,18.0,0.5277796707467738
14.0,37.0,2.3676837823100807
1.0,4.0,2.292320474741068
5.0,11.0,6.327750284146254
3.0,11.0,1.7661761570767884
16.0,27.0,3.2662516466034495
10.0,30.0,2.0710867168637703
4.0,12.0,0.531408592552566
44.0,74.0,3.546740979874505
14.0,33.0,0.9016949874525325
1.0,4.0,0.15232560830459063
7.0,18.0,0.5277796707467738
20.0,37.0,2.3676837823100807
3.0,4.0,2.292320474741068
8.0,11.0,6.327750284146254
6.0,11.0,1.7661761570767884
19.0,27.0,3.2662516466034495
21.0,30.0,2.0710867168637703
9.0,12.0,0.531408592552566
39.0,74.0,3.546740979874505
23.0,33.0,0.9016949874525325
3.0,4.0,0.15232560830459063
11.0,18.0,0.5277796707467738
22.0,37.0,2.3676837823100807
2.0,4.0,2.292320474741068
11.0,11.0,6.327750284146254
8.0,11.0,1.7661761570767884
19.0,27.0,3.2662516466034495
18.0,30.0,2.0710867168637703
8.0,12.0,0.531408592552566
49.0,74.0,3.546740979874505
22.0,33.0,0.9016949874525325
3.0,4.0,0.15232560830459063
13.0,18.0,0.5277796707467738
26.0,37.0,2.3676837823100807
3.0,4.0,2.292320474741068
10.0,11.0,6.327750284146254
11.0,11.0,1.7661761570767884
19.0,27.0,3.2662516466034495
25.0,30.0,2.0710867168637703
8.0,12.0,0.531408592552566
61.0,74.0,3.546740979874505
29.0,33.0,0.9016949874525325
4.0,4.0,0.15232560830459063
14.0,18.0,0.5277796707467738
26.0,37.0,2.3676837823100807
4.0,4.0,2.292320474741068
11.0,11.0,6.327750284146254
11.0,11.0,1.7661761570767884
22.0,27.0,3.2662516466034495
27.0,30.0,2.0710867168637703
12.0,12.0,0.531408592552566
69.0,74.0,3.546740979874505
30.0,33.0,0.9016949874525325
4.0,4.0,0.15232560830459063
17.0,18.0,0.5277796707467738
33.0,37.0,2.3676837823100807
2.0,7.0,13.086817840789953
1.0,5.0,4.346442326806924
1.0,12.0,3.948260326027341
3.0,41.0,4.426166436957504
9.0,64.0,3.2380369825833686
3.0,28.0,0.7535780077807325
3.0,24.0,0.9352750420816274
6.0,48.0,1.5197319624884098
7.0,45.0,1.2196436887845292
0.0,6.0,0.15692117679708623
2.0,8.0,0.21524645915186194
1.0,7.0,13.086817840789953
0.0,5.0,4.346442326806924
2.0,12.0,3.948260326027341
6.0,41.0,4.426166436957504
10.0,64.0,3.2380369825833686
6.0,28.0,0.7535780077807325
5.0,24.0,0.9352750420816274
6.0,48.0,1.5197319624884098
10.0,45.0,1.2196436887845292
1.0,6.0,0.15692117679708623
3.0,8.0,0.21524645915186194
2.0,7.0,13.086817840789953
1.0,5.0,4.346442326806924
4.0,12.0,3.948260326027341
11.0,41.0,4.426166436957504
19.0,64.0,3.2380369825833686
11.0,28.0,0.7535780077807325
9.0,24.0,0.9352750420816274
17.0,48.0,1.5197319624884098
8.0,45.0,1.2196436887845292
2.0,6.0,0.15692117679708623
0.0,8.0,0.21524645915186194
2.0,7.0,13.086817840789953
1.0,5.0,4.346442326806924
1.0,12.0,3.948260326027341
16.0,41.0,4.426166436957504
20.0,64.0,3.2380369825833686
9.0,28.0,0.7535780077807325
10.0,24.0,0.9352750420816274
18.0,48.0,1.5197319624884098
20.0,45.0,1.2196436887845292
2.0,6.0,0.15692117679708623
4.0,8.0,0.21524645915186194
5.0,7.0,13.086817840789953
2.0,5.0,4.346442326806924
5.0,12.0,3.948260326027341
18.0,41.0,4.426166436957504
29.0,64.0,3.2380369825833686
12.0,28.0,0.7535780077807325
12.0,24.0,0.9352750420816274
24.0,48.0,1.5197319624884098
23.0,45.0,1.2196436887845292
1.0,6.0,0.15692117679708623
4.0,8.0,0.21524645915186194
4.0,7.0,13.086817840789953
3.0,5.0,4.346442326806924
8.0,12.0,3.948260326027341
27.0,41.0,4.426166436957504
42.0,64.0,3.2380369825833686
16.0,28.0,0.7535780077807325
11.0,24.0,0.9352750420816274
28.0,48.0,1.5197319624884098
30.0,45.0,1.2196436887845292
4.0,6.0,0.15692117679708623
4.0,8.0,0.21524645915186194
6.0,7.0,13.086817840789953
4.0,5.0,4.346442326806924
6.0,12.0,3.948260326027341
32.0,41.0,4.426166436957504
44.0,64.0,3.2380369825833686
16.0,28.0,0.7535780077807325
14.0,24.0,0.9352750420816274
37.0,48.0,1.5197319624884098
31.0,45.0,1.2196436887845292
4.0,6.0,0.15692117679708623
6.0,8.0,0.21524645915186194
5.0,7.0,13.086817840789953
4.0,5.0,4.346442326806924
10.0,12.0,3.948260326027341
34.0,41.0,4.426166436957504
54.0,64.0,3.2380369825833686
21.0,28.0,0.7535780077807325
22.0,24.0,0.9352750420816274
39.0,48.0,1.5197319624884098
39.0,45.0,1.2196436887845292
5.0,6.0,0.15692117679708623
7.0,8.0,0.21524645915186194
7.0,7.0,13.086817840789953
5.0,5.0,4.346442326806924
11.0,12.0,3.948260326027341
37.0,41.0,4.426166436957504
56.0,64.0,3.2380369825833686
27.0,28.0,0.7535780077807325
21.0,24.0,0.9352750420816274
43.0,48.0,1.5197319624884098
41.0,45.0,1.2196436887845292
5.0,6.0,0.15692117679708623
6.0,8.0,0.21524645915186194
1.0,4.0,5.483987754253063
2.0,14.0,10.583377781067071
1.0,5.0,0.7415686360635565
5.0,31.0,4.904148615227324
0.0,6.0,0.6423355641697682
3.0,41.0,2.3630275422898843
6.0,60.0,2.542062163886594
2.0,26.0,0.755883722846378
4.0,56.0,1.428556045740015
6.0,63.0,1.4367045865881187
0.0,26.0,0.4512601780718182
2.0,4.0,5.483987754253063
2.0,14.0,10.583377781067071
1.0,5.0,0.7415686360635565
5.0,31.0,4.904148615227324
2.0,6.0,0.6423355641697682
8.0,41.0,2.3630275422898843
11.0,60.0,2.542062163886594
5.0,26.0,0.755883722846378
16.0,56.0,1.428556045740015
15.0,63.0,1.4367045865881187
7.0,26.0,0.4512601780718182
1.0,4.0,5.483987754253063
1.0,14.0,10.583377781067071
0.0,5.0,0.7415686360635565
8.0,31.0,4.904148615227324
4.0,6.0,0.6423355641697682
13.0,41.0,2.3630275422898843
27.0,60.0,2.542062163886594
4.0,26.0,0.755883722846378
20.0,56.0,1.428556045740015
22.0,63.0,1.4367045865881187
11.0,26.0,0.4512601780718182
2.0,4.0,5.483987754253063
4.0,14.0,10.583377781067071
3.0,5.0,0.7415686360635565
15.0,31.0,4.904148615227324
3.0,6.0,0.6423355641697682
17.0,41.0,2.3630275422898843
25.0,60.0,2.542062163886594
12.0,26.0,0.755883722846378
27.0,56.0,1.428556045740015
24.0,63.0,1.4367045865881187
11.0,26.0,0.4512601780718182
2.0,4.0,5.483987754253063
11.0,14.0,10.583377781067071
2.0,5.0,0.7415686360635565
14.0,31.0,4.904148615227324
5.0,6.0,0.6423355641697682
20.0,41.0,2.3630275422898843
26.0,60.0,2.542062163886594
14.0,26.0,0.755883722846378
32.0,56.0,1.428556045740015
35.0,63.0,1.4367045865881187
13.0,26.0,0.4512601780718182
1.0,4.0,5.483987754253063
9.0,14.0,10.583377781067071
3.0,5.0,0.7415686360635565
17.0,31.0,4.904148615227324
3.0,6.0,0.6423355641697682
23.0,41.0,2.3630275422898843
34.0,60.0,2.542062163886594
11.0,26.0,0.755883722846378
27.0,56.0,1.428556045740015
35.0,63.0,1.4367045865881187
14.0,26.0,0.4512601780718182
3.0,4.0,5.483987754253063
10.0,14.0,10.583377781067071
3.0,5.0,0.7415686360635565
17.0,31.0,4.904148615227324
6.0,6.0,0.6423355641697682
31.0,41.0,2.3630275422898843
40.0,60.0,2.542062163886594
17.0,26.0,0.755883722846378
33.0,56.0,1.428556045740015
48.0,63.0,1.4367045865881187
20.0,26.0,0.4512601780718182
4.0,4.0,5.483987754253063
10.0,14.0,10.583377781067071
3.0,5.0,0.7415686360635565
23.0,31.0,4.904148615227324
4.0,6.0,0.6423355641697682
34.0,41.0,2.3630275422898843
48.0,60.0,2.542062163886594
24.0,26.0,0.755883722846378
38.0,56.0,1.428556045740015
52.0,63.0,1.4367045865881187
20.0,26.0,0.4512601780718182
3.0,4.0,5.483987754253063
11.0,14.0,10.583377781067071
3.0,5.0,0.7415686360635565
28.0,31.0,4.904148615227324
6.0,6.0,0.6423355641697682
35.0,41.0,2.3630275422898843
54.0,60.0,2.542062163886594
21.0,26.0,0.755883722846378
53.0,56.0,1.428556045740015
56.0,63.0,1.4367045865881187
23.0,26.0,0.4512601780718182
1.0,2.0,2.1282903814423886
1.0,8.0,3.890876291671443
1.0,6.0,1.6280507037084933
1.0,28.0,6.76358853700321
1.0,8.0,0.8738876974066133
1.0,23.0,2.012068529062759
2.0,37.0,1.7823496466880135
0.0,31.0,1.6294370179509334
2.0,31.0,0.8884941732057551
7.0,43.0,1.3847779319965778
0.0,48.0,0.9247413131239508
2.0,2.0,2.1282903814423886
1.0,8.0,3.890876291671443
0.0,6.0,1.6280507037084933
7.0,28.0,6.76358853700321
1.0,8.0,0.8738876974066133
4.0,23.0,2.012068529062759
7.0,37.0,1.7823496466880135
8.0,31.0,1.6294370179509334
7.0,31.0,0.8884941732057551
10.0,43.0,1.3847779319965778
8.0,48.0,0.9247413131239508
1.0,2.0,2.1282903814423886
2.0,8.0,3.890876291671443
3.0,6.0,1.6280507037084933
8.0,28.0,6.76358853700321
2.0,8.0,0.8738876974066133
8.0,23.0,2.012068529062759
15.0,37.0,1.7823496466880135
10.0,31.0,1.6294370179509334
8.0,31.0,0.8884941732057551
18.0,43.0,1.3847779319965778
14.0,48.0,0.9247413131239508
1.0,2.0,2.1282903814423886
4.0,8.0,3.890876291671443
2.0,6.0,1.6280507037084933
3.0,28.0,6.76358853700321
3.0,8.0,0.8738876974066133
12.0,23.0,2.012068529062759
11.0,37.0,1.7823496466880135
15.0,31.0,1.6294370179509334
24.0,31.0,0.8884941732057551
17.0,43.0,1.3847779319965778
23.0,48.0,0.9247413131239508
2.0,2.0,2.1282903814423886
2.0,8.0,3.890876291671443
3.0,6.0,1.6280507037084933
12.0,28.0,6.76358853700321
4.0,8.0,0.8738876974066133
11.0,23.0,2.012068529062759
22.0,37.0,1.7823496466880135
19.0,31.0,1.6294370179509334
12.0,31.0,0.8884941732057551
23.0,43.0,1.3847779319965778
22.0,48.0,0.9247413131239508
2.0,2.0,2.1282903814423886
6.0,8.0,3.890876291671443
6.0,6.0,1.6280507037084933
14.0,28.0,6.76358853700321
7.0,8.0,0.8738876974066133
12.0,23.0,2.012068529062759
21.0,37.0,1.7823496466880135
16.0,31.0,1.6294370179509334
20.0,31.0,0.8884941732057551
20.0,43.0,1.3847779319965778
33.0,48.0,0.9247413131239508
2.0,2.0,2.1282903814423886
5.0,8.0,3.890876291671443
5.0,6.0,1.6280507037084933
18.0,28.0,6.76358853700321
5.0,8.0,0.8738876974066133
15.0,23.0,2.012068529062759
29.0,37.0,1.7823496466880135
23.0,31.0,1.6294370179509334
20.0,31.0,0.8884941732057551
32.0,43.0,1.3847779319965778
37.0,48.0,0.9247413131239508
1.0,2.0,2.1282903814423886
6.0,8.0,3.890876291671443
6.0,6.0,1.6280507037084933
25.0,28.0,6.76358853700321
4.0,8.0,0.8738876974066133
18.0,23.0,2.012068529062759
30.0,37.0,1.7823496466880135
24.0,31.0,1.6294370179509334
27.0,31.0,0.8884941732057551
35.0,43.0,1.3847779319965778
36.0,48.0,0.9247413131239508
2.0,2.0,2.1282903814423886
8.0,8.0,3.890876291671443
5.0,6.0,1.6280507037084933
23.0,28.0,6.76358853700321
8.0,8.0,0.8738876974066133
21.0,23.0,2.012068529062759
36.0,37.0,1.7823496466880135
29.0,31.0,1.6294370179509334
29.0,31.0,0.8884941732057551
40.0,43.0,1.3847779319965778
43.0,48.0,0.9247413131239508
1.0,5.0,13.044495145568979
0.0,10.0,4.60306845045116
0.0,9.0,2.7171305163507378
3.0,33.0,4.129905050964642
1.0,15.0,0.8485856551913024
5.0,71.0,3.413485777165354
3.0,56.0,1.448667446756348
4.0,25.0,0.7774589120219021
1.0,9.0,0.14543585779692736
1.0,16.0,0.6185871435581198
4.0,37.0,1.7350453425514993
2.0,5.0,13.044495145568979
2.0,10.0,4.60306845045116
2.0,9.0,2.7171305163507378
5.0,33.0,4.129905050964642
2.0,15.0,0.8485856551913024
14.0,71.0,3.413485777165354
12.0,56.0,1.448667446756348
2.0,25.0,0.7774589120219021
2.0,9.0,0.14543585779692736
1.0,16.0,0.6185871435581198
13.0,37.0,1.7350453425514993
4.0,5.0,13.044495145568979
2.0,10.0,4.60306845045116
0.0,9.0,2.7171305163507378
7.0,33.0,4.129905050964642
6.0,15.0,0.8485856551913024
21.0,71.0,3.413485777165354
19.0,56.0,1.448667446756348
2.0,25.0,0.7774589120219021
4.0,9.0,0.14543585779692736
5.0,16.0,0.6185871435581198
12.0,37.0,1.7350453425514993
2.0,5.0,13.044495145568979
2.0,10.0,4.60306845045116
3.0,9.0,2.7171305163507378
14.0,33.0,4.129905050964642
6.0,15.0,0.8485856551913024
33.0,71.0,3.413485777165354
27.0,56.0,1.448667446756348
8.0,25.0,0.7774589120219021
6.0,9.0,0.14543585779692736
9.0,16.0,0.6185871435581198
12.0,37.0,1.7350453425514993
1.0,5.0,13.044495145568979
7.0,10.0,4.60306845045116
3.0,9.0,2.7171305163507378
16.0,33.0,4.129905050964642
5.0,15.0,0.8485856551913024
38.0,71.0,3.413485777165354
28.0,56.0,1.448667446756348
15.0,25.0,0.7774589120219021
5.0,9.0,0.14543585779692736
9.0,16.0,0.6185871435581198
17.0,37.0,1.7350453425514993
4.0,5.0,13.044495145568979
7.0,10.0,4.60306845045116
4.0,9.0,2.7171305163507378
19.0,33.0,4.129905050964642
6.0,15.0,0.8485856551913024
44.0,71.0,3.413485777165354
32.0,56.0,1.448667446756348
17.0,25.0,0.7774589120219021
5.0,9.0,0.14543585779692736
9.0,16.0,0.6185871435581198
28.0,37.0,1.7350453425514993
3.0,5.0,13.044495145568979
6.0,10.0,4.60306845045116
9.0,9.0,2.7171305163507378
23.0,33.0,4.129905050964642
11.0,15.0,0.8485856551913024
58.0,71.0,3.413485777165354
35.0,56.0,1.448667446756348
21.0,25.0,0.7774589120219021
7.0,9.0,0.14543585779692736
14.0,16.0,0.6185871435581198
23.0,37.0,1.7350453425514993
5.0,5.0,13.044495145568979
9.0,10.0,4.60306845045116
8.0,9.0,2.7171305163507378
27.0,33.0,4.129905050964642
11.0,15.0,0.8485856551913024
56.0,71.0,3.413485777165354
44.0,56.0,1.448667446756348
20.0,25.0,0.7774589120219021
4.0,9.0,0.14543585779692736
13.0,16.0,0.6185871435581198
28.0,37.0,1.7350453425514993
5.0,5.0,13.044495145568979
9.0,10.0,4.60306845045116
8.0,9.0,2.7171305163507378
32.0,33.0,4.129905050964642
13.0,15.0,0.8485856551913024
58.0,71.0,3.413485777165354
52.0,56.0,1.448667446756348
21.0,25.0,0.7774589120219021
8.0,9.0,0.14543585779692736
14.0,16.0,0.6185871435581198
33.0,37.0,1.7350453425514993
1.0,3.0,7.740823213149783
0.0,4.0,2.5849289506116553
3.0,20.0,4.965062813463077
0.0,11.0,0.7386612058216117
6.0,50.0,4.282965086467854
0.0,11.0,0.5606052582055765
8.0,65.0,2.402215055738087
1.0,49.0,1.5437336279989853
3.0,12.0,0.2514526631321091
2.0,30.0,0.9526610053773982
1.0,20.0,0.6625748618721788
1.0,3.0,7.740823213149783
2.0,4.0,2.5849289506116553
4.0,20.0,4.965062813463077
4.0,11.0,0.7386612058216117
14.0,50.0,4.282965086467854
1.0,11.0,0.5606052582055765
11.0,65.0,2.402215055738087
7.0,49.0,1.5437336279989853
3.0,12.0,0.2514526631321091
3.0,30.0,0.9526610053773982
4.0,20.0,0.6625748618721788
1.0,3.0,7.740823213149783
1.0,4.0,2.5849289506116553
3.0,20.0,4.965062813463077
3.0,11.0,0.7386612058216117
16.0,50.0,4.282965086467854
3.0,11.0,0.5606052582055765
18.0,65.0,2.402215055738087
17.0,49.0,1.5437336279989853
1.0,12.0,0.2514526631321091
8.0,30.0,0.9526610053773982
6.0,20.0,0.6625748618721788
1.0,3.0,7.740823213149783
0.0,4.0,2.5849289506116553
9.0,20.0,4.965062813463077
4.0,11.0,0.7386612058216117
13.0,50.0,4.282965086467854
5.0,11.0,0.5606052582055765
20.0,65.0,2.402215055738087
22.0,49.0,1.5437336279989853
4.0,12.0,0.2514526631321091
10.0,30.0,0.9526610053773982
8.0,20.0,0.6625748618721788
2.0,3.0,7.740823213149783
1.0,4.0,2.5849289506116553
8.0,20.0,4.965062813463077
3.0,11.0,0.7386612058216117
31.0,50.0,4.282965086467854
5.0,11.0,0.5606052582055765
31.0,65.0,2.402215055738087
22.0,49.0,1.5437336279989853
6.0,12.0,0.2514526631321091
17.0,30.0,0.9526610053773982
8.0,20.0,0.6625748618721788
3.0,3.0,7.740823213149783
1.0,4.0,2.5849289506116553
12.0,20.0,4.965062813463077
8.0,11.0,0.7386612058216117
22.0,50.0,4.282965086467854
7.0,11.0,0.5606052582055765
39.0,65.0,2.402215055738087
33.0,49.0,1.5437336279989853
10.0,12.0,0.2514526631321091
19.0,30.0,0.9526610053773982
13.0,20.0,0.6625748618721788
2.0,3.0,7.740823213149783
2.0,4.0,2.5849289506116553
16.0,20.0,4.965062813463077
7.0,11.0,0.7386612058216117
34.0,50.0,4.282965086467854
9.0,11.0,0.5606052582055765
46.0,65.0,2.402215055738087
33.0,49.0,1.5437336279989853
7.0,12.0,0.2514526631321091
24.0,30.0,0.9526610053773982
11.0,20.0,0.6625748618721788
3.0,3.0,7.740823213149783
4.0,4.0,2.5849289506116553
17.0,20.0,4.965062813463077
10.0,11.0,0.7386612058216117
44.0,50.0,4.282965086467854
10.0,11.0,0.5606052582055765
52.0,65.0,2.402215055738087
38.0,49.0,1.5437336279989853
10.0,12.0,0.2514526631321091
24.0,30.0,0.9526610053773982
15.0,20.0,0.6625748618721788
3.0,3.0,7.740823213149783
4.0,4.0,2.5849289506116553
19.0,20.0,4.965062813463077
10.0,11.0,0.7386612058216117
47.0,50.0,4.282965086467854
10.0,11.0,0.5606052582055765
61.0,65.0,2.402215055738087
45.0,49.0,1.5437336279989853
10.0,12.0,0.2514526631321091
27.0,30.0,0.9526610053773982
18.0,20.0,0.6625748618721788
1.0,6.0,14.861285231176739
2.0,18.0,4.339915164023411
0.0,6.0,1.0890639527410022
0.0,9.0,1.3710736660034235
0.0,13.0,1.7160573272842772
2.0,6.0,0.5942676367120812
1.0,20.0,1.9445002117174897
1.0,23.0,1.6875812127266574
8.0,45.0,3.0171741937829233
6.0,112.0,3.866166794002173
1.0,31.0,0.5502838749958465
1.0,6.0,14.861285231176739
6.0,18.0,4.339915164023411
1.0,6.0,1.0890639527410022
0.0,9.0,1.3710736660034235
4.0,13.0,1.7160573272842772
1.0,6.0,0.5942676367120812
3.0,20.0,1.9445002117174897
2.0,23.0,1.6875812127266574
7.0,45.0,3.0171741937829233
24.0,112.0,3.866166794002173
8.0,31.0,0.5502838749958465
2.0,6.0,14.861285231176739
7.0,18.0,4.339915164023411
3.0,6.0,1.0890639527410022
4.0,9.0,1.3710736660034235
4.0,13.0,1.7160573272842772
1.0,6.0,0.5942676367120812
8.0,20.0,1.9445002117174897
8.0,23.0,1.6875812127266574
14.0,45.0,3.0171741937829233
36.0,112.0,3.866166794002173
11.0,31.0,0.5502838749958465
3.0,6.0,14.861285231176739
8.0,18.0,4.339915164023411
1.0,6.0,1.0890639527410022
3.0,9.0,1.3710736660034235
5.0,13.0,1.7160573272842772
2.0,6.0,0.5942676367120812
11.0,20.0,1.9445002117174897
10.0,23.0,1.6875812127266574
21.0,45.0,3.0171741937829233
44.0,112.0,3.866166794002173
13.0,31.0,0.5502838749958465
1.0,6.0,14.861285231176739
8.0,18.0,4.339915164023411
4.0,6.0,1.0890639527410022
5.0,9.0,1.3710736660034235
7.0,13.0,1.7160573272842772
3.0,6.0,0.5942676367120812
10.0,20.0,1.9445002117174897
11.0,23.0,1.6875812127266574
23.0,45.0,3.0171741937829233
53.0,112.0,3.866166794002173
14.0,31.0,0.5502838749958465
2.0,6.0,14.861285231176739
6.0,18.0,4.339915164023411
2.0,6.0,1.0890639527410022
7.0,9.0,1.3710736660034235
8.0,13.0,1.7160573272842772
5.0,6.0,0.5942676367120812
11.0,20.0,1.9445002117174897
13.0,23.0,1.6875812127266574
29.0,45.0,3.0171741937829233
69.0,112.0,3.866166794002173
15.0,31.0,0.5502838749958465
2.0,6.0,14.861285231176739
12.0,18.0,4.339915164023411
6.0,6.0,1.0890639527410022
7.0,9.0,1.3710736660034235
9.0,13.0,1.7160573272842772
4.0,6.0,0.5942676367120812
18.0,20.0,1.9445002117174897
18.0,23.0,1.6875812127266574
31.0,45.0,3.0171741937829233
82.0,112.0,3.866166794002173
24.0,31.0,0.5502838749958465
5.0,6.0,14.861285231176739
16.0,18.0,4.339915164023411
6.0,6.0,1.0890639527410022
8.0,9.0,1.3710736660034235
12.0,13.0,1.7160573272842772
5.0,6.0,0.5942676367120812
19.0,20.0,1.9445002117174897
20.0,23.0,1.6875812127266574
38.0,45.0,3.0171741937829233
93.0,112.0,3.866166794002173
22.0,31.0,0.5502838749958465
6.0,6.0,14.861285231176739
14.0,18.0,4.339915164023411
4.0,6.0,1.0890639527410022
7.0,9.0,1.3710736660034235
13.0,13.0,1.7160573272842772
5.0,6.0,0.5942676367120812
17.0,20.0,1.9445002117174897
22.0,23.0,1.6875812127266574
38.0,45.0,3.0171741937829233
99.0,112.0,3.866166794002173
29.0,31.0,0.5502838749958465
1.0,3.0,4.4566808257576165
0.0,4.0,3.9229182245259127
0.0,11.0,3.454134298904434
1.0,9.0,0.7734414501110644
1.0,31.0,2.6459516490968378
1.0,22.0,1.5857081876396066
5.0,28.0,1.5041154054053216
1.0,16.0,0.7120940470553127
7.0,33.0,1.2496615319835183
12.0,66.0,2.4951085777719837
5.0,23.0,0.5381930786214322
1.0,3.0,4.4566808257576165
2.0,4.0,3.9229182245259127
1.0,11.0,3.454134298904434
2.0,9.0,0.7734414501110644
5.0,31.0,2.6459516490968378
6.0,22.0,1.5857081876396066
4.0,28.0,1.5041154054053216
2.0,16.0,0.7120940470553127
6.0,33.0,1.2496615319835183
15.0,66.0,2.4951085777719837
6.0,23.0,0.5381930786214322
2.0,3.0,4.4566808257576165
2.0,4.0,3.9229182245259127
1.0,11.0,3.454134298904434
2.0,9.0,0.7734414501110644
6.0,31.0,2.6459516490968378
7.0,22.0,1.5857081876396066
9.0,28.0,1.5041154054053216
2.0,16.0,0.7120940470553127
11.0,33.0,1.2496615319835183
18.0,66.0,2.4951085777719837
9.0,23.0,0.5381930786214322
2.0,3.0,4.4566808257576165
2.0,4.0,3.9229182245259127
8.0,11.0,3.454134298904434
3.0,9.0,0.7734414501110644
17.0,31.0,2.6459516490968378
7.0,22.0,1.5857081876396066
6.0,28.0,1.5041154054053216
8.0,16.0,0.7120940470553127
11.0,33.0,1.2496615319835183
18.0,66.0,2.4951085777719837
14.0,23.0,0.5381930786214322
1.0,3.0,4.4566808257576165
1.0,4.0,3.9229182245259127
5.0,11.0,3.454134298904434
6.0,9.0,0.7734414501110644
20.0,31.0,2.6459516490968378
12.0,22.0,1.5857081876396066
15.0,28.0,1.5041154054053216
9.0,16.0,0.7120940470553127
16.0,33.0,1.2496615319835183
32.0,66.0,2.4951085777719837
11.0,23.0,0.5381930786214322
2.0,3.0,4.4566808257576165
2.0,4.0,3.9229182245259127
7.0,11.0,3.454134298904434
6.0,9.0,0.7734414501110644
15.0,31.0,2.6459516490968378
14.0,22.0,1.5857081876396066
11.0,28.0,1.5041154054053216
9.0,16.0,0.7120940470553127
17.0,33.0,1.2496615319835183
46.0,66.0,2.4951085777719837
16.0,23.0,0.5381930786214322
2.0,3.0,4.4566808257576165
3.0,4.0,3.9229182245259127
8.0,11.0,3.454134298904434
8.0,9.0,0.7734414501110644
22.0,31.0,2.6459516490968378
17.0,22.0,1.5857081876396066
20.0,28.0,1.5041154054053216
11.0,16.0,0.7120940470553127
24.0,33.0,1.2496615319835183
50.0,66.0,2.4951085777719837
19.0,23.0,0.5381930786214322
2.0,3.0,4.4566808257576165
4.0,4.0,3.9229182245259127
6.0,11.0,3.454134298904434
8.0,9.0,0.7734414501110644
25.0,31.0,2.6459516490968378
14.0,22.0,1.5857081876396066
27.0,28.0,1.5041154054053216
14.0,16.0,0.7120940470553127
28.0,33.0,1.2496615319835183
48.0,66.0,2.4951085777719837
18.0,23.0,0.5381930786214322
3.0,3.0,4.4566808257576165
3.0,4.0,3.9229182245259127
10.0,11.0,3.454134298904434
9.0,9.0,0.7734414501110644
27.0,31.0,2.6459516490968378
19.0,22.0,1.5857081876396066
28.0,28.0,1.5041154054053216
14.0,16.0,0.7120940470553127
29.0,33.0,1.2496615319835183
57.0,66.0,2.4951085777719837
21.0,23.0,0.5381930786214322
2.0,4.0,6.47637952691203
0.0,7.0,2.6806394254427763
1.0,9.0,3.090791134277108
1.0,8.0,0.8628750755288956
0.0,9.0,1.2001066812347396
1.0,8.0,0.7201472736811593
7.0,52.0,4.384686209337117
0.0,6.0,0.13203583142498812
8.0,90.0,3.7928235685828025
5.0,45.0,1.1900440599710422
6.0,41.0,0.8214913698245532
2.0,4.0,6.47637952691203
1.0,7.0,2.6806394254427763
2.0,9.0,3.090791134277108
1.0,8.0,0.8628750755288956
1.0,9.0,1.2001066812347396
2.0,8.0,0.7201472736811593
13.0,52.0,4.384686209337117
1.0,6.0,0.13203583142498812
15.0,90.0,3.7928235685828025
8.0,45.0,1.1900440599710422
6.0,41.0,0.8214913698245532
2.0,4.0,6.47637952691203
3.0,7.0,2.6806394254427763
0.0,9.0,3.090791134277108
1.0,8.0,0.8628750755288956
6.0,9.0,1.2001066812347396
6.0,8.0,0.7201472736811593
9.0,52.0,4.384686209337117
1.0,6.0,0.13203583142498812
26.0,90.0,3.7928235685828025
16.0,45.0,1.1900440599710422
9.0,41.0,0.8214913698245532
1.0,4.0,6.47637952691203
5.0,7.0,2.6806394254427763
4.0,9.0,3.090791134277108
3.0,8.0,0.8628750755288956
6.0,9.0,1.2001066812347396
5.0,8.0,0.7201472736811593
22.0,52.0,4.384686209337117
3.0,6.0,0.13203583142498812
30.0,90.0,3.7928235685828025
15.0,45.0,1.1900440599710422
15.0,41.0,0.8214913698245532
1.0,4.0,6.47637952691203
4.0,7.0,2.6806394254427763
6.0,9.0,3.090791134277108
4.0,8.0,0.8628750755288956
5.0,9.0,1.2001066812347396
2.0,8.0,0.7201472736811593
24.0,52.0,4.384686209337117
1.0,6.0,0.13203583142498812
39.0,90.0,3.7928235685828025
22.0,45.0,1.1900440599710422
19.0,41.0,0.8214913698245532
4.0,4.0,6.47637952691203
4.0,7.0,2.6806394254427763
5.0,9.0,3.090791134277108
3.0,8.0,0.8628750755288956
5.0,9.0,1.2001066812347396
6.0,8.0,0.7201472736811593
29.0,52.0,4.384686209337117
4.0,6.0,0.13203583142498812
58.0,90.0,3.7928235685828025
35.0,45.0,1.1900440599710422
31.0,41.0,0.8214913698245532
3.0,4.0,6.47637952691203
4.0,7.0,2.6806394254427763
8.0,9.0,3.090791134277108
7.0,8.0,0.8628750755288956
8.0,9.0,1.2001066812347396
6.0,8.0,0.7201472736811593
37.0,52.0,4.384686209337117
4.0,6.0,0.13203583142498812
58.0,90.0,3.7928235685828025
29.0,45.0,1.1900440599710422
23.0,41.0,0.8214913698245532
3.0,4.0,6.47637952691203
4.0,7.0,2.6806394254427763
7.0,9.0,3.090791134277108
6.0,8.0,0.8628750755288956
8.0,9.0,1.2001066812347396
6.0,8.0,0.7201472736811593
44.0,52.0,4.384686209337117
5.0,6.0,0.13203583142498812
73.0,90.0,3.7928235685828025
37.0,45.0,1.1900440599710422
29.0,41.0,0.8214913698245532
4.0,4.0,6.47637952691203
5.0,7.0,2.6806394254427763
8.0,9.0,3.090791134277108
6.0,8.0,0.8628750755288956
9.0,9.0,1.2001066812347396
8.0,8.0,0.7201472736811593
49.0,52.0,4.384686209337117
5.0,6.0,0.13203583142498812
82.0,90.0,3.7928235685828025
40.0,45.0,1.1900440599710422
39.0,41.0,0.8214913698245532
1.0,5.0,7.187306494932637
1.0,3.0,1.5414995220381245
1.0,17.0,2.092358663597422
2.0,5.0,0.9535528468229332
3.0,18.0,1.7576017814985065
2.0,21.0,1.8950361929673103
3.0,8.0,0.7901237435435233
10.0,65.0,4.516190987143063
1.0,12.0,0.5277461013566305
3.0,24.0,0.8112594965536771
3.0,28.0,0.9657699154117385
2.0,5.0,7.187306494932637
1.0,3.0,1.5414995220381245
5.0,17.0,2.092358663597422
0.0,5.0,0.9535528468229332
3.0,18.0,1.7576017814985065
6.0,21.0,1.8950361929673103
0.0,8.0,0.7901237435435233
14.0,65.0,4.516190987143063
1.0,12.0,0.5277461013566305
7.0,24.0,0.8112594965536771
9.0,28.0,0.9657699154117385
2.0,5.0,7.187306494932637
1.0,3.0,1.5414995220381245
7.0,17.0,2.092358663597422
2.0,5.0,0.9535528468229332
2.0,18.0,1.7576017814985065
7.0,21.0,1.8950361929673103
2.0,8.0,0.7901237435435233
24.0,65.0,4.516190987143063
4.0,12.0,0.5277461013566305
10.0,24.0,0.8112594965536771
8.0,28.0,0.9657699154117385
4.0,5.0,7.187306494932637
2.0,3.0,1.5414995220381245
7.0,17.0,2.092358663597422
2.0,5.0,0.9535528468229332
5.0,18.0,1.7576017814985065
10.0,21.0,1.8950361929673103
3.0,8.0,0.7901237435435233
24.0,65.0,4.516190987143063
6.0,12.0,0.5277461013566305
13.0,24.0,0.8112594965536771
13.0,28.0,0.9657699154117385
4.0,5.0,7.187306494932637
3.0,3.0,1.5414995220381245
11.0,17.0,2.092358663597422
3.0,5.0,0.9535528468229332
7.0,18.0,1.7576017814985065
7.0,21.0,1.8950361929673103
2.0,8.0,0.7901237435435233
33.0,65.0,4.516190987143063
6.0,12.0,0.5277461013566305
11.0,24.0,0.8112594965536771
14.0,28.0,0.9657699154117385
3.0,5.0,7.187306494932637
3.0,3.0,1.5414995220381245
11.0,17.0,2.092358663597422
3.0,5.0,0.9535528468229332
9.0,18.0,1.7576017814985065
15.0,21.0,1.8950361929673103
3.0,8.0,0.7901237435435233
37.0,65.0,4.516190987143063
6.0,12.0,0.5277461013566305
14.0,24.0,0.8112594965536771
20.0,28.0,0.9657699154117385
3.0,5.0,7.187306494932637
3.0,3.0,1.5414995220381245
12.0,17.0,2.092358663597422
3.0,5.0,0.9535528468229332
13.0,18.0,1.7576017814985065
17.0,21.0,1.8950361929673103
6.0,8.0,0.7901237435435233
44.0,65.0,4.516190987143063
8.0,12.0,0.5277461013566305
18.0,24.0,0.8112594965536771
20.0,28.0,0.9657699154117385
4.0,5.0,7.187306494932637
3.0,3.0,1.5414995220381245
13.0,17.0,2.092358663597422
5.0,5.0,0.9535528468229332
15.0,18.0,1.7576017814985065
17.0,21.0,1.8950361929673103
7.0,8.0,0.7901237435435233
46.0,65.0,4.516190987143063
8.0,12.0,0.5277461013566305
19.0,24.0,0.8112594965536771
23.0,28.0,0.9657699154117385
4.0,5.0,7.187306494932637
3.0,3.0,1.5414995220381245
16.0,17.0,2.092358663597422
5.0,5.0,0.9535528468229332
16.0,18.0,1.7576017814985065
20.0,21.0,1.8950361929673103
5.0,8.0,0.7901237435435233
62.0,65.0,4.516190987143063
11.0,12.0,0.5277461013566305
22.0,24.0,0.8112594965536771
25.0,28.0,0.9657699154117385
1.0,6.0,8.691711312416256
2.0,12.0,3.5037118796897584
6.0,36.0,5.920726805056898
2.0,11.0,1.2114733237430362
0.0,14.0,0.7204652445908966
1.0,23.0,1.6900516316163732
2.0,15.0,0.8441606728742631
0.0,10.0,0.6824888574170949
4.0,45.0,2.143809788564757
9.0,54.0,2.097156385915634
2.0,22.0,0.5940835858775227
1.0,6.0,8.691711312416256
1.0,12.0,3.5037118796897584
6.0,36.0,5.920726805056898
1.0,11.0,1.2114733237430362
2.0,14.0,0.7204652445908966
5.0,23.0,1.6900516316163732
4.0,15.0,0.8441606728742631
1.0,10.0,0.6824888574170949
8.0,45.0,2.143809788564757
9.0,54.0,2.097156385915634
5.0,22.0,0.5940835858775227
3.0,6.0,8.691711312416256
3.0,12.0,3.5037118796897584
15.0,36.0,5.920726805056898
3.0,11.0,1.2114733237430362
4.0,14.0,0.7204652445908966
8.0,23.0,1.6900516316163732
3.0,15.0,0.8441606728742631
4.0,10.0,0.6824888574170949
8.0,45.0,2.143809788564757
15.0,54.0,2.097156385915634
10.0,22.0,0.5940835858775227
1.0,6.0,8.691711312416256
7.0,12.0,3.5037118796897584
14.0,36.0,5.920726805056898
5.0,11.0,1.2114733237430362
5.0,14.0,0.7204652445908966
9.0,23.0,1.6900516316163732
4.0,15.0,0.8441606728742631
3.0,10.0,0.6824888574170949
19.0,45.0,2.143809788564757
27.0,54.0,2.097156385915634
8.0,22.0,0.5940835858775227
2.0,6.0,8.691711312416256
7.0,12.0,3.5037118796897584
17.0,36.0,5.920726805056898
7.0,11.0,1.2114733237430362
9.0,14.0,0.7204652445908966
10.0,23.0,1.6900516316163732
7.0,15.0,0.8441606728742631
5.0,10.0,0.6824888574170949
25.0,45.0,2.143809788564757
23.0,54.0,2.097156385915634
12.0,22.0,0.5940835858775227
3.0,6.0,8.691711312416256
6.0,12.0,3.5037118796897584
26.0,36.0,5.920726805056898
9.0,11.0,1.2114733237430362
9.0,14.0,0.7204652445908966
14.0,23.0,1.6900516316163732
11.0,15.0,0.8441606728742631
6.0,10.0,0.6824888574170949
27.0,45.0,2.143809788564757
32.0,54.0,2.097156385915634
8.0,22.0,0.5940835858775227
4.0,6.0,8.691711312416256
7.0,12.0,3.5037118796897584
26.0,36.0,5.920726805056898
8.0,11.0,1.2114733237430362
14.0,14.0,0.7204652445908966
17.0,23.0,1.6900516316163732
10.0,15.0,0.8441606728742631
6.0,10.0,0.6824888574170949
32.0,45.0,2.143809788564757
32.0,54.0,2.097156385915634
16.0,22.0,0.5940835858775227
6.0,6.0,8.691711312416256
8.0,12.0,3.5037118796897584
31.0,36.0,5.920726805056898
7.0,11.0,1.2114733237430362
11.0,14.0,0.7204652445908966
19.0,23.0,1.6900516316163732
14.0,15.0,0.8441606728742631
10.0,10.0,0.6824888574170949
31.0,45.0,2.143809788564757
47.0,54.0,2.097156385915634
18.0,22.0,0.5940835858775227
6.0,6.0,8.691711312416256
9.0,12.0,3.5037118796897584
30.0,36.0,5.920726805056898
9.0,11.0,1.2114733237430362
11.0,14.0,0.7204652445908966
17.0,23.0,1.6900516316163732
14.0,15.0,0.8441606728742631
8.0,10.0,0.6824888574170949
36.0,45.0,2.143809788564757
47.0,54.0,2.097156385915634
21.0,22.0,0.5940835858775227
1.0,2.0,2.613964408097958
0.0,3.0,0.9908088417405398
2.0,11.0,5.164714507645453
2.0,27.0,5.402511183871635
3.0,14.0,0.8317624288709574
5.0,60.0,3.6593568575367614
0.0,8.0,0.2941885836388338
2.0,26.0,0.8745955205324387
1.0,11.0,0.39138007695094224
2.0,12.0,0.5446697740775636
2.0,25.0,1.5134894560928627
1.0,2.0,2.613964408097958
2.0,3.0,0.9908088417405398
2.0,11.0,5.164714507645453
8.0,27.0,5.402511183871635
5.0,14.0,0.8317624288709574
11.0,60.0,3.6593568575367614
0.0,8.0,0.2941885836388338
4.0,26.0,0.8745955205324387
3.0,11.0,0.39138007695094224
3.0,12.0,0.5446697740775636
7.0,25.0,1.5134894560928627
1.0,2.0,2.613964408097958
2.0,3.0,0.9908088417405398
4.0,11.0,5.164714507645453
6.0,27.0,5.402511183871635
7.0,14.0,0.8317624288709574
20.0,60.0,3.6593568575367614
2.0,8.0,0.2941885836388338
7.0,26.0,0.8745955205324387
3.0,11.0,0.39138007695094224
3.0,12.0,0.5446697740775636
7.0,25.0,1.5134894560928627
1.0,2.0,2.613964408097958
3.0,3.0,0.9908088417405398
3.0,11.0,5.164714507645453
13.0,27.0,5.402511183871635
6.0,14.0,0.8317624288709574
30.0,60.0,3.6593568575367614
4.0,8.0,0.2941885836388338
9.0,26.0,0.8745955205324387
4.0,11.0,0.39138007695094224
5.0,12.0,0.5446697740775636
11.0,25.0,1.5134894560928627
2.0,2.0,2.613964408097958
1.0,3.0,0.9908088417405398
4.0,11.0,5.164714507645453
17.0,27.0,5.402511183871635
7.0,14.0,0.8317624288709574
30.0,60.0,3.6593568575367614
7.0,8.0,0.2941885836388338
12.0,26.0,0.8745955205324387
6.0,11.0,0.39138007695094224
1.0,12.0,0.5446697740775636
16.0,25.0,1.5134894560928627
1.0,2.0,2.613964408097958
2.0,3.0,0.9908088417405398
8.0,11.0,5.164714507645453
17.0,27.0,5.402511183871635
10.0,14.0,0.8317624288709574
31.0,60.0,3.6593568575367614
6.0,8.0,0.2941885836388338
14.0,26.0,0.8745955205324387
9.0,11.0,0.39138007695094224
5.0,12.0,0.5446697740775636
17.0,25.0,1.5134894560928627
1.0,2.0,2.613964408097958
3.0,3.0,0.9908088417405398
9.0,11.0,5.164714507645453
24.0,27.0,5.402511183871635
6.0,14.0,0.8317624288709574
41.0,60.0,3.6593568575367614
5.0,8.0,0.2941885836388338
16.0,26.0,0.8745955205324387
7.0,11.0,0.39138007695094224
9.0,12.0,0.5446697740775636
17.0,25.0,1.5134894560928627
1.0,2.0,2.613964408097958
3.0,3.0,0.9908088417405398
9.0,11.0,5.164714507645453
21.0,27.0,5.402511183871635
10.0,14.0,0.8317624288709574
45.0,60.0,3.6593568575367614
8.0,8.0,0.2941885836388338
23.0,26.0,0.8745955205324387
10.0,11.0,0.39138007695094224
10.0,12.0,0.5446697740775636
17.0,25.0,1.5134894560928627
2.0,2.0,2.613964408097958
3.0,3.0,0.9908088417405398
9.0,11.0,5.164714507645453
26.0,27.0,5.402511183871635
13.0,14.0,0.8317624288709574
57.0,60.0,3.6593568575367614
7.0,8.0,0.2941885836388338
25.0,26.0,0.8745955205324387
9.0,11.0,0.39138007695094224
10.0,12.0,0.5446697740775636
22.0,25.0,1.5134894560928627
1.0,1.0,2.4800886375536755
0.0,7.0,7.736221550200315
1.0,8.0,0.8029055235887108
2.0,27.0,4.5488413067280975
2.0,29.0,2.333948870293233
1.0,3.0,0.13994274632213594
2.0,51.0,2.4398936936071682
4.0,38.0,1.8742755209798507
5.0,42.0,1.2540772293870073
11.0,108.0,2.9288864195909015
2.0,39.0,0.7278484088241226
1.0,1.0,2.4800886375536755
0.0,7.0,7.736221550200315
1.0,8.0,0.8029055235887108
5.0,27.0,4.5488413067280975
7.0,29.0,2.333948870293233
1.0,3.0,0.13994274632213594
13.0,51.0,2.4398936936071682
4.0,38.0,1.8742755209798507
6.0,42.0,1.2540772293870073
17.0,108.0,2.9288864195909015
7.0,39.0,0.7278484088241226
1.0,1.0,2.4800886375536755
5.0,7.0,7.736221550200315
1.0,8.0,0.8029055235887108
13.0,27.0,4.5488413067280975
13.0,29.0,2.333948870293233
0.0,3.0,0.13994274632213594
11.0,51.0,2.4398936936071682
15.0,38.0,1.8742755209798507
18.0,42.0,1.2540772293870073
31.0,108.0,2.9288864195909015
11.0,39.0,0.7278484088241226
1.0,1.0,2.4800886375536755
3.0,7.0,7.736221550200315
4.0,8.0,0.8029055235887108
11.0,27.0,4.5488413067280975
13.0,29.0,2.333948870293233
1.0,3.0,0.13994274632213594
21.0,51.0,2.4398936936071682
19.0,38.0,1.8742755209798507
17.0,42.0,1.2540772293870073
36.0,108.0,2.9288864195909015
10.0,39.0,0.7278484088241226
1.0,1.0,2.4800886375536755
4.0,7.0,7.736221550200315
5.0,8.0,0.8029055235887108
14.0,27.0,4.5488413067280975
17.0,29.0,2.333948870293233
0.0,3.0,0.13994274632213594
26.0,51.0,2.4398936936071682
17.0,38.0,1.8742755209798507
27.0,42.0,1.2540772293870073
54.0,108.0,2.9288864195909015
20.0,39.0,0.7278484088241226
1.0,1.0,2.4800886375536755
4.0,7.0,7.736221550200315
6.0,8.0,0.8029055235887108
18.0,27.0,4.5488413067280975
18.0,29.0,2.333948870293233
1.0,3.0,0.13994274632213594
36.0,51.0,2.4398936936071682
25.0,38.0,1.8742755209798507
31.0,42.0,1.2540772293870073
67.0,108.0,2.9288864195909015
22.0,39.0,0.7278484088241226
1.0,1.0,2.4800886375536755
6.0,7.0,7.736221550200315
6.0,8.0,0.8029055235887108
17.0,27.0,4.5488413067280975
18.0,29.0,2.333948870293233
2.0,3.0,0.13994274632213594
37.0,51.0,2.4398936936071682
24.0,38.0,1.8742755209798507
21.0,42.0,1.2540772293870073
76.0,108.0,2.9288864195909015
33.0,39.0,0.7278484088241226
1.0,1.0,2.4800886375536755
5.0,7.0,7.736221550200315
5.0,8.0,0.8029055235887108
24.0,27.0,4.5488413067280975
19.0,29.0,2.333948870293233
3.0,3.0,0.13994274632213594
44.0,51.0,2.4398936936071682
33.0,38.0,1.8742755209798507
35.0,42.0,1.2540772293870073
94.0,108.0,2.9288864195909015
34.0,39.0,0.7278484088241226
1.0,1.0,2.4800886375536755
5.0,7.0,7.736221550200315
5.0,8.0,0.8029055235887108
23.0,27.0,4.5488413067280975
28.0,29.0,2.333948870293233
2.0,3.0,0.13994274632213594
47.0,51.0,2.4398936936071682
35.0,38.0,1.8742755209798507
37.0,42.0,1.2540772293870073
94.0,108.0,2.9288864195909015
34.0,39.0,0.7278484088241226
1.0,3.0,4.973205971385027
0.0,6.0,2.5767068947469167
1.0,12.0,3.569621575494421
0.0,9.0,1.5861536606148086
0.0,3.0,0.4123384632418922
2.0,8.0,0.6258396047039873
2.0,13.0,1.2662621922394943
2.0,33.0,3.9281917945190306
3.0,27.0,1.940364988016331
8.0,92.0,3.5479856153320974
1.0,6.0,0.068757168317059
1.0,3.0,4.973205971385027
1.0,6.0,2.5767068947469167
2.0,12.0,3.569621575494421
3.0,9.0,1.5861536606148086
2.0,3.0,0.4123384632418922
2.0,8.0,0.6258396047039873
2.0,13.0,1.2662621922394943
8.0,33.0,3.9281917945190306
4.0,27.0,1.940364988016331
12.0,92.0,3.5479856153320974
2.0,6.0,0.068757168317059
1.0,3.0,4.973205971385027
1.0,6.0,2.5767068947469167
3.0,12.0,3.569621575494421
3.0,9.0,1.5861536606148086
3.0,3.0,0.4123384632418922
0.0,8.0,0.6258396047039873
4.0,13.0,1.2662621922394943
8.0,33.0,3.9281917945190306
11.0,27.0,1.940364988016331
22.0,92.0,3.5479856153320974
2.0,6.0,0.068757168317059
1.0,3.0,4.973205971385027
4.0,6.0,2.5767068947469167
3.0,12.0,3.569621575494421
3.0,9.0,1.5861536606148086
1.0,3.0,0.4123384632418922
3.0,8.0,0.6258396047039873
5.0,13.0,1.2662621922394943
14.0,33.0,3.9281917945190306
12.0,27.0,1.940364988016331
38.0,92.0,3.5479856153320974
2.0,6.0,0.068757168317059
1.0,3.0,4.973205971385027
2.0,6.0,2.5767068947469167
7.0,12.0,3.569621575494421
4.0,9.0,1.5861536606148086
1.0,3.0,0.4123384632418922
4.0,8.0,0.6258396047039873
6.0,13.0,1.2662621922394943
14.0,33.0,3.9281917945190306
15.0,27.0,1.940364988016331
41.0,92.0,3.5479856153320974
2.0,6.0,0.068757168317059
2.0,3.0,4.973205971385027
4.0,6.0,2.5767068947469167
8.0,12.0,3.569621575494421
5.0,9.0,1.5861536606148086
3.0,3.0,0.4123384632418922
4.0,8.0,0.6258396047039873
9.0,13.0,1.2662621922394943
16.0,33.0,3.9281917945190306
15.0,27.0,1.940364988016331
56.0,92.0,3.5479856153320974
5.0,6.0,0.068757168317059
3.0,3.0,4.973205971385027
3.0,6.0,2.5767068947469167
9.0,12.0,3.569621575494421
7.0,9.0,1.5861536606148086
2.0,3.0,0.4123384632418922
7.0,8.0,0.6258396047039873
10.0,13.0,1.2662621922394943
26.0,33.0,3.9281917945190306
18.0,27.0,1.940364988016331
66.0,92.0,3.5479856153320974
4.0,6.0,0.068757168317059
2.0,3.0,4.973205971385027
5.0,6.0,2.5767068947469167
7.0,12.0,3.569621575494421
7.0,9.0,1.5861536606148086
3.0,3.0,0.4123384632418922
8.0,8.0,0.6258396047039873
11.0,13.0,1.2662621922394943
25.0,33.0,3.9281917945190306
20.0,27.0,1.940364988016331
76.0,92.0,3.5479856153320974
5.0,6.0,0.068757168317059
2.0,3.0,4.973205971385027
5.0,6.0,2.5767068947469167
10.0,12.0,3.569621575494421
9.0,9.0,1.5861536606148086
3.0,3.0,0.4123384632418922
7.0,8.0,0.6258396047039873
13.0,13.0,1.2662621922394943
27.0,33.0,3.9281917945190306
26.0,27.0,1.940364988016331
81.0,92.0,3.5479856153320974
6.0,6.0,0.068757168317059
1.0,3.0,6.712464002869201
1.0,26.0,8.7886025163086
2.0,25.0,3.2166624522814207
2.0,13.0,0.8582618419634556
3.0,18.0,0.7686400090358128
3.0,51.0,2.244341016864541
1.0,17.0,0.577654652561409
5.0,35.0,1.3237593097166487
3.0,55.0,2.0512669795353022
0.0,15.0,0.5689506590954498
7.0,44.0,1.2596542588666575
1.0,3.0,6.712464002869201
4.0,26.0,8.7886025163086
8.0,25.0,3.2166624522814207
1.0,13.0,0.8582618419634556
1.0,18.0,0.7686400090358128
10.0,51.0,2.244341016864541
6.0,17.0,0.577654652561409
4.0,35.0,1.3237593097166487
11.0,55.0,2.0512669795353022
2.0,15.0,0.5689506590954498
5.0,44.0,1.2596542588666575
1.0,3.0,6.712464002869201
9.0,26.0,8.7886025163086
9.0,25.0,3.2166624522814207
7.0,13.0,0.8582618419634556
6.0,18.0,0.7686400090358128
15.0,51.0,2.244341016864541
4.0,17.0,0.577654652561409
9.0,35.0,1.3237593097166487
21.0,55.0,2.0512669795353022
2.0,15.0,0.5689506590954498
12.0,44.0,1.2596542588666575
2.0,3.0,6.712464002869201
10.0,26.0,8.7886025163086
8.0,25.0,3.2166624522814207
6.0,13.0,0.8582618419634556
11.0,18.0,0.7686400090358128
17.0,51.0,2.244341016864541
7.0,17.0,0.577654652561409
18.0,35.0,1.3237593097166487
18.0,55.0,2.0512669795353022
8.0,15.0,0.5689506590954498
21.0,44.0,1.2596542588666575
1.0,3.0,6.712464002869201
14.0,26.0,8.7886025163086
13.0,25.0,3.2166624522814207
8.0,13.0,0.8582618419634556
9.0,18.0,0.7686400090358128
25.0,51.0,2.244341016864541
11.0,17.0,0.577654652561409
16.0,35.0,1.3237593097166487
25.0,55.0,2.0512669795353022
11.0,15.0,0.5689506590954498
25.0,44.0,1.2596542588666575
2.0,3.0,6.712464002869201
13.0,26.0,8.7886025163086
14.0,25.0,3.2166624522814207
9.0,13.0,0.8582618419634556
11.0,18.0,0.7686400090358128
30.0,51.0,2.244341016864541
10.0,17.0,0.577654652561409
18.0,35.0,1.3237593097166487
37.0,55.0,2.0512669795353022
10.0,15.0,0.5689506590954498
24.0,44.0,1.2596542588666575
1.0,3.0,6.712464002869201
19.0,26.0,8.7886025163086
15.0,25.0,3.2166624522814207
10.0,13.0,0.8582618419634556
10.0,18.0,0.7686400090358128
38.0,51.0,2.244341016864541
12.0,17.0,0.577654652561409
24.0,35.0,1.3237593097166487
39.0,55.0,2.0512669795353022
9.0,15.0,0.5689506590954498
27.0,44.0,1.2596542588666575
3.0,3.0,6.712464002869201
21.0,26.0,8.7886025163086
19.0,25.0,3.2166624522814207
12.0,13.0,0.8582618419634556
14.0,18.0,0.7686400090358128
38.0,51.0,2.244341016864541
11.0,17.0,0.577654652561409
29.0,35.0,1.3237593097166487
37.0,55.0,2.0512669795353022
11.0,15.0,0.5689506590954498
35.0,44.0,1.2596542588666575
2.0,3.0,6.712464002869201
24.0,26.0,8.7886025163086
21.0,25.0,3.2166624522814207
13.0,13.0,0.8582618419634556
16.0,18.0,0.7686400090358128
47.0,51.0,2.244341016864541
16.0,17.0,0.577654652561409
32.0,35.0,1.3237593097166487
46.0,55.0,2.0512669795353022
15.0,15.0,0.5689506590954498
39.0,44.0,1.2596542588666575
1.0,2.0,2.368628349857426
1.0,2.0,1.1956282017307311
2.0,6.0,2.4816956066574414
4.0,26.0,6.125187396540496
3.0,16.0,1.0927682010148423
2.0,15.0,1.020556722807859
5.0,51.0,2.484968628678502
1.0,35.0,1.5386474422386431
3.0,48.0,1.5382434633412527
3.0,66.0,1.476150352251753
2.0,21.0,0.35379816322971797
1.0,2.0,2.368628349857426
1.0,2.0,1.1956282017307311
1.0,6.0,2.4816956066574414
9.0,26.0,6.125187396540496
4.0,16.0,1.0927682010148423
2.0,15.0,1.020556722807859
13.0,51.0,2.484968628678502
4.0,35.0,1.5386474422386431
7.0,48.0,1.5382434633412527
11.0,66.0,1.476150352251753
5.0,21.0,0.35379816322971797
1.0,2.0,2.368628349857426
0.0,2.0,1.1956282017307311
2.0,6.0,2.4816956066574414
4.0,26.0,6.125187396540496
4.0,16.0,1.0927682010148423
7.0,15.0,1.020556722807859
13.0,51.0,2.484968628678502
13.0,35.0,1.5386474422386431
14.0,48.0,1.5382434633412527
19.0,66.0,1.476150352251753
2.0,21.0,0.35379816322971797
1.0,2.0,2.368628349857426
1.0,2.0,1.1956282017307311
2.0,6.0,2.4816956066574414
10.0,26.0,6.125187396540496
7.0,16.0,1.0927682010148423
9.0,15.0,1.020556722807859
25.0,51.0,2.484968628678502
9.0,35.0,1.5386474422386431
15.0,48.0,1.5382434633412527
20.0,66.0,1.476150352251753
10.0,21.0,0.35379816322971797
1.0,2.0,2.368628349857426
0.0,2.0,1.1956282017307311
3.0,6.0,2.4816956066574414
16.0,26.0,6.125187396540496
9.0,16.0,1.0927682010148423
6.0,15.0,1.020556722807859
28.0,51.0,2.484968628678502
17.0,35.0,1.5386474422386431
23.0,48.0,1.5382434633412527
33.0,66.0,1.476150352251753
4.0,21.0,0.35379816322971797
1.0,2.0,2.368628349857426
1.0,2.0,1.1956282017307311
4.0,6.0,2.4816956066574414
15.0,26.0,6.125187396540496
8.0,16.0,1.0927682010148423
11.0,15.0,1.020556722807859
33.0,51.0,2.484968628678502
22.0,35.0,1.5386474422386431
26.0,48.0,1.5382434633412527
40.0,66.0,1.476150352251753
16.0,21.0,0.35379816322971797
2.0,2.0,2.368628349857426
1.0,2.0,1.1956282017307311
3.0,6.0,2.4816956066574414
19.0,26.0,6.125187396540496
13.0,16.0,1.0927682010148423
10.0,15.0,1.020556722807859
36.0,51.0,2.484968628678502
28.0,35.0,1.5386474422386431
36.0,48.0,1.5382434633412527
51.0,66.0,1.476150352251753
15.0,21.0,0.35379816322971797
1.0,2.0,2.368628349857426
2.0,2.0,1.1956282017307311
4.0,6.0,2.4816956066574414
22.0,26.0,6.125187396540496
9.0,16.0,1.0927682010148423
11.0,15.0,1.020556722807859
38.0,51.0,2.484968628678502
29.0,35.0,1.5386474422386431
40.0,48.0,1.5382434633412527
54.0,66.0,1.476150352251753
19.0,21.0,0.35379816322971797
2.0,2.0,2.368628349857426
2.0,2.0,1.1956282017307311
6.0,6.0,2.4816956066574414
25.0,26.0,6.125187396540496
14.0,16.0,1.0927682010148423
14.0,15.0,1.020556722807859
46.0,51.0,2.484968628678502
30.0,35.0,1.5386474422386431
39.0,48.0,1.5382434633412527
61.0,66.0,1.476150352251753
20.0,21.0,0.35379816322971797
1.0,4.0,7.860070682382641
1.0,5.0,3.6897498004082316
1.0,3.0,0.7265178578082968
0.0,3.0,1.4574043024211445
2.0,11.0,1.929447137586343
4.0,47.0,7.853116563546923
3.0,29.0,0.9191230670563998
3.0,28.0,1.0685057090530532
5.0,33.0,1.2711920808916497
7.0,71.0,1.830784976871186
5.0,34.0,0.8954778696887561
1.0,4.0,7.860070682382641
0.0,5.0,3.6897498004082316
1.0,3.0,0.7265178578082968
1.0,3.0,1.4574043024211445
1.0,11.0,1.929447137586343
8.0,47.0,7.853116563546923
5.0,29.0,0.9191230670563998
8.0,28.0,1.0685057090530532
7.0,33.0,1.2711920808916497
7.0,71.0,1.830784976871186
8.0,34.0,0.8954778696887561
1.0,4.0,7.860070682382641
2.0,5.0,3.6897498004082316
2.0,3.0,0.7265178578082968
1.0,3.0,1.4574043024211445
3.0,11.0,1.929447137586343
13.0,47.0,7.853116563546923
7.0,29.0,0.9191230670563998
9.0,28.0,1.0685057090530532
6.0,33.0,1.2711920808916497
18.0,71.0,1.830784976871186
11.0,34.0,0.8954778696887561
3.0,4.0,7.860070682382641
2.0,5.0,3.6897498004082316
1.0,3.0,0.7265178578082968
1.0,3.0,1.4574043024211445
3.0,11.0,1.929447137586343
17.0,47.0,7.853116563546923
7.0,29.0,0.9191230670563998
12.0,28.0,1.0685057090530532
17.0,33.0,1.2711920808916497
28.0,71.0,1.830784976871186
13.0,34.0,0.8954778696887561
3.0,4.0,7.860070682382641
3.0,5.0,3.6897498004082316
1.0,3.0,0.7265178578082968
1.0,3.0,1.4574043024211445
5.0,11.0,1.929447137586343
23.0,47.0,7.853116563546923
18.0,29.0,0.9191230670563998
16.0,28.0,1.0685057090530532
15.0,33.0,1.2711920808916497
28.0,71.0,1.830784976871186
20.0,34.0,0.8954778696887561
1.0,4.0,7.860070682382641
3.0,5.0,3.6897498004082316
1.0,3.0,0.7265178578082968
1.0,3.0,1.4574043024211445
5.0,11.0,1.929447137586343
27.0,47.0,7.853116563546923
17.0,29.0,0.9191230670563998
20.0,28.0,1.0685057090530532
19.0,33.0,1.2711920808916497
43.0,71.0,1.830784976871186
18.0,34.0,0.8954778696887561
3.0,4.0,7.860070682382641
5.0,5.0,3.6897498004082316
3.0,3.0,0.7265178578082968
3.0,3.0,1.4574043024211445
6.0,11.0,1.929447137586343
32.0,47.0,7.853116563546923
16.0,29.0,0.9191230670563998
18.0,28.0,1.0685057090530532
23.0,33.0,1.2711920808916497
50.0,71.0,1.830784976871186
24.0,34.0,0.8954778696887561
3.0,4.0,7.860070682382641
4.0,5.0,3.6897498004082316
3.0,3.0,0.7265178578082968
3.0,3.0,1.4574043024211445
9.0,11.0,1.929447137586343
31.0,47.0,7.853116563546923
25.0,29.0,0.9191230670563998
25.0,28.0,1.0685057090530532
28.0,33.0,1.2711920808916497
55.0,71.0,1.830784976871186
26.0,34.0,0.8954778696887561
4.0,4.0,7.860070682382641
4.0,5.0,3.6897498004082316
2.0,3.0,0.7265178578082968
3.0,3.0,1.4574043024211445
9.0,11.0,1.929447137586343
42.0,47.0,7.853116563546923
26.0,29.0,0.9191230670563998
26.0,28.0,1.0685057090530532
26.0,33.0,1.2711920808916497
65.0,71.0,1.830784976871186
31.0,34.0,0.8954778696887561
1.0,3.0,2.034094411023065
1.0,9.0,4.250530683183012
4.0,7.0,1.4240324746188917
1.0,9.0,1.7879944809676696
1.0,7.0,0.9271420319424787
2.0,8.0,1.5255852618568693
1.0,6.0,1.1000566048782485
2.0,5.0,0.7820173309662435
1.0,11.0,2.016523997648168
2.0,20.0,2.3573346787402354
4.0,43.0,2.309406194116743
1.0,3.0,2.034094411023065
2.0,9.0,4.250530683183012
2.0,7.0,1.4240324746188917
2.0,9.0,1.7879944809676696
0.0,7.0,0.9271420319424787
3.0,8.0,1.5255852618568693
2.0,6.0,1.1000566048782485
1.0,5.0,0.7820173309662435
2.0,11.0,2.016523997648168
1.0,20.0,2.3573346787402354
11.0,43.0,2.309406194116743
1.0,3.0,2.034094411023065
2.0,9.0,4.250530683183012
1.0,7.0,1.4240324746188917
3.0,9.0,1.7879944809676696
2.0,7.0,0.9271420319424787
0.0,8.0,1.5255852618568693
2.0,6.0,1.1000566048782485
2.0,5.0,0.7820173309662435
5.0,11.0,2.016523997648168
8.0,20.0,2.3573346787402354
13.0,43.0,2.309406194116743
2.0,3.0,2.034094411023065
5.0,9.0,4.250530683183012
4.0,7.0,1.4240324746188917
2.0,9.0,1.7879944809676696
4.0,7.0,0.9271420319424787
3.0,8.0,1.5255852618568693
3.0,6.0,1.1000566048782485
2.0,5.0,0.7820173309662435
3.0,11.0,2.016523997648168
6.0,20.0,2.3573346787402354
12.0,43.0,2.309406194116743
3.0,3.0,2.034094411023065
7.0,9.0,4.250530683183012
1.0,7.0,1.4240324746188917
4.0,9.0,1.7879944809676696
2.0,7.0,0.9271420319424787
4.0,8.0,1.5255852618568693
5.0,6.0,1.1000566048782485
2.0,5.0,0.7820173309662435
6.0,11.0,2.016523997648168
14.0,20.0,2.3573346787402354
21.0,43.0,2.309406194116743
1.0,3.0,2.034094411023065
4.0,9.0,4.250530683183012
5.0,7.0,1.4240324746188917
7.0,9.0,1.7879944809676696
4.0,7.0,0.9271420319424787
6.0,8.0,1.5255852618568693
1.0,6.0,1.1000566048782485
1.0,5.0,0.7820173309662435
5.0,11.0,2.016523997648168
11.0,20.0,2.3573346787402354
30.0,43.0,2.309406194116743
3.0,3.0,2.034094411023065
5.0,9.0,4.250530683183012
6.0,7.0,1.4240324746188917
8.0,9.0,1.7879944809676696
5.0,7.0,0.9271420319424787
5.0,8.0,1.5255852618568693
3.0,6.0,1.1000566048782485
4.0,5.0,0.7820173309662435
7.0,11.0,2.016523997648168
14.0,20.0,2.3573346787402354
33.0,43.0,2.309406194116743
2.0,3.0,2.034094411023065
7.0,9.0,4.250530683183012
7.0,7.0,1.4240324746188917
8.0,9.0,1.7879944809676696
6.0,7.0,0.9271420319424787
4.0,8.0,1.5255852618568693
5.0,6.0,1.1000566048782485
2.0,5.0,0.7820173309662435
9.0,11.0,2.016523997648168
11.0,20.0,2.3573346787402354
35.0,43.0,2.309406194116743
3.0,3.0,2.034094411023065
9.0,9.0,4.250530683183012
6.0,7.0,1.4240324746188917
8.0,9.0,1.7879944809676696
6.0,7.0,0.9271420319424787
7.0,8.0,1.5255852618568693
6.0,6.0,1.1000566048782485
4.0,5.0,0.7820173309662435
11.0,11.0,2.016523997648168
19.0,20.0,2.3573346787402354
41.0,43.0,2.309406194116743
3.0,6.0,1.3138027268684327
1.0,9.0,3.7025155388293207
0.0,7.0,0.6823527919265463
4.0,27.0,3.8891863871334977
5.0,44.0,3.7152398540003833
5.0,39.0,1.2622063974842994
3.0,29.0,0.8173350754000541
1.0,18.0,0.7498120694699465
1.0,11.0,0.3958438111218125
1.0,4.0,0.3887523529451925
4.0,34.0,2.758894427630029
1.0,6.0,1.3138027268684327
2.0,9.0,3.7025155388293207
0.0,7.0,0.6823527919265463
4.0,27.0,3.8891863871334977
11.0,44.0,3.7152398540003833
5.0,39.0,1.2622063974842994
3.0,29.0,0.8173350754000541
6.0,18.0,0.7498120694699465
5.0,11.0,0.3958438111218125
2.0,4.0,0.3887523529451925
8.0,34.0,2.758894427630029
1.0,6.0,1.3138027268684327
2.0,9.0,3.7025155388293207
1.0,7.0,0.6823527919265463
8.0,27.0,3.8891863871334977
11.0,44.0,3.7152398540003833
16.0,39.0,1.2622063974842994
7.0,29.0,0.8173350754000541
8.0,18.0,0.7498120694699465
3.0,11.0,0.3958438111218125
1.0,4.0,0.3887523529451925
11.0,34.0,2.758894427630029
3.0,6.0,1.3138027268684327
5.0,9.0,3.7025155388293207
4.0,7.0,0.6823527919265463
12.0,27.0,3.8891863871334977
23.0,44.0,3.7152398540003833
20.0,39.0,1.2622063974842994
11.0,29.0,0.8173350754000541
4.0,18.0,0.7498120694699465
5.0,11.0,0.3958438111218125
1.0,4.0,0.3887523529451925
14.0,34.0,2.758894427630029
3.0,6.0,1.3138027268684327
6.0,9.0,3.7025155388293207
3.0,7.0,0.6823527919265463
14.0,27.0,3.8891863871334977
23.0,44.0,3.7152398540003833
20.0,39.0,1.2622063974842994
13.0,29.0,0.8173350754000541
11.0,18.0,0.7498120694699465
8.0,11.0,0.3958438111218125
1.0,4.0,0.3887523529451925
15.0,34.0,2.758894427630029
5.0,6.0,1.3138027268684327
5.0,9.0,3.7025155388293207
7.0,7.0,0.6823527919265463
19.0,27.0,3.8891863871334977
26.0,44.0,3.7152398540003833
20.0,39.0,1.2622063974842994
15.0,29.0,0.8173350754000541
8.0,18.0,0.7498120694699465
7.0,11.0,0.3958438111218125
2.0,4.0,0.3887523529451925
19.0,34.0,2.758894427630029
3.0,6.0,1.3138027268684327
7.0,9.0,3.7025155388293207
6.0,7.0,0.6823527919265463
20.0,27.0,3.8891863871334977
30.0,44.0,3.7152398540003833
29.0,39.0,1.2622063974842994
23.0,29.0,0.8173350754000541
13.0,18.0,0.7498120694699465
8.0,11.0,0.3958438111218125
2.0,4.0,0.3887523529451925
23.0,34.0,2.758894427630029
6.0,6.0,1.3138027268684327
8.0,9.0,3.7025155388293207
4.0,7.0,0.6823527919265463
21.0,27.0,3.8891863871334977
35.0,44.0,3.7152398540003833
32.0,39.0,1.2622063974842994
23.0,29.0,0.8173350754000541
16.0,18.0,0.7498120694699465
9.0,11.0,0.3958438111218125
4.0,4.0,0.3887523529451925
27.0,34.0,2.758894427630029
4.0,6.0,1.3138027268684327
8.0,9.0,3.7025155388293207
6.0,7.0,0.6823527919265463
23.0,27.0,3.8891863871334977
41.0,44.0,3.7152398540003833
35.0,39.0,1.2622063974842994
28.0,29.0,0.8173350754000541
16.0,18.0,0.7498120694699465
11.0,11.0,0.3958438111218125
4.0,4.0,0.3887523529451925
28.0,34.0,2.758894427630029
1.0,5.0,4.61215953297365
1.0,3.0,0.8269953197899497
1.0,12.0,3.5460323373999456
0.0,14.0,1.5889423521170536
2.0,26.0,1.9657502842028043
2.0,8.0,0.41078679491201875
3.0,18.0,1.4320797895095114
3.0,47.0,2.8644306439337988
2.0,50.0,1.7426305780403328
3.0,45.0,1.561461431336718
3.0,46.0,0.951780981683676
2.0,5.0,4.61215953297365
0.0,3.0,0.8269953197899497
5.0,12.0,3.5460323373999456
4.0,14.0,1.5889423521170536
3.0,26.0,1.9657502842028043
4.0,8.0,0.41078679491201875
3.0,18.0,1.4320797895095114
13.0,47.0,2.8644306439337988
10.0,50.0,1.7426305780403328
6.0,45.0,1.561461431336718
8.0,46.0,0.951780981683676
3.0,5.0,4.61215953297365
2.0,3.0,0.8269953197899497
5.0,12.0,3.5460323373999456
3.0,14.0,1.5889423521170536
11.0,26.0,1.9657502842028043
4.0,8.0,0.41078679491201875
7.0,18.0,1.4320797895095114
11.0,47.0,2.8644306439337988
11.0,50.0,1.7426305780403328
14.0,45.0,1.561461431336718
12.0,46.0,0.951780981683676
2.0,5.0,4.61215953297365
1.0,3.0,0.8269953197899497
5.0,12.0,3.5460323373999456
7.0,14.0,1.5889423521170536
11.0,26.0,1.9657502842028043
2.0,8.0,0.41078679491201875
5.0,18.0,1.4320797895095114
25.0,47.0,2.8644306439337988
22.0,50.0,1.7426305780403328
19.0,45.0,1.561461431336718
20.0,46.0,0.951780981683676
3.0,5.0,4.61215953297365
2.0,3.0,0.8269953197899497
7.0,12.0,3.5460323373999456
8.0,14.0,1.5889423521170536
16.0,26.0,1.9657502842028043
6.0,8.0,0.41078679491201875
5.0,18.0,1.4320797895095114
25.0,47.0,2.8644306439337988
28.0,50.0,1.7426305780403328
18.0,45.0,1.561461431336718
26.0,46.0,0.951780981683676
3.0,5.0,4.61215953297365
3.0,3.0,0.8269953197899497
6.0,12.0,3.5460323373999456
9.0,14.0,1.5889423521170536
14.0,26.0,1.9657502842028043
2.0,8.0,0.41078679491201875
15.0,18.0,1.4320797895095114
31.0,47.0,2.8644306439337988
32.0,50.0,1.7426305780403328
27.0,45.0,1.561461431336718
29.0,46.0,0.951780981683676
3.0,5.0,4.61215953297365
2.0,3.0,0.8269953197899497
12.0,12.0,3.5460323373999456
6.0,14.0,1.5889423521170536
16.0,26.0,1.9657502842028043
3.0,8.0,0.41078679491201875
12.0,18.0,1.4320797895095114
29.0,47.0,2.8644306439337988
35.0,50.0,1.7426305780403328
40.0,45.0,1.561461431336718
36.0,46.0,0.951780981683676
2.0,5.0,4.61215953297365
2.0,3.0,0.8269953197899497
10.0,12.0,3.5460323373999456
8.0,14.0,1.5889423521170536
24.0,26.0,1.9657502842028043
8.0,8.0,0.41078679491201875
12.0,18.0,1.4320797895095114
36.0,47.0,2.8644306439337988
39.0,50.0,1.7426305780403328
41.0,45.0,1.561461431336718
36.0,46.0,0.951780981683676
4.0,5.0,4.61215953297365
3.0,3.0,0.8269953197899497
11.0,12.0,3.5460323373999456
14.0,14.0,1.5889423521170536
24.0,26.0,1.9657502842028043
7.0,8.0,0.41078679491201875
16.0,18.0,1.4320797895095114
42.0,47.0,2.8644306439337988
42.0,50.0,1.7426305780403328
39.0,45.0,1.561461431336718
42.0,46.0,0.951780981683676
1.0,4.0,4.799684666043949
1.0,9.0,4.407201041704629
2.0,13.0,2.37959704835124
0.0,2.0,0.2900824573053909
1.0,13.0,1.6106067853243493
1.0,10.0,0.8335271980929595
2.0,14.0,1.306161917752115
1.0,7.0,0.5216689212362429
1.0,12.0,1.1813930085835547
1.0,8.0,0.5830883136128004
2.0,8.0,0.9795612879637484
1.0,4.0,4.799684666043949
1.0,9.0,4.407201041704629
1.0,13.0,2.37959704835124
0.0,2.0,0.2900824573053909
2.0,13.0,1.6106067853243493
1.0,10.0,0.8335271980929595
4.0,14.0,1.306161917752115
3.0,7.0,0.5216689212362429
1.0,12.0,1.1813930085835547
1.0,8.0,0.5830883136128004
2.0,8.0,0.9795612879637484
3.0,4.0,4.799684666043949
3.0,9.0,4.407201041704629
3.0,13.0,2.37959704835124
0.0,2.0,0.2900824573053909
4.0,13.0,1.6106067853243493
4.0,10.0,0.8335271980929595
2.0,14.0,1.306161917752115
2.0,7.0,0.5216689212362429
1.0,12.0,1.1813930085835547
2.0,8.0,0.5830883136128004
3.0,8.0,0.9795612879637484
1.0,4.0,4.799684666043949
1.0,9.0,4.407201041704629
5.0,13.0,2.37959704835124
1.0,2.0,0.2900824573053909
5.0,13.0,1.6106067853243493
4.0,10.0,0.8335271980929595
8.0,14.0,1.306161917752115
4.0,7.0,0.5216689212362429
3.0,12.0,1.1813930085835547
3.0,8.0,0.5830883136128004
2.0,8.0,0.9795612879637484
3.0,4.0,4.799684666043949
3.0,9.0,4.407201041704629
5.0,13.0,2.37959704835124
2.0,2.0,0.2900824573053909
5.0,13.0,1.6106067853243493
6.0,10.0,0.8335271980929595
8.0,14.0,1.306161917752115
4.0,7.0,0.5216689212362429
7.0,12.0,1.1813930085835547
3.0,8.0,0.5830883136128004
4.0,8.0,0.9795612879637484
1.0,4.0,4.799684666043949
6.0,9.0,4.407201041704629
9.0,13.0,2.37959704835124
1.0,2.0,0.2900824573053909
7.0,13.0,1.6106067853243493
4.0,10.0,0.8335271980929595
10.0,14.0,1.306161917752115
4.0,7.0,0.5216689212362429
7.0,12.0,1.1813930085835547
5.0,8.0,0.5830883136128004
5.0,8.0,0.9795612879637484
2.0,4.0,4.799684666043949
7.0,9.0,4.407201041704629
12.0,13.0,2.37959704835124
2.0,2.0,0.2900824573053909
8.0,13.0,1.6106067853243493
9.0,10.0,0.8335271980929595
11.0,14.0,1.306161917752115
4.0,7.0,0.5216689212362429
7.0,12.0,1.1813930085835547
5.0,8.0,0.5830883136128004
4.0,8.0,0.9795612879637484
2.0,4.0,4.799684666043949
7.0,9.0,4.407201041704629
9.0,13.0,2.37959704835124
1.0,2.0,0.2900824573053909
12.0,13.0,1.6106067853243493
9.0,10.0,0.8335271980929595
11.0,14.0,1.306161917752115
6.0,7.0,0.5216689212362429
9.0,12.0,1.1813930085835547
8.0,8.0,0.5830883136128004
6.0,8.0,0.9795612879637484
3.0,4.0,4.799684666043949
9.0,9.0,4.407201041704629
11.0,13.0,2.37959704835124
1.0,2.0,0.2900824573053909
11.0,13.0,1.6106067853243493
8.0,10.0,0.8335271980929595
10.0,14.0,1.306161917752115
6.0,7.0,0.5216689212362429
10.0,12.0,1.1813930085835547
6.0,8.0,0.5830883136128004
8.0,8.0,0.9795612879637484
1.0,4.0,7.03768902479012
1.0,4.0,1.8859382838606191
1.0,7.0,2.8989374696284496
1.0,5.0,1.8223869639051216
2.0,23.0,3.4051044787640383
0.0,5.0,0.48431535436516476
1.0,8.0,0.6031715741910685
0.0,16.0,1.4537134093133264
4.0,41.0,3.759598586489563
1.0,15.0,1.1560045075366088
3.0,54.0,2.265768782846869
1.0,4.0,7.03768902479012
1.0,4.0,1.8859382838606191
1.0,7.0,2.8989374696284496
2.0,5.0,1.8223869639051216
7.0,23.0,3.4051044787640383
2.0,5.0,0.48431535436516476
3.0,8.0,0.6031715741910685
1.0,16.0,1.4537134093133264
5.0,41.0,3.759598586489563
3.0,15.0,1.1560045075366088
14.0,54.0,2.265768782846869
2.0,4.0,7.03768902479012
3.0,4.0,1.8859382838606191
3.0,7.0,2.8989374696284496
3.0,5.0,1.8223869639051216
8.0,23.0,3.4051044787640383
2.0,5.0,0.48431535436516476
5.0,8.0,0.6031715741910685
5.0,16.0,1.4537134093133264
12.0,41.0,3.759598586489563
4.0,15.0,1.1560045075366088
16.0,54.0,2.265768782846869
1.0,4.0,7.03768902479012
2.0,4.0,1.8859382838606191
2.0,7.0,2.8989374696284496
3.0,5.0,1.8223869639051216
7.0,23.0,3.4051044787640383
4.0,5.0,0.48431535436516476
2.0,8.0,0.6031715741910685
7.0,16.0,1.4537134093133264
13.0,41.0,3.759598586489563
8.0,15.0,1.1560045075366088
24.0,54.0,2.265768782846869
2.0,4.0,7.03768902479012
2.0,4.0,1.8859382838606191
2.0,7.0,2.8989374696284496
3.0,5.0,1.8223869639051216
13.0,23.0,3.4051044787640383
2.0,5.0,0.48431535436516476
3.0,8.0,0.6031715741910685
6.0,16.0,1.4537134093133264
22.0,41.0,3.759598586489563
7.0,15.0,1.1560045075366088
26.0,54.0,2.265768782846869
4.0,4.0,7.03768902479012
3.0,4.0,1.8859382838606191
5.0,7.0,2.8989374696284496
4.0,5.0,1.8223869639051216
12.0,23.0,3.4051044787640383
3.0,5.0,0.48431535436516476
3.0,8.0,0.6031715741910685
11.0,16.0,1.4537134093133264
24.0,41.0,3.759598586489563
10.0,15.0,1.1560045075366088
27.0,54.0,2.265768782846869
4.0,4.0,7.03768902479012
3.0,4.0,1.8859382838606191
5.0,7.0,2.8989374696284496
3.0,5.0,1.8223869639051216
18.0,23.0,3.4051044787640383
4.0,5.0,0.48431535436516476
4.0,8.0,0.6031715741910685
9.0,16.0,1.4537134093133264
28.0,41.0,3.759598586489563
9.0,15.0,1.1560045075366088
39.0,54.0,2.265768782846869
4.0,4.0,7.03768902479012
4.0,4.0,1.8859382838606191
5.0,7.0,2.8989374696284496
4.0,5.0,1.8223869639051216
22.0,23.0,3.4051044787640383
3.0,5.0,0.48431535436516476
6.0,8.0,0.6031715741910685
12.0,16.0,1.4537134093133264
34.0,41.0,3.759598586489563
12.0,15.0,1.1560045075366088
41.0,54.0,2.265768782846869
3.0,4.0,7.03768902479012
4.0,4.0,1.8859382838606191
6.0,7.0,2.8989374696284496
5.0,5.0,1.8223869639051216
22.0,23.0,3.4051044787640383
5.0,5.0,0.48431535436516476
7.0,8.0,0.6031715741910685
13.0,16.0,1.4537134093133264
40.0,41.0,3.759598586489563
11.0,15.0,1.1560045075366088
44.0,54.0,2.265768782846869
1.0,3.0,4.87801404801112
2.0,4.0,5.257389372360628
2.0,14.0,3.4711602265216293
2.0,13.0,2.5830340498805118
1.0,12.0,1.3403493814093121
2.0,18.0,2.0097240502272227
1.0,5.0,0.3359181280217506
2.0,40.0,3.288594330433388
2.0,26.0,1.1626131596246578
9.0,54.0,2.3042866536727185
2.0,45.0,1.212723060892086
1.0,3.0,4.87801404801112
1.0,4.0,5.257389372360628
2.0,14.0,3.4711602265216293
4.0,13.0,2.5830340498805118
5.0,12.0,1.3403493814093121
5.0,18.0,2.0097240502272227
1.0,5.0,0.3359181280217506
8.0,40.0,3.288594330433388
3.0,26.0,1.1626131596246578
5.0,54.0,2.3042866536727185
7.0,45.0,1.212723060892086
1.0,3.0,4.87801404801112
1.0,4.0,5.257389372360628
3.0,14.0,3.4711602265216293
5.0,13.0,2.5830340498805118
2.0,12.0,1.3403493814093121
8.0,18.0,2.0097240502272227
3.0,5.0,0.3359181280217506
14.0,40.0,3.288594330433388
8.0,26.0,1.1626131596246578
18.0,54.0,2.3042866536727185
16.0,45.0,1.212723060892086
1.0,3.0,4.87801404801112
2.0,4.0,5.257389372360628
5.0,14.0,3.4711602265216293
5.0,13.0,2.5830340498805118
4.0,12.0,1.3403493814093121
9.0,18.0,2.0097240502272227
3.0,5.0,0.3359181280217506
13.0,40.0,3.288594330433388
12.0,26.0,1.1626131596246578
30.0,54.0,2.3042866536727185
20.0,45.0,1.212723060892086
1.0,3.0,4.87801404801112
2.0,4.0,5.257389372360628
6.0,14.0,3.4711602265216293
6.0,13.0,2.5830340498805118
6.0,12.0,1.3403493814093121
12.0,18.0,2.0097240502272227
3.0,5.0,0.3359181280217506
23.0,40.0,3.288594330433388
15.0,26.0,1.1626131596246578
24.0,54.0,2.3042866536727185
23.0,45.0,1.212723060892086
1.0,3.0,4.87801404801112
3.0,4.0,5.257389372360628
9.0,14.0,3.4711602265216293
9.0,13.0,2.5830340498805118
9.0,12.0,1.3403493814093121
11.0,18.0,2.0097240502272227
2.0,5.0,0.3359181280217506
20.0,40.0,3.288594330433388
15.0,26.0,1.1626131596246578
30.0,54.0,2.3042866536727185
25.0,45.0,1.212723060892086
2.0,3.0,4.87801404801112
3.0,4.0,5.257389372360628
7.0,14.0,3.4711602265216293
11.0,13.0,2.5830340498805118
9.0,12.0,1.3403493814093121
12.0,18.0,2.0097240502272227
4.0,5.0,0.3359181280217506
24.0,40.0,3.288594330433388
19.0,26.0,1.1626131596246578
41.0,54.0,2.3042866536727185
30.0,45.0,1.212723060892086
3.0,3.0,4.87801404801112
1.0,4.0,5.257389372360628
14.0,14.0,3.4711602265216293
9.0,13.0,2.5830340498805118
7.0,12.0,1.3403493814093121
16.0,18.0,2.0097240502272227
3.0,5.0,0.3359181280217506
34.0,40.0,3.288594330433388
18.0,26.0,1.1626131596246578
42.0,54.0,2.3042866536727185
32.0,45.0,1.212723060892086
3.0,3.0,4.87801404801112
3.0,4.0,5.257389372360628
13.0,14.0,3.4711602265216293
11.0,13.0,2.5830340498805118
10.0,12.0,1.3403493814093121
15.0,18.0,2.0097240502272227
5.0,5.0,0.3359181280217506
37.0,40.0,3.288594330433388
23.0,26.0,1.1626131596246578
49.0,54.0,2.3042866536727185
37.0,45.0,1.212723060892086
1.0,3.0,5.469885804844684
0.0,5.0,2.221806721988828
1.0,6.0,2.127094037408563
2.0,34.0,5.167413270675016
1.0,17.0,0.8571321709819919
0.0,3.0,0.12577177635516615
6.0,27.0,2.307276592682802
8.0,66.0,3.999117018944135
4.0,64.0,1.9928598104089503
2.0,24.0,0.5884078334724349
3.0,31.0,0.7760701933070697
2.0,3.0,5.469885804844684
2.0,5.0,2.221806721988828
1.0,6.0,2.127094037408563
3.0,34.0,5.167413270675016
3.0,17.0,0.8571321709819919
1.0,3.0,0.12577177635516615
5.0,27.0,2.307276592682802
14.0,66.0,3.999117018944135
15.0,64.0,1.9928598104089503
6.0,24.0,0.5884078334724349
5.0,31.0,0.7760701933070697
1.0,3.0,5.469885804844684
0.0,5.0,2.221806721988828
0.0,6.0,2.127094037408563
7.0,34.0,5.167413270675016
13.0,17.0,0.8571321709819919
1.0,3.0,0.12577177635516615
10.0,27.0,2.307276592682802
27.0,66.0,3.999117018944135
18.0,64.0,1.9928598104089503
8.0,24.0,0.5884078334724349
7.0,31.0,0.7760701933070697
2.0,3.0,5.469885804844684
3.0,5.0,2.221806721988828
1.0,6.0,2.127094037408563
18.0,34.0,5.167413270675016
6.0,17.0,0.8571321709819919
1.0,3.0,0.12577177635516615
12.0,27.0,2.307276592682802
33.0,66.0,3.999117018944135
26.0,64.0,1.9928598104089503
8.0,24.0,0.5884078334724349
12.0,31.0,0.7760701933070697
3.0,3.0,5.469885804844684
4.0,5.0,2.221806721988828
2.0,6.0,2.127094037408563
16.0,34.0,5.167413270675016
7.0,17.0,0.8571321709819919
2.0,3.0,0.12577177635516615
13.0,27.0,2.307276592682802
36.0,66.0,3.999117018944135
31.0,64.0,1.9928598104089503
5.0,24.0,0.5884078334724349
20.0,31.0,0.7760701933070697
2.0,3.0,5.469885804844684
3.0,5.0,2.221806721988828
2.0,6.0,2.127094037408563
23.0,34.0,5.167413270675016
11.0,17.0,0.8571321709819919
1.0,3.0,0.12577177635516615
18.0,27.0,2.307276592682802
37.0,66.0,3.999117018944135
41.0,64.0,1.9928598104089503
15.0,24.0,0.5884078334724349
17.0,31.0,0.7760701933070697
2.0,3.0,5.469885804844684
5.0,5.0,2.221806721988828
5.0,6.0,2.127094037408563
19.0,34.0,5.167413270675016
10.0,17.0,0.8571321709819919
3.0,3.0,0.12577177635516615
22.0,27.0,2.307276592682802
47.0,66.0,3.999117018944135
47.0,64.0,1.9928598104089503
15.0,24.0,0.5884078334724349
25.0,31.0,0.7760701933070697
2.0,3.0,5.469885804844684
4.0,5.0,2.221806721988828
5.0,6.0,2.127094037408563
30.0,34.0,5.167413270675016
12.0,17.0,0.8571321709819919
3.0,3.0,0.12577177635516615
25.0,27.0,2.307276592682802
53.0,66.0,3.999117018944135
58.0,64.0,1.9928598104089503
22.0,24.0,0.5884078334724349
23.0,31.0,0.7760701933070697
2.0,3.0,5.469885804844684
4.0,5.0,2.221806721988828
6.0,6.0,2.127094037408563
29.0,34.0,5.167413270675016
15.0,17.0,0.8571321709819919
3.0,3.0,0.12577177635516615
25.0,27.0,2.307276592682802
61.0,66.0,3.999117018944135
53.0,64.0,1.9928598104089503
22.0,24.0,0.5884078334724349
26.0,31.0,0.7760701933070697
1.0,4.0,8.361569667310912
1.0,14.0,4.619805289546217
1.0,12.0,2.590419793564244
2.0,10.0,1.544771321952237
0.0,2.0,0.2584699440254123
1.0,12.0,1.4165009981263341
1.0,13.0,2.0600683804169657
2.0,20.0,2.2493714147313373
3.0,27.0,2.4643586402381676
2.0,21.0,1.0435892595505154
3.0,25.0,1.3661293350284764
1.0,4.0,8.361569667310912
5.0,14.0,4.619805289546217
1.0,12.0,2.590419793564244
3.0,10.0,1.544771321952237
2.0,2.0,0.2584699440254123
4.0,12.0,1.4165009981263341
3.0,13.0,2.0600683804169657
3.0,20.0,2.2493714147313373
6.0,27.0,2.4643586402381676
5.0,21.0,1.0435892595505154
4.0,25.0,1.3661293350284764
1.0,4.0,8.361569667310912
5.0,14.0,4.619805289546217
2.0,12.0,2.590419793564244
4.0,10.0,1.544771321952237
2.0,2.0,0.2584699440254123
2.0,12.0,1.4165009981263341
5.0,13.0,2.0600683804169657
5.0,20.0,2.2493714147313373
5.0,27.0,2.4643586402381676
7.0,21.0,1.0435892595505154
9.0,25.0,1.3661293350284764
2.0,4.0,8.361569667310912
6.0,14.0,4.619805289546217
3.0,12.0,2.590419793564244
4.0,10.0,1.544771321952237
0.0,2.0,0.2584699440254123
6.0,12.0,1.4165009981263341
5.0,13.0,2.0600683804169657
9.0,20.0,2.2493714147313373
11.0,27.0,2.4643586402381676
7.0,21.0,1.0435892595505154
7.0,25.0,1.3661293350284764
2.0,4.0,8.361569667310912
8.0,14.0,4.619805289546217
4.0,12.0,2.590419793564244
6.0,10.0,1.544771321952237
2.0,2.0,0.2584699440254123
4.0,12.0,1.4165009981263341
4.0,13.0,2.0600683804169657
9.0,20.0,2.2493714147313373
14.0,27.0,2.4643586402381676
10.0,21.0,1.0435892595505154
11.0,25.0,1.3661293350284764
3.0,4.0,8.361569667310912
8.0,14.0,4.619805289546217
9.0,12.0,2.590419793564244
8.0,10.0,1.544771321952237
0.0,2.0,0.2584699440254123
5.0,12.0,1.4165009981263341
8.0,13.0,2.0600683804169657
11.0,20.0,2.2493714147313373
11.0,27.0,2.4643586402381676
14.0,21.0,1.0435892595505154
19.0,25.0,1.3661293350284764
2.0,4.0,8.361569667310912
11.0,14.0,4.619805289546217
6.0,12.0,2.590419793564244
7.0,10.0,1.544771321952237
2.0,2.0,0.2584699440254123
9.0,12.0,1.4165009981263341
12.0,13.0,2.0600683804169657
13.0,20.0,2.2493714147313373
20.0,27.0,2.4643586402381676
14.0,21.0,1.0435892595505154
13.0,25.0,1.3661293350284764
2.0,4.0,8.361569667310912
12.0,14.0,4.619805289546217
10.0,12.0,2.590419793564244
10.0,10.0,1.544771321952237
1.0,2.0,0.2584699440254123
10.0,12.0,1.4165009981263341
13.0,13.0,2.0600683804169657
19.0,20.0,2.2493714147313373
25.0,27.0,2.4643586402381676
15.0,21.0,1.0435892595505154
19.0,25.0,1.3661293350284764
2.0,4.0,8.361569667310912
12.0,14.0,4.619805289546217
12.0,12.0,2.590419793564244
10.0,10.0,1.544771321952237
1.0,2.0,0.2584699440254123
12.0,12.0,1.4165009981263341
11.0,13.0,2.0600683804169657
19.0,20.0,2.2493714147313373
24.0,27.0,2.4643586402381676
18.0,21.0,1.0435892595505154
23.0,25.0,1.3661293350284764
1.0,5.0,4.939725789194315
3.0,15.0,6.8007243131431885
3.0,31.0,4.008806330052728
0.0,11.0,0.7046227621044924
3.0,14.0,1.238491337974808
0.0,16.0,1.5196954243658747
2.0,16.0,1.003461650643379
1.0,6.0,0.8460848158514336
2.0,40.0,2.8131565961972704
4.0,34.0,2.1857805057223882
0.0,26.0,1.204831075229495
1.0,5.0,4.939725789194315
2.0,15.0,6.8007243131431885
8.0,31.0,4.008806330052728
3.0,11.0,0.7046227621044924
5.0,14.0,1.238491337974808
0.0,16.0,1.5196954243658747
3.0,16.0,1.003461650643379
1.0,6.0,0.8460848158514336
5.0,40.0,2.8131565961972704
5.0,34.0,2.1857805057223882
9.0,26.0,1.204831075229495
2.0,5.0,4.939725789194315
4.0,15.0,6.8007243131431885
8.0,31.0,4.008806330052728
3.0,11.0,0.7046227621044924
3.0,14.0,1.238491337974808
7.0,16.0,1.5196954243658747
9.0,16.0,1.003461650643379
3.0,6.0,0.8460848158514336
15.0,40.0,2.8131565961972704
14.0,34.0,2.1857805057223882
10.0,26.0,1.204831075229495
2.0,5.0,4.939725789194315
8.0,15.0,6.8007243131431885
11.0,31.0,4.008806330052728
5.0,11.0,0.7046227621044924
6.0,14.0,1.238491337974808
9.0,16.0,1.5196954243658747
5.0,16.0,1.003461650643379
3.0,6.0,0.8460848158514336
14.0,40.0,2.8131565961972704
14.0,34.0,2.1857805057223882
12.0,26.0,1.204831075229495
3.0,5.0,4.939725789194315
9.0,15.0,6.8007243131431885
14.0,31.0,4.008806330052728
3.0,11.0,0.7046227621044924
8.0,14.0,1.238491337974808
10.0,16.0,1.5196954243658747
7.0,16.0,1.003461650643379
3.0,6.0,0.8460848158514336
22.0,40.0,2.8131565961972704
16.0,34.0,2.1857805057223882
12.0,26.0,1.204831075229495
4.0,5.0,4.939725789194315
7.0,15.0,6.8007243131431885
18.0,31.0,4.008806330052728
5.0,11.0,0.7046227621044924
10.0,14.0,1.238491337974808
8.0,16.0,1.5196954243658747
8.0,16.0,1.003461650643379
5.0,6.0,0.8460848158514336
22.0,40.0,2.8131565961972704
20.0,34.0,2.1857805057223882
17.0,26.0,1.204831075229495
4.0,5.0,4.939725789194315
9.0,15.0,6.8007243131431885
19.0,31.0,4.008806330052728
7.0,11.0,0.7046227621044924
11.0,14.0,1.238491337974808
9.0,16.0,1.5196954243658747
13.0,16.0,1.003461650643379
4.0,6.0,0.8460848158514336
31.0,40.0,2.8131565961972704
27.0,34.0,2.1857805057223882
19.0,26.0,1.204831075229495
3.0,5.0,4.939725789194315
15.0,15.0,6.8007243131431885
24.0,31.0,4.008806330052728
8.0,11.0,0.7046227621044924
12.0,14.0,1.238491337974808
14.0,16.0,1.5196954243658747
13.0,16.0,1.003461650643379
4.0,6.0,0.8460848158514336
30.0,40.0,2.8131565961972704
29.0,34.0,2.1857805057223882
15.0,26.0,1.204831075229495
5.0,5.0,4.939725789194315
14.0,15.0,6.8007243131431885
30.0,31.0,4.008806330052728
10.0,11.0,0.7046227621044924
12.0,14.0,1.238491337974808
15.0,16.0,1.5196954243658747
15.0,16.0,1.003461650643379
6.0,6.0,0.8460848158514336
35.0,40.0,2.8131565961972704
30.0,34.0,2.1857805057223882
21.0,26.0,1.204831075229495
1.0,4.0,11.91818306230239
2.0,12.0,7.482454152419693
1.0,5.0,0.868572981026882
3.0,30.0,4.2689386318104825
3.0,38.0,2.6998785016191795
4.0,25.0,1.1015515656671901
14.0,89.0,3.148641219442921
1.0,11.0,0.22748530898806288
10.0,75.0,1.926166953474452
6.0,47.0,0.9011494434521863
1.0,17.0,0.33167004609043743
2.0,4.0,11.91818306230239
3.0,12.0,7.482454152419693
2.0,5.0,0.868572981026882
7.0,30.0,4.2689386318104825
8.0,38.0,2.6998785016191795
4.0,25.0,1.1015515656671901
17.0,89.0,3.148641219442921
2.0,11.0,0.22748530898806288
12.0,75.0,1.926166953474452
14.0,47.0,0.9011494434521863
2.0,17.0,0.33167004609043743
1.0,4.0,11.91818306230239
4.0,12.0,7.482454152419693
0.0,5.0,0.868572981026882
12.0,30.0,4.2689386318104825
11.0,38.0,2.6998785016191795
6.0,25.0,1.1015515656671901
22.0,89.0,3.148641219442921
2.0,11.0,0.22748530898806288
17.0,75.0,1.926166953474452
18.0,47.0,0.9011494434521863
5.0,17.0,0.33167004609043743
1.0,4.0,11.91818306230239
6.0,12.0,7.482454152419693
1.0,5.0,0.868572981026882
15.0,30.0,4.2689386318104825
13.0,38.0,2.6998785016191795
9.0,25.0,1.1015515656671901
38.0,89.0,3.148641219442921
6.0,11.0,0.22748530898806288
32.0,75.0,1.926166953474452
25.0,47.0,0.9011494434521863
6.0,17.0,0.33167004609043743
1.0,4.0,11.91818306230239
3.0,12.0,7.482454152419693
1.0,5.0,0.868572981026882
17.0,30.0,4.2689386318104825
18.0,38.0,2.6998785016191795
9.0,25.0,1.1015515656671901
49.0,89.0,3.148641219442921
5.0,11.0,0.22748530898806288
31.0,75.0,1.926166953474452
16.0,47.0,0.9011494434521863
10.0,17.0,0.33167004609043743
3.0,4.0,11.91818306230239
8.0,12.0,7.482454152419693
2.0,5.0,0.868572981026882
20.0,30.0,4.2689386318104825
22.0,38.0,2.6998785016191795
16.0,25.0,1.1015515656671901
56.0,89.0,3.148641219442921
3.0,11.0,0.22748530898806288
43.0,75.0,1.926166953474452
26.0,47.0,0.9011494434521863
12.0,17.0,0.33167004609043743
3.0,4.0,11.91818306230239
8.0,12.0,7.482454152419693
2.0,5.0,0.868572981026882
21.0,30.0,4.2689386318104825
27.0,38.0,2.6998785016191795
16.0,25.0,1.1015515656671901
71.0,89.0,3.148641219442921
8.0,11.0,0.22748530898806288
49.0,75.0,1.926166953474452
36.0,47.0,0.9011494434521863
11.0,17.0,0.33167004609043743
4.0,4.0,11.91818306230239
11.0,12.0,7.482454152419693
3.0,5.0,0.868572981026882
27.0,30.0,4.2689386318104825
32.0,38.0,2.6998785016191795
22.0,25.0,1.1015515656671901
68.0,89.0,3.148641219442921
8.0,11.0,0.22748530898806288
61.0,75.0,1.926166953474452
38.0,47.0,0.9011494434521863
13.0,17.0,0.33167004609043743
4.0,4.0,11.91818306230239
10.0,12.0,7.482454152419693
5.0,5.0,0.868572981026882
29.0,30.0,4.2689386318104825
34.0,38.0,2.6998785016191795
22.0,25.0,1.1015515656671901
80.0,89.0,3.148641219442921
11.0,11.0,0.22748530898806288
67.0,75.0,1.926166953474452
45.0,47.0,0.9011494434521863
16.0,17.0,0.33167004609043743
1.0,3.0,3.720982930470508
0.0,3.0,0.7104867102760153
1.0,8.0,4.012039123347957
2.0,13.0,1.8301221729639998
3.0,13.0,1.8650484907903466
1.0,6.0,1.167814224549716
6.0,35.0,3.6290320059703123
4.0,33.0,2.108597945691667
3.0,30.0,0.971662183356751
7.0,54.0,1.737838353816613
4.0,17.0,0.6036214665880446
1.0,3.0,3.720982930470508
0.0,3.0,0.7104867102760153
2.0,8.0,4.012039123347957
4.0,13.0,1.8301221729639998
3.0,13.0,1.8650484907903466
1.0,6.0,1.167814224549716
6.0,35.0,3.6290320059703123
4.0,33.0,2.108597945691667
8.0,30.0,0.971662183356751
12.0,54.0,1.737838353816613
2.0,17.0,0.6036214665880446
2.0,3.0,3.720982930470508
0.0,3.0,0.7104867102760153
0.0,8.0,4.012039123347957
6.0,13.0,1.8301221729639998
3.0,13.0,1.8650484907903466
2.0,6.0,1.167814224549716
13.0,35.0,3.6290320059703123
11.0,33.0,2.108597945691667
12.0,30.0,0.971662183356751
9.0,54.0,1.737838353816613
7.0,17.0,0.6036214665880446
1.0,3.0,3.720982930470508
2.0,3.0,0.7104867102760153
2.0,8.0,4.012039123347957
5.0,13.0,1.8301221729639998
6.0,13.0,1.8650484907903466
3.0,6.0,1.167814224549716
15.0,35.0,3.6290320059703123
12.0,33.0,2.108597945691667
10.0,30.0,0.971662183356751
27.0,54.0,1.737838353816613
5.0,17.0,0.6036214665880446
1.0,3.0,3.720982930470508
1.0,3.0,0.7104867102760153
1.0,8.0,4.012039123347957
3.0,13.0,1.8301221729639998
5.0,13.0,1.8650484907903466
4.0,6.0,1.167814224549716
19.0,35.0,3.6290320059703123
17.0,33.0,2.108597945691667
15.0,30.0,0.971662183356751
36.0,54.0,1.737838353816613
6.0,17.0,0.6036214665880446
3.0,3.0,3.720982930470508
2.0,3.0,0.7104867102760153
6.0,8.0,4.012039123347957
8.0,13.0,1.8301221729639998
8.0,13.0,1.8650484907903466
1.0,6.0,1.167814224549716
23.0,35.0,3.6290320059703123
20.0,33.0,2.108597945691667
20.0,30.0,0.971662183356751
35.0,54.0,1.737838353816613
12.0,17.0,0.6036214665880446
1.0,3.0,3.720982930470508
2.0,3.0,0.7104867102760153
3.0,8.0,4.012039123347957
8.0,13.0,1.8301221729639998
10.0,13.0,1.8650484907903466
2.0,6.0,1.167814224549716
26.0,35.0,3.6290320059703123
25.0,33.0,2.108597945691667
23.0,30.0,0.971662183356751
37.0,54.0,1.737838353816613
11.0,17.0,0.6036214665880446
3.0,3.0,3.720982930470508
3.0,3.0,0.7104867102760153
5.0,8.0,4.012039123347957
11.0,13.0,1.8301221729639998
12.0,13.0,1.8650484907903466
4.0,6.0,1.167814224549716
25.0,35.0,3.6290320059703123
29.0,33.0,2.108597945691667
23.0,30.0,0.971662183356751
47.0,54.0,1.737838353816613
13.0,17.0,0.6036214665880446
3.0,3.0,3.720982930470508
3.0,3.0,0.7104867102760153
7.0,8.0,4.012039123347957
11.0,13.0,1.8301221729639998
10.0,13.0,1.8650484907903466
6.0,6.0,1.167814224549716
33.0,35.0,3.6290320059703123
31.0,33.0,2.108597945691667
30.0,30.0,0.971662183356751
49.0,54.0,1.737838353816613
15.0,17.0,0.6036214665880446
3.0,8.0,13.692012620894461
1.0,3.0,2.0806609873747743
0.0,3.0,0.6120419905576584
2.0,12.0,3.2333197564015457
6.0,31.0,3.2926419878997524
1.0,7.0,0.722599786217004
2.0,35.0,2.3652885067192995
2.0,9.0,0.7051801163468342
0.0,16.0,0.7534911010120554
1.0,12.0,1.0000452002570632
0.0,5.0,0.06791773974989976
1.0,8.0,13.692012620894461
1.0,3.0,2.0806609873747743
1.0,3.0,0.6120419905576584
2.0,12.0,3.2333197564015457
4.0,31.0,3.2926419878997524
2.0,7.0,0.722599786217004
6.0,35.0,2.3652885067192995
1.0,9.0,0.7051801163468342
3.0,16.0,0.7534911010120554
3.0,12.0,1.0000452002570632
1.0,5.0,0.06791773974989976
4.0,8.0,13.692012620894461
1.0,3.0,2.0806609873747743
2.0,3.0,0.6120419905576584
5.0,12.0,3.2333197564015457
4.0,31.0,3.2926419878997524
6.0,7.0,0.722599786217004
7.0,35.0,2.3652885067192995
2.0,9.0,0.7051801163468342
6.0,16.0,0.7534911010120554
4.0,12.0,1.0000452002570632
2.0,5.0,0.06791773974989976
4.0,8.0,13.692012620894461
2.0,3.0,2.0806609873747743
1.0,3.0,0.6120419905576584
4.0,12.0,3.2333197564015457
17.0,31.0,3.2926419878997524
2.0,7.0,0.722599786217004
16.0,35.0,2.3652885067192995
3.0,9.0,0.7051801163468342
9.0,16.0,0.7534911010120554
6.0,12.0,1.0000452002570632
4.0,5.0,0.06791773974989976
4.0,8.0,13.692012620894461
0.0,3.0,2.0806609873747743
1.0,3.0,0.6120419905576584
5.0,12.0,3.2333197564015457
15.0,31.0,3.2926419878997524
2.0,7.0,0.722599786217004
12.0,35.0,2.3652885067192995
8.0,9.0,0.7051801163468342
7.0,16.0,0.7534911010120554
5.0,12.0,1.0000452002570632
2.0,5.0,0.06791773974989976
5.0,8.0,13.692012620894461
3.0,3.0,2.0806609873747743
2.0,3.0,0.6120419905576584
7.0,12.0,3.2333197564015457
14.0,31.0,3.2926419878997524
3.0,7.0,0.722599786217004
15.0,35.0,2.3652885067192995
7.0,9.0,0.7051801163468342
6.0,16.0,0.7534911010120554
5.0,12.0,1.0000452002570632
3.0,5.0,0.06791773974989976
5.0,8.0,13.692012620894461
3.0,3.0,2.0806609873747743
1.0,3.0,0.6120419905576584
8.0,12.0,3.2333197564015457
23.0,31.0,3.2926419878997524
5.0,7.0,0.722599786217004
28.0,35.0,2.3652885067192995
7.0,9.0,0.7051801163468342
13.0,16.0,0.7534911010120554
7.0,12.0,1.0000452002570632
4.0,5.0,0.06791773974989976
6.0,8.0,13.692012620894461
1.0,3.0,2.0806609873747743
2.0,3.0,0.6120419905576584
9.0,12.0,3.2333197564015457
25.0,31.0,3.2926419878997524
6.0,7.0,0.722599786217004
29.0,35.0,2.3652885067192995
7.0,9.0,0.7051801163468342
14.0,16.0,0.7534911010120554
10.0,12.0,1.0000452002570632
4.0,5.0,0.06791773974989976
8.0,8.0,13.692012620894461
3.0,3.0,2.0806609873747743
3.0,3.0,0.6120419905576584
12.0,12.0,3.2333197564015457
29.0,31.0,3.2926419878997524
7.0,7.0,0.722599786217004
29.0,35.0,2.3652885067192995
9.0,9.0,0.7051801163468342
16.0,16.0,0.7534911010120554
11.0,12.0,1.0000452002570632
5.0,5.0,0.06791773974989976
1.0,3.0,5.8358424082555365
0.0,5.0,5.319234724880734
0.0,4.0,1.7190709963185733
1.0,7.0,2.5707631575913625
0.0,7.0,1.431216803477859
3.0,14.0,2.046230253830749
1.0,17.0,1.5556466572983012
4.0,49.0,3.028653540026934
2.0,16.0,0.5852985156750123
2.0,14.0,0.6566100748614778
4.0,27.0,1.0645938598680844
1.0,3.0,5.8358424082555365
1.0,5.0,5.319234724880734
2.0,4.0,1.7190709963185733
3.0,7.0,2.5707631575913625
2.0,7.0,1.431216803477859
0.0,14.0,2.046230253830749
5.0,17.0,1.5556466572983012
14.0,49.0,3.028653540026934
1.0,16.0,0.5852985156750123
3.0,14.0,0.6566100748614778
6.0,27.0,1.0645938598680844
2.0,3.0,5.8358424082555365
1.0,5.0,5.319234724880734
2.0,4.0,1.7190709963185733
2.0,7.0,2.5707631575913625
4.0,7.0,1.431216803477859
3.0,14.0,2.046230253830749
2.0,17.0,1.5556466572983012
12.0,49.0,3.028653540026934
3.0,16.0,0.5852985156750123
4.0,14.0,0.6566100748614778
8.0,27.0,1.0645938598680844
1.0,3.0,5.8358424082555365
1.0,5.0,5.319234724880734
2.0,4.0,1.7190709963185733
4.0,7.0,2.5707631575913625
2.0,7.0,1.431216803477859
6.0,14.0,2.046230253830749
6.0,17.0,1.5556466572983012
19.0,49.0,3.028653540026934
7.0,16.0,0.5852985156750123
2.0,14.0,0.6566100748614778
13.0,27.0,1.0645938598680844
1.0,3.0,5.8358424082555365
4.0,5.0,5.319234724880734
3.0,4.0,1.7190709963185733
5.0,7.0,2.5707631575913625
5.0,7.0,1.431216803477859
9.0,14.0,2.046230253830749
8.0,17.0,1.5556466572983012
24.0,49.0,3.028653540026934
6.0,16.0,0.5852985156750123
7.0,14.0,0.6566100748614778
13.0,27.0,1.0645938598680844
1.0,3.0,5.8358424082555365
2.0,5.0,5.319234724880734
2.0,4.0,1.7190709963185733
4.0,7.0,2.5707631575913625
4.0,7.0,1.431216803477859
10.0,14.0,2.046230253830749
8.0,17.0,1.5556466572983012
27.0,49.0,3.028653540026934
10.0,16.0,0.5852985156750123
7.0,14.0,0.6566100748614778
14.0,27.0,1.0645938598680844
1.0,3.0,5.8358424082555365
5.0,5.0,5.319234724880734
3.0,4.0,1.7190709963185733
6.0,7.0,2.5707631575913625
5.0,7.0,1.431216803477859
11.0,14.0,2.046230253830749
11.0,17.0,1.5556466572983012
32.0,49.0,3.028653540026934
8.0,16.0,0.5852985156750123
13.0,14.0,0.6566100748614778
17.0,27.0,1.0645938598680844
2.0,3.0,5.8358424082555365
4.0,5.0,5.319234724880734
4.0,4.0,1.7190709963185733
5.0,7.0,2.5707631575913625
7.0,7.0,1.431216803477859
11.0,14.0,2.046230253830749
12.0,17.0,1.5556466572983012
41.0,49.0,3.028653540026934
13.0,16.0,0.5852985156750123
13.0,14.0,0.6566100748614778
18.0,27.0,1.0645938598680844
3.0,3.0,5.8358424082555365
4.0,5.0,5.319234724880734
4.0,4.0,1.7190709963185733
7.0,7.0,2.5707631575913625
7.0,7.0,1.431216803477859
13.0,14.0,2.046230253830749
17.0,17.0,1.5556466572983012
43.0,49.0,3.028653540026934
16.0,16.0,0.5852985156750123
14.0,14.0,0.6566100748614778
23.0,27.0,1.0645938598680844
1.0,4.0,5.367120465588862
1.0,2.0,2.0159660795049654
2.0,17.0,8.298371938954062
7.0,31.0,4.150576694093465
0.0,3.0,0.2066498531559029
1.0,10.0,0.7026035347136209
7.0,45.0,3.1100859208327245
0.0,12.0,0.4730044721458719
5.0,37.0,1.4809839642292626
4.0,21.0,0.6002662717369359
1.0,26.0,0.7610367166297913
2.0,4.0,5.367120465588862
1.0,2.0,2.0159660795049654
4.0,17.0,8.298371938954062
7.0,31.0,4.150576694093465
1.0,3.0,0.2066498531559029
2.0,10.0,0.7026035347136209
11.0,45.0,3.1100859208327245
2.0,12.0,0.4730044721458719
5.0,37.0,1.4809839642292626
4.0,21.0,0.6002662717369359
5.0,26.0,0.7610367166297913
1.0,4.0,5.367120465588862
1.0,2.0,2.0159660795049654
8.0,17.0,8.298371938954062
14.0,31.0,4.150576694093465
1.0,3.0,0.2066498531559029
2.0,10.0,0.7026035347136209
14.0,45.0,3.1100859208327245
4.0,12.0,0.4730044721458719
12.0,37.0,1.4809839642292626
7.0,21.0,0.6002662717369359
8.0,26.0,0.7610367166297913
1.0,4.0,5.367120465588862
1.0,2.0,2.0159660795049654
9.0,17.0,8.298371938954062
14.0,31.0,4.150576694093465
2.0,3.0,0.2066498531559029
2.0,10.0,0.7026035347136209
17.0,45.0,3.1100859208327245
6.0,12.0,0.4730044721458719
15.0,37.0,1.4809839642292626
8.0,21.0,0.6002662717369359
10.0,26.0,0.7610367166297913
3.0,4.0,5.367120465588862
1.0,2.0,2.0159660795049654
11.0,17.0,8.298371938954062
17.0,31.0,4.150576694093465
1.0,3.0,0.2066498531559029
5.0,10.0,0.7026035347136209
21.0,45.0,3.1100859208327245
5.0,12.0,0.4730044721458719
15.0,37.0,1.4809839642292626
14.0,21.0,0.6002662717369359
8.0,26.0,0.7610367166297913
4.0,4.0,5.367120465588862
1.0,2.0,2.0159660795049654
6.0,17.0,8.298371938954062
17.0,31.0,4.150576694093465
2.0,3.0,0.2066498531559029
5.0,10.0,0.7026035347136209
26.0,45.0,3.1100859208327245
5.0,12.0,0.4730044721458719
24.0,37.0,1.4809839642292626
13.0,21.0,0.6002662717369359
15.0,26.0,0.7610367166297913
1.0,4.0,5.367120465588862
0.0,2.0,2.0159660795049654
9.0,17.0,8.298371938954062
22.0,31.0,4.150576694093465
2.0,3.0,0.2066498531559029
6.0,10.0,0.7026035347136209
35.0,45.0,3.1100859208327245
6.0,12.0,0.4730044721458719
24.0,37.0,1.4809839642292626
12.0,21.0,0.6002662717369359
17.0,26.0,0.7610367166297913
3.0,4.0,5.367120465588862
1.0,2.0,2.0159660795049654
13.0,17.0,8.298371938954062
26.0,31.0,4.150576694093465
3.0,3.0,0.2066498531559029
9.0,10.0,0.7026035347136209
39.0,45.0,3.1100859208327245
8.0,12.0,0.4730044721458719
29.0,37.0,1.4809839642292626
17.0,21.0,0.6002662717369359
19.0,26.0,0.7610367166297913
4.0,4.0,5.367120465588862
2.0,2.0,2.0159660795049654
16.0,17.0,8.298371938954062
30.0,31.0,4.150576694093465
3.0,3.0,0.2066498531559029
10.0,10.0,0.7026035347136209
42.0,45.0,3.1100859208327245
11.0,12.0,0.4730044721458719
33.0,37.0,1.4809839642292626
18.0,21.0,0.6002662717369359
22.0,26.0,0.7610367166297913
1.0,3.0,6.782644075718522
2.0,4.0,3.7711698301074486
0.0,4.0,2.2840027972641552
1.0,25.0,4.663798844393479
0.0,15.0,1.3044121375753945
0.0,14.0,1.2519518004974515
2.0,39.0,2.784675062165226
1.0,6.0,0.7474010644839483
6.0,28.0,1.2121347693666429
5.0,87.0,3.2978479440795954
1.0,22.0,0.6155974480652019
1.0,3.0,6.782644075718522
3.0,4.0,3.7711698301074486
1.0,4.0,2.2840027972641552
4.0,25.0,4.663798844393479
3.0,15.0,1.3044121375753945
2.0,14.0,1.2519518004974515
10.0,39.0,2.784675062165226
1.0,6.0,0.7474010644839483
6.0,28.0,1.2121347693666429
19.0,87.0,3.2978479440795954
3.0,22.0,0.6155974480652019
1.0,3.0,6.782644075718522
1.0,4.0,3.7711698301074486
2.0,4.0,2.2840027972641552
8.0,25.0,4.663798844393479
3.0,15.0,1.3044121375753945
6.0,14.0,1.2519518004974515
14.0,39.0,2.784675062165226
0.0,6.0,0.7474010644839483
9.0,28.0,1.2121347693666429
23.0,87.0,3.2978479440795954
8.0,22.0,0.6155974480652019
1.0,3.0,6.782644075718522
4.0,4.0,3.7711698301074486
2.0,4.0,2.2840027972641552
10.0,25.0,4.663798844393479
3.0,15.0,1.3044121375753945
7.0,14.0,1.2519518004974515
12.0,39.0,2.784675062165226
3.0,6.0,0.7474010644839483
11.0,28.0,1.2121347693666429
35.0,87.0,3.2978479440795954
14.0,22.0,0.6155974480652019
1.0,3.0,6.782644075718522
2.0,4.0,3.7711698301074486
2.0,4.0,2.2840027972641552
9.0,25.0,4.663798844393479
7.0,15.0,1.3044121375753945
3.0,14.0,1.2519518004974515
21.0,39.0,2.784675062165226
4.0,6.0,0.7474010644839483
14.0,28.0,1.2121347693666429
41.0,87.0,3.2978479440795954
10.0,22.0,0.6155974480652019
2.0,3.0,6.782644075718522
2.0,4.0,3.7711698301074486
2.0,4.0,2.2840027972641552
12.0,25.0,4.663798844393479
8.0,15.0,1.3044121375753945
10.0,14.0,1.2519518004974515
24.0,39.0,2.784675062165226
3.0,6.0,0.7474010644839483
21.0,28.0,1.2121347693666429
55.0,87.0,3.2978479440795954
12.0,22.0,0.6155974480652019
2.0,3.0,6.782644075718522
2.0,4.0,3.7711698301074486
3.0,4.0,2.2840027972641552
14.0,25.0,4.663798844393479
10.0,15.0,1.3044121375753945
14.0,14.0,1.2519518004974515
26.0,39.0,2.784675062165226
4.0,6.0,0.7474010644839483
18.0,28.0,1.2121347693666429
53.0,87.0,3.2978479440795954
18.0,22.0,0.6155974480652019
3.0,3.0,6.782644075718522
4.0,4.0,3.7711698301074486
4.0,4.0,2.2840027972641552
21.0,25.0,4.663798844393479
14.0,15.0,1.3044121375753945
12.0,14.0,1.2519518004974515
32.0,39.0,2.784675062165226
4.0,6.0,0.7474010644839483
21.0,28.0,1.2121347693666429
68.0,87.0,3.2978479440795954
18.0,22.0,0.6155974480652019
3.0,3.0,6.782644075718522
4.0,4.0,3.7711698301074486
4.0,4.0,2.2840027972641552
23.0,25.0,4.663798844393479
15.0,15.0,1.3044121375753945
12.0,14.0,1.2519518004974515
37.0,39.0,2.784675062165226
5.0,6.0,0.7474010644839483
24.0,28.0,1.2121347693666429
77.0,87.0,3.2978479440795954
22.0,22.0,0.6155974480652019
1.0,3.0,1.2793434389760558
0.0,3.0,2.8818621981942836
1.0,11.0,3.385562797891059
1.0,6.0,1.235889882835651
3.0,38.0,5.4898103365515905
1.0,2.0,0.11654061834648854
1.0,31.0,1.5034860643698322
1.0,13.0,0.70118694810985
4.0,29.0,1.3418816205097157
0.0,4.0,0.20845987950822212
3.0,19.0,1.5470723628242957
1.0,3.0,1.2793434389760558
1.0,3.0,2.8818621981942836
2.0,11.0,3.385562797891059
2.0,6.0,1.235889882835651
8.0,38.0,5.4898103365515905
2.0,2.0,0.11654061834648854
5.0,31.0,1.5034860643698322
2.0,13.0,0.70118694810985
5.0,29.0,1.3418816205097157
3.0,4.0,0.20845987950822212
4.0,19.0,1.5470723628242957
1.0,3.0,1.2793434389760558
0.0,3.0,2.8818621981942836
2.0,11.0,3.385562797891059
1.0,6.0,1.235889882835651
9.0,38.0,5.4898103365515905
1.0,2.0,0.11654061834648854
12.0,31.0,1.5034860643698322
1.0,13.0,0.70118694810985
10.0,29.0,1.3418816205097157
2.0,4.0,0.20845987950822212
5.0,19.0,1.5470723628242957
2.0,3.0,1.2793434389760558
1.0,3.0,2.8818621981942836
6.0,11.0,3.385562797891059
3.0,6.0,1.235889882835651
17.0,38.0,5.4898103365515905
1.0,2.0,0.11654061834648854
8.0,31.0,1.5034860643698322
5.0,13.0,0.70118694810985
11.0,29.0,1.3418816205097157
1.0,4.0,0.20845987950822212
8.0,19.0,1.5470723628242957
2.0,3.0,1.2793434389760558
1.0,3.0,2.8818621981942836
6.0,11.0,3.385562797891059
1.0,6.0,1.235889882835651
15.0,38.0,5.4898103365515905
2.0,2.0,0.11654061834648854
17.0,31.0,1.5034860643698322
6.0,13.0,0.70118694810985
15.0,29.0,1.3418816205097157
2.0,4.0,0.20845987950822212
9.0,19.0,1.5470723628242957
2.0,3.0,1.2793434389760558
1.0,3.0,2.8818621981942836
6.0,11.0,3.385562797891059
0.0,6.0,1.235889882835651
21.0,38.0,5.4898103365515905
2.0,2.0,0.11654061834648854
14.0,31.0,1.5034860643698322
6.0,13.0,0.70118694810985
19.0,29.0,1.3418816205097157
2.0,4.0,0.20845987950822212
14.0,19.0,1.5470723628242957
3.0,3.0,1.2793434389760558
3.0,3.0,2.8818621981942836
9.0,11.0,3.385562797891059
4.0,6.0,1.235889882835651
23.0,38.0,5.4898103365515905
2.0,2.0,0.11654061834648854
20.0,31.0,1.5034860643698322
10.0,13.0,0.70118694810985
19.0,29.0,1.3418816205097157
3.0,4.0,0.20845987950822212
12.0,19.0,1.5470723628242957
3.0,3.0,1.2793434389760558
2.0,3.0,2.8818621981942836
9.0,11.0,3.385562797891059
4.0,6.0,1.235889882835651
25.0,38.0,5.4898103365515905
2.0,2.0,0.11654061834648854
25.0,31.0,1.5034860643698322
10.0,13.0,0.70118694810985
26.0,29.0,1.3418816205097157
3.0,4.0,0.20845987950822212
13.0,19.0,1.5470723628242957
3.0,3.0,1.2793434389760558
3.0,3.0,2.8818621981942836
10.0,11.0,3.385562797891059
6.0,6.0,1.235889882835651
31.0,38.0,5.4898103365515905
2.0,2.0,0.11654061834648854
31.0,31.0,1.5034860643698322
13.0,13.0,0.70118694810985
26.0,29.0,1.3418816205097157
3.0,4.0,0.20845987950822212
16.0,19.0,1.5470723628242957
1.0,3.0,1.9794385399476508
1.0,2.0,1.6031725726346284
4.0,31.0,8.921903429136867
2.0,7.0,0.5685368026025933
10.0,99.0,5.916391579951992
3.0,33.0,0.6793981860176405
4.0,63.0,1.313208811881385
4.0,30.0,0.5539059544656034
6.0,52.0,1.4366494978823983
3.0,15.0,0.3487627481073119
0.0,53.0,1.4454659676872306
2.0,3.0,1.9794385399476508
1.0,2.0,1.6031725726346284
5.0,31.0,8.921903429136867
0.0,7.0,0.5685368026025933
22.0,99.0,5.916391579951992
8.0,33.0,0.6793981860176405
13.0,63.0,1.313208811881385
5.0,30.0,0.5539059544656034
4.0,52.0,1.4366494978823983
0.0,15.0,0.3487627481073119
9.0,53.0,1.4454659676872306
1.0,3.0,1.9794385399476508
1.0,2.0,1.6031725726346284
11.0,31.0,8.921903429136867
5.0,7.0,0.5685368026025933
31.0,99.0,5.916391579951992
11.0,33.0,0.6793981860176405
19.0,63.0,1.313208811881385
15.0,30.0,0.5539059544656034
16.0,52.0,1.4366494978823983
7.0,15.0,0.3487627481073119
16.0,53.0,1.4454659676872306
2.0,3.0,1.9794385399476508
1.0,2.0,1.6031725726346284
16.0,31.0,8.921903429136867
5.0,7.0,0.5685368026025933
34.0,99.0,5.916391579951992
12.0,33.0,0.6793981860176405
29.0,63.0,1.313208811881385
9.0,30.0,0.5539059544656034
18.0,52.0,1.4366494978823983
6.0,15.0,0.3487627481073119
19.0,53.0,1.4454659676872306
1.0,3.0,1.9794385399476508
1.0,2.0,1.6031725726346284
14.0,31.0,8.921903429136867
6.0,7.0,0.5685368026025933
53.0,99.0,5.916391579951992
16.0,33.0,0.6793981860176405
39.0,63.0,1.313208811881385
13.0,30.0,0.5539059544656034
26.0,52.0,1.4366494978823983
9.0,15.0,0.3487627481073119
27.0,53.0,1.4454659676872306
1.0,3.0,1.9794385399476508
0.0,2.0,1.6031725726346284
17.0,31.0,8.921903429136867
4.0,7.0,0.5685368026025933
56.0,99.0,5.916391579951992
21.0,33.0,0.6793981860176405
32.0,63.0,1.313208811881385
21.0,30.0,0.5539059544656034
33.0,52.0,1.4366494978823983
10.0,15.0,0.3487627481073119
38.0,53.0,1.4454659676872306
2.0,3.0,1.9794385399476508
2.0,2.0,1.6031725726346284
25.0,31.0,8.921903429136867
6.0,7.0,0.5685368026025933
70.0,99.0,5.916391579951992
23.0,33.0,0.6793981860176405
44.0,63.0,1.313208811881385
23.0,30.0,0.5539059544656034
31.0,52.0,1.4366494978823983
9.0,15.0,0.3487627481073119
33.0,53.0,1.4454659676872306
2.0,3.0,1.9794385399476508
2.0,2.0,1.6031725726346284
25.0,31.0,8.921903429136867
6.0,7.0,0.5685368026025933
77.0,99.0,5.916391579951992
27.0,33.0,0.6793981860176405
51.0,63.0,1.313208811881385
25.0,30.0,0.5539059544656034
44.0,52.0,1.4366494978823983
15.0,15.0,0.3487627481073119
42.0,53.0,1.4454659676872306
3.0,3.0,1.9794385399476508
1.0,2.0,1.6031725726346284
29.0,31.0,8.921903429136867
7.0,7.0,0.5685368026025933
87.0,99.0,5.916391579951992
30.0,33.0,0.6793981860176405
57.0,63.0,1.313208811881385
27.0,30.0,0.5539059544656034
47.0,52.0,1.4366494978823983
14.0,15.0,0.3487627481073119
42.0,53.0,1.4454659676872306
1.0,4.0,1.6026538027995734
1.0,8.0,5.2870287257545545
0.0,6.0,2.461303624398677
3.0,19.0,2.5786508814389153
3.0,37.0,2.8629617704798345
10.0,71.0,2.83437834954967
2.0,23.0,0.8557703521886382
1.0,3.0,0.05350051046428751
4.0,47.0,1.5183183179616877
10.0,56.0,2.1586779918923233
5.0,48.0,1.1702871910231707
1.0,4.0,1.6026538027995734
0.0,8.0,5.2870287257545545
3.0,6.0,2.461303624398677
2.0,19.0,2.5786508814389153
8.0,37.0,2.8629617704798345
19.0,71.0,2.83437834954967
6.0,23.0,0.8557703521886382
0.0,3.0,0.05350051046428751
8.0,47.0,1.5183183179616877
11.0,56.0,2.1586779918923233
10.0,48.0,1.1702871910231707
1.0,4.0,1.6026538027995734
1.0,8.0,5.2870287257545545
4.0,6.0,2.461303624398677
9.0,19.0,2.5786508814389153
9.0,37.0,2.8629617704798345
22.0,71.0,2.83437834954967
9.0,23.0,0.8557703521886382
1.0,3.0,0.05350051046428751
13.0,47.0,1.5183183179616877
19.0,56.0,2.1586779918923233
13.0,48.0,1.1702871910231707
2.0,4.0,1.6026538027995734
3.0,8.0,5.2870287257545545
3.0,6.0,2.461303624398677
12.0,19.0,2.5786508814389153
12.0,37.0,2.8629617704798345
28.0,71.0,2.83437834954967
11.0,23.0,0.8557703521886382
1.0,3.0,0.05350051046428751
17.0,47.0,1.5183183179616877
22.0,56.0,2.1586779918923233
19.0,48.0,1.1702871910231707
2.0,4.0,1.6026538027995734
3.0,8.0,5.2870287257545545
2.0,6.0,2.461303624398677
6.0,19.0,2.5786508814389153
14.0,37.0,2.8629617704798345
31.0,71.0,2.83437834954967
12.0,23.0,0.8557703521886382
0.0,3.0,0.05350051046428751
22.0,47.0,1.5183183179616877
21.0,56.0,2.1586779918923233
21.0,48.0,1.1702871910231707
3.0,4.0,1.6026538027995734
4.0,8.0,5.2870287257545545
2.0,6.0,2.461303624398677
9.0,19.0,2.5786508814389153
18.0,37.0,2.8629617704798345
47.0,71.0,2.83437834954967
14.0,23.0,0.8557703521886382
1.0,3.0,0.05350051046428751
30.0,47.0,1.5183183179616877
35.0,56.0,2.1586779918923233
29.0,48.0,1.1702871910231707
4.0,4.0,1.6026538027995734
6.0,8.0,5.2870287257545545
4.0,6.0,2.461303624398677
10.0,19.0,2.5786508814389153
27.0,37.0,2.8629617704798345
47.0,71.0,2.83437834954967
12.0,23.0,0.8557703521886382
3.0,3.0,0.05350051046428751
32.0,47.0,1.5183183179616877
43.0,56.0,2.1586779918923233
30.0,48.0,1.1702871910231707
4.0,4.0,1.6026538027995734
7.0,8.0,5.2870287257545545
6.0,6.0,2.461303624398677
16.0,19.0,2.5786508814389153
29.0,37.0,2.8629617704798345
58.0,71.0,2.83437834954967
19.0,23.0,0.8557703521886382
2.0,3.0,0.05350051046428751
38.0,47.0,1.5183183179616877
47.0,56.0,2.1586779918923233
35.0,48.0,1.1702871910231707
4.0,4.0,1.6026538027995734
7.0,8.0,5.2870287257545545
5.0,6.0,2.461303624398677
18.0,19.0,2.5786508814389153
31.0,37.0,2.8629617704798345
65.0,71.0,2.83437834954967
20.0,23.0,0.8557703521886382
3.0,3.0,0.05350051046428751
42.0,47.0,1.5183183179616877
49.0,56.0,2.1586779918923233
43.0,48.0,1.1702871910231707
1.0,5.0,2.240548043821974
0.0,3.0,2.2502525494133225
1.0,20.0,5.664020430717966
8.0,95.0,8.249769890308318
6.0,48.0,1.0849495783840601
1.0,25.0,0.4783494686431157
1.0,19.0,0.5041589475408169
4.0,23.0,0.49609541649827477
7.0,55.0,1.386555095512473
1.0,17.0,0.5605813849007806
3.0,41.0,1.362673515968059
2.0,5.0,2.240548043821974
1.0,3.0,2.2502525494133225
6.0,20.0,5.664020430717966
19.0,95.0,8.249769890308318
13.0,48.0,1.0849495783840601
3.0,25.0,0.4783494686431157
2.0,19.0,0.5041589475408169
6.0,23.0,0.49609541649827477
9.0,55.0,1.386555095512473
4.0,17.0,0.5605813849007806
5.0,41.0,1.362673515968059
3.0,5.0,2.240548043821974
1.0,3.0,2.2502525494133225
7.0,20.0,5.664020430717966
34.0,95.0,8.249769890308318
14.0,48.0,1.0849495783840601
5.0,25.0,0.4783494686431157
8.0,19.0,0.5041589475408169
9.0,23.0,0.49609541649827477
15.0,55.0,1.386555095512473
6.0,17.0,0.5605813849007806
7.0,41.0,1.362673515968059
4.0,5.0,2.240548043821974
3.0,3.0,2.2502525494133225
3.0,20.0,5.664020430717966
43.0,95.0,8.249769890308318
12.0,48.0,1.0849495783840601
13.0,25.0,0.4783494686431157
11.0,19.0,0.5041589475408169
10.0,23.0,0.49609541649827477
22.0,55.0,1.386555095512473
7.0,17.0,0.5605813849007806
18.0,41.0,1.362673515968059
2.0,5.0,2.240548043821974
0.0,3.0,2.2502525494133225
10.0,20.0,5.664020430717966
44.0,95.0,8.249769890308318
29.0,48.0,1.0849495783840601
11.0,25.0,0.4783494686431157
6.0,19.0,0.5041589475408169
9.0,23.0,0.49609541649827477
24.0,55.0,1.386555095512473
6.0,17.0,0.5605813849007806
17.0,41.0,1.362673515968059
1.0,5.0,2.240548043821974
3.0,3.0,2.2502525494133225
10.0,20.0,5.664020430717966
56.0,95.0,8.249769890308318
29.0,48.0,1.0849495783840601
10.0,25.0,0.4783494686431157
12.0,19.0,0.5041589475408169
13.0,23.0,0.49609541649827477
33.0,55.0,1.386555095512473
11.0,17.0,0.5605813849007806
27.0,41.0,1.362673515968059
3.0,5.0,2.240548043821974
2.0,3.0,2.2502525494133225
13.0,20.0,5.664020430717966
61.0,95.0,8.249769890308318
30.0,48.0,1.0849495783840601
19.0,25.0,0.4783494686431157
12.0,19.0,0.5041589475408169
19.0,23.0,0.49609541649827477
37.0,55.0,1.386555095512473
11.0,17.0,0.5605813849007806
25.0,41.0,1.362673515968059
5.0,5.0,2.240548043821974
3.0,3.0,2.2502525494133225
18.0,20.0,5.664020430717966
82.0,95.0,8.249769890308318
37.0,48.0,1.0849495783840601
18.0,25.0,0.4783494686431157
18.0,19.0,0.5041589475408169
16.0,23.0,0.49609541649827477
46.0,55.0,1.386555095512473
14.0,17.0,0.5605813849007806
36.0,41.0,1.362673515968059
5.0,5.0,2.240548043821974
3.0,3.0,2.2502525494133225
16.0,20.0,5.664020430717966
80.0,95.0,8.249769890308318
41.0,48.0,1.0849495783840601
22.0,25.0,0.4783494686431157
16.0,19.0,0.5041589475408169
21.0,23.0,0.49609541649827477
53.0,55.0,1.386555095512473
15.0,17.0,0.5605813849007806
37.0,41.0,1.362673515968059
1.0,3.0,4.542746307111998
0.0,5.0,3.761084767831657
2.0,11.0,3.1622371319933
0.0,8.0,1.367401438390832
1.0,9.0,1.8153671749936198
1.0,17.0,2.403704277944399
2.0,26.0,2.182726420898088
2.0,9.0,0.6017583193901406
1.0,5.0,0.23304258258999633
5.0,17.0,1.4260537105721298
3.0,18.0,0.950036838736167
1.0,3.0,4.542746307111998
3.0,5.0,3.761084767831657
4.0,11.0,3.1622371319933
2.0,8.0,1.367401438390832
1.0,9.0,1.8153671749936198
6.0,17.0,2.403704277944399
4.0,26.0,2.182726420898088
1.0,9.0,0.6017583193901406
0.0,5.0,0.23304258258999633
2.0,17.0,1.4260537105721298
7.0,18.0,0.950036838736167
1.0,3.0,4.542746307111998
2.0,5.0,3.761084767831657
2.0,11.0,3.1622371319933
3.0,8.0,1.367401438390832
1.0,9.0,1.8153671749936198
1.0,17.0,2.403704277944399
7.0,26.0,2.182726420898088
2.0,9.0,0.6017583193901406
2.0,5.0,0.23304258258999633
6.0,17.0,1.4260537105721298
8.0,18.0,0.950036838736167
1.0,3.0,4.542746307111998
1.0,5.0,3.761084767831657
3.0,11.0,3.1622371319933
3.0,8.0,1.367401438390832
2.0,9.0,1.8153671749936198
6.0,17.0,2.403704277944399
11.0,26.0,2.182726420898088
3.0,9.0,0.6017583193901406
1.0,5.0,0.23304258258999633
7.0,17.0,1.4260537105721298
8.0,18.0,0.950036838736167
1.0,3.0,4.542746307111998
1.0,5.0,3.761084767831657
6.0,11.0,3.1622371319933
4.0,8.0,1.367401438390832
3.0,9.0,1.8153671749936198
8.0,17.0,2.403704277944399
13.0,26.0,2.182726420898088
4.0,9.0,0.6017583193901406
3.0,5.0,0.23304258258999633
10.0,17.0,1.4260537105721298
10.0,18.0,0.950036838736167
1.0,3.0,4.542746307111998
2.0,5.0,3.761084767831657
5.0,11.0,3.1622371319933
4.0,8.0,1.367401438390832
4.0,9.0,1.8153671749936198
10.0,17.0,2.403704277944399
13.0,26.0,2.182726420898088
4.0,9.0,0.6017583193901406
2.0,5.0,0.23304258258999633
11.0,17.0,1.4260537105721298
12.0,18.0,0.950036838736167
2.0,3.0,4.542746307111998
3.0,5.0,3.761084767831657
6.0,11.0,3.1622371319933
5.0,8.0,1.367401438390832
7.0,9.0,1.8153671749936198
9.0,17.0,2.403704277944399
15.0,26.0,2.182726420898088
7.0,9.0,0.6017583193901406
3.0,5.0,0.23304258258999633
12.0,17.0,1.4260537105721298
13.0,18.0,0.950036838736167
2.0,3.0,4.542746307111998
5.0,5.0,3.761084767831657
10.0,11.0,3.1622371319933
6.0,8.0,1.367401438390832
7.0,9.0,1.8153671749936198
12.0,17.0,2.403704277944399
22.0,26.0,2.182726420898088
8.0,9.0,0.6017583193901406
5.0,5.0,0.23304258258999633
14.0,17.0,1.4260537105721298
17.0,18.0,0.950036838736167
1.0,3.0,4.542746307111998
4.0,5.0,3.761084767831657
11.0,11.0,3.1622371319933
8.0,8.0,1.367401438390832
8.0,9.0,1.8153671749936198
13.0,17.0,2.403704277944399
26.0,26.0,2.182726420898088
9.0,9.0,0.6017583193901406
4.0,5.0,0.23304258258999633
14.0,17.0,1.4260537105721298
15.0,18.0,0.950036838736167
1.0,7.0,9.719361718056641
1.0,5.0,2.3149548406574416
3.0,16.0,3.230454858751487
0.0,6.0,0.6715110582834752
1.0,41.0,3.6096166029328254
7.0,58.0,2.4606882491893916
2.0,7.0,0.2929827310924997
1.0,19.0,0.4675600141959746
10.0,71.0,2.5433162591378684
6.0,33.0,0.6769579673510674
1.0,5.0,0.16043663662559118
1.0,7.0,9.719361718056641
3.0,5.0,2.3149548406574416
7.0,16.0,3.230454858751487
2.0,6.0,0.6715110582834752
7.0,41.0,3.6096166029328254
13.0,58.0,2.4606882491893916
2.0,7.0,0.2929827310924997
4.0,19.0,0.4675600141959746
22.0,71.0,2.5433162591378684
8.0,33.0,0.6769579673510674
0.0,5.0,0.16043663662559118
2.0,7.0,9.719361718056641
1.0,5.0,2.3149548406574416
6.0,16.0,3.230454858751487
1.0,6.0,0.6715110582834752
13.0,41.0,3.6096166029328254
20.0,58.0,2.4606882491893916
4.0,7.0,0.2929827310924997
7.0,19.0,0.4675600141959746
17.0,71.0,2.5433162591378684
9.0,33.0,0.6769579673510674
1.0,5.0,0.16043663662559118
3.0,7.0,9.719361718056641
2.0,5.0,2.3149548406574416
3.0,16.0,3.230454858751487
3.0,6.0,0.6715110582834752
13.0,41.0,3.6096166029328254
21.0,58.0,2.4606882491893916
1.0,7.0,0.2929827310924997
11.0,19.0,0.4675600141959746
28.0,71.0,2.5433162591378684
19.0,33.0,0.6769579673510674
2.0,5.0,0.16043663662559118
4.0,7.0,9.719361718056641
1.0,5.0,2.3149548406574416
6.0,16.0,3.230454858751487
2.0,6.0,0.6715110582834752
22.0,41.0,3.6096166029328254
20.0,58.0,2.4606882491893916
5.0,7.0,0.2929827310924997
13.0,19.0,0.4675600141959746
40.0,71.0,2.5433162591378684
21.0,33.0,0.6769579673510674
3.0,5.0,0.16043663662559118
4.0,7.0,9.719361718056641
3.0,5.0,2.3149548406574416
12.0,16.0,3.230454858751487
4.0,6.0,0.6715110582834752
24.0,41.0,3.6096166029328254
37.0,58.0,2.4606882491893916
4.0,7.0,0.2929827310924997
11.0,19.0,0.4675600141959746
42.0,71.0,2.5433162591378684
22.0,33.0,0.6769579673510674
2.0,5.0,0.16043663662559118
2.0,7.0,9.719361718056641
5.0,5.0,2.3149548406574416
11.0,16.0,3.230454858751487
3.0,6.0,0.6715110582834752
31.0,41.0,3.6096166029328254
37.0,58.0,2.4606882491893916
6.0,7.0,0.2929827310924997
11.0,19.0,0.4675600141959746
47.0,71.0,2.5433162591378684
22.0,33.0,0.6769579673510674
3.0,5.0,0.16043663662559118
6.0,7.0,9.719361718056641
4.0,5.0,2.3149548406574416
14.0,16.0,3.230454858751487
5.0,6.0,0.6715110582834752
35.0,41.0,3.6096166029328254
51.0,58.0,2.4606882491893916
5.0,7.0,0.2929827310924997
18.0,19.0,0.4675600141959746
51.0,71.0,2.5433162591378684
25.0,33.0,0.6769579673510674
5.0,5.0,0.16043663662559118
5.0,7.0,9.719361718056641
5.0,5.0,2.3149548406574416
15.0,16.0,3.230454858751487
6.0,6.0,0.6715110582834752
36.0,41.0,3.6096166029328254
48.0,58.0,2.4606882491893916
6.0,7.0,0.2929827310924997
19.0,19.0,0.4675600141959746
63.0,71.0,2.5433162591378684
32.0,33.0,0.6769579673510674
5.0,5.0,0.16043663662559118
1.0,5.0,7.938945546763232
5.0,14.0,3.6909426561787164
0.0,11.0,1.444167098326825
2.0,31.0,3.4888083056645125
2.0,10.0,0.7724136508853839
4.0,55.0,3.237059876705844
0.0,4.0,0.14216998312439716
1.0,21.0,0.7976875883302994
2.0,14.0,0.4820729595565104
0.0,20.0,1.1959085495861983
0.0,13.0,0.5739809459092962
1.0,5.0,7.938945546763232
3.0,14.0,3.6909426561787164
4.0,11.0,1.444167098326825
7.0,31.0,3.4888083056645125
2.0,10.0,0.7724136508853839
13.0,55.0,3.237059876705844
1.0,4.0,0.14216998312439716
3.0,21.0,0.7976875883302994
4.0,14.0,0.4820729595565104
3.0,20.0,1.1959085495861983
1.0,13.0,0.5739809459092962
2.0,5.0,7.938945546763232
3.0,14.0,3.6909426561787164
5.0,11.0,1.444167098326825
14.0,31.0,3.4888083056645125
3.0,10.0,0.7724136508853839
15.0,55.0,3.237059876705844
3.0,4.0,0.14216998312439716
5.0,21.0,0.7976875883302994
4.0,14.0,0.4820729595565104
9.0,20.0,1.1959085495861983
1.0,13.0,0.5739809459092962
2.0,5.0,7.938945546763232
4.0,14.0,3.6909426561787164
6.0,11.0,1.444167098326825
13.0,31.0,3.4888083056645125
3.0,10.0,0.7724136508853839
18.0,55.0,3.237059876705844
2.0,4.0,0.14216998312439716
9.0,21.0,0.7976875883302994
5.0,14.0,0.4820729595565104
7.0,20.0,1.1959085495861983
6.0,13.0,0.5739809459092962
4.0,5.0,7.938945546763232
7.0,14.0,3.6909426561787164
4.0,11.0,1.444167098326825
18.0,31.0,3.4888083056645125
4.0,10.0,0.7724136508853839
28.0,55.0,3.237059876705844
3.0,4.0,0.14216998312439716
9.0,21.0,0.7976875883302994
4.0,14.0,0.4820729595565104
12.0,20.0,1.1959085495861983
7.0,13.0,0.5739809459092962
3.0,5.0,7.938945546763232
7.0,14.0,3.6909426561787164
4.0,11.0,1.444167098326825
21.0,31.0,3.4888083056645125
8.0,10.0,0.7724136508853839
33.0,55.0,3.237059876705844
3.0,4.0,0.14216998312439716
13.0,21.0,0.7976875883302994
8.0,14.0,0.4820729595565104
12.0,20.0,1.1959085495861983
7.0,13.0,0.5739809459092962
5.0,5.0,7.938945546763232
11.0,14.0,3.6909426561787164
6.0,11.0,1.444167098326825
23.0,31.0,3.4888083056645125
6.0,10.0,0.7724136508853839
40.0,55.0,3.237059876705844
2.0,4.0,0.14216998312439716
15.0,21.0,0.7976875883302994
12.0,14.0,0.4820729595565104
14.0,20.0,1.1959085495861983
6.0,13.0,0.5739809459092962
3.0,5.0,7.938945546763232
12.0,14.0,3.6909426561787164
10.0,11.0,1.444167098326825
22.0,31.0,3.4888083056645125
7.0,10.0,0.7724136508853839
46.0,55.0,3.237059876705844
4.0,4.0,0.14216998312439716
19.0,21.0,0.7976875883302994
11.0,14.0,0.4820729595565104
18.0,20.0,1.1959085495861983
13.0,13.0,0.5739809459092962
4.0,5.0,7.938945546763232
12.0,14.0,3.6909426561787164
11.0,11.0,1.444167098326825
28.0,31.0,3.4888083056645125
9.0,10.0,0.7724136508853839
52.0,55.0,3.237059876705844
4.0,4.0,0.14216998312439716
21.0,21.0,0.7976875883302994
9.0,14.0,0.4820729595565104
20.0,20.0,1.1959085495861983
11.0,13.0,0.5739809459092962
1.0,5.0,5.417453351317655
1.0,13.0,7.204059045009238
5.0,37.0,4.433632625762891
0.0,3.0,0.4015944708894501
9.0,43.0,2.224836621870785
1.0,22.0,1.045555022294923
7.0,48.0,1.269860526430042
4.0,77.0,1.8264695457576736
10.0,107.0,2.6166217642668252
0.0,7.0,0.14224121775222434
1.0,10.0,0.1696668028831399
3.0,5.0,5.417453351317655
3.0,13.0,7.204059045009238
8.0,37.0,4.433632625762891
0.0,3.0,0.4015944708894501
8.0,43.0,2.224836621870785
5.0,22.0,1.045555022294923
5.0,48.0,1.269860526430042
23.0,77.0,1.8264695457576736
19.0,107.0,2.6166217642668252
1.0,7.0,0.14224121775222434
3.0,10.0,0.1696668028831399
3.0,5.0,5.417453351317655
2.0,13.0,7.204059045009238
9.0,37.0,4.433632625762891
1.0,3.0,0.4015944708894501
12.0,43.0,2.224836621870785
6.0,22.0,1.045555022294923
16.0,48.0,1.269860526430042
23.0,77.0,1.8264695457576736
36.0,107.0,2.6166217642668252
2.0,7.0,0.14224121775222434
4.0,10.0,0.1696668028831399
3.0,5.0,5.417453351317655
8.0,13.0,7.204059045009238
14.0,37.0,4.433632625762891
1.0,3.0,0.4015944708894501
19.0,43.0,2.224836621870785
4.0,22.0,1.045555022294923
20.0,48.0,1.269860526430042
29.0,77.0,1.8264695457576736
47.0,107.0,2.6166217642668252
3.0,7.0,0.14224121775222434
3.0,10.0,0.1696668028831399
3.0,5.0,5.417453351317655
7.0,13.0,7.204059045009238
17.0,37.0,4.433632625762891
3.0,3.0,0.4015944708894501
22.0,43.0,2.224836621870785
5.0,22.0,1.045555022294923
23.0,48.0,1.269860526430042
46.0,77.0,1.8264695457576736
43.0,107.0,2.6166217642668252
4.0,7.0,0.14224121775222434
6.0,10.0,0.1696668028831399
5.0,5.0,5.417453351317655
11.0,13.0,7.204059045009238
25.0,37.0,4.433632625762891
0.0,3.0,0.4015944708894501
25.0,43.0,2.224836621870785
12.0,22.0,1.045555022294923
29.0,48.0,1.269860526430042
44.0,77.0,1.8264695457576736
62.0,107.0,2.6166217642668252
4.0,7.0,0.14224121775222434
8.0,10.0,0.1696668028831399
4.0,5.0,5.417453351317655
10.0,13.0,7.204059045009238
30.0,37.0,4.433632625762891
3.0,3.0,0.4015944708894501
31.0,43.0,2.224836621870785
18.0,22.0,1.045555022294923
34.0,48.0,1.269860526430042
55.0,77.0,1.8264695457576736
74.0,107.0,2.6166217642668252
5.0,7.0,0.14224121775222434
6.0,10.0,0.1696668028831399
5.0,5.0,5.417453351317655
11.0,13.0,7.204059045009238
32.0,37.0,4.433632625762891
3.0,3.0,0.4015944708894501
34.0,43.0,2.224836621870785
14.0,22.0,1.045555022294923
42.0,48.0,1.269860526430042
63.0,77.0,1.8264695457576736
78.0,107.0,2.6166217642668252
7.0,7.0,0.14224121775222434
9.0,10.0,0.1696668028831399
5.0,5.0,5.417453351317655
12.0,13.0,7.204059045009238
32.0,37.0,4.433632625762891
3.0,3.0,0.4015944708894501
39.0,43.0,2.224836621870785
21.0,22.0,1.045555022294923
41.0,48.0,1.269860526430042
70.0,77.0,1.8264695457576736
95.0,107.0,2.6166217642668252
6.0,7.0,0.14224121775222434
9.0,10.0,0.1696668028831399
3.0,6.0,4.471828331548527
0.0,11.0,5.997728016418381
2.0,5.0,1.1015970333912337
3.0,31.0,3.4013849296399945
1.0,31.0,2.442369073825229
1.0,4.0,0.1755160513165821
3.0,15.0,0.939862646697375
0.0,26.0,1.1609068017546218
1.0,7.0,0.26986540295547734
3.0,14.0,0.6668601045771135
1.0,13.0,0.9204739022582099
1.0,6.0,4.471828331548527
3.0,11.0,5.997728016418381
1.0,5.0,1.1015970333912337
6.0,31.0,3.4013849296399945
7.0,31.0,2.442369073825229
3.0,4.0,0.1755160513165821
1.0,15.0,0.939862646697375
7.0,26.0,1.1609068017546218
2.0,7.0,0.26986540295547734
4.0,14.0,0.6668601045771135
1.0,13.0,0.9204739022582099
2.0,6.0,4.471828331548527
3.0,11.0,5.997728016418381
0.0,5.0,1.1015970333912337
10.0,31.0,3.4013849296399945
7.0,31.0,2.442369073825229
1.0,4.0,0.1755160513165821
3.0,15.0,0.939862646697375
9.0,26.0,1.1609068017546218
1.0,7.0,0.26986540295547734
4.0,14.0,0.6668601045771135
6.0,13.0,0.9204739022582099
3.0,6.0,4.471828331548527
7.0,11.0,5.997728016418381
1.0,5.0,1.1015970333912337
12.0,31.0,3.4013849296399945
12.0,31.0,2.442369073825229
2.0,4.0,0.1755160513165821
7.0,15.0,0.939862646697375
16.0,26.0,1.1609068017546218
2.0,7.0,0.26986540295547734
3.0,14.0,0.6668601045771135
8.0,13.0,0.9204739022582099
4.0,6.0,4.471828331548527
4.0,11.0,5.997728016418381
0.0,5.0,1.1015970333912337
17.0,31.0,3.4013849296399945
9.0,31.0,2.442369073825229
2.0,4.0,0.1755160513165821
8.0,15.0,0.939862646697375
11.0,26.0,1.1609068017546218
3.0,7.0,0.26986540295547734
7.0,14.0,0.6668601045771135
5.0,13.0,0.9204739022582099
3.0,6.0,4.471828331548527
3.0,11.0,5.997728016418381
3.0,5.0,1.1015970333912337
10.0,31.0,3.4013849296399945
18.0,31.0,2.442369073825229
1.0,4.0,0.1755160513165821
13.0,15.0,0.939862646697375
19.0,26.0,1.1609068017546218
2.0,7.0,0.26986540295547734
12.0,14.0,0.6668601045771135
7.0,13.0,0.9204739022582099
3.0,6.0,4.471828331548527
7.0,11.0,5.997728016418381
3.0,5.0,1.1015970333912337
26.0,31.0,3.4013849296399945
24.0,31.0,2.442369073825229
3.0,4.0,0.1755160513165821
13.0,15.0,0.939862646697375
19.0,26.0,1.1609068017546218
3.0,7.0,0.26986540295547734
12.0,14.0,0.6668601045771135
7.0,13.0,0.9204739022582099
5.0,6.0,4.471828331548527
10.0,11.0,5.997728016418381
4.0,5.0,1.1015970333912337
25.0,31.0,3.4013849296399945
26.0,31.0,2.442369073825229
4.0,4.0,0.1755160513165821
11.0,15.0,0.939862646697375
20.0,26.0,1.1609068017546218
5.0,7.0,0.26986540295547734
12.0,14.0,0.6668601045771135
8.0,13.0,0.9204739022582099
5.0,6.0,4.471828331548527
10.0,11.0,5.997728016418381
5.0,5.0,1.1015970333912337
26.0,31.0,3.4013849296399945
28.0,31.0,2.442369073825229
4.0,4.0,0.1755160513165821
14.0,15.0,0.939862646697375
23.0,26.0,1.1609068017546218
5.0,7.0,0.26986540295547734
11.0,14.0,0.6668601045771135
11.0,13.0,0.9204739022582099
1.0,3.0,2.738572947010604
0.0,3.0,3.264627711941509
2.0,12.0,3.9773674590728563
2.0,17.0,2.9336012825612396
2.0,22.0,1.7137935663580106
6.0,32.0,2.486017782563047
7.0,80.0,3.51128632991033
2.0,4.0,0.18096104287506562
1.0,35.0,0.8838794264347327
3.0,71.0,1.8971174013305023
0.0,7.0,0.19637351403820155
1.0,3.0,2.738572947010604
0.0,3.0,3.264627711941509
2.0,12.0,3.9773674590728563
2.0,17.0,2.9336012825612396
2.0,22.0,1.7137935663580106
8.0,32.0,2.486017782563047
17.0,80.0,3.51128632991033
1.0,4.0,0.18096104287506562
4.0,35.0,0.8838794264347327
11.0,71.0,1.8971174013305023
1.0,7.0,0.19637351403820155
3.0,3.0,2.738572947010604
1.0,3.0,3.264627711941509
5.0,12.0,3.9773674590728563
7.0,17.0,2.9336012825612396
7.0,22.0,1.7137935663580106
11.0,32.0,2.486017782563047
24.0,80.0,3.51128632991033
1.0,4.0,0.18096104287506562
7.0,35.0,0.8838794264347327
18.0,71.0,1.8971174013305023
2.0,7.0,0.19637351403820155
1.0,3.0,2.738572947010604
3.0,3.0,3.264627711941509
3.0,12.0,3.9773674590728563
9.0,17.0,2.9336012825612396
11.0,22.0,1.7137935663580106
12.0,32.0,2.486017782563047
32.0,80.0,3.51128632991033
1.0,4.0,0.18096104287506562
9.0,35.0,0.8838794264347327
34.0,71.0,1.8971174013305023
6.0,7.0,0.19637351403820155
3.0,3.0,2.738572947010604
2.0,3.0,3.264627711941509
7.0,12.0,3.9773674590728563
6.0,17.0,2.9336012825612396
13.0,22.0,1.7137935663580106
17.0,32.0,2.486017782563047
35.0,80.0,3.51128632991033
2.0,4.0,0.18096104287506562
17.0,35.0,0.8838794264347327
41.0,71.0,1.8971174013305023
5.0,7.0,0.19637351403820155
1.0,3.0,2.738572947010604
1.0,3.0,3.264627711941509
7.0,12.0,3.9773674590728563
11.0,17.0,2.9336012825612396
15.0,22.0,1.7137935663580106
22.0,32.0,2.486017782563047
40.0,80.0,3.51128632991033
4.0,4.0,0.18096104287506562
21.0,35.0,0.8838794264347327
41.0,71.0,1.8971174013305023
4.0,7.0,0.19637351403820155
3.0,3.0,2.738572947010604
3.0,3.0,3.264627711941509
11.0,12.0,3.9773674590728563
11.0,17.0,2.9336012825612396
16.0,22.0,1.7137935663580106
24.0,32.0,2.486017782563047
62.0,80.0,3.51128632991033
4.0,4.0,0.18096104287506562
18.0,35.0,0.8838794264347327
53.0,71.0,1.8971174013305023
6.0,7.0,0.19637351403820155
2.0,3.0,2.738572947010604
3.0,3.0,3.264627711941509
9.0,12.0,3.9773674590728563
13.0,17.0,2.9336012825612396
18.0,22.0,1.7137935663580106
21.0,32.0,2.486017782563047
69.0,80.0,3.51128632991033
3.0,4.0,0.18096104287506562
23.0,35.0,0.8838794264347327
60.0,71.0,1.8971174013305023
4.0,7.0,0.19637351403820155
3.0,3.0,2.738572947010604
1.0,3.0,3.264627711941509
11.0,12.0,3.9773674590728563
15.0,17.0,2.9336012825612396
22.0,22.0,1.7137935663580106
29.0,32.0,2.486017782563047
71.0,80.0,3.51128632991033
4.0,4.0,0.18096104287506562
30.0,35.0,0.8838794264347327
60.0,71.0,1.8971174013305023
6.0,7.0,0.19637351403820155
2.0,8.0,11.930231788608378
0.0,4.0,2.3645009341966263
1.0,4.0,1.4787891066256902
1.0,7.0,1.2456863595962369
2.0,24.0,3.1336239782097848
0.0,5.0,0.6871476520066498
4.0,46.0,3.8030073164508873
1.0,7.0,0.5534212923039653
5.0,44.0,1.8104319236418644
0.0,17.0,0.46767495564580935
5.0,46.0,2.107257471378938
1.0,8.0,11.930231788608378
1.0,4.0,2.3645009341966263
1.0,4.0,1.4787891066256902
1.0,7.0,1.2456863595962369
6.0,24.0,3.1336239782097848
1.0,5.0,0.6871476520066498
11.0,46.0,3.8030073164508873
1.0,7.0,0.5534212923039653
7.0,44.0,1.8104319236418644
2.0,17.0,0.46767495564580935
10.0,46.0,2.107257471378938
3.0,8.0,11.930231788608378
0.0,4.0,2.3645009341966263
1.0,4.0,1.4787891066256902
1.0,7.0,1.2456863595962369
5.0,24.0,3.1336239782097848
1.0,5.0,0.6871476520066498
9.0,46.0,3.8030073164508873
2.0,7.0,0.5534212923039653
14.0,44.0,1.8104319236418644
5.0,17.0,0.46767495564580935
13.0,46.0,2.107257471378938
4.0,8.0,11.930231788608378
1.0,4.0,2.3645009341966263
2.0,4.0,1.4787891066256902
3.0,7.0,1.2456863595962369
7.0,24.0,3.1336239782097848
2.0,5.0,0.6871476520066498
16.0,46.0,3.8030073164508873
3.0,7.0,0.5534212923039653
17.0,44.0,1.8104319236418644
8.0,17.0,0.46767495564580935
14.0,46.0,2.107257471378938
5.0,8.0,11.930231788608378
2.0,4.0,2.3645009341966263
3.0,4.0,1.4787891066256902
3.0,7.0,1.2456863595962369
15.0,24.0,3.1336239782097848
4.0,5.0,0.6871476520066498
23.0,46.0,3.8030073164508873
2.0,7.0,0.5534212923039653
21.0,44.0,1.8104319236418644
6.0,17.0,0.46767495564580935
23.0,46.0,2.107257471378938
7.0,8.0,11.930231788608378
2.0,4.0,2.3645009341966263
2.0,4.0,1.4787891066256902
4.0,7.0,1.2456863595962369
14.0,24.0,3.1336239782097848
3.0,5.0,0.6871476520066498
34.0,46.0,3.8030073164508873
6.0,7.0,0.5534212923039653
24.0,44.0,1.8104319236418644
10.0,17.0,0.46767495564580935
21.0,46.0,2.107257471378938
8.0,8.0,11.930231788608378
2.0,4.0,2.3645009341966263
2.0,4.0,1.4787891066256902
4.0,7.0,1.2456863595962369
17.0,24.0,3.1336239782097848
3.0,5.0,0.6871476520066498
33.0,46.0,3.8030073164508873
5.0,7.0,0.5534212923039653
30.0,44.0,1.8104319236418644
12.0,17.0,0.46767495564580935
34.0,46.0,2.107257471378938
8.0,8.0,11.930231788608378
3.0,4.0,2.3645009341966263
3.0,4.0,1.4787891066256902
6.0,7.0,1.2456863595962369
20.0,24.0,3.1336239782097848
2.0,5.0,0.6871476520066498
36.0,46.0,3.8030073164508873
7.0,7.0,0.5534212923039653
34.0,44.0,1.8104319236418644
12.0,17.0,0.46767495564580935
33.0,46.0,2.107257471378938
8.0,8.0,11.930231788608378
3.0,4.0,2.3645009341966263
4.0,4.0,1.4787891066256902
7.0,7.0,1.2456863595962369
23.0,24.0,3.1336239782097848
4.0,5.0,0.6871476520066498
41.0,46.0,3.8030073164508873
6.0,7.0,0.5534212923039653
38.0,44.0,1.8104319236418644
12.0,17.0,0.46767495564580935
43.0,46.0,2.107257471378938
2.0,5.0,3.6501012002036983
3.0,6.0,2.674768294585431
1.0,9.0,2.928942235475921
1.0,6.0,0.9137529173797452
6.0,24.0,2.947091607704823
3.0,40.0,3.6483070525611767
1.0,24.0,0.6758271541517445
8.0,88.0,3.172447647556852
5.0,73.0,1.5124192888894101
2.0,16.0,0.20321776099501498
2.0,10.0,0.18431213152529705
1.0,5.0,3.6501012002036983
2.0,6.0,2.674768294585431
2.0,9.0,2.928942235475921
2.0,6.0,0.9137529173797452
6.0,24.0,2.947091607704823
7.0,40.0,3.6483070525611767
5.0,24.0,0.6758271541517445
18.0,88.0,3.172447647556852
21.0,73.0,1.5124192888894101
1.0,16.0,0.20321776099501498
2.0,10.0,0.18431213152529705
3.0,5.0,3.6501012002036983
1.0,6.0,2.674768294585431
2.0,9.0,2.928942235475921
1.0,6.0,0.9137529173797452
8.0,24.0,2.947091607704823
12.0,40.0,3.6483070525611767
6.0,24.0,0.6758271541517445
36.0,88.0,3.172447647556852
22.0,73.0,1.5124192888894101
5.0,16.0,0.20321776099501498
3.0,10.0,0.18431213152529705
1.0,5.0,3.6501012002036983
1.0,6.0,2.674768294585431
3.0,9.0,2.928942235475921
3.0,6.0,0.9137529173797452
11.0,24.0,2.947091607704823
14.0,40.0,3.6483070525611767
6.0,24.0,0.6758271541517445
34.0,88.0,3.172447647556852
22.0,73.0,1.5124192888894101
5.0,16.0,0.20321776099501498
4.0,10.0,0.18431213152529705
3.0,5.0,3.6501012002036983
0.0,6.0,2.674768294585431
3.0,9.0,2.928942235475921
3.0,6.0,0.9137529173797452
13.0,24.0,2.947091607704823
24.0,40.0,3.6483070525611767
11.0,24.0,0.6758271541517445
44.0,88.0,3.172447647556852
42.0,73.0,1.5124192888894101
7.0,16.0,0.20321776099501498
6.0,10.0,0.18431213152529705
3.0,5.0,3.6501012002036983
4.0,6.0,2.674768294585431
8.0,9.0,2.928942235475921
5.0,6.0,0.9137529173797452
17.0,24.0,2.947091607704823
27.0,40.0,3.6483070525611767
16.0,24.0,0.6758271541517445
52.0,88.0,3.172447647556852
45.0,73.0,1.5124192888894101
12.0,16.0,0.20321776099501498
3.0,10.0,0.18431213152529705
3.0,5.0,3.6501012002036983
4.0,6.0,2.674768294585431
4.0,9.0,2.928942235475921
4.0,6.0,0.9137529173797452
18.0,24.0,2.947091607704823
31.0,40.0,3.6483070525611767
19.0,24.0,0.6758271541517445
58.0,88.0,3.172447647556852
51.0,73.0,1.5124192888894101
11.0,16.0,0.20321776099501498
4.0,10.0,0.18431213152529705
5.0,5.0,3.6501012002036983
3.0,6.0,2.674768294585431
8.0,9.0,2.928942235475921
4.0,6.0,0.9137529173797452
19.0,24.0,2.947091607704823
33.0,40.0,3.6483070525611767
20.0,24.0,0.6758271541517445
70.0,88.0,3.172447647556852
53.0,73.0,1.5124192888894101
14.0,16.0,0.20321776099501498
6.0,10.0,0.18431213152529705
5.0,5.0,3.6501012002036983
6.0,6.0,2.674768294585431
9.0,9.0,2.928942235475921
6.0,6.0,0.9137529173797452
22.0,24.0,2.947091607704823
38.0,40.0,3.6483070525611767
22.0,24.0,0.6758271541517445
83.0,88.0,3.172447647556852
64.0,73.0,1.5124192888894101
14.0,16.0,0.20321776099501498
7.0,10.0,0.18431213152529705
2.0,7.0,13.559827300300999
1.0,8.0,4.87654447143062
0.0,12.0,3.8976526330952015
3.0,16.0,1.9891771562015461
1.0,13.0,0.9337643123095534
2.0,31.0,2.5171766411182777
3.0,53.0,2.367498835666407
3.0,17.0,0.3760037169477361
2.0,23.0,0.8293998546693555
3.0,22.0,0.7778237856207242
4.0,48.0,2.0927460415797396
1.0,7.0,13.559827300300999
2.0,8.0,4.87654447143062
3.0,12.0,3.8976526330952015
5.0,16.0,1.9891771562015461
3.0,13.0,0.9337643123095534
4.0,31.0,2.5171766411182777
19.0,53.0,2.367498835666407
2.0,17.0,0.3760037169477361
4.0,23.0,0.8293998546693555
4.0,22.0,0.7778237856207242
8.0,48.0,2.0927460415797396
3.0,7.0,13.559827300300999
3.0,8.0,4.87654447143062
1.0,12.0,3.8976526330952015
4.0,16.0,1.9891771562015461
2.0,13.0,0.9337643123095534
12.0,31.0,2.5171766411182777
17.0,53.0,2.367498835666407
4.0,17.0,0.3760037169477361
7.0,23.0,0.8293998546693555
6.0,22.0,0.7778237856207242
16.0,48.0,2.0927460415797396
5.0,7.0,13.559827300300999
1.0,8.0,4.87654447143062
3.0,12.0,3.8976526330952015
7.0,16.0,1.9891771562015461
6.0,13.0,0.9337643123095534
19.0,31.0,2.5171766411182777
23.0,53.0,2.367498835666407
5.0,17.0,0.3760037169477361
13.0,23.0,0.8293998546693555
12.0,22.0,0.7778237856207242
18.0,48.0,2.0927460415797396
3.0,7.0,13.559827300300999
4.0,8.0,4.87654447143062
5.0,12.0,3.8976526330952015
10.0,16.0,1.9891771562015461
7.0,13.0,0.9337643123095534
15.0,31.0,2.5171766411182777
28.0,53.0,2.367498835666407
5.0,17.0,0.3760037169477361
15.0,23.0,0.8293998546693555
9.0,22.0,0.7778237856207242
28.0,48.0,2.0927460415797396
3.0,7.0,13.559827300300999
5.0,8.0,4.87654447143062
7.0,12.0,3.8976526330952015
8.0,16.0,1.9891771562015461
11.0,13.0,0.9337643123095534
19.0,31.0,2.5171766411182777
33.0,53.0,2.367498835666407
10.0,17.0,0.3760037169477361
15.0,23.0,0.8293998546693555
16.0,22.0,0.7778237856207242
28.0,48.0,2.0927460415797396
6.0,7.0,13.559827300300999
6.0,8.0,4.87654447143062
7.0,12.0,3.8976526330952015
11.0,16.0,1.9891771562015461
9.0,13.0,0.9337643123095534
20.0,31.0,2.5171766411182777
36.0,53.0,2.367498835666407
11.0,17.0,0.3760037169477361
16.0,23.0,0.8293998546693555
17.0,22.0,0.7778237856207242
35.0,48.0,2.0927460415797396
5.0,7.0,13.559827300300999
6.0,8.0,4.87654447143062
9.0,12.0,3.8976526330952015
14.0,16.0,1.9891771562015461
10.0,13.0,0.9337643123095534
27.0,31.0,2.5171766411182777
43.0,53.0,2.367498835666407
14.0,17.0,0.3760037169477361
20.0,23.0,0.8293998546693555
15.0,22.0,0.7778237856207242
42.0,48.0,2.0927460415797396
4.0,7.0,13.559827300300999
8.0,8.0,4.87654447143062
11.0,12.0,3.8976526330952015
15.0,16.0,1.9891771562015461
12.0,13.0,0.9337643123095534
27.0,31.0,2.5171766411182777
51.0,53.0,2.367498835666407
15.0,17.0,0.3760037169477361
20.0,23.0,0.8293998546693555
19.0,22.0,0.7778237856207242
42.0,48.0,2.0927460415797396
1.0,3.0,6.073218901346678
0.0,4.0,1.717189412598095
4.0,44.0,10.549625137974093
4.0,57.0,3.9555253687631593
7.0,32.0,1.1031219936248846
3.0,26.0,0.5066294142555992
7.0,65.0,1.5636666656825164
4.0,24.0,0.503963885574883
10.0,89.0,1.9448440576425463
2.0,12.0,0.18873056674527242
3.0,44.0,1.100393828298973
1.0,3.0,6.073218901346678
2.0,4.0,1.717189412598095
9.0,44.0,10.549625137974093
12.0,57.0,3.9555253687631593
5.0,32.0,1.1031219936248846
7.0,26.0,0.5066294142555992
16.0,65.0,1.5636666656825164
3.0,24.0,0.503963885574883
17.0,89.0,1.9448440576425463
4.0,12.0,0.18873056674527242
10.0,44.0,1.100393828298973
2.0,3.0,6.073218901346678
0.0,4.0,1.717189412598095
13.0,44.0,10.549625137974093
19.0,57.0,3.9555253687631593
10.0,32.0,1.1031219936248846
9.0,26.0,0.5066294142555992
24.0,65.0,1.5636666656825164
8.0,24.0,0.503963885574883
28.0,89.0,1.9448440576425463
5.0,12.0,0.18873056674527242
15.0,44.0,1.100393828298973
2.0,3.0,6.073218901346678
2.0,4.0,1.717189412598095
21.0,44.0,10.549625137974093
23.0,57.0,3.9555253687631593
9.0,32.0,1.1031219936248846
6.0,26.0,0.5066294142555992
26.0,65.0,1.5636666656825164
15.0,24.0,0.503963885574883
34.0,89.0,1.9448440576425463
2.0,12.0,0.18873056674527242
16.0,44.0,1.100393828298973
2.0,3.0,6.073218901346678
4.0,4.0,1.717189412598095
19.0,44.0,10.549625137974093
26.0,57.0,3.9555253687631593
16.0,32.0,1.1031219936248846
15.0,26.0,0.5066294142555992
33.0,65.0,1.5636666656825164
13.0,24.0,0.503963885574883
46.0,89.0,1.9448440576425463
2.0,12.0,0.18873056674527242
30.0,44.0,1.100393828298973
1.0,3.0,6.073218901346678
3.0,4.0,1.717189412598095
22.0,44.0,10.549625137974093
39.0,57.0,3.9555253687631593
22.0,32.0,1.1031219936248846
16.0,26.0,0.5066294142555992
33.0,65.0,1.5636666656825164
12.0,24.0,0.503963885574883
51.0,89.0,1.9448440576425463
6.0,12.0,0.18873056674527242
26.0,44.0,1.100393828298973
3.0,3.0,6.073218901346678
3.0,4.0,1.717189412598095
29.0,44.0,10.549625137974093
33.0,57.0,3.9555253687631593
20.0,32.0,1.1031219936248846
18.0,26.0,0.5066294142555992
50.0,65.0,1.5636666656825164
14.0,24.0,0.503963885574883
55.0,89.0,1.9448440576425463
6.0,12.0,0.18873056674527242
27.0,44.0,1.100393828298973
3.0,3.0,6.073218901346678
2.0,4.0,1.717189412598095
38.0,44.0,10.549625137974093
48.0,57.0,3.9555253687631593
22.0,32.0,1.1031219936248846
17.0,26.0,0.5066294142555992
56.0,65.0,1.5636666656825164
19.0,24.0,0.503963885574883
72.0,89.0,1.9448440576425463
6.0,12.0,0.18873056674527242
38.0,44.0,1.100393828298973
3.0,3.0,6.073218901346678
4.0,4.0,1.717189412598095
38.0,44.0,10.549625137974093
49.0,57.0,3.9555253687631593
29.0,32.0,1.1031219936248846
21.0,26.0,0.5066294142555992
58.0,65.0,1.5636666656825164
22.0,24.0,0.503963885574883
78.0,89.0,1.9448440576425463
11.0,12.0,0.18873056674527242
42.0,44.0,1.100393828298973
1.0,4.0,1.3712389741990343
1.0,6.0,1.9479495711809138
5.0,23.0,6.433951563722731
0.0,16.0,1.332790995691969
1.0,4.0,0.284528478524482
6.0,62.0,3.3339679169723198
1.0,11.0,0.9171958786513673
15.0,86.0,2.9904215110273786
4.0,47.0,1.1859160274705907
2.0,34.0,0.8143961934063777
0.0,18.0,0.5228661247990622
2.0,4.0,1.3712389741990343
2.0,6.0,1.9479495711809138
5.0,23.0,6.433951563722731
2.0,16.0,1.332790995691969
2.0,4.0,0.284528478524482
13.0,62.0,3.3339679169723198
1.0,11.0,0.9171958786513673
9.0,86.0,2.9904215110273786
8.0,47.0,1.1859160274705907
15.0,34.0,0.8143961934063777
1.0,18.0,0.5228661247990622
2.0,4.0,1.3712389741990343
1.0,6.0,1.9479495711809138
7.0,23.0,6.433951563722731
7.0,16.0,1.332790995691969
0.0,4.0,0.284528478524482
19.0,62.0,3.3339679169723198
2.0,11.0,0.9171958786513673
30.0,86.0,2.9904215110273786
12.0,47.0,1.1859160274705907
11.0,34.0,0.8143961934063777
5.0,18.0,0.5228661247990622
1.0,4.0,1.3712389741990343
3.0,6.0,1.9479495711809138
8.0,23.0,6.433951563722731
7.0,16.0,1.332790995691969
2.0,4.0,0.284528478524482
30.0,62.0,3.3339679169723198
6.0,11.0,0.9171958786513673
34.0,86.0,2.9904215110273786
16.0,47.0,1.1859160274705907
12.0,34.0,0.8143961934063777
4.0,18.0,0.5228661247990622
1.0,4.0,1.3712389741990343
2.0,6.0,1.9479495711809138
13.0,23.0,6.433951563722731
8.0,16.0,1.332790995691969
4.0,4.0,0.284528478524482
32.0,62.0,3.3339679169723198
6.0,11.0,0.9171958786513673
33.0,86.0,2.9904215110273786
24.0,47.0,1.1859160274705907
23.0,34.0,0.8143961934063777
8.0,18.0,0.5228661247990622
4.0,4.0,1.3712389741990343
3.0,6.0,1.9479495711809138
12.0,23.0,6.433951563722731
9.0,16.0,1.332790995691969
4.0,4.0,0.284528478524482
38.0,62.0,3.3339679169723198
5.0,11.0,0.9171958786513673
54.0,86.0,2.9904215110273786
26.0,47.0,1.1859160274705907
22.0,34.0,0.8143961934063777
8.0,18.0,0.5228661247990622
2.0,4.0,1.3712389741990343
4.0,6.0,1.9479495711809138
18.0,23.0,6.433951563722731
7.0,16.0,1.332790995691969
1.0,4.0,0.284528478524482
48.0,62.0,3.3339679169723198
5.0,11.0,0.9171958786513673
61.0,86.0,2.9904215110273786
34.0,47.0,1.1859160274705907
27.0,34.0,0.8143961934063777
11.0,18.0,0.5228661247990622
3.0,4.0,1.3712389741990343
5.0,6.0,1.9479495711809138
19.0,23.0,6.433951563722731
11.0,16.0,1.332790995691969
3.0,4.0,0.284528478524482
45.0,62.0,3.3339679169723198
10.0,11.0,0.9171958786513673
70.0,86.0,2.9904215110273786
37.0,47.0,1.1859160274705907
27.0,34.0,0.8143961934063777
16.0,18.0,0.5228661247990622
4.0,4.0,1.3712389741990343
6.0,6.0,1.9479495711809138
22.0,23.0,6.433951563722731
13.0,16.0,1.332790995691969
3.0,4.0,0.284528478524482
54.0,62.0,3.3339679169723198
10.0,11.0,0.9171958786513673
80.0,86.0,2.9904215110273786
41.0,47.0,1.1859160274705907
30.0,34.0,0.8143961934063777
17.0,18.0,0.5228661247990622
1.0,4.0,3.309125677170514
4.0,14.0,6.281777291565689
2.0,17.0,2.83867533721133
3.0,17.0,1.6411520667278134
2.0,9.0,0.7294165693948925
8.0,70.0,4.427070307092786
0.0,10.0,0.34920224814779466
1.0,12.0,0.3605743173159892
3.0,23.0,0.9087664878276699
1.0,24.0,1.7213989946394181
3.0,38.0,1.5555786409362675
2.0,4.0,3.309125677170514
3.0,14.0,6.281777291565689
6.0,17.0,2.83867533721133
5.0,17.0,1.6411520667278134
2.0,9.0,0.7294165693948925
12.0,70.0,4.427070307092786
1.0,10.0,0.34920224814779466
1.0,12.0,0.3605743173159892
7.0,23.0,0.9087664878276699
7.0,24.0,1.7213989946394181
11.0,38.0,1.5555786409362675
3.0,4.0,3.309125677170514
4.0,14.0,6.281777291565689
4.0,17.0,2.83867533721133
6.0,17.0,1.6411520667278134
2.0,9.0,0.7294165693948925
22.0,70.0,4.427070307092786
2.0,10.0,0.34920224814779466
1.0,12.0,0.3605743173159892
7.0,23.0,0.9087664878276699
3.0,24.0,1.7213989946394181
14.0,38.0,1.5555786409362675
1.0,4.0,3.309125677170514
3.0,14.0,6.281777291565689
6.0,17.0,2.83867533721133
6.0,17.0,1.6411520667278134
5.0,9.0,0.7294165693948925
22.0,70.0,4.427070307092786
2.0,10.0,0.34920224814779466
1.0,12.0,0.3605743173159892
10.0,23.0,0.9087664878276699
13.0,24.0,1.7213989946394181
20.0,38.0,1.5555786409362675
1.0,4.0,3.309125677170514
9.0,14.0,6.281777291565689
10.0,17.0,2.83867533721133
5.0,17.0,1.6411520667278134
5.0,9.0,0.7294165693948925
37.0,70.0,4.427070307092786
6.0,10.0,0.34920224814779466
5.0,12.0,0.3605743173159892
12.0,23.0,0.9087664878276699
10.0,24.0,1.7213989946394181
19.0,38.0,1.5555786409362675
3.0,4.0,3.309125677170514
10.0,14.0,6.281777291565689
12.0,17.0,2.83867533721133
10.0,17.0,1.6411520667278134
7.0,9.0,0.7294165693948925
42.0,70.0,4.427070307092786
5.0,10.0,0.34920224814779466
7.0,12.0,0.3605743173159892
14.0,23.0,0.9087664878276699
18.0,24.0,1.7213989946394181
25.0,38.0,1.5555786409362675
4.0,4.0,3.309125677170514
10.0,14.0,6.281777291565689
14.0,17.0,2.83867533721133
10.0,17.0,1.6411520667278134
5.0,9.0,0.7294165693948925
49.0,70.0,4.427070307092786
7.0,10.0,0.34920224814779466
7.0,12.0,0.3605743173159892
18.0,23.0,0.9087664878276699
16.0,24.0,1.7213989946394181
28.0,38.0,1.5555786409362675
3.0,4.0,3.309125677170514
10.0,14.0,6.281777291565689
14.0,17.0,2.83867533721133
13.0,17.0,1.6411520667278134
6.0,9.0,0.7294165693948925
57.0,70.0,4.427070307092786
5.0,10.0,0.34920224814779466
10.0,12.0,0.3605743173159892
20.0,23.0,0.9087664878276699
18.0,24.0,1.7213989946394181
33.0,38.0,1.5555786409362675
4.0,4.0,3.309125677170514
13.0,14.0,6.281777291565689
15.0,17.0,2.83867533721133
15.0,17.0,1.6411520667278134
8.0,9.0,0.7294165693948925
66.0,70.0,4.427070307092786
9.0,10.0,0.34920224814779466
9.0,12.0,0.3605743173159892
20.0,23.0,0.9087664878276699
21.0,24.0,1.7213989946394181
31.0,38.0,1.5555786409362675
2.0,4.0,4.211384667524373
1.0,6.0,5.10861695119915
2.0,20.0,5.651595931411225
2.0,22.0,2.7534386260588897
3.0,38.0,2.288111417614618
0.0,5.0,0.24856914905354593
1.0,26.0,1.192856497922317
2.0,14.0,0.7784721287765565
1.0,16.0,0.7736430363930613
2.0,30.0,1.388503595431195
1.0,14.0,0.5587665364888166
2.0,4.0,4.211384667524373
2.0,6.0,5.10861695119915
1.0,20.0,5.651595931411225
4.0,22.0,2.7534386260588897
2.0,38.0,2.288111417614618
1.0,5.0,0.24856914905354593
4.0,26.0,1.192856497922317
5.0,14.0,0.7784721287765565
1.0,16.0,0.7736430363930613
9.0,30.0,1.388503595431195
5.0,14.0,0.5587665364888166
2.0,4.0,4.211384667524373
1.0,6.0,5.10861695119915
6.0,20.0,5.651595931411225
6.0,22.0,2.7534386260588897
8.0,38.0,2.288111417614618
3.0,5.0,0.24856914905354593
11.0,26.0,1.192856497922317
4.0,14.0,0.7784721287765565
2.0,16.0,0.7736430363930613
5.0,30.0,1.388503595431195
6.0,14.0,0.5587665364888166
1.0,4.0,4.211384667524373
2.0,6.0,5.10861695119915
8.0,20.0,5.651595931411225
10.0,22.0,2.7534386260588897
15.0,38.0,2.288111417614618
3.0,5.0,0.24856914905354593
10.0,26.0,1.192856497922317
4.0,14.0,0.7784721287765565
6.0,16.0,0.7736430363930613
10.0,30.0,1.388503595431195
3.0,14.0,0.5587665364888166
1.0,4.0,4.211384667524373
4.0,6.0,5.10861695119915
8.0,20.0,5.651595931411225
9.0,22.0,2.7534386260588897
19.0,38.0,2.288111417614618
2.0,5.0,0.24856914905354593
14.0,26.0,1.192856497922317
6.0,14.0,0.7784721287765565
5.0,16.0,0.7736430363930613
13.0,30.0,1.388503595431195
8.0,14.0,0.5587665364888166
3.0,4.0,4.211384667524373
3.0,6.0,5.10861695119915
15.0,20.0,5.651595931411225
14.0,22.0,2.7534386260588897
26.0,38.0,2.288111417614618
4.0,5.0,0.24856914905354593
14.0,26.0,1.192856497922317
9.0,14.0,0.7784721287765565
9.0,16.0,0.7736430363930613
18.0,30.0,1.388503595431195
7.0,14.0,0.5587665364888166
3.0,4.0,4.211384667524373
4.0,6.0,5.10861695119915
10.0,20.0,5.651595931411225
15.0,22.0,2.7534386260588897
26.0,38.0,2.288111417614618
1.0,5.0,0.24856914905354593
17.0,26.0,1.192856497922317
12.0,14.0,0.7784721287765565
13.0,16.0,0.7736430363930613
25.0,30.0,1.388503595431195
5.0,14.0,0.5587665364888166
1.0,4.0,4.211384667524373
5.0,6.0,5.10861695119915
19.0,20.0,5.651595931411225
17.0,22.0,2.7534386260588897
29.0,38.0,2.288111417614618
5.0,5.0,0.24856914905354593
19.0,26.0,1.192856497922317
11.0,14.0,0.7784721287765565
9.0,16.0,0.7736430363930613
23.0,30.0,1.388503595431195
10.0,14.0,0.5587665364888166
4.0,4.0,4.211384667524373
6.0,6.0,5.10861695119915
19.0,20.0,5.651595931411225
20.0,22.0,2.7534386260588897
36.0,38.0,2.288111417614618
5.0,5.0,0.24856914905354593
24.0,26.0,1.192856497922317
14.0,14.0,0.7784721287765565
13.0,16.0,0.7736430363930613
27.0,30.0,1.388503595431195
12.0,14.0,0.5587665364888166
1.0,7.0,10.838661526894642
1.0,4.0,2.409976634613376
2.0,10.0,2.0134519011936547
3.0,36.0,5.030113705185218
1.0,18.0,1.5152048946427794
4.0,43.0,1.9627378389155792
1.0,6.0,0.2712729104962728
7.0,45.0,2.6988007433267276
3.0,29.0,1.49616646254618
2.0,34.0,1.0778842952060608
3.0,35.0,1.032823817423136
2.0,7.0,10.838661526894642
0.0,4.0,2.409976634613376
1.0,10.0,2.0134519011936547
7.0,36.0,5.030113705185218
3.0,18.0,1.5152048946427794
7.0,43.0,1.9627378389155792
0.0,6.0,0.2712729104962728
6.0,45.0,2.6988007433267276
6.0,29.0,1.49616646254618
8.0,34.0,1.0778842952060608
8.0,35.0,1.032823817423136
3.0,7.0,10.838661526894642
0.0,4.0,2.409976634613376
4.0,10.0,2.0134519011936547
8.0,36.0,5.030113705185218
5.0,18.0,1.5152048946427794
11.0,43.0,1.9627378389155792
5.0,6.0,0.2712729104962728
13.0,45.0,2.6988007433267276
9.0,29.0,1.49616646254618
6.0,34.0,1.0778842952060608
13.0,35.0,1.032823817423136
3.0,7.0,10.838661526894642
2.0,4.0,2.409976634613376
5.0,10.0,2.0134519011936547
14.0,36.0,5.030113705185218
5.0,18.0,1.5152048946427794
20.0,43.0,1.9627378389155792
2.0,6.0,0.2712729104962728
19.0,45.0,2.6988007433267276
15.0,29.0,1.49616646254618
12.0,34.0,1.0778842952060608
16.0,35.0,1.032823817423136
2.0,7.0,10.838661526894642
1.0,4.0,2.409976634613376
5.0,10.0,2.0134519011936547
15.0,36.0,5.030113705185218
12.0,18.0,1.5152048946427794
19.0,43.0,1.9627378389155792
1.0,6.0,0.2712729104962728
28.0,45.0,2.6988007433267276
12.0,29.0,1.49616646254618
17.0,34.0,1.0778842952060608
20.0,35.0,1.032823817423136
3.0,7.0,10.838661526894642
2.0,4.0,2.409976634613376
5.0,10.0,2.0134519011936547
23.0,36.0,5.030113705185218
9.0,18.0,1.5152048946427794
19.0,43.0,1.9627378389155792
2.0,6.0,0.2712729104962728
29.0,45.0,2.6988007433267276
18.0,29.0,1.49616646254618
22.0,34.0,1.0778842952060608
24.0,35.0,1.032823817423136
5.0,7.0,10.838661526894642
3.0,4.0,2.409976634613376
6.0,10.0,2.0134519011936547
26.0,36.0,5.030113705185218
13.0,18.0,1.5152048946427794
35.0,43.0,1.9627378389155792
4.0,6.0,0.2712729104962728
29.0,45.0,2.6988007433267276
22.0,29.0,1.49616646254618
19.0,34.0,1.0778842952060608
26.0,35.0,1.032823817423136
5.0,7.0,10.838661526894642
3.0,4.0,2.409976634613376
9.0,10.0,2.0134519011936547
28.0,36.0,5.030113705185218
17.0,18.0,1.5152048946427794
37.0,43.0,1.9627378389155792
5.0,6.0,0.2712729104962728
35.0,45.0,2.6988007433267276
19.0,29.0,1.49616646254618
32.0,34.0,1.0778842952060608
31.0,35.0,1.032823817423136
7.0,7.0,10.838661526894642
4.0,4.0,2.409976634613376
9.0,10.0,2.0134519011936547
33.0,36.0,5.030113705185218
17.0,18.0,1.5152048946427794
37.0,43.0,1.9627378389155792
6.0,6.0,0.2712729104962728
41.0,45.0,2.6988007433267276
28.0,29.0,1.49616646254618
29.0,34.0,1.0778842952060608
30.0,35.0,1.032823817423136
1.0,7.0,2.691561683580557
7.0,29.0,10.311050859008255
5.0,20.0,2.0886303050043495
0.0,21.0,0.8469263015764397
1.0,37.0,2.2170683746290165
5.0,25.0,1.2825045584972166
3.0,21.0,0.9320326424966505
2.0,19.0,0.5383947471391856
2.0,10.0,0.192434924634799
1.0,4.0,0.27302494815170586
0.0,12.0,1.351767746047529
1.0,7.0,2.691561683580557
8.0,29.0,10.311050859008255
2.0,20.0,2.0886303050043495
4.0,21.0,0.8469263015764397
3.0,37.0,2.2170683746290165
5.0,25.0,1.2825045584972166
4.0,21.0,0.9320326424966505
3.0,19.0,0.5383947471391856
3.0,10.0,0.192434924634799
0.0,4.0,0.27302494815170586
2.0,12.0,1.351767746047529
1.0,7.0,2.691561683580557
8.0,29.0,10.311050859008255
5.0,20.0,2.0886303050043495
8.0,21.0,0.8469263015764397
8.0,37.0,2.2170683746290165
2.0,25.0,1.2825045584972166
3.0,21.0,0.9320326424966505
8.0,19.0,0.5383947471391856
1.0,10.0,0.192434924634799
3.0,4.0,0.27302494815170586
4.0,12.0,1.351767746047529
2.0,7.0,2.691561683580557
12.0,29.0,10.311050859008255
7.0,20.0,2.0886303050043495
9.0,21.0,0.8469263015764397
13.0,37.0,2.2170683746290165
8.0,25.0,1.2825045584972166
9.0,21.0,0.9320326424966505
6.0,19.0,0.5383947471391856
4.0,10.0,0.192434924634799
1.0,4.0,0.27302494815170586
4.0,12.0,1.351767746047529
2.0,7.0,2.691561683580557
15.0,29.0,10.311050859008255
11.0,20.0,2.0886303050043495
9.0,21.0,0.8469263015764397
12.0,37.0,2.2170683746290165
12.0,25.0,1.2825045584972166
8.0,21.0,0.9320326424966505
6.0,19.0,0.5383947471391856
8.0,10.0,0.192434924634799
3.0,4.0,0.27302494815170586
8.0,12.0,1.351767746047529
4.0,7.0,2.691561683580557
22.0,29.0,10.311050859008255
9.0,20.0,2.0886303050043495
10.0,21.0,0.8469263015764397
30.0,37.0,2.2170683746290165
16.0,25.0,1.2825045584972166
14.0,21.0,0.9320326424966505
13.0,19.0,0.5383947471391856
5.0,10.0,0.192434924634799
4.0,4.0,0.27302494815170586
7.0,12.0,1.351767746047529
3.0,7.0,2.691561683580557
22.0,29.0,10.311050859008255
15.0,20.0,2.0886303050043495
15.0,21.0,0.8469263015764397
26.0,37.0,2.2170683746290165
13.0,25.0,1.2825045584972166
16.0,21.0,0.9320326424966505
16.0,19.0,0.5383947471391856
3.0,10.0,0.192434924634799
3.0,4.0,0.27302494815170586
9.0,12.0,1.351767746047529
6.0,7.0,2.691561683580557
23.0,29.0,10.311050859008255
13.0,20.0,2.0886303050043495
16.0,21.0,0.8469263015764397
32.0,37.0,2.2170683746290165
19.0,25.0,1.2825045584972166
17.0,21.0,0.9320326424966505
16.0,19.0,0.5383947471391856
8.0,10.0,0.192434924634799
3.0,4.0,0.27302494815170586
11.0,12.0,1.351767746047529
6.0,7.0,2.691561683580557
26.0,29.0,10.311050859008255
19.0,20.0,2.0886303050043495
21.0,21.0,0.8469263015764397
27.0,37.0,2.2170683746290165
24.0,25.0,1.2825045584972166
21.0,21.0,0.9320326424966505
16.0,19.0,0.5383947471391856
8.0,10.0,0.192434924634799
4.0,4.0,0.27302494815170586
10.0,12.0,1.351767746047529
1.0,3.0,1.976341011601248
0.0,11.0,5.5005291571343555
2.0,10.0,2.0730476923303667
2.0,15.0,1.2594002155056816
0.0,8.0,0.9840791780424852
0.0,6.0,0.7518155538864045
5.0,52.0,4.436092098817916
12.0,81.0,3.7755455065295718
2.0,17.0,0.40943534238962415
3.0,28.0,0.44071200663428484
2.0,8.0,0.24067811973557396
1.0,3.0,1.976341011601248
5.0,11.0,5.5005291571343555
2.0,10.0,2.0730476923303667
4.0,15.0,1.2594002155056816
4.0,8.0,0.9840791780424852
2.0,6.0,0.7518155538864045
12.0,52.0,4.436092098817916
18.0,81.0,3.7755455065295718
2.0,17.0,0.40943534238962415
7.0,28.0,0.44071200663428484
2.0,8.0,0.24067811973557396
1.0,3.0,1.976341011601248
4.0,11.0,5.5005291571343555
3.0,10.0,2.0730476923303667
5.0,15.0,1.2594002155056816
1.0,8.0,0.9840791780424852
2.0,6.0,0.7518155538864045
15.0,52.0,4.436092098817916
21.0,81.0,3.7755455065295718
3.0,17.0,0.40943534238962415
8.0,28.0,0.44071200663428484
4.0,8.0,0.24067811973557396
1.0,3.0,1.976341011601248
5.0,11.0,5.5005291571343555
3.0,10.0,2.0730476923303667
6.0,15.0,1.2594002155056816
0.0,8.0,0.9840791780424852
3.0,6.0,0.7518155538864045
20.0,52.0,4.436092098817916
37.0,81.0,3.7755455065295718
8.0,17.0,0.40943534238962415
12.0,28.0,0.44071200663428484
3.0,8.0,0.24067811973557396
2.0,3.0,1.976341011601248
3.0,11.0,5.5005291571343555
7.0,10.0,2.0730476923303667
6.0,15.0,1.2594002155056816
2.0,8.0,0.9840791780424852
3.0,6.0,0.7518155538864045
31.0,52.0,4.436092098817916
39.0,81.0,3.7755455065295718
9.0,17.0,0.40943534238962415
9.0,28.0,0.44071200663428484
4.0,8.0,0.24067811973557396
2.0,3.0,1.976341011601248
8.0,11.0,5.5005291571343555
5.0,10.0,2.0730476923303667
7.0,15.0,1.2594002155056816
4.0,8.0,0.9840791780424852
5.0,6.0,0.7518155538864045
28.0,52.0,4.436092098817916
40.0,81.0,3.7755455065295718
10.0,17.0,0.40943534238962415
19.0,28.0,0.44071200663428484
4.0,8.0,0.24067811973557396
3.0,3.0,1.976341011601248
8.0,11.0,5.5005291571343555
7.0,10.0,2.0730476923303667
12.0,15.0,1.2594002155056816
6.0,8.0,0.9840791780424852
3.0,6.0,0.7518155538864045
38.0,52.0,4.436092098817916
58.0,81.0,3.7755455065295718
11.0,17.0,0.40943534238962415
25.0,28.0,0.44071200663428484
8.0,8.0,0.24067811973557396
3.0,3.0,1.976341011601248
7.0,11.0,5.5005291571343555
7.0,10.0,2.0730476923303667
13.0,15.0,1.2594002155056816
6.0,8.0,0.9840791780424852
4.0,6.0,0.7518155538864045
46.0,52.0,4.436092098817916
56.0,81.0,3.7755455065295718
12.0,17.0,0.40943534238962415
22.0,28.0,0.44071200663428484
7.0,8.0,0.24067811973557396
3.0,3.0,1.976341011601248
11.0,11.0,5.5005291571343555
9.0,10.0,2.0730476923303667
14.0,15.0,1.2594002155056816
7.0,8.0,0.9840791780424852
6.0,6.0,0.7518155538864045
47.0,52.0,4.436092098817916
69.0,81.0,3.7755455065295718
16.0,17.0,0.40943534238962415
25.0,28.0,0.44071200663428484
8.0,8.0,0.24067811973557396
1.0,3.0,4.298111131695395
0.0,7.0,4.3470644790944695
1.0,4.0,0.7841757799794997
0.0,5.0,1.1648983632217627
1.0,31.0,4.858198072899128
1.0,12.0,0.7224342631249665
1.0,9.0,0.7654361868927205
1.0,24.0,1.1537087434025441
3.0,37.0,2.4361403068491305
1.0,12.0,0.7791516027983819
3.0,17.0,0.530433991838452
1.0,3.0,4.298111131695395
0.0,7.0,4.3470644790944695
0.0,4.0,0.7841757799794997
1.0,5.0,1.1648983632217627
6.0,31.0,4.858198072899128
3.0,12.0,0.7224342631249665
2.0,9.0,0.7654361868927205
6.0,24.0,1.1537087434025441
6.0,37.0,2.4361403068491305
4.0,12.0,0.7791516027983819
3.0,17.0,0.530433991838452
1.0,3.0,4.298111131695395
1.0,7.0,4.3470644790944695
2.0,4.0,0.7841757799794997
3.0,5.0,1.1648983632217627
8.0,31.0,4.858198072899128
6.0,12.0,0.7224342631249665
3.0,9.0,0.7654361868927205
10.0,24.0,1.1537087434025441
11.0,37.0,2.4361403068491305
4.0,12.0,0.7791516027983819
6.0,17.0,0.530433991838452
1.0,3.0,4.298111131695395
1.0,7.0,4.3470644790944695
1.0,4.0,0.7841757799794997
2.0,5.0,1.1648983632217627
12.0,31.0,4.858198072899128
6.0,12.0,0.7224342631249665
1.0,9.0,0.7654361868927205
10.0,24.0,1.1537087434025441
16.0,37.0,2.4361403068491305
6.0,12.0,0.7791516027983819
7.0,17.0,0.530433991838452
2.0,3.0,4.298111131695395
3.0,7.0,4.3470644790944695
1.0,4.0,0.7841757799794997
3.0,5.0,1.1648983632217627
14.0,31.0,4.858198072899128
4.0,12.0,0.7224342631249665
7.0,9.0,0.7654361868927205
12.0,24.0,1.1537087434025441
21.0,37.0,2.4361403068491305
7.0,12.0,0.7791516027983819
10.0,17.0,0.530433991838452
1.0,3.0,4.298111131695395
4.0,7.0,4.3470644790944695
1.0,4.0,0.7841757799794997
1.0,5.0,1.1648983632217627
19.0,31.0,4.858198072899128
10.0,12.0,0.7224342631249665
5.0,9.0,0.7654361868927205
13.0,24.0,1.1537087434025441
16.0,37.0,2.4361403068491305
6.0,12.0,0.7791516027983819
10.0,17.0,0.530433991838452
1.0,3.0,4.298111131695395
5.0,7.0,4.3470644790944695
3.0,4.0,0.7841757799794997
3.0,5.0,1.1648983632217627
20.0,31.0,4.858198072899128
5.0,12.0,0.7224342631249665
5.0,9.0,0.7654361868927205
18.0,24.0,1.1537087434025441
27.0,37.0,2.4361403068491305
10.0,12.0,0.7791516027983819
13.0,17.0,0.530433991838452
2.0,3.0,4.298111131695395
6.0,7.0,4.3470644790944695
3.0,4.0,0.7841757799794997
5.0,5.0,1.1648983632217627
23.0,31.0,4.858198072899128
9.0,12.0,0.7224342631249665
5.0,9.0,0.7654361868927205
19.0,24.0,1.1537087434025441
28.0,37.0,2.4361403068491305
9.0,12.0,0.7791516027983819
14.0,17.0,0.530433991838452
3.0,3.0,4.298111131695395
7.0,7.0,4.3470644790944695
4.0,4.0,0.7841757799794997
5.0,5.0,1.1648983632217627
28.0,31.0,4.858198072899128
9.0,12.0,0.7224342631249665
9.0,9.0,0.7654361868927205
21.0,24.0,1.1537087434025441
35.0,37.0,2.4361403068491305
10.0,12.0,0.7791516027983819
17.0,17.0,0.530433991838452
1.0,5.0,13.376062090998014
0.0,1.0,1.0638029292605105
2.0,12.0,4.690611963530458
1.0,3.0,0.5813821080826738
2.0,9.0,1.2794690962989637
2.0,13.0,1.369896761300341
1.0,10.0,1.6183404284557894
3.0,16.0,2.1283745160333045
7.0,42.0,4.033557372523318
2.0,33.0,1.423872637595568
3.0,13.0,0.46715488571261476
2.0,5.0,13.376062090998014
0.0,1.0,1.0638029292605105
1.0,12.0,4.690611963530458
1.0,3.0,0.5813821080826738
2.0,9.0,1.2794690962989637
1.0,13.0,1.369896761300341
1.0,10.0,1.6183404284557894
1.0,16.0,2.1283745160333045
8.0,42.0,4.033557372523318
6.0,33.0,1.423872637595568
2.0,13.0,0.46715488571261476
2.0,5.0,13.376062090998014
0.0,1.0,1.0638029292605105
7.0,12.0,4.690611963530458
1.0,3.0,0.5813821080826738
0.0,9.0,1.2794690962989637
3.0,13.0,1.369896761300341
1.0,10.0,1.6183404284557894
3.0,16.0,2.1283745160333045
11.0,42.0,4.033557372523318
11.0,33.0,1.423872637595568
3.0,13.0,0.46715488571261476
3.0,5.0,13.376062090998014
1.0,1.0,1.0638029292605105
5.0,12.0,4.690611963530458
1.0,3.0,0.5813821080826738
3.0,9.0,1.2794690962989637
2.0,13.0,1.369896761300341
5.0,10.0,1.6183404284557894
10.0,16.0,2.1283745160333045
20.0,42.0,4.033557372523318
16.0,33.0,1.423872637595568
4.0,13.0,0.46715488571261476
3.0,5.0,13.376062090998014
1.0,1.0,1.0638029292605105
8.0,12.0,4.690611963530458
2.0,3.0,0.5813821080826738
7.0,9.0,1.2794690962989637
6.0,13.0,1.369896761300341
5.0,10.0,1.6183404284557894
9.0,16.0,2.1283745160333045
20.0,42.0,4.033557372523318
14.0,33.0,1.423872637595568
7.0,13.0,0.46715488571261476
3.0,5.0,13.376062090998014
1.0,1.0,1.0638029292605105
8.0,12.0,4.690611963530458
1.0,3.0,0.5813821080826738
4.0,9.0,1.2794690962989637
9.0,13.0,1.369896761300341
6.0,10.0,1.6183404284557894
12.0,16.0,2.1283745160333045
21.0,42.0,4.033557372523318
20.0,33.0,1.423872637595568
10.0,13.0,0.46715488571261476
5.0,5.0,13.376062090998014
1.0,1.0,1.0638029292605105
8.0,12.0,4.690611963530458
2.0,3.0,0.5813821080826738
7.0,9.0,1.2794690962989637
10.0,13.0,1.369896761300341
7.0,10.0,1.6183404284557894
11.0,16.0,2.1283745160333045
28.0,42.0,4.033557372523318
26.0,33.0,1.423872637595568
11.0,13.0,0.46715488571261476
5.0,5.0,13.376062090998014
1.0,1.0,1.0638029292605105
7.0,12.0,4.690611963530458
3.0,3.0,0.5813821080826738
8.0,9.0,1.2794690962989637
9.0,13.0,1.369896761300341
9.0,10.0,1.6183404284557894
14.0,16.0,2.1283745160333045
35.0,42.0,4.033557372523318
26.0,33.0,1.423872637595568
10.0,13.0,0.46715488571261476
4.0,5.0,13.376062090998014
1.0,1.0,1.0638029292605105
11.0,12.0,4.690611963530458
3.0,3.0,0.5813821080826738
6.0,9.0,1.2794690962989637
12.0,13.0,1.369896761300341
10.0,10.0,1.6183404284557894
12.0,16.0,2.1283745160333045
40.0,42.0,4.033557372523318
29.0,33.0,1.423872637595568
13.0,13.0,0.46715488571261476
1.0,2.0,4.607129104826225
2.0,19.0,11.916377144655357
1.0,15.0,2.1718677696524593
2.0,36.0,1.8278432118503045
1.0,28.0,1.3241580677373326
4.0,55.0,1.8570093423404435
13.0,102.0,2.439926764230866
5.0,57.0,1.1924781056770803
6.0,58.0,1.0018645155838737
0.0,6.0,0.08251494900060723
6.0,39.0,0.9704814229183268
1.0,2.0,4.607129104826225
4.0,19.0,11.916377144655357
4.0,15.0,2.1718677696524593
5.0,36.0,1.8278432118503045
7.0,28.0,1.3241580677373326
15.0,55.0,1.8570093423404435
19.0,102.0,2.439926764230866
12.0,57.0,1.1924781056770803
13.0,58.0,1.0018645155838737
2.0,6.0,0.08251494900060723
5.0,39.0,0.9704814229183268
1.0,2.0,4.607129104826225
7.0,19.0,11.916377144655357
3.0,15.0,2.1718677696524593
11.0,36.0,1.8278432118503045
5.0,28.0,1.3241580677373326
13.0,55.0,1.8570093423404435
19.0,102.0,2.439926764230866
21.0,57.0,1.1924781056770803
23.0,58.0,1.0018645155838737
1.0,6.0,0.08251494900060723
13.0,39.0,0.9704814229183268
1.0,2.0,4.607129104826225
9.0,19.0,11.916377144655357
5.0,15.0,2.1718677696524593
11.0,36.0,1.8278432118503045
10.0,28.0,1.3241580677373326
23.0,55.0,1.8570093423404435
40.0,102.0,2.439926764230866
23.0,57.0,1.1924781056770803
19.0,58.0,1.0018645155838737
3.0,6.0,0.08251494900060723
17.0,39.0,0.9704814229183268
1.0,2.0,4.607129104826225
8.0,19.0,11.916377144655357
8.0,15.0,2.1718677696524593
19.0,36.0,1.8278432118503045
12.0,28.0,1.3241580677373326
34.0,55.0,1.8570093423404435
50.0,102.0,2.439926764230866
36.0,57.0,1.1924781056770803
26.0,58.0,1.0018645155838737
4.0,6.0,0.08251494900060723
17.0,39.0,0.9704814229183268
1.0,2.0,4.607129104826225
12.0,19.0,11.916377144655357
9.0,15.0,2.1718677696524593
23.0,36.0,1.8278432118503045
19.0,28.0,1.3241580677373326
33.0,55.0,1.8570093423404435
63.0,102.0,2.439926764230866
30.0,57.0,1.1924781056770803
41.0,58.0,1.0018645155838737
4.0,6.0,0.08251494900060723
23.0,39.0,0.9704814229183268
1.0,2.0,4.607129104826225
11.0,19.0,11.916377144655357
9.0,15.0,2.1718677696524593
27.0,36.0,1.8278432118503045
17.0,28.0,1.3241580677373326
36.0,55.0,1.8570093423404435
76.0,102.0,2.439926764230866
43.0,57.0,1.1924781056770803
42.0,58.0,1.0018645155838737
4.0,6.0,0.08251494900060723
30.0,39.0,0.9704814229183268
2.0,2.0,4.607129104826225
14.0,19.0,11.916377144655357
13.0,15.0,2.1718677696524593
32.0,36.0,1.8278432118503045
22.0,28.0,1.3241580677373326
43.0,55.0,1.8570093423404435
77.0,102.0,2.439926764230866
46.0,57.0,1.1924781056770803
45.0,58.0,1.0018645155838737
6.0,6.0,0.08251494900060723
29.0,39.0,0.9704814229183268
2.0,2.0,4.607129104826225
17.0,19.0,11.916377144655357
13.0,15.0,2.1718677696524593
35.0,36.0,1.8278432118503045
25.0,28.0,1.3241580677373326
48.0,55.0,1.8570093423404435
91.0,102.0,2.439926764230866
53.0,57.0,1.1924781056770803
53.0,58.0,1.0018645155838737
6.0,6.0,0.08251494900060723
34.0,39.0,0.9704814229183268
1.0,12.0,18.85049056257897
1.0,4.0,2.5120793709998006
1.0,10.0,1.9916938869799192
2.0,13.0,2.126229081856091
1.0,18.0,2.0299949039686807
1.0,12.0,0.8759782771998667
9.0,51.0,4.1476316183040165
0.0,7.0,0.37298201017743315
10.0,59.0,2.169949065838958
1.0,23.0,0.6634360776599448
2.0,29.0,0.9830910051805352
1.0,12.0,18.85049056257897
1.0,4.0,2.5120793709998006
0.0,10.0,1.9916938869799192
3.0,13.0,2.126229081856091
1.0,18.0,2.0299949039686807
1.0,12.0,0.8759782771998667
6.0,51.0,4.1476316183040165
0.0,7.0,0.37298201017743315
11.0,59.0,2.169949065838958
4.0,23.0,0.6634360776599448
8.0,29.0,0.9830910051805352
3.0,12.0,18.85049056257897
0.0,4.0,2.5120793709998006
3.0,10.0,1.9916938869799192
4.0,13.0,2.126229081856091
4.0,18.0,2.0299949039686807
5.0,12.0,0.8759782771998667
12.0,51.0,4.1476316183040165
4.0,7.0,0.37298201017743315
22.0,59.0,2.169949065838958
7.0,23.0,0.6634360776599448
9.0,29.0,0.9830910051805352
5.0,12.0,18.85049056257897
2.0,4.0,2.5120793709998006
4.0,10.0,1.9916938869799192
6.0,13.0,2.126229081856091
8.0,18.0,2.0299949039686807
7.0,12.0,0.8759782771998667
21.0,51.0,4.1476316183040165
2.0,7.0,0.37298201017743315
30.0,59.0,2.169949065838958
8.0,23.0,0.6634360776599448
12.0,29.0,0.9830910051805352
6.0,12.0,18.85049056257897
1.0,4.0,2.5120793709998006
7.0,10.0,1.9916938869799192
5.0,13.0,2.126229081856091
10.0,18.0,2.0299949039686807
5.0,12.0,0.8759782771998667
27.0,51.0,4.1476316183040165
2.0,7.0,0.37298201017743315
30.0,59.0,2.169949065838958
11.0,23.0,0.6634360776599448
15.0,29.0,0.9830910051805352
8.0,12.0,18.85049056257897
4.0,4.0,2.5120793709998006
7.0,10.0,1.9916938869799192
10.0,13.0,2.126229081856091
12.0,18.0,2.0299949039686807
10.0,12.0,0.8759782771998667
29.0,51.0,4.1476316183040165
4.0,7.0,0.37298201017743315
38.0,59.0,2.169949065838958
15.0,23.0,0.6634360776599448
19.0,29.0,0.9830910051805352
9.0,12.0,18.85049056257897
4.0,4.0,2.5120793709998006
6.0,10.0,1.9916938869799192
8.0,13.0,2.126229081856091
10.0,18.0,2.0299949039686807
10.0,12.0,0.8759782771998667
34.0,51.0,4.1476316183040165
2.0,7.0,0.37298201017743315
44.0,59.0,2.169949065838958
18.0,23.0,0.6634360776599448
24.0,29.0,0.9830910051805352
9.0,12.0,18.85049056257897
2.0,4.0,2.5120793709998006
6.0,10.0,1.9916938869799192
9.0,13.0,2.126229081856091
14.0,18.0,2.0299949039686807
9.0,12.0,0.8759782771998667
43.0,51.0,4.1476316183040165
6.0,7.0,0.37298201017743315
46.0,59.0,2.169949065838958
17.0,23.0,0.6634360776599448
21.0,29.0,0.9830910051805352
11.0,12.0,18.85049056257897
3.0,4.0,2.5120793709998006
10.0,10.0,1.9916938869799192
12.0,13.0,2.126229081856091
16.0,18.0,2.0299949039686807
11.0,12.0,0.8759782771998667
44.0,51.0,4.1476316183040165
5.0,7.0,0.37298201017743315
54.0,59.0,2.169949065838958
20.0,23.0,0.6634360776599448
26.0,29.0,0.9830910051805352
2.0,6.0,12.315274302093668
0.0,3.0,3.4526550601038406
2.0,8.0,2.1440635262199486
0.0,10.0,1.7637790174355297
0.0,18.0,2.0185372800313823
0.0,14.0,1.4246347053973756
1.0,5.0,0.45591769646193786
3.0,14.0,1.2322422031143274
11.0,97.0,6.400070734245379
4.0,49.0,1.3356864073368409
1.0,5.0,0.1502451056879758
3.0,6.0,12.315274302093668
1.0,3.0,3.4526550601038406
1.0,8.0,2.1440635262199486
1.0,10.0,1.7637790174355297
5.0,18.0,2.0185372800313823
2.0,14.0,1.4246347053973756
1.0,5.0,0.45591769646193786
4.0,14.0,1.2322422031143274
23.0,97.0,6.400070734245379
4.0,49.0,1.3356864073368409
1.0,5.0,0.1502451056879758
1.0,6.0,12.315274302093668
1.0,3.0,3.4526550601038406
3.0,8.0,2.1440635262199486
3.0,10.0,1.7637790174355297
6.0,18.0,2.0185372800313823
7.0,14.0,1.4246347053973756
2.0,5.0,0.45591769646193786
4.0,14.0,1.2322422031143274
32.0,97.0,6.400070734245379
18.0,49.0,1.3356864073368409
1.0,5.0,0.1502451056879758
1.0,6.0,12.315274302093668
2.0,3.0,3.4526550601038406
2.0,8.0,2.1440635262199486
2.0,10.0,1.7637790174355297
8.0,18.0,2.0185372800313823
2.0,14.0,1.4246347053973756
1.0,5.0,0.45591769646193786
4.0,14.0,1.2322422031143274
33.0,97.0,6.400070734245379
22.0,49.0,1.3356864073368409
2.0,5.0,0.1502451056879758
3.0,6.0,12.315274302093668
1.0,3.0,3.4526550601038406
4.0,8.0,2.1440635262199486
1.0,10.0,1.7637790174355297
6.0,18.0,2.0185372800313823
8.0,14.0,1.4246347053973756
4.0,5.0,0.45591769646193786
7.0,14.0,1.2322422031143274
49.0,97.0,6.400070734245379
20.0,49.0,1.3356864073368409
3.0,5.0,0.1502451056879758
3.0,6.0,12.315274302093668
2.0,3.0,3.4526550601038406
5.0,8.0,2.1440635262199486
8.0,10.0,1.7637790174355297
13.0,18.0,2.0185372800313823
9.0,14.0,1.4246347053973756
3.0,5.0,0.45591769646193786
10.0,14.0,1.2322422031143274
57.0,97.0,6.400070734245379
31.0,49.0,1.3356864073368409
2.0,5.0,0.1502451056879758
3.0,6.0,12.315274302093668
2.0,3.0,3.4526550601038406
7.0,8.0,2.1440635262199486
5.0,10.0,1.7637790174355297
14.0,18.0,2.0185372800313823
10.0,14.0,1.4246347053973756
4.0,5.0,0.45591769646193786
12.0,14.0,1.2322422031143274
70.0,97.0,6.400070734245379
33.0,49.0,1.3356864073368409
3.0,5.0,0.1502451056879758
5.0,6.0,12.315274302093668
2.0,3.0,3.4526550601038406
7.0,8.0,2.1440635262199486
10.0,10.0,1.7637790174355297
14.0,18.0,2.0185372800313823
11.0,14.0,1.4246347053973756
5.0,5.0,0.45591769646193786
12.0,14.0,1.2322422031143274
78.0,97.0,6.400070734245379
41.0,49.0,1.3356864073368409
4.0,5.0,0.1502451056879758
6.0,6.0,12.315274302093668
3.0,3.0,3.4526550601038406
8.0,8.0,2.1440635262199486
10.0,10.0,1.7637790174355297
15.0,18.0,2.0185372800313823
13.0,14.0,1.4246347053973756
5.0,5.0,0.45591769646193786
12.0,14.0,1.2322422031143274
91.0,97.0,6.400070734245379
43.0,49.0,1.3356864073368409
4.0,5.0,0.1502451056879758
1.0,3.0,4.950923656803161
1.0,12.0,8.394084945753962
1.0,12.0,5.13059971908243
1.0,10.0,0.9685619282057233
5.0,62.0,4.726156397350138
2.0,12.0,0.8042831275971971
5.0,51.0,1.85756571335951
8.0,88.0,2.430981160489386
1.0,11.0,0.2800458639519715
1.0,13.0,0.31104057158498133
3.0,13.0,0.5063858177146638
1.0,3.0,4.950923656803161
1.0,12.0,8.394084945753962
1.0,12.0,5.13059971908243
1.0,10.0,0.9685619282057233
15.0,62.0,4.726156397350138
4.0,12.0,0.8042831275971971
7.0,51.0,1.85756571335951
23.0,88.0,2.430981160489386
1.0,11.0,0.2800458639519715
3.0,13.0,0.31104057158498133
3.0,13.0,0.5063858177146638
3.0,3.0,4.950923656803161
3.0,12.0,8.394084945753962
3.0,12.0,5.13059971908243
2.0,10.0,0.9685619282057233
18.0,62.0,4.726156397350138
2.0,12.0,0.8042831275971971
12.0,51.0,1.85756571335951
27.0,88.0,2.430981160489386
3.0,11.0,0.2800458639519715
1.0,13.0,0.31104057158498133
4.0,13.0,0.5063858177146638
2.0,3.0,4.950923656803161
7.0,12.0,8.394084945753962
5.0,12.0,5.13059971908243
3.0,10.0,0.9685619282057233
30.0,62.0,4.726156397350138
7.0,12.0,0.8042831275971971
19.0,51.0,1.85756571335951
40.0,88.0,2.430981160489386
3.0,11.0,0.2800458639519715
5.0,13.0,0.31104057158498133
5.0,13.0,0.5063858177146638
2.0,3.0,4.950923656803161
4.0,12.0,8.394084945753962
6.0,12.0,5.13059971908243
7.0,10.0,0.9685619282057233
36.0,62.0,4.726156397350138
5.0,12.0,0.8042831275971971
22.0,51.0,1.85756571335951
38.0,88.0,2.430981160489386
4.0,11.0,0.2800458639519715
8.0,13.0,0.31104057158498133
7.0,13.0,0.5063858177146638
2.0,3.0,4.950923656803161
8.0,12.0,8.394084945753962
8.0,12.0,5.13059971908243
2.0,10.0,0.9685619282057233
38.0,62.0,4.726156397350138
8.0,12.0,0.8042831275971971
27.0,51.0,1.85756571335951
57.0,88.0,2.430981160489386
10.0,11.0,0.2800458639519715
6.0,13.0,0.31104057158498133
7.0,13.0,0.5063858177146638
3.0,3.0,4.950923656803161
6.0,12.0,8.394084945753962
7.0,12.0,5.13059971908243
7.0,10.0,0.9685619282057233
45.0,62.0,4.726156397350138
6.0,12.0,0.8042831275971971
33.0,51.0,1.85756571335951
68.0,88.0,2.430981160489386
8.0,11.0,0.2800458639519715
12.0,13.0,0.31104057158498133
8.0,13.0,0.5063858177146638
3.0,3.0,4.950923656803161
9.0,12.0,8.394084945753962
10.0,12.0,5.13059971908243
8.0,10.0,0.9685619282057233
51.0,62.0,4.726156397350138
10.0,12.0,0.8042831275971971
45.0,51.0,1.85756571335951
68.0,88.0,2.430981160489386
7.0,11.0,0.2800458639519715
11.0,13.0,0.31104057158498133
10.0,13.0,0.5063858177146638
3.0,3.0,4.950923656803161
11.0,12.0,8.394084945753962
12.0,12.0,5.13059971908243
9.0,10.0,0.9685619282057233
50.0,62.0,4.726156397350138
11.0,12.0,0.8042831275971971
47.0,51.0,1.85756571335951
80.0,88.0,2.430981160489386
10.0,11.0,0.2800458639519715
13.0,13.0,0.31104057158498133
13.0,13.0,0.5063858177146638
1.0,3.0,3.4881169049010228
1.0,5.0,3.0746311957344283
1.0,16.0,4.781834999900281
0.0,15.0,1.8854442238868283
3.0,34.0,2.4165777691927266
3.0,53.0,2.895060175982267
2.0,15.0,0.4081038338272001
0.0,16.0,0.44949050214648906
6.0,62.0,2.1289636623170765
7.0,61.0,1.857410665257457
2.0,31.0,0.6468670692636469
1.0,3.0,3.4881169049010228
1.0,5.0,3.0746311957344283
1.0,16.0,4.781834999900281
2.0,15.0,1.8854442238868283
7.0,34.0,2.4165777691927266
12.0,53.0,2.895060175982267
4.0,15.0,0.4081038338272001
4.0,16.0,0.44949050214648906
21.0,62.0,2.1289636623170765
13.0,61.0,1.857410665257457
11.0,31.0,0.6468670692636469
2.0,3.0,3.4881169049010228
2.0,5.0,3.0746311957344283
7.0,16.0,4.781834999900281
5.0,15.0,1.8854442238868283
8.0,34.0,2.4165777691927266
11.0,53.0,2.895060175982267
5.0,15.0,0.4081038338272001
5.0,16.0,0.44949050214648906
20.0,62.0,2.1289636623170765
21.0,61.0,1.857410665257457
4.0,31.0,0.6468670692636469
2.0,3.0,3.4881169049010228
3.0,5.0,3.0746311957344283
5.0,16.0,4.781834999900281
4.0,15.0,1.8854442238868283
10.0,34.0,2.4165777691927266
28.0,53.0,2.895060175982267
5.0,15.0,0.4081038338272001
4.0,16.0,0.44949050214648906
30.0,62.0,2.1289636623170765
22.0,61.0,1.857410665257457
13.0,31.0,0.6468670692636469
1.0,3.0,3.4881169049010228
5.0,5.0,3.0746311957344283
1.0,16.0,4.781834999900281
6.0,15.0,1.8854442238868283
12.0,34.0,2.4165777691927266
28.0,53.0,2.895060175982267
8.0,15.0,0.4081038338272001
10.0,16.0,0.44949050214648906
31.0,62.0,2.1289636623170765
33.0,61.0,1.857410665257457
23.0,31.0,0.6468670692636469
1.0,3.0,3.4881169049010228
5.0,5.0,3.0746311957344283
12.0,16.0,4.781834999900281
9.0,15.0,1.8854442238868283
22.0,34.0,2.4165777691927266
34.0,53.0,2.895060175982267
11.0,15.0,0.4081038338272001
9.0,16.0,0.44949050214648906
39.0,62.0,2.1289636623170765
31.0,61.0,1.857410665257457
20.0,31.0,0.6468670692636469
2.0,3.0,3.4881169049010228
5.0,5.0,3.0746311957344283
12.0,16.0,4.781834999900281
11.0,15.0,1.8854442238868283
25.0,34.0,2.4165777691927266
35.0,53.0,2.895060175982267
10.0,15.0,0.4081038338272001
12.0,16.0,0.44949050214648906
41.0,62.0,2.1289636623170765
38.0,61.0,1.857410665257457
21.0,31.0,0.6468670692636469
3.0,3.0,3.4881169049010228
4.0,5.0,3.0746311957344283
11.0,16.0,4.781834999900281
12.0,15.0,1.8854442238868283
25.0,34.0,2.4165777691927266
42.0,53.0,2.895060175982267
12.0,15.0,0.4081038338272001
13.0,16.0,0.44949050214648906
52.0,62.0,2.1289636623170765
48.0,61.0,1.857410665257457
25.0,31.0,0.6468670692636469
3.0,3.0,3.4881169049010228
5.0,5.0,3.0746311957344283
15.0,16.0,4.781834999900281
14.0,15.0,1.8854442238868283
31.0,34.0,2.4165777691927266
48.0,53.0,2.895060175982267
14.0,15.0,0.4081038338272001
12.0,16.0,0.44949050214648906
59.0,62.0,2.1289636623170765
55.0,61.0,1.857410665257457
24.0,31.0,0.6468670692636469
1.0,6.0,8.762192352983616
0.0,3.0,2.646821149118803
2.0,13.0,3.7236358681265482
0.0,3.0,0.2687081769196826
1.0,4.0,0.5379318411184933
2.0,14.0,1.9617431045085734
4.0,50.0,4.896379436463093
5.0,47.0,2.3502043476569194
4.0,38.0,1.3054834689763273
7.0,82.0,1.9356628248962857
3.0,33.0,0.5880712889454552
2.0,6.0,8.762192352983616
1.0,3.0,2.646821149118803
1.0,13.0,3.7236358681265482
1.0,3.0,0.2687081769196826
0.0,4.0,0.5379318411184933
1.0,14.0,1.9617431045085734
9.0,50.0,4.896379436463093
5.0,47.0,2.3502043476569194
8.0,38.0,1.3054834689763273
14.0,82.0,1.9356628248962857
6.0,33.0,0.5880712889454552
1.0,6.0,8.762192352983616
2.0,3.0,2.646821149118803
5.0,13.0,3.7236358681265482
1.0,3.0,0.2687081769196826
2.0,4.0,0.5379318411184933
4.0,14.0,1.9617431045085734
17.0,50.0,4.896379436463093
12.0,47.0,2.3502043476569194
12.0,38.0,1.3054834689763273
25.0,82.0,1.9356628248962857
7.0,33.0,0.5880712889454552
4.0,6.0,8.762192352983616
2.0,3.0,2.646821149118803
6.0,13.0,3.7236358681265482
1.0,3.0,0.2687081769196826
1.0,4.0,0.5379318411184933
4.0,14.0,1.9617431045085734
19.0,50.0,4.896379436463093
16.0,47.0,2.3502043476569194
15.0,38.0,1.3054834689763273
36.0,82.0,1.9356628248962857
16.0,33.0,0.5880712889454552
3.0,6.0,8.762192352983616
1.0,3.0,2.646821149118803
7.0,13.0,3.7236358681265482
1.0,3.0,0.2687081769196826
1.0,4.0,0.5379318411184933
9.0,14.0,1.9617431045085734
24.0,50.0,4.896379436463093
22.0,47.0,2.3502043476569194
23.0,38.0,1.3054834689763273
40.0,82.0,1.9356628248962857
17.0,33.0,0.5880712889454552
2.0,6.0,8.762192352983616
3.0,3.0,2.646821149118803
8.0,13.0,3.7236358681265482
3.0,3.0,0.2687081769196826
2.0,4.0,0.5379318411184933
9.0,14.0,1.9617431045085734
29.0,50.0,4.896379436463093
26.0,47.0,2.3502043476569194
25.0,38.0,1.3054834689763273
52.0,82.0,1.9356628248962857
18.0,33.0,0.5880712889454552
5.0,6.0,8.762192352983616
2.0,3.0,2.646821149118803
9.0,13.0,3.7236358681265482
3.0,3.0,0.2687081769196826
2.0,4.0,0.5379318411184933
9.0,14.0,1.9617431045085734
35.0,50.0,4.896379436463093
32.0,47.0,2.3502043476569194
27.0,38.0,1.3054834689763273
62.0,82.0,1.9356628248962857
23.0,33.0,0.5880712889454552
3.0,6.0,8.762192352983616
1.0,3.0,2.646821149118803
11.0,13.0,3.7236358681265482
3.0,3.0,0.2687081769196826
3.0,4.0,0.5379318411184933
11.0,14.0,1.9617431045085734
39.0,50.0,4.896379436463093
35.0,47.0,2.3502043476569194
29.0,38.0,1.3054834689763273
70.0,82.0,1.9356628248962857
28.0,33.0,0.5880712889454552
6.0,6.0,8.762192352983616
3.0,3.0,2.646821149118803
12.0,13.0,3.7236358681265482
2.0,3.0,0.2687081769196826
4.0,4.0,0.5379318411184933
14.0,14.0,1.9617431045085734
45.0,50.0,4.896379436463093
42.0,47.0,2.3502043476569194
33.0,38.0,1.3054834689763273
73.0,82.0,1.9356628248962857
30.0,33.0,0.5880712889454552
1.0,2.0,6.999326175232325
1.0,6.0,5.840661329124726
1.0,10.0,2.814157686970823
5.0,18.0,2.778114285881872
2.0,16.0,1.5979677684943607
1.0,22.0,1.4993362415053137
0.0,16.0,0.9746359732060278
5.0,43.0,1.643311197261978
5.0,41.0,1.2508930795190456
8.0,91.0,2.41656433684527
5.0,22.0,0.6372573361806038
1.0,2.0,6.999326175232325
2.0,6.0,5.840661329124726
2.0,10.0,2.814157686970823
5.0,18.0,2.778114285881872
6.0,16.0,1.5979677684943607
4.0,22.0,1.4993362415053137
3.0,16.0,0.9746359732060278
9.0,43.0,1.643311197261978
6.0,41.0,1.2508930795190456
16.0,91.0,2.41656433684527
5.0,22.0,0.6372573361806038
1.0,2.0,6.999326175232325
3.0,6.0,5.840661329124726
2.0,10.0,2.814157686970823
6.0,18.0,2.778114285881872
7.0,16.0,1.5979677684943607
9.0,22.0,1.4993362415053137
6.0,16.0,0.9746359732060278
12.0,43.0,1.643311197261978
15.0,41.0,1.2508930795190456
28.0,91.0,2.41656433684527
3.0,22.0,0.6372573361806038
2.0,2.0,6.999326175232325
2.0,6.0,5.840661329124726
5.0,10.0,2.814157686970823
3.0,18.0,2.778114285881872
7.0,16.0,1.5979677684943607
8.0,22.0,1.4993362415053137
8.0,16.0,0.9746359732060278
24.0,43.0,1.643311197261978
18.0,41.0,1.2508930795190456
36.0,91.0,2.41656433684527
7.0,22.0,0.6372573361806038
1.0,2.0,6.999326175232325
2.0,6.0,5.840661329124726
8.0,10.0,2.814157686970823
10.0,18.0,2.778114285881872
10.0,16.0,1.5979677684943607
13.0,22.0,1.4993362415053137
7.0,16.0,0.9746359732060278
25.0,43.0,1.643311197261978
21.0,41.0,1.2508930795190456
43.0,91.0,2.41656433684527
9.0,22.0,0.6372573361806038
2.0,2.0,6.999326175232325
2.0,6.0,5.840661329124726
6.0,10.0,2.814157686970823
11.0,18.0,2.778114285881872
8.0,16.0,1.5979677684943607
15.0,22.0,1.4993362415053137
7.0,16.0,0.9746359732060278
31.0,43.0,1.643311197261978
22.0,41.0,1.2508930795190456
65.0,91.0,2.41656433684527
12.0,22.0,0.6372573361806038
2.0,2.0,6.999326175232325
4.0,6.0,5.840661329124726
7.0,10.0,2.814157686970823
14.0,18.0,2.778114285881872
12.0,16.0,1.5979677684943607
18.0,22.0,1.4993362415053137
13.0,16.0,0.9746359732060278
32.0,43.0,1.643311197261978
23.0,41.0,1.2508930795190456
62.0,91.0,2.41656433684527
20.0,22.0,0.6372573361806038
1.0,2.0,6.999326175232325
5.0,6.0,5.840661329124726
8.0,10.0,2.814157686970823
15.0,18.0,2.778114285881872
12.0,16.0,1.5979677684943607
20.0,22.0,1.4993362415053137
14.0,16.0,0.9746359732060278
38.0,43.0,1.643311197261978
37.0,41.0,1.2508930795190456
74.0,91.0,2.41656433684527
17.0,22.0,0.6372573361806038
2.0,2.0,6.999326175232325
6.0,6.0,5.840661329124726
10.0,10.0,2.814157686970823
17.0,18.0,2.778114285881872
16.0,16.0,1.5979677684943607
22.0,22.0,1.4993362415053137
14.0,16.0,0.9746359732060278
36.0,43.0,1.643311197261978
37.0,41.0,1.2508930795190456
84.0,91.0,2.41656433684527
21.0,22.0,0.6372573361806038
1.0,4.0,1.5455934163792004
2.0,5.0,7.436802566128728
2.0,10.0,3.5857037253287123
0.0,4.0,0.45922012661483563
1.0,7.0,1.1088847836672315
4.0,34.0,4.6014317741768
1.0,20.0,1.2554218013134648
6.0,61.0,2.883367880788373
10.0,50.0,1.1087963183872211
1.0,27.0,0.8910550321490447
1.0,11.0,0.26915876571743663
2.0,4.0,1.5455934163792004
0.0,5.0,7.436802566128728
0.0,10.0,3.5857037253287123
1.0,4.0,0.45922012661483563
3.0,7.0,1.1088847836672315
7.0,34.0,4.6014317741768
7.0,20.0,1.2554218013134648
8.0,61.0,2.883367880788373
12.0,50.0,1.1087963183872211
3.0,27.0,0.8910550321490447
5.0,11.0,0.26915876571743663
1.0,4.0,1.5455934163792004
3.0,5.0,7.436802566128728
5.0,10.0,3.5857037253287123
1.0,4.0,0.45922012661483563
1.0,7.0,1.1088847836672315
12.0,34.0,4.6014317741768
5.0,20.0,1.2554218013134648
21.0,61.0,2.883367880788373
12.0,50.0,1.1087963183872211
4.0,27.0,0.8910550321490447
4.0,11.0,0.26915876571743663
2.0,4.0,1.5455934163792004
1.0,5.0,7.436802566128728
7.0,10.0,3.5857037253287123
1.0,4.0,0.45922012661483563
4.0,7.0,1.1088847836672315
12.0,34.0,4.6014317741768
9.0,20.0,1.2554218013134648
29.0,61.0,2.883367880788373
20.0,50.0,1.1087963183872211
9.0,27.0,0.8910550321490447
5.0,11.0,0.26915876571743663
1.0,4.0,1.5455934163792004
3.0,5.0,7.436802566128728
4.0,10.0,3.5857037253287123
3.0,4.0,0.45922012661483563
4.0,7.0,1.1088847836672315
17.0,34.0,4.6014317741768
11.0,20.0,1.2554218013134648
36.0,61.0,2.883367880788373
20.0,50.0,1.1087963183872211
17.0,27.0,0.8910550321490447
5.0,11.0,0.26915876571743663
3.0,4.0,1.5455934163792004
2.0,5.0,7.436802566128728
8.0,10.0,3.5857037253287123
2.0,4.0,0.45922012661483563
4.0,7.0,1.1088847836672315
22.0,34.0,4.6014317741768
11.0,20.0,1.2554218013134648
41.0,61.0,2.883367880788373
27.0,50.0,1.1087963183872211
17.0,27.0,0.8910550321490447
8.0,11.0,0.26915876571743663
3.0,4.0,1.5455934163792004
4.0,5.0,7.436802566128728
7.0,10.0,3.5857037253287123
3.0,4.0,0.45922012661483563
5.0,7.0,1.1088847836672315
26.0,34.0,4.6014317741768
14.0,20.0,1.2554218013134648
40.0,61.0,2.883367880788373
34.0,50.0,1.1087963183872211
19.0,27.0,0.8910550321490447
6.0,11.0,0.26915876571743663
4.0,4.0,1.5455934163792004
5.0,5.0,7.436802566128728
8.0,10.0,3.5857037253287123
3.0,4.0,0.45922012661483563
7.0,7.0,1.1088847836672315
25.0,34.0,4.6014317741768
16.0,20.0,1.2554218013134648
56.0,61.0,2.883367880788373
41.0,50.0,1.1087963183872211
20.0,27.0,0.8910550321490447
9.0,11.0,0.26915876571743663
3.0,4.0,1.5455934163792004
4.0,5.0,7.436802566128728
7.0,10.0,3.5857037253287123
4.0,4.0,0.45922012661483563
6.0,7.0,1.1088847836672315
31.0,34.0,4.6014317741768
20.0,20.0,1.2554218013134648
55.0,61.0,2.883367880788373
43.0,50.0,1.1087963183872211
23.0,27.0,0.8910550321490447
10.0,11.0,0.26915876571743663
1.0,3.0,2.8820653659105147
1.0,8.0,4.844791568765557
0.0,7.0,2.2506331209569055
1.0,14.0,2.2615543850047573
1.0,14.0,1.7421252664118367
3.0,18.0,1.4765336604235937
1.0,8.0,0.7545065059782872
5.0,27.0,2.0724344854827166
0.0,7.0,0.45711001971913995
1.0,29.0,1.2867096830449403
2.0,43.0,2.2175769829518233
1.0,3.0,2.8820653659105147
1.0,8.0,4.844791568765557
2.0,7.0,2.2506331209569055
3.0,14.0,2.2615543850047573
3.0,14.0,1.7421252664118367
1.0,18.0,1.4765336604235937
0.0,8.0,0.7545065059782872
3.0,27.0,2.0724344854827166
0.0,7.0,0.45711001971913995
4.0,29.0,1.2867096830449403
8.0,43.0,2.2175769829518233
2.0,3.0,2.8820653659105147
3.0,8.0,4.844791568765557
4.0,7.0,2.2506331209569055
5.0,14.0,2.2615543850047573
4.0,14.0,1.7421252664118367
3.0,18.0,1.4765336604235937
3.0,8.0,0.7545065059782872
10.0,27.0,2.0724344854827166
4.0,7.0,0.45711001971913995
5.0,29.0,1.2867096830449403
18.0,43.0,2.2175769829518233
1.0,3.0,2.8820653659105147
2.0,8.0,4.844791568765557
4.0,7.0,2.2506331209569055
6.0,14.0,2.2615543850047573
8.0,14.0,1.7421252664118367
7.0,18.0,1.4765336604235937
3.0,8.0,0.7545065059782872
9.0,27.0,2.0724344854827166
4.0,7.0,0.45711001971913995
13.0,29.0,1.2867096830449403
18.0,43.0,2.2175769829518233
1.0,3.0,2.8820653659105147
2.0,8.0,4.844791568765557
4.0,7.0,2.2506331209569055
8.0,14.0,2.2615543850047573
7.0,14.0,1.7421252664118367
9.0,18.0,1.4765336604235937
4.0,8.0,0.7545065059782872
8.0,27.0,2.0724344854827166
5.0,7.0,0.45711001971913995
15.0,29.0,1.2867096830449403
20.0,43.0,2.2175769829518233
1.0,3.0,2.8820653659105147
5.0,8.0,4.844791568765557
4.0,7.0,2.2506331209569055
7.0,14.0,2.2615543850047573
10.0,14.0,1.7421252664118367
15.0,18.0,1.4765336604235937
6.0,8.0,0.7545065059782872
14.0,27.0,2.0724344854827166
5.0,7.0,0.45711001971913995
18.0,29.0,1.2867096830449403
23.0,43.0,2.2175769829518233
2.0,3.0,2.8820653659105147
6.0,8.0,4.844791568765557
3.0,7.0,2.2506331209569055
8.0,14.0,2.2615543850047573
10.0,14.0,1.7421252664118367
11.0,18.0,1.4765336604235937
6.0,8.0,0.7545065059782872
19.0,27.0,2.0724344854827166
4.0,7.0,0.45711001971913995
21.0,29.0,1.2867096830449403
29.0,43.0,2.2175769829518233
3.0,3.0,2.8820653659105147
8.0,8.0,4.844791568765557
6.0,7.0,2.2506331209569055
12.0,14.0,2.2615543850047573
11.0,14.0,1.7421252664118367
16.0,18.0,1.4765336604235937
6.0,8.0,0.7545065059782872
24.0,27.0,2.0724344854827166
5.0,7.0,0.45711001971913995
26.0,29.0,1.2867096830449403
35.0,43.0,2.2175769829518233
3.0,3.0,2.8820653659105147
7.0,8.0,4.844791568765557
7.0,7.0,2.2506331209569055
13.0,14.0,2.2615543850047573
13.0,14.0,1.7421252664118367
15.0,18.0,1.4765336604235937
8.0,8.0,0.7545065059782872
25.0,27.0,2.0724344854827166
6.0,7.0,0.45711001971913995
25.0,29.0,1.2867096830449403
41.0,43.0,2.2175769829518233
1.0,2.0,1.77989717973549
3.0,7.0,7.937926364689333
2.0,21.0,5.576245745552208
3.0,41.0,3.4392348404985364
1.0,11.0,0.49564874567559025
0.0,16.0,0.6354782048914366
1.0,5.0,0.4253265183491441
1.0,20.0,1.7402989377877671
2.0,26.0,1.1650757362474844
2.0,29.0,1.8147966186248201
9.0,47.0,2.0600367929255703
1.0,2.0,1.77989717973549
0.0,7.0,7.937926364689333
9.0,21.0,5.576245745552208
11.0,41.0,3.4392348404985364
4.0,11.0,0.49564874567559025
3.0,16.0,0.6354782048914366
0.0,5.0,0.4253265183491441
1.0,20.0,1.7402989377877671
5.0,26.0,1.1650757362474844
4.0,29.0,1.8147966186248201
10.0,47.0,2.0600367929255703
1.0,2.0,1.77989717973549
1.0,7.0,7.937926364689333
5.0,21.0,5.576245745552208
14.0,41.0,3.4392348404985364
3.0,11.0,0.49564874567559025
5.0,16.0,0.6354782048914366
1.0,5.0,0.4253265183491441
5.0,20.0,1.7402989377877671
10.0,26.0,1.1650757362474844
10.0,29.0,1.8147966186248201
18.0,47.0,2.0600367929255703
1.0,2.0,1.77989717973549
5.0,7.0,7.937926364689333
9.0,21.0,5.576245745552208
20.0,41.0,3.4392348404985364
5.0,11.0,0.49564874567559025
7.0,16.0,0.6354782048914366
2.0,5.0,0.4253265183491441
7.0,20.0,1.7402989377877671
11.0,26.0,1.1650757362474844
12.0,29.0,1.8147966186248201
21.0,47.0,2.0600367929255703
1.0,2.0,1.77989717973549
1.0,7.0,7.937926364689333
11.0,21.0,5.576245745552208
15.0,41.0,3.4392348404985364
5.0,11.0,0.49564874567559025
7.0,16.0,0.6354782048914366
3.0,5.0,0.4253265183491441
11.0,20.0,1.7402989377877671
12.0,26.0,1.1650757362474844
10.0,29.0,1.8147966186248201
24.0,47.0,2.0600367929255703
1.0,2.0,1.77989717973549
6.0,7.0,7.937926364689333
12.0,21.0,5.576245745552208
21.0,41.0,3.4392348404985364
6.0,11.0,0.49564874567559025
8.0,16.0,0.6354782048914366
3.0,5.0,0.4253265183491441
10.0,20.0,1.7402989377877671
15.0,26.0,1.1650757362474844
22.0,29.0,1.8147966186248201
29.0,47.0,2.0600367929255703
1.0,2.0,1.77989717973549
7.0,7.0,7.937926364689333
12.0,21.0,5.576245745552208
23.0,41.0,3.4392348404985364
9.0,11.0,0.49564874567559025
9.0,16.0,0.6354782048914366
4.0,5.0,0.4253265183491441
15.0,20.0,1.7402989377877671
16.0,26.0,1.1650757362474844
20.0,29.0,1.8147966186248201
33.0,47.0,2.0600367929255703
1.0,2.0,1.77989717973549
7.0,7.0,7.937926364689333
16.0,21.0,5.576245745552208
33.0,41.0,3.4392348404985364
10.0,11.0,0.49564874567559025
11.0,16.0,0.6354782048914366
4.0,5.0,0.4253265183491441
16.0,20.0,1.7402989377877671
19.0,26.0,1.1650757362474844
21.0,29.0,1.8147966186248201
40.0,47.0,2.0600367929255703
2.0,2.0,1.77989717973549
5.0,7.0,7.937926364689333
21.0,21.0,5.576245745552208
38.0,41.0,3.4392348404985364
11.0,11.0,0.49564874567559025
15.0,16.0,0.6354782048914366
5.0,5.0,0.4253265183491441
19.0,20.0,1.7402989377877671
25.0,26.0,1.1650757362474844
26.0,29.0,1.8147966186248201
43.0,47.0,2.0600367929255703
1.0,8.0,12.147681917817232
0.0,3.0,2.772497700422181
0.0,10.0,2.7489091495894376
6.0,42.0,4.518281216315221
0.0,16.0,0.8300833985559501
3.0,82.0,3.2483799498282377
2.0,41.0,0.9563162914496411
9.0,73.0,1.3160521816042468
2.0,21.0,0.2956934581454045
1.0,4.0,0.11191015657788327
1.0,14.0,0.31931504085739826
1.0,8.0,12.147681917817232
1.0,3.0,2.772497700422181
1.0,10.0,2.7489091495894376
13.0,42.0,4.518281216315221
1.0,16.0,0.8300833985559501
13.0,82.0,3.2483799498282377
8.0,41.0,0.9563162914496411
15.0,73.0,1.3160521816042468
8.0,21.0,0.2956934581454045
2.0,4.0,0.11191015657788327
1.0,14.0,0.31931504085739826
2.0,8.0,12.147681917817232
2.0,3.0,2.772497700422181
4.0,10.0,2.7489091495894376
7.0,42.0,4.518281216315221
5.0,16.0,0.8300833985559501
28.0,82.0,3.2483799498282377
10.0,41.0,0.9563162914496411
21.0,73.0,1.3160521816042468
6.0,21.0,0.2956934581454045
2.0,4.0,0.11191015657788327
4.0,14.0,0.31931504085739826
4.0,8.0,12.147681917817232
3.0,3.0,2.772497700422181
5.0,10.0,2.7489091495894376
17.0,42.0,4.518281216315221
11.0,16.0,0.8300833985559501
36.0,82.0,3.2483799498282377
12.0,41.0,0.9563162914496411
26.0,73.0,1.3160521816042468
8.0,21.0,0.2956934581454045
0.0,4.0,0.11191015657788327
8.0,14.0,0.31931504085739826
4.0,8.0,12.147681917817232
3.0,3.0,2.772497700422181
4.0,10.0,2.7489091495894376
25.0,42.0,4.518281216315221
7.0,16.0,0.8300833985559501
33.0,82.0,3.2483799498282377
22.0,41.0,0.9563162914496411
31.0,73.0,1.3160521816042468
15.0,21.0,0.2956934581454045
4.0,4.0,0.11191015657788327
9.0,14.0,0.31931504085739826
4.0,8.0,12.147681917817232
1.0,3.0,2.772497700422181
3.0,10.0,2.7489091495894376
28.0,42.0,4.518281216315221
11.0,16.0,0.8300833985559501
50.0,82.0,3.2483799498282377
22.0,41.0,0.9563162914496411
41.0,73.0,1.3160521816042468
14.0,21.0,0.2956934581454045
4.0,4.0,0.11191015657788327
9.0,14.0,0.31931504085739826
7.0,8.0,12.147681917817232
3.0,3.0,2.772497700422181
3.0,10.0,2.7489091495894376
23.0,42.0,4.518281216315221
8.0,16.0,0.8300833985559501
55.0,82.0,3.2483799498282377
34.0,41.0,0.9563162914496411
55.0,73.0,1.3160521816042468
12.0,21.0,0.2956934581454045
3.0,4.0,0.11191015657788327
9.0,14.0,0.31931504085739826
6.0,8.0,12.147681917817232
2.0,3.0,2.772497700422181
8.0,10.0,2.7489091495894376
33.0,42.0,4.518281216315221
10.0,16.0,0.8300833985559501
61.0,82.0,3.2483799498282377
32.0,41.0,0.9563162914496411
60.0,73.0,1.3160521816042468
19.0,21.0,0.2956934581454045
3.0,4.0,0.11191015657788327
10.0,14.0,0.31931504085739826
7.0,8.0,12.147681917817232
3.0,3.0,2.772497700422181
9.0,10.0,2.7489091495894376
36.0,42.0,4.518281216315221
12.0,16.0,0.8300833985559501
71.0,82.0,3.2483799498282377
37.0,41.0,0.9563162914496411
69.0,73.0,1.3160521816042468
18.0,21.0,0.2956934581454045
4.0,4.0,0.11191015657788327
12.0,14.0,0.31931504085739826
1.0,2.0,1.2409236196894364
0.0,3.0,4.328280384128095
1.0,14.0,4.437647271291877
1.0,7.0,0.9961051984783134
1.0,13.0,1.7472370742250976
0.0,10.0,0.7516526812235694
2.0,18.0,1.7876830300133972
2.0,8.0,0.7450805947679026
1.0,9.0,0.6753350182234157
2.0,12.0,1.3754673408307827
2.0,14.0,1.4806690475227766
1.0,2.0,1.2409236196894364
0.0,3.0,4.328280384128095
2.0,14.0,4.437647271291877
1.0,7.0,0.9961051984783134
3.0,13.0,1.7472370742250976
2.0,10.0,0.7516526812235694
4.0,18.0,1.7876830300133972
2.0,8.0,0.7450805947679026
1.0,9.0,0.6753350182234157
3.0,12.0,1.3754673408307827
3.0,14.0,1.4806690475227766
1.0,2.0,1.2409236196894364
1.0,3.0,4.328280384128095
4.0,14.0,4.437647271291877
4.0,7.0,0.9961051984783134
2.0,13.0,1.7472370742250976
3.0,10.0,0.7516526812235694
6.0,18.0,1.7876830300133972
3.0,8.0,0.7450805947679026
2.0,9.0,0.6753350182234157
3.0,12.0,1.3754673408307827
3.0,14.0,1.4806690475227766
2.0,2.0,1.2409236196894364
1.0,3.0,4.328280384128095
5.0,14.0,4.437647271291877
1.0,7.0,0.9961051984783134
6.0,13.0,1.7472370742250976
1.0,10.0,0.7516526812235694
4.0,18.0,1.7876830300133972
2.0,8.0,0.7450805947679026
3.0,9.0,0.6753350182234157
3.0,12.0,1.3754673408307827
3.0,14.0,1.4806690475227766
2.0,2.0,1.2409236196894364
1.0,3.0,4.328280384128095
7.0,14.0,4.437647271291877
3.0,7.0,0.9961051984783134
7.0,13.0,1.7472370742250976
7.0,10.0,0.7516526812235694
13.0,18.0,1.7876830300133972
4.0,8.0,0.7450805947679026
6.0,9.0,0.6753350182234157
8.0,12.0,1.3754673408307827
7.0,14.0,1.4806690475227766
1.0,2.0,1.2409236196894364
0.0,3.0,4.328280384128095
7.0,14.0,4.437647271291877
2.0,7.0,0.9961051984783134
8.0,13.0,1.7472370742250976
4.0,10.0,0.7516526812235694
9.0,18.0,1.7876830300133972
4.0,8.0,0.7450805947679026
5.0,9.0,0.6753350182234157
5.0,12.0,1.3754673408307827
9.0,14.0,1.4806690475227766
2.0,2.0,1.2409236196894364
2.0,3.0,4.328280384128095
9.0,14.0,4.437647271291877
6.0,7.0,0.9961051984783134
8.0,13.0,1.7472370742250976
6.0,10.0,0.7516526812235694
16.0,18.0,1.7876830300133972
7.0,8.0,0.7450805947679026
5.0,9.0,0.6753350182234157
11.0,12.0,1.3754673408307827
9.0,14.0,1.4806690475227766
2.0,2.0,1.2409236196894364
3.0,3.0,4.328280384128095
11.0,14.0,4.437647271291877
4.0,7.0,0.9961051984783134
9.0,13.0,1.7472370742250976
8.0,10.0,0.7516526812235694
16.0,18.0,1.7876830300133972
8.0,8.0,0.7450805947679026
8.0,9.0,0.6753350182234157
11.0,12.0,1.3754673408307827
11.0,14.0,1.4806690475227766
2.0,2.0,1.2409236196894364
3.0,3.0,4.328280384128095
13.0,14.0,4.437647271291877
7.0,7.0,0.9961051984783134
13.0,13.0,1.7472370742250976
9.0,10.0,0.7516526812235694
16.0,18.0,1.7876830300133972
8.0,8.0,0.7450805947679026
9.0,9.0,0.6753350182234157
10.0,12.0,1.3754673408307827
12.0,14.0,1.4806690475227766
1.0,3.0,1.3792401572044597
3.0,8.0,2.8100818551528115
3.0,36.0,6.439461648725083
0.0,8.0,0.6509849343983778
4.0,35.0,1.7155768603961392
3.0,42.0,1.719078461465231
8.0,37.0,1.342799913557358
6.0,51.0,1.3629856906152888
4.0,43.0,1.0824398757159497
1.0,15.0,0.5016267016051386
8.0,49.0,1.3598577917725705
1.0,3.0,1.3792401572044597
2.0,8.0,2.8100818551528115
7.0,36.0,6.439461648725083
1.0,8.0,0.6509849343983778
7.0,35.0,1.7155768603961392
8.0,42.0,1.719078461465231
8.0,37.0,1.342799913557358
11.0,51.0,1.3629856906152888
5.0,43.0,1.0824398757159497
4.0,15.0,0.5016267016051386
10.0,49.0,1.3598577917725705
1.0,3.0,1.3792401572044597
1.0,8.0,2.8100818551528115
8.0,36.0,6.439461648725083
1.0,8.0,0.6509849343983778
14.0,35.0,1.7155768603961392
16.0,42.0,1.719078461465231
9.0,37.0,1.342799913557358
20.0,51.0,1.3629856906152888
12.0,43.0,1.0824398757159497
4.0,15.0,0.5016267016051386
9.0,49.0,1.3598577917725705
2.0,3.0,1.3792401572044597
2.0,8.0,2.8100818551528115
11.0,36.0,6.439461648725083
5.0,8.0,0.6509849343983778
14.0,35.0,1.7155768603961392
14.0,42.0,1.719078461465231
16.0,37.0,1.342799913557358
23.0,51.0,1.3629856906152888
12.0,43.0,1.0824398757159497
6.0,15.0,0.5016267016051386
17.0,49.0,1.3598577917725705
2.0,3.0,1.3792401572044597
3.0,8.0,2.8100818551528115
23.0,36.0,6.439461648725083
4.0,8.0,0.6509849343983778
18.0,35.0,1.7155768603961392
19.0,42.0,1.719078461465231
22.0,37.0,1.342799913557358
28.0,51.0,1.3629856906152888
25.0,43.0,1.0824398757159497
8.0,15.0,0.5016267016051386
21.0,49.0,1.3598577917725705
1.0,3.0,1.3792401572044597
6.0,8.0,2.8100818551528115
18.0,36.0,6.439461648725083
7.0,8.0,0.6509849343983778
20.0,35.0,1.7155768603961392
26.0,42.0,1.719078461465231
20.0,37.0,1.342799913557358
30.0,51.0,1.3629856906152888
28.0,43.0,1.0824398757159497
11.0,15.0,0.5016267016051386
27.0,49.0,1.3598577917725705
2.0,3.0,1.3792401572044597
4.0,8.0,2.8100818551528115
25.0,36.0,6.439461648725083
6.0,8.0,0.6509849343983778
25.0,35.0,1.7155768603961392
29.0,42.0,1.719078461465231
25.0,37.0,1.342799913557358
41.0,51.0,1.3629856906152888
23.0,43.0,1.0824398757159497
8.0,15.0,0.5016267016051386
34.0,49.0,1.3598577917725705
3.0,3.0,1.3792401572044597
7.0,8.0,2.8100818551528115
32.0,36.0,6.439461648725083
4.0,8.0,0.6509849343983778
30.0,35.0,1.7155768603961392
32.0,42.0,1.719078461465231
33.0,37.0,1.342799913557358
41.0,51.0,1.3629856906152888
35.0,43.0,1.0824398757159497
11.0,15.0,0.5016267016051386
40.0,49.0,1.3598577917725705
2.0,3.0,1.3792401572044597
8.0,8.0,2.8100818551528115
35.0,36.0,6.439461648725083
8.0,8.0,0.6509849343983778
33.0,35.0,1.7155768603961392
38.0,42.0,1.719078461465231
32.0,37.0,1.342799913557358
48.0,51.0,1.3629856906152888
39.0,43.0,1.0824398757159497
13.0,15.0,0.5016267016051386
46.0,49.0,1.3598577917725705
1.0,3.0,6.964880770368101
1.0,3.0,4.89632704999965
0.0,1.0,2.9087618283943266
2.0,31.0,9.397948973871207
1.0,16.0,1.8433940234110373
6.0,39.0,2.171195573888033
3.0,80.0,3.177354106790769
5.0,39.0,0.6806344974465951
1.0,53.0,1.072488365484765
7.0,105.0,2.199940383064095
5.0,55.0,0.7538120615154952
1.0,3.0,6.964880770368101
1.0,3.0,4.89632704999965
0.0,1.0,2.9087618283943266
2.0,31.0,9.397948973871207
3.0,16.0,1.8433940234110373
5.0,39.0,2.171195573888033
20.0,80.0,3.177354106790769
10.0,39.0,0.6806344974465951
13.0,53.0,1.072488365484765
17.0,105.0,2.199940383064095
10.0,55.0,0.7538120615154952
2.0,3.0,6.964880770368101
1.0,3.0,4.89632704999965
1.0,1.0,2.9087618283943266
8.0,31.0,9.397948973871207
5.0,16.0,1.8433940234110373
10.0,39.0,2.171195573888033
21.0,80.0,3.177354106790769
10.0,39.0,0.6806344974465951
15.0,53.0,1.072488365484765
32.0,105.0,2.199940383064095
24.0,55.0,0.7538120615154952
1.0,3.0,6.964880770368101
2.0,3.0,4.89632704999965
1.0,1.0,2.9087618283943266
11.0,31.0,9.397948973871207
8.0,16.0,1.8433940234110373
15.0,39.0,2.171195573888033
38.0,80.0,3.177354106790769
13.0,39.0,0.6806344974465951
19.0,53.0,1.072488365484765
30.0,105.0,2.199940383064095
22.0,55.0,0.7538120615154952
1.0,3.0,6.964880770368101
3.0,3.0,4.89632704999965
1.0,1.0,2.9087618283943266
16.0,31.0,9.397948973871207
5.0,16.0,1.8433940234110373
28.0,39.0,2.171195573888033
42.0,80.0,3.177354106790769
16.0,39.0,0.6806344974465951
32.0,53.0,1.072488365484765
56.0,105.0,2.199940383064095
25.0,55.0,0.7538120615154952
3.0,3.0,6.964880770368101
0.0,3.0,4.89632704999965
0.0,1.0,2.9087618283943266
20.0,31.0,9.397948973871207
8.0,16.0,1.8433940234110373
24.0,39.0,2.171195573888033
46.0,80.0,3.177354106790769
23.0,39.0,0.6806344974465951
38.0,53.0,1.072488365484765
63.0,105.0,2.199940383064095
32.0,55.0,0.7538120615154952
2.0,3.0,6.964880770368101
2.0,3.0,4.89632704999965
1.0,1.0,2.9087618283943266
24.0,31.0,9.397948973871207
12.0,16.0,1.8433940234110373
25.0,39.0,2.171195573888033
58.0,80.0,3.177354106790769
26.0,39.0,0.6806344974465951
35.0,53.0,1.072488365484765
77.0,105.0,2.199940383064095
40.0,55.0,0.7538120615154952
2.0,3.0,6.964880770368101
3.0,3.0,4.89632704999965
1.0,1.0,2.9087618283943266
23.0,31.0,9.397948973871207
12.0,16.0,1.8433940234110373
34.0,39.0,2.171195573888033
64.0,80.0,3.177354106790769
28.0,39.0,0.6806344974465951
37.0,53.0,1.072488365484765
76.0,105.0,2.199940383064095
44.0,55.0,0.7538120615154952
3.0,3.0,6.964880770368101
2.0,3.0,4.89632704999965
1.0,1.0,2.9087618283943266
25.0,31.0,9.397948973871207
13.0,16.0,1.8433940234110373
35.0,39.0,2.171195573888033
77.0,80.0,3.177354106790769
33.0,39.0,0.6806344974465951
47.0,53.0,1.072488365484765
96.0,105.0,2.199940383064095
48.0,55.0,0.7538120615154952
1.0,6.0,5.496923030478343
0.0,7.0,2.6338877252336292
3.0,42.0,7.672594048013677
1.0,8.0,0.5435651566855235
2.0,7.0,0.3365354526244567
3.0,14.0,0.9717697904255161
3.0,17.0,1.3404119053451722
2.0,21.0,1.2819566859887837
1.0,28.0,1.6915914842253232
4.0,40.0,1.4895438948628743
1.0,8.0,0.3523532451370435
2.0,6.0,5.496923030478343
1.0,7.0,2.6338877252336292
7.0,42.0,7.672594048013677
0.0,8.0,0.5435651566855235
1.0,7.0,0.3365354526244567
2.0,14.0,0.9717697904255161
5.0,17.0,1.3404119053451722
7.0,21.0,1.2819566859887837
5.0,28.0,1.6915914842253232
10.0,40.0,1.4895438948628743
2.0,8.0,0.3523532451370435
2.0,6.0,5.496923030478343
4.0,7.0,2.6338877252336292
9.0,42.0,7.672594048013677
0.0,8.0,0.5435651566855235
0.0,7.0,0.3365354526244567
3.0,14.0,0.9717697904255161
3.0,17.0,1.3404119053451722
13.0,21.0,1.2819566859887837
8.0,28.0,1.6915914842253232
11.0,40.0,1.4895438948628743
4.0,8.0,0.3523532451370435
2.0,6.0,5.496923030478343
3.0,7.0,2.6338877252336292
13.0,42.0,7.672594048013677
3.0,8.0,0.5435651566855235
1.0,7.0,0.3365354526244567
6.0,14.0,0.9717697904255161
4.0,17.0,1.3404119053451722
9.0,21.0,1.2819566859887837
14.0,28.0,1.6915914842253232
14.0,40.0,1.4895438948628743
3.0,8.0,0.3523532451370435
4.0,6.0,5.496923030478343
1.0,7.0,2.6338877252336292
25.0,42.0,7.672594048013677
2.0,8.0,0.5435651566855235
2.0,7.0,0.3365354526244567
4.0,14.0,0.9717697904255161
7.0,17.0,1.3404119053451722
14.0,21.0,1.2819566859887837
11.0,28.0,1.6915914842253232
22.0,40.0,1.4895438948628743
3.0,8.0,0.3523532451370435
3.0,6.0,5.496923030478343
5.0,7.0,2.6338877252336292
28.0,42.0,7.672594048013677
3.0,8.0,0.5435651566855235
5.0,7.0,0.3365354526244567
10.0,14.0,0.9717697904255161
10.0,17.0,1.3404119053451722
10.0,21.0,1.2819566859887837
20.0,28.0,1.6915914842253232
22.0,40.0,1.4895438948628743
5.0,8.0,0.3523532451370435
4.0,6.0,5.496923030478343
5.0,7.0,2.6338877252336292
28.0,42.0,7.672594048013677
6.0,8.0,0.5435651566855235
6.0,7.0,0.3365354526244567
8.0,14.0,0.9717697904255161
13.0,17.0,1.3404119053451722
13.0,21.0,1.2819566859887837
20.0,28.0,1.6915914842253232
30.0,40.0,1.4895438948628743
7.0,8.0,0.3523532451370435
5.0,6.0,5.496923030478343
7.0,7.0,2.6338877252336292
39.0,42.0,7.672594048013677
7.0,8.0,0.5435651566855235
7.0,7.0,0.3365354526244567
10.0,14.0,0.9717697904255161
15.0,17.0,1.3404119053451722
17.0,21.0,1.2819566859887837
20.0,28.0,1.6915914842253232
33.0,40.0,1.4895438948628743
6.0,8.0,0.3523532451370435
5.0,6.0,5.496923030478343
7.0,7.0,2.6338877252336292
35.0,42.0,7.672594048013677
8.0,8.0,0.5435651566855235
7.0,7.0,0.3365354526244567
12.0,14.0,0.9717697904255161
16.0,17.0,1.3404119053451722
19.0,21.0,1.2819566859887837
24.0,28.0,1.6915914842253232
37.0,40.0,1.4895438948628743
7.0,8.0,0.3523532451370435
1.0,4.0,6.846747777463481
0.0,10.0,4.6420597861983675
0.0,11.0,1.2153183513840182
6.0,90.0,8.650242080063919
3.0,26.0,0.6928862429680795
1.0,20.0,0.3913308915927941
2.0,15.0,0.6587831830944016
10.0,68.0,2.6593986652591517
3.0,8.0,0.23185739040353204
6.0,49.0,1.8451064975849463
1.0,13.0,0.3044050516105119
2.0,4.0,6.846747777463481
2.0,10.0,4.6420597861983675
1.0,11.0,1.2153183513840182
14.0,90.0,8.650242080063919
1.0,26.0,0.6928862429680795
4.0,20.0,0.3913308915927941
4.0,15.0,0.6587831830944016
7.0,68.0,2.6593986652591517
2.0,8.0,0.23185739040353204
8.0,49.0,1.8451064975849463
1.0,13.0,0.3044050516105119
1.0,4.0,6.846747777463481
0.0,10.0,4.6420597861983675
1.0,11.0,1.2153183513840182
26.0,90.0,8.650242080063919
8.0,26.0,0.6928862429680795
8.0,20.0,0.3913308915927941
2.0,15.0,0.6587831830944016
24.0,68.0,2.6593986652591517
2.0,8.0,0.23185739040353204
24.0,49.0,1.8451064975849463
3.0,13.0,0.3044050516105119
1.0,4.0,6.846747777463481
4.0,10.0,4.6420597861983675
6.0,11.0,1.2153183513840182
29.0,90.0,8.650242080063919
9.0,26.0,0.6928862429680795
10.0,20.0,0.3913308915927941
8.0,15.0,0.6587831830944016
23.0,68.0,2.6593986652591517
3.0,8.0,0.23185739040353204
23.0,49.0,1.8451064975849463
5.0,13.0,0.3044050516105119
2.0,4.0,6.846747777463481
8.0,10.0,4.6420597861983675
5.0,11.0,1.2153183513840182
39.0,90.0,8.650242080063919
17.0,26.0,0.6928862429680795
13.0,20.0,0.3913308915927941
12.0,15.0,0.6587831830944016
37.0,68.0,2.6593986652591517
4.0,8.0,0.23185739040353204
33.0,49.0,1.8451064975849463
10.0,13.0,0.3044050516105119
1.0,4.0,6.846747777463481
5.0,10.0,4.6420597861983675
7.0,11.0,1.2153183513840182
62.0,90.0,8.650242080063919
17.0,26.0,0.6928862429680795
11.0,20.0,0.3913308915927941
8.0,15.0,0.6587831830944016
39.0,68.0,2.6593986652591517
2.0,8.0,0.23185739040353204
30.0,49.0,1.8451064975849463
9.0,13.0,0.3044050516105119
3.0,4.0,6.846747777463481
8.0,10.0,4.6420597861983675
8.0,11.0,1.2153183513840182
62.0,90.0,8.650242080063919
18.0,26.0,0.6928862429680795
17.0,20.0,0.3913308915927941
10.0,15.0,0.6587831830944016
47.0,68.0,2.6593986652591517
5.0,8.0,0.23185739040353204
38.0,49.0,1.8451064975849463
8.0,13.0,0.3044050516105119
2.0,4.0,6.846747777463481
6.0,10.0,4.6420597861983675
8.0,11.0,1.2153183513840182
74.0,90.0,8.650242080063919
24.0,26.0,0.6928862429680795
17.0,20.0,0.3913308915927941
13.0,15.0,0.6587831830944016
51.0,68.0,2.6593986652591517
6.0,8.0,0.23185739040353204
44.0,49.0,1.8451064975849463
10.0,13.0,0.3044050516105119
3.0,4.0,6.846747777463481
9.0,10.0,4.6420597861983675
7.0,11.0,1.2153183513840182
78.0,90.0,8.650242080063919
23.0,26.0,0.6928862429680795
17.0,20.0,0.3913308915927941
14.0,15.0,0.6587831830944016
61.0,68.0,2.6593986652591517
7.0,8.0,0.23185739040353204
44.0,49.0,1.8451064975849463
10.0,13.0,0.3044050516105119
1.0,2.0,6.239673779636632
0.0,6.0,11.078737306550536
0.0,4.0,0.5901569306296532
1.0,9.0,2.7223176661174455
2.0,16.0,2.2474257202188372
0.0,10.0,0.9377301304832101
0.0,8.0,0.4314524397398137
15.0,95.0,7.4048633329434255
1.0,14.0,0.41911430739515265
6.0,69.0,1.9254936338668105
1.0,12.0,0.25009269408351426
1.0,2.0,6.239673779636632
2.0,6.0,11.078737306550536
1.0,4.0,0.5901569306296532
1.0,9.0,2.7223176661174455
5.0,16.0,2.2474257202188372
5.0,10.0,0.9377301304832101
2.0,8.0,0.4314524397398137
19.0,95.0,7.4048633329434255
3.0,14.0,0.41911430739515265
15.0,69.0,1.9254936338668105
3.0,12.0,0.25009269408351426
1.0,2.0,6.239673779636632
1.0,6.0,11.078737306550536
1.0,4.0,0.5901569306296532
3.0,9.0,2.7223176661174455
4.0,16.0,2.2474257202188372
2.0,10.0,0.9377301304832101
2.0,8.0,0.4314524397398137
31.0,95.0,7.4048633329434255
4.0,14.0,0.41911430739515265
21.0,69.0,1.9254936338668105
4.0,12.0,0.25009269408351426
1.0,2.0,6.239673779636632
3.0,6.0,11.078737306550536
3.0,4.0,0.5901569306296532
5.0,9.0,2.7223176661174455
4.0,16.0,2.2474257202188372
4.0,10.0,0.9377301304832101
3.0,8.0,0.4314524397398137
37.0,95.0,7.4048633329434255
3.0,14.0,0.41911430739515265
31.0,69.0,1.9254936338668105
4.0,12.0,0.25009269408351426
1.0,2.0,6.239673779636632
4.0,6.0,11.078737306550536
3.0,4.0,0.5901569306296532
3.0,9.0,2.7223176661174455
7.0,16.0,2.2474257202188372
7.0,10.0,0.9377301304832101
1.0,8.0,0.4314524397398137
47.0,95.0,7.4048633329434255
6.0,14.0,0.41911430739515265
38.0,69.0,1.9254936338668105
6.0,12.0,0.25009269408351426
2.0,2.0,6.239673779636632
4.0,6.0,11.078737306550536
3.0,4.0,0.5901569306296532
7.0,9.0,2.7223176661174455
8.0,16.0,2.2474257202188372
5.0,10.0,0.9377301304832101
5.0,8.0,0.4314524397398137
60.0,95.0,7.4048633329434255
6.0,14.0,0.41911430739515265
40.0,69.0,1.9254936338668105
9.0,12.0,0.25009269408351426
2.0,2.0,6.239673779636632
3.0,6.0,11.078737306550536
2.0,4.0,0.5901569306296532
6.0,9.0,2.7223176661174455
15.0,16.0,2.2474257202188372
7.0,10.0,0.9377301304832101
5.0,8.0,0.4314524397398137
54.0,95.0,7.4048633329434255
8.0,14.0,0.41911430739515265
50.0,69.0,1.9254936338668105
11.0,12.0,0.25009269408351426
1.0,2.0,6.239673779636632
5.0,6.0,11.078737306550536
1.0,4.0,0.5901569306296532
7.0,9.0,2.7223176661174455
15.0,16.0,2.2474257202188372
8.0,10.0,0.9377301304832101
7.0,8.0,0.4314524397398137
71.0,95.0,7.4048633329434255
10.0,14.0,0.41911430739515265
57.0,69.0,1.9254936338668105
9.0,12.0,0.25009269408351426
2.0,2.0,6.239673779636632
5.0,6.0,11.078737306550536
4.0,4.0,0.5901569306296532
9.0,9.0,2.7223176661174455
14.0,16.0,2.2474257202188372
10.0,10.0,0.9377301304832101
7.0,8.0,0.4314524397398137
85.0,95.0,7.4048633329434255
13.0,14.0,0.41911430739515265
62.0,69.0,1.9254936338668105
11.0,12.0,0.25009269408351426
3.0,5.0,11.374325918102171
1.0,3.0,2.520577568612732
4.0,33.0,11.150300496746313
1.0,18.0,1.3500376080053202
5.0,65.0,3.6321271430478625
7.0,61.0,1.5903063633740846
1.0,18.0,0.3780733365325403
6.0,43.0,1.1127127565111647
8.0,86.0,1.8285942849358465
3.0,65.0,1.1477217330876555
6.0,45.0,0.5563669686051496
2.0,5.0,11.374325918102171
0.0,3.0,2.520577568612732
6.0,33.0,11.150300496746313
5.0,18.0,1.3500376080053202
11.0,65.0,3.6321271430478625
15.0,61.0,1.5903063633740846
2.0,18.0,0.3780733365325403
9.0,43.0,1.1127127565111647
25.0,86.0,1.8285942849358465
13.0,65.0,1.1477217330876555
9.0,45.0,0.5563669686051496
1.0,5.0,11.374325918102171
1.0,3.0,2.520577568612732
7.0,33.0,11.150300496746313
4.0,18.0,1.3500376080053202
21.0,65.0,3.6321271430478625
16.0,61.0,1.5903063633740846
7.0,18.0,0.3780733365325403
15.0,43.0,1.1127127565111647
24.0,86.0,1.8285942849358465
17.0,65.0,1.1477217330876555
15.0,45.0,0.5563669686051496
1.0,5.0,11.374325918102171
0.0,3.0,2.520577568612732
11.0,33.0,11.150300496746313
7.0,18.0,1.3500376080053202
26.0,65.0,3.6321271430478625
17.0,61.0,1.5903063633740846
2.0,18.0,0.3780733365325403
17.0,43.0,1.1127127565111647
39.0,86.0,1.8285942849358465
27.0,65.0,1.1477217330876555
17.0,45.0,0.5563669686051496
3.0,5.0,11.374325918102171
3.0,3.0,2.520577568612732
15.0,33.0,11.150300496746313
8.0,18.0,1.3500376080053202
37.0,65.0,3.6321271430478625
36.0,61.0,1.5903063633740846
10.0,18.0,0.3780733365325403
15.0,43.0,1.1127127565111647
45.0,86.0,1.8285942849358465
31.0,65.0,1.1477217330876555
26.0,45.0,0.5563669686051496
2.0,5.0,11.374325918102171
1.0,3.0,2.520577568612732
23.0,33.0,11.150300496746313
11.0,18.0,1.3500376080053202
40.0,65.0,3.6321271430478625
37.0,61.0,1.5903063633740846
8.0,18.0,0.3780733365325403
24.0,43.0,1.1127127565111647
56.0,86.0,1.8285942849358465
42.0,65.0,1.1477217330876555
23.0,45.0,0.5563669686051496
3.0,5.0,11.374325918102171
3.0,3.0,2.520577568612732
20.0,33.0,11.150300496746313
12.0,18.0,1.3500376080053202
47.0,65.0,3.6321271430478625
40.0,61.0,1.5903063633740846
11.0,18.0,0.3780733365325403
32.0,43.0,1.1127127565111647
60.0,86.0,1.8285942849358465
46.0,65.0,1.1477217330876555
33.0,45.0,0.5563669686051496
4.0,5.0,11.374325918102171
2.0,3.0,2.520577568612732
23.0,33.0,11.150300496746313
14.0,18.0,1.3500376080053202
50.0,65.0,3.6321271430478625
50.0,61.0,1.5903063633740846
16.0,18.0,0.3780733365325403
32.0,43.0,1.1127127565111647
66.0,86.0,1.8285942849358465
54.0,65.0,1.1477217330876555
34.0,45.0,0.5563669686051496
5.0,5.0,11.374325918102171
3.0,3.0,2.520577568612732
31.0,33.0,11.150300496746313
15.0,18.0,1.3500376080053202
57.0,65.0,3.6321271430478625
52.0,61.0,1.5903063633740846
16.0,18.0,0.3780733365325403
35.0,43.0,1.1127127565111647
79.0,86.0,1.8285942849358465
59.0,65.0,1.1477217330876555
41.0,45.0,0.5563669686051496
1.0,2.0,5.642012077630929
1.0,6.0,4.695865241535273
6.0,45.0,10.244464971284804
1.0,6.0,0.34898850361040884
0.0,1.0,0.06405014537369487
5.0,51.0,3.1345678191784225
1.0,6.0,0.2701890422408532
5.0,38.0,2.1023856788745423
0.0,11.0,0.3347894866100523
5.0,38.0,1.5808112984045615
8.0,59.0,2.727036467885785
1.0,2.0,5.642012077630929
4.0,6.0,4.695865241535273
12.0,45.0,10.244464971284804
3.0,6.0,0.34898850361040884
0.0,1.0,0.06405014537369487
9.0,51.0,3.1345678191784225
1.0,6.0,0.2701890422408532
6.0,38.0,2.1023856788745423
2.0,11.0,0.3347894866100523
8.0,38.0,1.5808112984045615
8.0,59.0,2.727036467885785
1.0,2.0,5.642012077630929
3.0,6.0,4.695865241535273
12.0,45.0,10.244464971284804
1.0,6.0,0.34898850361040884
1.0,1.0,0.06405014537369487
13.0,51.0,3.1345678191784225
1.0,6.0,0.2701890422408532
8.0,38.0,2.1023856788745423
2.0,11.0,0.3347894866100523
7.0,38.0,1.5808112984045615
21.0,59.0,2.727036467885785
1.0,2.0,5.642012077630929
3.0,6.0,4.695865241535273
18.0,45.0,10.244464971284804
3.0,6.0,0.34898850361040884
1.0,1.0,0.06405014537369487
21.0,51.0,3.1345678191784225
4.0,6.0,0.2701890422408532
10.0,38.0,2.1023856788745423
3.0,11.0,0.3347894866100523
20.0,38.0,1.5808112984045615
17.0,59.0,2.727036467885785
1.0,2.0,5.642012077630929
5.0,6.0,4.695865241535273
18.0,45.0,10.244464971284804
3.0,6.0,0.34898850361040884
1.0,1.0,0.06405014537369487
26.0,51.0,3.1345678191784225
4.0,6.0,0.2701890422408532
17.0,38.0,2.1023856788745423
6.0,11.0,0.3347894866100523
20.0,38.0,1.5808112984045615
28.0,59.0,2.727036467885785
2.0,2.0,5.642012077630929
5.0,6.0,4.695865241535273
19.0,45.0,10.244464971284804
4.0,6.0,0.34898850361040884
1.0,1.0,0.06405014537369487
33.0,51.0,3.1345678191784225
5.0,6.0,0.2701890422408532
27.0,38.0,2.1023856788745423
9.0,11.0,0.3347894866100523
20.0,38.0,1.5808112984045615
35.0,59.0,2.727036467885785
1.0,2.0,5.642012077630929
5.0,6.0,4.695865241535273
30.0,45.0,10.244464971284804
3.0,6.0,0.34898850361040884
1.0,1.0,0.06405014537369487
36.0,51.0,3.1345678191784225
6.0,6.0,0.2701890422408532
25.0,38.0,2.1023856788745423
8.0,11.0,0.3347894866100523
27.0,38.0,1.5808112984045615
40.0,59.0,2.727036467885785
1.0,2.0,5.642012077630929
5.0,6.0,4.695865241535273
40.0,45.0,10.244464971284804
5.0,6.0,0.34898850361040884
1.0,1.0,0.06405014537369487
44.0,51.0,3.1345678191784225
5.0,6.0,0.2701890422408532
29.0,38.0,2.1023856788745423
11.0,11.0,0.3347894866100523
27.0,38.0,1.5808112984045615
45.0,59.0,2.727036467885785
2.0,2.0,5.642012077630929
5.0,6.0,4.695865241535273
41.0,45.0,10.244464971284804
6.0,6.0,0.34898850361040884
1.0,1.0,0.06405014537369487
43.0,51.0,3.1345678191784225
6.0,6.0,0.2701890422408532
36.0,38.0,2.1023856788745423
9.0,11.0,0.3347894866100523
34.0,38.0,1.5808112984045615
47.0,59.0,2.727036467885785
1.0,6.0,7.951522542579654
0.0,2.0,1.131316229501379
1.0,4.0,3.915753279235796
0.0,4.0,1.7366845766358467
2.0,10.0,2.040520929380658
1.0,16.0,2.1949691067656443
3.0,33.0,3.882118622170751
2.0,7.0,0.440699791722571
4.0,63.0,3.3744032460087374
2.0,22.0,0.6461880882075198
0.0,8.0,0.2912459954814293
2.0,6.0,7.951522542579654
1.0,2.0,1.131316229501379
1.0,4.0,3.915753279235796
2.0,4.0,1.7366845766358467
2.0,10.0,2.040520929380658
5.0,16.0,2.1949691067656443
11.0,33.0,3.882118622170751
1.0,7.0,0.440699791722571
17.0,63.0,3.3744032460087374
5.0,22.0,0.6461880882075198
3.0,8.0,0.2912459954814293
3.0,6.0,7.951522542579654
2.0,2.0,1.131316229501379
2.0,4.0,3.915753279235796
2.0,4.0,1.7366845766358467
4.0,10.0,2.040520929380658
5.0,16.0,2.1949691067656443
7.0,33.0,3.882118622170751
2.0,7.0,0.440699791722571
16.0,63.0,3.3744032460087374
4.0,22.0,0.6461880882075198
3.0,8.0,0.2912459954814293
1.0,6.0,7.951522542579654
0.0,2.0,1.131316229501379
1.0,4.0,3.915753279235796
1.0,4.0,1.7366845766358467
4.0,10.0,2.040520929380658
7.0,16.0,2.1949691067656443
11.0,33.0,3.882118622170751
3.0,7.0,0.440699791722571
21.0,63.0,3.3744032460087374
6.0,22.0,0.6461880882075198
4.0,8.0,0.2912459954814293
2.0,6.0,7.951522542579654
1.0,2.0,1.131316229501379
2.0,4.0,3.915753279235796
2.0,4.0,1.7366845766358467
5.0,10.0,2.040520929380658
8.0,16.0,2.1949691067656443
18.0,33.0,3.882118622170751
2.0,7.0,0.440699791722571
31.0,63.0,3.3744032460087374
13.0,22.0,0.6461880882075198
4.0,8.0,0.2912459954814293
4.0,6.0,7.951522542579654
1.0,2.0,1.131316229501379
1.0,4.0,3.915753279235796
1.0,4.0,1.7366845766358467
6.0,10.0,2.040520929380658
12.0,16.0,2.1949691067656443
20.0,33.0,3.882118622170751
7.0,7.0,0.440699791722571
36.0,63.0,3.3744032460087374
16.0,22.0,0.6461880882075198
5.0,8.0,0.2912459954814293
5.0,6.0,7.951522542579654
1.0,2.0,1.131316229501379
3.0,4.0,3.915753279235796
3.0,4.0,1.7366845766358467
9.0,10.0,2.040520929380658
8.0,16.0,2.1949691067656443
24.0,33.0,3.882118622170751
4.0,7.0,0.440699791722571
50.0,63.0,3.3744032460087374
14.0,22.0,0.6461880882075198
7.0,8.0,0.2912459954814293
6.0,6.0,7.951522542579654
2.0,2.0,1.131316229501379
2.0,4.0,3.915753279235796
3.0,4.0,1.7366845766358467
10.0,10.0,2.040520929380658
12.0,16.0,2.1949691067656443
27.0,33.0,3.882118622170751
7.0,7.0,0.440699791722571
50.0,63.0,3.3744032460087374
17.0,22.0,0.6461880882075198
7.0,8.0,0.2912459954814293
6.0,6.0,7.951522542579654
2.0,2.0,1.131316229501379
4.0,4.0,3.915753279235796
3.0,4.0,1.7366845766358467
8.0,10.0,2.040520929380658
14.0,16.0,2.1949691067656443
31.0,33.0,3.882118622170751
6.0,7.0,0.440699791722571
60.0,63.0,3.3744032460087374
18.0,22.0,0.6461880882075198
8.0,8.0,0.2912459954814293
1.0,4.0,5.388288314721271
0.0,4.0,2.0338522243920893
0.0,2.0,2.054201070000212
1.0,4.0,2.0893949226972817
5.0,31.0,6.618413309411324
2.0,31.0,3.2179035322384455
2.0,32.0,1.387531447870626
7.0,75.0,2.2346927839599466
2.0,30.0,0.8168668720189312
7.0,39.0,0.7003429357983644
2.0,27.0,0.6374566871161736
1.0,4.0,5.388288314721271
0.0,4.0,2.0338522243920893
0.0,2.0,2.054201070000212
1.0,4.0,2.0893949226972817
5.0,31.0,6.618413309411324
8.0,31.0,3.2179035322384455
7.0,32.0,1.387531447870626
12.0,75.0,2.2346927839599466
6.0,30.0,0.8168668720189312
8.0,39.0,0.7003429357983644
5.0,27.0,0.6374566871161736
2.0,4.0,5.388288314721271
1.0,4.0,2.0338522243920893
1.0,2.0,2.054201070000212
3.0,4.0,2.0893949226972817
6.0,31.0,6.618413309411324
7.0,31.0,3.2179035322384455
7.0,32.0,1.387531447870626
24.0,75.0,2.2346927839599466
11.0,30.0,0.8168668720189312
9.0,39.0,0.7003429357983644
7.0,27.0,0.6374566871161736
1.0,4.0,5.388288314721271
1.0,4.0,2.0338522243920893
1.0,2.0,2.054201070000212
3.0,4.0,2.0893949226972817
13.0,31.0,6.618413309411324
12.0,31.0,3.2179035322384455
11.0,32.0,1.387531447870626
36.0,75.0,2.2346927839599466
9.0,30.0,0.8168668720189312
17.0,39.0,0.7003429357983644
12.0,27.0,0.6374566871161736
2.0,4.0,5.388288314721271
1.0,4.0,2.0338522243920893
2.0,2.0,2.054201070000212
3.0,4.0,2.0893949226972817
17.0,31.0,6.618413309411324
16.0,31.0,3.2179035322384455
18.0,32.0,1.387531447870626
32.0,75.0,2.2346927839599466
17.0,30.0,0.8168668720189312
19.0,39.0,0.7003429357983644
13.0,27.0,0.6374566871161736
1.0,4.0,5.388288314721271
3.0,4.0,2.0338522243920893
1.0,2.0,2.054201070000212
2.0,4.0,2.0893949226972817
23.0,31.0,6.618413309411324
13.0,31.0,3.2179035322384455
20.0,32.0,1.387531447870626
45.0,75.0,2.2346927839599466
13.0,30.0,0.8168668720189312
24.0,39.0,0.7003429357983644
13.0,27.0,0.6374566871161736
1.0,4.0,5.388288314721271
4.0,4.0,2.0338522243920893
1.0,2.0,2.054201070000212
4.0,4.0,2.0893949226972817
24.0,31.0,6.618413309411324
22.0,31.0,3.2179035322384455
20.0,32.0,1.387531447870626
51.0,75.0,2.2346927839599466
20.0,30.0,0.8168668720189312
24.0,39.0,0.7003429357983644
19.0,27.0,0.6374566871161736
3.0,4.0,5.388288314721271
3.0,4.0,2.0338522243920893
2.0,2.0,2.054201070000212
3.0,4.0,2.0893949226972817
24.0,31.0,6.618413309411324
25.0,31.0,3.2179035322384455
26.0,32.0,1.387531447870626
55.0,75.0,2.2346927839599466
21.0,30.0,0.8168668720189312
28.0,39.0,0.7003429357983644
23.0,27.0,0.6374566871161736
4.0,4.0,5.388288314721271
4.0,4.0,2.0338522243920893
2.0,2.0,2.054201070000212
3.0,4.0,2.0893949226972817
27.0,31.0,6.618413309411324
28.0,31.0,3.2179035322384455
28.0,32.0,1.387531447870626
68.0,75.0,2.2346927839599466
24.0,30.0,0.8168668720189312
33.0,39.0,0.7003429357983644
24.0,27.0,0.6374566871161736
1.0,7.0,11.550787121949915
1.0,5.0,2.3284330054053304
1.0,3.0,1.2078872515318466
3.0,26.0,5.439163487496547
1.0,10.0,1.047190939439228
4.0,28.0,2.112198403322781
2.0,26.0,1.7396506884612382
2.0,22.0,1.1677185174914182
2.0,7.0,0.3930593496570007
2.0,17.0,0.9868165485965582
2.0,24.0,1.4081311761004862
1.0,7.0,11.550787121949915
0.0,5.0,2.3284330054053304
1.0,3.0,1.2078872515318466
4.0,26.0,5.439163487496547
2.0,10.0,1.047190939439228
7.0,28.0,2.112198403322781
4.0,26.0,1.7396506884612382
3.0,22.0,1.1677185174914182
1.0,7.0,0.3930593496570007
6.0,17.0,0.9868165485965582
7.0,24.0,1.4081311761004862
3.0,7.0,11.550787121949915
2.0,5.0,2.3284330054053304
0.0,3.0,1.2078872515318466
9.0,26.0,5.439163487496547
2.0,10.0,1.047190939439228
11.0,28.0,2.112198403322781
6.0,26.0,1.7396506884612382
7.0,22.0,1.1677185174914182
1.0,7.0,0.3930593496570007
7.0,17.0,0.9868165485965582
9.0,24.0,1.4081311761004862
3.0,7.0,11.550787121949915
2.0,5.0,2.3284330054053304
1.0,3.0,1.2078872515318466
12.0,26.0,5.439163487496547
3.0,10.0,1.047190939439228
12.0,28.0,2.112198403322781
12.0,26.0,1.7396506884612382
3.0,22.0,1.1677185174914182
2.0,7.0,0.3930593496570007
6.0,17.0,0.9868165485965582
11.0,24.0,1.4081311761004862
4.0,7.0,11.550787121949915
2.0,5.0,2.3284330054053304
1.0,3.0,1.2078872515318466
15.0,26.0,5.439163487496547
6.0,10.0,1.047190939439228
14.0,28.0,2.112198403322781
15.0,26.0,1.7396506884612382
9.0,22.0,1.1677185174914182
4.0,7.0,0.3930593496570007
10.0,17.0,0.9868165485965582
15.0,24.0,1.4081311761004862
4.0,7.0,11.550787121949915
3.0,5.0,2.3284330054053304
2.0,3.0,1.2078872515318466
16.0,26.0,5.439163487496547
4.0,10.0,1.047190939439228
14.0,28.0,2.112198403322781
16.0,26.0,1.7396506884612382
15.0,22.0,1.1677185174914182
7.0,7.0,0.3930593496570007
11.0,17.0,0.9868165485965582
13.0,24.0,1.4081311761004862
6.0,7.0,11.550787121949915
2.0,5.0,2.3284330054053304
2.0,3.0,1.2078872515318466
22.0,26.0,5.439163487496547
6.0,10.0,1.047190939439228
17.0,28.0,2.112198403322781
17.0,26.0,1.7396506884612382
18.0,22.0,1.1677185174914182
4.0,7.0,0.3930593496570007
9.0,17.0,0.9868165485965582
17.0,24.0,1.4081311761004862
6.0,7.0,11.550787121949915
2.0,5.0,2.3284330054053304
2.0,3.0,1.2078872515318466
22.0,26.0,5.439163487496547
7.0,10.0,1.047190939439228
22.0,28.0,2.112198403322781
19.0,26.0,1.7396506884612382
18.0,22.0,1.1677185174914182
5.0,7.0,0.3930593496570007
15.0,17.0,0.9868165485965582
23.0,24.0,1.4081311761004862
7.0,7.0,11.550787121949915
5.0,5.0,2.3284330054053304
3.0,3.0,1.2078872515318466
19.0,26.0,5.439163487496547
8.0,10.0,1.047190939439228
26.0,28.0,2.112198403322781
24.0,26.0,1.7396506884612382
20.0,22.0,1.1677185174914182
6.0,7.0,0.3930593496570007
16.0,17.0,0.9868165485965582
22.0,24.0,1.4081311761004862
1.0,3.0,0.9724338719056852
1.0,6.0,3.376502955079505
0.0,5.0,0.9399583068742864
2.0,9.0,1.951136855701874
1.0,26.0,3.5198934309802317
7.0,50.0,3.26387997352341
13.0,103.0,3.5257318621248266
2.0,49.0,1.291361736389363
7.0,85.0,1.5910354046005672
9.0,92.0,1.2801298584802567
4.0,24.0,0.253996262410788
1.0,3.0,0.9724338719056852
1.0,6.0,3.376502955079505
1.0,5.0,0.9399583068742864
1.0,9.0,1.951136855701874
6.0,26.0,3.5198934309802317
9.0,50.0,3.26387997352341
20.0,103.0,3.5257318621248266
12.0,49.0,1.291361736389363
16.0,85.0,1.5910354046005672
17.0,92.0,1.2801298584802567
7.0,24.0,0.253996262410788
1.0,3.0,0.9724338719056852
2.0,6.0,3.376502955079505
0.0,5.0,0.9399583068742864
2.0,9.0,1.951136855701874
4.0,26.0,3.5198934309802317
14.0,50.0,3.26387997352341
34.0,103.0,3.5257318621248266
20.0,49.0,1.291361736389363
26.0,85.0,1.5910354046005672
28.0,92.0,1.2801298584802567
5.0,24.0,0.253996262410788
2.0,3.0,0.9724338719056852
2.0,6.0,3.376502955079505
1.0,5.0,0.9399583068742864
1.0,9.0,1.951136855701874
11.0,26.0,3.5198934309802317
26.0,50.0,3.26387997352341
46.0,103.0,3.5257318621248266
19.0,49.0,1.291361736389363
45.0,85.0,1.5910354046005672
31.0,92.0,1.2801298584802567
9.0,24.0,0.253996262410788
2.0,3.0,0.9724338719056852
3.0,6.0,3.376502955079505
2.0,5.0,0.9399583068742864
6.0,9.0,1.951136855701874
15.0,26.0,3.5198934309802317
23.0,50.0,3.26387997352341
54.0,103.0,3.5257318621248266
18.0,49.0,1.291361736389363
40.0,85.0,1.5910354046005672
44.0,92.0,1.2801298584802567
15.0,24.0,0.253996262410788
1.0,3.0,0.9724338719056852
4.0,6.0,3.376502955079505
3.0,5.0,0.9399583068742864
5.0,9.0,1.951136855701874
10.0,26.0,3.5198934309802317
28.0,50.0,3.26387997352341
65.0,103.0,3.5257318621248266
35.0,49.0,1.291361736389363
54.0,85.0,1.5910354046005672
59.0,92.0,1.2801298584802567
16.0,24.0,0.253996262410788
2.0,3.0,0.9724338719056852
4.0,6.0,3.376502955079505
3.0,5.0,0.9399583068742864
6.0,9.0,1.951136855701874
16.0,26.0,3.5198934309802317
34.0,50.0,3.26387997352341
78.0,103.0,3.5257318621248266
31.0,49.0,1.291361736389363
49.0,85.0,1.5910354046005672
61.0,92.0,1.2801298584802567
20.0,24.0,0.253996262410788
3.0,3.0,0.9724338719056852
6.0,6.0,3.376502955079505
5.0,5.0,0.9399583068742864
7.0,9.0,1.951136855701874
22.0,26.0,3.5198934309802317
38.0,50.0,3.26387997352341
77.0,103.0,3.5257318621248266
44.0,49.0,1.291361736389363
67.0,85.0,1.5910354046005672
68.0,92.0,1.2801298584802567
20.0,24.0,0.253996262410788
3.0,3.0,0.9724338719056852
6.0,6.0,3.376502955079505
5.0,5.0,0.9399583068742864
7.0,9.0,1.951136855701874
24.0,26.0,3.5198934309802317
46.0,50.0,3.26387997352341
98.0,103.0,3.5257318621248266
45.0,49.0,1.291361736389363
75.0,85.0,1.5910354046005672
84.0,92.0,1.2801298584802567
21.0,24.0,0.253996262410788
1.0,2.0,2.294016840865242
0.0,4.0,3.6917616800353974
0.0,6.0,2.4807901494567317
1.0,7.0,1.7650067328851258
5.0,25.0,3.2603604514437454
4.0,19.0,1.7478707419894517
3.0,17.0,0.880640060140226
1.0,16.0,0.8185678662833153
7.0,51.0,2.7739737292718085
3.0,31.0,0.8530750968014033
4.0,46.0,1.5133692531752065
1.0,2.0,2.294016840865242
0.0,4.0,3.6917616800353974
1.0,6.0,2.4807901494567317
2.0,7.0,1.7650067328851258
3.0,25.0,3.2603604514437454
4.0,19.0,1.7478707419894517
3.0,17.0,0.880640060140226
2.0,16.0,0.8185678662833153
8.0,51.0,2.7739737292718085
6.0,31.0,0.8530750968014033
14.0,46.0,1.5133692531752065
2.0,2.0,2.294016840865242
0.0,4.0,3.6917616800353974
1.0,6.0,2.4807901494567317
1.0,7.0,1.7650067328851258
6.0,25.0,3.2603604514437454
7.0,19.0,1.7478707419894517
6.0,17.0,0.880640060140226
5.0,16.0,0.8185678662833153
17.0,51.0,2.7739737292718085
9.0,31.0,0.8530750968014033
17.0,46.0,1.5133692531752065
1.0,2.0,2.294016840865242
1.0,4.0,3.6917616800353974
1.0,6.0,2.4807901494567317
2.0,7.0,1.7650067328851258
8.0,25.0,3.2603604514437454
10.0,19.0,1.7478707419894517
10.0,17.0,0.880640060140226
7.0,16.0,0.8185678662833153
18.0,51.0,2.7739737292718085
11.0,31.0,0.8530750968014033
22.0,46.0,1.5133692531752065
1.0,2.0,2.294016840865242
3.0,4.0,3.6917616800353974
3.0,6.0,2.4807901494567317
1.0,7.0,1.7650067328851258
17.0,25.0,3.2603604514437454
9.0,19.0,1.7478707419894517
8.0,17.0,0.880640060140226
6.0,16.0,0.8185678662833153
23.0,51.0,2.7739737292718085
18.0,31.0,0.8530750968014033
29.0,46.0,1.5133692531752065
2.0,2.0,2.294016840865242
2.0,4.0,3.6917616800353974
5.0,6.0,2.4807901494567317
5.0,7.0,1.7650067328851258
12.0,25.0,3.2603604514437454
11.0,19.0,1.7478707419894517
13.0,17.0,0.880640060140226
9.0,16.0,0.8185678662833153
26.0,51.0,2.7739737292718085
23.0,31.0,0.8530750968014033
30.0,46.0,1.5133692531752065
1.0,2.0,2.294016840865242
3.0,4.0,3.6917616800353974
5.0,6.0,2.4807901494567317
2.0,7.0,1.7650067328851258
19.0,25.0,3.2603604514437454
14.0,19.0,1.7478707419894517
11.0,17.0,0.880640060140226
15.0,16.0,0.8185678662833153
35.0,51.0,2.7739737292718085
23.0,31.0,0.8530750968014033
26.0,46.0,1.5133692531752065
1.0,2.0,2.294016840865242
3.0,4.0,3.6917616800353974
4.0,6.0,2.4807901494567317
6.0,7.0,1.7650067328851258
20.0,25.0,3.2603604514437454
15.0,19.0,1.7478707419894517
14.0,17.0,0.880640060140226
12.0,16.0,0.8185678662833153
43.0,51.0,2.7739737292718085
24.0,31.0,0.8530750968014033
35.0,46.0,1.5133692531752065
1.0,2.0,2.294016840865242
4.0,4.0,3.6917616800353974
5.0,6.0,2.4807901494567317
7.0,7.0,1.7650067328851258
24.0,25.0,3.2603604514437454
14.0,19.0,1.7478707419894517
14.0,17.0,0.880640060140226
14.0,16.0,0.8185678662833153
47.0,51.0,2.7739737292718085
29.0,31.0,0.8530750968014033
40.0,46.0,1.5133692531752065
1.0,3.0,6.352335692880249
0.0,7.0,3.470721263642457
1.0,6.0,2.886326929373255
0.0,4.0,0.6041303408287241
0.0,6.0,1.08638962723017
4.0,15.0,2.381193069724554
2.0,20.0,2.9165262226815774
3.0,13.0,1.0343618453258925
3.0,43.0,2.4571214312057417
1.0,12.0,0.5053638773269943
6.0,50.0,1.6969777091839258
2.0,3.0,6.352335692880249
1.0,7.0,3.470721263642457
1.0,6.0,2.886326929373255
1.0,4.0,0.6041303408287241
4.0,6.0,1.08638962723017
3.0,15.0,2.381193069724554
3.0,20.0,2.9165262226815774
2.0,13.0,1.0343618453258925
11.0,43.0,2.4571214312057417
1.0,12.0,0.5053638773269943
8.0,50.0,1.6969777091839258
3.0,3.0,6.352335692880249
3.0,7.0,3.470721263642457
0.0,6.0,2.886326929373255
1.0,4.0,0.6041303408287241
3.0,6.0,1.08638962723017
4.0,15.0,2.381193069724554
6.0,20.0,2.9165262226815774
3.0,13.0,1.0343618453258925
12.0,43.0,2.4571214312057417
3.0,12.0,0.5053638773269943
18.0,50.0,1.6969777091839258
1.0,3.0,6.352335692880249
3.0,7.0,3.470721263642457
2.0,6.0,2.886326929373255
1.0,4.0,0.6041303408287241
2.0,6.0,1.08638962723017
7.0,15.0,2.381193069724554
9.0,20.0,2.9165262226815774
3.0,13.0,1.0343618453258925
18.0,43.0,2.4571214312057417
5.0,12.0,0.5053638773269943
16.0,50.0,1.6969777091839258
2.0,3.0,6.352335692880249
3.0,7.0,3.470721263642457
1.0,6.0,2.886326929373255
1.0,4.0,0.6041303408287241
2.0,6.0,1.08638962723017
3.0,15.0,2.381193069724554
16.0,20.0,2.9165262226815774
10.0,13.0,1.0343618453258925
24.0,43.0,2.4571214312057417
6.0,12.0,0.5053638773269943
22.0,50.0,1.6969777091839258
2.0,3.0,6.352335692880249
6.0,7.0,3.470721263642457
4.0,6.0,2.886326929373255
4.0,4.0,0.6041303408287241
3.0,6.0,1.08638962723017
11.0,15.0,2.381193069724554
15.0,20.0,2.9165262226815774
7.0,13.0,1.0343618453258925
26.0,43.0,2.4571214312057417
8.0,12.0,0.5053638773269943
32.0,50.0,1.6969777091839258
2.0,3.0,6.352335692880249
5.0,7.0,3.470721263642457
6.0,6.0,2.886326929373255
2.0,4.0,0.6041303408287241
4.0,6.0,1.08638962723017
10.0,15.0,2.381193069724554
17.0,20.0,2.9165262226815774
10.0,13.0,1.0343618453258925
36.0,43.0,2.4571214312057417
8.0,12.0,0.5053638773269943
34.0,50.0,1.6969777091839258
3.0,3.0,6.352335692880249
7.0,7.0,3.470721263642457
4.0,6.0,2.886326929373255
3.0,4.0,0.6041303408287241
4.0,6.0,1.08638962723017
15.0,15.0,2.381193069724554
13.0,20.0,2.9165262226815774
11.0,13.0,1.0343618453258925
34.0,43.0,2.4571214312057417
10.0,12.0,0.5053638773269943
39.0,50.0,1.6969777091839258
3.0,3.0,6.352335692880249
6.0,7.0,3.470721263642457
6.0,6.0,2.886326929373255
4.0,4.0,0.6041303408287241
6.0,6.0,1.08638962723017
14.0,15.0,2.381193069724554
15.0,20.0,2.9165262226815774
11.0,13.0,1.0343618453258925
39.0,43.0,2.4571214312057417
12.0,12.0,0.5053638773269943
43.0,50.0,1.6969777091839258
1.0,3.0,3.926426964312253
3.0,10.0,6.997736136172518
1.0,4.0,0.7223603276904371
1.0,8.0,0.7798996399772635
1.0,4.0,0.8716943350946562
2.0,10.0,1.6838534605434565
6.0,52.0,5.549718299121936
5.0,110.0,3.973396747026106
1.0,28.0,0.4537172657331513
1.0,3.0,0.040810726404905455
8.0,44.0,1.1590869094192564
1.0,3.0,3.926426964312253
3.0,10.0,6.997736136172518
1.0,4.0,0.7223603276904371
3.0,8.0,0.7798996399772635
1.0,4.0,0.8716943350946562
3.0,10.0,1.6838534605434565
8.0,52.0,5.549718299121936
30.0,110.0,3.973396747026106
3.0,28.0,0.4537172657331513
1.0,3.0,0.040810726404905455
13.0,44.0,1.1590869094192564
1.0,3.0,3.926426964312253
2.0,10.0,6.997736136172518
1.0,4.0,0.7223603276904371
3.0,8.0,0.7798996399772635
1.0,4.0,0.8716943350946562
3.0,10.0,1.6838534605434565
15.0,52.0,5.549718299121936
38.0,110.0,3.973396747026106
6.0,28.0,0.4537172657331513
1.0,3.0,0.040810726404905455
19.0,44.0,1.1590869094192564
3.0,3.0,3.926426964312253
5.0,10.0,6.997736136172518
1.0,4.0,0.7223603276904371
2.0,8.0,0.7798996399772635
2.0,4.0,0.8716943350946562
0.0,10.0,1.6838534605434565
24.0,52.0,5.549718299121936
44.0,110.0,3.973396747026106
8.0,28.0,0.4537172657331513
2.0,3.0,0.040810726404905455
12.0,44.0,1.1590869094192564
1.0,3.0,3.926426964312253
5.0,10.0,6.997736136172518
3.0,4.0,0.7223603276904371
5.0,8.0,0.7798996399772635
1.0,4.0,0.8716943350946562
6.0,10.0,1.6838534605434565
21.0,52.0,5.549718299121936
47.0,110.0,3.973396747026106
10.0,28.0,0.4537172657331513
0.0,3.0,0.040810726404905455
21.0,44.0,1.1590869094192564
2.0,3.0,3.926426964312253
7.0,10.0,6.997736136172518
2.0,4.0,0.7223603276904371
6.0,8.0,0.7798996399772635
1.0,4.0,0.8716943350946562
7.0,10.0,1.6838534605434565
26.0,52.0,5.549718299121936
72.0,110.0,3.973396747026106
16.0,28.0,0.4537172657331513
1.0,3.0,0.040810726404905455
22.0,44.0,1.1590869094192564
3.0,3.0,3.926426964312253
8.0,10.0,6.997736136172518
2.0,4.0,0.7223603276904371
6.0,8.0,0.7798996399772635
1.0,4.0,0.8716943350946562
5.0,10.0,1.6838534605434565
40.0,52.0,5.549718299121936
77.0,110.0,3.973396747026106
23.0,28.0,0.4537172657331513
3.0,3.0,0.040810726404905455
26.0,44.0,1.1590869094192564
3.0,3.0,3.926426964312253
8.0,10.0,6.997736136172518
3.0,4.0,0.7223603276904371
7.0,8.0,0.7798996399772635
2.0,4.0,0.8716943350946562
7.0,10.0,1.6838534605434565
42.0,52.0,5.549718299121936
89.0,110.0,3.973396747026106
24.0,28.0,0.4537172657331513
3.0,3.0,0.040810726404905455
33.0,44.0,1.1590869094192564
3.0,3.0,3.926426964312253
10.0,10.0,6.997736136172518
3.0,4.0,0.7223603276904371
8.0,8.0,0.7798996399772635
4.0,4.0,0.8716943350946562
9.0,10.0,1.6838534605434565
49.0,52.0,5.549718299121936
97.0,110.0,3.973396747026106
25.0,28.0,0.4537172657331513
3.0,3.0,0.040810726404905455
37.0,44.0,1.1590869094192564
1.0,2.0,2.1976825398668183
2.0,14.0,11.620056078110748
1.0,4.0,1.4376344100383895
2.0,15.0,2.3686176408399024
1.0,11.0,0.9315594186394283
4.0,26.0,2.090582043729209
1.0,23.0,2.4370770968062963
3.0,26.0,1.3386867428883111
1.0,5.0,0.17094257419287262
2.0,25.0,1.1493143919705653
8.0,38.0,2.056930690097518
2.0,2.0,2.1976825398668183
3.0,14.0,11.620056078110748
0.0,4.0,1.4376344100383895
3.0,15.0,2.3686176408399024
2.0,11.0,0.9315594186394283
7.0,26.0,2.090582043729209
5.0,23.0,2.4370770968062963
8.0,26.0,1.3386867428883111
2.0,5.0,0.17094257419287262
4.0,25.0,1.1493143919705653
9.0,38.0,2.056930690097518
1.0,2.0,2.1976825398668183
4.0,14.0,11.620056078110748
1.0,4.0,1.4376344100383895
5.0,15.0,2.3686176408399024
2.0,11.0,0.9315594186394283
10.0,26.0,2.090582043729209
8.0,23.0,2.4370770968062963
2.0,26.0,1.3386867428883111
0.0,5.0,0.17094257419287262
7.0,25.0,1.1493143919705653
14.0,38.0,2.056930690097518
1.0,2.0,2.1976825398668183
8.0,14.0,11.620056078110748
1.0,4.0,1.4376344100383895
8.0,15.0,2.3686176408399024
4.0,11.0,0.9315594186394283
9.0,26.0,2.090582043729209
16.0,23.0,2.4370770968062963
5.0,26.0,1.3386867428883111
1.0,5.0,0.17094257419287262
10.0,25.0,1.1493143919705653
18.0,38.0,2.056930690097518
2.0,2.0,2.1976825398668183
6.0,14.0,11.620056078110748
0.0,4.0,1.4376344100383895
9.0,15.0,2.3686176408399024
5.0,11.0,0.9315594186394283
8.0,26.0,2.090582043729209
12.0,23.0,2.4370770968062963
15.0,26.0,1.3386867428883111
2.0,5.0,0.17094257419287262
14.0,25.0,1.1493143919705653
15.0,38.0,2.056930690097518
2.0,2.0,2.1976825398668183
8.0,14.0,11.620056078110748
2.0,4.0,1.4376344100383895
11.0,15.0,2.3686176408399024
4.0,11.0,0.9315594186394283
18.0,26.0,2.090582043729209
13.0,23.0,2.4370770968062963
13.0,26.0,1.3386867428883111
3.0,5.0,0.17094257419287262
12.0,25.0,1.1493143919705653
24.0,38.0,2.056930690097518
2.0,2.0,2.1976825398668183
9.0,14.0,11.620056078110748
1.0,4.0,1.4376344100383895
11.0,15.0,2.3686176408399024
9.0,11.0,0.9315594186394283
19.0,26.0,2.090582043729209
17.0,23.0,2.4370770968062963
17.0,26.0,1.3386867428883111
4.0,5.0,0.17094257419287262
20.0,25.0,1.1493143919705653
31.0,38.0,2.056930690097518
2.0,2.0,2.1976825398668183
14.0,14.0,11.620056078110748
3.0,4.0,1.4376344100383895
13.0,15.0,2.3686176408399024
7.0,11.0,0.9315594186394283
19.0,26.0,2.090582043729209
20.0,23.0,2.4370770968062963
21.0,26.0,1.3386867428883111
3.0,5.0,0.17094257419287262
19.0,25.0,1.1493143919705653
29.0,38.0,2.056930690097518
2.0,2.0,2.1976825398668183
13.0,14.0,11.620056078110748
2.0,4.0,1.4376344100383895
13.0,15.0,2.3686176408399024
10.0,11.0,0.9315594186394283
23.0,26.0,2.090582043729209
21.0,23.0,2.4370770968062963
25.0,26.0,1.3386867428883111
5.0,5.0,0.17094257419287262
24.0,25.0,1.1493143919705653
35.0,38.0,2.056930690097518
1.0,4.0,7.7313123721507715
1.0,25.0,9.95946386960278
0.0,5.0,0.3020221863298588
4.0,30.0,2.73353045476544
5.0,24.0,1.6063127102921955
7.0,60.0,2.3620637088798877
0.0,8.0,0.2589780548568125
5.0,30.0,1.0981108680055358
9.0,65.0,2.444402521913005
9.0,66.0,1.3878369649851796
3.0,19.0,0.4831007237182877
1.0,4.0,7.7313123721507715
2.0,25.0,9.95946386960278
0.0,5.0,0.3020221863298588
6.0,30.0,2.73353045476544
6.0,24.0,1.6063127102921955
9.0,60.0,2.3620637088798877
2.0,8.0,0.2589780548568125
6.0,30.0,1.0981108680055358
15.0,65.0,2.444402521913005
18.0,66.0,1.3878369649851796
4.0,19.0,0.4831007237182877
3.0,4.0,7.7313123721507715
6.0,25.0,9.95946386960278
2.0,5.0,0.3020221863298588
10.0,30.0,2.73353045476544
6.0,24.0,1.6063127102921955
16.0,60.0,2.3620637088798877
1.0,8.0,0.2589780548568125
9.0,30.0,1.0981108680055358
18.0,65.0,2.444402521913005
23.0,66.0,1.3878369649851796
6.0,19.0,0.4831007237182877
2.0,4.0,7.7313123721507715
11.0,25.0,9.95946386960278
1.0,5.0,0.3020221863298588
12.0,30.0,2.73353045476544
8.0,24.0,1.6063127102921955
23.0,60.0,2.3620637088798877
3.0,8.0,0.2589780548568125
16.0,30.0,1.0981108680055358
26.0,65.0,2.444402521913005
32.0,66.0,1.3878369649851796
6.0,19.0,0.4831007237182877
2.0,4.0,7.7313123721507715
11.0,25.0,9.95946386960278
2.0,5.0,0.3020221863298588
17.0,30.0,2.73353045476544
6.0,24.0,1.6063127102921955
28.0,60.0,2.3620637088798877
4.0,8.0,0.2589780548568125
14.0,30.0,1.0981108680055358
28.0,65.0,2.444402521913005
32.0,66.0,1.3878369649851796
12.0,19.0,0.4831007237182877
3.0,4.0,7.7313123721507715
12.0,25.0,9.95946386960278
4.0,5.0,0.3020221863298588
19.0,30.0,2.73353045476544
10.0,24.0,1.6063127102921955
34.0,60.0,2.3620637088798877
0.0,8.0,0.2589780548568125
20.0,30.0,1.0981108680055358
38.0,65.0,2.444402521913005
40.0,66.0,1.3878369649851796
12.0,19.0,0.4831007237182877
3.0,4.0,7.7313123721507715
22.0,25.0,9.95946386960278
4.0,5.0,0.3020221863298588
20.0,30.0,2.73353045476544
16.0,24.0,1.6063127102921955
39.0,60.0,2.3620637088798877
7.0,8.0,0.2589780548568125
24.0,30.0,1.0981108680055358
48.0,65.0,2.444402521913005
58.0,66.0,1.3878369649851796
12.0,19.0,0.4831007237182877
3.0,4.0,7.7313123721507715
14.0,25.0,9.95946386960278
5.0,5.0,0.3020221863298588
28.0,30.0,2.73353045476544
19.0,24.0,1.6063127102921955
48.0,60.0,2.3620637088798877
8.0,8.0,0.2589780548568125
22.0,30.0,1.0981108680055358
53.0,65.0,2.444402521913005
52.0,66.0,1.3878369649851796
14.0,19.0,0.4831007237182877
3.0,4.0,7.7313123721507715
22.0,25.0,9.95946386960278
5.0,5.0,0.3020221863298588
26.0,30.0,2.73353045476544
21.0,24.0,1.6063127102921955
55.0,60.0,2.3620637088798877
7.0,8.0,0.2589780548568125
28.0,30.0,1.0981108680055358
60.0,65.0,2.444402521913005
62.0,66.0,1.3878369649851796
17.0,19.0,0.4831007237182877
1.0,13.0,13.630389667387808
2.0,14.0,4.123413375860015
1.0,8.0,1.3786293249529504
1.0,21.0,3.1681740648876304
0.0,12.0,0.7887110699892976
3.0,16.0,1.1369539731842477
8.0,56.0,3.176319558150881
5.0,36.0,1.1644102135642296
6.0,66.0,1.94593636279197
8.0,39.0,1.1012706316347671
0.0,6.0,0.13397384711133764
2.0,13.0,13.630389667387808
3.0,14.0,4.123413375860015
0.0,8.0,1.3786293249529504
3.0,21.0,3.1681740648876304
2.0,12.0,0.7887110699892976
3.0,16.0,1.1369539731842477
11.0,56.0,3.176319558150881
11.0,36.0,1.1644102135642296
14.0,66.0,1.94593636279197
4.0,39.0,1.1012706316347671
1.0,6.0,0.13397384711133764
3.0,13.0,13.630389667387808
4.0,14.0,4.123413375860015
5.0,8.0,1.3786293249529504
3.0,21.0,3.1681740648876304
5.0,12.0,0.7887110699892976
3.0,16.0,1.1369539731842477
19.0,56.0,3.176319558150881
6.0,36.0,1.1644102135642296
21.0,66.0,1.94593636279197
8.0,39.0,1.1012706316347671
1.0,6.0,0.13397384711133764
2.0,13.0,13.630389667387808
2.0,14.0,4.123413375860015
4.0,8.0,1.3786293249529504
8.0,21.0,3.1681740648876304
3.0,12.0,0.7887110699892976
7.0,16.0,1.1369539731842477
23.0,56.0,3.176319558150881
14.0,36.0,1.1644102135642296
27.0,66.0,1.94593636279197
16.0,39.0,1.1012706316347671
1.0,6.0,0.13397384711133764
7.0,13.0,13.630389667387808
4.0,14.0,4.123413375860015
1.0,8.0,1.3786293249529504
8.0,21.0,3.1681740648876304
5.0,12.0,0.7887110699892976
11.0,16.0,1.1369539731842477
27.0,56.0,3.176319558150881
22.0,36.0,1.1644102135642296
37.0,66.0,1.94593636279197
18.0,39.0,1.1012706316347671
5.0,6.0,0.13397384711133764
13.0,13.0,13.630389667387808
9.0,14.0,4.123413375860015
6.0,8.0,1.3786293249529504
15.0,21.0,3.1681740648876304
8.0,12.0,0.7887110699892976
9.0,16.0,1.1369539731842477
30.0,56.0,3.176319558150881
25.0,36.0,1.1644102135642296
36.0,66.0,1.94593636279197
26.0,39.0,1.1012706316347671
4.0,6.0,0.13397384711133764
9.0,13.0,13.630389667387808
12.0,14.0,4.123413375860015
4.0,8.0,1.3786293249529504
17.0,21.0,3.1681740648876304
10.0,12.0,0.7887110699892976
8.0,16.0,1.1369539731842477
34.0,56.0,3.176319558150881
24.0,36.0,1.1644102135642296
50.0,66.0,1.94593636279197
28.0,39.0,1.1012706316347671
4.0,6.0,0.13397384711133764
8.0,13.0,13.630389667387808
10.0,14.0,4.123413375860015
6.0,8.0,1.3786293249529504
16.0,21.0,3.1681740648876304
9.0,12.0,0.7887110699892976
15.0,16.0,1.1369539731842477
44.0,56.0,3.176319558150881
33.0,36.0,1.1644102135642296
54.0,66.0,1.94593636279197
27.0,39.0,1.1012706316347671
5.0,6.0,0.13397384711133764
12.0,13.0,13.630389667387808
14.0,14.0,4.123413375860015
6.0,8.0,1.3786293249529504
17.0,21.0,3.1681740648876304
11.0,12.0,0.7887110699892976
16.0,16.0,1.1369539731842477
50.0,56.0,3.176319558150881
32.0,36.0,1.1644102135642296
63.0,66.0,1.94593636279197
35.0,39.0,1.1012706316347671
6.0,6.0,0.13397384711133764
1.0,5.0,2.554389587869598
1.0,5.0,3.9419010644650476
1.0,8.0,2.474683145853908
0.0,10.0,2.4624649506556224
6.0,46.0,5.835683116860037
2.0,13.0,0.6527829503394365
1.0,28.0,1.218964899863648
2.0,21.0,0.9448773571019007
4.0,29.0,1.017032099066442
3.0,26.0,1.1219331948899849
3.0,27.0,0.9532304766563523
2.0,5.0,2.554389587869598
1.0,5.0,3.9419010644650476
1.0,8.0,2.474683145853908
1.0,10.0,2.4624649506556224
12.0,46.0,5.835683116860037
2.0,13.0,0.6527829503394365
6.0,28.0,1.218964899863648
4.0,21.0,0.9448773571019007
4.0,29.0,1.017032099066442
6.0,26.0,1.1219331948899849
7.0,27.0,0.9532304766563523
1.0,5.0,2.554389587869598
3.0,5.0,3.9419010644650476
1.0,8.0,2.474683145853908
5.0,10.0,2.4624649506556224
10.0,46.0,5.835683116860037
2.0,13.0,0.6527829503394365
10.0,28.0,1.218964899863648
9.0,21.0,0.9448773571019007
10.0,29.0,1.017032099066442
8.0,26.0,1.1219331948899849
5.0,27.0,0.9532304766563523
2.0,5.0,2.554389587869598
2.0,5.0,3.9419010644650476
3.0,8.0,2.474683145853908
5.0,10.0,2.4624649506556224
17.0,46.0,5.835683116860037
7.0,13.0,0.6527829503394365
11.0,28.0,1.218964899863648
10.0,21.0,0.9448773571019007
13.0,29.0,1.017032099066442
10.0,26.0,1.1219331948899849
15.0,27.0,0.9532304766563523
1.0,5.0,2.554389587869598
1.0,5.0,3.9419010644650476
4.0,8.0,2.474683145853908
5.0,10.0,2.4624649506556224
23.0,46.0,5.835683116860037
7.0,13.0,0.6527829503394365
14.0,28.0,1.218964899863648
8.0,21.0,0.9448773571019007
11.0,29.0,1.017032099066442
11.0,26.0,1.1219331948899849
13.0,27.0,0.9532304766563523
4.0,5.0,2.554389587869598
2.0,5.0,3.9419010644650476
6.0,8.0,2.474683145853908
7.0,10.0,2.4624649506556224
30.0,46.0,5.835683116860037
5.0,13.0,0.6527829503394365
19.0,28.0,1.218964899863648
9.0,21.0,0.9448773571019007
17.0,29.0,1.017032099066442
17.0,26.0,1.1219331948899849
18.0,27.0,0.9532304766563523
5.0,5.0,2.554389587869598
4.0,5.0,3.9419010644650476
6.0,8.0,2.474683145853908
7.0,10.0,2.4624649506556224
28.0,46.0,5.835683116860037
8.0,13.0,0.6527829503394365
19.0,28.0,1.218964899863648
17.0,21.0,0.9448773571019007
21.0,29.0,1.017032099066442
17.0,26.0,1.1219331948899849
14.0,27.0,0.9532304766563523
5.0,5.0,2.554389587869598
5.0,5.0,3.9419010644650476
7.0,8.0,2.474683145853908
9.0,10.0,2.4624649506556224
37.0,46.0,5.835683116860037
11.0,13.0,0.6527829503394365
18.0,28.0,1.218964899863648
17.0,21.0,0.9448773571019007
25.0,29.0,1.017032099066442
22.0,26.0,1.1219331948899849
22.0,27.0,0.9532304766563523
4.0,5.0,2.554389587869598
4.0,5.0,3.9419010644650476
7.0,8.0,2.474683145853908
9.0,10.0,2.4624649506556224
40.0,46.0,5.835683116860037
11.0,13.0,0.6527829503394365
28.0,28.0,1.218964899863648
19.0,21.0,0.9448773571019007
27.0,29.0,1.017032099066442
23.0,26.0,1.1219331948899849
24.0,27.0,0.9532304766563523
1.0,8.0,7.651728675836265
10.0,55.0,12.69972737194909
4.0,41.0,2.3208534549135984
2.0,12.0,0.3136868065157118
7.0,87.0,2.146164687956142
1.0,7.0,0.11712331548919441
4.0,34.0,0.7210500727517091
2.0,34.0,1.1952517677454597
1.0,5.0,0.13003498342358977
4.0,58.0,1.9371923349833784
8.0,60.0,1.6832728354791229
4.0,8.0,7.651728675836265
11.0,55.0,12.69972737194909
9.0,41.0,2.3208534549135984
1.0,12.0,0.3136868065157118
21.0,87.0,2.146164687956142
1.0,7.0,0.11712331548919441
10.0,34.0,0.7210500727517091
5.0,34.0,1.1952517677454597
1.0,5.0,0.13003498342358977
13.0,58.0,1.9371923349833784
10.0,60.0,1.6832728354791229
4.0,8.0,7.651728675836265
13.0,55.0,12.69972737194909
13.0,41.0,2.3208534549135984
3.0,12.0,0.3136868065157118
21.0,87.0,2.146164687956142
3.0,7.0,0.11712331548919441
12.0,34.0,0.7210500727517091
10.0,34.0,1.1952517677454597
1.0,5.0,0.13003498342358977
19.0,58.0,1.9371923349833784
21.0,60.0,1.6832728354791229
3.0,8.0,7.651728675836265
19.0,55.0,12.69972737194909
19.0,41.0,2.3208534549135984
5.0,12.0,0.3136868065157118
43.0,87.0,2.146164687956142
2.0,7.0,0.11712331548919441
12.0,34.0,0.7210500727517091
12.0,34.0,1.1952517677454597
2.0,5.0,0.13003498342358977
20.0,58.0,1.9371923349833784
26.0,60.0,1.6832728354791229
4.0,8.0,7.651728675836265
23.0,55.0,12.69972737194909
16.0,41.0,2.3208534549135984
7.0,12.0,0.3136868065157118
57.0,87.0,2.146164687956142
4.0,7.0,0.11712331548919441
17.0,34.0,0.7210500727517091
13.0,34.0,1.1952517677454597
3.0,5.0,0.13003498342358977
35.0,58.0,1.9371923349833784
31.0,60.0,1.6832728354791229
4.0,8.0,7.651728675836265
32.0,55.0,12.69972737194909
24.0,41.0,2.3208534549135984
6.0,12.0,0.3136868065157118
51.0,87.0,2.146164687956142
6.0,7.0,0.11712331548919441
22.0,34.0,0.7210500727517091
17.0,34.0,1.1952517677454597
4.0,5.0,0.13003498342358977
29.0,58.0,1.9371923349833784
33.0,60.0,1.6832728354791229
5.0,8.0,7.651728675836265
40.0,55.0,12.69972737194909
27.0,41.0,2.3208534549135984
9.0,12.0,0.3136868065157118
68.0,87.0,2.146164687956142
3.0,7.0,0.11712331548919441
23.0,34.0,0.7210500727517091
29.0,34.0,1.1952517677454597
3.0,5.0,0.13003498342358977
41.0,58.0,1.9371923349833784
48.0,60.0,1.6832728354791229
8.0,8.0,7.651728675836265
46.0,55.0,12.69972737194909
34.0,41.0,2.3208534549135984
11.0,12.0,0.3136868065157118
72.0,87.0,2.146164687956142
7.0,7.0,0.11712331548919441
28.0,34.0,0.7210500727517091
27.0,34.0,1.1952517677454597
4.0,5.0,0.13003498342358977
48.0,58.0,1.9371923349833784
44.0,60.0,1.6832728354791229
7.0,8.0,7.651728675836265
47.0,55.0,12.69972737194909
36.0,41.0,2.3208534549135984
12.0,12.0,0.3136868065157118
70.0,87.0,2.146164687956142
7.0,7.0,0.11712331548919441
33.0,34.0,0.7210500727517091
28.0,34.0,1.1952517677454597
5.0,5.0,0.13003498342358977
54.0,58.0,1.9371923349833784
49.0,60.0,1.6832728354791229
1.0,3.0,2.6622610141761442
2.0,5.0,2.466027802130976
0.0,8.0,3.2628414318826024
1.0,6.0,1.308194626285207
1.0,10.0,1.678488219999281
1.0,31.0,2.9628939769818348
1.0,22.0,1.1789712067638263
6.0,48.0,1.7761678332732787
3.0,23.0,0.8423868005052212
5.0,29.0,0.9538726492879388
1.0,9.0,0.37595444119055266
1.0,3.0,2.6622610141761442
1.0,5.0,2.466027802130976
3.0,8.0,3.2628414318826024
4.0,6.0,1.308194626285207
3.0,10.0,1.678488219999281
7.0,31.0,2.9628939769818348
5.0,22.0,1.1789712067638263
7.0,48.0,1.7761678332732787
5.0,23.0,0.8423868005052212
5.0,29.0,0.9538726492879388
3.0,9.0,0.37595444119055266
1.0,3.0,2.6622610141761442
1.0,5.0,2.466027802130976
1.0,8.0,3.2628414318826024
2.0,6.0,1.308194626285207
3.0,10.0,1.678488219999281
14.0,31.0,2.9628939769818348
7.0,22.0,1.1789712067638263
15.0,48.0,1.7761678332732787
3.0,23.0,0.8423868005052212
4.0,29.0,0.9538726492879388
3.0,9.0,0.37595444119055266
2.0,3.0,2.6622610141761442
2.0,5.0,2.466027802130976
4.0,8.0,3.2628414318826024
3.0,6.0,1.308194626285207
3.0,10.0,1.678488219999281
15.0,31.0,2.9628939769818348
11.0,22.0,1.1789712067638263
16.0,48.0,1.7761678332732787
16.0,23.0,0.8423868005052212
7.0,29.0,0.9538726492879388
4.0,9.0,0.37595444119055266
1.0,3.0,2.6622610141761442
0.0,5.0,2.466027802130976
2.0,8.0,3.2628414318826024
1.0,6.0,1.308194626285207
5.0,10.0,1.678488219999281
13.0,31.0,2.9628939769818348
8.0,22.0,1.1789712067638263
22.0,48.0,1.7761678332732787
10.0,23.0,0.8423868005052212
20.0,29.0,0.9538726492879388
3.0,9.0,0.37595444119055266
2.0,3.0,2.6622610141761442
3.0,5.0,2.466027802130976
6.0,8.0,3.2628414318826024
4.0,6.0,1.308194626285207
5.0,10.0,1.678488219999281
21.0,31.0,2.9628939769818348
17.0,22.0,1.1789712067638263
29.0,48.0,1.7761678332732787
17.0,23.0,0.8423868005052212
20.0,29.0,0.9538726492879388
4.0,9.0,0.37595444119055266
2.0,3.0,2.6622610141761442
3.0,5.0,2.466027802130976
5.0,8.0,3.2628414318826024
5.0,6.0,1.308194626285207
9.0,10.0,1.678488219999281
23.0,31.0,2.9628939769818348
16.0,22.0,1.1789712067638263
30.0,48.0,1.7761678332732787
20.0,23.0,0.8423868005052212
21.0,29.0,0.9538726492879388
7.0,9.0,0.37595444119055266
2.0,3.0,2.6622610141761442
4.0,5.0,2.466027802130976
7.0,8.0,3.2628414318826024
5.0,6.0,1.308194626285207
6.0,10.0,1.678488219999281
25.0,31.0,2.9628939769818348
20.0,22.0,1.1789712067638263
39.0,48.0,1.7761678332732787
20.0,23.0,0.8423868005052212
19.0,29.0,0.9538726492879388
8.0,9.0,0.37595444119055266
2.0,3.0,2.6622610141761442
5.0,5.0,2.466027802130976
8.0,8.0,3.2628414318826024
5.0,6.0,1.308194626285207
8.0,10.0,1.678488219999281
28.0,31.0,2.9628939769818348
19.0,22.0,1.1789712067638263
42.0,48.0,1.7761678332732787
19.0,23.0,0.8423868005052212
27.0,29.0,0.9538726492879388
8.0,9.0,0.37595444119055266
1.0,8.0,9.237599441462013
6.0,39.0,8.95051954731992
1.0,23.0,1.725468277819034
2.0,7.0,0.5611643254046608
2.0,26.0,1.5882174760780656
10.0,79.0,3.2246626887642007
2.0,23.0,0.4776511748250952
0.0,7.0,0.16116632861382318
3.0,19.0,0.6142732634760855
2.0,17.0,0.8900938448598682
7.0,51.0,3.2105623450609895
3.0,8.0,9.237599441462013
10.0,39.0,8.95051954731992
6.0,23.0,1.725468277819034
1.0,7.0,0.5611643254046608
7.0,26.0,1.5882174760780656
20.0,79.0,3.2246626887642007
9.0,23.0,0.4776511748250952
1.0,7.0,0.16116632861382318
4.0,19.0,0.6142732634760855
4.0,17.0,0.8900938448598682
4.0,51.0,3.2105623450609895
1.0,8.0,9.237599441462013
11.0,39.0,8.95051954731992
6.0,23.0,1.725468277819034
5.0,7.0,0.5611643254046608
7.0,26.0,1.5882174760780656
29.0,79.0,3.2246626887642007
12.0,23.0,0.4776511748250952
2.0,7.0,0.16116632861382318
7.0,19.0,0.6142732634760855
6.0,17.0,0.8900938448598682
13.0,51.0,3.2105623450609895
2.0,8.0,9.237599441462013
10.0,39.0,8.95051954731992
10.0,23.0,1.725468277819034
4.0,7.0,0.5611643254046608
14.0,26.0,1.5882174760780656
38.0,79.0,3.2246626887642007
10.0,23.0,0.4776511748250952
3.0,7.0,0.16116632861382318
7.0,19.0,0.6142732634760855
7.0,17.0,0.8900938448598682
18.0,51.0,3.2105623450609895
5.0,8.0,9.237599441462013
23.0,39.0,8.95051954731992
11.0,23.0,1.725468277819034
3.0,7.0,0.5611643254046608
15.0,26.0,1.5882174760780656
46.0,79.0,3.2246626887642007
10.0,23.0,0.4776511748250952
3.0,7.0,0.16116632861382318
5.0,19.0,0.6142732634760855
5.0,17.0,0.8900938448598682
27.0,51.0,3.2105623450609895
4.0,8.0,9.237599441462013
26.0,39.0,8.95051954731992
17.0,23.0,1.725468277819034
3.0,7.0,0.5611643254046608
16.0,26.0,1.5882174760780656
54.0,79.0,3.2246626887642007
10.0,23.0,0.4776511748250952
4.0,7.0,0.16116632861382318
13.0,19.0,0.6142732634760855
7.0,17.0,0.8900938448598682
31.0,51.0,3.2105623450609895
6.0,8.0,9.237599441462013
33.0,39.0,8.95051954731992
17.0,23.0,1.725468277819034
5.0,7.0,0.5611643254046608
14.0,26.0,1.5882174760780656
52.0,79.0,3.2246626887642007
19.0,23.0,0.4776511748250952
6.0,7.0,0.16116632861382318
14.0,19.0,0.6142732634760855
7.0,17.0,0.8900938448598682
38.0,51.0,3.2105623450609895
7.0,8.0,9.237599441462013
31.0,39.0,8.95051954731992
16.0,23.0,1.725468277819034
5.0,7.0,0.5611643254046608
21.0,26.0,1.5882174760780656
64.0,79.0,3.2246626887642007
17.0,23.0,0.4776511748250952
4.0,7.0,0.16116632861382318
14.0,19.0,0.6142732634760855
16.0,17.0,0.8900938448598682
40.0,51.0,3.2105623450609895
8.0,8.0,9.237599441462013
37.0,39.0,8.95051954731992
19.0,23.0,1.725468277819034
7.0,7.0,0.5611643254046608
25.0,26.0,1.5882174760780656
72.0,79.0,3.2246626887642007
21.0,23.0,0.4776511748250952
6.0,7.0,0.16116632861382318
18.0,19.0,0.6142732634760855
16.0,17.0,0.8900938448598682
47.0,51.0,3.2105623450609895
1.0,6.0,6.552884337316527
3.0,19.0,9.849389968228461
7.0,51.0,6.300360379951821
1.0,27.0,1.0194680978225028
3.0,33.0,1.041856870313254
4.0,39.0,1.2068220617487917
6.0,41.0,1.348173135169517
2.0,21.0,0.6152702818597545
10.0,65.0,1.9693572364768683
1.0,3.0,0.14333596955831532
0.0,9.0,0.30619698516277855
1.0,6.0,6.552884337316527
4.0,19.0,9.849389968228461
5.0,51.0,6.300360379951821
7.0,27.0,1.0194680978225028
4.0,33.0,1.041856870313254
6.0,39.0,1.2068220617487917
8.0,41.0,1.348173135169517
4.0,21.0,0.6152702818597545
14.0,65.0,1.9693572364768683
0.0,3.0,0.14333596955831532
3.0,9.0,0.30619698516277855
2.0,6.0,6.552884337316527
4.0,19.0,9.849389968228461
12.0,51.0,6.300360379951821
5.0,27.0,1.0194680978225028
7.0,33.0,1.041856870313254
16.0,39.0,1.2068220617487917
13.0,41.0,1.348173135169517
2.0,21.0,0.6152702818597545
20.0,65.0,1.9693572364768683
1.0,3.0,0.14333596955831532
1.0,9.0,0.30619698516277855
3.0,6.0,6.552884337316527
7.0,19.0,9.849389968228461
22.0,51.0,6.300360379951821
14.0,27.0,1.0194680978225028
12.0,33.0,1.041856870313254
18.0,39.0,1.2068220617487917
18.0,41.0,1.348173135169517
9.0,21.0,0.6152702818597545
26.0,65.0,1.9693572364768683
1.0,3.0,0.14333596955831532
2.0,9.0,0.30619698516277855
3.0,6.0,6.552884337316527
11.0,19.0,9.849389968228461
20.0,51.0,6.300360379951821
12.0,27.0,1.0194680978225028
19.0,33.0,1.041856870313254
19.0,39.0,1.2068220617487917
17.0,41.0,1.348173135169517
6.0,21.0,0.6152702818597545
35.0,65.0,1.9693572364768683
1.0,3.0,0.14333596955831532
4.0,9.0,0.30619698516277855
4.0,6.0,6.552884337316527
8.0,19.0,9.849389968228461
26.0,51.0,6.300360379951821
16.0,27.0,1.0194680978225028
23.0,33.0,1.041856870313254
27.0,39.0,1.2068220617487917
31.0,41.0,1.348173135169517
16.0,21.0,0.6152702818597545
33.0,65.0,1.9693572364768683
3.0,3.0,0.14333596955831532
6.0,9.0,0.30619698516277855
5.0,6.0,6.552884337316527
10.0,19.0,9.849389968228461
37.0,51.0,6.300360379951821
23.0,27.0,1.0194680978225028
24.0,33.0,1.041856870313254
29.0,39.0,1.2068220617487917
31.0,41.0,1.348173135169517
12.0,21.0,0.6152702818597545
48.0,65.0,1.9693572364768683
3.0,3.0,0.14333596955831532
5.0,9.0,0.30619698516277855
5.0,6.0,6.552884337316527
17.0,19.0,9.849389968228461
39.0,51.0,6.300360379951821
24.0,27.0,1.0194680978225028
24.0,33.0,1.041856870313254
32.0,39.0,1.2068220617487917
31.0,41.0,1.348173135169517
15.0,21.0,0.6152702818597545
51.0,65.0,1.9693572364768683
3.0,3.0,0.14333596955831532
7.0,9.0,0.30619698516277855
5.0,6.0,6.552884337316527
17.0,19.0,9.849389968228461
44.0,51.0,6.300360379951821
25.0,27.0,1.0194680978225028
29.0,33.0,1.041856870313254
31.0,39.0,1.2068220617487917
33.0,41.0,1.348173135169517
18.0,21.0,0.6152702818597545
57.0,65.0,1.9693572364768683
3.0,3.0,0.14333596955831532
9.0,9.0,0.30619698516277855
1.0,6.0,14.264274855821283
1.0,6.0,3.139689987860036
2.0,33.0,6.785939345396974
8.0,40.0,3.4108078935773443
3.0,12.0,0.5113581902374162
7.0,39.0,1.5532008919840934
3.0,35.0,1.144026597506934
3.0,5.0,0.24499227094930354
1.0,9.0,0.4262941308460299
3.0,16.0,1.597415495515057
0.0,6.0,0.7835169966886905
1.0,6.0,14.264274855821283
1.0,6.0,3.139689987860036
10.0,33.0,6.785939345396974
6.0,40.0,3.4108078935773443
3.0,12.0,0.5113581902374162
11.0,39.0,1.5532008919840934
7.0,35.0,1.144026597506934
1.0,5.0,0.24499227094930354
2.0,9.0,0.4262941308460299
2.0,16.0,1.597415495515057
0.0,6.0,0.7835169966886905
2.0,6.0,14.264274855821283
1.0,6.0,3.139689987860036
9.0,33.0,6.785939345396974
12.0,40.0,3.4108078935773443
4.0,12.0,0.5113581902374162
14.0,39.0,1.5532008919840934
8.0,35.0,1.144026597506934
2.0,5.0,0.24499227094930354
4.0,9.0,0.4262941308460299
4.0,16.0,1.597415495515057
2.0,6.0,0.7835169966886905
2.0,6.0,14.264274855821283
4.0,6.0,3.139689987860036
10.0,33.0,6.785939345396974
13.0,40.0,3.4108078935773443
5.0,12.0,0.5113581902374162
16.0,39.0,1.5532008919840934
10.0,35.0,1.144026597506934
2.0,5.0,0.24499227094930354
5.0,9.0,0.4262941308460299
7.0,16.0,1.597415495515057
2.0,6.0,0.7835169966886905
5.0,6.0,14.264274855821283
2.0,6.0,3.139689987860036
17.0,33.0,6.785939345396974
21.0,40.0,3.4108078935773443
7.0,12.0,0.5113581902374162
17.0,39.0,1.5532008919840934
16.0,35.0,1.144026597506934
2.0,5.0,0.24499227094930354
5.0,9.0,0.4262941308460299
10.0,16.0,1.597415495515057
2.0,6.0,0.7835169966886905
2.0,6.0,14.264274855821283
4.0,6.0,3.139689987860036
20.0,33.0,6.785939345396974
27.0,40.0,3.4108078935773443
3.0,12.0,0.5113581902374162
21.0,39.0,1.5532008919840934
24.0,35.0,1.144026597506934
4.0,5.0,0.24499227094930354
5.0,9.0,0.4262941308460299
8.0,16.0,1.597415495515057
5.0,6.0,0.7835169966886905
6.0,6.0,14.264274855821283
1.0,6.0,3.139689987860036
26.0,33.0,6.785939345396974
29.0,40.0,3.4108078935773443
8.0,12.0,0.5113581902374162
25.0,39.0,1.5532008919840934
20.0,35.0,1.144026597506934
3.0,5.0,0.24499227094930354
6.0,9.0,0.4262941308460299
11.0,16.0,1.597415495515057
4.0,6.0,0.7835169966886905
4.0,6.0,14.264274855821283
5.0,6.0,3.139689987860036
30.0,33.0,6.785939345396974
34.0,40.0,3.4108078935773443
10.0,12.0,0.5113581902374162
35.0,39.0,1.5532008919840934
30.0,35.0,1.144026597506934
4.0,5.0,0.24499227094930354
6.0,9.0,0.4262941308460299
14.0,16.0,1.597415495515057
5.0,6.0,0.7835169966886905
6.0,6.0,14.264274855821283
6.0,6.0,3.139689987860036
30.0,33.0,6.785939345396974
35.0,40.0,3.4108078935773443
12.0,12.0,0.5113581902374162
35.0,39.0,1.5532008919840934
33.0,35.0,1.144026597506934
5.0,5.0,0.24499227094930354
8.0,9.0,0.4262941308460299
13.0,16.0,1.597415495515057
4.0,6.0,0.7835169966886905
1.0,7.0,6.036253818121692
2.0,25.0,7.688275574052449
1.0,9.0,0.8902267562131047
1.0,3.0,0.26886863557707646
0.0,3.0,0.7734218042443012
4.0,29.0,3.4512505853725552
3.0,22.0,1.9172462037510376
1.0,4.0,0.19325410041882174
6.0,55.0,3.219676894775728
4.0,40.0,1.4845443140781454
2.0,17.0,0.6537188696133308
2.0,7.0,6.036253818121692
3.0,25.0,7.688275574052449
1.0,9.0,0.8902267562131047
1.0,3.0,0.26886863557707646
1.0,3.0,0.7734218042443012
2.0,29.0,3.4512505853725552
3.0,22.0,1.9172462037510376
1.0,4.0,0.19325410041882174
10.0,55.0,3.219676894775728
10.0,40.0,1.4845443140781454
2.0,17.0,0.6537188696133308
3.0,7.0,6.036253818121692
8.0,25.0,7.688275574052449
4.0,9.0,0.8902267562131047
0.0,3.0,0.26886863557707646
1.0,3.0,0.7734218042443012
12.0,29.0,3.4512505853725552
11.0,22.0,1.9172462037510376
0.0,4.0,0.19325410041882174
11.0,55.0,3.219676894775728
12.0,40.0,1.4845443140781454
3.0,17.0,0.6537188696133308
4.0,7.0,6.036253818121692
10.0,25.0,7.688275574052449
3.0,9.0,0.8902267562131047
1.0,3.0,0.26886863557707646
0.0,3.0,0.7734218042443012
10.0,29.0,3.4512505853725552
10.0,22.0,1.9172462037510376
2.0,4.0,0.19325410041882174
20.0,55.0,3.219676894775728
13.0,40.0,1.4845443140781454
7.0,17.0,0.6537188696133308
4.0,7.0,6.036253818121692
8.0,25.0,7.688275574052449
4.0,9.0,0.8902267562131047
3.0,3.0,0.26886863557707646
3.0,3.0,0.7734218042443012
15.0,29.0,3.4512505853725552
11.0,22.0,1.9172462037510376
3.0,4.0,0.19325410041882174
26.0,55.0,3.219676894775728
24.0,40.0,1.4845443140781454
7.0,17.0,0.6537188696133308
3.0,7.0,6.036253818121692
16.0,25.0,7.688275574052449
4.0,9.0,0.8902267562131047
3.0,3.0,0.26886863557707646
1.0,3.0,0.7734218042443012
21.0,29.0,3.4512505853725552
16.0,22.0,1.9172462037510376
2.0,4.0,0.19325410041882174
27.0,55.0,3.219676894775728
19.0,40.0,1.4845443140781454
10.0,17.0,0.6537188696133308
6.0,7.0,6.036253818121692
17.0,25.0,7.688275574052449
5.0,9.0,0.8902267562131047
2.0,3.0,0.26886863557707646
3.0,3.0,0.7734218042443012
20.0,29.0,3.4512505853725552
15.0,22.0,1.9172462037510376
2.0,4.0,0.19325410041882174
34.0,55.0,3.219676894775728
32.0,40.0,1.4845443140781454
13.0,17.0,0.6537188696133308
4.0,7.0,6.036253818121692
23.0,25.0,7.688275574052449
7.0,9.0,0.8902267562131047
3.0,3.0,0.26886863557707646
3.0,3.0,0.7734218042443012
22.0,29.0,3.4512505853725552
19.0,22.0,1.9172462037510376
2.0,4.0,0.19325410041882174
47.0,55.0,3.219676894775728
32.0,40.0,1.4845443140781454
14.0,17.0,0.6537188696133308
7.0,7.0,6.036253818121692
24.0,25.0,7.688275574052449
7.0,9.0,0.8902267562131047
2.0,3.0,0.26886863557707646
2.0,3.0,0.7734218042443012
28.0,29.0,3.4512505853725552
22.0,22.0,1.9172462037510376
4.0,4.0,0.19325410041882174
51.0,55.0,3.219676894775728
35.0,40.0,1.4845443140781454
15.0,17.0,0.6537188696133308
1.0,5.0,7.0131738122614795
0.0,7.0,4.090302557572829
1.0,8.0,3.0198857520038502
1.0,7.0,0.7654318106026571
2.0,20.0,3.0309616077583583
2.0,13.0,1.1165082591495394
2.0,9.0,0.8487132542435641
1.0,15.0,1.4468826041821263
1.0,41.0,2.1752915016475085
4.0,23.0,1.4492081174334877
4.0,24.0,0.9398038202566228
1.0,5.0,7.0131738122614795
0.0,7.0,4.090302557572829
2.0,8.0,3.0198857520038502
2.0,7.0,0.7654318106026571
2.0,20.0,3.0309616077583583
4.0,13.0,1.1165082591495394
3.0,9.0,0.8487132542435641
4.0,15.0,1.4468826041821263
10.0,41.0,2.1752915016475085
8.0,23.0,1.4492081174334877
5.0,24.0,0.9398038202566228
2.0,5.0,7.0131738122614795
3.0,7.0,4.090302557572829
0.0,8.0,3.0198857520038502
1.0,7.0,0.7654318106026571
7.0,20.0,3.0309616077583583
5.0,13.0,1.1165082591495394
3.0,9.0,0.8487132542435641
4.0,15.0,1.4468826041821263
8.0,41.0,2.1752915016475085
5.0,23.0,1.4492081174334877
11.0,24.0,0.9398038202566228
2.0,5.0,7.0131738122614795
1.0,7.0,4.090302557572829
2.0,8.0,3.0198857520038502
4.0,7.0,0.7654318106026571
4.0,20.0,3.0309616077583583
3.0,13.0,1.1165082591495394
3.0,9.0,0.8487132542435641
5.0,15.0,1.4468826041821263
16.0,41.0,2.1752915016475085
9.0,23.0,1.4492081174334877
7.0,24.0,0.9398038202566228
4.0,5.0,7.0131738122614795
3.0,7.0,4.090302557572829
3.0,8.0,3.0198857520038502
4.0,7.0,0.7654318106026571
13.0,20.0,3.0309616077583583
11.0,13.0,1.1165082591495394
3.0,9.0,0.8487132542435641
5.0,15.0,1.4468826041821263
22.0,41.0,2.1752915016475085
13.0,23.0,1.4492081174334877
10.0,24.0,0.9398038202566228
4.0,5.0,7.0131738122614795
3.0,7.0,4.090302557572829
6.0,8.0,3.0198857520038502
5.0,7.0,0.7654318106026571
15.0,20.0,3.0309616077583583
9.0,13.0,1.1165082591495394
6.0,9.0,0.8487132542435641
10.0,15.0,1.4468826041821263
22.0,41.0,2.1752915016475085
14.0,23.0,1.4492081174334877
15.0,24.0,0.9398038202566228
3.0,5.0,7.0131738122614795
2.0,7.0,4.090302557572829
5.0,8.0,3.0198857520038502
5.0,7.0,0.7654318106026571
17.0,20.0,3.0309616077583583
7.0,13.0,1.1165082591495394
6.0,9.0,0.8487132542435641
11.0,15.0,1.4468826041821263
28.0,41.0,2.1752915016475085
17.0,23.0,1.4492081174334877
18.0,24.0,0.9398038202566228
5.0,5.0,7.0131738122614795
4.0,7.0,4.090302557572829
7.0,8.0,3.0198857520038502
5.0,7.0,0.7654318106026571
16.0,20.0,3.0309616077583583
12.0,13.0,1.1165082591495394
6.0,9.0,0.8487132542435641
15.0,15.0,1.4468826041821263
30.0,41.0,2.1752915016475085
21.0,23.0,1.4492081174334877
17.0,24.0,0.9398038202566228
5.0,5.0,7.0131738122614795
7.0,7.0,4.090302557572829
8.0,8.0,3.0198857520038502
6.0,7.0,0.7654318106026571
18.0,20.0,3.0309616077583583
11.0,13.0,1.1165082591495394
9.0,9.0,0.8487132542435641
15.0,15.0,1.4468826041821263
36.0,41.0,2.1752915016475085
19.0,23.0,1.4492081174334877
23.0,24.0,0.9398038202566228
1.0,5.0,2.4709945365980492
0.0,6.0,2.1274632023183333
1.0,15.0,5.307807233399233
1.0,7.0,0.7594713374107901
1.0,1.0,0.19179610474584685
2.0,17.0,2.1595699707326035
1.0,10.0,0.9040186597094271
1.0,5.0,0.8437194965320582
5.0,20.0,2.1963101358181243
2.0,31.0,2.421360178663529
4.0,27.0,1.463069056735365
1.0,5.0,2.4709945365980492
0.0,6.0,2.1274632023183333
5.0,15.0,5.307807233399233
3.0,7.0,0.7594713374107901
0.0,1.0,0.19179610474584685
1.0,17.0,2.1595699707326035
2.0,10.0,0.9040186597094271
1.0,5.0,0.8437194965320582
5.0,20.0,2.1963101358181243
5.0,31.0,2.421360178663529
11.0,27.0,1.463069056735365
3.0,5.0,2.4709945365980492
2.0,6.0,2.1274632023183333
5.0,15.0,5.307807233399233
3.0,7.0,0.7594713374107901
1.0,1.0,0.19179610474584685
6.0,17.0,2.1595699707326035
4.0,10.0,0.9040186597094271
2.0,5.0,0.8437194965320582
7.0,20.0,2.1963101358181243
12.0,31.0,2.421360178663529
10.0,27.0,1.463069056735365
1.0,5.0,2.4709945365980492
2.0,6.0,2.1274632023183333
2.0,15.0,5.307807233399233
2.0,7.0,0.7594713374107901
0.0,1.0,0.19179610474584685
8.0,17.0,2.1595699707326035
5.0,10.0,0.9040186597094271
3.0,5.0,0.8437194965320582
9.0,20.0,2.1963101358181243
13.0,31.0,2.421360178663529
7.0,27.0,1.463069056735365
4.0,5.0,2.4709945365980492
3.0,6.0,2.1274632023183333
5.0,15.0,5.307807233399233
1.0,7.0,0.7594713374107901
1.0,1.0,0.19179610474584685
11.0,17.0,2.1595699707326035
5.0,10.0,0.9040186597094271
3.0,5.0,0.8437194965320582
8.0,20.0,2.1963101358181243
18.0,31.0,2.421360178663529
13.0,27.0,1.463069056735365
3.0,5.0,2.4709945365980492
5.0,6.0,2.1274632023183333
10.0,15.0,5.307807233399233
4.0,7.0,0.7594713374107901
1.0,1.0,0.19179610474584685
12.0,17.0,2.1595699707326035
6.0,10.0,0.9040186597094271
4.0,5.0,0.8437194965320582
13.0,20.0,2.1963101358181243
19.0,31.0,2.421360178663529
18.0,27.0,1.463069056735365
3.0,5.0,2.4709945365980492
4.0,6.0,2.1274632023183333
12.0,15.0,5.307807233399233
6.0,7.0,0.7594713374107901
1.0,1.0,0.19179610474584685
10.0,17.0,2.1595699707326035
8.0,10.0,0.9040186597094271
3.0,5.0,0.8437194965320582
15.0,20.0,2.1963101358181243
24.0,31.0,2.421360178663529
16.0,27.0,1.463069056735365
5.0,5.0,2.4709945365980492
4.0,6.0,2.1274632023183333
11.0,15.0,5.307807233399233
4.0,7.0,0.7594713374107901
1.0,1.0,0.19179610474584685
13.0,17.0,2.1595699707326035
6.0,10.0,0.9040186597094271
4.0,5.0,0.8437194965320582
20.0,20.0,2.1963101358181243
24.0,31.0,2.421360178663529
22.0,27.0,1.463069056735365
5.0,5.0,2.4709945365980492
6.0,6.0,2.1274632023183333
15.0,15.0,5.307807233399233
5.0,7.0,0.7594713374107901
1.0,1.0,0.19179610474584685
14.0,17.0,2.1595699707326035
7.0,10.0,0.9040186597094271
5.0,5.0,0.8437194965320582
19.0,20.0,2.1963101358181243
27.0,31.0,2.421360178663529
24.0,27.0,1.463069056735365
1.0,3.0,2.6952159763461254
1.0,8.0,5.945271476262982
1.0,9.0,2.4735626088939786
0.0,10.0,2.2311847792671973
5.0,58.0,5.700887150046966
3.0,33.0,1.404259178208987
0.0,3.0,0.1004938251320044
3.0,59.0,2.5162974554413866
3.0,30.0,0.7585297656901896
2.0,26.0,0.6195702085279523
4.0,29.0,1.0098487071012905
1.0,3.0,2.6952159763461254
3.0,8.0,5.945271476262982
2.0,9.0,2.4735626088939786
4.0,10.0,2.2311847792671973
11.0,58.0,5.700887150046966
2.0,33.0,1.404259178208987
1.0,3.0,0.1004938251320044
8.0,59.0,2.5162974554413866
5.0,30.0,0.7585297656901896
8.0,26.0,0.6195702085279523
8.0,29.0,1.0098487071012905
1.0,3.0,2.6952159763461254
3.0,8.0,5.945271476262982
4.0,9.0,2.4735626088939786
2.0,10.0,2.2311847792671973
14.0,58.0,5.700887150046966
10.0,33.0,1.404259178208987
1.0,3.0,0.1004938251320044
17.0,59.0,2.5162974554413866
11.0,30.0,0.7585297656901896
5.0,26.0,0.6195702085279523
9.0,29.0,1.0098487071012905
2.0,3.0,2.6952159763461254
3.0,8.0,5.945271476262982
2.0,9.0,2.4735626088939786
7.0,10.0,2.2311847792671973
23.0,58.0,5.700887150046966
10.0,33.0,1.404259178208987
1.0,3.0,0.1004938251320044
23.0,59.0,2.5162974554413866
13.0,30.0,0.7585297656901896
15.0,26.0,0.6195702085279523
9.0,29.0,1.0098487071012905
3.0,3.0,2.6952159763461254
4.0,8.0,5.945271476262982
4.0,9.0,2.4735626088939786
8.0,10.0,2.2311847792671973
32.0,58.0,5.700887150046966
14.0,33.0,1.404259178208987
2.0,3.0,0.1004938251320044
26.0,59.0,2.5162974554413866
14.0,30.0,0.7585297656901896
13.0,26.0,0.6195702085279523
16.0,29.0,1.0098487071012905
3.0,3.0,2.6952159763461254
5.0,8.0,5.945271476262982
7.0,9.0,2.4735626088939786
8.0,10.0,2.2311847792671973
37.0,58.0,5.700887150046966
20.0,33.0,1.404259178208987
0.0,3.0,0.1004938251320044
39.0,59.0,2.5162974554413866
18.0,30.0,0.7585297656901896
11.0,26.0,0.6195702085279523
16.0,29.0,1.0098487071012905
1.0,3.0,2.6952159763461254
6.0,8.0,5.945271476262982
5.0,9.0,2.4735626088939786
7.0,10.0,2.2311847792671973
37.0,58.0,5.700887150046966
23.0,33.0,1.404259178208987
2.0,3.0,0.1004938251320044
38.0,59.0,2.5162974554413866
22.0,30.0,0.7585297656901896
20.0,26.0,0.6195702085279523
20.0,29.0,1.0098487071012905
1.0,3.0,2.6952159763461254
4.0,8.0,5.945271476262982
6.0,9.0,2.4735626088939786
9.0,10.0,2.2311847792671973
56.0,58.0,5.700887150046966
25.0,33.0,1.404259178208987
2.0,3.0,0.1004938251320044
51.0,59.0,2.5162974554413866
21.0,30.0,0.7585297656901896
20.0,26.0,0.6195702085279523
23.0,29.0,1.0098487071012905
3.0,3.0,2.6952159763461254
8.0,8.0,5.945271476262982
9.0,9.0,2.4735626088939786
10.0,10.0,2.2311847792671973
56.0,58.0,5.700887150046966
28.0,33.0,1.404259178208987
2.0,3.0,0.1004938251320044
54.0,59.0,2.5162974554413866
28.0,30.0,0.7585297656901896
20.0,26.0,0.6195702085279523
28.0,29.0,1.0098487071012905
1.0,7.0,11.325710790165914
2.0,19.0,6.249046727080506
1.0,7.0,1.2811362168623646
2.0,32.0,2.446261612205082
3.0,22.0,1.3552207606714375
2.0,21.0,1.2862224137069829
1.0,6.0,0.38300005366465656
2.0,12.0,1.146486941146413
0.0,7.0,0.7378454118667407
3.0,20.0,1.318766055532012
3.0,37.0,3.2227800434097666
2.0,7.0,11.325710790165914
2.0,19.0,6.249046727080506
3.0,7.0,1.2811362168623646
5.0,32.0,2.446261612205082
6.0,22.0,1.3552207606714375
3.0,21.0,1.2862224137069829
1.0,6.0,0.38300005366465656
2.0,12.0,1.146486941146413
4.0,7.0,0.7378454118667407
3.0,20.0,1.318766055532012
10.0,37.0,3.2227800434097666
2.0,7.0,11.325710790165914
5.0,19.0,6.249046727080506
1.0,7.0,1.2811362168623646
6.0,32.0,2.446261612205082
7.0,22.0,1.3552207606714375
7.0,21.0,1.2862224137069829
3.0,6.0,0.38300005366465656
6.0,12.0,1.146486941146413
1.0,7.0,0.7378454118667407
6.0,20.0,1.318766055532012
8.0,37.0,3.2227800434097666
2.0,7.0,11.325710790165914
13.0,19.0,6.249046727080506
2.0,7.0,1.2811362168623646
13.0,32.0,2.446261612205082
9.0,22.0,1.3552207606714375
10.0,21.0,1.2862224137069829
3.0,6.0,0.38300005366465656
3.0,12.0,1.146486941146413
3.0,7.0,0.7378454118667407
5.0,20.0,1.318766055532012
14.0,37.0,3.2227800434097666
3.0,7.0,11.325710790165914
12.0,19.0,6.249046727080506
5.0,7.0,1.2811362168623646
15.0,32.0,2.446261612205082
10.0,22.0,1.3552207606714375
8.0,21.0,1.2862224137069829
3.0,6.0,0.38300005366465656
4.0,12.0,1.146486941146413
2.0,7.0,0.7378454118667407
11.0,20.0,1.318766055532012
15.0,37.0,3.2227800434097666
2.0,7.0,11.325710790165914
13.0,19.0,6.249046727080506
6.0,7.0,1.2811362168623646
16.0,32.0,2.446261612205082
16.0,22.0,1.3552207606714375
14.0,21.0,1.2862224137069829
3.0,6.0,0.38300005366465656
7.0,12.0,1.146486941146413
5.0,7.0,0.7378454118667407
12.0,20.0,1.318766055532012
21.0,37.0,3.2227800434097666
6.0,7.0,11.325710790165914
11.0,19.0,6.249046727080506
5.0,7.0,1.2811362168623646
21.0,32.0,2.446261612205082
12.0,22.0,1.3552207606714375
10.0,21.0,1.2862224137069829
2.0,6.0,0.38300005366465656
7.0,12.0,1.146486941146413
5.0,7.0,0.7378454118667407
15.0,20.0,1.318766055532012
24.0,37.0,3.2227800434097666
6.0,7.0,11.325710790165914
17.0,19.0,6.249046727080506
6.0,7.0,1.2811362168623646
24.0,32.0,2.446261612205082
19.0,22.0,1.3552207606714375
13.0,21.0,1.2862224137069829
5.0,6.0,0.38300005366465656
10.0,12.0,1.146486941146413
6.0,7.0,0.7378454118667407
15.0,20.0,1.318766055532012
29.0,37.0,3.2227800434097666
7.0,7.0,11.325710790165914
15.0,19.0,6.249046727080506
6.0,7.0,1.2811362168623646
30.0,32.0,2.446261612205082
18.0,22.0,1.3552207606714375
18.0,21.0,1.2862224137069829
4.0,6.0,0.38300005366465656
10.0,12.0,1.146486941146413
6.0,7.0,0.7378454118667407
19.0,20.0,1.318766055532012
29.0,37.0,3.2227800434097666
1.0,3.0,6.1260507647796185
1.0,10.0,4.04264371994191
1.0,4.0,1.4223222392312864
1.0,13.0,2.5056378212877513
0.0,19.0,2.243919466019477
1.0,13.0,1.2392268054736038
1.0,12.0,1.0448919102137009
3.0,25.0,1.9931415887038122
0.0,27.0,1.7780266093081565
4.0,24.0,1.2139664086018442
3.0,52.0,2.3694095641144908
1.0,3.0,6.1260507647796185
2.0,10.0,4.04264371994191
0.0,4.0,1.4223222392312864
5.0,13.0,2.5056378212877513
3.0,19.0,2.243919466019477
1.0,13.0,1.2392268054736038
1.0,12.0,1.0448919102137009
6.0,25.0,1.9931415887038122
11.0,27.0,1.7780266093081565
8.0,24.0,1.2139664086018442
16.0,52.0,2.3694095641144908
1.0,3.0,6.1260507647796185
4.0,10.0,4.04264371994191
2.0,4.0,1.4223222392312864
3.0,13.0,2.5056378212877513
5.0,19.0,2.243919466019477
1.0,13.0,1.2392268054736038
5.0,12.0,1.0448919102137009
8.0,25.0,1.9931415887038122
11.0,27.0,1.7780266093081565
6.0,24.0,1.2139664086018442
13.0,52.0,2.3694095641144908
1.0,3.0,6.1260507647796185
4.0,10.0,4.04264371994191
1.0,4.0,1.4223222392312864
5.0,13.0,2.5056378212877513
6.0,19.0,2.243919466019477
5.0,13.0,1.2392268054736038
4.0,12.0,1.0448919102137009
9.0,25.0,1.9931415887038122
10.0,27.0,1.7780266093081565
12.0,24.0,1.2139664086018442
19.0,52.0,2.3694095641144908
2.0,3.0,6.1260507647796185
6.0,10.0,4.04264371994191
3.0,4.0,1.4223222392312864
5.0,13.0,2.5056378212877513
6.0,19.0,2.243919466019477
6.0,13.0,1.2392268054736038
4.0,12.0,1.0448919102137009
9.0,25.0,1.9931415887038122
11.0,27.0,1.7780266093081565
12.0,24.0,1.2139664086018442
25.0,52.0,2.3694095641144908
2.0,3.0,6.1260507647796185
7.0,10.0,4.04264371994191
1.0,4.0,1.4223222392312864
7.0,13.0,2.5056378212877513
13.0,19.0,2.243919466019477
7.0,13.0,1.2392268054736038
8.0,12.0,1.0448919102137009
15.0,25.0,1.9931415887038122
19.0,27.0,1.7780266093081565
11.0,24.0,1.2139664086018442
35.0,52.0,2.3694095641144908
3.0,3.0,6.1260507647796185
8.0,10.0,4.04264371994191
2.0,4.0,1.4223222392312864
4.0,13.0,2.5056378212877513
14.0,19.0,2.243919466019477
10.0,13.0,1.2392268054736038
7.0,12.0,1.0448919102137009
16.0,25.0,1.9931415887038122
19.0,27.0,1.7780266093081565
17.0,24.0,1.2139664086018442
44.0,52.0,2.3694095641144908
3.0,3.0,6.1260507647796185
7.0,10.0,4.04264371994191
4.0,4.0,1.4223222392312864
10.0,13.0,2.5056378212877513
17.0,19.0,2.243919466019477
9.0,13.0,1.2392268054736038
8.0,12.0,1.0448919102137009
20.0,25.0,1.9931415887038122
24.0,27.0,1.7780266093081565
18.0,24.0,1.2139664086018442
43.0,52.0,2.3694095641144908
3.0,3.0,6.1260507647796185
9.0,10.0,4.04264371994191
2.0,4.0,1.4223222392312864
12.0,13.0,2.5056378212877513
17.0,19.0,2.243919466019477
11.0,13.0,1.2392268054736038
10.0,12.0,1.0448919102137009
22.0,25.0,1.9931415887038122
26.0,27.0,1.7780266093081565
21.0,24.0,1.2139664086018442
49.0,52.0,2.3694095641144908
1.0,6.0,4.516982768006091
0.0,11.0,5.0776421580514395
0.0,2.0,0.7071952634490788
1.0,5.0,0.5306021937460674
3.0,32.0,3.310800016502299
3.0,32.0,2.219899561035745
5.0,82.0,3.030493662337539
2.0,30.0,0.8740537111170563
9.0,87.0,2.2417447904942285
1.0,6.0,0.11088537603117321
2.0,9.0,0.16652135896962708
2.0,6.0,4.516982768006091
2.0,11.0,5.0776421580514395
2.0,2.0,0.7071952634490788
1.0,5.0,0.5306021937460674
4.0,32.0,3.310800016502299
5.0,32.0,2.219899561035745
21.0,82.0,3.030493662337539
10.0,30.0,0.8740537111170563
17.0,87.0,2.2417447904942285
0.0,6.0,0.11088537603117321
0.0,9.0,0.16652135896962708
3.0,6.0,4.516982768006091
5.0,11.0,5.0776421580514395
1.0,2.0,0.7071952634490788
1.0,5.0,0.5306021937460674
9.0,32.0,3.310800016502299
5.0,32.0,2.219899561035745
30.0,82.0,3.030493662337539
10.0,30.0,0.8740537111170563
28.0,87.0,2.2417447904942285
2.0,6.0,0.11088537603117321
3.0,9.0,0.16652135896962708
3.0,6.0,4.516982768006091
7.0,11.0,5.0776421580514395
2.0,2.0,0.7071952634490788
3.0,5.0,0.5306021937460674
14.0,32.0,3.310800016502299
15.0,32.0,2.219899561035745
28.0,82.0,3.030493662337539
13.0,30.0,0.8740537111170563
34.0,87.0,2.2417447904942285
1.0,6.0,0.11088537603117321
5.0,9.0,0.16652135896962708
4.0,6.0,4.516982768006091
7.0,11.0,5.0776421580514395
2.0,2.0,0.7071952634490788
2.0,5.0,0.5306021937460674
15.0,32.0,3.310800016502299
15.0,32.0,2.219899561035745
31.0,82.0,3.030493662337539
14.0,30.0,0.8740537111170563
53.0,87.0,2.2417447904942285
3.0,6.0,0.11088537603117321
4.0,9.0,0.16652135896962708
2.0,6.0,4.516982768006091
6.0,11.0,5.0776421580514395
1.0,2.0,0.7071952634490788
3.0,5.0,0.5306021937460674
17.0,32.0,3.310800016502299
22.0,32.0,2.219899561035745
55.0,82.0,3.030493662337539
19.0,30.0,0.8740537111170563
54.0,87.0,2.2417447904942285
4.0,6.0,0.11088537603117321
6.0,9.0,0.16652135896962708
6.0,6.0,4.516982768006091
10.0,11.0,5.0776421580514395
2.0,2.0,0.7071952634490788
2.0,5.0,0.5306021937460674
23.0,32.0,3.310800016502299
24.0,32.0,2.219899561035745
65.0,82.0,3.030493662337539
20.0,30.0,0.8740537111170563
60.0,87.0,2.2417447904942285
4.0,6.0,0.11088537603117321
8.0,9.0,0.16652135896962708
4.0,6.0,4.516982768006091
8.0,11.0,5.0776421580514395
1.0,2.0,0.7071952634490788
4.0,5.0,0.5306021937460674
26.0,32.0,3.310800016502299
26.0,32.0,2.219899561035745
65.0,82.0,3.030493662337539
23.0,30.0,0.8740537111170563
75.0,87.0,2.2417447904942285
5.0,6.0,0.11088537603117321
6.0,9.0,0.16652135896962708
6.0,6.0,4.516982768006091
10.0,11.0,5.0776421580514395
2.0,2.0,0.7071952634490788
2.0,5.0,0.5306021937460674
28.0,32.0,3.310800016502299
30.0,32.0,2.219899561035745
79.0,82.0,3.030493662337539
27.0,30.0,0.8740537111170563
77.0,87.0,2.2417447904942285
5.0,6.0,0.11088537603117321
8.0,9.0,0.16652135896962708
2.0,5.0,2.684715757329954
0.0,23.0,8.790249271400707
4.0,12.0,0.8619057028175139
0.0,5.0,0.20156052858817952
10.0,75.0,5.976552965478148
1.0,9.0,0.37846656317564004
2.0,33.0,1.3575641240043284
2.0,18.0,0.6306263802372384
0.0,5.0,0.1588097371495309
10.0,58.0,2.7438820927068095
6.0,50.0,1.7485310101227476
1.0,5.0,2.684715757329954
5.0,23.0,8.790249271400707
2.0,12.0,0.8619057028175139
1.0,5.0,0.20156052858817952
14.0,75.0,5.976552965478148
4.0,9.0,0.37846656317564004
6.0,33.0,1.3575641240043284
4.0,18.0,0.6306263802372384
1.0,5.0,0.1588097371495309
8.0,58.0,2.7438820927068095
12.0,50.0,1.7485310101227476
3.0,5.0,2.684715757329954
10.0,23.0,8.790249271400707
7.0,12.0,0.8619057028175139
1.0,5.0,0.20156052858817952
20.0,75.0,5.976552965478148
1.0,9.0,0.37846656317564004
10.0,33.0,1.3575641240043284
4.0,18.0,0.6306263802372384
2.0,5.0,0.1588097371495309
15.0,58.0,2.7438820927068095
17.0,50.0,1.7485310101227476
1.0,5.0,2.684715757329954
9.0,23.0,8.790249271400707
5.0,12.0,0.8619057028175139
3.0,5.0,0.20156052858817952
37.0,75.0,5.976552965478148
4.0,9.0,0.37846656317564004
10.0,33.0,1.3575641240043284
11.0,18.0,0.6306263802372384
3.0,5.0,0.1588097371495309
26.0,58.0,2.7438820927068095
14.0,50.0,1.7485310101227476
1.0,5.0,2.684715757329954
12.0,23.0,8.790249271400707
5.0,12.0,0.8619057028175139
2.0,5.0,0.20156052858817952
45.0,75.0,5.976552965478148
3.0,9.0,0.37846656317564004
15.0,33.0,1.3575641240043284
9.0,18.0,0.6306263802372384
2.0,5.0,0.1588097371495309
32.0,58.0,2.7438820927068095
22.0,50.0,1.7485310101227476
4.0,5.0,2.684715757329954
19.0,23.0,8.790249271400707
6.0,12.0,0.8619057028175139
3.0,5.0,0.20156052858817952
48.0,75.0,5.976552965478148
4.0,9.0,0.37846656317564004
20.0,33.0,1.3575641240043284
10.0,18.0,0.6306263802372384
3.0,5.0,0.1588097371495309
36.0,58.0,2.7438820927068095
27.0,50.0,1.7485310101227476
3.0,5.0,2.684715757329954
16.0,23.0,8.790249271400707
9.0,12.0,0.8619057028175139
4.0,5.0,0.20156052858817952
50.0,75.0,5.976552965478148
5.0,9.0,0.37846656317564004
24.0,33.0,1.3575641240043284
15.0,18.0,0.6306263802372384
4.0,5.0,0.1588097371495309
35.0,58.0,2.7438820927068095
34.0,50.0,1.7485310101227476
3.0,5.0,2.684715757329954
19.0,23.0,8.790249271400707
10.0,12.0,0.8619057028175139
5.0,5.0,0.20156052858817952
65.0,75.0,5.976552965478148
7.0,9.0,0.37846656317564004
28.0,33.0,1.3575641240043284
14.0,18.0,0.6306263802372384
5.0,5.0,0.1588097371495309
47.0,58.0,2.7438820927068095
40.0,50.0,1.7485310101227476
5.0,5.0,2.684715757329954
20.0,23.0,8.790249271400707
11.0,12.0,0.8619057028175139
5.0,5.0,0.20156052858817952
69.0,75.0,5.976552965478148
9.0,9.0,0.37846656317564004
32.0,33.0,1.3575641240043284
17.0,18.0,0.6306263802372384
4.0,5.0,0.1588097371495309
55.0,58.0,2.7438820927068095
48.0,50.0,1.7485310101227476
1.0,4.0,5.210748877540135
0.0,7.0,3.445528984742044
1.0,26.0,4.290286368709415
1.0,11.0,1.0755123726210254
1.0,35.0,1.8094466897405326
2.0,12.0,0.9138265130910344
4.0,23.0,1.3006417305642957
2.0,61.0,2.7341733965909323
8.0,26.0,1.162126025473369
2.0,13.0,0.39071576064842906
2.0,6.0,0.24110882582333576
2.0,4.0,5.210748877540135
1.0,7.0,3.445528984742044
7.0,26.0,4.290286368709415
2.0,11.0,1.0755123726210254
4.0,35.0,1.8094466897405326
2.0,12.0,0.9138265130910344
2.0,23.0,1.3006417305642957
11.0,61.0,2.7341733965909323
4.0,26.0,1.162126025473369
5.0,13.0,0.39071576064842906
1.0,6.0,0.24110882582333576
1.0,4.0,5.210748877540135
0.0,7.0,3.445528984742044
7.0,26.0,4.290286368709415
5.0,11.0,1.0755123726210254
12.0,35.0,1.8094466897405326
2.0,12.0,0.9138265130910344
8.0,23.0,1.3006417305642957
15.0,61.0,2.7341733965909323
10.0,26.0,1.162126025473369
7.0,13.0,0.39071576064842906
1.0,6.0,0.24110882582333576
2.0,4.0,5.210748877540135
1.0,7.0,3.445528984742044
11.0,26.0,4.290286368709415
4.0,11.0,1.0755123726210254
16.0,35.0,1.8094466897405326
6.0,12.0,0.9138265130910344
4.0,23.0,1.3006417305642957
25.0,61.0,2.7341733965909323
14.0,26.0,1.162126025473369
5.0,13.0,0.39071576064842906
2.0,6.0,0.24110882582333576
3.0,4.0,5.210748877540135
3.0,7.0,3.445528984742044
14.0,26.0,4.290286368709415
5.0,11.0,1.0755123726210254
14.0,35.0,1.8094466897405326
6.0,12.0,0.9138265130910344
12.0,23.0,1.3006417305642957
18.0,61.0,2.7341733965909323
12.0,26.0,1.162126025473369
7.0,13.0,0.39071576064842906
4.0,6.0,0.24110882582333576
4.0,4.0,5.210748877540135
5.0,7.0,3.445528984742044
17.0,26.0,4.290286368709415
4.0,11.0,1.0755123726210254
19.0,35.0,1.8094466897405326
7.0,12.0,0.9138265130910344
17.0,23.0,1.3006417305642957
34.0,61.0,2.7341733965909323
16.0,26.0,1.162126025473369
9.0,13.0,0.39071576064842906
1.0,6.0,0.24110882582333576
3.0,4.0,5.210748877540135
5.0,7.0,3.445528984742044
18.0,26.0,4.290286368709415
9.0,11.0,1.0755123726210254
22.0,35.0,1.8094466897405326
9.0,12.0,0.9138265130910344
19.0,23.0,1.3006417305642957
44.0,61.0,2.7341733965909323
15.0,26.0,1.162126025473369
11.0,13.0,0.39071576064842906
4.0,6.0,0.24110882582333576
3.0,4.0,5.210748877540135
4.0,7.0,3.445528984742044
21.0,26.0,4.290286368709415
10.0,11.0,1.0755123726210254
29.0,35.0,1.8094466897405326
7.0,12.0,0.9138265130910344
16.0,23.0,1.3006417305642957
51.0,61.0,2.7341733965909323
18.0,26.0,1.162126025473369
9.0,13.0,0.39071576064842906
4.0,6.0,0.24110882582333576
4.0,4.0,5.210748877540135
7.0,7.0,3.445528984742044
26.0,26.0,4.290286368709415
11.0,11.0,1.0755123726210254
29.0,35.0,1.8094466897405326
11.0,12.0,0.9138265130910344
22.0,23.0,1.3006417305642957
53.0,61.0,2.7341733965909323
23.0,26.0,1.162126025473369
11.0,13.0,0.39071576064842906
5.0,6.0,0.24110882582333576
1.0,3.0,3.7673434641465353
1.0,2.0,3.98789484521257
0.0,4.0,2.6502797365509485
1.0,10.0,1.791782129958911
3.0,28.0,2.7138745657528043
5.0,40.0,2.8976052013028246
9.0,93.0,3.3435959676353635
5.0,37.0,0.7862928539953118
6.0,50.0,1.2122786353433912
0.0,6.0,0.10494453492505156
3.0,42.0,0.8285208832788656
1.0,3.0,3.7673434641465353
0.0,2.0,3.98789484521257
2.0,4.0,2.6502797365509485
3.0,10.0,1.791782129958911
5.0,28.0,2.7138745657528043
6.0,40.0,2.8976052013028246
16.0,93.0,3.3435959676353635
9.0,37.0,0.7862928539953118
11.0,50.0,1.2122786353433912
2.0,6.0,0.10494453492505156
7.0,42.0,0.8285208832788656
2.0,3.0,3.7673434641465353
1.0,2.0,3.98789484521257
1.0,4.0,2.6502797365509485
3.0,10.0,1.791782129958911
9.0,28.0,2.7138745657528043
8.0,40.0,2.8976052013028246
29.0,93.0,3.3435959676353635
14.0,37.0,0.7862928539953118
15.0,50.0,1.2122786353433912
2.0,6.0,0.10494453492505156
10.0,42.0,0.8285208832788656
1.0,3.0,3.7673434641465353
2.0,2.0,3.98789484521257
3.0,4.0,2.6502797365509485
3.0,10.0,1.791782129958911
11.0,28.0,2.7138745657528043
19.0,40.0,2.8976052013028246
35.0,93.0,3.3435959676353635
19.0,37.0,0.7862928539953118
22.0,50.0,1.2122786353433912
1.0,6.0,0.10494453492505156
15.0,42.0,0.8285208832788656
1.0,3.0,3.7673434641465353
1.0,2.0,3.98789484521257
2.0,4.0,2.6502797365509485
6.0,10.0,1.791782129958911
10.0,28.0,2.7138745657528043
24.0,40.0,2.8976052013028246
41.0,93.0,3.3435959676353635
23.0,37.0,0.7862928539953118
26.0,50.0,1.2122786353433912
3.0,6.0,0.10494453492505156
28.0,42.0,0.8285208832788656
1.0,3.0,3.7673434641465353
0.0,2.0,3.98789484521257
2.0,4.0,2.6502797365509485
9.0,10.0,1.791782129958911
19.0,28.0,2.7138745657528043
25.0,40.0,2.8976052013028246
54.0,93.0,3.3435959676353635
22.0,37.0,0.7862928539953118
34.0,50.0,1.2122786353433912
4.0,6.0,0.10494453492505156
26.0,42.0,0.8285208832788656
2.0,3.0,3.7673434641465353
2.0,2.0,3.98789484521257
3.0,4.0,2.6502797365509485
5.0,10.0,1.791782129958911
22.0,28.0,2.7138745657528043
28.0,40.0,2.8976052013028246
69.0,93.0,3.3435959676353635
24.0,37.0,0.7862928539953118
37.0,50.0,1.2122786353433912
4.0,6.0,0.10494453492505156
31.0,42.0,0.8285208832788656
2.0,3.0,3.7673434641465353
1.0,2.0,3.98789484521257
3.0,4.0,2.6502797365509485
10.0,10.0,1.791782129958911
16.0,28.0,2.7138745657528043
30.0,40.0,2.8976052013028246
76.0,93.0,3.3435959676353635
26.0,37.0,0.7862928539953118
38.0,50.0,1.2122786353433912
4.0,6.0,0.10494453492505156
31.0,42.0,0.8285208832788656
3.0,3.0,3.7673434641465353
2.0,2.0,3.98789484521257
3.0,4.0,2.6502797365509485
10.0,10.0,1.791782129958911
26.0,28.0,2.7138745657528043
32.0,40.0,2.8976052013028246
77.0,93.0,3.3435959676353635
34.0,37.0,0.7862928539953118
43.0,50.0,1.2122786353433912
3.0,6.0,0.10494453492505156
32.0,42.0,0.8285208832788656
2.0,3.0,3.790029899387724
0.0,3.0,1.7329252109972129
3.0,25.0,8.265546675663742
1.0,4.0,0.6018001986366268
11.0,67.0,5.730289071548166
1.0,13.0,0.5543896056010778
2.0,18.0,0.6573634194911494
0.0,11.0,0.6535540076761179
3.0,25.0,1.1137759547594406
1.0,12.0,0.47676219834493877
1.0,20.0,1.1546086111140903
1.0,3.0,3.790029899387724
0.0,3.0,1.7329252109972129
7.0,25.0,8.265546675663742
1.0,4.0,0.6018001986366268
9.0,67.0,5.730289071548166
1.0,13.0,0.5543896056010778
5.0,18.0,0.6573634194911494
4.0,11.0,0.6535540076761179
7.0,25.0,1.1137759547594406
2.0,12.0,0.47676219834493877
3.0,20.0,1.1546086111140903
1.0,3.0,3.790029899387724
1.0,3.0,1.7329252109972129
7.0,25.0,8.265546675663742
1.0,4.0,0.6018001986366268
15.0,67.0,5.730289071548166
3.0,13.0,0.5543896056010778
5.0,18.0,0.6573634194911494
2.0,11.0,0.6535540076761179
5.0,25.0,1.1137759547594406
3.0,12.0,0.47676219834493877
4.0,20.0,1.1546086111140903
2.0,3.0,3.790029899387724
1.0,3.0,1.7329252109972129
9.0,25.0,8.265546675663742
2.0,4.0,0.6018001986366268
26.0,67.0,5.730289071548166
7.0,13.0,0.5543896056010778
6.0,18.0,0.6573634194911494
1.0,11.0,0.6535540076761179
10.0,25.0,1.1137759547594406
4.0,12.0,0.47676219834493877
7.0,20.0,1.1546086111140903
3.0,3.0,3.790029899387724
2.0,3.0,1.7329252109972129
12.0,25.0,8.265546675663742
0.0,4.0,0.6018001986366268
30.0,67.0,5.730289071548166
8.0,13.0,0.5543896056010778
12.0,18.0,0.6573634194911494
8.0,11.0,0.6535540076761179
9.0,25.0,1.1137759547594406
5.0,12.0,0.47676219834493877
10.0,20.0,1.1546086111140903
2.0,3.0,3.790029899387724
1.0,3.0,1.7329252109972129
13.0,25.0,8.265546675663742
1.0,4.0,0.6018001986366268
41.0,67.0,5.730289071548166
6.0,13.0,0.5543896056010778
14.0,18.0,0.6573634194911494
4.0,11.0,0.6535540076761179
16.0,25.0,1.1137759547594406
7.0,12.0,0.47676219834493877
14.0,20.0,1.1546086111140903
1.0,3.0,3.790029899387724
2.0,3.0,1.7329252109972129
16.0,25.0,8.265546675663742
3.0,4.0,0.6018001986366268
53.0,67.0,5.730289071548166
11.0,13.0,0.5543896056010778
12.0,18.0,0.6573634194911494
9.0,11.0,0.6535540076761179
15.0,25.0,1.1137759547594406
7.0,12.0,0.47676219834493877
16.0,20.0,1.1546086111140903
2.0,3.0,3.790029899387724
3.0,3.0,1.7329252109972129
23.0,25.0,8.265546675663742
3.0,4.0,0.6018001986366268
52.0,67.0,5.730289071548166
10.0,13.0,0.5543896056010778
14.0,18.0,0.6573634194911494
11.0,11.0,0.6535540076761179
18.0,25.0,1.1137759547594406
8.0,12.0,0.47676219834493877
16.0,20.0,1.1546086111140903
3.0,3.0,3.790029899387724
3.0,3.0,1.7329252109972129
25.0,25.0,8.265546675663742
4.0,4.0,0.6018001986366268
58.0,67.0,5.730289071548166
11.0,13.0,0.5543896056010778
15.0,18.0,0.6573634194911494
10.0,11.0,0.6535540076761179
21.0,25.0,1.1137759547594406
12.0,12.0,0.47676219834493877
17.0,20.0,1.1546086111140903
1.0,4.0,5.048665764705237
0.0,4.0,2.9340330052105186
0.0,2.0,1.5690681628905547
2.0,18.0,5.270893886178176
1.0,15.0,2.5234471625636434
3.0,27.0,1.9050823764913913
2.0,23.0,1.2753109621115646
11.0,73.0,2.8979163865743827
1.0,21.0,0.7495732911223015
4.0,49.0,1.3119626530498427
8.0,46.0,0.8891663934452512
1.0,4.0,5.048665764705237
1.0,4.0,2.9340330052105186
0.0,2.0,1.5690681628905547
2.0,18.0,5.270893886178176
2.0,15.0,2.5234471625636434
3.0,27.0,1.9050823764913913
4.0,23.0,1.2753109621115646
15.0,73.0,2.8979163865743827
5.0,21.0,0.7495732911223015
9.0,49.0,1.3119626530498427
12.0,46.0,0.8891663934452512
1.0,4.0,5.048665764705237
2.0,4.0,2.9340330052105186
0.0,2.0,1.5690681628905547
5.0,18.0,5.270893886178176
4.0,15.0,2.5234471625636434
6.0,27.0,1.9050823764913913
8.0,23.0,1.2753109621115646
18.0,73.0,2.8979163865743827
8.0,21.0,0.7495732911223015
12.0,49.0,1.3119626530498427
16.0,46.0,0.8891663934452512
1.0,4.0,5.048665764705237
1.0,4.0,2.9340330052105186
1.0,2.0,1.5690681628905547
7.0,18.0,5.270893886178176
7.0,15.0,2.5234471625636434
10.0,27.0,1.9050823764913913
13.0,23.0,1.2753109621115646
19.0,73.0,2.8979163865743827
8.0,21.0,0.7495732911223015
17.0,49.0,1.3119626530498427
18.0,46.0,0.8891663934452512
2.0,4.0,5.048665764705237
1.0,4.0,2.9340330052105186
1.0,2.0,1.5690681628905547
11.0,18.0,5.270893886178176
8.0,15.0,2.5234471625636434
15.0,27.0,1.9050823764913913
13.0,23.0,1.2753109621115646
40.0,73.0,2.8979163865743827
10.0,21.0,0.7495732911223015
26.0,49.0,1.3119626530498427
28.0,46.0,0.8891663934452512
3.0,4.0,5.048665764705237
4.0,4.0,2.9340330052105186
2.0,2.0,1.5690681628905547
8.0,18.0,5.270893886178176
11.0,15.0,2.5234471625636434
14.0,27.0,1.9050823764913913
8.0,23.0,1.2753109621115646
43.0,73.0,2.8979163865743827
14.0,21.0,0.7495732911223015
29.0,49.0,1.3119626530498427
25.0,46.0,0.8891663934452512
3.0,4.0,5.048665764705237
2.0,4.0,2.9340330052105186
1.0,2.0,1.5690681628905547
10.0,18.0,5.270893886178176
8.0,15.0,2.5234471625636434
19.0,27.0,1.9050823764913913
19.0,23.0,1.2753109621115646
49.0,73.0,2.8979163865743827
15.0,21.0,0.7495732911223015
34.0,49.0,1.3119626530498427
39.0,46.0,0.8891663934452512
3.0,4.0,5.048665764705237
4.0,4.0,2.9340330052105186
2.0,2.0,1.5690681628905547
14.0,18.0,5.270893886178176
11.0,15.0,2.5234471625636434
23.0,27.0,1.9050823764913913
19.0,23.0,1.2753109621115646
54.0,73.0,2.8979163865743827
19.0,21.0,0.7495732911223015
37.0,49.0,1.3119626530498427
39.0,46.0,0.8891663934452512
4.0,4.0,5.048665764705237
4.0,4.0,2.9340330052105186
2.0,2.0,1.5690681628905547
18.0,18.0,5.270893886178176
13.0,15.0,2.5234471625636434
26.0,27.0,1.9050823764913913
22.0,23.0,1.2753109621115646
66.0,73.0,2.8979163865743827
18.0,21.0,0.7495732911223015
42.0,49.0,1.3119626530498427
44.0,46.0,0.8891663934452512
1.0,5.0,3.1181291218272844
1.0,4.0,2.6819336829050067
1.0,10.0,3.2249976992125537
1.0,12.0,1.72322073773404
0.0,7.0,1.2624047571391603
1.0,10.0,0.8081367644165539
1.0,8.0,1.1114276023376828
2.0,16.0,1.2632117958657108
5.0,69.0,5.776938769768227
8.0,78.0,2.6963940477732247
1.0,8.0,0.20391775190234424
2.0,5.0,3.1181291218272844
3.0,4.0,2.6819336829050067
2.0,10.0,3.2249976992125537
3.0,12.0,1.72322073773404
3.0,7.0,1.2624047571391603
1.0,10.0,0.8081367644165539
0.0,8.0,1.1114276023376828
3.0,16.0,1.2632117958657108
17.0,69.0,5.776938769768227
18.0,78.0,2.6963940477732247
0.0,8.0,0.20391775190234424
1.0,5.0,3.1181291218272844
2.0,4.0,2.6819336829050067
4.0,10.0,3.2249976992125537
3.0,12.0,1.72322073773404
1.0,7.0,1.2624047571391603
5.0,10.0,0.8081367644165539
2.0,8.0,1.1114276023376828
3.0,16.0,1.2632117958657108
24.0,69.0,5.776938769768227
20.0,78.0,2.6963940477732247
4.0,8.0,0.20391775190234424
2.0,5.0,3.1181291218272844
2.0,4.0,2.6819336829050067
2.0,10.0,3.2249976992125537
9.0,12.0,1.72322073773404
1.0,7.0,1.2624047571391603
4.0,10.0,0.8081367644165539
1.0,8.0,1.1114276023376828
7.0,16.0,1.2632117958657108
27.0,69.0,5.776938769768227
36.0,78.0,2.6963940477732247
3.0,8.0,0.20391775190234424
4.0,5.0,3.1181291218272844
4.0,4.0,2.6819336829050067
5.0,10.0,3.2249976992125537
5.0,12.0,1.72322073773404
5.0,7.0,1.2624047571391603
6.0,10.0,0.8081367644165539
5.0,8.0,1.1114276023376828
6.0,16.0,1.2632117958657108
34.0,69.0,5.776938769768227
42.0,78.0,2.6963940477732247
4.0,8.0,0.20391775190234424
3.0,5.0,3.1181291218272844
2.0,4.0,2.6819336829050067
5.0,10.0,3.2249976992125537
6.0,12.0,1.72322073773404
3.0,7.0,1.2624047571391603
5.0,10.0,0.8081367644165539
3.0,8.0,1.1114276023376828
10.0,16.0,1.2632117958657108
34.0,69.0,5.776938769768227
45.0,78.0,2.6963940477732247
5.0,8.0,0.20391775190234424
3.0,5.0,3.1181291218272844
4.0,4.0,2.6819336829050067
8.0,10.0,3.2249976992125537
5.0,12.0,1.72322073773404
5.0,7.0,1.2624047571391603
8.0,10.0,0.8081367644165539
4.0,8.0,1.1114276023376828
11.0,16.0,1.2632117958657108
40.0,69.0,5.776938769768227
59.0,78.0,2.6963940477732247
8.0,8.0,0.20391775190234424
4.0,5.0,3.1181291218272844
3.0,4.0,2.6819336829050067
9.0,10.0,3.2249976992125537
9.0,12.0,1.72322073773404
7.0,7.0,1.2624047571391603
9.0,10.0,0.8081367644165539
7.0,8.0,1.1114276023376828
13.0,16.0,1.2632117958657108
53.0,69.0,5.776938769768227
66.0,78.0,2.6963940477732247
7.0,8.0,0.20391775190234424
4.0,5.0,3.1181291218272844
3.0,4.0,2.6819336829050067
8.0,10.0,3.2249976992125537
10.0,12.0,1.72322073773404
7.0,7.0,1.2624047571391603
9.0,10.0,0.8081367644165539
6.0,8.0,1.1114276023376828
15.0,16.0,1.2632117958657108
59.0,69.0,5.776938769768227
70.0,78.0,2.6963940477732247
7.0,8.0,0.20391775190234424
1.0,3.0,3.0141002031782036
0.0,10.0,11.058480073364331
3.0,23.0,4.101169988945599
3.0,29.0,2.5087908226625983
1.0,31.0,2.0142604731007023
0.0,11.0,0.5817379521648337
4.0,24.0,0.8365530480295097
0.0,50.0,1.9986525697637005
4.0,65.0,2.360849305922
1.0,6.0,0.2107159927045304
1.0,13.0,0.38365199283135143
1.0,3.0,3.0141002031782036
2.0,10.0,11.058480073364331
7.0,23.0,4.101169988945599
6.0,29.0,2.5087908226625983
6.0,31.0,2.0142604731007023
1.0,11.0,0.5817379521648337
3.0,24.0,0.8365530480295097
15.0,50.0,1.9986525697637005
10.0,65.0,2.360849305922
2.0,6.0,0.2107159927045304
3.0,13.0,0.38365199283135143
2.0,3.0,3.0141002031782036
3.0,10.0,11.058480073364331
6.0,23.0,4.101169988945599
9.0,29.0,2.5087908226625983
15.0,31.0,2.0142604731007023
5.0,11.0,0.5817379521648337
11.0,24.0,0.8365530480295097
19.0,50.0,1.9986525697637005
25.0,65.0,2.360849305922
4.0,6.0,0.2107159927045304
2.0,13.0,0.38365199283135143
1.0,3.0,3.0141002031782036
2.0,10.0,11.058480073364331
12.0,23.0,4.101169988945599
13.0,29.0,2.5087908226625983
16.0,31.0,2.0142604731007023
5.0,11.0,0.5817379521648337
7.0,24.0,0.8365530480295097
13.0,50.0,1.9986525697637005
34.0,65.0,2.360849305922
4.0,6.0,0.2107159927045304
4.0,13.0,0.38365199283135143
1.0,3.0,3.0141002031782036
4.0,10.0,11.058480073364331
12.0,23.0,4.101169988945599
16.0,29.0,2.5087908226625983
11.0,31.0,2.0142604731007023
3.0,11.0,0.5817379521648337
13.0,24.0,0.8365530480295097
21.0,50.0,1.9986525697637005
33.0,65.0,2.360849305922
3.0,6.0,0.2107159927045304
7.0,13.0,0.38365199283135143
3.0,3.0,3.0141002031782036
7.0,10.0,11.058480073364331
10.0,23.0,4.101169988945599
21.0,29.0,2.5087908226625983
22.0,31.0,2.0142604731007023
8.0,11.0,0.5817379521648337
16.0,24.0,0.8365530480295097
29.0,50.0,1.9986525697637005
41.0,65.0,2.360849305922
2.0,6.0,0.2107159927045304
7.0,13.0,0.38365199283135143
3.0,3.0,3.0141002031782036
7.0,10.0,11.058480073364331
17.0,23.0,4.101169988945599
22.0,29.0,2.5087908226625983
23.0,31.0,2.0142604731007023
8.0,11.0,0.5817379521648337
18.0,24.0,0.8365530480295097
32.0,50.0,1.9986525697637005
38.0,65.0,2.360849305922
6.0,6.0,0.2107159927045304
10.0,13.0,0.38365199283135143
2.0,3.0,3.0141002031782036
7.0,10.0,11.058480073364331
17.0,23.0,4.101169988945599
26.0,29.0,2.5087908226625983
27.0,31.0,2.0142604731007023
11.0,11.0,0.5817379521648337
22.0,24.0,0.8365530480295097
41.0,50.0,1.9986525697637005
51.0,65.0,2.360849305922
5.0,6.0,0.2107159927045304
8.0,13.0,0.38365199283135143
3.0,3.0,3.0141002031782036
9.0,10.0,11.058480073364331
20.0,23.0,4.101169988945599
24.0,29.0,2.5087908226625983
29.0,31.0,2.0142604731007023
8.0,11.0,0.5817379521648337
21.0,24.0,0.8365530480295097
43.0,50.0,1.9986525697637005
55.0,65.0,2.360849305922
5.0,6.0,0.2107159927045304
11.0,13.0,0.38365199283135143
1.0,3.0,2.4225741521042017
0.0,17.0,9.660154691396603
1.0,16.0,2.2631063631493546
0.0,13.0,1.452494006464507
8.0,70.0,4.854315610244557
2.0,31.0,1.1009307382619264
2.0,41.0,1.1507239811392465
4.0,19.0,0.3900714499716321
2.0,57.0,1.1945950139090333
0.0,12.0,0.3050564496117804
1.0,22.0,0.7764129724966529
1.0,3.0,2.4225741521042017
5.0,17.0,9.660154691396603
3.0,16.0,2.2631063631493546
1.0,13.0,1.452494006464507
16.0,70.0,4.854315610244557
5.0,31.0,1.1009307382619264
11.0,41.0,1.1507239811392465
5.0,19.0,0.3900714499716321
5.0,57.0,1.1945950139090333
3.0,12.0,0.3050564496117804
5.0,22.0,0.7764129724966529
1.0,3.0,2.4225741521042017
5.0,17.0,9.660154691396603
5.0,16.0,2.2631063631493546
4.0,13.0,1.452494006464507
19.0,70.0,4.854315610244557
12.0,31.0,1.1009307382619264
11.0,41.0,1.1507239811392465
5.0,19.0,0.3900714499716321
15.0,57.0,1.1945950139090333
3.0,12.0,0.3050564496117804
7.0,22.0,0.7764129724966529
1.0,3.0,2.4225741521042017
3.0,17.0,9.660154691396603
6.0,16.0,2.2631063631493546
4.0,13.0,1.452494006464507
28.0,70.0,4.854315610244557
9.0,31.0,1.1009307382619264
15.0,41.0,1.1507239811392465
8.0,19.0,0.3900714499716321
23.0,57.0,1.1945950139090333
3.0,12.0,0.3050564496117804
12.0,22.0,0.7764129724966529
3.0,3.0,2.4225741521042017
9.0,17.0,9.660154691396603
10.0,16.0,2.2631063631493546
6.0,13.0,1.452494006464507
36.0,70.0,4.854315610244557
16.0,31.0,1.1009307382619264
19.0,41.0,1.1507239811392465
13.0,19.0,0.3900714499716321
27.0,57.0,1.1945950139090333
8.0,12.0,0.3050564496117804
12.0,22.0,0.7764129724966529
1.0,3.0,2.4225741521042017
10.0,17.0,9.660154691396603
10.0,16.0,2.2631063631493546
7.0,13.0,1.452494006464507
49.0,70.0,4.854315610244557
16.0,31.0,1.1009307382619264
22.0,41.0,1.1507239811392465
13.0,19.0,0.3900714499716321
37.0,57.0,1.1945950139090333
7.0,12.0,0.3050564496117804
14.0,22.0,0.7764129724966529
2.0,3.0,2.4225741521042017
11.0,17.0,9.660154691396603
15.0,16.0,2.2631063631493546
8.0,13.0,1.452494006464507
43.0,70.0,4.854315610244557
21.0,31.0,1.1009307382619264
24.0,41.0,1.1507239811392465
13.0,19.0,0.3900714499716321
45.0,57.0,1.1945950139090333
6.0,12.0,0.3050564496117804
17.0,22.0,0.7764129724966529
2.0,3.0,2.4225741521042017
15.0,17.0,9.660154691396603
15.0,16.0,2.2631063631493546
10.0,13.0,1.452494006464507
56.0,70.0,4.854315610244557
24.0,31.0,1.1009307382619264
28.0,41.0,1.1507239811392465
16.0,19.0,0.3900714499716321
44.0,57.0,1.1945950139090333
10.0,12.0,0.3050564496117804
17.0,22.0,0.7764129724966529
3.0,3.0,2.4225741521042017
14.0,17.0,9.660154691396603
14.0,16.0,2.2631063631493546
12.0,13.0,1.452494006464507
64.0,70.0,4.854315610244557
30.0,31.0,1.1009307382619264
39.0,41.0,1.1507239811392465
18.0,19.0,0.3900714499716321
52.0,57.0,1.1945950139090333
12.0,12.0,0.3050564496117804
21.0,22.0,0.7764129724966529
2.0,3.0,2.750356134333041
1.0,9.0,4.63634962397109
1.0,23.0,4.111861315998719
1.0,12.0,1.0743494419301278
0.0,16.0,1.278805917177299
0.0,18.0,1.4707013632923935
9.0,42.0,2.582374358411138
3.0,29.0,1.4024291608259865
4.0,18.0,0.5621894675698921
2.0,20.0,0.8736187654217958
4.0,19.0,0.9892586821274991
1.0,3.0,2.750356134333041
2.0,9.0,4.63634962397109
0.0,23.0,4.111861315998719
0.0,12.0,1.0743494419301278
2.0,16.0,1.278805917177299
3.0,18.0,1.4707013632923935
12.0,42.0,2.582374358411138
5.0,29.0,1.4024291608259865
3.0,18.0,0.5621894675698921
5.0,20.0,0.8736187654217958
6.0,19.0,0.9892586821274991
1.0,3.0,2.750356134333041
2.0,9.0,4.63634962397109
7.0,23.0,4.111861315998719
4.0,12.0,1.0743494419301278
5.0,16.0,1.278805917177299
5.0,18.0,1.4707013632923935
7.0,42.0,2.582374358411138
11.0,29.0,1.4024291608259865
5.0,18.0,0.5621894675698921
9.0,20.0,0.8736187654217958
5.0,19.0,0.9892586821274991
1.0,3.0,2.750356134333041
6.0,9.0,4.63634962397109
11.0,23.0,4.111861315998719
5.0,12.0,1.0743494419301278
7.0,16.0,1.278805917177299
7.0,18.0,1.4707013632923935
18.0,42.0,2.582374358411138
12.0,29.0,1.4024291608259865
5.0,18.0,0.5621894675698921
5.0,20.0,0.8736187654217958
10.0,19.0,0.9892586821274991
3.0,3.0,2.750356134333041
3.0,9.0,4.63634962397109
15.0,23.0,4.111861315998719
9.0,12.0,1.0743494419301278
10.0,16.0,1.278805917177299
12.0,18.0,1.4707013632923935
25.0,42.0,2.582374358411138
10.0,29.0,1.4024291608259865
13.0,18.0,0.5621894675698921
11.0,20.0,0.8736187654217958
11.0,19.0,0.9892586821274991
2.0,3.0,2.750356134333041
5.0,9.0,4.63634962397109
15.0,23.0,4.111861315998719
7.0,12.0,1.0743494419301278
9.0,16.0,1.278805917177299
12.0,18.0,1.4707013632923935
26.0,42.0,2.582374358411138
13.0,29.0,1.4024291608259865
13.0,18.0,0.5621894675698921
9.0,20.0,0.8736187654217958
10.0,19.0,0.9892586821274991
1.0,3.0,2.750356134333041
7.0,9.0,4.63634962397109
17.0,23.0,4.111861315998719
5.0,12.0,1.0743494419301278
12.0,16.0,1.278805917177299
12.0,18.0,1.4707013632923935
36.0,42.0,2.582374358411138
19.0,29.0,1.4024291608259865
14.0,18.0,0.5621894675698921
13.0,20.0,0.8736187654217958
13.0,19.0,0.9892586821274991
3.0,3.0,2.750356134333041
9.0,9.0,4.63634962397109
19.0,23.0,4.111861315998719
11.0,12.0,1.0743494419301278
13.0,16.0,1.278805917177299
16.0,18.0,1.4707013632923935
34.0,42.0,2.582374358411138
27.0,29.0,1.4024291608259865
13.0,18.0,0.5621894675698921
15.0,20.0,0.8736187654217958
13.0,19.0,0.9892586821274991
3.0,3.0,2.750356134333041
8.0,9.0,4.63634962397109
20.0,23.0,4.111861315998719
11.0,12.0,1.0743494419301278
15.0,16.0,1.278805917177299
18.0,18.0,1.4707013632923935
39.0,42.0,2.582374358411138
25.0,29.0,1.4024291608259865
18.0,18.0,0.5621894675698921
17.0,20.0,0.8736187654217958
16.0,19.0,0.9892586821274991
2.0,3.0,3.5016591802313677
1.0,7.0,6.477256930727945
1.0,3.0,0.2749534532532914
1.0,8.0,1.7438855395775057
0.0,8.0,2.165444099658468
3.0,24.0,4.4922643328316685
6.0,44.0,3.1211282087642807
13.0,97.0,3.0838548576910516
5.0,32.0,0.7958337688837614
16.0,101.0,1.589572432775385
8.0,51.0,0.6029457844843009
1.0,3.0,3.5016591802313677
0.0,7.0,6.477256930727945
1.0,3.0,0.2749534532532914
1.0,8.0,1.7438855395775057
2.0,8.0,2.165444099658468
4.0,24.0,4.4922643328316685
8.0,44.0,3.1211282087642807
16.0,97.0,3.0838548576910516
5.0,32.0,0.7958337688837614
27.0,101.0,1.589572432775385
12.0,51.0,0.6029457844843009
1.0,3.0,3.5016591802313677
2.0,7.0,6.477256930727945
0.0,3.0,0.2749534532532914
4.0,8.0,1.7438855395775057
2.0,8.0,2.165444099658468
7.0,24.0,4.4922643328316685
8.0,44.0,3.1211282087642807
26.0,97.0,3.0838548576910516
7.0,32.0,0.7958337688837614
23.0,101.0,1.589572432775385
10.0,51.0,0.6029457844843009
1.0,3.0,3.5016591802313677
5.0,7.0,6.477256930727945
0.0,3.0,0.2749534532532914
2.0,8.0,1.7438855395775057
1.0,8.0,2.165444099658468
7.0,24.0,4.4922643328316685
20.0,44.0,3.1211282087642807
38.0,97.0,3.0838548576910516
17.0,32.0,0.7958337688837614
33.0,101.0,1.589572432775385
17.0,51.0,0.6029457844843009
2.0,3.0,3.5016591802313677
1.0,7.0,6.477256930727945
2.0,3.0,0.2749534532532914
2.0,8.0,1.7438855395775057
6.0,8.0,2.165444099658468
15.0,24.0,4.4922643328316685
18.0,44.0,3.1211282087642807
49.0,97.0,3.0838548576910516
12.0,32.0,0.7958337688837614
57.0,101.0,1.589572432775385
28.0,51.0,0.6029457844843009
2.0,3.0,3.5016591802313677
4.0,7.0,6.477256930727945
1.0,3.0,0.2749534532532914
5.0,8.0,1.7438855395775057
5.0,8.0,2.165444099658468
14.0,24.0,4.4922643328316685
22.0,44.0,3.1211282087642807
56.0,97.0,3.0838548576910516
23.0,32.0,0.7958337688837614
67.0,101.0,1.589572432775385
32.0,51.0,0.6029457844843009
2.0,3.0,3.5016591802313677
4.0,7.0,6.477256930727945
1.0,3.0,0.2749534532532914
5.0,8.0,1.7438855395775057
7.0,8.0,2.165444099658468
15.0,24.0,4.4922643328316685
31.0,44.0,3.1211282087642807
66.0,97.0,3.0838548576910516
24.0,32.0,0.7958337688837614
67.0,101.0,1.589572432775385
37.0,51.0,0.6029457844843009
3.0,3.0,3.5016591802313677
6.0,7.0,6.477256930727945
3.0,3.0,0.2749534532532914
7.0,8.0,1.7438855395775057
7.0,8.0,2.165444099658468
20.0,24.0,4.4922643328316685
40.0,44.0,3.1211282087642807
71.0,97.0,3.0838548576910516
26.0,32.0,0.7958337688837614
87.0,101.0,1.589572432775385
39.0,51.0,0.6029457844843009
3.0,3.0,3.5016591802313677
5.0,7.0,6.477256930727945
3.0,3.0,0.2749534532532914
8.0,8.0,1.7438855395775057
7.0,8.0,2.165444099658468
17.0,24.0,4.4922643328316685
42.0,44.0,3.1211282087642807
87.0,97.0,3.0838548576910516
32.0,32.0,0.7958337688837614
93.0,101.0,1.589572432775385
47.0,51.0,0.6029457844843009
1.0,3.0,2.526484454061915
2.0,5.0,2.8117590719607657
0.0,6.0,2.470508449713576
1.0,5.0,0.6542562706613729
3.0,60.0,11.468746095118158
2.0,23.0,1.0413951161147483
1.0,7.0,0.3134954753780998
1.0,26.0,0.9601965539240939
9.0,61.0,2.2672831896487713
6.0,45.0,1.3808998039504012
2.0,10.0,0.271428767369049
2.0,3.0,2.526484454061915
2.0,5.0,2.8117590719607657
2.0,6.0,2.470508449713576
1.0,5.0,0.6542562706613729
12.0,60.0,11.468746095118158
4.0,23.0,1.0413951161147483
0.0,7.0,0.3134954753780998
6.0,26.0,0.9601965539240939
15.0,61.0,2.2672831896487713
8.0,45.0,1.3808998039504012
0.0,10.0,0.271428767369049
1.0,3.0,2.526484454061915
3.0,5.0,2.8117590719607657
1.0,6.0,2.470508449713576
3.0,5.0,0.6542562706613729
15.0,60.0,11.468746095118158
8.0,23.0,1.0413951161147483
2.0,7.0,0.3134954753780998
9.0,26.0,0.9601965539240939
18.0,61.0,2.2672831896487713
14.0,45.0,1.3808998039504012
4.0,10.0,0.271428767369049
2.0,3.0,2.526484454061915
1.0,5.0,2.8117590719607657
2.0,6.0,2.470508449713576
2.0,5.0,0.6542562706613729
33.0,60.0,11.468746095118158
8.0,23.0,1.0413951161147483
3.0,7.0,0.3134954753780998
13.0,26.0,0.9601965539240939
24.0,61.0,2.2672831896487713
17.0,45.0,1.3808998039504012
5.0,10.0,0.271428767369049
2.0,3.0,2.526484454061915
3.0,5.0,2.8117590719607657
5.0,6.0,2.470508449713576
2.0,5.0,0.6542562706613729
29.0,60.0,11.468746095118158
12.0,23.0,1.0413951161147483
2.0,7.0,0.3134954753780998
13.0,26.0,0.9601965539240939
35.0,61.0,2.2672831896487713
26.0,45.0,1.3808998039504012
7.0,10.0,0.271428767369049
1.0,3.0,2.526484454061915
2.0,5.0,2.8117590719607657
6.0,6.0,2.470508449713576
5.0,5.0,0.6542562706613729
33.0,60.0,11.468746095118158
17.0,23.0,1.0413951161147483
4.0,7.0,0.3134954753780998
17.0,26.0,0.9601965539240939
39.0,61.0,2.2672831896487713
25.0,45.0,1.3808998039504012
6.0,10.0,0.271428767369049
3.0,3.0,2.526484454061915
3.0,5.0,2.8117590719607657
2.0,6.0,2.470508449713576
4.0,5.0,0.6542562706613729
43.0,60.0,11.468746095118158
16.0,23.0,1.0413951161147483
5.0,7.0,0.3134954753780998
13.0,26.0,0.9601965539240939
43.0,61.0,2.2672831896487713
35.0,45.0,1.3808998039504012
7.0,10.0,0.271428767369049
3.0,3.0,2.526484454061915
4.0,5.0,2.8117590719607657
4.0,6.0,2.470508449713576
4.0,5.0,0.6542562706613729
48.0,60.0,11.468746095118158
17.0,23.0,1.0413951161147483
5.0,7.0,0.3134954753780998
15.0,26.0,0.9601965539240939
52.0,61.0,2.2672831896487713
38.0,45.0,1.3808998039504012
9.0,10.0,0.271428767369049
3.0,3.0,2.526484454061915
5.0,5.0,2.8117590719607657
6.0,6.0,2.470508449713576
5.0,5.0,0.6542562706613729
54.0,60.0,11.468746095118158
20.0,23.0,1.0413951161147483
7.0,7.0,0.3134954753780998
24.0,26.0,0.9601965539240939
53.0,61.0,2.2672831896487713
39.0,45.0,1.3808998039504012
10.0,10.0,0.271428767369049
1.0,9.0,7.943009596088724
1.0,24.0,7.1172804898751565
4.0,26.0,2.077683375427656
5.0,20.0,0.9394995762247172
3.0,18.0,1.1682832718893459
1.0,19.0,0.7027567728989266
1.0,18.0,1.1401413452412708
2.0,9.0,0.509409532347398
7.0,94.0,4.338081287349975
4.0,33.0,1.1043819379495223
2.0,15.0,0.35346217631302046
3.0,9.0,7.943009596088724
12.0,24.0,7.1172804898751565
6.0,26.0,2.077683375427656
0.0,20.0,0.9394995762247172
4.0,18.0,1.1682832718893459
1.0,19.0,0.7027567728989266
2.0,18.0,1.1401413452412708
1.0,9.0,0.509409532347398
24.0,94.0,4.338081287349975
5.0,33.0,1.1043819379495223
1.0,15.0,0.35346217631302046
2.0,9.0,7.943009596088724
11.0,24.0,7.1172804898751565
11.0,26.0,2.077683375427656
8.0,20.0,0.9394995762247172
6.0,18.0,1.1682832718893459
5.0,19.0,0.7027567728989266
5.0,18.0,1.1401413452412708
2.0,9.0,0.509409532347398
24.0,94.0,4.338081287349975
8.0,33.0,1.1043819379495223
3.0,15.0,0.35346217631302046
2.0,9.0,7.943009596088724
13.0,24.0,7.1172804898751565
8.0,26.0,2.077683375427656
6.0,20.0,0.9394995762247172
7.0,18.0,1.1682832718893459
3.0,19.0,0.7027567728989266
7.0,18.0,1.1401413452412708
5.0,9.0,0.509409532347398
41.0,94.0,4.338081287349975
11.0,33.0,1.1043819379495223
3.0,15.0,0.35346217631302046
4.0,9.0,7.943009596088724
10.0,24.0,7.1172804898751565
13.0,26.0,2.077683375427656
13.0,20.0,0.9394995762247172
13.0,18.0,1.1682832718893459
8.0,19.0,0.7027567728989266
10.0,18.0,1.1401413452412708
4.0,9.0,0.509409532347398
36.0,94.0,4.338081287349975
19.0,33.0,1.1043819379495223
7.0,15.0,0.35346217631302046
7.0,9.0,7.943009596088724
19.0,24.0,7.1172804898751565
15.0,26.0,2.077683375427656
12.0,20.0,0.9394995762247172
15.0,18.0,1.1682832718893459
9.0,19.0,0.7027567728989266
15.0,18.0,1.1401413452412708
7.0,9.0,0.509409532347398
54.0,94.0,4.338081287349975
20.0,33.0,1.1043819379495223
6.0,15.0,0.35346217631302046
4.0,9.0,7.943009596088724
16.0,24.0,7.1172804898751565
18.0,26.0,2.077683375427656
10.0,20.0,0.9394995762247172
14.0,18.0,1.1682832718893459
17.0,19.0,0.7027567728989266
12.0,18.0,1.1401413452412708
6.0,9.0,0.509409532347398
64.0,94.0,4.338081287349975
29.0,33.0,1.1043819379495223
12.0,15.0,0.35346217631302046
8.0,9.0,7.943009596088724
19.0,24.0,7.1172804898751565
22.0,26.0,2.077683375427656
16.0,20.0,0.9394995762247172
17.0,18.0,1.1682832718893459
16.0,19.0,0.7027567728989266
16.0,18.0,1.1401413452412708
9.0,9.0,0.509409532347398
82.0,94.0,4.338081287349975
28.0,33.0,1.1043819379495223
14.0,15.0,0.35346217631302046
6.0,9.0,7.943009596088724
21.0,24.0,7.1172804898751565
23.0,26.0,2.077683375427656
16.0,20.0,0.9394995762247172
16.0,18.0,1.1682832718893459
17.0,19.0,0.7027567728989266
17.0,18.0,1.1401413452412708
9.0,9.0,0.509409532347398
86.0,94.0,4.338081287349975
29.0,33.0,1.1043819379495223
12.0,15.0,0.35346217631302046
2.0,4.0,5.8253836866223585
0.0,1.0,0.2936314097151625
1.0,6.0,4.048652457173273
3.0,5.0,1.1571582366324342
2.0,11.0,2.111583075568259
4.0,46.0,4.648141558637591
2.0,7.0,0.3360236994789001
3.0,16.0,0.8525042605552874
1.0,32.0,1.8894850451517164
8.0,68.0,2.8543240819160327
2.0,12.0,0.43328481846483785
1.0,4.0,5.8253836866223585
1.0,1.0,0.2936314097151625
2.0,6.0,4.048652457173273
0.0,5.0,1.1571582366324342
1.0,11.0,2.111583075568259
7.0,46.0,4.648141558637591
2.0,7.0,0.3360236994789001
3.0,16.0,0.8525042605552874
8.0,32.0,1.8894850451517164
15.0,68.0,2.8543240819160327
1.0,12.0,0.43328481846483785
2.0,4.0,5.8253836866223585
1.0,1.0,0.2936314097151625
2.0,6.0,4.048652457173273
2.0,5.0,1.1571582366324342
5.0,11.0,2.111583075568259
14.0,46.0,4.648141558637591
1.0,7.0,0.3360236994789001
6.0,16.0,0.8525042605552874
7.0,32.0,1.8894850451517164
24.0,68.0,2.8543240819160327
2.0,12.0,0.43328481846483785
1.0,4.0,5.8253836866223585
0.0,1.0,0.2936314097151625
3.0,6.0,4.048652457173273
3.0,5.0,1.1571582366324342
3.0,11.0,2.111583075568259
13.0,46.0,4.648141558637591
3.0,7.0,0.3360236994789001
6.0,16.0,0.8525042605552874
11.0,32.0,1.8894850451517164
31.0,68.0,2.8543240819160327
8.0,12.0,0.43328481846483785
1.0,4.0,5.8253836866223585
0.0,1.0,0.2936314097151625
3.0,6.0,4.048652457173273
3.0,5.0,1.1571582366324342
4.0,11.0,2.111583075568259
22.0,46.0,4.648141558637591
5.0,7.0,0.3360236994789001
6.0,16.0,0.8525042605552874
9.0,32.0,1.8894850451517164
31.0,68.0,2.8543240819160327
6.0,12.0,0.43328481846483785
3.0,4.0,5.8253836866223585
1.0,1.0,0.2936314097151625
2.0,6.0,4.048652457173273
1.0,5.0,1.1571582366324342
9.0,11.0,2.111583075568259
21.0,46.0,4.648141558637591
3.0,7.0,0.3360236994789001
10.0,16.0,0.8525042605552874
18.0,32.0,1.8894850451517164
38.0,68.0,2.8543240819160327
10.0,12.0,0.43328481846483785
4.0,4.0,5.8253836866223585
1.0,1.0,0.2936314097151625
5.0,6.0,4.048652457173273
5.0,5.0,1.1571582366324342
8.0,11.0,2.111583075568259
31.0,46.0,4.648141558637591
5.0,7.0,0.3360236994789001
9.0,16.0,0.8525042605552874
24.0,32.0,1.8894850451517164
53.0,68.0,2.8543240819160327
7.0,12.0,0.43328481846483785
3.0,4.0,5.8253836866223585
1.0,1.0,0.2936314097151625
5.0,6.0,4.048652457173273
3.0,5.0,1.1571582366324342
10.0,11.0,2.111583075568259
38.0,46.0,4.648141558637591
3.0,7.0,0.3360236994789001
13.0,16.0,0.8525042605552874
25.0,32.0,1.8894850451517164
57.0,68.0,2.8543240819160327
10.0,12.0,0.43328481846483785
4.0,4.0,5.8253836866223585
1.0,1.0,0.2936314097151625
4.0,6.0,4.048652457173273
5.0,5.0,1.1571582366324342
11.0,11.0,2.111583075568259
43.0,46.0,4.648141558637591
7.0,7.0,0.3360236994789001
14.0,16.0,0.8525042605552874
31.0,32.0,1.8894850451517164
65.0,68.0,2.8543240819160327
10.0,12.0,0.43328481846483785
3.0,8.0,5.963983222297909
1.0,25.0,6.958394386608429
1.0,14.0,1.7227701657277918
5.0,76.0,3.717803767226917
5.0,50.0,1.3503441483232514
2.0,36.0,0.8760799006358413
2.0,12.0,0.2573817305422068
1.0,16.0,0.44462266096465364
7.0,65.0,2.3127729495719382
0.0,12.0,0.2524318653891933
0.0,26.0,1.1700219219121786
2.0,8.0,5.963983222297909
4.0,25.0,6.958394386608429
1.0,14.0,1.7227701657277918
19.0,76.0,3.717803767226917
12.0,50.0,1.3503441483232514
8.0,36.0,0.8760799006358413
6.0,12.0,0.2573817305422068
2.0,16.0,0.44462266096465364
6.0,65.0,2.3127729495719382
1.0,12.0,0.2524318653891933
4.0,26.0,1.1700219219121786
2.0,8.0,5.963983222297909
6.0,25.0,6.958394386608429
4.0,14.0,1.7227701657277918
18.0,76.0,3.717803767226917
13.0,50.0,1.3503441483232514
8.0,36.0,0.8760799006358413
3.0,12.0,0.2573817305422068
9.0,16.0,0.44462266096465364
21.0,65.0,2.3127729495719382
5.0,12.0,0.2524318653891933
7.0,26.0,1.1700219219121786
3.0,8.0,5.963983222297909
8.0,25.0,6.958394386608429
1.0,14.0,1.7227701657277918
28.0,76.0,3.717803767226917
19.0,50.0,1.3503441483232514
14.0,36.0,0.8760799006358413
5.0,12.0,0.2573817305422068
5.0,16.0,0.44462266096465364
26.0,65.0,2.3127729495719382
4.0,12.0,0.2524318653891933
8.0,26.0,1.1700219219121786
3.0,8.0,5.963983222297909
14.0,25.0,6.958394386608429
6.0,14.0,1.7227701657277918
42.0,76.0,3.717803767226917
26.0,50.0,1.3503441483232514
20.0,36.0,0.8760799006358413
7.0,12.0,0.2573817305422068
7.0,16.0,0.44462266096465364
25.0,65.0,2.3127729495719382
9.0,12.0,0.2524318653891933
13.0,26.0,1.1700219219121786
4.0,8.0,5.963983222297909
15.0,25.0,6.958394386608429
10.0,14.0,1.7227701657277918
48.0,76.0,3.717803767226917
29.0,50.0,1.3503441483232514
18.0,36.0,0.8760799006358413
6.0,12.0,0.2573817305422068
6.0,16.0,0.44462266096465364
40.0,65.0,2.3127729495719382
10.0,12.0,0.2524318653891933
17.0,26.0,1.1700219219121786
7.0,8.0,5.963983222297909
14.0,25.0,6.958394386608429
7.0,14.0,1.7227701657277918
53.0,76.0,3.717803767226917
33.0,50.0,1.3503441483232514
27.0,36.0,0.8760799006358413
10.0,12.0,0.2573817305422068
14.0,16.0,0.44462266096465364
38.0,65.0,2.3127729495719382
10.0,12.0,0.2524318653891933
17.0,26.0,1.1700219219121786
6.0,8.0,5.963983222297909
18.0,25.0,6.958394386608429
11.0,14.0,1.7227701657277918
65.0,76.0,3.717803767226917
40.0,50.0,1.3503441483232514
29.0,36.0,0.8760799006358413
10.0,12.0,0.2573817305422068
14.0,16.0,0.44462266096465364
52.0,65.0,2.3127729495719382
9.0,12.0,0.2524318653891933
25.0,26.0,1.1700219219121786
8.0,8.0,5.963983222297909
22.0,25.0,6.958394386608429
14.0,14.0,1.7227701657277918
70.0,76.0,3.717803767226917
46.0,50.0,1.3503441483232514
33.0,36.0,0.8760799006358413
11.0,12.0,0.2573817305422068
16.0,16.0,0.44462266096465364
55.0,65.0,2.3127729495719382
11.0,12.0,0.2524318653891933
23.0,26.0,1.1700219219121786
1.0,5.0,10.24298609770469
0.0,3.0,1.2562882530893855
1.0,5.0,0.41115710811725525
0.0,3.0,0.34092768237496207
2.0,10.0,1.702929716019284
0.0,4.0,0.6996900586150221
0.0,27.0,2.785271586315659
1.0,11.0,1.5903330550718031
4.0,40.0,2.1397075145333906
1.0,19.0,1.0855459727061085
7.0,40.0,1.5393252733994864
1.0,5.0,10.24298609770469
1.0,3.0,1.2562882530893855
1.0,5.0,0.41115710811725525
1.0,3.0,0.34092768237496207
2.0,10.0,1.702929716019284
1.0,4.0,0.6996900586150221
6.0,27.0,2.785271586315659
3.0,11.0,1.5903330550718031
5.0,40.0,2.1397075145333906
4.0,19.0,1.0855459727061085
11.0,40.0,1.5393252733994864
1.0,5.0,10.24298609770469
1.0,3.0,1.2562882530893855
2.0,5.0,0.41115710811725525
2.0,3.0,0.34092768237496207
2.0,10.0,1.702929716019284
1.0,4.0,0.6996900586150221
10.0,27.0,2.785271586315659
2.0,11.0,1.5903330550718031
10.0,40.0,2.1397075145333906
3.0,19.0,1.0855459727061085
13.0,40.0,1.5393252733994864
2.0,5.0,10.24298609770469
1.0,3.0,1.2562882530893855
2.0,5.0,0.41115710811725525
1.0,3.0,0.34092768237496207
4.0,10.0,1.702929716019284
1.0,4.0,0.6996900586150221
10.0,27.0,2.785271586315659
5.0,11.0,1.5903330550718031
15.0,40.0,2.1397075145333906
9.0,19.0,1.0855459727061085
17.0,40.0,1.5393252733994864
1.0,5.0,10.24298609770469
1.0,3.0,1.2562882530893855
5.0,5.0,0.41115710811725525
1.0,3.0,0.34092768237496207
6.0,10.0,1.702929716019284
3.0,4.0,0.6996900586150221
13.0,27.0,2.785271586315659
4.0,11.0,1.5903330550718031
20.0,40.0,2.1397075145333906
10.0,19.0,1.0855459727061085
19.0,40.0,1.5393252733994864
3.0,5.0,10.24298609770469
3.0,3.0,1.2562882530893855
2.0,5.0,0.41115710811725525
1.0,3.0,0.34092768237496207
6.0,10.0,1.702929716019284
3.0,4.0,0.6996900586150221
14.0,27.0,2.785271586315659
7.0,11.0,1.5903330550718031
21.0,40.0,2.1397075145333906
12.0,19.0,1.0855459727061085
22.0,40.0,1.5393252733994864
3.0,5.0,10.24298609770469
2.0,3.0,1.2562882530893855
4.0,5.0,0.41115710811725525
3.0,3.0,0.34092768237496207
7.0,10.0,1.702929716019284
4.0,4.0,0.6996900586150221
20.0,27.0,2.785271586315659
7.0,11.0,1.5903330550718031
31.0,40.0,2.1397075145333906
12.0,19.0,1.0855459727061085
24.0,40.0,1.5393252733994864
4.0,5.0,10.24298609770469
2.0,3.0,1.2562882530893855
3.0,5.0,0.41115710811725525
3.0,3.0,0.34092768237496207
7.0,10.0,1.702929716019284
2.0,4.0,0.6996900586150221
24.0,27.0,2.785271586315659
8.0,11.0,1.5903330550718031
31.0,40.0,2.1397075145333906
13.0,19.0,1.0855459727061085
35.0,40.0,1.5393252733994864
5.0,5.0,10.24298609770469
3.0,3.0,1.2562882530893855
4.0,5.0,0.41115710811725525
3.0,3.0,0.34092768237496207
10.0,10.0,1.702929716019284
4.0,4.0,0.6996900586150221
24.0,27.0,2.785271586315659
9.0,11.0,1.5903330550718031
38.0,40.0,2.1397075145333906
17.0,19.0,1.0855459727061085
37.0,40.0,1.5393252733994864
1.0,2.0,4.153063926063017
1.0,3.0,2.045811960775238
1.0,5.0,1.2755807390809788
2.0,11.0,3.1373214622267245
2.0,25.0,3.253338501008437
2.0,21.0,1.1269080112689576
8.0,105.0,4.498179926914669
0.0,5.0,0.2555754272375189
1.0,19.0,0.4022463244439341
15.0,99.0,2.527545409317621
1.0,15.0,0.23067426735453936
1.0,2.0,4.153063926063017
1.0,3.0,2.045811960775238
1.0,5.0,1.2755807390809788
3.0,11.0,3.1373214622267245
7.0,25.0,3.253338501008437
5.0,21.0,1.1269080112689576
18.0,105.0,4.498179926914669
0.0,5.0,0.2555754272375189
2.0,19.0,0.4022463244439341
17.0,99.0,2.527545409317621
2.0,15.0,0.23067426735453936
1.0,2.0,4.153063926063017
0.0,3.0,2.045811960775238
1.0,5.0,1.2755807390809788
3.0,11.0,3.1373214622267245
4.0,25.0,3.253338501008437
10.0,21.0,1.1269080112689576
26.0,105.0,4.498179926914669
3.0,5.0,0.2555754272375189
9.0,19.0,0.4022463244439341
24.0,99.0,2.527545409317621
2.0,15.0,0.23067426735453936
1.0,2.0,4.153063926063017
2.0,3.0,2.045811960775238
0.0,5.0,1.2755807390809788
3.0,11.0,3.1373214622267245
10.0,25.0,3.253338501008437
12.0,21.0,1.1269080112689576
41.0,105.0,4.498179926914669
2.0,5.0,0.2555754272375189
6.0,19.0,0.4022463244439341
41.0,99.0,2.527545409317621
5.0,15.0,0.23067426735453936
2.0,2.0,4.153063926063017
2.0,3.0,2.045811960775238
4.0,5.0,1.2755807390809788
6.0,11.0,3.1373214622267245
8.0,25.0,3.253338501008437
10.0,21.0,1.1269080112689576
55.0,105.0,4.498179926914669
4.0,5.0,0.2555754272375189
13.0,19.0,0.4022463244439341
53.0,99.0,2.527545409317621
7.0,15.0,0.23067426735453936
2.0,2.0,4.153063926063017
3.0,3.0,2.045811960775238
3.0,5.0,1.2755807390809788
6.0,11.0,3.1373214622267245
16.0,25.0,3.253338501008437
9.0,21.0,1.1269080112689576
71.0,105.0,4.498179926914669
4.0,5.0,0.2555754272375189
7.0,19.0,0.4022463244439341
65.0,99.0,2.527545409317621
9.0,15.0,0.23067426735453936
1.0,2.0,4.153063926063017
1.0,3.0,2.045811960775238
3.0,5.0,1.2755807390809788
9.0,11.0,3.1373214622267245
18.0,25.0,3.253338501008437
16.0,21.0,1.1269080112689576
74.0,105.0,4.498179926914669
5.0,5.0,0.2555754272375189
16.0,19.0,0.4022463244439341
66.0,99.0,2.527545409317621
9.0,15.0,0.23067426735453936
2.0,2.0,4.153063926063017
3.0,3.0,2.045811960775238
4.0,5.0,1.2755807390809788
9.0,11.0,3.1373214622267245
20.0,25.0,3.253338501008437
18.0,21.0,1.1269080112689576
89.0,105.0,4.498179926914669
4.0,5.0,0.2555754272375189
15.0,19.0,0.4022463244439341
75.0,99.0,2.527545409317621
11.0,15.0,0.23067426735453936
1.0,2.0,4.153063926063017
2.0,3.0,2.045811960775238
4.0,5.0,1.2755807390809788
10.0,11.0,3.1373214622267245
24.0,25.0,3.253338501008437
19.0,21.0,1.1269080112689576
98.0,105.0,4.498179926914669
4.0,5.0,0.2555754272375189
18.0,19.0,0.4022463244439341
87.0,99.0,2.527545409317621
14.0,15.0,0.23067426735453936
1.0,3.0,3.7681206234565803
1.0,6.0,2.533565438971629
2.0,9.0,3.008242935396492
1.0,12.0,2.3183413528127033
7.0,81.0,6.990637738581862
0.0,12.0,0.3421262409274208
7.0,102.0,2.4860259965291385
8.0,49.0,0.8597576157336903
6.0,47.0,0.9431889257172975
0.0,8.0,0.2033320048266515
2.0,36.0,0.7770846099241814
1.0,3.0,3.7681206234565803
1.0,6.0,2.533565438971629
1.0,9.0,3.008242935396492
3.0,12.0,2.3183413528127033
18.0,81.0,6.990637738581862
3.0,12.0,0.3421262409274208
17.0,102.0,2.4860259965291385
7.0,49.0,0.8597576157336903
10.0,47.0,0.9431889257172975
1.0,8.0,0.2033320048266515
5.0,36.0,0.7770846099241814
1.0,3.0,3.7681206234565803
3.0,6.0,2.533565438971629
2.0,9.0,3.008242935396492
7.0,12.0,2.3183413528127033
26.0,81.0,6.990637738581862
4.0,12.0,0.3421262409274208
27.0,102.0,2.4860259965291385
17.0,49.0,0.8597576157336903
15.0,47.0,0.9431889257172975
2.0,8.0,0.2033320048266515
11.0,36.0,0.7770846099241814
1.0,3.0,3.7681206234565803
2.0,6.0,2.533565438971629
5.0,9.0,3.008242935396492
5.0,12.0,2.3183413528127033
27.0,81.0,6.990637738581862
7.0,12.0,0.3421262409274208
35.0,102.0,2.4860259965291385
20.0,49.0,0.8597576157336903
24.0,47.0,0.9431889257172975
3.0,8.0,0.2033320048266515
13.0,36.0,0.7770846099241814
2.0,3.0,3.7681206234565803
2.0,6.0,2.533565438971629
7.0,9.0,3.008242935396492
7.0,12.0,2.3183413528127033
52.0,81.0,6.990637738581862
8.0,12.0,0.3421262409274208
48.0,102.0,2.4860259965291385
22.0,49.0,0.8597576157336903
19.0,47.0,0.9431889257172975
3.0,8.0,0.2033320048266515
21.0,36.0,0.7770846099241814
1.0,3.0,3.7681206234565803
1.0,6.0,2.533565438971629
5.0,9.0,3.008242935396492
10.0,12.0,2.3183413528127033
47.0,81.0,6.990637738581862
9.0,12.0,0.3421262409274208
65.0,102.0,2.4860259965291385
25.0,49.0,0.8597576157336903
29.0,47.0,0.9431889257172975
6.0,8.0,0.2033320048266515
19.0,36.0,0.7770846099241814
2.0,3.0,3.7681206234565803
4.0,6.0,2.533565438971629
7.0,9.0,3.008242935396492
7.0,12.0,2.3183413528127033
55.0,81.0,6.990637738581862
10.0,12.0,0.3421262409274208
72.0,102.0,2.4860259965291385
34.0,49.0,0.8597576157336903
35.0,47.0,0.9431889257172975
7.0,8.0,0.2033320048266515
22.0,36.0,0.7770846099241814
3.0,3.0,3.7681206234565803
4.0,6.0,2.533565438971629
5.0,9.0,3.008242935396492
9.0,12.0,2.3183413528127033
57.0,81.0,6.990637738581862
9.0,12.0,0.3421262409274208
83.0,102.0,2.4860259965291385
38.0,49.0,0.8597576157336903
34.0,47.0,0.9431889257172975
8.0,8.0,0.2033320048266515
28.0,36.0,0.7770846099241814
1.0,3.0,3.7681206234565803
6.0,6.0,2.533565438971629
9.0,9.0,3.008242935396492
10.0,12.0,2.3183413528127033
75.0,81.0,6.990637738581862
11.0,12.0,0.3421262409274208
90.0,102.0,2.4860259965291385
44.0,49.0,0.8597576157336903
40.0,47.0,0.9431889257172975
6.0,8.0,0.2033320048266515
34.0,36.0,0.7770846099241814
1.0,5.0,6.636004526070948
0.0,4.0,1.5778559195377524
0.0,4.0,2.5546891225214954
1.0,19.0,4.198729232604087
7.0,38.0,3.2935355956465564
2.0,22.0,1.1256847274805706
1.0,16.0,1.141375494863282
8.0,92.0,3.6036527650917303
11.0,94.0,2.217535618907587
9.0,80.0,1.1673573537935196
0.0,11.0,0.21863301465525692
2.0,5.0,6.636004526070948
0.0,4.0,1.5778559195377524
1.0,4.0,2.5546891225214954
7.0,19.0,4.198729232604087
5.0,38.0,3.2935355956465564
2.0,22.0,1.1256847274805706
2.0,16.0,1.141375494863282
16.0,92.0,3.6036527650917303
19.0,94.0,2.217535618907587
17.0,80.0,1.1673573537935196
2.0,11.0,0.21863301465525692
2.0,5.0,6.636004526070948
1.0,4.0,1.5778559195377524
2.0,4.0,2.5546891225214954
6.0,19.0,4.198729232604087
10.0,38.0,3.2935355956465564
6.0,22.0,1.1256847274805706
4.0,16.0,1.141375494863282
36.0,92.0,3.6036527650917303
26.0,94.0,2.217535618907587
20.0,80.0,1.1673573537935196
4.0,11.0,0.21863301465525692
1.0,5.0,6.636004526070948
1.0,4.0,1.5778559195377524
3.0,4.0,2.5546891225214954
11.0,19.0,4.198729232604087
19.0,38.0,3.2935355956465564
7.0,22.0,1.1256847274805706
4.0,16.0,1.141375494863282
33.0,92.0,3.6036527650917303
37.0,94.0,2.217535618907587
35.0,80.0,1.1673573537935196
3.0,11.0,0.21863301465525692
4.0,5.0,6.636004526070948
2.0,4.0,1.5778559195377524
1.0,4.0,2.5546891225214954
8.0,19.0,4.198729232604087
22.0,38.0,3.2935355956465564
14.0,22.0,1.1256847274805706
10.0,16.0,1.141375494863282
45.0,92.0,3.6036527650917303
47.0,94.0,2.217535618907587
36.0,80.0,1.1673573537935196
3.0,11.0,0.21863301465525692
3.0,5.0,6.636004526070948
3.0,4.0,1.5778559195377524
2.0,4.0,2.5546891225214954
11.0,19.0,4.198729232604087
27.0,38.0,3.2935355956465564
11.0,22.0,1.1256847274805706
8.0,16.0,1.141375494863282
58.0,92.0,3.6036527650917303
57.0,94.0,2.217535618907587
40.0,80.0,1.1673573537935196
7.0,11.0,0.21863301465525692
4.0,5.0,6.636004526070948
3.0,4.0,1.5778559195377524
3.0,4.0,2.5546891225214954
8.0,19.0,4.198729232604087
28.0,38.0,3.2935355956465564
15.0,22.0,1.1256847274805706
10.0,16.0,1.141375494863282
56.0,92.0,3.6036527650917303
63.0,94.0,2.217535618907587
52.0,80.0,1.1673573537935196
8.0,11.0,0.21863301465525692
5.0,5.0,6.636004526070948
3.0,4.0,1.5778559195377524
4.0,4.0,2.5546891225214954
14.0,19.0,4.198729232604087
31.0,38.0,3.2935355956465564
17.0,22.0,1.1256847274805706
12.0,16.0,1.141375494863282
76.0,92.0,3.6036527650917303
69.0,94.0,2.217535618907587
66.0,80.0,1.1673573537935196
6.0,11.0,0.21863301465525692
5.0,5.0,6.636004526070948
4.0,4.0,1.5778559195377524
4.0,4.0,2.5546891225214954
18.0,19.0,4.198729232604087
37.0,38.0,3.2935355956465564
20.0,22.0,1.1256847274805706
15.0,16.0,1.141375494863282
86.0,92.0,3.6036527650917303
85.0,94.0,2.217535618907587
73.0,80.0,1.1673573537935196
11.0,11.0,0.21863301465525692
1.0,2.0,3.897682758842146
1.0,3.0,3.059945552147089
1.0,4.0,1.136036068081675
1.0,11.0,2.595679053690509
0.0,5.0,1.5594663867888734
3.0,31.0,4.941860911841745
2.0,8.0,0.5477342910794945
1.0,15.0,1.039389823094999
3.0,35.0,2.0622825496206687
3.0,64.0,3.0272011237099483
2.0,37.0,1.007683735185003
1.0,2.0,3.897682758842146
0.0,3.0,3.059945552147089
3.0,4.0,1.136036068081675
2.0,11.0,2.595679053690509
1.0,5.0,1.5594663867888734
3.0,31.0,4.941860911841745
2.0,8.0,0.5477342910794945
4.0,15.0,1.039389823094999
12.0,35.0,2.0622825496206687
18.0,64.0,3.0272011237099483
6.0,37.0,1.007683735185003
1.0,2.0,3.897682758842146
1.0,3.0,3.059945552147089
2.0,4.0,1.136036068081675
4.0,11.0,2.595679053690509
1.0,5.0,1.5594663867888734
9.0,31.0,4.941860911841745
1.0,8.0,0.5477342910794945
5.0,15.0,1.039389823094999
16.0,35.0,2.0622825496206687
16.0,64.0,3.0272011237099483
11.0,37.0,1.007683735185003
1.0,2.0,3.897682758842146
0.0,3.0,3.059945552147089
1.0,4.0,1.136036068081675
4.0,11.0,2.595679053690509
2.0,5.0,1.5594663867888734
9.0,31.0,4.941860911841745
4.0,8.0,0.5477342910794945
4.0,15.0,1.039389823094999
10.0,35.0,2.0622825496206687
25.0,64.0,3.0272011237099483
16.0,37.0,1.007683735185003
2.0,2.0,3.897682758842146
1.0,3.0,3.059945552147089
2.0,4.0,1.136036068081675
4.0,11.0,2.595679053690509
3.0,5.0,1.5594663867888734
18.0,31.0,4.941860911841745
6.0,8.0,0.5477342910794945
9.0,15.0,1.039389823094999
13.0,35.0,2.0622825496206687
31.0,64.0,3.0272011237099483
15.0,37.0,1.007683735185003
1.0,2.0,3.897682758842146
2.0,3.0,3.059945552147089
2.0,4.0,1.136036068081675
5.0,11.0,2.595679053690509
3.0,5.0,1.5594663867888734
15.0,31.0,4.941860911841745
5.0,8.0,0.5477342910794945
11.0,15.0,1.039389823094999
19.0,35.0,2.0622825496206687
43.0,64.0,3.0272011237099483
30.0,37.0,1.007683735185003
1.0,2.0,3.897682758842146
1.0,3.0,3.059945552147089
3.0,4.0,1.136036068081675
8.0,11.0,2.595679053690509
4.0,5.0,1.5594663867888734
23.0,31.0,4.941860911841745
6.0,8.0,0.5477342910794945
12.0,15.0,1.039389823094999
23.0,35.0,2.0622825496206687
43.0,64.0,3.0272011237099483
29.0,37.0,1.007683735185003
2.0,2.0,3.897682758842146
2.0,3.0,3.059945552147089
4.0,4.0,1.136036068081675
7.0,11.0,2.595679053690509
4.0,5.0,1.5594663867888734
30.0,31.0,4.941860911841745
7.0,8.0,0.5477342910794945
14.0,15.0,1.039389823094999
30.0,35.0,2.0622825496206687
48.0,64.0,3.0272011237099483
29.0,37.0,1.007683735185003
2.0,2.0,3.897682758842146
3.0,3.0,3.059945552147089
4.0,4.0,1.136036068081675
9.0,11.0,2.595679053690509
3.0,5.0,1.5594663867888734
28.0,31.0,4.941860911841745
6.0,8.0,0.5477342910794945
10.0,15.0,1.039389823094999
32.0,35.0,2.0622825496206687
56.0,64.0,3.0272011237099483
34.0,37.0,1.007683735185003
1.0,2.0,3.582163610596205
0.0,2.0,2.7610694073116244
1.0,13.0,10.224445133720765
2.0,30.0,4.340709225149596
4.0,17.0,1.518560768241263
2.0,6.0,0.5477465198080805
3.0,14.0,0.9950991083500779
0.0,14.0,1.171920516249454
1.0,14.0,1.4073539461093265
2.0,31.0,2.1458857140471865
4.0,38.0,2.158922040026291
2.0,2.0,3.582163610596205
1.0,2.0,2.7610694073116244
4.0,13.0,10.224445133720765
6.0,30.0,4.340709225149596
3.0,17.0,1.518560768241263
0.0,6.0,0.5477465198080805
1.0,14.0,0.9950991083500779
2.0,14.0,1.171920516249454
4.0,14.0,1.4073539461093265
4.0,31.0,2.1458857140471865
7.0,38.0,2.158922040026291
1.0,2.0,3.582163610596205
0.0,2.0,2.7610694073116244
8.0,13.0,10.224445133720765
15.0,30.0,4.340709225149596
3.0,17.0,1.518560768241263
3.0,6.0,0.5477465198080805
4.0,14.0,0.9950991083500779
6.0,14.0,1.171920516249454
5.0,14.0,1.4073539461093265
8.0,31.0,2.1458857140471865
10.0,38.0,2.158922040026291
1.0,2.0,3.582163610596205
1.0,2.0,2.7610694073116244
6.0,13.0,10.224445133720765
11.0,30.0,4.340709225149596
6.0,17.0,1.518560768241263
3.0,6.0,0.5477465198080805
5.0,14.0,0.9950991083500779
6.0,14.0,1.171920516249454
9.0,14.0,1.4073539461093265
6.0,31.0,2.1458857140471865
14.0,38.0,2.158922040026291
2.0,2.0,3.582163610596205
2.0,2.0,2.7610694073116244
6.0,13.0,10.224445133720765
10.0,30.0,4.340709225149596
10.0,17.0,1.518560768241263
3.0,6.0,0.5477465198080805
4.0,14.0,0.9950991083500779
7.0,14.0,1.171920516249454
4.0,14.0,1.4073539461093265
13.0,31.0,2.1458857140471865
16.0,38.0,2.158922040026291
1.0,2.0,3.582163610596205
2.0,2.0,2.7610694073116244
9.0,13.0,10.224445133720765
18.0,30.0,4.340709225149596
9.0,17.0,1.518560768241263
3.0,6.0,0.5477465198080805
10.0,14.0,0.9950991083500779
10.0,14.0,1.171920516249454
12.0,14.0,1.4073539461093265
18.0,31.0,2.1458857140471865
23.0,38.0,2.158922040026291
1.0,2.0,3.582163610596205
2.0,2.0,2.7610694073116244
5.0,13.0,10.224445133720765
20.0,30.0,4.340709225149596
8.0,17.0,1.518560768241263
4.0,6.0,0.5477465198080805
9.0,14.0,0.9950991083500779
11.0,14.0,1.171920516249454
8.0,14.0,1.4073539461093265
20.0,31.0,2.1458857140471865
30.0,38.0,2.158922040026291
1.0,2.0,3.582163610596205
2.0,2.0,2.7610694073116244
12.0,13.0,10.224445133720765
26.0,30.0,4.340709225149596
15.0,17.0,1.518560768241263
4.0,6.0,0.5477465198080805
13.0,14.0,0.9950991083500779
11.0,14.0,1.171920516249454
13.0,14.0,1.4073539461093265
30.0,31.0,2.1458857140471865
32.0,38.0,2.158922040026291
2.0,2.0,3.582163610596205
2.0,2.0,2.7610694073116244
13.0,13.0,10.224445133720765
28.0,30.0,4.340709225149596
15.0,17.0,1.518560768241263
6.0,6.0,0.5477465198080805
14.0,14.0,0.9950991083500779
13.0,14.0,1.171920516249454
9.0,14.0,1.4073539461093265
29.0,31.0,2.1458857140471865
36.0,38.0,2.158922040026291
1.0,4.0,6.146391996129641
1.0,8.0,2.7121974858224323
2.0,20.0,4.432902611919759
1.0,7.0,0.6625539629673344
0.0,15.0,1.4376591320304593
3.0,34.0,3.3882407463868303
1.0,9.0,0.37324306953034286
0.0,7.0,0.2993807816626858
3.0,29.0,2.204921090174549
5.0,107.0,4.977930147616678
2.0,22.0,0.35564204316886366
1.0,4.0,6.146391996129641
2.0,8.0,2.7121974858224323
2.0,20.0,4.432902611919759
1.0,7.0,0.6625539629673344
6.0,15.0,1.4376591320304593
8.0,34.0,3.3882407463868303
2.0,9.0,0.37324306953034286
2.0,7.0,0.2993807816626858
4.0,29.0,2.204921090174549
19.0,107.0,4.977930147616678
8.0,22.0,0.35564204316886366
2.0,4.0,6.146391996129641
3.0,8.0,2.7121974858224323
9.0,20.0,4.432902611919759
4.0,7.0,0.6625539629673344
6.0,15.0,1.4376591320304593
9.0,34.0,3.3882407463868303
1.0,9.0,0.37324306953034286
1.0,7.0,0.2993807816626858
8.0,29.0,2.204921090174549
29.0,107.0,4.977930147616678
4.0,22.0,0.35564204316886366
2.0,4.0,6.146391996129641
4.0,8.0,2.7121974858224323
11.0,20.0,4.432902611919759
4.0,7.0,0.6625539629673344
6.0,15.0,1.4376591320304593
13.0,34.0,3.3882407463868303
2.0,9.0,0.37324306953034286
4.0,7.0,0.2993807816626858
14.0,29.0,2.204921090174549
50.0,107.0,4.977930147616678
6.0,22.0,0.35564204316886366
4.0,4.0,6.146391996129641
7.0,8.0,2.7121974858224323
9.0,20.0,4.432902611919759
4.0,7.0,0.6625539629673344
8.0,15.0,1.4376591320304593
19.0,34.0,3.3882407463868303
6.0,9.0,0.37324306953034286
3.0,7.0,0.2993807816626858
19.0,29.0,2.204921090174549
55.0,107.0,4.977930147616678
11.0,22.0,0.35564204316886366
3.0,4.0,6.146391996129641
6.0,8.0,2.7121974858224323
11.0,20.0,4.432902611919759
3.0,7.0,0.6625539629673344
9.0,15.0,1.4376591320304593
18.0,34.0,3.3882407463868303
3.0,9.0,0.37324306953034286
4.0,7.0,0.2993807816626858
17.0,29.0,2.204921090174549
58.0,107.0,4.977930147616678
15.0,22.0,0.35564204316886366
4.0,4.0,6.146391996129641
4.0,8.0,2.7121974858224323
14.0,20.0,4.432902611919759
4.0,7.0,0.6625539629673344
9.0,15.0,1.4376591320304593
29.0,34.0,3.3882407463868303
6.0,9.0,0.37324306953034286
3.0,7.0,0.2993807816626858
22.0,29.0,2.204921090174549
78.0,107.0,4.977930147616678
16.0,22.0,0.35564204316886366
4.0,4.0,6.146391996129641
5.0,8.0,2.7121974858224323
16.0,20.0,4.432902611919759
7.0,7.0,0.6625539629673344
9.0,15.0,1.4376591320304593
27.0,34.0,3.3882407463868303
8.0,9.0,0.37324306953034286
4.0,7.0,0.2993807816626858
27.0,29.0,2.204921090174549
82.0,107.0,4.977930147616678
16.0,22.0,0.35564204316886366
4.0,4.0,6.146391996129641
8.0,8.0,2.7121974858224323
19.0,20.0,4.432902611919759
6.0,7.0,0.6625539629673344
13.0,15.0,1.4376591320304593
32.0,34.0,3.3882407463868303
9.0,9.0,0.37324306953034286
7.0,7.0,0.2993807816626858
26.0,29.0,2.204921090174549
86.0,107.0,4.977930147616678
22.0,22.0,0.35564204316886366
3.0,5.0,4.586082909785388
2.0,5.0,4.722799150824992
2.0,8.0,3.2794317543396336
9.0,66.0,6.926609849273095
3.0,16.0,0.6186081492784032
6.0,79.0,2.409883447503944
10.0,109.0,2.342975019877511
2.0,15.0,0.1776529441242877
0.0,21.0,0.46674705508461667
8.0,58.0,1.7105483040042662
4.0,53.0,1.4727447131924667
1.0,5.0,4.586082909785388
1.0,5.0,4.722799150824992
2.0,8.0,3.2794317543396336
13.0,66.0,6.926609849273095
1.0,16.0,0.6186081492784032
14.0,79.0,2.409883447503944
25.0,109.0,2.342975019877511
3.0,15.0,0.1776529441242877
4.0,21.0,0.46674705508461667
11.0,58.0,1.7105483040042662
9.0,53.0,1.4727447131924667
1.0,5.0,4.586082909785388
0.0,5.0,4.722799150824992
2.0,8.0,3.2794317543396336
16.0,66.0,6.926609849273095
7.0,16.0,0.6186081492784032
28.0,79.0,2.409883447503944
26.0,109.0,2.342975019877511
6.0,15.0,0.1776529441242877
7.0,21.0,0.46674705508461667
20.0,58.0,1.7105483040042662
14.0,53.0,1.4727447131924667
1.0,5.0,4.586082909785388
1.0,5.0,4.722799150824992
4.0,8.0,3.2794317543396336
31.0,66.0,6.926609849273095
4.0,16.0,0.6186081492784032
37.0,79.0,2.409883447503944
46.0,109.0,2.342975019877511
8.0,15.0,0.1776529441242877
9.0,21.0,0.46674705508461667
20.0,58.0,1.7105483040042662
20.0,53.0,1.4727447131924667
4.0,5.0,4.586082909785388
4.0,5.0,4.722799150824992
4.0,8.0,3.2794317543396336
32.0,66.0,6.926609849273095
11.0,16.0,0.6186081492784032
40.0,79.0,2.409883447503944
57.0,109.0,2.342975019877511
9.0,15.0,0.1776529441242877
9.0,21.0,0.46674705508461667
32.0,58.0,1.7105483040042662
27.0,53.0,1.4727447131924667
4.0,5.0,4.586082909785388
4.0,5.0,4.722799150824992
4.0,8.0,3.2794317543396336
37.0,66.0,6.926609849273095
10.0,16.0,0.6186081492784032
47.0,79.0,2.409883447503944
69.0,109.0,2.342975019877511
9.0,15.0,0.1776529441242877
12.0,21.0,0.46674705508461667
33.0,58.0,1.7105483040042662
33.0,53.0,1.4727447131924667
4.0,5.0,4.586082909785388
4.0,5.0,4.722799150824992
5.0,8.0,3.2794317543396336
50.0,66.0,6.926609849273095
11.0,16.0,0.6186081492784032
55.0,79.0,2.409883447503944
66.0,109.0,2.342975019877511
11.0,15.0,0.1776529441242877
14.0,21.0,0.46674705508461667
41.0,58.0,1.7105483040042662
35.0,53.0,1.4727447131924667
3.0,5.0,4.586082909785388
4.0,5.0,4.722799150824992
7.0,8.0,3.2794317543396336
49.0,66.0,6.926609849273095
13.0,16.0,0.6186081492784032
58.0,79.0,2.409883447503944
89.0,109.0,2.342975019877511
12.0,15.0,0.1776529441242877
17.0,21.0,0.46674705508461667
41.0,58.0,1.7105483040042662
42.0,53.0,1.4727447131924667
5.0,5.0,4.586082909785388
4.0,5.0,4.722799150824992
6.0,8.0,3.2794317543396336
63.0,66.0,6.926609849273095
14.0,16.0,0.6186081492784032
70.0,79.0,2.409883447503944
98.0,109.0,2.342975019877511
13.0,15.0,0.1776529441242877
18.0,21.0,0.46674705508461667
48.0,58.0,1.7105483040042662
46.0,53.0,1.4727447131924667
1.0,3.0,5.16930168053861
2.0,4.0,1.2033842718164367
0.0,9.0,3.1567153740719873
9.0,69.0,10.031578800020899
3.0,16.0,0.5782122979551936
3.0,37.0,1.06303238178561
4.0,33.0,1.0698504135907025
1.0,11.0,0.46286106310903624
0.0,18.0,0.7658777883069007
3.0,18.0,0.8740914098954151
5.0,48.0,3.110487494705957
1.0,3.0,5.16930168053861
0.0,4.0,1.2033842718164367
1.0,9.0,3.1567153740719873
15.0,69.0,10.031578800020899
5.0,16.0,0.5782122979551936
7.0,37.0,1.06303238178561
6.0,33.0,1.0698504135907025
2.0,11.0,0.46286106310903624
4.0,18.0,0.7658777883069007
3.0,18.0,0.8740914098954151
9.0,48.0,3.110487494705957
1.0,3.0,5.16930168053861
1.0,4.0,1.2033842718164367
6.0,9.0,3.1567153740719873
23.0,69.0,10.031578800020899
7.0,16.0,0.5782122979551936
15.0,37.0,1.06303238178561
11.0,33.0,1.0698504135907025
2.0,11.0,0.46286106310903624
5.0,18.0,0.7658777883069007
8.0,18.0,0.8740914098954151
14.0,48.0,3.110487494705957
2.0,3.0,5.16930168053861
2.0,4.0,1.2033842718164367
5.0,9.0,3.1567153740719873
36.0,69.0,10.031578800020899
10.0,16.0,0.5782122979551936
11.0,37.0,1.06303238178561
17.0,33.0,1.0698504135907025
2.0,11.0,0.46286106310903624
5.0,18.0,0.7658777883069007
6.0,18.0,0.8740914098954151
20.0,48.0,3.110487494705957
1.0,3.0,5.16930168053861
0.0,4.0,1.2033842718164367
2.0,9.0,3.1567153740719873
35.0,69.0,10.031578800020899
7.0,16.0,0.5782122979551936
22.0,37.0,1.06303238178561
20.0,33.0,1.0698504135907025
6.0,11.0,0.46286106310903624
11.0,18.0,0.7658777883069007
9.0,18.0,0.8740914098954151
30.0,48.0,3.110487494705957
3.0,3.0,5.16930168053861
2.0,4.0,1.2033842718164367
8.0,9.0,3.1567153740719873
40.0,69.0,10.031578800020899
12.0,16.0,0.5782122979551936
22.0,37.0,1.06303238178561
25.0,33.0,1.0698504135907025
5.0,11.0,0.46286106310903624
10.0,18.0,0.7658777883069007
13.0,18.0,0.8740914098954151
30.0,48.0,3.110487494705957
1.0,3.0,5.16930168053861
2.0,4.0,1.2033842718164367
6.0,9.0,3.1567153740719873
46.0,69.0,10.031578800020899
12.0,16.0,0.5782122979551936
22.0,37.0,1.06303238178561
24.0,33.0,1.0698504135907025
9.0,11.0,0.46286106310903624
12.0,18.0,0.7658777883069007
12.0,18.0,0.8740914098954151
34.0,48.0,3.110487494705957
3.0,3.0,5.16930168053861
4.0,4.0,1.2033842718164367
9.0,9.0,3.1567153740719873
55.0,69.0,10.031578800020899
13.0,16.0,0.5782122979551936
29.0,37.0,1.06303238178561
25.0,33.0,1.0698504135907025
9.0,11.0,0.46286106310903624
16.0,18.0,0.7658777883069007
16.0,18.0,0.8740914098954151
37.0,48.0,3.110487494705957
3.0,3.0,5.16930168053861
4.0,4.0,1.2033842718164367
8.0,9.0,3.1567153740719873
65.0,69.0,10.031578800020899
12.0,16.0,0.5782122979551936
34.0,37.0,1.06303238178561
28.0,33.0,1.0698504135907025
9.0,11.0,0.46286106310903624
15.0,18.0,0.7658777883069007
18.0,18.0,0.8740914098954151
43.0,48.0,3.110487494705957
1.0,2.0,3.184112690980345
2.0,16.0,9.606738458076602
0.0,8.0,1.4968744895074595
5.0,63.0,7.432564695135651
2.0,7.0,0.3023497486058232
0.0,7.0,0.14032457923588135
7.0,89.0,4.333519735342453
4.0,54.0,1.245641411488672
7.0,66.0,1.1050501516831794
1.0,14.0,0.31274480943494215
6.0,37.0,0.7202851139872772
1.0,2.0,3.184112690980345
4.0,16.0,9.606738458076602
1.0,8.0,1.4968744895074595
10.0,63.0,7.432564695135651
0.0,7.0,0.3023497486058232
2.0,7.0,0.14032457923588135
15.0,89.0,4.333519735342453
13.0,54.0,1.245641411488672
9.0,66.0,1.1050501516831794
2.0,14.0,0.31274480943494215
9.0,37.0,0.7202851139872772
2.0,2.0,3.184112690980345
6.0,16.0,9.606738458076602
2.0,8.0,1.4968744895074595
18.0,63.0,7.432564695135651
1.0,7.0,0.3023497486058232
2.0,7.0,0.14032457923588135
32.0,89.0,4.333519735342453
16.0,54.0,1.245641411488672
18.0,66.0,1.1050501516831794
6.0,14.0,0.31274480943494215
12.0,37.0,0.7202851139872772
1.0,2.0,3.184112690980345
6.0,16.0,9.606738458076602
4.0,8.0,1.4968744895074595
29.0,63.0,7.432564695135651
2.0,7.0,0.3023497486058232
4.0,7.0,0.14032457923588135
44.0,89.0,4.333519735342453
19.0,54.0,1.245641411488672
25.0,66.0,1.1050501516831794
2.0,14.0,0.31274480943494215
14.0,37.0,0.7202851139872772
2.0,2.0,3.184112690980345
9.0,16.0,9.606738458076602
3.0,8.0,1.4968744895074595
35.0,63.0,7.432564695135651
4.0,7.0,0.3023497486058232
4.0,7.0,0.14032457923588135
37.0,89.0,4.333519735342453
23.0,54.0,1.245641411488672
37.0,66.0,1.1050501516831794
7.0,14.0,0.31274480943494215
17.0,37.0,0.7202851139872772
2.0,2.0,3.184112690980345
10.0,16.0,9.606738458076602
5.0,8.0,1.4968744895074595
38.0,63.0,7.432564695135651
4.0,7.0,0.3023497486058232
3.0,7.0,0.14032457923588135
54.0,89.0,4.333519735342453
36.0,54.0,1.245641411488672
45.0,66.0,1.1050501516831794
3.0,14.0,0.31274480943494215
21.0,37.0,0.7202851139872772
1.0,2.0,3.184112690980345
9.0,16.0,9.606738458076602
5.0,8.0,1.4968744895074595
42.0,63.0,7.432564695135651
6.0,7.0,0.3023497486058232
6.0,7.0,0.14032457923588135
62.0,89.0,4.333519735342453
33.0,54.0,1.245641411488672
49.0,66.0,1.1050501516831794
11.0,14.0,0.31274480943494215
23.0,37.0,0.7202851139872772
2.0,2.0,3.184112690980345
15.0,16.0,9.606738458076602
5.0,8.0,1.4968744895074595
51.0,63.0,7.432564695135651
6.0,7.0,0.3023497486058232
5.0,7.0,0.14032457923588135
74.0,89.0,4.333519735342453
44.0,54.0,1.245641411488672
50.0,66.0,1.1050501516831794
11.0,14.0,0.31274480943494215
29.0,37.0,0.7202851139872772
2.0,2.0,3.184112690980345
15.0,16.0,9.606738458076602
8.0,8.0,1.4968744895074595
55.0,63.0,7.432564695135651
5.0,7.0,0.3023497486058232
7.0,7.0,0.14032457923588135
78.0,89.0,4.333519735342453
49.0,54.0,1.245641411488672
56.0,66.0,1.1050501516831794
13.0,14.0,0.31274480943494215
33.0,37.0,0.7202851139872772
1.0,5.0,4.897164442371134
1.0,11.0,5.814588943525363
1.0,26.0,5.190937108798981
2.0,5.0,0.5596364049694358
1.0,7.0,0.6021538741576778
2.0,8.0,0.6260244936069426
0.0,9.0,0.6319760188039353
0.0,10.0,0.8018979607329068
1.0,18.0,1.810924399063509
3.0,23.0,2.336753977748137
1.0,9.0,0.6107647425836278
2.0,5.0,4.897164442371134
2.0,11.0,5.814588943525363
2.0,26.0,5.190937108798981
0.0,5.0,0.5596364049694358
1.0,7.0,0.6021538741576778
2.0,8.0,0.6260244936069426
3.0,9.0,0.6319760188039353
3.0,10.0,0.8018979607329068
1.0,18.0,1.810924399063509
1.0,23.0,2.336753977748137
3.0,9.0,0.6107647425836278
2.0,5.0,4.897164442371134
3.0,11.0,5.814588943525363
8.0,26.0,5.190937108798981
0.0,5.0,0.5596364049694358
3.0,7.0,0.6021538741576778
5.0,8.0,0.6260244936069426
4.0,9.0,0.6319760188039353
4.0,10.0,0.8018979607329068
8.0,18.0,1.810924399063509
9.0,23.0,2.336753977748137
1.0,9.0,0.6107647425836278
2.0,5.0,4.897164442371134
5.0,11.0,5.814588943525363
10.0,26.0,5.190937108798981
2.0,5.0,0.5596364049694358
5.0,7.0,0.6021538741576778
4.0,8.0,0.6260244936069426
2.0,9.0,0.6319760188039353
3.0,10.0,0.8018979607329068
6.0,18.0,1.810924399063509
12.0,23.0,2.336753977748137
4.0,9.0,0.6107647425836278
4.0,5.0,4.897164442371134
5.0,11.0,5.814588943525363
16.0,26.0,5.190937108798981
1.0,5.0,0.5596364049694358
3.0,7.0,0.6021538741576778
4.0,8.0,0.6260244936069426
7.0,9.0,0.6319760188039353
9.0,10.0,0.8018979607329068
9.0,18.0,1.810924399063509
10.0,23.0,2.336753977748137
2.0,9.0,0.6107647425836278
3.0,5.0,4.897164442371134
6.0,11.0,5.814588943525363
15.0,26.0,5.190937108798981
1.0,5.0,0.5596364049694358
5.0,7.0,0.6021538741576778
2.0,8.0,0.6260244936069426
7.0,9.0,0.6319760188039353
6.0,10.0,0.8018979607329068
14.0,18.0,1.810924399063509
12.0,23.0,2.336753977748137
7.0,9.0,0.6107647425836278
4.0,5.0,4.897164442371134
7.0,11.0,5.814588943525363
16.0,26.0,5.190937108798981
3.0,5.0,0.5596364049694358
5.0,7.0,0.6021538741576778
6.0,8.0,0.6260244936069426
6.0,9.0,0.6319760188039353
5.0,10.0,0.8018979607329068
15.0,18.0,1.810924399063509
17.0,23.0,2.336753977748137
6.0,9.0,0.6107647425836278
4.0,5.0,4.897164442371134
9.0,11.0,5.814588943525363
20.0,26.0,5.190937108798981
5.0,5.0,0.5596364049694358
5.0,7.0,0.6021538741576778
6.0,8.0,0.6260244936069426
7.0,9.0,0.6319760188039353
5.0,10.0,0.8018979607329068
14.0,18.0,1.810924399063509
16.0,23.0,2.336753977748137
8.0,9.0,0.6107647425836278
4.0,5.0,4.897164442371134
10.0,11.0,5.814588943525363
23.0,26.0,5.190937108798981
4.0,5.0,0.5596364049694358
7.0,7.0,0.6021538741576778
8.0,8.0,0.6260244936069426
7.0,9.0,0.6319760188039353
9.0,10.0,0.8018979607329068
16.0,18.0,1.810924399063509
21.0,23.0,2.336753977748137
9.0,9.0,0.6107647425836278
3.0,7.0,7.867025922322832
1.0,4.0,2.1026111812672696
0.0,4.0,1.2097411076644335
2.0,12.0,1.8554465870527488
0.0,15.0,1.5285037267412187
4.0,49.0,4.413988248560743
1.0,36.0,1.3125969510244582
12.0,95.0,2.9583571156126487
2.0,28.0,0.5895137549184901
2.0,22.0,0.43980436205276185
1.0,5.0,0.14819779562983676
3.0,7.0,7.867025922322832
1.0,4.0,2.1026111812672696
1.0,4.0,1.2097411076644335
1.0,12.0,1.8554465870527488
3.0,15.0,1.5285037267412187
13.0,49.0,4.413988248560743
9.0,36.0,1.3125969510244582
13.0,95.0,2.9583571156126487
7.0,28.0,0.5895137549184901
7.0,22.0,0.43980436205276185
1.0,5.0,0.14819779562983676
2.0,7.0,7.867025922322832
1.0,4.0,2.1026111812672696
1.0,4.0,1.2097411076644335
4.0,12.0,1.8554465870527488
5.0,15.0,1.5285037267412187
15.0,49.0,4.413988248560743
13.0,36.0,1.3125969510244582
26.0,95.0,2.9583571156126487
7.0,28.0,0.5895137549184901
6.0,22.0,0.43980436205276185
2.0,5.0,0.14819779562983676
2.0,7.0,7.867025922322832
2.0,4.0,2.1026111812672696
3.0,4.0,1.2097411076644335
3.0,12.0,1.8554465870527488
8.0,15.0,1.5285037267412187
19.0,49.0,4.413988248560743
21.0,36.0,1.3125969510244582
26.0,95.0,2.9583571156126487
13.0,28.0,0.5895137549184901
8.0,22.0,0.43980436205276185
3.0,5.0,0.14819779562983676
4.0,7.0,7.867025922322832
2.0,4.0,2.1026111812672696
1.0,4.0,1.2097411076644335
3.0,12.0,1.8554465870527488
8.0,15.0,1.5285037267412187
27.0,49.0,4.413988248560743
18.0,36.0,1.3125969510244582
46.0,95.0,2.9583571156126487
14.0,28.0,0.5895137549184901
11.0,22.0,0.43980436205276185
1.0,5.0,0.14819779562983676
5.0,7.0,7.867025922322832
1.0,4.0,2.1026111812672696
3.0,4.0,1.2097411076644335
5.0,12.0,1.8554465870527488
7.0,15.0,1.5285037267412187
27.0,49.0,4.413988248560743
23.0,36.0,1.3125969510244582
56.0,95.0,2.9583571156126487
17.0,28.0,0.5895137549184901
11.0,22.0,0.43980436205276185
3.0,5.0,0.14819779562983676
5.0,7.0,7.867025922322832
2.0,4.0,2.1026111812672696
2.0,4.0,1.2097411076644335
10.0,12.0,1.8554465870527488
10.0,15.0,1.5285037267412187
35.0,49.0,4.413988248560743
25.0,36.0,1.3125969510244582
76.0,95.0,2.9583571156126487
22.0,28.0,0.5895137549184901
14.0,22.0,0.43980436205276185
2.0,5.0,0.14819779562983676
3.0,7.0,7.867025922322832
4.0,4.0,2.1026111812672696
3.0,4.0,1.2097411076644335
9.0,12.0,1.8554465870527488
12.0,15.0,1.5285037267412187
43.0,49.0,4.413988248560743
26.0,36.0,1.3125969510244582
74.0,95.0,2.9583571156126487
23.0,28.0,0.5895137549184901
18.0,22.0,0.43980436205276185
4.0,5.0,0.14819779562983676
6.0,7.0,7.867025922322832
4.0,4.0,2.1026111812672696
4.0,4.0,1.2097411076644335
10.0,12.0,1.8554465870527488
14.0,15.0,1.5285037267412187
44.0,49.0,4.413988248560743
33.0,36.0,1.3125969510244582
91.0,95.0,2.9583571156126487
27.0,28.0,0.5895137549184901
20.0,22.0,0.43980436205276185
4.0,5.0,0.14819779562983676
1.0,7.0,9.90190035740258
1.0,11.0,3.3852497407123234
0.0,6.0,0.3828400400478707
1.0,20.0,3.0017470265721298
1.0,3.0,0.3300217419877903
2.0,4.0,0.2888873754593757
1.0,3.0,0.2873860732046075
3.0,24.0,3.344412187632743
1.0,21.0,1.5372891627647165
7.0,43.0,3.145576041830335
2.0,28.0,1.0442406943004925
2.0,7.0,9.90190035740258
1.0,11.0,3.3852497407123234
2.0,6.0,0.3828400400478707
8.0,20.0,3.0017470265721298
1.0,3.0,0.3300217419877903
2.0,4.0,0.2888873754593757
1.0,3.0,0.2873860732046075
4.0,24.0,3.344412187632743
3.0,21.0,1.5372891627647165
9.0,43.0,3.145576041830335
7.0,28.0,1.0442406943004925
2.0,7.0,9.90190035740258
1.0,11.0,3.3852497407123234
2.0,6.0,0.3828400400478707
5.0,20.0,3.0017470265721298
2.0,3.0,0.3300217419877903
2.0,4.0,0.2888873754593757
3.0,3.0,0.2873860732046075
5.0,24.0,3.344412187632743
7.0,21.0,1.5372891627647165
12.0,43.0,3.145576041830335
4.0,28.0,1.0442406943004925
3.0,7.0,9.90190035740258
6.0,11.0,3.3852497407123234
1.0,6.0,0.3828400400478707
8.0,20.0,3.0017470265721298
1.0,3.0,0.3300217419877903
0.0,4.0,0.2888873754593757
2.0,3.0,0.2873860732046075
7.0,24.0,3.344412187632743
6.0,21.0,1.5372891627647165
16.0,43.0,3.145576041830335
16.0,28.0,1.0442406943004925
4.0,7.0,9.90190035740258
4.0,11.0,3.3852497407123234
4.0,6.0,0.3828400400478707
10.0,20.0,3.0017470265721298
2.0,3.0,0.3300217419877903
2.0,4.0,0.2888873754593757
2.0,3.0,0.2873860732046075
12.0,24.0,3.344412187632743
11.0,21.0,1.5372891627647165
23.0,43.0,3.145576041830335
13.0,28.0,1.0442406943004925
5.0,7.0,9.90190035740258
5.0,11.0,3.3852497407123234
3.0,6.0,0.3828400400478707
15.0,20.0,3.0017470265721298
0.0,3.0,0.3300217419877903
0.0,4.0,0.2888873754593757
2.0,3.0,0.2873860732046075
12.0,24.0,3.344412187632743
13.0,21.0,1.5372891627647165
31.0,43.0,3.145576041830335
11.0,28.0,1.0442406943004925
7.0,7.0,9.90190035740258
8.0,11.0,3.3852497407123234
2.0,6.0,0.3828400400478707
12.0,20.0,3.0017470265721298
3.0,3.0,0.3300217419877903
3.0,4.0,0.2888873754593757
3.0,3.0,0.2873860732046075
17.0,24.0,3.344412187632743
15.0,21.0,1.5372891627647165
29.0,43.0,3.145576041830335
22.0,28.0,1.0442406943004925
4.0,7.0,9.90190035740258
8.0,11.0,3.3852497407123234
5.0,6.0,0.3828400400478707
15.0,20.0,3.0017470265721298
3.0,3.0,0.3300217419877903
3.0,4.0,0.2888873754593757
3.0,3.0,0.2873860732046075
17.0,24.0,3.344412187632743
16.0,21.0,1.5372891627647165
33.0,43.0,3.145576041830335
26.0,28.0,1.0442406943004925
7.0,7.0,9.90190035740258
10.0,11.0,3.3852497407123234
5.0,6.0,0.3828400400478707
19.0,20.0,3.0017470265721298
3.0,3.0,0.3300217419877903
3.0,4.0,0.2888873754593757
3.0,3.0,0.2873860732046075
21.0,24.0,3.344412187632743
20.0,21.0,1.5372891627647165
36.0,43.0,3.145576041830335
25.0,28.0,1.0442406943004925
1.0,5.0,8.173823631055784
2.0,18.0,7.3336619242595456
1.0,1.0,0.6615715498792694
3.0,15.0,1.171915228353609
2.0,12.0,1.5035671358025806
1.0,9.0,0.871625091858224
2.0,6.0,0.807620268887773
3.0,25.0,2.1601877140368693
1.0,12.0,1.3840996286915754
8.0,86.0,5.073592707634911
5.0,55.0,1.3583474118514156
2.0,5.0,8.173823631055784
6.0,18.0,7.3336619242595456
1.0,1.0,0.6615715498792694
4.0,15.0,1.171915228353609
1.0,12.0,1.5035671358025806
1.0,9.0,0.871625091858224
0.0,6.0,0.807620268887773
5.0,25.0,2.1601877140368693
3.0,12.0,1.3840996286915754
18.0,86.0,5.073592707634911
15.0,55.0,1.3583474118514156
1.0,5.0,8.173823631055784
3.0,18.0,7.3336619242595456
0.0,1.0,0.6615715498792694
3.0,15.0,1.171915228353609
3.0,12.0,1.5035671358025806
3.0,9.0,0.871625091858224
2.0,6.0,0.807620268887773
5.0,25.0,2.1601877140368693
3.0,12.0,1.3840996286915754
26.0,86.0,5.073592707634911
17.0,55.0,1.3583474118514156
2.0,5.0,8.173823631055784
8.0,18.0,7.3336619242595456
0.0,1.0,0.6615715498792694
5.0,15.0,1.171915228353609
3.0,12.0,1.5035671358025806
4.0,9.0,0.871625091858224
0.0,6.0,0.807620268887773
11.0,25.0,2.1601877140368693
5.0,12.0,1.3840996286915754
33.0,86.0,5.073592707634911
23.0,55.0,1.3583474118514156
3.0,5.0,8.173823631055784
11.0,18.0,7.3336619242595456
1.0,1.0,0.6615715498792694
11.0,15.0,1.171915228353609
7.0,12.0,1.5035671358025806
4.0,9.0,0.871625091858224
2.0,6.0,0.807620268887773
11.0,25.0,2.1601877140368693
4.0,12.0,1.3840996286915754
35.0,86.0,5.073592707634911
28.0,55.0,1.3583474118514156
3.0,5.0,8.173823631055784
7.0,18.0,7.3336619242595456
1.0,1.0,0.6615715498792694
13.0,15.0,1.171915228353609
8.0,12.0,1.5035671358025806
4.0,9.0,0.871625091858224
4.0,6.0,0.807620268887773
12.0,25.0,2.1601877140368693
10.0,12.0,1.3840996286915754
50.0,86.0,5.073592707634911
36.0,55.0,1.3583474118514156
3.0,5.0,8.173823631055784
13.0,18.0,7.3336619242595456
1.0,1.0,0.6615715498792694
10.0,15.0,1.171915228353609
7.0,12.0,1.5035671358025806
7.0,9.0,0.871625091858224
5.0,6.0,0.807620268887773
23.0,25.0,2.1601877140368693
9.0,12.0,1.3840996286915754
64.0,86.0,5.073592707634911
39.0,55.0,1.3583474118514156
4.0,5.0,8.173823631055784
14.0,18.0,7.3336619242595456
1.0,1.0,0.6615715498792694
13.0,15.0,1.171915228353609
8.0,12.0,1.5035671358025806
6.0,9.0,0.871625091858224
6.0,6.0,0.807620268887773
23.0,25.0,2.1601877140368693
6.0,12.0,1.3840996286915754
69.0,86.0,5.073592707634911
40.0,55.0,1.3583474118514156
4.0,5.0,8.173823631055784
15.0,18.0,7.3336619242595456
1.0,1.0,0.6615715498792694
13.0,15.0,1.171915228353609
11.0,12.0,1.5035671358025806
8.0,9.0,0.871625091858224
6.0,6.0,0.807620268887773
23.0,25.0,2.1601877140368693
10.0,12.0,1.3840996286915754
81.0,86.0,5.073592707634911
49.0,55.0,1.3583474118514156
1.0,4.0,4.031829504156901
1.0,4.0,2.943480894111538
0.0,4.0,2.0015105422849233
1.0,21.0,4.2258248334957615
1.0,11.0,1.0562307667637885
0.0,11.0,1.7231853866343534
6.0,40.0,2.349168748234249
2.0,12.0,0.40471355314221347
3.0,57.0,2.4956118308445685
1.0,19.0,0.7477083908327578
1.0,24.0,0.7441970426429432
1.0,4.0,4.031829504156901
2.0,4.0,2.943480894111538
0.0,4.0,2.0015105422849233
4.0,21.0,4.2258248334957615
3.0,11.0,1.0562307667637885
0.0,11.0,1.7231853866343534
11.0,40.0,2.349168748234249
6.0,12.0,0.40471355314221347
11.0,57.0,2.4956118308445685
3.0,19.0,0.7477083908327578
1.0,24.0,0.7441970426429432
1.0,4.0,4.031829504156901
1.0,4.0,2.943480894111538
2.0,4.0,2.0015105422849233
9.0,21.0,4.2258248334957615
5.0,11.0,1.0562307667637885
2.0,11.0,1.7231853866343534
15.0,40.0,2.349168748234249
4.0,12.0,0.40471355314221347
17.0,57.0,2.4956118308445685
2.0,19.0,0.7477083908327578
4.0,24.0,0.7441970426429432
1.0,4.0,4.031829504156901
1.0,4.0,2.943480894111538
1.0,4.0,2.0015105422849233
10.0,21.0,4.2258248334957615
6.0,11.0,1.0562307667637885
4.0,11.0,1.7231853866343534
18.0,40.0,2.349168748234249
6.0,12.0,0.40471355314221347
26.0,57.0,2.4956118308445685
8.0,19.0,0.7477083908327578
11.0,24.0,0.7441970426429432
2.0,4.0,4.031829504156901
2.0,4.0,2.943480894111538
2.0,4.0,2.0015105422849233
10.0,21.0,4.2258248334957615
6.0,11.0,1.0562307667637885
6.0,11.0,1.7231853866343534
19.0,40.0,2.349168748234249
9.0,12.0,0.40471355314221347
31.0,57.0,2.4956118308445685
12.0,19.0,0.7477083908327578
12.0,24.0,0.7441970426429432
3.0,4.0,4.031829504156901
3.0,4.0,2.943480894111538
3.0,4.0,2.0015105422849233
13.0,21.0,4.2258248334957615
7.0,11.0,1.0562307667637885
8.0,11.0,1.7231853866343534
28.0,40.0,2.349168748234249
9.0,12.0,0.40471355314221347
42.0,57.0,2.4956118308445685
10.0,19.0,0.7477083908327578
16.0,24.0,0.7441970426429432
3.0,4.0,4.031829504156901
1.0,4.0,2.943480894111538
2.0,4.0,2.0015105422849233
14.0,21.0,4.2258248334957615
8.0,11.0,1.0562307667637885
7.0,11.0,1.7231853866343534
27.0,40.0,2.349168748234249
9.0,12.0,0.40471355314221347
36.0,57.0,2.4956118308445685
16.0,19.0,0.7477083908327578
17.0,24.0,0.7441970426429432
4.0,4.0,4.031829504156901
4.0,4.0,2.943480894111538
3.0,4.0,2.0015105422849233
20.0,21.0,4.2258248334957615
7.0,11.0,1.0562307667637885
9.0,11.0,1.7231853866343534
32.0,40.0,2.349168748234249
9.0,12.0,0.40471355314221347
50.0,57.0,2.4956118308445685
16.0,19.0,0.7477083908327578
18.0,24.0,0.7441970426429432
4.0,4.0,4.031829504156901
3.0,4.0,2.943480894111538
3.0,4.0,2.0015105422849233
16.0,21.0,4.2258248334957615
9.0,11.0,1.0562307667637885
9.0,11.0,1.7231853866343534
34.0,40.0,2.349168748234249
12.0,12.0,0.40471355314221347
52.0,57.0,2.4956118308445685
16.0,19.0,0.7477083908327578
22.0,24.0,0.7441970426429432
1.0,6.0,11.388763581450899
4.0,8.0,2.207086074494944
0.0,8.0,1.0861891672933537
0.0,7.0,2.0201360322366857
9.0,49.0,6.403880535709954
1.0,7.0,0.3195571015755658
1.0,18.0,0.694068986926473
1.0,16.0,1.2293964176537362
9.0,59.0,3.460889504675169
0.0,13.0,0.3898247617735846
3.0,21.0,0.7171197654682567
1.0,6.0,11.388763581450899
2.0,8.0,2.207086074494944
2.0,8.0,1.0861891672933537
1.0,7.0,2.0201360322366857
13.0,49.0,6.403880535709954
2.0,7.0,0.3195571015755658
4.0,18.0,0.694068986926473
4.0,16.0,1.2293964176537362
14.0,59.0,3.460889504675169
3.0,13.0,0.3898247617735846
6.0,21.0,0.7171197654682567
1.0,6.0,11.388763581450899
1.0,8.0,2.207086074494944
2.0,8.0,1.0861891672933537
0.0,7.0,2.0201360322366857
20.0,49.0,6.403880535709954
1.0,7.0,0.3195571015755658
3.0,18.0,0.694068986926473
4.0,16.0,1.2293964176537362
21.0,59.0,3.460889504675169
3.0,13.0,0.3898247617735846
4.0,21.0,0.7171197654682567
3.0,6.0,11.388763581450899
2.0,8.0,2.207086074494944
6.0,8.0,1.0861891672933537
2.0,7.0,2.0201360322366857
16.0,49.0,6.403880535709954
5.0,7.0,0.3195571015755658
6.0,18.0,0.694068986926473
6.0,16.0,1.2293964176537362
24.0,59.0,3.460889504675169
4.0,13.0,0.3898247617735846
6.0,21.0,0.7171197654682567
2.0,6.0,11.388763581450899
4.0,8.0,2.207086074494944
3.0,8.0,1.0861891672933537
5.0,7.0,2.0201360322366857
20.0,49.0,6.403880535709954
3.0,7.0,0.3195571015755658
9.0,18.0,0.694068986926473
6.0,16.0,1.2293964176537362
30.0,59.0,3.460889504675169
4.0,13.0,0.3898247617735846
11.0,21.0,0.7171197654682567
3.0,6.0,11.388763581450899
4.0,8.0,2.207086074494944
4.0,8.0,1.0861891672933537
7.0,7.0,2.0201360322366857
25.0,49.0,6.403880535709954
4.0,7.0,0.3195571015755658
7.0,18.0,0.694068986926473
13.0,16.0,1.2293964176537362
32.0,59.0,3.460889504675169
7.0,13.0,0.3898247617735846
11.0,21.0,0.7171197654682567
5.0,6.0,11.388763581450899
6.0,8.0,2.207086074494944
7.0,8.0,1.0861891672933537
5.0,7.0,2.0201360322366857
36.0,49.0,6.403880535709954
6.0,7.0,0.3195571015755658
15.0,18.0,0.694068986926473
10.0,16.0,1.2293964176537362
41.0,59.0,3.460889504675169
9.0,13.0,0.3898247617735846
11.0,21.0,0.7171197654682567
5.0,6.0,11.388763581450899
5.0,8.0,2.207086074494944
7.0,8.0,1.0861891672933537
6.0,7.0,2.0201360322366857
38.0,49.0,6.403880535709954
7.0,7.0,0.3195571015755658
14.0,18.0,0.694068986926473
13.0,16.0,1.2293964176537362
45.0,59.0,3.460889504675169
11.0,13.0,0.3898247617735846
17.0,21.0,0.7171197654682567
6.0,6.0,11.388763581450899
5.0,8.0,2.207086074494944
8.0,8.0,1.0861891672933537
7.0,7.0,2.0201360322366857
42.0,49.0,6.403880535709954
7.0,7.0,0.3195571015755658
18.0,18.0,0.694068986926473
16.0,16.0,1.2293964176537362
52.0,59.0,3.460889504675169
12.0,13.0,0.3898247617735846
18.0,21.0,0.7171197654682567
1.0,4.0,4.436141637735491
1.0,5.0,2.6154798853167622
1.0,9.0,3.6198758190667615
3.0,9.0,0.5245115988245327
5.0,28.0,2.8098942235106126
2.0,41.0,3.142487065358902
5.0,59.0,2.3032285903566736
14.0,94.0,2.4480476021391153
9.0,79.0,1.469681941050616
0.0,18.0,0.2159243360236405
1.0,17.0,0.2890762938563184
1.0,4.0,4.436141637735491
1.0,5.0,2.6154798853167622
1.0,9.0,3.6198758190667615
1.0,9.0,0.5245115988245327
3.0,28.0,2.8098942235106126
10.0,41.0,3.142487065358902
14.0,59.0,2.3032285903566736
18.0,94.0,2.4480476021391153
20.0,79.0,1.469681941050616
1.0,18.0,0.2159243360236405
3.0,17.0,0.2890762938563184
2.0,4.0,4.436141637735491
0.0,5.0,2.6154798853167622
4.0,9.0,3.6198758190667615
3.0,9.0,0.5245115988245327
4.0,28.0,2.8098942235106126
8.0,41.0,3.142487065358902
16.0,59.0,2.3032285903566736
28.0,94.0,2.4480476021391153
27.0,79.0,1.469681941050616
1.0,18.0,0.2159243360236405
4.0,17.0,0.2890762938563184
3.0,4.0,4.436141637735491
1.0,5.0,2.6154798853167622
5.0,9.0,3.6198758190667615
3.0,9.0,0.5245115988245327
15.0,28.0,2.8098942235106126
14.0,41.0,3.142487065358902
25.0,59.0,2.3032285903566736
42.0,94.0,2.4480476021391153
40.0,79.0,1.469681941050616
8.0,18.0,0.2159243360236405
8.0,17.0,0.2890762938563184
2.0,4.0,4.436141637735491
2.0,5.0,2.6154798853167622
5.0,9.0,3.6198758190667615
4.0,9.0,0.5245115988245327
13.0,28.0,2.8098942235106126
26.0,41.0,3.142487065358902
34.0,59.0,2.3032285903566736
41.0,94.0,2.4480476021391153
39.0,79.0,1.469681941050616
7.0,18.0,0.2159243360236405
10.0,17.0,0.2890762938563184
3.0,4.0,4.436141637735491
2.0,5.0,2.6154798853167622
5.0,9.0,3.6198758190667615
5.0,9.0,0.5245115988245327
18.0,28.0,2.8098942235106126
22.0,41.0,3.142487065358902
35.0,59.0,2.3032285903566736
55.0,94.0,2.4480476021391153
54.0,79.0,1.469681941050616
9.0,18.0,0.2159243360236405
8.0,17.0,0.2890762938563184
2.0,4.0,4.436141637735491
4.0,5.0,2.6154798853167622
6.0,9.0,3.6198758190667615
7.0,9.0,0.5245115988245327
20.0,28.0,2.8098942235106126
29.0,41.0,3.142487065358902
44.0,59.0,2.3032285903566736
64.0,94.0,2.4480476021391153
52.0,79.0,1.469681941050616
7.0,18.0,0.2159243360236405
8.0,17.0,0.2890762938563184
3.0,4.0,4.436141637735491
4.0,5.0,2.6154798853167622
9.0,9.0,3.6198758190667615
9.0,9.0,0.5245115988245327
18.0,28.0,2.8098942235106126
31.0,41.0,3.142487065358902
45.0,59.0,2.3032285903566736
76.0,94.0,2.4480476021391153
64.0,79.0,1.469681941050616
14.0,18.0,0.2159243360236405
14.0,17.0,0.2890762938563184
4.0,4.0,4.436141637735491
5.0,5.0,2.6154798853167622
8.0,9.0,3.6198758190667615
7.0,9.0,0.5245115988245327
22.0,28.0,2.8098942235106126
38.0,41.0,3.142487065358902
54.0,59.0,2.3032285903566736
88.0,94.0,2.4480476021391153
69.0,79.0,1.469681941050616
18.0,18.0,0.2159243360236405
16.0,17.0,0.2890762938563184
1.0,5.0,9.446051525998842
1.0,3.0,1.863401641375603
3.0,12.0,5.499173173697334
1.0,11.0,3.9409320011332283
1.0,7.0,0.6990101703289748
0.0,6.0,0.4474231904267004
1.0,4.0,0.593632845460264
3.0,25.0,4.367342586492343
5.0,54.0,3.839353145923363
6.0,54.0,1.8124591441733862
2.0,20.0,0.45795494349996113
1.0,5.0,9.446051525998842
2.0,3.0,1.863401641375603
5.0,12.0,5.499173173697334
3.0,11.0,3.9409320011332283
2.0,7.0,0.6990101703289748
2.0,6.0,0.4474231904267004
1.0,4.0,0.593632845460264
5.0,25.0,4.367342586492343
9.0,54.0,3.839353145923363
15.0,54.0,1.8124591441733862
4.0,20.0,0.45795494349996113
3.0,5.0,9.446051525998842
0.0,3.0,1.863401641375603
4.0,12.0,5.499173173697334
1.0,11.0,3.9409320011332283
3.0,7.0,0.6990101703289748
1.0,6.0,0.4474231904267004
0.0,4.0,0.593632845460264
8.0,25.0,4.367342586492343
13.0,54.0,3.839353145923363
16.0,54.0,1.8124591441733862
2.0,20.0,0.45795494349996113
3.0,5.0,9.446051525998842
1.0,3.0,1.863401641375603
4.0,12.0,5.499173173697334
3.0,11.0,3.9409320011332283
1.0,7.0,0.6990101703289748
1.0,6.0,0.4474231904267004
2.0,4.0,0.593632845460264
11.0,25.0,4.367342586492343
21.0,54.0,3.839353145923363
16.0,54.0,1.8124591441733862
9.0,20.0,0.45795494349996113
2.0,5.0,9.446051525998842
2.0,3.0,1.863401641375603
4.0,12.0,5.499173173697334
5.0,11.0,3.9409320011332283
3.0,7.0,0.6990101703289748
3.0,6.0,0.4474231904267004
1.0,4.0,0.593632845460264
9.0,25.0,4.367342586492343
32.0,54.0,3.839353145923363
28.0,54.0,1.8124591441733862
5.0,20.0,0.45795494349996113
4.0,5.0,9.446051525998842
2.0,3.0,1.863401641375603
6.0,12.0,5.499173173697334
8.0,11.0,3.9409320011332283
6.0,7.0,0.6990101703289748
4.0,6.0,0.4474231904267004
1.0,4.0,0.593632845460264
17.0,25.0,4.367342586492343
36.0,54.0,3.839353145923363
36.0,54.0,1.8124591441733862
13.0,20.0,0.45795494349996113
3.0,5.0,9.446051525998842
0.0,3.0,1.863401641375603
9.0,12.0,5.499173173697334
10.0,11.0,3.9409320011332283
5.0,7.0,0.6990101703289748
3.0,6.0,0.4474231904267004
3.0,4.0,0.593632845460264
17.0,25.0,4.367342586492343
38.0,54.0,3.839353145923363
32.0,54.0,1.8124591441733862
12.0,20.0,0.45795494349996113
3.0,5.0,9.446051525998842
3.0,3.0,1.863401641375603
10.0,12.0,5.499173173697334
10.0,11.0,3.9409320011332283
4.0,7.0,0.6990101703289748
5.0,6.0,0.4474231904267004
4.0,4.0,0.593632845460264
22.0,25.0,4.367342586492343
44.0,54.0,3.839353145923363
38.0,54.0,1.8124591441733862
15.0,20.0,0.45795494349996113
4.0,5.0,9.446051525998842
3.0,3.0,1.863401641375603
11.0,12.0,5.499173173697334
10.0,11.0,3.9409320011332283
6.0,7.0,0.6990101703289748
6.0,6.0,0.4474231904267004
4.0,4.0,0.593632845460264
25.0,25.0,4.367342586492343
50.0,54.0,3.839353145923363
49.0,54.0,1.8124591441733862
20.0,20.0,0.45795494349996113
2.0,6.0,9.8949584640348
0.0,9.0,3.382695794869044
1.0,4.0,0.9275216876505159
0.0,21.0,3.6315947757217115
1.0,26.0,2.531342237836638
2.0,15.0,1.0100907563410069
1.0,13.0,0.5392864249391036
1.0,3.0,0.3627693690088056
8.0,70.0,4.740183171042836
11.0,61.0,1.7587821998862654
5.0,42.0,1.3442314199298517
1.0,6.0,9.8949584640348
1.0,9.0,3.382695794869044
0.0,4.0,0.9275216876505159
6.0,21.0,3.6315947757217115
3.0,26.0,2.531342237836638
3.0,15.0,1.0100907563410069
2.0,13.0,0.5392864249391036
1.0,3.0,0.3627693690088056
13.0,70.0,4.740183171042836
8.0,61.0,1.7587821998862654
7.0,42.0,1.3442314199298517
2.0,6.0,9.8949584640348
3.0,9.0,3.382695794869044
1.0,4.0,0.9275216876505159
4.0,21.0,3.6315947757217115
11.0,26.0,2.531342237836638
3.0,15.0,1.0100907563410069
1.0,13.0,0.5392864249391036
1.0,3.0,0.3627693690088056
14.0,70.0,4.740183171042836
15.0,61.0,1.7587821998862654
9.0,42.0,1.3442314199298517
4.0,6.0,9.8949584640348
7.0,9.0,3.382695794869044
0.0,4.0,0.9275216876505159
8.0,21.0,3.6315947757217115
10.0,26.0,2.531342237836638
8.0,15.0,1.0100907563410069
5.0,13.0,0.5392864249391036
1.0,3.0,0.3627693690088056
22.0,70.0,4.740183171042836
28.0,61.0,1.7587821998862654
17.0,42.0,1.3442314199298517
2.0,6.0,9.8949584640348
4.0,9.0,3.382695794869044
3.0,4.0,0.9275216876505159
9.0,21.0,3.6315947757217115
11.0,26.0,2.531342237836638
8.0,15.0,1.0100907563410069
9.0,13.0,0.5392864249391036
2.0,3.0,0.3627693690088056
35.0,70.0,4.740183171042836
37.0,61.0,1.7587821998862654
16.0,42.0,1.3442314199298517
5.0,6.0,9.8949584640348
6.0,9.0,3.382695794869044
3.0,4.0,0.9275216876505159
14.0,21.0,3.6315947757217115
15.0,26.0,2.531342237836638
8.0,15.0,1.0100907563410069
7.0,13.0,0.5392864249391036
2.0,3.0,0.3627693690088056
37.0,70.0,4.740183171042836
37.0,61.0,1.7587821998862654
24.0,42.0,1.3442314199298517
4.0,6.0,9.8949584640348
5.0,9.0,3.382695794869044
4.0,4.0,0.9275216876505159
17.0,21.0,3.6315947757217115
17.0,26.0,2.531342237836638
11.0,15.0,1.0100907563410069
11.0,13.0,0.5392864249391036
2.0,3.0,0.3627693690088056
54.0,70.0,4.740183171042836
44.0,61.0,1.7587821998862654
29.0,42.0,1.3442314199298517
5.0,6.0,9.8949584640348
5.0,9.0,3.382695794869044
3.0,4.0,0.9275216876505159
17.0,21.0,3.6315947757217115
22.0,26.0,2.531342237836638
13.0,15.0,1.0100907563410069
10.0,13.0,0.5392864249391036
2.0,3.0,0.3627693690088056
54.0,70.0,4.740183171042836
45.0,61.0,1.7587821998862654
35.0,42.0,1.3442314199298517
5.0,6.0,9.8949584640348
9.0,9.0,3.382695794869044
4.0,4.0,0.9275216876505159
20.0,21.0,3.6315947757217115
22.0,26.0,2.531342237836638
12.0,15.0,1.0100907563410069
13.0,13.0,0.5392864249391036
3.0,3.0,0.3627693690088056
66.0,70.0,4.740183171042836
56.0,61.0,1.7587821998862654
37.0,42.0,1.3442314199298517
2.0,6.0,4.6719875971819445
1.0,12.0,7.599984386046855
0.0,6.0,1.1633813263737771
3.0,25.0,2.60613311545315
2.0,6.0,0.6477196656140269
2.0,25.0,1.527592639543659
1.0,2.0,0.2861684765261516
1.0,31.0,2.558054041694439
3.0,49.0,2.594665600042359
2.0,38.0,1.2987270745113182
5.0,40.0,0.9957669696055804
1.0,6.0,4.6719875971819445
2.0,12.0,7.599984386046855
0.0,6.0,1.1633813263737771
3.0,25.0,2.60613311545315
0.0,6.0,0.6477196656140269
4.0,25.0,1.527592639543659
1.0,2.0,0.2861684765261516
4.0,31.0,2.558054041694439
13.0,49.0,2.594665600042359
9.0,38.0,1.2987270745113182
7.0,40.0,0.9957669696055804
1.0,6.0,4.6719875971819445
7.0,12.0,7.599984386046855
3.0,6.0,1.1633813263737771
10.0,25.0,2.60613311545315
3.0,6.0,0.6477196656140269
7.0,25.0,1.527592639543659
1.0,2.0,0.2861684765261516
9.0,31.0,2.558054041694439
15.0,49.0,2.594665600042359
9.0,38.0,1.2987270745113182
15.0,40.0,0.9957669696055804
4.0,6.0,4.6719875971819445
2.0,12.0,7.599984386046855
1.0,6.0,1.1633813263737771
11.0,25.0,2.60613311545315
3.0,6.0,0.6477196656140269
9.0,25.0,1.527592639543659
1.0,2.0,0.2861684765261516
13.0,31.0,2.558054041694439
20.0,49.0,2.594665600042359
9.0,38.0,1.2987270745113182
14.0,40.0,0.9957669696055804
4.0,6.0,4.6719875971819445
7.0,12.0,7.599984386046855
1.0,6.0,1.1633813263737771
12.0,25.0,2.60613311545315
3.0,6.0,0.6477196656140269
12.0,25.0,1.527592639543659
2.0,2.0,0.2861684765261516
18.0,31.0,2.558054041694439
26.0,49.0,2.594665600042359
17.0,38.0,1.2987270745113182
20.0,40.0,0.9957669696055804
4.0,6.0,4.6719875971819445
10.0,12.0,7.599984386046855
4.0,6.0,1.1633813263737771
14.0,25.0,2.60613311545315
4.0,6.0,0.6477196656140269
14.0,25.0,1.527592639543659
2.0,2.0,0.2861684765261516
20.0,31.0,2.558054041694439
29.0,49.0,2.594665600042359
15.0,38.0,1.2987270745113182
23.0,40.0,0.9957669696055804
4.0,6.0,4.6719875971819445
7.0,12.0,7.599984386046855
3.0,6.0,1.1633813263737771
17.0,25.0,2.60613311545315
6.0,6.0,0.6477196656140269
17.0,25.0,1.527592639543659
0.0,2.0,0.2861684765261516
27.0,31.0,2.558054041694439
34.0,49.0,2.594665600042359
29.0,38.0,1.2987270745113182
31.0,40.0,0.9957669696055804
6.0,6.0,4.6719875971819445
10.0,12.0,7.599984386046855
4.0,6.0,1.1633813263737771
21.0,25.0,2.60613311545315
5.0,6.0,0.6477196656140269
21.0,25.0,1.527592639543659
2.0,2.0,0.2861684765261516
26.0,31.0,2.558054041694439
37.0,49.0,2.594665600042359
29.0,38.0,1.2987270745113182
32.0,40.0,0.9957669696055804
4.0,6.0,4.6719875971819445
12.0,12.0,7.599984386046855
6.0,6.0,1.1633813263737771
23.0,25.0,2.60613311545315
5.0,6.0,0.6477196656140269
22.0,25.0,1.527592639543659
1.0,2.0,0.2861684765261516
29.0,31.0,2.558054041694439
46.0,49.0,2.594665600042359
33.0,38.0,1.2987270745113182
37.0,40.0,0.9957669696055804
1.0,2.0,2.617128262221915
1.0,10.0,6.467804526122179
1.0,14.0,4.027067103752711
0.0,30.0,2.9081408445566566
8.0,36.0,2.199764950896804
0.0,20.0,0.6619723058988479
5.0,41.0,1.6045857850146292
4.0,32.0,1.2014343399148173
15.0,107.0,2.976316893599958
11.0,106.0,1.717747521774406
3.0,45.0,0.7132347216174184
1.0,2.0,2.617128262221915
1.0,10.0,6.467804526122179
3.0,14.0,4.027067103752711
4.0,30.0,2.9081408445566566
8.0,36.0,2.199764950896804
3.0,20.0,0.6619723058988479
9.0,41.0,1.6045857850146292
4.0,32.0,1.2014343399148173
18.0,107.0,2.976316893599958
17.0,106.0,1.717747521774406
8.0,45.0,0.7132347216174184
1.0,2.0,2.617128262221915
2.0,10.0,6.467804526122179
5.0,14.0,4.027067103752711
4.0,30.0,2.9081408445566566
11.0,36.0,2.199764950896804
4.0,20.0,0.6619723058988479
7.0,41.0,1.6045857850146292
10.0,32.0,1.2014343399148173
37.0,107.0,2.976316893599958
28.0,106.0,1.717747521774406
10.0,45.0,0.7132347216174184
1.0,2.0,2.617128262221915
4.0,10.0,6.467804526122179
5.0,14.0,4.027067103752711
16.0,30.0,2.9081408445566566
13.0,36.0,2.199764950896804
9.0,20.0,0.6619723058988479
19.0,41.0,1.6045857850146292
16.0,32.0,1.2014343399148173
43.0,107.0,2.976316893599958
35.0,106.0,1.717747521774406
13.0,45.0,0.7132347216174184
1.0,2.0,2.617128262221915
4.0,10.0,6.467804526122179
9.0,14.0,4.027067103752711
11.0,30.0,2.9081408445566566
23.0,36.0,2.199764950896804
8.0,20.0,0.6619723058988479
28.0,41.0,1.6045857850146292
13.0,32.0,1.2014343399148173
49.0,107.0,2.976316893599958
65.0,106.0,1.717747521774406
24.0,45.0,0.7132347216174184
1.0,2.0,2.617128262221915
3.0,10.0,6.467804526122179
7.0,14.0,4.027067103752711
22.0,30.0,2.9081408445566566
18.0,36.0,2.199764950896804
11.0,20.0,0.6619723058988479
25.0,41.0,1.6045857850146292
18.0,32.0,1.2014343399148173
68.0,107.0,2.976316893599958
60.0,106.0,1.717747521774406
31.0,45.0,0.7132347216174184
2.0,2.0,2.617128262221915
7.0,10.0,6.467804526122179
10.0,14.0,4.027067103752711
22.0,30.0,2.9081408445566566
28.0,36.0,2.199764950896804
15.0,20.0,0.6619723058988479
30.0,41.0,1.6045857850146292
20.0,32.0,1.2014343399148173
68.0,107.0,2.976316893599958
74.0,106.0,1.717747521774406
32.0,45.0,0.7132347216174184
2.0,2.0,2.617128262221915
9.0,10.0,6.467804526122179
9.0,14.0,4.027067103752711
20.0,30.0,2.9081408445566566
31.0,36.0,2.199764950896804
15.0,20.0,0.6619723058988479
33.0,41.0,1.6045857850146292
27.0,32.0,1.2014343399148173
94.0,107.0,2.976316893599958
89.0,106.0,1.717747521774406
35.0,45.0,0.7132347216174184
2.0,2.0,2.617128262221915
8.0,10.0,6.467804526122179
14.0,14.0,4.027067103752711
26.0,30.0,2.9081408445566566
30.0,36.0,2.199764950896804
18.0,20.0,0.6619723058988479
38.0,41.0,1.6045857850146292
30.0,32.0,1.2014343399148173
93.0,107.0,2.976316893599958
98.0,106.0,1.717747521774406
42.0,45.0,0.7132347216174184
1.0,6.0,16.79734963643935
1.0,3.0,1.484371699616498
0.0,2.0,2.6031920781121953
2.0,12.0,3.9294950159505335
4.0,17.0,3.684330282033717
1.0,9.0,0.7283107105277932
4.0,13.0,1.0280819541730577
4.0,23.0,1.765241945955852
3.0,22.0,1.1922962474825096
1.0,25.0,1.3255373876545484
2.0,15.0,0.5934936706145124
1.0,6.0,16.79734963643935
2.0,3.0,1.484371699616498
1.0,2.0,2.6031920781121953
3.0,12.0,3.9294950159505335
6.0,17.0,3.684330282033717
4.0,9.0,0.7283107105277932
3.0,13.0,1.0280819541730577
6.0,23.0,1.765241945955852
5.0,22.0,1.1922962474825096
8.0,25.0,1.3255373876545484
0.0,15.0,0.5934936706145124
3.0,6.0,16.79734963643935
2.0,3.0,1.484371699616498
1.0,2.0,2.6031920781121953
5.0,12.0,3.9294950159505335
4.0,17.0,3.684330282033717
3.0,9.0,0.7283107105277932
1.0,13.0,1.0280819541730577
6.0,23.0,1.765241945955852
6.0,22.0,1.1922962474825096
6.0,25.0,1.3255373876545484
7.0,15.0,0.5934936706145124
3.0,6.0,16.79734963643935
2.0,3.0,1.484371699616498
1.0,2.0,2.6031920781121953
7.0,12.0,3.9294950159505335
7.0,17.0,3.684330282033717
3.0,9.0,0.7283107105277932
5.0,13.0,1.0280819541730577
10.0,23.0,1.765241945955852
8.0,22.0,1.1922962474825096
5.0,25.0,1.3255373876545484
8.0,15.0,0.5934936706145124
4.0,6.0,16.79734963643935
3.0,3.0,1.484371699616498
0.0,2.0,2.6031920781121953
6.0,12.0,3.9294950159505335
8.0,17.0,3.684330282033717
2.0,9.0,0.7283107105277932
5.0,13.0,1.0280819541730577
14.0,23.0,1.765241945955852
10.0,22.0,1.1922962474825096
8.0,25.0,1.3255373876545484
10.0,15.0,0.5934936706145124
2.0,6.0,16.79734963643935
2.0,3.0,1.484371699616498
1.0,2.0,2.6031920781121953
10.0,12.0,3.9294950159505335
11.0,17.0,3.684330282033717
4.0,9.0,0.7283107105277932
9.0,13.0,1.0280819541730577
14.0,23.0,1.765241945955852
11.0,22.0,1.1922962474825096
17.0,25.0,1.3255373876545484
11.0,15.0,0.5934936706145124
6.0,6.0,16.79734963643935
2.0,3.0,1.484371699616498
2.0,2.0,2.6031920781121953
9.0,12.0,3.9294950159505335
10.0,17.0,3.684330282033717
9.0,9.0,0.7283107105277932
11.0,13.0,1.0280819541730577
15.0,23.0,1.765241945955852
14.0,22.0,1.1922962474825096
13.0,25.0,1.3255373876545484
9.0,15.0,0.5934936706145124
4.0,6.0,16.79734963643935
2.0,3.0,1.484371699616498
2.0,2.0,2.6031920781121953
9.0,12.0,3.9294950159505335
15.0,17.0,3.684330282033717
8.0,9.0,0.7283107105277932
12.0,13.0,1.0280819541730577
20.0,23.0,1.765241945955852
19.0,22.0,1.1922962474825096
21.0,25.0,1.3255373876545484
10.0,15.0,0.5934936706145124
6.0,6.0,16.79734963643935
3.0,3.0,1.484371699616498
2.0,2.0,2.6031920781121953
12.0,12.0,3.9294950159505335
16.0,17.0,3.684330282033717
8.0,9.0,0.7283107105277932
12.0,13.0,1.0280819541730577
20.0,23.0,1.765241945955852
17.0,22.0,1.1922962474825096
22.0,25.0,1.3255373876545484
11.0,15.0,0.5934936706145124
1.0,5.0,5.221165349585077
1.0,5.0,1.1875018194401938
0.0,6.0,1.8082666317339722
1.0,39.0,6.158295686204831
0.0,9.0,0.5965200135506916
2.0,3.0,0.17087400126841723
2.0,37.0,2.0691588233443152
1.0,19.0,1.02622228527185
11.0,64.0,2.6145460692946387
5.0,27.0,0.9152796542908092
2.0,7.0,0.23622064840366427
1.0,5.0,5.221165349585077
1.0,5.0,1.1875018194401938
1.0,6.0,1.8082666317339722
7.0,39.0,6.158295686204831
2.0,9.0,0.5965200135506916
1.0,3.0,0.17087400126841723
9.0,37.0,2.0691588233443152
2.0,19.0,1.02622228527185
14.0,64.0,2.6145460692946387
6.0,27.0,0.9152796542908092
2.0,7.0,0.23622064840366427
2.0,5.0,5.221165349585077
3.0,5.0,1.1875018194401938
0.0,6.0,1.8082666317339722
14.0,39.0,6.158295686204831
4.0,9.0,0.5965200135506916
2.0,3.0,0.17087400126841723
14.0,37.0,2.0691588233443152
2.0,19.0,1.02622228527185
23.0,64.0,2.6145460692946387
11.0,27.0,0.9152796542908092
1.0,7.0,0.23622064840366427
2.0,5.0,5.221165349585077
1.0,5.0,1.1875018194401938
1.0,6.0,1.8082666317339722
16.0,39.0,6.158295686204831
3.0,9.0,0.5965200135506916
2.0,3.0,0.17087400126841723
11.0,37.0,2.0691588233443152
11.0,19.0,1.02622228527185
28.0,64.0,2.6145460692946387
11.0,27.0,0.9152796542908092
4.0,7.0,0.23622064840366427
3.0,5.0,5.221165349585077
2.0,5.0,1.1875018194401938
2.0,6.0,1.8082666317339722
20.0,39.0,6.158295686204831
5.0,9.0,0.5965200135506916
3.0,3.0,0.17087400126841723
17.0,37.0,2.0691588233443152
6.0,19.0,1.02622228527185
25.0,64.0,2.6145460692946387
12.0,27.0,0.9152796542908092
5.0,7.0,0.23622064840366427
2.0,5.0,5.221165349585077
4.0,5.0,1.1875018194401938
3.0,6.0,1.8082666317339722
26.0,39.0,6.158295686204831
9.0,9.0,0.5965200135506916
2.0,3.0,0.17087400126841723
17.0,37.0,2.0691588233443152
15.0,19.0,1.02622228527185
42.0,64.0,2.6145460692946387
14.0,27.0,0.9152796542908092
5.0,7.0,0.23622064840366427
4.0,5.0,5.221165349585077
3.0,5.0,1.1875018194401938
3.0,6.0,1.8082666317339722
26.0,39.0,6.158295686204831
5.0,9.0,0.5965200135506916
3.0,3.0,0.17087400126841723
26.0,37.0,2.0691588233443152
12.0,19.0,1.02622228527185
41.0,64.0,2.6145460692946387
17.0,27.0,0.9152796542908092
6.0,7.0,0.23622064840366427
5.0,5.0,5.221165349585077
4.0,5.0,1.1875018194401938
5.0,6.0,1.8082666317339722
28.0,39.0,6.158295686204831
7.0,9.0,0.5965200135506916
3.0,3.0,0.17087400126841723
28.0,37.0,2.0691588233443152
16.0,19.0,1.02622228527185
46.0,64.0,2.6145460692946387
16.0,27.0,0.9152796542908092
6.0,7.0,0.23622064840366427
4.0,5.0,5.221165349585077
4.0,5.0,1.1875018194401938
6.0,6.0,1.8082666317339722
35.0,39.0,6.158295686204831
8.0,9.0,0.5965200135506916
2.0,3.0,0.17087400126841723
35.0,37.0,2.0691588233443152
16.0,19.0,1.02622228527185
54.0,64.0,2.6145460692946387
23.0,27.0,0.9152796542908092
6.0,7.0,0.23622064840366427
1.0,3.0,3.677096703299042
1.0,6.0,3.888147917994174
3.0,31.0,5.613147940879007
1.0,7.0,0.6447073211405443
1.0,8.0,0.5575962952770646
1.0,19.0,1.5973758593561556
0.0,7.0,0.7981715405120005
1.0,3.0,0.4017366184346826
1.0,13.0,0.8864188057648246
2.0,22.0,3.102877827906179
1.0,7.0,0.5266591296089512
1.0,3.0,3.677096703299042
2.0,6.0,3.888147917994174
0.0,31.0,5.613147940879007
0.0,7.0,0.6447073211405443
2.0,8.0,0.5575962952770646
5.0,19.0,1.5973758593561556
1.0,7.0,0.7981715405120005
1.0,3.0,0.4017366184346826
2.0,13.0,0.8864188057648246
3.0,22.0,3.102877827906179
2.0,7.0,0.5266591296089512
1.0,3.0,3.677096703299042
3.0,6.0,3.888147917994174
10.0,31.0,5.613147940879007
2.0,7.0,0.6447073211405443
3.0,8.0,0.5575962952770646
7.0,19.0,1.5973758593561556
1.0,7.0,0.7981715405120005
0.0,3.0,0.4017366184346826
7.0,13.0,0.8864188057648246
4.0,22.0,3.102877827906179
3.0,7.0,0.5266591296089512
1.0,3.0,3.677096703299042
4.0,6.0,3.888147917994174
12.0,31.0,5.613147940879007
3.0,7.0,0.6447073211405443
3.0,8.0,0.5575962952770646
8.0,19.0,1.5973758593561556
4.0,7.0,0.7981715405120005
2.0,3.0,0.4017366184346826
5.0,13.0,0.8864188057648246
9.0,22.0,3.102877827906179
4.0,7.0,0.5266591296089512
2.0,3.0,3.677096703299042
5.0,6.0,3.888147917994174
15.0,31.0,5.613147940879007
5.0,7.0,0.6447073211405443
3.0,8.0,0.5575962952770646
6.0,19.0,1.5973758593561556
4.0,7.0,0.7981715405120005
3.0,3.0,0.4017366184346826
7.0,13.0,0.8864188057648246
14.0,22.0,3.102877827906179
3.0,7.0,0.5266591296089512
3.0,3.0,3.677096703299042
4.0,6.0,3.888147917994174
22.0,31.0,5.613147940879007
4.0,7.0,0.6447073211405443
6.0,8.0,0.5575962952770646
12.0,19.0,1.5973758593561556
5.0,7.0,0.7981715405120005
3.0,3.0,0.4017366184346826
7.0,13.0,0.8864188057648246
14.0,22.0,3.102877827906179
3.0,7.0,0.5266591296089512
2.0,3.0,3.677096703299042
3.0,6.0,3.888147917994174
24.0,31.0,5.613147940879007
4.0,7.0,0.6447073211405443
2.0,8.0,0.5575962952770646
13.0,19.0,1.5973758593561556
5.0,7.0,0.7981715405120005
3.0,3.0,0.4017366184346826
6.0,13.0,0.8864188057648246
17.0,22.0,3.102877827906179
5.0,7.0,0.5266591296089512
3.0,3.0,3.677096703299042
5.0,6.0,3.888147917994174
27.0,31.0,5.613147940879007
7.0,7.0,0.6447073211405443
6.0,8.0,0.5575962952770646
11.0,19.0,1.5973758593561556
4.0,7.0,0.7981715405120005
3.0,3.0,0.4017366184346826
7.0,13.0,0.8864188057648246
19.0,22.0,3.102877827906179
6.0,7.0,0.5266591296089512
2.0,3.0,3.677096703299042
4.0,6.0,3.888147917994174
27.0,31.0,5.613147940879007
6.0,7.0,0.6447073211405443
7.0,8.0,0.5575962952770646
19.0,19.0,1.5973758593561556
6.0,7.0,0.7981715405120005
3.0,3.0,0.4017366184346826
11.0,13.0,0.8864188057648246
18.0,22.0,3.102877827906179
7.0,7.0,0.5266591296089512
2.0,4.0,2.4756715774178444
2.0,11.0,6.649573141491119
0.0,7.0,0.9493805780823539
2.0,8.0,0.8189308844802857
1.0,19.0,2.002026633035284
1.0,13.0,1.2792027581386838
5.0,31.0,2.2788927884271715
1.0,13.0,0.9811281420552626
1.0,9.0,0.4429936785851592
1.0,15.0,0.7962712991871427
1.0,25.0,1.415071880201213
1.0,4.0,2.4756715774178444
2.0,11.0,6.649573141491119
1.0,7.0,0.9493805780823539
2.0,8.0,0.8189308844802857
6.0,19.0,2.002026633035284
4.0,13.0,1.2792027581386838
6.0,31.0,2.2788927884271715
4.0,13.0,0.9811281420552626
1.0,9.0,0.4429936785851592
3.0,15.0,0.7962712991871427
1.0,25.0,1.415071880201213
1.0,4.0,2.4756715774178444
4.0,11.0,6.649573141491119
3.0,7.0,0.9493805780823539
3.0,8.0,0.8189308844802857
4.0,19.0,2.002026633035284
6.0,13.0,1.2792027581386838
5.0,31.0,2.2788927884271715
5.0,13.0,0.9811281420552626
2.0,9.0,0.4429936785851592
4.0,15.0,0.7962712991871427
11.0,25.0,1.415071880201213
2.0,4.0,2.4756715774178444
3.0,11.0,6.649573141491119
3.0,7.0,0.9493805780823539
2.0,8.0,0.8189308844802857
7.0,19.0,2.002026633035284
3.0,13.0,1.2792027581386838
11.0,31.0,2.2788927884271715
6.0,13.0,0.9811281420552626
4.0,9.0,0.4429936785851592
3.0,15.0,0.7962712991871427
10.0,25.0,1.415071880201213
3.0,4.0,2.4756715774178444
7.0,11.0,6.649573141491119
4.0,7.0,0.9493805780823539
4.0,8.0,0.8189308844802857
8.0,19.0,2.002026633035284
5.0,13.0,1.2792027581386838
15.0,31.0,2.2788927884271715
6.0,13.0,0.9811281420552626
5.0,9.0,0.4429936785851592
8.0,15.0,0.7962712991871427
14.0,25.0,1.415071880201213
3.0,4.0,2.4756715774178444
6.0,11.0,6.649573141491119
7.0,7.0,0.9493805780823539
5.0,8.0,0.8189308844802857
14.0,19.0,2.002026633035284
9.0,13.0,1.2792027581386838
19.0,31.0,2.2788927884271715
8.0,13.0,0.9811281420552626
8.0,9.0,0.4429936785851592
9.0,15.0,0.7962712991871427
20.0,25.0,1.415071880201213
3.0,4.0,2.4756715774178444
11.0,11.0,6.649573141491119
7.0,7.0,0.9493805780823539
6.0,8.0,0.8189308844802857
14.0,19.0,2.002026633035284
8.0,13.0,1.2792027581386838
20.0,31.0,2.2788927884271715
9.0,13.0,0.9811281420552626
6.0,9.0,0.4429936785851592
11.0,15.0,0.7962712991871427
17.0,25.0,1.415071880201213
3.0,4.0,2.4756715774178444
10.0,11.0,6.649573141491119
5.0,7.0,0.9493805780823539
8.0,8.0,0.8189308844802857
16.0,19.0,2.002026633035284
11.0,13.0,1.2792027581386838
21.0,31.0,2.2788927884271715
11.0,13.0,0.9811281420552626
7.0,9.0,0.4429936785851592
13.0,15.0,0.7962712991871427
20.0,25.0,1.415071880201213
4.0,4.0,2.4756715774178444
9.0,11.0,6.649573141491119
5.0,7.0,0.9493805780823539
7.0,8.0,0.8189308844802857
14.0,19.0,2.002026633035284
12.0,13.0,1.2792027581386838
28.0,31.0,2.2788927884271715
12.0,13.0,0.9811281420552626
9.0,9.0,0.4429936785851592
14.0,15.0,0.7962712991871427
22.0,25.0,1.415071880201213
1.0,4.0,4.970224176234307
2.0,9.0,4.382180121382774
4.0,46.0,10.625428532060724
4.0,36.0,1.9928986875342651
2.0,21.0,0.6983210431506607
0.0,11.0,0.34732449813163624
6.0,53.0,2.473497676808488
0.0,10.0,0.22857797800953245
0.0,32.0,1.2474339507465806
6.0,71.0,2.3976443830103213
0.0,9.0,0.17877220082388232
1.0,4.0,4.970224176234307
2.0,9.0,4.382180121382774
10.0,46.0,10.625428532060724
8.0,36.0,1.9928986875342651
3.0,21.0,0.6983210431506607
3.0,11.0,0.34732449813163624
13.0,53.0,2.473497676808488
2.0,10.0,0.22857797800953245
4.0,32.0,1.2474339507465806
19.0,71.0,2.3976443830103213
4.0,9.0,0.17877220082388232
2.0,4.0,4.970224176234307
2.0,9.0,4.382180121382774
12.0,46.0,10.625428532060724
11.0,36.0,1.9928986875342651
8.0,21.0,0.6983210431506607
2.0,11.0,0.34732449813163624
13.0,53.0,2.473497676808488
4.0,10.0,0.22857797800953245
10.0,32.0,1.2474339507465806
27.0,71.0,2.3976443830103213
3.0,9.0,0.17877220082388232
1.0,4.0,4.970224176234307
3.0,9.0,4.382180121382774
24.0,46.0,10.625428532060724
15.0,36.0,1.9928986875342651
8.0,21.0,0.6983210431506607
5.0,11.0,0.34732449813163624
20.0,53.0,2.473497676808488
4.0,10.0,0.22857797800953245
14.0,32.0,1.2474339507465806
21.0,71.0,2.3976443830103213
5.0,9.0,0.17877220082388232
2.0,4.0,4.970224176234307
7.0,9.0,4.382180121382774
20.0,46.0,10.625428532060724
15.0,36.0,1.9928986875342651
8.0,21.0,0.6983210431506607
3.0,11.0,0.34732449813163624
30.0,53.0,2.473497676808488
6.0,10.0,0.22857797800953245
14.0,32.0,1.2474339507465806
44.0,71.0,2.3976443830103213
3.0,9.0,0.17877220082388232
3.0,4.0,4.970224176234307
4.0,9.0,4.382180121382774
27.0,46.0,10.625428532060724
18.0,36.0,1.9928986875342651
14.0,21.0,0.6983210431506607
6.0,11.0,0.34732449813163624
31.0,53.0,2.473497676808488
6.0,10.0,0.22857797800953245
19.0,32.0,1.2474339507465806
34.0,71.0,2.3976443830103213
7.0,9.0,0.17877220082388232
4.0,4.0,4.970224176234307
5.0,9.0,4.382180121382774
36.0,46.0,10.625428532060724
23.0,36.0,1.9928986875342651
15.0,21.0,0.6983210431506607
9.0,11.0,0.34732449813163624
37.0,53.0,2.473497676808488
5.0,10.0,0.22857797800953245
24.0,32.0,1.2474339507465806
54.0,71.0,2.3976443830103213
8.0,9.0,0.17877220082388232
4.0,4.0,4.970224176234307
6.0,9.0,4.382180121382774
38.0,46.0,10.625428532060724
29.0,36.0,1.9928986875342651
19.0,21.0,0.6983210431506607
6.0,11.0,0.34732449813163624
39.0,53.0,2.473497676808488
10.0,10.0,0.22857797800953245
22.0,32.0,1.2474339507465806
57.0,71.0,2.3976443830103213
8.0,9.0,0.17877220082388232
4.0,4.0,4.970224176234307
7.0,9.0,4.382180121382774
44.0,46.0,10.625428532060724
34.0,36.0,1.9928986875342651
16.0,21.0,0.6983210431506607
11.0,11.0,0.34732449813163624
48.0,53.0,2.473497676808488
8.0,10.0,0.22857797800953245
29.0,32.0,1.2474339507465806
67.0,71.0,2.3976443830103213
8.0,9.0,0.17877220082388232
1.0,5.0,8.345505600899736
2.0,15.0,5.738210607425085
2.0,19.0,2.6820431964775913
0.0,2.0,0.40762483708240904
2.0,23.0,1.5016027397886218
0.0,27.0,1.675441806835149
3.0,18.0,0.9432449102836383
2.0,17.0,1.1869001774112582
0.0,7.0,0.5613266214022563
1.0,20.0,1.351811918586473
6.0,51.0,3.1874057161689437
1.0,5.0,8.345505600899736
2.0,15.0,5.738210607425085
2.0,19.0,2.6820431964775913
0.0,2.0,0.40762483708240904
4.0,23.0,1.5016027397886218
6.0,27.0,1.675441806835149
2.0,18.0,0.9432449102836383
5.0,17.0,1.1869001774112582
1.0,7.0,0.5613266214022563
4.0,20.0,1.351811918586473
9.0,51.0,3.1874057161689437
1.0,5.0,8.345505600899736
6.0,15.0,5.738210607425085
5.0,19.0,2.6820431964775913
1.0,2.0,0.40762483708240904
10.0,23.0,1.5016027397886218
9.0,27.0,1.675441806835149
5.0,18.0,0.9432449102836383
4.0,17.0,1.1869001774112582
4.0,7.0,0.5613266214022563
2.0,20.0,1.351811918586473
20.0,51.0,3.1874057161689437
1.0,5.0,8.345505600899736
6.0,15.0,5.738210607425085
7.0,19.0,2.6820431964775913
1.0,2.0,0.40762483708240904
13.0,23.0,1.5016027397886218
17.0,27.0,1.675441806835149
6.0,18.0,0.9432449102836383
8.0,17.0,1.1869001774112582
2.0,7.0,0.5613266214022563
6.0,20.0,1.351811918586473
28.0,51.0,3.1874057161689437
2.0,5.0,8.345505600899736
7.0,15.0,5.738210607425085
10.0,19.0,2.6820431964775913
2.0,2.0,0.40762483708240904
14.0,23.0,1.5016027397886218
10.0,27.0,1.675441806835149
10.0,18.0,0.9432449102836383
9.0,17.0,1.1869001774112582
2.0,7.0,0.5613266214022563
11.0,20.0,1.351811918586473
29.0,51.0,3.1874057161689437
3.0,5.0,8.345505600899736
9.0,15.0,5.738210607425085
13.0,19.0,2.6820431964775913
1.0,2.0,0.40762483708240904
17.0,23.0,1.5016027397886218
17.0,27.0,1.675441806835149
9.0,18.0,0.9432449102836383
12.0,17.0,1.1869001774112582
3.0,7.0,0.5613266214022563
16.0,20.0,1.351811918586473
36.0,51.0,3.1874057161689437
4.0,5.0,8.345505600899736
13.0,15.0,5.738210607425085
13.0,19.0,2.6820431964775913
2.0,2.0,0.40762483708240904
15.0,23.0,1.5016027397886218
17.0,27.0,1.675441806835149
12.0,18.0,0.9432449102836383
9.0,17.0,1.1869001774112582
4.0,7.0,0.5613266214022563
15.0,20.0,1.351811918586473
38.0,51.0,3.1874057161689437
5.0,5.0,8.345505600899736
12.0,15.0,5.738210607425085
15.0,19.0,2.6820431964775913
1.0,2.0,0.40762483708240904
17.0,23.0,1.5016027397886218
22.0,27.0,1.675441806835149
15.0,18.0,0.9432449102836383
14.0,17.0,1.1869001774112582
4.0,7.0,0.5613266214022563
17.0,20.0,1.351811918586473
45.0,51.0,3.1874057161689437
5.0,5.0,8.345505600899736
15.0,15.0,5.738210607425085
17.0,19.0,2.6820431964775913
2.0,2.0,0.40762483708240904
23.0,23.0,1.5016027397886218
26.0,27.0,1.675441806835149
15.0,18.0,0.9432449102836383
16.0,17.0,1.1869001774112582
7.0,7.0,0.5613266214022563
18.0,20.0,1.351811918586473
47.0,51.0,3.1874057161689437
1.0,5.0,7.110431994821442
1.0,6.0,4.178009072404681
0.0,2.0,0.22986095080667704
4.0,19.0,5.138229176380673
2.0,31.0,2.775582631587352
2.0,10.0,0.6561559858029375
2.0,21.0,0.9109292400573527
2.0,27.0,1.5249233950454475
6.0,34.0,1.5558023401684584
2.0,16.0,0.5692822008300792
3.0,29.0,1.3497479438612159
1.0,5.0,7.110431994821442
0.0,6.0,4.178009072404681
0.0,2.0,0.22986095080667704
4.0,19.0,5.138229176380673
2.0,31.0,2.775582631587352
1.0,10.0,0.6561559858029375
6.0,21.0,0.9109292400573527
9.0,27.0,1.5249233950454475
6.0,34.0,1.5558023401684584
5.0,16.0,0.5692822008300792
3.0,29.0,1.3497479438612159
3.0,5.0,7.110431994821442
1.0,6.0,4.178009072404681
0.0,2.0,0.22986095080667704
5.0,19.0,5.138229176380673
11.0,31.0,2.775582631587352
2.0,10.0,0.6561559858029375
6.0,21.0,0.9109292400573527
7.0,27.0,1.5249233950454475
17.0,34.0,1.5558023401684584
6.0,16.0,0.5692822008300792
7.0,29.0,1.3497479438612159
2.0,5.0,7.110431994821442
3.0,6.0,4.178009072404681
1.0,2.0,0.22986095080667704
10.0,19.0,5.138229176380673
12.0,31.0,2.775582631587352
7.0,10.0,0.6561559858029375
6.0,21.0,0.9109292400573527
9.0,27.0,1.5249233950454475
14.0,34.0,1.5558023401684584
7.0,16.0,0.5692822008300792
19.0,29.0,1.3497479438612159
3.0,5.0,7.110431994821442
3.0,6.0,4.178009072404681
1.0,2.0,0.22986095080667704
11.0,19.0,5.138229176380673
13.0,31.0,2.775582631587352
4.0,10.0,0.6561559858029375
12.0,21.0,0.9109292400573527
14.0,27.0,1.5249233950454475
22.0,34.0,1.5558023401684584
6.0,16.0,0.5692822008300792
17.0,29.0,1.3497479438612159
4.0,5.0,7.110431994821442
1.0,6.0,4.178009072404681
1.0,2.0,0.22986095080667704
12.0,19.0,5.138229176380673
17.0,31.0,2.775582631587352
8.0,10.0,0.6561559858029375
11.0,21.0,0.9109292400573527
18.0,27.0,1.5249233950454475
23.0,34.0,1.5558023401684584
10.0,16.0,0.5692822008300792
20.0,29.0,1.3497479438612159
3.0,5.0,7.110431994821442
4.0,6.0,4.178009072404681
1.0,2.0,0.22986095080667704
12.0,19.0,5.138229176380673
21.0,31.0,2.775582631587352
6.0,10.0,0.6561559858029375
15.0,21.0,0.9109292400573527
19.0,27.0,1.5249233950454475
20.0,34.0,1.5558023401684584
11.0,16.0,0.5692822008300792
18.0,29.0,1.3497479438612159
4.0,5.0,7.110431994821442
6.0,6.0,4.178009072404681
1.0,2.0,0.22986095080667704
14.0,19.0,5.138229176380673
27.0,31.0,2.775582631587352
7.0,10.0,0.6561559858029375
20.0,21.0,0.9109292400573527
25.0,27.0,1.5249233950454475
24.0,34.0,1.5558023401684584
13.0,16.0,0.5692822008300792
24.0,29.0,1.3497479438612159
4.0,5.0,7.110431994821442
6.0,6.0,4.178009072404681
2.0,2.0,0.22986095080667704
17.0,19.0,5.138229176380673
26.0,31.0,2.775582631587352
10.0,10.0,0.6561559858029375
17.0,21.0,0.9109292400573527
24.0,27.0,1.5249233950454475
33.0,34.0,1.5558023401684584
14.0,16.0,0.5692822008300792
25.0,29.0,1.3497479438612159
1.0,2.0,0.3898641090452792
1.0,5.0,2.8207129810062885
0.0,5.0,2.4567824358896897
0.0,6.0,0.9748547698408572
0.0,7.0,2.1392611890662483
2.0,19.0,1.949967181488903
3.0,11.0,2.26438779611368
5.0,33.0,2.046203206389763
1.0,18.0,0.5407537308468087
3.0,42.0,1.4959973705176772
3.0,37.0,1.437416450410453
1.0,2.0,0.3898641090452792
1.0,5.0,2.8207129810062885
1.0,5.0,2.4567824358896897
2.0,6.0,0.9748547698408572
4.0,7.0,2.1392611890662483
7.0,19.0,1.949967181488903
1.0,11.0,2.26438779611368
3.0,33.0,2.046203206389763
5.0,18.0,0.5407537308468087
11.0,42.0,1.4959973705176772
7.0,37.0,1.437416450410453
1.0,2.0,0.3898641090452792
2.0,5.0,2.8207129810062885
3.0,5.0,2.4567824358896897
2.0,6.0,0.9748547698408572
1.0,7.0,2.1392611890662483
6.0,19.0,1.949967181488903
3.0,11.0,2.26438779611368
4.0,33.0,2.046203206389763
8.0,18.0,0.5407537308468087
14.0,42.0,1.4959973705176772
10.0,37.0,1.437416450410453
1.0,2.0,0.3898641090452792
3.0,5.0,2.8207129810062885
1.0,5.0,2.4567824358896897
2.0,6.0,0.9748547698408572
2.0,7.0,2.1392611890662483
8.0,19.0,1.949967181488903
4.0,11.0,2.26438779611368
17.0,33.0,2.046203206389763
10.0,18.0,0.5407537308468087
18.0,42.0,1.4959973705176772
11.0,37.0,1.437416450410453
1.0,2.0,0.3898641090452792
2.0,5.0,2.8207129810062885
2.0,5.0,2.4567824358896897
1.0,6.0,0.9748547698408572
1.0,7.0,2.1392611890662483
9.0,19.0,1.949967181488903
6.0,11.0,2.26438779611368
17.0,33.0,2.046203206389763
11.0,18.0,0.5407537308468087
23.0,42.0,1.4959973705176772
9.0,37.0,1.437416450410453
1.0,2.0,0.3898641090452792
2.0,5.0,2.8207129810062885
2.0,5.0,2.4567824358896897
3.0,6.0,0.9748547698408572
5.0,7.0,2.1392611890662483
13.0,19.0,1.949967181488903
6.0,11.0,2.26438779611368
20.0,33.0,2.046203206389763
14.0,18.0,0.5407537308468087
26.0,42.0,1.4959973705176772
22.0,37.0,1.437416450410453
1.0,2.0,0.3898641090452792
4.0,5.0,2.8207129810062885
5.0,5.0,2.4567824358896897
3.0,6.0,0.9748547698408572
4.0,7.0,2.1392611890662483
14.0,19.0,1.949967181488903
7.0,11.0,2.26438779611368
25.0,33.0,2.046203206389763
10.0,18.0,0.5407537308468087
30.0,42.0,1.4959973705176772
17.0,37.0,1.437416450410453
2.0,2.0,0.3898641090452792
2.0,5.0,2.8207129810062885
5.0,5.0,2.4567824358896897
5.0,6.0,0.9748547698408572
3.0,7.0,2.1392611890662483
14.0,19.0,1.949967181488903
9.0,11.0,2.26438779611368
26.0,33.0,2.046203206389763
10.0,18.0,0.5407537308468087
34.0,42.0,1.4959973705176772
29.0,37.0,1.437416450410453
2.0,2.0,0.3898641090452792
5.0,5.0,2.8207129810062885
4.0,5.0,2.4567824358896897
6.0,6.0,0.9748547698408572
7.0,7.0,2.1392611890662483
17.0,19.0,1.949967181488903
10.0,11.0,2.26438779611368
32.0,33.0,2.046203206389763
13.0,18.0,0.5407537308468087
35.0,42.0,1.4959973705176772
34.0,37.0,1.437416450410453
2.0,7.0,11.970084102730505
1.0,5.0,1.1153532451604076
1.0,16.0,3.467583319222856
0.0,1.0,0.031436682525167035
3.0,23.0,3.2158662559598885
2.0,67.0,3.860416429269452
2.0,23.0,0.685529970345955
2.0,22.0,0.493527861843182
1.0,17.0,0.7073122713733853
0.0,5.0,0.2677942879658626
0.0,32.0,1.6368679911388493
3.0,7.0,11.970084102730505
1.0,5.0,1.1153532451604076
2.0,16.0,3.467583319222856
1.0,1.0,0.031436682525167035
3.0,23.0,3.2158662559598885
18.0,67.0,3.860416429269452
5.0,23.0,0.685529970345955
3.0,22.0,0.493527861843182
2.0,17.0,0.7073122713733853
2.0,5.0,0.2677942879658626
8.0,32.0,1.6368679911388493
2.0,7.0,11.970084102730505
2.0,5.0,1.1153532451604076
4.0,16.0,3.467583319222856
1.0,1.0,0.031436682525167035
6.0,23.0,3.2158662559598885
18.0,67.0,3.860416429269452
4.0,23.0,0.685529970345955
8.0,22.0,0.493527861843182
8.0,17.0,0.7073122713733853
2.0,5.0,0.2677942879658626
6.0,32.0,1.6368679911388493
3.0,7.0,11.970084102730505
1.0,5.0,1.1153532451604076
7.0,16.0,3.467583319222856
0.0,1.0,0.031436682525167035
9.0,23.0,3.2158662559598885
21.0,67.0,3.860416429269452
6.0,23.0,0.685529970345955
11.0,22.0,0.493527861843182
4.0,17.0,0.7073122713733853
2.0,5.0,0.2677942879658626
11.0,32.0,1.6368679911388493
1.0,7.0,11.970084102730505
4.0,5.0,1.1153532451604076
11.0,16.0,3.467583319222856
1.0,1.0,0.031436682525167035
10.0,23.0,3.2158662559598885
28.0,67.0,3.860416429269452
15.0,23.0,0.685529970345955
12.0,22.0,0.493527861843182
9.0,17.0,0.7073122713733853
3.0,5.0,0.2677942879658626
15.0,32.0,1.6368679911388493
4.0,7.0,11.970084102730505
2.0,5.0,1.1153532451604076
9.0,16.0,3.467583319222856
1.0,1.0,0.031436682525167035
13.0,23.0,3.2158662559598885
43.0,67.0,3.860416429269452
15.0,23.0,0.685529970345955
7.0,22.0,0.493527861843182
11.0,17.0,0.7073122713733853
5.0,5.0,0.2677942879658626
18.0,32.0,1.6368679911388493
5.0,7.0,11.970084102730505
3.0,5.0,1.1153532451604076
12.0,16.0,3.467583319222856
1.0,1.0,0.031436682525167035
13.0,23.0,3.2158662559598885
50.0,67.0,3.860416429269452
15.0,23.0,0.685529970345955
13.0,22.0,0.493527861843182
13.0,17.0,0.7073122713733853
5.0,5.0,0.2677942879658626
26.0,32.0,1.6368679911388493
6.0,7.0,11.970084102730505
4.0,5.0,1.1153532451604076
11.0,16.0,3.467583319222856
1.0,1.0,0.031436682525167035
17.0,23.0,3.2158662559598885
53.0,67.0,3.860416429269452
17.0,23.0,0.685529970345955
17.0,22.0,0.493527861843182
12.0,17.0,0.7073122713733853
4.0,5.0,0.2677942879658626
25.0,32.0,1.6368679911388493
6.0,7.0,11.970084102730505
5.0,5.0,1.1153532451604076
15.0,16.0,3.467583319222856
1.0,1.0,0.031436682525167035
22.0,23.0,3.2158662559598885
57.0,67.0,3.860416429269452
21.0,23.0,0.685529970345955
21.0,22.0,0.493527861843182
16.0,17.0,0.7073122713733853
5.0,5.0,0.2677942879658626
28.0,32.0,1.6368679911388493
1.0,4.0,9.380501032169814
0.0,16.0,8.770871932761509
1.0,36.0,4.801230712232655
2.0,10.0,0.8950126400483703
1.0,17.0,1.1505396569662585
1.0,2.0,0.15491483733127845
2.0,20.0,1.30344643492981
4.0,17.0,1.2240366475503663
4.0,30.0,2.2796325889480937
2.0,29.0,1.329032493155331
2.0,32.0,1.4529309038747373
1.0,4.0,9.380501032169814
1.0,16.0,8.770871932761509
6.0,36.0,4.801230712232655
2.0,10.0,0.8950126400483703
2.0,17.0,1.1505396569662585
0.0,2.0,0.15491483733127845
4.0,20.0,1.30344643492981
5.0,17.0,1.2240366475503663
7.0,30.0,2.2796325889480937
6.0,29.0,1.329032493155331
6.0,32.0,1.4529309038747373
1.0,4.0,9.380501032169814
3.0,16.0,8.770871932761509
9.0,36.0,4.801230712232655
5.0,10.0,0.8950126400483703
2.0,17.0,1.1505396569662585
2.0,2.0,0.15491483733127845
7.0,20.0,1.30344643492981
4.0,17.0,1.2240366475503663
10.0,30.0,2.2796325889480937
7.0,29.0,1.329032493155331
13.0,32.0,1.4529309038747373
2.0,4.0,9.380501032169814
6.0,16.0,8.770871932761509
16.0,36.0,4.801230712232655
5.0,10.0,0.8950126400483703
8.0,17.0,1.1505396569662585
1.0,2.0,0.15491483733127845
6.0,20.0,1.30344643492981
6.0,17.0,1.2240366475503663
13.0,30.0,2.2796325889480937
10.0,29.0,1.329032493155331
14.0,32.0,1.4529309038747373
3.0,4.0,9.380501032169814
10.0,16.0,8.770871932761509
22.0,36.0,4.801230712232655
5.0,10.0,0.8950126400483703
7.0,17.0,1.1505396569662585
1.0,2.0,0.15491483733127845
13.0,20.0,1.30344643492981
7.0,17.0,1.2240366475503663
19.0,30.0,2.2796325889480937
16.0,29.0,1.329032493155331
17.0,32.0,1.4529309038747373
3.0,4.0,9.380501032169814
10.0,16.0,8.770871932761509
21.0,36.0,4.801230712232655
5.0,10.0,0.8950126400483703
9.0,17.0,1.1505396569662585
1.0,2.0,0.15491483733127845
12.0,20.0,1.30344643492981
12.0,17.0,1.2240366475503663
18.0,30.0,2.2796325889480937
21.0,29.0,1.329032493155331
20.0,32.0,1.4529309038747373
3.0,4.0,9.380501032169814
11.0,16.0,8.770871932761509
22.0,36.0,4.801230712232655
8.0,10.0,0.8950126400483703
14.0,17.0,1.1505396569662585
1.0,2.0,0.15491483733127845
15.0,20.0,1.30344643492981
13.0,17.0,1.2240366475503663
22.0,30.0,2.2796325889480937
16.0,29.0,1.329032493155331
24.0,32.0,1.4529309038747373
3.0,4.0,9.380501032169814
15.0,16.0,8.770871932761509
30.0,36.0,4.801230712232655
9.0,10.0,0.8950126400483703
12.0,17.0,1.1505396569662585
2.0,2.0,0.15491483733127845
15.0,20.0,1.30344643492981
14.0,17.0,1.2240366475503663
20.0,30.0,2.2796325889480937
24.0,29.0,1.329032493155331
25.0,32.0,1.4529309038747373
4.0,4.0,9.380501032169814
15.0,16.0,8.770871932761509
34.0,36.0,4.801230712232655
9.0,10.0,0.8950126400483703
16.0,17.0,1.1505396569662585
2.0,2.0,0.15491483733127845
15.0,20.0,1.30344643492981
16.0,17.0,1.2240366475503663
24.0,30.0,2.2796325889480937
27.0,29.0,1.329032493155331
31.0,32.0,1.4529309038747373
